{"frames":221,"data":[{"currentFrameRate":114.666,"devices":[],"gestures":[{"center":[116.74,237.385,-96.1806],"duration":8664,"handIds":[25],"id":3,"normal":[-0.218734,-0.520875,0.825133],"pointableIds":[251],"progress":0.828879,"radius":9.89116,"state":"update","type":"circle"},{"center":[126.014,201.36,-116.563],"duration":0,"handIds":[25],"id":4,"normal":[-0.203262,-0.410739,0.888807],"pointableIds":[253],"progress":0.82727,"radius":12.7429,"state":"start","type":"circle"},{"center":[131.288,170.467,-105.645],"duration":0,"handIds":[25],"id":5,"normal":[-0.183646,-0.346003,0.920085],"pointableIds":[254],"progress":0.8076,"radius":10.8441,"state":"start","type":"circle"}],"hands":[{"armBasis":[[0.455309,-0.712397,-0.534026],[0.880559,0.271682,0.388335],[-0.131564,-0.647054,0.751007]],"armWidth":60.7488,"confidence":1,"direction":[0.236554,0.584227,-0.776351],"elbow":[66.2243,-31.1401,217.306],"grabAngle":0.054795,"grabStrength":0,"id":25,"palmNormal":[-0.86692,-0.233895,-0.440163],"palmPosition":[108.085,176.811,-23.2478],"palmVelocity":[11.7633,20.7788,-9.30826],"palmWidth":84.2865,"pinchDistance":63.1512,"pinchStrength":0,"r":[[0.561761,-0.654763,0.505678],[0.8272,0.454031,-0.331052],[-0.0128331,0.604269,0.796677]],"s":1.22215,"sphereCenter":[203.903,193.655,-42.4981],"sphereRadius":100.681,"stabilizedPalmPosition":[107.817,174.969,-23.8843],"t":[70.5227,-48.5893,-157.74],"timeVisible":0.832618,"type":"right","wrist":[99.1295,130.694,29.4724]}],"id":25849,"interactionBox":{"center":[0,200,0],"size":[235.247,235.247,147.751]},"pointables":[{"bases":[[[0.998103,0.0104778,0.0606612],[-0.0577151,0.502048,0.862912],[-0.0214135,-0.864776,0.501701]],[[0.998317,0.0240805,0.0527613],[-0.0573343,0.272656,0.960402],[0.00874126,-0.96181,0.273578]],[[0.998317,0.0240805,0.0527613],[-0.0565468,0.606295,0.793227],[-0.0128877,-0.794875,0.606637]],[[0.998317,0.0240805,0.0527613],[-0.051279,0.791487,0.609031],[-0.0270941,-0.610711,0.79139]]],"btipPosition":[82.375,241.192,-23.8917],"carpPosition":[81.8105,159.367,24.1336],"dipPosition":[81.8028,228.295,-7.17969],"direction":[0.0128877,0.794875,-0.606637],"extended":true,"handId":25,"id":250,"length":47.025,"mcpPosition":[81.8105,159.367,24.1336],"pipPosition":[81.4063,203.841,11.4833],"stabilizedTipPosition":[82.0629,235.796,-21.831],"timeVisible":0.832618,"tipPosition":[75.3548,236.766,-21.5892],"tipVelocity":[-12.9395,27.5822,1.15818],"tool":false,"touchDistance":0.333333,"touchZone":"hovering","type":0,"width":19.5462},{"bases":[[[0.472229,-0.668031,-0.575096],[0.880993,0.336097,0.333001],[-0.0291664,-0.663908,0.747245]],[[0.454055,-0.798432,-0.3954],[0.858075,0.272389,0.435329],[-0.239878,-0.536946,0.808794]],[[0.454055,-0.798432,-0.3954],[0.858075,0.272389,0.435329],[-0.239878,-0.536946,0.808794]],[[0.454055,-0.798432,-0.3954],[0.873984,0.312882,0.371829],[-0.173167,-0.514404,0.839882]]],"btipPosition":[122.323,249.289,-91.8244],"carpPosition":[103.136,163.588,21.0402],"dipPosition":[119.654,241.358,-78.8764],"direction":[0.239878,0.536946,-0.808794],"extended":true,"handId":25,"id":251,"length":53.0625,"mcpPosition":[105.123,208.833,-29.8842],"pipPosition":[114.422,229.648,-61.2373],"stabilizedTipPosition":[121.801,246.707,-89.0188],"timeVisible":0.832618,"tipPosition":[119.281,246.778,-89.3558],"tipVelocity":[-8.69114,25.0405,-10.4563],"tool":false,"touchDistance":0.333333,"touchZone":"hovering","type":1,"width":18.6705},{"bases":[[[0.306794,-0.799028,-0.517138],[0.947292,0.203663,0.247305],[-0.0922815,-0.565752,0.819395]],[[0.29179,-0.867192,-0.403532],[0.930215,0.15909,0.330743],[-0.22262,-0.471878,0.853095]],[[0.29179,-0.867192,-0.403532],[0.944925,0.195965,0.262135],[-0.148243,-0.457795,0.876611]],[[0.29179,-0.867192,-0.403532],[0.952581,0.225402,0.204412],[-0.0863076,-0.444042,0.89184]]],"btipPosition":[130.782,233.304,-113.004],"carpPosition":[109.869,156.943,14.6685],"dipPosition":[129.319,225.775,-97.8822],"direction":[0.148243,0.457795,-0.876611],"extended":true,"handId":25,"id":252,"length":60.4604,"mcpPosition":[115.833,193.506,-38.2873],"pipPosition":[125.515,214.029,-75.3898],"stabilizedTipPosition":[130.492,231.026,-109.512],"timeVisible":0.832618,"tipPosition":[126.469,231.385,-108.794],"tipVelocity":[1.4373,19.8032,-14.3191],"tool":false,"touchDistance":0.333333,"touchZone":"hovering","type":2,"width":18.3369},{"bases":[[[0.21758,-0.886638,-0.408083],[0.963366,0.127917,0.23572],[-0.156798,-0.444421,0.881989]],[[0.215069,-0.893566,-0.394062],[0.958194,0.115108,0.261943],[-0.188704,-0.433923,0.880966]],[[0.215069,-0.893566,-0.394062],[0.970087,0.148952,0.19169],[-0.112591,-0.423501,0.898872]],[[0.215069,-0.893566,-0.394062],[0.974075,0.167287,0.152289],[-0.0701587,-0.416599,0.906379]]],"btipPosition":[134.906,209.384,-116.046],"carpPosition":[114.203,148.494,8.39593],"dipPosition":[133.723,202.361,-100.765],"direction":[0.112591,0.423501,-0.898872],"extended":true,"handId":25,"id":253,"length":58.1343,"mcpPosition":[123.302,174.282,-42.7816],"pipPosition":[130.909,191.775,-78.2975],"stabilizedTipPosition":[134.695,207.417,-112.394],"timeVisible":0.832618,"tipPosition":[130.043,206.195,-112.335],"tipVelocity":[1.93957,12.273,-18.6775],"tool":false,"touchDistance":0.333333,"touchZone":"hovering","type":3,"width":17.4487},{"bases":[[[0.0357831,-0.940982,-0.33656],[0.967817,-0.0513146,0.246368],[-0.249098,-0.334544,0.908862]],[[0.0469628,-0.924964,-0.377141],[0.963552,-0.0575979,0.261247],[-0.263367,-0.375664,0.888546]],[[0.0469628,-0.924964,-0.377141],[0.984211,-0.0216564,0.175671],[-0.170657,-0.379436,0.909343]],[[0.0469628,-0.924964,-0.377141],[0.990924,-0.00446861,0.134352],[-0.125956,-0.380028,0.916359]]],"btipPosition":[139.272,179.615,-105.402],"carpPosition":[112.518,137.054,2.06458],"dipPosition":[137.313,173.705,-91.1505],"direction":[0.170657,0.379436,-0.909343],"extended":true,"handId":25,"id":254,"length":45.5762,"mcpPosition":[125.898,155.023,-46.7534],"pipPosition":[134.301,167.009,-75.1023],"stabilizedTipPosition":[138.914,177.875,-101.94],"timeVisible":0.832618,"tipPosition":[134.434,175.905,-102.287],"tipVelocity":[-0.853698,7.63509,-21.2918],"tool":false,"touchDistance":0.333333,"touchZone":"hovering","type":4,"width":15.4993}],"r":[[0.561761,-0.654763,0.505678],[0.8272,0.454031,-0.331052],[-0.0128331,0.604269,0.796677]],"s":1.22215,"t":[70.5227,-48.5893,-157.74],"timestamp":228411039998},{"currentFrameRate":114.769,"devices":[],"gestures":[{"center":[116.74,237.385,-96.1806],"duration":8664,"handIds":[25],"id":3,"normal":[-0.218734,-0.520875,0.825133],"pointableIds":[251],"progress":0.828879,"radius":9.89116,"state":"update","type":"circle"},{"center":[126.014,201.36,-116.563],"duration":0,"handIds":[25],"id":4,"normal":[-0.203262,-0.410739,0.888807],"pointableIds":[253],"progress":0.82727,"radius":12.7429,"state":"start","type":"circle"},{"center":[131.288,170.467,-105.645],"duration":0,"handIds":[25],"id":5,"normal":[-0.183646,-0.346003,0.920085],"pointableIds":[254],"progress":0.8076,"radius":10.8441,"state":"start","type":"circle"}],"hands":[{"armBasis":[[0.454099,-0.715654,-0.530691],[0.880815,0.27101,0.388226],[-0.134013,-0.643734,0.753424]],"armWidth":60.7488,"confidence":1,"direction":[0.235361,0.584295,-0.776663],"elbow":[65.6506,-30.306,217.916],"grabAngle":0.0537976,"grabStrength":0,"id":25,"palmNormal":[-0.867505,-0.234016,-0.438943],"palmPosition":[108.078,176.783,-23.2728],"palmVelocity":[-0.889834,-3.35378,-2.92374],"palmWidth":84.2865,"pinchDistance":63.2031,"pinchStrength":0,"r":[[0.562756,-0.655131,0.504092],[0.826542,0.454509,-0.33204],[-0.011585,0.60351,0.797271]],"s":1.22336,"sphereCenter":[207.279,194.328,-41.6106],"sphereRadius":103.708,"stabilizedPalmPosition":[107.847,175.179,-23.8134],"t":[70.5564,-48.5007,-157.77],"timeVisible":0.841157,"type":"right","wrist":[99.1683,130.697,29.4785]}],"id":25850,"interactionBox":{"center":[0,200,0],"size":[235.247,235.247,147.751]},"pointables":[{"bases":[[[0.998187,0.0106344,0.0592473],[-0.0565722,0.502006,0.863012],[-0.0205648,-0.864799,0.501697]],[[0.998392,0.0253009,0.0507294],[-0.0557344,0.274595,0.959943],[0.0103574,-0.961227,0.275564]],[[0.998392,0.0253009,0.0507294],[-0.0557177,0.602876,0.795887],[-0.0104469,-0.797433,0.603317]],[[0.998392,0.0253009,0.0507294],[-0.051084,0.789509,0.61161],[-0.024577,-0.613218,0.789532]]],"btipPosition":[82.2344,241.262,-23.8306],"carpPosition":[81.8729,159.332,24.1451],"dipPosition":[81.7154,228.312,-7.15784],"direction":[0.0104469,0.797433,-0.603317],"extended":true,"handId":25,"id":250,"length":47.025,"mcpPosition":[81.8729,159.332,24.1451],"pipPosition":[81.394,203.779,11.403],"stabilizedTipPosition":[82.0716,236.21,-21.5249],"timeVisible":0.841157,"tipPosition":[75.4078,236.748,-21.5497],"tipVelocity":[-15.0374,6.7737,6.09692],"tool":false,"touchDistance":0.333333,"touchZone":"hovering","type":0,"width":19.5462},{"bases":[[[0.47152,-0.667933,-0.57579],[0.881411,0.336225,0.331765],[-0.0280018,-0.663941,0.74726]],[[0.453667,-0.798171,-0.396371],[0.858254,0.271547,0.435503],[-0.239972,-0.53776,0.808225]],[[0.453667,-0.798171,-0.396371],[0.858254,0.271547,0.435503],[-0.239972,-0.53776,0.808225]],[[0.453667,-0.798171,-0.396371],[0.874401,0.312796,0.370921],[-0.172075,-0.514861,0.839826]]],"btipPosition":[122.29,249.316,-91.8086],"carpPosition":[103.193,163.557,21.0217],"dipPosition":[119.637,241.379,-78.8614],"direction":[0.239972,0.53776,-0.808225],"extended":true,"handId":25,"id":251,"length":53.0625,"mcpPosition":[105.101,208.804,-29.9037],"pipPosition":[114.404,229.651,-61.2348],"stabilizedTipPosition":[121.767,246.928,-88.9658],"timeVisible":0.841157,"tipPosition":[119.187,246.759,-89.3897],"tipVelocity":[-3.43695,3.02957,1.82744],"tool":false,"touchDistance":0.333333,"touchZone":"hovering","type":1,"width":18.6705},{"bases":[[[0.306188,-0.798959,-0.517604],[0.947609,0.203804,0.24597],[-0.0910302,-0.565799,0.819503]],[[0.291298,-0.867329,-0.403591],[0.930357,0.15865,0.330555],[-0.22267,-0.471773,0.85314]],[[0.291298,-0.867329,-0.403591],[0.944889,0.194962,0.263009],[-0.14943,-0.457963,0.876322]],[[0.291298,-0.867329,-0.403591],[0.952586,0.224225,0.205676],[-0.0878939,-0.444368,0.891522]]],"btipPosition":[130.81,233.283,-113.029],"carpPosition":[109.918,156.913,14.6402],"dipPosition":[129.32,225.748,-97.912],"direction":[0.14943,0.457963,-0.876322],"extended":true,"handId":25,"id":252,"length":60.4604,"mcpPosition":[115.801,193.479,-38.3226],"pipPosition":[125.486,213.997,-75.427],"stabilizedTipPosition":[130.486,231.156,-109.522],"timeVisible":0.841157,"tipPosition":[126.375,231.365,-108.851],"tipVelocity":[2.55302,-2.67394,-3.00595],"tool":false,"touchDistance":0.333333,"touchZone":"hovering","type":2,"width":18.3369},{"bases":[[[0.217143,-0.886588,-0.408425],[0.963678,0.128061,0.23436],[-0.155477,-0.44448,0.882193]],[[0.21444,-0.894092,-0.393212],[0.958251,0.114627,0.261946],[-0.189131,-0.432967,0.881345]],[[0.21444,-0.894092,-0.393212],[0.970142,0.148267,0.19194],[-0.113312,-0.422631,0.89919]],[[0.21444,-0.894092,-0.393212],[0.974246,0.167058,0.151451],[-0.0697215,-0.415562,0.906889]]],"btipPosition":[134.899,209.281,-116.124],"carpPosition":[114.245,148.465,8.36116],"dipPosition":[133.724,202.275,-100.835],"direction":[0.113312,0.422631,-0.89919],"extended":true,"handId":25,"id":253,"length":58.1343,"mcpPosition":[123.267,174.256,-42.8282],"pipPosition":[130.891,191.711,-78.3594],"stabilizedTipPosition":[134.679,207.478,-112.446],"timeVisible":0.841157,"tipPosition":[129.953,206.189,-112.392],"tipVelocity":[-0.624507,-11.6162,-8.9532],"tool":false,"touchDistance":0.333333,"touchZone":"hovering","type":3,"width":17.4487},{"bases":[[[0.035456,-0.940963,-0.336647],[0.968173,-0.05117,0.244994],[-0.247757,-0.334619,0.909201]],[[0.0459792,-0.925853,-0.375077],[0.963801,-0.0575982,0.260326],[-0.262628,-0.373469,0.88969]],[[0.0459792,-0.925853,-0.375077],[0.984256,-0.0221582,0.175352],[-0.170661,-0.377234,0.910258]],[[0.0459792,-0.925853,-0.375077],[0.991124,-0.00460327,0.132861],[-0.124736,-0.377856,0.917423]]],"btipPosition":[139.192,179.448,-105.523],"carpPosition":[112.553,137.025,2.03176],"dipPosition":[137.252,173.571,-91.2541],"direction":[0.170661,0.377234,-0.910258],"extended":true,"handId":25,"id":254,"length":45.5762,"mcpPosition":[125.861,154.998,-46.8044],"pipPosition":[134.24,166.914,-75.1898],"stabilizedTipPosition":[138.88,177.92,-102],"timeVisible":0.841157,"tipPosition":[134.359,175.906,-102.348],"tipVelocity":[-8.85026,-18.712,-13.6315],"tool":false,"touchDistance":0.333333,"touchZone":"hovering","type":4,"width":15.4993}],"r":[[0.562756,-0.655131,0.504092],[0.826542,0.454509,-0.33204],[-0.011585,0.60351,0.797271]],"s":1.22336,"t":[70.5564,-48.5007,-157.77],"timestamp":228411048537},{"currentFrameRate":114.795,"devices":[],"gestures":[{"center":[116.74,237.385,-96.1806],"duration":8664,"handIds":[25],"id":3,"normal":[-0.218734,-0.520875,0.825133],"pointableIds":[251],"progress":0.828879,"radius":9.89116,"state":"update","type":"circle"},{"center":[126.014,201.36,-116.563],"duration":0,"handIds":[25],"id":4,"normal":[-0.203262,-0.410739,0.888807],"pointableIds":[253],"progress":0.82727,"radius":12.7429,"state":"start","type":"circle"},{"center":[131.288,170.467,-105.645],"duration":0,"handIds":[25],"id":5,"normal":[-0.183646,-0.346003,0.920085],"pointableIds":[254],"progress":0.8076,"radius":10.8441,"state":"start","type":"circle"}],"hands":[{"armBasis":[[0.452602,-0.718125,-0.528628],[0.88125,0.269672,0.38817],[-0.136199,-0.64154,0.754902]],"armWidth":60.7488,"confidence":1,"direction":[0.235028,0.584039,-0.776956],"elbow":[65.1659,-29.656,218.273],"grabAngle":0.0528414,"grabStrength":0,"id":25,"palmNormal":[-0.868163,-0.233326,-0.43801],"palmPosition":[108.146,176.851,-23.3101],"palmVelocity":[7.95175,7.88074,-4.30992],"palmWidth":84.2865,"pinchDistance":63.2276,"pinchStrength":0,"r":[[0.563548,-0.65551,0.502713],[0.826019,0.45475,-0.33301],[-0.0103169,0.602917,0.797737]],"s":1.22469,"sphereCenter":[210.407,194.93,-40.8085],"sphereRadius":106.454,"stabilizedPalmPosition":[107.881,175.371,-23.7558],"t":[70.6077,-48.4222,-157.804],"timeVisible":0.849823,"type":"right","wrist":[99.2303,130.798,29.4655]}],"id":25851,"interactionBox":{"center":[0,200,0],"size":[235.247,235.247,147.751]},"pointables":[{"bases":[[[0.998257,0.00980644,0.0581932],[-0.0552429,0.502119,0.863032],[-0.0207567,-0.864743,0.501786]],[[0.998469,0.02551,0.0490704],[-0.0542232,0.276894,0.959369],[0.0108862,-0.960562,0.277853]],[[0.998469,0.02551,0.0490704],[-0.0545503,0.600363,0.797865],[-0.00910649,-0.799321,0.600835]],[[0.998469,0.02551,0.0490704],[-0.0503004,0.787704,0.613997],[-0.0229899,-0.615525,0.787782]]],"btipPosition":[82.2396,241.432,-23.8315],"carpPosition":[81.9773,159.426,24.1367],"dipPosition":[81.7541,228.433,-7.19574],"direction":[0.00910649,0.799321,-0.600835],"extended":true,"handId":25,"id":250,"length":47.025,"mcpPosition":[81.9773,159.426,24.1367],"pipPosition":[81.4739,203.842,11.2888],"stabilizedTipPosition":[82.0816,236.608,-21.2543],"timeVisible":0.849823,"tipPosition":[75.5854,236.857,-21.5439],"tipVelocity":[1.49053,18.3064,-1.08992],"tool":false,"touchDistance":0.333333,"touchZone":"hovering","type":0,"width":19.5462},{"bases":[[[0.470355,-0.66837,-0.576235],[0.88204,0.335515,0.330809],[-0.027767,-0.66386,0.747341]],[[0.452616,-0.798453,-0.397003],[0.858581,0.270007,0.435815],[-0.240784,-0.538116,0.807746]],[[0.452616,-0.798453,-0.397003],[0.858581,0.270007,0.435815],[-0.240784,-0.538116,0.807746]],[[0.452616,-0.798453,-0.397003],[0.875003,0.311922,0.370236],[-0.171782,-0.514954,0.83983]]],"btipPosition":[122.423,249.409,-91.8164],"carpPosition":[103.297,163.633,20.9905],"dipPosition":[119.775,241.471,-78.8691],"direction":[0.240784,0.538116,-0.807746],"extended":true,"handId":25,"id":251,"length":53.0625,"mcpPosition":[105.19,208.874,-29.9404],"pipPosition":[114.524,229.735,-61.2529],"stabilizedTipPosition":[121.781,247.122,-88.9281],"timeVisible":0.849823,"tipPosition":[119.261,246.818,-89.4402],"tipVelocity":[15.499,10.7227,-0.893824],"tool":false,"touchDistance":0.333333,"touchZone":"hovering","type":1,"width":18.6705},{"bases":[[[0.304975,-0.799254,-0.517864],[0.948038,0.203033,0.244954],[-0.0906373,-0.56566,0.819643]],[[0.290099,-0.867775,-0.403495],[0.930571,0.157393,0.330552],[-0.223338,-0.471374,0.853186]],[[0.290099,-0.867775,-0.403495],[0.944992,0.193179,0.263956],[-0.151108,-0.457873,0.876081]],[[0.290099,-0.867775,-0.403495],[0.95277,0.222308,0.206902],[-0.0898443,-0.44446,0.891282]]],"btipPosition":[130.982,233.325,-113.067],"carpPosition":[110.011,156.983,14.6025],"dipPosition":[129.459,225.789,-97.9546],"direction":[0.151108,0.457873,-0.876081],"extended":true,"handId":25,"id":252,"length":60.4604,"mcpPosition":[115.868,193.54,-38.3694],"pipPosition":[125.582,214.041,-75.4758],"stabilizedTipPosition":[130.523,231.267,-109.54],"timeVisible":0.849823,"tipPosition":[126.44,231.413,-108.918],"tipVelocity":[18.9807,4.87324,-4.55563],"tool":false,"touchDistance":0.333333,"touchZone":"hovering","type":2,"width":18.3369},{"bases":[[[0.215972,-0.8868,-0.408585],[0.964032,0.127275,0.233333],[-0.154917,-0.444282,0.882391]],[[0.213094,-0.894799,-0.392332],[0.958348,0.113274,0.262179],[-0.190157,-0.43186,0.881667]],[[0.213094,-0.894799,-0.392332],[0.970283,0.146698,0.192431],[-0.114633,-0.42168,0.89947]],[[0.213094,-0.894799,-0.392332],[0.974526,0.165922,0.150891],[-0.0699204,-0.414492,0.907363]]],"btipPosition":[135.023,209.249,-116.205],"carpPosition":[114.324,148.531,8.31949],"dipPosition":[133.844,202.261,-100.908],"direction":[0.114633,0.42168,-0.89947],"extended":true,"handId":25,"id":253,"length":58.1343,"mcpPosition":[123.313,174.31,-42.8814],"pipPosition":[130.979,191.721,-78.4256],"stabilizedTipPosition":[134.696,207.515,-112.501],"timeVisible":0.849823,"tipPosition":[129.997,206.245,-112.457],"tipVelocity":[14.2104,-3.25372,-9.15085],"tool":false,"touchDistance":0.333333,"touchZone":"hovering","type":3,"width":17.4487},{"bases":[[[0.034316,-0.941018,-0.336611],[0.968388,-0.0519586,0.243977],[-0.247076,-0.334342,0.909488]],[[0.0442817,-0.926725,-0.373122],[0.96389,-0.0585395,0.259788],[-0.262594,-0.371153,0.890668]],[[0.0442817,-0.926725,-0.373122],[0.984183,-0.02366,0.175566],[-0.171529,-0.374995,0.911019]],[[0.0442817,-0.926725,-0.373122],[0.991221,-0.00581684,0.132084],[-0.124576,-0.375696,0.918332]]],"btipPosition":[139.229,179.353,-105.636],"carpPosition":[112.615,137.091,1.99276],"dipPosition":[137.292,173.509,-91.3532],"direction":[0.171529,0.374995,-0.911019],"extended":true,"handId":25,"id":254,"length":45.5762,"mcpPosition":[125.887,155.05,-46.8588],"pipPosition":[134.265,166.891,-75.2755],"stabilizedTipPosition":[138.863,177.935,-102.059],"timeVisible":0.849823,"tipPosition":[134.385,175.966,-102.412],"tipVelocity":[4.41228,-10.1118,-12.6875],"tool":false,"touchDistance":0.333333,"touchZone":"hovering","type":4,"width":15.4993}],"r":[[0.563548,-0.65551,0.502713],[0.826019,0.45475,-0.33301],[-0.0103169,0.602917,0.797737]],"s":1.22469,"t":[70.6077,-48.4222,-157.804],"timestamp":228411057203},{"currentFrameRate":114.796,"devices":[],"gestures":[{"center":[116.74,237.385,-96.1806],"duration":8664,"handIds":[25],"id":3,"normal":[-0.218734,-0.520875,0.825133],"pointableIds":[251],"progress":0.828879,"radius":9.89116,"state":"update","type":"circle"},{"center":[126.014,201.36,-116.563],"duration":0,"handIds":[25],"id":4,"normal":[-0.203262,-0.410739,0.888807],"pointableIds":[253],"progress":0.82727,"radius":12.7429,"state":"start","type":"circle"},{"center":[131.288,170.467,-105.645],"duration":0,"handIds":[25],"id":5,"normal":[-0.183646,-0.346003,0.920085],"pointableIds":[254],"progress":0.8076,"radius":10.8441,"state":"start","type":"circle"}],"hands":[{"armBasis":[[0.451221,-0.719883,-0.527417],[0.881749,0.26855,0.387814],[-0.137543,-0.640039,0.755931]],"armWidth":60.7488,"confidence":1,"direction":[0.234747,0.583783,-0.777233],"elbow":[64.8786,-29.2743,218.494],"grabAngle":0.0519618,"grabStrength":0,"id":25,"palmNormal":[-0.868805,-0.232608,-0.437118],"palmPosition":[108.197,176.832,-23.3664],"palmVelocity":[5.81889,-2.1946,-6.45808],"palmWidth":84.2865,"pinchDistance":63.2375,"pinchStrength":0,"r":[[0.564168,-0.655903,0.501503],[0.825611,0.454796,-0.333958],[-0.00903729,0.602455,0.798102]],"s":1.22608,"sphereCenter":[213.279,195.421,-40.0792],"sphereRadius":109.011,"stabilizedPalmPosition":[107.912,175.511,-23.7184],"t":[70.6587,-48.3926,-157.849],"timeVisible":0.858532,"type":"right","wrist":[99.2793,130.805,29.4289]}],"id":25852,"interactionBox":{"center":[0,200,0],"size":[235.247,235.247,147.751]},"pointables":[{"bases":[[[0.998323,0.00895134,0.0571858],[-0.0539404,0.502225,0.863053],[-0.0209947,-0.864691,0.501866]],[[0.998543,0.0258225,0.0473819],[-0.0527165,0.279283,0.958761],[0.0115247,-0.959862,0.280237]],[[0.998543,0.0258225,0.0473819],[-0.0534075,0.59843,0.799393],[-0.00771241,-0.800759,0.598937]],[[0.998543,0.0258225,0.0473819],[-0.0495873,0.785414,0.616981],[-0.0212824,-0.618432,0.78555]]],"btipPosition":[82.2147,241.511,-23.8649],"carpPosition":[82.0609,159.433,24.108],"dipPosition":[81.7652,228.452,-7.27627],"direction":[0.00771241,0.800759,-0.598937],"extended":true,"handId":25,"id":250,"length":47.025,"mcpPosition":[82.0609,159.433,24.108],"pipPosition":[81.528,203.817,11.1499],"stabilizedTipPosition":[82.0865,236.922,-21.0553],"timeVisible":0.858532,"tipPosition":[75.7484,236.881,-21.5575],"tipVelocity":[-1.90774,7.55064,-5.08026],"tool":false,"touchDistance":0.333333,"touchZone":"hovering","type":0,"width":19.5462},{"bases":[[[0.469198,-0.668814,-0.576663],[0.882662,0.334779,0.329896],[-0.0275845,-0.663785,0.747414]],[[0.451563,-0.798736,-0.397633],[0.858918,0.268488,0.43609],[-0.241561,-0.538456,0.807288]],[[0.451563,-0.798736,-0.397633],[0.858918,0.268488,0.43609],[-0.241561,-0.538456,0.807288]],[[0.451563,-0.798736,-0.397633],[0.875577,0.310965,0.369684],[-0.17163,-0.515093,0.839775]]],"btipPosition":[122.54,249.415,-91.8432],"carpPosition":[103.381,163.621,20.9401],"dipPosition":[119.894,241.474,-78.8968],"direction":[0.241561,0.538456,-0.807288],"extended":true,"handId":25,"id":251,"length":53.0625,"mcpPosition":[105.261,208.857,-29.9958],"pipPosition":[114.625,229.731,-61.2906],"stabilizedTipPosition":[121.826,247.261,-88.9094],"timeVisible":0.858532,"tipPosition":[119.322,246.79,-89.5084],"tipVelocity":[13.4152,0.597874,-3.10446],"tool":false,"touchDistance":0.333333,"touchZone":"hovering","type":1,"width":18.6705},{"bases":[[[0.303765,-0.799551,-0.518116],[0.948458,0.202233,0.243984],[-0.0902973,-0.565526,0.819773]],[[0.288909,-0.868178,-0.403484],[0.930786,0.156121,0.330549],[-0.223983,-0.471056,0.853193]],[[0.288909,-0.868178,-0.403484],[0.945112,0.191454,0.264782],[-0.15263,-0.457835,0.875837]],[[0.288909,-0.868178,-0.403484],[0.952964,0.220469,0.207973],[-0.0916019,-0.444591,0.891038]]],"btipPosition":[131.129,233.286,-113.122],"carpPosition":[110.082,156.964,14.5457],"dipPosition":[129.576,225.747,-98.0138],"direction":[0.15263,0.457835,-0.875837],"extended":true,"handId":25,"id":252,"length":60.4604,"mcpPosition":[115.918,193.513,-38.4346],"pipPosition":[125.66,214,-75.5413],"stabilizedTipPosition":[130.585,231.339,-109.567],"timeVisible":0.858532,"tipPosition":[126.488,231.374,-109.002],"tipVelocity":[16.0648,-4.57964,-6.43056],"tool":false,"touchDistance":0.333333,"touchZone":"hovering","type":2,"width":18.3369},{"bases":[[[0.214797,-0.887013,-0.408741],[0.964376,0.126461,0.232352],[-0.154409,-0.444089,0.882578]],[[0.211754,-0.895481,-0.391502],[0.958442,0.111912,0.262421],[-0.19118,-0.4308,0.881965]],[[0.211754,-0.895481,-0.391502],[0.970432,0.145168,0.19284],[-0.115851,-0.42076,0.899744]],[[0.211754,-0.895481,-0.391502],[0.97481,0.164816,0.150267],[-0.0700357,-0.413459,0.907825]]],"btipPosition":[135.125,209.132,-116.303],"carpPosition":[114.382,148.509,8.25896],"dipPosition":[133.945,202.162,-100.999],"direction":[0.115851,0.42076,-0.899744],"extended":true,"handId":25,"id":253,"length":58.1343,"mcpPosition":[123.342,174.277,-42.9527],"pipPosition":[131.049,191.644,-78.5089],"stabilizedTipPosition":[134.729,207.518,-112.561],"timeVisible":0.858532,"tipPosition":[130.026,206.213,-112.54],"tipVelocity":[11.6985,-12.9302,-11.0462],"tool":false,"touchDistance":0.333333,"touchZone":"hovering","type":3,"width":17.4487},{"bases":[[[0.0331667,-0.94107,-0.33658],[0.968589,-0.0527753,0.243004],[-0.246447,-0.334068,0.90976]],[[0.0425831,-0.927583,-0.371184],[0.963958,-0.0595138,0.259312],[-0.262624,-0.368848,0.891617]],[[0.0425831,-0.927583,-0.371184],[0.984107,-0.0251637,0.175783],[-0.172393,-0.37277,0.911769]],[[0.0425831,-0.927583,-0.371184],[0.991318,-0.00703165,0.131298],[-0.1244,-0.373552,0.91923]]],"btipPosition":[139.251,179.17,-105.766],"carpPosition":[112.657,137.07,1.93474],"dipPosition":[137.316,173.361,-91.4693],"direction":[0.172393,0.37277,-0.911769],"extended":true,"handId":25,"id":254,"length":45.5762,"mcpPosition":[125.895,155.014,-46.9314],"pipPosition":[134.274,166.782,-75.3783],"stabilizedTipPosition":[138.855,177.919,-102.124],"timeVisible":0.858532,"tipPosition":[134.396,175.936,-102.495],"tipVelocity":[2.55193,-20.0318,-14.5669],"tool":false,"touchDistance":0.333333,"touchZone":"hovering","type":4,"width":15.4993}],"r":[[0.564168,-0.655903,0.501503],[0.825611,0.454796,-0.333958],[-0.00903729,0.602455,0.798102]],"s":1.22608,"t":[70.6587,-48.3926,-157.849],"timestamp":228411065912},{"currentFrameRate":114.788,"devices":[],"gestures":[{"center":[116.74,237.385,-96.1806],"duration":8664,"handIds":[25],"id":3,"normal":[-0.218734,-0.520875,0.825133],"pointableIds":[251],"progress":0.828879,"radius":9.89116,"state":"update","type":"circle"},{"center":[126.014,201.36,-116.563],"duration":0,"handIds":[25],"id":4,"normal":[-0.203262,-0.410739,0.888807],"pointableIds":[253],"progress":0.82727,"radius":12.7429,"state":"start","type":"circle"},{"center":[131.288,170.467,-105.645],"duration":0,"handIds":[25],"id":5,"normal":[-0.183646,-0.346003,0.920085],"pointableIds":[254],"progress":0.8076,"radius":10.8441,"state":"start","type":"circle"}],"hands":[{"armBasis":[[0.449009,-0.721437,-0.52718],[0.882739,0.26675,0.386802],[-0.138428,-0.63904,0.756614]],"armWidth":60.7488,"confidence":1,"direction":[0.234137,0.582933,-0.778055],"elbow":[64.7119,-29.02,218.656],"grabAngle":0.0507509,"grabStrength":0,"id":25,"palmNormal":[-0.870036,-0.231494,-0.435256],"palmPosition":[108.234,176.786,-23.4202],"palmVelocity":[4.21831,-5.23623,-6.16174],"palmWidth":84.2865,"pinchDistance":63.2303,"pinchStrength":0,"r":[[0.564652,-0.656335,0.500392],[0.825295,0.454529,-0.335099],[-0.00750607,0.602186,0.798321]],"s":1.22748,"sphereCenter":[216.355,195.879,-39.3733],"sphereRadius":111.792,"stabilizedPalmPosition":[107.938,175.617,-23.6937],"t":[70.7026,-48.4006,-157.898],"timeVisible":0.867258,"type":"right","wrist":[99.3338,130.809,29.4206]}],"id":25853,"interactionBox":{"center":[0,200,0],"size":[235.247,235.247,147.751]},"pointables":[{"bases":[[[0.998448,0.00739815,0.0552061],[-0.0514345,0.502839,0.862848],[-0.0213763,-0.864348,0.502439]],[[0.998676,0.0254695,0.0446884],[-0.0500676,0.282214,0.958044],[0.0117892,-0.959013,0.283115]],[[0.998676,0.0254695,0.0446884],[-0.0510471,0.597509,0.800236],[-0.00632009,-0.801458,0.598018]],[[0.998676,0.0254695,0.0446884],[-0.047716,0.783161,0.619986],[-0.0192075,-0.621297,0.783339]]],"btipPosition":[82.2189,241.579,-23.9145],"carpPosition":[82.164,159.458,24.1166],"dipPosition":[81.8133,228.459,-7.37253],"direction":[0.00632008,0.801458,-0.598018],"extended":true,"handId":25,"id":250,"length":47.025,"mcpPosition":[82.164,159.458,24.1166],"pipPosition":[81.6189,203.802,11.0253],"stabilizedTipPosition":[82.0919,237.148,-20.9245],"timeVisible":0.867258,"tipPosition":[75.9422,236.904,-21.5705],"tipVelocity":[1.64386,6.17742,-6.91157],"tool":false,"touchDistance":0.333333,"touchZone":"hovering","type":0,"width":19.5462},{"bases":[[[0.466993,-0.669913,-0.577178],[0.883844,0.333576,0.327944],[-0.027161,-0.663282,0.747876]],[[0.44957,-0.799444,-0.398467],[0.859908,0.266611,0.435289],[-0.241754,-0.538338,0.807309]],[[0.44957,-0.799444,-0.398467],[0.859908,0.266611,0.435289],[-0.241754,-0.538338,0.807309]],[[0.44957,-0.799444,-0.398467],[0.876704,0.309461,0.36827],[-0.171101,-0.514901,0.84]]],"btipPosition":[122.618,249.36,-91.9156],"carpPosition":[103.485,163.61,20.9039],"dipPosition":[119.98,241.422,-78.9658],"direction":[0.241754,0.538338,-0.807309],"extended":true,"handId":25,"id":251,"length":53.0625,"mcpPosition":[105.336,208.812,-30.0635],"pipPosition":[114.708,229.681,-61.3591],"stabilizedTipPosition":[121.875,247.334,-88.9168],"timeVisible":0.867258,"tipPosition":[119.356,246.691,-89.6227],"tipVelocity":[9.16657,-6.24985,-8.20825],"tool":false,"touchDistance":0.333333,"touchZone":"hovering","type":1,"width":18.6705},{"bases":[[[0.301468,-0.800351,-0.518223],[0.94926,0.200874,0.241983],[-0.0895743,-0.564879,0.820298]],[[0.286727,-0.868892,-0.403502],[0.931449,0.154348,0.329515],[-0.224033,-0.470322,0.853585]],[[0.286727,-0.868892,-0.403502],[0.945625,0.189178,0.264587],[-0.153564,-0.457425,0.875888]],[[0.286727,-0.868892,-0.403502],[0.953495,0.217974,0.208169],[-0.0929234,-0.444425,0.890984]]],"btipPosition":[131.211,233.173,-113.219],"carpPosition":[110.163,156.939,14.5004],"dipPosition":[129.635,225.638,-98.1115],"direction":[0.153564,0.457425,-0.875888],"extended":true,"handId":25,"id":252,"length":60.4604,"mcpPosition":[115.952,193.446,-38.5138],"pipPosition":[125.695,213.901,-75.6376],"stabilizedTipPosition":[130.645,231.362,-109.607],"timeVisible":0.867258,"tipPosition":[126.481,231.248,-109.131],"tipVelocity":[8.811,-12.8195,-11.108],"tool":false,"touchDistance":0.333333,"touchZone":"hovering","type":2,"width":18.3369},{"bases":[[[0.212577,-0.887604,-0.408619],[0.965033,0.12507,0.230366],[-0.153368,-0.443301,0.883155]],[[0.209417,-0.89643,-0.390587],[0.958855,0.109957,0.261738],[-0.191682,-0.429329,0.882573]],[[0.209417,-0.89643,-0.390587],[0.970844,0.142963,0.192414],[-0.116646,-0.419494,0.900232]],[[0.209417,-0.89643,-0.390587],[0.975326,0.162943,0.148961],[-0.0698898,-0.412145,0.908434]]],"btipPosition":[135.157,208.937,-116.433],"carpPosition":[114.436,148.472,8.21034],"dipPosition":[133.979,201.989,-101.117],"direction":[0.116646,0.419494,-0.900232],"extended":true,"handId":25,"id":253,"length":58.1343,"mcpPosition":[123.336,174.195,-43.0348],"pipPosition":[131.063,191.503,-78.6155],"stabilizedTipPosition":[134.76,207.483,-112.629],"timeVisible":0.867258,"tipPosition":[129.976,206.089,-112.657],"tipVelocity":[3.68854,-21.754,-14.5232],"tool":false,"touchDistance":0.333333,"touchZone":"hovering","type":3,"width":17.4487},{"bases":[[[0.0310048,-0.941328,-0.336065],[0.968982,-0.0541672,0.24112],[-0.245177,-0.333117,0.910451]],[[0.0398918,-0.928604,-0.368921],[0.964188,-0.0611126,0.258084],[-0.262204,-0.366004,0.892911]],[[0.0398918,-0.928604,-0.368921],[0.984121,-0.0273957,0.175371],[-0.172957,-0.370059,0.912766]],[[0.0398918,-0.928604,-0.368921],[0.991461,-0.00908966,0.130087],[-0.124153,-0.37096,0.920312]]],"btipPosition":[139.199,178.903,-105.917],"carpPosition":[112.681,137.033,1.8966],"dipPosition":[137.268,173.134,-91.6034],"direction":[0.172957,0.370059,-0.912766],"extended":true,"handId":25,"id":254,"length":45.5762,"mcpPosition":[125.85,154.926,-47.0067],"pipPosition":[134.216,166.603,-75.4949],"stabilizedTipPosition":[138.84,177.868,-102.198],"timeVisible":0.867258,"tipPosition":[134.315,175.816,-102.6],"tipVelocity":[-5.83873,-29.553,-16.8606],"tool":false,"touchDistance":0.333333,"touchZone":"hovering","type":4,"width":15.4993}],"r":[[0.564652,-0.656335,0.500392],[0.825295,0.454529,-0.335099],[-0.00750607,0.602186,0.798321]],"s":1.22748,"t":[70.7026,-48.4006,-157.898],"timestamp":228411074638},{"currentFrameRate":114.825,"devices":[],"gestures":[{"center":[116.74,237.385,-96.1806],"duration":8664,"handIds":[25],"id":3,"normal":[-0.218734,-0.520875,0.825133],"pointableIds":[251],"progress":0.828879,"radius":9.89116,"state":"update","type":"circle"},{"center":[126.014,201.36,-116.563],"duration":0,"handIds":[25],"id":4,"normal":[-0.203262,-0.410739,0.888807],"pointableIds":[253],"progress":0.82727,"radius":12.7429,"state":"start","type":"circle"},{"center":[131.288,170.467,-105.645],"duration":0,"handIds":[25],"id":5,"normal":[-0.183646,-0.346003,0.920085],"pointableIds":[254],"progress":0.8076,"radius":10.8441,"state":"start","type":"circle"}],"hands":[{"armBasis":[[0.447719,-0.722592,-0.526696],[0.883251,0.265598,0.386427],[-0.139339,-0.638216,0.757143]],"armWidth":60.7488,"confidence":1,"direction":[0.233971,0.581886,-0.778888],"elbow":[64.5224,-28.7738,218.788],"grabAngle":0.0503981,"grabStrength":0,"id":25,"palmNormal":[-0.870742,-0.230976,-0.434119],"palmPosition":[108.278,176.764,-23.4734],"palmVelocity":[5.10818,-2.63313,-6.16245],"palmWidth":84.2865,"pinchDistance":63.2167,"pinchStrength":0,"r":[[0.564997,-0.656703,0.499519],[0.825071,0.454067,-0.336274],[-0.00598296,0.602133,0.798374]],"s":1.22887,"sphereCenter":[218.019,196.135,-39.0121],"sphereRadius":113.287,"stabilizedPalmPosition":[107.962,175.696,-23.6784],"t":[70.7467,-48.416,-157.949],"timeVisible":0.875904,"type":"right","wrist":[99.3724,130.849,29.4202]}],"id":25854,"interactionBox":{"center":[0,200,0],"size":[235.247,235.247,147.751]},"pointables":[{"bases":[[[0.998512,0.00635461,0.0541638],[-0.049986,0.503769,0.862391],[-0.0218059,-0.863815,0.503337]],[[0.99875,0.0255194,0.0429824],[-0.0484848,0.285318,0.957206],[0.0121636,-0.958093,0.286199]],[[0.99875,0.0255194,0.0429824],[-0.0497127,0.597078,0.800641],[-0.00523198,-0.801777,0.5976]],[[0.99875,0.0255194,0.0429824],[-0.0467631,0.780808,0.623019],[-0.017662,-0.62425,0.781025]]],"btipPosition":[82.2099,241.663,-24.0041],"carpPosition":[82.2385,159.512,24.1078],"dipPosition":[81.837,228.48,-7.511],"direction":[0.00523198,0.801777,-0.5976],"extended":true,"handId":25,"id":250,"length":47.025,"mcpPosition":[82.2385,159.512,24.1078],"pipPosition":[81.676,203.814,10.874],"stabilizedTipPosition":[82.0954,237.31,-20.8468],"timeVisible":0.875904,"tipPosition":[76.1074,236.933,-21.6387],"tipVelocity":[-0.169931,8.02542,-11.6628],"tool":false,"touchDistance":0.333333,"touchZone":"hovering","type":0,"width":19.5462},{"bases":[[[0.465656,-0.671011,-0.576982],[0.88455,0.332935,0.326689],[-0.0271148,-0.662494,0.748576]],[[0.448364,-0.800006,-0.398698],[0.860442,0.265483,0.434924],[-0.242094,-0.53806,0.807392]],[[0.448364,-0.800006,-0.398698],[0.860442,0.265483,0.434924],[-0.242094,-0.53806,0.807392]],[[0.448364,-0.800006,-0.398698],[0.87742,0.308783,0.367133],[-0.170598,-0.514435,0.840389]]],"btipPosition":[122.703,249.309,-92.0094],"carpPosition":[103.561,163.637,20.8688],"dipPosition":[120.073,241.379,-79.0536],"direction":[0.242094,0.53806,-0.807392],"extended":true,"handId":25,"id":251,"length":53.0625,"mcpPosition":[105.408,208.786,-30.1463],"pipPosition":[114.793,229.644,-61.4451],"stabilizedTipPosition":[121.925,247.368,-88.9423],"timeVisible":0.875904,"tipPosition":[119.423,246.594,-89.7545],"tipVelocity":[10.0822,-5.63547,-10.6869],"tool":false,"touchDistance":0.333333,"touchZone":"hovering","type":1,"width":18.6705},{"bases":[[[0.300049,-0.801207,-0.517724],[0.949731,0.200073,0.240796],[-0.0893446,-0.563948,0.820963]],[[0.285365,-0.869573,-0.403002],[0.931801,0.153309,0.329004],[-0.224309,-0.469404,0.854017]],[[0.285365,-0.869573,-0.403002],[0.945943,0.187915,0.264348],[-0.154139,-0.456652,0.87619]],[[0.285365,-0.869573,-0.403002],[0.953828,0.216564,0.208115],[-0.093695,-0.443783,0.891223]]],"btipPosition":[131.298,233.056,-113.328],"carpPosition":[110.224,156.952,14.4652],"dipPosition":[129.709,225.531,-98.2162],"direction":[0.154139,0.456652,-0.87619],"extended":true,"handId":25,"id":252,"length":60.4604,"mcpPosition":[115.999,193.399,-38.592],"pipPosition":[125.754,213.814,-75.7346],"stabilizedTipPosition":[130.702,231.354,-109.656],"timeVisible":0.875904,"tipPosition":[126.518,231.119,-109.261],"tipVelocity":[9.67872,-13.2665,-12.4733],"tool":false,"touchDistance":0.333333,"touchZone":"hovering","type":2,"width":18.3369},{"bases":[[[0.211177,-0.888251,-0.407938],[0.965409,0.12424,0.229239],[-0.15294,-0.442237,0.883762]],[[0.207901,-0.89739,-0.389189],[0.959044,0.108753,0.261548],[-0.192385,-0.427626,0.883246]],[[0.207901,-0.89739,-0.389189],[0.971108,0.141706,0.192012],[-0.117159,-0.417864,0.900923]],[[0.207901,-0.89739,-0.389189],[0.97567,0.161939,0.147794],[-0.0696038,-0.410447,0.909224]]],"btipPosition":[135.214,208.74,-116.557],"carpPosition":[114.482,148.475,8.17931],"dipPosition":[134.041,201.82,-101.228],"direction":[0.117159,0.417864,-0.900923],"extended":true,"handId":25,"id":253,"length":58.1343,"mcpPosition":[123.356,174.136,-43.1011],"pipPosition":[131.112,191.375,-78.7089],"stabilizedTipPosition":[134.794,207.422,-112.703],"timeVisible":0.875904,"tipPosition":[129.989,205.959,-112.764],"tipVelocity":[6.75728,-22.0543,-13.9904],"tool":false,"touchDistance":0.333333,"touchZone":"hovering","type":3,"width":17.4487},{"bases":[[[0.0296205,-0.941702,-0.335143],[0.969172,-0.0549899,0.240171],[-0.244599,-0.331925,0.911042]],[[0.0380223,-0.929718,-0.366303],[0.964268,-0.0620419,0.257561],[-0.262185,-0.363007,0.894139]],[[0.0380223,-0.929718,-0.366303],[0.984136,-0.02873,0.175073],[-0.173293,-0.367149,0.913877]],[[0.0380223,-0.929718,-0.366303],[0.991599,-0.0102509,0.128946],[-0.123638,-0.368128,0.921518]]],"btipPosition":[139.192,178.646,-106.044],"carpPosition":[112.708,137.031,1.879],"dipPosition":[137.269,172.921,-91.7116],"direction":[0.173293,0.367149,-0.913877],"extended":true,"handId":25,"id":254,"length":45.5762,"mcpPosition":[125.846,154.86,-47.056],"pipPosition":[134.211,166.441,-75.5834],"stabilizedTipPosition":[138.827,177.791,-102.277],"timeVisible":0.875904,"tipPosition":[134.312,175.698,-102.679],"tipVelocity":[-0.603513,-28.5575,-14.1761],"tool":false,"touchDistance":0.331291,"touchZone":"hovering","type":4,"width":15.4993}],"r":[[0.564997,-0.656703,0.499519],[0.825071,0.454067,-0.336274],[-0.00598296,0.602133,0.798374]],"s":1.22887,"t":[70.7467,-48.416,-157.949],"timestamp":228411083284},{"currentFrameRate":114.823,"devices":[],"gestures":[{"center":[116.74,237.385,-96.1806],"duration":8664,"handIds":[25],"id":3,"normal":[-0.218734,-0.520875,0.825133],"pointableIds":[251],"progress":0.828879,"radius":9.89116,"state":"update","type":"circle"},{"center":[126.014,201.36,-116.563],"duration":0,"handIds":[25],"id":4,"normal":[-0.203262,-0.410739,0.888807],"pointableIds":[253],"progress":0.82727,"radius":12.7429,"state":"start","type":"circle"},{"center":[131.288,170.467,-105.645],"duration":0,"handIds":[25],"id":5,"normal":[-0.183646,-0.346003,0.920085],"pointableIds":[254],"progress":0.8076,"radius":10.8441,"state":"start","type":"circle"}],"hands":[{"armBasis":[[0.445218,-0.72454,-0.52614],[0.884325,0.263565,0.385361],[-0.140537,-0.636848,0.758072]],"armWidth":60.7488,"confidence":1,"direction":[0.233827,0.581212,-0.779434],"elbow":[64.242,-28.4651,218.967],"grabAngle":0.0499741,"grabStrength":0,"id":25,"palmNormal":[-0.871938,-0.229331,-0.432586],"palmPosition":[108.312,176.689,-23.558],"palmVelocity":[3.9013,-8.54112,-9.71017],"palmWidth":84.2865,"pinchDistance":63.203,"pinchStrength":0,"r":[[0.565175,-0.6572,0.498663],[0.82496,0.453347,-0.337517],[-0.00425162,0.602133,0.798384]],"s":1.23037,"sphereCenter":[219.849,196.337,-38.6645],"sphereRadius":114.952,"stabilizedPalmPosition":[107.983,175.755,-23.6713],"t":[70.7857,-48.4609,-158.017],"timeVisible":0.884617,"type":"right","wrist":[99.3914,130.816,29.3672]}],"id":25855,"interactionBox":{"center":[0,200,0],"size":[235.247,235.247,147.751]},"pointables":[{"bases":[[[0.998613,0.0043537,0.0524748],[-0.0475118,0.504091,0.862343],[-0.0226977,-0.863639,0.503599]],[[0.99887,0.0247992,0.0405374],[-0.0459655,0.287711,0.956613],[0.0120601,-0.957396,0.288526]],[[0.99887,0.0247992,0.0405374],[-0.0473276,0.59609,0.801521],[-0.00428689,-0.802534,0.596591]],[[0.99887