{"frames":144,"data":[{"currentFrameRate":111.377,"devices":[],"gestures":[],"hands":[{"armBasis":[[-0.822159,-0.0594764,-0.566143],[-0.512583,0.509946,0.690806],[-0.247616,-0.858148,0.449743]],"armWidth":57.6572,"confidence":1,"direction":[-0.338518,0.857104,-0.388301],"elbow":[-164.227,111.003,474.441],"grabAngle":2.30596,"grabStrength":0.291632,"id":20,"palmNormal":[0.422204,-0.230438,-0.876723],"palmPosition":[-114.398,378.882,337.329],"palmVelocity":[-16.8569,-20.3619,21.5528],"palmWidth":81.2785,"pinchDistance":55.9226,"pinchStrength":0.842415,"r":[[0.318917,-0.786284,-0.529197],[-0.479201,0.347959,-0.805786],[0.817715,0.510571,-0.265818]],"s":1.76587,"sphereCenter":[-102.98,384.005,292.174],"sphereRadius":44.1077,"stabilizedPalmPosition":[-102.658,382.469,306.364],"t":[-13.8976,67.6297,267.707],"timeVisible":20.6913,"type":"left","wrist":[-104.507,317.974,365.97]},{"armBasis":[[-0.639568,-0.325342,-0.696495],[-0.643389,0.722398,0.253361],[-0.420718,-0.610159,0.671344]],"armWidth":57.6572,"confidence":1,"direction":[0.388382,0.808816,-0.44156],"elbow":[-297.869,1.13466,211.812],"grabAngle":1.09271,"grabStrength":0.197654,"id":22,"palmNormal":[0.748587,-0.556361,-0.360666],"palmPosition":[-163.219,200.311,21.935],"palmVelocity":[9.40985,20.0426,27.2272],"palmWidth":81.2785,"pinchDistance":68.0405,"pinchStrength":0,"r":[[0.808653,-0.568521,0.151211],[0.413467,0.732096,0.541369],[-0.418481,-0.375259,0.827076]],"s":1.56586,"sphereCenter":[-119.945,195.103,-7.20208],"sphereRadius":58.548,"stabilizedPalmPosition":[-160.419,197.425,15.4189],"t":[28.2569,72.8735,33.4926],"timeVisible":1.05795,"type":"left","wrist":[-196.399,148.294,49.896]},{"armBasis":[[0.919901,-0.355891,0.16469],[0.305251,0.913488,0.269002],[-0.246177,-0.197184,0.948955]],"armWidth":56.9191,"confidence":0,"direction":[0.283125,0.195762,-0.938892],"elbow":[91.7952,167.932,354.76],"grabAngle":1.00312,"grabStrength":0.204282,"id":23,"palmNormal":[-0.301683,-0.911077,-0.280936],"palmPosition":[162.57,227.678,59.9455],"palmVelocity":[1.19209e-7,1.19209e-7,1.19209e-7],"palmWidth":81.2785,"pinchDistance":63.5829,"pinchStrength":0,"r":[[1,2.498e-17,-1.11022e-17],[-2.498e-17,1,1.11022e-17],[1.11022e-17,-1.11022e-17,1]],"s":1,"sphereCenter":[181.413,158.581,28.5154],"sphereRadius":80.1251,"stabilizedPalmPosition":[162.57,227.678,59.9455],"t":[0,0,0],"timeVisible":0,"type":"right","wrist":[151.169,215.489,125.889]}],"id":17635,"interactionBox":{"center":[0,200,0],"size":[235.247,235.247,147.751]},"pointables":[{"bases":[[[-0.782071,0.187962,0.594168],[0.620065,0.139349,0.772076],[-0.0623244,-0.972241,0.22553]],[[-0.718865,0.495092,0.487973],[0.662895,0.27688,0.695634],[-0.209292,-0.823542,0.527233]],[[-0.718865,0.495092,0.487973],[0.648132,0.731132,0.213007],[0.251315,-0.469394,0.846469]],[[-0.718865,0.495092,0.487973],[0.492957,0.858002,-0.144312],[0.49013,-0.136809,0.860846]]],"btipPosition":[-86.6543,395.275,292.178],"carpPosition":[-78.9023,342.18,357.468],"dipPosition":[-76.8751,392.545,309.354],"direction":[-0.251315,0.469394,-0.846469],"extended":false,"handId":20,"id":200,"length":44.4307,"mcpPosition":[-78.9023,342.18,357.468],"pipPosition":[-69.57,378.901,333.958],"stabilizedTipPosition":[-83.6019,392.7,291.359],"timeVisible":20.6913,"tipPosition":[-83.0913,394.268,296.741],"tipVelocity":[38.3971,-60.3476,-3.58494],"tool":false,"touchDistance":0.505107,"touchZone":"none","type":0,"width":18.4262},{"bases":[[[-0.771303,-0.48363,-0.413755],[-0.586514,0.287632,0.757145],[0.247169,-0.826662,0.505508]],[[-0.774725,-0.471879,-0.42087],[-0.61538,0.715647,0.33039],[-0.145291,-0.514956,0.844814]],[[-0.774725,-0.471879,-0.42087],[-0.61538,0.715647,0.33039],[-0.145291,-0.514956,0.844814]],[[-0.774725,-0.471879,-0.42087],[0.144801,0.515526,-0.844551],[-0.615495,0.715237,0.331062]]],"btipPosition":[-102.005,422.423,272.266],"carpPosition":[-105.955,348.718,364.27],"dipPosition":[-111.866,433.882,277.57],"direction":[0.145291,0.514956,-0.844814],"extended":true,"handId":20,"id":202,"length":57.125,"mcpPosition":[-121.359,400.237,332.766],"pipPosition":[-115.388,421.398,298.051],"stabilizedTipPosition":[-103.936,423.795,273.284],"timeVisible":20.6913,"tipPosition":[-99.8468,416.045,275.113],"tipVelocity":[-21.9382,6.62604,-29.1391],"tool":false,"touchDistance":0.486238,"touchZone":"none","type":2,"width":17.2863},{"bases":[[[-0.6801,-0.620307,-0.390747],[-0.631944,0.225845,0.741378],[0.371633,-0.751141,0.545596]],[[-0.70125,-0.573937,-0.422901],[-0.680986,0.714801,0.159116],[-0.210967,-0.399569,0.892097]],[[-0.70125,-0.573937,-0.422901],[-0.0386789,0.622954,-0.781302],[-0.711866,0.53153,0.459046]],[[-0.70125,-0.573937,-0.422901],[0.50681,0.0158595,-0.861912],[-0.50139,0.818746,-0.279756]]],"btipPosition":[-102.99,375.929,289.096],"carpPosition":[-115.03,344.274,359.99],"dipPosition":[-110.977,388.971,284.64],"direction":[0.711866,-0.53153,-0.459046],"extended":false,"handId":20,"id":203,"length":54.9272,"mcpPosition":[-135.825,386.304,329.462],"pipPosition":[-127.789,401.524,295.481],"stabilizedTipPosition":[-105.402,374.879,288.132],"timeVisible":20.6913,"tipPosition":[-104.518,375.398,292.358],"tipVelocity":[8.15226,17.6582,-65.1225],"tool":false,"touchDistance":0.498393,"touchZone":"none","type":3,"width":16.449},{"bases":[[[-0.51869,-0.731806,-0.442064],[-0.694699,0.0593605,0.716847],[0.498352,-0.678923,0.539174]],[[-0.608126,-0.580718,-0.541248],[-0.773203,0.587751,0.23813],[-0.179833,-0.563307,0.80644]],[[-0.608126,-0.580718,-0.541248],[0.0105838,0.675818,-0.736993],[-0.79377,0.453913,0.404836]],[[-0.608126,-0.580718,-0.541248],[0.556696,0.174091,-0.812269],[-0.565926,0.795273,-0.217415]]],"btipPosition":[-119.271,368.945,296.142],"carpPosition":[-120.431,336.054,351.935],"dipPosition":[-127.587,380.631,292.947],"direction":[0.79377,-0.453913,-0.404836],"extended":false,"handId":20,"id":204,"length":43.0619,"mcpPosition":[-146.243,371.219,324.008],"pipPosition":[-140.822,388.2,299.698],"stabilizedTipPosition":[-120.227,367.299,294.689],"timeVisible":20.6913,"tipPosition":[-120.101,367.776,298.528],"tipVelocity":[-18.3131,28.237,-32.0926],"tool":false,"touchDistance":0.504506,"touchZone":"none","type":4,"width":14.6113},{"bases":[[[-0.810011,0.578806,-0.0941628],[-0.0538709,0.0864487,0.994799],[-0.583936,-0.81087,0.0388436]],[[-0.453615,0.885398,-0.101506],[-0.051441,0.0876959,0.994818],[-0.889712,-0.456486,-0.00576557]],[[-0.453615,0.885398,-0.101506],[0.294101,0.256239,0.920786],[-0.841272,-0.387829,0.37663]],[[-0.453615,0.885398,-0.101506],[0.666271,0.412565,0.621186],[-0.591875,-0.214149,0.777061]]],"btipPosition":[-92.8463,195.058,31.6287],"carpPosition":[-168.781,159.157,57.8234],"dipPosition":[-104.656,190.785,47.1328],"direction":[0.841272,0.387829,-0.37663],"extended":false,"handId":22,"id":220,"length":44.4307,"mcpPosition":[-168.781,159.157,57.8234],"pipPosition":[-129.109,179.512,58.0805],"stabilizedTipPosition":[-93.0019,191.245,28.9706],"timeVisible":1.05795,"tipPosition":[-98.6809,193.861,30.2741],"tipVelocity":[9.6451,33.291,34.6741],"tool":false,"touchDistance":0.372983,"touchZone":"hovering","type":0,"width":18.4262},{"bases":[[[-0.46454,-0.0519639,-0.884026],[-0.670126,0.673226,0.312567],[-0.578907,-0.737608,0.347563]],[[-0.477619,-0.068768,-0.875872],[-0.719216,0.603171,0.344836],[-0.504587,-0.794642,0.337545]],[[-0.477619,-0.068768,-0.875872],[-0.37455,0.917736,0.132189],[-0.794728,-0.391194,0.464085]],[[-0.477619,-0.068768,-0.875872],[0.0851077,0.988622,-0.12403],[-0.874435,0.133783,0.466332]]],"btipPosition":[-96.3769,258.924,2.42386],"carpPosition":[-182.016,175.233,53.9835],"dipPosition":[-109.114,260.873,9.21643],"direction":[0.794728,0.391194,-0.464085],"extended":true,"handId":22,"id":221,"length":50.1351,"mcpPosition":[-143.971,223.707,31.1425],"pipPosition":[-125.49,252.812,18.7794],"stabilizedTipPosition":[-97.5076,256.267,-0.250407],"timeVisible":1.05795,"tipPosition":[-102.284,264.192,5.05677],"tipVelocity":[-2.49941,37.1196,33.3924],"tool":false,"touchDistance":0.368389,"touchZone":"hovering","type":1,"width":17.6007},{"bases":[[[-0.41739,-0.265142,-0.869187],[-0.751562,0.638392,0.166166],[-0.510824,-0.722604,0.465729]],[[-0.392258,-0.22997,-0.890645],[-0.75398,0.635024,0.168101],[-0.526923,-0.737467,0.422486]],[[-0.392258,-0.22997,-0.890645],[-0.373186,0.924767,-0.0744213],[-0.840753,-0.303184,0.448568]],[[-0.392258,-0.22997,-0.890645],[0.135358,0.943273,-0.303173],[-0.909842,0.239478,0.338878]]],"btipPosition":[-99.3383,254.931,-18.0325],"carpPosition":[-187.785,176.08,44.657],"dipPosition":[-113.915,258.768,-12.6034],"direction":[0.840753,0.303184,-0.448568],"extended":true,"handId":22,"id":222,"length":57.125,"mcpPosition":[-155.949,221.113,15.6321],"pipPosition":[-134.297,251.418,-1.72884],"stabilizedTipPosition":[-100.937,253.117,-21.1514],"timeVisible":1.05795,"tipPosition":[-106.769,261.908,-17.6844],"tipVelocity":[-1.55682,43.93,34.6735],"tool":false,"touchDistance":0.368303,"touchZone":"hovering","type":2,"width":17.2863},{"bases":[[[-0.430161,-0.415954,-0.801214],[-0.795363,0.594457,0.118404],[-0.427036,-0.688188,0.586546]],[[-0.408117,-0.380781,-0.829727],[-0.771408,0.629893,0.0903591],[-0.488232,-0.676935,0.550808]],[[-0.408117,-0.380781,-0.829727],[-0.39868,0.891954,-0.213241],[-0.821276,-0.243768,0.515832]],[[-0.408117,-0.380781,-0.829727],[0.0974039,0.885512,-0.454292],[-0.907719,0.266223,0.324303]]],"btipPosition":[-116.226,240.036,-36.1907],"carpPosition":[-192.573,174.227,34.9578],"dipPosition":[-130.685,244.276,-31.025],"direction":[0.821276,0.243768,-0.515832],"extended":true,"handId":22,"id":223,"length":54.9272,"mcpPosition":[-168.678,212.734,2.13796],"pipPosition":[-150.081,238.519,-18.8427],"stabilizedTipPosition":[-117.967,237.86,-38.4389],"timeVisible":1.05795,"tipPosition":[-122.678,245.773,-36.0773],"tipVelocity":[0.235456,47.742,31.6167],"tool":false,"touchDistance":0.367316,"touchZone":"hovering","type":3,"width":16.449},{"bases":[[[-0.339325,-0.585274,-0.736419],[-0.887168,0.459373,0.0436964],[-0.312717,-0.668154,0.675113]],[[-0.338401,-0.583301,-0.738407],[-0.871567,0.490123,0.0122563],[-0.354761,-0.647719,0.674244]],[[-0.338401,-0.583301,-0.738407],[-0.558699,0.755967,-0.341129],[-0.757193,-0.297109,0.581709]],[[-0.338401,-0.583301,-0.738407],[-0.0875615,0.800817,-0.592473],[-0.936919,0.135837,0.322072]]],"btipPosition":[-140.805,223.892,-44.9742],"carpPosition":[-194.091,166.801,24.7516],"dipPosition":[-154.573,225.888,-40.2414],"direction":[0.757193,0.297109,-0.581709],"extended":true,"handId":22,"id":224,"length":43.0619,"mcpPosition":[-177.893,201.409,-10.2168],"pipPosition":[-167.199,220.934,-30.5417],"stabilizedTipPosition":[-142.047,220.962,-47.5116],"timeVisible":1.05795,"tipPosition":[-144.531,225.113,-43.8161],"tipVelocity":[5.17808,39.7607,29.2484],"tool":false,"touchDistance":0.367262,"touchZone":"hovering","type":4,"width":14.6113},{"bases":[[[0.691423,0.707107,0.148102],[-0.708261,0.623017,0.331989],[0.142482,-0.334439,0.931584]],[[0.592644,0.780261,-0.199915],[-0.758331,0.624163,0.188031],[0.271493,0.0401663,0.961602]],[[0.592644,0.780261,-0.199915],[-0.798353,0.601939,-0.017353],[0.106797,0.169887,0.97966]],[[0.592644,0.780261,-0.199915],[-0.800581,0.543326,-0.25272],[-0.0885681,0.309821,0.946661]]],"btipPosition":[115.81,205.689,10.2622],"carpPosition":[129.317,219.131,102.768],"dipPosition":[113.958,212.166,30.0529],"direction":[-0.106797,-0.169887,-0.97966],"extended":true,"handId":23,"id":230,"length":46.5539,"mcpPosition":[129.317,219.131,102.768],"pipPosition":[117.211,217.34,59.8899],"stabilizedTipPosition":[115.384,207.179,14.8141],"timeVisible":0,"tipPosition":[115.384,207.179,14.8141],"tipVelocity":[1.19209e-7,1.19209e-7,1.19209e-7],"tool":false,"touchDistance":1,"touchZone":"none","type":0,"width":18.0887},{"bases":[[[0.945013,-0.324769,0.0384252],[0.317073,0.938661,0.135576],[-0.080099,-0.115937,0.990022]],[[0.928017,-0.33655,0.159745],[0.309708,0.935284,0.171246],[-0.20704,-0.109445,0.972192]],[[0.928017,-0.33655,0.159745],[0.372281,0.853725,-0.364089],[-0.0138438,0.397351,0.917562]],[[0.928017,-0.33655,0.159745],[0.339175,0.585924,-0.735971],[0.154093,0.737175,0.657897]]],"btipPosition":[155.008,226.291,-32.0899],"carpPosition":[143.851,234.302,100.133],"dipPosition":[157.36,237.542,-22.0491],"direction":[0.0138438,-0.397351,-0.917562],"extended":true,"handId":23,"id":231,"length":52.5309,"mcpPosition":[149.115,241.921,35.0714],"pipPosition":[157.061,246.121,-2.23832],"stabilizedTipPosition":[155.549,228.879,-29.7805],"timeVisible":0,"tipPosition":[155.549,228.879,-29.7805],"tipVelocity":[1.19209e-7,1.19209e-7,1.19209e-7],"tool":false,"touchDistance":1,"touchZone":"none","type":1,"width":17.2783},{"bases":[[[0.85751,-0.492675,0.148148],[0.470438,0.867468,0.161823],[-0.20824,-0.0690703,0.975636]],[[0.842221,-0.496114,0.211033],[0.46783,0.867063,0.171279],[-0.267953,-0.0455267,0.962356]],[[0.842221,-0.496114,0.211033],[0.539096,0.770421,-0.340333],[0.00625996,0.400403,0.916318]],[[0.842221,-0.496114,0.211033],[0.479774,0.511136,-0.713132],[0.245928,0.701863,0.668512]]],"btipPosition":[174.885,216.569,-36.4994],"carpPosition":[154.658,232.256,100.236],"dipPosition":[179.014,228.35,-25.2776],"direction":[-0.00625996,-0.400403,-0.916318],"extended":true,"handId":23,"id":232,"length":59.8548,"mcpPosition":[167.636,236.561,39.4333],"pipPosition":[179.173,238.521,-2.00186],"stabilizedTipPosition":[175.835,219.279,-33.9184],"timeVisible":0,"tipPosition":[175.835,219.279,-33.9184],"tipVelocity":[1.19209e-7,1.19209e-7,1.19209e-7],"tool":false,"touchDistance":1,"touchZone":"none","type":2,"width":16.9696},{"bases":[[[0.7796,-0.561451,0.277483],[0.523623,0.827408,0.203013],[-0.343574,-0.012972,0.939036]],[[0.761007,-0.56138,0.325149],[0.534723,0.82658,0.175604],[-0.367342,0.0402291,0.929216]],[[0.761007,-0.56138,0.325149],[0.646702,0.696186,-0.311611],[-0.0514316,0.447413,0.892847]],[[0.761007,-0.56138,0.325149],[0.608195,0.442949,-0.658707],[0.225761,0.699034,0.678515]]],"btipPosition":[195.943,204.007,-21.7777],"carpPosition":[164.553,227.625,101.269],"dipPosition":[199.711,215.674,-10.4534],"direction":[0.0514316,-0.447413,-0.892847],"extended":true,"handId":23,"id":233,"length":57.552,"mcpPosition":[183.777,228.351,48.7262],"pipPosition":[198.438,226.745,11.6404],"stabilizedTipPosition":[196.81,206.69,-19.1731],"timeVisible":0,"tipPosition":[196.81,206.69,-19.1731],"tipVelocity":[1.19209e-7,1.19209e-7,1.19209e-7],"tool":false,"touchDistance":1,"touchZone":"none","type":3,"width":16.1477},{"bases":[[[0.637289,-0.688121,0.346918],[0.60608,0.725591,0.325859],[-0.475951,0.00259394,0.879468]],[[0.559737,-0.680142,0.473393],[0.659315,0.711586,0.242794],[-0.501995,0.176214,0.846729]],[[0.559737,-0.680142,0.473393],[0.8241,0.516794,-0.231912],[-0.0869136,0.519933,0.849774]],[[0.559737,-0.680142,0.473393],[0.788676,0.261908,-0.556232],[0.254332,0.684698,0.683011]]],"btipPosition":[209.722,191.955,5.80663],"carpPosition":[171.611,217.282,103.467],"dipPosition":[213.638,202.498,16.323],"direction":[0.0869136,-0.519933,-0.849774],"extended":true,"handId":23,"id":234,"length":45.1197,"mcpPosition":[196.264,217.147,57.9138],"pipPosition":[212.119,211.582,31.1697],"stabilizedTipPosition":[210.623,194.38,8.2254],"timeVisible":0,"tipPosition":[210.623,194.38,8.2254],"tipVelocity":[1.19209e-7,1.19209e-7,1.19209e-7],"tool":false,"touchDistance":1,"touchZone":"none","type":4,"width":14.3436},{"bases":[[[-0.885822,-0.310279,-0.345032],[-0.446091,0.364702,0.81731],[0.12776,-0.877907,0.461473]],[[-0.870934,-0.387188,-0.302587],[-0.455062,0.403102,0.793995],[0.185452,-0.829213,0.52727]],[[-0.870934,-0.387188,-0.302587],[-0.482742,0.789225,0.379585],[-0.0918387,-0.476665,0.874275]],[[-0.870934,-0.387188,-0.302587],[-0.301442,0.907258,-0.293283],[-0.388081,0.164218,0.906877]]],"btipPosition":[-103.214,446.573,286.16],"carpPosition":[-95.5708,351.078,367.024],"dipPosition":[-108.867,448.965,299.37],"direction":[0.0918387,0.476665,-0.874275],"extended":true,"handId":20,"id":201,"length":50.1351,"mcpPosition":[-103.967,408.772,336.697],"pipPosition":[-110.759,439.143,317.385],"stabilizedTipPosition":[-107.315,449.665,281.615],"timeVisible":20.6913,"tipPosition":[-106.332,449.825,287.121],"tipVelocity":[24.4473,47.708,52.8839],"tool":false,"touchDistance":0.499332,"touchZone":"none","type":1,"width":17.6007}],"r":[[0.779352,-0.18882,-0.59746],[-0.146661,0.872056,-0.466913],[0.609181,0.451514,0.651946]],"s":1.04212,"t":[-205.505,-196.077,188.219],"timestamp":554500139580},{"currentFrameRate":111.581,"devices":[],"gestures":[],"hands":[{"armBasis":[[-0.82306,-0.0798348,-0.562316],[-0.517852,0.512083,0.685274],[-0.233244,-0.855218,0.462817]],"armWidth":57.6572,"confidence":1,"direction":[-0.344765,0.857646,-0.381549],"elbow":[-160.386,111.565,477.525],"grabAngle":2.30324,"grabStrength":0.29263,"id":20,"palmNormal":[0.422765,-0.221043,-0.878868],"palmPosition":[-114.549,378.784,337.539],"palmVelocity":[-17.4743,-11.3738,24.3873],"palmWidth":81.1531,"pinchDistance":55.9309,"pinchStrength":0.850728,"r":[[0.323938,-0.783857,-0.529748],[-0.475816,0.348986,-0.807347],[0.817718,0.513593,-0.259921]],"s":1.764,"sphereCenter":[-102.92,384.427,292.626],"sphereRadius":43.9371,"stabilizedPalmPosition":[-102.678,382.463,306.414],"t":[-14.0259,67.5577,267.924],"timeVisible":20.6999,"type":"left","wrist":[-104.132,317.829,365.902]},{"armBasis":[[-0.639953,-0.323824,-0.696849],[-0.642883,0.722376,0.254707],[-0.420907,-0.610992,0.670467]],"armWidth":57.6572,"confidence":1,"direction":[0.387615,0.809622,-0.440756],"elbow":[-297.813,1.07683,211.779],"grabAngle":1.09122,"grabStrength":0.197074,"id":22,"palmNormal":[0.748388,-0.555549,-0.362327],"palmPosition":[-163.155,200.505,22.1594],"palmVelocity":[7.35922,22.5411,26.0767],"palmWidth":81.1531,"pinchDistance":68.0319,"pinchStrength":0,"r":[[0.808629,-0.568693,0.150688],[0.413641,0.73171,0.541758],[-0.418354,-0.375751,0.826917]],"s":1.56641,"sphereCenter":[-119.954,195.42,-7.0718],"sphereRadius":58.5368,"stabilizedPalmPosition":[-160.435,197.442,15.4573],"t":[28.3235,73.0507,33.7127],"timeVisible":1.06656,"type":"left","wrist":[-196.298,148.438,50.0737]},{"armBasis":[[0.937995,-0.30608,0.16273],[0.260178,0.931829,0.252988],[-0.229071,-0.194962,0.953686]],"armWidth":57.6572,"confidence":0.0453003,"direction":[0.292656,0.273832,-0.916171],"elbow":[93.928,176.825,354.698],"grabAngle":1.11774,"grabStrength":0.359644,"id":23,"palmNormal":[-0.232203,-0.909089,-0.345889],"palmPosition":[161.121,240.214,59.7142],"palmVelocity":[-168.375,1456.82,-26.8796],"palmWidth":81.1531,"pinchDistance":56.7546,"pinchStrength":0.00311048,"r":[[0.999896,0.013196,0.00585903],[-0.0132682,0.999834,0.0124757],[-0.00569343,-0.0125521,0.999905]],"s":0.985796,"sphereCenter":[176.04,179.278,24.6268],"sphereRadius":73.7683,"stabilizedPalmPosition":[162.058,232.108,59.8637],"t":[-0.724432,6.26798,-0.11565],"timeVisible":0.008605,"type":"right","wrist":[149.176,223.846,124.686]}],"id":17636,"interactionBox":{"center":[0,200,0],"size":[235.247,235.247,147.751]},"pointables":[{"bases":[[[-0.782655,0.178225,0.596395],[0.619979,0.137818,0.77242],[-0.0554708,-0.974291,0.218359]],[[-0.721424,0.487203,0.492119],[0.662034,0.276783,0.696493],[-0.203123,-0.828266,0.522223]],[[-0.721424,0.487203,0.492119],[0.642193,0.736587,0.212198],[0.259105,-0.46912,0.844269]],[[-0.721424,0.487203,0.492119],[0.484315,0.862911,-0.144307],[0.494961,-0.134234,0.858484]]],"btipPosition":[-87.1316,395.422,292.41],"carpPosition":[-78.7817,342.175,357.366],"dipPosition":[-77.256,392.744,309.539],"direction":[-0.259105,0.46912,-0.844269],"extended":false,"handId":20,"id":200,"length":44.4307,"mcpPosition":[-78.7817,342.175,357.366],"pipPosition":[-69.7245,379.107,334.08],"stabilizedTipPosition":[-83.796,393.024,292.129],"timeVisible":20.6999,"tipPosition":[-83.4217,394.686,297.019],"tipVelocity":[-52.8936,18.4329,25.749],"tool":false,"touchDistance":0.505292,"touchZone":"none","type":0,"width":18.4262},{"bases":[[[-0.768472,-0.485771,-0.416507],[-0.587595,0.278007,0.759897],[0.253345,-0.828697,0.499077]],[[-0.773334,-0.469278,-0.426301],[-0.616422,0.713773,0.332493],[-0.14825,-0.519909,0.841259]],[[-0.773334,-0.469278,-0.426301],[-0.616422,0.713773,0.332493],[-0.14825,-0.519909,0.841259]],[[-0.773334,-0.469278,-0.426301],[0.147759,0.520478,-0.840994],[-0.61654,0.713359,0.333163]]],"btipPosition":[-102.096,422.665,272.841],"carpPosition":[-105.895,348.559,364.198],"dipPosition":[-111.973,434.093,278.178],"direction":[0.14825,0.519909,-0.841259],"extended":true,"handId":20,"id":202,"length":57.125,"mcpPosition":[-121.659,400.125,333.142],"pipPosition":[-115.567,421.489,298.573],"stabilizedTipPosition":[-104.075,424.278,273.537],"timeVisible":20.6999,"tipPosition":[-100.448,416.784,275.538],"tipVelocity":[-10.9254,27.2488,67.7212],"tool":false,"touchDistance":0.486724,"touchZone":"none","type":2,"width":17.2863},{"bases":[[[-0.676317,-0.621992,-0.394615],[-0.632622,0.216032,0.74372],[0.377339,-0.752633,0.539592]],[[-0.698302,-0.574389,-0.427143],[-0.681142,0.716653,0.149846],[-0.220044,-0.395583,0.891681]],[[-0.698302,-0.574389,-0.427143],[-0.0514747,0.635483,-0.770397],[-0.71395,0.515983,0.473326]],[[-0.698302,-0.574389,-0.427143],[0.506628,0.024955,-0.861803],[-0.50567,0.818202,-0.273576]]],"btipPosition":[-102.736,375.968,288.965],"carpPosition":[-114.953,344.07,359.896],"dipPosition":[-110.791,389.001,284.607],"direction":[0.71395,-0.515983,-0.473326],"extended":false,"handId":20,"id":203,"length":54.9272,"mcpPosition":[-136.034,386.118,329.75],"pipPosition":[-127.652,401.186,295.785],"stabilizedTipPosition":[-105.338,375.204,288.119],"timeVisible":20.6999,"tipPosition":[-104.692,375.831,292.352],"tipVelocity":[27.6948,4.25936,-12.6394],"tool":false,"touchDistance":0.498302,"touchZone":"none","type":3,"width":16.449},{"bases":[[[-0.514212,-0.732008,-0.446934],[-0.694274,0.0493116,0.71802],[0.503557,-0.679509,0.533571]],[[-0.606,-0.578257,-0.546245],[-0.772762,0.590842,0.231828],[-0.188689,-0.562605,0.804905]],[[-0.606,-0.578257,-0.546245],[-0.0208574,0.698014,-0.715781],[-0.795191,0.422369,0.435057]],[[-0.606,-0.578257,-0.546245],[0.556771,0.182109,-0.810458],[-0.568129,0.795271,-0.211599]]],"btipPosition":[-119.06,369.235,295.787],"carpPosition":[-120.314,335.863,351.79],"dipPosition":[-127.409,380.921,292.677],"direction":[0.795191,-0.422369,-0.435057],"extended":false,"handId":20,"id":204,"length":43.0619,"mcpPosition":[-146.356,371.005,324.195],"pipPosition":[-140.668,387.964,299.932],"stabilizedTipPosition":[-120.279,367.619,294.715],"timeVisible":20.6999,"tipPosition":[-120.25,368.087,298.52],"tipVelocity":[23.5774,33.6986,-39.0236],"tool":false,"touchDistance":0.504226,"touchZone":"none","type":4,"width":14.6113},{"bases":[[[-0.810316,0.578662,-0.0924],[-0.0528142,0.0849211,0.994987],[-0.583608,-0.811134,0.0382514]],[[-0.454258,0.885277,-0.0996696],[-0.0513845,0.085656,0.994999],[-0.889387,-0.457108,-0.0065796]],[[-0.454258,0.885277,-0.0996696],[0.294341,0.254739,0.921125],[-0.840841,-0.389091,0.376291]],[[-0.454258,0.885277,-0.0996696],[0.666627,0.411999,0.62118],[-0.590981,-0.215734,0.777304]]],"btipPosition":[-92.7742,195.291,31.838],"carpPosition":[-168.664,159.295,57.9914],"dipPosition":[-104.566,190.987,47.3469],"direction":[0.840841,0.389091,-0.376291],"extended":false,"handId":22,"id":220,"length":44.4307,"mcpPosition":[-168.664,159.295,57.9914],"pipPosition":[-129.007,179.677,58.2848],"stabilizedTipPosition":[-93.0132,191.258,29.0001],"timeVisible":1.06656,"tipPosition":[-98.5907,194.066,30.443],"tipVelocity":[8.86151,26.3093,24.4531],"tool":false,"touchDistance":0.372175,"touchZone":"hovering","type":0,"width":18.4262},{"bases":[[[-0.465488,-0.0507874,-0.883596],[-0.670021,0.672515,0.314319],[-0.578268,-0.738339,0.347076]],[[-0.47888,-0.0680359,-0.87524],[-0.719344,0.601894,0.346796],[-0.503207,-0.795673,0.337176]],[[-0.47888,-0.0680359,-0.87524],[-0.375621,0.917,0.134236],[-0.793462,-0.393042,0.464689]],[[-0.47888,-0.0680359,-0.87524],[0.0830866,0.989004,-0.122339],[-0.873939,0.131307,0.467962]]],"btipPosition":[-96.3956,259.223,2.64],"carpPosition":[-181.85,175.447,54.1551],"dipPosition":[-109.125,261.136,9.45632],"direction":[0.793462,0.393042,-0.464689],"extended":true,"handId":22,"id":221,"length":50.1351,"mcpPosition":[-143.906,223.894,31.3814],"pipPosition":[-125.475,253.037,19.0317],"stabilizedTipPosition":[-97.5485,256.344,-0.15001],"timeVisible":1.06656,"tipPosition":[-102.249,264.412,5.30673],"tipVelocity":[-1.98097,33.746,25.7528],"tool":false,"touchDistance":0.368207,"touchZone":"hovering","type":1,"width":17.6007},{"bases":[[[-0.418246,-0.263971,-0.869132],[-0.751604,0.637873,0.167955],[-0.51006,-0.723489,0.46519]],[[-0.393294,-0.228957,-0.890449],[-0.754341,0.63405,0.170147],[-0.525633,-0.73862,0.42208]],[[-0.393294,-0.228957,-0.890449],[-0.374103,0.92455,-0.0724915],[-0.839861,-0.304609,0.449273]],[[-0.393294,-0.228957,-0.890449],[0.133423,0.944032,-0.301665],[-0.90968,0.23745,0.340734]]],"btipPosition":[-99.3664,255.252,-17.8146],"carpPosition":[-187.639,176.3,44.8267],"dipPosition":[-113.94,259.056,-12.3558],"direction":[0.839861,0.304609,-0.449273],"extended":true,"handId":22,"id":222,"length":57.125,"mcpPosition":[-155.9,221.32,15.8801],"pipPosition":[-134.301,251.671,-1.46415],"stabilizedTipPosition":[-100.987,253.201,-21.0234],"timeVisible":1.06656,"tipPosition":[-106.757,262.162,-17.4252],"tipVelocity":[-3.19769,36.3726,26.1136],"tool":false,"touchDistance":0.368177,"touchZone":"hovering","type":2,"width":17.2863},{"bases":[[[-0.43089,-0.414891,-0.801374],[-0.795442,0.593995,0.120174],[-0.426153,-0.689228,0.585968]],[[-0.408887,-0.379663,-0.82986],[-0.772082,0.628713,0.092781],[-0.486518,-0.678657,0.550204]],[[-0.408887,-0.379663,-0.82986],[-0.400441,0.891773,-0.210684],[-0.820036,-0.246163,0.516667]],[[-0.408887,-0.379663,-0.82986],[0.095112,0.886669,-0.452517],[-0.907615,0.263958,0.326437]]],"btipPosition":[-116.285,240.416,-35.9722],"carpPosition":[-192.449,174.451,35.1241],"dipPosition":[-130.742,244.621,-30.7725],"direction":[0.820036,0.246163,-0.516667],"extended":true,"handId":22,"id":223,"length":54.9272,"mcpPosition":[-168.641,212.956,2.38719],"pipPosition":[-150.109,238.807,-18.5705],"stabilizedTipPosition":[-118.039,238.014,-38.2788],"timeVisible":1.06656,"tipPosition":[-122.676,246.041,-35.8219],"tipVelocity":[-6.79833,43.2293,26.3004],"tool":false,"touchDistance":0.367313,"touchZone":"hovering","type":3,"width":16.449},{"bases":[[[-0.339923,-0.584277,-0.736935],[-0.887281,0.458993,0.045362],[-0.311744,-0.669288,0.67444]],[[-0.338867,-0.58201,-0.739211],[-0.872144,0.489027,0.0147757],[-0.352895,-0.649705,0.673311]],[[-0.338867,-0.58201,-0.739211],[-0.560455,0.755953,-0.338269],[-0.755685,-0.299667,0.582358]],[[-0.338867,-0.58201,-0.739211],[-0.0897663,0.802114,-0.590385],[-0.936542,0.133706,0.324055]]],"btipPosition":[-140.864,224.263,-44.7439],"carpPosition":[-193.988,167.033,24.905],"dipPosition":[-154.627,226.228,-39.982],"direction":[0.755685,0.299667,-0.582358],"extended":true,"handId":22,"id":224,"length":43.0619,"mcpPosition":[-177.865,201.646,-9.97468],"pipPosition":[-167.227,221.231,-30.2715],"stabilizedTipPosition":[-142.121,221.102,-47.367],"timeVisible":1.06656,"tipPosition":[-144.546,225.41,-43.5747],"tipVelocity":[-6.72407,42.3208,27.5402],"tool":false,"touchDistance":0.367423,"touchZone":"hovering","type":4,"width":14.6113},{"bases":[[[0.638058,0.740209,0.212069],[-0.756892,0.552367,0.349292],[0.141409,-0.383382,0.9127]],[[0.560097,0.823652,-0.0888214],[-0.787927,0.562758,0.249949],[0.255856,-0.0700107,0.964177]],[[0.560097,0.823652,-0.0888214],[-0.823566,0.565199,0.0478436],[0.0896082,0.0463532,0.994898]],[[0.560097,0.823652,-0.0888214],[-0.826216,0.547555,-0.132476],[-0.0604794,0.147585,0.987198]]],"btipPosition":[114.654,225.593,9.31964],"carpPosition":[127.46,226.763,100.928],"dipPosition":[113.447,228.538,29.0165],"direction":[-0.0896082,-0.0463532,-0.994898],"extended":true,"handId":23,"id":230,"length":44.4307,"mcpPosition":[127.46,226.763,100.928],"pipPosition":[116.052,229.885,57.9357],"stabilizedTipPosition":[115.028,213.92,14.4737],"timeVisible":0.008605,"tipPosition":[115.874,221.718,12.6112],"tipVelocity":[-117.106,2218.67,-112.047],"tool":false,"touchDistance":1,"touchZone":"none","type":0,"width":18.4262},{"bases":[[[0.963565,-0.26353,0.0457646],[0.249327,0.946894,0.203043],[-0.0968424,-0.184235,0.9781]],[[0.951141,-0.278865,0.132536],[0.254353,0.951024,0.175666],[-0.175032,-0.133372,0.975488]],[[0.951141,-0.278865,0.132536],[0.308732,0.853375,-0.420043],[0.00403267,0.440438,0.897774]],[[0.951141,-0.278865,0.132536],[0.283994,0.621713,-0.729946],[0.121157,0.73192,0.670533]]],"btipPosition":[151.923,240.253,-28.6024],"carpPosition":[141.006,243.016,99.572],"dipPosition":[153.688,250.914,-18.8355],"direction":[-0.00403267,-0.440438,-0.897774],"extended":true,"handId":23,"id":231,"length":50.1351,"mcpPosition":[147.36,255.105,35.3929],"pipPosition":[153.771,259.99,-0.335958],"stabilizedTipPosition":[154.438,233.649,-28.599],"timeVisible":0.008605,"tipPosition":[155.094,245.499,-28.8539],"tipVelocity":[-374.126,1606.75,397.968],"tool":false,"touchDistance":1,"touchZone":"none","type":1,"width":17.6007},{"bases":[[[0.884905,-0.443534,0.1422],[0.406453,0.884435,0.229282],[-0.227461,-0.145095,0.962917]],[[0.873315,-0.449827,0.187022],[0.413242,0.887344,0.204577],[-0.257977,-0.101375,0.960818]],[[0.873315,-0.449827,0.187022],[0.486301,0.782234,-0.389386],[0.0288617,0.431006,0.901887]],[[0.873315,-0.449827,0.187022],[0.427374,0.523171,-0.737322],[0.233823,0.723842,0.649138]]],"btipPosition":[172.242,232.83,-31.7935],"carpPosition":[151.933,241.681,99.8706],"dipPosition":[175.988,244.426,-21.3939],"direction":[-0.0288617,-0.431006,-0.901887],"extended":true,"handId":23,"id":232,"length":57.125,"mcpPosition":[166.086,250.709,39.9527],"pipPosition":[176.687,254.875,0.470475],"stabilizedTipPosition":[174.899,224.837,-32.3703],"timeVisible":0.008605,"tipPosition":[175.968,237.73,-32.6051],"tipVelocity":[-317.479,1884.75,524.902],"tool":false,"touchDistance":0.367826,"touchZone":"hovering","type":2,"width":17.2863},{"bases":[[[0.808613,-0.525453,0.264659],[0.461179,0.84541,0.269435],[-0.365321,-0.0958128,0.925938]],[[0.793265,-0.528882,0.301686],[0.48785,0.848558,0.204824],[-0.364325,-0.0153022,0.931146]],[[0.793265,-0.528882,0.301686],[0.608795,0.697046,-0.378808],[-0.00994459,0.48416,0.874923]],[[0.793265,-0.528882,0.301686],[0.558132,0.433593,-0.70745],[0.243348,0.729576,0.63914]]],"btipPosition":[192.745,220.529,-17.127],"carpPosition":[162.099,237.649,100.915],"dipPosition":[196.621,232.151,-6.94636],"direction":[0.00994459,-0.48416,-0.874923],"extended":true,"handId":23,"id":233,"length":54.9272,"mcpPosition":[182.509,243.002,49.1845],"pipPosition":[196.386,243.585,13.7165],"stabilizedTipPosition":[195.719,212.365,-17.6651],"timeVisible":0.008605,"tipPosition":[197.001,225.504,-17.9489],"tipVelocity":[-368.79,1918.9,509.899],"tool":false,"touchDistance":0.377682,"touchZone":"hovering","type":3,"width":16.449},{"bases":[[[0.673506,-0.665426,0.321867],[0.547235,0.741583,0.388058],[-0.496915,-0.0852224,0.863605]],[[0.607342,-0.670855,0.425546],[0.62442,0.734268,0.266366],[-0.491157,0.103944,0.864847]],[[0.607342,-0.670855,0.425546],[0.794414,0.508507,-0.332155],[0.00643487,0.539791,0.841774]],[[0.607342,-0.670855,0.425546],[0.725764,0.250667,-0.64065],[0.323113,0.697939,0.639123]]],"btipPosition":[205.441,209.69,8.51907],"carpPosition":[169.792,227.673,102.68],"dipPosition":[210.189,219.946,17.9109],"direction":[-0.00643487,-0.539791,-0.841774],"extended":true,"handId":23,"id":234,"length":43.0619,"mcpPosition":[195.491,232.081,58.0177],"pipPosition":[210.296,228.947,31.947],"stabilizedTipPosition":[209.188,200.577,9.08596],"timeVisible":0.008605,"tipPosition":[210.704,213.077,8.45713],"tipVelocity":[-475.251,2053.35,285.159],"tool":false,"touchDistance":0.394726,"touchZone":"hovering","type":4,"width":14.6113},{"bases":[[[-0.884086,-0.313717,-0.346372],[-0.44763,0.355579,0.820482],[0.134236,-0.880423,0.454792]],[[-0.86906,-0.389104,-0.305503],[-0.457705,0.398085,0.795006],[0.187724,-0.830738,0.524055]],[[-0.86906,-0.389104,-0.305503],[-0.48614,0.786132,0.381659],[-0.0916609,-0.480202,0.872356]],[[-0.86906,-0.389104,-0.305503],[-0.314385,0.9112,-0.266226],[-0.381964,0.135321,0.914216]]],"btipPosition":[-103.744,447.099,286.632],"carpPosition":[-95.513,350.978,366.96],"dipPosition":[-109.308,449.07,299.948],"direction":[0.0916609,0.480202,-0.872356],"extended":true,"handId":20,"id":201,"length":50.1351,"mcpPosition":[-104.321,408.748,337.118],"pipPosition":[-111.197,439.175,317.924],"stabilizedTipPosition":[-107.18,449.54,282.094],"timeVisible":20.6999,"tipPosition":[-106.983,450.103,287.885],"tipVelocity":[-59.2236,49.8584,57.6274],"tool":false,"touchDistance":0.499745,"touchZone":"none","type":1,"width":17.6007}],"r":[[0.780198,-0.184816,-0.597607],[-0.150048,0.872171,-0.465621],[0.60727,0.452946,0.652735]],"s":1.03877,"t":[-205.539,-195.789,188.379],"timestamp":554500148185},{"currentFrameRate":111.701,"devices":[],"gestures":[],"hands":[{"armBasis":[[-0.832092,-0.0866679,-0.547825],[-0.509128,0.511185,0.692444],[-0.220027,-0.85509,0.469478]],"armWidth":57.4971,"confidence":1,"direction":[-0.339983,0.856359,-0.388665],"elbow":[-157.362,111.852,479.47],"grabAngle":2.30107,"grabStrength":0.204579,"id":20,"palmNormal":[0.418118,-0.232546,-0.878123],"palmPosition":[-114.619,378.437,337.591],"palmVelocity":[-7.99902,-39.7219,5.90531],"palmWidth":81.0528,"pinchDistance":56.2256,"pinchStrength":0.852148,"r":[[0.326467,-0.783402,-0.528867],[-0.47315,0.348928,-0.808936],[0.818259,0.514325,-0.256753]],"s":1.76424,"sphereCenter":[-102.631,383.839,292.711],"sphereRadius":44.055,"stabilizedPalmPosition":[-102.71,382.453,306.498],"t":[-14.125,67.3481,268.058],"timeVisible":20.7086,"type":"left","wrist":[-104.378,317.766,366.414]},{"armBasis":[[-0.636916,-0.326868,-0.698208],[-0.645872,0.720741,0.251757],[-0.420936,-0.611301,0.670167]],"armWidth":57.4971,"confidence":1,"direction":[0.389034,0.809273,-0.440147],"elbow":[-297.468,1.48043,211.546],"grabAngle":1.05829,"grabStrength":0.172905,"id":22,"palmNormal":[0.750518,-0.55549,-0.357986],"palmPosition":[-162.947,200.669,22.3617],"palmVelocity":[23.7921,18.7792,23.1319],"palmWidth":81.0528,"pinchDistance":67.6743,"pinchStrength":0,"r":[[0.80856,-0.568657,0.151197],[0.413155,0.731629,0.542237],[-0.418967,-0.375963,0.826509]],"s":1.5678,"sphereCenter":[-119.425,195.185,-7.26694],"sphereRadius":59.109,"stabilizedPalmPosition":[-160.451,197.464,15.5034],"t":[28.4608,73.2215,33.9238],"timeVisible":1.0753,"type":"left","wrist":[-196.102,148.688,50.1625]},{"armBasis":[[0.954758,-0.265209,0.134542],[0.221187,0.935704,0.274836],[-0.19878,-0.232642,0.952031]],"armWidth":57.4971,"confidence":0.0911361,"direction":[0.285361,0.312959,-0.905884],"elbow":[99.2916,177.368,354.378],"grabAngle":1.14808,"grabStrength":0.303218,"id":23,"palmNormal":[-0.191758,-0.90743,-0.373898],"palmPosition":[158.453,252.14,60.764],"palmVelocity":[-305.119,1364.06,120.078],"palmWidth":81.0528,"pinchDistance":56.613,"pinchStrength":0,"r":[[0.999413,0.0320931,0.012002],[-0.0324216,0.999075,0.0282522],[-0.0110842,-0.0286247,0.999529]],"s":0.977073,"sphereCenter":[168.253,191.435,22.6291],"sphereRadius":73.6317,"stabilizedPalmPosition":[160.594,240.244,60.2294],"t":[-2.42048,15.3649,0.351448],"timeVisible":0.017348,"type":"right","wrist":[147.16,233.391,125.119]}],"id":17637,"interactionBox":{"center":[0,200,0],"size":[235.247,235.247,147.751]},"pointables":[{"bases":[[[-0.779286,0.189571,0.597307],[0.62363,0.140845,0.768927],[-0.0616386,-0.971713,0.227981]],[[-0.715244,0.499742,0.488553],[0.666,0.275508,0.69321],[-0.211825,-0.82119,0.529884]],[[-0.715244,0.499742,0.488553],[0.649853,0.732772,0.201834],[0.257133,-0.461848,0.848869]],[[-0.715244,0.499742,0.488553],[0.488219,0.857484,-0.162367],[0.500068,-0.122389,0.857294]]],"btipPosition":[-87.122,394.252,292.243],"carpPosition":[-79.099,341.823,357.618],"dipPosition":[-77.1434,391.81,309.35],"direction":[-0.257133,0.461848,-0.84887],"extended":false,"handId":20,"id":200,"length":44.4358,"mcpPosition":[-79.099,341.823,357.618],"pipPosition":[-69.6683,378.383,334.027],"stabilizedTipPosition":[-83.9689,393.136,292.808],"timeVisible":20.7086,"tipPosition":[-83.5385,393.723,296.804],"tipVelocity":[3.81103,-127.604,-19.7268],"tool":false,"touchDistance":0.505148,"touchZone":"none","type":0,"width":18.3653},{"bases":[[[-0.887496,-0.310725,-0.340295],[-0.442229,0.366686,0.81852],[0.129554,-0.876922,0.462844]],[[-0.874368,-0.379539,-0.302374],[-0.452239,0.411392,0.791351],[0.175954,-0.828678,0.531351]],[[-0.874368,-0.379539,-0.302374],[-0.47969,0.770179,0.420383],[-0.0733305,-0.512616,0.855481]],[[-0.874368,-0.379539,-0.302374],[-0.316366,0.918333,-0.237861],[-0.367958,0.112317,0.923034]]],"btipPosition":[-103.77,447.558,286.305],"carpPosition":[-95.7054,350.806,367.178],"dipPosition":[-109.13,449.194,299.752],"direction":[0.0733305,0.512616,-0.855481],"extended":true,"handId":20,"id":201,"length":50.1408,"mcpPosition":[-104.196,408.275,336.846],"pipPosition":[-110.641,438.63,317.382],"stabilizedTipPosition":[-107.046,449.442,282.542],"timeVisible":20.7086,"tipPosition":[-106.58,449.112,287.399],"tipVelocity":[2.45717,43.7132,-33.8925],"tool":false,"touchDistance":0.499498,"touchZone":"none","type":1,"width":17.5425},{"bases":[[[-0.773353,-0.484272,-0.409153],[-0.582953,0.289533,0.759168],[0.24918,-0.825622,0.506219]],[[-0.778159,-0.467743,-0.419147],[-0.610348,0.720575,0.32901],[-0.148134,-0.511848,0.846208]],[[-0.778159,-0.467743,-0.419147],[-0.610348,0.720575,0.32901],[-0.148134,-0.511848,0.846208]],[[-0.778159,-0.467743,-0.419147],[0.147648,0.512421,-0.845946],[-0.610465,0.720167,0.329684]]],"btipPosition":[-102.121,421.658,272.443],"carpPosition":[-106.095,348.44,364.479],"dipPosition":[-111.902,433.197,277.725],"direction":[0.148134,0.511848,-0.846208],"extended":true,"handId":20,"id":202,"length":57.1314,"mcpPosition":[-121.581,399.751,333.019],"pipPosition":[-115.494,420.787,298.242],"stabilizedTipPosition":[-104.179,424.29,273.58],"timeVisible":20.7086,"tipPosition":[-100.483,415.775,275.169],"tipVelocity":[-0.348566,-112.248,-46.9893],"tool":false,"touchDistance":0.486381,"touchZone":"none","type":2,"width":17.2291},{"bases":[[[-0.682095,-0.620929,-0.386256],[-0.628475,0.227728,0.743747],[0.373853,-0.750058,0.545571]],[[-0.705232,-0.57019,-0.421344],[-0.672324,0.726468,0.142211],[-0.225006,-0.383571,0.895682]],[[-0.705232,-0.57019,-0.421344],[-0.0715652,0.648515,-0.75783],[-0.705355,0.504293,0.49816]],[[-0.705232,-0.57019,-0.421344],[0.511195,0.0028357,-0.85946],[-0.491251,0.821508,-0.289479]]],"btipPosition":[-102.987,375.451,288.541],"carpPosition":[-115.184,343.985,360.259],"dipPosition":[-110.813,388.538,283.929],"direction":[0.705355,-0.504293,-0.49816],"extended":false,"handId":20,"id":203,"length":54.9334,"mcpPosition":[-136.045,385.837,329.816],"pipPosition":[-127.473,400.449,295.695],"stabilizedTipPosition":[-105.297,375.443,288.072],"timeVisible":20.7086,"tipPosition":[-104.934,375.118,292.201],"tipVelocity":[-22.6934,-57.6287,-55.1647],"tool":false,"touchDistance":0.4979,"touchZone":"none","type":3,"width":16.3945},{"bases":[[[-0.520959,-0.732602,-0.43806],[-0.6914,0.0612118,0.719874],[0.500566,-0.6779,0.53841]],[[-0.611199,-0.580849,-0.537634],[-0.768302,0.598586,0.226729],[-0.190125,-0.551642,0.812123]],[[-0.611199,-0.580849,-0.537634],[-0.0579779,0.710311,-0.701496],[-0.789351,0.397583,0.467818]],[[-0.611199,-0.580849,-0.537634],[0.564165,0.156699,-0.810656],[-0.555116,0.798786,-0.231921]]],"btipPosition":[-119.424,369.029,295.575],"carpPosition":[-120.622,335.753,352.262],"dipPosition":[-127.582,380.769,292.166],"direction":[0.789351,-0.397583,-0.467818],"extended":false,"handId":20,"id":204,"length":43.0668,"mcpPosition":[-146.478,370.768,324.452],"pipPosition":[-140.746,387.399,299.968],"stabilizedTipPositio