{"frames":61,"data":[{"currentFrameRate":53.8061,"devices":[],"gestures":[],"hands":[{"armBasis":[[0.739952,-0.031628,-0.671915],[0.319274,0.895718,0.30944],[0.59206,-0.443496,0.672887]],"armWidth":55.9977,"confidence":1,"direction":[0.0432758,0.926135,-0.374702],"elbow":[166.125,226.2,244.5],"grabAngle":0.197086,"grabStrength":0,"id":182,"palmNormal":[-0.41941,-0.323563,-0.848176],"palmPosition":[7.47162,397.148,46.8845],"palmVelocity":[-4.52833,-2.90468,2.7195],"palmWidth":83.544,"pinchDistance":79.7793,"pinchStrength":0,"r":[[-0.181216,-0.00591132,0.983426],[0.945889,-0.274747,0.172648],[0.269173,0.961498,0.05538]],"s":1.29079,"sphereCenter":[1.96543,456.138,70.0498],"sphereRadius":72.0465,"stabilizedPalmPosition":[7.48276,395.452,44.5589],"t":[-15.273,240.537,-53.5555],"timeVisible":2.7838,"type":"right","wrist":[19.3505,336.145,77.6877]}],"id":59398,"interactionBox":{"center":[0,200,0],"size":[235.247,235.247,147.751]},"pointables":[{"bases":[[[0.748456,0.392114,0.534846],[-0.559082,-0.060719,0.826886],[0.356709,-0.917911,0.173778]],[[0.453111,0.812834,0.366049],[-0.71197,0.0828637,0.697303],[0.53646,-0.576571,0.61626]],[[0.453111,0.812834,0.366049],[-0.804445,0.195886,0.5608],[0.384134,-0.548571,0.742638]],[[0.453111,0.812834,0.366049],[-0.851372,0.272831,0.448027],[0.264302,-0.51465,0.815647]]],"btipPosition":[-56.9542,404.719,-0.173639],"carpPosition":[-14.6937,350.112,68.7736],"dipPosition":[-51.285,393.68,17.3219],"direction":[-0.384134,0.548571,-0.742638],"extended":false,"handId":182,"id":1820,"length":47.7656,"mcpPosition":[-14.6937,350.112,68.7736],"pipPosition":[-39.2811,376.538,40.5287],"stabilizedTipPosition":[-56.1373,400.636,3.08621],"timeVisible":2.7838,"tipPosition":[-58.2146,401.085,4.5557],"tipVelocity":[5.06698,-14.9767,-10.2722],"tool":false,"touchDistance":0.333178,"touchZone":"hovering","type":0,"width":17.446},{"bases":[[[0.901158,-0.0356073,-0.432025],[0.398513,0.460245,0.793323],[0.170589,-0.887078,0.428943]],[[0.896831,-0.014431,-0.442137],[0.430615,0.257379,0.865059],[0.101313,-0.966203,0.237039]],[[0.896831,-0.014431,-0.442137],[0.412213,0.389981,0.823405],[0.160542,-0.92071,0.355696]],[[0.896831,-0.014431,-0.442137],[0.412213,0.389981,0.823405],[0.160542,-0.92071,0.355696]]],"btipPosition":[-21.6067,496.365,25.789],"carpPosition":[-0.0238529,363.585,77.547],"dipPosition":[-19.0927,481.947,31.359],"direction":[-0.160542,0.92071,-0.355696],"extended":true,"handId":182,"id":1821,"length":53.8982,"mcpPosition":[-11.547,423.506,48.5722],"pipPosition":[-15.5363,461.551,39.2386],"stabilizedTipPosition":[-20.286,490.237,21.0415],"timeVisible":2.7838,"tipPosition":[-20.0016,492.698,27.0349],"tipVelocity":[-4.59121,-3.8888,-2.84755],"tool":false,"touchDistance":0.333314,"touchZone":"hovering","type":1,"width":16.6644},{"bases":[[[0.834691,-0.233063,-0.498971],[0.548776,0.428012,0.718088],[0.0462059,-0.873206,0.485157]],[[0.83141,-0.18985,-0.52222],[0.553994,0.210501,0.805469],[-0.0429909,-0.958982,0.280188]],[[0.83141,-0.18985,-0.52222],[0.551833,0.392214,0.735968],[0.0650985,-0.900069,0.430857]],[[0.83141,-0.18985,-0.52222],[0.52207,0.588696,0.617155],[0.190262,-0.785744,0.588563]]],"btipPosition":[4.55109,499.677,8.90072],"carpPosition":[10.5853,364.385,73.7231],"dipPosition":[7.82801,486.144,19.0377],"direction":[-0.0650985,0.900069,-0.430857],"extended":true,"handId":182,"id":1822,"length":61.4127,"mcpPosition":[7.62545,420.322,42.6446],"pipPosition":[9.52464,462.686,30.2669],"stabilizedTipPosition":[5.27613,494.283,7.47867],"timeVisible":2.7838,"tipPosition":[6.71956,496.079,11.1125],"tipVelocity":[-4.81011,-4.77938,-2.60825],"tool":false,"touchDistance":0.333317,"touchZone":"hovering","type":2,"width":16.3667},{"bases":[[[0.788633,-0.39062,-0.474841],[0.608202,0.382212,0.695704],[-0.0902652,-0.837454,0.539001]],[[0.792213,-0.347353,-0.501741],[0.588437,0.216978,0.778886],[-0.161681,-0.912286,0.376288]],[[0.792213,-0.347353,-0.501741],[0.609373,0.406367,0.680831],[-0.0325973,-0.845111,0.533597]],[[0.792213,-0.347353,-0.501741],[0.59859,0.602237,0.528205],[0.118694,-0.718788,0.685022]]],"btipPosition":[30.9805,482.07,-3.33651],"carpPosition":[20.3731,362.781,68.3506],"dipPosition":[33.013,469.761,8.39397],"direction":[0.0325973,0.845111,-0.533597],"extended":true,"handId":182,"id":1823,"length":59.0499,"mcpPosition":[25.5646,410.946,37.3506],"pipPosition":[32.1854,448.304,21.9417],"stabilizedTipPosition":[30.824,476.402,-4.27549],"timeVisible":2.7838,"tipPosition":[32.6625,478.419,-1.55107],"tipVelocity":[-3.61776,-5.70965,-2.05485],"tool":false,"touchDistance":0.333321,"touchZone":"hovering","type":3,"width":15.5739},{"bases":[[[0.661479,-0.542667,-0.517646],[0.713079,0.241305,0.658247],[-0.232299,-0.80454,0.546583]],[[0.642619,-0.600326,-0.476077],[0.678942,0.158216,0.716942],[-0.355076,-0.783949,0.509259]],[[0.642619,-0.600326,-0.476077],[0.747393,0.354383,0.561975],[-0.168655,-0.716953,0.676413]],[[0.642619,-0.600326,-0.476077],[0.766,0.517056,0.381965],[0.0168553,-0.610133,0.79212]]],"btipPosition":[53.9274,447.186,-10.9936],"carpPosition":[27.2957,356.456,59.2494],"dipPosition":[54.1937,437.548,1.52014],"direction":[0.168655,0.716953,-0.676413],"extended":true,"handId":182,"id":1824,"length":46.294,"mcpPosition":[39.6633,399.29,30.1493],"pipPosition":[51.1704,424.695,13.6455],"stabilizedTipPosition":[53.2787,442.094,-10.8442],"timeVisible":2.7838,"tipPosition":[53.4279,442.654,-10.6832],"tipVelocity":[-6.5657,-9.11083,-3.62961],"tool":false,"touchDistance":0.333288,"touchZone":"hovering","type":4,"width":13.834}],"r":[[-0.181216,-0.00591132,0.983426],[0.945889,-0.274747,0.172648],[0.269173,0.961498,0.05538]],"s":1.29079,"t":[-15.273,240.537,-53.5555],"timestamp":630307776063},{"currentFrameRate":53.9417,"devices":[],"gestures":[],"hands":[{"armBasis":[[0.738839,-0.033575,-0.673045],[0.320182,0.896313,0.306769],[0.592959,-0.44215,0.672981]],"armWidth":55.9977,"confidence":1,"direction":[0.0435741,0.926305,-0.374246],"elbow":[166.369,226.334,244.612],"grabAngle":0.196107,"grabStrength":0,"id":182,"palmNormal":[-0.421584,-0.322566,-0.847477],"palmPosition":[7.49649,396.961,47.0113],"palmVelocity":[1.37735,-10.3883,7.02158],"palmWidth":83.544,"pinchDistance":79.8484,"pinchStrength":0,"r":[[-0.180102,-0.0064704,0.983627],[0.946095,-0.274805,0.171422],[0.269197,0.961478,0.0556146]],"s":1.29102,"sphereCenter":[2.06041,455.948,70.2314],"sphereRadius":72.0607,"stabilizedPalmPosition":[7.48283,395.461,44.5728],"t":[-15.2728,240.458,-53.4429],"timeVisible":2.80186,"type":"right","wrist":[19.3717,335.945,77.7767]}],"id":59399,"interactionBox":{"center":[0,200,0],"size":[235.247,235.247,147.751]},"pointables":[{"bases":[[[0.750047,0.390916,0.533493],[-0.557403,-0.0605511,0.828031],[0.355994,-0.918433,0.172481]],[[0.454093,0.812708,0.36511],[-0.711824,0.0844806,0.697258],[0.535823,-0.576514,0.616867]],[[0.454093,0.812708,0.36511],[-0.804345,0.197702,0.560306],[0.383182,-0.548105,0.743473]],[[0.454093,0.812708,0.36511],[-0.851209,0.274703,0.447192],[0.26314,-0.513852,0.816525]]],"btipPosition":[-56.8545,404.511,-0.10053],"carpPosition":[-14.6779,349.938,68.9195],"dipPosition":[-51.2102,393.489,17.4138],"direction":[-0.383182,0.548105,-0.743473],"extended":false,"handId":182,"id":1820,"length":47.7656,"mcpPosition":[-14.6779,349.938,68.9195],"pipPosition":[-39.236,376.361,40.6468],"stabilizedTipPosition":[-56.1273,400.659,3.10065],"timeVisible":2.80186,"tipPosition":[-58.2265,401.017,4.80813],"tipVelocity":[5.2042,-11.3402,4.28859],"tool":false,"touchDistance":0.333384,"touchZone":"hovering","type":0,"width":17.446},{"bases":[[[0.9002,-0.0364118,-0.433952],[0.400733,0.459305,0.79275],[0.170451,-0.887532,0.428057]],[[0.895846,-0.0150838,-0.444109],[0.432788,0.256262,0.864306],[0.100771,-0.96649,0.236099]],[[0.895846,-0.0150838,-0.444109],[0.414679,0.387539,0.823319],[0.15969,-0.92173,0.35343]],[[0.895846,-0.0150838,-0.444109],[0.414679,0.387539,0.823319],[0.15969,-0.92173,0.35343]]],"btipPosition":[-21.4936,496.248,26.0943],"carpPosition":[0.0263668,363.388,77.6697],"dipPosition":[-18.993,481.815,31.6288],"direction":[-0.15969,0.92173,-0.35343],"extended":true,"handId":182,"id":1821,"length":53.8982,"mcpPosition":[-11.4875,423.34,48.7548],"pipPosition":[-15.4554,461.396,39.4582],"stabilizedTipPosition":[-20.2881,490.247,21.0631],"timeVisible":2.80186,"tipPosition":[-19.91,492.555,27.2766],"tipVelocity":[6.09322,-6.64731,16.4545],"tool":false,"touchDistance":0.333555,"touchZone":"hovering","type":1,"width":16.6644},{"bases":[[[0.833359,-0.233749,-0.500874],[0.550798,0.42694,0.717178],[0.0462034,-0.873547,0.484542]],[[0.830055,-0.190272,-0.524219],[0.555972,0.208787,0.804551],[-0.0436332,-0.959273,0.279091]],[[0.830055,-0.190272,-0.524219],[0.553922,0.390261,0.735437],[0.0646492,-0.900829,0.429334]],[[0.830055,-0.190272,-0.524219],[0.524221,0.586912,0.61703],[0.190267,-0.786976,0.586914]]],"btipPosition":[4.63429,499.546,9.15746],"carpPosition":[10.6284,364.178,73.8239],"dipPosition":[7.9113,485.992,19.266],"direction":[-0.0646492,0.900829,-0.429334],"extended":true,"handId":182,"id":1822,"length":61.4127,"mcpPosition":[7.66865,420.137,42.7848],"pipPosition":[9.59622,462.514,30.4555],"stabilizedTipPosition":[5.2771,494.302,7.51345],"timeVisible":2.80186,"tipPosition":[6.77898,495.916,11.3002],"tipVelocity":[4.60838,-7.54743,13.8562],"tool":false,"touchDistance":0.33352,"touchZone":"hovering","type":2,"width":16.3667},{"bases":[[[0.787166,-0.391266,-0.47674],[0.610123,0.381084,0.694641],[-0.0901113,-0.837667,0.538696]],[[0.790757,-0.347698,-0.503795],[0.590301,0.215312,0.777937],[-0.162013,-0.91255,0.375506]],[[0.790757,-0.347698,-0.503795],[0.611258,0.404598,0.680194],[-0.0326675,-0.845817,0.532471]],[[0.790757,-0.347698,-0.503795],[0.600475,0.600451,0.528099],[0.118886,-0.720114,0.683595]]],"btipPosition":[31.0135,481.918,-3.15479],"carpPosition":[20.4029,362.566,68.4298],"dipPosition":[33.0493,469.587,8.55124],"direction":[0.0326675,0.845817,-0.532471],"extended":true,"handId":182,"id":1823,"length":59.0499,"mcpPosition":[25.5855,410.743,37.4472],"pipPosition":[32.2199,448.112,22.0704],"stabilizedTipPosition":[30.8337,476.441,-4.21918],"timeVisible":2.80186,"tipPosition":[32.6757,478.234,-1.42556],"tipVelocity":[1.87069,-8.6961,9.75193],"tool":false,"touchDistance":0.333465,"touchZone":"hovering","type":3,"width":15.5739},{"bases":[[[0.659743,-0.543139,-0.519365],[0.714754,0.240076,0.656879],[-0.23209,-0.804589,0.546599]],[[0.640945,-0.600684,-0.477878],[0.680578,0.156816,0.715697],[-0.354969,-0.783956,0.509323]],[[0.640945,-0.600684,-0.477878],[0.748943,0.353014,0.560773],[-0.16815,-0.717328,0.676141]],[[0.640945,-0.600684,-0.477878],[0.767381,0.515853,0.380817],[0.0177645,-0.610798,0.791588]]],"btipPosition":[53.8925,446.988,-10.9225],"carpPosition":[27.2988,356.238,59.3102],"dipPosition":[54.1731,437.339,1.58291],"direction":[0.16815,0.717328,-0.676141],"extended":true,"handId":182,"id":1824,"length":46.294,"mcpPosition":[39.6552,399.074,30.2092],"pipPosition":[51.1589,424.48,13.7034],"stabilizedTipPosition":[53.2945,442.156,-10.779],"timeVisible":2.80186,"tipPosition":[53.3851,442.449,-10.6239],"tipVelocity":[-1.7534,-11.1056,3.83438],"tool":false,"touchDistance":0.333383,"touchZone":"hovering","type":4,"width":13.834}],"r":[[-0.180102,-0.0064704,0.983627],[0.946095,-0.274805,0.171422],[0.269197,0.961478,0.0556146]],"s":1.29102,"t":[-15.2728,240.458,-53.4429],"timestamp":630307794121},{"currentFrameRate":54.0471,"devices":[],"gestures":[],"hands":[{"armBasis":[[0.737899,-0.0335984,-0.674074],[0.319932,0.896827,0.305523],[0.594263,-0.441103,0.672517]],"armWidth":55.9977,"confidence":1,"direction":[0.043364,0.925927,-0.375206],"elbow":[166.602,226.429,244.683],"grabAngle":0.194695,"grabStrength":0,"id":182,"palmNormal":[-0.42158,-0.323525,-0.847114],"palmPosition":[7.37784,396.763,47.1424],"palmVelocity":[-6.54454,-10.9119,7.2311],"palmWidth":83.544,"pinchDistance":79.9474,"pinchStrength":0,"r":[[-0.179196,-0.00672154,0.98379],[0.946273,-0.274778,0.170485],[0.269178,0.961484,0.0555997]],"s":1.29129,"sphereCenter":[2.13449,455.751,70.2526],"sphereRadius":72.0073,"stabilizedPalmPosition":[7.48222,395.468,44.5879],"t":[-15.332,240.32,-53.321],"timeVisible":2.81999,"type":"right","wrist":[19.2812,335.781,77.9625]}],"id":59400,"interactionBox":{"center":[0,200,0],"size":[235.247,235.247,147.751]},"pointables":[{"bases":[[[0.750007,0.391615,0.533035],[-0.557332,-0.0598059,0.828133],[0.356188,-0.918183,0.173405]],[[0.453542,0.81352,0.363984],[-0.712562,0.0856955,0.696356],[0.535308,-0.575188,0.618551]],[[0.453542,0.81352,0.363984],[-0.805426,0.199286,0.558188],[0.38156,-0.546324,0.745616]],[[0.453542,0.81352,0.363984],[-0.852231,0.276378,0.444204],[0.260772,-0.511664,0.818656]]],"btipPosition":[-56.8372,404.168,-0.109083],"carpPosition":[-14.7856,349.758,69.1007],"dipPosition":[-51.2437,393.193,17.451],"direction":[-0.38156,0.546324,-0.745616],"extended":false,"handId":182,"id":1820,"length":47.7656,"mcpPosition":[-14.7856,349.758,69.1007],"pipPosition":[-39.3202,376.12,40.7509],"stabilizedTipPosition":[-56.1166,400.678,3.11599],"timeVisible":2.81999,"tipPosition":[-58.3125,400.774,4.92656],"tipVelocity":[0.308792,-18.3227,0.108102],"tool":false,"touchDistance":0.333337,"touchZone":"hovering","type":0,"width":17.446},{"bases":[[[0.900176,-0.0366818,-0.433978],[0.400698,0.460203,0.792246],[0.170657,-0.887055,0.428962]],[[0.89593,-0.0158831,-0.443912],[0.432904,0.255128,0.864583],[0.0995221,-0.966777,0.235453]],[[0.89593,-0.0158831,-0.443912],[0.414982,0.386369,0.823717],[0.158431,-0.922208,0.352751]],[[0.89593,-0.0158831,-0.443912],[0.414982,0.386369,0.823717],[0.158431,-0.922208,0.352751]]],"btipPosition":[-21.5205,496.078,26.2507],"carpPosition":[-0.0834643,363.22,77.836],"dipPosition":[-19.0396,481.637,31.7745],"direction":[-0.158431,0.922208,-0.352751],"extended":true,"handId":182,"id":1821,"length":53.8982,"mcpPosition":[-11.6112,423.14,48.86],"pipPosition":[-15.53,461.208,39.5888],"stabilizedTipPosition":[-20.2905,490.256,21.0865],"timeVisible":2.81999,"tipPosition":[-20.0591,492.337,27.3132],"tipVelocity":[-1.73622,-9.49625,8.48788],"tool":false,"touchDistance":0.333459,"touchZone":"hovering","type":1,"width":16.6644},{"bases":[[[0.83337,-0.234101,-0.500691],[0.550764,0.42779,0.716697],[0.0464108,-0.873036,0.485441]],[[0.830083,-0.190927,-0.523936],[0.555871,0.208526,0.804689],[-0.0443827,-0.9592,0.279225]],[[0.830083,-0.190927,-0.523936],[0.554,0.389533,0.735764],[0.0636132,-0.901005,0.429118]],[[0.830083,-0.190927,-0.523936],[0.524472,0.586504,0.617205],[0.18945,-0.787121,0.586983]]],"btipPosition":[4.58493,499.348,9.26311],"carpPosition":[10.5181,364.009,73.9887],"dipPosition":[7.84787,485.791,19.3728],"direction":[-0.0636132,0.901005,-0.429118],"extended":true,"handId":182,"id":1822,"length":61.4127,"mcpPosition":[7.54511,419.934,42.8919],"pipPosition":[9.50578,462.309,30.5567],"stabilizedTipPosition":[5.27774,494.323,7.55787],"timeVisible":2.81999,"tipPosition":[6.62759,495.685,11.3312],"tipVelocity":[-2.90082,-10.9705,5.84202],"tool":false,"touchDistance":0.333421,"touchZone":"hovering","type":2,"width":16.3667},{"bases":[[[0.78721,-0.391602,-0.476391],[0.610096,0.381922,0.694203],[-0.0899072,-0.837128,0.539568]],[[0.790777,-0.348292,-0.503353],[0.590176,0.215703,0.777923],[-0.16237,-0.912231,0.376127]],[[0.790777,-0.348292,-0.503353],[0.611202,0.404661,0.680207],[-0.0332235,-0.845543,0.532873]],[[0.790777,-0.348292,-0.503353],[0.600647,0.599899,0.52853],[0.117879,-0.720287,0.683587]]],"btipPosition":[30.9374,481.697,-3.07469],"carpPosition":[20.2925,362.392,68.5955],"dipPosition":[32.956,469.362,8.63121],"direction":[0.0332235,0.845543,-0.532873],"extended":true,"handId":182,"id":1823,"length":59.0499,"mcpPosition":[25.4635,410.539,37.5628],"pipPosition":[32.1124,447.895,22.1605],"stabilizedTipPosition":[30.8443,476.486,-4.14777],"timeVisible":2.81999,"tipPosition":[32.5321,477.995,-1.37549],"tipVelocity":[-4.41711,-12.2392,4.41633],"tool":false,"touchDistance":0.333399,"touchZone":"hovering","type":3,"width":15.5739},{"bases":[[[0.659814,-0.543544,-0.51885],[0.714753,0.240896,0.65658],[-0.231892,-0.80407,0.547446]],[[0.640874,-0.601477,-0.476977],[0.680503,0.157602,0.715596],[-0.355242,-0.783191,0.510309]],[[0.640874,-0.601477,-0.476977],[0.748971,0.353708,0.560298],[-0.168296,-0.716322,0.677171]],[[0.640874,-0.601477,-0.476977],[0.767449,0.516108,0.380335],[0.0174087,-0.609802,0.792363]]],"btipPosition":[53.7893,446.721,-10.8585],"carpPosition":[27.1891,356.057,59.482],"dipPosition":[54.0643,437.087,1.65913],"direction":[0.168296,0.716322,-0.677171],"extended":true,"handId":182,"id":1824,"length":46.294,"mcpPosition":[39.535,398.865,30.3359],"pipPosition":[51.0474,424.246,13.7981],"stabilizedTipPosition":[53.3088,442.216,-10.7074],"timeVisible":2.81999,"tipPosition":[53.2547,442.206,-10.5371],"tipVelocity":[-5.76242,-14.5492,3.68432],"tool":false,"touchDistance":0.333386,"touchZone":"hovering","type":4,"width":13.834}],"r":[[-0.179196,-0.00672154,0.98379],[0.946273,-0.274778,0.170485],[0.269178,0.961484,0.0555997]],"s":1.29129,"t":[-15.332,240.32,-53.321],"timestamp":630307812251},{"currentFrameRate":54.1624,"devices":[],"gestures":[],"hands":[{"armBasis":[[0.738172,-0.0330581,-0.673802],[0.318702,0.897403,0.30512],[0.594585,-0.439973,0.672973]],"armWidth":55.9977,"confidence":1,"direction":[0.0451674,0.92762,-0.370785],"elbow":[166.65,226.286,244.793],"grabAngle":0.19563,"grabStrength":0,"id":182,"palmNormal":[-0.420275,-0.319074,-0.849447],"palmPosition":[7.44554,396.461,47.3724],"palmVelocity":[3.74906,-16.6904,12.737],"palmWidth":83.544,"pinchDistance":79.9261,"pinchStrength":0,"r":[[-0.178861,-0.00780134,0.983843],[0.946283,-0.275135,0.169851],[0.269364,0.961374,0.0565932]],"s":1.29126,"sphereCenter":[2.18298,455.296,70.6634],"sphereRadius":71.9411,"stabilizedPalmPosition":[7.48201,395.474,44.6035],"t":[-15.3277,240.1,-53.1451],"timeVisible":2.83805,"type":"right","wrist":[19.2495,335.357,77.9599]}],"id":59401,"interactionBox":{"center":[0,200,0],"size":[235.247,235.247,147.751]},"pointables":[{"bases":[[[0.749401,0.388252,0.536338],[-0.559036,-0.0630321,0.826744],[0.354792,-0.919395,0.169811]],[[0.453725,0.81131,0.36866],[-0.714688,0.0841715,0.69436],[0.532311,-0.578525,0.618025]],[[0.453725,0.81131,0.36866],[-0.807256,0.198968,0.555653],[0.377455,-0.549716,0.745212]],[[0.453725,0.81131,0.36866],[-0.853803,0.277274,0.440613],[0.255255,-0.51468,0.818505]]],"btipPosition":[-56.4828,404.114,-0.102927],"carpPosition":[-14.8152,349.38,69.0669],"dipPosition":[-51.0076,393.074,17.4539],"direction":[-0.377455,0.549716,-0.745212],"extended":false,"handId":182,"id":1820,"length":47.7656,"mcpPosition":[-14.8152,349.38,69.0669],"pipPosition":[-39.2124,375.896,40.7412],"stabilizedTipPosition":[-56.0993,400.695,3.13186],"timeVisible":2.83805,"tipPosition":[-58.1153,400.757,5.03072],"tipVelocity":[18.1225,-3.82524,0.299449],"tool":false,"touchDistance":0.333338,"touchZone":"hovering","type":0,"width":17.446},{"bases":[[[0.90099,-0.0356932,-0.43237],[0.399659,0.456031,0.795178],[0.168792,-0.889248,0.425145]],[[0.89678,-0.0148126,-0.442229],[0.431426,0.251246,0.866457],[0.0982736,-0.96781,0.231703]],[[0.89678,-0.0148126,-0.442229],[0.41377,0.382202,0.826267],[0.156781,-0.92396,0.34888]],[[0.89678,-0.0148126,-0.442229],[0.41377,0.382202,0.826267],[0.156781,-0.92396,0.34888]]],"btipPosition":[-21.3144,495.897,26.8606],"carpPosition":[-0.114887,362.784,77.894],"dipPosition":[-18.8593,481.429,32.3238],"direction":[-0.156781,0.92396,-0.34888],"extended":true,"handId":182,"id":1821,"length":53.8982,"mcpPosition":[-11.5166,422.852,49.1759],"pipPosition":[-15.3862,460.96,40.0524],"stabilizedTipPosition":[-20.2916,490.261,21.1023],"timeVisible":2.83805,"tipPosition":[-19.8446,492.159,27.9368],"tipVelocity":[11.0861,-10.3626,33.0061],"tool":false,"touchDistance":0.333786,"touchZone":"hovering","type":1,"width":16.6644},{"bases":[[[0.834089,-0.232721,-0.500137],[0.549837,0.423798,0.719774],[0.04445,-0.875349,0.481444]],[[0.830882,-0.189271,-0.523271],[0.554549,0.204007,0.806757],[-0.0459443,-0.960499,0.274466]],[[0.830882,-0.189271,-0.523271],[0.552996,0.385461,0.738658],[0.0618939,-0.903104,0.424938]],[[0.830882,-0.189271,-0.523271],[0.523824,0.583308,0.620774],[0.187734,-0.789891,0.583805]]],"btipPosition":[4.83095,499.226,9.97576],"carpPosition":[10.4952,363.579,74.0713],"dipPosition":[8.06433,485.621,20.0308],"direction":[-0.0618939,0.903104,-0.424938],"extended":true,"handId":182,"id":1822,"length":61.4127,"mcpPosition":[7.64777,419.652,43.2307],"pipPosition":[9.67744,462.084,31.1057],"stabilizedTipPosition":[5.27952,494.334,7.58634],"timeVisible":2.83805,"tipPosition":[6.87817,495.552,12.0231],"tipVelocity":[13.2485,-7.37342,38.7716],"tool":false,"touchDistance":0.333862,"touchZone":"hovering","type":2,"width":16.3667},{"bases":[[[0.7877,-0.390281,-0.476664],[0.60916,0.377968,0.697183],[-0.0919335,-0.839536,0.535469]],[[0.791389,-0.346547,-0.503596],[0.588967,0.211533,0.779982],[-0.163773,-0.91387,0.371509]],[[0.791389,-0.346547,-0.503596],[0.610329,0.401165,0.683056],[-0.0346862,-0.847922,0.528985]],[[0.791389,-0.346547,-0.503596],[0.60015,0.597154,0.532191],[0.116296,-0.723403,0.680561]]],"btipPosition":[31.1615,481.6,-2.4049],"carpPosition":[20.2784,361.976,68.6899],"dipPosition":[33.153,469.212,9.24919],"direction":[0.0346862,0.847922,-0.528985],"extended":true,"handId":182,"id":1823,"length":59.0499,"mcpPosition":[25.5658,410.261,37.893],"pipPosition":[32.2723,447.684,22.6798],"stabilizedTipPosition":[30.852,476.509,-4.10408],"timeVisible":2.83805,"tipPosition":[32.7859,477.893,-0.712869],"tipVelocity":[12.0663,-6.0372,36.435],"tool":false,"touchDistance":0.33383,"touchZone":"hovering","type":3,"width":15.5739},{"bases":[[[0.660215,-0.541875,-0.520085],[0.713729,0.236998,0.659107],[-0.233895,-0.806352,0.543222]],[[0.641318,-0.599458,-0.478917],[0.679581,0.154012,0.717252],[-0.356203,-0.785449,0.506151]],[[0.641318,-0.599458,-0.478917],[0.748541,0.35173,0.562114],[-0.168514,-0.718983,0.67429]],[[0.641318,-0.599458,-0.478917],[0.767074,0.515215,0.382298],[0.0175733,-0.612539,0.790245]]],"btipPosition":[53.925,446.625,-10.3352],"carpPosition":[27.1856,355.675,59.5605],"dipPosition":[54.2026,436.948,2.14894],"direction":[0.168514,0.718983,-0.67429],"extended":true,"handId":182,"id":1824,"length":46.294,"mcpPosition":[39.6382,398.605,30.6393],"pipPosition":[51.1818,424.06,14.2363],"stabilizedTipPosition":[53.3176,442.244,-10.6651],"timeVisible":2.83805,"tipPosition":[53.4917,442.135,-9.98658],"tipVelocity":[7.54983,-5.86054,28.5535],"tool":false,"touchDistance":0.333722,"touchZone":"hovering","type":4,"width":13.834}],"r":[[-0.178861,-0.00780134,0.983843],[0.946283,-0.275135,0.169851],[0.269364,0.961374,0.0565932]],"s":1.29126,"t":[-15.3277,240.1,-53.1451],"timestamp":630307830307},{"currentFrameRate":54.2608,"devices":[],"gestures":[],"hands":[{"armBasis":[[0.737637,-0.0333111,-0.674375],[0.319181,0.897342,0.304798],[0.594992,-0.440078,0.672545]],"armWidth":55.9977,"confidence":1,"direction":[0.0468996,0.928431,-0.368534],"elbow":[166.616,225.834,244.92],"grabAngle":0.195077,"grabStrength":0,"id":182,"palmNormal":[-0.420343,-0.31634,-0.850435],"palmPosition":[7.40788,396.112,47.7347],"palmVelocity":[-2.08212,-19.341,20.0359],"palmWidth":83.544,"pinchDistance":79.895,"pinchStrength":0,"r":[[-0.178702,-0.00907843,0.983861],[0.946182,-0.275813,0.169313],[0.269825,0.961168,0.0578783]],"s":1.29114,"sphereCenter":[2.22669,454.879,71.1174],"sphereRadius":71.913,"stabilizedPalmPosition":[7.48166,395.477,44.6184],"t":[-15.3444,239.816,-52.8759],"timeVisible":2.85613,"type":"right","wrist":[19.115,334.932,78.1931]}],"id":59402,"interactionBox":{"center":[0,200,0],"size":[235.247,235.247,147.751]},"pointables":[{"bases":[[[0.749751,0.385725,0.53767],[-0.559586,-0.0640914,0.82629],[0.353181,-0.920385,0.167794]],[[0.454742,0.809776,0.370774],[-0.715979,0.0847844,0.692954],[0.529702,-0.580581,0.618338]],[[0.454742,0.809776,0.370774],[-0.808017,0.200016,0.554168],[0.374591,-0.551595,0.745268]],[[0.454742,0.809776,0.370774],[-0.854255,0.278828,0.438752],[0.251909,-0.516254,0.81855]]],"btipPosition":[-56.329,403.935,0.117293],"carpPosition":[-14.9423,349.015,69.3042],"dipPosition":[-50.9256,392.862,17.6751],"direction":[-0.374591,0.551594,-0.745268],"extended":false,"handId":182,"id":1820,"length":47.7656,"mcpPosition":[-14.9423,349.015,69.3042],"pipPosition":[-39.2199,375.625,40.9641],"stabilizedTipPosition":[-56.0851,400.705,3.14626],"timeVisible":2.85613,"tipPosition":[-58.0844,400.627,5.35294],"tipVelocity":[7.58841,-10.2773,12.1906],"tool":false,"touchDistance":0.333499,"touchZone":"hovering","type":0,"width":17.446},{"bases":[[[0.901163,-0.0361449,-0.431971],[0.399982,0.453461,0.796485],[0.167093,-0.890543,0.423099]],[[0.896977,-0.0151565,-0.441818],[0.431251,0.249831,0.866953],[0.09724,-0.968171,0.230629]],[[0.896977,-0.0151565,-0.441818],[0.413748,0.380794,0.826927],[0.155708,-0.924536,0.347835]],[[0.896977,-0.0151565,-0.441818],[0.413748,0.380794,0.826927],[0.155708,-0.924536,0.347835]]],"btipPosition":[-21.2282,495.61,27.3578],"carpPosition":[-0.22463,362.374,78.1714],"dipPosition":[-18.7899,481.133,32.8047],"direction":[-0.155708,0.924536,-0.347835],"extended":true,"handId":182,"id":1821,"length":53.8982,"mcpPosition":[-11.5116,422.529,49.5914],"pipPosition":[-15.3405,460.652,40.5101],"stabilizedTipPosition":[-20.2922,490.264,21.1151],"timeVisible":2.85613,"tipPosition":[-19.7201,491.904,28.5148],"tipVelocity":[4.55647,-15.9792,27.2914],"tool":false,"touchDistance":0.333724,"touchZone":"hovering","type":1,"width":16.6644},{"bases":[[[0.833973,-0.232899,-0.500247],[0.550147,0.42116,0.721084],[0.0427442,-0.876574,0.479365]],[[0.830851,-0.189391,-0.523276],[0.554468,0.201543,0.807431],[-0.0474578,-0.960995,0.272464]],[[0.830851,-0.189391,-0.523276],[0.553232,0.38279,0.739869],[0.06018,-0.904214,0.422819]],[[0.830851,-0.189391,-0.523276],[0.524581,0.580401,0.622856],[0.185746,-0.792001,0.581578]]],"btipPosition":[4.97959,498.973,10.5759],"carpPosition":[10.3888,363.16,74.3562],"dipPosition":[8.17874,485.332,20.5925],"direction":[-0.06018,0.904214,-0.422819],"extended":true,"handId":182,"id":1822,"length":61.4127,"mcpPosition":[7.65066,419.312,43.6488],"pipPosition":[9.74718,461.766,31.6122],"stabilizedTipPosition":[5.28119,494.339,7.60661],"timeVisible":2.85613,"tipPosition":[7.02233,495.288,12.6233],"tipVelocity":[7.78487,-14.4559,32.6996],"tool":false,"touchDistance":0.333801,"touchZone":"hovering","type":2,"width":16.3667},{"bases":[[[0.787312,-0.390437,-0.477177],[0.609407,0.375286,0.698415],[-0.0936091,-0.840666,0.533403]],[[0.791101,-0.346415,-0.504139],[0.588955,0.208785,0.780731],[-0.1652,-0.914552,0.369193]],[[0.791101,-0.346415,-0.504139],[0.610602,0.398198,0.684547],[-0.0363904,-0.849374,0.526536]],[[0.791101,-0.346415,-0.504139],[0.60092,0.594085,0.534751],[0.114256,-0.725989,0.678149]]],"btipPosition":[31.2883,481.352,-1.8014],"carpPosition":[20.1722,361.554,68.9763],"dipPosition":[33.2449,468.92,9.81139],"direction":[0.0363904,0.849374,-0.526536],"extended":true,"handId":182,"id":1823,"length":59.0499,"mcpPosition":[25.5561,409.904,38.2982],"pipPosition":[32.321,447.355,23.1798],"stabilizedTipPosition":[30.8572,476.521,-4.07455],"timeVisible":2.85613,"tipPosition":[32.9064,477.618,-0.139452],"tipVelocity":[6.57097,-14.2758,32.8489],"tool":false,"touchDistance":0.333801,"touchZone":"hovering","type":3,"width":15.5739},{"bases":[[[0.6596,-0.541716,-0.52103],[0.713764,0.234236,0.660057],[-0.23552,-0.807265,0.541159]],[[0.640645,-0.599205,-0.480132],[0.679391,0.151,0.718071],[-0.357772,-0.786227,0.503832]],[[0.640645,-0.599205,-0.480132],[0.74863,0.348456,0.564032],[-0.170666,-0.720785,0.67182]],[[0.640645,-0.599205,-0.480132],[0.767692,0.512,0.385363],[0.0149161,-0.615475,0.788015]]],"btipPosition":[54.0313,446.366,-9.79581],"carpPosition":[27.074,355.264,59.8354],"dipPosition":[54.2669,436.643,2.65314],"direction":[0.170666,0.720785,-0.67182],"extended":true,"handId":182,"id":1824,"length":46.294,"mcpPosition":[39.6131,398.243,31.0241],"pipPosition":[51.2075,423.722,14.6962],"stabilizedTipPosition":[53.3237,442.259,-10.6355],"timeVisible":2.85613,"tipPosition":[53.562,441.854,-9.48191],"tipVelocity":[5.34161,-14.9079,29.3825],"tool":false,"touchDistance":0.333749,"touchZone":"hovering","type":4,"width":13.834}],"r":[[-0.178702,-0.00907843,0.983861],[0.946182,-0.275813,0.169313],[0.269825,0.961168,0.0578783]],"s":1.29114,"t":[-15.3444,239.816,-52.8759],"timestamp":630307848390},{"currentFrameRate":54.3499,"devices":[],"gestures":[],"hands":[{"armBasis":[[0.736166,-0.0329901,-0.675997],[0.319394,0.897529,0.304022],[0.596697,-0.43972,0.671267]],"armWidth":55.9977,"confidence":1,"direction":[0.046886,0.9287,-0.367857],"elbow":[167.015,224.774,244.991],"grabAngle":0.19533,"grabStrength":0,"id":182,"palmNormal":[-0.421228,-0.315536,-0.850297],"palmPosition":[7.3615,394.983,48.1804],"palmVelocity":[-2.56489,-62.3809,24.6458],"palmWidth":83.544,"pinchDistance":79.7686,"pinchStrength":0,"r":[[-0.178397,-0.0102403,0.983905],[0.946112,-0.276447,0.168667],[0.270271,0.960975,0.0590057]],"s":1.29068,"sphereCenter":[2.53379,453.511,71.1642],"sphereRadius":71.5695,"stabilizedPalmPosition":[7.48043,395.472,44.6547],"t":[-15.376,239.109,-52.5185],"timeVisible":2.87421,"type":"right","wrist":[19.0911,333.782,78.5807]}],"id":59403,"interactionBox":{"center":[0,200,0],"size":[235.247,235.247,147.751]},"pointables":[{"bases":[[[0.750375,0.385049,0.537285],[-0.558855,-0.0645377,0.82675],[0.353014,-0.920637,0.166759]],[[0.456218,0.808607,0.371509],[-0.715584,0.085197,0.693311],[0.528965,-0.582147,0.617495]],[[0.456218,0.808607,0.371509],[-0.808072,0.20161,0.55351],[0.372672,-0.552727,0.745391]],[[0.456218,0.808607,0.371509],[-0.854037,0.280588,0.438054],[0.249973,-0.517131,0.81859]]],"btipPosition":[-56.2368,402.924,0.580844],"carpPosition":[-14.9854,347.878,69.7338],"dipPosition":[-50.875,391.832,18.1395],"direction":[-0.372672,0.552728,-0.745391],"extended":false,"handId":182,"id":1820,"length":47.7656,"mcpPosition":[-14.9854,347.878,69.7338],"pipPosition":[-39.2292,374.56,41.4324],"stabilizedTipPosition":[-56.0639,400.698,3.17513],"timeVisible":2.87421,"tipPosition":[-58.1298,399.565,5.84701],"tipVelocity":[4.56976,-56.148,25.6413],"tool":false,"touchDistance":0.333689,"touchZone":"hovering","type":0,"width":17.446},{"bases":[[[0.900756,-0.0361225,-0.43282],[0.400865,0.452705,0.796471],[0.167169,-0.890928,0.422257]],[[0.896755,-0.016013,-0.442237],[0.431772,0.25064,0.86646],[0.0969676,-0.967948,0.231677]],[[0.896755,-0.016013,-0.442237],[0.414239,0.381939,0.826153],[0.155678,-0.924049,0.349139]],[[0.896755,-0.016013,-0.442237],[0.414239,0.381939,0.826153],[0.155678,-0.924049,0.349139]]],"btipPosition":[-21.2518,494.46,27.7507],"carpPosition":[-0.25499,361.225,78.5979],"dipPosition":[-18.814,479.99,33.218],"direction":[-0.155678,0.924049,-0.349139],"extended":true,"handId":182,"id":1821,"length":53.8982,"mcpPosition":[-11.5471,421.406,50.0748],"pipPosition":[-15.3653,459.52,40.9523],"stabilizedTipPosition":[-20.2942,490.269,21.1542],"timeVisible":2.87421,"tipPosition":[-19.7604,490.803,29.059],"tipVelocity":[-1.31319,-63.5042,21.9826],"tool":false,"touchDistance":0.333649,"touchZone":"hovering","type":1,"width":16.6644},{"bases":[[[0.833436,-0.2328,-0.501187],[0.55095,0.420411,0.720908],[0.0428767,-0.87696,0.478647]],[[0.830373,-0.189969,-0.523824],[0.5552,0.202352,0.806726],[-0.0472557,-0.960711,0.273499]],[[0.830373,-0.189969,-0.523824],[0.553925,0.38332,0.739076],[0.0603909,-0.903868,0.423527]],[[0.830373,-0.189969,-0.523824],[0.525619,0.579079,0.623211],[0.184945,-0.79283,0.580703]]],"btipPosition":[4.93691,497.84,10.9903],"carpPosition":[10.3552,362.01,74.7737],"dipPosition":[8.12226,484.185,20.9918],"direction":[-0.0603909,0.903868,-0.423527],"extended":true,"handId":182,"id":1822,"length":61.4127,"mcpPosition":[7.6086,418.187,44.1122],"pipPosition":[9.6962,460.628,32.03],"stabilizedTipPosition":[5.28444,494.342,7.65413],"timeVisible":2.87421,"tipPosition":[6.96806,494.191,13.1473],"tipVelocity":[-2.53543,-62.7951,22.7202],"tool":false,"touchDistance":0.333663,"touchZone":"hovering","type":2,"width":16.3667},{"bases":[[[0.786741,-0.39034,-0.478197],[0.610174,0.374534,0.698149],[-0.0934148,-0.841046,0.532837]],[[0.790489,-0.346812,-0.504824],[0.589983,0.209855,0.779667],[-0.164458,-0.914156,0.370502]],[[0.790489,-0.346812,-0.504824],[0.611447,0.399102,0.683264],[-0.035488,-0.848786,0.527544]],[[0.790489,-0.346812,-0.504824],[0.601745,0.593384,0.534602],[0.114148,-0.726372,0.677756]]],"btipPosition":[31.1867,480.2,-1.43394],"carpPosition":[20.1332,360.405,69.3836],"dipPosition":[33.1414,467.762,10.1721],"direction":[0.035488,0.848786,-0.527543],"extended":true,"handId":182,"id":1823,"length":59.0499,"mcpPosition":[25.5059,408.777,38.7381],"pipPosition":[32.2404,446.212,23.5661],"stabilizedTipPosition":[30.8664,476.53,-4.01211],"timeVisible":2.87421,"tipPosition":[32.8336,476.526,0.354382],"tipVelocity":[-5.64375,-63.7648,20.2315],"tool":false,"touchDistance":0.333629,"touchZone":"hovering","type":3,"width":15.5739},{"bases":[[[0.658936,-0.541541,-0.52205],[0.714446,0.233477,0.659587],[-0.235307,-0.807603,0.540748]],[[0.639778,-0.599655,-0.480727],[0.680728,0.151762,0.716643],[-0.356782,-0.785737,0.505296]],[[0.639778,-0.599655,-0.480727],[0.749596,0.348767,0.562554],[-0.169676,-0.720261,0.672632]],[[0.639778,-0.599655,-0.480727],[0.768418,0.511101,0.385109],[0.0147679,-0.615784,0.787777]]],"btipPosition":[53.9229,445.219,-9.436],"carpPosition":[27.0245,354.119,60.2316],"dipPosition":[54.1562,435.491,3.00918],"direction":[0.169676,0.720261,-0.672632],"extended":true,"handId":182,"id":1824,"length":46.294,"mcpPosition":[39.5522,397.116,31.4421],"pipPosition":[51.1146,422.58,15.0668],"stabilizedTipPosition":[53.333,442.27,-10.5781],"timeVisible":2.87421,"tipPosition":[53.4826,440.769,-9.02672],"tipVelocity":[-6.02189,-63.4715,19.8464],"tool":false,"touchDistance":0.333621,"touchZone":"hovering","type":4,"width":13.834}],"r":[[-0.178397,-0.0102403,0.983905],[0.946112,-0.276447,0.168667],[0.270271,0.960975,0.0590057]],"s":1.29068,"t":[-15.376,239.109,-52.5185],"timestamp":630307866476},{"currentFrameRate":54.4269,"devices":[],"gestures":[],"hands":[{"armBasis":[[0.734546,-0.0334018,-0.677737],[0.318956,0.898566,0.301406],[0.598924,-0.437565,0.670691]],"armWidth":55.9977,"confidence":1,"direction":[0.0485567,0.927857,-0.369761],"elbow":[167.462,223.887,245.498],"grabAngle":0.196287,"grabStrength":0,"id":182,"palmNormal":[-0.41943,-0.317034,-0.850628],"palmPosition":[7.33028,393.504,48.6931],"palmVelocity":[-1.72411,-81.7008,28.3199],"palmWidth":83.544,"pinchDistance":79.7176,"pinchStrength":0,"r":[[-0.178631,-0.0107121,0.983858],[0.945928,-0.277038,0.168729],[0.270759,0.960799,0.0596206]],"s":1.2902,"sphereCenter":[2.98723,451.815,71.0008],"sphereRadius":71.1502,"stabilizedPalmPosition":[7.47732,395.431,44.7384],"t":[-15.4074,238.016,-52.0835],"timeVisible":2.89232,"type":"right","wrist":[18.9857,332.362,79.2305]}],"id":59404,"interactionBox":{"center":[0,200,0],"size":[235.247,235.247,147.751]},"pointables":[{"bases":[[[0.749393,0.385591,0.538266],[-0.560911,-0.0622724,0.82553],[0.351836,-0.920566,0.169616]],[[0.456915,0.808253,0.371423],[-0.715788,0.0861939,0.692978],[0.528087,-0.582492,0.617921]],[[0.456915,0.808253,0.371423],[-0.808842,0.203772,0.55159],[0.370138,-0.552452,0.746856]],[[0.456915,0.808253,0.371423],[-0.853991,0.28178,0.437378],[0.248853,-0.517037,0.81899]]],"btipPosition":[-56.2163,401.516,1.06771],"carpPosition":[-15.1083,346.465,70.2946],"dipPosition":[-50.8785,390.426,18.6349],"direction":[-0.370138,0.552452,-0.746856],"extended":false,"handId":182,"id":1820,"length":47.7656,"mcpPosition":[-15.1083,346.465,70.2946],"pipPosition":[-39.3119,373.162,41.9736],"stabilizedTipPosition":[-56.0295,400.643,3.23684],"timeVisible":2.89232,"tipPosition":[-58.0157,398.06,6.17742],"tipVelocity":[0.82832,-77.7616,27.0034],"tool":false,"touchDistance":0.333716,"touchZone":"hovering","type":0,"width":17.446},{"bases":[[[0.901772,-0.0378152,-0.430554],[0.399312,0.454103,0.796455],[0.165398,-0.890146,0.424598]],[[0.898161,-0.0194077,-0.439239],[0.42959,0.251398,0.867324],[0.0935911,-0.967689,0.234134]],[[0.898161,-0.0194077,-0.439239],[0.412008,0.385895,0.825429],[0.15348,-0.922338,0.354592]],[[0.898161,-0.0194077,-0.439239],[0.412008,0.385895,0.825429],[0.15348,-0.922338,0.354592]]],"btipPosition":[-21.0493,492.926,27.8571],"carpPosition":[-0.388236,359.818,79.1653],"dipPosition":[-18.6459,478.483,33.4098],"direction":[-0.15348,0.922338,-0.354592],"extended":true,"handId":182,"id":1821,"length":53.8982,"mcpPosition":[-11.5607,419.947,50.4841],"pipPosition":[-15.2459,458.051,41.2649],"stabilizedTipPosition":[-20.2969,490.26,21.2623],"timeVisible":2.89232,"tipPosition":[-19.6731,489.308,29.296],"tipVelocity":[10.7473,-84.4016,6.96287],"tool":false,"touchDistance":0.333442,"touchZone":"hovering","type":1,"width":16.6644},{"bases":[[[0.834453,-0.234585,-0.498656],[0.549553,0.421519,0.721327],[0.0409805,-0.875952,0.480655]],[[0.831607,-0.193177,-0.520685],[0.55315,0.204445,0.807606],[-0.049559,-0.959627,0.276874]],[[0.831607,-0.193177,-0.520685],[0.552339,0.385435,0.739163],[0.057901,-0.902288,0.427229]],[[0.831607,-0.193177,-0.520685],[0.524843,0.579902,0.6231],[0.181578,-0.791452,0.583638]]],"btipPosition":[5.15967,496.239,11.157],"carpPosition":[10.2319,360.587,75.3652],"dipPosition":[8.28702,482.608,21.2091],"direction":[-0.057901,0.902288,-0.427229],"extended":true,"handId":182,"id":1822,"length":61.4127,"mcpPosition":[7.60672,416.699,44.5751],"pipPosition":[9.79607,459.092,32.3438],"stabilizedTipPosition":[5.29591,494.319,7.76636],"timeVisible":2.89232,"tipPosition":[7.09357,492.64,13.4438],"tipVelocity":[11.5681,-88.1335,9.85145],"tool":false,"touchDistance":0.333482,"touchZone":"hovering","type":2,"width":16.3667},{"bases":[[[0.787571,-0.392036,-0.475437],[0.608793,0.375544,0.698812],[-0.0954118,-0.839806,0.534436]],[[0.791336,-0.349858,-0.501385],[0.588282,0.212435,0.780253],[-0.166466,-0.912399,0.373923]],[[0.791336,-0.349858,-0.501385],[0.610227,0.401619,0.68288],[-0.0375453,-0.846346,0.531308]],[[0.791336,-0.349858,-0.501385],[0.601142,0.594709,0.533807],[0.111421,-0.723824,0.680929]]],"btipPosition":[31.371,478.508,-1.19718],"carpPosition":[20.0215,358.962,70.0023],"dipPosition":[33.279,466.113,10.4632],"direction":[0.0375453,0.846346,-0.531308],"extended":true,"handId":182,"id":1823,"length":59.0499,"mcpPosition":[25.509,407.262,39.2648],"pipPosition":[32.3258,444.625,23.9528],"stabilizedTipPosition":[30.8898,476.508,-3.87562],"timeVisible":2.89232,"tipPosition":[32.9737,474.929,0.75986],"tipVelocity":[9.58895,-92.9283,13.7689],"tool":false,"touchDistance":0.333534,"touchZone":"hovering","type":3,"width":15.5739},{"bases":[[[0.659745,-0.543225,-0.519271],[0.713041,0.234316,0.660809],[-0.237295,-0.806227,0.541931]],[[0.639992,-0.602424,-0.476965],[0.679513,0.153947,0.71733],[-0.358709,-0.78319,0.50788]],[[0.639992,-0.602424,-0.476965],[0.748808,0.349767,0.562983],[-0.172328,-0.71746,0.674948]],[[0.639992,-0.602424,-0.476965],[0.768296,0.510968,0.385529],[0.0114617,-0.613186,0.789855]]],"btipPosition":[54.0962,443.503,-9.00784],"carpPosition":[26.9297,352.65,60.8808],"dipPosition":[54.2772,433.816,3.47017],"direction":[0.172328,0.71746,-0.674948],"extended":true,"handId":182,"id":1824,"length":46.294,"mcpPosition":[39.5633,395.574,32.0283],"pipPosition":[51.1881,420.955,15.5693],"stabilizedTipPosition":[53.3554,442.242,-10.4542],"timeVisible":2.89232,"tipPosition":[53.6321,439.143,-8.48381],"tipVelocity":[8.90825,-94.2749,24.0686],"tool":false,"touchDistance":0.333673,"touchZone":"hovering","type":4,"width":13.834}],"r":[[-0.178631,-0.0107121,0.983858],[0.945928,-0.277038,0.168729],[0.270759,0.960799,0.0596206]],"s":1.2902,"t":[-15.4074,238.016,-52.0835],"timestamp":630307884579},{"currentFrameRate":54.4897,"devices":[],