{"frames":65,"data":[{"currentFrameRate":55.3264,"devices":[],"gestures":[],"hands":[{"armBasis":[[0.877773,-0.0318825,-0.478015],[0.395276,0.611963,0.685024],[0.270687,-0.790244,0.549767]],"armWidth":55.9977,"confidence":1,"direction":[-0.0271778,0.886271,-0.462369],"elbow":[109,-67.35,233.396],"grabAngle":0,"grabStrength":0,"id":187,"palmNormal":[-0.410711,-0.431596,-0.803145],"palmPosition":[29.5582,188.747,63.4923],"palmVelocity":[-3.9515,-4.00954,1.0336],"palmWidth":83.544,"pinchDistance":59.1949,"pinchStrength":0,"r":[[0.225889,-0.0325662,0.973609],[-0.736955,0.647905,0.192654],[-0.63708,-0.761024,0.122355]],"s":1.21494,"sphereCenter":[91.6989,306.493,169.668],"sphereRadius":168.335,"stabilizedPalmPosition":[30.3201,191.403,64.2155],"t":[-37.9163,-99.9686,-58.0485],"timeVisible":5.80261,"type":"right","wrist":[41.8956,128.555,97.1064]}],"id":61471,"interactionBox":{"center":[0,200,0],"size":[235.247,235.247,147.751]},"pointables":[{"bases":[[[0.728777,0.49134,0.476938],[-0.539175,-0.0176009,0.84201],[0.422107,-0.87079,0.252091]],[[0.642987,0.637103,0.42505],[-0.5275,-0.0339643,0.848876],[0.555258,-0.77003,0.314233]],[[0.642987,0.637103,0.42505],[-0.712748,0.294667,0.636524],[0.280283,-0.71223,0.643561]],[[0.642987,0.637103,0.42505],[-0.76132,0.471242,0.445334],[0.0834223,-0.609943,0.788042]]],"btipPosition":[-24.926,213.308,38.88],"carpPosition":[11.071,142.675,90.2964],"dipPosition":[-23.1366,200.225,55.7834],"direction":[-0.280283,0.71223,-0.643561],"extended":false,"handId":187,"id":1870,"length":47.7656,"mcpPosition":[11.071,142.675,90.2964],"pipPosition":[-14.3779,177.968,75.8942],"stabilizedTipPosition":[-23.7519,212.717,43.187],"timeVisible":5.80261,"tipPosition":[-24.6999,209.004,41.4392],"tipVelocity":[-3.72909,-5.36344,-3.53728],"tool":false,"touchDistance":-0.283142,"touchZone":"touching","type":0,"width":17.446},{"bases":[[[0.893859,-0.0168796,-0.44803],[0.379494,0.560611,0.736003],[0.238747,-0.827907,0.507513]],[[0.921148,-0.154622,-0.357182],[0.38903,0.393914,0.832759],[0.011936,-0.906048,0.423006]],[[0.921148,-0.154622,-0.357182],[0.386715,0.467409,0.794972],[0.0440298,-0.870414,0.490348]],[[0.921148,-0.154622,-0.357182],[0.380532,0.550525,0.743046],[0.081746,-0.820374,0.565953]]],"btipPosition":[6.07396,281.616,26.7271],"carpPosition":[24.9266,157.887,97.3903],"dipPosition":[7.35404,268.77,35.5895],"direction":[-0.0440298,0.870414,-0.490348],"extended":true,"handId":187,"id":1871,"length":53.8982,"mcpPosition":[8.7994,213.811,63.1082],"pipPosition":[8.32941,249.488,46.452],"stabilizedTipPosition":[7.09781,281.793,29.7588],"timeVisible":5.80261,"tipPosition":[6.11672,277.986,28.0708],"tipVelocity":[-1.30526,-2.51501,2.9347],"tool":false,"touchDistance":0.292991,"touchZone":"hovering","type":1,"width":16.6644},{"bases":[[[0.840018,-0.223899,-0.494206],[0.530298,0.531374,0.660626],[0.114694,-0.817014,0.565096]],[[0.845585,-0.275063,-0.457522],[0.531319,0.350423,0.771301],[-0.05183,-0.89529,0.442458]],[[0.845585,-0.275063,-0.457522],[0.533321,0.397482,0.74671],[-0.0235355,-0.875413,0.482802]],[[0.845585,-0.275063,-0.457522],[0.533671,0.457119,0.711503],[0.0134337,-0.845803,0.533326]]],"btipPosition":[30.712,288.293,15.7412],"carpPosition":[35.3875,159.022,93.2554],"dipPosition":[30.9434,273.725,24.9268],"direction":[0.0235355,0.875413,-0.482802],"extended":true,"handId":187,"id":1872,"length":61.4127,"mcpPosition":[28.0404,211.359,57.0561],"pipPosition":[30.33,250.91,37.5098],"stabilizedTipPosition":[31.457,288.281,19.0289],"timeVisible":5.80261,"tipPosition":[27.8654,283.347,16.5427],"tipVelocity":[0.958442,-2.44737,4.40383],"tool":false,"touchDistance":-0.291868,"touchZone":"touching","type":2,"width":16.3667},{"bases":[[[0.805358,-0.381105,-0.454046],[0.592344,0.487704,0.641306],[-0.0229652,-0.785432,0.618521]],[[0.805401,-0.337314,-0.487389],[0.585195,0.321819,0.744298],[-0.0942109,-0.884676,0.456588]],[[0.805401,-0.337314,-0.487389],[0.588554,0.357686,0.725027],[-0.0702294,-0.870793,0.486608]],[[0.805401,-0.337314,-0.487389],[0.591842,0.412673,0.692404],[-0.0324249,-0.846121,0.532004]]],"btipPosition":[52.6853,275.562,12.0931],"carpPosition":[45.1682,157.564,87.8287],"dipPosition":[52.13,261.073,21.2032],"direction":[0.0702294,0.870793,-0.486608],"extended":true,"handId":187,"id":1873,"length":59.0499,"mcpPosition":[46.489,202.737,52.2551],"pipPosition":[50.3469,238.964,33.5579],"stabilizedTipPosition":[53.1708,275.704,15.5535],"timeVisible":5.80261,"tipPosition":[48.8021,270.585,12.4721],"tipVelocity":[1.06498,-2.76285,4.99356],"tool":false,"touchDistance":-0.293106,"touchZone":"touching","type":3,"width":15.5739},{"bases":[[[0.68827,-0.544758,-0.479086],[0.706024,0.351171,0.614987],[-0.166778,-0.761523,0.626312]],[[0.7051,-0.429574,-0.564181],[0.688659,0.225142,0.689246],[-0.169062,-0.874516,0.454578]],[[0.7051,-0.429574,-0.564181],[0.696682,0.271372,0.664072],[-0.132165,-0.861292,0.490621]],[[0.7051,-0.429574,-0.564181],[0.701215,0.304014,0.644882],[-0.105506,-0.850318,0.515584]]],"btipPosition":[70.7461,248.621,14.194],"carpPosition":[52.352,150.864,79.2105],"dipPosition":[69.0793,235.188,22.3391],"direction":[0.132165,0.861292,-0.490621],"extended":true,"handId":187,"id":1874,"length":46.294,"mcpPosition":[61.2313,191.408,45.8656],"pipPosition":[66.7101,219.748,31.134],"stabilizedTipPosition":[71.2469,249.443,17.6777],"timeVisible":5.80261,"tipPosition":[68.7131,243.81,13.5031],"tipVelocity":[0.880515,-2.86914,5.63903],"tool":false,"touchDistance":0.29932,"touchZone":"hovering","type":4,"width":13.834}],"r":[[0.225889,-0.0325662,0.973609],[-0.736955,0.647905,0.192654],[-0.63708,-0.761024,0.122355]],"s":1.21494,"t":[-37.9163,-99.9686,-58.0485],"timestamp":630346532576},{"currentFrameRate":55.3154,"devices":[],"gestures":[],"hands":[{"armBasis":[[0.878624,-0.0312691,-0.47649],[0.394064,0.611052,0.686534],[0.269693,-0.790973,0.549207]],"armWidth":55.9977,"confidence":1,"direction":[-0.0269847,0.885743,-0.463391],"elbow":[108.605,-67.5393,233.358],"grabAngle":0,"grabStrength":0,"id":187,"palmNormal":[-0.409139,-0.432741,-0.803331],"palmPosition":[29.4325,188.707,63.5263],"palmVelocity":[-6.93663,-2.22693,1.8771],"palmWidth":83.544,"pinchDistance":59.2349,"pinchStrength":0,"r":[[0.225367,-0.0321408,0.973744],[-0.737178,0.647847,0.191999],[-0.637008,-0.761092,0.12231]],"s":1.21537,"sphereCenter":[91.1665,306.417,169.453],"sphereRadius":168.002,"stabilizedPalmPosition":[30.3118,191.378,64.2091],"t":[-38.0074,-100.037,-58.0316],"timeVisible":5.82072,"type":"right","wrist":[41.7469,128.547,97.2069]}],"id":61472,"interactionBox":{"center":[0,200,0],"size":[235.247,235.247,147.751]},"pointables":[{"bases":[[[0.727695,0.492324,0.477574],[-0.540527,-0.0170108,0.841154],[0.422245,-0.870246,0.253736]],[[0.641742,0.638196,0.425291],[-0.528705,-0.0335548,0.848142],[0.555552,-0.769142,0.315884]],[[0.641742,0.638196,0.425291],[-0.714049,0.294878,0.634966],[0.279824,-0.711163,0.644939]],[[0.641742,0.638196,0.425291],[-0.76245,0.471124,0.443523],[0.0826902,-0.608891,0.788933]]],"btipPosition":[-25.0495,213.189,38.7971],"carpPosition":[10.9309,142.653,90.3513],"dipPosition":[-23.2758,200.128,55.7196],"direction":[-0.279824,0.711163,-0.644939],"extended":false,"handId":187,"id":1870,"length":47.7656,"mcpPosition":[10.9309,142.653,90.3513],"pipPosition":[-14.5315,177.905,75.8734],"stabilizedTipPosition":[-23.7648,212.68,43.1798],"timeVisible":5.82072,"tipPosition":[-24.8022,208.908,41.3654],"tipVelocity":[-7.0195,-6.27884,-4.33411],"tool":false,"touchDistance":-0.284339,"touchZone":"touching","type":0,"width":17.446},{"bases":[[[0.894594,-0.0168117,-0.446563],[0.377949,0.561661,0.735997],[0.238444,-0.827196,0.508813]],[[0.921847,-0.154678,-0.355348],[0.38739,0.394334,0.833324],[0.0112282,-0.905856,0.423437]],[[0.921847,-0.154678,-0.355348],[0.385135,0.46789,0.795456],[0.0432235,-0.870146,0.490895]],[[0.921847,-0.154678,-0.355348],[0.379014,0.551229,0.7433],[0.0809054,-0.819891,0.566774]]],"btipPosition":[5.99211,281.541,26.6579],"carpPosition":[24.7653,157.881,97.4508],"dipPosition":[7.25903,268.702,35.5332],"direction":[-0.0432235,0.870146,-0.490895],"extended":true,"handId":187,"id":1871,"length":53.8982,"mcpPosition":[8.65867,213.757,63.0809],"pipPosition":[8.21655,249.426,46.4078],"stabilizedTipPosition":[7.09346,281.776,29.7531],"timeVisible":5.82072,"tipPosition":[5.99363,277.894,27.9711],"tipVelocity":[-4.68481,-4.03973,-3.65864],"tool":false,"touchDistance":0.291886,"touchZone":"hovering","type":1,"width":16.6644},{"bases":[[[0.840958,-0.223916,-0.492597],[0.528893,0.532436,0.660896],[0.114291,-0.816317,0.566184]],[[0.846517,-0.275288,-0.455659],[0.529748,0.350871,0.772177],[-0.0526937,-0.895045,0.442851]],[[0.846517,-0.275288,-0.455659],[0.531797,0.397852,0.7476],[-0.0245206,-0.875175,0.483186]],[[0.846517,-0.275288,-0.455659],[0.532219,0.457473,0.712364],[0.0123465,-0.845538,0.533772]]],"btipPosition":[30.6652,288.223,15.7127],"carpPosition":[35.2323,159.018,93.3316],"dipPosition":[30.8778,273.66,24.906],"direction":[0.0245206,0.875175,-0.483186],"extended":true,"handId":187,"id":1872,"length":61.4127,"mcpPosition":[27.9109,211.31,57.0626],"pipPosition":[30.2388,250.85,37.499],"stabilizedTipPosition":[31.4495,288.247,19.0168],"timeVisible":5.82072,"tipPosition":[27.7717,283.262,16.4765],"tipVelocity":[-2.82457,-3.80681,-1.4732],"tool":false,"touchDistance":-0.291415,"touchZone":"touching","type":2,"width":16.3667},{"bases":[[[0.806331,-0.381099,-0.45232],[0.590998,0.488784,0.641726],[-0.0234745,-0.784764,0.619351]],[[0.806403,-0.337396,-0.485673],[0.583711,0.322402,0.74521],[-0.0948485,-0.884433,0.456927]],[[0.806403,-0.337396,-0.485673],[0.587107,0.358367,0.725864],[-0.0708539,-0.870481,0.487075]],[[0.806403,-0.337396,-0.485673],[0.590458,0.413861,0.692877],[-0.0327722,-0.845508,0.532957]]],"btipPosition":[52.6169,275.492,12.097],"carpPosition":[45.0226,157.56,87.9224],"dipPosition":[52.0557,261.013,21.2235],"direction":[0.0708539,0.870481,-0.487075],"extended":true,"handId":187,"id":1873,"length":59.0499,"mcpPosition":[46.3728,202.695,52.3011],"pipPosition":[50.2568,238.912,33.59],"stabilizedTipPosition":[53.163,275.663,15.538],"timeVisible":5.82072,"tipPosition":[48.7183,270.505,12.4518],"tipVelocity":[-3.8484,-3.7578,0.422953],"tool":false,"touchDistance":-0.292014,"touchZone":"touching","type":3,"width":15.5739},{"bases":[[[0.689387,-0.544853,-0.477369],[0.704806,0.352294,0.615741],[-0.167315,-0.760937,0.626882]],[[0.706275,-0.429856,-0.562495],[0.687224,0.2255,0.69056],[-0.169998,-0.874285,0.454672]],[[0.706275,-0.429856,-0.562495],[0.695328,0.271906,0.665272],[-0.133025,-0.860983,0.490931]],[[0.706275,-0.429856,-0.562495],[0.699934,0.304858,0.645874],[-0.106152,-0.849874,0.516184]]],"btipPosition":[70.7032,248.561,14.2583],"carpPosition":[52.2246,150.856,79.3233],"dipPosition":[69.0263,235.135,22.4129],"direction":[0.133025,0.860983,-0.490931],"extended":true,"handId":187,"id":1874,"length":46.294,"mcpPosition":[61.1325,191.368,45.948],"pipPosition":[66.6416,219.701,31.2133],"stabilizedTipPosition":[71.2437,249.429,17.6723],"timeVisible":5.82072,"tipPosition":[68.6394,243.745,13.5484],"tipVelocity":[-2.49468,-3.21802,3.66928],"tool":false,"touchDistance":0.300428,"touchZone":"hovering","type":4,"width":13.834}],"r":[[0.225367,-0.0321408,0.973744],[-0.737178,0.647847,0.191999],[-0.637008,-0.761092,0.12231]],"s":1.21537,"t":[-38.0074,-100.037,-58.0316],"timestamp":630346550692},{"currentFrameRate":55.3216,"devices":[],"gestures":[],"hands":[{"armBasis":[[0.878952,-0.031518,-0.475868],[0.394079,0.609973,0.687484],[0.268598,-0.791795,0.548557]],"armWidth":55.9977,"confidence":1,"direction":[-0.0267495,0.885335,-0.464183],"elbow":[108.168,-67.7482,233.262],"grabAngle":0,"grabStrength":0,"id":187,"palmNormal":[-0.408856,-0.433424,-0.803107],"palmPosition":[29.2922,188.684,63.5494],"palmVelocity":[-7.77135,-1.26717,1.27832],"palmWidth":83.544,"pinchDistance":59.2836,"pinchStrength":0,"r":[[0.224874,-0.0316314,0.973874],[-0.737362,0.647843,0.191304],[-0.636969,-0.761117,0.12236]],"s":1.21567,"sphereCenter":[90.7778,306.172,169.033],"sphereRadius":167.473,"stabilizedPalmPosition":[30.3022,191.352,64.2029],"t":[-38.1232,-100.083,-58.0116],"timeVisible":5.83878,"type":"right","wrist":[41.581,128.542,97.2722]}],"id":61473,"interactionBox":{"center":[0,200,0],"size":[235.247,235.247,147.751]},"pointables":[{"bases":[[[0.727542,0.4927,0.47742],[-0.540853,-0.0162338,0.84096],[0.422091,-0.870048,0.254667]],[[0.641454,0.638763,0.424874],[-0.528738,-0.0331727,0.848136],[0.555853,-0.768688,0.31646]],[[0.641454,0.638763,0.424874],[-0.714531,0.295857,0.633967],[0.279253,-0.710246,0.646195]],[[0.641454,0.638763,0.424874],[-0.762844,0.472414,0.441469],[0.0812782,-0.607295,0.790308]]],"btipPosition":[-25.1688,213.107,38.7586],"carpPosition":[10.7773,142.655,90.4079],"dipPosition":[-23.4254,200.081,55.7106],"direction":[-0.279253,0.710246,-0.646195],"extended":false,"handId":187,"id":1870,"length":47.7656,"mcpPosition":[10.7773,142.655,90.4079],"pipPosition":[-14.6989,177.886,75.9037],"stabilizedTipPosition":[-23.7801,212.641,43.1719],"timeVisible":5.83878,"tipPosition":[-24.9322,208.872,41.3531],"tipVelocity":[-6.99219,-4.08899,-1.75908],"tool":false,"touchDistance":-0.284715,"touchZone":"touching","type":0,"width":17.446},{"bases":[[[0.894766,-0.0172627,-0.446202],[0.377701,0.562287,0.735646],[0.238195,-0.826762,0.509635]],[[0.922036,-0.155632,-0.354442],[0.386975,0.394324,0.833522],[0.0100424,-0.905697,0.423807]],[[0.922036,-0.155632,-0.354442],[0.384821,0.467819,0.795649],[0.0419864,-0.870014,0.491237]],[[0.922036,-0.155632,-0.354442],[0.378809,0.5513,0.743352],[0.0797144,-0.819663,0.567273]]],"btipPosition":[5.94632,281.506,26.6209],"carpPosition":[24.61,157.888,97.4993],"dipPosition":[7.19459,268.671,35.504],"direction":[-0.0419864,0.870014,-0.491237],"extended":true,"handId":187,"id":1871,"length":53.8982,"mcpPosition":[8.52012,213.735,63.0739],"pipPosition":[8.12469,249.398,46.3861],"stabilizedTipPosition":[7.08908,281.759,29.7476],"timeVisible":5.83878,"tipPosition":[5.87461,277.845,27.9104],"tipVelocity":[-2.77407,-1.87803,-1.94951],"tool":false,"touchDistance":0.2913,"touchZone":"hovering","type":1,"width":16.6644},{"bases":[[[0.841133,-0.224404,-0.492075],[0.528672,0.532986,0.66063],[0.114021,-0.815824,0.566948]],[[0.846687,-0.275903,-0.454971],[0.529391,0.35077,0.772467],[-0.0535359,-0.894895,0.443053]],[[0.846687,-0.275903,-0.454971],[0.531475,0.397382,0.748079],[-0.0256,-0.875194,0.483094]],[[0.846687,-0.275903,-0.454971],[0.531975,0.456806,0.712974],[0.0111218,-0.845698,0.533545]]],"btipPosition":[30.6152,288.191,15.7126],"carpPosition":[35.0786,159.021,93.3831],"dipPosition":[30.8068,273.625,24.902],"direction":[0.0256,0.875194,-0.483094],"extended":true,"handId":187,"id":1872,"length":61.4127,"mcpPosition":[27.7746,211.282,57.0652],"pipPosition":[30.1396,250.815,37.4926],"stabilizedTipPosition":[31.4404,288.207,19.003],"timeVisible":5.83878,"tipPosition":[27.6739,283.208,16.4241],"tipVelocity":[-3.03509,-1.79919,-0.0545903],"tool":false,"touchDistance":-0.290621,"touchZone":"touching","type":2,"width":16.3667},{"bases":[[[0.806482,-0.381549,-0.451672],[0.590781,0.489313,0.641522],[-0.0237634,-0.784215,0.620034]],[[0.80656,-0.337535,-0.485316],[0.583429,0.32224,0.745501],[-0.0952439,-0.884439,0.456834]],[[0.80656,-0.337535,-0.485316],[0.586826,0.358013,0.726266],[-0.0713905,-0.870573,0.486833]],[[0.80656,-0.337535,-0.485316],[0.590233,0.414048,0.692957],[-0.0329527,-0.845361,0.533179]]],"btipPosition":[52.5147,275.458,12.1205],"carpPosition":[44.8709,157.558,87.979],"dipPosition":[51.9504,260.982,21.2507],"direction":[0.0713905,0.870573,-0.486833],"extended":true,"handId":187,"id":1873,"length":59.0499,"mcpPosition":[46.2377,202.661,52.3183],"pipPosition":[50.1379,238.878,33.6111],"stabilizedTipPosition":[53.153,275.618,15.5212],"timeVisible":5.83878,"tipPosition":[48.6219,270.444,12.4193],"tipVelocity":[-5.69901,-1.84082,1.34785],"tool":false,"touchDistance":-0.290781,"touchZone":"touching","type":3,"width":15.5739},{"bases":[[[0.689536,-0.545318,-0.476621],[0.704591,0.352793,0.615702],[-0.167605,-0.760372,0.627489]],[[0.706515,-0.429768,-0.56226],[0.686814,0.2248,0.691196],[-0.170657,-0.874508,0.453995]],[[0.706515,-0.429768,-0.56226],[0.694871,0.270693,0.666243],[-0.13413,-0.861409,0.489882]],[[0.706515,-0.429768,-0.56226],[0.699555,0.303935,0.646719],[-0.107048,-0.850249,0.515381]]],"btipPosition":[70.6252,248.542,14.3447],"carpPosition":[52.0758,150.845,79.3886],"dipPosition":[68.9341,235.11,22.4866],"direction":[0.13413,0.861409,-0.489882],"extended":true,"handId":187,"id":1874,"length":46.294,"mcpPosition":[60.9991,191.327,45.981],"pipPosition":[66.5296,219.668,31.2682],"stabilizedTipPosition":[71.2408,249.418,17.668],"timeVisible":5.83878,"tipPosition":[68.5345,243.689,13.5578],"tipVelocity":[-4.50242,-1.16131,4.62472],"tool":false,"touchDistance":0.30182,"touchZone":"hovering","type":4,"width":13.834}],"r":[[0.224874,-0.0316314,0.973874],[-0.737362,0.647843,0.191304],[-0.636969,-0.761117,0.12236]],"s":1.21567,"t":[-38.1232,-100.083,-58.0116],"timestamp":630346568747},{"currentFrameRate":55.3182,"devices":[],"gestures":[],"hands":[{"armBasis":[[0.87939,-0.0315652,-0.475055],[0.393932,0.608604,0.68878],[0.267379,-0.792846,0.547635]],"armWidth":55.9977,"confidence":1,"direction":[-0.0269654,0.885048,-0.464719],"elbow":[107.709,-68.018,233.106],"grabAngle":0,"grabStrength":0,"id":187,"palmNormal":[-0.408467,-0.434062,-0.802961],"palmPosition":[29.1356,188.662,63.5989],"palmVelocity":[-8.66072,-1.21535,2.73453],"palmWidth":83.544,"pinchDistance":59.3815,"pinchStrength":0,"r":[[0.224429,-0.0310903,0.973994],[-0.737569,0.647805,0.19063],[-0.636886,-0.761171,0.122455]],"s":1.21593,"sphereCenter":[90.1964,305.856,168.587],"sphereRadius":166.799,"stabilizedPalmPosition":[30.2915,191.328,64.1973],"t":[-38.2594,-100.117,-57.9769],"timeVisible":5.85687,"type":"right","wrist":[41.4242,128.532,97.3447]}],"id":61474,"interactionBox":{"center":[0,200,0],"size":[235.247,235.247,147.751]},"pointables":[{"bases":[[[0.727219,0.493267,0.477326],[-0.541078,-0.0159423,0.840821],[0.422359,-0.869732,0.255302]],[[0.640663,0.639867,0.424406],[-0.528555,-0.0334027,0.848242],[0.556938,-0.767759,0.316805]],[[0.640663,0.639867,0.424406],[-0.715112,0.295983,0.633253],[0.27958,-0.7092,0.647202]],[[0.640663,0.639867,0.424406],[-0.763585,0.472964,0.439595],[0.0805536,-0.605703,0.791603]]],"btipPosition":[-25.3594,212.985,38.7553],"carpPosition":[10.6311,142.642,90.4797],"dipPosition":[-23.6315,199.992,55.7351],"direction":[-0.27958,0.7092,-0.647202],"extended":false,"handId":187,"id":1870,"length":47.7656,"mcpPosition":[10.6311,142.642,90.4797],"pipPosition":[-14.8948,177.83,75.9597],"stabilizedTipPosition":[-23.8004,212.595,43.1631],"timeVisible":5.85687,"tipPosition":[-25.09,208.821,41.3817],"tipVelocity":[-10.7348,-6.34032,0.173341],"tool":false,"touchDistance":-0.28453,"touchZone":"touching","type":0,"width":17.446},{"bases":[[[0.894895,-0.0171812,-0.445946],[0.37728,0.562872,0.735415],[0.238375,-0.826365,0.510194]],[[0.922263,-0.156155,-0.353619],[0.38646,0.393527,0.834138],[0.0089037,-0.905954,0.423283]],[[0.922263,-0.156155,-0.353619],[0.384395,0.467191,0.796224],[0.040873,-0.870258,0.490898]],[[0.922263,-0.156155,-0.353619],[0.37848,0.550846,0.743856],[0.0786328,-0.819868,0.567127]]],"btipPosition":[5.8665,281.495,26.6801],"carpPosition":[24.4559,157.885,97.5658],"dipPosition":[7.09783,268.656,35.5609],"direction":[-0.040873,0.870258,-0.490898],"extended":true,"handId":187,"id":1871,"length":53.8982,"mcpPosition":[8.35387,213.705,63.1027],"pipPosition":[8.00328,249.378,46.4356],"stabilizedTipPosition":[7.0847,281.744,29.7428],"timeVisible":5.85687,"tipPosition":[5.69697,277.799,27.9071],"tipVelocity":[-4.62782,-0.682421,3.24483],"tool":false,"touchDistance":0.292278,"touchZone":"hovering","type":1,"width":16.6644},{"bases":[[[0.841356,-0.224371,-0.491709],[0.528283,0.533585,0.660457],[0.114181,-0.815441,0.567466]],[[0.84693,-0.27598,-0.454472],[0.528943,0.350304,0.772985],[-0.0541253,-0.895054,0.442661]],[[0.84693,-0.27598,-0.454472],[0.531054,0.39679,0.748691],[-0.026294,-0.875438,0.482614]],[[0.84693,-0.27598,-0.454472],[0.531605,0.456089,0.713708],[0.0103102,-0.84606,0.532988]]],"btipPosition":[30.5097,288.184,15.7876],"carpPosition":[34.9252,159.019,93.4519],"dipPosition":[30.6873,273.612,24.9674],"direction":[0.026294,0.875438,-0.482614],"extended":true,"handId":187,"id":1872,"length":61.4127,"mcpPosition":[27.6109,211.255,57.1007],"pipPosition":[30.002,250.796,37.5455],"stabilizedTipPosition":[31.4312,288.172,18.9916],"timeVisible":5.85687,"tipPosition":[27.5169,283.17,16.4281],"tipVelocity":[-6.01283,-0.457564,4.02453],"tool":false,"touchDistance":-0.288801,"touchZone":"touching","type":2,"width":16.3667},{"bases":[[[0.806754,-0.381505,-0.451222],[0.590415,0.489925,0.641392],[-0.0236297,-0.783854,0.620495]],[[0.806814,-0.337126,-0.485177],[0.583083,0.322029,0.745863],[-0.0952087,-0.884672,0.45639]],[[0.806814,-0.337126,-0.485177],[0.586477,0.357789,0.726658],[-0.0713844,-0.870824,0.486385]],[[0.806814,-0.337126,-0.485177],[0.589896,0.414134,0.693192],[-0.0327646,-0.845482,0.532998]]],"btipPosition":[52.3509,275.454,12.1989],"carpPosition":[44.7196,157.556,88.0513],"dipPosition":[51.7898,260.976,21.3261],"direction":[0.0713844,0.870824,-0.486385],"extended":true,"handId":187,"id":1873,"length":59.0499,"mcpPosition":[46.0787,202.639,52.3641],"pipPosition":[49.9774,238.866,33.6751],"stabilizedTipPosition":[53.1412,275.574,15.5057],"timeVisible":5.85687,"tipPosition":[48.4681,270.409,12.4355],"tipVelocity":[-9.01529,-0.254354,4.29662],"tool":false,"touchDistance":-0.28887,"touchZone":"touching","type":3,"width":15.5739},{"bases":[[[0.689879,-0.545334,-0.476106],[0.704284,0.353433,0.615685],[-0.167482,-0.760063,0.627897]],[[0.706883,-0.429239,-0.562201],[0.686384,0.224268,0.691796],[-0.170862,-0.874904,0.453154]],[[0.706883,-0.429239,-0.562201],[0.694425,0.270006,0.666986],[-0.134499,-0.861888,0.488937]],[[0.706883,-0.429239,-0.562201],[0.699147,0.30345,0.647388],[-0.107285,-0.850689,0.514605]]],"btipPosition":[70.4893,248.55,14.4578],"carpPosition":[51.9295,150.841,79.4669],"dipPosition":[68.7945,235.111,22.5874],"direction":[0.134499,0.861888,-0.488937],"extended":true,"handId":187,"id":1874,"length":46.294,"mcpPosition":[60.8462,191.307,46.0376],"pipPosition":[66.3834,219.661,31.3521],"stabilizedTipPosition":[71.2375,249.406,17.6642],"timeVisible":5.85687,"tipPosition":[68.3814,243.664,13.603],"tipVelocity":[-7.55808,0.366777,6.09507],"tool":false,"touchDistance":0.303657,"touchZone":"hovering","type":4,"width":13.834}],"r":[[0.224429,-0.0310903,0.973994],[-0.737569,0.647805,0.19063],[-0.636886,-0.761171,0.122455]],"s":1.21593,"t":[-38.2594,-100.117,-57.9769],"timestamp":630346586836},{"currentFrameRate":55.2862,"devices":[],"gestures":[],"hands":[{"armBasis":[[0.87961,-0.0320674,-0.474613],[0.394355,0.607119,0.689848],[0.266025,-0.793963,0.546675]],"armWidth":55.9977,"confidence":1,"direction":[-0.0279448,0.884136,-0.466393],"elbow":[107.221,-68.2409,232.951],"grabAngle":0,"grabStrength":0,"id":187,"palmNormal":[-0.408651,-0.43591,-0.801864],"palmPosition":[28.939,188.662,63.6005],"palmVelocity":[-10.7996,-0.0187291,0.0885503],"palmWidth":83.544,"pinchDistance":59.4858,"pinchStrength":0,"r":[[0.224203,-0.0302504,0.974073],[-0.73781,0.647735,0.189938],[-0.636686,-0.761265,0.122905]],"s":1.21616,"sphereCenter":[89.4831,305.603,167.764],"sphereRadius":165.913,"stabilizedPalmPosition":[30.2783,191.302,64.1915],"t":[-38.4258,-100.134,-57.9587],"timeVisible":5.87506,"type":"right","wrist":[41.2717,128.587,97.4277]}],"id":61475,"interactionBox":{"center":[0,200,0],"size":[235.247,235.247,147.751]},"pointables":[{"bases":[[[0.727148,0.494736,0.475911],[-0.540523,-0.0147483,0.8412],[0.423191,-0.868918,0.256692]],[[0.639913,0.641917,0.422438],[-0.527843,-0.0323408,0.848726],[0.558473,-0.766092,0.318136]],[[0.639913,0.641917,0.422438],[-0.715433,0.297024,0.632402],[0.280475,-0.706908,0.649318]],[[0.639913,0.641917,0.422438],[-0.764233,0.474125,0.43721],[0.0803636,-0.602618,0.793973]]],"btipPosition":[-25.5975,212.807,38.6789],"carpPosition":[10.4873,142.679,90.5812],"dipPosition":[-23.8737,199.881,55.7095],"direction":[-0.280475,0.706908,-0.649318],"extended":false,"handId":187,"id":1870,"length":47.7656,"mcpPosition":[10.4873,142.679,90.5812],"pipPosition":[-15.1091,177.791,76.0002],"stabilizedTipPosition":[-23.8277,212.542,43.152],"timeVisible":5.87506,"tipPosition":[-25.3156,208.744,41.3881],"tipVelocity":[-13.1339,-8.90057,-3.55773],"tool":false,"touchDistance":-0.285381,"touchZone":"touching","type":0,"width":17.446},{"bases":[[[0.89462,-0.0173486,-0.446491],[0.377322,0.564567,0.734092],[0.239339,-0.825205,0.511619]],[[0.922236,-0.156901,-0.35336],[0.386541,0.393604,0.834063],[0.00821821,-0.905791,0.423645]],[[0.922236,-0.156901,-0.35336],[0.384534,0.467233,0.796132],[0.0401871,-0.870101,0.491233]],[[0.922236,-0.156901,-0.35336],[0.378666,0.551084,0.743585],[0.0780613,-0.819566,0.567643]]],"btipPosition":[5.70157,281.463,26.6175],"carpPosition":[24.3049,157.946,97.6293],"dipPosition":[6.92395,268.629,35.5064],"direction":[-0.0401871,0.870101,-0.491233],"extended":true,"handId":187,"id":1871,"length":53.8982,"mcpPosition":[8.1378,213.688,63.0698],"pipPosition":[7.8142,249.354,46.3885],"stabilizedTipPosition":[7.07891,281.727,29.7371],"timeVisible":5.87506,"tipPosition":[5.41517,277.721,27.7633],"tipVelocity":[-9.17614,-1.69306,-3.33822],"tool":false,"touchDistance":0.291265,"touchZone":"hovering","type":1,"width":16.6644},{"bases":[[[0.84121,-0.224666,-0.491824],[0.5283,0.535252,0.659094],[0.115174,-0.814267,0.568951]],[[0.846847,-0.276193,-0.454497],[0.529076,0.350545,0.772785],[-0.0541165,-0.894894,0.442985]],[[0.846847,-0.276193,-0.454497],[0.531179,0.396759,0.74862],[-0.0264381,-0.875386,0.482702]],[[0.846847,-0.276193,-0.454497],[0.531741,0.455905,0.713725],[0.0100814,-0.84609,0.532945]]],"btipPosition":[30.2989,288.162,15.7312],"carpPosition":[34.7707,159.081,93.5064],"dipPosition":[30.4726,273.59,24.9102],"direction":[0.0264381,0.875386,-0.482702],"extended":true,"handId":187,"id":1872,"length":61.4127,"mcpPosition":[27.3928,211.242,57.0601],"pipPosition":[29.7835,250.775,37.4906],"stabilizedTipPosition":[31.4181,288.132,18.9778],"timeVisible":5.87506,"tipPosition":[27.2519,283.097,16.2677],"tipVelocity":[-11.6314,-1.21047,-3.11227],"tool":false,"touchDistance":-0.289103,"touchZone":"touching","type":2,"width":16.3667},{"bases":[[[0.806755,-0.38175,-0.451014],[0.590452,0.491603,0.640072],[-0.0226275,-0.782683,0.622009]],[[0.806741,-0.336788,-0.485533],[0.583301,0.322493,0.745492],[-0.0944918,-0.884631,0.456617]],[[0.806741,-0.336788,-0.485533],[0.586661,0.3582,0.726307],[-0.0706932,-0.870785,0.486555]],[[0.806741,-0.336788,-0.485533],[0.590056,0.415102,0.692477],[-0.0316719,-0.845141,0.533604]]],"btipPosition":[52.0708,275.436,12.1388],"carpPosition":[44.5628,157.615,88.1022],"dipPosition":[51.5284,260.964,21.2764],"direction":[0.0706932,0.870785,-0.486555],"extended":true,"handId":187,"id":1873,"length":59.0499,"mcpPosition":[45.8641,202.63,52.3281],"pipPosition":[49.7336,238.855,33.6297],"stabilizedTipPosition":[53.1229,275.521,15.4863],"timeVisible":5.87506,"tipPosition":[48.2086,270.341,12.2855],"tipVelocity":[-15.1573,-0.878972,-3.16821],"tool":false,"touchDistance":-0.289181,"touchZone":"touching","type":3,"width":15.5739},{"bases":[[[0.68999,-0.545715,-0.475509],[0.70441,0.35515,0.614552],[-0.166494,-0.758988,0.629457]],[[0.70691,-0.428989,-0.562359],[0.686453,0.224482,0.691658],[-0.170474,-0.874972,0.453169]],[[0.70691,-0.428989,-0.562359],[0.694369,0.269549,0.66723],[-0.134651,-0.862155,0.488423]],[[0.70691,-0.428989,-0.562359],[0.699124,0.303224,0.647519],[-0.107257,-0.850896,0.514269]]],"btipPosition":[70.2691,248.551,14.4479],"carpPosition":[51.7722,150.889,79.5261],"dipPosition":[68.5747,235.108,22.5722],"direction":[0.134651,0.862155,-0.488423],"extended":true,"handId":187,"id":1874,"length":46.294,"mcpPosition":[60.6363,191.298,46.0137],"pipPosition":[66.1609,219.653,31.3277],"stabilizedTipPosition":[71.2317,249.389,17.6584],"timeVisible":5.87506,"tipPosition":[68.1274,243.616,13.5014],"tipVelocity":[-12.0946,-0.0075242,-0.611373],"tool":false,"touchDistance":0.303472,"touchZone":"hovering","type":4,"width":13.834}],"r":[[0.224203,-0.0302504,0.974073],[-0.73781,0.647735,0.189938],[-0.636686,-0.761265,0.122905]],"s":1.21616,"t":[-38.4258,-100.134,-57.9587],"timestamp":630346605034},{"currentFrameRate":55.3269,"devices":[],"gestures":[],"hands":[{"armBasis":[[0.879301,-0.0334367,-0.475091],[0.395941,0.605709,0.690179],[0.26469,-0.794983,0.54584]],"armWidth":55.9977,"confidence":1,"direction":[-0.0285147,0.883847,-0.466906],"elbow":[106.708,-68.4759,232.72],"grabAngle":0,"grabStrength":0,"id":187,"palmNormal":[-0.410135,-0.436313,-0.800887],"palmPosition":[28.7363,188.671,63.5701],"palmVelocity":[-11.3065,0.534715,-1.69098],"palmWidth":83.544,"pinchDistance":59.5987,"pinchStrength":0,"r":[[0.224353,-0.0294662,0.974062],[-0.737904,0.64774,0.189554],[-0.636524,-0.761292,0.123579]],"s":1.21636,"sphereCenter":[88.9556,305.194,167.008],"sphereRadius":165.051,"stabilizedPalmPosition":[30.2632,191.276,64.1854],"t":[-38.6103,-100.138,-57.9648],"timeVisible":5.893,"type":"right","wrist":[41.0902,128.604,97.4039]}],"id":61476,"interactionBox":{"center":[0,200,0],"size":[235.247,235.247,147.751]},"pointables":[{"bases":[[[0.728088,0.49485,0.474353],[-0.539087,-0.0140743,0.842132],[0.423406,-0.868864,0.25652]],[[0.640071,0.643041,0.420485],[-0.526465,-0.0315298,0.849612],[0.559593,-0.765182,0.318357]],[[0.640071,0.643041,0.420485],[-0.714982,0.29817,0.632372],[0.281265,-0.705402,0.650613]],[[0.640071,0.643041,0.420485],[-0.764116,0.475633,0.435775],[0.0802247,-0.600226,0.795797]]],"btipPosition":[-25.839,212.699,38.6196],"carpPosition":[10.3188,142.71,90.6116],"dipPosition":[-24.1182,199.824,55.6893],"direction":[-0.281265,0.705402,-0.650613],"extended":false,"handId":187,"id":1870,"length":47.7656,"mcpPosition":[10.3188,142.71,90.6116],"pipPosition":[-15.3288,177.781,76.0205],"stabilizedTipPosition":[-23.8614,212.483,43.1393],"timeVisible":5.893,"tipPosition":[-25.55,208.763,41.4485],"tipVelocity":[-13.5045,-5.39451,-2.80401],"tool":false,"touchDistance":-0.285931,"touchZone":"touching","type":0,"width":17.446},{"bases":[[[0.89385,-0.0178635,-0.448009],[0.378723,0.564936,0.733087],[0.240001,-0.824942,0.511733]],[[0.921641,-0.157856,-0.354485],[0.387975,0.392039,0.834135],[0.00729894,-0.906304,0.422564]],[[0.921641,-0.157856,-0.354485],[0.386031,0.465902,0.796188],[0.0394721,-0.870642,0.490331]],[[0.921641,-0.157856,-0.354485],[0.380191,0.550185,0.743472],[0.0776708,-0.819986,0.567089]]],"btipPosition":[5.56252,281.516,26.6781],"carpPosition":[24.1525,157.978,97.6263],"dipPosition":[6.77879,268.676,35.5583],"direction":[-0.0394721,0.870642,-0.490331],"extended":true,"handId":187,"id":1871,"length":53.8982,"mcpPosition":[7.9406,213.702,63.0592],"pipPosition":[7.6532,249.389,46.4204],"stabilizedTipPosition":[7.07206,281.71,29.7315],"timeVisible":5.893,"tipPosition":[5.18101,277.723,27.7271],"tipVelocity":[-7.83193,2.89271,3.26616],"tool":false,"touchDistance":0.292242,"touchZone":"hovering","type":1,"width":16.6644},{"bases":[[[0.84031,-0.225196,-0.493118],[0.529564,0.535534,0.657849],[0.115937,-0.813935,0.56927]],[[0.845985,-0.276538,-0.455891],[0.530426,0.349246,0.772448],[-0.0543927,-0.895296,0.442139]],[[0.845985,-0.276538,-0.455891],[0.532539,0.395409,0.748368],[-0.0266882,-0.875887,0.481777]],[[0.845985,-0.276538,-0.455891],[0.533114,0.454621,0.713518],[0.00994336,-0.846668,0.532029]]],"btipPosition":[30.1119,288.209,15.7664],"carpPosition":[34.6114,159.108,93.4848],"dipPosition":[30.2831,273.626,24.9296],"direction":[0.0266882,0.875887,-0.481777],"extended":true,"handId":187,"id":1872,"length":61.4127,"mcpPosition":[27.1847,211.247,57.0181],"pipPosition":[29.5876,250.798,37.4859],"stabilizedTipPosition":[31.401,288.088,18.9629],"timeVisible":5.893,"tipPosition":[27.0252,283.095,16.1979],"tipVelocity":[-10.4598,2.46992,1.76067],"tool":false,"touchDistance":-0.288053,"touchZone":"touching","type":2,"width":16.3667},{"bases":[[[0.805884,-0.382245,-0.45215],[0.591673,0.491857,0.638749],[-0.0217652,-0.782282,0.622544]],[[0.8058,-0.336558,-0.487252],[0.584704,0.321783,0.744699],[-0.0938448,-0.884977,0.456079]],[[0.8058,-0.336558,-0.487252],[0.588039,0.357534,0.72552],[-0.0699702,-0.871148,0.48601]],[[0.8058,-0.336558,-0.487252],[0.591387,0.414579,0.691654],[-0.0307768,-0.84549,0.533104]]],"btipPosition":[51.7921,275.464,12.1151],"carpPosition":[44.3939,157.636,88.0649],"dipPosition":[51.2651,260.986,21.2441],"direction":[0.0699702,0.871148,-0.48601],"extended":true,"handId":187,"id":1873,"length":59.0499,"mcpPosition":[45.6457,202.628,52.2599],"pipPosition":[49.4886,238.868,33.5836],"stabilizedTipPosition":[53.0968,275.46,15.4635],"timeVisible":5.893,"tipPosition":[47.9666,270.326,12.1855],"tipVelocity":[-15.3413,1.45143,-1.43188],"tool":false,"touchDistance":-0.288982,"touchZone":"touching","type":3,"width":15.5739},{"bases":[[[0.689035,-0.546196,-0.476341],[0.705552,0.355358,0.613121],[-0.165612,-0.758545,0.630223]],[[0.705892,-0.428789,-0.563787],[0.68763,0.223869,0.690687],[-0.169945,-0.875227,0.452876]],[[0.705892,-0.428789,-0.563787],[0.695537,0.269081,0.666201],[-0.133956,-0.862401,0.488181]],[[0.705892,-0.428789,-0.563787],[0.700274,0.30284,0.646455],[-0.106456,-0.851133,0.514043]]],"btipPosition":[69.9946,248.557,14.3791],"carpPosition":[51.5869,150.903,79.4807],"dipPosition":[68.3129,235.111,22.4999],"direction":[0.133956,0.862401,-0.488181],"extended":true,"handId":187,"id":1874,"length":46.294,"mcpPosition":[60.4041,191.288,45.9275],"pipPosition":[65.9116,219.652,31.251],"stabilizedTipPosition":[71.223,249.368,17.6508],"timeVisible":5.893,"tipPosition":[67.8619,243.593,13.3838],"tipVelocity":[-15.1445,0.321768,-3.87959],"tool":false,"touchDistance":0.302312,"touchZone":"hovering","type":4,"width":13.834}],"r":[[0.224353,-0.0294662,0.974062],[-0.737904,0.64774,0.189554],[-0.636524,-0.761292,0.123579]],"s":1.21636,"t":[-38.6103,-100.138,-57.9648],"timestamp":630346622968},{"currentFrameRate":55.3455,"devices":[],"gestures":[],"hands":[{"armBasis":[[0.879771,-0.0333466,-0.474226],[0.395655,0.604377,0.691509],[0.263552,-0.796,0.544908]],"armWidth":55.9977,"confidence":1,"direction":[-0.028319,0.884676,-0.465346],"elbow":[106.188,-68.7979,232.261],"grabAngle":0,"grabStrength":0,"id":187,"palmNormal":[-0.409787,-0.43489,-0.801839],"palmPosition":[28.522,188.661,63.4398],"palmVelocity":[-11.9018,-0.567826,-7.23873],"palmWidth":83.544,"pinchDistance":59.6941,"pinchStrength":0,"r":[[0.22439,-0.0291852,0.974062],[-0.737996,0.647676,0.189414],[-0.636404,-0.761357,0.123793]],"s":1.21665,"sphereCenter":[88.2696,304.723,166.792],"sphereRadius":164.51,"stabilizedPalmPosition":[30.2481,191.253,64.179],"t":[-38.8098,-100.145,-58.033],"timeVisible":5.911,"type":"right","wrist":[40.8525,128.534,97.1752]}],"id":61477,"interactionBox":{"center":[0,200,0],"size":[235.247,235.247,147.751]},"pointables":[{"bases":[[[0.727881,0.49401,0.475546],[-0.53945,-0.0155752,0.841874],[0.4233,-0.869317,0.255157]],[[0.639245,0.643191,0.421511],[-0.526954,-0.032835,0.849259],[0.560076,-0.765002,0.317942]],[[0.639245,0.643191,0.421511],[-0.715574,0.29677,0.632362],[0.281637,-0.705856,0.649959]],[[0.639245,0.643191,0.421511],[-0.764796,0.474481,0.435838],[0.0803282,-0.600977,0.795219]]],"btipPosition":[-26.1006,212.663,38.4514],"carpPosition":[10.0932,142.652,90.3916],"dipPosition":[-24.3776,199.772,55.5087],"direction":[-0.281637,0.705856,-0.649959],"extended":false,"handId":187,"id":1870,"length":47.7656,"mcpPosition":[10.0932,142.652,90.3916],"pipPosition":[-15.5766,177.714,75.8194],"stabilizedTipPosition":[-23.8962,212.431,43.1249],"timeVisible":5.911,"tipPosition":[-25.7545,208.798,41.3377],"tipVelocity":[-14.5024,-2.22389,-9.50203],"tool":false,"touchDistance":-0.288237,"touchZone":"touching","type":0,"width":17.446},{"bases":[[[0.894043,-0.0170617,-0.447655],[0.378403,0.563633,0.734254],[0.239786,-0.825849,0.510368]],[[0.92181,-0.157363,-0.354266],[0.387592,0.388993,0.835737],[0.00629256,-0.907701,0.41957]],[[0.92181,-0.157363,-0.354266],[0.385713,0.463421,0.797788],[0.0386318,-0.872054,0.487883]],[[0.92181,-0.157363,-0.354266],[0.379917,0.548297,0.745005],[0.0770064,-0.821345,0.56521]]],"btipPosition":[5.41695,281.614,26.7848],"carpPosition":[23.9237,157.908,97.4394],"dipPosition":[6.62282,268.753,35.6356],"direction":[-0.0386318,0.872054,-0.487883],"extended":true,"handId":187,"id":1871,"length":53.8982,"mcpPosition":[7.72639,213.693,62.9644],"pipPosition":[7.47861,249.435,46.4435],"stabilizedTipPosition":[7.06463,281.693,29.7266],"timeVisible":5.911,"tipPosition":[4.98654,277.782,27.7525],"tipVelocity":[-8.21811,5.17702,5.55409],"tool":false,"touchDistance":0.293908,"touchZone":"hovering","type":1,"width":16.6644},{"bases":[[[0.840524,-0.224314,-0.493156],[0.529277,0.534366,0.659029],[0.115696,-0.814946,0.567872]],[[0.846177,-0.275643,-0.456077],[0.530024,0.346488,0.773964],[-0.0553132,-0.896642,0.439287]],[[0.846177,-0.275643,-0.456077],[0.532195,0.393032,0.749862],[-0.0274417,-0.877238,0.479271]],[[0.846177,-0.275643,-0.456077],[0.532822,0.452528,0.715066],[0.00928442,-0.84808,0.529788]]],"btipPosition":[29.9719,288.329,15.9055],"carpPosition":[34.3845,159.044,93.3044],"dipPosition":[30.1318,273.722,25.0301],"direction":[0.0274417,0.877238,-0.479271],"extended":true,"handId":187,"id":1872,"length":61.4127,"mcpPosition":[26.9731,211.249,56.9273],"pipPosition":[29.4166,250.859,37.5211],"stabilizedTipPosition":[31.3845,288.051,18.9516],"timeVisible":5.911,"tipPosition":[26.8544,283.183,16.248],"tipVelocity":[-7.918,6.3761,7.23233],"tool":false,"touchDistance":-0.285628,"touchZone":"touching","type":2,"width":16.3667},{"bases":[[[0.806081,-0.381435,-0.452482],[0.591395,0.490723,0.639877],[-0.0220286,-0.783389,0.621142]],[[0.806004,-0.335433,-0.48769],[0.584359,0.319749,0.745845],[-0.0942429,-0.886141,0.453732]],[[0.806004,-0.335433,-0.48769],[0.587728,0.355765,0.726641],[-0.0702364,-0.872305,0.483892]],[[0.806004,-0.335433,-0.48769],[0.591093,0.412865,0.69293],[-0.0310816,-0.846775,0.531043]]],"btipPosition":[51.6109,275.573,12.2021],"carpPosition":[44.1692,157.582,87.8861],"dipPosition":[51.0787,261.072,21.2958],"direction":[0.0702364,0.872305,-0.483892],"extended":true,"handId":187,"id":1873,"length":59.0499,"mcpPosition":[45.4362,202.638,52.1617],"pipPosition":[49.2954,238.925,33.5815],"stabilizedTipPosition":[53.0677,275.402,15.4423],"timeVisible":5.911,"tipPosition":[47.7884,270.414,12.2168],"tipVelocity":[-10.132,5.77173,4.3799],"tool":false,"touchDistance":-0.287234,"touchZone":"touching","type":3,"width":15.5739},{"bases":[[[0.689244,-0.545344,-0.477015],[0.705285,0.354271,0.614056],[-0.165879,-0.759666,0.628802]],[[0.706141,-0.427741,-0.564272],[0.687256,0.222225,0.691589],[-0.170425,-0.876159,0.45089]],[[0.706141,-0.427741,-0.564272],[0.695302,0.268222,0.666792],[-0.133864,-0.863189,0.486812]],[[0.706141,-0.427741,-0.564272],[0.700052,0.302149,0.647018],[-0.106262,-0.851906,0.512801]]],"btipPosition":[69.7988,248.635,14.3756],"carpPosition":[51.366,150.865,79.293],"dipPosition":[68.1201,235.177,22.4768],"direction":[0.133864,0.863189,-0.486812],"extended":true,"handId":187,"id":1874,"length":46.294,"mcpPosition":[60.1974,191.309,45.8155],"pipPosition":[65.7204,219.703,31.2034],"stabilizedTipPosition":[71.211,249.343,17.6415],"timeVisible":5.911,"tipPosition":[67.6693,243.673,13.3689],"tipVelocity":[-10.8383,4.16786,-0.443834],"tool":false,"touchDistance":0.302179,"touchZone":"hovering","type":4,"width":13.834}],"r":[[0.22439,-0.0291852,0.974062],[-0.737996,0.647676,0.189414],[-0.636404,-0.761357,0.123793]],"s":1.21665,"t":[-38.8098,-100.145,-58.033],"timestamp":630346640972},{"currentFrameRate":55.3271,"devices":[],"gestures":[],"h