{"frames":69,"data":[{"currentFrameRate":55.3138,"devices":[],"gestures":[],"hands":[{"armBasis":[[0.806801,-0.0383959,-0.589575],[0.364153,0.818125,0.445044],[0.465258,-0.573758,0.674046]],"armWidth":55.9977,"confidence":1,"direction":[0.0628475,0.892236,-0.447175],"elbow":[173.242,104.637,238.433],"grabAngle":0.201822,"grabStrength":0,"id":185,"palmNormal":[-0.395551,-0.389099,-0.831951],"palmPosition":[48.8111,306.565,36.3892],"palmVelocity":[-7.88613,-14.5417,6.88879],"palmWidth":83.544,"pinchDistance":69.1553,"pinchStrength":0,"r":[[0.670393,0.209202,0.711905],[0.611633,0.387391,-0.689807],[-0.420094,0.897866,0.13175]],"s":1.27377,"sphereCenter":[67.5216,375.566,69.2132],"sphereRadius":83.7051,"stabilizedPalmPosition":[45.6295,313.378,35.9405],"t":[44.0431,-8.72851,0.672742],"timeVisible":3.95888,"type":"right","wrist":[57.902,246.875,71.3333]}],"id":60953,"interactionBox":{"center":[0,200,0],"size":[235.247,235.247,147.751]},"pointables":[{"bases":[[[0.734768,0.429909,0.524685],[-0.585057,0.010234,0.810928],[0.343255,-0.902814,0.259041]],[[0.56747,0.719523,0.40033],[-0.613151,0.0447594,0.788697],[0.549568,-0.693024,0.466576]],[[0.56747,0.719523,0.40033],[-0.728573,0.212264,0.651249],[0.383613,-0.661234,0.644679]],[[0.56747,0.719523,0.40033],[-0.765978,0.282931,0.577259],[0.302086,-0.634221,0.711694]]],"btipPosition":[-18.0822,327.633,4.51863],"carpPosition":[25.5732,261.603,61.3145],"dipPosition":[-11.6026,314.029,19.7843],"direction":[-0.383613,0.661234,-0.644679],"extended":true,"handId":185,"id":1850,"length":47.7656,"mcpPosition":[25.5732,261.603,61.3145],"pipPosition":[0.385063,293.366,39.9301],"stabilizedTipPosition":[-17.7864,331.259,7.17033],"timeVisible":3.95888,"tipPosition":[-15.5568,323.503,6.59676],"tipVelocity":[-4.62928,-15.7577,6.31703],"tool":false,"touchDistance":0.305621,"touchZone":"hovering","type":0,"width":17.446},{"bases":[[[0.913836,-0.0761049,-0.398889],[0.377543,0.520977,0.765535],[0.149551,-0.850171,0.504821]],[[0.919492,-0.113139,-0.376476],[0.392235,0.327849,0.859457],[0.026189,-0.937931,0.345832]],[[0.919492,-0.113139,-0.376476],[0.385583,0.44606,0.807686],[0.0765496,-0.887823,0.453773]],[[0.919492,-0.113139,-0.376476],[0.368259,0.583001,0.72422],[0.137548,-0.804555,0.57773]]],"btipPosition":[25.0946,402.284,2.60816],"carpPosition":[40.0775,275.658,69.4249],"dipPosition":[27.2485,389.685,11.655],"direction":[-0.0765496,0.887823,-0.453773],"extended":true,"handId":185,"id":1851,"length":53.8982,"mcpPosition":[29.9755,333.086,35.3247],"pipPosition":[28.9443,370.018,21.7072],"stabilizedTipPosition":[22.6187,407.798,3.61163],"timeVisible":3.95888,"tipPosition":[25.7567,398.808,3.79011],"tipVelocity":[-8.02513,-18.8233,-4.77479],"tool":false,"touchDistance":0.333265,"touchZone":"hovering","type":1,"width":16.6644},{"bases":[[[0.847798,-0.277958,-0.45164],[0.529795,0.481819,0.697974],[0.0236013,-0.831017,0.555745]],[[0.847944,-0.283848,-0.447685],[0.522157,0.301727,0.797693],[-0.0913448,-0.91016,0.40406]],[[0.847944,-0.283848,-0.447685],[0.529966,0.471928,0.704571],[0.0112843,-0.834694,0.550598]],[[0.847944,-0.283848,-0.447685],[0.518536,0.619501,0.589354],[0.110055,-0.73188,0.672488]]],"btipPosition":[51.141,403.882,-13.4955],"carpPosition":[50.8071,276.081,65.8871],"dipPosition":[53.0364,391.276,-1.91311],"direction":[-0.0112843,0.834694,-0.550598],"extended":true,"handId":185,"id":1852,"length":61.4127,"mcpPosition":[49.2952,329.314,30.2868],"pipPosition":[53.3305,369.522,12.4369],"stabilizedTipPosition":[48.3191,409.456,-9.87913],"timeVisible":3.95888,"tipPosition":[51.5609,400.693,-10.9486],"tipVelocity":[-9.59664,-20.6727,-5.09682],"tool":false,"touchDistance":0.333259,"touchZone":"hovering","type":2,"width":16.3667},{"bases":[[[0.799664,-0.432745,-0.416258],[0.589494,0.433992,0.681283],[-0.114169,-0.790179,0.602148]],[[0.800024,-0.430217,-0.41818],[0.559947,0.285105,0.777929],[-0.215453,-0.856521,0.46899]],[[0.800024,-0.430217,-0.41818],[0.590903,0.444301,0.673373],[-0.103899,-0.785818,0.609668]],[[0.800024,-0.430217,-0.41818],[0.599684,0.594844,0.535295],[0.0184586,-0.679024,0.733884]]],"btipPosition":[78.4542,386.085,-20.9071],"carpPosition":[60.7433,273.985,60.9761],"dipPosition":[78.7703,374.457,-8.33989],"direction":[0.103899,0.785818,-0.609668],"extended":true,"handId":185,"id":1853,"length":59.0499,"mcpPosition":[67.3096,319.431,26.3442],"pipPosition":[76.1324,354.505,7.13921],"stabilizedTipPosition":[75.6172,390.865,-16.7466],"timeVisible":3.95888,"tipPosition":[76.6534,382.907,-18.6841],"tipVelocity":[-10.3983,-20.714,-2.65401],"tool":false,"touchDistance":0.333296,"touchZone":"hovering","type":3,"width":15.5739},{"bases":[[[0.672608,-0.58701,-0.450575],[0.694277,0.289875,0.65875],[-0.256083,-0.755904,0.60252]],[[0.656089,-0.631166,-0.413736],[0.650634,0.195276,0.733855],[-0.382391,-0.750665,0.538776]],[[0.656089,-0.631166,-0.413736],[0.722409,0.366632,0.586265],[-0.218342,-0.683529,0.696502]],[[0.656089,-0.631166,-0.413736],[0.753114,0.512227,0.412847],[-0.0486478,-0.582454,0.811406]]],"btipPosition":[98.6003,352.924,-22.1991],"carpPosition":[67.8916,266.898,52.6434],"dipPosition":[97.8318,343.722,-9.38064],"direction":[0.218342,0.683529,-0.696502],"extended":true,"handId":185,"id":1854,"length":46.294,"mcpPosition":[81.5255,307.142,20.5652],"pipPosition":[93.9178,331.469,3.10487],"stabilizedTipPosition":[96.5457,355.636,-19.172],"timeVisible":3.95888,"tipPosition":[96.0374,351.274,-19.0614],"tipVelocity":[-11.5255,-19.4182,1.48778],"tool":false,"touchDistance":0.3362,"touchZone":"hovering","type":4,"width":13.834}],"r":[[0.670393,0.209202,0.711905],[0.611633,0.387391,-0.689807],[-0.420094,0.897866,0.13175]],"s":1.27377,"t":[44.0431,-8.72851,0.672742],"timestamp":630336970032},{"currentFrameRate":55.3272,"devices":[],"gestures":[],"hands":[{"armBasis":[[0.805817,-0.0404426,-0.590782],[0.36592,0.8184,0.443084],[0.465577,-0.573224,0.674279]],"armWidth":55.9977,"confidence":1,"direction":[0.0630866,0.891854,-0.447902],"elbow":[173.198,104.582,238.604],"grabAngle":0.20122,"grabStrength":0,"id":185,"palmNormal":[-0.39768,-0.389162,-0.830905],"palmPosition":[48.697,306.358,36.4718],"palmVelocity":[-6.33162,-11.4418,4.57963],"palmWidth":83.544,"pinchDistance":69.0852,"pinchStrength":0,"r":[[0.670618,0.208859,0.711793],[0.611587,0.387354,-0.689868],[-0.419801,0.897961,0.132031]],"s":1.2731,"sphereCenter":[67.5781,375.41,69.3008],"sphereRadius":83.7754,"stabilizedPalmPosition":[45.6481,313.335,35.9438],"t":[43.9425,-8.94299,0.769579],"timeVisible":3.97691,"type":"right","wrist":[57.779,246.687,71.4471]}],"id":60954,"interactionBox":{"center":[0,200,0],"size":[235.247,235.247,147.751]},"pointables":[{"bases":[[[0.736341,0.429338,0.522944],[-0.583443,0.0115176,0.812072],[0.342631,-0.90307,0.258975]],[[0.569495,0.71868,0.398967],[-0.61196,0.0466384,0.789513],[0.5488,-0.693775,0.466363]],[[0.569495,0.71868,0.398967],[-0.727709,0.215094,0.651287],[0.382251,-0.661236,0.645485]],[[0.569495,0.71868,0.398967],[-0.765102,0.286023,0.576896],[0.30049,-0.63379,0.712752]]],"btipPosition":[-18.0917,327.498,4.63928],"carpPosition":[25.4518,261.443,61.4733],"dipPosition":[-11.6462,313.904,19.9277],"direction":[-0.382251,0.661236,-0.645485],"extended":true,"handId":185,"id":1850,"length":47.7656,"mcpPosition":[25.4518,261.443,61.4733],"pipPosition":[0.298834,293.24,40.0986],"stabilizedTipPosition":[-17.781,331.228,7.17486],"timeVisible":3.97691,"tipPosition":[-15.7172,323.367,6.80829],"tipVelocity":[-0.960277,-7.36397,6.98228],"tool":false,"touchDistance":0.307719,"touchZone":"hovering","type":0,"width":17.446},{"bases":[[[0.912951,-0.0775238,-0.400638],[0.379707,0.521019,0.764436],[0.149478,-0.850017,0.505101]],[[0.918672,-0.115074,-0.377887],[0.394202,0.328597,0.858271],[0.025408,-0.937434,0.347235]],[[0.918672,-0.115074,-0.377887],[0.387675,0.44626,0.806573],[0.0758205,-0.887474,0.454578]],[[0.918672,-0.115074,-0.377887],[0.370572,0.582374,0.723545],[0.136811,-0.804735,0.577654]]],"btipPosition":[25.0702,402.076,2.63799],"carpPosition":[39.9897,275.485,69.5455],"dipPosition":[27.2125,389.475,11.6836],"direction":[-0.0758205,0.887474,-0.454578],"extended":true,"handId":185,"id":1851,"length":53.8982,"mcpPosition":[29.8926,332.903,35.4264],"pipPosition":[28.8921,369.815,21.7537],"stabilizedTipPosition":[22.6307,407.763,3.61613],"timeVisible":3.97691,"tipPosition":[25.6938,398.61,3.85853],"tipVelocity":[-1.50139,-11.5632,1.63944],"tool":false,"touchDistance":0.333352,"touchZone":"hovering","type":1,"width":16.6644},{"bases":[[[0.846555,-0.279329,-0.453122],[0.531775,0.481623,0.696602],[0.023653,-0.830671,0.556261]],[[0.846698,-0.285027,-0.449291],[0.524208,0.302198,0.796167],[-0.0911543,-0.909635,0.405284]],[[0.846698,-0.285027,-0.449291],[0.531945,0.472077,0.702978],[0.0117324,-0.834208,0.551325]],[[0.846698,-0.285027,-0.449291],[0.520528,0.618688,0.588452],[0.110246,-0.73211,0.672206]]],"btipPosition":[51.02,403.639,-13.4975],"carpPosition":[50.7128,275.892,65.9864],"dipPosition":[52.9188,391.029,-1.91991],"direction":[-0.0117324,0.834208,-0.551325],"extended":true,"handId":185,"id":1852,"length":61.4127,"mcpPosition":[49.1976,329.103,30.353],"pipPosition":[53.2245,369.288,12.449],"stabilizedTipPosition":[48.3354,409.411,-9.88411],"timeVisible":3.97691,"tipPosition":[51.4716,400.451,-10.9349],"tipVelocity":[-6.66942,-13.526,-0.169933],"tool":false,"touchDistance":0.333327,"touchZone":"hovering","type":2,"width":16.3667},{"bases":[[[0.798296,-0.434031,-0.41754],[0.591382,0.43371,0.679826],[-0.113974,-0.789628,0.602908]],[[0.798743,-0.430892,-0.419931],[0.562131,0.28559,0.776174],[-0.214519,-0.85602,0.470331]],[[0.798743,-0.430892,-0.419931],[0.592826,0.444367,0.671637],[-0.1028,-0.785411,0.610379]],[[0.798743,-0.430892,-0.419931],[0.601366,0.594025,0.534316],[0.0192169,-0.679313,0.733597]]],"btipPosition":[78.2572,385.822,-20.9378],"carpPosition":[60.6367,273.78,61.0572],"dipPosition":[78.5863,374.19,-8.37547],"direction":[0.1028,0.785411,-0.610379],"extended":true,"handId":185,"id":1853,"length":59.0499,"mcpPosition":[67.1918,319.195,26.3816],"pipPosition":[75.9763,354.249,7.12169],"stabilizedTipPosition":[75.6353,390.813,-16.7553],"timeVisible":3.97691,"tipPosition":[76.5351,382.631,-18.705],"tipVelocity":[-10.7608,-14.6109,-1.76393],"tool":false,"touchDistance":0.333305,"touchZone":"hovering","type":3,"width":15.5739},{"bases":[[[0.670979,-0.58816,-0.451502],[0.695939,0.289446,0.657184],[-0.255844,-0.755175,0.603536]],[[0.654987,-0.631028,-0.415687],[0.652915,0.195691,0.731715],[-0.380387,-0.750672,0.540183]],[[0.654987,-0.631028,-0.415687],[0.724089,0.366833,0.584062],[-0.216072,-0.683547,0.697191]],[[0.654987,-0.631028,-0.415687],[0.754191,0.511867,0.411326],[-0.0467822,-0.58292,0.811182]]],"btipPosition":[98.3205,352.673,-22.2358],"carpPosition":[67.7596,266.678,52.7152],"dipPosition":[97.5814,343.465,-9.42087],"direction":[0.216072,0.683547,-0.697191],"extended":true,"handId":185,"id":1854,"length":46.294,"mcpPosition":[81.3808,306.884,20.5829],"pipPosition":[93.7081,331.211,3.07698],"stabilizedTipPosition":[96.5578,355.598,-19.1729],"timeVisible":3.97691,"tipPosition":[95.8878,350.967,-19.1036],"tipVelocity":[-15.1466,-13.9712,-2.08014],"tool":false,"touchDistance":0.335351,"touchZone":"hovering","type":4,"width":13.834}],"r":[[0.670618,0.208859,0.711793],[0.611587,0.387354,-0.689868],[-0.419801,0.897961,0.132031]],"s":1.2731,"t":[43.9425,-8.94299,0.769579],"timestamp":630336988060},{"currentFrameRate":55.3236,"devices":[],"gestures":[],"hands":[{"armBasis":[[0.805881,-0.0400425,-0.590722],[0.365281,0.818828,0.442822],[0.465968,-0.572641,0.674504]],"armWidth":55.9977,"confidence":1,"direction":[0.0634899,0.892249,-0.447059],"elbow":[173.136,104.473,238.723],"grabAngle":0.200467,"grabStrength":0,"id":185,"palmNormal":[-0.396958,-0.388423,-0.831596],"palmPosition":[48.5581,306.128,36.5731],"palmVelocity":[-7.67645,-12.7197,5.60135],"palmWidth":83.544,"pinchDistance":69.0558,"pinchStrength":0,"r":[[0.670674,0.208457,0.711858],[0.611672,0.387445,-0.689742],[-0.419588,0.898016,0.132342]],"s":1.27234,"sphereCenter":[67.4323,375.26,69.6684],"sphereRadius":83.9286,"stabilizedPalmPosition":[45.6673,313.288,35.9479],"t":[43.8228,-9.16527,0.868656],"timeVisible":3.99499,"type":"right","wrist":[57.6203,246.434,71.5102]}],"id":60955,"interactionBox":{"center":[0,200,0],"size":[235.247,235.247,147.751]},"pointables":[{"bases":[[[0.735889,0.428866,0.523967],[-0.584153,0.0108081,0.811572],[0.342392,-0.903304,0.258477]],[[0.569365,0.718066,0.400255],[-0.612728,0.0460748,0.78895],[0.548077,-0.694448,0.466212]],[[0.569365,0.718066,0.400255],[-0.72863,0.215328,0.650178],[0.380685,-0.661827,0.645805]],[[0.569365,0.718066,0.400255],[-0.766091,0.286838,0.575177],[0.298207,-0.634118,0.71342]]],"btipPosition":[-18.1219,327.303,4.66316],"carpPosition":[25.2905,261.191,61.5146],"dipPosition":[-11.7254,313.701,19.9659],"direction":[-0.380685,0.661827,-0.645805],"extended":true,"handId":185,"id":1850,"length":47.7656,"mcpPosition":[25.2905,261.191,61.5146],"pipPosition":[0.170681,293.019,40.1468],"stabilizedTipPosition":[-17.7747,331.188,7.18052],"timeVisible":3.99499,"tipPosition":[-15.8342,323.17,6.87529],"tipVelocity":[-2.29438,-10.8984,1.50222],"tool":false,"touchDistance":0.308171,"touchZone":"hovering","type":0,"width":17.446},{"bases":[[[0.9133,-0.0771824,-0.399908],[0.379045,0.520338,0.765228],[0.149025,-0.850465,0.50448]],[[0.919084,-0.115401,-0.376785],[0.393298,0.32815,0.858857],[0.0245292,-0.93755,0.346984]],[[0.919084,-0.115401,-0.376785],[0.386881,0.445957,0.807122],[0.0748876,-0.887584,0.454519]],[[0.919084,-0.115401,-0.376785],[0.370125,0.580976,0.724897],[0.135249,-0.805698,0.576678]]],"btipPosition":[25.0123,401.869,2.77278],"carpPosition":[39.8216,275.225,69.6119],"dipPosition":[27.1302,389.253,11.8031],"direction":[-0.0748876,0.887584,-0.454519],"extended":true,"handId":185,"id":1851,"length":53.8982,"mcpPosition":[29.755,332.674,35.5347],"pipPosition":[28.7892,369.59,21.8719],"stabilizedTipPosition":[22.6429,407.725,3.62137],"timeVisible":3.99499,"tipPosition":[25.5843,398.411,4.0244],"tipVelocity":[-3.51013,-11.6255,7.25804],"tool":false,"touchDistance":0.333433,"touchZone":"hovering","type":1,"width":16.6644},{"bases":[[[0.846947,-0.27894,-0.452628],[0.531172,0.481,0.697492],[0.0231557,-0.831163,0.555547]],[[0.847085,-0.284581,-0.448843],[0.523534,0.301539,0.796861],[-0.0914276,-0.909994,0.404417]],[[0.847085,-0.284581,-0.448843],[0.531333,0.471723,0.703678],[0.0114765,-0.83456,0.550797]],[[0.847085,-0.284581,-0.448843],[0.520091,0.617621,0.589957],[0.109325,-0.733183,0.671186]]],"btipPosition":[50.9214,403.458,-13.306],"carpPosition":[50.5478,275.636,66.0625],"dipPosition":[52.8043,390.83,-1.74597],"direction":[-0.0114765,0.834561,-0.550797],"extended":true,"handId":185,"id":1852,"length":61.4127,"mcpPosition":[49.0644,328.879,30.4749],"pipPosition":[53.1034,369.079,12.6092],"stabilizedTipPosition":[48.349,409.371,-9.88753],"timeVisible":3.99499,"tipPosition":[51.3755,400.263,-10.7479],"tipVelocity":[-5.65238,-10.2512,10.3642],"tool":false,"touchDistance":0.333474,"touchZone":"hovering","type":2,"width":16.3667},{"bases":[[[0.798656,-0.433673,-0.417225],[0.590793,0.433101,0.680725],[-0.114512,-0.790159,0.60211]],[[0.799161,-0.43013,-0.419917],[0.561492,0.284712,0.77696],[-0.214638,-0.856696,0.469045]],[[0.799161,-0.43013,-0.419917],[0.592216,0.443595,0.672684],[-0.103069,-0.786264,0.609233]],[[0.799161,-0.43013,-0.419917],[0.600835,0.592989,0.53606],[0.0184308,-0.680699,0.732331]]],"btipPosition":[78.1525,385.674,-20.7055],"carpPosition":[60.4759,273.528,61.1402],"dipPosition":[78.4682,374.018,-8.16486],"direction":[0.103069,0.786264,-0.609233],"extended":true,"handId":185,"id":1853,"length":59.0499,"mcpPosition":[67.0619,318.973,26.5104],"pipPosition":[75.8513,354.055,7.30321],"stabilizedTipPosition":[75.6477,390.776,-16.7604],"timeVisible":3.99499,"tipPosition":[76.451,382.451,-18.5097],"tipVelocity":[-5.9595,-8.50211,12.5667],"tool":false,"touchDistance":0.333503,"touchZone":"hovering","type":3,"width":15.5739},{"bases":[[[0.671366,-0.58777,-0.451435],[0.695367,0.288855,0.658048],[-0.256382,-0.755704,0.602644]],[[0.655754,-0.629662,-0.416548],[0.652412,0.194959,0.732359],[-0.379929,-0.752008,0.538644]],[[0.655754,-0.629662,-0.416548],[0.723462,0.36634,0.585148],[-0.215847,-0.68507,0.695765]],[[0.655754,-0.629662,-0.416548],[0.753512,0.511518,0.413001],[-0.0469792,-0.584701,0.809888]]],"btipPosition":[98.1797,352.556,-22.0096],"carpPosition":[67.606,266.434,52.7981],"dipPosition":[97.4376,343.319,-9.21509],"direction":[0.215847,0.68507,-0.695765],"extended":true,"handId":185,"id":1854,"length":46.294,"mcpPosition":[81.2558,306.667,20.7133],"pipPosition":[93.5683,331.038,3.25721],"stabilizedTipPosition":[96.5657,355.57,-19.1723],"timeVisible":3.99499,"tipPosition":[95.8108,350.784,-18.9223],"tipVelocity":[-7.81955,-6.86847,12.2473],"tool":false,"touchDistance":0.338472,"touchZone":"hovering","type":4,"width":13.834}],"r":[[0.670674,0.208457,0.711858],[0.611672,0.387445,-0.689742],[-0.419588,0.898016,0.132342]],"s":1.27234,"t":[43.8228,-9.16527,0.868656],"timestamp":630337006148},{"currentFrameRate":55.3009,"devices":[],"gestures":[],"hands":[{"armBasis":[[0.806443,-0.0384859,-0.590058],[0.363803,0.818955,0.443801],[0.466151,-0.572565,0.674442]],"armWidth":55.9977,"confidence":1,"direction":[0.0631089,0.892085,-0.447438],"elbow":[173.056,104.283,238.775],"grabAngle":0.19996,"grabStrength":0,"id":185,"palmNormal":[-0.395228,-0.389338,-0.831992],"palmPosition":[48.4097,305.897,36.6065],"palmVelocity":[-8.17533,-12.725,1.84056],"palmWidth":83.544,"pinchDistance":69.0646,"pinchStrength":0,"r":[[0.670453,0.208372,0.712092],[0.611858,0.38759,-0.689496],[-0.419671,0.897973,0.132367]],"s":1.27169,"sphereCenter":[67.1675,375.193,69.9049],"sphereRadius":84.1014,"stabilizedPalmPosition":[45.6885,313.23,35.953],"t":[43.6887,-9.39196,0.934908],"timeVisible":4.01315,"type":"right","wrist":[57.495,246.224,71.5772]}],"id":60956,"interactionBox":{"center":[0,200,0],"size":[235.247,235.247,147.751]},"pointables":[{"bases":[[[0.734579,0.430021,0.524858],[-0.585401,0.0105444,0.810675],[0.343073,-0.902757,0.25948]],[[0.568024,0.718808,0.400829],[-0.613588,0.0452811,0.788327],[0.548505,-0.693733,0.466773]],[[0.568024,0.718808,0.400829],[-0.729834,0.214842,0.648988],[0.380383,-0.661179,0.646646]],[[0.568024,0.718808,0.400829],[-0.767411,0.286617,0.573525],[0.29737,-0.633377,0.714427]]],"btipPosition":[-18.2471,326.988,4.61157],"carpPosition":[25.1576,260.945,61.5365],"dipPosition":[-11.8686,313.402,19.9359],"direction":[-0.380383,0.661179,-0.646646],"extended":true,"handId":185,"id":1850,"length":47.7656,"mcpPosition":[25.1576,260.945,61.5365],"pipPosition":[0.0180801,292.741,40.1431],"stabilizedTipPosition":[-17.7677,331.137,7.18722],"timeVisible":4.01315,"tipPosition":[-15.9593,322.848,6.80441],"tipVelocity":[-7.12148,-17.1116,-2.56755],"tool":false,"touchDistance":0.307394,"touchZone":"hovering","type":0,"width":17.446},{"bases":[[[0.913999,-0.0763075,-0.398476],[0.377259,0.521196,0.765526],[0.149269,-0.850019,0.505161]],[[0.91988,-0.115189,-0.374902],[0.39144,0.329077,0.85935],[0.0243842,-0.937251,0.347801]],[[0.91988,-0.115189,-0.374902],[0.385032,0.447144,0.80735],[0.0746373,-0.887014,0.45567]],[[0.91988,-0.115189,-0.374902],[0.368462,0.581316,0.72547],[0.134371,-0.805483,0.577184]]],"btipPosition":[24.8589,401.588,2.69778],"carpPosition":[39.6595,275.002,69.6485],"dipPosition":[26.963,388.974,11.7361],"direction":[-0.0746373,0.887014,-0.45567],"extended":true,"handId":185,"id":1851,"length":53.8982,"mcpPosition":[29.5766,332.42,35.5253],"pipPosition":[28.6164,369.325,21.8304],"stabilizedTipPosition":[22.6578,407.675,3.62777],"timeVisible":4.01315,"tipPosition":[25.3755,398.138,3.97671],"tipVelocity":[-8.62278,-15.476,-4.02959],"tool":false,"touchDistance":0.333277,"touchZone":"hovering","type":1,"width":16.6644},{"bases":[[[0.847967,-0.278172,-0.451189],[0.529536,0.482004,0.698043],[0.0232986,-0.830838,0.556026]],[[0.848107,-0.283828,-0.447389],[0.521922,0.30224,0.797652],[-0.0911764,-0.909996,0.404468]],[[0.848107,-0.283828,-0.447389],[0.529697,0.472816,0.704177],[0.0116682,-0.834198,0.551341]],[[0.848107,-0.283828,-0.447389],[0.518529,0.618086,0.590845],[0.108827,-0.733083,0.671376]]],"btipPosition":[50.7476,403.213,-13.3036],"carpPosition":[50.3907,275.423,66.1152],"dipPosition":[52.6219,390.587,-1.74037],"direction":[-0.0116682,0.834198,-0.551341],"extended":true,"handId":185,"id":1852,"length":61.4127,"mcpPosition":[48.8982,328.645,30.497],"pipPosition":[52.926,368.845,12.629],"stabilizedTipPosition":[48.3659,409.317,-9.89205],"timeVisible":4.01315,"tipPosition":[51.187,400.011,-10.7603],"tipVelocity":[-9.67769,-13.4586,0.169443],"tool":false,"touchDistance":0.333342,"touchZone":"hovering","type":2,"width":16.3667},{"bases":[[[0.799806,-0.432944,-0.415776],[0.589239,0.434167,0.681393],[-0.114488,-0.789974,0.602357]],[[0.80033,-0.429262,-0.418576],[0.559858,0.285239,0.777945],[-0.214548,-0.856956,0.46861]],[[0.80033,-0.429262,-0.418576],[0.590577,0.444032,0.673835],[-0.103391,-0.786492,0.608884]],[[0.80033,-0.429262,-0.418576],[0.599302,0.593206,0.537534],[0.0175591,-0.681058,0.732018]]],"btipPosition":[78.0235,385.482,-20.6187],"carpPosition":[60.3288,273.324,61.2091],"dipPosition":[78.3242,373.82,-8.08346],"direction":[0.103391,0.786492,-0.608884],"extended":true,"handId":185,"id":1853,"length":59.0499,"mcpPosition":[66.9135,318.759,26.5652],"pipPosition":[75.6991,353.851,7.37574],"stabilizedTipPosition":[75.6613,390.732,-16.7658],"timeVisible":4.01315,"tipPosition":[76.303,382.226,-18.4715],"tipVelocity":[-7.29631,-10.6408,4.70858],"tool":false,"touchDistance":0.333405,"touchZone":"hovering","type":3,"width":15.5739},{"bases":[[[0.672752,-0.587211,-0.450098],[0.69402,0.290034,0.658951],[-0.2564,-0.755688,0.602657]],[[0.65746,-0.628309,-0.415902],[0.651117,0.195965,0.733242],[-0.3792,-0.752879,0.537942]],[[0.65746,-0.628309,-0.415902],[0.722095,0.367722,0.585969],[-0.215233,-0.685572,0.695461]],[[0.65746,-0.628309,-0.415902],[0.75205,0.513085,0.41372],[-0.0465506,-0.584784,0.809852]]],"btipPosition":[98.0133,352.394,-21.8978],"carpPosition":[67.48,266.234,52.8817],"dipPosition":[97.2779,343.155,-9.1039],"direction":[0.215233,0.685572,-0.695461],"extended":true,"handId":185,"id":1854,"length":46.294,"mcpPosition":[81.1308,306.467,20.7962],"pipPosition":[93.4196,330.866,3.36293],"stabilizedTipPosition":[96.573,355.539,-19.1711],"timeVisible":4.01315,"tipPosition":[95.7033,350.578,-18.8413],"tipVelocity":[-9.07785,-8.94095,6.14571],"tool":false,"touchDistance":0.339632,"touchZone":"hovering","type":4,"width":13.834}],"r":[[0.670453,0.208372,0.712092],[0.611858,0.38759,-0.689496],[-0.419671,0.897973,0.132367]],"s":1.27169,"t":[43.6887,-9.39196,0.934908],"timestamp":630337024309},{"currentFrameRate":55.3229,"devices":[],"gestures":[],"hands":[{"armBasis":[[0.804959,-0.0410214,-0.59191],[0.366119,0.819376,0.441112],[0.466902,-0.571787,0.674583]],"armWidth":55.9977,"confidence":1,"direction":[0.0635168,0.891544,-0.448458],"elbow":[173.039,104.293,238.92],"grabAngle":0.199149,"grabStrength":0,"id":185,"palmNormal":[-0.397978,-0.38946,-0.830623],"palmPosition":[48.2198,305.689,36.6724],"palmVelocity":[-10.5497,-11.5633,3.6616],"palmWidth":83.544,"pinchDistance":69.0323,"pinchStrength":0,"r":[[0.670703,0.208211,0.711903],[0.611794,0.387362,-0.68968],[-0.419363,0.898109,0.132423]],"s":1.2712,"sphereCenter":[67.2127,375.358,70.4714],"sphereRadius":84.6263,"stabilizedPalmPosition":[45.7099,313.167,35.9591],"t":[43.5267,-9.60937,1.00099],"timeVisible":4.03116,"type":"right","wrist":[57.2914,246.042,71.6876]}],"id":60957,"interactionBox":{"center":[0,200,0],"size":[235.247,235.247,147.751]},"pointables":[{"bases":[[[0.736628,0.429265,0.522601],[-0.583349,0.0123301,0.812128],[0.342174,-0.903095,0.259494]],[[0.57073,0.717649,0.399058],[-0.610733,0.0461387,0.790491],[0.548883,-0.694875,0.464624]],[[0.57073,0.717649,0.399058],[-0.727203,0.21603,0.651542],[0.38137,-0.662051,0.645171]],[[0.57073,0.717649,0.399058],[-0.765139,0.288389,0.575669],[0.298044,-0.633886,0.713693]]],"btipPosition":[-18.5141,326.935,4.93938],"carpPosition":[24.9532,260.801,61.7041],"dipPosition":[-12.1211,313.338,20.248],"direction":[-0.38137,0.662051,-0.645171],"extended":true,"handId":185,"id":1850,"length":47.7656,"mcpPosition":[24.9532,260.801,61.7041],"pipPosition":[-0.203614,292.649,40.4091],"stabilizedTipPosition":[-17.764,331.099,7.19378],"timeVisible":4.03116,"tipPosition":[-16.2022,322.731,7.02813],"tipVelocity":[-14.6488,-3.11707,18.0109],"tool":false,"touchDistance":0.312798,"touchZone":"hovering","type":0,"width":17.446},{"bases":[[[0.912866,-0.07826,-0.400689],[0.380069,0.521285,0.764074],[0.149077,-0.849787,0.505608]],[[0.918732,-0.117068,-0.37713],[0.394166,0.329373,0.85799],[0.0237732,-0.936914,0.348749]],[[0.918732,-0.117068,-0.37713],[0.387762,0.448001,0.805565],[0.0746488,-0.886335,0.456988]],[[0.918732,-0.117068,-0.37713],[0.37137,0.58078,0.724416],[0.134224,-0.805599,0.577057]]],"btipPosition":[24.7379,401.384,2.72067],"carpPosition":[39.4995,274.84,69.7661],"dipPosition":[26.8398,388.769,11.757],"direction":[-0.0746488,0.886335,-0.456988],"extended":true,"handId":185,"id":1851,"length":53.8982,"mcpPosition":[29.4295,332.243,35.6127],"pipPosition":[28.4934,369.134,21.8804],"stabilizedTipPosition":[22.6749,407.614,3.63557],"timeVisible":4.03116,"tipPosition":[25.2621,397.938,4.01202],"tipVelocity":[-6.74905,-11.3225,1.24607],"tool":false,"touchDistance":0.333348,"touchZone":"hovering","type":1,"width":16.6644},{"bases":[[[0.846356,-0.280062,-0.453041],[0.532109,0.481766,0.696248],[0.0232674,-0.830341,0.556769]],[[0.846492,-0.285541,-0.449353],[0.524404,0.301433,0.796328],[-0.0919341,-0.909728,0.404899]],[[0.846492,-0.285541,-0.449353],[0.532275,0.472333,0.702556],[0.0116357,-0.833888,0.551812]],[[0.846492,-0.285541,-0.449353],[0.521069,0.617547,0.589171],[0.109265,-0.732872,0.671535]]],"btipPosition":[50.6082,402.974,-13.295],"carpPosition":[50.2224,275.239,66.2055],"dipPosition":[52.49,390.352,-1.729],"direction":[-0.0116357,0.833888,-0.551812],"extended":true,"handId":185,"id":1852,"length":61.4127,"mcpPosition":[48.732,328.43,30.5397],"pipPosition":[52.7933,368.619,12.6526],"stabilizedTipPosition":[48.3852,409.25,-9.89742],"timeVisible":4.03116,"tipPosition":[51.0398,399.753,-10.7917],"tipVelocity":[-7.64949,-13.2029,0.514376],"tool":false,"touchDistance":0.333341,"touchZone":"hovering","type":2,"width":16.3667},{"bases":[[[0.798019,-0.434716,-0.417358],[0.591688,0.433811,0.679495],[-0.114333,-0.789196,0.603406]],[[0.798596,-0.430656,-0.420453],[0.562133,0.284074,0.77673],[-0.215063,-0.856643,0.468946]],[[0.798596,-0.430656,-0.420453],[0.592894,0.442716,0.672666],[-0.103546,-0.786472,0.608884]],[[0.798596,-0.430656,-0.420453],[0.601605,0.591839,0.536469],[0.0178074,-0.681368,0.731724]]],"btipPosition":[77.8512,385.225,-20.6202],"carpPosition":[60.1446,273.12,61.2766],"dipPosition":[78.1561,373.557,-8.09002],"direction":[0.103546,0.786472,-0.608884],"extended":true,"handId":185,"id":1853,"length":59.0499,"mcpPosition":[66.7204,318.509,26.5724],"pipPosition":[75.5271,353.589,7.36919],"stabilizedTipPosition":[75.6771,390.674,-16.7726],"timeVisible":4.03116,"tipPosition":[76.1177,381.921,-18.5438],"tipVelocity":[-9.51779,-14.3799,-0.148687],"tool":false,"touchDistance":0.333335,"touchZone":"hovering","type":3,"width":15.5739},{"bases":[[[0.670615,-0.588798,-0.451212],[0.696165,0.289476,0.656931],[-0.256184,-0.754666,0.604027]],[[0.655634,-0.629108,-0.417574],[0.652937,0.19461,0.731983],[-0.379232,-0.752563,0.538361]],[[0.655634,-0.629108,-0.417574],[0.723853,0.36627,0.584708],[-0.2149,-0.685616,0.69552]],[[0.655634,-0.629108,-0.417574],[0.753704,0.511896,0.41218],[-0.0455515,-0.584966,0.809777]]],"btipPosition":[97.7639,352.107,-21.9278],"carpPosition":[67.2628,266.009,52.9382],"dipPosition":[97.0443,342.866,-9.13506],"direction":[0.2149,0.685616,-0.69552],"extended":true,"handId":185,"id":1854,"length":46.294,"mcpPosition":[80.9021,306.187,20.7797],"pipPosition":[93.192,330.576,3.33284],"stabilizedTipPosition":[96.5806,355.498,-19.1697],"timeVisible":4.03116,"tipPosition":[95.4641,350.233,-18.9371],"tipVelocity":[-13.6528,-15.9314,-1.6801],"tool":false,"touchDistance":0.338549,"touchZone":"hovering","type":4,"width":13.834}],"r":[[0.670703,0.208211,0.711903],[0.611794,0.387362,-0.68968],[-0.419363,0.898109,0.132423]],"s":1.2712,"t":[43.5267,-9.60937,1.00099],"timestamp":630337042309},{"currentFrameRate":55.332,"devices":[],"gestures":[],"hands":[{"armBasis":[[0.805116,-0.0412173,-0.591684],[0.365621,0.819989,0.440386],[0.467023,-0.570893,0.675256]],"armWidth":55.9977,"confidence":1,"direction":[0.0632724,0.891581,-0.44842],"elbow":[172.913,104.317,239.141],"grabAngle":0.197989,"grabStrength":0,"id":185,"palmNormal":[-0.397737,-0.389568,-0.830688],"palmPosition":[48.0482,305.483,36.7191],"palmVelocity":[-9.50874,-11.4098,2.58718],"palmWidth":83.544,"pinchDistance":68.9237,"pinchStrength":0,"r":[[0.670871,0.208123,0.71177],[0.611735,0.387226,-0.689809],[-0.419181,0.898188,0.132463]],"s":1.27068,"sphereCenter":[67.1728,375.618,71.2834],"sphereRadius":85.2984,"stabilizedPalmPosition":[45.7315,313.096,35.9661],"t":[43.3599,-9.821,1.05737],"timeVisible":4.0492,"type":"right","wrist":[57.1362,245.844,71.7414]}],"id":60958,"interactionBox":{"center":[0,200,0],"size":[235.247,235.247,147.751]},"pointables":[{"bases":[[[0.736414,0.429498,0.522711],[-0.58346,0.0121053,0.812052],[0.342447,-0.902987,0.259509]],[[0.571495,0.716549,0.399938],[-0.609734,0.0446154,0.79135],[0.549197,-0.696109,0.462401]],[[0.571495,0.716549,0.399938],[-0.726625,0.215401,0.652395],[0.381326,-0.663446,0.643763]],[[0.571495,0.716549,0.399938],[-0.765037,0.288941,0.575527],[0.296835,-0.634879,0.713315]]],"btipPosition":[-18.6608,326.842,5.13554],"carpPosition":[24.7936,260.587,61.7462],"dipPosition":[-12.2937,313.224,20.436],"direction":[-0.381326,0.663446,-0.643763],"extended":true,"handId":185,"id":1850,"length":47.7656,"mcpPosition":[24.7936,260.587,61.7462],"pipPosition":[-0.377578,292.491,40.5531],"stabilizedTipPosition":[-17.7617,331.069,7.19967],"timeVisible":4.0492,"tipPosition":[-16.3866,322.521,7.08823],"tipVelocity":[-8.45889,-5.43566,10.7695],"tool":false,"touchDistance":0.316036,"touchZone":"hovering","type":0,"width":17.446},{"bases":[[[0.912945,-0.0779367,-0.400572],[0.379792,0.521389,0.764141],[0.149299,-0.849752,0.505599]],[[0.918817,-0.116715,-0.377031],[0.393931,0.33017,0.857792],[0.0243675,-0.936678,0.349343]],[[0.918817,-0.116715,-0.377031],[0.387415,0.44919,0.80507],[0.0753952,-0.88578,0.457941]],[[0.918817,-0.116715,-0.377031],[0.371152,0.580429,0.724809],[0.134244,-0.805903,0.576627]]],"btipPosition":[24.5172,401.155,2.72798],"carpPosition":[39.3341,274.63,69.8106],"dipPosition":[26.6194,388.535,11.7575],"direction":[-0.0753952,0.88578,-0.457941],"extended":true,"handId":185,"id":1851,"length":53.8982,"mcpPosition":[29.2491,332.03,35.6578],"pipPosition":[28.2896,368.913,21.9021],"stabilizedTipPosition":[22.6937,407.538,3.645],"timeVisible":4.0492,"tipPosition":[25.0632,397.727,4.06118],"tipVelocity":[-12.2285,-12.757,0.319413],"tool":false,"touchDistance":0.333338,"touchZone":"hovering","type":1,"width":16.6644},{"bases":[[[0.846511,-0.279759,-0.45294],[0.531854,0.481924,0.696334],[0.0234768,-0.830352,0.556745]],[[0.846643,-0.285045,-0.449383],[0.524218,0.301364,0.796477],[-0.0916041,-0.909906,0.404573]],[[0.846643,-0.285045,-0.449383],[0.532025,0.472508,0.702628],[0.0120564,-0.833958,0.551696]],[[0.846643,-0.285045,-0.449383],[0.520772,0.617558,0.589422],[0.109508,-0.733056,0.671295]]],"btipPosition":[50.3999,402.782,-13.2259],"carpPosition":[50.0574,275.033,66.2515],"dipPosition":[52.286,390.156,-1.66409],"direction":[-0.0120564,0.833958,-0.551696],"extended":true,"handId":185,"id":1852,"length":61.4127,"mcpPosition":[48.5535,328.225,30.5871],"pipPosition":[52.6002,368.421,12.7145],"stabilizedTipPosition":[48.4052,409.174,-9.90288],"timeVisible":4.0492,"tipPosition":[50.8424,399.55,-10.7413],"tipVelocity":[-11.4875,-10.7152,3.77469],"tool":false,"touchDistance":0.333385,"touchZone":"hovering","type":2,"width":16.3667},{"bases":[[[0.798221,-0.434431,-0.417268],[0.591451,0.43399,0.679587],[-0.114144,-0.789254,0.603365]],[[0.798865,-0.429875,-0.420739],[0.561843,0.283464,0.777162],[-0.214818,-0.857237,0.467972]],[[0.798865,-0.429875,-0.420739],[0.592508,0.441814,0.673598],[-0.103674,-0.787405,0.607655]],[[0.798865,-0.429875,-0.420739],[0.601258,0.590915,0.537874],[0.0174021,-0.682662,0.730527]]],"btipPosition":[77.6768,385.096,-20.4791],"carpPosition":[59.9809,272.917,61.3238],"dipPosition":[77.9748,373.406,-7.9694],"direction":[0.103674,0.787405,-0.607655],"extended":true,"handId":185,"id":1853,"length":59.0499,"mcpPosition":[66.5458,318.31,26.6219],"pipPosition":[75.3425,353.414,7.45859],"stabilizedTipPosition":[75.6906,390.62,-16.7781],"timeVisible":4.0492,"tipPosition":[75.9399,381.731,-18.4848],"tipVelocity":[-9.75537,-7.43575,7.56086],"tool":false,"touchDistance":0.333436,"touchZone":"hovering","type":3,"width":15.5739},{"bases":[[[0.670874,-0.588555,-0.451144],[0.69598,0.289692,0.657031],[-0.256006,-0.754773,0.603969]],[[0.656259,-0.627988,-0.418276],[0.652376,0.19371,0.732722],[-0.379117,-0.753729,0.536808]],[[0.656259,-0.627988,-0.418276],[0.723094,0.365075,0.586392],[-0.215545,-0.687278,0.693678]],[[0.656259,-0.627988,-0.418276],[0.753113,0.511134,0.414203],[-0.0463192,-0.586833,0.808382]]],"btipPosition":[97.6142,352.01,-21.7714],"carpPosition":[67.1027,265.809,52.986],"dipPosition":[96.8825,342.74,-9.00075],"direction":[0.215545,0.687278,-0.693678],"extended":true,"handId":185,"id":1854,"length":46.294,"mcpPosition":[80.7325,305.993,20.8307],"pipPosition":[93.0186,330.419,3.43413],"stabilizedTipPosition":[96.586,355.464,-19.1676],"timeVisible":4.0492,"tipPosition":[95.3033,350.044,-18.8824],"tipVelocity":[-8.4523,-5.76014,8.38521],"tool":false,"touchDistance":0.340296,"touchZone":"hovering","type":4,"width":13.834}],"r":[[0.670871,0.208123,0.71177],[0.611735,0.387226,-0.689809],[-0.419181,0.898188,0.132463]],"s":1.27068,"t":[43.3599,-9.821,1.05737],"timestamp":630337060350},{"currentFrameRate":55.3222,"devices":[],"gestures":[],"hands":[{"armBasis":[[0.803769,-0.043136,-0.593376],[0.367756,0.820024,0.438538],[0.467666,-0.570701,0.674973]],"armWidth":55.9977,"confidence":1,"direction":[0.0628112,0.890241,-0.451139],"elbow":[172.861,104.065,239.244],"grabAngle":0.196293,"grabStrength":0,"id":185,"palmNormal":[-0.400255,-0.391617,-0.828512],"palmPosition":[47.8004,305.101,36.7558],"palmVelocity":[-13.6816,-21.1198,2.02934],"palmWidth":83.544,"pinchDistance":68.89,"pinchStrength":0,"r":[[0.671417,0.208349,0.711189],[0.611385,0.386621,-0.690458],[-0.418817,0.898396,0.132202]],"s":1.27035,"sphereCenter":[67.1542,375.711,71.6932],"sphereRadius":85.8622,"stabilizedPalmPosition":[45.7548,313.006,35.975],"t":[43.1526,-10.1181,1.10393],"timeVisible":4.06731,"type":"right","wrist":[56.9243,245.545,71.9144]}],"id":60959,"interactionBox":{"center":[0,200,0],"size":[235.247,235.247,147.751]},"pointables":[{"bases":[[[0.738147,0.430386,0.519526],[-0.581295,0.0149106,0.813556],[0.342397,-0.902522,0.261187]],[[0.573499,0.716784,0.396635],[-0.607131,0.0468346,0.79322],[0.549992,-0.69572,0.462041]],[[0.573499,0.716784,0.396635],[-0.72419,0.217265,0.654481],[0.382946,-0.662583,0.643689]],[[0.573499,0.716784,0.396635],[-0.762768,0.290627,0.577685],[0.298802,-0.633842,0.713415]]],"btipPosition":[-19.008,326.483,5.37898],"carpPosition":[24.5756,260.295,61.973],"dipPosition":[-12.5988,312.887,20.6816],"direction":[-0.382946,0.662583,-0.643689],"extended":true,"handId":185,"id":1850,"length":47.7656,"mcpPosition":[24.5756,260.295,61.973],"pipPosition":[-0.631966,292.182,40.7964],"stabilizedTipPosition":[-17.7605,331.029,7.20858],"timeVisible":4.06731,"tipPosition":[-16.7047,322.115,7.25878],"tipVelocity":[-18.6383,-19.5105,13.4696],"tool":false,"touchDistance":0.320101,"touchZone":"hovering","type":0,"width":17.446},{"bases":[[[0.911816,-0.0798351,-0.402763],[0.382241,0.523262,0.761636],[0.149945,-0.848424,0.507635]],[[0.917719,-0.118546,-0.37913],[0.396461,0.332747,0.855627],[0.0247228,-0.935535,0.352367]],[[0.917719,-0.118546,-0.37913],[0.389912,0.451209,0.802732],[0.0759059,-0.884509,0.460306]],[[0.917719,-0.118546,-0.37913],[0.373794,0.580705,0.723228],[0.134427,-0.805437,0.577236]]],"btipPosition":[24.2602,400.705,2.55747],"carpPosition":[39.1489,274.35,69.9586],"dipPosition":[26.3652,388.092,11.5966],"direction":[-0.0759059,0.884509,-0.460306],"extended":true,"handId":185,"id":1851,"length":53.8982,"mcpPosition":[29.0202,331.66,35.6683],"pipPosition":[28.0468,368.498,21.7935],"stabilizedTipPosition":[22.7141,407.442,3.65487],"timeVisible":4.06731,"tipPosition":[24.8042,397.27,3.89507],"tipVelocity":[-14.1554,-24.788,-9.294],"tool":false,"touchDistance":0.333193,"touchZone":"hovering","type":1,"width":16.6644},{"bases":[[[0.845079,-0.281752,-0.454376],[0.534091,0.483478,0.693539],[0.0242748,-0.828773,0.559058]],[[0.845213,-0.286884,-0.450902],[0.526559,0.302768,0.794397],[-0.0913813,-0.908861,0.406965]],[[0.845213,-0.286884,-0.450902],[0.534278,0.473675,0.700128],[0.0127251,-0.832664,0.553632]],[[0.845213,-0.286884,-0.450902],[0.522969,0.617773,0.587247],[0.110083,-0.732157,0.672182]]],"btipPosition":[50.1173,402.286,-13.4271],"carpPosition":[49.863,274.734,66.3699],"dipPosition":[52.0133,389.676,-1.84993],"direction":[-0.0127251,0.832664,-0.553632],"extended":true,"handId":185,"id":1852,"length":61.4127,"mcpPosition":[48.308,327.824,30.5574],"pipPosition":[52.3449,367.974,12.5791],"stabilizedTipPosition":[48.4274,409.073,-9.91177],"timeVisible":4.06731,"tipPosition":[50.5456,399.03,-10.9804],"tipVelocity":[-15.4814,-27.1877,-10.911],"tool":false,"touchDistance":0.333171,"touchZone":"hovering","type":2,"width":16.3667},{"bases":[[[0.796757,-0.436281,-0.418134],[0.593605,0.435446,0.676772],[-0.113188,-0.787429,0.605924]],[[0.797429,-0.431498,-0.421801],[0.564032,0.28463,0.775148],[-0.214418,-0.856034,0.470351]],[[0.797429,-0.431498,-0.421801],[0.594532,0.442357,0.671455],[-0.103145,-0.786212,0.609288]],[[0.797429,-0.431498,-0.421801],[0.603149,0.590642,0.536053],[0.0178278,-0.681873,0.731253]]],"btipPosition":[77.3755,384.576,-20.6794],"carpPosition":[59.7718,272.595,61.4221],"dipPosition":[77.6808,372.899,-8.15722],"direction":[0.103145,0.786212,-0.609288],"extended":true,"handId":185,"id":1853,"length":59.0499,"mcpPosition":[66.2816,317.884,26.573],"pipPosition":[75.062,352.938,7.31224],"stabilizedTipPosition":[75.7064,390.542,-16.7872],"timeVisible":4.06731,"tipPosition":[75.6182,381.171,-18.7347],"tipVelocity":[-16.5441,-28.5278,-10.8996],"tool":false,"touchDistance":0.333174,"touchZone":"hovering","type":3,"width":15.5739},{"bases":[[[0.669195,-0.590397,-0.451231],[0.697956,0.290998,0.654353],[-0.255021,-0.752829,0.606805]],[[0.654731,-0.629487,-0.418418],[0.654358,0.194957,0.730621],[-0.378343,-0.752155,0.539554]],[[0.654731,-0.629487,-0.418418],[0.724612,0.365194,0.584441],[-0.215094,-0.685842,0.695238]],[[0.654731,-0.629487,-0.418418],[0.754485,0.51087,0.412024],[-0.0456068,-0.585455,0.809421]]],"btipPosition":[97.2802,351.457,-21.956],"carpPosition":[66.8655,265.458,53.0859],"dipPosition":[96.5597,342.208,-9.16885],"direction":[0.215094,0.685842,-0.695238],"extended":true,"handId":185,"id":1854,"length":46.294,"mcpPosition":[80.4429,305.538,20.7795],"pipPosition":[92.704,329.914,3.29398],"stabilizedTipPosition":[96.5908,355.408,-19.1662],"timeVisible":4.06731,"tipPosition":[94.9529,349.463,-19.0977],"tipVelocity":[-18.3006,-30.2813,-9.97995],"tool":false,"touchDistance":0.336889,"touchZone":"hovering","type":4,"width":13.834}],"r":[[0.671417,0.208349,0.711189],[0.611385,0.386621,-0.690458],[-0.418817,0.898396,0.132202]],"s":1.27035,"t":[43.1526,-10.1181,1.10393],"timestamp":630337078460},{"currentFrameRate":55.3267,"devices":[],"gestures":[],"hands