{"frames":57,"data":[{"currentFrameRate":55.322,"devices":[],"gestures":[],"hands":[{"armBasis":[[0.855809,0.0329843,-0.516239],[0.364757,0.669159,0.64744],[0.366801,-0.742387,0.560641]],"armWidth":55.2734,"confidence":1,"direction":[0.125324,0.852023,-0.508282],"elbow":[131.159,-24.1777,224.793],"grabAngle":3.14159,"grabStrength":1,"id":119,"palmNormal":[-0.343234,-0.44345,-0.827975],"palmPosition":[42.2568,202.886,59.491],"palmVelocity":[1.71506,-1.29839,-0.497977],"palmWidth":78.1236,"pinchDistance":17.8038,"pinchStrength":0.941913,"r":[[0.260372,0.663379,0.701523],[-0.104215,0.741649,-0.662643],[-0.959868,0.0994242,0.262239]],"s":0.91617,"sphereCenter":[36.2289,195.796,20.1571],"sphereRadius":34.582,"stabilizedPalmPosition":[41.3526,202.789,56.8477],"t":[0.703368,14.9489,-10.2841],"timeVisible":3.45268,"type":"right","wrist":[46.1264,147.923,94.8244]}],"id":44198,"interactionBox":{"center":[0,200,0],"size":[235.247,235.247,147.751]},"pointables":[{"bases":[[[0.706025,0.450934,0.546066],[-0.644554,0.0897165,0.759277],[0.293393,-0.888037,0.353994]],[[0.503976,0.796653,0.333695],[-0.701298,0.151912,0.696494],[0.504172,-0.585036,0.635251]],[[0.503976,0.796653,0.333695],[-0.837644,0.3566,0.41375],[0.21062,-0.488038,0.847029]],[[0.503976,0.796653,0.333695],[-0.858738,0.50359,0.0946878],[-0.0926121,-0.334277,0.937914]]],"btipPosition":[-8.4716,209.65,12.969],"carpPosition":[17.4763,163.402,84.1914],"dipPosition":[-10.3476,202.878,31.9682],"direction":[-0.21062,0.488038,-0.847029],"extended":false,"handId":119,"id":1190,"length":45.1091,"mcpPosition":[17.4763,163.402,84.1914],"pipPosition":[-4.13197,188.476,56.9651],"stabilizedTipPosition":[-9.75196,208.979,17.5056],"timeVisible":3.45268,"tipPosition":[-12.4981,208.861,19.309],"tipVelocity":[2.41981,0.882343,-2.32299],"tool":false,"touchDistance":0.328839,"touchZone":"hovering","type":0,"width":17.6444},{"bases":[[[0.938679,-0.131219,-0.318847],[0.334579,0.570069,0.750386],[0.0833002,-0.811051,0.579015]],[[0.929314,-0.067518,-0.363065],[0.0488982,0.996985,-0.0602444],[0.366038,0.0382327,0.929814]],[[0.929314,-0.067518,-0.363065],[-0.336529,0.249997,-0.907882],[0.152064,0.96589,0.209604]],[[0.929314,-0.067518,-0.363065],[-0.362086,-0.359832,-0.859892],[-0.0725843,0.930571,-0.358844]]],"btipPosition":[9.855,192.588,21.553],"carpPosition":[30.8361,176.748,91.7817],"dipPosition":[8.7816,206.35,16.2463],"direction":[-0.152064,-0.96589,-0.209604],"extended":false,"handId":119,"id":1191,"length":50.9006,"mcpPosition":[25.5743,227.979,55.2073],"pipPosition":[11.9629,226.557,20.6313],"stabilizedTipPosition":[8.94422,196.141,20.9389],"timeVisible":3.45268,"tipPosition":[9.11678,197.677,18.0819],"tipVelocity":[3.78395,-0.54362,-1.32644],"tool":false,"touchDistance":0.323587,"touchZone":"hovering","type":1,"width":16.8539},{"bases":[[[0.87042,-0.334836,-0.360908],[0.490205,0.521733,0.698208],[-0.0454871,-0.784653,0.618265]],[[0.871581,-0.287182,-0.397332],[0.156384,0.930989,-0.329854],[0.46464,0.225358,0.856343]],[[0.871581,-0.287182,-0.397332],[-0.449134,-0.142837,-0.881973],[0.196533,0.947166,-0.253478]],[[0.871581,-0.287182,-0.397332],[-0.479072,-0.671008,-0.565896],[-0.104098,0.683575,-0.722419]]],"btipPosition":[21.2962,179.788,34.4782],"carpPosition":[41.1001,176.619,89.2509],"dipPosition":[19.603,190.907,22.7278],"direction":[-0.196533,-0.947166,0.253478],"extended":false,"handId":119,"id":1192,"length":57.9972,"mcpPosition":[43.8249,223.621,52.2154],"pipPosition":[24.4402,214.219,16.489],"stabilizedTipPosition":[23.6677,177.035,11.6959],"timeVisible":3.45268,"tipPosition":[20.0419,184.416,28.3565],"tipVelocity":[2.30224,0.117576,-3.27517],"tool":false,"touchDistance":0.333333,"touchZone":"none","type":2,"width":16.5528},{"bases":[[[0.814792,-0.485026,-0.317592],[0.54944,0.471198,0.689991],[-0.185015,-0.736697,0.650421]],[[0.82442,-0.439977,-0.356022],[0.287178,0.867233,-0.406738],[0.48771,0.233081,0.841316]],[[0.82442,-0.439977,-0.356022],[-0.461526,-0.1585,-0.872852],[0.327606,0.88391,-0.333732]],[[0.82442,-0.439977,-0.356022],[-0.565056,-0.675743,-0.473374],[-0.0323055,0.591432,-0.805708]]],"btipPosition":[34.4042,173.909,39.0821],"carpPosition":[50.6471,174.06,85.567],"dipPosition":[33.8817,183.474,26.0523],"direction":[-0.327606,-0.88391,0.333732],"extended":false,"handId":119,"id":1193,"length":55.7658,"mcpPosition":[60.5977,213.682,50.5858],"pipPosition":[41.7368,204.668,18.0502],"stabilizedTipPosition":[37.0209,172.261,23.4341],"timeVisible":3.45268,"tipPosition":[33.5663,177.71,32.5609],"tipVelocity":[1.93165,-0.212423,-3.26271],"tool":false,"touchDistance":0.333333,"touchZone":"none","type":3,"width":15.751},{"bases":[[[0.685843,-0.638174,-0.34979],[0.650962,0.323074,0.686929],[-0.325372,-0.698826,0.637005]],[[0.695358,-0.616775,-0.36887],[0.477067,0.780024,-0.404932],[0.53748,0.105597,0.836639]],[[0.695358,-0.616775,-0.36887],[-0.480391,-0.0171637,-0.876887],[0.534511,0.786952,-0.308228]],[[0.695358,-0.616775,-0.36887],[-0.71065,-0.513685,-0.480733],[0.107021,0.596419,-0.795506]]],"btipPosition":[46.7943,176.004,38.625],"carpPosition":[57.6904,166.664,78.8578],"dipPosition":[48.391,184.902,26.7566],"direction":[-0.534511,-0.786952,0.308228],"extended":false,"handId":119,"id":1194,"length":43.7194,"mcpPosition":[73.8894,201.456,47.144],"pipPosition":[57.4398,198.224,21.5386],"stabilizedTipPosition":[50.689,174.148,27.426],"timeVisible":3.45268,"tipPosition":[46.8606,179.552,32.5928],"tipVelocity":[2.05956,-0.449681,-2.53543],"tool":false,"touchDistance":0.333333,"touchZone":"none","type":4,"width":13.9913}],"r":[[0.260372,0.663379,0.701523],[-0.104215,0.741649,-0.662643],[-0.959868,0.0994242,0.262239]],"s":0.91617,"t":[0.703368,14.9489,-10.2841],"timestamp":630001872817},{"currentFrameRate":55.276,"devices":[],"gestures":[],"hands":[{"armBasis":[[0.855593,0.0331577,-0.516586],[0.364809,0.669382,0.647179],[0.367252,-0.742178,0.560623]],"armWidth":55.2734,"confidence":1,"direction":[0.125733,0.851773,-0.5086],"elbow":[131.289,-24.1525,224.846],"grabAngle":3.14159,"grabStrength":1,"id":119,"palmNormal":[-0.343164,-0.443679,-0.827881],"palmPosition":[42.3016,202.85,59.5283],"palmVelocity":[2.45339,-1.96877,2.04596],"palmWidth":78.1236,"pinchDistance":17.8297,"pinchStrength":0.939981,"r":[[0.260467,0.663342,0.701523],[-0.103895,0.741642,-0.662701],[-0.959876,0.0997271,0.262092]],"s":0.915958,"sphereCenter":[36.2863,195.744,20.1955],"sphereRadius":34.5814,"stabilizedPalmPosition":[41.3569,202.789,56.8599],"t":[0.73493,14.9127,-10.2663],"timeVisible":3.47093,"type":"right","wrist":[46.1524,147.9,94.8824]}],"id":44199,"interactionBox":{"center":[0,200,0],"size":[235.247,235.247,147.751]},"pointables":[{"bases":[[[0.70603,0.450929,0.546063],[-0.644722,0.0902386,0.759072],[0.293012,-0.887986,0.354435]],[[0.504255,0.796515,0.333602],[-0.701339,0.152348,0.696357],[0.503836,-0.58511,0.63545]],[[0.504255,0.796515,0.333602],[-0.837549,0.357012,0.413587],[0.210329,-0.487961,0.847146]],[[0.504255,0.796515,0.333602],[-0.858582,0.50383,0.0948321],[-0.0925433,-0.334244,0.937932]]],"btipPosition":[-8.42447,209.632,13.0038],"carpPosition":[17.5019,163.384,84.2385],"dipPosition":[-10.2991,202.861,32.0034],"direction":[-0.210329,0.487961,-0.847146],"extended":false,"handId":119,"id":1190,"length":45.1091,"mcpPosition":[17.5019,163.384,84.2385],"pipPosition":[-4.09204,188.461,57.0038],"stabilizedTipPosition":[-9.74675,208.973,17.5049],"timeVisible":3.47093,"tipPosition":[-12.4349,208.825,19.3264],"tipVelocity":[2.59979,-0.948042,1.91264],"tool":false,"touchDistance":0.329421,"touchZone":"hovering","type":0,"width":17.6444},{"bases":[[[0.938719,-0.131655,-0.31855],[0.33457,0.570269,0.750238],[0.082886,-0.810839,0.57937]],[[0.929343,-0.0677448,-0.362948],[0.0485566,0.99691,-0.0617436],[0.36601,0.0397574,0.929761]],[[0.929343,-0.0677448,-0.362948],[-0.336709,0.247821,-0.908412],[0.151487,0.966434,0.207501]],[[0.929343,-0.0677448,-0.362948],[-0.361947,-0.361263,-0.85935],[-0.0729032,0.93,-0.360257]]],"btipPosition":[9.92691,192.497,21.6426],"carpPosition":[30.864,176.729,91.8268],"dipPosition":[8.84879,206.25,16.3149],"direction":[-0.151487,-0.966434,-0.207501],"extended":false,"handId":119,"id":1191,"length":50.9006,"mcpPosition":[25.6284,227.947,55.23],"pipPosition":[12.018,226.468,20.656],"stabilizedTipPosition":[8.9475,196.139,20.9366],"timeVisible":3.47093,"tipPosition":[9.17319,197.625,18.1245],"tipVelocity":[3.88085,-5.14271,4.64323],"tool":false,"touchDistance":0.324999,"touchZone":"hovering","type":1,"width":16.8539},{"bases":[[[0.870404,-0.335267,-0.360545],[0.490193,0.521861,0.69812],[-0.0459029,-0.784383,0.618576]],[[0.87159,-0.287629,-0.396988],[0.1568,0.930815,-0.330148],[0.464483,0.225506,0.85639]],[[0.87159,-0.287629,-0.396988],[-0.448936,-0.142977,-0.882051],[0.196944,0.947009,-0.253745]],[[0.87159,-0.287629,-0.396988],[-0.479179,-0.670851,-0.565991],[-0.103524,0.683541,-0.722533]]],"btipPosition":[21.3367,179.747,34.514],"carpPosition":[41.1286,176.595,89.2988],"dipPosition":[19.6529,190.865,22.7617],"direction":[-0.196944,-0.947009,0.253745],"extended":false,"handId":119,"id":1192,"length":57.9972,"mcpPosition":[43.8783,223.582,52.2446],"pipPosition":[24.5002,214.174,16.5163],"stabilizedTipPosition":[23.6626,177.045,11.7337],"timeVisible":3.47093,"tipPosition":[20.0891,184.374,28.397],"tipVelocity":[2.3397,-2.264,1.93327],"tool":false,"touchDistance":0.333333,"touchZone":"none","type":2,"width":16.5528},{"bases":[[[0.814716,-0.485421,-0.317181],[0.549414,0.471303,0.68994],[-0.185423,-0.736369,0.650676]],[[0.824369,-0.440392,-0.355627],[0.287569,0.866974,-0.407015],[0.487565,0.233263,0.841349]],[[0.824369,-0.440392,-0.355627],[-0.461313,-0.158605,-0.872946],[0.328034,0.883685,-0.333908]],[[0.824369,-0.440392,-0.355627],[-0.565164,-0.675549,-0.473521],[-0.0317086,0.591344,-0.805796]]],"btipPosition":[34.4404,173.864,39.1241],"carpPosition":[50.6758,174.032,85.6184],"dipPosition":[33.9276,183.427,26.0928],"direction":[-0.328034,-0.883685,0.333908],"extended":false,"handId":119,"id":1193,"length":55.7658,"mcpPosition":[60.6483,213.636,50.6235],"pipPosition":[41.793,204.615,18.0866],"stabilizedTipPosition":[37.0171,172.266,23.4519],"timeVisible":3.47093,"tipPosition":[33.6101,177.665,32.6079],"tipVelocity":[2.10737,-2.52604,2.28393],"tool":false,"touchDistance":0.333333,"touchZone":"none","type":3,"width":15.751},{"bases":[[[0.685726,-0.638541,-0.349349],[0.650889,0.323145,0.686965],[-0.325765,-0.698457,0.637208]],[[0.695463,-0.616658,-0.368868],[0.47692,0.780101,-0.404956],[0.537474,0.105711,0.836628]],[[0.695463,-0.616658,-0.368868],[-0.480305,-0.0171258,-0.876935],[0.534452,0.787045,-0.308094]],[[0.695463,-0.616658,-0.368868],[-0.710524,-0.513592,-0.481018],[0.107176,0.59662,-0.795335]]],"btipPosition":[46.8407,175.944,38.6666],"carpPosition":[57.7184,166.631,78.914],"dipPosition":[48.4397,184.845,26.8008],"direction":[-0.534452,-0.787045,0.308094],"extended":false,"handId":119,"id":1194,"length":43.7194,"mcpPosition":[73.9369,201.404,47.1901],"pipPosition":[57.4874,198.169,21.5851],"stabilizedTipPosition":[50.6822,174.156,27.4426],"timeVisible":3.47093,"tipPosition":[46.905,179.502,32.644],"tipVelocity":[2.56978,-3.21559,2.31398],"tool":false,"touchDistance":0.333333,"touchZone":"none","type":4,"width":13.9913}],"r":[[0.260467,0.663342,0.701523],[-0.103895,0.741642,-0.662701],[-0.959876,0.0997271,0.262092]],"s":0.915958,"t":[0.73493,14.9127,-10.2663],"timestamp":630001891067},{"currentFrameRate":55.3056,"devices":[],"gestures":[],"hands":[{"armBasis":[[0.855331,0.0329582,-0.517032],[0.365048,0.669812,0.6466],[0.367625,-0.741799,0.56088]],"armWidth":55.2734,"confidence":1,"direction":[0.126227,0.851852,-0.508345],"elbow":[131.41,-24.1048,224.972],"grabAngle":3.14159,"grabStrength":1,"id":119,"palmNormal":[-0.343239,-0.443287,-0.828061],"palmPosition":[42.3599,202.817,59.6035],"palmVelocity":[3.24457,-1.85613,4.18185],"palmWidth":78.1236,"pinchDistance":17.8702,"pinchStrength":0.936381,"r":[[0.260584,0.663248,0.701568],[-0.103546,0.741683,-0.662711],[-0.959882,0.100047,0.261948]],"s":0.915409,"sphereCenter":[36.3458,195.728,20.2807],"sphereRadius":34.5712,"stabilizedPalmPosition":[41.3603,202.789,56.8691],"t":[0.779878,14.8779,-10.2198],"timeVisible":3.4889,"type":"right","wrist":[46.1867,147.86,94.9483]}],"id":44200,"interactionBox":{"center":[0,200,0],"size":[235.247,235.247,147.751]},"pointables":[{"bases":[[[0.706155,0.45044,0.546305],[-0.644805,0.09034,0.75899],[0.292526,-0.888225,0.35424]],[[0.504614,0.796148,0.333936],[-0.701145,0.152227,0.696579],[0.503746,-0.585641,0.635031]],[[0.504614,0.796148,0.333936],[-0.837443,0.357343,0.413516],[0.209891,-0.488318,0.847049]],[[0.504614,0.796148,0.333936],[-0.858314,0.504323,0.0946342],[-0.0930686,-0.334375,0.937833]]],"btipPosition":[-8.36183,209.64,13.0868],"carpPosition":[17.5371,163.356,84.2987],"dipPosition":[-10.2471,202.867,32.0844],"direction":[-0.209891,0.488318,-0.847049],"extended":false,"handId":119,"id":1190,"length":45.1091,"mcpPosition":[17.5371,163.356,84.2987],"pipPosition":[-4.05296,188.456,57.0819],"stabilizedTipPosition":[-9.74308,208.97,17.5047],"timeVisible":3.4889,"tipPosition":[-12.363,208.828,19.3919],"tipVelocity":[3.3481,0.396542,4.59223],"tool":false,"touchDistance":0.330797,"touchZone":"hovering","type":0,"width":17.6444},{"bases":[[[0.938709,-0.132019,-0.318429],[0.334719,0.569902,0.75045],[0.0823996,-0.811038,0.579161]],[[0.929271,-0.0675646,-0.363167],[0.0474375,0.996817,-0.0640678],[0.36634,0.0423086,0.929519]],[[0.929271,-0.0675646,-0.363167],[-0.337572,0.243895,-0.909153],[0.150001,0.967445,0.203837]],[[0.929271,-0.0675646,-0.363167],[-0.361859,-0.364116,-0.858183],[-0.0742521,0.9289,-0.362811]]],"btipPosition":[10.0367,192.373,21.8453],"carpPosition":[30.9044,176.692,91.8929],"dipPosition":[8.93868,206.11,16.4799],"direction":[-0.150001,-0.967445,-0.203837],"extended":false,"handId":119,"id":1191,"length":50.9006,"mcpPosition":[25.6995,227.922,55.3093],"pipPosition":[12.0768,226.349,20.7443],"stabilizedTipPosition":[8.95037,196.137,20.9355],"timeVisible":3.4889,"tipPosition":[9.24245,197.594,18.2215],"tipVelocity":[5.85398,-7.1012,10.7941],"tool":false,"touchDistance":0.328234,"touchZone":"hovering","type":1,"width":16.8539},{"bases":[[[0.870303,-0.335587,-0.360492],[0.490328,0.521433,0.698345],[-0.0463831,-0.784531,0.618352]],[[0.871518,-0.287939,-0.396922],[0.157145,0.930754,-0.330155],[0.464501,0.225362,0.856418]],[[0.871518,-0.287939,-0.396922],[-0.448864,-0.142552,-0.882156],[0.197425,0.946979,-0.253482]],[[0.871518,-0.287939,-0.396922],[-0.479429,-0.670321,-0.566408],[-0.102974,0.683931,-0.722243]]],"btipPosition":[21.3846,179.715,34.5827],"carpPosition":[41.1693,176.554,89.3666],"dipPosition":[19.7097,190.84,22.8352],"direction":[-0.197425,-0.946979,0.253482],"extended":false,"handId":119,"id":1192,"length":57.9972,"mcpPosition":[43.9478,223.55,52.3257],"pipPosition":[24.569,214.148,16.5963],"stabilizedTipPosition":[23.6586,177.053,11.7641],"timeVisible":3.4889,"tipPosition":[20.1446,184.357,28.467],"tipVelocity":[2.78053,-1.6826,3.88688],"tool":false,"touchDistance":0.333333,"touchZone":"none","type":2,"width":16.5528},{"bases":[[[0.814536,-0.485726,-0.317178],[0.549525,0.47085,0.690161],[-0.185886,-0.736458,0.650443]],[[0.824216,-0.440691,-0.355611],[0.287817,0.866834,-0.407137],[0.487677,0.233219,0.841297]],[[0.824216,-0.440691,-0.355611],[-0.461325,-0.158363,-0.872984],[0.3284,0.88358,-0.333826]],[[0.824216,-0.440691,-0.355611],[-0.565408,-0.67519,-0.473744],[-0.0313302,0.591532,-0.805672]]],"btipPosition":[34.4862,173.825,39.2034],"carpPosition":[50.7159,173.988,85.6871],"dipPosition":[33.9795,183.391,26.1741],"direction":[-0.3284,-0.88358,0.333826],"extended":false,"handId":119,"id":1193,"length":55.7658,"mcpPosition":[60.7133,213.596,50.7047],"pipPosition":[41.8537,204.577,18.1699],"stabilizedTipPosition":[37.0141,172.27,23.4661],"timeVisible":3.4889,"tipPosition":[33.6618,177.641,32.6794],"tipVelocity":[2.62519,-2.10594,4.43596],"tool":false,"touchDistance":0.333333,"touchZone":"none","type":3,"width":15.751},{"bases":[[[0.685478,-0.638775,-0.34941],[0.65093,0.322643,0.687162],[-0.326207,-0.698476,0.636962]],[[0.695469,-0.616322,-0.369417],[0.476517,0.780389,-0.404876],[0.537824,0.105546,0.836424]],[[0.695469,-0.616322,-0.369417],[-0.480525,-0.0166753,-0.876822],[0.534245,0.787318,-0.307756]],[[0.695469,-0.616322,-0.369417],[-0.710543,-0.513307,-0.481294],[0.107008,0.597212,-0.794913]]],"btipPosition":[46.8957,175.891,38.7409],"carpPosition":[57.7561,166.585,78.9818],"dipPosition":[48.4922,184.801,26.8814],"direction":[-0.534245,-0.787318,0.307756],"extended":false,"handId":119,"id":1194,"length":43.7194,"mcpPosition":[73.9966,201.359,47.2702],"pipPosition":[57.5364,198.129,21.6714],"stabilizedTipPosition":[50.6764,174.162,27.4572],"timeVisible":3.4889,"tipPosition":[46.9571,179.472,32.7187],"tipVelocity":[3.02802,-2.8666,4.21177],"tool":false,"touchDistance":0.333333,"touchZone":"none","type":4,"width":13.9913}],"r":[[0.260584,0.663248,0.701568],[-0.103546,0.741683,-0.662711],[-0.959882,0.100047,0.261948]],"s":0.915409,"t":[0.779878,14.8779,-10.2198],"timestamp":630001909046},{"currentFrameRate":55.3385,"devices":[],"gestures":[],"hands":[{"armBasis":[[0.8546,0.0320537,-0.518296],[0.366226,0.670404,0.645319],[0.368153,-0.741303,0.561189]],"armWidth":55.2734,"confidence":1,"direction":[0.127107,0.852282,-0.507405],"elbow":[131.528,-24.1416,225.061],"grabAngle":3.14159,"grabStrength":1,"id":119,"palmNormal":[-0.344143,-0.441883,-0.828435],"palmPosition":[42.3993,202.699,59.6717],"palmVelocity":[2.19219,-6.5489,3.79867],"palmWidth":78.1236,"pinchDistance":17.9101,"pinchStrength":0.933733,"r":[[0.260905,0.662943,0.701738],[-0.103132,0.741896,-0.662536],[-0.95984,0.100488,0.261934]],"s":0.914867,"sphereCenter":[36.3608,195.665,20.3528],"sphereRadius":34.5685,"stabilizedPalmPosition":[41.3639,202.789,56.8788],"t":[0.822035,14.8017,-10.1625],"timeVisible":3.50686,"type":"right","wrist":[46.1828,147.708,94.966]}],"id":44201,"interactionBox":{"center":[0,200,0],"size":[235.247,235.247,147.751]},"pointables":[{"bases":[[[0.706953,0.448901,0.546539],[-0.644378,0.0902786,0.759359],[0.291536,-0.889009,0.353085]],[[0.505715,0.795168,0.334605],[-0.700498,0.152102,0.697257],[0.503542,-0.587004,0.633934]],[[0.505715,0.795168,0.334605],[-0.836804,0.357817,0.414398],[0.209789,-0.489566,0.846353]],[[0.505715,0.795168,0.334605],[-0.857678,0.505206,0.0956869],[-0.0929573,-0.335374,0.937488]]],"btipPosition":[-8.35323,209.641,13.1938],"carpPosition":[17.5362,163.241,84.3311],"dipPosition":[-10.2363,202.847,32.1844],"direction":[-0.209789,0.489566,-0.846353],"extended":false,"handId":119,"id":1190,"length":45.1091,"mcpPosition":[17.5362,163.241,84.3311],"pipPosition":[-4.04511,188.399,57.1614],"stabilizedTipPosition":[-9.74125,208.968,17.5048],"timeVisible":3.50686,"tipPosition":[-12.3271,208.826,19.4868],"tipVelocity":[0.507787,-0.213375,5.86688],"tool":false,"touchDistance":0.332552,"touchZone":"hovering","type":0,"width":17.6444},{"bases":[[[0.938409,-0.132846,-0.318968],[0.335753,0.568599,0.750976],[0.0816007,-0.811817,0.578182]],[[0.928953,-0.0678955,-0.363918],[0.0474891,0.996771,-0.0647429],[0.367139,0.0428609,0.929178]],[[0.928953,-0.0678955,-0.363918],[-0.338415,0.242761,-0.909144],[0.150072,0.967707,0.202537]],[[0.928953,-0.0678955,-0.363918],[-0.362653,-0.364349,-0.857748],[-0.0743559,0.928784,-0.363086]]],"btipPosition":[10.0768,192.257,21.9935],"carpPosition":[30.9236,176.551,91.9354],"dipPosition":[8.97719,205.992,16.6241],"direction":[-0.150072,-0.967707,-0.202537],"extended":false,"handId":119,"id":1191,"length":50.9006,"mcpPosition":[25.7692,227.831,55.4136],"pipPosition":[12.1168,226.237,20.8613],"stabilizedTipPosition":[8.95273,196.135,20.935],"timeVisible":3.50686,"tipPosition":[9.26259,197.551,18.3162],"tipVelocity":[2.21056,-6.46337,8.20153],"tool":false,"touchDistance":0.330688,"touchZone":"hovering","type":1,"width":16.8539},{"bases":[[[0.869726,-0.336277,-0.36124],[0.491279,0.519993,0.698751],[-0.047132,-0.785191,0.617457]],[[0.870987,-0.288589,-0.397615],[0.157971,0.930827,-0.329555],[0.465216,0.224226,0.856327]],[[0.870987,-0.288589,-0.397615],[-0.449422,-0.141023,-0.882118],[0.198496,0.947011,-0.252528]],[[0.870987,-0.288589,-0.397615],[-0.480546,-0.668852,-0.567198],[-0.102258,0.685094,-0.721241]]],"btipPosition":[21.3797,179.632,34.6384],"carpPosition":[41.1873,176.404,89.4046],"dipPosition":[19.7164,190.775,22.9072],"direction":[-0.198496,-0.947011,0.252528],"extended":false,"handId":119,"id":1192,"length":57.9972,"mcpPosition":[44.0107,223.439,52.4174],"pipPosition":[24.602,214.084,16.6917],"stabilizedTipPosition":[23.6542,177.061,11.797],"timeVisible":3.50686,"tipPosition":[20.1489,184.301,28.5279],"tipVelocity":[-0.128134,-4.40774,3.31063],"tool":false,"touchDistance":0.333333,"touchZone":"none","type":2,"width":16.5528},{"bases":[[[0.813785,-0.486395,-0.318078],[0.550409,0.469343,0.690483],[-0.18656,-0.736978,0.649661]],[[0.823507,-0.441328,-0.356462],[0.28838,0.866761,-0.406895],[0.488541,0.232284,0.841054]],[[0.823507,-0.441328,-0.356462],[-0.461992,-0.157046,-0.872869],[0.329241,0.883497,-0.333218]],[[0.823507,-0.441328,-0.356462],[-0.566461,-0.673954,-0.474245],[-0.0309415,0.592466,-0.805001]]],"btipPosition":[34.4758,173.717,39.2605],"carpPosition":[50.7291,173.829,85.7183],"dipPosition":[33.9754,183.299,26.2422],"direction":[-0.329241,-0.883497,0.333218],"extended":false,"handId":119,"id":1193,"length":55.7658,"mcpPosition":[60.7627,213.466,50.7779],"pipPosition":[41.8697,204.483,18.2525],"stabilizedTipPosition":[37.0102,172.276,23.485],"timeVisible":3.50686,"tipPosition":[33.6595,177.563,32.7292],"tipVelocity":[-0.497688,-5.80118,3.32367],"tool":false,"touchDistance":0.333333,"touchZone":"none","type":3,"width":15.751},{"bases":[[[0.684518,-0.639242,-0.350436],[0.651622,0.321011,0.68727],[-0.326838,-0.698801,0.636282]],[[0.694846,-0.616034,-0.371067],[0.476105,0.780757,-0.404652],[0.538993,0.104503,0.835803]],[[0.694846,-0.616034,-0.371067],[-0.481492,-0.0152428,-0.876318],[0.534185,0.787572,-0.307207]],[[0.694846,-0.616034,-0.371067],[-0.711235,-0.512268,-0.48138],[0.106461,0.598401,-0.794092]]],"btipPosition":[46.9015,175.757,38.7919],"carpPosition":[57.7571,166.425,79.0015],"dipPosition":[48.4898,184.685,26.9447],"direction":[-0.534185,-0.787572,0.307207],"extended":false,"handId":119,"id":1194,"length":43.7194,"mcpPosition":[74.029,201.216,47.3237],"pipPosition":[57.5331,198.017,21.7439],"stabilizedTipPosition":[50.6687,174.17,27.4766],"timeVisible":3.50686,"tipPosition":[46.9564,179.376,32.7662],"tipVelocity":[0.219171,-7.22148,2.99864],"tool":false,"touchDistance":0.333333,"touchZone":"none","type":4,"width":13.9913}],"r":[[0.260905,0.662943,0.701738],[-0.103132,0.741896,-0.662536],[-0.95984,0.100488,0.261934]],"s":0.914867,"t":[0.822035,14.8017,-10.1625],"timestamp":630001927003},{"currentFrameRate":55.336,"devices":[],"gestures":[],"hands":[{"armBasis":[[0.854176,0.0317097,-0.519017],[0.366744,0.670852,0.644559],[0.368622,-0.740913,0.561396]],"armWidth":55.2734,"confidence":1,"direction":[0.127365,0.852084,-0.507671],"elbow":[131.668,-24.1341,225.198],"grabAngle":3.14159,"grabStrength":1,"id":119,"palmNormal":[-0.344591,-0.441943,-0.828217],"palmPosition":[42.4395,202.606,59.7442],"palmVelocity":[2.22615,-5.15661,4.01071],"palmWidth":78.1236,"pinchDistance":17.9412,"pinchStrength":0.931868,"r":[[0.261264,0.662711,0.701822],[-0.102768,0.74204,-0.662431],[-0.959781,0.100945,0.261974]],"s":0.914262,"sphereCenter":[36.3816,195.565,20.4312],"sphereRadius":34.5665,"stabilizedPalmPosition":[41.3674,202.788,56.8883],"t":[0.863238,14.717,-10.0976],"timeVisible":3.52494,"type":"right","wrist":[46.2136,147.625,95.0544]}],"id":44202,"interactionBox":{"center":[0,200,0],"size":[235.247,235.247,147.751]},"pointables":[{"bases":[[[0.707324,0.448713,0.546214],[-0.644117,0.0907894,0.75952],[0.291216,-0.889052,0.353241]],[[0.50622,0.794985,0.334275],[-0.699967,0.15233,0.697741],[0.503774,-0.587192,0.633575]],[[0.50622,0.794985,0.334275],[-0.836481,0.358297,0.414637],[0.20986,-0.489512,0.846367]],[[0.50622,0.794985,0.334275],[-0.85738,0.505706,0.0957115],[-0.0929557,-0.335052,0.937603]]],"btipPosition":[-8.33669,209.566,13.2967],"carpPosition":[17.5648,163.166,84.4215],"dipPosition":[-10.2197,202.779,32.2896],"direction":[-0.20986,0.489512,-0.846367],"extended":false,"handId":119,"id":1190,"length":45.1091,"mcpPosition":[17.5648,163.166,84.4215],"pipPosition":[-4.02643,188.333,57.267],"stabilizedTipPosition":[-9.73982,208.967,17.505],"timeVisible":3.52494,"tipPosition":[-12.29,208.747,19.5704],"tipVelocity":[0.91541,-4.05615,5.72336],"tool":false,"touchDistance":0.334183,"touchZone":"hovering","type":0,"width":17.6444},{"bases":[[[0.938254,-0.133378,-0.319203],[0.336239,0.568642,0.750726],[0.0813819,-0.8117,0.578378]],[[0.928798,-0.0683405,-0.36423],[0.0472979,0.996672,-0.0663944],[0.367556,0.0444396,0.928939]],[[0.928798,-0.0683405,-0.36423],[-0.338916,0.240912,-0.909449],[0.1499,0.968138,0.200597]],[[0.928798,-0.0683405,-0.36423],[-0.363034,-0.365203,-0.857224],[-0.0744347,0.928416,-0.364009]]],"btipPosition":[10.117,192.108,22.1272],"carpPosition":[30.9608,176.472,92.0182],"dipPosition":[9.01626,205.838,16.7441],"direction":[-0.1499,-0.968138,-0.200597],"extended":false,"handId":119,"id":1191,"length":50.9006,"mcpPosition":[25.8201,227.745,55.4841],"pipPosition":[12.1522,226.092,20.9407],"stabilizedTipPosition":[8.95523,196.133,20.9349],"timeVisible":3.52494,"tipPosition":[9.2915,197.451,18.4126],"tipVelocity":[2.21035,-8.29745,7.21816],"tool":false,"touchDistance":0.332863,"touchZone":"hovering","type":1,"width":16.8539},{"bases":[[[0.869462,-0.336787,-0.361399],[0.491727,0.519948,0.698469],[-0.0473269,-0.785002,0.617683]],[[0.870736,-0.28911,-0.397787],[0.158415,0.93071,-0.329672],[0.465536,0.224042,0.856202]],[[0.870736,-0.28911,-0.397787],[-0.449594,-0.140339,-0.88214],[0.19921,0.946953,-0.25218]],[[0.870736,-0.28911,-0.397787],[-0.481142,-0.667997,-0.567699],[-0.101594,0.685708,-0.720752]]],"btipPosition":[21.386,179.535,34.6936],"carpPosition":[41.2237,176.319,89.4846],"dipPosition":[19.7335,190.688,22.9703],"direction":[-0.19921,-0.946953,0.25218],"extended":false,"handId":119,"id":1192,"length":57.9972,"mcpPosition":[44.0587,223.343,52.4839],"pipPosition":[24.6367,213.996,16.7634],"stabilizedTipPosition":[23.6491,177.071,11.8362],"timeVisible":3.52494,"tipPosition":[20.1732,184.206,28.6187],"tipVelocity":[0.485299,-5.22877,3.15144],"tool":false,"touchDistance":0.333333,"touchZone":"none","type":2,"width":16.5528},{"bases":[[[0.813462,-0.486867,-0.318181],[0.55083,0.469268,0.690198],[-0.186723,-0.736714,0.649913]],[[0.823195,-0.441815,-0.35658],[0.288676,0.866515,-0.407208],[0.488893,0.232276,0.840852]],[[0.823195,-0.441815,-0.35658],[-0.462117,-0.156524,-0.872896],[0.329845,0.883346,-0.33302]],[[0.823195,-0.441815,-0.35658],[-0.566946,-0.673251,-0.474662],[-0.0303552,0.592901,-0.804703]]],"btipPosition":[34.481,173.61,39.3231],"carpPosition":[50.7631,173.739,85.7962],"dipPosition":[33.9901,183.198,26.3096],"direction":[-0.329845,-0.883346,0.33302],"extended":false,"handId":119,"id":1193,"length":55.7658,"mcpPosition":[60.8055,213.361,50.8423],"pipPosition":[41.899,204.379,18.3246],"stabilizedTipPosition":[37.0054,172.282,23.5082],"timeVisible":3.52494,"tipPosition":[33.6812,177.463,32.8169],"tipVelocity":[0.410228,-5.85331,3.52154],"tool":false,"touchDistance":0.333333,"touchZone":"none","type":3,"width":15.751},{"bases":[[[0.684114,-0.639661,-0.35046],[0.651973,0.320887,0.686996],[-0.326986,-0.698474,0.636565]],[[0.694709,-0.615843,-0.37164],[0.475634,0.780902,-0.404925],[0.539585,0.104541,0.835416]],[[0.694709,-0.615843,-0.37164],[-0.48188,-0.014888,-0.876111],[0.534014,0.787728,-0.307105]],[[0.694709,-0.615843,-0.37164],[-0.711399,-0.511945,-0.48148],[0.106257,0.598873,-0.793763]]],"btipPosition":[46.9253,175.634,38.861],"carpPosition":[57.7857,166.33,79.0794],"dipPosition":[48.5106,184.569,27.0186],"direction":[-0.534014,-0.787728,0.307105],"extended":false,"handId":119,"id":1194,"length":43.7194,"mcpPosition":[74.065,201.104,47.3875],"pipPosition":[57.5509,197.905,21.8196],"stabilizedTipPosition":[50.66,174.179,27.4987],"timeVisible":3.52494,"tipPosition":[46.9783,179.271,32.8481],"tipVelocity":[1.27756,-6.68079,3.88069],"tool":false,"touchDistance":0.333333,"touchZone":"none","type":4,"width":13.9913}],"r":[[0.261264,0.662711,0.701822],[-0.102768,0.74204,-0.662431],[-0.959781,0.100945,0.261974]],"s":0.914262,"t":[0.863238,14.717,-10.0976],"timestamp":630001945083},{"currentFrameRate":55.3335,"devices":[],"gestures":[],"hands":[{"armBasis":[[0.853942,0.0314848,-0.519414],[0.367069,0.671061,0.644157],[0.36884,-0.740734,0.56149]],"armWidth":55.2734,"confidence":1,"direction":[0.127338,0.851671,-0.508372],"elbow":[131.766,-24.1855,225.34],"grabAngle":3.14159,"grabStrength":1,"id":119,"palmNormal":[-0.344947,-0.442524,-0.827759],"palmPosition":[42.4828,202.488,59.8273],"palmVelocity":[2.39579,-6.50629,4.59309],"palmWidth":78.1236,"pinchDistance":17.9959,"pinchStrength":0.927721,"r":[[0.261622,0.662626,0.70177],[-0.102496,0.742057,-0.662455],[-0.959713,0.101384,0.262055]],"s":0.913508,"sphereCenter":[36.4068,195.423,20.5394],"sphereRadius":34.5568,"stabilizedPalmPosition":[41.3711,202.787,56.8978],"t":[0.905498,14.6158,-10.0236],"timeVisible":3.54302,"type":"right","wrist":[46.2611,147.532,95.1753]}],"id":44203,"interactionBox":{"center":[0,200,0],"size":[235.247,235.247,147.751]},"pointables":[{"bases":[[[0.707585,0.449014,0.545628],[-0.643844,0.0914851,0.759668],[0.291185,-0.888829,0.353829]],[[0.506677,0.794939,0.333693],[-0.699277,0.152541,0.698386],[0.504273,-0.5872,0.633171]],[[0.506677,0.794939,0.333693],[-0.836177,0.358853,0.414769],[0.209969,-0.48918,0.846532]],[[0.506677,0.794939,0.333693],[-0.857122,0.50615,0.095674],[-0.0928437,-0.334491,0.937814]]],"btipPosition":[-8.31856,209.451,13.4268],"carpPosition":[17.6098,163.072,84.5434],"dipPosition":[-10.1993,202.675,32.424],"direction":[-0.209969,0.48918,-0.846532],"extended":false,"handId":119,"id":1190,"length":45.1091,"mcpPosition":[17.6098,163.072,84.5434],"pipPosition":[-4.00282,188.239,57.4063],"stabilizedTipPosition":[-9.73854,208.965,17.5054],"timeVisible":3.54302,"tipPosition":[-12.2483,208.605,19.6614],"tipVelocity":[1.0313,-6.22458,7.25016],"tool":false,"touchDistance":0.336064,"touchZone":"hovering","type":0,"width":17.6444},{"bases":[[[0.938123,-0.133783,-0.319417],[0.33659,0.569165,0.750173],[0.0814402,-0.811267,0.578977]],[[0.928647,-0.0686964,-0.364548],[0.0460608,0.996452,-0.0704393],[0.368093,0.0486219,0.928517]],[[0.928647,-0.0686964,-0.364548],[-0.339892,0.236137,-0.910337],[0.14862,0.969288,0.195939]],[[0.928647,-0.0686964,-0.364548],[-0.363188,-0.368516,-0.85574],[-0.0755554,0.92708,-0.367171]]],"btipPosition":[10.1865,191.83,22.3563],"carpPosition":[31.0106,176.382,92.1253],"dipPosition":[9.06917,205.54,16.9265],"direction":[-0.14862,-0.969288,-0.195939],"extended":false,"handId":119,"id":1191,"length":50.9006,"mcpPosition":[25.8663,227.626,55.5534],"pipPosition":[12.1784,225.818,21.0256],"stabilizedTipPosition":[8.95816,196.129,20.9354],"timeVisible":3.54302,"tipPosition":[9.32749,197.278,18.543],"tipVelocity":[3.63202,-15.6236,12.0807],"tool":false,"touchDistance":0.336187,"touchZone":"hovering","type":1,"width":16.8539},{"bases":[[[0.869283,-0.337214,-0.361433],[0.492051,0.520404,0.697901],[-0.0472507,-0.784517,0.618305]],[[0.870552,-0.289564,-0.397859],[0.158183,0.930294,-0.330955],[0.465958,0.225179,0.855673]],[[0.870552,-0.289564,-0.397859],[-0.449947,-0.141088,-0.88184],[0.199216,0.946703,-0.253113]],[[0.870552,-0.289564,-0.397859],[-0.481469,-0.66821,-0.567171],[-0.101621,0.685308,-0.721128]]],"btipPosition":[21.413,179.377,34.8112],"carpPosition":[41.2726,176.225,89.5883],"dipPosition":[19.7601,190.523,23.0818],"direction":[-0.199216,-0.946703,0.253113],"extended":false,"handId":119,"id":1192,"length":57.9972,"mcpPosition":[44.103,223.219,52.5504],"pipPosition":[24.6634,213.825,16.8519],"stabilizedTipPosition":[23.6437,177.081,11.8785],"timeVisible":3.54302,"tipPosition":[20.2043,184.064,28.7296],"tipVelocity":[1.49012,-8.83838,6.4282],"tool":false,"touchDistance":0.333333,"touchZone":"none","type":2,"width":16.5528},{"bases":[[[0.813272,-0.487251,-0.318081],[0.551143,0.469707,0.689649],[-0.186627,-0.73618,0.650545]],[[0.822999,-0.44223,-0.356518],[0.28826,0.865948,-0.408705],[0.489467,0.233595,0.840152]],[[0.822999,-0.44223,-0.356518],[-0.462587,-0.157516,-0.872469],[0.329675,0.882962,-0.334205]],[[0.822999,-0.44223,-0.356518],[-0.567211,-0.673722,-0.473678],[-0.0307192,0.592057,-0.80531]]],"btipPosition":[34.5109,173.454,39.457],"carpPosition":[50.8104,173.64,85.8987],"dipPosition":[34.0141,183.029,26.4336],"direction":[-0.329675,-0.882962,0.334205],"extended":false,"handId":119,"id":1193,"length":55.7658,"mcpPosition":[60.8477,213.234,50.9108],"pipPosition":[41.9189,204.2,18.4202],"stabilizedTipPosition":[37.0006,172.288,23.5323],"timeVisible":3.54302,"tipPosition":[33.7127,177.323,32.9306],"tipVelocity":[1.57711,-8.78955,7.27743],"tool":false,"touchDistance":0.333333,"touchZone":"none","type":3,"width":15.751},{"bases":[[[0.683887,-0.640047,-0.350198],[0.65226,0.321307,0.686527],[-0.326889,-0.697926,0.637214]],[[0.694547,-0.616087,-0.371539],[0.474875,0.780523,-0.406545],[0.540462,0.10593,0.834674]],[[0.694547,-0.616087,-0.371539],[-0.48263,-0.016005,-0.875678],[0.533547,0.787515,-0.308459]],[[0.694547,-0.616087,-0.371539],[-0.711674,-0.512626,-0.480349],[0.105476,0.59804,-0.794496]]],"btipPosition":[46.9569,175.475,38.991],"carpPosition":[57.8294,166.225,79.1853],"dipPosition":[48.5305,184.398,27.1377],"direction":[-0.533547,-0.787515,0.308459],"extended":false,"handId":119,"id":1194,"length":43.7194,"mcpPosition":[74.1038,200.972,47.461],"pipPosition":[57.563,197.73,21.9158],"stabilizedTipPosition":[50.6516,174.188,27.5208],"timeVisible":3.54302,"tipPosition":[47.0093,179.128,32.9558],"tipVelocity":[1.59897,-8.95292,7.05325],"tool":false,"touchDistance":0.333333,"touchZone":"none","type":4,"width":13.9913}],"r":[[0.261622,0.662626,0.70177],[-0.102496,0.742057,-0.662455],[-0.959713,0.101384,0.262055]],"s":0.913508,"t":[0.905498,14.6158,-10.0236],"timestamp":630001963164},{"currentFrameRate":55.3293,"devices":[],"gestures":[],"hands":[{"armBasis":[[0.854179,0.0319503,-0.518996],[0.366537,0.67096,0.644564],[0.36882,-0.740805,0.561409]],"armWidth":55.2734,"confidence":1,"direction":[0.127439,0.851556,-0.508539],"elbow":[131.81,-24.293,225.447],"grabAngle":3.14159,"grabStrength":1,"id":119,"palmNormal":[-0.344372,-0.442834,-0.827832],"palmPosition":[42.5385,202.39,59.9401],"palmVelocity":[3.0766,-5.4617,6.24014],"palmWidth":78.1236,"pinchDistance":18.0565,"pinchStrength":0.924096,"r":[[0.261798,0.662608,0.701721],[-0.102236,0.742028,-0.662527],[-0.959693,0.101707,0.262003]],"s":0.912837,"sphereCenter":[36.4792,195.317,20.6632],"sphereRadius":34.5526,"stabilizedPalmPosition":[41.3742,202.786,56.9061],"t":[0.954453,14.5158,-9.93014],"timeVisible":3.56111,"type":"right","wrist":[46.31,147.441,95.301]}],"id":44204,"interactionBox":{"center":[0,200,0],"size":[235.247,235.247,147.751]},"pointables":[{"bases":[[[0.707171,0.449326,0.545908],[-0.644301,0.0915547,0.759272],[0.29118,-0.888664,0.354246]],[[0.506498,0.794946,0.333946],[-0.699363,0.152222,0.698369],[0.504332,-0.587272,0.633056]],[[0.506498,0.794946,0.333946],[-0.836317,0.358671,0.414643],[0.209842,-0.489301,0.846493]],[[0.506498,0.794946,0.333946],[-0.857243,0.505902,0.0959048],[-0.0927049,-0.334849,0.9377]]],"btipPosition":[-8.2699,209.367,13.5448],"carpPosition":[17.6601,162.974,84.653],"dipPosition":[-10.1478,202.584,32.5397],"direction":[-0.209842,0.489301,-0.846493],"extended":false,"handId":119,"id":1190,"length":45.1091,"mcpPosition":[17.6601,162.974,84.653],"pipPosition":[-3.95508,188.144,57.5209],"stabilizedTipPosition":[-9.73735,208.964,17.5059],"timeVisible":3.56111,"tipPosition":[-12.1573,208.48,19.734],"tipVelocity":[2.72622,-4.70754,6.49557],"tool":false,"touchDistance":0.337553,"touchZone":"hovering","type":0,"width":17.6444},{"bases":[[[0.938336,-0.133663,-0.31884],[0.336032,0.569451,0.750206],[0.081289,-0.811086,0.579252]],[[0.928807,-0.0682492,-0.364225],[0.0446486,0.996344,-0.072839],[0.367865,0.0513912,0.928458]],[[0.928807,-0.0682492,-0.364225],[-0.340134,0.233051,-0.911041],[0.147061,0.970067,0.193246]],[[0.928807,-0.0682492,-0.364225],[-0.362528,-0.370947,-0.854969],[-0.0767571,0.926143,-0.36928]]],"btipPosition":[10.2979,191.621,22.5423],"carpPosition":[31.0535,176.289,92.239],"dipPosition":[9.16277,205.317,17.0813],"direction":[-0.147061,-0.970067,-0.193246],"extended":false,"handId":119,"id":1191,"length":50.9006,"mcpPosition":[25.9188,227.523,55.6497],"pipPosition":[12.2394,225.612,21.1241],"stabilizedTipPosition":[8.9616,196.125,20.9365],"timeVisible":3.56111,"tipPosition":[9.41341,197.14,18.661],"tipVelocity":[5.93132,-11.7373,9.8842],"tool":false,"touchDistance":0.338583,"touchZone":"hovering","type":1,"width":16.8539},{"bases":[[[0.869566,-0.337121,-0.360839],[0.491534,0.52071,0.698037],[-0.0474304,-0.784354,0.618498]],[[0.870845,-0.289481,-0.397277],[0.157918,0.930117,-0.33158],[0.4655,0.226017,0.855702]],[[0.870845,-0.289481,-0.397277],[-0.449414,-0.141465,-0.882051],[0.199136,0.946672,-0.253292]],[[0.870845,-0.289481,-0.397277],[-0.481013,-0.668345,-0.567399],[-0.101267,0.685212,-0.72127]]],"btipPosition":[21.4835,179.244,34.9247],"carpPosition":[41.317,176.134,89.7079],"dipPosition":[19.8364,190.389,23.193],"direction":[-0.199136,-0.946672,0.253292],"extended":false,"handId":119,"id":1192,"length":57.9972,"mcpPosition":[44.1582,223.119,52.6583],"pipPosition":[24.7377,213.689,16.9587],"stabilizedTipPosition":[23.6381,177.092,11.9227],"timeVisible":3.56111,"tipPosition":[20.2833,183.948,28.8401],"tipVelocity":[3.97175,-7.37945,6.24406],"tool":false,"touchDistance":0.333333,"touchZone":"none","type":2,"width":16.5528},{"bases":[[[0.813564,-0.487158,-0.317476],[0.550642,0.470025,0.689833],[-0.186836,-0.736039,0.650645]],[[0.823303,-0.442146,-0.35592],[0.287908,0.86571,-0.409457],[0.489163,0.234635,0.840039]],[[0.823303,-0.442146,-0.35592],[-0.462161,-0.15816,-0.872578],[0.329514,0.882889,-0.334556]],[[0.823303,-0.442146,-0.35592],[-0.566778,-0.674174,-0.473552],[-0.030573,0.591605,-0.805648]]],"btipPosition":[34.5825,173.326,39.5956],"carpPosition":[50.8575,173.55,86.0244],"dipPosition":[34.0881,182.893,26.5668],"direction":[-0.329514,-0.882889,0.334556],"extended":false,"handId":119,"id":1193,"length":55.7658,"mcpPosition":[60.906,213.136,51.0312],"pipPosition":[41.989,204.062,18.545],"stabilizedTipPosition":[36.9961,172.294,23.5556],"timeVisible":3.56111,"tipPosition":[33.7909,177.211,33.053],"tipVelocity":[3.98825,-7.18916,7.59574],"tool":false,"touchDistance":0.333333,"touchZone":"none","type":3,"width":15.751},{"bases":[[[0.684231,-0.639993,-0.349624],[0.651793,0.321646,0.686811],[-0.327099,-0.69782,0.637223]],[[0.69495,-0.615914,-0.371073],[0.474309,0.780514,-0.407221],[0.540441,0.106995,0.834551]],[[0.69495,-0.615914,-0.371073],[-0.482442,-0.0167208,-0.875768],[0.533193,0.787636,-0.308763]],[[0.69495,-0.615914,-0.371073],[-0.711313,-0.513311,-0.480151],[0.105256,0.59763,-0.794833]]],"btipPosition":[47.0299,175.352,39.1364],"carpPosition":[57.882,166.135,79.3171],"dipPosition":[48.6003,184.268,27.2781],"direction":[-0.533193,-0.787636,0.308763],"extended":false,"handId":119,"id":1194,"length":43.7194,"mcpPosition":[74.1669,200.876,47.5925],"pipPosition":[57.6267,197.602,22.051],"stabilizedTipPosition":[50.6445,174.195,27.5404],"timeVisible":3.56111,"tipPosition":[47.0862,179.019,33.0845],"tipVelocity":[3.99457,-6.91786,7.97406],"tool":false,"touchDistance":0.333333,"touchZone":"none","type":4,"width":13.9913}],"r":[[0.261798,0.662608,0.701721],[-0.102236,0.742028,-0.662527],[-0.959693,0.101707,0.262003]],"s":0.912837,"t":[0.954453,14.5158,-9.93014],"timestamp":630001981252},{"currentFra