{"frames":54,"data":[{"currentFrameRate":55.3197,"devices":[],"gestures":[],"hands":[{"armBasis":[[0.911319,-0.153355,-0.382072],[0.379213,0.674001,0.633971],[0.160295,-0.722637,0.672384]],"armWidth":55.2734,"confidence":1,"direction":[0.362466,0.773123,-0.52048],"elbow":[95.7493,-6.8548,270.693],"grabAngle":0.880517,"grabStrength":0.0299012,"id":115,"palmNormal":[-0.275409,-0.444665,-0.852305],"palmPosition":[70.4951,212.243,76.3669],"palmVelocity":[-12.0861,15.3497,7.72466],"palmWidth":78.1236,"pinchDistance":72.6496,"pinchStrength":0,"r":[[0.985832,0.117164,-0.120033],[-0.11569,0.9931,0.0192005],[0.121455,-0.00504178,0.992584]],"s":1.14803,"sphereCenter":[73.3337,204.678,17.8777],"sphereRadius":64.0897,"stabilizedPalmPosition":[67.8268,212.136,71.9874],"t":[-48.4569,91.9899,0.515559],"timeVisible":1.60874,"type":"right","wrist":[58.5897,160.668,114.82]}],"id":42627,"interactionBox":{"center":[0,200,0],"size":[235.247,235.247,147.751]},"pointables":[{"bases":[[[0.675347,0.366587,0.639938],[-0.73486,0.261127,0.625935],[0.0623546,-0.892987,0.445741]],[[0.540827,0.782522,0.308489],[-0.7827,0.333876,0.525268],[0.308037,-0.525534,0.79305]],[[0.540827,0.782522,0.308489],[-0.799678,0.364624,0.477037],[0.26081,-0.504687,0.822964]],[[0.540827,0.782522,0.308489],[-0.792211,0.350621,0.499467],[0.282681,-0.514514,0.809547]]],"btipPosition":[8.50096,227.602,23.5387],"carpPosition":[35.1262,179.762,98.2137],"dipPosition":[14.2272,217.18,39.9376],"direction":[-0.26081,0.504687,-0.822964],"extended":true,"handId":115,"id":1150,"length":45.1091,"mcpPosition":[35.1262,179.762,98.2137],"pipPosition":[21.924,202.286,64.2244],"stabilizedTipPosition":[9.71169,224.142,23.0494],"timeVisible":1.60874,"tipPosition":[14.1748,226.604,27.5368],"tipVelocity":[-15.1812,7.46331,2.80844],"tool":false,"touchDistance":0.352273,"touchZone":"hovering","type":0,"width":17.6444},{"bases":[[[0.938594,-0.316047,-0.138404],[0.303191,0.564067,0.768052],[-0.164671,-0.762852,0.625253]],[[0.944034,-0.287668,-0.161393],[0.298259,0.535508,0.79011],[-0.140862,-0.794027,0.591337]],[[0.944034,-0.287668,-0.161393],[0.329775,0.812776,0.480253],[-0.00697711,-0.506599,0.862154]],[[0.944034,-0.287668,-0.161393],[0.312557,0.936493,0.159024],[0.105397,-0.200568,0.973994]]],"btipPosition":[63.4728,282.476,13.4573],"carpPosition":[49.2457,191.198,107.382],"dipPosition":[65.0315,279.51,27.8611],"direction":[0.00697711,0.506599,-0.862154],"extended":true,"handId":115,"id":1151,"length":50.9006,"mcpPosition":[59.6474,239.385,67.8873],"pipPosition":[64.8855,268.912,45.8979],"stabilizedTipPosition":[59.9038,279.498,11.2275],"timeVisible":1.60874,"tipPosition":[62.2773,276.787,14.1136],"tipVelocity":[-2.26996,22.8491,14.3214],"tool":false,"touchDistance":0.358569,"touchZone":"hovering","type":1,"width":16.8539},{"bases":[[[0.842186,-0.507703,-0.18155],[0.453817,0.48563,0.747137],[-0.291157,-0.711619,0.639395]],[[0.833821,-0.527168,-0.163817],[0.422332,0.418076,0.804268],[-0.355497,-0.739801,0.571241]],[[0.833821,-0.527168,-0.163817],[0.530269,0.682361,0.503188],[-0.153482,-0.506435,0.848508]],[[0.833821,-0.527168,-0.163817],[0.550005,0.818756,0.164721],[0.0472902,-0.227448,0.972641]]],"btipPosition":[94.8691,278.76,7.90311],"carpPosition":[59.5883,189.103,106.741],"dipPosition":[95.6382,275.06,23.7235],"direction":[0.153482,0.506435,-0.848508],"extended":true,"handId":115,"id":1152,"length":57.9972,"mcpPosition":[77.0294,231.731,68.4398],"pipPosition":[91.8606,262.595,44.6078],"stabilizedTipPosition":[90.7305,276.848,6.1107],"timeVisible":1.60874,"tipPosition":[90.4209,273.395,8.23179],"tipVelocity":[-0.904179,17.0633,14.7151],"tool":false,"touchDistance":0.357028,"touchZone":"hovering","type":2,"width":16.5528},{"bases":[[[0.753537,-0.642044,-0.141281],[0.503315,0.425184,0.752258],[-0.422912,-0.637964,0.643543]],[[0.737214,-0.665427,-0.117143],[0.511542,0.436425,0.740175],[-0.441408,-0.605591,0.662132]],[[0.737214,-0.665427,-0.117143],[0.658172,0.668067,0.347124],[-0.152726,-0.333005,0.930474]],[[0.737214,-0.665427,-0.117143],[0.66718,0.744319,-0.0293327],[0.106711,-0.0565312,0.992682]]],"btipPosition":[110.736,251.281,6.38152],"carpPosition":[68.984,184.651,104.963],"dipPosition":[112.461,250.366,22.435],"direction":[0.152726,0.333005,-0.930474],"extended":true,"handId":115,"id":1153,"length":55.7658,"mcpPosition":[91.7292,218.962,70.3515],"pipPosition":[108.799,242.382,44.7454],"stabilizedTipPosition":[107.532,251.113,5.67703],"timeVisible":1.60874,"tipPosition":[106.678,247.488,8.34671],"tipVelocity":[-4.24217,12.1788,12.6316],"tool":false,"touchDistance":0.352458,"touchZone":"hovering","type":3,"width":15.751},{"bases":[[[0.605935,-0.772934,-0.188189],[0.575037,0.262102,0.775006],[-0.549704,-0.577819,0.603283]],[[0.521587,-0.847262,-0.100467],[0.69427,0.353032,0.627182],[-0.49592,-0.396881,0.772366]],[[0.521587,-0.847262,-0.100467],[0.852824,0.514243,0.0908069],[-0.0252731,-0.133044,0.990788]],[[0.521587,-0.847262,-0.100467],[0.792231,0.524659,-0.311613],[0.316729,0.0829406,0.944883]]],"btipPosition":[113.821,217.559,15.4675],"carpPosition":[75.5732,175.63,100.011],"dipPosition":[118.546,218.796,29.5644],"direction":[0.0252731,0.133044,-0.990788],"extended":true,"handId":115,"id":1154,"length":43.7194,"mcpPosition":[102.941,204.397,69.9758],"pipPosition":[118.118,216.544,46.3375],"stabilizedTipPosition":[113.449,219.36,15.3892],"timeVisible":1.60874,"tipPosition":[111.043,216.145,18.979],"tipVelocity":[-9.65909,10.8287,13.0976],"tool":false,"touchDistance":0.347886,"touchZone":"hovering","type":4,"width":13.9913}],"r":[[0.985832,0.117164,-0.120033],[-0.11569,0.9931,0.0192005],[0.121455,-0.00504178,0.992584]],"s":1.14803,"t":[-48.4569,91.9899,0.515559],"timestamp":629972877746},{"currentFrameRate":55.331,"devices":[],"gestures":[],"hands":[{"armBasis":[[0.911784,-0.153197,-0.381026],[0.378313,0.674316,0.634174],[0.159778,-0.722377,0.672787]],"armWidth":55.2734,"confidence":1,"direction":[0.362059,0.772992,-0.520958],"elbow":[95.3792,-6.48226,270.899],"grabAngle":0.881801,"grabStrength":0.0335022,"id":115,"palmNormal":[-0.274805,-0.445525,-0.85205],"palmPosition":[70.2267,212.536,76.4471],"palmVelocity":[-14.8852,16.2551,4.44846],"palmWidth":78.1236,"pinchDistance":72.8762,"pinchStrength":0,"r":[[0.985836,0.117297,-0.119874],[-0.115909,0.993087,0.0185057],[0.121216,-0.00434915,0.992617]],"s":1.14958,"sphereCenter":[73.2012,205.439,18.4108],"sphereRadius":63.7087,"stabilizedPalmPosition":[67.841,212.139,72.0139],"t":[-48.6796,92.2309,0.619446],"timeVisible":1.62678,"type":"right","wrist":[58.3394,160.98,114.933]}],"id":42628,"interactionBox":{"center":[0,200,0],"size":[235.247,235.247,147.751]},"pointables":[{"bases":[[[0.674869,0.36758,0.639872],[-0.735254,0.261062,0.625498],[0.0628743,-0.892598,0.446448]],[[0.539751,0.783706,0.307368],[-0.782661,0.332709,0.526067],[0.310017,-0.524509,0.792956]],[[0.539751,0.783706,0.307368],[-0.800036,0.363933,0.476965],[0.261939,-0.503347,0.823425]],[[0.539751,0.783706,0.307368],[-0.793003,0.35081,0.498075],[0.282516,-0.51258,0.810831]]],"btipPosition":[8.13474,227.764,23.597],"carpPosition":[34.8749,180.046,98.3076],"dipPosition":[13.8576,217.38,40.0219],"direction":[-0.261939,0.503347,-0.823425],"extended":true,"handId":115,"id":1150,"length":45.1091,"mcpPosition":[34.8749,180.046,98.3076],"pipPosition":[21.5878,202.526,64.3222],"stabilizedTipPosition":[9.70962,224.151,23.0838],"timeVisible":1.62678,"tipPosition":[13.878,226.807,27.5864],"tipVelocity":[-20.3496,9.43257,3.56236],"tool":false,"touchDistance":0.351343,"touchZone":"hovering","type":0,"width":17.6444},{"bases":[[[0.938873,-0.315456,-0.13786],[0.302525,0.564883,0.767715],[-0.164305,-0.762493,0.625787]],[[0.94418,-0.2878,-0.1603],[0.296867,0.532378,0.792744],[-0.142811,-0.796081,0.588099]],[[0.94418,-0.2878,-0.1603],[0.329307,0.811191,0.483245],[-0.00904356,-0.509058,0.860685]],[[0.94418,-0.2878,-0.1603],[0.312548,0.936364,0.159802],[0.104108,-0.200984,0.974047]]],"btipPosition":[63.3217,282.889,13.6635],"carpPosition":[48.9829,191.5,107.472],"dipPosition":[64.8613,279.916,28.0681],"direction":[0.00904356,0.509058,-0.860685],"extended":true,"handId":115,"id":1151,"length":50.9006,"mcpPosition":[59.3615,239.664,67.9432],"pipPosition":[64.6721,269.267,46.0742],"stabilizedTipPosition":[59.9142,279.505,11.2433],"timeVisible":1.62678,"tipPosition":[62.013,277.124,14.1951],"tipVelocity":[-8.62041,22.7968,11.4459],"tool":false,"touchDistance":0.359142,"touchZone":"hovering","type":1,"width":16.8539},{"bases":[[[0.842621,-0.507217,-0.18089],[0.453217,0.486542,0.746908],[-0.290834,-0.711343,0.639849]],[[0.834004,-0.527253,-0.162609],[0.420423,0.416403,0.806134],[-0.357326,-0.740684,0.568951]],[[0.834004,-0.527253,-0.162609],[0.529603,0.682286,0.50399],[-0.154785,-0.506448,0.848264]],[[0.834004,-0.527253,-0.162609],[0.549719,0.819334,0.162792],[0.0473982,-0.225159,0.973168]]],"btipPosition":[94.6953,279.052,8.0634],"carpPosition":[59.3273,189.412,106.836],"dipPosition":[95.4663,275.389,23.8923],"direction":[0.154785,0.506448,-0.848264],"extended":true,"handId":115,"id":1152,"length":57.9972,"mcpPosition":[76.749,232.023,68.5071],"pipPosition":[91.6565,262.924,44.7707],"stabilizedTipPosition":[90.7337,276.849,6.11504],"timeVisible":1.62678,"tipPosition":[90.1852,273.704,8.31206],"tipVelocity":[-9.61198,16.6547,8.99729],"tool":false,"touchDistance":0.357092,"touchZone":"hovering","type":2,"width":16.5528},{"bases":[[[0.754059,-0.641593,-0.140546],[0.502758,0.426136,0.752092],[-0.422645,-0.637783,0.643898]],[[0.737408,-0.665428,-0.115911],[0.509938,0.435924,0.741575],[-0.442936,-0.605951,0.660781]],[[0.737408,-0.665428,-0.115911],[0.657896,0.668727,0.346377],[-0.152976,-0.331678,0.930907]],[[0.737408,-0.665428,-0.115911],[0.666763,0.744559,-0.0325529],[0.107964,-0.0532801,0.992726]]],"btipPosition":[110.509,251.514,6.50455],"carpPosition":[68.7268,184.965,105.064],"dipPosition":[112.255,250.653,22.5588],"direction":[0.152976,0.331678,-0.930907],"extended":true,"handId":115,"id":1153,"length":55.7658,"mcpPosition":[91.4577,219.267,70.4334],"pipPosition":[108.587,242.7,44.8795],"stabilizedTipPosition":[107.536,251.113,5.68341],"timeVisible":1.62678,"tipPosition":[106.43,247.776,8.42149],"tipVelocity":[-12.3117,13.6361,6.83101],"tool":false,"touchDistance":0.352394,"touchZone":"hovering","type":3,"width":15.751},{"bases":[[[0.606569,-0.772629,-0.1874],[0.574593,0.263125,0.774989],[-0.549469,-0.577763,0.603551]],[[0.521872,-0.847227,-0.0992757],[0.692736,0.353018,0.628884],[-0.497762,-0.396969,0.771135]],[[0.521872,-0.847227,-0.0992757],[0.852651,0.514657,0.0900828],[-0.0252276,-0.131659,0.990974]],[[0.521872,-0.847227,-0.0992757],[0.791461,0.524329,-0.314115],[0.31818,0.0853553,0.94418]]],"btipPosition":[113.594,217.814,15.6091],"carpPosition":[75.3243,175.945,100.121],"dipPosition":[118.341,219.088,29.6956],"direction":[0.0252276,0.131659,-0.990974],"extended":true,"handId":115,"id":1154,"length":43.7194,"mcpPosition":[102.68,204.709,70.0724],"pipPosition":[117.914,216.859,46.4718],"stabilizedTipPosition":[113.455,219.354,15.4058],"timeVisible":1.62678,"tipPosition":[110.806,216.431,19.0683],"tipVelocity":[-12.2909,14.6303,7.72201],"tool":false,"touchDistance":0.34852,"touchZone":"hovering","type":4,"width":13.9913}],"r":[[0.985836,0.117297,-0.119874],[-0.115909,0.993087,0.0185057],[0.121216,-0.00434915,0.992617]],"s":1.14958,"t":[-48.6796,92.2309,0.619446],"timestamp":629972895780},{"currentFrameRate":55.3131,"devices":[],"gestures":[],"hands":[{"armBasis":[[0.911929,-0.152833,-0.380826],[0.377806,0.674914,0.633841],[0.160153,-0.721896,0.673215]],"armWidth":55.2734,"confidence":1,"direction":[0.361286,0.772156,-0.522731],"elbow":[95.2107,-6.03988,271.157],"grabAngle":0.882617,"grabStrength":0.0347755,"id":115,"palmNormal":[-0.274966,-0.447446,-0.850991],"palmPosition":[69.9219,212.803,76.5049],"palmVelocity":[-16.8026,14.7444,3.18468],"palmWidth":78.1236,"pinchDistance":73.1385,"pinchStrength":0,"r":[[0.985811,0.117481,-0.119898],[-0.11621,0.993069,0.0175553],[0.121129,-0.00337284,0.992631]],"s":1.15123,"sphereCenter":[72.9892,206.106,18.9323],"sphereRadius":63.3276,"stabilizedPalmPosition":[67.8571,212.144,72.0486],"t":[-48.9434,92.4852,0.700276],"timeVisible":1.64492,"type":"right","wrist":[58.084,161.311,115.092]}],"id":42629,"interactionBox":{"center":[0,200,0],"size":[235.247,235.247,147.751]},"pointables":[{"bases":[[[0.674968,0.369325,0.638762],[-0.735093,0.26187,0.62535],[0.0636847,-0.891641,0.448242]],[[0.538837,0.785459,0.304482],[-0.782289,0.332457,0.52678],[0.312536,-0.522041,0.793596]],[[0.538837,0.785459,0.304482],[-0.799727,0.363362,0.477916],[0.264746,-0.501022,0.823946]],[[0.538837,0.785459,0.304482],[-0.792825,0.350664,0.49846],[0.284749,-0.50999,0.811682]]],"btipPosition":[7.62638,227.826,23.6798],"carpPosition":[34.6025,180.335,98.4505],"dipPosition":[13.3945,217.495,40.122],"direction":[-0.264746,0.501022,-0.823946],"extended":true,"handId":115,"id":1150,"length":45.1091,"mcpPosition":[34.6025,180.335,98.4505],"pipPosition":[21.2075,202.71,64.4377],"stabilizedTipPosition":[9.70187,224.165,23.1286],"timeVisible":1.64492,"tipPosition":[13.487,226.921,27.6427],"tipVelocity":[-27.4495,4.12162,4.78801],"tool":false,"touchDistance":0.350845,"touchZone":"hovering","type":0,"width":17.6444},{"bases":[[[0.939003,-0.315133,-0.137709],[0.302565,0.566649,0.766396],[-0.163484,-0.761315,0.627434]],[[0.944121,-0.288465,-0.159447],[0.296181,0.530267,0.794415],[-0.144611,-0.797249,0.586074]],[[0.944121,-0.288465,-0.159447],[0.329416,0.80971,0.48565],[-0.0109869,-0.511037,0.859489]],[[0.944121,-0.288465,-0.159447],[0.313163,0.935947,0.161034],[0.102782,-0.201969,0.973984]]],"btipPosition":[63.1221,283.231,13.7728],"carpPosition":[48.708,191.817,107.584],"dipPosition":[64.6421,280.244,28.1764],"direction":[0.0109869,0.511037,-0.859489],"extended":true,"handId":115,"id":1151,"length":50.9006,"mcpPosition":[59.0348,239.907,67.9511],"pipPosition":[64.4123,269.553,46.1574],"stabilizedTipPosition":[59.9294,279.518,11.2682],"timeVisible":1.64492,"tipPosition":[61.6731,277.372,14.1885],"tipVelocity":[-11.2504,18.6892,6.00897],"tool":false,"touchDistance":0.358196,"touchZone":"hovering","type":1,"width":16.8539},{"bases":[[[0.842852,-0.507044,-0.180295],[0.453296,0.488362,0.745671],[-0.290039,-0.710218,0.641458]],[[0.833864,-0.527918,-0.16116],[0.419162,0.415672,0.807168],[-0.359129,-0.740621,0.567897]],[[0.833864,-0.527918,-0.16116],[0.529425,0.682364,0.504072],[-0.15614,-0.50565,0.848492]],[[0.833864,-0.527918,-0.16116],[0.549939,0.819619,0.1606],[0.0473055,-0.222547,0.973774]]],"btipPosition":[94.4838,279.242,8.10636],"carpPosition":[59.0534,189.735,106.947],"dipPosition":[95.2533,275.622,23.9451],"direction":[0.15614,0.50565,-0.848492],"extended":true,"handId":115,"id":1152,"length":57.9972,"mcpPosition":[76.4275,232.278,68.5216],"pipPosition":[91.4102,263.177,44.8291],"stabilizedTipPosition":[90.7408,276.852,6.12509],"timeVisible":1.64492,"tipPosition":[89.8761,273.912,8.28565],"tipVelocity":[-11.676,11.0447,2.49293],"tool":false,"touchDistance":0.355395,"touchZone":"hovering","type":2,"width":16.5528},{"bases":[[[0.754399,-0.641394,-0.139629],[0.502879,0.427999,0.750952],[-0.421895,-0.636734,0.645426]],[[0.737254,-0.665897,-0.114183],[0.509013,0.436331,0.741971],[-0.444255,-0.605142,0.660637]],[[0.737254,-0.665897,-0.114183],[0.658098,0.669571,0.344358],[-0.152853,-0.329023,0.931869]],[[0.737254,-0.665897,-0.114183],[0.66667,0.744439,-0.0369061],[0.109578,-0.0489135,0.992774]]],"btipPosition":[110.219,251.618,6.51908],"carpPosition":[68.4548,185.29,105.179],"dipPosition":[111.991,250.827,22.5741],"direction":[0.152853,0.329023,-0.931869],"extended":true,"handId":115,"id":1153,"length":55.7658,"mcpPosition":[91.1454,219.535,70.4662],"pipPosition":[108.326,242.938,44.9178],"stabilizedTipPosition":[107.545,251.114,5.69543],"timeVisible":1.64492,"tipPosition":[106.099,247.952,8.40096],"tipVelocity":[-15.676,6.58761,0.810973],"tool":false,"touchDistance":0.350708,"touchZone":"hovering","type":3,"width":15.751},{"bases":[[[0.606969,-0.77262,-0.186137],[0.574831,0.265082,0.774145],[-0.548779,-0.576879,0.605023]],[[0.521842,-0.847476,-0.0972949],[0.692219,0.354042,0.628878],[-0.498512,-0.395524,0.771393]],[[0.521842,-0.847476,-0.0972949],[0.852736,0.515191,0.0861425],[-0.0228782,-0.12792,0.991521]],[[0.521842,-0.847476,-0.0972949],[0.789984,0.52315,-0.319749],[0.321879,0.0899969,0.942494]]],"btipPosition":[113.219,217.913,15.6738],"carpPosition":[75.0556,176.264,100.251],"dipPosition":[118.021,219.255,29.7351],"direction":[0.0228782,0.12792,-0.991521],"extended":true,"handId":115,"id":1154,"length":43.7194,"mcpPosition":[102.377,204.985,70.1291],"pipPosition":[117.634,217.09,46.5206],"stabilizedTipPosition":[113.461,219.346,15.4286],"timeVisible":1.64492,"tipPosition":[110.488,216.615,19.0959],"tipVelocity":[-19.9793,6.30979,3.24766],"tool":false,"touchDistance":0.347885,"touchZone":"hovering","type":4,"width":13.9913}],"r":[[0.985811,0.117481,-0.119898],[-0.11621,0.993069,0.0175553],[0.121129,-0.00337284,0.992631]],"s":1.15123,"t":[-48.9434,92.4852,0.700276],"timestamp":629972913921},{"currentFrameRate":55.3228,"devices":[],"gestures":[],"hands":[{"armBasis":[[0.912218,-0.151679,-0.380594],[0.376664,0.675956,0.633409],[0.16119,-0.721164,0.673751]],"armWidth":55.2734,"confidence":1,"direction":[0.360882,0.771838,-0.523479],"elbow":[95.1261,-5.51939,271.361],"grabAngle":0.883923,"grabStrength":0.0354966,"id":115,"palmNormal":[-0.273961,-0.448803,-0.8506],"palmPosition":[69.5649,213.12,76.53],"palmVelocity":[-19.7863,17.5626,1.3903],"palmWidth":78.1236,"pinchDistance":73.4294,"pinchStrength":0,"r":[[0.985784,0.117789,-0.119816],[-0.116647,0.993036,0.016525],[0.120928,-0.00231387,0.992659]],"s":1.15304,"sphereCenter":[72.7355,206.912,19.424],"sphereRadius":62.9461,"stabilizedPalmPosition":[67.8741,212.154,72.0932],"t":[-49.2537,92.7707,0.753233],"timeVisible":1.66296,"type":"right","wrist":[57.7588,161.661,115.171]}],"id":42630,"interactionBox":{"center":[0,200,0],"size":[235.247,235.247,147.751]},"pointables":[{"bases":[[[0.674181,0.370801,0.638738],[-0.735766,0.261953,0.624523],[0.0642546,-0.891004,0.449426]],[[0.537237,0.787229,0.302733],[-0.782358,0.331032,0.527573],[0.315107,-0.520277,0.793738]],[[0.537237,0.787229,0.302733],[-0.799849,0.36164,0.479018],[0.267617,-0.499487,0.82395]],[[0.537237,0.787229,0.302733],[-0.793135,0.349441,0.498826],[0.286903,-0.508096,0.812112]]],"btipPosition":[7.04791,227.978,23.708],"carpPosition":[34.2625,180.646,98.4936],"dipPosition":[12.8597,217.685,40.1589],"direction":[-0.267617,0.499487,-0.82395],"extended":true,"handId":115,"id":1150,"length":45.1091,"mcpPosition":[34.2625,180.646,98.4936],"pipPosition":[20.7574,202.945,64.4748],"stabilizedTipPosition":[9.68433,224.184,23.1867],"timeVisible":1.66296,"tipPosition":[13.0729,227.096,27.6102],"tipVelocity":[-31.5063,8.87379,1.67292],"tool":false,"touchDistance":0.349546,"touchZone":"hovering","type":0,"width":17.6444},{"bases":[[[0.939402,-0.314393,-0.136679],[0.3015,0.567925,0.765871],[-0.163161,-0.76067,0.628299]],[[0.94438,-0.288506,-0.157834],[0.294342,0.5275,0.796936],[-0.146664,-0.799067,0.583079]],[[0.94438,-0.288506,-0.157834],[0.328582,0.808149,0.488803],[-0.0134695,-0.513477,0.857998]],[[0.94438,-0.288506,-0.157834],[0.313054,0.935682,0.162777],[0.10072,-0.203134,0.973957]]],"btipPosition":[62.9032,283.662,13.8988],"carpPosition":[48.3508,192.153,107.622],"dipPosition":[64.3927,280.658,28.302],"direction":[0.0134695,0.513477,-0.857997],"extended":true,"handId":115,"id":1151,"length":50.9006,"mcpPosition":[58.6571,240.202,67.9342],"pipPosition":[64.1109,269.916,46.2519],"stabilizedTipPosition":[59.9497,279.54,11.3047],"timeVisible":1.66296,"tipPosition":[61.3353,277.712,14.1895],"tipVelocity":[-12.5235,23.6776,6.98059],"tool":false,"touchDistance":0.357599,"touchZone":"hovering","type":1,"width":16.8539},{"bases":[[[0.843467,-0.506451,-0.179083],[0.452321,0.489759,0.745347],[-0.289775,-0.709678,0.642174]],[[0.834163,-0.528023,-0.159262],[0.416755,0.414345,0.809094],[-0.361231,-0.741289,0.565688]],[[0.834163,-0.528023,-0.159262],[0.528406,0.682438,0.505041],[-0.157987,-0.505441,0.848274]],[[0.834163,-0.528023,-0.159262],[0.549536,0.820217,0.158915],[0.0467187,-0.220081,0.974362]]],"btipPosition":[94.2559,279.538,8.19879],"carpPosition":[58.6986,190.08,106.994],"dipPosition":[95.0158,275.958,24.0471],"direction":[0.157987,0.505441,-0.848274],"extended":true,"handId":115,"id":1152,"length":57.9972,"mcpPosition":[76.0568,232.591,68.526],"pipPosition":[91.1272,263.518,44.9257],"stabilizedTipPosition":[90.7521,276.858,6.14268],"timeVisible":1.66296,"tipPosition":[89.5723,274.223,8.29489],"tipVelocity":[-12.7569,16.8957,5.24534],"tool":false,"touchDistance":0.354608,"touchZone":"hovering","type":2,"width":16.5528},{"bases":[[[0.755117,-0.640836,-0.138304],[0.501959,0.429451,0.750739],[-0.421705,-0.636319,0.645959]],[[0.73753,-0.66593,-0.11219],[0.506892,0.436127,0.743541],[-0.446218,-0.605252,0.659211]],[[0.73753,-0.66593,-0.11219],[0.657587,0.670375,0.343768],[-0.153716,-0.327314,0.932329]],[[0.73753,-0.66593,-0.11219],[0.66624,0.744651,-0.040235],[0.110336,-0.0450709,0.992872]]],"btipPosition":[109.943,251.849,6.59221],"carpPosition":[68.1055,185.642,105.238],"dipPosition":[111.728,251.12,22.6488],"direction":[0.153716,0.327314,-0.932329],"extended":true,"handId":115,"id":1153,"length":55.7658,"mcpPosition":[90.7859,219.865,70.4968],"pipPosition":[108.042,243.272,45.0036],"stabilizedTipPosition":[107.556,251.116,5.71407],"timeVisible":1.66296,"tipPosition":[105.787,248.242,8.41875],"tipVelocity":[-15.0957,13.5929,4.07334],"tool":false,"touchDistance":0.350073,"touchZone":"hovering","type":3,"width":15.751},{"bases":[[[0.607846,-0.772265,-0.184742],[0.574055,0.266634,0.774188],[-0.54862,-0.576639,0.605395]],[[0.522398,-0.847334,-0.0955285],[0.69056,0.354679,0.630341],[-0.500227,-0.395257,0.770418]],[[0.522398,-0.847334,-0.0955285],[0.852423,0.516077,0.0838959],[-0.0217878,-0.125258,0.991885]],[[0.522398,-0.847334,-0.0955285],[0.788508,0.522674,-0.324141],[0.324586,0.0940057,0.941173]]],"btipPosition":[112.868,218.14,15.774],"carpPosition":[74.7183,176.617,100.326],"dipPosition":[117.71,219.542,29.8156],"direction":[0.0217878,0.125258,-0.991885],"extended":true,"handId":115,"id":1154,"length":43.7194,"mcpPosition":[102.032,205.325,70.1859],"pipPosition":[117.341,217.422,46.6072],"stabilizedTipPosition":[113.465,219.339,15.4575],"timeVisible":1.66296,"tipPosition":[110.183,216.905,19.1426],"tipVelocity":[-18.9653,13.3635,5.2979],"tool":false,"touchDistance":0.347863,"touchZone":"hovering","type":4,"width":13.9913}],"r":[[0.985784,0.117789,-0.119816],[-0.116647,0.993036,0.016525],[0.120928,-0.00231387,0.992659]],"s":1.15304,"t":[-49.2537,92.7707,0.753233],"timestamp":629972931963},{"currentFrameRate":55.3315,"devices":[],"gestures":[],"hands":[{"armBasis":[[0.912042,-0.151483,-0.381093],[0.376574,0.677333,0.63199],[0.162391,-0.719912,0.674801]],"armWidth":55.2734,"confidence":1,"direction":[0.360224,0.772299,-0.523253],"elbow":[95.0233,-4.94748,271.487],"grabAngle":0.883275,"grabStrength":0.0352734,"id":115,"palmNormal":[-0.273537,-0.448809,-0.850734],"palmPosition":[69.1344,213.412,76.4136],"palmVelocity":[-23.8582,16.2043,-6.44681],"palmWidth":78.1236,"pinchDistance":73.7488,"pinchStrength":0,"r":[[0.985742,0.118216,-0.119737],[-0.117171,0.992987,0.0157546],[0.12076,-0.00150022,0.992681]],"s":1.15508,"sphereCenter":[72.353,207.834,19.7922],"sphereRadius":62.549,"stabilizedPalmPosition":[67.8894,212.169,72.1455],"t":[-49.6242,93.0597,0.721552],"timeVisible":1.68101,"type":"right","wrist":[57.3775,161.943,115.054]}],"id":42631,"interactionBox":{"center":[0,200,0],"size":[235.247,235.247,147.751]},"pointables":[{"bases":[[[0.673832,0.371217,0.638865],[-0.736018,0.261135,0.624569],[0.0650205,-0.891071,0.449183]],[[0.535748,0.788677,0.301599],[-0.782194,0.329021,0.529073],[0.318036,-0.519359,0.793171]],[[0.535748,0.788677,0.301599],[-0.799646,0.359184,0.4812],[0.271182,-0.498974,0.823095]],[[0.535748,0.788677,0.301599],[-0.793077,0.347401,0.500342],[0.289833,-0.507248,0.811601]]],"btipPosition":[6.35504,228.161,23.6414],"carpPosition":[33.8598,180.901,98.367],"dipPosition":[12.2261,217.886,40.0819],"direction":[-0.271182,0.498974,-0.823095],"extended":true,"handId":115,"id":1150,"length":45.1091,"mcpPosition":[33.8598,180.901,98.367],"pipPosition":[20.2291,203.161,64.3725],"stabilizedTipPosition":[9.64974,224.212,23.2608],"timeVisible":1.68101,"tipPosition":[12.5501,227.327,27.4945],"tipVelocity":[-37.6445,10.3992,-3.82507],"tool":false,"touchDistance":0.34689,"touchZone":"hovering","type":0,"width":17.6444},{"bases":[[[0.939683,-0.31353,-0.136731],[0.300974,0.567978,0.766039],[-0.162516,-0.760986,0.628084]],[[0.944512,-0.288372,-0.157282],[0.293001,0.523202,0.800256],[-0.148481,-0.801936,0.578664]],[[0.944512,-0.288372,-0.157282],[0.3281,0.805331,0.493753],[-0.0157204,-0.517961,0.85526]],[[0.944512,-0.288372,-0.157282],[0.313276,0.934799,0.167358],[0.0987661,-0.207344,0.97327]]],"btipPosition":[62.5929,284.21,14.0212],"carpPosition":[47.9376,192.418,107.499],"dipPosition":[64.0535,281.144,28.4143],"direction":[0.0157204,0.51796,-0.85526],"extended":true,"handId":115,"id":1151,"length":50.9006,"mcpPosition":[58.2031,240.487,67.825],"pipPosition":[63.7246,270.308,46.3068],"stabilizedTipPosition":[59.9767,279.575,11.3593],"timeVisible":1.68101,"tipPosition":[60.8995,278.144,14.1672],"tipVelocity":[-17.569,29.5722,6.6524],"tool":false,"touchDistance":0.356973,"touchZone":"hovering","type":1,"width":16.8539},{"bases":[[[0.843917,-0.505662,-0.179192],[0.451865,0.48995,0.745498],[-0.289174,-0.710109,0.641968]],[[0.834343,-0.527882,-0.158785],[0.414847,0.411596,0.811475],[-0.363008,-0.742919,0.562402]],[[0.834343,-0.527882,-0.158785],[0.527604,0.68126,0.507464],[-0.159707,-0.507174,0.846917]],[[0.834343,-0.527882,-0.158785],[0.549338,0.820158,0.1599],[0.0458207,-0.220638,0.974279]]],"btipPosition":[93.9397,279.958,8.25992],"carpPosition":[58.2873,190.354,106.871],"dipPosition":[94.685,276.369,24.1069],"direction":[0.159707,0.507174,-0.846917],"extended":true,"handId":115,"id":1152,"length":57.9972,"mcpPosition":[75.6095,232.892,68.4153],"pipPosition":[90.7541,263.886,44.9521],"stabilizedTipPosition":[90.7696,276.869,6.17268],"timeVisible":1.68101,"tipPosition":[89.1716,274.625,8.25593],"tipVelocity":[-17.7109,23.1624,3.3706],"tool":false,"touchDistance":0.353393,"touchZone":"hovering","type":2,"width":16.5528},{"bases":[[[0.755684,-0.640135,-0.138454],[0.501555,0.429685,0.750875],[-0.42117,-0.636866,0.645769]],[[0.737745,-0.665755,-0.11181],[0.505153,0.434549,0.745646],[-0.447831,-0.606578,0.656895]],[[0.737745,-0.665755,-0.11181],[0.657084,0.670177,0.345113],[-0.154828,-0.328074,0.931878]],[[0.737745,-0.665755,-0.11181],[0.666008,0.74484,-0.0405819],[0.110298,-0.0445272,0.992901]]],"btipPosition":[109.597,252.222,6.57846],"carpPosition":[67.6981,185.926,105.114],"dipPosition":[111.381,251.502,22.6355],"direction":[0.154828,0.328074,-0.931877],"extended":true,"handId":115,"id":1153,"length":55.7658,"mcpPosition":[90.3497,220.178,70.3831],"pipPosition":[107.668,243.636,44.9795],"stabilizedTipPosition":[107.572,251.122,5.74294],"timeVisible":1.68101,"tipPosition":[105.374,248.619,8.33277],"tipVelocity":[-19.2138,20.8059,-0.755905],"tool":false,"touchDistance":0.348195,"touchZone":"hovering","type":3,"width":15.751},{"bases":[[[0.60853,-0.771681,-0.184933],[0.573793,0.266924,0.774282],[-0.548135,-0.577287,0.605217]],[[0.522846,-0.847067,-0.0954464],[0.689275,0.354238,0.631994],[-0.50153,-0.396224,0.769074]],[[0.522846,-0.847067,-0.0954464],[0.852163,0.516608,0.0832778],[-0.0212336,-0.124877,0.991945]],[[0.522846,-0.847067,-0.0954464],[0.78755,0.522861,-0.326163],[0.326187,0.095364,0.940483]]],"btipPosition":[112.451,218.465,15.7071],"carpPosition":[74.319,176.907,100.2],"dipPosition":[117.317,219.888,29.7384],"direction":[0.0212336,0.124877,-0.991945],"extended":true,"handId":115,"id":1154,"length":43.7194,"mcpPosition":[101.608,205.648,70.0686],"pipPosition":[116.958,217.774,46.5311],"stabilizedTipPosition":[113.466,219.333,15.4944],"timeVisible":1.68101,"tipPosition":[109.765,217.254,19.0284],"tipVelocity":[-22.7968,18.299,-3.83689],"tool":false,"touchDistance":0.345372,"touchZone":"hovering","type":4,"width":13.9913}],"r":[[0.985742,0.118216,-0.119737],[-0.117171,0.992987,0.0157546],[0.12076,-0.00150022,0.992681]],"s":1.15508,"t":[-49.6242,93.0597,0.721552],"timestamp":629972950006},{"currentFrameRate":55.328,"devices":[],"gestures":[],"hands":[{"armBasis":[[0.910778,-0.152487,-0.383707],[0.378727,0.678686,0.629246],[0.164465,-0.718424,0.675883]],"armWidth":55.2734,"confidence":1,"direction":[0.358788,0.773551,-0.522389],"elbow":[95.072,-4.40322,271.401],"grabAngle":0.8812,"grabStrength":0.0333765,"id":115,"palmNormal":[-0.275173,-0.447124,-0.851093],"palmPosition":[68.5959,213.674,76.1297],"palmVelocity":[-29.7764,14.4483,-15.6968],"palmWidth":78.1236,"pinchDistance":74.0549,"pinchStrength":0,"r":[[0.985648,0.118689,-0.120046],[-0.117665,0.992931,0.0156081],[0.12105,-0.00125877,0.992646]],"s":1.15706,"sphereCenter":[71.9401,208.576,19.8327],"sphereRadius":62.3016,"stabilizedPalmPosition":[67.8989,212.189,72.1992],"t":[-50.0786,93.3348,0.563765],"timeVisible":1.69909,"type":"right","wrist":[56.9456,162.142,114.717]}],"id":42632,"interactionBox":{"center":[0,200,0],"size":[235.247,235.247,147.751]},"pointables":[{"bases":[[[0.675047,0.370144,0.638205],[-0.734786,0.259511,0.626692],[0.066345,-0.891991,0.447159]],[[0.535443,0.7891,0.301034],[-0.780781,0.326597,0.53265],[0.321997,-0.520245,0.790989]],[[0.535443,0.7891,0.301034],[-0.798618,0.357085,0.484458],[0.274791,-0.499811,0.821388]],[[0.535443,0.7891,0.301034],[-0.792264,0.345802,0.502732],[0.292608,-0.507682,0.810333]]],"btipPosition":[5.54433,228.433,23.5337],"carpPosition":[33.3816,181.102,98.0898],"dipPosition":[11.4717,218.149,39.9485],"direction":[-0.274791,0.499811,-0.821388],"extended":true,"handId":115,"id":1150,"length":45.1091,"mcpPosition":[33.3816,181.102,98.0898],"pipPosition":[19.5811,203.399,64.1888],"stabilizedTipPosition":[9.58612,224.255,23.3547],"timeVisible":1.69909,"tipPosition":[11.8468,227.651,27.3607],"tipVelocity":[-44.1104,14.9231,-6.2809],"tool":false,"touchDistance":0.34383,"touchZone":"hovering","type":0,"width":17.6444},{"bases":[[[0.939516,-0.312853,-0.139404],[0.302381,0.566483,0.766592],[-0.160861,-0.762378,0.62682]],[[0.943949,-0.289663,-0.158289],[0.293523,0.517198,0.803959],[-0.151011,-0.805358,0.573231]],[[0.943949,-0.289663,-0.158289],[0.32959,0.800654,0.500323],[-0.0181903,-0.52445,0.851247]],[[0.943949,-0.289663,-0.158289],[0.315502,0.932715,0.174647],[0.0970498,-0.214798,0.971825]]],"btipPosition":[62.196,284.858,14.1253],"carpPosition":[47.4742,192.605,107.216],"dipPosition":[63.6312,281.682,28.497],"direction":[0.0181903,0.52445,-0.851247],"extended":true,"handId":115,"id":1151,"length":50.9006,"mcpPosition":[57.6352,240.762,67.6217],"pipPosition":[63.2507,270.71,46.3056],"stabilizedTipPosition":[60.0106,279.636,11.4399],"timeVisible":1.69909,"tipPosition":[60.2676,278.693,14.1347],"tipVelocity":[-22.264,34.4349,5.48421],"tool":false,"touchDistance":0.356097,"touchZone":"hovering","type":1,"width":16.8539},{"bases":[[[0.843738,-0.504934,-0.182065],[0.453259,0.488561,0.745563],[-0.28751,-0.711583,0.641083]],[[0.833651,-0.528448,-0.160524],[0.414938,0.407468,0.813508],[-0.364489,-0.74479,0.55896]],[[0.833651,-0.528448,-0.160524],[0.528484,0.678863,0.509755],[-0.160405,-0.509792,0.845211]],[[0.833651,-0.528448,-0.160524],[0.550347,0.819221,0.161228],[0.046304,-0.222752,0.973775]]],"btipPosition":[93.4472,280.415,8.19717],"carpPosition":[57.8233,190.547,106.561],"dipPosition":[94.2003,276.792,24.036],"direction":[0.160405,0.509792,-0.845211],"extended":true,"handId":115,"id":1152,"length":57.9972,"mcpPosition":[75.0459,233.172,68.1588],"pipPosition":[90.2523,264.245,44.8392],"stabilizedTipPosition":[90.7937,276.892,6.22067],"timeVisible":1.69909,"tipPosition":[88.5486,275.115,8.12221],"tipVelocity":[-27.1313,24.8693,-3.57377],"tool":false,"touchDistance":0.350417,"touchZone":"hovering","type":2,"width":16.5528},{"bases":[[[0.755647,-0.639529,-0.141422],[0.502986,0.428304,0.750707],[-0.419527,-0.638403,0.645321]],[[0.737301,-0.665858,-0.114108],[0.505611,0.431865,0.746894],[-0.448046,-0.60838,0.65508]],[[0.737301,-0.665858,-0.114108],[0.65785,0.669223,0.345506],[-0.153694,-0.329808,0.931453]],[[0.737301,-0.665858,-0.114108],[0.666225,0.744649,-0.0405125],[0.111946,-0.0461519,0.992642]]],"btipPosition":[108.997,252.642,6.34806],"carpPosition":[67.2322,186.126,104.775],"dipPosition":[110.808,251.896,22.4009],"direction":[0.153694,0.329808,-0.931453],"extended":true,"handId":115,"id":1153,"length":55.7658,"mcpPosition":[89.7954,220.461,70.0681],"pipPosition":[107.122,243.988,44.7347],"stabilizedTipPosition":[107.589,251.135,5.78413],"timeVisible":1.69909,"tipPosition":[104.712,249.066,8.06161],"tipVelocity":[-32.8241,22.9045,-12.7924],"tool":false,"touchDistance":0.343238,"touchZone":"hovering","type":3,"width":15.751},{"bases":[[[0.608448,-0.771037,-0.187864],[0.57534,0.265525,0.773615],[-0.546604,-0.57879,0.605166]],[[0.522598,-0.846932,-0.0979691],[0.689037,0.351881,0.633568],[-0.502115,-0.398606,0.767459]],[[0.522598,-0.846932,-0.0979691],[0.852343,0.516291,0.0833909],[-0.0200458,-0.127083,0.991689]],[[0.522598,-0.846932,-0.0979691],[0.787224,0.523464,-0.325983],[0.327368,0.0932344,0.940286]]],"btipPosition":[111.882,218.896,15.394],"carpPosition":[73.8463,177.12,99.8276],"dipPosition":[116.766,220.287,29.4224],"direction":[0.0200458,0.127083,-0.99169],"extended":true,"handId":115,"id":1154,"length":43.7194,"mcpPosition":[101.059,205.936,69.6989],"pipPosition":[116.427,218.135,46.2108],"stabilizedTipPosition":[113.46,219.332,15.5358],"timeVisible":1.69909,"tipPosition":[109.131,217.665,18.6656],"tipVelocity":[-31.2284,23.3788,-17.3475],"tool":false,"touchDistance":0.339462,"touchZone":"hovering","type":4,"width":13.9913}],"r":[[0.985648,0.118689,-0.120046],[-0.117665,0.992931,0.0156081],[0.12105,-0.00125877,0.992646]],"s":1.15706,"t":[-50.0786,93.3348,0.563765],"timestamp":629972968092},{"currentFrameRate":55.3283,"devices":[],"gestures":[],"hands":[{"armBasis":[[0.908744,-0.154301,-0.387784],[0.382437,0.679904,0.625678],[0.167113,-0.716884,0.676869]],"armWidth":55.2734,"confidence":1,"direction":[0.357303,0.773162,-0.52398],"elbow":[95.2092,-3.70154,271.13],"grabAngle":0.878717,"grabStrength":0.0311552,"id":115,"palmNormal":[-0.278996,-0.447046,-0.849889],"palmPosition":[68.0005,213.989,75.5577],"palmVelocity":[-32.9404,17.4535,-31.6514],"palmWidth":78.1236,"pinchDistance":74.4604,"pinchStrength":0,"r":[[0.985494,0.1189,-0.121098],[-0.117884,0.992906,0.0155509],[0.122088,-0.0010498,0.992519]],"s":1.15903,"sphereCenter":[71.4587,209.363,19.7479],"sphereRadius":61.9256,"stabilizedPalmPosition":[67.9002,212.212,72.2424],"t":[-50.6035,93.6301,0.198853],"timeVisible":1.71716,"type":"right","wrist":[56.4689,162.487,114.218]}],"id":42633,"interactionBox":{"center":[0,200,0],"size":[235.247,235.247,147.751]},"pointables":[{"bases":[[[0.677938,0.369698,0.635393],[-0.732021,0.26023,0.629624],[0.0674226,-0.891966,0.447046]],[[0.536282,0.790077,0.296952],[-0.778395,0.326922,0.535932],[0.326347,-0.518556,0.790314]],[[0.536282,0.790077,0.296952],[-0.796641,0.357567,0.487349],[0.278863,-0.49792,0.821164]],[[0.536282,0.790077,0.296952],[-0.790466,0.346785,0.50488],[0.295916,-0.505488,0.810503]]],"btipPosition":[4.63792,228.609,23.1424],"carpPosition":[32.8488,181.45,97.6664],"dipPosition":[10.6322,218.369,39.5606],"direction":[-0.278863,0.49792,-0.821164],"extended":true,"handId":115,"id":1150,"length":45.1091,"mcpPosition":[32.8488,181.45,97.6664],"pipPosition":[18.8619,203.675,63.7943],"stabilizedTipPosition":[9.4896,224.309,23.451],"timeVisible":1.71716,"tipPosition":[10.9943,227.98,27.0156],"tipVelocity":[-49.3,10.2952,-21.6094],"tool":false,"touchDistance":0.336922,"touchZone":"hovering","type":0,"width":17.6444},{"bases":[[[0.938683,-0.313655,-0.143161],[0.305959,0.566367,0.765256],[-0.158945,-0.762134,0.627605]],[[0.942586,-0.293227,-0.159841],[0.295866,0.511207,0.806927],[-0.154901,-0.80789,0.568612]],[[0.942586,-0.293227,-0.159841],[0.333287,0.79551,0.506047],[-0.0212315,-0.530265,0.847566]],[[0.942586,-0.293227,-0.159841],[0.320054,0.929832,0.181599],[0.0953753,-0.22233,0.970295]]],"btipPosition":[61.8217,285.508,13.8644],"carpPosition":[46.9878,192.944,106.733],"dipPosition":[63.2321,282.221,28.2134],"direction":[0.0212315,0.530265,-0.847566],"extended":true,"handId":115,"id":1151,"length":50.9006,"mcpPosition":[57.0278,241.085,67.0894],"pipPosition":[62.788,271.127,45.945],"stabilizedTipPosition":[60.0454,279.719,11.5334],"timeVisible":1.71716,"tipPosition":[59.5753,279.221,13.7206],"tipVelocity":[-21.0275,34.5583,-14.7252],"tool":false,"touchDistance":0.349828,"touchZone":"hovering","type":1,"width":16.8539},{"bases":[[[0.842574,-0.505664,-0.185399],[0.456686,0.488317,0.743629],[-0.285493,-0.711232,0.642373]],[[0.831794,-0.530845,-0.162242],[0.416725,0.404111,0.814269],[-0.366687,-0.744914,0.557354]],[[0.831794,-0.530845,-0.162242],[0.531318,0.676801,0.50955],[-0.160687,-0.510043,0.845006]],[[0.831794,-0.530845,-0.162242],[0.553009,0.817752,0.15957],[0.047967,-0.22245,0.973763]]],"btipPosition":[92.9072,280.731,7.66776],"carpPosition":[57.3325,190.877,106.037],"dipPosition":[93.6874,277.112,23.5064],"direction":[0.160687,0.510043,-0.845006],"extended":true,"handId":115,"id":1152,"length":57.9972,"mcpPosition":[74.4343,233.481,67.5571],"pipPosition":[89.7324,264.559,44.3045],"stabilizedTipPosition":[90.813,276.918,6.26351],"timeVisible":1.71716,"tipPosition":[87.8374,275.494,7.53751],"tipVelocity":[-29.5353,17.5001,-29.2951],"tool":false,"touchDistance":0.340767,"touchZone":"hovering","type":2,"width":16.5528},{"bases":[[[0.754537,-0.640179,-0.144374],[0.506384,0.42802,0.748582],[-0.417431,-0.637942,0.647133]],[[0.735667,-0.66732,-0.116091],[0.508132,0.43039,0.746034],[-0.447879,-0.607823,0.65571]],[[0.735667,-0.66732,-0.116091],[0.660415,0.668591,0.341817],[-0.150484,-0.328132,0.932569]],[[0.735667,-0.66732,-0.116091],[0.667334,0.743427,-0.0445151],[0.116011,-0.0447232,0.992241]]],"btipPosition":[108.233,252.854,5.64414],"carpPosition":[66.7305,186.447,104.213],"dipPosition":[110.11,252.131,21.6905],"direction":[0.150484,0.328132,-0.932569],"extended":true,"handId":115,"id":1153,"length":55.7658,"mcpPosition":[89.1809,220.758,69.4089],"pipPosition":[106.501,244.263,44.0511],"stabilizedTipPosition":[107.6,251.151,5.81984],"timeVisible":1.71716,"tipPosition":[103.903,249.363,7.3512],"tipVelocity":[-41.4182,12.0242,-39.0314],"tool":false,"touchDistance":0.331481,"touchZone":"hovering","type":3,"width":15.751},{"bases":[[[0.607042,-0.771573,-0.190195],[0.578695,0.265185,0.771225],[-0.54462,-0.578231,0.607484]],[[0.520727,-0.847944,-0.0991674],[0.690441,0.349962,0.633101],[-0.50213,-0.398142,0.76769]],[[0.520727,-0.847944,-0.0991674],[0.853548,0.514744,0.0805845],[-0.0172854,-0.126607,0.991802]],[[0.520727,-0.847944,-0.0991674],[0.787238,0.521865,-0.328501],[0.330303,0.0929911,0.939283]]],"btipPosition":[111.164,219.164,14.6976],"carpPosition":[73.3169,177.436,99.2406],"dipPosition":[116.092,220.552,28.711],"direction":[0.0172854,0.126607,-0.991802],"extended":true,"handId":115,"id":1154,"length":43.7194,"mcpPosition":[100.431,206.223,68.9965],"pipPosition":[115.799,218.408,45.5013],"stabilizedTipPosition":[113.445,219.334,15.5664],"timeVisible":1.71716,"tipPosition":[108.34,217.95,17.9287],"tipVelocity":[-39.1808,14.8278,-38.7243],"tool":false,"touchDistance":0.327797,"touchZone":"hovering","type":4,"width":13.9913}],"r":[[0.985494,0.1189,-0.121098],[-0.117884,0.992906,0.0155509],[0.122088,-0.0010498,0.992519]],"s":1.15903,"t":[-50.6035,93.6301,0.198853],"timestamp":629972986165},{"currentFrameRate":55.3058,"devices":[],"gestures":[],"hands":[{"