{"frames":45,"data":[{"currentFrameRate":55.3331,"devices":[],"gestures":[],"hands":[{"armBasis":[[0.469261,0.819207,-0.329687],[-0.41463,0.534036,0.736809],[0.779664,-0.209057,0.590271]],"armWidth":68.8427,"confidence":1,"direction":[-0.56693,0.329084,-0.755178],"elbow":[131.138,183.919,220.752],"grabAngle":0.917792,"grabStrength":0,"id":61,"palmNormal":[0.502539,-0.588224,-0.633599],"palmPosition":[-132.936,257.352,-0.0995186],"palmVelocity":[122.861,16.0574,-37.7657],"palmWidth":92.9048,"pinchDistance":12.6126,"pinchStrength":1,"r":[[0.903774,-0.0113054,0.42786],[-0.0652182,0.98434,0.163771],[-0.423011,-0.175916,0.888884]],"s":1.31717,"sphereCenter":[-173.94,192.756,-32.2098],"sphereRadius":86.4702,"stabilizedPalmPosition":[-140.636,255.355,3.43391],"t":[61.3044,26.9268,-100.472],"timeVisible":1.48221,"type":"right","wrist":[-83.8008,241.552,58.025]}],"id":24730,"interactionBox":{"center":[0,200,0],"size":[235.247,235.247,147.751]},"pointables":[{"bases":[[[0.716009,0.6455,-0.265823],[-0.481845,0.732512,0.480886],[0.50513,-0.216233,0.835516]],[[0.597705,0.676062,-0.430916],[-0.592431,0.734591,0.33076],[0.540161,0.0575909,0.839589]],[[0.597705,0.676062,-0.430916],[-0.705927,0.698582,0.11684],[0.380021,0.234359,0.894796]],[[0.597705,0.676062,-0.430916],[-0.761914,0.646255,-0.0429125],[0.24947,0.35397,0.901371]]],"btipPosition":[-193.381,249.962,-99.3095],"carpPosition":[-115.713,250.71,43.3678],"dipPosition":[-188.675,256.638,-82.3083],"direction":[-0.380021,-0.234359,-0.894796],"extended":true,"handId":61,"id":612,"length":67.2543,"mcpPosition":[-151.696,266.113,-16.1511],"pipPosition":[-177.829,263.327,-56.7693],"stabilizedTipPosition":[-201.188,250.172,-91.3919],"timeVisible":1.48221,"tipPosition":[-192.332,253.815,-95.2908],"tipVelocity":[130.15,40.6292,-37.3248],"tool":false,"touchDistance":0.332761,"touchZone":"hovering","type":2,"width":21.0194},{"bases":[[[0.816811,0.549575,-0.175462],[-0.413111,0.769491,0.487055],[0.40269,-0.325347,0.855564]],[[0.703482,0.609279,-0.365913],[-0.463391,0.783581,0.413848],[0.538871,-0.121573,0.833569]],[[0.703482,0.609279,-0.365913],[-0.534663,0.792892,0.292331],[0.468241,-0.0100094,0.883544]],[[0.703482,0.609279,-0.365913],[-0.58835,0.788069,0.181083],[0.398695,0.087896,0.912862]]],"btipPosition":[-178.059,284.512,-93.9951],"carpPosition":[-107.642,259.621,39.792],"dipPosition":[-170.582,286.16,-76.8761],"direction":[-0.468241,0.0100094,-0.883544],"extended":true,"handId":61,"id":613,"length":64.6668,"mcpPosition":[-133.397,280.43,-14.9283],"pipPosition":[-157.563,285.882,-52.3096],"stabilizedTipPosition":[-185.338,284.6,-86.3013],"timeVisible":1.48221,"tipPosition":[-176.768,287.814,-89.0682],"tipVelocity":[140.282,22.7865,-36.9363],"tool":false,"touchDistance":0.332764,"touchZone":"hovering","type":3,"width":20.0013},{"bases":[[[0.914883,0.373478,-0.153308],[-0.243827,0.813816,0.527496],[0.321773,-0.445216,0.83561]],[[0.848287,0.442594,-0.290723],[-0.307085,0.858433,0.410843],[0.431403,-0.259236,0.864111]],[[0.848287,0.442594,-0.290723],[-0.345926,0.878844,0.328585],[0.40093,-0.178166,0.898617]],[[0.848287,0.442594,-0.290723],[-0.38004,0.89116,0.247796],[0.368754,-0.099716,0.924163]]],"btipPosition":[-143.144,304.092,-79.0485],"carpPosition":[-94.5324,263.31,34.7209],"dipPosition":[-136.764,302.367,-63.06],"direction":[-0.40093,0.178166,-0.898617],"extended":true,"handId":61,"id":614,"length":50.6976,"mcpPosition":[-113.583,289.669,-14.7518],"pipPosition":[-128.894,298.869,-45.4191],"stabilizedTipPosition":[-149.961,301.669,-72.7288],"timeVisible":1.48221,"tipPosition":[-140.795,302.649,-75.199],"tipVelocity":[139.229,31.6721,-29.7431],"tool":false,"touchDistance":0.256725,"touchZone":"hovering","type":4,"width":17.7668},{"bases":[[[-0.297457,0.887595,0.351703],[-0.528795,-0.459879,0.713363],[0.794918,0.0262161,0.60615]],[[-0.618177,0.784598,0.0475649],[-0.757423,-0.61076,0.23083],[0.210159,0.106667,0.971831]],[[-0.618177,0.784598,0.0475649],[-0.739749,-0.601166,0.302277],[0.265761,0.151675,0.952033]],[[-0.618177,0.784598,0.0475649],[-0.78603,-0.616744,-0.0422456],[-0.00381046,-0.0635027,0.997974]]],"btipPosition":[-130.008,209.278,-61.9856],"carpPosition":[-110.291,218.413,43.5695],"dipPosition":[-130.097,207.786,-38.543],"direction":[-0.265761,-0.151675,-0.952033],"extended":true,"handId":61,"id":610,"length":52.3092,"mcpPosition":[-110.291,218.413,43.5695],"pipPosition":[-121.002,212.977,-5.96283],"stabilizedTipPosition":[-137.93,209.347,-53.6801],"timeVisible":1.48221,"tipPosition":[-132.255,207.633,-55.8825],"tipVelocity":[96.5113,26.3774,-47.4934],"tool":false,"touchDistance":0.260451,"touchZone":"hovering","type":0,"width":22.4056},{"bases":[[[0.548266,0.783479,-0.292514],[-0.596141,0.611441,0.520343],[0.586533,-0.110907,0.802296]],[[0.409861,0.789047,-0.457624],[-0.900786,0.429071,-0.0669529],[0.143524,0.439662,0.886622]],[[0.409861,0.789047,-0.457624],[-0.582082,-0.160015,-0.79723],[-0.702279,0.593128,0.393706]],[[0.409861,0.789047,-0.457624],[-0.0407266,-0.485368,-0.873361],[-0.911239,0.376594,-0.166798]]],"btipPosition":[-138.727,208.361,-58.6058],"carpPosition":[-121.143,239.836,46.584],"dipPosition":[-154.354,214.819,-61.4662],"direction":[0.702279,-0.593128,-0.393706],"extended":false,"handId":61,"id":611,"length":59.0251,"mcpPosition":[-165.202,248.167,-13.6827],"pipPosition":[-171.391,229.208,-51.915],"stabilizedTipPosition":[-150.776,209.762,-57.3547],"timeVisible":1.48221,"tipPosition":[-145.24,210.436,-62.3923],"tipVelocity":[111.3,26.1817,-32.3902],"tool":false,"touchDistance":0.28327,"touchZone":"hovering","type":1,"width":21.4018}],"r":[[0.903774,-0.0113054,0.42786],[-0.0652182,0.98434,0.163771],[-0.423011,-0.175916,0.888884]],"s":1.31717,"t":[61.3044,26.9268,-100.472],"timestamp":629629194084},{"currentFrameRate":55.3313,"devices":[],"gestures":[],"hands":[{"armBasis":[[0.479526,0.811898,-0.33298],[-0.41054,0.542928,0.732589],[0.775572,-0.214594,0.593665]],"armWidth":68.8427,"confidence":1,"direction":[-0.561191,0.33186,-0.758244],"elbow":[132.798,183.024,220.729],"grabAngle":0.917819,"grabStrength":0,"id":61,"palmNormal":[0.497112,-0.597324,-0.629352],"palmPosition":[-129.817,258.256,-1.26393],"palmVelocity":[172.536,49.9925,-64.4069],"palmWidth":92.9048,"pinchDistance":12.4255,"pinchStrength":1,"r":[[0.90309,-0.0141334,0.42922],[-0.0619251,0.984728,0.162717],[-0.424964,-0.173528,0.888422]],"s":1.31879,"sphereCenter":[-171.531,194.223,-33.1335],"sphereRadius":86.3709,"stabilizedPalmPosition":[-139.008,255.791,2.72699],"t":[63.7225,27.4779,-101.349],"timeVisible":1.50029,"type":"right","wrist":[-81.0133,242.184,57.0662]}],"id":24731,"interactionBox":{"center":[0,200,0],"size":[235.247,235.247,147.751]},"pointables":[{"bases":[[[0.724196,0.63567,-0.267327],[-0.474353,0.740575,0.47596],[0.500529,-0.217881,0.837853]],[[0.606221,0.666833,-0.433392],[-0.585458,0.743013,0.3243],[0.538271,0.0571351,0.840833]],[[0.606221,0.666833,-0.433392],[-0.698294,0.707116,0.111234],[0.380633,0.235203,0.894314]],[[0.606221,0.666833,-0.433392],[-0.754074,0.65512,-0.0467933],[0.252721,0.355177,0.89999]]],"btipPosition":[-190.105,250.978,-100.585],"carpPosition":[-112.778,251.634,42.2792],"dipPosition":[-185.339,257.678,-83.6099],"direction":[-0.380633,-0.235203,-0.894314],"extended":true,"handId":61,"id":612,"length":67.2543,"mcpPosition":[-148.434,267.155,-17.4063],"pipPosition":[-174.475,264.391,-58.0847],"stabilizedTipPosition":[-199.033,250.587,-92.3275],"timeVisible":1.50029,"tipPosition":[-189.02,254.916,-96.5835],"tipVelocity":[181.94,56.5284,-70.8867],"tool":false,"touchDistance":0.332321,"touchZone":"hovering","type":2,"width":21.0194},{"bases":[[[0.823644,0.53903,-0.17623],[-0.405203,0.776775,0.482111],[0.396764,-0.325679,0.858203]],[[0.710422,0.599447,-0.368734],[-0.4553,0.790991,0.4087],[0.536659,-0.122465,0.834865]],[[0.710422,0.599447,-0.368734],[-0.526627,0.80036,0.28651],[0.466867,-0.00935827,0.884278]],[[0.710422,0.599447,-0.368734],[-0.579771,0.795496,0.176213],[0.398957,0.0885956,0.91268]]],"btipPosition":[-174.499,285.352,-95.3529],"carpPosition":[-104.594,260.432,38.6781],"dipPosition":[-167.018,287.014,-78.2373],"direction":[-0.466867,0.00935827,-0.884278],"extended":true,"handId":61,"id":613,"length":64.6668,"mcpPosition":[-129.97,281.261,-16.211],"pipPosition":[-154.037,286.753,-53.6504],"stabilizedTipPosition":[-182.92,284.819,-87.2862],"timeVisible":1.50029,"tipPosition":[-173.068,288.744,-90.5044],"tipVelocity":[196.934,46.6437,-75.1451],"tool":false,"touchDistance":0.332275,"touchZone":"hovering","type":3,"width":20.0013},{"bases":[[[0.919583,0.361908,-0.152938],[-0.235507,0.819313,0.522745],[0.31449,-0.444689,0.838658]],[[0.854549,0.430763,-0.290155],[-0.293055,0.861152,0.415374],[0.428795,-0.269926,0.862134]],[[0.854549,0.430763,-0.290155],[-0.331855,0.882614,0.332964],[0.399523,-0.188245,0.897187]],[[0.854549,0.430763,-0.290155],[-0.368725,0.896623,0.245172],[0.36577,-0.102524,0.925041]]],"btipPosition":[-139.439,305.316,-80.246],"carpPosition":[-91.43,263.939,33.6208],"dipPosition":[-133.111,303.543,-64.2423],"direction":[-0.399523,0.188245,-0.897187],"extended":true,"handId":61,"id":614,"length":50.6976,"mcpPosition":[-110.05,290.267,-16.0324],"pipPosition":[-125.267,299.847,-46.6295],"stabilizedTipPosition":[-147.261,302.4,-73.5938],"timeVisible":1.50029,"tipPosition":[-137.004,303.327,-76.6101],"tipVelocity":[204.3,67.1157,-66.0447],"tool":false,"touchDistance":0.246924,"touchZone":"hovering","type":4,"width":17.7668},{"bases":[[[-0.287841,0.892817,0.346447],[-0.535894,-0.449977,0.71438],[0.793704,0.0199689,0.607977]],[[-0.610728,0.79083,0.0399927],[-0.764507,-0.602049,0.230362],[0.206254,0.110114,0.972283]],[[-0.610728,0.79083,0.0399927],[-0.746949,-0.592132,0.302403],[0.26283,0.154813,0.952341]],[[-0.610728,0.79083,0.0399927],[-0.791779,-0.60927,-0.0433074],[-0.00988247,-0.0581144,0.998261]]],"btipPosition":[-127.012,209.732,-62.937],"carpPosition":[-107.737,219.277,42.6585],"dipPosition":[-127.244,208.367,-39.4876],"direction":[-0.26283,-0.154813,-0.952341],"extended":true,"handId":61,"id":610,"length":52.3092,"mcpPosition":[-107.737,219.277,42.6585],"pipPosition":[-118.249,213.665,-6.89686],"stabilizedTipPosition":[-136.121,209.359,-54.3233],"timeVisible":1.50029,"tipPosition":[-129.536,208.27,-56.8062],"tipVelocity":[163.889,26.7486,-52.5343],"tool":false,"touchDistance":0.249725,"touchZone":"hovering","type":0,"width":22.4056},{"bases":[[[0.558154,0.775474,-0.295135],[-0.59016,0.62106,0.515748],[0.583246,-0.11369,0.8043]],[[0.420887,0.781876,-0.459917],[-0.896393,0.436208,-0.0787511],[0.139046,0.445412,0.884463]],[[0.420887,0.781876,-0.459917],[-0.576736,-0.16069,-0.800971],[-0.700164,0.602369,0.383304]],[[0.420887,0.781876,-0.459917],[-0.0395855,-0.490698,-0.87043],[-0.906249,0.384558,-0.175577]]],"btipPosition":[-135.624,208.967,-59.3073],"carpPosition":[-118.343,240.841,45.5372],"dipPosition":[-151.165,215.561,-62.3182],"direction":[0.700164,-0.602369,-0.383304],"extended":false,"handId":61,"id":611,"length":59.0251,"mcpPosition":[-162.156,249.381,-14.8801],"pipPosition":[-168.151,230.175,-53.0193],"stabilizedTipPosition":[-148.325,209.915,-57.9146],"timeVisible":1.50029,"tipPosition":[-142.419,211.149,-63.2443],"tipVelocity":[172.701,35.2405,-40.7131],"tool":false,"touchDistance":0.275459,"touchZone":"hovering","type":1,"width":21.4018}],"r":[[0.90309,-0.0141334,0.42922],[-0.0619251,0.984728,0.162717],[-0.424964,-0.173528,0.888422]],"s":1.31879,"t":[63.7225,27.4779,-101.349],"timestamp":629629212163},{"currentFrameRate":55.3221,"devices":[],"gestures":[],"hands":[{"armBasis":[[0.48129,0.815167,-0.322277],[-0.418622,0.536776,0.732549],[0.77014,-0.217656,0.599592]],"armWidth":68.8427,"confidence":1,"direction":[-0.557567,0.338937,-0.757786],"elbow":[135.762,182.18,221.22],"grabAngle":0.902625,"grabStrength":0,"id":61,"palmNormal":[0.501477,-0.589941,-0.632843],"palmPosition":[-125.03,258.769,-2.542],"palmVelocity":[264.36,28.3331,-70.5806],"palmWidth":92.9048,"pinchDistance":12.6677,"pinchStrength":1,"r":[[0.902064,-0.0170173,0.431266],[-0.05977,0.984669,0.163873],[-0.427443,-0.173601,0.887218]],"s":1.32304,"sphereCenter":[-166.641,196.269,-35.2579],"sphereRadius":85.7729,"stabilizedPalmPosition":[-134.837,256.68,1.155],"t":[67.325,28.0099,-102.427],"timeVisible":1.51839,"type":"right","wrist":[-76.5516,242.184,55.9234]}],"id":24732,"interactionBox":{"center":[0,200,0],"size":[235.247,235.247,147.751]},"pointables":[{"bases":[[[0.724643,0.639534,-0.256689],[-0.478107,0.734826,0.481087],[0.496293,-0.225891,0.838252]],[[0.607542,0.672255,-0.423044],[-0.585279,0.738961,0.333744],[0.536974,0.0448351,0.842406]],[[0.607542,0.672255,-0.423044],[-0.695861,0.707285,0.124599],[0.382975,0.218681,0.897502]],[[0.607542,0.672255,-0.423044],[-0.751431,0.659042,-0.0318675],[0.257381,0.337249,0.905549]]],"btipPosition":[-185.336,253.037,-102.143],"carpPosition":[-108.218,251.717,41.0219],"dipPosition":[-180.481,259.398,-85.0626],"direction":[-0.382975,-0.218681,-0.897502],"extended":true,"handId":61,"id":612,"length":67.2543,"mcpPosition":[-143.572,267.808,-18.6919],"pipPosition":[-169.551,265.639,-59.4465],"stabilizedTipPosition":[-194.068,251.898,-94.3004],"timeVisible":1.51839,"tipPosition":[-183.732,256.247,-98.2139],"tipVelocity":[264.503,109.373,-84.6834],"tool":false,"touchDistance":0.332235,"touchZone":"hovering","type":2,"width":21.0194},{"bases":[[[0.823744,0.542095,-0.166067],[-0.409048,0.771065,0.487995],[0.392588,-0.334053,0.856903]],[[0.712258,0.60408,-0.357458],[-0.454957,0.785111,0.420255],[0.534511,-0.136702,0.834032]],[[0.712258,0.60408,-0.357458],[-0.524083,0.796448,0.301676],[0.466933,-0.0275337,0.883864]],[[0.712258,0.60408,-0.357458],[-0.576511,0.793965,0.193014],[0.400405,0.0686024,0.913767]]],"btipPosition":[-169.6,287.539,-96.3614],"carpPosition":[-100.029,260.564,37.558],"dipPosition":[-162.091,288.826,-79.2254],"direction":[-0.466933,0.0275337,-0.883864],"extended":true,"handId":61,"id":613,"length":64.6668,"mcpPosition":[-125.138,281.93,-17.2479],"pipPosition":[-149.108,288.06,-54.65],"stabilizedTipPosition":[-177.323,285.94,-89.1956],"timeVisible":1.51839,"tipPosition":[-167.843,290.006,-91.7313],"tipVelocity":[270.928,116.009,-55.4344],"tool":false,"touchDistance":0.332612,"touchZone":"hovering","type":3,"width":20.0013},{"bases":[[[0.919833,0.364885,-0.144106],[-0.239644,0.813431,0.53],[0.310609,-0.452977,0.835664]],[[0.857926,0.432968,-0.27659],[-0.288085,0.851155,0.438796],[0.425406,-0.296773,0.85496]],[[0.857926,0.432968,-0.27659],[-0.325086,0.874346,0.360331],[0.397847,-0.219221,0.890876]],[[0.857926,0.432968,-0.27659],[-0.364667,0.892392,0.265807],[0.361913,-0.12718,0.923496]]],"btipPosition":[-134.402,308,-80.6745],"carpPosition":[-86.8428,264.145,32.6098],"dipPosition":[-128.14,305.799,-64.6975],"direction":[-0.397847,0.219221,-0.890876],"extended":true,"handId":61,"id":614,"length":50.6976,"mcpPosition":[-105.233,290.963,-16.866],"pipPosition":[-120.33,301.496,-47.2085],"stabilizedTipPosition":[-140.916,304.66,-75.105],"timeVisible":1.51839,"tipPosition":[-131.969,304.86,-77.4121],"tipVelocity":[277.309,142.775,-23.9979],"tool":false,"touchDistance":0.259441,"touchZone":"hovering","type":4,"width":17.7668},{"bases":[[[-0.29113,0.8887,0.354197],[-0.539075,-0.458251,0.706686],[0.790343,0.0147989,0.612486]],[[-0.614417,0.787853,0.0421935],[-0.76289,-0.606887,0.222904],[0.201222,0.104767,0.973927]],[[-0.614417,0.787853,0.0421935],[-0.74567,-0.597332,0.295247],[0.257815,0.149942,0.954489]],[[-0.614417,0.787853,0.0421935],[-0.788879,-0.612596,-0.0489404],[-0.0127102,-0.0633554,0.99791]]],"btipPosition":[-121.909,210.383,-64.6545],"carpPosition":[-103.129,219.366,41.09],"dipPosition":[-122.207,208.895,-41.2134],"direction":[-0.257815,-0.149942,-0.954489],"extended":true,"handId":61,"id":610,"length":52.3092,"mcpPosition":[-103.129,219.366,41.09],"pipPosition":[-113.385,214.026,-8.54917],"stabilizedTipPosition":[-131.447,209.584,-55.9559],"timeVisible":1.51839,"tipPosition":[-124.291,209.391,-58.6237],"tipVelocity":[280.961,34.3696,-94.9559],"tool":false,"touchDistance":0.239777,"touchZone":"hovering","type":0,"width":22.4056},{"bases":[[[0.558535,0.779369,-0.28394],[-0.593941,0.614725,0.518987],[0.579027,-0.121229,0.806245]],[[0.422179,0.787292,-0.449373],[-0.89666,0.435559,-0.079308],[0.13329,0.436417,0.889817]],[[0.422179,0.787292,-0.449373],[-0.581077,-0.145454,-0.800745],[-0.695783,0.599178,0.39607]],[[0.422179,0.787292,-0.449373],[-0.0517314,-0.473985,-0.879012],[-0.905035,0.394347,-0.159379]]],"btipPosition":[-130.628,209.871,-61.6726],"carpPosition":[-113.784,240.882,44.1362],"dipPosition":[-146.148,216.634,-64.4058],"direction":[0.695783,-0.599178,-0.396069],"extended":false,"handId":61,"id":611,"length":59.0251,"mcpPosition":[-157.28,249.989,-16.4271],"pipPosition":[-163.027,231.17,-54.7972],"stabilizedTipPosition":[-143.256,210.457,-59.4885],"timeVisible":1.51839,"tipPosition":[-137.114,212.265,-64.9834],"tipVelocity":[276.215,52.0911,-127.097],"tool":false,"touchDistance":0.251604,"touchZone":"hovering","type":1,"width":21.4018}],"r":[[0.902064,-0.0170173,0.431266],[-0.05977,0.984669,0.163873],[-0.427443,-0.173601,0.887218]],"s":1.32304,"t":[67.325,28.0099,-102.427],"timestamp":629629230271},{"currentFrameRate":55.3382,"devices":[],"gestures":[],"hands":[{"armBasis":[[0.484263,0.818789,-0.30834],[-0.430368,0.529759,0.730848],[0.761757,-0.221223,0.608923]],"armWidth":68.8427,"confidence":1,"direction":[-0.543139,0.336216,-0.769389],"elbow":[138.666,182.182,222.894],"grabAngle":0.871383,"grabStrength":0,"id":61,"palmNormal":[0.517974,-0.587022,-0.62218],"palmPosition":[-118.69,259.601,-4.38104],"palmVelocity":[351.891,46.142,-102.084],"palmWidth":92.9048,"pinchDistance":13.1725,"pinchStrength":1,"r":[[0.899406,-0.0183788,0.436727],[-0.0598028,0.984547,0.164592],[-0.433003,-0.174153,0.884409]],"s":1.33281,"sphereCenter":[-160.301,199.79,-37.5376],"sphereRadius":84.6191,"stabilizedPalmPosition":[-126.416,258.203,-1.73217],"t":[72.2959,28.6916,-103.885],"timeVisible":1.53641,"type":"right","wrist":[-71.3369,243.169,55.0251]}],"id":24733,"interactionBox":{"center":[0,200,0],"size":[235.247,235.247,147.751]},"pointables":[{"bases":[[[0.726497,0.643497,-0.241068],[-0.49216,0.732084,0.47099],[0.479562,-0.223529,0.848561]],[[0.612056,0.675751,-0.410789],[-0.588237,0.736209,0.334624],[0.528549,0.0368328,0.848103]],[[0.612056,0.675751,-0.410789],[-0.692924,0.708596,0.133223],[0.381109,0.203106,0.901945]],[[0.612056,0.675751,-0.410789],[-0.747154,0.664338,-0.0203816],[0.25913,0.319397,0.911503]]],"btipPosition":[-178.269,254.943,-104.885],"carpPosition":[-102.772,252.623,39.5288],"dipPosition":[-173.382,260.967,-87.6925],"direction":[-0.381109,-0.203106,-0.901945],"extended":true,"handId":61,"id":612,"length":67.2543,"mcpPosition":[-136.934,268.546,-20.9194],"pipPosition":[-162.504,266.764,-61.9496],"stabilizedTipPosition":[-184.106,254.506,-98.2037],"timeVisible":1.53641,"tipPosition":[-175.539,256.744,-101.24],"tipVelocity":[392.68,101.5,-150.784],"tool":false,"touchDistance":0.331656,"touchZone":"hovering","type":2,"width":21.0194},{"bases":[[[0.824171,0.546558,-0.148382],[-0.423459,0.76869,0.479373],[0.376065,-0.332251,0.864976]],[[0.71771,0.607559,-0.340243],[-0.45682,0.779581,0.42845],[0.525555,-0.152073,0.837058]],[[0.71771,0.607559,-0.340243],[-0.518538,0.79243,0.321206],[0.46477,-0.0541038,0.883777]],[[0.71771,0.607559,-0.340243],[-0.570951,0.793156,0.211943],[0.398633,0.0421487,0.916141]]],"btipPosition":[-162.577,290.299,-98.3716],"carpPosition":[-94.5576,261.515,36.242],"dipPosition":[-155.101,291.089,-81.1911],"direction":[-0.46477,0.0541038,-0.883777],"extended":true,"handId":61,"id":613,"length":64.6668,"mcpPosition":[-118.61,282.765,-19.0804],"pipPosition":[-142.179,289.585,-56.6181],"stabilizedTipPosition":[-166.552,288.91,-92.6133],"timeVisible":1.53641,"tipPosition":[-159.92,290.617,-94.4483],"tipVelocity":[389.408,146.858,-111.015],"tool":false,"touchDistance":0.332143,"touchZone":"hovering","type":3,"width":20.0013},{"bases":[[[0.920719,0.369857,-0.124426],[-0.255216,0.811948,0.524981],[0.295195,-0.451605,0.84197]],[[0.865307,0.434062,-0.250666],[-0.286639,0.838763,0.462942],[0.411195,-0.328736,0.850207]],[[0.865307,0.434062,-0.250666],[-0.316653,0.861043,0.397915],[0.388554,-0.264944,0.882514]],[[0.865307,0.434062,-0.250666],[-0.359193,0.885779,0.293899],[0.349605,-0.164275,0.922383]]],"btipPosition":[-127.036,311.615,-81.7294],"carpPosition":[-81.2889,265.168,31.5761],"dipPosition":[-120.987,308.773,-65.7717],"direction":[-0.388554,0.264944,-0.882514],"extended":true,"handId":61,"id":614,"length":50.6976,"mcpPosition":[-98.7661,291.905,-18.2731],"pipPosition":[-113.359,303.572,-48.4469],"stabilizedTipPosition":[-129.044,309.559,-77.4015],"timeVisible":1.53641,"tipPosition":[-124.506,306.547,-79.1552],"tipVelocity":[406.175,192.508,-58.806],"tool":false,"touchDistance":0.273426,"touchZone":"hovering","type":4,"width":17.7668},{"bases":[[[-0.303356,0.887002,0.348142],[-0.551514,-0.461383,0.694952],[0.777051,0.0188129,0.629157]],[[-0.623067,0.781782,0.0245638],[-0.760516,-0.612859,0.214521],[0.182763,0.11498,0.97641]],[[-0.623067,0.781782,0.0245638],[-0.744373,-0.602312,0.28832],[0.240199,0.161358,0.957219]],[[-0.623067,0.781782,0.0245638],[-0.781649,-0.621202,-0.0559836],[-0.0285079,-0.0540818,0.998129]]],"btipPosition":[-114.376,210.188,-66.2724],"carpPosition":[-97.511,220.299,39.6972],"dipPosition":[-115.046,208.917,-42.8262],"direction":[-0.240199,-0.161358,-0.957219],"extended":true,"handId":61,"id":610,"length":52.3092,"mcpPosition":[-97.511,220.299,39.6972],"pipPosition":[-106.826,214.439,-10.0685],"stabilizedTipPosition":[-120.755,209.781,-59.0681],"timeVisible":1.53641,"tipPosition":[-116.36,210.222,-60.476],"tipVelocity":[413.379,-8.07032,-89.7433],"tool":false,"touchDistance":0.249416,"touchZone":"hovering","type":0,"width":22.4056},{"bases":[[[0.56026,0.78245,-0.271811],[-0.608128,0.611351,0.506389],[0.562396,-0.118413,0.818345]],[[0.426902,0.789662,-0.440668],[-0.896575,0.433151,-0.0923763],[0.117929,0.434528,0.892904]],[[0.426902,0.789662,-0.440668],[-0.576395,-0.137875,-0.805456],[-0.696795,0.59785,0.396298]],[[0.426902,0.789662,-0.440668],[-0.050629,-0.465668,-0.88351],[-0.902879,0.399483,-0.158815]]],"btipPosition":[-123.288,210.56,-64.3447],"carpPosition":[-108.344,241.757,42.5214],"dipPosition":[-138.771,217.411,-67.0682],"direction":[0.696795,-0.59785,-0.396298],"extended":false,"handId":61,"id":611,"length":59.0251,"mcpPosition":[-150.59,250.652,-18.9509],"pipPosition":[-155.676,231.915,-57.4541],"stabilizedTipPosition":[-132.947,211.512,-62.9335],"timeVisible":1.53641,"tipPosition":[-129.071,213.005,-66.9652],"tipVelocity":[407.872,39.3844,-148.204],"tool":false,"touchDistance":0.242705,"touchZone":"hovering","type":1,"width":21.4018}],"r":[[0.899406,-0.0183788,0.436727],[-0.0598028,0.984547,0.164592],[-0.433003,-0.174153,0.884409]],"s":1.33281,"t":[72.2959,28.6916,-103.885],"timestamp":629629248286},{"currentFrameRate":55.3228,"devices":[],"gestures":[],"hands":[{"armBasis":[[0.485403,0.825601,-0.287692],[-0.448759,0.517678,0.72844],[0.750333,-0.224482,0.621778]],"armWidth":68.8427,"confidence":1,"direction":[-0.531526,0.333603,-0.778582],"elbow":[141.926,182.785,225.323],"grabAngle":0.840311,"grabStrength":0,"id":61,"palmNormal":[0.53822,-0.576749,-0.614557],"palmPosition":[-111.237,260.937,-6.34826],"palmVelocity":[411.117,73.7121,-108.512],"palmWidth":92.9048,"pinchDistance":13.1323,"pinchStrength":1,"r":[[0.895476,-0.0176443,0.44476],[-0.0630521,0.98411,0.16599],[-0.440621,-0.176683,0.880134]],"s":1.34653,"sphereCenter":[-151.047,204.382,-40.7014],"sphereRadius":82.4943,"stabilizedPalmPosition":[-114.857,260.285,-5.24741],"t":[78.5079,29.7006,-105.598],"timeVisible":1.55454,"type":"right","wrist":[-64.9273,244.671,53.9098]}],"id":24734,"interactionBox":{"center":[0,200,0],"size":[235.247,235.247,147.751]},"pointables":[{"bases":[[[0.722894,0.654148,-0.222521],[-0.511187,0.722993,0.464724],[0.464879,-0.222196,0.857039]],[[0.612358,0.685789,-0.393333],[-0.600143,0.727101,0.333395],[0.514631,0.0318993,0.856818]],[[0.612358,0.685789,-0.393333],[-0.696063,0.703584,0.14306],[0.374852,0.18618,0.908198]],[[0.612358,0.685789,-0.393333],[-0.745864,0.666098,0.000169987],[0.262115,0.293269,0.919396]]],"btipPosition":[-169.791,257.353,-107.925],"carpPosition":[-96.1351,253.913,37.8419],"dipPosition":[-164.847,262.884,-90.5835],"direction":[-0.374852,-0.18618,-0.908198],"extended":true,"handId":61,"id":612,"length":67.2543,"mcpPosition":[-129.251,269.742,-23.2103],"pipPosition":[-154.149,268.198,-64.6621],"stabilizedTipPosition":[-171.066,257.982,-103.041],"timeVisible":1.55454,"tipPosition":[-166.29,257.973,-104.332],"tipVelocity":[468.364,126.692,-165.792],"tool":false,"touchDistance":0.331666,"touchZone":"hovering","type":2,"width":21.0194},{"bases":[[[0.81989,0.557944,-0.128371],[-0.443153,0.76043,0.474722],[0.362485,-0.332332,0.870724]],[[0.719534,0.617584,-0.317587],[-0.466454,0.768597,0.437812],[0.514482,-0.166881,0.841106]],[[0.719534,0.617584,-0.317587],[-0.520103,0.782269,0.342852],[0.460178,-0.0815152,0.884077]],[[0.719534,0.617584,-0.317587],[-0.570519,0.78643,0.23672],[0.395954,0.0108613,0.918206]]],"btipPosition":[-154.447,293.731,-100.436],"carpPosition":[-87.9713,262.929,34.7737],"dipPosition":[-147.022,293.935,-83.2168],"direction":[-0.460178,0.0815152,-0.884077],"extended":true,"handId":61,"id":613,"length":64.6668,"mcpPosition":[-111.155,284.184,-20.9163],"pipPosition":[-134.227,291.668,-58.6356],"stabilizedTipPosition":[-154.109,293.295,-96.0927],"timeVisible":1.55454,"tipPosition":[-151.236,292.18,-96.9964],"tipVelocity":[447.779,181.87,-113.387],"tool":false,"touchDistance":0.310993,"touchZone":"hovering","type":3,"width":20.0013},{"bases":[[[0.918209,0.382364,-0.103393],[-0.276458,0.805585,0.524026],[0.28366,-0.452581,0.845403]],[[0.869901,0.441528,-0.21983],[-0.294948,0.8229,0.485635],[0.395319,-0.357616,0.846069]],[[0.869901,0.441528,-0.21983],[-0.320191,0.844543,0.429214],[0.375166,-0.302986,0.876042]],[[0.869901,0.441528,-0.21983],[-0.362492,0.874556,0.322103],[0.334471,-0.200511,0.920828]]],"btipPosition":[-118.634,315.683,-82.8056],"carpPosition":[-74.658,266.779,30.4024],"dipPosition":[-112.847,312.214,-66.8748],"direction":[-0.375166,0.302986,-0.876042],"extended":true,"handId":61,"id":614,"length":50.6976,"mcpPosition":[-91.4522,293.574,-19.6501],"pipPosition":[-105.482,306.266,-49.6771],"stabilizedTipPosition":[-117.534,314.78,-79.1072],"timeVisible":1.55454,"tipPosition":[-116.29,309.169,-80.7119],"tipVelocity":[460.131,216.398,-59.7054],"tool":false,"touchDistance":0.286951,"touchZone":"hovering","type":4,"width":17.7668},{"bases":[[[-0.321922,0.881025,0.346643],[-0.559651,-0.472399,0.680904],[0.763647,0.0251992,0.645142]],[[-0.638272,0.769753,0.00943071],[-0.752019,-0.626091,0.206102],[0.164552,0.124457,0.978485]],[[-0.638272,0.769753,0.00943071],[-0.736713,-0.614336,0.282569],[0.223302,0.173408,0.959201]],[[-0.638272,0.769753,0.00943071],[-0.768853,-0.636818,-0.0576913],[-0.0384025,-0.0440736,0.99829]]],"btipPosition":[-105.587,210.417,-68.2045],"carpPosition":[-90.4604,221.66,37.9425],"dipPosition":[-106.489,209.382,-44.7545],"direction":[-0.223302,-0.173408,-0.959201],"extended":true,"handId":61,"id":610,"length":52.3092,"mcpPosition":[-90.4604,221.66,37.9425],"pipPosition":[-98.8474,215.316,-11.929],"stabilizedTipPosition":[-107.386,210.137,-62.4129],"timeVisible":1.55454,"tipPosition":[-106.989,211.749,-62.6668],"tipVelocity":[481.878,15.6611,-106.526],"tool":false,"touchDistance":0.260213,"touchZone":"hovering","type":0,"width":22.4056},{"bases":[[[0.555535,0.791127,-0.255927],[-0.626283,0.600579,0.497065],[0.546947,-0.115854,0.829112]],[[0.426015,0.797626,-0.42697],[-0.900342,0.420125,-0.11349],[0.088858,0.432767,0.897116]],[[0.426015,0.797626,-0.42697],[-0.566052,-0.13316,-0.813544],[-0.70576,0.588269,0.394769]],[[0.426015,0.797626,-0.42697],[-0.0435005,-0.453333,-0.890279],[-0.90367,0.397846,-0.15843]]],"btipPosition":[-113.926,211.907,-67.1665],"carpPosition":[-101.627,242.96,40.6596],"dipPosition":[-129.422,218.73,-69.8833],"direction":[0.70576,-0.588269,-0.394769],"extended":false,"handId":61,"id":611,"length":59.0251,"mcpPosition":[-142.712,251.663,-21.6215],"pipPosition":[-146.544,233.001,-60.3063],"stabilizedTipPosition":[-118.876,213.301,-67.3557],"timeVisible":1.55454,"tipPosition":[-119.651,214.535,-69.3341],"tipVelocity":[516.274,73.9438,-155.563],"tool":false,"touchDistance":0.250452,"touchZone":"hovering","type":1,"width":21.4018}],"r":[[0.895476,-0.0176443,0.44476],[-0.0630521,0.98411,0.16599],[-0.440621,-0.176683,0.880134]],"s":1.34653,"t":[78.5079,29.7006,-105.598],"timestamp":629629266415},{"currentFrameRate":55.3132,"devices":[],"gestures":[],"hands":[{"armBasis":[[0.483965,0.833862,-0.265428],[-0.47361,0.504643,0.721823],[0.735847,-0.223628,0.639155]],"armWidth":68.8427,"confidence":1,"direction":[-0.51293,0.339414,-0.78848],"elbow":[145.777,184.031,229.283],"grabAngle":0.802263,"grabStrength":0,"id":61,"palmNormal":[0.559839,-0.564039,-0.606992],"palmPosition":[-101.879,262.324,-8.21221],"palmVelocity":[516.664,76.5856,-102.912],"palmWidth":92.9048,"pinchDistance":13.2496,"pinchStrength":1,"r":[[0.889819,-0.0167434,0.456006],[-0.0682539,0.983201,0.169287],[-0.45118,-0.181759,0.873728]],"s":1.36402,"sphereCenter":[-139.315,210.718,-44.4194],"sphereRadius":79.4702,"stabilizedPalmPosition":[-102.445,262.235,-8.08311],"t":[86.2929,30.8986,-107.386],"timeVisible":1.57265,"type":"right","wrist":[-57.0828,245.681,53.08]}],"id":24735,"interactionBox":{"center":[0,200,0],"size":[235.247,235.247,147.751]},"pointables":[{"bases":[[[0.722968,0.663065,-0.194068],[-0.529998,0.712475,0.459872],[0.443193,-0.229617,0.866519]],[[0.617319,0.695969,-0.366804],[-0.609657,0.71789,0.336083],[0.497228,0.0161543,0.86747]],[[0.617319,0.695969,-0.366804],[-0.6949,0.700965,0.160508],[0.368825,0.155807,0.916347]],[[0.617319,0.695969,-0.366804],[-0.74043,0.671547,0.0280644],[0.265858,0.254268,0.929875]]],"btipPosition":[-159.099,261.175,-111.107],"carpPosition":[-87.9306,254.843,36.2809],"dipPosition":[-154.084,265.971,-93.5677],"direction":[-0.368825,-0.155807,-0.916347],"extended":true,"handId":61,"id":612,"length":67.2543,"mcpPosition":[-119.502,271.2,-25.4467],"pipPosition":[-143.557,270.418,-67.4137],"stabilizedTipPosition":[-158.924,261.958,-106.772],"timeVisible":1.57265,"tipPosition":[-154.659,260.449,-107.624],"tipVelocity":[591.267,201.71,-173.168],"tool":false,"touchDistance":0.306376,"touchZone":"hovering","type":2,"width":21.0194},{"bases":[[[0.81819,0.566439,-0.0985482],[-0.462592,0.750344,0.47222],[0.341429,-0.340778,0.875955]],[[0.725724,0.626429,-0.28445],[-0.474853,0.755262,0.451768],[0.497835,-0.192787,0.845573]],[[0.725724,0.626429,-0.28445],[-0.51885,0.769852,0.371649],[0.451796,-0.122128,0.883722]],[[0.725724,0.626429,-0.28445],[-0.566431,0.778708,0.269758],[0.390488,-0.0346489,0.919956]]],"btipPosition":[-143.812,298.453,-102.212],"carpPosition":[-79.7649,263.967,33.5554],"dipPosition":[-136.489,297.803,-84.9601],"direction":[-0.451796,0.122128,-0.883722],"extended":true,"handId":61,"id":613,"length":64.6668,"mcpPosition":[-101.602,285.762,-22.4691],"pipPosition":[-123.927,294.408,-60.3887],"stabilizedTipPosition":[-142.562,298.122,-98.1662],"timeVisible":1.57265,"tipPosition":[-140.033,295.019,-99.3176],"tipVelocity":[585.891,249.882,-97.6455],"tool":false,"touchDistance":0.30895,"touchZone":"hovering","type":3,"width":20.0013},{"bases":[[[0.917319,0.391374,-0.0731642],[-0.297708,0.796238,0.526664],[0.264379,-0.461337,0.846919]],[[0.877758,0.44523,-0.176949],[-0.303933,0.802964,0.512711],[0.370358,-0.396256,0.840129]],[[0.877758,0.44523,-0.176949],[-0.323346,0.823047,0.466948],[0.353537,-0.352652,0.8664]],[[0.877758,0.44523,-0.176949],[-0.362672,0.858803,0.361838],[0.313065,-0.253432,0.915294]]],"btipPosition":[-107.524,320.669,-83.2001],"carpPosition":[-66.3712,267.985,29.6018],"dipPosition":[-102.108,316.285,-67.365],"direction":[-0.353537,0.352652,-0.8664],"extended":true,"handId":61,"id":614,"length":50.6976,"mcpPosition":[-82.0238,295.299,-20.5404],"pipPosition":[-95.1678,309.362,-50.3566],"stabilizedTipPosition":[-106.386,319.614,-79.5537],"timeVisible":1.57265,"tipPosition":[-105.466,312.754,-81.6677],"tipVelocity":[608.658,263.699,-22.9968],"tool":false,"touchDistance":0.310027,"touchZone":"hovering","type":4,"width":17.7668},{"bases":[[[-0.338962,0.873634,0.349096],[-0.573913,-0.486037,0.659084],[0.745472,0.0230537,0.666139]],[[-0.649806,0.760081,-0.00531763],[-0.746113,-0.636497,0.195417],[0.145148,0.130951,0.980706]],[[-0.649806,0.760081,-0.00531763],[-0.732088,-0.623962,0.273348],[0.204448,0.181516,0.961901]],[[-0.649806,0.760081,-0.00531763],[-0.758304,-0.648736,-0.0641661],[-0.0522212,-0.0376632,0.997925]]],"btipPosition":[-95.1471,210.638,-70.226],"carpPosition":[-81.9793,222.64,36.118],"dipPosition":[-96.3738,209.753,-46.7846],"direction":[-0.204448,-0.181516,-0.961901],"extended":true,"handId":61,"id":610,"length":52.3092,"mcpPosition":[-81.9793,222.64,36.118],"pipPosition":[-89.3772,215.965,-13.8666],"stabilizedTipPosition":[-95.8303,210.425,-64.7532],"timeVisible":1.57265,"tipPosition":[-95.6325,213.467,-65.0022],"tipVelocity":[572.29,14.1042,-111.719],"tool":false,"touchDistance":0.275793,"touchZone":"hovering","type":0,"width":22.4056},{"bases":[[[0.555395,0.799068,-0.230273],[-0.644862,0.588684,0.487447],[0.525062,-0.122231,0.842241]],[[0.430943,0.806777,-0.404226],[-0.900663,0.412169,-0.13756],[0.0556297,0.423352,0.904256]],[[0.430943,0.806777,-0.404226],[-0.554264,-0.116843,-0.824099],[-0.712096,0.579187,0.396815]],[[0.430943,0.806777,-0.404226],[-0.0372686,-0.431661,-0.901266],[-0.901609,0.403459,-0.155954]]],"btipPosition":[-102.505,213.764,-70.4081],"carpPosition":[-93.4014,243.808,38.8042],"dipPosition":[-117.966,220.683,-73.0825],"direction":[0.712096,-0.579187,-0.396814],"extended":false,"handId":61,"id":611,"length":59.0251,"mcpPosition":[-132.843,252.99,-24.4631],"pipPosition":[-135.242,234.734,-63.4558],"stabilizedTipPosition":[-106.718,215.25,-70.8351],"timeVisible":1.57265,"tipPosition":[-108.072,216.633,-71.961],"tipVelocity":[631.005,103.744,-178.436],"tool":false,"touchDistance":0.266886,"touchZone":"hovering","type":1,"width":21.4018}],"r":[[0.889819,-0.0167434,0.456006],[-0.0682539,0.983201,0.169287],[-0.45118,-0.181759,0.873728]],"s":1.36402,"t":[86.2929,30.8986,-107.386],"timestamp":629629284527},{"currentFrameRate":55.3232,"devices":[],"gestures":[],"hands":[{"armBasis":[[0.468524,0.854378,-0.224775],[-0.514325,0.470654,0.716907],[0.7183,-0.220281,0.65994]],"armWidth":68.8427,"confidence":1,"direction":[-0.478775,0.329136,-0.813907],"elbow":[150.132,185.709,235.139],"grabAngle":0.75596,"grabStrength":0,"id":61,"palmNormal":[0.611883,-0.539717,-0.578192],"palmPosition":[-89.8462,262.302,-10.2216],"palmVelocity":[666.994,-1.19556,-111.382],"palmWidth":92.9048,"pinchDistance":14.6015,"pinchStrength":1,"r":[[0.879952,-0.0108648,0.474938],[-0.0809475,0.981689,0.172434],[-0.468115,-0.190179,0.86296]],"s":1.38323,"sphereCenter":[-124.091,215.014,-48.1426],"sphereRadius":76.7553,"stabilizedPalmPosition":[-90.2581,262.3,-10.1517],"t":[96.2019,31.4869,-109.285],"timeVisible":1.59069,"type":"right","wrist":[-47.8906,246.436,53.2055]}],"id":24736,"interactionBox":{"center":[0,200,0],"size":[235.247,235.247,147.751]},"pointables":[{"bases":[[[0.710009,0.688431,-0.148158],[-0.578808,0.690359,0.434035],[0.401085,-0.222414,0.88863]],[[0.611138,0.719624,-0.329622],[-0.640955,0.694273,0.327356],[0.464422,0.011213,0.885543]],[[0.611138,0.719624,-0.329622],[-0.714483,0.680754,0.161517],[0.340624,0.1368,0.930194]],[[0.611138,0.719624,-0.329622],[-0.753008,0.656911,0.0380338],[0.243902,0.224965,0.943346]]],"btipPosition":[-143.548,262.049,-115.549],"carpPosition":[-78.1856,254.896,34.9374],"dipPosition":[-138.947,266.293,-97.7558],"direction":[-0.340624,-0.1368,-0.930194],"extended":true,"handId":61,"id":612,"length":67.2543,"mcpPosition":[-106.757,270.74,-28.3651],"pipPosition":[-129.226,270.197,-71.2066],"stabilizedTipPosition":[-143.567,262.955,-111.149],"timeVisible":1.59069,"tipPosition":[-137.801,260.144,-112.303],"tipVelocity":[856.686,41.3983,-242.987],"tool":false,"touchDistance":0.305583,"touchZone":"hovering","type":2,"width":21.0194},{"bases":[[[0.802892,0.594183,-0.0480692],[-0.513521,0.730338,0.450447],[0.302755,-0.336976,0.891508]],[[0.720543,0.652079,-0.235819],[-0.51031,0.728924,0.456347],[0.469469,-0.208477,0.857984]],[[0.720543,0.652079,-0.235819],[-0.546893,0.743497,0.384865],[0.426293,-0.148344,0.892339]],[[0.720543,0.652079,-0.235819],[-0.589796,0.755181,0.286081],[0.364633,-0.0670487,0.928734]]],"btipPosition":[-129.299,300.593,-104.98],"carpPosition":[-70.1913,264.31,32.7428],"dipPosition":[-122.461,299.336,-87.5637],"direction":[-0.426293,0.148344,-0.892339],"extended":true,"handId":61,"id":613,"length":64.6668,"mcpPosition":[-89.555,285.862,-24.2765],"pipPosition":[-110.608,295.211,-62.7527],"stabilizedTipPosition":[-128.153,300.241,-100.894],"timeVisible":1.59069,"tipPosition":[-124.591,295.586,-102.718],"tipVelocity":[798.273,110.881,-151.339],"tool":false,"touchDistance":0.31178,"touchZone":"hovering","type":3,"width":20.0013},{"bases":[[[0.906274,0.422293,-0.0183255],[-0.353612,0.781205,0.514468],[0.231572,-0.459769,0.857314]],[[0.873826,0.472125,-0.116297],[-0.34715,0.773233,0.530659],[0.340462,-0.423331,0.839569]],[[0.873826,0.472125,-0.116297],[-0.362363,0.791791,0.491691],[0.324223,-0.387511,0.862968]],[[0.873826,0.472125,-0.116297],[-0.397208,0.831064,0.389305],[0.280451,-0.293991,0.913738]]],"btipPosition":[-93.7491,323.745,-83.7204],"carpPosition":[-56.7389,268.806,29.5827],"dipPosition":[-88.8971,318.658,-67.9123],"direction":[-0.324223,0.387511,-0.862969],"extended":true,"handId":61,"id":614,"length":50.6976,"mcpPosition":[-70.4492,296.027,-21.1749],"pipPosition":[-82.5322,311.051,-50.9712],"stabilizedTipPosition":[-92.7181,322.556,-80.0813],"timeVisible":1.59069,"tipPosition":[-91.2501,314.758,-82.8671],"tipVelocity":[756.363,161.51,-29.184],"tool":false,"touchDistance":0.322838,"touchZone":"hovering","type":4,"width":17.7668},{"bases":[[[-0.387366,0.858755,0.33539],[-0.593478,-0.510667,0.622096],[0.705501,0.0419326,0.707468]],[[-0.673798,0.737988,-0.037001],[-0.730873,-0.658261,0.180324],[0.108721,0.148545,0.982911]],[[-0.673798,0.737988,-0.037001],[-0.71994,-0.644396,0.257759],[0.16638,0.200316,0.9655]],[[-0.673798,0.737988,-0.037001],[-0.734293,-0.674335,-0.078011],[-0.0825222,-0.0253941,0.996266]]],"btipPosition":[-80.4494,209.081,-71.6524],"carpPosition":[-71.1528,222.911,34.8882],"dipPosition":[-82.3879,208.485,-48.25],"direction":[-0.16638,-0.200316,-0.9655],"extended":true,"handId":61,"id":610,"length":52.3092,"mcpPosition":[-71.1528,222.911,34.8882],"pipPosition":[-76.6941,215.34,-15.2089],"stabilizedTipPosition":[-81.2373,208.978,-66.2351],"timeVisible":1.59069,"tipPosition":[-79.1644,213.197,-66.785],"tipVelocity":[805.607,-82.6331,-79.5624],"tool":false,"touchDistance":0.309376,"touchZone":"hovering","type":0,"width":22.4056},{"bases":[[[0.540258,0.819102,-0.192857],[-0.690807,0.562578,0.454193],[0.480528,-0.112154,0.869778]],[[0.424276,0.824055,-0.375396],[-0.905494,0.389939,-0.167418],[0.00841962,0.410951,0.911619]],[[0.424276,0.824055,-0.375396],[-0.541153,-0.101652,-0.834758],[-0.726046,0.557315,0.402812]],[[0.424276,0.824055,-0.375396],[-0.0111188,-0.409786,-0.912114],[-0.905465,0.391162,-0.1647]]],"btipPosition":[-86.733,214.139,-74.524],"carpPosition":[-83.4152,243.663,37.0698],"dipPosition":[-102.261,220.847,-77.3484],"direction":[0.726046,-0.557315,-0.402812],"extended":false,"handId":61,"id":611,"length":59.0251,"mcpPosition":[-119.511,252.088,-28.2661],"pipPosition":[-119.874,234.367,-67.5763],"stabilizedTipPosition":[-91.0549,215.662,-74.9752],"timeVisible":1.59069,"tipPosition":[-90.8123,216.825,-74.6191],"tipVelocity":[873.383,18.0668,-230.057],"t