{"frames":53,"data":[{"currentFrameRate":55.3095,"devices":[],"gestures":[],"hands":[{"armBasis":[[-0.258941,-0.803314,-0.536317],[0.962242,-0.166309,-0.215478],[0.0839023,-0.571863,0.816047]],"armWidth":55.2734,"confidence":1,"direction":[0.380051,0.246571,-0.891495],"elbow":[66.1561,31.9436,254.844],"grabAngle":1.13412,"grabStrength":0.0986825,"id":112,"palmNormal":[-0.894551,0.343105,-0.286457],"palmPosition":[65.4139,191.07,9.04543],"palmVelocity":[-24.0456,26.3147,-35.6281],"palmWidth":78.1236,"pinchDistance":67.6239,"pinchStrength":0,"r":[[0.73501,-0.572214,-0.363775],[0.602093,0.797523,-0.0379612],[0.311841,-0.191125,0.930713]],"s":0.94592,"sphereCenter":[12.7848,201.107,-32.4769],"sphereRadius":68.7102,"stabilizedPalmPosition":[65.5363,193.032,11.3883],"t":[-82.0721,59.9743,-38.8633],"timeVisible":10.3942,"type":"right","wrist":[46.7058,164.513,65.6673]}],"id":41564,"interactionBox":{"center":[0,200,0],"size":[235.247,235.247,147.751]},"pointables":[{"bases":[[[0.779609,-0.623483,-0.0589729],[0.441058,0.479761,0.758484],[-0.444609,-0.617331,0.649018]],[[0.896377,-0.277337,-0.345821],[0.443291,0.562311,0.698069],[0.00085864,-0.779032,0.626983]],[[0.896377,-0.277337,-0.345821],[0.437387,0.68023,0.5882],[0.0721083,-0.678507,0.731047]],[[0.896377,-0.277337,-0.345821],[0.41534,0.798074,0.436544],[0.154921,-0.534941,0.830564]]],"btipPosition":[40.6149,261.323,-7.57276],"carpPosition":[45.9179,197.075,57.6979],"dipPosition":[43.7531,250.487,9.25189],"direction":[-0.0721083,0.678507,-0.731047],"extended":true,"handId":112,"id":1120,"length":45.1091,"mcpPosition":[45.9179,197.075,57.6979],"pipPosition":[45.8811,230.463,30.826],"stabilizedTipPosition":[43.4975,262.928,0.740299],"timeVisible":10.3942,"tipPosition":[46.7365,260.484,-1.70432],"tipVelocity":[-89.8085,-14.7546,-62.2648],"tool":false,"touchDistance":-0.342457,"touchZone":"touching","type":0,"width":17.6444},{"bases":[[[-0.168093,-0.85209,-0.495669],[0.94609,-0.280677,0.161662],[-0.276874,-0.441773,0.853333]],[[-0.187282,-0.88124,-0.433984],[0.944324,-0.283183,0.167512],[-0.270515,-0.378449,0.885211]],[[-0.187282,-0.88124,-0.433984],[0.966398,-0.0861024,-0.242202],[0.176071,-0.464761,0.867754]],[[-0.187282,-0.88124,-0.433984],[0.803121,0.117026,-0.584211],[0.565617,-0.457953,0.685825]]],"btipPosition":[78.2991,245.777,-63.2294],"carpPosition":[62.7987,187.304,51.8862],"dipPosition":[86.6637,239.005,-53.0872],"direction":[-0.176071,0.464761,-0.867754],"extended":true,"handId":112,"id":1121,"length":50.9006,"mcpPosition":[80.2878,215.209,-2.01587],"pipPosition":[90.3472,229.282,-34.9333],"stabilizedTipPosition":[80.647,245.334,-59.0092],"timeVisible":10.3942,"tipPosition":[76.5833,244.473,-59.6521],"tipVelocity":[-33.4537,35.5755,-33.4392],"tool":false,"touchDistance":-0.313338,"touchZone":"touching","type":1,"width":16.8539},{"bases":[[[-0.36276,-0.843524,-0.396072],[0.897743,-0.430323,0.0942316],[-0.249926,-0.321387,0.913371]],[[-0.375907,-0.859863,-0.34544],[0.911348,-0.41053,0.0301563],[-0.167744,-0.30348,0.937956]],[[-0.375907,-0.859863,-0.34544],[0.880046,-0.214525,-0.423672],[0.290195,-0.463265,0.837361]],[[-0.375907,-0.859863,-0.34544],[0.664766,0.00947955,-0.746992],[0.645586,-0.510436,0.568044]]],"btipPosition":[66.8896,229.823,-77.1869],"carpPosition":[62.5635,178.205,46.507],"dipPosition":[77.3903,221.521,-67.9474],"direction":[-0.290195,0.463265,-0.837361],"extended":true,"handId":112,"id":1122,"length":57.9972,"mcpPosition":[77.5347,197.457,-8.20624],"pipPosition":[84.5329,210.118,-47.3375],"stabilizedTipPosition":[70.4541,228.878,-74.1276],"timeVisible":10.3942,"tipPosition":[68.127,227.947,-74.5753],"tipVelocity":[-50.9266,39.135,-18.9437],"tool":false,"touchDistance":-0.302851,"touchZone":"touching","type":2,"width":16.5528},{"bases":[[[-0.462221,-0.846769,-0.263314],[0.861107,-0.499515,0.0947615],[-0.21177,-0.182941,0.960045]],[[-0.470712,-0.853708,-0.222737],[0.882284,-0.45603,-0.116666],[-0.00197569,-0.251433,0.967873]],[[-0.470712,-0.853708,-0.222737],[0.737839,-0.242476,-0.62992],[0.483759,-0.460855,0.744036]],[[-0.470712,-0.853708,-0.222737],[0.467409,-0.0271758,-0.883623],[0.748304,-0.520042,0.411823]]],"btipPosition":[47.3911,208.268,-71.7841],"carpPosition":[59.6259,169.245,41.7792],"dipPosition":[59.4926,199.858,-65.1242],"direction":[-0.483759,0.460855,-0.744036],"extended":true,"handId":112,"id":1123,"length":55.7658,"mcpPosition":[71.0155,179.084,-9.8543],"pipPosition":[71.0919,188.808,-47.2841],"stabilizedTipPosition":[49.6384,208.362,-68.4441],"timeVisible":10.3942,"tipPosition":[45.9579,207.607,-66.8762],"tipVelocity":[-17.7086,17.0035,-27.5091],"tool":false,"touchDistance":-0.310956,"touchZone":"touching","type":3,"width":15.751},{"bases":[[[-0.619508,-0.767999,-0.162443],[0.756617,-0.639325,0.137096],[-0.209143,-0.0379749,0.977147]],[[-0.644663,-0.764435,-0.00700022],[0.740541,-0.622187,-0.253934],[0.189761,-0.168886,0.967196]],[[-0.644663,-0.764435,-0.00700022],[0.500494,-0.415119,-0.759724],[0.577854,-0.49327,0.650207]],[[-0.644663,-0.764435,-0.00700022],[0.238278,-0.192227,-0.951983],[0.726384,-0.615376,0.306069]]],"btipPosition":[34.7068,186.295,-55.6722],"carpPosition":[50.7217,161.704,38.1507],"dipPosition":[45.5439,177.114,-51.1059],"direction":[-0.577854,0.49327,-0.650207],"extended":false,"handId":112,"id":1124,"length":43.7194,"mcpPosition":[61.134,163.595,-10.4974],"pipPosition":[55.3264,168.763,-40.0985],"stabilizedTipPosition":[35.2346,186.982,-51.9217],"timeVisible":10.3942,"tipPosition":[34.7806,186.693,-50.1972],"tipVelocity":[15.0288,0.554655,-41.8456],"tool":false,"touchDistance":-0.321318,"touchZone":"touching","type":4,"width":13.9913}],"r":[[0.73501,-0.572214,-0.363775],[0.602093,0.797523,-0.0379612],[0.311841,-0.191125,0.930713]],"s":0.94592,"t":[-82.0721,59.9743,-38.8633],"timestamp":629951981105},{"currentFrameRate":55.3246,"devices":[],"gestures":[],"hands":[{"armBasis":[[-0.232264,-0.809131,-0.539779],[0.967872,-0.13731,-0.210642],[0.0963196,-0.571361,0.815027]],"armWidth":55.2734,"confidence":1,"direction":[0.384195,0.250347,-0.888662],"elbow":[68.6438,33.0646,253.889],"grabAngle":1.1439,"grabStrength":0.0975255,"id":112,"palmNormal":[-0.900141,0.315584,-0.300254],"palmPosition":[64.923,192.251,8.38782],"palmVelocity":[-27.2406,65.5471,-36.4875],"palmWidth":78.1236,"pinchDistance":67.5097,"pinchStrength":0,"r":[[0.743131,-0.564999,-0.358515],[0.593642,0.803905,-0.0364057],[0.308781,-0.185775,0.932814]],"s":0.942666,"sphereCenter":[12.8663,201.286,-33.4933],"sphereRadius":68.349,"stabilizedPalmPosition":[65.5157,193.005,11.2873],"t":[-82.4777,60.6714,-39.4492],"timeVisible":10.4122,"type":"right","wrist":[46.3149,165.518,64.9492]}],"id":41565,"interactionBox":{"center":[0,200,0],"size":[235.247,235.247,147.751]},"pointables":[{"bases":[[[0.797476,-0.601721,-0.0443199],[0.417826,0.497775,0.760028],[-0.435263,-0.624622,0.648378]],[[0.90796,-0.258339,-0.329954],[0.418969,0.5758,0.702083],[0.00861214,-0.775703,0.631039]],[[0.90796,-0.258339,-0.329954],[0.412201,0.692421,0.592151],[0.0754915,-0.673657,0.735178]],[[0.90796,-0.258339,-0.329954],[0.389779,0.809769,0.438573],[0.153886,-0.526816,0.835933]]],"btipPosition":[38.94,261.875,-8.92975],"carpPosition":[44.6542,198.077,56.7455],"dipPosition":[42.0573,251.203,8.00366],"direction":[-0.0754915,0.673657,-0.735178],"extended":true,"handId":112,"id":1120,"length":45.1091,"mcpPosition":[44.6542,198.077,56.7455],"pipPosition":[44.2851,231.323,29.6997],"stabilizedTipPosition":[43.1413,262.603,0.204633],"timeVisible":10.4122,"tipPosition":[44.2559,260.965,-3.22108],"tipVelocity":[-93.1973,32.7101,-73.9041],"tool":false,"touchDistance":-0.356524,"touchZone":"touching","type":0,"width":17.6444},{"bases":[[[-0.137858,-0.86025,-0.490881],[0.951478,-0.252686,0.175611],[-0.275109,-0.442853,0.853344]],[[-0.156464,-0.888687,-0.430993],[0.948664,-0.256661,0.184829],[-0.274875,-0.379948,0.883223]],[[-0.156464,-0.888687,-0.430993],[0.972341,-0.0619793,-0.225191],[0.173412,-0.454306,0.873804]],[[-0.156464,-0.888687,-0.430993],[0.809707,0.134471,-0.57122],[0.565592,-0.438353,0.698536]]],"btipPosition":[77.4815,246.83,-64.1353],"carpPosition":[61.8744,188.741,51.2217],"dipPosition":[85.8457,240.347,-53.8051],"direction":[-0.173412,0.454306,-0.873804],"extended":true,"handId":112,"id":1121,"length":50.9006,"mcpPosition":[79.2521,216.714,-2.68111],"pipPosition":[89.4735,230.843,-35.5246],"stabilizedTipPosition":[80.5688,245.334,-59.1826],"timeVisible":10.4122,"tipPosition":[75.5332,245.419,-60.6142],"tipVelocity":[-45.3706,62.0909,-47.8648],"tool":false,"touchDistance":-0.323278,"touchZone":"touching","type":1,"width":16.8539},{"bases":[[[-0.333929,-0.856407,-0.393775],[0.908203,-0.404145,0.108786],[-0.252308,-0.321301,0.912747]],[[-0.346263,-0.871561,-0.347107],[0.923483,-0.381806,0.0374513],[-0.165169,-0.307579,0.937078]],[[-0.346263,-0.871561,-0.347107],[0.885782,-0.181862,-0.426985],[0.309018,-0.45531,0.834986]],[[-0.346263,-0.871561,-0.347107],[0.658454,0.0377626,-0.751673],[0.668236,-0.48883,0.560807]]],"btipPosition":[65.4921,230.835,-77.5307],"carpPosition":[61.9624,179.598,45.9129],"dipPosition":[76.3612,222.884,-68.409],"direction":[-0.309018,0.45531,-0.834986],"extended":true,"handId":112,"id":1122,"length":57.9972,"mcpPosition":[77.0763,198.845,-8.76291],"pipPosition":[83.9671,211.677,-47.8575],"stabilizedTipPosition":[70.1184,228.896,-74.3056],"timeVisible":10.4122,"tipPosition":[67.6779,228.581,-75.4816],"tipVelocity":[-72.8381,60.6188,-20.5806],"tool":false,"touchDistance":-0.306463,"touchZone":"touching","type":2,"width":16.5528},{"bases":[[[-0.434926,-0.861435,-0.262238],[0.873518,-0.474335,0.109416],[-0.218643,-0.181482,0.95878]],[[-0.443083,-0.867829,-0.224835],[0.896467,-0.430286,-0.105835],[-0.00489658,-0.248451,0.968632]],[[-0.443083,-0.867829,-0.224835],[0.747331,-0.219039,-0.627311],[0.495151,-0.445977,0.745608]],[[-0.443083,-0.867829,-0.224835],[0.470612,-0.0117035,-0.882263],[0.763022,-0.496726,0.413596]]],"btipPosition":[47.0739,208.618,-72.3701],"carpPosition":[59.3372,170.523,41.2209],"dipPosition":[59.4134,200.585,-65.6815],"direction":[-0.495151,0.445977,-0.745607],"extended":true,"handId":112,"id":1123,"length":55.7658,"mcpPosition":[71.0964,180.284,-10.3446],"pipPosition":[71.2858,189.892,-47.8038],"stabilizedTipPosition":[49.6425,208.338,-68.4801],"timeVisible":10.4122,"tipPosition":[46.1217,207.619,-68.0121],"tipVelocity":[-14.5644,24.2576,-32.1477],"tool":false,"touchDistance":-0.316885,"touchZone":"touching","type":3,"width":15.751},{"bases":[[[-0.595621,-0.786355,-0.163957],[0.772466,-0.616703,0.15157],[-0.2203,-0.036373,0.974754]],[[-0.622185,-0.782747,-0.0138907],[0.762481,-0.601863,-0.237453],[0.177505,-0.158331,0.9713]],[[-0.622185,-0.782747,-0.0138907],[0.523416,-0.402725,-0.750899],[0.582169,-0.474469,0.660272]],[[-0.622185,-0.782747,-0.0138907],[0.254242,-0.185245,-0.949234],[0.740437,-0.594131,0.314264]]],"btipPosition":[35.3274,186.26,-56.5792],"carpPosition":[50.6945,162.707,37.5428],"dipPosition":[46.3742,177.396,-51.8906],"direction":[-0.582169,0.474469,-0.660272],"extended":false,"handId":112,"id":1124,"length":43.7194,"mcpPosition":[61.6623,164.518,-10.9862],"pipPosition":[56.2298,169.363,-40.7128],"stabilizedTipPosition":[35.2555,186.96,-51.9501],"timeVisible":10.4122,"tipPosition":[35.2117,186.528,-51.2533],"tipVelocity":[37.1137,2.09191,-48.7612],"tool":false,"touchDistance":-0.330702,"touchZone":"touching","type":4,"width":13.9913}],"r":[[0.743131,-0.564999,-0.358515],[0.593642,0.803905,-0.0364057],[0.308781,-0.185775,0.932814]],"s":0.942666,"t":[-82.4777,60.6714,-39.4492],"timestamp":629951999128},{"currentFrameRate":55.3116,"devices":[],"gestures":[],"hands":[{"armBasis":[[-0.168698,-0.818065,-0.549827],[0.97918,-0.0751923,-0.188556],[0.112908,-0.570189,0.813718]],"armWidth":55.2734,"confidence":1,"direction":[0.38929,0.267784,-0.881331],"elbow":[71.8728,34.5538,252.806],"grabAngle":1.15912,"grabStrength":0.0953793,"id":112,"palmNormal":[-0.910808,0.254643,-0.324939],"palmPosition":[63.9507,194.31,7.89665],"palmVelocity":[-53.6434,113.584,-27.1009],"palmWidth":78.1236,"pinchDistance":67.1965,"pinchStrength":0,"r":[[0.758414,-0.55007,-0.349615],[0.576528,0.816378,-0.0338035],[0.304012,-0.175926,0.936283]],"s":0.939344,"sphereCenter":[12.2478,201.217,-34.715],"sphereRadius":68.2011,"stabilizedPalmPosition":[65.3363,193.155,10.8987],"t":[-83.1667,62.0493,-39.9878],"timeVisible":10.4304,"type":"right","wrist":[45.6983,166.735,64.1692]}],"id":41566,"interactionBox":{"center":[0,200,0],"size":[235.247,235.247,147.751]},"pointables":[{"bases":[[[0.83532,-0.549422,-0.0193761],[0.365988,0.529443,0.765338],[-0.410235,-0.646394,0.643337]],[[0.930618,-0.20982,-0.299877],[0.364914,0.59479,0.716284],[0.0280733,-0.776016,0.630088]],[[0.930618,-0.20982,-0.299877],[0.355874,0.710092,0.607555],[0.0854634,-0.67212,0.735494]],[[0.930618,-0.20982,-0.299877],[0.333092,0.825071,0.456406],[0.151657,-0.524626,0.837716]]],"btipPosition":[35.357,262.908,-9.98828],"carpPosition":[42.1544,199.187,55.6916],"dipPosition":[38.4291,252.281,6.98124],"direction":[-0.0854634,0.672119,-0.735494],"extended":true,"handId":112,"id":1120,"length":45.1091,"mcpPosition":[42.1544,199.187,55.6916],"pipPosition":[40.9513,232.446,28.6866],"stabilizedTipPosition":[41.0486,261.971,-1.65512],"timeVisible":10.4304,"tipPosition":[38.8828,261.356,-4.97274],"tipVelocity":[-198.267,57.5885,-57.9464],"tool":false,"touchDistance":-0.364959,"touchZone":"touching","type":0,"width":17.6444},{"bases":[[[-0.0700981,-0.871066,-0.486137],[0.961081,-0.189523,0.201007],[-0.267225,-0.453127,0.850451]],[[-0.0874759,-0.898914,-0.429305],[0.958345,-0.193562,0.210022],[-0.271889,-0.39305,0.878401]],[[-0.0874759,-0.898914,-0.429305],[0.979932,-0.000162797,-0.199332],[0.179112,-0.438126,0.880888]],[[-0.0874759,-0.898914,-0.429305],[0.81735,0.181591,-0.546776],[0.569462,-0.398722,0.718842]]],"btipPosition":[74.892,249.238,-64.7691],"carpPosition":[60.0705,190.937,50.6743],"dipPosition":[83.3134,243.341,-54.1386],"direction":[-0.179112,0.438126,-0.880888],"extended":true,"handId":112,"id":1121,"length":50.9006,"mcpPosition":[76.9501,219.56,-3.04575],"pipPosition":[87.0606,234.176,-35.7099],"stabilizedTipPosition":[79.4787,246.077,-60.0982],"timeVisible":10.4304,"tipPosition":[72.8955,247.527,-61.3291],"tipVelocity":[-142.148,140.311,-31.1595],"tool":false,"touchDistance":-0.327754,"touchZone":"touching","type":1,"width":16.8539},{"bases":[[[-0.268364,-0.87912,-0.393865],[0.929294,-0.343961,0.134549],[-0.253759,-0.329909,0.909267]],[[-0.279607,-0.89319,-0.352182],[0.947526,-0.315912,0.0489371],[-0.154968,-0.320018,0.934651]],[[-0.279607,-0.89319,-0.352182],[0.896663,-0.11179,-0.428368],[0.343243,-0.435563,0.832147]],[[-0.279607,-0.89319,-0.352182],[0.649911,0.0939222,-0.754184],[0.706708,-0.439762,0.554233]]],"btipPosition":[62.6001,232.766,-77.5035],"carpPosition":[60.8772,181.779,45.4537],"dipPosition":[74.0949,225.613,-68.4887],"direction":[-0.343243,0.435563,-0.832147],"extended":true,"handId":112,"id":1122,"length":57.9972,"mcpPosition":[76.078,201.542,-9.01367],"pipPosition":[82.5432,214.893,-48.007],"stabilizedTipPosition":[68.0617,229.835,-74.78],"timeVisible":10.4304,"tipPosition":[66.3209,230.21,-76.1283],"tipVelocity":[-151.627,116.695,0.146204],"tool":false,"touchDistance":-0.304111,"touchZone":"touching","type":2,"width":16.5528},{"bases":[[[-0.372067,-0.889639,-0.264781],[0.899183,-0.416233,0.134982],[-0.230295,-0.187864,0.954815]],[[-0.379955,-0.89571,-0.230951],[0.924988,-0.369413,-0.0890557],[-0.00554833,-0.247465,0.968881]],[[-0.379955,-0.89571,-0.230951],[0.765831,-0.164581,-0.621623],[0.518784,-0.413059,0.748496]],[[-0.379955,-0.89571,-0.230951],[0.475219,0.0251887,-0.879507],[0.7936,-0.443926,0.416087]]],"btipPosition":[46.2849,209.275,-72.7138],"carpPosition":[58.9575,172.518,40.7832],"dipPosition":[59.1189,202.096,-65.9849],"direction":[-0.518784,0.413059,-0.748496],"extended":true,"handId":112,"id":1123,"length":55.7658,"mcpPosition":[71.3434,182.622,-10.5691],"pipPosition":[71.558,192.192,-48.0379],"stabilizedTipPosition":[49.629,208.314,-68.5696],"timeVisible":10.4304,"tipPosition":[46.318,207.835,-69.2178],"tipVelocity":[-37.2579,47.0945,-18.4508],"tool":false,"touchDistance":-0.318546,"touchZone":"touching","type":3,"width":15.751},{"bases":[[[-0.539643,-0.824318,-0.17113],[0.806465,-0.564488,0.175977],[-0.241662,-0.0430458,0.969405]],[[-0.569043,-0.821818,-0.0283773],[0.806746,-0.551259,-0.21278],[0.159223,-0.143974,0.976688]],[[-0.569043,-0.821818,-0.0283773],[0.567687,-0.367643,-0.736594],[0.594914,-0.435263,0.67574]],[[-0.569043,-0.821818,-0.0283773],[0.285867,-0.165347,-0.943896],[0.771019,-0.545229,0.32902]]],"btipPosition":[36.5126,186.186,-57.5344],"carpPosition":[50.9286,164.134,36.9682],"dipPosition":[48.0156,178.052,-52.6256],"direction":[-0.594914,0.435263,-0.67574],"extended":false,"handId":112,"id":1124,"length":43.7194,"mcpPosition":[62.9599,166.277,-11.2944],"pipPosition":[58.0869,170.683,-41.186],"stabilizedTipPosition":[35.3296,186.91,-52.0347],"timeVisible":10.4304,"tipPosition":[36.2195,186.191,-52.4741],"tipVelocity":[71.1793,5.19663,-49.9093],"tool":false,"touchDistance":-0.339533,"touchZone":"touching","type":4,"width":13.9913}],"r":[[0.758414,-0.55007,-0.349615],[0.576528,0.816378,-0.0338035],[0.304012,-0.175926,0.936283]],"s":0.939344,"t":[-83.1667,62.0493,-39.9878],"timestamp":629952017252},{"currentFrameRate":55.3416,"devices":[],"gestures":[],"hands":[{"armBasis":[[-0.0634731,-0.8228,-0.564775],[0.988692,0.0251997,-0.147828],[0.135865,-0.567772,0.811896]],"armWidth":55.2734,"confidence":1,"direction":[0.394392,0.307824,-0.865852],"elbow":[76.3938,37.3452,251.305],"grabAngle":1.17472,"grabStrength":0.101932,"id":112,"palmNormal":[-0.918521,0.1606,-0.361286],"palmPosition":[62.4685,198.473,7.58149],"palmVelocity":[-82.5033,231.766,-17.5418],"palmWidth":78.1236,"pinchDistance":66.8492,"pinchStrength":0,"r":[[0.783909,-0.522013,-0.336139],[0.545799,0.837458,-0.0276881],[0.295956,-0.16176,0.941405]],"s":0.936466,"sphereCenter":[12.8606,202.087,-36.2364],"sphereRadius":67.2274,"stabilizedPalmPosition":[64.0741,195.496,9.43866],"t":[-84.2523,64.8202,-40.4146],"timeVisible":10.4483,"type":"right","wrist":[44.8974,168.966,63.091]}],"id":41567,"interactionBox":{"center":[0,200,0],"size":[235.247,235.247,147.751]},"pointables":[{"bases":[[[0.887304,-0.460943,0.0149255],[0.279266,0.562773,0.778008],[-0.367017,-0.686162,0.628077]],[[0.959058,-0.123742,-0.254745],[0.275907,0.611169,0.741854],[0.0638937,-0.781767,0.620288]],[[0.959058,-0.123742,-0.254745],[0.261338,0.733293,0.627681],[0.109132,-0.668557,0.735609]],[[0.959058,-0.123742,-0.254745],[0.234751,0.850521,0.470644],[0.158428,-0.511176,0.844748]]],"btipPosition":[29.2447,264.598,-10.9399],"carpPosition":[38.413,201.007,54.4658],"dipPosition":[32.4539,254.243,6.17206],"direction":[-0.109132,0.668557,-0.735609],"extended":true,"handId":112,"id":1120,"length":45.1091,"mcpPosition":[38.413,201.007,54.4658],"pipPosition":[35.6746,234.513,27.8809],"stabilizedTipPosition":[33.2938,262.143,-5.4037],"timeVisible":10.4483,"tipPosition":[31.0646,262.579,-6.48442],"tipVelocity":[-338.461,97.5133,-51.1453],"tool":false,"touchDistance":-0.370579,"touchZone":"touching","type":0,"width":17.6444},{"bases":[[[0.0387709,-0.872794,-0.486547],[0.966726,-0.0904516,0.239291],[-0.252861,-0.479635,0.840245]],[[0.023743,-0.899641,-0.435984],[0.961808,-0.0984005,0.255426],[-0.272692,-0.425397,0.862946]],[[0.023743,-0.899641,-0.435984],[0.98268,0.101175,-0.155256],[0.183786,-0.424746,0.886461]],[[0.023743,-0.899641,-0.435984],[0.823992,0.264562,-0.501043],[0.566103,-0.347351,0.747579]]],"btipPosition":[71.1601,254.783,-64.5859],"carpPosition":[57.2641,194.645,50.1797],"dipPosition":[79.5319,249.646,-53.5304],"direction":[-0.183786,0.424746,-0.886461],"extended":true,"handId":112,"id":1121,"length":50.9006,"mcpPosition":[73.2364,224.942,-2.89561],"pipPosition":[83.3768,240.761,-34.9851],"stabilizedTipPosition":[74.468,251.975,-61.6226],"timeVisible":10.4483,"tipPosition":[68.8411,252.501,-61.3869],"tipVelocity":[-208.356,318.383,15.6417],"tool":false,"touchDistance":-0.319097,"touchZone":"touching","type":1,"width":16.8539},{"bases":[[[-0.161123,-0.901276,-0.40217],[0.953577,-0.247214,0.171979],[-0.254422,-0.355791,0.899268]],[[-0.171341,-0.915006,-0.365249],[0.972848,-0.215683,0.0839488],[-0.155592,-0.340948,0.927117]],[[-0.171341,-0.915006,-0.365249],[0.912876,-0.00801565,-0.408157],[0.370539,-0.403361,0.836661]],[[-0.171341,-0.915006,-0.365249],[0.649581,0.173815,-0.740157],[0.740734,-0.364078,0.564589]]],"btipPosition":[59.7738,237.014,-77.3074],"carpPosition":[59.2104,185.627,45.016],"dipPosition":[71.8221,231.092,-68.1241],"direction":[-0.370539,0.403361,-0.836661],"extended":true,"handId":112,"id":1122,"length":57.9972,"mcpPosition":[74.451,206.94,-8.85237],"pipPosition":[80.9422,221.164,-47.5314],"stabilizedTipPosition":[63.2246,234.935,-75.1441],"timeVisible":10.4483,"tipPosition":[64.3576,234.642,-76.2954],"tipVelocity":[-150.227,252.195,13.0721],"tool":false,"touchDistance":-0.29851,"touchZone":"touching","type":2,"width":16.5528},{"bases":[[[-0.26823,-0.922592,-0.277265],[0.931032,-0.32219,0.171385],[-0.247451,-0.212172,0.945384]],[[-0.275824,-0.928766,-0.24762],[0.961144,-0.269482,-0.059852],[-0.0111406,-0.254507,0.967007]],[[-0.275824,-0.928766,-0.24762],[0.789192,-0.0717561,-0.60994],[0.548723,-0.363656,0.752767]],[[-0.275824,-0.928766,-0.24762],[0.482851,0.0888708,-0.871181],[0.83113,-0.359856,0.423943]]],"btipPosition":[45.5771,212.019,-72.8524],"carpPosition":[58.4356,176.227,40.2943],"dipPosition":[59.018,206.2,-65.9965],"direction":[-0.548723,0.363656,-0.752767],"extended":true,"handId":112,"id":1123,"length":55.7658,"mcpPosition":[71.7441,187.638,-10.5508],"pipPosition":[72.1749,197.48,-47.9471],"stabilizedTipPosition":[49.4464,208.764,-69.084],"timeVisible":10.4483,"tipPosition":[46.7701,210.293,-70.2846],"tipVelocity":[-31.6265,170.128,-6.09142],"tool":false,"touchDistance":-0.316666,"touchZone":"touching","type":3,"width":15.751},{"bases":[[[-0.445189,-0.874946,-0.190464],[0.852435,-0.479235,0.209019],[-0.274157,-0.0693056,0.959184]],[[-0.477866,-0.876352,-0.0604204],[0.868452,-0.460979,-0.182456],[0.132043,-0.139662,0.981356]],[[-0.477866,-0.876352,-0.0604204],[0.623291,-0.289799,-0.726309],[0.618993,-0.384738,0.684707]],[[-0.477866,-0.876352,-0.0604204],[0.322659,-0.111136,-0.939968],[0.817028,-0.468674,0.335871]]],"btipPosition":[38.4044,188.301,-58.2068],"carpPosition":[51.4649,167.071,36.1838],"dipPosition":[50.5939,181.309,-53.1958],"direction":[-0.618993,0.384738,-0.684707],"extended":false,"handId":112,"id":1124,"length":43.7194,"mcpPosition":[65.114,170.521,-11.5699],"pipPosition":[61.0728,174.795,-41.6044],"stabilizedTipPosition":[36.0241,186.884,-52.6277],"timeVisible":10.4483,"tipPosition":[38.2909,187.613,-53.9937],"tipVelocity":[114.09,132.332,-36.1183],"tool":false,"touchDistance":-0.343647,"touchZone":"touching","type":4,"width":13.9913}],"r":[[0.783909,-0.522013,-0.336139],[0.545799,0.837458,-0.0276881],[0.295956,-0.16176,0.941405]],"s":0.936466,"t":[-84.2523,64.8202,-40.4146],"timestamp":629952035218},{"currentFrameRate":55.3309,"devices":[],"gestures":[],"hands":[{"armBasis":[[0.0515283,-0.811023,-0.582741],[0.985385,0.136157,-0.102363],[0.162363,-0.568949,0.806185]],"armWidth":55.2734,"confidence":1,"direction":[0.386364,0.354837,-0.85136],"elbow":[82.4534,41.8729,249.288],"grabAngle":1.16987,"grabStrength":0.0833971,"id":112,"palmNormal":[-0.917652,0.0548784,-0.393577],"palmPosition":[60.89,205.497,7.64724],"palmVelocity":[-87.1622,387.831,3.63059],"palmWidth":78.1236,"pinchDistance":65.9861,"pinchStrength":0,"r":[[0.816997,-0.480017,-0.31953],[0.500838,0.865325,-0.0193631],[0.285792,-0.144213,0.947378]],"s":0.93281,"sphereCenter":[12.6771,204.258,-37.65],"sphereRadius":67.1502,"stabilizedPalmPosition":[61.5423,203.448,8.01424],"t":[-85.5843,69.7174,-40.5952],"timeVisible":10.4664,"type":"right","wrist":[44.8143,173.767,62.3977]}],"id":41568,"interactionBox":{"center":[0,200,0],"size":[235.247,235.247,147.751]},"pointables":[{"bases":[[[0.933562,-0.355409,0.0463384],[0.18481,0.588105,0.787387],[-0.307096,-0.726511,0.614715]],[[0.976958,-0.0228979,-0.212202],[0.178879,0.630208,0.755539],[0.116431,-0.776088,0.619783]],[[0.976958,-0.0228979,-0.212202],[0.154397,0.762269,0.628576],[0.147362,-0.646855,0.74824]],[[0.976958,-0.0228979,-0.212202],[0.122819,0.873433,0.471201],[0.174554,-0.486406,0.856119]]],"btipPosition":[22.1944,267.249,-12.3365],"carpPosition":[35.0693,205.044,53.6506],"dipPosition":[25.7303,257.396,5.00579],"direction":[-0.147362,0.646855,-0.74824],"extended":true,"handId":112,"id":1120,"length":45.1091,"mcpPosition":[35.0693,205.044,53.6506],"pipPosition":[30.0792,238.307,27.0873],"stabilizedTipPosition":[25.2088,264.375,-7.71778],"timeVisible":10.4664,"tipPosition":[22.8167,265.553,-7.58838],"tipVelocity":[-385.155,152.795,-74.1929],"tool":false,"touchDistance":-0.382009,"touchZone":"touching","type":0,"width":17.6444},{"bases":[[[0.156486,-0.860489,-0.484841],[0.961685,0.0208639,0.273362],[-0.225109,-0.509042,0.830784]],[[0.143624,-0.887666,-0.437517],[0.955775,0.0097671,0.293936],[-0.256644,-0.460384,0.849812]],[[0.143624,-0.887666,-0.437517],[0.972249,0.209062,-0.104999],[0.184672,-0.410295,0.893059]],[[0.143624,-0.887666,-0.437517],[0.825614,0.351234,-0.441584],[0.54565,-0.297798,0.783315]]],"btipPosition":[66.4987,263.182,-64.3114],"carpPosition":[54.6684,200.92,50.0347],"dipPosition":[74.5679,258.778,-52.7274],"direction":[-0.184672,0.410295,-0.893059],"extended":true,"handId":112,"id":1121,"length":50.9006,"mcpPosition":[68.8878,233.074,-2.44303],"pipPosition":[78.4314,250.194,-34.0441],"stabilizedTipPosition":[69.231,260.707,-61.6436],"timeVisible":10.4664,"tipPosition":[63.6934,260.298,-61.0898],"tipVelocity":[-261.239,473.059,21.8678],"tool":false,"touchDistance":-0.30958,"touchZone":"touching","type":1,"width":16.8539},{"bases":[[[-0.0416177,-0.912215,-0.407592],[0.96912,-0.136093,0.205632],[-0.243051,-0.386447,0.88971]],[[-0.050048,-0.925107,-0.376393],[0.988166,-0.100578,0.11581],[-0.144993,-0.366142,0.919193]],[[-0.050048,-0.925107,-0.376393],[0.920116,0.103863,-0.377622],[0.388434,-0.365224,0.846008]],[[-0.050048,-0.925107,-0.376393],[0.650691,0.255703,-0.714995],[0.757692,-0.280699,0.589162]]],"btipPosition":[56.5483,244.188,-77.1067],"carpPosition":[57.8245,192.209,44.9434],"dipPosition":[68.8724,239.622,-67.5238],"direction":[-0.388434,0.365224,-0.846008],"extended":true,"handId":112,"id":1122,"length":57.9972,"mcpPosition":[72.3838,215.358,-8.35247],"pipPosition":[78.4329,230.633,-46.7009],"stabilizedTipPosition":[59.5709,242.736,-74.9144],"timeVisible":10.4664,"tipPosition":[61.4705,242.016,-76.0759],"tipVelocity":[-174.607,413.363,16.1584],"tool":false,"touchDistance":-0.292603,"touchZone":"touching","type":2,"width":16.5528},{"bases":[[[-0.149868,-0.946269,-0.286555],[0.955429,-0.213169,0.204243],[-0.254354,-0.243173,0.93604]],[[-0.156272,-0.952134,-0.262717],[0.98766,-0.153419,-0.0314734],[-0.0103389,-0.264394,0.964359]],[[-0.156272,-0.952134,-0.262717],[0.807886,0.0298077,-0.588584],[0.568242,-0.304225,0.764558]],[[-0.156272,-0.952134,-0.262717],[0.491945,0.155617,-0.856606],[0.856487,-0.263106,0.444079]]],"btipPosition":[44.9117,217.653,-72.9526],"carpPosition":[58.308,182.801,40.1975],"dipPosition":[58.7627,213.399,-65.771],"direction":[-0.568242,0.304225,-0.764558],"extended":true,"handId":112,"id":1123,"length":55.7658,"mcpPosition":[71.9878,195.879,-10.145],"pipPosition":[72.3876,206.104,-47.4389],"stabilizedTipPosition":[48.461,214.543,-70.7034],"timeVisible":10.4664,"tipPosition":[46.7386,215.779,-70.7506],"tipVelocity":[-31.5352,330.979,-1.39642],"tool":false,"touchDistance":-0.313712,"touchZone":"touching","type":3,"width":15.751},{"bases":[[[-0.33409,-0.919738,-0.206074],[0.894237,-0.378394,0.239076],[-0.297865,-0.104406,0.948882]],[[-0.367853,-0.925608,-0.089079],[0.924176,-0.353315,-0.145149],[0.102878,-0.135718,0.985392]],[[-0.367853,-0.925608,-0.089079],[0.681084,-0.20297,-0.703511],[0.633095,-0.319459,0.705079]],[[-0.367853,-0.925608,-0.089079],[0.364287,-0.0553066,-0.929643],[0.855558,-0.374422,0.357531]]],"btipPosition":[40.7902,193.263,-58.826],"carpPosition":[52.5913,172.917,35.8432],"dipPosition":[53.5544,187.677,-53.4919],"direction":[-0.633095,0.319459,-0.705079],"extended":false,"handId":112,"id":1124,"length":43.7194,"mcpPosition":[67.4207,178.115,-11.3976],"pipPosition":[64.2721,182.269,-41.5556],"stabilizedTipPosition":[40.1117,189.588,-55.2662],"timeVisible":10.4664,"tipPosition":[40.4202,192.16,-54.8368],"tipVelocity":[139.036,291.871,-30.0884],"tool":false,"touchDistance":-0.345789,"touchZone":"touching","type":4,"width":13.9913}],"r":[[0.816997,-0.480017,-0.31953],[0.500838,0.865325,-0.0193631],[0.285792,-0.144213,0.947378]],"s":0.93281,"t":[-85.5843,69.7174,-40.5952],"timestamp":629952053328},{"currentFrameRate":55.3217,"devices":[],"gestures":[],"hands":[{"armBasis":[[0.20296,-0.778851,-0.593463],[0.960811,0.275271,-0.0326709],[0.188809,-0.563575,0.804198]],"armWidth":55.2734,"confidence":1,"direction":[0.362411,0.41867,-0.832691],"elbow":[89.314,49.8556,246.203],"grabAngle":1.15468,"grabStrength":0.101805,"id":112,"palmNormal":[-0.898594,-0.0801589,-0.431397],"palmPosition":[59.0746,215.042,6.00101],"palmVelocity":[-100.251,527.095,-90.9117],"palmWidth":78.1236,"pinchDistance":66.3516,"pinchStrength":0,"r":[[0.85724,-0.418935,-0.299388],[0.436687,0.899574,-0.00840832],[0.272844,-0.123531,0.954094]],"s":0.927502,"sphereCenter":[13.6397,207.778,-41.0337],"sphereRadius":66.9306,"stabilizedPalmPosition":[59.4345,213.351,6.2946],"t":[-87.158,76.9384,-41.5086],"timeVisible":10.4845,"type":"right","wrist":[45.5441,180.504,59.7729]}],"id":41569,"interactionBox":{"center":[0,200,0],"size":[235.247,235.247,147.751]},"pointables":[{"bases":[[[0.973982,-0.210614,0.0836702],[0.0613537,0.600468,0.797292],[-0.218162,-0.771414,0.597767]],[[0.979345,0.117974,-0.164214],[0.0488764,0.649934,0.758417],[0.196202,-0.750778,0.630744]],[[0.979345,0.117974,-0.164214],[0.0092374,0.78519,0.619186],[0.201987,-0.607914,0.767882]],[[0.979345,0.117974,-0.164214],[-0.0314888,0.89122,0.452476],[0.199731,-0.437959,0.876527]]],"btipPosition":[13.3559,269.165,-16.5702],"carpPosition":[31.7718,210.176,50.8797],"dipPosition":[17.4018,260.294,1.18547],"direction":[-0.201987,0.607914,-0.767882],"extended":true,"handId":112,"id":1120,"length":45.1091,"mcpPosition":[31.7718,210.176,50.8797],"pipPosition":[23.3627,242.353,23.8467],"stabilizedTipPosition":[16.5164,266.563,-11.5129],"timeVisible":10.4845,"tipPosition":[13.1423,268.616,-10.7549],"tipVelocity":[-481.621,118.264,-228.553],"tool":false,"touchDistance":-0.434221,"touchZone":"touching","type":0,"width":17.6444},{"bases":[[[0.304698,-0.821457,-0.482046],[0.935488,0.163026,0.313502],[-0.178943,-0.546472,0.818137]],[[0.296899,-0.843723,-0.447194],[0.930244,0.149803,0.334969],[-0.21563,-0.515452,0.829345]],[[0.296899,-0.843723,-0.447194],[0.929038,0.363493,-0.0690018],[0.22077,-0.394974,0.891771]],[[0.296899,-0.843723,-0.447194],[0.776062,0.486068,-0.401827],[0.556398,-0.227748,0.799095]]],"btipPosition":[58.375,274.421,-64.9247],"carpPosition":[51.9003,209.104,48.0679],"dipPosition":[66.6032,271.053,-53.1074],"direction":[-0.22077,0.394974,-0.891771],"extended":true,"handId":112,"id":1121,"length":50.9006,"mcpPosition":[63.2035,243.622,-3.61098],"pipPosition":[71.2219,262.79,-34.451],"stabilizedTipPosition":[61.1138,272.425,-62.1535],"timeVisible":10.4845,"tipPosition":[56.5594,270.588,-62.2857],"tipVelocity":[-446.603,633.834,-30.9041],"tool":false,"touchDistance":-0.31535,"touchZone":"touching","type":1,"width":16.8539},{"bases":[[[0.113749,-0.90341,-0.413415],[0.969378,0.00976512,0.24538],[-0.217641,-0.428667,0.876856]],[[0.108826,-0.91282,-0.393595],[0.984769,0.0449885,0.167945],[-0.135597,-0.405877,0.903813]],[[0.108826,-0.91282,-0.393595],[0.92002,0.242436,-0.307876],[0.376457,-0.32861,0.866196]],[[0.108826,-0.91282,-0.393595],[0.671061,0.359572,-0.648371],[0.733371,-0.193566,0.651689]]],"btipPosition":[54.0448,254.875,-79.0814],"carpPosition":[56.5447,201.027,43.0709],"dipPosition":[65.9733,251.726,-68.4815],"direction":[-0.376457,0.32861,-0.866196],"extended":true,"handId":112,"id":1122,"length":57.9972,"mcpPosition":[69.582,226.705,-9.45501],"pipPosition":[75.239,243.638,-47.1618],"stabilizedTipPosition":[56.8864,253.748,-76.5825],"timeVisible":10.4845,"tipPosition":[57.4295,252.399,-77.3492],"tipVelocity":[-143.278,608.173,-96.1375],"tool":false,"touchDistance":-0.317789,"touchZone":"touching","type":2,"width":16.5528},{"bases":[[[0.00707946,-0.954794,-0.297186],[0.967596,-0.0684743,0.243043],[-0.252406,-0.289276,0.923369]],[[0.00392922,-0.958329,-0.28564],[0.999811,-0.00166836,0.0193507],[-0.0190208,-0.285662,0.958142]],[[0.00392922,-0.958329,-0.28564],[0.827384,0.16354,-0.537299],[0.561623,-0.234223,0.793549]],[[0.00392922,-0.958329,-0.28564],[0.508278,0.247906,-0.82474],[0.861184,-0.141944,0.488071]]],"btipPosition":[45.5587,226.371,-75.3311],"carpPosition":[58.6413,191.854,38.3037],"dipPosition":[59.4857,224.076,-67.4381],"direction":[-0.561623,0.234223,-0.793549],"extended":true,"handId":112,"id":1123,"length":55.7658,"mcpPosition":[72.2163,207.412,-11.3574],"pipPosition":[72.9519,218.459,-48.4109],"stabilizedTipPosition":[48.7039,223.666,-72.974],"timeVisible":10.4845,"tipPosition":[46.8753,224.077,-72.9165],"tipVelocity":[36.6959,506.308,-122.314],"tool":false,"touchDistance":-0.343897,"touchZone":"touching","type":3,"width":15.751},{"bases":[[[-0.182154,-0.95733,-0.224363],[0.930791,-0.241432,0.274478],[-0.316934,-0.158838,0.935052]],[[-0.213855,-0.968604,-0.126777],[0.974081,-0.20165,-0.102491],[0.0737086,-0.145409,0.986622]],[[-0.213855,-0.968604,-0.126777],[0.736423,-0.0745853,-0.672398],[0.641831,-0.237157,0.729252]],[[-0.213855,-0.968604,-0.126777],[0.407547,0.0294796,-0.912708],[0.88779,-0.246855,0.388447]]],"btipPosition":[44.0829,201.325,-61.2232],"carpPosition":[54.6706,181.269,33.6656],"dipPosition":[57.328,197.642,-55.4279],"direction":[-0.641831,0.237157,-0.729252],"extended":false,"handId":112,"id":1124,"length":43.7194,"mcpPosition":[70.4495,189.177,-12.8867],"pipPosition":[68.1936,193.627,-43.0823],"stabilizedTipPosition":[44.7471,196.781,-58.3206],"timeVisible":10.4845,"tipPosition":[43.5965,199.509,-57.47],"tipVelocity":[187.945,469.378,-126.526],"tool":false,"touchDistance":-0.37391,"touchZone":"touching","type":4,"width":13.9913}],"r":[[0.85724,-0.418935,-0.299388],[0.436687,0.899574,-0.00840832],[0.272844,-0.123531,0.954094]],"s":0.927502,"t":[-87.158,76.9384,-41.5086],"timestamp":629952071436},{"currentFrameRate":55.3201,"devices":[],"gestures":[],"hands":[{"armBasis":[[0.343901,-0.726453,-0.594977],[0.91332,0.405965,0.0322323],[0.218124,-0.554489,0.803096]],"armWidth":55.2734,"confidence":1,"direction":[0.318133,0.468107,-0.824419],"elbow":[96.8288,58.4407,243.148],"grabAngle":1.14808,"grabStrength":0.115271,"id":112,"palmNormal":[-0.86295,-0.217101,-0.456272],"palmPosition":[56.2066,223.34,3.56762],"palmVelocity":[-158.613,458.95,-134.575],"palmWidth":78.1236,"pinchDistance":63.6096,"pinchStrength":0,"r":[[0.89829,-0.34094,-0.277191],[0.354997,0.934867,0.000564889],[0.258944,-0.0989094,0.960815]],"s":0.919514,"sphereCenter":[14.8271,210.638,-43.8071],"sphereRadius":65.4514,"stabilizedPalmPosition":[56.5848,222.17,3.88712],"t":[-89.3789,84.6982,-43.182],"timeVisible":10.5026,"type":"right","wrist":[46.2631,186.983,56.9737]}],"id":41570,"interactionBox":{"center":[0,200,0],"size":[235.247,235.247,147.751]},"pointables":[{"bases":[[[0.991892,-0.0591648,0.112474],[-0.0541676,0.603782,0.795307],[-0.114964,-0.794951,0.595681]],[[0.956922,0.258914,-0.131388],[-0.0813315,0.673446,0.734748],[0.27872,-0.692411,0.665494]],[[0.956922,0.258914,-0.131388],[-0.13887,0.805554,0.57602],[0.25498,-0.53296,0.806808]],[[0.956922,0.258914,-0.131388],[-0.189303,0.899487,0.393811],[0.220145,-0.351974,0.909753]]],"btipPosition":[4.75131,266.949,-23.0812],"carpPosition":[28.6812,214.414,47.68],"dipPosition":[9.21077,259.819,-4.6524],"direction":[-0.25498,0.53296,-0.806808],"extended":true,"handId":112,"id":1120,"length":45.1091,"mcpPosition":[28.6812,214.414,47.68],"pipPosition":[16.7356,244.09,19.1576],"stabilizedTipPosition":[8.58589,265.637,-16.9255],"timeVisible":10.5026,"tipPosition":[3.6856,268.422,-15.6341],"tipVelocity":[-470.605,-100.435,-351.517],"tool":false,"touchDistance":-0.514474,"touchZone":"touching","type":0,"width":17.6444},{"bases":[[[0.440408,-0.765832,-0.468554],[0.890147,0.304487,0.339006],[-0.116953,-0.566383,0.815802]],[[0.437898,-0.77737,-0.451599],[0.8877,0.294393,0.354009],[-0.142249,-0.555904,0.818985]],[[0.437898,-0.77737,-0.451599],[0.856097,0.513929,-0.054538],[0.274486,-0.36273,0.890553]],[[0.437898,-0.77737,-0.451599],[0.700862,0.609787,-0.370071],[0.563061,-0.154455,0.811854]]],"btipPosition":[47.4181,282.749,-67.1762],"carpPosition":[48.8101,216.428,45.4468],"dipPosition":[55.7448,280.465,-55.1702],"direction":[-0.274486,0.36273,-0.890553],"extended":true,"handId":112,"id":1121,"length":50.9006,"mcpPosition":[56.1976,252.204,-6.08459],"pipPosition":[61.4872,272.876,-36.5393],"stabilizedTipPosition":[50.1245,281.565,-64.2629],"timeVisible":10.5026,"tipPosition":[47.4047,278.169,-65.0157],"tipVelocity":[-604.706,474.346,-122.119],"tool":false,"touchDistance":-0.34527,"touchZone":"touching","type":1,"width":16.8539},{"bases":[[[0.262314,-0.875922,-0.404909],[0.949005,0.158122,0.272739],[-0.174874,-0.455804,0.872732]],[[0.260992,-0.879324,-0.398337],[0.959009,0.188993,0.211147],[-0.110383,-0.437116,0.892606]],[[0.260992,-0.879324,-0.398337],[0.891307,0.377982,-0.250404],[0.37075,-0.289687,0.882398]],[[0.260992,-0.879324,-0.398337],[0.652666,0.46477,-0.598345],[0.711274,-0.103818,0.695206]]],"btipPosition":[49.1623,263.509,-81.915],"carpPosition":[54.7762,209.15,40.6293],"dipPosition":[60.7314,261.82,-70.6072],"direction":[-0.37075,0.289687,-0.882398],"extended":true,"handId":112,"id":1122,"length":57.9972,"mcpPosition":[65.2515,236.454,-11.6495],"pipPosition":[69.8567,254.69,-48.8888],"stabilizedTipPosition":[51.9897,262.812,-79.2244],"timeVisible":10.5026,"tipPosition":[51.3548,260.319,-79.9162],"tipVelocity":[-274.589,496.058,-147.702],"tool":false,"touchDistance":-0.354405,"touchZone":"touching","type":2,"width":16.5528},{"bases":[[[0.161429,-0.942862,-0.291466],[0.959263,0.0805267,0.270795],[-0.231852,-0.323307,0.917451]],[[0.160847,-0.94367,-0.289163],[0.986932,0.150921,0.0564579],[-0.00963677,-0.294466,0.955613]],[[0.160847,-0.94367,-0.289163],[0.810499,0.293479,-0.506914],[0.563223,-0.152831,0.812049]],[[0.160847,-0.94367,-0.289163],[0.4848,0.330739,-0.80968],[0.859708,-0.00995151,0.510689]]],"btipPosition":[43.8208,233.001,-78.0527],"carpPosition":[58.3863,200.399,35.9754],"dipPosition":[57.7239,232.84,-69.7939],"direction":[-0.563223,0.152831,-0.812049],"extended":true,"handId":112,"id":1123,"length":55.7658,"mcpPosition":[70.8558,217.788,-13.3673],"pipPosition":[71.2285,229.175,-50.3231],"stabilizedTipPosition":[47.2991,231.416,-75.6238],"timeVisible":10.5026,"tipPosition":[45.1488,230.431,-75.7346],"tipVelocity":[-96.4143,393.802,-145.859],"tool":false,"touchDistance":-0.377402,"touchZone":"touching","type":3,"width":15.751},{"bases":[[[-0.0272218,-0.974202,-0.224032],[0.948416,-0.0959849,0.302149],[-0.315858,-0.204251,0.926561]],[[-0.0567366,-0.989068,-0.136111],[0.996069,-0.0467869,-0.0752189],[0.0680284,-0.139843,0.987834]],[[-0.0567366,-0.989068,-0.136111],[0.750849,0.0475834,-0.658757],[0.658032,-0.139574,0.739941]],[[-0.0567366,-0.989068,-0.136111],[0.408127,0.101443,-0.907271],[0.91116,-0.107026,0.39791]]],"btipPosition":[45.1244,207.734,-63.5389],"carpPosition":[56.2148,189.326,31.2864],"dipPosition":[58.7182,206.138,-57.6024],"direction":[-0.658032,0.139574,-0.739941],"extended":false,"handId":112,"id":1124,"length":43.7194,"mcpPosition