{"frames":212,"data":[{"currentFrameRate":115.266,"devices":[],"gestures":[],"hands":[],"id":179210,"interactionBox":{"center":[0,200,0],"size":[235.247,235.247,147.751]},"pointables":[],"r":[[0.647517,-0.54672,0.530866],[0.125757,-0.610414,-0.782036],[0.751603,0.573142,-0.3265]],"s":1.0605,"t":[142.629,-352.929,152.978],"timestamp":483147894059},{"currentFrameRate":115.276,"devices":[],"gestures":[],"hands":[],"id":179211,"interactionBox":{"center":[0,200,0],"size":[235.247,235.247,147.751]},"pointables":[],"r":[[0.647517,-0.54672,0.530866],[0.125757,-0.610414,-0.782036],[0.751603,0.573142,-0.3265]],"s":1.0605,"t":[142.629,-352.929,152.978],"timestamp":483147902717},{"currentFrameRate":115.265,"devices":[],"gestures":[],"hands":[],"id":179212,"interactionBox":{"center":[0,200,0],"size":[235.247,235.247,147.751]},"pointables":[],"r":[[0.647517,-0.54672,0.530866],[0.125757,-0.610414,-0.782036],[0.751603,0.573142,-0.3265]],"s":1.0605,"t":[142.629,-352.929,152.978],"timestamp":483147911412},{"currentFrameRate":115.255,"devices":[],"gestures":[],"hands":[],"id":179213,"interactionBox":{"center":[0,200,0],"size":[235.247,235.247,147.751]},"pointables":[],"r":[[0.647517,-0.54672,0.530866],[0.125757,-0.610414,-0.782036],[0.751603,0.573142,-0.3265]],"s":1.0605,"t":[142.629,-352.929,152.978],"timestamp":483147920105},{"currentFrameRate":115.292,"devices":[],"gestures":[],"hands":[],"id":179214,"interactionBox":{"center":[0,200,0],"size":[235.247,235.247,147.751]},"pointables":[],"r":[[0.647517,-0.54672,0.530866],[0.125757,-0.610414,-0.782036],[0.751603,0.573142,-0.3265]],"s":1.0605,"t":[142.629,-352.929,152.978],"timestamp":483147928715},{"currentFrameRate":115.265,"devices":[],"gestures":[],"hands":[],"id":179215,"interactionBox":{"center":[0,200,0],"size":[235.247,235.247,147.751]},"pointables":[],"r":[[0.647517,-0.54672,0.530866],[0.125757,-0.610414,-0.782036],[0.751603,0.573142,-0.3265]],"s":1.0605,"t":[142.629,-352.929,152.978],"timestamp":483147937437},{"currentFrameRate":105.889,"devices":[],"gestures":[],"hands":[],"id":179216,"interactionBox":{"center":[0,200,0],"size":[235.247,235.247,147.751]},"pointables":[],"r":[[0.647517,-0.54672,0.530866],[0.125757,-0.610414,-0.782036],[0.751603,0.573142,-0.3265]],"s":1.0605,"t":[142.629,-352.929,152.978],"timestamp":483147963468},{"currentFrameRate":106.314,"devices":[],"gestures":[],"hands":[],"id":179217,"interactionBox":{"center":[0,200,0],"size":[235.247,235.247,147.751]},"pointables":[],"r":[[0.647517,-0.54672,0.530866],[0.125757,-0.610414,-0.782036],[0.751603,0.573142,-0.3265]],"s":1.0605,"t":[142.629,-352.929,152.978],"timestamp":483147972091},{"currentFrameRate":106.699,"devices":[],"gestures":[],"hands":[],"id":179218,"interactionBox":{"center":[0,200,0],"size":[235.247,235.247,147.751]},"pointables":[],"r":[[0.647517,-0.54672,0.530866],[0.125757,-0.610414,-0.782036],[0.751603,0.573142,-0.3265]],"s":1.0605,"t":[142.629,-352.929,152.978],"timestamp":483147980757},{"currentFrameRate":107.065,"devices":[],"gestures":[],"hands":[],"id":179219,"interactionBox":{"center":[0,200,0],"size":[235.247,235.247,147.751]},"pointables":[],"r":[[0.647517,-0.54672,0.530866],[0.125757,-0.610414,-0.782036],[0.751603,0.573142,-0.3265]],"s":1.0605,"t":[142.629,-352.929,152.978],"timestamp":483147989428},{"currentFrameRate":107.414,"devices":[],"gestures":[],"hands":[],"id":179220,"interactionBox":{"center":[0,200,0],"size":[235.247,235.247,147.751]},"pointables":[],"r":[[0.647517,-0.54672,0.530866],[0.125757,-0.610414,-0.782036],[0.751603,0.573142,-0.3265]],"s":1.0605,"t":[142.629,-352.929,152.978],"timestamp":483147998102},{"currentFrameRate":107.776,"devices":[],"gestures":[],"hands":[],"id":179221,"interactionBox":{"center":[0,200,0],"size":[235.247,235.247,147.751]},"pointables":[],"r":[[0.647517,-0.54672,0.530866],[0.125757,-0.610414,-0.782036],[0.751603,0.573142,-0.3265]],"s":1.0605,"t":[142.629,-352.929,152.978],"timestamp":483148006723},{"currentFrameRate":108.061,"devices":[],"gestures":[],"hands":[],"id":179222,"interactionBox":{"center":[0,200,0],"size":[235.247,235.247,147.751]},"pointables":[],"r":[[0.647517,-0.54672,0.530866],[0.125757,-0.610414,-0.782036],[0.751603,0.573142,-0.3265]],"s":1.0605,"t":[142.629,-352.929,152.978],"timestamp":483148015462},{"currentFrameRate":108.369,"devices":[],"gestures":[],"hands":[],"id":179223,"interactionBox":{"center":[0,200,0],"size":[235.247,235.247,147.751]},"pointables":[],"r":[[0.647517,-0.54672,0.530866],[0.125757,-0.610414,-0.782036],[0.751603,0.573142,-0.3265]],"s":1.0605,"t":[142.629,-352.929,152.978],"timestamp":483148024133},{"currentFrameRate":108.634,"devices":[],"gestures":[],"hands":[],"id":179224,"interactionBox":{"center":[0,200,0],"size":[235.247,235.247,147.751]},"pointables":[],"r":[[0.647517,-0.54672,0.530866],[0.125757,-0.610414,-0.782036],[0.751603,0.573142,-0.3265]],"s":1.0605,"t":[142.629,-352.929,152.978],"timestamp":483148032861},{"currentFrameRate":108.952,"devices":[],"gestures":[],"hands":[],"id":179225,"interactionBox":{"center":[0,200,0],"size":[235.247,235.247,147.751]},"pointables":[],"r":[[0.647517,-0.54672,0.530866],[0.125757,-0.610414,-0.782036],[0.751603,0.573142,-0.3265]],"s":1.0605,"t":[142.629,-352.929,152.978],"timestamp":483148041468},{"currentFrameRate":109.218,"devices":[],"gestures":[],"hands":[],"id":179226,"interactionBox":{"center":[0,200,0],"size":[235.247,235.247,147.751]},"pointables":[],"r":[[0.647517,-0.54672,0.530866],[0.125757,-0.610414,-0.782036],[0.751603,0.573142,-0.3265]],"s":1.0605,"t":[142.629,-352.929,152.978],"timestamp":483148050148},{"currentFrameRate":109.485,"devices":[],"gestures":[],"hands":[],"id":179227,"interactionBox":{"center":[0,200,0],"size":[235.247,235.247,147.751]},"pointables":[],"r":[[0.647517,-0.54672,0.530866],[0.125757,-0.610414,-0.782036],[0.751603,0.573142,-0.3265]],"s":1.0605,"t":[142.629,-352.929,152.978],"timestamp":483148058805},{"currentFrameRate":109.716,"devices":[],"gestures":[],"hands":[],"id":179228,"interactionBox":{"center":[0,200,0],"size":[235.247,235.247,147.751]},"pointables":[],"r":[[0.647517,-0.54672,0.530866],[0.125757,-0.610414,-0.782036],[0.751603,0.573142,-0.3265]],"s":1.0605,"t":[142.629,-352.929,152.978],"timestamp":483148067506},{"currentFrameRate":109.929,"devices":[],"gestures":[],"hands":[],"id":179229,"interactionBox":{"center":[0,200,0],"size":[235.247,235.247,147.751]},"pointables":[],"r":[[0.647517,-0.54672,0.530866],[0.125757,-0.610414,-0.782036],[0.751603,0.573142,-0.3265]],"s":1.0605,"t":[142.629,-352.929,152.978],"timestamp":483148076224},{"currentFrameRate":110.212,"devices":[],"gestures":[],"hands":[],"id":179230,"interactionBox":{"center":[0,200,0],"size":[235.247,235.247,147.751]},"pointables":[],"r":[[0.647517,-0.54672,0.530866],[0.125757,-0.610414,-0.782036],[0.751603,0.573142,-0.3265]],"s":1.0605,"t":[142.629,-352.929,152.978],"timestamp":483148084796},{"currentFrameRate":110.396,"devices":[],"gestures":[],"hands":[],"id":179231,"interactionBox":{"center":[0,200,0],"size":[235.247,235.247,147.751]},"pointables":[],"r":[[0.647517,-0.54672,0.530866],[0.125757,-0.610414,-0.782036],[0.751603,0.573142,-0.3265]],"s":1.0605,"t":[142.629,-352.929,152.978],"timestamp":483148093528},{"currentFrameRate":110.611,"devices":[],"gestures":[],"hands":[],"id":179232,"interactionBox":{"center":[0,200,0],"size":[235.247,235.247,147.751]},"pointables":[],"r":[[0.647517,-0.54672,0.530866],[0.125757,-0.610414,-0.782036],[0.751603,0.573142,-0.3265]],"s":1.0605,"t":[142.629,-352.929,152.978],"timestamp":483148102188},{"currentFrameRate":110.816,"devices":[],"gestures":[],"hands":[],"id":179233,"interactionBox":{"center":[0,200,0],"size":[235.247,235.247,147.751]},"pointables":[],"r":[[0.647517,-0.54672,0.530866],[0.125757,-0.610414,-0.782036],[0.751603,0.573142,-0.3265]],"s":1.0605,"t":[142.629,-352.929,152.978],"timestamp":483148110850},{"currentFrameRate":111.013,"devices":[],"gestures":[],"hands":[],"id":179234,"interactionBox":{"center":[0,200,0],"size":[235.247,235.247,147.751]},"pointables":[],"r":[[0.647517,-0.54672,0.530866],[0.125757,-0.610414,-0.782036],[0.751603,0.573142,-0.3265]],"s":1.0605,"t":[142.629,-352.929,152.978],"timestamp":483148119511},{"currentFrameRate":111.166,"devices":[],"gestures":[],"hands":[],"id":179235,"interactionBox":{"center":[0,200,0],"size":[235.247,235.247,147.751]},"pointables":[],"r":[[0.647517,-0.54672,0.530866],[0.125757,-0.610414,-0.782036],[0.751603,0.573142,-0.3265]],"s":1.0605,"t":[142.629,-352.929,152.978],"timestamp":483148128237},{"currentFrameRate":111.41,"devices":[],"gestures":[],"hands":[],"id":179236,"interactionBox":{"center":[0,200,0],"size":[235.247,235.247,147.751]},"pointables":[],"r":[[0.647517,-0.54672,0.530866],[0.125757,-0.610414,-0.782036],[0.751603,0.573142,-0.3265]],"s":1.0605,"t":[142.629,-352.929,152.978],"timestamp":483148136784},{"currentFrameRate":111.518,"devices":[],"gestures":[],"hands":[],"id":179237,"interactionBox":{"center":[0,200,0],"size":[235.247,235.247,147.751]},"pointables":[],"r":[[0.647517,-0.54672,0.530866],[0.125757,-0.610414,-0.782036],[0.751603,0.573142,-0.3265]],"s":1.0605,"t":[142.629,-352.929,152.978],"timestamp":483148145562},{"currentFrameRate":111.691,"devices":[],"gestures":[],"hands":[],"id":179238,"interactionBox":{"center":[0,200,0],"size":[235.247,235.247,147.751]},"pointables":[],"r":[[0.647517,-0.54672,0.530866],[0.125757,-0.610414,-0.782036],[0.751603,0.573142,-0.3265]],"s":1.0605,"t":[142.629,-352.929,152.978],"timestamp":483148154211},{"currentFrameRate":111.846,"devices":[],"gestures":[],"hands":[],"id":179239,"interactionBox":{"center":[0,200,0],"size":[235.247,235.247,147.751]},"pointables":[],"r":[[0.647517,-0.54672,0.530866],[0.125757,-0.610414,-0.782036],[0.751603,0.573142,-0.3265]],"s":1.0605,"t":[142.629,-352.929,152.978],"timestamp":483148162881},{"currentFrameRate":111.997,"devices":[],"gestures":[],"hands":[],"id":179240,"interactionBox":{"center":[0,200,0],"size":[235.247,235.247,147.751]},"pointables":[],"r":[[0.647517,-0.54672,0.530866],[0.125757,-0.610414,-0.782036],[0.751603,0.573142,-0.3265]],"s":1.0605,"t":[142.629,-352.929,152.978],"timestamp":483148171546},{"currentFrameRate":112.126,"devices":[],"gestures":[],"hands":[],"id":179241,"interactionBox":{"center":[0,200,0],"size":[235.247,235.247,147.751]},"pointables":[],"r":[[0.647517,-0.54672,0.530866],[0.125757,-0.610414,-0.782036],[0.751603,0.573142,-0.3265]],"s":1.0605,"t":[142.629,-352.929,152.978],"timestamp":483148180239},{"currentFrameRate":112.265,"devices":[],"gestures":[],"hands":[],"id":179242,"interactionBox":{"center":[0,200,0],"size":[235.247,235.247,147.751]},"pointables":[],"r":[[0.647517,-0.54672,0.530866],[0.125757,-0.610414,-0.782036],[0.751603,0.573142,-0.3265]],"s":1.0605,"t":[142.629,-352.929,152.978],"timestamp":483148188905},{"currentFrameRate":112.393,"devices":[],"gestures":[],"hands":[],"id":179243,"interactionBox":{"center":[0,200,0],"size":[235.247,235.247,147.751]},"pointables":[],"r":[[0.647517,-0.54672,0.530866],[0.125757,-0.610414,-0.782036],[0.751603,0.573142,-0.3265]],"s":1.0605,"t":[142.629,-352.929,152.978],"timestamp":483148197579},{"currentFrameRate":112.549,"devices":[],"gestures":[],"hands":[],"id":179244,"interactionBox":{"center":[0,200,0],"size":[235.247,235.247,147.751]},"pointables":[],"r":[[0.647517,-0.54672,0.530866],[0.125757,-0.610414,-0.782036],[0.751603,0.573142,-0.3265]],"s":1.0605,"t":[142.629,-352.929,152.978],"timestamp":483148206193},{"currentFrameRate":112.623,"devices":[],"gestures":[],"hands":[],"id":179245,"interactionBox":{"center":[0,200,0],"size":[235.247,235.247,147.751]},"pointables":[],"r":[[0.647517,-0.54672,0.530866],[0.125757,-0.610414,-0.782036],[0.751603,0.573142,-0.3265]],"s":1.0605,"t":[142.629,-352.929,152.978],"timestamp":483148214944},{"currentFrameRate":112.653,"devices":[],"gestures":[],"hands":[],"id":179246,"interactionBox":{"center":[0,200,0],"size":[235.247,235.247,147.751]},"pointables":[],"r":[[0.647517,-0.54672,0.530866],[0.125757,-0.610414,-0.782036],[0.751603,0.573142,-0.3265]],"s":1.0605,"t":[142.629,-352.929,152.978],"timestamp":483148223769},{"currentFrameRate":112.937,"devices":[],"gestures":[],"hands":[],"id":179247,"interactionBox":{"center":[0,200,0],"size":[235.247,235.247,147.751]},"pointables":[],"r":[[0.647517,-0.54672,0.530866],[0.125757,-0.610414,-0.782036],[0.751603,0.573142,-0.3265]],"s":1.0605,"t":[142.629,-352.929,152.978],"timestamp":483148232131},{"currentFrameRate":113.027,"devices":[],"gestures":[],"hands":[],"id":179248,"interactionBox":{"center":[0,200,0],"size":[235.247,235.247,147.751]},"pointables":[],"r":[[0.647517,-0.54672,0.530866],[0.125757,-0.610414,-0.782036],[0.751603,0.573142,-0.3265]],"s":1.0605,"t":[142.629,-352.929,152.978],"timestamp":483148240822},{"currentFrameRate":113.138,"devices":[],"gestures":[],"hands":[],"id":179249,"interactionBox":{"center":[0,200,0],"size":[235.247,235.247,147.751]},"pointables":[],"r":[[0.647517,-0.54672,0.530866],[0.125757,-0.610414,-0.782036],[0.751603,0.573142,-0.3265]],"s":1.0605,"t":[142.629,-352.929,152.978],"timestamp":483148249469},{"currentFrameRate":113.227,"devices":[],"gestures":[],"hands":[],"id":179250,"interactionBox":{"center":[0,200,0],"size":[235.247,235.247,147.751]},"pointables":[],"r":[[0.647517,-0.54672,0.530866],[0.125757,-0.610414,-0.782036],[0.751603,0.573142,-0.3265]],"s":1.0605,"t":[142.629,-352.929,152.978],"timestamp":483148258146},{"currentFrameRate":113.309,"devices":[],"gestures":[],"hands":[],"id":179251,"interactionBox":{"center":[0,200,0],"size":[235.247,235.247,147.751]},"pointables":[],"r":[[0.647517,-0.54672,0.530866],[0.125757,-0.610414,-0.782036],[0.751603,0.573142,-0.3265]],"s":1.0605,"t":[142.629,-352.929,152.978],"timestamp":483148266830},{"currentFrameRate":113.4,"devices":[],"gestures":[],"hands":[],"id":179252,"interactionBox":{"center":[0,200,0],"size":[235.247,235.247,147.751]},"pointables":[],"r":[[0.647517,-0.54672,0.530866],[0.125757,-0.610414,-0.782036],[0.751603,0.573142,-0.3265]],"s":1.0605,"t":[142.629,-352.929,152.978],"timestamp":483148275492},{"currentFrameRate":113.517,"devices":[],"gestures":[],"hands":[],"id":179253,"interactionBox":{"center":[0,200,0],"size":[235.247,235.247,147.751]},"pointables":[],"r":[[0.647517,-0.54672,0.530866],[0.125757,-0.610414,-0.782036],[0.751603,0.573142,-0.3265]],"s":1.0605,"t":[142.629,-352.929,152.978],"timestamp":483148284099},{"currentFrameRate":113.337,"devices":[],"gestures":[],"hands":[],"id":179254,"interactionBox":{"center":[0,200,0],"size":[235.247,235.247,147.751]},"pointables":[],"r":[[0.647517,-0.54672,0.530866],[0.125757,-0.610414,-0.782036],[0.751603,0.573142,-0.3265]],"s":1.0605,"t":[142.629,-352.929,152.978],"timestamp":483148293233},{"currentFrameRate":113.436,"devices":[],"gestures":[],"hands":[],"id":179255,"interactionBox":{"center":[0,200,0],"size":[235.247,235.247,147.751]},"pointables":[],"r":[[0.647517,-0.54672,0.530866],[0.125757,-0.610414,-0.782036],[0.751603,0.573142,-0.3265]],"s":1.0605,"t":[142.629,-352.929,152.978],"timestamp":483148301878},{"currentFrameRate":113.49,"devices":[],"gestures":[],"hands":[],"id":179256,"interactionBox":{"center":[0,200,0],"size":[235.247,235.247,147.751]},"pointables":[],"r":[[0.647517,-0.54672,0.530866],[0.125757,-0.610414,-0.782036],[0.751603,0.573142,-0.3265]],"s":1.0605,"t":[142.629,-352.929,152.978],"timestamp":483148310596},{"currentFrameRate":113.584,"devices":[],"gestures":[],"hands":[],"id":179257,"interactionBox":{"center":[0,200,0],"size":[235.247,235.247,147.751]},"pointables":[],"r":[[0.647517,-0.54672,0.530866],[0.125757,-0.610414,-0.782036],[0.751603,0.573142,-0.3265]],"s":1.0605,"t":[142.629,-352.929,152.978],"timestamp":483148319238},{"currentFrameRate":113.657,"devices":[],"gestures":[],"hands":[],"id":179258,"interactionBox":{"center":[0,200,0],"size":[235.247,235.247,147.751]},"pointables":[],"r":[[0.647517,-0.54672,0.530866],[0.125757,-0.610414,-0.782036],[0.751603,0.573142,-0.3265]],"s":1.0605,"t":[142.629,-352.929,152.978],"timestamp":483148327910},{"currentFrameRate":113.729,"devices":[],"gestures":[],"hands":[],"id":179259,"interactionBox":{"center":[0,200,0],"size":[235.247,235.247,147.751]},"pointables":[],"r":[[0.647517,-0.54672,0.530866],[0.125757,-0.610414,-0.782036],[0.751603,0.573142,-0.3265]],"s":1.0605,"t":[142.629,-352.929,152.978],"timestamp":483148336580},{"currentFrameRate":113.767,"devices":[],"gestures":[],"hands":[],"id":179260,"interactionBox":{"center":[0,200,0],"size":[235.247,235.247,147.751]},"pointables":[],"r":[[0.647517,-0.54672,0.530866],[0.125757,-0.610414,-0.782036],[0.751603,0.573142,-0.3265]],"s":1.0605,"t":[142.629,-352.929,152.978],"timestamp":483148345305},{"currentFrameRate":113.87,"devices":[],"gestures":[],"hands":[],"id":179261,"interactionBox":{"center":[0,200,0],"size":[235.247,235.247,147.751]},"pointables":[],"r":[[0.647517,-0.54672,0.530866],[0.125757,-0.610414,-0.782036],[0.751603,0.573142,-0.3265]],"s":1.0605,"t":[142.629,-352.929,152.978],"timestamp":483148353909},{"currentFrameRate":113.939,"devices":[],"gestures":[],"hands":[],"id":179262,"interactionBox":{"center":[0,200,0],"size":[235.247,235.247,147.751]},"pointables":[],"r":[[0.647517,-0.54672,0.530866],[0.125757,-0.610414,-0.782036],[0.751603,0.573142,-0.3265]],"s":1.0605,"t":[142.629,-352.929,152.978],"timestamp":483148362568},{"currentFrameRate":114,"devices":[],"gestures":[],"hands":[],"id":179263,"interactionBox":{"center":[0,200,0],"size":[235.247,235.247,147.751]},"pointables":[],"r":[[0.647517,-0.54672,0.530866],[0.125757,-0.610414,-0.782036],[0.751603,0.573142,-0.3265]],"s":1.0605,"t":[142.629,-352.929,152.978],"timestamp":483148371234},{"currentFrameRate":114.018,"devices":[],"gestures":[],"hands":[],"id":179264,"interactionBox":{"center":[0,200,0],"size":[235.247,235.247,147.751]},"pointables":[],"r":[[0.647517,-0.54672,0.530866],[0.125757,-0.610414,-0.782036],[0.751603,0.573142,-0.3265]],"s":1.0605,"t":[142.629,-352.929,152.978],"timestamp":483148379975},{"currentFrameRate":114.1,"devices":[],"gestures":[],"hands":[],"id":179265,"interactionBox":{"center":[0,200,0],"size":[235.247,235.247,147.751]},"pointables":[],"r":[[0.647517,-0.54672,0.530866],[0.125757,-0.610414,-0.782036],[0.751603,0.573142,-0.3265]],"s":1.0605,"t":[142.629,-352.929,152.978],"timestamp":483148388597},{"currentFrameRate":114.141,"devices":[],"gestures":[],"hands":[],"id":179266,"interactionBox":{"center":[0,200,0],"size":[235.247,235.247,147.751]},"pointables":[],"r":[[0.647517,-0.54672,0.530866],[0.125757,-0.610414,-0.782036],[0.751603,0.573142,-0.3265]],"s":1.0605,"t":[142.629,-352.929,152.978],"timestamp":483148397288},{"currentFrameRate":114.203,"devices":[],"gestures":[],"hands":[],"id":179267,"interactionBox":{"center":[0,200,0],"size":[235.247,235.247,147.751]},"pointables":[],"r":[[0.647517,-0.54672,0.530866],[0.125757,-0.610414,-0.782036],[0.751603,0.573142,-0.3265]],"s":1.0605,"t":[142.629,-352.929,152.978],"timestamp":483148405939},{"currentFrameRate":114.234,"devices":[],"gestures":[],"hands":[],"id":179268,"interactionBox":{"center":[0,200,0],"size":[235.247,235.247,147.751]},"pointables":[],"r":[[0.647517,-0.54672,0.530866],[0.125757,-0.610414,-0.782036],[0.751603,0.573142,-0.3265]],"s":1.0605,"t":[142.629,-352.929,152.978],"timestamp":483148414640},{"currentFrameRate":114.283,"devices":[],"gestures":[],"hands":[],"id":179269,"interactionBox":{"center":[0,200,0],"size":[235.247,235.247,147.751]},"pointables":[],"r":[[0.647517,-0.54672,0.530866],[0.125757,-0.610414,-0.782036],[0.751603,0.573142,-0.3265]],"s":1.0605,"t":[142.629,-352.929,152.978],"timestamp":483148423306},{"currentFrameRate":114.317,"devices":[],"gestures":[],"hands":[],"id":179270,"interactionBox":{"center":[0,200,0],"size":[235.247,235.247,147.751]},"pointables":[],"r":[[0.647517,-0.54672,0.530866],[0.125757,-0.610414,-0.782036],[0.751603,0.573142,-0.3265]],"s":1.0605,"t":[142.629,-352.929,152.978],"timestamp":483148431995},{"currentFrameRate":114.38,"devices":[],"gestures":[],"hands":[],"id":179271,"interactionBox":{"center":[0,200,0],"size":[235.247,235.247,147.751]},"pointables":[],"r":[[0.647517,-0.54672,0.530866],[0.125757,-0.610414,-0.782036],[0.751603,0.573142,-0.3265]],"s":1.0605,"t":[142.629,-352.929,152.978],"timestamp":483148440630},{"currentFrameRate":114.424,"devices":[],"gestures":[],"hands":[],"id":179272,"interactionBox":{"center":[0,200,0],"size":[235.247,235.247,147.751]},"pointables":[],"r":[[0.647517,-0.54672,0.530866],[0.125757,-0.610414,-0.782036],[0.751603,0.573142,-0.3265]],"s":1.0605,"t":[142.629,-352.929,152.978],"timestamp":483148449295},{"currentFrameRate":114.436,"devices":[],"gestures":[],"hands":[],"id":179273,"interactionBox":{"center":[0,200,0],"size":[235.247,235.247,147.751]},"pointables":[],"r":[[0.647517,-0.54672,0.530866],[0.125757,-0.610414,-0.782036],[0.751603,0.573142,-0.3265]],"s":1.0605,"t":[142.629,-352.929,152.978],"timestamp":483148458013},{"currentFrameRate":114.478,"devices":[],"gestures":[],"hands":[],"id":179274,"interactionBox":{"center":[0,200,0],"size":[235.247,235.247,147.751]},"pointables":[],"r":[[0.647517,-0.54672,0.530866],[0.125757,-0.610414,-0.782036],[0.751603,0.573142,-0.3265]],"s":1.0605,"t":[142.629,-352.929,152.978],"timestamp":483148466676},{"currentFrameRate":114.461,"devices":[],"gestures":[],"hands":[],"id":179275,"interactionBox":{"center":[0,200,0],"size":[235.247,235.247,147.751]},"pointables":[],"r":[[0.647517,-0.54672,0.530866],[0.125757,-0.610414,-0.782036],[0.751603,0.573142,-0.3265]],"s":1.0605,"t":[142.629,-352.929,152.978],"timestamp":483148475442},{"currentFrameRate":114.558,"devices":[],"gestures":[],"hands":[],"id":179276,"interactionBox":{"center":[0,200,0],"size":[235.247,235.247,147.751]},"pointables":[],"r":[[0.647517,-0.54672,0.530866],[0.125757,-0.610414,-0.782036],[0.751603,0.573142,-0.3265]],"s":1.0605,"t":[142.629,-352.929,152.978],"timestamp":483148484005},{"currentFrameRate":114.503,"devices":[],"gestures":[],"hands":[],"id":179277,"interactionBox":{"center":[0,200,0],"size":[235.247,235.247,147.751]},"pointables":[],"r":[[0.647517,-0.54672,0.530866],[0.125757,-0.610414,-0.782036],[0.751603,0.573142,-0.3265]],"s":1.0605,"t":[142.629,-352.929,152.978],"timestamp":483148492832},{"currentFrameRate":114.631,"devices":[],"gestures":[],"hands":[{"armBasis":[[0.551834,0.750577,-0.363473],[-0.310117,0.589279,0.746042],[0.774149,-0.298972,0.557951]],"armWidth":61.3963,"confidence":0,"direction":[-0.86612,0.295514,-0.403123],"elbow":[128.879,101.682,346.353],"grabAngle":3.14159,"grabStrength":1,"id":93,"palmNormal":[0.18905,-0.55292,-0.811504],"palmPosition":[-137.334,193.025,169.913],"palmVelocity":[1.19209e-7,1.19209e-7,1.19209e-7],"palmWidth":87.6718,"pinchDistance":3.13435,"pinchStrength":1,"r":[[1,0,2.22045e-17],[6.16298e-35,1,-2.77556e-18],[-2.22045e-17,2.77556e-18,1]],"s":1,"sphereCenter":[-140.44,177.59,132.356],"sphereRadius":33.2476,"stabilizedPalmPosition":[-137.334,193.025,169.913],"t":[0,0,0],"timeVisible":0,"type":"right","wrist":[-72.5186,179.461,201.2]}],"id":179278,"interactionBox":{"center":[0,200,0],"size":[235.247,235.247,147.751]},"pointables":[{"bases":[[[-0.151908,0.865707,0.476944],[-0.118912,-0.495046,0.860691],[0.981215,0.0740315,0.178145]],[[-0.43462,0.805337,0.403161],[-0.5404,-0.591307,0.598601],[0.720467,0.0422956,0.692198]],[[-0.43462,0.805337,0.403161],[-0.601922,-0.592732,0.535125],[0.669922,-0.0100953,0.742363]],[[-0.43462,0.805337,0.403161],[-0.759639,-0.568275,0.316246],[0.483791,-0.16881,0.858749]]],"btipPosition":[-165.114,159.649,118.617],"carpPosition":[-97.5439,157.545,195.663],"dipPosition":[-154.205,155.842,137.982],"direction":[-0.669922,0.0100953,-0.742362],"extended":false,"handId":93,"id":930,"length":50.2158,"mcpPosition":[-97.5439,157.545,195.663],"pipPosition":[-132.196,155.51,162.37],"stabilizedTipPosition":[-162.605,158.773,123.071],"timeVisible":0,"tipPosition":[-162.605,158.773,123.071],"tipVelocity":[1.19209e-7,1.19209e-7,1.19209e-7],"tool":false,"touchDistance":1,"touchZone":"none","type":0,"width":19.5115},{"bases":[[[0.310714,0.817628,-0.484708],[-0.32514,0.570613,0.754112],[0.893164,-0.076715,0.44314]],[[0.44984,0.794764,-0.407423],[-0.842969,0.528532,0.100282],[0.295037,0.298334,0.907717]],[[0.44984,0.794764,-0.407423],[-0.505031,-0.149883,-0.849988],[-0.736606,0.58812,0.333958]],[[0.44984,0.794764,-0.407423],[0.0657199,-0.484405,-0.872372],[-0.890688,0.365652,-0.270137]]],"btipPosition":[-150.149,150.435,131.189],"carpPosition":[-106.44,177.063,203.508],"dipPosition":[-164.812,156.455,126.742],"direction":[0.736606,-0.58812,-0.333958],"extended":false,"handId":93,"id":931,"length":56.663,"mcpPosition":[-169.753,182.501,172.095],"pipPosition":[-181.966,170.151,134.52],"stabilizedTipPosition":[-153.521,151.82,130.166],"timeVisible":0,"tipPosition":[-153.521,151.82,130.166],"tipVelocity":[1.19209e-7,1.19209e-7,1.19209e-7],"tool":false,"touchDistance":1,"touchZone":"none","type":1,"width":18.6374},{"bases":[[[0.479372,0.69041,-0.54179],[-0.248241,0.698806,0.670856],[0.841771,-0.187095,0.506376]],[[0.528985,0.677949,-0.510451],[-0.846199,0.375874,-0.377712],[-0.0642038,0.631747,0.772512]],[[0.528985,0.677949,-0.510451],[0.026959,-0.61462,-0.788362],[-0.848203,0.403271,-0.343402]],[[0.528985,0.677949,-0.510451],[0.532923,-0.733484,-0.421894],[-0.66043,-0.0488555,-0.749297]]],"btipPosition":[-122.24,160.711,151.863],"carpPosition":[-103.833,187.639,198.805],"dipPosition":[-134.198,159.826,138.296],"direction":[0.848203,-0.403271,0.343402],"extended":false,"handId":93,"id":932,"length":64.5629,"mcpPosition":[-160.42,200.216,164.764],"pipPosition":[-157.439,170.876,128.887],"stabilizedTipPosition":[-124.99,160.508,148.742],"timeVisible":0,"tipPosition":[-124.99,160.508,148.742],"tipVelocity":[1.19209e-7,1.19209e-7,1.19209e-7],"tool":false,"touchDistance":1,"touchZone":"none","type":2,"width":18.3044},{"bases":[[[0.615361,0.600696,-0.510387],[-0.186397,0.740026,0.646233],[0.76589,-0.302532,0.567351]],[[0.568328,0.617756,-0.54349],[-0.822694,0.437356,-0.363173],[0.0133461,0.653527,0.756786]],[[0.568328,0.617756,-0.54349],[-0.0140013,-0.653178,-0.757075],[-0.822683,0.437876,-0.36257]],[[0.568328,0.617756,-0.54349],[0.451971,-0.786345,-0.42117],[-0.68755,-0.00627921,-0.726109]]],"btipPosition":[-111.531,175.075,148.531],"carpPosition":[-99.0675,196.525,192.605],"dipPosition":[-123.909,174.962,135.46],"direction":[0.822683,-0.437876,0.36257],"extended":false,"handId":93,"id":933,"length":62.0789,"mcpPosition":[-145.293,214.785,158.362],"pipPosition":[-145.868,186.65,125.782],"stabilizedTipPosition":[-114.378,175.049,145.525],"timeVisible":0,"tipPosition":[-114.378,175.049,145.525],"tipVelocity":[1.19209e-7,1.19209e-7,1.19209e-7],"tool":false,"touchDistance":1,"touchZone":"none","type":3,"width":17.4178},{"bases":[[[0.722151,0.431058,-0.541006],[-0.0200151,0.794793,0.606551],[0.691446,-0.427193,0.582588]],[[0.613371,0.48885,-0.620324],[-0.761718,0.573712,-0.301064],[0.208712,0.657176,0.724264]],[[0.613371,0.48885,-0.620324],[-0.209318,-0.656719,-0.724504],[-0.761552,0.574235,-0.300487]],[[0.613371,0.48885,-0.620324],[0.244545,-0.864377,-0.439374],[-0.750982,0.117803,-0.64973]]],"btipPosition":[-109.374,189.497,142.054],"carpPosition":[-90.4556,200.798,182.825],"dipPosition":[-121.846,191.453,131.263],"direction":[0.761552,-0.574235,0.300487],"extended":false,"handId":93,"id":934,"length":48.6687,"mcpPosition":[-129.087,224.665,150.276],"pipPosition":[-136.198,202.275,125.6],"stabilizedTipPosition":[-112.242,189.947,139.572],"timeVisible":0,"tipPosition":[-112.242,189.947,139.572],"tipVelocity":[1.19209e-7,1.19209e-7,1.19209e-7],"tool":false,"touchDistance":1,"touchZone":"none","type":4,"width":15.4719}],"r":[[1,0,2.22045e-17],[6.16298e-35,1,-2.77556e-18],[-2.22045e-17,2.77556e-18,1]],"s":1,"t":[0,0,0],"timestamp":483148501338},{"currentFrameRate":114.605,"devices":[],"gestures":[],"hands":[{"armBasis":[[0.366052,0.930066,-0.0313429],[-0.522202,0.233171,0.820327],[0.770266,-0.283915,0.571036]],"armWidth":60.2733,"confidence":0.0461677,"direction":[-0.87447,0.25165,-0.414698],"elbow":[134.684,97.4008,345.451],"grabAngle":3.14159,"grabStrength":1,"id":93,"palmNormal":[0.374841,-0.192066,-0.906976],"palmPosition":[-129.098,182.188,161.778],"palmVelocity":[939.022,-1235.65,-927.573],"palmWidth":87.6718,"pinchDistance":3.50252,"pinchStrength":1,"r":[[0.998834,0.0371019,0.0308743],[-0.0390579,0.997097,0.0653677],[-0.0283594,-0.0664974,0.997383]],"s":0.97825,"sphereCenter":[-121.617,189.38,116.46],"sphereRadius":37.6793,"stabilizedPalmPosition":[-134.703,189.564,167.315],"t":[4.11761,-5.41834,-4.06741],"timeVisible":0.00877,"type":"right","wrist":[-65.7042,171.262,196.894]}],"id":179279,"interactionBox":{"center":[0,200,0],"size":[235.247,235.247,147.751]},"pointables":[{"bases":[[[-0.382011,0.602596,0.700675],[-0.0741476,-0.775718,0.626708],[0.921178,0.187456,0.341014]],[[-0.572289,0.547757,0.610285],[-0.384033,-0.836569,0.390733],[0.724572,-0.0107578,0.689115]],[[-0.572289,0.547757,0.610285],[-0.580943,-0.796054,0.169718],[0.578784,-0.257413,0.773788]],[[-0.572289,0.547757,0.610285],[-0.707167,-0.706448,-0.0290719],[0.415211,-0.448211,0.791648]]],"btipPosition":[-147.642,166.956,104.364],"carpPosition":[-84.5712,147.977,180.541],"dipPosition":[-138.33,156.904,122.117],"direction":[-0.578784,0.257413,-0.773788],"extended":false,"handId":93,"id":930,"length":49.938,"mcpPosition":[-84.5712,147.977,180.541],"pipPosition":[-119.421,148.494,147.397],"stabilizedTipPosition":[-157.469,160.536,118.68],"timeVisible":0.00877,"tipPosition":[-143.109,162.997,104.743],"tipVelocity":[1950.43,669.392,-1667.51],"tool":false,"touchDistance":1,"touchZone":"none","type":0,"width":18.998},{"bases":[[[0.156694,0.977355,-0.14221],[-0.50624,0.203115,0.838132],[0.848038,-0.0593378,0.526604]],[[0.341083,0.939782,-0.0217316],[-0.850221,0.318274,0.419316],[0.400982,-0.124545,0.90758]],[[0.341083,0.939782,-0.0217316],[-0.469446,0.15026,-0.870082],[-0.814422,0.306972,0.492428]],[[0.341083,0.939782,-0.0217316],[0.347815,-0.147645,-0.925865],[-0.87332,0.308238,-0.377229]]],"btipPosition":[-141.719,158.739,112.861],"carpPosition":[-98.2567,161.562,192.781],"dipPosition":[-156.016,163.786,106.685],"direction":[0.814422,-0.306972,-0.492428],"extended":false,"handId":93,"id":931,"length":56.3495,"mcpPosition":[-158.371,165.768,155.452],"pipPosition":[-174.878,170.895,118.09],"stabilizedTipPosition":[-151.335,153.894,125.359],"timeVisible":0.00877,"tipPosition":[-138.222,157.344,110.091],"tipVelocity":[970.817,921.358,-2135.25],"tool":false,"touchDistance":1,"touchZone":"none","type":1,"width":18.1468},{"bases":[[[0.353817,0.91131,-0.21054],[-0.45372,0.364072,0.813382],[0.817895,-0.192262,0.542295]],[[0.402224,0.898142,-0.177643],[-0.902599,0.356493,-0.241305],[-0.153398,0.257399,0.954052]],[[0.402224,0.898142,-0.177643],[0.152679,-0.257115,-0.954244],[-0.902721,0.356698,-0.240545]],[[0.402224,0.898142,-0.177643],[0.668551,-0.420695,-0.613233],[-0.625504,0.127894,-0.769667]]],"btipPosition":[-109.766,162.414,132.082],"carpPosition":[-97.7293,173.399,192.188],"dipPosition":[-121.029,164.717,118.223],"direction":[0.902721,-0.356698,0.240545],"extended":false,"handId":93,"id":932,"length":64.2057,"mcpPosition":[-152.711,186.324,155.733],"pipPosition":[-145.626,174.436,111.669],"stabilizedTipPosition":[-121.725,161.137,143.612],"timeVisible":0.00877,"tipPosition":[-109.301,162.211,132.11],"tipVelocity":[1440.58,277.721,-2263.12],"tool":false,"touchDistance":0.981581,"touchZone":"none","type":2,"width":17.8226},{"bases":[[[0.50351,0.843029,-0.189155],[-0.400978,0.421937,0.813134],[0.765307,-0.333574,0.550485]],[[0.456713,0.861514,-0.221824],[-0.886461,0.419746,-0.194935],[-0.0748291,0.285668,0.955403]],[[0.456713,0.861514,-0.221824],[0.0741232,-0.285333,-0.955558],[-0.886521,0.419974,-0.194174]],[[0.456713,0.861514,-0.221824],[0.581022,-0.477686,-0.658961],[-0.673667,0.172071,-0.718724]]],"btipPosition":[-101.996,178.276,133.879],"carpPosition":[-94.6018,184.601,189.985],"dipPosition":[-114.057,181.357,121.011],"direction":[0.886521,-0.419974,0.194174],"extended":false,"handId":93,"id":933,"length":61.7355,"mcpPosition":[-140.792,204.735,156.76],"pipPosition":[-137.589,192.505,115.857],"stabilizedTipPosition":[-111.845,176.087,141.674],"timeVisible":0.00877,"tipPosition":[-102.022,178.554,134.905],"tipVelocity":[1095.55,448.708,-1665.43],"tool":false,"touchDistance":1,"touchZone":"none","type":3,"width":16.9593},{"bases":[[[0.647987,0.717373,-0.255907],[-0.248583,0.516783,0.819232],[0.719944,-0.467238,0.513196]],[[0.501203,0.792376,-0.347759],[-0.811595,0.56986,0.128737],[0.300182,0.217716,0.928704]],[[0.501203,0.792376,-0.347759],[-0.314422,-0.207651,-0.926294],[-0.806185,0.573605,0.145065]],[[0.501203,0.792376,-0.347759],[0.110075,-0.456996,-0.882631],[-0.8583,0.404098,-0.316269]]],"btipPosition":[-107.515,194.816,125.911],"carpPosition":[-86.4057,193.512,183.545],"dipPosition":[-121.691,201.491,120.688],"direction":[0.806185,-0.573605,-0.145065],"extended":false,"handId":93,"id":934,"length":48.3995,"mcpPosition":[-126.629,219.617,154.872],"pipPosition":[-136.8,212.241,123.406],"stabilizedTipPosition":[-112.073,190.686,137.857],"timeVisible":0.00877,"tipPosition":[-106.036,195.407,130.67],"tipVelocity":[167.243,730.277,-1694.65],"tool":false,"touchDistance":0.911833,"touchZone":"none","type":4,"width":15.0646}],"r":[[0.998834,0.0371019,0.0308743],[-0.0390579,0.997097,0.0653677],[-0.0283594,-0.0664974,0.997383]],"s":0.97825,"t":[4.11761,-5.41834,-4.06741],"timestamp":483148510108},{"currentFrameRate":114.762,"devices":[],"gestures":[],"hands":[{"armBasis":[[0.55821,0.764517,-0.322358],[-0.334452,0.562897,0.755837],[0.759305,-0.314102,0.569909]],"armWidth":60.2733,"confidence":0.0904465,"direction":[-0.826894,0.275168,-0.490437],"elbow":[138.546,77.1278,336.299],"grabAngle":3.14159,"grabStrength":1,"id":93,"palmNormal":[0.284738,-0.547189,-0.787088],"palmPosition":[-120.923,171.218,150.938],"palmVelocity":[967.982,-1298.87,-1283.48],"palmWidth":87.6718,"pinchDistance":13.686,"pinchStrength":1,"r":[[0.997907,0.0266893,0.0588955],[-0.0297074,0.998258,0.0509782],[-0.0574324,-0.0526212,0.996962]],"s":0.938967,"sphereCenter":[-116.633,157.888,107.206],"sphereRadius":35.7387,"stabilizedPalmPosition":[-130.55,184.034,162.379],"t":[10.2642,-13.6126,-11.5212],"timeVisible":0.017216,"type":"right","wrist":[-58.9904,158.843,188.035]}],"id":179280,"interactionBox":{"center":[0,200,0],"size":[235.247,235.247,147.751]},"pointables":[{"bases":[[[0.650011,0.615935,-0.445095],[-0.269587,0.734516,0.622743],[0.710499,-0.284798,0.643492]],[[0.606237,0.631905,-0.48288],[-0.790583,0.544765,-0.279658],[0.0863394,0.551296,0.82983]],[[0.606237,0.631905,-0.48288],[-0.0869689,-0.550862,-0.830053],[-0.790514,0.545204,-0.278997]],[[0.606237,0.631905,-0.48288],[0.409216,-0.768489,-0.491902],[-0.681923,0.100607,-0.724472]]],"btipPosition":[-98.6761,152.92,123.452],"carpPosition":[-85.2892,175.606,177.441],"dipPosition":[-110.885,154.721,110.482],"direction":[0.790514,-0.545204,0.278997],"extended":false,"handId":93,"id":933,"length":61.7355,"mcpPosition":[-128.172,192.795,138.603],"pipPosition":[-131.868,169.193,103.076],"stabilizedTipPosition":[-108.9,169.621,135.648],"timeVisible":0.017216,"tipPosition":[-97.4029,153.61,125.953],"tipVelocity":[389.07,-3036.99,-1237.27],"tool":false,"touchDistance":0.841151,"touchZone":"none","type":3,"width":16.9593},{"bases":[[[0.763423,0.448947,-0.464362],[-0.101368,0.793309,0.600322],[0.637895,-0.411228,0.651139]],[[0.620579,0.522058,-0.585096],[-0.639361,0.768866,0.00789446],[0.453982,0.369188,0.810925]],[[0.620579,0.522058,-0.585096],[-0.454491,-0.368576,-0.810919],[-0.638999,0.76916,0.00854022]],[[0.620579,0.522058,-0.585096],[0.156117,-0.813479,-0.56025],[-0.768446,0.256336,-0.58633]]],"btipPosition":[-102.175,171.915,114.264],"carpPosition":[-75.8219,180.096,168.595],"dipPosition":[-114.867,176.148,104.58],"direction":[0.638999,-0.76916,-0.00854022],"extended":false,"handId":93,"id":934,"length":48.3995,"mcpPosition":[-111.461,203.072,132.215],"pipPosition":[-126.843,190.563,104.74],"stabilizedTipPosition":[-110.299,186.161,131.292],"timeVisible":0.017216,"tipPosition":[-99.2631,169.764,116.215],"tipVelocity":[672.624,-2778.03,-1500.5],"tool":false,"touchDistance":0.700613,"touchZone":"none","type":4,"width":15.0646},{"bases":[[[-0.220891,0.861204,0.457749],[-0.194911,-0.498855,0.844484],[0.955624,0.097319,0.278051]],[[-0.414942,0.822092,0.389857],[-0.563422,-0.568614,0.599362],[0.714408,0.0290466,0.699126]],[[-0.414942,0.822092,0.389857],[-0.846246,-0.506102,0.16652],[0.334202,-0.260819,0.905695]],[[-0.414942,0.822092,0.389857],[-0.797739,-0.534777,0.278616],[0.437534,-0.195395,0.877716]]],"btipPosition":[-138.245,148.175,97.7882],"carpPosition":[-83.1535,136.669,180.687],"dipPosition":[-128.433,143.793,117.471],"direction":[-0.334202,0.260819,-0.905695],"extended":false,"handId":93,"id":930,"length":49.938,"mcpPosition":[-83.1535,136.669,180.687],"pipPosition":[-117.515,135.272,147.061],"stabilizedTipPosition":[-150.465,156.176,113.344],"timeVisible":0.017216,"tipPosition":[-139.183,141.47,102.775],"tipVelocity":[1126.18,-2069.18,-725.949],"tool":false,"touchDistance":1,"touchZone":"none","type":0,"width":18.998},{"bases":[[[0.339222,0.825464,-0.451151],[-0.414587,0.561686,0.715979],[0.844421,-0.0558346,0.532763]],[[0.612299,0.754225,-0.237139],[-0.694997,0.656449,0.29335],[0.376922,-0.0148069,0.926127]],[[0.612299,0.754225,-0.237139],[-0.624446,0.277368,-0.73016],[-0.48493,0.595157,0.640805]],[[0.612299,0.754225,-0.237139],[0.114333,-0.381253,-0.917373],[-0.782316,0.534594,-0.319673]]],"btipPosition":[-144.611,137.99,102.053],"carpPosition":[-93.2749,155.959,187.552],"dipPosition":[-157.419,146.742,96.8194],"direction":[0.48493,-0.595157,-0.640805],"extended":false,"handId":93,"id":931,"length":56.3495,"mcpPosition":[-153.133,159.917,149.786],"pipPosition":[-168.65,160.526,111.661],"stabilizedTipPosition":[-150.324,150.175,118.796],"timeVisible":0.017216,"tipPosition":[-141.433,136.041,106.342],"tipVelocity":[-301.875,-2355.75,-1253.98],"tool":false,"touchDistance":1,"touchZone":"none","type":1,"width":18.1468},{"bases":[[[0.515861,0.702402,-0.490428],[-0.332629,0.691792,0.640922],[0.789459,-0.167496,0.590508]],[[0.562272,0.691094,-0.454136],[-0.817403,0.547689,-0.178575],[0.125313,0.47162,0.872853]],[[0.562272,0.691094,-0.454136],[-0.125964,-0.471183,-0.872994],[-0.817303,0.548065,-0.17788]],[[0.562272,0.691094,-0.454136],[0.546664,-0.722689,-0.42294],[-0.620491,-0.0104525,-0.784144]]],"btipPosition":[-115.868,141.332,122.086],"carpPosition":[-90.4529,166.6,183.129],"dipPosition":[-127.041,141.144,107.966],"direction":[0.817303,-0.548065,0.17788],"extended":false,"handId":93,"id":932,"length":64.2057,"mcpPosition":[-143.523,177.86,143.433],"pipPosition":[-149.311,156.077,103.119],"stabilizedTipPosition":[-120.818,155.66,136.775],"timeVisible":0.017216,"tipPosition":[-111.789,140.046,125.179],"tipVelocity":[-720.04,-2563.86,-1190.67],"tool":false,"touchDistance":0.813974,"touchZone":"none","type":2,"width":17.8226}],"r":[[0.997907,0.0266893,0.0588955],[-0.0297074,0.998258,0.0509782],[-0.0574324,-0.0526212,0.996962]],"s":0.938967,"t":[10.2642,-13.6126,-11.5212],"timestamp":483148518554},{"currentFrameRate":114.845,"devices":[],"gestures":[],"hands":[{"armBasis":[[0.645514,0.449622,-0.617375],[-0.011414,0.813938,0.58084],[0.763664,-0.367893,0.53054]],"armWidth":60.2733,"confidence":0.134991,"direction":[-0.797493,0.218806,-0.562253],"elbow":[144.334,62.7906,325.175],"grabAngle":2.9402,"grabStrength":1,"id":93,"palmNormal":[0.123778,-0.852759,-0.507425],"palmPosition":[-115.947,168.975,149.176],"palmVelocity":[580.876,-261.813,-205.629],"palmWidth":87.6718,"pinchDistance":27.4576,"pinchStrength":1,"r":[[0.996687,-0.0155145,0.0798432],[0.0187791,0.999011,-0.0403],[-0.079139,0.0416658,0.995992]],"s":0.875921,"sphereCenter":[-118.39,138.502,109.354],"sphereRadius":41.365,"stabilizedP