{"frames":203,"data":[{"currentFrameRate":115.097,"devices":[],"gestures":[],"hands":[],"id":552281,"interactionBox":{"center":[0,200,0],"size":[235.247,235.247,147.751]},"pointables":[],"r":[[0.0247649,0.0761236,-0.996791],[-0.936875,-0.346113,-0.0497085],[-0.348786,0.935099,0.0627469]],"s":0.924124,"t":[10.5189,-1105.22,634.968],"timestamp":486466616558},{"currentFrameRate":115.11,"devices":[],"gestures":[],"hands":[],"id":552282,"interactionBox":{"center":[0,200,0],"size":[235.247,235.247,147.751]},"pointables":[],"r":[[0.0247649,0.0761236,-0.996791],[-0.936875,-0.346113,-0.0497085],[-0.348786,0.935099,0.0627469]],"s":0.924124,"t":[10.5189,-1105.22,634.968],"timestamp":486466625224},{"currentFrameRate":115.123,"devices":[],"gestures":[],"hands":[],"id":552283,"interactionBox":{"center":[0,200,0],"size":[235.247,235.247,147.751]},"pointables":[],"r":[[0.0247649,0.0761236,-0.996791],[-0.936875,-0.346113,-0.0497085],[-0.348786,0.935099,0.0627469]],"s":0.924124,"t":[10.5189,-1105.22,634.968],"timestamp":486466633888},{"currentFrameRate":115.131,"devices":[],"gestures":[],"hands":[],"id":552284,"interactionBox":{"center":[0,200,0],"size":[235.247,235.247,147.751]},"pointables":[],"r":[[0.0247649,0.0761236,-0.996791],[-0.936875,-0.346113,-0.0497085],[-0.348786,0.935099,0.0627469]],"s":0.924124,"t":[10.5189,-1105.22,634.968],"timestamp":486466642560},{"currentFrameRate":115.125,"devices":[],"gestures":[],"hands":[],"id":552285,"interactionBox":{"center":[0,200,0],"size":[235.247,235.247,147.751]},"pointables":[],"r":[[0.0247649,0.0761236,-0.996791],[-0.936875,-0.346113,-0.0497085],[-0.348786,0.935099,0.0627469]],"s":0.924124,"t":[10.5189,-1105.22,634.968],"timestamp":486466651257},{"currentFrameRate":115.17,"devices":[],"gestures":[],"hands":[],"id":552286,"interactionBox":{"center":[0,200,0],"size":[235.247,235.247,147.751]},"pointables":[],"r":[[0.0247649,0.0761236,-0.996791],[-0.936875,-0.346113,-0.0497085],[-0.348786,0.935099,0.0627469]],"s":0.924124,"t":[10.5189,-1105.22,634.968],"timestamp":486466659863},{"currentFrameRate":115.154,"devices":[],"gestures":[],"hands":[],"id":552287,"interactionBox":{"center":[0,200,0],"size":[235.247,235.247,147.751]},"pointables":[],"r":[[0.0247649,0.0761236,-0.996791],[-0.936875,-0.346113,-0.0497085],[-0.348786,0.935099,0.0627469]],"s":0.924124,"t":[10.5189,-1105.22,634.968],"timestamp":486466668574},{"currentFrameRate":115.167,"devices":[],"gestures":[],"hands":[],"id":552288,"interactionBox":{"center":[0,200,0],"size":[235.247,235.247,147.751]},"pointables":[],"r":[[0.0247649,0.0761236,-0.996791],[-0.936875,-0.346113,-0.0497085],[-0.348786,0.935099,0.0627469]],"s":0.924124,"t":[10.5189,-1105.22,634.968],"timestamp":486466677235},{"currentFrameRate":115.171,"devices":[],"gestures":[],"hands":[],"id":552289,"interactionBox":{"center":[0,200,0],"size":[235.247,235.247,147.751]},"pointables":[],"r":[[0.0247649,0.0761236,-0.996791],[-0.936875,-0.346113,-0.0497085],[-0.348786,0.935099,0.0627469]],"s":0.924124,"t":[10.5189,-1105.22,634.968],"timestamp":486466685911},{"currentFrameRate":115.191,"devices":[],"gestures":[],"hands":[],"id":552290,"interactionBox":{"center":[0,200,0],"size":[235.247,235.247,147.751]},"pointables":[],"r":[[0.0247649,0.0761236,-0.996791],[-0.936875,-0.346113,-0.0497085],[-0.348786,0.935099,0.0627469]],"s":0.924124,"t":[10.5189,-1105.22,634.968],"timestamp":486466694558},{"currentFrameRate":115.194,"devices":[],"gestures":[],"hands":[],"id":552291,"interactionBox":{"center":[0,200,0],"size":[235.247,235.247,147.751]},"pointables":[],"r":[[0.0247649,0.0761236,-0.996791],[-0.936875,-0.346113,-0.0497085],[-0.348786,0.935099,0.0627469]],"s":0.924124,"t":[10.5189,-1105.22,634.968],"timestamp":486466703234},{"currentFrameRate":115.194,"devices":[],"gestures":[],"hands":[],"id":552292,"interactionBox":{"center":[0,200,0],"size":[235.247,235.247,147.751]},"pointables":[],"r":[[0.0247649,0.0761236,-0.996791],[-0.936875,-0.346113,-0.0497085],[-0.348786,0.935099,0.0627469]],"s":0.924124,"t":[10.5189,-1105.22,634.968],"timestamp":486466711915},{"currentFrameRate":115.179,"devices":[],"gestures":[],"hands":[],"id":552293,"interactionBox":{"center":[0,200,0],"size":[235.247,235.247,147.751]},"pointables":[],"r":[[0.0247649,0.0761236,-0.996791],[-0.936875,-0.346113,-0.0497085],[-0.348786,0.935099,0.0627469]],"s":0.924124,"t":[10.5189,-1105.22,634.968],"timestamp":486466720622},{"currentFrameRate":115.189,"devices":[],"gestures":[],"hands":[],"id":552294,"interactionBox":{"center":[0,200,0],"size":[235.247,235.247,147.751]},"pointables":[],"r":[[0.0247649,0.0761236,-0.996791],[-0.936875,-0.346113,-0.0497085],[-0.348786,0.935099,0.0627469]],"s":0.924124,"t":[10.5189,-1105.22,634.968],"timestamp":486466729287},{"currentFrameRate":115.188,"devices":[],"gestures":[],"hands":[],"id":552295,"interactionBox":{"center":[0,200,0],"size":[235.247,235.247,147.751]},"pointables":[],"r":[[0.0247649,0.0761236,-0.996791],[-0.936875,-0.346113,-0.0497085],[-0.348786,0.935099,0.0627469]],"s":0.924124,"t":[10.5189,-1105.22,634.968],"timestamp":486466737970},{"currentFrameRate":115.237,"devices":[],"gestures":[],"hands":[],"id":552296,"interactionBox":{"center":[0,200,0],"size":[235.247,235.247,147.751]},"pointables":[],"r":[[0.0247649,0.0761236,-0.996791],[-0.936875,-0.346113,-0.0497085],[-0.348786,0.935099,0.0627469]],"s":0.924124,"t":[10.5189,-1105.22,634.968],"timestamp":486466746565},{"currentFrameRate":115.223,"devices":[],"gestures":[],"hands":[],"id":552297,"interactionBox":{"center":[0,200,0],"size":[235.247,235.247,147.751]},"pointables":[],"r":[[0.0247649,0.0761236,-0.996791],[-0.936875,-0.346113,-0.0497085],[-0.348786,0.935099,0.0627469]],"s":0.924124,"t":[10.5189,-1105.22,634.968],"timestamp":486466755268},{"currentFrameRate":115.148,"devices":[],"gestures":[],"hands":[],"id":552298,"interactionBox":{"center":[0,200,0],"size":[235.247,235.247,147.751]},"pointables":[],"r":[[0.0247649,0.0761236,-0.996791],[-0.936875,-0.346113,-0.0497085],[-0.348786,0.935099,0.0627469]],"s":0.924124,"t":[10.5189,-1105.22,634.968],"timestamp":486466764079},{"currentFrameRate":115.245,"devices":[],"gestures":[],"hands":[],"id":552299,"interactionBox":{"center":[0,200,0],"size":[235.247,235.247,147.751]},"pointables":[],"r":[[0.0247649,0.0761236,-0.996791],[-0.936875,-0.346113,-0.0497085],[-0.348786,0.935099,0.0627469]],"s":0.924124,"t":[10.5189,-1105.22,634.968],"timestamp":486466772591},{"currentFrameRate":115.169,"devices":[],"gestures":[],"hands":[],"id":552300,"interactionBox":{"center":[0,200,0],"size":[235.247,235.247,147.751]},"pointables":[],"r":[[0.0247649,0.0761236,-0.996791],[-0.936875,-0.346113,-0.0497085],[-0.348786,0.935099,0.0627469]],"s":0.924124,"t":[10.5189,-1105.22,634.968],"timestamp":486466781404},{"currentFrameRate":115.227,"devices":[],"gestures":[],"hands":[],"id":552301,"interactionBox":{"center":[0,200,0],"size":[235.247,235.247,147.751]},"pointables":[],"r":[[0.0247649,0.0761236,-0.996791],[-0.936875,-0.346113,-0.0497085],[-0.348786,0.935099,0.0627469]],"s":0.924124,"t":[10.5189,-1105.22,634.968],"timestamp":486466789983},{"currentFrameRate":115.212,"devices":[],"gestures":[],"hands":[],"id":552302,"interactionBox":{"center":[0,200,0],"size":[235.247,235.247,147.751]},"pointables":[],"r":[[0.0247649,0.0761236,-0.996791],[-0.936875,-0.346113,-0.0497085],[-0.348786,0.935099,0.0627469]],"s":0.924124,"t":[10.5189,-1105.22,634.968],"timestamp":486466798688},{"currentFrameRate":115.204,"devices":[],"gestures":[],"hands":[],"id":552303,"interactionBox":{"center":[0,200,0],"size":[235.247,235.247,147.751]},"pointables":[],"r":[[0.0247649,0.0761236,-0.996791],[-0.936875,-0.346113,-0.0497085],[-0.348786,0.935099,0.0627469]],"s":0.924124,"t":[10.5189,-1105.22,634.968],"timestamp":486466807382},{"currentFrameRate":115.24,"devices":[],"gestures":[],"hands":[],"id":552304,"interactionBox":{"center":[0,200,0],"size":[235.247,235.247,147.751]},"pointables":[],"r":[[0.0247649,0.0761236,-0.996791],[-0.936875,-0.346113,-0.0497085],[-0.348786,0.935099,0.0627469]],"s":0.924124,"t":[10.5189,-1105.22,634.968],"timestamp":486466815999},{"currentFrameRate":115.285,"devices":[],"gestures":[],"hands":[],"id":552305,"interactionBox":{"center":[0,200,0],"size":[235.247,235.247,147.751]},"pointables":[],"r":[[0.0247649,0.0761236,-0.996791],[-0.936875,-0.346113,-0.0497085],[-0.348786,0.935099,0.0627469]],"s":0.924124,"t":[10.5189,-1105.22,634.968],"timestamp":486466824596},{"currentFrameRate":115.234,"devices":[],"gestures":[],"hands":[],"id":552306,"interactionBox":{"center":[0,200,0],"size":[235.247,235.247,147.751]},"pointables":[],"r":[[0.0247649,0.0761236,-0.996791],[-0.936875,-0.346113,-0.0497085],[-0.348786,0.935099,0.0627469]],"s":0.924124,"t":[10.5189,-1105.22,634.968],"timestamp":486466833361},{"currentFrameRate":115.242,"devices":[],"gestures":[],"hands":[],"id":552307,"interactionBox":{"center":[0,200,0],"size":[235.247,235.247,147.751]},"pointables":[],"r":[[0.0247649,0.0761236,-0.996791],[-0.936875,-0.346113,-0.0497085],[-0.348786,0.935099,0.0627469]],"s":0.924124,"t":[10.5189,-1105.22,634.968],"timestamp":486466842025},{"currentFrameRate":106.028,"devices":[],"gestures":[],"hands":[],"id":552308,"interactionBox":{"center":[0,200,0],"size":[235.247,235.247,147.751]},"pointables":[],"r":[[0.0247649,0.0761236,-0.996791],[-0.936875,-0.346113,-0.0497085],[-0.348786,0.935099,0.0627469]],"s":0.924124,"t":[10.5189,-1105.22,634.968],"timestamp":486466867749},{"currentFrameRate":106.434,"devices":[],"gestures":[],"hands":[],"id":552309,"interactionBox":{"center":[0,200,0],"size":[235.247,235.247,147.751]},"pointables":[],"r":[[0.0247649,0.0761236,-0.996791],[-0.936875,-0.346113,-0.0497085],[-0.348786,0.935099,0.0627469]],"s":0.924124,"t":[10.5189,-1105.22,634.968],"timestamp":486466876398},{"currentFrameRate":106.789,"devices":[],"gestures":[],"hands":[],"id":552310,"interactionBox":{"center":[0,200,0],"size":[235.247,235.247,147.751]},"pointables":[],"r":[[0.0247649,0.0761236,-0.996791],[-0.936875,-0.346113,-0.0497085],[-0.348786,0.935099,0.0627469]],"s":0.924124,"t":[10.5189,-1105.22,634.968],"timestamp":486466885111},{"currentFrameRate":107.169,"devices":[],"gestures":[],"hands":[],"id":552311,"interactionBox":{"center":[0,200,0],"size":[235.247,235.247,147.751]},"pointables":[],"r":[[0.0247649,0.0761236,-0.996791],[-0.936875,-0.346113,-0.0497085],[-0.348786,0.935099,0.0627469]],"s":0.924124,"t":[10.5189,-1105.22,634.968],"timestamp":486466893748},{"currentFrameRate":107.494,"devices":[],"gestures":[],"hands":[],"id":552312,"interactionBox":{"center":[0,200,0],"size":[235.247,235.247,147.751]},"pointables":[],"r":[[0.0247649,0.0761236,-0.996791],[-0.936875,-0.346113,-0.0497085],[-0.348786,0.935099,0.0627469]],"s":0.924124,"t":[10.5189,-1105.22,634.968],"timestamp":486466902460},{"currentFrameRate":107.86,"devices":[],"gestures":[],"hands":[],"id":552313,"interactionBox":{"center":[0,200,0],"size":[235.247,235.247,147.751]},"pointables":[],"r":[[0.0247649,0.0761236,-0.996791],[-0.936875,-0.346113,-0.0497085],[-0.348786,0.935099,0.0627469]],"s":0.924124,"t":[10.5189,-1105.22,634.968],"timestamp":486466911066},{"currentFrameRate":108.168,"devices":[],"gestures":[],"hands":[],"id":552314,"interactionBox":{"center":[0,200,0],"size":[235.247,235.247,147.751]},"pointables":[],"r":[[0.0247649,0.0761236,-0.996791],[-0.936875,-0.346113,-0.0497085],[-0.348786,0.935099,0.0627469]],"s":0.924124,"t":[10.5189,-1105.22,634.968],"timestamp":486466919755},{"currentFrameRate":108.454,"devices":[],"gestures":[],"hands":[],"id":552315,"interactionBox":{"center":[0,200,0],"size":[235.247,235.247,147.751]},"pointables":[],"r":[[0.0247649,0.0761236,-0.996791],[-0.936875,-0.346113,-0.0497085],[-0.348786,0.935099,0.0627469]],"s":0.924124,"t":[10.5189,-1105.22,634.968],"timestamp":486466928458},{"currentFrameRate":108.727,"devices":[],"gestures":[],"hands":[],"id":552316,"interactionBox":{"center":[0,200,0],"size":[235.247,235.247,147.751]},"pointables":[],"r":[[0.0247649,0.0761236,-0.996791],[-0.936875,-0.346113,-0.0497085],[-0.348786,0.935099,0.0627469]],"s":0.924124,"t":[10.5189,-1105.22,634.968],"timestamp":486466937165},{"currentFrameRate":109.042,"devices":[],"gestures":[],"hands":[],"id":552317,"interactionBox":{"center":[0,200,0],"size":[235.247,235.247,147.751]},"pointables":[],"r":[[0.0247649,0.0761236,-0.996791],[-0.936875,-0.346113,-0.0497085],[-0.348786,0.935099,0.0627469]],"s":0.924124,"t":[10.5189,-1105.22,634.968],"timestamp":486466945771},{"currentFrameRate":109.279,"devices":[],"gestures":[],"hands":[],"id":552318,"interactionBox":{"center":[0,200,0],"size":[235.247,235.247,147.751]},"pointables":[],"r":[[0.0247649,0.0761236,-0.996791],[-0.936875,-0.346113,-0.0497085],[-0.348786,0.935099,0.0627469]],"s":0.924124,"t":[10.5189,-1105.22,634.968],"timestamp":486466954497},{"currentFrameRate":109.543,"devices":[],"gestures":[],"hands":[],"id":552319,"interactionBox":{"center":[0,200,0],"size":[235.247,235.247,147.751]},"pointables":[],"r":[[0.0247649,0.0761236,-0.996791],[-0.936875,-0.346113,-0.0497085],[-0.348786,0.935099,0.0627469]],"s":0.924124,"t":[10.5189,-1105.22,634.968],"timestamp":486466963154},{"currentFrameRate":109.776,"devices":[],"gestures":[],"hands":[],"id":552320,"interactionBox":{"center":[0,200,0],"size":[235.247,235.247,147.751]},"pointables":[],"r":[[0.0247649,0.0761236,-0.996791],[-0.936875,-0.346113,-0.0497085],[-0.348786,0.935099,0.0627469]],"s":0.924124,"t":[10.5189,-1105.22,634.968],"timestamp":486466971849},{"currentFrameRate":109.893,"devices":[],"gestures":[],"hands":[],"id":552321,"interactionBox":{"center":[0,200,0],"size":[235.247,235.247,147.751]},"pointables":[],"r":[[0.0247649,0.0761236,-0.996791],[-0.936875,-0.346113,-0.0497085],[-0.348786,0.935099,0.0627469]],"s":0.924124,"t":[10.5189,-1105.22,634.968],"timestamp":486466980740},{"currentFrameRate":110.261,"devices":[],"gestures":[],"hands":[],"id":552322,"interactionBox":{"center":[0,200,0],"size":[235.247,235.247,147.751]},"pointables":[],"r":[[0.0247649,0.0761236,-0.996791],[-0.936875,-0.346113,-0.0497085],[-0.348786,0.935099,0.0627469]],"s":0.924124,"t":[10.5189,-1105.22,634.968],"timestamp":486466989156},{"currentFrameRate":110.469,"devices":[],"gestures":[],"hands":[],"id":552323,"interactionBox":{"center":[0,200,0],"size":[235.247,235.247,147.751]},"pointables":[],"r":[[0.0247649,0.0761236,-0.996791],[-0.936875,-0.346113,-0.0497085],[-0.348786,0.935099,0.0627469]],"s":0.924124,"t":[10.5189,-1105.22,634.968],"timestamp":486466997839},{"currentFrameRate":110.668,"devices":[],"gestures":[],"hands":[],"id":552324,"interactionBox":{"center":[0,200,0],"size":[235.247,235.247,147.751]},"pointables":[],"r":[[0.0247649,0.0761236,-0.996791],[-0.936875,-0.346113,-0.0497085],[-0.348786,0.935099,0.0627469]],"s":0.924124,"t":[10.5189,-1105.22,634.968],"timestamp":486467006523},{"currentFrameRate":110.871,"devices":[],"gestures":[],"hands":[],"id":552325,"interactionBox":{"center":[0,200,0],"size":[235.247,235.247,147.751]},"pointables":[],"r":[[0.0247649,0.0761236,-0.996791],[-0.936875,-0.346113,-0.0497085],[-0.348786,0.935099,0.0627469]],"s":0.924124,"t":[10.5189,-1105.22,634.968],"timestamp":486467015185},{"currentFrameRate":111.062,"devices":[],"gestures":[],"hands":[],"id":552326,"interactionBox":{"center":[0,200,0],"size":[235.247,235.247,147.751]},"pointables":[],"r":[[0.0247649,0.0761236,-0.996791],[-0.936875,-0.346113,-0.0497085],[-0.348786,0.935099,0.0627469]],"s":0.924124,"t":[10.5189,-1105.22,634.968],"timestamp":486467023853},{"currentFrameRate":111.209,"devices":[],"gestures":[],"hands":[],"id":552327,"interactionBox":{"center":[0,200,0],"size":[235.247,235.247,147.751]},"pointables":[],"r":[[0.0247649,0.0761236,-0.996791],[-0.936875,-0.346113,-0.0497085],[-0.348786,0.935099,0.0627469]],"s":0.924124,"t":[10.5189,-1105.22,634.968],"timestamp":486467032586},{"currentFrameRate":111.401,"devices":[],"gestures":[],"hands":[{"armBasis":[[-0.375384,-0.644354,-0.666254],[-0.885934,0.460704,0.0535966],[-0.272411,-0.610376,0.743796]],"armWidth":62.2566,"confidence":0,"direction":[-0.134551,0.880621,-0.454315],"elbow":[-210.656,-19.8632,387.124],"grabAngle":0.181057,"grabStrength":0,"id":171,"palmNormal":[0.945572,-0.0229882,-0.324601],"palmPosition":[-138.178,207.451,158.566],"palmVelocity":[1.19209e-7,1.19209e-7,1.19209e-7],"palmWidth":88.9003,"pinchDistance":62.8399,"pinchStrength":0,"r":[[1,2.77556e-18,-4.16334e-18],[-2.77556e-18,1,2.31112e-35],[4.16334e-18,-1.15556e-35,1]],"s":1,"sphereCenter":[-7.34464,203.981,78.2977],"sphereRadius":157.654,"stabilizedPalmPosition":[-138.178,207.451,158.566],"t":[0,0,0],"timeVisible":0,"type":"left","wrist":[-138.794,141.153,190.912]}],"id":552328,"interactionBox":{"center":[0,200,0],"size":[235.247,235.247,147.751]},"pointables":[{"bases":[[[-0.991228,0.00195944,-0.132147],[-0.131906,0.0474842,0.990124],[-0.008215,-0.99887,0.0468093]],[[-0.981361,0.134566,-0.137192],[-0.14416,-0.0434306,0.988601],[-0.127073,-0.989952,-0.0620201]],[[-0.981361,0.134566,-0.137192],[-0.0638262,0.445144,0.893182],[-0.181262,-0.885291,0.428258]],[[-0.981361,0.134566,-0.137192],[0.0254253,0.798551,0.60139],[-0.190482,-0.586693,0.787088]]],"btipPosition":[-102.005,258.745,169.688],"carpPosition":[-118.596,167.557,198.927],"dipPosition":[-106.361,245.329,187.686],"direction":[0.181262,0.885291,-0.428258],"extended":true,"handId":171,"id":1710,"length":50.9194,"mcpPosition":[-118.596,167.557,198.927],"pipPosition":[-112.399,215.838,201.952],"stabilizedTipPosition":[-103.007,255.659,173.828],"timeVisible":0,"tipPosition":[-103.007,255.659,173.828],"tipVelocity":[1.19209e-7,1.19209e-7,1.19209e-7],"tool":false,"touchDistance":1,"touchZone":"none","type":0,"width":19.7849},{"bases":[[[-0.153511,-0.465038,-0.871879],[-0.988017,0.0865314,0.127805],[-0.0160106,-0.881051,0.47275]],[[-0.154259,-0.580991,-0.799158],[-0.988025,0.0880072,0.126734],[0.00329963,-0.809138,0.58761]],[[-0.154259,-0.580991,-0.799158],[-0.985026,0.153463,0.0785682],[-0.0769938,-0.799311,0.595965]],[[-0.154259,-0.580991,-0.799158],[-0.979519,0.195868,0.0466768],[-0.12941,-0.78999,0.599306]]],"btipPosition":[-140.238,305.364,95.996],"carpPosition":[-145.69,170.49,183.455],"dipPosition":[-142.615,290.86,107],"direction":[0.0769938,0.799311,-0.595965],"extended":true,"handId":171,"id":1712,"length":65.4675,"mcpPosition":[-144.598,230.547,151.23],"pipPosition":[-144.754,268.652,123.557],"stabilizedTipPosition":[-140.785,302.028,98.5269],"timeVisible":0,"tipPosition":[-140.785,302.028,98.5269],"tipVelocity":[1.19209e-7,1.19209e-7,1.19209e-7],"tool":false,"touchDistance":1,"touchZone":"none","type":2,"width":18.5609},{"bases":[[[-0.0792729,-0.594815,-0.799944],[-0.996467,0.0249553,0.0801919],[0.0277365,-0.803475,0.594692]],[[-0.0797159,-0.581597,-0.809562],[-0.996787,0.0528579,0.0601779],[-0.00779244,-0.811758,0.583942]],[[-0.0797159,-0.581597,-0.809562],[-0.990082,0.140447,-0.00340728],[-0.115682,-0.801261,0.587025]],[[-0.0797159,-0.581597,-0.809562],[-0.979403,0.196842,-0.0449734],[-0.185512,-0.789302,0.58531]]],"btipPosition":[-143.219,286.423,84.3149],"carpPosition":[-148.379,165.717,172.775],"dipPosition":[-146.606,272.014,94.9997],"direction":[0.115682,0.801261,-0.587025],"extended":true,"handId":171,"id":1713,"length":62.9488,"mcpPosition":[-150.077,214.891,136.379],"pipPosition":[-149.737,250.327,110.888],"stabilizedTipPosition":[-143.998,283.109,86.7724],"timeVisible":0,"tipPosition":[-143.998,283.109,86.7724],"tipVelocity":[1.19209e-7,1.19209e-7,1.19209e-7],"tool":false,"touchDistance":1,"touchZone":"none","type":3,"width":17.6619},{"bases":[[[0.0902123,-0.679703,-0.727919],[-0.990275,-0.138948,0.00701761],[0.105913,-0.720207,0.685627]],[[0.079193,-0.604441,-0.792704],[-0.99508,-0.0954202,-0.0266524],[0.0595302,-0.790915,0.609023]],[[0.079193,-0.604441,-0.792704],[-0.995474,-0.00604331,-0.0948421],[-0.0525358,-0.796627,0.602183]],[[0.079193,-0.604441,-0.792704],[-0.985647,0.0714547,-0.152953],[-0.149093,-0.793439,0.590106]]],"btipPosition":[-149.149,254.753,80.4822],"carpPosition":[-144.607,158.042,161.811],"dipPosition":[-151.66,241.391,90.4202],"direction":[0.0525359,0.796627,-0.602183],"extended":true,"handId":171,"id":1714,"length":49.3507,"mcpPosition":[-150.607,198.844,122.968],"pipPosition":[-152.664,226.168,101.928],"stabilizedTipPosition":[-149.727,251.68,82.768],"timeVisible":0,"tipPosition":[-149.727,251.68,82.768],"tipVelocity":[1.19209e-7,1.19209e-7,1.19209e-7],"tool":false,"touchDistance":1,"touchZone":"none","type":4,"width":15.6887},{"bases":[[[-0.31468,-0.318686,-0.894101],[-0.947406,0.163299,0.275236],[-0.0582915,-0.933688,0.353312]],[[-0.317378,-0.589967,-0.742436],[-0.942224,0.107706,0.317196],[0.107171,-0.800212,0.590064]],[[-0.317378,-0.589967,-0.742436],[-0.948227,0.187796,0.25612],[0.0116757,-0.785284,0.619025]],[[-0.317378,-0.589967,-0.742436],[-0.946268,0.248246,0.207247],[-0.0620373,-0.768318,0.637054]]],"btipPosition":[-139.951,305.547,118.424],"carpPosition":[-140.402,173.473,193.842],"dipPosition":[-140.987,292.721,129.059],"direction":[-0.0116757,0.785284,-0.619025],"extended":true,"handId":171,"id":1711,"length":57.4569,"mcpPosition":[-136.212,240.587,168.446],"pipPosition":[-140.711,274.176,143.677],"stabilizedTipPosition":[-140.189,302.597,120.87],"timeVisible":0,"tipPosition":[-140.189,302.597,120.87],"tipVelocity":[1.19209e-7,1.19209e-7,1.19209e-7],"tool":false,"touchDistance":1,"touchZone":"none","type":1,"width":18.8986}],"r":[[1,2.77556e-18,-4.16334e-18],[-2.77556e-18,1,2.31112e-35],[4.16334e-18,-1.15556e-35,1]],"s":1,"t":[0,0,0],"timestamp":486467041224},{"currentFrameRate":111.583,"devices":[],"gestures":[],"hands":[{"armBasis":[[-0.484323,-0.56528,-0.66775],[-0.824412,0.550375,0.132034],[-0.292877,-0.614448,0.732583]],"armWidth":62.7526,"confidence":0.0455001,"direction":[-0.124273,0.862528,-0.490512],"elbow":[-218.072,-20.0772,379.728],"grabAngle":0.161096,"grabStrength":0,"id":171,"palmNormal":[0.885866,-0.126247,-0.446433],"palmPosition":[-138.452,206.829,150.875],"palmVelocity":[-31.6893,-71.975,-889.827],"palmWidth":88.9003,"pinchDistance":60.6181,"pinchStrength":0,"r":[[0.999474,-0.0180868,-0.0269349],[0.0177266,0.999751,-0.0135499],[0.0271732,0.0130653,0.999545]],"s":0.978921,"sphereCenter":[71.5257,181.346,47.1656],"sphereRadius":239.207,"stabilizedPalmPosition":[-138.178,207.45,158.551],"t":[-0.136945,-0.31104,-3.84539],"timeVisible":0.008643,"type":"left","wrist":[-140.812,142.014,186.473]}],"id":552329,"interactionBox":{"center":[0,200,0],"size":[235.247,235.247,147.751]},"pointables":[{"bases":[[[-0.996459,0.0840483,0.00243447],[0.0120594,0.1142,0.993385],[-0.0832142,-0.989896,0.11481]],[[-0.991805,0.12773,-0.00264369],[-0.00808918,-0.042133,0.999079],[-0.127501,-0.990914,-0.042821]],[[-0.991805,0.12773,-0.00264369],[0.0641547,0.515834,0.854283],[-0.110481,-0.847113,0.519802]],[[-0.991805,0.12773,-0.00264369],[0.0991046,0.782264,0.615013],[-0.0806235,-0.609711,0.788513]]],"btipPosition":[-104.97,258.414,157.34],"carpPosition":[-116.75,167.638,190.839],"dipPosition":[-106.826,244.378,175.494],"direction":[0.110481,0.847113,-0.519802],"extended":true,"handId":171,"id":1710,"length":51.2665,"mcpPosition":[-116.75,167.638,190.839],"pipPosition":[-110.532,215.966,192.928],"stabilizedTipPosition":[-103.044,255.652,173.635],"timeVisible":0.008643,"tipPosition":[-100.485,253.44,159.269],"tipVelocity":[-276.537,-54.7475,-1424.5],"tool":false,"touchDistance":1,"touchZone":"none","type":0,"width":20.0118},{"bases":[[[-0.461507,-0.338231,-0.820129],[-0.883106,0.263186,0.388404],[-0.0844763,-0.903511,0.420156]],[[-0.460199,-0.647062,-0.607888],[-0.885718,0.28757,0.364426],[0.0609959,-0.706126,0.705454]],[[-0.460199,-0.647062,-0.607888],[-0.886712,0.300854,0.351039],[0.0442585,-0.70057,0.71221]],[[-0.460199,-0.647062,-0.607888],[-0.887467,0.316065,0.335419],[0.0249043,-0.69384,0.719699]]],"btipPosition":[-136.472,298.311,99.2981],"carpPosition":[-138.495,175.206,188.342],"dipPosition":[-136.053,286.649,111.394],"direction":[-0.0442585,0.70057,-0.71221],"extended":true,"handId":171,"id":1711,"length":57.8485,"mcpPosition":[-132.423,240.15,158.141],"pipPosition":[-135.001,269.992,128.328],"stabilizedTipPosition":[-139.549,301.427,117.715],"timeVisible":0.008643,"tipPosition":[-137.452,298.332,105.811],"tipVelocity":[441.246,-806.223,-2174.02],"tool":false,"touchDistance":1,"touchZone":"none","type":1,"width":19.1152},{"bases":[[[-0.311321,-0.497067,-0.80994],[-0.950056,0.182315,0.25329],[-0.0217622,-0.848343,0.529]],[[-0.310787,-0.626547,-0.714738],[-0.950457,0.19972,0.238207],[0.0065004,-0.753359,0.657577]],[[-0.310787,-0.626547,-0.714738],[-0.949698,0.235197,0.206778],[-0.0385478,-0.743048,0.668127]],[[-0.310787,-0.626547,-0.714738],[-0.946778,0.270369,0.174675],[-0.0838009,-0.730985,0.677229]]],"btipPosition":[-141.605,299.984,80.5395],"carpPosition":[-145.408,172.138,178.986],"dipPosition":[-143.154,286.471,93.0585],"direction":[0.0385478,0.743048,-0.668127],"extended":true,"handId":171,"id":1712,"length":65.9137,"mcpPosition":[-143.925,229.966,142.926],"pipPosition":[-144.233,265.686,111.748],"stabilizedTipPosition":[-140.871,301.65,97.4191],"timeVisible":0.008643,"tipPosition":[-141.719,297.652,85.2162],"tipVelocity":[-136.143,-596.101,-1748],"tool":false,"touchDistance":1,"touchZone":"none","type":2,"width":18.7737},{"bases":[[[-0.238619,-0.62881,-0.74004],[-0.97008,0.1192,0.21151],[0.0447873,-0.768368,0.638439]],[[-0.240114,-0.599937,-0.763165],[-0.970688,0.156863,0.182094],[-0.0104676,-0.784519,0.620017]],[[-0.240114,-0.599937,-0.763165],[-0.967079,0.216094,0.134395],[-0.084287,-0.770311,0.632074]],[[-0.240114,-0.599937,-0.763165],[-0.960704,0.259637,0.0981599],[-0.139256,-0.756746,0.638705]]],"btipPosition":[-147.369,283.447,73.824],"carpPosition":[-149.945,167.042,169.111],"dipPosition":[-149.929,269.538,85.563],"direction":[0.084287,0.770311,-0.632074],"extended":true,"handId":171,"id":1713,"length":63.3778,"mcpPosition":[-152.686,214.067,130.037],"pipPosition":[-152.226,248.547,102.787],"stabilizedTipPosition":[-144.257,282.922,86.1036],"timeVisible":0.008643,"tipPosition":[-148.033,278.777,75.6797],"tipVelocity":[-458.162,-330.997,-1185.75],"tool":false,"touchDistance":1,"touchZone":"none","type":3,"width":17.8644},{"bases":[[[-0.0682447,-0.724507,-0.68588],[-0.987591,-0.0484093,0.1494],[0.141445,-0.687565,0.712213]],[[-0.094399,-0.577286,-0.811067],[-0.994157,0.0118276,0.10729],[0.0523443,-0.816456,0.57503]],[[-0.094399,-0.577286,-0.811067],[-0.99307,0.11189,0.0359434],[-0.0700003,-0.808839,0.583848]],[[-0.094399,-0.577286,-0.811067],[-0.985251,0.170969,-0.0070168],[-0.142718,-0.798442,0.584911]]],"btipPosition":[-154.449,254.91,76.7814],"carpPosition":[-148.381,158.459,158.283],"dipPosition":[-156.869,241.372,86.699],"direction":[0.0700003,0.808839,-0.583848],"extended":true,"handId":171,"id":1714,"length":49.687,"mcpPosition":[-156.395,197.412,117.933],"pipPosition":[-158.215,225.81,97.9322],"stabilizedTipPosition":[-150.234,251.691,82.4117],"timeVisible":0.008643,"tipPosition":[-156.289,248.858,75.8458],"tipVelocity":[-610.742,13.4876,-428.731],"tool":false,"touchDistance":1,"touchZone":"none","type":4,"width":15.8685}],"r":[[0.999474,-0.0180868,-0.0269349],[0.0177266,0.999751,-0.0135499],[0.0271732,0.0130653,0.999545]],"s":0.978921,"t":[-0.136945,-0.31104,-3.84539],"timestamp":486467049867},{"currentFrameRate":111.736,"devices":[],"gestures":[],"hands":[{"armBasis":[[-0.499812,-0.530256,-0.684848],[-0.811435,0.563202,0.156127],[-0.30292,-0.633744,0.711764]],"armWidth":62.7526,"confidence":0.0910212,"direction":[-0.12539,0.858872,-0.496605],"elbow":[-223.97,-23.0242,368.886],"grabAngle":0.145904,"grabStrength":0,"id":171,"palmNormal":[0.868061,-0.147382,-0.474076],"palmPosition":[-141.491,208.835,145.114],"palmVelocity":[-350.021,231.054,-663.445],"palmWidth":88.9003,"pinchDistance":60.1692,"pinchStrength":0,"r":[[0.997827,-0.0364936,-0.0548671],[0.0350346,0.999013,-0.0273226],[0.05581,0.0253409,0.99812]],"s":0.958503,"sphereCenter":[-93.4026,210.318,76.8491],"sphereRadius":90.3024,"stabilizedPalmPosition":[-138.275,207.49,158.158],"t":[-1.72504,0.536562,-8.64843],"timeVisible":0.017326,"type":"left","wrist":[-144.06,144.157,181.123]}],"id":552330,"interactionBox":{"center":[0,200,0],"size":[235.247,235.247,147.751]},"pointables":[{"bases":[[[-0.994181,0.102029,0.0345507],[0.0473184,0.125498,0.990965],[-0.0967715,-0.986833,0.129595]],[[-0.989857,0.138935,0.0296704],[0.0271618,-0.0199174,0.999433],[-0.139447,-0.990101,-0.0159417]],[[-0.989857,0.138935,0.0296704],[0.103561,0.56268,0.820162],[-0.0972545,-0.814916,0.571361]],[[-0.989857,0.138935,0.0296704],[0.130708,0.808793,0.573383],[-0.055666,-0.571446,0.81875]]],"btipPosition":[-107.814,258.502,147.575],"carpPosition":[-119.158,169.726,184.81],"dipPosition":[-109.095,245.346,166.424],"direction":[0.0972545,0.814916,-0.571361],"extended":false,"handId":171,"id":1710,"length":51.2665,"mcpPosition":[-119.158,169.726,184.81],"pipPosition":[-112.357,218.014,185.588],"stabilizedTipPosition":[-103.172,255.647,173.087],"timeVisible":0.017326,"tipPosition":[-103.281,254.941,151.706],"tipVelocity":[-312.291,33.4368,-1106.21],"tool":false,"touchDistance":1,"touchZone":"none","type":0,"width":20.0118},{"bases":[[[-0.494595,-0.339358,-0.800132],[-0.864829,0.283566,0.41432],[-0.0862876,-0.896898,0.433737]],[[-0.490964,-0.650234,-0.579785],[-0.859634,0.253599,0.443528],[0.141364,-0.716159,0.683471]],[[-0.490964,-0.650234,-0.579785],[-0.865162,0.28583,0.412062],[0.102217,-0.703916,0.70289]],[[-0.490964,-0.650234,-0.579785],[-0.867426,0.303158,0.394546],[0.0807807,-0.696629,0.712869]]],"btipPosition":[-144.398,300.835,94.1908],"carpPosition":[-140.838,177.655,182.946],"dipPosition":[-143.04,289.127,106.172],"direction":[-0.102217,0.703916,-0.70289],"extended":true,"handId":171,"id":1711,"length":57.8485,"mcpPosition":[-134.636,242.124,151.769],"pipPosition":[-140.61,272.391,122.884],"stabilizedTipPosition":[-140.69,300.601,112.491],"timeVisible":0.017326,"tipPosition":[-141.303,299.371,98.4371],"tipVelocity":[-887.966,289.524,-591.237],"tool":false,"touchDistance":1,"touchZone":"none","type":1,"width":19.1152},{"bases":[[[-0.346978,-0.500747,-0.793006],[-0.937681,0.202351,0.282505],[-0.0190018,-0.841609,0.539753]],[[-0.345695,-0.625899,-0.699104],[-0.935603,0.172973,0.307779],[0.0717125,-0.760481,0.645388]],[[-0.345695,-0.625899,-0.699104],[-0.938313,0.236932,0.251857],[-0.00800281,-0.743044,0.669195]],[[-0.345695,-0.625899,-0.699104],[-0.935519,0.287689,0.205034],[-0.0727942,-0.724904,0.684993]]],"btipPosition":[-148.649,302.216,75.0878],"carpPosition":[-148.113,174.605,173.863],"dipPosition":[-149.994,288.816,87.7503],"direction":[0.00800281,0.743044,-0.669195],"extended":true,"handId":171,"id":1712,"length":65.9137,"mcpPosition":[-146.818,231.973,137.07],"pipPosition":[-150.218,268.031,106.469],"stabilizedTipPosition":[-142.599,301.113,93.2702],"timeVisible":0.017326,"tipPosition":[-146.051,298.973,78.4],"tipVelocity":[-805.754,260.078,-624.064],"tool":false,"touchDistance":1,"touchZone":"none","type":2,"width":18.7737},{"bases":[[[-0.274312,-0.632959,-0.723958],[-0.960202,0.139126,0.242189],[0.0525741,-0.761582,0.645933]],[[-0.277165,-0.58176,-0.764679],[-0.960154,0.138021,0.243011],[0.0358323,-0.801564,0.596834]],[[-0.277165,-0.58176,-0.764679],[-0.95843,0.223523,0.177338],[-0.0677556,-0.782044,0.61953]],[[-0.277165,-0.58176,-0.764679],[-0.951626,0.276059,0.134903],[-0.132615,-0.765079,0.630132]]],"btipPosition":[-153.576,286.688,69.9797],"carpPosition":[-153.067,169.476,164.207],"dipPosition":[-156.013,272.626,81.5611],"direction":[0.0677556,0.782044,-0.61953],"extended":true,"handId":171,"id":1713,"length":63.3778,"mcpPosition":[-156.285,216.086,124.675],"pipPosition":[-157.86,251.316,98.4435],"stabilizedTipPosition":[-146.3,283.032,83.3201],"timeVisible":0.017326,"tipPosition":[-152.665,280.719,70.0304],"tipVelocity":[-711.539,369.232,-446.91],"tool":false,"touchDistance":1,"touchZone":"none","type":3,"width":17.8644},{"bases":[[[-0.103935,-0.731078,-0.674331],[-0.982737,-0.0288502,0.182747],[0.153057,-0.681683,0.715459]],[[-0.136552,-0.553356,-0.821675],[-0.98532,-0.00992013,0.170428],[0.102459,-0.832885,0.543879]],[[-0.136552,-0.553356,-0.821675],[-0.989263,0.119776,0.0837398],[-0.0520786,-0.824288,0.563771]],[[-0.136552,-0.553356,-0.821675],[-0.980998,0.190935,0.0344444],[-0.137826,-0.810765,0.568914]]],"btipPosition":[-160.915,257.937,73.4943],"carpPosition":[-152.019,160.741,153.438],"dipPosition":[-163.252,244.19,83.1406],"direction":[0.0520786,0.824288,-0.563771],"extended":true,"handId":171,"id":1714,"length":49.687,"mcpPosition":[-160.69,199.361,112.905],"pipPosition":[-164.254,228.331,93.9875],"stabilizedTipPosition":[-153.39,252.559,80.527],"timeVisible":0.017326,"tipPosition":[-161.152,251.109,71.2018],"tipVelocity":[-742.482,343.071,-385.755],"tool":false,"touchDistance":1,"touchZone":"none","type":4,"width":15.8685}],"r":[[0.997827,-0.0364936,-0.0548671],[0.0350346,0.999013,-0.0273226],[0.05581,0.0253409,0.99812]],"s":0.958503,"t":[-1.72504,0.536562,-8.64843],"timestamp":486467058550},{"currentFrameRate":111.901,"devices":[],"gestures":[],"hands":[{"armBasis":[[-0.498644,-0.508304,-0.702126],[-0.820031,0.539124,0.192081],[-0.280897,-0.671544,0.685656]],"armWidth":62.7526,"confidence":0.135984,"direction":[-0.148465,0.860955,-0.486532],"elbow":[-220.94,-30.2808,356.942],"grabAngle":0.130194,"grabStrength":0,"id":171,"palmNormal":[0.858193,-0.132296,-0.495986],"palmPosition":[-145.946,212.119,140.869],"palmVelocity":[-515.141,379.723,-490.9],"palmWidth":88.9003,"pinchDistance":59.316,"pinchStrength":0,"r":[[0.995452,-0.0487745,-0.0818285],[0.045847,0.998252,-0.0372828],[0.083504,0.0333616,0.995949]],"s":0.944037,"sphereCenter":[-152.664,224.777,89.4831],"sphereRadius":60.7512,"stabilizedPalmPosition":[-139.001,207.928,156.522],"t":[-4.74655,2.60228,-13.1726],"timeVisible":0.025974,"type":"left","wrist":[-146.84,146.872,176.066]}],"id":552331,"interactionBox":{"center":[0,200,0],"size":[235.247,235.247,147.751]},"pointables":[{"bases":[[[-0.994295,0.088682,0.0592711],[0.0696113,0.11846,0.990516],[-0.0808197,-0.988991,0.123957]],[[-0.989907,0.131071,0.0538933],[0.0538252,-0.00406485,0.998542],[-0.131099,-0.991365,0.00303108]],[[-0.989907,0.131071,0.0538933],[0.120615,0.579543,0.805967],[-0.074405,-0.804332,0.589502]],[[-0.989907,0.131071,0.0538933],[0.139155,0.826977,0.544744],[-0.0268313,-0.546745,0.836869]]],"btipPosition":[-112.649,260.916,140.515],"carpPosition":[-122.156,173.002,179.701],"dipPosition":[-113.267,248.329,159.781],"direction":[0.074405,0.804332,-0.589502],"extended":false,"handId":171,"id":1710,"length":51.2665,"mcpPosition":[-122.156,173.002,179.701],"pipPosition":[-115.762,221.352,179.553],"stabilizedTipPosition":[-103.842,255.813,171.126],"timeVisible":0.025974,"tipPosition":[-108.852,258.577,146.627],"tipVelocity":[-541.453,294.228,-805.3],"tool":false,"touchDistance":1,"touchZone":"none","type":0,"width":20.0118},{"bases":[[[-0.50934,-0.339647,-0.790704],[-0.85817,0.268968,0.437264],[-0.0641584,-0.901275,0.428471]],[[-0.498172,-0.642002,-0.582802],[-0.847605,0.218923,0.483362],[0.182731,-0.734783,0.653226]],[[-0.498172,-0.642002,-0.582802],[-0.858312,0.26979,0.436479],[0.122986,-0.717667,0.68544]],[[-0.498172,-0.642002,-0.582802],[-0.861503,0.290387,0.416518],[0.0981674,-0.709583,0.69775]]],"btipPosition":[-151.66,305.486,91.993],"carpPosition":[-143.976,180.66,178.422],"dipPosition":[-150.011,293.56,103.72],"direction":[-0.122986,0.717667,-0.68544],"extended":true,"handId":171,"id":1711,"length":57.8485,"mcpPosition":[-139.364,245.443,147.624],"pipPosition":[-147.086,276.496,120.017],"stabilizedTipPosition":[-143.775,301.225,107.307],"timeVisible":0.025974,"tipPosition":[-148.368,302.981,94.9063],"tipVelocity":[-831.999,531.963,-260.898],"tool":false,"touchDistance":1,"touchZone":"none","type":1,"width":19.1152},{"bases":[[[-0.359515,-0.499132,-0.788426],[-0.933126,0.187822,0.306592],[0.00494657,-0.845926,0.533278]],[[-0.354851,-0.618481,-0.701115],[-0.927532,0.138783,0.34702],[0.117322,-0.773447,0.622909]],[[-0.354851,-0.618481,-0.701115],[-0.934596,0.214841,0.283501],[0.0247118,-0.75586,0.654267]],[[-0.354851,-0.618481,-0.701115],[-0.934208,0.263894,0.240033],[-0.0365636,-0.740163,0.671433]]],"btipPosition":[-157.343,306.745,72.8931],"carpPosition":[-151.428,177.583,169.493],"dipPosition":[-158.019,293.063,85.3049],"direction":[-0.0247118,0.75586,-0.654267],"extended":true,"handId":171,"id":1712,"length":65.9137,"mcpPosition":[-151.765,235.247,133.141],"pipPosition":[-157.328,271.919,103.606],"stabilizedTipPosition":[-146.777,301.81,88.3567],"timeVisible":0.025974,"tipPosition":[-153.742,302.798,75.0899],"tipVelocity":[-987.556,516.151,-260.446],"tool":false,"touchDistance":1,"touchZone":"none","type":2,"width":18.7737},{"bases":[[[-0.283496,-0.630906,-0.72221],[-0.955794,0.124619,0.266323],[0.0780235,-0.765786,0.638345]],[[-0.288144,-0.577395,-0.76393],[-0.954429,0.108426,0.278046],[0.0777124,-0.809234,0.582324]],[[-0.288144,-0.577395,-0.76393],[-0.957381,0.19027,0.217301],[-0.0198845,-0.793985,0.607611]],[[-0.288144,-0.577395,-0.76393],[-0.95399,0.24217,0.176795],[-0.0829209,-0.779724,0.620609]]],"btipPosition":[-162.671,290.866,67.2926],"carpPosition":[-156.547,172.465,159.918],"dipPosition":[-164.195,276.535,78.699],"direction":[0.0198845,0.793985,-0.607611],"extended":true,"handId":171,"id":1713,"length":63.3778,"mcpPosition":[-161.322,219.332,120.85],"pipPosition":[-164.737,254.899,95.2565],"stabilizedTipPosition":[-151.319,284.394,79.297],"timeVisible":0.025974,"tipPosition":[-160.208,284.773,67.0139],"tipVelocity":[-1027.46,475.947,-315.379],"tool":false,"touchDistance":1,"touchZone":"none","type":3,"width":17.8644},{"bases":[[[-0.110712,-0.727157,-0.677485],[-0.977579,-0.0431753,0.206094],[0.179113,-0.685112,0.706073]],[[-0.149938,-0.544463,-0.825275],[-0.979882,-0.0293687,0.197403],[0.131716,-0.83827,0.529106]],[[-0.149938,-0.544463,-0.825275],[-0.988498,0.0992389,0.114122],[-0.0197643,-0.832893,0.55308]],[[-0.149938,-0.544463,-0.825275],[-0.984547,0.158606,0.0742371],[-0.0904743,-0.823653,0.559831]]],"btipPosition":[-168.46,261.79,70.5186],"carpPosition":[-155.646,163.828,149.057],"dipPosition":[-169.994,247.824,80.0109],"direction":[0.0197643,0.832893,-0.55308],"extended":true,"handId":171,"id":1714,"length":49.687,"mcpPosition":[-165.793,202.642,109.056],"pipPosition":[-170.374,231.799,90.6521],"stabilizedTipPosition":[-158.921,254.717,77.7209],"timeVisible":0.025974,"tipPosition":[-167.975,254.891,68.0339],"tipVelocity":[-851.132,439.663,-348.19],"tool":false,"touchDistance":1,"touchZone":"none","type":4,"width":15.8685}],"r":[[0.995452,-0.0487745,-0.0818285],[0.045847,0.998252,-0.0372828],[0.083504,0.0333616,0.995949]],"s":0.944037,"t":[-4.74655,2.60228,-13.1726],"timestamp":486467067198},{"currentFrameRate":112.056,"devices":[],"gestures":[],"hands":[{"armBasis":[[-0.515779,-0.496528,-0.698163],[-0.814216,0.537599,0.219179],[-0.266503,-0.681504,0.681564]],"armWidth":62.7526,"confidence":0.180419,"direction":[-0.172254,0.864221,-0.472706],"elbow":[-220.364,-29.3313,350.908],"grabAngle":0.131513,"grabStrength":0,"id":171,"palmNormal":[0.841178,-0.120662,-0.527124],"palmPosition":[-150.751,216.063,136.594],"palmVelocity":[-555.297,455.774,-493.966],"palmWidth":88.9003,"pinchDistance":59.4456,"pinchStrength":0,"r":[[0.992259,-0.0569882,-0.11034],[0.0524193,0.997661,-0.0438777],[0.112582,0.0377541,0.992925]],"s":0.936293,"sphereCenter":[-185.723,234.968,97.5558],"sphereRadius":61.3932,"stabilizedPalmPosition":[-141.151,209.417,152.875],"t":[-8.6598,5.60705,-17.5718],"timeVisible":0.034627,"type":"left","wrist":[-150.061,150.449,171.112]}],"id":552332,"interactionBox":{"center":[0,200,0],"size":[235.247,235.247,147.751]},"pointables":[{"bases":[[[-0.992249,0.0800179,0.0950693],[0.103567,0.109772,0.988546],[-0.0686655,-0.990731,0.117208]],[[-0.988467,0.121764,0.0900374],[0.0885837,-0.017311,0.995918],[-0.122825,-