{"frames":255,"data":[{"currentFrameRate":114.66,"devices":[],"gestures":[],"hands":[{"armBasis":[[0.979152,-0.115509,-0.16709],[0.168899,0.00597919,0.985615],[-0.112848,-0.993288,0.0253639]],"armWidth":57.5826,"confidence":1,"direction":[0.21294,0.969238,-0.123428],"elbow":[11.6734,-153.627,98.702],"grabAngle":3.14159,"grabStrength":0.80903,"id":614,"palmNormal":[-0.186507,-0.0836806,-0.978883],"palmPosition":[45.3847,155.881,82.3679],"palmVelocity":[-3.70289,-7.64986,-11.3352],"palmWidth":82.0627,"pinchDistance":12.2244,"pinchStrength":1,"r":[[-0.364162,0.856717,-0.365269],[0.445862,0.504704,0.739243],[0.817676,0.106344,-0.565772]],"s":1.32383,"sphereCenter":[52.1159,161.801,39.7087],"sphereRadius":40.0446,"stabilizedPalmPosition":[50.8371,169.103,64.849],"t":[-108.997,-138.479,-166.074],"timeVisible":25.9724,"type":"right","wrist":[39.1531,88.248,92.5257]}],"id":1328846,"interactionBox":{"center":[0,200,0],"size":[235.247,235.247,147.751]},"pointables":[{"bases":[[[0.594307,0.170836,0.785884],[-0.771572,-0.154555,0.617081],[0.226882,-0.973102,0.0399584]],[[0.466664,0.521719,0.714167],[-0.861241,0.0843493,0.501148],[0.201219,-0.848937,0.488689]],[[0.466664,0.521719,0.714167],[-0.883776,0.243903,0.399314],[0.0341426,-0.817509,0.574903]],[[0.466664,0.521719,0.714167],[-0.870196,0.415158,0.265334],[-0.158062,-0.745287,0.647737]]],"btipPosition":[8.46954,189.377,32.1968],"carpPosition":[15.2012,109.557,86.1086],"dipPosition":[5.07361,173.364,46.1132],"direction":[-0.0341426,0.817509,-0.574903],"extended":false,"handId":614,"id":6140,"length":47.8434,"mcpPosition":[15.2012,109.557,86.1086],"pipPosition":[6.14228,147.776,64.1078],"stabilizedTipPosition":[11.3214,195.709,25.2134],"timeVisible":25.9724,"tipPosition":[9.49742,185.418,35.2572],"tipVelocity":[-6.56253,-8.41545,-15.035],"tool":false,"touchDistance":0.330802,"touchZone":"hovering","type":0,"width":18.3155},{"bases":[[[0.981237,-0.0654409,-0.181361],[0.191695,0.230256,0.954063],[-0.0206753,-0.970927,0.23848]],[[0.977483,0.0425761,-0.206676],[0.0622493,0.877666,0.475214],[0.201625,-0.477379,0.855253]],[[0.977483,0.0425761,-0.206676],[-0.116692,0.925109,-0.361325],[0.175814,0.377306,0.909247]],[[0.977483,0.0425761,-0.206676],[-0.189572,0.607373,-0.771467],[0.0926832,0.793275,0.601767]]],"btipPosition":[15.5867,181.139,21.8264],"carpPosition":[27.5217,118.703,100.995],"dipPosition":[17.0404,193.581,31.265],"direction":[-0.175814,-0.377306,-0.909247],"extended":false,"handId":614,"id":6141,"length":53.986,"mcpPosition":[28.8935,183.125,85.1711],"pipPosition":[20.9415,201.953,51.44],"stabilizedTipPosition":[18.1056,191.566,13.9844],"timeVisible":25.9724,"tipPosition":[16.4202,190.952,24.6074],"tipVelocity":[3.70891,-10.3559,-12.4406],"tool":false,"touchDistance":0.336538,"touchZone":"hovering","type":1,"width":17.495},{"bases":[[[0.922269,-0.234303,-0.307443],[0.354324,0.194505,0.91467],[-0.154511,-0.952507,0.262405]],[[0.929875,-0.176765,-0.322625],[0.131104,0.978644,-0.158326],[0.343722,0.104926,0.933191]],[[0.929875,-0.176765,-0.322625],[-0.336167,-0.0521022,-0.94036],[0.149413,0.982873,-0.107871]],[[0.929875,-0.176765,-0.322625],[-0.362246,-0.59281,-0.719273],[-0.0641131,0.785704,-0.615272]]],"btipPosition":[30.3253,134.933,55.9669],"carpPosition":[38.6066,118.853,100.34],"dipPosition":[29.2193,148.487,45.3526],"direction":[-0.149413,-0.982873,0.107871],"extended":false,"handId":614,"id":6142,"length":61.5127,"mcpPosition":[48.3289,178.788,83.829],"pipPosition":[33.1197,174.145,42.5367],"stabilizedTipPosition":[31.0478,154.124,35.8167],"timeVisible":25.9724,"tipPosition":[29.5194,141.213,50.8412],"tipVelocity":[-0.63045,-8.03106,-13.5037],"tool":false,"touchDistance":0.333333,"touchZone":"none","type":2,"width":17.1824},{"bases":[[[0.860127,-0.38591,-0.333548],[0.414205,0.146805,0.898266],[-0.297683,-0.910781,0.286117]],[[0.87643,-0.330601,-0.350105],[0.274255,0.940332,-0.201395],[0.395796,0.0804903,0.914804]],[[0.87643,-0.330601,-0.350105],[-0.373225,-0.00698124,-0.927715],[0.304259,0.943745,-0.129507]],[[0.87643,-0.330601,-0.350105],[-0.481416,-0.58583,-0.651952],[0.0104339,0.739936,-0.672596]]],"btipPosition":[41.8438,128.593,58.6432],"carpPosition":[49.177,117.133,97.4992],"dipPosition":[42.0227,141.285,47.1068],"direction":[-0.304259,-0.943745,0.129507],"extended":false,"handId":614,"id":6143,"length":59.1461,"mcpPosition":[65.9944,168.587,81.3352],"pipPosition":[49.7603,165.285,43.8133],"stabilizedTipPosition":[43.1023,146.253,37.8866],"timeVisible":25.9724,"tipPosition":[41.7113,134.256,53.6128],"tipVelocity":[-0.787574,-8.39793,-11.2718],"tool":false,"touchDistance":0.333333,"touchZone":"none","type":3,"width":16.3501},{"bases":[[[0.739551,-0.507645,-0.441996],[0.515006,0.00394892,0.857178],[-0.433397,-0.861557,0.264361]],[[0.786116,-0.400856,-0.470464],[0.377321,0.914117,-0.148388],[0.489542,-0.0608656,0.869853]],[[0.786116,-0.400856,-0.470464],[-0.437052,0.177712,-0.881705],[0.437043,0.89874,-0.0354927]],[[0.786116,-0.400856,-0.470464],[-0.613828,-0.417214,-0.670184],[0.0723629,0.815627,-0.574035]]],"btipPosition":[55.5319,130.031,57.0746],"carpPosition":[57.7498,112.043,89.4146],"dipPosition":[56.677,142.938,47.9913],"direction":[-0.437043,-0.89874,0.0354927],"extended":false,"handId":614,"id":6144,"length":46.3694,"mcpPosition":[80.4148,157.099,75.5896],"pipPosition":[64.5242,159.075,47.354],"stabilizedTipPosition":[57.2403,148.06,35.4942],"timeVisible":25.9724,"tipPosition":[55.4987,135.335,54.2654],"tipVelocity":[-0.713657,-8.38359,-9.76579],"tool":false,"touchDistance":0.333333,"touchZone":"none","type":4,"width":14.5235}],"r":[[-0.364162,0.856717,-0.365269],[0.445862,0.504704,0.739243],[0.817676,0.106344,-0.565772]],"s":1.32383,"t":[-108.997,-138.479,-166.074],"timestamp":493594051317},{"currentFrameRate":114.679,"devices":[],"gestures":[],"hands":[{"armBasis":[[0.979096,-0.115545,-0.167394],[0.169196,0.00589746,0.985565],[-0.11289,-0.993285,0.0253239]],"armWidth":57.5826,"confidence":1,"direction":[0.21307,0.969226,-0.123296],"elbow":[11.6171,-153.722,98.5815],"grabAngle":3.14159,"grabStrength":0.809906,"id":614,"palmNormal":[-0.186783,-0.0834586,-0.97885],"palmPosition":[45.3459,155.787,82.2675],"palmVelocity":[-4.46372,-10.8818,-11.563],"palmWidth":82.0627,"pinchDistance":12.2501,"pinchStrength":1,"r":[[-0.364026,0.856827,-0.365147],[0.445888,0.504521,0.739352],[0.817721,0.106329,-0.565708]],"s":1.32383,"sphereCenter":[52.0479,161.723,39.6136],"sphereRadius":40.0391,"stabilizedPalmPosition":[50.8319,169.091,64.8653],"t":[-109.03,-138.547,-166.163],"timeVisible":25.981,"type":"right","wrist":[39.1068,88.1524,92.4149]}],"id":1328847,"interactionBox":{"center":[0,200,0],"size":[235.247,235.247,147.751]},"pointables":[{"bases":[[[0.594546,0.170583,0.785758],[-0.771433,-0.154546,0.617258],[0.226729,-0.973148,0.0397083]],[[0.466877,0.521628,0.714094],[-0.861033,0.0840405,0.501557],[0.201613,-0.849024,0.488375]],[[0.466877,0.521628,0.714094],[-0.88364,0.243473,0.399876],[0.034724,-0.817695,0.574603]],[[0.466877,0.521628,0.714094],[-0.870188,0.414786,0.265942],[-0.157473,-0.745559,0.647568]]],"btipPosition":[8.37535,189.302,32.1225],"carpPosition":[15.1556,109.467,86.0072],"dipPosition":[4.99208,173.284,46.0353],"direction":[-0.034724,0.817695,-0.574603],"extended":false,"handId":614,"id":6140,"length":47.8434,"mcpPosition":[15.1556,109.467,86.0072],"pipPosition":[6.07894,147.69,64.0205],"stabilizedTipPosition":[11.3088,195.675,25.2475],"timeVisible":25.981,"tipPosition":[9.44533,185.339,35.1725],"tipVelocity":[-10.5066,-8.74237,-8.64429],"tool":false,"touchDistance":0.32955,"touchZone":"hovering","type":0,"width":18.3155},{"bases":[[[0.981177,-0.0655707,-0.181636],[0.191989,0.230038,0.954056],[-0.0207749,-0.97097,0.238297]],[[0.977418,0.042638,-0.206971],[0.0623625,0.877609,0.475303],[0.201905,-0.477477,0.855132]],[[0.977418,0.042638,-0.206971],[-0.11693,0.924951,-0.361653],[0.176017,0.377687,0.909049]],[[0.977418,0.042638,-0.206971],[-0.189986,0.606137,-0.772336],[0.0925217,0.794216,0.60055]]],"btipPosition":[15.5402,181.027,21.7639],"carpPosition":[27.4817,118.608,100.892],"dipPosition":[16.9914,193.484,31.1834],"direction":[-0.176017,-0.377687,-0.909049],"extended":false,"handId":614,"id":6141,"length":53.986,"mcpPosition":[28.8601,183.033,85.0804],"pipPosition":[20.897,201.865,51.354],"stabilizedTipPosition":[18.103,191.557,13.9962],"timeVisible":25.981,"tipPosition":[16.3707,190.857,24.52],"tipVelocity":[-5.41706,-12.462,-7.6995],"tool":false,"touchDistance":0.335214,"touchZone":"hovering","type":1,"width":17.495},{"bases":[[[0.922148,-0.234398,-0.307736],[0.354602,0.194267,0.914613],[-0.154601,-0.952532,0.262261]],[[0.929759,-0.176859,-0.322908],[0.131212,0.978649,-0.15821],[0.343994,0.104728,0.933113]],[[0.929759,-0.176859,-0.322908],[-0.336423,-0.0518348,-0.940283],[0.149559,0.98287,-0.107693]],[[0.929759,-0.176859,-0.322908],[-0.362539,-0.5926,-0.719299],[-0.0641412,0.785841,-0.615093]]],"btipPosition":[30.2754,134.844,55.8658],"carpPosition":[38.5664,118.756,100.234],"dipPosition":[29.1688,148.401,45.2547],"direction":[-0.149559,-0.98287,0.107693],"extended":false,"handId":614,"id":6142,"length":61.5127,"mcpPosition":[48.2943,178.692,83.7322],"pipPosition":[33.0731,174.058,42.4434],"stabilizedTipPosition":[31.0474,154.117,35.8244],"timeVisible":25.981,"tipPosition":[29.4698,141.127,50.7425],"tipVelocity":[-5.76088,-10.1665,-11.549],"tool":false,"touchDistance":0.333333,"touchZone":"none","type":2,"width":17.1824},{"bases":[[[0.859973,-0.38599,-0.333854],[0.41447,0.146561,0.898184],[-0.29776,-0.910787,0.286019]],[[0.876281,-0.330681,-0.350404],[0.27436,0.940325,-0.201285],[0.396055,0.0802456,0.914714]],[[0.876281,-0.330681,-0.350404],[-0.373451,-0.00666677,-0.927626],[0.304412,0.943719,-0.129335]],[[0.876281,-0.330681,-0.350404],[-0.481688,-0.585532,-0.652019],[0.0104377,0.740137,-0.672375]]],"btipPosition":[41.7923,128.503,58.5352],"carpPosition":[49.1358,117.035,97.3902],"dipPosition":[41.9713,141.198,47.0026],"direction":[-0.304412,-0.943719,0.129335],"extended":false,"handId":614,"id":6143,"length":59.1461,"mcpPosition":[65.9575,168.489,81.2317],"pipPosition":[49.7128,165.197,43.7135],"stabilizedTipPosition":[43.1013,146.241,37.9015],"timeVisible":25.981,"tipPosition":[41.6613,134.167,53.5097],"tipVelocity":[-5.92034,-10.3335,-12.3272],"tool":false,"touchDistance":0.333333,"touchZone":"none","type":3,"width":16.3501},{"bases":[[[0.739348,-0.507684,-0.442292],[0.515236,0.00369536,0.85704],[-0.433471,-0.861536,0.264309]],[[0.785923,-0.400896,-0.470753],[0.377435,0.914083,-0.148311],[0.489764,-0.0611174,0.86971]],[[0.785923,-0.400896,-0.470753],[-0.437175,0.178128,-0.88156],[0.437268,0.898639,-0.0352671]],[[0.785923,-0.400896,-0.470753],[-0.614065,-0.416833,-0.670205],[0.0724574,0.815802,-0.573775]]],"btipPosition":[55.4788,129.939,56.9614],"carpPosition":[57.7055,111.945,89.3023],"dipPosition":[56.6253,142.848,47.8823],"direction":[-0.437268,-0.898639,0.0352671],"extended":false,"handId":614,"id":6144,"length":46.3694,"mcpPosition":[80.3744,157,75.48],"pipPosition":[64.4766,158.984,47.249],"stabilizedTipPosition":[57.2391,148.047,35.5101],"timeVisible":25.981,"tipPosition":[55.449,135.243,54.1585],"tipVelocity":[-6.07747,-10.5052,-12.912],"tool":false,"touchDistance":0.333333,"touchZone":"none","type":4,"width":14.5235}],"r":[[-0.364026,0.856827,-0.365147],[0.445888,0.504521,0.739352],[0.817721,0.106329,-0.565708]],"s":1.32383,"t":[-109.03,-138.547,-166.163],"timestamp":493594060005},{"currentFrameRate":114.729,"devices":[],"gestures":[],"hands":[{"armBasis":[[0.978929,-0.115614,-0.168322],[0.170119,0.00578772,0.985406],[-0.112953,-0.993277,0.025334]],"armWidth":57.5826,"confidence":1,"direction":[0.213295,0.969253,-0.122697],"elbow":[11.5666,-153.805,98.4463],"grabAngle":3.14159,"grabStrength":0.810787,"id":614,"palmNormal":[-0.187558,-0.0826278,-0.978772],"palmPosition":[45.3228,155.707,82.1713],"palmVelocity":[-2.67767,-9.17879,-11.1382],"palmWidth":82.0627,"pinchDistance":12.2624,"pinchStrength":1,"r":[[-0.363917,0.856996,-0.364859],[0.446056,0.50423,0.73945],[0.817679,0.106351,-0.565766]],"s":1.32379,"sphereCenter":[51.9668,161.686,39.5253],"sphereRadius":40.0288,"stabilizedPalmPosition":[50.8272,169.079,64.8802],"t":[-109.059,-138.621,-166.256],"timeVisible":25.9897,"type":"right","wrist":[39.0716,88.0674,92.2773]}],"id":1328848,"interactionBox":{"center":[0,200,0],"size":[235.247,235.247,147.751]},"pointables":[{"bases":[[[0.595203,0.16977,0.785437],[-0.771012,-0.154778,0.617726],[0.226439,-0.973253,0.0387702]],[[0.467446,0.521202,0.714033],[-0.860628,0.0837188,0.502305],[0.202025,-0.849317,0.487695]],[[0.467446,0.521202,0.714033],[-0.883314,0.24306,0.400847],[0.0353697,-0.818089,0.574002]],[[0.467446,0.521202,0.714033],[-0.870016,0.414436,0.267047],[-0.156735,-0.746051,0.647181]]],"btipPosition":[8.28529,189.266,32.0708],"carpPosition":[15.1201,109.395,85.8977],"dipPosition":[4.91788,173.237,45.9753],"direction":[-0.0353697,0.818089,-0.574002],"extended":false,"handId":614,"id":6140,"length":47.8434,"mcpPosition":[15.1201,109.395,85.8977],"pipPosition":[6.02495,147.631,63.9417],"stabilizedTipPosition":[11.2964,195.642,25.2803],"timeVisible":25.9897,"tipPosition":[9.39102,185.31,35.1275],"tipVelocity":[-10.0124,-4.46732,-6.2126],"tool":false,"touchDistance":0.328656,"touchZone":"hovering","type":0,"width":18.3155},{"bases":[[[0.981016,-0.0657501,-0.182438],[0.192793,0.229225,0.954089],[-0.0209122,-0.97115,0.237549]],[[0.97724,0.0428498,-0.207766],[0.0627572,0.877156,0.476087],[0.202644,-0.47829,0.854502]],[[0.97724,0.0428498,-0.207766],[-0.117346,0.925095,-0.36115],[0.176728,0.377311,0.909068]],[[0.97724,0.0428498,-0.207766],[-0.190802,0.605612,-0.772547],[0.0927223,0.794605,0.600004]]],"btipPosition":[15.4802,180.985,21.7348],"carpPosition":[27.4606,118.52,100.78],"dipPosition":[16.9345,193.449,31.1457],"direction":[-0.176728,-0.377311,-0.909068],"extended":false,"handId":614,"id":6141,"length":53.986,"mcpPosition":[28.8481,182.957,85.0183],"pipPosition":[20.8559,201.821,51.3167],"stabilizedTipPosition":[18.0998,191.546,14.0099],"timeVisible":25.9897,"tipPosition":[16.3141,190.821,24.4727],"tipVelocity":[-6.87257,-4.66936,-3.60352],"tool":false,"touchDistance":0.33456,"touchZone":"hovering","type":1,"width":17.495},{"bases":[[[0.921835,-0.234459,-0.308625],[0.355365,0.193432,0.914494],[-0.154714,-0.952687,0.261631]],[[0.929453,-0.17691,-0.323758],[0.1315,0.978756,-0.157304],[0.344709,0.103632,0.932972]],[[0.929453,-0.17691,-0.323758],[-0.337115,-0.0506987,-0.940097],[0.149899,0.98292,-0.106761]],[[0.929453,-0.17691,-0.323758],[-0.363304,-0.591668,-0.71968],[-0.0642386,0.786531,-0.6142]]],"btipPosition":[30.2221,134.798,55.752],"carpPosition":[38.5449,118.665,100.114],"dipPosition":[29.1139,148.366,45.1562],"direction":[-0.149899,-0.98292,0.106761],"extended":false,"handId":614,"id":6142,"length":61.5127,"mcpPosition":[48.2799,178.611,83.6518],"pipPosition":[33.027,174.025,42.3692],"stabilizedTipPosition":[31.047,154.111,35.831],"timeVisible":25.9897,"tipPosition":[29.4184,141.075,50.6497],"tipVelocity":[-6.21234,-5.02272,-12.7836],"tool":false,"touchDistance":0.333333,"touchZone":"none","type":2,"width":17.1824},{"bases":[[[0.859591,-0.386009,-0.334814],[0.415204,0.145718,0.897982],[-0.297841,-0.910913,0.285531]],[[0.875904,-0.330693,-0.351333],[0.274515,0.940393,-0.200756],[0.39678,0.0793965,0.914474]],[[0.875904,-0.330693,-0.351333],[-0.374151,-0.00577992,-0.92735],[0.304637,0.943721,-0.128792]],[[0.875904,-0.330693,-0.351333],[-0.482377,-0.584743,-0.652218],[0.0102439,0.740755,-0.671697]]],"btipPosition":[41.7404,128.442,58.4178],"carpPosition":[49.1115,116.942,97.2607],"dipPosition":[41.9161,141.147,46.8967],"direction":[-0.304637,-0.943721,0.128792],"extended":false,"handId":614,"id":6143,"length":59.1461,"mcpPosition":[65.9378,168.404,81.1298],"pipPosition":[49.6633,165.147,43.6214],"stabilizedTipPosition":[43.1003,146.23,37.9144],"timeVisible":25.9897,"tipPosition":[41.6091,134.111,53.3998],"tipVelocity":[-6.10108,-6.78355,-13.3036],"tool":false,"touchDistance":0.333333,"touchZone":"none","type":3,"width":16.3501},{"bases":[[[0.738842,-0.507578,-0.443256],[0.515892,0.00285246,0.856649],[-0.433552,-0.861601,0.263963]],[[0.785431,-0.400784,-0.471668],[0.377622,0.914075,-0.147881],[0.490408,-0.0619619,0.869287]],[[0.785431,-0.400784,-0.471668],[-0.437684,0.179183,-0.881094],[0.437644,0.898479,-0.0346804]],[[0.785431,-0.400784,-0.471668],[-0.614695,-0.415895,-0.67021],[0.0724452,0.816336,-0.573017]]],"btipPosition":[55.4234,129.876,56.8307],"carpPosition":[57.6734,111.856,89.1623],"dipPosition":[56.5698,142.793,47.7635],"direction":[-0.437644,-0.898479,0.0346804],"extended":false,"handId":614,"id":6144,"length":46.3694,"mcpPosition":[80.3465,156.914,75.358],"pipPosition":[64.4277,158.926,47.1408],"stabilizedTipPosition":[57.238,148.037,35.5237],"timeVisible":25.9897,"tipPosition":[55.3978,135.182,54.0388],"tipVelocity":[-6.42122,-7.13825,-14.8305],"tool":false,"touchDistance":0.333333,"touchZone":"none","type":4,"width":14.5235}],"r":[[-0.363917,0.856996,-0.364859],[0.446056,0.50423,0.73945],[0.817679,0.106351,-0.565766]],"s":1.32379,"t":[-109.059,-138.621,-166.256],"timestamp":493594068635},{"currentFrameRate":114.716,"devices":[],"gestures":[],"hands":[{"armBasis":[[0.978706,-0.115648,-0.16959],[0.171388,0.00570625,0.985187],[-0.112968,-0.993274,0.0254054]],"armWidth":57.5826,"confidence":1,"direction":[0.213498,0.969271,-0.1222],"elbow":[11.5377,-153.957,98.2893],"grabAngle":3.14159,"grabStrength":0.811071,"id":614,"palmNormal":[-0.188676,-0.0818203,-0.978625],"palmPosition":[45.307,155.56,82.0344],"palmVelocity":[-1.81109,-16.8804,-15.6714],"palmWidth":82.0627,"pinchDistance":12.2676,"pinchStrength":1,"r":[[-0.363851,0.857212,-0.364418],[0.446389,0.503853,0.739506],[0.817526,0.106398,-0.565978]],"s":1.32372,"sphereCenter":[51.8792,161.578,39.3924],"sphereRadius":40.0188,"stabilizedPalmPosition":[50.8223,169.067,64.8955],"t":[-109.081,-138.732,-166.371],"timeVisible":25.9984,"type":"right","wrist":[39.0464,87.9145,92.1028]}],"id":1328849,"interactionBox":{"center":[0,200,0],"size":[235.247,235.247,147.751]},"pointables":[{"bases":[[[0.596136,0.168966,0.784903],[-0.770378,-0.154976,0.618466],[0.226141,-0.973362,0.0377808]],[[0.468304,0.520728,0.713817],[-0.860052,0.083503,0.503327],[0.202491,-0.849629,0.486958]],[[0.468304,0.520728,0.713817],[-0.882831,0.242783,0.402077],[0.0360702,-0.818474,0.573411]],[[0.468304,0.520728,0.713817],[-0.869706,0.414202,0.268416],[-0.155892,-0.746511,0.646853]]],"btipPosition":[8.19638,189.162,31.9911],"carpPosition":[15.0922,109.255,85.7593],"dipPosition":[4.84707,173.124,45.8886],"direction":[-0.0360702,0.818474,-0.573411],"extended":false,"handId":614,"id":6140,"length":47.8434,"mcpPosition":[15.0922,109.255,85.7593],"pipPosition":[5.97607,147.505,63.8364],"stabilizedTipPosition":[11.2837,195.608,25.3128],"timeVisible":25.9984,"tipPosition":[9.32948,185.211,35.0532],"tipVelocity":[-9.69652,-12.1382,-9.30198],"tool":false,"touchDistance":0.327301,"touchZone":"hovering","type":0,"width":18.3155},{"bases":[[[0.98079,-0.0659548,-0.18358],[0.193936,0.228434,0.954048],[-0.0209882,-0.971323,0.236837]],[[0.976974,0.0431987,-0.208939],[0.0632019,0.876741,0.476793],[0.203782,-0.479019,0.853823]],[[0.976974,0.0431987,-0.208939],[-0.117977,0.925334,-0.360332],[0.177773,0.376685,0.909123]],[[0.976974,0.0431987,-0.208939],[-0.191976,0.605286,-0.772511],[0.0930967,0.794835,0.599642]]],"btipPosition":[15.4031,180.881,21.668],"carpPosition":[27.4524,118.364,100.635],"dipPosition":[16.8633,193.347,31.0733],"direction":[-0.177773,-0.376685,-0.909123],"extended":false,"handId":614,"id":6141,"length":53.986,"mcpPosition":[28.845,182.813,84.9203],"pipPosition":[20.8078,201.706,51.2455],"stabilizedTipPosition":[18.0961,191.534,14.0253],"timeVisible":25.9984,"tipPosition":[16.2457,190.718,24.3939],"tipVelocity":[-8.66119,-11.9062,-7.78642],"tool":false,"touchDistance":0.333416,"touchZone":"hovering","type":1,"width":17.495},{"bases":[[[0.921409,-0.234547,-0.309828],[0.35645,0.192614,0.914245],[-0.154756,-0.952831,0.261081]],[[0.92903,-0.17699,-0.324926],[0.131812,0.978871,-0.156321],[0.345728,0.102398,0.932731]],[[0.92903,-0.17699,-0.324926],[-0.338115,-0.0494494,-0.939805],[0.150268,0.98297,-0.105783]],[[0.92903,-0.17699,-0.324926],[-0.36434,-0.590648,-0.719994],[-0.0644856,0.78728,-0.613215]]],"btipPosition":[30.1655,134.688,55.5972],"carpPosition":[38.536,118.506,99.9569],"dipPosition":[29.053,148.27,45.0184],"direction":[-0.150268,-0.98297,0.105783],"extended":false,"handId":614,"id":6142,"length":61.5127,"mcpPosition":[48.2737,178.461,83.5289],"pipPosition":[32.9758,173.93,42.257],"stabilizedTipPosition":[31.0465,154.105,35.8377],"timeVisible":25.9984,"tipPosition":[29.3632,140.952,50.5233],"tipVelocity":[-6.59539,-12.1633,-17.2627],"tool":false,"touchDistance":0.333333,"touchZone":"none","type":2,"width":17.1824},{"bases":[[[0.859082,-0.386056,-0.336063],[0.416255,0.144892,0.897629],[-0.297842,-0.911025,0.285172]],[[0.875396,-0.330733,-0.352559],[0.274621,0.940449,-0.200349],[0.397825,0.0785645,0.914091]],[[0.875396,-0.330733,-0.352559],[-0.375198,-0.00498785,-0.926931],[0.304808,0.943711,-0.128457]],[[0.875396,-0.330733,-0.352559],[-0.483308,-0.584066,-0.652135],[0.00976475,0.741271,-0.671135]]],"btipPosition":[41.6889,128.313,58.265],"carpPosition":[49.0988,116.782,97.0901],"dipPosition":[41.8564,141.028,46.7536],"direction":[-0.304808,-0.943711,0.128457],"extended":false,"handId":614,"id":6143,"length":59.1461,"mcpPosition":[65.9252,168.25,80.9795],"pipPosition":[49.6079,165.027,43.4868],"stabilizedTipPosition":[43.0993,146.219,37.9271],"timeVisible":25.9984,"tipPosition":[41.5537,133.986,53.2508],"tipVelocity":[-6.1142,-14.4632,-17.2263],"tool":false,"touchDistance":0.333333,"touchZone":"none","type":3,"width":16.3501},{"bases":[[[0.738171,-0.507501,-0.444463],[0.516846,0.00202275,0.856076],[-0.43356,-0.861649,0.263793]],[[0.784765,-0.400701,-0.472846],[0.377778,0.914055,-0.147609],[0.491354,-0.0627922,0.868694]],[[0.784765,-0.400701,-0.472846],[-0.438535,0.180141,-0.880475],[0.437986,0.898325,-0.0343534]],[[0.784765,-0.400701,-0.472846],[-0.615576,-0.415047,-0.669927],[0.0721872,0.816807,-0.572376]]],"btipPosition":[55.3677,129.744,56.6589],"carpPosition":[57.65,111.699,88.9783],"dipPosition":[56.5099,142.668,47.6019],"direction":[-0.437986,-0.898325,0.0343534],"extended":false,"handId":614,"id":6144,"length":46.3694,"mcpPosition":[80.3235,156.76,75.183],"pipPosition":[64.374,158.798,46.9851],"stabilizedTipPosition":[57.2369,148.026,35.5369],"timeVisible":25.9984,"tipPosition":[55.3436,135.051,53.8753],"tipVelocity":[-6.48828,-14.9476,-19.3865],"tool":false,"touchDistance":0.333333,"touchZone":"none","type":4,"width":14.5235}],"r":[[-0.363851,0.857212,-0.364418],[0.446389,0.503853,0.739506],[0.817526,0.106398,-0.565978]],"s":1.32372,"t":[-109.081,-138.732,-166.371],"timestamp":493594077375},{"currentFrameRate":114.72,"devices":[],"gestures":[],"hands":[{"armBasis":[[0.978584,-0.115616,-0.17031],[0.172107,0.00567062,0.985062],[-0.112923,-0.993278,0.0254475]],"armWidth":57.5826,"confidence":1,"direction":[0.213636,0.969297,-0.121752],"elbow":[11.5081,-154.136,98.1097],"grabAngle":3.14159,"grabStrength":0.810717,"id":614,"palmNormal":[-0.189272,-0.0812,-0.978562],"palmPosition":[45.2729,155.387,81.8755],"palmVelocity":[-3.92032,-19.9128,-18.2478],"palmWidth":82.0627,"pinchDistance":12.2771,"pinchStrength":1,"r":[[-0.363804,0.857443,-0.36392],[0.446765,0.503444,0.739557],[0.817342,0.106467,-0.566231]],"s":1.32369,"sphereCenter":[51.7972,161.437,39.2377],"sphereRadius":40.0121,"stabilizedPalmPosition":[50.8171,169.054,64.9115],"t":[-109.109,-138.874,-166.508],"timeVisible":26.0071,"type":"right","wrist":[39.0059,87.7365,91.913]}],"id":1328850,"interactionBox":{"center":[0,200,0],"size":[235.247,235.247,147.751]},"pointables":[{"bases":[[[0.596636,0.168372,0.78465],[-0.770046,-0.155176,0.618829],[0.225952,-0.973433,0.0370711]],[[0.468751,0.520373,0.713782],[-0.859752,0.0833196,0.503869],[0.202728,-0.849864,0.486448]],[[0.468751,0.520373,0.713782],[-0.882575,0.242502,0.402807],[0.0365164,-0.818782,0.572942]],[[0.468751,0.520373,0.713782],[-0.869575,0.413893,0.269319],[-0.155283,-0.74693,0.646516]]],"btipPosition":[8.11667,189.022,31.8675],"carpPosition":[15.0502,109.086,85.5908],"dipPosition":[4.78045,172.975,45.7577],"direction":[-0.0365165,0.818782,-0.572942],"extended":false,"handId":614,"id":6140,"length":47.8434,"mcpPosition":[15.0502,109.086,85.5908],"pipPosition":[5.92342,147.347,63.6909],"stabilizedTipPosition":[11.2714,195.576,25.3432],"timeVisible":26.0071,"tipPosition":[9.27112,185.073,34.9333],"tipVelocity":[-8.80733,-16.2936,-14.3877],"tool":false,"touchDistance":0.325213,"touchZone":"hovering","type":0,"width":18.3155},{"bases":[[[0.980667,-0.0660585,-0.184198],[0.194548,0.227827,0.954068],[-0.021059,-0.971458,0.236274]],[[0.976815,0.0435998,-0.209598],[0.0633581,0.876311,0.477562],[0.204495,-0.479769,0.853231]],[[0.976815,0.0435998,-0.209598],[-0.118393,0.925723,-0.359195],[0.178369,0.375682,0.909422]],[[0.976815,0.0435998,-0.209598],[-0.192734,0.605309,-0.772305],[0.0931992,0.794796,0.599678]]],"btipPosition":[15.3336,180.761,21.5511],"carpPosition":[27.4212,118.184,100.464],"dipPosition":[16.7955,193.228,30.9569],"direction":[-0.178369,-0.375682,-0.909422],"extended":false,"handId":614,"id":6141,"length":53.986,"mcpPosition":[28.8185,182.641,84.7872],"pipPosition":[20.7532,201.564,51.1358],"stabilizedTipPosition":[18.0923,191.522,14.0405],"timeVisible":26.0071,"tipPosition":[16.1846,190.577,24.2724],"tipVelocity":[-7.93351,-13.6932,-13.4095],"tool":false,"touchDistance":0.33147,"touchZone":"hovering","type":1,"width":17.495},{"bases":[[[0.921175,-0.234563,-0.310511],[0.357031,0.191996,0.914148],[-0.154809,-0.952952,0.260608]],[[0.9288,-0.176998,-0.325579],[0.132044,0.978968,-0.155519],[0.346258,0.101455,0.932637]],[[0.9288,-0.176998,-0.325579],[-0.338627,-0.0484722,-0.939671],[0.150539,0.983017,-0.104957]],[[0.9288,-0.176998,-0.325579],[-0.364924,-0.589768,-0.720419],[-0.0645033,0.787937,-0.612367]]],"btipPosition":[30.107,134.543,55.418],"carpPosition":[38.5044,118.324,99.78],"dipPosition":[28.9942,148.136,44.8539],"direction":[-0.150539,-0.983017,0.104957],"extended":false,"handId":614,"id":6142,"length":61.5127,"mcpPosition":[48.2454,178.286,83.3818],"pipPosition":[32.924,173.797,42.114],"stabilizedTipPosition":[31.046,154.098,35.8447],"timeVisible":26.0071,"tipPosition":[29.3079,140.797,50.3685],"tipVelocity":[-6.72657,-16.4418,-20.183],"tool":false,"touchDistance":0.333333,"touchZone":"none","type":2,"width":17.1824},{"bases":[[[0.8588,-0.386043,-0.336799],[0.416816,0.144271,0.897469],[-0.297871,-0.911129,0.284809]],[[0.875116,-0.330713,-0.353271],[0.274707,0.940508,-0.199954],[0.398382,0.0779372,0.913902]],[[0.875116,-0.330713,-0.353271],[-0.375768,-0.00442531,-0.926703],[0.30491,0.943721,-0.128144]],[[0.875116,-0.330713,-0.353271],[-0.483819,-0.583544,-0.652224],[0.00954982,0.741691,-0.670674]]],"btipPosition":[41.6351,128.155,58.0933],"carpPosition":[49.0652,116.599,96.906],"dipPosition":[41.7989,140.876,46.5898],"direction":[-0.30491,-0.943721,0.128144],"extended":false,"handId":614,"id":6143,"length":59.1461,"mcpPosition":[65.8932,168.072,80.816],"pipPosition":[49.553,164.876,43.331],"stabilizedTipPosition":[43.0983,146.208,37.9401],"timeVisible":26.0071,"tipPosition":[41.4979,133.83,53.0816],"tipVelocity":[-6.26951,-18.0641,-19.5058],"tool":false,"touchDistance":0.333333,"touchZone":"none","type":3,"width":16.3501},{"bases":[[[0.737798,-0.507397,-0.445199],[0.517352,0.001404,0.855772],[-0.433591,-0.861711,0.263539]],[[0.784398,-0.400591,-0.473546],[0.377889,0.91406,-0.147291],[0.491853,-0.0634129,0.868366]],[[0.784398,-0.400591,-0.473546],[-0.438992,0.180805,-0.880111],[0.438184,0.898241,-0.0340326]],[[0.784398,-0.400591,-0.473546],[-0.616054,-0.414442,-0.669862],[0.0720833,0.817169,-0.571873]]],"btipPosition":[55.3116,129.583,56.477],"carpPosition":[57.6104,111.519,88.7861],"dipPosition":[56.4522,142.513,47.4279],"direction":[-0.438184,-0.898241,0.0340326],"extended":false,"handId":614,"id":6144,"length":46.3694,"mcpPosition":[80.2855,156.583,75.0041],"pipPosition":[64.3199,158.641,46.8168],"stabilizedTipPosition":[57.2357,148.015,35.5502],"timeVisible":26.0071,"tipPosition":[55.2884,134.892,53.6985],"tipVelocity":[-6.47951,-18.3355,-20.6843],"tool":false,"touchDistance":0.333333,"touchZone":"none","type":4,"width":14.5235}],"r":[[-0.363804,0.857443,-0.36392],[0.446765,0.503444,0.739557],[0.817342,0.106467,-0.566231]],"s":1.32369,"t":[-109.109,-138.874,-166.508],"timestamp":493594086084},{"currentFrameRate":114.745,"devices":[],"gestures":[],"hands":[{"armBasis":[[0.978514,-0.115662,-0.170683],[0.172454,0.00540182,0.985003],[-0.113005,-0.993274,0.0252321]],"armWidth":57.5826,"confidence":1,"direction":[0.213561,0.96937,-0.121302],"elbow":[11.4595,-154.289,97.8971],"grabAngle":3.14159,"grabStrength":0.809515,"id":614,"palmNormal":[-0.189556,-0.0806898,-0.978549],"palmPosition":[45.2399,155.237,81.7466],"palmVelocity":[-3.80179,-17.187,-14.8607],"palmWidth":82.0627,"pinchDistance":12.287,"pinchStrength":1,"r":[[-0.363795,0.857663,-0.36341],[0.447105,0.503043,0.739625],[0.81716,0.106589,-0.56647]],"s":1.32372,"sphereCenter":[51.7386,161.314,39.1094],"sphereRadius":40.0113,"stabilizedPalmPosition":[50.8116,169.041,64.9279],"t":[-109.139,-139.019,-166.64],"timeVisible":26.0158,"type":"right","wrist":[38.9774,87.5822,91.7528]}],"id":1328851,"interactionBox":{"center":[0,200,0],"size":[235.247,235.247,147.751]},"pointables":[{"bases":[[[0.596859,0.167981,0.784564],[-0.769858,-0.155534,0.618973],[0.226003,-0.973443,0.0364895]],[[0.468995,0.519907,0.713962],[-0.859589,0.0830249,0.504197],[0.202859,-0.850179,0.485844]],[[0.468995,0.519907,0.713962],[-0.882433,0.242137,0.403338],[0.0368218,-0.819187,0.572344]],[[0.468995,0.519907,0.713962],[-0.869516,0.413553,0.270028],[-0.154872,-0.747443,0.646022]]],"btipPosition":[8.06238,188.908,31.7795],"carpPosition":[15.0202,108.934,85.4463],"dipPosition":[4.73499,172.849,45.6591],"direction":[-0.0368218,0.819187,-0.572344],"extended":false,"handId":614,"id":6140,"length":47.8434,"mcpPosition":[15.0202,108.934,85.4463],"pipPosition":[5.88752,147.209,63.5735],"stabilizedTipPosition":[11.2595,195.545,25.3721],"timeVisible":26.0158,"tipPosition":[9.22122,184.948,34.8309],"tipVelocity":[-6.0248,-13.4859,-10.4273],"tool":false,"touchDistance":0.323705,"touchZone":"hovering","type":0,"width":18.3155},{"bases":[[[0.980615,-0.0659209,-0.18452],[0.194819,0.22733,0.954131],[-0.0209502,-0.971584,0.235766]],[[0.976714,0.0441566,-0.209951],[0.063199,0.875953,0.478238],[0.205024,-0.480371,0.852765]],[[0.976714,0.0441566,-0.209951],[-0.118775,0.926233,-0.35775],[0.178666,0.374356,0.90991]],[[0.976714,0.0441566,-0.209951],[-0.193294,0.605738,-0.771829],[0.0930937,0.794438,0.600168]]],"btipPosition":[15.2746,180.669,21.4413],"carpPosition":[27.3952,118.024,100.321],"dipPosition":[16.7347,193.129,30.8548],"direction":[-0.178666,-0.374356,-0.90991],"extended":false,"handId":614,"id":6141,"length":53.986,"mcpPosition":[28.7853,182.49,84.6776],"pipPosition":[20.6991,201.436,51.0445],"stabilizedTipPosition":[18.0886,191.51,14.0547],"timeVisible":26.0158,"tipPosition":[16.1324,190.445,24.1696],"tipVelocity":[-6.85287,-10.8187,-12.4542],"tool":false,"touchDistance":0.32967,"touchZone":"hovering","type":1,"width":17.495},{"bases":[[[0.921093,-0.234361,-0.310905],[0.357292,0.191527,0.914145],[-0.154693,-0.953096,0.260149]],[[0.928712,-0.176788,-0.325946],[0.132017,0.979073,-0.15488],[0.346505,0.100809,0.932615]],[[0.928712,-0.176788,-0.325946],[-0.338869,-0.0477778,-0.93962],[0.150541,0.983089,-0.10428]],[[0.928712,-0.176788,-0.325946],[-0.365138,-0.589086,-0.720869],[-0.0645691,0.788494,-0.611643]]],"btipPosition":[30.0637,134.41,55.2712],"carpPosition":[38.4782,118.165,99.6335],"dipPosition":[28.9498,148.013,44.7195],"direction":[-0.150541,-0.983089,0.10428],"extended":false,"handId":614,"id":6142,"length":61.5127,"mcpPosition":[48.212,178.137,83.2642],"pipPosition":[32.8796,173.676,41.9973],"stabilizedTipPosition":[31.0455,154.091,35.852],"timeVisible":26.0158,"tipPosition":[29.2667,140.661,50.2385],"tipVelocity":[-5.0232,-15.0372,-16.6017],"tool":false,"touchDistance":0.333333,"touchZone":"none","type":2,"width":17.1824},{"bases":[[[0.858717,-0.38583,-0.337255],[0.417073,0.143813,0.897423],[-0.297751,-0.911292,0.284414]],[[0.875026,-0.330491,-0.353703],[0.27461,0.940624,-0.199537],[0.398647,0.0774697,0.913827]],[[0.875026,-0.330491,-0.353703],[-0.376052,-0.00398793,-0.92659],[0.304819,0.943801,-0.127771]],[[0.875026,-0.330491,-0.353703],[-0.483986,-0.583202,-0.652405],[0.00933353,0.742059,-0.67027]]],"btipPosition":[41.5965,128.018,57.9517],"carpPosition":[49.0382,116.442,96.7554],"dipPosition":[41.7566,140.746,46.4552],"direction":[-0.304819,-0.943801,0.127771],"extended":false,"handId":614,"id":6143,"length":59.1461,"mcpPosition":[65.8594,167.925,80.6877],"pipPosition":[49.5083,164.747,43.2059],"stabilizedTipPosition":[43.0972,146.196,37.9532],"timeVisible":26.0158,"tipPosition":[41.4573,133.696,52.9425],"tipVelocity":[-4.55382,-15.6099,-16.1347],"tool":false,"touchDistance":0.333333,"touchZone":"none","type":3,"width":16.3501},{"bases":[[[0.737688,-0.507131,-0.445684],[0.517603,0.000972147,0.855621],[-0.433479,-0.861868,0.26321]],[[0.784276,-0.400308,-0.473988],[0.377808,0.914153,-0.146918],[0.49211,-0.0638524,0.868188]],[[0.784276,-0.400308,-0.473988],[-0.439227,0.181314,-0.879889],[0.438168,0.898264,-0.0336258]],[[0.784276,-0.400308,-0.473988],[-0.616225,-0.414009,-0.669972],[0.0719601,0.817527,-0.571377]]],"btipPosition":[55.2705,129.447,56.329],"carpPosition":[57.5812,111.366,88.6304],"dipPosition":[56.4091,142.383,47.2878],"direction":[-0.438168,-0.898264,0.0336258],"extended":false,"handId":614,"id":6144,"length":46.3694,"mcpPosition":[80.2505,156.439,74.8655],"pipPosition":[64.2765,158.511,46.684],"stabilizedTipPosition":[57.2345,148.004,35.5635],"timeVisible":26.0158,"tipPosition":[55.248,134.758,53.5559],"tipVelocity":[-4.7955,-15.5091,-16.8445],"tool":false,"touchDistance":0.333333,"touchZone":"none","type":4,"width":14.5235}],"r":[[-0.363795,0.857663,-0.36341],[0.447105,0.503043,0.739625],[0.81716,0.106589,-0.56647]],"s":1.32372,"t":[-109.139,-139.019,-166.64],"timestamp":493594094758},{"currentFrameRate":114.749,"devices":[],"gestures":[],"hands":[{"armBasis":[[0.978449,-0.115871,-0.170916],[0.172656,0.00506728,0.984969],[-0.113263,-0.993251,0.0249638]],"armWidth":57.5826,"confidence":1,"direction":[0.213546,0.969405,-0.121048],"elbow":[11.389,-154.48,97.6557],"grabAngle":3.14159,"grabStrength":0.808445,"id":614,"palmNormal":[-0.189764,-0.0803854,-0.978534],"palmPosition":[45.2331,155.044,81.59],"palmVelocity":[-0.775395,-22.1692,-17.9856],"palmWidth":82.0627,"pinchDistance":12.2923,"pinchStrength":1,"r":[[-0.3638,0.857863,-0.362933],[0.44741,0.502675,0.739691],[0.816991,0.10672,-0.56669]],"s":1.32374,"sphereCenter":[51.7185,161.135,38.9518],"sphereRadius":40.0116,"stabilizedPalmPosition":[50.8056,169.026,64.9457],"t":[-109.158,-139.188,-166.785],"timeVisible":26.0245,"type":"right","wrist":[38.9695,87.3866,91.5768]}],"id":1328852,"interactionBox":{"center":[0,200,0],"size":[235.247,235.247,147.751]},"pointables":[{"bases":[[[0.597027,0.167732,0.78449],[-0.769729,-0.155717,0.619088],[0.225999,-0.973457,0.036141]],[[0.469219,0.519551,0.714073],[-0.85943,0.0827745,0.504507],[0.20301,-0.850421,0.485357]],[[0.469219,0.519551,0.714073],[-0.882303,0.241856,0.403791],[0.037087,-0.819495,0.571885]],[[0.469219,0.519551,0.714073],[-0.869436,0.413398,0.270524],[-0.154646,-0.747776,0.64569]]],"btipPosition":[8.0359,188.742,31.6584],"carpPosition":[15.0137,108.74,85.2818],"dipPosition":[4.71337,172.676,45.5309],"direction":[-0.037087,0.819495,-0.571885],"extended":false,"handId":614,"id":6140,"length":47.8434,"mcpPosition":[15.0137,108.74,85.2818],"pipPosition":[5.8742,147.026,63.431],"stabilizedTipPosition":[11.2477,195.514,25.4001],"timeVisible":26.0245,"tipPosition":[9.2021,184.77,34.6913],"tipVelocity":[-2.91219,-19.266,-14.0939],"tool":false,"touchDistance":0.32166,"touchZone":"hovering","type":0,"width":18.3155},{"bases":[[[0.980576,-0.0658752,-0.184748],[0.195024,0.227033,0.95416],[-0.0209115,-0.971657,0.23547]],[[0.976629,0.044656,-0.210242],[0.062885,0.876005,0.478185],[0.205526,-0.48023,0.852724]],[[0.976629,0.044656,-0.210242],[-0.119248,0.926397,-0.357168],[0.178817,0.373891,0.910071]],[[0.976629,0.044656,-0.210242],[-0.193825,0.605712,-0.771715],[0.0928841,0.79443,0.600211]]],"btipPosition":[15.2489,180.48,21.294],"carpPosition":[27.3919,117.826,100.157],"dipPosition":[16.7058,192.94,30.7082],"direction":[-0.178817,-0.373891,-0.910071],"extended":false,"handId":614,"id":6141,"length":53.986,"mcpPosition":[28.7794,182.296,84.5329],"pipPosition":[20.6735,201.237,50.9015],"stabilizedTipPosition":[18.0847,191.497,14.0694],"timeVisible":26.0245,"tipPosition":[16.1132,190.262,24.0294],"tipVelocity":[-3.03651,-21.6926,-16.903],"tool":false,"touchDistance":0.327217,"touchZone":"hovering","type":1,"width":17.495},{"bases":[[[0.921025,-0.234276,-0.311173],[0.357487,0.19124,0.914128],[-0.154649,-0.953175,0.259887]],[[0.928641,-0.176698,-0.326197],[0.132039,0.979132,-0.15449],[0.346688,0.100395,0.932592]],[[0.928641,-0.176698,-0.326197],[-0.33905,-0.0473624,-0.939575],[0.150572,0.983125,-0.103892]],[[0.928641,-0.176698,-0.326197],[-0.365313,-0.58866,-0.721128],[-0.0645973,0.788832,-0.611204]]],"btipPosition":[30.0491,134.228,55.1043],"carpPosition":[38.4748,117.967,99.4669],"dipPosition":[28.9347,147.836,44.5603],"direction":[-0.150572,-0.983125,0.103892],"extended":false,"handId":614,"id":6142,"length":61.5127,"mcpPosition":[48.2058,177.943,83.114],"pipPosition":[32.8654,173.501,41.8482],"stabilizedTipPosition":[31.0449,154.082,35.8603],"timeVisible":26.0245,"tipPosition":[29.2534,140.477,50.082],"tipVelocity":[-1.68445,-20.7502,-18.9604],"tool":false,"touchDistance":0.333333,"touchZone":"none","type":2,"width":17.1824},{"bases":[[[0.858641,-0.385735,-0.337556],[0.417265,0.143531,0.897379],[-0.297701,-0.911377,0.284195]],[[0.874947,-0.330391,-0.35399],[0.274578,0.940683,-0.199305],[0.398841,0.0771829,0.913766]],[[0.874947,-0.330391,-0.35399],[-0.376283,-0.00380269,-0.926497],[0.304761,0.943836,-0.127648]],[[0.874947,-0.330391,-0.35399],[-0.484132,-0.583038,-0.652444],[0.00917234,0.742232,-0.67008]]],"btipPosition":[41.5859,127.833,57.7908],"carpPosition":[49.0342,116.244,96.5861],"dipPosition":[41.7432,140.563,46.2975],"direction":[-0.304761,-0.943836,0.127648],"extended":false,"handId":614,"id":6143,"length":59.1461,"mcpPosition":[65.8526,167.732,80.5307],"pipPosition":[49.4935,164.566,43.0513],"stabilizedTipPosition":[43.096,146.184,37.9674],"timeVisible":26.0245,"tipPosition":[41.4443,133.512,52.7806],"tipVelocity":[-1.28578,-21.1745,-18.4006],"tool":false,"touchDistance":0.333333,"touchZone":"none","type":3,"width":16.3501},{"bases":[[[0.737588,-0.507002,-0.445997],[0.517784,0.000701962,0.855511],[-0.433433,-0.861944,0.263035]],[[0.784171,-0.400171,-0.474278],[0.377788,0.914194,-0.146716],[0.492293,-0.0641262,0.868064]],[[0.784171,-0.400171,-0.474278],[-0.43941,0.181594,-0.87974],[0.438173,0.898269,-0.0334381]],[[0.784171,-0.400171,-0.474278],[-0.616368,-0.413755,-0.669998],[0.071879,0.817723,-0.571107]]],"btipPosition":[55.2575,129.261,56.1618],"carpPosition":[57.5754,111.171,88.4576],"dipPosition":[56.3949,142.2,47.1248],"direction":[-0.438173,-0.898269,0.0334381],"extended":false,"handId":614,"id":6144,"length":46.3694,"mcpPosition":[80.2423,156.247,74.7019],"pipPosition":[64.2624,158.329,46.5244],"stabilizedTipPosition":[57.2332,147.992,35.5779],"timeVisible":26.0245,"tipPosition":[55.2351,134.573,53.3909],"tipVelocity":[-1.52015,-21.2347,-19.0975],"tool":false,"touchDistance":0.333333,"touchZone":"none","type":4,"width":14.5235}],"r":[[-0.3638,0.857863,-0.362933],[0.4