{"frames":193,"data":[{"currentFrameRate":58.0458,"devices":[],"gestures":[],"hands":[],"id":829611,"interactionBox":{"center":[0,200,0],"size":[235.247,235.247,147.751]},"pointables":[],"r":[[0.858036,0.430698,0.279774],[-0.442553,0.343601,0.828303],[0.260617,-0.834528,0.485429]],"s":7.5662,"t":[964.42,-2772.64,-2572.49],"timestamp":219037717850},{"currentFrameRate":57.9804,"devices":[],"gestures":[],"hands":[],"id":829612,"interactionBox":{"center":[0,200,0],"size":[235.247,235.247,147.751]},"pointables":[],"r":[[0.858036,0.430698,0.279774],[-0.442553,0.343601,0.828303],[0.260617,-0.834528,0.485429]],"s":7.5662,"t":[964.42,-2772.64,-2572.49],"timestamp":219037735313},{"currentFrameRate":57.9716,"devices":[],"gestures":[],"hands":[],"id":829613,"interactionBox":{"center":[0,200,0],"size":[235.247,235.247,147.751]},"pointables":[],"r":[[0.858036,0.430698,0.279774],[-0.442553,0.343601,0.828303],[0.260617,-0.834528,0.485429]],"s":7.5662,"t":[964.42,-2772.64,-2572.49],"timestamp":219037752592},{"currentFrameRate":57.9677,"devices":[],"gestures":[],"hands":[],"id":829614,"interactionBox":{"center":[0,200,0],"size":[235.247,235.247,147.751]},"pointables":[],"r":[[0.858036,0.430698,0.279774],[-0.442553,0.343601,0.828303],[0.260617,-0.834528,0.485429]],"s":7.5662,"t":[964.42,-2772.64,-2572.49],"timestamp":219037769856},{"currentFrameRate":57.844,"devices":[],"gestures":[],"hands":[],"id":829615,"interactionBox":{"center":[0,200,0],"size":[235.247,235.247,147.751]},"pointables":[],"r":[[0.858036,0.430698,0.279774],[-0.442553,0.343601,0.828303],[0.260617,-0.834528,0.485429]],"s":7.5662,"t":[964.42,-2772.64,-2572.49],"timestamp":219037787553},{"currentFrameRate":57.8974,"devices":[],"gestures":[],"hands":[],"id":829616,"interactionBox":{"center":[0,200,0],"size":[235.247,235.247,147.751]},"pointables":[],"r":[[0.858036,0.430698,0.279774],[-0.442553,0.343601,0.828303],[0.260617,-0.834528,0.485429]],"s":7.5662,"t":[964.42,-2772.64,-2572.49],"timestamp":219037804648},{"currentFrameRate":57.8741,"devices":[],"gestures":[],"hands":[],"id":829617,"interactionBox":{"center":[0,200,0],"size":[235.247,235.247,147.751]},"pointables":[],"r":[[0.858036,0.430698,0.279774],[-0.442553,0.343601,0.828303],[0.260617,-0.834528,0.485429]],"s":7.5662,"t":[964.42,-2772.64,-2572.49],"timestamp":219037822004},{"currentFrameRate":57.8827,"devices":[],"gestures":[],"hands":[],"id":829618,"interactionBox":{"center":[0,200,0],"size":[235.247,235.247,147.751]},"pointables":[],"r":[[0.858036,0.430698,0.279774],[-0.442553,0.343601,0.828303],[0.260617,-0.834528,0.485429]],"s":7.5662,"t":[964.42,-2772.64,-2572.49],"timestamp":219037839252},{"currentFrameRate":57.8345,"devices":[],"gestures":[],"hands":[],"id":829619,"interactionBox":{"center":[0,200,0],"size":[235.247,235.247,147.751]},"pointables":[],"r":[[0.858036,0.430698,0.279774],[-0.442553,0.343601,0.828303],[0.260617,-0.834528,0.485429]],"s":7.5662,"t":[964.42,-2772.64,-2572.49],"timestamp":219037856702},{"currentFrameRate":57.8289,"devices":[],"gestures":[],"hands":[],"id":829620,"interactionBox":{"center":[0,200,0],"size":[235.247,235.247,147.751]},"pointables":[],"r":[[0.858036,0.430698,0.279774],[-0.442553,0.343601,0.828303],[0.260617,-0.834528,0.485429]],"s":7.5662,"t":[964.42,-2772.64,-2572.49],"timestamp":219037874013},{"currentFrameRate":57.8196,"devices":[],"gestures":[],"hands":[],"id":829621,"interactionBox":{"center":[0,200,0],"size":[235.247,235.247,147.751]},"pointables":[],"r":[[0.858036,0.430698,0.279774],[-0.442553,0.343601,0.828303],[0.260617,-0.834528,0.485429]],"s":7.5662,"t":[964.42,-2772.64,-2572.49],"timestamp":219037891339},{"currentFrameRate":57.7214,"devices":[],"gestures":[],"hands":[],"id":829622,"interactionBox":{"center":[0,200,0],"size":[235.247,235.247,147.751]},"pointables":[],"r":[[0.858036,0.430698,0.279774],[-0.442553,0.343601,0.828303],[0.260617,-0.834528,0.485429]],"s":7.5662,"t":[964.42,-2772.64,-2572.49],"timestamp":219037908989},{"currentFrameRate":57.8074,"devices":[],"gestures":[],"hands":[],"id":829623,"interactionBox":{"center":[0,200,0],"size":[235.247,235.247,147.751]},"pointables":[],"r":[[0.858036,0.430698,0.279774],[-0.442553,0.343601,0.828303],[0.260617,-0.834528,0.485429]],"s":7.5662,"t":[964.42,-2772.64,-2572.49],"timestamp":219037926003},{"currentFrameRate":57.7755,"devices":[],"gestures":[],"hands":[],"id":829624,"interactionBox":{"center":[0,200,0],"size":[235.247,235.247,147.751]},"pointables":[],"r":[[0.858036,0.430698,0.279774],[-0.442553,0.343601,0.828303],[0.260617,-0.834528,0.485429]],"s":7.5662,"t":[964.42,-2772.64,-2572.49],"timestamp":219037943417},{"currentFrameRate":53.1759,"devices":[],"gestures":[],"hands":[],"id":829625,"interactionBox":{"center":[0,200,0],"size":[235.247,235.247,147.751]},"pointables":[],"r":[[0.858036,0.430698,0.279774],[-0.442553,0.343601,0.828303],[0.260617,-0.834528,0.485429]],"s":7.5662,"t":[964.42,-2772.64,-2572.49],"timestamp":219037978077},{"currentFrameRate":53.5272,"devices":[],"gestures":[],"hands":[],"id":829626,"interactionBox":{"center":[0,200,0],"size":[235.247,235.247,147.751]},"pointables":[],"r":[[0.858036,0.430698,0.279774],[-0.442553,0.343601,0.828303],[0.260617,-0.834528,0.485429]],"s":7.5662,"t":[964.42,-2772.64,-2572.49],"timestamp":219037995503},{"currentFrameRate":49.6173,"devices":[],"gestures":[],"hands":[],"id":829627,"interactionBox":{"center":[0,200,0],"size":[235.247,235.247,147.751]},"pointables":[],"r":[[0.858036,0.430698,0.279774],[-0.442553,0.343601,0.828303],[0.260617,-0.834528,0.485429]],"s":7.5662,"t":[964.42,-2772.64,-2572.49],"timestamp":219038030103},{"currentFrameRate":50.2838,"devices":[],"gestures":[],"hands":[],"id":829628,"interactionBox":{"center":[0,200,0],"size":[235.247,235.247,147.751]},"pointables":[],"r":[[0.858036,0.430698,0.279774],[-0.442553,0.343601,0.828303],[0.260617,-0.834528,0.485429]],"s":7.5662,"t":[964.42,-2772.64,-2572.49],"timestamp":219038047453},{"currentFrameRate":50.8948,"devices":[],"gestures":[],"hands":[],"id":829629,"interactionBox":{"center":[0,200,0],"size":[235.247,235.247,147.751]},"pointables":[],"r":[[0.858036,0.430698,0.279774],[-0.442553,0.343601,0.828303],[0.260617,-0.834528,0.485429]],"s":7.5662,"t":[964.42,-2772.64,-2572.49],"timestamp":219038064803},{"currentFrameRate":51.4571,"devices":[],"gestures":[],"hands":[],"id":829630,"interactionBox":{"center":[0,200,0],"size":[235.247,235.247,147.751]},"pointables":[],"r":[[0.858036,0.430698,0.279774],[-0.442553,0.343601,0.828303],[0.260617,-0.834528,0.485429]],"s":7.5662,"t":[964.42,-2772.64,-2572.49],"timestamp":219038082145},{"currentFrameRate":51.9897,"devices":[],"gestures":[],"hands":[],"id":829631,"interactionBox":{"center":[0,200,0],"size":[235.247,235.247,147.751]},"pointables":[],"r":[[0.858036,0.430698,0.279774],[-0.442553,0.343601,0.828303],[0.260617,-0.834528,0.485429]],"s":7.5662,"t":[964.42,-2772.64,-2572.49],"timestamp":219038099418},{"currentFrameRate":52.4417,"devices":[],"gestures":[],"hands":[],"id":829632,"interactionBox":{"center":[0,200,0],"size":[235.247,235.247,147.751]},"pointables":[],"r":[[0.858036,0.430698,0.279774],[-0.442553,0.343601,0.828303],[0.260617,-0.834528,0.485429]],"s":7.5662,"t":[964.42,-2772.64,-2572.49],"timestamp":219038116837},{"currentFrameRate":52.8739,"devices":[],"gestures":[],"hands":[],"id":829633,"interactionBox":{"center":[0,200,0],"size":[235.247,235.247,147.751]},"pointables":[],"r":[[0.858036,0.430698,0.279774],[-0.442553,0.343601,0.828303],[0.260617,-0.834528,0.485429]],"s":7.5662,"t":[964.42,-2772.64,-2572.49],"timestamp":219038134185},{"currentFrameRate":53.2771,"devices":[],"gestures":[],"hands":[],"id":829634,"interactionBox":{"center":[0,200,0],"size":[235.247,235.247,147.751]},"pointables":[],"r":[[0.858036,0.430698,0.279774],[-0.442553,0.343601,0.828303],[0.260617,-0.834528,0.485429]],"s":7.5662,"t":[964.42,-2772.64,-2572.49],"timestamp":219038151506},{"currentFrameRate":53.6384,"devices":[],"gestures":[],"hands":[],"id":829635,"interactionBox":{"center":[0,200,0],"size":[235.247,235.247,147.751]},"pointables":[],"r":[[0.858036,0.430698,0.279774],[-0.442553,0.343601,0.828303],[0.260617,-0.834528,0.485429]],"s":7.5662,"t":[964.42,-2772.64,-2572.49],"timestamp":219038168860},{"currentFrameRate":53.9699,"devices":[],"gestures":[],"hands":[],"id":829636,"interactionBox":{"center":[0,200,0],"size":[235.247,235.247,147.751]},"pointables":[],"r":[[0.858036,0.430698,0.279774],[-0.442553,0.343601,0.828303],[0.260617,-0.834528,0.485429]],"s":7.5662,"t":[964.42,-2772.64,-2572.49],"timestamp":219038186213},{"currentFrameRate":54.2883,"devices":[],"gestures":[],"hands":[],"id":829637,"interactionBox":{"center":[0,200,0],"size":[235.247,235.247,147.751]},"pointables":[],"r":[[0.858036,0.430698,0.279774],[-0.442553,0.343601,0.828303],[0.260617,-0.834528,0.485429]],"s":7.5662,"t":[964.42,-2772.64,-2572.49],"timestamp":219038203510},{"currentFrameRate":54.5603,"devices":[],"gestures":[],"hands":[],"id":829638,"interactionBox":{"center":[0,200,0],"size":[235.247,235.247,147.751]},"pointables":[],"r":[[0.858036,0.430698,0.279774],[-0.442553,0.343601,0.828303],[0.260617,-0.834528,0.485429]],"s":7.5662,"t":[964.42,-2772.64,-2572.49],"timestamp":219038220884},{"currentFrameRate":54.8154,"devices":[],"gestures":[],"hands":[],"id":829639,"interactionBox":{"center":[0,200,0],"size":[235.247,235.247,147.751]},"pointables":[],"r":[[0.858036,0.430698,0.279774],[-0.442553,0.343601,0.828303],[0.260617,-0.834528,0.485429]],"s":7.5662,"t":[964.42,-2772.64,-2572.49],"timestamp":219038238236},{"currentFrameRate":54.9828,"devices":[],"gestures":[],"hands":[],"id":829640,"interactionBox":{"center":[0,200,0],"size":[235.247,235.247,147.751]},"pointables":[],"r":[[0.858036,0.430698,0.279774],[-0.442553,0.343601,0.828303],[0.260617,-0.834528,0.485429]],"s":7.5662,"t":[964.42,-2772.64,-2572.49],"timestamp":219038255841},{"currentFrameRate":55.2699,"devices":[],"gestures":[],"hands":[],"id":829641,"interactionBox":{"center":[0,200,0],"size":[235.247,235.247,147.751]},"pointables":[],"r":[[0.858036,0.430698,0.279774],[-0.442553,0.343601,0.828303],[0.260617,-0.834528,0.485429]],"s":7.5662,"t":[964.42,-2772.64,-2572.49],"timestamp":219038272939},{"currentFrameRate":55.4854,"devices":[],"gestures":[],"hands":[],"id":829642,"interactionBox":{"center":[0,200,0],"size":[235.247,235.247,147.751]},"pointables":[],"r":[[0.858036,0.430698,0.279774],[-0.442553,0.343601,0.828303],[0.260617,-0.834528,0.485429]],"s":7.5662,"t":[964.42,-2772.64,-2572.49],"timestamp":219038290218},{"currentFrameRate":55.657,"devices":[],"gestures":[],"hands":[],"id":829643,"interactionBox":{"center":[0,200,0],"size":[235.247,235.247,147.751]},"pointables":[],"r":[[0.858036,0.430698,0.279774],[-0.442553,0.343601,0.828303],[0.260617,-0.834528,0.485429]],"s":7.5662,"t":[964.42,-2772.64,-2572.49],"timestamp":219038307595},{"currentFrameRate":55.8231,"devices":[],"gestures":[],"hands":[],"id":829644,"interactionBox":{"center":[0,200,0],"size":[235.247,235.247,147.751]},"pointables":[],"r":[[0.858036,0.430698,0.279774],[-0.442553,0.343601,0.828303],[0.260617,-0.834528,0.485429]],"s":7.5662,"t":[964.42,-2772.64,-2572.49],"timestamp":219038324939},{"currentFrameRate":55.961,"devices":[],"gestures":[],"hands":[],"id":829645,"interactionBox":{"center":[0,200,0],"size":[235.247,235.247,147.751]},"pointables":[],"r":[[0.858036,0.430698,0.279774],[-0.442553,0.343601,0.828303],[0.260617,-0.834528,0.485429]],"s":7.5662,"t":[964.42,-2772.64,-2572.49],"timestamp":219038342337},{"currentFrameRate":56.1258,"devices":[],"gestures":[],"hands":[],"id":829646,"interactionBox":{"center":[0,200,0],"size":[235.247,235.247,147.751]},"pointables":[],"r":[[0.858036,0.430698,0.279774],[-0.442553,0.343601,0.828303],[0.260617,-0.834528,0.485429]],"s":7.5662,"t":[964.42,-2772.64,-2572.49],"timestamp":219038359592},{"currentFrameRate":56.2591,"devices":[],"gestures":[],"hands":[],"id":829647,"interactionBox":{"center":[0,200,0],"size":[235.247,235.247,147.751]},"pointables":[],"r":[[0.858036,0.430698,0.279774],[-0.442553,0.343601,0.828303],[0.260617,-0.834528,0.485429]],"s":7.5662,"t":[964.42,-2772.64,-2572.49],"timestamp":219038376913},{"currentFrameRate":56.3467,"devices":[],"gestures":[],"hands":[],"id":829648,"interactionBox":{"center":[0,200,0],"size":[235.247,235.247,147.751]},"pointables":[],"r":[[0.858036,0.430698,0.279774],[-0.442553,0.343601,0.828303],[0.260617,-0.834528,0.485429]],"s":7.5662,"t":[964.42,-2772.64,-2572.49],"timestamp":219038394363},{"currentFrameRate":56.4579,"devices":[],"gestures":[],"hands":[],"id":829649,"interactionBox":{"center":[0,200,0],"size":[235.247,235.247,147.751]},"pointables":[],"r":[[0.858036,0.430698,0.279774],[-0.442553,0.343601,0.828303],[0.260617,-0.834528,0.485429]],"s":7.5662,"t":[964.42,-2772.64,-2572.49],"timestamp":219038411698},{"currentFrameRate":56.5556,"devices":[],"gestures":[],"hands":[],"id":829650,"interactionBox":{"center":[0,200,0],"size":[235.247,235.247,147.751]},"pointables":[],"r":[[0.858036,0.430698,0.279774],[-0.442553,0.343601,0.828303],[0.260617,-0.834528,0.485429]],"s":7.5662,"t":[964.42,-2772.64,-2572.49],"timestamp":219038429049},{"currentFrameRate":56.6441,"devices":[],"gestures":[],"hands":[],"id":829651,"interactionBox":{"center":[0,200,0],"size":[235.247,235.247,147.751]},"pointables":[],"r":[[0.858036,0.430698,0.279774],[-0.442553,0.343601,0.828303],[0.260617,-0.834528,0.485429]],"s":7.5662,"t":[964.42,-2772.64,-2572.49],"timestamp":219038446404},{"currentFrameRate":56.7375,"devices":[],"gestures":[],"hands":[],"id":829652,"interactionBox":{"center":[0,200,0],"size":[235.247,235.247,147.751]},"pointables":[],"r":[[0.858036,0.430698,0.279774],[-0.442553,0.343601,0.828303],[0.260617,-0.834528,0.485429]],"s":7.5662,"t":[964.42,-2772.64,-2572.49],"timestamp":219038463714},{"currentFrameRate":48.1479,"devices":[],"gestures":[],"hands":[],"id":829653,"interactionBox":{"center":[0,200,0],"size":[235.247,235.247,147.751]},"pointables":[],"r":[[0.858036,0.430698,0.279774],[-0.442553,0.343601,0.828303],[0.260617,-0.834528,0.485429]],"s":7.5662,"t":[964.42,-2772.64,-2572.49],"timestamp":219038515768},{"currentFrameRate":48.9343,"devices":[],"gestures":[],"hands":[],"id":829654,"interactionBox":{"center":[0,200,0],"size":[235.247,235.247,147.751]},"pointables":[],"r":[[0.858036,0.430698,0.279774],[-0.442553,0.343601,0.828303],[0.260617,-0.834528,0.485429]],"s":7.5662,"t":[964.42,-2772.64,-2572.49],"timestamp":219038533127},{"currentFrameRate":49.6623,"devices":[],"gestures":[],"hands":[],"id":829655,"interactionBox":{"center":[0,200,0],"size":[235.247,235.247,147.751]},"pointables":[],"r":[[0.858036,0.430698,0.279774],[-0.442553,0.343601,0.828303],[0.260617,-0.834528,0.485429]],"s":7.5662,"t":[964.42,-2772.64,-2572.49],"timestamp":219038550457},{"currentFrameRate":50.331,"devices":[],"gestures":[],"hands":[],"id":829656,"interactionBox":{"center":[0,200,0],"size":[235.247,235.247,147.751]},"pointables":[],"r":[[0.858036,0.430698,0.279774],[-0.442553,0.343601,0.828303],[0.260617,-0.834528,0.485429]],"s":7.5662,"t":[964.42,-2772.64,-2572.49],"timestamp":219038567782},{"currentFrameRate":50.9318,"devices":[],"gestures":[],"hands":[],"id":829657,"interactionBox":{"center":[0,200,0],"size":[235.247,235.247,147.751]},"pointables":[],"r":[[0.858036,0.430698,0.279774],[-0.442553,0.343601,0.828303],[0.260617,-0.834528,0.485429]],"s":7.5662,"t":[964.42,-2772.64,-2572.49],"timestamp":219038585158},{"currentFrameRate":51.4983,"devices":[],"gestures":[],"hands":[],"id":829658,"interactionBox":{"center":[0,200,0],"size":[235.247,235.247,147.751]},"pointables":[],"r":[[0.858036,0.430698,0.279774],[-0.442553,0.343601,0.828303],[0.260617,-0.834528,0.485429]],"s":7.5662,"t":[964.42,-2772.64,-2572.49],"timestamp":219038602470},{"currentFrameRate":52.0161,"devices":[],"gestures":[],"hands":[],"id":829659,"interactionBox":{"center":[0,200,0],"size":[235.247,235.247,147.751]},"pointables":[],"r":[[0.858036,0.430698,0.279774],[-0.442553,0.343601,0.828303],[0.260617,-0.834528,0.485429]],"s":7.5662,"t":[964.42,-2772.64,-2572.49],"timestamp":219038619789},{"currentFrameRate":52.4852,"devices":[],"gestures":[],"hands":[],"id":829660,"interactionBox":{"center":[0,200,0],"size":[235.247,235.247,147.751]},"pointables":[],"r":[[0.858036,0.430698,0.279774],[-0.442553,0.343601,0.828303],[0.260617,-0.834528,0.485429]],"s":7.5662,"t":[964.42,-2772.64,-2572.49],"timestamp":219038637131},{"currentFrameRate":52.9163,"devices":[],"gestures":[],"hands":[],"id":829661,"interactionBox":{"center":[0,200,0],"size":[235.247,235.247,147.751]},"pointables":[],"r":[[0.858036,0.430698,0.279774],[-0.442553,0.343601,0.828303],[0.260617,-0.834528,0.485429]],"s":7.5662,"t":[964.42,-2772.64,-2572.49],"timestamp":219038654469},{"currentFrameRate":53.3078,"devices":[],"gestures":[],"hands":[],"id":829662,"interactionBox":{"center":[0,200,0],"size":[235.247,235.247,147.751]},"pointables":[],"r":[[0.858036,0.430698,0.279774],[-0.442553,0.343601,0.828303],[0.260617,-0.834528,0.485429]],"s":7.5662,"t":[964.42,-2772.64,-2572.49],"timestamp":219038671822},{"currentFrameRate":53.6789,"devices":[],"gestures":[],"hands":[],"id":829663,"interactionBox":{"center":[0,200,0],"size":[235.247,235.247,147.751]},"pointables":[],"r":[[0.858036,0.430698,0.279774],[-0.442553,0.343601,0.828303],[0.260617,-0.834528,0.485429]],"s":7.5662,"t":[964.42,-2772.64,-2572.49],"timestamp":219038689128},{"currentFrameRate":49.7213,"devices":[],"gestures":[],"hands":[],"id":829664,"interactionBox":{"center":[0,200,0],"size":[235.247,235.247,147.751]},"pointables":[],"r":[[0.858036,0.430698,0.279774],[-0.442553,0.343601,0.828303],[0.260617,-0.834528,0.485429]],"s":7.5662,"t":[964.42,-2772.64,-2572.49],"timestamp":219038723828},{"currentFrameRate":50.3769,"devices":[],"gestures":[],"hands":[],"id":829665,"interactionBox":{"center":[0,200,0],"size":[235.247,235.247,147.751]},"pointables":[],"r":[[0.858036,0.430698,0.279774],[-0.442553,0.343601,0.828303],[0.260617,-0.834528,0.485429]],"s":7.5662,"t":[964.42,-2772.64,-2572.49],"timestamp":219038741187},{"currentFrameRate":50.9911,"devices":[],"gestures":[],"hands":[],"id":829666,"interactionBox":{"center":[0,200,0],"size":[235.247,235.247,147.751]},"pointables":[],"r":[[0.858036,0.430698,0.279774],[-0.442553,0.343601,0.828303],[0.260617,-0.834528,0.485429]],"s":7.5662,"t":[964.42,-2772.64,-2572.49],"timestamp":219038758492},{"currentFrameRate":51.5049,"devices":[],"gestures":[],"hands":[],"id":829667,"interactionBox":{"center":[0,200,0],"size":[235.247,235.247,147.751]},"pointables":[],"r":[[0.858036,0.430698,0.279774],[-0.442553,0.343601,0.828303],[0.260617,-0.834528,0.485429]],"s":7.5662,"t":[964.42,-2772.64,-2572.49],"timestamp":219038775999},{"currentFrameRate":52.0368,"devices":[],"gestures":[],"hands":[],"id":829668,"interactionBox":{"center":[0,200,0],"size":[235.247,235.247,147.751]},"pointables":[],"r":[[0.858036,0.430698,0.279774],[-0.442553,0.343601,0.828303],[0.260617,-0.834528,0.485429]],"s":7.5662,"t":[964.42,-2772.64,-2572.49],"timestamp":219038793259},{"currentFrameRate":52.5139,"devices":[],"gestures":[],"hands":[],"id":829669,"interactionBox":{"center":[0,200,0],"size":[235.247,235.247,147.751]},"pointables":[],"r":[[0.858036,0.430698,0.279774],[-0.442553,0.343601,0.828303],[0.260617,-0.834528,0.485429]],"s":7.5662,"t":[964.42,-2772.64,-2572.49],"timestamp":219038810562},{"currentFrameRate":52.9358,"devices":[],"gestures":[],"hands":[],"id":829670,"interactionBox":{"center":[0,200,0],"size":[235.247,235.247,147.751]},"pointables":[],"r":[[0.858036,0.430698,0.279774],[-0.442553,0.343601,0.828303],[0.260617,-0.834528,0.485429]],"s":7.5662,"t":[964.42,-2772.64,-2572.49],"timestamp":219038827927},{"currentFrameRate":53.3171,"devices":[],"gestures":[],"hands":[],"id":829671,"interactionBox":{"center":[0,200,0],"size":[235.247,235.247,147.751]},"pointables":[],"r":[[0.858036,0.430698,0.279774],[-0.442553,0.343601,0.828303],[0.260617,-0.834528,0.485429]],"s":7.5662,"t":[964.42,-2772.64,-2572.49],"timestamp":219038845314},{"currentFrameRate":53.6758,"devices":[],"gestures":[],"hands":[],"id":829672,"interactionBox":{"center":[0,200,0],"size":[235.247,235.247,147.751]},"pointables":[],"r":[[0.858036,0.430698,0.279774],[-0.442553,0.343601,0.828303],[0.260617,-0.834528,0.485429]],"s":7.5662,"t":[964.42,-2772.64,-2572.49],"timestamp":219038862665},{"currentFrameRate":54.023,"devices":[],"gestures":[],"hands":[],"id":829673,"interactionBox":{"center":[0,200,0],"size":[235.247,235.247,147.751]},"pointables":[],"r":[[0.858036,0.430698,0.279774],[-0.442553,0.343601,0.828303],[0.260617,-0.834528,0.485429]],"s":7.5662,"t":[964.42,-2772.64,-2572.49],"timestamp":219038879945},{"currentFrameRate":54.3145,"devices":[],"gestures":[],"hands":[],"id":829674,"interactionBox":{"center":[0,200,0],"size":[235.247,235.247,147.751]},"pointables":[],"r":[[0.858036,0.430698,0.279774],[-0.442553,0.343601,0.828303],[0.260617,-0.834528,0.485429]],"s":7.5662,"t":[964.42,-2772.64,-2572.49],"timestamp":219038897329},{"currentFrameRate":54.5963,"devices":[],"gestures":[],"hands":[{"armBasis":[[0.811746,0.315158,0.491674],[-0.410446,0.906774,0.0964065],[0.415454,0.280063,-0.865426]],"armWidth":58.1909,"confidence":0,"direction":[0.506428,-0.346805,0.789466],"elbow":[35.3153,287.629,-228.083],"grabAngle":0,"grabStrength":0,"id":587,"palmNormal":[0.206124,-0.840322,-0.50137],"palmPosition":[-46.1525,188.278,43.1475],"palmVelocity":[1.19209e-7,1.19209e-7,1.19209e-7],"palmWidth":83.0946,"pinchDistance":62.6158,"pinchStrength":0,"r":[[1,0,0],[0,1,0],[0,0,1]],"s":1,"sphereCenter":[-38.111,243.929,108.81],"sphereRadius":81.4048,"stabilizedPalmPosition":[-46.1525,188.278,43.1475],"t":[0,0,0],"timeVisible":0,"type":"left","wrist":[-67.124,218.574,-14.6937]}],"id":829675,"interactionBox":{"center":[0,200,0],"size":[235.247,235.247,147.751]},"pointables":[{"bases":[[[0.251378,0.851587,0.460009],[-0.963663,0.175843,0.201079],[-0.0903466,0.493841,-0.864846]],[[0.263561,0.748393,0.60864],[-0.939647,0.0564771,0.337453],[-0.218173,0.660847,-0.71811]],[[0.263561,0.748393,0.60864],[-0.85469,-0.11137,0.507052],[-0.447258,0.653838,-0.610291]],[[0.263561,0.748393,0.60864],[-0.647881,-0.33013,0.686487],[-0.714692,0.575258,-0.39786]]],"btipPosition":[-48.312,130.765,65.7767],"carpPosition":[-87.459,193.544,5.53478],"dipPosition":[-63.587,143.06,57.2733],"direction":[0.447258,-0.653838,0.610291],"extended":false,"handId":587,"id":5870,"length":47.5941,"mcpPosition":[-87.459,193.544,5.53478],"pipPosition":[-77.5133,163.419,38.2707],"stabilizedTipPosition":[-51.8253,133.593,63.821],"timeVisible":0,"tipPosition":[-51.8253,133.593,63.821],"tipVelocity":[1.19209e-7,1.19209e-7,1.19209e-7],"tool":false,"touchDistance":0.333333,"touchZone":"none","type":0,"width":18.4929},{"bases":[[[0.910427,0.352492,-0.216498],[-0.15064,0.769933,0.620089],[-0.385266,0.531933,-0.754068]],[[0.652214,0.548773,-0.522939],[-0.427759,0.835971,0.343764],[-0.62581,0.000516056,-0.779975]],[[0.652214,0.548773,-0.522939],[-0.427759,0.835971,0.343764],[-0.62581,0.000516056,-0.779975]],[[0.652214,0.548773,-0.522939],[-0.427759,0.835971,0.343764],[-0.62581,0.000516056,-0.779975]]],"btipPosition":[-6.008,172.452,130.245],"carpPosition":[-80.0239,208.23,19.5943],"dipPosition":[-15.7726,172.46,118.075],"direction":[0.62581,-0.000516056,0.779975],"extended":true,"handId":587,"id":5871,"length":53.7047,"mcpPosition":[-54.1395,172.491,70.2569],"pipPosition":[-29.5861,172.471,100.859],"stabilizedTipPosition":[-8.25385,172.453,127.446],"timeVisible":0,"tipPosition":[-8.25385,172.453,127.446],"tipVelocity":[1.19209e-7,1.19209e-7,1.19209e-7],"tool":false,"touchDistance":0.957436,"touchZone":"none","type":1,"width":17.6644},{"bases":[[[0.862257,0.284663,-0.418902],[-0.00297495,0.829933,0.557855],[-0.506461,0.479768,-0.716463]],[[0.728006,0.384246,-0.567769],[-0.334281,0.922004,0.195357],[-0.598551,-0.047573,-0.799671]],[[0.728006,0.384246,-0.567769],[-0.334281,0.922004,0.195357],[-0.598551,-0.047573,-0.799671]],[[0.728006,0.384246,-0.567769],[-0.334281,0.922004,0.195357],[-0.598551,-0.047573,-0.799671]]],"btipPosition":[14.5081,186.639,133.894],"carpPosition":[-69.9233,213.061,18.5556],"dipPosition":[4.23615,185.823,120.171],"direction":[0.598551,0.047573,0.799671],"extended":true,"handId":587,"id":5872,"length":61.1922,"mcpPosition":[-37.6546,182.493,64.2044],"pipPosition":[-11.3076,184.587,99.4043],"stabilizedTipPosition":[12.1456,186.452,130.738],"timeVisible":0,"tipPosition":[12.1456,186.452,130.738],"tipVelocity":[1.19209e-7,1.19209e-7,1.19209e-7],"tool":false,"touchDistance":1,"touchZone":"none","type":2,"width":17.3488},{"bases":[[[0.680284,0.188222,-0.708369],[0.10693,0.930637,0.349972],[-0.725107,0.313826,-0.612971]],[[0.864184,0.0870734,-0.495585],[-0.189372,0.96878,-0.160008],[-0.466181,-0.232126,-0.853694]],[[0.864184,0.0870734,-0.495585],[-0.189372,0.96878,-0.160008],[-0.466181,-0.232126,-0.853694]],[[0.864184,0.0870734,-0.495585],[-0.189372,0.96878,-0.160008],[-0.466181,-0.232126,-0.853694]]],"btipPosition":[18.607,214.766,94.6352],"carpPosition":[-50.5085,216.089,5.92293],"dipPosition":[11.2688,211.113,81.1971],"direction":[0.466181,0.232126,0.853694],"extended":true,"handId":587,"id":5874,"length":46.1278,"mcpPosition":[-12.1114,199.471,38.382],"pipPosition":[2.94202,206.966,65.9487],"stabilizedTipPosition":[16.9192,213.926,91.5444],"timeVisible":0,"tipPosition":[16.9192,213.926,91.5444],"tipVelocity":[1.19209e-7,1.19209e-7,1.19209e-7],"tool":false,"touchDistance":0.359073,"touchZone":"none","type":4,"width":14.6641},{"bases":[[[0.776084,0.288783,-0.560623],[0.0424937,0.863022,0.503377],[-0.629197,0.414485,-0.657506]],[[0.833131,0.247476,-0.494619],[-0.276295,0.960949,0.015409],[-0.479117,-0.123823,-0.868973]],[[0.833131,0.247476,-0.494619],[-0.276295,0.960949,0.015409],[-0.479117,-0.123823,-0.868973]],[[0.833131,0.247476,-0.494619],[-0.276295,0.960949,0.015409],[-0.479117,-0.123823,-0.868973]]],"btipPosition":[15.918,203.149,124.754],"carpPosition":[-59.9201,216.562,14.8744],"dipPosition":[7.74299,201.037,109.927],"direction":[0.479117,0.123823,0.868973],"extended":true,"handId":587,"id":5873,"length":58.8379,"mcpPosition":[-23.9271,192.852,52.4868],"pipPosition":[-4.37784,197.904,87.9432],"stabilizedTipPosition":[14.0378,202.664,121.344],"timeVisible":0,"tipPosition":[14.0378,202.664,121.344],"tipVelocity":[1.19209e-7,1.19209e-7,1.19209e-7],"tool":false,"touchDistance":0.855726,"touchZone":"none","type":3,"width":16.5085}],"r":[[1,0,0],[0,1,0],[0,0,1]],"s":1,"t":[0,0,0],"timestamp":219038914657},{"currentFrameRate":54.8513,"devices":[],"gestures":[],"hands":[{"armBasis":[[0.0607141,-0.997607,-0.0330647],[0.913841,0.0422302,0.403871],[0.401508,0.0547365,-0.914218]],"armWidth":56.8824,"confidence":0.0910996,"direction":[0.573439,-0.380489,0.725532],"elbow":[41.0156,236.658,-236.591],"grabAngle":1.92149,"grabStrength":0.435878,"id":587,"palmNormal":[-0.759206,-0.579597,0.296098],"palmPosition":[-32.8555,202.093,49.0694],"palmVelocity":[766.794,796.711,341.498],"palmWidth":83.5213,"pinchDistance":33.0718,"pinchStrength":1,"r":[[0.97875,-0.204038,-0.0204334],[0.197508,0.964811,-0.173581],[0.0551315,0.165857,0.984608]],"s":0.877688,"sphereCenter":[-65.2372,172.691,78.9935],"sphereRadius":44.0457,"stabilizedPalmPosition":[-38.0109,196.737,46.7734],"t":[6.64849,6.90788,2.96096],"timeVisible":0.017341,"type":"left","wrist":[-57.9849,223.162,-11.1708]}],"id":829676,"interactionBox":{"center":[0,200,0],"size":[235.247,235.247,147.751]},"pointables":[{"bases":[[[0.399765,-0.774276,-0.490595],[0.826995,0.535492,-0.171251],[-0.395306,0.33726,-0.854394]],[[0.255174,-0.628939,-0.734385],[0.951591,0.0287537,0.306021],[0.171352,0.776923,-0.60583]],[[0.255174,-0.628939,-0.734385],[0.951591,0.0287537,0.306021],[0.171352,0.776923,-0.60583]],[[0.255174,-0.628939,-0.734385],[0.806186,-0.280928,0.520714],[0.533807,0.724924,-0.435356]]],"btipPosition":[-45.45,147.977,126.25],"carpPosition":[-51.9991,233.801,21.5562],"dipPosition":[-36.5408,160.076,118.983],"direction":[-0.171352,-0.776923,0.60583],"extended":true,"handId":587,"id":5871,"length":57.4459,"mcpPosition":[-25.3038,211.025,79.2541],"pipPosition":[-32.495,178.42,104.679],"stabilizedTipPosition":[-30.8858,158.484,125.6],"timeVisible":0.017341,"tipPosition":[-37.1325,153.371,123.554],"tipVelocity":[-2026.82,-1251.01,-165.378],"tool":false,"touchDistance":0.909639,"touchZone":"none","type":1,"width":17.0928},{"bases":[[[0.0617332,-0.756026,-0.651623],[0.870916,0.35971,-0.334834],[-0.487539,0.546839,-0.680642]],[[0.0908569,-0.787457,-0.609637],[0.990365,0.00720561,0.138291],[0.104506,0.616328,-0.780525]],[[0.0908569,-0.787457,-0.609637],[-0.0799125,-0.61596,0.783714],[0.992653,0.0224883,0.118892]],[[0.0908569,-0.787457,-0.609637],[-0.610452,-0.527709,0.590653],[0.786825,-0.318489,0.528651]]],"btipPosition":[-60.5737,163.8,70.776],"carpPosition":[-42.8228,216.938,10.44],"dipPosition":[-46.2131,157.987,80.4246],"direction":[-0.992653,-0.0224883,-0.118892],"extended":false,"handId":587,"id":5873,"length":62.9367,"mcpPosition":[-14.7901,185.495,49.5758],"pipPosition":[-19.3513,158.595,83.6419],"stabilizedTipPosition":[-24.9522,180.683,94.9077],"timeVisible":0.017341,"tipPosition":[-51.1454,162.913,73.539],"tipVelocity":[-4112.14,-2318.25,-2788.1],"tool":false,"touchDistance":0.333333,"touchZone":"hovering","type":3,"width":15.9743},{"bases":[[[-0.139864,-0.736627,-0.661679],[0.823398,0.284631,-0.490918],[-0.549958,0.613487,-0.566728]],[[-0.0161259,-0.853023,-0.521624],[0.998172,-0.0441281,0.0413053],[0.0582527,0.520004,-0.852175]],[[-0.0161259,-0.853023,-0.521624],[0.998172,-0.0441281,0.0413053],[0.0582527,0.520004,-0.852175]],[[-0.0161259,-0.853023,-0.521624],[0.826019,-0.305331,0.473778],[0.563411,0.423231,-0.709537]]],"btipPosition":[-29.2352,138.304,92.0425],"carpPosition":[-45.8954,205.98,4.21494],"dipPosition":[-19.7486,145.43,80.0956],"direction":[-0.0582527,-0.520004,0.852175],"extended":true,"handId":587,"id":5874,"length":49.3412,"mcpPosition":[-16.6236,173.327,34.3794],"pipPosition":[-18.6356,155.365,63.814],"stabilizedTipPosition":[-11.4652,166.17,90.0922],"timeVisible":0.017341,"tipPosition":[-21.102,142.068,86.3152],"tipVelocity":[-2535.75,-4266.36,-129.73],"tool":false,"touchDistance":0.333333,"touchZone":"none","type":4,"width":14.1896},{"bases":[[[0.91483,0.154186,-0.373245],[-0.132025,0.987647,0.0843962],[-0.381647,0.0279305,-0.923886]],[[0.98535,0.140036,-0.0973427],[-0.0487955,0.778402,0.625867],[-0.163416,0.611948,-0.773831]],[[0.98535,0.140036,-0.0973427],[-0.0199712,0.661591,0.749599],[-0.169372,0.736673,-0.654695]],[[0.98535,0.140036,-0.0973427],[-0.103999,0.945746,0.307814],[-0.135166,0.293181,-0.946454]]],"btipPosition":[-57.11,173.226,103.343],"carpPosition":[-73.2907,232.36,24.6241],"dipPosition":[-60.2001,179.928,81.7054],"direction":[0.169372,-0.736673,0.654695],"extended":false,"handId":587,"id":5870,"length":50.9097,"mcpPosition":[-73.2907,232.36,24.6241],"pipPosition":[-65.8413,204.464,59.9],"stabilizedTipPosition":[-54.7689,153.809,80.782],"timeVisible":0.017341,"tipPosition":[-55.5163,181.71,100.454],"tipVelocity":[-345.74,2374.37,1992.12],"tool":false,"touchDistance":0.472773,"touchZone":"none","type":0,"width":17.8945},{"bases":[[[0.195804,-0.80146,-0.565086],[0.873795,0.404157,-0.270443],[-0.445133,0.440816,-0.779447]],[[0.168759,-0.773585,-0.610808],[0.943245,-0.0530774,0.32783],[0.286024,0.631466,-0.720723]],[[0.168759,-0.773585,-0.610808],[-0.000158218,-0.619718,0.784825],[0.985657,0.13235,0.104705]],[[0.168759,-0.773585,-0.610808],[-0.528406,-0.594127,0.606465],[0.83205,-0.220408,0.509032]]],"btipPosition":[-73.677,168.274,87.9308],"carpPosition":[-46.0631,225.867,16.332],"dipPosition":[-58.4031,164.228,97.2751],"direction":[-0.985657,-0.13235,-0.104705],"extended":false,"handId":587,"id":5872,"length":65.455,"mcpPosition":[-17.5562,197.636,66.2488],"pipPosition":[-31.0235,167.904,100.184],"stabilizedTipPosition":[-35.0687,175.491,107.416],"timeVisible":0.017341,"tipPosition":[-64.2316,167.454,90.635],"tipVelocity":[-4746.53,-1101.93,-2344.61],"tool":false,"touchDistance":0.334666,"touchZone":"hovering","type":2,"width":16.7874}],"r":[[0.97875,-0.204038,-0.0204334],[0.197508,0.964811,-0.173581],[0.0551315,0.165857,0.984608]],"s":0.877688,"t":[6.64849,6.90788,2.96096],"timestamp":219038931998},{"currentFrameRate":55.0859,"devices":[],"gestures":[],"hands":[{"armBasis":[[0.871236,-0.353927,0.340123],[0.346738,0.934199,0.0839314],[0.347448,-0.0448095,-0.936628]],"armWidth":57.5897,"confidence":0.180684,"direction":[0.608962,-0.0584829,0.791041],"elbow":[32.1413,201.897,-240.76],"grabAngle":2.81366,"grabStrength":0.665934,"id":587,"palmNormal":[-0.216441,-0.971684,0.0947834],"palmPosition":[-27.0151,207.697,54.7896],"palmVelocity":[336.855,323.196,329.922],"palmWidth":83.8627,"pinchDistance":29.1855,"pinchStrength":0.23676,"r":[[0.969536,-0.243041,0.0305183],[0.241088,0.92478,-0.294377],[0.043323,0.292767,0.955202]],"s":0.867808,"sphereCenter":[-27.4642,162.705,68.5361],"sphereRadius":39.4602,"stabilizedPalmPosition":[-31.4826,203.244,51.5327],"t":[12.8929,13.1636,7.30154],"timeVisible":0.034679,"type":"left","wrist":[-53.9694,213.002,-8.62816]}],"id":829677,"interactionBox":{"center":[0,200,0],"size":[235.247,235.247,147.751]},"pointables":[{"bases":[[[0.619488,0.765566,-0.173618],[-0.754997,0.641618,0.135295],[-0.214974,-0.0472681,-0.975475]],[[0.651074,0.758047,0.0383031],[-0.742176,0.625249,0.241328],[-0.158989,0.18555,-0.969687]],[[0.651074,0.758047,0.0383031],[-0.707383,0.587718,0.392678],[-0.275157,0.282757,-0.918878]],[[0.651074,0.758047,0.0383031],[-0.638038,0.519272,0.568563],[-0.411108,0.394615,-0.821748]]],"btipPosition":[-49.1117,182.378,119.253],"carpPosition":[-75.0294,209.389,25.2452],"dipPosition":[-58.5456,191.434,100.396],"direction":[0.275157,-0.282757,0.918878],"extended":true,"handId":587,"id":5870,"length":51.1008,"mcpPosition":[-75.0294,209.389,25.2452],"pipPosition":[-67.7445,200.887,69.6765],"stabilizedTipPosition":[-53.448,165.419,93.7104],"timeVisible":0.034679,"tipPosition":[-47.6764,180.777,111.259],"tipVelocity":[377.161,559.105,954.512],"tool":false,"touchDistance":0.748595,"touchZone":"none","type":0,"width":18.1763},{"bases":[[[0.442402,-0.517059,-0.732755],[0.476798,0.827627,-0.296137],[-0.759568,0.218365,-0.612677]],[[0.587142,-0.550581,-0.5934],[0.801405,0.498675,0.330263],[-0.114077,0.669466,-0.734032]],[[0.587142,-0.550581,-0.5934],[0.801405,0.498675,0.330263],[-0.114077,0.669466,-0.734032]],[[0.587142,-0.550581,-0.5934],[0.524058,-0.300163,0.797035],[0.61695,0.77895,-0.112298]]],"btipPosition":[1.30659,149.899,82.6704],"carpPosition":[-35.0029,210.783,8.50308],"dipPosition":[11.7336,163.064,80.7725],"direction":[0.114077,-0.669466,0.734032],"extended":true,"handId":587,"id":5874,"length":49.5265,"mcpPosition":[5.5908,199.113,41.2465],"pipPosition":[9.54587,175.902,66.6955],"stabilizedTipPosition":[-0.374096,156.487,84.3469],"timeVisible":0.034679,"tipPosition":[10.3023,157.765,85.3159],"tipVelocity":[1774.03,748.844,-407.246],"tool":false,"touchDistance":0.333333,"touchZone":"none","type":4,"width":14.413},{"bases":[[[0.854511,-0.235503,-0.462979],[0.284092,0.958083,0.0369958],[-0.43486,0.163142,-0.885597]],[[0.743128,-0.195643,-0.63991],[0.657976,0.0396122,0.751996],[0.121775,0.979875,-0.158165]],[[0.743128,-0.195643,-0.63991],[0.114621,-0.904952,0.409786],[0.65926,0.37787,0.65007]],[[0.743128,-0.195643,-0.63991],[-0.304694,-0.950345,-0.0632872],[0.595754,-0.242007,0.765839]]],"btipPosition":[-60.8817,167.364,65.071],"carpPosition":[-59.6339,224.604,26.5949],"dipPosition":[-50.9013,163.31,77.9009],"direction":[-0.65926,-0.37787,-0.65007],"extended":false,"handId":587,"id":5871,"length":57.6616,"mcpPosition":[-30.1474,213.542,86.6444],"pipPosition":[-35.2772,172.265,93.3072],"stabilizedTipPosition":[-42.5146,161.821,101.428],"timeVisible":0.034679,"tipPosition":[-53.6271,165.312,73.139],"tipVelocity":[-875.84,903.9,-3261.99],"tool":false,"touchDistance":-0.0329681,"touchZone":"touching","type":1,"width":17.362},{"bases":[[[0.726869,-0.371153,-0.577848],[0.414851,0.907825,-0.061261],[-0.547322,0.195192,-0.813842]],[[0.721687,-0.3693,-0.585479],[0.656473,0.0968511,0.748106],[0.219571,0.92425,-0.312331]],[[0.721687,-0.3693,-0.585479],[0.0506844,-0.815338,0.576762],[0.690362,0.445916,0.569701]],[[0.721687,-0.3693,-0.585479],[-0.471855,-0.881301,-0.0257354],[0.506479,-0.294834,0.810279]]],"btipPosition":[-53.1877,160.153,58.2655],"carpPosition":[-49.4238,223.386,21.9864],"dipPosition":[-43.8554,154.721,73.1955],"direction":[-0.690362,-0.445916,-0.569701],"extended":false,"handId":587,"id":5872,"length":65.7007,"mcpPosition":[-14.2293,210.835,74.3189],"pipPosition":[-24.6065,167.154,89.0801],"stabilizedTipPosition":[-35.0687,175.491,107.416],"timeVisible":0.034679,"tipPosition":[-45.7588,157.562,68.5051],"tipVelocity":[1102.94,-486.756,-1636.9],"tool":false,"touchDistance":-0.138344,"touchZone":"hovering","type":2,"width":17.0517},{"bases":[[[0.605048,-0.405756,-0.68504],[0.448063,0.884747,-0.128301],[-0.658146,0.229313,-0.717119]],[[0.643424,-0.418776,-0.640806],[0.74411,0.145601,0.651998],[0.179739,0.896341,-0.405299]],[[0.643424,-0.418776,-0.640806],[0.12497,-0.768404,0.627644],[0.75524,0.483923,0.442076]],[[0.643424,-0.418776,-0.640806],[-0.370931,-0.902817,0.217558],[0.669638,-0.0977127,0.736231]]],"btipPosition":[-43.1826,155.966,49.7709],"carpPosition":[-40.5237,219.827,16.1089],"dipPosition":[-30.9149,154.176,63.2586],"direction":[-0.75524,-0.483923,-0.442076],"extended":false,"handId":587,"id":5873,"length":63.173,"mcpPosition":[-2.52673,206.589,57.5106],"pipPosition":[-10.4009,167.321,75.2663],"stabilizedTipPosition":[-24.9522,180.683,94.9077],"timeVisible":0.034679,"tipPosition":[-33.3703,157.546,58.6879],"tipVelocity":[975.298,-398.438,-1160.58],"tool":false,"touchDistance":-0.0520356,"touchZone":"hovering","type":3,"width":16.2258}],"r":[[0.969536,-0.243041,0.0305183],[0.241088,0.92478,-0.294377],[0.043323,0.292767,0.955202]],"s":0.867808,"t":[12.8929,13.1636,7.30154],"timestamp":219038949336},{"currentFrameRate":55.3146,"devices":[],"gestures":[],"hands":[{"armBasis":[[0.917123,-0.195443,0.347402],[0.201016,0.979377,0.020311],[0.344208,-0.0512056,-0.937496]],"armWidth":58.1586,"confidence":0.267118,"direction":[0.611487,0.0325433,0.790585],"elbow":[32.7672,198.277,-239.927],"grabAngle":2.79973,"grabStrength":0.459638,"id":587,"palmNormal":[-0.0979848,-0.988349,0.116471],"palmPosition":[-25.3222,210.701,57.0556],"palmVelocity":[97.9264,173.798,131.078],"palmWidth":84.1357,"pinchDistance":36.7537,"pinchStrength":0.0233821,"r":[[0.966525,-0.245192,0.0755649],[0.25496,0.884898,-0.38981],[0.0287108,0.396027,0.91779]],"s":0.904398,"sphereCenter":[-25.4158,168.378,76.2046],"sphereRadius":41.2085,"stabilizedPalmPosition":[-27.8488,207.643,54.7905],"t":[16.8616,17.7937,10.6048],"timeVisible":0.051966,"type":"left","wrist":[-52.8891,211.02,-6.63093]}],"id":829678,"interactionBox":{"center":[0,200,0],"size":[235.247,235.247,147.751]},"pointables":[{"bases":[[[0.522909,0.830525,-0.191817],[-0.826717,0.548964,0.123196],[-0.207618,-0.0941581,-0.973668]],[[0.557891,0.828202,0.0532825],[-0.829747,0.555337,0.0558689],[-0.016681,0.0753798,-0.997015]],[[0.557891,0.828202,0.0532825],[-0.789158,0.509527,0.342946],[-0.25688,0.233375,-0.937843]],[[0.557891,0.828202,0.0532825],[-0.689612,0.4269,0.584972],[-0.461729,0.363095,-0.809301]]],"btipPosition":[-53.3756,186.288,123.426],"carpPosition":[-73.3837,205.938,27.4824],"dipPosition":[-64.0028,194.645,104.799],"direction":[0.25688,-0.233375,0.937843],"extended":true,"handId":587,"id":5870,"length":51.2533,"mcpPosition":[-73.3837,205.938,27.4824],"pipPosition":[-72.6162,202.47,73.3526],"stabilizedTipPosition":[-54.4007,174.573,103.925],"timeVisible":0.051966,"tipPosition":[-48.1337,185.027,116.239],"tipVelocity":[-262.531,216.868,244.487],"tool":false,"touchDistance":0.819036,"touchZone":"none","type":0,"width":18.4031},{"bases":[[[0.501473,-0.476037,-0.