{"frames":74,"data":[{"currentFrameRate":115.069,"devices":[],"gestures":[],"hands":[{"armBasis":[[-0.681022,0.00465176,-0.732248],[-0.440969,0.795724,0.415175],[-0.584599,-0.605642,0.539854]],"armWidth":63.925,"confidence":1,"direction":[0.562654,0.76229,-0.319896],"elbow":[-302.238,-45.7642,228.841],"grabAngle":1.50277,"grabStrength":0.286929,"id":722,"palmNormal":[0.582965,-0.640228,-0.50026],"palmPosition":[-99.0707,165.611,64.0952],"palmVelocity":[1.74658,-2.40812,-4.00527],"palmWidth":88.9972,"pinchDistance":47.65,"pinchStrength":0.391887,"r":[[0.975102,0.0241571,-0.220435],[-0.0736755,0.972874,-0.21929],[0.209158,0.230071,0.950432]],"s":0.841472,"sphereCenter":[-53.7997,141.258,26.5601],"sphereRadius":61.1772,"stabilizedPalmPosition":[-97.7325,166.614,63.2598],"t":[-8.01976,-50.1233,-17.7875],"timeVisible":10.0336,"type":"left","wrist":[-147.854,114.178,86.2725]},{"armBasis":[[0.897402,-0.0775716,-0.434342],[0.411494,0.502338,0.76048],[0.159195,-0.861185,0.482719]],"armWidth":63.925,"confidence":1,"direction":[-0.075984,0.785719,-0.613899],"elbow":[140.141,-94.8183,274.7],"grabAngle":0.256294,"grabStrength":0,"id":725,"palmNormal":[-0.405811,-0.58675,-0.700743],"palmPosition":[83.0874,190.552,102.917],"palmVelocity":[-0.0175365,3.55571,0.896479],"palmWidth":88.9972,"pinchDistance":58.6836,"pinchStrength":0,"r":[[0.994923,0.0742002,-0.0679864],[-0.0787316,0.994669,-0.0665904],[0.0626829,0.071605,0.995461]],"s":0.970094,"sphereCenter":[60.1954,151.779,21.6282],"sphereRadius":96.2015,"stabilizedPalmPosition":[83.177,191.373,103.466],"t":[0.477022,34.1491,6.94303],"timeVisible":0.789408,"type":"right","wrist":[98.0997,132.609,147.22]}],"id":1324447,"interactionBox":{"center":[0,200,0],"size":[235.247,235.247,147.751]},"pointables":[{"bases":[[[-0.647493,0.759606,0.0612492],[-0.00856418,-0.0876199,0.996117],[-0.762024,-0.644454,-0.0632387]],[[-0.208846,0.974342,0.083909],[0.256196,-0.0282944,0.966211],[-0.943794,-0.223286,0.243713]],[[-0.208846,0.974342,0.083909],[0.453885,0.0205718,0.890823],[-0.86624,-0.224129,0.446536]],[[-0.208846,0.974342,0.083909],[0.667855,0.0794201,0.740042],[-0.71439,-0.210594,0.667306]]],"btipPosition":[-23.3297,140.092,53.0272],"carpPosition":[-115.003,116.799,95.3279],"dipPosition":[-39.8101,135.234,68.4214],"direction":[0.86624,0.224129,-0.446536],"extended":false,"handId":722,"id":7220,"length":51.3717,"mcpPosition":[-115.003,116.799,95.3279],"pipPosition":[-68.923,127.701,83.4287],"stabilizedTipPosition":[-24.0364,139.353,57.235],"timeVisible":10.0336,"tipPosition":[-25.5482,138.937,56.5025],"tipVelocity":[2.9025,-6.71478,-1.46856],"tool":false,"touchDistance":-0.19387,"touchZone":"touching","type":0,"width":20.5384},{"bases":[[[-0.483358,0.221627,-0.846904],[-0.479637,0.742252,0.467986],[-0.732334,-0.632411,0.252473]],[[-0.43642,0.260899,-0.861086],[-0.209048,0.901442,0.379078],[-0.875121,-0.345446,0.338867]],[[-0.43642,0.260899,-0.861086],[0.406574,0.910937,0.0699417],[-0.802643,0.319571,0.503626]],[[-0.43642,0.260899,-0.861086],[0.720131,0.67503,-0.160454],[-0.539396,0.69012,0.482479]]],"btipPosition":[-6.92274,178.671,42.5574],"carpPosition":[-124.888,137.771,95.2],"dipPosition":[-16.007,190.294,50.683],"direction":[0.802643,-0.319571,-0.503626],"extended":false,"handId":722,"id":7221,"length":57.9672,"mcpPosition":[-72.19,183.279,77.0324],"pipPosition":[-35.1299,197.908,62.6819],"stabilizedTipPosition":[-6.65214,181.684,44.8764],"timeVisible":10.0336,"tipPosition":[-7.71058,180.167,43.8022],"tipVelocity":[2.40253,-6.18053,4.22246],"tool":false,"touchDistance":-0.185554,"touchZone":"touching","type":1,"width":19.6183},{"bases":[[[-0.488959,0.00434348,-0.872296],[-0.570411,0.75497,0.323499],[-0.659962,-0.655745,0.366672]],[[-0.435811,0.0556491,-0.898316],[-0.400298,0.881953,0.248837],[-0.806121,-0.46804,0.362088]],[[-0.435811,0.0556491,-0.898316],[0.107212,0.99419,0.00957524],[-0.89363,0.0921374,0.439245]],[[-0.435811,0.0556491,-0.898316],[0.501652,0.843696,-0.191107],[-0.747271,0.533928,0.395608]]],"btipPosition":[-8.79642,196.525,23.8784],"carpPosition":[-131.023,142.012,85.7436],"dipPosition":[-22.6385,206.415,31.2065],"direction":[0.89363,-0.0921374,-0.439245],"extended":true,"handId":722,"id":7222,"length":66.049,"mcpPosition":[-85.9871,186.76,60.722],"pipPosition":[-47.687,208.997,43.5185],"stabilizedTipPosition":[-8.80818,197.603,25.0422],"timeVisible":10.0336,"tipPosition":[-10.525,196.922,25.173],"tipVelocity":[4.64124,-0.664182,3.09623],"tool":false,"touchDistance":0.308274,"touchZone":"hovering","type":2,"width":19.2678},{"bases":[[[-0.536348,-0.149127,-0.830718],[-0.624635,0.732063,0.271875],[-0.567593,-0.664714,0.485791]],[[-0.484585,-0.0903476,-0.870066],[-0.367287,0.923741,0.10864],[-0.7939,-0.372209,0.480815]],[[-0.484585,-0.0903476,-0.870066],[0.121064,0.978153,-0.168998],[-0.866326,0.187227,0.463061]],[[-0.484585,-0.0903476,-0.870066],[0.540538,0.751093,-0.379048],[-0.687747,0.653985,0.315133]]],"btipPosition":[-30.7803,183.216,5.91687],"carpPosition":[-136.842,143.255,75.3042],"dipPosition":[-43.4465,195.261,11.7207],"direction":[0.866326,-0.187227,-0.463061],"extended":true,"handId":722,"id":7223,"length":63.5079,"mcpPosition":[-102.067,183.981,45.5407],"pipPosition":[-67.1026,200.373,24.3651],"stabilizedTipPosition":[-30.7094,184.077,6.98419],"timeVisible":10.0336,"tipPosition":[-32.6014,184.442,6.72023],"tipVelocity":[7.61736,0.997832,0.699974],"tool":false,"touchDistance":0.314956,"touchZone":"hovering","type":3,"width":18.3345},{"bases":[[[-0.487806,-0.343953,-0.802335],[-0.748128,0.638335,0.181201],[-0.449834,-0.68864,0.568704]],[[-0.454886,-0.294559,-0.840425],[-0.433279,0.897692,-0.0801149],[-0.778041,-0.327695,0.535974]],[[-0.454886,-0.294559,-0.840425],[0.266364,0.855511,-0.444018],[-0.849781,0.425837,0.3107]],[[-0.454886,-0.294559,-0.840425],[0.629128,0.561635,-0.537367],[-0.630298,0.773176,0.0701649]]],"btipPosition":[-60.9584,167.066,4.90947],"carpPosition":[-140.681,137.934,63.0267],"dipPosition":[-71.6675,180.202,6.10161],"direction":[0.849781,-0.425837,-0.3107],"extended":false,"handId":722,"id":7224,"length":49.789,"mcpPosition":[-115.169,176.991,30.7725],"pipPosition":[-88.0507,188.412,12.0917],"stabilizedTipPosition":[-61.0734,169.157,4.71933],"timeVisible":10.0336,"tipPosition":[-62.7009,169.585,4.61852],"tipVelocity":[7.32114,1.11829,-2.42282],"tool":false,"touchDistance":0.309432,"touchZone":"hovering","type":4,"width":16.2862},{"bases":[[[0.714642,0.599302,0.360726],[-0.521862,0.113409,0.845457],[0.465775,-0.792449,0.3938]],[[0.61273,0.739395,0.279028],[-0.633548,0.248512,0.732706],[0.472417,-0.625729,0.620713]],[[0.61273,0.739395,0.279028],[-0.785897,0.607266,0.116595],[-0.0832349,-0.290729,0.953178]],[[0.61273,0.739395,0.279028],[-0.626945,0.669735,-0.397989],[-0.481146,0.0689245,0.873927]]],"btipPosition":[57.009,185.437,57.8777],"carpPosition":[66.1774,146.705,140.379],"dipPosition":[45.9093,187.027,78.0385],"direction":[0.0832349,0.290729,-0.953178],"extended":false,"handId":725,"id":7250,"length":51.3717,"mcpPosition":[66.1774,146.705,140.379],"pipPosition":[43.1119,177.256,110.073],"stabilizedTipPosition":[54.1408,186.391,62.8858],"timeVisible":0.789408,"tipPosition":[49.928,188.509,62.0623],"tipVelocity":[1.72823,5.32145,-1.81051],"tool":false,"touchDistance":0.323492,"touchZone":"hovering","type":0,"width":20.5384},{"bases":[[[0.839831,-0.275176,-0.467934],[0.518051,0.663826,0.539406],[0.162195,-0.695424,0.700056]],[[0.853057,-0.354836,-0.382603],[0.514016,0.697718,0.498977],[0.089894,-0.622319,0.777584]],[[0.853057,-0.354836,-0.382603],[0.508035,0.73216,0.453699],[0.119137,-0.581407,0.804843]],[[0.853057,-0.354836,-0.382603],[0.499609,0.767019,0.402582],[0.150613,-0.534577,0.83159]]],"btipPosition":[69.8524,268.674,16.9618],"carpPosition":[91.3209,165.452,139.642],"dipPosition":[72.6423,258.772,32.3657],"direction":[-0.119137,0.581407,-0.804843],"extended":true,"handId":725,"id":7252,"length":66.049,"mcpPosition":[80.2527,212.908,91.8699],"pipPosition":[75.9817,242.475,54.9255],"stabilizedTipPosition":[70.604,267.737,21.2154],"timeVisible":0.789408,"tipPosition":[69.3018,269.671,22.7014],"tipVelocity":[1.10604,6.78709,4.45231],"tool":false,"touchDistance":0.298172,"touchZone":"hovering","type":2,"width":19.2678},{"bases":[[[0.885105,-0.0611775,-0.461353],[0.367525,0.700037,0.612269],[0.285507,-0.711481,0.64209]],[[0.929492,-0.254445,-0.267025],[0.366456,0.719274,0.590216],[0.0418871,-0.646454,0.761802]],[[0.929492,-0.254445,-0.267025],[0.363296,0.756641,0.543609],[0.0637239,-0.602289,0.79573]],[[0.929492,-0.254445,-0.267025],[0.360113,0.782602,0.507792],[0.0797696,-0.568148,0.819051]]],"btipPosition":[55.1482,267.097,33.2715],"carpPosition":[80.3283,164.605,144.489],"dipPosition":[56.4916,257.528,47.0656],"direction":[-0.0637239,0.602289,-0.79573],"extended":true,"handId":725,"id":7251,"length":57.9672,"mcpPosition":[59.7837,215.802,98.285],"pipPosition":[58.0098,243.179,66.0239],"stabilizedTipPosition":[55.4803,266.302,37.1873],"timeVisible":0.789408,"tipPosition":[53.2328,267.556,38.5612],"tipVelocity":[0.712696,6.57933,4.13523],"tool":false,"touchDistance":0.308995,"touchZone":"hovering","type":1,"width":19.6183},{"bases":[[[0.813087,-0.423767,-0.399137],[0.581636,0.619962,0.526637],[0.0242784,-0.660354,0.750562]],[[0.810131,-0.38306,-0.443794],[0.571412,0.685178,0.451685],[0.131056,-0.619513,0.773969]],[[0.810131,-0.38306,-0.443794],[0.550367,0.75772,0.350653],[0.20195,-0.528324,0.824675]],[[0.810131,-0.38306,-0.443794],[0.530772,0.800696,0.277788],[0.248935,-0.460598,0.851986]]],"btipPosition":[84.3304,253.956,15.6781],"carpPosition":[101.689,163.304,133.96],"dipPosition":[88.915,245.473,31.3691],"direction":[-0.20195,0.528324,-0.824675],"extended":true,"handId":725,"id":7253,"length":63.5079,"mcpPosition":[100.201,203.763,87.9744],"pipPosition":[94.4295,231.047,53.8879],"stabilizedTipPosition":[85.762,253.383,19.9534],"timeVisible":0.789408,"tipPosition":[86.0222,253.702,20.0901],"tipVelocity":[-0.449671,2.79024,1.87978],"tool":false,"touchDistance":0.305507,"touchZone":"hovering","type":3,"width":18.3345},{"bases":[[[0.703077,-0.59392,-0.391078],[0.700864,0.485711,0.522373],[-0.120297,-0.641361,0.75775]],[[0.712836,-0.450679,-0.537358],[0.691368,0.580252,0.430485],[0.117793,-0.678378,0.725209]],[[0.712836,-0.450679,-0.537358],[0.66146,0.68669,0.301542],[0.2331,-0.570391,0.787603]],[[0.712836,-0.450679,-0.537358],[0.633752,0.742086,0.218325],[0.300371,-0.496182,0.814604]]],"btipPosition":[102.602,234.386,28.7401],"carpPosition":[109.483,154.94,126.017],"dipPosition":[107.706,225.956,42.5806],"direction":[-0.2331,0.570391,-0.787603],"extended":true,"handId":725,"id":7254,"length":49.789,"mcpPosition":[116.305,191.315,83.0415],"pipPosition":[112.2,214.959,57.7651],"stabilizedTipPosition":[104.003,232.993,32.1336],"timeVisible":0.789408,"tipPosition":[103.74,231.435,31.4764],"tipVelocity":[-2.57168,-0.496873,-0.65402],"tool":false,"touchDistance":0.308509,"touchZone":"hovering","type":4,"width":16.2862}],"r":[[-0.179985,-0.717307,-0.673109],[0.84262,0.240639,-0.481752],[0.50754,-0.653883,0.561106]],"s":63.4937,"t":[-1626.92,-9992.42,11053.4],"timestamp":747004464057},{"currentFrameRate":115.211,"devices":[],"gestures":[],"hands":[{"armBasis":[[-0.683111,0.00869559,-0.730262],[-0.437876,0.795387,0.419075],[-0.584486,-0.606039,0.53953]],"armWidth":63.925,"confidence":1,"direction":[0.563003,0.76267,-0.318374],"elbow":[-302.266,-45.9386,228.707],"grabAngle":1.5029,"grabStrength":0.28799,"id":722,"palmNormal":[0.580604,-0.639149,-0.504368],"palmPosition":[-99.1013,165.545,64.1143],"palmVelocity":[-3.62903,-7.86092,2.26256],"palmWidth":88.9972,"pinchDistance":47.6043,"pinchStrength":0.393026,"r":[[0.975139,0.0243925,-0.220248],[-0.0738796,0.972844,-0.219357],[0.208916,0.230175,0.95046]],"s":0.841511,"sphereCenter":[-54.0147,141.251,26.252],"sphereRadius":61.2139,"stabilizedPalmPosition":[-97.7336,166.613,63.2605],"t":[-8.02697,-50.16,-17.7936],"timeVisible":10.0421,"type":"left","wrist":[-147.911,114.108,86.224]},{"armBasis":[[0.897143,-0.0778228,-0.434831],[0.411931,0.502864,0.759895],[0.159524,-0.860855,0.483199]],"armWidth":63.925,"confidence":1,"direction":[-0.0755557,0.78627,-0.613247],"elbow":[140.202,-94.7564,274.795],"grabAngle":0.257844,"grabStrength":0,"id":725,"palmNormal":[-0.406352,-0.5859,-0.701142],"palmPosition":[83.0846,190.564,102.923],"palmVelocity":[-0.339472,1.38091,0.714954],"palmWidth":88.9972,"pinchDistance":58.6813,"pinchStrength":0,"r":[[0.994948,0.0739681,-0.0678725],[-0.0784616,0.994722,-0.0661173],[0.0626237,0.0711087,0.995501]],"s":0.969982,"sphereCenter":[59.7939,151.404,21.2999],"sphereRadius":96.718,"stabilizedPalmPosition":[83.1761,191.365,103.461],"t":[0.476076,34.1714,6.94832],"timeVisible":0.797847,"type":"right","wrist":[98.0739,132.584,147.189]}],"id":1324448,"interactionBox":{"center":[0,200,0],"size":[235.247,235.247,147.751]},"pointables":[{"bases":[[[-0.64612,0.760376,0.0660105],[-0.00603109,-0.0915715,0.99578],[-0.763212,-0.642995,-0.0637521]],[[-0.20777,0.974182,0.088327],[0.258112,-0.0324969,0.965568],[-0.943509,-0.223414,0.244696]],[[-0.20777,0.974182,0.088327],[0.455985,0.0165717,0.889833],[-0.865395,-0.225156,0.447656]],[[-0.20777,0.974182,0.088327],[0.669614,0.0758249,0.738829],[-0.713056,-0.212651,0.66808]]],"btipPosition":[-23.4269,140.015,52.7912],"carpPosition":[-115.027,116.634,95.1953],"dipPosition":[-39.8766,135.109,68.2032],"direction":[0.865395,0.225156,-0.447656],"extended":false,"handId":722,"id":7220,"length":51.3717,"mcpPosition":[-115.027,116.634,95.1953],"pipPosition":[-68.9611,127.542,83.2482],"stabilizedTipPosition":[-24.0404,139.353,57.2339],"timeVisible":10.0421,"tipPosition":[-25.65,138.786,56.2185],"tipVelocity":[-10.6886,-10.4038,-27.4801],"tool":false,"touchDistance":-0.197735,"touchZone":"touching","type":0,"width":20.5384},{"bases":[[[-0.485276,0.225759,-0.844713],[-0.477201,0.741138,0.472222],[-0.732657,-0.632256,0.251924]],[[-0.438617,0.264768,-0.858786],[-0.207006,0.90015,0.383247],[-0.874508,-0.345872,0.340013]],[[-0.438617,0.264768,-0.858786],[0.408354,0.909981,0.0719882],[-0.800539,0.319114,0.507252]],[[-0.438617,0.264768,-0.858786],[0.721049,0.674048,-0.160457],[-0.536379,0.689606,0.48656]]],"btipPosition":[-7.01765,178.548,42.3707],"carpPosition":[-124.879,137.622,95.1774],"dipPosition":[-16.0511,190.162,50.5651],"direction":[0.800539,-0.319113,-0.507252],"extended":false,"handId":722,"id":7221,"length":57.9672,"mcpPosition":[-72.158,183.118,77.0494],"pipPosition":[-35.1239,197.765,62.6503],"stabilizedTipPosition":[-6.6542,181.684,44.8759],"timeVisible":10.0421,"tipPosition":[-7.77537,180.039,43.6349],"tipVelocity":[-9.86174,-14.7835,-20.2497],"tool":false,"touchDistance":-0.188403,"touchZone":"touching","type":1,"width":19.6183},{"bases":[[[-0.49129,0.00858702,-0.870954],[-0.568342,0.754574,0.328032],[-0.660016,-0.656159,0.365834]],[[-0.438435,0.0596256,-0.896783],[-0.398438,0.881495,0.253404],[-0.805619,-0.468414,0.362721]],[[-0.438435,0.0596256,-0.896783],[0.108138,0.994048,0.013224],[-0.892234,0.0911789,0.442273]],[[-0.438435,0.0596256,-0.896783],[0.501862,0.843991,-0.189244],[-0.745593,0.533033,0.399959]]],"btipPosition":[-8.89666,196.512,23.751],"carpPosition":[-131.033,141.91,85.7545],"dipPosition":[-22.7076,206.386,31.1596],"direction":[0.892234,-0.0911789,-0.442273],"extended":true,"handId":722,"id":7222,"length":66.049,"mcpPosition":[-85.9933,186.686,60.79],"pipPosition":[-47.717,208.941,43.5565],"stabilizedTipPosition":[-8.81158,197.604,25.0427],"timeVisible":10.0421,"tipPosition":[-10.6151,196.876,25.0801],"tipVelocity":[-11.0311,-1.93509,-12.9092],"tool":false,"touchDistance":0.306458,"touchZone":"hovering","type":2,"width":19.2678},{"bases":[[[-0.53881,-0.144973,-0.829859],[-0.622741,0.731958,0.276462],[-0.567342,-0.665748,0.484667]],[[-0.487313,-0.0863982,-0.868943],[-0.365584,0.923874,0.113164],[-0.793016,-0.372817,0.481802]],[[-0.487313,-0.0863982,-0.868943],[0.122567,0.978475,-0.166026],[-0.864583,0.187411,0.466234]],[[-0.487313,-0.0863982,-0.868943],[0.540351,0.75186,-0.377792],[-0.685964,0.653637,0.319706]]],"btipPosition":[-30.9509,183.257,5.80296],"carpPosition":[-136.878,143.204,75.3358],"dipPosition":[-43.5843,195.295,11.691],"direction":[0.864583,-0.187411,-0.466234],"extended":true,"handId":722,"id":7223,"length":63.5079,"mcpPosition":[-102.118,183.993,45.6412],"pipPosition":[-67.1927,200.412,24.4221],"stabilizedTipPosition":[-30.7243,184.086,6.98501],"timeVisible":10.0421,"tipPosition":[-32.7585,184.502,6.63717],"tipVelocity":[-19.3214,4.59586,-11.2034],"tool":false,"touchDistance":0.31338,"touchZone":"hovering","type":3,"width":18.3345},{"bases":[[[-0.490502,-0.339986,-0.802382],[-0.746625,0.638787,0.185749],[-0.449399,-0.690189,0.567168]],[[-0.458013,-0.291094,-0.839934],[-0.431545,0.898867,-0.0761981],[-0.77717,-0.32757,0.537313]],[[-0.458013,-0.291094,-0.839934],[0.266451,0.856467,-0.442118],[-0.848073,0.426297,0.314711]],[[-0.458013,-0.291094,-0.839934],[0.628482,0.562188,-0.537545],[-0.628677,0.774086,0.0745421]]],"btipPosition":[-61.1512,167.129,4.81912],"carpPosition":[-140.758,137.938,63.0476],"dipPosition":[-71.8327,180.281,6.08563],"direction":[0.848073,-0.426297,-0.314711],"extended":false,"handId":722,"id":7224,"length":49.789,"mcpPosition":[-115.27,177.082,30.8805],"pipPosition":[-88.183,188.499,12.153],"stabilizedTipPosition":[-61.0911,169.164,4.72205],"timeVisible":10.0421,"tipPosition":[-62.8872,169.699,4.55809],"tipVelocity":[-22.0881,7.87503,-8.67947],"tool":false,"touchDistance":0.308211,"touchZone":"hovering","type":4,"width":16.2862},{"bases":[[[0.715127,0.598513,0.361076],[-0.521622,0.113085,0.845649],[0.4653,-0.793091,0.393068]],[[0.613189,0.738863,0.279429],[-0.633493,0.248639,0.732711],[0.471896,-0.626306,0.620528]],[[0.613189,0.738863,0.279429],[-0.78552,0.607689,0.116927],[-0.0834127,-0.291195,0.95302]],[[0.613189,0.738863,0.279429],[-0.626613,0.670351,-0.397475],[-0.480995,0.0686336,0.874033]]],"btipPosition":[57.0107,185.481,57.8633],"carpPosition":[66.1512,146.698,140.353],"dipPosition":[45.9146,187.064,78.0265],"direction":[0.0834127,0.291195,-0.95302],"extended":false,"handId":725,"id":7250,"length":51.3717,"mcpPosition":[66.1512,146.698,140.353],"pipPosition":[43.1112,177.277,110.056],"stabilizedTipPosition":[54.1461,186.382,62.8793],"timeVisible":0.797847,"tipPosition":[49.9265,188.57,62.074],"tipVelocity":[0.307645,4.9787,-1.64248],"tool":false,"touchDistance":0.323261,"touchZone":"hovering","type":0,"width":20.5384},{"bases":[[[0.839551,-0.275378,-0.468318],[0.518614,0.663028,0.539846],[0.161846,-0.696104,0.699461]],[[0.852734,-0.355078,-0.383097],[0.514552,0.697237,0.499096],[0.0898912,-0.62272,0.777264]],[[0.852734,-0.355078,-0.383097],[0.508491,0.732088,0.453304],[0.119503,-0.581349,0.804831]],[[0.852734,-0.355078,-0.383097],[0.500006,0.767068,0.401996],[0.151121,-0.534347,0.831646]]],"btipPosition":[69.8434,268.71,17.001],"carpPosition":[91.3076,165.428,139.626],"dipPosition":[72.6427,258.812,32.406],"direction":[-0.119503,0.581349,-0.804831],"extended":true,"handId":725,"id":7252,"length":66.049,"mcpPosition":[80.2632,212.93,91.8946],"pipPosition":[75.9924,242.517,54.9655],"stabilizedTipPosition":[70.6022,267.717,21.2051],"timeVisible":0.797847,"tipPosition":[69.344,269.741,22.7637],"tipVelocity":[-0.807384,4.34944,4.68109],"tool":false,"touchDistance":0.298831,"touchZone":"hovering","type":2,"width":19.2678},{"bases":[[[0.884974,-0.061417,-0.461571],[0.368128,0.699284,0.612767],[0.285135,-0.7122,0.641458]],[[0.929258,-0.254738,-0.267559],[0.36704,0.718885,0.590327],[0.0419657,-0.646771,0.761529]],[[0.929258,-0.254738,-0.267559],[0.363838,0.756611,0.543288],[0.0640421,-0.602203,0.79577]],[[0.929258,-0.254738,-0.267559],[0.360619,0.782723,0.507247],[0.0802095,-0.56785,0.819215]]],"btipPosition":[55.1436,267.134,33.3104],"carpPosition":[80.3153,164.585,144.474],"dipPosition":[56.4945,257.571,47.1072],"direction":[-0.0640421,0.602203,-0.79577],"extended":true,"handId":725,"id":7251,"length":57.9672,"mcpPosition":[59.7975,215.834,98.316],"pipPosition":[58.0203,243.224,66.0664],"stabilizedTipPosition":[55.48,266.285,37.1786],"timeVisible":0.797847,"tipPosition":[53.2809,267.628,38.6258],"tipVelocity":[-0.335484,4.62874,4.67917],"tool":false,"touchDistance":0.309653,"touchZone":"hovering","type":1,"width":19.6183},{"bases":[[[0.812717,-0.424007,-0.399637],[0.582166,0.619131,0.527029],[0.0239633,-0.66098,0.750021]],[[0.80979,-0.383353,-0.444162],[0.571908,0.684772,0.451672],[0.131,-0.61978,0.773765]],[[0.80979,-0.383353,-0.444162],[0.550723,0.757723,0.350084],[0.202346,-0.528105,0.824719]],[[0.80979,-0.383353,-0.444162],[0.531031,0.800795,0.277008],[0.249491,-0.460182,0.852049]]],"btipPosition":[84.3153,253.966,15.6983],"carpPosition":[101.673,163.278,133.94],"dipPosition":[88.9102,245.491,31.3904],"direction":[-0.202346,0.528105,-0.824719],"extended":true,"handId":725,"id":7253,"length":63.5079,"mcpPosition":[100.205,203.775,87.9878],"pipPosition":[94.4355,231.071,53.9103],"stabilizedTipPosition":[85.7569,253.365,19.9448],"timeVisible":0.797847,"tipPosition":[86.0437,253.769,20.1422],"tipVelocity":[-1.51445,1.39607,2.4202],"tool":false,"touchDistance":0.305848,"touchZone":"hovering","type":3,"width":18.3345},{"bases":[[[0.70259,-0.59409,-0.391694],[0.701301,0.484801,0.522633],[-0.120597,-0.641893,0.757252]],[[0.71243,-0.451022,-0.537609],[0.69181,0.579851,0.430315],[0.117651,-0.678493,0.725125]],[[0.71243,-0.451022,-0.537609],[0.661684,0.686891,0.300591],[0.233705,-0.569877,0.787796]],[[0.71243,-0.451022,-0.537609],[0.633829,0.74237,0.217135],[0.301172,-0.495445,0.814757]]],"btipPosition":[102.576,234.373,28.737],"carpPosition":[109.459,154.915,125.99],"dipPosition":[107.693,225.955,42.5802],"direction":[-0.233705,0.569877,-0.787796],"extended":true,"handId":725,"id":7254,"length":49.789,"mcpPosition":[116.299,191.32,83.0418],"pipPosition":[112.198,214.968,57.7683],"stabilizedTipPosition":[103.995,232.976,32.127],"timeVisible":0.797847,"tipPosition":[103.752,231.495,31.514],"tipVelocity":[-2.76935,-1.28114,-0.291668],"tool":false,"touchDistance":0.308468,"touchZone":"hovering","type":4,"width":16.2862}],"r":[[-0.179823,-0.717273,-0.673188],[0.842612,0.240823,-0.481673],[0.50761,-0.653853,0.561078]],"s":63.4938,"t":[-1626.93,-9992.4,11053.3],"timestamp":747004472496},{"currentFrameRate":115.246,"devices":[],"gestures":[],"hands":[{"armBasis":[[-0.684428,0.0120333,-0.728981],[-0.435705,0.794928,0.422198],[-0.584567,-0.606585,0.538828]],"armWidth":63.925,"confidence":1,"direction":[0.563323,0.762904,-0.317245],"elbow":[-302.318,-46.1366,228.488],"grabAngle":1.50233,"grabStrength":0.288973,"id":722,"palmNormal":[0.578737,-0.638369,-0.507492],"palmPosition":[-99.1073,165.491,64.1359],"palmVelocity":[-0.692601,-6.18897,2.50584],"palmWidth":88.9972,"pinchDistance":47.5568,"pinchStrength":0.394209,"r":[[0.975083,0.0244638,-0.220488],[-0.073885,0.97297,-0.218794],[0.209176,0.229633,0.950534]],"s":0.841609,"sphereCenter":[-54.1632,141.234,26.0067],"sphereRadius":61.2603,"stabilizedPalmPosition":[-97.7349,166.612,63.2614],"t":[-8.03356,-50.205,-17.7859],"timeVisible":10.0507,"type":"left","wrist":[-147.942,114.054,86.1911]},{"armBasis":[[0.897095,-0.0778228,-0.43493],[0.411935,0.503294,0.759608],[0.159783,-0.860604,0.483561]],"armWidth":63.925,"confidence":1,"direction":[-0.075381,0.786596,-0.612849],"elbow":[140.259,-94.7064,274.877],"grabAngle":0.25927,"grabStrength":0,"id":725,"palmNormal":[-0.40641,-0.58547,-0.701467],"palmPosition":[83.081,190.567,102.93],"palmVelocity":[-0.413109,0.321542,0.812796],"palmWidth":88.9972,"pinchDistance":58.6631,"pinchStrength":0,"r":[[0.994972,0.0737547,-0.0677616],[-0.0782103,0.994774,-0.065638],[0.0625663,0.0706076,0.99554]],"s":0.969816,"sphereCenter":[59.3424,150.841,20.87],"sphereRadius":97.406,"stabilizedPalmPosition":[83.1754,191.359,103.456],"t":[0.473823,34.1838,6.95446],"timeVisible":0.806464,"type":"right","wrist":[98.0621,132.568,147.175]}],"id":1324449,"interactionBox":{"center":[0,200,0],"size":[235.247,235.247,147.751]},"pointables":[{"bases":[[[-0.645004,0.761,0.0696377],[-0.00408698,-0.0945613,0.995511],[-0.764168,-0.641824,-0.0641026]],[[-0.207023,0.974032,0.0916712],[0.259437,-0.0356894,0.9651],[-0.94331,-0.223581,0.245311]],[[-0.207023,0.974032,0.0916712],[0.457488,0.0135565,0.889112],[-0.864781,-0.226005,0.448415]],[[-0.207023,0.974032,0.0916712],[0.670923,0.0731507,0.73791],[-0.712042,-0.214269,0.668644]]],"btipPosition":[-23.4851,139.963,52.6299],"carpPosition":[-115.032,116.508,95.1026],"dipPosition":[-39.9114,135.02,68.055],"direction":[0.864781,0.226005,-0.448415],"extended":false,"handId":722,"id":7220,"length":51.3717,"mcpPosition":[-115.032,116.508,95.1026],"pipPosition":[-68.9753,127.424,83.1255],"stabilizedTipPosition":[-24.0439,139.352,57.2328],"timeVisible":10.0507,"tipPosition":[-25.7151,138.664,56.0082],"tipVelocity":[-6.12812,-7.06856,-18.3671],"tool":false,"touchDistance":-0.200373,"touchZone":"touching","type":0,"width":20.5384},{"bases":[[[-0.486733,0.228921,-0.843022],[-0.47527,0.740322,0.475439],[-0.732946,-0.632074,0.25154]],[[-0.440296,0.267717,-0.857011],[-0.205461,0.899141,0.386434],[-0.874028,-0.346228,0.340883]],[[-0.440296,0.267717,-0.857011],[0.409983,0.909137,0.073368],[-0.798782,0.319056,0.510049]],[[-0.440296,0.267717,-0.857011],[0.721804,0.673223,-0.160529],[-0.533983,0.689274,0.489656]]],"btipPosition":[-7.07684,178.444,42.2335],"carpPosition":[-124.856,137.508,95.1683],"dipPosition":[-16.0699,190.052,50.48],"direction":[0.798782,-0.319057,-0.510049],"extended":false,"handId":722,"id":7221,"length":57.9672,"mcpPosition":[-72.1147,182.991,77.0679],"pipPosition":[-35.1009,197.654,62.632],"stabilizedTipPosition":[-6.65648,181.683,44.8752],"timeVisible":10.0507,"tipPosition":[-7.80753,179.933,43.5118],"tipVelocity":[-5.79165,-12.3151,-14.5257],"tool":false,"touchDistance":-0.190489,"touchZone":"touching","type":1,"width":19.6183},{"bases":[[[-0.493081,0.0118375,-0.869903],[-0.566692,0.754309,0.331478],[-0.6601,-0.656412,0.365227]],[[-0.440475,0.0626407,-0.895577],[-0.397196,0.881021,0.256977],[-0.805119,-0.468911,0.363188]],[[-0.440475,0.0626407,-0.895577],[0.108524,0.993963,0.0161463],[-0.891181,0.0900797,0.444614]],[[-0.440475,0.0626407,-0.895577],[0.501741,0.844405,-0.187712],[-0.744471,0.53203,0.403369]]],"btipPosition":[-8.9564,196.525,23.658],"carpPosition":[-131.024,141.833,85.7711],"dipPosition":[-22.7466,206.38,31.1298],"direction":[0.891181,-0.0900797,-0.444614],"extended":true,"handId":722,"id":7222,"length":66.049,"mcpPosition":[-85.979,186.626,60.848],"pipPosition":[-47.7265,208.905,43.5924],"stabilizedTipPosition":[-8.81466,197.605,25.043],"timeVisible":10.0507,"tipPosition":[-10.6679,196.835,25.0142],"tipVelocity":[-6.37821,0.991599,-9.09736],"tool":false,"touchDistance":0.305152,"touchZone":"hovering","type":2,"width":19.2678},{"bases":[[[-0.540713,-0.141785,-0.829172],[-0.621226,0.731918,0.279954],[-0.567193,-0.666478,0.483838]],[[-0.489478,-0.0834415,-0.868014],[-0.364516,0.92385,0.116744],[-0.792174,-0.373548,0.48262]],[[-0.489478,-0.0834415,-0.868014],[0.123518,0.978741,-0.163738],[-0.863223,0.187362,0.468766]],[[-0.489478,-0.0834415,-0.868014],[0.539255,0.753293,-0.376502],[-0.685285,0.65237,0.323724]]],"btipPosition":[-31.0581,183.32,5.70723],"carpPosition":[-136.889,143.165,75.3685],"dipPosition":[-43.679,195.334,11.6693],"direction":[0.863223,-0.187362,-0.468766],"extended":true,"handId":722,"id":7223,"length":63.5079,"mcpPosition":[-102.139,183.999,45.7246],"pipPosition":[-67.2503,200.45,24.4695],"stabilizedTipPosition":[-30.739,184.095,6.98544],"timeVisible":10.0507,"tipPosition":[-32.8619,184.541,6.57975],"tipVelocity":[-12.1085,6.67703,-9.13379],"tool":false,"touchDistance":0.312069,"touchZone":"hovering","type":3,"width":18.3345},{"bases":[[[-0.492599,-0.336942,-0.802382],[-0.745417,0.639179,0.189218],[-0.44911,-0.691318,0.566021]],[[-0.460518,-0.28856,-0.839438],[-0.430502,0.899627,-0.073075],[-0.776267,-0.327727,0.53852]],[[-0.460518,-0.28856,-0.839438],[0.265746,0.857491,-0.440554],[-0.846937,0.425961,0.318207]],[[-0.460518,-0.28856,-0.839438],[0.62742,0.563143,-0.537787],[-0.627907,0.774341,0.0782897]]],"btipPosition":[-61.2775,167.204,4.73605],"carpPosition":[-140.802,137.941,63.0726],"dipPosition":[-71.9459,180.36,6.06623],"direction":[0.846937,-0.425961,-0.318207],"extended":false,"handId":722,"id":7224,"length":49.789,"mcpPosition":[-115.33,177.15,30.9706],"pipPosition":[-88.2743,188.572,12.201],"stabilizedTipPosition":[-61.1091,169.171,4.72424],"timeVisible":10.0507,"tipPosition":[-63.0128,169.78,4.51853],"tipVelocity":[-14.3123,8.81779,-7.94154],"tool":false,"touchDistance":0.30707,"touchZone":"hovering","type":4,"width":16.2862},{"bases":[[[0.715208,0.598204,0.361426],[-0.521655,0.112743,0.845674],[0.465138,-0.793373,0.392691]],[[0.613272,0.738645,0.279824],[-0.633562,0.248448,0.732716],[0.471696,-0.62664,0.620343]],[[0.613272,0.738645,0.279824],[-0.785457,0.607696,0.117316],[-0.0833931,-0.291736,0.952857]],[[0.613272,0.738645,0.279824],[-0.626634,0.670648,-0.39694],[-0.480861,0.068085,0.87415]]],"btipPosition":[57.0033,185.514,57.8586],"carpPosition":[66.1377,146.685,140.336],"dipPosition":[45.9102,187.085,78.0245],"direction":[0.0833931,0.291736,-0.952857],"extended":false,"handId":725,"id":7250,"length":51.3717,"mcpPosition":[66.1377,146.685,140.336],"pipPosition":[43.1075,177.28,110.049],"stabilizedTipPosition":[54.1514,186.373,62.8727],"timeVisible":0.806464,"tipPosition":[49.9278,188.598,62.0782],"tipVelocity":[-0.785936,3.57205,-0.470255],"tool":false,"touchDistance":0.323194,"touchZone":"hovering","type":0,"width":20.5384},{"bases":[[[0.839532,-0.275284,-0.468407],[0.518696,0.662662,0.540217],[0.161682,-0.69649,0.699114]],[[0.852694,-0.354999,-0.383261],[0.514587,0.697259,0.49903],[0.0900768,-0.62274,0.777226]],[[0.852694,-0.354999,-0.383261],[0.508442,0.732465,0.452749],[0.119999,-0.580922,0.805065]],[[0.852694,-0.354999,-0.383261],[0.499901,0.767507,0.401287],[0.151699,-0.533768,0.831913]]],"btipPosition":[69.811,268.697,17.0096],"carpPosition":[91.2974,165.411,139.62],"dipPosition":[72.621,258.81,32.4195],"direction":[-0.119999,0.580922,-0.805065],"extended":true,"handId":725,"id":7252,"length":66.049,"mcpPosition":[80.2643,212.939,91.9128],"pipPosition":[75.9846,242.526,54.9855],"stabilizedTipPosition":[70.5999,267.697,21.1947],"timeVisible":0.806464,"tipPosition":[69.3651,269.769,22.7983],"tipVelocity":[-3.47744,-1.20181,1.12536],"tool":false,"touchDistance":0.298992,"touchZone":"hovering","type":2,"width":19.2678},{"bases":[[[0.884993,-0.0613346,-0.461548],[0.368211,0.698907,0.613147],[0.284972,-0.712578,0.641111]],[[0.929225,-0.25465,-0.267756],[0.367095,0.718959,0.590203],[0.0422104,-0.646723,0.761556]],[[0.929225,-0.25465,-0.267756],[0.363845,0.756987,0.542759],[0.0644741,-0.601768,0.796065]],[[0.929225,-0.25465,-0.267756],[0.360592,0.783182,0.506556],[0.0807072,-0.567256,0.819577]]],"btipPosition":[55.1157,267.121,33.3146],"carpPosition":[80.3047,164.567,144.468],"dipPosition":[56.4749,257.568,47.1175],"direction":[-0.0644741,0.601768,-0.796065],"extended":true,"handId":725,"id":7251,"length":57.9672,"mcpPosition":[59.7986,215.843,98.3345],"pipPosition":[58.011,243.231,66.0838],"stabilizedTipPosition":[55.4793,266.267,37.1696],"timeVisible":0.806464,"tipPosition":[53.3055,267.655,38.6594],"tipVelocity":[-3.0169,-1.26704,0.653448],"tool":false,"touchDistance":0.309747,"touchZone":"hovering","type":1,"width":19.6183},{"bases":[[[0.812668,-0.423944,-0.399803],[0.582241,0.61876,0.527382],[0.0238017,-0.661368,0.749684]],[[0.80976,-0.383354,-0.444216],[0.571924,0.684841,0.451549],[0.131114,-0.619704,0.773806]],[[0.80976,-0.383354,-0.444216],[0.550607,0.758088,0.349478],[0.202781,-0.527582,0.824947]],[[0.80976,-0.383354,-0.444216],[0.53084,0.801181,0.276256],[0.249993,-0.459509,0.852264]]],"btipPosition":[84.2888,253.944,15.701],"carpPosition":[101.663,163.261,133.934],"dipPosition":[88.8929,245.481,31.3972],"direction":[-0.202781,0.527582,-0.824947],"extended":true,"handId":725,"id":7253,"length":63.5079,"mcpPosition":[100.205,203.782,88.0027],"pipPosition":[94.4301,231.075,53.9234],"stabilizedTipPosition":[85.7511,253.346,19.9359],"timeVisible":0.806464,"tipPosition":[86.0524,253.803,20.177],"tipVelocity":[-2.82479,-2.29003,0.430996],"tool":false,"touchDistance":0.30591,"touchZone":"hovering","type":3,"width":18.3345},{"bases":[[[0.702512,-0.594011,-0.391954],[0.701352,0.484411,0.522925],[-0.120756,-0.642259,0.756916]],[[0.712393,-0.451124,-0.537571],[0.691838,0.579945,0.430145],[0.117713,-0.678344,0.725254]],[[0.712393,-0.451124,-0.537571],[0.661516,0.687406,0.299782],[0.234291,-0.569175,0.788129]],[[0.712393,-0.451124,-0.537571],[0.63356,0.742876,0.216185],[0.301822,-0.494593,0.815034]]],"btipPosition":[102.549,234.346,28.7308],"carpPosition":[109.448,154.901,125.98],"dipPosition":[107.677,225.943,42.5787],"direction":[-0.234291,0.569175,-0.788129],"extended":true,"handId":725,"id":7254,"length":49.789,"mcpPosition":[116.297,191.327,83.0512],"pipPosition":[112.194,214.97,57.7733],"stabilizedTipPosition":[103.987,232.958,32.1202],"timeVisible":0.806464,"tipPosition":[103.759,231.535,31.5451],"tipVelocity":[-2.80047,-2.63424,-0.591532],"tool":false,"touchDistance":0.308383,"touchZone":"hovering","type":4,"width":16.2862}],"r":[[-0.179678,-0.717169,-0.673338],[0.84266,0.24097,-0.481517],[0.507583,-0.653913,0.561033]],"s":63.494,"t":[-1626.95,-9992.39,11053.3],"timestamp":747004481113},{"currentFrameRate":115.25,"devices":[],"gestures":[],"hands":[{"armBasis":[[-0.682446,0.00955973,-0.730874],[-0.43851,0.79463,0.419848],[-0.584788,-0.607019,0.5381]],"armWidth":63.925,"confidence":1,"direction":[0.563224,0.762389,-0.318655],"elbow":[-302.349,-46.2282,228.332],"grabAngle":1.50134,"grabStrength":0.287817,"id":722,"palmNormal":[0.580147,-0.639458,-0.504504],"palmPosition":[-99.0887,165.502,64.1143],"palmVelocity":[2.14435,1.18231,-2.48797],"palmWidth":88.9972,"pinchDistance":47.567,"pinchStrength":0.393954,"r":[[0.975109,0.0245488,-0.220361],[-0.0739791,0.972922,-0.218976],[0.209018,0.229827,0.950521]],"s":0.841837,"sphereCenter":[-53.981,141.194,26.2952],"sphereRadius":61.2257,"stabilizedPalmPosition":[-97.7362,166.611,63.2622],"t":[-8.02756,-50.2224,-17.7928],"timeVisible":10.0593,"type":"left","wrist":[-147.914,114.077,86.2274]},{"armBasis":[[0.89702,-0.077833,-0.435083],[0.411985,0.503744,0.759283],[0.160073,-0.86034,0.483934]],"armWidth":63.925,"confidence":1,"direction":[-0.0754627,0.786591,-0.612846],"elbow":[140.325,-94.6513,274.956],"grabAngle":0.260267,"grabStrength":0,"id":725,"palmNormal":[-0.40647,-0.585484,-0.701421],"palmPosition":[83.0629,190.549,102.907],"palmVelocity":[-2.08696,-2.08715,-2.6147],"palmWidth":88.9972,"pinchDistance":58.647,"pinchStrength":0,"r":[[0.994989,0.0735884,-0.0676938],[-0.078015,0.994814,-0.0652541],[0.0625409,0.0702082,0.99557]],"s":0.969616,"sphereCenter":[58.9584,150.326,20.5124],"sphereRadius":97.9655,"stabilizedPalmPosition":[83.1746,191.353,103.453],"t":[0.463648,34.181,6.9462],"timeVisible":0.815135,"type":"right","wrist":[98.0522,132.553,147.155]}],"id":1324450,"interactionBox":{"center":[0,200,0],"size":[235.247,235.247,147.751]},"pointables":[{"bases":[[[-0.645764,0.760666,0.0661557],[-0.00571984,-0.0914607,0.995792],[-0.763516,-0.642668,-0.0634129]],[[-0.207224,0.974301,0.0882964],[0.258782,-0.0324487,0.965391],[-0.943446,-0.222902,0.245407]],[[-0.207224,0.974301,0.0882964],[0.456159,0.0163869,0.889747],[-0.865434,-0.224654,0.447832]],[[-0.207224,0.974301,0.0882964],[0.669671,0.075477,0.738813],[-0.713162,-0.212229,0.668101]]],"btipPosition":[-23.4241,139.931,52.761],"carpPosition":[-115.025,116.601,95.2063],"dipPosition":[-39.8761,135.035,68.1735],"direction":[0.865434,0.224654,-0.447832],"extended":false,"handId":722,"id":7220,"length":51.3717,"mcpPosition":[-115.025,116.601,95.2063],"pipPosition":[-68.962,127.484,83.2245],"stabilizedTipPosition":[-24.0466,139.352,57.232],"timeVisible":10.0593,"tipPosition":[-25.6691,138.712,56.1971],"tipVelocity":[6.35414,-2.44718,14.7834],"tool":false,"touchDistance":-0.198236,"touchZone":"touching","type":0,"width":20.5384},{"bases":[[[-0.485475,0.225879,-0.844567],[-0.47671,0.741398,0.47231],[-0.732845,-0.631908,0.252251]],[[-0.438531,0.265088,-0.858731],[-0.206422,0.900253,0.383319],[-0.874689,-0.345359,0.340069]],[[-0.438531,0.265088,-0.858731],[0.409506,0.909491,0.0716332],[-0.799997,0.320243,0.507395]],[[-0.438531,0.265088,-0.858731],[0.722231,0.672607,-0.161192],[-0.534858,0.69089,0.486413]]],"btipPosition":[-7.02362,178.425,42.356],"carpPosition":[-124.867,137.594,95.1896],"dipPosition":[-16.0314,190.06,50.5479],"direction":[0.799997,-0.320243,-0.507395],"extended":false,"handId":722,"id":7221,"length":57.9672,"mcpPosition":[-72.1331,183.065,77.038],"pipPosition":[-35.0914,197.69,62.6366],"stabilizedTipPosition":[-6.6583,181.683,44.8747],"timeVisible":10.0593,"tipPosition":[-7.76984,179.959,43.604],"tipVelocity":[5.74655,-1.45808,12.6754],"tool":false,"touchDistance":-0.188657,"touchZone":"touching","type":1,"width":19.6183},{"bases":[[[-0.491593,0.00870726,-0.870781],[-0.567897,0.754858,0.32815],[-0.660174,-0.65583,0.366138]],[[-0.438676,0.0597658,-0.896656],[-0.398647,0.881294,0.253775],[-0.805384,-0.468774,0.362777]],[[-0.438676,0.0597658,-0.896656],[0.107223,0.994139,0.0138062],[-0.892226,0.0900855,0.442514]],[[-0.438676,0.0597658,-0.896656],[0.501014,0.84459,-0.188818],[-0.746022,0.532067,0.400445]]],"btipPosition":[-8.87942,196.529,23.7256],"carpPosition":[-131.023,141.883,85.7684],"dipPosition":[-22.6983,206.384,31.1433],"direction":[0.892226,-0.0900855,-0.442514],"extended":true,"handId":722,"id":7222,"length":66.049,"mcpPosition":[-85.9726,186.637,60.7831],"pipPosition":[-47.7075,208.909,43.547],"stabilizedTipPosition":[-8.81781,197.607,25.0433],"timeVisible":10.0593,"tipPosition":[-10.6136,196.805,25.0483],"tipVelocity":[8.11629,0.442791,6.36001],"tool":false,"touchDistance":0.306071,"touchZone":"hovering","type":2,"width":19.2678},{"bases":[[[-0.539167,-0.144828,-0.829653],[-0.622323,0.73226,0.276602],[-0.567462,-0.665447,0.48494]],[[-0.487711,-0.0863384,-0.868725],[-0.366126,0.923586,0.113756],[-0.792521,-0.373543,0.482054]],[[-0.487711,-0.0863384,-0.868725],[0.121754,0.978646,-0.165617],[-0.864473,0.186544,0.466784]],[[-0.487711,-0.0863384,-0.868725],[0.537681,0.754257,-0.376822],[-0.687777,0.650877,0.321437]]],"btipPosition":[-30.9281,183.319,5.74403],"carpPosition":[-136.871,143.178,75.3516],"dipPosition":[-43.5949,195.307,11.6639],"direction":[0.864473,-0.186544,-0.466784],"extended":true,"handId":722,"id":7223,"length":63.5079,"mcpPosition":[-102.104,183.949,45.6402],"pipPosition":[-67.2004,200.4,24.41],"stabilizedTipPosition":[-30.7538,184.104,6.98601],"timeVisible":10.0593,"tipPosition":[-32.7682,184.44,6.61642],"tipVelocity":[13.7753,-0.75332,3.12664],"tool":false,"touchDistance":0.31252,"touchZone":"hovering","type":3,"width":18.3345},{"bases":[[[-0.490933,-0.339859,-0.802172],[-0.74628,0.639133,0.185943],[-0.4495,-0.689931,0.567402]],[[-0.458613,-0.291245,-0.839554],[-0.432437,0.8985,-0.0754714],[-0.776319,-0.328442,0.538009]],[[-0.458613,-0.291245,-0.839554],[0.264399,0.857258,-0.441817],[-0.848391,0.4246,0.316145]],[[-0.458613,-0.291245,-0.839554],[0.627112,0.563304,-0.537978],[-0.629607,0.773217,0.0756953]]],"btipPosition":[-61.1529,167.167,4.7521],"carpPosition":[-140.758,137.913,63.0653],"dipPosition":[-71.8502,180.304,6.0382],"direction":[0.848391,-0.4246,-0.316145],"extended":false,"handId":722,"id":7224,"length":49.789,"mcpPosition":[-115.264,177.043,30.885],"pipPosition":[-88.2066,188.49,12.1333],"stabilizedTipPosition":[-61.1267,169.178,4.7265],"timeVisible":10.0593,"tipPosition":[-62.9003,169.639,4.54943],"tipVelocity":[13.6022,-4.74265,0.682135],"tool":false,"touchDistance":0.307169,"touchZone":"hovering","type":4,"width":16.2862},{"bases":[[[0.715233,0.598223,0.361348],[-0.521569,0.112736,0.845728],[0.465197,-0.79336,0.392647]],[[0.613272,0