{"frames":85,"data":[{"currentFrameRate":110.518,"devices":[],"gestures":[],"hands":[{"armBasis":[[0.979437,-0.17713,0.0965828],[-0.160478,-0.393864,0.905051],[-0.122271,-0.90194,-0.414191]],"armWidth":64.3496,"confidence":1,"direction":[0.122093,0.279967,-0.952214],"elbow":[-2.1908,-56.2179,25.3899],"grabAngle":2.51225,"grabStrength":0,"id":753,"palmNormal":[-0.30581,-0.902105,-0.304445],"palmPosition":[32.2016,214.913,74.5197],"palmVelocity":[-2.30551,-36.6017,-7.55799],"palmWidth":89.2012,"pinchDistance":63.3428,"pinchStrength":0.605261,"r":[[0.974879,0.0623776,0.213825],[-0.0196435,0.980322,-0.196423],[-0.221869,0.187288,0.956921]],"s":0.931562,"sphereCenter":[12.7183,195.821,44.4201],"sphereRadius":44.853,"stabilizedPalmPosition":[32.3078,215.841,74.6963],"t":[14.2886,69.015,-1.68685],"timeVisible":5.36784,"type":"right","wrist":[30.1735,182.518,135.023]}],"id":1344875,"interactionBox":{"center":[0,200,0],"size":[235.247,235.247,147.751]},"pointables":[{"bases":[[[0.951327,-0.276699,-0.135702],[0.296763,0.941244,0.161219],[0.0831199,-0.193644,0.977545]],[[0.954301,-0.298531,-0.0137169],[0.291571,0.920023,0.261809],[-0.0655382,-0.253844,0.965022]],[[0.954301,-0.298531,-0.0137169],[0.291571,0.920023,0.261809],[-0.0655382,-0.253844,0.965022]],[[0.954301,-0.298531,-0.0137169],[0.296256,0.939006,0.17464],[-0.039255,-0.170722,0.984537]]],"btipPosition":[17.6522,251.368,-29.0138],"carpPosition":[18.6616,217.778,121.728],"dipPosition":[16.9927,248.5,-12.4744],"direction":[0.0655382,0.253844,-0.965022],"extended":true,"handId":753,"id":7531,"length":57.8214,"mcpPosition":[12.6668,231.744,51.2239],"pipPosition":[15.4352,242.467,10.4594],"stabilizedTipPosition":[17.5458,250.978,-25.1417],"timeVisible":5.36784,"tipPosition":[19.3541,249.677,-24.8326],"tipVelocity":[-6.91772,-34.9837,-9.03718],"tool":false,"touchDistance":0.255158,"touchZone":"hovering","type":1,"width":19.7848},{"bases":[[[0.677306,0.729364,0.0963643],[-0.670798,0.558441,0.48803],[0.302138,-0.395187,0.867491]],[[0.583156,0.803725,-0.118134],[-0.788755,0.594993,0.154429],[0.194408,0.00312281,0.980916]],[[0.583156,0.803725,-0.118134],[-0.803584,0.549405,-0.228925],[-0.119089,0.22843,0.966249]],[[0.583156,0.803725,-0.118134],[-0.704559,0.428005,-0.566045],[-0.404383,0.413325,0.815866]]],"btipPosition":[7.83703,182.823,26.5178],"carpPosition":[4.05297,200.145,125.687],"dipPosition":[-1.46829,192.334,45.2918],"direction":[0.119089,-0.22843,-0.966249],"extended":false,"handId":753,"id":7530,"length":51.2425,"mcpPosition":[4.05297,200.145,125.687],"pipPosition":[-5.46061,199.992,77.6842],"stabilizedTipPosition":[5.61433,185.651,30.8185],"timeVisible":5.36784,"tipPosition":[1.1003,191.342,30.1417],"tipVelocity":[10.0755,-55.4335,2.69374],"tool":false,"touchDistance":0.286358,"touchZone":"hovering","type":0,"width":20.7127},{"bases":[[[0.889187,-0.456695,-0.0278672],[0.455077,0.876434,0.157379],[-0.0474502,-0.152621,0.987145]],[[0.884742,-0.465025,0.0313761],[0.222494,0.362238,-0.905141],[0.409547,0.807797,0.423952]],[[0.884742,-0.465025,0.0313761],[-0.352427,-0.711531,-0.60788],[0.305004,0.526759,-0.793408]],[[0.884742,-0.465025,0.0313761],[-0.466082,-0.882808,0.0584696],[0.000509271,-0.0663543,-0.997796]]],"btipPosition":[5.76792,174.81,72.822],"carpPosition":[30.469,216.156,119.812],"dipPosition":[5.77733,173.584,54.3858],"direction":[-0.305004,-0.526759,0.793409],"extended":false,"handId":753,"id":7532,"length":65.8828,"mcpPosition":[33.7144,226.595,52.2944],"pipPosition":[14.3051,188.312,32.2024],"stabilizedTipPosition":[5.82755,175.234,68.6028],"timeVisible":5.36784,"tipPosition":[5.2417,173.268,64.8049],"tipVelocity":[-1.1125,-42.5242,0.555274],"tool":false,"touchDistance":0.333333,"touchZone":"none","type":2,"width":19.4313},{"bases":[[[0.83566,-0.538938,0.105919],[0.515698,0.836254,0.186373],[-0.189019,-0.101122,0.976753]],[[0.822822,-0.544031,0.164298],[0.361388,0.277777,-0.890078],[0.438592,0.791751,0.425167]],[[0.822822,-0.544031,0.164298],[-0.356815,-0.719577,-0.595728],[0.44232,0.431554,-0.786202]],[[0.822822,-0.544031,0.164298],[-0.55612,-0.830337,0.0356576],[0.117024,-0.12071,-0.985766]]],"btipPosition":[19.7076,173.47,79.6873],"carpPosition":[41.5653,211.58,118.823],"dipPosition":[21.8574,171.253,61.5781],"direction":[-0.44232,-0.431554,0.786202],"extended":false,"handId":753,"id":7533,"length":63.3481,"mcpPosition":[53.1727,217.789,58.8417],"pipPosition":[33.9051,183.007,40.1639],"stabilizedTipPosition":[20.2556,173.697,75.5646],"timeVisible":5.36784,"tipPosition":[20.6938,171.332,72.2982],"tipVelocity":[-0.131771,-39.4965,-0.752371],"tool":false,"touchDistance":0.333333,"touchZone":"none","type":3,"width":18.4901},{"bases":[[[0.711394,-0.677734,0.185996],[0.620657,0.730008,0.286136],[-0.329702,-0.0881157,0.939964]],[[0.70425,-0.679449,0.205865],[0.483792,0.247066,-0.839586],[0.519593,0.690874,0.502708]],[[0.70425,-0.679449,0.205865],[-0.391966,-0.613884,-0.685208],[0.591941,0.401866,-0.698648]],[[0.70425,-0.679449,0.205865],[-0.675671,-0.730465,-0.099443],[0.217944,-0.0690645,-0.973515]]],"btipPosition":[35.6453,174.934,78.0862],"carpPosition":[50.0448,200.502,119.061],"dipPosition":[39.339,173.764,61.5873],"direction":[-0.591941,-0.401866,0.698648],"extended":false,"handId":753,"id":7534,"length":49.6637,"mcpPosition":[68.7868,205.511,65.629],"pipPosition":[50.7225,181.492,48.1517],"stabilizedTipPosition":[36.4947,175.422,74.3437],"timeVisible":5.36784,"tipPosition":[37.2463,172.91,71.2978],"tipVelocity":[3.95173,-42.7499,-1.70316],"tool":false,"touchDistance":0.333333,"touchZone":"none","type":4,"width":16.4243}],"r":[[0.974879,0.0623776,0.213825],[-0.0196435,0.980322,-0.196423],[-0.221869,0.187288,0.956921]],"s":0.931562,"t":[14.2886,69.015,-1.68685],"timestamp":747184606332},{"currentFrameRate":110.695,"devices":[],"gestures":[],"hands":[{"armBasis":[[0.979597,-0.176204,0.0966484],[-0.160137,-0.393804,0.905138],[-0.121429,-0.902148,-0.413986]],"armWidth":64.3496,"confidence":1,"direction":[0.121672,0.279925,-0.95228],"elbow":[-1.94293,-56.5869,25.3566],"grabAngle":2.51089,"grabStrength":0,"id":753,"palmNormal":[-0.306409,-0.901957,-0.304282],"palmPosition":[32.1822,214.603,74.4293],"palmVelocity":[-2.21417,-35.5352,-10.36],"palmWidth":89.2012,"pinchDistance":63.4127,"pinchStrength":0.606642,"r":[[0.974922,0.0628254,0.213495],[-0.0198032,0.98001,-0.197958],[-0.221664,0.188766,0.956678]],"s":0.931795,"sphereCenter":[12.466,195.711,44.3404],"sphereRadius":44.9029,"stabilizedPalmPosition":[32.2752,215.52,74.6271],"t":[14.262,68.68,-1.76692],"timeVisible":5.37656,"type":"right","wrist":[30.1983,182.204,134.935]}],"id":1344876,"interactionBox":{"center":[0,200,0],"size":[235.247,235.247,147.751]},"pointables":[{"bases":[[[0.951118,-0.277142,-0.136258],[0.297297,0.941102,0.161062],[0.083596,-0.193698,0.977493]],[[0.954173,-0.298889,-0.0148257],[0.292073,0.919335,0.263659],[-0.0651749,-0.255906,0.964502]],[[0.954173,-0.298889,-0.0148257],[0.292073,0.919335,0.263659],[-0.0651749,-0.255906,0.964502]],[[0.954173,-0.298889,-0.0148257],[0.296627,0.938073,0.178972],[-0.0395851,-0.175168,0.983742]]],"btipPosition":[17.6088,251.278,-29.0449],"carpPosition":[18.671,217.474,121.645],"dipPosition":[16.9438,248.335,-12.5189],"direction":[0.0651749,0.255906,-0.964502],"extended":true,"handId":753,"id":7531,"length":57.8214,"mcpPosition":[12.6418,231.444,51.1451],"pipPosition":[15.3949,242.254,10.4026],"stabilizedTipPosition":[17.499,250.782,-25.1949],"timeVisible":5.37656,"tipPosition":[19.2692,249.391,-24.9192],"tipVelocity":[-5.11954,-12.2465,-3.91612],"tool":false,"touchDistance":0.254589,"touchZone":"hovering","type":1,"width":19.7848},{"bases":[[[0.677702,0.729045,0.0959831],[-0.670254,0.558747,0.488428],[0.302456,-0.395342,0.867309]],[[0.583582,0.8034,-0.118236],[-0.788518,0.595429,0.15396],[0.194092,0.00338251,0.980977]],[[0.583582,0.8034,-0.118236],[-0.803154,0.549537,-0.230115],[-0.1199,0.229252,0.965954]],[[0.583582,0.8034,-0.118236],[-0.703518,0.427475,-0.567739],[-0.405579,0.414503,0.814674]]],"btipPosition":[7.91059,182.458,26.4779],"carpPosition":[4.05642,199.848,125.612],"dipPosition":[-1.42225,191.997,45.2244],"direction":[0.1199,-0.229252,-0.965954],"extended":false,"handId":753,"id":7530,"length":51.2425,"mcpPosition":[4.05642,199.848,125.612],"pipPosition":[-5.44174,199.682,77.607],"stabilizedTipPosition":[5.6762,185.238,30.8065],"timeVisible":5.37656,"tipPosition":[1.08886,190.987,30.0758],"tipVelocity":[7.70934,-41.1304,-5.30553],"tool":false,"touchDistance":0.285587,"touchZone":"hovering","type":0,"width":20.7127},{"bases":[[[0.888957,-0.45711,-0.0283898],[0.455578,0.876219,0.157129],[-0.0469494,-0.152614,0.98717]],[[0.884542,-0.465439,0.0308559],[0.22218,0.362231,-0.905221],[0.410148,0.807561,0.42382]],[[0.884542,-0.465439,0.0308559],[-0.352943,-0.711065,-0.608127],[0.304986,0.527023,-0.79324]],[[0.884542,-0.465439,0.0308559],[-0.466461,-0.882591,0.0587139],[-0.0000945961,-0.066328,-0.997798]]],"btipPosition":[5.72438,174.503,72.7325],"carpPosition":[30.4765,215.847,119.722],"dipPosition":[5.72263,173.278,54.2963],"direction":[-0.304986,-0.527023,0.79324],"extended":false,"handId":753,"id":7532,"length":65.8828,"mcpPosition":[33.6877,226.285,52.2034],"pipPosition":[14.2499,188.013,32.1176],"stabilizedTipPosition":[5.79266,174.893,68.5655],"timeVisible":5.37656,"tipPosition":[5.19789,172.972,64.7339],"tipVelocity":[-5.28662,-35.1843,-10.2608],"tool":false,"touchDistance":0.333333,"touchZone":"none","type":2,"width":19.4313},{"bases":[[[0.835469,-0.53933,0.105426],[0.516197,0.83601,0.186087],[-0.1885,-0.10105,0.976861]],[[0.822662,-0.544419,0.163813],[0.361161,0.27791,-0.890129],[0.439078,0.791438,0.425249]],[[0.822662,-0.544419,0.163813],[-0.357295,-0.719203,-0.595892],[0.44223,0.431689,-0.786179]],[[0.822662,-0.544419,0.163813],[-0.556459,-0.830106,0.0357259],[0.116532,-0.120545,-0.985844]]],"btipPosition":[19.6707,173.158,79.582],"carpPosition":[41.5701,211.265,118.727],"dipPosition":[21.8115,170.944,61.4714],"direction":[-0.44223,-0.431689,0.786179],"extended":false,"handId":753,"id":7533,"length":63.3481,"mcpPosition":[53.1456,217.47,58.7392],"pipPosition":[33.8567,182.702,40.0579],"stabilizedTipPosition":[20.2264,173.366,75.5179],"timeVisible":5.37656,"tipPosition":[20.652,171.03,72.2187],"tipVelocity":[-4.46775,-35.7412,-12.1057],"tool":false,"touchDistance":0.333333,"touchZone":"none","type":3,"width":18.4901},{"bases":[[[0.711185,-0.67807,0.185573],[0.621164,0.729713,0.285787],[-0.329198,-0.0879764,0.940153]],[[0.704816,-0.679616,0.203362],[0.482244,0.248781,-0.83997],[0.520264,0.690094,0.503085]],[[0.704816,-0.679616,0.203362],[-0.392952,-0.612704,-0.685698],[0.590612,0.40338,-0.6989]],[[0.704816,-0.679616,0.203362],[-0.675637,-0.730481,-0.0995616],[0.216215,-0.0672259,-0.974029]]],"btipPosition":[35.6479,174.574,77.9749],"carpPosition":[50.0446,200.183,118.961],"dipPosition":[39.3123,173.435,61.4673],"direction":[-0.590612,-0.40338,0.6989],"extended":false,"handId":753,"id":7534,"length":49.6637,"mcpPosition":[68.7579,205.184,65.5173],"pipPosition":[50.6703,181.192,48.0269],"stabilizedTipPosition":[36.4934,175.065,74.2904],"timeVisible":5.37656,"tipPosition":[37.2028,172.604,71.2151],"tipVelocity":[-0.469595,-40.4614,-12.988],"tool":false,"touchDistance":0.333333,"touchZone":"none","type":4,"width":16.4243}],"r":[[0.974922,0.0628254,0.213495],[-0.0198032,0.98001,-0.197958],[-0.221664,0.188766,0.956678]],"s":0.931795,"t":[14.262,68.68,-1.76692],"timestamp":747184615053},{"currentFrameRate":110.87,"devices":[],"gestures":[],"hands":[{"armBasis":[[0.979591,-0.176727,0.0957588],[-0.159525,-0.393717,0.905284],[-0.122286,-0.902083,-0.413874]],"armWidth":64.3496,"confidence":1,"direction":[0.120935,0.279866,-0.952392],"elbow":[-2.14078,-56.8163,25.3269],"grabAngle":2.50954,"grabStrength":0,"id":753,"palmNormal":[-0.307335,-0.901735,-0.304006],"palmPosition":[32.1719,214.357,74.3688],"palmVelocity":[-1.18503,-28.2151,-6.9488],"palmWidth":89.2012,"pinchDistance":63.4681,"pinchStrength":0.607942,"r":[[0.975007,0.0630462,0.21304],[-0.0198334,0.979763,-0.199177],[-0.221286,0.189974,0.956526]],"s":0.932012,"sphereCenter":[12.2267,195.654,44.2994],"sphereRadius":44.95,"stabilizedPalmPosition":[32.2498,215.234,74.5635],"t":[14.2435,68.3896,-1.83722],"timeVisible":5.38527,"type":"right","wrist":[30.2274,181.958,134.876]}],"id":1344877,"interactionBox":{"center":[0,200,0],"size":[235.247,235.247,147.751]},"pointables":[{"bases":[[[0.950791,-0.277801,-0.137197],[0.298111,0.94089,0.160796],[0.0844181,-0.193784,0.977405]],[[0.953964,-0.299481,-0.0162203],[0.292888,0.918591,0.265343],[-0.0645654,-0.257878,0.964018]],[[0.953964,-0.299481,-0.0162203],[0.292888,0.918591,0.265343],[-0.0645654,-0.257878,0.964018]],[[0.953964,-0.299481,-0.0162203],[0.297277,0.937008,0.183421],[-0.0397327,-0.179799,0.982901]]],"btipPosition":[17.5497,251.255,-29.0397],"carpPosition":[18.709,217.236,121.598],"dipPosition":[16.8822,248.234,-12.5278],"direction":[0.0645654,0.257878,-0.964018],"extended":true,"handId":753,"id":7531,"length":57.8214,"mcpPosition":[12.6205,231.212,51.1042],"pipPosition":[15.3478,242.106,10.3821],"stabilizedTipPosition":[17.4471,250.67,-25.2186],"timeVisible":5.38527,"tipPosition":[19.1625,249.176,-24.9697],"tipVelocity":[-6.85148,-4.75855,0.221837],"tool":false,"touchDistance":0.254621,"touchZone":"hovering","type":1,"width":19.7848},{"bases":[[[0.678304,0.72857,0.0953392],[-0.669385,0.559201,0.489099],[0.303029,-0.395577,0.867002]],[[0.584236,0.802902,-0.11839],[-0.788024,0.596101,0.153887],[0.194128,0.00338761,0.98097]],[[0.584236,0.802902,-0.11839],[-0.802615,0.549972,-0.230956],[-0.120324,0.229954,0.965735]],[[0.584236,0.802902,-0.11839],[-0.702369,0.42712,-0.569426],[-0.406627,0.415833,0.813473]]],"btipPosition":[7.9767,182.176,26.4798],"carpPosition":[4.08595,199.62,125.579],"dipPosition":[-1.38025,191.745,45.1987],"direction":[0.120324,-0.229954,-0.965735],"extended":false,"handId":753,"id":7530,"length":51.2425,"mcpPosition":[4.08595,199.62,125.579],"pipPosition":[-5.41397,199.454,77.5739],"stabilizedTipPosition":[5.73478,184.898,30.7981],"timeVisible":5.38527,"tipPosition":[1.06507,190.702,30.0523],"tipVelocity":[6.95146,-31.5604,-0.508716],"tool":false,"touchDistance":0.285513,"touchZone":"hovering","type":0,"width":20.7127},{"bases":[[[0.88861,-0.457729,-0.0292729],[0.456343,0.875896,0.156706],[-0.046089,-0.152609,0.987211]],[[0.884247,-0.466057,0.0299769],[0.221581,0.36217,-0.905392],[0.411107,0.807232,0.423517]],[[0.884247,-0.466057,0.0299769],[-0.353877,-0.710529,-0.60821],[0.30476,0.5272,-0.79321]],[[0.884247,-0.466057,0.0299769],[-0.467018,-0.882266,0.0591593],[-0.00112396,-0.0663111,-0.997798]]],"btipPosition":[5.68033,174.267,72.6843],"carpPosition":[30.5115,215.601,119.663],"dipPosition":[5.65956,173.042,54.2481],"direction":[-0.30476,-0.5272,0.79321],"extended":false,"handId":753,"id":7532,"length":65.8828,"mcpPosition":[33.6638,226.039,52.1417],"pipPosition":[14.1805,187.782,32.0703],"stabilizedTipPosition":[5.75536,174.604,68.5268],"timeVisible":5.38527,"tipPosition":[5.14961,172.747,64.7025],"tipVelocity":[-5.55856,-27.0704,-5.52854],"tool":false,"touchDistance":0.333333,"touchZone":"none","type":2,"width":19.4313},{"bases":[[[0.835195,-0.539916,0.104593],[0.516962,0.835644,0.185605],[-0.187613,-0.100945,0.977042]],[[0.822442,-0.544997,0.162992],[0.360595,0.277884,-0.890366],[0.439954,0.791049,0.425067]],[[0.822442,-0.544997,0.162992],[-0.358238,-0.718799,-0.595814],[0.441875,0.431632,-0.786409]],[[0.822442,-0.544997,0.162992],[-0.556987,-0.829736,0.0361102],[0.115561,-0.120483,-0.985966]]],"btipPosition":[19.636,172.916,79.5175],"carpPosition":[41.6008,211.011,118.657],"dipPosition":[21.759,170.702,61.4046],"direction":[-0.441875,-0.431632,0.786409],"extended":false,"handId":753,"id":7533,"length":63.3481,"mcpPosition":[53.1219,217.21,58.6582],"pipPosition":[33.7945,182.459,39.9848],"stabilizedTipPosition":[20.1961,173.081,75.4686],"timeVisible":5.38527,"tipPosition":[20.6086,170.794,72.1716],"tipVelocity":[-4.45341,-27.8058,-7.46275],"tool":false,"touchDistance":0.333333,"touchZone":"none","type":3,"width":18.4901},{"bases":[[[0.710893,-0.678571,0.184857],[0.621952,0.729272,0.285199],[-0.328339,-0.0877731,0.940473]],[[0.705264,-0.679953,0.200665],[0.480393,0.250199,-0.840609],[0.521368,0.68925,0.5031]],[[0.705264,-0.679953,0.200665],[-0.39438,-0.611497,-0.685956],[0.589124,0.404642,-0.699427]],[[0.705264,-0.679953,0.200665],[-0.675854,-0.730316,-0.0992927],[0.214063,-0.0655925,-0.974615]]],"btipPosition":[35.649,174.28,77.8979],"carpPosition":[50.0678,199.924,118.882],"dipPosition":[39.2769,173.169,61.3803],"direction":[-0.589124,-0.404642,0.699427],"extended":false,"handId":753,"id":7534,"length":49.6637,"mcpPosition":[68.7323,204.913,65.4207],"pipPosition":[50.6062,180.95,47.9297],"stabilizedTipPosition":[36.4904,174.751,74.2326],"timeVisible":5.38527,"tipPosition":[37.1577,172.361,71.1586],"tipVelocity":[-0.839734,-32.9762,-9.10827],"tool":false,"touchDistance":0.333333,"touchZone":"none","type":4,"width":16.4243}],"r":[[0.975007,0.0630462,0.21304],[-0.0198334,0.979763,-0.199177],[-0.221286,0.189974,0.956526]],"s":0.932012,"t":[14.2435,68.3896,-1.83722],"timestamp":747184623765},{"currentFrameRate":111.101,"devices":[],"gestures":[],"hands":[{"armBasis":[[0.979422,-0.177735,0.0956179],[-0.159841,-0.393855,0.905168],[-0.123221,-0.901825,-0.414159]],"armWidth":64.3496,"confidence":1,"direction":[0.121059,0.280084,-0.952312],"elbow":[-2.38098,-56.9696,25.184],"grabAngle":2.50835,"grabStrength":0,"id":753,"palmNormal":[-0.308831,-0.901128,-0.304289],"palmPosition":[32.2,214.16,74.3136],"palmVelocity":[3.27246,-22.9524,-6.41623],"palmWidth":89.2012,"pinchDistance":63.5158,"pinchStrength":0.608915,"r":[[0.975109,0.062902,0.212617],[-0.0195673,0.979587,-0.200067],[-0.220862,0.190927,0.956435]],"s":0.932233,"sphereCenter":[12.0242,195.676,44.244],"sphereRadius":45.0004,"stabilizedPalmPosition":[32.2383,214.986,74.5059],"t":[14.2483,68.1458,-1.89994],"timeVisible":5.39386,"type":"right","wrist":[30.2346,181.736,134.809]}],"id":1344878,"interactionBox":{"center":[0,200,0],"size":[235.247,235.247,147.751]},"pointables":[{"bases":[[[0.950315,-0.279216,-0.137625],[0.299621,0.940359,0.161099],[0.084435,-0.19433,0.977296]],[[0.953512,-0.300863,-0.0172142],[0.294329,0.917497,0.267527],[-0.064695,-0.260157,0.963397]],[[0.953512,-0.300863,-0.0172142],[0.294329,0.917497,0.267527],[-0.064695,-0.260157,0.963397]],[[0.953512,-0.300863,-0.0172142],[0.29863,0.935682,0.187934],[-0.0404353,-0.184338,0.982031]]],"btipPosition":[17.6168,251.324,-29.0257],"carpPosition":[18.7569,217.04,121.548],"dipPosition":[16.9375,248.227,-12.5284],"direction":[0.0646949,0.260157,-0.963397],"extended":true,"handId":753,"id":7531,"length":57.8214,"mcpPosition":[12.6672,231.055,51.0625],"pipPosition":[15.4,242.045,10.3668],"stabilizedTipPosition":[17.4536,250.642,-25.2247],"timeVisible":5.39386,"tipPosition":[19.1905,249.06,-25.0086],"tipVelocity":[7.4889,6.05289,1.23668],"tool":false,"touchDistance":0.254798,"touchZone":"hovering","type":1,"width":19.7848},{"bases":[[[0.679464,0.727477,0.0954281],[-0.668359,0.560029,0.489555],[0.302697,-0.396415,0.866735]],[[0.58567,0.801943,-0.117808],[-0.787082,0.597395,0.153693],[0.193631,0.00271146,0.981071]],[[0.58567,0.801943,-0.117808],[-0.801461,0.551249,-0.231913],[-0.121039,0.230244,0.965576]],[[0.58567,0.801943,-0.117808],[-0.700498,0.427653,-0.571328],[-0.407791,0.417134,0.812223]]],"btipPosition":[8.07376,181.994,26.4567],"carpPosition":[4.10789,199.444,125.527],"dipPosition":[-1.30998,191.593,45.1469],"direction":[0.121039,-0.230244,-0.965576],"extended":false,"handId":753,"id":7530,"length":51.2425,"mcpPosition":[4.10789,199.444,125.527],"pipPosition":[-5.36769,199.312,77.5167],"stabilizedTipPosition":[5.80173,184.64,30.7823],"timeVisible":5.39386,"tipPosition":[1.08474,190.517,30.0038],"tipVelocity":[10.5771,-20.3831,-3.45925],"tool":false,"touchDistance":0.285018,"touchZone":"hovering","type":0,"width":20.7127},{"bases":[[[0.88789,-0.459093,-0.0297565],[0.457751,0.875121,0.15693],[-0.046005,-0.152958,0.987161]],[[0.883533,-0.467439,0.0294912],[0.221821,0.362158,-0.905338],[0.41251,0.806438,0.423666]],[[0.883533,-0.467439,0.0294912],[-0.355062,-0.709526,-0.60869],[0.30545,0.527327,-0.79286]],[[0.883533,-0.467439,0.0294912],[-0.468366,-0.881561,0.0590245],[-0.00159207,-0.0659628,-0.997821]]],"btipPosition":[5.6422,174.105,72.6172],"carpPosition":[30.5562,215.387,119.609],"dipPosition":[5.61279,172.886,54.1806],"direction":[-0.30545,-0.527327,0.79286],"extended":false,"handId":753,"id":7532,"length":65.8828,"mcpPosition":[33.7028,225.849,52.091],"pipPosition":[14.153,187.63,32.0126],"stabilizedTipPosition":[5.72076,174.379,68.4835],"timeVisible":5.39386,"tipPosition":[5.11045,172.596,64.6407],"tipVelocity":[-4.66789,-18.7312,-7.8176],"tool":false,"touchDistance":0.333333,"touchZone":"none","type":2,"width":19.4313},{"bases":[[[0.834391,-0.541254,0.104092],[0.518317,0.834763,0.185792],[-0.187453,-0.10107,0.97706]],[[0.82165,-0.54634,0.162493],[0.36079,0.2778,-0.890313],[0.441274,0.790151,0.425368]],[[0.82165,-0.54634,0.162493],[-0.359441,-0.717888,-0.596187],[0.442373,0.43145,-0.78623]],[[0.82165,-0.54634,0.162493],[-0.558246,-0.828902,0.035815],[0.115124,-0.120139,-0.986059]]],"btipPosition":[19.6,172.731,79.4404],"carpPosition":[41.6381,210.78,118.597],"dipPosition":[21.7149,170.524,61.3258],"direction":[-0.442373,-0.43145,0.78623],"extended":false,"handId":753,"id":7533,"length":63.3481,"mcpPosition":[53.1493,216.987,58.5975],"pipPosition":[33.764,182.275,39.9109],"stabilizedTipPosition":[20.1666,172.85,75.4162],"timeVisible":5.39386,"tipPosition":[20.5682,170.617,72.1038],"tipVelocity":[-4.41318,-21.3554,-9.02435],"tool":false,"touchDistance":0.333333,"touchZone":"none","type":3,"width":18.4901},{"bases":[[[0.7099,-0.679751,0.184338],[0.623175,0.728185,0.285306],[-0.328169,-0.0876642,0.940542]],[[0.704941,-0.680979,0.198306],[0.479347,0.251348,-0.840863],[0.522767,0.687816,0.50361]],[[0.704941,-0.680979,0.198306],[-0.395893,-0.609772,-0.68662],[0.588496,0.405518,-0.699448]],[[0.704941,-0.680979,0.198306],[-0.676653,-0.729513,-0.0997606],[0.212602,-0.0638592,-0.97505]]],"btipPosition":[35.6478,174.034,77.8168],"carpPosition":[50.088,199.68,118.815],"dipPosition":[39.2509,172.952,61.2919],"direction":[-0.588496,-0.405518,0.699448],"extended":false,"handId":753,"id":7534,"length":49.6637,"mcpPosition":[68.7428,204.663,65.3496],"pipPosition":[50.5682,180.75,47.841],"stabilizedTipPosition":[36.4865,174.483,74.1725],"timeVisible":5.39386,"tipPosition":[37.1177,172.162,71.093],"tipVelocity":[-0.807074,-27.8962,-9.62195],"tool":false,"touchDistance":0.333333,"touchZone":"none","type":4,"width":16.4243}],"r":[[0.975109,0.062902,0.212617],[-0.0195673,0.979587,-0.200067],[-0.220862,0.190927,0.956435]],"s":0.932233,"t":[14.2483,68.1458,-1.89994],"timestamp":747184632359},{"currentFrameRate":111.277,"devices":[],"gestures":[],"hands":[{"armBasis":[[0.979403,-0.177836,0.0956307],[-0.159743,-0.392739,0.90567],[-0.123503,-0.902292,-0.413057]],"armWidth":64.3496,"confidence":1,"direction":[0.12079,0.278968,-0.952673],"elbow":[-2.42662,-57.2911,25.4423],"grabAngle":2.5073,"grabStrength":0,"id":753,"palmNormal":[-0.310143,-0.901053,-0.303175],"palmPosition":[32.2122,213.901,74.2445],"palmVelocity":[1.40499,-29.8341,-7.96931],"palmWidth":89.2012,"pinchDistance":63.5553,"pinchStrength":0.609625,"r":[[0.975233,0.0625879,0.212141],[-0.0191381,0.979409,-0.200975],[-0.220351,0.191938,0.95635]],"s":0.932442,"sphereCenter":[11.8039,195.58,44.2077],"sphereRadius":45.0504,"stabilizedPalmPosition":[32.2326,214.747,74.4483],"t":[14.2568,67.8945,-1.96588],"timeVisible":5.40254,"type":"right","wrist":[30.2635,181.538,134.775]}],"id":1344879,"interactionBox":{"center":[0,200,0],"size":[235.247,235.247,147.751]},"pointables":[{"bases":[[[0.949879,-0.280532,-0.137955],[0.300889,0.94015,0.159951],[0.0848266,-0.193444,0.977437]],[[0.953145,-0.301972,-0.0180826],[0.295582,0.916922,0.268115],[-0.0643828,-0.260897,0.963217]],[[0.953145,-0.301972,-0.0180826],[0.295582,0.916922,0.268115],[-0.0643828,-0.260897,0.963217]],[[0.953145,-0.301972,-0.0180826],[0.299771,0.934788,0.190551],[-0.0406377,-0.187043,0.981511]]],"btipPosition":[17.6176,251.16,-29.0788],"carpPosition":[18.8032,216.845,121.485],"dipPosition":[16.935,248.018,-12.5903],"direction":[0.0643828,0.260897,-0.963217],"extended":true,"handId":753,"id":7531,"length":57.8214,"mcpPosition":[12.6853,230.797,50.9889],"pipPosition":[15.4049,241.818,10.3007],"stabilizedTipPosition":[17.4568,250.549,-25.2528],"timeVisible":5.40254,"tipPosition":[19.1621,248.736,-25.1068],"tipVelocity":[0.0101172,-20.0968,-6.34902],"tool":false,"touchDistance":0.25388,"touchZone":"hovering","type":1,"width":19.7848},{"bases":[[[0.680425,0.726731,0.0942513],[-0.667348,0.561352,0.489418],[0.302767,-0.395911,0.866941]],[[0.586829,0.800987,-0.118542],[-0.786269,0.598672,0.15288],[0.193422,0.00349115,0.981109]],[[0.586829,0.800987,-0.118542],[-0.800553,0.551984,-0.233301],[-0.121438,0.231807,0.965152]],[[0.586829,0.800987,-0.118542],[-0.699016,0.427257,-0.573435],[-0.408666,0.419371,0.81063]]],"btipPosition":[8.14459,181.68,26.4695],"carpPosition":[4.13503,199.272,125.491],"dipPosition":[-1.25928,191.33,45.1231],"direction":[0.121438,-0.231807,-0.965152],"extended":false,"handId":753,"id":7530,"length":51.2425,"mcpPosition":[4.13503,199.272,125.491],"pipPosition":[-5.33034,199.101,77.4787],"stabilizedTipPosition":[5.86598,184.376,30.7743],"timeVisible":5.40254,"tipPosition":[1.08024,190.198,29.9853],"tipVelocity":[7.63064,-34.8438,0.51172],"tool":false,"touchDistance":0.285092,"touchZone":"hovering","type":0,"width":20.7127},{"bases":[[[0.887301,-0.460223,-0.0298641],[0.458935,0.874712,0.155746],[-0.0455556,-0.1519,0.987346]],[[0.882973,-0.468503,0.0293949],[0.221615,0.360831,-0.905918],[0.413819,0.806416,0.422431]],[[0.882973,-0.468503,0.0293949],[-0.356255,-0.709566,-0.607947],[0.305682,0.526328,-0.793434]],[[0.882973,-0.468503,0.0293949],[-0.469418,-0.88091,0.0603744],[-0.00239135,-0.0671074,-0.997743]]],"btipPosition":[5.60074,173.872,72.6084],"carpPosition":[30.5992,215.176,119.54],"dipPosition":[5.55655,172.632,54.1732],"direction":[-0.305682,-0.526328,0.793434],"extended":false,"handId":753,"id":7532,"length":65.8828,"mcpPosition":[33.7151,225.565,52.0091],"pipPosition":[14.1033,187.348,31.9892],"stabilizedTipPosition":[5.68432,174.157,68.4513],"timeVisible":5.40254,"tipPosition":[5.06522,172.362,64.6331],"tipVelocity":[-5.17059,-27.4302,-0.975976],"tool":false,"touchDistance":0.333333,"touchZone":"none","type":2,"width":19.4313},{"bases":[[[0.833788,-0.542181,0.104102],[0.51947,0.834308,0.18461],[-0.186945,-0.0998476,0.977283]],[[0.821078,-0.547193,0.162517],[0.360581,0.276491,-0.890805],[0.442508,0.790021,0.424328]],[[0.821078,-0.547193,0.162517],[-0.360637,-0.71797,-0.595366],[0.442462,0.430233,-0.786846]],[[0.821078,-0.547193,0.162517],[-0.55924,-0.828182,0.0369493],[0.114375,-0.121224,-0.986014]]],"btipPosition":[19.5626,172.489,79.4165],"carpPosition":[41.6748,210.555,118.525],"dipPosition":[21.6637,170.262,61.3028],"direction":[-0.442462,-0.430233,0.786846],"extended":false,"handId":753,"id":7533,"length":63.3481,"mcpPosition":[53.1548,216.686,58.5119],"pipPosition":[33.7153,181.98,39.871],"stabilizedTipPosition":[20.135,172.622,75.3728],"timeVisible":5.40254,"tipPosition":[20.5249,170.371,72.0877],"tipVelocity":[-4.67306,-28.4064,-2.72772],"tool":false,"touchDistance":0.333333,"touchZone":"none","type":3,"width":18.4901},{"bases":[[[0.709178,-0.680442,0.184569],[0.62426,0.727702,0.284165],[-0.327669,-0.0863043,0.940843]],[[0.704648,-0.681555,0.197368],[0.478393,0.250905,-0.841539],[0.524034,0.687408,0.502851]],[[0.704648,-0.681555,0.197368],[-0.397206,-0.609381,-0.686208],[0.587961,0.40514,-0.700117]],[[0.704648,-0.681555,0.197368],[-0.67736,-0.728966,-0.0989533],[0.211317,-0.063962,-0.975323]]],"btipPosition":[35.6304,173.744,77.7776],"carpPosition":[50.111,199.444,118.749],"dipPosition":[39.2117,172.66,61.2481],"direction":[-0.587961,-0.40514,0.700117],"extended":false,"handId":753,"id":7534,"length":49.6637,"mcpPosition":[68.7374,204.35,65.2665],"pipPosition":[50.5187,180.451,47.7843],"stabilizedTipPosition":[36.4778,174.217,74.1197],"timeVisible":5.40254,"tipPosition":[37.0745,171.897,71.0694],"tipVelocity":[-2.58153,-33.4654,-4.64095],"tool":false,"touchDistance":0.333333,"touchZone":"none","type":4,"width":16.4243}],"r":[[0.975233,0.0625879,0.212141],[-0.0191381,0.979409,-0.200975],[-0.220351,0.191938,0.95635]],"s":0.932442,"t":[14.2568,67.8945,-1.96588],"timestamp":747184641035},{"currentFrameRate":111.439,"devices":[],"gestures":[],"hands":[{"armBasis":[[0.9794,-0.177689,0.0959321],[-0.159807,-0.391623,0.906142],[-0.123443,-0.902806,-0.411951]],"armWidth":64.3496,"confidence":1,"direction":[0.120659,0.277864,-0.953012],"elbow":[-2.38975,-57.5795,25.7112],"grabAngle":2.50629,"grabStrength":0,"id":753,"palmNormal":[-0.311648,-0.900887,-0.302123],"palmPosition":[32.2204,213.691,74.1858],"palmVelocity":[0.938467,-24.1428,-6.75681],"palmWidth":89.2012,"pinchDistance":63.5956,"pinchStrength":0.610392,"r":[[0.975374,0.0620889,0.211637],[-0.0185285,0.979233,-0.20189],[-0.219777,0.192997,0.956269]],"s":0.932653,"sphereCenter":[11.5906,195.531,44.1797],"sphereRadius":45.0993,"stabilizedPalmPosition":[32.23,214.526,74.3935],"t":[14.2652,67.6639,-2.0282],"timeVisible":5.41123,"type":"right","wrist":[30.2845,181.386,134.751]}],"id":1344880,"interactionBox":{"center":[0,200,0],"size":[235.247,235.247,147.751]},"pointables":[{"bases":[[[0.949385,-0.28207,-0.138222],[0.302369,0.939858,0.158867],[0.0850975,-0.19262,0.977577]],[[0.952704,-0.303314,-0.0188638],[0.297039,0.916288,0.268672],[-0.0642071,-0.261568,0.963047]],[[0.952704,-0.303314,-0.0188638],[0.297039,0.916288,0.268672],[-0.0642071,-0.261568,0.963047]],[[0.952704,-0.303314,-0.0188638],[0.301117,0.933781,0.193341],[-0.0410284,-0.189877,0.98095]]],"btipPosition":[17.6325,251.049,-29.1221],"carpPosition":[18.8427,216.701,121.431],"dipPosition":[16.9433,247.859,-12.643],"direction":[0.0642071,0.261568,-0.963047],"extended":true,"handId":753,"id":7531,"length":57.8214,"mcpPosition":[12.7052,230.593,50.9249],"pipPosition":[15.4174,241.643,10.2439],"stabilizedTipPosition":[17.4641,250.45,-25.2864],"timeVisible":5.41123,"tipPosition":[19.1465,248.47,-25.1934],"tipVelocity":[1.53806,-14.1068,-5.23973],"tool":false,"touchDistance":0.253121,"touchZone":"hovering","type":1,"width":19.7848},{"bases":[[[0.681552,0.725815,0.0931585],[-0.666239,0.562813,0.489251],[0.302675,-0.395516,0.867153]],[[0.588156,0.799907,-0.119256],[-0.785327,0.60011,0.152083],[0.193219,0.00420629,0.981147]],[[0.588156,0.799907,-0.119256],[-0.799524,0.552886,-0.234689],[-0.121794,0.233381,0.964728]],[[0.588156,0.799907,-0.119256],[-0.697433,0.427002,-0.575549],[-0.409463,0.421685,0.809025]]],"btipPosition":[8.20061,181.421,26.4903],"carpPosition":[4.15079,199.154,125.462],"dipPosition":[-1.2216,191.124,45.1069],"direction":[0.121794,-0.233381,-0.964728],"extended":false,"handId":753,"id":7530,"length":51.2425,"mcpPosition":[4.15079,199.154,125.462],"pipPosition":[-5.30461,198.948,77.4483],"stabilizedTipPosition":[5.92314,184.129,30.7735],"timeVisible":5.41123,"tipPosition":[1.06815,189.941,29.9738],"tipVelocity":[5.96162,-28.4597,1.41082],"tool":false,"touchDistance":0.285296,"touchZone":"hovering","type":0,"width":20.7127},{"bases":[[[0.886603,-0.461563,-0.0299212],[0.460316,0.874184,0.154636],[-0.0452175,-0.150874,0.987518]],[[0.882296,-0.469779,0.0293482],[0.221573,0.359509,-0.906454],[0.415282,0.806264,0.421283]],[[0.882296,-0.469779,0.0293482],[-0.35756,-0.709474,-0.607287],[0.306113,0.525313,-0.79394]],[[0.882296,-0.469779,0.0293482],[-0.470685,-0.880147,0.0616226],[-0.00311827,-0.0681831,-0.997668]]],"btipPosition":[5.5455,173.693,72.6047],"carpPosition":[30.6351,215.012,119.481],"dipPosition":[5.48789,172.434,54.1709],"direction":[-0.306113,-0.525313,0.79394],"extended":false,"handId":753,"id":7532,"length":65.8828,"mcpPosition":[33.7278,225.332,51.9382],"pipPosition":[14.0467,187.121,31.9727],"stabilizedTipPosition":[5.64339,173.954,68.428],"timeVisible":5.41123,"tipPosition":[5.0068,172.184,64.6321],"tipVelocity":[-6.71271,-21.0269,-0.391227],"tool":false,"touchDistance":0.333333,"touchZone":"none","type":2,"width":19.4313},{"bases":[[[0.833045,-0.543312,0.104155],[0.520808,0.833718,0.183504],[-0.186536,-0.0986223,0.977486]],[[0.82036,-0.548248,0.162582],[0.360486,0.275102,-0.891274],[0.443912,0.789774,0.423319]],[[0.82036,-0.548248,0.162582],[-0.361962,-0.717941,-0.594596],[0.44271,0.428935,-0.787415]],[[0.82036,-0.548248,0.162582],[-0.560442,-0.827318,0.0380683],[0.113636,-0.122347,-0.98596]]],"btipPosition":[19.511,172.3,79.4021],"carpPosition":[41.7032,210.374,118.465],"dipPosition":[21.5985,170.052,61.2893],"direction":[-0.44271,-0.428935,0.787415],"extended":false,"handId":753,"id":7533,"length":63.3481,"mcpPosition":[53.1581,216.43,58.4386],"pipPosition":[33.6568,181.735,39.8421],"stabilizedTipPosition":[20.0988,172.41,75.3384],"timeVisible":5.41123,"tipPosition":[20.4674,170.177,72.0789],"tipVelocity":[-6.29985,-22.3204,-1.63704],"tool":false,"touchDistance":0.333333,"touchZone":"none","type":3,"width":18.4901},{"bases":[[[0.708276,-0.681311,0.184827],[0.625497,0.727053,0.283103],[-0.32726,-0.0849064,0.941112]],[[0.704299,-0.68228,0.196103],[0.477279,0.250596,-0.842262],[0.525516,0.686801,0.502133]],[[0.704299,-0.68228,0.196103],[-0.398768,-0.608766,-0.685848],[0.587322,0.404842,-0.700825]],[[0.704299,-0.68228,0.196103],[-0.678223,-0.728288,-0.0980327],[0.209706,-0.0639575,-0.975671]]],"btipPosition":[35.6073,173.498,77.7519],"carpPosition":[50.1231,199.251,118.694],"dipPosition":[39.1614,172.414,61.2165],"direction":[-0.587322,-0.404842,0.700825],"extended":false,"handId":753,"id":7534,"length":49.6637,"mcpPosition":[68.7263,204.077,65.1963],"pipPosition":[50.456,180.2,47.739],"stabilizedTipPosition":[36.4641,173.967,74.0756],"timeVisible":5.41123,"tipPosition":[37.0173,171.681,71.056],"tipVelocity":[-3.37581,-28.2786,-3.116],"tool":false,"touchDistance":0.333333,"touchZone":"none","type":4,"width":16.4243}],"r":[[0.975374,0.0620889,0.211637],[-0.0185285,0.979233,-0.20189],[-0.219777,0.192997,0.956269]],"s":0.932653,"t":[14.2652,67.6639,-2.0282],"timestamp":747184649724},{"currentFrameRate":111.559,"devices":[],"gestures":[],"hands":[{"armBasis":[[0.979427,-0.177332,0.0963126],[-0.159953,-0.391213,0.906293],[-0.123036,-0.903053,-0.41153]],"armWidth":64.3496,"confidence":1,"direction":[0.120632,0.277498,-0.953123],"elbow":[-2.24766,-57.7907,25.7716],"grabAngle":2.50537,"grabStrength":0,"id":753,"palmNormal":[-0.312983,-0.900533,-0.301799],"palmPosition":[32.244,213.535,74.1242],"palmVelocity":[2.69415,-17.87,-7.03029],"palmWidth":89.2012,"pinchDistance":63.6102,"pinchStrength":0.61095,"r":[[0.975521,0.0614366,0.211149],[-0.0177954,0.979087,-0.202662],[-0.219185,0.193944,0.956213]],"s":0.932861,"sphereCenter":[11.4218,195.53,44.1332],"sphereRadius":45.1423,"stabilizedPalmPosition":[32.2328,214.333,74.341],"t":[14.2811,67.4704,-2.09013],"timeVisible":5.41998,"type":"right","wrist":[30.3189,181.24,134.7]}],"id":1344881,"interactionBox":{"center":[0,200,0],"size":[235.247,235.247,147.751]},"pointables":[{"bases":[[[0.948947,-0.283373,-0.138559],[0.303697,0.939486,0.158538],[0.0852489,-0.192524,0.977582]],[[0.952305,-0.304509,-0.0197402],[0.298366,0.915622,0.269469],[-0.0639812,-0.262506,0.962807]],[[0.952305,-0.304509,-0.0197402],[0.298366,0.915622,0.269469],[-0.0639812,-0.262506,0.962807]],[[0.952305,-0.304509,-0.0197402],[0.302291,0.932579,0.197273],[-0.0416623,-0.193832,0.98015]]],"btipPosition":[17.6648,251.042,-29.1498],"carpPosition":[18.8901,216.573,121.374],"dipPosition":[16.9649,247.786,-12.6842],"direction":[0.0639812,0.262506,-0.962807],"extended":true,"handId":753,"id":7531,"length":57.8214,"mcpPosition":[12.7417,230.458,50.8679],"pipPosition":[15.4444,241.547,10.197],"stabilizedTipPosition":[17.4784,250.393,-25.3139],"timeVisible":5.41998,"tipPosition":[19.1597,248.328,-25.2579],"tipVelocity":[3.40609,-2.53056,-3.51606],"tool":false,"touchDistance":0.252608,"touchZone":"hovering","type":1,"width":19.7848},{"bases":[[[0.682565,0.72492,0.0927167],[-0.665278,0.563812,0.489409],[0.302508,-0.395736,0.867111]],[[0.589455,0.798965,-0.119153],[-0.784431,0.601364,0.151752],[0.192899,0.0040163,0.98121]],[[0.589455,0.798965,-0.119153],[-0.798494,0.553965,-0.235649],[-0.122269,0.234047,0.964506]],[[0.589455,0.798965,-0.119153],[-0.695766,0.427206,-0.577411],[-0.410429,0.423261,0.807712]]],"btipPosition":[8.28002,181.264,26.4782],"carpPosition":[4.1764,199.046,125.415],"dipPosition":[-1.16442,191.003,45.0646],"direction":[0.122269,-0.234047,-0.964506],"extended":false,"handId":753,"id":7530,"length":51.2425,"mcpPosition":[4.1764,199.046,125.415],"pipPosition":[-5.26334,198.85,77.3985],"stabilizedTipPosition":[5.98331,183.925,30.7669],"timeVisible":5.41998,"tipPosition":[1.07937,189.77,29.9366],"tipVelocity":[8.48764,-16.9867,-2.17946],"tool":false,"touchDistance":0.284978,"touchZone":"hovering","type":0,"width":20.7127},{"bases":[[[0.88597,-0.462759,-0.0301934],[0.461553,0.873598,0.154255],[-0.0450058,-0.150601,0.98757]],[[0.881677,-0.470956,0.0290795],[0.22161,0.358893,-0.906689],[0.416575,0.805851,0.420796]],[[0.881677,-0.470956,0.0290795],[-0.358745,-0.709087,-0.60704],[0.306509,0.524781,-0.794139]],[[0.881677,-0.470956,0.0290795],[-0.471838,-0.879479,0.0623385],[-0.0037839,-0.0686833,-0.997631]]],"btipPosition":[5.51534,173.574,72.568],"carpPosition":[30.6794,214.868,119.42],"dipPosition":[5.44543,172.305,54.1349],"direction":[-0.306509,-0.524781,0.794139],"extended":false,"handId":753,"id":7532,"length":65.8828,"mcpPosition":[33.7577,225.168,51.8735],"pipPosition":[14.0153,186.977,31.9311],"stabilizedTipPosition":[5.6069,173.784,68.4028],"timeVisible":5.41998,"tipPosition":[4.97089,172.062,64.5922],"tipVelocity":[-3.76879,-13.9025,-4.17576],"tool":false,"touchDistance":0.333333,"touchZone":"none","type":2,"width":19.4313},{"bases":[[[0.832359,-0.544407,0.103923],[0.522003,0.833058,0.183106],[-0.186258,-0.0981622,0.977585]],[[0.819692,-0.549313,0.162356],[0.360458,0.274385,-0.891506],[0.445168,0.789283,0.422916]],[[0.819692,-0.549313,0.162356],[-0.363221,-0.717628,-0.594206],[0.442916,0.428095,-0.787756]],[[0.819692,-0.549313,0.162356],[-0.561564,-0.826526,0.0387287],[0.112917,-0.122919,-0.985972]]],"btipPosition":[19.484,172.167,79.3583],"carpPosition":[41.7409,210.214,118.4],"dipPosition":[21.5584,169.908,61.2454],"direction":[-0.442916,-0.428095,0.787756],"extended":false,"handId":753,"id":7533,"length":63.3481,"mcpPosition":[53.1787,216.242,58.3677],"pipPosition":[33.6223,181.569,39.7889],"stabilizedTipPosition":[20.0662,172.23,75.3038],"timeVisible":5.41998,"tipPosition":[20.4315,170.036,72.0329],"tipVelocity":[-3.42504,-15.4648,-5.00041],"tool":false,"touchDistance":0.333333,"touchZone":"none","type":3,"width":18.4901},{"bases":[[[0.707439,-0.682221,0.184677],[0.62659,0.726274,0.282684],[-0.326979,-0.0842652,0.941267]],[[0.704112,-0.683034,0.194142],[0.476001,0.251129,-0.842827],[0.526925,0.685856,0.501948]],[[0.704112,-0.683034,0.194142],[-0.400439,-0.607723,-0.6858],[0.586409,0.405138,-0.701418]],[[0.704112,-0.683034,0.194142],[-0.679001,-0.727644,-0.0974202],[0.207807,-0.0632277,-0.976124]]],"btipPosition":[35.6149,173.306,77.7027],"carpPosition":[50.146,199.08,118.628],"dipPosition":[39.1368,172.234,61.1596],"direction":[-0.586409,-0.405138,0.701419],"extended":false,"handId":753,"id":7534,"length":49.6637,"mcpPosition":[68.7332,203.87,65.1216],"pipPosition":[50.4139,180.025,47.6707],"stabilizedTipPosition":[36.4546,173.745,74.0321],"timeVisible":5.41998,"tipPosition":[36.9817,171.522,71.0095],"tipVelocity":[0.0234263,-21.67,-5.82637],"tool":false,"touchDistance":0.333333,"touchZone":"none","type":4,"width":16.4243}],"r":[[0.975521,0.0614366,0.211149],[-0.0177954,0.979087,-0.20266