{"frames":102,"data":[{"currentFrameRate":106.03,"devices":[],"gestures":[],"hands":[{"armBasis":[[0.497122,-0.723466,-0.479026],[0.689637,-0.00559156,0.724134],[-0.526565,-0.690337,0.496149]],"armWidth":59.9533,"confidence":1,"direction":[0.501373,0.25859,-0.825686],"elbow":[-7.67858,-61.969,249.972],"grabAngle":0.572677,"grabStrength":0,"id":765,"palmNormal":[-0.84438,-0.0620107,-0.532145],"palmPosition":[152.648,137.038,72.7115],"palmVelocity":[9.14829,-31.4008,-2.00457],"palmWidth":83.0304,"pinchDistance":62.243,"pinchStrength":0,"r":[[0.00840683,0.434783,0.900496],[0.00102539,0.900523,-0.434806],[-0.999964,0.00457871,0.00712473]],"s":1.28515,"sphereCenter":[63.881,126.232,-0.0318424],"sphereRadius":117.357,"stabilizedPalmPosition":[152.647,137.041,72.7117],"t":[233.023,-91.9685,-149.275],"timeVisible":5.40525,"type":"right","wrist":[122.057,108.117,127.73]}],"id":1349486,"interactionBox":{"center":[0,200,0],"size":[235.247,235.247,147.751]},"pointables":[{"bases":[[[0.929046,-0.281986,0.239494],[0.0299983,0.702631,0.710922],[-0.368746,-0.653295,0.661235]],[[0.964995,-0.205755,0.162636],[-0.0176285,0.567821,0.822963],[-0.261676,-0.797022,0.544317]],[[0.964995,-0.205755,0.162636],[0.0896506,0.841536,0.53271],[-0.246471,-0.499482,0.830524]],[[0.964995,-0.205755,0.162636],[0.109353,0.879289,0.463565],[-0.238384,-0.429553,0.871009]]],"btipPosition":[141.971,201.558,48.8805],"carpPosition":[117.785,141.494,116.399],"dipPosition":[137.077,192.739,66.7631],"direction":[0.246471,0.499482,-0.830524],"extended":true,"handId":765,"id":7650,"length":45.7193,"mcpPosition":[117.785,141.494,116.399],"pipPosition":[129.705,177.799,91.6044],"stabilizedTipPosition":[140.846,199.541,52.9936],"timeVisible":5.40525,"tipPosition":[139.001,197.111,51.149],"tipVelocity":[-2.95594,-45.7565,0.2984],"tool":false,"touchDistance":0.33035,"touchZone":"hovering","type":0,"width":19.3051},{"bases":[[[0.27031,-0.906892,-0.323234],[0.903653,0.123149,0.410177],[-0.33218,-0.402966,0.852804]],[[0.154177,-0.987094,-0.0433055],[0.904068,0.123256,0.409229],[-0.39861,-0.102245,0.911404]],[[0.154177,-0.987094,-0.0433055],[0.970462,0.143057,0.194261],[-0.185558,-0.071977,0.979994]],[[0.154177,-0.987094,-0.0433055],[0.981394,0.147916,0.122421],[-0.114436,-0.0613744,0.991533]]],"btipPosition":[182.11,171.383,-10.7897],"carpPosition":[139.136,138.03,116.453],"dipPosition":[180.395,170.463,4.07182],"direction":[0.185558,0.071977,-0.979994],"extended":true,"handId":765,"id":7651,"length":51.5891,"mcpPosition":[161.437,165.083,59.201],"pipPosition":[176.46,168.937,24.8512],"stabilizedTipPosition":[181.697,171.178,-7.38142],"timeVisible":5.40525,"tipPosition":[186.564,175.397,-5.10375],"tipVelocity":[12.348,-4.67968,7.55692],"tool":false,"touchDistance":0.3334,"touchZone":"hovering","type":1,"width":18.4403},{"bases":[[[0.0649077,-0.960613,-0.270202],[0.92883,-0.0408214,0.368249],[-0.364775,-0.274874,0.889597]],[[-0.0163835,-0.997465,-0.0692476],[0.946645,-0.0377683,0.320058],[-0.321862,-0.0603092,0.944864]],[[-0.0163835,-0.997465,-0.0692476],[0.996738,-0.0217664,0.0777085],[-0.0790188,-0.0677486,0.994568]],[[-0.0163835,-0.997465,-0.0692476],[0.997294,-0.0113376,-0.0726426],[0.0716733,-0.0702503,0.994951]]],"btipPosition":[181.346,151.256,-24.7623],"carpPosition":[143.723,128.358,113.039],"dipPosition":[182.527,150.098,-8.36015],"direction":[0.0790188,0.0677486,-0.994568],"extended":true,"handId":765,"id":7652,"length":58.7816,"mcpPosition":[166.947,145.858,56.4029],"pipPosition":[180.556,148.408,16.4503],"stabilizedTipPosition":[181.614,150.99,-20.99],"timeVisible":5.40525,"tipPosition":[189.24,155.707,-18.788],"tipVelocity":[17.2986,-3.29759,1.20675],"tool":false,"touchDistance":0.333343,"touchZone":"hovering","type":2,"width":18.1108},{"bases":[[[-0.0596845,-0.984764,-0.163332],[0.918993,-0.11809,0.376174],[-0.389731,-0.127649,0.912039]],[[-0.083149,-0.990682,-0.107866],[0.970713,-0.105,0.216081],[-0.225394,-0.0867402,0.970399]],[[-0.083149,-0.990682,-0.107866],[0.992801,-0.072987,-0.0949645],[0.0862068,-0.114986,0.989619]],[[-0.083149,-0.990682,-0.107866],[0.952454,-0.0471662,-0.30101],[0.293118,-0.127766,0.947501]]],"btipPosition":[169.696,133.399,-20.0858],"carpPosition":[145.484,117.814,109.661],"dipPosition":[174.5,131.305,-4.55573],"direction":[-0.0862068,0.114986,-0.989619],"extended":true,"handId":765,"id":7653,"length":56.5201,"mcpPosition":[167.761,125.111,57.5288],"pipPosition":[176.595,128.51,19.4937],"stabilizedTipPosition":[170.796,132.918,-16.5129],"timeVisible":5.40525,"tipPosition":[181.273,135.595,-15.2312],"tipVelocity":[16.6652,-3.80612,-3.32178],"tool":false,"touchDistance":0.333298,"touchZone":"hovering","type":3,"width":17.2336},{"bases":[[[-0.255409,-0.95978,-0.11657],[0.860456,-0.28063,0.42528],[-0.440888,0.00831669,0.897524]],[[-0.23792,-0.959368,-0.151683],[0.95185,-0.261383,0.160191],[-0.19333,-0.106267,0.975362]],[[-0.23792,-0.959368,-0.151683],[0.961556,-0.210598,-0.176234],[0.137129,-0.187781,0.972591]],[[-0.23792,-0.959368,-0.151683],[0.908511,-0.164581,-0.384086],[0.343515,-0.229187,0.910753]]],"btipPosition":[162.48,115.929,-2.44055],"carpPosition":[140.702,106.386,105.764],"dipPosition":[167.674,112.464,11.331],"direction":[-0.137129,0.187781,-0.972591],"extended":true,"handId":765,"id":7654,"length":44.3107,"mcpPosition":[164.03,105.946,58.2735],"pipPosition":[170.027,109.242,28.0187],"stabilizedTipPosition":[163.665,115.139,0.730844],"timeVisible":5.40525,"tipPosition":[174.314,115.685,1.84812],"tipVelocity":[17.7832,-11.7701,-6.84562],"tool":false,"touchDistance":0.334972,"touchZone":"hovering","type":4,"width":15.3082}],"r":[[0.00840683,0.434783,0.900496],[0.00102539,0.900523,-0.434806],[-0.999964,0.00457871,0.00712473]],"s":1.28515,"t":[233.023,-91.9685,-149.275],"timestamp":747225263212},{"currentFrameRate":107.583,"devices":[],"gestures":[],"hands":[{"armBasis":[[0.505818,-0.717033,-0.479596],[0.679613,-0.0111811,0.733486],[-0.531296,-0.69695,0.481649]],"armWidth":59.9533,"confidence":1,"direction":[0.501529,0.259954,-0.825162],"elbow":[-8.85826,-64.0539,246.263],"grabAngle":0.568342,"grabStrength":0,"id":765,"palmNormal":[-0.844401,-0.0605079,-0.532284],"palmPosition":[152.715,136.754,72.7415],"palmVelocity":[10.4653,-43.9799,4.66047],"palmWidth":83.0304,"pinchDistance":62.1523,"pinchStrength":0,"r":[[0.00760743,0.433305,0.901215],[0.00210828,0.901232,-0.433331],[-0.999969,0.00519656,0.00594254]],"s":1.28392,"sphereCenter":[63.5979,125.652,-0.359889],"sphereRadius":117.901,"stabilizedPalmPosition":[152.711,136.774,72.7395],"t":[233.11,-92.2942,-149.282],"timeVisible":5.41171,"type":"right","wrist":[122.043,107.661,127.594]}],"id":1349487,"interactionBox":{"center":[0,200,0],"size":[235.247,235.247,147.751]},"pointables":[{"bases":[[[0.92889,-0.282954,0.238956],[0.0303576,0.701208,0.71231],[-0.369109,-0.654404,0.659935]],[[0.965081,-0.206066,0.161724],[-0.0167274,0.567645,0.823104],[-0.261415,-0.797067,0.544376]],[[0.965081,-0.206066,0.161724],[0.090855,0.842379,0.531172],[-0.245689,-0.497931,0.831686]],[[0.965081,-0.206066,0.161724],[0.111514,0.881841,0.458171],[-0.237028,-0.424138,0.874028]]],"btipPosition":[141.977,201.051,48.8191],"carpPosition":[117.854,141.142,116.437],"dipPosition":[137.11,192.343,66.7636],"direction":[0.245689,0.497931,-0.831686],"extended":true,"handId":765,"id":7650,"length":45.7193,"mcpPosition":[117.854,141.142,116.437],"pipPosition":[129.762,177.449,91.6398],"stabilizedTipPosition":[140.856,199.101,52.9514],"timeVisible":5.41171,"tipPosition":[139.139,196.923,51.3326],"tipVelocity":[1.8954,-74.6094,-7.30342],"tool":false,"touchDistance":0.329564,"touchZone":"hovering","type":0,"width":19.3051},{"bases":[[[0.269833,-0.906395,-0.32502],[0.90371,0.121856,0.410439],[-0.332415,-0.404473,0.851999]],[[0.153795,-0.987051,-0.0455809],[0.903293,0.121747,0.411388],[-0.400512,-0.104442,0.91032]],[[0.153795,-0.987051,-0.0455809],[0.969678,0.1419,0.198969],[-0.189924,-0.0747992,0.978945]],[[0.153795,-0.987051,-0.0455809],[0.98092,0.146962,0.127275],[-0.118928,-0.0642854,0.99082]]],"btipPosition":[182.424,171.307,-10.6302],"carpPosition":[139.204,137.667,116.485],"dipPosition":[180.642,170.343,4.22061],"direction":[0.189924,0.0747992,-0.978945],"extended":true,"handId":765,"id":7651,"length":51.5891,"mcpPosition":[161.52,164.821,59.2867],"pipPosition":[176.615,168.757,24.9777],"stabilizedTipPosition":[181.916,171.114,-7.26611],"timeVisible":5.41171,"tipPosition":[186.586,175.187,-5.0298],"tipVelocity":[46.3155,-13.2699,24.3296],"tool":false,"touchDistance":0.333454,"touchZone":"hovering","type":1,"width":18.4403},{"bases":[[[0.0644008,-0.960112,-0.272099],[0.9288,-0.0420451,0.368188],[-0.364942,-0.276437,0.889044]],[[-0.0164589,-0.997243,-0.0723602],[0.945943,-0.0389753,0.321982],[-0.323914,-0.0631492,0.943977]],[[-0.0164589,-0.997243,-0.0723602],[0.996371,-0.0224026,0.082112],[-0.0835066,-0.0707462,0.993993]],[[-0.0164589,-0.997243,-0.0723602],[0.997611,-0.0115231,-0.0681067],[0.0670851,-0.0733084,0.99505]]],"btipPosition":[181.693,151.242,-24.6642],"carpPosition":[143.785,127.999,113.052],"dipPosition":[182.799,150.034,-8.26043],"direction":[0.0835066,0.0707462,-0.993993],"extended":true,"handId":765,"id":7652,"length":58.7816,"mcpPosition":[167.019,145.599,56.4507],"pipPosition":[180.716,148.269,16.5356],"stabilizedTipPosition":[181.907,150.967,-20.9032],"timeVisible":5.41171,"tipPosition":[189.189,155.503,-18.7583],"tipVelocity":[51.0658,-3.96374,15.2553],"tool":false,"touchDistance":0.333408,"touchZone":"hovering","type":2,"width":18.1108},{"bases":[[[-0.0602067,-0.984407,-0.165279],[0.918921,-0.119324,0.37596],[-0.389819,-0.129243,0.911777]],[[-0.0829967,-0.990299,-0.111446],[0.970092,-0.105884,0.218426],[-0.228107,-0.0899839,0.969469]],[[-0.0829967,-0.990299,-0.111446],[0.993201,-0.0730386,-0.0906488],[0.0816295,-0.118211,0.989628]],[[-0.0829967,-0.990299,-0.111446],[0.954153,-0.0466952,-0.295654],[0.287582,-0.130875,0.948772]]],"btipPosition":[170.066,133.394,-20.0636],"carpPosition":[145.54,117.461,109.653],"dipPosition":[174.779,131.248,-4.51262],"direction":[-0.0816295,0.118211,-0.989628],"extended":true,"handId":765,"id":7653,"length":56.5201,"mcpPosition":[167.822,124.849,57.5356],"pipPosition":[176.763,128.376,19.537],"stabilizedTipPosition":[171.109,132.902,-16.4898],"timeVisible":5.41171,"tipPosition":[181.144,135.42,-15.2282],"tipVelocity":[54.0708,-2.65437,4.19289],"tool":false,"touchDistance":0.333352,"touchZone":"hovering","type":3,"width":17.2336},{"bases":[[[-0.255919,-0.959411,-0.118472],[0.860296,-0.281929,0.424742],[-0.440904,0.00677826,0.897529]],[[-0.237454,-0.95887,-0.155513],[0.951225,-0.26198,0.162901],[-0.196942,-0.109246,0.97431]],[[-0.237454,-0.95887,-0.155513],[0.962162,-0.210137,-0.173457],[0.133643,-0.190816,0.972486]],[[-0.237454,-0.95887,-0.155513],[0.909721,-0.163373,-0.381728],[0.340621,-0.232116,0.911098]]],"btipPosition":[162.747,115.857,-2.44242],"carpPosition":[140.752,106.043,105.733],"dipPosition":[167.897,112.347,11.3343],"direction":[-0.133643,0.190816,-0.972486],"extended":true,"handId":765,"id":7654,"length":44.3107,"mcpPosition":[164.082,105.684,58.2424],"pipPosition":[170.191,109.073,28.0203],"stabilizedTipPosition":[163.888,115.064,0.726981],"timeVisible":5.41171,"tipPosition":[174.228,115.523,1.82133],"tipVelocity":[39.7914,-12.8191,-0.103618],"tool":false,"touchDistance":0.334798,"touchZone":"hovering","type":4,"width":15.3082}],"r":[[0.00760743,0.433305,0.901215],[0.00210828,0.901232,-0.433331],[-0.999969,0.00519656,0.00594254]],"s":1.28392,"t":[233.11,-92.2942,-149.282],"timestamp":747225269666},{"currentFrameRate":108.159,"devices":[],"gestures":[],"hands":[{"armBasis":[[0.516444,-0.708447,-0.481028],[0.668169,-0.0179458,0.743793],[-0.535571,-0.705535,0.464095]],"armWidth":59.9533,"confidence":1,"direction":[0.501891,0.260857,-0.824657],"elbow":[-9.93131,-66.583,241.702],"grabAngle":0.566248,"grabStrength":0,"id":765,"palmNormal":[-0.844508,-0.0581736,-0.532374],"palmPosition":[152.798,136.517,72.6945],"palmVelocity":[10.0963,-28.9821,-5.73948],"palmWidth":83.0304,"pinchDistance":62.0763,"pinchStrength":0,"r":[[0.00710242,0.431758,0.901962],[0.0032408,0.90197,-0.431787],[-0.99997,0.00598981,0.00500692]],"s":1.28257,"sphereCenter":[63.6102,125.245,-0.615168],"sphereRadius":118.118,"stabilizedPalmPosition":[152.795,136.527,72.6963],"t":[233.195,-92.576,-149.309],"timeVisible":5.41991,"type":"right","wrist":[122.023,107.248,127.357]}],"id":1349488,"interactionBox":{"center":[0,200,0],"size":[235.247,235.247,147.751]},"pointables":[{"bases":[[[0.928473,-0.284826,0.238354],[0.0314325,0.699731,0.713715],[-0.370068,-0.655173,0.658634]],[[0.964973,-0.207322,0.160761],[-0.0152917,0.567289,0.823377],[-0.261902,-0.796995,0.544248]],[[0.964973,-0.207322,0.160761],[0.092858,0.843023,0.529801],[-0.245365,-0.496316,0.832747]],[[0.964973,-0.207322,0.160761],[0.114542,0.884232,0.452785],[-0.236023,-0.418512,0.877007]]],"btipPosition":[142.06,200.61,48.6949],"carpPosition":[117.945,140.869,116.4],"dipPosition":[137.214,192.018,66.7007],"direction":[0.245365,0.496316,-0.832747],"extended":true,"handId":765,"id":7650,"length":45.7193,"mcpPosition":[117.945,140.869,116.4],"pipPosition":[129.875,177.173,91.6085],"stabilizedTipPosition":[140.939,198.667,52.8445],"timeVisible":5.41991,"tipPosition":[139.344,196.787,51.4359],"tipVelocity":[10.6609,-50.4379,-13.4187],"tool":false,"touchDistance":0.32773,"touchZone":"hovering","type":0,"width":19.3051},{"bases":[[[0.268463,-0.906145,-0.326848],[0.903905,0.119677,0.41065],[-0.332992,-0.405683,0.851197]],[[0.152331,-0.987182,-0.0476063],[0.902759,0.119375,0.413251],[-0.402271,-0.105928,0.909372]],[[0.152331,-0.987182,-0.0476063],[0.969243,0.139795,0.202546],[-0.193295,-0.0769961,0.978115]],[[0.152331,-0.987182,-0.0476063],[0.980733,0.145024,0.130885],[-0.122303,-0.0666268,0.990254]]],"btipPosition":[182.737,171.221,-10.5594],"carpPosition":[139.289,137.362,116.44],"dipPosition":[180.904,170.222,4.2829],"direction":[0.193295,0.0769961,-0.978115],"extended":true,"handId":765,"id":7651,"length":51.5891,"mcpPosition":[161.644,164.597,59.2957],"pipPosition":[176.805,168.589,25.0224],"stabilizedTipPosition":[182.229,171.018,-7.17174],"timeVisible":5.41991,"tipPosition":[186.672,175.007,-5.02597],"tipVelocity":[36.7175,-11.5103,8.39065],"tool":false,"touchDistance":0.33339,"touchZone":"hovering","type":1,"width":18.4403},{"bases":[[[0.0629523,-0.959659,-0.274028],[0.928748,-0.0441763,0.368069],[-0.365326,-0.277674,0.888501]],[[-0.0176681,-0.997021,-0.0750823],[0.945372,-0.0411064,0.323392],[-0.325515,-0.0652669,0.943282]],[[-0.0176681,-0.997021,-0.0750823],[0.996107,-0.0240384,0.0848065],[-0.0863587,-0.0732916,0.993565]],[[-0.0176681,-0.997021,-0.0750823],[0.997741,-0.0127136,-0.0659601],[0.064809,-0.0760781,0.994993]]],"btipPosition":[181.965,151.214,-24.653],"carpPosition":[143.856,127.694,112.987],"dipPosition":[183.033,149.96,-8.25017],"direction":[0.0863587,0.0732916,-0.993565],"extended":true,"handId":765,"id":7652,"length":58.7816,"mcpPosition":[167.115,145.372,56.4209],"pipPosition":[180.879,148.132,16.5352],"stabilizedTipPosition":[182.192,150.928,-20.8817],"timeVisible":5.41991,"tipPosition":[189.216,155.343,-18.7931],"tipVelocity":[32.0962,-4.66802,1.33934],"tool":false,"touchDistance":0.333345,"touchZone":"hovering","type":2,"width":18.1108},{"bases":[[[-0.0616879,-0.983982,-0.167252],[0.918754,-0.121456,0.375686],[-0.389982,-0.130488,0.91153]],[[-0.0839686,-0.98985,-0.114661],[0.969505,-0.10774,0.220117],[-0.230236,-0.0926816,0.968711]],[[-0.0839686,-0.98985,-0.114661],[0.993345,-0.0740456,-0.0882226],[0.0788369,-0.121306,0.989479]],[[-0.0839686,-0.98985,-0.114661],[0.954782,-0.0469875,-0.293571],[0.285203,-0.134127,0.949036]]],"btipPosition":[170.32,133.398,-20.1061],"carpPosition":[145.595,117.16,109.568],"dipPosition":[174.995,131.2,-4.55081],"direction":[-0.0788369,0.121306,-0.989479],"extended":true,"handId":765,"id":7653,"length":56.5201,"mcpPosition":[167.887,124.619,57.4642],"pipPosition":[176.911,128.252,19.4952],"stabilizedTipPosition":[171.377,132.893,-16.5258],"timeVisible":5.41991,"tipPosition":[181.099,135.286,-15.2943],"tipVelocity":[29.966,-0.953029,-5.06196],"tool":false,"touchDistance":0.3333,"touchZone":"hovering","type":3,"width":17.2336},{"bases":[[[-0.257361,-0.958787,-0.120388],[0.859887,-0.28407,0.424145],[-0.440863,0.00563785,0.897557]],[[-0.238085,-0.958136,-0.159031],[0.950448,-0.263545,0.164902],[-0.19991,-0.11189,0.973405]],[[-0.238085,-0.958136,-0.159031],[0.962337,-0.210594,-0.171921],[0.131233,-0.193973,0.972189]],[[-0.238085,-0.958136,-0.159031],[0.909977,-0.162821,-0.381355],[0.339496,-0.235509,0.910647]]],"btipPosition":[162.933,115.819,-2.51226],"carpPosition":[140.79,105.757,105.625],"dipPosition":[168.067,112.258,11.2577],"direction":[-0.131233,0.193973,-0.972189],"extended":true,"handId":765,"id":7654,"length":44.3107,"mcpPosition":[164.117,105.459,58.1325],"pipPosition":[170.318,108.929,27.9385],"stabilizedTipPosition":[164.086,115.008,0.663803],"timeVisible":5.41991,"tipPosition":[174.177,115.392,1.72047],"tipVelocity":[22.2208,-6.08187,-8.70634],"tool":false,"touchDistance":0.333581,"touchZone":"hovering","type":4,"width":15.3082}],"r":[[0.00710242,0.431758,0.901962],[0.0032408,0.90197,-0.431787],[-0.99997,0.00598981,0.00500692]],"s":1.28257,"t":[233.195,-92.576,-149.309],"timestamp":747225277868},{"currentFrameRate":108.494,"devices":[],"gestures":[],"hands":[{"armBasis":[[0.52583,-0.699938,-0.483311],[0.658873,-0.0241873,0.751865],[-0.537949,-0.713794,0.448452]],"armWidth":59.9533,"confidence":1,"direction":[0.501405,0.26116,-0.824857],"elbow":[-10.5116,-68.9984,237.68],"grabAngle":0.563651,"grabStrength":0,"id":765,"palmNormal":[-0.845271,-0.0556474,-0.531433],"palmPosition":[152.839,136.275,72.6581],"palmVelocity":[4.76329,-27.9989,-4.21772],"palmWidth":83.0304,"pinchDistance":62.0052,"pinchStrength":0,"r":[[0.00708899,0.430232,0.902691],[0.00440099,0.902691,-0.430266],[-0.999965,0.00702289,0.00450572]],"s":1.28112,"sphereCenter":[63.5655,124.792,-0.751253],"sphereRadius":118.29,"stabilizedPalmPosition":[152.838,136.285,72.6595],"t":[233.258,-92.8374,-149.341],"timeVisible":5.42852,"type":"right","wrist":[122.029,106.867,127.19]}],"id":1349489,"interactionBox":{"center":[0,200,0],"size":[235.247,235.247,147.751]},"pointables":[{"bases":[[[0.928192,-0.287053,0.23677],[0.0336986,0.698537,0.71478],[-0.370572,-0.655474,0.65805]],[[0.96494,-0.209008,0.158766],[-0.012602,0.5673,0.823415],[-0.262169,-0.796547,0.544776]],[[0.96494,-0.209008,0.158766],[0.0959804,0.84398,0.527717],[-0.244293,-0.493976,0.834451]],[[0.96494,-0.209008,0.158766],[0.118552,0.886735,0.446818],[-0.234172,-0.41233,0.880424]]],"btipPosition":[142.105,200.152,48.5628],"carpPosition":[118.048,140.628,116.413],"dipPosition":[137.297,191.687,66.6387],"direction":[0.244293,0.493976,-0.834451],"extended":true,"handId":765,"id":7650,"length":45.7193,"mcpPosition":[118.048,140.628,116.413],"pipPosition":[129.99,176.912,91.5975],"stabilizedTipPosition":[140.994,198.24,52.7295],"timeVisible":5.42852,"tipPosition":[139.512,196.639,51.5366],"tipVelocity":[6.25809,-49.7981,-13.4693],"tool":false,"touchDistance":0.325796,"touchZone":"hovering","type":0,"width":19.3051},{"bases":[[[0.266255,-0.90616,-0.328606],[0.904642,0.117225,0.409734],[-0.332764,-0.406364,0.850962]],[[0.150184,-0.987439,-0.0490812],[0.902565,0.116675,0.414443],[-0.403511,-0.106542,0.908751]],[[0.150184,-0.987439,-0.0490812],[0.968996,0.137164,0.205507],[-0.196194,-0.0784233,0.977424]],[[0.150184,-0.987439,-0.0490812],[0.980692,0.1425,0.133931],[-0.125255,-0.0682478,0.989774]]],"btipPosition":[182.97,171.061,-10.5169],"carpPosition":[139.385,137.079,116.421],"dipPosition":[181.093,170.038,4.3182],"direction":[0.196194,0.0784233,-0.977424],"extended":true,"handId":765,"id":7651,"length":51.5891,"mcpPosition":[161.725,164.359,59.2929],"pipPosition":[176.933,168.375,25.0431],"stabilizedTipPosition":[182.481,170.861,-7.1173],"timeVisible":5.42852,"tipPosition":[186.635,174.763,-5.07234],"tipVelocity":[25.8903,-19.2253,4.74127],"tool":false,"touchDistance":0.333367,"touchZone":"hovering","type":1,"width":18.4403},{"bases":[[[0.0607028,-0.959348,-0.275619],[0.929106,-0.0466102,0.366864],[-0.364797,-0.278349,0.888507]],[[-0.0195202,-0.996824,-0.0772106],[0.94502,-0.0436089,0.324092],[-0.32643,-0.0666392,0.942869]],[[-0.0195202,-0.996824,-0.0772106],[0.995869,-0.0262346,0.0869271],[-0.0886766,-0.0751948,0.993218]],[[-0.0195202,-0.996824,-0.0772106],[0.997838,-0.0145758,-0.0640918],[0.0627628,-0.0782947,0.994953]]],"btipPosition":[182.134,151.112,-24.666],"carpPosition":[143.929,127.407,112.948],"dipPosition":[183.169,149.822,-8.2639],"direction":[0.0886766,0.0751948,-0.993218],"extended":true,"handId":765,"id":7652,"length":58.7816,"mcpPosition":[167.154,145.128,56.3811],"pipPosition":[180.956,147.946,16.5128],"stabilizedTipPosition":[182.363,150.821,-20.893],"timeVisible":5.42852,"tipPosition":[189.088,155.113,-18.8727],"tipVelocity":[18.7278,-12.8121,-1.53418],"tool":false,"touchDistance":0.333323,"touchZone":"hovering","type":2,"width":18.1108},{"bases":[[[-0.0638555,-0.983592,-0.16873],[0.918967,-0.123882,0.374371],[-0.389131,-0.131152,0.911798]],[[-0.085544,-0.989392,-0.117411],[0.96907,-0.110003,0.220914],[-0.231486,-0.0948819,0.9682]],[[-0.085544,-0.989392,-0.117411],[0.993373,-0.0756161,-0.0865596],[0.0767632,-0.124038,0.989304]],[[-0.085544,-0.989392,-0.117411],[0.955197,-0.047928,-0.292065],[0.28334,-0.137135,0.949164]]],"btipPosition":[170.449,133.353,-20.1574],"carpPosition":[145.643,116.875,109.509],"dipPosition":[175.093,131.105,-4.60003],"direction":[-0.0767632,0.124038,-0.989304],"extended":true,"handId":765,"id":7653,"length":56.5201,"mcpPosition":[167.885,124.372,57.3906],"pipPosition":[176.959,128.091,19.4417],"stabilizedTipPosition":[171.505,132.841,-16.5746],"timeVisible":5.42852,"tipPosition":[180.898,135.095,-15.3839],"tipVelocity":[14.1148,-6.56085,-5.90268],"tool":false,"touchDistance":0.333289,"touchZone":"hovering","type":3,"width":17.2336},{"bases":[[[-0.25942,-0.95808,-0.121588],[0.859834,-0.286455,0.422645],[-0.439757,0.00509731,0.898102]],[[-0.239203,-0.957325,-0.162206],[0.94975,-0.265421,0.165909],[-0.201882,-0.11437,0.972709]],[[-0.239203,-0.957325,-0.162206],[0.962251,-0.211386,-0.171435],[0.12983,-0.197091,0.971751]],[[-0.239203,-0.957325,-0.162206],[0.909725,-0.162574,-0.38206],[0.339385,-0.238953,0.909791]]],"btipPosition":[162.981,115.761,-2.56938],"carpPosition":[140.81,105.488,105.554],"dipPosition":[168.113,112.147,11.1876],"direction":[-0.12983,0.197091,-0.971751],"extended":true,"handId":765,"id":7654,"length":44.3107,"mcpPosition":[164.079,105.218,58.0334],"pipPosition":[170.341,108.766,27.8609],"stabilizedTipPosition":[164.147,114.944,0.607868],"timeVisible":5.42852,"tipPosition":[173.985,115.217,1.61389],"tipVelocity":[5.55078,-8.13589,-6.97832],"tool":false,"touchDistance":0.332579,"touchZone":"hovering","type":4,"width":15.3082}],"r":[[0.00708899,0.430232,0.902691],[0.00440099,0.902691,-0.430266],[-0.999965,0.00702289,0.00450572]],"s":1.28112,"t":[233.258,-92.8374,-149.341],"timestamp":747225286481},{"currentFrameRate":108.767,"devices":[],"gestures":[],"hands":[{"armBasis":[[0.533114,-0.692298,-0.486327],[0.652598,-0.0293318,0.757136],[-0.538429,-0.721015,0.436155]],"armWidth":59.9533,"confidence":1,"direction":[0.500928,0.261511,-0.825035],"elbow":[-10.6036,-71.1263,234.504],"grabAngle":0.560809,"grabStrength":0,"id":765,"palmNormal":[-0.846024,-0.053078,-0.530496],"palmPosition":[152.877,136.055,72.6155],"palmVelocity":[4.38014,-25.3515,-4.8947],"palmWidth":83.0304,"pinchDistance":61.9382,"pinchStrength":0,"r":[[0.00746821,0.428709,0.903412],[0.00558711,0.903405,-0.428752],[-0.999957,0.00824947,0.00435157]],"s":1.27958,"sphereCenter":[63.4935,124.356,-0.90604],"sphereRadius":118.488,"stabilizedPalmPosition":[152.876,136.064,72.6173],"t":[233.309,-93.0784,-149.378],"timeVisible":5.43722,"type":"right","wrist":[122.055,106.518,127.044]}],"id":1349490,"interactionBox":{"center":[0,200,0],"size":[235.247,235.247,147.751]},"pointables":[{"bases":[[[0.927901,-0.289303,0.235169],[0.0359668,0.697291,0.715886],[-0.371089,-0.655812,0.657422]],[[0.964916,-0.210663,0.156713],[-0.00989184,0.567273,0.82347],[-0.262374,-0.79613,0.545287]],[[0.964916,-0.210663,0.156713],[0.0991158,0.844958,0.525568],[-0.243133,-0.491596,0.836194]],[[0.964916,-0.210663,0.156713],[0.122596,0.889296,0.440593],[-0.232181,-0.405923,0.883922]]],"btipPosition":[142.139,199.708,48.4223],"carpPosition":[118.148,140.405,116.419],"dipPosition":[137.372,191.374,66.5701],"direction":[0.243133,0.491596,-0.836194],"extended":true,"handId":765,"id":7650,"length":45.7193,"mcpPosition":[118.148,140.405,116.419],"pipPosition":[130.099,176.67,91.581],"stabilizedTipPosition":[141.038,197.83,52.608],"timeVisible":5.43722,"tipPosition":[139.675,196.508,51.6308],"tipVelocity":[4.96028,-47.619,-14.2409],"tool":false,"touchDistance":0.323731,"touchZone":"hovering","type":0,"width":19.3051},{"bases":[[[0.264038,-0.90615,-0.330418],[0.905371,0.114736,0.408826],[-0.332547,-0.407097,0.850697]],[[0.147978,-0.9877,-0.0505096],[0.902317,0.113925,0.415747],[-0.404879,-0.107097,0.908077]],[[0.147978,-0.9877,-0.0505096],[0.968775,0.13449,0.208298],[-0.198943,-0.0797558,0.97676]],[[0.147978,-0.9877,-0.0505096],[0.980718,0.139957,0.136395],[-0.127648,-0.0697191,0.989366]]],"btipPosition":[183.194,170.915,-10.4786],"carpPosition":[139.478,136.813,116.396],"dipPosition":[181.281,169.87,4.35046],"direction":[0.198943,0.0797558,-0.97676],"extended":true,"handId":765,"id":7651,"length":51.5891,"mcpPosition":[161.803,164.143,59.2857],"pipPosition":[177.063,168.179,25.0613],"stabilizedTipPosition":[182.708,170.707,-7.07626],"timeVisible":5.43722,"tipPosition":[186.601,174.548,-5.12026],"tipVelocity":[24.7857,-17.2795,4.24782],"tool":false,"touchDistance":0.333363,"touchZone":"hovering","type":1,"width":18.4403},{"bases":[[[0.0584434,-0.959013,-0.277269],[0.929455,-0.0490765,0.365657],[-0.364277,-0.27908,0.888491]],[[-0.0213961,-0.996615,-0.079374],[0.944639,-0.0461524,0.324849],[-0.327413,-0.0680293,0.942429]],[[-0.0213961,-0.996615,-0.079374],[0.995637,-0.0284527,0.0888651],[-0.0908227,-0.0771264,0.992876]],[[-0.0213961,-0.996615,-0.079374],[0.997909,-0.0164452,-0.0625118],[0.0609949,-0.0805455,0.994883]]],"btipPosition":[182.294,151.034,-24.6832],"carpPosition":[143.998,127.138,112.901],"dipPosition":[183.3,149.706,-8.28216],"direction":[0.0908227,0.0771264,-0.992876],"extended":true,"handId":765,"id":7652,"length":58.7816,"mcpPosition":[167.19,144.905,56.3357],"pipPosition":[181.034,147.782,16.4861],"stabilizedTipPosition":[182.518,150.733,-20.9101],"timeVisible":5.43722,"tipPosition":[188.964,154.912,-18.9551],"tipVelocity":[17.6573,-10.0006,-1.99675],"tool":false,"touchDistance":0.333318,"touchZone":"hovering","type":2,"width":18.1108},{"bases":[[[-0.0660337,-0.983183,-0.170269],[0.919169,-0.12634,0.37305],[-0.388288,-0.131872,0.912054]],[[-0.0871678,-0.988923,-0.12014],[0.968607,-0.11232,0.221777],[-0.232815,-0.0970366,0.967668]],[[-0.0871678,-0.988923,-0.12014],[0.993405,-0.0772714,-0.0847132],[0.0744915,-0.126732,0.989136]],[[-0.0871678,-0.988923,-0.12014],[0.955825,-0.0490419,-0.289816],[0.280714,-0.140096,0.949512]]],"btipPosition":[170.595,133.326,-20.2186],"carpPosition":[145.686,116.608,109.444],"dipPosition":[175.196,131.029,-4.65551],"direction":[-0.0744915,0.126732,-0.989136],"extended":true,"handId":765,"id":7653,"length":56.5201,"mcpPosition":[167.881,124.146,57.3102],"pipPosition":[177.006,127.95,19.3822],"stabilizedTipPosition":[171.636,132.803,-16.6315],"timeVisible":5.43722,"tipPosition":[180.691,134.931,-15.4798],"tipVelocity":[15.6402,-4.40577,-6.87888],"tool":false,"touchDistance":0.333281,"touchZone":"hovering","type":3,"width":17.2336},{"bases":[[[-0.26149,-0.957357,-0.122847],[0.859769,-0.288873,0.421128],[-0.438657,0.00450058,0.898643]],[[-0.240394,-0.956493,-0.165323],[0.949033,-0.267365,0.166892],[-0.203832,-0.116777,0.972016]],[[-0.240394,-0.956493,-0.165323],[0.962175,-0.212316,-0.170708],[0.12818,-0.200107,0.971353]],[[-0.240394,-0.956493,-0.165323],[0.909818,-0.162672,-0.381797],[0.338292,-0.242195,0.90934]]],"btipPosition":[163.045,115.717,-2.64153],"carpPosition":[140.826,105.237,105.476],"dipPosition":[168.16,112.055,11.1086],"direction":[-0.12818,0.200107,-0.971353],"extended":true,"handId":765,"id":7654,"length":44.3107,"mcpPosition":[164.037,104.999,57.9261],"pipPosition":[170.359,108.621,27.7751],"stabilizedTipPosition":[164.2,114.894,0.545637],"timeVisible":5.43722,"tipPosition":[173.787,115.069,1.50018],"tipVelocity":[6.84441,-6.29812,-8.47007],"tool":false,"touchDistance":0.331351,"touchZone":"hovering","type":4,"width":15.3082}],"r":[[0.00746821,0.428709,0.903412],[0.00558711,0.903405,-0.428752],[-0.999957,0.00824947,0.00435157]],"s":1.27958,"t":[233.309,-93.0784,-149.378],"timestamp":747225295184},{"currentFrameRate":109.042,"devices":[],"gestures":[],"hands":[{"armBasis":[[0.539767,-0.685545,-0.488549],[0.647329,-0.0329964,0.761496],[-0.53816,-0.727282,0.425963]],"armWidth":59.9533,"confidence":1,"direction":[0.500537,0.263059,-0.824781],"elbow":[-10.4612,-73.0023,231.882],"grabAngle":0.55742,"grabStrength":0,"id":765,"palmNormal":[-0.846315,-0.0518734,-0.53015],"palmPosition":[152.946,135.899,72.6187],"palmVelocity":[7.94032,-17.919,0.362482],"palmWidth":83.0304,"pinchDistance":61.8565,"pinchStrength":0,"r":[[0.00788136,0.427131,0.904155],[0.00652346,0.904142,-0.427182],[-0.999948,0.00926499,0.0043395]],"s":1.27791,"sphereCenter":[63.4654,123.881,-1.07864],"sphereRadius":118.721,"stabilizedPalmPosition":[152.944,135.905,72.6186],"t":[233.369,-93.2767,-149.395],"timeVisible":5.4459,"type":"right","wrist":[122.131,106.186,126.933]}],"id":1349491,"interactionBox":{"center":[0,200,0],"size":[235.247,235.247,147.751]},"pointables":[{"bases":[[[0.927973,-0.289935,0.234101],[0.0364727,0.695862,0.717249],[-0.370858,-0.65705,0.656316]],[[0.965078,-0.210838,0.155476],[-0.00885192,0.566915,0.823729],[-0.261814,-0.796338,0.545251]],[[0.965078,-0.210838,0.155476],[0.100505,0.846081,0.523494],[-0.241917,-0.489586,0.837724]],[[0.965078,-0.210838,0.155476],[0.124984,0.892175,0.434055],[-0.230227,-0.399465,0.887369]]],"btipPosition":[142.13,199.288,48.3376],"carpPosition":[118.241,140.169,116.449],"dipPosition":[137.403,191.087,66.5561],"direction":[0.241917,0.489586,-0.837724],"extended":true,"handId":765,"id":7650,"length":45.7193,"mcpPosition":[118.241,140.169,116.449],"pipPosition":[130.167,176.443,91.6128],"stabilizedTipPosition":[141.042,197.439,52.5348],"timeVisible":5.4459,"tipPosition":[139.773,196.42,51.7783],"tipVelocity":[0.0238391,-44.8232,-7.89085],"tool":false,"touchDistance":0.322589,"touchZone":"hovering","type":0,"width":19.3051},{"bases":[[[0.263699,-0.90554,-0.332357],[0.905609,0.113762,0.408572],[-0.332168,-0.408725,0.850064]],[[0.147453,-0.987711,-0.0518156],[0.901737,0.112725,0.417329],[-0.40636,-0.108261,0.907277]],[[0.147453,-0.987711,-0.0518156],[0.968207,0.133442,0.211584],[-0.20207,-0.081367,0.975985]],[[0.147453,-0.987711,-0.0518156],[0.980381,0.139028,0.139731],[-0.13081,-0.0714028,0.988833]]],"btipPosition":[183.431,170.888,-10.3698],"carpPosition":[139.57,136.573,116.408],"dipPosition":[181.47,169.818,4.45122],"direction":[0.20207,0.081367,-0.975985],"extended":true,"handId":765,"id":7651,"length":51.5891,"mcpPosition":[161.87,164.012,59.3399],"pipPosition":[177.185,168.092,25.1456],"stabilizedTipPosition":[182.925,170.655,-6.98409],"timeVisible":5.4459,"tipPosition":[186.588,174.489,-5.08368],"tipVelocity":[25.9858,-3.8286,12.322],"tool":false,"touchDistance":0.333415,"touchZone":"hovering","type":1,"width":18.4403},{"bases":[[[0.0581234,-0.958471,-0.279204],[0.92964,-0.0499686,0.365065],[-0.363855,-0.280778,0.888129]],[[-0.0215139,-0.996433,-0.0816024],[0.944254,-0.0470715,0.325835],[-0.328514,-0.0700434,0.941898]],[[-0.0215139,-0.996433,-0.0816024],[0.995407,-0.0289646,0.0912495],[-0.0932875,-0.0792645,0.992479]],[[-0.0215139,-0.996433,-0.0816024],[0.998072,-0.0166522,-0.0597981],[0.058226,-0.0827315,0.994869]]],"btipPosition":[182.51,151.083,-24.6374],"carpPosition":[144.087,126.904,112.891],"dipPosition":[183.47,149.719,-8.23668],"direction":[0.0932875,0.0792645,-0.992479],"extended":true,"handId":765,"id":7652,"length":58.7816,"mcpPosition":[167.252,144.78,56.3488],"pipPosition":[181.142,147.741,16.5216],"stabilizedTipPosition":[182.719,150.767,-20.8677],"timeVisible":5.4459,"tipPosition":[188.911,154.881,-18.9572],"tipVelocity":[23.6282,4.66815,5.26182],"tool":false,"touchDistance":0.333367,"touchZone":"hovering","type":2,"width":18.1108},{"bases":[[[-0.0663011,-0.982831,-0.172185],[0.919345,-0.127244,0.37231],[-0.387827,-0.133613,0.911997]],[[-0.0869863,-0.988578,-0.123072],[0.968286,-0.112945,0.222856],[-0.234211,-0.0997832,0.967051]],[[-0.0869863,-0.988578,-0.123072],[0.993602,-0.0771606,-0.0824758],[0.0720375,-0.129458,0.988965]],[[-0.0869863,-0.988578,-0.123072],[0.956898,-0.0485514,-0.286338],[0.277092,-0.142674,0.950191]]],"btipPosition":[170.827,133.414,-20.2298],"carpPosition":[145.771,116.381,109.412],"dipPosition":[175.369,131.076,-4.65562],"direction":[-0.0720375,0.129458,-0.988965],"extended":true,"handId":765,"id":7653,"length":56.5201,"mcpPosition":[167.94,124.018,57.2818],"pipPosition":[177.12,127.929,19.3779],"stabilizedTipPosition":[171.847,132.868,-16.646],"timeVisible":5.4459,"tipPosition":[180.593,134.918,-15.5092],"tipVelocity":[25.2023,9.06977,-1.00166],"tool":false,"touchDistance":0.333323,"touchZone":"hovering","type":3,"width":17.2336},{"bases":[[[-0.261727,-0.957064,-0.124608],[0.859941,-0.289863,0.420096],[-0.438178,0.00279519,0.898884]],[[-0.239741,-0.956032,-0.1689],[0.948757,-0.267609,0.168064],[-0.205873,-0.119954,0.971199]],[[-0.239741,-0.956032,-0.1689],[0.962573,-0.211425,-0.169567],[0.126402,-0.203231,0.970938]],[[-0.239741,-0.956032,-0.1689],[0.910768,-0.161232,-0.380141],[0.336194,-0.244964,0.909377]]],"btipPosition":[163.226,115.783,-2.674],"carpPosition":[140.907,105.019,105.424],"dipPosition":[168.309,112.079,11.0767],"direction":[-0.126402,0.203231,-0.970937],"extended":true,"handId":765,"id":7654,"length":44.3107,"mcpPosition":[164.092,104.871,57.8617],"pipPosition":[170.478,108.592,27.7361],"stabilizedTipPosition":[164.343,114.921,0.503745],"timeVisible":5.4459,"tipPosition":[173.713,115.05,1.44034],"tipVelocity":[20.0247,6.46854,-3.7269],"tool":false,"touchDistance":0.330812,"touchZone":"hovering","type":4,"width":15.3082}],"r":[[0.00788136,0.427131,0.904155],[0.00652346,0.904142,-0.427182],[-0.999948,0.00926499,0.0043395]],"s":1.27791,"t":[233.369,-93.2767,-149.395],"timestamp":747225303861},{"currentFrameRate":109.304,"devices":[],"gestures":[],"hands":[{"armBasis":[[0.54424,-0.679613,-0.491863],[0.644194,-0.0370369,0.763965],[-0.537418,-0.732635,0.417645]],"armWidth":59.9533,"confidence":1,"direction":[0.500788,0.26434,-0.824218],"elbow":[-10.2442,-74.6453,229.668],"grabAngle":0.552314,"grabStrength":0,"id":765,"palmNormal":[-0.846491,-0.0492602,-0.53012],"palmPosition":[153.012,135.73,72.5736],"palmVelocity":[7.6243,-19.4904,-5.18921],"palmWidth":83.0304,"pinchDistance":61.7766,"pinchStrength":0,"r":[[0.00837449,0.425415,0.904959],[0.00753443,0.904939,-0.425475],[-0.999937,0.0103815,0.00437314]],"s":1.27615,"sphereCenter":[63.1244,123.565,-1.45519],"sphereRadius":119.27,"stabilizedPalmPosition":[153.009,135.739,72.5759],"t":[233.432,-93.4604,-149.426],"timeVisible":5.45458,"type":"right","wrist":[122.165,105.862,126.769]}],"id":1349492,"interactionBox":{"center":[0,200,0],"size":[235.247,235.247,147.751]},"pointables":[{"bases":[[[0.927571,-0.291936,0.233207],[0.0376695,0.694021,0.718969],[-0.371744,-0.65811,0.654751]],[[0.964901,-0.212385,0.154461],[-0.00731571,0.566202,0.824234],[-0.262511,-0.796435,0.544775]],[[0.964901,-0.212385,0.154461],[0.10282,0.846743,0.521972],[-0.241647,-0.48777,0.83886]],[[0.964901,-0.212385,0.154461],[0.128347,0.894522,0.428203],[-0.229112,-0.393349,0.890384]]],"btipPosition":[142.211,198.888,48.2353],"carpPosition":[118.322,139.944,116.421],"dipPosition":[137.507,190.812,66.5157],"direction":[0.241647,0.48777,-0.83886],"extended":true,"handId":765,"id":7650,"length":45.7193,"mcpPosition":[118.322,139.944,116.421],"pipPosition":[130.279,176.222,91.6064],"stabilizedTipPosition":[141.121,197.068,52.4485],"timeVisible":5.45458,"tipPosition":[139.955,196.338,51.8985],"tipVelocity":[10.0003,-42.8035,-10.1478],"tool":false,"touchDistance":0.321121,"touchZone":"hovering","type":0,"width":19.3051},{"bases":[[[0.262251,-0.905114,-0.334654],[0.905857,0.11136,0.408684],[-0.332639,-0.410326,0.849108]],[[0.145549,-0.987908,-0.053423],[0.901267,0.110124,0.419035],[-0.408085,-0.109139,0.906397]],[[0.145549,-0.987908,-0.053423],[0.967725,0.130932,0.215327],[-0.205728,-0.0830393,0.97508]],[[0.145549,-0.987908,-0.053423],[0.98015,0.136638,0.143649],[-0.134612,-0.0732705,0.988186]]],"btipPosition":[183.737,170.835,-10.2846],"carpPosition":[139.646,136.315,116.367],"dipPosition":[181.719,169.736,4.52676],"direction":[0.205728,0.0830393,-0.97508],"extended":true,"handId":765,"id":7651,"length":51.5891,"mcpPosition":[161.977,163.862,59.363],"pipPosition":[177.357,167.976,25.2019],"stabilizedTipPosition":[183.204,170.596,-6.89908],"timeVisible":5.45458,"tipPosition":[186.654,174.41,-5.06293],"tipVelocity":[33.7887,-6.89676,9.56287],"tool":false,"touchDistance":0.333399,"touchZone":"hovering","type":1,"width":18.4403},{"bases":[[[0.0566043,-0.957862,-0.281594],[0.929629,-0.0522989,0.364766],[-0.364123,-0.282426,0.887497]],[[-0.022961,-0.996175,-0.0843106],[0.943717,-0.0494305,0.327038],[-0.329955,-0.0720562,0.941243]],[[-0.022961,-0.996175,-0.0843106],[0.995049,-0.0309285,0.0944468],[-0.0966932,-0.0817246,0.991953]],[[-0.022961,-0.996175,-0.0843106],[0.998277,-0.0182905,-0.0557561],[0.0540007,-0.0854455,0.994878]]],"btipPosition":[182.802,151.123,-24.6224],"carpPosition":[144.147,126.648,112.826],"dipPosition":[183.692,149.715,-8.22144],"direction":[0.0966932,0.0817246,-0.991953],"extended":true,"handId":765,"id":7652,"length":58.7816,"mcpPosition":[167.328,144.629,56.3232],"pipPosition":[181.28,147.676,16.5238],"stabilizedTipPosition":[182.993,150.798,-20.851],"timeVisible":5.45458,"tipPosition":[188.908,154.829,-18.9872],"tipVelocity":[31.834,3.48264,1.74286],"tool":false,"touchDistance":0.333346,"touchZone":"hovering","type":2,"width":18.1108},{"bases":[[[-0.0678379,-0.982297,-0.174614],[0.919217,-0.129577,0.371821],[-0.387865,-0.135284,0.911734]],[[-0.0881049,-0.988045,-0.126512],[0.967706,-0.115013,0.224316],[-0.236185,-0.102663,0.966269]],[[-0.0881049,-0.988045,-0.126512],[0.993791,-0.0785241,-0.0788264],[0.0679497,-0.132672,0.988828]],[[-0.0881049,-0.988045,-0.126512],[0.958697,-0.0496274,-0.280066],[0.270439,-0.145962,0.951608]]],"btipPosition":[171.158,133.505,-20.2964],"carpPosition":[145.814,116.132,109.32],"dipPosition":[175.591,131.113,-4.69895],"direction":[-0.0679497,0.132672,-0.988828],"extended":true,"handId":765,"id":7653,"length":56.5201,"mcpPosition":[167.985,123.864,57.2045],"pipPosition":[177.242,127.888,19.3312],"stabilizedTipPosition":[172.143,132.946,-16.7024],"timeVisible":5.45458,"tipPosition":[180.494,134.891,-15.5815],"tipVelocity":[35.2374,9.04321,-7.05168],"tool":false,"touchDistance":0.333282,"touchZone":"hovering","type":3,"width":17.2336},{"bases":[[[-0.263216,-0.95635,-0.126936],[0.859573,-0.292222,0.419215],[-0.438009,0.00123308,0.89897]],[[-0.240371,-0.955151,-0.172942],[0.948,-0.269288,0.169647],[-0.208609,-0.123171,0.970212]],[[-0.240371,-0.955151,-0.172942],[0.962899,-0.212113,-0.166836],[0.12267,-0.206628,0.970699]],[[-0.240371,-0.955151,-0.172942],[0.912628,-0.161689,-0.375457],[0.330655,-0.24808,0.910562]]],"btipPosition":[163.474,115.839,-2.78137],"carpPosition":[140.932,104.787,105.305],"dipPosition":[168.474,112.087,10.9873],"direction":[-0.12267,0.206628,-0.970699],"extended":true,"handId":765,"id":7654,"length":44.3107,"