{"frames":80,"data":[{"currentFrameRate":115.068,"devices":[],"gestures":[],"hands":[{"armBasis":[[-0.965587,-0.195502,-0.171522],[-0.169274,-0.0282808,0.985163],[-0.197452,0.980295,-0.00578575]],"armWidth":61.7722,"confidence":1,"direction":[0.249657,-0.130105,-0.959554],"elbow":[-24.5863,324.536,88.0612],"grabAngle":1.40707,"grabStrength":0,"id":790,"palmNormal":[-0.427261,0.874455,-0.229731],"palmPosition":[48.0185,63.4742,28.8955],"palmVelocity":[-60.8729,-3.27165,-9.30783],"palmWidth":84.8249,"pinchDistance":47.3294,"pinchStrength":0.233189,"r":[[-0.428343,-0.894535,0.127782],[0.445094,-0.0858015,0.891364],[-0.786393,0.438685,0.434905]],"s":1.5265,"sphereCenter":[13.8819,109.081,-0.224454],"sphereRadius":59.8578,"stabilizedPalmPosition":[48.5835,63.3245,29.3289],"t":[9.43145,-11.3766,6.17214],"timeVisible":5.67181,"type":"right","wrist":[25.1136,77.79,89.5175]}],"id":1361953,"interactionBox":{"center":[0,200,0],"size":[235.247,235.247,147.751]},"pointables":[{"bases":[[[0.081196,-0.995578,-0.0472426],[0.792991,0.0358141,0.608179],[-0.603798,-0.0868447,0.792393]],[[0.228881,-0.942657,-0.242922],[0.821503,0.0531634,0.56772],[-0.522251,-0.329502,0.786564]],[[0.228881,-0.942657,-0.242922],[0.965947,0.188998,0.17671],[-0.120665,-0.275096,0.953815]],[[0.228881,-0.942657,-0.242922],[0.920077,0.290986,-0.26227],[0.317917,-0.163479,0.933918]]],"btipPosition":[70.3482,111.854,-2.73863],"carpPosition":[48.9921,84.8205,82.0421],"dipPosition":[76.9403,108.464,16.6263],"direction":[0.120665,0.275096,-0.953815],"extended":false,"handId":790,"id":7900,"length":46.174,"mcpPosition":[48.9921,84.8205,82.0421],"pipPosition":[73.2952,100.154,45.4391],"stabilizedTipPosition":[71.1803,111.404,2.1592],"timeVisible":5.67181,"tipPosition":[72.2719,111.773,2.12325],"tipVelocity":[31.2098,-35.6452,-2.1288],"tool":false,"touchDistance":0.293123,"touchZone":"hovering","type":0,"width":19.9616},{"bases":[[[-0.814722,-0.482544,-0.321526],[0.480685,-0.872167,0.0909226],[-0.324299,-0.0804764,0.942525]],[[-0.84029,-0.487782,-0.236604],[0.537302,-0.80746,-0.243547],[-0.0722502,-0.331778,0.940587]],[[-0.84029,-0.487782,-0.236604],[0.532373,-0.659963,-0.530121],[0.102434,-0.571417,0.814242]],[[-0.84029,-0.487782,-0.236604],[0.479004,-0.463601,-0.745405],[0.253906,-0.739691,0.623209]]],"btipPosition":[71.6922,105.651,-51.8813],"carpPosition":[52.7371,64.0688,75.4343],"dipPosition":[75.5357,94.4536,-42.4475],"direction":[-0.102434,0.571417,-0.814242],"extended":true,"handId":790,"id":7901,"length":52.1022,"mcpPosition":[74.9791,69.5882,10.7914],"pipPosition":[77.7292,82.217,-25.0109],"stabilizedTipPosition":[72.4326,103.744,-46.8205],"timeVisible":5.67181,"tipPosition":[67.4056,108.399,-44.0848],"tipVelocity":[-169.506,90.0107,50.5933],"tool":false,"touchDistance":0.169532,"touchZone":"hovering","type":1,"width":19.0673},{"bases":[[[-0.920973,-0.33318,-0.201989],[0.32879,-0.942746,0.0559267],[-0.209058,-0.0149051,0.97779]],[[-0.927286,-0.333488,-0.170077],[0.372458,-0.776218,-0.508684],[0.0376233,-0.535043,0.843987]],[[-0.927286,-0.333488,-0.170077],[0.324597,-0.489945,-0.809067],[0.186486,-0.805443,0.562569]],[[-0.927286,-0.333488,-0.170077],[0.192328,-0.0346202,-0.98072],[0.32117,-0.942118,0.0962419]]],"btipPosition":[46.3715,117.046,-44.0042],"carpPosition":[44.4265,57.2494,71.4099],"dipPosition":[51.7188,101.36,-42.4018],"direction":[-0.186486,0.805443,-0.562569],"extended":true,"handId":790,"id":7902,"length":59.3663,"mcpPosition":[58.0238,58.2188,7.81367],"pipPosition":[56.4171,81.0675,-28.2284],"stabilizedTipPosition":[48.4945,113.813,-41.5974],"timeVisible":5.67181,"tipPosition":[45.8821,115.166,-40.748],"tipVelocity":[-108.073,25.8539,13.184],"tool":false,"touchDistance":-0.262103,"touchZone":"touching","type":2,"width":18.7266},{"bases":[[[-0.963847,-0.259719,-0.0595352],[0.255319,-0.964135,0.0724938],[-0.076228,0.0546725,0.99559]],[[-0.955436,-0.263083,-0.133901],[0.291011,-0.763282,-0.576813],[0.0495455,-0.590074,0.805827]],[[-0.955436,-0.263083,-0.133901],[0.245847,-0.458051,-0.854253],[0.163406,-0.849103,0.502316]],[[-0.955436,-0.263083,-0.133901],[0.173055,-0.131693,-0.976068],[0.239153,-0.955743,0.171352]]],"btipPosition":[28.8872,109.499,-36.7951],"carpPosition":[34.3665,52.6724,68.407],"dipPosition":[32.8461,93.6778,-33.9586],"direction":[-0.163406,0.849103,-0.502316],"extended":false,"handId":790,"id":7903,"length":57.0823,"mcpPosition":[38.8179,49.4797,10.2688],"pipPosition":[36.8566,72.838,-21.63],"stabilizedTipPosition":[31.0258,107.432,-27.0061],"timeVisible":5.67181,"tipPosition":[28.3112,107.251,-30.5089],"tipVelocity":[-66.3004,-36.5762,-82.5098],"tool":false,"touchDistance":0.196979,"touchZone":"hovering","type":3,"width":17.8196},{"bases":[[[-0.99504,-0.0887485,0.0449395],[0.0945528,-0.984151,0.150023],[0.0309129,0.153528,0.987661]],[[-0.981069,-0.1177,-0.153785],[0.188054,-0.768645,-0.611409],[-0.0462434,-0.628754,0.776228]],[[-0.981069,-0.1177,-0.153785],[0.186723,-0.364334,-0.912357],[0.0513551,-0.923801,0.379414]],[[-0.981069,-0.1177,-0.153785],[0.159897,-0.0443285,-0.986138],[0.109251,-0.992059,0.0623092]]],"btipPosition":[18.4373,96.4284,-18.1366],"carpPosition":[21.218,53.8719,67.0963],"dipPosition":[20.1058,81.2783,-17.185],"direction":[-0.0513551,0.923801,-0.379414],"extended":false,"handId":790,"id":7904,"length":44.7515,"mcpPosition":[19.547,45.5727,13.707],"pipPosition":[20.9957,65.27,-10.6103],"stabilizedTipPosition":[20.0055,94.0707,-16.076],"timeVisible":5.67181,"tipPosition":[20.0209,89.1252,-19.9672],"tipVelocity":[-67.4236,-47.6201,-85.9928],"tool":false,"touchDistance":0.314821,"touchZone":"hovering","type":4,"width":15.8287}],"r":[[-0.428343,-0.894535,0.127782],[0.445094,-0.0858015,0.891364],[-0.786393,0.438685,0.434905]],"s":1.5265,"t":[9.43145,-11.3766,6.17214],"timestamp":747335160575},{"currentFrameRate":114.985,"devices":[],"gestures":[],"hands":[{"armBasis":[[-0.96462,-0.201713,-0.169762],[-0.168483,-0.023623,0.985421],[-0.202783,0.97916,-0.011198]],"armWidth":61.7722,"confidence":1,"direction":[0.24656,-0.132129,-0.960078],"elbow":[-26.3655,324.36,87.1297],"grabAngle":1.38902,"grabStrength":0,"id":790,"palmNormal":[-0.423409,0.876425,-0.229354],"palmPosition":[47.4964,63.4315,29.3331],"palmVelocity":[-59.0725,-4.82615,49.5174],"palmWidth":84.8249,"pinchDistance":46.607,"pinchStrength":0.239456,"r":[[-0.424661,-0.896266,0.127945],[0.445156,-0.0836505,0.891537],[-0.788352,0.435557,0.434501]],"s":1.52671,"sphereCenter":[13.8867,109.819,0.40864],"sphereRadius":60.0301,"stabilizedPalmPosition":[48.2474,63.3576,29.3302],"t":[8.97749,-11.3604,6.27129],"timeVisible":5.68065,"type":"right","wrist":[24.6762,77.9,89.9482]}],"id":1361954,"interactionBox":{"center":[0,200,0],"size":[235.247,235.247,147.751]},"pointables":[{"bases":[[[0.0760344,-0.996014,-0.046645],[0.794703,0.03228,0.60614],[-0.602218,-0.0831563,0.793989]],[[0.220152,-0.945919,-0.238264],[0.818314,0.0461437,0.572917],[-0.530939,-0.321103,0.784218]],[[0.220152,-0.945919,-0.238264],[0.967365,0.180299,0.178035],[-0.125448,-0.269683,0.954743]],[[0.220152,-0.945919,-0.238264],[0.924645,0.280173,-0.257942],[0.310747,-0.163523,0.936321]]],"btipPosition":[70.7665,111.295,-2.28953],"carpPosition":[48.7129,84.8148,82.4599],"dipPosition":[77.2099,107.904,17.1252],"direction":[0.125448,0.269683,-0.954743],"extended":false,"handId":790,"id":7900,"length":46.174,"mcpPosition":[48.7129,84.8148,82.4599],"pipPosition":[73.4203,99.7574,45.966],"stabilizedTipPosition":[71.4781,111.156,2.16384],"timeVisible":5.68065,"tipPosition":[71.943,111.53,2.44566],"tipVelocity":[43.4539,-63.287,52.1103],"tool":false,"touchDistance":0.300799,"touchZone":"hovering","type":0,"width":19.9616},{"bases":[[[-0.817968,-0.478667,-0.319072],[0.476493,-0.874518,0.0904083],[-0.32231,-0.0780846,0.943408]],[[-0.84376,-0.483766,-0.232463],[0.532558,-0.80845,-0.250581],[-0.0667123,-0.335231,0.939771]],[[-0.84376,-0.483766,-0.232463],[0.523015,-0.643839,-0.558504],[0.120517,-0.592825,0.796262]],[[-0.84376,-0.483766,-0.232463],[0.463854,-0.439369,-0.769282],[0.270015,-0.756918,0.595119]]],"btipPosition":[70.3128,106.308,-50.6755],"carpPosition":[52.3361,64.0392,75.8593],"dipPosition":[74.4001,94.8498,-41.6669],"direction":[-0.120517,0.592825,-0.796262],"extended":true,"handId":790,"id":7901,"length":52.1022,"mcpPosition":[74.4416,69.3946,11.1559],"pipPosition":[76.9809,82.1547,-24.6154],"stabilizedTipPosition":[72.1349,103.726,-47.2705],"timeVisible":5.68065,"tipPosition":[67.2887,107.82,-44.1411],"tipVelocity":[-149.727,67.5512,125.363],"tool":false,"touchDistance":0.18889,"touchZone":"hovering","type":1,"width":19.0673},{"bases":[[[-0.923158,-0.328671,-0.199387],[0.324154,-0.944354,0.0558542],[-0.20665,-0.0130699,0.978328]],[[-0.929321,-0.328921,-0.167849],[0.367441,-0.778443,-0.508934],[0.0367386,-0.534638,0.844282]],[[-0.929321,-0.328921,-0.167849],[0.320281,-0.491709,-0.809718],[0.1838,-0.806246,0.562303]],[[-0.929321,-0.328921,-0.167849],[0.200783,-0.0686027,-0.977231],[0.309917,-0.941862,0.129796]]],"btipPosition":[46.062,116.934,-44.1521],"carpPosition":[43.9808,57.2587,71.8615],"dipPosition":[51.2219,101.253,-41.9911],"direction":[-0.1838,0.806246,-0.562303],"extended":true,"handId":790,"id":7902,"length":59.3663,"mcpPosition":[57.4214,58.1088,8.23028],"pipPosition":[55.8525,80.9403,-27.8244],"stabilizedTipPosition":[48.1028,113.661,-42.2444],"timeVisible":5.68065,"tipPosition":[45.4953,115.03,-40.4384],"tipVelocity":[-39.8989,-12.4836,-2.20094],"tool":false,"touchDistance":-0.262427,"touchZone":"touching","type":2,"width":18.7266},{"bases":[[[-0.965298,-0.254881,-0.0568842],[0.250617,-0.965358,0.0726246],[-0.0734243,0.0558482,0.995736]],[[-0.956841,-0.258409,-0.132966],[0.28712,-0.769873,-0.569962],[0.0449163,-0.583541,0.810841]],[[-0.956841,-0.258409,-0.132966],[0.244624,-0.469168,-0.848552],[0.15689,-0.844456,0.512132]],[[-0.956841,-0.258409,-0.132966],[0.182046,-0.176322,-0.967352],[0.226528,-0.949808,0.215755]]],"btipPosition":[28.7993,109.017,-37.4972],"carpPosition":[33.8902,52.7304,68.8878],"dipPosition":[32.5492,93.2945,-33.9257],"direction":[-0.15689,0.844456,-0.512132],"extended":false,"handId":790,"id":7903,"length":57.0823,"mcpPosition":[38.1778,49.4691,10.7411],"pipPosition":[36.3998,72.5686,-21.3562],"stabilizedTipPosition":[30.9703,107.35,-27.3997],"timeVisible":5.68065,"tipPosition":[27.9865,107.13,-30.5198],"tipVelocity":[-15.3814,-51.9349,-60.3126],"tool":false,"touchDistance":0.188095,"touchZone":"hovering","type":3,"width":17.8196},{"bases":[[[-0.995359,-0.0836718,0.0475312],[0.0899493,-0.984498,0.150577],[0.0341953,0.154153,0.987455]],[[-0.981713,-0.113114,-0.153118],[0.183194,-0.780059,-0.598287],[-0.0517663,-0.615396,0.786516]],[[-0.981713,-0.113114,-0.153118],[0.185099,-0.379271,-0.906583],[0.044474,-0.918346,0.393272]],[[-0.981713,-0.113114,-0.153118],[0.162108,-0.0750507,-0.983915],[0.0998028,-0.990743,0.0920149]]],"btipPosition":[18.2231,95.9851,-18.6284],"carpPosition":[20.7447,53.9954,67.6095],"dipPosition":[19.7472,80.855,-17.2232],"direction":[-0.044474,0.918346,-0.393272],"extended":false,"handId":790,"id":7904,"length":44.7515,"mcpPosition":[18.8962,45.6624,14.2312],"pipPosition":[20.5179,64.9413,-10.4083],"stabilizedTipPosition":[19.7056,93.7429,-16.5428],"timeVisible":5.68065,"tipPosition":[19.445,89.3996,-19.4033],"tipVelocity":[-27.9964,-49.6413,-43.8464],"tool":false,"touchDistance":0.308362,"touchZone":"hovering","type":4,"width":15.8287}],"r":[[-0.424661,-0.896266,0.127945],[0.445156,-0.0836505,0.891537],[-0.788352,0.435557,0.434501]],"s":1.52671,"t":[8.97749,-11.3604,6.27129],"timestamp":747335169413},{"currentFrameRate":115.281,"devices":[],"gestures":[],"hands":[{"armBasis":[[-0.963378,-0.206548,-0.171],[-0.170261,-0.0214822,0.985165],[-0.207157,0.978201,-0.0144715]],"armWidth":61.7722,"confidence":1,"direction":[0.247978,-0.133563,-0.959514],"elbow":[-28.0051,324.252,86.6689],"grabAngle":1.38956,"grabStrength":0,"id":790,"palmNormal":[-0.423182,0.876022,-0.231308],"palmPosition":[47.1055,63.4843,29.7688],"palmVelocity":[-47.8372,6.45832,53.3207],"palmWidth":84.8249,"pinchDistance":45.8424,"pinchStrength":0.262646,"r":[[-0.421726,-0.897611,0.128225],[0.44494,-0.0816472,0.891831],[-0.790048,0.433161,0.433815]],"s":1.52514,"sphereCenter":[14.1004,110.046,0.886985],"sphereRadius":59.7707,"stabilizedPalmPosition":[47.9648,63.3889,29.4387],"t":[8.55504,-11.3259,6.53873],"timeVisible":5.68882,"type":"right","wrist":[24.1375,78.0334,90.3115]}],"id":1361955,"interactionBox":{"center":[0,200,0],"size":[235.247,235.247,147.751]},"pointables":[{"bases":[[[0.0762246,-0.996074,-0.0450147],[0.793813,0.0333037,0.60725],[-0.603366,-0.0820206,0.793235]],[[0.218043,-0.947703,-0.233056],[0.813158,0.0443699,0.580349],[-0.539658,-0.316053,0.780307]],[[0.218043,-0.947703,-0.233056],[0.966998,0.177544,0.182739],[-0.131805,-0.26521,0.955139]],[[0.218043,-0.947703,-0.233056],[0.92786,0.275333,-0.25153],[0.302544,-0.161399,0.939371]]],"btipPosition":[71.0632,111.014,-1.77801],"carpPosition":[48.2418,84.9487,82.8647],"dipPosition":[77.3365,107.668,17.6999],"direction":[0.131805,0.26521,-0.955139],"extended":false,"handId":790,"id":7900,"length":46.174,"mcpPosition":[48.2418,84.9487,82.8647],"pipPosition":[73.355,99.6563,46.5528],"stabilizedTipPosition":[71.7101,110.95,2.28527],"timeVisible":5.68882,"tipPosition":[71.6256,111.488,2.83759],"tipVelocity":[31.528,-33.0512,64.375],"tool":false,"touchDistance":0.309567,"touchZone":"hovering","type":0,"width":19.9616},{"bases":[[[-0.922825,-0.32909,-0.200233],[0.324188,-0.944227,0.0577677],[-0.208076,-0.0116037,0.978044]],[[-0.928972,-0.329292,-0.169051],[0.368292,-0.776566,-0.51118],[0.0370486,-0.537132,0.842684]],[[-0.928972,-0.329292,-0.169051],[0.319943,-0.484662,-0.814088],[0.18614,-0.810351,0.555592]],[[-0.928972,-0.329292,-0.169051],[0.206956,-0.0834137,-0.974788],[0.306889,-0.940536,0.145638]]],"btipPosition":[45.6807,117.144,-43.7202],"carpPosition":[43.5285,57.3759,72.3014],"dipPosition":[50.7902,101.485,-41.2954],"direction":[-0.18614,0.810351,-0.555592],"extended":true,"handId":790,"id":7902,"length":59.3663,"mcpPosition":[57.062,58.1306,8.68867],"pipPosition":[55.4798,81.0686,-27.2978],"stabilizedTipPosition":[47.7695,113.629,-42.4898],"timeVisible":5.68882,"tipPosition":[45.2345,114.946,-40.1485],"tipVelocity":[-48.0721,26.2818,60.2802],"tool":false,"touchDistance":-0.254217,"touchZone":"touching","type":2,"width":18.7266},{"bases":[[[-0.995417,-0.0837236,0.0462054],[0.0898501,-0.984256,0.152209],[0.0327344,0.155663,0.987268]],[[-0.981255,-0.113645,-0.155641],[0.184487,-0.78742,-0.588161],[-0.0557133,-0.60585,0.793626]],[[-0.981255,-0.113645,-0.155641],[0.187844,-0.383581,-0.904201],[0.0430571,-0.916488,0.397738]],[[-0.981255,-0.113645,-0.155641],[0.164746,-0.0756316,-0.983432],[0.0999909,-0.990639,0.0929365]]],"btipPosition":[18.0018,95.6784,-18.5215],"carpPosition":[20.299,54.1032,68.0205],"dipPosition":[19.5288,80.5499,-17.1022],"direction":[-0.0430571,0.916488,-0.397738],"extended":false,"handId":790,"id":7904,"length":44.7515,"mcpPosition":[18.5295,45.6886,14.6524],"pipPosition":[20.2749,64.6684,-10.21],"stabilizedTipPosition":[19.3937,93.3868,-16.9239],"timeVisible":5.68882,"tipPosition":[19.1029,89.445,-19.0268],"tipVelocity":[-27.0028,-37.4825,13.4788],"tool":false,"touchDistance":0.310198,"touchZone":"hovering","type":4,"width":15.8287},{"bases":[[[-0.817442,-0.479255,-0.319536],[0.476467,-0.874319,0.0924377],[-0.323678,-0.076686,0.943055]],[[-0.843725,-0.484274,-0.231533],[0.533101,-0.806375,-0.256053],[-0.0627026,-0.339468,0.938525]],[[-0.843725,-0.484274,-0.231533],[0.518018,-0.621566,-0.587634],[0.140663,-0.615739,0.775293]],[[-0.843725,-0.484274,-0.231533],[0.452162,-0.408758,-0.792759],[0.289271,-0.773561,0.563849]]],"btipPosition":[69.0721,107.24,-49.2397],"carpPosition":[51.8771,64.1635,76.3011],"dipPosition":[73.451,95.5302,-40.7044],"direction":[-0.140663,0.615739,-0.775293],"extended":true,"handId":790,"id":7901,"length":52.1022,"mcpPosition":[74.0765,69.423,11.6219],"pipPosition":[76.4632,82.3444,-24.1019],"stabilizedTipPosition":[71.6666,103.913,-47.2719],"timeVisible":5.68882,"tipPosition":[67.2911,107.459,-44.0784],"tipVelocity":[-143.615,106.998,162.38],"tool":false,"touchDistance":0.211007,"touchZone":"hovering","type":1,"width":19.0673},{"bases":[[[-0.965182,-0.255088,-0.0579048],[0.250629,-0.965215,0.0744628],[-0.0748851,0.0573575,0.995541]],[[-0.95645,-0.258773,-0.135057],[0.288884,-0.772863,-0.565004],[0.0418272,-0.579414,0.81396]],[[-0.95645,-0.258773,-0.135057],[0.247225,-0.472162,-0.846134],[0.155188,-0.842674,0.515575]],[[-0.95645,-0.258773,-0.135057],[0.190471,-0.20268,-0.960542],[0.221189,-0.944435,0.243142]]],"btipPosition":[28.6897,108.744,-37.715],"carpPosition":[33.4428,52.8418,69.3199],"dipPosition":[32.3512,93.1106,-33.6902],"direction":[-0.155188,0.842674,-0.515575],"extended":false,"handId":790,"id":7903,"length":57.0823,"mcpPosition":[37.8158,49.4924,11.1845],"pipPosition":[36.16,72.4286,-21.0362],"stabilizedTipPosition":[30.8872,107.223,-27.9418],"timeVisible":5.68882,"tipPosition":[27.7407,107.023,-30.4038],"tipVelocity":[-15.8992,-30.8769,-13.8994],"tool":false,"touchDistance":0.186202,"touchZone":"hovering","type":3,"width":17.8196}],"r":[[-0.421726,-0.897611,0.128225],[0.44494,-0.0816472,0.891831],[-0.790048,0.433161,0.433815]],"s":1.52514,"t":[8.55504,-11.3259,6.53873],"timestamp":747335177585},{"currentFrameRate":115.31,"devices":[],"gestures":[],"hands":[{"armBasis":[[-0.961625,-0.210681,-0.175759],[-0.175319,-0.0209154,0.984289],[-0.211047,0.977331,-0.0168237]],"armWidth":61.7722,"confidence":1,"direction":[0.253058,-0.132665,-0.958312],"elbow":[-29.6481,324.063,86.3003],"grabAngle":1.40537,"grabStrength":0.0208715,"id":790,"palmNormal":[-0.426149,0.873993,-0.233524],"palmPosition":[46.7861,63.5954,30.1122],"palmVelocity":[-37.0394,12.8809,39.8224],"palmWidth":84.8249,"pinchDistance":45.2165,"pinchStrength":0.284992,"r":[[-0.418662,-0.899061,0.12811],[0.444005,-0.0795854,0.892483],[-0.792201,0.43053,0.432507]],"s":1.52218,"sphereCenter":[14.3168,109.804,1.20306],"sphereRadius":59.1886,"stabilizedPalmPosition":[47.6989,63.4355,29.5907],"t":[8.18413,-11.2531,6.84414],"timeVisible":5.69744,"type":"right","wrist":[23.4737,78.0627,90.5349]}],"id":1361956,"interactionBox":{"center":[0,200,0],"size":[235.247,235.247,147.751]},"pointables":[{"bases":[[[0.0810411,-0.995722,-0.0443764],[0.790815,0.0371365,0.610928],[-0.606667,-0.0846038,0.790441]],[[0.222648,-0.947227,-0.230628],[0.807418,0.0465884,0.588137],[-0.546354,-0.317161,0.775181]],[[0.222648,-0.947227,-0.230628],[0.96495,0.180412,0.190584],[-0.138918,-0.264977,0.954195]],[[0.222648,-0.947227,-0.230628],[0.929973,0.277346,-0.241306],[0.292535,-0.160751,0.942646]]],"btipPosition":[71.1314,111.176,-1.23686],"carpPosition":[47.5759,85.0787,83.2067],"dipPosition":[77.1971,107.842,18.309],"direction":[0.138918,0.264977,-0.954195],"extended":false,"handId":790,"id":7900,"length":46.174,"mcpPosition":[47.5759,85.0787,83.2067],"pipPosition":[73.0007,99.8379,47.1333],"stabilizedTipPosition":[71.856,110.854,2.45921],"timeVisible":5.69744,"tipPosition":[71.2471,111.667,3.28108],"tipVelocity":[2.3639,19.0449,64.568],"tool":false,"touchDistance":0.318847,"touchZone":"hovering","type":0,"width":19.9616},{"bases":[[[-0.995224,-0.0883174,0.0415959],[0.0936935,-0.983789,0.152905],[0.0274173,0.156072,0.987365]],[[-0.979893,-0.118295,-0.160675],[0.190977,-0.789255,-0.583613],[-0.0577748,-0.602563,0.795977]],[[-0.979893,-0.118295,-0.160675],[0.194088,-0.378429,-0.905053],[0.0462595,-0.91804,0.393779]],[[-0.979893,-0.118295,-0.160675],[0.16852,-0.0595482,-0.983898],[0.106823,-0.991191,0.078286]]],"btipPosition":[17.7404,95.5858,-18.0872],"carpPosition":[19.8455,54.1004,68.2413],"dipPosition":[19.3718,80.4489,-16.8917],"direction":[-0.0462595,0.91804,-0.393779],"extended":false,"handId":790,"id":7904,"length":44.7515,"mcpPosition":[18.3635,45.6637,14.868],"pipPosition":[20.1734,64.5405,-10.068],"stabilizedTipPosition":[19.1308,93.123,-17.1066],"timeVisible":5.69744,"tipPosition":[18.8814,89.4471,-18.8079],"tipVelocity":[-27.5207,-10.9616,44.3963],"tool":false,"touchDistance":0.316578,"touchZone":"hovering","type":4,"width":15.8287},{"bases":[[[-0.81372,-0.483117,-0.323201],[0.480072,-0.87208,0.0949026],[-0.327706,-0.0779355,0.94156]],[[-0.840358,-0.48823,-0.235436],[0.538412,-0.802004,-0.258654],[-0.0625379,-0.344124,0.936839]],[[-0.840358,-0.48823,-0.235436],[0.518319,-0.596759,-0.612556],[0.158569,-0.636797,0.75455]],[[-0.840358,-0.48823,-0.235436],[0.444334,-0.371746,-0.815091],[0.310429,-0.78958,0.529337]]],"btipPosition":[68.0991,108.342,-47.7415],"carpPosition":[51.3378,64.3089,76.666],"dipPosition":[72.7983,96.3894,-39.7286],"direction":[-0.158569,0.636797,-0.75455],"extended":true,"handId":790,"id":7901,"length":52.1022,"mcpPosition":[73.8135,69.6541,12.0893],"pipPosition":[76.1939,82.7527,-23.5703],"stabilizedTipPosition":[71.1063,104.291,-46.9624],"timeVisible":5.69744,"tipPosition":[67.295,107.462,-43.8519],"tipVelocity":[-104.293,121.295,159.814],"tool":false,"touchDistance":0.233975,"touchZone":"hovering","type":1,"width":19.0673},{"bases":[[[-0.920351,-0.33341,-0.204432],[0.328281,-0.942702,0.0595442],[-0.212571,-0.0123097,0.977068]],[[-0.926615,-0.333632,-0.173418],[0.374016,-0.770361,-0.516387],[0.0386888,-0.543353,0.838612]],[[-0.926615,-0.333632,-0.173418],[0.32226,-0.467021,-0.823432],[0.193733,-0.81889,0.540265]],[[-0.926615,-0.333632,-0.173418],[0.208908,-0.0733229,-0.975183],[0.312637,-0.939847,0.137641]]],"btipPosition":[45.127,117.765,-42.6355],"carpPosition":[43.0395,57.4817,72.6294],"dipPosition":[50.3322,102.117,-40.3439],"direction":[-0.193733,0.81889,-0.540265],"extended":false,"handId":790,"id":7902,"length":59.3663,"mcpPosition":[56.8653,58.2823,9.08015],"pipPosition":[55.2131,81.486,-26.7324],"stabilizedTipPosition":[47.415,113.761,-42.3963],"timeVisible":5.69744,"tipPosition":[45.0813,114.978,-39.9636],"tipVelocity":[-61.6634,72.3237,122.237],"tool":false,"touchDistance":-0.23665,"touchZone":"touching","type":2,"width":18.7266},{"bases":[[[-0.963712,-0.259567,-0.0623238],[0.254743,-0.964025,0.0759027],[-0.0797835,0.0572718,0.995166]],[[-0.954501,-0.263256,-0.140087],[0.295505,-0.771876,-0.562924],[0.0400635,-0.578708,0.81455]],[[-0.954501,-0.263256,-0.140087],[0.253009,-0.466261,-0.847695],[0.157844,-0.844569,0.511652]],[[-0.954501,-0.263256,-0.140087],[0.198123,-0.208726,-0.957695],[0.222879,-0.941876,0.251386]]],"btipPosition":[28.4984,108.784,-37.4743],"carpPosition":[32.9888,52.9001,69.6023],"dipPosition":[32.1879,93.1926,-33.3129],"direction":[-0.157844,0.844569,-0.511652],"extended":false,"handId":790,"id":7903,"length":57.0823,"mcpPosition":[37.6478,49.5557,11.4889],"pipPosition":[36.0619,72.464,-20.7552],"stabilizedTipPosition":[30.7979,107.105,-28.4391],"timeVisible":5.69744,"tipPosition":[27.5061,107.023,-30.1819],"tipVelocity":[-21.4389,5.71936,31.561],"tool":false,"touchDistance":0.190737,"touchZone":"hovering","type":3,"width":17.8196}],"r":[[-0.418662,-0.899061,0.12811],[0.444005,-0.0795854,0.892483],[-0.792201,0.43053,0.432507]],"s":1.52218,"t":[8.18413,-11.2531,6.84414],"timestamp":747335186208},{"currentFrameRate":115.298,"devices":[],"gestures":[],"hands":[{"armBasis":[[-0.960156,-0.215893,-0.177457],[-0.177561,-0.0190746,0.983925],[-0.215807,0.976231,-0.0200195]],"armWidth":61.7722,"confidence":1,"direction":[0.25598,-0.133216,-0.957459],"elbow":[-31.3333,323.915,85.6858],"grabAngle":1.43022,"grabStrength":0.067628,"id":790,"palmNormal":[-0.431875,0.870358,-0.23656],"palmPosition":[46.5003,63.7315,30.3864],"palmVelocity":[-32.8712,15.659,31.5333],"palmWidth":84.8249,"pinchDistance":44.7001,"pinchStrength":0.305306,"r":[[-0.414977,-0.900741,0.128294],[0.442993,-0.076866,0.893224],[-0.794702,0.427501,0.43092]],"s":1.51809,"sphereCenter":[14.3179,109.146,1.40572],"sphereRadius":58.428,"stabilizedPalmPosition":[47.4512,63.4967,29.7551],"t":[7.85579,-11.1487,7.13391],"timeVisible":5.70614,"type":"right","wrist":[22.9867,78.1923,90.7249]}],"id":1361957,"interactionBox":{"center":[0,200,0],"size":[235.247,235.247,147.751]},"pointables":[{"bases":[[[0.0882193,-0.995226,-0.0417462],[0.789263,0.0442718,0.612457],[-0.607685,-0.0869793,0.789401]],[[0.230658,-0.945733,-0.228882],[0.804542,0.0530655,0.59152],[-0.547274,-0.320584,0.773122]],[[0.230658,-0.945733,-0.228882],[0.962562,0.187354,0.19589],[-0.142378,-0.265497,0.953541]],[[0.230658,-0.945733,-0.228882],[0.930138,0.283375,-0.233541],[0.285727,-0.159024,0.945025]]],"btipPosition":[70.8712,111.586,-0.948265],"carpPosition":[47.0272,85.3505,83.429],"dipPosition":[76.7957,108.289,18.6469],"direction":[0.142378,0.265497,-0.953541],"extended":false,"handId":790,"id":7900,"length":46.174,"mcpPosition":[47.0272,85.3505,83.429],"pipPosition":[72.4948,100.269,47.4515],"stabilizedTipPosition":[71.9313,110.849,2.67839],"timeVisible":5.70614,"tipPosition":[70.7076,111.887,3.48819],"tipVelocity":[-33.6679,48.2123,34.5031],"tool":false,"touchDistance":0.323846,"touchZone":"hovering","type":0,"width":19.9616},{"bases":[[[-0.994654,-0.0953026,0.0397704],[0.100378,-0.982718,0.155531],[0.0242606,0.158692,0.98703]],[[-0.978686,-0.125672,-0.162423],[0.197806,-0.789456,-0.581061],[-0.0552026,-0.600805,0.797488]],[[-0.978686,-0.125672,-0.162423],[0.198098,-0.369177,-0.908001],[0.0541475,-0.920823,0.386203]],[[-0.978686,-0.125672,-0.162423],[0.168483,-0.039126,-0.984928],[0.117423,-0.9913,0.0594657]]],"btipPosition":[17.2356,95.4773,-17.4557],"carpPosition":[19.5492,54.1386,68.4834],"dipPosition":[19.0288,80.3387,-16.5475],"direction":[-0.0541475,0.920823,-0.386203],"extended":false,"handId":790,"id":7904,"length":44.7515,"mcpPosition":[18.2377,45.5603,15.1282],"pipPosition":[19.9671,64.382,-9.85513],"stabilizedTipPosition":[18.8637,92.9199,-17.1319],"timeVisible":5.70614,"tipPosition":[18.4894,89.3402,-18.6152],"tipVelocity":[-53.7974,-12.5313,65.0495],"tool":false,"touchDistance":0.326003,"touchZone":"hovering","type":4,"width":15.8287},{"bases":[[[-0.809588,-0.489695,-0.323675],[0.486071,-0.868402,0.0980457],[-0.329092,-0.0779522,0.941075]],[[-0.836072,-0.494743,-0.237092],[0.545283,-0.796969,-0.259821],[-0.0604102,-0.346512,0.936098]],[[-0.836072,-0.494743,-0.237092],[0.518975,-0.573089,-0.634219],[0.177901,-0.653298,0.735903]],[[-0.836072,-0.494743,-0.237092],[0.436548,-0.338203,-0.833693],[0.332279,-0.80053,0.498741]]],"btipPosition":[66.9811,109.236,-46.5361],"carpPosition":[50.9505,64.5919,76.9475],"dipPosition":[72.011,97.1178,-38.9864],"direction":[-0.177901,0.653298,-0.735903],"extended":true,"handId":790,"id":7901,"length":52.1022,"mcpPosition":[73.5212,69.9382,12.404],"pipPosition":[75.8207,83.1278,-23.2274],"stabilizedTipPosition":[70.4332,104.78,-46.472],"timeVisible":5.70614,"tipPosition":[66.9525,107.472,-43.7361],"tipVelocity":[-119.859,98.4755,126.406],"tool":false,"touchDistance":0.252289,"touchZone":"hovering","type":1,"width":19.0673},{"bases":[[[-0.917528,-0.34046,-0.205496],[0.334859,-0.94019,0.0625504],[-0.214502,-0.0114207,0.976657]],[[-0.923851,-0.340651,-0.174515],[0.380097,-0.762926,-0.522943],[0.0449987,-0.549455,0.834311]],[[-0.923851,-0.340651,-0.174515],[0.321626,-0.443744,-0.83645],[0.207497,-0.828884,0.519515]],[[-0.923851,-0.340651,-0.174515],[0.20273,-0.0487701,-0.978019],[0.324652,-0.938924,0.114117]]],"btipPosition":[44.1061,118.418,-41.2293],"carpPosition":[42.7093,57.6959,72.9108],"dipPosition":[49.5113,102.786,-39.3293],"direction":[-0.207497,0.828884,-0.519515],"extended":false,"handId":790,"id":7902,"length":59.3663,"mcpPosition":[56.6606,58.4387,9.38822],"pipPosition":[54.739,81.9029,-26.2406],"stabilizedTipPosition":[46.9485,114,-42.0341],"timeVisible":5.70614,"tipPosition":[44.6425,114.919,-39.9047],"tipVelocity":[-112.148,75.561,151.397],"tool":false,"touchDistance":-0.214715,"touchZone":"touching","type":2,"width":18.7266},{"bases":[[[-0.961708,-0.266579,-0.0636603],[0.261442,-0.961996,0.0788106],[-0.0822502,0.0591493,0.994855]],[[-0.952233,-0.270412,-0.141876],[0.302359,-0.769812,-0.56211],[0.0427829,-0.578158,0.814802]],[[-0.952233,-0.270412,-0.141876],[0.256337,-0.455326,-0.852625],[0.16596,-0.848266,0.502893]],[[-0.952233,-0.270412,-0.141876],[0.199681,-0.199866,-0.959261],[0.231039,-0.94177,0.244315]]],"btipPosition":[27.9095,108.877,-36.8621],"carpPosition":[32.6978,53.0354,69.8744],"dipPosition":[31.7341,93.2872,-32.8177],"direction":[-0.16596,0.848266,-0.502893],"extended":false,"handId":790,"id":7903,"length":57.0823,"mcpPosition":[37.5009,49.5813,11.7791],"pipPosition":[35.8073,72.4678,-20.475],"stabilizedTipPosition":[30.6768,106.996,-28.8907],"timeVisible":5.70614,"tipPosition":[27.0958,106.818,-30.2529],"tipVelocity":[-64.1687,10.7255,67.3305],"tool":false,"touchDistance":0.200493,"touchZone":"hovering","type":3,"width":17.8196}],"r":[[-0.414977,-0.900741,0.128294],[0.442993,-0.076866,0.893224],[-0.794702,0.427501,0.43092]],"s":1.51809,"t":[7.85579,-11.1487,7.13391],"timestamp":747335194901},{"currentFrameRate":115.311,"devices":[],"gestures":[],"hands":[{"armBasis":[[-0.958901,-0.221835,-0.176911],[-0.1779,-0.0156843,0.983924],[-0.221044,0.974958,-0.0244247]],"armWidth":61.7722,"confidence":1,"direction":[0.260505,-0.141236,-0.955086],"elbow":[-33.1417,324.157,84.6847],"grabAngle":1.46339,"grabStrength":0.114997,"id":790,"palmNormal":[-0.438147,0.864215,-0.247305],"palmPosition":[46.2932,63.875,30.6758],"palmVelocity":[-23.9479,16.5916,33.4658],"palmWidth":84.8249,"pinchDistance":44.1505,"pinchStrength":0.326628,"r":[[-0.410632,-0.902476,0.130069],[0.44166,-0.0720693,0.894283],[-0.797695,0.424668,0.428182]],"s":1.5126,"sphereCenter":[14.3967,107.983,1.22206],"sphereRadius":57.4682,"stabilizedPalmPosition":[47.248,63.5631,29.9167],"t":[7.58805,-11.0247,7.42353],"timeVisible":5.71479,"type":"right","wrist":[22.4962,78.7539,90.8325]}],"id":1361958,"interactionBox":{"center":[0,200,0],"size":[235.247,235.247,147.751]},"pointables":[{"bases":[[[0.0965295,-0.994852,-0.0308632],[0.786666,0.0572591,0.614717],[-0.609785,-0.0836174,0.788143]],[[0.241109,-0.945113,-0.220517],[0.80156,0.065827,0.59428],[-0.547146,-0.320044,0.773436]],[[0.241109,-0.945113,-0.220517],[0.959363,0.197786,0.201256],[-0.146595,-0.260081,0.954394]],[[0.241109,-0.945113,-0.220517],[0.92924,0.290368,-0.228474],[0.279964,-0.149827,0.948247]]],"btipPosition":[70.5369,111.915,-0.997073],"carpPosition":[46.452,86.0582,83.4874],"dipPosition":[76.342,108.808,18.6649],"direction":[0.146595,0.260081,-0.954394],"extended":false,"handId":790,"id":7900,"length":46.174,"mcpPosition":[46.452,86.0582,83.4874],"pipPosition":[71.9136,100.952,47.4952],"stabilizedTipPosition":[71.9171,110.933,2.88079],"timeVisible":5.71479,"tipPosition":[70.2387,111.924,3.35666],"tipVelocity":[-41.8236,43.0301,-3.86605],"tool":false,"touchDistance":0.323288,"touchZone":"hovering","type":0,"width":19.9616},{"bases":[[[-0.993975,-0.103069,0.0372907],[0.107876,-0.980155,0.166312],[0.019409,0.169332,0.985368]],[[-0.977091,-0.135399,-0.164193],[0.20628,-0.792322,-0.574173],[-0.0523519,-0.594889,0.802101]],[[-0.977091,-0.135399,-0.164193],[0.203057,-0.362129,-0.909742],[0.0637185,-0.922242,0.381327]],[[-0.977091,-0.135399,-0.164193],[0.168881,-0.0238115,-0.985349],[0.129505,-0.990505,0.0461322]]],"btipPosition":[16.7938,95.055,-16.9278],"carpPosition":[19.2848,54.4644,68.7779],"dipPosition":[18.7715,79.9286,-16.2233],"direction":[-0.0637185,0.922242,-0.381327],"extended":false,"handId":790,"id":7904,"length":44.7515,"mcpPosition":[18.2356,45.311,15.5125],"pipPosition":[19.8757,63.9474,-9.61538],"stabilizedTipPosition":[18.5843,92.6873,-17.0685],"timeVisible":5.71479,"tipPosition":[18.2092,88.8461,-18.6153],"tipVelocity":[-46.166,-48.4912,55.6114],"tool":false,"touchDistance":0.333952,"touchZone":"hovering","type":4,"width":15.8287},{"bases":[[[-0.804375,-0.499751,-0.321293],[0.492822,-0.86328,0.108969],[-0.331823,-0.0706888,0.940689]],[[-0.830961,-0.504083,-0.235382],[0.553334,-0.792722,-0.255759],[-0.0576686,-0.34277,0.937647]],[[-0.830961,-0.504083,-0.235382],[0.519652,-0.552196,-0.651953],[0.198661,-0.664063,0.7208]],[[-0.830961,-0.504083,-0.235382],[0.429358,-0.312029,-0.84752],[0.353775,-0.805319,0.475716]]],"btipPosition":[65.9123,109.572,-45.6036],"carpPosition":[50.5687,65.2652,77.2405],"dipPosition":[71.2676,97.3811,-38.4025],"direction":[-0.198661,0.664063,-0.7208],"extended":true,"handId":790,"id":7901,"length":52.1022,"mcpPosition":[73.3267,70.1134,12.7235],"pipPosition":[75.5218,83.1605,-22.9669],"stabilizedTipPosition":[69.6914,105.229,-45.9026],"timeVisible":5.71479,"tipPosition":[66.6944,106.975,-43.8445],"tipVelocity":[-114.91,36.8899,98.5326],"tool":false,"touchDistance":0.266494,"touchZone":"hovering","type":1,"width":19.0673},{"bases":[[[-0.91396,-0.350167,-0.205086],[0.342333,-0.936683,0.0737076],[-0.217911,-0.00284204,0.975965]],[[-0.920537,-0.350075,-0.173376],[0.387107,-0.757735,-0.525344],[0.0525366,-0.550713,0.833039]],[[-0.920537,-0.350075,-0.173376],[0.320118,-0.421589,-0.848402],[0.223911,-0.836487,0.500154]],[[-0.920537,-0.350075,-0.173376],[0.191455,-0.0174233,-0.981347],[0.340524,-0.93656,0.0830624]]],"btipPosition":[43.0177,118.63,-39.7875],"carpPosition":[42.3989,58.2591,73.2484],"dipPosition":[48.6872,103.036,-38.4046],"direction":[-0.223911,0.836487,-0.500154],"extended":false,"handId":790,"id":7902,"length":59.3663,"mcpPosition":[56.572,58.444,9.77088],"pipPosition":[54.3284,81.9619,-25.8037],"stabilizedTipPosition":[46.4207,114.21,-41.5188],"timeVisible":5.71479,"tipPosition":[44.2743,114.381,-40.0837],"tipVelocity":[-118.793,25.4659,152.932],"tool":false,"touchDistance":-0.192667,"touchZone":"touching","type":2,"width":18.7266},{"bases":[[[-0.959254,-0.275154,-0.0641987],[0.269039,-0.958921,0.0899408],[-0.0863091,0.0690042,0.993876]],[[-0.949467,-0.279737,-0.142334],[0.310464,-0.770471,-0.556764],[0.046083,-0.572819,0.818386]],[[-0.949467,-0.279737,-0.142334],[0.259604,-0.445053,-0.857049],[0.176402,-0.850691,0.495184]],[[-0.949467,-0.279737,-0.142334],[0.198488,-0.183861,-0.962703],[0.243134,-0.942307,0.230095]]],"btipPosition":[27.2986,108.607,-36.1699],"carpPosition":[32.437,53.4844,70.2266],"dipPosition":[31.3233,93.0088,-32.361],"direction":[-0.176402,0.850691,-0.495184],"extended":false,"handId":790,"id":7903,"length":57.0823,"mcpPosition":[37.477,49.4549,12.1884],"pipPosition":[35.6528,72.13,-20.2075],"stabilizedTipPosition":[30.5255,106.874,-29.2857],"timeVisible":5.71479,"tipPosition":[26.8444,106.086,-30.781],"tipVelocity":[-65.3067,-31.3841,73.7558],"tool":false,"touchDistance":0.211126,"touchZone":"hovering","type":3,"width":17.8196}],"r":[[-0.410632,-0.902476,0.130069],[0.44166,-0.0720693,0.894283],[-0.797695,0.424668,0.428182]],"s":1.5126,"t":[7.58805,-11.0247,7.42353],"timestamp":747335203551},{"currentFrameRate":115.278,"devices":[],"gestures":[],"hands":[{"armBasis":[[-0.956737,-0.22791,-0.180863],[-0.182933,-0.0121881,0.98305],[-0.226251,0.973606,-0.0300315]],"armWidth":61.7722,"confidence":1,"direction":[0.266197,-0.143772,-0.953136],"elbow":[-34.9527,324.174,83.1999],"grabAngle":1.49509,"grabStrength":0.150149,"id":790,"palmNormal":[-0.442277,0.860367,-0.253299],"palmPosition":[46.1798,64.1152,30.7893],"palmVelocity":[-12.9894,27.5175,12.9989],"palmWidth":84.8249,"pinchDistance":43.7023,"pinchStrength":0.34543,"r":[[-0.406154,-0.904238,0.131881],[0.439758,-0.0669,0.895621],[-0.801032,0.421756,0.424817]],"s":1.50632,"sphereCenter":[14.5065,107.137,1.06978],"sphereRadius":56.6161,"stabilizedPalmPosition":[47.0488,63.666,30.0794],"t":[7.39747,-10.8426,7.62509],"timeVisible":5.72352,"type":"right","wrist":[21.996,79.1119,90.759]}],"id":1361959,"interactionBox":{"center":[0,200,0],"size":[235.247,235.247,147.751]},"pointables":[{"bases":[[[0.102889,-0.994353,-0.0260026],[0.783182,0.0648672,0.618399],[-0.61322,-0.0839913,0.785434]],[[0.250558,-0.943147,-0.218392],[0.799097,0.0741398,0.596613],[-0.546502,-0.324002,0.772242]],[[0.250558,-0.943147,-0.218392],[0.955997,0.205486,0.209391],[-0.15261,-0.261246,0.953132]],[[0.250558,-0.943147,-0.218392],[0.928483,0.297984,-0.221639],[0.274116,-0.14724,0.950358]]],"btipPosition":[70.2916,112.552,-0.931626],"carpPosition":[45.9337,86.5294,83.5029],"dipPosition":[75.9754,109.499,18.7741],"direction":[0.15261,0.261246,-0.953132],"extended":false,"handId":790,"id":7900,"length":46.174,"mcpPosition":[45.9337,86.5294,83.5029],"pipPosition":[71.3654,101.607,47.5663],"stabilizedTipPosition":[71.8296,111.185,3.07875],"timeVisible":5.72352,"tipPosition":[70.002,112.185,3.38491],"tipVelocity":[-31.2823,74.3692,8.64934],"tool":false,"touchDistance":0.324547,"touchZone":"hovering","type":0,"width":19.9616},{"bases":[[[-0.993488,-0.109127,0.0327555],[0.113148,-0.978725,0.17116],[0.0133805,0.173752,0.984699]],[[-0.97553,-0.142117,-0.167762],[0.213914,-0.789844,-0.574793],[-0.050818,-0.596615,0.800917]],[[-0.97553,-0.142117,-0.167762],[0.207863,-0.34747,-0.914362],[0.0716544,-0.926859,0.368508]],[[-0.97553,-0.142117,-0.167762],[0.169625,-0.00100711,-0.985508],[0.139889,-0.989849,0.0250891]]],"btipPosition":[16.5295,95.178,-16.2925],"carpPosition":[19.0387,54.7023,68.7964],"dipPosition":[18.6658,80.0616,-15.9094],"direction":[-0.0716544,0.926859,-0.368508],"extended":false,"handId":790,"id":7904,"length":44.7515,"mcpPosition":[18.3154,45.3099,15.5671],"pipPosition":[19.9074,64.0003,-9.5236],"stabilizedTipPosition":[18.3773,92.5568,-16.9541],"timeVisible":5.72352,"tipPosition":[18.1315,88.8439,-18.625],"tipVelocity":[-26.0971,14.347,64.295],"tool":false,"touchDistance":0.34231,"touchZone":"hovering","type":4,"width":15.8287},{"bases":[[[-0.79961,-0.506175,-0.323125],[0.497642,-0.859693,0.115236],[-0.336118,-0.0686566,0.939314]],[[-0.826523,-0.510292,-0.237615],[0.560045,-0.787948,-0.255905],[-0.056642,-0.344586,0.937044]],[[-0.826523,-0.510292,-0.237615],[0.520784,-0.533001,-0.666853],[0.213641,-0.674916,0.70629]],[[-0.826523,-0.510292,-0.237615],[0.423373,-0.285361,-0.85984],[0.370964,-0.811277,0.451901]]],"btipPosition":[65.2296,110.294,-44.6873],"carpPosition":[50.2115,65.7355,77.3683],"dipPosition":[70.8451,98.0135,-37.8467],"direction":[-0.213641,0.674916,-0.70629],"extended":true,"handId":790,"id":7901,"length":52.1022,"mcpPosition":[73.2641,70.4443,12.9456],"pipPosition":[75.4201,83.5606,-22.7218],"stabilizedTipPosition":[68.9865,105.727,-45.2826],"timeVisible":5.72352,"tipPosition":[66.6751,107.05,-43.7644],"tipVelocity":[-71.3374,80.3926,95.4492],"tool":false,"touchDistance":0.280383,"touchZone":"hovering","type":1,"width":19.0673},{"bases":[[[-0.910711,-0.356774,-0.208128],[0.347794,-0.934191,0.0795434],[-0.22281,0.0000553995,0.974862]],[[-0.91739,-0.356589,-0.176749],[0.393911,-0.750118,-0.531185],[0.0568324,-0.556927,0.828615]],[[-0.91739,-0.356589,-0.176749],[0.319392,-0.394663,-0.861528],[0.237455,-0.846809,0.475952]],[[-0.91739,-0.356589,-0.176749],[0.183452,0.0152321,-0.982911],[0.353188,-0.934137,0.0514431]]],"btipPosition":[42.3078,119.328,-38.273],"carpPosition":[42.1059,58.6611,73.3661],"dipPosition":[48.1881,103.775,-37.4165],"direction":[-0.237455,0.846809,-0.475952],"extended":false,"handId":790,"id":7902,"length":59.3663,"mcpPosition":[56.5976,58.6575,9.9603],"pipPosition":[54.1706,82.4408,-25.4253],"stabilizedTipPosition":[45.9344,114.481,-40.9122],"timeVisible":5.72352,"tipPosition":[44.145,114.453,-39.9746],"tipVelocity":[-75.7539,81.0707,159.602],"tool":false,"touchDistance":-0.169442,"touchZone":"touching","type":2,"width":18.7266},{"bases":[[[-0.957183,-0.281432,-0.0678005],[0.274559,-0.956815,0.0955063],[-0.0917511,0.0728017,0.993117]],[[-0.946928,-0.286309,-0.14613],[0.317932,-0.767182,-0.557092],[0.0473917,-0.573986,0.817493]],[[-0.946928,-0.286309,-0.14613],[0.263406,-0.430577,-0.863262],[0.184239,-0.855938,0.483141]],[[-0.946928,-0.286309,-0.14613],[0.197694,-0.160258,-0.967075],[0.253463,-0.94464,0.208354]]],"btipPosition":[26.9536,108.926,-35.346],"carpPosition":[32.1893,53.8109,70.3154],"dipPosition":[31.1493,93.2886,-31.897],"direction":[-0.184239,0.855938,-0.4831