{"frames":88,"data":[{"currentFrameRate":114.609,"devices":[],"gestures":[],"hands":[{"armBasis":[[0.328778,-0.757848,-0.563534],[0.902679,0.0767603,0.423414],[-0.277626,-0.647899,0.709331]],"armWidth":59.9533,"confidence":1,"direction":[0.483316,0.289008,-0.826365],"elbow":[52.6803,-47.8607,300.931],"grabAngle":0.435536,"grabStrength":0,"id":765,"palmNormal":[-0.855261,-0.0456528,-0.516183],"palmPosition":[147.905,141.937,69.4792],"palmVelocity":[18.6738,-43.9092,-7.5864],"palmWidth":83.0304,"pinchDistance":60.5351,"pinchStrength":0,"r":[[0.0251677,0.40059,0.915912],[-0.014494,0.916252,-0.40034],[-0.999578,-0.00319957,0.0288661]],"s":1.27405,"sphereCenter":[43.3093,125.004,-10.127],"sphereRadius":134.554,"stabilizedPalmPosition":[147.896,141.957,69.4829],"t":[228.105,-87.0461,-152.484],"timeVisible":7.30285,"type":"right","wrist":[121.082,111.769,126.165]}],"id":1349703,"interactionBox":{"center":[0,200,0],"size":[235.247,235.247,147.751]},"pointables":[{"bases":[[[0.93449,-0.287559,0.209853],[0.0434417,0.677201,0.734514],[-0.353329,-0.67728,0.64533]],[[0.971811,-0.199172,0.126154],[0.0121046,0.576534,0.816983],[-0.235452,-0.792426,0.562693]],[[0.971811,-0.199172,0.126154],[0.104456,0.843445,0.526963],[-0.21136,-0.49893,0.840473]],[[0.971811,-0.199172,0.126154],[0.115286,0.868205,0.482627],[-0.205653,-0.454478,0.866693]]],"btipPosition":[135.23,205.097,45.4536],"carpPosition":[113.961,144.747,114.018],"dipPosition":[131.008,195.766,63.2476],"direction":[0.21136,0.49893,-0.840473],"extended":true,"handId":765,"id":7650,"length":45.7193,"mcpPosition":[113.961,144.747,114.018],"pipPosition":[124.686,180.843,88.3866],"stabilizedTipPosition":[134.21,203.009,49.5663],"timeVisible":7.30285,"tipPosition":[132.076,199.439,47.6244],"tipVelocity":[49.9108,-60.9669,-21.5377],"tool":false,"touchDistance":0.344044,"touchZone":"hovering","type":0,"width":19.3051},{"bases":[[[0.265403,-0.894137,-0.360665],[0.911821,0.111227,0.395236],[-0.313279,-0.433759,0.844813]],[[0.157078,-0.983878,-0.0855],[0.90686,0.109415,0.40698],[-0.391064,-0.141464,0.909427]],[[0.157078,-0.983878,-0.0855],[0.955742,0.129635,0.264107],[-0.248765,-0.123201,0.960696]],[[0.157078,-0.983878,-0.0855],[0.97045,0.137715,0.198143],[-0.183174,-0.114097,0.976437]]],"btipPosition":[179.107,180.12,-12.4941],"carpPosition":[135.316,141.346,113.502],"dipPosition":[176.361,178.41,2.14111],"direction":[0.248765,0.123201,-0.960696],"extended":true,"handId":765,"id":7651,"length":51.5891,"mcpPosition":[156.348,170.466,56.7866],"pipPosition":[171.086,175.798,22.5113],"stabilizedTipPosition":[178.458,179.795,-9.11294],"timeVisible":7.30285,"tipPosition":[177.666,185.501,-7.7176],"tipVelocity":[17.4099,-74.3673,-16.3761],"tool":false,"touchDistance":0.333194,"touchZone":"hovering","type":1,"width":18.4403},{"bases":[[[0.0612801,-0.950292,-0.30527],[0.936464,-0.0510885,0.347023],[-0.345369,-0.30714,0.886784]],[[-0.01162,-0.993312,-0.114878],[0.947677,-0.0475928,0.315662],[-0.319018,-0.105199,0.941892]],[[-0.01162,-0.993312,-0.114878],[0.987192,-0.0296769,0.156752],[-0.159113,-0.111585,0.980934]],[[-0.01162,-0.993312,-0.114878],[0.998601,-0.017455,0.0499186],[-0.05159,-0.114137,0.992125]]],"btipPosition":[180.148,160.481,-27.4566],"carpPosition":[139.851,131.813,109.653],"dipPosition":[179.297,158.599,-11.1011],"direction":[0.159113,0.111585,-0.980934],"extended":true,"handId":765,"id":7652,"length":58.7816,"mcpPosition":[161.839,151.367,53.1962],"pipPosition":[175.328,155.816,13.3692],"stabilizedTipPosition":[179.942,160.088,-23.6884],"timeVisible":7.30285,"tipPosition":[182.118,166.754,-21.8309],"tipVelocity":[15.5799,-68.6569,-10.9178],"tool":false,"touchDistance":0.33324,"touchZone":"hovering","type":2,"width":18.1108},{"bases":[[[-0.0609819,-0.978559,-0.196731],[0.926962,-0.128617,0.352418],[-0.370164,-0.160871,0.914931]],[[-0.0760685,-0.984319,-0.159151],[0.9738,-0.107644,0.200315],[-0.214306,-0.139743,0.966719]],[[-0.0760685,-0.984319,-0.159151],[0.996949,-0.0722769,-0.0294868],[0.0175215,-0.160908,0.986814]],[[-0.0760685,-0.984319,-0.159151],[0.987671,-0.0524817,-0.147482],[0.136817,-0.168407,0.976176]]],"btipPosition":[168.452,142.744,-24.3011],"carpPosition":[141.562,121.401,105.869],"dipPosition":[170.695,139.984,-8.30094],"direction":[-0.0175215,0.160908,-0.986814],"extended":true,"handId":765,"id":7653,"length":56.5201,"mcpPosition":[162.721,130.596,53.5712],"pipPosition":[171.121,136.073,15.6803],"stabilizedTipPosition":[168.957,142.134,-20.6181],"timeVisible":7.30285,"tipPosition":[176.492,145.498,-18.9551],"tipVelocity":[26.8923,-63.2024,-7.38665],"tool":false,"touchDistance":0.33327,"touchZone":"hovering","type":3,"width":17.2336},{"bases":[[[-0.255732,-0.955808,-0.145022],[0.869824,-0.292957,0.396967],[-0.42191,-0.024627,0.906303]],[[-0.223462,-0.95129,-0.212397],[0.958748,-0.253798,0.128023],[-0.175693,-0.175027,0.968761]],[[-0.223462,-0.95129,-0.212397],[0.969262,-0.193859,-0.151494],[0.102939,-0.239722,0.965369]],[[-0.223462,-0.95129,-0.212397],[0.945675,-0.158802,-0.28369],[0.236142,-0.264253,0.935098]]],"btipPosition":[159.161,124.944,-7.03707],"carpPosition":[136.724,110.103,101.671],"dipPosition":[162.732,120.948,7.10258],"direction":[-0.102939,0.239722,-0.965369],"extended":true,"handId":765,"id":7654,"length":44.3107,"mcpPosition":[159.049,111.406,53.7164],"pipPosition":[164.498,116.835,23.6664],"stabilizedTipPosition":[159.973,124.041,-3.78322],"timeVisible":7.30285,"tipPosition":[169.342,124.009,-2.5595],"tipVelocity":[30.6947,-55.3305,-5.76448],"tool":false,"touchDistance":0.34177,"touchZone":"hovering","type":4,"width":15.3082}],"r":[[0.0251677,0.40059,0.915912],[-0.014494,0.916252,-0.40034],[-0.999578,-0.00319957,0.0288661]],"s":1.27405,"t":[228.105,-87.0461,-152.484],"timestamp":747227160810},{"currentFrameRate":115.014,"devices":[],"gestures":[],"hands":[{"armBasis":[[0.323703,-0.759844,-0.563785],[0.904647,0.0739919,0.41969],[-0.277183,-0.645881,0.711342]],"armWidth":59.9533,"confidence":1,"direction":[0.483786,0.289458,-0.825933],"elbow":[52.9038,-47.8251,301.251],"grabAngle":0.434039,"grabStrength":0,"id":765,"palmNormal":[-0.855677,-0.0417103,-0.515827],"palmPosition":[148.061,141.495,69.3311],"palmVelocity":[19.4801,-55.2097,-18.5057],"palmWidth":83.0304,"pinchDistance":60.4774,"pinchStrength":0,"r":[[0.0245112,0.400393,0.916016],[-0.011728,0.916343,-0.400222],[-0.999631,-0.000933126,0.0271565]],"s":1.273,"sphereCenter":[42.5348,125.05,-10.5393],"sphereRadius":135.368,"stabilizedPalmPosition":[148.045,141.541,69.3462],"t":[228.324,-87.4629,-152.592],"timeVisible":7.31085,"type":"right","wrist":[121.196,111.308,125.99]}],"id":1349704,"interactionBox":{"center":[0,200,0],"size":[235.247,235.247,147.751]},"pointables":[{"bases":[[[0.933688,-0.291016,0.208656],[0.045977,0.675298,0.736111],[-0.355125,-0.677704,0.643897]],[[0.971111,-0.202945,0.125524],[0.0143758,0.574825,0.81815],[-0.238194,-0.79271,0.561137]],[[0.971111,-0.202945,0.125524],[0.10789,0.842602,0.527618],[-0.212845,-0.498833,0.840156]],[[0.971111,-0.202945,0.125524],[0.119388,0.868663,0.480802],[-0.206615,-0.451926,0.867798]]],"btipPosition":[135.608,204.613,45.3882],"carpPosition":[114.15,144.306,113.895],"dipPosition":[131.366,195.335,63.2049],"direction":[0.212845,0.498833,-0.840156],"extended":true,"handId":765,"id":7650,"length":45.7193,"mcpPosition":[114.15,144.306,113.895],"pipPosition":[124.999,180.415,88.3344],"stabilizedTipPosition":[134.578,202.547,49.4964],"timeVisible":7.31085,"tipPosition":[132.423,199.131,47.6401],"tipVelocity":[46.6431,-58.9265,-7.52116],"tool":false,"touchDistance":0.34207,"touchZone":"hovering","type":0,"width":19.3051},{"bases":[[[0.26238,-0.894105,-0.36295],[0.91238,0.107395,0.395006],[-0.314198,-0.43479,0.843942]],[[0.15348,-0.984325,-0.086885],[0.907937,0.105773,0.40554],[-0.389993,-0.141128,0.909938]],[[0.15348,-0.984325,-0.086885],[0.95639,0.125858,0.263585],[-0.248518,-0.123551,0.960715]],[[0.15348,-0.984325,-0.086885],[0.97099,0.133915,0.198104],[-0.183363,-0.114769,0.976323]]],"btipPosition":[179.303,179.687,-12.5964],"carpPosition":[135.494,140.838,113.359],"dipPosition":[176.555,177.966,2.03709],"direction":[0.248518,0.123551,-0.960715],"extended":true,"handId":765,"id":7651,"length":51.5891,"mcpPosition":[156.587,170.028,56.7023],"pipPosition":[171.285,175.347,22.4077],"stabilizedTipPosition":[178.642,179.359,-9.21482],"timeVisible":7.31085,"tipPosition":[177.923,185.112,-7.78667],"tipVelocity":[24.479,-54.4578,-12.8311],"tool":false,"touchDistance":0.333241,"touchZone":"hovering","type":1,"width":18.4403},{"bases":[[[0.0581099,-0.949747,-0.307579],[0.936483,-0.0548816,0.346391],[-0.345864,-0.308171,0.886233]],[[-0.0149764,-0.993037,-0.116846],[0.947906,-0.0512889,0.314394],[-0.318197,-0.10605,0.942074]],[[-0.0149764,-0.993037,-0.116846],[0.987135,-0.0332882,0.156383],[-0.159184,-0.113001,0.980761]],[[-0.0149764,-0.993037,-0.116846],[0.998529,-0.0209448,0.0500201],[-0.0521192,-0.115925,0.99189]]],"btipPosition":[180.3,160.135,-27.5891],"carpPosition":[139.996,131.301,109.485],"dipPosition":[179.441,158.224,-11.2375],"direction":[0.159184,0.113001,-0.980761],"extended":true,"handId":765,"id":7652,"length":58.7816,"mcpPosition":[162.016,150.92,53.0631],"pipPosition":[175.47,155.405,13.2285],"stabilizedTipPosition":[180.084,159.741,-23.8118],"timeVisible":7.31085,"tipPosition":[182.298,166.406,-21.9425],"tipVelocity":[18.8378,-44.1015,-16.6693],"tool":false,"touchDistance":0.333218,"touchZone":"hovering","type":2,"width":18.1108},{"bases":[[[-0.0641828,-0.977887,-0.199041],[0.926739,-0.132392,0.351606],[-0.370182,-0.161892,0.914744]],[[-0.0794022,-0.983734,-0.161129],[0.973547,-0.111267,0.199564],[-0.214246,-0.14102,0.966546]],[[-0.0794022,-0.983734,-0.161129],[0.996736,-0.0759857,-0.0272658],[0.0145788,-0.162768,0.986557]],[[-0.0794022,-0.983734,-0.161129],[0.987875,-0.0560209,-0.14479],[0.133408,-0.170672,0.976255]]],"btipPosition":[168.689,142.426,-24.4726],"carpPosition":[141.673,120.892,105.675],"dipPosition":[170.876,139.628,-8.47121],"direction":[-0.0145788,0.162768,-0.986557],"extended":true,"handId":765,"id":7653,"length":56.5201,"mcpPosition":[162.832,130.145,53.3879],"pipPosition":[171.23,135.673,15.5038],"stabilizedTipPosition":[169.166,141.821,-20.7731],"timeVisible":7.31085,"tipPosition":[176.552,145.15,-19.1234],"tipVelocity":[27.9439,-40.8176,-21.3974],"tool":false,"touchDistance":0.333187,"touchZone":"hovering","type":3,"width":17.2336},{"bases":[[[-0.258832,-0.954645,-0.147173],[0.869105,-0.296657,0.395792],[-0.4215,-0.025465,0.906471]],[[-0.226589,-0.950068,-0.214544],[0.957878,-0.257268,0.127608],[-0.176432,-0.176592,0.968342]],[[-0.226589,-0.950068,-0.214544],[0.968891,-0.197355,-0.149334],[0.0995358,-0.241707,0.965231]],[[-0.226589,-0.950068,-0.214544],[0.945398,-0.161555,-0.283058],[0.234264,-0.266968,0.934799]]],"btipPosition":[159.322,124.628,-7.24446],"carpPosition":[136.797,109.619,101.453],"dipPosition":[162.864,120.592,6.89068],"direction":[-0.0995358,0.241707,-0.965231],"extended":true,"handId":765,"id":7654,"length":44.3107,"mcpPosition":[159.099,110.967,53.4891],"pipPosition":[164.572,116.444,23.4521],"stabilizedTipPosition":[160.116,123.742,-3.96738],"timeVisible":7.31085,"tipPosition":[169.343,123.672,-2.76988],"tipVelocity":[19.2421,-40.5894,-26.04],"tool":false,"touchDistance":0.3378,"touchZone":"hovering","type":4,"width":15.3082}],"r":[[0.0245112,0.400393,0.916016],[-0.011728,0.916343,-0.400222],[-0.999631,-0.000933126,0.0271565]],"s":1.273,"t":[228.324,-87.4629,-152.592],"timestamp":747227168814},{"currentFrameRate":115.309,"devices":[],"gestures":[],"hands":[{"armBasis":[[0.320499,-0.761621,-0.563217],[0.905952,0.0728118,0.417072],[-0.276643,-0.643919,0.713329]],"armWidth":59.9533,"confidence":1,"direction":[0.483814,0.290521,-0.825543],"elbow":[53.1039,-47.8273,301.611],"grabAngle":0.432254,"grabStrength":0,"id":765,"palmNormal":[-0.855933,-0.0396207,-0.515567],"palmPosition":[148.13,141.056,69.2249],"palmVelocity":[8.37328,-53.7089,-12.9967],"palmWidth":83.0304,"pinchDistance":60.3953,"pinchStrength":0,"r":[[0.0241564,0.399862,0.916257],[-0.00932175,0.916575,-0.399755],[-0.999665,0.00111553,0.0258686]],"s":1.2717,"sphereCenter":[41.8146,124.771,-10.9188],"sphereRadius":136.122,"stabilizedPalmPosition":[148.121,141.105,69.2372],"t":[228.468,-87.8906,-152.699],"timeVisible":7.31902,"type":"right","wrist":[121.263,110.822,125.861]}],"id":1349705,"interactionBox":{"center":[0,200,0],"size":[235.247,235.247,147.751]},"pointables":[{"bases":[[[0.933411,-0.292583,0.207697],[0.0471017,0.673761,0.737447],[-0.355703,-0.678559,0.642677]],[[0.970773,-0.204808,0.125117],[0.0154822,0.573671,0.81894],[-0.239501,-0.793067,0.560075]],[[0.970773,-0.204808,0.125117],[0.109929,0.842862,0.526782],[-0.213345,-0.497631,0.840742]],[[0.970773,-0.204808,0.125117],[0.122355,0.87082,0.476132],[-0.20647,-0.446907,0.870428]]],"btipPosition":[135.769,204.004,45.2781],"carpPosition":[114.239,143.819,113.808],"dipPosition":[131.53,194.829,63.1487],"direction":[0.213345,0.497631,-0.840742],"extended":true,"handId":765,"id":7650,"length":45.7193,"mcpPosition":[114.239,143.819,113.808],"pipPosition":[125.149,179.944,88.2957],"stabilizedTipPosition":[134.768,201.972,49.4012],"timeVisible":7.31902,"tipPosition":[132.589,198.804,47.6828],"tipVelocity":[19.8117,-71.6754,-11.9658],"tool":false,"touchDistance":0.33973,"touchZone":"hovering","type":0,"width":19.3051},{"bases":[[[0.261134,-0.893697,-0.36485],[0.912668,0.105479,0.394856],[-0.314397,-0.436097,0.843193]],[[0.151726,-0.984524,-0.0877014],[0.908534,0.103967,0.404669],[-0.389289,-0.141079,0.910248]],[[0.151726,-0.984524,-0.0877014],[0.956616,0.123937,0.263678],[-0.248727,-0.123903,0.960616]],[[0.151726,-0.984524,-0.0877014],[0.971152,0.131973,0.19861],[-0.183963,-0.115306,0.976147]]],"btipPosition":[179.389,179.276,-12.6556],"carpPosition":[135.579,140.327,113.257],"dipPosition":[176.631,177.548,1.97527],"direction":[0.248727,0.123903,-0.960616],"extended":true,"handId":765,"id":7651,"length":51.5891,"mcpPosition":[156.685,169.604,56.65],"pipPosition":[171.357,174.921,22.3438],"stabilizedTipPosition":[178.741,178.938,-9.2812],"timeVisible":7.31902,"tipPosition":[178.019,184.754,-7.82633],"tipVelocity":[10.2001,-50.4565,-7.31829],"tool":false,"touchDistance":0.333279,"touchZone":"hovering","type":1,"width":18.4403},{"bases":[[[0.0568175,-0.949198,-0.309508],[0.936553,-0.0567301,0.345905],[-0.345891,-0.309525,0.885751]],[[-0.0163625,-0.992816,-0.118524],[0.948069,-0.0530639,0.313606],[-0.317642,-0.107238,0.942127]],[[-0.0163625,-0.992816,-0.118524],[0.987072,-0.0349419,0.156423],[-0.159441,-0.114432,0.980553]],[[-0.0163625,-0.992816,-0.118524],[0.998475,-0.0224752,0.0504211],[-0.0527228,-0.117518,0.99167]]],"btipPosition":[180.367,159.824,-27.6754],"carpPosition":[140.068,130.791,109.361],"dipPosition":[179.498,157.886,-11.3273],"direction":[0.159441,0.114432,-0.980553],"extended":true,"handId":765,"id":7652,"length":58.7816,"mcpPosition":[162.089,150.497,52.9703],"pipPosition":[175.52,155.032,13.1335],"stabilizedTipPosition":[180.157,159.422,-23.9028],"timeVisible":7.31902,"tipPosition":[182.357,166.096,-22.0158],"tipVelocity":[7.85014,-38.8229,-10.6581],"tool":false,"touchDistance":0.333255,"touchZone":"hovering","type":2,"width":18.1108},{"bases":[[[-0.0654666,-0.977406,-0.200979],[0.926715,-0.134239,0.350968],[-0.370017,-0.163273,0.914565]],[[-0.0806666,-0.983306,-0.163101],[0.973435,-0.112897,0.199196],[-0.214285,-0.142699,0.966291]],[[-0.0806666,-0.983306,-0.163101],[0.996671,-0.0776308,-0.0249122],[0.0118347,-0.164567,0.986295]],[[-0.0806666,-0.983306,-0.163101],[0.988162,-0.0574711,-0.142244],[0.130495,-0.172644,0.976302]]],"btipPosition":[168.853,142.143,-24.5919],"carpPosition":[141.73,120.388,105.53],"dipPosition":[170.992,139.313,-8.58971],"direction":[-0.0118347,0.164567,-0.986295],"extended":true,"handId":765,"id":7653,"length":56.5201,"mcpPosition":[162.881,129.72,53.253],"pipPosition":[171.28,135.314,15.3789],"stabilizedTipPosition":[169.322,141.534,-20.8937],"timeVisible":7.31902,"tipPosition":[176.532,144.827,-19.2468],"tipVelocity":[18.73,-35.5572,-14.5765],"tool":false,"touchDistance":0.333227,"touchZone":"hovering","type":3,"width":17.2336},{"bases":[[[-0.260066,-0.954028,-0.148986],[0.868896,-0.298521,0.394848],[-0.421171,-0.0267667,0.906586]],[[-0.227595,-0.949299,-0.216867],[0.957468,-0.258731,0.127722],[-0.177356,-0.178575,0.96781]],[[-0.227595,-0.949299,-0.216867],[0.969022,-0.198865,-0.146458],[0.0959051,-0.243482,0.965152]],[[-0.227595,-0.949299,-0.216867],[0.945749,-0.162467,-0.281361],[0.231862,-0.269138,0.934775]]],"btipPosition":[159.474,124.333,-7.3981],"carpPosition":[136.839,109.13,101.287],"dipPosition":[162.98,120.263,6.73667],"direction":[-0.0959051,0.243482,-0.965152],"extended":true,"handId":765,"id":7654,"length":44.3107,"mcpPosition":[159.124,110.546,53.3173],"pipPosition":[164.625,116.085,23.2968],"stabilizedTipPosition":[160.255,123.45,-4.11923],"timeVisible":7.31902,"tipPosition":[169.285,123.352,-2.93045],"tipVelocity":[17.555,-37.1203,-18.8164],"tool":false,"touchDistance":0.335047,"touchZone":"hovering","type":4,"width":15.3082}],"r":[[0.0241564,0.399862,0.916257],[-0.00932175,0.916575,-0.399755],[-0.999665,0.00111553,0.0258686]],"s":1.2717,"t":[228.468,-87.8906,-152.699],"timestamp":747227176984},{"currentFrameRate":114.991,"devices":[],"gestures":[],"hands":[{"armBasis":[[0.316599,-0.763231,-0.563243],[0.907618,0.0711805,0.413719],[-0.275671,-0.642192,0.715258]],"armWidth":59.9533,"confidence":1,"direction":[0.48344,0.291019,-0.825587],"elbow":[53.3697,-47.8511,301.953],"grabAngle":0.430045,"grabStrength":0,"id":765,"palmNormal":[-0.856582,-0.0371188,-0.514674],"palmPosition":[148.134,140.626,69.0888],"palmVelocity":[0.502854,-46.5025,-14.7327],"palmWidth":83.0304,"pinchDistance":60.3083,"pinchStrength":0,"r":[[0.0242275,0.399115,0.916581],[-0.00713958,0.916896,-0.399063],[-0.999681,0.0031243,0.0250636]],"s":1.27017,"sphereCenter":[40.9716,124.514,-11.2582],"sphereRadius":136.883,"stabilizedPalmPosition":[148.133,140.687,69.1076],"t":[228.542,-88.3193,-152.82],"timeVisible":7.32826,"type":"right","wrist":[121.29,110.373,125.727]}],"id":1349706,"interactionBox":{"center":[0,200,0],"size":[235.247,235.247,147.751]},"pointables":[{"bases":[[[0.933087,-0.294703,0.20615],[0.0492013,0.672406,0.738545],[-0.356269,-0.678984,0.641914]],[[0.970367,-0.207325,0.124113],[0.0175526,0.572761,0.819535],[-0.240997,-0.793071,0.559427]],[[0.970367,-0.207325,0.124113],[0.113042,0.843464,0.525157],[-0.213563,-0.495565,0.841906]],[[0.970367,-0.207325,0.124113],[0.126394,0.873272,0.470554],[-0.205942,-0.440923,0.873599]]],"btipPosition":[135.893,203.378,45.1141],"carpPosition":[114.299,143.377,113.714],"dipPosition":[131.664,194.325,63.0499],"direction":[0.213563,0.495565,-0.841906],"extended":true,"handId":765,"id":7650,"length":45.7193,"mcpPosition":[114.299,143.377,113.714],"pipPosition":[125.277,179.503,88.2317],"stabilizedTipPosition":[134.906,201.36,49.2547],"timeVisible":7.32826,"tipPosition":[132.718,198.49,47.6903],"tipVelocity":[13.6448,-64.7399,-16.1224],"tool":false,"touchDistance":0.336856,"touchZone":"hovering","type":0,"width":19.3051},{"bases":[[[0.259034,-0.893563,-0.36667],[0.913307,0.103076,0.394012],[-0.31428,-0.436945,0.842797]],[[0.149145,-0.984886,-0.0880611],[0.909397,0.101652,0.403317],[-0.38827,-0.140235,0.910813]],[[0.149145,-0.984886,-0.0880611],[0.957047,0.121387,0.2633],[-0.248631,-0.123548,0.960686]],[[0.149145,-0.984886,-0.0880611],[0.971497,0.129356,0.198647],[-0.184253,-0.115178,0.976107]]],"btipPosition":[179.397,178.811,-12.7746],"carpPosition":[135.631,139.845,113.133],"dipPosition":[176.635,177.084,1.85564],"direction":[0.248631,0.123548,-0.960686],"extended":true,"handId":765,"id":7651,"length":51.5891,"mcpPosition":[156.73,169.179,56.5532],"pipPosition":[171.364,174.465,22.2256],"stabilizedTipPosition":[178.76,178.465,-9.39695],"timeVisible":7.32826,"tipPosition":[178.026,184.354,-7.93228],"tipVelocity":[0.815996,-50.3473,-12.9002],"tool":false,"touchDistance":0.333231,"touchZone":"hovering","type":1,"width":18.4403},{"bases":[[[0.0546745,-0.948772,-0.311195],[0.93683,-0.0590936,0.344758],[-0.345486,-0.310386,0.885607]],[[-0.0185654,-0.992637,-0.119695],[0.948362,-0.0553973,0.312316],[-0.316647,-0.107716,0.942407]],[[-0.0185654,-0.992637,-0.119695],[0.987076,-0.0372558,0.155863],[-0.159175,-0.115255,0.9805]],[[-0.0185654,-0.992637,-0.119695],[0.998438,-0.0247152,0.0501006],[-0.05269,-0.118578,0.991546]]],"btipPosition":[180.322,159.454,-27.8194],"carpPosition":[140.098,130.308,109.217],"dipPosition":[179.453,157.499,-11.4734],"direction":[0.159175,0.115255,-0.9805],"extended":true,"handId":765,"id":7652,"length":58.7816,"mcpPosition":[162.093,150.069,52.8348],"pipPosition":[175.483,154.624,12.986],"stabilizedTipPosition":[180.126,159.052,-24.0417],"timeVisible":7.32826,"tipPosition":[182.3,165.736,-22.1533],"tipVelocity":[-4.84925,-40.4844,-15.6432],"tool":false,"touchDistance":0.333209,"touchZone":"hovering","type":2,"width":18.1108},{"bases":[[[-0.0675414,-0.976934,-0.202577],[0.926851,-0.136592,0.349699],[-0.369303,-0.16414,0.914698]],[[-0.0827251,-0.982876,-0.164654],[0.973354,-0.115144,0.198303],[-0.213866,-0.143862,0.966212]],[[-0.0827251,-0.982876,-0.164654],[0.996529,-0.0800387,-0.0228954],[0.00932461,-0.165977,0.986086]],[[-0.0827251,-0.982876,-0.164654],[0.988418,-0.0598281,-0.139464],[0.127225,-0.174285,0.976442]]],"btipPosition":[168.917,141.819,-24.758],"carpPosition":[141.736,119.908,105.366],"dipPosition":[171.002,138.963,-8.75349],"direction":[-0.00932461,0.165977,-0.986086],"extended":true,"handId":765,"id":7653,"length":56.5201,"mcpPosition":[162.846,129.29,53.081],"pipPosition":[171.228,134.929,15.21],"stabilizedTipPosition":[169.386,141.214,-21.0514],"timeVisible":7.32826,"tipPosition":[176.376,144.463,-19.4243],"tipVelocity":[5.5391,-35.6721,-17.9201],"tool":false,"touchDistance":0.33319,"touchZone":"hovering","type":3,"width":17.2336},{"bases":[[[-0.262038,-0.953278,-0.150326],[0.86877,-0.30084,0.393362],[-0.420207,-0.0275229,0.907011]],[[-0.229355,-0.948431,-0.218803],[0.95697,-0.260783,0.127278],[-0.177775,-0.180197,0.967432]],[[-0.229355,-0.948431,-0.218803],[0.96892,-0.201065,-0.144104],[0.0926792,-0.245054,0.965069]],[[-0.229355,-0.948431,-0.218803],[0.945897,-0.164176,-0.279867],[0.229512,-0.271154,0.934772]]],"btipPosition":[159.507,124.017,-7.58551],"carpPosition":[136.819,108.667,101.109],"dipPosition":[162.977,119.917,6.54922],"direction":[-0.0926792,0.245054,-0.965069],"extended":true,"handId":765,"id":7654,"length":44.3107,"mcpPosition":[159.053,110.123,53.1167],"pipPosition":[164.567,115.713,23.1079],"stabilizedTipPosition":[160.296,123.14,-4.29693],"timeVisible":7.32826,"tipPosition":[169.096,123.007,-3.1313],"tipVelocity":[2.68154,-34.8867,-20.288],"tool":false,"touchDistance":0.331924,"touchZone":"hovering","type":4,"width":15.3082}],"r":[[0.0242275,0.399115,0.916581],[-0.00713958,0.916896,-0.399063],[-0.999681,0.0031243,0.0250636]],"s":1.27017,"t":[228.542,-88.3193,-152.82],"timestamp":747227186222},{"currentFrameRate":115.308,"devices":[],"gestures":[],"hands":[{"armBasis":[[0.313636,-0.764618,-0.56302],[0.908725,0.0697172,0.411533],[-0.275413,-0.640702,0.716693]],"armWidth":59.9533,"confidence":1,"direction":[0.483711,0.293125,-0.824683],"elbow":[53.4905,-47.9774,302.14],"grabAngle":0.427809,"grabStrength":0,"id":765,"palmNormal":[-0.856637,-0.0346155,-0.514757],"palmPosition":[148.209,140.245,68.9879],"palmVelocity":[9.16256,-46.8482,-12.4051],"palmWidth":83.0304,"pinchDistance":60.2112,"pinchStrength":0,"r":[[0.0243706,0.397933,0.917091],[-0.00520829,0.917401,-0.397929],[-0.999689,0.0049213,0.0244302]],"s":1.26845,"sphereCenter":[40.4027,124.253,-11.7076],"sphereRadius":137.582,"stabilizedPalmPosition":[148.193,140.337,69.0128],"t":[228.617,-88.7242,-152.932],"timeVisible":7.33639,"type":"right","wrist":[121.347,109.879,125.56]}],"id":1349707,"interactionBox":{"center":[0,200,0],"size":[235.247,235.247,147.751]},"pointables":[{"bases":[[[0.932791,-0.29631,0.205185],[0.0499166,0.670022,0.740661],[-0.356944,-0.68064,0.639782]],[[0.970042,-0.20906,0.123746],[0.0183502,0.570969,0.820766],[-0.242245,-0.793907,0.5577]],[[0.970042,-0.20906,0.123746],[0.11487,0.84354,0.524638],[-0.214065,-0.494706,0.842284]],[[0.970042,-0.20906,0.123746],[0.129272,0.875463,0.465674],[-0.205689,-0.435727,0.876262]]],"btipPosition":[136.038,202.796,45.0356],"carpPosition":[114.378,142.89,113.623],"dipPosition":[131.815,193.85,63.0261],"direction":[0.214065,0.494706,-0.842284],"extended":true,"handId":765,"id":7650,"length":45.7193,"mcpPosition":[114.378,142.89,113.623],"pipPosition":[125.412,179.054,88.2192],"stabilizedTipPosition":[135.048,200.812,49.183],"timeVisible":7.33639,"tipPosition":[132.894,198.241,47.7997],"tipVelocity":[18.043,-68.4703,-8.10585],"tool":false,"touchDistance":0.335515,"touchZone":"hovering","type":0,"width":19.3051},{"bases":[[[0.258104,-0.892667,-0.369497],[0.913426,0.100895,0.394302],[-0.3147,-0.439279,0.841426]],[[0.147669,-0.984928,-0.090061],[0.909504,0.0994542,0.403623],[-0.388583,-0.141514,0.910482]],[[0.147669,-0.984928,-0.090061],[0.956973,0.11929,0.264524],[-0.249793,-0.125248,0.960165]],[[0.147669,-0.984928,-0.090061],[0.971454,0.127348,0.200147],[-0.185661,-0.117046,0.975618]]],"btipPosition":[179.558,178.572,-12.7548],"carpPosition":[135.706,139.338,113.03],"dipPosition":[176.775,176.818,1.86811],"direction":[0.249793,0.125248,-0.960165],"extended":true,"handId":765,"id":7651,"length":51.5891,"mcpPosition":[156.833,168.829,56.5421],"pipPosition":[171.479,174.162,22.227],"stabilizedTipPosition":[178.899,178.204,-9.39221],"timeVisible":7.33639,"tipPosition":[178.147,184.149,-7.90503],"tipVelocity":[19.1919,-30.0851,2.22714],"tool":false,"touchDistance":0.333342,"touchZone":"hovering","type":1,"width":18.4403},{"bases":[[[0.0536897,-0.947841,-0.314189],[0.93678,-0.0611427,0.344535],[-0.345775,-0.312824,0.884636]],[[-0.0196461,-0.992253,-0.122672],[0.948234,-0.0573898,0.312345],[-0.316965,-0.110186,0.942015]],[[-0.0196461,-0.992253,-0.122672],[0.986858,-0.0389282,0.15683],[-0.16039,-0.117979,0.979977]],[[-0.0196461,-0.992253,-0.122672],[0.998346,-0.0261007,0.0512332],[-0.0540381,-0.121463,0.991124]]],"btipPosition":[180.472,159.329,-27.8544],"carpPosition":[140.163,129.809,109.083],"dipPosition":[179.581,157.327,-11.5154],"direction":[0.16039,0.117979,-0.979977],"extended":true,"handId":765,"id":7652,"length":58.7816,"mcpPosition":[162.177,149.725,52.7632],"pipPosition":[175.58,154.384,12.9311],"stabilizedTipPosition":[180.246,158.895,-24.0885],"timeVisible":7.33639,"tipPosition":[182.389,165.582,-22.183],"tipVelocity":[17.7708,-16.6136,-4.49583],"tool":false,"touchDistance":0.333297,"touchZone":"hovering","type":2,"width":18.1108},{"bases":[[[-0.0685514,-0.976221,-0.205655],[0.926722,-0.138646,0.349232],[-0.369441,-0.166645,0.91419]],[[-0.0835979,-0.982217,-0.168108],[0.973066,-0.116832,0.19873],[-0.214837,-0.146967,0.965529]],[[-0.0835979,-0.982217,-0.168108],[0.996481,-0.0813811,-0.0200457],[0.00600843,-0.169193,0.985565]],[[-0.0835979,-0.982217,-0.168108],[0.988824,-0.0608668,-0.136098],[0.123446,-0.177607,0.976328]]],"btipPosition":[169.159,141.728,-24.8538],"carpPosition":[141.791,119.419,105.199],"dipPosition":[171.183,138.817,-8.85118],"direction":[-0.00600843,0.169193,-0.985565],"extended":true,"handId":765,"id":7653,"length":56.5201,"mcpPosition":[162.908,128.945,52.9439],"pipPosition":[171.329,134.705,15.0997],"stabilizedTipPosition":[169.578,141.089,-21.1496],"timeVisible":7.33639,"tipPosition":[176.381,144.298,-19.5309],"tipVelocity":[28.1157,-12.7618,-11.8356],"tool":false,"touchDistance":0.333246,"touchZone":"hovering","type":3,"width":17.2336},{"bases":[[[-0.263022,-0.952529,-0.153323],[0.868474,-0.302971,0.392379],[-0.420205,-0.0299525,0.906935]],[[-0.229915,-0.947402,-0.222641],[0.956472,-0.262215,0.128077],[-0.17972,-0.183503,0.966451]],[[-0.229915,-0.947402,-0.222641],[0.969159,-0.202033,-0.141117],[0.0887133,-0.248219,0.964633]],[[-0.229915,-0.947402,-0.222641],[0.946511,-0.16446,-0.277613],[0.226396,-0.27456,0.934538]]],"btipPosition":[159.725,123.884,-7.74148],"carpPosition":[136.861,108.197,100.908],"dipPosition":[163.148,119.732,6.38971],"direction":[-0.0887133,0.248219,-0.964633],"extended":true,"handId":765,"id":7654,"length":44.3107,"mcpPosition":[159.096,109.781,52.9192],"pipPosition":[164.67,115.474,22.9409],"stabilizedTipPosition":[160.455,122.985,-4.43968],"timeVisible":7.33639,"tipPosition":[169.062,122.833,-3.30041],"tipVelocity":[25.4922,-17.8473,-19.2774],"tool":false,"touchDistance":0.32931,"touchZone":"hovering","type":4,"width":15.3082}],"r":[[0.0243706,0.397933,0.917091],[-0.00520829,0.917401,-0.397929],[-0.999689,0.0049213,0.0244302]],"s":1.26845,"t":[228.617,-88.7242,-152.932],"timestamp":747227194355},{"currentFrameRate":115.313,"devices":[],"gestures":[],"hands":[{"armBasis":[[0.309371,-0.765639,-0.563992],[0.910232,0.0667487,0.408684],[-0.275259,-0.639798,0.717559]],"armWidth":59.9533,"confidence":1,"direction":[0.483813,0.293954,-0.824328],"elbow":[53.5742,-48.17,302.262],"grabAngle":0.425072,"grabStrength":0,"id":765,"palmNormal":[-0.857189,-0.0307933,-0.51408],"palmPosition":[148.276,139.883,68.9338],"palmVelocity":[7.73618,-41.8586,-6.25308],"palmWidth":83.0304,"pinchDistance":60.1429,"pinchStrength":0,"r":[[0.0248731,0.396481,0.917706],[-0.0032106,0.918017,-0.396528],[-0.999685,0.00691652,0.0241069]],"s":1.26678,"sphereCenter":[39.7287,124.179,-12.0379],"sphereRadius":138.307,"stabilizedPalmPosition":[148.257,139.984,68.9513],"t":[228.687,-89.1079,-153.014],"timeVisible":7.34506,"type":"right","wrist":[121.393,109.464,125.469]}],"id":1349708,"interactionBox":{"center":[0,200,0],"size":[235.247,235.247,147.751]},"pointables":[{"bases":[[[0.932124,-0.299517,0.203556],[0.0524861,0.66789,0.742407],[-0.358317,-0.681331,0.638277]],[[0.969455,-0.212441,0.12258],[0.0208341,0.569298,0.821867],[-0.244383,-0.794209,0.556335]],[[0.969455,-0.212441,0.12258],[0.118496,0.843261,0.524281],[-0.214746,-0.493741,0.842677]],[[0.969455,-0.212441,0.12258],[0.133756,0.876843,0.461797],[-0.205588,-0.431295,0.878475]]],"btipPosition":[136.268,202.304,45.0237],"carpPosition":[114.492,142.505,113.606],"dipPosition":[132.047,193.45,63.0595],"direction":[0.214746,0.493741,-0.842677],"extended":true,"handId":765,"id":7650,"length":45.7193,"mcpPosition":[114.492,142.505,113.606],"pipPosition":[125.624,178.682,88.2644],"stabilizedTipPosition":[135.274,200.318,49.1729],"timeVisible":7.34506,"tipPosition":[133.141,198.013,47.9338],"tipVelocity":[26.6116,-54.3607,-0.175089],"tool":false,"touchDistance":0.335274,"touchZone":"hovering","type":0,"width":19.3051},{"bases":[[[0.255227,-0.892406,-0.372116],[0.91406,0.0972327,0.393752],[-0.315205,-0.440633,0.840529]],[[0.144386,-0.985246,-0.0918822],[0.909961,0.0957234,0.403496],[-0.388747,-0.141868,0.910356]],[[0.144386,-0.985246,-0.0918822],[0.957201,0.115528,0.265368],[-0.250838,-0.126265,0.959759]],[[0.144386,-0.985246,-0.0918822],[0.971727,0.123646,0.201141],[-0.186813,-0.118326,0.975243]]],"btipPosition":[179.741,178.272,-12.7212],"carpPosition":[135.81,138.893,112.985],"dipPosition":[176.941,176.499,1.89612],"direction":[0.250838,0.126265,-0.959759],"extended":true,"handId":765,"id":7651,"length":51.5891,"mcpPosition":[156.971,168.475,56.5568],"pipPosition":[171.622,173.822,22.2464],"stabilizedTipPosition":[179.078,177.897,-9.36239],"timeVisible":7.34506,"tipPosition":[178.276,183.867,-7.87787],"tipVelocity":[20.6786,-35.1347,3.7317],"tool":false,"touchDistance":0.333358,"touchZone":"hovering","type":1,"width":18.4403},{"bases":[[[0.0507057,-0.947145,-0.316773],[0.936907,-0.0647365,0.343531],[-0.345881,-0.314206,0.884105]],[[-0.022634,-0.991875,-0.125184],[0.948109,-0.0610173,0.312037],[-0.31714,-0.111625,0.941787]],[[-0.022634,-0.991875,-0.125184],[0.986578,-0.0424144,0.157684],[-0.161713,-0.119935,0.979523]],[[-0.022634,-0.991875,-0.125184],[0.998206,-0.0293637,0.052177],[-0.055429,-0.123778,0.990761]]],"btipPosition":[180.614,159.118,-27.8686],"carpPosition":[140.236,129.362,109.008],"dipPosition":[179.701,157.078,-11.5356],"direction":[0.161713,0.119935,-0.979523],"extended":true,"handId":765,"id":7652,"length":58.7816,"mcpPosition":[162.257,149.366,52.722],"pipPosition":[175.667,154.086,12.8995],"stabilizedTipPosition":[180.386,158.677,-24.1093],"timeVisible":7.34506,"tipPosition":[182.433,165.321,-22.2126],"tipVelocity":[15.8889,-25.3931,-1.80276],"tool":false,"touchDistance":0.333318,"touchZone":"hovering","type":2,"width":18.1108},{"bases":[[[-0.0715195,-0.975467,-0.208207],[0.926633,-0.142224,0.348029],[-0.369103,-0.16804,0.914071]],[[-0.0864045,-0.98147,-0.171028],[0.972637,-0.120266,0.19878],[-0.215666,-0.149173,0.965005]],[[-0.0864045,-0.98147,-0.171028],[0.996257,-0.0847097,-0.0171964],[0.00239001,-0.171874,0.985116]],[[-0.0864045,-0.98147,-0.171028],[0.989098,-0.0639621,-0.132642],[0.119245,-0.180625,0.976297]]],"btipPosition":[169.369,141.568,-24.9194],"carpPosition":[141.831,118.978,105.095],"dipPosition":[171.324,138.607,-8.91729],"direction":[-0.00239001,0.171874,-0.985116],"extended":true,"handId":765,"id":7653,"length":56.5201,"mcpPosition":[162.929,128.583,52.8464],"pipPosition":[171.382,134.43,15.0227],"stabilizedTipPosition":[169.777,140.922,-21.2235],"timeVisible":7.34506,"tipPosition":[176.292,144.049,-19.6212],"tipVelocity":[22.3829,-19.8241,-7.58557],"tool":false,"touchDistance":0.333274,"touchZone":"hovering","type":3,"width":17.2336},{"bases":[[[-0.265875,-0.951361,-0.155637],[0.867954,-0.306496,0.390789],[-0.419483,-0.0311845,0.907227]],[[-0.232502,-0.946067,-0.225609],[0.955525,-0.265461,0.128464],[-0.181426,-0.185707,0.965711]],[[-0.232502,-0.946067,-0.225609],[0.968874,-0.205021,-0.138743],[0.0850055,-0.250845,0.964288]],[[-0.232502,-0.946067,-0.225609],[0.946541,-0.166769,-0.276132],[0.223615,-0.277749,0.934265]]],"btipPosition":[159.849,123.695,-7.85389],"carpPosition":[136.865,107.781,100.778],"dipPosition":[163.23,119.495,6.27317],"direction":[-0.0850055,0.250845,-0.964288],"extended":true,"handId":765,"id":7654,"length":44.3107,"mcpPosition":[159.061,109.431,52.7738],"pipPosition":[164.689,115.191,22.8184],"stabilizedTipPosition":[160.581,122.798,-4.56034],"timeVisible":7.34506,"tipPosition":[168.925,122.606,-3.43227],"tipVelocity":[13.2353,-23.0669,-13.0856],"tool":false,"touchDistance":0.327421,"touchZone":"hovering","type":4,"width":15.3082}],"r":[[0.0248731,0.396481,0.917706],[-0.0032106,0.918017,-0.396528],[-0.999685,0.00691652,0.0241069]],"s":1.26678,"t":[228.687,-89.1079,-153.014],"timestamp":747227203018},{"currentFrameRate":114.82,"devices":[],"gestures":[],"hands":[{"armBasis":[[0.306723,-0.766586,-0.564152],[0.911242,0.0653327,0.406656],[-0.274879,-0.63881,0.718584]],"armWidth":59.9533,"confidence":1,"direction":[0.48372,0.295531,-0.823818],"elbow":[53.6822,-48.4001,302.402],"grabAngle":0.421717,"grabStrength":0,"id":765,"palmNormal":[-0.857471,-0.0285914,-0.513737],"palmPosition":[148.286,139.496,68.8637],"palmVelocity":[1.03053,-40.4839,-7.33693],"palmWidth":83.0304,"pinchDistance":60.0864,"pinchStrength":0,"r":[[0.0254453,0.394848,0.918394],[-0.00145738,0.918705,-0.394941],[-0.999675,0.00871096,0.0239522]],"s":1.26514,"sphereCenter":[38.9192,123.837,-12.5095],"sphereRadius":139.204,"stabilizedPalmPosition":[148.279,139.607,68.8837],"t":[228.728,-89.4931,-153.091],"timeVisible":7.35461,"type":"right","wrist":[121.407,108.991,125.357]}],"id":1349709,"interactionBox":{"center":[0,200,0],"size":[235.247,235.247,147.751]},"pointables":[{"bases":[[[0.931907,-0.301011,0.20234],[0.0535505,0.665953,0.744069],[-0.358722,-0.682568,0.636726]],[[0.969214,-0.213997,0.121777],[0.0219369,0.567669,0.822965],[-0.245241,-0.794958,0.554887]],[[0.969214,-0.213997,0.121777],[0.120424,0.84339,0.523632],[-0.214761,-0.492847,0.843196]],[[0.969214,-0.213997,0.121777],[0.136598,0.878825,0.457174],[-0.204854,-0.426465,0.881001]]],"btipPosition":[136.327,201.749,44.9752],"carpPosition":[114.527,142.04,113.559],"dipPosition":[132.121,192.993,63.063],"direction":[0.214761,0.492847,-0.843196],"extended":true,"handId":765,"id":7650,"length":45.7193,"mcpPosition":[114.527,142.04,113.559],"pipPosition":[125.698,178.251,88.2834],"stabilizedTipPosition":[135.354,199.772,49.1378],"timeVisible":7.35461,"tipPosition":[133.236,197.728,48.0362],"tipVelocity":[6.52593,-55.8335,-3.82257],"tool":false,"touchDistance":0.334533,"touchZone":"hovering","type":0,"width":19.3051},{"bases":[[[0.254107,-0.891729,-0.374498],[0.914353,0.0952753,0.393549],[-0.315259,-0.442427,0.839565]],[[0.142841,-0.985336,-0.0933277],[0.909935,0.093641,0.404042],[-0.389378,-0.142636,0.909967]],[[0.142841,-0.985336,-0.0933277],[0.956988,0.11344,0.267029],[-0.252526,-0.127456,0.959159]],[[0.142841,-0.985336,-0.0933277],[0.971622,0.121638,0.202865],[-0.188538,-0.119657,0.974749]]],"btipPosition":[179.86,177.982,-12.6883],"carpPosition":[135.84,138.408,112.918],"dipPosition":[177.035,176.189,1.92159],"direction":[0.252526,0.127456,-0.959159],"extended":true,"handId":765,"id":7651,"length":51.5891,"mcpPosition":[157.005,168.11,56.5549],"pipPosition":[171.68,173.486,22.2592],"stabilizedTipPosition":[179.201,177.592,-9.3304],"timeVisible":7.35461,"tipPosition":[178.303,183.592,-7.86351],"tipVelocity":[11.869,-30.8877,3.26544],"tool":false,"touchDistance":0.333358,"touchZone":"hovering","type":1,"width":18.4403},{"bases":[[[0.0495548,-0.946393,-0.319194],[0.937006,-0.0665902,0.342907],[-0.34578,-0.316079,0.883476]],[[-0.0237838,-0.991545,-0.127561],[0.947813,-0.0629443,0.312552],[-0.317939,-0.113471,0.941297]],[[-0.0237838,-0.991545,-0.127561],[0.986253,-0.0441425,0.159237],[-0.163522,-0.12202,0.978965]],[[-0.0237838,-0.991545,-0.127561],[0.998095,-0.030816,0.0534404],[-0.0569195,-0.126047,0.99039]]],"btipPosition":[180.73,158.925,-27.8807],"carpPosition":[140.255,128.882,108.916],"dipPosition":[179.792,156.847,-11.5538],"direction":[0.163522,0.12202,-0.978965],"extended":true,"handId":765,"id":7652,"length":58.7816,"mcpPosition":[162.269,149.005,52.6691],"pipPosition":[175.712,153.803,12.8674],"stabilizedTipPosition":[180.504,158.466,-24.1242],"timeVisible":7.35461,"tipPosition":[182.409,165.072,-22.2509],"tipVelocity":[11.4915,-21.0941,-1.41554],"tool":false,"touchDistance":0.333321,"touchZone":"hovering","type":2,"width":18.1108},{"bases":[[[-0.0726471,-0.974861,-0.210639],[0.926652,-0.144078,0.347214],[-0.368834,-0.169965,0.913823]],[[-0.0873488,-0.980882,-0.173901],[0.972194,-0.122012,0.199878],[-0.217275,-0.151607,0.964265]],[[-0.0873488,-0.980882,-0.173901],[0.996175,-0.0863948,-0.013063],[-0.00221091,-0.174377,0.984676]],[[-0.0873488,-0.980882,-0.173901],[0.989618,-0.0654402,-0.127963],[0.114136,-0.183273,0.976414]]],"btipPosition":[169.618,141.406,-24.9874],"carpPosition":[141.836,118.507,104.975],"dipPosition":[171.489,138.402,-8.98337],"direction":[0.00221091,0.174377,-0.984676],"extended":true,"handId":765,"id":7653,"length":56.5201,"mcpPosition":[162.919,128.222,52.7406],"pipPosition":[171.435,134.164,14.9459],"stabilizedTipPosition":[170.01,140.744,-21.2948],"timeVisible":7.35461,"tipPosition":[176.156,143.803,-19.7219],"tipVelocity":[24.0284,-17.9679,-7.07441],"tool":false,"touchDistance":0.333274,"touchZone":"hovering","type":3,"width":17.2336},{"bases":[[[-0.266952,-0.950684,-0.157913],[0.867822,-0.308396,0.389586],[-0.419073,-0.0330397,0.907351]],[[-0.233198,-0.945149,-0.22872],[0.954875,-0.267053,0.129985],[-0.183936,-0.188086,0.964775]],[[-0.233198,-0.945149,-0.22872],[0.969119,-0.206494,-0.13479],[0.0801672,-0.253089,0.964116]],[[-0.233198,-0.945149,-0.22872],[0.9473,-0.167674,-0.272963],[0.21964,-0.28032,0.93444]]],"btipPosition":[160.04,123.49,-7.97691],"carpPosition":[136.857,107.326,100.632],"dipPosition":[163.361,119.251,6.15281],"direction":[-0.0801672,0.253089,-0.964116],"extended":true,"handId":765,"id":7654,"length":44.3107,"mcpPosition":[159.031,109.074,52.6215],"pipPosition":[164.737,114.908,22.6951