{"frames":81,"data":[{"currentFrameRate":114.931,"devices":[],"gestures":[],"hands":[{"armBasis":[[0.995289,-0.0563779,0.0788761],[0.00223904,0.826698,0.562642],[-0.0969273,-0.559815,0.822929]],"armWidth":51.8058,"confidence":1,"direction":[0.29754,0.468173,-0.832036],"elbow":[51.6787,-46.7204,262.751],"grabAngle":3.14159,"grabStrength":1,"id":818,"palmNormal":[-0.0262568,-0.867165,-0.497328],"palmPosition":[84.2706,107.471,21.9694],"palmVelocity":[-46.5706,-63.9596,-12.1592],"palmWidth":75.7756,"pinchDistance":35.4655,"pinchStrength":0,"r":[[0.828958,0.326453,0.454155],[-0.31372,0.943618,-0.105661],[-0.463042,-0.0548891,0.884635]],"s":0.915794,"sphereCenter":[71.2773,92.8106,-7.55841],"sphereRadius":36.1405,"stabilizedPalmPosition":[84.6665,108.052,22.0746],"t":[31.1904,-16.6616,-64.1471],"timeVisible":6.07048,"type":"right","wrist":[73.4731,79.1559,77.7123]}],"id":1378030,"interactionBox":{"center":[0,200,0],"size":[235.247,235.247,147.751]},"pointables":[{"bases":[[[0.465572,0.798636,0.381345],[-0.872431,0.341768,0.34937],[0.148688,-0.495354,0.855872]],[[0.399121,0.910786,0.105697],[-0.835115,0.313507,0.451992],[0.378532,-0.268669,0.885738]],[[0.399121,0.910786,0.105697],[-0.813732,0.298727,0.498601],[0.422544,-0.285011,0.860363]],[[0.399121,0.910786,0.105697],[-0.723696,0.242138,0.646246],[0.562998,-0.334422,0.755774]]],"btipPosition":[15.7151,108.423,-19.2703],"carpPosition":[53.3013,83.3567,54.8001],"dipPosition":[26.1528,102.223,-5.25863],"direction":[-0.422544,0.285011,-0.860363],"extended":true,"handId":818,"id":8180,"length":41.2847,"mcpPosition":[53.3013,83.3567,54.8001],"pipPosition":[37.5654,94.5255,17.9792],"stabilizedTipPosition":[18.4096,107.066,-16.1103],"timeVisible":6.07048,"tipPosition":[20.9056,100.57,-18.8739],"tipVelocity":[-63.6194,-13.356,13.2455],"tool":false,"touchDistance":-0.295682,"touchZone":"touching","type":0,"width":16.288},{"bases":[[[0.990758,-0.0888035,0.102534],[0.0457072,0.930264,0.364033],[-0.127711,-0.355982,0.925725]],[[0.998954,-0.0431261,-0.0152203],[0.00728317,0.478578,-0.878015],[0.0451495,0.876985,0.478392]],[[0.998954,-0.0431261,-0.0152203],[-0.0426582,-0.758698,-0.650044],[0.0164863,0.650013,-0.759744]],[[0.998954,-0.0431261,-0.0152203],[-0.0422215,-0.997568,0.0554512],[-0.0175747,-0.0547506,-0.998345]]],"btipPosition":[69.0007,80.7679,12.1948],"carpPosition":[62.7904,100.509,57.1345],"dipPosition":[68.7628,80.0268,-1.31736],"direction":[-0.0164863,-0.650013,0.759744],"extended":false,"handId":818,"id":8181,"length":46.5852,"mcpPosition":[70.6151,122.319,0.417109],"pipPosition":[69.0785,92.4726,-15.8641],"stabilizedTipPosition":[70.378,82.6136,8.96235],"timeVisible":6.07048,"tipPosition":[68.7306,82.4373,-2.21648],"tipVelocity":[-72.9769,-67.1764,-20.4885],"tool":false,"touchDistance":0.333333,"touchZone":"none","type":1,"width":15.5583},{"bases":[[[0.941989,-0.293359,0.163089],[0.209734,0.893817,0.396363],[-0.262049,-0.339164,0.903492]],[[0.956007,-0.272493,0.108619],[0.227652,0.455661,-0.860551],[0.185001,0.84742,0.497649]],[[0.956007,-0.272493,0.108619],[-0.150493,-0.773431,-0.615757],[0.251799,0.572322,-0.780413]],[[0.956007,-0.272493,0.108619],[-0.282765,-0.954572,0.0940051],[0.0780686,-0.120583,-0.989629]]],"btipPosition":[74.2957,77.3537,19.0519],"carpPosition":[72.9682,101.101,58.2365],"dipPosition":[75.4579,75.5587,4.31998],"direction":[-0.251799,-0.572322,0.780413],"extended":false,"handId":818,"id":8182,"length":53.0801,"mcpPosition":[88.1938,120.808,5.7417],"pipPosition":[81.13,88.451,-13.2598],"stabilizedTipPosition":[76.6264,79.5188,14.6998],"timeVisible":6.07048,"tipPosition":[76.0706,77.3885,4.24804],"tipVelocity":[-77.4227,-71.6106,-13.3007],"tool":false,"touchDistance":0.333333,"touchZone":"none","type":2,"width":15.2803},{"bases":[[[0.87465,-0.406612,0.263921],[0.268038,0.859306,0.435602],[-0.40391,-0.310258,0.860579]],[[0.897296,-0.387276,0.211843],[0.378402,0.427694,-0.820908],[0.227314,0.816759,0.530314]],[[0.897296,-0.387276,0.211843],[-0.177357,-0.755751,-0.630384],[0.404233,0.52807,-0.746819]],[[0.897296,-0.387276,0.211843],[-0.399777,-0.916437,0.017958],[0.187186,-0.100803,-0.977139]]],"btipPosition":[84.2783,76.1974,26.7651],"carpPosition":[82.8946,99.0168,59.5768],"dipPosition":[87.0488,74.7055,12.3027],"direction":[-0.404233,-0.52807,0.746819],"extended":false,"handId":818,"id":8183,"length":51.0379,"mcpPosition":[103.965,115.202,14.6838],"pipPosition":[95.9195,86.2937,-4.08587],"stabilizedTipPosition":[88.218,79.5673,21.1567],"timeVisible":6.07048,"tipPosition":[87.5298,76.0762,13.121],"tipVelocity":[-76.0652,-80.5962,-24.2402],"tool":false,"touchDistance":0.333333,"touchZone":"none","type":3,"width":14.5402},{"bases":[[[0.765632,-0.576143,0.286124],[0.36407,0.754793,0.545656],[-0.53034,-0.313602,0.78765]],[[0.826112,-0.532252,0.185057],[0.470266,0.47025,-0.746803],[0.310465,0.703969,0.63878]],[[0.826112,-0.532252,0.185057],[-0.240687,-0.630222,-0.738166],[0.509518,0.565268,-0.648741]],[[0.826112,-0.532252,0.185057],[-0.514756,-0.846405,-0.13647],[0.22927,0.0174807,-0.973206]]],"btipPosition":[97.485,77.4549,27.9464],"carpPosition":[91.5962,91.0263,60.5341],"dipPosition":[100.616,77.6936,14.6579],"direction":[-0.509518,-0.565268,0.648741],"extended":false,"handId":818,"id":8184,"length":40.0128,"mcpPosition":[117.206,106.17,22.4988],"pipPosition":[108.51,86.4517,4.60642],"stabilizedTipPosition":[101.999,82.6882,22.8576],"timeVisible":6.07048,"tipPosition":[100.808,78.438,15.0677],"tipVelocity":[-80.6877,-97.8599,-35.0664],"tool":false,"touchDistance":0.333333,"touchZone":"none","type":4,"width":12.9157}],"r":[[0.828958,0.326453,0.454155],[-0.31372,0.943618,-0.105661],[-0.463042,-0.0548891,0.884635]],"s":0.915794,"t":[31.1904,-16.6616,-64.1471],"timestamp":747476964223},{"currentFrameRate":114.762,"devices":[],"gestures":[],"hands":[{"armBasis":[[0.995137,-0.064696,0.074274],[0.0117693,0.826748,0.562449],[-0.0977941,-0.558839,0.823489]],"armWidth":51.8058,"confidence":1,"direction":[0.295429,0.464488,-0.834849],"elbow":[51.1659,-47.0228,262.883],"grabAngle":3.14159,"grabStrength":1,"id":818,"palmNormal":[-0.0361366,-0.867795,-0.495606],"palmPosition":[83.8086,106.781,21.8647],"palmVelocity":[-51.3193,-76.6207,-11.6389],"palmWidth":75.7756,"pinchDistance":35.3169,"pinchStrength":0,"r":[[0.83148,0.322105,0.452647],[-0.309527,0.945184,-0.104016],[-0.461339,-0.0536192,0.885602]],"s":0.91552,"sphereCenter":[70.5784,92.1144,-7.5251],"sphereRadius":36.0874,"stabilizedPalmPosition":[84.2356,107.414,21.9691],"t":[30.7743,-17.2764,-64.2477],"timeVisible":6.07948,"type":"right","wrist":[73.1553,78.6342,77.7182]}],"id":1378031,"interactionBox":{"center":[0,200,0],"size":[235.247,235.247,147.751]},"pointables":[{"bases":[[[0.47413,0.795759,0.376786],[-0.867456,0.348932,0.354635],[0.150732,-0.494989,0.855725]],[[0.4065,0.908067,0.100857],[-0.831401,0.321871,0.452958],[0.378854,-0.26798,0.885808]],[[0.4065,0.908067,0.100857],[-0.808337,0.305994,0.502951],[0.425852,-0.285976,0.85841]],[[0.4065,0.908067,0.100857],[-0.715572,0.247789,0.653114],[0.56808,-0.337661,0.750513]]],"btipPosition":[15.098,108.082,-18.9772],"carpPosition":[52.8812,82.9575,54.9458],"dipPosition":[25.6299,101.822,-5.06307],"direction":[-0.425852,0.285976,-0.85841],"extended":true,"handId":818,"id":8180,"length":41.2847,"mcpPosition":[52.8812,82.9575,54.9458],"pipPosition":[37.1319,94.0977,18.122],"stabilizedTipPosition":[17.8108,106.781,-15.8858],"timeVisible":6.07948,"tipPosition":[20.0895,100.361,-18.5069],"tipVelocity":[-66.1447,-39.4998,30.0703],"tool":false,"touchDistance":-0.290387,"touchZone":"touching","type":0,"width":16.288},{"bases":[[[0.990731,-0.0960898,0.0960132],[0.0551608,0.930517,0.362072],[-0.124133,-0.353419,0.927192]],[[0.998476,-0.050772,-0.0216328],[0.00509377,0.475089,-0.879923],[0.0549529,0.878472,0.474623]],[[0.998476,-0.050772,-0.0216328],[-0.0525803,-0.756081,-0.652363],[0.0167656,0.652506,-0.757598]],[[0.998476,-0.050772,-0.0216328],[-0.0494993,-0.997215,0.0557835],[-0.0244048,-0.0546277,-0.998209]]],"btipPosition":[68.2591,80.0436,12.2417],"carpPosition":[62.5146,100.042,57.1859],"dipPosition":[67.9288,79.3043,-1.26868],"direction":[-0.0167656,-0.652506,0.757598],"extended":false,"handId":818,"id":8181,"length":46.5852,"mcpPosition":[70.12,121.695,0.378622],"pipPosition":[68.2498,91.7977,-15.7743],"stabilizedTipPosition":[69.7143,81.7851,9.01434],"timeVisible":6.07948,"tipPosition":[67.9201,81.8073,-2.07537],"tipVelocity":[-84.7503,-80.4174,5.24961],"tool":false,"touchDistance":0.333333,"touchZone":"none","type":1,"width":15.5583},{"bases":[[[0.940835,-0.300168,0.157257],[0.219123,0.89289,0.39336],[-0.258487,-0.335628,0.905836]],[[0.954641,-0.279502,0.102656],[0.224574,0.449479,-0.864601],[0.195516,0.848438,0.49186]],[[0.954641,-0.279502,0.102656],[-0.158949,-0.769894,-0.618061],[0.251784,0.573709,-0.779399]],[[0.954641,-0.279502,0.102656],[-0.289488,-0.951912,0.100297],[0.0696867,-0.125465,-0.989648]]],"btipPosition":[73.548,76.6088,19.096],"carpPosition":[72.7038,100.559,58.2183],"dipPosition":[74.5854,74.741,4.36377],"direction":[-0.251784,-0.573709,0.779399],"extended":false,"handId":818,"id":8182,"length":53.0801,"mcpPosition":[87.7224,120.06,5.58731],"pipPosition":[80.2571,87.6646,-13.1932],"stabilizedTipPosition":[75.8723,78.6321,14.9674],"timeVisible":6.07948,"tipPosition":[75.2491,76.7258,4.36162],"tipVelocity":[-86.2583,-84.6204,4.88892],"tool":false,"touchDistance":0.333333,"touchZone":"none","type":2,"width":15.2803},{"bases":[[[0.873328,-0.412737,0.258741],[0.27743,0.858009,0.432265],[-0.400413,-0.305727,0.863829]],[[0.895767,-0.393661,0.206476],[0.375619,0.421909,-0.825168],[0.237723,0.816715,0.525799]],[[0.895767,-0.393661,0.206476],[-0.184433,-0.751751,-0.633131],[0.404458,0.529056,-0.745998]],[[0.895767,-0.393661,0.206476],[-0.406819,-0.913197,0.0238523],[0.179164,-0.105365,-0.978161]]],"btipPosition":[83.5698,75.394,26.6711],"carpPosition":[82.623,98.4023,59.4954],"dipPosition":[86.2215,73.8346,12.1935],"direction":[-0.404458,-0.529056,0.745998],"extended":false,"handId":818,"id":8183,"length":51.0379,"mcpPosition":[103.511,114.351,14.4329],"pipPosition":[95.0972,85.4445,-4.17702],"stabilizedTipPosition":[87.3797,78.6266,21.6102],"timeVisible":6.07948,"tipPosition":[86.7474,75.3448,13.147],"tipVelocity":[-81.7541,-90.9798,-10.8338],"tool":false,"touchDistance":0.333333,"touchZone":"none","type":3,"width":14.5402},{"bases":[[[0.76319,-0.581403,0.281977],[0.373414,0.752965,0.541854],[-0.527355,-0.308244,0.791759]],[[0.823244,-0.538206,0.180564],[0.46843,0.464346,-0.751636],[0.320691,0.703361,0.634382]],[[0.823244,-0.538206,0.180564],[-0.245028,-0.623794,-0.742188],[0.512084,0.566759,-0.64541]],[[0.823244,-0.538206,0.180564],[-0.520329,-0.842563,-0.139089],[0.226995,0.0205513,-0.973679]]],"btipPosition":[96.7201,76.47,27.7],"carpPosition":[91.2706,90.3482,60.4081],"dipPosition":[99.8195,76.7506,14.405],"direction":[-0.512084,-0.566759,0.64541],"extended":false,"handId":818,"id":8184,"length":40.0128,"mcpPosition":[116.736,105.233,22.1744],"pipPosition":[107.754,85.5318,4.4052],"stabilizedTipPosition":[101.173,81.5753,23.1803],"timeVisible":6.07948,"tipPosition":[100.039,77.596,15.0541],"tipVelocity":[-85.7802,-108.347,-27.5349],"tool":false,"touchDistance":0.333333,"touchZone":"none","type":4,"width":12.9157}],"r":[[0.83148,0.322105,0.452647],[-0.309527,0.945184,-0.104016],[-0.461339,-0.0536192,0.885602]],"s":0.91552,"t":[30.7743,-17.2764,-64.2477],"timestamp":747476973224},{"currentFrameRate":115.033,"devices":[],"gestures":[],"hands":[{"armBasis":[[0.995022,-0.0724753,0.0683974],[0.0216026,0.8269,0.561933],[-0.0972842,-0.557659,0.82435]],"armWidth":51.8058,"confidence":1,"direction":[0.292802,0.460565,-0.837942],"elbow":[50.9682,-47.2812,263.092],"grabAngle":3.14159,"grabStrength":1,"id":818,"palmNormal":[-0.0462729,-0.868498,-0.493529],"palmPosition":[83.3107,106.074,21.7555],"palmVelocity":[-60.4847,-85.8557,-13.2563],"palmWidth":75.7756,"pinchDistance":35.1411,"pinchStrength":0,"r":[[0.834617,0.317549,0.450086],[-0.304892,0.946839,-0.102647],[-0.458754,-0.0515563,0.887066]],"s":0.914631,"sphereCenter":[69.8733,91.3753,-7.4789],"sphereRadius":36.0123,"stabilizedPalmPosition":[83.7868,106.764,21.8655],"t":[30.3174,-17.9371,-64.3526],"timeVisible":6.08772,"type":"right","wrist":[72.8429,78.1103,77.7341]}],"id":1378032,"interactionBox":{"center":[0,200,0],"size":[235.247,235.247,147.751]},"pointables":[{"bases":[[[0.482834,0.792928,0.371669],[-0.862197,0.356165,0.360226],[0.153258,-0.494381,0.855628]],[[0.413685,0.905461,0.0948975],[-0.827593,0.330561,0.453674],[0.379414,-0.266214,0.886101]],[[0.413685,0.905461,0.0948975],[-0.802997,0.313766,0.506702],[0.429023,-0.285817,0.856883]],[[0.413685,0.905461,0.0948975],[-0.708358,0.254637,0.658323],[0.571921,-0.33956,0.74673]]],"btipPosition":[14.4844,107.633,-18.7131],"carpPosition":[52.4478,82.551,55.1107],"dipPosition":[25.0875,101.338,-4.86914],"direction":[-0.429023,0.285817,-0.856883],"extended":true,"handId":818,"id":8180,"length":41.2847,"mcpPosition":[52.4478,82.551,55.1107],"pipPosition":[36.6752,93.6178,18.2746],"stabilizedTipPosition":[17.2346,106.394,-15.6542],"timeVisible":6.08772,"tipPosition":[19.2099,100.163,-18.09],"tipVelocity":[-72.5515,-55.5276,30.1188],"tool":false,"touchDistance":-0.285963,"touchZone":"touching","type":0,"width":16.288},{"bases":[[[0.990657,-0.103348,0.0889864],[0.0647915,0.930804,0.359729],[-0.120006,-0.350603,0.928804]],[[0.997883,-0.0583888,-0.0286488],[0.00230846,0.47201,-0.88159],[0.0649975,0.879658,0.471145]],[[0.997883,-0.0583888,-0.0286488],[-0.0628872,-0.753872,-0.654005],[0.016589,0.654421,-0.755948]],[[0.997883,-0.0583888,-0.0286488],[-0.0567108,-0.996805,0.0562491],[-0.0318416,-0.0545053,-0.998006]]],"btipPosition":[67.4792,79.3174,12.286],"carpPosition":[62.2253,99.5667,57.245],"dipPosition":[67.0482,78.5797,-1.22155],"direction":[-0.016589,-0.654422,0.755948],"extended":false,"handId":818,"id":8181,"length":46.5852,"mcpPosition":[69.5779,121.047,0.338987],"pipPosition":[67.3658,91.1098,-15.6956],"stabilizedTipPosition":[69.0313,81.0134,9.06261],"timeVisible":6.08772,"tipPosition":[67.063,81.1573,-1.93218],"tipVelocity":[-97.5582,-88.1792,5.46828],"tool":false,"touchDistance":0.333333,"touchZone":"none","type":1,"width":15.5583},{"bases":[[[0.939678,-0.306921,0.151015],[0.228691,0.892009,0.389899],[-0.254375,-0.331844,0.90839]],[[0.95324,-0.28647,0.0962729],[0.221014,0.443532,-0.86858],[0.206122,0.849243,0.486107]],[[0.95324,-0.28647,0.0962729],[-0.167789,-0.766616,-0.619796],[0.251357,0.57466,-0.778836]],[[0.95324,-0.28647,0.0962729],[-0.29605,-0.949161,0.106992],[0.0607286,-0.13049,-0.989588]]],"btipPosition":[72.7687,75.8619,19.1374],"carpPosition":[72.4254,100.01,58.202],"dipPosition":[73.6727,73.9194,4.40604],"direction":[-0.251357,-0.57466,0.778836],"extended":false,"handId":818,"id":8182,"length":53.0801,"mcpPosition":[87.2051,119.291,5.42258],"pipPosition":[79.3348,86.8643,-13.1382],"stabilizedTipPosition":[75.1302,77.8076,15.1677],"timeVisible":6.08772,"tipPosition":[74.386,76.0436,4.47368],"tipVelocity":[-98.398,-92.8158,5.05283],"tool":false,"touchDistance":0.333333,"touchZone":"none","type":2,"width":15.2803},{"bases":[[[0.872071,-0.418773,0.253222],[0.287016,0.856768,0.428451],[-0.396376,-0.300961,0.867357]],[[0.89427,-0.399973,0.200756],[0.372369,0.41619,-0.829534],[0.248239,0.816583,0.521124]],[[0.89427,-0.399973,0.200756],[-0.191879,-0.747942,-0.635425],[0.404307,0.529721,-0.745609]],[[0.89427,-0.399973,0.200756],[-0.413717,-0.909909,0.0300658],[0.170644,-0.109943,-0.97918]]],"btipPosition":[82.8305,74.5816,26.5748],"carpPosition":[82.3372,97.7807,59.4112],"dipPosition":[85.3562,72.9544,12.0822],"direction":[-0.404307,-0.529721,0.745609],"extended":false,"handId":818,"id":8183,"length":51.0379,"mcpPosition":[103.015,113.481,14.1646],"pipPosition":[94.2285,84.5789,-4.2798],"stabilizedTipPosition":[86.5751,77.7305,21.9409],"timeVisible":6.08772,"tipPosition":[85.926,74.5956,13.176],"tipVelocity":[-93.3236,-100.581,-12.1128],"tool":false,"touchDistance":0.333333,"touchZone":"none","type":3,"width":14.5402},{"bases":[[[0.760842,-0.58656,0.27761],[0.383007,0.751226,0.537555],[-0.523856,-0.302668,0.796221]],[[0.820429,-0.544062,0.175765],[0.466182,0.458574,-0.75656],[0.331015,0.702642,0.62986]],[[0.820429,-0.544062,0.175765],[-0.249743,-0.617552,-0.745828],[0.51432,0.568002,-0.642532]],[[0.820429,-0.544062,0.175765],[-0.525961,-0.838721,-0.14111],[0.22419,0.0233252,-0.974266]]],"btipPosition":[95.9255,75.4791,27.4441],"carpPosition":[90.9304,89.6636,60.2775],"dipPosition":[98.9866,75.7976,14.1411],"direction":[-0.51432,-0.568002,0.642532],"extended":false,"handId":818,"id":8184,"length":40.0128,"mcpPosition":[116.227,104.279,21.8284],"pipPosition":[106.955,84.5981,4.18588],"stabilizedTipPosition":[100.365,80.5045,23.3944],"timeVisible":6.08772,"tipPosition":[99.2314,76.7359,15.0324],"tipVelocity":[-97.5958,-119.312,-31.3088],"tool":false,"touchDistance":0.333333,"touchZone":"none","type":4,"width":12.9157}],"r":[[0.834617,0.317549,0.450086],[-0.304892,0.946839,-0.102647],[-0.458754,-0.0515563,0.887066]],"s":0.914631,"t":[30.3174,-17.9371,-64.3526],"timestamp":747476981456},{"currentFrameRate":115.099,"devices":[],"gestures":[],"hands":[{"armBasis":[[0.995045,-0.077067,0.0628148],[0.0287546,0.827861,0.560196],[-0.0951745,-0.555614,0.825975]],"armWidth":51.8058,"confidence":1,"direction":[0.291538,0.457742,-0.839927],"elbow":[50.9705,-47.4598,263.32],"grabAngle":3.14159,"grabStrength":1,"id":818,"palmNormal":[-0.0531933,-0.868955,-0.492025],"palmPosition":[82.7264,105.295,21.5258],"palmVelocity":[-68.1283,-90.9108,-26.7916],"palmWidth":75.7756,"pinchDistance":34.9501,"pinchStrength":0,"r":[[0.837845,0.313117,0.447185],[-0.300236,0.948442,-0.101572],[-0.455933,-0.0491593,0.888655]],"s":0.913395,"sphereCenter":[69.1484,90.5818,-7.59611],"sphereRadius":35.9608,"stabilizedPalmPosition":[83.2444,106.012,21.6917],"t":[29.7967,-18.6573,-64.5199],"timeVisible":6.09629,"type":"right","wrist":[72.3708,77.472,77.5964]}],"id":1378033,"interactionBox":{"center":[0,200,0],"size":[235.247,235.247,147.751]},"pointables":[{"bases":[[[0.488787,0.790837,0.368326],[-0.85863,0.361368,0.363548],[0.154406,-0.493954,0.855668]],[[0.418641,0.903627,0.0905393],[-0.825581,0.337145,0.452493],[0.37836,-0.264179,0.88716]],[[0.418641,0.903627,0.0905393],[-0.799237,0.319257,0.50921],[0.431231,-0.285538,0.855867]],[[0.418641,0.903627,0.0905393],[-0.702265,0.258905,0.663168],[0.575816,-0.341212,0.742974]]],"btipPosition":[13.8348,107.008,-18.7172],"carpPosition":[51.8861,81.9881,55.0535],"dipPosition":[24.5101,100.682,-4.94287],"direction":[-0.431231,0.285538,-0.855867],"extended":true,"handId":818,"id":8180,"length":41.2847,"mcpPosition":[51.8861,81.9881,55.0535],"pipPosition":[36.1573,92.9703,18.1735],"stabilizedTipPosition":[16.5781,105.81,-15.5812],"timeVisible":6.09629,"tipPosition":[18.3867,99.756,-17.989],"tipVelocity":[-73.8156,-73.6293,-2.3458],"tool":false,"touchDistance":-0.286001,"touchZone":"touching","type":0,"width":16.288},{"bases":[[[0.99047,-0.108596,0.0847087],[0.0714499,0.930964,0.358051],[-0.117744,-0.348587,0.929851]],[[0.997416,-0.0639646,-0.0327231],[0.00104506,0.46831,-0.883564],[0.0718413,0.881246,0.467167]],[[0.997416,-0.0639646,-0.0327231],[-0.0697522,-0.752828,-0.654511],[0.0172307,0.655102,-0.755344]],[[0.997416,-0.0639646,-0.0327231],[-0.0620155,-0.99642,0.0574623],[-0.0362815,-0.0552845,-0.997811]]],"btipPosition":[66.6954,78.5242,12.2169],"carpPosition":[61.7653,98.9535,57.1188],"dipPosition":[66.2043,77.7759,-1.28808],"direction":[-0.0172307,-0.655102,0.755344],"extended":false,"handId":818,"id":8181,"length":46.5852,"mcpPosition":[68.9792,120.311,0.148612],"pipPosition":[66.5342,90.3191,-15.7506],"stabilizedTipPosition":[68.2632,80.1787,9.0777],"timeVisible":6.09629,"tipPosition":[66.2402,80.418,-1.97902],"tipVelocity":[-93.0043,-92.7706,-7.99383],"tool":false,"touchDistance":0.333333,"touchZone":"none","type":1,"width":15.5583},{"bases":[[[0.938666,-0.311798,0.147268],[0.23527,0.891323,0.387546],[-0.252099,-0.329128,0.910011]],[[0.952094,-0.291501,0.0924348],[0.218656,0.437604,-0.872177],[0.213791,0.850606,0.480378]],[[0.952094,-0.291501,0.0924348],[-0.173614,-0.764077,-0.621325],[0.251744,0.575512,-0.778082]],[[0.952094,-0.291501,0.0924348],[-0.300902,-0.946918,0.113152],[0.0545442,-0.135545,-0.989269]]],"btipPosition":[71.9734,75.0411,19.0677],"carpPosition":[71.9718,99.3427,58.0295],"dipPosition":[72.7853,73.0233,4.34112],"direction":[-0.251744,-0.575512,0.778082],"extended":false,"handId":818,"id":8182,"length":53.0801,"mcpPosition":[86.6192,118.466,5.15593],"pipPosition":[78.4562,85.9874,-13.1862],"stabilizedTipPosition":[74.3126,76.9183,15.3089],"timeVisible":6.09629,"tipPosition":[73.5494,75.2814,4.42826],"tipVelocity":[-95.2062,-97.7325,-7.99705],"tool":false,"touchDistance":0.333333,"touchZone":"none","type":2,"width":15.2803},{"bases":[[[0.870912,-0.423132,0.249942],[0.293576,0.855823,0.425889],[-0.394113,-0.297535,0.869568]],[[0.892978,-0.404529,0.197349],[0.370239,0.410832,-0.833151],[0.255957,0.817052,0.516636]],[[0.892978,-0.404529,0.197349],[-0.196419,-0.744735,-0.6378],[0.404981,0.530778,-0.74449]],[[0.892978,-0.404529,0.197349],[-0.418793,-0.907409,0.0349605],[0.164934,-0.113867,-0.97971]]],"btipPosition":[82.0485,73.7021,26.3881],"carpPosition":[81.8767,97.0616,59.1977],"dipPosition":[84.4896,72.0168,11.8877],"direction":[-0.404981,-0.530778,0.74449],"extended":false,"handId":818,"id":8183,"length":51.0379,"mcpPosition":[102.436,112.583,13.8358],"pipPosition":[93.3768,83.6644,-4.44979],"stabilizedTipPosition":[85.7015,76.7576,22.1859],"timeVisible":6.09629,"tipPosition":[85.1115,73.7858,13.0655],"tipVelocity":[-93.4561,-104.12,-21.981],"tool":false,"touchDistance":0.333333,"touchZone":"none","type":3,"width":14.5402},{"bases":[[[0.758886,-0.590276,0.275077],[0.38948,0.74992,0.534719],[-0.521917,-0.298653,0.799005]],[[0.818145,-0.548339,0.173099],[0.464793,0.453412,-0.760516],[0.338535,0.702667,0.625821]],[[0.818145,-0.548339,0.173099],[-0.251509,-0.611966,-0.749827],[0.51709,0.569931,-0.638589]],[[0.818145,-0.548339,0.173099],[-0.529674,-0.835841,-0.144276],[0.223795,0.026353,-0.97428]]],"btipPosition":[95.0828,74.4489,27.122],"carpPosition":[90.4296,88.8992,60.0377],"dipPosition":[98.1386,74.8087,13.8188],"direction":[-0.51709,-0.569931,0.638589],"extended":false,"handId":818,"id":8184,"length":40.0128,"mcpPosition":[115.633,103.321,21.4541],"pipPosition":[106.15,83.6391,3.92469],"stabilizedTipPosition":[99.474,79.3419,23.5244],"timeVisible":6.09629,"tipPosition":[98.4194,75.8415,14.9075],"tipVelocity":[-98.4052,-119.016,-37.5642],"tool":false,"touchDistance":0.333333,"touchZone":"none","type":4,"width":12.9157}],"r":[[0.837845,0.313117,0.447185],[-0.300236,0.948442,-0.101572],[-0.455933,-0.0491593,0.888655]],"s":0.913395,"t":[29.7967,-18.6573,-64.5199],"timestamp":747476990032},{"currentFrameRate":115.067,"devices":[],"gestures":[],"hands":[{"armBasis":[[0.995217,-0.0779705,0.0588483],[0.0319726,0.829237,0.557982],[-0.0923053,-0.553432,0.827764]],"armWidth":51.8058,"confidence":1,"direction":[0.289924,0.45371,-0.842669],"elbow":[51.0882,-47.5932,263.527],"grabAngle":3.14159,"grabStrength":1,"id":818,"palmNormal":[-0.0567306,-0.870791,-0.488369],"palmPosition":[82.0717,104.436,21.1918],"palmVelocity":[-74.8746,-98.2611,-38.1887],"palmWidth":75.7756,"pinchDistance":34.7888,"pinchStrength":0,"r":[[0.840826,0.30953,0.444076],[-0.296133,0.94976,-0.101296],[-0.45312,-0.0463338,0.890245]],"s":0.912148,"sphereCenter":[68.3661,89.6234,-7.80372],"sphereRadius":35.9431,"stabilizedPalmPosition":[82.6222,105.176,21.4265],"t":[29.209,-19.4471,-64.7706],"timeVisible":6.10504,"type":"right","wrist":[71.8433,76.8478,77.4009]}],"id":1378034,"interactionBox":{"center":[0,200,0],"size":[235.247,235.247,147.751]},"pointables":[{"bases":[[[0.491752,0.79118,0.363612],[-0.85665,0.364787,0.364803],[0.155984,-0.490881,0.857149]],[[0.420567,0.903336,0.0843014],[-0.824975,0.342102,0.44987],[0.377544,-0.258747,0.889107]],[[0.420567,0.903336,0.0843014],[-0.796368,0.323049,0.511309],[0.434651,-0.282175,0.855252]],[[0.420567,0.903336,0.0843014],[-0.695966,0.261615,0.668722],[0.582027,-0.339914,0.738718]]],"btipPosition":[13.0595,106.013,-18.8464],"carpPosition":[51.2844,81.3339,54.9097],"dipPosition":[23.85,99.7116,-5.15098],"direction":[-0.434651,0.282175,-0.855252],"extended":true,"handId":818,"id":8180,"length":41.2847,"mcpPosition":[51.2844,81.3339,54.9097],"pipPosition":[35.5896,92.0902,17.9488],"stabilizedTipPosition":[15.8237,104.903,-15.6651],"timeVisible":6.10504,"tipPosition":[17.5761,98.9379,-18.0755],"tipVelocity":[-85.6242,-113.144,-16.8484],"tool":false,"touchDistance":-0.287945,"touchZone":"touching","type":0,"width":16.288},{"bases":[[[0.990483,-0.110528,0.0820197],[0.0747049,0.932222,0.354092],[-0.115598,-0.344595,0.931607]],[[0.997163,-0.0665338,-0.0352129],[-0.000526216,0.461603,-0.887087],[0.0752757,0.884588,0.460258]],[[0.997163,-0.0665338,-0.0352129],[-0.0733466,-0.753466,-0.653382],[0.0169403,0.654111,-0.756209]],[[0.997163,-0.0665338,-0.0352129],[-0.0643755,-0.996166,0.059237],[-0.0390192,-0.056802,-0.997623]]],"btipPosition":[65.9331,77.5365,12.1155],"carpPosition":[61.2088,98.2847,56.8759],"dipPosition":[65.405,76.7677,-1.3869],"direction":[-0.0169403,-0.654111,0.756209],"extended":false,"handId":818,"id":8181,"length":46.5852,"mcpPosition":[68.2912,119.397,-0.201883],"pipPosition":[65.7293,89.2919,-15.866],"stabilizedTipPosition":[67.4546,79.2489,9.05536],"timeVisible":6.10504,"tipPosition":[65.4578,79.4827,-2.05594],"tipVelocity":[-88.1433,-113.48,-11.5243],"tool":false,"touchDistance":0.333333,"touchZone":"none","type":1,"width":15.5583},{"bases":[[[0.938414,-0.313358,0.145555],[0.238526,0.892324,0.383228],[-0.24997,-0.324908,0.912113]],[[0.951714,-0.293312,0.0905995],[0.215868,0.429588,-0.876844],[0.218268,0.854062,0.472162]],[[0.951714,-0.293312,0.0905995],[-0.176332,-0.763897,-0.620781],[0.251291,0.57483,-0.778732]],[[0.951714,-0.293312,0.0905995],[-0.30288,-0.945266,0.121391],[0.0500353,-0.14297,-0.988461]]],"btipPosition":[71.2032,74.1011,18.9853],"carpPosition":[71.4189,98.6541,57.7529],"dipPosition":[71.948,71.9728,4.27071],"direction":[-0.251291,-0.57483,0.778732],"extended":false,"handId":818,"id":8182,"length":53.0801,"mcpPosition":[85.9427,117.532,4.75714],"pipPosition":[77.6087,84.9216,-13.2712],"stabilizedTipPosition":[73.4613,75.9602,15.3935],"timeVisible":6.10504,"tipPosition":[72.7582,74.3675,4.35698],"tipVelocity":[-89.8351,-110.389,-9.10911],"tool":false,"touchDistance":0.333333,"touchZone":"none","type":2,"width":15.2803},{"bases":[[[0.870731,-0.424125,0.248888],[0.296872,0.856843,0.421529],[-0.392039,-0.29315,0.871991]],[[0.892672,-0.405784,0.196152],[0.367725,0.404085,-0.837552],[0.260603,0.81979,0.509932]],[[0.892672,-0.405784,0.196152],[-0.197873,-0.743871,-0.638359],[0.404947,0.531032,-0.744327]],[[0.892672,-0.405784,0.196152],[-0.420992,-0.906119,0.0413949],[0.160939,-0.11953,-0.979699]]],"btipPosition":[81.2813,72.7481,26.1965],"carpPosition":[81.3223,96.3549,58.8989],"dipPosition":[83.6633,70.9789,11.6962],"direction":[-0.404947,-0.531032,0.744327],"extended":false,"handId":818,"id":8183,"length":51.0379,"mcpPosition":[101.773,111.647,13.4106],"pipPosition":[92.5497,82.6322,-4.63772],"stabilizedTipPosition":[84.7949,75.7236,22.3441],"timeVisible":6.10504,"tipPosition":[84.3356,72.8826,12.9393],"tipVelocity":[-89.2855,-111.295,-21.911],"tool":false,"touchDistance":0.333333,"touchZone":"none","type":3,"width":14.5402},{"bases":[[[0.758403,-0.59091,0.275045],[0.392879,0.751158,0.53048],[-0.520068,-0.294258,0.801836]],[[0.817301,-0.549634,0.172979],[0.462766,0.447249,-0.765386],[0.343318,0.705599,0.619889]],[[0.817301,-0.549634,0.172979],[-0.250265,-0.609011,-0.752644],[0.519025,0.571846,-0.635299]],[[0.817301,-0.549634,0.172979],[-0.5306,-0.834951,-0.146016],[0.224684,0.0275561,-0.974042]]],"btipPosition":[94.247,73.3857,26.8041],"carpPosition":[89.8591,88.1764,59.7446],"dipPosition":[97.3149,73.7619,13.5042],"direction":[-0.519025,-0.571846,0.6353],"extended":false,"handId":818,"id":8184,"length":40.0128,"mcpPosition":[114.973,102.386,21.0243],"pipPosition":[105.357,82.622,3.66104],"stabilizedTipPosition":[98.5326,78.1198,23.5704],"timeVisible":6.10504,"tipPosition":[97.6363,74.8987,14.7762],"tipVelocity":[-95.2572,-121.151,-36.2623],"tool":false,"touchDistance":0.333333,"touchZone":"none","type":4,"width":12.9157}],"r":[[0.840826,0.30953,0.444076],[-0.296133,0.94976,-0.101296],[-0.45312,-0.0463338,0.890245]],"s":0.912148,"t":[29.209,-19.4471,-64.7706],"timestamp":747476998777},{"currentFrameRate":115.135,"devices":[],"gestures":[],"hands":[{"armBasis":[[0.995471,-0.0775992,0.054916],[0.0341103,0.83076,0.555585],[-0.0887349,-0.551196,0.829644]],"armWidth":51.8058,"confidence":1,"direction":[0.288957,0.448211,-0.845938],"elbow":[51.266,-47.6523,263.693],"grabAngle":3.14159,"grabStrength":1,"id":818,"palmNormal":[-0.0597047,-0.873474,-0.483195],"palmPosition":[81.3515,103.553,20.7642],"palmVelocity":[-84.0475,-102.938,-49.8983],"palmWidth":75.7756,"pinchDistance":34.6312,"pinchStrength":0,"r":[[0.843524,0.306801,0.44084],[-0.292489,0.950808,-0.102049],[-0.450464,-0.0428596,0.891765]],"s":0.910949,"sphereCenter":[67.5279,88.5998,-8.08996],"sphereRadius":35.9344,"stabilizedPalmPosition":[81.943,104.309,21.0725],"t":[28.5551,-20.283,-65.1097],"timeVisible":6.11361,"type":"right","wrist":[71.2183,76.2859,77.1447]}],"id":1378035,"interactionBox":{"center":[0,200,0],"size":[235.247,235.247,147.751]},"pointables":[{"bases":[[[0.494268,0.792212,0.357908],[-0.855032,0.368724,0.364641],[0.156904,-0.486254,0.859615]],[[0.422357,0.903144,0.0771115],[-0.824706,0.347583,0.446146],[0.376131,-0.252027,0.891632]],[[0.422357,0.903144,0.0771115],[-0.793798,0.327463,0.512497],[0.437607,-0.277667,0.85522]],[[0.422357,0.903144,0.0771115],[-0.689843,0.265086,0.673681],[0.58799,-0.337728,0.734988]]],"btipPosition":[12.2359,104.951,-19.1058],"carpPosition":[50.5925,80.713,54.6853],"dipPosition":[23.1369,98.6896,-5.47951],"direction":[-0.437607,0.277667,-0.85522],"extended":true,"handId":818,"id":8180,"length":41.2847,"mcpPosition":[50.5925,80.713,54.6853],"pipPosition":[34.9564,91.19,17.6194],"stabilizedTipPosition":[15.0277,103.877,-15.891],"timeVisible":6.11361,"tipPosition":[16.741,98.0043,-18.3078],"tipVelocity":[-93.1502,-122.903,-32.127],"tool":false,"touchDistance":-0.291613,"touchZone":"touching","type":0,"width":16.288},{"bases":[[[0.990431,-0.112174,0.0803982],[0.0775019,0.93409,0.348524],[-0.114195,-0.338958,0.933845]],[[0.99694,-0.0690475,-0.036635],[-0.00140837,0.452747,-0.891638],[0.0781517,0.888961,0.451265]],[[0.99694,-0.0690475,-0.036635],[-0.0762411,-0.755659,-0.650512],[0.0172327,0.651315,-0.758612]],[[0.99694,-0.0690475,-0.036635],[-0.0666399,-0.995767,0.0633055],[-0.040851,-0.0606704,-0.997322]]],"btipPosition":[65.1171,76.5172,11.9813],"carpPosition":[60.5574,97.6536,56.5308],"dipPosition":[64.5642,75.696,-1.51706],"direction":[-0.0172327,-0.651315,0.758612],"extended":false,"handId":818,"id":8181,"length":46.5852,"mcpPosition":[67.5539,118.421,-0.68413],"pipPosition":[64.8941,88.1667,-16.0421],"stabilizedTipPosition":[66.6289,78.2704,8.99549],"timeVisible":6.11361,"tipPosition":[64.6348,78.4804,-2.18814],"tipVelocity":[-95.8945,-120.365,-15.5565],"tool":false,"touchDistance":0.333333,"touchZone":"none","type":1,"width":15.5583},{"bases":[[[0.938075,-0.314523,0.145224],[0.241304,0.89401,0.377517],[-0.248569,-0.319096,0.914544]],[[0.951293,-0.294822,0.0901231],[0.213679,0.419827,-0.882092],[0.222224,0.858385,0.462376]],[[0.951293,-0.294822,0.0901231],[-0.178464,-0.765004,-0.618805],[0.251382,0.572581,-0.780358]],[[0.951293,-0.294822,0.0901231],[-0.304788,-0.943339,0.131206],[0.0463341,-0.152284,-0.98725]]],"btipPosition":[70.3752,73.1398,18.8657],"carpPosition":[70.7703,98.0062,57.3823],"dipPosition":[71.0649,70.8729,4.16919],"direction":[-0.251382,-0.572581,0.780358],"extended":false,"handId":818,"id":8182,"length":53.0801,"mcpPosition":[85.2127,116.546,4.24533],"pipPosition":[76.7276,83.771,-13.4094],"stabilizedTipPosition":[72.5988,74.9756,15.4206],"timeVisible":6.11361,"tipPosition":[71.9211,73.4006,4.24137],"tipVelocity":[-98.1088,-115.904,-13.4686],"tool":false,"touchDistance":0.333333,"touchZone":"none","type":2,"width":15.2803},{"bases":[[[0.870394,-0.424545,0.249349],[0.299662,0.858626,0.415889],[-0.390661,-0.287267,0.874563]],[[0.892254,-0.406556,0.196458],[0.365831,0.395857,-0.842298],[0.264672,0.823414,0.501935]],[[0.892254,-0.406556,0.196458],[-0.198804,-0.744363,-0.637496],[0.405414,0.529752,-0.744985]],[[0.892254,-0.406556,0.196458],[-0.423025,-0.904801,0.0488336],[0.157902,-0.126679,-0.979295]]],"btipPosition":[80.4492,71.7843,25.9739],"carpPosition":[80.6713,95.6925,58.519],"dipPosition":[82.7863,69.9094,11.4796],"direction":[-0.405414,-0.529752,0.744985],"extended":false,"handId":818,"id":8183,"length":51.0379,"mcpPosition":[101.051,110.678,12.8965],"pipPosition":[91.6829,81.5345,-4.86874],"stabilizedTipPosition":[83.8815,74.6754,22.4151],"timeVisible":6.11361,"tipPosition":[83.5071,71.9435,12.7758],"tipVelocity":[-98.309,-115.309,-25.8116],"tool":false,"touchDistance":0.333333,"touchZone":"none","type":3,"width":14.5402},{"bases":[[[0.757772,-0.590935,0.276727],[0.395693,0.753366,0.52523],[-0.518853,-0.288506,0.804708]],[[0.816386,-0.550493,0.174561],[0.461283,0.439723,-0.770624],[0.347465,0.709649,0.612917]],[[0.816386,-0.550493,0.174561],[-0.248462,-0.607668,-0.754325],[0.521326,0.572449,-0.632868]],[[0.816386,-0.550493,0.174561],[-0.531403,-0.834417,-0.146146],[0.226109,0.0265495,-0.97374]]],"btipPosition":[93.3506,72.3231,26.4669],"carpPosition":[89.1926,87.5007,59.3925],"dipPosition":[96.438,72.6857,13.1711],"direction":[-0.521326,-0.572449,0.632868],"extended":false,"handId":818,"id":8184,"length":40.0128,"mcpPosition":[114.248,101.432,20.5335],"pipPosition":[104.515,81.555,3.36559],"stabilizedTipPosition":[97.5721,76.8927,23.5357],"timeVisible":6.11361,"tipPosition":[96.7996,73.9253,14.6087],"tipVelocity":[-104.087,-124.366,-39.2467],"tool":false,"touchDistance":0.333333,"touchZone":"none","type":4,"width":12.9157}],"r":[[0.843524,0.306801,0.44084],[-0.292489,0.950808,-0.102049],[-0.450464,-0.0428596,0.891765]],"s":0.910949,"t":[28.5551,-20.283,-65.1097],"timestamp":747477007346},{"currentFrameRate":114.756,"devices":[],"gestures":[],"hands":[{"armBasis":[[0.995792,-0.0763512,0.0506807],[0.0357161,0.832653,0.552642],[-0.0843943,-0.548507,0.831876]],"armWidth":51.8058,"confidence":1,"direction":[0.2895,0.442575,-0.848715],"elbow":[51.4703,-47.6705,263.91],"grabAngle":3.14159,"grabStrength":1,"id":818,"palmNormal":[-0.0620774,-0.876137,-0.478049],"palmPosition":[80.5644,102.601,20.3187],"palmVelocity":[-84.0878,-101.731,-47.6],"palmWidth":75.7756,"pinchDistance":34.5414,"pinchStrength":0,"r":[[0.845866,0.304717,0.437788],[-0.289134,0.951651,-0.103739],[-0.448233,-0.0388305,0.893073]],"s":0.910025,"sphereCenter":[66.6219,87.5131,-8.43346],"sphereRadius":35.9394,"stabilizedPalmPosition":[81.145,103.32,20.6362],"t":[27.8346,-21.1771,-65.502],"timeVisible":6.12297,"type":"right","wrist":[70.4467,75.6631,76.8593]}],"id":1378036,"interactionBox":{"center":[0,200,0],"size":[235.247,235.247,147.751]},"pointables":[{"bases":[[[0.49637,0.79311,0.352978],[-0.853929,0.37288,0.362996],[0.156277,-0.481598,0.862346]],[[0.424184,0.902831,0.0704553],[-0.82495,0.353154,0.441293],[0.373532,-0.245312,0.894593]],[[0.424184,0.902831,0.0704553],[-0.791519,0.331835,0.513209],[0.439962,-0.273462,0.855367]],[[0.424184,0.902831,0.0704553],[-0.68347,0.268135,0.67895],[0.594085,-0.336153,0.730796]]],"btipPosition":[11.347,103.848,-19.4493],"carpPosition":[49.7721,80.0325,54.3911],"dipPosition":[22.361,97.6164,-5.90076],"direction":[-0.439962,0.273462,-0.855367],"extended":true,"handId":818,"id":8180,"length":41.2847,"mcpPosition":[49.7721,80.0325,54.3911],"pipPosition":[34.2441,90.2304,17.2021],"stabilizedTipPosition":[14.1361,102.741,-16.2346],"timeVisible":6.12297,"tipPosition":[15.9019,97.0178,-18.664],"tipVelocity":[-92.189,-117.065,-38.6121],"tool":false,"touchDistance":-0.296206,"touchZone":"touching","type":0,"width":16.288},{"bases":[[[0.990211,-0.114059,0.0804556],[0.0799356,0.935922,0.343016],[-0.114424,-0.333227,0.935878]],[[0.996752,-0.0716893,-0.0366759],[-0.000829053,0.446293,-0.894887],[0.0805219,0.892011,0.444784]],[[0.996752,-0.0716893,-0.0366759],[-0.0782856,-0.755986,-0.64989],[0.0188637,0.650651,-0.759143]],[[0.996752,-0.0716893,-0.0366759],[-0.0693356,-0.995674,0.0618569],[-0.0409517,-0.0591131,-0.997411]]],"btipPosition":[64.2416,75.3601,11.6895],"carpPosition":[59.7784,96.9599,56.1316],"dipPosition":[63.6874,74.56,-1.81003],"direction":[-0.0188637,-0.650651,0.759143],"extended":false,"handId":818,"id":8181,"length":46.5852,"mcpPosition":[66.789,117.376,-1.20783],"pipPosition":[64.0485,87.018,-16.3453],"stabilizedTipPosition":[65.7071,77.1361,8.84488],"timeVisible":6.12297,"tipPosition":[63.778,77.409,-2.35171],"tipVelocity":[-93.5636,-123.099,-31.2004],"tool":false,"touchDistance":0.333333,"touchZone":"none","type":1,"width":15.5583},{"bases":[[[0.937415,-0.3159,0.146494],[0.24366,0.895622,0.372143],[-0.248763,-0.313158,0.916542]],[[0.950645,-0.296554,0.0912707],[0.213337,0.411115,-0.886268],[0.225303,0.861998,0.454091]],[[0.950645,-0.296554,0.0912707],[-0.179427,-0.765394,-0.618044],[0.253141,0.571164,-0.780827]],[[0.950645,-0.296554,0.0912707],[-0.30699,-0.941679,0.13783],[0.0450737,-0.159047,-0.986242]]],"btipPosition":[69.4703,72.0764,18.6542],"carpPosition":[69.9926,97.2931,56.9749],"dipPosition":[70.1413,69.7087,3.97264],"direction":[-0.253141,-0.571164,0.780827],"extended":false,"handId":818,"id":8182,"length":53.0801,"mcpPosition":[84.4463,115.488,3.72186],"pipPosition":[75.8437,82.5749,-13.6165],"stabilizedTipPosition":[71.6307,73.8546,15.374],"timeVisible":6.12297,"tipPosition":[71.0384,72.3668,4.08716],"tipVelocity":[-97.1291,-116.091,-22.2339],"tool":false,"touchDistance":0.333333,"touchZone":"none","type":2,"width":15.2803},{"bases":[[[0.869537,-0.425152,0.2513],[0.301957,0.860325,0.410686],[-0.390804,-0.281225,0.876461]],[[0.891406,-0.407523,0.198292],[0.365845,0.388802,-0.845571],[0.267494,0.826291,0.495671]],[[0.891406,-0.407523,0.198292],[-0.198348,-0.744209,-0.637817],[0.407496,0.529224,-0.744224]],[[0.891406,-0.407523,0.198292],[-0.424911,-0.903687,0.0529263],[0.157625,-0.131435,-0.978713]]],"btipPosition":[79.5327,70.7193,25.6715],"carpPosition":[79.8888,94.9625,58.1192],"dipPosition":[81.8657,68.774,11.1857],"direction":[-0.407496,-0.529224,0.744224],"extended":false,"handId":818,"id":8183,"length":51.0379,"mcpPosition":[100.276,109.633,12.3977],"pipPosition":[90.808,80.3875,-5.14589],"stabilizedTipPosition":[82.8601,73.4956,22.3949],"timeVisible":6.12297,"tipPosition":[82.6133,70.9332,12.616],"tipVelocity":[-98.0204,-115.514,-32.1047],"tool":false,"touchDistance":0.333333,"touchZone":"none","type":3,"width":14.5402},{"bases":[[[0.756536,-0.59111,0.279717],[0.397805,0.755477,0.520582],[-0.519042,-0.282566,0.806692]],[[0.81511,-0.551466,0.177426],[0.461489,0.432999,-0.7743],[0.350175,0.71302,0.607438]],[[0.81511,-0.551466,0.177426],[-0.245153,-0.605862,-0.756856],[0.524876,0.573425,-0.629038]],[[0.81511,-0.551466,0.177426],[-0.531772,-0.833771,-0.148475],[0.229811,0.0266736,-0.97287]]],"btipPosition":[92.3768,71.1801,26.0962],"carpPosition":[88.3912,86.7557,59.0354],"dipPosition":[95.5147,71.5443,12.8123],"direction":[-0.524876,-0.573425,0.629038],"extended":false,"handId":818,"id":8184,"length":40.0128,"mcpPosition":[113.455,100.401,20.0806],"pipPosition":[103.647,80.4288,3.06611],"stabilizedTipPosition":[96.486,75.5262,23.4156],"timeVisible":6.12297,"tipPosition":[95.8962,72.8767,14.4561],"tipVelocity":[-102.797,-122.076,-39.313],"tool":false,"touchDistance":0.333333,"touchZone":"none","type":4,"width":12.9157}],"r":[[0.845866,0.304717,0.437788],[-0.289134,0.951651,-0