{"frames": 108, "data": [{"currentFrameRate": 114.994, "devices": [], "gestures": [], "hands": [{"armBasis": [[-0.622947, -0.248602, -0.74171], [-0.599486, 0.760837, 0.248482], [-0.502547, -0.599436, 0.622995]], "armWidth": 65.3595, "confidence": 1, "direction": [-0.504165, 0.798667, -0.328555], "elbow": [270.414, -51.1027, 249.921], "grabAngle": 1.57197, "grabStrength": 0.272677, "id": 727, "palmNormal": [-0.73084, -0.597261, -0.330383], "palmPosition": [94.6704, 161.297, 64.0088], "palmVelocity": [2.53161, -1.74731, 1.14947], "palmWidth": 88.5307, "pinchDistance": 57.5424, "pinchStrength": 0.147304, "r": [[0.97755, 0.066136, -0.200053], [-0.0806993, 0.994582, -0.0655325], [0.194635, 0.0802055, 0.977591]], "s": 0.932649, "sphereCenter": [45.3203, 146.473, 42.5768], "sphereRadius": 54.4286, "stabilizedPalmPosition": [94.8537, 161.713, 64.4112], "t": [-19.7967, 9.27984, -16.083], "timeVisible": 7.92633, "type": "right", "wrist": [138.394, 106.371, 86.2583]}, {"armBasis": [[0.937042, 0.0318616, -0.34776], [0.185486, 0.798335, 0.572936], [0.295884, -0.60137, 0.742164]], "armWidth": 65.3595, "confidence": 1, "direction": [0.164435, 0.172223, -0.971236], "elbow": [-176.751, -42.7408, 351.883], "grabAngle": 0.672965, "grabStrength": 0, "id": 729, "palmNormal": [0.124906, -0.980349, -0.152692], "palmPosition": [-77.6017, 129.282, 87.994], "palmVelocity": [-0.83867, -17.8006, 9.15742], "palmWidth": 88.5307, "pinchDistance": 53.737, "pinchStrength": 0, "r": [[0.995893, -0.0739525, -0.0522241], [0.0670758, 0.990139, -0.122988], [0.0608044, 0.11898, 0.991033]], "s": 1.12245, "sphereCenter": [-60.5768, 13.4647, 63.6886], "sphereRadius": 118.732, "stabilizedPalmPosition": [-77.8296, 134.217, 87.096], "t": [-4.1465, -4.38666, 32.8195], "timeVisible": 0.719563, "type": "left", "wrist": [-99.0214, 115.241, 156.915]}], "id": 1326867, "interactionBox": {"center": [0, 200, 0], "size": [235.247, 235.247, 147.751]}, "pointables": [{"bases": [[[-0.740446, 0.660454, -0.124655], [-0.153314, 0.0146069, 0.98807], [-0.654396, -0.750724, -0.0904414]], [[-0.318602, 0.945765, -0.0634176], [0.134882, 0.111458, 0.984573], [-0.938243, -0.305133, 0.163077]], [[-0.318602, 0.945765, -0.0634176], [0.317056, 0.16938, 0.933159], [-0.89329, -0.2772, 0.353826]], [[-0.318602, 0.945765, -0.0634176], [0.478629, 0.218264, 0.850456], [-0.818173, -0.240604, 0.52221]]], "btipPosition": [16.6432, 143.414, 67.4943], "carpPosition": [108.881, 114.405, 98.2623], "dipPosition": [34.6577, 138.116, 78.9923], "direction": [-0.89329, 0.2772, -0.353826], "extended": false, "handId": 727, "id": 7270, "length": 49.0307, "mcpPosition": [108.881, 114.405, 98.2623], "pipPosition": [63.3117, 129.225, 90.3419], "stabilizedTipPosition": [21.397, 141.631, 71.2492], "timeVisible": 7.92633, "tipPosition": [21.7971, 142.727, 70.087], "tipVelocity": [3.12893, -7.3155, -2.78662], "tool": false, "touchDistance": 0.0657269, "touchZone": "hovering", "type": 0, "width": 21.2401}, {"bases": [[[-0.368917, 0.0615888, -0.927419], [-0.637568, 0.709278, 0.30072], [-0.676319, -0.702234, 0.222398]], [[-0.319162, 0.112092, -0.941048], [-0.433757, 0.865591, 0.250215], [-0.842609, -0.488045, 0.227643]], [[-0.319162, 0.112092, -0.941048], [0.0834841, 0.992446, 0.0898997], [-0.944016, 0.04987, 0.326109]], [[-0.319162, 0.112092, -0.941048], [0.473369, 0.879093, -0.0558342], [-0.82101, 0.463283, 0.333634]]], "btipPosition": [4.01429, 194.917, 56.2848], "carpPosition": [121.146, 133.505, 94.1837], "dipPosition": [17.2112, 202.364, 61.6477], "direction": [-0.944016, -0.04987, -0.326109], "extended": true, "handId": 727, "id": 7271, "length": 55.3257, "mcpPosition": [72.7347, 183.772, 78.2642], "pipPosition": [38.6775, 203.498, 69.0632], "stabilizedTipPosition": [6.15003, 197.398, 57.873], "timeVisible": 7.92633, "tipPosition": [8.70719, 199.857, 57.1161], "tipVelocity": [0.167959, -11.6719, -2.41949], "tool": false, "touchDistance": 0.271762, "touchZone": "hovering", "type": 1, "width": 20.2885}, {"bases": [[[-0.342767, -0.155675, -0.926432], [-0.705453, 0.693889, 0.144409], [-0.62036, -0.703053, 0.347664]], [[-0.313777, -0.123068, -0.941487], [-0.557534, 0.826503, 0.0777762], [-0.76857, -0.549315, 0.327952]], [[-0.313777, -0.123068, -0.941487], [-0.0474586, 0.992358, -0.1139], [-0.94831, -0.00894237, 0.317219]], [[-0.313777, -0.123068, -0.941487], [0.355477, 0.904226, -0.236669], [-0.880443, 0.408938, 0.239977]]], "btipPosition": [8.28785, 201.456, 32.3621], "carpPosition": [126.187, 135.813, 83.5629], "dipPosition": [23.8535, 208.686, 36.6047], "direction": [-0.94831, 0.00894237, -0.317219], "extended": true, "handId": 727, "id": 7272, "length": 63.0392, "mcpPosition": [84.0755, 183.537, 59.9627], "pipPosition": [49.2234, 208.447, 45.0912], "stabilizedTipPosition": [10.4203, 201.744, 34.3639], "timeVisible": 7.92633, "tipPosition": [13.5129, 204.462, 33.5335], "tipVelocity": [0.766634, -10.1432, -2.16538], "tool": false, "touchDistance": 0.266076, "touchZone": "hovering", "type": 2, "width": 19.926}, {"bases": [[[-0.376161, -0.3093, -0.873405], [-0.747555, 0.658229, 0.0888598], [-0.547416, -0.686344, 0.478819]], [[-0.343539, -0.268677, -0.899885], [-0.414132, 0.903348, -0.111613], [-0.842897, -0.334328, 0.421603]], [[-0.343539, -0.268677, -0.899885], [0.329795, 0.862664, -0.383466], [-0.879327, 0.428513, 0.20775]], [[-0.343539, -0.268677, -0.899885], [0.75325, 0.493445, -0.434887], [-0.560888, 0.827239, -0.0328633]]], "btipPosition": [28.8169, 165.305, 20.6515], "carpPosition": [130.387, 135.13, 72.3926], "dipPosition": [38.676, 179.846, 20.0739], "direction": [-0.879327, -0.428513, -0.20775], "extended": false, "handId": 727, "id": 7273, "length": 60.6138, "mcpPosition": [97.0235, 176.961, 43.21], "pipPosition": [61.5929, 191.014, 25.4882], "stabilizedTipPosition": [29.4462, 167.755, 21.5655], "timeVisible": 7.92633, "tipPosition": [31.5331, 169.567, 20.7362], "tipVelocity": [2.63129, -2.67545, -3.9135], "tool": false, "touchDistance": 0.270956, "touchZone": "hovering", "type": 3, "width": 18.9609}, {"bases": [[[-0.308267, -0.491137, -0.814713], [-0.842368, 0.538868, -0.00611728], [-0.442027, -0.684402, 0.579833]], [[-0.294309, -0.469519, -0.832427], [-0.432035, 0.842287, -0.322332], [-0.852484, -0.264772, 0.450741]], [[-0.294309, -0.469519, -0.832427], [0.383617, 0.73972, -0.552858], [-0.87534, 0.482044, 0.0375905]], [[-0.294309, -0.469519, -0.832427], [0.733833, 0.446981, -0.511563], [-0.612267, 0.76142, -0.212998]]], "btipPosition": [52.2071, 154.321, 15.5624], "carpPosition": [131.539, 128.118, 60.5072], "dipPosition": [62.1358, 166.669, 12.1083], "direction": [-0.87534, -0.482044, -0.0375905], "extended": false, "handId": 727, "id": 7274, "length": 47.5201, "mcpPosition": [106.601, 166.731, 27.7942], "pipPosition": [78.2427, 175.539, 12.8], "stabilizedTipPosition": [54.1754, 157.283, 15.5422], "timeVisible": 7.92633, "tipPosition": [54.9596, 158.033, 14.9694], "tipVelocity": [5.13421, -1.87395, -2.53956], "tool": false, "touchDistance": 0.323972, "touchZone": "hovering", "type": 4, "width": 16.8425}, {"bases": [[[0.473357, 0.871744, -0.126473], [-0.667416, 0.448638, 0.594373], [0.574882, -0.196941, 0.794182]], [[0.445402, 0.880144, -0.164204], [-0.657287, 0.445967, 0.607525], [0.607939, -0.162664, 0.777142]], [[0.445402, 0.880144, -0.164204], [-0.891405, 0.453083, 0.0106287], [0.0837528, 0.141638, 0.986369]], [[0.445402, 0.880144, -0.164204], [-0.867603, 0.378999, -0.321908], [-0.221093, 0.285842, 0.932423]]], "btipPosition": [-38.7731, 112.497, 55.0929], "carpPosition": [-66.1183, 115.434, 145.007], "dipPosition": [-33.9051, 118.791, 75.6229], "direction": [0.0837528, -0.141638, -0.986369], "extended": false, "handId": 729, "id": 7290, "length": 49.0307, "mcpPosition": [-66.1183, 115.434, 145.007], "pipPosition": [-36.5916, 123.334, 107.263], "stabilizedTipPosition": [-37.4924, 119.405, 57.2858], "timeVisible": 0.719563, "tipPosition": [-36.0157, 108.991, 59.6766], "tipVelocity": [-1.03225, -27.1976, 21.8376], "tool": false, "touchDistance": 0.361304, "touchZone": "hovering", "type": 0, "width": 21.2401}, {"bases": [[[0.936948, -0.0659229, -0.343194], [0.075108, 0.997084, 0.0135248], [0.341302, -0.0384486, 0.939167]], [[0.997173, -0.075069, -0.00336946], [0.0726959, 0.975062, -0.209691], [0.0190267, 0.208853, 0.977762]], [[0.997173, -0.075069, -0.00336946], [0.0705666, 0.950893, -0.301368], [0.0258274, 0.300278, 0.953502]], [[0.997173, -0.075069, -0.00336946], [0.066852, 0.906714, -0.416415], [0.0343149, 0.415012, 0.909169]]], "btipPosition": [-48.1222, 115.935, -6.67605], "carpPosition": [-74.4609, 135.123, 136.366], "dipPosition": [-48.6738, 122.606, 7.93793], "direction": [0.0258274, -0.300278, -0.953502], "extended": true, "handId": 729, "id": 7291, "length": 55.3257, "mcpPosition": [-50.0301, 137.875, 69.1398], "pipPosition": [-49.2611, 129.434, 29.6199], "stabilizedTipPosition": [-48.2986, 118.94, -3.95844], "timeVisible": 0.719563, "tipPosition": [-46.5518, 118.158, -2.80551], "tipVelocity": [-0.632884, -40.0592, 15.1635], "tool": false, "touchDistance": 0.351105, "touchZone": "hovering", "type": 1, "width": 20.2885}, {"bases": [[[0.947821, -0.239517, -0.210398], [0.239904, 0.970498, -0.0240751], [0.209957, -0.0276563, 0.977319]], [[0.965007, -0.241104, -0.103108], [0.201101, 0.932797, -0.299079], [0.168288, 0.267878, 0.948641]], [[0.965007, -0.241104, -0.103108], [0.155845, 0.843548, -0.513945], [0.210891, 0.479892, 0.851604]], [[0.965007, -0.241104, -0.103108], [0.120569, 0.757135, -0.642035], [0.232864, 0.607137, 0.75971]]], "btipPosition": [-53.8516, 102.173, -13.7911], "carpPosition": [-85.494, 136.015, 131.783], "dipPosition": [-57.9684, 112.907, -0.359908], "direction": [0.210891, -0.479892, -0.851604], "extended": true, "handId": 729, "id": 7292, "length": 63.0392, "mcpPosition": [-71.2416, 137.893, 65.4405], "pipPosition": [-63.6104, 125.745, 22.4228], "stabilizedTipPosition": [-55.1616, 106.604, -10.6848], "timeVisible": 0.719563, "tipPosition": [-54.3496, 103.082, -8.88331], "tipVelocity": [3.37253, -21.9091, 2.56134], "tool": false, "touchDistance": 0.333026, "touchZone": "hovering", "type": 2, "width": 19.926}, {"bases": [[[0.947587, -0.313451, -0.0618662], [0.313579, 0.949529, -0.00787844], [0.0612133, -0.0119344, 0.998053]], [[0.937537, -0.310914, -0.156065], [0.254481, 0.918811, -0.301706], [0.237199, 0.243145, 0.940541]], [[0.937537, -0.310914, -0.156065], [0.1702, 0.801193, -0.573692], [0.303407, 0.511295, 0.804066]], [[0.937537, -0.310914, -0.156065], [0.114764, 0.699915, -0.704945], [0.32841, 0.643002, 0.691879]]], "btipPosition": [-69.429, 99.9177, -5.00094], "carpPosition": [-96.8103, 134.039, 128.479], "dipPosition": [-75.2017, 111.22, 7.16075], "direction": [0.303407, -0.511295, -0.804066], "extended": true, "handId": 729, "id": 7293, "length": 60.6138, "mcpPosition": [-93.0795, 134.766, 67.6511], "pipPosition": [-83.1091, 124.546, 28.1162], "stabilizedTipPosition": [-71.5751, 104.979, -1.80961], "timeVisible": 0.719563, "tipPosition": [-70.794, 100.095, 0.616082], "tipVelocity": [8.91752, -21.7511, 0.189192], "tool": false, "touchDistance": 0.321273, "touchZone": "hovering", "type": 3, "width": 18.9609}, {"bases": [[[0.883378, -0.465278, 0.0562213], [0.461314, 0.884407, 0.0708019], [-0.0826651, -0.0366091, 0.995905]], [[0.874085, -0.439337, -0.207264], [0.399691, 0.892936, -0.207154], [0.276084, 0.0982284, 0.956101]], [[0.874085, -0.439337, -0.207264], [0.289114, 0.813367, -0.504824], [0.39037, 0.381336, 0.83797]], [[0.874085, -0.439337, -0.207264], [0.218914, 0.73714, -0.639297], [0.43365, 0.513427, 0.7405]]], "btipPosition": [-88.8539, 108.86, 12.0474], "carpPosition": [-107.589, 125.405, 127.467], "dipPosition": [-95.886, 117.186, 24.0556], "direction": [0.39037, -0.381336, -0.83797], "extended": true, "handId": 729, "id": 7294, "length": 47.5201, "mcpPosition": [-112.253, 127.47, 71.2802], "pipPosition": [-103.069, 124.203, 39.4749], "stabilizedTipPosition": [-91.3506, 114.368, 15.0756], "timeVisible": 0.719563, "tipPosition": [-90.9234, 107.75, 17.2103], "tipVelocity": [9.12077, -34.2096, 6.83806], "tool": false, "touchDistance": 0.323617, "touchZone": "hovering", "type": 4, "width": 16.8425}], "r": [[-0.978174, 0.137447, -0.155833], [-0.0659821, -0.916614, -0.394291], [-0.197033, -0.375403, 0.905677]], "s": 63.8995, "t": [-1683.69, -10189.1, 11163.3], "timestamp": 747025806066}, {"currentFrameRate": 115.097, "devices": [], "gestures": [], "hands": [{"armBasis": [[-0.623819, -0.248603, -0.740977], [-0.598091, 0.76215, 0.247819], [-0.503127, -0.597766, 0.624131]], "armWidth": 65.3595, "confidence": 1, "direction": [-0.504382, 0.798501, -0.328626], "elbow": [270.589, -50.647, 250.227], "grabAngle": 1.57208, "grabStrength": 0.273636, "id": 727, "palmNormal": [-0.730629, -0.597497, -0.330423], "palmPosition": [94.6721, 161.286, 63.9979], "palmVelocity": [0.195822, -1.28591, -1.27817], "palmWidth": 88.5307, "pinchDistance": 57.5163, "pinchStrength": 0.146958, "r": [[0.97756, 0.0659873, -0.200053], [-0.0805752, 0.994583, -0.0656687], [0.194636, 0.0803144, 0.977582]], "s": 0.932356, "sphereCenter": [45.3291, 146.451, 42.5711], "sphereRadius": 54.4235, "stabilizedPalmPosition": [94.8532, 161.711, 64.4101], "t": [-19.7868, 9.27064, -16.083], "timeVisible": 7.93485, "type": "right", "wrist": [138.417, 106.387, 86.2661]}, {"armBasis": [[0.936398, 0.0313036, -0.34954], [0.186157, 0.800027, 0.570352], [0.297496, -0.599147, 0.743317]], "armWidth": 65.3595, "confidence": 1, "direction": [0.165347, 0.169506, -0.97156], "elbow": [-177.29, -42.057, 352.255], "grabAngle": 0.671028, "grabStrength": 0, "id": 729, "palmNormal": [0.125217, -0.980755, -0.1498], "palmPosition": [-77.6424, 129.189, 88.0465], "palmVelocity": [-4.78432, -10.9311, 6.17244], "palmWidth": 88.5307, "pinchDistance": 53.7502, "pinchStrength": 0, "r": [[0.995799, -0.074487, -0.0532597], [0.0672748, 0.989705, -0.126325], [0.062121, 0.122211, 0.990558]], "s": 1.12247, "sphereCenter": [-60.5059, 12.9541, 64.0967], "sphereRadius": 119.086, "stabilizedPalmPosition": [-77.8247, 134.085, 87.1209], "t": [-4.1664, -4.52546, 32.9084], "timeVisible": 0.728076, "type": "left", "wrist": [-99.1375, 115.34, 156.984]}], "id": 1326868, "interactionBox": {"center": [0, 200, 0], "size": [235.247, 235.247, 147.751]}, "pointables": [{"bases": [[[-0.740254, 0.660677, -0.124617], [-0.153227, 0.0146896, 0.988082], [-0.654634, -0.750527, -0.0903592]], [[-0.318415, 0.945826, -0.0634397], [0.135075, 0.11151, 0.984541], [-0.938278, -0.304924, 0.163264]], [[-0.318415, 0.945826, -0.0634397], [0.317023, 0.169318, 0.933181], [-0.893369, -0.277028, 0.353762]], [[-0.318415, 0.945826, -0.0634397], [0.478456, 0.218125, 0.850589], [-0.818347, -0.240488, 0.52199]]], "btipPosition": [16.6483, 143.39, 67.4841], "carpPosition": [108.894, 114.399, 98.2543], "dipPosition": [34.6666, 138.095, 78.9773], "direction": [-0.893369, 0.277028, -0.353762], "extended": false, "handId": 727, "id": 7270, "length": 49.0307, "mcpPosition": [108.894, 114.399, 98.2543], "pipPosition": [63.3231, 129.209, 90.3249], "stabilizedTipPosition": [21.3958, 141.632, 71.247], "timeVisible": 7.93485, "tipPosition": [21.8032, 142.693, 70.0707], "tipVelocity": [0.699998, -2.70381, -1.32614], "tool": false, "touchDistance": 0.0655388, "touchZone": "hovering", "type": 0, "width": 21.2401}, {"bases": [[[-0.368976, 0.0616684, -0.927391], [-0.637325, 0.709484, 0.300748], [-0.676515, -0.702018, 0.22248]], [[-0.319189, 0.112173, -0.941029], [-0.433563, 0.865677, 0.250252], [-0.842699, -0.487873, 0.22768]], [[-0.319189, 0.112173, -0.941029], [0.0842396, 0.992398, 0.0897234], [-0.94394, 0.0506332, 0.326212]], [[-0.319189, 0.112173, -0.941029], [0.47433, 0.878554, -0.0561625], [-0.820445, 0.464285, 0.333632]]], "btipPosition": [4.01505, 194.86, 56.2675], "carpPosition": [121.154, 133.504, 94.176], "dipPosition": [17.2029, 202.323, 61.6303], "direction": [-0.94394, -0.0506332, -0.326212], "extended": true, "handId": 727, "id": 7271, "length": 55.3257, "mcpPosition": [72.7283, 183.755, 78.2507], "pipPosition": [38.6674, 203.474, 69.0481], "stabilizedTipPosition": [6.15299, 197.395, 57.8718], "timeVisible": 7.93485, "tipPosition": [8.69569, 199.816, 57.097], "tipVelocity": [-0.156193, -6.3298, -2.03755], "tool": false, "touchDistance": 0.271473, "touchZone": "hovering", "type": 1, "width": 20.2885}, {"bases": [[[-0.342893, -0.155603, -0.926397], [-0.705228, 0.694111, 0.144443], [-0.620547, -0.70285, 0.347741]], [[-0.313898, -0.123011, -0.941454], [-0.557272, 0.826678, 0.0777907], [-0.76871, -0.549064, 0.328043]], [[-0.313898, -0.123011, -0.941454], [-0.0465733, 0.992373, -0.114136], [-0.948314, -0.00801969, 0.317233]], [[-0.313898, -0.123011, -0.941454], [0.356263, 0.90386, -0.236883], [-0.880082, 0.409762, 0.239896]]], "btipPosition": [8.28297, 201.392, 32.3464], "carpPosition": [126.195, 135.812, 83.5556], "dipPosition": [23.8423, 208.636, 36.5876], "direction": [-0.948314, 0.00801969, -0.317233], "extended": true, "handId": 727, "id": 7272, "length": 63.0392, "mcpPosition": [84.0707, 183.523, 59.9501], "pipPosition": [49.2123, 208.421, 45.0745], "stabilizedTipPosition": [10.4247, 201.748, 34.3607], "timeVisible": 7.93485, "tipPosition": [13.5012, 204.422, 33.514], "tipVelocity": [-0.745976, -7.23949, -1.87967], "tool": false, "touchDistance": 0.265809, "touchZone": "hovering", "type": 2, "width": 19.926}, {"bases": [[[-0.376329, -0.309217, -0.873362], [-0.747346, 0.658461, 0.0888988], [-0.547586, -0.686159, 0.47889]], [[-0.343724, -0.268638, -0.899826], [-0.413938, 0.903439, -0.111596], [-0.842917, -0.334114, 0.421733]], [[-0.343724, -0.268638, -0.899826], [0.329737, 0.86267, -0.383501], [-0.879276, 0.428525, 0.207941]], [[-0.343724, -0.268638, -0.899826], [0.752894, 0.493857, -0.435036], [-0.561252, 0.827006, -0.0325054]]], "btipPosition": [28.8096, 165.289, 20.6236], "carpPosition": [130.396, 135.13, 72.3856], "dipPosition": [38.6751, 179.826, 20.0522], "direction": [-0.879276, -0.428525, -0.207941], "extended": false, "handId": 727, "id": 7273, "length": 60.6138, "mcpPosition": [97.0221, 176.95, 43.1988], "pipPosition": [61.5907, 190.994, 25.4715], "stabilizedTipPosition": [29.4487, 167.756, 21.5638], "timeVisible": 7.93485, "tipPosition": [31.5353, 169.534, 20.7194], "tipVelocity": [-0.683429, -2.01203, -3.11569], "tool": false, "touchDistance": 0.270514, "touchZone": "hovering", "type": 3, "width": 18.9609}, {"bases": [[[-0.308486, -0.491072, -0.814669], [-0.842203, 0.539126, -0.00606597], [-0.442188, -0.684246, 0.579895]], [[-0.294501, -0.469425, -0.832412], [-0.431934, 0.842378, -0.32223], [-0.852468, -0.26465, 0.450842]], [[-0.294501, -0.469425, -0.832412], [0.383821, 0.739599, -0.552878], [-0.875186, 0.482321, 0.0376374]], [[-0.294501, -0.469425, -0.832412], [0.733826, 0.4469, -0.511644], [-0.612183, 0.761525, -0.212864]]], "btipPosition": [52.2149, 154.302, 15.5459], "carpPosition": [131.552, 128.118, 60.5006], "dipPosition": [62.1422, 166.651, 12.094], "direction": [-0.875186, -0.482321, -0.0376374], "extended": false, "handId": 727, "id": 7274, "length": 47.5201, "mcpPosition": [106.604, 166.722, 27.7841], "pipPosition": [78.2463, 175.526, 12.7866], "stabilizedTipPosition": [54.1764, 157.282, 15.5399], "timeVisible": 7.93485, "tipPosition": [54.9662, 158.008, 14.9552], "tipVelocity": [0.874463, -2.2392, -1.8772], "tool": false, "touchDistance": 0.323705, "touchZone": "hovering", "type": 4, "width": 16.8425}, {"bases": [[[0.47338, 0.871303, -0.129393], [-0.666765, 0.450429, 0.593749], [0.575618, -0.194794, 0.794178]], [[0.445316, 0.87962, -0.167217], [-0.656706, 0.447816, 0.606794], [0.608631, -0.160402, 0.777071]], [[0.445316, 0.87962, -0.167217], [-0.891419, 0.453082, 0.00942721], [0.0840555, 0.144863, 0.985875]], [[0.445316, 0.87962, -0.167217], [-0.867826, 0.378053, -0.32242], [-0.22039, 0.288694, 0.93171]]], "btipPosition": [-38.808, 112.291, 55.2304], "carpPosition": [-66.2119, 115.504, 145.11], "dipPosition": [-33.9555, 118.648, 75.7447], "direction": [0.0840555, -0.144863, -0.985875], "extended": false, "handId": 729, "id": 7290, "length": 49.0307, "mcpPosition": [-66.2119, 115.504, 145.11], "pipPosition": [-36.6517, 123.294, 107.369], "stabilizedTipPosition": [-37.4963, 119.293, 57.3389], "timeVisible": 0.728076, "tipPosition": [-36.0298, 108.837, 59.8271], "tipVelocity": [-4.51512, -22.5085, 15.7299], "tool": false, "touchDistance": 0.360516, "touchZone": "hovering", "type": 0, "width": 21.2401}, {"bases": [[[0.936604, -0.0670511, -0.343913], [0.0752874, 0.997105, 0.010635], [0.342205, -0.0358532, 0.938941]], [[0.997159, -0.0752579, -0.00314876], [0.0728787, 0.974512, -0.212167], [0.0190357, 0.211335, 0.977228]], [[0.997159, -0.0752579, -0.00314876], [0.0707348, 0.949959, -0.30426], [0.0258892, 0.303173, 0.952584]], [[0.997159, -0.0752579, -0.00314876], [0.0670032, 0.905333, -0.419384], [0.0344126, 0.417982, 0.907803]]], "btipPosition": [-48.1428, 115.579, -6.55663], "carpPosition": [-74.5494, 135.167, 136.405], "dipPosition": [-48.6959, 122.298, 8.03541], "direction": [0.0258892, -0.303173, -0.952584], "extended": true, "handId": 729, "id": 7291, "length": 55.3257, "mcpPosition": [-50.054, 137.734, 69.1948], "pipPosition": [-49.2846, 129.192, 29.6965], "stabilizedTipPosition": [-48.2942, 118.662, -3.84237], "timeVisible": 0.728076, "tipPosition": [-46.511, 117.811, -2.69347], "tipVelocity": [-2.45986, -40.4762, 13.4357], "tool": false, "touchDistance": 0.351043, "touchZone": "hovering", "type": 1, "width": 20.2885}, {"bases": [[[0.947577, -0.240272, -0.210637], [0.240042, 0.970385, -0.027049], [0.210898, -0.0249308, 0.97719]], [[0.964913, -0.241558, -0.102922], [0.20131, 0.932244, -0.300657], [0.168574, 0.269388, 0.948163]], [[0.964913, -0.241558, -0.102922], [0.156238, 0.843243, -0.514326], [0.211027, 0.480199, 0.851397]], [[0.964913, -0.241558, -0.102922], [0.121019, 0.757002, -0.642107], [0.233018, 0.607122, 0.759674]]], "btipPosition": [-53.8525, 101.941, -13.7288], "carpPosition": [-85.5782, 136.045, 131.809], "dipPosition": [-57.9721, 112.674, -0.298188], "direction": [0.211027, -0.480199, -0.851397], "extended": true, "handId": 729, "id": 7292, "length": 63.0392, "mcpPosition": [-71.262, 137.737, 65.475], "pipPosition": [-63.6177, 125.521, 22.479], "stabilizedTipPosition": [-55.1289, 106.406, -10.6807], "timeVisible": 0.728076, "tipPosition": [-54.2978, 102.738, -8.75514], "tipVelocity": [-0.185837, -27.2799, 7.30761], "tool": false, "touchDistance": 0.33399, "touchZone": "hovering", "type": 2, "width": 19.926}, {"bases": [[[0.947474, -0.313785, -0.0618974], [0.31373, 0.94945, -0.0108645], [0.0621776, -0.00912521, 0.998023]], [[0.937335, -0.311513, -0.156086], [0.254561, 0.918135, -0.30369], [0.237911, 0.244926, 0.939899]], [[0.937335, -0.311513, -0.156086], [0.170565, 0.80086, -0.574048], [0.303826, 0.511452, 0.803807]], [[0.937335, -0.311513, -0.156086], [0.115487, 0.700411, -0.704335], [0.328734, 0.642172, 0.692495]]], "btipPosition": [-69.4044, 99.7002, -4.95587], "carpPosition": [-96.891, 134.057, 128.5], "dipPosition": [-75.1828, 110.988, 7.21665], "direction": [0.303826, -0.511452, -0.803807], "extended": true, "handId": 729, "id": 7293, "length": 60.6138, "mcpPosition": [-93.1015, 134.613, 67.6733], "pipPosition": [-83.101, 124.318, 28.1653], "stabilizedTipPosition": [-71.5131, 104.782, -1.83513], "timeVisible": 0.728076, "tipPosition": [-70.7452, 99.7827, 0.728152], "tipVelocity": [2.73913, -25.9519, 5.5865], "tool": false, "touchDistance": 0.322066, "touchZone": "hovering", "type": 3, "width": 18.9609}, {"bases": [[[0.883354, -0.465267, 0.0566807], [0.46153, 0.884526, 0.0678565], [-0.0817069, -0.0337815, 0.996084]], [[0.873818, -0.440076, -0.206821], [0.399539, 0.892232, -0.210452], [0.277147, 0.101264, 0.955476]], [[0.873818, -0.440076, -0.206821], [0.288863, 0.811953, -0.507238], [0.391152, 0.383491, 0.836621]], [[0.873818, -0.440076, -0.206821], [0.219019, 0.735956, -0.640624], [0.434135, 0.514491, 0.739477]]], "btipPosition": [-88.8205, 108.556, 12.1339], "carpPosition": [-107.668, 125.418, 127.501], "dipPosition": [-95.8605, 116.899, 24.1254], "direction": [0.391152, -0.383491, -0.836621], "extended": true, "handId": 729, "id": 7294, "length": 47.5201, "mcpPosition": [-112.277, 127.324, 71.3044], "pipPosition": [-103.058, 123.956, 39.5199], "stabilizedTipPosition": [-91.305, 114.173, 15.0664], "timeVisible": 0.728076, "tipPosition": [-90.8917, 107.457, 17.3094], "tipVelocity": [3.71078, -35.2486, 9.70169], "tool": false, "touchDistance": 0.324994, "touchZone": "hovering", "type": 4, "width": 16.8425}], "r": [[-0.977903, 0.138878, -0.156262], [-0.067311, -0.916821, -0.393585], [-0.197925, -0.37437, 0.90591]], "s": 63.9003, "t": [-1683.7, -10189.3, 11163.3], "timestamp": 747025814579}, {"currentFrameRate": 114.457, "devices": [], "gestures": [], "hands": [{"armBasis": [[-0.624813, -0.248404, -0.740205], [-0.596541, 0.763528, 0.247315], [-0.503733, -0.596088, 0.625245]], "armWidth": 65.3595, "confidence": 1, "direction": [-0.504588, 0.798304, -0.328788], "elbow": [270.794, -50.1654, 250.549], "grabAngle": 1.57228, "grabStrength": 0.274984, "id": 727, "palmNormal": [-0.730285, -0.597782, -0.330665], "palmPosition": [94.695, 161.297, 64.002], "palmVelocity": [2.3322, 1.05086, 0.413818], "palmWidth": 88.5307, "pinchDistance": 57.4737, "pinchStrength": 0.146155, "r": [[0.977561, 0.0657917, -0.200117], [-0.080402, 0.99459, -0.0657715], [0.194707, 0.0803855, 0.977562]], "s": 0.932044, "sphereCenter": [45.3675, 146.435, 42.5485], "sphereRadius": 54.4245, "stabilizedPalmPosition": [94.8528, 161.71, 64.4089], "t": [-19.7703, 9.27121, -16.0809], "timeVisible": 7.94467, "type": "right", "wrist": [138.462, 106.428, 86.296]}, {"armBasis": [[0.93616, 0.0295087, -0.350334], [0.187026, 0.801979, 0.56732], [0.297701, -0.596623, 0.745261]], "armWidth": 65.3595, "confidence": 1, "direction": [0.165743, 0.168747, -0.971624], "elbow": [-177.415, -41.4457, 352.778], "grabAngle": 0.669526, "grabStrength": 0, "id": 729, "palmNormal": [0.126267, -0.980773, -0.148797], "palmPosition": [-77.6849, 129.068, 88.0478], "palmVelocity": [-4.3199, -12.3525, 0.133424], "palmWidth": 88.5307, "pinchDistance": 53.7653, "pinchStrength": 0, "r": [[0.995701, -0.0751231, -0.0541877], [0.0676105, 0.989312, -0.129189], [0.0633136, 0.12497, 0.990138]], "s": 1.12234, "sphereCenter": [-60.3797, 12.6018, 64.232], "sphereRadius": 119.307, "stabilizedPalmPosition": [-77.8203, 133.929, 87.1497], "t": [-4.19759, -4.65556, 32.9534], "timeVisible": 0.737905, "type": "left", "wrist": [-99.2085, 115.289, 156.996]}], "id": 1326869, "interactionBox": {"center": [0, 200, 0], "size": [235.247, 235.247, 147.751]}, "pointables": [{"bases": [[[-0.740036, 0.660968, -0.124372], [-0.152897, 0.0147458, 0.988132], [-0.654958, -0.750269, -0.0901476]], [[-0.318172, 0.945914, -0.0633476], [0.135439, 0.111488, 0.984493], [-0.938309, -0.304658, 0.163586]], [[-0.318172, 0.945914, -0.0633476], [0.317035, 0.169136, 0.93321], [-0.893451, -0.276838, 0.353703]], [[-0.318172, 0.945914, -0.0633476], [0.478314, 0.217861, 0.850736], [-0.818524, -0.24038, 0.521762]]], "btipPosition": [16.6704, 143.385, 67.484], "carpPosition": [108.924, 114.415, 98.2629], "dipPosition": [34.6926, 138.092, 78.9721], "direction": [-0.893451, 0.276838, -0.353703], "extended": false, "handId": 727, "id": 7270, "length": 49.0307, "mcpPosition": [108.924, 114.415, 98.2629], "pipPosition": [63.3518, 129.212, 90.3178], "stabilizedTipPosition": [21.3944, 141.634, 71.2443], "timeVisible": 7.94467, "tipPosition": [21.8298, 142.674, 70.051], "tipVelocity": [2.33997, -0.511207, -0.134385], "tool": false, "touchDistance": 0.0655168, "touchZone": "hovering", "type": 0, "width": 21.2401}, {"bases": [[[-0.369256, 0.0618172, -0.927269], [-0.636948, 0.709733, 0.300959], [-0.676718, -0.701753, 0.222699]], [[-0.319471, 0.112285, -0.94092], [-0.433106, 0.865869, 0.250381], [-0.842827, -0.487507, 0.227989]], [[-0.319471, 0.112285, -0.94092], [0.0854579, 0.992322, 0.0894037], [-0.943735, 0.0518472, 0.326614]], [[-0.319471, 0.112285, -0.94092], [0.475584, 0.87784, -0.0567178], [-0.819609, 0.465606, 0.333845]]], "btipPosition": [4.0374, 194.798, 56.2394], "carpPosition": [121.178, 133.524, 94.1887], "dipPosition": [17.2118, 202.282, 61.6056], "direction": [-0.943735, -0.0518472, -0.326614], "extended": true, "handId": 727, "id": 7271, "length": 55.3257, "mcpPosition": [72.7377, 183.757, 78.2476], "pipPosition": [38.6717, 203.461, 69.0326], "stabilizedTipPosition": [6.15646, 197.391, 57.8703], "timeVisible": 7.94467, "tipPosition": [8.70203, 199.785, 57.074], "tipVelocity": [1.95907, -5.80656, -2.77588], "tool": false, "touchDistance": 0.271018, "touchZone": "hovering", "type": 1, "width": 20.2885}, {"bases": [[[-0.343258, -0.155465, -0.926286], [-0.704908, 0.694387, 0.144677], [-0.620709, -0.702607, 0.347942]], [[-0.314201, -0.122823, -0.941378], [-0.556762, 0.827009, 0.0779274], [-0.768956, -0.548608, 0.328231]], [[-0.314201, -0.122823, -0.941378], [-0.0453176, 0.992406, -0.114356], [-0.948274, -0.00673029, 0.317381]], [[-0.314201, -0.122823, -0.941378], [0.357449, 0.903318, -0.237163], [-0.879493, 0.411012, 0.239921]]], "btipPosition": [8.29881, 201.32, 32.3342], "carpPosition": [126.221, 135.835, 83.5699], "dipPosition": [23.8477, 208.587, 36.5758], "direction": [-0.948274, 0.00673029, -0.317381], "extended": true, "handId": 727, "id": 7272, "length": 63.0392, "mcpPosition": [84.0862, 183.529, 59.9508], "pipPosition": [49.2166, 208.407, 45.0666], "stabilizedTipPosition": [10.4301, 201.753, 34.3568], "timeVisible": 7.94467, "tipPosition": [13.5122, 204.397, 33.491], "tipVelocity": [1.36768, -6.71728, -1.23183], "tool": false, "touchDistance": 0.265608, "touchZone": "hovering", "type": 2, "width": 19.926}, {"bases": [[[-0.376737, -0.309065, -0.87324], [-0.747058, 0.658754, 0.0891464], [-0.547698, -0.685946, 0.479066]], [[-0.344119, -0.268492, -0.899719], [-0.413878, 0.9035, -0.111323], [-0.842785, -0.334065, 0.422035]], [[-0.344119, -0.268492, -0.899719], [0.32959, 0.862722, -0.383512], [-0.879177, 0.428512, 0.208387]], [[-0.344119, -0.268492, -0.899719], [0.752384, 0.494397, -0.435305], [-0.561694, 0.82673, -0.0318778]]], "btipPosition": [28.8335, 165.303, 20.5931], "carpPosition": [130.426, 135.155, 72.4013], "dipPosition": [38.7068, 179.835, 20.0328], "direction": [-0.879177, -0.428512, -0.208387], "extended": false, "handId": 727, "id": 7273, "length": 60.6138, "mcpPosition": [97.0457, 176.961, 43.2037], "pipPosition": [61.6198, 191.003, 25.4637], "stabilizedTipPosition": [29.4515, 167.758, 21.562], "timeVisible": 7.94467, "tipPosition": [31.5682, 169.518, 20.7024], "tipVelocity": [2.61709, 1.36049, -2.83919], "tool": false, "touchDistance": 0.270049, "touchZone": "hovering", "type": 3, "width": 18.9609}, {"bases": [[[-0.308946, -0.490947, -0.81457], [-0.841993, 0.539457, -0.00578774], [-0.442267, -0.684074, 0.580037]], [[-0.294944, -0.469283, -0.832335], [-0.432054, 0.842449, -0.321884], [-0.852255, -0.264676, 0.45123]], [[-0.294944, -0.469283, -0.832335], [0.383699, 0.739599, -0.552963], [-0.875091, 0.482459, 0.0380766]], [[-0.294944, -0.469283, -0.832335], [0.733642, 0.446878, -0.511928], [-0.612191, 0.761625, -0.212482]]], "btipPosition": [52.2563, 154.314, 15.5267], "carpPosition": [131.589, 128.143, 60.5166], "dipPosition": [62.1837, 166.664, 12.081], "direction": [-0.875091, -0.482459, -0.0380766], "extended": false, "handId": 727, "id": 7274, "length": 47.5201, "mcpPosition": [106.637, 166.737, 27.7921], "pipPosition": [78.286, 175.542, 12.7817], "stabilizedTipPosition": [54.1776, 157.282, 15.5372], "timeVisible": 7.94467, "tipPosition": [55.0059, 158.002, 14.946], "tipVelocity": [4.21352, 1.2441, -1.80813], "tool": false, "touchDistance": 0.323409, "touchZone": "hovering", "type": 4, "width": 16.8425}, {"bases": [[[0.47416, 0.870714, -0.130494], [-0.665978, 0.451647, 0.593707], [0.575886, -0.194606, 0.79403]], [[0.446014, 0.879041, -0.168401], [-0.65599, 0.449059, 0.606649], [0.608891, -0.160105, 0.776929]], [[0.446014, 0.879041, -0.168401], [-0.891084, 0.453759, 0.00853429], [0.0839154, 0.146253, 0.985682]], [[0.446014, 0.879041, -0.168401], [-0.867496, 0.378267, -0.323055], [-0.220278, 0.290174, 0.931277]]], "btipPosition": [-38.8594, 112.144, 55.274], "carpPosition": [-66.274, 115.448, 145.131], "dipPosition": [-34.0094, 118.533, 75.7787], "direction": [0.0839154, -0.146253, -0.985682], "extended": false, "handId": 729, "id": 7290, "length": 49.0307, "mcpPosition": [-66.274, 115.448, 145.131], "pipPosition": [-36.7011, 123.224, 107.396], "stabilizedTipPosition": [-37.5024, 119.154, 57.4034], "timeVisible": 0.737905, "tipPosition": [-36.0418, 108.746, 59.8722], "tipVelocity": [-5.29269, -14.2602, 4.20646], "tool": false, "touchDistance": 0.358417, "touchZone": "hovering", "type": 0, "width": 21.2401}, {"bases": [[[0.936339, -0.0682976, -0.344391], [0.0762727, 0.99704, 0.00964486], [0.342713, -0.0352985, 0.938777]], [[0.997086, -0.0762527, -0.00242295], [0.0739881, 0.974242, -0.213023], [0.0186041, 0.212223, 0.977044]], [[0.997086, -0.0762527, -0.00242295], [0.0718772, 0.949569, -0.30521], [0.0255738, 0.304146, 0.952282]], [[0.997086, -0.0762527, -0.00242295], [0.0681624, 0.904662, -0.420642], [0.0342671, 0.419251, 0.907223]]], "btipPosition": [-48.2097, 115.388, -6.52384], "carpPosition": [-74.6257, 135.095, 136.403], "dipPosition": [-48.7605, 122.128, 8.05888], "direction": [0.0255738, -0.304146, -0.952282], "extended": true, "handId": 729, "id": 7291, "length": 55.3257, "mcpPosition": [-50.094, 137.621, 69.204], "pipPosition": [-49.342, 129.044, 29.7131], "stabilizedTipPosition": [-48.3014, 118.369, -3.72814], "timeVisible": 0.737905, "tipPosition": [-46.5006, 117.63, -2.66628], "tipVelocity": [-6.75251, -18.918, 3.11787], "tool": false, "touchDistance": 0.349732, "touchZone": "hovering", "type": 1, "width": 20.2885}, {"bases": [[[0.947218, -0.241402, -0.210957], [0.24098, 0.970123, -0.0281091], [0.21144, -0.0242109, 0.977091]], [[0.964673, -0.242602, -0.102718], [0.20234, 0.931958, -0.300852], [0.168716, 0.26944, 0.948123]], [[0.964673, -0.242602, -0.102718], [0.157461, 0.843531, -0.51348], [0.211217, 0.479166, 0.851932]], [[0.964673, -0.242602, -0.102718], [0.122327, 0.757788, -0.640932], [0.23333, 0.605724, 0.760694]]], "btipPosition": [-53.8733, 101.854, -13.7624], "carpPosition": [-85.6528, 135.957, 131.799], "dipPosition": [-57.9984, 112.563, -0.3138], "direction": [0.211217, -0.479166, -0.851932], "extended": true, "handId": 729, "id": 7292, "length": 63.0392, "mcpPosition": [-71.2998, 137.6, 65.4719], "pipPosition": [-63.6491, 125.382, 22.4777], "stabilizedTipPosition": [-55.0976, 106.193, -10.6795], "timeVisible": 0.737905, "tipPosition": [-54.2633, 102.564, -8.73265], "tipVelocity": [-2.24445, -9.38231, -3.0005], "tool": false, "touchDistance": 0.333482, "touchZone": "hovering", "type": 2, "width": 19.926}, {"bases": [[[0.94713, -0.314775, -0.0621472], [0.314656, 0.949131, -0.0119473], [0.0627465, -0.00823935, 0.997995]], [[0.936946, -0.312583, -0.156284], [0.255389, 0.917682, -0.304361], [0.238557, 0.245257, 0.939649]], [[0.936946, -0.312583, -0.156284], [0.171572, 0.801022, -0.573522], [0.30446, 0.510545, 0.804145]], [[0.936946, -0.312583, -0.156284], [0.116782, 0.70153, -0.703006], [0.329386, 0.640427, 0.6938]]], "btipPosition": [-69.3852, 99.5847, -4.98986], "carpPosition": [-96.9617, 133.955, 128.485], "dipPosition": [-75.1751, 110.842, 7.2056], "direction": [0.30446, -0.510545, -0.804145], "extended": true, "handId": 729, "id": 7293, "length": 60.6138, "mcpPosition": [-93.1375, 134.457, 67.6605], "pipPosition": [-83.1099, 124.148, 28.1631], "stabilizedTipPosition": [-71.446, 104.562, -1.86463], "timeVisible": 0.737905, "tipPosition": [-70.7082, 99.6023, 0.741944], "tipVelocity": [1.6773, -12.4687, -2.92137], "tool": false, "touchDistance": 0.321588, "touchZone": "hovering", "type": 3, "width": 18.9609}, {"bases": [[[0.882929, -0.46608, 0.0566117], [0.462437, 0.884136, 0.0667499], [-0.0811632, -0.032756, 0.996162]], [[0.873281, -0.441147, -0.206808], [0.400081, 0.891539, -0.212353], [0.278056, 0.102704, 0.955058]], [[0.873281, -0.441147, -0.206808], [0.28932, 0.811065, -0.508398], [0.392012, 0.38414, 0.83592]], [[0.873281, -0.441147, -0.206808], [0.219777, 0.735507, -0.640881], [0.434831, 0.514218, 0.739258]]], "btipPosition": [-88.794, 108.329, 12.1473], "carpPosition": [-107.729, 125.305, 127.489], "dipPosition": [-95.8453, 116.668, 24.1353], "direction": [0.392012, -0.38414, -0.83592], "extended": true, "handId": 729, "id": 7294, "length": 47.5201, "mcpPosition": [-112.308, 127.153, 71.2875], "pipPosition": [-103.059, 123.736, 39.5168], "stabilizedTipPosition": [-91.2523, 113.94, 15.0568], "timeVisible": 0.737905, "tipPosition": [-90.8711, 107.261, 17.3197], "tipVelocity": [2.42573, -23.1735, 1.28149], "tool": false, "touchDistance": 0.325204, "touchZone": "hovering", "type": 4, "width": 16.8425}], "r": [[-0.977663, 0.140142, -0.156637], [-0.0684842, -0.916995, -0.392977], [-0.198708, -0.373472, 0.906109]], "s": 63.901, "t": [-1683.72, -10189.4, 11163.3], "timestamp": 747025824408}, {"currentFrameRate": 115.352, "devices": [], "gestures": [], "hands": [{"armBasis": [[-0.625229, -0.248563, -0.739801], [-0.595687, 0.764426, 0.246597], [-0.504228, -0.594869, 0.626007]], "armWidth": 65.3595, "confidence": 1, "direction": [-0.504343, 0.798455, -0.328797], "elbow": [270.941, -49.8272, 250.76], "grabAngle": 1.57286, "grabStrength": 0.276283, "id": 727, "palmNormal": [-0.730491, -0.597559, -0.330616], "palmPosition": [94.7206, 161.315, 64.0028], "palmVelocity": [3.57955, 2.61152, 0.111355], "palmWidth": 88.5307, "pinchDistance": 57.4326, "pinchStrength": 0.14565, "r": [[0.977558, 0.0656969, -0.200161], [-0.0803271, 0.99459, -0.0658615], [0.194752, 0.0804619, 0.977547]], "s": 0.931731, "sphereCenter": [45.3951, 146.468, 42.5438], "sphereRadius": 54.4173, "stabilizedPalmPosition": [94.8524, 161.709, 64.408], "t": [-19.7493, 9.28082, -16.0795], "timeVisible": 7.95182, "type": "right", "wrist": [138.479, 106.446, 86.3065]}, {"armBasis": [[0.936409, 0.0282097, -0.349775], [0.187063, 0.803198, 0.56558], [0.296894, -0.595044, 0.746845]], "armWidth": 65.3595, "confidence": 1, "direction": [0.167244, 0.166979, -0.971672], "elbow": [-177.323, -41.0225, 353.181], "grabAngle": 0.669516, "grabStrength": 0, "id": 729, "palmNormal": [0.125578, -0.981134, -0.146991], "palmPosition": [-77.7232, 128.94, 88.0335], "palmVelocity": [-5.3633, -17.9213, -1.9994], "palmWidth": 88.5307, "pinchDistance": 53.7717, "pinchStrength": 0, "r": [[0.99562, -0.0754709, -0.0551799], [0.0676598, 0.988961, -0.131828], [0.0645199, 0.127517, 0.989736]], "s": 1.12222, "sphereCenter": [-60.4585, 12.3224, 64.4295], "sphereRadius": 119.411, "stabilizedPalmPosition": [-77.8181, 133.814, 87.1701], "t": [-4.23234, -4.78463, 32.9688], "timeVisible": 0.745049, "type": "left", "wrist": [-99.3283, 115.297, 156.983]}], "id": 1326870, "interactionBox": {"center": [0, 200, 0], "size": [235.247, 235.247, 147.751]}, "pointables": [{"bases": [[[-0.740244, 0.660725, -0.124424], [-0.15294, 0.0147317, 0.988126], [-0.654712, -0.750483, -0.090146]], [[-0.318533, 0.945789, -0.0634022], [0.135347, 0.111581, 0.984495], [-0.938199, -0.305013, 0.163552]], [[-0.318533, 0.945789, -0.0634022], [0.316561, 0.169184, 0.933363], [-0.893491, -0.277236, 0.35329]], [[-0.318533, 0.945789, -0.0634022], [0.47766, 0.217925, 0.851087], [-0.818766, -0.240814, 0.521182]]], "btipPosition": [16.6809, 143.44, 67.5135], "carpPosition": [108.936, 114.43, 98.2648], "dipPosition": [34.7084, 138.137, 78.9889], "direction": [-0.893491, 0.277236, -0.35329], "extended": false, "handId": 727, "id": 7270, "length": 49.0307, "mcpPosition": [108.936, 114.43, 98.2648], "pipPosition": [63.3689, 129.244, 90.3213], "stabilizedTipPosition": [21.3934, 141.635, 71.2423], "timeVisible": 7.95182, "tipPosition": [21.8479, 142.716, 70.0554], "tipVelocity": [1.63794, 7.3677, 3.72744], "tool": false, "touchDistance": 0.0659606, "touchZone": "hovering", "type": 0, "w