{"frames": 93, "data": [{"currentFrameRate": 107.862, "devices": [], "gestures": [], "hands": [{"armBasis": [[-0.622446, -0.27704, -0.73199], [-0.634263, 0.726509, 0.264378], [-0.458554, -0.628835, 0.627929]], "armWidth": 62.6087, "confidence": 1, "direction": [-0.529154, 0.782029, -0.329281], "elbow": [255.131, -51.9187, 246.397], "grabAngle": 1.39672, "grabStrength": 0.136543, "id": 727, "palmNormal": [-0.718888, -0.619332, -0.315637], "palmPosition": [94.6294, 161.137, 64.4883], "palmVelocity": [-0.671583, 3.55319, -2.18228], "palmWidth": 86.0307, "pinchDistance": 65.4764, "pinchStrength": 0.0305212, "r": [[0.981483, 0.0404593, -0.187229], [-0.0558018, 0.995436, -0.0774123], [0.183242, 0.0864266, 0.979261]], "s": 0.963165, "sphereCenter": [44.7679, 148.456, 48.7846], "sphereRadius": 54.4449, "stabilizedPalmPosition": [94.104, 161.735, 64.491], "t": [-19.8213, 9.09077, -15.5712], "timeVisible": 10.2412, "type": "right", "wrist": [138.069, 108.613, 86.0971]}, {"armBasis": [[0.816538, 0.561867, -0.132556], [0.266733, -0.163558, 0.94979], [0.511975, -0.810897, -0.28342]], "armWidth": 62.6087, "confidence": 1, "direction": [0.271965, 0.0350985, -0.961667], "elbow": [-233.213, -114.256, 73.2514], "grabAngle": 0.446796, "grabStrength": 0, "id": 729, "palmNormal": [0.0230096, -0.999286, -0.0299643], "palmPosition": [-69.6347, 103.477, 87.9942], "palmVelocity": [-2.69391, -6.69998, -11.2588], "palmWidth": 86.0307, "pinchDistance": 45.5534, "pinchStrength": 0, "r": [[0.988673, 0.012962, -0.149524], [-0.0497922, 0.968167, -0.245305], [0.141584, 0.249971, 0.957846]], "s": 1.12675, "sphereCenter": [-51.2251, -60.002, 86.2469], "sphereRadius": 165.387, "stabilizedPalmPosition": [-68.7738, 102.312, 87.7457], "t": [3.84259, -30.3101, 33.0135], "timeVisible": 3.03441, "type": "left", "wrist": [-102.514, 92.7534, 145.604]}], "id": 1327128, "interactionBox": {"center": [0, 200, 0], "size": [235.247, 235.247, 147.751]}, "pointables": [{"bases": [[[-0.721127, 0.678502, -0.140038], [-0.165228, 0.0278659, 0.985862], [-0.672811, -0.73407, -0.0920129]], [[-0.313119, 0.946404, -0.0792287], [0.0990203, 0.115502, 0.988359], [-0.944538, -0.301628, 0.129879]], [[-0.313119, 0.946404, -0.0792287], [0.357772, 0.194823, 0.91326], [-0.879748, -0.257613, 0.399599]], [[-0.313119, 0.946404, -0.0792287], [0.577365, 0.25593, 0.775339], [-0.75406, -0.197029, 0.626556]]], "btipPosition": [21.6043, 142.83, 65.8279], "carpPosition": [110.053, 116.26, 98.005], "dipPosition": [37.854, 138.584, 79.3299], "direction": [-0.879748, 0.257613, -0.399599], "extended": false, "handId": 727, "id": 7270, "length": 47.9877, "mcpPosition": [110.053, 116.26, 98.005], "pipPosition": [65.4733, 130.496, 91.8751], "stabilizedTipPosition": [21.8411, 142.194, 71.0897], "timeVisible": 10.2412, "tipPosition": [25.0051, 141.681, 68.7426], "tipVelocity": [1.4442, 1.77121, -4.51393], "tool": false, "touchDistance": 0.0644471, "touchZone": "hovering", "type": 0, "width": 20.2263}, {"bases": [[[-0.355527, 0.0625986, -0.932568], [-0.622327, 0.728576, 0.286158], [-0.697359, -0.682099, 0.220071]], [[-0.31064, 0.105679, -0.944635], [-0.517444, 0.81484, 0.261318], [-0.797342, -0.569971, 0.198439]], [[-0.31064, 0.105679, -0.944635], [-0.0889518, 0.986207, 0.139581], [-0.946356, -0.127386, 0.296955]], [[-0.31064, 0.105679, -0.944635], [0.285119, 0.958398, 0.0134584], [-0.906758, 0.265153, 0.327848]]], "btipPosition": [6.04982, 203.749, 58.7979], "carpPosition": [121.427, 135.091, 93.7227], "dipPosition": [20.315, 207.92, 63.9556], "direction": [-0.946356, 0.127386, -0.296955], "extended": true, "handId": 727, "id": 7271, "length": 54.1488, "mcpPosition": [72.9188, 182.538, 78.4146], "pipPosition": [41.3768, 205.085, 70.5646], "stabilizedTipPosition": [7.22043, 200.492, 59.0243], "timeVisible": 10.2412, "tipPosition": [8.22438, 200.303, 59.5118], "tipVelocity": [2.07617, 17.757, -4.36279], "tool": false, "touchDistance": 0.313399, "touchZone": "hovering", "type": 1, "width": 19.3202}, {"bases": [[[-0.335138, -0.155259, -0.929289], [-0.688633, 0.713518, 0.129139], [-0.643014, -0.683218, 0.346043]], [[-0.311027, -0.129779, -0.941499], [-0.612965, 0.784455, 0.0943633], [-0.726317, -0.606455, 0.323537]], [[-0.311027, -0.129779, -0.941499], [-0.154022, 0.984421, -0.0848138], [-0.937838, -0.118632, 0.32617]], [[-0.311027, -0.129779, -0.941499], [0.281332, 0.933664, -0.221638], [-0.907807, 0.33381, 0.253884]]], "btipPosition": [11.2186, 206.679, 33.2009], "carpPosition": [126.135, 137.364, 83.3204], "dipPosition": [26.9267, 212.455, 37.5939], "direction": [-0.937838, 0.118632, -0.32617], "extended": true, "handId": 727, "id": 7272, "length": 61.6982, "mcpPosition": [83.7181, 182.433, 60.4935], "pipPosition": [51.4827, 209.349, 46.1343], "stabilizedTipPosition": [12.006, 206.216, 33.894], "timeVisible": 10.2412, "tipPosition": [13.1546, 206.476, 34.2739], "tipVelocity": [3.32729, 12.4118, -4.55268], "tool": false, "touchDistance": 0.283497, "touchZone": "hovering", "type": 2, "width": 18.975}, {"bases": [[[-0.373238, -0.307451, -0.87531], [-0.730964, 0.678459, 0.0733806], [-0.571301, -0.667209, 0.477962]], [[-0.337672, -0.266153, -0.902851], [-0.448007, 0.88902, -0.0945185], [-0.827809, -0.372568, 0.419435]], [[-0.337672, -0.266153, -0.902851], [0.189766, 0.920245, -0.342254], [-0.921936, 0.2869, 0.260234]], [[-0.337672, -0.266153, -0.902851], [0.58446, 0.692589, -0.422761], [-0.737824, 0.670435, 0.0783119]]], "btipPosition": [25.9943, 172.699, 18.8722], "carpPosition": [130.096, 136.707, 72.4207], "dipPosition": [38.6877, 184.233, 20.2194], "direction": [-0.921936, -0.2869, -0.260234], "extended": false, "handId": 727, "id": 7273, "length": 59.3245, "mcpPosition": [96.2601, 176.223, 44.113], "pipPosition": [62.204, 191.551, 26.8573], "stabilizedTipPosition": [29.7104, 169.457, 21.001], "timeVisible": 10.2412, "tipPosition": [29.7535, 171.937, 20.3325], "tipVelocity": [-5.7827, 29.0688, -14.3124], "tool": false, "touchDistance": 0.272814, "touchZone": "hovering", "type": 3, "width": 18.0559}, {"bases": [[[-0.31091, -0.490453, -0.81412], [-0.8277, 0.56075, -0.0217187], [-0.46717, -0.667094, 0.580291]], [[-0.297904, -0.471864, -0.829818], [-0.433575, 0.841332, -0.322758], [-0.85045, -0.263638, 0.455225]], [[-0.297904, -0.471864, -0.829818], [0.368394, 0.745118, -0.555954], [-0.880647, 0.471321, 0.0481422]], [[-0.297904, -0.471864, -0.829818], [0.716566, 0.463802, -0.520981], [-0.630703, 0.749822, -0.199953]]], "btipPosition": [52.0795, 154.586, 16.5904], "carpPosition": [131.251, 129.818, 60.9195], "dipPosition": [62.0896, 166.486, 13.4169], "direction": [-0.880647, -0.471321, -0.0481422], "extended": false, "handId": 727, "id": 7274, "length": 46.5093, "mcpPosition": [105.638, 166.391, 29.1052], "pipPosition": [77.9494, 174.974, 14.2839], "stabilizedTipPosition": [53.2583, 158.859, 14.8502], "timeVisible": 10.2412, "tipPosition": [53.9092, 157.93, 15.2089], "tipVelocity": [6.60193, -5.2031, 3.05981], "tool": false, "touchDistance": 0.322597, "touchZone": "hovering", "type": 4, "width": 16.0387}, {"bases": [[[0.35463, 0.895013, -0.270536], [-0.657809, 0.444447, 0.608074], [0.664473, -0.0376803, 0.746362]], [[0.318523, 0.895746, -0.310132], [-0.643737, 0.444565, 0.622869], [0.695806, 0.00124542, 0.718229]], [[0.318523, 0.895746, -0.310132], [-0.946967, 0.315321, -0.061856], [0.0423841, 0.313388, 0.948679]], [[0.318523, 0.895746, -0.310132], [-0.90474, 0.189667, -0.381409], [-0.282823, 0.402077, 0.87083]]], "btipPosition": [-37.1863, 77.1634, 62.9567], "carpPosition": [-65.2621, 95.7254, 145.404], "dipPosition": [-31.0916, 85.8279, 81.7228], "direction": [0.0423841, -0.313388, -0.948679], "extended": false, "handId": 729, "id": 7290, "length": 47.9877, "mcpPosition": [-65.2621, 95.7254, 145.404], "pipPosition": [-32.4222, 95.6666, 111.506], "stabilizedTipPosition": [-35.813, 79.493, 67.4607], "timeVisible": 3.03441, "tipPosition": [-34.0172, 76.3109, 67.7304], "tipVelocity": [8.34222, 2.00377, 0.795052], "tool": false, "touchDistance": 0.315792, "touchZone": "hovering", "type": 0, "width": 20.2263}, {"bases": [[[0.902711, -0.00788676, -0.430175], [-0.0409767, 0.993711, -0.104207], [0.428291, 0.111696, 0.896711]], [[0.996963, 0.0337508, -0.0701837], [-0.0508199, 0.964829, -0.25792], [0.0590102, 0.260703, 0.963614]], [[0.996963, 0.0337508, -0.0701837], [-0.0546371, 0.945324, -0.321524], [0.0554946, 0.324382, 0.944297]], [[0.996963, 0.0337508, -0.0701837], [-0.0598389, 0.908764, -0.412997], [0.0498415, 0.415942, 0.908024]]], "btipPosition": [-36.1268, 82.6026, -1.64539], "carpPosition": [-70.2722, 114.448, 134.15], "dipPosition": [-36.9109, 89.1463, 12.6397], "direction": [0.0554946, -0.324382, -0.944297], "extended": true, "handId": 729, "id": 7291, "length": 54.1488, "mcpPosition": [-40.4803, 106.679, 71.7752], "pipPosition": [-38.1459, 96.3656, 33.6557], "stabilizedTipPosition": [-36.3303, 84.9119, 2.20153], "timeVisible": 3.03441, "tipPosition": [-36.5257, 83.1892, 2.87128], "tipVelocity": [-13.2917, -21.1519, -21.2555], "tool": false, "touchDistance": 0.313277, "touchZone": "hovering", "type": 1, "width": 19.3202}, {"bases": [[[0.945946, -0.162011, -0.280961], [0.12164, 0.980283, -0.155721], [0.300649, 0.113127, 0.947002]], [[0.974941, -0.14744, -0.166585], [0.0856553, 0.939887, -0.330569], [0.205311, 0.308017, 0.928963]], [[0.974941, -0.14744, -0.166585], [0.0491859, 0.873159, -0.484948], [0.216956, 0.464602, 0.858531]], [[0.974941, -0.14744, -0.166585], [0.0172471, 0.796669, -0.60417], [0.221792, 0.586157, 0.779248]]], "btipPosition": [-41.9011, 72.4543, -11.1329], "carpPosition": [-80.3641, 115.895, 128.529], "dipPosition": [-45.7389, 82.5968, 2.35069], "direction": [0.216956, -0.464602, -0.858531], "extended": true, "handId": 729, "id": 7292, "length": 61.6982, "mcpPosition": [-60.5317, 108.432, 66.0594], "pipPosition": [-51.4196, 94.7618, 24.8302], "stabilizedTipPosition": [-42.7832, 75.3301, -7.34359], "timeVisible": 3.03441, "tipPosition": [-42.7773, 74.565, -7.20817], "tipVelocity": [-16.0754, -28.3723, -20.7821], "tool": false, "touchDistance": 0.307191, "touchZone": "hovering", "type": 2, "width": 18.975}, {"bases": [[[0.967999, -0.217031, -0.125996], [0.198435, 0.96931, -0.145128], [0.153626, 0.115482, 0.981358]], [[0.944299, -0.228739, -0.236595], [0.152428, 0.941184, -0.301559], [0.291658, 0.248699, 0.923626]], [[0.944299, -0.228739, -0.236595], [0.0893403, 0.870128, -0.48466], [0.316728, 0.436527, 0.842097]], [[0.944299, -0.228739, -0.236595], [0.0396231, 0.792739, -0.608272], [0.326693, 0.565017, 0.757646]]], "btipPosition": [-56.3714, 76.8426, -6.21989], "carpPosition": [-91.1682, 114.769, 124.414], "dipPosition": [-61.9918, 86.5631, 6.81454], "direction": [0.316728, -0.436527, -0.842097], "extended": true, "handId": 729, "id": 7293, "length": 59.3245, "mcpPosition": [-82.0696, 107.929, 66.2924], "pipPosition": [-70.0707, 97.6978, 28.2943], "stabilizedTipPosition": [-57.496, 79.5538, -2.94061], "timeVisible": 3.03441, "tipPosition": [-57.5074, 78.4591, -2.12566], "tipVelocity": [-14.0087, -25.0388, -16.683], "tool": false, "touchDistance": -0.254851, "touchZone": "touching", "type": 3, "width": 18.0559}, {"bases": [[[0.933091, -0.359361, 0.0141558], [0.359366, 0.930122, -0.0756839], [0.0140313, 0.0757071, 0.997031]], [[0.893024, -0.366303, -0.261401], [0.314944, 0.923647, -0.218372], [0.321433, 0.112685, 0.940204]], [[0.893024, -0.366303, -0.261401], [0.245291, 0.883225, -0.399683], [0.377281, 0.292807, 0.878592]], [[0.893024, -0.366303, -0.261401], [0.210758, 0.853678, -0.476251], [0.397604, 0.370211, 0.839556]]], "btipPosition": [-78.0769, 88.5039, 8.84593], "carpPosition": [-102.416, 107.472, 123.267], "dipPosition": [-84.3874, 94.3796, 22.1708], "direction": [0.377281, -0.292807, -0.878591], "extended": true, "handId": 729, "id": 7294, "length": 46.5093, "mcpPosition": [-101.647, 103.322, 68.6049], "pipPosition": [-91.182, 99.6529, 37.9937], "stabilizedTipPosition": [-79.7045, 89.8572, 12.0899], "timeVisible": 3.03441, "tipPosition": [-79.5622, 87.8463, 13.6092], "tipVelocity": [3.16003, -4.51176, -8.78349], "tool": false, "touchDistance": -0.266123, "touchZone": "touching", "type": 4, "width": 16.0387}], "r": [[-0.890795, 0.382066, -0.245988], [-0.191163, -0.806195, -0.559916], [-0.412239, -0.451747, 0.791191]], "s": 64.0086, "t": [-1687.75, -10201.4, 11157.9], "timestamp": 747028120915}, {"currentFrameRate": 108.089, "devices": [], "gestures": [], "hands": [{"armBasis": [[-0.622272, -0.275717, -0.732637], [-0.633193, 0.727581, 0.263995], [-0.460265, -0.628177, 0.627335]], "armWidth": 62.6087, "confidence": 1, "direction": [-0.529441, 0.781776, -0.329423], "elbow": [255.628, -51.6651, 246.235], "grabAngle": 1.39564, "grabStrength": 0.1351, "id": 727, "palmNormal": [-0.718573, -0.619667, -0.315699], "palmPosition": [94.6554, 161.197, 64.4749], "palmVelocity": [2.93368, 6.79422, -1.52126], "palmWidth": 86.0307, "pinchDistance": 65.585, "pinchStrength": 0.0260784, "r": [[0.981474, 0.039911, -0.187391], [-0.0552171, 0.995487, -0.0771823], [0.183464, 0.0860996, 0.979249]], "s": 0.964681, "sphereCenter": [44.8225, 148.514, 48.7016], "sphereRadius": 54.4584, "stabilizedPalmPosition": [94.1046, 161.735, 64.491], "t": [-19.8074, 9.13146, -15.5886], "timeVisible": 10.25, "type": "right", "wrist": [138.13, 108.699, 86.0864]}, {"armBasis": [[0.820535, 0.556081, -0.132273], [0.268835, -0.171225, 0.947845], [0.50443, -0.813299, -0.28999]], "armWidth": 62.6087, "confidence": 1, "direction": [0.274739, 0.0428748, -0.960562], "elbow": [-231.403, -115.394, 71.5325], "grabAngle": 0.451127, "grabStrength": 0, "id": 729, "palmNormal": [0.0280462, -0.998938, -0.0365659], "palmPosition": [-69.6665, 103.529, 88.1199], "palmVelocity": [-3.5924, 5.83709, 14.2102], "palmWidth": 86.0307, "pinchDistance": 45.0255, "pinchStrength": 0, "r": [[0.988589, 0.0139208, -0.149993], [-0.0508205, 0.968165, -0.245099], [0.141806, 0.249924, 0.957825]], "s": 1.12774, "sphereCenter": [-50.6557, -58.7547, 85.1277], "sphereRadius": 164.283, "stabilizedPalmPosition": [-68.7748, 102.314, 87.7461], "t": [3.8161, -30.3172, 33.042], "timeVisible": 3.04325, "type": "left", "wrist": [-102.63, 92.2285, 145.562]}], "id": 1327129, "interactionBox": {"center": [0, 200, 0], "size": [235.247, 235.247, 147.751]}, "pointables": [{"bases": [[[-0.720857, 0.678801, -0.13998], [-0.165066, 0.0280139, 0.985885], [-0.673141, -0.733787, -0.0918528]], [[-0.312724, 0.946532, -0.0792547], [0.0988631, 0.115422, 0.988384], [-0.944685, -0.301256, 0.129672]], [[-0.312724, 0.946532, -0.0792547], [0.358127, 0.194779, 0.91313], [-0.879744, -0.257174, 0.39989]], [[-0.312724, 0.946532, -0.0792547], [0.578026, 0.255855, 0.774871], [-0.753717, -0.196509, 0.627132]]], "btipPosition": [21.645, 142.857, 65.8085], "carpPosition": [110.093, 116.33, 97.9974], "dipPosition": [37.8873, 138.622, 79.3229], "direction": [-0.879744, 0.257174, -0.39989], "extended": false, "handId": 727, "id": 7270, "length": 47.9877, "mcpPosition": [110.093, 116.33, 97.9974], "pipPosition": [65.5065, 130.548, 91.8773], "stabilizedTipPosition": [21.8428, 142.193, 71.0886], "timeVisible": 10.25, "tipPosition": [25.039, 141.711, 68.7201], "tipVelocity": [4.41103, 3.32049, -1.87046], "tool": false, "touchDistance": 0.0641714, "touchZone": "hovering", "type": 0, "width": 20.2263}, {"bases": [[[-0.355642, 0.062679, -0.932518], [-0.621969, 0.728866, 0.286196], [-0.697619, -0.681781, 0.220231]], [[-0.311195, 0.105309, -0.944493], [-0.517984, 0.814446, 0.261477], [-0.796775, -0.570603, 0.198903]], [[-0.311195, 0.105309, -0.944493], [-0.0905123, 0.986039, 0.139764], [-0.946026, -0.128982, 0.297319]], [[-0.311195, 0.105309, -0.944493], [0.283023, 0.959016, 0.0136771], [-0.907224, 0.263057, 0.328246]]], "btipPosition": [6.08688, 203.894, 58.7467], "carpPosition": [121.46, 135.165, 93.7154], "dipPosition": [20.3594, 208.032, 63.9107], "direction": [-0.946026, 0.128982, -0.297319], "extended": true, "handId": 727, "id": 7271, "length": 54.1488, "mcpPosition": [72.9334, 182.589, 78.3961], "pipPosition": [41.4138, 205.162, 70.5277], "stabilizedTipPosition": [7.25807, 200.568, 59.0402], "timeVisible": 10.25, "tipPosition": [8.24327, 200.362, 59.4857], "tipVelocity": [4.38261, 15.5703, -5.6277], "tool": false, "touchDistance": 0.312569, "touchZone": "hovering", "type": 1, "width": 19.3202}, {"bases": [[[-0.335347, -0.155187, -0.929225], [-0.688306, 0.713824, 0.129188], [-0.643255, -0.682914, 0.346195]], [[-0.311409, -0.129909, -0.941354], [-0.613328, 0.784133, 0.0946823], [-0.725847, -0.606844, 0.323863]], [[-0.311409, -0.129909, -0.941354], [-0.155196, 0.984264, -0.0844905], [-0.937517, -0.119784, 0.32667]], [[-0.311409, -0.129909, -0.941354], [0.281268, 0.933624, -0.221889], [-0.907696, 0.333871, 0.2542]]], "btipPosition": [11.2672, 206.781, 33.1511], "carpPosition": [126.168, 137.44, 83.3136], "dipPosition": [26.9733, 212.558, 37.5496], "direction": [-0.937517, 0.119784, -0.32667], "extended": true, "handId": 727, "id": 7272, "length": 61.6982, "mcpPosition": [83.7355, 182.488, 60.4767], "pipPosition": [51.521, 209.421, 46.103], "stabilizedTipPosition": [12.0226, 206.227, 33.8956], "timeVisible": 10.25, "tipPosition": [13.1757, 206.508, 34.244], "tipVelocity": [5.44311, 11.4992, -5.49077], "tool": false, "touchDistance": 0.282688, "touchZone": "hovering", "type": 2, "width": 18.975}, {"bases": [[[-0.373504, -0.307358, -0.875229], [-0.730661, 0.678779, 0.0734395], [-0.571515, -0.666925, 0.478102]], [[-0.337978, -0.26614, -0.902741], [-0.448748, 0.888702, -0.093994], [-0.827283, -0.373335, 0.419791]], [[-0.337978, -0.26614, -0.902741], [0.186431, 0.921246, -0.341394], [-0.922504, 0.283682, 0.261744]], [[-0.337978, -0.26614, -0.902741], [0.580526, 0.696023, -0.422541], [-0.740783, 0.666874, 0.0807392]]], "btipPosition": [25.9731, 172.933, 18.7629], "carpPosition": [130.131, 136.783, 72.4146], "dipPosition": [38.7174, 184.406, 20.1519], "direction": [-0.922504, -0.283682, -0.261744], "extended": false, "handId": 727, "id": 7273, "length": 59.3245, "mcpPosition": [96.2827, 176.282, 44.0986], "pipPosition": [62.2482, 191.642, 26.8283], "stabilizedTipPosition": [29.6944, 169.578, 20.963], "timeVisible": 10.25, "tipPosition": [29.7695, 172.015, 20.2915], "tipVelocity": [-1.07218, 24.8814, -11.2754], "tool": false, "touchDistance": 0.271152, "touchZone": "hovering", "type": 3, "width": 18.0559}, {"bases": [[[-0.311246, -0.490383, -0.814034], [-0.827462, 0.561105, -0.0216358], [-0.467368, -0.666848, 0.580414]], [[-0.298294, -0.471885, -0.829666], [-0.43247, 0.841712, -0.323249], [-0.850876, -0.262383, 0.455153]], [[-0.298294, -0.471885, -0.829666], [0.371874, 0.743094, -0.556347], [-0.879051, 0.474486, 0.0461784]], [[-0.298294, -0.471885, -0.829666], [0.719339, 0.460187, -0.520365], [-0.627354, 0.752033, -0.202175]]], "btipPosition": [52.1766, 154.515, 16.6512], "carpPosition": [131.291, 129.893, 60.9141], "dipPosition": [62.1335, 166.45, 13.4424], "direction": [-0.879051, -0.474486, -0.0461784], "extended": false, "handId": 727, "id": 7274, "length": 46.5093, "mcpPosition": [105.668, 166.453, 29.093], "pipPosition": [77.9647, 174.996, 14.2741], "stabilizedTipPosition": [53.2659, 158.849, 14.8569], "timeVisible": 10.25, "tipPosition": [53.9487, 157.962, 15.1958], "tipVelocity": [9.60053, -7.10503, 5.95599], "tool": false, "touchDistance": 0.323475, "touchZone": "hovering", "type": 4, "width": 16.0387}, {"bases": [[[0.358223, 0.895045, -0.265652], [-0.653732, 0.443603, 0.613067], [0.666567, -0.0459495, 0.744028]], [[0.321729, 0.89622, -0.305417], [-0.637928, 0.443542, 0.629538], [0.69967, -0.00770654, 0.714425]], [[0.321729, 0.89622, -0.305417], [-0.945467, 0.321407, -0.0528222], [0.0508227, 0.305756, 0.950753]], [[0.321729, 0.89622, -0.305417], [-0.904899, 0.196112, -0.377754], [-0.278655, 0.397906, 0.874084]]], "btipPosition": [-36.8189, 77.6045, 63.087], "carpPosition": [-65.4318, 95.4145, 145.49], "dipPosition": [-30.814, 86.1792, 81.9231], "direction": [0.0508227, -0.305756, -0.950752], "extended": false, "handId": 729, "id": 7290, "length": 47.9877, "mcpPosition": [-65.4318, 95.4145, 145.49], "pipPosition": [-32.4096, 95.7783, 111.772], "stabilizedTipPosition": [-35.8075, 79.4942, 67.4601], "timeVisible": 3.04325, "tipPosition": [-33.8757, 76.7163, 67.7805], "tipVelocity": [39.2152, 47.5506, 16.5509], "tool": false, "touchDistance": 0.318231, "touchZone": "hovering", "type": 0, "width": 20.2263}, {"bases": [[[0.901336, -0.00945545, -0.433017], [-0.0363785, 0.994576, -0.0974406], [0.431589, 0.103579, 0.896104]], [[0.996906, 0.0293183, -0.0729331], [-0.0468279, 0.966733, -0.251464], [0.0631343, 0.254102, 0.965115]], [[0.996906, 0.0293183, -0.0729331], [-0.0510121, 0.947219, -0.316502], [0.0598043, 0.319243, 0.945784]], [[0.996906, 0.0293183, -0.0729331], [-0.0567286, 0.91061, -0.409356], [0.0544119, 0.412226, 0.909455]]], "btipPosition": [-35.7941, 83.3404, -1.52244], "carpPosition": [-70.4999, 114.187, 134.346], "dipPosition": [-36.6501, 89.8256, 12.7852], "direction": [0.0598043, -0.319243, -0.945784], "extended": true, "handId": 729, "id": 7291, "length": 54.1488, "mcpPosition": [-40.4786, 106.983, 72.0131], "pipPosition": [-37.9811, 96.9305, 33.8342], "stabilizedTipPosition": [-36.3168, 84.9087, 2.1843], "timeVisible": 3.04325, "tipPosition": [-36.1953, 83.9788, 2.96044], "tipVelocity": [35.7516, 81.914, 14.4908], "tool": false, "touchDistance": 0.315412, "touchZone": "hovering", "type": 1, "width": 19.3202}, {"bases": [[[0.944266, -0.164786, -0.28497], [0.126011, 0.980692, -0.149547], [0.304111, 0.105303, 0.946799]], [[0.973793, -0.151053, -0.170028], [0.0893378, 0.94155, -0.324811], [0.209153, 0.301109, 0.93037]], [[0.973793, -0.151053, -0.170028], [0.0514412, 0.874501, -0.482289], [0.22154, 0.460903, 0.859353]], [[0.973793, -0.151053, -0.170028], [0.0183405, 0.797311, -0.60329], [0.226693, 0.584361, 0.779187]]], "btipPosition": [-41.5149, 73.132, -11.0282], "carpPosition": [-80.5816, 115.622, 128.703], "dipPosition": [-45.4374, 83.2434, 2.45431], "direction": [0.22154, -0.460903, -0.859353], "extended": true, "handId": 729, "id": 7292, "length": 61.6982, "mcpPosition": [-60.5208, 108.675, 66.247], "pipPosition": [-51.2382, 95.3115, 24.9553], "stabilizedTipPosition": [-42.7673, 75.3357, -7.36898], "timeVisible": 3.04325, "tipPosition": [-42.3746, 75.3881, -7.19855], "tipVelocity": [41.48, 75.8298, 11.8115], "tool": false, "touchDistance": 0.308932, "touchZone": "hovering", "type": 2, "width": 18.975}, {"bases": [[[0.966522, -0.220951, -0.130445], [0.202783, 0.96927, -0.139267], [0.157208, 0.108152, 0.981626]], [[0.94266, -0.231728, -0.240195], [0.156249, 0.942347, -0.295918], [0.29492, 0.24142, 0.924521]], [[0.94266, -0.231728, -0.240195], [0.0912918, 0.871257, -0.482262], [0.321025, 0.432682, 0.842454]], [[0.94266, -0.231728, -0.240195], [0.040528, 0.793829, -0.606789], [0.331284, 0.562261, 0.757703]]], "btipPosition": [-56.0356, 77.423, -6.14941], "carpPosition": [-91.3673, 114.47, 124.547], "dipPosition": [-61.7349, 87.0961, 6.886], "direction": [0.321025, -0.432682, -0.842454], "extended": true, "handId": 729, "id": 7293, "length": 59.3245, "mcpPosition": [-82.0565, 108.065, 66.4098], "pipPosition": [-69.9235, 98.1327, 28.3749], "stabilizedTipPosition": [-57.4758, 79.5665, -2.96899], "timeVisible": 3.04325, "tipPosition": [-57.1413, 79.18, -2.13882], "tipVelocity": [35.9277, 64.4045, 7.99699], "tool": false, "touchDistance": -0.253672, "touchZone": "touching", "type": 3, "width": 18.0559}, {"bases": [[[0.93134, -0.364042, 0.00885992], [0.363731, 0.928826, -0.0705851], [0.0174666, 0.0689614, 0.997466]], [[0.890826, -0.368995, -0.265088], [0.319213, 0.923491, -0.212761], [0.323314, 0.104913, 0.940458]], [[0.890826, -0.368995, -0.265088], [0.248105, 0.883854, -0.396542], [0.380622, 0.28748, 0.87891]], [[0.890826, -0.368995, -0.265088], [0.21246, 0.854045, -0.474836], [0.401609, 0.366675, 0.839202]]], "btipPosition": [-77.8628, 88.9326, 8.86336], "carpPosition": [-102.576, 107.126, 123.317], "dipPosition": [-84.2369, 94.7522, 22.1826], "direction": [0.380622, -0.28748, -0.87891], "extended": true, "handId": 729, "id": 7294, "length": 46.5093, "mcpPosition": [-101.618, 103.345, 68.6307], "pipPosition": [-91.0917, 99.9296, 38.0112], "stabilizedTipPosition": [-79.6748, 89.8899, 12.077], "timeVisible": 3.04325, "tipPosition": [-79.2884, 88.3627, 13.5884], "tipVelocity": [22.5574, 47.0287, 1.82411], "tool": false, "touchDistance": -0.265855, "touchZone": "touching", "type": 4, "width": 16.0387}], "r": [[-0.890682, 0.382122, -0.246308], [-0.19117, -0.806356, -0.559682], [-0.412479, -0.451412, 0.791257]], "s": 64.0087, "t": [-1687.84, -10201.2, 11157.9], "timestamp": 747028129757}, {"currentFrameRate": 108.478, "devices": [], "gestures": [], "hands": [{"armBasis": [[-0.622856, -0.273825, -0.73285], [-0.631569, 0.728824, 0.264456], [-0.461704, -0.627563, 0.626892]], "armWidth": 62.6087, "confidence": 1, "direction": [-0.529618, 0.781807, -0.329065], "elbow": [256.032, -51.4164, 246.096], "grabAngle": 1.39502, "grabStrength": 0.134239, "id": 727, "palmNormal": [-0.718042, -0.619744, -0.316753], "palmPosition": [94.6636, 161.277, 64.4698], "palmVelocity": [0.960406, 9.35935, -0.591594], "palmWidth": 86.0307, "pinchDistance": 65.6753, "pinchStrength": 0.0220268, "r": [[0.981446, 0.0394064, -0.187646], [-0.0546578, 0.995547, -0.0768084], [0.183783, 0.0856396, 0.979229]], "s": 0.966051, "sphereCenter": [44.8619, 148.602, 48.6029], "sphereRadius": 54.4722, "stabilizedPalmPosition": [94.1053, 161.734, 64.4909], "t": [-19.7964, 9.19165, -15.5998], "timeVisible": 10.2585, "type": "right", "wrist": [138.166, 108.791, 86.0608]}, {"armBasis": [[0.820791, 0.554814, -0.135955], [0.26864, -0.16487, 0.949026], [0.504118, -0.815475, -0.28437]], "armWidth": 62.6087, "confidence": 1, "direction": [0.273978, 0.036428, -0.961046], "elbow": [-231.261, -115.636, 72.9882], "grabAngle": 0.43988, "grabStrength": 0, "id": 729, "palmNormal": [0.0237019, -0.999235, -0.0311185], "palmPosition": [-69.6727, 103.43, 88.0356], "palmVelocity": [-0.735333, -11.6254, -9.89448], "palmWidth": 86.0307, "pinchDistance": 45.0336, "pinchStrength": 0, "r": [[0.988537, 0.0153771, -0.150193], [-0.052432, 0.96785, -0.246004], [0.141582, 0.251059, 0.957561]], "s": 1.12885, "sphereCenter": [-50.6286, -61.4248, 86.3285], "sphereRadius": 166.878, "stabilizedPalmPosition": [-68.7758, 102.315, 87.7465], "t": [3.79972, -30.3702, 33.0141], "timeVisible": 3.05177, "type": "left", "wrist": [-102.568, 92.5414, 145.583]}], "id": 1327130, "interactionBox": {"center": [0, 200, 0], "size": [235.247, 235.247, 147.751]}, "pointables": [{"bases": [[[-0.720604, 0.679298, -0.13887], [-0.164384, 0.0271948, 0.986021], [-0.673579, -0.733359, -0.092069]], [[-0.31225, 0.946778, -0.078169], [0.0991298, 0.114306, 0.988487], [-0.944814, -0.300907, 0.129546]], [[-0.31225, 0.946778, -0.078169], [0.358839, 0.193732, 0.913073], [-0.879622, -0.257057, 0.400234]], [[-0.31225, 0.946778, -0.078169], [0.579053, 0.254911, 0.774415], [-0.753125, -0.196547, 0.627831]]], "btipPosition": [21.664, 142.894, 65.7529], "carpPosition": [110.101, 116.387, 97.9617], "dipPosition": [37.8935, 138.659, 79.2824], "direction": [-0.879622, 0.257057, -0.400234], "extended": false, "handId": 727, "id": 7270, "length": 47.9877, "mcpPosition": [110.101, 116.387, 97.9617], "pipPosition": [65.5088, 130.589, 91.8475], "stabilizedTipPosition": [21.8443, 142.193, 71.0877], "timeVisible": 10.2585, "tipPosition": [25.0547, 141.752, 68.6503], "tipVelocity": [1.88241, 4.38671, -6.12169], "tool": false, "touchDistance": 0.0633027, "touchZone": "hovering", "type": 0, "width": 20.2263}, {"bases": [[[-0.356241, 0.0637154, -0.932219], [-0.621402, 0.728921, 0.287285], [-0.697819, -0.681626, 0.220079]], [[-0.31205, 0.106081, -0.944125], [-0.518256, 0.813867, 0.262738], [-0.796263, -0.571286, 0.19899]], [[-0.31205, 0.106081, -0.944125], [-0.0914789, 0.985775, 0.140996], [-0.945651, -0.130365, 0.297907]], [[-0.31205, 0.106081, -0.944125], [0.281667, 0.9594, 0.014701], [-0.907353, 0.261341, 0.32926]]], "btipPosition": [6.10125, 204.035, 58.7141], "carpPosition": [121.461, 135.231, 93.7046], "dipPosition": [20.3758, 208.146, 63.894], "direction": [-0.945651, 0.130365, -0.297907], "extended": true, "handId": 727, "id": 7271, "length": 54.1488, "mcpPosition": [72.9212, 182.645, 78.396], "pipPosition": [41.4219, 205.245, 70.5241], "stabilizedTipPosition": [7.29386, 200.642, 59.0548], "timeVisible": 10.2585, "tipPosition": [8.24225, 200.432, 59.4609], "tipVelocity": [1.74128, 15.7859, -3.40207], "tool": false, "touchDistance": 0.312086, "touchZone": "hovering", "type": 1, "width": 19.3202}, {"bases": [[[-0.336055, -0.154164, -0.92914], [-0.687853, 0.714058, 0.130309], [-0.64337, -0.682902, 0.346005]], [[-0.312236, -0.129017, -0.941203], [-0.613404, 0.783909, 0.0960357], [-0.725427, -0.607323, 0.323904]], [[-0.312236, -0.129017, -0.941203], [-0.156161, 0.984229, -0.0831098], [-0.937082, -0.12103, 0.327459]], [[-0.312236, -0.129017, -0.941203], [0.281054, 0.933841, -0.221245], [-0.907479, 0.333609, 0.255318]]], "btipPosition": [11.3009, 206.917, 33.1163], "carpPosition": [126.176, 137.518, 83.3081], "dipPosition": [27.0033, 212.689, 37.5342], "direction": [-0.937082, 0.12103, -0.327459], "extended": true, "handId": 727, "id": 7272, "length": 61.6982, "mcpPosition": [83.7355, 182.566, 60.4838], "pipPosition": [51.5396, 209.52, 46.1083], "stabilizedTipPosition": [12.0394, 206.239, 33.8969], "timeVisible": 10.2585, "tipPosition": [13.1899, 206.582, 34.2248], "tipVelocity": [3.86493, 15.8718, -3.56143], "tool": false, "touchDistance": 0.282182, "touchZone": "hovering", "type": 2, "width": 18.975}, {"bases": [[[-0.374254, -0.306365, -0.875257], [-0.730263, 0.679085, 0.0745562], [-0.571533, -0.667071, 0.477878]], [[-0.338752, -0.265171, -0.902736], [-0.449402, 0.888542, -0.092363], [-0.82661, -0.374404, 0.420164]], [[-0.338752, -0.265171, -0.902736], [0.183455, 0.922433, -0.339798], [-0.922817, 0.280718, 0.263829]], [[-0.338752, -0.265171, -0.902736], [0.57749, 0.698876, -0.421992], [-0.7428, 0.664271, 0.0836122]]], "btipPosition": [25.9723, 173.196, 18.6549], "carpPosition": [130.146, 136.874, 72.4112], "dipPosition": [38.7514, 184.624, 20.0933], "direction": [-0.922817, -0.280718, -0.263829], "extended": false, "handId": 727, "id": 7273, "length": 59.3245, "mcpPosition": [96.2969, 176.382, 44.1085], "pipPosition": [62.2901, 191.785, 26.8229], "stabilizedTipPosition": [29.6794, 169.697, 20.9251], "timeVisible": 10.2585, "tipPosition": [29.7917, 172.146, 20.2376], "tipVelocity": [0.846299, 29.7399, -11.352], "tool": false, "touchDistance": 0.269541, "touchZone": "hovering", "type": 3, "width": 18.0559}, {"bases": [[[-0.312047, -0.489477, -0.814272], [-0.827189, 0.561547, -0.0205613], [-0.467316, -0.66714, 0.58012]], [[-0.299126, -0.471014, -0.829862], [-0.431822, 0.842351, -0.322451], [-0.850914, -0.261899, 0.455363]], [[-0.299126, -0.471014, -0.829862], [0.37466, 0.741866, -0.556116], [-0.877584, 0.477265, 0.0454409]], [[-0.299126, -0.471014, -0.829862], [0.721815, 0.457124, -0.519635], [-0.624105, 0.754443, -0.203247]]], "btipPosition": [52.2828, 154.528, 16.682], "carpPosition": [131.318, 129.995, 60.9052], "dipPosition": [62.1882, 166.502, 13.4562], "direction": [-0.877584, -0.477265, -0.0454409], "extended": false, "handId": 727, "id": 7274, "length": 46.5093, "mcpPosition": [105.697, 166.571, 29.1003], "pipPosition": [77.9929, 175.098, 14.2745], "stabilizedTipPosition": [53.2739, 158.84, 14.8636], "timeVisible": 10.2585, "tipPosition": [53.9962, 158.061, 15.1662], "tipVelocity": [11.0799, 2.64058, 3.15212], "tool": false, "touchDistance": 0.323922, "touchZone": "hovering", "type": 4, "width": 16.0387}, {"bases": [[[0.35462, 0.895115, -0.270209], [-0.65624, 0.444126, 0.610001], [0.666028, -0.0389964, 0.744907]], [[0.319838, 0.895936, -0.308225], [-0.637669, 0.444158, 0.629367], [0.700773, -0.00474978, 0.713369]], [[0.319838, 0.895936, -0.308225], [-0.946004, 0.320076, -0.051261], [0.052729, 0.307977, 0.949931]], [[0.319838, 0.895936, -0.308225], [-0.905307, 0.193014, -0.378371], [-0.279504, 0.400056, 0.87283]]], "btipPosition": [-36.7102, 77.5459, 63.1449], "carpPosition": [-65.4168, 95.6116, 145.445], "dipPosition": [-30.6871, 86.1669, 81.954], "direction": [0.052729, -0.307977, -0.949931], "extended": false, "handId": 729, "id": 7290, "length": 47.9877, "mcpPosition": [-65.4168, 95.6116, 145.445], "pipPosition": [-32.3425, 95.8357, 111.777], "stabilizedTipPosition": [-35.8009, 79.4947, 67.4603], "timeVisible": 3.05177, "tipPosition": [-34.0516, 76.4338, 67.8004], "tipVelocity": [13.2528, -5.62791, 6.06965], "tool": false, "touchDistance": 0.319093, "touchZone": "hovering", "type": 0, "width": 20.2263}, {"bases": [[[0.901793, -0.00793414, -0.432094], [-0.0405717, 0.993861, -0.102924], [0.430259, 0.110347, 0.895936]], [[0.996824, 0.0331961, -0.0723887], [-0.0505843, 0.96599, -0.253582], [0.0615088, 0.256439, 0.964601]], [[0.996824, 0.0331961, -0.0723887], [-0.0545052, 0.947116, -0.31623], [0.0580629, 0.319171, 0.945917]], [[0.996824, 0.0331961, -0.0723887], [-0.0597858, 0.912424, -0.404855], [0.0526096, 0.407897, 0.911511]]], "btipPosition": [-35.933, 83.0043, -1.66833], "carpPosition": [-70.4148, 114.345, 134.203], "dipPosition": [-36.7607, 89.4214, 12.6716], "direction": [0.0580629, -0.319171, -0.945917], "extended": true, "handId": 729, "id": 7291, "length": 54.1488, "mcpPosition": [-40.4861, 106.669, 71.8822], "pipPosition": [-38.0529, 96.5248, 33.7236], "stabilizedTipPosition": [-36.3094, 84.8923, 2.16306], "timeVisible": 3.05177, "tipPosition": [-36.3636, 83.3, 2.91927], "tipVelocity": [-15.5444, -41.3029, -16.2598], "tool": false, "touchDistance": 0.313105, "touchZone": "hovering", "type": 1, "width": 19.3202}, {"bases": [[[0.945247, -0.162265, -0.283158], [0.121927, 0.980394, -0.154798], [0.302725, 0.111797, 0.946498]], [[0.974424, -0.147898, -0.169186], [0.0857033, 0.940568, -0.328615], [0.207732, 0.30571, 0.929187]], [[0.974424, -0.147898, -0.169186], [0.0492178, 0.875067, -0.481493], [0.219261, 0.460852, 0.859965]], [[0.974424, -0.147898, -0.169186], [0.0175893, 0.800772, -0.598711], [0.224028, 0.580422, 0.782893]]], "btipPosition": [-41.6894, 72.7389, -11.1767], "carpPosition": [-80.4958, 115.792, 128.562], "dipPosition": [-45.5658, 82.7821, 2.36991], "direction": [0.219261, -0.460852, -0.859965], "extended": true, "handId": 729, "id": 7292, "length": 61.6982, "mcpPosition": [-60.5264, 108.417, 66.1261], "pipPosition": [-51.3069, 94.8489, 24.887], "stabilizedTipPosition": [-42.7594, 75.3235, -7.39827], "timeVisible": 3.05177, "tipPosition": [-42.5958, 74.6599, -7.17581], "tipVelocity": [-19.2487, -48.0049, -15.7107], "tool": false, "touchDistance": 0.306702, "touchZone": "hovering", "type": 2, "width": 18.975}, {"bases": [[[0.967594, -0.217486, -0.128306], [0.198737, 0.969359, -0.144381], [0.155776, 0.114203, 0.981168]], [[0.943555, -0.229078, -0.239224], [0.152421, 0.941547, -0.300429], [0.294062, 0.247009, 0.923317]], [[0.943555, -0.229078, -0.239224], [0.0895058, 0.871735, -0.481733], [0.318894, 0.433129, 0.843033]], [[0.943555, -0.229078, -0.239224], [0.0405615, 0.796737, -0.602963], [0.328724, 0.559226, 0.761057]]], "btipPosition": [-56.1772, 77.0694, -6.26926], "carpPosition": [-91.2904, 114.664, 124.423], "dipPosition": [-61.8325, 86.6903, 6.82386], "direction": [0.318894, -0.433129, -0.843033], "extended": true, "handId": 729, "id": 7293, "length": 59.3245, "mcpPosition": [-82.0644, 107.9, 66.3129], "pipPosition": [-69.9667, 97.7383, 28.3275], "stabilizedTipPosition": [-57.4761, 79.5293, -3.00671], "timeVisible": 3.05177, "tipPosition": [-57.3442, 78.5493, -2.12487], "tipVelocity": [-15.4385, -42.9345, -12.5165], "tool": false, "touchDistance": -0.255448, "touchZone": "touching", "type": 3, "width": 18.0559}, {"bases": [[[0.932893, -0.359963, 0.0117471], [0.359791, 0.929988, -0.0753249], [0.0161896, 0.0744966, 0.99709]], [[0.891605, -0.366482, -0.265953], [0.314832, 0.923865, -0.217612], [0.325455, 0.110293, 0.939103]], [[0.891605, -0.366482, -0.265953], [0.245713, 0.884917, -0.395661], [0.380349, 0.287425, 0.879046]], [[0.891605, -0.366482, -0.265953], [0.212823, 0.85758, -0.468256], [0.399683, 0.360899, 0.842618]]], "btipPosition": [-77.8545, 88.7824, 8.79847], "carpPosition": [-102.532, 107.362, 123.244], "dipPosition": [-84.198, 94.5103, 22.1719], "direction": [0.380349, -0.287425, -0.879046], "extended": true, "handId": 729, "id": 7294, "length": 46.5093, "mcpPosition": [-101.644, 103.278, 68.5783], "pipPosition": [-91.0478, 99.6867, 38.003], "stabilizedTipPosition": [-79.6479, 89.9055, 12.0619], "timeVisible": 3.05177, "tipPosition": [-79.4305, 87.9468, 13.5591], "tipVelocity": [1.80605, -20.1166, -6.15569], "tool": false, "touchDistance": -0.266728, "touchZone": "touching", "type": 4, "width": 16.0387}], "r": [[-0.890513, 0.382304, -0.246639], [-0.191308, -0.806514, -0.559407], [-0.412782, -0.450975, 0.791349]], "s": 64.0095, "t": [-1687.89, -10201.1, 11157.8], "timestamp": 747028138272}, {"currentFrameRate": 108.79, "devices": [], "gestures": [], "hands": [{"armBasis": [[-0.62359, -0.272089, -0.732873], [-0.630062, 0.729882, 0.265131], [-0.462772, -0.627088, 0.62658]], "armWidth": 62.6087, "confidence": 1, "direction": [-0.529572, 0.782072, -0.328508], "elbow": [256.337, -51.2221, 245.985], "grabAngle": 1.39419, "grabStrength": 0.133603, "id": 727, "palmNormal": [-0.717655, -0.61954, -0.318027], "palmPosition": [94.6842, 161.354, 64.4688], "palmVelocity": [2.39207, 8.92615, -0.123185], "palmWidth": 86.0307, "pinchDistance": 65.7318, "pinchStrength": 0.017536, "r": [[0.981398, 0.0389992, -0.187984], [-0.0541717, 0.995615, -0.0762609], [0.184186, 0.0850257, 0.979207]], "s": 0.96724, "sphereCenter": [44.8933, 148.667, 48.493], "sphereRadius": 54.5032, "stabilizedPalmPosition": [94.1062, 161.733, 64.4909], "t": [-19.7806, 9.26026, -15.6059], "timeVisible": 10.2672, "type": "right", "wrist": [138.198, 108.864, 86.0295]}, {"armBasis": [[0.820834, 0.555263, -0.133843], [0.270662, -0.171792, 0.947222], [0.502964, -0.813738, -0.291302]], "armWidth": 62.6087, "confidence": 1, "direction": [0.276598, 0.0434495, -0.960003], "elbow": [-231.175, -115.615, 71.1797], "grabAngle": 0.444705, "grabStrength": 0, "id": 729, "palmNormal": [0.0281761, -0.998915, -0.0370925], "palmPosition": [-69.7147, 103.465, 88.1699], "palmVelocity": [-4.86208, 4.02576, 15.558], "palmWidth": 86.0307, "pinchDistance": 44.5746, "pinchStrength": 0, "r": [[0.98842, 0.0158597, -0.150915], [-0.0530187, 0.967939, -0.245526], [0.142182, 0.250684, 0.957571]], "s": 1.12996, "sphereCenter": [-50.2298, -60.1201, 85.2755], "sphereRadius": 165.683, "stabilizedPalmPosition": [-68.7767, 102.316, 87.7469], "t": [3.77055, -30.3794, 33.0673], "timeVisible": 3.0604, "type": "left", "wrist": [-102.776, 92.1195, 145.544]}], "id": 1327131, "interactionBox": {"center": [0, 200, 0], "size": [235.247, 235.247, 147.751]}, "pointables": [{"bases": [[[-0.720535, 0.679645, -0.137522], [-0.163656, 0.0260443, 0.986174], [-0.673829, -0.733079, -0.0924619]], [[-0.311879, 0.947015, -0.0767665], [0.0995723, 0.11293, 0.988601], [-0.94489, -0.300681, 0.129517]], [[-0.311879, 0.947015, -0.0767665], [0.359351, 0.192367, 0.91316], [-0.879544, -0.25721, 0.400306]], [[-0.311879, 0.947015, -0.0767665], [0.57967, 0.253673, 0.774359], [-0.752804, -0.197008, 0.628072]]], "btipPosition": [21.6771, 142.939, 65.7028], "carpPosition": [110.108, 116.427, 97.9177], "dipPosition": [37.8997, 138.693, 79.2374], "direction": [-0.879544, 0.25721, -0.400306], "extended": false, "handId": 727, "id": 7270, "length": 47.9877, "mcpPosition": [110.108, 116.427, 97.9177], "pipPosition": [65.5126, 130.618, 91.8049], "stabilizedTipPosition": [21.8457, 142.193, 71.0868], "timeVisible": 10.2672, "tipPosition": [25.0779, 141.807, 68.5752], "tipVelocity": [1.3386, 4.89221, -5.66942], "tool": false, "touchDistance": 0.0624871, "touchZone": "hovering", "type": 0, "width": 20.2263}, {"bases": [[[-0.356907, 0.0649306, -0.93188], [-0