{"frames": 85, "data": [{"currentFrameRate": 113.266, "devices": [], "gestures": [], "hands": [{"armBasis": [[-0.716348, -0.0425526, -0.696444], [-0.448628, 0.792555, 0.413024], [-0.534395, -0.608314, 0.586836]], "armWidth": 65.6516, "confidence": 1, "direction": [-0.59472, 0.725967, -0.345369], "elbow": [294.026, -56.1623, 244.062], "grabAngle": 1.54663, "grabStrength": 0.384178, "id": 722, "palmNormal": [-0.554993, -0.681553, -0.476937], "palmPosition": [97.3593, 159.419, 59.8511], "palmVelocity": [1.68257, -3.70851, -1.85055], "palmWidth": 91.5124, "pinchDistance": 44.2929, "pinchStrength": 0.505847, "r": [[0.975512, -0.0250034, -0.218521], [-0.032581, 0.96613, -0.255992], [0.21752, 0.256843, 0.941656]], "s": 0.81049, "sphereCenter": [50.314, 131.576, 27.1309], "sphereRadius": 60.7009, "stabilizedPalmPosition": [95.8242, 160.714, 60.4547], "t": [6.26828, -56.2964, -22.054], "timeVisible": 7.50979, "type": "right", "wrist": [148.911, 109.025, 84.7069]}, {"armBasis": [[0.823342, -0.266387, -0.501145], [0.559503, 0.529096, 0.637976], [0.0952055, -0.805665, 0.584671]], "armWidth": 65.6516, "confidence": 1, "direction": [0.0513487, 0.762173, -0.645334], "elbow": [-129.268, -91.3867, 308.55], "grabAngle": 0.532512, "grabStrength": 0, "id": 724, "palmNormal": [0.55798, -0.557815, -0.614411], "palmPosition": [-90.2587, 185.926, 102.172], "palmVelocity": [13.8366, -9.39459, -10.5784], "palmWidth": 91.5124, "pinchDistance": 61.4669, "pinchStrength": 0.060703, "r": [[0.994646, 0.10168, 0.018465], [-0.0963253, 0.976903, -0.19074], [-0.037433, 0.18794, 0.981467]], "s": 0.964101, "sphereCenter": [-30.1233, 129.634, 23.9318], "sphereRadius": 113.144, "stabilizedPalmPosition": [-91.1022, 185.876, 103.271], "t": [-4.3373, 0.698586, -15.1259], "timeVisible": 4.07524, "type": "left", "wrist": [-103.415, 127.392, 149.783]}], "id": 1324160, "interactionBox": {"center": [0, 200, 0], "size": [235.247, 235.247, 147.751]}, "pointables": [{"bases": [[[-0.614397, 0.788266, 0.0339587], [-0.0122083, -0.0525331, 0.998545], [-0.788903, -0.613088, -0.0418996]], [[-0.187316, 0.981061, 0.0493232], [0.281182, 0.00544036, 0.959639], [-0.941196, -0.193624, 0.276876]], [[-0.187316, 0.981061, 0.0493232], [0.450253, 0.0411243, 0.891953], [-0.873032, -0.189285, 0.449429]], [[-0.187316, 0.981061, 0.0493232], [0.65523, 0.0873797, 0.750358], [-0.731837, -0.172872, 0.659188]]], "btipPosition": [21.0087, 131.5, 48.5448], "carpPosition": [115.871, 111.119, 93.6657], "dipPosition": [38.3979, 127.392, 64.2078], "direction": [-0.873032, 0.189285, -0.449429], "extended": false, "handId": 722, "id": 7220, "length": 52.9124, "mcpPosition": [115.871, 111.119, 93.6657], "pipPosition": [68.6191, 120.84, 79.7654], "stabilizedTipPosition": [23.6502, 130.35, 52.4023], "timeVisible": 7.50979, "tipPosition": [24.7075, 130.616, 53.2913], "tipVelocity": [1.20453, -4.81075, -0.926898], "tool": false, "touchDistance": -0.264937, "touchZone": "touching", "type": 0, "width": 21.0823}, {"bases": [[[-0.473516, 0.212552, -0.854754], [-0.447398, 0.777883, 0.441286], [-0.758695, -0.591371, 0.273245]], [[-0.412502, 0.258315, -0.873565], [-0.130915, 0.932189, 0.337469], [-0.901501, -0.25357, 0.350712]], [[-0.412502, 0.258315, -0.873565], [0.484858, 0.874095, 0.0295195], [-0.771204, 0.411378, 0.485812]], [[-0.412502, 0.258315, -0.873565], [0.780188, 0.595222, -0.1924], [-0.470266, 0.76091, 0.447065]]], "btipPosition": [2.561, 164.604, 37.5798], "carpPosition": [125.103, 133.081, 92.772], "dipPosition": [10.7185, 177.803, 45.3349], "direction": [-0.771204, -0.411378, -0.485812], "extended": false, "handId": 722, "id": 7221, "length": 59.7057, "mcpPosition": [68.9657, 176.838, 72.554], "pipPosition": [29.6435, 187.898, 57.2565], "stabilizedTipPosition": [2.98942, 164.863, 39.0779], "timeVisible": 7.50979, "tipPosition": [4.78459, 168.202, 38.8031], "tipVelocity": [-1.21776, 4.21499, 2.42268], "tool": false, "touchDistance": -0.265602, "touchZone": "touching", "type": 1, "width": 20.1378}, {"bases": [[[-0.48841, -0.00504406, -0.8726], [-0.537559, 0.789447, 0.296318], [-0.687376, -0.613798, 0.388285]], [[-0.411694, 0.0609624, -0.909281], [-0.321735, 0.923789, 0.207607], [-0.85264, -0.378018, 0.360705]], [[-0.411694, 0.0609624, -0.909281], [0.242803, 0.969033, -0.0449653], [-0.878382, 0.239288, 0.413747]], [[-0.411694, 0.0609624, -0.909281], [0.652942, 0.715779, -0.247643], [-0.635748, 0.69566, 0.334487]]], "btipPosition": [3.77398, 178.755, 19.6702], "carpPosition": [131.22, 137.367, 82.8942], "dipPosition": [15.9034, 192.027, 26.0519], "direction": [-0.878382, -0.239288, -0.413747], "extended": true, "handId": 722, "id": 7222, "length": 68.0299, "mcpPosition": [82.9882, 180.437, 55.6488], "pipPosition": [41.2629, 198.935, 37.9971], "stabilizedTipPosition": [6.29244, 173.918, 20.8465], "timeVisible": 7.50979, "tipPosition": [7.55053, 178.595, 20.4259], "tipVelocity": [1.13969, -4.53226, -0.207806], "tool": false, "touchDistance": 0.286209, "touchZone": "hovering", "type": 2, "width": 19.778}, {"bases": [[[-0.542317, -0.154812, -0.825788], [-0.592718, 0.7671, 0.245444], [-0.595464, -0.622568, 0.507771]], [[-0.47638, -0.0881797, -0.874806], [-0.34278, 0.934858, 0.0924294], [-0.809669, -0.343897, 0.475574]], [[-0.47638, -0.0881797, -0.874806], [0.212725, 0.953839, -0.211987], [-0.853118, 0.28708, 0.435632]], [[-0.47638, -0.0881797, -0.874806], [0.595672, 0.69946, -0.394881], [-0.646713, 0.709211, 0.280683]]], "btipPosition": [26.641, 171.821, 0.974584], "carpPosition": [137.145, 138.527, 72.1136], "dipPosition": [38.9088, 185.274, 6.29896], "direction": [-0.853118, -0.28708, -0.435632], "extended": false, "handId": 722, "id": 7223, "length": 65.4125, "mcpPosition": [99.631, 177.748, 40.1241], "pipPosition": [62.9028, 193.348, 18.5512], "stabilizedTipPosition": [28.6335, 168.728, 2.84055], "timeVisible": 7.50979, "tipPosition": [29.9672, 171.488, 2.33689], "tipVelocity": [1.33314, -11.4411, 2.02696], "tool": false, "touchDistance": 0.250926, "touchZone": "hovering", "type": 3, "width": 18.8201}, {"bases": [[[-0.502152, -0.350432, -0.790595], [-0.720116, 0.675646, 0.157906], [-0.478828, -0.648613, 0.591629]], [[-0.445896, -0.276266, -0.851383], [-0.387877, 0.916867, -0.0943717], [-0.806677, -0.288152, 0.515985]], [[-0.445896, -0.276266, -0.851383], [0.286437, 0.857116, -0.428143], [-0.848016, 0.434775, 0.303052]], [[-0.445896, -0.276266, -0.851383], [0.639692, 0.566953, -0.518998], [-0.626076, 0.776042, 0.0760769]]], "btipPosition": [56.6446, 158.75, -0.694309], "carpPosition": [141.324, 132.794, 59.681], "dipPosition": [67.601, 172.331, 0.637042], "direction": [-0.848016, -0.434775, -0.303052], "extended": false, "handId": 722, "id": 7224, "length": 51.2822, "mcpPosition": [113.4, 170.62, 25.1784], "pipPosition": [84.4405, 180.965, 6.6549], "stabilizedTipPosition": [58.0293, 157.584, 0.612188], "timeVisible": 7.50979, "tipPosition": [59.7242, 160.018, -0.18413], "tipVelocity": [-1.59579, -4.1638, 0.684227], "tool": false, "touchDistance": 0.277715, "touchZone": "hovering", "type": 4, "width": 16.7174}, {"bases": [[[0.822344, 0.515449, 0.240964], [-0.397006, 0.216416, 0.891936], [0.407599, -0.829142, 0.382605]], [[0.713811, 0.683681, 0.151836], [-0.571553, 0.443403, 0.69045], [0.404723, -0.579633, 0.707266]], [[0.713811, 0.683681, 0.151836], [-0.697149, 0.714327, 0.0609929], [-0.0667609, -0.14939, 0.986522]], [[0.713811, 0.683681, 0.151836], [-0.574255, 0.695482, -0.431898], [-0.400879, 0.221101, 0.88905]]], "btipPosition": [-63.7074, 174.193, 54.1897], "carpPosition": [-72.1898, 145.175, 144.972], "dipPosition": [-54.1821, 179.446, 75.3145], "direction": [-0.0667609, 0.14939, -0.986522], "extended": false, "handId": 724, "id": 7240, "length": 52.9124, "mcpPosition": [-72.1898, 145.175, 144.972], "pipPosition": [-51.871, 174.275, 109.464], "stabilizedTipPosition": [-62.9062, 175.004, 59.0284], "timeVisible": 4.07524, "tipPosition": [-59.8139, 177.819, 61.7424], "tipVelocity": [30.892, -27.1064, 10.3624], "tool": false, "touchDistance": 0.0368305, "touchZone": "hovering", "type": 0, "width": 21.0823}, {"bases": [[[0.699273, -0.542992, -0.464948], [0.714107, 0.560339, 0.419608], [0.0326847, -0.625444, 0.779585]], [[0.697854, -0.522529, -0.48986], [0.68286, 0.691748, 0.23492], [0.216107, -0.498445, 0.839554]], [[0.697854, -0.522529, -0.48986], [0.622076, 0.781165, 0.052947], [0.354995, -0.341679, 0.870192]], [[0.697854, -0.522529, -0.48986], [0.564096, 0.822417, -0.0736537], [0.441355, -0.224929, 0.868684]]], "btipPosition": [-79.2562, 232.916, 5.09108], "carpPosition": [-109.475, 157.026, 133.241], "dipPosition": [-87.6285, 228.649, 21.5695], "direction": [0.354995, 0.341679, -0.870192], "extended": true, "handId": 724, "id": 7243, "length": 65.4125, "mcpPosition": [-107.416, 196.429, 84.1276], "pipPosition": [-97.6127, 219.039, 46.0437], "stabilizedTipPosition": [-81.7026, 232.565, 9.33289], "timeVisible": 4.07524, "tipPosition": [-81.5153, 233.045, 9.32493], "tipVelocity": [43.729, -37.4861, -19.2978], "tool": false, "touchDistance": 0.124141, "touchZone": "hovering", "type": 3, "width": 18.8201}, {"bases": [[[0.807885, -0.1959, -0.555829], [0.523668, 0.671283, 0.524549], [0.270359, -0.714845, 0.644905]], [[0.85149, -0.392801, -0.347379], [0.517123, 0.738796, 0.432163], [0.0868881, -0.54762, 0.832204]], [[0.85149, -0.392801, -0.347379], [0.501796, 0.802671, 0.322366], [0.152206, -0.448805, 0.880572]], [[0.85149, -0.392801, -0.347379], [0.480867, 0.849121, 0.218542], [0.209124, -0.353129, 0.911903]]], "btipPosition": [-58.1718, 255.6, 24.983], "carpPosition": [-89.3288, 161.682, 146.428], "dipPosition": [-61.7994, 249.475, 40.8014], "direction": [0.152206, 0.448805, -0.880572], "extended": true, "handId": 724, "id": 7241, "length": 59.7057, "mcpPosition": [-69.3244, 214.575, 98.7098], "pipPosition": [-65.5345, 238.461, 62.4103], "stabilizedTipPosition": [-60.07, 256.073, 30.4055], "timeVisible": 4.07524, "tipPosition": [-59.0808, 254.477, 28.7813], "tipVelocity": [1.61713, -23.6416, -26.0827], "tool": false, "touchDistance": -0.123883, "touchZone": "touching", "type": 1, "width": 20.1378}, {"bases": [[[0.735794, -0.402225, -0.544814], [0.65852, 0.612642, 0.437059], [0.15798, -0.680356, 0.715652]], [[0.749332, -0.480029, -0.45615], [0.638203, 0.707254, 0.304118], [0.176628, -0.519002, 0.836325]], [[0.749332, -0.480029, -0.45615], [0.605783, 0.775134, 0.179428], [0.267447, -0.410779, 0.871627]], [[0.749332, -0.480029, -0.45615], [0.570971, 0.817265, 0.0779038], [0.335399, -0.318824, 0.886487]]], "btipPosition": [-66.1131, 251.935, 6.91336], "carpPosition": [-99.9624, 160.855, 140.134], "dipPosition": [-72.5122, 245.852, 23.8267], "direction": [0.267447, 0.410779, -0.871627], "extended": true, "handId": 724, "id": 7242, "length": 68.0299, "mcpPosition": [-88.8772, 208.595, 89.9181], "pipPosition": [-80.2336, 233.993, 48.9912], "stabilizedTipPosition": [-68.4251, 250.965, 11.3423], "timeVisible": 4.07524, "tipPosition": [-68.6024, 251.942, 11.3507], "tipVelocity": [34.908, -43.3801, -30.2317], "tool": false, "touchDistance": 0.0594189, "touchZone": "hovering", "type": 2, "width": 19.778}, {"bases": [[[0.570688, -0.696801, -0.434492], [0.81424, 0.41159, 0.409399], [-0.106437, -0.58742, 0.802253]], [[0.580406, -0.591678, -0.559505], [0.782377, 0.595739, 0.181608], [0.225866, -0.54315, 0.808686]], [[0.580406, -0.591678, -0.559505], [0.685312, 0.726026, -0.0568629], [0.43986, -0.350432, 0.826874]], [[0.580406, -0.591678, -0.559505], [0.598886, 0.775702, -0.19905], [0.551783, -0.21955, 0.80457]]], "btipPosition": [-95.0086, 211.669, 18.3989], "carpPosition": [-115.301, 147.113, 124.716], "dipPosition": [-104.665, 207.827, 32.479], "direction": [0.43986, 0.350432, -0.826874], "extended": true, "handId": 724, "id": 7244, "length": 51.2822, "mcpPosition": [-121.508, 181.37, 77.9299], "pipPosition": [-113.399, 200.869, 48.8987], "stabilizedTipPosition": [-97.7745, 211.209, 22.1017], "timeVisible": 4.07524, "tipPosition": [-97.7361, 211.918, 22.0506], "tipVelocity": [38.8925, -30.1547, -13.3153], "tool": false, "touchDistance": 0.0739847, "touchZone": "hovering", "type": 4, "width": 16.7174}], "r": [[0.2316, -0.51049, -0.828107], [0.31505, 0.844734, -0.432629], [0.920383, -0.160698, 0.35647]], "s": 62.9452, "t": [-1617.96, -9931.83, 11050.3], "timestamp": 747001940229}, {"currentFrameRate": 113.344, "devices": [], "gestures": [], "hands": [{"armBasis": [[-0.716009, -0.0427549, -0.696781], [-0.448813, 0.792694, 0.412558], [-0.534695, -0.608119, 0.586765]], "armWidth": 65.6516, "confidence": 1, "direction": [-0.594544, 0.726162, -0.345264], "elbow": [294.099, -56.1543, 244.007], "grabAngle": 1.5472, "grabStrength": 0.385178, "id": 722, "palmNormal": [-0.55545, -0.681395, -0.476631], "palmPosition": [97.3585, 159.388, 59.8264], "palmVelocity": [-0.0830556, -3.53486, -2.84816], "palmWidth": 91.5124, "pinchDistance": 44.385, "pinchStrength": 0.503615, "r": [[0.975633, -0.0246271, -0.218024], [-0.0328846, 0.966044, -0.256275], [0.216932, 0.2572, 0.941694]], "s": 0.810383, "sphereCenter": [50.3201, 131.575, 27.0976], "sphereRadius": 60.6855, "stabilizedPalmPosition": [95.8287, 160.711, 60.4528], "t": [6.27984, -56.3249, -22.0709], "timeVisible": 7.51848, "type": "right", "wrist": [148.902, 108.98, 84.6715]}, {"armBasis": [[0.825237, -0.264039, -0.499267], [0.556521, 0.530836, 0.639138], [0.0962716, -0.805293, 0.585008]], "armWidth": 65.6516, "confidence": 1, "direction": [0.0503128, 0.76397, -0.643287], "elbow": [-129.572, -91.4302, 308.599], "grabAngle": 0.532069, "grabStrength": 0, "id": 724, "palmNormal": [0.555144, -0.556825, -0.617869], "palmPosition": [-90.3261, 185.879, 102.231], "palmVelocity": [-7.75474, -5.37528, 6.70958], "palmWidth": 91.5124, "pinchDistance": 61.3828, "pinchStrength": 0.0608104, "r": [[0.994616, 0.101912, 0.0187766], [-0.0964928, 0.976876, -0.190793], [-0.0377866, 0.187954, 0.981451]], "s": 0.964049, "sphereCenter": [-30.2972, 129.533, 23.5768], "sphereRadius": 113.377, "stabilizedPalmPosition": [-91.1001, 185.876, 103.269], "t": [-4.34329, 0.633993, -15.1204], "timeVisible": 4.08393, "type": "left", "wrist": [-103.429, 127.247, 149.74]}], "id": 1324161, "interactionBox": {"center": [0, 200, 0], "size": [235.247, 235.247, 147.751]}, "pointables": [{"bases": [[[-0.614737, 0.788015, 0.0336151], [-0.0125492, -0.0523858, 0.998548], [-0.788632, -0.613423, -0.0420925]], [[-0.187433, 0.981049, 0.0491122], [0.280953, 0.00563334, 0.959705], [-0.941241, -0.193678, 0.276684]], [[-0.187433, 0.981049, 0.0491122], [0.450206, 0.0413609, 0.891966], [-0.873031, -0.189294, 0.449427]], [[-0.187433, 0.981049, 0.0491122], [0.655182, 0.0876104, 0.750374], [-0.731851, -0.172822, 0.659187]]], "btipPosition": [20.9976, 131.469, 48.5304], "carpPosition": [115.863, 111.086, 93.6416], "dipPosition": [38.3872, 127.362, 64.1934], "direction": [-0.873031, 0.189294, -0.449427], "extended": false, "handId": 722, "id": 7220, "length": 52.9124, "mcpPosition": [115.863, 111.086, 93.6416], "pipPosition": [68.6083, 120.809, 79.7509], "stabilizedTipPosition": [23.654, 130.351, 52.4015], "timeVisible": 7.51848, "tipPosition": [24.6932, 130.614, 53.2946], "tipVelocity": [-1.26482, -3.57811, -1.65648], "tool": false, "touchDistance": -0.265177, "touchZone": "touching", "type": 0, "width": 21.0823}, {"bases": [[[-0.473294, 0.212224, -0.854958], [-0.447881, 0.777764, 0.441004], [-0.758548, -0.591645, 0.27306]], [[-0.412455, 0.257893, -0.873712], [-0.132067, 0.932032, 0.337452], [-0.901354, -0.254572, 0.350362]], [[-0.412455, 0.257893, -0.873712], [0.483137, 0.875024, 0.0302042], [-0.772308, 0.409665, 0.485505]], [[-0.412455, 0.257893, -0.873712], [0.77948, 0.596289, -0.191965], [-0.471479, 0.760218, 0.446964]]], "btipPosition": [2.5304, 164.685, 37.5872], "carpPosition": [125.103, 133.044, 92.7412], "dipPosition": [10.7089, 177.872, 45.3405], "direction": [-0.772308, -0.409665, -0.485505], "extended": false, "handId": 722, "id": 7221, "length": 59.7057, "mcpPosition": [68.9768, 176.821, 72.5369], "pipPosition": [29.661, 187.925, 57.2546], "stabilizedTipPosition": [2.99402, 164.872, 39.0789], "timeVisible": 7.51848, "tipPosition": [4.77802, 168.204, 38.8135], "tipVelocity": [-2.96579, 8.98466, 0.808642], "tool": false, "touchDistance": -0.265485, "touchZone": "touching", "type": 1, "width": 20.1378}, {"bases": [[[-0.488091, -0.0053803, -0.872776], [-0.537995, 0.789268, 0.296002], [-0.687262, -0.614025, 0.388129]], [[-0.411695, 0.0603987, -0.909318], [-0.322011, 0.923795, 0.207151], [-0.852535, -0.378093, 0.360873]], [[-0.411695, 0.0603987, -0.909318], [0.243046, 0.968939, -0.0456803], [-0.878314, 0.239812, 0.413587]], [[-0.411695, 0.0603987, -0.909318], [0.652605, 0.715994, -0.24791], [-0.636092, 0.695489, 0.334187]]], "btipPosition": [3.78094, 178.721, 19.6497], "carpPosition": [131.219, 137.326, 82.8605], "dipPosition": [15.917, 191.99, 26.0256], "direction": [-0.878314, -0.239812, -0.413587], "extended": true, "handId": 722, "id": 7222, "length": 68.0299, "mcpPosition": [82.9947, 180.411, 55.6261], "pipPosition": [41.2745, 198.914, 37.9662], "stabilizedTipPosition": [6.29304, 173.935, 20.847], "timeVisible": 7.51848, "tipPosition": [7.54047, 178.605, 20.433], "tipVelocity": [0.97588, -3.94782, -2.52049], "tool": false, "touchDistance": 0.285844, "touchZone": "hovering", "type": 2, "width": 19.778}, {"bases": [[[-0.541953, -0.155163, -0.825961], [-0.593126, 0.766891, 0.245112], [-0.595389, -0.622738, 0.50765]], [[-0.476211, -0.0886927, -0.874847], [-0.342821, 0.934902, 0.0918287], [-0.809751, -0.343646, 0.475616]], [[-0.476211, -0.0886927, -0.874847], [0.213839, 0.953353, -0.213052], [-0.852934, 0.288534, 0.435031]], [[-0.476211, -0.0886927, -0.874847], [0.59684, 0.698029, -0.395649], [-0.645759, 0.710556, 0.279473]]], "btipPosition": [26.6603, 171.708, 0.984139], "carpPosition": [137.14, 138.481, 72.0776], "dipPosition": [38.9099, 185.187, 6.28557], "direction": [-0.852934, -0.288534, -0.435031], "extended": false, "handId": 722, "id": 7223, "length": 65.4125, "mcpPosition": [99.6308, 177.713, 40.0958], "pipPosition": [62.8988, 193.302, 18.5209], "stabilizedTipPosition": [28.6374, 168.756, 2.83757], "timeVisible": 7.51848, "tipPosition": [29.9475, 171.498, 2.33391], "tipVelocity": [1.73984, -12.2748, 0.492473], "tool": false, "touchDistance": 0.250997, "touchZone": "hovering", "type": 3, "width": 18.8201}, {"bases": [[[-0.501719, -0.350761, -0.790724], [-0.720454, 0.675371, 0.157541], [-0.478773, -0.648722, 0.591554]], [[-0.445544, -0.276674, -0.851435], [-0.388098, 0.916729, -0.0948058], [-0.806766, -0.2882, 0.51582]], [[-0.445544, -0.276674, -0.851435], [0.286862, 0.856784, -0.428523], [-0.848057, 0.43517, 0.302367]], [[-0.445544, -0.276674, -0.851435], [0.640155, 0.566396, -0.519035], [-0.625853, 0.776303, 0.0752399]]], "btipPosition": [56.6358, 158.697, -0.692429], "carpPosition": [141.312, 132.745, 59.6444], "dipPosition": [67.5883, 172.282, 0.624275], "direction": [-0.848057, -0.43517, -0.302367], "extended": false, "handId": 722, "id": 7224, "length": 51.2822, "mcpPosition": [113.391, 170.577, 25.1461], "pipPosition": [84.4286, 180.924, 6.62854], "stabilizedTipPosition": [58.0366, 157.612, 0.60565], "timeVisible": 7.51848, "tipPosition": [59.7008, 159.997, -0.195709], "tipVelocity": [-1.11256, -6.02512, -0.171398], "tool": false, "touchDistance": 0.27769, "touchZone": "hovering", "type": 4, "width": 16.7174}, {"bases": [[[0.820801, 0.515921, 0.245177], [-0.400262, 0.213256, 0.891242], [0.407525, -0.829667, 0.381544]], [[0.712319, 0.684259, 0.156177], [-0.574564, 0.440713, 0.689673], [0.403086, -0.581, 0.707079]], [[0.712319, 0.684259, 0.156177], [-0.698463, 0.712958, 0.061981], [-0.0689364, -0.153234, 0.985783]], [[0.712319, 0.684259, 0.156177], [-0.574144, 0.696079, -0.431084], [-0.403684, 0.217401, 0.888693]]], "btipPosition": [-63.9162, 174.286, 54.113], "carpPosition": [-72.1745, 144.978, 144.852], "dipPosition": [-54.3243, 179.451, 75.2293], "direction": [-0.0689364, 0.153234, -0.985783], "extended": false, "handId": 724, "id": 7240, "length": 52.9124, "mcpPosition": [-72.1745, 144.978, 144.852], "pipPosition": [-51.9379, 174.147, 109.354], "stabilizedTipPosition": [-62.8849, 175.012, 59.0274], "timeVisible": 4.08393, "tipPosition": [-60.0322, 177.839, 61.6681], "tipVelocity": [-22.2753, 8.3718, -9.0459], "tool": false, "touchDistance": 0.0355206, "touchZone": "hovering", "type": 0, "width": 21.0823}, {"bases": [[[0.701586, -0.540639, -0.464206], [0.71191, 0.560137, 0.423592], [0.0310086, -0.627659, 0.777871]], [[0.700261, -0.520599, -0.48848], [0.680918, 0.692618, 0.237972], [0.214442, -0.499257, 0.839498]], [[0.700261, -0.520599, -0.48848], [0.62123, 0.781503, 0.0576755], [0.351722, -0.343846, 0.870667]], [[0.700261, -0.520599, -0.48848], [0.564102, 0.822875, -0.0683123], [0.437521, -0.227716, 0.869897]]], "btipPosition": [-79.6083, 233.096, 5.20291], "carpPosition": [-109.481, 156.916, 133.279], "dipPosition": [-87.9078, 228.777, 21.7043], "direction": [0.351722, 0.343846, -0.870667], "extended": true, "handId": 724, "id": 7243, "length": 65.4125, "mcpPosition": [-107.528, 196.459, 84.2733], "pipPosition": [-97.8, 219.106, 46.1919], "stabilizedTipPosition": [-81.6958, 232.548, 9.32064], "timeVisible": 4.08393, "tipPosition": [-81.8204, 233.25, 9.48967], "tipVelocity": [-38.6012, 19.414, 13.4805], "tool": false, "touchDistance": 0.126093, "touchZone": "hovering", "type": 3, "width": 18.8201}, {"bases": [[[0.809998, -0.19313, -0.553719], [0.520966, 0.670503, 0.528223], [0.269255, -0.716328, 0.64372]], [[0.853168, -0.389862, -0.346572], [0.514324, 0.739563, 0.434186], [0.087039, -0.548684, 0.831487]], [[0.853168, -0.389862, -0.346572], [0.499184, 0.803025, 0.325525], [0.151396, -0.450731, 0.879728]], [[0.853168, -0.389862, -0.346572], [0.478436, 0.849575, 0.222085], [0.207856, -0.355289, 0.911354]]], "btipPosition": [-58.2448, 255.665, 25.1167], "carpPosition": [-89.2849, 161.506, 146.412], "dipPosition": [-61.8504, 249.502, 40.9256], "direction": [0.151396, 0.450731, -0.879728], "extended": true, "handId": 724, "id": 7241, "length": 59.7057, "mcpPosition": [-69.3621, 214.508, 98.782], "pipPosition": [-65.5656, 238.441, 62.5137], "stabilizedTipPosition": [-60.0669, 256.068, 30.4004], "timeVisible": 4.08393, "tipPosition": [-59.2899, 254.595, 28.9341], "tipVelocity": [-7.82148, 6.42196, 15.1354], "tool": false, "touchDistance": -0.121691, "touchZone": "touching", "type": 1, "width": 20.1378}, {"bases": [[[0.738168, -0.399588, -0.543541], [0.656191, 0.61231, 0.44101], [0.156593, -0.682206, 0.714194]], [[0.751529, -0.477669, -0.455012], [0.636058, 0.707652, 0.307668], [0.175026, -0.520635, 0.835646]], [[0.751529, -0.477669, -0.455012], [0.604181, 0.775316, 0.183985], [0.264894, -0.41318, 0.871271]], [[0.751529, -0.477669, -0.455012], [0.569559, 0.817833, 0.0821665], [0.332875, -0.320907, 0.886686]]], "btipPosition": [-66.3886, 252.111, 7.07261], "carpPosition": [-99.9403, 160.712, 140.152], "dipPosition": [-72.7396, 245.988, 23.9897], "direction": [0.264894, 0.41318, -0.871271], "extended": true, "handId": 724, "id": 7242, "length": 68.0299, "mcpPosition": [-88.9524, 208.581, 90.0376], "pipPosition": [-80.3872, 234.06, 49.144], "stabilizedTipPosition": [-68.413, 250.959, 11.3343], "timeVisible": 4.08393, "tipPosition": [-68.8733, 252.125, 11.5287], "tipVelocity": [-30.436, 19.1814, 18.431], "tool": false, "touchDistance": 0.0620877, "touchZone": "hovering", "type": 2, "width": 19.778}, {"bases": [[[0.573122, -0.69472, -0.434621], [0.81229, 0.411562, 0.413282], [-0.108242, -0.5899, 0.800189]], [[0.583089, -0.589861, -0.558633], [0.780712, 0.597041, 0.184475], [0.224712, -0.543697, 0.80864]], [[0.583089, -0.589861, -0.558633], [0.685088, 0.726593, -0.0521294], [0.436648, -0.352317, 0.827775]], [[0.583089, -0.589861, -0.558633], [0.599328, 0.776544, -0.194387], [0.548465, -0.221459, 0.806314]]], "btipPosition": [-95.3257, 211.828, 18.5009], "carpPosition": [-115.349, 147.037, 124.744], "dipPosition": [-104.924, 207.953, 32.6114], "direction": [0.436648, 0.352317, -0.827775], "extended": true, "handId": 724, "id": 7244, "length": 51.2822, "mcpPosition": [-121.662, 181.438, 78.0786], "pipPosition": [-113.595, 200.957, 49.049], "stabilizedTipPosition": [-97.7675, 211.201, 22.0914], "timeVisible": 4.08393, "tipPosition": [-98.0286, 212.109, 22.2078], "tipVelocity": [-34.9586, 17.4034, 12.5411], "tool": false, "touchDistance": 0.0758006, "touchZone": "hovering", "type": 4, "width": 16.7174}], "r": [[0.231291, -0.510634, -0.828105], [0.315435, 0.844563, -0.432682], [0.920329, -0.161138, 0.356412]], "s": 62.9452, "t": [-1617.93, -9931.84, 11050.3], "timestamp": 747001948917}, {"currentFrameRate": 113.382, "devices": [], "gestures": [], "hands": [{"armBasis": [[-0.715591, -0.0431361, -0.697186], [-0.44901, 0.792975, 0.411801], [-0.535088, -0.607725, 0.586815]], "armWidth": 65.6516, "confidence": 1, "direction": [-0.594067, 0.726567, -0.345231], "elbow": [294.189, -56.1086, 243.995], "grabAngle": 1.54775, "grabStrength": 0.386038, "id": 722, "palmNormal": [-0.556196, -0.681056, -0.476245], "palmPosition": [97.3672, 159.356, 59.8052], "palmVelocity": [0.987658, -3.68895, -2.41794], "palmWidth": 91.5124, "pinchDistance": 44.4734, "pinchStrength": 0.501474, "r": [[0.975749, -0.0241747, -0.217552], [-0.0332691, 0.965957, -0.256555], [0.216348, 0.257571, 0.941727]], "s": 0.810236, "sphereCenter": [50.3301, 131.578, 27.0553], "sphereRadius": 60.6747, "stabilizedPalmPosition": [95.8329, 160.707, 60.4511], "t": [6.28994, -56.3554, -22.0899], "timeVisible": 7.52723, "type": "right", "wrist": [148.886, 108.919, 84.6454]}, {"armBasis": [[0.823272, -0.264906, -0.502043], [0.559096, 0.531348, 0.63646], [0.0981573, -0.80467, 0.585551]], "armWidth": 65.6516, "confidence": 1, "direction": [0.0517918, 0.761497, -0.646096], "elbow": [-130.079, -91.1662, 308.817], "grabAngle": 0.53113, "grabStrength": 0, "id": 724, "palmNormal": [0.557607, -0.558773, -0.613879], "palmPosition": [-90.2073, 185.818, 102.14], "palmVelocity": [13.5648, -7.0564, -10.3867], "palmWidth": 91.5124, "pinchDistance": 61.5102, "pinchStrength": 0.0589605, "r": [[0.994621, 0.101949, 0.0182982], [-0.0965908, 0.976721, -0.191535], [-0.0373991, 0.188738, 0.981315]], "s": 0.963899, "sphereCenter": [-30.2729, 129.461, 23.8802], "sphereRadius": 113.11, "stabilizedPalmPosition": [-91.0978, 185.875, 103.266], "t": [-4.28691, 0.570811, -15.1631], "timeVisible": 4.09269, "type": "left", "wrist": [-103.425, 127.342, 149.81]}], "id": 1324162, "interactionBox": {"center": [0, 200, 0], "size": [235.247, 235.247, 147.751]}, "pointables": [{"bases": [[[-0.615406, 0.787511, 0.0331795], [-0.0128793, -0.0521358, 0.998557], [-0.788105, -0.614091, -0.0422273]], [[-0.188048, 0.980947, 0.048791], [0.280653, 0.00606286, 0.95979], [-0.941207, -0.19418, 0.276446]], [[-0.188048, 0.980947, 0.048791], [0.450047, 0.0419064, 0.892021], [-0.872981, -0.189701, 0.449352]], [[-0.188048, 0.980947, 0.048791], [0.654914, 0.0882169, 0.750536], [-0.731932, -0.173091, 0.659025]]], "btipPosition": [20.9801, 131.475, 48.5333], "carpPosition": [115.844, 111.047, 93.6261], "dipPosition": [38.3716, 127.363, 64.1924], "direction": [-0.872981, 0.189701, -0.449352], "extended": false, "handId": 722, "id": 7220, "length": 52.9124, "mcpPosition": [115.844, 111.047, 93.6261], "pipPosition": [68.5911, 120.796, 79.7474], "stabilizedTipPosition": [23.658, 130.351, 52.4007], "timeVisible": 7.52723, "tipPosition": [24.6759, 130.641, 53.3062], "tipVelocity": [-1.94805, 0.607558, 0.229144], "tool": false, "touchDistance": -0.265144, "touchZone": "touching", "type": 0, "width": 21.0823}, {"bases": [[[-0.473151, 0.211607, -0.855191], [-0.448695, 0.777506, 0.440634], [-0.758157, -0.592205, 0.27293]], [[-0.412566, 0.257159, -0.873876], [-0.133537, 0.931887, 0.337275], [-0.901087, -0.255843, 0.350124]], [[-0.412566, 0.257159, -0.873876], [0.480982, 0.876191, 0.0307642], [-0.773593, 0.407626, 0.485175]], [[-0.412566, 0.257159, -0.873876], [0.778388, 0.597846, -0.191554], [-0.473183, 0.759243, 0.44682]]], "btipPosition": [2.5089, 164.802, 37.5931], "carpPosition": [125.102, 132.997, 92.7165], "dipPosition": [10.717, 177.972, 45.3439], "direction": [-0.773593, -0.407626, -0.485175], "extended": false, "handId": 722, "id": 7221, "length": 59.7057, "mcpPosition": [69.0048, 176.816, 72.5218], "pipPosition": [29.7006, 187.975, 57.2499], "stabilizedTipPosition": [2.99941, 164.884, 39.08], "timeVisible": 7.52723, "tipPosition": [4.7842, 168.241, 38.8275], "tipVelocity": [-1.67866, 12.9247, 0.603974], "tool": false, "touchDistance": -0.265397, "touchZone": "touching", "type": 1, "width": 20.1378}, {"bases": [[[-0.48776, -0.0060148, -0.872957], [-0.538763, 0.788897, 0.295595], [-0.686895, -0.614496, 0.388033]], [[-0.411685, 0.0595851, -0.909376], [-0.322566, 0.923735, 0.206555], [-0.85233, -0.37837, 0.361068]], [[-0.411685, 0.0595851, -0.909376], [0.242929, 0.968929, -0.0464894], [-0.878351, 0.240053, 0.413369]], [[-0.411685, 0.0595851, -0.909376], [0.652036, 0.716396, -0.248244], [-0.636682, 0.695144, 0.333781]]], "btipPosition": [3.80327, 178.713, 19.6329], "carpPosition": [131.218, 137.271, 82.8325], "dipPosition": [15.9505, 191.975, 26.0011], "direction": [-0.878351, -0.240053, -0.413369], "extended": true, "handId": 722, "id": 7222, "length": 68.0299, "mcpPosition": [83.0193, 180.39, 55.6048], "pipPosition": [41.3092, 198.906, 37.9354], "stabilizedTipPosition": [6.29367, 173.951, 20.8476], "timeVisible": 7.52723, "tipPosition": [7.54717, 178.648, 20.4426], "tipVelocity": [2.84631, -1.11641, -2.12067], "tool": false, "touchDistance": 0.285535, "touchZone": "hovering", "type": 2, "width": 19.778}, {"bases": [[[-0.541514, -0.155831, -0.826123], [-0.593857, 0.76646, 0.24469], [-0.59506, -0.623102, 0.50759]], [[-0.475968, -0.0894735, -0.874899], [-0.343081, 0.934884, 0.0910372], [-0.809784, -0.343492, 0.475672]], [[-0.475968, -0.0894735, -0.874899], [0.214733, 0.952879, -0.214269], [-0.852845, 0.289855, 0.434327]], [[-0.475968, -0.0894735, -0.874899], [0.597758, 0.696785, -0.396454], [-0.645088, 0.711678, 0.278164]]], "btipPosition": [26.6906, 171.603, 0.999467], "carpPosition": [137.136, 138.419, 72.047], "dipPosition": [38.9275, 185.103, 6.27606], "direction": [-0.852845, -0.289855, -0.434327], "extended": false, "handId": 722, "id": 7223, "length": 65.4125, "mcpPosition": [99.6473, 177.674, 40.069], "pipPosition": [62.9139, 193.256, 18.4916], "stabilizedTipPosition": [28.6417, 168.786, 2.83451], "timeVisible": 7.52723, "tipPosition": [29.9414, 171.531, 2.33389], "tipVelocity": [3.12592, -11.4047, 1.09818], "tool": false, "touchDistance": 0.251157, "touchZone": "hovering", "type": 3, "width": 18.8201}, {"bases": [[[-0.50113, -0.351385, -0.79082], [-0.721076, 0.674811, 0.157095], [-0.478453, -0.648967, 0.591544]], [[-0.445043, -0.27733, -0.851484], [-0.388479, 0.916499, -0.0954603], [-0.806858, -0.2883, 0.515619]], [[-0.445043, -0.27733, -0.851484], [0.287134, 0.856443, -0.429021], [-0.848228, 0.435423, 0.301523]], [[-0.445043, -0.27733, -0.851484], [0.640446, 0.566014, -0.519092], [-0.625912, 0.776348, 0.0742855]]], "btipPosition": [56.6331, 158.64, -0.68182], "carpPosition": [141.298, 132.676, 59.6137], "dipPosition": [67.5866, 172.226, 0.618182], "direction": [-0.848228, -0.435423, -0.301523], "extended": false, "handId": 722, "id": 7224, "length": 51.2822, "mcpPosition": [113.396, 170.523, 25.116], "pipPosition": [84.4303, 180.872, 6.60568], "stabilizedTipPosition": [58.0439, 157.639, 0.599216], "timeVisible": 7.52723, "tipPosition": [59.6859, 159.986, -0.20347], "tipVelocity": [-0.288354, -6.48025, 0.773059], "tool": false, "touchDistance": 0.277803, "touchZone": "hovering", "type": 4, "width": 16.7174}, {"bases": [[[0.822014, 0.516198, 0.240486], [-0.39718, 0.217059, 0.891702], [0.408095, -0.828508, 0.383449]], [[0.713397, 0.684254, 0.151198], [-0.571347, 0.443023, 0.690865], [0.405743, -0.579248, 0.706997]], [[0.713397, 0.684254, 0.151198], [-0.697588, 0.713945, 0.0604364], [-0.0665932, -0.148589, 0.986654]], [[0.713397, 0.684254, 0.151198], [-0.574724, 0.694758, -0.432439], [-0.400944, 0.221604, 0.888896]]], "btipPosition": [-63.6239, 174.057, 54.2094], "carpPosition": [-72.1618, 145.098, 144.979], "dipPosition": [-54.097, 179.322, 75.3305], "direction": [-0.0665932, 0.148589, -0.986654], "extended": false, "handId": 724, "id": 7240, "length": 52.9124, "mcpPosition": [-72.1618, 145.098, 144.979], "pipPosition": [-51.7918, 174.179, 109.485], "stabilizedTipPosition": [-62.8582, 175.017, 59.0281], "timeVisible": 4.09269, "tipPosition": [-59.7808, 177.635, 61.6982], "tipVelocity": [31.6883, -23.5309, 11.1356], "tool": false, "touchDistance": 0.0371453, "touchZone": "hovering", "type": 0, "width": 21.0823}, {"bases": [[[0.69963, -0.543022, -0.464376], [0.713741, 0.561199, 0.419081], [0.033037, -0.624646, 0.780209]], [[0.698154, -0.522061, -0.489932], [0.682568, 0.691865, 0.235423], [0.216061, -0.498773, 0.839371]], [[0.698154, -0.522061, -0.489932], [0.621717, 0.781428, 0.053275], [0.355033, -0.341793, 0.870131]], [[0.698154, -0.522061, -0.489932], [0.563772, 0.822676, -0.0732502], [0.441296, -0.22507, 0.868678]]], "btipPosition": [-79.2013, 232.82, 5.05886], "carpPosition": [-109.44, 156.96, 133.238], "dipPosition": [-87.5724, 228.551, 21.5371], "direction": [0.355033, 0.341793, -0.870131], "extended": true, "handId": 724, "id": 7243, "length": 65.4125, "mcpPosition": [-107.359, 196.313, 84.0852], "pipPosition": [-97.5577, 218.938, 46.0097], "stabilizedTipPosition": [-81.6748, 232.522, 9.30318], "timeVisible": 4.09269, "tipPosition": [-81.4339, 232.821, 9.23815], "tipVelocity": [44.6163, -30.2004, -17.0624], "tool": false, "touchDistance": 0.123603, "touchZone": "hovering", "type": 3, "width": 18.8201}, {"bases": [[[0.808031, -0.195954, -0.555598], [0.523229, 0.672129, 0.523902], [0.270773, -0.714034, 0.64563]], [[0.851771, -0.393135, -0.346311], [0.516903, 0.738378, 0.433137], [0.0854273, -0.547943, 0.832142]], [[0.851771, -0.393135, -0.346311], [0.501782, 0.802248, 0.323439], [0.150672, -0.449269, 0.8806]], [[0.851771, -0.393135, -0.346311], [0.480957, 0.848878, 0.219286], [0.207767, -0.353342, 0.912131]]], "btipPosition": [-58.2277, 255.505, 24.919], "carpPosition": [-89.2905, 161.617, 146.419], "dipPosition": [-61.8318, 249.375, 40.7413], "direction": [0.150672, 0.449269, -0.8806], "extended": true, "handId": 724, "id": 7241, "length": 59.7057, "mcpPosition": [-69.2554, 214.45, 98.6477], "pipPosition": [-65.5292, 238.351, 62.3508], "stabilizedTipPosition": [-60.0639, 256.062, 30.3949], "timeVisible": 4.09269, "tipPosition": [-58.9895, 254.268, 28.6745], "tipVelocity": [1.99254, -17.4066, -22.2332], "tool": false, "touchDistance": -0.124935, "touchZone": "touching", "type": 1, "width": 20.1378}, {"bases": [[[0.736068, -0.402312, -0.54438], [0.658121, 0.613485, 0.436477], [0.158369, -0.679545, 0.716337]], [[0.749642, -0.479954, -0.45572], [0.637927, 0.707407, 0.304341], [0.17631, -0.518863, 0.836478]], [[0.749642, -0.479954, -0.45572], [0.605473, 0.775393, 0.179355], [0.26728, -0.410378, 0.871866]], [[0.749642, -0.479954, -0.45572], [0.570713, 0.817448, 0.0778842], [0.335146, -0.31847, 0.886709]]], "btipPosition": [-66.0735, 251.789, 6.8394], "carpPosition": [-99.9248, 160.79, 140.127], "dipPosition": [-72.4677, 245.712, 23.7569], "direction": [0.26728, 0.410378, -0.871866], "extended": true, "handId": 724, "id": 7242, "length": 68.0299, "mcpPosition": [-88.8123, 208.473, 89.8628], "pipPosition": [-80.1843, 233.864, 48.9284], "stabilizedTipPosition": [-68.3946, 250.947, 11.3216], "timeVisible": 4.09269, "tipPosition": [-68.5053, 251.717, 11.2465], "tipVelocity": [34.862, -35.6134, -26.6288], "tool": false, "touchDistance": 0.0582025, "touchZone": "hovering", "type": 2, "width": 19.778}, {"bases": [[[0.571139, -0.69688, -0.433772], [0.813967, 0.412502, 0.409024], [-0.106109, -0.586686, 0.802833]], [[0.580814, -0.590798, -0.560011], [0.782049, 0.595923, 0.182417], [0.225952, -0.543906, 0.808153]], [[0.580814, -0.590798, -0.560011], [0.684914, 0.726465, -0.0560448], [0.43994, -0.351008, 0.826587]], [[0.580814, -0.590798, -0.560011], [0.598748, 0.776128, -0.197805], [0.551503, -0.220417, 0.804525]]], "btipPosition": [-94.9613, 211.61, 18.3979], "carpPosition": [-115.272, 147.042, 124.723], "dipPosition": [-104.613, 207.753, 32.4771], "direction": [0.43994, 0.351008, -0.826587], "extended": true, "handId": 724, "id": 7244, "length": 51.2822, "mcpPosition": [-121.46, 181.257, 77.9032], "pipPosition": [-113.349, 200.782, 48.8911], "stabilizedTipPosition": [-97.7501, 211.187, 22.0779], "timeVisible": 4.09269, "tipPosition": [-97.6637, 211.716, 21.9859], "tipVelocity": [40.2248, -24.4694, -12.5911], "tool": false, "touchDistance": 0.0739636, "touchZone": "hovering", "type": 4, "width": 16.7174}], "r": [[0.230888, -0.510913, -0.828045], [0.315739, 0.844327, -0.432921], [0.920326, -0.161489, 0.356261]], "s": 62.9446, "t": [-1617.94, -9931.91, 11050.3], "timestamp": 747001957671}, {"currentFrameRate": 113.51, "devices": [], "gestures": [], "hands": [{"armBasis": [[-0.71535, -0.0431795, -0.697431], [-0.448898, 0.79329, 0.411317], [-0.535505, -0.60731, 0.586863]], "armWidth": 65.6516, "confidence": 1, "direction": [-0.593825, 0.726799, -0.34516], "elbow": [294.284, -56.0544, 243.989], "grabAngle": 1.54785, "grabStrength": 0.386672, "id": 722, "palmNormal": [-0.556589, -0.680849, -0.476081], "palmPosition": [97.3591, 159.312, 59.792], "palmVelocity": [-0.941284, -5.13314, -1.53819], "palmWidth": 91.5124, "pinchDistance": 44.5439, "pinchStrength": 0.499764, "r": [[0.975853, -0.0237312, -0.217133], [-0.0336496, 0.96588, -0.256794], [0.215819, 0.2579, 0.941759]], "s": 0.810058, "sphereCenter": [50.3454, 131.541, 26.9792], "sphereRadius": 60.6815, "stabilizedPalmPosition": [95.837, 160.703, 60.4493], "t": [6.29095, -56.3926, -22.106], "timeVisible": 7.53582, "type": "right", "wrist": [148.868, 108.861, 84.6265]}, {"armBasis": [[0.825042, -0.26279, -0.500247], [0.556307, 0.533055, 0.637476], [0.0991366, -0.804235, 0.585985]], "armWidth": 65.6516, "confidence": 1, "direction": [0.050689, 0.763491, -0.643827], "elbow": [-130.365, -91.1787, 308.886], "grabAngle": 0.530821, "grabStrength": 0, "id": 724, "palmNormal": [0.554981, -0.557491, -0.617414], "palmPosition": [-90.2853, 185.798, 102.208], "palmVelocity": [-9.07347, -2.27375, 7.93442], "palmWidth": 91.5124, "pinchDistance": 61.4303, "pinchStrength": 0.0593635, "r": [[0.994589, 0.102209, 0.0186086], [-0.0967861, 0.976696, -0.191568], [-0.0377549, 0.18873, 0.981303]], "s": 0.963892, "sphereCenter": [-30.4292, 129.44, 23.5463], "sphereRadius": 113.324, "stabilizedPalmPosition": [-91.0958, 185.875, 103.263], "t": [-4.2977, 0.529454, -15.1504], "timeVisible": 4.10128, "type": "left", "wrist": [-103.444, 127.211, 149.762]}], "id": 1324163, "interactionBox": {"center": [0, 200, 0], "size": [235.247, 235.247, 147.751]}, "pointables": [{"bases": [[[-0.615754, 0.787247, 0.0329958], [-0.013064, -0.0520706, 0.998558], [-0.78783, -0.614435, -0.0423473]], [[-0.188363, 0.980892, 0.048685], [0.280472, 0.00621933, 0.959842], [-0.941199, -0.194453, 0.276284]], [[-0.188363, 0.980892, 0.048685], [0.450223, 0.0421884, 0.891919], [-0.872822, -0.189924, 0.449567]], [[-0.188363, 0.980892, 0.048685], [0.655124, 0.0885645, 0.750312], [-0.731664, -0.173226, 0.659289]]], "btipPosition": [20.9705, 131.45, 48.5142], "carpPosition": [115.822, 110.997, 93.6125], "dipPosition": [38.3556, 127.334, 64.1795], "direction": [-0.872822, 0.189924, -0.449567], "extended": false, "handId": 722, "id": 7220, "length": 52.9124, "mcpPosition": [115.822, 110.997, 93.6125], "pipPosition": [68.5695, 120.76, 79.7419], "stabilizedTipPosition": [23.6618, 130.352, 52.3999], "timeVisible": 7.53582, "tipPosition": [24.6546, 130.628, 53.308], "tipVelocity": [-1.29383, -3.00499, -2.06085], "tool": false, "touchDistance": -0.265439, "touchZone": "touching", "type": 0, "width": 21.0823}, {"bases": [[[-0.473065, 0.211341, -0.855304], [-0.449122, 0.777343, 0.440485], [-0.757957, -