{"frames": 86, "data": [{"currentFrameRate": 105.642, "devices": [], "gestures": [], "hands": [{"armBasis": [[-0.603969, -0.221655, -0.765565], [-0.593873, 0.76577, 0.246804], [-0.531542, -0.60371, 0.594136]], "armWidth": 62.1716, "confidence": 1, "direction": [-0.519006, 0.789844, -0.32677], "elbow": [279.821, -44.1969, 239.054], "grabAngle": 1.48999, "grabStrength": 0.252954, "id": 727, "palmNormal": [-0.723024, -0.609575, -0.325046], "palmPosition": [99.272, 164.103, 65.0348], "palmVelocity": [9.87556, 7.42931, -1.13798], "palmWidth": 86.6275, "pinchDistance": 67.7879, "pinchStrength": 0.055762, "r": [[0.979629, 0.0481084, -0.194967], [-0.0624996, 0.995702, -0.0683443], [0.190841, 0.0791374, 0.978426]], "s": 0.984153, "sphereCenter": [50.3924, 153.465, 46.957], "sphereRadius": 53.6815, "stabilizedPalmPosition": [98.5756, 162.727, 63.0033], "t": [-15.2632, 12.0242, -15.0334], "timeVisible": 4.73457, "type": "right", "wrist": [143.185, 110.99, 86.328]}, {"armBasis": [[0.908418, 0.0606382, -0.413643], [0.200556, 0.80493, 0.558449], [0.366816, -0.590264, 0.719051]], "armWidth": 62.1716, "confidence": 1, "direction": [0.227712, -0.0454574, -0.972667], "elbow": [-196.798, -41.773, 323.302], "grabAngle": 0.581489, "grabStrength": 0, "id": 728, "palmNormal": [0.0745068, -0.995168, 0.0639518], "palmPosition": [-76.9229, 110.137, 71.7807], "palmVelocity": [22.155, -40.0996, 4.18967], "palmWidth": 86.6275, "pinchDistance": 51.7936, "pinchStrength": 0, "r": [[0.993084, 0.0763631, -0.0891802], [-0.103741, 0.926397, -0.361976], [0.0549747, 0.368724, 0.927912]], "s": 0.907944, "sphereCenter": [-67.1398, -35.0203, 74.0256], "sphereRadius": 146.606, "stabilizedPalmPosition": [-79.1247, 110.817, 72.8202], "t": [9.81193, -69.7191, -8.85909], "timeVisible": 2.5236, "type": "left", "wrist": [-102.506, 109.957, 138.467]}], "id": 1326503, "interactionBox": {"center": [0, 200, 0], "size": [235.247, 235.247, 147.751]}, "pointables": [{"bases": [[[-0.728881, 0.672158, -0.130141], [-0.158969, 0.018735, 0.987106], [-0.665929, -0.740171, -0.093197]], [[-0.292625, 0.953999, -0.0652328], [0.114974, 0.102827, 0.988032], [-0.94929, -0.281623, 0.139775]], [[-0.292625, 0.953999, -0.0652328], [0.33169, 0.165251, 0.928802], [-0.896857, -0.250154, 0.364789]], [[-0.292625, 0.953999, -0.0652328], [0.520099, 0.216036, 0.826332], [-0.802413, -0.207878, 0.559392]]], "btipPosition": [22.2919, 144.566, 67.7356], "carpPosition": [114.119, 118.506, 98.5396], "dipPosition": [40.0648, 139.962, 80.1258], "direction": [-0.896857, 0.250154, -0.364789], "extended": false, "handId": 727, "id": 7270, "length": 49.3234, "mcpPosition": [114.119, 118.506, 98.5396], "pipPosition": [69.0049, 131.89, 91.8969], "stabilizedTipPosition": [24.7923, 143.107, 68.8183], "timeVisible": 4.73457, "tipPosition": [26.5268, 145.054, 71.5515], "tipVelocity": [11.0295, 11.0578, 0.893555], "tool": false, "touchDistance": 0.0693609, "touchZone": "hovering", "type": 0, "width": 19.9681}, {"bases": [[[-0.362312, 0.0660143, -0.929716], [-0.627772, 0.720016, 0.295768], [-0.688936, -0.69081, 0.219428]], [[-0.338691, 0.0894515, -0.936636], [-0.547879, 0.790546, 0.273615], [-0.764929, -0.605834, 0.218742]], [[-0.338691, 0.0894515, -0.936636], [-0.0655983, 0.990803, 0.118345], [-0.938608, -0.101524, 0.329708]], [[-0.338691, 0.0894515, -0.936636], [0.311765, 0.949904, -0.0220166], [-0.887745, 0.299467, 0.349612]]], "btipPosition": [10.6104, 207.88, 56.9887], "carpPosition": [125.793, 137.381, 94.4473], "dipPosition": [24.9652, 212.723, 62.6419], "direction": [-0.938608, 0.101524, -0.329708], "extended": true, "handId": 727, "id": 7271, "length": 55.6559, "mcpPosition": [77.5379, 185.767, 79.078], "pipPosition": [46.4359, 210.4, 70.184], "stabilizedTipPosition": [11.0253, 206.191, 56.5079], "timeVisible": 4.73457, "tipPosition": [13.1309, 206.273, 57.9525], "tipVelocity": [10.1381, 23.1923, 10.9403], "tool": false, "touchDistance": 0.292382, "touchZone": "hovering", "type": 1, "width": 19.0736}, {"bases": [[[-0.339694, -0.151643, -0.928231], [-0.694961, 0.705469, 0.139076], [-0.633749, -0.692327, 0.34503]], [[-0.322659, -0.133111, -0.937109], [-0.625869, 0.772728, 0.105733], [-0.710056, -0.620623, 0.332638]], [[-0.322659, -0.133111, -0.937109], [-0.137781, 0.986121, -0.0926332], [-0.936433, -0.0992271, 0.336521]], [[-0.322659, -0.133111, -0.937109], [0.321487, 0.915791, -0.240775], [-0.890246, 0.378956, 0.252695]]], "btipPosition": [15.1043, 209.929, 32.3791], "carpPosition": [130.625, 139.701, 84.0218], "dipPosition": [30.9373, 216.669, 36.8732], "direction": [-0.936433, 0.0992271, -0.336521], "extended": true, "handId": 727, "id": 7272, "length": 63.4154, "mcpPosition": [88.5298, 185.687, 61.1039], "pipPosition": [56.139, 213.999, 45.9299], "stabilizedTipPosition": [15.059, 209.893, 32.1141], "timeVisible": 4.73457, "tipPosition": [17.4506, 210.271, 34], "tipVelocity": [13.4865, 22.6505, -0.71846], "tool": false, "touchDistance": 0.325821, "touchZone": "hovering", "type": 2, "width": 18.7328}, {"bases": [[[-0.375891, -0.304618, -0.875165], [-0.737303, 0.670403, 0.083331], [-0.561329, -0.676585, 0.476594]], [[-0.344134, -0.26657, -0.900284], [-0.440582, 0.892578, -0.0958759], [-0.829132, -0.363655, 0.424613]], [[-0.344134, -0.26657, -0.900284], [0.27717, 0.887277, -0.368667], [-0.897078, 0.376403, 0.231457]], [[-0.344134, -0.26657, -0.900284], [0.682814, 0.587093, -0.434842], [-0.644466, 0.764371, 0.0200208]]], "btipPosition": [31.2288, 171.424, 20.2685], "carpPosition": [134.68, 139.081, 73.0681], "dipPosition": [42.6247, 184.94, 20.6226], "direction": [-0.897078, -0.376403, -0.231457], "extended": false, "handId": 727, "id": 7273, "length": 60.9756, "mcpPosition": [101.204, 179.431, 44.6456], "pipPosition": [66.1438, 194.808, 26.6908], "stabilizedTipPosition": [31.3773, 173.655, 18.8699], "timeVisible": 4.73457, "tipPosition": [33.9855, 173.442, 20.8061], "tipVelocity": [10.0268, 4.39959, -0.0618622], "tool": false, "touchDistance": 0.262762, "touchZone": "hovering", "type": 3, "width": 17.8254}, {"bases": [[[-0.311307, -0.487433, -0.81578], [-0.833468, 0.552437, -0.0120271], [-0.456529, -0.676183, 0.578237]], [[-0.303542, -0.475929, -0.825442], [-0.438561, 0.83888, -0.322404], [-0.845888, -0.264143, 0.463359]], [[-0.303542, -0.475929, -0.825442], [0.427169, 0.706402, -0.564378], [-0.851697, 0.523916, 0.0111206]], [[-0.303542, -0.475929, -0.825442], [0.768551, 0.389771, -0.507354], [-0.563198, 0.788397, -0.247464]]], "btipPosition": [57.3862, 155.829, 17.8459], "carpPosition": [135.849, 132.22, 61.4425], "dipPosition": [66.5737, 168.69, 13.809], "direction": [-0.851697, -0.523916, -0.0111206], "extended": false, "handId": 727, "id": 7274, "length": 47.8038, "mcpPosition": [110.646, 169.549, 29.5208], "pipPosition": [82.3391, 178.388, 14.0149], "stabilizedTipPosition": [58.9519, 157.74, 14.3083], "timeVisible": 4.73457, "tipPosition": [58.42, 160.366, 16.2712], "tipVelocity": [8.83944, 3.69463, 1.37726], "tool": false, "touchDistance": 0.333333, "touchZone": "none", "type": 4, "width": 15.8339}, {"bases": [[[0.412884, 0.846213, -0.336824], [-0.659165, 0.532837, 0.530647], [0.628513, 0.002927, 0.777794]], [[0.382659, 0.845125, -0.373277], [-0.635401, 0.53404, 0.557733], [0.6707, 0.0237594, 0.741348]], [[0.382659, 0.845125, -0.373277], [-0.905151, 0.423897, 0.0318333], [0.185134, 0.325691, 0.927173]], [[0.382659, 0.845125, -0.373277], [-0.916451, 0.296049, -0.269209], [-0.117007, 0.445105, 0.887801]]], "btipPosition": [-34.3502, 86.7158, 44.9738], "carpPosition": [-69.6071, 108.213, 129.788], "dipPosition": [-31.7586, 96.5746, 64.638], "direction": [0.185134, -0.325691, -0.927173], "extended": false, "handId": 728, "id": 7280, "length": 49.3234, "mcpPosition": [-69.6071, 108.213, 129.788], "pipPosition": [-37.7326, 107.084, 94.5564], "stabilizedTipPosition": [-36.2916, 90.5208, 49.3738], "timeVisible": 2.5236, "tipPosition": [-35.3775, 87.2901, 49.5946], "tipVelocity": [34.9208, -53.4528, 10.7912], "tool": false, "touchDistance": 0.268616, "touchZone": "hovering", "type": 0, "width": 19.9681}, {"bases": [[[0.918858, -0.0934297, -0.383368], [0.0162019, 0.979678, -0.199922], [0.394256, 0.177489, 0.901698]], [[0.999277, -0.0227407, -0.0304536], [0.0118784, 0.947977, -0.318117], [0.0361035, 0.317525, 0.947562]], [[0.999277, -0.0227407, -0.0304536], [0.00621629, 0.888253, -0.459312], [0.0374955, 0.45879, 0.887753]], [[0.999277, -0.0227407, -0.0304536], [0.00304322, 0.846555, -0.532292], [0.0378853, 0.531815, 0.846013]]], "btipPosition": [-45.5764, 81.1712, -18.6974], "carpPosition": [-76.1293, 125.608, 116.975], "dipPosition": [-46.189, 89.7707, -5.01744], "direction": [0.0374955, -0.45879, -0.887753], "extended": true, "handId": 728, "id": 7281, "length": 55.6559, "mcpPosition": [-48.5147, 113.176, 53.8178], "pipPosition": [-47.0467, 100.266, 15.29], "stabilizedTipPosition": [-46.8975, 87.7238, -16.127], "timeVisible": 2.5236, "tipPosition": [-44.7964, 81.9646, -14.8563], "tipVelocity": [12.8702, -103.187, 32.0518], "tool": false, "touchDistance": 0.270292, "touchZone": "hovering", "type": 1, "width": 19.0736}, {"bases": [[[0.94736, -0.234224, -0.218284], [0.179964, 0.953438, -0.242012], [0.264805, 0.189989, 0.945401]], [[0.972445, -0.209509, -0.102259], [0.159746, 0.918286, -0.362258], [0.169799, 0.335941, 0.926451]], [[0.972445, -0.209509, -0.102259], [0.114076, 0.810149, -0.575017], [0.203316, 0.547507, 0.811725]], [[0.972445, -0.209509, -0.102259], [0.0699096, 0.680503, -0.729402], [0.222404, 0.702155, 0.676399]]], "btipPosition": [-51.8282, 70.8457, -27.2344], "carpPosition": [-86.5903, 126.013, 111.699], "dipPosition": [-55.7836, 83.3334, -15.2047], "direction": [0.203316, -0.547507, -0.811725], "extended": true, "handId": 728, "id": 7282, "length": 63.4154, "mcpPosition": [-69.0011, 113.393, 48.903], "pipPosition": [-61.2554, 98.0682, 6.6408], "stabilizedTipPosition": [-54.2419, 77.7474, -24.9734], "timeVisible": 2.5236, "tipPosition": [-51.3698, 73.4085, -24.3607], "tipVelocity": [17.1659, -63.6807, 20.9641], "tool": false, "touchDistance": 0.288838, "touchZone": "hovering", "type": 2, "width": 18.7328}, {"bases": [[[0.959722, -0.274916, -0.0579125], [0.255539, 0.939837, -0.226728], [0.11676, 0.202797, 0.972235]], [[0.94492, -0.2924, -0.147069], [0.228495, 0.911036, -0.343224], [0.234344, 0.290715, 0.927668]], [[0.94492, -0.2924, -0.147069], [0.140962, 0.769088, -0.623404], [0.295392, 0.568336, 0.767944]], [[0.94492, -0.2924, -0.147069], [0.0706613, 0.620985, -0.780631], [0.319584, 0.727241, 0.607442]]], "btipPosition": [-67.2958, 71.8084, -19.8693], "carpPosition": [-97.5638, 123.955, 108.213], "dipPosition": [-72.9469, 84.668, -9.12807], "direction": [0.295392, -0.568336, -0.767944], "extended": true, "handId": 728, "id": 7283, "length": 60.9756, "mcpPosition": [-90.6006, 111.861, 50.232], "pipPosition": [-80.6913, 99.5682, 11.0054], "stabilizedTipPosition": [-70.2593, 77.8806, -17.5956], "timeVisible": 2.5236, "tipPosition": [-66.8166, 75.7543, -17.929], "tipVelocity": [15.2054, -37.1548, 6.75431], "tool": false, "touchDistance": 0.306305, "touchZone": "hovering", "type": 3, "width": 17.8254}, {"bases": [[[0.911282, -0.401081, 0.0932658], [0.411005, 0.899836, -0.146184], [-0.0252923, 0.171548, 0.984851]], [[0.892103, -0.430009, -0.138725], [0.385306, 0.884368, -0.263499], [0.235991, 0.181617, 0.954633]], [[0.892103, -0.430009, -0.138725], [0.281296, 0.768838, -0.574247], [0.353589, 0.473265, 0.806843]], [[0.892103, -0.430009, -0.138725], [0.189284, 0.634462, -0.749419], [0.410273, 0.642301, 0.647399]]], "btipPosition": [-88.7862, 81.2041, -3.5022], "carpPosition": [-108.525, 115.99, 108.309], "dipPosition": [-95.479, 91.682, 7.05886], "direction": [0.353589, -0.473265, -0.806843], "extended": true, "handId": 728, "id": 7284, "length": 47.8038, "mcpPosition": [-109.921, 106.52, 53.9401], "pipPosition": [-102.024, 100.442, 21.994], "stabilizedTipPosition": [-91.7711, 87.3932, -1.42728], "timeVisible": 2.5236, "tipPosition": [-89.3075, 85.7567, -2.14376], "tipVelocity": [6.65459, -53.1744, 14.9641], "tool": false, "touchDistance": 0.293653, "touchZone": "hovering", "type": 4, "width": 15.8339}], "r": [[-0.988068, -0.094452, 0.121661], [0.101774, -0.993262, 0.0554317], [0.115606, 0.0671522, 0.991023]], "s": 63.8754, "t": [-1690.47, -10190.6, 11156.4], "timestamp": 747022614300}, {"currentFrameRate": 106.043, "devices": [], "gestures": [], "hands": [{"armBasis": [[-0.604833, -0.220888, -0.765105], [-0.592327, 0.766959, 0.246825], [-0.532283, -0.60248, 0.59472]], "armWidth": 62.1716, "confidence": 1, "direction": [-0.519069, 0.789949, -0.326416], "elbow": [280.132, -43.8029, 239.195], "grabAngle": 1.48959, "grabStrength": 0.250732, "id": 727, "palmNormal": [-0.722753, -0.609519, -0.325752], "palmPosition": [99.3782, 164.171, 65.0364], "palmVelocity": [12.2241, 7.87482, 0.19062], "palmWidth": 86.6275, "pinchDistance": 67.8954, "pinchStrength": 0.0558792, "r": [[0.979634, 0.0483344, -0.194889], [-0.0626906, 0.995702, -0.0681785], [0.190756, 0.0790077, 0.978453]], "s": 0.985434, "sphereCenter": [50.5086, 153.651, 47.0595], "sphereRadius": 53.6516, "stabilizedPalmPosition": [98.5788, 162.733, 63.0115], "t": [-15.167, 12.0853, -15.0389], "timeVisible": 4.74326, "type": "right", "wrist": [143.306, 111.068, 86.319]}, {"armBasis": [[0.90644, 0.0613826, -0.417851], [0.201502, 0.806654, 0.555614], [0.371166, -0.587828, 0.718814]], "armWidth": 62.1716, "confidence": 1, "direction": [0.226243, -0.0476036, -0.972907], "elbow": [-197.654, -41.3906, 323.276], "grabAngle": 0.587257, "grabStrength": 0, "id": 728, "palmNormal": [0.077085, -0.994798, 0.0666002], "palmPosition": [-76.6916, 109.757, 71.7968], "palmVelocity": [26.6103, -43.681, 1.85469], "palmWidth": 86.6275, "pinchDistance": 51.883, "pinchStrength": 0, "r": [[0.993188, 0.0749445, -0.0892246], [-0.102558, 0.925716, -0.364049], [0.0553132, 0.370719, 0.927096]], "s": 0.907537, "sphereCenter": [-66.6894, -34.4473, 74.1732], "sphereRadius": 145.675, "stabilizedPalmPosition": [-79.0244, 110.773, 72.778], "t": [10.0388, -70.1226, -8.84447], "timeVisible": 2.53229, "type": "left", "wrist": [-102.244, 109.714, 138.502]}], "id": 1326504, "interactionBox": {"center": [0, 200, 0], "size": [235.247, 235.247, 147.751]}, "pointables": [{"bases": [[[-0.72877, 0.672423, -0.129389], [-0.158585, 0.0180808, 0.98718], [-0.666142, -0.739946, -0.0934594]], [[-0.292604, 0.954057, -0.0644793], [0.115302, 0.10214, 0.988065], [-0.949257, -0.281677, 0.139891]], [[-0.292604, 0.954057, -0.0644793], [0.33203, 0.164604, 0.928796], [-0.896738, -0.25036, 0.364939]], [[-0.292604, 0.954057, -0.0644793], [0.520163, 0.215387, 0.826462], [-0.80238, -0.208286, 0.559288]]], "btipPosition": [22.4022, 144.633, 67.7029], "carpPosition": [114.223, 118.554, 98.515], "dipPosition": [40.1744, 140.019, 80.0908], "direction": [-0.896738, 0.25036, -0.364939], "extended": false, "handId": 727, "id": 7270, "length": 49.3234, "mcpPosition": [114.223, 118.554, 98.515], "pipPosition": [69.1107, 131.941, 91.8668], "stabilizedTipPosition": [24.7982, 143.109, 68.8243], "timeVisible": 4.74326, "tipPosition": [26.6349, 145.099, 71.5105], "tipVelocity": [12.6795, 7.43914, -3.82304], "tool": false, "touchDistance": 0.0688071, "touchZone": "hovering", "type": 0, "width": 19.9681}, {"bases": [[[-0.362654, 0.0667525, -0.92953], [-0.627487, 0.719958, 0.296515], [-0.689016, -0.6908, 0.219209]], [[-0.338571, 0.0906392, -0.936565], [-0.548794, 0.789501, 0.274797], [-0.764327, -0.607019, 0.21756]], [[-0.338571, 0.0906392, -0.936565], [-0.0679438, 0.990396, 0.120411], [-0.938485, -0.104401, 0.329161]], [[-0.338571, 0.0906392, -0.936565], [0.310091, 0.950494, -0.0201115], [-0.888377, 0.297229, 0.349916]]], "btipPosition": [10.7232, 208.084, 57.0528], "carpPosition": [125.894, 137.435, 94.4404], "dipPosition": [25.0882, 212.89, 62.7109], "direction": [-0.938484, 0.104401, -0.329161], "extended": true, "handId": 727, "id": 7271, "length": 55.6559, "mcpPosition": [77.6336, 185.82, 79.0865], "pipPosition": [46.5561, 210.502, 70.2405], "stabilizedTipPosition": [11.0517, 206.217, 56.5241], "timeVisible": 4.74326, "tipPosition": [13.2381, 206.355, 57.9548], "tipVelocity": [13.2472, 22.4674, 7.50554], "tool": false, "touchDistance": 0.293469, "touchZone": "hovering", "type": 1, "width": 19.0736}, {"bases": [[[-0.340088, -0.150911, -0.928206], [-0.694739, 0.705537, 0.139839], [-0.633781, -0.692418, 0.344788]], [[-0.323353, -0.132704, -0.936927], [-0.626854, 0.77175, 0.107032], [-0.70887, -0.621926, 0.332734]], [[-0.323353, -0.132704, -0.936927], [-0.139723, 0.985961, -0.0914279], [-0.935906, -0.101346, 0.337356]], [[-0.323353, -0.132704, -0.936927], [0.319382, 0.916713, -0.240067], [-0.890751, 0.376864, 0.254039]]], "btipPosition": [15.2662, 210.152, 32.341], "carpPosition": [130.73, 139.764, 84.0184], "dipPosition": [31.1082, 216.854, 36.8591], "direction": [-0.935906, 0.101346, -0.337356], "extended": true, "handId": 727, "id": 7272, "length": 63.4154, "mcpPosition": [88.6324, 185.756, 61.1166], "pipPosition": [56.2957, 214.127, 45.9381], "stabilizedTipPosition": [15.0811, 209.904, 32.1214], "timeVisible": 4.74326, "tipPosition": [17.5718, 210.355, 33.9961], "tipVelocity": [18.8654, 24.5935, -3.75023], "tool": false, "touchDistance": 0.325278, "touchZone": "hovering", "type": 2, "width": 18.7328}, {"bases": [[[-0.3763, -0.303915, -0.875233], [-0.737111, 0.67052, 0.0840849], [-0.561307, -0.676785, 0.476336]], [[-0.34493, -0.266317, -0.900055], [-0.440554, 0.892654, -0.0952923], [-0.828815, -0.363654, 0.425231]], [[-0.34493, -0.266317, -0.900055], [0.277817, 0.886972, -0.368915], [-0.896572, 0.3773, 0.231956]], [[-0.34493, -0.266317, -0.900055], [0.683104, 0.586414, -0.435302], [-0.643732, 0.76498, 0.0203496]]], "btipPosition": [31.3789, 171.472, 20.2367], "carpPosition": [134.789, 139.153, 73.0659], "dipPosition": [42.7618, 184.999, 20.5965], "direction": [-0.896572, -0.3773, -0.231956], "extended": false, "handId": 727, "id": 7273, "length": 60.9756, "mcpPosition": [101.314, 179.514, 44.6587], "pipPosition": [66.2676, 194.891, 26.6778], "stabilizedTipPosition": [31.3907, 173.66, 18.8773], "timeVisible": 4.74326, "tipPosition": [34.1062, 173.529, 20.7878], "tipVelocity": [16.9218, 5.90527, -3.51329], "tool": false, "touchDistance": 0.262253, "touchZone": "hovering", "type": 3, "width": 17.8254}, {"bases": [[[-0.311737, -0.486787, -0.816002], [-0.833341, 0.552643, -0.0113188], [-0.456468, -0.676479, 0.577939]], [[-0.304334, -0.475812, -0.825218], [-0.437826, 0.839252, -0.322437], [-0.845984, -0.263173, 0.463735]], [[-0.304334, -0.475812, -0.825218], [0.428595, 0.705269, -0.564713], [-0.850698, 0.525546, 0.0107067]], [[-0.304334, -0.475812, -0.825218], [0.769496, 0.387834, -0.507405], [-0.561477, 0.789423, -0.248104]]], "btipPosition": [57.5482, 155.846, 17.8613], "carpPosition": [135.964, 132.3, 61.4359], "dipPosition": [66.7076, 168.724, 13.814], "direction": [-0.850698, -0.525546, -0.0107067], "extended": false, "handId": 727, "id": 7274, "length": 47.8038, "mcpPosition": [110.765, 169.645, 29.5307], "pipPosition": [82.4545, 178.452, 14.0122], "stabilizedTipPosition": [58.9552, 157.745, 14.3208], "timeVisible": 4.74326, "tipPosition": [58.5521, 160.449, 16.2582], "tipVelocity": [17.8919, 2.3651, 1.49585], "tool": false, "touchDistance": 0.333333, "touchZone": "none", "type": 4, "width": 15.8339}, {"bases": [[[0.415534, 0.844243, -0.338504], [-0.6587, 0.535949, 0.528085], [0.627253, 0.00353537, 0.778808]], [[0.383716, 0.843015, -0.376945], [-0.634828, 0.537251, 0.555297], [0.670638, 0.0262187, 0.741321]], [[0.383716, 0.843015, -0.376945], [-0.904477, 0.425417, 0.030695], [0.186235, 0.32916, 0.925727]], [[0.383716, 0.843015, -0.376945], [-0.915694, 0.294553, -0.273393], [-0.119445, 0.450072, 0.884968]]], "btipPosition": [-34.0413, 86.1773, 45.0937], "carpPosition": [-69.2768, 108.014, 129.798], "dipPosition": [-31.3957, 96.1461, 64.6952], "direction": [0.186235, -0.32916, -0.925727], "extended": false, "handId": 728, "id": 7280, "length": 49.3234, "mcpPosition": [-69.2768, 108.014, 129.798], "pipPosition": [-37.4052, 106.768, 94.5669], "stabilizedTipPosition": [-36.1026, 90.3852, 49.3889], "timeVisible": 2.53229, "tipPosition": [-35.1015, 86.9737, 49.6066], "tipVelocity": [36.9711, -59.0552, 12.14], "tool": false, "touchDistance": 0.270374, "touchZone": "hovering", "type": 0, "width": 19.9681}, {"bases": [[[0.919245, -0.0967785, -0.381606], [0.0189629, 0.979073, -0.202622], [0.39323, 0.179023, 0.901843]], [[0.999276, -0.0252472, -0.028475], [0.014719, 0.94642, -0.322602], [0.0350941, 0.321949, 0.946106]], [[0.999276, -0.0252472, -0.028475], [0.00883792, 0.881745, -0.471643], [0.0370154, 0.47105, 0.88133]], [[0.999276, -0.0252472, -0.028475], [0.00559269, 0.837546, -0.546339], [0.0376427, 0.545784, 0.83708]]], "btipPosition": [-45.438, 80.1258, -18.3855], "carpPosition": [-75.8631, 125.356, 116.946], "dipPosition": [-46.0467, 88.9511, -4.84993], "direction": [0.0370154, -0.47105, -0.88133], "extended": true, "handId": 728, "id": 7281, "length": 55.6559, "mcpPosition": [-48.3203, 112.817, 53.7792], "pipPosition": [-46.8934, 99.7264, 15.3105], "stabilizedTipPosition": [-46.7154, 86.9555, -16.009], "timeVisible": 2.53229, "tipPosition": [-44.6667, 81.4473, -14.8287], "tipVelocity": [16.0334, -114.306, 32.0706], "tool": false, "touchDistance": 0.275573, "touchZone": "hovering", "type": 1, "width": 19.0736}, {"bases": [[[0.947128, -0.237183, -0.216085], [0.182728, 0.95231, -0.244371], [0.26374, 0.191966, 0.945299]], [[0.972054, -0.212253, -0.100296], [0.162721, 0.917137, -0.363843], [0.169212, 0.337355, 0.926045]], [[0.972054, -0.212253, -0.100296], [0.11657, 0.807252, -0.57858], [0.20377, 0.55072, 0.809435]], [[0.972054, -0.212253, -0.100296], [0.0713798, 0.674235, -0.735059], [0.223642, 0.707358, 0.670544]]], "btipPosition": [-51.6348, 70.1784, -27.0559], "carpPosition": [-86.3336, 125.72, 111.687], "dipPosition": [-55.6122, 82.7587, -15.1303], "direction": [0.20377, -0.55072, -0.809435], "extended": true, "handId": 728, "id": 7282, "length": 63.4154, "mcpPosition": [-68.8152, 112.969, 48.8972], "pipPosition": [-61.0962, 97.5799, 6.65359], "stabilizedTipPosition": [-54.0616, 77.2492, -24.9031], "timeVisible": 2.53229, "tipPosition": [-51.2124, 72.8261, -24.2837], "tipVelocity": [21.6705, -74.3276, 17.7881], "tool": false, "touchDistance": 0.291414, "touchZone": "hovering", "type": 2, "width": 18.7328}, {"bases": [[[0.959129, -0.277458, -0.0555802], [0.258243, 0.938564, -0.228926], [0.115683, 0.205216, 0.971856]], [[0.944262, -0.295298, -0.145492], [0.232084, 0.910606, -0.341957], [0.233465, 0.28913, 0.928385]], [[0.944262, -0.295298, -0.145492], [0.144152, 0.768249, -0.62371], [0.295954, 0.567973, 0.767996]], [[0.944262, -0.295298, -0.145492], [0.0730836, 0.618982, -0.781997], [0.320979, 0.727777, 0.606063]]], "btipPosition": [-67.1016, 71.4017, -19.8428], "carpPosition": [-97.3076, 123.626, 108.224], "dipPosition": [-72.7774, 84.2708, -9.126], "direction": [0.295954, -0.567973, -0.767996], "extended": true, "handId": 728, "id": 7283, "length": 60.9756, "mcpPosition": [-90.4086, 111.387, 50.2657], "pipPosition": [-80.5365, 99.1616, 11.0089], "stabilizedTipPosition": [-70.0965, 77.5714, -17.5765], "timeVisible": 2.53229, "tipPosition": [-66.6709, 75.1386, -17.8267], "tipVelocity": [21.6949, -46.5361, 2.40019], "tool": false, "touchDistance": 0.306652, "touchZone": "hovering", "type": 3, "width": 17.8254}, {"bases": [[[0.910129, -0.40308, 0.0958695], [0.413478, 0.898402, -0.148017], [-0.0264665, 0.174355, 0.984327]], [[0.891316, -0.432583, -0.135752], [0.38881, 0.883311, -0.261893], [0.233202, 0.180648, 0.955501]], [[0.891316, -0.432583, -0.135752], [0.284479, 0.766749, -0.575472], [0.353027, 0.474309, 0.806476]], [[0.891316, -0.432583, -0.135752], [0.190766, 0.629451, -0.753259], [0.411296, 0.645495, 0.643562]]], "btipPosition": [-88.6618, 80.6539, -3.38173], "carpPosition": [-108.249, 115.634, 108.36], "dipPosition": [-95.3713, 91.1839, 7.11673], "direction": [0.353027, -0.474309, -0.806476], "extended": true, "handId": 728, "id": 7284, "length": 47.8038, "mcpPosition": [-109.71, 106.009, 54.0202], "pipPosition": [-101.906, 99.9636, 22.0451], "stabilizedTipPosition": [-91.6148, 86.9624, -1.38137], "timeVisible": 2.53229, "tipPosition": [-89.1426, 85.1272, -2.03227], "tipVelocity": [13.8693, -61.9352, 12.2053], "tool": false, "touchDistance": 0.295421, "touchZone": "hovering", "type": 4, "width": 15.8339}], "r": [[-0.988385, -0.0909344, 0.121758], [0.098456, -0.993494, 0.0572425], [0.115761, 0.0685655, 0.990908]], "s": 63.878, "t": [-1690.61, -10190.8, 11156.5], "timestamp": 747022622991}, {"currentFrameRate": 105.578, "devices": [], "gestures": [], "hands": [{"armBasis": [[-0.605068, -0.220527, -0.765024], [-0.591308, 0.767908, 0.246316], [-0.533149, -0.601402, 0.595036]], "armWidth": 62.1716, "confidence": 1, "direction": [-0.518436, 0.790509, -0.326067], "elbow": [280.457, -43.4528, 239.268], "grabAngle": 1.48897, "grabStrength": 0.248824, "id": 727, "palmNormal": [-0.723197, -0.608803, -0.326107], "palmPosition": [99.5072, 164.272, 65.0437], "palmVelocity": [12.4854, 9.7257, 0.706963], "palmWidth": 86.6275, "pinchDistance": 67.9443, "pinchStrength": 0.0555606, "r": [[0.979627, 0.048685, -0.194837], [-0.0629976, 0.995698, -0.067947], [0.190691, 0.078837, 0.978479]], "s": 0.986732, "sphereCenter": [50.6186, 153.859, 47.1427], "sphereRadius": 53.6433, "stabilizedPalmPosition": [98.5835, 162.741, 63.0218], "t": [-15.0544, 12.1661, -15.038], "timeVisible": 4.75359, "type": "right", "wrist": [143.408, 111.141, 86.3107]}, {"armBasis": [[0.904597, 0.0613535, -0.42183], [0.203018, 0.808135, 0.552903], [0.374818, -0.585794, 0.71858]], "armWidth": 62.1716, "confidence": 1, "direction": [0.22554, -0.0499188, -0.972954], "elbow": [-198.452, -41.071, 323.263], "grabAngle": 0.590765, "grabStrength": 0, "id": 728, "palmNormal": [0.0796853, -0.994395, 0.0694906], "palmPosition": [-76.5428, 109.413, 71.8427], "palmVelocity": [14.4043, -33.3211, 4.44081], "palmWidth": 86.6275, "pinchDistance": 52.0193, "pinchStrength": 0, "r": [[0.993323, 0.0732488, -0.0891324], [-0.101077, 0.925002, -0.366273], [0.0556186, 0.372836, 0.926229]], "s": 0.907287, "sphereCenter": [-66.2708, -34.1306, 74.4112], "sphereRadius": 145.062, "stabilizedPalmPosition": [-78.9046, 110.708, 72.7328], "t": [10.2267, -70.4965, -8.81422], "timeVisible": 2.54262, "type": "left", "wrist": [-102.103, 109.51, 138.549]}], "id": 1326505, "interactionBox": {"center": [0, 200, 0], "size": [235.247, 235.247, 147.751]}, "pointables": [{"bases": [[[-0.729297, 0.671926, -0.129002], [-0.158523, 0.0174734, 0.987201], [-0.66558, -0.740412, -0.0937723]], [[-0.293548, 0.953798, -0.0640196], [0.115369, 0.101828, 0.98809], [-0.948957, -0.282666, 0.13993]], [[-0.293548, 0.953798, -0.0640196], [0.331571, 0.164402, 0.928996], [-0.896599, -0.251478, 0.364511]], [[-0.293548, 0.953798, -0.0640196], [0.51918, 0.215302, 0.827102], [-0.802672, -0.209557, 0.558394]]], "btipPosition": [22.5058, 144.817, 67.7207], "carpPosition": [114.315, 118.627, 98.501], "dipPosition": [40.2845, 140.175, 80.0888], "direction": [-0.896599, 0.251478, -0.364511], "extended": false, "handId": 727, "id": 7270, "length": 49.3234, "mcpPosition": [114.315, 118.627, 98.501], "pipPosition": [69.2163, 132.06, 91.8509], "stabilizedTipPosition": [24.8066, 143.112, 68.8324], "timeVisible": 4.75359, "tipPosition": [26.7484, 145.249, 71.5008], "tipVelocity": [10.1705, 17.1697, 1.27913], "tool": false, "touchDistance": 0.0690273, "touchZone": "hovering", "type": 0, "width": 19.9681}, {"bases": [[[-0.362777, 0.0669307, -0.929469], [-0.628017, 0.719329, 0.296917], [-0.688468, -0.691437, 0.218922]], [[-0.338169, 0.0913741, -0.936639], [-0.549898, 0.788501, 0.27546], [-0.76371, -0.608208, 0.2164]], [[-0.338169, 0.0913741, -0.936639], [-0.0702824, 0.990044, 0.121959], [-0.938457, -0.107072, 0.32838]], [[-0.338169, 0.0913741, -0.936639], [0.307999, 0.951209, -0.0184059], [-0.889257, 0.294708, 0.349812]]], "btipPosition": [10.8791, 208.344, 57.1358], "carpPosition": [-126, 137.501, 94.4366], "dipPosition": [25.2584, 213.11, 62.7922], "direction": [-0.938457, 0.107072, -0.32838], "extended": true, "handId": 727, "id": 7271, "length": 55.6559, "mcpPosition": [77.7781, 185.931, 79.1028], "pipPosition": [46.7257, 210.66, 70.304], "stabilizedTipPosition": [11.0858, 206.253, 56.5449], "timeVisible": 4.75359, "tipPosition": [13.4053, 206.545, 57.9793], "tipVelocity": [15.4169, 24.3084, 7.99964], "tool": false, "touchDistance": 0.294847, "touchZone": "hovering", "type": 1, "width": 19.0736}, {"bases": [[[-0.340043, -0.150716, -0.928254], [-0.69527, 0.704934, 0.140239], [-0.633222, -0.693075, 0.344496]], [[-0.323578, -0.132769, -0.93684], [-0.628184, 0.770566, 0.107766], [-0.707589, -0.623378, 0.332742]], [[-0.323578, -0.132769, -0.93684], [-0.142533, 0.985648, -0.0904557], [-0.935404, -0.104261, 0.337858]], [[-0.323578, -0.132769, -0.93684], [0.316244, 0.917994, -0.239326], [-0.891789, 0.37371, 0.255056]]], "btipPosition": [15.4656, 210.463, 32.3262], "carpPosition": [130.839, 139.831, 84.0161], "dipPosition": [31.326, 217.109, 36.8623], "direction": [-0.935404, 0.104261, -0.337858], "extended": true, "handId": 727, "id": 7272, "length": 63.4154, "mcpPosition": [88.7782, 185.867, 61.1336], "pipPosition": [56.5, 214.304, 45.9549], "stabilizedTipPosition": [15.1132, 209.92, 32.1313], "timeVisible": 4.75359, "tipPosition": [17.7506, 210.546, 34.0142], "tipVelocity": [19.709, 28.9013, -1.03461], "tool": false, "touchDistance": 0.325099, "touchZone": "hovering", "type": 2, "width": 18.7328}, {"bases": [[[-0.376134, -0.303774, -0.875354], [-0.73762, 0.669912, 0.0844711], [-0.56075, -0.677451, 0.476046]], [[-0.345129, -0.266539, -0.899913], [-0.441349, 0.89229, -0.0950175], [-0.828309, -0.364383, 0.425592]], [[-0.345129, -0.266539, -0.899913], [0.277381, 0.88703, -0.369103], [-0.89663, 0.377007, 0.232207]], [[-0.345129, -0.266539, -0.899913], [0.682656, 0.586725, -0.435586], [-0.644102, 0.764664, 0.0205417]]], "btipPosition": [31.5345, 171.626, 20.2264], "carpPosition": [134.898, 139.222, 73.0636], "dipPosition": [42.924, 185.147, 20.5896], "direction": [-0.89663, -0.377007, -0.232207], "extended": false, "handId": 727, "id": 7273, "length": 60.9756, "mcpPosition": [101.456, 179.623, 44.6737], "pipPosition": [66.4313, 195.031, 26.6775], "stabilizedTipPosition": [31.4089, 173.667, 18.8868], "timeVisible": 4.75359, "tipPosition": [34.2456, 173.704, 20.7936], "tipVelocity": [15.2157, 14.6945, -0.919007], "tool": false, "touchDistance": 0.262094, "touchZone": "hovering", "type": 3, "width": 17.8254}, {"bases": [[[-0.311426, -0.486625, -0.816217], [-0.833766, 0.552008, -0.0109832], [-0.455903, -0.677114, 0.577641]], [[-0.304357, -0.476123, -0.82503], [-0.437811, 0.839137, -0.322754], [-0.845984, -0.262974, 0.463849]], [[-0.304357, -0.476123, -0.82503], [0.428986, 0.704805, -0.564996], [-0.850493, 0.525887, 0.0102616]], [[-0.304357, -0.476123, -0.82503], [0.769828, 0.387156, -0.50742], [-0.561009, 0.789568, -0.2487]]], "btipPosition": [57.6955, 155.94, 17.8863], "carpPosition": [136.069, 132.374, 61.4303], "dipPosition": [66.8473, 168.82, 13.8293], "direction": [-0.850493, -0.525887, -0.0102616], "extended": false, "handId": 727, "id": 7274, "length": 47.8038, "mcpPosition": [110.901, 169.754, 29.5416], "pipPosition": [82.5905, 178.554, 14.0192], "stabilizedTipPosition": [58.9603, 157.752, 14.3366], "timeVisible": 4.75359, "tipPosition": [58.6869, 160.598, 16.2636], "tipVelocity": [14.0951, 9.13634, 2.20573], "tool": false, "touchDistance": 0.333333, "touchZone": "none", "type": 4, "width": 15.8339}, {"bases": [[[0.417978, 0.842168, -0.340657], [-0.657774, 0.539198, 0.525927], [0.6266, 0.00424908, 0.779329]], [[0.384295, 0.840768, -0.381348], [-0.633484, 0.540626, 0.553553], [0.671576, 0.0288505, 0.740373]], [[0.384295, 0.840768, -0.381348], [-0.903873, 0.426747, 0.0300033], [0.187965, 0.33316, 0.923944]], [[0.384295, 0.840768, -0.381348], [-0.915184, 0.292587, -0.277183], [-0.12147, 0.455524, 0.881897]]], "btipPosition": [-33.7834, 85.6496, 45.3088], "carpPosition": [-69.0745, 107.861, 129.842], "dipPosition": [-31.0929, 95.7392, 64.8422], "direction": [0.187965, -0.33316, -0.923944], "extended": false, "handId": 728, "id": 7280, "length": 49.3234, "mcpPosition": [-69.0745, 107.861, 129.842], "pipPosition": [-37.1582, 106.49, 94.6564], "stabilizedTipPosition": [-35.8829, 90.2046, 49.4197], "timeVisible": 2.54262, "tipPosition": [-34.8845, 86.6914, 49.6867], "tipVelocity": [25.9652, -48.3925, 19.3013], "tool": false, "touchDistance": 0.273697, "touchZone": "hovering", "type": 0, "width": 19.9681}, {"bases": [[[0.919317, -0.100261, -0.380532], [0.0216383, 0.978415, -0.205514], [0.392923, 0.180699, 0.901643]], [[0.999251, -0.0277602, -0.0269513], [0.0174558, 0.945111, -0.326283], [0.0345297, 0.325568, 0.944888]], [[0.999251, -0.0277602, -0.0269513], [0.0113223, 0.875885, -0.482387], [0.0369974, 0.48172, 0.875544]], [[0.999251, -0.0277602, -0.0269513], [0.00791777, 0.828551, -0.559857], [0.0378723, 0.559225, 0.828151]]], "btipPosition": [-45.332, 79.1919, -18.0465], "carpPosition": [-75.716, 125.148, 116.945], "dipPosition": [-45.9444, 88.2346, -4.6554], "direction": [0.0369974, -0.48172, -0.875544], "extended": true, "handId": 728, "id": 7281, "length": 55.6559, "mcpPosition": [-48.1947, 112.492, 53.7918], "pipPosition": [-46.7907, 99.2539, 15.3727], "stabilizedTipPosition": [-46.5214, 86.0679, -15.8462], "timeVisible": 2.54262, "tipPosition": [-44.5448, 80.9368, -14.7322], "tipVelocity": [10.1757, -85.5704, 29.5952], "tool": false, "touchDistance": 0.280668, "touchZone": "hovering", "type": 1, "width": 19.0736}, {"bases": [[[0.946701, -0.240244, -0.21457], [0.18537, 0.951109, -0.247044], [0.26343, 0.194102, 0.944949]], [[0.971548, -0.2151, -0.0991256], [0.165575, 0.916116, -0.365125], [0.169349, 0.338324, 0.925666]], [[0.971548, -0.2151, -0.0991256], [0.118929, 0.805012, -0.581216], [0.204817, 0.552891, 0.807689]], [[0.971548, -0.2151, -0.0991256], [0.0727948, 0.669471, -0.739263], [0.225377, 0.711013, 0.666082]]], "btipPosition": [-51.4483, 69.6185, -26.8825], "carpPosition": [-86.1918, 125.47, 111.693], "dipPosition": [-55.4566, 82.2638, -15.0363], "direction": [0.204817, -0.552891, -0.807689], "extended": true, "handId": 728, "id": 7282, "length": 63.4154, "mcpPosition": [-68.694, 112.577, 48.9269], "pipPosition": [-60.9688, 97.1435, 6.70057], "stabilizedTipPosition": [-53.8584, 76.6819, -24.8135], "timeVisible": 2.54262, "tipPosition": [-51.0537, 72.2622, -24.1494], "tipVelocity": [17.362, -52.7499, 15.0124], "tool": false, "touchDistance": 0.293999, "touchZone": "hovering", "type": 2, "width": 18.7328}, {"bases": [[[0.958463, -0.280072, -0.053936], [0.260836, 0.937217, -0.231494], [0.115385, 0.20781, 0.97134]], [[0.94338, -0.298359, -0.14497], [0.235611, 0.910322, -0.340296], [0.2335, 0.286872, 0.929076]], [[0.94338, -0.298359, -0.14497], [0.147265, 0.768304, -0.622914], [0.297233, 0.566295, 0.76874]], [[0.94338, -0.298359, -0.14497], [0.0754275, 0.618526, -0.782136], [0.323025, 0.726917, 0.606009]]], "btipPosition": [-66.9039, 71.1132, -19.8378], "carpPosition": [-97.1633, 123.337, 108.246], "dipPosition": [-72.6159, 83.967, -9.1219], "direction": [0.297233, -0.566295, -0.76874], "extended": true, "handId": 728, "id": 7283, "length": 60.9756, "mcpPosition": [-90.2821, 110.944, 50.3186], "pipPosition": [-80.4086, 98.8138, 11.0325], "stabilizedTipPosition": [-69.9093, 77.2225, -17.5562], "timeVisible": 2.54262, "tipPosition": [-66.5461, 74.5433, -17.6794], "tipVelocity": [18.3285, -28.2767, 0.467483], "tool": false, "touchDistance": 0.306733, "touchZone": "hovering", "type": 3, "width": 17.8254}, {"bases": [[[0.909014, -0.405117, 0.0978444], [0.415899, 0.896899, -0.150334], [-0.0268538, 0.177349, 0.983782]], [[0.890244, -0.435293, -0.134113], [0.392393, 0.882445, -0.259458], [0.231288, 0.178356, 0.956397]], [[0.890244, -0.435293, -0.134113], [0.288017, 0.766076, -0.574607], [0.352863, 0.472913, 0.807366]], [[0.890244, -0.435293, -0.134113], [0.192822, 0.626919, -0.754846], [0.412657, 0.646137, 0.642045]]], "btipPosition": [-88.5632, 80.2645, -3.31813], "carpPosition": [-108.084, 115.318, 108.415], "dipPosition": [-95.2949, 90.805, 7.15558], "direction": [0.352863, -0.472913, -0.807366], "extended": true, "handId": 728, "id": 7284, "length": 47.8038, "mcpPosition": [-109.567, 105.527, 54.1055], "pipPosition": [-101.827, 99.5589, 22.1004], "stabilizedTipPosition": [-91.4451, 86.4799, -1.32805], "timeVisible": 2.54262, "tipPosition": [-89.0102, 84.5038, -1.88714], "tipVelocity": [9.04718, -37.4594, 5.60599], "tool": false, "touchDistance": 0.296386, "touchZone": "hovering", "type": 4, "width": 15.8339}], "r": [[-0.988681, -0.0876196, 0.121788], [0.0953377, -0.993692, 0.0590509], [0.115846, 0.0699935, 0.990798]], "s": 63.8807, "t": [-1690.76, -10190.9, 11156.5], "timestamp": 747022633321}, {"currentFrameRate": 106.924, "devices": [], "gestures": [], "hands": [{"armBasis": [[-0.604256, -0.221521, -0.765378], [-0.591792, 0.767976, 0.244939], [-0.533533, -0.60095, 0.595148]], "armWidth": 62.1716, "confidence": 1, "direction": [-0.517476, 0.79136, -0.325528], "elbow": [280.602, -43.266, 239.278], "grabAngle": 1.48798, "grabStrength": 0.24711, "id": 727, "palmNormal": [-0.724598, -0.607604, -0.325231], "palmPosition": [99.6098, 164.403, 65.0633], "palmVelocity": [14.9163, 19.0643, 2.8445], "palmWidth": 86.6275, "pinchDistance": 67.9993, "pinchStrength": 0.0553651, "r": [[0.979649, 0.0492934, -0.194571], [-0.0635638, 0.995673, -0.0677908], [0.190387, 0.0787788, 0.978543]], "s": 0.987946, "sphereCenter": [50.6716, 154.139, 47.308], "sphereRadius": 53.6366, "stabilizedPalmPosition": [98.5873, 162.747, 63.0293], "t": [-14.9468, 12.272, -15.0278], "timeVisible": 4.76047, "type": "right", "wrist": [143.454, 111.211, 86.2919]}, {"armBasis": [[0.903484, 0.062269, -0.424074], [0.203084, 0.809095, 0.551472], [0.377456, -0.584369, 0.718359]], "armWidth": 62.1716, "confidence": 1, "direction": [0.224761, -0.0512694, -0.973064], "elbow": [-199.018, -40.831, 323.196], "grabAngle": 0.592669, "grabStrength": 0, "id": 728, "palmNormal": [0.0804608, -0.994228, 0.0709696], "palmPosition": [-76.4448, 109.196, 71.8242], "palmVelocity": [14.242, -31.5344, -2.6899], "palmWidth": 86.6275, "pinchDistance": 52.1214, "pinchStrength": 0, "r": [[0.993454, 0.0717215, -0.0889116], [-0.0996975, 0.924324, -0.368355], [0.0557642, 0.374808, 0.925424]], "s": 0.907166, "sphereCenter": [-66.0935, -34.0819, 74.501], "sphereRadius": 144.822, "stabilizedPalmPosition": [-78.8255, 110.659, 72.7036], "t": [10.3696, -70.7919, -8.80835], "timeVisible": 2.5495, "type": "left", "wrist": [-101.991, 109.384, 138.538]}], "id": 1326506, "interactionBox": {"center": [0, 200, 0], "size": [235.247, 235.247, 147.751]}, "pointables": [{"bases": [[[-0.730281, 0.670685, -0.129889], [-0.159687, 0.0172753, 0.987016], [-0.664221, -0.741542, -0.0944841]], [[-0.295154, 0.953274, -0.0644371], [0.114205, 0.102158, 0.988191], [-0.9486, -0.28431, 0.139021]], [[-0.295154, 0.953274, -0.0644371], [0.330469, 0.165134, 0.929258], [-0.896479, -0.25298, 0.363768]], [[-0.295154, 0.953274, -0.0644371], [0.517996, 0.216323, 0.827577], [-0.802848, -0.210885, 0.557641]]], "btipPosition": [22.5868, 145.081, 67.8104], "carpPosition": [114.379, 118.735, 98.5069], "dipPosition": [40.3694, 140.41, 80.1618], "direction": [-0.896479, 0.25298, -0.363768], "extended": false, "handId": 727, "id": 7270, "length": 49.3234, "mcpPosition": [114.379, 118.735, 98.5069], "pipPosition": [69.2972, 132.247, 91.9], "stabilizedTipPosition": [24.8134, 143.115, 68.839], "timeVisible": 4.76047, "tipPosition": [26.8263, 145.501, 71.6041], "tipVelocity": [11.9031, 37.4782, 12.4844], "tool": false, "touchDistance": 0.0704585, "touchZone": "hovering", "type": 0, "width": 19.9681}, {"bases": [[[-0.36182, 0.0662527, -0.929891], [-0.629572, 0.718289, 0.296142], [-0.687551, -0.692583, 0.21818]], 