{"frames": 71, "data": [{"currentFrameRate": 110.365, "devices": [], "gestures": [], "hands": [{"armBasis": [[0.933677, -0.350327, -0.0742868], [0.298975, 0.648338, 0.700194], [-0.197134, -0.675965, 0.710077]], "armWidth": 64.3496, "confidence": 1, "direction": [-0.268154, 0.902624, -0.336696], "elbow": [-41.697, -117.708, 268.032], "grabAngle": 0.121714, "grabStrength": 0, "id": 737, "palmNormal": [0.203508, -0.288535, -0.935592], "palmPosition": [-105.225, 127.302, 47.7237], "palmVelocity": [15.4722, -1.11853, 12.2683], "palmWidth": 89.2012, "pinchDistance": 53.9254, "pinchStrength": 0, "r": [[0.985276, 0.0152721, 0.170286], [0.0112971, 0.98801, -0.153975], [-0.170596, 0.153632, 0.97329]], "s": 1.1335, "sphereCenter": [-71.2412, 38.3347, -203.162], "sphereRadius": 271.016, "stabilizedPalmPosition": [-105.992, 127.685, 47.6191], "t": [-31.3614, -42.8749, -77.3731], "timeVisible": 5.01258, "type": "left", "wrist": [-93.8768, 61.2149, 80.0802]}], "id": 1333007, "interactionBox": {"center": [0, 200, 0], "size": [235.247, 235.247, 147.751]}, "pointables": [{"bases": [[[0.61326, 0.305678, 0.728336], [-0.771462, 0.0338283, 0.635376], [0.169582, -0.951534, 0.256564]], [[0.593061, 0.399965, 0.69879], [-0.779448, 0.0676311, 0.622806], [0.20184, -0.914032, 0.351861]], [[0.593061, 0.399965, 0.69879], [-0.788369, 0.464771, 0.403067], [-0.163564, -0.789947, 0.590957]], [[0.593061, 0.399965, 0.69879], [-0.684658, 0.707227, 0.176273], [-0.4237, -0.582973, 0.693268]]], "btipPosition": [-74.9135, 165.823, 9.92791], "carpPosition": [-69.5576, 81.1969, 62.9107], "dipPosition": [-65.1636, 152.408, 25.8808], "direction": [-0.163564, 0.789947, -0.590957], "extended": false, "handId": 737, "id": 7370, "length": 51.2425, "mcpPosition": [-69.5576, 81.1969, 62.9107], "pipPosition": [-59.6803, 125.926, 45.692], "stabilizedTipPosition": [-73.5527, 162.66, 12.9783], "timeVisible": 5.01258, "tipPosition": [-70.4539, 164.334, 18.2683], "tipVelocity": [23.2817, 14.9381, 34.6844], "tool": false, "touchDistance": 0.0929622, "touchZone": "hovering", "type": 0, "width": 20.7127}, {"bases": [[[0.902874, -0.352177, -0.246555], [0.376743, 0.371912, 0.848379], [-0.207082, -0.858867, 0.46847]], [[0.887972, -0.405783, -0.216438], [0.390012, 0.415035, 0.821971], [-0.243713, -0.814301, 0.5268]], [[0.887972, -0.405783, -0.216438], [0.390012, 0.415035, 0.821971], [-0.243713, -0.814301, 0.5268]], [[0.887972, -0.405783, -0.216438], [0.39934, 0.446897, 0.800506], [-0.228107, -0.79726, 0.558878]]], "btipPosition": [-132.487, 227.778, -6.31069], "carpPosition": [-95.7448, 92.9445, 75.7526], "dipPosition": [-128.273, 213.047, 4.01563], "direction": [-0.243713, 0.814301, -0.5268], "extended": true, "handId": 737, "id": 7372, "length": 65.8828, "mcpPosition": [-109.908, 151.688, 43.7109], "pipPosition": [-121.459, 190.279, 18.7447], "stabilizedTipPosition": [-132.426, 224.533, -4.85281], "timeVisible": 5.01258, "tipPosition": [-133.628, 225.091, -1.63054], "tipVelocity": [6.37871, 27.9792, 64.5236], "tool": false, "touchDistance": 0.262305, "touchZone": "hovering", "type": 2, "width": 19.4313}, {"bases": [[[0.831573, -0.501755, -0.238177], [0.433493, 0.318232, 0.843097], [-0.347233, -0.804344, 0.48214]], [[0.848069, -0.460435, -0.262255], [0.449523, 0.363113, 0.816136], [-0.28055, -0.81003, 0.514921]], [[0.848069, -0.460435, -0.262255], [0.449523, 0.363113, 0.816136], [-0.28055, -0.81003, 0.514921]], [[0.848069, -0.460435, -0.262255], [0.458628, 0.389922, 0.798512], [-0.265404, -0.797471, 0.541849]]], "btipPosition": [-153.229, 211.435, -3.03771], "carpPosition": [-107.064, 89.7429, 73.1698], "dipPosition": [-148.354, 196.785, 6.91644], "direction": [-0.28055, 0.81003, -0.514921], "extended": true, "handId": 737, "id": 7373, "length": 63.3481, "mcpPosition": [-128.387, 139.137, 43.5623], "pipPosition": [-140.712, 174.721, 20.9416], "stabilizedTipPosition": [-152.881, 208.076, -1.84475], "timeVisible": 5.01258, "tipPosition": [-152.645, 209.148, 1.45859], "tipVelocity": [-0.452985, 24.6125, 61.0413], "tool": false, "touchDistance": 0.292289, "touchZone": "hovering", "type": 3, "width": 18.4901}, {"bases": [[[0.702662, -0.637115, -0.316782], [0.525164, 0.163996, 0.83505], [-0.480072, -0.75312, 0.449824]], [[0.762842, -0.525647, -0.37652], [0.557843, 0.240607, 0.794304], [-0.326931, -0.815968, 0.476774]], [[0.762842, -0.525647, -0.37652], [0.57871, 0.295333, 0.76018], [-0.288388, -0.797793, 0.529489]], [[0.762842, -0.525647, -0.37652], [0.57871, 0.295333, 0.76018], [-0.288388, -0.797793, 0.529489]]], "btipPosition": [-165.018, 181.88, 4.54587], "carpPosition": [-115.928, 81.8375, 65.848], "dipPosition": [-160.13, 168.359, 13.5195], "direction": [-0.288388, 0.797793, -0.529489], "extended": true, "handId": 737, "id": 7374, "length": 49.6637, "mcpPosition": [-143.218, 124.649, 40.2777], "pipPosition": [-154.584, 153.017, 23.7021], "stabilizedTipPosition": [-164.647, 178.949, 6.13564], "timeVisible": 5.01258, "tipPosition": [-163.895, 180.514, 10.0251], "tipVelocity": [-0.922412, 14.8118, 44.031], "tool": false, "touchDistance": 0.338679, "touchZone": "hovering", "type": 4, "width": 16.4243}, {"bases": [[[0.973292, -0.163316, -0.161342], [0.217017, 0.425293, 0.878652], [-0.0748805, -0.890199, 0.449376]], [[0.934329, -0.351191, -0.060782], [0.222755, 0.442265, 0.868782], [-0.278227, -0.825267, 0.491451]], [[0.934329, -0.351191, -0.060782], [0.239857, 0.493429, 0.83606], [-0.263625, -0.795734, 0.54526]], [[0.934329, -0.351191, -0.060782], [0.255931, 0.542401, 0.800188], [-0.248051, -0.763194, 0.596662]]], "btipPosition": [-111.303, 224.468, 0.320553], "carpPosition": [-83.717, 93.6709, 76.4724], "dipPosition": [-107.136, 211.647, 10.3439], "direction": [-0.263625, 0.795734, -0.54526], "extended": true, "handId": 737, "id": 7371, "length": 57.8214, "mcpPosition": [-89.1176, 157.875, 44.062], "pipPosition": [-100.87, 192.736, 23.3021], "stabilizedTipPosition": [-111.061, 221.47, 2.02157], "timeVisible": 5.01258, "tipPosition": [-113.123, 221.791, 4.82563], "tipVelocity": [16.4591, 8.28249, 32.0895], "tool": false, "touchDistance": 0.249311, "touchZone": "hovering", "type": 1, "width": 19.7848}], "r": [[0.985276, 0.0152721, 0.170286], [0.0112971, 0.98801, -0.153975], [-0.170596, 0.153632, 0.97329]], "s": 1.1335, "t": [31.3614, -42.8749, -77.3731], "timestamp": 747079970784}, {"currentFrameRate": 110.724, "devices": [], "gestures": [], "hands": [{"armBasis": [[0.934145, -0.348513, -0.0768842], [0.299512, 0.648402, 0.699905], [-0.194074, -0.676841, 0.710086]], "armWidth": 64.3496, "confidence": 1, "direction": [-0.268441, 0.903395, -0.334391], "elbow": [-42.3484, -118.049, 267.964], "grabAngle": 0.126318, "grabStrength": 0, "id": 737, "palmNormal": [0.203493, -0.286117, -0.936337], "palmPosition": [-105.054, 127.266, 47.7998], "palmVelocity": [20.4153, -4.27718, 9.06469], "palmWidth": 89.2012, "pinchDistance": 53.9142, "pinchStrength": 0, "r": [[0.985146, 0.0154539, 0.171023], [0.0110761, 0.98815, -0.153093], [-0.171362, 0.152713, 0.9733]], "s": 1.134, "sphereCenter": [-68.7841, 36.5176, -208.674], "sphereRadius": 277.099, "stabilizedPalmPosition": [-105.893, 127.64, 47.6383], "t": [-31.1996, -42.9103, -77.2987], "timeVisible": 5.02098, "type": "left", "wrist": [-93.7183, 61.1051, 80.0104]}], "id": 1333008, "interactionBox": {"center": [0, 200, 0], "size": [235.247, 235.247, 147.751]}, "pointables": [{"bases": [[[0.613271, 0.303668, 0.729167], [-0.771518, 0.0324416, 0.63538], [0.169289, -0.952225, 0.254181]], [[0.593308, 0.39721, 0.70015], [-0.779204, 0.06507, 0.623383], [0.202056, -0.915418, 0.348115]], [[0.593308, 0.39721, 0.70015], [-0.788227, 0.463178, 0.405173], [-0.163355, -0.792269, 0.587899]], [[0.593308, 0.39721, 0.70015], [-0.684756, 0.706305, 0.17956], [-0.423196, -0.585966, 0.691049]]], "btipPosition": [-74.6984, 165.974, 10.221], "carpPosition": [-69.3718, 81.1328, 62.8669], "dipPosition": [-64.9602, 152.49, 26.1228], "direction": [-0.163355, 0.792269, -0.587899], "extended": false, "handId": 737, "id": 7370, "length": 51.2425, "mcpPosition": [-69.3718, 81.1328, 62.8669], "pipPosition": [-59.4839, 125.93, 45.8315], "stabilizedTipPosition": [-73.4536, 162.679, 13.0598], "timeVisible": 5.02098, "tipPosition": [-70.3174, 164.366, 18.389], "tipVelocity": [25.2908, 16.0326, 33.5062], "tool": false, "touchDistance": 0.0976514, "touchZone": "hovering", "type": 0, "width": 20.7127}, {"bases": [[[0.902801, -0.351807, -0.247351], [0.37676, 0.369666, 0.849352], [-0.207371, -0.859988, 0.466281]], [[0.888013, -0.405067, -0.21761], [0.389243, 0.410261, 0.824728], [-0.244793, -0.817072, 0.521986]], [[0.888013, -0.405067, -0.21761], [0.389243, 0.410261, 0.824728], [-0.244793, -0.817072, 0.521986]], [[0.888013, -0.405067, -0.21761], [0.399156, 0.444129, 0.802137], [-0.228273, -0.799168, 0.556077]]], "btipPosition": [-132.408, 227.995, -5.7581], "carpPosition": [-95.5609, 92.8407, 75.741], "dipPosition": [-128.19, 213.229, 4.51647], "direction": [-0.244793, 0.817072, -0.521986], "extended": true, "handId": 737, "id": 7372, "length": 65.8828, "mcpPosition": [-109.744, 151.661, 43.849], "pipPosition": [-121.346, 190.384, 19.111], "stabilizedTipPosition": [-132.397, 224.535, -4.81013], "timeVisible": 5.02098, "tipPosition": [-133.454, 225.162, -1.3397], "tipVelocity": [9.57746, 24.8642, 64.3907], "tool": false, "touchDistance": 0.271317, "touchZone": "hovering", "type": 2, "width": 19.4313}, {"bases": [[[0.831457, -0.501386, -0.239357], [0.433495, 0.315983, 0.843941], [-0.347507, -0.805461, 0.480075]], [[0.847966, -0.460014, -0.263327], [0.448848, 0.35893, 0.818354], [-0.281938, -0.812131, 0.510837]], [[0.847966, -0.460014, -0.263327], [0.455331, 0.377859, 0.806162], [-0.271345, -0.803498, 0.52987]], [[0.847966, -0.460014, -0.263327], [0.463769, 0.403342, 0.788818], [-0.256656, -0.791014, 0.55536]]], "btipPosition": [-152.711, 211.199, -3.40534], "carpPosition": [-106.88, 89.6424, 73.1513], "dipPosition": [-147.996, 196.667, 6.79701], "direction": [-0.271345, 0.803498, -0.52987], "extended": true, "handId": 737, "id": 7373, "length": 63.3481, "mcpPosition": [-128.22, 139.105, 43.6706], "pipPosition": [-140.605, 174.782, 21.2293], "stabilizedTipPosition": [-152.832, 208.067, -1.81369], "timeVisible": 5.02098, "tipPosition": [-152.46, 209.152, 1.61483], "tipVelocity": [57.2998, -24.876, -36.9823], "tool": false, "touchDistance": 0.287113, "touchZone": "hovering", "type": 3, "width": 18.4901}, {"bases": [[[0.702516, -0.63651, -0.318316], [0.525124, 0.161742, 0.835514], [-0.480328, -0.754118, 0.447874]], [[0.762557, -0.525299, -0.377581], [0.556944, 0.236141, 0.796273], [-0.329119, -0.817495, 0.472634]], [[0.762557, -0.525299, -0.377581], [0.578346, 0.29204, 0.761727], [-0.289866, -0.799233, 0.526502]], [[0.762557, -0.525299, -0.377581], [0.578346, 0.29204, 0.761727], [-0.289866, -0.799233, 0.526502]]], "btipPosition": [-164.976, 181.957, 4.87122], "carpPosition": [-115.742, 81.7531, 65.8105], "dipPosition": [-160.063, 168.412, 13.7942], "direction": [-0.289866, 0.799233, -0.526502], "extended": true, "handId": 737, "id": 7374, "length": 49.6637, "mcpPosition": [-143.047, 124.621, 40.351], "pipPosition": [-154.489, 153.042, 23.9193], "stabilizedTipPosition": [-164.619, 178.945, 6.16287], "timeVisible": 5.02098, "tipPosition": [-163.743, 180.54, 10.2092], "tipVelocity": [5.67168, 8.55542, 37.3585], "tool": false, "touchDistance": 0.34285, "touchZone": "hovering", "type": 4, "width": 16.4243}, {"bases": [[[0.973262, -0.163181, -0.161654], [0.217046, 0.423014, 0.879744], [-0.0751756, -0.891308, 0.447122]], [[0.934309, -0.351084, -0.0616935], [0.222804, 0.440071, 0.869883], [-0.278252, -0.826485, 0.489385]], [[0.934309, -0.351084, -0.0616935], [0.239966, 0.491492, 0.837169], [-0.263594, -0.796979, 0.543454]], [[0.934309, -0.351084, -0.0616935], [0.256244, 0.541183, 0.800912], [-0.2478, -0.764108, 0.595595]]], "btipPosition": [-111.136, 224.542, 0.620237], "carpPosition": [-83.5332, 93.5686, 76.4614], "dipPosition": [-106.973, 211.705, 10.6257], "direction": [-0.263594, 0.796979, -0.543454], "extended": true, "handId": 737, "id": 7371, "length": 57.8214, "mcpPosition": [-88.9551, 157.853, 44.2136], "pipPosition": [-100.709, 192.765, 23.5409], "stabilizedTipPosition": [-110.977, 221.481, 2.10668], "timeVisible": 5.02098, "tipPosition": [-112.976, 221.86, 5.13633], "tipVelocity": [19.6973, 8.40536, 35.1988], "tool": false, "touchDistance": 0.254237, "touchZone": "hovering", "type": 1, "width": 19.7848}], "r": [[0.985146, 0.0154539, 0.171023], [0.0110761, 0.98815, -0.153093], [-0.171362, 0.152713, 0.9733]], "s": 1.134, "t": [31.1996, -42.9103, -77.2987], "timestamp": 747079979181}, {"currentFrameRate": 110.906, "devices": [], "gestures": [], "hands": [{"armBasis": [[0.934444, -0.347026, -0.0799222], [0.300469, 0.647865, 0.699992], [-0.191137, -0.678118, 0.709664]], "armWidth": 64.3496, "confidence": 1, "direction": [-0.268643, 0.904178, -0.332103], "elbow": [-43.0079, -118.481, 267.778], "grabAngle": 0.126105, "grabStrength": 0, "id": 737, "palmNormal": [0.204095, -0.283518, -0.936997], "palmPosition": [-104.917, 127.251, 47.8803], "palmVelocity": [15.7644, -1.65982, 9.26442], "palmWidth": 89.2012, "pinchDistance": 53.9003, "pinchStrength": 0, "r": [[0.98506, 0.0154255, 0.171519], [0.0109646, 0.988342, -0.151857], [-0.171862, 0.151469, 0.973407]], "s": 1.1346, "sphereCenter": [-68.8979, 38.0429, -207.504], "sphereRadius": 275.581, "stabilizedPalmPosition": [-105.796, 127.602, 47.6623], "t": [-31.0501, -42.9352, -77.2213], "timeVisible": 5.02968, "type": "left", "wrist": [-93.6002, 61.0113, 79.9357]}], "id": 1333009, "interactionBox": {"center": [0, 200, 0], "size": [235.247, 235.247, 147.751]}, "pointables": [{"bases": [[[0.613773, 0.301456, 0.729662], [-0.771176, 0.0310546, 0.635864], [0.169025, -0.952974, 0.251536]], [[0.59398, 0.3945, 0.701112], [-0.778579, 0.0625323, 0.624424], [0.202493, -0.916766, 0.344292]], [[0.59398, 0.3945, 0.701112], [-0.787834, 0.461622, 0.407706], [-0.162808, -0.794528, 0.584994]], [[0.59398, 0.3945, 0.701112], [-0.684719, 0.705413, 0.183171], [-0.422312, -0.588865, 0.689123]]], "btipPosition": [-74.49, 166.142, 10.5248], "carpPosition": [-69.2234, 81.0928, 62.842], "dipPosition": [-64.7721, 152.592, 26.3823], "direction": [-0.162808, 0.794528, -0.584994], "extended": false, "handId": 737, "id": 7370, "length": 51.2425, "mcpPosition": [-69.2234, 81.0928, 62.842], "pipPosition": [-59.3141, 125.956, 45.9936], "stabilizedTipPosition": [-73.3604, 162.706, 13.1463], "timeVisible": 5.02968, "tipPosition": [-70.199, 164.433, 18.5479], "tipVelocity": [23.4412, 17.6088, 33.7724], "tool": false, "touchDistance": 0.102545, "touchZone": "hovering", "type": 0, "width": 20.7127}, {"bases": [[[0.902527, -0.351515, -0.248761], [0.377351, 0.367228, 0.850147], [-0.207487, -0.861151, 0.464078]], [[0.88792, -0.404251, -0.219498], [0.389151, 0.405702, 0.827023], [-0.245275, -0.819748, 0.517545]], [[0.88792, -0.404251, -0.219498], [0.389151, 0.405702, 0.827023], [-0.245275, -0.819748, 0.517545]], [[0.88792, -0.404251, -0.219498], [0.399591, 0.441464, 0.803391], [-0.227872, -0.801056, 0.55352]]], "btipPosition": [-132.308, 228.225, -5.23258], "carpPosition": [-95.424, 92.7553, 75.7339], "dipPosition": [-128.097, 213.424, 4.99474], "direction": [-0.245275, 0.819748, -0.517545], "extended": true, "handId": 737, "id": 7372, "length": 65.8828, "mcpPosition": [-109.615, 151.655, 43.9927], "pipPosition": [-121.239, 190.505, 19.4651], "stabilizedTipPosition": [-132.372, 224.542, -4.76435], "timeVisible": 5.02968, "tipPosition": [-133.304, 225.261, -1.03761], "tipVelocity": [11.3177, 25.6113, 59.1959], "tool": false, "touchDistance": 0.279894, "touchZone": "hovering", "type": 2, "width": 19.4313}, {"bases": [[[0.831125, -0.501085, -0.241132], [0.434062, 0.313537, 0.844562], [-0.347594, -0.806603, 0.47809]], [[0.847695, -0.459502, -0.265086], [0.448755, 0.35466, 0.820265], [-0.282898, -0.814294, 0.506848]], [[0.847695, -0.459502, -0.265086], [0.455673, 0.374863, 0.807366], [-0.271615, -0.805193, 0.527152]], [[0.847695, -0.459502, -0.265086], [0.46394, 0.399848, 0.790494], [-0.257239, -0.793082, 0.552131]]], "btipPosition": [-152.637, 211.365, -2.99635], "carpPosition": [-106.74, 89.5593, 73.1298], "dipPosition": [-147.911, 196.795, 7.14667], "direction": [-0.271615, 0.805193, -0.527152], "extended": true, "handId": 737, "id": 7373, "length": 63.3481, "mcpPosition": [-128.085, 139.092, 43.771], "pipPosition": [-140.513, 174.864, 21.505], "stabilizedTipPosition": [-152.792, 208.066, -1.77777], "timeVisible": 5.02968, "tipPosition": [-152.326, 209.23, 1.86625], "tipVelocity": [8.80269, 18.1141, 45.473], "tool": false, "touchDistance": 0.293702, "touchZone": "hovering", "type": 3, "width": 18.4901}, {"bases": [[[0.702088, -0.635944, -0.320387], [0.525622, 0.159281, 0.835674], [-0.48041, -0.755119, 0.446096]], [[0.762031, -0.524849, -0.379265], [0.556603, 0.231598, 0.797844], [-0.330911, -0.819082, 0.468617]], [[0.762031, -0.524849, -0.379265], [0.57863, 0.288996, 0.762672], [-0.290682, -0.800634, 0.523918]], [[0.762031, -0.524849, -0.379265], [0.57863, 0.288996, 0.762672], [-0.290682, -0.800634, 0.523918]]], "btipPosition": [-164.926, 182.053, 5.15817], "carpPosition": [-115.596, 81.686, 65.7633], "dipPosition": [-159.999, 168.484, 14.0374], "direction": [-0.290682, 0.800634, -0.523918], "extended": true, "handId": 737, "id": 7374, "length": 49.6637, "mcpPosition": [-142.905, 124.611, 40.4048], "pipPosition": [-154.409, 153.087, 24.1128], "stabilizedTipPosition": [-164.597, 178.945, 6.19054], "timeVisible": 5.02968, "tipPosition": [-163.61, 180.588, 10.3766], "tipVelocity": [6.13831, 10.3816, 31.8466], "tool": false, "touchDistance": 0.346051, "touchZone": "hovering", "type": 4, "width": 16.4243}, {"bases": [[[0.973111, -0.163149, -0.162595], [0.217675, 0.420561, 0.880764], [-0.0753147, -0.892475, 0.444766]], [[0.934154, -0.351237, -0.063156], [0.223729, 0.438521, 0.870428], [-0.278032, -0.827243, 0.488228]], [[0.934154, -0.351237, -0.063156], [0.240887, 0.490028, 0.837763], [-0.263305, -0.797813, 0.54237]], [[0.934154, -0.351237, -0.063156], [0.257373, 0.54048, 0.801024], [-0.247215, -0.764535, 0.595291]]], "btipPosition": [-110.984, 224.602, 0.871011], "carpPosition": [-83.3969, 93.4863, 76.4625], "dipPosition": [-106.831, 211.759, 10.8714], "direction": [-0.263305, 0.797813, -0.54237], "extended": true, "handId": 737, "id": 7371, "length": 57.8214, "mcpPosition": [-88.8289, 157.854, 44.3846], "pipPosition": [-100.573, 192.799, 23.7608], "stabilizedTipPosition": [-110.904, 221.494, 2.18867], "timeVisible": 5.02968, "tipPosition": [-112.838, 221.955, 5.45209], "tipVelocity": [17.2494, 6.79944, 28.7091], "tool": false, "touchDistance": 0.258397, "touchZone": "hovering", "type": 1, "width": 19.7848}], "r": [[0.98506, 0.0154255, 0.171519], [0.0109646, 0.988342, -0.151857], [-0.171862, 0.151469, 0.973407]], "s": 1.1346, "t": [31.0501, -42.9352, -77.2213], "timestamp": 747079987875}, {"currentFrameRate": 111.092, "devices": [], "gestures": [], "hands": [{"armBasis": [[0.934907, -0.345191, -0.0824145], [0.300814, 0.647565, 0.700122], [-0.188307, -0.67934, 0.709251]], "armWidth": 64.3496, "confidence": 1, "direction": [-0.268941, 0.904766, -0.330257], "elbow": [-43.63, -118.898, 267.612], "grabAngle": 0.125761, "grabStrength": 0, "id": 737, "palmNormal": [0.204044, -0.281586, -0.93759], "palmPosition": [-104.78, 127.22, 47.9449], "palmVelocity": [15.8007, -3.58039, 7.44429], "palmWidth": 89.2012, "pinchDistance": 53.8915, "pinchStrength": 0, "r": [[0.984987, 0.0152787, 0.171949], [0.0109341, 0.988554, -0.150473], [-0.17228, 0.150094, 0.973546]], "s": 1.13535, "sphereCenter": [-69.5912, 39.8444, -205.333], "sphereRadius": 272.956, "stabilizedPalmPosition": [-105.702, 127.566, 47.6884], "t": [-30.9068, -42.9632, -77.1502], "timeVisible": 5.03835, "type": "left", "wrist": [-93.4733, 60.9181, 79.8786]}], "id": 1333010, "interactionBox": {"center": [0, 200, 0], "size": [235.247, 235.247, 147.751]}, "pointables": [{"bases": [[[0.613756, 0.299824, 0.730348], [-0.771256, 0.0299977, 0.635818], [0.168725, -0.953523, 0.249653]], [[0.594129, 0.392381, 0.702174], [-0.778327, 0.0601084, 0.624975], [0.203022, -0.917837, 0.341113]], [[0.594129, 0.392381, 0.702174], [-0.787818, 0.46004, 0.40952], [-0.16234, -0.796493, 0.582448]], [[0.594129, 0.392381, 0.702174], [-0.684973, 0.704447, 0.185923], [-0.421691, -0.591432, 0.687303]]], "btipPosition": [-74.2821, 166.268, 10.7749], "carpPosition": [-69.0714, 81.0419, 62.8093], "dipPosition": [-64.5785, 152.659, 26.5906], "direction": [-0.16234, 0.796493, -0.582448], "extended": false, "handId": 737, "id": 7370, "length": 51.2425, "mcpPosition": [-69.0714, 81.0419, 62.8093], "pipPosition": [-59.1362, 125.957, 46.1165], "stabilizedTipPosition": [-73.2731, 162.735, 13.2307], "timeVisible": 5.03835, "tipPosition": [-70.0962, 164.456, 18.6393], "tipVelocity": [23.5862, 13.0053, 27.7252], "tool": false, "touchDistance": 0.106553, "touchZone": "hovering", "type": 0, "width": 20.7127}, {"bases": [[[0.902464, -0.351268, -0.249339], [0.377335, 0.365422, 0.850932], [-0.207791, -0.86202, 0.462326]], [[0.888013, -0.403501, -0.2205], [0.388315, 0.401251, 0.829584], [-0.246262, -0.822305, 0.513001]], [[0.888013, -0.403501, -0.2205], [0.388315, 0.401251, 0.829584], [-0.246262, -0.822305, 0.513001]], [[0.888013, -0.403501, -0.2205], [0.399314, 0.43894, 0.80491], [-0.227995, -0.802819, 0.550908]]], "btipPosition": [-132.254, 228.426, -4.72787], "carpPosition": [-95.2734, 92.6712, 75.7281], "dipPosition": [-128.042, 213.592, 5.45119], "direction": [-0.246262, 0.822305, -0.513001], "extended": true, "handId": 737, "id": 7372, "length": 65.8828, "mcpPosition": [-109.486, 151.63, 44.1067], "pipPosition": [-121.156, 190.601, 19.7945], "stabilizedTipPosition": [-132.352, 224.551, -4.72129], "timeVisible": 5.03835, "tipPosition": [-133.167, 225.314, -0.801352], "tipVelocity": [6.17854, 22.2602, 56.9076], "tool": false, "touchDistance": 0.288121, "touchZone": "hovering", "type": 2, "width": 19.4313}, {"bases": [[[0.831019, -0.500834, -0.242019], [0.434032, 0.311726, 0.845248], [-0.347885, -0.807461, 0.476428]], [[0.847625, -0.459151, -0.265919], [0.447968, 0.350683, 0.822403], [-0.284353, -0.816212, 0.502933]], [[0.847625, -0.459151, -0.265919], [0.455359, 0.372227, 0.808762], [-0.272361, -0.806615, 0.524587]], [[0.847625, -0.459151, -0.265919], [0.463572, 0.397019, 0.792135], [-0.258135, -0.794706, 0.549372]]], "btipPosition": [-152.605, 211.488, -2.61236], "carpPosition": [-106.589, 89.4773, 73.1192], "dipPosition": [-147.862, 196.889, 7.47999], "direction": [-0.272361, 0.806615, -0.524587], "extended": true, "handId": 737, "id": 7373, "length": 63.3481, "mcpPosition": [-127.952, 139.062, 43.8624], "pipPosition": [-140.444, 174.919, 21.7684], "stabilizedTipPosition": [-152.763, 208.067, -1.74376], "timeVisible": 5.03835, "tipPosition": [-152.21, 209.265, 2.07476], "tipVelocity": [4.17932, 13.4459, 42.9255], "tool": false, "touchDistance": 0.299908, "touchZone": "hovering", "type": 3, "width": 18.4901}, {"bases": [[[0.701955, -0.635498, -0.321561], [0.525551, 0.157463, 0.836063], [-0.480682, -0.755876, 0.444518]], [[0.76177, -0.524673, -0.380033], [0.555421, 0.226954, 0.799999], [-0.333488, -0.820494, 0.464301]], [[0.76177, -0.524673, -0.380033], [0.57843, 0.286645, 0.76371], [-0.291764, -0.801594, 0.521844]], [[0.76177, -0.524673, -0.380033], [0.57843, 0.286645, 0.76371], [-0.291764, -0.801594, 0.521844]]], "btipPosition": [-164.918, 182.11, 5.44779], "carpPosition": [-115.443, 81.6163, 65.7381], "dipPosition": [-159.973, 168.525, 14.2919], "direction": [-0.291764, 0.801594, -0.521844], "extended": true, "handId": 737, "id": 7374, "length": 49.6637, "mcpPosition": [-142.768, 124.584, 40.4694], "pipPosition": [-154.362, 153.11, 24.3274], "stabilizedTipPosition": [-164.582, 178.946, 6.21468], "timeVisible": 5.03835, "tipPosition": [-163.496, 180.599, 10.5256], "tipVelocity": [1.40954, 6.15273, 32.4581], "tool": false, "touchDistance": 0.349003, "touchZone": "hovering", "type": 4, "width": 16.4243}, {"bases": [[[0.973088, -0.163095, -0.162787], [0.21767, 0.418738, 0.881634], [-0.0756251, -0.893341, 0.44297]], [[0.934064, -0.351374, -0.0637272], [0.22411, 0.437844, 0.870671], [-0.278029, -0.827544, 0.487721]], [[0.934064, -0.351374, -0.0637272], [0.24119, 0.48914, 0.838194], [-0.263348, -0.798297, 0.541636]], [[0.934064, -0.351374, -0.0637272], [0.257871, 0.540223, 0.801038], [-0.247037, -0.764654, 0.595212]]], "btipPosition": [-110.854, 224.609, 1.03477], "carpPosition": [-83.2465, 93.4041, 76.4565], "dipPosition": [-106.704, 211.764, 11.0338], "direction": [-0.263348, 0.798297, -0.541636], "extended": true, "handId": 737, "id": 7371, "length": 57.8214, "mcpPosition": [-88.7008, 157.835, 44.5081], "pipPosition": [-100.445, 192.792, 23.9058], "stabilizedTipPosition": [-110.84, 221.505, 2.26195], "timeVisible": 5.03835, "tipPosition": [-112.713, 222.004, 5.6905], "tipVelocity": [14.9231, 0.701079, 18.8443], "tool": false, "touchDistance": 0.261122, "touchZone": "hovering", "type": 1, "width": 19.7848}], "r": [[0.984987, 0.0152787, 0.171949], [0.0109341, 0.988554, -0.150473], [-0.17228, 0.150094, 0.973546]], "s": 1.13535, "t": [30.9068, -42.9632, -77.1502], "timestamp": 747079996549}, {"currentFrameRate": 111.28, "devices": [], "gestures": [], "hands": [{"armBasis": [[0.935347, -0.343441, -0.0847061], [0.301171, 0.647593, 0.699942], [-0.185534, -0.6802, 0.709158]], "armWidth": 64.3496, "confidence": 1, "direction": [-0.268822, 0.905248, -0.329029], "elbow": [-44.2599, -119.201, 267.479], "grabAngle": 0.137085, "grabStrength": 0, "id": 737, "palmNormal": [0.204249, -0.280259, -0.937943], "palmPosition": [-104.638, 127.192, 47.9184], "palmVelocity": [16.3951, -3.28721, -3.06602], "palmWidth": 89.2012, "pinchDistance": 53.8785, "pinchStrength": 0, "r": [[0.984937, 0.0151209, 0.172251], [0.0108929, 0.988764, -0.149084], [-0.17257, 0.148715, 0.973706]], "s": 1.13565, "sphereCenter": [-64.8059, 34.4993, -217.237], "sphereRadius": 286.318, "stabilizedPalmPosition": [-105.605, 127.532, 47.7093], "t": [-30.7643, -42.9914, -77.128], "timeVisible": 5.04701, "type": "left", "wrist": [-93.3692, 60.8428, 79.7708]}], "id": 1333011, "interactionBox": {"center": [0, 200, 0], "size": [235.247, 235.247, 147.751]}, "pointables": [{"bases": [[[0.613912, 0.298811, 0.730632], [-0.771109, 0.0290549, 0.63604], [0.168828, -0.95387, 0.248253]], [[0.59443, 0.390779, 0.702812], [-0.777916, 0.0580386, 0.625682], [0.203713, -0.918653, 0.338494]], [[0.59443, 0.390779, 0.702812], [-0.787726, 0.458687, 0.411209], [-0.161679, -0.798058, 0.580485]], [[0.59443, 0.390779, 0.702812], [-0.685213, 0.703569, 0.188345], [-0.420875, -0.593534, 0.68599]]], "btipPosition": [-74.071, 166.358, 10.9151], "carpPosition": [-68.9351, 80.9906, 62.7252], "dipPosition": [-64.3862, 152.7, 26.7005], "direction": [-0.161679, 0.798058, -0.580485], "extended": false, "handId": 737, "id": 7370, "length": 51.2425, "mcpPosition": [-68.9351, 80.9906, 62.7252], "pipPosition": [-58.9661, 125.946, 46.1606], "stabilizedTipPosition": [-73.1811, 162.766, 13.3153], "timeVisible": 5.04701, "tipPosition": [-69.962, 164.457, 18.6385], "tipVelocity": [23.8841, 9.05777, 15.3853], "tool": false, "touchDistance": 0.108773, "touchZone": "hovering", "type": 0, "width": 20.7127}, {"bases": [[[0.902422, -0.35087, -0.25005], [0.377517, 0.364226, 0.851364], [-0.207643, -0.862688, 0.461144]], [[0.888176, -0.402517, -0.221638], [0.387726, 0.397638, 0.831596], [-0.2466, -0.824539, 0.509239]], [[0.888176, -0.402517, -0.221638], [0.398445, 0.434392, 0.807802], [-0.228876, -0.805781, 0.546198]], [[0.888176, -0.402517, -0.221638], [0.408967, 0.472551, 0.780667], [-0.209497, -0.784013, 0.584325]]], "btipPosition": [-131.299, 227.7, -6.088], "carpPosition": [-95.1396, 92.6028, 75.6545], "dipPosition": [-127.428, 213.213, 4.7085], "direction": [-0.228876, 0.805781, -0.546198], "extended": true, "handId": 737, "id": 7372, "length": 65.8828, "mcpPosition": [-109.342, 151.607, 44.1139], "pipPosition": [-121.029, 190.684, 19.98], "stabilizedTipPosition": [-132.316, 224.547, -4.70047], "timeVisible": 5.04701, "tipPosition": [-132.752, 225.259, -0.982137], "tipVelocity": [101.34, -74.6832, -140.726], "tool": false, "touchDistance": 0.267819, "touchZone": "hovering", "type": 2, "width": 19.4313}, {"bases": [[[0.830986, -0.500449, -0.242926], [0.434214, 0.310541, 0.84559], [-0.347736, -0.808156, 0.475357]], [[0.847644, -0.458568, -0.266861], [0.447482, 0.347659, 0.82395], [-0.285061, -0.817832, 0.499892]], [[0.847644, -0.458568, -0.266861], [0.455409, 0.37078, 0.809398], [-0.272218, -0.807612, 0.523126]], [[0.847644, -0.458568, -0.266861], [0.463744, 0.395994, 0.792546], [-0.257761, -0.795552, 0.548321]]], "btipPosition": [-152.481, 211.581, -2.4347], "carpPosition": [-106.455, 89.4131, 73.0384], "dipPosition": [-147.746, 196.966, 7.63833], "direction": [-0.272218, 0.807612, -0.523126], "extended": true, "handId": 737, "id": 7373, "length": 63.3481, "mcpPosition": [-127.809, 139.041, 43.8474], "pipPosition": [-140.332, 174.968, 21.887], "stabilizedTipPosition": [-152.733, 208.07, -1.70845], "timeVisible": 5.04701, "tipPosition": [-152.049, 209.296, 2.13743], "tipVelocity": [14.0402, 10.2509, 20.0118], "tool": false, "touchDistance": 0.302795, "touchZone": "hovering", "type": 3, "width": 18.4901}, {"bases": [[[0.70191, -0.635006, -0.322631], [0.525738, 0.156295, 0.836165], [-0.480544, -0.756531, 0.443552]], [[0.761609, -0.524308, -0.380858], [0.554666, 0.223501, 0.801494], [-0.335108, -0.821674, 0.461036]], [[0.761609, -0.524308, -0.380858], [0.578602, 0.285499, 0.764009], [-0.291842, -0.802242, 0.520804]], [[0.761609, -0.524308, -0.380858], [0.578602, 0.285499, 0.764009], [-0.291842, -0.802242, 0.520804]]], "btipPosition": [-164.833, 182.159, 5.55981], "carpPosition": [-115.308, 81.563, 65.6441], "dipPosition": [-159.887, 168.563, 14.3863], "direction": [-0.291842, 0.802242, -0.520804], "extended": true, "handId": 737, "id": 7374, "length": 49.6637, "mcpPosition": [-142.624, 124.568, 40.4303], "pipPosition": [-154.275, 153.135, 24.4018], "stabilizedTipPosition": [-164.566, 178.947, 6.23978], "timeVisible": 5.04701, "tipPosition": [-163.345, 180.616, 10.5414], "tipVelocity": [9.78374, 5.30714, 12.4729], "tool": false, "touchDistance": 0.349055, "touchZone": "hovering", "type": 4, "width": 16.4243}, {"bases": [[[0.973058, -0.162817, -0.163246], [0.217856, 0.417491, 0.882179], [-0.0754803, -0.893976, 0.441713]], [[0.93417, -0.350928, -0.0646191], [0.224447, 0.437102, 0.870957], [-0.277398, -0.828126, 0.487092]], [[0.93417, -0.350928, -0.0646191], [0.241515, 0.488522, 0.838461], [-0.262671, -0.798872, 0.541117]], [[0.93417, -0.350928, -0.0646191], [0.258366, 0.540309, 0.80082], [-0.246116, -0.764798, 0.595408]]], "btipPosition": [-110.651, 224.625, 1.09123], "carpPosition": [-83.1128, 93.334, 76.3868], "dipPosition": [-106.517, 211.777, 11.0936], "direction": [-0.262671, 0.798872, -0.541117], "extended": true, "handId": 737, "id": 7371, "length": 57.8214, "mcpPosition": [-88.5567, 157.81, 44.529], "pipPosition": [-100.275, 192.792, 23.9532], "stabilizedTipPosition": [-110.76, 221.516, 2.34087], "timeVisible": 5.04701, "tipPosition": [-112.544, 222.034, 5.78644], "tipVelocity": [22.9684, 1.82198, 6.60991], "tool": false, "touchDistance": 0.262075, "touchZone": "hovering", "type": 1, "width": 19.7848}], "r": [[0.984937, 0.0151209, 0.172251], [0.0108929, 0.988764, -0.149084], [-0.17257, 0.148715, 0.973706]], "s": 1.13565, "t": [30.7643, -42.9914, -77.128], "timestamp": 747080005205}, {"currentFrameRate": 111.455, "devices": [], "gestures": [], "hands": [{"armBasis": [[0.935608, -0.342056, -0.0873761], [0.302083, 0.64757, 0.699571], [-0.18271, -0.680919, 0.709201]], "armWidth": 64.3496, "confidence": 1, "direction": [-0.269046, 0.905525, -0.328084], "elbow": [-44.9176, -119.455, 267.484], "grabAngle": 0.137161, "grabStrength": 0, "id": 737, "palmNormal": [0.204917, -0.279026, -0.938165], "palmPosition": [-104.531, 127.163, 47.9757], "palmVelocity": [12.2982, -3.27945, 6.61775], "palmWidth": 89.2012, "pinchDistance": 53.8569, "pinchStrength": 0, "r": [[0.984918, 0.0148626, 0.172383], [0.010933, 0.988967, -0.147734], [-0.172676, 0.14739, 0.973889]], "s": 1.13607, "sphereCenter": [-64.6702, 35.3325, -216.582], "sphereRadius": 285.515, "stabilizedPalmPosition": [-105.516, 127.502, 47.7316], "t": [-30.6397, -43.0197, -77.0882], "timeVisible": 5.05567, "type": "left", "wrist": [-93.2795, 60.7791, 79.7639]}], "id": 1333012, "interactionBox": {"center": [0, 200, 0], "size": [235.247, 235.247, 147.751]}, "pointables": [{"bases": [[[0.614469, 0.297643, 0.730641], [-0.770729, 0.0286342, 0.636519], [0.168534, -0.954248, 0.246997]], [[0.59517, 0.389019, 0.703162], [-0.777239, 0.0563918, 0.626673], [0.204135, -0.919502, 0.335923]], [[0.59517, 0.389019, 0.703162], [-0.787292, 0.457658, 0.413184], [-0.161071, -0.799508, 0.578656]], [[0.59517, 0.389019, 0.703162], [-0.685278, 0.702719, 0.191259], [-0.419722, -0.595693, 0.684824]]], "btipPosition": [-73.8843, 166.468, 11.1508], "carpPosition": [-68.8159, 80.9605, 62.747], "dipPosition": [-64.226, 152.76, 26.9093], "direction": [-0.161071, 0.799508, -0.578656], "extended": false, "handId": 737, "id": 7370, "length": 51.2425, "mcpPosition": [-68.8159, 80.9605, 62.747], "pipPosition": [-58.8263, 125.958, 46.3081], "stabilizedTipPosition": [-73.0981, 162.796, 13.3951], "timeVisible": 5.05567, "tipPosition": [-69.8734, 164.469, 18.722], "tipVelocity": [20.8416, 11.3517, 26.4891], "tool": false, "touchDistance": 0.112598, "touchZone": "hovering", "type": 0, "width": 20.7127}, {"bases": [[[0.902117, -0.350978, -0.250996], [0.378173, 0.363018, 0.851588], [-0.207772, -0.863153, 0.460216]], [[0.887998, -0.402222, -0.222882], [0.387753, 0.3944, 0.833124], [-0.247196, -0.826236, 0.506189]], [[0.887998, -0.402222, -0.222882], [0.398095, 0.429812, 0.810421], [-0.230172, -0.808381, 0.541794]], [[0.887998, -0.402222, -0.222882], [0.408934, 0.469051, 0.782792], [-0.210313, -0.786262, 0.580999]]], "btipPosition": [-131.281, 227.868, -5.6746], "carpPosition": [-95.0332, 92.545, 75.6753], "dipPosition": [-127.395, 213.341, 5.06046], "direction": [-0.230172, 0.808381, -0.541794], "extended": true, "handId": 737, "id": 7372, "length": 65.8828, "mcpPosition": [-109.244, 151.582, 44.1982], "pipPosition": [-120.959, 190.739, 20.2088], "stabilizedTipPosition": [-132.288, 224.547, -4.67901], "timeVisible": 5.05567, "tipPosition": [-132.62, 225.263, -0.866043], "tipVelocity": [2.47942, 18.3709, 46.0785], "tool": false, "touchDistance": 0.274474, "touchZone": "hovering", "type": 2, "width": 19.4313}, {"bases": [[[0.830617, -0.500533, -0.244013], [0.434843, 0.309315, 0.845716], [-0.347832, -0.808574, 0.474575]], [[0.847302, -0.458572, -0.267939], [0.447547, 0.344834, 0.825101], [-0.285973, -0.819025, 0.497411]], [[0.847302, -0.458572, -0.267939], [0.456037, 0.369581, 0.809593], [-0.272231, -0.80816, 0.522272]], [[0.847302, -0.458572, -0.267939], [0.464617, 0.39557, 0.792247], [-0.257313, -0.795762, 0.548227]]], "btipPosition": [-152.41, 211.618, -2.24237], "carpPosition": [-106.345, 89.3533, 73.0487], "dipPosition": [-147.683, 196.999, 7.82895], "direction": [-0.272231, 0.80816, -0.522272], "extended": true, "handId": 737, "id": 7373, "length": 63.3481, "mcpPosition": [-127.705, 139.007, 43.9058], "pipPosition": [-140.268, 174.987, 22.0543], "stabilizedTipPosition": [-152.709, 208.073, -1.67879], "timeVisible": 5.05567, "tipPosition": [-151.95, 209.296, 2.25643], "tipVelocity": [8.00865, 4.18173, 22.1499], "tool": false, "touchDistance": 0.305994, "touchZone": "hovering", "type": 3, "width": 18.4901}, {"bases": [[[0.701433, -0.634934, -0.323806], [0.526291, 0.155039, 0.836051], [-0.480634, -0.75685, 0.442909]], [[0.760988, -0.52455, -0.381765], [0.554439, 0.220258, 0.802548], [-0.33689, -0.822395, 0.458445]], [[0.760988, -0.52455, -0.381765], [0.579282, 0.284434, 0.763891], [-0.292112, -0.802462, 0.520313]], [[0.760988, -0.52455, -0.381765], [0.579282, 0.284434, 0.763891], [-0.292112, -0.802462, 0.520313]]], "btipPosition": [-164.793, 182.155, 5.69991], "carpPosition": [-115.19, 81.5082, 65.6398], "dipPosition": [-159.842, 168.555, 14.5181], "direction": [-0.292112, 0.802462, -0.520313], "extended": true, "handId": 737, "id": 7374, "length": 49.6637, "mcpPosition": [-142.512, 124.532, 40.4625], "pipPosition": [-154.225, 153.123, 24.5241], "stabilizedTipPosition": [-164.554, 178.948, 6.25971], "timeVisible": 5.05567, "tipPosition": [-163.244, 180.598, 10.6139], "tipVelocity": [4.7807, -0.51926, 15.9471], "tool": false, "touchDistance": 0.349556, "touchZone": "hovering", "type": 4, "width": 16.4243}, {"bases": [[[0.972889, -0.163063, -0.164004], [0.218555, 0.416319, 0.88256], [-0.0756348, -0.894477, 0.44067]], [[0.933968, -0.351289, -0.0655764], [0.225597, 0.43728, 0.87057], [-0.277146, -0.827878, 0.487656]], [[0.933968, -0.351289, -0.0655764], [0.242623, 0.488609, 0.83809], [-0.262371, -0.79866, 0.541576]], [[0.933968, -0.351289, -0.0655764], [0.259619, 0.540905, 0.800012], [-0.245565, -0.764211, 0.596389]]], "btipPosition": [-110.53, 224.583, 1.14385], "carpPosition": [-83.0072, 93.2809, 76.4154], "dipPosition": [-106.405, 211.745, 11.1627], "direction": [-0.262371, 0.79866, -0.541576], "extended": true, "handId": 737, "id": 7371, "length": 57.8214, "mcpPosition": [-88.4622, 157.793, 44.6328], "pipPosition": [-100.169, 192.765, 24.0333], "stabilizedTipPosition": [-110.676, 221.524, 2.42047], "timeVisible": 5.05567, "tipPosition": [-112.432, 222.05, 5.93249], "tipVelocity": [13.7779, -4.62564, 6.51059], "tool": false, "touchDistance": 0.263015, "touchZone": "hovering", "type": 1, "width": 19.7848}], "r": [[0.984918, 0.0148626, 0.172383], [0.010933, 0.988967, -0.147734], [-0.172676, 0.14739, 0.973889]], "s": 1.13607, "t": [30.6397, -43.0197, -77.0882], "timestamp": 747080013870}, {"currentFrameRate": 111.612, "devices": [], "gestures": [], "hands": [{"armBasis": [[0.936071, -0.340274, -0.0893525], [0.302334, 0.648176, 0.698901], [-0.179902, -0.681235, 0.709615]], "armWidth": 64.3496, "confidence": 1, "direction": [-0.269213, 0.905646, -0.327612], "elbow": [-45.612, -119.567, 267.567], "grabAngle": 0.137609, "grabStrength": 0, "id": 737, "palmNormal": [0.204871, -0.278532, -0.938322], "palmPosition": [-104.464, 127.151, 47.9728], "palmVelocity": [7.79747, -1.44313, -0.338365], "palmWidth": 89.2012, "pinchDistance": 53.8323, "pinchStrength": 0, "r": [[0.9849, 0.0146091, 0.172508], [0.0109975, 0.989141, -0.146556], [-0.172776, 0.14624, 0.974044]], "s": 1.13655, "sphereCenter": [-64.7584, 35.8934, -216.052], "sphereRadius": 284.833, "stabilizedPalmPosition": [-105.428, 127.472, 47.7516], "t": [-30.5435, -43.0401, -77.0698], "timeVisible": 5.06435, "type": "left", "wrist": [-93.2305, 60.7501, 79.7372]}], "id": 1333013, "interactionBox": {"center": [0, 200, 0], "size": [235.247, 235.247, 147.751]}, "pointables": [{"bases": [[[0.614446, 0.29719, 0.730845], [-0.770785, 0.0284365, 0.636461], [0.168367, -0.954395, 0.246542]], [[0.595307, 0.388, 0.703609], [-0.777055, 0.0552005, 0.627007], [0.204439, -0.920005, 0.334358]], [[0.595307, 0.388, 0.703609], [-0.787278, 0.456729, 0.414237], [-0.160635, -0.800534, 0.577358]], [[0.595307, 0.388, 0.703609], [-0.685721, 0.701756, 0.193194], [-0.418803, -0.59749, 0.68382]]], "btipPosition": [-73.7576, 166.554, 11.2649], "carpPosition": [-68.7398, 80.9461, 62.7179], "dipPosition": [-64.1205, 152.805, 27.0004], "direction": [-0.160635, 0.800534, -0.577358], "extended": false, "handId": 737, "id": 7370, "length": 51.2425, "mcpPosition": [-68.7398, 80.9461, 62.7179], "pipPosition": [-58.7354, 125.968, 46.3557], "stabilizedTipPosition": [-73.0185, 162.826, 13.4712], "timeVisible": 5.06435, "tipPosition": [-69.8293, 164.466, 18.7002], "tipVelocity": [14.0318, 8.79654, 12.531], "tool": false, "touchDistance": 0.114412, "touchZone": "hovering", "type": 0, "width": 20.7127}, {"bases": [[[0.902088, -0.35099,