{"frames": 129, "data": [{"currentFrameRate": 111.748, "devices": [], "gestures": [], "hands": [{"armBasis": [[0.944318, -0.100907, -0.313179], [0.185939, 0.948919, 0.254912], [0.271459, -0.29895, 0.914844]], "armWidth": 64.3496, "confidence": 1, "direction": [0.235949, 0.831455, -0.503001], "elbow": [-6.18448, 15.6796, 328.764], "grabAngle": 0, "grabStrength": 0, "id": 738, "palmNormal": [0.421186, -0.55397, -0.718136], "palmPosition": [92.1936, 149.508, 44.5915], "palmVelocity": [1.05374, -12.3242, -11.736], "palmWidth": 89.2012, "pinchDistance": 43.1618, "pinchStrength": 0, "r": [[0.609761, -0.0623503, -0.790129], [-0.549795, -0.751332, -0.365001], [-0.570891, 0.656972, -0.492413]], "s": 0.847957, "sphereCenter": [31.9914, 235.337, 59.7033], "sphereRadius": 106.274, "stabilizedPalmPosition": [92.6657, 150.109, 45.3931], "t": [30.6255, 0.839814, -85.2319], "timeVisible": 22.3216, "type": "left", "wrist": [65.6686, 94.8093, 86.6119]}], "id": 1336261, "interactionBox": {"center": [0, 200, 0], "size": [235.247, 235.247, 147.751]}, "pointables": [{"bases": [[[0.683076, 0.640663, 0.350653], [-0.424352, -0.04261, 0.904494], [0.594417, -0.766639, 0.242761]], [[0.688613, 0.633455, 0.352911], [-0.314595, -0.177516, 0.93248], [0.653332, -0.753142, 0.0770414]], [[0.688613, 0.633455, 0.352911], [-0.660753, 0.347677, 0.665226], [0.298692, -0.691271, 0.657973]], [[0.688613, 0.633455, 0.352911], [-0.723724, 0.630667, 0.280147], [-0.0451087, -0.448324, 0.892732]]], "btipPosition": [140.465, 170.399, 31.8206], "carpPosition": [99.5177, 100.052, 78.1913], "dipPosition": [141.503, 160.082, 52.3634], "direction": [0.298692, 0.691271, -0.657973], "extended": false, "handId": 738, "id": 7380, "length": 51.2425, "mcpPosition": [99.5177, 100.052, 78.1913], "pipPosition": [131.489, 136.908, 74.4212], "stabilizedTipPosition": [140.958, 168.5, 37.0451], "timeVisible": 22.3216, "tipPosition": [143.38, 166.714, 32.328], "tipVelocity": [2.35787, -20.599, -13.5393], "tool": false, "touchDistance": -0.310624, "touchZone": "touching", "type": 0, "width": 20.7127}, {"bases": [[[0.823697, 0.0977914, -0.558533], [0.36021, 0.670485, 0.648612], [0.437917, -0.73545, 0.517052]], [[0.921539, -0.147707, -0.359094], [0.362631, 0.657982, 0.659968], [0.138795, -0.738405, 0.659919]], [[0.921539, -0.147707, -0.359094], [0.362631, 0.657982, 0.659968], [0.138795, -0.738405, 0.659919]], [[0.921539, -0.147707, -0.359094], [0.358669, 0.678076, 0.641537], [0.148734, -0.719997, 0.677851]]], "btipPosition": [130.239, 232.936, -9.35979], "carpPosition": [86.9948, 119.058, 82.8783], "dipPosition": [127.74, 220.841, 2.0275], "direction": [0.138795, 0.738405, -0.659919], "extended": true, "handId": 738, "id": 7381, "length": 57.8214, "mcpPosition": [118.579, 172.101, 45.5869], "pipPosition": [124.442, 203.293, 17.7106], "stabilizedTipPosition": [129.704, 230.95, -5.84856], "timeVisible": 22.3216, "tipPosition": [135.22, 228.596, -6.26127], "tipVelocity": [13.9629, -22.0339, -16.3538], "tool": false, "touchDistance": -0.315937, "touchZone": "touching", "type": 1, "width": 19.7848}, {"bases": [[[0.801732, -0.118213, -0.585877], [0.503807, 0.661056, 0.556042], [0.321566, -0.740966, 0.589547]], [[0.830619, -0.193997, -0.521955], [0.510713, 0.638955, 0.575247], [0.22191, -0.74438, 0.629805]], [[0.830619, -0.193997, -0.521955], [0.507502, 0.649488, 0.566222], [0.229159, -0.735208, 0.637931]], [[0.830619, -0.193997, -0.521955], [0.507502, 0.649488, 0.566222], [0.229159, -0.735208, 0.637931]]], "btipPosition": [119.963, 241.867, -22.8014], "carpPosition": [76.8105, 121.77, 76.9925], "dipPosition": [115.728, 228.283, -11.0145], "direction": [0.229159, 0.735208, -0.637931], "extended": true, "handId": 738, "id": 7382, "length": 65.8828, "mcpPosition": [98.8044, 172.449, 36.6696], "pipPosition": [109.321, 207.727, 6.82181], "stabilizedTipPosition": [118.982, 239.263, -19.4876], "timeVisible": 22.3216, "tipPosition": [122.887, 235.722, -21.2051], "tipVelocity": [13.8347, -16.7089, -12.4895], "tool": false, "touchDistance": -0.314029, "touchZone": "touching", "type": 2, "width": 19.4313}, {"bases": [[[0.800039, -0.275459, -0.532973], [0.569794, 0.626964, 0.531273], [0.187811, -0.728724, 0.65855]], [[0.772262, -0.187476, -0.607013], [0.58336, 0.587652, 0.560674], [0.2516, -0.787095, 0.563187]], [[0.772262, -0.187476, -0.607013], [0.573032, 0.618102, 0.53813], [0.274309, -0.763415, 0.584766]], [[0.772262, -0.187476, -0.607013], [0.573032, 0.618102, 0.53813], [0.274309, -0.763415, 0.584766]]], "btipPosition": [102.113, 235.677, -21.8641], "carpPosition": [67.0161, 121.532, 69.9877], "dipPosition": [97.0736, 221.653, -11.1215], "direction": [0.274309, 0.763415, -0.584766], "extended": true, "handId": 738, "id": 7383, "length": 63.3481, "mcpPosition": [78.5493, 166.282, 29.5471], "pipPosition": [89.6021, 200.859, 4.80606], "stabilizedTipPosition": [101.14, 232.773, -18.9163], "timeVisible": 22.3216, "tipPosition": [101.551, 229.28, -22.4014], "tipVelocity": [-11.8535, 14.5492, 12.2724], "tool": false, "touchDistance": -0.310275, "touchZone": "touching", "type": 3, "width": 18.4901}, {"bases": [[[0.711181, -0.45773, -0.533577], [0.701632, 0.509627, 0.497989], [0.0439807, -0.728535, 0.683595]], [[0.66642, -0.221989, -0.711762], [0.711316, 0.475366, 0.517742], [0.223414, -0.851322, 0.474698]], [[0.66642, -0.221989, -0.711762], [0.699483, 0.51661, 0.493799], [0.258085, -0.826943, 0.499557]], [[0.66642, -0.221989, -0.711762], [0.699483, 0.51661, 0.493799], [0.258085, -0.826943, 0.499557]]], "btipPosition": [78.9632, 216.001, -13.1591], "carpPosition": [59.3587, 115.072, 60.2768], "dipPosition": [74.5892, 201.986, -4.6927], "direction": [0.258085, 0.826943, -0.499557], "extended": true, "handId": 738, "id": 7384, "length": 49.6637, "mcpPosition": [61.8587, 156.486, 21.4177], "pipPosition": [69.626, 186.083, 4.91419], "stabilizedTipPosition": [78.0707, 213.357, -10.3935], "timeVisible": 22.3216, "tipPosition": [77.6775, 208.062, -16.9756], "tipVelocity": [9.45705, -11.5856, -13.5277], "tool": false, "touchDistance": 0.132198, "touchZone": "hovering", "type": 4, "width": 16.4243}], "r": [[0.609761, -0.0623503, -0.790129], [-0.549795, -0.751332, -0.365001], [-0.570891, 0.656972, -0.492413]], "s": 0.847957, "t": [-30.6255, 0.839814, -85.2319], "timestamp": 747108674751}, {"currentFrameRate": 111.928, "devices": [], "gestures": [], "hands": [{"armBasis": [[0.944404, -0.100221, -0.31314], [0.185119, 0.949185, 0.254515], [0.27172, -0.298333, 0.914967]], "armWidth": 64.3496, "confidence": 1, "direction": [0.237367, 0.831507, -0.502248], "elbow": [-6.3302, 15.7464, 328.65], "grabAngle": 0, "grabStrength": 0, "id": 738, "palmNormal": [0.421683, -0.55397, -0.717845], "palmPosition": [92.2094, 149.403, 44.4993], "palmVelocity": [1.83236, -12.2135, -10.6952], "palmWidth": 89.2012, "pinchDistance": 43.171, "pinchStrength": 0, "r": [[0.609194, -0.062407, -0.790562], [-0.549885, -0.751556, -0.364404], [-0.57141, 0.656711, -0.49216]], "s": 0.848097, "sphereCenter": [31.9026, 235.458, 59.7225], "sphereRadius": 106.522, "stabilizedPalmPosition": [92.6371, 150.064, 45.337], "t": [30.629, 0.743338, -85.3282], "timeVisible": 22.3302, "type": "left", "wrist": [65.5919, 94.7128, 86.4654]}], "id": 1336262, "interactionBox": {"center": [0, 200, 0], "size": [235.247, 235.247, 147.751]}, "pointables": [{"bases": [[[0.682994, 0.641081, 0.350048], [-0.423075, -0.0434489, 0.905052], [0.595421, -0.766242, 0.24155]], [[0.688322, 0.634164, 0.352207], [-0.313111, -0.178238, 0.932841], [0.654351, -0.752375, 0.0758785]], [[0.688322, 0.634164, 0.352207], [-0.66039, 0.346905, 0.66599], [0.300165, -0.691009, 0.657577]], [[0.688322, 0.634164, 0.352207], [-0.724088, 0.629898, 0.280935], [-0.0436955, -0.448403, 0.892763]]], "btipPosition": [140.523, 170.225, 31.7823], "carpPosition": [99.444, 99.9234, 78.0836], "dipPosition": [141.528, 159.907, 52.3259], "direction": [0.300165, 0.691009, -0.657577], "extended": false, "handId": 738, "id": 7380, "length": 51.2425, "mcpPosition": [99.444, 99.9234, 78.0836], "pipPosition": [131.465, 136.742, 74.3704], "stabilizedTipPosition": [140.905, 168.332, 36.9056], "timeVisible": 22.3302, "tipPosition": [143.421, 166.574, 32.3255], "tipVelocity": [5.87673, -20.1774, -4.4248], "tool": false, "touchDistance": -0.308467, "touchZone": "touching", "type": 0, "width": 20.7127}, {"bases": [[[0.822845, 0.0988024, -0.559611], [0.36051, 0.670467, 0.648465], [0.43927, -0.735332, 0.516071]], [[0.921219, -0.14693, -0.360231], [0.362837, 0.658573, 0.659266], [0.140372, -0.738033, 0.660002]], [[0.921219, -0.14693, -0.360231], [0.362837, 0.658573, 0.659266], [0.140372, -0.738033, 0.660002]], [[0.921219, -0.14693, -0.360231], [0.358852, 0.678559, 0.640923], [0.150267, -0.7197, 0.677828]]], "btipPosition": [130.403, 232.778, -9.40922], "carpPosition": [86.9314, 118.938, 82.7632], "dipPosition": [127.879, 220.688, 1.97769], "direction": [0.140372, 0.738033, -0.660002], "extended": true, "handId": 738, "id": 7381, "length": 57.8214, "mcpPosition": [118.613, 171.972, 45.5425], "pipPosition": [124.543, 203.148, 17.6627], "stabilizedTipPosition": [129.727, 230.767, -6.02942], "timeVisible": 22.3302, "tipPosition": [135.349, 228.486, -6.25602], "tipVelocity": [18.345, -18.2539, -5.74434], "tool": false, "touchDistance": -0.313419, "touchZone": "touching", "type": 1, "width": 19.7848}, {"bases": [[[0.801032, -0.117208, -0.587036], [0.503989, 0.661211, 0.555693], [0.323023, -0.740987, 0.588722]], [[0.830109, -0.193108, -0.523094], [0.510877, 0.639306, 0.574711], [0.223436, -0.74431, 0.629348]], [[0.830109, -0.193108, -0.523094], [0.507793, 0.649361, 0.566106], [0.230357, -0.735554, 0.6371]], [[0.830109, -0.193108, -0.523094], [0.507793, 0.649361, 0.566106], [0.230357, -0.735554, 0.6371]]], "btipPosition": [120.137, 241.773, -22.8125], "carpPosition": [76.7576, 121.661, 76.8648], "dipPosition": [115.881, 228.182, -11.0409], "direction": [0.230357, 0.735554, -0.6371], "extended": true, "handId": 738, "id": 7382, "length": 65.8828, "mcpPosition": [98.8512, 172.342, 36.5983], "pipPosition": [109.44, 207.616, 6.77217], "stabilizedTipPosition": [119.02, 239.13, -19.6214], "timeVisible": 22.3302, "tipPosition": [123.065, 235.627, -21.2096], "tipVelocity": [19.6794, -11.1069, -1.69027], "tool": false, "touchDistance": -0.311178, "touchZone": "touching", "type": 2, "width": 19.4313}, {"bases": [[[0.799549, -0.274482, -0.534211], [0.569971, 0.62719, 0.530816], [0.189352, -0.728898, 0.657916]], [[0.771569, -0.186418, -0.608219], [0.583591, 0.587952, 0.56012], [0.253188, -0.787122, 0.562437]], [[0.771569, -0.186418, -0.608219], [0.573482, 0.617622, 0.538202], [0.275319, -0.764063, 0.583445]], [[0.771569, -0.186418, -0.608219], [0.573482, 0.617622, 0.538202], [0.275319, -0.764063, 0.583445]]], "btipPosition": [102.28, 235.623, -21.873], "carpPosition": [66.9726, 121.436, 69.8465], "dipPosition": [97.222, 221.586, -11.1547], "direction": [0.275319, 0.764063, -0.583445], "extended": true, "handId": 738, "id": 7383, "length": 63.3481, "mcpPosition": [78.6004, 166.197, 29.4449], "pipPosition": [89.723, 200.775, 4.73682], "stabilizedTipPosition": [101.136, 232.699, -19.0118], "timeVisible": 22.3302, "tipPosition": [101.727, 229.209, -22.4325], "tipVelocity": [18.8735, -6.67929, -1.68883], "tool": false, "touchDistance": -0.307799, "touchZone": "touching", "type": 3, "width": 18.4901}, {"bases": [[[0.71085, -0.45683, -0.534787], [0.701866, 0.509986, 0.497291], [0.0455563, -0.728849, 0.683157]], [[0.665639, -0.221037, -0.712789], [0.711621, 0.475671, 0.517042], [0.224768, -0.851399, 0.47392]], [[0.665639, -0.221037, -0.712789], [0.699931, 0.516249, 0.493542], [0.258885, -0.827424, 0.498346]], [[0.665639, -0.221037, -0.712789], [0.699931, 0.516249, 0.493542], [0.258885, -0.827424, 0.498346]]], "btipPosition": [79.0929, 215.954, -13.2183], "carpPosition": [59.3228, 114.988, 60.1218], "dipPosition": [74.7054, 201.931, -4.77248], "direction": [0.258885, 0.827424, -0.498346], "extended": true, "handId": 738, "id": 7384, "length": 49.6637, "mcpPosition": [61.9125, 156.419, 21.2875], "pipPosition": [69.7268, 186.019, 4.81112], "stabilizedTipPosition": [78.0719, 213.298, -10.4766], "timeVisible": 22.3302, "tipPosition": [77.8296, 208.01, -17.0457], "tipVelocity": [14.6867, -5.62869, -7.42191], "tool": false, "touchDistance": 0.131131, "touchZone": "hovering", "type": 4, "width": 16.4243}], "r": [[0.609194, -0.062407, -0.790562], [-0.549885, -0.751556, -0.364404], [-0.57141, 0.656711, -0.49216]], "s": 0.848097, "t": [-30.629, 0.743338, -85.3282], "timestamp": 747108683371}, {"currentFrameRate": 112.064, "devices": [], "gestures": [], "hands": [{"armBasis": [[0.944354, -0.0995946, -0.313491], [0.184476, 0.949426, 0.254084], [0.272331, -0.297777, 0.914967]], "armWidth": 64.3496, "confidence": 1, "direction": [0.238967, 0.830882, -0.502524], "elbow": [-6.5603, 15.7946, 328.545], "grabAngle": 0, "grabStrength": 0, "id": 738, "palmNormal": [0.421839, -0.554963, -0.716985], "palmPosition": [92.2472, 149.247, 44.3882], "palmVelocity": [4.34086, -17.9446, -12.7937], "palmWidth": 89.2012, "pinchDistance": 43.2003, "pinchStrength": 0, "r": [[0.608572, -0.062409, -0.791041], [-0.549857, -0.751918, -0.363699], [-0.5721, 0.656296, -0.491912]], "s": 0.848318, "sphereCenter": [31.7678, 235.743, 59.8076], "sphereRadius": 106.986, "stabilizedPalmPosition": [92.6118, 150.011, 45.2754], "t": [30.6496, 0.617167, -85.4319], "timeVisible": 22.3389, "type": "left", "wrist": [65.5235, 94.6138, 86.3601]}], "id": 1336263, "interactionBox": {"center": [0, 200, 0], "size": [235.247, 235.247, 147.751]}, "pointables": [{"bases": [[[0.682616, 0.642149, 0.348828], [-0.42197, -0.043363, 0.905572], [0.596638, -0.765353, 0.241367]], [[0.687504, 0.635827, 0.350802], [-0.311691, -0.177942, 0.933373], [0.655887, -0.751039, 0.0758458]], [[0.687504, 0.635827, 0.350802], [-0.660348, 0.346407, 0.66629], [0.302125, -0.689728, 0.658024]], [[0.687504, 0.635827, 0.350802], [-0.724967, 0.628876, 0.280959], [-0.0419694, -0.447481, 0.893308]]], "btipPosition": [140.641, 169.954, 31.6866], "carpPosition": [99.3822, 99.7811, 78.0137], "dipPosition": [141.607, 159.657, 52.2426], "direction": [0.302125, 0.689728, -0.658024], "extended": false, "handId": 738, "id": 7380, "length": 51.2425, "mcpPosition": [99.3822, 99.7811, 78.0137], "pipPosition": [131.479, 136.534, 74.3021], "stabilizedTipPosition": [140.893, 168.109, 36.7593], "timeVisible": 22.3389, "tipPosition": [143.482, 166.353, 32.2808], "tipVelocity": [12.6208, -30.7277, -10.6924], "tool": false, "touchDistance": -0.307346, "touchZone": "touching", "type": 0, "width": 20.7127}, {"bases": [[[0.822073, 0.0994352, -0.560633], [0.360443, 0.671339, 0.647599], [0.440769, -0.73445, 0.516048]], [[0.920983, -0.146065, -0.361185], [0.362686, 0.660031, 0.65789], [0.142298, -0.736902, 0.660853]], [[0.920983, -0.146065, -0.361185], [0.362686, 0.660031, 0.65789], [0.142298, -0.736902, 0.660853]], [[0.920983, -0.146065, -0.361185], [0.35867, 0.679883, 0.639621], [0.152137, -0.718626, 0.67855]]], "btipPosition": [130.625, 232.498, -9.57295], "carpPosition": [86.8874, 118.814, 82.6662], "dipPosition": [128.07, 220.425, 1.82608], "direction": [0.142298, 0.736902, -0.660853], "extended": true, "handId": 738, "id": 7381, "length": 57.8214, "mcpPosition": [118.677, 171.785, 45.4471], "pipPosition": [124.688, 202.913, 17.5313], "stabilizedTipPosition": [129.795, 230.535, -6.23348], "timeVisible": 22.3389, "tipPosition": [135.521, 228.249, -6.37181], "tipVelocity": [24.7925, -31.7792, -18.5296], "tool": false, "touchDistance": -0.312825, "touchZone": "touching", "type": 1, "width": 19.7848}, {"bases": [[[0.800492, -0.116619, -0.587889], [0.503825, 0.662197, 0.554667], [0.324613, -0.740199, 0.588839]], [[0.829735, -0.192439, -0.523933], [0.510743, 0.640377, 0.573637], [0.225125, -0.743562, 0.629631]], [[0.829735, -0.192439, -0.523933], [0.507734, 0.650112, 0.565297], [0.23183, -0.735066, 0.637129]], [[0.829735, -0.192439, -0.523933], [0.507734, 0.650112, 0.565297], [0.23183, -0.735066, 0.637129]]], "btipPosition": [120.361, 241.545, -22.9459], "carpPosition": [76.7237, 121.546, 76.7542], "dipPosition": [116.077, 227.964, -11.1737], "direction": [0.23183, 0.735066, -0.637129], "extended": true, "handId": 738, "id": 7382, "length": 65.8828, "mcpPosition": [98.9261, 172.173, 36.4797], "pipPosition": [109.595, 207.412, 6.64015], "stabilizedTipPosition": [119.108, 238.954, -19.7744], "timeVisible": 22.3389, "tipPosition": [123.282, 235.391, -21.3414], "tipVelocity": [24.9939, -25.9395, -15.341], "tool": false, "touchDistance": -0.310393, "touchZone": "touching", "type": 2, "width": 19.4313}, {"bases": [[[0.799263, -0.27386, -0.534958], [0.56982, 0.628239, 0.529736], [0.191008, -0.728228, 0.658179]], [[0.771073, -0.185837, -0.609025], [0.583576, 0.588877, 0.559163], [0.254728, -0.786567, 0.562517]], [[0.771073, -0.185837, -0.609025], [0.573641, 0.617883, 0.537733], [0.276375, -0.763993, 0.583036]], [[0.771073, -0.185837, -0.609025], [0.573641, 0.617883, 0.537733], [0.276375, -0.763993, 0.583036]]], "btipPosition": [102.471, 235.446, -21.996], "carpPosition": [66.9466, 121.328, 69.7246], "dipPosition": [97.3942, 221.411, -11.2852], "direction": [0.276375, 0.763993, -0.583036], "extended": true, "handId": 738, "id": 7383, "length": 63.3481, "mcpPosition": [78.6762, 166.047, 29.3068], "pipPosition": [89.8665, 200.601, 4.5952], "stabilizedTipPosition": [101.173, 232.592, -19.1274], "timeVisible": 22.3389, "tipPosition": [101.938, 229.008, -22.5749], "tipVelocity": [21.5425, -20.3213, -14.3595], "tool": false, "touchDistance": -0.307224, "touchZone": "touching", "type": 3, "width": 18.4901}, {"bases": [[[0.710787, -0.456317, -0.53531], [0.70182, 0.511174, 0.496135], [0.0472416, -0.728337, 0.683588]], [[0.66508, -0.220698, -0.713415], [0.711734, 0.47653, 0.516095], [0.226063, -0.851006, 0.474009]], [[0.66508, -0.220698, -0.713415], [0.700157, 0.516528, 0.492929], [0.25971, -0.82734, 0.498056]], [[0.66508, -0.220698, -0.713415], [0.700157, 0.516528, 0.492929], [0.25971, -0.82734, 0.498056]]], "btipPosition": [79.2411, 215.803, -13.3619], "carpPosition": [59.3003, 114.882, 59.9953], "dipPosition": [74.8396, 201.782, -4.921], "direction": [0.25971, 0.82734, -0.498056], "extended": true, "handId": 738, "id": 7384, "length": 49.6637, "mcpPosition": [61.9858, 156.285, 21.1365], "pipPosition": [69.8451, 185.871, 4.65702], "stabilizedTipPosition": [78.0872, 213.228, -10.5688], "timeVisible": 22.3389, "tipPosition": [78.0112, 207.847, -17.1933], "tipVelocity": [16.6898, -17.3452, -16.6626], "tool": false, "touchDistance": 0.128719, "touchZone": "hovering", "type": 4, "width": 16.4243}], "r": [[0.608572, -0.062409, -0.791041], [-0.549857, -0.751918, -0.363699], [-0.5721, 0.656296, -0.491912]], "s": 0.848318, "t": [-30.6496, 0.617167, -85.4319], "timestamp": 747108692057}, {"currentFrameRate": 112.217, "devices": [], "gestures": [], "hands": [{"armBasis": [[0.944377, -0.0979048, -0.313954], [0.182929, 0.949725, 0.254087], [0.273293, -0.297385, 0.914808]], "armWidth": 64.3496, "confidence": 1, "direction": [0.240863, 0.830231, -0.502693], "elbow": [-6.85953, 15.824, 328.427], "grabAngle": 0, "grabStrength": 0, "id": 738, "palmNormal": [0.421077, -0.556048, -0.716593], "palmPosition": [92.3303, 149.109, 44.3098], "palmVelocity": [9.61954, -15.965, -9.0654], "palmWidth": 89.2012, "pinchDistance": 43.2207, "pinchStrength": 0, "r": [[0.608023, -0.0622228, -0.791478], [-0.549569, -0.752451, -0.363031], [-0.57296, 0.655702, -0.491703]], "s": 0.848613, "sphereCenter": [31.1831, 236.635, 60.4597], "sphereRadius": 108.238, "stabilizedPalmPosition": [92.5919, 149.948, 45.2073], "t": [30.7014, 0.485089, -85.5229], "timeVisible": 22.3475, "type": "left", "wrist": [65.479, 94.5394, 86.2848]}], "id": 1336264, "interactionBox": {"center": [0, 200, 0], "size": [235.247, 235.247, 147.751]}, "pointables": [{"bases": [[[0.681502, 0.643627, 0.34828], [-0.421448, -0.043893, 0.90579], [0.598278, -0.76408, 0.241342]], [[0.686298, 0.637453, 0.350212], [-0.310655, -0.178464, 0.933619], [0.657638, -0.749536, 0.0755483]], [[0.686298, 0.637453, 0.350212], [-0.660676, 0.345031, 0.666679], [0.304143, -0.688917, 0.657944]], [[0.686298, 0.637453, 0.350212], [-0.726201, 0.627274, 0.281352], [-0.0403299, -0.447416, 0.893416]]], "btipPosition": [140.801, 169.711, 31.6433], "carpPosition": [99.3506, 99.6405, 77.9557], "dipPosition": [141.729, 159.415, 52.2019], "direction": [0.304143, 0.688917, -0.657944], "extended": false, "handId": 738, "id": 7380, "length": 51.2425, "mcpPosition": [99.3506, 99.6405, 77.9557], "pipPosition": [131.533, 136.32, 74.2587], "stabilizedTipPosition": [140.934, 167.847, 36.6264], "timeVisible": 22.3475, "tipPosition": [143.599, 166.111, 32.2305], "tipVelocity": [17.4518, -28.0535, -4.93993], "tool": false, "touchDistance": -0.305586, "touchZone": "touching", "type": 0, "width": 20.7127}, {"bases": [[[0.821604, 0.10088, -0.561062], [0.359416, 0.672277, 0.647196], [0.442479, -0.733394, 0.516088]], [[0.921133, -0.144516, -0.361427], [0.361633, 0.661229, 0.657265], [0.144001, -0.736133, 0.661342]], [[0.921133, -0.144516, -0.361427], [0.361633, 0.661229, 0.657265], [0.144001, -0.736133, 0.661342]], [[0.921133, -0.144516, -0.361427], [0.357579, 0.681023, 0.639018], [0.153792, -0.71786, 0.678989]]], "btipPosition": [130.893, 232.244, -9.68592], "carpPosition": [86.8915, 118.7, 82.5956], "dipPosition": [128.31, 220.184, 1.72048], "direction": [0.144001, 0.736133, -0.661341], "extended": true, "handId": 738, "id": 7381, "length": 57.8214, "mcpPosition": [118.805, 171.594, 45.3737], "pipPosition": [124.887, 202.69, 17.4373], "stabilizedTipPosition": [129.926, 230.26, -6.44771], "timeVisible": 22.3475, "tipPosition": [135.774, 228.011, -6.45765], "tipVelocity": [30.231, -29.044, -12.8742], "tool": false, "touchDistance": -0.311545, "touchZone": "touching", "type": 1, "width": 19.7848}, {"bases": [[[0.80044, -0.115226, -0.588233], [0.502771, 0.663389, 0.554199], [0.32637, -0.739349, 0.588936]], [[0.829905, -0.191083, -0.524162], [0.509802, 0.641379, 0.573354], [0.226628, -0.743048, 0.629698]], [[0.829905, -0.191083, -0.524162], [0.50693, 0.650614, 0.565441], [0.232981, -0.734975, 0.636813]], [[0.829905, -0.191083, -0.524162], [0.50693, 0.650614, 0.565441], [0.232981, -0.734975, 0.636813]]], "btipPosition": [120.618, 241.363, -23.0174], "carpPosition": [76.7362, 121.45, 76.6778], "dipPosition": [116.313, 227.783, -11.251], "direction": [0.232981, 0.734975, -0.636813], "extended": true, "handId": 738, "id": 7382, "length": 65.8828, "mcpPosition": [99.0587, 172.019, 36.3967], "pipPosition": [109.799, 207.233, 6.55399], "stabilizedTipPosition": [119.258, 238.747, -19.9298], "timeVisible": 22.3475, "tipPosition": [123.554, 235.18, -21.4301], "tipVelocity": [29.2076, -21.0831, -8.42831], "tool": false, "touchDistance": -0.308779, "touchZone": "touching", "type": 2, "width": 19.4313}, {"bases": [[[0.79955, -0.272451, -0.535248], [0.568822, 0.629555, 0.529247], [0.192774, -0.72762, 0.658336]], [[0.771167, -0.184557, -0.609295], [0.582831, 0.589728, 0.559042], [0.256144, -0.786231, 0.562344]], [[0.771167, -0.184557, -0.609295], [0.57314, 0.617906, 0.538241], [0.277151, -0.764285, 0.582285]], [[0.771167, -0.184557, -0.609295], [0.57314, 0.617906, 0.538241], [0.277151, -0.764285, 0.582285]]], "btipPosition": [102.693, 235.328, -22.0448], "carpPosition": [66.9621, 121.249, 69.6437], "dipPosition": [97.6014, 221.288, -11.3478], "direction": [0.277151, 0.764285, -0.582285], "extended": true, "handId": 738, "id": 7383, "length": 63.3481, "mcpPosition": [78.8, 165.931, 29.2162], "pipPosition": [90.0525, 200.471, 4.51217], "stabilizedTipPosition": [101.265, 232.462, -19.2483], "timeVisible": 22.3475, "tipPosition": [102.208, 228.849, -22.6556], "tipVelocity": [25.2426, -13.7508, -6.00909], "tool": false, "touchDistance": -0.305614, "touchZone": "touching", "type": 3, "width": 18.4901}, {"bases": [[[0.711437, -0.455084, -0.535495], [0.701038, 0.512742, 0.495623], [0.0490206, -0.728007, 0.683815]], [[0.665176, -0.219618, -0.713659], [0.711223, 0.477406, 0.51599], [0.227385, -0.850795, 0.473756]], [[0.665176, -0.219618, -0.713659], [0.699777, 0.516778, 0.493206], [0.260487, -0.827471, 0.497431]], [[0.665176, -0.219618, -0.713659], [0.699777, 0.516778, 0.493206], [0.260487, -0.827471, 0.497431]]], "btipPosition": [79.4235, 215.715, -13.4258], "carpPosition": [59.3076, 114.815, 59.9129], "dipPosition": [75.0088, 201.691, -4.99549], "direction": [0.260487, 0.827471, -0.497431], "extended": true, "handId": 738, "id": 7384, "length": 49.6637, "mcpPosition": [62.0941, 156.199, 21.0412], "pipPosition": [69.9995, 185.778, 4.57053], "stabilizedTipPosition": [78.1231, 213.145, -10.6715], "timeVisible": 22.3475, "tipPosition": [78.2416, 207.741, -17.2675], "tipVelocity": [20.7573, -10.2724, -7.67555], "tool": false, "touchDistance": 0.127613, "touchZone": "hovering", "type": 4, "width": 16.4243}], "r": [[0.608023, -0.0622228, -0.791478], [-0.549569, -0.752451, -0.363031], [-0.57296, 0.655702, -0.491703]], "s": 0.848613, "t": [-30.7014, 0.485089, -85.5229], "timestamp": 747108700700}, {"currentFrameRate": 112.312, "devices": [], "gestures": [], "hands": [{"armBasis": [[0.944309, -0.096213, -0.314682], [0.181536, 0.949929, 0.254321], [0.274456, -0.297283, 0.914492]], "armWidth": 64.3496, "confidence": 1, "direction": [0.242833, 0.829643, -0.502717], "elbow": [-7.18486, 15.8281, 328.243], "grabAngle": 0, "grabStrength": 0, "id": 738, "palmNormal": [0.420462, -0.557036, -0.716187], "palmPosition": [92.4472, 149.03, 44.219], "palmVelocity": [13.3762, -9.08859, -10.391], "palmWidth": 89.2012, "pinchDistance": 43.2379, "pinchStrength": 0, "r": [[0.607501, -0.0618704, -0.791906], [-0.54909, -0.75311, -0.362389], [-0.573971, 0.654979, -0.491487]], "s": 0.848944, "sphereCenter": [30.5449, 237.675, 61.176], "sphereRadius": 109.62, "stabilizedPalmPosition": [92.5815, 149.881, 45.1358], "t": [30.7858, 0.379337, -85.6138], "timeVisible": 22.3563, "type": "left", "wrist": [65.4615, 94.5166, 86.184]}], "id": 1336265, "interactionBox": {"center": [0, 200, 0], "size": [235.247, 235.247, 147.751]}, "pointables": [{"bases": [[[0.680468, 0.645045, 0.34768], [-0.420754, -0.0445194, 0.906082], [0.599942, -0.762847, 0.241111]], [[0.685222, 0.638951, 0.349588], [-0.309501, -0.179044, 0.933891], [0.659303, -0.748121, 0.0750707]], [[0.685222, 0.638951, 0.349588], [-0.660807, 0.343557, 0.66731], [0.306275, -0.688266, 0.657636]], [[0.685222, 0.638951, 0.349588], [-0.72731, 0.625731, 0.281925], [-0.0386117, -0.44744, 0.89348]]], "btipPosition": [140.99, 169.535, 31.6004], "carpPosition": [99.3476, 99.5549, 77.8806], "dipPosition": [141.879, 159.238, 52.1604], "direction": [0.306275, 0.688266, -0.657636], "extended": false, "handId": 738, "id": 7380, "length": 51.2425, "mcpPosition": [99.3476, 99.5549, 77.8806], "pipPosition": [131.611, 136.165, 74.207], "stabilizedTipPosition": [141.036, 167.581, 36.5102], "timeVisible": 22.3563, "tipPosition": [143.753, 165.93, 32.1785], "tipVelocity": [20.6398, -20.171, -4.86723], "tool": false, "touchDistance": -0.303998, "touchZone": "touching", "type": 0, "width": 20.7127}, {"bases": [[[0.821028, 0.102371, -0.561635], [0.358526, 0.673128, 0.646806], [0.444267, -0.732406, 0.515954]], [[0.921207, -0.14295, -0.36186], [0.360743, 0.662213, 0.656763], [0.145744, -0.735553, 0.661604]], [[0.921207, -0.14295, -0.36186], [0.360743, 0.662213, 0.656763], [0.145744, -0.735553, 0.661604]], [[0.921207, -0.14295, -0.36186], [0.35666, 0.681911, 0.638585], [0.155471, -0.71733, 0.679166]]], "btipPosition": [131.197, 232.065, -9.78428], "carpPosition": [86.9229, 118.64, 82.5079], "dipPosition": [128.585, 220.015, 1.62509], "direction": [0.145744, 0.735553, -0.661604], "extended": true, "handId": 738, "id": 7381, "length": 57.8214, "mcpPosition": [118.965, 171.463, 45.2956], "pipPosition": [125.121, 202.534, 17.3482], "stabilizedTipPosition": [130.127, 229.969, -6.66206], "timeVisible": 22.3563, "tipPosition": [136.072, 227.836, -6.53778], "tipVelocity": [34.0067, -20.1859, -11.1773], "tool": false, "touchDistance": -0.310189, "touchZone": "touching", "type": 1, "width": 19.7848}, {"bases": [[[0.800271, -0.113783, -0.588744], [0.501835, 0.664502, 0.553714], [0.328219, -0.738574, 0.588882]], [[0.829959, -0.189659, -0.524593], [0.509011, 0.642212, 0.573124], [0.228202, -0.742693, 0.629548]], [[0.829959, -0.189659, -0.524593], [0.50625, 0.651033, 0.565568], [0.234262, -0.734974, 0.636345]], [[0.829959, -0.189659, -0.524593], [0.50625, 0.651033, 0.565568], [0.234262, -0.734974, 0.636345]]], "btipPosition": [120.919, 241.251, -23.08], "carpPosition": [76.777, 121.408, 76.5827], "dipPosition": [116.591, 227.671, -11.3223], "direction": [0.234262, 0.734973, -0.636345], "extended": true, "handId": 738, "id": 7382, "length": 65.8828, "mcpPosition": [99.226, 171.924, 36.3053], "pipPosition": [110.041, 207.122, 6.46966], "stabilizedTipPosition": [119.482, 238.539, -20.0798], "timeVisible": 22.3563, "tipPosition": [123.868, 235.037, -21.5145], "tipVelocity": [33.8538, -12.7458, -7.38988], "tool": false, "touchDistance": -0.307204, "touchZone": "touching", "type": 2, "width": 19.4313}, {"bases": [[[0.799726, -0.270997, -0.535723], [0.567936, 0.630792, 0.528726], [0.194647, -0.727092, 0.658369]], [[0.771131, -0.183203, -0.609749], [0.582212, 0.590483, 0.558891], [0.257656, -0.785981, 0.562003]], [[0.771131, -0.183203, -0.609749], [0.572771, 0.617812, 0.538741], [0.278011, -0.764686, 0.581347]], [[0.771131, -0.183203, -0.609749], [0.572771, 0.617812, 0.538741], [0.278011, -0.764686, 0.581347]]], "btipPosition": [102.959, 235.279, -22.0906], "carpPosition": [67.0072, 121.225, 69.542], "dipPosition": [97.8514, 221.231, -11.4109], "direction": [0.278011, 0.764686, -0.581347], "extended": true, "handId": 738, "id": 7383, "length": 63.3481, "mcpPosition": [78.9602, 165.875, 29.1126], "pipPosition": [90.2791, 200.403, 4.42354], "stabilizedTipPosition": [101.427, 232.332, -19.369], "timeVisible": 22.3563, "tipPosition": [102.521, 228.757, -22.7365], "tipVelocity": [30.0003, -5.7891, -5.7002], "tool": false, "touchDistance": -0.304133, "touchZone": "touching", "type": 3, "width": 18.4901}, {"bases": [[[0.711973, -0.453803, -0.535871], [0.700359, 0.514231, 0.495039], [0.0509113, -0.727756, 0.683944]], [[0.665128, -0.218468, -0.714056], [0.710796, 0.478294, 0.515756], [0.228853, -0.850592, 0.473413]], [[0.665128, -0.218468, -0.714056], [0.699508, 0.51694, 0.493418], [0.261328, -0.827674, 0.496652]], [[0.665128, -0.218468, -0.714056], [0.699508, 0.51694, 0.493418], [0.261328, -0.827674, 0.496652]]], "btipPosition": [79.6515, 215.69, -13.4984], "carpPosition": [59.3466, 114.804, 59.8075], "dipPosition": [75.2226, 201.663, -5.08123], "direction": [0.261328, 0.827674, -0.496652], "extended": true, "handId": 738, "id": 7384, "length": 49.6637, "mcpPosition": [62.2406, 156.174, 20.9286], "pipPosition": [70.197, 185.746, 4.46979], "stabilizedTipPosition": [78.1875, 213.059, -10.7839], "timeVisible": 22.3563, "tipPosition": [78.5157, 207.7, -17.351], "tipVelocity": [25.7131, -2.9357, -8.64703], "tool": false, "touchDistance": 0.126354, "touchZone": "hovering", "type": 4, "width": 16.4243}], "r": [[0.607501, -0.0618704, -0.791906], [-0.54909, -0.75311, -0.362389], [-0.573971, 0.654979, -0.491487]], "s": 0.848944, "t": [-30.7858, 0.379337, -85.6138], "timestamp": 747108709439}, {"currentFrameRate": 112.47, "devices": [], "gestures": [], "hands": [{"armBasis": [[0.944091, -0.0947759, -0.315769], [0.180524, 0.950052, 0.254581], [0.275869, -0.297352, 0.914045]], "armWidth": 64.3496, "confidence": 1, "direction": [0.243987, 0.829008, -0.503206], "elbow": [-7.47766, 15.8332, 328.062], "grabAngle": 0, "grabStrength": 0, "id": 738, "palmNormal": [0.419557, -0.558047, -0.715929], "palmPosition": [92.6141, 148.998, 44.1336], "palmVelocity": [19.3666, -3.63806, -9.91429], "palmWidth": 89.2012, "pinchDistance": 43.2431, "pinchStrength": 0, "r": [[0.607121, -0.0614987, -0.792226], [-0.548477, -0.753837, -0.361805], [-0.574959, 0.654177, -0.491401]], "s": 0.84929, "sphereCenter": [29.6923, 238.982, 62.1315], "sphereRadius": 111.35, "stabilizedPalmPosition": [92.5839, 149.815, 45.0604], "t": [30.9114, 0.310788, -85.702], "timeVisible": 22.3649, "type": "left", "wrist": [65.5427, 94.5398, 86.1214]}], "id": 1336266, "interactionBox": {"center": [0, 200, 0], "size": [235.247, 235.247, 147.751]}, "pointables": [{"bases": [[[0.679479, 0.646233, 0.347406], [-0.420799, -0.0446341, 0.906055], [0.601029, -0.761834, 0.241607]], [[0.684343, 0.640019, 0.349358], [-0.309289, -0.179094, 0.933952], [0.660315, -0.747195, 0.075389]], [[0.684343, 0.640019, 0.349358], [-0.66117, 0.342644, 0.66742], [0.307456, -0.687729, 0.657647]], [[0.684343, 0.640019, 0.349358], [-0.728184, 0.624664, 0.282033], [-0.0377252, -0.447404, 0.893536]]], "btipPosition": [141.198, 169.448, 31.5243], "carpPosition": [99.4461, 99.5322, 77.8218], "dipPosition": [142.067, 159.152, 52.0856], "direction": [0.307456, 0.687729, -0.657647], "extended": false, "handId": 738, "id": 7380, "length": 51.2425, "mcpPosition": [99.4461, 99.5322, 77.8218], "pipPosition": [131.759, 136.097, 74.1325], "stabilizedTipPosition": [141.187, 167.372, 36.4035], "timeVisible": 22.3649, "tipPosition": [143.937, 165.82, 32.0871], "tipVelocity": [23.5997, -10.0598, -8.79828], "tool": false, "touchDistance": -0.303069, "touchZone": "touching", "type": 0, "width": 20.7127}, {"bases": [[[0.820946, 0.103263, -0.561591], [0.35746, 0.674011, 0.646477], [0.445276, -0.731468, 0.516414]], [[0.921483, -0.14191, -0.361567], [0.359727, 0.662919, 0.656609], [0.14651, -0.735119, 0.661917]], [[0.921483, -0.14191, -0.361567], [0.359727, 0.662919, 0.656609], [0.14651, -0.735119, 0.661917]], [[0.921483, -0.14191, -0.361567], [0.35565, 0.682482, 0.638539], [0.156148, -0.716994, 0.679366]]], "btipPosition": [131.459, 231.961, -9.9094], "carpPosition": [87.05, 118.638, 82.44], "dipPosition": [128.835, 219.917, 1.50333], "direction": [0.14651, 0.735119, -0.661917], "extended": true, "handId": 738, "id": 7381, "length": 57.8214, "mcpPosition": [119.165, 171.393, 45.1945], "pipPosition": [125.354, 202.446, 17.2339], "stabilizedTipPosition": [130.362, 229.719, -6.8624], "timeVisible": 22.3649, "tipPosition": [136.339, 227.715, -6.6732], "tipVelocity": [30.074, -11.9103, -14.4316], "tool": false, "touchDistance": -0.309368, "touchZone": "touching", "type": 1, "width": 19.7848}, {"bases": [[[0.800509, -0.112936, -0.588583], [0.500793, 0.665543, 0.553407], [0.329228, -0.737766, 0.589331]], [[0.830313, -0.188771, -0.524352], [0.50816, 0.642749, 0.573277], [0.228809, -0.742455, 0.629609]], [[0.830313, -0.188771, -0.524352], [0.505507, 0.651208, 0.566031], [0.234612, -0.735047, 0.636131]], [[0.830313, -0.188771, -0.524352], [0.505507, 0.651208, 0.566031], [0.234612, -0.735047, 0.636131]]], "btipPosition": [121.164, 241.198, -23.1718], "carpPosition": [76.9074, 121.418, 76.5145], "dipPosition": [116.829, 227.617, -11.4181], "direction": [0.234612, 0.735047, -0.636131], "extended": true, "handId": 738, "id": 7382, "length": 65.8828, "mcpPosition": [99.4254, 171.878, 36.2064], "pipPosition": [110.269, 207.065, 6.36787], "stabilizedTipPosition": [119.73, 238.371, -20.2205], "timeVisible": 22.3649, "tipPosition": [124.131, 234.941, -21.6448], "tipVelocity": [28.2013, -6.25314, -10.7674], "tool": false, "touchDistance": -0.306208, "touchZone": "touching", "type": 2, "width": 19.4313}, {"bases": [[[0.800188, -0.270121, -0.535475], [0.566946, 0.631915, 0.528446], [0.195631, -0.726442, 0.658795]], [[0.771482, -0.182434, -0.609535], [0.581513, 0.590926, 0.55915], [0.258183, -0.785827, 0.561977]], [[0.771482, -0.182434, -0.609535], [0.572287, 0.617609, 0.539487], [0.278034, -0.765034, 0.580879]], [[0.771482, -0.182434, -0.609535], [0.572287, 0.617609, 0.539487], [0.278034, -0.765034, 0.580879]]], "btipPosition": [103.173, 235.268, -22.1612], "carpPosition": [67.1365, 121.245, 69.4751], "dipPosition": [98.0649, 221.214, -11.4901], "direction": [0.278034, 0.765034, -0.580879], "extended": true, "handId": 738, "id": 7383, "length": 63.3481, "mcpPosition": [79.1499, 165.855, 29.0195], "pipPosition": [90.4919, 200.377, 4.33159], "stabilizedTipPosition": [101.623, 232.231, -19.4847], "timeVisible": 22.3649, "tipPosition": [102.791, 228.699, -22.8438], "tipVelocity": [24.8095, -1.43378, -8.42229], "tool": false, "touchDistance": -0.303141, "touchZone": "touching", "type": 3, "width": 18.4901}, {"bases": [[[0.712703, -0.453056, -0.535532], [0.699544, 0.51553, 0.49484], [0.0518931, -0.727302, 0.684353]], [[0.665535, -0.217889, -0.713854], [0.710239, 0.47885, 0.516007], [0.229397, -0.850428, 0.473444]], [[0.665535, -0.217889, -0.713854], [0.699105, 0.516926, 0.494004], [0.261372, -0.827836, 0.49636]], [[0.665535, -0.217889, -0.713854], [0.699105, 0.516926, 0.494004], [0.261372, -0.827836, 0.49636]]], "btipPosition": [79.8465, 215.69, -13.5746], "carpPosition": [59.4653, 114.83, 59.7451], "dipPosition": [75.4168, 201.66, -5.16239], "direction": [0.261372, 0.827836, -0.496359], "extended": true, "handId": 738, "id": 7384, "length": 49.6637, "mcpPosition": [62.4151, 156.174, 20.8429], "pipPosition": [70.3904, 185.74, 4.38301], "stabilizedTipPosition": [78.2729, 212.98, -10.8981], "timeVisible": 22.3649, "tipPosition": [78.7613, 207.681, -17.4353], "tipVelocity": [22.6097, -0.0566963, -8.97734], "tool": false, "touchDistance": 0.125065, "touchZone": "hovering", "type": 4, "width": 16.4243}], "r": [[0.607121, -0.0614987, -0.792226], [-0.548477, -0.753837, -0.361805], [-0.574959, 0.654177, -0.491401]], "s": 0.84929, "t": [-30.9114, 0.310788, -85.702], "timestamp": 747108718055}, {"currentFrameRate": 112.421, "devices": [], "gestures": [], "hands": [{"armBasis": [[0.944183, -0.09196, -0.316326], [0.178151, 0.950253, 0.255501], [0.277094, -0.297594, 0.913596]], "armWidth": 64.3496, "confidence": 1, "direction": [0.245624, 0.828709, -0.502903], "elbow": [-7.76262, 15.7618, 327.873], "grabAngle": 0, "grabStrength": 0, "id": 738, "palmNormal": [0.417668, -0.558644, -0.716568], "palmPosition": [92.767, 148.953, 44.0828], "palmVelocity": [17.0271, -5.09489, -5.6512], "palmWidth": 89.2012, "pinchDistance": 43.2353, "pinchStrength": 0, "r": [[0.606964, -0.0608144, -0.792399], [-0.547565, -0.754642, -0.361509], [-0.575993, 0.653313, -0.49134]], "s": 0.84959, "sphereCenter": [28.7865, 240.413, 63.3344], "sphereRadius": 113.246, "stabilizedPalmPosition": [92.5997, 149.741, 44.9762], "t": [31.0507, 0.253638, -85.7715], "timeVisible": 22.3739, "type": "left", "wrist": [65.582, 94.5324, 86.052]}], "id": 1336267, "interactionBox": {"center": [0, 200, 0], "size": [235.247, 235.247, 147.751]}, "pointables": [{"bases": [[[0.677649, 0.647677, 0.34829], [-0.421364, -0.0461867, 0.905715], [0.602697, -0.760514, 0.24161]], [[0.682843, 0.641067, 0.350369], [-0.309569, -0.180501, 0.933588], [0.661734, -0.745957, 0.0752012]], [[0.682843, 0.641067, 0.350369], [-0.662126, 0.340389, 0.667626], [0.308731, -0.687872, 0.656899]], [[0.682843, 0.641067, 0.350369], [-0.729627, 0.622715, 0.282613], [-0.0370063, -0.448619, 0.892957]]], "btipPosition": [141.385, 169.338, 31.4871], "carpPosition": [99.504, 99.4502, 77.737], "dipPosition": [142.237, 159.015, 52.0351], "direction": [0.308731, 0.687872, -0.656899], "extended": false, "handId": 738, "id": 7380, "length": 51.2425, "mcpPosition": [99.504, 99.4502, 77.737], "pipPosition": [131.887, 135.955, 74.0569], "stabilizedTipPosition": [141.373, 167.18, 36.3137], "timeVisible": 22.3739, "tipPosition": [144.112, 165.662, 32.0238], "tipVelocity": [20.3614, -12.9401, -4.48314], "tool": false, "touchDistance": -0.301699, "touchZone": "touching", "type": 0, "width": 20.7127}, {"bases": [[[0.821111, 0.105585, -0.560918], [0.355341, 0.674497, 0.647137], [0.446666, -0.730688, 0.516318]], [[0.92215, -0.139726, -0.360716], [0.357702, 0.663011, 0.657622], [0.147271, -0.735455, 0.661376]], [[0.92215, -0.139726, -0.360716], [0.357702, 0.663