{"frames": 77, "data": [{"currentFrameRate": 115.295, "devices": [], "gestures": [], "hands": [{"armBasis": [[0.976907, -0.176551, -0.120342], [0.205502, 0.622198, 0.755406], [-0.0584908, -0.762692, 0.644112]], "armWidth": 64.3496, "confidence": 1, "direction": [-0.180077, 0.92692, -0.329227], "elbow": [-74.2432, -123.604, 244.433], "grabAngle": 0, "grabStrength": 0, "id": 737, "palmNormal": [0.150128, -0.304879, -0.940484], "palmPosition": [-93.9294, 145.901, 42.6675], "palmVelocity": [-2.48176, -9.32155, -8.60225], "palmWidth": 89.2012, "pinchDistance": 56.4673, "pinchStrength": 0, "r": [[0.973316, 0.11649, 0.197702], [-0.0881858, 0.985287, -0.146401], [-0.211848, 0.125059, 0.969268]], "s": 1.22257, "sphereCenter": [-159.192, 258.412, 201.782], "sphereRadius": 204.028, "stabilizedPalmPosition": [-93.5471, 148.839, 44.78], "t": [-19.8651, -24.2316, -82.2789], "timeVisible": 1.37875, "type": "left", "wrist": [-89.7253, 78.2743, 73.9416]}], "id": 1332596, "interactionBox": {"center": [0, 200, 0], "size": [235.247, 235.247, 147.751]}, "pointables": [{"bases": [[[0.560599, 0.365526, 0.743047], [-0.785501, -0.0493207, 0.616891], [0.262137, -0.929494, 0.259472]], [[0.532007, 0.455433, 0.713828], [-0.787698, -0.0430883, 0.614552], [0.310645, -0.889227, 0.33582]], [[0.532007, 0.455433, 0.713828], [-0.845566, 0.33014, 0.419555], [-0.0445846, -0.826794, 0.560735]], [[0.532007, 0.455433, 0.713828], [-0.785841, 0.579501, 0.215946], [-0.315315, -0.67584, 0.666196]]], "btipPosition": [-56.4832, 183.049, 6.38962], "carpPosition": [-62.9346, 96.2641, 56.9514], "dipPosition": [-49.2274, 167.497, 21.7196], "direction": [-0.0445846, 0.826794, -0.560735], "extended": false, "handId": 737, "id": 7370, "length": 51.2425, "mcpPosition": [-62.9346, 96.2641, 56.9514], "pipPosition": [-47.7328, 139.78, 40.5176], "stabilizedTipPosition": [-52.628, 180.481, 12.1691], "timeVisible": 1.37875, "tipPosition": [-52.9057, 177.789, 8.45888], "tipVelocity": [0.807211, -15.4651, -9.79837], "tool": false, "touchDistance": -0.256637, "touchZone": "touching", "type": 0, "width": 20.7127}, {"bases": [[[0.988563, -0.060048, -0.138337], [0.150588, 0.442503, 0.884033], [0.00813006, -0.894754, 0.446485]], [[0.973097, -0.224074, -0.0535987], [0.133234, 0.357494, 0.924363], [-0.187965, -0.906636, 0.377731]], [[0.973097, -0.224074, -0.0535987], [0.141864, 0.399428, 0.905722], [-0.18154, -0.888959, 0.420471]], [[0.973097, -0.224074, -0.0535987], [0.160685, 0.493324, 0.854875], [-0.165114, -0.840489, 0.516058]]], "btipPosition": [-89.8295, 248.178, 4.03973], "carpPosition": [-75.3878, 110.102, 70.8596], "dipPosition": [-87.0558, 234.059, 12.709], "direction": [-0.18154, 0.888959, -0.420471], "extended": true, "handId": 737, "id": 7371, "length": 57.8214, "mcpPosition": [-74.8014, 174.635, 38.6577], "pipPosition": [-82.7414, 212.933, 22.7016], "stabilizedTipPosition": [-86.1493, 247.231, 7.46194], "timeVisible": 1.37875, "tipPosition": [-89.3039, 244.866, 6.89462], "tipVelocity": [2.82331, -4.54613, 3.44457], "tool": false, "touchDistance": 0.129947, "touchZone": "hovering", "type": 1, "width": 19.7848}, {"bases": [[[0.94032, -0.254931, -0.225409], [0.31569, 0.406229, 0.857507], [-0.127037, -0.87749, 0.462465]], [[0.929232, -0.315232, -0.19276], [0.298485, 0.33291, 0.894471], [-0.217794, -0.888707, 0.403443]], [[0.929232, -0.315232, -0.19276], [0.298485, 0.33291, 0.894471], [-0.217794, -0.888707, 0.403443]], [[0.929232, -0.315232, -0.19276], [0.305479, 0.361926, 0.880734], [-0.207871, -0.87729, 0.43261]]], "btipPosition": [-116.38, 253.832, 0.400857], "carpPosition": [-87.4392, 110.64, 70.4251], "dipPosition": [-112.539, 237.623, 8.39414], "direction": [-0.217794, 0.888707, -0.403443], "extended": true, "handId": 737, "id": 7372, "length": 65.8828, "mcpPosition": [-96.1281, 170.657, 38.7942], "pipPosition": [-106.45, 212.775, 19.6742], "stabilizedTipPosition": [-111.677, 253.297, 3.13446], "timeVisible": 1.37875, "tipPosition": [-115.342, 249.776, 2.46133], "tipVelocity": [6.19524, -6.18626, -7.31579], "tool": false, "touchDistance": 0.140553, "touchZone": "hovering", "type": 2, "width": 19.4313}, {"bases": [[[0.884885, -0.411175, -0.218893], [0.377855, 0.358798, 0.853516], [-0.272406, -0.837973, 0.472859]], [[0.893914, -0.381463, -0.235381], [0.355287, 0.282816, 0.890947], [-0.273294, -0.880058, 0.388341]], [[0.893914, -0.381463, -0.235381], [0.355287, 0.282816, 0.890947], [-0.273294, -0.880058, 0.388341]], [[0.893914, -0.381463, -0.235381], [0.364539, 0.313129, 0.876962], [-0.260824, -0.869734, 0.418968]]], "btipPosition": [-140.059, 238.717, 3.73691], "carpPosition": [-99.0892, 108.649, 68.1087], "dipPosition": [-135.267, 222.74, 11.4336], "direction": [-0.273294, 0.880058, -0.388341], "extended": true, "handId": 737, "id": 7373, "length": 63.3481, "mcpPosition": [-115.817, 160.108, 39.0711], "pipPosition": [-127.823, 198.769, 22.0111], "stabilizedTipPosition": [-134.943, 239.153, 7.87312], "timeVisible": 1.37875, "tipPosition": [-138.503, 234.709, 5.47516], "tipVelocity": [4.43196, -6.44422, -12.5252], "tool": false, "touchDistance": 0.167945, "touchZone": "hovering", "type": 3, "width": 18.4901}, {"bases": [[[0.772731, -0.558992, -0.30069], [0.485326, 0.215025, 0.84748], [-0.409078, -0.800807, 0.43745]], [[0.813147, -0.467227, -0.347118], [0.451375, 0.12965, 0.882866], [-0.367495, -0.87458, 0.316319]], [[0.813147, -0.467227, -0.347118], [0.482524, 0.207589, 0.850927], [-0.325518, -0.859422, 0.394248]], [[0.813147, -0.467227, -0.347118], [0.498988, 0.252535, 0.828998], [-0.29967, -0.847305, 0.438488]]], "btipPosition": [-156.271, 208.556, 10.1137], "carpPosition": [-108.901, 101.74, 60.991], "dipPosition": [-151.192, 194.196, 17.5451], "direction": [-0.325518, 0.859422, -0.394248], "extended": true, "handId": 737, "id": 7374, "length": 49.6637, "mcpPosition": [-132.156, 147.263, 36.124], "pipPosition": [-144.932, 177.668, 25.1268], "stabilizedTipPosition": [-152.373, 209.596, 15.5582], "timeVisible": 1.37875, "tipPosition": [-155.338, 205.186, 13.4696], "tipVelocity": [4.69765, -5.56181, -15.3044], "tool": false, "touchDistance": 0.153234, "touchZone": "hovering", "type": 4, "width": 16.4243}], "r": [[0.973316, 0.11649, 0.197702], [-0.0881858, 0.985287, -0.146401], [-0.211848, 0.125059, 0.969268]], "s": 1.22257, "t": [19.8651, -24.2316, -82.2789], "timestamp": 747076336952}, {"currentFrameRate": 115.279, "devices": [], "gestures": [], "hands": [{"armBasis": [[0.976602, -0.177987, -0.120706], [0.206549, 0.619992, 0.756933], [-0.0598878, -0.764153, 0.642248]], "armWidth": 64.3496, "confidence": 1, "direction": [-0.179482, 0.927176, -0.328831], "elbow": [-73.9038, -124.12, 243.804], "grabAngle": 0, "grabStrength": 0, "id": 737, "palmNormal": [0.151747, -0.304166, -0.940455], "palmPosition": [-93.9305, 145.801, 42.594], "palmVelocity": [-0.13032, -11.3888, -8.45373], "palmWidth": 89.2012, "pinchDistance": 56.4844, "pinchStrength": 0, "r": [[0.973478, 0.116567, 0.196858], [-0.0882691, 0.985208, -0.146879], [-0.211067, 0.125607, 0.969368]], "s": 1.22266, "sphereCenter": [-159.375, 258.672, 202.724], "sphereRadius": 205.045, "stabilizedPalmPosition": [-93.5498, 148.818, 44.7644], "t": [-19.8897, -24.3207, -82.3545], "timeVisible": 1.38745, "type": "left", "wrist": [-89.7556, 78.1451, 73.8063]}], "id": 1332597, "interactionBox": {"center": [0, 200, 0], "size": [235.247, 235.247, 147.751]}, "pointables": [{"bases": [[[0.561874, 0.364974, 0.742355], [-0.784432, -0.0498132, 0.618212], [0.26261, -0.929684, 0.258309]], [[0.533121, 0.455206, 0.713141], [-0.786909, -0.0427939, 0.615583], [0.310735, -0.889357, 0.335391]], [[0.533121, 0.455206, 0.713141], [-0.844906, 0.330068, 0.420938], [-0.043772, -0.826948, 0.560573]], [[0.533121, 0.455206, 0.713141], [-0.785436, 0.579576, 0.217216], [-0.314441, -0.675929, 0.666519]]], "btipPosition": [-56.4586, 182.951, 6.3508], "carpPosition": [-62.9618, 96.1533, 56.8935], "dipPosition": [-49.223, 167.398, 21.6882], "direction": [-0.0437719, 0.826948, -0.560573], "extended": false, "handId": 737, "id": 7370, "length": 51.2425, "mcpPosition": [-62.9618, 96.1533, 56.8935], "pipPosition": [-47.7556, 139.675, 40.4807], "stabilizedTipPosition": [-52.6965, 180.446, 12.0966], "timeVisible": 1.38745, "tipPosition": [-52.8561, 177.723, 8.48729], "tipVelocity": [2.29209, -11.2329, -4.26454], "tool": false, "touchDistance": -0.257255, "touchZone": "touching", "type": 0, "width": 20.7127}, {"bases": [[[0.988324, -0.0599149, -0.140093], [0.152106, 0.441833, 0.884108], [0.00892633, -0.895094, 0.445787]], [[0.972987, -0.224115, -0.0553955], [0.134575, 0.355648, 0.924881], [-0.187578, -0.907352, 0.376201]], [[0.972987, -0.224115, -0.0553955], [0.143129, 0.397339, 0.906441], [-0.181136, -0.889884, 0.418683]], [[0.972987, -0.224115, -0.0553955], [0.161901, 0.491364, 0.855774], [-0.164572, -0.841626, 0.514375]]], "btipPosition": [-89.7879, 248.153, 4.15659], "carpPosition": [-75.4387, 109.981, 70.7908], "dipPosition": [-87.0233, 234.014, 12.7976], "direction": [-0.181136, 0.889884, -0.418683], "extended": true, "handId": 737, "id": 7371, "length": 57.8214, "mcpPosition": [-74.7949, 174.538, 38.6391], "pipPosition": [-82.7186, 212.866, 22.7477], "stabilizedTipPosition": [-86.1962, 247.195, 7.44135], "timeVisible": 1.38745, "tipPosition": [-89.2399, 244.795, 6.89902], "tipVelocity": [4.53922, -3.40445, 12.682], "tool": false, "touchDistance": 0.131786, "touchZone": "hovering", "type": 1, "width": 19.7848}, {"bases": [[[0.939935, -0.254732, -0.22723], [0.317163, 0.405584, 0.857269], [-0.126213, -0.877846, 0.462014]], [[0.928951, -0.314854, -0.194722], [0.299875, 0.331543, 0.894513], [-0.217082, -0.889352, 0.402404]], [[0.928951, -0.314854, -0.194722], [0.299875, 0.331543, 0.894513], [-0.217082, -0.889352, 0.402404]], [[0.928951, -0.314854, -0.194722], [0.306915, 0.360881, 0.880663], [-0.207008, -0.877856, 0.431874]]], "btipPosition": [-116.304, 253.795, 0.434227], "carpPosition": [-87.4893, 110.52, 70.3359], "dipPosition": [-112.479, 237.575, 8.41392], "direction": [-0.217082, 0.889352, -0.402404], "extended": true, "handId": 737, "id": 7372, "length": 65.8828, "mcpPosition": [-96.1219, 170.561, 38.7358], "pipPosition": [-106.41, 212.709, 19.665], "stabilizedTipPosition": [-111.757, 253.227, 3.11592], "timeVisible": 1.38745, "tipPosition": [-115.272, 249.71, 2.42931], "tipVelocity": [8.2919, -4.53362, 3.47569], "tool": false, "touchDistance": 0.141057, "touchZone": "hovering", "type": 2, "width": 19.4313}, {"bases": [[[0.884515, -0.410983, -0.220738], [0.379321, 0.358157, 0.853135], [-0.271565, -0.838341, 0.47269]], [[0.893572, -0.381059, -0.237327], [0.356648, 0.281524, 0.890812], [-0.272639, -0.880646, 0.387466]], [[0.893572, -0.381059, -0.237327], [0.356648, 0.281524, 0.890812], [-0.272639, -0.880646, 0.387466]], [[0.893572, -0.381059, -0.237327], [0.36585, 0.311764, 0.876902], [-0.260161, -0.870401, 0.417994]]], "btipPosition": [-139.994, 238.676, 3.71651], "carpPosition": [-99.1354, 108.531, 67.9977], "dipPosition": [-135.215, 222.686, 11.3953], "direction": [-0.272639, 0.880646, -0.387466], "extended": true, "handId": 737, "id": 7373, "length": 63.3481, "mcpPosition": [-115.812, 160.012, 38.9705], "pipPosition": [-127.789, 198.699, 21.949], "stabilizedTipPosition": [-135.012, 239.08, 7.83134], "timeVisible": 1.38745, "tipPosition": [-138.439, 234.641, 5.39268], "tipVelocity": [7.06563, -5.10469, -2.8175], "tool": false, "touchDistance": 0.167537, "touchZone": "hovering", "type": 3, "width": 18.4901}, {"bases": [[[0.772225, -0.558741, -0.302453], [0.486786, 0.214392, 0.846803], [-0.4083, -0.801152, 0.437546]], [[0.812773, -0.466362, -0.349151], [0.452913, 0.128863, 0.882193], [-0.366429, -0.875157, 0.315958]], [[0.812773, -0.466362, -0.349151], [0.483724, 0.206231, 0.850576], [-0.324671, -0.860218, 0.39321]], [[0.812773, -0.466362, -0.349151], [0.500076, 0.251035, 0.828797], [-0.298871, -0.848226, 0.437251]]], "btipPosition": [-156.194, 208.514, 10.0285], "carpPosition": [-108.935, 101.628, 60.8578], "dipPosition": [-151.128, 194.138, 17.4389], "direction": [-0.324671, 0.860218, -0.39321], "extended": true, "handId": 737, "id": 7374, "length": 49.6637, "mcpPosition": [-132.145, 147.17, 35.9854], "pipPosition": [-144.885, 177.595, 25.0007], "stabilizedTipPosition": [-152.41, 209.534, 15.5044], "timeVisible": 1.38745, "tipPosition": [-155.286, 205.111, 13.3291], "tipVelocity": [8.51002, -5.24655, -10.3436], "tool": false, "touchDistance": 0.151734, "touchZone": "hovering", "type": 4, "width": 16.4243}], "r": [[0.973478, 0.116567, 0.196858], [-0.0882691, 0.985208, -0.146879], [-0.211067, 0.125607, 0.969368]], "s": 1.22266, "t": [19.8897, -24.3207, -82.3545], "timestamp": 747076345654}, {"currentFrameRate": 115.281, "devices": [], "gestures": [], "hands": [{"armBasis": [[0.976342, -0.179221, -0.120981], [0.207386, 0.617711, 0.758567], [-0.0612198, -0.765711, 0.640265]], "armWidth": 64.3496, "confidence": 1, "direction": [-0.178247, 0.927299, -0.329158], "elbow": [-73.6254, -124.628, 243.229], "grabAngle": 0, "grabStrength": 0, "id": 737, "palmNormal": [0.153499, -0.304216, -0.940155], "palmPosition": [-93.9324, 145.72, 42.5634], "palmVelocity": [-0.211425, -9.36252, -3.52936], "palmWidth": 89.2012, "pinchDistance": 56.4892, "pinchStrength": 0, "r": [[0.973674, 0.116743, 0.195783], [-0.0885153, 0.985136, -0.147216], [-0.210059, 0.126011, 0.969534]], "s": 1.22269, "sphereCenter": [-159.532, 259.099, 203.614], "sphereRadius": 206.059, "stabilizedPalmPosition": [-93.5526, 148.795, 44.7481], "t": [-19.9029, -24.4059, -82.4076], "timeVisible": 1.39612, "type": "left", "wrist": [-89.8297, 78.0499, 73.7555]}], "id": 1332598, "interactionBox": {"center": [0, 200, 0], "size": [235.247, 235.247, 147.751]}, "pointables": [{"bases": [[[0.563181, 0.36528, 0.741213], [-0.783127, -0.0503128, 0.619823], [0.263701, -0.929537, 0.257726]], [[0.53423, 0.455728, 0.711976], [-0.785932, -0.0423919, 0.616857], [0.311301, -0.889109, 0.335525]], [[0.53423, 0.455728, 0.711976], [-0.844263, 0.330119, 0.422186], [-0.0426345, -0.82664, 0.561114]], [[0.53423, 0.455728, 0.711976], [-0.785108, 0.579712, 0.218037], [-0.313375, -0.67546, 0.667495]]], "btipPosition": [-56.4295, 182.818, 6.33454], "carpPosition": [-63.023, 96.0528, 56.9244], "dipPosition": [-49.2184, 167.275, 21.6944], "direction": [-0.0426345, 0.82664, -0.561114], "extended": false, "handId": 737, "id": 7370, "length": 51.2425, "mcpPosition": [-63.023, 96.0528, 56.9244], "pipPosition": [-47.7891, 139.562, 40.5051], "stabilizedTipPosition": [-52.7679, 180.404, 12.0199], "timeVisible": 1.39612, "tipPosition": [-52.7809, 177.629, 8.55086], "tipVelocity": [2.70675, -15.1336, -1.27889], "tool": false, "touchDistance": -0.25744, "touchZone": "touching", "type": 0, "width": 20.7127}, {"bases": [[[0.988069, -0.0593133, -0.142129], [0.153659, 0.441885, 0.883813], [0.010383, -0.895108, 0.445728]], [[0.973022, -0.223445, -0.0574516], [0.13602, 0.354452, 0.925128], [-0.186351, -0.907985, 0.375282]], [[0.973022, -0.223445, -0.0574516], [0.14446, 0.3959, 0.90686], [-0.179888, -0.890694, 0.417499]], [[0.973022, -0.223445, -0.0574516], [0.16313, 0.490233, 0.856189], [-0.163146, -0.842463, 0.513458]]], "btipPosition": [-89.6589, 248.121, 4.24903], "carpPosition": [-75.5202, 109.887, 70.7966], "dipPosition": [-86.9182, 233.968, 12.8747], "direction": [-0.179888, 0.890694, -0.417499], "extended": true, "handId": 737, "id": 7371, "length": 57.8214, "mcpPosition": [-74.7713, 174.445, 38.6492], "pipPosition": [-82.6432, 212.8, 22.7966], "stabilizedTipPosition": [-86.2371, 247.161, 7.42388], "timeVisible": 1.39612, "tipPosition": [-89.108, 244.713, 6.87766], "tipVelocity": [14.2419, -4.12256, 10.2525], "tool": false, "touchDistance": 0.133268, "touchZone": "hovering", "type": 1, "width": 19.7848}, {"bases": [[[0.939619, -0.254156, -0.229176], [0.318682, 0.405737, 0.856632], [-0.124733, -0.877942, 0.462233]], [[0.928802, -0.313993, -0.196811], [0.301362, 0.33093, 0.894241], [-0.215655, -0.889884, 0.401994]], [[0.928802, -0.313993, -0.196811], [0.301362, 0.33093, 0.894241], [-0.215655, -0.889884, 0.401994]], [[0.928802, -0.313993, -0.196811], [0.308427, 0.360599, 0.880251], [-0.205423, -0.878281, 0.431769]]], "btipPosition": [-116.146, 253.764, 0.433068], "carpPosition": [-87.5695, 110.433, 70.3169], "dipPosition": [-112.351, 237.536, 8.41082], "direction": [-0.215655, 0.889884, -0.401994], "extended": true, "handId": 737, "id": 7372, "length": 65.8828, "mcpPosition": [-96.1008, 170.481, 38.7018], "pipPosition": [-106.321, 212.655, 19.6504], "stabilizedTipPosition": [-111.834, 253.158, 3.0974], "timeVisible": 1.39612, "tipPosition": [-115.129, 249.645, 2.35909], "tipVelocity": [17.429, -3.86859, -0.185261], "tool": false, "touchDistance": 0.14103, "touchZone": "hovering", "type": 2, "width": 19.4313}, {"bases": [[[0.884307, -0.410441, -0.222576], [0.380861, 0.358348, 0.852368], [-0.270087, -0.838525, 0.473211]], [[0.893389, -0.380228, -0.239337], [0.358122, 0.280988, 0.89039], [-0.271301, -0.881177, 0.387199]], [[0.893389, -0.380228, -0.239337], [0.358122, 0.280988, 0.89039], [-0.271301, -0.881177, 0.387199]], [[0.893389, -0.380228, -0.239337], [0.367244, 0.311138, 0.876542], [-0.258819, -0.870988, 0.417603]]], "btipPosition": [-139.86, 238.656, 3.66768], "carpPosition": [-99.2119, 108.452, 67.9547], "dipPosition": [-135.105, 222.656, 11.3393], "direction": [-0.271301, 0.881177, -0.387199], "extended": true, "handId": 737, "id": 7373, "length": 63.3481, "mcpPosition": [-115.798, 159.944, 38.8955], "pipPosition": [-127.716, 198.655, 21.8857], "stabilizedTipPosition": [-135.078, 239.008, 7.78928], "timeVisible": 1.39612, "tipPosition": [-138.313, 234.59, 5.27534], "tipVelocity": [14.8105, -2.5133, -5.8213], "tool": false, "touchDistance": 0.166695, "touchZone": "hovering", "type": 3, "width": 18.4901}, {"bases": [[[0.771937, -0.558262, -0.304067], [0.488399, 0.214648, 0.845809], [-0.406915, -0.801417, 0.438349]], [[0.812537, -0.465309, -0.3511], [0.454616, 0.128866, 0.881316], [-0.36484, -0.875717, 0.316245]], [[0.812537, -0.465309, -0.3511], [0.484954, 0.205416, 0.850073], [-0.323425, -0.860983, 0.392561]], [[0.812537, -0.465309, -0.3511], [0.501155, 0.250021, 0.828452], [-0.297704, -0.849104, 0.436343]]], "btipPosition": [-156.082, 208.505, 9.9372], "carpPosition": [-109.001, 101.555, 60.7943], "dipPosition": [-151.037, 194.114, 17.3322], "direction": [-0.323425, 0.860983, -0.392561], "extended": true, "handId": 737, "id": 7374, "length": 49.6637, "mcpPosition": [-132.133, 147.112, 35.8762], "pipPosition": [-144.817, 177.557, 24.8815], "stabilizedTipPosition": [-152.442, 209.48, 15.4564], "timeVisible": 1.39612, "tipPosition": [-155.191, 205.068, 13.1681], "tipVelocity": [12.3524, -1.4112, -10.9379], "tool": false, "touchDistance": 0.150153, "touchZone": "hovering", "type": 4, "width": 16.4243}], "r": [[0.973674, 0.116743, 0.195783], [-0.0885153, 0.985136, -0.147216], [-0.210059, 0.126011, 0.969534]], "s": 1.22269, "t": [19.9029, -24.4059, -82.4076], "timestamp": 747076354325}, {"currentFrameRate": 115.294, "devices": [], "gestures": [], "hands": [{"armBasis": [[0.976313, -0.17938, -0.12098], [0.207313, 0.615539, 0.760351], [-0.0619239, -0.767421, 0.638146]], "armWidth": 64.3496, "confidence": 1, "direction": [-0.177464, 0.92735, -0.329437], "elbow": [-73.4821, -125.167, 242.617], "grabAngle": 0, "grabStrength": 0, "id": 737, "palmNormal": [0.154098, -0.304437, -0.939985], "palmPosition": [-93.9295, 145.645, 42.5272], "palmVelocity": [0.329798, -8.69994, -4.18337], "palmWidth": 89.2012, "pinchDistance": 56.5008, "pinchStrength": 0, "r": [[0.973848, 0.116997, 0.19476], [-0.0888458, 0.985064, -0.1475], [-0.209108, 0.126339, 0.969697]], "s": 1.22273, "sphereCenter": [-159.504, 259.518, 204.479], "sphereRadius": 206.996, "stabilizedPalmPosition": [-93.5554, 148.771, 44.7317], "t": [-19.9081, -24.4861, -82.4523], "timeVisible": 1.40478, "type": "left", "wrist": [-89.8729, 77.9634, 73.7046]}], "id": 1332599, "interactionBox": {"center": [0, 200, 0], "size": [235.247, 235.247, 147.751]}, "pointables": [{"bases": [[[0.563584, 0.365699, 0.740701], [-0.782593, -0.0506573, 0.620469], [0.264427, -0.929353, 0.257644]], [[0.534484, 0.456336, 0.711396], [-0.785657, -0.0420231, 0.617233], [0.311561, -0.888815, 0.336063]], [[0.534484, 0.456336, 0.711396], [-0.844138, 0.329983, 0.422542], [-0.0419277, -0.826359, 0.561581]], [[0.534484, 0.456336, 0.711396], [-0.785231, 0.579464, 0.218251], [-0.312633, -0.675262, 0.668043]]], "btipPosition": [-56.4125, 182.699, 6.27613], "carpPosition": [-63.0594, 95.9625, 56.9206], "dipPosition": [-49.2184, 167.161, 21.6486], "direction": [-0.0419277, 0.826359, -0.561581], "extended": false, "handId": 737, "id": 7370, "length": 51.2425, "mcpPosition": [-63.0594, 95.9625, 56.9206], "pipPosition": [-47.8128, 139.458, 40.4749], "stabilizedTipPosition": [-52.8361, 180.361, 11.9442], "timeVisible": 1.40478, "tipPosition": [-52.7407, 177.532, 8.54878], "tipVelocity": [1.51482, -13.5994, -6.41696], "tool": false, "touchDistance": -0.258365, "touchZone": "touching", "type": 0, "width": 20.7127}, {"bases": [[[0.987986, -0.0587861, -0.142928], [0.154136, 0.442098, 0.883624], [0.0112434, -0.895038, 0.445848]], [[0.973098, -0.222918, -0.0582117], [0.136344, 0.353515, 0.925439], [-0.185718, -0.908479, 0.374398]], [[0.973098, -0.222918, -0.0582117], [0.144672, 0.39458, 0.907401], [-0.179307, -0.891411, 0.416215]], [[0.973098, -0.222918, -0.0582117], [0.163321, 0.489217, 0.856734], [-0.162503, -0.843193, 0.512463]]], "btipPosition": [-89.5856, 248.084, 4.30894], "carpPosition": [-75.5603, 109.806, 70.7806], "dipPosition": [-86.8557, 233.919, 12.9179], "direction": [-0.179307, 0.891411, -0.416215], "extended": true, "handId": 737, "id": 7371, "length": 57.8214, "mcpPosition": [-74.7494, 174.359, 38.6246], "pipPosition": [-82.5945, 212.735, 22.8092], "stabilizedTipPosition": [-86.2736, 247.13, 7.4087], "timeVisible": 1.40478, "tipPosition": [-89.0207, 244.632, 6.8271], "tipVelocity": [8.18655, -4.5158, 6.48017], "tool": false, "touchDistance": 0.134202, "touchZone": "hovering", "type": 1, "width": 19.7848}, {"bases": [[[0.939572, -0.253668, -0.229906], [0.319157, 0.406038, 0.856313], [-0.123869, -0.877944, 0.462461]], [[0.928859, -0.313309, -0.197634], [0.301757, 0.330515, 0.894261], [-0.214859, -0.890279, 0.401545]], [[0.928859, -0.313309, -0.197634], [0.301757, 0.330515, 0.894261], [-0.214859, -0.890279, 0.401545]], [[0.928859, -0.313309, -0.197634], [0.308868, 0.36051, 0.880133], [-0.204505, -0.878561, 0.431634]]], "btipPosition": [-116.05, 253.724, 0.427874], "carpPosition": [-87.6089, 110.359, 70.2909], "dipPosition": [-112.271, 237.491, 8.40312], "direction": [-0.214859, 0.890279, -0.401545], "extended": true, "handId": 737, "id": 7372, "length": 65.8828, "mcpPosition": [-96.0811, 170.407, 38.6602], "pipPosition": [-106.264, 212.599, 19.6301], "stabilizedTipPosition": [-111.908, 253.088, 3.07903], "timeVisible": 1.40478, "tipPosition": [-115.036, 249.578, 2.2905], "tipVelocity": [10.7239, -4.72241, -0.666959], "tool": false, "touchDistance": 0.140934, "touchZone": "hovering", "type": 2, "width": 19.4313}, {"bases": [[[0.884352, -0.409983, -0.223239], [0.381358, 0.358683, 0.852005], [-0.269235, -0.838607, 0.473552]], [[0.893436, -0.379654, -0.240073], [0.358484, 0.280594, 0.890369], [-0.270669, -0.88155, 0.386792]], [[0.893436, -0.379654, -0.240073], [0.358484, 0.280594, 0.890369], [-0.270669, -0.88155, 0.386792]], [[0.893436, -0.379654, -0.240073], [0.367582, 0.310752, 0.876536], [-0.258178, -0.871376, 0.417191]]], "btipPosition": [-139.79, 238.626, 3.64812], "carpPosition": [-99.2505, 108.383, 67.9195], "dipPosition": [-135.047, 222.619, 11.3122], "direction": [-0.270669, 0.88155, -0.386792], "extended": true, "handId": 737, "id": 7373, "length": 63.3481, "mcpPosition": [-115.784, 159.881, 38.8394], "pipPosition": [-127.674, 198.607, 21.8475], "stabilizedTipPosition": [-135.143, 238.936, 7.74683], "timeVisible": 1.40478, "tipPosition": [-138.233, 234.536, 5.19113], "tipVelocity": [7.83131, -3.65935, -2.46251], "tool": false, "touchDistance": 0.16634, "touchZone": "hovering", "type": 3, "width": 18.4901}, {"bases": [[[0.771998, -0.557878, -0.304617], [0.48897, 0.215041, 0.845379], [-0.406113, -0.801579, 0.438797]], [[0.812598, -0.464664, -0.351812], [0.455131, 0.128856, 0.881051], [-0.36406, -0.876061, 0.316191]], [[0.812598, -0.464664, -0.351812], [0.485162, 0.204807, 0.850101], [-0.322958, -0.861476, 0.391863]], [[0.812598, -0.464664, -0.351812], [0.501298, 0.249321, 0.828577], [-0.297296, -0.849662, 0.435533]]], "btipPosition": [-156.03, 208.481, 9.89864], "carpPosition": [-109.038, 101.491, 60.7521], "dipPosition": [-150.991, 194.081, 17.2799], "direction": [-0.322958, 0.861476, -0.391863], "extended": true, "handId": 737, "id": 7374, "length": 49.6637, "mcpPosition": [-132.124, 147.057, 35.8086], "pipPosition": [-144.781, 177.514, 24.8158], "stabilizedTipPosition": [-152.47, 209.431, 15.412], "timeVisible": 1.40478, "tipPosition": [-155.13, 205.023, 13.0677], "tipVelocity": [5.84279, -3.04164, -4.82285], "tool": false, "touchDistance": 0.149458, "touchZone": "hovering", "type": 4, "width": 16.4243}], "r": [[0.973848, 0.116997, 0.19476], [-0.0888458, 0.985064, -0.1475], [-0.209108, 0.126339, 0.969697]], "s": 1.22273, "t": [19.9081, -24.4861, -82.4523], "timestamp": 747076362976}, {"currentFrameRate": 115.303, "devices": [], "gestures": [], "hands": [{"armBasis": [[0.976431, -0.179149, -0.120365], [0.20651, 0.613396, 0.762298], [-0.0627341, -0.769188, 0.635935]], "armWidth": 64.3496, "confidence": 1, "direction": [-0.17655, 0.927224, -0.330282], "elbow": [-73.3324, -125.705, 241.997], "grabAngle": 0, "grabStrength": 0, "id": 737, "palmNormal": [0.154053, -0.305388, -0.939684], "palmPosition": [-93.9427, 145.569, 42.4677], "palmVelocity": [-1.52295, -8.74839, -6.87251], "palmWidth": 89.2012, "pinchDistance": 56.5166, "pinchStrength": 0, "r": [[0.973976, 0.117409, 0.193873], [-0.0892947, 0.984964, -0.147893], [-0.208322, 0.126732, 0.969815]], "s": 1.22283, "sphereCenter": [-159.322, 260.149, 205.414], "sphereRadius": 208.066, "stabilizedPalmPosition": [-93.558, 148.75, 44.7163], "t": [-19.9173, -24.5641, -82.5043], "timeVisible": 1.41343, "type": "left", "wrist": [-89.9376, 77.8934, 73.6696]}], "id": 1332600, "interactionBox": {"center": [0, 200, 0], "size": [235.247, 235.247, 147.751]}, "pointables": [{"bases": [[[0.563435, 0.366846, 0.740246], [-0.782396, -0.0508238, 0.620704], [0.265325, -0.928892, 0.258383]], [[0.534131, 0.457751, 0.710752], [-0.785768, -0.0413504, 0.617137], [0.311885, -0.888119, 0.337599]], [[0.534131, 0.457751, 0.710752], [-0.844398, 0.329821, 0.422149], [-0.0411819, -0.825641, 0.562691]], [[0.534131, 0.457751, 0.710752], [-0.785768, 0.57897, 0.217628], [-0.311885, -0.674728, 0.668932]]], "btipPosition": [-56.4157, 182.538, 6.13425], "carpPosition": [-63.1208, 95.8715, 56.9116], "dipPosition": [-49.2389, 167.011, 21.5271], "direction": [-0.0411819, 0.825641, -0.562691], "extended": false, "handId": 737, "id": 7370, "length": 51.2425, "mcpPosition": [-63.1208, 95.8715, 56.9116], "pipPosition": [-47.8583, 139.333, 40.3907], "stabilizedTipPosition": [-52.8956, 180.318, 11.8742], "timeVisible": 1.41343, "tipPosition": [-52.7264, 177.397, 8.47732], "tipVelocity": [-0.834163, -18.3176, -15.8439], "tool": false, "touchDistance": -0.260651, "touchZone": "touching", "type": 0, "width": 20.7127}, {"bases": [[[0.988003, -0.0580222, -0.143118], [0.153954, 0.443, 0.883204], [0.012156, -0.894642, 0.446619]], [[0.973318, -0.221919, -0.0583506], [0.135993, 0.353064, 0.925663], [-0.184821, -0.908899, 0.373823]], [[0.973318, -0.221919, -0.0583506], [0.144209, 0.393792, 0.907817], [-0.178484, -0.892009, 0.415288]], [[0.973318, -0.221919, -0.0583506], [0.162822, 0.488761, 0.857089], [-0.161685, -0.84372, 0.511853]]], "btipPosition": [-89.5008, 248.029, 4.28586], "carpPosition": [-75.6125, 109.738, 70.7565], "dipPosition": [-86.7847, 233.855, 12.8845], "direction": [-0.178484, 0.892009, -0.415288], "extended": true, "handId": 737, "id": 7371, "length": 57.8214, "mcpPosition": [-74.7358, 174.263, 38.5449], "pipPosition": [-82.543, 212.656, 22.7539], "stabilizedTipPosition": [-86.3098, 247.097, 7.39274], "timeVisible": 1.41343, "tipPosition": [-88.9357, 244.523, 6.67964], "tipVelocity": [9.42823, -6.65499, -2.93814], "tool": false, "touchDistance": 0.133778, "touchZone": "hovering", "type": 1, "width": 19.7848}, {"bases": [[[0.939743, -0.253023, -0.229916], [0.319, 0.407064, 0.855884], [-0.122968, -0.877655, 0.46325]], [[0.929136, -0.312442, -0.197703], [0.301492, 0.330701, 0.894282], [-0.214031, -0.890515, 0.401465]], [[0.929136, -0.312442, -0.197703], [0.301492, 0.330701, 0.894282], [-0.214031, -0.890515, 0.401465]], [[0.929136, -0.312442, -0.197703], [0.308669, 0.361106, 0.879958], [-0.203544, -0.878625, 0.431958]]], "btipPosition": [-115.96, 253.666, 0.34653], "carpPosition": [-87.6605, 110.301, 70.2635], "dipPosition": [-112.199, 237.431, 8.32777], "direction": [-0.214031, 0.890515, -0.401465], "extended": true, "handId": 737, "id": 7372, "length": 65.8828, "mcpPosition": [-96.0711, 170.33, 38.5788], "pipPosition": [-106.214, 212.533, 19.5525], "stabilizedTipPosition": [-111.969, 253.027, 3.0617], "timeVisible": 1.41343, "tipPosition": [-114.947, 249.488, 2.13627], "tipVelocity": [9.94095, -6.75658, -9.23604], "tool": false, "touchDistance": 0.139601, "touchZone": "hovering", "type": 2, "width": 19.4313}, {"bases": [[[0.884666, -0.409381, -0.223101], [0.381243, 0.359761, 0.851602], [-0.268366, -0.838438, 0.474342]], [[0.89373, -0.379017, -0.239986], [0.358201, 0.280864, 0.890397], [-0.270072, -0.881738, 0.38678]], [[0.89373, -0.379017, -0.239986], [0.358201, 0.280864, 0.890397], [-0.270072, -0.881738, 0.38678]], [[0.89373, -0.379017, -0.239986], [0.367319, 0.311161, 0.876502], [-0.257535, -0.871508, 0.417313]]], "btipPosition": [-139.735, 238.583, 3.56959], "carpPosition": [-99.3033, 108.334, 67.8909], "dipPosition": [-135.004, 222.573, 11.2359], "direction": [-0.270072, 0.881738, -0.38678], "extended": true, "handId": 737, "id": 7373, "length": 63.3481, "mcpPosition": [-115.783, 159.821, 38.7623], "pipPosition": [-127.648, 198.556, 21.7708], "stabilizedTipPosition": [-135.195, 238.876, 7.71107], "timeVisible": 1.41343, "tipPosition": [-138.159, 234.47, 5.04547], "tipVelocity": [6.02062, -5.08616, -9.01134], "tool": false, "touchDistance": 0.16504, "touchZone": "hovering", "type": 3, "width": 18.4901}, {"bases": [[[0.772424, -0.557447, -0.304323], [0.488982, 0.216211, 0.845073], [-0.405286, -0.801564, 0.439589]], [[0.81299, -0.464074, -0.351685], [0.4551, 0.129667, 0.880948], [-0.363223, -0.876255, 0.316618]], [[0.81299, -0.464074, -0.351685], [0.484832, 0.205027, 0.850237], [-0.322467, -0.861742, 0.391682]], [[0.81299, -0.464074, -0.351685], [0.500899, 0.24943, 0.828785], [-0.296897, -0.849953, 0.435238]]], "btipPosition": [-155.995, 208.45, 9.82222], "carpPosition": [-109.095, 101.444, 60.7271], "dipPosition": [-150.963, 194.045, 17.1985], "direction": [-0.322467, 0.861742, -0.391682], "extended": true, "handId": 737, "id": 7374, "length": 49.6637, "mcpPosition": [-132.134, 147.009, 35.7385], "pipPosition": [-144.762, 177.473, 24.7309], "stabilizedTipPosition": [-152.491, 209.393, 15.3772], "timeVisible": 1.41343, "tipPosition": [-155.082, 204.978, 12.9369], "tipVelocity": [3.86568, -3.65255, -8.95861], "tool": false, "touchDistance": 0.148165, "touchZone": "hovering", "type": 4, "width": 16.4243}], "r": [[0.973976, 0.117409, 0.193873], [-0.0892947, 0.984964, -0.147893], [-0.208322, 0.126732, 0.969815]], "s": 1.22283, "t": [19.9173, -24.5641, -82.5043], "timestamp": 747076371634}, {"currentFrameRate": 115.278, "devices": [], "gestures": [], "hands": [{"armBasis": [[0.976521, -0.179153, -0.119625], [0.205759, 0.611246, 0.764226], [-0.0637933, -0.770897, 0.633757]], "armWidth": 64.3496, "confidence": 1, "direction": [-0.175764, 0.927168, -0.330856], "elbow": [-73.1097, -126.213, 241.405], "grabAngle": 0, "grabStrength": 0, "id": 737, "palmNormal": [0.153975, -0.30606, -0.939478], "palmPosition": [-93.96, 145.513, 42.4445], "palmVelocity": [-1.98494, -6.42698, -2.65525], "palmWidth": 89.2012, "pinchDistance": 56.535, "pinchStrength": 0, "r": [[0.974065, 0.117914, 0.193117], [-0.0898141, 0.984853, -0.148319], [-0.20768, 0.127127, 0.969901]], "s": 1.22294, "sphereCenter": [-159.128, 260.579, 206.026], "sphereRadius": 208.744, "stabilizedPalmPosition": [-93.5609, 148.727, 44.7004], "t": [-19.9305, -24.6311, -82.542], "timeVisible": 1.42215, "type": "left", "wrist": [-89.9953, 77.8369, 73.6549]}], "id": 1332601, "interactionBox": {"center": [0, 200, 0], "size": [235.247, 235.247, 147.751]}, "pointables": [{"bases": [[[0.563274, 0.367723, 0.739934], [-0.782249, -0.0510747, 0.620869], [0.266099, -0.928532, 0.258882]], [[0.533746, 0.458995, 0.710239], [-0.785905, -0.0408337, 0.616998], [0.3122, -0.8875, 0.338931]], [[0.533746, 0.458995, 0.710239], [-0.844666, 0.329761, 0.421659], [-0.0406702, -0.824973, 0.563706]], [[0.533746, 0.458995, 0.710239], [-0.786138, 0.578806, 0.216728], [-0.311613, -0.674024, 0.669768]]], "btipPosition": [-56.4357, 182.397, 6.02709], "carpPosition": [-63.1797, 95.7998, 56.9229], "dipPosition": [-49.2652, 166.887, 21.4392], "direction": [-0.0406702, 0.824973, -0.563706], "extended": false, "handId": 737, "id": 7370, "length": 51.2425, "mcpPosition": [-63.1797, 95.7998, 56.9229], "pipPosition": [-47.9017, 139.231, 40.3368], "stabilizedTipPosition": [-52.9502, 180.275, 11.8077], "timeVisible": 1.42215, "tipPosition": [-52.7241, 177.297, 8.44875], "tipVelocity": [-2.45957, -15.702, -11.785], "tool": false, "touchDistance": -0.262364, "touchZone": "touching", "type": 0, "width": 20.7127}, {"bases": [[[0.988024, -0.0573295, -0.143255], [0.153757, 0.443639, 0.882917], [0.0129362, -0.89437, 0.447141]], [[0.973502, -0.221085, -0.0584437], [0.135667, 0.352626, 0.925878], [-0.184089, -0.909272, 0.373276]], [[0.973502, -0.221085, -0.0584437], [0.143792, 0.393079, 0.908192], [-0.177814, -0.89253, 0.414454]], [[0.973502, -0.221085, -0.0584437], [0.162407, 0.488495, 0.857319], [-0.160991, -0.844093, 0.511457]]], "btipPosition": [-89.4364, 247.99, 4.2988], "carpPosition": [-75.6629, 109.684, 70.7575], "dipPosition": [-86.7319, 233.81, 12.8908], "direction": [-0.177814, 0.89253, -0.414454], "extended": true, "handId": 737, "id": 7371, "length": 57.8214, "mcpPosition": [-74.7299, 174.189, 38.5083], "pipPosition": [-82.5061, 212.599, 22.7403], "stabilizedTipPosition": [-86.3465, 247.062, 7.37636], "timeVisible": 1.42215, "tipPosition": [-88.8687, 244.444, 6.59718], "tipVelocity": [7.08071, -4.64015, 1.30859], "tool": false, "touchDistance": 0.133968, "touchZone": "hovering", "type": 1, "width": 19.7848}, {"bases": [[[0.939902, -0.252419, -0.22993], [0.318827, 0.407817, 0.85559], [-0.122198, -0.877479, 0.463786]], [[0.92939, -0.311631, -0.197789], [0.301269, 0.330891, 0.894287], [-0.213241, -0.890728, 0.401411]], [[0.92939, -0.311631, -0.197789], [0.301269, 0.330891, 0.894287], [-0.213241, -0.890728, 0.401411]], [[0.92939, -0.311631, -0.197789], [0.308525, 0.361764, 0.879738], [-0.202601, -0.878642, 0.432366]]], "btipPosition": [-115.88, 253.625, 0.304975], "carpPosition": [-87.7104, 110.257, 70.2621], "dipPosition": [-112.136, 237.391, 8.29375], "direction": [-0.213241, 0.890728, -0.401411], "extended": true, "handId": 737, "id": 7372, "length": 65.8828, "mcpPosition": [-96.0683, 170.273, 38.5408], "pipPosition": [-106.174, 212.486, 19.517], "stabilizedTipPosition": [-112.026, 252.969, 3.0447], "timeVisible": 1.42215, "tipPosition": [-114.876, 249.427, 2.0489], "tipVelocity": [8.68997, -4.62491, -4.56819], "tool": false, "touchDistance": 0.138937, "touchZone": "hovering", "type": 2, "width": 19.4313}, {"bases": [[[0.884949, -0.408816, -0.223013], [0.381107, 0.36056, 0.851325], [-0.267626, -0.838371, 0.47488]], [[0.89401, -0.378369, -0.239965], [0.357967, 0.281093, 0.890419], [-0.269454, -0.881943, 0.386744]], [[0.89401, -0.378369, -0.239965], [0.357967, 0.281093, 0.890419], [-0.269454, -0.881943, 0.386744]], [[0.89401, -0.378369, -0.239965], [0.367101, 0.311524, 0.876464], [-0.256872, -0.871659, 0.417405]]], "btipPosition": [-139.684, 238.559, 3.53524], "carpPosition": [-99.3543, 108.297, 67.8887], "dipPosition": [-134.965, 222.546, 11.2033], "direction": [-0.269454, 0.881943, -0.386744], "extended": true, "handId": 737, "id": 7373, "length": 63.3481, "mcpPosition": [-115.789, 159.78, 38.727], "pipPosition": [-127.626, 198.524, 21.7372], "stabilizedTipPosition": [-135.242, 238.82, 7.67714], "timeVisible": 1.42215, "tipPosition": [-138.102, 234.428, 4.96378], "tipVelocity": [5.49423, -2.78714, -3.89557], "tool": false, "touchDistance": 0.164474, "touchZone": "hovering", "type": 3, "width": 18.4901}, {"bases": [[[0.77281, -0.557018, -0.30413], [0.488958, 0.217091, 0.844862], [-0.40458, -0.801624, 0.440129]], [[0.813385, -0.463393, -0.35167], [0.45514, 0.130448, 0.880813], [-0.362288, -0.876499, 0.317013]], [[0.813385, -0.463393, -0.35167], [0.484614, 0.205354, 0.850282], [-0.321798, -0.862031, 0.391599]], [[0.813385, -0.463393, -0.35167], [0.500573, 0.249559, 0.828943], [-0.296364, -0.850287, 0.43495]]], "btipPosition": [-155.955, 208.44, 9.78443], "carpPosition": [-109.15, 101.411, 60.7272], "dipPosition": [-150.933, 194.03, 17.1559], "direction": [-0.321798, 0.862031, -0.391599], "extended": true, "handId": 737, "id": 7374, "length": 49.6637, "mcpPosition": [-132.149, 146.979, 35.708], "pipPosition": [-144.744, 177.452, 24.6866], "stabilizedTipPosition": [-152.509, 209.359, 15.3463], "timeVisible": 1.42215, "tipPosition": [-155.047, 204.953, 12.8653], "tipVelocity": [4.28236, -1.32625, -4.46472], "tool": false, "touchDistance": 0.147517, "touchZone": "hovering", "type": 4, "width": 16.4243}], "r": [[0.974065, 0.117914, 0.193117], [-0.0898141, 0.984853, -0.148319], [-0.20768, 0.127127, 0.969901]], "s": 1.22294, "t": [19.9305, -24.6311, -82.542], "timestamp": 747076380351}, {"currentFrameRate": 115.261, "devices": [], "gestures": [], "hands": [{"armBasis": [[0.976601, -0.179256, -0.118821], [0.205025, 0.609209, 0.766048], [-0.0649319, -0.772484, 0.631706]], "armWidth": 64.3496, "confidence": 1, "direction": [-0.175464, 0.927191, -0.330952], "elbow": [-72.8362, -126.691, 240.856], "grabAngle": 0, "grabStrength": 0, "id": 737, "palmNormal": [0.15365, -0.306256, -0.939467], "palmPosition": [-93.9809, 145.466, 42.4557], "palmVelocity": [-2.40345, -5.45205, 1.28118], "palmWidth": 89.2012, "pinchDistance": 56.5424, "pinchStrength": 0, "r": [[0.974118, 0.118401, 0.19255], [-0.0903022, 0.984752, -0.148691], [-0.207219, 0.127455, 0.969956]], "s": 1.22301, "sphereCenter": [-158.987, 260.746, 206.374], "sphereRadius": 209.066, "stabilizedPalmPosition": [-93.564, 148.703, 44.6838], "t": [-19.9476, -24.6883, -82.5552], "timeVisible": 1.43086, "type": "left", "wrist": [-90.0232, 77.7796, 73.649]}], "id": 1332602, "interactionBox": {"center": [0, 200, 0], "size": [235.247, 235.247, 147.751]}, "pointables": [{"bases": [[[0.562967, 0.368054, 0.740003], [-0.782362, -0.0512989, 0.620707], [0.266415, -0.928388, 0.259072]], [[0.533328, 0.459534, 0.710204], [-0.786229, -0.0404769, 0.616608], [0.3121, -0.887237, 0.339712]], [[0.533328, 0.459534, 0.710204], [-0.844934, 0.329682, 0.421184], [-0.040593, -0.824705, 0.564105]], [[0.533328, 0.459534, 0.710204], [-0.786467, 0.578535, 0.216259], [-0.3115, -0.673889, 0.669957]]], "btipPosition": [-56.4732, 182.314, 5.98288], "carpPosition": [-63.2174, 95.7421, 56.9345], "dipPosition": [-49.3052, 166.807, 21.3994], "direction": [-0.040593, 0.824705, -0.564105], "extended": false, "handId": 737, "id": 7370, "length": 51.2425, "mcpPosition": [-63.2174, 95.7421, 56.9345], "pipPosition": [-47.9444, 139.16, 40.3103], "stabilizedTipPosition": [-53.0043, 180.231, 11.742], "timeVisible": 1.43086, "tipPosition": [-52.7464, 177.233, 8.44999], "tipVelocity": [-4.37075, -9.41568, -4.96463], "tool": false, "touchDistance": -0.263084, "touchZone"