{"frames": 134, "data": [{"currentFrameRate": 115.388, "devices": [], "gestures": [], "hands": [{"armBasis": [[0.947714, -0.0722315, -0.310838], [0.139521, 0.969806, 0.200026], [0.287005, -0.232936, 0.929177]], "armWidth": 64.3496, "confidence": 1, "direction": [0.310693, 0.808888, -0.499169], "elbow": [7.31464, 21.7532, 335.578], "grabAngle": 0, "grabStrength": 0, "id": 738, "palmNormal": [0.441486, -0.587881, -0.677854], "palmPosition": [114.672, 135.635, 48.1635], "palmVelocity": [0.0309795, -0.0875665, -5.64693], "palmWidth": 89.2012, "pinchDistance": 52.1905, "pinchStrength": 0, "r": [[0.553248, -0.0499181, -0.83152], [-0.537211, -0.784275, -0.310349], [-0.636648, 0.618402, -0.460715]], "s": 0.834315, "sphereCenter": [14.9462, 270.834, 99.0612], "sphereRadius": 172.211, "stabilizedPalmPosition": [108.022, 136.869, 49.0829], "t": [53.0948, -13.1263, -81.7267], "timeVisible": 19.746, "type": "left", "wrist": [83.2825, 83.4095, 89.6327]}], "id": 1335970, "interactionBox": {"center": [0, 200, 0], "size": [235.247, 235.247, 147.751]}, "pointables": [{"bases": [[[0.672973, 0.679725, 0.291687], [-0.358752, -0.0449078, 0.932352], [0.646842, -0.732091, 0.213631]], [[0.684288, 0.666694, 0.295413], [-0.305017, -0.106284, 0.946398], [0.662355, -0.737715, 0.130624]], [[0.684288, 0.666694, 0.295413], [-0.623223, 0.324355, 0.711609], [0.378606, -0.671054, 0.637451]], [[0.684288, 0.666694, 0.295413], [-0.728199, 0.603413, 0.324989], [0.038412, -0.437506, 0.898395]]], "btipPosition": [163.211, 155.231, 34.5735], "carpPosition": [117.222, 86.5659, 83.0086], "dipPosition": [162.327, 145.163, 55.2466], "direction": [0.378606, 0.671054, -0.637451], "extended": false, "handId": 738, "id": 7380, "length": 51.2425, "mcpPosition": [117.222, 86.5659, 83.0086], "pipPosition": [149.635, 122.667, 76.6164], "stabilizedTipPosition": [162.648, 151.944, 38.0523], "timeVisible": 19.746, "tipPosition": [164.706, 151.686, 37.6109], "tipVelocity": [-13.9555, 6.02627, 2.96199], "tool": false, "touchDistance": -0.227929, "touchZone": "touching", "type": 0, "width": 20.7127}, {"bases": [[[0.694716, -0.433507, -0.57397], [0.708038, 0.552709, 0.439539], [0.126696, -0.711747, 0.690915]], [[0.626246, -0.203809, -0.752514], [0.74283, 0.449015, 0.496577], [0.236683, -0.86997, 0.43259]], [[0.626246, -0.203809, -0.752514], [0.74283, 0.449015, 0.496577], [0.236683, -0.86997, 0.43259]], [[0.626246, -0.203809, -0.752514], [0.74283, 0.449015, 0.496577], [0.236683, -0.86997, 0.43259]]], "btipPosition": [103.17, 205.321, -7.86298], "carpPosition": [79.1766, 103.142, 62.1023], "dipPosition": [99.1588, 190.577, -0.53155], "direction": [0.236683, 0.86997, -0.43259], "extended": true, "handId": 738, "id": 7384, "length": 49.6637, "mcpPosition": [86.3786, 143.602, 22.827], "pipPosition": [94.6072, 173.847, 7.78751], "stabilizedTipPosition": [95.5839, 201.832, -5.39184], "timeVisible": 19.746, "tipPosition": [103.59, 201.043, -7.11441], "tipVelocity": [-8.98356, 5.24739, 0.736886], "tool": false, "touchDistance": 0.162977, "touchZone": "hovering", "type": 4, "width": 16.4243}, {"bases": [[[0.777644, 0.126181, -0.615913], [0.370203, 0.699908, 0.610802], [0.508154, -0.702999, 0.497566]], [[0.911609, -0.147261, -0.383776], [0.380773, 0.654248, 0.653431], [0.15486, -0.741805, 0.652491]], [[0.911609, -0.147261, -0.383776], [0.380773, 0.654248, 0.653431], [0.15486, -0.741805, 0.652491]], [[0.911609, -0.147261, -0.383776], [0.380773, 0.654248, 0.653431], [0.15486, -0.741805, 0.652491]]], "btipPosition": [154.835, 218.372, -3.41815], "carpPosition": [105.362, 106.243, 86.4982], "dipPosition": [152.234, 205.91, 7.54311], "direction": [0.15486, 0.741805, -0.652491], "extended": true, "handId": 738, "id": 7381, "length": 57.8214, "mcpPosition": [142.012, 156.946, 50.6121], "pipPosition": [148.554, 188.281, 23.0496], "stabilizedTipPosition": [153.92, 215.626, -0.0933881], "timeVisible": 19.746, "tipPosition": [155.197, 214.44, -1.81329], "tipVelocity": [-15.5549, 2.39814, -7.49156], "tool": false, "touchDistance": -0.241071, "touchZone": "touching", "type": 1, "width": 19.7848}, {"bases": [[[0.764567, -0.0911352, -0.638069], [0.507409, 0.69556, 0.508657], [0.397459, -0.712665, 0.578045]], [[0.79919, -0.159128, -0.579632], [0.539202, 0.61594, 0.574351], [0.265623, -0.771555, 0.578055]], [[0.79919, -0.159128, -0.579632], [0.539202, 0.61594, 0.574351], [0.265623, -0.771555, 0.578055]], [[0.79919, -0.159128, -0.579632], [0.539202, 0.61594, 0.574351], [0.265623, -0.771555, 0.578055]]], "btipPosition": [147.86, 230.461, -13.8989], "carpPosition": [95.7518, 109.324, 79.8754], "dipPosition": [142.952, 216.205, -3.21825], "direction": [0.265623, 0.771555, -0.578055], "extended": true, "handId": 738, "id": 7382, "length": 65.8828, "mcpPosition": [122.937, 158.068, 40.3392], "pipPosition": [135.525, 194.633, 12.9439], "stabilizedTipPosition": [146.048, 227.491, -9.97904], "timeVisible": 19.746, "tipPosition": [147.941, 226.298, -12.0204], "tipVelocity": [-16.2779, 5.00715, -6.58158], "tool": false, "touchDistance": -0.12518, "touchZone": "touching", "type": 2, "width": 19.4313}, {"bases": [[[0.774282, -0.24719, -0.582567], [0.573149, 0.664199, 0.479938], [0.268305, -0.705505, 0.655953]], [[0.724183, -0.136467, -0.67597], [0.623963, 0.547066, 0.558023], [0.293648, -0.825891, 0.481326]], [[0.724183, -0.136467, -0.67597], [0.623963, 0.547066, 0.558023], [0.293648, -0.825891, 0.481326]], [[0.724183, -0.136467, -0.67597], [0.623963, 0.547066, 0.558023], [0.293648, -0.825891, 0.481326]]], "btipPosition": [129.23, 226.692, -11.1659], "carpPosition": [86.4607, 109.419, 72.2125], "dipPosition": [123.835, 211.52, -2.32358], "direction": [0.293648, 0.825891, -0.481326], "extended": true, "handId": 738, "id": 7383, "length": 63.3481, "mcpPosition": [102.937, 152.743, 31.9314], "pipPosition": [115.837, 189.024, 10.7865], "stabilizedTipPosition": [125.128, 222.965, -8.32883], "timeVisible": 19.746, "tipPosition": [128.963, 222.092, -10.3715], "tipVelocity": [-9.33919, 8.01942, 2.96591], "tool": false, "touchDistance": -0.0531353, "touchZone": "touching", "type": 3, "width": 18.4901}], "r": [[0.553248, -0.0499181, -0.83152], [-0.537211, -0.784275, -0.310349], [-0.636648, 0.618402, -0.460715]], "s": 0.834315, "t": [-53.0948, -13.1263, -81.7267], "timestamp": 747106099157}, {"currentFrameRate": 115.369, "devices": [], "gestures": [], "hands": [{"armBasis": [[0.947418, -0.0724514, -0.31169], [0.140925, 0.968958, 0.203126], [0.287298, -0.23637, 0.928218]], "armWidth": 64.3496, "confidence": 1, "direction": [0.310595, 0.808698, -0.499538], "elbow": [7.15478, 20.722, 335.243], "grabAngle": 0, "grabStrength": 0, "id": 738, "palmNormal": [0.44066, -0.588147, -0.67816], "palmPosition": [114.582, 135.527, 48.0748], "palmVelocity": [-10.392, -12.3865, -10.2015], "palmWidth": 89.2012, "pinchDistance": 51.9802, "pinchStrength": 0, "r": [[0.553663, -0.0498058, -0.83125], [-0.536597, -0.784679, -0.31039], [-0.636806, 0.617898, -0.461173]], "s": 0.834033, "sphereCenter": [14.8958, 270.477, 98.8018], "sphereRadius": 171.916, "stabilizedPalmPosition": [108.035, 136.866, 49.081], "t": [53.0497, -13.1775, -81.7878], "timeVisible": 19.7547, "type": "left", "wrist": [83.2003, 83.2873, 89.5512]}], "id": 1335971, "interactionBox": {"center": [0, 200, 0], "size": [235.247, 235.247, 147.751]}, "pointables": [{"bases": [[[0.672442, 0.680038, 0.292182], [-0.359537, -0.0449382, 0.932048], [0.646958, -0.731798, 0.214281]], [[0.684773, 0.665823, 0.296253], [-0.304894, -0.107479, 0.946302], [0.661911, -0.738328, 0.129407]], [[0.684773, 0.665823, 0.296253], [-0.623504, 0.32483, 0.711145], [0.377265, -0.671688, 0.637578]], [[0.684773, 0.665823, 0.296253], [-0.72788, 0.604949, 0.322843], [0.035738, -0.436711, 0.898892]]], "btipPosition": [163.002, 155.159, 34.5325], "carpPosition": [117.141, 86.4615, 82.9238], "dipPosition": [162.18, 145.11, 55.217], "direction": [0.377265, 0.671688, -0.637578], "extended": false, "handId": 738, "id": 7380, "length": 51.2425, "mcpPosition": [117.141, 86.4615, 82.9238], "pipPosition": [149.533, 122.592, 76.5911], "stabilizedTipPosition": [162.65, 151.959, 38.0729], "timeVisible": 19.7547, "tipPosition": [164.595, 151.569, 37.4953], "tipVelocity": [-22.3676, -7.73199, -4.40428], "tool": false, "touchDistance": -0.228568, "touchZone": "touching", "type": 0, "width": 20.7127}, {"bases": [[[0.695389, -0.433293, -0.573316], [0.707432, 0.553055, 0.44008], [0.126392, -0.711609, 0.691114]], [[0.626979, -0.203646, -0.751948], [0.742511, 0.4483, 0.497699], [0.235744, -0.870376, 0.432284]], [[0.626979, -0.203646, -0.751948], [0.742511, 0.4483, 0.497699], [0.235744, -0.870376, 0.432284]], [[0.626979, -0.203646, -0.751948], [0.742511, 0.4483, 0.497699], [0.235744, -0.870376, 0.432284]]], "btipPosition": [102.994, 205.251, -7.90664], "carpPosition": [79.0849, 103.051, 62.0483], "dipPosition": [98.9991, 190.5, -0.580387], "direction": [0.235744, 0.870376, -0.432284], "extended": true, "handId": 738, "id": 7384, "length": 49.6637, "mcpPosition": [86.2696, 143.502, 22.7617], "pipPosition": [94.4656, 173.762, 7.7328], "stabilizedTipPosition": [95.6134, 201.832, -5.39562], "timeVisible": 19.7547, "tipPosition": [103.471, 200.938, -7.19639], "tipVelocity": [-19.7699, -8.28048, -5.15598], "tool": false, "touchDistance": 0.16223, "touchZone": "hovering", "type": 4, "width": 16.4243}, {"bases": [[[0.778123, 0.126423, -0.615257], [0.369388, 0.700136, 0.611033], [0.508013, -0.702728, 0.498093]], [[0.912258, -0.147951, -0.381962], [0.380003, 0.653786, 0.65434], [0.152911, -0.742074, 0.652644]], [[0.912258, -0.147951, -0.381962], [0.380003, 0.653786, 0.65434], [0.152911, -0.742074, 0.652644]], [[0.912258, -0.147951, -0.381962], [0.380003, 0.653786, 0.65434], [0.152911, -0.742074, 0.652644]]], "btipPosition": [154.594, 218.275, -3.54583], "carpPosition": [105.293, 106.144, 86.4212], "dipPosition": [152.026, 205.809, 7.418], "direction": [0.152911, 0.742074, -0.652644], "extended": true, "handId": 738, "id": 7381, "length": 57.8214, "mcpPosition": [141.932, 156.827, 50.4971], "pipPosition": [148.392, 188.174, 22.9281], "stabilizedTipPosition": [153.925, 215.615, -0.141252], "timeVisible": 19.7547, "tipPosition": [155.086, 214.32, -1.93851], "tipVelocity": [-26.8273, -11.1954, -14.609], "tool": false, "touchDistance": -0.243189, "touchZone": "touching", "type": 1, "width": 19.7848}, {"bases": [[[0.765154, -0.0909012, -0.637398], [0.506685, 0.695832, 0.509007], [0.397252, -0.712429, 0.578477]], [[0.800076, -0.15957, -0.578287], [0.538654, 0.615416, 0.575427], [0.264066, -0.771881, 0.578332]], [[0.800076, -0.15957, -0.578287], [0.538654, 0.615416, 0.575427], [0.264066, -0.771881, 0.578332]], [[0.800076, -0.15957, -0.578287], [0.538654, 0.615416, 0.575427], [0.264066, -0.771881, 0.578332]]], "btipPosition": [147.626, 230.38, -14.0236], "carpPosition": [95.678, 109.228, 79.8063], "dipPosition": [142.746, 216.118, -3.33782], "direction": [0.264066, 0.771881, -0.578332], "extended": true, "handId": 738, "id": 7382, "length": 65.8828, "mcpPosition": [122.849, 157.955, 40.2405], "pipPosition": [135.363, 194.536, 12.8321], "stabilizedTipPosition": [146.062, 227.479, -10.027], "timeVisible": 19.7547, "tipPosition": [147.825, 226.177, -12.1442], "tipVelocity": [-26.1411, -9.52583, -14.1986], "tool": false, "touchDistance": -0.127238, "touchZone": "touching", "type": 2, "width": 19.4313}, {"bases": [[[0.774886, -0.246945, -0.581868], [0.572462, 0.664494, 0.480349], [0.268028, -0.705313, 0.656273]], [[0.724729, -0.136076, -0.675464], [0.623686, 0.54625, 0.55913], [0.292888, -0.826495, 0.480752]], [[0.724729, -0.136076, -0.675464], [0.623686, 0.54625, 0.55913], [0.292888, -0.826495, 0.480752]], [[0.724729, -0.136076, -0.675464], [0.623686, 0.54625, 0.55913], [0.292888, -0.826495, 0.480752]]], "btipPosition": [129.064, 226.641, -11.1952], "carpPosition": [86.3803, 109.326, 72.1514], "dipPosition": [123.684, 211.458, -2.36349], "direction": [0.292888, 0.826495, -0.480752], "extended": true, "handId": 738, "id": 7383, "length": 63.3481, "mcpPosition": [102.84, 152.638, 31.8506], "pipPosition": [115.706, 188.946, 10.731], "stabilizedTipPosition": [125.167, 222.968, -8.34102], "timeVisible": 19.7547, "tipPosition": [128.849, 221.98, -10.473], "tipVelocity": [-18.6486, -6.14241, -3.65409], "tool": false, "touchDistance": -0.0536651, "touchZone": "touching", "type": 3, "width": 18.4901}], "r": [[0.553663, -0.0498058, -0.83125], [-0.536597, -0.784679, -0.31039], [-0.636806, 0.617898, -0.461173]], "s": 0.834033, "t": [-53.0497, -13.1775, -81.7878], "timestamp": 747106107856}, {"currentFrameRate": 115.405, "devices": [], "gestures": [], "hands": [{"armBasis": [[0.946979, -0.072918, -0.312913], [0.14257, 0.968141, 0.205858], [0.287933, -0.239555, 0.927204]], "armWidth": 64.3496, "confidence": 1, "direction": [0.310409, 0.808711, -0.499633], "elbow": [7.01892, 19.8739, 334.948], "grabAngle": 0, "grabStrength": 0, "id": 738, "palmNormal": [0.440437, -0.58813, -0.678321], "palmPosition": [114.605, 135.552, 48.0614], "palmVelocity": [2.72293, 2.79177, -1.55714], "palmWidth": 89.2012, "pinchDistance": 51.7869, "pinchStrength": 0, "r": [[0.554051, -0.0497151, -0.830997], [-0.536086, -0.785, -0.310462], [-0.636898, 0.617498, -0.461582]], "s": 0.833719, "sphereCenter": [14.8634, 270.236, 98.5995], "sphereRadius": 171.662, "stabilizedPalmPosition": [108.048, 136.864, 49.0789], "t": [53.0389, -13.1911, -81.8251], "timeVisible": 19.7633, "type": "left", "wrist": [83.2325, 83.2821, 89.5246]}], "id": 1335972, "interactionBox": {"center": [0, 200, 0], "size": [235.247, 235.247, 147.751]}, "pointables": [{"bases": [[[0.672353, 0.680022, 0.292423], [-0.359859, -0.0449457, 0.931924], [0.646872, -0.731813, 0.214492]], [[0.685654, 0.664664, 0.296819], [-0.304367, -0.108628, 0.946341], [0.661241, -0.739204, 0.127821]], [[0.685654, 0.664664, 0.296819], [-0.623303, 0.325462, 0.711033], [0.375994, -0.67253, 0.637441]], [[0.685654, 0.664664, 0.296819], [-0.727155, 0.606613, 0.32135], [0.0335358, -0.436168, 0.89924]]], "btipPosition": [162.912, 155.241, 34.5917], "carpPosition": [117.177, 86.485, 82.9088], "dipPosition": [162.141, 145.205, 55.2843], "direction": [0.375994, 0.67253, -0.637441], "extended": false, "handId": 738, "id": 7380, "length": 51.2425, "mcpPosition": [117.177, 86.485, 82.9088], "pipPosition": [149.536, 122.659, 76.6538], "stabilizedTipPosition": [162.652, 151.975, 38.0939], "timeVisible": 19.7633, "tipPosition": [164.596, 151.607, 37.4832], "tipVelocity": [-9.08115, 9.88383, 7.09691], "tool": false, "touchDistance": -0.22755, "touchZone": "touching", "type": 0, "width": 20.7127}, {"bases": [[[0.695578, -0.433297, -0.573083], [0.70729, 0.553036, 0.440331], [0.126142, -0.711621, 0.691147]], [[0.627234, -0.203646, -0.751735], [0.742576, 0.447435, 0.498381], [0.234859, -0.870822, 0.431869]], [[0.627234, -0.203646, -0.751735], [0.742576, 0.447435, 0.498381], [0.234859, -0.870822, 0.431869]], [[0.627234, -0.203646, -0.751735], [0.742576, 0.447435, 0.498381], [0.234859, -0.870822, 0.431869]]], "btipPosition": [102.946, 205.306, -7.88071], "carpPosition": [79.1136, 103.074, 62.0466], "dipPosition": [98.9659, 190.548, -0.5615], "direction": [0.234859, 0.870822, -0.431869], "extended": true, "handId": 738, "id": 7384, "length": 49.6637, "mcpPosition": [86.2842, 143.526, 22.7582], "pipPosition": [94.4494, 173.801, 7.7437], "stabilizedTipPosition": [95.6433, 201.832, -5.39935], "timeVisible": 19.7633, "tipPosition": [103.468, 200.967, -7.20064], "tipVelocity": [-5.19678, 6.24757, 2.82527], "tool": false, "touchDistance": 0.162635, "touchZone": "hovering", "type": 4, "width": 16.4243}, {"bases": [[[0.778337, 0.126419, -0.614988], [0.36919, 0.700121, 0.611171], [0.507829, -0.702744, 0.498257]], [[0.912636, -0.148948, -0.38067], [0.379839, 0.653134, 0.655086], [0.151055, -0.742449, 0.65265]], [[0.912636, -0.148948, -0.38067], [0.379839, 0.653134, 0.655086], [0.151055, -0.742449, 0.65265]], [[0.912636, -0.148948, -0.38067], [0.379839, 0.653134, 0.655086], [0.151055, -0.742449, 0.65265]]], "btipPosition": [154.465, 218.331, -3.56883], "carpPosition": [105.33, 106.167, 86.4106], "dipPosition": [151.927, 205.858, 7.3951], "direction": [0.151055, 0.742449, -0.65265], "extended": true, "handId": 738, "id": 7381, "length": 57.8214, "mcpPosition": [141.956, 156.851, 50.4746], "pipPosition": [148.337, 188.214, 22.9054], "stabilizedTipPosition": [153.922, 215.607, -0.188153], "timeVisible": 19.7633, "tipPosition": [155.08, 214.355, -1.95673], "tipVelocity": [-14.2524, 6.27939, -2.67059], "tool": false, "touchDistance": -0.243572, "touchZone": "touching", "type": 1, "width": 19.7848}, {"bases": [[[0.765372, -0.090905, -0.637136], [0.506522, 0.695816, 0.509192], [0.397041, -0.712444, 0.578603]], [[0.80058, -0.160247, -0.577402], [0.538617, 0.614726, 0.576198], [0.26261, -0.772291, 0.578449]], [[0.80058, -0.160247, -0.577402], [0.538617, 0.614726, 0.576198], [0.26261, -0.772291, 0.578449]], [[0.80058, -0.160247, -0.577402], [0.538617, 0.614726, 0.576198], [0.26261, -0.772291, 0.578449]]], "btipPosition": [147.509, 230.443, -14.0505], "carpPosition": [95.7128, 109.251, 79.799], "dipPosition": [142.657, 216.173, -3.36252], "direction": [0.26261, 0.772291, -0.578449], "extended": true, "handId": 738, "id": 7382, "length": 65.8828, "mcpPosition": [122.869, 157.98, 40.2246], "pipPosition": [135.315, 194.58, 12.8107], "stabilizedTipPosition": [146.072, 227.469, -10.0745], "timeVisible": 19.7633, "tipPosition": [147.815, 226.21, -12.1632], "tipVelocity": [-12.7969, 7.08303, -3.06373], "tool": false, "touchDistance": -0.127678, "touchZone": "touching", "type": 2, "width": 19.4313}, {"bases": [[[0.775081, -0.246949, -0.581605], [0.572308, 0.664477, 0.480555], [0.267791, -0.705327, 0.656355]], [[0.724892, -0.135951, -0.675314], [0.623843, 0.545321, 0.559861], [0.292149, -0.827129, 0.480111]], [[0.724892, -0.135951, -0.675314], [0.623843, 0.545321, 0.559861], [0.292149, -0.827129, 0.480111]], [[0.724892, -0.135951, -0.675314], [0.623843, 0.545321, 0.559861], [0.292149, -0.827129, 0.480111]]], "btipPosition": [129.016, 226.722, -11.147], "carpPosition": [86.4125, 109.349, 72.1473], "dipPosition": [123.649, 211.527, -2.32699], "direction": [0.292149, 0.827129, -0.480111], "extended": true, "handId": 738, "id": 7383, "length": 63.3481, "mcpPosition": [102.857, 152.662, 31.8415], "pipPosition": [115.691, 188.998, 10.75], "stabilizedTipPosition": [125.205, 222.972, -8.35234], "timeVisible": 19.7633, "tipPosition": [128.844, 222.013, -10.4815], "tipVelocity": [-5.28691, 9.08066, 5.29617], "tool": false, "touchDistance": -0.0529056, "touchZone": "touching", "type": 3, "width": 18.4901}], "r": [[0.554051, -0.0497151, -0.830997], [-0.536086, -0.785, -0.310462], [-0.636898, 0.617498, -0.461582]], "s": 0.833719, "t": [-53.0389, -13.1911, -81.8251], "timestamp": 747106116460}, {"currentFrameRate": 115.396, "devices": [], "gestures": [], "hands": [{"armBasis": [[0.946546, -0.0735958, -0.314062], [0.144237, 0.967433, 0.208011], [0.288525, -0.242191, 0.926335]], "armWidth": 64.3496, "confidence": 1, "direction": [0.31017, 0.808752, -0.499714], "elbow": [6.87645, 19.1568, 334.685], "grabAngle": 0, "grabStrength": 0, "id": 738, "palmNormal": [0.440565, -0.588068, -0.67829], "palmPosition": [114.608, 135.561, 48.0419], "palmVelocity": [0.291573, 1.05882, -2.23815], "palmWidth": 89.2012, "pinchDistance": 51.6516, "pinchStrength": 0, "r": [[0.554367, -0.0496861, -0.830788], [-0.535717, -0.785233, -0.310511], [-0.636934, 0.617204, -0.461925]], "s": 0.833376, "sphereCenter": [14.7667, 270.007, 98.3933], "sphereRadius": 171.457, "stabilizedPalmPosition": [108.058, 136.862, 49.0773], "t": [53.0348, -13.1933, -81.8535], "timeVisible": 19.772, "type": "left", "wrist": [83.2467, 83.2629, 89.4919]}], "id": 1335973, "interactionBox": {"center": [0, 200, 0], "size": [235.247, 235.247, 147.751]}, "pointables": [{"bases": [[[0.672523, 0.679866, 0.292396], [-0.359911, -0.0447711, 0.931912], [0.646666, -0.731968, 0.214582]], [[0.68663, 0.663547, 0.29706], [-0.303728, -0.10942, 0.946455], [0.660522, -0.740089, 0.126407]], [[0.68663, 0.663547, 0.29706], [-0.6229, 0.326255, 0.711023], [0.37488, -0.673248, 0.63734]], [[0.68663, 0.663547, 0.29706], [-0.726316, 0.608288, 0.320079], [0.0316897, -0.435535, 0.899614]]], "btipPosition": [162.815, 155.307, 34.6403], "carpPosition": [117.195, 86.4978, 82.8934], "dipPosition": [162.085, 145.285, 55.3414], "direction": [0.37488, 0.673248, -0.63734], "extended": false, "handId": 738, "id": 7380, "length": 51.2425, "mcpPosition": [117.195, 86.4978, 82.8934], "pipPosition": [149.518, 122.715, 76.7075], "stabilizedTipPosition": [162.652, 151.992, 38.1159], "timeVisible": 19.772, "tipPosition": [164.578, 151.64, 37.4759], "tipVelocity": [-10.1423, 7.94713, 5.81983], "tool": false, "touchDistance": -0.226708, "touchZone": "touching", "type": 0, "width": 20.7127}, {"bases": [[[0.695487, -0.433532, -0.573017], [0.707419, 0.552883, 0.440316], [0.125921, -0.711597, 0.691212]], [[0.627212, -0.203877, -0.751691], [0.74286, 0.446587, 0.498718], [0.234018, -0.871203, 0.431557]], [[0.627212, -0.203877, -0.751691], [0.74286, 0.446587, 0.498718], [0.234018, -0.871203, 0.431557]], [[0.627212, -0.203877, -0.751691], [0.74286, 0.446587, 0.498718], [0.234018, -0.871203, 0.431557]]], "btipPosition": [102.886, 205.333, -7.87746], "carpPosition": [79.1255, 103.075, 62.0314], "dipPosition": [98.9198, 190.568, -0.563526], "direction": [0.234018, 0.871203, -0.431557], "extended": true, "handId": 738, "id": 7384, "length": 49.6637, "mcpPosition": [86.2835, 143.526, 22.7393], "pipPosition": [94.4194, 173.814, 7.73567], "stabilizedTipPosition": [95.675, 201.833, -5.40334], "timeVisible": 19.772, "tipPosition": [103.446, 200.972, -7.22143], "tipVelocity": [-6.57761, 2.88061, 0.23514], "tool": false, "touchDistance": 0.162669, "touchZone": "hovering", "type": 4, "width": 16.4243}, {"bases": [[[0.778398, 0.126158, -0.614965], [0.369351, 0.700073, 0.611128], [0.507619, -0.702838, 0.498338]], [[0.91286, -0.150214, -0.379634], [0.380023, 0.652498, 0.655614], [0.149228, -0.742753, 0.652724]], [[0.91286, -0.150214, -0.379634], [0.380023, 0.652498, 0.655614], [0.149228, -0.742753, 0.652724]], [[0.91286, -0.150214, -0.379634], [0.380023, 0.652498, 0.655614], [0.149228, -0.742753, 0.652724]]], "btipPosition": [154.31, 218.373, -3.59737], "carpPosition": [105.342, 106.177, 86.394], "dipPosition": [151.803, 205.895, 7.36781], "direction": [0.149228, 0.742753, -0.652724], "extended": true, "handId": 738, "id": 7381, "length": 57.8214, "mcpPosition": [141.953, 156.868, 50.4522], "pipPosition": [148.257, 188.243, 22.8799], "stabilizedTipPosition": [153.912, 215.601, -0.235045], "timeVisible": 19.772, "tipPosition": [155.048, 214.38, -1.9768], "tipVelocity": [-16.9704, 4.69542, -3.25448], "tool": false, "touchDistance": -0.244043, "touchZone": "touching", "type": 1, "width": 19.7848}, {"bases": [[[0.765375, -0.0911638, -0.637095], [0.506686, 0.695722, 0.509156], [0.396825, -0.712502, 0.57868]], [[0.800852, -0.161146, -0.576774], [0.538878, 0.614053, 0.576671], [0.261242, -0.772639, 0.578604]], [[0.800852, -0.161146, -0.576774], [0.538878, 0.614053, 0.576671], [0.261242, -0.772639, 0.578604]], [[0.800852, -0.161146, -0.576774], [0.538878, 0.614053, 0.576671], [0.261242, -0.772639, 0.578604]]], "btipPosition": [147.377, 230.486, -14.0867], "carpPosition": [95.7238, 109.258, 79.7826], "dipPosition": [142.55, 216.21, -3.39587], "direction": [0.261242, 0.772639, -0.578604], "extended": true, "handId": 738, "id": 7382, "length": 65.8828, "mcpPosition": [122.865, 157.99, 40.2029], "pipPosition": [135.246, 194.607, 12.7816], "stabilizedTipPosition": [146.078, 227.461, -10.1223], "timeVisible": 19.772, "tipPosition": [147.78, 226.229, -12.1877], "tipVelocity": [-14.559, 4.82764, -4.09569], "tool": false, "touchDistance": -0.12827, "touchZone": "touching", "type": 2, "width": 19.4313}, {"bases": [[[0.775041, -0.247206, -0.581551], [0.572466, 0.664364, 0.480524], [0.267573, -0.705344, 0.656426]], [[0.724829, -0.136094, -0.675353], [0.624255, 0.54442, 0.560279], [0.291425, -0.827699, 0.479569]], [[0.724829, -0.136094, -0.675353], [0.624255, 0.54442, 0.560279], [0.291425, -0.827699, 0.479569]], [[0.724829, -0.136094, -0.675353], [0.624255, 0.54442, 0.560279], [0.291425, -0.827699, 0.479569]]], "btipPosition": [128.948, 226.777, -11.1188], "carpPosition": [86.4231, 109.352, 72.1313], "dipPosition": [123.594, 211.572, -2.30875], "direction": [0.291425, 0.827699, -0.479569], "extended": true, "handId": 738, "id": 7383, "length": 63.3481, "mcpPosition": [102.854, 152.667, 31.8212], "pipPosition": [115.657, 189.028, 10.7535], "stabilizedTipPosition": [125.244, 222.977, -8.36378], "timeVisible": 19.772, "tipPosition": [128.815, 222.028, -10.5011], "tipVelocity": [-7.43629, 6.13925, 2.98475], "tool": false, "touchDistance": -0.0524738, "touchZone": "touching", "type": 3, "width": 18.4901}], "r": [[0.554367, -0.0496861, -0.830788], [-0.535717, -0.785233, -0.310511], [-0.636934, 0.617204, -0.461925]], "s": 0.833376, "t": [-53.0348, -13.1933, -81.8535], "timestamp": 747106125141}, {"currentFrameRate": 115.087, "devices": [], "gestures": [], "hands": [{"armBasis": [[0.946092, -0.0743688, -0.315244], [0.145907, 0.966794, 0.209813], [0.289172, -0.244498, 0.925527]], "armWidth": 64.3496, "confidence": 1, "direction": [0.309854, 0.808868, -0.499723], "elbow": [6.72123, 18.534, 334.445], "grabAngle": 0, "grabStrength": 0, "id": 738, "palmNormal": [0.440923, -0.587902, -0.678202], "palmPosition": [114.609, 135.58, 48.0327], "palmVelocity": [0.106874, 2.1477, -1.00315], "palmWidth": 89.2012, "pinchDistance": 51.5156, "pinchStrength": 0, "r": [[0.554594, -0.0497242, -0.830634], [-0.535503, -0.785372, -0.310527], [-0.636916, 0.617023, -0.46219]], "s": 0.833017, "sphereCenter": [14.6441, 269.785, 98.1957], "sphereRadius": 171.267, "stabilizedPalmPosition": [108.069, 136.86, 49.0755], "t": [53.0332, -13.1845, -81.8722], "timeVisible": 19.7812, "type": "left", "wrist": [83.2627, 83.2508, 89.4655]}], "id": 1335974, "interactionBox": {"center": [0, 200, 0], "size": [235.247, 235.247, 147.751]}, "pointables": [{"bases": [[[0.672876, 0.679569, 0.292273], [-0.359817, -0.044549, 0.931959], [0.646351, -0.732257, 0.214545]], [[0.687728, 0.662353, 0.297184], [-0.303006, -0.110108, 0.946606], [0.65971, -0.741056, 0.124973]], [[0.687728, 0.662353, 0.297184], [-0.62239, 0.327209, 0.711031], [0.373712, -0.67396, 0.637273]], [[0.687728, 0.662353, 0.297184], [-0.725353, 0.610082, 0.318846], [0.0298823, -0.434843, 0.90001]]], "btipPosition": [162.714, 155.385, 34.6975], "carpPosition": [117.214, 86.5209, 82.8873], "dipPosition": [162.026, 145.379, 55.4078], "direction": [0.373712, 0.67396, -0.637273], "extended": false, "handId": 738, "id": 7380, "length": 51.2425, "mcpPosition": [117.214, 86.5209, 82.8873], "pipPosition": [149.498, 122.785, 76.7717], "stabilizedTipPosition": [162.65, 152.012, 38.1399], "timeVisible": 19.7812, "tipPosition": [164.558, 151.693, 37.4869], "tipVelocity": [-9.91236, 8.89476, 6.4416], "tool": false, "touchDistance": -0.225719, "touchZone": "touching", "type": 0, "width": 20.7127}, {"bases": [[[0.695214, -0.433889, -0.573077], [0.707731, 0.552579, 0.440196], [0.125674, -0.711615, 0.691238]], [[0.627024, -0.204214, -0.751756], [0.743286, 0.445686, 0.498889], [0.233167, -0.871585, 0.431245]], [[0.627024, -0.204214, -0.751756], [0.743286, 0.445686, 0.498889], [0.233167, -0.871585, 0.431245]], [[0.627024, -0.204214, -0.751756], [0.743286, 0.445686, 0.498889], [0.233167, -0.871585, 0.431245]]], "btipPosition": [102.826, 205.365, -7.86849], "carpPosition": [79.1399, 103.079, 62.0197], "dipPosition": [98.8742, 190.594, -0.559853], "direction": [0.233167, 0.871585, -0.431245], "extended": true, "handId": 738, "id": 7384, "length": 49.6637, "mcpPosition": [86.2839, 143.531, 22.7261], "pipPosition": [94.3903, 173.833, 7.73334], "stabilizedTipPosition": [95.7101, 201.834, -5.40774], "timeVisible": 19.7812, "tipPosition": [103.418, 200.986, -7.23273], "tipVelocity": [-6.15114, 3.34074, 0.841298], "tool": false, "touchDistance": 0.162798, "touchZone": "hovering", "type": 4, "width": 16.4243}, {"bases": [[[0.77838, 0.12576, -0.615068], [0.369753, 0.699936, 0.611042], [0.507353, -0.703046, 0.498317]], [[0.91296, -0.151538, -0.378866], [0.380437, 0.651845, 0.656023], [0.147549, -0.743058, 0.652759]], [[0.91296, -0.151538, -0.378866], [0.380437, 0.651845, 0.656023], [0.147549, -0.743058, 0.652759]], [[0.91296, -0.151538, -0.378866], [0.380437, 0.651845, 0.656023], [0.147549, -0.743058, 0.652759]]], "btipPosition": [154.162, 218.431, -3.60738], "carpPosition": [105.352, 106.195, 86.3853], "dipPosition": [151.683, 205.948, 7.35839], "direction": [0.147549, 0.743058, -0.652759], "extended": true, "handId": 738, "id": 7381, "length": 57.8214, "mcpPosition": [141.944, 156.901, 50.4451], "pipPosition": [148.177, 188.289, 22.8713], "stabilizedTipPosition": [153.894, 215.599, -0.283443], "timeVisible": 19.7812, "tipPosition": [155.008, 214.424, -1.97888], "tipVelocity": [-15.3868, 6.15563, -1.07181], "tool": false, "touchDistance": -0.244207, "touchZone": "touching", "type": 1, "width": 19.7848}, {"bases": [[[0.765254, -0.0915577, -0.637184], [0.507073, 0.695516, 0.509053], [0.396564, -0.712654, 0.578673]], [[0.800949, -0.162089, -0.576374], [0.539335, 0.61335, 0.576992], [0.259995, -0.773, 0.578682]], [[0.800949, -0.162089, -0.576374], [0.539335, 0.61335, 0.576992], [0.259995, -0.773, 0.578682]], [[0.800949, -0.162089, -0.576374], [0.539335, 0.61335, 0.576992], [0.259995, -0.773, 0.578682]]], "btipPosition": [147.252, 230.543, -14.1035], "carpPosition": [95.7331, 109.271, 79.7725], "dipPosition": [142.448, 216.26, -3.41129], "direction": [0.259995, 0.773, -0.578682], "extended": true, "handId": 738, "id": 7382, "length": 65.8828, "mcpPosition": [122.857, 158.014, 40.1934], "pipPosition": [135.178, 194.648, 12.7684], "stabilizedTipPosition": [146.08, 227.454, -10.1727], "timeVisible": 19.7812, "tipPosition": [147.736, 226.267, -12.1949], "tipVelocity": [-13.0431, 6.03371, -1.79465], "tool": false, "touchDistance": -0.128546, "touchZone": "touching", "type": 2, "width": 19.4313}, {"bases": [[[0.774853, -0.247601, -0.581632], [0.572835, 0.664125, 0.480415], [0.267325, -0.70543, 0.656434]], [[0.724627, -0.136365, -0.675515], [0.624823, 0.543509, 0.560531], [0.290712, -0.828253, 0.479045]], [[0.724627, -0.136365, -0.675515], [0.624823, 0.543509, 0.560531], [0.290712, -0.828253, 0.479045]], [[0.724627, -0.136365, -0.675515], [0.624823, 0.543509, 0.560531], [0.290712, -0.828253, 0.479045]]], "btipPosition": [128.879, 226.84, -11.0835], "carpPosition": [86.4333, 109.36, 72.1201], "dipPosition": [123.539, 211.625, -2.28311], "direction": [0.290712, 0.828253, -0.479045], "extended": true, "handId": 738, "id": 7383, "length": 63.3481, "mcpPosition": [102.849, 152.68, 31.8095], "pipPosition": [115.62, 189.065, 10.7649], "stabilizedTipPosition": [125.285, 222.983, -8.37552], "timeVisible": 19.7812, "tipPosition": [128.778, 222.056, -10.5071], "tipVelocity": [-7.14557, 6.58286, 3.58708], "tool": false, "touchDistance": -0.0519229, "touchZone": "touching", "type": 3, "width": 18.4901}], "r": [[0.554594, -0.0497242, -0.830634], [-0.535503, -0.785372, -0.310527], [-0.636916, 0.617023, -0.46219]], "s": 0.833017, "t": [-53.0332, -13.1845, -81.8722], "timestamp": 747106134355}, {"currentFrameRate": 115.084, "devices": [], "gestures": [], "hands": [{"armBasis": [[0.945739, -0.0747072, -0.316223], [0.146965, 0.966322, 0.21124], [0.289792, -0.246252, 0.924868]], "armWidth": 64.3496, "confidence": 1, "direction": [0.309684, 0.808995, -0.499622], "elbow": [6.5858, 18.0611, 334.254], "grabAngle": 0, "grabStrength": 0, "id": 738, "palmNormal": [0.441069, -0.587724, -0.678262], "palmPosition": [114.632, 135.597, 48.0353], "palmVelocity": [2.66185, 1.94449, 0.299222], "palmWidth": 89.2012, "pinchDistance": 51.4637, "pinchStrength": 0, "r": [[0.55477, -0.0497599, -0.830514], [-0.535367, -0.785453, -0.310557], [-0.636877, 0.616918, -0.462386]], "s": 0.832638, "sphereCenter": [14.5796, 269.654, 98.1079], "sphereRadius": 171.163, "stabilizedPalmPosition": [108.081, 136.857, 49.0736], "t": [53.044, -13.1716, -81.8803], "timeVisible": 19.7899, "type": "left", "wrist": [83.2915, 83.2419, 89.4489]}], "id": 1335975, "interactionBox": {"center": [0, 200, 0], "size": [235.247, 235.247, 147.751]}, "pointables": [{"bases": [[[0.673034, 0.679385, 0.292339], [-0.359808, -0.0445779, 0.931961], [0.646192, -0.732427, 0.214445]], [[0.688368, 0.661588, 0.297407], [-0.302589, -0.110724, 0.946668], [0.659234, -0.741648, 0.12397]], [[0.688368, 0.661588, 0.297407], [-0.622159, 0.327725, 0.710995], [0.372918, -0.674461, 0.637208]], [[0.688368, 0.661588, 0.297407], [-0.7248, 0.611228, 0.317907], [0.0285395, -0.434398, 0.900269]]], "btipPosition": [162.666, 155.434, 34.7397], "carpPosition": [117.247, 86.5343, 82.8843], "dipPosition": [162.01, 145.438, 55.4559], "direction": [0.372918, 0.674461, -0.637208], "extended": false, "handId": 738, "id": 7380, "length": 51.2425, "mcpPosition": [117.247, 86.5343, 82.8843], "pipPosition": [149.508, 122.828, 76.8176], "stabilizedTipPosition": [162.648, 152.03, 38.1615], "timeVisible": 19.7899, "tipPosition": [164.568, 151.729, 37.5023], "tipVelocity": [-4.63867, 5.89537, 5.0096], "tool": false, "touchDistance": -0.224993, "touchZone": "touching", "type": 0, "width": 20.7127}, {"bases": [[[0.695105, -0.433977, -0.573143], [0.707864, 0.55237, 0.440246], [0.12553, -0.711724, 0.691152]], [[0.626963, -0.204266, -0.751794], [0.743482, 0.445138, 0.499085], [0.232706, -0.871853, 0.430953]], [[0.626963, -0.204266, -0.751794], [0.743482, 0.445138, 0.499085], [0.232706, -0.871853, 0.430953]], [[0.626963, -0.204266, -0.751794], [0.743482, 0.445138, 0.499085], [0.232706, -0.871853, 0.430953]]], "btipPosition": [102.815, 205.398, -7.84483], "carpPosition": [79.17, 103.086, 62.0177], "dipPosition": [98.8712, 190.622, -0.541148], "direction": [0.232706, 0.871853, -0.430953], "extended": true, "handId": 738, "id": 7384, "length": 49.6637, "mcpPosition": [86.3058, 143.544, 22.729], "pipPosition": [94.3961, 173.855, 7.74643], "stabilizedTipPosition": [95.7403, 201.835, -5.41144], "timeVisible": 19.7899, "tipPosition": [103.426, 201.009, -7.22095], "tipVelocity": [-1.03795, 3.6219, 2.58974], "tool": false, "touchDistance": 0.163173, "touchZone": "hovering", "type": 4, "width": 16.4243}, {"bases": [[[0.778396, 0.125658, -0.61507], [0.369922, 0.699782, 0.611116], [0.507206, -0.703218, 0.498224]], [[0.913125, -0.152537, -0.378067], [0.380594, 0.651333, 0.656439], [0.146117, -0.743302, 0.652804]], [[0.913125, -0.152537, -0.378067], [0.380594, 0.651333, 0.656439], [0.146117, -0.743302, 0.652804]], [[0.913125, -0.152537, -0.378067], [0.380594, 0.651333, 0.656439], [0.146117, -0.743302, 0.652804]]], "btipPosition": [154.062, 218.474, -3.60539], "carpPosition": [105.381, 106.205, 86.3843], "dipPosition": [151.607, 205.987, 7.36112], "direction": [0.146117, 0.743302, -0.652804], "extended": true, "handId": 738, "id": 7381, "length": 57.8214, "mcpPosition": [141.962, 156.924, 50.4508], "pipPosition": [148.135, 188.322, 22.8751], "stabilizedTipPosition": [153.873, 215.599, -0.326671], "timeVisible": 19.7899, "tipPosition": [155.004, 214.464, -1.96021], "tipVelocity": [-10.9014, 4.82982, 0.248878], "tool": false, "touchDistance": -0.244171, "touchZone": "touching", "type": 1, "width": 19.7848}, {"bases": [[[0.76522, -0.091654, -0.637211], [0.507239, 0.695343, 0.509123], [0.396417, -0.71281, 0.578581]], [[0.801132, -0.162708, -0.575946], [0.539529, 0.612848, 0.577343], [0.259029, -0.773268, 0.578758]], [[0.801132, -0.162708, -0.575946], [0.539529, 0.612848, 0.577343], [0.259029, -0.773268, 0.578758]], [[0.801132, -0.162708, -0.575946], [0.539529, 0.612848, 0.577343], [0.259029, -0.773268, 0.578758]]], "btipPosition": [147.179, 230.588, -14.1052], "carpPosition": [95.7615, 109.28, 79.7716], "dipPosition": [142.393, 216.3, -3.41159], "direction": [0.259029, 0.773268, -0.578758], "extended": true, "handId": 738, "id": 7382, "length": 65.8828, "mcpPosition": [122.875, 158.033, 40.1988], "pipPosition": [135.151, 194.68, 12.7702], "stabilizedTipPosition": [146.08, 227.449, -10.2192], "timeVisible": 19.7899, "tipPosition": [147.732, 226.303, -12.1783], "tipVelocity": [-7.84864, 5.01896, -0.158501], "tool": false, "touchDistance": -0.128569, "touchZone": "touching", "type": 2, "width": 19.4313}, {"bases": [[[0.774786, -0.247706, -0.581677], [0.572993, 0.66394, 0.480481], [0.267181, -0.705567, 0.656346]], [[0.724538, -0.136364, -0.67561], [0.625108, 0.542903, 0.5608], [0.290318, -0.82865, 0.478596]], [[0.724538, -0.136364, -0.67561], [0.625108, 0.542903, 0.5608], [0.290318, -0.82865, 0.478596]], [[0.724538, -0.136364, -0.67561], [0.625108, 0.542903, 0.5608], [0.290318, -0.82865, 0.478596]]], "btipPosition": [128.864, 226.892, -11.039], "carpPosition": [86.4618, 109.368, 72.1191], "dipPosition": [123.53, 211.669, -2.24681], "direction": [0.290318, 0.82865, -0.478596], "extended": true, "handId": 738, "id": 7383, "length": 63.3481, "mcpPosition": [102.869, 152.696, 31.8138], "pipPosition": [115.623, 189.099, 10.7889], "stabilizedTipPosition": [125.319, 222.989, -8.38471], "timeVisible": 19.7899, "tipPosition": [128.78, 222.087, -10.4899], "tipVelocity": [-1.60304, 5.76204, 4.90594], "tool": false, "touchDistance": -0.051212, "touchZone": "touching", "type": 3, "width": 18.4901}], "r": [[0.55477, -0.0497599, -0.830514], [-0.535367, -0.785453, -0.310557], [-0.636877, 0.616918, -0.462386]], "s": 0.832638, "t": [-53.044, -13.1716, -81.8803], "timestamp": 747106143049}, {"currentFrameRate": 115.189, "devices": [], "gestures": [], "hands": [{"armBasis": [[0.945436, -0.0750437, -0.317048], [0.147867, 0.965952, 0.212301], [0.290322, -0.247598, 0.924342]], "armWidth": 64.3496, "confidence": 1, "direction": [0.309488, 0.809092, -0.499587], "elbow": [6.46753, 17.7107, 334.099], "grabAngle": 0, "grabStrength": 0, "id": 738, "palmNormal": [0.441228, -0.587588, -0.678276], "palmPosition": [114.646, 135.624, 48.0317], "palmVelocity": [1.64724, 3.08747, -0.422268], "palmWidth": 89.2012, "pinchDistance": 51.4445, "pinchStrength": 0, "r": [[0.554906, -0.0498106, -0.830421], [-0.5353, -0.785488, -0.310584], [-0.636815, 0.616869, -0.462535]], "s": 0.832264, "sphereCenter": [14.4988, 269.595, 98.0572], "sphereRadius": 171.127, "stabilizedPalmPosition": [108.095, 136.855, 49.0715], "t": [53.0564, -13.1521, -81.8862], "timeVisible": 19.7984, "type": "left", "wrist": [83.3134, 83.2479, 89.4328]}], "id": 1335976, "interactionBox": {"center": [0, 200, 0], "size": [235.247, 235.247, 147.751]}, "pointables": [{"bases": [[[0.673211, 0.679204, 0.292352], [-0.359804, -0.0445207, 0.931965], [0.64601, -0.732598, 0.214408]], [[0.688863, 0.661018, 0.297527], [-0.302321, -0.111063, 0.946714], [0.658839, -0.742105, 0.123332]], [[0.688863, 0.661018, 0.297527], [-0.62199, 0.328203, 0.710923], [0.372284, -0.674787, 0.637234]], [[0.688863, 0.661018, 0.297527], [-0.724372, 0.612179, 0.317052], [0.0274375, -0.433926, 0.900531]]], "btipPosition": [162.626, 155.482, 34.7587], "carpPosition": [117.273, 86.5599, 82.8789], "dipPosition": [161.995, 145.497, 55.481], "direction": [0.372284, 0.674787, -0.637234], "extended": false, "handId": 738, "id": 7380, "length": 51.2425, "mcpPosition": [117.273, 86.5599, 82.8789], "pipPosition": [149.514, 122.876, 76.8435], "stabilizedTipPosition": [162.645, 152.048, 38.1831], "timeVisible": 19.7984, "tipPosition": [164.571, 151.773, 37.507], "tipVelocity": [-4.02685, 5.94875, 2.39637], "tool": false, "touchDistance": -0.224653, "touchZone": "touching", "type": 0, "width": 20.7127}, {"bases": [[[0.694986, -0.434133, -0.57317], [0.708011, 0.552174, 0.440255], [0.125361, -0.711781, 0.691124]], [[0.626899, -0.204397, -0.751811], [0.743645, 0.444775, 0.499167], [0.232359, -0.872007, 0.430828]], [[0.626899, -0.204397, -0.751811], [0.743645, 0.444775, 0.499167], [0.232359, -