{"frames": 112, "data": [{"currentFrameRate": 108.971, "devices": [], "gestures": [], "hands": [{"armBasis": [[0.930014, -0.367411, 0.00908723], [0.248937, 0.647931, 0.719872], [-0.270377, -0.667229, 0.694047]], "armWidth": 64.3496, "confidence": 1, "direction": [0.0282202, 0.946698, -0.320883], "elbow": [32.1055, -153.877, 242.78], "grabAngle": 0.160806, "grabStrength": 0, "id": 743, "palmNormal": [0.280006, -0.315646, -0.906622], "palmPosition": [-32.2785, 89.7761, 29.1097], "palmVelocity": [-15.7743, 53.9484, 48.1064], "palmWidth": 89.2012, "pinchDistance": 43.3076, "pinchStrength": 0, "r": [[0.986264, -0.165136, 0.00366664], [0.164901, 0.983093, -0.0796013], [0.00954041, 0.0791125, 0.99682]], "s": 0.913095, "sphereCenter": [-44.0993, 89.1547, -62.1764], "sphereRadius": 98.3321, "stabilizedPalmPosition": [-33.04, 86.6003, 29.6445], "t": [-14.8155, -37.0055, -25.082], "timeVisible": 2.22001, "type": "left", "wrist": [-39.461, 22.7333, 59.0716]}], "id": 1338248, "interactionBox": {"center": [0, 200, 0], "size": [235.247, 235.247, 147.751]}, "pointables": [{"bases": [[[0.631072, 0.441194, 0.638041], [-0.636031, -0.176582, 0.751188], [0.444086, -0.879867, 0.169177]], [[0.547854, 0.58222, 0.60073], [-0.681514, -0.105846, 0.72411], [0.485176, -0.806112, 0.338802]], [[0.547854, 0.58222, 0.60073], [-0.803674, 0.166889, 0.571188], [0.232302, -0.795719, 0.559345]], [[0.547854, 0.58222, 0.60073], [-0.822498, 0.50604, 0.259654], [-0.152818, -0.636352, 0.75611]]], "btipPosition": [15.5727, 116.561, -5.70649], "carpPosition": [-12.4411, 35.7941, 47.0236], "dipPosition": [19.0893, 101.918, 11.6925], "direction": [0.232302, 0.795719, -0.559345], "extended": false, "handId": 743, "id": 7430, "length": 51.2425, "mcpPosition": [-12.4411, 35.7941, 47.0236], "pipPosition": [11.3016, 75.2422, 30.4439], "stabilizedTipPosition": [16.0752, 112.735, -1.51748], "timeVisible": 2.22001, "tipPosition": [17.7444, 112.698, -1.13969], "tipVelocity": [139.7, 45.6441, 93.731], "tool": false, "touchDistance": 0.198462, "touchZone": "hovering", "type": 0, "width": 20.7127}, {"bases": [[[0.941223, 0.0956007, -0.323976], [0.248882, 0.452194, 0.856492], [0.228381, -0.886781, 0.401822]], [[0.953304, 0.0418342, -0.2991], [0.235872, 0.515374, 0.823865], [0.188614, -0.855944, 0.481441]], [[0.953304, 0.0418342, -0.2991], [0.203006, 0.644489, 0.737172], [0.223606, -0.763468, 0.605901]], [[0.953304, 0.0418342, -0.2991], [0.161809, 0.765475, 0.622788], [0.255008, -0.642104, 0.722962]]], "btipPosition": [8.93726, 180.313, -16.992], "carpPosition": [-25.0997, 51.2676, 58.8702], "dipPosition": [4.65336, 169.526, -4.84687], "direction": [0.223606, 0.763468, -0.605901], "extended": true, "handId": 743, "id": 7431, "length": 57.8214, "mcpPosition": [-8.62809, 115.225, 29.8894], "pipPosition": [-0.66065, 151.382, 9.55243], "stabilizedTipPosition": [9.91343, 176.716, -11.5318], "timeVisible": 2.22001, "tipPosition": [11.0704, 177.666, -12.693], "tipVelocity": [70.7639, 131.289, 239.248], "tool": false, "touchDistance": 0.185949, "touchZone": "hovering", "type": 1, "width": 19.7848}, {"bases": [[[0.907113, -0.103584, -0.407942], [0.409377, 0.442268, 0.798004], [0.0977594, -0.890881, 0.443592]], [[0.909895, -0.133588, -0.392741], [0.410247, 0.430241, 0.804108], [0.0615541, -0.892775, 0.446278]], [[0.909895, -0.133588, -0.392741], [0.406353, 0.477526, 0.779003], [0.0834786, -0.868402, 0.488783]], [[0.909895, -0.133588, -0.392741], [0.394123, 0.573808, 0.717922], [0.129452, -0.808022, 0.574755]]], "btipPosition": [-22.2932, 196.129, -19.5773], "carpPosition": [-36.6226, 53.6759, 56.1987], "dipPosition": [-24.685, 181.2, -8.95758], "direction": [0.0834786, 0.868402, -0.488783], "extended": true, "handId": 743, "id": 7432, "length": 65.8828, "mcpPosition": [-29.9362, 114.609, 25.8587], "pipPosition": [-27.0191, 156.92, 4.70857], "stabilizedTipPosition": [-23.192, 190.673, -12.4457], "timeVisible": 2.22001, "tipPosition": [-21.6457, 192.657, -16.9334], "tipVelocity": [32.2023, 134.588, 233.171], "tool": false, "touchDistance": 0.145118, "touchZone": "hovering", "type": 2, "width": 19.4313}, {"bases": [[[0.878153, -0.266599, -0.397206], [0.476048, 0.405112, 0.780553], [-0.0471813, -0.874534, 0.482664]], [[0.879081, -0.243819, -0.409595], [0.473025, 0.340125, 0.81275], [-0.0588502, -0.908222, 0.41433]], [[0.879081, -0.243819, -0.409595], [0.475967, 0.40227, 0.78207], [-0.0259156, -0.882457, 0.469678]], [[0.879081, -0.243819, -0.409595], [0.476666, 0.453955, 0.752804], [0.00238979, -0.857016, 0.515284]]], "btipPosition": [-53.9212, 186.924, -18.443], "carpPosition": [-47.7766, 53.5414, 51.6573], "dipPosition": [-53.9651, 171.18, -8.97689], "direction": [-0.0259156, 0.882457, -0.469678], "extended": true, "handId": 743, "id": 7433, "length": 63.3481, "mcpPosition": [-50.6739, 107.245, 22.0177], "pipPosition": [-53.2593, 147.144, 3.81596], "stabilizedTipPosition": [-56.0682, 182.298, -16.26], "timeVisible": 2.22001, "tipPosition": [-55.1119, 182.732, -17.2176], "tipVelocity": [-49.8536, 152.607, 234.135], "tool": false, "touchDistance": -0.257716, "touchZone": "touching", "type": 3, "width": 18.4901}, {"bases": [[[0.775981, -0.429272, -0.462147], [0.600786, 0.279849, 0.748826], [-0.192118, -0.858726, 0.475058]], [[0.78602, -0.377519, -0.489542], [0.58731, 0.208826, 0.781959], [-0.192976, -0.902148, 0.385862]], [[0.78602, -0.377519, -0.489542], [0.592938, 0.236323, 0.76979], [-0.17492, -0.895338, 0.4096]], [[0.78602, -0.377519, -0.489542], [0.604755, 0.305305, 0.735568], [-0.128232, -0.874224, 0.468283]]], "btipPosition": [-80.1359, 160.522, -13.6749], "carpPosition": [-56.9688, 48.3086, 42.5582], "dipPosition": [-77.9627, 145.706, -5.73852], "direction": [-0.17492, 0.895338, -0.4096], "extended": true, "handId": 743, "id": 7434, "length": 49.6637, "mcpPosition": [-67.8898, 97.1231, 15.5534], "pipPosition": [-74.5988, 128.487, 2.13843], "stabilizedTipPosition": [-84.127, 154.176, -11.3823], "timeVisible": 2.22001, "tipPosition": [-81.2929, 156.026, -13.3142], "tipVelocity": [-79.9509, 117.282, 152.746], "tool": false, "touchDistance": 0.294135, "touchZone": "hovering", "type": 4, "width": 16.4243}], "r": [[0.986264, -0.165136, 0.00366664], [0.164901, 0.983093, -0.0796013], [0.00954041, 0.0791125, 0.99682]], "s": 0.913095, "t": [14.8155, -37.0055, -25.082], "timestamp": 747126183452}, {"currentFrameRate": 109.264, "devices": [], "gestures": [], "hands": [{"armBasis": [[0.928783, -0.370601, 0.00406474], [0.251479, 0.638226, 0.727616], [-0.27225, -0.674775, 0.685973]], "armWidth": 64.3496, "confidence": 1, "direction": [0.0251876, 0.951023, -0.308093], "elbow": [32.5943, -155.8, 240.134], "grabAngle": 0.151909, "grabStrength": 0, "id": 743, "palmNormal": [0.281684, -0.302455, -0.910591], "palmPosition": [-32.4964, 90.2655, 29.5001], "palmVelocity": [-25.2559, 56.7211, 45.249], "palmWidth": 89.2012, "pinchDistance": 43.9599, "pinchStrength": 0, "r": [[0.986206, -0.165494, 0.00297003], [0.165252, 0.983425, -0.0746078], [0.00942634, 0.0740695, 0.997209]], "s": 0.918773, "sphereCenter": [-42.8463, 87.977, -67.2908], "sphereRadius": 103.419, "stabilizedPalmPosition": [-33.0377, 86.6156, 29.6439], "t": [-14.9464, -36.6427, -24.7757], "timeVisible": 2.22864, "type": "left", "wrist": [-39.468, 22.8076, 58.5621]}], "id": 1338249, "interactionBox": {"center": [0, 200, 0], "size": [235.247, 235.247, 147.751]}, "pointables": [{"bases": [[[0.633001, 0.430406, 0.643475], [-0.636136, -0.184503, 0.749192], [0.44118, -0.883577, 0.157006]], [[0.544977, 0.579917, 0.605554], [-0.676494, -0.122548, 0.72618], [0.495334, -0.805405, 0.325524]], [[0.544977, 0.579917, 0.605554], [-0.802863, 0.152754, 0.576261], [0.241683, -0.800226, 0.548842]], [[0.544977, 0.579917, 0.605554], [-0.8255, 0.497564, 0.266422], [-0.146799, -0.645079, 0.749882]]], "btipPosition": [16.478, 117.2, -4.88499], "carpPosition": [-12.486, 36.1154, 46.6999], "dipPosition": [19.856, 102.356, 12.3707], "direction": [0.241683, 0.800226, -0.548842], "extended": false, "handId": 743, "id": 7430, "length": 51.2425, "mcpPosition": [-12.486, 36.1154, 46.6999], "pipPosition": [11.7538, 75.5289, 30.77], "stabilizedTipPosition": [16.1133, 112.769, -1.49803], "timeVisible": 2.22864, "tipPosition": [17.4514, 113.765, -0.441914], "tipVelocity": [101.226, 68.6605, 91.3924], "tool": false, "touchDistance": 0.211604, "touchZone": "hovering", "type": 0, "width": 20.7127}, {"bases": [[[0.941331, 0.0967356, -0.323325], [0.250995, 0.439771, 0.862324], [0.225606, -0.892885, 0.38969]], [[0.952005, 0.0490708, -0.302123], [0.237013, 0.506395, 0.829089], [0.193678, -0.860904, 0.47046]], [[0.952005, 0.0490708, -0.302123], [0.203788, 0.634867, 0.745262], [0.228379, -0.771062, 0.594396]], [[0.952005, 0.0490708, -0.302123], [0.164056, 0.751501, 0.639008], [0.258403, -0.657904, 0.707382]]], "btipPosition": [9.01584, 181.525, -15.2435], "carpPosition": [-25.2053, 51.3846, 58.7447], "dipPosition": [4.67491, 170.473, -3.36008], "direction": [0.228379, 0.771062, -0.594396], "extended": true, "handId": 743, "id": 7431, "length": 57.8214, "mcpPosition": [-8.93387, 115.782, 30.639], "pipPosition": [-0.752532, 152.149, 10.7658], "stabilizedTipPosition": [9.89381, 176.739, -11.5419], "timeVisible": 2.22864, "tipPosition": [10.486, 178.862, -11.137], "tipVelocity": [7.58628, 133.479, 195.678], "tool": false, "touchDistance": 0.214088, "touchZone": "hovering", "type": 1, "width": 19.7848}, {"bases": [[[0.906483, -0.101183, -0.40994], [0.411417, 0.430084, 0.803594], [0.0949986, -0.897101, 0.431493]], [[0.909053, -0.129763, -0.395959], [0.411802, 0.424766, 0.806221], [0.0635724, -0.895955, 0.439572]], [[0.909053, -0.129763, -0.395959], [0.408488, 0.465037, 0.785416], [0.0822178, -0.87573, 0.47575]], [[0.909053, -0.129763, -0.395959], [0.396717, 0.560147, 0.727221], [0.127429, -0.818167, 0.560683]]], "btipPosition": [-22.571, 197.211, -17.9085], "carpPosition": [-36.7347, 53.7893, 56.0978], "dipPosition": [-24.9255, 182.094, -7.54879], "direction": [0.0822178, 0.87573, -0.47575], "extended": true, "handId": 743, "id": 7432, "length": 65.8828, "mcpPosition": [-30.2371, 115.148, 26.5852], "pipPosition": [-27.2243, 157.609, 5.75297], "stabilizedTipPosition": [-23.1916, 190.687, -12.4595], "timeVisible": 2.22864, "tipPosition": [-22.2062, 193.792, -15.155], "tipVelocity": [-31.2072, 120.384, 186.485], "tool": false, "touchDistance": 0.171935, "touchZone": "hovering", "type": 2, "width": 19.4313}, {"bases": [[[0.876972, -0.264228, -0.401378], [0.477948, 0.39294, 0.785598], [-0.0498594, -0.880785, 0.470884]], [[0.877841, -0.24524, -0.411404], [0.474869, 0.333718, 0.814329], [-0.0624129, -0.910214, 0.409408]], [[0.877841, -0.24524, -0.411404], [0.477713, 0.386562, 0.788898], [-0.0344363, -0.88906, 0.456494]], [[0.877841, -0.24524, -0.411404], [0.478811, 0.428428, 0.766283], [-0.0116665, -0.869659, 0.493515]]], "btipPosition": [-54.841, 187.944, -16.8546], "carpPosition": [-47.8851, 53.6778, 51.5471], "dipPosition": [-54.6267, 171.967, -7.78838], "direction": [-0.0344363, 0.88906, -0.456494], "extended": true, "handId": 743, "id": 7433, "length": 63.3481, "mcpPosition": [-50.9469, 107.766, 22.6308], "pipPosition": [-53.6887, 147.752, 4.64536], "stabilizedTipPosition": [-56.0345, 182.35, -16.2207], "timeVisible": 2.22864, "tipPosition": [-55.5972, 183.77, -15.5677], "tipVelocity": [-99.7224, 112.018, 173.439], "tool": false, "touchDistance": -0.232775, "touchZone": "touching", "type": 3, "width": 18.4901}, {"bases": [[[0.7742, -0.425661, -0.46843], [0.602236, 0.26769, 0.7521], [-0.194746, -0.864381, 0.463594]], [[0.782915, -0.38222, -0.490869], [0.589262, 0.20253, 0.782145], [-0.199536, -0.901604, 0.383791]], [[0.782915, -0.38222, -0.490869], [0.592972, 0.219744, 0.774659], [-0.188225, -0.897564, 0.398687]], [[0.782915, -0.38222, -0.490869], [0.605201, 0.28511, 0.743265], [-0.144139, -0.878988, 0.454537]]], "btipPosition": [-81.1234, 161.176, -12.6947], "carpPosition": [-57.0533, 48.5366, 42.3719], "dipPosition": [-78.6805, 146.279, -4.99127], "direction": [-0.188225, 0.897564, -0.398687], "extended": true, "handId": 743, "id": 7434, "length": 49.6637, "mcpPosition": [-68.1237, 97.6726, 16.0188], "pipPosition": [-75.0608, 129.018, 2.6758], "stabilizedTipPosition": [-84.0915, 154.211, -11.3777], "timeVisible": 2.22864, "tipPosition": [-81.6618, 156.947, -12.0155], "tipVelocity": [-107.262, 73.6554, 107.398], "tool": false, "touchDistance": 0.309579, "touchZone": "hovering", "type": 4, "width": 16.4243}], "r": [[0.986206, -0.165494, 0.00297003], [0.165252, 0.983425, -0.0746078], [0.00942634, 0.0740695, 0.997209]], "s": 0.918773, "t": [14.9464, -36.6427, -24.7757], "timestamp": 747126192080}, {"currentFrameRate": 109.363, "devices": [], "gestures": [], "hands": [{"armBasis": [[0.92739, -0.374095, -0.00124165], [0.255272, 0.630392, 0.733105], [-0.273468, -0.680191, 0.680115]], "armWidth": 64.3496, "confidence": 1, "direction": [0.0239459, 0.947528, -0.318774], "elbow": [32.9918, -157.097, 239.054], "grabAngle": 0.154659, "grabStrength": 0, "id": 743, "palmNormal": [0.282503, -0.312282, -0.907012], "palmPosition": [-32.506, 90.1885, 29.3903], "palmVelocity": [-1.07025, -8.58736, -12.2478], "palmWidth": 89.2012, "pinchDistance": 44.0797, "pinchStrength": 0, "r": [[0.986112, -0.166057, 0.00270428], [0.165811, 0.983464, -0.0728407], [0.00943618, 0.0722775, 0.99734]], "s": 0.922393, "sphereCenter": [-42.5682, 89.2886, -62.7894], "sphereRadius": 99.0899, "stabilizedPalmPosition": [-33.0358, 86.6284, 29.643], "t": [-15.0167, -36.4998, -24.6774], "timeVisible": 2.23761, "type": "left", "wrist": [-39.393, 22.9439, 59.0329]}], "id": 1338250, "interactionBox": {"center": [0, 200, 0], "size": [235.247, 235.247, 147.751]}, "pointables": [{"bases": [[[0.633892, 0.436709, 0.638331], [-0.636086, -0.175134, 0.75148], [0.439972, -0.882391, 0.166769]], [[0.54682, 0.584818, 0.599146], [-0.675813, -0.114123, 0.728185], [0.494232, -0.803096, 0.332823]], [[0.54682, 0.584818, 0.599146], [-0.801602, 0.1591, 0.576299], [0.241706, -0.795409, 0.555791]], [[0.54682, 0.584818, 0.599146], [-0.824656, 0.499863, 0.264725], [-0.144675, -0.638846, 0.755609]]], "btipPosition": [16.5349, 116.931, -5.09987], "carpPosition": [-12.4247, 36.2645, 47.2069], "dipPosition": [19.864, 102.23, 12.2876], "direction": [0.241706, 0.795409, -0.555791], "extended": false, "handId": 743, "id": 7430, "length": 51.2425, "mcpPosition": [-12.4247, 36.2645, 47.2069], "pipPosition": [11.7611, 75.565, 30.9198], "stabilizedTipPosition": [16.1496, 112.793, -1.48591], "timeVisible": 2.23761, "tipPosition": [17.4187, 113.423, -0.798642], "tipVelocity": [5.0954, -26.2976, -20.5838], "tool": false, "touchDistance": 0.208528, "touchZone": "hovering", "type": 0, "width": 20.7127}, {"bases": [[[0.941333, 0.0917266, -0.324774], [0.251991, 0.449091, 0.857215], [0.224483, -0.888765, 0.39963]], [[0.951268, 0.0477342, -0.304647], [0.239571, 0.507621, 0.827603], [0.19415, -0.860257, 0.471448]], [[0.951268, 0.0477342, -0.304647], [0.206199, 0.636115, 0.743532], [0.229283, -0.770116, 0.595273]], [[0.951268, 0.0477342, -0.304647], [0.164011, 0.758296, 0.630942], [0.26113, -0.650161, 0.713514]]], "btipPosition": [9.05622, 181.314, -15.7968], "carpPosition": [-25.1712, 51.65, 59.0738], "dipPosition": [4.66946, 170.392, -3.8104], "direction": [0.229283, 0.770116, -0.595273], "extended": true, "handId": 743, "id": 7431, "length": 57.8214, "mcpPosition": [-8.98076, 115.751, 30.2512], "pipPosition": [-0.779462, 152.09, 10.3363], "stabilizedTipPosition": [9.87927, 176.756, -11.5537], "timeVisible": 2.23761, "tipPosition": [10.2682, 178.402, -12.2589], "tipVelocity": [3.32822, -20.2648, -59.064], "tool": false, "touchDistance": 0.205261, "touchZone": "hovering", "type": 1, "width": 19.7848}, {"bases": [[[0.906164, -0.107104, -0.409141], [0.412374, 0.438511, 0.798533], [0.0938866, -0.892321, 0.44153]], [[0.908697, -0.13551, -0.39485], [0.412955, 0.430306, 0.802686], [0.0611343, -0.892454, 0.446978]], [[0.908697, -0.13551, -0.39485], [0.409808, 0.469792, 0.781891], [0.079543, -0.872315, 0.482432]], [[0.908697, -0.13551, -0.39485], [0.397511, 0.569747, 0.719287], [0.127494, -0.810571, 0.571594]]], "btipPosition": [-22.8044, 196.701, -19.0368], "carpPosition": [-36.7029, 54.008, 56.3953], "dipPosition": [-25.1601, 181.724, -8.47555], "direction": [0.079543, 0.872315, -0.482432], "extended": true, "handId": 743, "id": 7432, "length": 65.8828, "mcpPosition": [-30.2814, 115.04, 26.1963], "pipPosition": [-27.3841, 157.335, 5.01303], "stabilizedTipPosition": [-23.1922, 190.697, -12.4758], "timeVisible": 2.23761, "tipPosition": [-22.3615, 193.22, -16.4265], "tipVelocity": [-26.0576, -53.2674, -120.665], "tool": false, "touchDistance": 0.153901, "touchZone": "hovering", "type": 2, "width": 19.4313}, {"bases": [[[0.876421, -0.269999, -0.398731], [0.478845, 0.40107, 0.780929], [-0.0509312, -0.875353, 0.480794]], [[0.877374, -0.249393, -0.409899], [0.475771, 0.341645, 0.810506], [-0.0620947, -0.906136, 0.418405]], [[0.877374, -0.249393, -0.409899], [0.478687, 0.396669, 0.78327], [-0.0327482, -0.883435, 0.467408]], [[0.877374, -0.249393, -0.409899], [0.479726, 0.440295, 0.758949], [-0.00880042, -0.862522, 0.505944]]], "btipPosition": [-54.7603, 187.298, -18.0894], "carpPosition": [-47.8512, 53.8292, 51.8417], "dipPosition": [-54.5987, 171.453, -8.79483], "direction": [-0.0327482, 0.883435, -0.467408], "extended": true, "handId": 743, "id": 7433, "length": 63.3481, "mcpPosition": [-50.9788, 107.583, 22.3169], "pipPosition": [-53.7067, 147.39, 3.9362], "stabilizedTipPosition": [-56.0041, 182.38, -16.2144], "timeVisible": 2.23761, "tipPosition": [-55.7098, 183.153, -16.727], "tipVelocity": [7.64801, -68.6431, -131.845], "tool": false, "touchDistance": -0.25248, "touchZone": "touching", "type": 3, "width": 18.4901}, {"bases": [[[0.773389, -0.432029, -0.463919], [0.602938, 0.275271, 0.748794], [-0.195797, -0.858823, 0.473378]], [[0.782916, -0.384546, -0.489047], [0.590062, 0.209879, 0.779601], [-0.197151, -0.89893, 0.391224]], [[0.782916, -0.384546, -0.489047], [0.594151, 0.229092, 0.771039], [-0.184463, -0.894227, 0.407838]], [[0.782916, -0.384546, -0.489047], [0.606413, 0.296145, 0.737944], [-0.138945, -0.874313, 0.46505]]], "btipPosition": [-80.8947, 160.659, -13.514], "carpPosition": [-57.0081, 48.5717, 42.7213], "dipPosition": [-78.5399, 145.841, -5.63246], "direction": [-0.184463, 0.894227, -0.407838], "extended": true, "handId": 743, "id": 7434, "length": 49.6637, "mcpPosition": [-68.1383, 97.3917, 15.812], "pipPosition": [-74.9925, 128.644, 2.2106], "stabilizedTipPosition": [-84.0575, 154.239, -11.3807], "timeVisible": 2.23761, "tipPosition": [-81.7196, 156.347, -12.8676], "tipVelocity": [23.2483, -55.6459, -86.8055], "tool": false, "touchDistance": 0.296606, "touchZone": "hovering", "type": 4, "width": 16.4243}], "r": [[0.986112, -0.166057, 0.00270428], [0.165811, 0.983464, -0.0728407], [0.00943618, 0.0722775, 0.99734]], "s": 0.922393, "t": [15.0167, -36.4998, -24.6774], "timestamp": 747126201047}, {"currentFrameRate": 109.479, "devices": [], "gestures": [], "hands": [{"armBasis": [[0.926224, -0.376928, -0.00590538], [0.260327, 0.628213, 0.733198], [-0.272653, -0.680643, 0.67999]], "armWidth": 64.3496, "confidence": 1, "direction": [0.0224716, 0.945452, -0.324986], "elbow": [32.8829, -157.134, 239.344], "grabAngle": 0.158669, "grabStrength": 0, "id": 743, "palmNormal": [0.286275, -0.317542, -0.903999], "palmPosition": [-32.4738, 90.1369, 29.361], "palmVelocity": [3.60011, -5.78217, -3.28612], "palmWidth": 89.2012, "pinchDistance": 44.0337, "pinchStrength": 0, "r": [[0.985949, -0.167031, 0.00207441], [0.166737, 0.983307, -0.0728418], [0.010127, 0.0721642, 0.997341]], "s": 0.923713, "sphereCenter": [-42.1446, 89.2398, -61.662], "sphereRadius": 97.9774, "stabilizedPalmPosition": [-33.0336, 86.642, 29.6419], "t": [-15.0358, -36.4541, -24.643], "timeVisible": 2.24653, "type": "left", "wrist": [-39.2861, 23.027, 59.3562]}], "id": 1338251, "interactionBox": {"center": [0, 200, 0], "size": [235.247, 235.247, 147.751]}, "pointables": [{"bases": [[[0.637117, 0.439243, 0.633362], [-0.634103, -0.168442, 0.754679], [0.438172, -0.882436, 0.171209]], [[0.551505, 0.585577, 0.594089], [-0.673912, -0.106955, 0.731029], [0.491615, -0.80353, 0.335641]], [[0.551505, 0.585577, 0.594089], [-0.798761, 0.165412, 0.578464], [0.240466, -0.793561, 0.558961]], [[0.551505, 0.585577, 0.594089], [-0.821933, 0.503018, 0.267205], [-0.142369, -0.635666, 0.758722]]], "btipPosition": [16.5353, 116.939, -5.02216], "carpPosition": [-12.3078, 36.3862, 47.6005], "dipPosition": [19.8113, 102.311, 12.4369], "direction": [0.240466, 0.793561, -0.558961], "extended": false, "handId": 743, "id": 7430, "length": 51.2425, "mcpPosition": [-12.3078, 36.3862, 47.6005], "pipPosition": [11.75, 75.7079, 31.1755], "stabilizedTipPosition": [16.1739, 112.81, -1.47568], "timeVisible": 2.24653, "tipPosition": [17.4843, 113.307, -0.822793], "tipVelocity": [-1.32837, 2.75475, 10.5521], "tool": false, "touchDistance": 0.210098, "touchZone": "hovering", "type": 0, "width": 20.7127}, {"bases": [[[0.940513, 0.0870544, -0.328417], [0.255964, 0.454098, 0.853392], [0.223425, -0.886689, 0.404802]], [[0.95064, 0.0419388, -0.307448], [0.244435, 0.509126, 0.825253], [0.19114, -0.85967, 0.473744]], [[0.95064, 0.0419388, -0.307448], [0.21201, 0.635695, 0.742256], [0.226572, -0.7708, 0.595426]], [[0.95064, 0.0419388, -0.307448], [0.167552, 0.764578, 0.622372], [0.26117, -0.643165, 0.719812]]], "btipPosition": [8.82672, 181.204, -16.1265], "carpPosition": [-25.1335, 51.816, 59.3236], "dipPosition": [4.43931, 170.399, -4.03429], "direction": [0.226572, 0.7708, -0.595426], "extended": true, "handId": 743, "id": 7431, "length": 57.8214, "mcpPosition": [-9.01934, 115.767, 30.128], "pipPosition": [-0.945209, 152.081, 10.1161], "stabilizedTipPosition": [9.86453, 176.77, -11.5665], "timeVisible": 2.24653, "tipPosition": [10.1573, 178.195, -12.7466], "tipVelocity": [-25.7282, -9.27466, -34.2108], "tool": false, "touchDistance": 0.200171, "touchZone": "hovering", "type": 1, "width": 19.7848}, {"bases": [[[0.904543, -0.112238, -0.411345], [0.416127, 0.4427, 0.794264], [0.0929566, -0.889617, 0.447147]], [[0.907127, -0.141667, -0.396296], [0.416766, 0.433349, 0.799071], [0.058532, -0.890022, 0.452145]], [[0.907127, -0.141667, -0.396296], [0.413736, 0.47267, 0.778078], [0.077089, -0.869778, 0.487385]], [[0.907127, -0.141667, -0.396296], [0.401469, 0.573796, 0.713849], [0.126264, -0.806652, 0.577382]]], "btipPosition": [-23.0424, 196.375, -19.7144], "carpPosition": [-36.6626, 54.1254, 56.5922], "dipPosition": [-25.3754, 181.471, -9.04618], "direction": [0.077089, 0.869778, -0.487385], "extended": true, "handId": 743, "id": 7432, "length": 65.8828, "mcpPosition": [-30.3047, 114.972, 26.009], "pipPosition": [-27.5307, 157.152, 4.58089], "stabilizedTipPosition": [-23.1936, 190.705, -12.4924], "timeVisible": 2.24653, "tipPosition": [-22.4644, 192.89, -17.1083], "tipVelocity": [-26.0776, -34.6669, -73.1537], "tool": false, "touchDistance": 0.143019, "touchZone": "hovering", "type": 2, "width": 19.4313}, {"bases": [[[0.874403, -0.27498, -0.399757], [0.48244, 0.404966, 0.776695], [-0.0516873, -0.872003, 0.486764]], [[0.875453, -0.252147, -0.412315], [0.479459, 0.345728, 0.806592], [-0.0608306, -0.903822, 0.423563]], [[0.875453, -0.252147, -0.412315], [0.482397, 0.403662, 0.7774], [-0.0295829, -0.879477, 0.475022]], [[0.875453, -0.252147, -0.412315], [0.483291, 0.450823, 0.750458], [-0.00334442, -0.85626, 0.516535]]], "btipPosition": [-54.5092, 186.825, -18.9224], "carpPosition": [-47.7956, 53.8866, 52.0039], "dipPosition": [-54.4477, 171.095, -9.43327], "direction": [-0.0295829, 0.879477, -0.475022], "extended": true, "handId": 743, "id": 7433, "length": 63.3481, "mcpPosition": [-50.9696, 107.435, 22.1124], "pipPosition": [-53.6419, 147.14, 3.50513], "stabilizedTipPosition": [-55.9727, 182.397, -16.2254], "timeVisible": 2.24653, "tipPosition": [-55.7484, 182.74, -17.434], "tipVelocity": [25.5577, -50.0091, -88.311], "tool": false, "touchDistance": -0.265617, "touchZone": "touching", "type": 3, "width": 18.4901}, {"bases": [[[0.77073, -0.437163, -0.463533], [0.606094, 0.278625, 0.744995], [-0.196532, -0.855135, 0.479707]], [[0.781152, -0.384962, -0.491535], [0.593427, 0.213137, 0.776155], [-0.194026, -0.897985, 0.394939]], [[0.781152, -0.384962, -0.491535], [0.597906, 0.234594, 0.766468], [-0.17975, -0.89262, 0.413425]], [[0.781152, -0.384962, -0.491535], [0.609993, 0.302768, 0.732284], [-0.13308, -0.871858, 0.471332]]], "btipPosition": [-80.5385, 160.316, -14.0491], "carpPosition": [-56.9088, 48.5443, 42.8891], "dipPosition": [-78.2831, 145.54, -6.06103], "direction": [-0.17975, 0.89262, -0.413425], "extended": true, "handId": 743, "id": 7434, "length": 49.6637, "mcpPosition": [-68.0808, 97.1546, 15.62], "pipPosition": [-74.8264, 128.374, 1.88947], "stabilizedTipPosition": [-84.0227, 154.262, -11.3878], "timeVisible": 2.24653, "tipPosition": [-81.6824, 155.908, -13.4626], "tipVelocity": [37.3406, -37.2947, -57.1981], "tool": false, "touchDistance": 0.288097, "touchZone": "hovering", "type": 4, "width": 16.4243}], "r": [[0.985949, -0.167031, 0.00207441], [0.166737, 0.983307, -0.0728418], [0.010127, 0.0721642, 0.997341]], "s": 0.923713, "t": [15.0358, -36.4541, -24.643], "timestamp": 747126209973}, {"currentFrameRate": 109.971, "devices": [], "gestures": [], "hands": [{"armBasis": [[0.926448, -0.376359, -0.00687257], [0.261543, 0.630473, 0.730821], [-0.270718, -0.678865, 0.682535]], "armWidth": 64.3496, "confidence": 1, "direction": [0.0219015, 0.944354, -0.328201], "elbow": [32.4427, -156.614, 240.225], "grabAngle": 0.162676, "grabStrength": 0, "id": 743, "palmNormal": [0.287359, -0.320373, -0.902655], "palmPosition": [-32.4143, 90.0938, 29.3476], "palmVelocity": [7.25031, -5.23665, -1.62134], "palmWidth": 89.2012, "pinchDistance": 43.9207, "pinchStrength": 0, "r": [[0.985788, -0.167987, 0.00151159], [0.167642, 0.983101, -0.0735456], [0.0108687, 0.0727538, 0.997291]], "s": 0.923266, "sphereCenter": [-42.0333, 88.7245, -61.9556], "sphereRadius": 98.234, "stabilizedPalmPosition": [-33.031, 86.6563, 29.6407], "t": [-15.0155, -36.4528, -24.6324], "timeVisible": 2.25475, "type": "left", "wrist": [-39.2142, 23.0758, 59.5638]}], "id": 1338252, "interactionBox": {"center": [0, 200, 0], "size": [235.247, 235.247, 147.751]}, "pointables": [{"bases": [[[0.638073, 0.440829, 0.631294], [-0.63359, -0.165281, 0.755808], [0.437523, -0.882242, 0.173843]], [[0.554056, 0.584908, 0.592371], [-0.673564, -0.103192, 0.73189], [0.489216, -0.804508, 0.336799]], [[0.554056, 0.584908, 0.592371], [-0.797646, 0.169316, 0.578872], [0.238289, -0.79323, 0.560361]], [[0.554056, 0.584908, 0.592371], [-0.820308, 0.504827, 0.268783], [-0.141832, -0.634848, 0.759508]]], "btipPosition": [16.4494, 116.995, -4.95553], "carpPosition": [-12.2156, 36.4243, 47.7888], "dipPosition": [19.7132, 102.386, 12.5216], "direction": [0.238289, 0.79323, -0.560361], "extended": false, "handId": 743, "id": 7430, "length": 51.2425, "mcpPosition": [-12.2156, 36.4243, 47.7888], "pipPosition": [11.7248, 75.7939, 31.3071], "stabilizedTipPosition": [16.1934, 112.825, -1.4654], "timeVisible": 2.25475, "tipPosition": [17.5437, 113.213, -0.872416], "tipVelocity": [-10.7883, 7.34679, 8.6144], "tool": false, "touchDistance": 0.211278, "touchZone": "hovering", "type": 0, "width": 20.7127}, {"bases": [[[0.940301, 0.0850749, -0.329539], [0.257127, 0.456783, 0.851607], [0.222978, -0.885501, 0.407638]], [[0.95105, 0.0367194, -0.306848], [0.246243, 0.509912, 0.82423], [0.18673, -0.859443, 0.475909]], [[0.95105, 0.0367194, -0.306848], [0.214986, 0.634666, 0.74228], [0.222002, -0.771914, 0.595705]], [[0.95105, 0.0367194, -0.306848], [0.168765, 0.770076, 0.615225], [0.258887, -0.636894, 0.726184]]], "btipPosition": [8.52916, 181.096, -16.4121], "carpPosition": [-25.0656, 51.8825, 59.4477], "dipPosition": [4.18009, 170.397, -4.21285], "direction": [0.222002, 0.771914, -0.595705], "extended": true, "handId": 743, "id": 7431, "length": 57.8214, "mcpPosition": [-8.98367, 115.748, 30.0475], "pipPosition": [-1.09581, 152.052, 9.94414], "stabilizedTipPosition": [9.84846, 176.782, -11.5806], "timeVisible": 2.25475, "tipPosition": [10.1201, 178.058, -13.0356], "tipVelocity": [-35.1356, -10.159, -31.757], "tool": false, "touchDistance": 0.195822, "touchZone": "hovering", "type": 1, "width": 19.7848}, {"bases": [[[0.904078, -0.114467, -0.411754], [0.417228, 0.445038, 0.792378], [0.0925448, -0.888166, 0.450107]], [[0.906746, -0.145239, -0.395876], [0.417899, 0.434907, 0.797632], [0.0563219, -0.888685, 0.455045]], [[0.906746, -0.145239, -0.395876], [0.414893, 0.475008, 0.776035], [0.0753335, -0.867913, 0.49097]], [[0.906746, -0.145239, -0.395876], [0.402902, 0.575427, 0.711726], [0.124427, -0.804854, 0.580283]]], "btipPosition": [-23.1901, 196.174, -20.1021], "carpPosition": [-36.5944, 54.172, 56.6983], "dipPosition": [-25.4892, 181.303, -9.38028], "direction": [0.0753335, 0.867913, -0.49097], "extended": true, "handId": 743, "id": 7432, "length": 65.8828, "mcpPosition": [-30.2647, 114.919, 25.9126], "pipPosition": [-27.5954, 157.036, 4.34703], "stabilizedTipPosition": [-23.1951, 190.711, -12.5074], "timeVisible": 2.25475, "tipPosition": [-22.4693, 192.697, -17.4659], "tipVelocity": [-17.0268, -23.5759, -45.6773], "tool": false, "touchDistance": 0.136762, "touchZone": "hovering", "type": 2, "width": 19.4313}, {"bases": [[[0.8738, -0.277141, -0.399582], [0.483491, 0.407183, 0.77488], [-0.0520481, -0.870284, 0.489792]], [[0.874913, -0.252743, -0.413097], [0.48058, 0.347875, 0.805], [-0.059752, -0.902831, 0.425824]], [[0.874913, -0.252743, -0.413097], [0.483544, 0.408886, 0.773949], [-0.0267009, -0.876888, 0.479952]], [[0.874913, -0.252743, -0.413097], [0.484279, 0.458671, 0.745046], [0.00117037, -0.851905, 0.523696]]], "btipPosition": [-54.25, 186.546, -19.3763], "carpPosition": [-47.7231, 53.9073, 52.1011], "dipPosition": [-54.2715, 170.896, -9.75561], "direction": [-0.0267009, 0.876888, -0.479952], "extended": true, "handId": 743, "id": 7433, "length": 63.3481, "mcpPosition": [-50.9193, 107.35, 22.0237], "pipPosition": [-53.5443, 147.012, 3.31707], "stabilizedTipPosition": [-55.9399, 182.408, -16.2433], "timeVisible": 2.25475, "tipPosition": [-55.7083, 182.522, -17.7747], "tipVelocity": [29.2119, -31.6852, -51.5486], "tool": false, "touchDistance": -0.272678, "touchZone": "touching", "type": 3, "width": 18.4901}, {"bases": [[[0.769925, -0.439448, -0.462711], [0.607003, 0.280622, 0.743504], [-0.196884, -0.853309, 0.482804]], [[0.781029, -0.383445, -0.492914], [0.594526, 0.214965, 0.774809], [-0.191137, -0.898198, 0.395862]], [[0.781029, -0.383445, -0.492914], [0.599504, 0.239312, 0.763757], [-0.174898, -0.89202, 0.416786]], [[0.781029, -0.383445, -0.492914], [0.611387, 0.308623, 0.728669], [-0.12728, -0.870472, 0.475476]]], "btipPosition": [-80.1811, 160.166, -14.2846], "carpPosition": [-56.8235, 48.5256, 42.9966], "dipPosition": [-78.024, 145.413, -6.22632], "direction": [-0.174898, 0.89202, -0.416786], "extended": true, "handId": 743, "id": 7434, "length": 49.6637, "mcpPosition": [-68.0154, 97.0322, 15.5515], "pipPosition": [-74.6605, 128.259, 1.78883], "stabilizedTipPosition": [-83.9842, 154.284, -11.3971], "timeVisible": 2.25475, "tipPosition": [-81.6042, 155.696, -13.7169], "tipVelocity": [40.7406, -17.6047, -26.6938], "tool": false, "touchDistance": 0.284441, "touchZone": "hovering", "type": 4, "width": 16.4243}], "r": [[0.985788, -0.167987, 0.00151159], [0.167642, 0.983101, -0.0735456], [0.0108687, 0.0727538, 0.997291]], "s": 0.923266, "t": [15.0155, -36.4528, -24.6324], "timestamp": 747126218191}, {"currentFrameRate": 110.2, "devices": [], "gestures": [], "hands": [{"armBasis": [[0.927115, -0.374708, -0.0071919], [0.262027, 0.634357, 0.727278], [-0.267954, -0.676155, 0.686306]], "armWidth": 64.3496, "confidence": 1, "direction": [0.0217499, 0.943722, -0.330022], "elbow": [31.7462, -155.857, 241.353], "grabAngle": 0.165963, "grabStrength": 0, "id": 743, "palmNormal": [0.288253, -0.322002, -0.90179], "palmPosition": [-32.3571, 90.0664, 29.3271], "palmVelocity": [6.59935, -3.16961, -2.37446], "palmWidth": 89.2012, "pinchDistance": 43.8038, "pinchStrength": 0, "r": [[0.985643, -0.168841, 0.000963658], [0.168442, 0.982891, -0.07452], [0.0116349, 0.0736124, 0.997219]], "s": 0.921603, "sphereCenter": [-42.0568, 88.1634, -62.6168], "sphereRadius": 98.8343, "stabilizedPalmPosition": [-33.0278, 86.6724, 29.6392], "t": [-14.9768, -36.4659, -24.6374], "timeVisible": 2.26342, "type": "left", "wrist": [-39.1791, 23.1162, 59.6937]}], "id": 1338253, "interactionBox": {"center": [0, 200, 0], "size": [235.247, 235.247, 147.751]}, "pointables": [{"bases": [[[0.638795, 0.44177, 0.629904], [-0.633036, -0.163523, 0.756654], [0.437271, -0.882099, 0.175199]], [[0.556203, 0.583761, 0.591491], [-0.673369, -0.100555, 0.732436], [0.487045, -0.805675, 0.337158]], [[0.556203, 0.583761, 0.591491], [-0.796764, 0.172264, 0.579216], [0.236231, -0.793441, 0.560934]], [[0.556203, 0.583761, 0.591491], [-0.818907, 0.506201, 0.270465], [-0.141526, -0.63481, 0.759597]]], "btipPosition": [16.3472, 117.076, -4.89362], "carpPosition": [-12.1497, 36.4419, 47.8895], "dipPosition": [19.6039, 102.468, 12.5856], "direction": [0.236231, 0.793441, -0.560934], "extended": false, "handId": 743, "id": 7430, "length": 51.2425, "mcpPosition": [-12.1497, 36.4419, 47.8895], "pipPosition": [11.6845, 75.8686, 31.3902], "stabilizedTipPosition": [16.2119, 112.844, -1.45328], "timeVisible": 2.26342, "tipPosition": [17.6073, 113.159, -0.89613], "tipVelocity": [-11.9833, 9.36061, 7.19727], "tool": false, "touchDistance": 0.212318, "touchZone": "hovering", "type": 0, "width": 20.7127}, {"bases": [[[0.940065, 0.0840086, -0.330485], [0.25804, 0.458325, 0.850502], [0.222919, -0.884806, 0.409178]], [[0.951605, 0.0315234, -0.305703], [0.247632, 0.510456, 0.823476], [0.182006, -0.859326, 0.477946]], [[0.951605, 0.0315234, -0.305703], [0.217168, 0.634861, 0.741478], [0.217453, -0.771983, 0.597291]], [[0.951605, 0.0315234, -0.305703], [0.170317, 0.773902, 0.609974], [0.255812, -0.632521, 0.73108]]], "btipPosition": [8.21491, 181.004, -16.6692], "carpPosition": [-25.0162, 51.917, 59.5076], "dipPosition": [3.9175, 170.378, -4.38771], "direction": [0.217453, 0.771983, -0.597291], "extended": true, "handId": 743, "id": 7431, "length": 57.8214, "mcpPosition": [-8.9386, 115.732, 29.9964], "pipPosition": [-1.25028, 152.032, 9.80698], "stabilizedTipPosition": [9.82794, 176.796, -11.5983], "timeVisible": 2.26342, "tipPosition": [10.1032, 177.981, -13.2076], "tipVelocity": [-34.8867, -8.70692, -27.4821], "tool": false, "touchDistance": 0.191852, "touchZone": "hovering", "type": 1, "width": 19.7848}, {"bases": [[[0.903684, -0.115677, -0.41228], [0.418086, 0.446392, 0.791162], [0.0925198, -0.887329, 0.45176]], [[0.90644, -0.147719, -0.395658], [0.418786, 0.435569, 0.796805], [0.0546335, -0.887952, 0.45668]], [[0.90644, -0.147719, -0.395658], [0.415755, 0.476818, 0.774462], [0.0742543, -0.866501, 0.493622]], [[0.90644, -0.147719, -0.395658], [0.404068, 0.575869, 0.710707], [0.122862, -0.804086, 0.581679]]], "btipPosition": [-23.2803, 196.052, -20.3467], "carpPosition": [-36.5438, 54.196, 56.7442], "dipPosition": [-25.5505, 181.195, -9.59906], "direction": [0.0742543, 0.866501, -0.493622], "extended": true, "handId": 743, "id": 7432, "length": 65.8828, "mcpPosition": [-30.2158, 114.886, 25.8454], "pipPosition": [-27.6266, 156.968, 4.20239], "stabilizedTipPosition": [-23.1968, 190.716, -12.5222], "timeVisible": 2.26342, "tipPosition": [-22.4317, 192.583, -17.6799], "tipVelocity": [-9.64141, -13.6624, -27.5343], "tool": false, "touchDistance": 0.132785, "touchZone": "hovering", "type": 2, "width": 19.4313}, {"bases": [[[0.873343, -0.278313, -0.399767], [0.484318, 0.408474, 0.773683], [-0.0520321, -0.869305, 0.49153]], [[0.874495, -0.252664, -0.414029], [0.481467, 0.348837, 0.804054], [-0.0587261, -0.902482, 0.426706]], [[0.874495, -0.252664, -0.414029], [0.484442, 0.41277, 0.771322], [-0.0239862, -0.87509, 0.483366]], [[0.874495, -0.252664, -0.414029], [0.485007, 0.464762, 0.740787], [0.00525517, -0.848621, 0.528975]]], "btipPosition": [-54.0004, 186.371, -19.6745], "carpPosition": [-47.6686, 53.9174, 52.1382], "dipPosition": [-54.097, 170.782, -9.95688], "direction": [-0.0239862, 0.87509, -0.483366], "extended": true, "handId": 743, "id": 7433, "length": 63.3481, "mcpPosition": [-50.8638, 107.3, 21.9541], "pipPosition": [-53.4436, 146.946, 3.20878], "stabilizedTipPosition": [-55.8987, 182.416, -16.269], "timeVisible": 2.26342, "tipPosition": [-55.6331, 182.397, -17.9877], "tipVelocity": [26.8059, -18.5636, -31.8397], "tool": false, "touchDistance": -0.277277, "touchZone": "touching", "type": 3, "width": 18.4901}, {"bases": [[[0.769342, -0.440696, -0.462493], [0.607747, 0.281797, 0.742452], [-0.196866, -0.852278, 0.484629]], [[0.780992, -0.381457, -0.494513], [0.595421, 0.21581, 0.773886], [-0.188483, -0.898842, 0.395673]], [[0.780992, -0.381457, -0.494513], [0.600886, 0.243091, 0.761474], [-0.170258, -0.891851, 0.419064]], [[0.780992, -0.381457, -0.494513], [0.612554, 0.313465, 0.725615], [-0.121779, -0.869615, 0.478476]]], "btipPosition": [-79.8408, 160.1, -14.4363], "carpPosition": [-56.7589, 48.5138, 43.0367], "dipPosition": [-77.7769, 145.362, -6.32718], "direction": [-0.170258, 0.891851, -0.419064], "extended": true, "handId": 743, "id": 7434, "length": 49.6637, "mcpPosition": [-67.9499, 96.9617, 15.4878], "pipPosition": [-74.5027, 128.211, 1.73177], "stabilizedTipPosition": [-83.9341, 154.311, -11.4098], "timeVisible": 2.26342, "tipPosition": [-81.5022, 155.583, -13.8825], "tipVelocity": [36.7896, -7.20836, -16.153], "tool": false, "touchDistance": 0.282108, "touchZone": "hovering", "type": 4, "width": 16.4243}], "r": [[0.985643, -0.168841, 0.000963658], [0.168442, 0.982891, -0.07452], [0.0116349, 0.0736124, 0.997219]], "s": 0.921603, "t": [14.9768, -36.4659, -24.6374], "timestamp": 747126226858}, {"currentFrameRate": 110.464, "devices": [], "gestures": [], "hands": [{"armBasis": [[0.92865, -0.370915, -0.00554681], [0.259653, 0.639262, 0.723827], [-0.264932, -0.673622, 0.68996]], "armWidth": 64.3496, "confidence": 1, "direction": [0.0225001, 0.942578, -0.333227], "elbow": [30.9312, -155.107, 242.547], "grabAngle": 0.16669, "grabStrength": 0, "id": 743, "palmNormal": [0.286359, -0.325422, -0.901165], "palmPosition": [-32.2948, 90.0271, 29.2986], "palmVelocity": [7.253, -4.57721, -3.32064], "palmWidth": 89.2012, "pinchDistance": 43.6904, "pinchStrength": 0, "r": [[0.985572, -0.169254, 0.000956849], [0.168838, 0.982717, -0.0759063], [0.0119072, 0.0749727, 0.997114]], "s": 0.91937, "sphereCenter": [-42.5879, 88.1596, -62.0479], "sphereRadius": 98.3139, "stabilizedPalmPosition": [-33.0242, 86.6891, 29.6375], "t": [-14.9263, -36.4921, -24.6542], "timeVisible": 2.27201, "type": "left", "wrist": [-39.1942, 23.1957, 59.9206]}], "id": 1338254, "interactionBox": {"center": [0, 200, 0], "size": [235.247, 235.247, 147.751]}, "pointables": [{"bases": [[[0.637176, 0.444755, 0.629443], [-0.634034, -0.161844, 0.75618], [0.438187, -0.880908, 0.178867]], [[0.555883, 0.584393, 0.591168], [-0.674599, -0.0983903, 0.731598], [0.485706, -0.805484, 0.339538]], [[0.555883, 0.584393, 0.591168], [-0.797793, 0.1753, 0.576885], [0.233496, -0.79231, 0.563671]], [[0.555883, 0.584393, 0.591168], [-0.818831, 0.507479, 0.268293], [-0.143216, -0.633206, 0.760618]]], "btipPosition": [16.1704, 116.987, -5.00628], "carpPosition": [-12.1304, 36.4378, 48.0086], "dipPosition": [19.4659, 102.416, 12.4964], "direction": [0.233496, 0.79231, -0.563671], "extended": false, "handId": 743, "id": 7430, "length": 51.2425, "mcpPosition": [-12.1304, 36.4378, 48.0086], "pipPosition": [11.6383, 75.8551, 31.3929], "stabilizedTipPosition": [16.2262, 112.859, -1.44383], "timeVisible": 2.27201, "tipPosition": [17.6396, 112.961, -1.08074], "tipVelocity": [-19.5519, -9.30183, -12.4914], "tool": false, "touchDistan