{"frames": 117, "data": [{"currentFrameRate": 115.231, "devices": [], "gestures": [], "hands": [{"armBasis": [[0.928327, -0.359695, -0.0939587], [0.316452, 0.631914, 0.70749], [-0.195107, -0.686516, 0.700449]], "armWidth": 64.3496, "confidence": 1, "direction": [0.0481695, 0.875623, -0.480588], "elbow": [12.4087, -155.823, 259.689], "grabAngle": 0.0968297, "grabStrength": 0, "id": 744, "palmNormal": [0.332581, -0.467751, -0.818901], "palmPosition": [-29.822, 88.0086, 34.9862], "palmVelocity": [6.85371, -13.0608, -4.50245], "palmWidth": 89.2012, "pinchDistance": 59.9966, "pinchStrength": 0, "r": [[0.99593, 0.0888439, 0.0151974], [-0.0843417, 0.978051, -0.190531], [-0.0317913, 0.188473, 0.981564]], "s": 1.06108, "sphereCenter": [-70.9867, 159.145, 56.4291], "sphereRadius": 88.3269, "stabilizedPalmPosition": [-31.5922, 91.3628, 36.3656], "t": [2.05865, -51.0758, -7.3252], "timeVisible": 0.780437, "type": "left", "wrist": [-39.2344, 25.892, 74.2858]}], "id": 1339082, "interactionBox": {"center": [0, 200, 0], "size": [235.247, 235.247, 147.751]}, "pointables": [{"bases": [[[0.667066, 0.540788, 0.512418], [-0.590456, -0.0356517, 0.806282], [0.454296, -0.840403, 0.29553]], [[0.571387, 0.687079, 0.448819], [-0.591457, -0.034376, 0.805603], [0.568942, -0.725769, 0.386736]], [[0.571387, 0.687079, 0.448819], [-0.798542, 0.339298, 0.497199], [0.189332, -0.642494, 0.742533]], [[0.571387, 0.687079, 0.448819], [-0.801493, 0.584752, 0.125198], [-0.176427, -0.431262, 0.884809]]], "btipPosition": [18.9924, 105.19, -0.916801], "carpPosition": [-11.1368, 38.2106, 63.2617], "dipPosition": [23.0522, 95.2659, 19.4437], "direction": [0.189332, 0.642494, -0.742533], "extended": false, "handId": 744, "id": 7440, "length": 51.2425, "mcpPosition": [-11.1368, 38.2106, 63.2617], "pipPosition": [16.705, 73.727, 44.3362], "stabilizedTipPosition": [17.9425, 106.683, 4.83101], "timeVisible": 0.780437, "tipPosition": [18.8346, 105.486, 6.38948], "tipVelocity": [7.80939, -23.854, -9.03712], "tool": false, "touchDistance": 0.246754, "touchZone": "hovering", "type": 0, "width": 20.7127}, {"bases": [[[0.920385, 0.0283393, -0.389985], [0.2984, 0.593621, 0.747376], [0.252683, -0.804245, 0.537904]], [[0.949268, -0.103172, -0.297061], [0.303492, 0.54796, 0.779508], [0.0823543, -0.830118, 0.551473]], [[0.949268, -0.103172, -0.297061], [0.294744, 0.621187, 0.726122], [0.109615, -0.776841, 0.620082]], [[0.949268, -0.103172, -0.297061], [0.269188, 0.754937, 0.598003], [0.162565, -0.64763, 0.744411]]], "btipPosition": [2.58539, 177.822, -17.8955], "carpPosition": [-24.4537, 55.4104, 71.437], "dipPosition": [-0.145563, 166.943, -5.39004], "direction": [0.109615, 0.776841, -0.620082], "extended": true, "handId": 744, "id": 7441, "length": 57.8214, "mcpPosition": [-6.22938, 113.415, 32.6416], "pipPosition": [-2.75057, 148.481, 9.34627], "stabilizedTipPosition": [-1.67252, 179.439, -12.105], "timeVisible": 0.780437, "tipPosition": [1.16335, 174.673, -16.0788], "tipVelocity": [12.5067, -17.7212, -10.8498], "tool": false, "touchDistance": 0.240283, "touchZone": "hovering", "type": 1, "width": 19.7848}, {"bases": [[[0.881616, -0.182194, -0.435384], [0.455181, 0.572065, 0.682314], [0.124755, -0.799717, 0.587273]], [[0.888845, -0.246686, -0.386135], [0.457139, 0.534936, 0.71054], [0.0312773, -0.808078, 0.588245]], [[0.888845, -0.246686, -0.386135], [0.457139, 0.534936, 0.71054], [0.0312773, -0.808078, 0.588245]], [[0.888845, -0.246686, -0.386135], [0.453501, 0.594089, 0.664375], [0.0655068, -0.76564, 0.639926]]], "btipPosition": [-23.6965, 186.938, -28.5998], "carpPosition": [-35.7964, 57.2039, 67.7166], "dipPosition": [-24.9069, 172.792, -16.776], "direction": [0.0312773, 0.808078, -0.588245], "extended": true, "handId": 744, "id": 7442, "length": 65.8828, "mcpPosition": [-27.2637, 111.902, 27.5493], "pipPosition": [-25.7814, 150.198, -0.328927], "stabilizedTipPosition": [-26.6456, 186.917, -23.7706], "timeVisible": 0.780437, "tipPosition": [-22.5045, 181.004, -28.8995], "tipVelocity": [12.8859, -16.5144, -9.8924], "tool": false, "touchDistance": 0.271654, "touchZone": "hovering", "type": 2, "width": 19.4313}, {"bases": [[[0.853527, -0.340496, -0.394405], [0.52075, 0.531802, 0.667837], [-0.0176505, -0.775403, 0.63122]], [[0.853605, -0.312145, -0.417041], [0.520168, 0.467751, 0.714586], [-0.0279829, -0.826906, 0.561643]], [[0.853605, -0.312145, -0.417041], [0.520863, 0.523326, 0.674412], [0.007734, -0.792903, 0.609299]], [[0.853605, -0.312145, -0.417041], [0.518295, 0.589191, 0.619858], [0.0522314, -0.745265, 0.66472]]], "btipPosition": [-47.8066, 175.399, -29.6139], "carpPosition": [-46.6636, 56.1685, 62.6287], "dipPosition": [-48.7661, 161.708, -17.4026], "direction": [0.007734, 0.792903, -0.609299], "extended": true, "handId": 744, "id": 7443, "length": 63.3481, "mcpPosition": [-47.7475, 103.785, 23.8664], "pipPosition": [-48.9768, 140.111, -0.806801], "stabilizedTipPosition": [-50.7973, 176.62, -23.6104], "timeVisible": 0.780437, "tipPosition": [-45.0367, 168.935, -30.6095], "tipVelocity": [6.89783, -11.2195, -3.80785], "tool": false, "touchDistance": 0.246554, "touchZone": "hovering", "type": 3, "width": 18.4901}, {"bases": [[[0.747893, -0.511109, -0.423585], [0.643546, 0.40176, 0.651488], [-0.162802, -0.75984, 0.629395]], [[0.761083, -0.426238, -0.488952], [0.633564, 0.326828, 0.70127], [-0.139105, -0.843507, 0.518792]], [[0.761083, -0.426238, -0.488952], [0.642103, 0.388199, 0.661064], [-0.0919598, -0.817082, 0.56914]], [[0.761083, -0.426238, -0.488952], [0.647334, 0.451019, 0.614443], [-0.0413727, -0.784158, 0.619181]]], "btipPosition": [-71.8699, 150.852, -21.178], "carpPosition": [-55.3096, 49.3304, 54.0754], "dipPosition": [-71.1687, 137.562, -10.6842], "direction": [-0.0919598, 0.817082, -0.56914], "extended": true, "handId": 744, "id": 7444, "length": 49.6637, "mcpPosition": [-64.5641, 92.5237, 18.2973], "pipPosition": [-69.4002, 121.849, 0.26082], "stabilizedTipPosition": [-74.0626, 152.773, -15.0745], "timeVisible": 0.780437, "tipPosition": [-67.8801, 146.135, -21.2255], "tipVelocity": [4.01598, -10.6545, -2.5492], "tool": false, "touchDistance": 0.230933, "touchZone": "hovering", "type": 4, "width": 16.4243}], "r": [[0.99593, 0.0888439, 0.0151974], [-0.0843417, 0.978051, -0.190531], [-0.0317913, 0.188473, 0.981564]], "s": 1.06108, "t": [-2.05865, -51.0758, -7.3252], "timestamp": 747133519836}, {"currentFrameRate": 115.189, "devices": [], "gestures": [], "hands": [{"armBasis": [[0.928421, -0.359457, -0.0939373], [0.31624, 0.631875, 0.70762], [-0.195003, -0.686677, 0.700321]], "armWidth": 64.3496, "confidence": 1, "direction": [0.0488049, 0.875602, -0.480561], "elbow": [12.4035, -155.996, 259.612], "grabAngle": 0.0956346, "grabStrength": 0, "id": 744, "palmNormal": [0.33246, -0.46794, -0.818842], "palmPosition": [-29.7585, 87.8744, 34.9473], "palmVelocity": [7.24823, -15.3416, -4.43303], "palmWidth": 89.2012, "pinchDistance": 60.0122, "pinchStrength": 0, "r": [[0.995862, 0.0896103, 0.0151287], [-0.0850854, 0.977856, -0.191203], [-0.0319274, 0.189124, 0.981434]], "s": 1.06157, "sphereCenter": [-71.0802, 159.658, 57.2104], "sphereRadius": 89.0885, "stabilizedPalmPosition": [-31.5651, 91.3112, 36.3447], "t": [2.12205, -51.1971, -7.36289], "timeVisible": 0.78919, "type": "left", "wrist": [-39.2121, 25.7622, 74.2425]}], "id": 1339083, "interactionBox": {"center": [0, 200, 0], "size": [235.247, 235.247, 147.751]}, "pointables": [{"bases": [[[0.666837, 0.541188, 0.512293], [-0.590271, -0.0360296, 0.806401], [0.454872, -0.840129, 0.295421]], [[0.570968, 0.687534, 0.448657], [-0.59117, -0.0348852, 0.805792], [0.569661, -0.725314, 0.386531]], [[0.570968, 0.687534, 0.448657], [-0.798694, 0.338743, 0.497333], [0.189954, -0.642301, 0.742541]], [[0.570968, 0.687534, 0.448657], [-0.801742, 0.584553, 0.124526], [-0.176648, -0.430808, 0.884986]]], "btipPosition": [19.0704, 105.004, -0.947071], "carpPosition": [-11.1097, 38.0643, 63.2257], "dipPosition": [23.1353, 95.0909, 19.4175], "direction": [0.189954, 0.642301, -0.742541], "extended": false, "handId": 744, "id": 7440, "length": 51.2425, "mcpPosition": [-11.1097, 38.0643, 63.2257], "pipPosition": [16.7673, 73.5585, 44.3103], "stabilizedTipPosition": [17.9983, 106.575, 4.8014], "timeVisible": 0.78919, "tipPosition": [18.9159, 105.319, 6.35759], "tipVelocity": [9.04922, -20.9121, -3.35115], "tool": false, "touchDistance": 0.246265, "touchZone": "hovering", "type": 0, "width": 20.7127}, {"bases": [[[0.920288, 0.0289122, -0.390171], [0.298186, 0.59379, 0.747327], [0.253287, -0.8041, 0.537837]], [[0.949255, -0.102454, -0.297352], [0.303342, 0.547927, 0.779589], [0.083055, -0.830229, 0.551201]], [[0.949255, -0.102454, -0.297352], [0.294513, 0.621298, 0.726121], [0.11035, -0.776848, 0.619944]], [[0.949255, -0.102454, -0.297352], [0.269136, 0.753804, 0.599455], [0.162728, -0.649063, 0.743126]]], "btipPosition": [2.71471, 177.703, -17.8926], "carpPosition": [-24.4177, 55.2721, 71.3986], "dipPosition": [-0.0189754, 166.799, -5.40879], "direction": [0.11035, 0.776848, -0.619944], "extended": true, "handId": 744, "id": 7441, "length": 57.8214, "mcpPosition": [-6.14986, 113.266, 32.6081], "pipPosition": [-2.64145, 148.337, 9.32424], "stabilizedTipPosition": [-1.58726, 179.343, -12.1712], "timeVisible": 0.78919, "tipPosition": [1.29249, 174.523, -16.1068], "tipVelocity": [14.703, -14.323, -0.243835], "tool": false, "touchDistance": 0.240248, "touchZone": "hovering", "type": 1, "width": 19.7848}, {"bases": [[[0.881639, -0.181644, -0.435566], [0.454968, 0.572332, 0.682232], [0.125365, -0.799651, 0.587232]], [[0.888912, -0.246038, -0.386395], [0.456971, 0.534906, 0.710671], [0.0318328, -0.808295, 0.587917]], [[0.888912, -0.246038, -0.386395], [0.456971, 0.534906, 0.710671], [0.0318328, -0.808295, 0.587917]], [[0.888912, -0.246038, -0.386395], [0.4533, 0.593982, 0.664609], [0.0659922, -0.765931, 0.639526]]], "btipPosition": [-23.5661, 186.824, -28.6056], "carpPosition": [-35.7586, 57.0727, 67.676], "dipPosition": [-24.7854, 172.672, -16.7891], "direction": [0.0318328, 0.808295, -0.587917], "extended": true, "handId": 744, "id": 7442, "length": 65.8828, "mcpPosition": [-27.184, 111.766, 27.5114], "pipPosition": [-25.6754, 150.073, -0.351203], "stabilizedTipPosition": [-26.5816, 186.841, -23.8189], "timeVisible": 0.78919, "tipPosition": [-22.3746, 180.873, -28.9277], "tipVelocity": [14.6682, -13.162, -0.847507], "tool": false, "touchDistance": 0.271531, "touchZone": "hovering", "type": 2, "width": 19.4313}, {"bases": [[[0.853656, -0.339964, -0.394584], [0.520559, 0.532109, 0.667741], [-0.0170461, -0.775426, 0.631209]], [[0.853712, -0.311622, -0.417213], [0.520002, 0.467351, 0.714969], [-0.0278154, -0.82733, 0.561028]], [[0.853712, -0.311622, -0.417213], [0.520689, 0.52261, 0.675102], [0.00766279, -0.793581, 0.608417]], [[0.853712, -0.311622, -0.417213], [0.518121, 0.588635, 0.620532], [0.0522147, -0.745922, 0.663983]]], "btipPosition": [-47.7261, 175.325, -29.5915], "carpPosition": [-46.6253, 56.0441, 62.5859], "dipPosition": [-48.6853, 161.622, -17.3936], "direction": [0.00766279, 0.793581, -0.608417], "extended": true, "handId": 744, "id": 7443, "length": 63.3481, "mcpPosition": [-47.6721, 103.662, 23.8243], "pipPosition": [-48.894, 140.007, -0.821899], "stabilizedTipPosition": [-50.7606, 176.563, -23.6513], "timeVisible": 0.78919, "tipPosition": [-44.9281, 168.831, -30.627], "tipVelocity": [9.20594, -8.76304, 2.21054], "tool": false, "touchDistance": 0.246876, "touchZone": "hovering", "type": 3, "width": 18.4901}, {"bases": [[[0.748121, -0.510641, -0.423747], [0.643432, 0.402143, 0.651365], [-0.162207, -0.759952, 0.629414]], [[0.761233, -0.425881, -0.489029], [0.633369, 0.326443, 0.701626], [-0.139169, -0.843837, 0.518239]], [[0.761233, -0.425881, -0.489029], [0.641887, 0.387602, 0.661624], [-0.0922243, -0.817551, 0.568423]], [[0.761233, -0.425881, -0.489029], [0.647141, 0.450504, 0.615024], [-0.0416172, -0.784647, 0.618544]]], "btipPosition": [-71.8117, 150.768, -21.1799], "carpPosition": [-55.2738, 49.2114, 54.0307], "dipPosition": [-71.1064, 137.47, -10.6969], "direction": [-0.0922243, 0.817551, -0.568423], "extended": true, "handId": 744, "id": 7444, "length": 49.6637, "mcpPosition": [-64.4945, 92.4111, 18.2515], "pipPosition": [-69.3329, 121.748, 0.234303], "stabilizedTipPosition": [-74.0359, 152.717, -15.1155], "timeVisible": 0.78919, "tipPosition": [-67.7876, 146.033, -21.2592], "tipVelocity": [6.75242, -9.79552, -0.502536], "tool": false, "touchDistance": 0.230859, "touchZone": "hovering", "type": 4, "width": 16.4243}], "r": [[0.995862, 0.0896103, 0.0151287], [-0.0850854, 0.977856, -0.191203], [-0.0319274, 0.189124, 0.981434]], "s": 1.06157, "t": [-2.12205, -51.1971, -7.36289], "timestamp": 747133528589}, {"currentFrameRate": 115.235, "devices": [], "gestures": [], "hands": [{"armBasis": [[0.928748, -0.358736, -0.09347], [0.315365, 0.632023, 0.707879], [-0.194866, -0.686918, 0.700122]], "armWidth": 64.3496, "confidence": 1, "direction": [0.0492278, 0.875337, -0.481001], "elbow": [12.3799, -156.167, 259.536], "grabAngle": 0.0941461, "grabStrength": 0, "id": 744, "palmNormal": [0.331586, -0.468594, -0.818823], "palmPosition": [-29.7191, 87.7448, 34.8939], "palmVelocity": [4.58972, -15.0687, -6.20973], "palmWidth": 89.2012, "pinchDistance": 60.0284, "pinchStrength": 0, "r": [[0.995791, 0.0903868, 0.0151848], [-0.0858163, 0.977667, -0.191842], [-0.0321857, 0.189732, 0.981308]], "s": 1.06209, "sphereCenter": [-71.2515, 160.341, 58.165], "sphereRadius": 90.0531, "stabilizedPalmPosition": [-31.5392, 91.2613, 36.3244], "t": [2.17348, -51.3226, -7.40843], "timeVisible": 0.79779, "type": "left", "wrist": [-39.1996, 25.655, 74.219]}], "id": 1339084, "interactionBox": {"center": [0, 200, 0], "size": [235.247, 235.247, 147.751]}, "pointables": [{"bases": [[[0.666088, 0.54197, 0.51244], [-0.590727, -0.0361327, 0.806062], [0.455378, -0.839621, 0.296089]], [[0.570029, 0.688347, 0.448604], [-0.591662, -0.0349451, 0.805429], [0.570091, -0.724539, 0.387349]], [[0.570029, 0.688347, 0.448604], [-0.799346, 0.33833, 0.496567], [0.190034, -0.641648, 0.743085]], [[0.570029, 0.688347, 0.448604], [-0.802227, 0.584228, 0.122917], [-0.177478, -0.429949, 0.885238]]], "btipPosition": [19.0911, 104.793, -1.05244], "carpPosition": [-11.0938, 37.9328, 63.1844], "dipPosition": [23.175, 94.8996, 19.3179], "direction": [0.190034, 0.641648, -0.743085], "extended": false, "handId": 744, "id": 7440, "length": 51.2425, "mcpPosition": [-11.0938, 37.9328, 63.1844], "pipPosition": [16.8043, 73.3891, 44.229], "stabilizedTipPosition": [18.0484, 106.475, 4.77259], "timeVisible": 0.79779, "tipPosition": [18.9543, 105.131, 6.26201], "tipVelocity": [2.9087, -24.0192, -12.0979], "tool": false, "touchDistance": 0.244531, "touchZone": "hovering", "type": 0, "width": 20.7127}, {"bases": [[[0.920499, 0.0294785, -0.38963], [0.297253, 0.594382, 0.747228], [0.253617, -0.803642, 0.538366]], [[0.949508, -0.10175, -0.296785], [0.302463, 0.548226, 0.779721], [0.0833683, -0.830118, 0.551321]], [[0.949508, -0.10175, -0.296785], [0.293609, 0.62158, 0.726245], [0.11058, -0.776714, 0.62007]], [[0.949508, -0.10175, -0.296785], [0.268605, 0.752458, 0.60138], [0.162127, -0.650734, 0.741795]]], "btipPosition": [2.78202, 177.573, -17.9578], "carpPosition": [-24.3828, 55.1553, 71.3573], "dipPosition": [0.0584288, 166.641, -5.49635], "direction": [0.11058, 0.776714, -0.62007], "extended": true, "handId": 744, "id": 7441, "length": 57.8214, "mcpPosition": [-6.09115, 113.117, 32.5286], "pipPosition": [-2.56951, 148.182, 9.23968], "stabilizedTipPosition": [-1.50686, 179.251, -12.2339], "timeVisible": 0.79779, "tipPosition": [1.37489, 174.347, -16.2149], "tipVelocity": [8.09664, -15.8324, -8.18025], "tool": false, "touchDistance": 0.239075, "touchZone": "hovering", "type": 1, "width": 19.7848}, {"bases": [[[0.882049, -0.18113, -0.43495], [0.454091, 0.573021, 0.682238], [0.125662, -0.799274, 0.587682]], [[0.889343, -0.245477, -0.385759], [0.456124, 0.535221, 0.710978], [0.0319379, -0.808257, 0.587963]], [[0.889343, -0.245477, -0.385759], [0.456124, 0.535221, 0.710978], [0.0319379, -0.808257, 0.587963]], [[0.889343, -0.245477, -0.385759], [0.452457, 0.594182, 0.665004], [0.065968, -0.765956, 0.639499]]], "btipPosition": [-23.5042, 186.687, -28.6747], "carpPosition": [-35.7244, 56.9633, 67.6406], "dipPosition": [-24.723, 172.534, -16.8587], "direction": [0.0319379, 0.808257, -0.587963], "extended": true, "handId": 744, "id": 7442, "length": 65.8828, "mcpPosition": [-27.1296, 111.631, 27.4453], "pipPosition": [-25.616, 149.936, -0.419531], "stabilizedTipPosition": [-26.5202, 186.766, -23.8659], "timeVisible": 0.79779, "tipPosition": [-22.3024, 180.716, -29.0199], "tipVelocity": [7.20964, -16.0074, -8.05005], "tool": false, "touchDistance": 0.270377, "touchZone": "hovering", "type": 2, "width": 19.4313}, {"bases": [[[0.854169, -0.339453, -0.393911], [0.519724, 0.532845, 0.667805], [-0.0167954, -0.775144, 0.631562]], [[0.854219, -0.311228, -0.416471], [0.519154, 0.467302, 0.715617], [-0.0281024, -0.827506, 0.560754]], [[0.854219, -0.311228, -0.416471], [0.519866, 0.522191, 0.676059], [0.00706896, -0.794011, 0.607862]], [[0.854219, -0.311228, -0.416471], [0.517344, 0.588366, 0.621434], [0.0516293, -0.746299, 0.663605]]], "btipPosition": [-47.72, 175.231, -29.6074], "carpPosition": [-46.5951, 55.9412, 62.5575], "dipPosition": [-48.6684, 161.521, -17.4165], "direction": [0.00706896, 0.794011, -0.607862], "extended": true, "handId": 744, "id": 7443, "length": 63.3481, "mcpPosition": [-47.6264, 103.542, 23.7743], "pipPosition": [-48.861, 139.894, -0.859871], "stabilizedTipPosition": [-50.7237, 176.504, -23.6925], "timeVisible": 0.79779, "tipPosition": [-44.883, 168.706, -30.6829], "tipVelocity": [0.9958, -11.0978, -2.03851], "tool": false, "touchDistance": 0.246584, "touchZone": "hovering", "type": 3, "width": 18.4901}, {"bases": [[[0.748791, -0.51023, -0.423057], [0.642712, 0.402971, 0.651564], [-0.161968, -0.759789, 0.629672]], [[0.76185, -0.425731, -0.488199], [0.632519, 0.326447, 0.70239], [-0.139658, -0.843911, 0.517987]], [[0.76185, -0.425731, -0.488199], [0.641051, 0.387399, 0.662552], [-0.092941, -0.817726, 0.568055]], [[0.76185, -0.425731, -0.488199], [0.646369, 0.45039, 0.615919], [-0.0423362, -0.784795, 0.618308]]], "btipPosition": [-71.8216, 150.668, -21.1947], "carpPosition": [-55.2542, 49.1116, 54.0108], "dipPosition": [-71.1041, 137.367, -10.7157], "direction": [-0.092941, 0.817726, -0.568055], "extended": true, "handId": 744, "id": 7444, "length": 49.6637, "mcpPosition": [-64.4614, 92.302, 18.2169], "pipPosition": [-69.3167, 121.642, 0.208459], "stabilizedTipPosition": [-74.0086, 152.658, -15.1575], "timeVisible": 0.79779, "tipPosition": [-67.7547, 145.917, -21.304], "tipVelocity": [-0.81938, -11.7782, -1.82649], "tool": false, "touchDistance": 0.230598, "touchZone": "hovering", "type": 4, "width": 16.4243}], "r": [[0.995791, 0.0903868, 0.0151848], [-0.0858163, 0.977667, -0.191842], [-0.0321857, 0.189732, 0.981308]], "s": 1.06209, "t": [-2.17348, -51.3226, -7.40843], "timestamp": 747133537189}, {"currentFrameRate": 115.234, "devices": [], "gestures": [], "hands": [{"armBasis": [[0.929168, -0.35789, -0.0925262], [0.314078, 0.632337, 0.70817], [-0.194939, -0.68707, 0.699953]], "armWidth": 64.3496, "confidence": 1, "direction": [0.0497756, 0.874939, -0.481669], "elbow": [12.3462, -156.338, 259.447], "grabAngle": 0.0925008, "grabStrength": 0, "id": 744, "palmNormal": [0.330301, -0.469551, -0.818794], "palmPosition": [-29.7402, 87.5789, 34.8032], "palmVelocity": [-2.43894, -19.1126, -10.4544], "palmWidth": 89.2012, "pinchDistance": 60.0374, "pinchStrength": 0, "r": [[0.99571, 0.0912358, 0.0153998], [-0.0865869, 0.977468, -0.192509], [-0.0326165, 0.19035, 0.981174]], "s": 1.06266, "sphereCenter": [-71.5231, 161.14, 59.2549], "sphereRadius": 91.2024, "stabilizedPalmPosition": [-31.5155, 91.2127, 36.3043], "t": [2.18861, -51.4682, -7.47657], "timeVisible": 0.806469, "type": "left", "wrist": [-39.2526, 25.5238, 74.1755]}], "id": 1339085, "interactionBox": {"center": [0, 200, 0], "size": [235.247, 235.247, 147.751]}, "pointables": [{"bases": [[[0.665002, 0.543088, 0.512667], [-0.591428, -0.0362287, 0.805544], [0.456055, -0.838894, 0.297105]], [[0.568905, 0.689223, 0.448686], [-0.59223, -0.0352125, 0.805], [0.570623, -0.723694, 0.388145]], [[0.568905, 0.689223, 0.448686], [-0.800102, 0.337656, 0.495808], [0.19022, -0.641062, 0.743543]], [[0.568905, 0.689223, 0.448686], [-0.802809, 0.5838, 0.121141], [-0.17845, -0.429127, 0.885441]]], "btipPosition": [19.0495, 104.546, -1.18387], "carpPosition": [-11.1453, 37.766, 63.112], "dipPosition": [23.1558, 94.6717, 19.1912], "direction": [0.19022, 0.641062, -0.743543], "extended": false, "handId": 744, "id": 7440, "length": 51.2425, "mcpPosition": [-11.1453, 37.766, 63.112], "pipPosition": [16.7789, 73.1808, 44.1176], "stabilizedTipPosition": [18.0934, 106.378, 4.7432], "timeVisible": 0.806469, "tipPosition": [18.9276, 104.887, 6.11114], "tipVelocity": [-4.19976, -27.929, -15.0188], "tool": false, "touchDistance": 0.242359, "touchZone": "hovering", "type": 0, "width": 20.7127}, {"bases": [[[0.920824, 0.0302442, -0.388804], [0.295892, 0.59525, 0.747078], [0.25403, -0.802971, 0.539171]], [[0.949882, -0.100774, -0.295921], [0.301183, 0.548609, 0.779947], [0.0837467, -0.829983, 0.551465]], [[0.949882, -0.100774, -0.295921], [0.292303, 0.621928, 0.726474], [0.110832, -0.776563, 0.620214]], [[0.949882, -0.100774, -0.295921], [0.267639, 0.751308, 0.603246], [0.161536, -0.652213, 0.740624]]], "btipPosition": [2.79942, 177.394, -18.0783], "carpPosition": [-24.4073, 55.0093, 71.2848], "dipPosition": [0.0857543, 166.437, -5.63644], "direction": [0.110832, 0.776563, -0.620214], "extended": true, "handId": 744, "id": 7441, "length": 57.8214, "mcpPosition": [-6.0858, 112.922, 32.398], "pipPosition": [-2.54818, 147.982, 9.10302], "stabilizedTipPosition": [-1.43372, 179.164, -12.2931], "timeVisible": 0.806469, "tipPosition": [1.40869, 174.113, -16.3897], "tipVelocity": [2.26748, -21.2555, -14.3959], "tool": false, "touchDistance": 0.236993, "touchZone": "hovering", "type": 1, "width": 19.7848}, {"bases": [[[0.882654, -0.18044, -0.434009], [0.452813, 0.57402, 0.682247], [0.126025, -0.798713, 0.588366]], [[0.889975, -0.244734, -0.384773], [0.454881, 0.535789, 0.711346], [0.0320665, -0.808106, 0.588163]], [[0.889975, -0.244734, -0.384773], [0.454881, 0.535789, 0.711346], [0.0320665, -0.808106, 0.588163]], [[0.889975, -0.244734, -0.384773], [0.45122, 0.594599, 0.665472], [0.065922, -0.76587, 0.639607]]], "btipPosition": [-23.4963, 186.5, -28.8019], "carpPosition": [-35.7503, 56.8275, 67.5773], "dipPosition": [-24.7143, 172.349, -16.9839], "direction": [0.0320665, 0.808106, -0.588163], "extended": true, "handId": 744, "id": 7442, "length": 65.8828, "mcpPosition": [-27.1306, 111.457, 27.3352], "pipPosition": [-25.6109, 149.755, -0.539152], "stabilizedTipPosition": [-26.464, 186.694, -23.9113], "timeVisible": 0.806469, "tipPosition": [-22.2824, 180.506, -29.1727], "tipVelocity": [0.927269, -21.5147, -14.605], "tool": false, "touchDistance": 0.268264, "touchZone": "hovering", "type": 2, "width": 19.4313}, {"bases": [[[0.854916, -0.338766, -0.392883], [0.518505, 0.533908, 0.667904], [-0.0164997, -0.774713, 0.632098]], [[0.854956, -0.310704, -0.415346], [0.51792, 0.467461, 0.716407], [-0.0284325, -0.827613, 0.560579]], [[0.854956, -0.310704, -0.415346], [0.51866, 0.522029, 0.67711], [0.00644175, -0.794323, 0.607462]], [[0.854956, -0.310704, -0.415346], [0.516193, 0.588286, 0.622467], [0.0509389, -0.746581, 0.663342]]], "btipPosition": [-47.7778, 175.096, -29.6695], "carpPosition": [-46.6267, 55.8141, 62.5049], "dipPosition": [-48.7135, 161.381, -17.4834], "direction": [0.00644175, 0.794323, -0.607462], "extended": true, "handId": 744, "id": 7443, "length": 63.3481, "mcpPosition": [-47.6399, 103.388, 23.6888], "pipPosition": [-48.889, 139.745, -0.937696], "stabilizedTipPosition": [-50.6884, 176.445, -23.7335], "timeVisible": 0.806469, "tipPosition": [-44.8964, 168.537, -30.7875], "tipVelocity": [-6.3215, -15.7094, -7.28112], "tool": false, "touchDistance": 0.245531, "touchZone": "hovering", "type": 3, "width": 18.4901}, {"bases": [[[0.749757, -0.509682, -0.422004], [0.641655, 0.404162, 0.651868], [-0.161688, -0.759524, 0.630064]], [[0.762746, -0.425568, -0.48694], [0.631279, 0.326524, 0.703469], [-0.140377, -0.843963, 0.517707]], [[0.762746, -0.425568, -0.48694], [0.639848, 0.387307, 0.663769], [-0.0938839, -0.817854, 0.567715]], [[0.762746, -0.425568, -0.48694], [0.645248, 0.450398, 0.617088], [-0.0432964, -0.784878, 0.618136]]], "btipPosition": [-71.9123, 150.535, -21.2375], "carpPosition": [-55.3015, 48.9882, 53.9711], "dipPosition": [-71.1785, 137.233, -10.7614], "direction": [-0.0938839, 0.817854, -0.567715], "extended": true, "handId": 744, "id": 7444, "length": 49.6637, "mcpPosition": [-64.4927, 92.1636, 18.1549], "pipPosition": [-69.3731, 121.505, 0.156191], "stabilizedTipPosition": [-73.9818, 152.597, -15.2009], "timeVisible": 0.806469, "tipPosition": [-67.7884, 145.766, -21.3839], "tipVelocity": [-10.0232, -15.3254, -5.00981], "tool": false, "touchDistance": 0.229873, "touchZone": "hovering", "type": 4, "width": 16.4243}], "r": [[0.99571, 0.0912358, 0.0153998], [-0.0865869, 0.977468, -0.192509], [-0.0326165, 0.19035, 0.981174]], "s": 1.06266, "t": [-2.18861, -51.4682, -7.47657], "timestamp": 747133545868}, {"currentFrameRate": 115.229, "devices": [], "gestures": [], "hands": [{"armBasis": [[0.929225, -0.35777, -0.0924255], [0.313874, 0.632217, 0.708368], [-0.195, -0.687243, 0.699766]], "armWidth": 64.3496, "confidence": 1, "direction": [0.0502869, 0.874446, -0.48251], "elbow": [12.3129, -156.535, 259.359], "grabAngle": 0.0897903, "grabStrength": 0, "id": 744, "palmNormal": [0.330046, -0.470529, -0.818335], "palmPosition": [-29.7582, 87.3916, 34.715], "palmVelocity": [-2.06343, -21.5603, -10.1528], "palmWidth": 89.2012, "pinchDistance": 60.0399, "pinchStrength": 0, "r": [[0.995635, 0.0920324, 0.01555], [-0.087316, 0.97726, -0.19323], [-0.0329798, 0.191029, 0.98103]], "s": 1.06336, "sphereCenter": [-72.0895, 162.429, 60.9822], "sphereRadius": 93.0559, "stabilizedPalmPosition": [-31.4931, 91.1641, 36.2841], "t": [2.18722, -51.6347, -7.55474], "timeVisible": 0.815155, "type": "left", "wrist": [-39.302, 25.373, 74.137]}], "id": 1339086, "interactionBox": {"center": [0, 200, 0], "size": [235.247, 235.247, 147.751]}, "pointables": [{"bases": [[[0.664699, 0.543964, 0.512132], [-0.591392, -0.0357929, 0.805589], [0.456542, -0.838345, 0.297904]], [[0.568606, 0.689869, 0.448072], [-0.592288, -0.0346594, 0.804981], [0.570861, -0.723104, 0.388893]], [[0.568606, 0.689869, 0.448072], [-0.800205, 0.337605, 0.495676], [0.19068, -0.640393, 0.744001]], [[0.568606, 0.689869, 0.448072], [-0.802919, 0.583904, 0.119909], [-0.178909, -0.427946, 0.88592]]], "btipPosition": [19.0189, 104.297, -1.28675], "carpPosition": [-11.1923, 37.5953, 63.0721], "dipPosition": [23.1358, 94.4498, 19.0993], "direction": [0.19068, 0.640393, -0.744001], "extended": false, "handId": 744, "id": 7440, "length": 51.2425, "mcpPosition": [-11.1923, 37.5953, 63.0721], "pipPosition": [16.7435, 72.9813, 44.0411], "stabilizedTipPosition": [18.135, 106.282, 4.7134], "timeVisible": 0.815155, "tipPosition": [18.9214, 104.641, 6.00382], "tipVelocity": [-3.2434, -27.9577, -11.5525], "tool": false, "touchDistance": 0.240686, "touchZone": "hovering", "type": 0, "width": 20.7127}, {"bases": [[[0.920799, 0.0303988, -0.38885], [0.295563, 0.596139, 0.746499], [0.254501, -0.802306, 0.539939]], [[0.949907, -0.100296, -0.296004], [0.300974, 0.548775, 0.779911], [0.0842173, -0.829931, 0.551472]], [[0.949907, -0.100296, -0.296004], [0.2921, 0.621752, 0.726707], [0.111155, -0.776766, 0.619903]], [[0.949907, -0.100296, -0.296004], [0.267969, 0.748788, 0.606225], [0.160842, -0.655177, 0.738155]]], "btipPosition": [2.81199, 177.243, -18.1418], "carpPosition": [-24.4446, 54.8541, 71.2281], "dipPosition": [0.109986, 166.237, -5.74145], "direction": [0.111155, 0.776766, -0.619903], "extended": true, "handId": 744, "id": 7441, "length": 57.8214, "mcpPosition": [-6.08912, 112.719, 32.2859], "pipPosition": [-2.53162, 147.777, 8.99059], "stabilizedTipPosition": [-1.36367, 179.078, -12.3511], "timeVisible": 0.815155, "tipPosition": [1.44811, 173.866, -16.5492], "tipVelocity": [1.75595, -18.6772, -8.41284], "tool": false, "touchDistance": 0.235775, "touchZone": "hovering", "type": 1, "width": 19.7848}, {"bases": [[[0.882749, -0.180351, -0.433851], [0.452496, 0.574937, 0.681686], [0.126495, -0.798074, 0.589133]], [[0.890112, -0.244653, -0.384506], [0.454614, 0.53595, 0.711396], [0.0320308, -0.808024, 0.588278]], [[0.890112, -0.244653, -0.384506], [0.454614, 0.53595, 0.711396], [0.0320308, -0.808024, 0.588278]], [[0.890112, -0.244653, -0.384506], [0.450979, 0.594485, 0.665737], [0.0657085, -0.765985, 0.639492]]], "btipPosition": [-23.507, 186.3, -28.9196], "carpPosition": [-35.7865, 56.6753, 67.5186], "dipPosition": [-24.7211, 172.147, -17.1037], "direction": [0.0320308, 0.808024, -0.588278], "extended": true, "handId": 744, "id": 7442, "length": 65.8828, "mcpPosition": [-27.1347, 111.261, 27.224], "pipPosition": [-25.6167, 149.555, -0.655733], "stabilizedTipPosition": [-26.4117, 186.622, -23.9561], "timeVisible": 0.815155, "tipPosition": [-22.2552, 180.269, -29.3309], "tipVelocity": [-1.12796, -23.0904, -13.6045], "tool": false, "touchDistance": 0.266295, "touchZone": "hovering", "type": 2, "width": 19.4313}, {"bases": [[[0.855103, -0.338653, -0.392573], [0.51821, 0.534848, 0.66738], [-0.0160432, -0.774114, 0.632843]], [[0.855133, -0.310948, -0.414799], [0.517584, 0.467008, 0.716945], [-0.0292182, -0.827777, 0.560296]], [[0.855133, -0.310948, -0.414799], [0.51838, 0.521223, 0.677944], [0.00539746, -0.794756, 0.606905]], [[0.855133, -0.310948, -0.414799], [0.516004, 0.587502, 0.623363], [0.0498615, -0.747097, 0.662843]]], "btipPosition": [-47.8691, 174.937, -29.7364], "carpPosition": [-46.6634, 55.6632, 62.447], "dipPosition": [-48.7851, 161.212, -17.5595], "direction": [0.00539746, 0.794756, -0.606905], "extended": true, "handId": 744, "id": 7443, "length": 63.3481, "mcpPosition": [-47.6486, 103.2, 23.585], "pipPosition": [-48.9322, 139.565, -1.02899], "stabilizedTipPosition": [-50.6547, 176.385, -23.7748], "timeVisible": 0.815155, "tipPosition": [-44.9032, 168.334, -30.9082], "tipVelocity": [-9.9971, -18.5789, -7.95109], "tool": false, "touchDistance": 0.24438, "touchZone": "hovering", "type": 3, "width": 18.4901}, {"bases": [[[0.750043, -0.509658, -0.421527], [0.641434, 0.405158, 0.651467], [-0.16124, -0.75901, 0.630798]], [[0.762915, -0.426262, -0.486066], [0.630752, 0.325841, 0.704258], [-0.141818, -0.843877, 0.517455]], [[0.762915, -0.426262, -0.486066], [0.639403, 0.386414, 0.664716], [-0.0955207, -0.817915, 0.567355]], [[0.762915, -0.426262, -0.486066], [0.644935, 0.449543, 0.618037], [-0.0449384, -0.784991, 0.617875]]], "btipPosition": [-72.0367, 150.352, -21.3106], "carpPosition": [-55.3419, 48.8341, 53.9195], "dipPosition": [-71.2751, 137.048, -10.839], "direction": [-0.0955207, 0.817915, -0.567355], "extended": true, "handId": 744, "id": 7444, "length": 49.6637, "mcpPosition": [-64.5077, 91.9802, 18.0617], "pipPosition": [-69.4382, 121.319, 0.0717031], "stabilizedTipPosition": [-73.9562, 152.533, -15.2456], "timeVisible": 0.815155, "tipPosition": [-67.8142, 145.564, -21.5016], "tipVelocity": [-13.585, -21.1495, -8.53624], "tool": false, "touchDistance": 0.228637, "touchZone": "hovering", "type": 4, "width": 16.4243}], "r": [[0.995635, 0.0920324, 0.01555], [-0.087316, 0.97726, -0.19323], [-0.0329798, 0.191029, 0.98103]], "s": 1.06336, "t": [-2.18722, -51.6347, -7.55474], "timestamp": 747133554554}, {"currentFrameRate": 115.241, "devices": [], "gestures": [], "hands": [{"armBasis": [[0.9289, -0.358379, -0.0933205], [0.314863, 0.63163, 0.708453], [-0.194951, -0.687465, 0.699561]], "armWidth": 64.3496, "confidence": 1, "direction": [0.0502751, 0.873843, -0.483601], "elbow": [12.2742, -156.766, 259.277], "grabAngle": 0.08686, "grabStrength": 0, "id": 744, "palmNormal": [0.330845, -0.471446, -0.817484], "palmPosition": [-29.7826, 87.1828, 34.6286], "palmVelocity": [-2.82799, -24.1191, -9.97813], "palmWidth": 89.2012, "pinchDistance": 60.0439, "pinchStrength": 0, "r": [[0.995584, 0.09259, 0.0154996], [-0.0878455, 0.977051, -0.194047], [-0.0331106, 0.191828, 0.98087]], "s": 1.06414, "sphereCenter": [-72.7987, 163.757, 62.78], "sphereRadius": 95.056, "stabilizedPalmPosition": [-31.4719, 91.1147, 36.2635], "t": [2.17428, -51.8223, -7.63701], "timeVisible": 0.823813, "type": "left", "wrist": [-39.3277, 25.2, 74.1088]}], "id": 1339087, "interactionBox": {"center": [0, 200, 0], "size": [235.247, 235.247, 147.751]}, "pointables": [{"bases": [[[0.665303, 0.544345, 0.51094], [-0.590814, -0.0345045, 0.806069], [0.456409, -0.838152, 0.298651]], [[0.569323, 0.690084, 0.446829], [-0.591865, -0.0331747, 0.805354], [0.570585, -0.722969, 0.389549]], [[0.569323, 0.690084, 0.446829], [-0.799637, 0.3386, 0.495914], [0.190926, -0.639636, 0.744589]], [[0.569323, 0.690084, 0.446829], [-0.802331, 0.584908, 0.118948], [-0.179269, -0.426224, 0.886677]]], "btipPosition": [18.9809, 104.061, -1.36448], "carpPosition": [-11.2168, 37.431, 63.0636], "dipPosition": [23.1061, 94.2534, 19.039], "direction": [0.190926, 0.639636, -0.744589], "extended": false, "handId": 744, "id": 7440, "length": 51.2425, "mcpPosition": [-11.2168, 37.431, 63.0636], "pipPosition": [16.7055, 72.8103, 44.0005], "stabilizedTipPosition": [18.1739, 106.185, 4.68344], "timeVisible": 0.823813, "tipPosition": [18.9128, 104.41, 5.92596], "tipVelocity": [-4.16509, -26.2082, -8.51502], "tool": false, "touchDistance": 0.239457, "touchZone": "hovering", "type": 0, "width": 20.7127}, {"bases": [[[0.920526, 0.0295099, -0.389565], [0.296362, 0.596977, 0.745512], [0.254562, -0.801715, 0.540788]], [[0.949637, -0.101008, -0.296625], [0.301868, 0.548803, 0.779545], [0.0840484, -0.829827, 0.551655]], [[0.949637, -0.101008, -0.296625], [0.293077, 0.621275, 0.726721], [0.110881, -0.777056, 0.619589]], [[0.949637, -0.101008, -0.296625], [0.269721, 0.745328, 0.609703], [0.159498, -0.659002, 0.735035]]], "btipPosition": [2.74242, 177.108, -18.1914], "carpPosition": [-24.4823, 54.6947, 71.1875], "dipPosition": [0.0630062, 166.037, -5.84343], "direction": [0.110881, 0.777056, -0.619589], "extended": true, "handId": 744, "id": 7441, "length": 57.8214, "mcpPosition": [-6.12245, 112.517, 32.1842], "pipPosition": [-2.57208, 147.571, 8.88116], "stabilizedTipPosition": [-1.29725, 178.992, -12.4082], "timeVisible": 0.823813, "tipPosition": [1.4326, 173.615, -16.7095], "tipVelocity": [-7.43475, -17.3351, -7.1161], "tool": false, "touchDistance": 0.234748, "touchZone": "hovering", "type": 1, "width": 19.7848}, {"bases": [[[0.882354, -0.181281, -0.434267], [0.453238, 0.575626, 0.68061], [0.126593, -0.797366, 0.59007]], [[0.889733, -0.245612, -0.384773], [0.455391, 0.535823, 0.710995], [0.0315408, -0.807817, 0.588589]], [[0.889733, -0.245612, -0.384773], [0.455391, 0.535823, 0.710995], [0.0315408, -0.807817, 0.588589]], [[0.889733, -0.245612, -0.384773], [0.451804, 0.594175, 0.665454], [0.0651783, -0.765918, 0.639625]]], "btipPosition": [-23.5827, 186.065, -29.0607], "carpPosition": [-35.8222, 56.5063, 67.4674], "dipPosition": [-24.787, 171.914, -17.2424], "direction": [0.0315408, 0.807817, -0.588589], "extended": true, "handId": 744, "id": 7442, "length": 65.8828, "mcpPosition": [-27.1637, 111.043, 27.1088], "pipPosition": [-25.6689, 149.327, -0.785699], "stabilizedTipPosition": [-26.3638, 186.551, -24.0008], "timeVisible": 0.823813, "tipPosition": [-22.2819, 179.999, -29.5109], "tipVelocity": [-8.48408, -27.0174, -16.2317], "tool": false, "touchDistance": 0.263952, "touchZone": "hovering", "type": 2, "width": 19.4313}, {"bases": [[[0.854672, -0.339518, -0.392763], [0.518925, 0.535491, 0.666308], [-0.0159024, -0.773289, 0.633854]], [[0.854703, -0.31214, -0.414791], [0.518222, 0.466135, 0.717052], [-0.0304721, -0.827821, 0.560165]], [[0.854703, -0.31214, -0.414791], [0.519101, 0.520178, 0.678195], [0.00407321, -0.794974, 0.60663]], [[0.854703, -0.31214, -0.414791], [0.516834, 0.586527, 0.623593], [0.0486378, -0.747365, 0.662631]]], "btipPosition": [-48.0057, 174.719, -29.8392], "carpPosition": [-46.695, 55.4831, 62.3891], "dipPosition": [-48.8992, 160.989, -17.6662], "direction": [0.00407321, 0.794974, -0.60663], "extended": true, "handId": 744, "id": 7443, "length": 63.3481, "mcpPosition": [-47.6715, 102.97, 23.4651], "pipPosition": [-49.0102, 139.336, -1.14316], "stabilizedTipPosition": [-50.6232, 176.323, -23.817], "timeVisible": 0.823813, "tipPosition": [-44.9513, 168.075, -31.0632], "tipVelocity": [-15.1751, -25.3028, -11.975], "tool": false, "touchDistance": 0.242652, "touchZone": "hovering", "type": 3, "width": 18.4901}, {"bases": [[[0.749519, -0.510517, -0.42142], [0.642083, 0.405729, 0.650472], [-0.161094, -0.758127, 0.631895]], [[0.762323, -0.427771, -0.485671], [0.631009, 0.324468, 0.704662], [-0.143849, -0.843642, 0.517276]], [[0.762323, -0.427771, -0.485671], [0.639813, 0.385076, 0.665099], [-0.0974899, -0.817758, 0.567245]], [[0.762323, -0.427771, -0.485671], [0.645512, 0.448429, 0.618244], [-0.0466775, -0.784808, 0.617979]]], "btipPosition": [-72.1888, 150.093, -21.4219], "carpPosition": [-55.3644, 48.6394, 53.8641], "dipPosition": [-71.3977, 136.792, -10.9485], "direction": [-0.0974899, 0.817758, -0.567245], "extended": true, "handId": 744, "id": 7444, "length": 49.6637, "mcpPosition": [-64.5218, 91.7353, 17.9439], "pipPosition": [-69.5229, 121.066, -0.0399142], "stabilizedTipPosition": [-73.9321, 152.465, -15.2922], "timeVisible": 0.823813, "tipPosition": [-67.8667, 145.286, -21.6622], "tipVelocity": [-16.7846, -29.8531, -12.8052], "tool": false, "touchDistance": 0.226789, "touchZone": "hovering", "type": 4, "width": 16.4243}], "r": [[0.995584, 0.09259, 0.0154996], [-0.0878455, 0.977051, -0.194047], [-0.0331106, 0.191828, 0.98087]], "s": 1.06414, "t": [-2.17428, -51.8223, -7.63701], "timestamp": 747133563212}, {"currentFrameRate": 115.253, "devices": [], "gestures": [], "hands": [{"armBasis": [[0.92892, -0.358303, -0.0934173], [0.314852, 0.631539, 0.708538], [-0.194875, -0.687588, 0.699462]], "armWidth": 64.3496, "confidence": 1, "direction": [0.0499943, 0.873247, -0.484706], "elbow": [12.2187, -157.015, 259.196], "grabAngle": 0.0837384, "grabStrength": 0, "id": 744, "palmNormal": [0.330639, -0.472418, -0.817006], "palmPosition": [-29.8352, 86.9278, 34.505], "palmVelocity": [-6.06734, -29.4625, -14.2866], "palmWidth": 89.2012, "pinchDistance": 60.0406, "pinchStrength": 0, "r": [[0.995544, 0.0930125, 0.0155019], [-0.0882291, 0.976837, -0.194949], [-0.0332755, 0.192712, 0.980691]], "s": 1.06498, "sphereCenter": [-73.5423, 165.135, 64.6968], "sphereRadius": 97.2005, "stabilizedPalmPosition": [-31.452, 91.0637, 36.2421], "t": [2.14155, -52.0437, -7.73998], "timeVisible": 0.832469, "type": "left", "wrist": [-39.3631, 24.984, 74.0543]}], "id": 1339088, "interactionBox": {"center": [0, 200, 0], "size": [235.247, 235.247, 147.751]}, "pointables": [{"bases": [[[0.665209, 0.544889, 0.510483], [-0.591087, -0.0334194, 0.805915], [0.456195, -0.837842, 0.299846]], [[0.569466, 0.690313, 0.446292], [-0.592337, -0.031836, 0.805061], [0.569952, -0.722811, 0.390768]], [[0.569466, 0.690313, 0.446292], [-0.799626, 0.339352, 0.495418], [0.190543, -0.638991, 0.745241]], [[0.569466, 0.690313, 0.446292], [-0.801933, 0.585819, 0.117132], [-0.180589, -0.424599, 0.887188]]], "btipPosition": [18.8705, 103.778, -1.52563], "carpPosition": [-11.253, 37.2139, 62.9957], "dipPosition": [23.026, 94.007, 18.8896], "direction": [0.190543, 0.638991, -0.745241], "extended": false, "handId": 744, "id": 7440, "length": 51.2425, "mcpPosition": [-11.253, 37.2139, 62.9957], "pipPosition": [16.6383, 72.5856, 43.873], "stabilizedTipPosition": [18.2077, 106.09, 4.65247], "timeVisible": 0.832469,