{"frames": 77, "data": [{"currentFrameRate": 111.095, "devices": [], "gestures": [{"center": [-58.0341, 290.724, 40.7437], "duration": 17361, "handIds": [733], "id": 4, "normal": [0.945543, -0.0347533, 0.323636], "pointableIds": [7333], "progress": 0.80186, "radius": 6.45463, "state": "update", "type": "circle"}], "hands": [{"armBasis": [[0.775069, -0.222849, -0.591275], [-0.0149778, -0.941961, 0.335388], [-0.631699, -0.251093, -0.733423]], "armWidth": 58.9931, "confidence": 1, "direction": [0.0249096, 0.893563, -0.448247], "elbow": [121.657, 79.9559, -76.8726], "grabAngle": 0.111163, "grabStrength": 0, "id": 733, "palmNormal": [0.307966, -0.433438, -0.846929], "palmPosition": [-37.0172, 204.377, 87.8227], "palmVelocity": [-1.10554, -55.7301, -14.7688], "palmWidth": 84.6725, "pinchDistance": 61.7343, "pinchStrength": 0, "r": [[0.983149, 0.00697144, 0.182671], [-0.0159612, 0.99873, 0.0477892], [-0.182106, -0.0498996, 0.982012]], "s": 1.09344, "sphereCenter": [-77.9001, 280.446, 128.082], "sphereRadius": 97.1123, "stabilizedPalmPosition": [-37.0223, 205.863, 88.3188], "t": [-6.54398, 84.1449, -14.695], "timeVisible": 12.3923, "type": "left", "wrist": [-37.0592, 143.044, 107.402]}], "id": 1331136, "interactionBox": {"center": [0, 200, 0], "size": [235.247, 235.247, 147.751]}, "pointables": [{"bases": [[[0.653301, 0.514982, 0.554969], [-0.617968, -0.0607672, 0.783851], [0.437393, -0.855044, 0.278544]], [[0.571968, 0.6493, 0.501261], [-0.549593, -0.150297, 0.821802], [0.608934, -0.745534, 0.270886]], [[0.571968, 0.6493, 0.501261], [-0.77212, 0.21987, 0.596228], [0.276919, -0.728057, 0.627096]], [[0.571968, 0.6493, 0.501261], [-0.820229, 0.446192, 0.357962], [0.008766, -0.615892, 0.787782]]], "btipPosition": [19.236, 227.351, 62.6729], "carpPosition": [-18.0069, 156.289, 112.226], "dipPosition": [19.0455, 213.968, 79.791], "direction": [0.276919, 0.728057, -0.627096], "extended": true, "handId": 733, "id": 7330, "length": 48.3884, "mcpPosition": [-18.0069, 156.289, 112.226], "pipPosition": [10.2792, 190.92, 99.6428], "stabilizedTipPosition": [19.3591, 226.152, 67.4847], "timeVisible": 12.3923, "tipPosition": [22.634, 224.67, 70.119], "tipVelocity": [-6.4509, -48.0188, -15.9129], "tool": false, "touchDistance": 0.225719, "touchZone": "hovering", "type": 0, "width": 18.7056}, {"bases": [[[0.933387, 0.034743, -0.357185], [0.277228, 0.562225, 0.779132], [0.227888, -0.826254, 0.515142]], [[0.960577, -0.14454, -0.237488], [0.277885, 0.473068, 0.836054], [-0.00849473, -0.869088, 0.494584]], [[0.960577, -0.14454, -0.237488], [0.277346, 0.557456, 0.78251], [0.0192855, -0.817528, 0.575567]], [[0.960577, -0.14454, -0.237488], [0.273515, 0.64439, 0.714109], [0.049818, -0.750913, 0.65852]]], "btipPosition": [-14.0148, 293.688, 42.6676], "carpPosition": [-30.5006, 172.196, 121.027], "dipPosition": [-14.8051, 281.776, 53.114], "direction": [0.0192855, 0.817528, -0.575567], "extended": true, "handId": 733, "id": 7331, "length": 54.601, "mcpPosition": [-14.8991, 228.762, 85.7592], "pipPosition": [-15.2379, 263.43, 66.0306], "stabilizedTipPosition": [-14.0415, 292.376, 45.5868], "timeVisible": 12.3923, "tipPosition": [-11.8364, 289.647, 45.1856], "tipVelocity": [-12.5006, -49.7488, -9.63864], "tool": false, "touchDistance": 0.196331, "touchZone": "hovering", "type": 1, "width": 17.8676}, {"bases": [[[0.894566, -0.173565, -0.411858], [0.435973, 0.541728, 0.71865], [0.0983832, -0.822439, 0.560281]], [[0.899838, -0.249249, -0.358004], [0.434529, 0.439861, 0.785943], [-0.0384236, -0.862784, 0.50411]], [[0.899838, -0.249249, -0.358004], [0.436175, 0.526486, 0.729769], [0.00658985, -0.812826, 0.582469]], [[0.899838, -0.249249, -0.358004], [0.432952, 0.610636, 0.663081], [0.053338, -0.751663, 0.657387]]], "btipPosition": [-35.6224, 300.516, 32.1454], "carpPosition": [-41.3949, 173.933, 117.93], "dipPosition": [-36.5531, 287.401, 43.6153], "direction": [0.00658985, 0.812826, -0.582469], "extended": true, "handId": 733, "id": 7332, "length": 62.2134, "mcpPosition": [-35.0075, 227.329, 81.554], "pipPosition": [-36.7271, 265.941, 58.9938], "stabilizedTipPosition": [-35.7291, 298.228, 35.0186], "timeVisible": 12.3923, "tipPosition": [-35.2752, 296.06, 34.5651], "tipVelocity": [-13.9732, -55.5359, -13.9399], "tool": false, "touchDistance": -0.325887, "touchZone": "touching", "type": 2, "width": 17.5483}, {"bases": [[[0.863866, -0.333042, -0.377914], [0.501686, 0.50145, 0.704882], [-0.0452503, -0.798518, 0.600268]], [[0.865049, -0.29174, -0.408139], [0.498472, 0.407864, 0.764966], [-0.056706, -0.865179, 0.498247]], [[0.865049, -0.29174, -0.408139], [0.501681, 0.506939, 0.700949], [0.00240668, -0.811111, 0.584888]], [[0.865049, -0.29174, -0.408139], [0.499221, 0.581123, 0.642708], [0.0496752, -0.759726, 0.648343]]], "btipPosition": [-55.9281, 289.519, 31.4688], "carpPosition": [-51.8617, 173.04, 113.419], "dipPosition": [-56.7898, 276.339, 42.716], "direction": [0.00240668, 0.811111, -0.584888], "extended": true, "handId": 733, "id": 7333, "length": 59.8198, "mcpPosition": [-54.4994, 219.587, 78.4287], "pipPosition": [-56.8517, 255.477, 57.7596], "stabilizedTipPosition": [-56.0646, 287.848, 34.5393], "timeVisible": 12.3923, "tipPosition": [-56.8602, 284.018, 32.391], "tipVelocity": [-7.87217, -62.1094, -19.8921], "tool": false, "touchDistance": 0.226804, "touchZone": "hovering", "type": 3, "width": 16.6984}, {"bases": [[[0.757975, -0.501469, -0.417137], [0.623959, 0.371015, 0.687766], [-0.190129, -0.781586, 0.594116]], [[0.777549, -0.38266, -0.498987], [0.611873, 0.277422, 0.740708], [-0.145009, -0.881254, 0.449849]], [[0.777549, -0.38266, -0.498987], [0.627112, 0.413404, 0.660173], [-0.0463385, -0.826238, 0.561413]], [[0.777549, -0.38266, -0.498987], [0.628616, 0.493307, 0.601241], [0.0160828, -0.781166, 0.624116]]], "btipPosition": [-75.8953, 265.398, 38.3315], "carpPosition": [-60.2914, 166.787, 105.341], "dipPosition": [-76.1527, 252.896, 48.3198], "direction": [-0.0463385, 0.826238, -0.561413], "extended": true, "handId": 733, "id": 7334, "length": 46.8977, "mcpPosition": [-70.5506, 208.961, 73.2834], "pipPosition": [-75.3112, 237.892, 58.5149], "stabilizedTipPosition": [-75.9315, 263.683, 41.0291], "timeVisible": 12.3923, "tipPosition": [-77.634, 259.353, 38.0173], "tipVelocity": [-2.67826, -66.1559, -23.2786], "tool": false, "touchDistance": 0.244889, "touchZone": "hovering", "type": 4, "width": 14.8328}], "r": [[0.983149, 0.00697144, 0.182671], [-0.0159612, 0.99873, 0.0477892], [-0.182106, -0.0498996, 0.982012]], "s": 1.09344, "t": [6.54398, 84.1449, -14.695], "timestamp": 747063476484}, {"currentFrameRate": 110.977, "devices": [], "gestures": [{"center": [-58.0301, 290.562, 40.6811], "duration": 26580, "handIds": [733], "id": 4, "normal": [0.945925, -0.0367826, 0.322294], "pointableIds": [7333], "progress": 0.808724, "radius": 6.57751, "state": "update", "type": "circle"}], "hands": [{"armBasis": [[0.776323, -0.222539, -0.589745], [-0.0156639, -0.942127, 0.334891], [-0.630141, -0.250746, -0.73488]], "armWidth": 58.9931, "confidence": 1, "direction": [0.0244515, 0.893841, -0.447716], "elbow": [121.264, 79.519, -77.4599], "grabAngle": 0.11183, "grabStrength": 0, "id": 733, "palmNormal": [0.309766, -0.432583, -0.84671], "palmPosition": [-37.0237, 203.879, 87.6703], "palmVelocity": [-0.706287, -54.0998, -16.5387], "palmWidth": 84.6725, "pinchDistance": 61.7187, "pinchStrength": 0, "r": [[0.983234, 0.00609745, 0.182249], [-0.0151013, 0.99873, 0.0480576], [-0.181724, -0.0500041, 0.982077]], "s": 1.09307, "sphereCenter": [-77.995, 279.774, 127.759], "sphereRadius": 96.9536, "stabilizedPalmPosition": [-37.0227, 205.306, 88.1368], "t": [-6.55251, 83.6279, -14.853], "timeVisible": 12.4015, "type": "left", "wrist": [-37.0616, 142.52, 107.181]}], "id": 1331137, "interactionBox": {"center": [0, 200, 0], "size": [235.247, 235.247, 147.751]}, "pointables": [{"bases": [[[0.65477, 0.513854, 0.554283], [-0.616881, -0.0604247, 0.784734], [0.436731, -0.855747, 0.277423]], [[0.57339, 0.648495, 0.500678], [-0.548979, -0.149509, 0.822356], [0.608149, -0.746392, 0.270283]], [[0.57339, 0.648495, 0.500678], [-0.771263, 0.221115, 0.596876], [0.276364, -0.728397, 0.626946]], [[0.57339, 0.648495, 0.500678], [-0.819241, 0.447667, 0.358384], [0.00827303, -0.615669, 0.787961]]], "btipPosition": [19.1889, 226.909, 62.551], "carpPosition": [-17.9892, 155.801, 112.075], "dipPosition": [19.0092, 213.53, 79.673], "direction": [0.276364, 0.728397, -0.626946], "extended": true, "handId": 733, "id": 7330, "length": 48.3884, "mcpPosition": [-17.9892, 155.801, 112.075], "pipPosition": [10.2604, 190.472, 99.52], "stabilizedTipPosition": [19.3079, 225.591, 67.2439], "timeVisible": 12.4015, "tipPosition": [22.6094, 224.254, 70.047], "tipVelocity": [-4.83546, -47.8788, -13.1311], "tool": false, "touchDistance": 0.223702, "touchZone": "hovering", "type": 0, "width": 18.7056}, {"bases": [[[0.932899, 0.0337685, -0.358551], [0.27909, 0.561446, 0.77903], [0.227613, -0.826824, 0.514348]], [[0.960036, -0.145428, -0.239126], [0.279739, 0.471872, 0.836112], [-0.00875734, -0.86959, 0.493696]], [[0.960036, -0.145428, -0.239126], [0.279213, 0.556427, 0.782579], [0.0192471, -0.818071, 0.574795]], [[0.960036, -0.145428, -0.239126], [0.275367, 0.643563, 0.714143], [0.0500361, -0.75145, 0.65789]]], "btipPosition": [-14.0568, 293.259, 42.6241], "carpPosition": [-30.516, 171.687, 120.866], "dipPosition": [-14.8506, 281.338, 53.0605], "direction": [0.0192471, 0.818071, -0.574795], "extended": true, "handId": 733, "id": 7331, "length": 54.601, "mcpPosition": [-14.9332, 228.292, 85.653], "pipPosition": [-15.2825, 262.98, 65.9598], "stabilizedTipPosition": [-14.1076, 291.756, 45.399], "timeVisible": 12.4015, "tipPosition": [-11.8917, 289.206, 45.1174], "tipVelocity": [-4.64326, -46.7584, -4.9661], "tool": false, "touchDistance": 0.195567, "touchZone": "hovering", "type": 1, "width": 17.8676}, {"bases": [[[0.893735, -0.17446, -0.413281], [0.437719, 0.540783, 0.718301], [0.0981805, -0.822872, 0.559681]], [[0.898991, -0.250151, -0.359499], [0.436242, 0.438679, 0.785655], [-0.0388277, -0.863126, 0.503494]], [[0.898991, -0.250151, -0.359499], [0.437919, 0.525478, 0.729452], [0.00643581, -0.813202, 0.581946]], [[0.898991, -0.250151, -0.359499], [0.434685, 0.609913, 0.662612], [0.0535103, -0.751951, 0.657043]]], "btipPosition": [-35.6676, 300.054, 32.0559], "carpPosition": [-41.4078, 173.412, 117.754], "dipPosition": [-36.6013, 286.934, 43.5198], "direction": [0.00643581, 0.813202, -0.581946], "extended": true, "handId": 733, "id": 7332, "length": 62.2134, "mcpPosition": [-35.0336, 226.836, 81.4172], "pipPosition": [-36.7712, 265.463, 58.8845], "stabilizedTipPosition": [-35.8134, 297.573, 34.8393], "timeVisible": 12.4015, "tipPosition": [-35.3183, 295.594, 34.466], "tipVelocity": [-4.97834, -50.3003, -9.8562], "tool": false, "touchDistance": -0.322994, "touchZone": "touching", "type": 2, "width": 17.5483}, {"bases": [[[0.862885, -0.333917, -0.379379], [0.50336, 0.50043, 0.704414], [-0.0453633, -0.798792, 0.599894]], [[0.864076, -0.292454, -0.409687], [0.500153, 0.407089, 0.764281], [-0.0567386, -0.865303, 0.498028]], [[0.864076, -0.292454, -0.409687], [0.503353, 0.506591, 0.700001], [0.00282519, -0.811071, 0.584941]], [[0.864076, -0.292454, -0.409687], [0.500839, 0.580888, 0.641661], [0.0503253, -0.759631, 0.648404]]], "btipPosition": [-55.9191, 289.006, 31.3055], "carpPosition": [-51.8667, 172.509, 113.227], "dipPosition": [-56.7921, 275.828, 42.5537], "direction": [0.00282519, 0.811071, -0.584941], "extended": true, "handId": 733, "id": 7333, "length": 59.8198, "mcpPosition": [-54.511, 219.071, 78.2586], "pipPosition": [-56.8647, 254.967, 57.5987], "stabilizedTipPosition": [-56.0832, 287.217, 34.3216], "timeVisible": 12.4015, "tipPosition": [-56.882, 283.533, 32.2585], "tipVelocity": [0.698521, -55.6077, -17.6905], "tool": false, "touchDistance": 0.224086, "touchZone": "hovering", "type": 3, "width": 16.6984}, {"bases": [[[0.756724, -0.502189, -0.418538], [0.625444, 0.369851, 0.687044], [-0.19023, -0.781675, 0.593966]], [[0.776338, -0.383242, -0.500425], [0.613449, 0.276951, 0.73958], [-0.144845, -0.881149, 0.450107]], [[0.776338, -0.383242, -0.500425], [0.628674, 0.413503, 0.658623], [-0.045485, -0.825918, 0.561952]], [[0.776338, -0.383242, -0.500425], [0.630084, 0.493414, 0.599614], [0.0171193, -0.780813, 0.624531]]], "btipPosition": [-75.8485, 264.85, 38.107], "carpPosition": [-60.2766, 166.249, 105.134], "dipPosition": [-76.1225, 252.354, 48.1018], "direction": [-0.045485, 0.825918, -0.561952], "extended": true, "handId": 733, "id": 7334, "length": 46.8977, "mcpPosition": [-70.5412, 208.428, 73.0837], "pipPosition": [-75.2965, 237.356, 58.3067], "stabilizedTipPosition": [-75.9246, 263.093, 40.8136], "timeVisible": 12.4015, "tipPosition": [-77.6273, 258.846, 37.8475], "tipVelocity": [4.66765, -59.27, -24.1965], "tool": false, "touchDistance": 0.241171, "touchZone": "hovering", "type": 4, "width": 14.8328}], "r": [[0.983234, 0.00609745, 0.182249], [-0.0151013, 0.99873, 0.0480576], [-0.181724, -0.0500041, 0.982077]], "s": 1.09307, "t": [6.55251, 83.6279, -14.853], "timestamp": 747063485703}, {"currentFrameRate": 111.174, "devices": [], "gestures": [{"center": [-13.3703, 290.529, 54.5323], "duration": 0, "handIds": [733], "id": 5, "normal": [0.99579, 0.0810202, -0.0428763], "pointableIds": [7331], "progress": 0.783067, "radius": 10.0078, "state": "start", "type": "circle"}, {"center": [-37.6029, 299.538, 43.1526], "duration": 0, "handIds": [733], "id": 6, "normal": [0.970601, -0.0261935, 0.239266], "pointableIds": [7332], "progress": 0.809243, "radius": 8.39856, "state": "start", "type": "circle"}, {"center": [-58.0301, 290.562, 40.6811], "duration": 26580, "handIds": [733], "id": 4, "normal": [0.945925, -0.0367826, 0.322294], "pointableIds": [7333], "progress": 0.808724, "radius": 6.57751, "state": "update", "type": "circle"}], "hands": [{"armBasis": [[0.777679, -0.222191, -0.588087], [-0.0154768, -0.941942, 0.335418], [-0.628471, -0.251746, -0.735967]], "armWidth": 58.9931, "confidence": 1, "direction": [0.0247294, 0.893598, -0.448187], "elbow": [120.805, 78.8258, -77.8472], "grabAngle": 0.111509, "grabStrength": 0, "id": 733, "palmNormal": [0.310452, -0.433022, -0.846233], "palmPosition": [-37.0191, 203.437, 87.5488], "palmVelocity": [0.531435, -51.038, -14.0483], "palmWidth": 84.6725, "pinchDistance": 61.7113, "pinchStrength": 0, "r": [[0.983328, 0.00540327, 0.181758], [-0.0143907, 0.998736, 0.048165], [-0.181268, -0.0499777, 0.982163]], "s": 1.09277, "sphereCenter": [-78.1853, 279.795, 128.243], "sphereRadius": 97.6159, "stabilizedPalmPosition": [-37.0218, 204.818, 87.9833], "t": [-6.55448, 83.1488, -14.9927], "timeVisible": 12.4102, "type": "left", "wrist": [-37.1009, 142.078, 107.067]}], "id": 1331138, "interactionBox": {"center": [0, 200, 0], "size": [235.247, 235.247, 147.751]}, "pointables": [{"bases": [[[0.655236, 0.514108, 0.553497], [-0.61628, -0.0599483, 0.785242], [0.43688, -0.855628, 0.277554]], [[0.573704, 0.648896, 0.499798], [-0.548779, -0.148462, 0.822679], [0.608034, -0.746253, 0.270928]], [[0.573704, 0.648896, 0.499798], [-0.771072, 0.222077, 0.596766], [0.276245, -0.727747, 0.627752]], [[0.573704, 0.648896, 0.499798], [-0.819024, 0.448546, 0.35778], [0.00797959, -0.614606, 0.788794]]], "btipPosition": [19.1628, 226.432, 62.3969], "carpPosition": [-17.9998, 155.374, 111.995], "dipPosition": [18.9894, 213.077, 79.537], "direction": [0.276245, 0.727747, -0.627752], "extended": true, "handId": 733, "id": 7330, "length": 48.3884, "mcpPosition": [-17.9998, 155.374, 111.995], "pipPosition": [10.2444, 190.039, 99.4096], "stabilizedTipPosition": [19.2657, 225.082, 67.0375], "timeVisible": 12.4102, "tipPosition": [22.6078, 223.805, 69.9416], "tipVelocity": [-2.84975, -54.5097, -17.3328], "tool": false, "touchDistance": 0.221204, "touchZone": "hovering", "type": 0, "width": 18.7056}, {"bases": [[[0.932625, 0.0335013, -0.359289], [0.279733, 0.561851, 0.778507], [0.227948, -0.82656, 0.514625]], [[0.959836, -0.145467, -0.239905], [0.280431, 0.471374, 0.836161], [-0.00854863, -0.869854, 0.493235]], [[0.959836, -0.145467, -0.239905], [0.27988, 0.55601, 0.782637], [0.0195417, -0.818348, 0.574391]], [[0.959836, -0.145467, -0.239905], [0.276, 0.64313, 0.714288], [0.0503849, -0.751813, 0.657449]]], "btipPosition": [-14.0321, 292.841, 42.5408], "carpPosition": [-30.5346, 171.264, 120.767], "dipPosition": [-14.8314, 280.914, 52.9702], "direction": [0.0195417, 0.818348, -0.574391], "extended": true, "handId": 733, "id": 7331, "length": 54.601, "mcpPosition": [-14.9289, 227.852, 85.5352], "pipPosition": [-15.2699, 262.549, 65.8604], "stabilizedTipPosition": [-14.1422, 291.226, 45.2523], "timeVisible": 12.4102, "tipPosition": [-11.8732, 288.751, 44.9685], "tipVelocity": [2.71706, -48.5265, -9.82687], "tool": false, "touchDistance": 0.194151, "touchZone": "hovering", "type": 1, "width": 17.8676}, {"bases": [[[0.893403, -0.174754, -0.413875], [0.438314, 0.541143, 0.717667], [0.0985501, -0.822573, 0.560056]], [[0.898694, -0.250367, -0.360092], [0.436858, 0.438396, 0.785471], [-0.0387929, -0.863206, 0.503359]], [[0.898694, -0.250367, -0.360092], [0.438528, 0.525193, 0.729291], [0.00652746, -0.813319, 0.581781]], [[0.898694, -0.250367, -0.360092], [0.435276, 0.609714, 0.662407], [0.0537083, -0.75204, 0.656925]]], "btipPosition": [-35.6525, 299.617, 31.9359], "carpPosition": [-41.4241, 172.987, 117.646], "dipPosition": [-36.5896, 286.496, 43.3978], "direction": [0.00652746, 0.813319, -0.581781], "extended": true, "handId": 733, "id": 7332, "length": 62.2134, "mcpPosition": [-35.0259, 226.392, 81.2847], "pipPosition": [-36.762, 265.022, 58.7581], "stabilizedTipPosition": [-35.8436, 297.034, 34.6915], "timeVisible": 12.4102, "tipPosition": [-35.2821, 295.13, 34.2969], "tipVelocity": [1.65641, -50.5025, -13.9344], "tool": false, "touchDistance": -0.320836, "touchZone": "touching", "type": 2, "width": 17.5483}, {"bases": [[[0.862567, -0.334191, -0.379862], [0.503942, 0.500777, 0.703751], [-0.0449608, -0.79846, 0.600366]], [[0.863738, -0.292579, -0.410311], [0.500781, 0.407273, 0.763772], [-0.0563553, -0.865174, 0.498295]], [[0.863738, -0.292579, -0.410311], [0.50393, 0.506981, 0.699303], [0.00341812, -0.810782, 0.585338]], [[0.863738, -0.292579, -0.410311], [0.501363, 0.581167, 0.640999], [0.0509158, -0.75937, 0.648664]]], "btipPosition": [-55.8669, 288.541, 31.1364], "carpPosition": [-51.8795, 172.08, 113.111], "dipPosition": [-56.7502, 275.367, 42.3891], "direction": [0.00341812, 0.810782, -0.585338], "extended": true, "handId": 733, "id": 7333, "length": 59.8198, "mcpPosition": [-54.5003, 218.623, 78.1154], "pipPosition": [-56.8381, 254.514, 57.4443], "stabilizedTipPosition": [-56.0791, 286.682, 34.1342], "timeVisible": 12.4102, "tipPosition": [-56.8397, 283.063, 32.0801], "tipVelocity": [5.75347, -53.669, -19.4355], "tool": false, "touchDistance": 0.221285, "touchZone": "hovering", "type": 3, "width": 16.6984}, {"bases": [[[0.756363, -0.502476, -0.418847], [0.626002, 0.370179, 0.686359], [-0.189831, -0.781336, 0.594541]], [[0.775935, -0.383446, -0.500894], [0.614088, 0.27752, 0.738835], [-0.144295, -0.880881, 0.450807]], [[0.775935, -0.383446, -0.500894], [0.629238, 0.414405, 0.657516], [-0.0445488, -0.825371, 0.56283]], [[0.775935, -0.383446, -0.500894], [0.630557, 0.494128, 0.598528], [0.0180028, -0.780261, 0.625195]]], "btipPosition": [-75.7838, 264.371, 37.9076], "carpPosition": [-60.2826, 165.816, 105.015], "dipPosition": [-76.0719, 251.884, 47.9131], "direction": [-0.0445488, 0.825371, -0.56283], "extended": true, "handId": 733, "id": 7334, "length": 46.8977, "mcpPosition": [-70.5257, 207.976, 72.9339], "pipPosition": [-75.2629, 236.895, 58.1339], "stabilizedTipPosition": [-75.901, 262.589, 40.6223], "timeVisible": 12.4102, "tipPosition": [-77.585, 258.381, 37.6695], "tipVelocity": [7.10677, -55.209, -22.7767], "tool": false, "touchDistance": 0.237889, "touchZone": "hovering", "type": 4, "width": 14.8328}], "r": [[0.983328, 0.00540327, 0.181758], [-0.0143907, 0.998736, 0.048165], [-0.181268, -0.0499777, 0.982163]], "s": 1.09277, "t": [6.55448, 83.1488, -14.9927], "timestamp": 747063494350}, {"currentFrameRate": 110.365, "devices": [], "gestures": [{"center": [-13.6053, 292.915, 53.2976], "duration": 10490, "handIds": [733], "id": 5, "normal": [0.995388, 0.0835166, -0.0472011], "pointableIds": [7331], "progress": 0.788543, "radius": 8.15739, "state": "update", "type": "circle"}, {"center": [-37.4279, 300.407, 42.6003], "duration": 10490, "handIds": [733], "id": 6, "normal": [0.971582, -0.0231897, 0.235565], "pointableIds": [7332], "progress": 0.814366, "radius": 7.77848, "state": "update", "type": "circle"}, {"center": [-58.0301, 290.562, 40.6811], "duration": 26580, "handIds": [733], "id": 4, "normal": [0.945925, -0.0367826, 0.322294], "pointableIds": [7333], "progress": 0.808724, "radius": 6.57751, "state": "update", "type": "circle"}], "hands": [{"armBasis": [[0.779296, -0.221108, -0.586352], [-0.0153957, -0.942158, 0.334816], [-0.626467, -0.251894, -0.737624]], "armWidth": 58.9931, "confidence": 1, "direction": [0.0247503, 0.893875, -0.447632], "elbow": [120.271, 78.3898, -78.4229], "grabAngle": 0.111976, "grabStrength": 0, "id": 733, "palmNormal": [0.309984, -0.432562, -0.846641], "palmPosition": [-37.0189, 203.059, 87.4469], "palmVelocity": [0.0236241, -36.0943, -9.71775], "palmWidth": 84.6725, "pinchDistance": 61.7043, "pinchStrength": 0, "r": [[0.983388, 0.00487202, 0.181451], [-0.0138741, 0.998733, 0.0483757], [-0.180985, -0.0500895, 0.982209]], "s": 1.09246, "sphereCenter": [-78.1517, 279.41, 128.233], "sphereRadius": 97.6316, "stabilizedPalmPosition": [-37.0209, 204.292, 87.8229], "t": [-6.55534, 82.7199, -15.1136], "timeVisible": 12.4206, "type": "left", "wrist": [-37.1311, 141.679, 106.908]}], "id": 1331139, "interactionBox": {"center": [0, 200, 0], "size": [235.247, 235.247, 147.751]}, "pointables": [{"bases": [[[0.654875, 0.513915, 0.554104], [-0.616604, -0.060592, 0.784939], [0.436966, -0.855699, 0.277202]], [[0.573313, 0.648745, 0.500442], [-0.549285, -0.148877, 0.822266], [0.607945, -0.746301, 0.270993]], [[0.573313, 0.648745, 0.500442], [-0.771628, 0.222134, 0.596026], [0.275504, -0.727864, 0.627942]], [[0.573313, 0.648745, 0.500442], [-0.819309, 0.448919, 0.356658], [0.00672277, -0.614493, 0.788894]]], "btipPosition": [19.1072, 226.037, 62.2452], "carpPosition": [-18.0005, 154.975, 111.854], "dipPosition": [18.9612, 212.684, 79.3875], "direction": [0.275504, 0.727864, -0.627942], "extended": true, "handId": 733, "id": 7330, "length": 48.3884, "mcpPosition": [-18.0005, 154.975, 111.854], "pipPosition": [10.2396, 189.642, 99.266], "stabilizedTipPosition": [19.2154, 224.527, 66.8148], "timeVisible": 12.4206, "tipPosition": [22.5911, 223.422, 69.8121], "tipVelocity": [-4.70128, -37.6138, -14.4167], "tool": false, "touchDistance": 0.218683, "touchZone": "hovering", "type": 0, "width": 18.7056}, {"bases": [[[0.932772, 0.0339515, -0.358866], [0.279263, 0.561426, 0.778982], [0.227924, -0.826831, 0.5142]], [[0.959973, -0.14506, -0.239601], [0.279955, 0.470238, 0.83696], [-0.00873949, -0.870536, 0.492026]], [[0.959973, -0.14506, -0.239601], [0.279422, 0.555062, 0.783473], [0.0193431, -0.819063, 0.573378]], [[0.959973, -0.14506, -0.239601], [0.275559, 0.64239, 0.715124], [0.0501816, -0.752524, 0.65665]]], "btipPosition": [-14.0421, 292.513, 42.5284], "carpPosition": [-30.5277, 170.863, 120.642], "dipPosition": [-14.8382, 280.575, 52.9451], "direction": [0.0193431, 0.819063, -0.573378], "extended": true, "handId": 733, "id": 7331, "length": 54.601, "mcpPosition": [-14.9237, 227.469, 85.4391], "pipPosition": [-15.2723, 262.194, 65.8126], "stabilizedTipPosition": [-14.1736, 290.675, 45.1283], "timeVisible": 12.4206, "tipPosition": [-11.8788, 288.398, 44.9097], "tipVelocity": [-0.889072, -31.5236, -1.45867], "tool": false, "touchDistance": 0.193896, "touchZone": "hovering", "type": 1, "width": 17.8676}, {"bases": [[[0.893623, -0.174279, -0.4136], [0.437875, 0.540794, 0.718197], [0.0985059, -0.822903, 0.559578]], [[0.898909, -0.249965, -0.359832], [0.43639, 0.4376, 0.786174], [-0.0390533, -0.863727, 0.502445]], [[0.898909, -0.249965, -0.359832], [0.438088, 0.524719, 0.729896], [0.00636236, -0.813749, 0.581182]], [[0.898909, -0.249965, -0.359832], [0.434838, 0.609544, 0.662852], [0.0536439, -0.752312, 0.656619]]], "btipPosition": [-35.6666, 299.281, 31.9096], "carpPosition": [-41.4182, 172.59, 117.526], "dipPosition": [-36.6026, 286.155, 43.3662], "direction": [0.00636236, 0.813749, -0.581182], "extended": true, "handId": 733, "id": 7332, "length": 62.2134, "mcpPosition": [-35.0228, 226.016, 81.1964], "pipPosition": [-36.7706, 264.67, 58.7107], "stabilizedTipPosition": [-35.8693, 296.517, 34.5931], "timeVisible": 12.4206, "tipPosition": [-35.2838, 294.787, 34.2526], "tipVelocity": [-1.31855, -32.1137, -2.6192], "tool": false, "touchDistance": -0.317498, "touchZone": "touching", "type": 2, "width": 17.5483}, {"bases": [[[0.86281, -0.333744, -0.379702], [0.503518, 0.500452, 0.704284], [-0.0450282, -0.798851, 0.599842]], [[0.863984, -0.291976, -0.410221], [0.50037, 0.406899, 0.76424], [-0.0562214, -0.865554, 0.497651]], [[0.863984, -0.291976, -0.410221], [0.503504, 0.507233, 0.699427], [0.00386145, -0.810842, 0.585253]], [[0.863984, -0.291976, -0.410221], [0.500886, 0.581582, 0.640996], [0.0514213, -0.759284, 0.648724]]], "btipPosition": [-55.8414, 288.188, 31.0795], "carpPosition": [-51.8757, 171.689, 112.996], "dipPosition": [-56.7334, 275.016, 42.3333], "direction": [0.00386145, 0.810842, -0.585253], "extended": true, "handId": 733, "id": 7333, "length": 59.8198, "mcpPosition": [-54.5005, 218.255, 78.0306], "pipPosition": [-56.8327, 254.161, 57.3862], "stabilizedTipPosition": [-56.067, 286.117, 33.9614], "timeVisible": 12.4206, "tipPosition": [-56.8425, 282.729, 32.0406], "tipVelocity": [2.24319, -33.5888, -5.40274], "tool": false, "touchDistance": 0.22034, "touchZone": "hovering", "type": 3, "width": 16.6984}, {"bases": [[[0.756664, -0.50203, -0.418838], [0.625618, 0.369895, 0.686862], [-0.1899, -0.781757, 0.593965]], [[0.776253, -0.382827, -0.500874], [0.613745, 0.277378, 0.739174], [-0.144045, -0.881195, 0.450274]], [[0.776253, -0.382827, -0.500874], [0.6289, 0.415067, 0.657423], [-0.0437829, -0.825326, 0.562957]], [[0.776253, -0.382827, -0.500874], [0.630141, 0.494869, 0.598353], [0.0188007, -0.780095, 0.625378]]], "btipPosition": [-75.7538, 264.016, 37.8352], "carpPosition": [-60.2838, 165.432, 104.899], "dipPosition": [-76.0547, 251.532, 47.8437], "direction": [-0.0437829, 0.825326, -0.562957], "extended": true, "handId": 733, "id": 7334, "length": 46.8977, "mcpPosition": [-70.5307, 207.615, 72.8493], "pipPosition": [-75.2596, 236.544, 58.0668], "stabilizedTipPosition": [-75.8723, 262.057, 40.4436], "timeVisible": 12.4206, "tipPosition": [-77.588, 258.052, 37.627], "tipVelocity": [2.57392, -33.7409, -6.83254], "tool": false, "touchDistance": 0.236694, "touchZone": "hovering", "type": 4, "width": 14.8328}], "r": [[0.983388, 0.00487202, 0.181451], [-0.0138741, 0.998733, 0.0483757], [-0.180985, -0.0500895, 0.982209]], "s": 1.09246, "t": [6.55534, 82.7199, -15.1136], "timestamp": 747063504840}, {"currentFrameRate": 111.575, "devices": [], "gestures": [{"center": [-13.7266, 293.639, 52.8125], "duration": 17320, "handIds": [733], "id": 5, "normal": [0.99594, 0.0764959, -0.0474534], "pointableIds": [7331], "progress": 0.79237, "radius": 7.64021, "state": "update", "type": "circle"}, {"center": [-37.4279, 300.407, 42.6003], "duration": 10490, "handIds": [733], "id": 6, "normal": [0.971582, -0.0231897, 0.235565], "pointableIds": [7332], "progress": 0.814366, "radius": 7.77848, "state": "update", "type": "circle"}, {"center": [-58.0301, 290.562, 40.6811], "duration": 26580, "handIds": [733], "id": 4, "normal": [0.945925, -0.0367826, 0.322294], "pointableIds": [7333], "progress": 0.808724, "radius": 6.57751, "state": "update", "type": "circle"}], "hands": [{"armBasis": [[0.780574, -0.220849, -0.584748], [-0.0154257, -0.942023, 0.335194], [-0.624873, -0.252624, -0.738725]], "armWidth": 58.9931, "confidence": 1, "direction": [0.0247644, 0.893702, -0.447978], "elbow": [119.818, 77.9331, -78.7475], "grabAngle": 0.111187, "grabStrength": 0, "id": 733, "palmNormal": [0.310325, -0.432851, -0.846368], "palmPosition": [-37.0463, 202.787, 87.3962], "palmVelocity": [-4.01871, -39.8144, -7.41011], "palmWidth": 84.6725, "pinchDistance": 61.6978, "pinchStrength": 0, "r": [[0.983447, 0.00443223, 0.18114], [-0.013428, 0.998735, 0.048466], [-0.180696, -0.0500961, 0.982262]], "s": 1.09222, "sphereCenter": [-78.4068, 279.687, 128.965], "sphereRadius": 98.444, "stabilizedPalmPosition": [-37.0261, 203.984, 87.7357], "t": [-6.5695, 82.3695, -15.1993], "timeVisible": 12.4275, "type": "left", "wrist": [-37.1836, 141.406, 106.86]}], "id": 1331140, "interactionBox": {"center": [0, 200, 0], "size": [235.247, 235.247, 147.751]}, "pointables": [{"bases": [[[0.655132, 0.514037, 0.553686], [-0.616356, -0.06019, 0.785164], [0.43693, -0.855654, 0.277397]], [[0.57351, 0.648947, 0.499954], [-0.549375, -0.148039, 0.822357], [0.607679, -0.746292, 0.271614]], [[0.57351, 0.648947, 0.499954], [-0.77158, 0.222867, 0.595815], [0.275229, -0.72746, 0.628531]], [[0.57351, 0.648947, 0.499954], [-0.819172, 0.449392, 0.356376], [0.00659321, -0.613934, 0.78933]]], "btipPosition": [19.055, 225.752, 62.1629], "carpPosition": [-18.0288, 154.716, 111.829], "dipPosition": [18.9118, 212.412, 79.3146], "direction": [0.275229, 0.72746, -0.628531], "extended": true, "handId": 733, "id": 7330, "length": 48.3884, "mcpPosition": [-18.0288, 154.716, 111.829], "pipPosition": [10.1989, 189.383, 99.2118], "stabilizedTipPosition": [19.1808, 224.198, 66.6883], "timeVisible": 12.4275, "tipPosition": [22.5546, 223.15, 69.7608], "tipVelocity": [-7.5506, -41.2891, -11.7333], "tool": false, "touchDistance": 0.217348, "touchZone": "hovering", "type": 0, "width": 18.7056}, {"bases": [[[0.932659, 0.0336712, -0.359184], [0.279601, 0.561692, 0.778669], [0.22797, -0.826661, 0.514453]], [[0.95987, -0.145155, -0.239959], [0.280308, 0.469717, 0.837134], [-0.0088013, -0.870802, 0.491555]], [[0.95987, -0.145155, -0.239959], [0.27978, 0.554596, 0.783675], [0.0193259, -0.819362, 0.572951]], [[0.95987, -0.145155, -0.239959], [0.275928, 0.641785, 0.715525], [0.0501401, -0.753022, 0.656082]]], "btipPosition": [-14.0761, 292.268, 42.5127], "carpPosition": [-30.5613, 170.605, 120.606], "dipPosition": [-14.8715, 280.323, 52.9205], "direction": [0.0193259, 0.819362, -0.572951], "extended": true, "handId": 733, "id": 7331, "length": 54.601, "mcpPosition": [-14.9541, 227.2, 85.3861], "pipPosition": [-15.3052, 261.935, 65.7783], "stabilizedTipPosition": [-14.1964, 290.367, 45.0692], "timeVisible": 12.4275, "tipPosition": [-11.9162, 288.119, 44.8339], "tipVelocity": [-4.94436, -36.027, -2.5947], "tool": false, "touchDistance": 0.193601, "touchZone": "hovering", "type": 1, "width": 17.8676}, {"bases": [[[0.893462, -0.174575, -0.413823], [0.43819, 0.541013, 0.71784], [0.0985671, -0.822696, 0.559871]], [[0.898754, -0.250183, -0.36007], [0.436691, 0.437185, 0.786238], [-0.0392867, -0.863874, 0.502174]], [[0.898754, -0.250183, -0.36007], [0.438411, 0.524269, 0.730026], [0.0061331, -0.813972, 0.580872]], [[0.898754, -0.250183, -0.36007], [0.435197, 0.608934, 0.663176], [0.0533433, -0.752733, 0.656161]]], "btipPosition": [-35.7172, 299.027, 31.8789], "carpPosition": [-41.451, 172.33, 117.486], "dipPosition": [-36.6479, 285.894, 43.3274], "direction": [0.0061331, 0.813972, -0.580872], "extended": true, "handId": 733, "id": 7332, "length": 62.2134, "mcpPosition": [-35.0516, 225.742, 81.1374], "pipPosition": [-36.8098, 264.403, 58.6638], "stabilizedTipPosition": [-35.9027, 296.242, 34.5494], "timeVisible": 12.4275, "tipPosition": [-35.3103, 294.501, 34.1679], "tipVelocity": [-7.22418, -37.4811, -4.77111], "tool": false, "touchDistance": -0.31457, "touchZone": "touching", "type": 2, "width": 17.5483}, {"bases": [[[0.862636, -0.334022, -0.379852], [0.503823, 0.500656, 0.703922], [-0.0449503, -0.798607, 0.600173]], [[0.863807, -0.292093, -0.410511], [0.50068, 0.406805, 0.764087], [-0.0561862, -0.865559, 0.497646]], [[0.863807, -0.292093, -0.410511], [0.503808, 0.507183, 0.699245], [0.00395998, -0.810831, 0.585266]], [[0.863807, -0.292093, -0.410511], [0.501199, 0.581237, 0.641064], [0.0513546, -0.759503, 0.648473]]], "btipPosition": [-55.8652, 287.913, 31.0213], "carpPosition": [-51.9069, 171.425, 112.953], "dipPosition": [-56.756, 274.738, 42.2707], "direction": [0.00395998, 0.810831, -0.585266], "extended": true, "handId": 733, "id": 7333, "length": 59.8198, "mcpPosition": [-54.5271, 217.976, 77.9682], "pipPosition": [-56.8579, 253.883, 57.3241], "stabilizedTipPosition": [-56.0678, 285.797, 33.87], "timeVisible": 12.4275, "tipPosition": [-56.8617, 282.438, 31.956], "tipVelocity": [-3.44224, -40.3208, -8.66061], "tool": false, "touchDistance": 0.219354, "touchZone": "hovering", "type": 3, "width": 16.6984}, {"bases": [[[0.756452, -0.502308, -0.418887], [0.625897, 0.370074, 0.686511], [-0.189821, -0.781494, 0.594336]], [[0.776047, -0.382972, -0.501081], [0.61403, 0.27748, 0.738899], [-0.143938, -0.8811, 0.450494]], [[0.776047, -0.382972, -0.501081], [0.629171, 0.4153, 0.657016], [-0.04352, -0.825141, 0.563247]], [[0.776047, -0.382972, -0.501081], [0.630392, 0.494826, 0.598125], [0.0188831, -0.780051, 0.625431]]], "btipPosition": [-75.7676, 263.727, 37.7585], "carpPosition": [-60.3114, 165.163, 104.856], "dipPosition": [-76.0698, 251.243, 47.7678], "direction": [-0.04352, 0.825141, -0.563247], "extended": true, "handId": 733, "id": 7334, "length": 46.8977, "mcpPosition": [-70.554, 207.332, 72.7859], "pipPosition": [-75.2795, 236.258, 57.9962], "stabilizedTipPosition": [-75.8633, 261.751, 40.346], "timeVisible": 12.4275, "tipPosition": [-77.6057, 257.757, 37.5436], "tipVelocity": [-2.05561, -42.4154, -11.2069], "tool": false, "touchDistance": 0.235418, "touchZone": "hovering", "type": 4, "width": 14.8328}], "r": [[0.983447, 0.00443223, 0.18114], [-0.013428, 0.998735, 0.048466], [-0.180696, -0.0500961, 0.982262]], "s": 1.09222, "t": [6.5695, 82.3695, -15.1993], "timestamp": 747063511670}, {"currentFrameRate": 112.035, "devices": [], "gestures": [{"center": [-13.7266, 293.639, 52.8125], "duration": 17320, "handIds": [733], "id": 5, "normal": [0.99594, 0.0764959, -0.0474534], "pointableIds": [7331], "progress": 0.79237, "radius": 7.64021, "state": "update", "type": "circle"}, {"center": [-37.4279, 300.407, 42.6003], "duration": 10490, "handIds": [733], "id": 6, "normal": [0.971582, -0.0231897, 0.235565], "pointableIds": [7332], "progress": 0.814366, "radius": 7.77848, "state": "update", "type": "circle"}, {"center": [-58.0301, 290.562, 40.6811], "duration": 26580, "handIds": [733], "id": 4, "normal": [0.945925, -0.0367826, 0.322294], "pointableIds": [7333], "progress": 0.808724, "radius": 6.57751, "state": "update", "type": "circle"}], "hands": [{"armBasis": [[0.782089, -0.22039, -0.582893], [-0.015719, -0.942053, 0.335097], [-0.622968, -0.252913, -0.740233]], "armWidth": 58.9931, "confidence": 1, "direction": [0.0244187, 0.893747, -0.447906], "elbow": [119.293, 77.5726, -79.2198], "grabAngle": 0.110566, "grabStrength": 0, "id": 733, "palmNormal": [0.309941, -0.432731, -0.84657], "palmPosition": [-37.0878, 202.508, 87.3265], "palmVelocity": [-5.10865, -34.2813, -8.58897], "palmWidth": 84.6725, "pinchDistance": 61.6955, "pinchStrength": 0, "r": [[0.983476, 0.00405203, 0.180994], [-0.0130508, 0.998735, 0.0485556], [-0.180568, -0.0501154, 0.982285]], "s": 1.09202, "sphereCenter": [-78.5774, 279.794, 129.534], "sphereRadius": 99.0393, "stabilizedPalmPosition": [-37.0404, 203.642, 87.6407], "t": [-6.59732, 82.0551, -15.277], "timeVisible": 12.4356, "type": "left", "wrist": [-37.2303, 141.118, 106.767]}], "id": 1331141, "interactionBox": {"center": [0, 200, 0], "size": [235.247, 235.247, 147.751]}, "pointables": [{"bases": [[[0.65491, 0.513901, 0.554074], [-0.616771, -0.0601864, 0.784839], [0.436677, -0.855735, 0.277542]], [[0.573272, 0.648912, 0.500272], [-0.550101, -0.147684, 0.821936], [0.607246, -0.746393, 0.272304]], [[0.573272, 0.648912, 0.500272], [-0.771999, 0.223184, 0.595153], [0.274549, -0.727394, 0.628904]], [[0.573272, 0.648912, 0.500272], [-0.819344, 0.44964, 0.355667], [0.00585418, -0.613789, 0.789448]]], "btipPosition": [18.9746, 225.473, 62.0322], "carpPosition": [-18.0516, 154.438, 111.745], "dipPosition": [18.8474, 212.136, 79.1866], "direction": [0.274549, 0.727394, -0.628904], "extended": true, "handId": 733, "id": 7330, "length": 48.3884, "mcpPosition": [-18.0516, 154.438, 111.745], "pipPosition": [10.1561, 189.109, 99.0956], "stabilizedTipPosition": [19.1338, 223.84, 66.5464], "timeVisible": 12.4356, "tipPosition": [22.4918, 222.88, 69.6521], "tipVelocity": [-9.44627, -34.2483, -16.0132], "tool": false, "touchDistance": 0.21518, "touchZone": "hovering", "type": 0, "width": 18.7056}, {"bases": [[[0.93285, 0.033587, -0.358697], [0.279269, 0.561583, 0.778867], [0.227598, -0.826739, 0.514492]], [[0.959974, -0.145183, -0.239525], [0.279935, 0.468882, 0.837727], [-0.00931459, -0.871247, 0.490756]], [[0.959974, -0.145183, -0.239525], [0.279459, 0.55383, 0.784331], [0.0187846, -0.819875, 0.572235]], [[0.959974, -0.145183, -0.239525], [0.275684, 0.640862, 0.716446], [0.0494867, -0.753802, 0.655235]]], "btipPosition": [-14.1647, 292.035, 42.4952], "carpPosition": [-30.5814, 170.324, 120.53], "dipPosition": [-14.9497, 280.077, 52.8895], "direction": [0.0187846, 0.819875, -0.572235], "extended": true, "handId": 733, "id": 7331, "length": 54.601, "mcpPosition": [-14.9997, 226.924, 85.3072], "pipPosition": [-15.3713, 261.678, 65.7313], "stabilizedTipPosition": [-14.2421, 290.034, 45.0128], "timeVisible": 12.4356, "tipPosition": [-12.0006, 287.854, 44.7597], "tipVelocity": [-10.618, -29.1353, -2.53754], "tool": false, "touchDistance": 0.193257, "touchZone": "hovering", "type": 1, "width": 17.8676}, {"bases": [[[0.893654, -0.174649, -0.413377], [0.437886, 0.540889, 0.718119], [0.0981724, -0.822762, 0.559844]], [[0.898908, -0.250242, -0.359643], [0.436317, 0.436524, 0.786813], [-0.0399006, -0.864191, 0.50158]], [[0.898908, -0.250242, -0.359643], [0.438103, 0.523678, 0.730635], [0.00550189, -0.814334, 0.58037]], [[0.898908, -0.250242, -0.359643], [0.434971, 0.608212, 0.663987], [0.0525822, -0.753297, 0.655575]]], "btipPosition": [-35.8222, 298.783, 31.8603], "carpPosition": [-41.473, 172.048, 117.416], "dipPosition": [-36.7397, 285.64, 43.2987], "direction": [0.00550189, 0.814334, -0.58037], "extended": true, "handId": 733, "id": 7332, "length": 62.2134, "mcpPosition": [-35.0993, 225.465, 81.0688], "pipPosition": [-36.8849, 264.139, 58.6218], "stabilizedTipPosition": [-35.9853, 295.937, 34.5125], "timeVisible": 12.4356, "tipPosition": [-35.3933, 294.233, 34.1073], "tipVelocity": [-12.5613, -30.3178, -2.57049], "tool": false, "touchDistance": -0.311759, "touchZone": "touching", "type": 2, "width": 17.5483}, {"bases": [[[0.862791, -0.334096, -0.379436], [0.503521, 0.500526, 0.70423], [-0.0453628, -0.798658, 0.600073]], [[0.863983, -0.291974, -0.410226], [0.500344, 0.406444, 0.764499], [-0.0564799, -0.865768, 0.497248]], [[0.863983, -0.291974, -0.410226], [0.503508, 0.506984, 0.699605], [0.00371125, -0.810999, 0.585036]], [[0.863983, -0.291974, -0.410226], [0.500946, 0.580728, 0.641723], [0.0508633, -0.759938, 0.648002]]], "btipPosition": [-55.9406, 287.654, 30.9927], "carpPosition": [-51.9312, 171.142, 112.888], "dipPosition": [-56.8229, 274.471, 42.2339], "direction": [0.00371125, 0.810999, -0.585036], "extended": true, "handId": 733, "id": 7333, "length": 59.8198, "mcpPosition": [-54.5754, 217.697, 77.909], "pipPosition": [-56.9184, 253.612, 57.2813], "stabilizedTipPosition": [-56.0906, 285.444, 33.7823], "timeVisible": 12.4356, "tipPosition": [-56.9406, 282.167, 31.9071], "tipVelocity": [-9.04372, -32.1289, -3.75942], "tool": false, "touc