{"frames": 81, "data": [{"currentFrameRate": 115.313, "devices": [], "gestures": [], "hands": [{"armBasis": [[0.877328, -0.0503816, -0.477239], [0.214817, 0.930505, 0.296674], [0.429126, -0.362799, 0.827181]], "armWidth": 64.3496, "confidence": 1, "direction": [0.296218, 0.815685, -0.496904], "elbow": [-73.3601, -21.2722, 300.825], "grabAngle": 0, "grabStrength": 0, "id": 738, "palmNormal": [0.450834, -0.578057, -0.680146], "palmPosition": [72.1287, 128.689, 42.0795], "palmVelocity": [14.9363, -3.96782, 4.13329], "palmWidth": 89.2012, "pinchDistance": 46.7135, "pinchStrength": 0, "r": [[0.187878, 0.658808, -0.728473], [-0.982019, 0.112056, -0.151929], [-0.0184624, 0.743919, 0.668015]], "s": 0.84924, "sphereCenter": [-18.2048, 257.041, 86.0949], "sphereRadius": 161.368, "stabilizedPalmPosition": [72.0805, 129.246, 42.1449], "t": [10.4424, -20.0257, -87.8837], "timeVisible": 6.6253, "type": "left", "wrist": [40.2262, 74.7578, 81.877]}], "id": 1334483, "interactionBox": {"center": [0, 200, 0], "size": [235.247, 235.247, 147.751]}, "pointables": [{"bases": [[[0.684265, 0.667122, 0.294499], [-0.360433, -0.04167, 0.931854], [0.633932, -0.743782, 0.211939]], [[0.679746, 0.672386, 0.292987], [-0.247671, -0.165574, 0.954591], [0.690365, -0.721444, 0.0539817]], [[0.679746, 0.672386, 0.292987], [-0.62093, 0.314945, 0.717813], [0.390373, -0.669855, 0.631588]], [[0.679746, 0.672386, 0.292987], [-0.730798, 0.58698, 0.34841], [0.0622883, -0.450945, 0.890376]]], "btipPosition": [123.862, 147.699, 32.4628], "carpPosition": [75.5579, 79.561, 76.7663], "dipPosition": [122.429, 137.322, 52.9514], "direction": [0.390373, 0.669855, -0.631588], "extended": false, "handId": 738, "id": 7380, "length": 51.2425, "mcpPosition": [75.5579, 79.561, 76.7663], "pipPosition": [109.342, 114.866, 74.1246], "stabilizedTipPosition": [123.265, 145.569, 36.9388], "timeVisible": 6.6253, "tipPosition": [124.885, 143.969, 32.728], "tipVelocity": [14.1407, -4.97738, 12.1894], "tool": false, "touchDistance": 0.229243, "touchZone": "hovering", "type": 0, "width": 20.7127}, {"bases": [[[0.780334, 0.114725, -0.614749], [0.381557, 0.691504, 0.613381], [0.495472, -0.713204, 0.49583]], [[0.896286, -0.11452, -0.428434], [0.393496, 0.650918, 0.649205], [0.204528, -0.750461, 0.628472]], [[0.896286, -0.11452, -0.428434], [0.393496, 0.650918, 0.649205], [0.204528, -0.750461, 0.628472]], [[0.896286, -0.11452, -0.428434], [0.387553, 0.671884, 0.631169], [0.215576, -0.731749, 0.646583]]], "btipPosition": [116.222, 212.287, -7.77662], "carpPosition": [63.3655, 99.02, 80.3299], "dipPosition": [112.601, 199.994, 3.08539], "direction": [0.204528, 0.750461, -0.628472], "extended": true, "handId": 738, "id": 7381, "length": 57.8214, "mcpPosition": [99.1006, 150.459, 44.569], "pipPosition": [107.74, 182.16, 18.0211], "stabilizedTipPosition": [115.213, 209.546, -5.33005], "timeVisible": 6.6253, "tipPosition": [119.493, 206.558, -6.67071], "tipVelocity": [23.4376, -8.49363, 6.54801], "tool": false, "touchDistance": -0.292897, "touchZone": "touching", "type": 1, "width": 19.7848}, {"bases": [[[0.763544, -0.102263, -0.637607], [0.518774, 0.685119, 0.511357], [0.384544, -0.721218, 0.576169]], [[0.794212, -0.164863, -0.584848], [0.53336, 0.650279, 0.540985], [0.291125, -0.741591, 0.604391]], [[0.794212, -0.164863, -0.584848], [0.53336, 0.650279, 0.540985], [0.291125, -0.741591, 0.604391]], [[0.794212, -0.164863, -0.584848], [0.53336, 0.650279, 0.540985], [0.291125, -0.741591, 0.604391]]], "btipPosition": [107.314, 220.867, -22.3909], "carpPosition": [53.6966, 101.956, 73.7262], "dipPosition": [101.935, 207.165, -11.2236], "direction": [0.291125, 0.741591, -0.604391], "extended": true, "handId": 738, "id": 7382, "length": 65.8828, "mcpPosition": [79.9981, 151.285, 34.3183], "pipPosition": [93.7951, 186.43, 5.67492], "stabilizedTipPosition": [105.929, 217.763, -19.8691], "timeVisible": 6.6253, "tipPosition": [109.695, 212.643, -23.0214], "tipVelocity": [26.0843, -5.91704, 7.7194], "tool": false, "touchDistance": -0.292201, "touchZone": "touching", "type": 2, "width": 19.4313}, {"bases": [[[0.770516, -0.258635, -0.582592], [0.583994, 0.652722, 0.482602], [0.255452, -0.712083, 0.653974]], [[0.739099, -0.181702, -0.648627], [0.601842, 0.610597, 0.51474], [0.30252, -0.770814, 0.560648]], [[0.739099, -0.181702, -0.648627], [0.601842, 0.610597, 0.51474], [0.30252, -0.770814, 0.560648]], [[0.739099, -0.181702, -0.648627], [0.601842, 0.610597, 0.51474], [0.30252, -0.770814, 0.560648]]], "btipPosition": [87.1715, 214.661, -24.2864], "carpPosition": [44.3973, 101.915, 66.0728], "dipPosition": [81.614, 200.5, -13.9869], "direction": [0.30252, 0.770814, -0.560648], "extended": true, "handId": 738, "id": 7383, "length": 63.3481, "mcpPosition": [60.0843, 145.643, 25.9132], "pipPosition": [73.3741, 179.505, 1.28371], "stabilizedTipPosition": [85.4556, 211.605, -22.0488], "timeVisible": 6.6253, "tipPosition": [88.855, 206.041, -26.423], "tipVelocity": [28.2295, -3.05765, 8.58008], "tool": false, "touchDistance": 0.133787, "touchZone": "hovering", "type": 3, "width": 18.4901}, {"bases": [[[0.687748, -0.443582, -0.574663], [0.716987, 0.539056, 0.441981], [0.113721, -0.715998, 0.688778]], [[0.626259, -0.219649, -0.748033], [0.7293, 0.504165, 0.462535], [0.275537, -0.835207, 0.475929]], [[0.626259, -0.219649, -0.748033], [0.7293, 0.504165, 0.462535], [0.275537, -0.835207, 0.475929]], [[0.626259, -0.219649, -0.748033], [0.7293, 0.504165, 0.462535], [0.275537, -0.835207, 0.475929]]], "btipPosition": [63.2242, 195.501, -16.9686], "carpPosition": [37.2118, 95.546, 55.9498], "dipPosition": [58.5545, 181.346, -8.90267], "direction": [0.275537, 0.835207, -0.475929], "extended": true, "handId": 738, "id": 7384, "length": 49.6637, "mcpPosition": [43.6763, 136.247, 16.7961], "pipPosition": [53.2557, 165.284, 0.24983], "stabilizedTipPosition": [61.8685, 192.267, -15.2813], "timeVisible": 6.6253, "tipPosition": [63.6312, 188.348, -19.6101], "tipVelocity": [27.7032, -0.760425, 7.95115], "tool": false, "touchDistance": 0.149254, "touchZone": "hovering", "type": 4, "width": 16.4243}], "r": [[0.187878, 0.658808, -0.728473], [-0.982019, 0.112056, -0.151929], [-0.0184624, 0.743919, 0.668015]], "s": 0.84924, "t": [-10.4424, -20.0257, -87.8837], "timestamp": 747092978459}, {"currentFrameRate": 115.23, "devices": [], "gestures": [], "hands": [{"armBasis": [[0.876976, -0.0494175, -0.477987], [0.214141, 0.93066, 0.296673], [0.430182, -0.362532, 0.826749]], "armWidth": 64.3496, "confidence": 1, "direction": [0.29719, 0.815609, -0.496447], "elbow": [-73.5732, -21.2146, 300.722], "grabAngle": 0, "grabStrength": 0, "id": 738, "palmNormal": [0.450795, -0.578196, -0.680054], "palmPosition": [72.2668, 128.661, 42.1282], "palmVelocity": [15.6563, -3.12607, 5.5253], "palmWidth": 89.2012, "pinchDistance": 46.679, "pinchStrength": 0, "r": [[0.187376, 0.658988, -0.72844], [-0.98211, 0.111561, -0.151704], [-0.018706, 0.743834, 0.668103]], "s": 0.849127, "sphereCenter": [-17.9512, 256.989, 86.0402], "sphereRadius": 161.259, "stabilizedPalmPosition": [72.0972, 129.193, 42.1434], "t": [10.5661, -20.0603, -87.8396], "timeVisible": 6.63412, "type": "left", "wrist": [40.2927, 74.7447, 81.8877]}], "id": 1334484, "interactionBox": {"center": [0, 200, 0], "size": [235.247, 235.247, 147.751]}, "pointables": [{"bases": [[[0.68391, 0.667578, 0.29429], [-0.359812, -0.04227, 0.932067], [0.634667, -0.743339, 0.211294]], [[0.679463, 0.672751, 0.292808], [-0.24666, -0.166406, 0.954708], [0.691006, -0.720913, 0.0528739]], [[0.679463, 0.672751, 0.292808], [-0.620667, 0.314198, 0.718368], [0.391283, -0.66984, 0.63104]], [[0.679463, 0.672751, 0.292808], [-0.730974, 0.586256, 0.349259], [0.063304, -0.451343, 0.890102]]], "btipPosition": [124.024, 147.639, 32.5762], "carpPosition": [75.6343, 79.5192, 76.8009], "dipPosition": [122.567, 137.254, 53.0585], "direction": [0.391283, 0.66984, -0.63104], "extended": false, "handId": 738, "id": 7380, "length": 51.2425, "mcpPosition": [75.6343, 79.5192, 76.8009], "pipPosition": [109.45, 114.798, 74.2134], "stabilizedTipPosition": [123.326, 145.524, 36.9883], "timeVisible": 6.63412, "tipPosition": [125.039, 143.904, 32.8228], "tipVelocity": [17.7306, -6.94754, 12.7018], "tool": false, "touchDistance": 0.23111, "touchZone": "hovering", "type": 0, "width": 20.7127}, {"bases": [[[0.779854, 0.11556, -0.615202], [0.381384, 0.69161, 0.61337], [0.496361, -0.712967, 0.495282]], [[0.89618, -0.113877, -0.428828], [0.393292, 0.65128, 0.648965], [0.205384, -0.750244, 0.628451]], [[0.89618, -0.113877, -0.428828], [0.393292, 0.65128, 0.648965], [0.205384, -0.750244, 0.628451]], [[0.89618, -0.113877, -0.428828], [0.38742, 0.671918, 0.631215], [0.216256, -0.731819, 0.646278]]], "btipPosition": [116.444, 212.224, -7.69722], "carpPosition": [63.4555, 98.9869, 80.3633], "dipPosition": [112.811, 199.93, 3.15966], "direction": [0.205384, 0.750244, -0.628451], "extended": true, "handId": 738, "id": 7381, "length": 57.8214, "mcpPosition": [99.2547, 150.408, 44.6419], "pipPosition": [107.93, 182.1, 18.0949], "stabilizedTipPosition": [115.398, 209.476, -5.26922], "timeVisible": 6.63412, "tipPosition": [119.716, 206.515, -6.56338], "tipVelocity": [24.8788, -7.21516, 8.87046], "tool": false, "touchDistance": -0.290767, "touchZone": "touching", "type": 1, "width": 19.7848}, {"bases": [[[0.763225, -0.101434, -0.638122], [0.518542, 0.685369, 0.511257], [0.38549, -0.721097, 0.575688]], [[0.794029, -0.164142, -0.5853], [0.533152, 0.650574, 0.540836], [0.292007, -0.741493, 0.604087]], [[0.794029, -0.164142, -0.5853], [0.533152, 0.650574, 0.540836], [0.292007, -0.741493, 0.604087]], [[0.794029, -0.164142, -0.5853], [0.533152, 0.650574, 0.540836], [0.292007, -0.741493, 0.604087]]], "btipPosition": [107.558, 220.826, -22.3011], "carpPosition": [53.7931, 101.933, 73.7545], "dipPosition": [102.162, 207.126, -11.1395], "direction": [0.292007, 0.741493, -0.604087], "extended": true, "handId": 738, "id": 7382, "length": 65.8828, "mcpPosition": [80.1593, 151.253, 34.3795], "pipPosition": [93.9981, 186.394, 5.7505], "stabilizedTipPosition": [106.157, 217.712, -19.7897], "timeVisible": 6.63412, "tipPosition": [109.938, 212.612, -22.9179], "tipVelocity": [27.2361, -4.56088, 10.0258], "tool": false, "touchDistance": -0.289988, "touchZone": "touching", "type": 2, "width": 19.4313}, {"bases": [[[0.770358, -0.257819, -0.583162], [0.58377, 0.653034, 0.482451], [0.25644, -0.712092, 0.653577]], [[0.738783, -0.180771, -0.649247], [0.601658, 0.610963, 0.51452], [0.303656, -0.770744, 0.560132]], [[0.738783, -0.180771, -0.649247], [0.601658, 0.610963, 0.51452], [0.303656, -0.770744, 0.560132]], [[0.738783, -0.180771, -0.649247], [0.601658, 0.610963, 0.51452], [0.303656, -0.770744, 0.560132]]], "btipPosition": [87.4351, 214.642, -24.1934], "carpPosition": [44.4987, 101.902, 66.0952], "dipPosition": [81.8568, 200.483, -13.9034], "direction": [0.303656, 0.770744, -0.560132], "extended": true, "handId": 738, "id": 7383, "length": 63.3481, "mcpPosition": [60.2462, 145.631, 25.96], "pipPosition": [73.586, 179.49, 1.35318], "stabilizedTipPosition": [85.5816, 211.565, -22.0087], "timeVisible": 6.63412, "tipPosition": [89.0958, 206.028, -26.3337], "tipVelocity": [29.3522, -2.09929, 10.3036], "tool": false, "touchDistance": 0.135301, "touchZone": "hovering", "type": 3, "width": 18.4901}, {"bases": [[[0.687744, -0.442836, -0.575243], [0.716829, 0.53949, 0.441709], [0.114733, -0.716134, 0.688469]], [[0.625821, -0.218512, -0.748733], [0.729139, 0.50477, 0.46213], [0.276957, -0.835141, 0.475221]], [[0.625821, -0.218512, -0.748733], [0.729139, 0.50477, 0.46213], [0.276957, -0.835141, 0.475221]], [[0.625821, -0.218512, -0.748733], [0.729139, 0.50477, 0.46213], [0.276957, -0.835141, 0.475221]]], "btipPosition": [63.485, 195.5, -16.8851], "carpPosition": [37.3143, 95.5421, 55.9656], "dipPosition": [58.7912, 181.346, -8.83114], "direction": [0.276957, 0.835141, -0.475221], "extended": true, "handId": 738, "id": 7384, "length": 49.6637, "mcpPosition": [43.8364, 136.251, 16.8294], "pipPosition": [53.4651, 165.286, 0.307755], "stabilizedTipPosition": [62.0158, 192.261, -15.2131], "timeVisible": 6.63412, "tipPosition": [63.853, 188.356, -19.5366], "tipVelocity": [28.9528, -0.0742351, 9.15931], "tool": false, "touchDistance": 0.1506, "touchZone": "hovering", "type": 4, "width": 16.4243}], "r": [[0.187376, 0.658988, -0.72844], [-0.98211, 0.111561, -0.151704], [-0.018706, 0.743834, 0.668103]], "s": 0.849127, "t": [-10.5661, -20.0603, -87.8396], "timestamp": 747092987277}, {"currentFrameRate": 115.306, "devices": [], "gestures": [], "hands": [{"armBasis": [[0.876655, -0.0482681, -0.478692], [0.213233, 0.930879, 0.296641], [0.431286, -0.362125, 0.826352]], "armWidth": 64.3496, "confidence": 1, "direction": [0.298301, 0.815601, -0.495794], "elbow": [-73.8262, -21.1518, 300.564], "grabAngle": 0, "grabStrength": 0, "id": 738, "palmNormal": [0.450729, -0.578248, -0.680053], "palmPosition": [72.3867, 128.604, 42.1254], "palmVelocity": [14.0399, -6.70412, -0.326165], "palmWidth": 89.2012, "pinchDistance": 46.677, "pinchStrength": 0, "r": [[0.186749, 0.659246, -0.728367], [-0.982225, 0.110997, -0.151374], [-0.0189465, 0.74369, 0.668257]], "s": 0.84895, "sphereCenter": [-17.7129, 256.912, 85.9505], "sphereRadius": 161.159, "stabilizedPalmPosition": [72.1224, 129.142, 42.1418], "t": [10.6879, -20.1062, -87.819], "timeVisible": 6.64267, "type": "left", "wrist": [40.3317, 74.6998, 81.8354]}], "id": 1334485, "interactionBox": {"center": [0, 200, 0], "size": [235.247, 235.247, 147.751]}, "pointables": [{"bases": [[[0.683491, 0.668058, 0.294175], [-0.35912, -0.0431138, 0.932295], [0.63551, -0.742859, 0.210445]], [[0.67909, 0.673167, 0.292716], [-0.245648, -0.167371, 0.954801], [0.691732, -0.720301, 0.0517025]], [[0.67909, 0.673167, 0.292716], [-0.620451, 0.313286, 0.718952], [0.392271, -0.66985, 0.630416]], [[0.67909, 0.673167, 0.292716], [-0.731227, 0.585399, 0.350164], [0.0643629, -0.451835, 0.889777]]], "btipPosition": [124.166, 147.542, 32.6348], "carpPosition": [75.6841, 79.4399, 76.7737], "dipPosition": [122.685, 137.145, 53.1096], "direction": [0.392271, 0.66985, -0.630416], "extended": false, "handId": 738, "id": 7380, "length": 51.2425, "mcpPosition": [75.6841, 79.4399, 76.7737], "pipPosition": [109.535, 114.689, 74.2435], "stabilizedTipPosition": [123.395, 145.472, 37.038], "timeVisible": 6.64267, "tipPosition": [125.178, 143.803, 32.8697], "tipVelocity": [16.0472, -11.7204, 6.64791], "tool": false, "touchDistance": 0.232056, "touchZone": "hovering", "type": 0, "width": 20.7127}, {"bases": [[[0.779315, 0.116625, -0.615684], [0.381165, 0.691633, 0.613479], [0.497374, -0.712771, 0.494546]], [[0.896086, -0.113117, -0.429226], [0.393063, 0.651485, 0.648898], [0.206233, -0.750181, 0.628249]], [[0.896086, -0.113117, -0.429226], [0.393063, 0.651485, 0.648898], [0.206233, -0.750181, 0.628249]], [[0.896086, -0.113117, -0.429226], [0.387269, 0.67178, 0.631454], [0.216917, -0.732063, 0.64578]]], "btipPosition": [116.65, 212.14, -7.64757], "carpPosition": [63.5209, 98.9171, 80.3381], "dipPosition": [113.006, 199.842, 3.20095], "direction": [0.206233, 0.750181, -0.628249], "extended": true, "handId": 738, "id": 7381, "length": 57.8214, "mcpPosition": [99.3932, 150.324, 44.6698], "pipPosition": [108.105, 182.014, 18.1313], "stabilizedTipPosition": [115.588, 209.401, -5.21575], "timeVisible": 6.64267, "tipPosition": [119.933, 206.447, -6.48727], "tipVelocity": [23.7681, -9.94145, 5.58644], "tool": false, "touchDistance": -0.289308, "touchZone": "touching", "type": 1, "width": 19.7848}, {"bases": [[[0.762873, -0.100372, -0.63871], [0.518258, 0.685576, 0.511268], [0.386567, -0.721049, 0.575026]], [[0.793854, -0.163263, -0.585783], [0.532884, 0.650849, 0.540768], [0.292969, -0.741445, 0.603679]], [[0.793854, -0.163263, -0.585783], [0.532884, 0.650849, 0.540768], [0.292969, -0.741445, 0.603679]], [[0.793854, -0.163263, -0.585783], [0.532884, 0.650849, 0.540768], [0.292969, -0.741445, 0.603679]]], "btipPosition": [107.795, 220.761, -22.2479], "carpPosition": [53.866, 101.876, 73.7242], "dipPosition": [102.382, 207.062, -11.0938], "direction": [0.292969, 0.741445, -0.603679], "extended": true, "handId": 738, "id": 7382, "length": 65.8828, "mcpPosition": [80.3058, 151.193, 34.3945], "pipPosition": [94.1902, 186.331, 5.78485], "stabilizedTipPosition": [106.394, 217.651, -19.7249], "timeVisible": 6.64267, "tipPosition": [110.176, 212.563, -22.8435], "tipVelocity": [27.2417, -7.57879, 6.03292], "tool": false, "touchDistance": -0.28855, "touchZone": "touching", "type": 2, "width": 19.4313}, {"bases": [[[0.770191, -0.25678, -0.583841], [0.583496, 0.653318, 0.482398], [0.257563, -0.712207, 0.65301]], [[0.738483, -0.179695, -0.649886], [0.601394, 0.611382, 0.514331], [0.304906, -0.770663, 0.559563]], [[0.738483, -0.179695, -0.649886], [0.601394, 0.611382, 0.514331], [0.304906, -0.770663, 0.559563]], [[0.738483, -0.179695, -0.649886], [0.601394, 0.611382, 0.514331], [0.304906, -0.770663, 0.559563]]], "btipPosition": [87.6943, 214.597, -24.1444], "carpPosition": [44.5768, 101.858, 66.0584], "dipPosition": [82.0929, 200.44, -13.8649], "direction": [0.304906, 0.770663, -0.559563], "extended": true, "handId": 738, "id": 7383, "length": 63.3481, "mcpPosition": [60.3934, 145.593, 25.958], "pipPosition": [73.7881, 179.449, 1.37621], "stabilizedTipPosition": [85.726, 211.526, -21.9686], "timeVisible": 6.64267, "tipPosition": [89.3331, 205.998, -26.2779], "tipVelocity": [29.7126, -5.16585, 5.44931], "tool": false, "touchDistance": 0.136077, "touchZone": "hovering", "type": 3, "width": 18.4901}, {"bases": [[[0.687756, -0.441879, -0.575965], [0.716633, 0.53992, 0.441501], [0.115885, -0.7164, 0.687998]], [[0.625367, -0.217166, -0.749503], [0.728909, 0.505471, 0.461726], [0.278581, -0.835068, 0.4744]], [[0.625367, -0.217166, -0.749503], [0.728909, 0.505471, 0.461726], [0.278581, -0.835068, 0.4744]], [[0.625367, -0.217166, -0.749503], [0.728909, 0.505471, 0.461726], [0.278581, -0.835068, 0.4744]]], "btipPosition": [63.745, 195.478, -16.8453], "carpPosition": [37.3936, 95.5101, 55.9203], "dipPosition": [59.0237, 181.325, -8.80531], "direction": [0.278581, 0.835068, -0.4744], "extended": true, "handId": 738, "id": 7384, "length": 49.6637, "mcpPosition": [43.9812, 136.234, 16.8109], "pipPosition": [53.6664, 165.266, 0.317789], "stabilizedTipPosition": [62.1874, 192.251, -15.1552], "timeVisible": 6.64267, "tipPosition": [64.0686, 188.35, -19.5018], "tipVelocity": [29.6885, -2.5526, 4.27761], "tool": false, "touchDistance": 0.151209, "touchZone": "hovering", "type": 4, "width": 16.4243}], "r": [[0.186749, 0.659246, -0.728367], [-0.982225, 0.110997, -0.151374], [-0.0189465, 0.74369, 0.668257]], "s": 0.84895, "t": [-10.6879, -20.1062, -87.819], "timestamp": 747092995821}, {"currentFrameRate": 115.3, "devices": [], "gestures": [], "hands": [{"armBasis": [[0.876366, -0.0465652, -0.47939], [0.211848, 0.931134, 0.296832], [0.432555, -0.361691, 0.825879]], "armWidth": 64.3496, "confidence": 1, "direction": [0.299688, 0.81563, -0.494908], "elbow": [-74.1346, -21.1112, 300.408], "grabAngle": 0, "grabStrength": 0, "id": 738, "palmNormal": [0.450357, -0.578261, -0.680289], "palmPosition": [72.514, 128.516, 42.1579], "palmVelocity": [14.6641, -10.1329, 3.73617], "palmWidth": 89.2012, "pinchDistance": 46.6368, "pinchStrength": 0, "r": [[0.185984, 0.659629, -0.728217], [-0.982364, 0.110308, -0.150974], [-0.0192591, 0.743453, 0.668511]], "s": 0.848729, "sphereCenter": [-18.1688, 257.737, 86.7202], "sphereRadius": 162.369, "stabilizedPalmPosition": [72.1563, 129.088, 42.1432], "t": [10.8125, -20.1732, -87.7924], "timeVisible": 6.65135, "type": "left", "wrist": [40.3592, 74.6255, 81.8043]}], "id": 1334486, "interactionBox": {"center": [0, 200, 0], "size": [235.247, 235.247, 147.751]}, "pointables": [{"bases": [[[0.682769, 0.668719, 0.294351], [-0.358509, -0.0444055, 0.93247], [0.636631, -0.742188, 0.209423]], [[0.678529, 0.673629, 0.292955], [-0.244805, -0.168644, 0.954793], [0.692581, -0.719572, 0.0504776]], [[0.678529, 0.673629, 0.292955], [-0.620433, 0.312038, 0.71951], [0.39327, -0.669967, 0.629669]], [[0.678529, 0.673629, 0.292955], [-0.731663, 0.584302, 0.351085], [0.0653265, -0.452565, 0.889335]]], "btipPosition": [124.304, 147.405, 32.7215], "carpPosition": [75.7249, 79.3175, 76.7653], "dipPosition": [122.801, 136.99, 53.1862], "direction": [0.39327, 0.669967, -0.629669], "extended": false, "handId": 738, "id": 7380, "length": 51.2425, "mcpPosition": [75.7249, 79.3175, 76.7653], "pipPosition": [109.617, 114.531, 74.2951], "stabilizedTipPosition": [123.474, 145.408, 37.0923], "timeVisible": 6.65135, "tipPosition": [125.329, 143.655, 32.9537], "tipVelocity": [15.3107, -16.2704, 9.7257], "tool": false, "touchDistance": 0.233464, "touchZone": "hovering", "type": 0, "width": 20.7127}, {"bases": [[[0.778792, 0.118205, -0.616044], [0.380601, 0.69161, 0.613855], [0.498623, -0.712533, 0.493632]], [[0.896087, -0.11187, -0.42955], [0.392462, 0.651774, 0.648972], [0.207369, -0.750118, 0.62795]], [[0.896087, -0.11187, -0.42955], [0.392462, 0.651774, 0.648972], [0.207369, -0.750118, 0.62795]], [[0.896087, -0.11187, -0.42955], [0.392462, 0.651774, 0.648972], [0.207369, -0.750118, 0.62795]]], "btipPosition": [116.72, 212.312, -7.26102], "carpPosition": [63.5858, 98.8078, 80.3395], "dipPosition": [113.236, 199.711, 3.28798], "direction": [0.207369, 0.750118, -0.62795], "extended": true, "handId": 738, "id": 7381, "length": 57.8214, "mcpPosition": [99.5481, 150.198, 44.7371], "pipPosition": [108.308, 181.884, 18.2113], "stabilizedTipPosition": [115.701, 209.405, -5.0856], "timeVisible": 6.65135, "tipPosition": [120.103, 206.402, -6.32695], "tipVelocity": [12.2579, 11.8517, 36.5834], "tool": false, "touchDistance": -0.283946, "touchZone": "touching", "type": 1, "width": 19.7848}, {"bases": [[[0.762627, -0.0987936, -0.639249], [0.517641, 0.685826, 0.511557], [0.387875, -0.721029, 0.57417]], [[0.793818, -0.161898, -0.58621], [0.532267, 0.65123, 0.540917], [0.294184, -0.74141, 0.603131]], [[0.793818, -0.161898, -0.58621], [0.532267, 0.65123, 0.540917], [0.294184, -0.74141, 0.603131]], [[0.793818, -0.161898, -0.58621], [0.532267, 0.65123, 0.540917], [0.294184, -0.74141, 0.603131]]], "btipPosition": [108.071, 220.666, -22.1397], "carpPosition": [53.9387, 101.785, 73.7224], "dipPosition": [102.635, 206.967, -10.9957], "direction": [0.294184, 0.74141, -0.603131], "extended": true, "handId": 738, "id": 7382, "length": 65.8828, "mcpPosition": [80.468, 151.101, 34.4513], "pipPosition": [94.41, 186.238, 5.8676], "stabilizedTipPosition": [106.648, 217.57, -19.6365], "timeVisible": 6.65135, "tipPosition": [110.447, 212.491, -22.7092], "tipVelocity": [31.2136, -10.9471, 12.1934], "tool": false, "touchDistance": -0.28644, "touchZone": "touching", "type": 2, "width": 19.4313}, {"bases": [[[0.770188, -0.25524, -0.58452], [0.582905, 0.653681, 0.48262], [0.258906, -0.712428, 0.652238]], [[0.738337, -0.178137, -0.650481], [0.600818, 0.611895, 0.514395], [0.306393, -0.770618, 0.558813]], [[0.738337, -0.178137, -0.650481], [0.600818, 0.611895, 0.514395], [0.306393, -0.770618, 0.558813]], [[0.738337, -0.178137, -0.650481], [0.600818, 0.611895, 0.514395], [0.306393, -0.770618, 0.558813]]], "btipPosition": [87.9871, 214.535, -24.0371], "carpPosition": [44.6541, 101.786, 66.0511], "dipPosition": [82.3585, 200.379, -13.7714], "direction": [0.306393, 0.770618, -0.558813], "extended": true, "handId": 738, "id": 7383, "length": 63.3481, "mcpPosition": [60.5531, 145.535, 25.9981], "pipPosition": [74.0131, 179.389, 1.44929], "stabilizedTipPosition": [85.8917, 211.484, -21.9184], "timeVisible": 6.65135, "tipPosition": [89.6015, 205.953, -26.163], "tipVelocity": [33.0019, -7.10838, 11.9932], "tool": false, "touchDistance": 0.137813, "touchZone": "hovering", "type": 3, "width": 18.4901}, {"bases": [[[0.688006, -0.440455, -0.576756], [0.71617, 0.540498, 0.441546], [0.117254, -0.716842, 0.687306]], [[0.625058, -0.215269, -0.750308], [0.72845, 0.506243, 0.461604], [0.280469, -0.835091, 0.473243]], [[0.625058, -0.215269, -0.750308], [0.72845, 0.506243, 0.461604], [0.280469, -0.835091, 0.473243]], [[0.625058, -0.215269, -0.750308], [0.72845, 0.506243, 0.461604], [0.280469, -0.835091, 0.473243]]], "btipPosition": [64.0316, 195.452, -16.741], "carpPosition": [37.4684, 95.4571, 55.9033], "dipPosition": [59.2783, 181.299, -8.72061], "direction": [0.280469, 0.835091, -0.473244], "extended": true, "handId": 738, "id": 7384, "length": 49.6637, "mcpPosition": [44.1338, 136.206, 16.8332], "pipPosition": [53.8847, 165.239, 0.380252], "stabilizedTipPosition": [62.3825, 192.237, -15.0879], "timeVisible": 6.65135, "tipPosition": [64.3092, 188.336, -19.4111], "tipVelocity": [32.1603, -3.02829, 11.4921], "tool": false, "touchDistance": 0.152873, "touchZone": "hovering", "type": 4, "width": 16.4243}], "r": [[0.185984, 0.659629, -0.728217], [-0.982364, 0.110308, -0.150974], [-0.0192591, 0.743453, 0.668511]], "s": 0.848729, "t": [-10.8125, -20.1732, -87.7924], "timestamp": 747093004504}, {"currentFrameRate": 115.32, "devices": [], "gestures": [], "hands": [{"armBasis": [[0.876175, -0.0447066, -0.479915], [0.210308, 0.931367, 0.297196], [0.43369, -0.361326, 0.825443]], "armWidth": 64.3496, "confidence": 1, "direction": [0.300957, 0.815481, -0.494384], "elbow": [-74.4298, -21.0521, 300.22], "grabAngle": 0, "grabStrength": 0, "id": 738, "palmNormal": [0.449505, -0.578522, -0.68063], "palmPosition": [72.6097, 128.452, 42.1226], "palmVelocity": [11.0796, -7.40791, -4.08899], "palmWidth": 89.2012, "pinchDistance": 46.5834, "pinchStrength": 0, "r": [[0.185164, 0.660082, -0.728015], [-0.98251, 0.109476, -0.150632], [-0.0197296, 0.743173, 0.668808]], "s": 0.848405, "sphereCenter": [-17.7793, 257.529, 86.4927], "sphereRadius": 162.046, "stabilizedPalmPosition": [72.194, 129.035, 42.1415], "t": [10.9226, -20.2387, -87.7968], "timeVisible": 6.65999, "type": "left", "wrist": [40.3645, 74.588, 81.7321]}], "id": 1334487, "interactionBox": {"center": [0, 200, 0], "size": [235.247, 235.247, 147.751]}, "pointables": [{"bases": [[[0.681761, 0.669576, 0.294738], [-0.358396, -0.0455365, 0.932458], [0.637773, -0.741346, 0.208929]], [[0.677808, 0.674143, 0.293441], [-0.244577, -0.169645, 0.954674], [0.693368, -0.718855, 0.0498926]], [[0.677808, 0.674143, 0.293441], [-0.620789, 0.310893, 0.719699], [0.393951, -0.669983, 0.629226]], [[0.677808, 0.674143, 0.293441], [-0.732279, 0.583208, 0.351618], [0.065903, -0.45321, 0.888964]]], "btipPosition": [124.398, 147.294, 32.7076], "carpPosition": [75.7438, 79.227, 76.6993], "dipPosition": [122.881, 136.865, 53.1637], "direction": [0.393951, 0.669983, -0.629226], "extended": false, "handId": 738, "id": 7380, "length": 51.2425, "mcpPosition": [75.7438, 79.227, 76.6993], "pipPosition": [109.675, 114.405, 74.2578], "stabilizedTipPosition": [123.556, 145.334, 37.1382], "timeVisible": 6.65999, "tipPosition": [125.444, 143.52, 32.9424], "tipVelocity": [10.474, -13.1515, -1.84158], "tool": false, "touchDistance": 0.233199, "touchZone": "hovering", "type": 0, "width": 20.7127}, {"bases": [[[0.778582, 0.11978, -0.616006], [0.379574, 0.691806, 0.61427], [0.499734, -0.712079, 0.493162]], [[0.89635, -0.110588, -0.429332], [0.39141, 0.652195, 0.649184], [0.208216, -0.749941, 0.627881]], [[0.89635, -0.110588, -0.429332], [0.39141, 0.652195, 0.649184], [0.208216, -0.749941, 0.627881]], [[0.89635, -0.110588, -0.429332], [0.39141, 0.652195, 0.649184], [0.208216, -0.749941, 0.627881]]], "btipPosition": [116.918, 212.191, -7.27575], "carpPosition": [63.6343, 98.7336, 80.2851], "dipPosition": [113.42, 199.593, 3.27208], "direction": [0.208216, 0.749941, -0.627881], "extended": true, "handId": 738, "id": 7381, "length": 57.8214, "mcpPosition": [99.6768, 150.091, 44.7167], "pipPosition": [108.472, 181.77, 18.1937], "stabilizedTipPosition": [115.847, 209.365, -5.00198], "timeVisible": 6.65999, "tipPosition": [120.307, 206.304, -6.30682], "tipVelocity": [22.6362, -13.9906, -1.73669], "tool": false, "touchDistance": -0.28411, "touchZone": "touching", "type": 1, "width": 19.7848}, {"bases": [[[0.762747, -0.0972289, -0.639346], [0.516618, 0.686296, 0.511962], [0.389003, -0.720795, 0.5737]], [[0.794128, -0.16052, -0.586169], [0.531243, 0.651817, 0.541217], [0.295198, -0.741194, 0.602901]], [[0.794128, -0.16052, -0.586169], [0.531243, 0.651817, 0.541217], [0.295198, -0.741194, 0.602901]], [[0.794128, -0.16052, -0.586169], [0.531243, 0.651817, 0.541217], [0.295198, -0.741194, 0.602901]]], "btipPosition": [108.297, 220.575, -22.1389], "carpPosition": [53.9921, 101.73, 73.6695], "dipPosition": [102.842, 206.88, -10.9992], "direction": [0.295198, 0.741194, -0.602901], "extended": true, "handId": 738, "id": 7382, "length": 65.8828, "mcpPosition": [80.5985, 151.029, 34.4305], "pipPosition": [94.5886, 186.156, 5.8577], "stabilizedTipPosition": [106.884, 217.483, -19.6008], "timeVisible": 6.65999, "tipPosition": [110.667, 212.419, -22.6842], "tipVelocity": [25.6327, -10.5001, -0.0233096], "tool": false, "touchDistance": -0.286132, "touchZone": "touching", "type": 2, "width": 19.4313}, {"bases": [[[0.770549, -0.253697, -0.584716], [0.581929, 0.654268, 0.483002], [0.260024, -0.71244, 0.65178]], [[0.738568, -0.176583, -0.650642], [0.599849, 0.612638, 0.514642], [0.307731, -0.770385, 0.558398]], [[0.738568, -0.176583, -0.650642], [0.599849, 0.612638, 0.514642], [0.307731, -0.770385, 0.558398]], [[0.738568, -0.176583, -0.650642], [0.599849, 0.612638, 0.514642], [0.307731, -0.770385, 0.558398]]], "btipPosition": [88.2294, 214.479, -24.0252], "carpPosition": [44.7079, 101.75, 65.9978], "dipPosition": [82.5762, 200.326, -13.7671], "direction": [0.307731, 0.770385, -0.558398], "extended": true, "handId": 738, "id": 7383, "length": 63.3481, "mcpPosition": [60.6756, 145.5, 25.9729], "pipPosition": [74.1944, 179.343, 1.44228], "stabilizedTipPosition": [86.0689, 211.439, -21.8753], "timeVisible": 6.65999, "tipPosition": [89.8154, 205.911, -26.1441], "tipVelocity": [27.3985, -6.42486, 1.17461], "tool": false, "touchDistance": 0.137982, "touchZone": "hovering", "type": 3, "width": 18.4901}, {"bases": [[[0.68865, -0.439043, -0.577064], [0.715365, 0.541314, 0.441851], [0.118381, -0.717092, 0.686852]], [[0.625201, -0.213456, -0.750706], [0.727633, 0.507292, 0.461742], [0.282266, -0.83492, 0.472477]], [[0.625201, -0.213456, -0.750706], [0.727633, 0.507292, 0.461742], [0.282266, -0.83492, 0.472477]], [[0.625201, -0.213456, -0.750706], [0.727633, 0.507292, 0.461742], [0.282266, -0.83492, 0.472477]]], "btipPosition": [64.2678, 195.435, -16.7185], "carpPosition": [37.513, 95.438, 55.8456], "dipPosition": [59.484, 181.285, -8.71106], "direction": [0.282266, 0.83492, -0.472477], "extended": true, "handId": 738, "id": 7384, "length": 49.6637, "mcpPosition": [44.2425, 136.201, 16.8013], "pipPosition": [54.0558, 165.228, 0.375066], "stabilizedTipPosition": [62.5847, 192.222, -15.0335], "timeVisible": 6.65999, "tipPosition": [64.4959, 188.332, -19.3982], "tipVelocity": [26.5282, -1.88797, 2.2629], "tool": false, "touchDistance": 0.153198, "touchZone": "hovering", "type": 4, "width": 16.4243}], "r": [[0.185164, 0.660082, -0.728015], [-0.98251, 0.109476, -0.150632], [-0.0197296, 0.743173, 0.668808]], "s": 0.848405, "t": [-10.9226, -20.2387, -87.7968], "timestamp": 747093013141}, {"currentFrameRate": 115.315, "devices": [], "gestures": [], "hands": [{"armBasis": [[0.87594, -0.0433087, -0.480472], [0.209115, 0.931615, 0.297261], [0.434741, -0.360857, 0.825096]], "armWidth": 64.3496, "confidence": 1, "direction": [0.302174, 0.81541, -0.493759], "elbow": [-74.73, -20.9962, 300.007], "grabAngle": 0, "grabStrength": 0, "id": 738, "palmNormal": [0.449159, -0.578661, -0.68074], "palmPosition": [72.6744, 128.364, 42.0469], "palmVelocity": [7.44337, -10.0907, -8.71597], "palmWidth": 89.2012, "pinchDistance": 46.5491, "pinchStrength": 0, "r": [[0.184277, 0.660573, -0.727795], [-0.982666, 0.108594, -0.150247], [-0.0202152, 0.742867, 0.669134]], "s": 0.848021, "sphereCenter": [-17.427, 257.231, 86.1532], "sphereRadius": 161.659, "stabilizedPalmPosition": [72.2293, 128.986, 42.1346], "t": [11.01, -20.3152, -87.8368], "timeVisible": 6.66867, "type": "left", "wrist": [40.3424, 74.5196, 81.6108]}], "id": 1334488, "interactionBox": {"center": [0, 200, 0], "size": [235.247, 235.247, 147.751]}, "pointables": [{"bases": [[[0.681112, 0.670215, 0.294785], [-0.357873, -0.0465039, 0.932611], [0.638759, -0.740709, 0.208178]], [[0.677356, 0.674546, 0.293559], [-0.243846, -0.170614, 0.954688], [0.694067, -0.718247, 0.0489189]], [[0.677356, 0.674546, 0.293559], [-0.620784, 0.309989, 0.720092], [0.394735, -0.669996, 0.628721]], [[0.677356, 0.674546, 0.293559], [-0.732631, 0.582386, 0.352247], [0.0666419, -0.453667, 0.888676]]], "btipPosition": [124.464, 147.164, 32.6761], "carpPosition": [75.7325, 79.1156, 76.5966], "dipPosition": [122.931, 136.725, 53.1255], "direction": [0.394735, 0.669996, -0.628721], "extended": false, "handId": 738, "id": 7380, "length": 51.2425, "mcpPosition": [75.7325, 79.1156, 76.5966], "pipPosition": [109.698, 114.264, 74.2027], "stabilizedTipPosition": [123.637, 145.251, 37.1733], "timeVisible": 6.66867, "tipPosition": [125.529, 143.377, 32.9105], "tipVelocity": [7.18036, -15.2762, -3.80753], "tool": false, "touchDistance": 0.232648, "touchZone": "hovering", "type": 0, "width": 20.7127}, {"bases": [[[0.778129, 0.121063, -0.616327], [0.37906, 0.6919, 0.614481], [0.500828, -0.711771, 0.492498]], [[0.896392, -0.109666, -0.429482], [0.390861, 0.65255, 0.649159], [0.209068, -0.749768, 0.627804]], [[0.896392, -0.109666, -0.429482], [0.390861, 0.65255, 0.649159], [0.209068, -0.749768, 0.627804]], [[0.896392, -0.109666, -0.429482], [0.390861, 0.65255, 0.649159], [0.209068, -0.749768, 0.627804]]], "btipPosition": [117.078, 212.055, -7.31892], "carpPosition": [63.6444, 98.6346, 80.1877], "dipPosition": [113.566, 199.46, 3.22762], "direction": [0.209068, 0.749768, -0.627804], "extended": true, "handId": 738, "id": 7381, "length": 57.8214, "mcpPosition": [99.7658, 149.97, 44.6671], "pipPosition": [108.597, 181.641, 18.1474], "stabilizedTipPosition": [-116, 209.291, -4.96269], "timeVisible": 6.66867, "tipPosition": [120.474, 206.198, -6.30844], "tipVelocity": [17.9962, -15.5436, -5.00623], "tool": false, "touchDistance": -0.284684, "touchZone": "touching", "type": 1, "width": 19.7848}, {"bases": [[[0.762541, -0.0959508, -0.639785], [0.516059, 0.686612, 0.512101], [0.390148, -0.720665, 0.573086]], [[0.79412, -0.159449, -0.586472], [0.530656, 0.652317, 0.54119], [0.296274, -0.740985, 0.602631]], [[0.79412, -0.159449, -0.586472], [0.530656, 0.652317, 0.54119], [0.296274, -0.740985, 0.602631]], [[0.79412, -0.159449, -0.586472], [0.530656, 0.652317, 0.54119], [0.296274, -0.740985, 0.602631]]], "btipPosition": [108.493, 220.462, -22.172], "carpPosition": [54.0092, 101.646, 73.5689], "dipPosition": [103.019, 206.771, -11.0373], "direction": [0.296274, 0.740985, -0.602631], "extended": true, "handId": 738, "id": 7382, "length": 65.8828, "mcpPosition": [80.6939, 150.937, 34.3719], "pipPosition": [94.7349, 186.054, 5.81198], "stabilizedTipPosition": [107.092, 217.382, -19.6069], "timeVisible": 6.66867, "tipPosition": [110.855, 212.335, -22.6848], "tipVelocity": [22.0721, -12.8284, -3.95026], "tool": false, "touchDistance": -0.286367, "touchZone": "touching", "type": 2, "width": 19.4313}, {"bases": [[[0.770556, -0.252442, -0.585249], [0.581394, 0.654679, 0.48309], [0.261198, -0.712509, 0.651235]], [[0.738441, -0.175308, -0.651131], [0.599297, 0.613258, 0.514546], [0.309108, -0.770183, 0.557917]], [[0.738441, -0.175308, -0.651131], [0.599297, 0.613258, 0.514546], [0.309108, -0.770183, 0.557917]], [[0.738441, -0.175308, -0.651131], [0.599297, 0.613258, 0.514546], [0.309108, -0.770183, 0.557917]]], "btipPosition": [88.4457, 214.397, -24.0539], "carpPosition": [44.7288, 101.682, 65.8926], "dipPosition": [82.7671, 200.248, -13.8045], "direction": [0.309108, 0.770183, -0.557917], "extended": true, "handId": 738, "id": 7383, "length": 63.3481, "mcpPosition": [60.7686, 145.436, 25.9012], "pipPosition": [74.3478, 179.27, 1.39169], "stabilizedTipPosition": [86.2505, 211.389, -21.845], "timeVisible": 6.66867, "tipPosition": [90.002, 205.851, -26.1592], "tipVelocity": [24.2379, -9.36499, -3.53205], "tool": false, "touchDistance": 0.137471, "touchZone": "hovering", "type": 3, "width": 18.4901}, {"bases": [[[0.688881, -0.437889, -0.577664], [0.714943, 0.541907, 0.441806], [0.119579, -0.717349, 0.686375]], [[0.62492, -0.211869, -0.75139], [0.727179, 0.508165, 0.461497], [0.284054, -0.834793, 0.471629]], [[0.62492, -0.211869, -0.75139], [0.727179, 0.508165, 0.461497], [0.284054, -0.834793, 0.471629]], [[0.62492, -0.211869, -0.75139], [0.727179, 0.508165, 0.461497], [0.284054, -0.834793, 0.471629]]], "btipPosition": [64.4812, 195.386, -16.7437], "carpPosition": [37.5316, 95.3842, 55.7331], "dipPosition": [59.6671, 181.239, -8.75064], "direction": [0.284054, 0.834793, -0.471629], "extended": true, "handId": 738, "id": 7384, "length": 49.6637, "mcpPosition": [44.329, 136.162, 16.716], "pipPosition": [54.2045, 165.185, 0.319172], "stabilizedTipPosition": [62.7862, 192.199, -15.0008], "timeVisible": 6.66867, "tipPosition": [64.6592, 188.3, -19.4309], "tipVelocity": [23.7787, -5.49141, -3.283], "tool": false, "touchDistance": 0.152723, "touchZone": "hovering", "type": 4, "width": 16.4243}], "r": [[0.184277, 0.660573, -0.727795], [-0.982666, 0.108594, -0.150247], [-0.0202152, 0.742867, 0.669134]], "s": 0.848021, "t": [-11.01, -20.3152, -87.8368], "timestamp": 747093021823}, {"currentFrameRate": 115.316, "devices": [], "gestures": [], "hands": [{"armBasis": [[0.875679, -0.0417753, -0.481083], [0.207859, 0.931841, 0.297433], [0.435868, -0.360454, 0.824677]], "armWidth": 64.3496, "confidence": 1, "direction": [0.303446, 0.81548, -0.492862], "elbow": [-75.0416, -20.9801, 299.772], "grabAngle": 0, "grabStrength": 0, "id": 738, "palmNormal": [0.448885, -0.578601, -0.680973], "palmPosition": [72.7522, 128.264, 41.9861], "palmVelocity": [8.97837, -11.5393, -7.01554], "palmWidth": 89.2012, "pinchDistance": 46.499, "pinchStrength": 0, "r": [[0.183321, 0.661136, -0.727525], [-0.982835, 0.10768, -0.149801], [-0.0206988, 0.742499, 0.669527]], "s": 0.847559, "sphereCenter": [-17.1301, 256.921, 85.8563], "sphereRadius": 161.312, "stabilizedPalmPosition": [72.2652, 128.936, 42.1244], "t": [11.0926, -20.4035, -87.8873], "timeVisible": 6.67734, "type": "left", "wrist": [40.3292, 74.4291, 81.4865]}], "id": 1334489, "interactionBox": {"center": [0, 200, 0], "size": [235.247, 235.247, 147.751]}, "pointables": [{"bases": [[[0.680493, 0.670768, 0.294956], [-0.35725, -0.0477445, 0.932788], [0.639767, -0.740129, 0.207142]], [[0.677095, 0.674679, 0.293855], [-0.242954, -0.171981, 0.954671], [0.694634, -0.717796, 0.0474687]], [[0.677095, 0.674679, 0.293855], [-0.620658, 0.309016, 0.72062], [0.395381, -0.670311, 0.627978]], [[0.677095, 0.674679, 0.293855], [-0.732827, 0.581749, 0.352893], [0.0671399, -0.454287, 0.888322]]], "btipPosition": [124.523, 147.033, 32.6781], "carpPosition": [75.7307, 78.9818, 76.4946], "dipPosition": [122.978, 136.579, 53.1194], "direction": [0.395381, 0.670311, -0.627978], "extended": false, "handId": 738, "id": 7380, "length": 51.2425, "mcpPosition": [75.7307, 78.9818, 76.4946], "pipPosition": [109.723, 114.108, 74.1716], "stabilizedTipPosition": [123.716, 145.159, 37.2039], "timeVisible": 6.67734, "tipPosition": [125.625, 143.227, 32.9104], "tipVelocity": [6.50343, -15.4905, 0.0137766], "tool": false, "touchDistance": 0.23265, "touchZone": "hovering", "type": 0, "width": 20.7127}, {"bases": [[[0.777609, 0.122528, -0.616694], [0.37861, 0.691815, 0.614855], [0.501974, -0.711604, 0.491571]], [[0.896445, -0.108794, -0.429594], [0.390401, 0.652592, 0.649393], [0.209699, -0.749859, 0.627486]], [[0.896445, -0.108794, -0.429594], [0.390401, 0.652592, 0.649393], [0.209699, -0.749859, 0.627486]], [[0.896445, -0.108794, -0.429594], [0.390401, 0.652592, 0.6