{"frames": 107, "data": [{"currentFrameRate": 105.965, "devices": [], "gestures": [], "hands": [{"armBasis": [[0.93743, -0.102953, -0.332603], [0.185869, 0.95575, 0.228024], [0.29441, -0.275578, 0.915085]], "armWidth": 64.3496, "confidence": 1, "direction": [0.271278, 0.864424, -0.423295], "elbow": [-8.50547, 12.1023, 331.803], "grabAngle": 0, "grabStrength": 0, "id": 738, "palmNormal": [0.504314, -0.502241, -0.70244], "palmPosition": [98.5315, 141.922, 53.1344], "palmVelocity": [-2.41299, -11.8383, -3.39444], "palmWidth": 89.2012, "pinchDistance": 43.5509, "pinchStrength": 0, "r": [[-0.0163911, -0.365435, 0.930692], [0.506979, 0.799251, 0.322754], [-0.861802, 0.477132, 0.172168]], "s": 0.790291, "sphereCenter": [-6.6996, 258.646, 98.0194], "sphereRadius": 160.937, "stabilizedPalmPosition": [95.1868, 146.004, 58.0675], "t": [37.038, -6.58551, -76.7531], "timeVisible": 4.5007, "type": "left", "wrist": [69.4224, 85.0455, 89.5873]}], "id": 1334241, "interactionBox": {"center": [0, 200, 0], "size": [235.247, 235.247, 147.751]}, "pointables": [{"bases": [[[0.642758, -0.431993, -0.632649], [0.759355, 0.468378, 0.451665], [0.101203, -0.770716, 0.62909]], [[0.584142, -0.184937, -0.790301], [0.780239, 0.396207, 0.48399], [0.223616, -0.899343, 0.375736]], [[0.584142, -0.184937, -0.790301], [0.780239, 0.396207, 0.48399], [0.223616, -0.899343, 0.375736]], [[0.584142, -0.184937, -0.790301], [0.780239, 0.396207, 0.48399], [0.223616, -0.899343, 0.375736]]], "btipPosition": [86.5179, 213.772, 0.709753], "carpPosition": [64.9007, 106.157, 63.1271], "dipPosition": [82.7282, 198.53, 7.07765], "direction": [0.223616, 0.899343, -0.375736], "extended": true, "handId": 738, "id": 7384, "length": 49.6637, "mcpPosition": [70.6536, 149.968, 27.3663], "pipPosition": [78.4278, 181.235, 14.3034], "stabilizedTipPosition": [82.2118, 211.672, 3.78345], "timeVisible": 4.5007, "tipPosition": [86.8282, 208.744, -0.027266], "tipVelocity": [10.9936, -17.6475, -12.1665], "tool": false, "touchDistance": -0.0531509, "touchZone": "touching", "type": 4, "width": 16.4243}, {"bases": [[[0.728023, 0.608673, 0.315436], [-0.328366, -0.0943016, 0.939831], [0.601796, -0.787797, 0.131214]], [[0.751823, 0.576233, 0.320496], [-0.245002, -0.207132, 0.947138], [0.612157, -0.790602, -0.0145479]], [[0.751823, 0.576233, 0.320496], [-0.556319, 0.293439, 0.777433], [0.353937, -0.76279, 0.541184]], [[0.751823, 0.576233, 0.320496], [-0.654963, 0.596574, 0.463813], [0.0760649, -0.558619, 0.825929]]], "btipPosition": [146.822, 167.655, 47.7798], "carpPosition": [103.249, 90.5394, 84.216], "dipPosition": [145.071, 154.8, 66.7854], "direction": [0.353937, 0.76279, -0.541184], "extended": false, "handId": 738, "id": 7380, "length": 51.2425, "mcpPosition": [103.249, 90.5394, 84.216], "pipPosition": [133.206, 129.229, 84.928], "stabilizedTipPosition": [142.463, 167.83, 54.3406], "timeVisible": 4.5007, "tipPosition": [146.118, 163.19, 50.3857], "tipVelocity": [9.93003, -12.2508, 4.97507], "tool": false, "touchDistance": 0.119009, "touchZone": "hovering", "type": 0, "width": 20.7127}, {"bases": [[[0.762616, 0.122547, -0.635137], [0.438645, 0.623663, 0.647019], [0.475402, -0.772027, 0.421861]], [[0.883044, -0.165488, -0.439144], [0.445791, 0.5882, 0.674753], [0.146641, -0.791603, 0.593179]], [[0.883044, -0.165488, -0.439144], [0.445791, 0.5882, 0.674753], [0.146641, -0.791603, 0.593179]], [[0.883044, -0.165488, -0.439144], [0.445791, 0.5882, 0.674753], [0.146641, -0.791603, 0.593179]]], "btipPosition": [136.376, 230.284, 9.17158], "carpPosition": [89.9459, 109.054, 88.7165], "dipPosition": [133.913, 216.986, 19.1365], "direction": [0.146641, 0.791603, -0.593179], "extended": true, "handId": 738, "id": 7381, "length": 57.8214, "mcpPosition": [124.233, 164.735, 58.2905], "pipPosition": [130.428, 198.174, 33.2334], "stabilizedTipPosition": [131.9, 226.905, 8.63301], "timeVisible": 4.5007, "tipPosition": [135.908, 226.901, 11.1917], "tipVelocity": [15.6053, -12.2394, 3.61294], "tool": false, "touchDistance": -0.218485, "touchZone": "touching", "type": 1, "width": 19.7848}, {"bases": [[[0.733806, -0.0910107, -0.673235], [0.571591, 0.618302, 0.539432], [0.367169, -0.780653, 0.505735]], [[0.76673, -0.168319, -0.619511], [0.591772, 0.559398, 0.580413], [0.248859, -0.811629, 0.528514]], [[0.76673, -0.168319, -0.619511], [0.591772, 0.559398, 0.580413], [0.248859, -0.811629, 0.528514]], [[0.76673, -0.168319, -0.619511], [0.591772, 0.559398, 0.580413], [0.248859, -0.811629, 0.528514]]], "btipPosition": [128.845, 241.551, -2.21192], "carpPosition": [80.3818, 112.004, 81.9682], "dipPosition": [124.247, 226.555, 7.55337], "direction": [0.248859, 0.811629, -0.528514], "extended": true, "handId": 738, "id": 7382, "length": 65.8828, "mcpPosition": [105.495, 165.397, 47.3778], "pipPosition": [117.289, 203.862, 22.3304], "stabilizedTipPosition": [124.059, 238.29, -1.94929], "timeVisible": 4.5007, "tipPosition": [128.183, 237.376, -0.7351], "tipVelocity": [19.4577, -19.7449, -4.58873], "tool": false, "touchDistance": -0.0950676, "touchZone": "touching", "type": 2, "width": 19.4313}, {"bases": [[[0.734649, -0.251248, -0.630211], [0.63397, 0.585019, 0.505801], [0.241604, -0.771121, 0.589067]], [[0.69428, -0.142433, -0.70547], [0.66194, 0.511141, 0.548243], [0.282507, -0.847613, 0.449157]], [[0.69428, -0.142433, -0.70547], [0.66194, 0.511141, 0.548243], [0.282507, -0.847613, 0.449157]], [[0.69428, -0.142433, -0.70547], [0.66194, 0.511141, 0.548243], [0.282507, -0.847613, 0.449157]]], "btipPosition": [111.51, 235.334, -2.42137], "carpPosition": [71.3783, 112.086, 73.9693], "dipPosition": [106.32, 219.763, 5.82996], "direction": [0.282507, 0.847613, -0.449157], "extended": true, "handId": 738, "id": 7383, "length": 63.3481, "mcpPosition": [86.2148, 159.44, 37.7955], "pipPosition": [98.6255, 196.676, 18.0639], "stabilizedTipPosition": [107.318, 233.235, 0.850186], "timeVisible": 4.5007, "tipPosition": [110.789, 231.364, -0.674195], "tipVelocity": [11.0915, -26.4165, -24.4359], "tool": false, "touchDistance": -0.0469355, "touchZone": "touching", "type": 3, "width": 18.4901}], "r": [[-0.0163911, -0.365435, 0.930692], [0.506979, 0.799251, 0.322754], [-0.861802, 0.477132, 0.172168]], "s": 0.790291, "t": [-37.038, -6.58551, -76.7531], "timestamp": 747090853854}, {"currentFrameRate": 106.389, "devices": [], "gestures": [], "hands": [{"armBasis": [[0.937495, -0.103119, -0.332369], [0.184947, 0.956679, 0.224855], [0.294783, -0.272271, 0.915954]], "armWidth": 64.3496, "confidence": 1, "direction": [0.27843, 0.855708, -0.436166], "elbow": [-8.74883, 13.5821, 332.768], "grabAngle": 0, "grabStrength": 0, "id": 738, "palmNormal": [0.499509, -0.516888, -0.69521], "palmPosition": [98.8181, 141.841, 53.0959], "palmVelocity": [33.2554, -9.37861, -4.46921], "palmWidth": 89.2012, "pinchDistance": 43.9035, "pinchStrength": 0, "r": [[-0.0142846, -0.364747, 0.930997], [0.508046, 0.799301, 0.320947], [-0.861211, 0.477574, 0.173891]], "s": 0.791393, "sphereCenter": [-5.99734, 261.279, 97.5962], "sphereRadius": 162.513, "stabilizedPalmPosition": [95.2131, 145.974, 58.0316], "t": [37.1396, -6.75034, -76.7905], "timeVisible": 4.50932, "type": "left", "wrist": [69.278, 85.6502, 90.322]}], "id": 1334242, "interactionBox": {"center": [0, 200, 0], "size": [235.247, 235.247, 147.751]}, "pointables": [{"bases": [[[0.646869, -0.435737, -0.625855], [0.754998, 0.481524, 0.445098], [0.107418, -0.760439, 0.640464]], [[0.586233, -0.19155, -0.787172], [0.776279, 0.410801, 0.478157], [0.23178, -0.891376, 0.389522]], [[0.586233, -0.19155, -0.787172], [0.776279, 0.410801, 0.478157], [0.23178, -0.891376, 0.389522]], [[0.586233, -0.19155, -0.787172], [0.776279, 0.410801, 0.478157], [0.23178, -0.891376, 0.389522]]], "btipPosition": [87.4371, 212.984, -0.408021], "carpPosition": [64.8873, 106.519, 63.6339], "dipPosition": [83.5089, 197.878, 6.1935], "direction": [0.23178, 0.891376, -0.389522], "extended": true, "handId": 738, "id": 7384, "length": 49.6637, "mcpPosition": [70.9935, 149.746, 27.2265], "pipPosition": [79.0516, 180.736, 13.6843], "stabilizedTipPosition": [82.385, 211.585, 3.67637], "timeVisible": 4.50932, "tipPosition": [87.651, 207.975, -1.03278], "tipVelocity": [102.951, -87.785, -123.453], "tool": false, "touchDistance": -0.0708849, "touchZone": "touching", "type": 4, "width": 16.4243}, {"bases": [[[0.722549, 0.619516, 0.306794], [-0.328161, -0.0832345, 0.940948], [0.608468, -0.780559, 0.14316]], [[0.744578, 0.590196, 0.311884], [-0.243104, -0.195387, 0.950118], [0.621694, -0.783258, -0.00200202]], [[0.744578, 0.590196, 0.311884], [-0.560463, 0.298927, 0.77235], [0.362608, -0.749874, 0.553357]], [[0.744578, 0.590196, 0.311884], [-0.662799, 0.598089, 0.45054], [0.0793731, -0.542179, 0.836506]]], "btipPosition": [147.52, 166.829, 47.2292], "carpPosition": [103.114, 90.8846, 84.9309], "dipPosition": [145.693, 154.353, 66.4782], "direction": [0.362608, 0.749874, -0.553357], "extended": false, "handId": 738, "id": 7380, "length": 51.2425, "mcpPosition": [103.114, 90.8846, 84.9309], "pipPosition": [133.537, 129.214, 85.0288], "stabilizedTipPosition": [142.497, 167.802, 54.3212], "timeVisible": 4.50932, "tipPosition": [146.595, 162.683, 50.042], "tipVelocity": [78.9724, -85.69, -57.3886], "tool": false, "touchDistance": 0.111081, "touchZone": "hovering", "type": 0, "width": 20.7127}, {"bases": [[[0.761951, 0.119718, -0.636473], [0.432835, 0.636909, 0.637966], [0.481751, -0.761587, 0.433476]], [[0.884655, -0.164039, -0.436436], [0.440029, 0.603214, 0.665213], [0.154143, -0.780528, 0.605818]], [[0.884655, -0.164039, -0.436436], [0.440029, 0.603214, 0.665213], [0.154143, -0.780528, 0.605818]], [[0.884655, -0.164039, -0.436436], [0.440029, 0.603214, 0.665213], [0.154143, -0.780528, 0.605818]]], "btipPosition": [137.483, 229.138, 7.7352], "carpPosition": [89.9734, 109.577, 89.1643], "dipPosition": [134.893, 216.026, 17.9124], "direction": [0.154143, 0.780528, -0.605818], "extended": true, "handId": 738, "id": 7381, "length": 57.8214, "mcpPosition": [124.719, 164.505, 57.9007], "pipPosition": [131.23, 197.476, 32.3097], "stabilizedTipPosition": [132.166, 226.863, 8.70995], "timeVisible": 4.50932, "tipPosition": [136.897, 225.868, 9.88393], "tipVelocity": [125.033, -128.052, -160.987], "tool": false, "touchDistance": -0.241611, "touchZone": "touching", "type": 1, "width": 19.7848}, {"bases": [[[0.735006, -0.0946194, -0.671427], [0.565892, 0.631104, 0.530541], [0.373541, -0.769905, 0.51741]], [[0.768399, -0.170434, -0.616859], [0.586567, 0.573033, 0.572339], [0.255935, -0.801614, 0.540289]], [[0.768399, -0.170434, -0.616859], [0.586567, 0.573033, 0.572339], [0.255935, -0.801614, 0.540289]], [[0.768399, -0.170434, -0.616859], [0.586567, 0.573033, 0.572339], [0.255935, -0.801614, 0.540289]]], "btipPosition": [129.993, 240.382, -3.70522], "carpPosition": [80.4305, 112.509, 82.3783], "dipPosition": [125.265, 225.571, 6.27764], "direction": [0.255935, 0.801614, -0.540289], "extended": true, "handId": 738, "id": 7382, "length": 65.8828, "mcpPosition": [105.979, 165.168, 46.9893], "pipPosition": [118.109, 203.158, 21.3839], "stabilizedTipPosition": [124.374, 238.204, -1.91422], "timeVisible": 4.50932, "tipPosition": [129.254, 236.233, -2.19145], "tipVelocity": [129.772, -130.694, -167.451], "tool": false, "touchDistance": -0.119122, "touchZone": "touching", "type": 2, "width": 19.4313}, {"bases": [[[0.737199, -0.25419, -0.626039], [0.628578, 0.597867, 0.497438], [0.247844, -0.760225, 0.600526]], [[0.695389, -0.145592, -0.70373], [0.657794, 0.523285, 0.541737], [0.28938, -0.839628, 0.459656]], [[0.695389, -0.145592, -0.70373], [0.657794, 0.523285, 0.541737], [0.28938, -0.839628, 0.459656]], [[0.695389, -0.145592, -0.70373], [0.657794, 0.523285, 0.541737], [0.28938, -0.839628, 0.459656]]], "btipPosition": [112.553, 234.415, -3.65062], "carpPosition": [71.4228, 112.552, 74.3838], "dipPosition": [107.237, 218.991, 4.79359], "direction": [0.28938, 0.839628, -0.459656], "extended": true, "handId": 738, "id": 7383, "length": 63.3481, "mcpPosition": [86.6426, 159.236, 37.5064], "pipPosition": [99.3551, 196.121, 17.3135], "stabilizedTipPosition": [107.539, 233.104, 0.709042], "timeVisible": 4.50932, "tipPosition": [111.803, 230.376, -2.0305], "tipVelocity": [117.654, -102.686, -137.474], "tool": false, "touchDistance": -0.0666836, "touchZone": "touching", "type": 3, "width": 18.4901}], "r": [[-0.0142846, -0.364747, 0.930997], [0.508046, 0.799301, 0.320947], [-0.861211, 0.477574, 0.173891]], "s": 0.791393, "t": [-37.1396, -6.75034, -76.7905], "timestamp": 747090862473}, {"currentFrameRate": 106.722, "devices": [], "gestures": [], "hands": [{"armBasis": [[0.938265, -0.101311, -0.33075], [0.18121, 0.958409, 0.220488], [0.294656, -0.266811, 0.9176]], "armWidth": 64.3496, "confidence": 1, "direction": [0.281804, 0.850829, -0.443482], "elbow": [-8.75498, 15.4599, 333.651], "grabAngle": 0, "grabStrength": 0, "id": 738, "palmNormal": [0.495102, -0.524873, -0.692374], "palmPosition": [98.9821, 141.855, 53.0607], "palmVelocity": [18.7259, 1.63098, -4.01751], "palmWidth": 89.2012, "pinchDistance": 44.1142, "pinchStrength": 0, "r": [[-0.0126693, -0.362762, 0.931796], [0.507905, 0.800369, 0.318501], [-0.86132, 0.477299, 0.174108]], "s": 0.792294, "sphereCenter": [-5.82735, 263.162, 97.9721], "sphereRadius": 163.946, "stabilizedPalmPosition": [95.2411, 145.943, 57.9947], "t": [37.2723, -6.82561, -76.8268], "timeVisible": 4.51808, "type": "left", "wrist": [69.2382, 86.0826, 90.77]}], "id": 1334243, "interactionBox": {"center": [0, 200, 0], "size": [235.247, 235.247, 147.751]}, "pointables": [{"bases": [[[0.718559, 0.625645, 0.303712], [-0.330036, -0.0776366, 0.94077], [0.612167, -0.776235, 0.150699]], [[0.739763, 0.597796, 0.308853], [-0.24392, -0.189538, 0.951093], [0.627099, -0.778919, 0.0056011]], [[0.739763, 0.597796, 0.308853], [-0.564646, 0.301877, 0.768144], [0.365958, -0.742637, 0.560861]], [[0.739763, 0.597796, 0.308853], [-0.6683, 0.599377, 0.440593], [0.0782658, -0.532341, 0.842904]]], "btipPosition": [147.848, 166.389, 46.8081], "carpPosition": [103.091, 91.1259, 85.2806], "dipPosition": [146.047, 154.139, 66.2043], "direction": [0.365958, 0.742637, -0.560861], "extended": false, "handId": 738, "id": 7380, "length": 51.2425, "mcpPosition": [103.091, 91.1259, 85.2806], "pipPosition": [133.779, 129.243, 85.0065], "stabilizedTipPosition": [142.535, 167.769, 54.2973], "timeVisible": 4.51808, "tipPosition": [146.865, 162.435, 49.7457], "tipVelocity": [38.1709, -44.2871, -44.2099], "tool": false, "touchDistance": 0.104627, "touchZone": "hovering", "type": 0, "width": 20.7127}, {"bases": [[[0.650664, -0.437201, -0.620879], [0.751386, 0.488902, 0.443164], [0.109798, -0.754871, 0.646618]], [[0.589156, -0.194594, -0.784237], [0.773005, 0.418354, 0.47691], [0.235285, -0.887194, 0.396898]], [[0.589156, -0.194594, -0.784237], [0.773005, 0.418354, 0.47691], [0.235285, -0.887194, 0.396898]], [[0.589156, -0.194594, -0.784237], [0.773005, 0.418354, 0.47691], [0.235285, -0.887194, 0.396898]]], "btipPosition": [87.8278, 212.646, -0.959881], "carpPosition": [64.894, 106.793, 63.9552], "dipPosition": [83.8402, 197.61, 5.76666], "direction": [0.235285, 0.887194, -0.396898], "extended": true, "handId": 738, "id": 7384, "length": 49.6637, "mcpPosition": [71.1355, 149.704, 27.198], "pipPosition": [79.3155, 180.549, 13.3993], "stabilizedTipPosition": [82.5593, 211.493, 3.55738], "timeVisible": 4.51808, "tipPosition": [88.0251, 207.626, -1.55152], "tipVelocity": [43.0413, -36.7722, -59.7221], "tool": false, "touchDistance": -0.0796033, "touchZone": "touching", "type": 4, "width": 16.4243}, {"bases": [[[0.762881, 0.118748, -0.63554], [0.427945, 0.644096, 0.634037], [0.48464, -0.755671, 0.440551]], [[0.886658, -0.163191, -0.432673], [0.435141, 0.611082, 0.661235], [0.156491, -0.774563, 0.612832]], [[0.886658, -0.163191, -0.432673], [0.435141, 0.611082, 0.661235], [0.156491, -0.774563, 0.612832]], [[0.886658, -0.163191, -0.432673], [0.435141, 0.611082, 0.661235], [0.156491, -0.774563, 0.612832]]], "btipPosition": [137.971, 228.559, 6.88011], "carpPosition": [90.0584, 109.919, 89.4003], "dipPosition": [135.342, 215.547, 17.1751], "direction": [0.156491, 0.774563, -0.612832], "extended": true, "handId": 738, "id": 7381, "length": 57.8214, "mcpPosition": [125.012, 164.421, 57.6264], "pipPosition": [131.623, 197.14, 31.7391], "stabilizedTipPosition": [132.441, 226.795, 8.73846], "timeVisible": 4.51808, "tipPosition": [137.391, 225.345, 9.10498], "tipVelocity": [54.6452, -63.4259, -94.5303], "tool": false, "touchDistance": -0.255411, "touchZone": "touching", "type": 1, "width": 19.7848}, {"bases": [[[0.737137, -0.0959919, -0.668891], [0.561295, 0.638152, 0.526982], [0.376268, -0.763903, 0.524285]], [[0.770752, -0.171112, -0.613727], [0.582415, 0.579777, 0.569782], [0.258328, -0.796605, 0.546523]], [[0.770752, -0.171112, -0.613727], [0.582415, 0.579777, 0.569782], [0.258328, -0.796605, 0.546523]], [[0.770752, -0.171112, -0.613727], [0.582415, 0.579777, 0.569782], [0.258328, -0.796605, 0.546523]]], "btipPosition": [130.488, 239.841, -4.52392], "carpPosition": [80.5143, 112.848, 82.6148], "dipPosition": [125.715, 225.122, 5.57412], "direction": [0.258328, 0.796605, -0.546523], "extended": true, "handId": 738, "id": 7382, "length": 65.8828, "mcpPosition": [106.25, 165.097, 46.7556], "pipPosition": [118.492, 202.849, 20.8547], "stabilizedTipPosition": [124.69, 238.094, -1.93232], "timeVisible": 4.51808, "tipPosition": [129.77, 235.659, -3.0281], "tipVelocity": [55.3333, -59.4014, -90.4458], "tool": false, "touchDistance": -0.132325, "touchZone": "touching", "type": 2, "width": 19.4313}, {"bases": [[[0.740049, -0.255192, -0.622257], [0.624234, 0.604986, 0.494291], [0.250318, -0.754234, 0.607019]], [[0.697252, -0.146053, -0.70179], [0.654534, 0.528903, 0.540229], [0.292277, -0.836021, 0.464375]], [[0.697252, -0.146053, -0.70179], [0.654534, 0.528903, 0.540229], [0.292277, -0.836021, 0.464375]], [[0.697252, -0.146053, -0.70179], [0.654534, 0.528903, 0.540229], [0.292277, -0.836021, 0.464375]]], "btipPosition": [113.029, 234.048, -4.21363], "carpPosition": [71.4873, 112.876, 74.642], "dipPosition": [107.66, 218.69, 4.31725], "direction": [0.292277, 0.836021, -0.464375], "extended": true, "handId": 738, "id": 7383, "length": 63.3481, "mcpPosition": [86.8589, 159.192, 37.3658], "pipPosition": [99.6988, 195.919, 16.9657], "stabilizedTipPosition": [107.771, 232.963, 0.547917], "timeVisible": 4.51808, "tipPosition": [112.284, 229.901, -2.77526], "tipVelocity": [52.9221, -40.1584, -62.0019], "tool": false, "touchDistance": -0.0757349, "touchZone": "touching", "type": 3, "width": 18.4901}], "r": [[-0.0126693, -0.362762, 0.931796], [0.507905, 0.800369, 0.318501], [-0.86132, 0.477299, 0.174108]], "s": 0.792294, "t": [-37.2723, -6.82561, -76.8268], "timestamp": 747090871232}, {"currentFrameRate": 107.066, "devices": [], "gestures": [], "hands": [{"armBasis": [[0.939453, -0.099288, -0.327978], [0.177227, 0.959939, 0.217044], [0.293289, -0.262029, 0.919414]], "armWidth": 64.3496, "confidence": 1, "direction": [0.283809, 0.848136, -0.447346], "elbow": [-8.38961, 17.0269, 334.393], "grabAngle": 0, "grabStrength": 0, "id": 738, "palmNormal": [0.491718, -0.529247, -0.691455], "palmPosition": [99.0951, 141.905, 53.0414], "palmVelocity": [12.9713, 5.75588, -2.21406], "palmWidth": 89.2012, "pinchDistance": 44.2916, "pinchStrength": 0, "r": [[-0.0115343, -0.360467, 0.9327], [0.507083, 0.801818, 0.316155], [-0.86182, 0.476604, 0.173539]], "s": 0.793055, "sphereCenter": [-5.86549, 264.603, 98.6824], "sphereRadius": 165.215, "stabilizedPalmPosition": [95.2695, 145.914, 57.9581], "t": [37.3953, -6.83817, -76.8546], "timeVisible": 4.52679, "type": "left", "wrist": [69.2416, 86.3839, 91.0315]}], "id": 1334244, "interactionBox": {"center": [0, 200, 0], "size": [235.247, 235.247, 147.751]}, "pointables": [{"bases": [[[0.715681, 0.629325, 0.302905], [-0.331846, -0.0752157, 0.94033], [0.614556, -0.773494, 0.155008]], [[0.736322, 0.602446, 0.30804], [-0.244682, -0.187372, 0.951327], [0.630841, -0.775855, 0.00944207]], [[0.736322, 0.602446, 0.30804], [-0.568034, 0.303008, 0.765195], [0.36765, -0.738407, 0.565322]], [[0.736322, 0.602446, 0.30804], [-0.672335, 0.600208, 0.433262], [0.0761293, -0.526127, 0.846992]]], "btipPosition": [148.045, 166.113, 46.5415], "carpPosition": [103.097, 91.285, 85.4456], "dipPosition": [146.293, 154.007, 66.0317], "direction": [0.36765, 0.738407, -0.565322], "extended": false, "handId": 738, "id": 7380, "length": 51.2425, "mcpPosition": [103.097, 91.285, 85.4456], "pipPosition": [133.968, 129.252, 84.9835], "stabilizedTipPosition": [142.574, 167.735, 54.2723], "timeVisible": 4.52679, "tipPosition": [147.048, 162.312, 49.5545], "tipVelocity": [23.8786, -27.868, -28.1177], "tool": false, "touchDistance": 0.100544, "touchZone": "hovering", "type": 0, "width": 20.7127}, {"bases": [[[0.653572, -0.437267, -0.617771], [0.748678, 0.493231, 0.442949], [0.111017, -0.752011, 0.649734]], [[0.591573, -0.195503, -0.782189], [0.770645, 0.422237, 0.477307], [0.236954, -0.885152, 0.400447]], [[0.591573, -0.195503, -0.782189], [0.770645, 0.422237, 0.477307], [0.236954, -0.885152, 0.400447]], [[0.591573, -0.195503, -0.782189], [0.770645, 0.422237, 0.477307], [0.236954, -0.885152, 0.400447]]], "btipPosition": [88.0297, 212.551, -1.19928], "carpPosition": [64.9082, 107.006, 64.1447], "dipPosition": [84.0139, 197.55, 5.5874], "direction": [0.236954, 0.885152, -0.400447], "extended": true, "handId": 738, "id": 7384, "length": 49.6637, "mcpPosition": [71.219, 149.754, 27.2104], "pipPosition": [79.457, 180.527, 13.2883], "stabilizedTipPosition": [82.7111, 211.413, 3.45069], "timeVisible": 4.52679, "tipPosition": [88.2446, 207.511, -1.79004], "tipVelocity": [22.43, -10.0062, -25.8882], "tool": false, "touchDistance": -0.0833627, "touchZone": "touching", "type": 4, "width": 16.4243}, {"bases": [[[0.763866, 0.119014, -0.634306], [0.424272, 0.64801, 0.632516], [0.486315, -0.752276, 0.444498]], [[0.888318, -0.16228, -0.4296], [0.431497, 0.615112, 0.659885], [0.157166, -0.771559, 0.616438]], [[0.888318, -0.16228, -0.4296], [0.431497, 0.615112, 0.659885], [0.157166, -0.771559, 0.616438]], [[0.888318, -0.16228, -0.4296], [0.431497, 0.615112, 0.659885], [0.157166, -0.771559, 0.616438]]], "btipPosition": [138.229, 228.286, 6.41865], "carpPosition": [90.1398, 110.14, 89.5222], "dipPosition": [135.588, 215.324, 16.7743], "direction": [0.157166, 0.771559, -0.616438], "extended": true, "handId": 738, "id": 7381, "length": 57.8214, "mcpPosition": [125.214, 164.396, 57.4636], "pipPosition": [131.853, 196.988, 31.424], "stabilizedTipPosition": [132.678, 226.726, 8.74129], "timeVisible": 4.52679, "tipPosition": [137.699, 225.093, 8.68335], "tipVelocity": [29.3247, -30.0319, -51.3629], "tool": false, "touchDistance": -0.26287, "touchZone": "touching", "type": 1, "width": 19.7848}, {"bases": [[[0.738951, -0.0959406, -0.666894], [0.557878, 0.642128, 0.525779], [0.377788, -0.76057, 0.528024]], [[0.772738, -0.170806, -0.611311], [0.579405, 0.583068, 0.569492], [0.259163, -0.794265, 0.549525]], [[0.772738, -0.170806, -0.611311], [0.579405, 0.583068, 0.569492], [0.259163, -0.794265, 0.549525]], [[0.772738, -0.170806, -0.611311], [0.579405, 0.583068, 0.569492], [0.259163, -0.794265, 0.549525]]], "btipPosition": [130.747, 239.622, -4.92954], "carpPosition": [80.591, 113.077, 82.7466], "dipPosition": [125.959, 224.946, 5.22397], "direction": [0.259163, 0.794265, -0.549525], "extended": true, "handId": 738, "id": 7382, "length": 65.8828, "mcpPosition": [106.43, 165.097, 46.6316], "pipPosition": [118.713, 202.739, 20.5885], "stabilizedTipPosition": [124.957, 237.995, -1.96795], "timeVisible": 4.52679, "tipPosition": [130.085, 235.392, -3.46656], "tipVelocity": [29.3222, -24.0327, -45.0891], "tool": false, "touchDistance": -0.138873, "touchZone": "touching", "type": 2, "width": 19.4313}, {"bases": [[[0.742319, -0.254951, -0.619647], [0.621006, 0.60906, 0.493353], [0.251622, -0.75103, 0.610443]], [[0.698817, -0.145171, -0.700414], [0.652274, 0.531227, 0.540682], [0.293587, -0.8347, 0.465922]], [[0.698817, -0.145171, -0.700414], [0.652274, 0.531227, 0.540682], [0.293587, -0.8347, 0.465922]], [[0.698817, -0.145171, -0.700414], [0.652274, 0.531227, 0.540682], [0.293587, -0.8347, 0.465922]]], "btipPosition": [113.286, 233.963, -4.41071], "carpPosition": [71.5465, 113.105, 74.7936], "dipPosition": [107.892, 218.629, 4.14859], "direction": [0.293587, 0.8347, -0.465921], "extended": true, "handId": 738, "id": 7383, "length": 63.3481, "mcpPosition": [86.9982, 159.225, 37.3072], "pipPosition": [99.8956, 195.894, 16.8391], "stabilizedTipPosition": [107.99, 232.834, 0.39483], "timeVisible": 4.52679, "tipPosition": [112.574, 229.702, -3.14811], "tipVelocity": [28.8175, -9.16144, -21.8693], "tool": false, "touchDistance": -0.0789106, "touchZone": "touching", "type": 3, "width": 18.4901}], "r": [[-0.0115343, -0.360467, 0.9327], [0.507083, 0.801818, 0.316155], [-0.86182, 0.476604, 0.173539]], "s": 0.793055, "t": [-37.3953, -6.83817, -76.8546], "timestamp": 747090879945}, {"currentFrameRate": 107.439, "devices": [], "gestures": [], "hands": [{"armBasis": [[0.940475, -0.0981938, -0.325369], [0.174697, 0.960867, 0.214979], [0.291526, -0.259023, 0.920825]], "armWidth": 64.3496, "confidence": 1, "direction": [0.284746, 0.846391, -0.450046], "elbow": [-7.85804, 18.0662, 334.938], "grabAngle": 0, "grabStrength": 0, "id": 738, "palmNormal": [0.48917, -0.532049, -0.691113], "palmPosition": [99.1987, 141.988, 53.0107], "palmVelocity": [11.9967, 9.59813, -3.55162], "palmWidth": 89.2012, "pinchDistance": 44.4111, "pinchStrength": 0, "r": [[-0.0108485, -0.358166, 0.933595], [0.505948, 0.803351, 0.314078], [-0.862496, 0.475758, 0.172498]], "s": 0.793661, "sphereCenter": [-5.99447, 265.746, 99.3673], "sphereRadius": 166.295, "stabilizedPalmPosition": [95.2982, 145.885, 57.922], "t": [37.5085, -6.80305, -76.8838], "timeVisible": 4.53542, "type": "left", "wrist": [69.3067, 86.6276, 91.2027]}], "id": 1334245, "interactionBox": {"center": [0, 200, 0], "size": [235.247, 235.247, 147.751]}, "pointables": [{"bases": [[[0.7137, 0.631638, 0.302764], [-0.333581, -0.0735787, 0.939846], [0.615919, -0.771764, 0.158189]], [[0.733969, 0.60538, 0.307903], [-0.245782, -0.185872, 0.951337], [0.633151, -0.773929, 0.0123668]], [[0.733969, 0.60538, 0.307903], [-0.570744, 0.304021, 0.762773], [0.368159, -0.735586, 0.568659]], [[0.733969, 0.60538, 0.307903], [-0.6752, 0.601357, 0.42717], [0.073441, -0.521426, 0.85013]]], "btipPosition": [148.172, 165.972, 46.3026], "carpPosition": [103.156, 91.4406, 85.5339], "dipPosition": [146.482, 153.973, 65.8651], "direction": [0.368159, 0.735586, -0.568659], "extended": false, "handId": 738, "id": 7380, "length": 51.2425, "mcpPosition": [103.156, 91.4406, 85.5339], "pipPosition": [134.14, 129.314, 84.9287], "stabilizedTipPosition": [142.608, 167.706, 54.2499], "timeVisible": 4.53542, "tipPosition": [147.192, 162.288, 49.3851], "tipVelocity": [16.4055, -13.4939, -25.7637], "tool": false, "touchDistance": 0.0968394, "touchZone": "hovering", "type": 0, "width": 20.7127}, {"bases": [[[0.655766, -0.437392, -0.615353], [0.746709, 0.495968, 0.443216], [0.111336, -0.750136, 0.651844]], [[0.593575, -0.196176, -0.780502], [0.768915, 0.424535, 0.478058], [0.237567, -0.883903, 0.402836]], [[0.593575, -0.196176, -0.780502], [0.768915, 0.424535, 0.478058], [0.237567, -0.883903, 0.402836]], [[0.593575, -0.196176, -0.780502], [0.768915, 0.424535, 0.478058], [0.237567, -0.883903, 0.402836]]], "btipPosition": [88.1416, 212.541, -1.36286], "carpPosition": [64.9586, 107.191, 64.2705], "dipPosition": [84.1154, 197.561, 5.46432], "direction": [0.237567, 0.883903, -0.402836], "extended": true, "handId": 738, "id": 7384, "length": 49.6637, "mcpPosition": [71.2875, 149.833, 27.2163], "pipPosition": [79.5468, 180.563, 13.2112], "stabilizedTipPosition": [82.832, 211.351, 3.36364], "timeVisible": 4.53542, "tipPosition": [88.3764, 207.484, -1.95711], "tipVelocity": [12.6978, -0.594414, -17.8796], "tool": false, "touchDistance": -0.0859338, "touchZone": "touching", "type": 4, "width": 16.4243}, {"bases": [[[0.764886, 0.119085, -0.633063], [0.421585, 0.650516, 0.63174], [0.487048, -0.750099, 0.447366]], [[0.889636, -0.161854, -0.427026], [0.428839, 0.617537, 0.659352], [0.156986, -0.769709, 0.618792]], [[0.889636, -0.161854, -0.427026], [0.428839, 0.617537, 0.659352], [0.156986, -0.769709, 0.618792]], [[0.889636, -0.161854, -0.427026], [0.428839, 0.617537, 0.659352], [0.156986, -0.769709, 0.618792]]], "btipPosition": [138.375, 228.17, 6.08393], "carpPosition": [90.2481, 110.333, 89.5892], "dipPosition": [135.738, 215.239, 16.4791], "direction": [0.156986, 0.769709, -0.618792], "extended": true, "handId": 738, "id": 7381, "length": 57.8214, "mcpPosition": [125.376, 164.433, 57.3237], "pipPosition": [132.007, 196.947, 31.1847], "stabilizedTipPosition": [132.858, 226.672, 8.73184], "timeVisible": 4.53542, "tipPosition": [137.893, 224.98, 8.3665], "tipVelocity": [17.0314, -12.643, -37.7409], "tool": false, "touchDistance": -0.268297, "touchZone": "touching", "type": 1, "width": 19.7848}, {"bases": [[[0.740503, -0.096005, -0.66516], [0.55542, 0.644657, 0.525286], [0.37837, -0.758419, 0.530694]], [[0.774351, -0.170684, -0.609301], [0.57728, 0.584852, 0.569821], [0.259092, -0.792979, 0.551413]], [[0.774351, -0.170684, -0.609301], [0.57728, 0.584852, 0.569821], [0.259092, -0.792979, 0.551413]], [[0.774351, -0.170684, -0.609301], [0.57728, 0.584852, 0.569821], [0.259092, -0.792979, 0.551413]]], "btipPosition": [130.881, 239.552, -5.21032], "carpPosition": [80.692, 113.274, 82.8255], "dipPosition": [126.094, 224.9, 4.97807], "direction": [0.259092, 0.792979, -0.551413], "extended": true, "handId": 738, "id": 7382, "length": 65.8828, "mcpPosition": [106.571, 165.147, 46.528], "pipPosition": [118.85, 202.728, 20.3953], "stabilizedTipPosition": [125.156, 237.92, -2.00508], "timeVisible": 4.53542, "tipPosition": [130.274, 235.271, -3.78799], "tipVelocity": [15.5811, -7.48014, -31.6129], "tool": false, "touchDistance": -0.143419, "touchZone": "touching", "type": 2, "width": 19.4313}, {"bases": [[[0.744121, -0.254888, -0.617508], [0.618685, 0.611646, 0.493071], [0.252018, -0.748947, 0.612834]], [[0.700078, -0.14439, -0.699315], [0.650735, 0.532224, 0.541555], [0.293997, -0.8342, 0.466558]], [[0.700078, -0.14439, -0.699315], [0.650735, 0.532224, 0.541555], [0.293997, -0.8342, 0.466558]], [[0.700078, -0.14439, -0.699315], [0.650735, 0.532224, 0.541555], [0.293997, -0.8342, 0.466558]]], "btipPosition": [113.432, 233.988, -4.5174], "carpPosition": [71.6316, 113.303, 74.8907], "dipPosition": [108.031, 218.663, 4.05359], "direction": [0.293997, 0.8342, -0.466558], "extended": true, "handId": 738, "id": 7383, "length": 63.3481, "mcpPosition": [87.1076, 159.294, 37.2575], "pipPosition": [100.023, 195.941, 16.7615], "stabilizedTipPosition": [108.19, 232.721, 0.254901], "timeVisible": 4.53542, "tipPosition": [112.747, 229.626, -3.41401], "tipVelocity": [16.7286, 3.12108, -12.0534], "tool": false, "touchDistance": -0.0806439, "touchZone": "touching", "type": 3, "width": 18.4901}], "r": [[-0.0108485, -0.358166, 0.933595], [0.505948, 0.803351, 0.314078], [-0.862496, 0.475758, 0.172498]], "s": 0.793661, "t": [-37.5085, -6.80305, -76.8838], "timestamp": 747090888573}, {"currentFrameRate": 107.775, "devices": [], "gestures": [], "hands": [{"armBasis": [[0.941382, -0.0972438, -0.323024], [0.17284, 0.961355, 0.214295], [0.289702, -0.257565, 0.92181]], "armWidth": 64.3496, "confidence": 1, "direction": [0.285309, 0.845291, -0.451755], "elbow": [-7.32595, 18.5973, 335.303], "grabAngle": 0, "grabStrength": 0, "id": 738, "palmNormal": [0.486919, -0.533823, -0.691334], "palmPosition": [99.2619, 142.033, 52.9812], "palmVelocity": [7.29657, 5.15745, -3.40844], "palmWidth": 89.2012, "pinchDistance": 44.4822, "pinchStrength": 0, "r": [[-0.0105441, -0.356071, 0.9344], [0.504642, 0.804829, 0.31239], [-0.863264, 0.474831, 0.171202]], "s": 0.794101, "sphereCenter": [-6.13028, 266.575, 99.9918], "sphereRadius": 167.14, "stabilizedPalmPosition": [95.3259, 145.858, 57.8875], "t": [37.5967, -6.76313, -76.9132], "timeVisible": 4.54409, "type": "left", "wrist": [69.3558, 86.7726, 91.3069]}], "id": 1334246, "interactionBox": {"center": [0, 200, 0], "size": [235.247, 235.247, 147.751]}, "pointables": [{"bases": [[[0.712034, 0.633265, 0.303287], [-0.335283, -0.0728657, 0.939295], [0.616922, -0.770497, 0.16044]], [[0.732181, 0.607258, 0.308461], [-0.247097, -0.185203, 0.951127], [0.634707, -0.772617, 0.014449]], [[0.732181, 0.607258, 0.308461], [-0.573053, 0.304451, 0.760868], [0.368132, -0.733858, 0.570904]], [[0.732181, 0.607258, 0.308461], [-0.677423, 0.602202, 0.422435], [0.0707711, -0.518258, 0.852291]]], "btipPosition": [148.227, 165.86, 46.1074], "carpPosition": [103.197, 91.523, 85.5656], "dipPosition": [146.598, 153.934, 65.7196], "direction": [0.368132, 0.733858, -0.570904], "extended": false, "handId": 738, "id": 7380, "length": 51.2425, "mcpPosition": [103.197, 91.523, 85.5656], "pipPosition": [134.257, 129.332, 84.8586], "stabilizedTipPosition": [142.635, 167.682, 54.231], "timeVisible": 4.54409, "tipPosition": [147.285, 162.249, 49.2409], "tipVelocity": [7.89844, -11.0587, -21.1969], "tool": false, "touchDistance": 0.0937775, "touchZone": "hovering", "type": 0, "width": 20.7127}, {"bases": [[[0.657705, -0.437113, -0.613479], [0.745001, 0.497843, 0.443988], [0.111344, -0.749056, 0.653083]], [[0.595425, -0.196229, -0.779078], [0.767434, 0.425852, 0.479265], [0.237726, -0.883258, 0.404155]], [[0.595425, -0.196229, -0.779078], [0.767434, 0.425852, 0.479265], [0.237726, -0.883258, 0.404155]], [[0.595425, -0.196229, -0.779078], [0.767434, 0.425852, 0.479265], [0.237726, -0.883258, 0.404155]]], "btipPosition": [88.1795, 212.552, -1.44238], "carpPosition": [64.9846, 107.309, 64.355], "dipPosition": [84.1505, 197.583, 5.40714], "direction": [0.237726, 0.883258, -0.404155], "extended": true, "handId": 738, "id": 7384, "length": 49.6637, "mcpPosition": [71.314, 149.89, 27.2304], "pipPosition": [79.5789, 180.597, 13.1794], "stabilizedTipPosition": [82.9236, 211.304, 3.29672], "timeVisible": 4.54409, "tipPosition": [88.4403, 207.478, -2.04786], "tipVelocity": [4.29072, 1.59314, -8.58268], "tool": false, "touchDistance": -0.0871736, "touchZone": "touching", "type": 4, "width": 16.4243}, {"bases": [[[0.765912, 0.119524, -0.631738], [0.419249, 0.652094, 0.631668], [0.487452, -0.748657, 0.449336]], [[0.890855, -0.16141, -0.424646], [0.426528, 0.618933, 0.659543], [0.15637, -0.76868, 0.620225]], [[0.890855, -0.16141, -0.424646], [0.426528, 0.618933, 0.659543], [0.15637, -0.76868, 0.620225]], [[0.890855, -0.16141, -0.424646], [0.426528, 0.618933, 0.659543], [0.15637, -0.76868, 0.620225]]], "btipPosition": [138.434, 228.09, 5.85419], "carpPosition": [90.3287, 110.443, 89.6202], "dipPosition": [135.807, 215.177, 16.2734], "direction": [0.15637, 0.76868, -0.620225], "extended": true, "handId": 738, "id": 7381, "length": 57.8214, "mcpPosition": [125.485, 164.439, 57.2127], "pipPosition": [132.091, 196.91, 31.0131], "stabilizedTipPosition": [132.991, 226.631, 8.71897], "timeVisible": 4.54409, "tipPosition": [138.01, 224.899, 8.14888], "tipVelocity": [7.0542, -8.68505, -25.8679], "tool": false, "touchDistance": -0.272033, "touchZone": "touching", "type": 1, "width": 19.7848}, {"bases": [[[0.741958, -0.0956501, -0.663589], [0.5533, 0.646318, 0.525483], [0.378627, -0.75705, 0.532464]], [[0.775865, -0.170296, -0.60748], [0.575453, 0.585737, 0.570759], [0.258625, -0.792408, 0.552451]], [[0.775865, -0.170296, -0.60748], [0.575453, 0.585737, 0.570759], [0.258625, -0.792408, 0.552451]], [[0.775865, -0.170296, -0.60748], [0.575453, 0.585737, 0.570759], [0.258625, -0.792408, 0.552451]]], "btipPosition": [130.928, 239.521, -5.38321], "carpPosition": [80.7645, 113.391, 82.8711], "dipPosition": [126.149, 224.88, 4.82436], "direction": [0.258625, 0.792408, -0.552451], "extended": true, "handId": 738, "id": 7382, "length": 65.8828, "mcpPosition": [106.661, 165.171, 46.4525], "pipPosition": [118.918, 202.725, 20.2706], "stabilizedTipPosition": [125.296, 237.867, -2.03597], "timeVisible": 4.54409, "tipPosition": [130.382, 235.192, -3.99881], "tipVelocity": [5.5642, -3.21404, -19.4392], "tool": false, "touchDistance": -0.146227, "touchZone": "touching", "type": 2, "width": 19.4313}, {"bases": [[[0.745753, -0.254462, -0.615712], [0.616683, 0.61337, 0.493436], [0.252099, -0.747681, 0.614345]], [[0.701265, -0.143244, -0.698361], [0.649441, 0.532393, 0.54294], [0.294029, -0.83429, 0.466377]], [[0.701265, -0.143244, -0.698361], [0.649441, 0.532393, 0.54294], [0.294029, -0.83429, 0.466377]], [[0.701265, -0.143244, -0.698361], [0.649441, 0.532393, 0.54294], [0.294029, -0.83429, 0.466377]]], "btipPosition": [113.497, 234.039, -4.53085], "carpPosition": [71.6887, 113.424, 74.9539], "dipPosition": [108.095, 218.713, 4.03682], "direction": [0.294029, 0.83429, -0.466377], "extended": true, "handId": 738, "id": 7383, "length": 63.3481, "mcpPosition": [87.1697, 159.338, 37.2279], "pipPosition": [100.086, 195.989, 16.7397], "stabilizedTipPosition": [108.397, 232.608, 0.111269], "timeVisible": 4.54409, "tipPosition": [112.842, 229.583, -3.57617], "tipVelocity": [7.48029, 5.93491, -1.64045], "tool": false, "touchDistance": -0.0808809, "touchZone": "touching", "type": 3, "width": 18.4901}], "r": [[-0.0105441, -0.356071, 0.9344], [0.504642, 0.804829, 0.31239], [-0.863264, 0.474831, 0.171202]], "s": 0.794101, "t": [-37.5967, -6.76313, -76.9132], "timestamp": 747090897240}, {"currentFrameRate": 107.811, "devices": [], "gestures": [], "hands": [{"armBasis": [[0.942021, -0.0965827, -0.321352], [0.171867, 0.961403, 0.214865], [0.288197, -0.257637, 0.922261]], "armWidth": 64.3496, "confidence": 1, "direction": [0.285619, 0.844462, -0.453107], "elbow": [-6.8695, 18.6941, 335.499], "grabAngle": 0, "grabStrength": 0, "id": 738, "palmNormal": [0.484849, -0.53516, -0.691755], "palmPosition": [99.3204, 142.083, 52.9566], "palmVelocity": [6.35048, 5.39301, -2.66695], "palmWidth": 89.2012, "pinchDistance": 44.552, "pinchStrength": 0, "r": [[-0.0105623, -0.354218, 0.935103], [0.503252, 0.806207, 0.311076], [-0.864075, 0.473878, 0.169745]], "s": 0.79447, "sphereCenter": [-6.24209, 267.326, 100.644], "sphereRadius": 167.918, "stabilizedPalmPosition": [95.3545, 145.831, 57.8521], "t": [37.67, -6.71834, -76.9401], "timeVisible": 4.5533, "type": "left", "wrist": [69.4138, 86.8886, 91.3839]}], "id": 1334247, "interactionBox": {"center": [0, 200, 0], "size": [235.247, 235.247, 147.751]}, "pointables": [{"bases": [[[0.710569, 0.634546, 0.304045], [-0.336981, -0.0724385, 0.938721], [0.617686, -0.769483, 0.162357]], [[0.730511, 0.608879, 0.309224], [-0.248392, -0.184885, 0.950852], [0.636125, -0.771416, 0.0161801]], [[0.730511, 0.608879, 0.309224], [-0.575301, 0.304732, 0.759057], [0.367944, -0.732396, 0.572899]], [[0.730511, 0.608879, 0.309224], [-0.679505, 0.602986, 0.417949], [0.0680227, -0.515435, 0.854225]]], "btipPosition": [148.277, 165.762, 45.9274], "carpPosition": [103.247, 91.5983, 85.5817], "dipPosition": [146.712, 153.901, 65.5841], "direction": [0.367944, 0.732396, -0.572899], "extended": false, "handId": 738, "id": 7380, "length": 51.2425, "mcpPosition": [103.247, 91.5983, 85.5817], "pipPosition": [134.377, 129.349, 84.7899], "stabilizedTipPosition": [142.659, 167.662, 54.2143], "timeVisible": 4.5533, "tipPosition": [147.367, 162.232, 49.1115], "tipVelocity": [7.05368, -8.95737, -18.4328], "tool": false, "touchDistance": 0.0909477, "touchZone": "hovering", "type": 0, "width": 20.7127}, {"bases": [[[0.659488, -0.436779, -0.611801], [0.743455, 0.499304, 0.444938], [0.111135, -0.748277, 0.654011]], [[0.59719, -0.19614, -0.777749], [0.766091, 0.426743, 0.480619], [0.23763, -0.882847, 0.405108]], [[0.59719, -0.19614, -0.777749], [0.766091, 0.426743, 0.480619], [0.23763, -0.882847, 0.405108]], [[0.59719, -0.19614, -0.777749], [0.766091, 0.42