{"frames": 67, "data": [{"currentFrameRate": 115.219, "devices": [], "gestures": [], "hands": [{"armBasis": [[0.944773, -0.158828, -0.286668], [0.296766, 0.785743, 0.542714], [0.139049, -0.597815, 0.789483]], "armWidth": 59.4118, "confidence": 1, "direction": [0.0328932, 0.923104, -0.38314], "elbow": [-81.8955, -12.6113, 323.653], "grabAngle": 0.0956333, "grabStrength": 0, "id": 733, "palmNormal": [0.363825, -0.368105, -0.855646], "palmPosition": [-35.4267, 199.239, 92.7388], "palmVelocity": [-1.36095, 11.6307, -5.50714], "palmWidth": 84.7109, "pinchDistance": 60.0808, "pinchStrength": 0, "r": [[0.99165, -0.0286957, 0.125729], [0.0137528, 0.992901, 0.118144], [-0.128226, -0.115428, 0.985005]], "s": 1.04077, "sphereCenter": [-83.7802, 269.524, 131.659], "sphereRadius": 95.618, "stabilizedPalmPosition": [-35.2903, 200.406, 94.5301], "t": [-4.95225, 78.3835, -9.894], "timeVisible": 10.8834, "type": "left", "wrist": [-46.9431, 137.66, 125.202]}], "id": 1330966, "interactionBox": {"center": [0, 200, 0], "size": [235.247, 235.247, 147.751]}, "pointables": [{"bases": [[[0.693583, 0.464604, 0.550533], [-0.573627, -0.106099, 0.812216], [0.43577, -0.87914, 0.192921]], [[0.627218, 0.580855, 0.518849], [-0.505826, -0.202761, 0.838468], [0.592231, -0.78835, 0.166636]], [[0.627218, 0.580855, 0.518849], [-0.739406, 0.23479, 0.630993], [0.244695, -0.779411, 0.576753]], [[0.627218, 0.580855, 0.518849], [-0.777143, 0.510754, 0.367668], [-0.0514421, -0.633828, 0.771761]]], "btipPosition": [17.2468, 224.833, 72.1282], "carpPosition": [-16.89, 149.833, 114.825], "dipPosition": [18.3622, 211.09, 88.8621], "direction": [0.244695, 0.77941, -0.576753], "extended": true, "handId": 733, "id": 7330, "length": 48.2843, "mcpPosition": [-16.89, 149.833, 114.825], "pipPosition": [10.6327, 186.47, 107.081], "stabilizedTipPosition": [18.7603, 222.321, 77.3332], "timeVisible": 10.8834, "tipPosition": [21.2272, 222.095, 78.7631], "tipVelocity": [-1.95961, 8.45077, -8.60387], "tool": false, "touchDistance": 0.143286, "touchZone": "hovering", "type": 0, "width": 18.8933}, {"bases": [[[0.912148, 0.0453194, -0.407347], [0.331804, 0.501793, 0.798817], [0.240606, -0.8638, 0.442673]], [[0.943296, -0.16761, -0.286529], [0.331219, 0.417909, 0.845959], [-0.0220485, -0.892894, 0.449727]], [[0.943296, -0.16761, -0.286529], [0.331943, 0.482427, 0.810604], [0.00236363, -0.859751, 0.510708]], [[0.943296, -0.16761, -0.286529], [0.330563, 0.553178, 0.764672], [0.0303345, -0.816028, 0.577216]]], "btipPosition": [-14.04, 291.768, 55.1777], "carpPosition": [-30.1752, 164.894, 123.972], "dipPosition": [-14.5202, 278.851, 64.3146], "direction": [0.00236363, 0.859751, -0.510708], "extended": true, "handId": 733, "id": 7331, "length": 54.4834, "mcpPosition": [-13.6955, 224.058, 93.6517], "pipPosition": [-14.5731, 259.599, 75.751], "stabilizedTipPosition": [-14.121, 288.426, 57.5278], "timeVisible": 10.8834, "tipPosition": [-11.8015, 288.218, 57.7054], "tipVelocity": [0.0835455, 11.627, -5.51392], "tool": false, "touchDistance": -0.134373, "touchZone": "touching", "type": 1, "width": 18.0469}, {"bases": [[[0.86625, -0.158012, -0.473965], [0.486439, 0.483145, 0.727975], [0.113965, -0.861164, 0.495387]], [[0.87323, -0.241098, -0.423487], [0.487011, 0.401441, 0.775671], [-0.0170074, -0.883582, 0.467968]], [[0.87323, -0.241098, -0.423487], [0.486782, 0.471923, 0.735073], [0.0226286, -0.848034, 0.529459]], [[0.87323, -0.241098, -0.423487], [0.483772, 0.533403, 0.693863], [0.0586004, -0.810773, 0.58242]]], "btipPosition": [-32.6538, 298.528, 43.2116], "carpPosition": [-40.9131, 166.677, 120.375], "dipPosition": [-33.674, 284.412, 53.3517], "direction": [0.0226286, 0.848034, -0.529459], "extended": true, "handId": 733, "id": 7332, "length": 62.0795, "mcpPosition": [-33.5107, 222.613, 88.1982], "pipPosition": [-34.2702, 262.07, 67.3005], "stabilizedTipPosition": [-32.9693, 294.851, 45.8853], "timeVisible": 10.8834, "tipPosition": [-33.1553, 294.799, 45.9336], "tipVelocity": [0.337477, 11.1444, -7.51366], "tool": false, "touchDistance": -0.292597, "touchZone": "touching", "type": 2, "width": 17.7244}, {"bases": [[[0.834428, -0.318986, -0.449419], [0.550471, 0.442923, 0.707673], [-0.0266797, -0.837895, 0.545179]], [[0.83436, -0.26269, -0.484601], [0.551121, 0.380819, 0.742457], [-0.0104905, -0.88655, 0.462514]], [[0.83436, -0.26269, -0.484601], [0.549252, 0.470432, 0.690663], [0.046542, -0.84243, 0.536792]], [[0.83436, -0.26269, -0.484601], [0.545197, 0.522885, 0.655249], [0.0812639, -0.810916, 0.579492]]], "btipPosition": [-50.4817, 287.162, 40.4661], "carpPosition": [-51.0928, 165.942, 115.213], "dipPosition": [-51.8884, 273.125, 50.4972], "direction": [0.046542, 0.84243, -0.536792], "extended": true, "handId": 733, "id": 7333, "length": 59.6911, "mcpPosition": [-52.6486, 214.805, 83.4195], "pipPosition": [-53.0829, 251.504, 64.274], "stabilizedTipPosition": [-51.905, 283.975, 44.0971], "timeVisible": 10.8834, "tipPosition": [-52.56, 282.698, 41.878], "tipVelocity": [0.629329, 10.2863, -9.71105], "tool": false, "touchDistance": 0.148573, "touchZone": "hovering", "type": 3, "width": 16.8659}, {"bases": [[[0.723231, -0.482588, -0.494009], [0.669019, 0.312139, 0.674524], [-0.171318, -0.818338, 0.54861]], [[0.742674, -0.316319, -0.590235], [0.666512, 0.263894, 0.697224], [-0.0647856, -0.911209, 0.406818]], [[0.742674, -0.316319, -0.590235], [0.668699, 0.397358, 0.628449], [0.0357445, -0.861423, 0.50663]], [[0.742674, -0.316319, -0.590235], [0.664782, 0.454383, 0.59296], [0.0806281, -0.832754, 0.547741]]], "btipPosition": [-68.3671, 263.075, 45.3732], "carpPosition": [-58.9316, 160.139, 106.244], "dipPosition": [-69.6546, 249.776, 54.1203], "direction": [0.0357445, 0.861423, -0.50663], "extended": true, "handId": 733, "id": 7334, "length": 46.7967, "mcpPosition": [-68.18, 204.316, 76.6278], "pipPosition": [-70.3024, 234.166, 63.3007], "stabilizedTipPosition": [-70.2113, 259.728, 48.4851], "timeVisible": 10.8834, "tipPosition": [-71.5316, 258.305, 45.6664], "tipVelocity": [4.64337, 10.1131, -10.2328], "tool": false, "touchDistance": 0.179257, "touchZone": "hovering", "type": 4, "width": 14.9816}], "r": [[0.99165, -0.0286957, 0.125729], [0.0137528, 0.992901, 0.118144], [-0.128226, -0.115428, 0.985005]], "s": 1.04077, "t": [4.95225, 78.3835, -9.894], "timestamp": 747061967587}, {"currentFrameRate": 115.255, "devices": [], "gestures": [], "hands": [{"armBasis": [[0.944801, -0.158287, -0.286872], [0.296462, 0.78579, 0.542811], [0.139501, -0.597896, 0.789342]], "armWidth": 59.4118, "confidence": 1, "direction": [0.0332202, 0.922796, -0.383854], "elbow": [-82.0447, -12.5153, 323.602], "grabAngle": 0.0944474, "grabStrength": 0, "id": 733, "palmNormal": [0.363461, -0.368924, -0.855448], "palmPosition": [-35.4386, 199.331, 92.6822], "palmVelocity": [-1.37997, 10.699, -6.56402], "palmWidth": 84.7109, "pinchDistance": 60.0747, "pinchStrength": 0, "r": [[0.99171, -0.0282387, 0.125353], [0.0133752, 0.992939, 0.117867], [-0.127796, -0.115213, 0.985086]], "s": 1.04054, "sphereCenter": [-84.223, 270.293, 132.62], "sphereRadius": 96.699, "stabilizedPalmPosition": [-35.2922, 200.393, 94.5064], "t": [-4.96409, 78.4735, -9.94651], "timeVisible": 10.892, "type": "left", "wrist": [-46.9788, 137.776, 125.187]}], "id": 1330967, "interactionBox": {"center": [0, 200, 0], "size": [235.247, 235.247, 147.751]}, "pointables": [{"bases": [[[0.693246, 0.465337, 0.550338], [-0.573767, -0.105736, 0.812164], [0.436121, -0.878795, 0.193695]], [[0.626803, 0.581586, 0.518532], [-0.506224, -0.201944, 0.838425], [0.592331, -0.78802, 0.167833]], [[0.626803, 0.581586, 0.518532], [-0.739767, 0.235218, 0.630411], [0.24467, -0.778736, 0.577673]], [[0.626803, 0.581586, 0.518532], [-0.777481, 0.510728, 0.366988], [-0.0513939, -0.633178, 0.772298]]], "btipPosition": [17.2227, 224.883, 72.0088], "carpPosition": [-16.919, 149.934, 114.802], "dipPosition": [18.3371, 211.154, 88.7543], "direction": [0.24467, 0.778736, -0.577673], "extended": true, "handId": 733, "id": 7330, "length": 48.2843, "mcpPosition": [-16.919, 149.934, 114.802], "pipPosition": [10.6083, 186.555, 107.002], "stabilizedTipPosition": [18.7433, 222.313, 77.3137], "timeVisible": 10.892, "tipPosition": [21.2134, 222.15, 78.6692], "tipVelocity": [-2.82342, 6.18568, -13.5459], "tool": false, "touchDistance": 0.141341, "touchZone": "hovering", "type": 0, "width": 18.8933}, {"bases": [[[0.912222, 0.0454186, -0.40717], [0.331393, 0.502554, 0.79851], [0.240892, -0.863352, 0.44339]], [[0.94344, -0.167566, -0.286081], [0.330807, 0.418306, 0.845924], [-0.0220786, -0.892716, 0.450078]], [[0.94344, -0.167566, -0.286081], [0.331536, 0.482373, 0.810802], [0.0021351, -0.859789, 0.510644]], [[0.94344, -0.167566, -0.286081], [0.330193, 0.552687, 0.765186], [0.0298941, -0.816369, 0.576756]]], "btipPosition": [-14.0538, 291.851, 55.0919], "carpPosition": [-30.1953, 165.008, 123.94], "dipPosition": [-14.527, 278.928, 64.2215], "direction": [0.0021351, 0.859789, -0.510644], "extended": true, "handId": 733, "id": 7331, "length": 54.4834, "mcpPosition": [-13.696, 224.141, 93.5711], "pipPosition": [-14.5748, 259.675, 75.6564], "stabilizedTipPosition": [-14.124, 288.458, 57.5038], "timeVisible": 10.892, "tipPosition": [-11.7908, 288.275, 57.5737], "tipVelocity": [-1.41439, 9.40589, -10.1564], "tool": false, "touchDistance": -0.135832, "touchZone": "touching", "type": 1, "width": 18.0469}, {"bases": [[[0.866431, -0.157984, -0.473644], [0.486053, 0.483921, 0.727718], [0.114238, -0.860733, 0.496073]], [[0.873438, -0.241064, -0.423077], [0.486641, 0.401927, 0.775652], [-0.0169356, -0.88337, 0.46837]], [[0.873438, -0.241064, -0.423077], [0.486419, 0.471959, 0.73529], [0.0224229, -0.848023, 0.529485]], [[0.873438, -0.241064, -0.423077], [0.483454, 0.533026, 0.694374], [0.0581222, -0.811031, 0.582108]]], "btipPosition": [-32.6667, 298.611, 43.1235], "carpPosition": [-40.9333, 166.793, 120.345], "dipPosition": [-33.6786, 284.49, 53.2582], "direction": [0.0224229, 0.848023, -0.529485], "extended": true, "handId": 733, "id": 7332, "length": 62.0795, "mcpPosition": [-33.5131, 222.701, 88.1233], "pipPosition": [-34.2694, 262.149, 67.2077], "stabilizedTipPosition": [-32.9639, 294.89, 45.8524], "timeVisible": 10.892, "tipPosition": [-33.134, 294.857, 45.8021], "tipVelocity": [-1.28106, 9.46749, -10.368], "tool": false, "touchDistance": -0.293011, "touchZone": "touching", "type": 2, "width": 17.7244}, {"bases": [[[0.834676, -0.318954, -0.448982], [0.550107, 0.443712, 0.707461], [-0.0264287, -0.837489, 0.545814]], [[0.834591, -0.262704, -0.484195], [0.550773, 0.381434, 0.742399], [-0.0103431, -0.886281, 0.463032]], [[0.834591, -0.262704, -0.484195], [0.548913, 0.470629, 0.690799], [0.0464003, -0.842315, 0.536984]], [[0.834591, -0.262704, -0.484195], [0.544904, 0.522713, 0.65563], [0.0808582, -0.811022, 0.5794]]], "btipPosition": [-50.4933, 287.242, 40.3768], "carpPosition": [-51.1144, 166.058, 115.185], "dipPosition": [-51.893, 273.203, 50.4063], "direction": [0.0464003, 0.842315, -0.536984], "extended": true, "handId": 733, "id": 7333, "length": 59.6911, "mcpPosition": [-52.6557, 214.898, 83.355], "pipPosition": [-53.0838, 251.585, 64.1881], "stabilizedTipPosition": [-51.8855, 283.976, 44.0718], "timeVisible": 10.892, "tipPosition": [-52.5413, 282.762, 41.7642], "tipVelocity": [-1.15866, 9.30239, -10.4041], "tool": false, "touchDistance": 0.147079, "touchZone": "hovering", "type": 3, "width": 16.8659}, {"bases": [[[0.723563, -0.482641, -0.493472], [0.668722, 0.312957, 0.67444], [-0.171076, -0.817995, 0.549196]], [[0.742964, -0.316094, -0.589991], [0.666247, 0.264722, 0.697164], [-0.064186, -0.911047, 0.407275]], [[0.742964, -0.316094, -0.589991], [0.668349, 0.39809, 0.628358], [0.0362496, -0.861167, 0.507028]], [[0.742964, -0.316094, -0.589991], [0.664452, 0.454553, 0.593199], [0.0806756, -0.832746, 0.547746]]], "btipPosition": [-68.3508, 263.159, 45.298], "carpPosition": [-58.958, 160.252, 106.223], "dipPosition": [-69.6392, 249.861, 54.0452], "direction": [0.0362496, 0.861167, -0.507028], "extended": true, "handId": 733, "id": 7334, "length": 46.7967, "mcpPosition": [-68.1934, 204.41, 76.5749], "pipPosition": [-70.296, 234.256, 63.2329], "stabilizedTipPosition": [-70.1674, 259.739, 48.4521], "timeVisible": 10.892, "tipPosition": [-71.5228, 258.381, 45.5761], "tipVelocity": [1.86244, 9.81618, -8.71899], "tool": false, "touchDistance": 0.178005, "touchZone": "hovering", "type": 4, "width": 14.9816}], "r": [[0.99171, -0.0282387, 0.125353], [0.0133752, 0.992939, 0.117867], [-0.127796, -0.115213, 0.985086]], "s": 1.04054, "t": [4.96409, 78.4735, -9.94651], "timestamp": 747061976203}, {"currentFrameRate": 115.246, "devices": [], "gestures": [], "hands": [{"armBasis": [[0.944881, -0.157739, -0.286911], [0.296034, 0.78594, 0.542828], [0.13987, -0.597844, 0.789316]], "armWidth": 59.4118, "confidence": 1, "direction": [0.0335214, 0.922705, -0.384047], "elbow": [-82.1725, -12.4051, 323.563], "grabAngle": 0.0935276, "grabStrength": 0, "id": 733, "palmNormal": [0.363107, -0.369249, -0.855458], "palmPosition": [-35.452, 199.418, 92.6366], "palmVelocity": [-1.54153, 10.0121, -5.24534], "palmWidth": 84.7109, "pinchDistance": 60.0662, "pinchStrength": 0, "r": [[0.991755, -0.0277842, 0.125099], [0.0129836, 0.992975, 0.117607], [-0.127488, -0.115013, 0.985149]], "s": 1.04033, "sphereCenter": [-84.5542, 270.867, 133.35], "sphereRadius": 97.4997, "stabilizedPalmPosition": [-35.2944, 200.379, 94.4809], "t": [-4.9767, 78.562, -9.99556], "timeVisible": 10.9007, "type": "left", "wrist": [-47.0137, 137.873, 125.155]}], "id": 1330968, "interactionBox": {"center": [0, 200, 0], "size": [235.247, 235.247, 147.751]}, "pointables": [{"bases": [[[0.692921, 0.465741, 0.550405], [-0.573911, -0.105815, 0.812053], [0.436447, -0.878572, 0.193972]], [[0.626433, 0.581962, 0.518558], [-0.506602, -0.20163, 0.838272], [0.592399, -0.787823, 0.168515]], [[0.626433, 0.581962, 0.518558], [-0.740111, 0.235337, 0.629962], [0.244578, -0.778419, 0.578139]], [[0.626433, 0.581962, 0.518558], [-0.777776, 0.510584, 0.366563], [-0.0514419, -0.632949, 0.772482]]], "btipPosition": [17.1927, 224.943, 71.9184], "carpPosition": [-16.9482, 150.017, 114.762], "dipPosition": [18.3081, 211.219, 88.668], "direction": [0.244578, 0.778419, -0.578139], "extended": true, "handId": 733, "id": 7330, "length": 48.2843, "mcpPosition": [-16.9482, 150.017, 114.762], "pipPosition": [10.5823, 186.63, 106.931], "stabilizedTipPosition": [18.7285, 222.307, 77.2961], "timeVisible": 10.9007, "tipPosition": [21.1976, 222.21, 78.5994], "tipVelocity": [-3.42018, 6.98004, -10.291], "tool": false, "touchDistance": 0.13985, "touchZone": "hovering", "type": 0, "width": 18.8933}, {"bases": [[[0.912297, 0.0457224, -0.406968], [0.330996, 0.502854, 0.798486], [0.241155, -0.863161, 0.443619]], [[0.943579, -0.167422, -0.285706], [0.330406, 0.418308, 0.84608], [-0.0221395, -0.892742, 0.450024]], [[0.943579, -0.167422, -0.285706], [0.331141, 0.482006, 0.811182], [0.00190198, -0.860024, 0.510251]], [[0.943579, -0.167422, -0.285706], [0.329832, 0.551954, 0.76587], [0.0294729, -0.816894, 0.576034]]], "btipPosition": [-14.0708, 291.943, 55.0587], "carpPosition": [-30.216, 165.099, 123.9], "dipPosition": [-14.5373, 279.012, 64.1769], "direction": [0.00190198, 0.860024, -0.510251], "extended": true, "handId": 733, "id": 7331, "length": 54.4834, "mcpPosition": [-13.6987, 224.219, 93.5155], "pipPosition": [-14.5799, 259.754, 75.603], "stabilizedTipPosition": [-14.128, 288.496, 57.4775], "timeVisible": 10.9007, "tipPosition": [-11.7827, 288.347, 57.5037], "tipVelocity": [-1.78181, 10.4341, -4.11983], "tool": false, "touchDistance": -0.136429, "touchZone": "touching", "type": 1, "width": 18.0469}, {"bases": [[[0.866607, -0.157713, -0.473412], [0.48568, 0.484272, 0.727733], [0.114487, -0.860585, 0.496272]], [[0.873639, -0.240811, -0.422806], [0.486284, 0.402078, 0.775797], [-0.0168198, -0.88337, 0.468374]], [[0.873639, -0.240811, -0.422806], [0.486063, 0.471763, 0.735651], [0.0223111, -0.848204, 0.5292]], [[0.873639, -0.240811, -0.422806], [0.483132, 0.532505, 0.694997], [0.0577833, -0.811448, 0.581561]]], "btipPosition": [-32.675, 298.708, 43.0896], "carpPosition": [-40.954, 166.888, 120.307], "dipPosition": [-33.681, 284.58, 53.2148], "direction": [0.0223111, 0.848204, -0.5292], "extended": true, "handId": 733, "id": 7332, "length": 62.0795, "mcpPosition": [-33.5177, 222.786, 88.0726], "pipPosition": [-34.2688, 262.234, 67.1568], "stabilizedTipPosition": [-32.9592, 294.937, 45.8163], "timeVisible": 10.9007, "tipPosition": [-33.1173, 294.935, 45.7358], "tipVelocity": [-0.792931, 11.0041, -4.14936], "tool": false, "touchDistance": -0.292584, "touchZone": "touching", "type": 2, "width": 17.7244}, {"bases": [[[0.834914, -0.318691, -0.448725], [0.549756, 0.444087, 0.7075], [-0.026201, -0.837391, 0.545977]], [[0.834814, -0.262464, -0.48394], [0.550437, 0.381671, 0.742527], [-0.0101807, -0.88625, 0.463095]], [[0.834814, -0.262464, -0.48394], [0.548578, 0.470577, 0.691101], [0.0463416, -0.842419, 0.536826]], [[0.834814, -0.262464, -0.48394], [0.544597, 0.522431, 0.65611], [0.0806201, -0.811282, 0.57907]]], "btipPosition": [-50.5012, 287.341, 40.3393], "carpPosition": [-51.1367, 166.156, 115.15], "dipPosition": [-51.8967, 273.297, 50.3631], "direction": [0.0463416, 0.842419, -0.536826], "extended": true, "handId": 733, "id": 7333, "length": 59.6911, "mcpPosition": [-52.6647, 214.991, 83.3103], "pipPosition": [-53.0861, 251.676, 64.1408], "stabilizedTipPosition": [-51.8646, 283.979, 44.0437], "timeVisible": 10.9007, "tipPosition": [-52.5278, 282.849, 41.7076], "tipVelocity": [-0.797426, 11.1919, -4.47206], "tool": false, "touchDistance": 0.146431, "touchZone": "hovering", "type": 3, "width": 16.8659}, {"bases": [[[0.723881, -0.482434, -0.493208], [0.668434, 0.313375, 0.674531], [-0.170858, -0.817957, 0.549321]], [[0.743243, -0.315606, -0.5899], [0.66598, 0.26505, 0.697294], [-0.0637177, -0.911121, 0.407184]], [[0.743243, -0.315606, -0.5899], [0.668014, 0.39845, 0.628486], [0.0366912, -0.86118, 0.506975]], [[0.743243, -0.315606, -0.5899], [0.664129, 0.454497, 0.593604], [0.0807621, -0.832962, 0.547405]]], "btipPosition": [-68.3411, 263.263, 45.2684], "carpPosition": [-58.9848, 160.352, 106.19], "dipPosition": [-69.6308, 249.961, 54.0101], "direction": [0.0366912, 0.86118, -0.506975], "extended": true, "handId": 733, "id": 7334, "length": 46.7967, "mcpPosition": [-68.2083, 204.508, 76.5359], "pipPosition": [-70.2957, 234.356, 63.1968], "stabilizedTipPosition": [-70.1224, 259.752, 48.4175], "timeVisible": 10.9007, "tipPosition": [-71.5176, 258.476, 45.5297], "tipVelocity": [1.08493, 11.8417, -3.55463], "tool": false, "touchDistance": 0.17749, "touchZone": "hovering", "type": 4, "width": 14.9816}], "r": [[0.991755, -0.0277842, 0.125099], [0.0129836, 0.992975, 0.117607], [-0.127488, -0.115013, 0.985149]], "s": 1.04033, "t": [4.9767, 78.562, -9.99556], "timestamp": 747061984895}, {"currentFrameRate": 115.228, "devices": [], "gestures": [], "hands": [{"armBasis": [[0.944665, -0.158003, -0.287476], [0.296554, 0.785962, 0.542512], [0.140226, -0.597745, 0.789327]], "armWidth": 59.4118, "confidence": 1, "direction": [0.0331681, 0.922751, -0.383968], "elbow": [-82.2595, -12.3025, 323.532], "grabAngle": 0.0932194, "grabStrength": 0, "id": 733, "palmNormal": [0.36359, -0.368996, -0.855362], "palmPosition": [-35.4663, 199.503, 92.6089], "palmVelocity": [-1.65004, 9.69565, -3.18404], "palmWidth": 84.7109, "pinchDistance": 60.0604, "pinchStrength": 0, "r": [[0.991796, -0.0275265, 0.124828], [0.0127823, 0.993001, 0.117412], [-0.127186, -0.114854, 0.985207]], "s": 1.04013, "sphereCenter": [-84.7266, 271.037, 133.5], "sphereRadius": 97.7065, "stabilizedPalmPosition": [-35.297, 200.366, 94.4526], "t": [-4.99019, 78.6485, -10.0339], "timeVisible": 10.9094, "type": "left", "wrist": [-47.0111, 137.951, 125.12]}], "id": 1330969, "interactionBox": {"center": [0, 200, 0], "size": [235.247, 235.247, 147.751]}, "pointables": [{"bases": [[[0.693352, 0.465337, 0.550204], [-0.573691, -0.105574, 0.81224], [0.436053, -0.878815, 0.193759]], [[0.626872, 0.581658, 0.518368], [-0.506688, -0.201061, 0.838357], [0.59186, -0.788193, 0.168679]], [[0.626872, 0.581658, 0.518368], [-0.739846, 0.235827, 0.63009], [0.244251, -0.778498, 0.578171]], [[0.626872, 0.581658, 0.518368], [-0.777426, 0.510847, 0.366938], [-0.0513741, -0.633016, 0.772432]]], "btipPosition": [17.1629, 225.057, 71.8858], "carpPosition": [-16.9442, 150.11, 114.737], "dipPosition": [18.2768, 211.331, 88.6342], "direction": [0.244251, 0.778498, -0.578171], "extended": true, "handId": 733, "id": 7330, "length": 48.2843, "mcpPosition": [-16.9442, 150.11, 114.737], "pipPosition": [10.5612, 186.739, 106.898], "stabilizedTipPosition": [18.7105, 222.301, 77.2746], "timeVisible": 10.9094, "tipPosition": [21.1694, 222.324, 78.5875], "tipVelocity": [-3.46945, 13.0106, -3.77473], "tool": false, "touchDistance": 0.139302, "touchZone": "hovering", "type": 0, "width": 18.8933}, {"bases": [[[0.912183, 0.0452744, -0.407275], [0.33153, 0.502622, 0.79841], [0.240853, -0.86332, 0.443473]], [[0.943396, -0.168057, -0.285937], [0.33089, 0.417918, 0.846083], [-0.0226917, -0.892805, 0.449871]], [[0.943396, -0.168057, -0.285937], [0.331665, 0.481444, 0.811301], [0.00131805, -0.860214, 0.509932]], [[0.943396, -0.168057, -0.285937], [0.330412, 0.551157, 0.766194], [0.028832, -0.817302, 0.575488]]], "btipPosition": [-14.1437, 292.052, 55.062], "carpPosition": [-30.223, 165.184, 123.872], "dipPosition": [-14.6, 279.115, 64.1716], "direction": [0.00131805, 0.860214, -0.509932], "extended": true, "handId": 733, "id": 7331, "length": 54.4834, "mcpPosition": [-13.7264, 224.315, 93.497], "pipPosition": [-14.6296, 259.852, 75.5906], "stabilizedTipPosition": [-14.138, 288.544, 57.451], "timeVisible": 10.9094, "tipPosition": [-11.8362, 288.447, 57.4899], "tipVelocity": [-8.0991, 12.3449, 0.155419], "tool": false, "touchDistance": -0.136406, "touchZone": "touching", "type": 1, "width": 18.0469}, {"bases": [[[0.866364, -0.158132, -0.473717], [0.48618, 0.483964, 0.727604], [0.114205, -0.860682, 0.49617]], [[0.873372, -0.241313, -0.423072], [0.486749, 0.401705, 0.775698], [-0.0172361, -0.883403, 0.468297]], [[0.873372, -0.241313, -0.423072], [0.486563, 0.471311, 0.735611], [0.0218859, -0.848312, 0.529043]], [[0.873372, -0.241313, -0.423072], [0.483676, 0.53185, 0.695121], [0.0572692, -0.811729, 0.58122]]], "btipPosition": [-32.7388, 298.803, 43.0778], "carpPosition": [-40.9607, 166.968, 120.275], "dipPosition": [-33.7358, 284.671, 53.197], "direction": [0.0218859, 0.848312, -0.529043], "extended": true, "handId": 733, "id": 7332, "length": 62.0795, "mcpPosition": [-33.5427, 222.872, 88.0473], "pipPosition": [-34.3124, 262.321, 67.1349], "stabilizedTipPosition": [-32.96, 294.995, 45.7781], "timeVisible": 10.9094, "tipPosition": [-33.1656, 295.024, 45.7156], "tipVelocity": [-7.09073, 10.7789, -1.51895], "tool": false, "touchDistance": -0.291857, "touchZone": "touching", "type": 2, "width": 17.7244}, {"bases": [[[0.834595, -0.319095, -0.449032], [0.550228, 0.443746, 0.707346], [-0.0264546, -0.837417, 0.545924]], [[0.834515, -0.262948, -0.484193], [0.550884, 0.381397, 0.742336], [-0.0105259, -0.886225, 0.463136]], [[0.834515, -0.262948, -0.484193], [0.549063, 0.470199, 0.690972], [0.0459771, -0.842479, 0.536763]], [[0.834515, -0.262948, -0.484193], [0.545121, 0.521885, 0.656109], [0.0801708, -0.811476, 0.57886]]], "btipPosition": [-50.552, 287.421, 40.3104], "carpPosition": [-51.1413, 166.231, 115.115], "dipPosition": [-51.9397, 273.374, 50.3306], "direction": [0.0459771, 0.842479, -0.536763], "extended": true, "handId": 733, "id": 7333, "length": 59.6911, "mcpPosition": [-52.684, 215.067, 83.2778], "pipPosition": [-53.1197, 251.752, 64.1066], "stabilizedTipPosition": [-51.8432, 283.983, 44.0129], "timeVisible": 10.9094, "tipPosition": [-52.5677, 282.929, 41.6808], "tipVelocity": [-5.62592, 9.0932, -3.40967], "tool": false, "touchDistance": 0.145936, "touchZone": "hovering", "type": 3, "width": 16.8659}, {"bases": [[[0.723461, -0.482777, -0.493489], [0.668827, 0.312975, 0.674328], [-0.1711, -0.817908, 0.549319]], [[0.742885, -0.315717, -0.590292], [0.666384, 0.264909, 0.696961], [-0.0636685, -0.911123, 0.407186]], [[0.742885, -0.315717, -0.590292], [0.668396, 0.398552, 0.628015], [0.0369872, -0.861092, 0.507102]], [[0.742885, -0.315717, -0.590292], [0.664524, 0.454242, 0.593356], [0.0808031, -0.833059, 0.547251]]], "btipPosition": [-68.345, 263.331, 45.23], "carpPosition": [-58.9833, 160.423, 106.152], "dipPosition": [-69.6354, 250.028, 53.9693], "direction": [0.0369872, 0.861092, -0.507102], "extended": true, "handId": 733, "id": 7334, "length": 46.7967, "mcpPosition": [-68.2199, 204.577, 76.4974], "pipPosition": [-70.3056, 234.424, 63.1583], "stabilizedTipPosition": [-70.0804, 259.767, 48.3842], "timeVisible": 10.9094, "tipPosition": [-71.5417, 258.548, 45.4972], "tipVelocity": [-0.469647, 7.82477, -4.47341], "tool": false, "touchDistance": 0.176841, "touchZone": "hovering", "type": 4, "width": 14.9816}], "r": [[0.991796, -0.0275265, 0.124828], [0.0127823, 0.993001, 0.117412], [-0.127186, -0.114854, 0.985207]], "s": 1.04013, "t": [4.99019, 78.6485, -10.0339], "timestamp": 747061993604}, {"currentFrameRate": 114.926, "devices": [], "gestures": [], "hands": [{"armBasis": [[0.944536, -0.158135, -0.287829], [0.296823, 0.786105, 0.542158], [0.14053, -0.597522, 0.789442]], "armWidth": 59.4118, "confidence": 1, "direction": [0.0327429, 0.922668, -0.384203], "elbow": [-82.3305, -12.1899, 323.53], "grabAngle": 0.0931744, "grabStrength": 0, "id": 733, "palmNormal": [0.363707, -0.369053, -0.855288], "palmPosition": [-35.4835, 199.555, 92.5625], "palmVelocity": [-1.86192, 5.74198, -5.0404], "palmWidth": 84.7109, "pinchDistance": 60.052, "pinchStrength": 0, "r": [[0.991826, -0.0274011, 0.124623], [0.0127072, 0.993026, 0.117207], [-0.126965, -0.114665, 0.985257]], "s": 1.03992, "sphereCenter": [-84.8075, 271.063, 133.406], "sphereRadius": 97.7002, "stabilizedPalmPosition": [-35.2997, 200.354, 94.4247], "t": [-5.00552, 78.7182, -10.0764], "timeVisible": 10.9186, "type": "left", "wrist": [-47.0059, 138.008, 125.09]}], "id": 1330970, "interactionBox": {"center": [0, 200, 0], "size": [235.247, 235.247, 147.751]}, "pointables": [{"bases": [[[0.693527, 0.465172, 0.550122], [-0.57378, -0.105117, 0.812236], [0.435657, -0.878957, 0.194005]], [[0.62712, 0.581484, 0.518263], [-0.507006, -0.200384, 0.838326], [0.591325, -0.788494, 0.169151]], [[0.62712, 0.581484, 0.518263], [-0.739787, 0.236388, 0.629949], [0.243794, -0.778458, 0.578418]], [[0.62712, 0.581484, 0.518263], [-0.777218, 0.511133, 0.366981], [-0.0515083, -0.632944, 0.772482]]], "btipPosition": [17.1263, 225.134, 71.8201], "carpPosition": [-16.9385, 150.176, 114.702], "dipPosition": [18.2432, 211.41, 88.5696], "direction": [0.243794, 0.778458, -0.578418], "extended": true, "handId": 733, "id": 7330, "length": 48.2843, "mcpPosition": [-16.9385, 150.176, 114.702], "pipPosition": [10.5421, 186.82, 106.841], "stabilizedTipPosition": [18.6914, 222.297, 77.2516], "timeVisible": 10.9186, "tipPosition": [21.1378, 222.398, 78.5295], "tipVelocity": [-3.89223, 8.47996, -7.10728], "tool": false, "touchDistance": 0.138211, "touchZone": "hovering", "type": 0, "width": 18.8933}, {"bases": [[[0.912224, 0.0447708, -0.407238], [0.331709, 0.502679, 0.7983], [0.24045, -0.863313, 0.443705]], [[0.943339, -0.168691, -0.285753], [0.331013, 0.417959, 0.846015], [-0.0232818, -0.892667, 0.450116]], [[0.943339, -0.168691, -0.285753], [0.33183, 0.481362, 0.811283], [0.000694778, -0.860136, 0.510064]], [[0.943339, -0.168691, -0.285753], [0.330633, 0.55092, 0.76627], [0.0281644, -0.817331, 0.575479]]], "btipPosition": [-14.2197, 292.108, 54.9956], "carpPosition": [-30.2235, 165.247, 123.834], "dipPosition": [-14.6655, 279.17, 64.105], "direction": [0.000694778, 0.860136, -0.510064], "extended": true, "handId": 733, "id": 7331, "length": 54.4834, "mcpPosition": [-13.7544, 224.378, 93.4431], "pipPosition": [-14.6811, 259.909, 75.5269], "stabilizedTipPosition": [-14.1529, 288.592, 57.4219], "timeVisible": 10.9186, "tipPosition": [-11.8969, 288.502, 57.4193], "tipVelocity": [-7.98564, 6.05208, -7.21582], "tool": false, "touchDistance": -0.137514, "touchZone": "touching", "type": 1, "width": 18.0469}, {"bases": [[[0.866319, -0.158632, -0.473632], [0.486354, 0.483935, 0.727507], [0.113801, -0.860606, 0.496394]], [[0.873292, -0.241939, -0.422878], [0.486871, 0.401687, 0.775631], [-0.017791, -0.88324, 0.468584]], [[0.873292, -0.241939, -0.422878], [0.486729, 0.47125, 0.735539], [0.0213256, -0.848168, 0.529298]], [[0.873292, -0.241939, -0.422878], [0.483894, 0.531627, 0.69514], [0.0566318, -0.811688, 0.581339]]], "btipPosition": [-32.8171, 298.844, 43.0037], "carpPosition": [-40.9621, 167.025, 120.237], "dipPosition": [-33.803, 284.712, 53.125], "direction": [0.0213256, 0.848168, -0.529298], "extended": true, "handId": 733, "id": 7332, "length": 62.0795, "mcpPosition": [-33.5704, 222.924, 87.9948], "pipPosition": [-34.3649, 262.367, 67.0696], "stabilizedTipPosition": [-32.9674, 295.047, 45.7386], "timeVisible": 10.9186, "tipPosition": [-33.227, 295.067, 45.6446], "tipVelocity": [-8.2192, 4.44444, -7.98626], "tool": false, "touchDistance": -0.292109, "touchZone": "touching", "type": 2, "width": 17.7244}, {"bases": [[[0.834479, -0.319575, -0.448907], [0.550386, 0.443684, 0.707262], [-0.0268509, -0.837267, 0.546134]], [[0.83443, -0.263577, -0.483998], [0.551005, 0.381478, 0.742205], [-0.0109939, -0.886003, 0.463549]], [[0.83443, -0.263577, -0.483998], [0.549234, 0.470194, 0.69084], [0.0454834, -0.842285, 0.537109]], [[0.83443, -0.263577, -0.483998], [0.545336, 0.521732, 0.656052], [0.0795969, -0.811371, 0.579087]]], "btipPosition": [-50.6184, 287.448, 40.231], "carpPosition": [-51.1426, 166.283, 115.077], "dipPosition": [-51.9963, 273.403, 50.2551], "direction": [0.0454834, 0.842285, -0.537109], "extended": true, "handId": 733, "id": 7333, "length": 59.6911, "mcpPosition": [-52.7085, 215.11, 83.2284], "pipPosition": [-53.1636, 251.785, 64.0401], "stabilizedTipPosition": [-51.8256, 283.988, 43.9844], "timeVisible": 10.9186, "tipPosition": [-52.6225, 282.962, 41.615], "tipVelocity": [-6.96399, 2.97622, -8.51857], "tool": false, "touchDistance": 0.144628, "touchZone": "hovering", "type": 3, "width": 16.8659}, {"bases": [[[0.723275, -0.483219, -0.493329], [0.668929, 0.312852, 0.674284], [-0.171488, -0.817694, 0.549517]], [[0.742783, -0.316009, -0.590264], [0.666499, 0.265183, 0.696747], [-0.0636505, -0.910943, 0.407593]], [[0.742783, -0.316009, -0.590264], [0.668492, 0.399164, 0.627525], [0.0373088, -0.860701, 0.507742]], [[0.742783, -0.316009, -0.590264], [0.664628, 0.454519, 0.593028], [0.0808839, -0.832797, 0.547637]]], "btipPosition": [-68.3576, 263.349, 45.1529], "carpPosition": [-58.9826, 160.469, 106.116], "dipPosition": [-69.6492, 250.049, 53.8983], "direction": [0.0373088, 0.860701, -0.507742], "extended": true, "handId": 733, "id": 7334, "length": 46.7967, "mcpPosition": [-68.2401, 204.611, 76.4514], "pipPosition": [-70.3253, 234.453, 63.099], "stabilizedTipPosition": [-70.0507, 259.778, 48.3587], "timeVisible": 10.9186, "tipPosition": [-71.5798, 258.578, 45.4421], "tipVelocity": [-1.3911, 1.97911, -8.21122], "tool": false, "touchDistance": 0.17558, "touchZone": "hovering", "type": 4, "width": 14.9816}], "r": [[0.991826, -0.0274011, 0.124623], [0.0127072, 0.993026, 0.117207], [-0.126965, -0.114665, 0.985257]], "s": 1.03992, "t": [5.00552, 78.7182, -10.0764], "timestamp": 747062002819}, {"currentFrameRate": 114.982, "devices": [], "gestures": [], "hands": [{"armBasis": [[0.944512, -0.157923, -0.288024], [0.29672, 0.786333, 0.541884], [0.140907, -0.597278, 0.78956]], "armWidth": 59.4118, "confidence": 1, "direction": [0.0325834, 0.922645, -0.384272], "elbow": [-82.4174, -12.0994, 323.535], "grabAngle": 0.0934144, "grabStrength": 0, "id": 733, "palmNormal": [0.363583, -0.369077, -0.85533], "palmPosition": [-35.4814, 199.582, 92.5306], "palmVelocity": [0.248265, 3.08735, -3.70951], "palmWidth": 84.7109, "pinchDistance": 60.0401, "pinchStrength": 0, "r": [[0.991844, -0.027318, 0.124496], [0.0126617, 0.993048, 0.117029], [-0.126828, -0.114498, 0.985294]], "s": 1.03975, "sphereCenter": [-84.7652, 270.977, 133.182], "sphereRadius": 97.5258, "stabilizedPalmPosition": [-35.3019, 200.345, 94.4025], "t": [-5.01211, 78.7663, -10.1135], "timeVisible": 10.9272, "type": "left", "wrist": [-46.998, 138.037, 125.065]}], "id": 1330971, "interactionBox": {"center": [0, 200, 0], "size": [235.247, 235.247, 147.751]}, "pointables": [{"bases": [[[0.693469, 0.465144, 0.55022], [-0.573941, -0.105007, 0.812137], [0.435537, -0.878985, 0.194146]], [[0.627102, 0.581424, 0.518352], [-0.507422, -0.199965, 0.838175], [0.590987, -0.788645, 0.169629]], [[0.627102, 0.581424, 0.518352], [-0.739842, 0.236421, 0.629873], [0.243674, -0.778493, 0.578421]], [[0.627102, 0.581424, 0.518352], [-0.777255, 0.510781, 0.367392], [-0.0511544, -0.633284, 0.772227]]], "btipPosition": [17.1255, 225.18, 71.7713], "carpPosition": [-16.9275, 150.206, 114.67], "dipPosition": [18.2346, 211.448, 88.5153], "direction": [0.243674, 0.778493, -0.578421], "extended": true, "handId": 733, "id": 7330, "length": 48.2843, "mcpPosition": [-16.9275, 150.206, 114.67], "pipPosition": [10.5373, 186.857, 106.787], "stabilizedTipPosition": [18.6759, 222.293, 77.2323], "timeVisible": 10.9272, "tipPosition": [21.1315, 222.429, 78.4826], "tipVelocity": [-0.306228, 5.0736, -5.81337], "tool": false, "touchDistance": 0.137377, "touchZone": "hovering", "type": 0, "width": 18.8933}, {"bases": [[[0.912304, 0.044656, -0.407071], [0.331608, 0.502702, 0.798328], [0.240285, -0.863306, 0.443808]], [[0.943376, -0.168794, -0.28557], [0.330894, 0.417931, 0.846075], [-0.0234641, -0.89266, 0.450119]], [[0.943376, -0.168794, -0.28557], [0.331725, 0.481338, 0.81134], [0.000506072, -0.860129, 0.510076]], [[0.943376, -0.168794, -0.28557], [0.330545, 0.550864, 0.766347], [0.0279552, -0.817348, 0.575466]]], "btipPosition": [-14.2345, 292.137, 54.9577], "carpPosition": [-30.2122, 165.276, 123.803], "dipPosition": [-14.6771, 279.199, 64.067], "direction": [0.000506072, 0.860129, -0.510076], "extended": true, "handId": 733, "id": 7331, "length": 54.4834, "mcpPosition": [-13.7544, 224.407, 93.4055], "pipPosition": [-14.6884, 259.938, 75.4892], "stabilizedTipPosition": [-14.1644, 288.628, 57.3987], "timeVisible": 10.9272, "tipPosition": [-11.9105, 288.529, 57.3769], "tipVelocity": [-1.63949, 3.31073, -4.40428], "tool": false, "touchDistance": -0.138146, "touchZone": "touching", "type": 1, "width": 18.0469}, {"bases": [[[0.866392, -0.158747, -0.47346], [0.486265, 0.483938, 0.727564], [0.113626, -0.860583, 0.496474]], [[0.873351, -0.242129, -0.422649], [0.486758, 0.401681, 0.775706], [-0.0180502, -0.883191, 0.468667]], [[0.873351, -0.242129, -0.422649], [0.486635, 0.471304, 0.735567], [0.0210944, -0.848084, 0.529442]], [[0.873351, -0.242129, -0.422649], [0.483818, 0.531648, 0.695176], [0.0563787, -0.811618, 0.581462]]], "btipPosition": [-32.8401, 298.865, 42.9602], "carpPosition": [-40.9518, 167.053, 120.209], "dipPosition": [-33.8216, 284.734, 53.0836], "direction": [0.0210944, 0.848084, -0.529442], "extended": true, "handId": 733, "id": 7332, "length": 62.0795, "mcpPosition": [-33.5713, 222.951, 87.9609], "pipPosition": [-34.3774, 262.391, 67.032], "stabilizedTipPosition": [-32.974, 295.085, 45.7085], "timeVisible": 10.9272, "tipPosition": [-33.2426, 295.091, 45.6055], "tipVelocity": [-2.55829, 2.45105, -4.9967], "tool": false, "touchDistance": -0.291876, "touchZone": "touching", "type": 2, "width": 17.7244}, {"bases": [[[0.834532, -0.319686, -0.44873], [0.550297, 0.44368, 0.707334], [-0.0270324, -0.837227, 0.546187]], [[0.834501, -0.263885, -0.483707], [0.550892, 0.381656, 0.742198], [-0.0112449, -0.885835, 0.463864]], [[0.834501, -0.263885, -0.483707], [0.549147, 0.470364, 0.690793], [0.0452284, -0.842094, 0.537431]], [[0.834501, -0.263885, -0.483707], [0.545268, 0.521861, 0.656007], [0.0793174, -0.811188, 0.579381]]], "btipPosition": [-50.6413, 287.457, 40.1748], "carpPosition": [-51.1331, 166.309, 115.051], "dipPosition": [-52.0143, 273.415, 50.204], "direction": [0.0452284, 0.842094, -0.537431], "extended": true, "handId": 733, "id": 7333, "length": 59.6911, "mcpPosition": [-52.7096, 215.134, 83.1986], "pipPosition": [-53.1751, 251.803, 63.9972], "stabilizedTipPosition": [-51.8139, 283.991, 43.964], "timeVisible": 10.9272, "tipPosition": [-52.6351, 282.986, 41.582], "tipVelocity": [-2.5281, 1.15759, -6.39521], "tool": false, "touchDistance": 0.143711, "touchZone": "hovering", "type": 3, "width": 16.8659}, {"bases": [[[0.72332, -0.483322, -0.493161], [0.668833, 0.312834, 0.674387], [-0.171668, -0.81764, 0.549541]], [[0.742861, -0.316173, -0.590078], [0.666424, 0.265616, 0.696654], [-0.063529, -0.91076, 0.408021]], [[0.742861, -0.316173, -0.590078], [0.668378, 0.400032, 0.627092], [0.0377805, -0.860238, 0.508491]], [[0.742861, -0.316173, -0.590078], [0.664499, 0.455204, 0.592647], [0.0812268, -0.832361, 0.54825]]], "btipPosition": [-68.3409, 263.35, 45.0894], "carpPosition": [-58.9742, 160.494, 106.092], "dipPosition": [-69.638, 250.057, 53.8446], "direction": [0.0377805, 0.860238, -0.508491], "extended": true, "handId": 733, "id": 7334, "length": 46.7967, "mcpPosition": [-68.2415, 204.633, 76.4253], "pipPosition": [-70.3226, 234.469, 63.0588], "stabilizedTipPosition": [-70.0312, 259.785, 48.3414], "timeVisible": 10.9272, "tipPosition": [-71.5832, 258.603, 45.4179], "tipVelocity": [1.7906, 0.29877, -7.12575], "tool": false, "touchDistance": 0.174558, "touchZone": "hovering", "type": 4, "width": 14.9816}], "r": [[0.991844, -0.027318, 0.124496], [0.0126617, 0.993048, 0.117029], [-0.126828, -0.114498, 0.985294]], "s": 1.03975, "t": [5.01211, 78.7663, -10.1135], "timestamp": 747062011420}, {"currentFrameRate": 113.946, "devices": [], "gestures": [], "hands": [{"armBasis": [[0.944531, -0.157462, -0.288214], [0.296418, 0.786589, 0.541676], [0.141412, -0.597062, 0.789633]], "armWidth": 59.4118, "confidence": 1, "direction": [0.0325462, 0.922527, -0.384558], "elbow": [-82.5202, -12.0028, 323.553], "grabAngle": 0.0938043, "grabStrength": 0, "id": 733, "palmNormal": [0.363237, -0.36937, -0.85535], "palmPosition": [-35.4544, 199.614, 92.5097], "palmVelocity": [2.55102, 3.01224, -1.97513], "palmWidth": 84.7109, "pinchDistance": 60.0315, "pinchStrength": 0, "r": [[0.99185, -0.0272226, 0.124468], [0.0125952, 0.993072, 0.116829], [-0.126786, -0.114309, 0.985322]], "s": 1.03956, "sphereCenter": [-84.6019, 270.831, 132.819], "sphereRadius": 97.201, "stabilizedPalmPosition": [-35.3042, 200.334, 94.3738], "t": [-5.00196, 78.8063, -10.1425], "timeVisible": 10.9378, "type": "left", "wrist": [-46.9737, 138.079, 125.065]}], "id": 1330972, "interactionBox": {"center": [0, 200, 0], "size": [235.247, 235.247, 147.751]}, "pointables": [{"bases": [[[0.693222, 0.465382, 0.55033], [-0.57422, -0.104828, 0.811962], [0.435563, -0.87888, 0.194563]], [[0.626816, 0.581703, 0.518385], [-0.508, -0.19936, 0.837969], [0.590794, -0.788592, 0.170543]], [[0.626816, 0.581703, 0.518385], [-0.740111, 0.236511, 0.629522], [0.243591, -0.778257, 0.578773]], [[0.626816, 0.581703, 0.518385], [-0.777507, 0.510367, 0.367434], [-0.0508294, -0.633362, 0.772185]]], "btipPosition": [17.1504, 225.208, 71.7058], "carpPosition": [-16.8981, 150.243, 114.657], "dipPosition": [18.2525, 211.475, 88.4489], "direction": [0.243591, 0.778257, -0.578773], "extended": true, "handId": 733, "id": 7330, "length": 48.2843, "mcpPosition": [-16.8981, 150.243, 114.657], "pipPosition": [10.5578, 186.891, 106.732], "stabilizedTipPosition": [18.6621, 222.291, 77.2141], "timeVisible": 10.9378, "tipPosition": [21.1507, 222.449, 78.4309], "tipVelocity": [2.21066, 2.62797, -6.23091], "tool": false, "touchDistance": 0.136282, "touchZone": "hovering", "type": 0, "width": 18.8933}, {"bases": [[[0.912445, 0.0446345, -0.406758], [0.33126