{"frames": 70, "data": [{"currentFrameRate": 110.266, "devices": [], "gestures": [], "hands": [{"armBasis": [[0.92973, -0.19076, -0.31498], [0.354946, 0.692009, 0.628599], [0.0980574, -0.696228, 0.711092]], "armWidth": 66.3109, "confidence": 1, "direction": [0.059189, 0.896865, -0.438326], "elbow": [-77.5403, -70.4444, 312.925], "grabAngle": 0.0622186, "grabStrength": 0, "id": 735, "palmNormal": [0.395476, -0.424235, -0.814631], "palmPosition": [-36.5866, 187.998, 79.1096], "palmVelocity": [-2.32762, -4.83876, 0.844344], "palmWidth": 92.9493, "pinchDistance": 62.2897, "pinchStrength": 0, "r": [[0.661325, 0.464494, 0.588978], [0.223857, 0.627202, -0.745993], [-0.715917, 0.625191, 0.310804]], "s": 0.906034, "sphereCenter": [-106.3, 280.764, 130.079], "sphereRadius": 127.552, "stabilizedPalmPosition": [-35.4886, 190.943, 80.045], "t": [-7.79024, -24.0863, -24.0346], "timeVisible": 1.25748, "type": "left", "wrist": [-50.4947, 121.585, 116.796]}], "id": 1331382, "interactionBox": {"center": [0, 200, 0], "size": [235.247, 235.247, 147.751]}, "pointables": [{"bases": [[[0.710999, 0.504103, 0.490267], [-0.537686, -0.059587, 0.841037], [0.453183, -0.861586, 0.228683]], [[0.652221, 0.602746, 0.459678], [-0.502089, -0.110806, 0.857688], [0.567903, -0.790202, 0.230362]], [[0.652221, 0.602746, 0.459678], [-0.722529, 0.310922, 0.617478], [0.229258, -0.734863, 0.638292]], [[0.652221, 0.602746, 0.459678], [-0.757183, 0.546677, 0.357518], [-0.0358028, -0.581241, 0.812943]]], "btipPosition": [18.2774, 215.452, 53.6788], "carpPosition": [-17.8856, 135.25, 107.532], "dipPosition": [19.1423, 201.41, 73.3191], "direction": [0.229258, 0.734863, -0.638292], "extended": false, "handId": 735, "id": 7350, "length": 53.7996, "mcpPosition": [-17.8856, 135.25, 107.532], "pipPosition": [11.0732, 175.545, 95.7849], "stabilizedTipPosition": [18.6938, 212.314, 58.2406], "timeVisible": 1.25748, "tipPosition": [18.4114, 212.02, 57.1771], "tipVelocity": [-6.1884, -2.61771, 0.927231], "tool": false, "touchDistance": 0.330491, "touchZone": "hovering", "type": 0, "width": 21.2434}, {"bases": [[[0.893618, 0.0272318, -0.448002], [0.359616, 0.553811, 0.750979], [0.268559, -0.832197, 0.485102]], [[0.931838, -0.171294, -0.319902], [0.362216, 0.492208, 0.791537], [0.0218729, -0.853457, 0.520703]], [[0.931838, -0.171294, -0.319902], [0.359735, 0.5518, 0.752401], [0.0476402, -0.816196, 0.575808]], [[0.931838, -0.171294, -0.319902], [0.35587, 0.603762, 0.713322], [0.0709568, -0.778544, 0.623566]]], "btipPosition": [-9.0962, 286.987, 30.9674], "carpPosition": [-32.6897, 152.497, 115.883], "dipPosition": [-10.3477, 273.255, 41.9655], "direction": [0.0476402, 0.816196, -0.575808], "extended": true, "handId": 735, "id": 7351, "length": 60.7068, "mcpPosition": [-12.5064, 215.04, 79.4257], "pipPosition": [-11.5364, 252.89, 56.3325], "stabilizedTipPosition": [-8.91651, 283.975, 33.3165], "timeVisible": 1.25748, "tipPosition": [-5.90276, 285.665, 38.443], "tipVelocity": [-2.91287, -0.537244, 9.48681], "tool": false, "touchDistance": 0.318259, "touchZone": "hovering", "type": 1, "width": 20.2917}, {"bases": [[[0.847198, -0.180264, -0.49976], [0.511324, 0.532037, 0.674896], [0.144231, -0.82731, 0.542914]], [[0.856999, -0.257165, -0.446563], [0.514699, 0.469626, 0.717312], [0.0252499, -0.844582, 0.534831]], [[0.856999, -0.257165, -0.446563], [0.512928, 0.509047, 0.691213], [0.0495657, -0.821424, 0.56816]], [[0.856999, -0.257165, -0.446563], [0.509302, 0.554709, 0.657958], [0.078509, -0.791305, 0.60636]]], "btipPosition": [-29.7591, 294.749, 17.5761], "carpPosition": [-44.2728, 154.3, 111.322], "dipPosition": [-31.2821, 279.399, 29.3389], "direction": [0.0495657, 0.821424, -0.56816], "extended": true, "handId": 735, "id": 7352, "length": 69.1705, "mcpPosition": [-33.9934, 213.262, 72.6287], "pipPosition": [-32.7371, 255.286, 46.0171], "stabilizedTipPosition": [-30.0055, 292.722, 20.3056], "timeVisible": 1.25748, "tipPosition": [-28.835, 293.517, 24.9624], "tipVelocity": [-2.68995, -0.600988, 8.5102], "tool": false, "touchDistance": 0.308525, "touchZone": "hovering", "type": 2, "width": 19.9291}, {"bases": [[[0.818216, -0.339636, -0.463863], [0.574883, 0.491154, 0.654429], [0.00556095, -0.802132, 0.597121]], [[0.816303, -0.289326, -0.49994], [0.577139, 0.444015, 0.685391], [0.0236793, -0.848022, 0.529432]], [[0.816303, -0.289326, -0.49994], [0.575376, 0.48358, 0.659616], [0.0509167, -0.8261, 0.561219]], [[0.816303, -0.289326, -0.49994], [0.572617, 0.519047, 0.634586], [0.0758899, -0.804289, 0.589373]]], "btipPosition": [-50.8343, 282.808, 15.2027], "carpPosition": [-55.2021, 153.231, 105.247], "dipPosition": [-52.298, 267.295, 26.5702], "direction": [0.0509167, 0.8261, -0.561219], "extended": true, "handId": 735, "id": 7353, "length": 66.5093, "mcpPosition": [-54.8462, 204.559, 67.038], "pipPosition": [-53.7541, 243.672, 42.6192], "stabilizedTipPosition": [-50.8672, 279.397, 17.7363], "timeVisible": 1.25748, "tipPosition": [-49.9535, 277.505, 16.8858], "tipVelocity": [-2.53716, -1.22113, 6.35802], "tool": false, "touchDistance": -0.279867, "touchZone": "touching", "type": 3, "width": 18.9638}, {"bases": [[[0.707051, -0.506644, -0.493347], [0.693365, 0.35954, 0.62448], [-0.139011, -0.783609, 0.605502]], [[0.72045, -0.329043, -0.610477], [0.693504, 0.344388, 0.63281], [0.00201943, -0.879277, 0.476307]], [[0.72045, -0.329043, -0.610477], [0.688681, 0.443117, 0.573905], [0.0816733, -0.833893, 0.545849]], [[0.72045, -0.329043, -0.610477], [0.686357, 0.464379, 0.559702], [0.0993271, -0.822242, 0.560403]]], "btipPosition": [-68.1947, 256.308, 21.2197], "carpPosition": [-63.4507, 146.33, 95.4642], "dipPosition": [-69.9621, 241.677, 31.1913], "direction": [0.0816733, 0.833893, -0.545849], "extended": true, "handId": 735, "id": 7354, "length": 52.1421, "mcpPosition": [-71.6848, 192.746, 59.598], "pipPosition": [-71.6111, 224.84, 42.2122], "stabilizedTipPosition": [-68.609, 252.977, 23.5006], "timeVisible": 1.25748, "tipPosition": [-72.7018, 251.422, 21.9996], "tipVelocity": [1.9309, -2.73962, 2.79654], "tool": false, "touchDistance": -0.28414, "touchZone": "touching", "type": 4, "width": 16.8452}], "r": [[0.661325, 0.464494, 0.588978], [0.223857, 0.627202, -0.745993], [-0.715917, 0.625191, 0.310804]], "s": 0.906034, "t": [7.79024, -24.0863, -24.0346], "timestamp": 747065644491}, {"currentFrameRate": 110.183, "devices": [], "gestures": [], "hands": [{"armBasis": [[0.929776, -0.191435, -0.314434], [0.355209, 0.690817, 0.62976], [0.0966587, -0.697226, 0.710305]], "armWidth": 66.3109, "confidence": 1, "direction": [0.0589147, 0.897335, -0.437401], "elbow": [-77.1286, -70.7986, 312.656], "grabAngle": 0.0629476, "grabStrength": 0, "id": 735, "palmNormal": [0.395538, -0.423283, -0.815096], "palmPosition": [-36.5945, 187.964, 79.1264], "palmVelocity": [-0.851975, -3.69033, 1.81818], "palmWidth": 92.9493, "pinchDistance": 62.2707, "pinchStrength": 0, "r": [[0.661575, 0.464109, 0.589], [0.223908, 0.627368, -0.745838], [-0.715671, 0.625309, 0.311133]], "s": 0.905754, "sphereCenter": [-105.941, 280.1, 129.386], "sphereRadius": 126.645, "stabilizedPalmPosition": [-35.4964, 190.922, 80.0386], "t": [-7.80933, -24.1262, -24.0228], "timeVisible": 1.26671, "type": "left", "wrist": [-50.4688, 121.506, 116.743]}], "id": 1331383, "interactionBox": {"center": [0, 200, 0], "size": [235.247, 235.247, 147.751]}, "pointables": [{"bases": [[[0.711104, 0.5034, 0.490835], [-0.537758, -0.0603104, 0.840939], [0.452932, -0.861946, 0.22782]], [[0.652336, 0.602122, 0.460334], [-0.502444, -0.111178, 0.857432], [0.567457, -0.790626, 0.230007]], [[0.652336, 0.602122, 0.460334], [-0.722564, 0.310691, 0.617553], [0.228821, -0.735473, 0.637746]], [[0.652336, 0.602122, 0.460334], [-0.75705, 0.546897, 0.357462], [-0.0365194, -0.581681, 0.812597]]], "btipPosition": [18.2303, 215.447, 53.6855], "carpPosition": [-17.8772, 135.192, 107.493], "dipPosition": [19.1126, 201.394, 73.3173], "direction": [0.228821, 0.735473, -0.637746], "extended": false, "handId": 735, "id": 7350, "length": 53.7996, "mcpPosition": [-17.8772, 135.192, 107.493], "pipPosition": [11.0589, 175.508, 95.764], "stabilizedTipPosition": [18.6198, 212.286, 58.2293], "timeVisible": 1.26671, "tipPosition": [18.3956, 212.024, 57.218], "tipVelocity": [-4.66544, -0.763809, 0.508823], "tool": false, "touchDistance": 0.330569, "touchZone": "hovering", "type": 0, "width": 21.2434}, {"bases": [[[0.893654, 0.0274509, -0.447915], [0.359718, 0.552934, 0.751576], [0.268299, -0.832772, 0.484258]], [[0.931806, -0.171112, -0.320092], [0.362304, 0.491398, 0.792], [0.0217717, -0.853961, 0.519882]], [[0.931806, -0.171112, -0.320092], [0.359831, 0.551023, 0.752925], [0.0475436, -0.816758, 0.575018]], [[0.931806, -0.171112, -0.320092], [0.355958, 0.603178, 0.713772], [0.0709375, -0.779036, 0.622953]]], "btipPosition": [-9.11868, 287.004, 31.0776], "carpPosition": [-32.6854, 152.426, 115.863], "dipPosition": [-10.3698, 273.264, 42.0649], "direction": [0.0475436, 0.816758, -0.575018], "extended": true, "handId": 735, "id": 7351, "length": 60.7068, "mcpPosition": [-12.5217, 215.012, 79.4689], "pipPosition": [-11.5561, 252.885, 56.4122], "stabilizedTipPosition": [-8.94238, 283.968, 33.3317], "timeVisible": 1.26671, "tipPosition": [-5.94394, 285.679, 38.5533], "tipVelocity": [-2.42861, 1.65494, 11.6747], "tool": false, "touchDistance": 0.320053, "touchZone": "hovering", "type": 1, "width": 20.2917}, {"bases": [[[0.847182, -0.179979, -0.499891], [0.511426, 0.531198, 0.67548], [0.143969, -0.827911, 0.542067]], [[0.856958, -0.256941, -0.44677], [0.514773, 0.468955, 0.717697], [0.0251092, -0.845022, 0.534141]], [[0.856958, -0.256941, -0.44677], [0.512997, 0.508614, 0.691481], [0.0495637, -0.821762, 0.567671]], [[0.856958, -0.256941, -0.44677], [0.50936, 0.554399, 0.658175], [0.0785768, -0.791595, 0.605972]]], "btipPosition": [-29.78, 294.76, 17.6751], "carpPosition": [-44.2693, 154.23, 111.305], "dipPosition": [-31.3043, 279.404, 29.4303], "direction": [0.0495637, 0.821762, -0.567671], "extended": true, "handId": 735, "id": 7352, "length": 69.1705, "mcpPosition": [-34.0086, 213.236, 72.6715], "pipPosition": [-32.7593, 255.281, 46.0942], "stabilizedTipPosition": [-30.006, 292.716, 20.3059], "timeVisible": 1.26671, "tipPosition": [-28.8784, 293.535, 25.0762], "tipVelocity": [-2.30357, 1.03623, 10.5425], "tool": false, "touchDistance": 0.310146, "touchZone": "hovering", "type": 2, "width": 19.9291}, {"bases": [[[0.818154, -0.33938, -0.464161], [0.574975, 0.490319, 0.654974], [0.00530211, -0.802751, 0.596291]], [[0.816263, -0.289132, -0.500117], [0.577203, 0.443391, 0.685741], [0.0234776, -0.848415, 0.528811]], [[0.816263, -0.289132, -0.500117], [0.575426, 0.483354, 0.659738], [0.0509822, -0.8263, 0.560918]], [[0.816263, -0.289132, -0.500117], [0.572665, 0.518833, 0.634719], [0.0759596, -0.804497, 0.58908]]], "btipPosition": [-50.8536, 282.809, 15.2807], "carpPosition": [-55.1987, 153.165, 105.229], "dipPosition": [-52.3186, 267.293, 26.6426], "direction": [0.0509822, 0.8263, -0.560918], "extended": true, "handId": 735, "id": 7353, "length": 66.5093, "mcpPosition": [-54.8594, 204.532, 67.0731], "pipPosition": [-53.7766, 243.663, 42.683], "stabilizedTipPosition": [-50.8985, 279.382, 17.7515], "timeVisible": 1.26671, "tipPosition": [-49.9936, 277.537, 16.9989], "tipVelocity": [-2.12276, 0.0432678, 8.31829], "tool": false, "touchDistance": -0.278589, "touchZone": "touching", "type": 3, "width": 18.9638}, {"bases": [[[0.706944, -0.506327, -0.493825], [0.693423, 0.358704, 0.624897], [-0.139265, -0.784197, 0.604682]], [[0.720399, -0.328523, -0.610818], [0.693556, 0.344184, 0.632864], [0.00232273, -0.879551, 0.475799]], [[0.720399, -0.328523, -0.610818], [0.688644, 0.443493, 0.573658], [0.0824336, -0.833898, 0.545728]], [[0.720399, -0.328523, -0.610818], [0.686319, 0.464605, 0.559561], [0.0999597, -0.822323, 0.560172]]], "btipPosition": [-68.1675, 256.296, 21.2689], "carpPosition": [-63.446, 146.271, 95.4396], "dipPosition": [-69.9461, 241.664, 31.2363], "direction": [0.0824336, 0.833898, -0.545728], "extended": true, "handId": 735, "id": 7354, "length": 52.1421, "mcpPosition": [-71.6953, 192.722, 59.622], "pipPosition": [-71.6105, 224.827, 42.2548], "stabilizedTipPosition": [-68.595, 252.957, 23.5268], "timeVisible": 1.26671, "tipPosition": [-72.7111, 251.444, 22.0914], "tipVelocity": [2.67264, -1.32587, 5.22284], "tool": false, "touchDistance": -0.283337, "touchZone": "touching", "type": 4, "width": 16.8452}], "r": [[0.661575, 0.464109, 0.589], [0.223908, 0.627368, -0.745838], [-0.715671, 0.625309, 0.311133]], "s": 0.905754, "t": [7.80933, -24.1262, -24.0228], "timestamp": 747065653714}, {"currentFrameRate": 110.488, "devices": [], "gestures": [], "hands": [{"armBasis": [[0.92975, -0.192223, -0.31403], [0.355627, 0.689733, 0.630712], [0.0953592, -0.698083, 0.709639]], "armWidth": 66.3109, "confidence": 1, "direction": [0.0587128, 0.897918, -0.43623], "elbow": [-76.7567, -71.1284, 312.405], "grabAngle": 0.0637275, "grabStrength": 0, "id": 735, "palmNormal": [0.39587, -0.422098, -0.815549], "palmPosition": [-36.6084, 187.923, 79.146], "palmVelocity": [-1.63741, -4.83898, 2.30635], "palmWidth": 92.9493, "pinchDistance": 62.2539, "pinchStrength": 0, "r": [[0.661833, 0.463605, 0.589107], [0.223956, 0.627678, -0.745563], [-0.715417, 0.625372, 0.311591]], "s": 0.905498, "sphereCenter": [-105.535, 279.31, 128.542], "sphereRadius": 125.571, "stabilizedPalmPosition": [-35.5032, 190.904, 80.0331], "t": [-7.82584, -24.1667, -24.007], "timeVisible": 1.27522, "type": "left", "wrist": [-50.4553, 121.413, 116.677]}], "id": 1331384, "interactionBox": {"center": [0, 200, 0], "size": [235.247, 235.247, 147.751]}, "pointables": [{"bases": [[[0.711388, 0.502527, 0.491318], [-0.537583, -0.0612134, 0.840986], [0.452693, -0.862392, 0.226603]], [[0.652639, 0.601318, 0.460955], [-0.502456, -0.111871, 0.857335], [0.567099, -0.791139, 0.229125]], [[0.652639, 0.601318, 0.460955], [-0.722324, 0.310147, 0.618107], [0.228716, -0.736359, 0.636761]], [[0.652639, 0.601318, 0.460955], [-0.756769, 0.547002, 0.357896], [-0.0369334, -0.582413, 0.812054]]], "btipPosition": [18.1957, 215.451, 53.7341], "carpPosition": [-17.8799, 135.121, 107.448], "dipPosition": [19.088, 201.38, 73.3529], "direction": [0.228716, 0.736359, -0.636761], "extended": false, "handId": 735, "id": 7350, "length": 53.7996, "mcpPosition": [-17.8799, 135.121, 107.448], "pipPosition": [11.0379, 175.463, 95.7648], "stabilizedTipPosition": [18.5741, 212.271, 58.2329], "timeVisible": 1.27522, "tipPosition": [18.3787, 212.03, 57.283], "tipVelocity": [-3.80523, -0.0495859, 5.36528], "tool": false, "touchDistance": 0.33133, "touchZone": "hovering", "type": 0, "width": 21.2434}, {"bases": [[[0.89356, 0.0277268, -0.448087], [0.360079, 0.551843, 0.752205], [0.26813, -0.833487, 0.483121]], [[0.931664, -0.170847, -0.320647], [0.362662, 0.490499, 0.792393], [0.021899, -0.85453, 0.51894]], [[0.931664, -0.170847, -0.320647], [0.360176, 0.550206, 0.753357], [0.047713, -0.817365, 0.574141]], [[0.931664, -0.170847, -0.320647], [0.356277, 0.602563, 0.714132], [0.0712026, -0.77957, 0.622255]]], "btipPosition": [-9.12729, 287.02, 31.2137], "carpPosition": [-32.6958, 152.339, 115.837], "dipPosition": [-10.3831, 273.271, 42.1886], "direction": [0.047713, 0.817365, -0.574142], "extended": true, "handId": 735, "id": 7351, "length": 60.7068, "mcpPosition": [-12.5448, 214.978, 79.529], "pipPosition": [-11.5736, 252.877, 56.514], "stabilizedTipPosition": [-8.95842, 283.964, 33.3455], "timeVisible": 1.27522, "tipPosition": [-5.98909, 285.696, 38.6952], "tipVelocity": [-1.1376, 1.65939, 15.656], "tool": false, "touchDistance": 0.322274, "touchZone": "hovering", "type": 1, "width": 20.2917}, {"bases": [[[0.847005, -0.17962, -0.500319], [0.511762, 0.530153, 0.676045], [0.143815, -0.828658, 0.540965]], [[0.856769, -0.256662, -0.447294], [0.515088, 0.468172, 0.717982], [0.0251318, -0.845541, 0.533319]], [[0.856769, -0.256662, -0.447294], [0.513301, 0.508008, 0.691701], [0.0496958, -0.822224, 0.56699]], [[0.856769, -0.256662, -0.447294], [0.509647, 0.553917, 0.658359], [0.078788, -0.792023, 0.605386]]], "btipPosition": [-29.7919, 294.776, 17.8002], "carpPosition": [-44.2793, 154.145, 111.279], "dipPosition": [-31.3203, 279.411, 29.544], "direction": [0.0496958, 0.822224, -0.56699], "extended": true, "handId": 735, "id": 7352, "length": 69.1705, "mcpPosition": [-34.0296, 213.204, 72.7243], "pipPosition": [-32.7791, 255.275, 46.1879], "stabilizedTipPosition": [-30.0064, 292.712, 20.3064], "timeVisible": 1.27522, "tipPosition": [-28.9192, 293.559, 25.2196], "tipVelocity": [-1.50612, 1.6156, 14.3939], "tool": false, "touchDistance": 0.312187, "touchZone": "hovering", "type": 2, "width": 19.9291}, {"bases": [[[0.817932, -0.339057, -0.464789], [0.575292, 0.489279, 0.655473], [0.00516911, -0.803521, 0.595254]], [[0.816059, -0.288907, -0.50058], [0.577494, 0.442656, 0.685971], [0.0234025, -0.848875, 0.528075]], [[0.816059, -0.288907, -0.50058], [0.575705, 0.482899, 0.659828], [0.0511003, -0.826645, 0.560399]], [[0.816059, -0.288907, -0.50058], [0.572938, 0.518391, 0.634833], [0.076088, -0.804863, 0.588563]]], "btipPosition": [-50.8679, 282.816, 15.3763], "carpPosition": [-55.2069, 153.084, 105.2], "dipPosition": [-52.3355, 267.292, 26.7281], "direction": [0.0511003, 0.826645, -0.560399], "extended": true, "handId": 735, "id": 7353, "length": 66.5093, "mcpPosition": [-54.8761, 204.5, 67.1099], "pipPosition": [-53.7968, 243.652, 42.7537], "stabilizedTipPosition": [-50.9177, 279.374, 17.7663], "timeVisible": 1.27522, "tipPosition": [-50.0275, 277.577, 17.134], "tipVelocity": [-1.7531, 0.553035, 10.9535], "tool": false, "touchDistance": -0.277035, "touchZone": "touching", "type": 3, "width": 18.9638}, {"bases": [[[0.706659, -0.505928, -0.494642], [0.693689, 0.357663, 0.625198], [-0.13939, -0.784929, 0.603702]], [[0.720146, -0.327968, -0.611414], [0.693817, 0.343856, 0.632756], [0.00271484, -0.879886, 0.475177]], [[0.720146, -0.327968, -0.611414], [0.688813, 0.443658, 0.573327], [0.0832256, -0.834029, 0.545407]], [[0.720146, -0.327968, -0.611414], [0.686486, 0.464626, 0.559339], [0.100633, -0.822533, 0.559744]]], "btipPosition": [-68.1362, 256.286, 21.3233], "carpPosition": [-63.4497, 146.2, 95.3992], "dipPosition": [-69.9268, 241.651, 31.2831], "direction": [0.0832256, 0.834029, -0.545407], "extended": true, "handId": 735, "id": 7354, "length": 52.1421, "mcpPosition": [-71.7063, 192.694, 59.6396], "pipPosition": [-71.6072, 224.811, 42.2951], "stabilizedTipPosition": [-68.5796, 252.945, 23.5556], "timeVisible": 1.27522, "tipPosition": [-72.7128, 251.471, 22.1915], "tipVelocity": [3.35107, -1.19025, 6.19022], "tool": false, "touchDistance": -0.282459, "touchZone": "touching", "type": 4, "width": 16.8452}], "r": [[0.661833, 0.463605, 0.589107], [0.223956, 0.627678, -0.745563], [-0.715417, 0.625372, 0.311591]], "s": 0.905498, "t": [7.82584, -24.1667, -24.007], "timestamp": 747065662224}, {"currentFrameRate": 110.394, "devices": [], "gestures": [], "hands": [{"armBasis": [[0.929728, -0.192982, -0.313629], [0.356045, 0.688506, 0.631816], [0.0940062, -0.699083, 0.708834]], "armWidth": 66.3109, "confidence": 1, "direction": [0.0588542, 0.898191, -0.435649], "elbow": [-76.385, -71.4602, 312.13], "grabAngle": 0.0642981, "grabStrength": 0, "id": 735, "palmNormal": [0.396134, -0.421588, -0.815685], "palmPosition": [-36.6156, 187.895, 79.1434], "palmVelocity": [-0.780278, -2.96221, -0.284162], "palmWidth": 92.9493, "pinchDistance": 62.2426, "pinchStrength": 0, "r": [[0.662078, 0.463128, 0.589207], [0.223946, 0.628019, -0.745278], [-0.715193, 0.625383, 0.312082]], "s": 0.905258, "sphereCenter": [-105.205, 278.744, 127.833], "sphereRadius": 124.748, "stabilizedPalmPosition": [-35.5105, 190.884, 80.0272], "t": [-7.8377, -24.2006, -24.0005], "timeVisible": 1.28444, "type": "left", "wrist": [-50.4568, 121.357, 116.624]}], "id": 1331385, "interactionBox": {"center": [0, 200, 0], "size": [235.247, 235.247, 147.751]}, "pointables": [{"bases": [[[0.711547, 0.502219, 0.491402], [-0.537311, -0.0617398, 0.841122], [0.452767, -0.862533, 0.225917]], [[0.652794, 0.601021, 0.461123], [-0.502274, -0.112275, 0.857388], [0.567081, -0.791308, 0.228585]], [[0.652794, 0.601021, 0.461123], [-0.722121, 0.309764, 0.618537], [0.228914, -0.736763, 0.636222]], [[0.652794, 0.601021, 0.461123], [-0.756614, 0.547302, 0.357765], [-0.0373491, -0.582439, 0.812016]]], "btipPosition": [18.1753, 215.43, 53.7519], "carpPosition": [-17.8962, 135.076, 107.419], "dipPosition": [19.0777, 201.358, 73.3698], "direction": [0.228914, 0.736763, -0.636222], "extended": false, "handId": 735, "id": 7350, "length": 53.7996, "mcpPosition": [-17.8962, 135.076, 107.419], "pipPosition": [11.0206, 175.426, 95.7628], "stabilizedTipPosition": [18.5346, 212.255, 58.2393], "timeVisible": 1.28444, "tipPosition": [18.3786, 212.017, 57.3148], "tipVelocity": [-1.95494, -2.35219, 1.90888], "tool": false, "touchDistance": 0.331624, "touchZone": "hovering", "type": 0, "width": 21.2434}, {"bases": [[[0.893414, 0.0280074, -0.448359], [0.360323, 0.551372, 0.752433], [0.268287, -0.833789, 0.482512]], [[0.931556, -0.170579, -0.321103], [0.362918, 0.490222, 0.792447], [0.0222373, -0.854743, 0.518575]], [[0.931556, -0.170579, -0.321103], [0.360409, 0.549915, 0.753457], [0.0480559, -0.817616, 0.573755]], [[0.931556, -0.170579, -0.321103], [0.356478, 0.60239, 0.714177], [0.0716061, -0.779762, 0.621967]]], "btipPosition": [-9.10394, 287.012, 31.2667], "carpPosition": [-32.7149, 152.288, 115.814], "dipPosition": [-10.3669, 273.259, 42.2366], "direction": [0.0480559, 0.817616, -0.573755], "extended": true, "handId": 735, "id": 7351, "length": 60.7068, "mcpPosition": [-12.5522, 214.951, 79.5511], "pipPosition": [-11.5659, 252.859, 56.5523], "stabilizedTipPosition": [-8.97026, 283.961, 33.3575], "timeVisible": 1.28444, "tipPosition": [-5.98834, 285.691, 38.7561], "tipVelocity": [2.3536, -1.00426, 5.61863], "tool": false, "touchDistance": 0.323138, "touchZone": "hovering", "type": 1, "width": 20.2917}, {"bases": [[[0.846843, -0.179307, -0.500706], [0.511981, 0.52973, 0.676211], [0.14399, -0.828996, 0.5404]], [[0.856624, -0.256391, -0.447726], [0.515312, 0.468008, 0.717929], [0.0254689, -0.845714, 0.533028]], [[0.856624, -0.256391, -0.447726], [0.513503, 0.507928, 0.691609], [0.0500908, -0.822358, 0.566761]], [[0.856624, -0.256391, -0.447726], [0.509822, 0.55389, 0.658246], [0.0792229, -0.79213, 0.605189]]], "btipPosition": [-29.7602, 294.767, 17.8392], "carpPosition": [-44.2969, 154.097, 111.253], "dipPosition": [-31.2971, 279.401, 29.5793], "direction": [0.0500908, 0.822358, -0.566761], "extended": true, "handId": 735, "id": 7352, "length": 69.1705, "mcpPosition": [-34.0347, 213.18, 72.7384], "pipPosition": [-32.7675, 255.261, 46.2164], "stabilizedTipPosition": [-30.0067, 292.708, 20.3071], "timeVisible": 1.28444, "tipPosition": [-28.9118, 293.56, 25.2741], "tipVelocity": [3.22429, -0.992745, 4.13845], "tool": false, "touchDistance": 0.312824, "touchZone": "hovering", "type": 2, "width": 19.9291}, {"bases": [[[0.817781, -0.338766, -0.465266], [0.575505, 0.488869, 0.655592], [0.00536204, -0.803893, 0.594749]], [[0.815902, -0.288674, -0.50097], [0.577705, 0.442501, 0.685894], [0.02368, -0.849035, 0.527806]], [[0.815902, -0.288674, -0.50097], [0.575891, 0.482931, 0.659642], [0.0515123, -0.826707, 0.560269]], [[0.815902, -0.288674, -0.50097], [0.573104, 0.518439, 0.634643], [0.0765173, -0.804915, 0.588436]]], "btipPosition": [-50.8384, 282.806, 15.3967], "carpPosition": [-55.2226, 153.04, 105.169], "dipPosition": [-52.3142, 267.281, 26.7461], "direction": [0.0515123, 0.826707, -0.560269], "extended": true, "handId": 735, "id": 7353, "length": 66.5093, "mcpPosition": [-54.8794, 204.48, 67.1117], "pipPosition": [-53.7873, 243.64, 42.7679], "stabilizedTipPosition": [-50.9351, 279.364, 17.7824], "timeVisible": 1.28444, "tipPosition": [-50.0177, 277.593, 17.1853], "tipVelocity": [2.99863, -1.06906, 2.15266], "tool": false, "touchDistance": -0.276704, "touchZone": "touching", "type": 3, "width": 18.9638}, {"bases": [[[0.706498, -0.505618, -0.495187], [0.693891, 0.357272, 0.625197], [-0.139195, -0.785307, 0.603256]], [[0.719947, -0.327531, -0.611882], [0.694021, 0.344, 0.632455], [0.00333841, -0.879993, 0.474975]], [[0.719947, -0.327531, -0.611882], [0.688909, 0.444153, 0.572829], [0.0841497, -0.833937, 0.545406]], [[0.719947, -0.327531, -0.611882], [0.686571, 0.465011, 0.558914], [0.10147, -0.822489, 0.559657]]], "btipPosition": [-68.0808, 256.273, 21.3212], "carpPosition": [-63.4621, 146.162, 95.3618], "dipPosition": [-69.8863, 241.638, 31.2795], "direction": [0.0841497, 0.833937, -0.545406], "extended": true, "handId": 735, "id": 7354, "length": 52.1421, "mcpPosition": [-71.7072, 192.679, 59.6286], "pipPosition": [-71.5853, 224.8, 42.2915], "stabilizedTipPosition": [-68.5457, 252.929, 23.5783], "timeVisible": 1.28444, "tipPosition": [-72.6862, 251.485, 22.2221], "tipVelocity": [5.6376, -1.48191, -0.263532], "tool": false, "touchDistance": -0.282499, "touchZone": "touching", "type": 4, "width": 16.8452}], "r": [[0.662078, 0.463128, 0.589207], [0.223946, 0.628019, -0.745278], [-0.715193, 0.625383, 0.312082]], "s": 0.905258, "t": [7.8377, -24.2006, -24.0005], "timestamp": 747065671449}, {"currentFrameRate": 110.716, "devices": [], "gestures": [], "hands": [{"armBasis": [[0.929759, -0.193469, -0.313238], [0.356262, 0.687401, 0.632896], [0.0928746, -0.700036, 0.708042]], "armWidth": 66.3109, "confidence": 1, "direction": [0.0592851, 0.898225, -0.435519], "elbow": [-76.093, -71.7733, 311.916], "grabAngle": 0.0646683, "grabStrength": 0, "id": 735, "palmNormal": [0.396198, -0.421624, -0.815635], "palmPosition": [-36.6201, 187.853, 79.1683], "palmVelocity": [-0.530427, -5.00835, 2.94699], "palmWidth": 92.9493, "pinchDistance": 62.2365, "pinchStrength": 0, "r": [[0.662271, 0.462778, 0.589265], [0.223856, 0.628327, -0.745046], [-0.715042, 0.625333, 0.312527]], "s": 0.90506, "sphereCenter": [-104.934, 278.346, 127.308], "sphereRadius": 124.147, "stabilizedPalmPosition": [-35.5168, 190.867, 80.0224], "t": [-7.84587, -24.2388, -23.9847], "timeVisible": 1.2929, "type": "left", "wrist": [-50.4769, 121.306, 116.628]}], "id": 1331386, "interactionBox": {"center": [0, 200, 0], "size": [235.247, 235.247, 147.751]}, "pointables": [{"bases": [[[0.711498, 0.502408, 0.491281], [-0.53707, -0.0620367, 0.841254], [0.45313, -0.862402, 0.225689]], [[0.65274, 0.601135, 0.46105], [-0.502005, -0.112577, 0.857507], [0.567381, -0.791178, 0.228289]], [[0.65274, 0.601135, 0.46105], [-0.722, 0.309298, 0.618911], [0.229447, -0.736866, 0.635911]], [[0.65274, 0.601135, 0.46105], [-0.756654, 0.547416, 0.357505], [-0.0374772, -0.582213, 0.812172]]], "btipPosition": [18.1758, 215.368, 53.7973], "carpPosition": [-17.9268, 135.023, 107.442], "dipPosition": [19.0812, 201.303, 73.4189], "direction": [0.229447, 0.736866, -0.635911], "extended": false, "handId": 735, "id": 7350, "length": 53.7996, "mcpPosition": [-17.9268, 135.023, 107.442], "pipPosition": [11.0054, 175.367, 95.8009], "stabilizedTipPosition": [18.5088, 212.234, 58.2514], "timeVisible": 1.2929, "tipPosition": [18.3883, 211.958, 57.3577], "tipVelocity": [0.139375, -7.06845, 5.45973], "tool": false, "touchDistance": 0.332394, "touchZone": "hovering", "type": 0, "width": 21.2434}, {"bases": [[[0.893288, 0.0283802, -0.448588], [0.360324, 0.551404, 0.75241], [0.268707, -0.833756, 0.482336]], [[0.931531, -0.170194, -0.321378], [0.362947, 0.490463, 0.792285], [0.0227818, -0.854681, 0.518653]], [[0.931531, -0.170194, -0.321378], [0.360403, 0.550092, 0.753332], [0.048575, -0.817577, 0.573766]], [[0.931531, -0.170194, -0.321378], [0.356432, 0.602624, 0.714003], [0.0721513, -0.779665, 0.622026]]], "btipPosition": [-9.05226, 286.956, 31.2966], "carpPosition": [-32.7415, 152.24, 115.835], "dipPosition": [-10.3248, 273.204, 42.2675], "direction": [0.048575, 0.817577, -0.573766], "extended": true, "handId": 735, "id": 7351, "length": 60.7068, "mcpPosition": [-12.5472, 214.9, 79.5858], "pipPosition": [-11.5368, 252.805, 56.5835], "stabilizedTipPosition": [-8.98078, 283.957, 33.3705], "timeVisible": 1.2929, "tipPosition": [-5.95205, 285.641, 38.7952], "tipVelocity": [5.84589, -6.61145, 3.5601], "tool": false, "touchDistance": 0.32364, "touchZone": "hovering", "type": 1, "width": 20.2917}, {"bases": [[[0.846776, -0.178944, -0.500949], [0.51197, 0.529825, 0.676145], [0.144424, -0.829014, 0.540257]], [[0.856598, -0.256023, -0.447988], [0.515326, 0.468349, 0.717696], [0.0260679, -0.845637, 0.533122]], [[0.856598, -0.256023, -0.447988], [0.51349, 0.508259, 0.691376], [0.0506857, -0.822268, 0.566839]], [[0.856598, -0.256023, -0.447988], [0.50977, 0.554256, 0.657977], [0.0798426, -0.791993, 0.605287]]], "btipPosition": [-29.6948, 294.716, 17.8592], "carpPosition": [-44.3217, 154.054, 111.271], "dipPosition": [-31.2437, 279.352, 29.6011], "direction": [0.0506857, 0.822268, -0.566839], "extended": true, "handId": 735, "id": 7352, "length": 69.1705, "mcpPosition": [-34.0286, 213.138, 72.7672], "pipPosition": [-32.7315, 255.214, 46.2406], "stabilizedTipPosition": [-30.0068, 292.704, 20.3078], "timeVisible": 1.2929, "tipPosition": [-28.8672, 293.517, 25.3055], "tipVelocity": [7.4024, -6.03123, 2.4099], "tool": false, "touchDistance": 0.313163, "touchZone": "hovering", "type": 2, "width": 19.9291}, {"bases": [[[0.817779, -0.338417, -0.465522], [0.575503, 0.488989, 0.655505], [0.00580101, -0.803967, 0.594645]], [[0.815876, -0.288353, -0.501198], [0.577719, 0.442844, 0.685661], [0.0242403, -0.848966, 0.527892]], [[0.815876, -0.288353, -0.501198], [0.575873, 0.483347, 0.659353], [0.0521262, -0.826577, 0.560405]], [[0.815876, -0.288353, -0.501198], [0.573056, 0.518884, 0.634323], [0.077155, -0.804744, 0.588587]]], "btipPosition": [-50.7782, 282.761, 15.4082], "carpPosition": [-55.2461, 153.001, 105.185], "dipPosition": [-52.2663, 267.24, 26.7605], "direction": [0.0521262, 0.826577, -0.560405], "extended": true, "handId": 735, "id": 7353, "length": 66.5093, "mcpPosition": [-54.8749, 204.446, 67.134], "pipPosition": [-53.7569, 243.602, 42.7863], "stabilizedTipPosition": [-50.948, 279.352, 17.7989], "timeVisible": 1.2929, "tipPosition": [-49.9765, 277.566, 17.2197], "tipVelocity": [6.78007, -5.18464, 1.44127], "tool": false, "touchDistance": -0.276501, "touchZone": "touching", "type": 3, "width": 18.9638}, {"bases": [[[0.706548, -0.505305, -0.495436], [0.693928, 0.357438, 0.625062], [-0.13876, -0.785433, 0.603192]], [[0.719904, -0.327243, -0.612087], [0.694063, 0.344409, 0.632186], [0.00392968, -0.87994, 0.475068]], [[0.719904, -0.327243, -0.612087], [0.688868, 0.444682, 0.572467], [0.0848484, -0.833768, 0.545556]], [[0.719904, -0.327243, -0.612087], [0.686508, 0.465577, 0.55852], [0.102202, -0.822283, 0.559826]]], "btipPosition": [-68.0298, 256.236, 21.3282], "carpPosition": [-63.4856, 146.128, 95.3744], "dipPosition": [-69.8483, 241.605, 31.2894], "direction": [0.0848484, 0.833768, -0.545556], "extended": true, "handId": 735, "id": 7354, "length": 52.1421, "mcpPosition": [-71.7049, 192.652, 59.645], "pipPosition": [-71.5614, 224.771, 42.3045], "stabilizedTipPosition": [-68.5044, 252.905, 23.5956], "timeVisible": 1.2929, "tipPosition": [-72.6462, 251.465, 22.2481], "tipVelocity": [5.67351, -4.21298, 0.905711], "tool": false, "touchDistance": -0.282371, "touchZone": "touching", "type": 4, "width": 16.8452}], "r": [[0.662271, 0.462778, 0.589265], [0.223856, 0.628327, -0.745046], [-0.715042, 0.625333, 0.312527]], "s": 0.90506, "t": [7.84587, -24.2388, -23.9847], "timestamp": 747065679911}, {"currentFrameRate": 111.342, "devices": [], "gestures": [], "hands": [{"armBasis": [[0.929738, -0.193963, -0.312995], [0.356568, 0.686403, 0.633806], [0.0919063, -0.700877, 0.707336]], "armWidth": 66.3109, "confidence": 1, "direction": [0.0598981, 0.898174, -0.435541], "elbow": [-75.8512, -72.0257, 311.717], "grabAngle": 0.0647695, "grabStrength": 0, "id": 735, "palmNormal": [0.396406, -0.421847, -0.815418], "palmPosition": [-36.6158, 187.832, 79.1765], "palmVelocity": [0.539706, -2.58395, 1.03673], "palmWidth": 92.9493, "pinchDistance": 62.2316, "pinchStrength": 0, "r": [[0.662442, 0.462564, 0.589241], [0.223655, 0.628585, -0.744889], [-0.714947, 0.625233, 0.312946]], "s": 0.90491, "sphereCenter": [-104.857, 278.272, 127.147], "sphereRadius": 124.008, "stabilizedPalmPosition": [-35.5223, 190.851, 80.0181], "t": [-7.84783, -24.268, -23.9728], "timeVisible": 1.30078, "type": "left", "wrist": [-50.5022, 121.286, 116.624]}], "id": 1331387, "interactionBox": {"center": [0, 200, 0], "size": [235.247, 235.247, 147.751]}, "pointables": [{"bases": [[[0.711512, 0.502754, 0.490906], [-0.536633, -0.0622288, 0.841518], [0.453625, -0.862187, 0.225518]], [[0.65272, 0.601417, 0.46071], [-0.50155, -0.112739, 0.857751], [0.567807, -0.790941, 0.228054]], [[0.65272, 0.601417, 0.46071], [-0.72179, 0.308916, 0.619346], [0.230164, -0.736796, 0.635733]], [[0.65272, 0.601417, 0.46071], [-0.756684, 0.547423, 0.357432], [-0.0372374, -0.581915, 0.812397]]], "btipPosition": [18.1954, 215.32, 53.8304], "carpPosition": [-17.9599, 134.996, 107.462], "dipPosition": [19.0951, 201.261, 73.4574], "direction": [0.230164, 0.736796, -0.635733], "extended": false, "handId": 735, "id": 7350, "length": 53.7996, "mcpPosition": [-17.9599, 134.996, 107.462], "pipPosition": [10.994, 175.328, 95.8332], "stabilizedTipPosition": [18.493, 212.212, 58.2653], "timeVisible": 1.30078, "tipPosition": [18.4139, 211.912, 57.3917], "tipVelocity": [2.32514, -5.99478, 4.35629], "tool": false, "touchDistance": 0.332966, "touchZone": "hovering", "type": 0, "width": 21.2434}, {"bases": [[[0.893057, 0.0287537, -0.449024], [0.360444, 0.551608, 0.752203], [0.269314, -0.833608, 0.482253]], [[0.931449, -0.169764, -0.321844], [0.363113, 0.490797, 0.792002], [0.0235065, -0.854575, 0.518796]], [[0.931449, -0.169764, -0.321844], [0.360519, 0.550363, 0.753078], [0.0492853, -0.817485, 0.573838]], [[0.931449, -0.169764, -0.321844], [0.356501, 0.602893, 0.713742], [0.0728698, -0.779551, 0.622085]]], "btipPosition": [-8.97359, 286.915, 31.3057], "carpPosition": [-32.771, 152.22, 115.847], "dipPosition": [-10.2588, 273.166, 42.2777], "direction": [0.0492853, 0.817485, -0.573838], "extended": true, "handId": 735, "id": 7351, "length": 60.7068, "mcpPosition": [-12.5311, 214.869, 79.6041], "pipPosition": [-11.4885, 252.769, 56.5955], "stabilizedTipPosition": [-8.98953, 283.95, 33.3844], "timeVisible": 1.30078, "tipPosition": [-5.88683, 285.603, 38.8093], "tipVelocity": [9.61409, -5.03424, 1.19616], "tool": false, "touchDistance": 0.323797, "touchZone": "hovering", "type": 1, "width": 20.2917}, {"bases": [[[0.846612, -0.178594, -0.501351], [0.512062, 0.530092, 0.675866], [0.145057, -0.828919, 0.540233]], [[0.856492, -0.255649, -0.448402], [0.515464, 0.468733, 0.717347], [0.0267915, -0.845537, 0.533244]], [[0.856492, -0.255649, -0.448402], [0.513598, 0.50854, 0.691089], [0.0513542, -0.822211, 0.566862]], [[0.856492, -0.255649, -0.448402], [0.509839, 0.554555, 0.657673], [0.0805299, -0.791904, 0.605312]]], "btipPosition": [-29.6072, 294.685, 17.86], "carpPosition": [-44.3482, 154.039, 111.278], "dipPosition": [-31.1694, 279.323, 29.6024], "direction": [0.0513542, 0.822211, -0.566862], "extended": true, "handId": 735, "id": 7352, "length": 69.1705, "mcpPosition": [-34.0099, 213.116, 72.7752], "pipPosition": [-32.6769, 255.187, 46.2425], "stabilizedTipPosition": [-30.0067, 292.699, 20.3085], "timeVisible": 1.30078, "tipPosition": [-28.7902, 293.489, 25.309], "tipVelocity": [10.7311, -3.78473, 0.115953], "tool": false, "touchDistance": 0.313179, "touchZone": "hovering", "type": 2, "width": 19.9291}, {"bases": [[[0.817704, -0.338079, -0.4659], [0.575603, 0.489283, 0.655197], [0.00644934, -0.803931, 0.594688]], [[0.815762, -0.288036, -0.501565], [0.57785, 0.443237, 0.685295], [0.0249223, -0.848867, 0.528018]], [[0.815762, -0.288036, -0.501565], [0.575976, 0.483667, 0.659028], [0.0527662, -0.826499, 0.560459]], [[0.815762, -0.288036, -0.501565], [0.573128, 0.519234, 0.633972], [0.0778228, -0.804631, 0.588653]]], "btipPosition": [-50.698, 282.739, 15.3979], "carpPosition": [-55.2701, 152.99, 105.186], "dipPosition": [-52.199, 267.22, 26.7515], "direction": [0.0527662, 0.826499, -0.560459], "extended": true, "handId": 735, "id": 7353, "length": 66.5093, "mcpPosition": [-54.8574, 204.433, 67.1324], "pipPosition": [-53.7079, 243.585, 42.7788], "stabilizedTipPosition": [-50.9549, 279.339, 17.814], "timeVisible": 1.30078, "tipPosition": [-49.9026, 277.549, 17.2167], "tipVelocity": [9.7978, -2.70345, -1.26798], "tool": false, "touchDistance": -0.276667, "touchZone": "touching", "type": 3, "width": 18.9638}, {"bases": [[[0.706532, -0.505018, -0.495751], [0.694072, 0.357783, 0.624704], [-0.138116, -0.78546, 0.603304]], [[0.719752, -0.326954, -0.61242], [0.694215, 0.344915, 0.631742], [0.00468267, -0.879849, 0.47523]], [[0.719752, -0.326954, -0.61242], [0.688932, 0.445172, 0.572009], [0.0856118, -0.833621, 0.545662]], [[0.719752, -0.326954, -0.61242], [0.68655, 0.466082, 0.558046], [0.102983, -0.822112, 0.559934]]], "btipPosition": [-67.9571, 256.221, 21.3091], "carpPosition": [-63.5079, 146.12, 95.3719], "dipPosition": [-69.7895, 241.593, 31.2722], "direction": [0.0856118, 0.833621, -0.545662], "extended": true, "handId": 735, "id": 7354, "length": 52.1421, "mcpPosition": [-71.689, 192.646, 59.6359], "pipPosition": [-71.5181, 224.761, 42.2894], "stabilizedTipPosition": [-68.4503, 252.884, 23.5978], "timeVisible": 1.30078, "tipPosition": [-72.5822, 251.459, 22.2363], "tipVelocity": [8.82032, -1.83294, -2.37196], "tool": false, "touchDistance": -0.282683, "touchZone": "touching", "type": 4, "width": 16.8452}], "r": [[0.662442, 0.462564, 0.589241], [0.223655, 0.628585, -0.744889], [-0.714947, 0.625233, 0.312946]], "s": 0.90491, "t": [7.84783, -24.268, -23.9728], "timestamp": 747065687790}, {"currentFrameRate": 111.422, "devices": [], "gestures": [], "hands": [{"armBasis": [[0.929684, -0.194509, -0.312816], [0.356952, 0.6854, 0.634675], [0.090954, -0.701707, 0.706636]], "armWidth": 66.3109, "confidence": 1, "direction": [0.0600181, 0.89808, -0.435717], "elbow": [-75.5756, -72.2935, 311.507], "grabAngle": 0.0650859, "grabStrength": 0, "id": 735, "palmNormal": [0.396541, -0.422034, -0.815256], "palmPosition": [-36.6057, 187.794, 79.1593], "palmVelocity": [1.14636, -4.34172, -1.94706], "palmWidth": 92.9493, "pinchDistance": 62.2285, "pinchStrength": 0, "r": [[0.662597, 0.462423, 0.589177], [0.22346, 0.628761, -0.744798], [-0.714864, 0.625159, 0.313282]], "s": 0.904765, "sphereCenter": [-104.643, 277.937, 126.644], "sphereRadius": 123.513, "stabilizedPalmPosition": [-35.5282, 190.835, 80.0135], "t": [-7.84374, -24.3018, -23.9754], "timeVisible": 1.30962, "type": "left", "wrist": [-50.4892, 121.247, 116.607]}], "id": 1331388, "interactionBox": {"center": [0, 200, 0], "size": [235.247, 235.247, 147.751]}, "pointables": [{"bases": [[[0.711583, 0.502887, 0.490668], [-0.536472, -0.0620758, 0.841632], [0.453704, -0.86212, 0.225612]], [[0.652797, 0.601517, 0.460471], [-0.501388, -0.112579, 0.857867], [0.567861, -0.790888, 0.228103]], [[0.652797, 0.601517, 0.460471], [-0.721615, 0.308823, 0.619597], [0.230494, -0.736753, 0.635662]], [[0.652797, 0.601517, 0.460471], [-0.756617, 0.547608, 0.35729], [-0.0372415, -0.581638, 0.812595]]], "btipPosition": [18.2123, 215.275, 53.8229], "carpPosition": [-17.9573, 134.963, 107.46], "dipPosition": [19.112, 201.223, 73.4548], "direction": [0.230494, 0.736753, -0.635662], "extended": false, "handId": 735, "id": 7350, "length": 53.7996, "mcpPosition": [-17.9573, 134.963, 107.46], "pipPosition": [10.9994, 175.292, 95.828], "stabilizedTipPosition": [18.4804, 212.183, 58.2778], "timeVisible": 1.30962, "tipPosition": [18.4291, 211.867, 57.3802], "tipVelocity": [1.90808, -4.82023, -0.719931], "tool": false, "touchDistance": 0.33286, "touchZone": "hovering", "type": 0, "width": 21.2434}, {"bases": [[[0.892971, 0.0286979, -0.449198], [0.36