{"frames": 80, "data": [{"currentFrameRate": 105.911, "devices": [], "gestures": [], "hands": [{"armBasis": [[0.834718, -0.119737, -0.537502], [0.127373, 0.991586, -0.0230869], [0.535744, -0.0491921, 0.842946]], "armWidth": 58.973, "confidence": 1, "direction": [0.0396767, 0.899538, -0.435037], "elbow": [-176.664, 105.427, 320.334], "grabAngle": 0.0749958, "grabStrength": 0, "id": 733, "palmNormal": [0.368596, -0.41785, -0.830384], "palmPosition": [-29.1911, 171.669, 77.2789], "palmVelocity": [-7.43169, -1.16184, -3.55953], "palmWidth": 82.419, "pinchDistance": 59.2239, "pinchStrength": 0, "r": [[0.993257, -0.015931, 0.11483], [0.00891451, 0.998076, 0.0613603], [-0.115586, -0.0599229, 0.991488]], "s": 1.02217, "sphereCenter": [-81.4087, 255.029, 132.982], "sphereRadius": 113.787, "stabilizedPalmPosition": [-29.4116, 176.467, 81.5045], "t": [1.38064, 50.9285, -25.3366], "timeVisible": 8.93225, "type": "left", "wrist": [-45.6389, 117.458, 114.177]}], "id": 1330743, "interactionBox": {"center": [0, 200, 0], "size": [235.247, 235.247, 147.751]}, "pointables": [{"bases": [[[0.695664, 0.497998, 0.517736], [-0.56712, -0.0616539, 0.821324], [0.440938, -0.864984, 0.239534]], [[0.622839, 0.620394, 0.476638], [-0.488397, -0.167615, 0.856373], [0.61118, -0.76617, 0.198601]], [[0.622839, 0.620394, 0.476638], [-0.73646, 0.259344, 0.624794], [0.264005, -0.740171, 0.618424]], [[0.622839, 0.620394, 0.476638], [-0.780611, 0.533409, 0.325762], [-0.0521422, -0.574966, 0.816514]]], "btipPosition": [22.8662, 193.061, 57.756], "carpPosition": [-11.5214, 124.839, 101.619], "dipPosition": [23.9252, 181.383, 74.3399], "direction": [0.264005, 0.740171, -0.618424], "extended": true, "handId": 733, "id": 7330, "length": 45.2287, "mcpPosition": [-11.5214, 124.839, 101.619], "pipPosition": [16.1134, 159.482, 92.6387], "stabilizedTipPosition": [23.6745, 194.187, 65.8546], "timeVisible": 8.93225, "tipPosition": [25.3278, 187.699, 58.8654], "tipVelocity": [-8.49618, -2.42585, -10.2353], "tool": false, "touchDistance": 0.022376, "touchZone": "hovering", "type": 0, "width": 18.9165}, {"bases": [[[0.908896, 0.0254369, -0.416247], [0.335584, 0.547944, 0.766251], [0.247571, -0.836128, 0.489488]], [[0.941774, -0.176959, -0.285913], [0.335748, 0.448676, 0.828229], [-0.0182801, -0.875999, 0.481966]], [[0.941774, -0.176959, -0.285913], [0.336135, 0.517288, 0.787037], [0.00862617, -0.837316, 0.546651]], [[0.941774, -0.176959, -0.285913], [0.334116, 0.588034, 0.736602], [0.0377782, -0.789241, 0.61292]]], "btipPosition": [-7.89267, 257.674, 38.4221], "carpPosition": [-24.4502, 140.028, 109.566], "dipPosition": [-8.45283, 245.972, 47.5103], "direction": [0.00862617, 0.837316, -0.546651], "extended": true, "handId": 733, "id": 7331, "length": 51.0355, "mcpPosition": [-7.95221, 195.747, 76.9467], "pipPosition": [-8.63377, 228.408, 58.9768], "stabilizedTipPosition": [-8.16927, 259.438, 44.2152], "timeVisible": 8.93225, "tipPosition": [-8.04423, 254.121, 39.3804], "tipVelocity": [-10.8213, -2.08402, -7.60922], "tool": false, "touchDistance": -0.294102, "touchZone": "touching", "type": 1, "width": 18.0691}, {"bases": [[[0.863372, -0.181547, -0.470775], [0.489767, 0.525866, 0.695409], [0.121315, -0.830967, 0.542934]], [[0.871241, -0.265316, -0.412972], [0.490361, 0.432714, 0.756508], [-0.0220155, -0.861607, 0.507099]], [[0.871241, -0.265316, -0.412972], [0.490622, 0.496628, 0.715997], [0.0151275, -0.826419, 0.562853]], [[0.871241, -0.265316, -0.412972], [0.487935, 0.559751, 0.669775], [0.0534593, -0.785039, 0.617136]]], "btipPosition": [-26.8729, 263.352, 26.4155], "carpPosition": [-34.8638, 141.6, 105.894], "dipPosition": [-27.7448, 250.549, 36.4801], "direction": [0.0151275, 0.826419, -0.562853], "extended": true, "handId": 733, "id": 7332, "length": 58.1509, "mcpPosition": [-27.1972, 194.113, 71.5823], "pipPosition": [-28.1181, 230.155, 50.3703], "stabilizedTipPosition": [-27.2162, 264.85, 32.6004], "timeVisible": 8.93225, "tipPosition": [-25.6066, 257.988, 25.8346], "tipVelocity": [-12.4884, -2.06695, -5.42169], "tool": false, "touchDistance": -0.293219, "touchZone": "touching", "type": 2, "width": 17.7462}, {"bases": [[[0.721594, -0.507285, -0.47113], [0.672673, 0.352784, 0.650427], [-0.163745, -0.78626, 0.595804]], [[0.739385, -0.354505, -0.572395], [0.668727, 0.287947, 0.685486], [-0.0781892, -0.889614, 0.449971]], [[0.739385, -0.354505, -0.572395], [0.673107, 0.408649, 0.616388], [0.0153956, -0.84103, 0.540769]], [[0.739385, -0.354505, -0.572395], [0.670556, 0.464176, 0.578702], [0.0605386, -0.811706, 0.58092]]], "btipPosition": [-62.152, 229.543, 29.4266], "carpPosition": [-52.3192, 134.529, 92.3968], "dipPosition": [-63.0576, 217.4, 38.1165], "direction": [0.0153956, 0.84103, -0.540769], "extended": true, "handId": 733, "id": 7334, "length": 43.8352, "mcpPosition": [-60.9196, 175.826, 61.1033], "pipPosition": [-63.3189, 203.125, 47.2954], "stabilizedTipPosition": [-62.0195, 232.434, 35.0918], "timeVisible": 8.93225, "tipPosition": [-59.4058, 223.587, 27.6549], "tipVelocity": [-11.113, -2.55329, -2.1617], "tool": false, "touchDistance": 0.0932951, "touchZone": "hovering", "type": 4, "width": 15.0001}, {"bases": [[[0.83242, -0.340974, -0.436821], [0.553817, 0.484794, 0.67695], [-0.019054, -0.805426, 0.59239]], [[0.831933, -0.28872, -0.473844], [0.554719, 0.412425, 0.722629], [-0.0132128, -0.864029, 0.503268]], [[0.831933, -0.28872, -0.473844], [0.553302, 0.495933, 0.669259], [0.0417665, -0.818957, 0.572333]], [[0.831933, -0.28872, -0.473844], [0.549695, 0.545264, 0.632869], [0.0756477, -0.786974, 0.612331]]], "btipPosition": [-44.0962, 252.287, 24.0301], "carpPosition": [-44.7334, 140.636, 100.844], "dipPosition": [-45.3228, 239.526, 33.9589], "direction": [0.0417665, 0.818957, -0.572333], "extended": true, "handId": 733, "id": 7333, "length": 55.9136, "mcpPosition": [-45.8145, 186.335, 67.2324], "pipPosition": [-46.3269, 219.838, 47.7183], "stabilizedTipPosition": [-43.9107, 255.434, 30.5698], "timeVisible": 8.93225, "tipPosition": [-41.5853, 245.374, 21.9187], "tipVelocity": [-12.4575, -2.3479, -3.82657], "tool": false, "touchDistance": 0.089545, "touchZone": "hovering", "type": 3, "width": 16.8867}], "r": [[0.993257, -0.015931, 0.11483], [0.00891451, 0.998076, 0.0613603], [-0.115586, -0.0599229, 0.991488]], "s": 1.02217, "t": [-1.38064, 50.9285, -25.3366], "timestamp": 747060016449}, {"currentFrameRate": 106.363, "devices": [], "gestures": [], "hands": [{"armBasis": [[0.834536, -0.120165, -0.537689], [0.127881, 0.99152, -0.0231076], [0.535906, -0.0494763, 0.842826]], "armWidth": 58.973, "confidence": 1, "direction": [0.0388257, 0.899422, -0.435353], "elbow": [-176.708, 105.317, 320.316], "grabAngle": 0.0750716, "grabStrength": 0, "id": 733, "palmNormal": [0.367897, -0.417944, -0.830647], "palmPosition": [-29.2451, 171.628, 77.2644], "palmVelocity": [-6.30463, -4.79644, -1.69176], "palmWidth": 82.419, "pinchDistance": 59.2408, "pinchStrength": 0, "r": [[0.993184, -0.0159903, 0.115455], [0.00896735, 0.998092, 0.0610937], [-0.116211, -0.0596419, 0.991432]], "s": 1.0222, "sphereCenter": [-81.3548, 254.948, 132.946], "sphereRadius": 113.704, "stabilizedPalmPosition": [-29.4114, 176.46, 81.4978], "t": [1.29907, 50.8945, -25.3767], "timeVisible": 8.94083, "type": "left", "wrist": [-45.6427, 117.417, 114.189]}], "id": 1330744, "interactionBox": {"center": [0, 200, 0], "size": [235.247, 235.247, 147.751]}, "pointables": [{"bases": [[[0.69533, 0.497855, 0.518321], [-0.568017, -0.0611571, 0.820741], [0.440309, -0.865101, 0.240266]], [[0.622372, 0.620604, 0.476974], [-0.489385, -0.16705, 0.855919], [0.610865, -0.766124, 0.199747]], [[0.622372, 0.620604, 0.476974], [-0.737139, 0.259808, 0.6238], [0.263211, -0.739832, 0.619168]], [[0.622372, 0.620604, 0.476974], [-0.780911, 0.533744, 0.324491], [-0.0532016, -0.574429, 0.816824]]], "btipPosition": [22.799, 193.012, 57.6569], "carpPosition": [-11.5293, 124.813, 101.6], "dipPosition": [23.8795, 181.345, 74.2471], "direction": [0.263211, 0.739832, -0.619168], "extended": true, "handId": 733, "id": 7330, "length": 45.2287, "mcpPosition": [-11.5293, 124.813, 101.6], "pipPosition": [16.0913, 159.454, 92.568], "stabilizedTipPosition": [23.674, 194.185, 65.8515], "timeVisible": 8.94083, "tipPosition": [25.242, 187.682, 58.7947], "tipVelocity": [-7.26757, -5.4303, -11.3881], "tool": false, "touchDistance": 0.0207494, "touchZone": "hovering", "type": 0, "width": 18.9165}, {"bases": [[[0.909348, 0.024916, -0.415291], [0.33501, 0.548033, 0.766439], [0.24669, -0.836086, 0.490005]], [[0.941999, -0.177407, -0.284894], [0.335072, 0.448856, 0.828405], [-0.0190889, -0.875817, 0.482266]], [[0.941999, -0.177407, -0.284894], [0.335525, 0.517515, 0.787147], [0.00779113, -0.837081, 0.547024]], [[0.941999, -0.177407, -0.284894], [0.333582, 0.588232, 0.736686], [0.0368902, -0.788993, 0.613294]]], "btipPosition": [-8.01834, 257.627, 38.3532], "carpPosition": [-24.4563, 139.999, 109.556], "dipPosition": [-8.56533, 245.928, 47.4469], "direction": [0.00779113, 0.837081, -0.547024], "extended": true, "handId": 733, "id": 7331, "length": 51.0355, "mcpPosition": [-8.01704, 195.715, 76.9023], "pipPosition": [-8.72876, 228.37, 58.9212], "stabilizedTipPosition": [-8.16922, 259.43, 44.2082], "timeVisible": 8.94083, "tipPosition": [-8.17416, 254.078, 39.319], "tipVelocity": [-14.3104, -5.43819, -7.89671], "tool": false, "touchDistance": -0.294041, "touchZone": "touching", "type": 1, "width": 18.0691}, {"bases": [[[0.863792, -0.182065, -0.469804], [0.489257, 0.525867, 0.695767], [0.12038, -0.830853, 0.543316]], [[0.871564, -0.26584, -0.411952], [0.489742, 0.432666, 0.756936], [-0.0229861, -0.861469, 0.507289]], [[0.871564, -0.26584, -0.411952], [0.490076, 0.496659, 0.716348], [0.0141662, -0.826232, 0.563152]], [[0.871564, -0.26584, -0.411952], [0.487469, 0.559736, 0.670126], [0.0524384, -0.784872, 0.617435]]], "btipPosition": [-27.0237, 263.297, 26.3718], "carpPosition": [-34.8745, 141.565, 105.894], "dipPosition": [-27.8789, 250.497, 36.4412], "direction": [0.0141662, 0.826232, -0.563152], "extended": true, "handId": 733, "id": 7332, "length": 58.1509, "mcpPosition": [-27.267, 194.071, 71.5589], "pipPosition": [-28.2285, 230.107, 50.3388], "stabilizedTipPosition": [-27.2162, 264.837, 32.5889], "timeVisible": 8.94083, "tipPosition": [-25.7529, 257.934, 25.7906], "tipVelocity": [-17.1457, -6.35269, -4.96811], "tool": false, "touchDistance": -0.292869, "touchZone": "touching", "type": 2, "width": 17.7462}, {"bases": [[[0.721873, -0.507742, -0.47021], [0.672136, 0.352691, 0.651031], [-0.164717, -0.786007, 0.59587]], [[0.739839, -0.354946, -0.571534], [0.668136, 0.287948, 0.686062], [-0.0789428, -0.889438, 0.450187]], [[0.739839, -0.354946, -0.571534], [0.672622, 0.408836, 0.616792], [0.0147357, -0.840754, 0.541217]], [[0.739839, -0.354946, -0.571534], [0.670123, 0.464255, 0.579139], [0.0597746, -0.811468, 0.581332]]], "btipPosition": [-62.2707, 229.469, 29.4241], "carpPosition": [-52.3411, 134.483, 92.4182], "dipPosition": [-63.1649, 217.33, 38.1201], "direction": [0.0147357, 0.840754, -0.541217], "extended": true, "handId": 733, "id": 7334, "length": 43.8352, "mcpPosition": [-60.9926, 175.766, 61.1212], "pipPosition": [-63.415, 203.06, 47.3067], "stabilizedTipPosition": [-62.0205, 232.422, 35.0839], "timeVisible": 8.94083, "tipPosition": [-59.5372, 223.52, 27.6596], "tipVelocity": [-13.5453, -8.47505, -0.129223], "tool": false, "touchDistance": 0.0932766, "touchZone": "hovering", "type": 4, "width": 15.0001}, {"bases": [[[0.832735, -0.341468, -0.435835], [0.553309, 0.484761, 0.677389], [-0.0200309, -0.805237, 0.592615]], [[0.832311, -0.289251, -0.472856], [0.554127, 0.412318, 0.723144], [-0.0142036, -0.863903, 0.503458]], [[0.832311, -0.289251, -0.472856], [0.552807, 0.495907, 0.669687], [0.0407847, -0.818786, 0.572649]], [[0.832311, -0.289251, -0.472856], [0.549268, 0.545163, 0.633326], [0.0745932, -0.786849, 0.612622]]], "btipPosition": [-44.2463, 252.224, 24.0091], "carpPosition": [-44.749, 140.595, 100.856], "dipPosition": [-45.4558, 239.466, 33.9426], "direction": [0.0407847, 0.818786, -0.572649], "extended": true, "handId": 733, "id": 7333, "length": 55.9136, "mcpPosition": [-45.8856, 186.284, 67.231], "pipPosition": [-46.4363, 219.781, 47.7096], "stabilizedTipPosition": [-43.9119, 255.423, 30.562], "timeVisible": 8.94083, "tipPosition": [-41.7309, 245.312, 21.8964], "tipVelocity": [-17.061, -7.23139, -2.3275], "tool": false, "touchDistance": 0.0892125, "touchZone": "hovering", "type": 3, "width": 16.8867}], "r": [[0.993184, -0.0159903, 0.115455], [0.00896735, 0.998092, 0.0610937], [-0.116211, -0.0596419, 0.991432]], "s": 1.0222, "t": [-1.29907, 50.8945, -25.3767], "timestamp": 747060025019}, {"currentFrameRate": 106.09, "devices": [], "gestures": [], "hands": [{"armBasis": [[0.834323, -0.120526, -0.537939], [0.128482, 0.991448, -0.0228645], [0.536095, -0.0500392, 0.842673]], "armWidth": 58.973, "confidence": 1, "direction": [0.038005, 0.899322, -0.435632], "elbow": [-176.749, 105.143, 320.274], "grabAngle": 0.0753429, "grabStrength": 0, "id": 733, "palmNormal": [0.367271, -0.418005, -0.830893], "palmPosition": [-29.2888, 171.594, 77.2388], "palmVelocity": [-4.39764, -3.38359, -2.5712], "palmWidth": 82.419, "pinchDistance": 59.2523, "pinchStrength": 0, "r": [[0.993101, -0.0161188, 0.116149], [0.00908574, 0.998107, 0.0608287], [-0.11691, -0.0593537, 0.991367]], "s": 1.02222, "sphereCenter": [-81.2514, 254.754, 132.714], "sphereRadius": 113.431, "stabilizedPalmPosition": [-29.4111, 176.45, 81.4897], "t": [1.23646, 50.8607, -25.4096], "timeVisible": 8.95075, "type": "left", "wrist": [-45.6379, 117.381, 114.184]}], "id": 1330745, "interactionBox": {"center": [0, 200, 0], "size": [235.247, 235.247, 147.751]}, "pointables": [{"bases": [[[0.695044, 0.497688, 0.518865], [-0.568845, -0.0606869, 0.820203], [0.439693, -0.865231, 0.240927]], [[0.622052, 0.620643, 0.47734], [-0.490242, -0.166624, 0.855511], [0.610503, -0.766185, 0.200616]], [[0.622052, 0.620643, 0.47734], [-0.737681, 0.260209, 0.622991], [0.262447, -0.739658, 0.6197]], [[0.622052, 0.620643, 0.47734], [-0.781102, 0.53406, 0.323512], [-0.0541428, -0.574093, 0.816998]]], "btipPosition": [22.7416, 192.984, 57.5681], "carpPosition": [-11.5286, 124.794, 101.569], "dipPosition": [23.8413, 181.323, 74.1618], "direction": [0.262447, 0.739658, -0.6197], "extended": true, "handId": 733, "id": 7330, "length": 45.2287, "mcpPosition": [-11.5286, 124.794, 101.569], "pipPosition": [16.0756, 159.437, 92.4984], "stabilizedTipPosition": [23.6735, 194.182, 65.8484], "timeVisible": 8.95075, "tipPosition": [25.1703, 187.671, 58.7152], "tipVelocity": [-5.33618, -2.71081, -8.86928], "tool": false, "touchDistance": 0.0192817, "touchZone": "hovering", "type": 0, "width": 18.9165}, {"bases": [[[0.909763, 0.0244044, -0.41441], [0.334503, 0.548091, 0.766618], [0.245843, -0.836063, 0.49047]], [[0.942199, -0.17791, -0.283919], [0.334464, 0.449128, 0.828503], [-0.0198832, -0.875575, 0.482673]], [[0.942199, -0.17791, -0.283919], [0.334982, 0.517872, 0.787144], [0.00699259, -0.836754, 0.547535]], [[0.942199, -0.17791, -0.283919], [0.333111, 0.588531, 0.73666], [0.0360356, -0.788657, 0.613777]]], "btipPosition": [-8.13201, 257.582, 38.2675], "carpPosition": [-24.4546, 139.976, 109.534], "dipPosition": [-8.66633, 245.888, 47.3683], "direction": [0.00699259, 0.836754, -0.547535], "extended": true, "handId": 733, "id": 7331, "length": 51.0355, "mcpPosition": [-8.07167, 195.691, 76.8496], "pipPosition": [-8.81301, 228.336, 58.8534], "stabilizedTipPosition": [-8.16942, 259.419, 44.1992], "timeVisible": 8.95075, "tipPosition": [-8.29112, 254.044, 39.2523], "tipVelocity": [-11.1552, -4.43775, -8.46829], "tool": false, "touchDistance": -0.294231, "touchZone": "touching", "type": 1, "width": 18.0691}, {"bases": [[[0.864169, -0.182571, -0.468913], [0.48881, 0.525838, 0.696103], [0.119484, -0.83076, 0.543656]], [[0.871851, -0.266387, -0.410992], [0.48919, 0.432733, 0.757255], [-0.023873, -0.861266, 0.507593]], [[0.871851, -0.266387, -0.410992], [0.489591, 0.496836, 0.716558], [0.013314, -0.825949, 0.563588]], [[0.871851, -0.266387, -0.410992], [0.487053, 0.559869, 0.670318], [0.0515376, -0.784592, 0.617867]]], "btipPosition": [-27.1556, 263.243, 26.3079], "carpPosition": [-34.877, 141.536, 105.882], "dipPosition": [-27.9961, 250.447, 36.3843], "direction": [0.013314, 0.825949, -0.563588], "extended": true, "handId": 733, "id": 7332, "length": 58.1509, "mcpPosition": [-27.3261, 194.037, 71.5254], "pipPosition": [-28.3247, 230.064, 50.2927], "stabilizedTipPosition": [-27.2167, 264.82, 32.5735], "timeVisible": 8.95075, "tipPosition": [-25.8861, 257.89, 25.7412], "tipVelocity": [-12.9473, -5.36178, -6.27666], "tool": false, "touchDistance": -0.29285, "touchZone": "touching", "type": 2, "width": 17.7462}, {"bases": [[[0.722108, -0.508185, -0.469369], [0.671656, 0.35257, 0.651592], [-0.165644, -0.785775, 0.595919]], [[0.740246, -0.355263, -0.57081], [0.667613, 0.287938, 0.686575], [-0.0795571, -0.889314, 0.450323]], [[0.740246, -0.355263, -0.57081], [0.672184, 0.409122, 0.61708], [0.0143046, -0.84048, 0.541653]], [[0.740246, -0.355263, -0.57081], [0.669719, 0.464464, 0.579439], [0.059267, -0.81121, 0.581744]]], "btipPosition": [-62.3657, 229.405, 29.4107], "carpPosition": [-52.3536, 134.443, 92.4251], "dipPosition": [-63.2523, 217.27, 38.1129], "direction": [0.0143046, 0.84048, -0.541653], "extended": true, "handId": 733, "id": 7334, "length": 43.8352, "mcpPosition": [-61.0538, 175.714, 61.1255], "pipPosition": [-63.4951, 203.004, 47.3068], "stabilizedTipPosition": [-62.022, 232.406, 35.0736], "timeVisible": 8.95075, "tipPosition": [-59.656, 223.464, 27.6547], "tipVelocity": [-9.38963, -6.37682, -1.20801], "tool": false, "touchDistance": 0.0930767, "touchZone": "hovering", "type": 4, "width": 15.0001}, {"bases": [[[0.833009, -0.341951, -0.43493], [0.552861, 0.484699, 0.677798], [-0.0209636, -0.805069, 0.592811]], [[0.832645, -0.289773, -0.471946], [0.553601, 0.412283, 0.723567], [-0.0150949, -0.863744, 0.503704]], [[0.832645, -0.289773, -0.471946], [0.552365, 0.495986, 0.669993], [0.0399326, -0.818553, 0.573041]], [[0.832645, -0.289773, -0.471946], [0.548881, 0.545199, 0.63363], [0.0736959, -0.786632, 0.613009]]], "btipPosition": [-44.3758, 252.165, 23.9706], "carpPosition": [-44.756, 140.561, 100.854], "dipPosition": [-45.5707, 239.41, 33.9104], "direction": [0.0399326, 0.818554, -0.573041], "extended": true, "handId": 733, "id": 7333, "length": 55.9136, "mcpPosition": [-45.9455, 186.24, 67.2178], "pipPosition": [-46.5308, 219.732, 47.6868], "stabilizedTipPosition": [-43.9137, 255.408, 30.5516], "timeVisible": 8.95075, "tipPosition": [-41.8623, 245.26, 21.8654], "tipVelocity": [-12.7049, -5.8448, -3.72434], "tool": false, "touchDistance": 0.0885962, "touchZone": "hovering", "type": 3, "width": 16.8867}], "r": [[0.993101, -0.0161188, 0.116149], [0.00908574, 0.998107, 0.0608287], [-0.11691, -0.0593537, 0.991367]], "s": 1.02222, "t": [-1.23646, 50.8607, -25.4096], "timestamp": 747060034948}, {"currentFrameRate": 107.132, "devices": [], "gestures": [], "hands": [{"armBasis": [[0.834147, -0.120946, -0.538118], [0.12912, 0.99137, -0.0226653], [0.536215, -0.0505759, 0.842565]], "armWidth": 58.973, "confidence": 1, "direction": [0.037451, 0.899381, -0.435559], "elbow": [-176.787, 104.968, 320.225], "grabAngle": 0.075685, "grabStrength": 0, "id": 733, "palmNormal": [0.367496, -0.417716, -0.830939], "palmPosition": [-29.3293, 171.565, 77.2215], "palmVelocity": [-5.45417, -3.98025, -2.33039], "palmWidth": 82.419, "pinchDistance": 59.2579, "pinchStrength": 0, "r": [[0.993032, -0.0163426, 0.11671], [0.00930014, 0.998117, 0.0606332], [-0.117482, -0.0591253, 0.991313]], "s": 1.02224, "sphereCenter": [-81.1904, 254.512, 132.438], "sphereRadius": 113.116, "stabilizedPalmPosition": [-29.411, 176.443, 81.4831], "t": [1.1849, 50.829, -25.4346], "timeVisible": 8.95818, "type": "left", "wrist": [-45.6465, 117.337, 114.161]}], "id": 1330746, "interactionBox": {"center": [0, 200, 0], "size": [235.247, 235.247, 147.751]}, "pointables": [{"bases": [[[0.695326, 0.497227, 0.518928], [-0.568906, -0.0604125, 0.82018], [0.439166, -0.865514, 0.240869]], [[0.622311, 0.620374, 0.477352], [-0.490326, -0.166417, 0.855503], [0.610171, -0.766447, 0.200622]], [[0.622311, 0.620374, 0.477352], [-0.737579, 0.260523, 0.622981], [0.26212, -0.739773, 0.619701]], [[0.622311, 0.620374, 0.477352], [-0.780871, 0.534462, 0.323406], [-0.0544943, -0.574009, 0.817033]]], "btipPosition": [22.6981, 192.976, 57.5453], "carpPosition": [-11.5402, 124.773, 101.548], "dipPosition": [23.8049, 181.318, 74.1398], "direction": [0.26212, 0.739773, -0.619701], "extended": true, "handId": 733, "id": 7330, "length": 45.2287, "mcpPosition": [-11.5402, 124.773, 101.548], "pipPosition": [16.049, 159.428, 92.4764], "stabilizedTipPosition": [23.6731, 194.179, 65.8457], "timeVisible": 8.95818, "tipPosition": [25.1174, 187.678, 58.7003], "tipVelocity": [-5.6317, -0.926152, -3.03915], "tool": false, "touchDistance": 0.0189056, "touchZone": "hovering", "type": 0, "width": 18.9165}, {"bases": [[[0.90979, 0.0238918, -0.41438], [0.334808, 0.547827, 0.766674], [0.245326, -0.83625, 0.490409]], [[0.942098, -0.178368, -0.283964], [0.334726, 0.449128, 0.828398], [-0.0202237, -0.875482, 0.482827]], [[0.942098, -0.178368, -0.283964], [0.33527, 0.517924, 0.786987], [0.00669803, -0.836624, 0.547737]], [[0.942098, -0.178368, -0.283964], [0.333422, 0.588616, 0.736452], [0.0357859, -0.78849, 0.614006]]], "btipPosition": [-8.20958, 257.556, 38.2381], "carpPosition": [-24.475, 139.947, 109.514], "dipPosition": [-8.74019, 245.865, 47.3423], "direction": [0.00669803, 0.836624, -0.547737], "extended": true, "handId": 733, "id": 7331, "length": 51.0355, "mcpPosition": [-8.12666, 195.674, 76.8336], "pipPosition": [-8.88069, 228.316, 58.8317], "stabilizedTipPosition": [-8.16975, 259.41, 44.1914], "timeVisible": 8.95818, "tipPosition": [-8.38225, 254.032, 39.243], "tipVelocity": [-10.3331, -3.34859, -3.84921], "tool": false, "touchDistance": -0.29357, "touchZone": "touching", "type": 1, "width": 18.0691}, {"bases": [[[0.864074, -0.183052, -0.468901], [0.489104, 0.525487, 0.696162], [0.118967, -0.830876, 0.543591]], [[0.871702, -0.266857, -0.411002], [0.489432, 0.432483, 0.757242], [-0.0243241, -0.861247, 0.507604]], [[0.871702, -0.266857, -0.411002], [0.489864, 0.496736, 0.71644], [0.0129724, -0.825858, 0.56373]], [[0.871702, -0.266857, -0.411002], [0.487348, 0.559812, 0.670151], [0.0512491, -0.784473, 0.618041]]], "btipPosition": [-27.2418, 263.21, 26.2855], "carpPosition": [-34.8985, 141.501, 105.863], "dipPosition": [-28.0776, 250.416, 36.3648], "direction": [0.0129724, 0.825858, -0.56373], "extended": true, "handId": 733, "id": 7332, "length": 58.1509, "mcpPosition": [-27.3802, 194.009, 71.5099], "pipPosition": [-28.3977, 230.035, 50.2767], "stabilizedTipPosition": [-27.2174, 264.805, 32.5606], "timeVisible": 8.95818, "tipPosition": [-25.9818, 257.869, 25.7342], "tipVelocity": [-11.4603, -4.37342, -2.92322], "tool": false, "touchDistance": -0.292224, "touchZone": "touching", "type": 2, "width": 17.7462}, {"bases": [[[0.721817, -0.508581, -0.469388], [0.671847, 0.352113, 0.651642], [-0.166135, -0.785724, 0.59585]], [[0.740055, -0.355536, -0.570889], [0.667765, 0.287397, 0.686653], [-0.0800579, -0.88938, 0.450104]], [[0.740055, -0.355536, -0.570889], [0.6724, 0.408857, 0.61702], [0.0140389, -0.840494, 0.541639]], [[0.740055, -0.355536, -0.570889], [0.669948, 0.464264, 0.579335], [0.059069, -0.811205, 0.581771]]], "btipPosition": [-62.432, 229.36, 29.4013], "carpPosition": [-52.3713, 134.398, 92.4055], "dipPosition": [-63.3156, 217.225, 38.1039], "direction": [0.0140389, 0.840494, -0.541639], "extended": true, "handId": 733, "id": 7334, "length": 43.8352, "mcpPosition": [-61.0973, 175.667, 61.1095], "pipPosition": [-63.5539, 202.959, 47.2976], "stabilizedTipPosition": [-62.0234, 232.393, 35.0653], "timeVisible": 8.95818, "tipPosition": [-59.7311, 223.422, 27.6451], "tipVelocity": [-8.83877, -6.07536, -1.25349], "tool": false, "touchDistance": 0.0929216, "touchZone": "hovering", "type": 4, "width": 15.0001}, {"bases": [[[0.832817, -0.342416, -0.434933], [0.553132, 0.484311, 0.677855], [-0.0214658, -0.805105, 0.592744]], [[0.832484, -0.290196, -0.471971], [0.553829, 0.41185, 0.723639], [-0.0156156, -0.863809, 0.503577]], [[0.832484, -0.290196, -0.471971], [0.552636, 0.495724, 0.669964], [0.0395468, -0.818562, 0.573055]], [[0.832484, -0.290196, -0.471971], [0.549167, 0.545023, 0.633534], [0.0733865, -0.786598, 0.613089]]], "btipPosition": [-44.4599, 252.129, 23.9583], "carpPosition": [-44.7771, 140.52, 100.834], "dipPosition": [-45.6498, 239.374, 33.8994], "direction": [0.0395468, 0.818562, -0.573055], "extended": true, "handId": 733, "id": 7333, "length": 55.9136, "mcpPosition": [-45.9951, 186.201, 67.2022], "pipPosition": [-46.6006, 219.695, 47.6762], "stabilizedTipPosition": [-43.9153, 255.395, 30.543], "timeVisible": 8.95818, "tipPosition": [-41.95, 245.229, 21.8564], "tipVelocity": [-11.1703, -4.91, -1.62015], "tool": false, "touchDistance": 0.0883957, "touchZone": "hovering", "type": 3, "width": 16.8867}], "r": [[0.993032, -0.0163426, 0.11671], [0.00930014, 0.998117, 0.0606332], [-0.117482, -0.0591253, 0.991313]], "s": 1.02224, "t": [-1.1849, 50.829, -25.4346], "timestamp": 747060042372}, {"currentFrameRate": 107.403, "devices": [], "gestures": [], "hands": [{"armBasis": [[0.834098, -0.120512, -0.53829], [0.129086, 0.991391, -0.021929], [0.536299, -0.0511947, 0.842474]], "armWidth": 58.973, "confidence": 1, "direction": [0.0373473, 0.899549, -0.435221], "elbow": [-176.861, 104.754, 320.159], "grabAngle": 0.0759992, "grabStrength": 0, "id": 733, "palmNormal": [0.366982, -0.41744, -0.831305], "palmPosition": [-29.389, 171.518, 77.1962], "palmVelocity": [-6.77675, -5.28782, -2.87461], "palmWidth": 82.419, "pinchDistance": 59.2672, "pinchStrength": 0, "r": [[0.992963, -0.0165016, 0.117266], [0.00943559, 0.99812, 0.0605574], [-0.118045, -0.0590248, 0.991252]], "s": 1.02229, "sphereCenter": [-81.0783, 254.309, 132.265], "sphereRadius": 112.861, "stabilizedPalmPosition": [-29.411, 176.433, 81.4747], "t": [1.12925, 50.7899, -25.4599], "timeVisible": 8.967, "type": "left", "wrist": [-45.6999, 117.275, 114.118]}], "id": 1330747, "interactionBox": {"center": [0, 200, 0], "size": [235.247, 235.247, 147.751]}, "pointables": [{"bases": [[[0.69497, 0.497123, 0.519504], [-0.569343, -0.0608233, 0.819847], [0.439163, -0.865545, 0.240764]], [[0.621879, 0.620393, 0.47789], [-0.490626, -0.166978, 0.855222], [0.610371, -0.76631, 0.200541]], [[0.621879, 0.620393, 0.47789], [-0.73801, 0.260176, 0.622615], [0.26193, -0.739879, 0.619654]], [[0.621879, 0.620393, 0.47789], [-0.781166, 0.534448, 0.322715], [-0.0551974, -0.574001, 0.816992]]], "btipPosition": [22.6338, 192.914, 57.4976], "carpPosition": [-11.5937, 124.714, 101.494], "dipPosition": [23.7549, 181.256, 74.0912], "direction": [0.26193, 0.739879, -0.619654], "extended": true, "handId": 733, "id": 7330, "length": 45.2287, "mcpPosition": [-11.5937, 124.714, 101.494], "pipPosition": [16.0045, 159.363, 92.4265], "stabilizedTipPosition": [23.6725, 194.176, 65.8419], "timeVisible": 8.967, "tipPosition": [25.0478, 187.633, 58.6544], "tipVelocity": [-6.92006, -7.04935, -5.43807], "tool": false, "touchDistance": 0.0181065, "touchZone": "hovering", "type": 0, "width": 18.9165}, {"bases": [[[0.910012, 0.0241913, -0.413875], [0.33431, 0.547571, 0.767074], [0.245183, -0.836409, 0.490209]], [[0.942277, -0.178021, -0.283589], [0.334225, 0.448969, 0.828686], [-0.0202013, -0.875634, 0.482552]], [[0.942277, -0.178021, -0.283589], [0.334767, 0.517915, 0.787207], [0.00673523, -0.836703, 0.547615]], [[0.942277, -0.178021, -0.283589], [0.332911, 0.588753, 0.736573], [0.0358379, -0.788466, 0.614034]]], "btipPosition": [-8.26359, 257.514, 38.2232], "carpPosition": [-24.5219, 139.886, 109.474], "dipPosition": [-8.79497, 245.823, 47.3278], "direction": [0.00673523, 0.836703, -0.547615], "extended": true, "handId": 733, "id": 7331, "length": 51.0355, "mcpPosition": [-8.18306, 195.624, 76.8063], "pipPosition": [-8.93625, 228.272, 58.8146], "stabilizedTipPosition": [-8.17035, 259.397, 44.1807], "timeVisible": 8.967, "tipPosition": [-8.45037, 253.998, 39.2404], "tipVelocity": [-6.14562, -4.8268, -1.68012], "tool": false, "touchDistance": -0.292769, "touchZone": "touching", "type": 1, "width": 18.0691}, {"bases": [[[0.864356, -0.182737, -0.468504], [0.488648, 0.525282, 0.696637], [0.118795, -0.831075, 0.543325]], [[0.871964, -0.266523, -0.410664], [0.488961, 0.432279, 0.757662], [-0.0244127, -0.861452, 0.507251]], [[0.871964, -0.266523, -0.410664], [0.489399, 0.496708, 0.716777], [0.0129429, -0.825982, 0.563548]], [[0.871964, -0.266523, -0.410664], [0.486878, 0.559933, 0.670391], [0.0512696, -0.7845, 0.618005]]], "btipPosition": [-27.3054, 263.177, 26.2879], "carpPosition": [-34.9471, 141.444, 105.828], "dipPosition": [-28.1416, 250.383, 36.3666], "direction": [0.0129429, 0.825982, -0.563548], "extended": true, "handId": 733, "id": 7332, "length": 58.1509, "mcpPosition": [-27.4398, 193.965, 71.4924], "pipPosition": [-28.461, 229.999, 50.274], "stabilizedTipPosition": [-27.2186, 264.785, 32.5434], "timeVisible": 8.967, "tipPosition": [-26.0579, 257.845, 25.7438], "tipVelocity": [-7.22589, -3.70056, 0.254502], "tool": false, "touchDistance": -0.291302, "touchZone": "touching", "type": 2, "width": 17.7462}, {"bases": [[[0.722148, -0.508287, -0.469198], [0.671441, 0.351953, 0.652148], [-0.166343, -0.785986, 0.595446]], [[0.740417, -0.355217, -0.570617], [0.667314, 0.286854, 0.687318], [-0.0804634, -0.889683, 0.449434]], [[0.740417, -0.355217, -0.570617], [0.672008, 0.408517, 0.617672], [0.0136992, -0.840794, 0.541182]], [[0.740417, -0.355217, -0.570617], [0.669566, 0.464137, 0.579878], [0.0588616, -0.811417, 0.581496]]], "btipPosition": [-62.5212, 229.342, 29.4273], "carpPosition": [-52.4283, 134.349, 92.3778], "dipPosition": [-63.4017, 217.204, 38.1258], "direction": [0.0136992, 0.840794, -0.541182], "extended": true, "handId": 733, "id": 7334, "length": 43.8352, "mcpPosition": [-61.1652, 175.631, 61.1031], "pipPosition": [-63.6343, 202.932, 47.3117], "stabilizedTipPosition": [-62.0254, 232.376, 35.055], "timeVisible": 8.967, "tipPosition": [-59.8133, 223.403, 27.6611], "tipVelocity": [-10.0374, -2.12144, 2.84119], "tool": false, "touchDistance": 0.0933391, "touchZone": "hovering", "type": 4, "width": 15.0001}, {"bases": [[[0.833104, -0.34212, -0.434616], [0.552691, 0.484123, 0.678349], [-0.0216689, -0.805344, 0.592412]], [[0.832782, -0.289852, -0.471656], [0.553374, 0.411475, 0.7242], [-0.0158362, -0.864103, 0.503066]], [[0.832782, -0.289852, -0.471656], [0.552195, 0.495596, 0.670422], [0.0394279, -0.818761, 0.572779]], [[0.832782, -0.289852, -0.471656], [0.548713, 0.545141, 0.633826], [0.0734032, -0.786643, 0.613029]]], "btipPosition": [-44.534, 252.106, 23.9753], "carpPosition": [-44.8286, 140.466, 100.805], "dipPosition": [-45.7243, 239.35, 33.9154], "direction": [0.0394279, 0.818761, -0.572779], "extended": true, "handId": 733, "id": 7333, "length": 55.9136, "mcpPosition": [-46.0581, 186.161, 67.1918], "pipPosition": [-46.6721, 219.667, 47.6855], "stabilizedTipPosition": [-43.9176, 255.379, 30.5319], "timeVisible": 8.967, "tipPosition": [-42.0295, 245.207, 21.8682], "tipVelocity": [-8.41913, -2.65634, 1.90235], "tool": false, "touchDistance": 0.0886753, "touchZone": "hovering", "type": 3, "width": 16.8867}], "r": [[0.992963, -0.0165016, 0.117266], [0.00943559, 0.99812, 0.0605574], [-0.118045, -0.0590248, 0.991252]], "s": 1.02229, "t": [-1.12925, 50.7899, -25.4599], "timestamp": 747060051189}, {"currentFrameRate": 107.825, "devices": [], "gestures": [], "hands": [{"armBasis": [[0.834103, -0.119759, -0.538452], [0.128836, 0.991445, -0.0209336], [0.536353, -0.0519112, 0.842396]], "armWidth": 58.973, "confidence": 1, "direction": [0.0373934, 0.899568, -0.435178], "elbow": [-176.927, 104.532, 320.104], "grabAngle": 0.0767342, "grabStrength": 0, "id": 733, "palmNormal": [0.365874, -0.417569, -0.831729], "palmPosition": [-29.4415, 171.474, 77.1582], "palmVelocity": [-6.16417, -5.2004, -4.46082], "palmWidth": 82.419, "pinchDistance": 59.2775, "pinchStrength": 0, "r": [[0.992886, -0.0165196, 0.11792], [0.00941947, 0.998123, 0.0605171], [-0.118698, -0.0589758, 0.991177]], "s": 1.02234, "sphereCenter": [-80.8038, 253.979, 131.821], "sphereRadius": 112.325, "stabilizedPalmPosition": [-29.411, 176.424, 81.4665], "t": [1.0752, 50.7482, -25.4914], "timeVisible": 8.9755, "type": "left", "wrist": [-45.7531, 117.228, 114.082]}], "id": 1330748, "interactionBox": {"center": [0, 200, 0], "size": [235.247, 235.247, 147.751]}, "pointables": [{"bases": [[[0.694145, 0.497465, 0.52028], [-0.570171, -0.0612174, 0.819242], [0.439394, -0.865321, 0.241146]], [[0.620978, 0.62077, 0.478571], [-0.491264, -0.167524, 0.854749], [0.610774, -0.765885, 0.200934]], [[0.620978, 0.62077, 0.478571], [-0.738847, 0.259719, 0.621813], [0.261709, -0.739723, 0.619934]], [[0.620978, 0.62077, 0.478571], [-0.781815, 0.534258, 0.321455], [-0.0561311, -0.573771, 0.81709]]], "btipPosition": [22.5734, 192.829, 57.4086], "carpPosition": [-11.6468, 124.658, 101.433], "dipPosition": [23.7135, 181.176, 74.0042], "direction": [0.261709, 0.739723, -0.619934], "extended": true, "handId": 733, "id": 7330, "length": 45.2287, "mcpPosition": [-11.6468, 124.658, 101.433], "pipPosition": [15.9696, 159.288, 92.3477], "stabilizedTipPosition": [23.6718, 194.173, 65.8382], "timeVisible": 8.9755, "tipPosition": [24.983, 187.563, 58.5629], "tipVelocity": [-6.58712, -9.85402, -10.4055], "tool": false, "touchDistance": 0.0166308, "touchZone": "hovering", "type": 0, "width": 18.9165}, {"bases": [[[0.910433, 0.0247389, -0.412916], [0.333197, 0.547688, 0.767475], [0.245135, -0.836317, 0.49039]], [[0.942673, -0.177436, -0.282636], [0.333107, 0.449125, 0.829052], [-0.0201649, -0.875673, 0.482484]], [[0.942673, -0.177436, -0.282636], [0.333648, 0.518291, 0.787435], [0.00676822, -0.836595, 0.54778]], [[0.942673, -0.177436, -0.282636], [0.331783, 0.58936, 0.736597], [0.0358752, -0.788144, 0.614444]]], "btipPosition": [-8.30036, 257.452, 38.1582], "carpPosition": [-24.5581, 139.837, 109.428], "dipPosition": [-8.8323, 245.766, 47.2689], "direction": [0.00676822, 0.836595, -0.54778], "extended": true, "handId": 733, "id": 7331, "length": 51.0355, "mcpPosition": [-8.22243, 195.568, 76.7483], "pipPosition": [-8.97427, 228.217, 58.7591], "stabilizedTipPosition": [-8.17099, 259.386, 44.1707], "timeVisible": 8.9755, "tipPosition": [-8.49647, 253.947, 39.1891], "tipVelocity": [-4.33669, -7.12021, -7.47808], "tool": false, "touchDistance": -0.292779, "touchZone": "touching", "type": 1, "width": 18.0691}, {"bases": [[[0.86495, -0.18221, -0.467611], [0.487621, 0.525491, 0.697198], [0.118689, -0.831059, 0.543373]], [[0.872543, -0.265973, -0.409788], [0.487928, 0.432581, 0.758156], [-0.0243829, -0.861471, 0.507221]], [[0.872543, -0.265973, -0.409788], [0.488361, 0.497355, 0.717037], [0.0130974, -0.82577, 0.563855]], [[0.872543, -0.265973, -0.409788], [0.485815, 0.560804, 0.670435], [0.051493, -0.784065, 0.61854]]], "btipPosition": [-27.3426, 263.121, 26.2349], "carpPosition": [-34.9863, 141.4, 105.794], "dipPosition": [-28.1824, 250.334, 36.3223], "direction": [0.0130974, 0.82577, -0.563855], "extended": true, "handId": 733, "id": 7332, "length": 58.1509, "mcpPosition": [-27.4856, 193.92, 71.4545], "pipPosition": [-28.5056, 229.955, 50.2373], "stabilizedTipPosition": [-27.2199, 264.767, 32.5277], "timeVisible": 8.9755, "tipPosition": [-26.1188, 257.808, 25.7157], "tipVelocity": [-4.46747, -6.43401, -5.99109], "tool": false, "touchDistance": -0.291269, "touchZone": "touching", "type": 2, "width": 17.7462}, {"bases": [[[0.722925, -0.507839, -0.468485], [0.670557, 0.352268, 0.652886], [-0.166529, -0.786134, 0.595199]], [[0.74121, -0.354907, -0.56978], [0.666404, 0.286985, 0.688146], [-0.0807099, -0.889764, 0.449228]], [[0.74121, -0.354907, -0.56978], [0.671136, 0.409, 0.618301], [0.0136005, -0.84069, 0.541346]], [[0.74121, -0.354907, -0.56978], [0.668678, 0.464942, 0.580258], [0.0589766, -0.811092, 0.581938]]], "btipPosition": [-62.5958, 229.313, 29.42], "carpPosition": [-52.4856, 134.316, 92.3607], "dipPosition": [-63.478, 217.18, 38.1251], "direction": [0.0136005, 0.84069, -0.541346], "extended": true, "handId": 733, "id": 7334, "length": 43.8352, "mcpPosition": [-61.2322, 175.607, 61.099], "pipPosition": [-63.7089, 202.91, 47.3139], "stabilizedTipPosition": [-62.0277, 232.359, 35.0443], "timeVisible": 8.9755, "tipPosition": [-59.891, 223.383, 27.6627], "tipVelocity": [-8.80975, -3.28866, -0.67135], "tool": false, "touchDistance": 0.0932439, "touchZone": "hovering", "type": 4, "width": 15.0001}, {"bases": [[[0.833752, -0.341613, -0.433771], [0.551706, 0.48437, 0.678974], [-0.0218409, -0.80541, 0.592315]], [[0.83344, -0.28935, -0.470801], [0.552381, 0.411724, 0.724816], [-0.0158852, -0.864153, 0.502979]], [[0.83344, -0.28935, -0.470801], [0.551191, 0.496269, 0.670749], [0.0395631, -0.818531, 0.573098]], [[0.83344, -0.28935, -0.470801], [0.547677, 0.546077, 0.633917], [0.07367, -0.786179, 0.613593]]], "btipPosition": [-44.5831, 252.06, 23.9428], "carpPosition": [-44.8736, 140.429, 100.78], "dipPosition": [-45.7777, 239.313, 33.892], "direction": [0.0395631, 0.818531, -0.573098], "extended": true, "handId": 733, "id": 7333, "length": 55.9136, "mcpPosition": [-46.1129, 186.127, 67.1727], "pipPosition": [-46.7288, 219.635, 47.6698], "stabilizedTipPosition": [-43.92, 255.363, 30.5211], "timeVisible": 8.9755, "tipPosition": [-42.1032, 245.181, 21.8572], "tipVelocity": [-5.88493, -5.09943, -3.5742], "tool": false, "touchDistance": 0.0881684, "touchZone": "hovering", "type": 3, "width": 16.8867}], "r": [[0.992886, -0.0165196, 0.11792], [0.00941947, 0.998123, 0.0605171], [-0.118698, -0.0589758, 0.991177]], "s": 1.02234, "t": [-1.0752, 50.7482, -25.4914], "timestamp": 747060059698}, {"currentFrameRate": 108.118, "devices": [], "gestures": [], "hands": [{"armBasis": [[0.834053, -0.119459, -0.538596], [0.129018, 0.991438, -0.0201047], [0.536386, -0.0527202, 0.842324]], "armWidth": 58.973, "confidence": 1, "direction": [0.037388, 0.899542, -0.435231], "elbow": [-176.984, 104.297, 320.079], "grabAngle": 0.077236, "grabStrength": 0, "id": 733, "palmNormal": [0.36558, -0.417656, -0.831814], "palmPosition": [-29.4926, 171.441, 77.15], "palmVelocity": [-5.85897, -3.8039, -0.946687], "palmWidth": 82.419, "pinchDistance": 59.283, "pinchStrength": 0, "r": [[0.992817, -0.0165066, 0.118499], [0.00937666, 0.998126, 0.060476], [-0.119275, -0.0589304, 0.991111]], "s": 1.02241, "sphereCenter": [-80.6622, 253.744, 131.503], "sphereRadius": 111.954, "stabilizedPalmPosition": [-29.4112, 176.413, 81.4573], "t": [1.02263, 50.7108, -25.5114], "timeVisible": 8.98422, "type": "left", "wrist": [-45.8021, 117.19, 114.074]}], "id": 1330749, "interactionBox": {"center": [0, 200, 0], "size": [235.247, 235.247, 147.751]}, "pointables": [{"bases": [[[0.69393, 0.497581, 0.520455], [-0.570398, -0.0612546, 0.819081], [0.43944, -0.865252, 0.241313]], [[0.620697, 0.620965, 0.478684], [-0.491402, -0.167633, 0.854648], [0.61095, -0.765703, 0.201094]], [[0.620697, 0.620965, 0.478684], [-0.739084, 0.259609, 0.621577], [0.261707, -0.739598, 0.620084]], [[0.620697, 0.620965, 0.478684], [-0.78202, 0.53423, 0.321003], [-0.0563957, -0.573586, 0.817202]]], "btipPosition": [22.5256, 192.779, 57.3835], "carpPosition": [-11.6972, 124.623, 101.422], "dipPosition": [23.671, 181.129, 73.9814], "direction": [0.261707, 0.739598, -0.620084], "extended": true, "handId": 733, "id": 7330, "length": 45.2287, "mcpPosition": [-11.6972, 124.623, 101.422], "pipPosition": [15.9272, 159.245, 92.3293], "stabilizedTipPosition": [23.6709, 194.169, 65.8335], "timeVisible": 8.98422, "tipPosition": [24.9272, 187.523, 58.5402], "tipVelocity": [-5.34469, -5.64235, -2.81658], "tool": false, "touchDistance": 0.0162215, "touchZon