{"frames": 70, "data": [{"currentFrameRate": 114.941, "devices": [], "gestures": [], "hands": [{"armBasis": [[0.928084, -0.361455, -0.0895045], [-0.238733, -0.76203, 0.601927], [-0.285775, -0.537271, -0.793519]], "armWidth": 65.7223, "confidence": 1, "direction": [-0.184689, 0.693096, -0.696784], "elbow": [27.8877, -71.9913, -89.2594], "grabAngle": 0.655688, "grabStrength": 0, "id": 710, "palmNormal": [0.431397, -0.579856, -0.691133], "palmPosition": [-59.312, 133.664, 89.4077], "palmVelocity": [-2.80656, 7.92066, 2.51793], "palmWidth": 92.0259, "pinchDistance": 93.7728, "pinchStrength": 0, "r": [[0.874421, -0.0032553, 0.485156], [0.2129, 0.90113, -0.377674], [-0.435959, 0.433536, 0.788661]], "s": 1.28681, "sphereCenter": [-62.3194, 106.458, 19.383], "sphereRadius": 82.6404, "stabilizedPalmPosition": [-50.9418, 137.189, 84.9032], "t": [-57.3844, -75.2981, -67.7517], "timeVisible": 7.91796, "type": "left", "wrist": [-50.138, 74.701, 127.397]}], "id": 1310105, "interactionBox": {"center": [0, 200, 0], "size": [235.247, 235.247, 147.751]}, "pointables": [{"bases": [[[0.777231, 0.481563, 0.40498], [-0.589829, 0.33347, 0.735459], [0.219122, -0.81049, 0.543223]], [[0.582455, 0.806509, 0.101436], [-0.569459, 0.315806, 0.758935], [0.580054, -0.499809, 0.643217]], [[0.582455, 0.806509, 0.101436], [-0.640781, 0.37878, 0.667776], [0.500146, -0.453948, 0.737418]], [[0.582455, 0.806509, 0.101436], [-0.57062, 0.316807, 0.757646], [0.578913, -0.499175, 0.644736]]], "btipPosition": [31.8974, 150.277, 57.8398], "carpPosition": [-27.1108, 98.6623, 129.392], "dipPosition": [18.7354, 138.928, 72.4983], "direction": [0.500146, 0.453948, -0.737418], "extended": true, "handId": 710, "id": 7100, "length": 50.6291, "mcpPosition": [-27.1108, 98.6623, 129.392], "pipPosition": [2.16924, 123.892, 96.9235], "stabilizedTipPosition": [27.2334, 146.599, 61.1363], "timeVisible": 7.91796, "tipPosition": [21.124, 147.003, 59.1996], "tipVelocity": [-2.96564, 7.76986, 6.23845], "tool": false, "touchDistance": 0.136763, "touchZone": "hovering", "type": 0, "width": 21.0658}, {"bases": [[[0.901529, -0.305784, -0.306173], [0.431638, 0.685461, 0.586372], [0.0305667, -0.660787, 0.749951]], [[0.882116, -0.456644, -0.115529], [0.369624, 0.51903, 0.770705], [-0.291975, -0.722554, 0.626631]], [[0.882116, -0.456644, -0.115529], [0.433036, 0.689682, 0.580361], [-0.18534, -0.561974, 0.806123]], [[0.882116, -0.456644, -0.115529], [0.465505, 0.807674, 0.361895], [-0.0719472, -0.373013, 0.925033]]], "btipPosition": [-60.2994, 212.838, 17.7244], "carpPosition": [-44.8418, 114.127, 133.961], "dipPosition": [-59.1052, 206.647, 33.0781], "direction": [-0.18534, 0.561974, -0.806123], "extended": true, "handId": 710, "id": 7101, "length": 57.1292, "mcpPosition": [-42.5674, 163.295, 78.1596], "pipPosition": [-54.7533, 193.451, 52.0064], "stabilizedTipPosition": [-59.933, 211.18, 21.1544], "timeVisible": 7.91796, "tipPosition": [-51.0877, 204.703, 19.0723], "tipVelocity": [-4.25772, 7.34118, 2.8396], "tool": false, "touchDistance": -0.0883529, "touchZone": "touching", "type": 1, "width": 20.1221}, {"bases": [[[0.810489, -0.504591, -0.297483], [0.578404, 0.609222, 0.542491], [-0.0925026, -0.611748, 0.785626]], [[0.776378, -0.615227, -0.136869], [0.536469, 0.53108, 0.655862], [-0.330816, -0.582623, 0.742369]], [[0.776378, -0.615227, -0.136869], [0.617872, 0.700089, 0.357925], [-0.124385, -0.362452, 0.923665]], [[0.776378, -0.615227, -0.136869], [0.624047, 0.780805, 0.0301301], [0.0883312, -0.108805, 0.990131]]], "btipPosition": [-80.5111, 194.382, -3.03591], "carpPosition": [-56.6699, 111.935, 130.753], "dipPosition": [-82.1236, 192.395, 15.0396], "direction": [-0.124385, 0.362452, -0.923665], "extended": true, "handId": 710, "id": 7102, "length": 65.0942, "mcpPosition": [-63.1971, 155.102, 75.3171], "pipPosition": [-78.6875, 182.383, 40.5558], "stabilizedTipPosition": [-80.7115, 193.419, 1.09378], "timeVisible": 7.91796, "tipPosition": [-70.4712, 184.826, 0.518765], "tipVelocity": [-4.78001, 8.61744, 2.6471], "tool": false, "touchDistance": -0.230981, "touchZone": "touching", "type": 2, "width": 19.7626}, {"bases": [[[0.742118, -0.633596, -0.218673], [0.631589, 0.551803, 0.544618], [-0.224403, -0.542282, 0.809675]], [[0.716676, -0.683493, -0.138613], [0.63333, 0.554625, 0.539708], [-0.292008, -0.474583, 0.830363]], [[0.716676, -0.683493, -0.138613], [0.697399, 0.701479, 0.146837], [-0.00312819, -0.201903, 0.979401]], [[0.716676, -0.683493, -0.138613], [0.655233, 0.727972, -0.20181], [0.238842, 0.053809, 0.969566]]], "btipPosition": [-89.9316, 166.172, -4.37578], "carpPosition": [-67.2914, 106.761, 126.917], "dipPosition": [-94.2667, 167.149, 13.2226], "direction": [-0.00312819, 0.201903, -0.979401], "extended": true, "handId": 710, "id": 7103, "length": 62.5898, "mcpPosition": [-81.5081, 141.116, 75.6212], "pipPosition": [-94.1826, 161.715, 39.5797], "stabilizedTipPosition": [-90.5372, 164.797, 0.334384], "timeVisible": 7.91796, "tipPosition": [-81.4179, 155.792, 1.60853], "tipVelocity": [-12.8416, 19.3459, 2.91041], "tool": false, "touchDistance": -0.292909, "touchZone": "touching", "type": 3, "width": 18.8053}, {"bases": [[[0.596531, -0.774506, -0.210453], [0.717003, 0.396447, 0.573356], [-0.360634, -0.49292, 0.791816]], [[0.581359, -0.793927, -0.178051], [0.759918, 0.451607, 0.46752], [-0.290768, -0.407101, 0.865866]], [[0.581359, -0.793927, -0.178051], [0.802275, 0.595799, -0.037127], [0.135558, -0.121261, 0.983321]], [[0.581359, -0.793927, -0.178051], [0.699858, 0.599548, -0.388253], [0.414994, 0.101104, 0.904189]]], "btipPosition": [-95.8173, 139.096, 11.0313], "carpPosition": [-74.2046, 95.5933, 121.034], "dipPosition": [-102.766, 140.789, 26.1718], "direction": [0.135558, 0.121261, -0.983321], "extended": true, "handId": 710, "id": 7104, "length": 49.0692, "mcpPosition": [-95.3541, 124.501, 74.5981], "pipPosition": [-105.342, 138.485, 44.8555], "stabilizedTipPosition": [-96.2307, 136.238, 17.4767], "timeVisible": 7.91796, "tipPosition": [-86.5017, 130.7, 18.1503], "tipVelocity": [-11.0968, 15.859, 0.583874], "tool": false, "touchDistance": -0.297493, "touchZone": "touching", "type": 4, "width": 16.7044}], "r": [[0.874421, -0.0032553, 0.485156], [0.2129, 0.90113, -0.377674], [-0.435959, 0.433536, 0.788661]], "s": 1.28681, "t": [57.3844, -75.2981, -67.7517], "timestamp": 746878018473}, {"currentFrameRate": 114.93, "devices": [], "gestures": [], "hands": [{"armBasis": [[0.928446, -0.360744, -0.0886065], [-0.238571, -0.76191, 0.602144], [-0.28473, -0.53792, -0.793455]], "armWidth": 65.748, "confidence": 1, "direction": [-0.184517, 0.692949, -0.696975], "elbow": [27.6072, -72.2035, -89.2871], "grabAngle": 0.652439, "grabStrength": 0, "id": 710, "palmNormal": [0.431468, -0.58005, -0.690925], "palmPosition": [-59.2906, 133.659, 89.3765], "palmVelocity": [2.45929, -0.552018, -3.5731], "palmWidth": 92.0341, "pinchDistance": 93.7562, "pinchStrength": 0, "r": [[0.874669, -0.00321554, 0.484711], [0.212735, 0.901072, -0.377906], [-0.435544, 0.433657, 0.788824]], "s": 1.28702, "sphereCenter": [-62.297, 106.37, 19.3088], "sphereRadius": 82.7166, "stabilizedPalmPosition": [-50.9583, 137.182, 84.9121], "t": [-57.3772, -75.2787, -67.767], "timeVisible": 7.92668, "type": "left", "wrist": [-50.1451, 74.6882, 127.385]}], "id": 1310106, "interactionBox": {"center": [0, 200, 0], "size": [235.247, 235.247, 147.751]}, "pointables": [{"bases": [[[0.777261, 0.481718, 0.404737], [-0.589731, 0.333593, 0.735482], [0.219277, -0.810347, 0.543373]], [[0.582611, 0.806402, 0.101394], [-0.569313, 0.315883, 0.759013], [0.580041, -0.499934, 0.643132]], [[0.582611, 0.806402, 0.101394], [-0.640587, 0.378829, 0.667935], [0.500213, -0.454098, 0.73728]], [[0.582611, 0.806402, 0.101394], [-0.570533, 0.316935, 0.757658], [0.578841, -0.499268, 0.644728]]], "btipPosition": [31.9092, 150.282, 57.8447], "carpPosition": [-27.094, 98.6588, 129.38], "dipPosition": [18.753, 138.935, 72.4984], "direction": [0.500213, 0.454098, -0.73728], "extended": true, "handId": 710, "id": 7100, "length": 50.6131, "mcpPosition": [-27.094, 98.6588, 129.38], "pipPosition": [2.18986, 123.898, 96.9113], "stabilizedTipPosition": [27.266, 146.62, 61.1379], "timeVisible": 7.92668, "tipPosition": [21.1703, 146.987, 59.1838], "tipVelocity": [1.51009, 0.669091, 0.43454], "tool": false, "touchDistance": 0.136826, "touchZone": "hovering", "type": 0, "width": 21.0762}, {"bases": [[[0.901501, -0.305783, -0.306255], [0.431683, 0.685631, 0.58614], [0.0307457, -0.660611, 0.750098]], [[0.882072, -0.456783, -0.115315], [0.369627, 0.519239, 0.770563], [-0.292104, -0.722316, 0.626846]], [[0.882072, -0.456783, -0.115315], [0.432968, 0.689504, 0.580623], [-0.185709, -0.562079, 0.805965]], [[0.882072, -0.456783, -0.115315], [0.465476, 0.807249, 0.362878], [-0.0726686, -0.373761, 0.924674]]], "btipPosition": [-60.2916, 212.823, 17.7073], "carpPosition": [-44.827, 114.132, 133.94], "dipPosition": [-59.0858, 206.621, 33.0502], "direction": [-0.185709, 0.562079, -0.805965], "extended": true, "handId": 710, "id": 7101, "length": 57.1112, "mcpPosition": [-42.5391, 163.29, 78.1227], "pipPosition": [-54.7266, 193.428, 51.9688], "stabilizedTipPosition": [-59.9462, 211.215, 21.1677], "timeVisible": 7.92668, "tipPosition": [-51.0734, 204.7, 19.0322], "tipVelocity": [1.20359, -1.98305, -2.24946], "tool": false, "touchDistance": -0.0886799, "touchZone": "touching", "type": 1, "width": 20.132}, {"bases": [[[0.810478, -0.504596, -0.297504], [0.578448, 0.609394, 0.542252], [-0.0923214, -0.611574, 0.785783]], [[0.776371, -0.615261, -0.136752], [0.536482, 0.531214, 0.655743], [-0.330808, -0.582465, 0.742496]], [[0.776371, -0.615261, -0.136752], [0.61781, 0.699946, 0.358311], [-0.124735, -0.362669, 0.923532]], [[0.776371, -0.615261, -0.136752], [0.624163, 0.780672, 0.031189], [0.0875693, -0.10957, 0.990114]]], "btipPosition": [-80.5039, 194.378, -3.05211], "carpPosition": [-56.6572, 111.939, 130.73], "dipPosition": [-82.1021, 192.378, 15.0174], "direction": [-0.124735, 0.362669, -0.923532], "extended": true, "handId": 710, "id": 7102, "length": 65.0737, "mcpPosition": [-63.1722, 155.097, 75.2781], "pipPosition": [-78.6574, 182.362, 40.5219], "stabilizedTipPosition": [-80.7305, 193.479, 1.09499], "timeVisible": 7.92668, "tipPosition": [-70.4631, 184.83, 0.475839], "tipVelocity": [1.19847, -0.843906, -2.01569], "tool": false, "touchDistance": -0.231274, "touchZone": "touching", "type": 2, "width": 19.7723}, {"bases": [[[0.742131, -0.633588, -0.218652], [0.631637, 0.551979, 0.544384], [-0.224224, -0.542112, 0.809838]], [[0.716745, -0.683405, -0.138685], [0.633263, 0.554616, 0.539796], [-0.291982, -0.47472, 0.830293]], [[0.716745, -0.683405, -0.138685], [0.69732, 0.701125, 0.14889], [-0.00451685, -0.203424, 0.97908]], [[0.716745, -0.683405, -0.138685], [0.65628, 0.728305, -0.197149], [0.235738, 0.05029, 0.970515]]], "btipPosition": [-90.0005, 166.27, -4.39489], "carpPosition": [-67.2806, 106.764, 126.893], "dipPosition": [-94.278, 167.182, 13.2152], "direction": [-0.00451685, 0.203424, -0.97908], "extended": true, "handId": 710, "id": 7103, "length": 62.5701, "mcpPosition": [-81.4871, 141.111, 75.5824], "pipPosition": [-94.1565, 161.71, 39.5553], "stabilizedTipPosition": [-90.5988, 165.029, 0.240812], "timeVisible": 7.92668, "tipPosition": [-81.4717, 155.871, 1.55022], "tipVelocity": [-6.3835, 9.51065, -1.88475], "tool": false, "touchDistance": -0.292198, "touchZone": "touching", "type": 3, "width": 18.8146}, {"bases": [[[0.596557, -0.774508, -0.210374], [0.717069, 0.396636, 0.573143], [-0.360462, -0.492765, 0.791991]], [[0.581527, -0.79376, -0.178247], [0.75983, 0.451663, 0.467609], [-0.290661, -0.407365, 0.865777]], [[0.581527, -0.79376, -0.178247], [0.802295, 0.595846, -0.0359176], [0.134718, -0.12212, 0.98333]], [[0.581527, -0.79376, -0.178247], [0.701714, 0.60027, -0.383762], [0.411612, 0.0980897, 0.906065]]], "btipPosition": [-95.8684, 139.16, 10.9854], "carpPosition": [-74.1951, 95.593, 121.011], "dipPosition": [-102.759, 140.802, 26.1526], "direction": [0.134718, 0.12212, -0.98333], "extended": true, "handId": 710, "id": 7104, "length": 49.0538, "mcpPosition": [-95.3364, 124.494, 74.5607], "pipPosition": [-105.317, 138.483, 44.8306], "stabilizedTipPosition": [-96.2991, 136.422, 17.3088], "timeVisible": 7.92668, "tipPosition": [-86.5424, 130.74, 18.0907], "tipVelocity": [-4.30499, 6.04448, -4.56132], "tool": false, "touchDistance": -0.296673, "touchZone": "touching", "type": 4, "width": 16.7126}], "r": [[0.874669, -0.00321554, 0.484711], [0.212735, 0.901072, -0.377906], [-0.435544, 0.433657, 0.788824]], "s": 1.28702, "t": [57.3772, -75.2787, -67.767], "timestamp": 746878027193}, {"currentFrameRate": 113.663, "devices": [], "gestures": [], "hands": [{"armBasis": [[0.928749, -0.360149, -0.0878509], [-0.23843, -0.761791, 0.602349], [-0.28386, -0.538485, -0.793384]], "armWidth": 65.7697, "confidence": 1, "direction": [-0.1844, 0.69279, -0.697164], "elbow": [27.3431, -72.3569, -89.2743], "grabAngle": 0.648733, "grabStrength": 0, "id": 710, "palmNormal": [0.431278, -0.580356, -0.690787], "palmPosition": [-59.302, 133.674, 89.3702], "palmVelocity": [-1.04104, 1.35051, -0.578468], "palmWidth": 92.042, "pinchDistance": 93.7445, "pinchStrength": 0, "r": [[0.87486, -0.00311314, 0.484367], [0.212564, 0.901014, -0.378141], [-0.435244, 0.433779, 0.788922]], "s": 1.28716, "sphereCenter": [-62.3075, 106.266, 19.2401], "sphereRadius": 82.8222, "stabilizedPalmPosition": [-50.981, 137.173, 84.9242], "t": [-57.3793, -75.2616, -67.7778], "timeVisible": 7.93765, "type": "left", "wrist": [-50.1786, 74.7024, 127.397]}], "id": 1310107, "interactionBox": {"center": [0, 200, 0], "size": [235.247, 235.247, 147.751]}, "pointables": [{"bases": [[[0.777116, 0.482025, 0.404652], [-0.589864, 0.333666, 0.735342], [0.219434, -0.810136, 0.543626]], [[0.582554, 0.806445, 0.101374], [-0.56931, 0.31584, 0.759033], [0.580101, -0.499891, 0.643111]], [[0.582554, 0.806445, 0.101374], [-0.640578, 0.378767, 0.667978], [0.500291, -0.454072, 0.737244]], [[0.582554, 0.806445, 0.101374], [-0.570665, 0.317008, 0.757527], [0.578768, -0.499151, 0.644884]]], "btipPosition": [31.8893, 150.283, 57.8618], "carpPosition": [-27.1081, 98.6744, 129.386], "dipPosition": [18.7402, 138.943, 72.513], "direction": [0.500291, 0.454072, -0.737244], "extended": true, "handId": 710, "id": 7100, "length": 50.5921, "mcpPosition": [-27.1081, 98.6744, 129.386], "pipPosition": [2.18139, 123.914, 96.9146], "stabilizedTipPosition": [27.3005, 146.643, 61.1399], "timeVisible": 7.93765, "tipPosition": [21.1797, 146.975, 59.1731], "tipVelocity": [-1.66254, 0.264525, 1.50732], "tool": false, "touchDistance": 0.137102, "touchZone": "hovering", "type": 0, "width": 21.0854}, {"bases": [[[0.901597, -0.305655, -0.306101], [0.431475, 0.685906, 0.585971], [0.0308514, -0.660385, 0.750293]], [[0.882122, -0.456809, -0.114827], [0.369367, 0.519602, 0.770443], [-0.292281, -0.722038, 0.627083]], [[0.882122, -0.456809, -0.114827], [0.432657, 0.689463, 0.580903], [-0.186193, -0.562109, 0.805833]], [[0.882122, -0.456809, -0.114827], [0.465233, 0.806898, 0.363971], [-0.0736117, -0.374488, 0.924305]]], "btipPosition": [-60.3222, 212.814, 17.7144], "carpPosition": [-44.8387, 114.155, 133.942], "dipPosition": [-59.1013, 206.603, 33.0448], "direction": [-0.186193, 0.562109, -0.805833], "extended": true, "handId": 710, "id": 7101, "length": 57.0876, "mcpPosition": [-42.5427, 163.3, 78.1055], "pipPosition": [-54.7325, 193.414, 51.9525], "stabilizedTipPosition": [-59.9661, 211.251, 21.183], "timeVisible": 7.93765, "tipPosition": [-51.0996, 204.712, 19.0112], "tipVelocity": [-2.4729, -1.03937, 0.390275], "tool": false, "touchDistance": -0.0886085, "touchZone": "touching", "type": 1, "width": 20.1407}, {"bases": [[[0.810621, -0.504487, -0.297298], [0.578262, 0.609692, 0.542116], [-0.0922302, -0.611366, 0.785955]], [[0.7765, -0.615173, -0.136418], [0.536274, 0.531512, 0.655671], [-0.330843, -0.582286, 0.742621]], [[0.7765, -0.615173, -0.136418], [0.617557, 0.699964, 0.358711], [-0.125182, -0.362785, 0.923426]], [[0.7765, -0.615173, -0.136418], [0.62414, 0.780642, 0.0323603], [0.0865864, -0.110272, 0.990123]]], "btipPosition": [-80.5362, 194.382, -3.03633], "carpPosition": [-56.6707, 111.964, 130.733], "dipPosition": [-82.1158, 192.371, 15.0259], "direction": [-0.125182, 0.362785, -0.923427], "extended": true, "handId": 710, "id": 7102, "length": 65.0467, "mcpPosition": [-63.1798, 155.111, 75.2646], "pipPosition": [-78.6602, 182.356, 40.5168], "stabilizedTipPosition": [-80.7545, 193.541, 1.09825], "timeVisible": 7.93765, "tipPosition": [-70.4996, 184.848, 0.457333], "tipVelocity": [-2.55482, 0.195616, 1.28489], "tool": false, "touchDistance": -0.231039, "touchZone": "touching", "type": 2, "width": 19.7809}, {"bases": [[[0.7423, -0.633472, -0.218413], [0.631464, 0.552291, 0.544268], [-0.224151, -0.54193, 0.80998]], [[0.716959, -0.68321, -0.138542], [0.632963, 0.554722, 0.540038], [-0.292107, -0.474877, 0.83016]], [[0.716959, -0.68321, -0.138542], [0.697086, 0.700823, 0.151387], [-0.00633566, -0.205114, 0.978718]], [[0.716959, -0.68321, -0.138542], [0.657414, 0.728752, -0.191644], [0.231896, 0.0463218, 0.971637]]], "btipPosition": [-90.1336, 166.4, -4.37472], "carpPosition": [-67.2966, 106.789, 126.898], "dipPosition": [-94.3396, 167.241, 13.2484], "direction": [-0.00633566, 0.205114, -0.978718], "extended": true, "handId": 710, "id": 7103, "length": 62.5442, "mcpPosition": [-81.4997, 141.128, 75.5743], "pipPosition": [-94.1692, 161.725, 39.5679], "stabilizedTipPosition": [-90.6837, 165.293, 0.145834], "timeVisible": 7.93765, "tipPosition": [-81.5876, 155.981, 1.51897], "tipVelocity": [-10.6342, 10.3937, 2.11323], "tool": false, "touchDistance": -0.290964, "touchZone": "touching", "type": 3, "width": 18.8228}, {"bases": [[[0.596759, -0.774425, -0.210105], [0.716931, 0.396977, 0.573079], [-0.360399, -0.492621, 0.792109]], [[0.581859, -0.793518, -0.178239], [0.759504, 0.451794, 0.468012], [-0.290848, -0.40769, 0.865561]], [[0.581859, -0.793518, -0.178239], [0.802277, 0.59597, -0.0342254], [0.133384, -0.123083, 0.983392]], [[0.581859, -0.793518, -0.178239], [0.703974, 0.601152, -0.378202], [0.407259, 0.0945848, 0.908402]]], "btipPosition": [-95.9906, 139.261, 10.9765], "carpPosition": [-74.2149, 95.6174, 121.02], "dipPosition": [-102.805, 140.843, 26.1765], "direction": [0.133384, 0.123083, -0.983392], "extended": true, "handId": 710, "id": 7104, "length": 49.0335, "mcpPosition": [-95.3543, 124.512, 74.5583], "pipPosition": [-105.338, 138.506, 44.8479], "stabilizedTipPosition": [-96.3917, 136.658, 17.1], "timeVisible": 7.93765, "tipPosition": [-86.6493, 130.813, 18.0578], "tipVelocity": [-9.5618, 7.91124, -0.124692], "tool": false, "touchDistance": -0.29536, "touchZone": "touching", "type": 4, "width": 16.7198}], "r": [[0.87486, -0.00311314, 0.484367], [0.212564, 0.901014, -0.378141], [-0.435244, 0.433779, 0.788922]], "s": 1.28716, "t": [57.3793, -75.2616, -67.7778], "timestamp": 746878038161}, {"currentFrameRate": 115.057, "devices": [], "gestures": [], "hands": [{"armBasis": [[0.928702, -0.360263, -0.0878791], [-0.238501, -0.761754, 0.602369], [-0.283954, -0.538462, -0.793366]], "armWidth": 65.7921, "confidence": 1, "direction": [-0.184466, 0.692754, -0.697183], "elbow": [27.3991, -72.3618, -89.2737], "grabAngle": 0.647805, "grabStrength": 0, "id": 710, "palmNormal": [0.431312, -0.580343, -0.690777], "palmPosition": [-59.2853, 133.678, 89.3794], "palmVelocity": [2.64374, 0.65717, 1.46429], "palmWidth": 92.0483, "pinchDistance": 93.7093, "pinchStrength": 0, "r": [[0.87501, -0.00304222, 0.484095], [0.212443, 0.900961, -0.378334], [-0.435, 0.433889, 0.788997]], "s": 1.28713, "sphereCenter": [-62.2407, 106.122, 19.166], "sphereRadius": 82.9351, "stabilizedPalmPosition": [-50.9941, 137.167, 84.9312], "t": [-57.372, -75.251, -67.7786], "timeVisible": 7.94395, "type": "left", "wrist": [-50.1547, 74.7038, 127.412]}], "id": 1310108, "interactionBox": {"center": [0, 200, 0], "size": [235.247, 235.247, 147.751]}, "pointables": [{"bases": [[[0.777147, 0.481975, 0.404651], [-0.58985, 0.333735, 0.735321], [0.219361, -0.810136, 0.543654]], [[0.582846, 0.806202, 0.101634], [-0.569272, 0.315866, 0.759051], [0.579846, -0.500267, 0.643049]], [[0.582846, 0.806202, 0.101634], [-0.640438, 0.378781, 0.668105], [0.500131, -0.454492, 0.737093]], [[0.582846, 0.806202, 0.101634], [-0.570499, 0.316926, 0.757686], [0.578638, -0.499596, 0.644656]]], "btipPosition": [31.8818, 150.323, 57.9009], "carpPosition": [-27.0852, 98.6793, 129.399], "dipPosition": [18.7409, 138.977, 72.5412], "direction": [0.500131, 0.454492, -0.737093], "extended": true, "handId": 710, "id": 7100, "length": 50.5721, "mcpPosition": [-27.0852, 98.6793, 129.399], "pipPosition": [2.1939, 123.94, 96.9281], "stabilizedTipPosition": [27.3183, 146.655, 61.1414], "timeVisible": 7.94395, "tipPosition": [21.218, 146.987, 59.1869], "tipVelocity": [-0.891643, 6.09105, 5.80731], "tool": false, "touchDistance": 0.137712, "touchZone": "hovering", "type": 0, "width": 21.0948}, {"bases": [[[0.901578, -0.305736, -0.306076], [0.431519, 0.68589, 0.585957], [0.0307861, -0.660364, 0.750314]], [[0.882025, -0.457072, -0.114531], [0.369441, 0.519932, 0.770185], [-0.292482, -0.721635, 0.627454]], [[0.882025, -0.457072, -0.114531], [0.432813, 0.689773, 0.580419], [-0.186293, -0.561514, 0.806224]], [[0.882025, -0.457072, -0.114531], [0.465386, 0.80694, 0.363681], [-0.073809, -0.374077, 0.924456]]], "btipPosition": [-60.3136, 212.764, 17.7182], "carpPosition": [-44.8184, 114.16, 133.955], "dipPosition": [-59.0899, 206.563, 33.0451], "direction": [-0.186293, 0.561514, -0.806224], "extended": true, "handId": 710, "id": 7101, "length": 57.065, "mcpPosition": [-42.5271, 163.308, 78.1126], "pipPosition": [-54.7205, 193.393, 51.9544], "stabilizedTipPosition": [-59.9747, 211.262, 21.1908], "timeVisible": 7.94395, "tipPosition": [-51.1191, 204.736, 19.0254], "tipVelocity": [1.46692, -7.50972, 0.472847], "tool": false, "touchDistance": -0.0885588, "touchZone": "touching", "type": 1, "width": 20.1498}, {"bases": [[[0.810586, -0.50456, -0.297268], [0.578301, 0.609663, 0.542107], [-0.0922922, -0.611335, 0.785972]], [[0.776427, -0.615292, -0.136297], [0.536416, 0.531715, 0.655391], [-0.330785, -0.581975, 0.74289]], [[0.776427, -0.615292, -0.136297], [0.617675, 0.700061, 0.358318], [-0.125054, -0.362395, 0.923597]], [[0.776427, -0.615292, -0.136297], [0.624205, 0.780609, 0.031894], [0.0867707, -0.109841, 0.990154]]], "btipPosition": [-80.5054, 194.339, -3.01584], "carpPosition": [-56.6515, 111.968, 130.745], "dipPosition": [-82.0877, 192.336, 15.0398], "direction": [-0.125054, 0.362395, -0.923597], "extended": true, "handId": 710, "id": 7102, "length": 65.021, "mcpPosition": [-63.1654, 155.116, 75.272], "pipPosition": [-78.637, 182.336, 40.5254], "stabilizedTipPosition": [-80.7642, 193.57, 1.10152], "timeVisible": 7.94395, "tipPosition": [-70.5209, 184.877, 0.467281], "tipVelocity": [4.78975, -6.57523, 3.00988], "tool": false, "touchDistance": -0.230722, "touchZone": "touching", "type": 2, "width": 19.7897}, {"bases": [[[0.742253, -0.633538, -0.218381], [0.631499, 0.552257, 0.544262], [-0.224208, -0.541887, 0.809993]], [[0.716941, -0.683216, -0.138604], [0.633079, 0.554821, 0.5398], [-0.2919, -0.474752, 0.830304]], [[0.716941, -0.683216, -0.138604], [0.697099, 0.700625, 0.152239], [-0.00690286, -0.205767, 0.978577]], [[0.716941, -0.683216, -0.138604], [0.657961, 0.728855, -0.189362], [0.230397, 0.0445656, 0.972076]]], "btipPosition": [-90.1497, 166.437, -4.34534], "carpPosition": [-67.278, 106.792, 126.911], "dipPosition": [-94.3269, 167.245, 13.2788], "direction": [-0.00690286, 0.205767, -0.978577], "extended": true, "handId": 710, "id": 7103, "length": 62.5194, "mcpPosition": [-81.4858, 141.131, 75.5825], "pipPosition": [-94.1413, 161.714, 39.5841], "stabilizedTipPosition": [-90.7213, 165.411, 0.107257], "timeVisible": 7.94395, "tipPosition": [-81.6014, 156.011, 1.52272], "tipVelocity": [-1.49946, 4.63123, 4.69584], "tool": false, "touchDistance": -0.289757, "touchZone": "touching", "type": 3, "width": 18.8312}, {"bases": [[[0.596701, -0.774479, -0.210071], [0.716953, 0.396937, 0.573078], [-0.360452, -0.492568, 0.792118]], [[0.58192, -0.793424, -0.178457], [0.759667, 0.452001, 0.467547], [-0.290301, -0.407643, 0.865767]], [[0.58192, -0.793424, -0.178457], [0.802186, 0.596082, -0.0343936], [0.133664, -0.123141, 0.983346]], [[0.58192, -0.793424, -0.178457], [0.704726, 0.601493, -0.376253], [0.405869, 0.0931864, 0.909168]]], "btipPosition": [-95.9755, 139.278, 10.9914], "carpPosition": [-74.1963, 95.6186, 121.033], "dipPosition": [-102.764, 140.836, 26.1982], "direction": [0.133664, 0.123141, -0.983346], "extended": true, "handId": 710, "id": 7104, "length": 49.0141, "mcpPosition": [-95.3403, 124.512, 74.5672], "pipPosition": [-105.301, 138.499, 44.8614], "stabilizedTipPosition": [-96.4375, 136.777, 16.9956], "timeVisible": 7.94395, "tipPosition": [-86.6451, 130.822, 18.0638], "tipVelocity": [3.35052, 1.83247, 2.62042], "tool": false, "touchDistance": -0.293909, "touchZone": "touching", "type": 4, "width": 16.7273}], "r": [[0.87501, -0.00304222, 0.484095], [0.212443, 0.900961, -0.378334], [-0.435, 0.433889, 0.788997]], "s": 1.28713, "t": [57.372, -75.251, -67.7786], "timestamp": 746878044466}, {"currentFrameRate": 115.311, "devices": [], "gestures": [], "hands": [{"armBasis": [[0.928452, -0.360792, -0.0883564], [-0.238689, -0.76174, 0.602312], [-0.284614, -0.538127, -0.793356]], "armWidth": 65.8129, "confidence": 1, "direction": [-0.184629, 0.692765, -0.697129], "elbow": [27.6142, -72.2901, -89.2709], "grabAngle": 0.645961, "grabStrength": 0, "id": 710, "palmNormal": [0.431519, -0.580153, -0.690806], "palmPosition": [-59.2792, 133.67, 89.3962], "palmVelocity": [0.739895, -0.901223, 2.03624], "palmWidth": 92.0548, "pinchDistance": 93.6748, "pinchStrength": 0, "r": [[0.875136, -0.00304541, 0.483867], [0.212395, 0.900914, -0.378473], [-0.43477, 0.433987, 0.789069]], "s": 1.28701, "sphereCenter": [-62.1786, 105.978, 19.0929], "sphereRadius": 83.0554, "stabilizedPalmPosition": [-51.0077, 137.161, 84.9385], "t": [-57.3653, -75.2494, -67.7706], "timeVisible": 7.95219, "type": "left", "wrist": [-50.1253, 74.6943, 127.427]}], "id": 1310109, "interactionBox": {"center": [0, 200, 0], "size": [235.247, 235.247, 147.751]}, "pointables": [{"bases": [[[0.77731, 0.481712, 0.404652], [-0.589712, 0.333839, 0.735385], [0.219155, -0.81025, 0.543567]], [[0.583307, 0.805829, 0.101942], [-0.569074, 0.315888, 0.75919], [0.579575, -0.500853, 0.642836]], [[0.583307, 0.805829, 0.101942], [-0.640164, 0.378841, 0.668333], [0.499942, -0.455103, 0.736844]], [[0.583307, 0.805829, 0.101942], [-0.570255, 0.316909, 0.757877], [0.578414, -0.500208, 0.644383]]], "btipPosition": [31.8624, 150.373, 57.9587], "carpPosition": [-27.069, 98.6752, 129.417], "dipPosition": [18.7322, 139.018, 72.5865], "direction": [0.499942, 0.455103, -0.736844], "extended": true, "handId": 710, "id": 7100, "length": 50.5504, "mcpPosition": [-27.069, 98.6752, 129.417], "pipPosition": [2.19857, 123.967, 96.9547], "stabilizedTipPosition": [27.3382, 146.669, 61.1438], "timeVisible": 7.95219, "tipPosition": [21.2455, 147.008, 59.2159], "tipVelocity": [-2.05453, 5.8036, 6.66538], "tool": false, "touchDistance": 0.138628, "touchZone": "hovering", "type": 0, "width": 21.1037}, {"bases": [[[0.901472, -0.30597, -0.306154], [0.431752, 0.68571, 0.585997], [0.0306355, -0.660442, 0.750251]], [[0.881828, -0.45749, -0.114378], [0.369676, 0.520056, 0.769988], [-0.292778, -0.72128, 0.627723]], [[0.881828, -0.45749, -0.114378], [0.433097, 0.68974, 0.580247], [-0.186566, -0.561215, 0.806369]], [[0.881828, -0.45749, -0.114378], [0.465694, 0.80666, 0.363907], [-0.0742193, -0.374169, 0.924386]]], "btipPosition": [-60.3323, 212.723, 17.7504], "carpPosition": [-44.8081, 114.152, 133.974], "dipPosition": [-59.1023, 206.523, 33.0695], "direction": [-0.186566, 0.561215, -0.806369], "extended": true, "handId": 710, "id": 7101, "length": 57.0405, "mcpPosition": [-42.5279, 163.309, 78.1323], "pipPosition": [-54.7284, 193.365, 51.9741], "stabilizedTipPosition": [-59.986, 211.267, 21.2033], "timeVisible": 7.95219, "tipPosition": [-51.1536, 204.755, 19.0551], "tipVelocity": [-2.09029, -4.94507, 3.68379], "tool": false, "touchDistance": -0.0880528, "touchZone": "touching", "type": 1, "width": 20.1583}, {"bases": [[[0.810423, -0.504769, -0.29736], [0.578508, 0.609444, 0.542131], [-0.0924265, -0.611381, 0.78592]], [[0.776221, -0.615544, -0.136334], [0.536694, 0.531672, 0.655198], [-0.330818, -0.581748, 0.743053]], [[0.776221, -0.615544, -0.136334], [0.617917, 0.699855, 0.358303], [-0.125137, -0.362365, 0.923597]], [[0.776221, -0.615544, -0.136334], [0.624486, 0.780374, 0.0321608], [0.086595, -0.110102, 0.990141]]], "btipPosition": [-80.5046, 194.31, -2.97201], "carpPosition": [-56.6411, 111.956, 130.763], "dipPosition": [-82.083, 192.303, 15.0756], "direction": [-0.125137, 0.362365, -0.923597], "extended": true, "handId": 710, "id": 7102, "length": 64.9931, "mcpPosition": [-63.165, 155.11, 75.2896], "pipPosition": [-78.6315, 182.308, 40.5502], "stabilizedTipPosition": [-80.7733, 193.594, 1.10831], "timeVisible": 7.95219, "tipPosition": [-70.5477, 184.894, 0.4897], "tipVelocity": [0.205334, -3.66417, 5.09512], "tool": false, "touchDistance": -0.230023, "touchZone": "touching", "type": 2, "width": 19.7981}, {"bases": [[[0.742057, -0.633733, -0.218481], [0.63169, 0.552023, 0.544278], [-0.224321, -0.541897, 0.809955]], [[0.716781, -0.683337, -0.138836], [0.633287, 0.554615, 0.539769], [-0.291844, -0.474819, 0.830286]], [[0.716781, -0.683337, -0.138836], [0.697255, 0.700163, 0.153648], [-0.00778587, -0.206936, 0.978324]], [[0.716781, -0.683337, -0.138836], [0.658857, 0.728901, -0.186042], [0.228327, 0.0418786, 0.972683]]], "btipPosition": [-90.2016, 166.497, -4.29913], "carpPosition": [-67.2667, 106.777, 126.927], "dipPosition": [-94.3395, 167.256, 13.3284], "direction": [-0.00778587, 0.206936, -0.978324], "extended": true, "handId": 710, "id": 7103, "length": 62.4926, "mcpPosition": [-81.4826, 141.118, 75.5978], "pipPosition": [-94.1303, 161.696, 39.6156], "stabilizedTipPosition": [-90.765, 165.538, 0.0716564], "timeVisible": 7.95219, "tipPosition": [-81.6462, 156.06, 1.53111], "tipVelocity": [-5.20403, 5.90936, 5.70269], "tool": false, "touchDistance": -0.28841, "touchZone": "touching", "type": 3, "width": 18.8392}, {"bases": [[[0.596464, -0.774633, -0.210176], [0.7171, 0.396676, 0.573075], [-0.360552, -0.492536, 0.792093]], [[0.581799, -0.793433, -0.178812], [0.75983, 0.451808, 0.46747], [-0.290117, -0.407841, 0.865735]], [[0.581799, -0.793433, -0.178812], [0.802338, 0.595919, -0.0336787], [0.13328, -0.123874, 0.983307]], [[0.581799, -0.793433, -0.178812], [0.706171, 0.601861, -0.372941], [0.403524, 0.0907049, 0.910462]]], "btipPosition": [-96.0083, 139.316, 11.0119], "carpPosition": [-74.1819, 95.6012, 121.047], "dipPosition": [-102.755, 140.833, 26.2338], "direction": [0.13328, 0.123874, -0.983307], "extended": true, "handId": 710, "id": 7104, "length": 48.993, "mcpPosition": [-95.3332, 124.495, 74.5801], "pipPosition": [-105.283, 138.483, 44.8882], "stabilizedTipPosition": [-96.4913, 136.916, 16.8766], "timeVisible": 7.95219, "tipPosition": [-86.6721, 130.844, 18.0664], "tipVelocity": [-2.80787, 3.51174, 2.90242], "tool": false, "touchDistance": -0.292493, "touchZone": "touching", "type": 4, "width": 16.7344}], "r": [[0.875136, -0.00304541, 0.483867], [0.212395, 0.900914, -0.378473], [-0.43477, 0.433987, 0.789069]], "s": 1.28701, "t": [57.3653, -75.2494, -67.7706], "timestamp": 746878052707}, {"currentFrameRate": 115.328, "devices": [], "gestures": [], "hands": [{"armBasis": [[0.928304, -0.361122, -0.088556], [-0.238855, -0.761701, 0.602296], [-0.284956, -0.537961, -0.793346]], "armWidth": 65.8302, "confidence": 1, "direction": [-0.184758, 0.69275, -0.697109], "elbow": [27.7423, -72.2364, -89.2709], "grabAngle": 0.644431, "grabStrength": 0, "id": 710, "palmNormal": [0.43182, -0.57996, -0.69078], "palmPosition": [-59.2655, 133.692, 89.4085], "palmVelocity": [1.59146, 2.55121, 1.42462], "palmWidth": 92.0636, "pinchDistance": 93.6418, "pinchStrength": 0, "r": [[0.875251, -0.00311377, 0.483658], [0.212406, 0.900867, -0.378579], [-0.434533, 0.434084, 0.789146]], "s": 1.28682, "sphereCenter": [-62.1032, 105.858, 19.0159], "sphereRadius": 83.1749, "stabilizedPalmPosition": [-51.0227, 137.155, 84.9466], "t": [-57.3551, -75.2376, -67.7605], "timeVisible": 7.96084, "type": "left", "wrist": [-50.0961, 74.7129, 127.439]}], "id": 1310110, "interactionBox": {"center": [0, 200, 0], "size": [235.247, 235.247, 147.751]}, "pointables": [{"bases": [[[0.777534, 0.481421, 0.404567], [-0.589488, 0.333988, 0.735498], [0.218964, -0.810362, 0.543478]], [[0.583795, 0.80545, 0.102148], [-0.568828, 0.31599, 0.759332], [0.579326, -0.501399, 0.642636]], [[0.583795, 0.80545, 0.102148], [-0.639841, 0.378972, 0.668569], [0.499787, -0.455666, 0.736601]], [[0.583795, 0.80545, 0.102148], [-0.569985, 0.316992, 0.758046], [0.578187, -0.500767, 0.644152]]], "btipPosition": [31.8516, 150.451, 58.013], "carpPosition": [-27.0472, 98.7029, 129.434], "dipPosition": [18.7317, 139.088, 72.6297], "direction": [0.499787, 0.455666, -0.736601], "extended": true, "handId": 710, "id": 7100, "length": 50.5303, "mcpPosition": [-27.0472, 98.7029, 129.434], "pipPosition": [2.20976, 124.024, 96.9802], "stabilizedTipPosition": [27.3581, 146.685, 61.1468], "timeVisible": 7.96084, "tipPosition": [21.2795, 147.061, 59.247], "tipVelocity": [-0.981653, 8.79524, 5.98387], "tool": false, "touchDistance": 0.13949, "touchZone": "hovering", "type": 0, "width": 21.111}, {"bases": [[[0.901322, -0.306254, -0.306312], [0.432072, 0.685524, 0.585978], [0.0305263, -0.660504, 0.750201]], [[0.881599, -0.457949, -0.114304], [0.370011, 0.52018, 0.769743], [-0.293044, -0.720899, 0.628037]], [[0.881599, -0.457949, -0.114304], [0.433486, 0.689752, 0.579941], [-0.186742, -0.560825, 0.806599]], [[0.881599, -0.457949, -0.114304], [0.466093, 0.806465, 0.363829], [-0.0744323, -0.374028, 0.924426]]], "btipPosition": [-60.3373, 212.707, 17.7714], "carpPosition": [-44.7936, 114.173, 133.992], "dipPosition": [-59.1042, 206.511, 33.0851], "direction": [-0.186742, 0.560825, -0.806599], "extended": true, "handId": 710, "id": 7101, "length": 57.0178, "mcpPosition": [-42.5213, 163.339, 78.1484], "pipPosition": [-54.728, 193.368, 51.9876], "stabilizedTipPosition": [-59.9946, 211.269, 21.2148], "timeVisible": 7.96084, "tipPosition": [-51.178, 204.803, 19.0798], "tipVelocity": [-0.49859, -1.7721, 2.28651], "tool": false, "touchDistance": -0.0877235, "touchZone": "touching", "type": 1, "width": 20.1652}, {"bases": [[[0.810207, -0.505022, -0.297518], [0.578797, 0.609211, 0.542085], [-0.0925137, -0.611403, 0.785893]], [[0.775973, -0.615834, -0.136432], [0.537068, 0.531633, 0.654924], [-0.330793, -0.581476, 0.743278]], [[0.775973, -0.615834, -0.136432], [0.618248, 0.699691, 0.358054], [-0.125042, -0.362189, 0.92368]], [[0.775973, -0.615834, -0.136432], [0.624773, 0.780151, 0.031981], [0.0867424, -0.110055, 0.990133]]], "btipPosition": [-80.4828, 194.299, -2.94128], "carpPosition": [-56.626, 111.974, 130.779], "dipPosition": [-82.0633, 192.294, 15.099], "direction": [-0.125042, 0.362189, -0.92368], "extended": true, "handId": 710, "id": 7102, "length": 64.9672, "mcpPosition": [-63.1566, 155.133, 75.3018], "pipPosition": [-78.6157, 182.308, 40.5658], "stabilizedTipPosition": [-80.7788, 193.613, 1.11585], "timeVisible": 7.96084, "tipPosition": [-70.5638, 184.941, 0.50559], "tipVelocity": [2.46591, -1.20808, 3.36144], "tool": false, "touchDistance": -0.229538, "touchZone": "touching", "type": 2, "width": 19.8049}, {"bases": [[[0.741809, -0.633969, -0.218637], [0.631959, 0.551772, 0.54422], [-0.224381, -0.541877, 0.809952]], [[0.716573, -0.683498, -0.139117], [0.63359, 0.55442, 0.539613], [-0.291695, -0.474815, 0.83034]], [[0.716573, -0.683498, -0.139117], [0.69746, 0.699704, 0.1548], [-0.00846465, -0.207954, 0.978102]], [[0.716573, -0.683498, -0.139117], [0.659688, 0.728886, -0.183132], [0.226571, 0.0394542, 0.973195]]], "btipPosition": [-90.2299, 166.574, -4.26454], "carpPosition": [-67.2498, 106.791, 126.94], "dipPosition": [-94.3344, 167.289, 13.3653], "direction": [-0.00846465, 0.207954, -0.978102], "extended": true, "handId": 710, "id": 7103, "length": 62.4677, "mcpPosition": [-81.4708, 141.134, 75.6062], "pipPosition": [-94.107, 161.703, 39.636], "stabilizedTipPosition": [-90.8056, 165.657, 0.0436816], "timeVisible": 7.96084, "tipPosition": [-81.6689, 156.128, 1.53381], "tipVelocity": [-2.38928, 7.73812, 4.06279], "tool": false, "touchDistance": -0.287375, "touchZone": "touching", "type": 3, "width": 18.8456}, {"bases": [[[0.596171, -0.77482, -0.21032], [0.717321, 0.396394, 0.572994], [-0.360598, -0.492469, 0.792114]], [[0.58161, -0.79349, -0.179175], [0.7601, 0.45164, 0.467192], [-0.28979, -0.407915, 0.86581]], [[0.58161, -0.79349, -0.179175], [0.802489, 0.595735, -0.0333421], [0.133198, -0.124394, 0.983252]], [[0.58161, -0.79349, -0.179175], [0.707505, 0.602127, -0.369972], [0.401456, 0.0884119, 0.911601]]], "btipPosition": [-96.0164, 139.371, 11.0217], "carpPosition": [-74.1605, 95.6126, 121.058], "dipPosition": [-102.726, 140.849, 26.2566], "direction": [0.133198, 0.124394, -0.983252], "extended": true, "handId": 710, "id": 7104, "length": 48.9735, "mcpPosition": [-95.3166, 124.505, 74.5853], "pipPosition": [-105.251, 138.49, 44.9026], "stabilizedTipPosition": [-96.5453, 137.057, 16.7579], "timeVisible": 7.96084, "tipPosition": [-86.6752, 130.885, 18.0651], "tipVelocity": [0.0603717, 5.33736, 1.48895], "tool": false, "touchDistance": -0.291384, "touchZone": "touching", "type": 4, "width": 16.7402}], "r": [[0.875251, -0.00311377, 0.483658], [0.212406, 0.900867, -0.378579], [-0.434533, 0.434084, 0.789146]], "s": 1.28682, "t": [57.3551, -75.2376, -67.7605], "timestamp": 746878061349}, {"currentFrameRate": 115.334, "devices": [], "gestures": [], "hands": [{"armBasis": [[0.928262, -0.361274, -0.0883827], [-0.239058, -0.761597, 0.602347], [-0.284924, -0.538007, -0.793326]], "armWidth": 65.8462, "confidence": 1, "direction": [-0.184898, 0.692676, -0.697146], "elbow": [27.7704, -72.2575, -89.2861], "grabAngle": 0.643399, "grabStrength": 0, "id": 710, "palmNormal": [0.432307, -0.57973, -0.690669], "palmPosition": [-59.2465, 133.703, 89.4047], "palmVelocity": [2.19219, 1.2417, -0.434866], "palmWidth": 92.0714, "pinchDistance": 93.6137, "pinchStrength": 0, "r": [[0.875371, -0.00325735, 0.483441], [0.212481, 0.90081, -0.378672], [-0.434255, 0.434201, 0.789235]], "s": 1.28656, "sphereCenter": [-62.0105, 105.719, 18.9208], "sphereRadius": 83.2957, "stabilizedPalmPosition": [-51.0392, 137.148, 84.9556], "t": [-57.3405, -75.2263, -67.7573], "timeVisible": 7.9695, "type": "left", "wrist": [-50.0668, 74.7184, 127.439]}], "id": 1310111, "interactionBox": {"center": [0, 200, 0], "size": [235.247, 235.247, 147.751]}, "pointables": [{"bases": [[[0.777889, 0.481027, 0.404353], [-0.589109, 0.334262, 0.735676], [0.21872, -0.810483, 0.543396]], [[0.584417, 0.804988, 0.102231], [-0.568437, 0.316224, 0.759528], [0.579083, -0.501992, 0.642391]], [[0.584417, 0.804988, 0.102231], [-0.63939, 0.379253, 0.668841], [0.499638, -0.456247, 0.736343]], [[0.584417, 0.804988, 0.102231], [-0.569606, 0.317238, 0.758228], [0.577933, -0.501352, 0.643925]]], "btipPosition": [31.8493, 150.529, 58.0575], "carpPosition": [-27.0194, 98.7253, 129.443], "dipPosition": [18.7396, 139.157, 72.6641], "direction": [0.499638, 0.456247, -0.736343], "extended": true, "handId": 710, "id": 7100, "length": 50.5134, "mcpPosition": [-27.0194, 98.7253, 129.443], "pipPosition": [2.22812, 124.079, 96.998], "stabilizedTipPosition": [27.3779, 146.701, 61.1505], "timeVisible": 7.9695, "tipPosition": [21.3183, 147.115, 59.272], "tipVelocity": [0.00854111, 8.80209, 4.87374], "tool": false, "touchDistance": 0.140193, "touchZone": "hovering", "type": 0, 