{"frames": 92, "data": [{"currentFrameRate": 115.373, "devices": [], "gestures": [], "hands": [{"armBasis": [[0.97302, -0.143232, -0.180877], [0.197106, 0.923528, 0.329006], [0.11992, -0.355782, 0.926843]], "armWidth": 66.0059, "confidence": 1, "direction": [0.029157, 0.579223, -0.814648], "elbow": [-82.436, 13.9103, 388.227], "grabAngle": 1.66612, "grabStrength": 0.625272, "id": 717, "palmNormal": [0.212081, -0.800024, -0.561234], "palmPosition": [-38.2848, 149.825, 72.1874], "palmVelocity": [4.21268, -2.18989, -2.48903], "palmWidth": 91.4281, "pinchDistance": 6.12607, "pinchStrength": 1, "r": [[-0.0483075, 0.956964, 0.286157], [-0.344482, 0.252952, -0.904073], [-0.937549, -0.142249, 0.317438]], "s": 0.815241, "sphereCenter": [-31.5385, 112.501, 30.4047], "sphereRadius": 46.3112, "stabilizedPalmPosition": [-44.2431, 155.744, 78.8758], "t": [-10.8796, 6.96554, -10.5031], "timeVisible": 5.20311, "type": "left", "wrist": [-49.9016, 110.434, 136.775]}], "id": 1319739, "interactionBox": {"center": [0, 200, 0], "size": [235.247, 235.247, 147.751]}, "pointables": [{"bases": [[[0.814639, -0.572539, -0.0925378], [0.543327, 0.697579, 0.467096], [-0.202878, -0.430793, 0.879351]], [[0.806439, -0.588323, -0.0594282], [0.504361, 0.736828, -0.450228], [0.308668, 0.333108, 0.890934]], [[0.806439, -0.588323, -0.0594282], [0.321507, 0.520601, -0.790954], [0.496274, 0.61875, 0.608983]], [[0.806439, -0.588323, -0.0594282], [0.217925, 0.389129, -0.895035], [0.549695, 0.70884, 0.442019]]], "btipPosition": [-44.6236, 112.984, 5.73328], "carpPosition": [-63.6156, 124.843, 109.216], "dipPosition": [-54.3242, 125.494, 13.5337], "direction": [0.496274, -0.61875, -0.608983], "extended": false, "handId": 717, "id": 7174, "length": 51.7137, "mcpPosition": [-75.4361, 149.943, 57.9814], "pipPosition": [-64.2619, 137.884, 25.7284], "stabilizedTipPosition": [-50.9257, 129.265, 13.4738], "timeVisible": 5.20311, "tipPosition": [-49.0453, 120.81, 3.8056], "tipVelocity": [3.2418, -1.44465, -0.65302], "tool": false, "touchDistance": -0.116786, "touchZone": "touching", "type": 4, "width": 16.8524}, {"bases": [[[0.57707, 0.76565, 0.284201], [-0.679912, 0.257607, 0.686555], [0.452449, -0.589422, 0.669232]], [[0.41001, 0.909785, 0.0646758], [-0.879919, 0.375892, 0.290599], [0.240071, -0.176058, 0.954657]], [[0.41001, 0.909785, 0.0646758], [-0.911123, 0.4053, 0.0747413], [0.0417854, -0.0895723, 0.995103]], [[0.41001, 0.909785, 0.0646758], [-0.904587, 0.414689, -0.0987679], [-0.116678, -0.0180091, 0.993007]]], "btipPosition": [-7.38244, 126.867, 12.1907], "carpPosition": [-18.0868, 114.478, 118.604], "dipPosition": [-4.58672, 126.436, 35.9841], "direction": [0.0417854, 0.0895723, -0.995103], "extended": false, "handId": 717, "id": 7170, "length": 53.3576, "mcpPosition": [-18.0868, 114.478, 118.604], "pipPosition": [-6.04535, 123.309, 70.7209], "stabilizedTipPosition": [-10.9712, 135.55, 23.4509], "timeVisible": 5.20311, "tipPosition": [-3.93785, 128.492, 18.8], "tipVelocity": [3.53705, 0.837321, -4.65044], "tool": false, "touchDistance": 0.0464183, "touchZone": "hovering", "type": 0, "width": 21.2526}, {"bases": [[[0.958054, -0.0569341, -0.280874], [0.181141, 0.87977, 0.439536], [0.22208, -0.471977, 0.853181]], [[0.979457, -0.121114, -0.161233], [0.0189038, 0.851173, -0.524544], [0.200767, 0.51072, 0.835977]], [[0.979457, -0.121114, -0.161233], [-0.1256, 0.259122, -0.957643], [0.157763, 0.958221, 0.238587]], [[0.979457, -0.121114, -0.161233], [-0.161454, 0.00804869, -0.986847], [0.120819, 0.992606, -0.011671]]], "btipPosition": [1.40881, 106.508, 14.1464], "carpPosition": [-29.8565, 135.157, 119.688], "dipPosition": [-0.704614, 123.871, 13.9422], "direction": [0.157763, -0.958221, -0.238587], "extended": false, "handId": 717, "id": 7171, "length": 60.2081, "mcpPosition": [-13.4395, 170.047, 56.6173], "pipPosition": [-4.60863, 147.583, 19.8463], "stabilizedTipPosition": [-3.123, 117.702, 15.3707], "timeVisible": 5.20311, "tipPosition": [1.30073, 112.636, 10.1769], "tipVelocity": [2.89792, 3.72509, -8.0947], "tool": false, "touchDistance": 0.172297, "touchZone": "hovering", "type": 1, "width": 20.3005}, {"bases": [[[0.934238, -0.269316, -0.233811], [0.345336, 0.846904, 0.404348], [0.0891182, -0.458501, 0.884214]], [[0.937326, -0.332608, -0.103884], [0.279225, 0.895296, -0.3471], [0.208455, 0.296339, 0.932057]], [[0.937326, -0.332608, -0.103884], [0.139012, 0.630308, -0.763798], [0.319524, 0.701487, 0.637041]], [[0.937326, -0.332608, -0.103884], [0.0558514, 0.437679, -0.897395], [0.343949, 0.83535, 0.428825]]], "btipPosition": [-9.30658, 117.269, -18.2826], "carpPosition": [-41.761, 136.244, 116.497], "dipPosition": [-15.924, 133.34, -10.0322], "direction": [0.319524, -0.701487, -0.637041], "extended": false, "handId": 717, "id": 7172, "length": 68.6023, "mcpPosition": [-35.5134, 168.387, 54.5098], "pipPosition": [-25.2265, 153.763, 8.51435], "stabilizedTipPosition": [-14.9148, 129.892, -12.2696], "timeVisible": 5.20311, "tipPosition": [-10.8515, 123.66, -18.3542], "tipVelocity": [1.54732, 3.2022, -4.33518], "tool": false, "touchDistance": -0.0547402, "touchZone": "touching", "type": 2, "width": 19.9378}, {"bases": [[[0.908461, -0.396925, -0.130955], [0.413865, 0.810451, 0.414591], [-0.0584286, -0.430837, 0.900536]], [[0.903803, -0.420279, -0.0806513], [0.364776, 0.855131, -0.36836], [0.223782, 0.303506, 0.926178]], [[0.903803, -0.420279, -0.0806513], [0.233825, 0.642819, -0.729459], [0.358421, 0.640429, 0.679253]], [[0.903803, -0.420279, -0.0806513], [0.146941, 0.481774, -0.863888], [0.40193, 0.768934, 0.497186]]], "btipPosition": [-29.0628, 114.442, -14.5619], "carpPosition": [-53.4758, 134.08, 113.262], "dipPosition": [-36.7513, 129.151, -5.05127], "direction": [0.358421, -0.640429, -0.679253], "extended": false, "handId": 717, "id": 7173, "length": 65.963, "mcpPosition": [-57.1534, 161.198, 56.5804], "pipPosition": [-46.9168, 147.315, 14.2136], "stabilizedTipPosition": [-34.0401, 130.826, -5.88218], "timeVisible": 5.20311, "tipPosition": [-31.673, 121.469, -14.8734], "tipVelocity": [1.82186, 2.17785, -3.66327], "tool": false, "touchDistance": -0.141011, "touchZone": "touching", "type": 3, "width": 18.972}], "r": [[-0.0483075, 0.956964, 0.286157], [-0.344482, 0.252952, -0.904073], [-0.937549, -0.142249, 0.317438]], "s": 0.815241, "t": [10.8796, 6.96554, -10.5031], "timestamp": 746962942460}, {"currentFrameRate": 115.337, "devices": [], "gestures": [], "hands": [{"armBasis": [[0.973032, -0.143168, -0.180866], [0.197089, 0.923402, 0.329371], [0.119856, -0.356135, 0.926716]], "armWidth": 66.0059, "confidence": 1, "direction": [0.0291849, 0.579079, -0.814749], "elbow": [-82.3862, 13.8091, 388.152], "grabAngle": 1.66629, "grabStrength": 0.624782, "id": 717, "palmNormal": [0.212022, -0.800135, -0.561097], "palmPosition": [-38.2515, 149.813, 72.1426], "palmVelocity": [3.81498, -1.38285, -5.13816], "palmWidth": 91.4281, "pinchDistance": 6.15825, "pinchStrength": 1, "r": [[-0.0481862, 0.956904, 0.286378], [-0.344411, 0.25321, -0.904028], [-0.937582, -0.142193, 0.317367]], "s": 0.815213, "sphereCenter": [-31.5081, 112.478, 30.3633], "sphereRadius": 46.3156, "stabilizedPalmPosition": [-44.228, 155.729, 78.8588], "t": [-10.8477, 6.96164, -10.5304], "timeVisible": 5.21185, "type": "left", "wrist": [-49.8692, 110.429, 136.734]}], "id": 1319740, "interactionBox": {"center": [0, 200, 0], "size": [235.247, 235.247, 147.751]}, "pointables": [{"bases": [[[0.814677, -0.572502, -0.092428], [0.543276, 0.697696, 0.466981], [-0.202861, -0.430652, 0.879424]], [[0.806416, -0.58839, -0.0590794], [0.504437, 0.736592, -0.450528], [0.308603, 0.333511, 0.890806]], [[0.806416, -0.58839, -0.0590794], [0.321287, 0.519818, -0.791558], [0.496455, 0.619344, 0.608232]], [[0.806416, -0.58839, -0.0590794], [0.217697, 0.388277, -0.89546], [0.549819, 0.709252, 0.441203]]], "btipPosition": [-44.587, 112.938, 5.72295], "carpPosition": [-63.5834, 124.839, 109.176], "dipPosition": [-54.2898, 125.455, 13.509], "direction": [0.496455, -0.619344, -0.608232], "extended": false, "handId": 717, "id": 7174, "length": 51.7137, "mcpPosition": [-75.403, 149.931, 57.937], "pipPosition": [-64.2311, 137.857, 25.6886], "stabilizedTipPosition": [-50.9215, 129.251, 13.4677], "timeVisible": 5.21185, "tipPosition": [-49.0098, 120.776, 3.7743], "tipVelocity": [4.1382, -5.06191, -1.56234], "tool": false, "touchDistance": -0.117013, "touchZone": "touching", "type": 4, "width": 16.8524}, {"bases": [[[0.577016, 0.765737, 0.284075], [-0.679937, 0.257682, 0.686502], [0.452479, -0.589276, 0.66934]], [[0.410029, 0.909781, 0.0646167], [-0.879947, 0.375956, 0.290431], [0.239936, -0.175945, 0.954712]], [[0.410029, 0.909781, 0.0646167], [-0.911122, 0.405338, 0.074557], [0.0416389, -0.0894442, 0.995121]], [[0.410029, 0.909781, 0.0646167], [-0.904545, 0.414706, -0.0990781], [-0.116936, -0.0178238, 0.992979]]], "btipPosition": [-7.36896, 126.847, 12.1491], "carpPosition": [-18.0553, 114.473, 118.566], "dipPosition": [-4.56706, 126.42, 35.9418], "direction": [0.0416389, 0.0894442, -0.995121], "extended": false, "handId": 717, "id": 7170, "length": 53.3576, "mcpPosition": [-18.0553, 114.473, 118.566], "pipPosition": [-6.02057, 123.298, 70.6792], "stabilizedTipPosition": [-10.9604, 135.528, 23.4361], "timeVisible": 5.21185, "tipPosition": [-3.90977, 128.466, 18.7572], "tipVelocity": [1.70663, -2.16099, -4.7888], "tool": false, "touchDistance": 0.0457214, "touchZone": "hovering", "type": 0, "width": 21.2526}, {"bases": [[[0.958062, -0.0569206, -0.280853], [0.181079, 0.879859, 0.439385], [0.222101, -0.471814, 0.853266]], [[0.979457, -0.121028, -0.161296], [0.018886, 0.851406, -0.524167], [0.200767, 0.510353, 0.836201]], [[0.979457, -0.121028, -0.161296], [-0.125626, 0.259469, -0.957546], [0.157741, 0.958138, 0.238934]], [[0.979457, -0.121028, -0.161296], [-0.161507, 0.00812602, -0.986838], [0.120746, 0.992616, -0.0115879]]], "btipPosition": [1.44147, 106.509, 14.0778], "carpPosition": [-29.8236, 135.153, 119.645], "dipPosition": [-0.670684, 123.873, 13.8751], "direction": [0.157741, -0.958138, -0.238934], "extended": false, "handId": 717, "id": 7171, "length": 60.2081, "mcpPosition": [-13.405, 170.031, 56.5686], "pipPosition": [-4.57416, 147.583, 19.7877], "stabilizedTipPosition": [-3.11356, 117.685, 15.3676], "timeVisible": 5.21185, "tipPosition": [1.32986, 112.605, 10.1484], "tipVelocity": [3.77353, 0.191382, -7.81876], "tool": false, "touchDistance": 0.171159, "touchZone": "hovering", "type": 1, "width": 20.3005}, {"bases": [[[0.934259, -0.269296, -0.233753], [0.345276, 0.846997, 0.404204], [0.0891373, -0.458341, 0.884295]], [[0.937349, -0.332566, -0.103812], [0.279234, 0.89534, -0.346979], [0.20834, 0.296253, 0.93211]], [[0.937349, -0.332566, -0.103812], [0.13899, 0.6302, -0.763891], [0.319466, 0.701604, 0.636941]], [[0.937349, -0.332566, -0.103812], [0.0557922, 0.437418, -0.897526], [0.343896, 0.835503, 0.428567]]], "btipPosition": [-9.28063, 117.251, -18.3255], "carpPosition": [-41.728, 136.24, 116.454], "dipPosition": [-15.897, 133.326, -10.0801], "direction": [0.319467, -0.701604, -0.636941], "extended": false, "handId": 717, "id": 7172, "length": 68.6023, "mcpPosition": [-35.4791, 168.372, 54.4617], "pipPosition": [-25.1979, 153.752, 8.46359], "stabilizedTipPosition": [-14.9148, 129.892, -12.2696], "timeVisible": 5.21185, "tipPosition": [-10.821, 123.628, -18.393], "tipVelocity": [2.99813, -1.91879, -5.04426], "tool": false, "touchDistance": -0.0554742, "touchZone": "touching", "type": 2, "width": 19.9378}, {"bases": [[[0.908489, -0.396888, -0.130875], [0.413807, 0.81055, 0.414454], [-0.0584115, -0.430684, 0.900611]], [[0.903828, -0.42025, -0.0805316], [0.364811, 0.855162, -0.368254], [0.223627, 0.30346, 0.926231]], [[0.903828, -0.42025, -0.0805316], [0.233883, 0.642795, -0.729461], [0.358322, 0.640472, 0.679265]], [[0.903828, -0.42025, -0.0805316], [0.146939, 0.481586, -0.863993], [0.401876, 0.769067, 0.497022]]], "btipPosition": [-29.0399, 114.427, -14.6082], "carpPosition": [-53.443, 134.077, 113.22], "dipPosition": [-36.7274, 129.138, -5.10062], "direction": [0.358322, -0.640472, -0.679265], "extended": false, "handId": 717, "id": 7173, "length": 65.963, "mcpPosition": [-57.1195, 161.184, 56.5338], "pipPosition": [-46.89, 147.303, 14.1645], "stabilizedTipPosition": [-34.0318, 130.793, -5.89895], "timeVisible": 5.21185, "tipPosition": [-31.6417, 121.437, -14.9107], "tipVelocity": [2.65333, -1.67857, -5.37641], "tool": false, "touchDistance": -0.141793, "touchZone": "touching", "type": 3, "width": 18.972}], "r": [[-0.0481862, 0.956904, 0.286378], [-0.344411, 0.25321, -0.904028], [-0.937582, -0.142193, 0.317367]], "s": 0.815213, "t": [10.8477, 6.96164, -10.5304], "timestamp": 746962951191}, {"currentFrameRate": 115.329, "devices": [], "gestures": [], "hands": [{"armBasis": [[0.973, -0.143346, -0.180896], [0.197247, 0.923425, 0.32921], [0.119853, -0.356002, 0.926767]], "armWidth": 66.0059, "confidence": 1, "direction": [0.0293018, 0.578643, -0.815055], "elbow": [-82.3421, 13.825, 388.122], "grabAngle": 1.66628, "grabStrength": 0.624024, "id": 717, "palmNormal": [0.212183, -0.800422, -0.560627], "palmPosition": [-38.2002, 149.763, 72.0815], "palmVelocity": [5.90787, -5.80565, -7.02801], "palmWidth": 91.4281, "pinchDistance": 6.20311, "pinchStrength": 1, "r": [[-0.0480653, 0.956888, 0.286454], [-0.344385, 0.253324, -0.904005], [-0.937597, -0.142102, 0.317362]], "s": 0.815175, "sphereCenter": [-31.4337, 112.4, 30.321], "sphereRadius": 46.3235, "stabilizedPalmPosition": [-44.2142, 155.715, 78.8433], "t": [-10.806, 6.93448, -10.5747], "timeVisible": 5.22053, "type": "left", "wrist": [-49.8258, 110.408, 136.69]}], "id": 1319741, "interactionBox": {"center": [0, 200, 0], "size": [235.247, 235.247, 147.751]}, "pointables": [{"bases": [[[0.814621, -0.572606, -0.0922762], [0.543412, 0.697911, 0.466502], [-0.202721, -0.430166, 0.879694]], [[0.806327, -0.588542, -0.0587754], [0.504539, 0.736273, -0.450934], [0.308668, 0.333946, 0.89062]], [[0.806327, -0.588542, -0.0587754], [0.321133, 0.519071, -0.79211], [0.496699, 0.619826, 0.607542]], [[0.806327, -0.588542, -0.0587754], [0.217472, 0.387414, -0.895889], [0.550038, 0.709598, 0.440374]]], "btipPosition": [-44.5218, 112.846, 5.68992], "carpPosition": [-63.5375, 124.807, 109.124], "dipPosition": [-54.2285, 125.369, 13.4613], "direction": [0.496699, -0.619826, -0.607542], "extended": false, "handId": 717, "id": 7174, "length": 51.7137, "mcpPosition": [-75.349, 149.87, 57.8688], "pipPosition": [-64.1747, 137.781, 25.6271], "stabilizedTipPosition": [-50.917, 129.236, 13.4613], "timeVisible": 5.22053, "tipPosition": [-48.942, 120.685, 3.72921], "tipVelocity": [7.39575, -10.4399, -4.19078], "tool": false, "touchDistance": -0.11762, "touchZone": "touching", "type": 4, "width": 16.8524}, {"bases": [[[0.577122, 0.765851, 0.283553], [-0.679788, 0.258097, 0.686494], [0.452568, -0.588947, 0.66957]], [[0.410258, 0.909705, 0.0642339], [-0.879852, 0.376298, 0.290277], [0.239895, -0.175605, 0.954784]], [[0.410258, 0.909705, 0.0642339], [-0.911028, 0.405616, 0.0741945], [0.0414408, -0.0889577, 0.995173]], [[0.410258, 0.909705, 0.0642339], [-0.904387, 0.4149, -0.0997088], [-0.117356, -0.017186, 0.992941]]], "btipPosition": [-7.34317, 126.774, 12.1063], "carpPosition": [-18.0105, 114.449, 118.527], "dipPosition": [-4.5312, 126.362, 35.8982], "direction": [0.0414408, 0.0889577, -0.995173], "extended": false, "handId": 717, "id": 7170, "length": 53.3576, "mcpPosition": [-18.0105, 114.449, 118.527], "pipPosition": [-5.9778, 123.257, 70.6373], "stabilizedTipPosition": [-10.9498, 135.506, 23.4214], "timeVisible": 5.22053, "tipPosition": [-3.85363, 128.385, 18.7115], "tipVelocity": [3.236, -8.04823, -4.94467], "tool": false, "touchDistance": 0.0450057, "touchZone": "hovering", "type": 0, "width": 21.2526}, {"bases": [[[0.958004, -0.0571363, -0.281005], [0.181222, 0.880083, 0.438877], [0.222232, -0.47137, 0.853477]], [[0.979421, -0.121199, -0.161383], [0.0189796, 0.85138, -0.524205], [0.200932, 0.510355, 0.836161]], [[0.979421, -0.121199, -0.161383], [-0.125656, 0.259549, -0.95752], [0.157938, 0.958095, 0.238978]], [[0.979421, -0.121199, -0.161383], [-0.161612, 0.00799918, -0.986822], [0.120893, 0.992596, -0.0117528]]], "btipPosition": [1.50905, 106.454, 14.0142], "carpPosition": [-29.7804, 135.128, 119.594], "dipPosition": [-0.605673, 123.817, 13.8086], "direction": [0.157938, -0.958095, -0.238978], "extended": false, "handId": 717, "id": 7171, "length": 60.2081, "mcpPosition": [-13.3521, 169.974, 56.5014], "pipPosition": [-4.51401, 147.526, 19.7224], "stabilizedTipPosition": [-3.10437, 117.669, 15.3645], "timeVisible": 5.22053, "tipPosition": [1.39457, 112.518, 10.125], "tipVelocity": [7.71391, -6.43302, -7.3946], "tool": false, "touchDistance": 0.170089, "touchZone": "hovering", "type": 1, "width": 20.3005}, {"bases": [[[0.934196, -0.269485, -0.233787], [0.34541, 0.847191, 0.403683], [0.0892756, -0.457871, 0.884525]], [[0.937305, -0.332697, -0.103786], [0.279341, 0.895263, -0.347092], [0.208393, 0.296339, 0.932071]], [[0.937305, -0.332697, -0.103786], [0.138988, 0.629937, -0.764109], [0.319596, 0.701778, 0.636684]], [[0.937305, -0.332697, -0.103786], [0.055643, 0.436841, -0.897816], [0.344039, 0.835753, 0.427965]]], "btipPosition": [-9.21809, 117.177, -18.375], "carpPosition": [-41.6843, 136.214, 116.4], "dipPosition": [-15.8373, 133.257, -10.1412], "direction": [0.319596, -0.701778, -0.636684], "extended": false, "handId": 717, "id": 7172, "length": 68.6023, "mcpPosition": [-35.4257, 168.312, 54.3912], "pipPosition": [-25.1419, 153.688, 8.39505], "stabilizedTipPosition": [-14.9148, 129.892, -12.2696], "timeVisible": 5.22053, "tipPosition": [-10.7506, 123.526, -18.4311], "tipVelocity": [7.12793, -8.37891, -6.00444], "tool": false, "touchDistance": -0.0563434, "touchZone": "touching", "type": 2, "width": 19.9378}, {"bases": [[[0.908437, -0.39702, -0.130835], [0.413941, 0.810745, 0.413939], [-0.0582682, -0.430196, 0.900853]], [[0.903783, -0.420356, -0.0804762], [0.364898, 0.855071, -0.368378], [0.223663, 0.303569, 0.926186]], [[0.903783, -0.420356, -0.0804762], [0.23394, 0.642656, -0.729565], [0.358395, 0.640542, 0.67916]], [[0.903783, -0.420356, -0.0804762], [0.146858, 0.481204, -0.86422], [0.402005, 0.769249, 0.496636]]], "btipPosition": [-28.9801, 114.356, -14.6665], "carpPosition": [-53.3985, 134.047, 113.164], "dipPosition": [-36.6701, 129.071, -5.16636], "direction": [0.358395, -0.640542, -0.67916], "extended": false, "handId": 717, "id": 7173, "length": 65.963, "mcpPosition": [-57.066, 161.124, 56.463], "pipPosition": [-46.8348, 147.238, 14.0958], "stabilizedTipPosition": [-34.0237, 130.761, -5.91524], "timeVisible": 5.22053, "tipPosition": [-31.57, 121.333, -14.9498], "tipVelocity": [6.81439, -8.03021, -6.91534], "tool": false, "touchDistance": -0.142794, "touchZone": "touching", "type": 3, "width": 18.972}], "r": [[-0.0480653, 0.956888, 0.286454], [-0.344385, 0.253324, -0.904005], [-0.937597, -0.142102, 0.317362]], "s": 0.815175, "t": [10.806, 6.93448, -10.5747], "timestamp": 746962959876}, {"currentFrameRate": 115.376, "devices": [], "gestures": [], "hands": [{"armBasis": [[0.972893, -0.143919, -0.181018], [0.197781, 0.923462, 0.328787], [0.119845, -0.355676, 0.926894]], "armWidth": 66.0059, "confidence": 1, "direction": [0.0292933, 0.577971, -0.815532], "elbow": [-82.2967, 13.9103, 388.137], "grabAngle": 1.6663, "grabStrength": 0.623219, "id": 717, "palmNormal": [0.212695, -0.800801, -0.559891], "palmPosition": [-38.1565, 149.715, 72.0346], "palmVelocity": [5.08112, -5.6304, -5.45878], "palmWidth": 91.4281, "pinchDistance": 6.25973, "pinchStrength": 1, "r": [[-0.0478688, 0.956927, 0.286357], [-0.344396, 0.253294, -0.90401], [-0.937603, -0.141894, 0.317437]], "s": 0.815055, "sphereCenter": [-31.349, 112.316, 30.3058], "sphereRadius": 46.329, "stabilizedPalmPosition": [-44.2011, 155.702, 78.8286], "t": [-10.7634, 6.89673, -10.6202], "timeVisible": 5.22912, "type": "left", "wrist": [-49.7829, 110.405, 136.671]}], "id": 1319742, "interactionBox": {"center": [0, 200, 0], "size": [235.247, 235.247, 147.751]}, "pointables": [{"bases": [[[0.814346, -0.573036, -0.0920365], [0.543852, 0.698067, 0.465754], [-0.202646, -0.429339, 0.880115]], [[0.806028, -0.588988, -0.0584148], [0.504803, 0.735621, -0.451703], [0.309019, 0.334597, 0.890254]], [[0.806028, -0.588988, -0.0584148], [0.320929, 0.517838, -0.793], [0.497317, 0.620433, 0.606415]], [[0.806028, -0.588988, -0.0584148], [0.217151, 0.386087, -0.896539], [0.550604, 0.709951, 0.439096]]], "btipPosition": [-44.439, 112.728, 5.69032], "carpPosition": [-63.4941, 124.778, 109.09], "dipPosition": [-54.1557, 125.257, 13.4392], "direction": [0.497317, -0.620433, -0.606415], "extended": false, "handId": 717, "id": 7174, "length": 51.7137, "mcpPosition": [-75.3011, 149.794, 57.8108], "pipPosition": [-64.1142, 137.681, 25.5824], "stabilizedTipPosition": [-50.9118, 129.22, 13.4539], "timeVisible": 5.22912, "tipPosition": [-48.8627, 120.568, 3.70848], "tipVelocity": [9.38153, -13.6114, -0.557345], "tool": false, "touchDistance": -0.117699, "touchZone": "touching", "type": 4, "width": 16.8524}, {"bases": [[[0.577538, 0.765839, 0.282738], [-0.679473, 0.258968, 0.686478], [0.452511, -0.58858, 0.669931]], [[0.410803, 0.909509, 0.0635071], [-0.879606, 0.377043, 0.290056], [0.239864, -0.175017, 0.9549]], [[0.410803, 0.909509, 0.0635071], [-0.91079, 0.406234, 0.0737184], [0.0412488, -0.0881254, 0.995255]], [[0.410803, 0.909509, 0.0635071], [-0.904079, 0.415371, -0.10054], [-0.117821, -0.0161132, 0.992904]]], "btipPosition": [-7.31746, 126.689, 12.0873], "carpPosition": [-17.9653, 114.448, 118.516], "dipPosition": [-4.49435, 126.303, 35.8783], "direction": [0.0412488, 0.0881254, -0.995255], "extended": false, "handId": 717, "id": 7170, "length": 53.3576, "mcpPosition": [-17.9653, 114.448, 118.516], "pipPosition": [-5.93425, 123.227, 70.6203], "stabilizedTipPosition": [-10.9384, 135.482, 23.4059], "timeVisible": 5.22912, "tipPosition": [-3.79289, 128.302, 18.6896], "tipVelocity": [3.29233, -9.18875, -2.24065], "tool": false, "touchDistance": 0.044685, "touchZone": "hovering", "type": 0, "width": 21.2526}, {"bases": [[[0.957896, -0.0577866, -0.281241], [0.181733, 0.880372, 0.438084], [0.222281, -0.47075, 0.853807]], [[0.979332, -0.121814, -0.161463], [0.0194431, 0.851297, -0.524323], [0.201323, 0.510347, 0.836071]], [[0.979332, -0.121814, -0.161463], [-0.125588, 0.259532, -0.957534], [0.158546, 0.958021, 0.238869]], [[0.979332, -0.121814, -0.161463], [-0.161707, 0.00794806, -0.986807], [0.121491, 0.992521, -0.0119145]]], "btipPosition": [1.59131, 106.406, 13.9672], "carpPosition": [-29.7445, 135.124, 119.562], "dipPosition": [-0.533863, 123.768, 13.7588], "direction": [0.158546, -0.958021, -0.238869], "extended": false, "handId": 717, "id": 7171, "length": 60.2081, "mcpPosition": [-13.3126, 169.923, 56.4449], "pipPosition": [-4.45726, 147.475, 19.6698], "stabilizedTipPosition": [-3.09482, 117.653, 15.3612], "timeVisible": 5.22912, "tipPosition": [1.47129, 112.427, 10.1353], "tipVelocity": [9.29858, -5.53501, -5.55233], "tool": false, "touchDistance": 0.169294, "touchZone": "hovering", "type": 1, "width": 20.3005}, {"bases": [[[0.93401, -0.270085, -0.233837], [0.345896, 0.84738, 0.402869], [0.08934, -0.457167, 0.884882]], [[0.937129, -0.333198, -0.103766], [0.27974, 0.894989, -0.347478], [0.208648, 0.296604, 0.931929]], [[0.937129, -0.333198, -0.103766], [0.139107, 0.629349, -0.764571], [0.320058, 0.702067, 0.636132]], [[0.937129, -0.333198, -0.103766], [0.0555232, 0.435905, -0.898278], [0.344537, 0.836042, 0.427]]], "btipPosition": [-9.14157, 117.088, -18.395], "carpPosition": [-41.6479, 136.201, 116.363], "dipPosition": [-15.7703, 133.173, -10.1797], "direction": [0.320058, -0.702067, -0.636132], "extended": false, "handId": 717, "id": 7172, "length": 68.6023, "mcpPosition": [-35.3848, 168.25, 54.3296], "pipPosition": [-25.0884, 153.613, 8.3404], "stabilizedTipPosition": [-14.9148, 129.892, -12.2696], "timeVisible": 5.22912, "tipPosition": [-10.6688, 123.409, -18.4444], "tipVelocity": [8.6534, -10.225, -2.82719], "tool": false, "touchDistance": -0.056748, "touchZone": "touching", "type": 2, "width": 19.9378}, {"bases": [[[0.908226, -0.397523, -0.130771], [0.414415, 0.810913, 0.413136], [-0.058187, -0.429414, 0.901231]], [[0.903576, -0.420819, -0.0803798], [0.365246, 0.854709, -0.368874], [0.223931, 0.303947, 0.925997]], [[0.903576, -0.420819, -0.0803798], [0.234067, 0.642035, -0.730071], [0.358834, 0.640861, 0.678628]], [[0.903576, -0.420819, -0.0803798], [0.146806, 0.480382, -0.864685], [0.402489, 0.769509, 0.495841]]], "btipPosition": [-28.9028, 114.255, -14.6896], "carpPosition": [-53.3602, 134.027, 113.126], "dipPosition": [-36.602, 128.975, -5.20462], "direction": [0.358834, -0.640861, -0.678628], "extended": false, "handId": 717, "id": 7173, "length": 65.963, "mcpPosition": [-57.0226, 161.055, 56.401], "pipPosition": [-46.7792, 147.151, 14.0425], "stabilizedTipPosition": [-34.0145, 130.725, -5.93323], "timeVisible": 5.22912, "tipPosition": [-31.4872, 121.209, -14.9675], "tipVelocity": [8.75412, -11.6237, -3.09066], "tool": false, "touchDistance": -0.143236, "touchZone": "touching", "type": 3, "width": 18.972}], "r": [[-0.0478688, 0.956927, 0.286357], [-0.344396, 0.253294, -0.90401], [-0.937603, -0.141894, 0.317437]], "s": 0.815055, "t": [10.7634, 6.89673, -10.6202], "timestamp": 746962968464}, {"currentFrameRate": 115.186, "devices": [], "gestures": [], "hands": [{"armBasis": [[0.972859, -0.144194, -0.180977], [0.197975, 0.923566, 0.328378], [0.119794, -0.355294, 0.927047]], "armWidth": 66.0059, "confidence": 1, "direction": [0.0292594, 0.577528, -0.815846], "elbow": [-82.2595, 14.0327, 388.153], "grabAngle": 1.66653, "grabStrength": 0.622381, "id": 717, "palmNormal": [0.212876, -0.801072, -0.559435], "palmPosition": [-38.1354, 149.701, 71.9886], "palmVelocity": [2.34938, -1.51879, -5.11628], "palmWidth": 91.4281, "pinchDistance": 6.30645, "pinchStrength": 1, "r": [[-0.0476744, 0.956991, 0.286174], [-0.34441, 0.253182, -0.904036], [-0.937608, -0.141661, 0.317527]], "s": 0.814828, "sphereCenter": [-31.3274, 112.274, 30.2755], "sphereRadius": 46.3364, "stabilizedPalmPosition": [-44.1904, 155.691, 78.8165], "t": [-10.7315, 6.87101, -10.666], "timeVisible": 5.23812, "type": "left", "wrist": [-49.7594, 110.424, 136.645]}], "id": 1319743, "interactionBox": {"center": [0, 200, 0], "size": [235.247, 235.247, 147.751]}, "pointables": [{"bases": [[[0.814241, -0.573225, -0.0917865], [0.544009, 0.69823, 0.465328], [-0.20265, -0.428822, 0.880366]], [[0.805924, -0.589156, -0.0581592], [0.504889, 0.735287, -0.452149], [0.30915, 0.335034, 0.890044]], [[0.805924, -0.589156, -0.0581592], [0.320531, 0.516826, -0.79382], [0.497742, 0.621117, 0.605365]], [[0.805924, -0.589156, -0.0581592], [0.216617, 0.384883, -0.897185], [0.550967, 0.710465, 0.437808]]], "btipPosition": [-44.397, 112.662, 5.69261], "carpPosition": [-63.4716, 124.781, 109.056], "dipPosition": [-54.1201, 125.2, 13.4188], "direction": [0.497742, -0.621117, -0.605365], "extended": false, "handId": 717, "id": 7174, "length": 51.7137, "mcpPosition": [-75.2789, 149.766, 57.7617], "pipPosition": [-64.0872, 137.637, 25.541], "stabilizedTipPosition": [-50.9061, 129.201, 13.4459], "timeVisible": 5.23812, "tipPosition": [-48.8268, 120.505, 3.68509], "tipVelocity": [4.4945, -7.14174, -0.326242], "tool": false, "touchDistance": -0.117748, "touchZone": "touching", "type": 4, "width": 16.8524}, {"bases": [[[0.577691, 0.765895, 0.282272], [-0.679374, 0.259461, 0.68639], [0.452464, -0.588289, 0.670218]], [[0.411029, 0.909439, 0.0630534], [-0.879515, 0.377408, 0.289857], [0.239811, -0.174596, 0.954991]], [[0.411029, 0.909439, 0.0630534], [-0.910696, 0.406511, 0.0733563], [0.0410812, -0.0875741, 0.995311]], [[0.411029, 0.909439, 0.0630534], [-0.903925, 0.415552, -0.10117], [-0.11821, -0.0154116, 0.992869]]], "btipPosition": [-7.31183, 126.647, 12.0565], "carpPosition": [-17.9418, 114.464, 118.491], "dipPosition": [-4.4794, 126.278, 35.8467], "direction": [0.0410812, 0.0875741, -0.995311], "extended": false, "handId": 717, "id": 7170, "length": 53.3576, "mcpPosition": [-17.9418, 114.464, 118.491], "pipPosition": [-5.91344, 123.221, 70.5906], "stabilizedTipPosition": [-10.9276, 135.46, 23.391], "timeVisible": 5.23812, "tipPosition": [-3.76802, 128.263, 18.6564], "tipVelocity": [0.863536, -4.22191, -3.43642], "tool": false, "touchDistance": 0.0441693, "touchZone": "hovering", "type": 0, "width": 21.2526}, {"bases": [[[0.957864, -0.0581046, -0.281285], [0.181918, 0.880582, 0.437586], [0.222269, -0.470319, 0.854047]], [[0.9793, -0.122082, -0.161452], [0.0197465, 0.851455, -0.524055], [0.201446, 0.51002, 0.836241]], [[0.9793, -0.122082, -0.161452], [-0.125444, 0.259934, -0.957444], [0.158853, 0.957878, 0.239239]], [[0.9793, -0.122082, -0.161452], [-0.161645, 0.0083871, -0.986813], [0.121826, 0.992485, -0.0115204]]], "btipPosition": [1.62914, 106.407, 13.8885], "carpPosition": [-29.7246, 135.137, 119.524], "dipPosition": [-0.50191, 123.768, 13.6869], "direction": [0.158853, -0.957878, -0.239239], "extended": false, "handId": 717, "id": 7171, "length": 60.2081, "mcpPosition": [-13.2937, 169.905, 56.3898], "pipPosition": [-4.4329, 147.472, 19.6072], "stabilizedTipPosition": [-3.08713, 117.639, 15.3585], "timeVisible": 5.23812, "tipPosition": [1.50208, 112.377, 10.1297], "tipVelocity": [4.0509, 0.0488973, -8.56537], "tool": false, "touchDistance": 0.168009, "touchZone": "hovering", "type": 1, "width": 20.3005}, {"bases": [[[0.933945, -0.270373, -0.233763], [0.346073, 0.847542, 0.402376], [0.0893322, -0.456696, 0.885126]], [[0.937064, -0.333415, -0.103657], [0.27997, 0.894899, -0.347522], [0.208632, 0.29663, 0.931925]], [[0.937064, -0.333415, -0.103657], [0.139156, 0.628908, -0.764925], [0.320228, 0.70236, 0.635724]], [[0.937064, -0.333415, -0.103657], [0.0553655, 0.435012, -0.898721], [0.344739, 0.83642, 0.426094]]], "btipPosition": [-9.11414, 117.048, -18.4215], "carpPosition": [-41.628, 136.211, 116.324], "dipPosition": [-15.7468, 133.141, -10.2236], "direction": [0.320228, -0.70236, -0.635724], "extended": false, "handId": 717, "id": 7172, "length": 68.6023, "mcpPosition": [-35.3654, 168.227, 54.2736], "pipPosition": [-25.0698, 153.589, 8.28461], "stabilizedTipPosition": [-14.9148, 129.892, -12.2696], "timeVisible": 5.23812, "tipPosition": [-10.6359, 123.347, -18.4712], "tipVelocity": [2.94728, -4.25712, -3.38454], "tool": false, "touchDistance": -0.057256, "touchZone": "touching", "type": 2, "width": 19.9378}, {"bases": [[[0.908148, -0.397749, -0.130625], [0.414586, 0.811069, 0.412658], [-0.0581887, -0.428909, 0.901472]], [[0.903508, -0.420983, -0.080298], [0.365376, 0.854563, -0.369083], [0.223997, 0.30413, 0.925921]], [[0.903508, -0.420983, -0.080298], [0.233966, 0.641487, -0.730585], [0.359074, 0.641302, 0.678084]], [[0.903508, -0.420983, -0.080298], [0.146546, 0.479542, -0.865196], [0.402739, 0.769944, 0.494963]]], "btipPosition": [-28.8677, 114.2, -14.7077], "carpPosition": [-53.3397, 134.033, 113.087], "dipPosition": [-36.5717, 128.929, -5.23951], "direction": [0.359074, -0.641302, -0.678084], "extended": false, "handId": 717, "id": 7173, "length": 65.963, "mcpPosition": [-57.0022, 161.029, 56.3472], "pipPosition": [-46.7557, 147.117, 13.9922], "stabilizedTipPosition": [-34.0047, 130.687, -5.95245], "timeVisible": 5.23812, "tipPosition": [-31.4538, 121.147, -14.996], "tipVelocity": [3.77303, -5.85826, -2.43865], "tool": false, "touchDistance": -0.143602, "touchZone": "touching", "type": 3, "width": 18.972}], "r": [[-0.0476744, 0.956991, 0.286174], [-0.34441, 0.253182, -0.904036], [-0.937608, -0.141661, 0.317527]], "s": 0.814828, "t": [10.7315, 6.87101, -10.666], "timestamp": 746962977468}, {"currentFrameRate": 115.31, "devices": [], "gestures": [], "hands": [{"armBasis": [[0.972843, -0.144441, -0.180868], [0.198098, 0.923736, 0.327826], [0.119723, -0.354752, 0.927263]], "armWidth": 66.0059, "confidence": 1, "direction": [0.0291298, 0.577583, -0.815812], "elbow": [-82.2115, 14.1704, 388.145], "grabAngle": 1.66722, "grabStrength": 0.621925, "id": 717, "palmNormal": [0.213026, -0.800996, -0.559487], "palmPosition": [-38.1154, 149.692, 71.9206], "palmVelocity": [2.36114, -1.11003, -8.03289], "palmWidth": 91.4281, "pinchDistance": 6.34158, "pinchStrength": 1, "r": [[-0.0474819, 0.95704, 0.28604], [-0.344409, 0.253117, -0.904055], [-0.937618, -0.141441, 0.317595]], "s": 0.814491, "sphereCenter": [-31.3056, 112.273, 30.2059], "sphereRadius": 46.3305, "stabilizedPalmPosition": [-44.1828, 155.684, 78.8079], "t": [-10.7056, 6.85346, -10.7229], "timeVisible": 5.24658, "type": "left", "wrist": [-49.7307, 110.415, 136.578]}], "id": 1319744, "interactionBox": {"center": [0, 200, 0], "size": [235.247, 235.247, 147.751]}, "pointables": [{"bases": [[[0.814128, -0.573382, -0.0918067], [0.544139, 0.698093, 0.46538], [-0.202751, -0.428835, 0.880337]], [[0.805771, -0.589376, -0.0580436], [0.505035, 0.73502, -0.452421], [0.309309, 0.335234, 0.889913]], [[0.805771, -0.589376, -0.0580436], [0.320012, 0.515774, -0.794714], [0.498322, 0.621783, 0.604203]], [[0.805771, -0.589376, -0.0580436], [0.215981, 0.383703, -0.897844], [0.551439, 0.710921, 0.436471]]], "btipPosition": [-44.3516, 112.617, 5.67691], "carpPosition": [-63.446, 124.764, 108.987], "dipPosition": [-54.083, 125.163, 13.3795], "direction": [0.498322, -0.621783, -0.604203], "extended": false, "handId": 717, "id": 7174, "length": 51.7137, "mcpPosition": [-75.2592, 149.75, 57.6945], "pipPosition": [-64.0617, 137.614, 25.4784], "stabilizedTipPosition": [-50.9008, 129.185, 13.4386], "timeVisible": 5.24658, "tipPosition": [-48.793, 120.477, 3.63154], "tipVelocity": [5.14073, -5.04491, -2.49694], "tool": false, "touchDistance": -0.118101, "touchZone": "touching", "type": 4, "width": 16.8524}, {"bases": [[[0.577838, 0.765763, 0.282329], [-0.679335, 0.259554, 0.686393], [0.452335, -0.58842, 0.67019]], [[0.411219, 0.909348, 0.0631282], [-0.87948, 0.3776, 0.289712], [0.239612, -0.174655, 0.95503]], [[0.411219, 0.909348, 0.0631282], [-0.910617, 0.406709, 0.0732396], [0.0409255, -0.0876032, 0.995314]], [[0.411219, 0.909348, 0.0631282], [-0.903806, 0.415753, -0.101413], [-0.118465, -0.0153528, 0.992839]]], "btipPosition": [-7.30549, 126.642, 11.9847], "carpPosition": [-17.914, 114.455, 118.42], "dipPosition": [-4.46694, 126.274, 35.7741], "direction": [0.0409255, 0.0876032, -0.995314], "extended": false, "handId": 717, "id": 7170, "length": 53.3576, "mcpPosition": [-17.914, 114.455, 118.42], "pipPosition": [-5.89556, 123.216, 70.5182], "stabilizedTipPosition": [-10.9202, 135.444, 23.3808], "timeVisible": 5.24658, "tipPosition": [-3.74802, 128.261, 18.5853], "tipVelocity": [0.915367, -0.628825, -8.51281], "tool": false, "touchDistance": 0.0429687, "touchZone": "hovering", "type": 0, "width": 21.2526}, {"bases": [[[0.957857, -0.0582778, -0.281271], [0.182085, 0.880519, 0.437643], [0.22216, -0.470415, 0.854023]], [[0.979256, -0.122146, -0.161674], [0.0198219, 0.851804, -0.523485], [0.201656, 0.509421, 0.836555]], [[0.979256, -0.122146, -0.161674], [-0.125549, 0.260519, -0.957271], [0.159046, 0.957711, 0.239779]], [[0.979256, -0.122146, -0.161674], [-0.161802, 0.00893236, -0.986783], [0.121976, 0.992472, -0.0110165]]], "btipPosition": [1.66144, 106.434, 13.7853], "carpPosition": [-29.7009, 135.127, 119.455], "dipPosition": [-0.472227, 123.795, 13.5926], "direction": [0.159046, -0.957711, -0.239779], "extended": false, "handId": 717, "id": 7171, "length": 60.2081, "mcpPosition": [-13.278, 169.902, 56.3226], "pipPosition": [-4.40799, 147.495, 19.5262], "stabilizedTipPosition": [-3.08154, 117.63, 15.3564], "timeVisible": 5.24658, "tipPosition": [1.52741, 112.375, 10.0684], "tipVelocity": [3.7462, 3.20426, -11.9554], "tool": false, "touchDistance": 0.166323, "touchZone": "hovering", "type": 1, "width": 20.3005}, {"bases": [[[0.933896, -0.270544, -0.233762], [0.346234, 0.847448, 0.402434], [0.0892253, -0.456768, 0.8851]], [[0.937002, -0.333573, -0.10371], [0.280176, 0.894959, -0.347204], [0.208634, 0.296274, 0.932037]], [[0.937002, -0.333573, -0.10371], [0.1391, 0.628625, -0.765168], [0.320434, 0.702538, 0.635423]], [[0.937002, -0.333573, -0.10371], [0.0551614, 0.434453, -0.899004], [0.34494, 0.836648, 0.425484]]], "btipPosition": [-9.08823, 117.049, -18.4735], "carpPosition": [-41.6045, 136.198, 116.256], "dipPosition": [-15.7247, 133.145, -10.2874], "direction": [0.320434, -0.702538, -0.635423], "extended": false, "handId": 717, "id": 7172, "length": 68.6023, "mcpPosition": [-35.3495, 168.219, 54.2067], "pipPosition": [-25.0537, 153.599, 8.21215], "stabilizedTipPosition": [-14.9148, 129.892, -12.2696], "timeVisible": 5.24658, "tipPosition": [-10.6124, 123.345, -18.5392], "tipVelocity": [2.95723, 0.146617, -6.46244], "tool": false, "touchDistance": -0.0581674, "touchZone": "touching", "type": 2, "width": 19.9378}, {"bases": [[[0.908071, -0.397922, -0.130632], [0.41474, 0.810961, 0.412715], [-0.0582904, -0.428953, 0.901444]], [[0.903431, -0.421136, -0.080356], [0.365537, 0.854556, -0.368939], [0.224042, 0.303938, 0.925974]], [[0.903431, -0.421136, -0.080356], [0.233816, 0.64107, -0.730999], [0.359363, 0.641619, 0.677631]], [[0.903431, -0.421136, -0.080356], [0.146253, 0.478908, -0.865597], [0.403017, 0.770255, 0.494252]]], "btipPosition": [-28.8347, 114.182, -14.7505], "carpPosition": [-53.3158, 134.018, 113.019], "dipPosition": [-36.544, 128.916, -5.29599], "direction": [0.359363, -0.641619, -0.677631], "extended": false, "handId": 717, "id": 7173, "length": 65.963, "mcpPosition": [-56.9847, 161.017, 56.2803], "pipPosition": [-46.7362, 147.114, 13.9228], "stabilizedTipPosition": [-33.9971, 130.657, -5.96738], "timeVisible": 5.24658, "tipPosition": [-31.4281, 121.138, -15.0611], "tipVelocity": [3.75871, -2.00363, -5.43755], "tool": false, "touchDistance": -0.144369, "touchZone": "touching", "type": 3, "width": 18.972}], "r": [[-0.0474819, 0.95704, 0.28604], [-0.344409, 0.253117, -0.904055], [-0.937618, -0.141441, 0.317595]], "s": 0.814491, "t": [10.7056, 6.85346, -10.7229], "timestamp": 746962985930}, {"currentFrameRate": 114.987, "devices": [], "gestures": [], "hands": [{"armBasis": [[0.972765, -0.145027, -0.180818], [0.198555, 0.923863, 0.32719], [0.119599, -0.354181, 0.927497]], "armWidth": 66.0059, "confidence": 1, "direction": [0.0287488, 0.577655, -0.815774], "elbow": [-82.1407, 14.3231, 388.193], "grabAngle": 1.66798, "grabStrength": 0.621176, "id": 717, "palmNormal": [0.213462, -0.800834, -0.559553], "palmPosition": [-38.1029, 149.693, 71.9033], "palmVelocity": [1.35001, 0.184038, -1.87075], "palmWidth": 91.4281, "pinchDistance": 6.37897, "pinchStrength": 1, "r": [[-0.0472194, 0.957082, 0.285945], [-0.344368, 0.253117, -0.90407], [-0.937647, -0.14116, 0.317636]], "s": 0.814106, "sphereCenter": [-31.2779, 112.286, 30.1852], "sphereRadius": 46.3266, "stabilizedPalmPosition": [-44.1758, 155.677, 78.7999], "t": [-10.6864, 6.84553, -10.76], "timeVisible": 5.25583, "type": "left", "wrist": [-49.6934, 110.412, 136.563]}], "id": 1319745, "interactionBox": {"center": [0, 200, 0], "size": [235.247, 235.247, 147.751]}, "pointables": [{"bases": [[[0.813799, -0.57385, -0.091801], [0.54452, 0.697745, 0.465457], [-0.203049, -0.428776, 0.880297]], [[0.805384, -0.589923, -0.0578618], [0.505531, 0.734563, -0.452609], [0.309508, 0.335273, 0.88983]], [[0.805384, -0.589923, -0.0578618], [0.319758, 0.514579, -0.79559], [0.499111, 0.622254, 0.603066]], [[0.805384, -0.589923, -0.0578618], [0.215556, 0.382412, -0.898497], [0.552171, 0.711162, 0.43515]]], "btipPosition": [-44.304, 112.583, 5.71075], "carpPosition": [-63.417, 124.749, 108.969], "dipPosition": [-54.0484, 125.133, 13.39], "direction": [0.499111, -0.622254, -0.603066], "extended": false, "handId": 717, "id": 7174, "length": 51.7137, "mcpPosition": [-75.2475, 149.731, 57.6792], "pipPosition": [-64.0429, 137.594, 25.4662], "stabilizedTipPosition": [-50.8953, 129.167, 13.4311], "timeVisible": 5.25583, "tip