{"frames": 77, "data": [{"currentFrameRate": 113.782, "devices": [], "gestures": [], "hands": [{"armBasis": [[0.985093, -0.0714047, -0.156503], [0.111616, 0.957584, 0.26566], [0.130896, -0.279168, 0.951279]], "armWidth": 65.0425, "confidence": 1, "direction": [0.0375492, 0.56951, -0.821127], "elbow": [-84.0223, 31.0786, 391.722], "grabAngle": 1.73676, "grabStrength": 0.792202, "id": 717, "palmNormal": [0.130755, -0.817441, -0.560975], "palmPosition": [-37.2552, 142.288, 73.3413], "palmVelocity": [7.45691, 3.98199, 6.47191], "palmWidth": 89.9061, "pinchDistance": 10.5308, "pinchStrength": 0.996336, "r": [[-0.123151, 0.953997, 0.273356], [-0.32841, 0.220755, -0.918376], [-0.936473, -0.202872, 0.286116]], "s": 0.760218, "sphereCenter": [-34.1651, 108.226, 34.6154], "sphereRadius": 40.8505, "stabilizedPalmPosition": [-39.3818, 142.768, 73.3279], "t": [-9.87362, -0.595039, -9.39983], "timeVisible": 11.2127, "type": "left", "wrist": [-49.1015, 105.556, 137.936]}], "id": 1320420, "interactionBox": {"center": [0, 200, 0], "size": [235.247, 235.247, 147.751]}, "pointables": [{"bases": [[[0.970334, 0.0105445, -0.241537], [0.0991426, 0.893829, 0.43731], [0.220504, -0.448284, 0.866268]], [[0.994719, -0.100754, -0.0195799], [0.0678504, 0.788632, -0.61111], [0.0770129, 0.606554, 0.791303]], [[0.994719, -0.100754, -0.0195799], [0.0126734, 0.309874, -0.950693], [0.101853, 0.945424, 0.309515]], [[0.994719, -0.100754, -0.0195799], [-0.00539823, 0.139145, -0.990257], [0.102496, 0.985133, 0.137867]]], "btipPosition": [-4.58708, 94.5791, 13.079], "carpPosition": [-28.1282, 127.649, 119.827], "dipPosition": [-6.33603, 111.389, 15.4315], "direction": [0.101853, -0.945424, -0.309515], "extended": false, "handId": 717, "id": 7171, "length": 58.7315, "mcpPosition": [-12.0991, 160.236, 56.8553], "pipPosition": [-8.79467, 134.211, 22.903], "stabilizedTipPosition": [-6.37763, 100.119, 13.0182], "timeVisible": 11.2127, "tipPosition": [-5.42437, 101.507, 12.3165], "tipVelocity": [12.4927, 13.4804, 1.58233], "tool": false, "touchDistance": 0.0704237, "touchZone": "hovering", "type": 1, "width": 20.0217}, {"bases": [[[0.95999, -0.202649, -0.193268], [0.266579, 0.872685, 0.409093], [0.0857599, -0.444246, 0.891791]], [[0.962565, -0.262654, -0.0669419], [0.208454, 0.875197, -0.436552], [0.173249, 0.406255, 0.897185]], [[0.962565, -0.262654, -0.0669419], [0.110346, 0.605305, -0.788308], [0.247573, 0.751411, 0.611628]], [[0.962565, -0.262654, -0.0669419], [0.0473711, 0.406186, -0.912562], [0.266879, 0.875229, 0.403423]]], "btipPosition": [-13.5537, 102.843, -12.456], "carpPosition": [-39.8453, 129.54, 117.151], "dipPosition": [-18.5624, 119.269, -4.88472], "direction": [0.247573, -0.751411, -0.611628], "extended": false, "handId": 717, "id": 7172, "length": 66.9198, "mcpPosition": [-33.9333, 160.165, 55.6741], "pipPosition": [-25.5934, 140.609, 12.4853], "stabilizedTipPosition": [-15.8386, 108.15, -11.0843], "timeVisible": 11.2127, "tipPosition": [-15.9439, 110.912, -12.8181], "tipVelocity": [11.0944, 18.0728, -0.423055], "tool": false, "touchDistance": -0.239077, "touchZone": "touching", "type": 2, "width": 19.6639}, {"bases": [[[0.939301, -0.331021, -0.0902126], [0.337083, 0.84137, 0.422459], [-0.0639405, -0.427225, 0.901881]], [[0.931918, -0.361957, -0.0227098], [0.301651, 0.808369, -0.505515], [0.201333, 0.464249, 0.862519]], [[0.931918, -0.361957, -0.0227098], [0.186369, 0.531674, -0.82619], [0.311119, 0.765709, 0.562934]], [[0.931918, -0.361957, -0.0227098], [0.120796, 0.368832, -0.921613], [0.34196, 0.856125, 0.387444]]], "btipPosition": [-31.5941, 96.7963, -2.65405], "carpPosition": [-51.6088, 128.229, 114.458], "dipPosition": [-37.975, 112.771, 4.5756], "direction": [0.311119, -0.765709, -0.562934], "extended": false, "handId": 717, "id": 7173, "length": 64.3452, "mcpPosition": [-55.5663, 154.671, 58.637], "pipPosition": [-46.5825, 133.956, 20.1498], "stabilizedTipPosition": [-34.0449, 101.115, 0.487115], "timeVisible": 11.2127, "tipPosition": [-33.8249, 103.162, -2.22189], "tipVelocity": [10.5397, 16.8508, -4.56661], "tool": false, "touchDistance": -0.165585, "touchZone": "touching", "type": 3, "width": 18.7115}, {"bases": [[[0.856894, -0.512681, -0.0537774], [0.472093, 0.73857, 0.481293], [-0.207031, -0.437805, 0.874909]], [[0.846457, -0.532287, -0.0134537], [0.386296, 0.631296, -0.672488], [0.36645, 0.564035, 0.739986]], [[0.846457, -0.532287, -0.0134537], [0.161041, 0.280012, -0.946393], [0.50752, 0.798914, 0.322738]], [[0.846457, -0.532287, -0.0134537], [0.0931359, 0.17289, -0.980528], [0.524248, 0.828722, 0.195919]]], "btipPosition": [-42.3457, 95.156, 25.0426], "carpPosition": [-62.3628, 119.862, 110.978], "dipPosition": [-51.3703, 109.422, 28.4152], "direction": [0.50752, -0.798914, -0.322738], "extended": false, "handId": 717, "id": 7174, "length": 50.4454, "mcpPosition": [-74.2246, 144.946, 60.8509], "pipPosition": [-61.284, 125.028, 34.7194], "stabilizedTipPosition": [-43.2327, 97.8665, 28.3594], "timeVisible": 11.2127, "tipPosition": [-45.4495, 101.339, 24.3231], "tipVelocity": [11.2593, 7.35165, 0.472887], "tool": false, "touchDistance": -0.0913123, "touchZone": "touching", "type": 4, "width": 16.621}, {"bases": [[[0.50828, 0.807544, 0.299206], [-0.724182, 0.212767, 0.655965], [0.466059, -0.550094, 0.692954]], [[0.363471, 0.926128, 0.100874], [-0.913258, 0.332834, 0.234906], [0.183979, -0.177505, 0.96677]], [[0.363471, 0.926128, 0.100874], [-0.926762, 0.370482, -0.0620828], [-0.0948685, -0.0709206, 0.99296]], [[0.363471, 0.926128, 0.100874], [-0.884898, 0.377073, -0.273444], [-0.291281, 0.0101264, 0.956584]]], "btipPosition": [-19.068, 117.455, 14.6543], "carpPosition": [-18.1037, 106.522, 118.509], "dipPosition": [-12.2598, 117.692, 37.0129], "direction": [-0.0948685, 0.0709205, -0.99296], "extended": false, "handId": 717, "id": 7170, "length": 52.049, "mcpPosition": [-18.1037, 106.522, 118.509], "pipPosition": [-9.02934, 115.277, 70.8247], "stabilizedTipPosition": [-18.2505, 119.114, 19.2636], "timeVisible": 11.2127, "tipPosition": [-18.1868, 118.221, 20.4413], "tipVelocity": [14.5407, 5.38528, 5.31857], "tool": false, "touchDistance": 0.282556, "touchZone": "hovering", "type": 0, "width": 20.9607}], "r": [[-0.123151, 0.953997, 0.273356], [-0.32841, 0.220755, -0.918376], [-0.936473, -0.202872, 0.286116]], "s": 0.760218, "t": [9.87362, -0.595039, -9.39983], "timestamp": 746968952091}, {"currentFrameRate": 113.791, "devices": [], "gestures": [], "hands": [{"armBasis": [[0.98507, -0.0718875, -0.156428], [0.112138, 0.957373, 0.266199], [0.130624, -0.279766, 0.951141]], "armWidth": 65.0425, "confidence": 1, "direction": [0.0376609, 0.569679, -0.821004], "elbow": [-83.9078, 30.9323, 391.691], "grabAngle": 1.73625, "grabStrength": 0.789913, "id": 717, "palmNormal": [0.13131, -0.817284, -0.561074], "palmPosition": [-37.2072, 142.321, 73.3608], "palmVelocity": [5.4684, 3.8484, 2.22382], "palmWidth": 89.9061, "pinchDistance": 10.5189, "pinchStrength": 0.997698, "r": [[-0.122817, 0.954154, 0.272957], [-0.328692, 0.220408, -0.918358], [-0.936418, -0.202509, 0.286553]], "s": 0.760525, "sphereCenter": [-34.1021, 108.253, 34.6147], "sphereRadius": 40.878, "stabilizedPalmPosition": [-39.3769, 142.767, 73.328], "t": [-9.82253, -0.564647, -9.3697], "timeVisible": 11.2215, "type": "left", "wrist": [-49.0595, 105.569, 137.942]}], "id": 1320421, "interactionBox": {"center": [0, 200, 0], "size": [235.247, 235.247, 147.751]}, "pointables": [{"bases": [[[0.970239, 0.0102051, -0.241933], [0.0996768, 0.893708, 0.437437], [0.220682, -0.448534, 0.866093]], [[0.994666, -0.101212, -0.0198691], [0.0681157, 0.789225, -0.610315], [0.0774522, 0.605706, 0.79191]], [[0.994666, -0.101212, -0.0198691], [0.0125433, 0.309902, -0.950686], [0.102378, 0.945366, 0.309519]], [[0.994666, -0.101212, -0.0198691], [-0.00563182, 0.139055, -0.990269], [0.10299, 0.985099, 0.137743]]], "btipPosition": [-4.49951, 94.6643, 13.0883], "carpPosition": [-28.0935, 127.677, 119.848], "dipPosition": [-6.25687, 111.474, 15.4386], "direction": [0.102378, -0.945366, -0.309519], "extended": false, "handId": 717, "id": 7171, "length": 58.7315, "mcpPosition": [-12.0514, 160.283, 56.8885], "pipPosition": [-8.72819, 134.294, 22.9102], "stabilizedTipPosition": [-6.35753, 100.098, 13.0265], "timeVisible": 11.2215, "tipPosition": [-5.33423, 101.559, 12.3442], "tipVelocity": [9.76103, 9.69744, 0.994334], "tool": false, "touchDistance": 0.0705691, "touchZone": "hovering", "type": 1, "width": 20.0217}, {"bases": [[[0.95983, -0.202993, -0.193701], [0.267093, 0.872502, 0.409147], [0.0859502, -0.444448, 0.891672]], [[0.962427, -0.263078, -0.067265], [0.208959, 0.875726, -0.435247], [0.17341, 0.404838, 0.897795]], [[0.962427, -0.263078, -0.067265], [0.110664, 0.606213, -0.787565], [0.247968, 0.75053, 0.612549]], [[0.962427, -0.263078, -0.067265], [0.0474025, 0.406685, -0.912338], [0.267372, 0.87487, 0.403875]]], "btipPosition": [-13.4773, 102.981, -12.4958], "carpPosition": [-39.8103, 129.565, 117.167], "dipPosition": [-18.4953, 119.401, -4.91598], "direction": [0.247968, -0.75053, -0.612549], "extended": false, "handId": 717, "id": 7172, "length": 66.9198, "mcpPosition": [-33.8851, 160.203, 55.6983], "pipPosition": [-25.5375, 140.715, 12.4802], "stabilizedTipPosition": [-15.8055, 108.111, -11.0752], "timeVisible": 11.2215, "tipPosition": [-15.8399, 110.943, -12.782], "tipVelocity": [8.46089, 15.5989, -4.3085], "tool": false, "touchDistance": -0.239707, "touchZone": "touching", "type": 2, "width": 19.6639}, {"bases": [[[0.939133, -0.331376, -0.0906609], [0.33759, 0.841157, 0.422478], [-0.0637392, -0.427369, 0.901827]], [[0.931783, -0.36227, -0.0232783], [0.301966, 0.809076, -0.504195], [0.201489, 0.462771, 0.863276]], [[0.931783, -0.36227, -0.0232783], [0.186649, 0.533098, -0.825208], [0.311358, 0.76457, 0.564349]], [[0.931783, -0.36227, -0.0232783], [0.120861, 0.370051, -0.921116], [0.342307, 0.855466, 0.388592]]], "btipPosition": [-31.525, 96.9353, -2.73409], "carpPosition": [-51.5722, 128.249, 114.469], "dipPosition": [-37.9123, 112.898, 4.51697], "direction": [0.311358, -0.76457, -0.564349], "extended": false, "handId": 717, "id": 7173, "length": 64.3452, "mcpPosition": [-55.5172, 154.701, 58.6513], "pipPosition": [-46.5264, 134.051, 20.1304], "stabilizedTipPosition": [-34.0319, 101.109, 0.467793], "timeVisible": 11.2215, "tipPosition": [-33.7241, 103.189, -2.19873], "tipVelocity": [7.71128, 15.5239, -8.56243], "tool": false, "touchDistance": -0.166837, "touchZone": "touching", "type": 3, "width": 18.7115}, {"bases": [[[0.856668, -0.51301, -0.0542259], [0.472583, 0.738292, 0.481238], [-0.206845, -0.437887, 0.874911]], [[0.846, -0.533023, -0.0130481], [0.387275, 0.631126, -0.672085], [0.366471, 0.563531, 0.740359]], [[0.846, -0.533023, -0.0130481], [0.161902, 0.280129, -0.946211], [0.508007, 0.798383, 0.323286]], [[0.846, -0.533023, -0.0130481], [0.0939301, 0.173084, -0.980418], [0.524843, 0.828208, 0.196496]]], "btipPosition": [-42.2731, 95.2145, 25.0135], "carpPosition": [-62.3214, 119.879, 110.983], "dipPosition": [-51.308, 109.472, 28.3961], "direction": [0.508007, -0.798383, -0.323286], "extended": false, "handId": 717, "id": 7174, "length": 50.4454, "mcpPosition": [-74.1725, 144.967, 60.8557], "pipPosition": [-61.2312, 125.067, 34.711], "stabilizedTipPosition": [-43.2327, 97.8665, 28.3594], "timeVisible": 11.2215, "tipPosition": [-45.3624, 101.371, 24.3356], "tipVelocity": [8.00565, 6.43593, -3.04769], "tool": false, "touchDistance": -0.0917579, "touchZone": "touching", "type": 4, "width": 16.621}, {"bases": [[[0.508724, 0.807286, 0.299149], [-0.723828, 0.212931, 0.656303], [0.466126, -0.550409, 0.692659]], [[0.363625, 0.9261, 0.100574], [-0.913084, 0.332948, 0.235422], [0.184539, -0.177438, 0.966675]], [[0.363625, 0.9261, 0.100574], [-0.926771, 0.370564, -0.0614667], [-0.0941932, -0.0708578, 0.993029]], [[0.363625, 0.9261, 0.100574], [-0.885018, 0.377139, -0.272964], [-0.290722, 0.0102471, 0.956753]]], "btipPosition": [-18.9607, 117.48, 14.6734], "carpPosition": [-18.0602, 106.555, 118.529], "dipPosition": [-12.1656, 117.719, 37.0359], "direction": [-0.0941932, 0.0708578, -0.993029], "extended": false, "handId": 717, "id": 7170, "length": 52.049, "mcpPosition": [-18.0602, 106.555, 118.529], "pipPosition": [-8.95815, 115.306, 70.85], "stabilizedTipPosition": [-18.246, 119.106, 19.2665], "timeVisible": 11.2215, "tipPosition": [-18.1058, 118.27, 20.4625], "tipVelocity": [11.8841, 2.87432, 2.27144], "tool": false, "touchDistance": 0.282888, "touchZone": "hovering", "type": 0, "width": 20.9607}], "r": [[-0.122817, 0.954154, 0.272957], [-0.328692, 0.220408, -0.918358], [-0.936418, -0.202509, 0.286553]], "s": 0.760525, "t": [9.82253, -0.564647, -9.3697], "timestamp": 746968960864}, {"currentFrameRate": 113.835, "devices": [], "gestures": [], "hands": [{"armBasis": [[0.984973, -0.0728026, -0.156617], [0.113161, 0.957093, 0.266773], [0.130475, -0.280487, 0.950949]], "armWidth": 65.0425, "confidence": 1, "direction": [0.0371996, 0.570425, -0.820507], "elbow": [-83.7975, 30.733, 391.652], "grabAngle": 1.7361, "grabStrength": 0.787789, "id": 717, "palmNormal": [0.132253, -0.816663, -0.561757], "palmPosition": [-37.1645, 142.38, 73.4047], "palmVelocity": [4.90054, 6.73076, 5.04164], "palmWidth": 89.9061, "pinchDistance": 10.4925, "pinchStrength": 0.999323, "r": [[-0.122342, 0.954258, 0.272806], [-0.328901, 0.220358, -0.918295], [-0.936406, -0.202073, 0.286898]], "s": 0.760931, "sphereCenter": [-34.0183, 108.343, 34.6195], "sphereRadius": 40.8961, "stabilizedPalmPosition": [-39.372, 142.766, 73.3282], "t": [-9.77565, -0.520141, -9.33269], "timeVisible": 11.2302, "type": "left", "wrist": [-48.9888, 105.562, 137.954]}], "id": 1320422, "interactionBox": {"center": [0, 200, 0], "size": [235.247, 235.247, 147.751]}, "pointables": [{"bases": [[[0.97021, 0.00940213, -0.242082], [0.100679, 0.893226, 0.438191], [0.220354, -0.44951, 0.86567]], [[0.994555, -0.102275, -0.0200284], [0.0689717, 0.790005, -0.609209], [0.0781294, 0.60451, 0.792757]], [[0.994555, -0.102275, -0.0200284], [0.0127236, 0.3099, -0.950684], [0.103438, 0.945252, 0.309514]], [[0.994555, -0.102275, -0.0200284], [-0.00566551, 0.138836, -0.990299], [0.104063, 0.98502, 0.137501]]], "btipPosition": [-4.39995, 94.8187, 13.1196], "carpPosition": [-28.0431, 127.706, 119.88], "dipPosition": [-6.17563, 111.627, 15.4659], "direction": [0.103438, -0.945252, -0.309514], "extended": false, "handId": 717, "id": 7171, "length": 58.7315, "mcpPosition": [-12.0248, 160.382, 56.952], "pipPosition": [-8.67254, 134.444, 22.9373], "stabilizedTipPosition": [-6.33661, 100.079, 13.0351], "timeVisible": 11.2302, "tipPosition": [-5.23859, 101.699, 12.3601], "tipVelocity": [10.9484, 17.6949, 3.49527], "tool": false, "touchDistance": 0.0710764, "touchZone": "hovering", "type": 1, "width": 20.0217}, {"bases": [[[0.959587, -0.203827, -0.194031], [0.268069, 0.871871, 0.409855], [0.0856309, -0.445305, 0.891275]], [[0.962135, -0.264074, -0.0675356], [0.210114, 0.876371, -0.433389], [0.173633, 0.402788, 0.898673]], [[0.962135, -0.264074, -0.0675356], [0.11154, 0.607515, -0.786438], [0.248707, 0.749126, 0.613966]], [[0.962135, -0.264074, -0.0675356], [0.0478684, 0.407618, -0.911897], [0.268337, 0.874135, 0.404824]]], "btipPosition": [-13.4006, 103.211, -12.5363], "carpPosition": [-39.7614, 129.583, 117.2], "dipPosition": [-18.4367, 119.616, -4.93866], "direction": [0.248707, -0.749126, -0.613966], "extended": false, "handId": 717, "id": 7172, "length": 66.9198, "mcpPosition": [-33.8582, 160.281, 55.7582], "pipPosition": [-25.4999, 140.891, 12.4978], "stabilizedTipPosition": [-15.7698, 108.079, -11.067], "timeVisible": 11.2302, "tipPosition": [-15.7434, 111.073, -12.7496], "tipVelocity": [8.33154, 26.0002, -4.17964], "tool": false, "touchDistance": -0.240314, "touchZone": "touching", "type": 2, "width": 19.6639}, {"bases": [[[0.938772, -0.332277, -0.0910989], [0.338535, 0.84044, 0.423148], [-0.064039, -0.428079, 0.901469]], [[0.931397, -0.363231, -0.0237196], [0.302993, 0.809751, -0.502492], [0.201728, 0.460833, 0.864256]], [[0.931397, -0.363231, -0.0237196], [0.187547, 0.534715, -0.823957], [0.31197, 0.762983, 0.566155]], [[0.931397, -0.363231, -0.0237196], [0.121471, 0.371581, -0.92042], [0.343138, 0.854395, 0.390211]]], "btipPosition": [-31.4497, 97.1379, -2.80642], "carpPosition": [-51.5214, 128.257, 114.498], "dipPosition": [-37.8526, 113.081, 4.47486], "direction": [0.31197, -0.762983, -0.566155], "extended": false, "handId": 717, "id": 7173, "length": 64.3452, "mcpPosition": [-55.4851, 154.753, 58.7029], "pipPosition": [-46.4836, 134.19, 20.1382], "stabilizedTipPosition": [-34.017, 101.104, 0.446347], "timeVisible": 11.2302, "tipPosition": [-33.6235, 103.299, -2.18054], "tipVelocity": [8.23356, 22.7275, -7.50699], "tool": false, "touchDistance": -0.167927, "touchZone": "touching", "type": 3, "width": 18.7115}, {"bases": [[[0.856124, -0.513856, -0.0548069], [0.47343, 0.737384, 0.481796], [-0.20716, -0.438425, 0.874568]], [[0.845064, -0.534523, -0.0123081], [0.389114, 0.630638, -0.67148], [0.366684, 0.562654, 0.74092]], [[0.845064, -0.534523, -0.0123081], [0.1635, 0.280269, -0.945895], [0.509052, 0.797329, 0.32424]], [[0.845064, -0.534523, -0.0123081], [0.0953942, 0.173386, -0.980223], [0.526086, 0.827177, 0.197513]]], "btipPosition": [-42.1818, 95.3146, 24.9978], "carpPosition": [-62.2614, 119.879, 111.004], "dipPosition": [-51.2381, 109.554, 28.3979], "direction": [0.509052, -0.797329, -0.32424], "extended": false, "handId": 717, "id": 7174, "length": 50.4454, "mcpPosition": [-74.1306, 144.998, 60.8959], "pipPosition": [-61.1817, 125.129, 34.7314], "stabilizedTipPosition": [-43.2327, 97.8665, 28.3594], "timeVisible": 11.2302, "tipPosition": [-45.2678, 101.46, 24.3448], "tipVelocity": [9.91562, 11.0271, -1.3471], "tool": false, "touchDistance": -0.0919535, "touchZone": "touching", "type": 4, "width": 16.621}, {"bases": [[[0.509613, 0.806497, 0.299761], [-0.7235, 0.21312, 0.656603], [0.465663, -0.551491, 0.692109]], [[0.364241, 0.925829, 0.100846], [-0.91282, 0.333445, 0.235741], [0.18463, -0.177921, 0.966569]], [[0.364241, 0.925829, 0.100846], [-0.926592, 0.371147, -0.0606408], [-0.0935715, -0.0713548, 0.993052]], [[0.364241, 0.925829, 0.100846], [-0.885011, 0.377815, -0.27205], [-0.289973, 0.00984257, 0.956984]]], "btipPosition": [-18.8449, 117.57, 14.6886], "carpPosition": [-17.9875, 106.594, 118.546], "dipPosition": [-12.0673, 117.8, 37.0565], "direction": [-0.0935715, 0.0713548, -0.993052], "extended": false, "handId": 717, "id": 7170, "length": 52.049, "mcpPosition": [-17.9875, 106.594, 118.546], "pipPosition": [-8.88102, 115.37, 70.8715], "stabilizedTipPosition": [-18.2407, 119.097, 19.2697], "timeVisible": 11.2302, "tipPosition": [-18.027, 118.391, 20.4866], "tipVelocity": [12.8344, 10.0729, 1.89178], "tool": false, "touchDistance": 0.283163, "touchZone": "hovering", "type": 0, "width": 20.9607}], "r": [[-0.122342, 0.954258, 0.272806], [-0.328901, 0.220358, -0.918295], [-0.936406, -0.202073, 0.286898]], "s": 0.760931, "t": [9.77565, -0.520141, -9.33269], "timestamp": 746968969573}, {"currentFrameRate": 113.938, "devices": [], "gestures": [], "hands": [{"armBasis": [[0.984906, -0.0734231, -0.156747], [0.113883, 0.956839, 0.267376], [0.13035, -0.281191, 0.950758]], "armWidth": 65.0425, "confidence": 1, "direction": [0.0369494, 0.570747, -0.820294], "elbow": [-83.6992, 30.5442, 391.604], "grabAngle": 1.73594, "grabStrength": 0.785549, "id": 717, "palmNormal": [0.132907, -0.816369, -0.562029], "palmPosition": [-37.115, 142.413, 73.4244], "palmVelocity": [5.75798, 3.86088, 2.28954], "palmWidth": 89.9061, "pinchDistance": 10.4776, "pinchStrength": 1, "r": [[-0.121822, 0.954339, 0.272759], [-0.32907, 0.220429, -0.918218], [-0.936415, -0.201616, 0.287191]], "s": 0.761446, "sphereCenter": [-33.9261, 108.389, 34.6187], "sphereRadius": 40.9121, "stabilizedPalmPosition": [-39.3669, 142.766, 73.3284], "t": [-9.72745, -0.481285, -9.30434], "timeVisible": 11.2388, "type": "left", "wrist": [-48.924, 105.561, 137.957]}], "id": 1320423, "interactionBox": {"center": [0, 200, 0], "size": [235.247, 235.247, 147.751]}, "pointables": [{"bases": [[[0.970175, 0.00882607, -0.242245], [0.101365, 0.892998, 0.438497], [0.220194, -0.449974, 0.86547]], [[0.994478, -0.102996, -0.0201366], [0.0695542, 0.790537, -0.608452], [0.0785869, 0.603691, 0.793335]], [[0.994478, -0.102996, -0.0201366], [0.0127876, 0.30937, -0.950856], [0.104164, 0.945348, 0.308979]], [[0.994478, -0.102996, -0.0201366], [-0.00576679, 0.137954, -0.990422], [0.104788, 0.985069, 0.136598]]], "btipPosition": [-4.31042, 94.9071, 13.1537], "carpPosition": [-27.9914, 127.728, 119.896], "dipPosition": [-6.09846, 111.716, 15.4845], "direction": [0.104164, -0.945348, -0.308979], "extended": false, "handId": 717, "id": 7171, "length": 58.7315, "mcpPosition": [-11.9848, 160.438, 56.9825], "pipPosition": [-8.61289, 134.536, 22.943], "stabilizedTipPosition": [-6.31563, 100.062, 13.0436], "timeVisible": 11.2388, "tipPosition": [-5.15013, 101.771, 12.3726], "tipVelocity": [10.0788, 10.2941, 3.54215], "tool": false, "touchDistance": 0.0715842, "touchZone": "hovering", "type": 1, "width": 20.0217}, {"bases": [[[0.959414, -0.204413, -0.194269], [0.268735, 0.871539, 0.410124], [0.0854784, -0.445686, 0.891099]], [[0.961935, -0.26477, -0.0676578], [0.210985, 0.876893, -0.431907], [0.173685, 0.401192, 0.899377]], [[0.961935, -0.26477, -0.0676578], [0.112278, 0.60863, -0.78547], [0.249148, 0.747975, 0.61519]], [[0.961935, -0.26477, -0.0676578], [0.0482962, 0.408391, -0.911529], [0.268977, 0.873564, 0.405633]]], "btipPosition": [-13.3333, 103.373, -12.5934], "carpPosition": [-39.7105, 129.598, 117.215], "dipPosition": [-18.3814, 119.768, -4.98056], "direction": [0.249148, -0.747975, -0.61519], "extended": false, "handId": 717, "id": 7172, "length": 66.9198, "mcpPosition": [-33.8179, 160.323, 55.7849], "pipPosition": [-25.4571, 141.01, 12.4906], "stabilizedTipPosition": [-15.7342, 108.053, -11.0607], "timeVisible": 11.2388, "tipPosition": [-15.6496, 111.124, -12.7243], "tipVelocity": [7.50438, 18.5627, -6.22949], "tool": false, "touchDistance": -0.241207, "touchZone": "touching", "type": 2, "width": 19.6639}, {"bases": [[[0.938529, -0.332886, -0.0913795], [0.339182, 0.840055, 0.423394], [-0.064178, -0.428362, 0.901325]], [[0.931132, -0.363897, -0.0239244], [0.303787, 0.810274, -0.501168], [0.201759, 0.459385, 0.865019]], [[0.931132, -0.363897, -0.0239244], [0.188354, 0.536057, -0.822901], [0.312276, 0.761723, 0.567681]], [[0.931132, -0.363897, -0.0239244], [0.122062, 0.372804, -0.919847], [0.343649, 0.853578, 0.391547]]], "btipPosition": [-31.3867, 97.2786, -2.88659], "carpPosition": [-51.4693, 128.266, 114.51], "dipPosition": [-37.7991, 113.206, 4.41963], "direction": [0.312276, -0.761723, -0.567681], "extended": false, "handId": 717, "id": 7173, "length": 64.3452, "mcpPosition": [-55.4415, 154.779, 58.7239], "pipPosition": [-46.4386, 134.28, 20.1252], "stabilizedTipPosition": [-34.0018, 101.102, 0.424612], "timeVisible": 11.2388, "tipPosition": [-33.5293, 103.344, -2.16714], "tipVelocity": [7.06644, 15.9513, -8.65394], "tool": false, "touchDistance": -0.169167, "touchZone": "touching", "type": 3, "width": 18.7115}, {"bases": [[[0.855763, -0.514422, -0.0551392], [0.474017, 0.736886, 0.481982], [-0.207311, -0.438599, 0.874444]], [[0.844266, -0.535809, -0.0111347], [0.390797, 0.629724, -0.671361], [0.366733, 0.562456, 0.741047]], [[0.844266, -0.535809, -0.0111347], [0.165035, 0.279698, -0.945797], [0.509881, 0.796667, 0.324567]], [[0.844266, -0.535809, -0.0111347], [0.0968013, 0.172898, -0.980171], [0.527109, 0.826448, 0.197839]]], "btipPosition": [-42.0964, 95.3596, 24.9956], "carpPosition": [-62.2029, 119.881, 111.011], "dipPosition": [-51.1703, 109.586, 28.4013], "direction": [0.509881, -0.796667, -0.324567], "extended": false, "handId": 717, "id": 7174, "length": 50.4454, "mcpPosition": [-74.0807, 145.01, 60.9102], "pipPosition": [-61.1301, 125.148, 34.7412], "stabilizedTipPosition": [-43.2327, 97.8665, 28.3594], "timeVisible": 11.2388, "tipPosition": [-45.1813, 101.504, 24.3491], "tipVelocity": [9.45777, 4.89235, -0.0994339], "tool": false, "touchDistance": -0.0919677, "touchZone": "touching", "type": 4, "width": 16.621}, {"bases": [[[0.510216, 0.80604, 0.299966], [-0.723242, 0.213377, 0.656804], [0.465404, -0.55206, 0.69183]], [[0.364518, 0.925742, 0.100642], [-0.91271, 0.33376, 0.23572], [0.184625, -0.177781, 0.966596]], [[0.364518, 0.925742, 0.100642], [-0.926539, 0.371367, -0.0601088], [-0.0930204, -0.0713381, 0.993105]], [[0.364518, 0.925742, 0.100642], [-0.885146, 0.378029, -0.271313], [-0.289211, 0.00981535, 0.957215]]], "btipPosition": [-18.7422, 117.593, 14.6901], "carpPosition": [-17.9212, 106.624, 118.556], "dipPosition": [-11.9824, 117.822, 37.0634], "direction": [-0.0930203, 0.0713381, -0.993105], "extended": false, "handId": 717, "id": 7170, "length": 52.049, "mcpPosition": [-17.9212, 106.624, 118.556], "pipPosition": [-8.81492, 115.393, 70.8802], "stabilizedTipPosition": [-18.2348, 119.089, 19.2728], "timeVisible": 11.2388, "tipPosition": [-17.9495, 118.454, 20.4987], "tipVelocity": [11.4609, 2.68038, 0.320854], "tool": false, "touchDistance": 0.283209, "touchZone": "hovering", "type": 0, "width": 20.9607}], "r": [[-0.121822, 0.954339, 0.272759], [-0.32907, 0.220429, -0.918218], [-0.936415, -0.201616, 0.287191]], "s": 0.761446, "t": [9.72745, -0.481285, -9.30434], "timestamp": 746968978174}, {"currentFrameRate": 113.94, "devices": [], "gestures": [], "hands": [{"armBasis": [[0.984851, -0.073862, -0.156886], [0.114425, 0.95662, 0.267927], [0.130291, -0.281819, 0.95058]], "armWidth": 65.0425, "confidence": 1, "direction": [0.0366523, 0.571567, -0.819736], "elbow": [-83.6284, 30.338, 391.521], "grabAngle": 1.73609, "grabStrength": 0.784082, "id": 717, "palmNormal": [0.133411, -0.815744, -0.562818], "palmPosition": [-37.0777, 142.441, 73.4238], "palmVelocity": [4.25167, 3.12853, -0.0664678], "palmWidth": 89.9061, "pinchDistance": 10.4576, "pinchStrength": 1, "r": [[-0.121292, 0.954364, 0.272908], [-0.329188, 0.220703, -0.91811], [-0.936442, -0.201197, 0.287395]], "s": 0.761996, "sphereCenter": [-33.8366, 108.465, 34.5841], "sphereRadius": 40.9146, "stabilizedPalmPosition": [-39.3612, 142.765, 73.3286], "t": [-9.6847, -0.448133, -9.29045], "timeVisible": 11.2476, "type": "left", "wrist": [-48.8688, 105.523, 137.922]}], "id": 1320424, "interactionBox": {"center": [0, 200, 0], "size": [235.247, 235.247, 147.751]}, "pointables": [{"bases": [[[0.970169, 0.00849366, -0.242281], [0.101908, 0.892511, 0.439361], [0.21997, -0.450945, 0.865021]], [[0.994416, -0.103565, -0.0202701], [0.0700082, 0.791133, -0.607624], [0.078965, 0.602812, 0.793966]], [[0.994416, -0.103565, -0.0202701], [0.0127734, 0.308789, -0.951045], [0.104754, 0.945475, 0.308388]], [[0.994416, -0.103565, -0.0202701], [-0.00591555, 0.137072, -0.990543], [0.105364, 0.985132, 0.135694]]], "btipPosition": [-4.24263, 94.9988, 13.1744], "carpPosition": [-27.9477, 127.716, 119.882], "dipPosition": [-6.04051, 111.809, 15.4898], "direction": [0.104754, -0.945475, -0.308388], "extended": false, "handId": 717, "id": 7171, "length": 58.7315, "mcpPosition": [-11.9573, 160.496, 57.0006], "pipPosition": [-8.56919, 134.632, 22.934], "stabilizedTipPosition": [-6.29399, 100.046, 13.0522], "timeVisible": 11.2476, "tipPosition": [-5.08454, 101.865, 12.3395], "tipVelocity": [7.46893, 10.4841, 1.96056], "tool": false, "touchDistance": 0.0718708, "touchZone": "hovering", "type": 1, "width": 20.0217}, {"bases": [[[0.959285, -0.204785, -0.194512], [0.269264, 0.870981, 0.41096], [0.0852578, -0.446603, 0.890661]], [[0.961772, -0.265308, -0.0678722], [0.211703, 0.877522, -0.430275], [0.173715, 0.399458, 0.900142]], [[0.961772, -0.265308, -0.0678722], [0.112889, 0.609903, -0.784394], [0.249501, 0.746746, 0.616538]], [[0.961772, -0.265308, -0.0678722], [0.0486541, 0.409443, -0.911038], [0.269495, 0.872908, 0.406699]]], "btipPosition": [-13.2845, 103.55, -12.6715], "carpPosition": [-39.6677, 129.582, 117.201], "dipPosition": [-18.3423, 119.933, -5.03868], "direction": [0.249501, -0.746746, -0.616538], "extended": false, "handId": 717, "id": 7172, "length": 66.9198, "mcpPosition": [-33.7903, 160.369, 55.8019], "pipPosition": [-25.428, 141.14, 12.4708], "stabilizedTipPosition": [-15.6986, 108.033, -11.0567], "timeVisible": 11.2476, "tipPosition": [-15.585, 111.23, -12.7462], "tipVelocity": [5.30882, 19.8747, -8.3811], "tool": false, "touchDistance": -0.242432, "touchZone": "touching", "type": 2, "width": 19.6639}, {"bases": [[[0.93833, -0.333346, -0.0917468], [0.339693, 0.839444, 0.424196], [-0.0643879, -0.429201, 0.900911]], [[0.93089, -0.3645, -0.0241395], [0.304563, 0.810909, -0.499668], [0.201704, 0.457784, 0.865881]], [[0.93089, -0.3645, -0.0241395], [0.189172, 0.537544, -0.821742], [0.312501, 0.760385, 0.569348]], [[0.93089, -0.3645, -0.0241395], [0.122751, 0.374361, -0.919122], [0.344057, 0.852639, 0.393232]]], "btipPosition": [-31.3446, 97.4356, -2.99196], "carpPosition": [-51.4255, 128.245, 114.495], "dipPosition": [-37.7646, 113.346, 4.34569], "direction": [0.312501, -0.760385, -0.569348], "extended": false, "handId": 717, "id": 7173, "length": 64.3452, "mcpPosition": [-55.4108, 154.81, 58.7346], "pipPosition": [-46.4104, 134.383, 20.0974], "stabilizedTipPosition": [-33.9865, 101.102, 0.402207], "timeVisible": 11.2476, "tipPosition": [-33.4623, 103.435, -2.20077], "tipVelocity": [4.60089, 17.4379, -11.187], "tool": false, "touchDistance": -0.170803, "touchZone": "touching", "type": 3, "width": 18.7115}, {"bases": [[[0.855459, -0.514869, -0.0556793], [0.474471, 0.736139, 0.482678], [-0.207528, -0.439329, 0.874026]], [[0.843466, -0.537089, -0.010003], [0.392595, 0.629043, -0.67095], [0.366652, 0.561997, 0.741435]], [[0.843466, -0.537089, -0.010003], [0.1668, 0.27956, -0.945528], [0.510629, 0.795853, 0.325386]], [[0.843466, -0.537089, -0.010003], [0.098446, 0.172856, -0.980015], [0.528084, 0.825625, 0.198672]]], "btipPosition": [-42.0315, 95.4238, 24.9518], "carpPosition": [-62.1541, 119.857, 110.987], "dipPosition": [-51.1222, 109.637, 28.3719], "direction": [0.510629, -0.795853, -0.325386], "extended": false, "handId": 717, "id": 7174, "length": 50.4454, "mcpPosition": [-74.0443, 145.028, 60.9105], "pipPosition": [-61.0966, 125.182, 34.7278], "stabilizedTipPosition": [-43.2327, 97.8665, 28.3594], "timeVisible": 11.2476, "tipPosition": [-45.1172, 101.572, 24.3093], "tipVelocity": [6.95946, 6.95044, -4.61524], "tool": false, "touchDistance": -0.0926425, "touchZone": "touching", "type": 4, "width": 16.621}, {"bases": [[[0.510702, 0.805448, 0.300727], [-0.723087, 0.213162, 0.657045], [0.465112, -0.553006, 0.691271]], [[0.364666, 0.925642, 0.101019], [-0.912692, 0.333845, 0.235671], [0.184422, -0.17814, 0.966568]], [[0.364666, 0.925642, 0.101019], [-0.926525, 0.371503, -0.0594642], [-0.0925715, -0.0719119, 0.993106]], [[0.364666, 0.925642, 0.101019], [-0.885322, 0.378289, -0.270374], [-0.288484, 0.00916188, 0.957441]]], "btipPosition": [-18.6638, 117.64, 14.6516], "carpPosition": [-17.865, 106.619, 118.521], "dipPosition": [-11.9209, 117.854, 37.0302], "direction": [-0.0925715, 0.0719119, -0.993106], "extended": false, "handId": 717, "id": 7170, "length": 52.049, "mcpPosition": [-17.865, 106.619, 118.521], "pipPosition": [-8.76875, 115.406, 70.8469], "stabilizedTipPosition": [-18.2286, 119.082, 19.2757], "timeVisible": 11.2476, "tipPosition": [-17.893, 118.541, 20.4733], "tipVelocity": [8.49838, 4.98956, -4.25253], "tool": false, "touchDistance": 0.282587, "touchZone": "hovering", "type": 0, "width": 20.9607}], "r": [[-0.121292, 0.954364, 0.272908], [-0.329188, 0.220703, -0.91811], [-0.936442, -0.201197, 0.287395]], "s": 0.761996, "t": [9.6847, -0.448133, -9.29045], "timestamp": 746968986947}, {"currentFrameRate": 114.06, "devices": [], "gestures": [], "hands": [{"armBasis": [[0.984792, -0.0741844, -0.1571], [0.114868, 0.956429, 0.268419], [0.130343, -0.282382, 0.950406]], "armWidth": 65.0425, "confidence": 1, "direction": [0.0364843, 0.572019, -0.819429], "elbow": [-83.606, 30.1632, 391.468], "grabAngle": 1.73633, "grabStrength": 0.782573, "id": 717, "palmNormal": [0.133821, -0.815386, -0.563238], "palmPosition": [-37.0504, 142.455, 73.4386], "palmVelocity": [3.18639, 1.729, 1.72647], "palmWidth": 89.9061, "pinchDistance": 10.4417, "pinchStrength": 1, "r": [[-0.120779, 0.954365, 0.27313], [-0.32928, 0.221049, -0.917993], [-0.936476, -0.200811, 0.287556]], "s": 0.762598, "sphereCenter": [-33.76, 108.511, 34.5802], "sphereRadius": 40.9165, "stabilizedPalmPosition": [-39.3556, 142.764, 73.3289], "t": [-9.64968, -0.424157, -9.27612], "timeVisible": 11.2562, "type": "left", "wrist": [-48.8327, 105.498, 137.916]}], "id": 1320425, "interactionBox": {"center": [0, 200, 0], "size": [235.247, 235.247, 147.751]}, "pointables": [{"bases": [[[0.970149, 0.00820038, -0.242372], [0.10234, 0.892233, 0.439825], [0.219859, -0.4515, 0.86476]], [[0.994369, -0.103992, -0.020413], [0.0703077, 0.791463, -0.60716], [0.0792959, 0.602306, 0.794317]], [[0.994369, -0.103992, -0.020413], [0.0126408, 0.307629, -0.951422], [0.10522, 0.945807, 0.307211]], [[0.994369, -0.103992, -0.020413], [-0.00616488, 0.13553, -0.990754], [0.105797, 0.985301, 0.134126]]], "btipPosition": [-4.18877, 95.0441, 13.2414], "carpPosition": [-27.9185, 127.71, 119.89], "dipPosition": [-5.99404, 111.857, 15.53], "direction": [0.10522, -0.945807, -0.307211], "extended": false, "handId": 717, "id": 7171, "length": 58.7315, "mcpPosition": [-11.9363, 160.531, 57.0275], "pipPosition": [-8.53396, 134.688, 22.9458], "stabilizedTipPosition": [-6.27568, 100.034, 13.06], "timeVisible": 11.2562, "tipPosition": [-5.03168, 101.912, 12.3423], "tipVelocity": [6.09329, 5.36872, 7.10273], "tool": false, "touchDistance": 0.0728842, "touchZone": "hovering", "type": 1, "width": 20.0217}, {"bases": [[[0.959177, -0.205099, -0.194716], [0.269684, 0.870646, 0.411397], [0.0851511, -0.447114, 0.890415]], [[0.961644, -0.265734, -0.0680116], [0.212277, 0.877998, -0.42902], [0.173719, 0.398128, 0.900731]], [[0.961644, -0.265734, -0.0680116], [0.113397, 0.610903, -0.783542], [0.249762, 0.745777, 0.617605]], [[0.961644, -0.265734, -0.0680116], [0.0489462, 0.410206, -0.910679], [0.269897, 0.87242, 0.407479]]], "btipPosition": [-13.2481, 103.676, -12.7201], "carpPosition": [-39.6392, 129.572, 117.209], "dipPosition": [-18.3135, 120.05, -5.07268], "direction": [0.249762, -0.745777, -0.617605], "extended": false, "handId": 717, "id": 7172, "length": 66.9198, "mcpPosition": [-33.7691, 160.395, 55.8265], "pipPosition": [-25.4066, 141.23, 12.4671], "stabilizedTipPosition": [-15.665, 108.017, -11.0542], "timeVisible": 11.2562, "tipPosition": [-15.5303, 111.282, -12.7373], "tipVelocity": [4.04728, 14.5129, -5.28836], "tool": false, "touchDistance": -0.243187, "touchZone": "touching", "type": 2, "width": 19.6639}, {"bases": [[[0.938176, -0.333706, -0.0920165], [0.3401, 0.839071, 0.424609], [-0.064486, -0.429652, 0.900689]], [[0.930702, -0.364974, -0.0242417], [0.305197, 0.811379, -0.498517], [0.201615, 0.456572, 0.866541]], [[0.930702, -0.364974, -0.0242417], [0.189872, 0.538702, -0.820822], [0.312638, 0.759338, 0.570669]], [[0.930702, -0.364974, -0.0242417], [0.123329, 0.375509, -0.918577], [0.344359, 0.851931, 0.394499]]], "btipPosition": [-31.3158, 97.5464, -3.06205], "carpPosition": [-51.3961, 128.232, 114.501], "dipPosition": [-37.7415, 113.443, 4.29924], "direction": [0.312638, -0.759338, -0.570669], "extended": false, "handId": 717, "id": 7173, "length": 64.3452, "mcpPosition": [-55.3874, 154.824, 58.7541], "pipPosition": [-46.391, 134.451, 20.0875], "stabilizedTipPosition": [-33.972, 101.103, 0.380744], "timeVisible": 11.2562, "tipPosition": [-33.4073, 103.479, -2.20183], "tipVelocity": [3.21225, 12.5962, -7.55322], "tool": false, "touchDistance": -0.171881, "touchZone": "touching", "type": 3, "width": 18.7115}, {"bases": [[[0.855229, -0.515211, -0.0560374], [0.474838, 0.735675, 0.483022], [-0.207633, -0.439703, 0.873813]], [[0.842755, -0.538226, -0.00872192], [0.394194, 0.628102, -0.670894], [0.366571, 0.561961, 0.741502]], [[0.842755, -0.538226, -0.00872192], [0.168311, 0.278863, -0.945467], [0.511307, 0.795329, 0.325602]], [[0.842755, -0.538226, -0.00872192], [0.0998655, 0.17225, -0.979978], [0.528952, 0.825011, 0.198915]]], "btipPosition": [-41.9788, 95.4513, 24.9536], "carpPosition": [-62.1207, 119.841, 110.988], "dipPosition": [-51.0844, 109.653, 28.3778], "direction": [0.511307, -0.795329, -0.325602], "extended": false, "handId": 717, "id": 7174, "length": 50.4454, "mcpPosition": [-74.017, 145.034, 60.923], "pipPosition": [-61.0721, 125.189, 34.7379], "stabilizedTipPosition": [-43.2327, 97.8665, 28.3594], "timeVisible": 11.2562, "tipPosition": [-45.0662, 101.606, 24.3032], "tipVelocity": [5.75338, 2.92207, 0.313008], "tool": false, "touchDistance": -0.0925979, "touchZone": "touching", "type": 4, "width": 16.621}, {"bases": [[[0.511082, 0.805066, 0.301105], [-0.722929, 0.213127, 0.657229], [0.46494, -0.553575, 0.690931]], [[0.36468, 0.925643, 0.100967], [-0.912716, 0.333899, 0.235503], [0.184279, -0.178038, 0.966615]], [[0.36468, 0.925643, 0.100967], [-0.926565, 0.371479, -0.0589991], [-0.0921193, -0.072037, 0.993139]], [[0.36468, 0.925643, 0.100967], [-0.885533, 0.378294, -0.269677], [-0.28782, 0.00893598, 0.957643]]], "btipPosition": [-18.6015, 117.644, 14.6411], "carpPosition": [-17.8266, 106.618, 118.519], "dipPosition": [-11.8742, 117.853, 37.0244], "direction": [-0.0921193, 0.072037, -0.993139], "extended": false, "handId": 717, "id": 7170, "length": 52.049, "mcpPosition": [-17.8266, 106.618, 118.519], "pipPosition": [-8.73739, 115.4, 70.8423], "stabilizedTipPosition": [-18.2222, 119.074, 19.2785], "timeVisible": 11.2562, "tipPosition": [-17.8472, 118.59, 20.4748], "tipVelocity": [6.85773, 0.288787, -1.09882], "tool": false, "touchDistance": 0.28243, "touchZone": "hovering", "type": 0, "width": 20.9607}], "r": [[-0.120779, 0.954365, 0.27313], [-0.32928, 0.221049, -0.917993], [-0.936476, -0.200811, 0.287556]], "s": 0.762598, "t": [9.64968, -0.424157, -9.27612], "timestamp": 746968995507}, {"currentFrameRate": 114.033, "devices": [], "gestures": [], "hands": [{"armBasis": [[0.984754, -0.0742077, -0.157333], [0.115009, 0.956306, 0.268798], [0.130511, -0.282794, 0.95026]], "armWidth": 65.0425, "confidence": 1, "direction": [0.0363291, 0.572289, -0.819247], "elbow": [-83.6296, 30.063, 391.429], "grabAngle": 1.73654, "grabStrength": 0.780873, "id": 717, "palmNormal": [0.133913, -0.815182, -0.563512], "palmPosition": [-37.0368, 142.489, 73.4495], "palmVelocity": [1.54262, 3.77824, 1.23465], "palmWidth": 89.9061, "pinchDistance": 10.4264, "pinchStrength": 1, "r": [[-0.120342, 0.954352, 0.273368], [-0.329334, 0.221396, -0.917891], [-0.936513, -0.20049, 0.287657]], "s": 0.763233, "sphereCenter": [-33.7244, 108.561, 34.5758], "sphereRadius": 40.9233, "stabilizedPalmPosition": [-39.3496, 142.763, 73.3292], "t": [-9.62538, -0.395515, -9.26351], "timeVisible": 11.265, "type": "left", "wrist": [-48.8113, 105.508, 137.915]}], "id": 1320426, "interactionBox": {"center": [0, 200, 0], "size": [235.247, 235.247, 147.751]}, "pointables": [{"bases": [[[0.970168, 0.0081195, -0.242296], [0.102453, 0.892074, 0.440121], [0.21972, -0.451816, 0.86463]], [[0.994351, -0.104177, -0.020314], [0.0705693, 0.791858, -0.606614], [0.079281, 0.601754, 0.794737]], [[0.994351, -0.104177, -0.020314], [0.0126894, 0.306699, -0.951722], [0.105378, 0.946088, 0.306289]], [[0.994351, -0.104177, -0.020314], [-0.00618922, 0.134153, -0.990941], [0.105958, 0.985469, 0.132751]]], "btipPosition": [-4.17343, 95.1009, 13.2839], "carpPosition": [-27.8991, 127.73, 119.895], "dipPosition": [-5.98146, 111.916, 15.5491], "direction": [0.105378, -0.946088, -0.306289], "extended": false, "handId": 717, "id": 7171, "length": 58.7315, "mcpPosition": [-11.9269, 160.574, 57.0423], "pipPosition": [-8.52519, 134.754, 22.9427], "stabilizedTipPosition": [-6.25869, 100.023