{"frames": 80, "data": [{"currentFrameRate": 113.95, "devices": [], "gestures": [], "hands": [{"armBasis": [[0.905288, -0.397861, -0.148866], [-0.254362, -0.788364, 0.560162], [-0.340227, -0.469242, -0.814897]], "armWidth": 65.3268, "confidence": 1, "direction": [-0.206432, 0.722213, -0.660148], "elbow": [40.0667, -56.306, -100.658], "grabAngle": 0.743823, "grabStrength": 0, "id": 710, "palmNormal": [0.38535, -0.560145, -0.73331], "palmPosition": [-63.9964, 130.69, 85.4467], "palmVelocity": [-4.50191, 2.92318, -0.305633], "palmWidth": 91.5699, "pinchDistance": 92.7498, "pinchStrength": 0, "r": [[0.849354, -0.00591042, 0.52779], [0.2141, 0.917838, -0.334266], [-0.48245, 0.39691, 0.780835]], "s": 1.28207, "sphereCenter": [-67.2625, 101.475, 11.9329], "sphereRadius": 85.1224, "stabilizedPalmPosition": [-56.5434, 136.47, 86.9882], "t": [-62.0422, -78.2528, -71.7021], "timeVisible": 9.67794, "type": "left", "wrist": [-52.3536, 71.1603, 120.704]}], "id": 1310304, "interactionBox": {"center": [0, 200, 0], "size": [235.247, 235.247, 147.751]}, "pointables": [{"bases": [[[0.746859, 0.478657, 0.461617], [-0.632048, 0.295209, 0.716496], [0.206682, -0.826885, 0.523013]], [[0.567087, 0.806338, 0.168023], [-0.612167, 0.276133, 0.740947], [0.551057, -0.523039, 0.650205]], [[0.567087, 0.806338, 0.168023], [-0.669171, 0.332096, 0.664772], [0.480231, -0.489419, 0.727906]], [[0.567087, 0.806338, 0.168023], [-0.611309, 0.275318, 0.741958], [0.552009, -0.523468, 0.649051]]], "btipPosition": [25.5058, 148.255, 50.6543], "carpPosition": [-30.66, 93.841, 122.222], "dipPosition": [12.9404, 136.339, 65.4286], "direction": [0.480231, 0.489419, -0.727906], "extended": true, "handId": 710, "id": 7100, "length": 50.6898, "mcpPosition": [-30.66, 93.841, 122.222], "pipPosition": [-2.98518, 120.109, 89.5676], "stabilizedTipPosition": [21.9033, 146.79, 54.8776], "timeVisible": 9.67794, "tipPosition": [17.734, 144.737, 51.111], "tipVelocity": [-6.41061, 5.56087, 5.44928], "tool": false, "touchDistance": 0.241924, "touchZone": "hovering", "type": 0, "width": 20.9307}, {"bases": [[[0.921276, -0.278745, -0.271203], [0.388874, 0.669667, 0.632712], [0.00525043, -0.688366, 0.725345]], [[0.894215, -0.439631, -0.0842883], [0.326671, 0.512157, 0.794343], [-0.306049, -0.737848, 0.601593]], [[0.894215, -0.439631, -0.0842883], [0.401918, 0.705618, 0.58358], [-0.197084, -0.555722, 0.80767]], [[0.894215, -0.439631, -0.0842883], [0.438909, 0.824087, 0.358106], [-0.0879738, -0.357219, 0.929869]]], "btipPosition": [-66.2563, 210.126, 14.9546], "carpPosition": [-47.7612, 109.328, 128.236], "dipPosition": [-64.7944, 204.19, 30.4071], "direction": [-0.197084, 0.555722, -0.80767], "extended": true, "handId": 710, "id": 7101, "length": 57.1978, "mcpPosition": [-47.3725, 160.294, 74.5328], "pipPosition": [-60.1612, 191.126, 49.3944], "stabilizedTipPosition": [-65.8977, 208.512, 18.5501], "timeVisible": 9.67794, "tipPosition": [-56.79, 201.989, 13.6395], "tipVelocity": [-5.91514, 8.10945, 5.37391], "tool": false, "touchDistance": -0.191749, "touchZone": "touching", "type": 1, "width": 19.993}, {"bases": [[[0.833633, -0.479234, -0.274575], [0.539049, 0.597625, 0.593524], [-0.120344, -0.64279, 0.75653]], [[0.792419, -0.598675, -0.116877], [0.507196, 0.540244, 0.671483], [-0.338858, -0.591375, 0.731745]], [[0.792419, -0.598675, -0.116877], [0.59859, 0.726368, 0.337756], [-0.11731, -0.337606, 0.933949]], [[0.792419, -0.598675, -0.116877], [0.600953, 0.799068, -0.0186109], [0.104535, -0.05549, 0.992972]]], "btipPosition": [-85.3813, 190.677, -5.83709], "carpPosition": [-59.7118, 107.469, 125.566], "dipPosition": [-87.292, 189.663, 12.3121], "direction": [-0.11731, 0.337606, -0.933949], "extended": true, "handId": 710, "id": 7102, "length": 65.1723, "mcpPosition": [-68.1614, 152.601, 72.4482], "pipPosition": [-84.0474, 180.325, 38.1432], "stabilizedTipPosition": [-85.938, 190.22, -1.52565], "timeVisible": 9.67794, "tipPosition": [-75.7009, 181.16, -4.05191], "tipVelocity": [0.34264, 4.11776, -0.743004], "tool": false, "touchDistance": -0.268949, "touchZone": "touching", "type": 2, "width": 19.6358}, {"bases": [[[0.763813, -0.612281, -0.204208], [0.59312, 0.541063, 0.596204], [-0.254555, -0.576509, 0.776427]], [[0.733077, -0.669103, -0.122064], [0.612713, 0.571764, 0.54559], [-0.295264, -0.47475, 0.829115]], [[0.733077, -0.669103, -0.122064], [0.680124, 0.722595, 0.123647], [0.00547008, -0.173662, 0.98479]], [[0.733077, -0.669103, -0.122064], [0.640639, 0.739559, -0.206481], [0.228431, 0.0731674, 0.970807]]], "btipPosition": [-95.1298, 162.972, -7.05071], "carpPosition": [-70.5502, 102.649, 122.101], "dipPosition": [-99.2809, 164.302, 10.5913], "direction": [0.00547008, 0.173662, -0.98479], "extended": true, "handId": 710, "id": 7103, "length": 62.6649, "mcpPosition": [-86.5971, 138.992, 73.1557], "pipPosition": [-99.4283, 159.623, 37.1252], "stabilizedTipPosition": [-96.3092, 163.042, -2.76395], "timeVisible": 9.67794, "tipPosition": [-86.2493, 153.239, -1.97342], "tipVelocity": [7.36034, 1.47051, -3.8901], "tool": false, "touchDistance": -0.290409, "touchZone": "touching", "type": 3, "width": 18.6847}, {"bases": [[[0.620647, -0.755817, -0.208657], [0.679865, 0.386172, 0.623422], [-0.390615, -0.528784, 0.75353]], [[0.604914, -0.775898, -0.17906], [0.747324, 0.475538, 0.46408], [-0.274929, -0.414544, 0.867506]], [[0.604914, -0.775898, -0.17906], [0.772437, 0.626392, -0.104757], [0.193442, -0.0749438, 0.978245]], [[0.604914, -0.775898, -0.17906], [0.659827, 0.614291, -0.432752], [0.445766, 0.143629, 0.883552]]], "btipPosition": [-99.0139, 136.019, 8.9653], "carpPosition": [-77.9176, 91.8872, 116.194], "dipPosition": [-106.487, 138.427, 23.778], "direction": [0.193442, 0.0749438, -0.978245], "extended": true, "handId": 710, "id": 7104, "length": 49.1281, "mcpPosition": [-100.712, 122.744, 72.2223], "pipPosition": [-110.167, 137.001, 42.3876], "stabilizedTipPosition": [-100.658, 135.484, 13.4596], "timeVisible": 9.67794, "tipPosition": [-90.7254, 127.554, 15.8788], "tipVelocity": [7.21013, 1.96672, -3.87054], "tool": false, "touchDistance": -0.295224, "touchZone": "touching", "type": 4, "width": 16.5972}], "r": [[0.849354, -0.00591042, 0.52779], [0.2141, 0.917838, -0.334266], [-0.48245, 0.39691, 0.780835]], "s": 1.28207, "t": [62.0422, -78.2528, -71.7021], "timestamp": 746879778451}, {"currentFrameRate": 113.664, "devices": [], "gestures": [], "hands": [{"armBasis": [[0.904913, -0.398148, -0.150367], [-0.253753, -0.788382, 0.560414], [-0.341674, -0.468969, -0.814448]], "armWidth": 65.3886, "confidence": 1, "direction": [-0.205741, 0.722222, -0.660354], "elbow": [40.4258, -56.268, -100.579], "grabAngle": 0.742145, "grabStrength": 0, "id": 710, "palmNormal": [0.385952, -0.56021, -0.732943], "palmPosition": [-64.0334, 130.703, 85.4429], "palmVelocity": [-3.98845, 1.36352, -0.418376], "palmWidth": 91.5918, "pinchDistance": 92.7265, "pinchStrength": 0, "r": [[0.849657, -0.00587068, 0.527302], [0.21381, 0.917894, -0.334299], [-0.482045, 0.396783, 0.78115]], "s": 1.2819, "sphereCenter": [-67.3441, 101.481, 11.9556], "sphereRadius": 85.1049, "stabilizedPalmPosition": [-56.582, 136.441, 86.9802], "t": [-62.0775, -78.2342, -71.709], "timeVisible": 9.68723, "type": "left", "wrist": [-52.4143, 71.1609, 120.724]}], "id": 1310305, "interactionBox": {"center": [0, 200, 0], "size": [235.247, 235.247, 147.751]}, "pointables": [{"bases": [[[0.747222, 0.478759, 0.460922], [-0.631429, 0.29515, 0.717066], [0.207261, -0.826847, 0.522845]], [[0.567337, 0.806222, 0.167734], [-0.612064, 0.276571, 0.740868], [0.550914, -0.522986, 0.650369]], [[0.567337, 0.806222, 0.167734], [-0.668692, 0.332157, 0.665224], [0.480604, -0.489569, 0.727559]], [[0.567337, 0.806222, 0.167734], [-0.610831, 0.275401, 0.74232], [0.552281, -0.523603, 0.648711]]], "btipPosition": [25.453, 148.26, 50.7027], "carpPosition": [-30.7256, 93.8399, 122.26], "dipPosition": [12.8843, 136.344, 65.4659], "direction": [0.480604, 0.489569, -0.727559], "extended": true, "handId": 710, "id": 7100, "length": 50.6783, "mcpPosition": [-30.7256, 93.8399, 122.26], "pipPosition": [-3.05006, 120.113, 89.588], "stabilizedTipPosition": [21.9098, 146.778, 54.8699], "timeVisible": 9.68723, "tipPosition": [17.7477, 144.741, 51.1922], "tipVelocity": [-5.76209, 0.580977, 4.93915], "tool": false, "touchDistance": 0.242689, "touchZone": "hovering", "type": 0, "width": 20.9564}, {"bases": [[[0.921062, -0.278639, -0.272038], [0.38937, 0.66973, 0.63234], [0.00599738, -0.688348, 0.725356]], [[0.894035, -0.439946, -0.0845512], [0.327094, 0.512064, 0.794229], [-0.306123, -0.737725, 0.601707]], [[0.894035, -0.439946, -0.0845512], [0.402116, 0.704851, 0.584369], [-0.197495, -0.556446, 0.807071]], [[0.894035, -0.439946, -0.0845512], [0.439059, 0.822937, 0.360559], [-0.0890465, -0.359475, 0.928896]]], "btipPosition": [-66.3013, 210.183, 15.0009], "carpPosition": [-47.8353, 109.336, 128.257], "dipPosition": [-64.8219, 204.211, 30.4338], "direction": [-0.197495, 0.556446, -0.807071], "extended": true, "handId": 710, "id": 7101, "length": 57.1849, "mcpPosition": [-47.3912, 160.313, 74.5402], "pipPosition": [-60.18, 191.133, 49.4027], "stabilizedTipPosition": [-65.9065, 208.553, 18.5502], "timeVisible": 9.68723, "tipPosition": [-56.8119, 202.043, 13.672], "tipVelocity": [-4.40783, 5.23627, 4.50297], "tool": false, "touchDistance": -0.191052, "touchZone": "touching", "type": 1, "width": 20.0176}, {"bases": [[[0.83344, -0.479139, -0.275325], [0.539518, 0.597705, 0.593016], [-0.119574, -0.642786, 0.756656]], [[0.792276, -0.598785, -0.117282], [0.507661, 0.540257, 0.671121], [-0.338495, -0.591252, 0.732012]], [[0.792276, -0.598785, -0.117282], [0.598845, 0.726232, 0.337596], [-0.116974, -0.337703, 0.933956]], [[0.792276, -0.598785, -0.117282], [0.601209, 0.798901, -0.0174547], [0.104148, -0.0566818, 0.992945]]], "btipPosition": [-85.3819, 190.706, -5.84364], "carpPosition": [-59.7875, 107.477, 125.576], "dipPosition": [-87.285, 189.67, 12.3009], "direction": [-0.116974, 0.337703, -0.933956], "extended": true, "handId": 710, "id": 7102, "length": 65.1576, "mcpPosition": [-68.1851, 152.62, 72.4362], "pipPosition": [-84.0505, 180.332, 38.1265], "stabilizedTipPosition": [-85.9202, 190.257, -1.54733], "timeVisible": 9.68723, "tipPosition": [-75.6858, 181.204, -4.05926], "tipVelocity": [0.126374, 2.61302, -0.817575], "tool": false, "touchDistance": -0.269075, "touchZone": "touching", "type": 2, "width": 19.6599}, {"bases": [[[0.763701, -0.612193, -0.204891], [0.593598, 0.541151, 0.595649], [-0.253775, -0.576521, 0.776674]], [[0.733051, -0.66901, -0.122727], [0.613235, 0.572003, 0.544753], [-0.294245, -0.474592, 0.829568]], [[0.733051, -0.66901, -0.122727], [0.680139, 0.72282, 0.122239], [0.00693011, -0.173079, 0.984884]], [[0.733051, -0.66901, -0.122727], [0.640714, 0.739753, -0.205549], [0.228302, 0.0720452, 0.970921]]], "btipPosition": [-95.0778, 162.982, -7.08515], "carpPosition": [-70.6268, 102.657, 122.1], "dipPosition": [-99.2257, 164.291, 10.555], "direction": [0.00693011, 0.173079, -0.984884], "extended": true, "handId": 710, "id": 7103, "length": 62.6507, "mcpPosition": [-86.6284, 139.009, 73.1275], "pipPosition": [-99.4124, 159.629, 37.0854], "stabilizedTipPosition": [-96.2758, 163.071, -2.79579], "timeVisible": 9.68723, "tipPosition": [-86.2106, 153.26, -1.99887], "tipVelocity": [5.67027, 0.555546, -3.75443], "tool": false, "touchDistance": -0.290224, "touchZone": "touching", "type": 3, "width": 18.7076}, {"bases": [[[0.620549, -0.755746, -0.209206], [0.680387, 0.38627, 0.622791], [-0.389862, -0.528813, 0.753899]], [[0.604928, -0.775727, -0.179748], [0.747853, 0.475954, 0.462799], [-0.273454, -0.414386, 0.868048]], [[0.604928, -0.775727, -0.179748], [0.77207, 0.626637, -0.105992], [0.194858, -0.0746605, 0.977986]], [[0.604928, -0.775727, -0.179748], [0.65936, 0.614541, -0.43311], [0.446438, 0.143482, 0.883236]]], "btipPosition": [-98.9618, 136.022, 8.93012], "carpPosition": [-77.9926, 91.8927, 116.185], "dipPosition": [-106.445, 138.427, 23.7342], "direction": [0.194858, 0.0746605, -0.977986], "extended": true, "handId": 710, "id": 7104, "length": 49.117, "mcpPosition": [-100.748, 122.759, 72.1812], "pipPosition": [-110.151, 137.007, 42.3346], "stabilizedTipPosition": [-100.659, 135.529, 13.4131], "timeVisible": 9.68723, "tipPosition": [-90.7147, 127.582, 15.8452], "tipVelocity": [5.3659, 0.268266, -4.00115], "tool": false, "touchDistance": -0.294592, "touchZone": "touching", "type": 4, "width": 16.6176}], "r": [[0.849657, -0.00587068, 0.527302], [0.21381, 0.917894, -0.334299], [-0.482045, 0.396783, 0.78115]], "s": 1.2819, "t": [62.0775, -78.2342, -71.709], "timestamp": 746879787741}, {"currentFrameRate": 114.018, "devices": [], "gestures": [], "hands": [{"armBasis": [[0.904305, -0.398772, -0.152359], [-0.253214, -0.788413, 0.560614], [-0.343679, -0.468386, -0.81394]], "armWidth": 65.4451, "confidence": 1, "direction": [-0.205208, 0.722212, -0.66053], "elbow": [40.9396, -56.1209, -100.475], "grabAngle": 0.741487, "grabStrength": 0, "id": 710, "palmNormal": [0.385868, -0.560525, -0.732747], "palmPosition": [-64.0838, 130.721, 85.434], "palmVelocity": [-6.17046, 2.25751, -1.08327], "palmWidth": 91.6169, "pinchDistance": 92.7017, "pinchStrength": 0, "r": [[0.849928, -0.00573684, 0.526867], [0.21347, 0.917948, -0.334368], [-0.481719, 0.396659, 0.781414]], "s": 1.28172, "sphereCenter": [-67.4392, 101.462, 11.9701], "sphereRadius": 85.0951, "stabilizedPalmPosition": [-56.6166, 136.414, 86.9731], "t": [-62.1203, -78.2156, -71.7169], "timeVisible": 9.69539, "type": "left", "wrist": [-52.4675, 71.1799, 120.742]}], "id": 1310306, "interactionBox": {"center": [0, 200, 0], "size": [235.247, 235.247, 147.751]}, "pointables": [{"bases": [[[0.747107, 0.479207, 0.460643], [-0.631385, 0.294957, 0.717184], [0.207809, -0.826656, 0.522929]], [[0.567162, 0.806357, 0.167679], [-0.612407, 0.276757, 0.740515], [0.550713, -0.52268, 0.650785]], [[0.567162, 0.806357, 0.167679], [-0.668662, 0.331955, 0.665355], [0.480851, -0.489485, 0.727452]], [[0.567162, 0.806357, 0.167679], [-0.610868, 0.275298, 0.742328], [0.55242, -0.52345, 0.648716]]], "btipPosition": [25.3809, 148.235, 50.7054], "carpPosition": [-30.7961, 93.8393, 122.275], "dipPosition": [12.8132, 136.326, 65.4638], "direction": [0.480851, 0.489485, -0.727452], "extended": true, "handId": 710, "id": 7100, "length": 50.6614, "mcpPosition": [-30.7961, 93.8393, 122.275], "pipPosition": [-3.12399, 120.103, 89.5743], "stabilizedTipPosition": [21.9155, 146.765, 54.8624], "timeVisible": 9.69539, "tipPosition": [17.7258, 144.715, 51.2102], "tipVelocity": [-8.80472, -2.90787, 0.192481], "tool": false, "touchDistance": 0.242715, "touchZone": "hovering", "type": 0, "width": 20.9801}, {"bases": [[[0.921128, -0.278229, -0.272236], [0.389205, 0.670029, 0.632124], [0.00653067, -0.688222, 0.725471]], [[0.894092, -0.43989, -0.0842338], [0.326907, 0.512389, 0.794097], [-0.306155, -0.737533, 0.601926]], [[0.894092, -0.43989, -0.0842338], [0.401744, 0.704537, 0.585003], [-0.197991, -0.556888, 0.806645]], [[0.894092, -0.43989, -0.0842338], [0.43871, 0.822285, 0.362465], [-0.0901806, -0.361031, 0.928183]]], "btipPosition": [-66.3557, 210.21, 15.0215], "carpPosition": [-47.9038, 109.347, 128.268], "dipPosition": [-64.8579, 204.214, 30.4374], "direction": [-0.197991, 0.556888, -0.806645], "extended": true, "handId": 710, "id": 7101, "length": 57.1658, "mcpPosition": [-47.42, 160.328, 74.5282], "pipPosition": [-60.206, 191.13, 49.39], "stabilizedTipPosition": [-65.9199, 208.589, 18.5523], "timeVisible": 9.69539, "tipPosition": [-56.8505, 202.077, 13.6758], "tipVelocity": [-6.1438, 2.63037, 2.04401], "tool": false, "touchDistance": -0.190774, "touchZone": "touching", "type": 1, "width": 20.0402}, {"bases": [[[0.833605, -0.478772, -0.275465], [0.539379, 0.598073, 0.592773], [-0.119055, -0.642718, 0.756795]], [[0.792441, -0.598601, -0.117109], [0.507647, 0.540825, 0.670673], [-0.33813, -0.590919, 0.73245]], [[0.792441, -0.598601, -0.117109], [0.598685, 0.726609, 0.33707], [-0.116678, -0.337219, 0.934168]], [[0.792441, -0.598601, -0.117109], [0.601052, 0.799027, -0.0170756], [0.103795, -0.0568572, 0.992972]]], "btipPosition": [-85.3944, 190.691, -5.86108], "carpPosition": [-59.8587, 107.493, 125.583], "dipPosition": [-87.2904, 189.652, 12.2779], "direction": [-0.116678, 0.337219, -0.934168], "extended": true, "handId": 710, "id": 7102, "length": 65.1358, "mcpPosition": [-68.2222, 152.643, 72.4195], "pipPosition": [-84.0651, 180.331, 38.1007], "stabilizedTipPosition": [-85.91, 190.279, -1.56357], "timeVisible": 9.69539, "tipPosition": [-75.7099, 181.234, -4.07437], "tipVelocity": [-1.32866, -1.91319, -2.29374], "tool": false, "touchDistance": -0.269387, "touchZone": "touching", "type": 2, "width": 19.6822}, {"bases": [[[0.76395, -0.611849, -0.204991], [0.593488, 0.541545, 0.5954], [-0.253283, -0.576516, 0.776838]], [[0.733338, -0.668686, -0.122781], [0.613295, 0.572717, 0.543934], [-0.293402, -0.474188, 0.830097]], [[0.733338, -0.668686, -0.122781], [0.679815, 0.723404, 0.120578], [0.00819141, -0.171892, 0.985082]], [[0.733338, -0.668686, -0.122781], [0.640413, 0.74005, -0.205421], [0.228226, 0.0720125, 0.970941]]], "btipPosition": [-95.0542, 162.955, -7.10622], "carpPosition": [-70.7018, 102.677, 122.105], "dipPosition": [-99.1993, 164.263, 10.5284], "direction": [0.00819141, 0.171892, -0.985082], "extended": true, "handId": 710, "id": 7103, "length": 62.6298, "mcpPosition": [-86.6768, 139.039, 73.1083], "pipPosition": [-99.4199, 159.634, 37.0553], "stabilizedTipPosition": [-96.2486, 163.09, -2.82159], "timeVisible": 9.69539, "tipPosition": [-86.2647, 153.313, -2.0214], "tipVelocity": [2.97286, -3.38265, -2.73722], "tool": false, "touchDistance": -0.28987, "touchZone": "touching", "type": 3, "width": 18.7288}, {"bases": [[[0.620868, -0.755474, -0.209243], [0.680361, 0.386712, 0.622546], [-0.3894, -0.528879, 0.754092]], [[0.605296, -0.77542, -0.179835], [0.747929, 0.476715, 0.461892], [-0.27243, -0.414085, 0.868513]], [[0.605296, -0.77542, -0.179835], [0.771483, 0.627124, -0.10737], [0.196036, -0.0737492, 0.97782]], [[0.605296, -0.77542, -0.179835], [0.658516, 0.614724, -0.434132], [0.447183, 0.144354, 0.882717]]], "btipPosition": [-98.9519, 136.008, 8.92673], "carpPosition": [-78.0729, 91.9129, 116.188], "dipPosition": [-106.445, 138.426, 23.7172], "direction": [0.196036, 0.0737492, -0.97782], "extended": true, "handId": 710, "id": 7104, "length": 49.1006, "mcpPosition": [-100.808, 122.791, 72.1608], "pipPosition": [-110.172, 137.024, 42.3082], "stabilizedTipPosition": [-100.66, 135.568, 13.3724], "timeVisible": 9.69539, "tipPosition": [-90.7824, 127.633, 15.8177], "tipVelocity": [0.932595, -1.35113, -0.799874], "tool": false, "touchDistance": -0.293564, "touchZone": "touching", "type": 4, "width": 16.6364}], "r": [[0.849928, -0.00573684, 0.526867], [0.21347, 0.917948, -0.334368], [-0.481719, 0.396659, 0.781414]], "s": 1.28172, "t": [62.1203, -78.2156, -71.7169], "timestamp": 746879795903}, {"currentFrameRate": 114.174, "devices": [], "gestures": [], "hands": [{"armBasis": [[0.903425, -0.399762, -0.154962], [-0.252765, -0.788545, 0.560631], [-0.346314, -0.467319, -0.813437]], "armWidth": 65.4975, "confidence": 1, "direction": [-0.204786, 0.722319, -0.660544], "elbow": [41.6467, -55.8536, -100.387], "grabAngle": 0.740575, "grabStrength": 0, "id": 710, "palmNormal": [0.385622, -0.560728, -0.732721], "palmPosition": [-64.1348, 130.735, 85.427], "palmVelocity": [-6.01267, 1.62616, -0.821633], "palmWidth": 91.6343, "pinchDistance": 92.6822, "pinchStrength": 0, "r": [[0.850152, -0.0055405, 0.526508], [0.213097, 0.918014, -0.334426], [-0.481489, 0.39651, 0.781632]], "s": 1.28156, "sphereCenter": [-67.5578, 101.454, 11.9781], "sphereRadius": 85.0891, "stabilizedPalmPosition": [-56.6534, 136.387, 86.9655], "t": [-62.1673, -78.1994, -71.7243], "timeVisible": 9.70388, "type": "left", "wrist": [-52.5022, 71.1919, 120.754]}], "id": 1310307, "interactionBox": {"center": [0, 200, 0], "size": [235.247, 235.247, 147.751]}, "pointables": [{"bases": [[[0.746885, 0.479599, 0.460594], [-0.631493, 0.294628, 0.717225], [0.208277, -0.826547, 0.522916]], [[0.56694, 0.80647, 0.167883], [-0.612871, 0.276769, 0.740127], [0.550426, -0.522498, 0.651173]], [[0.56694, 0.80647, 0.167883], [-0.668782, 0.331631, 0.665395], [0.480946, -0.489516, 0.727368]], [[0.56694, 0.80647, 0.167883], [-0.611061, 0.275052, 0.742261], [0.552435, -0.523404, 0.64874]]], "btipPosition": [25.3058, 148.211, 50.6954], "carpPosition": [-30.8598, 93.8256, 122.28], "dipPosition": [12.7414, 136.307, 65.4502], "direction": [0.480947, 0.489516, -0.727368], "extended": true, "handId": 710, "id": 7100, "length": 50.6472, "mcpPosition": [-30.8598, 93.8256, 122.28], "pipPosition": [-3.19453, 120.087, 89.5511], "stabilizedTipPosition": [21.921, 146.751, 54.8538], "timeVisible": 9.70388, "tipPosition": [17.6954, 144.688, 51.2153], "tipVelocity": [-8.75389, -2.65403, -1.27383], "tool": false, "touchDistance": 0.242535, "touchZone": "hovering", "type": 0, "width": 21.0017}, {"bases": [[[0.921256, -0.277747, -0.272295], [0.388895, 0.670234, 0.632098], [0.00693844, -0.688218, 0.725471]], [[0.894174, -0.439808, -0.0837939], [0.326519, 0.512539, 0.794159], [-0.30633, -0.737477, 0.601905]], [[0.894174, -0.439808, -0.0837939], [0.401198, 0.704033, 0.585985], [-0.198727, -0.55759, 0.805978]], [[0.894174, -0.439808, -0.0837939], [0.438259, 0.821541, 0.36469], [-0.0915536, -0.36282, 0.927351]]], "btipPosition": [-66.428, 210.253, 15.0597], "carpPosition": [-47.9643, 109.351, 128.27], "dipPosition": [-64.9078, 204.229, 30.4574], "direction": [-0.198727, 0.55759, -0.805978], "extended": true, "handId": 710, "id": 7101, "length": 57.1497, "mcpPosition": [-47.4503, 160.341, 74.5193], "pipPosition": [-60.2399, 191.132, 49.389], "stabilizedTipPosition": [-65.9409, 208.626, 18.5588], "timeVisible": 9.70388, "tipPosition": [-56.9066, 202.122, 13.6944], "tipVelocity": [-7.91202, 4.3052, 4.00614], "tool": false, "touchDistance": -0.190207, "touchZone": "touching", "type": 1, "width": 20.0608}, {"bases": [[[0.833837, -0.478335, -0.275519], [0.539104, 0.598356, 0.592737], [-0.118669, -0.642779, 0.756804]], [[0.792635, -0.598396, -0.116845], [0.507465, 0.541273, 0.670449], [-0.337949, -0.590716, 0.732697]], [[0.792635, -0.598396, -0.116845], [0.59842, 0.726866, 0.336985], [-0.116719, -0.337028, 0.934232]], [[0.792635, -0.598396, -0.116845], [0.600927, 0.799141, -0.0161458], [0.103038, -0.0574179, 0.993019]]], "btipPosition": [-85.4359, 190.698, -5.86406], "carpPosition": [-59.9241, 107.502, 125.583], "dipPosition": [-87.3176, 189.649, 12.2707], "direction": [-0.116719, 0.337028, -0.934232], "extended": true, "handId": 710, "id": 7102, "length": 65.1175, "mcpPosition": [-68.262, 152.665, 72.4086], "pipPosition": [-84.092, 180.335, 38.0879], "stabilizedTipPosition": [-85.9048, 190.301, -1.57981], "timeVisible": 9.70388, "tipPosition": [-75.7503, 181.273, -4.07707], "tipVelocity": [-4.4981, 0.520532, -0.466249], "tool": false, "touchDistance": -0.269453, "touchZone": "touching", "type": 2, "width": 19.7024}, {"bases": [[[0.764257, -0.611449, -0.20504], [0.593242, 0.541857, 0.595361], [-0.252931, -0.576647, 0.776855]], [[0.733649, -0.668349, -0.122753], [0.613227, 0.573347, 0.543347], [-0.292766, -0.473901, 0.830485]], [[0.733649, -0.668349, -0.122753], [0.679467, 0.723949, 0.119259], [0.00915964, -0.170901, 0.985246]], [[0.733649, -0.668349, -0.122753], [0.640218, 0.740386, -0.204813], [0.227771, 0.0716721, 0.971073]]], "btipPosition": [-95.0585, 162.943, -7.11913], "carpPosition": [-70.7731, 102.69, 122.103], "dipPosition": [-99.1942, 164.244, 10.5129], "direction": [0.00915964, 0.170901, -0.985246], "extended": true, "handId": 710, "id": 7103, "length": 62.6122, "mcpPosition": [-86.7289, 139.067, 73.0965], "pipPosition": [-99.4408, 159.643, 37.0368], "stabilizedTipPosition": [-96.227, 163.104, -2.84349], "timeVisible": 9.70388, "tipPosition": [-86.3312, 153.372, -2.03336], "tipVelocity": [-0.249184, -1.56325, -1.5896], "tool": false, "touchDistance": -0.289419, "touchZone": "touching", "type": 3, "width": 18.748}, {"bases": [[[0.62125, -0.755149, -0.209282], [0.680198, 0.387069, 0.622501], [-0.389074, -0.529082, 0.754118]], [[0.6057, -0.775092, -0.17989], [0.747875, 0.477366, 0.461307], [-0.271682, -0.413949, 0.868812]], [[0.6057, -0.775092, -0.17989], [0.770943, 0.627613, -0.108388], [0.196912, -0.0730341, 0.977697]], [[0.6057, -0.775092, -0.17989], [0.657938, 0.615014, -0.434598], [0.447488, 0.14488, 0.882476]]], "btipPosition": [-98.9693, 136.008, 8.92761], "carpPosition": [-78.152, 91.926, 116.185], "dipPosition": [-106.465, 138.435, 23.7099], "direction": [0.196912, 0.0730341, -0.977697], "extended": true, "handId": 710, "id": 7104, "length": 49.0868, "mcpPosition": [-100.872, 122.822, 72.1478], "pipPosition": [-110.208, 137.046, 42.2934], "stabilizedTipPosition": [-100.661, 135.611, 13.327], "timeVisible": 9.70388, "tipPosition": [-90.8572, 127.685, 15.7996], "tipVelocity": [-2.13342, 0.227153, -0.117853], "tool": false, "touchDistance": -0.292556, "touchZone": "touching", "type": 4, "width": 16.6535}], "r": [[0.850152, -0.0055405, 0.526508], [0.213097, 0.918014, -0.334426], [-0.481489, 0.39651, 0.781632]], "s": 1.28156, "t": [62.1673, -78.1994, -71.7243], "timestamp": 746879804394}, {"currentFrameRate": 114.127, "devices": [], "gestures": [], "hands": [{"armBasis": [[0.902504, -0.400906, -0.157355], [-0.252606, -0.788665, 0.560533], [-0.348822, -0.466135, -0.813045]], "armWidth": 65.5422, "confidence": 1, "direction": [-0.204674, 0.722427, -0.66046], "elbow": [42.3255, -55.5264, -100.309], "grabAngle": 0.739892, "grabStrength": 0, "id": 710, "palmNormal": [0.385251, -0.560831, -0.732837], "palmPosition": [-64.1917, 130.761, 85.4316], "palmVelocity": [-6.43508, 2.93258, 0.519802], "palmWidth": 91.6541, "pinchDistance": 92.6599, "pinchStrength": 0, "r": [[0.850307, -0.00532696, 0.526259], [0.212746, 0.918085, -0.334453], [-0.481369, 0.396348, 0.781788]], "s": 1.28139, "sphereCenter": [-67.6705, 101.441, 11.9882], "sphereRadius": 85.094, "stabilizedPalmPosition": [-56.6926, 136.357, 86.9576], "t": [-62.2192, -78.1784, -71.7258], "timeVisible": 9.71272, "type": "left", "wrist": [-52.5233, 71.2213, 120.767]}], "id": 1310308, "interactionBox": {"center": [0, 200, 0], "size": [235.247, 235.247, 147.751]}, "pointables": [{"bases": [[[0.746606, 0.479847, 0.460789], [-0.631763, 0.294361, 0.717096], [0.208458, -0.826498, 0.522922]], [[0.566755, 0.806525, 0.168241], [-0.613441, 0.276782, 0.73965], [0.54998, -0.522407, 0.651623]], [[0.566755, 0.806525, 0.168241], [-0.669038, 0.331365, 0.665271], [0.480809, -0.489606, 0.727399]], [[0.566755, 0.806525, 0.168241], [-0.611388, 0.274833, 0.742073], [0.552262, -0.523434, 0.648863]]], "btipPosition": [25.2135, 148.209, 50.68], "carpPosition": [-30.9153, 93.8305, 122.282], "dipPosition": [12.6579, 136.309, 65.4319], "direction": [0.480809, 0.489606, -0.727399], "extended": true, "handId": 710, "id": 7100, "length": 50.6274, "mcpPosition": [-30.9153, 93.8305, 122.282], "pipPosition": [-3.26723, 120.092, 89.5244], "stabilizedTipPosition": [21.926, 146.735, 54.8442], "timeVisible": 9.71272, "tipPosition": [17.6457, 144.688, 51.208], "tipVelocity": [-10.2096, -0.124794, -1.81254], "tool": false, "touchDistance": 0.242268, "touchZone": "hovering", "type": 0, "width": 21.0204}, {"bases": [[[0.921419, -0.277398, -0.272099], [0.388508, 0.670343, 0.63222], [0.00702317, -0.688252, 0.725437]], [[0.894216, -0.439847, -0.0831383], [0.326034, 0.512705, 0.794251], [-0.306724, -0.737338, 0.601874]], [[0.894216, -0.439847, -0.0831383], [0.400642, 0.703575, 0.586915], [-0.199659, -0.558137, 0.805369]], [[0.894216, -0.439847, -0.0831383], [0.437848, 0.820823, 0.366795], [-0.0930919, -0.364396, 0.926579]]], "btipPosition": [-66.5299, 210.293, 15.1115], "carpPosition": [-48.0162, 109.363, 128.279], "dipPosition": [-64.9848, 204.245, 30.4904], "direction": [-0.199659, 0.558137, -0.805369], "extended": true, "handId": 710, "id": 7101, "length": 57.1274, "mcpPosition": [-47.4957, 160.367, 74.5195], "pipPosition": [-60.2968, 191.14, 49.4003], "stabilizedTipPosition": [-65.9729, 208.664, 18.5711], "timeVisible": 9.71272, "tipPosition": [-56.9938, 202.178, 13.7224], "tipVelocity": [-10.8711, 3.88098, 5.37017], "tool": false, "touchDistance": -0.189415, "touchZone": "touching", "type": 1, "width": 20.0787}, {"bases": [[[0.834074, -0.478018, -0.275353], [0.538751, 0.598522, 0.59289], [-0.118608, -0.642861, 0.756744]], [[0.792776, -0.598294, -0.116407], [0.50724, 0.541713, 0.670265], [-0.337956, -0.590416, 0.732936]], [[0.792776, -0.598294, -0.116407], [0.598202, 0.727119, 0.336826], [-0.116879, -0.336663, 0.934343]], [[0.792776, -0.598294, -0.116407], [0.600875, 0.799195, -0.0154192], [0.102257, -0.0577223, 0.993082]]], "btipPosition": [-85.5008, 190.697, -5.84473], "carpPosition": [-59.9793, 107.519, 125.595], "dipPosition": [-87.3676, 189.643, 12.2841], "direction": [-0.116879, 0.336663, -0.934343], "extended": true, "handId": 710, "id": 7102, "length": 65.092, "mcpPosition": [-68.3147, 152.698, 72.4128], "pipPosition": [-84.1389, 180.343, 38.0943], "stabilizedTipPosition": [-85.9081, 190.322, -1.59239], "timeVisible": 9.71272, "tipPosition": [-75.8372, 181.333, -4.06065], "tipVelocity": [-6.95983, -0.267272, 2.03101], "tool": false, "touchDistance": -0.269154, "touchZone": "touching", "type": 2, "width": 19.7199}, {"bases": [[[0.764526, -0.61116, -0.204896], [0.59291, 0.542042, 0.595524], [-0.252898, -0.576779, 0.776768]], [[0.733895, -0.668115, -0.12256], [0.613129, 0.573912, 0.542861], [-0.292355, -0.473548, 0.830832]], [[0.733895, -0.668115, -0.12256], [0.679192, 0.724394, 0.118121], [0.00986292, -0.16993, 0.985407]], [[0.733895, -0.668115, -0.12256], [0.640189, 0.740639, -0.203987], [0.227059, 0.0712436, 0.971272]]], "btipPosition": [-95.0924, 162.936, -7.10296], "carpPosition": [-70.8327, 102.71, 122.116], "dipPosition": [-99.2136, 164.229, 10.5258], "direction": [0.00986292, 0.16993, -0.985407], "extended": true, "handId": 710, "id": 7103, "length": 62.5877, "mcpPosition": [-86.7899, 139.103, 73.1043], "pipPosition": [-99.479, 159.656, 37.0436], "stabilizedTipPosition": [-96.2096, 163.116, -2.86254], "timeVisible": 9.71272, "tipPosition": [-86.439, 153.45, -2.02673], "tipVelocity": [-3.45397, -0.968407, 1.74327], "tool": false, "touchDistance": -0.288579, "touchZone": "touching", "type": 3, "width": 18.7648}, {"bases": [[[0.621572, -0.754912, -0.209179], [0.679916, 0.387285, 0.622676], [-0.389053, -0.529262, 0.754002]], [[0.606036, -0.774846, -0.179816], [0.747779, 0.477905, 0.460905], [-0.271196, -0.413788, 0.869041]], [[0.606036, -0.774846, -0.179816], [0.770475, 0.628009, -0.109421], [0.19771, -0.0722309, 0.977596]], [[0.606036, -0.774846, -0.179816], [0.657504, 0.615204, -0.434985], [0.44767, 0.145387, 0.8823]]], "btipPosition": [-99.0049, 136.012, 8.95935], "carpPosition": [-78.2181, 91.9473, 116.198], "dipPosition": [-106.501, 138.446, 23.7329], "direction": [0.19771, 0.0722309, -0.977596], "extended": true, "handId": 710, "id": 7104, "length": 49.0676, "mcpPosition": [-100.942, 122.861, 72.1579], "pipPosition": [-110.257, 137.074, 42.3072], "stabilizedTipPosition": [-100.664, 135.651, 13.2872], "timeVisible": 9.71272, "tipPosition": [-90.9664, 127.756, 15.7977], "tipVelocity": [-4.03197, 0.650583, 3.36212], "tool": false, "touchDistance": -0.291188, "touchZone": "touching", "type": 4, "width": 16.6683}], "r": [[0.850307, -0.00532696, 0.526259], [0.212746, 0.918085, -0.334453], [-0.481369, 0.396348, 0.781788]], "s": 1.28139, "t": [62.2192, -78.1784, -71.7258], "timestamp": 746879813237}, {"currentFrameRate": 114.215, "devices": [], "gestures": [], "hands": [{"armBasis": [[0.901865, -0.401798, -0.158741], [-0.252706, -0.788657, 0.5605], [-0.3504, -0.46538, -0.812798]], "armWidth": 65.5811, "confidence": 1, "direction": [-0.204785, 0.72242, -0.660433], "elbow": [42.7351, -55.3353, -100.265], "grabAngle": 0.739475, "grabStrength": 0, "id": 710, "palmNormal": [0.385177, -0.560816, -0.732888], "palmPosition": [-64.2684, 130.774, 85.446], "palmVelocity": [-8.90307, 1.55413, 1.6709], "palmWidth": 91.6663, "pinchDistance": 92.6539, "pinchStrength": 0, "r": [[0.850418, -0.00516231, 0.526082], [0.212482, 0.91814, -0.334469], [-0.481291, 0.396222, 0.7819]], "s": 1.28125, "sphereCenter": [-67.78, 101.436, 12.0223], "sphereRadius": 85.0789, "stabilizedPalmPosition": [-56.7313, 136.329, 86.9498], "t": [-62.2835, -78.1612, -71.7193], "timeVisible": 9.72133, "type": "left", "wrist": [-52.5633, 71.2344, 120.793]}], "id": 1310309, "interactionBox": {"center": [0, 200, 0], "size": [235.247, 235.247, 147.751]}, "pointables": [{"bases": [[[0.746564, 0.47982, 0.460886], [-0.631845, 0.294383, 0.717015], [0.208361, -0.826506, 0.522947]], [[0.566849, 0.806421, 0.168425], [-0.61376, 0.277017, 0.739297], [0.549528, -0.522442, 0.651976]], [[0.566849, 0.806421, 0.168425], [-0.669061, 0.331354, 0.665253], [0.480666, -0.489785, 0.727373]], [[0.566849, 0.806421, 0.168425], [-0.611562, 0.27493, 0.741893], [0.551973, -0.523544, 0.64902]]], "btipPosition": [25.1122, 148.222, 50.684], "carpPosition": [-30.9787, 93.8371, 122.3], "dipPosition": [12.5675, 136.323, 65.4343], "direction": [0.480666, 0.489785, -0.727373], "extended": true, "handId": 710, "id": 7100, "length": 50.6099, "mcpPosition": [-30.9787, 93.8371, 122.3], "pipPosition": [-3.34739, 120.106, 89.5176], "stabilizedTipPosition": [21.9298, 146.719, 54.8345], "timeVisible": 9.72133, "tipPosition": [17.5698, 144.705, 51.2153], "tipVelocity": [-11.4812, 1.52108, 0.415803], "tool": false, "touchDistance": 0.242328, "touchZone": "hovering", "type": 0, "width": 21.0362}, {"bases": [[[0.921444, -0.27743, -0.271981], [0.38845, 0.670328, 0.632271], [0.00690535, -0.688253, 0.725437]], [[0.894081, -0.440228, -0.0825735], [0.32581, 0.512708, 0.794342], [-0.307356, -0.737109, 0.601833]], [[0.894081, -0.440228, -0.0825735], [0.4004, 0.70293, 0.587852], [-0.200746, -0.558649, 0.804744]], [[0.894081, -0.440228, -0.0825735], [0.437816, 0.820052, 0.368555], [-0.0945336, -0.36567, 0.925932]]], "btipPosition": [-66.6745, 210.32, 15.1691], "carpPosition": [-48.083, 109.377, 128.296], "dipPosition": [-65.1061, 204.253, 30.5319], "direction": [-0.200746, 0.558649, -0.804744], "extended": true, "handId": 710, "id": 7101, "length": 57.1076, "mcpPosition": [-47.5712, 160.388, 74.5294], "pipPosition": [-60.3942, 191.14, 49.4207], "stabilizedTipPosition": [-66.0187, 208.699, 18.5888], "timeVisible": 9.72133, "tipPosition": [-57.1221, 202.221, 13.7574], "tipVelocity": [-16.1895, 2.59058, 6.2659], "tool": false, "touchDistance": -0.188517, "touchZone": "touching", "type": 1, "width": 20.0938}, {"bases": [[[0.834092, -0.478048, -0.275246], [0.538697, 0.598502, 0.59296], [-0.118728, -0.642858, 0.756728]], [[0.792656, -0.598534, -0.11599], [0.507288, 0.541974, 0.670017], [-0.338165, -0.589933, 0.733228]], [[0.792656, -0.598534, -0.11599], [0.598303, 0.727106, 0.336676], [-0.117175, -0.336265, 0.934449]], [[0.792656, -0.598534, -0.11599], [0.601149, 0.798999, -0.0148631], [0.101572, -0.0579458, 0.993139]]], "btipPosition": [-85.6053, 190.672, -5.82319], "carpPosition": [-60.0497, 107.531, 125.613], "dipPosition": [-87.4589, 189.614, 12.3004], "direction": [-0.117175, 0.336265, -0.934449], "extended": true, "handId": 710, "id": 7102, "length": 65.0695, "mcpPosition": [-68.3946, 152.716, 72.4249], "pipPosition": [-84.2232, 180.329, 38.1047], "stabilizedTipPosition": [-85.9244, 190.336, -1.60061], "timeVisible": 9.72133, "tipPosition": [-75.954, 181.371, -4.03835], "tipVelocity": [-11.7897, -2.96429, 2.36331], "tool": false, "touchDistance": -0.268815, "touchZone": "touching", "type": 2, "width": 19.7348}, {"bases": [[[0.764531, -0.611187, -0.204799], [0.592853, 0.54202, 0.595601], [-0.253018, -0.576771, 0.776735]], [[0.733845, -0.668205, -0.122366], [0.613336, 0.574289, 0.542229], [-0.292047, -0.472963, 0.831273]], [[0.733845, -0.668205, -0.122366], [0.679235, 0.724553, 0.116889], [0.0105551, -0.168894, 0.985578]], [[0.733845, -0.668205, -0.122366], [0.640393, 0.740579, -0.203568], [0.226647, 0.0710246, 0.971384]]], "btipPosition": [-95.1484, 162.893, -7.08636], "carpPosition": [-70.9063, 102.72, 122.135], "dipPosition": [-99.2606, 164.182, 10.5383], "direction": [0.0105551, 0.168894, -0.985578], "extended": true, "handId": 710, "id": 7103, "length": 62.5661, "mcpPosition": [-86.8732, 139.117, 73.1189], "pipPosition": [-99.5446, 159.638, 37.0516], "stabilizedTipPosition": [-96.1987, 163.123, -2.87868], "timeVisible": 9.72133, "tipPosition": [-86.57, 153.506, -2.01398], "tipVelocity": [-6.26763, -5.13031, 1.81965], "tool": false, "touchDistance": -0.28782, "touchZone": "touching", "type": 3, "width": 18.7789}, {"bases": [[[0.621572, -0.754934, -0.2091], [0.67985, 0.38726, 0.622763], [-0.389169, -0.529249, 0.753951]], [[0.60604, -0.774858, -0.179755], [0.747995, 0.478277, 0.460169], [-0.270592, -0.413336, 0.869444]], [[0.60604, -0.774858, -0.179755], [0.770138, 0.628125, -0.111116], [0.199008, -0.0710951, 0.977416]], [[0.60604, -0.774858, -0.179755], [0.657099, 0.615042, -0.435827], [0.448261, 0.146012, 0.881897]]], "btipPosition": [-99.0363, 135.97, 8.99376], "carpPosition": [-78.2943, 91.9543, 116.217], "dipPosition": [-106.54, 138.414, 23.7554], "direction": [0.199008, 0.0710951, -0.977416], "extended": true, "handId": 710, "id": 7104, "length": 49.0507, "mcpPosition": [-101.028, 122.871, 72.1741], "pipPosition": [-110.319, 137.064, 42.3199], "stabilizedTipPosition": [-100.668, 135.685, 13.2523], "timeVisible": 9.72133, "tipPosition": [-91.1002, 127.812, 15.7985], "tipVelocity": [-3.84103, -4.5902, 3.6824], "tool": false, "touchDistance": -0.289927, "touchZone": "touching", "type": 4, "width": 16.6809}], "r": [[0.850418, -0.00516231, 0.526082], [0.212482, 0.91814, -0.334469], [-0.481291, 0.396222, 0.7819]], "s": 1.28125, "t": [62.2835, -78.1612, -71.7193], "timestamp": 746879821842}, {"currentFrameRate": 114.263, "devices": [], "gestures": [], "hands": [{"armBasis": [[0.901497, -0.402339, -0.159454], [-0.252956, -0.788796, 0.560191], [-0.351164, -0.464676, -0.812872]], "armWidth": 65.6144, "confidence": 1, "direction": [-0.205074, 0.722587, -0.660161], "elbow": [42.901, -55.1529, -100.318], "grabAngle": 0.739659, "grabStrength": 0, "id": 710, "palmNormal": [0.384887, -0.560617, -0.733192], "palmPosition": [-64.3585, 130.791, 85.4545], "palmVelocity": [-10.4, 1.90764, 0.976014], "palmWidth": 91.6821, "pinchDistance": 92.6463, "pinchStrength": 0, "r": [[0.850463, -0.00506174, 0.526011], [0.212302, 0.918201, -0.334417], [-0.481291, 0.396082, 0.781971]], "s": 1.28108, "sphereCenter": [-67.874, 101.411, 12.0161], "sphereRadius": 85.0962, "stabilizedPalmPosition": [-56.7714, 136.3, 86.942], "t": [-62.3607, -78.1443, -71.7118], "timeVisible": 9.73, "type": "left", "wrist": [-52.6179, 71.2421, 120.789]}], "id": 1310310, "interactionBox": {"center": [0, 200, 0], "size": [235.247, 235.247, 147.751]}, "pointables": [{"bases": [[[0.746384, 0.479683, 0.461318], [-0.632134, 0.294212, 0.71683], [0.208126, -0.826646, 0.522819]], [[0.566864, 0.8063, 0.168954], [-0.614105, 0.276878, 0.739062], [0.549126, -0.522704, 0.652105]], [[0.566864, 0.8063, 0.168954], [-0.669227, 0.331106, 0.66521], [0.480416, -0.490152, 0.72729]], [[0.566864, 0.8063, 0.168954], [-0.61198, 0.274858, 0.741575], [0.551493, -0.523769, 0.649247]]], "btipPosition": [24.9944, 148.246, 50.6777], "carpPosition": [-31.0484, 93.8399, 122.29], "dipPosition": [12.466, 136.348, 65.4267], "direction": [0.480416, 0.490152, -0.72729], "extended": true, "handId": 710, "id": 7100, "length": 50.5878, "mcpPosition": [-31.0484, 93.8399, 122.29], "pipPosition": [-3.4336, 120.126, 89.4968], "stabilizedTipPosition": [21.9323, 146.703, 54.8241], "timeVisible": 9.73, "tipPosition": [17.4713, 144.733, 51.1974], "tipVelocity": [-13.156, 2.82686, -0.756191], "tool": false, "touchDistance": 0.242218, "touchZone": "hovering", "type": 0,