{"frames": 82, "data": [{"currentFrameRate": 113.821, "devices": [], "gestures": [], "hands": [{"armBasis": [[0.977759, -0.0718424, -0.197042], [0.145577, 0.908793, 0.391028], [0.150978, -0.411016, 0.899039]], "armWidth": 62.4352, "confidence": 1, "direction": [0.033214, 0.637516, -0.769721], "elbow": [-89.6659, -4.68234, 370.164], "grabAngle": 2.02051, "grabStrength": 0.951409, "id": 717, "palmNormal": [0.160796, -0.763522, -0.625443], "palmPosition": [-38.164, 145.905, 73.2976], "palmVelocity": [-0.691141, -3.67445, 1.44169], "palmWidth": 88.7841, "pinchDistance": 3.20888, "pinchStrength": 1, "r": [[-0.0898771, 0.930309, 0.355594], [-0.333212, 0.308376, -0.890996], [-0.938559, -0.198568, 0.282274]], "s": 0.643138, "sphereCenter": [-35.5906, 117.274, 33.3302], "sphereRadius": 38.1584, "stabilizedPalmPosition": [-40.6125, 148.3, 74.0887], "t": [-10.7171, 3.09142, -9.39889], "timeVisible": 9.03638, "type": "left", "wrist": [-49.8901, 103.602, 133.309]}], "id": 1320173, "interactionBox": {"center": [0, 200, 0], "size": [235.247, 235.247, 147.751]}, "pointables": [{"bases": [[[0.841708, -0.528543, -0.110321], [0.498717, 0.682755, 0.533972], [-0.206905, -0.504468, 0.838274]], [[0.840605, -0.531196, -0.105898], [0.34698, 0.678226, -0.647776], [0.415919, 0.507779, 0.754434]], [[0.840605, -0.531196, -0.105898], [0.0577095, 0.28223, -0.957609], [0.538566, 0.798859, 0.267899]], [[0.840605, -0.531196, -0.105898], [-0.0519171, 0.115593, -0.991939], [0.539156, 0.839326, 0.0695897]]], "btipPosition": [-39.9401, 100.443, 27.4489], "carpPosition": [-62.8507, 120.063, 108.074], "dipPosition": [-49.2559, 114.945, 28.6513], "direction": [0.538566, -0.798859, -0.267899], "extended": false, "handId": 717, "id": 7174, "length": 50.633, "mcpPosition": [-74.5573, 148.606, 60.6445], "pipPosition": [-59.8151, 130.607, 33.9037], "stabilizedTipPosition": [-42.0227, 105.805, 28.2719], "timeVisible": 9.03638, "tipPosition": [-42.4633, 105.407, 26.8517], "tipVelocity": [-3.18113, -7.67321, 14.3148], "tool": false, "touchDistance": 0.024366, "touchZone": "hovering", "type": 4, "width": 15.7624}, {"bases": [[[0.534275, 0.76587, 0.357762], [-0.709, 0.175547, 0.68301], [0.460293, -0.618568, 0.636792]], [[0.335299, 0.935959, 0.107498], [-0.915042, 0.296382, 0.273596], [0.224214, -0.190102, 0.955819]], [[0.335299, 0.935959, 0.107498], [-0.941854, 0.330348, 0.061491], [0.0220412, -0.121865, 0.992302]], [[0.335299, 0.935959, 0.107498], [-0.929749, 0.347162, -0.122659], [-0.152123, -0.0588185, 0.98661]]], "btipPosition": [-10.8004, 122.261, 11.4597], "carpPosition": [-18.9058, 107.456, 115.076], "dipPosition": [-7.23159, 120.881, 34.6058], "direction": [0.0220412, 0.121865, -0.992302], "extended": false, "handId": 717, "id": 7170, "length": 52.2425, "mcpPosition": [-18.9058, 107.456, 115.076], "pipPosition": [-7.98492, 116.716, 68.5208], "stabilizedTipPosition": [-7.86721, 124.623, 17.1176], "timeVisible": 9.03638, "tipPosition": [-10.8144, 122.633, 17.2154], "tipVelocity": [-1.19303, 1.52846, -0.63302], "tool": false, "touchDistance": 0.307271, "touchZone": "hovering", "type": 0, "width": 19.8779}, {"bases": [[[0.966848, 0.005508, -0.255292], [0.129591, 0.850867, 0.509149], [0.220024, -0.525353, 0.821945]], [[0.988401, -0.0698442, -0.134852], [-0.029028, 0.784708, -0.619186], [0.149066, 0.615919, 0.773578]], [[0.988401, -0.0698442, -0.134852], [-0.125536, 0.123951, -0.984315], [0.0854637, 0.989827, 0.113745]], [[0.988401, -0.0698442, -0.134852], [-0.141053, -0.0931303, -0.985612], [0.0562804, 0.993201, -0.101902]]], "btipPosition": [-4.14096, 98.0642, 24.6362], "carpPosition": [-29.3899, 127.87, 117.966], "dipPosition": [-5.10487, 115.075, 22.891], "direction": [0.0854637, -0.989827, -0.113745], "extended": false, "handId": 717, "id": 7171, "length": 58.9498, "mcpPosition": [-13.5953, 165.583, 58.9621], "pipPosition": [-7.17556, 139.057, 25.6469], "stabilizedTipPosition": [-3.93912, 103.084, 24.4496], "timeVisible": 9.03638, "tipPosition": [-4.16057, 105.233, 20.4217], "tipVelocity": [-4.60494, -0.821009, -6.35982], "tool": false, "touchDistance": 0.247251, "touchZone": "hovering", "type": 1, "width": 18.9874}, {"bases": [[[0.951332, -0.210653, -0.224929], [0.295982, 0.827808, 0.476581], [0.0858045, -0.519961, 0.849869]], [[0.955082, -0.264123, -0.134382], [0.17919, 0.875894, -0.447997], [0.23603, 0.403794, 0.883878]], [[0.955082, -0.264123, -0.134382], [-0.000753632, 0.4513, -0.892372], [0.296342, 0.852389, 0.43083]], [[0.955082, -0.264123, -0.134382], [-0.0852963, 0.189265, -0.978214], [0.283802, 0.945737, 0.158235]]], "btipPosition": [-9.93122, 103.425, -0.518993], "carpPosition": [-40.9702, 129.65, 115.305], "dipPosition": [-15.2773, 121.24, 2.46175], "direction": [0.296342, -0.852389, -0.43083], "extended": false, "handId": 717, "id": 7172, "length": 67.1686, "mcpPosition": [-35.1289, 165.047, 57.449], "pipPosition": [-23.7246, 145.537, 14.7426], "stabilizedTipPosition": [-10.8062, 108.363, -0.0097822], "timeVisible": 9.03638, "tipPosition": [-11.5596, 110.653, -3.03542], "tipVelocity": [-6.46778, -3.76575, 2.68308], "tool": false, "touchDistance": -0.0844786, "touchZone": "touching", "type": 2, "width": 18.6482}, {"bases": [[[0.928552, -0.346674, -0.132694], [0.365778, 0.793645, 0.486142], [-0.0632206, -0.499945, 0.863747]], [[0.925687, -0.364386, -0.101623], [0.260886, 0.80946, -0.526035], [0.273939, 0.460431, 0.84437]], [[0.925687, -0.364386, -0.101623], [0.0583737, 0.40301, -0.913332], [0.37376, 0.839527, 0.394332]], [[0.925687, -0.364386, -0.101623], [-0.0227085, 0.214627, -0.976432], [0.377609, 0.906178, 0.190402]]], "btipPosition": [-26.6532, 97.9318, 7.23344], "carpPosition": [-52.5094, 128.281, 112.361], "dipPosition": [-33.7255, 114.904, 10.7995], "direction": [0.37376, -0.839527, -0.394332], "extended": false, "handId": 717, "id": 7173, "length": 64.5844, "mcpPosition": [-56.3736, 158.838, 59.5671], "pipPosition": [-44.1045, 138.217, 21.7497], "stabilizedTipPosition": [-27.8053, 103.173, 7.68035], "timeVisible": 9.03638, "tipPosition": [-29.0231, 104.107, 5.39973], "tipVelocity": [-5.12308, -6.82258, 7.72014], "tool": false, "touchDistance": 0.0266745, "touchZone": "hovering", "type": 3, "width": 17.7449}], "r": [[-0.0898771, 0.930309, 0.355594], [-0.333212, 0.308376, -0.890996], [-0.938559, -0.198568, 0.282274]], "s": 0.643138, "t": [10.7171, 3.09142, -9.39889], "timestamp": 746966775727}, {"currentFrameRate": 114.011, "devices": [], "gestures": [], "hands": [{"armBasis": [[0.978001, -0.0710726, -0.196121], [0.144266, 0.909525, 0.38981], [0.150672, -0.409528, 0.899769]], "armWidth": 62.4352, "confidence": 1, "direction": [0.0330517, 0.637793, -0.769498], "elbow": [-89.5223, -4.38261, 370.295], "grabAngle": 2.02228, "grabStrength": 0.9512, "id": 717, "palmNormal": [0.159535, -0.763414, -0.625898], "palmPosition": [-38.1181, 145.809, 73.2312], "palmVelocity": [5.42938, -11.3217, -7.86804], "palmWidth": 88.7841, "pinchDistance": 3.15809, "pinchStrength": 1, "r": [[-0.0906358, 0.930357, 0.355276], [-0.332804, 0.307939, -0.8913], [-0.93863, -0.199021, 0.281716]], "s": 0.643341, "sphereCenter": [-35.6672, 117.184, 33.2392], "sphereRadius": 38.17, "stabilizedPalmPosition": [-40.6067, 148.294, 74.0867], "t": [-10.6997, 3.02258, -9.43405], "timeVisible": 9.04483, "type": "left", "wrist": [-49.8272, 103.509, 133.247]}], "id": 1320174, "interactionBox": {"center": [0, 200, 0], "size": [235.247, 235.247, 147.751]}, "pointables": [{"bases": [[[0.842276, -0.527757, -0.10974], [0.497613, 0.682981, 0.534713], [-0.207248, -0.504984, 0.837878]], [[0.841187, -0.530376, -0.105381], [0.346532, 0.678338, -0.647899], [0.415114, 0.508487, 0.754401]], [[0.841187, -0.530376, -0.105381], [0.0567539, 0.280399, -0.958204], [0.537757, 0.800048, 0.265969]], [[0.841187, -0.530376, -0.105381], [-0.0532241, 0.112726, -0.9922], [0.538118, 0.840234, 0.0665953]]], "btipPosition": [-39.966, 100.32, 27.5085], "carpPosition": [-62.7949, 119.975, 108.02], "dipPosition": [-49.2639, 114.838, 28.6592], "direction": [0.537757, -0.800048, -0.265969], "extended": false, "handId": 717, "id": 7174, "length": 50.633, "mcpPosition": [-74.5209, 148.547, 60.6134], "pipPosition": [-59.8073, 130.524, 33.8738], "stabilizedTipPosition": [-42.0242, 105.766, 28.2627], "timeVisible": 9.04483, "tipPosition": [-42.4933, 105.319, 26.7822], "tipVelocity": [-2.58491, -14.0882, 5.64947], "tool": false, "touchDistance": 0.0251612, "touchZone": "hovering", "type": 4, "width": 15.7624}, {"bases": [[[0.533263, 0.766197, 0.358569], [-0.709796, 0.17465, 0.682413], [0.460239, -0.618416, 0.636978]], [[0.334523, 0.936137, 0.108361], [-0.915415, 0.29548, 0.273326], [0.223852, -0.190629, 0.955799]], [[0.334523, 0.936137, 0.108361], [-0.942131, 0.32953, 0.0616396], [0.0219951, -0.12271, 0.992199]], [[0.334523, 0.936137, 0.108361], [-0.930115, 0.346473, -0.121832], [-0.151596, -0.060032, 0.986618]]], "btipPosition": [-10.756, 122.214, 11.3641], "carpPosition": [-18.8546, 107.327, 114.976], "dipPosition": [-7.19956, 120.806, 34.5104], "direction": [0.0219951, 0.12271, -0.992199], "extended": false, "handId": 717, "id": 7170, "length": 52.2425, "mcpPosition": [-18.8546, 107.327, 114.976], "pipPosition": [-7.95131, 116.612, 68.4218], "stabilizedTipPosition": [-7.88559, 124.599, 17.1138], "timeVisible": 9.04483, "tipPosition": [-10.8368, 122.532, 17.1116], "tipVelocity": [4.92108, -6.24873, -11.3127], "tool": false, "touchDistance": 0.305679, "touchZone": "hovering", "type": 0, "width": 19.8779}, {"bases": [[[0.967083, 0.00646131, -0.25438], [0.128362, 0.850777, 0.509609], [0.219713, -0.525487, 0.821943]], [[0.988564, -0.0687587, -0.134213], [-0.0293244, 0.785362, -0.618342], [0.147922, 0.615207, 0.774364]], [[0.988564, -0.0687587, -0.134213], [-0.124952, 0.124785, -0.984284], [0.0844259, 0.989798, 0.114767]], [[0.988564, -0.0687587, -0.134213], [-0.140284, -0.0927611, -0.985757], [0.0553296, 0.993311, -0.101346]]], "btipPosition": [-4.18197, 97.9822, 24.4864], "carpPosition": [-29.3179, 127.748, 117.884], "dipPosition": [-5.1296, 114.995, 22.7506], "direction": [0.0844259, -0.989798, -0.114767], "extended": false, "handId": 717, "id": 7171, "length": 58.9498, "mcpPosition": [-13.5456, 165.471, 58.8803], "pipPosition": [-7.17514, 138.976, 25.5313], "stabilizedTipPosition": [-3.95551, 103.041, 24.4367], "timeVisible": 9.04483, "tipPosition": [-4.20084, 105.12, 20.3171], "tipVelocity": [-4.41208, -9.66731, -17.4821], "tool": false, "touchDistance": 0.24479, "touchZone": "hovering", "type": 1, "width": 18.9874}, {"bases": [[[0.951728, -0.209725, -0.224117], [0.294804, 0.827878, 0.477188], [0.0854632, -0.520224, 0.849743]], [[0.955442, -0.263157, -0.133712], [0.178757, 0.876311, -0.447353], [0.234897, 0.403518, 0.884306]], [[0.955442, -0.263157, -0.133712], [-0.000797319, 0.450682, -0.892684], [0.295178, 0.853014, 0.430391]], [[0.955442, -0.263157, -0.133712], [-0.0850389, 0.188384, -0.978407], [0.282664, 0.946182, 0.157611]]], "btipPosition": [-9.99278, 103.32, -0.577093], "carpPosition": [-40.8992, 129.54, 115.235], "dipPosition": [-15.3175, 121.143, 2.39191], "direction": [0.295178, -0.853014, -0.430391], "extended": false, "handId": 717, "id": 7172, "length": 67.1686, "mcpPosition": [-35.0811, 164.955, 57.3873], "pipPosition": [-23.7316, 145.459, 14.6603], "stabilizedTipPosition": [-10.8569, 108.247, 0.00446179], "timeVisible": 9.04483, "tipPosition": [-11.6154, 110.554, -3.13054], "tipVelocity": [-6.7048, -12.1876, -7.19882], "tool": false, "touchDistance": -0.0854919, "touchZone": "touching", "type": 2, "width": 18.6482}, {"bases": [[[0.928982, -0.345803, -0.131958], [0.364621, 0.793773, 0.486802], [-0.0635925, -0.500345, 0.863488]], [[0.926119, -0.363448, -0.101041], [0.260364, 0.809669, -0.525973], [0.272974, 0.460806, 0.844478]], [[0.926119, -0.363448, -0.101041], [0.0579944, 0.401841, -0.913871], [0.372748, 0.840493, 0.39323]], [[0.926119, -0.363448, -0.101041], [-0.0228706, 0.21326, -0.976728], [0.376538, 0.906877, 0.189192]]], "btipPosition": [-26.7002, 97.801, 7.23769], "carpPosition": [-52.4423, 128.182, 112.301], "dipPosition": [-33.7525, 114.786, 10.7811], "direction": [0.372748, -0.840493, -0.39323], "extended": false, "handId": 717, "id": 7173, "length": 64.5844, "mcpPosition": [-56.3292, 158.764, 59.523], "pipPosition": [-44.1033, 138.126, 21.7007], "stabilizedTipPosition": [-27.8347, 103.089, 7.70153], "timeVisible": 9.04483, "tipPosition": [-29.0726, 104.014, 5.32722], "tipVelocity": [-5.02303, -15.1313, -0.114729], "tool": false, "touchDistance": 0.0266583, "touchZone": "hovering", "type": 3, "width": 17.7449}], "r": [[-0.0906358, 0.930357, 0.355276], [-0.332804, 0.307939, -0.8913], [-0.93863, -0.199021, 0.281716]], "s": 0.643341, "t": [10.6997, 3.02258, -9.43405], "timestamp": 746966784173}, {"currentFrameRate": 112.965, "devices": [], "gestures": [], "hands": [{"armBasis": [[0.97819, -0.0705208, -0.195374], [0.143245, 0.910177, 0.388662], [0.150416, -0.408171, 0.900428]], "armWidth": 62.4352, "confidence": 1, "direction": [0.0326959, 0.638018, -0.769327], "elbow": [-89.3818, -4.05933, 370.428], "grabAngle": 2.02434, "grabStrength": 0.950923, "id": 717, "palmNormal": [0.158506, -0.763307, -0.62629], "palmPosition": [-38.073, 145.772, 73.1844], "palmVelocity": [4.23796, -3.46926, -4.39048], "palmWidth": 88.7841, "pinchDistance": 3.11162, "pinchStrength": 1, "r": [[-0.0914168, 0.930362, 0.355063], [-0.332345, 0.307608, -0.891585], [-0.938717, -0.199509, 0.281081]], "s": 0.643576, "sphereCenter": [-35.7427, 117.149, 33.1694], "sphereRadius": 38.1826, "stabilizedPalmPosition": [-40.5999, 148.287, 74.0843], "t": [-10.6685, 2.96968, -9.47501], "timeVisible": 9.05548, "type": "left", "wrist": [-49.754, 103.475, 133.207]}], "id": 1320175, "interactionBox": {"center": [0, 200, 0], "size": [235.247, 235.247, 147.751]}, "pointables": [{"bases": [[[0.842683, -0.527237, -0.109115], [0.496716, 0.683098, 0.535397], [-0.207745, -0.505369, 0.837522]], [[0.841609, -0.529817, -0.104826], [0.346341, 0.678363, -0.647975], [0.414418, 0.509036, 0.754414]], [[0.841609, -0.529817, -0.104826], [0.0557801, 0.278321, -0.958867], [0.537199, 0.801144, 0.263791]], [[0.841609, -0.529817, -0.104826], [-0.0546831, 0.109502, -0.992481], [0.537312, 0.841013, 0.0631857]]], "btipPosition": [-39.9807, 100.254, 27.598], "carpPosition": [-62.7319, 119.942, 107.988], "dipPosition": [-49.2647, 114.785, 28.6898], "direction": [0.537199, -0.801144, -0.263791], "extended": false, "handId": 717, "id": 7174, "length": 50.633, "mcpPosition": [-74.486, 148.535, 60.6017], "pipPosition": [-59.7971, 130.492, 33.8617], "stabilizedTipPosition": [-42.0259, 105.725, 28.2549], "timeVisible": 9.05548, "tipPosition": [-42.5115, 105.283, 26.7371], "tipVelocity": [-1.07566, -5.94027, 7.13132], "tool": false, "touchDistance": 0.0264275, "touchZone": "hovering", "type": 4, "width": 15.7624}, {"bases": [[[0.532484, 0.766391, 0.359313], [-0.710538, 0.174024, 0.6818], [0.459996, -0.618353, 0.637215]], [[0.334046, 0.936214, 0.109165], [-0.915675, 0.294873, 0.273111], [0.2235, -0.191192, 0.955769]], [[0.334046, 0.936214, 0.109165], [-0.942304, 0.329028, 0.0616774], [0.0218247, -0.12347, 0.992108]], [[0.334046, 0.936214, 0.109165], [-0.930326, 0.34609, -0.121306], [-0.15135, -0.0610375, 0.986594]]], "btipPosition": [-10.711, 122.23, 11.2921], "carpPosition": [-18.7924, 107.266, 114.899], "dipPosition": [-7.16033, 120.798, 34.4378], "direction": [0.0218247, 0.12347, -0.992108], "extended": false, "handId": 717, "id": 7170, "length": 52.2425, "mcpPosition": [-18.7924, 107.266, 114.899], "pipPosition": [-7.90626, 116.578, 68.3462], "stabilizedTipPosition": [-7.90221, 124.577, 17.1097], "timeVisible": 9.05548, "tipPosition": [-10.8528, 122.494, 17.0296], "tipVelocity": [4.09957, 0.96369, -6.76904], "tool": false, "touchDistance": 0.304477, "touchZone": "hovering", "type": 0, "width": 19.8779}, {"bases": [[[0.967318, 0.00709954, -0.253468], [0.127392, 0.850689, 0.509999], [0.219243, -0.525621, 0.821982]], [[0.988701, -0.0679576, -0.133612], [-0.0294103, 0.786069, -0.617439], [0.146988, 0.614392, 0.775188]], [[0.988701, -0.0679576, -0.133612], [-0.124378, 0.125599, -0.984253], [0.0836692, 0.989751, 0.115728]], [[0.988701, -0.0679576, -0.133612], [-0.139586, -0.0924395, -0.985886], [0.0546474, 0.993397, -0.100881]]], "btipPosition": [-4.20923, 97.9704, 24.356], "carpPosition": [-29.2412, 127.692, 117.824], "dipPosition": [-5.14517, 114.984, 22.6282], "direction": [0.0836692, -0.989751, -0.115728], "extended": false, "handId": 717, "id": 7171, "length": 58.9498, "mcpPosition": [-13.5026, 165.424, 58.8167], "pipPosition": [-7.17239, 138.965, 25.4321], "stabilizedTipPosition": [-3.96902, 103.008, 24.423], "timeVisible": 9.05548, "tipPosition": [-4.22954, 105.071, 20.2371], "tipVelocity": [-2.30645, -1.07519, -12.0676], "tool": false, "touchDistance": 0.242647, "touchZone": "hovering", "type": 1, "width": 18.9874}, {"bases": [[[0.952059, -0.209106, -0.223288], [0.293877, 0.827896, 0.477728], [0.0849641, -0.520445, 0.849658]], [[0.955722, -0.262475, -0.133053], [0.178568, 0.876662, -0.44674], [0.233901, 0.4032, 0.884715]], [[0.955722, -0.262475, -0.133053], [-0.000832966, 0.449728, -0.893165], [0.294271, 0.853728, 0.429597]], [[0.955722, -0.262475, -0.133053], [-0.0848679, 0.187085, -0.978671], [0.281769, 0.946629, 0.156526]]], "btipPosition": [-10.0424, 103.273, -0.597317], "carpPosition": [-40.8239, 129.492, 115.186], "dipPosition": [-15.3502, 121.105, 2.35123], "direction": [0.294271, -0.853728, -0.429597], "extended": false, "handId": 717, "id": 7172, "length": 67.1686, "mcpPosition": [-35.0398, 164.922, 57.3438], "pipPosition": [-23.7384, 145.44, 14.597], "stabilizedTipPosition": [-10.9146, 108.123, 0.015325], "timeVisible": 9.05548, "tipPosition": [-11.6607, 110.513, -3.19995], "tipVelocity": [-4.29027, -4.23839, -2.33973], "tool": false, "touchDistance": -0.0859074, "touchZone": "touching", "type": 2, "width": 18.6482}, {"bases": [[[0.929305, -0.345226, -0.131194], [0.363705, 0.793829, 0.487396], [-0.0641159, -0.500655, 0.863269]], [[0.926444, -0.362773, -0.100479], [0.260063, 0.809808, -0.525906], [0.272154, 0.461092, 0.844587]], [[0.926444, -0.362773, -0.100479], [0.0575857, 0.400367, -0.914544], [0.372001, 0.841488, 0.391808]], [[0.926444, -0.362773, -0.100479], [-0.0231747, 0.211452, -0.977113], [0.375717, 0.90757, 0.187492]]], "btipPosition": [-26.7333, 97.7254, 7.27863], "carpPosition": [-52.3706, 128.141, 112.262], "dipPosition": [-33.7702, 114.724, 10.7902], "direction": [0.372001, -0.841488, -0.391808], "extended": false, "handId": 717, "id": 7173, "length": 64.5844, "mcpPosition": [-56.2895, 158.742, 59.4974], "pipPosition": [-44.1003, 138.091, 21.6703], "stabilizedTipPosition": [-27.8688, 102.994, 7.7269], "timeVisible": 9.05548, "tipPosition": [-29.1096, 103.976, 5.28041], "tipVelocity": [-2.77669, -6.8094, 3.15498], "tool": false, "touchDistance": 0.0272186, "touchZone": "hovering", "type": 3, "width": 17.7449}], "r": [[-0.0914168, 0.930362, 0.355063], [-0.332345, 0.307608, -0.891585], [-0.938717, -0.199509, 0.281081]], "s": 0.643576, "t": [10.6685, 2.96968, -9.47501], "timestamp": 746966794827}, {"currentFrameRate": 113.89, "devices": [], "gestures": [], "hands": [{"armBasis": [[0.978214, -0.0704044, -0.195296], [0.142973, 0.910553, 0.387881], [0.150519, -0.407353, 0.900782]], "armWidth": 62.4352, "confidence": 1, "direction": [0.0325261, 0.63778, -0.769531], "elbow": [-89.3436, -3.81315, 370.567], "grabAngle": 2.02594, "grabStrength": 0.949857, "id": 717, "palmNormal": [0.158221, -0.763516, -0.626107], "palmPosition": [-38.0181, 145.778, 73.2109], "palmVelocity": [7.62927, 0.806666, 3.68106], "palmWidth": 88.7841, "pinchDistance": 3.0737, "pinchStrength": 1, "r": [[-0.0920851, 0.930385, 0.354829], [-0.331929, 0.307281, -0.891853], [-0.938799, -0.199904, 0.280525]], "s": 0.643847, "sphereCenter": [-35.7746, 117.127, 33.1862], "sphereRadius": 38.2045, "stabilizedPalmPosition": [-40.5951, 148.282, 74.0826], "t": [-10.6254, 2.94612, -9.48227], "timeVisible": 9.06267, "type": "left", "wrist": [-49.6888, 103.506, 133.252]}], "id": 1320176, "interactionBox": {"center": [0, 200, 0], "size": [235.247, 235.247, 147.751]}, "pointables": [{"bases": [[[0.842778, -0.527174, -0.108688], [0.496469, 0.683318, 0.535345], [-0.207951, -0.505138, 0.837611]], [[0.841761, -0.529614, -0.104631], [0.346161, 0.678242, -0.648197], [0.414259, 0.509408, 0.75425]], [[0.841761, -0.529614, -0.104631], [0.0547073, 0.276502, -0.959455], [0.537071, 0.801908, 0.261722]], [[0.841761, -0.529614, -0.104631], [-0.0564366, 0.106422, -0.992718], [0.536892, 0.841537, 0.0596925]]], "btipPosition": [-39.9449, 100.222, 27.7418], "carpPosition": [-62.6691, 119.961, 108.03], "dipPosition": [-49.2216, 114.763, 28.7732], "direction": [0.537071, -0.801908, -0.261722], "extended": false, "handId": 717, "id": 7174, "length": 50.633, "mcpPosition": [-74.4348, 148.541, 60.6388], "pipPosition": [-59.7515, 130.485, 33.9046], "stabilizedTipPosition": [-42.0264, 105.704, 28.2523], "timeVisible": 9.06267, "tipPosition": [-42.4735, 105.265, 26.7846], "tipVelocity": [5.21103, -4.03748, 18.0827], "tool": false, "touchDistance": 0.0285932, "touchZone": "hovering", "type": 4, "width": 15.7624}, {"bases": [[[0.532283, 0.766561, 0.359247], [-0.710773, 0.174151, 0.681523], [0.459866, -0.618106, 0.637548]], [[0.333972, 0.936252, 0.109064], [-0.915662, 0.294798, 0.273236], [0.223666, -0.191119, 0.955744]], [[0.333972, 0.936252, 0.109064], [-0.942321, 0.328909, 0.062048], [0.0222205, -0.123495, 0.992096]], [[0.333972, 0.936252, 0.109064], [-0.930463, 0.345959, -0.120629], [-0.150671, -0.061193, 0.986688]]], "btipPosition": [-10.6099, 122.247, 11.3236], "carpPosition": [-18.7288, 107.282, 114.931], "dipPosition": [-7.07515, 120.812, 34.4715], "direction": [0.0222205, 0.123495, -0.992096], "extended": false, "handId": 717, "id": 7170, "length": 52.2425, "mcpPosition": [-18.7288, 107.282, 114.931], "pipPosition": [-7.83461, 116.591, 68.3795], "stabilizedTipPosition": [-7.91329, 124.561, 17.107], "timeVisible": 9.06267, "tipPosition": [-10.8135, 122.477, 17.0526], "tipVelocity": [13.5593, 2.28676, 4.45187], "tool": false, "touchDistance": 0.30501, "touchZone": "hovering", "type": 0, "width": 19.8779}, {"bases": [[[0.967397, 0.00713282, -0.253165], [0.127134, 0.850859, 0.50978], [0.219044, -0.525345, 0.822212]], [[0.988679, -0.067414, -0.134049], [-0.0299723, 0.786649, -0.616673], [0.147022, 0.61371, 0.775722]], [[0.988679, -0.067414, -0.134049], [-0.124863, 0.125757, -0.984172], [0.0832046, 0.989768, 0.115916]], [[0.988679, -0.067414, -0.134049], [-0.140003, -0.0931219, -0.985762], [0.0539714, 0.99337, -0.101506]]], "btipPosition": [-4.17809, 97.9984, 24.3518], "carpPosition": [-29.1744, 127.711, 117.853], "dipPosition": [-5.10245, 115.012, 22.6133], "direction": [0.0832046, -0.989768, -0.115916], "extended": false, "handId": 717, "id": 7171, "length": 58.9498, "mcpPosition": [-13.4501, 165.423, 58.8294], "pipPosition": [-7.11841, 138.993, 25.4219], "stabilizedTipPosition": [-3.97837, 102.984, 24.4125], "timeVisible": 9.06267, "tipPosition": [-4.19677, 105.045, 20.2787], "tipVelocity": [4.70441, 3.88841, -0.92032], "tool": false, "touchDistance": 0.242537, "touchZone": "hovering", "type": 1, "width": 18.9874}, {"bases": [[[0.952154, -0.209065, -0.222924], [0.293632, 0.828075, 0.477568], [0.0847556, -0.520176, 0.849843]], [[0.955795, -0.26236, -0.132752], [0.178686, 0.876824, -0.446375], [0.233511, 0.402922, 0.884944]], [[0.955795, -0.26236, -0.132752], [-0.000916967, 0.448823, -0.89362], [0.294033, 0.854239, 0.428742]], [[0.955795, -0.26236, -0.132752], [-0.0849501, 0.185837, -0.978901], [0.281495, 0.946906, 0.155334]]], "btipPosition": [-10.0211, 103.267, -0.541954], "carpPosition": [-40.7577, 129.511, 115.218], "dipPosition": [-15.3238, 121.104, 2.38416], "direction": [0.294033, -0.854239, -0.428742], "extended": false, "handId": 717, "id": 7172, "length": 67.1686, "mcpPosition": [-34.9878, 164.922, 57.3634], "pipPosition": [-23.7052, 145.454, 14.6055], "stabilizedTipPosition": [-10.9393, 108.066, 0.0240705], "timeVisible": 9.06267, "tipPosition": [-11.6333, 110.487, -3.16538], "tipVelocity": [3.1225, -0.63428, 6.98606], "tool": false, "touchDistance": -0.0850707, "touchZone": "touching", "type": 2, "width": 18.6482}, {"bases": [[[0.929386, -0.345159, -0.130796], [0.363461, 0.794019, 0.487268], [-0.0643309, -0.500399, 0.863401]], [[0.926558, -0.362493, -0.100441], [0.259787, 0.809798, -0.526059], [0.27203, 0.461331, 0.844496]], [[0.926558, -0.362493, -0.100441], [0.0569231, 0.399074, -0.91515], [0.371819, 0.842223, 0.390399]], [[0.926558, -0.362493, -0.100441], [-0.0238281, 0.209924, -0.977427], [0.375396, 0.908037, 0.185869]]], "btipPosition": [-26.698, 97.6893, 7.38045], "carpPosition": [-52.3055, 128.161, 112.298], "dipPosition": [-33.7288, 114.696, 10.8616], "direction": [0.371819, -0.842223, -0.390399], "extended": false, "handId": 717, "id": 7173, "length": 64.5844, "mcpPosition": [-56.2375, 158.746, 59.5257], "pipPosition": [-44.0539, 138.084, 21.7026], "stabilizedTipPosition": [-27.8845, 102.945, 7.74288], "timeVisible": 9.06267, "tipPosition": [-29.0778, 103.95, 5.32846], "tipVelocity": [5.11535, -4.75159, 13.1971], "tool": false, "touchDistance": 0.0287991, "touchZone": "hovering", "type": 3, "width": 17.7449}], "r": [[-0.0920851, 0.930385, 0.354829], [-0.331929, 0.307281, -0.891853], [-0.938799, -0.199904, 0.280525]], "s": 0.643847, "t": [10.6254, 2.94612, -9.48227], "timestamp": 746966802013}, {"currentFrameRate": 114.22, "devices": [], "gestures": [], "hands": [{"armBasis": [[0.978134, -0.070803, -0.195552], [0.143242, 0.911044, 0.386627], [0.150782, -0.406185, 0.901265]], "armWidth": 62.4352, "confidence": 1, "direction": [0.0326949, 0.637583, -0.769687], "elbow": [-89.3647, -3.50494, 370.743], "grabAngle": 2.02702, "grabStrength": 0.949033, "id": 717, "palmNormal": [0.158632, -0.763648, -0.625842], "palmPosition": [-37.955, 145.756, 73.2472], "palmVelocity": [7.70392, -2.73357, 4.44075], "palmWidth": 88.7841, "pinchDistance": 3.06812, "pinchStrength": 1, "r": [[-0.0925517, 0.930426, 0.3546], [-0.331653, 0.306987, -0.892057], [-0.938851, -0.200165, 0.280166]], "s": 0.644092, "sphereCenter": [-35.715, 117.09, 33.2239], "sphereRadius": 38.2124, "stabilizedPalmPosition": [-40.5894, 148.277, 74.0808], "t": [-10.5724, 2.92316, -9.46772], "timeVisible": 9.07086, "type": "left", "wrist": [-49.6405, 103.506, 133.301]}], "id": 1320177, "interactionBox": {"center": [0, 200, 0], "size": [235.247, 235.247, 147.751]}, "pointables": [{"bases": [[[0.842622, -0.527382, -0.108882], [0.496827, 0.683354, 0.534967], [-0.207727, -0.504871, 0.837827]], [[0.841585, -0.529871, -0.10474], [0.345966, 0.677745, -0.648822], [0.414779, 0.509802, 0.753698]], [[0.841585, -0.529871, -0.10474], [0.0536081, 0.274904, -0.959976], [0.537457, 0.802287, 0.259761]], [[0.841585, -0.529871, -0.10474], [-0.0582283, 0.103783, -0.992894], [0.536976, 0.841704, 0.056489]]], "btipPosition": [-39.85, 100.165, 27.8764], "carpPosition": [-62.6143, 119.942, 108.064], "dipPosition": [-49.1281, 114.708, 28.8525], "direction": [0.537457, -0.802287, -0.259761], "extended": false, "handId": 717, "id": 7174, "length": 50.633, "mcpPosition": [-74.3673, 148.508, 60.66], "pipPosition": [-59.6656, 130.438, 33.9454], "stabilizedTipPosition": [-42.026, 105.683, 28.2508], "timeVisible": 9.07086, "tipPosition": [-42.3813, 105.221, 26.8366], "tipVelocity": [11.5516, -6.97453, 14.8789], "tool": false, "touchDistance": 0.0306239, "touchZone": "hovering", "type": 4, "width": 15.7624}, {"bases": [[[0.532589, 0.766543, 0.358833], [-0.710466, 0.174483, 0.681758], [0.459986, -0.618035, 0.63753]], [[0.33426, 0.936188, 0.108735], [-0.915461, 0.295081, 0.273602], [0.224057, -0.190997, 0.955677]], [[0.33426, 0.936188, 0.108735], [-0.942203, 0.329127, 0.0626843], [0.0228966, -0.123403, 0.992092]], [[0.33426, 0.936188, 0.108735], [-0.930526, 0.346134, -0.119638], [-0.14964, -0.0611907, 0.986845]]], "btipPosition": [-10.4888, 122.231, 11.3775], "carpPosition": [-18.674, 107.275, 114.986], "dipPosition": [-6.97818, 120.796, 34.5291], "direction": [0.0228966, 0.123403, -0.992092], "extended": false, "handId": 717, "id": 7170, "length": 52.2425, "mcpPosition": [-18.674, 107.275, 114.986], "pipPosition": [-7.76075, 116.578, 68.437], "stabilizedTipPosition": [-7.92519, 124.543, 17.1043], "timeVisible": 9.07086, "tipPosition": [-10.7212, 122.444, 17.1052], "tipVelocity": [14.1148, -1.99186, 6.69174], "tool": false, "touchDistance": 0.305923, "touchZone": "hovering", "type": 0, "width": 19.8779}, {"bases": [[[0.967298, 0.00685909, -0.25355], [0.127518, 0.850967, 0.509504], [0.219258, -0.525174, 0.822264]], [[0.98855, -0.0672632, -0.135071], [-0.0306283, 0.787066, -0.616107], [0.147751, 0.61319, 0.775995]], [[0.98855, -0.0672632, -0.135071], [-0.125874, 0.12604, -0.984007], [0.0832118, 0.989742, 0.11613]], [[0.98855, -0.0672632, -0.135071], [-0.141024, -0.093438, -0.985587], [0.053673, 0.99335, -0.101854]]], "btipPosition": [-4.08701, 98.0008, 24.3818], "carpPosition": [-29.1251, 127.702, 117.897], "dipPosition": [-5.00627, 115.014, 22.6373], "direction": [0.0832117, -0.989742, -0.11613], "extended": false, "handId": 717, "id": 7171, "length": 58.9498, "mcpPosition": [-13.3855, 165.402, 58.8703], "pipPosition": [-7.02239, 138.994, 25.451], "stabilizedTipPosition": [-3.9872, 102.954, 24.4006], "timeVisible": 9.07086, "tipPosition": [-4.10459, 105.007, 20.3501], "tipVelocity": [11.2653, 0.280705, 3.49109], "tool": false, "touchDistance": 0.243014, "touchZone": "hovering", "type": 1, "width": 18.9874}, {"bases": [[[0.952021, -0.209327, -0.223246], [0.293998, 0.828139, 0.477232], [0.0849813, -0.519969, 0.849948]], [[0.955687, -0.262575, -0.133104], [0.178773, 0.876878, -0.446235], [0.233886, 0.402666, 0.884962]], [[0.955687, -0.262575, -0.133104], [-0.00134392, 0.448247, -0.893909], [0.294382, 0.854476, 0.428031]], [[0.955687, -0.262575, -0.133104], [-0.085508, 0.185052, -0.979002], [0.281693, 0.947, 0.1544]]], "btipPosition": [-9.92404, 103.245, -0.472432], "carpPosition": [-40.7078, 129.499, 115.257], "dipPosition": [-15.2304, 121.084, 2.43607], "direction": [0.294382, -0.854476, -0.428031], "extended": false, "handId": 717, "id": 7172, "length": 67.1686, "mcpPosition": [-34.9225, 164.896, 57.3959], "pipPosition": [-23.6218, 145.441, 14.6372], "stabilizedTipPosition": [-10.9553, 108.01, 0.0375114], "timeVisible": 9.07086, "tipPosition": [-11.532, 110.447, -3.10544], "tipVelocity": [11.7493, -2.64555, 7.9952], "tool": false, "touchDistance": -0.0839795, "touchZone": "touching", "type": 2, "width": 18.6482}, {"bases": [[[0.92926, -0.345392, -0.131072], [0.363824, 0.79407, 0.486914], [-0.0640956, -0.500157, 0.86356]], [[0.926458, -0.362632, -0.100864], [0.259589, 0.809622, -0.526427], [0.272561, 0.461529, 0.844216]], [[0.926458, -0.362632, -0.100864], [0.0561914, 0.398217, -0.915568], [0.37218, 0.842568, 0.389309]], [[0.926458, -0.362632, -0.100864], [-0.0246458, 0.208952, -0.977615], [0.375591, 0.908205, 0.184647]]], "btipPosition": [-26.5948, 97.6378, 7.47184], "carpPosition": [-52.2541, 128.146, 112.333], "dipPosition": [-33.6293, 114.648, 10.9301], "direction": [0.37218, -0.842568, -0.389309], "extended": false, "handId": 717, "id": 7173, "length": 64.5844, "mcpPosition": [-56.1717, 158.716, 59.5514], "pipPosition": [-43.9644, 138.045, 21.7409], "stabilizedTipPosition": [-27.8962, 102.895, 7.76163], "timeVisible": 9.07086, "tipPosition": [-28.977, 103.906, 5.38656], "tipVelocity": [12.5011, -6.20178, 10.5174], "tool": false, "touchDistance": 0.0302346, "touchZone": "hovering", "type": 3, "width": 17.7449}], "r": [[-0.0925517, 0.930426, 0.3546], [-0.331653, 0.306987, -0.892057], [-0.938851, -0.200165, 0.280166]], "s": 0.644092, "t": [10.5724, 2.92316, -9.46772], "timestamp": 746966810202}, {"currentFrameRate": 114.258, "devices": [], "gestures": [], "hands": [{"armBasis": [[0.977967, -0.0715623, -0.196108], [0.143985, 0.91143, 0.385441], [0.151156, -0.405185, 0.901652]], "armWidth": 62.4352, "confidence": 1, "direction": [0.0328209, 0.638, -0.769337], "elbow": [-89.4165, -3.24656, 370.889], "grabAngle": 2.02776, "grabStrength": 0.9488, "id": 717, "palmNormal": [0.159576, -0.763222, -0.626121], "palmPosition": [-37.8933, 145.774, 73.3117], "palmVelocity": [7.10703, 2.09447, 7.41754], "palmWidth": 88.7841, "pinchDistance": 3.06026, "pinchStrength": 1, "r": [[-0.0927528, 0.930435, 0.354525], [-0.331518, 0.306886, -0.892142], [-0.938878, -0.20028, 0.279991]], "s": 0.644348, "sphereCenter": [-35.6264, 117.128, 33.2709], "sphereRadius": 38.2171, "stabilizedPalmPosition": [-40.5838, 148.272, 74.0792], "t": [-10.515, 2.92077, -9.42822], "timeVisible": 9.07954, "type": "left", "wrist": [-49.5938, 103.501, 133.345]}], "id": 1320178, "interactionBox": {"center": [0, 200, 0], "size": [235.247, 235.247, 147.751]}, "pointables": [{"bases": [[[0.842199, -0.527879, -0.109749], [0.497654, 0.682753, 0.534966], [-0.207466, -0.505165, 0.837715]], [[0.841125, -0.530461, -0.105456], [0.345885, 0.677498, -0.649123], [0.41578, 0.509518, 0.753338]], [[0.841125, -0.530461, -0.105456], [0.0526627, 0.274388, -0.960176], [0.538271, 0.802074, 0.25873]], [[0.841125, -0.530461, -0.105456], [-0.0597844, 0.102597, -0.992925], [0.537527, 0.841478, 0.0545835]]], "btipPosition": [-39.7202, 100.184, 27.9824], "carpPosition": [-62.5602, 119.926, 108.098], "dipPosition": [-49.0079, 114.723, 28.9255], "direction": [0.538271, -0.802074, -0.25873], "extended": false, "handId": 717, "id": 7174, "length": 50.633, "mcpPosition": [-74.2985, 148.508, 60.7001], "pipPosition": [-59.5613, 130.449, 33.9982], "stabilizedTipPosition": [-42.0243, 105.661, 28.2503], "timeVisible": 9.07954, "tipPosition": [-42.2584, 105.253, 26.8826], "tipVelocity": [14.6916, 2.07593, 11.3249], "tool": false, "touchDistance": 0.0322636, "touchZone": "hovering", "type": 4, "width": 15.7624}, {"bases": [[[0.533346, 0.766009, 0.35885], [-0.709868, 0.174599, 0.68235], [0.460032, -0.618665, 0.636887]], [[0.334956, 0.935909, 0.108985], [-0.91505, 0.295527, 0.274493], [0.224693, -0.19167, 0.955393]], [[0.334956, 0.935909, 0.108985], [-0.941935, 0.329691, 0.0637351], [0.0237188, -0.124006, 0.991998]], [[0.334956, 0.935909, 0.108985], [-0.930439, 0.346787, -0.118411], [-0.148616, -0.0617419, 0.986966]]], "btipPosition": [-10.3483, 122.307, 11.4501], "carpPosition": [-18.6165, 107.284, 115.044], "dipPosition": [-6.86168, 120.858, 34.6045], "direction": [0.0237188, 0.124006, -0.991998], "extended": false, "handId": 717, "id": 7170, "length": 52.2425, "mcpPosition": [-18.6165, 107.284, 115.044], "pipPosition": [-7.67234, 116.62, 68.5091], "stabilizedTipPosition": [-7.93687, 124.525, 17.1019], "timeVisible": 9.07954, "tipPosition": [-10.6031, 122.508, 17.1764], "tipVelocity": [15.5409, 8.37302, 8.42525], "tool": false, "touchDistance": 0.307143, "touchZone": "hovering", "type": 0, "width": 19.8779}, {"bases": [[[0.967123, 0.00635475, -0.254231], [0.128437, 0.850621, 0.50985], [0.219494, -0.52574, 0.821839]], [[0.988353, -0.0674744, -0.136404], [-0.0311673, 0.787583, -0.61542], [0.148955, 0.612503, 0.776307]], [[0.988353, -0.0674744, -0.136404], [-0.127124, 0.126664, -0.983766], [0.0836566, 0.989648, 0.116611]], [[0.988353, -0.0674744, -0.136404], [-0.142361, -0.0931812, -0.985419], [0.0537803, 0.99336, -0.101702]]], "btipPosition": [-3.96355, 98.0742, 24.446], "carpPosition": [-29.0831, 127.703, 117.959], "dipPosition": [-4.88464, 115.087, 22.7041], "direction": [0.0836566, -0.989648, -0.116611], "extended": false, "handId": 717, "id": 7171, "length": 58.9498, "mcpPosition": [-13.3265, 165.444, 58.9622], "pipPosition": [-6.91155, 139.065, 25.5295], "stabilizedTipPosition": [-3.9929, 102.925, 24.3898], "timeVisible": 9.07954, "tipPosition": [-3.97881, 105.073, 20.4195], "tipVelocity": [14.1635, 8.45301, 7.45866], "tool": false, "touchDistance": 0.244094, "touchZone": "hovering", "type": 1, "width": 18.9874}, {"bases": [[[0.951725, -0.209837, -0.224027], [0.294879, 0.827701, 0.477449], [0.0852412, -0.520461, 0.84962]], [[0.95542, -0.263119, -0.133941], [0.179042, 0.877052, -0.445784], [0.234768, 0.40193, 0.885063]], [[0.95542, -0.263119, -0.133941], [-0.00178376, 0.448503, -0.89378], [0.295243, 0.854174, 0.42804]], [[0.95542, -0.263119, -0.133941], [-0.0861712, 0.1854, -0.978878], [0.282394, 0.946782, 0.154462]]], "btipPosition": [-9.7833, 103.321, -0.402295], "carpPosition": [-40.6651, 129.494, 115.312], "dipPosition": [-15.1029, 121.156, 2.50737], "direction": [0.295243, -0.854174, -0.42804], "extended": false, "handId": 717, "id": 7172, "length": 67.1686, "mcpPosition": [-34.8621, 164.925, 57.4723], "pipPosition": [-23.5189, 145.505, 14.7087], "stabilizedTipPosition": [-10.9594, 107.963, 0.0557358], "timeVisible": 9.07954, "tipPosition": [-11.3929, 110.52, -3.03883], "tipVelocity": [15.8516, 8.70539, 8.10462], "tool": false, "touchDistance": -0.0828061, "touchZone": "touching", "type": 2, "width": 18.6482}, {"bases": [[[0.92894, -0.345935, -0.131907], [0.364689, 0.793581, 0.487064], [-0.063813, -0.500558, 0.863348]], [[0.926158, -0.363138, -0.101795], [0.259605, 0.809656, -0.526366], [0.273563, 0.461072, 0.844142]], [[0.926158, -0.363138, -0.101795], [0.0555688, 0.39837, -0.91554], [0.373019, 0.842278, 0.389132]], [[0.926158, -0.363138, -0.101795], [-0.0254262, 0.209179, -0.977547], [0.376278, 0.907951, 0.1845]]], "btipPosition": [-26.4508, 97.6843, 7.54103], "carpPosition": [-52.2085, 128.134, 112.379], "dipPosition": [-33.4982, 114.69, 10.9966], "direction": [0.373019, -0.842278, -0.389132], "extended": false, "handId": 717, "id": 7173, "length": 64.5844, "mcpPosition": [-56.1088, 158.729, 59.6096], "pipPosition": [-43.8566, 138.079, 21.8024], "stabilizedTipPosition": [-27.9026, 102.847, 7.78256], "timeVisible": 9.07954, "tipPosition": [-28.8386, 103.961, 5.4405], "tipVelocity": [16.2314, 5.23384, 7.89132], "tool": false, "touchDistance": 0.0313771, "touchZone": "hovering", "type": 3, "width": 17.7449}], "r": [[-0.0927528, 0.930435, 0.354525], [-0.331518, 0.306886, -0.892142], [-0.938878, -0.20028, 0.279991]], "s": 0.644348, "t": [10.515, 2.92077, -9.42822], "timestamp": 746966818889}, {"currentFrameRate": 114.317, "devices": [], "gestures": [], "hands": [{"armBasis": [[0.977746, -0.0723447, -0.196923], [0.144898, 0.911679, 0.384508], [0.151713, -0.404485, 0.901873]], "armWidth": 62.4352, "confidence": 1, "direction": [0.0327133, 0.638012, -0.769332], "elbow": [-89.5064, -3.04544, 371.007], "grabAngle": 2.02862, "grabStrength": 0.947771, "id": 717, "palmNormal": [0.160569, -0.7631, -0.626016], "palmPosition": [-37.8342, 145.791, 73.3728], "palmVelocity": [6.83953, 2.00964, 7.06761], "palmWidth": 88.7841, "pinchDistance": 3.04957, "pinchStrength": 1, "r": [[-0.0927172, 0.930459, 0.354472], [-0.331458, 0.306858, -0.892174], [-0.938903, -0.200212, 0.279957]], "s": 0.644612, "sphereCenter": [-35.5646, 117.137, 33.3222], "sphereRadius": 38.2315, "stabilizedPalmPosition": [-40.5787, 148.267, 74.0779], "t": [-10.4567, 2.92826, -9.37792], "timeVisible": 9.08819, "type": "left", "wrist": [-49.5369, 103.518, 133.405]}], "id": 1320179, "interactionBox": {"center": [0, 200, 0], "size": [235.247, 235.247, 147.751]}, "pointables": [{"bases": [[[0.841692, -0.528591, -0.110209], [0.498528, 0.682344, 0.534674], [-0.207423, -0.504973, 0.837841]], [[0.840667, -0.531056, -0.106107], [0.345761, 0.677131, -0.649571], [0.416807, 0.509385, 0.75286]], [[0.840667, -0.531056, -0.106107], [0.0514204, 0.273321, -0.960547], [0.539106, 0.802045, 0.257079]], [[0.840667, -0.531056, -0.106107], [-0.0615978, 0.100894, -0.992988], [0.538038, 0.841309, 0.0521063]]], "btipPosition": [-39.5947, 100.178, 28.1152], "carpPosition": [-62.4987, 119.924, 108.145], "dipPosition": [-48.8912, 114.715, 29.0155], "direction": [0.539106, -0.802045, -0.257079], "extended": false, "handId": 717, "id": 7174, "length": 50.633, "mcpPosition": [-74.2346, 148.495, 60.7408], "pipPosition": [-59.461, 130.44, 34.0558], "stabilizedTipPosition": [-42.02