{"frames": 84, "data": [{"currentFrameRate": 115.164, "devices": [], "gestures": [], "hands": [{"armBasis": [[0.968597, 0.127166, -0.213656], [-0.118535, 0.991546, 0.0527851], [0.218563, -0.0258018, 0.975482]], "armWidth": 64.4216, "confidence": 1, "direction": [0.257488, 0.164862, -0.952114], "elbow": [-106.311, 70.986, 353.269], "grabAngle": 3.14159, "grabStrength": 1, "id": 792, "palmNormal": [-0.082381, -0.978005, -0.191624], "palmPosition": [-19.9975, 83.9093, 13.6334], "palmVelocity": [-0.697255, 7.62554, 16.413], "palmWidth": 92.3374, "pinchDistance": 15.4912, "pinchStrength": 0.83732, "r": [[0.839302, 0.429602, 0.333188], [-0.442892, 0.895715, -0.0392579], [-0.315307, -0.114617, 0.942043]], "s": 0.378666, "sphereCenter": [-18.6478, 49.5811, -6.02627], "sphereRadius": 32.2609, "stabilizedPalmPosition": [-21.5851, 81.0311, 20.4914], "t": [-21.7666, -46.6928, -94.7599], "timeVisible": 4.51801, "type": "left", "wrist": [-46.4257, 78.0557, 85.989]}], "id": 1363055, "interactionBox": {"center": [0, 200, 0], "size": [235.247, 235.247, 147.751]}, "pointables": [{"bases": [[[0.263485, 0.958341, -0.110263], [-0.711179, 0.270203, 0.64901], [0.651766, -0.0925879, 0.752747]], [[0.0113177, 0.927468, -0.373732], [-0.97987, 0.0847868, 0.180737], [0.199315, 0.364164, 0.909757]], [[0.0113177, 0.927468, -0.373732], [-0.963328, -0.0900933, -0.252751], [-0.268089, 0.362887, 0.892436]], [[0.0113177, 0.927468, -0.373732], [-0.621327, -0.286322, -0.729364], [-0.783469, 0.240465, 0.573021]]], "btipPosition": [-31.7928, 29.1903, -15.8621], "carpPosition": [-15.1383, 65.163, 72.9045], "dipPosition": [-13.9409, 34.6695, -2.80549], "direction": [-0.268089, -0.362887, -0.892435], "extended": false, "handId": 792, "id": 7920, "length": 50.7402, "mcpPosition": [-15.1383, 65.163, 72.9045], "pipPosition": [-5.04165, 46.7156, 26.8192], "stabilizedTipPosition": [-29.8173, 32.0539, -10.2556], "timeVisible": 4.51801, "tipPosition": [-20.9114, 37.0074, -9.17116], "tipVelocity": [292.227, -176.549, -414.891], "tool": false, "touchDistance": 0.333333, "touchZone": "hovering", "type": 0, "width": 20.4392}, {"bases": [[[0.905863, 0.153644, -0.394723], [-0.143102, 0.988111, 0.0562061], [0.398666, 0.00557083, 0.917079]], [[0.966441, 0.151754, -0.207272], [-0.234162, 0.188611, -0.953726], [-0.105638, 0.970256, 0.217817]], [[0.966441, 0.151754, -0.207272], [-0.0651305, -0.635747, -0.769145], [-0.248494, 0.756833, -0.604529]], [[0.966441, 0.151754, -0.207272], [0.213998, -0.921962, 0.322785], [-0.142113, -0.356309, -0.923498]]], "btipPosition": [-1.45381, 34.5228, 16.4267], "carpPosition": [-18.5876, 87.4055, 64.418], "dipPosition": [0.910162, 28.5958, 1.06482], "direction": [-0.248494, -0.756833, 0.604529], "extended": false, "handId": 792, "id": 7921, "length": 57.2547, "mcpPosition": [11.1764, 86.9895, -4.05021], "pipPosition": [6.75776, 46.4057, -13.161], "stabilizedTipPosition": [-2.51581, 35.5764, -10.3567], "timeVisible": 4.51801, "tipPosition": [1.11377, 34.3215, 2.5809], "tipVelocity": [30.5422, -125.403, 21.9715], "tool": false, "touchDistance": 0.333333, "touchZone": "none", "type": 1, "width": 19.5235}, {"bases": [[[0.962429, -0.0177312, -0.270953], [0.0208919, 0.999743, 0.00878497], [0.270727, -0.0141156, 0.962553]], [[0.965853, -0.0179125, -0.25847], [-0.256121, 0.0845692, -0.962938], [0.0391072, 0.996257, 0.0770936]], [[0.965853, -0.0179125, -0.25847], [-0.207067, -0.652983, -0.728517], [-0.155727, 0.757161, -0.634395]], [[0.965853, -0.0179125, -0.25847], [0.148812, -0.778288, 0.610019], [-0.212091, -0.627652, -0.749047]]], "btipPosition": [-16.4884, 35.7767, 18.588], "carpPosition": [-29.2996, 91.0083, 59.0876], "dipPosition": [-12.608, 24.2934, 4.88358], "direction": [-0.155727, -0.75716, 0.634395], "extended": false, "handId": 792, "id": 7922, "length": 65.2371, "mcpPosition": [-10.1318, 92.0077, -9.06215], "pipPosition": [-8.29661, 45.2557, -12.68], "stabilizedTipPosition": [-17.8927, 32.1643, 8.30531], "timeVisible": 4.51801, "tipPosition": [-14.2336, 31.9, 5.90668], "tipVelocity": [234.951, 1.92916, 160.803], "tool": false, "touchDistance": 0.333333, "touchZone": "none", "type": 2, "width": 19.1747}, {"bases": [[[0.987447, -0.0949293, -0.126238], [0.0982193, 0.994962, 0.0200838], [0.123695, -0.0322307, 0.991797]], [[0.978253, -0.0928258, -0.185483], [-0.175279, 0.108151, -0.978561], [0.110896, 0.989791, 0.0895287]], [[0.978253, -0.0928258, -0.185483], [-0.188904, -0.768011, -0.611943], [-0.0856487, 0.633674, -0.768844]], [[0.978253, -0.0928258, -0.185483], [0.0614718, -0.724333, 0.686704], [-0.198095, -0.683172, -0.702875]]], "btipPosition": [-34.2595, 46.0435, 21.5142], "carpPosition": [-41.033, 91.7135, 54.9329], "dipPosition": [-30.6561, 33.6161, 8.72846], "direction": [-0.0856487, -0.633674, 0.768844], "extended": false, "handId": 792, "id": 7923, "length": 62.7272, "mcpPosition": [-33.17, 93.7624, -8.11318], "pipPosition": [-28.3461, 50.7066, -12.0077], "stabilizedTipPosition": [-33.6281, 41.6308, 10.2425], "timeVisible": 4.51801, "tipPosition": [-31.2065, 38.263, 10.135], "tipVelocity": [31.0745, -6.48231, 44.7471], "tool": false, "touchDistance": 0.333333, "touchZone": "none", "type": 3, "width": 18.246}, {"bases": [[[0.965234, -0.261105, -0.0121713], [0.261148, 0.961302, 0.0877482], [-0.0112112, -0.087876, 0.996068]], [[0.958688, -0.247665, -0.139923], [-0.0742995, 0.256798, -0.963605], [0.274583, 0.934193, 0.227788]], [[0.958688, -0.247665, -0.139923], [-0.273927, -0.671184, -0.688822], [0.0766835, 0.698695, -0.711299]], [[0.958688, -0.247665, -0.139923], [-0.154055, -0.865556, 0.476529], [-0.239131, -0.435287, -0.867952]]], "btipPosition": [-47.6395, 52.4559, 14.523], "carpPosition": [-53.8797, 85.445, 52.8668], "dipPosition": [-43.6265, 45.1511, -0.0426319], "direction": [0.0766835, -0.698695, 0.711299], "extended": false, "handId": 792, "id": 7924, "length": 49.177, "mcpPosition": [-54.5394, 90.616, -5.74569], "pipPosition": [-45.0867, 58.4559, -13.5874], "stabilizedTipPosition": [-46.9964, 52.7088, 2.92227], "timeVisible": 4.51801, "tipPosition": [-45.1204, 50.5726, 1.93324], "tipVelocity": [28.3507, -13.8554, 11.4848], "tool": false, "touchDistance": 0.333333, "touchZone": "none", "type": 4, "width": 16.2075}], "r": [[0.839302, 0.429602, 0.333188], [-0.442892, 0.895715, -0.0392579], [-0.315307, -0.114617, 0.942043]], "s": 0.378666, "t": [21.7666, -46.6928, -94.7599], "timestamp": 747344890142}, {"currentFrameRate": 115.19, "devices": [], "gestures": [], "hands": [{"armBasis": [[0.963909, 0.127322, -0.233814], [-0.119208, 0.99168, 0.0485747], [0.238053, -0.0189491, 0.971067]], "armWidth": 64.4216, "confidence": 1, "direction": [0.253196, 0.175879, -0.951293], "elbow": [-111.784, 72.2896, 352.125], "grabAngle": 3.14159, "grabStrength": 1, "id": 792, "palmNormal": [-0.0801158, -0.976145, -0.201797], "palmPosition": [-20.1755, 83.9976, 13.706], "palmVelocity": [-20.6116, 10.2182, 8.40886], "palmWidth": 92.3374, "pinchDistance": 15.879, "pinchStrength": 0.782524, "r": [[0.843473, 0.423558, 0.330382], [-0.43501, 0.899422, -0.0424917], [-0.315151, -0.107879, 0.94289]], "s": 0.406333, "sphereCenter": [-17.6122, 49.8527, -6.07346], "sphereRadius": 32.3896, "stabilizedPalmPosition": [-21.4021, 81.4162, 19.6104], "t": [-21.8621, -46.5384, -94.6619], "timeVisible": 4.52665, "type": "left", "wrist": [-46.5583, 77.4817, 86.054]}], "id": 1363056, "interactionBox": {"center": [0, 200, 0], "size": [235.247, 235.247, 147.751]}, "pointables": [{"bases": [[[0.266883, 0.958639, -0.0989205], [-0.712911, 0.26545, 0.649072], [0.648484, -0.102705, 0.754268]], [[0.0200015, 0.932907, -0.359561], [-0.981812, 0.0862394, 0.169139], [0.188799, 0.349638, 0.917664]], [[0.0200015, 0.932907, -0.359561], [-0.965243, -0.075716, -0.250145], [-0.260586, 0.352067, 0.898968]], [[0.0200015, 0.932907, -0.359561], [-0.729501, -0.232308, -0.643321], [-0.683687, 0.275167, 0.67591]]], "btipPosition": [-29.6877, 28.9631, -18.9757], "carpPosition": [-15.0232, 64.6314, 72.7527], "dipPosition": [-14.1094, 35.2329, -3.57471], "direction": [-0.260586, -0.352067, -0.898968], "extended": false, "handId": 792, "id": 7920, "length": 50.7402, "mcpPosition": [-15.0232, 64.6314, 72.7527], "pipPosition": [-5.4592, 46.9199, 26.2668], "stabilizedTipPosition": [-28.8872, 31.6409, -11.5527], "timeVisible": 4.52665, "tipPosition": [-21.8077, 36.2832, -10.4871], "tipVelocity": [183.186, -5.25685, -298.068], "tool": false, "touchDistance": 0.333333, "touchZone": "hovering", "type": 0, "width": 20.4392}, {"bases": [[[0.907893, 0.155031, -0.389481], [-0.140268, 0.987894, 0.0662573], [0.395038, -0.00552294, 0.918648]], [[0.968068, 0.15088, -0.200198], [-0.229151, 0.208758, -0.950742], [-0.101655, 0.966259, 0.236666]], [[0.968068, 0.15088, -0.200198], [-0.0657841, -0.617716, -0.783645], [-0.241902, 0.771792, -0.588065]], [[0.968068, 0.15088, -0.200198], [0.190322, -0.962118, 0.195208], [-0.163161, -0.227077, -0.960112]]], "btipPosition": [-1.74033, 32.5639, 15.8441], "carpPosition": [-18.5749, 86.9528, 64.5193], "dipPosition": [0.97377, 28.7866, -0.126816], "direction": [-0.241902, -0.771792, 0.588065], "extended": false, "handId": 792, "id": 7921, "length": 57.2547, "mcpPosition": [10.9183, 87.3652, -4.06602], "pipPosition": [6.66624, 46.9485, -13.9653], "stabilizedTipPosition": [-2.33592, 35.0776, -7.46148], "timeVisible": 4.52665, "tipPosition": [0.833206, 34.3132, 3.03123], "tipVelocity": [-23.8497, -169.559, -83.6713], "tool": false, "touchDistance": 0.333333, "touchZone": "none", "type": 1, "width": 19.5235}, {"bases": [[[0.963438, -0.0178393, -0.267338], [0.0239488, 0.999521, 0.0196097], [0.26686, -0.0252951, 0.963403]], [[0.977706, -0.019324, -0.209087], [-0.206087, 0.102488, -0.973152], [0.040234, 0.994547, 0.0962203]], [[0.977706, -0.019324, -0.209087], [-0.171035, -0.650937, -0.739614], [-0.12181, 0.758886, -0.63973]], [[0.977706, -0.019324, -0.209087], [0.103569, -0.821823, 0.56025], [-0.182659, -0.569415, -0.8015]]], "btipPosition": [-15.2513, 35.106, 18.9201], "carpPosition": [-29.3191, 90.5791, 59.2702], "dipPosition": [-11.9094, 24.6881, 4.25602], "direction": [-0.12181, -0.758886, 0.63973], "extended": false, "handId": 792, "id": 7922, "length": 65.2371, "mcpPosition": [-10.4251, 92.37, -8.93985], "pipPosition": [-8.53701, 45.6983, -13.4552], "stabilizedTipPosition": [-17.0127, 32.3051, 10.1743], "timeVisible": 4.52665, "tipPosition": [-14.2983, 32.1441, 6.24577], "tipVelocity": [128.891, -49.284, 12.8974], "tool": false, "touchDistance": 0.333333, "touchZone": "none", "type": 2, "width": 19.1747}, {"bases": [[[0.987642, -0.0966643, -0.123363], [0.101216, 0.994376, 0.0311607], [0.119658, -0.043262, 0.991872]], [[0.97869, -0.0938962, -0.182618], [-0.171058, 0.119197, -0.978024], [0.1136, 0.988421, 0.100595]], [[0.97869, -0.0938962, -0.182618], [-0.188467, -0.763816, -0.617305], [-0.0815241, 0.638568, -0.765235]], [[0.97869, -0.0938962, -0.182618], [0.055627, -0.734845, 0.67595], [-0.197665, -0.671704, -0.713962]]], "btipPosition": [-34.3175, 46.0422, 21.3689], "carpPosition": [-41.071, 91.2921, 55.1695], "dipPosition": [-30.7218, 33.8235, 8.3815], "direction": [-0.0815241, -0.638568, 0.765235], "extended": false, "handId": 792, "id": 7923, "length": 62.7272, "mcpPosition": [-33.4647, 94.0421, -7.88141], "pipPosition": [-28.5231, 51.046, -12.2573], "stabilizedTipPosition": [-33.6138, 41.7971, 11.0881], "timeVisible": 4.52665, "tipPosition": [-31.2769, 38.3997, 9.83769], "tipVelocity": [-6.91581, 5.41368, -22.1911], "tool": false, "touchDistance": 0.333333, "touchZone": "none", "type": 3, "width": 18.246}, {"bases": [[[0.964462, -0.263984, -0.0111774], [0.263769, 0.959482, 0.0991003], [-0.0154363, -0.0985267, 0.995015]], [[0.95843, -0.24911, -0.139129], [-0.0692292, 0.270013, -0.960365], [0.276803, 0.930074, 0.241543]], [[0.95843, -0.24911, -0.139129], [-0.274165, -0.668969, -0.690879], [0.079032, 0.700303, -0.709457]], [[0.95843, -0.24911, -0.139129], [-0.159988, -0.872932, 0.460862], [-0.236255, -0.419445, -0.876498]]], "btipPosition": [-47.7454, 52.4888, 14.4398], "carpPosition": [-53.9063, 85.0058, 53.0867], "dipPosition": [-43.7806, 45.4498, -0.269299], "direction": [0.079032, -0.700303, 0.709457], "extended": false, "handId": 792, "id": 7924, "length": 49.177, "mcpPosition": [-54.8147, 90.8035, -5.46378], "pipPosition": [-45.2856, 58.7852, -13.779], "stabilizedTipPosition": [-46.9663, 52.3685, 4.42775], "timeVisible": 4.52665, "tipPosition": [-45.2512, 50.7108, 1.80438], "tipVelocity": [-13.5414, 10.8836, -13.4579], "tool": false, "touchDistance": 0.333333, "touchZone": "none", "type": 4, "width": 16.2075}], "r": [[0.843473, 0.423558, 0.330382], [-0.43501, 0.899422, -0.0424917], [-0.315151, -0.107879, 0.94289]], "s": 0.406333, "t": [21.8621, -46.5384, -94.6619], "timestamp": 747344898779}, {"currentFrameRate": 114.596, "devices": [], "gestures": [], "hands": [{"armBasis": [[0.958891, 0.133412, -0.250457], [-0.123401, 0.990813, 0.0553295], [0.255538, -0.0221483, 0.966545]], "armWidth": 64.4216, "confidence": 1, "direction": [0.252304, 0.190055, -0.9488], "elbow": [-116.824, 70.5056, 350.807], "grabAngle": 3.14159, "grabStrength": 1, "id": 792, "palmNormal": [-0.0824367, -0.972736, -0.216771], "palmPosition": [-20.2979, 84.0306, 13.7416], "palmVelocity": [-12.5679, 3.3908, 3.65111], "palmWidth": 92.3374, "pinchDistance": 14.4069, "pinchStrength": 0.754168, "r": [[0.846497, 0.418022, 0.329697], [-0.429044, 0.902286, -0.0424334], [-0.315219, -0.105535, 0.943133]], "s": 0.433252, "sphereCenter": [-17.2044, 50.1664, -6.42436], "sphereRadius": 32.5155, "stabilizedPalmPosition": [-21.2254, 81.8345, 18.6714], "t": [-21.9711, -46.4447, -94.5951], "timeVisible": 4.53639, "type": "left", "wrist": [-46.8067, 76.5742, 85.9757]}], "id": 1363057, "interactionBox": {"center": [0, 200, 0], "size": [235.247, 235.247, 147.751]}, "pointables": [{"bases": [[[0.264997, 0.960609, -0.0837097], [-0.714328, 0.253886, 0.652134], [0.647698, -0.113017, 0.753468]], [[0.0227771, 0.939811, -0.340934], [-0.983049, 0.08311, 0.163424], [0.181923, 0.331432, 0.925774]], [[0.0227771, 0.939811, -0.340934], [-0.968366, -0.0640235, -0.241181], [-0.248492, 0.335642, 0.908623]], [[0.0227771, 0.939811, -0.340934], [-0.81, -0.182538, -0.557296], [-0.585987, 0.28885, 0.75709]]], "btipPosition": [-27.4932, 29.2295, -21.835], "carpPosition": [-15.108, 63.7421, 72.4744], "dipPosition": [-14.1412, 35.8111, -4.58429], "direction": [-0.248492, -0.335642, -0.908623], "extended": false, "handId": 792, "id": 7920, "length": 50.7402, "mcpPosition": [-15.108, 63.7421, 72.4744], "pipPosition": [-5.8924, 46.9528, 25.5777], "stabilizedTipPosition": [-27.8347, 31.4293, -13.0413], "timeVisible": 4.53639, "tipPosition": [-22.4066, 35.8316, -12.159], "tipVelocity": [172.749, 34.7163, -249.91], "tool": false, "touchDistance": 0.333333, "touchZone": "hovering", "type": 0, "width": 20.4392}, {"bases": [[[0.908081, 0.162932, -0.385801], [-0.142433, 0.986456, 0.0813477], [0.39383, -0.0189193, 0.918989]], [[0.968443, 0.15587, -0.194478], [-0.227532, 0.234466, -0.945122], [-0.101718, 0.959547, 0.262532]], [[0.968443, 0.15587, -0.194478], [-0.061755, -0.605902, -0.793139], [-0.241462, 0.78012, -0.577156]], [[0.968443, 0.15587, -0.194478], [0.16412, -0.986072, 0.0269514], [-0.187569, -0.0580187, -0.980536]]], "btipPosition": [-2.27758, 30.0794, 14.8928], "carpPosition": [-18.6237, 86.1956, 64.5923], "dipPosition": [0.842521, 29.1143, -1.4179], "direction": [-0.241462, -0.78012, 0.577156], "extended": false, "handId": 792, "id": 7921, "length": 57.2547, "mcpPosition": [10.7793, 87.6081, -4.01844], "pipPosition": [6.52464, 47.4722, -14.9996], "stabilizedTipPosition": [-2.20224, 34.1782, -4.25658], "timeVisible": 4.53639, "tipPosition": [0.351941, 33.9587, 3.26039], "tipVelocity": [-45.5767, -188.694, -105.706], "tool": false, "touchDistance": 0.333333, "touchZone": "none", "type": 1, "width": 19.5235}, {"bases": [[[0.963827, -0.0116921, -0.266273], [0.0218199, 0.999145, 0.0351088], [0.265634, -0.0396489, 0.963258]], [[0.978021, -0.0140486, -0.208033], [-0.204606, 0.127425, -0.970515], [0.0401429, 0.991749, 0.12175]], [[0.978021, -0.0140486, -0.208033], [-0.167461, -0.647351, -0.743568], [-0.124224, 0.762063, -0.635475]], [[0.978021, -0.0140486, -0.208033], [0.090376, -0.87057, 0.483674], [-0.187902, -0.491844, -0.850166]]], "btipPosition": [-15.5531, 34.0924, 18.6493], "carpPosition": [-29.3672, 89.925, 59.4145], "dipPosition": [-12.1153, 25.0937, 3.09481], "direction": [-0.124224, -0.762063, 0.635475], "extended": false, "handId": 792, "id": 7922, "length": 65.2371, "mcpPosition": [-10.5599, 92.7322, -8.78523], "pipPosition": [-8.67613, 46.1918, -14.4987], "stabilizedTipPosition": [-16.342, 32.2209, 11.6339], "timeVisible": 4.53639, "tipPosition": [-14.5503, 32.2742, 5.92681], "tipVelocity": [-28.7311, -70.5637, -48.8369], "tool": false, "touchDistance": 0.333333, "touchZone": "none", "type": 2, "width": 19.1747}, {"bases": [[[0.988006, -0.0926857, -0.123503], [0.099082, 0.993984, 0.0466838], [0.118433, -0.0583608, 0.991246]], [[0.979127, -0.0890193, -0.18272], [-0.170011, 0.133965, -0.976294], [0.111387, 0.98698, 0.116035]], [[0.979127, -0.0890193, -0.18272], [-0.185107, -0.761833, -0.620763], [-0.083942, 0.641628, -0.762409]], [[0.979127, -0.0890193, -0.18272], [0.0549686, -0.749508, 0.659709], [-0.195677, -0.655983, -0.72897]]], "btipPosition": [-34.5726, 46.13, 21.1058], "carpPosition": [-41.123, 90.7259, 55.3413], "dipPosition": [-31.0131, 34.1973, 7.84533], "direction": [-0.083942, -0.641628, 0.762409], "extended": false, "handId": 792, "id": 7923, "length": 62.7272, "mcpPosition": [-33.5945, 94.4358, -7.66974], "pipPosition": [-28.7492, 51.5023, -12.7172], "stabilizedTipPosition": [-33.6301, 41.9822, 11.8999], "timeVisible": 4.53639, "tipPosition": [-31.5452, 38.6181, 9.35976], "tipVelocity": [-27.0547, 15.769, -33.47], "tool": false, "touchDistance": 0.333333, "touchZone": "none", "type": 3, "width": 18.246}, {"bases": [[[0.96503, -0.26177, -0.0139514], [0.261618, 0.95838, 0.114296], [-0.0165485, -0.113949, 0.993349]], [[0.959134, -0.244928, -0.141673], [-0.0685127, 0.284766, -0.956146], [0.274531, 0.926779, 0.256348]], [[0.959134, -0.244928, -0.141673], [-0.273096, -0.670336, -0.689977], [0.0740264, 0.700471, -0.709831]], [[0.959134, -0.244928, -0.141673], [-0.160545, -0.883376, 0.440309], [-0.232995, -0.39957, -0.886598]]], "btipPosition": [-47.9976, 52.6666, 14.297], "carpPosition": [-53.9743, 84.4994, 53.1789], "dipPosition": [-44.0876, 45.9611, -0.581601], "direction": [0.0740264, -0.700471, 0.709831], "extended": false, "handId": 792, "id": 7924, "length": 49.177, "mcpPosition": [-54.9481, 91.2046, -5.27352], "pipPosition": [-45.4972, 59.2997, -14.0984], "stabilizedTipPosition": [-46.9976, 52.0731, 5.9582], "timeVisible": 4.53639, "tipPosition": [-45.4908, 50.987, 1.5431], "tipVelocity": [-27.1897, 26.1324, -18.6662], "tool": false, "touchDistance": 0.333333, "touchZone": "none", "type": 4, "width": 16.2075}], "r": [[0.846497, 0.418022, 0.329697], [-0.429044, 0.902286, -0.0424334], [-0.315219, -0.105535, 0.943133]], "s": 0.433252, "t": [21.9711, -46.4447, -94.5951], "timestamp": 747344908518}, {"currentFrameRate": 115.187, "devices": [], "gestures": [], "hands": [{"armBasis": [[0.9558, 0.139453, -0.258841], [-0.12648, 0.989758, 0.0661967], [0.265422, -0.0305325, 0.963649]], "armWidth": 64.4216, "confidence": 1, "direction": [0.248889, 0.2052, -0.946545], "elbow": [-119.61, 66.9937, 350.018], "grabAngle": 3.14159, "grabStrength": 1, "id": 792, "palmNormal": [-0.0849563, -0.968906, -0.232387], "palmPosition": [-20.4962, 83.881, 13.8044], "palmVelocity": [-25.8382, -19.4922, 8.19307], "palmWidth": 92.3374, "pinchDistance": 15.1839, "pinchStrength": 0.731556, "r": [[0.848487, 0.412774, 0.331191], [-0.424522, 0.904544, -0.0397673], [-0.315992, -0.106856, 0.942725]], "s": 0.458405, "sphereCenter": [-17.2524, 50.3402, -6.83427], "sphereRadius": 32.6041, "stabilizedPalmPosition": [-21.1254, 82.1154, 18.0035], "t": [-22.1247, -46.4727, -94.5303], "timeVisible": 4.54406, "type": "left", "wrist": [-46.8849, 75.3596, 85.9803]}], "id": 1363058, "interactionBox": {"center": [0, 200, 0], "size": [235.247, 235.247, 147.751]}, "pointables": [{"bases": [[[0.263679, 0.96229, -0.0668719], [-0.717325, 0.24196, 0.653375], [0.644917, -0.124312, 0.754075]], [[0.0278698, 0.946977, -0.32009], [-0.983521, 0.0832004, 0.160512], [0.178633, 0.310342, 0.933691]], [[0.0278698, 0.946977, -0.32009], [-0.970769, -0.0507265, -0.234596], [-0.238394, 0.317272, 0.917882]], [[0.0278698, 0.946977, -0.32009], [-0.85199, -0.144975, -0.503086], [-0.522816, 0.286735, 0.802774]]], "btipPosition": [-25.887, 29.8356, -23.8836], "carpPosition": [-15.1097, 62.6219, 72.1752], "dipPosition": [-13.9743, 36.369, -5.59193], "direction": [-0.238394, -0.317272, -0.917882], "extended": false, "handId": 792, "id": 7920, "length": 50.7402, "mcpPosition": [-15.1097, 62.6219, 72.1752], "pipPosition": [-6.06072, 46.9009, 24.8774], "stabilizedTipPosition": [-27.0273, 31.4136, -14.1841], "timeVisible": 4.54406, "tipPosition": [-22.8305, 35.5686, -13.6567], "tipVelocity": [166.173, 77.5365, -235.753], "tool": false, "touchDistance": 0.333333, "touchZone": "hovering", "type": 0, "width": 20.4392}, {"bases": [[[0.909313, 0.170744, -0.379468], [-0.144442, 0.98475, 0.09697], [0.390238, -0.0333649, 0.920109]], [[0.969537, 0.160437, -0.185092], [-0.22306, 0.266071, -0.93779], [-0.101209, 0.950508, 0.293753]], [[0.969537, 0.160437, -0.185092], [-0.0517179, -0.604524, -0.794906], [-0.239425, 0.780263, -0.577811]], [[0.969537, 0.160437, -0.185092], [0.137854, -0.982003, -0.129097], [-0.202473, 0.0996489, -0.974205]]], "btipPosition": [-2.71869, 27.9219, 13.4978], "carpPosition": [-18.6179, 85.2076, 64.6769], "dipPosition": [0.649327, 29.5795, -2.70754], "direction": [-0.239425, -0.780263, 0.577811], "extended": false, "handId": 792, "id": 7921, "length": 57.2547, "mcpPosition": [10.5169, 87.6986, -4.01758], "pipPosition": [6.28351, 47.9408, -16.3047], "stabilizedTipPosition": [-2.16562, 33.345, -2.26706], "timeVisible": 4.54406, "tipPosition": [-0.150573, 33.4465, 3.08072], "tipVelocity": [-50.0507, -202.543, -178.621], "tool": false, "touchDistance": 0.333333, "touchZone": "none", "type": 1, "width": 19.5235}, {"bases": [[[0.964887, -0.00572778, -0.262603], [0.0199699, 0.998468, 0.0515977], [0.261905, -0.0550301, 0.963524]], [[0.978856, -0.0090173, -0.204353], [-0.200635, 0.152241, -0.967765], [0.0398376, 0.988302, 0.147213]], [[0.978856, -0.0090173, -0.204353], [-0.161016, -0.650114, -0.74258], [-0.126157, 0.759783, -0.63782]], [[0.978856, -0.0090173, -0.204353], [0.0760629, -0.911344, 0.404557], [-0.189884, -0.411546, -0.891389]]], "btipPosition": [-15.9295, 33.0514, 18.4438], "carpPosition": [-29.3753, 89.0393, 59.6037], "dipPosition": [-12.4554, 25.5218, 2.13516], "direction": [-0.126157, -0.759783, 0.63782], "extended": false, "handId": 792, "id": 7922, "length": 65.2371, "mcpPosition": [-10.8322, 92.9355, -8.61488], "pipPosition": [-8.96268, 46.5568, -15.5232], "stabilizedTipPosition": [-16.0239, 31.9842, 12.4371], "timeVisible": 4.54406, "tipPosition": [-14.8795, 32.2098, 5.53661], "tipVelocity": [-47.9529, -91.6222, -49.377], "tool": false, "touchDistance": 0.333333, "touchZone": "none", "type": 2, "width": 19.1747}, {"bases": [[[0.988643, -0.0890159, -0.121087], [0.0971945, 0.993244, 0.0633929], [0.114626, -0.0744419, 0.990616]], [[0.97999, -0.0843919, -0.180271], [-0.166393, 0.149706, -0.974629], [0.109238, 0.985122, 0.132668]], [[0.97999, -0.0843919, -0.180271], [-0.179778, -0.764012, -0.619649], [-0.0854357, 0.639659, -0.763896]], [[0.97999, -0.0843919, -0.180271], [0.0518203, -0.766269, 0.640427], [-0.192183, -0.636954, -0.746562]]], "btipPosition": [-34.9075, 46.1404, 21.0319], "carpPosition": [-41.1457, 89.9263, 55.5908], "dipPosition": [-31.4116, 34.5538, 7.45146], "direction": [-0.0854357, -0.639659, 0.763896], "extended": false, "handId": 792, "id": 7923, "length": 62.7272, "mcpPosition": [-33.8592, 94.6584, -7.38019], "pipPosition": [-29.1074, 51.8058, -13.1512], "stabilizedTipPosition": [-33.6853, 42.1563, 12.6005], "timeVisible": 4.54406, "tipPosition": [-31.9116, 38.7238, 9.01886], "tipVelocity": [-45.5453, 11.7303, -19.2148], "tool": false, "touchDistance": 0.333333, "touchZone": "none", "type": 3, "width": 18.246}, {"bases": [[[0.965524, -0.259914, -0.0144192], [0.259524, 0.956803, 0.131056], [-0.0202669, -0.130279, 0.99127]], [[0.960082, -0.240953, -0.142072], [-0.064961, 0.301958, -0.951106], [0.272072, 0.922368, 0.274251]], [[0.960082, -0.240953, -0.142072], [-0.270886, -0.674275, -0.687004], [0.0697402, 0.698065, -0.71263]], [[0.960082, -0.240953, -0.142072], [-0.16397, -0.89629, 0.412042], [-0.226621, -0.372299, -0.90002]]], "btipPosition": [-48.3175, 52.6255, 14.2801], "carpPosition": [-54.0161, 83.7574, 53.3775], "dipPosition": [-44.5144, 46.3777, -0.823759], "direction": [0.0697402, -0.698065, 0.71263], "extended": false, "handId": 792, "id": 7924, "length": 49.177, "mcpPosition": [-55.2087, 91.4235, -4.95265], "pipPosition": [-45.8424, 59.6705, -14.3939], "stabilizedTipPosition": [-47.0992, 51.8713, 7.06434], "timeVisible": 4.54406, "tipPosition": [-45.8293, 51.0861, 1.37418], "tipVelocity": [-44.8922, 8.36237, -8.95539], "tool": false, "touchDistance": 0.333333, "touchZone": "none", "type": 4, "width": 16.2075}], "r": [[0.848487, 0.412774, 0.331191], [-0.424522, 0.904544, -0.0397673], [-0.315992, -0.106856, 0.942725]], "s": 0.458405, "t": [22.1247, -46.4727, -94.5303], "timestamp": 747344916192}, {"currentFrameRate": 115.01, "devices": [], "gestures": [], "hands": [{"armBasis": [[0.953311, 0.149709, -0.262271], [-0.131874, 0.987664, 0.0844386], [0.271677, -0.0459096, 0.961293]], "armWidth": 64.4216, "confidence": 1, "direction": [0.247758, 0.216722, -0.944271], "elbow": [-121.465, 61.5278, 349.296], "grabAngle": 3.14159, "grabStrength": 1, "id": 792, "palmNormal": [-0.0917898, -0.965024, -0.245568], "palmPosition": [-20.6765, 83.5008, 13.8134], "palmVelocity": [-20.0366, -42.2713, 0.997717], "palmWidth": 92.3374, "pinchDistance": 15.2332, "pinchStrength": 0.716102, "r": [[0.849355, 0.408731, 0.333969], [-0.422038, 0.905889, -0.0353465], [-0.316986, -0.110926, 0.941921]], "s": 0.480054, "sphereCenter": [-17.6028, 50.2499, -7.24507], "sphereRadius": 32.6432, "stabilizedPalmPosition": [-21.0474, 82.356, 17.2756], "t": [-22.2916, -46.6768, -94.4934], "timeVisible": 4.55306, "type": "left", "wrist": [-47.0263, 74.107, 85.9037]}], "id": 1363059, "interactionBox": {"center": [0, 200, 0], "size": [235.247, 235.247, 147.751]}, "pointables": [{"bases": [[[0.257653, 0.964793, -0.0528203], [-0.720553, 0.228273, 0.654748], [0.643753, -0.130638, 0.754]], [[0.0266114, 0.952665, -0.302854], [-0.984103, 0.0781827, 0.159461], [0.175591, 0.293796, 0.939602]], [[0.0266114, 0.952665, -0.302854], [-0.972885, -0.0449487, -0.226878], [-0.229751, 0.30068, 0.925638]], [[0.0266114, 0.952665, -0.302854], [-0.8654, -0.129693, -0.484007], [-0.500375, 0.27497, 0.820985]]], "btipPosition": [-25.4092, 30.2701, -25.1615], "carpPosition": [-15.2761, 61.3994, 71.8692], "dipPosition": [-14.0079, 36.5355, -6.4548], "direction": [-0.229751, -0.30068, -0.925638], "extended": false, "handId": 792, "id": 7920, "length": 50.7402, "mcpPosition": [-15.2761, 61.3994, 71.8692], "pipPosition": [-6.38119, 46.5166, 24.272], "stabilizedTipPosition": [-26.3636, 31.4602, -15.2288], "timeVisible": 4.55306, "tipPosition": [-23.3511, 35.3245, -14.7571], "tipVelocity": [40.0368, 41.4507, -131.434], "tool": false, "touchDistance": 0.333333, "touchZone": "hovering", "type": 0, "width": 20.4392}, {"bases": [[[0.909173, 0.18181, -0.374633], [-0.151027, 0.982365, 0.110226], [0.388066, -0.043635, 0.920598]], [[0.969623, 0.168918, -0.176914], [-0.221125, 0.296112, -0.929205], [-0.104573, 0.940098, 0.324469]], [[0.969623, 0.168918, -0.176914], [-0.0377041, -0.611404, -0.79042], [-0.241682, 0.773079, -0.586462]], [[0.969623, 0.168918, -0.176914], [0.123582, -0.962464, -0.241642], [-0.211091, 0.212438, -0.954102]]], "btipPosition": [-3.25836, 26.3184, 12.063], "carpPosition": [-18.6582, 84.109, 64.6941], "dipPosition": [0.253013, 29.8522, -3.80794], "direction": [-0.241682, -0.773079, 0.586462], "extended": false, "handId": 792, "id": 7921, "length": 57.2547, "mcpPosition": [10.3144, 87.3668, -4.03679], "pipPosition": [5.94032, 48.0444, -17.6087], "stabilizedTipPosition": [-2.21061, 32.3645, -0.582002], "timeVisible": 4.55306, "tipPosition": [-0.785134, 32.7483, 2.68637], "tipVelocity": [-56.3252, -130.277, -150.944], "tool": false, "touchDistance": 0.333333, "touchZone": "none", "type": 1, "width": 19.5235}, {"bases": [[[0.965579, 0.00409195, -0.260077], [0.0134107, 0.997763, 0.0654878], [0.259763, -0.0667215, 0.963365]], [[0.979418, 8.36979e-05, -0.201842], [-0.198934, 0.169549, -0.965235], [0.0341414, 0.985522, 0.166076]], [[0.979418, 8.36979e-05, -0.201842], [-0.151616, -0.659813, -0.735975], [-0.13324, 0.75143, -0.64622]], [[0.979418, 8.36979e-05, -0.201842], [0.0711297, -0.935991, 0.344762], [-0.188894, -0.352023, -0.916733]]], "btipPosition": [-16.5549, 32.1921, 18.3657], "carpPosition": [-29.4038, 88.0795, 59.7033], "dipPosition": [-13.0989, 25.7515, 1.59339], "direction": [-0.13324, -0.75143, 0.64622], "extended": false, "handId": 792, "id": 7922, "length": 65.2371, "mcpPosition": [-11.0123, 92.8035, -8.50397], "pipPosition": [-9.41012, 46.5553, -16.2975], "stabilizedTipPosition": [-15.9325, 31.5432, 13.1544], "timeVisible": 4.55306, "tipPosition": [-15.4269, 31.8688, 5.18211], "tipVelocity": [-69.9833, -67.6753, -20.5332], "tool": false, "touchDistance": 0.333333, "touchZone": "none", "type": 2, "width": 19.1747}, {"bases": [[[0.989504, -0.0809986, -0.119667], [0.0906366, 0.99287, 0.0774157], [0.112544, -0.0874494, 0.989791]], [[0.980975, -0.0756091, -0.178804], [-0.164516, 0.165197, -0.972443], [0.103063, 0.983358, 0.149615]], [[0.980975, -0.0756091, -0.178804], [-0.171832, -0.766781, -0.618483], [-0.0903403, 0.637441, -0.765185]], [[0.980975, -0.0756091, -0.178804], [0.0520518, -0.784874, 0.617465], [-0.187024, -0.615025, -0.766006]]], "btipPosition": [-35.3799, 45.8761, 20.8794], "carpPosition": [-41.1786, 89.0975, 55.7346], "dipPosition": [-31.9778, 34.6884, 6.94521], "direction": [-0.0903403, -0.637441, 0.765185], "extended": false, "handId": 792, "id": 7923, "length": 62.7272, "mcpPosition": [-34.0245, 94.6564, -7.18398], "pipPosition": [-29.5413, 51.8805, -13.6922], "stabilizedTipPosition": [-33.8368, 42.3468, 13.4432], "timeVisible": 4.55306, "tipPosition": [-32.4428, 38.5938, 8.6353], "tipVelocity": [-54.9068, -19.1818, -26.0007], "tool": false, "touchDistance": 0.333333, "touchZone": "none", "type": 3, "width": 18.246}, {"bases": [[[0.967211, -0.253506, -0.0154407], [0.253022, 0.956533, 0.145], [-0.0219888, -0.144153, 0.989311]], [[0.96194, -0.232748, -0.143176], [-0.0640029, 0.317478, -0.946103], [0.265659, 0.919259, 0.290498]], [[0.96194, -0.232748, -0.143176], [-0.266292, -0.680863, -0.682286], [0.0613175, 0.694445, -0.716929]], [[0.96194, -0.232748, -0.143176], [-0.161935, -0.90758, 0.387395], [-0.220109, -0.349465, -0.910728]]], "btipPosition": [-48.7687, 52.5196, 14.1905], "carpPosition": [-54.0941, 83.0423, 53.4704], "dipPosition": [-45.0749, 46.655, -1.09302], "direction": [0.0613175, -0.694445, 0.716929], "extended": false, "handId": 792, "id": 7924, "length": 49.177, "mcpPosition": [-55.388, 91.5248, -4.74448], "pipPosition": [-46.2425, 59.8789, -14.745], "stabilizedTipPosition": [-47.3488, 51.658, 8.1637], "timeVisible": 4.55306, "tipPosition": [-46.2839, 51.0467, 1.18199], "tipVelocity": [-52.9503, -1.97315, -14.5505], "tool": false, "touchDistance": 0.333333, "touchZone": "none", "type": 4, "width": 16.2075}], "r": [[0.849355, 0.408731, 0.333969], [-0.422038, 0.905889, -0.0353465], [-0.316986, -0.110926, 0.941921]], "s": 0.480054, "t": [22.2916, -46.6768, -94.4934], "timestamp": 747344925188}, {"currentFrameRate": 115.225, "devices": [], "gestures": [], "hands": [{"armBasis": [[0.953233, 0.14826, -0.263374], [-0.12669, 0.987171, 0.0971712], [0.274402, -0.0592598, 0.959787]], "armWidth": 64.4216, "confidence": 1, "direction": [0.250793, 0.203982, -0.946305], "elbow": [-122.788, 58.1081, 348.946], "grabAngle": 3.14159, "grabStrength": 1, "id": 792, "palmNormal": [-0.0922056, -0.968069, -0.23311], "palmPosition": [-21.0371, 83.0451, 13.8724], "palmVelocity": [-43.3826, -54.8192, 7.10025], "palmWidth": 92.3374, "pinchDistance": 14.971, "pinchStrength": 0.731948, "r": [[0.850149, 0.40656, 0.334598], [-0.420276, 0.906761, -0.0339391], [-0.317199, -0.11177, 0.94175]], "s": 0.495385, "sphereCenter": [-18.6903, 49.486, -6.88686], "sphereRadius": 32.5629, "stabilizedPalmPosition": [-21.0456, 82.4751, 16.6877], "t": [-22.5554, -47.0067, -94.4455], "timeVisible": 4.56137, "type": "left", "wrist": [-47.6024, 74.3452, 85.9664]}], "id": 1363060, "interactionBox": {"center": [0, 200, 0], "size": [235.247, 235.247, 147.751]}, "pointables": [{"bases": [[[0.256357, 0.964307, -0.0662828], [-0.718891, 0.236055, 0.653815], [0.646125, -0.11996, 0.753746]], [[0.0300909, 0.950261, -0.309998], [-0.982058, 0.0858696, 0.167896], [0.186165, 0.299384, 0.935795]], [[0.0300909, 0.950261, -0.309998], [-0.975236, -0.0400745, -0.217507], [-0.219112, 0.308866, 0.925522]], [[0.0300909, 0.950261, -0.309998], [-0.860572, -0.133128, -0.491622], [-0.508439, 0.281569, 0.813762]]], "btipPosition": [-25.2619, 29.8697, -24.4394], "carpPosition": [-15.8338, 61.7042, 72.23], "dipPosition": [-13.6768, 36.2854, -5.89735], "direction": [-0.219112, -0.308867, -0.925522], "extended": false, "handId": 792, "id": 7920, "length": 50.7402, "mcpPosition": [-15.8338, 61.7042, 72.23], "pipPosition": [-6.4033, 46.5383, 24.8256], "stabilizedTipPosition": [-25.8927, 31.4458, -15.8473], "timeVisible": 4.56137, "tipPosition": [-23.6334, 34.3514, -14.3561], "tipVelocity": [22.8066, -44.0072, 82.3023], "tool": false, "touchDistance": 0.333333, "touchZone": "hovering", "type": 0, "width": 20.4392}, {"bases": [[[0.907851, 0.177897, -0.379684], [-0.151861, 0.983559, 0.0977268], [0.390827, -0.0310621, 0.91994]], [[0.969701, 0.1674, -0.177926], [-0.222662, 0.305979, -0.925634], [-0.10051, 0.937205, 0.333982]], [[0.969701, 0.1674, -0.177926], [-0.0323602, -0.633886, -0.772749], [-0.242144, 0.755093, -0.609263]], [[0.969701, 0.1674, -0.177926], [0.113142, -0.953243, -0.280226], [-0.216517, 0.251604, -0.9433]]], "btipPosition": [-3.49318, 25.4846, 12.1234], "carpPosition": [-19.168, 84.3212, 64.7465], "dipPosition": [0.108458, 29.6699, -3.56784], "direction": [-0.242144, -0.755093, 0.609263], "extended": false, "handId": 792, "id": 7921, "length": 57.2547, "mcpPosition": [10.0107, 86.6402, -3.93532], "pipPosition": [5.80662, 47.4388, -17.9051], "stabilizedTipPosition": [-2.29585, 31.2539, 1.12532], "timeVisible": 4.56137, "tipPosition": [-1.24748, 31.8443, 3.72519], "tipVelocity": [-25.7496, -82.276, 12.2399], "tool": false, "touchDistance": 0.333333, "touchZone": "none", "type": 1, "width": 19.5235}, {"bases": [[[0.964804, 0.00176843, -0.262965], [0.0124254, 0.998554, 0.0523032], [0.262678, -0.0537298, 0.963386]], [[0.974451, -0.000361079, -0.224601], [-0.22138, 0.167236, -0.960741], [0.0379084, 0.985917, 0.162883]], [[0.974451, -0.000361079, -0.224601], [-0.164712, -0.680997, -0.713521], [-0.152695, 0.732286, -0.663658]], [[0.974451, -0.000361079, -0.224601], [0.070225, -0.949373, 0.306203], [-0.213341, -0.314152, -0.925091]]], "btipPosition": [-17.648, 31.2492, 19.1184], "carpPosition": [-29.8942, 88.2378, 59.672], "dipPosition": [-13.7448, 25.5015, 2.19316], "direction": [-0.152695, -0.732286, 0.663658], "extended": false, "handId": 792, "id": 7922, "length": 65.2371, "mcpPosition": [-11.2963, 92.042, -8.53681], "pipPosition": [-9.51733, 45.7752, -16.1805], "stabilizedTipPosition": [-16.2061, 31.0024, 13.8474], "timeVisible": 4.56137, "tipPosition": [-15.862, 31.2405, 6.32693], "tipVelocity": [-119.123, -94.2574, 86.3133], "tool": false, "touchDistance": 0.333333, "touchZone": "none", "type": 2, "width": 19.1747}, {"bases": [[[0.989243, -0.0814379, -0.121519], [0.0896918, 0.993907, 0.0640659], [0.115561, -0.0742759, 0.990519]], [[0.980533, -0.0768375, -0.180695], [-0.166662, 0.160893, -0.972799], [0.10382, 0.983976, 0.144955]], [[0.980533, -0.0768375, -0.180695], [-0.172004, -0.779983, -0.601698], [-0.0947065, 0.621065, -0.778016]], [[0.980533, -0.0768375, -0.180695], [0.0506959, -0.789986, 0.611026], [-0.189697, -0.608292, -0.770712]]], "btipPosition": [-35.7989, 45.4504, 21.3883], "carpPosition": [-41.656, 89.2169, 55.6554], "dipPosition": [-32.3482, 34.3852, 7.36853], "direction": [-0.0947065, -0.621065, 0.778016], "extended": false, "handId": 792, "id": 7923, "length": 62.7272, "mcpPosition": [-34.3101, 93.9384, -7.30946], "pipPosition": [-29.7939, 51.1356, -13.615], "stabilizedTipPosition": [-34.0212, 42.4349, 14.1882], "timeVisible": 4.56137, "tipPosition": [-32.8498, 38.1064, 9.2868], "tipVelocity": [-49.0605, -47.8252, 58.8506], "tool": false, "touchDistance": 0.333333, "touchZone": "none", "type": 3, "width": 18.246}, {"bases": [[[0.96746, -0.252582, -0.0149639], [0.252318, 0.958648, 0.131642], [-0.0189053, -0.131134, 0.991184]], [[0.961686, -0.233359, -0.143884], [-0.0659529, 0.312492, -0.947628], [0.266101, 0.920811, 0.285128]], [[0.961686, -0.233359, -0.143884], [-0.268708, -0.698269, -0.663488], [0.0543613, 0.67673, -0.734221]], [[0.961686, -0.233359, -0.143884], [-0.162274, -0.907552, 0.387319], [-0.220967, -0.349131, -0.910649]]], "btipPosition": [-49.1967, 52.1367, 14.5556], "carpPosition": [-54.5719, 83.1472, 53.4329], "dipPosition": [-45.4885, 46.2777, -0.726573], "direction": [0.0543613, -0.67673, 0.734221], "extended": false, "handId": 792, "id": 7924, "length": 49.177, "mcpPosition": [-55.6843, 90.8636, -4.89217], "pipPosition": [-46.5237, 59.1642, -14.7079], "stabilizedTipPosition": [-47.639, 51.4046, 9.0028], "timeVisible": 4.56137, "tipPosition": [-46.6564, 50.4588, 1.65436], "tipVelocity": [-51.0872, -45.9102, 43.9578], "tool": false, "touchDistance": 0.333333, "touchZone": "none", "type": 4, "width": 16.2075}], "r": [[0.850149, 0.40656, 0.334598], [-0.420276, 0.906761, -0.0339391], [-0.317199, -0.11177, 0.94175]], "s": 0.495385, "t": [22.5554, -47.0067, -94.4455], "timestamp": 747344933501}, {"currentFrameRate": 114.859, "devices": [], "gestures": [], "hands": [{"armBasis": [[0.95191, 0.152113, -0.265949], [-0.128919, 0.986323, 0.1027], [0.277934, -0.0634755, 0.958501]], "armWidth": 64.4216, "confidence": 1, "direction": [0.264101, 0.167667, -0.94981], "elbow": [-124.879, 58.6769, 348.699], "grabAngle": 3.14159, "grabStrength": 1, "id": 792, "palmNormal": [-0.102547, -0.974311, -0.200506], "palmPosition": [-21.335, 82.3595, 14.0567], "palmVelocity": [-31.9287, -73.4867, 19.7544], "palmWidth": 92.3374, "pinchDistance": 14.5966, "pinchStrength": 0.754509, "r": [[0.850496, 0.409345, 0.330292], [-0.421314, 0.906114, -0.0381114], [-0.314883, -0.106743, 0.943109]], "s": 0.503819, "sphereCenter": [-20.5696, 47.9847, -5.84135], "sphereRadius": 32.4471, "stabilizedPalmPosition": [-21.1034, 82.452, 16.1621], "t": [-22.8362, -47.5144, -94.3293], "timeVisible": 4.5707, "type": "left", "wrist": [-48.7257, 76.069, 86.0715]}], "id": 1363061, "interactionBox": {"center": [0, 200, 0], "size": [235.247, 235.247, 147.751]}, "pointables": [{"bases": [[[0.242655, 0.964669, -0.102626], [-0.714611, 0.249287, 0.653595], [0.656086, -0.0852603, 0.749854]], [[0.0205915, 0.941437, -0.336559], [-0.978703, 0.087751, 0.185582], [0.204247, 0.325569, 0.923194]], [[0.0205915, 0.941437, -0.336559], [-0.978535, -0.0500627, -0.199907], [-0.205049, 0.333451, 0.920199]], [[0.0205915, 0.941437, -0.336559], [-0.858256, -0.156018, -0.488932], [-0.512808, 0.298921, 0.804782]]], "btipPosition": [-25.2177, 28.6231, -22.4747], "carpPosition": [-17.0729, 62.9955, 73.1751], "dipPosition": [-13.533, 35.4342, -4.13724], "direction": [-0.205049, -0.333451, -0.920199], "extended": false, "handId": 792, 