{"frames": 94, "data": [{"currentFrameRate": 109.523, "devices": [], "gestures": [], "hands": [{"armBasis": [[0.151502, -0.988286, 0.018391], [0.840339, 0.118981, -0.528842], [0.520459, 0.0955752, 0.848521]], "armWidth": 60.3619, "confidence": 1, "direction": [0.406124, 0.26635, -0.87414], "elbow": [-94.4564, 134.366, 359.218], "grabAngle": 0, "grabStrength": 0, "id": 781, "palmNormal": [0.913057, -0.0792406, 0.40006], "palmPosition": [67.5057, 132.011, 91.504], "palmVelocity": [-65.0081, -9.05219, -13.6258], "palmWidth": 83.5863, "pinchDistance": 62.3776, "pinchStrength": 0, "r": [[0.698858, -0.310764, 0.644223], [0.700694, 0.116602, -0.70387], [0.143619, 0.943308, 0.299239]], "s": 0.925182, "sphereCenter": [-35.193, 145.268, -14.812], "sphereRadius": 147.409, "stabilizedPalmPosition": [68.6475, 132.392, 92.0177], "t": [14.4219, -31.0644, 14.8673], "timeVisible": 7.99566, "type": "left", "wrist": [34.6333, 110.66, 148.759]}], "id": 1356738, "interactionBox": {"center": [0, 200, 0], "size": [235.247, 235.247, 147.751]}, "pointables": [{"bases": [[[0.72241, -0.2637, -0.639207], [0.596837, 0.704587, 0.383853], [0.349155, -0.658802, 0.666386]], [[0.645229, -0.137098, -0.751588], [0.645125, 0.624764, 0.439868], [0.40926, -0.768684, 0.491561]], [[0.645229, -0.137098, -0.751588], [0.29844, 0.950833, 0.0827646], [0.703288, -0.277706, 0.65442]], [[0.645229, -0.137098, -0.751588], [-0.043654, 0.975544, -0.215426], [0.762741, 0.171809, 0.623464]]], "btipPosition": [109.046, 176.309, 87.9109], "carpPosition": [50.8026, 135.919, 145.279], "dipPosition": [92.1992, 180.104, 101.681], "direction": [0.703288, 0.277706, -0.65442], "extended": false, "handId": 781, "id": 7810, "length": 49.1837, "mcpPosition": [50.8026, 135.919, 145.279], "pipPosition": [69.5695, 171.168, 122.738], "stabilizedTipPosition": [105.781, 177.228, 91.302], "timeVisible": 7.99566, "tipPosition": [112.277, 169.186, 92.3388], "tipVelocity": [-57.931, -13.6122, -24.3583], "tool": false, "touchDistance": 0.3513, "touchZone": "hovering", "type": 0, "width": 19.4377}, {"bases": [[[-0.175447, -0.959773, -0.219212], [0.825919, -0.0223102, -0.563346], [0.535794, -0.279889, 0.79661]], [[-0.133208, -0.978648, -0.156538], [0.87761, -0.0430876, -0.477436], [0.460497, -0.200977, 0.86461]], [[-0.133208, -0.978648, -0.156538], [0.86329, -0.0369935, -0.50335], [0.486812, -0.202188, 0.849785]], [[-0.133208, -0.978648, -0.156538], [0.854918, -0.0335624, -0.517676], [0.501369, -0.202785, 0.841134]]], "btipPosition": [116.051, 159.292, -6.53883], "carpPosition": [38.8083, 123.189, 121.568], "dipPosition": [107.159, 155.695, 8.37829], "direction": [0.486812, 0.202188, -0.849785], "extended": true, "handId": 781, "id": 7812, "length": 63.2359, "mcpPosition": [73.1479, 141.127, 70.5128], "pipPosition": [94.095, 150.27, 31.1833], "stabilizedTipPosition": [114.913, 158.555, -2.79622], "timeVisible": 7.99566, "tipPosition": [117.371, 160.886, 0.223413], "tipVelocity": [-82.2945, 1.15313, -17.9183], "tool": false, "touchDistance": 0.200662, "touchZone": "hovering", "type": 2, "width": 18.2351}, {"bases": [[[-0.156447, -0.986069, -0.0564999], [0.827933, -0.0997355, -0.551887], [0.538564, -0.133119, 0.832002]], [[-0.198708, -0.972389, -0.122372], [0.876688, -0.120544, -0.465712], [0.438102, -0.199822, 0.876435]], [[-0.198708, -0.972389, -0.122372], [0.860691, -0.113421, -0.496332], [0.468749, -0.203949, 0.859465]], [[-0.198708, -0.972389, -0.122372], [0.844929, -0.106702, -0.524127], [0.496598, -0.207544, 0.842802]]], "btipPosition": [110.973, 137.68, -4.12085], "carpPosition": [40.4992, 112.603, 118.04], "dipPosition": [102.217, 134.021, 10.74], "direction": [0.468749, 0.203949, -0.859465], "extended": true, "handId": 781, "id": 7813, "length": 60.803, "mcpPosition": [71.4899, 120.263, 70.1643], "pipPosition": [89.9626, 128.689, 33.2091], "stabilizedTipPosition": [110.285, 137.017, -0.0855842], "timeVisible": 7.99566, "tipPosition": [116.476, 134.284, 4.28112], "tipVelocity": [-79.6285, -1.36661, -18.9339], "tool": false, "touchDistance": 0.208751, "touchZone": "hovering", "type": 3, "width": 17.3519}, {"bases": [[[-0.227696, -0.964724, 0.132145], [0.837827, -0.263257, -0.478269], [0.496185, 0.00181451, 0.868215]], [[-0.337104, -0.938561, -0.0739158], [0.879037, -0.285665, -0.381692], [0.337126, -0.193645, 0.921329]], [[-0.337104, -0.938561, -0.0739158], [0.862414, -0.276354, -0.424111], [0.377627, -0.206716, 0.902589]], [[-0.337104, -0.938561, -0.0739158], [0.848812, -0.269025, -0.45513], [0.407282, -0.216167, 0.887352]]], "btipPosition": [97.5781, 114.697, 11.5735], "carpPosition": [46.3026, 101, 119.66], "dipPosition": [90.9529, 111.181, 26.0079], "direction": [0.377627, 0.206716, -0.902589], "extended": true, "handId": 781, "id": 7814, "length": 47.6684, "mcpPosition": [72.7329, 100.903, 73.4123], "pipPosition": [83.9826, 107.365, 42.6681], "stabilizedTipPosition": [97.8563, 114.009, 15.8977], "timeVisible": 7.99566, "tipPosition": [103.893, 107.599, 19.1099], "tipVelocity": [-76.5297, -4.38419, -21.5543], "tool": false, "touchDistance": 0.201572, "touchZone": "hovering", "type": 4, "width": 15.4133}, {"bases": [[[-0.104948, -0.902256, -0.418235], [0.844495, 0.141239, -0.516605], [0.525181, -0.407414, 0.747127]], [[0.0344847, -0.976938, -0.210722], [0.914473, 0.115903, -0.387692], [0.403174, -0.17933, 0.89738]], [[0.0344847, -0.976938, -0.210722], [0.902526, 0.121002, -0.413287], [0.429253, -0.17593, 0.885884]], [[0.0344847, -0.976938, -0.210722], [0.888182, 0.126625, -0.4417], [0.458196, -0.171927, 0.872065]]], "btipPosition": [107.69, 174.434, 6.31434], "carpPosition": [38.6703, 132.844, 127.46], "dipPosition": [100.302, 171.662, 20.3757], "direction": [0.429253, 0.17593, -0.885884], "extended": true, "handId": 781, "id": 7811, "length": 55.4983, "mcpPosition": [74.1638, 160.378, 76.967], "pipPosition": [90.5104, 167.649, 40.5829], "stabilizedTipPosition": [106.38, 173.902, 9.62287], "timeVisible": 7.99566, "tipPosition": [107.498, 180.211, 12.5688], "tipVelocity": [-55.2474, -9.12476, -5.28608], "tool": false, "touchDistance": 0.195191, "touchZone": "hovering", "type": 1, "width": 18.5669}], "r": [[0.698858, -0.310764, 0.644223], [0.700694, 0.116602, -0.70387], [0.143619, 0.943308, 0.299239]], "s": 0.925182, "t": [-14.4219, -31.0644, 14.8673], "timestamp": 747289198924}, {"currentFrameRate": 109.541, "devices": [], "gestures": [], "hands": [{"armBasis": [[0.148763, -0.988744, 0.0159862], [0.844399, 0.118599, -0.522423], [0.514646, 0.0912161, 0.852537]], "armWidth": 60.3619, "confidence": 1, "direction": [0.404897, 0.268262, -0.874125], "elbow": [-93.3695, 133.106, 360.155], "grabAngle": 0, "grabStrength": 0, "id": 781, "palmNormal": [0.913619, -0.0801419, 0.398596], "palmPosition": [67.0203, 131.982, 91.4204], "palmVelocity": [-53.3609, -3.21711, -9.18749], "palmWidth": 83.5863, "pinchDistance": 62.2875, "pinchStrength": 0, "r": [[0.697487, -0.312126, 0.64505], [0.702038, 0.117097, -0.702446], [0.143718, 0.942797, 0.300798]], "s": 0.924015, "sphereCenter": [-35.1993, 145.174, -14.6051], "sphereRadius": 146.928, "stabilizedPalmPosition": [67.8983, 132.203, 91.7427], "t": [13.8754, -31.1513, 14.7308], "timeVisible": 8.00476, "type": "left", "wrist": [34.2784, 110.481, 148.699]}], "id": 1356739, "interactionBox": {"center": [0, 200, 0], "size": [235.247, 235.247, 147.751]}, "pointables": [{"bases": [[[0.723319, -0.262276, -0.638765], [0.596276, 0.703755, 0.386244], [0.348232, -0.660257, 0.665428]], [[0.646164, -0.135241, -0.75112], [0.643812, 0.62511, 0.441297], [0.409852, -0.768731, 0.490994]], [[0.646164, -0.135241, -0.75112], [0.297462, 0.950972, 0.0846716], [0.702843, -0.278141, 0.654713]], [[0.646164, -0.135241, -0.75112], [-0.0428481, 0.976194, -0.212627], [0.761995, 0.169576, 0.624986]]], "btipPosition": [108.633, 176.228, 87.8422], "carpPosition": [50.3932, 135.772, 145.228], "dipPosition": [91.8027, 179.973, 101.646], "direction": [0.702843, 0.278141, -0.654713], "extended": false, "handId": 781, "id": 7810, "length": 49.1837, "mcpPosition": [50.3932, 135.772, 145.228], "pipPosition": [69.1873, 171.023, 122.713], "stabilizedTipPosition": [105.171, 177.145, 91.1316], "timeVisible": 8.00476, "tipPosition": [111.747, 169.207, 92.2654], "tipVelocity": [-44.9861, -10.2234, -6.69256], "tool": false, "touchDistance": 0.350285, "touchZone": "hovering", "type": 0, "width": 19.4377}, {"bases": [[[-0.175112, -0.959293, -0.22157], [0.826714, -0.0210517, -0.562228], [0.534677, -0.281628, 0.796748]], [[-0.132809, -0.978362, -0.158652], [0.877441, -0.0416162, -0.477876], [0.460933, -0.202674, 0.863982]], [[-0.132809, -0.978362, -0.158652], [0.863036, -0.0354411, -0.503898], [0.487371, -0.203844, 0.849068]], [[-0.132809, -0.978362, -0.158652], [0.854161, -0.0317814, -0.519036], [0.502763, -0.204447, 0.839899]]], "btipPosition": [115.596, 159.46, -6.5405], "carpPosition": [38.3651, 123.094, 121.506], "dipPosition": [106.679, 155.834, 8.35472], "direction": [0.487371, 0.203844, -0.849068], "extended": true, "handId": 781, "id": 7812, "length": 63.2359, "mcpPosition": [72.6331, 141.144, 70.4414], "pipPosition": [93.6001, 150.363, 31.1405], "stabilizedTipPosition": [114.156, 158.594, -2.97246], "timeVisible": 8.00476, "tipPosition": [116.719, 161.028, 0.0949622], "tipVelocity": [-50.6664, 17.7082, -0.737416], "tool": false, "touchDistance": 0.20055, "touchZone": "hovering", "type": 2, "width": 18.2351}, {"bases": [[[-0.156341, -0.985946, -0.058889], [0.828714, -0.098502, -0.550936], [0.537393, -0.134936, 0.832467]], [[-0.198009, -0.972325, -0.124001], [0.876322, -0.118925, -0.466815], [0.43915, -0.201098, 0.875618]], [[-0.198009, -0.972325, -0.124001], [0.860716, -0.111946, -0.496624], [0.468999, -0.205066, 0.859063]], [[-0.198009, -0.972325, -0.124001], [0.843896, -0.104751, -0.526182], [0.498631, -0.208833, 0.841283]]], "btipPosition": [110.544, 137.804, -4.16406], "carpPosition": [40.0508, 112.516, 117.952], "dipPosition": [101.752, 134.121, 10.67], "direction": [0.468999, 0.205066, -0.859062], "extended": true, "handId": 781, "id": 7813, "length": 60.803, "mcpPosition": [70.974, 120.281, 70.0493], "pipPosition": [89.491, 128.76, 33.1286], "stabilizedTipPosition": [109.461, 136.989, -0.397254], "timeVisible": 8.00476, "tipPosition": [115.77, 134.479, 4.06846], "tipVelocity": [-48.0986, 12.9828, -5.42848], "tool": false, "touchDistance": 0.207928, "touchZone": "hovering", "type": 3, "width": 17.3519}, {"bases": [[[-0.227857, -0.965018, 0.129701], [0.838509, -0.262185, -0.477663], [0.494959, -8.30196e-05, 0.868916]], [[-0.335986, -0.938921, -0.0744373], [0.878669, -0.283999, -0.383778], [0.339197, -0.19435, 0.92042]], [[-0.335986, -0.938921, -0.0744373], [0.862606, -0.275016, -0.424591], [0.378186, -0.206867, 0.90232]], [[-0.335986, -0.938921, -0.0744373], [0.848516, -0.267435, -0.456618], [0.408821, -0.216579, 0.886543]]], "btipPosition": [97.1708, 114.741, 11.4627], "carpPosition": [45.8562, 100.909, 119.538], "dipPosition": [90.5206, 111.218, 25.8839], "direction": [0.378186, 0.206867, -0.90232], "extended": true, "handId": 781, "id": 7814, "length": 47.6684, "mcpPosition": [72.2212, 100.914, 73.2531], "pipPosition": [83.54, 107.399, 42.5391], "stabilizedTipPosition": [96.9733, 113.978, 15.452], "timeVisible": 8.00476, "tipPosition": [103.199, 107.814, 18.8641], "tipVelocity": [-45.412, 4.61158, -12.52], "tool": false, "touchDistance": 0.199674, "touchZone": "hovering", "type": 4, "width": 15.4133}, {"bases": [[[-0.104333, -0.901336, -0.420366], [0.845219, 0.142395, -0.5151], [0.524137, -0.409043, 0.74697]], [[0.0349291, -0.976508, -0.212632], [0.913494, 0.117492, -0.389518], [0.40535, -0.180633, 0.896138]], [[0.0349291, -0.976508, -0.212632], [0.900958, 0.122843, -0.416153], [0.432498, -0.177037, 0.884084]], [[0.0349291, -0.976508, -0.212632], [0.885772, 0.128777, -0.445897], [0.462804, -0.172769, 0.869461]]], "btipPosition": [107.421, 174.528, 6.41722], "carpPosition": [38.2358, 132.736, 127.419], "dipPosition": [99.9589, 171.743, 20.4366], "direction": [0.432498, 0.177037, -0.884084], "extended": true, "handId": 781, "id": 7811, "length": 55.4983, "mcpPosition": [73.6587, 160.381, 76.9365], "pipPosition": [90.0935, 167.704, 40.6027], "stabilizedTipPosition": [105.951, 173.893, 9.63483], "timeVisible": 8.00476, "tipPosition": [106.876, 180.207, 12.4695], "tipVelocity": [-31.411, 10.0084, 10.2492], "tool": false, "touchDistance": 0.196745, "touchZone": "hovering", "type": 1, "width": 18.5669}], "r": [[0.697487, -0.312126, 0.64505], [0.702038, 0.117097, -0.702446], [0.143718, 0.942797, 0.300798]], "s": 0.924015, "t": [-13.8754, -31.1513, 14.7308], "timestamp": 747289208020}, {"currentFrameRate": 110.057, "devices": [], "gestures": [], "hands": [{"armBasis": [[0.148774, -0.988796, 0.0122202], [0.846997, 0.121041, -0.517634], [0.510355, 0.0873607, 0.855515]], "armWidth": 60.3619, "confidence": 1, "direction": [0.402225, 0.268844, -0.875179], "elbow": [-92.6238, 132.05, 360.928], "grabAngle": 0, "grabStrength": 0, "id": 781, "palmNormal": [0.914925, -0.0829666, 0.395005], "palmPosition": [66.5237, 131.941, 91.3669], "palmVelocity": [-60.7884, -4.96213, -6.54407], "palmWidth": 83.5863, "pinchDistance": 62.1655, "pinchStrength": 0, "r": [[0.696047, -0.313116, 0.646125], [0.703586, 0.118063, -0.700734], [0.143127, 0.942348, 0.302481]], "s": 0.923107, "sphereCenter": [-34.7071, 145.354, -13.7242], "sphereRadius": 145.697, "stabilizedPalmPosition": [67.2585, 132.081, 91.5678], "t": [13.3539, -31.215, 14.6358], "timeVisible": 8.01293, "type": "left", "wrist": [33.9598, 110.382, 148.734]}], "id": 1356740, "interactionBox": {"center": [0, 200, 0], "size": [235.247, 235.247, 147.751]}, "pointables": [{"bases": [[[0.726332, -0.259474, -0.636486], [0.59317, 0.704467, 0.389713], [0.347263, -0.660605, 0.665589]], [[0.648622, -0.131424, -0.749678], [0.639019, 0.629098, 0.442595], [0.413453, -0.766135, 0.49203]], [[0.648622, -0.131424, -0.749678], [0.293056, 0.952162, 0.0866314], [0.702429, -0.275889, 0.656109]], [[0.648622, -0.131424, -0.749678], [-0.0449177, 0.976652, -0.210077], [0.759784, 0.169935, 0.627575]]], "btipPosition": [108.451, 175.932, 87.708], "carpPosition": [50.1085, 135.677, 145.243], "dipPosition": [91.6698, 179.686, 101.569], "direction": [0.702429, 0.275889, -0.656108], "extended": false, "handId": 781, "id": 7810, "length": 49.1837, "mcpPosition": [50.1085, 135.677, 145.243], "pipPosition": [69.0677, 170.808, 122.681], "stabilizedTipPosition": [104.84, 176.945, 90.9971], "timeVisible": 8.01293, "tipPosition": [111.218, 169.201, 92.0859], "tipVelocity": [-20.8711, -35.9149, -14.8184], "tool": false, "touchDistance": 0.348268, "touchZone": "hovering", "type": 0, "width": 19.4377}, {"bases": [[[-0.172033, -0.95931, -0.223896], [0.828875, -0.0181433, -0.55914], [0.532326, -0.281772, 0.798269]], [[-0.130216, -0.978279, -0.161289], [0.878304, -0.0383373, -0.476563], [0.460028, -0.203717, 0.864219]], [[-0.130216, -0.978279, -0.161289], [0.863502, -0.0319534, -0.503333], [0.487246, -0.204815, 0.848906]], [[-0.130216, -0.978279, -0.161289], [0.854009, -0.028024, -0.519502], [0.503698, -0.20539, 0.839109]]], "btipPosition": [115.013, 159.533, -6.59146], "carpPosition": [37.9614, 123.068, 121.545], "dipPosition": [106.08, 155.89, 8.28974], "direction": [0.487246, 0.204815, -0.848906], "extended": true, "handId": 781, "id": 7812, "length": 63.2359, "mcpPosition": [72.0788, 141.127, 70.3828], "pipPosition": [93.0046, 150.394, 31.0712], "stabilizedTipPosition": [113.496, 158.65, -3.08074], "timeVisible": 8.01293, "tipPosition": [115.898, 160.993, -0.144549], "tipVelocity": [-71.7425, 8.48992, -6.6326], "tool": false, "touchDistance": 0.199647, "touchZone": "hovering", "type": 2, "width": 18.2351}, {"bases": [[[-0.153813, -0.986203, -0.0611916], [0.831012, -0.0956083, -0.547976], [0.534565, -0.135137, 0.834253]], [[-0.194845, -0.972737, -0.125766], [0.87717, -0.11544, -0.466098], [0.438872, -0.201135, 0.875749]], [[-0.194845, -0.972737, -0.125766], [0.861828, -0.108573, -0.495443], [0.468281, -0.204924, 0.859488]], [[-0.194845, -0.972737, -0.125766], [0.843853, -0.100892, -0.527003], [0.499947, -0.208812, 0.840506]]], "btipPosition": [109.932, 137.789, -4.25551], "carpPosition": [39.609, 112.492, 117.966], "dipPosition": [101.117, 134.107, 10.5648], "direction": [0.468281, 0.204924, -0.859488], "extended": true, "handId": 781, "id": 7813, "length": 60.803, "mcpPosition": [70.3695, 120.269, 69.9608], "pipPosition": [88.8748, 128.75, 33.0345], "stabilizedTipPosition": [108.73, 136.967, -0.608495], "timeVisible": 8.01293, "tipPosition": [114.837, 134.517, 3.7615], "tipVelocity": [-75.5397, -1.81225, -11.5799], "tool": false, "touchDistance": 0.206351, "touchZone": "hovering", "type": 3, "width": 17.3519}, {"bases": [[[-0.226088, -0.965771, 0.127164], [0.840913, -0.259396, -0.474951], [0.491679, -0.000447186, 0.870776]], [[-0.332221, -0.940239, -0.074692], [0.879796, -0.28037, -0.383864], [0.339982, -0.193241, 0.920364]], [[-0.332221, -0.940239, -0.074692], [0.863913, -0.271558, -0.424158], [0.378527, -0.205442, 0.902503]], [[-0.332221, -0.940239, -0.074692], [0.849265, -0.263743, -0.457372], [0.410339, -0.215382, 0.886133]]], "btipPosition": [96.5903, 114.637, 11.3409], "carpPosition": [45.3932, 100.869, 119.51], "dipPosition": [89.9154, 111.134, 25.7555], "direction": [0.378527, 0.205442, -0.902503], "extended": true, "handId": 781, "id": 7814, "length": 47.6684, "mcpPosition": [71.5835, 100.893, 73.1261], "pipPosition": [82.9285, 107.341, 42.4141], "stabilizedTipPosition": [96.1985, 113.919, 15.1306], "timeVisible": 8.01293, "tipPosition": [102.237, 107.926, 18.5598], "tipVelocity": [-71.7573, -12.1273, -15.089], "tool": false, "touchDistance": 0.19762, "touchZone": "hovering", "type": 4, "width": 15.4133}, {"bases": [[[-0.100642, -0.900842, -0.422322], [0.84682, 0.145263, -0.511659], [0.522272, -0.409125, 0.748231]], [[0.0374151, -0.975868, -0.215132], [0.913018, 0.120892, -0.389593], [0.406199, -0.181843, 0.895508]], [[0.0374151, -0.975868, -0.215132], [0.899583, 0.126636, -0.417987], [0.435144, -0.17789, 0.882613]], [[0.0374151, -0.975868, -0.215132], [0.883527, 0.132887, -0.449134], [0.466884, -0.17327, 0.867178]]], "btipPosition": [107.097, 174.574, 6.48408], "carpPosition": [37.8769, 132.7, 127.475], "dipPosition": [99.5688, 171.78, 20.4666], "direction": [0.435144, 0.17789, -0.882613], "extended": true, "handId": 781, "id": 7811, "length": 55.4983, "mcpPosition": [73.1738, 160.35, 76.9075], "pipPosition": [89.6431, 167.723, 40.5992], "stabilizedTipPosition": [105.586, 173.917, 9.67551], "timeVisible": 8.01293, "tipPosition": [106.172, 180.044, 12.2793], "tipVelocity": [-41.5513, 5.37252, 7.14785], "tool": false, "touchDistance": 0.197718, "touchZone": "hovering", "type": 1, "width": 18.5669}], "r": [[0.696047, -0.313116, 0.646125], [0.703586, 0.118063, -0.700734], [0.143127, 0.942348, 0.302481]], "s": 0.923107, "t": [-13.3539, -31.215, 14.6358], "timestamp": 747289216189}, {"currentFrameRate": 110.273, "devices": [], "gestures": [], "hands": [{"armBasis": [[0.145811, -0.989263, 0.0098888], [0.849812, 0.120127, -0.513215], [0.506517, 0.0832362, 0.858203]], "armWidth": 60.3619, "confidence": 1, "direction": [0.401671, 0.269461, -0.875243], "elbow": [-91.9861, 130.913, 361.564], "grabAngle": 0, "grabStrength": 0, "id": 781, "palmNormal": [0.915172, -0.0831666, 0.394391], "palmPosition": [66.1354, 131.903, 91.315], "palmVelocity": [-44.715, -4.42157, -5.98205], "palmWidth": 83.5863, "pinchDistance": 62.0708, "pinchStrength": 0, "r": [[0.69481, -0.314006, 0.647024], [0.704909, 0.118918, -0.699258], [0.142629, 0.941944, 0.303971]], "s": 0.922378, "sphereCenter": [-33.639, 145.161, -13.0525], "sphereRadius": 144.258, "stabilizedPalmPosition": [66.6674, 131.987, 91.4347], "t": [12.899, -31.266, 14.5623], "timeVisible": 8.02161, "type": "left", "wrist": [33.6455, 110.268, 148.704]}], "id": 1356741, "interactionBox": {"center": [0, 200, 0], "size": [235.247, 235.247, 147.751]}, "pointables": [{"bases": [[[0.726702, -0.259098, -0.636217], [0.592982, 0.704162, 0.390549], [0.346809, -0.661078, 0.665357]], [[0.648322, -0.129871, -0.750208], [0.637237, 0.631794, 0.441322], [0.416662, -0.764179, 0.492365]], [[0.648322, -0.129871, -0.750208], [0.290746, 0.9529, 0.0863], [0.703665, -0.27407, 0.655546]], [[0.648322, -0.129871, -0.750208], [-0.0462907, 0.976798, -0.209101], [0.759958, 0.170293, 0.627268]]], "btipPosition": [108.286, 175.7, 87.6781], "carpPosition": [49.7528, 135.601, 145.204], "dipPosition": [91.501, 179.462, 101.532], "direction": [0.703665, 0.27407, -0.655546], "extended": false, "handId": 781, "id": 7810, "length": 49.1837, "mcpPosition": [49.7528, 135.601, 145.204], "pipPosition": [68.8592, 170.643, 122.626], "stabilizedTipPosition": [104.58, 176.707, 90.9139], "timeVisible": 8.02161, "tipPosition": [110.702, 169.309, 92.0089], "tipVelocity": [-19.0947, -26.4968, -3.62411], "tool": false, "touchDistance": 0.347743, "touchZone": "hovering", "type": 0, "width": 19.4377}, {"bases": [[[-0.171965, -0.959147, -0.224646], [0.829215, -0.0178267, -0.558646], [0.531819, -0.282347, 0.798404]], [[-0.130436, -0.978066, -0.162399], [0.877741, -0.0377475, -0.477646], [0.461039, -0.204846, 0.863412]], [[-0.130436, -0.978066, -0.162399], [0.862444, -0.0311335, -0.505194], [0.489057, -0.205955, 0.847588]], [[-0.130436, -0.978066, -0.162399], [0.852149, -0.026869, -0.522609], [0.506782, -0.206555, 0.836963]]], "btipPosition": [114.761, 159.612, -6.5305], "carpPosition": [37.5922, 123.007, 121.504], "dipPosition": [105.773, 155.948, 8.31265], "direction": [0.489057, 0.205955, -0.847588], "extended": true, "handId": 781, "id": 7812, "length": 63.2359, "mcpPosition": [71.677, 141.103, 70.3337], "pipPosition": [92.6488, 150.421, 31.0587], "stabilizedTipPosition": [113.011, 158.722, -3.1024], "timeVisible": 8.02161, "tipPosition": [115.411, 160.987, -0.249172], "tipVelocity": [-30.5216, 8.5216, 6.01182], "tool": false, "touchDistance": 0.200518, "touchZone": "hovering", "type": 2, "width": 18.2351}, {"bases": [[[-0.153846, -0.986151, -0.0619489], [0.83134, -0.0952994, -0.547532], [0.534046, -0.135736, 0.834488]], [[-0.194483, -0.972783, -0.125975], [0.876413, -0.114647, -0.467713], [0.440541, -0.201369, 0.874857]], [[-0.194483, -0.972783, -0.125975], [0.861095, -0.107807, -0.496883], [0.469778, -0.205112, 0.858626]], [[-0.194483, -0.972783, -0.125975], [0.84199, -0.0996723, -0.530206], [0.503219, -0.209186, 0.838458]]], "btipPosition": [109.699, 137.786, -4.2214], "carpPosition": [39.2384, 112.434, 117.918], "dipPosition": [100.826, 134.098, 10.5628], "direction": [0.469778, 0.205112, -0.858626], "extended": true, "handId": 781, "id": 7813, "length": 60.803, "mcpPosition": [69.969, 120.245, 69.8987], "pipPosition": [88.5446, 128.736, 33.01], "stabilizedTipPosition": [108.16, 136.951, -0.721536], "timeVisible": 8.02161, "tipPosition": [114.296, 134.576, 3.61563], "tipVelocity": [-28.4021, -0.449193, 2.97133], "tool": false, "touchDistance": 0.206781, "touchZone": "hovering", "type": 3, "width": 17.3519}, {"bases": [[[-0.226235, -0.96584, 0.126376], [0.841185, -0.259137, -0.474612], [0.491148, -0.00106817, 0.871076]], [[-0.331104, -0.940752, -0.0731888], [0.879192, -0.279412, -0.385941], [0.342625, -0.192134, 0.919615]], [[-0.331104, -0.940752, -0.0731888], [0.863269, -0.27069, -0.426022], [0.380969, -0.204239, 0.901748]], [[-0.331104, -0.940752, -0.0731888], [0.847958, -0.262624, -0.460431], [0.41393, -0.214511, 0.884673]]], "btipPosition": [96.3848, 114.538, 11.3277], "carpPosition": [45.0243, 100.81, 119.45], "dipPosition": [89.6514, 111.049, 25.7185], "direction": [0.380969, 0.204239, -0.901748], "extended": true, "handId": 781, "id": 7814, "length": 47.6684, "mcpPosition": [71.1862, 100.867, 73.0502], "pipPosition": [82.6194, 107.279, 42.3632], "stabilizedTipPosition": [95.5601, 113.833, 14.8996], "timeVisible": 8.02161, "tipPosition": [101.692, 108.034, 18.4072], "tipVelocity": [-25.2179, -11.0344, -2.15553], "tool": false, "touchDistance": 0.197308, "touchZone": "hovering", "type": 4, "width": 15.4133}, {"bases": [[[-0.100448, -0.90055, -0.422989], [0.847142, 0.145547, -0.511044], [0.521786, -0.409665, 0.748274]], [[0.0370472, -0.975593, -0.216439], [0.911904, 0.121591, -0.391978], [0.408728, -0.18285, 0.894152]], [[0.0370472, -0.975593, -0.216439], [0.897673, 0.127659, -0.421766], [0.439102, -0.178667, 0.880493]], [[0.0370472, -0.975593, -0.216439], [0.880759, 0.134202, -0.454152], [0.472114, -0.173806, 0.864234]]], "btipPosition": [106.975, 174.613, 6.59803], "carpPosition": [37.5106, 132.635, 127.441], "dipPosition": [99.3625, 171.811, 20.5331], "direction": [0.439102, 0.178667, -0.880493], "extended": true, "handId": 781, "id": 7811, "length": 55.4983, "mcpPosition": [72.7746, 160.322, 76.8706], "pipPosition": [89.3464, 167.735, 40.6174], "stabilizedTipPosition": [105.367, 173.948, 9.75251], "timeVisible": 8.02161, "tipPosition": [105.721, 179.928, 12.1824], "tipVelocity": [-16.2808, 4.26328, 11.8649], "tool": false, "touchDistance": 0.199435, "touchZone": "hovering", "type": 1, "width": 18.5669}], "r": [[0.69481, -0.314006, 0.647024], [0.704909, 0.118918, -0.699258], [0.142629, 0.941944, 0.303971]], "s": 0.922378, "t": [-12.899, -31.266, 14.5623], "timestamp": 747289224873}, {"currentFrameRate": 110.49, "devices": [], "gestures": [], "hands": [{"armBasis": [[0.142816, -0.989724, 0.00713154], [0.852322, 0.11932, -0.509226], [0.503142, 0.078804, 0.860604]], "armWidth": 60.3619, "confidence": 1, "direction": [0.40014, 0.268923, -0.87611], "elbow": [-91.3911, 129.804, 362.19], "grabAngle": 0, "grabStrength": 0, "id": 781, "palmNormal": [0.91587, -0.0832165, 0.392756], "palmPosition": [65.7714, 131.906, 91.269], "palmVelocity": [-42.0051, 0.340386, -5.31208], "palmWidth": 83.5863, "pinchDistance": 61.9531, "pinchStrength": 0, "r": [[0.693598, -0.314618, 0.648026], [0.706215, 0.119568, -0.697828], [0.142066, 0.941658, 0.30512]], "s": 0.921706, "sphereCenter": [-32.4601, 144.836, -12.1749], "sphereRadius": 142.609, "stabilizedPalmPosition": [66.1625, 131.941, 91.3413], "t": [12.4895, -31.2901, 14.5025], "timeVisible": 8.03028, "type": "left", "wrist": [33.4034, 110.258, 148.734]}], "id": 1356742, "interactionBox": {"center": [0, 200, 0], "size": [235.247, 235.247, 147.751]}, "pointables": [{"bases": [[[0.727934, -0.259218, -0.634758], [0.592079, 0.704512, 0.391286], [0.345767, -0.660658, 0.666316]], [[0.649053, -0.12908, -0.749712], [0.634505, 0.63553, 0.439893], [0.419683, -0.76121, 0.494395]], [[0.649053, -0.12908, -0.749712], [0.287946, 0.953862, 0.0850563], [0.704143, -0.271083, 0.656275]], [[0.649053, -0.12908, -0.749712], [-0.0481017, 0.976564, -0.209781], [0.759221, 0.172222, 0.627633]]], "btipPosition": [108.159, 175.459, 87.5355], "carpPosition": [49.4884, 135.635, 145.186], "dipPosition": [91.3905, 179.263, 101.398], "direction": [0.704143, 0.271083, -0.656275], "extended": false, "handId": 781, "id": 7810, "length": 49.1837, "mcpPosition": [49.4884, 135.635, 145.186], "pipPosition": [68.7333, 170.541, 122.515], "stabilizedTipPosition": [104.41, 176.479, 90.7979], "timeVisible": 8.03028, "tipPosition": [110.223, 169.448, 91.8391], "tipVelocity": [-14.1982, -26.6826, -16.237], "tool": false, "touchDistance": 0.345398, "touchZone": "hovering", "type": 0, "width": 19.4377}, {"bases": [[[-0.171299, -0.959303, -0.224487], [0.83024, -0.0178806, -0.557119], [0.530432, -0.281812, 0.799515]], [[-0.130157, -0.978074, -0.162574], [0.87763, -0.0373576, -0.477881], [0.46133, -0.204879, 0.863249]], [[-0.130157, -0.978074, -0.162574], [0.861852, -0.0305445, -0.506239], [0.490173, -0.206005, 0.846931]], [[-0.130157, -0.978074, -0.162574], [0.850837, -0.0259955, -0.524787], [0.509054, -0.206628, 0.835565]]], "btipPosition": [114.444, 159.607, -6.54134], "carpPosition": [37.2811, 123.033, 121.515], "dipPosition": [105.416, 155.942, 8.27701], "direction": [0.490173, 0.206005, -0.846931], "extended": true, "handId": 781, "id": 7812, "length": 63.2359, "mcpPosition": [71.277, 141.094, 70.273], "pipPosition": [92.262, 150.414, 31.0054], "stabilizedTipPosition": [112.6, 158.749, -3.12203], "timeVisible": 8.03028, "tipPosition": [114.847, 160.897, -0.443619], "tipVelocity": [-37.5928, -0.583698, -1.90832], "tool": false, "touchDistance": 0.200242, "touchZone": "hovering", "type": 2, "width": 18.2351}, {"bases": [[[-0.153471, -0.986222, -0.0617444], [0.832366, -0.0953472, -0.545963], [0.532554, -0.135183, 0.835531]], [[-0.193679, -0.973024, -0.12535], [0.876153, -0.114062, -0.468344], [0.441413, -0.200534, 0.874609]], [[-0.193679, -0.973024, -0.12535], [0.860813, -0.107254, -0.497491], [0.470627, -0.204257, 0.858365]], [[-0.193679, -0.973024, -0.12535], [0.840751, -0.0987716, -0.532337], [0.505595, -0.208491, 0.837201]]], "btipPosition": [109.394, 137.708, -4.22922], "carpPosition": [38.9179, 112.457, 117.93], "dipPosition": [100.479, 134.032, 10.5328], "direction": [0.470627, 0.204257, -0.858365], "extended": true, "handId": 781, "id": 7813, "length": 60.803, "mcpPosition": [69.5626, 120.236, 69.8514], "pipPosition": [88.175, 128.692, 32.9732], "stabilizedTipPosition": [107.693, 136.901, -0.785814], "timeVisible": 8.03028, "tipPosition": [113.669, 134.561, 3.41124], "tipVelocity": [-36.3615, -8.71979, -1.49127], "tool": false, "touchDistance": 0.206566, "touchZone": "hovering", "type": 3, "width": 17.3519}, {"bases": [[[-0.226209, -0.965838, 0.126438], [0.842121, -0.259146, -0.472944], [0.489553, -0.000508374, 0.871974]], [[-0.329606, -0.941442, -0.0710388], [0.879091, -0.278593, -0.386762], [0.344323, -0.189929, 0.919439]], [[-0.329606, -0.941442, -0.0710388], [0.863119, -0.269982, -0.426773], [0.382603, -0.201982, 0.901564]], [[-0.329606, -0.941442, -0.0710388], [0.84725, -0.261751, -0.462227], [0.416565, -0.212541, 0.883912]]], "btipPosition": [96.1087, 114.383, 11.3094], "carpPosition": [44.7035, 100.833, 119.458], "dipPosition": [89.3325, 110.926, 25.6878], "direction": [0.382603, 0.201982, -0.901564], "extended": true, "handId": 781, "id": 7814, "length": 47.6684, "mcpPosition": [70.7805, 100.86, 73.0103], "pipPosition": [82.2704, 107.198, 42.3291], "stabilizedTipPosition": [95.0435, 113.708, 14.7547], "timeVisible": 8.03028, "tipPosition": [101.077, 108.086, 18.2461], "tipVelocity": [-32.989, -16.9963, -2.4406], "tool": false, "touchDistance": 0.196955, "touchZone": "hovering", "type": 4, "width": 15.4133}, {"bases": [[[-0.0994345, -0.900785, -0.422728], [0.848037, 0.145521, -0.509565], [0.520524, -0.409158, 0.74943]], [[0.0372402, -0.975546, -0.216619], [0.911157, 0.122166, -0.393532], [0.410372, -0.182719, 0.893425]], [[0.0372402, -0.975546, -0.216619], [0.896232, 0.128488, -0.42457], [0.44202, -0.17833, 0.8791]], [[0.0372402, -0.975546, -0.216619], [0.878583, 0.135246, -0.45804], [0.476136, -0.17326, 0.862134]]], "btipPosition": [106.79, 174.585, 6.62093], "carpPosition": [37.2129, 132.663, 127.447], "dipPosition": [99.1127, 171.792, 20.5221], "direction": [0.44202, 0.17833, -0.8791], "extended": true, "handId": 781, "id": 7811, "length": 55.4983, "mcpPosition": [72.3917, 160.316, 76.7984], "pipPosition": [89.0301, 167.724, 40.5746], "stabilizedTipPosition": [105.149, 173.945, 9.7944], "timeVisible": 8.03028, "tipPosition": [105.22, 179.75, 11.9913], "tipVelocity": [-23.0552, -2.96767, 1.74386], "tool": false, "touchDistance": 0.199687, "touchZone": "hovering", "type": 1, "width": 18.5669}], "r": [[0.693598, -0.314618, 0.648026], [0.706215, 0.119568, -0.697828], [0.142066, 0.941658, 0.30512]], "s": 0.921706, "t": [-12.4895, -31.2901, 14.5025], "timestamp": 747289233540}, {"currentFrameRate": 110.667, "devices": [], "gestures": [], "hands": [{"armBasis": [[0.141585, -0.989919, 0.0037095], [0.854121, 0.120266, -0.505978], [0.500431, 0.0748072, 0.862538]], "armWidth": 60.3619, "confidence": 1, "direction": [0.39947, 0.269523, -0.876231], "elbow": [-91.0245, 128.759, 362.685], "grabAngle": 0, "grabStrength": 0, "id": 781, "palmNormal": [0.916213, -0.0847666, 0.391624], "palmPosition": [65.4064, 131.919, 91.2671], "palmVelocity": [-41.8357, 1.59667, -0.210675], "palmWidth": 83.5863, "pinchDistance": 61.8457, "pinchStrength": 0, "r": [[0.692555, -0.315104, 0.648904], [0.707386, 0.120423, -0.696494], [0.141325, 0.941386, 0.3063]], "s": 0.921217, "sphereCenter": [-31.1789, 144.895, -11.2423], "sphereRadius": 140.916, "stabilizedPalmPosition": [65.705, 131.928, 91.2964], "t": [12.1023, -31.2951, 14.4717], "timeVisible": 8.039, "type": "left", "wrist": [33.0977, 110.205, 148.749]}], "id": 1356743, "interactionBox": {"center": [0, 200, 0], "size": [235.247, 235.247, 147.751]}, "pointables": [{"bases": [[[0.72895, -0.257592, -0.634254], [0.590813, 0.704727, 0.39281], [0.345791, -0.661065, 0.665899]], [[0.649243, -0.126235, -0.750032], [0.631337, 0.639368, 0.438889], [0.424143, -0.758468, 0.494802]], [[0.649243, -0.126235, -0.750032], [0.28462, 0.954804, 0.0856737], [0.705319, -0.269097, 0.655829]], [[0.649243, -0.126235, -0.750032], [-0.0506265, 0.976771, -0.20822], [0.758894, 0.173157, 0.627771]]], "btipPosition": [108.094, 175.216, 87.5491], "carpPosition": [49.1884, 135.602, 145.207], "dipPosition": [91.3329, 179.041, 101.414], "direction": [0.705319, 0.269097, -0.655829], "extended": false, "handId": 781, "id": 7810, "length": 49.1837, "mcpPosition": [49.1884, 135.602, 145.207], "pipPosition": [68.6379, 170.382, 122.517], "stabilizedTipPosition": [104.299, 176.231, 90.7592], "timeVisible": 8.039, "tipPosition": [109.783, 169.551, 91.8097], "tipVelocity": [-7.23829, -27.3143, 1.63758], "tool": false, "touchDistance": 0.345636, "touchZone": "hovering", "type": 0, "width": 19.4377}, {"bases": [[[-0.169923, -0.959228, -0.225848], [0.830886, -0.0162301, -0.556205], [0.529862, -0.282166, 0.799768]], [[-0.12927, -0.977857, -0.164576], [0.877404, -0.0354677, -0.47844], [0.462009, -0.206247, 0.86256]], [[-0.12927, -0.977857, -0.164576], [0.861, -0.0283554, -0.507814], [0.491903, -0.207345, 0.8456]], [[-0.12927, -0.977857, -0.164576], [0.849173, -0.023463, -0.527593], [0.512049, -0.207955, 0.833403]]], "btipPosition": [114.197, 159.762, -6.43274], "carpPosition": [36.9398, 123.043, 121.534], "dipPosition": [105.116, 156.074, 8.34727], "direction": [0.491903, 0.207345, -0.8456], "extended": true, "handId": 781, "id": 7812, "length": 63.2359, "mcpPosition": [70.8993, 141.128, 70.2762], "pipPosition": [91.9151, 150.509, 31.04], "stabilizedTipPosition": [112.279, 158.856, -3.06421], "timeVisible": 8.039, "tipPosition": [114.378, 160.934, -0.503933], "tipVelocity": [-29.7577, 17.1299, 11.439], "tool": false, "touchDistance": 0.201905, "touchZone": "hovering", "type": 2, "width": 18.2351}, {"bases": [[[-0.152246, -0.986325, -0.063118], [0.83309, -0.0937078, -0.545142], [0.531772, -0.135579, 0.835965]], [[-0.192122, -0.973208, -0.126311], [0.87587, -0.111987, -0.469373], [0.442653, -0.200809, 0.873919]], [[-0.192122, -0.973208, -0.126311], [0.860429, -0.105144, -0.498605], [0.471966, -0.204475, 0.857577]], [[-0.192122, -0.973208, -0.126311], [0.839381, -0.0962724, -0.53495], [0.508457, -0.208799, 0.835389]]], "btipPosition": [109.129, 137.766, -4.16787], "carpPosition": [38.5601, 112.47, 117.935], "dipPosition": [100.163, 134.085, 10.5622], "direction": [0.471966, 0.204475, -0.857577], "extended": true, "handId": 781, "id": 7813, "length": 60.803, "mcpPosition": [69.16, 120.272, 69.8311], "pipPosition": [87.8246, 128.739, 32.982], "stabilizedTipPosition": [107.314, 136.912, -0.782266], "timeVisible": 8.039, "tipPosition": [113.123, 134.657, 3.30159], "tipVelocity": [-31.6984, 6.54304, 6.19141], "tool": false, "touchDistance": 0.207466, "touchZone": "hovering", "type": 3, "width": 17.3519}, {"bases": [[[-0.22522, -0.966255, 0.125007], [0.842955, -0.257584, -0.472311], [0.488573, -0.000998683, 0.872523]], [[-0.327163, -0.942375, -0.0699601], [0.879157, -0.276398, -0.388184], [0.346478, -0.188505, 0.918923]], [[-0.327163, -0.942375, -0.0699601], [0.862953, -0.26778, -0.428493], [0.385067, -0.200559, 0.900832]], [[-0.327163, -0.942375, -0.0699601], [0.846389, -0.259306, -0.465173], [0.420226, -0.211401, 0.882451]]], "btipPosition": [95.8638, 114.321, 11.3186], "carpPosition": [44.3338, 100.837, 119.442], "dipPosition": [89.0281, 110.883, 25.6733], "direction": [0.385067, 0.200559, -0.900832], "extended": true, "handId": 781, "id": 7814, "length": 47.6684, "mcpPosition": [70.3587, 100.89, 72.965], "pipPosition": [81.9204, 107.181, 42.3011], "stabilizedTipPosition": [94.6253, 113.609, 14.6799], "timeVisible": 8.039, "tipPosition": [100.495, 108.238, 18.1155], "tipVelocity": [-29.6437, -6.6108, 0.434291], "tool": false, "touchDistance": 0.197019, "touchZone": "hovering", "type": 4, "width": 15.4133}, {"bases": [[[-0.0979042, -0.900385, -0.423937], [0.848439, 0.147134, -0.508432], [0.52016, -0.409462, 0.749516]], [[0.0378704, -0.974999, -0.218957], [0.910231, 0.124077, -0.395074], [0.412365, -0.18434, 0.892174]], [[0.0378704, -0.974999, -0.218957], [0.894528, 0.130741, -0.427465], [0.445404, -0.179675, 0.877116]], [[0.0378704, -0.974999, -0.218957], [0.876263, 0.137727, -0.46173], [0.480343, -0.174378, 0.859571]]], "btipPosition": [106.668, 174.724, 6.78359], "carpPosition": [36.8896, 132.667, 127.479], "dipPosition": [98.9228, 171.912, 20.6435], "direction": [0.445404, 0.179675, -0.877116], "extended": true, "handId": 781, "id": 7811, "length": 55.4983, "mcpPosition": [72.0437, 160.339, 76.8237], "pipPosition": [88.763, 167.813, 40.6507], "stabilizedTipPosition": [104.995, 174.022, 9.89812], "timeVisible": 8.039, "tipPosition": [104.823, 179.697, 11.9617], "tipVelocity": [-15.7864, 15.3723, 17.5576], "tool": false, "touchDistance": 0.20224, "touchZone": "hovering", "type": 1, "width": 18.5669}], "r": [[0.692555, -0.315104, 0.648904], [0.707386, 0.120423, -0.696494], [0.141325, 0.941386, 0.3063]], "s": 0.921217, "t": [-12.1023, -31.2951, 14.4717], "timestamp": 747289242263}, {"currentFrameRate": 110.873, "devices": [], "gestures": [], "hands": [{"armBasis": [[0.139591, -0.990208, 0.00145893], [0.855145, 0.119808, -0.504354], [0.499241, 0.0716509, 0.863496]], "armWidth": 60.3619, "confidence": 1, "direction": [0.398715, 0.270316, -0.876331], "elbow": [-91.0626, 127.927, 362.966], "grabAngle": 0, "grabStrength": 0, "id": 781, "palmNormal": [0.916529, -0.0845008, 0.390939], "palmPosition": [65.0128, 131.949, 91.301], "palmVelocity": [-45.4804, 3.36124, 3.91702], "palmWidth": 83.5863, "pinchDistance": 61.7367, "pinchStrength": 0, "r": [[0.691595, -0.315656, 0.64966], [0.70843, 0.121116, -0.695311], [0.140795, 0.941112, 0.307384]], "s": 0.920833, "sphereCenter": [-29.8806, 144.737, -10.3029], "sphereRadius": 139.194, "stabilizedPalmPosition": [65.2653, 131.941, 91.2993], "t": [11.7119, -31.2831, 14.4733], "timeVisible": 8.04766, "type": "left", "wrist": [32.7644, 110.156, 148.792]}], "id": 1356744, "interactionBox": {"center": [0, 200, 0], "size": [235.247, 235.247, 147.751]}, "pointables": [{"bases": [[[0.72924, -0.257594, -0.63392], [0.590942, 0.704138, 0.393672], [0.344959, -0.661691, 0.665709]], [[0.648822, -0.124855, -0.750627], [0.629331, 0.642564, 0.437097], [0.427752, -0.755991, 0.495485]], [[0.648822, -0.124855, -0.750627], [0.282728, 0.955385, 0.0854687], [0.706466, -0.267677, 0.655175]], [[0.648822, -0.124855, -0.750627], [-0.0517847, 0.976915, -0.207256], [0.759176, 0.173344, 0.627379]]], "btipPosition": [107.944, 175.038, 87.5949], "carpPosition": [48.8298, 135.587, 145.254], "dipPosition": [91.1767, 178.867, 101.452], "direction": [0.706466, 0.267677, -0.655175], "extended": false, "handId": 781, "id": 7810, "length": 49.1837, "mcpPosition": [48.8298, 135.587, 145.254], "pipPosition": [68.4447, 170.253, 122.533], "stabilizedTipPosition": [104.158, 176.022, 90.7744], "timeVisible": 8.04766, "tipPosition": [109.247, 169.749, 91.8133], "tipVelocity": [-17.4977, -20.5044, 5.0591], "tool": false, "touchDistance": 0.346366, "touchZone": "hovering", "type": 0, "width": 19.4377}, {"bases": [[[-0.17031, -0.958986, -0.226586], [0.831259, -0.016341, -0.555