{"frames": 86, "data": [{"currentFrameRate": 112.598, "devices": [], "gestures": [], "hands": [{"armBasis": [[0.69488, 0.684933, -0.21911], [-0.495251, 0.676717, 0.544776], [0.52141, -0.27004, 0.80945]], "armWidth": 61.4551, "confidence": 1, "direction": [0.614191, 0.162068, -0.772337], "elbow": [-127.387, 68.8129, 354.954], "grabAngle": 0.371718, "grabStrength": 0, "id": 786, "palmNormal": [-0.4995, -0.677851, -0.539461], "palmPosition": [52.4677, 143.089, 90.8465], "palmVelocity": [19.5285, -37.7547, -26.1049], "palmWidth": 86.6968, "pinchDistance": 55.2984, "pinchStrength": 0, "r": [[0.989227, -0.135932, -0.0543397], [0.139373, 0.98807, 0.0655255], [0.0447843, -0.0723931, 0.99637]], "s": 0.999805, "sphereCenter": [-38.1532, 40.0682, -7.00098], "sphereRadius": 169.699, "stabilizedPalmPosition": [52.4077, 143.195, 90.9188], "t": [-25.8436, 19.9759, 1.8893], "timeVisible": 7.44046, "type": "left", "wrist": [6.76335, 138.29, 146.696]}], "id": 1358253, "interactionBox": {"center": [0, 200, 0], "size": [235.247, 235.247, 147.751]}, "pointables": [{"bases": [[[-0.320767, 0.926477, 0.196846], [-0.475382, -0.337234, 0.812579], [0.81922, 0.167071, 0.548604]], [[-0.430161, 0.894782, 0.119693], [-0.488675, -0.342279, 0.802522], [0.759051, 0.286723, 0.584492]], [[-0.430161, 0.894782, 0.119693], [-0.817147, -0.442288, 0.369665], [0.383709, 0.0612084, 0.921423]], [[-0.430161, 0.894782, 0.119693], [-0.9021, -0.431093, -0.0193308], [0.0343022, -0.116291, 0.992623]]], "btipPosition": [77.3047, 102.731, 56.4477], "carpPosition": [27.9356, 115.763, 136.45], "dipPosition": [76.5379, 100.132, 78.6383], "direction": [0.383709, -0.0612084, -0.921423], "extended": false, "handId": 786, "id": 7860, "length": 49.7825, "mcpPosition": [27.9356, 115.763, 136.45], "pipPosition": [64.041, 102.125, 108.648], "stabilizedTipPosition": [77.0741, 102.196, 61.6335], "timeVisible": 7.44046, "tipPosition": [77.5437, 99.4626, 61.165], "tipVelocity": [14.7485, -19.2044, -26.7874], "tool": false, "touchDistance": 0.347835, "touchZone": "hovering", "type": 0, "width": 19.6329}, {"bases": [[[0.673916, 0.609619, -0.417375], [-0.492102, 0.79176, 0.361872], [0.551065, -0.0384807, 0.833575]], [[0.712539, 0.605151, -0.355079], [-0.559606, 0.79543, 0.232664], [0.423237, 0.032922, 0.905421]], [[0.712539, 0.605151, -0.355079], [-0.631913, 0.773421, 0.0500568], [0.304917, 0.188712, 0.933495]], [[0.712539, 0.605151, -0.355079], [-0.654266, 0.75586, -0.0247284], [0.253425, 0.249936, 0.934509]]], "btipPosition": [103.293, 136.571, -8.27063], "carpPosition": [34.342, 145.141, 130.961], "dipPosition": [98.7438, 141.057, 8.50426], "direction": [0.304917, -0.188712, -0.933495], "extended": true, "handId": 786, "id": 7862, "length": 64.0058, "mcpPosition": [70.9747, 147.699, 75.5481], "pipPosition": [90.4613, 146.183, 33.8608], "stabilizedTipPosition": [102.239, 137.703, -4.37398], "timeVisible": 7.44046, "tipPosition": [101.519, 135.591, -2.21611], "tipVelocity": [2.83177, -58.8164, -21.9055], "tool": false, "touchDistance": 0.299929, "touchZone": "hovering", "type": 2, "width": 18.4183}, {"bases": [[[0.499161, 0.734145, -0.460293], [-0.599006, 0.67619, 0.428904], [0.626123, 0.0616261, 0.777285]], [[0.649706, 0.723509, -0.233273], [-0.603965, 0.677634, 0.41957], [0.461637, -0.131708, 0.877237]], [[0.649706, 0.723509, -0.233273], [-0.637326, 0.685688, 0.351634], [0.414363, -0.0797876, 0.906607]], [[0.649706, 0.723509, -0.233273], [-0.672331, 0.690101, 0.267827], [0.354758, -0.0171721, 0.934801]]], "btipPosition": [117.005, 138.765, 9.36917], "carpPosition": [38.8134, 135.557, 136.044], "dipPosition": [111.215, 138.484, 24.6256], "direction": [0.414363, 0.0797876, -0.906607], "extended": true, "handId": 786, "id": 7861, "length": 56.174, "mcpPosition": [82.7036, 131.237, 81.5578], "pipPosition": [101.648, 136.642, 45.5574], "stabilizedTipPosition": [115.642, 138.717, 12.8911], "timeVisible": 7.44046, "tipPosition": [108.8, 129.918, 11.1712], "tipVelocity": [31.9376, -18.7177, -13.9149], "tool": false, "touchDistance": 0.363628, "touchZone": "hovering", "type": 1, "width": 18.7534}, {"bases": [[[0.782831, 0.535879, -0.316242], [-0.424878, 0.831661, 0.357516], [0.454592, -0.14551, 0.878734]], [[0.735407, 0.547402, -0.399408], [-0.506794, 0.835578, 0.212059], [0.449819, 0.046468, 0.89191]], [[0.735407, 0.547402, -0.399408], [-0.579764, 0.813409, 0.0473184], [0.350785, 0.196764, 0.915551]], [[0.735407, 0.547402, -0.399408], [-0.598258, 0.801296, -0.00333458], [0.318219, 0.241402, 0.916767]]], "btipPosition": [88.6351, 150.139, -5.34308], "carpPosition": [27.3437, 152.952, 125.758], "dipPosition": [82.9558, 154.447, 11.0187], "direction": [0.350785, -0.196764, -0.915551], "extended": true, "handId": 786, "id": 7863, "length": 61.5433, "mcpPosition": [54.4758, 161.637, 73.3112], "pipPosition": [73.6735, 159.654, 35.2456], "stabilizedTipPosition": [87.3121, 151.236, -1.53263], "timeVisible": 7.44046, "tipPosition": [87.9249, 153.111, 0.386403], "tipVelocity": [6.146, -51.9095, -22.515], "tool": false, "touchDistance": 0.315997, "touchZone": "hovering", "type": 3, "width": 17.5262}, {"bases": [[[0.889553, 0.370606, -0.267109], [-0.256105, 0.888741, 0.380197], [0.378293, -0.269797, 0.885496]], [[0.77225, 0.424678, -0.472524], [-0.355077, 0.90526, 0.233292], [0.526831, -0.0123771, 0.84988]], [[0.77225, 0.424678, -0.472524], [-0.45512, 0.888734, 0.0549388], [0.443279, 0.172628, 0.879604]], [[0.77225, 0.424678, -0.472524], [-0.496019, 0.867767, -0.0307479], [0.396983, 0.258126, 0.880781]]], "btipPosition": [69.0106, 163.733, 11.2762], "carpPosition": [15.498, 155.884, 119.84], "dipPosition": [62.4743, 167.983, 25.7782], "direction": [0.443279, -0.172628, -0.879604], "extended": true, "handId": 786, "id": 7864, "length": 48.2488, "mcpPosition": [36.3984, 170.791, 70.9171], "pipPosition": [54.1926, 171.209, 42.2118], "stabilizedTipPosition": [67.4682, 164.815, 14.6627], "timeVisible": 7.44046, "tipPosition": [67.3213, 167.832, 15.9879], "tipVelocity": [14.3778, -45.2978, -21.8041], "tool": false, "touchDistance": 0.321351, "touchZone": "hovering", "type": 4, "width": 15.5681}], "r": [[0.989227, -0.135932, -0.0543397], [0.139373, 0.98807, 0.0655255], [0.0447843, -0.0723931, 0.99637]], "s": 0.999805, "t": [25.8436, 19.9759, 1.8893], "timestamp": 747302562324}, {"currentFrameRate": 112.685, "devices": [], "gestures": [], "hands": [{"armBasis": [[0.692608, 0.687232, -0.219101], [-0.49935, 0.67602, 0.541892], [0.520523, -0.26591, 0.811386]], "armWidth": 61.4966, "confidence": 1, "direction": [0.614238, 0.160584, -0.772609], "elbow": [-126.998, 69.73, 355.273], "grabAngle": 0.373721, "grabStrength": 0, "id": 786, "palmNormal": [-0.501436, -0.676569, -0.539274], "palmPosition": [52.5858, 142.797, 90.6529], "palmVelocity": [13.5362, -33.4714, -22.1921], "palmWidth": 86.6855, "pinchDistance": 55.248, "pinchStrength": 0, "r": [[0.989346, -0.134662, -0.0553174], [0.138125, 0.988315, 0.0644523], [0.0459918, -0.0714064, 0.996386]], "s": 0.99957, "sphereCenter": [-37.345, 41.0175, -6.47883], "sphereRadius": 168.156, "stabilizedPalmPosition": [52.5331, 142.915, 90.7316], "t": [-25.6543, 19.6448, 1.67541], "timeVisible": 7.44919, "type": "left", "wrist": [6.91191, 138.138, 146.535]}], "id": 1358254, "interactionBox": {"center": [0, 200, 0], "size": [235.247, 235.247, 147.751]}, "pointables": [{"bases": [[[-0.323166, 0.925662, 0.196756], [-0.474912, -0.33847, 0.81234], [0.818549, 0.169079, 0.54899]], [[-0.431481, 0.894069, 0.12027], [-0.488085, -0.343486, 0.802365], [0.758681, 0.287503, 0.584589]], [[-0.431481, 0.894069, 0.12027], [-0.816637, -0.443754, 0.369033], [0.383312, 0.0610138, 0.921602]], [[-0.431481, 0.894069, 0.12027], [-0.901507, -0.432261, -0.0208799], [0.0333199, -0.117433, 0.992522]]], "btipPosition": [77.3143, 102.496, 56.2853], "carpPosition": [28.0087, 115.532, 136.262], "dipPosition": [76.5698, 99.872, 78.4603], "direction": [0.383312, -0.0610138, -0.921602], "extended": false, "handId": 786, "id": 7860, "length": 49.7527, "mcpPosition": [28.0087, 115.532, 136.262], "pipPosition": [64.0933, 101.858, 108.458], "stabilizedTipPosition": [77.119, 101.998, 61.4718], "timeVisible": 7.44919, "tipPosition": [77.5362, 99.1319, 60.9605], "tipVelocity": [1.68193, -27.6462, -19.0271], "tool": false, "touchDistance": 0.343895, "touchZone": "hovering", "type": 0, "width": 19.6527}, {"bases": [[[0.672586, 0.611324, -0.417027], [-0.494241, 0.790508, 0.361695], [0.550776, -0.0371591, 0.833825]], [[0.711005, 0.606979, -0.355033], [-0.562491, 0.793922, 0.230851], [0.42199, 0.0355662, 0.905903]], [[0.711005, 0.606979, -0.355033], [-0.635208, 0.770971, 0.0459869], [0.301633, 0.192823, 0.933722]], [[0.711005, 0.606979, -0.355033], [-0.657988, 0.752373, -0.0314288], [0.24804, 0.255953, 0.934325]]], "btipPosition": [103.151, 135.899, -8.44582], "carpPosition": [34.4869, 144.892, 130.77], "dipPosition": [98.7015, 140.491, 8.3157], "direction": [0.301633, -0.192823, -0.933722], "extended": true, "handId": 786, "id": 7862, "length": 63.9674, "mcpPosition": [71.0956, 147.362, 75.3476], "pipPosition": [90.5131, 145.725, 33.6632], "stabilizedTipPosition": [102.146, 137.079, -4.55475], "timeVisible": 7.44919, "tipPosition": [101.586, 135.217, -2.475], "tipVelocity": [-13.6209, -74.2701, -20.4338], "tool": false, "touchDistance": 0.296958, "touchZone": "hovering", "type": 2, "width": 18.4368}, {"bases": [[[0.49754, 0.735417, -0.460018], [-0.600888, 0.674667, 0.428671], [0.62561, 0.0631382, 0.777577]], [[0.648194, 0.725087, -0.23258], [-0.605354, 0.675963, 0.420262], [0.461942, -0.131618, 0.87709]], [[0.648194, 0.725087, -0.23258], [-0.638432, 0.683957, 0.352997], [0.415028, -0.0803244, 0.906256]], [[0.648194, 0.725087, -0.23258], [-0.671761, 0.688331, 0.273746], [0.358581, -0.0212023, 0.933258]]], "btipPosition": [117.156, 138.469, 9.24442], "carpPosition": [38.9366, 135.297, 135.85], "dipPosition": [111.308, 138.123, 24.4665], "direction": [0.415028, 0.0803244, -0.906256], "extended": true, "handId": 786, "id": 7861, "length": 56.1403, "mcpPosition": [82.7851, 130.871, 81.3504], "pipPosition": [101.731, 136.27, 45.3776], "stabilizedTipPosition": [115.79, 138.43, 12.7636], "timeVisible": 7.44919, "tipPosition": [108.929, 129.593, 10.9716], "tipVelocity": [15.7746, -35.6389, -15.205], "tool": false, "touchDistance": 0.358609, "touchZone": "hovering", "type": 1, "width": 18.7722}, {"bases": [[[0.781637, 0.537849, -0.315849], [-0.427115, 0.830577, 0.357372], [0.45455, -0.144432, 0.878934]], [[0.734266, 0.549253, -0.398967], [-0.509655, 0.834232, 0.210498], [0.448448, 0.0487739, 0.892477]], [[0.734266, 0.549253, -0.398967], [-0.583251, 0.811139, 0.0432589], [0.347378, 0.200935, 0.915944]], [[0.734266, 0.549253, -0.398967], [-0.60157, 0.798785, -0.0074627], [0.31459, 0.245486, 0.916935]]], "btipPosition": [88.5575, 149.567, -5.52525], "carpPosition": [27.5059, 152.72, 125.571], "dipPosition": [82.9463, 153.945, 10.8297], "direction": [0.347378, -0.200935, -0.915944], "extended": true, "handId": 786, "id": 7863, "length": 61.5064, "mcpPosition": [54.6319, 161.34, 73.1194], "pipPosition": [73.7596, 159.259, 35.0524], "stabilizedTipPosition": [87.2758, 150.705, -1.71783], "timeVisible": 7.44919, "tipPosition": [88.0142, 152.702, 0.146273], "tipVelocity": [-7.10606, -63.7334, -21.0619], "tool": false, "touchDistance": 0.312934, "touchZone": "hovering", "type": 3, "width": 17.5438}, {"bases": [[[0.888748, 0.37284, -0.266677], [-0.258495, 0.888076, 0.380134], [0.378558, -0.268909, 0.885653]], [[0.771531, 0.426595, -0.47197], [-0.357758, 0.90438, 0.232605], [0.526069, -0.010611, 0.850376]], [[0.771531, 0.426595, -0.47197], [-0.45886, 0.887007, 0.0516306], [0.440666, 0.176734, 0.880101]], [[0.771531, 0.426595, -0.47197], [-0.499453, 0.865673, -0.0340092], [0.394064, 0.261966, 0.880958]]], "btipPosition": [69.048, 163.285, 11.1003], "carpPosition": [15.6656, 155.682, 119.66], "dipPosition": [62.5636, 167.596, 25.5965], "direction": [0.440666, -0.176734, -0.880101], "extended": true, "handId": 786, "id": 7864, "length": 48.2198, "mcpPosition": [36.5779, 170.537, 70.7344], "pipPosition": [54.3356, 170.896, 42.0295], "stabilizedTipPosition": [67.5365, 164.399, 14.4862], "timeVisible": 7.44919, "tipPosition": [67.4675, 167.477, 15.7764], "tipVelocity": [5.65133, -49.8001, -20.3136], "tool": false, "touchDistance": 0.318398, "touchZone": "hovering", "type": 4, "width": 15.5838}], "r": [[0.989346, -0.134662, -0.0553174], [0.138125, 0.988315, 0.0644523], [0.0459918, -0.0714064, 0.996386]], "s": 0.99957, "t": [25.6543, 19.6448, 1.67541], "timestamp": 747302571048}, {"currentFrameRate": 112.818, "devices": [], "gestures": [], "hands": [{"armBasis": [[0.690771, 0.689323, -0.218334], [-0.50344, 0.675241, 0.539071], [0.519022, -0.262457, 0.81347]], "armWidth": 61.5317, "confidence": 1, "direction": [0.613893, 0.160138, -0.772976], "elbow": [-126.462, 70.5248, 355.733], "grabAngle": 0.378733, "grabStrength": 0, "id": 786, "palmNormal": [-0.503132, -0.675161, -0.539458], "palmPosition": [52.6603, 142.626, 90.5593], "palmVelocity": [8.62328, -19.8075, -10.8418], "palmWidth": 86.6773, "pinchDistance": 55.1839, "pinchStrength": 0, "r": [[0.989499, -0.133271, -0.0559601], [0.136751, 0.988549, 0.0637934], [0.0468175, -0.0707761, 0.996393]], "s": 0.999001, "sphereCenter": [-36.4631, 42.2424, -5.75448], "sphereRadius": 166.371, "stabilizedPalmPosition": [52.6196, 142.718, 90.6144], "t": [-25.5225, 19.3938, 1.52168], "timeVisible": 7.45782, "type": "left", "wrist": [7.04414, 138.036, 146.487]}], "id": 1358255, "interactionBox": {"center": [0, 200, 0], "size": [235.247, 235.247, 147.751]}, "pointables": [{"bases": [[[-0.325039, 0.924888, 0.19731], [-0.47496, -0.34007, 0.811644], [0.817779, 0.170102, 0.549821]], [[-0.432761, 0.893344, 0.121057], [-0.488345, -0.345177, 0.801481], [0.757784, 0.287733, 0.585639]], [[-0.432761, 0.893344, 0.121057], [-0.816434, -0.445317, 0.367598], [0.3823, 0.0602477, 0.922072]], [[-0.432761, 0.893344, 0.121057], [-0.900942, -0.433332, -0.0229561], [0.03195, -0.118999, 0.99238]]], "btipPosition": [77.2591, 102.383, 56.161], "carpPosition": [28.0738, 115.37, 136.159], "dipPosition": [76.5457, 99.7266, 78.317], "direction": [0.3823, -0.0602477, -0.922072], "extended": false, "handId": 786, "id": 7860, "length": 49.7169, "mcpPosition": [28.0738, 115.37, 136.159], "pipPosition": [64.1111, 101.686, 108.308], "stabilizedTipPosition": [77.1054, 101.869, 61.3494], "timeVisible": 7.45782, "tipPosition": [77.5032, 98.9558, 60.8097], "tipVelocity": [-5.56644, -13.8909, -14.9051], "tool": false, "touchDistance": 0.340909, "touchZone": "hovering", "type": 0, "width": 19.6698}, {"bases": [[[0.671801, 0.612936, -0.415925], [-0.496, 0.789271, 0.361987], [0.550152, -0.0368844, 0.834249]], [[0.709781, 0.608671, -0.354584], [-0.565318, 0.792509, 0.228789], [0.420269, 0.0380629, 0.906601]], [[0.709781, 0.608671, -0.354584], [-0.63858, 0.768469, 0.0408719], [0.297365, 0.197421, 0.93413]], [[0.709781, 0.608671, -0.354584], [-0.662264, 0.748123, -0.0414619], [0.240036, 0.264257, 0.934104]]], "btipPosition": [102.857, 135.327, -8.52765], "carpPosition": [34.5995, 144.718, 130.69], "dipPosition": [98.5544, 140.064, 8.21784], "direction": [0.297365, -0.197421, -0.93413], "extended": true, "handId": 786, "id": 7862, "length": 63.9214, "mcpPosition": [71.1633, 147.169, 75.2447], "pipPosition": [90.4877, 145.419, 33.5581], "stabilizedTipPosition": [101.912, 136.52, -4.65709], "timeVisible": 7.45782, "tipPosition": [101.578, 135.078, -2.6745], "tipVelocity": [-30.1242, -62.4197, -9.9068], "tool": false, "touchDistance": 0.295533, "touchZone": "hovering", "type": 2, "width": 18.4529}, {"bases": [[[0.496562, 0.736744, -0.45895], [-0.602488, 0.673174, 0.428771], [0.624847, 0.063601, 0.778152]], [[0.646979, 0.726509, -0.231522], [-0.607112, 0.674514, 0.420054], [0.461338, -0.131207, 0.877469]], [[0.646979, 0.726509, -0.231522], [-0.640596, 0.682569, 0.351761], [0.413587, -0.07927, 0.907007]], [[0.646979, 0.726509, -0.231522], [-0.6723, 0.686767, 0.276338], [0.359764, -0.0231329, 0.932757]]], "btipPosition": [117.133, 138.237, 9.14353], "carpPosition": [39.0348, 135.112, 135.757], "dipPosition": [111.27, 137.86, 24.3465], "direction": [0.413587, 0.07927, -0.907007], "extended": true, "handId": 786, "id": 7861, "length": 56.0999, "mcpPosition": [82.8258, 130.654, 81.2224], "pipPosition": [101.733, 136.032, 45.2599], "stabilizedTipPosition": [115.786, 138.194, 12.6597], "timeVisible": 7.45782, "tipPosition": [108.938, 129.422, 10.8263], "tipVelocity": [-3.03901, -27.7152, -12.1975], "tool": false, "touchDistance": 0.354502, "touchZone": "hovering", "type": 1, "width": 18.7886}, {"bases": [[[0.780904, 0.539573, -0.314721], [-0.428945, 0.829468, 0.357756], [0.454086, -0.144375, 0.879182]], [[0.733493, 0.550978, -0.39801], [-0.51244, 0.832969, 0.208729], [0.446535, 0.0508549, 0.89332]], [[0.733493, 0.550978, -0.39801], [-0.586953, 0.808735, 0.0378618], [0.342746, 0.205842, 0.916599]], [[0.733493, 0.550978, -0.39801], [-0.60511, 0.796033, -0.0131824], [0.309566, 0.250509, 0.917286]]], "btipPosition": [88.3334, 149.106, -5.60467], "carpPosition": [27.63, 152.563, 125.505], "dipPosition": [82.8158, 153.571, 10.7448], "direction": [0.342746, -0.205842, -0.916599], "extended": true, "handId": 786, "id": 7863, "length": 61.4621, "mcpPosition": [54.7258, 161.178, 73.0429], "pipPosition": [73.7582, 159.01, 34.9674], "stabilizedTipPosition": [87.1043, 150.241, -1.82043], "timeVisible": 7.45782, "tipPosition": [88.0091, 152.489, -0.0119223], "tipVelocity": [-23.4613, -51.1086, -9.34618], "tool": false, "touchDistance": 0.31159, "touchZone": "hovering", "type": 3, "width": 17.5591}, {"bases": [[[0.888279, 0.374718, -0.265607], [-0.26045, 0.887258, 0.380709], [0.37832, -0.268998, 0.885728]], [[0.771212, 0.428416, -0.470841], [-0.360472, 0.903537, 0.231692], [0.524683, -0.00895866, 0.85125]], [[0.771212, 0.428416, -0.470841], [-0.463349, 0.884966, 0.0462881], [0.436509, 0.182466, 0.881003]], [[0.771212, 0.428416, -0.470841], [-0.503039, 0.863413, -0.0383342], [0.390108, 0.266415, 0.881385]]], "btipPosition": [68.9465, 162.927, 11.0369], "carpPosition": [15.792, 155.551, 119.606], "dipPosition": [62.5319, 167.308, 25.5296], "direction": [0.436509, -0.182466, -0.881003], "extended": true, "handId": 786, "id": 7864, "length": 48.1851, "mcpPosition": [36.6892, 170.41, 70.6814], "pipPosition": [54.3874, 170.712, 41.9676], "stabilizedTipPosition": [67.4853, 164.035, 14.3953], "timeVisible": 7.45782, "tipPosition": [67.5245, 167.289, 15.6706], "tipVelocity": [-9.89208, -39.6064, -7.43919], "tool": false, "touchDistance": 0.317327, "touchZone": "hovering", "type": 4, "width": 15.5974}], "r": [[0.989499, -0.133271, -0.0559601], [0.136751, 0.988549, 0.0637934], [0.0468175, -0.0707761, 0.996393]], "s": 0.999001, "t": [25.5225, 19.3938, 1.52168], "timestamp": 747302579680}, {"currentFrameRate": 112.923, "devices": [], "gestures": [], "hands": [{"armBasis": [[0.68992, 0.690186, -0.218295], [-0.506152, 0.675535, 0.536156], [0.517514, -0.259415, 0.815404]], "armWidth": 61.5515, "confidence": 1, "direction": [0.612983, 0.158769, -0.773979], "elbow": [-125.958, 71.2773, 356.246], "grabAngle": 0.383066, "grabStrength": 0, "id": 786, "palmNormal": [-0.504595, -0.675133, -0.538126], "palmPosition": [52.6798, 142.471, 90.5225], "palmVelocity": [2.25112, -17.8715, -4.23767], "palmWidth": 86.668, "pinchDistance": 55.1145, "pinchStrength": 0, "r": [[0.989662, -0.13196, -0.0561745], [0.135425, 0.988775, 0.0631203], [0.0472146, -0.0700752, 0.996424]], "s": 0.998197, "sphereCenter": [-35.9849, 42.7706, -4.9798], "sphereRadius": 165.205, "stabilizedPalmPosition": [52.6617, 142.545, 90.5501], "t": [-25.4468, 19.1907, 1.42643], "timeVisible": 7.46649, "type": "left", "wrist": [7.14807, 137.999, 146.522]}], "id": 1358256, "interactionBox": {"center": [0, 200, 0], "size": [235.247, 235.247, 147.751]}, "pointables": [{"bases": [[[-0.326288, 0.924729, 0.195993], [-0.475732, -0.339813, 0.811299], [0.816832, 0.171477, 0.5508]], [[-0.433637, 0.893089, 0.119793], [-0.489447, -0.345071, 0.800855], [0.756572, 0.288647, 0.586755]], [[-0.433637, 0.893089, 0.119793], [-0.816698, -0.44571, 0.366533], [0.38074, 0.061107, 0.922661]], [[-0.433637, 0.893089, 0.119793], [-0.900586, -0.433984, -0.0245492], [0.0300638, -0.11853, 0.992495]]], "btipPosition": [77.1538, 102.218, 56.1398], "carpPosition": [28.1306, 115.286, 136.177], "dipPosition": [76.483, 99.5737, 78.2846], "direction": [0.38074, -0.061107, -0.922661], "extended": false, "handId": 786, "id": 7860, "length": 49.686, "mcpPosition": [28.1306, 115.286, 136.177], "pipPosition": [64.1068, 101.56, 108.276], "stabilizedTipPosition": [77.0412, 101.712, 61.2789], "timeVisible": 7.46649, "tipPosition": [77.4336, 98.7575, 60.7809], "tipVelocity": [-11.0116, -18.6985, -2.74516], "tool": false, "touchDistance": 0.339794, "touchZone": "hovering", "type": 0, "width": 19.6797}, {"bases": [[[0.671734, 0.613256, -0.415561], [-0.497336, 0.789085, 0.360558], [0.549027, -0.0355255, 0.835049]], [[0.709202, 0.609157, -0.35491], [-0.56757, 0.791949, 0.225127], [0.418208, 0.0417756, 0.90739]], [[0.709202, 0.609157, -0.35491], [-0.641068, 0.76669, 0.034905], [0.293368, 0.202766, 0.934249]], [[0.709202, 0.609157, -0.35491], [-0.665524, 0.744567, -0.051935], [0.232618, 0.273033, 0.933457]]], "btipPosition": [102.503, 134.672, -8.56889], "carpPosition": [34.6794, 144.619, 130.672], "dipPosition": [98.3355, 139.563, 8.15462], "direction": [0.293368, -0.202766, -0.934249], "extended": true, "handId": 786, "id": 7862, "length": 63.8817, "mcpPosition": [71.1645, 146.98, 75.1794], "pipPosition": [90.3822, 145.06, 33.4824], "stabilizedTipPosition": [101.596, 135.899, -4.71325], "timeVisible": 7.46649, "tipPosition": [101.462, 134.81, -2.821], "tipVelocity": [-37.2646, -71.3847, -5.33702], "tool": false, "touchDistance": 0.294761, "touchZone": "hovering", "type": 2, "width": 18.4622}, {"bases": [[[0.496424, 0.736838, -0.458946], [-0.603794, 0.672938, 0.427302], [0.623695, 0.0649862, 0.778962]], [[0.646395, 0.727016, -0.231564], [-0.609022, 0.674435, 0.417408], [0.459637, -0.128783, 0.87872]], [[0.646395, 0.727016, -0.231564], [-0.642902, 0.682404, 0.347853], [0.410914, -0.0759774, 0.908502]], [[0.646395, 0.727016, -0.231564], [-0.672981, 0.68625, 0.275965], [0.359542, -0.0225444, 0.932857]]], "btipPosition": [116.968, 137.853, 9.03423], "carpPosition": [39.1113, 135.014, 135.741], "dipPosition": [111.112, 137.486, 24.2294], "direction": [0.410914, 0.0759774, -0.908503], "extended": true, "handId": 786, "id": 7861, "length": 56.0651, "mcpPosition": [82.8168, 130.46, 81.1557], "pipPosition": [101.643, 135.735, 45.1642], "stabilizedTipPosition": [115.647, 137.836, 12.5498], "timeVisible": 7.46649, "tipPosition": [108.883, 129.197, 10.737], "tipVelocity": [-18.8458, -43.9914, -12.8079], "tool": false, "touchDistance": 0.350719, "touchZone": "hovering", "type": 1, "width": 18.798}, {"bases": [[[0.780773, 0.540103, -0.314138], [-0.430317, 0.829348, 0.356382], [0.453013, -0.143075, 0.879948]], [[0.733293, 0.551409, -0.39778], [-0.514605, 0.832477, 0.205338], [0.444368, 0.0541266, 0.894208]], [[0.733293, 0.551409, -0.39778], [-0.589533, 0.807109, 0.0320456], [0.338722, 0.211006, 0.916921]], [[0.733293, 0.551409, -0.39778], [-0.60766, 0.793956, -0.0196039], [0.30501, 0.25609, 0.917271]]], "btipPosition": [88.0473, 148.563, -5.65723], "carpPosition": [27.7114, 152.466, 125.489], "dipPosition": [82.6143, 153.124, 10.6819], "direction": [0.338722, -0.211006, -0.916921], "extended": true, "handId": 786, "id": 7863, "length": 61.424, "mcpPosition": [54.7402, 161.003, 72.9876], "pipPosition": [73.6686, 158.697, 34.8979], "stabilizedTipPosition": [86.85, 149.719, -1.8858], "timeVisible": 7.46649, "tipPosition": [87.8912, 152.162, -0.141669], "tipVelocity": [-30.7405, -60.0359, -6.33585], "tool": false, "touchDistance": 0.310674, "touchZone": "hovering", "type": 3, "width": 17.5679}, {"bases": [[[0.888253, 0.375407, -0.264719], [-0.261915, 0.887338, 0.379516], [0.377368, -0.267772, 0.886505]], [[0.771383, 0.4288, -0.470212], [-0.362521, 0.903378, 0.229101], [0.523017, -0.00626288, 0.852299]], [[0.771383, 0.4288, -0.470212], [-0.466257, 0.8837, 0.040977], [0.433097, 0.18763, 0.881602]], [[0.771383, 0.4288, -0.470212], [-0.505336, 0.861848, -0.0430596], [0.386787, 0.27083, 0.881502]]], "btipPosition": [68.7748, 162.513, 10.9868], "carpPosition": [15.8694, 155.461, 119.605], "dipPosition": [62.4187, 166.963, 25.4725], "direction": [0.433097, -0.18763, -0.881602], "extended": true, "handId": 786, "id": 7864, "length": 48.1553, "mcpPosition": [36.7118, 170.251, 70.6428], "pipPosition": [54.3429, 170.462, 41.9115], "stabilizedTipPosition": [67.3468, 163.634, 14.3336], "timeVisible": 7.46649, "tipPosition": [67.4638, 167.006, 15.5747], "tipVelocity": [-18.2462, -45.9304, -5.95729], "tool": false, "touchDistance": 0.316466, "touchZone": "hovering", "type": 4, "width": 15.6052}], "r": [[0.989662, -0.13196, -0.0561745], [0.135425, 0.988775, 0.0631203], [0.0472146, -0.0700752, 0.996424]], "s": 0.998197, "t": [25.4468, 19.1907, 1.42643], "timestamp": 747302588354}, {"currentFrameRate": 113.023, "devices": [], "gestures": [], "hands": [{"armBasis": [[0.688903, 0.691492, -0.217372], [-0.509854, 0.675424, 0.532777], [0.515229, -0.256204, 0.817862]], "armWidth": 61.5688, "confidence": 1, "direction": [0.612235, 0.157123, -0.774907], "elbow": [-125.354, 71.9544, 356.711], "grabAngle": 0.386706, "grabStrength": 0, "id": 786, "palmNormal": [-0.506541, -0.674582, -0.536986], "palmPosition": [52.593, 142.176, 90.3032], "palmVelocity": [-10.0094, -34.0212, -25.2821], "palmWidth": 86.6587, "pinchDistance": 55.0638, "pinchStrength": 0, "r": [[0.989854, -0.130559, -0.056064], [0.133987, 0.989011, 0.0624823], [0.0472903, -0.0693602, 0.99647]], "s": 0.997346, "sphereCenter": [-35.81, 43.2555, -4.51906], "sphereRadius": 164.167, "stabilizedPalmPosition": [52.6172, 142.306, 90.3901], "t": [-25.4523, 18.9417, 1.26916], "timeVisible": 7.47517, "type": "left", "wrist": [7.15004, 137.844, 146.378]}], "id": 1358257, "interactionBox": {"center": [0, 200, 0], "size": [235.247, 235.247, 147.751]}, "pointables": [{"bases": [[[-0.328231, 0.924267, 0.194921], [-0.476199, -0.340122, 0.810896], [0.815781, 0.17334, 0.551773]], [[-0.435494, 0.892352, 0.118544], [-0.490468, -0.345637, 0.799985], [0.754842, 0.290246, 0.588193]], [[-0.435494, 0.892352, 0.118544], [-0.816468, -0.44701, 0.36546], [0.37911, 0.062368, 0.923247]], [[-0.435494, 0.892352, 0.118544], [-0.899736, -0.435672, -0.0257847], [0.0286374, -0.117888, 0.992614]]], "btipPosition": [76.9032, 101.872, 55.9089], "carpPosition": [28.0581, 115.069, 136.005], "dipPosition": [76.2646, 99.2431, 78.044], "direction": [0.37911, -0.062368, -0.923247], "extended": false, "handId": 786, "id": 7860, "length": 49.6585, "mcpPosition": [28.0581, 115.069, 136.005], "pipPosition": [63.9482, 101.269, 108.038], "stabilizedTipPosition": [76.8731, 101.45, 61.1143], "timeVisible": 7.47517, "tipPosition": [77.2259, 98.406, 60.56], "tipVelocity": [-28.034, -39.5198, -26.8762], "tool": false, "touchDistance": 0.335651, "touchZone": "hovering", "type": 0, "width": 19.6885}, {"bases": [[[0.671173, 0.614192, -0.415084], [-0.499252, 0.788426, 0.35935], [0.547973, -0.0339547, 0.835806]], [[0.708157, 0.610267, -0.355088], [-0.570189, 0.790908, 0.222147], [0.416411, 0.0451525, 0.908055]], [[0.708157, 0.610267, -0.355088], [-0.643893, 0.764534, 0.0298281], [0.28968, 0.207516, 0.934357]], [[0.708157, 0.610267, -0.355088], [-0.66877, 0.74103, -0.0601761], [0.226408, 0.280086, 0.932894]]], "btipPosition": [102.091, 133.929, -8.79126], "carpPosition": [34.6522, 144.384, 130.471], "dipPosition": [98.0369, 138.944, 7.91289], "direction": [0.28968, -0.207516, -0.934357], "extended": true, "handId": 786, "id": 7862, "length": 63.8463, "mcpPosition": [71.0633, 146.64, 74.934], "pipPosition": [90.1879, 144.567, 33.2296], "stabilizedTipPosition": [101.222, 135.202, -4.9148], "timeVisible": 7.47517, "tipPosition": [101.234, 134.377, -3.13802], "tipVelocity": [-44.5108, -82.3786, -26.1503], "tool": false, "touchDistance": 0.290981, "touchZone": "hovering", "type": 2, "width": 18.4704}, {"bases": [[[0.495697, 0.737426, -0.458789], [-0.605588, 0.672131, 0.426031], [0.622533, 0.0666542, 0.77975]], [[0.645175, 0.728092, -0.231585], [-0.611288, 0.67374, 0.415212], [0.458341, -0.126319, 0.879754]], [[0.645175, 0.728092, -0.231585], [-0.645511, 0.681601, 0.34458], [0.408735, -0.0728239, 0.909743]], [[0.645175, 0.728092, -0.231585], [-0.674358, 0.685143, 0.275355], [0.359152, -0.0214807, 0.933032]]], "btipPosition": [116.715, 137.303, 8.75013], "carpPosition": [39.0729, 134.775, 135.541], "dipPosition": [110.868, 136.953, 23.9397], "direction": [0.408735, 0.0728239, -0.909743], "extended": true, "handId": 786, "id": 7861, "length": 56.0341, "mcpPosition": [82.6923, 130.105, 80.9054], "pipPosition": [101.455, 135.276, 44.8915], "stabilizedTipPosition": [115.423, 137.34, 12.3022], "timeVisible": 7.47517, "tipPosition": [108.709, 128.8, 10.4635], "tipVelocity": [-28.9173, -62.9347, -32.9006], "tool": false, "touchDistance": 0.3447, "touchZone": "hovering", "type": 1, "width": 18.8065}, {"bases": [[[0.780209, 0.541307, -0.313465], [-0.432301, 0.828808, 0.355237], [0.452094, -0.141648, 0.880651]], [[0.732711, 0.552488, -0.397355], [-0.517204, 0.83156, 0.202504], [0.442306, 0.0571364, 0.895042]], [[0.732711, 0.552488, -0.397355], [-0.59245, 0.805153, 0.0270367], [0.334869, 0.215603, 0.917267]], [[0.732711, 0.552488, -0.397355], [-0.610555, 0.791572, -0.0252311], [0.300595, 0.261094, 0.917318]]], "btipPosition": [87.6839, 147.918, -5.89202], "carpPosition": [27.6923, 152.239, 125.293], "dipPosition": [82.3325, 152.566, 10.4388], "direction": [0.334869, -0.215603, -0.917267], "extended": true, "handId": 786, "id": 7863, "length": 61.3899, "mcpPosition": [54.6634, 160.69, 72.7547], "pipPosition": [73.4935, 158.257, 34.6506], "stabilizedTipPosition": [86.5244, 149.119, -2.09102], "timeVisible": 7.47517, "tipPosition": [87.6799, 151.695, -0.443199], "tipVelocity": [-39.7294, -72.0125, -27.287], "tool": false, "touchDistance": 0.306729, "touchZone": "hovering", "type": 3, "width": 17.5758}, {"bases": [[[0.887922, 0.376841, -0.263789], [-0.264036, 0.887119, 0.378556], [0.376668, -0.266478, 0.887193]], [[0.771409, 0.429828, -0.469228], [-0.365103, 0.902903, 0.22686], [0.521179, -0.00368551, 0.85344]], [[0.771409, 0.429828, -0.469228], [-0.469507, 0.882185, 0.0362425], [0.429524, 0.192348, 0.882333]], [[0.771409, 0.429828, -0.469228], [-0.507961, 0.860085, -0.0472197], [0.38328, 0.274775, 0.881813]]], "btipPosition": [68.5097, 161.995, 10.7478], "carpPosition": [15.8492, 155.252, 119.423], "dipPosition": [62.2148, 166.507, 25.2306], "direction": [0.429524, -0.192348, -0.882333], "extended": true, "handId": 786, "id": 7864, "length": 48.1286, "mcpPosition": [36.6507, 169.968, 70.4279], "pipPosition": [54.21, 170.092, 41.6741], "stabilizedTipPosition": [67.1237, 163.163, 14.1341], "timeVisible": 7.47517, "tipPosition": [67.3184, 166.593, 15.3054], "tipVelocity": [-28.9383, -58.0607, -27.6282], "tool": false, "touchDistance": 0.312472, "touchZone": "hovering", "type": 4, "width": 15.6122}], "r": [[0.989854, -0.130559, -0.056064], [0.133987, 0.989011, 0.0624823], [0.0472903, -0.0693602, 0.99647]], "s": 0.997346, "t": [25.4523, 18.9417, 1.26916], "timestamp": 747302597028}, {"currentFrameRate": 113.073, "devices": [], "gestures": [], "hands": [{"armBasis": [[0.689312, 0.691233, -0.216903], [-0.512114, 0.676686, 0.528995], [0.512434, -0.253563, 0.820437]], "armWidth": 61.5843, "confidence": 1, "direction": [0.610502, 0.154766, -0.776746], "elbow": [-124.6, 72.5969, 357.3], "grabAngle": 0.388057, "grabStrength": 0, "id": 786, "palmNormal": [-0.508169, -0.675697, -0.53404], "palmPosition": [52.4702, 141.958, 90.1326], "palmVelocity": [-14.0219, -24.8247, -19.4816], "palmWidth": 86.6402, "pinchDistance": 55.02, "pinchStrength": 0, "r": [[0.990047, -0.129357, -0.0554444], [0.132697, 0.989246, 0.0615194], [0.0468901, -0.0682644, 0.996565]], "s": 0.996585, "sphereCenter": [-36.019, 43.116, -4.02676], "sphereRadius": 163.765, "stabilizedPalmPosition": [52.5273, 142.093, 90.2327], "t": [-25.5165, 18.7084, 1.10521], "timeVisible": 7.48392, "type": "left", "wrist": [7.1715, 137.8, 146.326]}], "id": 1358258, "interactionBox": {"center": [0, 200, 0], "size": [235.247, 235.247, 147.751]}, "pointables": [{"bases": [[[-0.329194, 0.924589, 0.191744], [-0.477912, -0.338274, 0.810661], [0.81439, 0.175228, 0.55323]], [[-0.436409, 0.892358, 0.115087], [-0.492849, -0.344099, 0.799184], [0.75276, 0.29205, 0.589966]], [[-0.436409, 0.892358, 0.115087], [-0.817274, -0.446647, 0.3641], [0.376311, 0.0648387, 0.924222]], [[-0.436409, 0.892358, 0.115087], [-0.89938, -0.436307, -0.0274171], [0.0257475, -0.115472, 0.992977]]], "btipPosition": [76.6126, 101.572, 55.7589], "carpPosition": [28.0303, 114.988, 135.957], "dipPosition": [76.0386, 98.9974, 77.8942], "direction": [0.376311, -0.0648387, -0.924222], "extended": false, "handId": 786, "id": 7860, "length": 49.6406, "mcpPosition": [28.0303, 114.988, 135.957], "pipPosition": [63.8176, 101.103, 107.909], "stabilizedTipPosition": [76.6363, 101.166, 60.9549], "timeVisible": 7.48392, "tipPosition": [77.0068, 98.1113, 60.4477], "tipVelocity": [-31.4873, -32.8684, -17.1214], "tool": false, "touchDistance": 0.333152, "touchZone": "hovering", "type": 0, "width": 19.6965}, {"bases": [[[0.671808, 0.613482, -0.415108], [-0.500525, 0.789081, 0.356125], [0.546031, -0.0314754, 0.837174]], [[0.708397, 0.609771, -0.355462], [-0.57153, 0.79108, 0.21805], [0.41416, 0.048691, 0.908901]], [[0.708397, 0.609771, -0.355462], [-0.645079, 0.763721, 0.0245408], [0.286438, 0.211916, 0.934369]], [[0.708397, 0.609771, -0.355462], [-0.669784, 0.739613, -0.06605], [0.222629, 0.284872, 0.932354]]], "btipPosition": [101.662, 133.298, -9.01441], "carpPosition": [34.6306, 144.281, 130.326], "dipPosition": [97.6776, 138.397, 7.67407], "direction": [0.286438, -0.211916, -0.934369], "extended": true, "handId": 786, "id": 7862, "length": 63.8233, "mcpPosition": [70.9049, 146.372, 74.7102], "pipPosition": [89.9192, 144.137, 32.9819], "stabilizedTipPosition": [100.818, 134.582, -5.13643], "timeVisible": 7.48392, "tipPosition": [100.887, 133.895, -3.41814], "tipVelocity": [-47.1023, -69.8315, -25.8912], "tool": false, "touchDistance": 0.287201, "touchZone": "hovering", "type": 2, "width": 18.4779}, {"bases": [[[0.496368, 0.736504, -0.459545], [-0.606954, 0.672902, 0.42286], [0.620666, 0.0690286, 0.781031]], [[0.645193, 0.727879, -0.232203], [-0.613051, 0.674591, 0.411212], [0.455955, -0.122959, 0.881468]], [[0.645193, 0.727879, -0.232203], [-0.647353, 0.68223, 0.339847], [0.405784, -0.0689498, 0.911365]], [[0.645193, 0.727879, -0.232203], [-0.675132, 0.685437, 0.272714], [0.357663, -0.0191855, 0.933653]]], "btipPosition": [116.358, 136.779, 8.44987], "carpPosition": [39.0583, 134.683, 135.41], "dipPosition": [110.538, 136.467, 23.6441], "direction": [0.405784, 0.0689498, -0.911365], "extended": true, "handId": 786, "id": 7861, "length": 56.0139, "mcpPosition": [82.5375, 129.848, 80.6967], "pipPosition": [101.196, 134.879, 44.6257], "stabilizedTipPosition": [115.108, 136.845, 12.0223], "timeVisible": 7.48392, "tipPosition": [108.424, 128.385, 10.2052], "tipVelocity": [-40.0506, -58.8328, -34.1622], "tool": false, "touchDistance": 0.339075, "touchZone": "hovering", "type": 1, "width": 18.8141}, {"bases": [[[0.780645, 0.540922, -0.313044], [-0.433587, 0.82949, 0.352063], [0.450105, -0.139105, 0.882074]], [[0.733322, 0.551861, -0.397101], [-0.518489, 0.831746, 0.198411], [0.439782, 0.0603936, 0.896072]], [[0.733322, 0.551861, -0.397101], [-0.593519, 0.804519, 0.0220158], [0.331625, 0.219542, 0.917511]], [[0.733322, 0.551861, -0.397101], [-0.611602, 0.790567, -0.0307685], [0.296955, 0.265431, 0.917259]]], "btipPosition": [87.2602, 147.337, -6.13459], "carpPosition": [27.6626, 152.127, 125.145], "dipPosition": [81.9755, 152.061, 10.1893], "direction": [0.331625, -0.219542, -0.917511], "extended": true, "handId": 786, "id": 7863, "length": 61.3678, "mcpPosition": [54.5094, 160.424, 72.533], "pipPosition": [73.2252, 157.853, 34.3988], "stabilizedTipPosition": [86.1346, 148.553, -2.32595], "timeVisible": 7.48392, "tipPosition": [87.3394, 151.201, -0.732969], "tipVelocity": [-46.629, -64.4041, -27.8788], "tool": false, "touchDistance": 0.30266, "touchZone": "hovering", "type": 3, "width": 17.5829}, {"bases": [[[0.888332, 0.376645, -0.262689], [-0.265409, 0.887955, 0.375624], [0.374733, -0.263959, 0.888764]], [[0.77255, 0.428953, -0.468151], [-0.366321, 0.903326, 0.223182], [0.518628, -0.00092575, 0.854999]], [[0.77255, 0.428953, -0.468151], [-0.470506, 0.881832, 0.0315604], [0.426369, 0.195886, 0.883084]], [[0.77255, 0.428953, -0.468151], [-0.508636, 0.859416, -0.0519017], [0.380073, 0.278215, 0.882123]]], "btipPosition": [68.1485, 161.519, 10.4943], "carpPosition": [15.8081, 155.131, 119.296], "dipPosition": [61.9085, 166.086, 24.977], "direction": [0.426369, -0.195886, -0.883084], "extended": true, "handId": 786, "id": 7864, "length": 48.1112, "mcpPosition": [36.4983, 169.705, 70.2245], "pipPosition": [53.9654, 169.736, 41.4286], "stabilizedTipPosition": [66.8091, 162.708, 13.8974], "timeVisible": 7.48392, "tipPosition": [67.0316, 166.156, 15.0315], "tipVelocity": [-39.8022, -52.8922, -28.9493], "tool": false, "touchDistance": 0.308246, "touchZone": "hovering", "type": 4, "width": 15.6185}], "r": [[0.990047, -0.129357, -0.0554444], [0.132697, 0.989246, 0.0615194], [0.0468901, -0.0682644, 0.996565]], "s": 0.996585, "t": [25.5165, 18.7084, 1.10521], "timestamp": 747302605786}, {"currentFrameRate": 113.267, "devices": [], "gestures": [], "hands": [{"armBasis": [[0.69019, 0.690538, -0.216322], [-0.514203, 0.678352, 0.524818], [0.509149, -0.250991, 0.823269]], "armWidth": 61.5901, "confidence": 1, "direction": [0.609836, 0.153464, -0.777527], "elbow": [-123.836, 73.1264, 357.829], "grabAngle": 0.387823, "grabStrength": 0, "id": 786, "palmNormal": [-0.508359, -0.676906, -0.532324], "palmPosition": [52.2796, 141.706, 89.9265], "palmVelocity": [-22.4409, -29.6869, -24.2691], "palmWidth": 86.6317, "pinchDistance": 54.9841, "pinchStrength": 0, "r": [[0.9902, -0.128484, -0.054743], [0.131724, 0.989446, 0.0603849], [0.0464067, -0.0670041, 0.996673]], "s": 0.995967, "sphereCenter": [-36.2794, 42.6794, -3.93602], "sphereRadius": 163.735, "stabilizedPalmPosition": [52.3916, 141.881, 90.065], "t": [-25.6439, 18.4658, 0.920178], "timeVisible": 7.49242, "type": "left", "wrist": [7.06202, 137.654, 146.173]}], "id": 1358259, "interactionBox": {"center": [0, 200, 0], "size": [235.247, 235.247, 147.751]}, "pointables": [{"bases": [[[-0.329029, 0.925072, 0.189687], [-0.478667, -0.336535, 0.810939], [0.814013, 0.176025, 0.553531]], [[-0.436356, 0.892665, 0.112886], [-0.494094, -0.342576, 0.79907], [0.751974, 0.292903, 0.590545]], [[-0.436356, 0.892665, 0.112886], [-0.817788, -0.445786, 0.364002], [0.375255, 0.0665174, 0.924532]], [[-0.436356, 0.892665, 0.112886], [-0.899436, -0.436183, -0.0275479], [0.0246481, -0.113555, 0.993226]]], "btipPosition": [76.3615, 101.271, 55.6071], "carpPosition": [27.8903, 114.822, 135.813], "dipPosition": [75.8124, 98.741, 77.7353], "direction": [0.375255, -0.0665174, -0.924532], "extended": false, "handId": 786, "id": 7860, "length": 49.6124, "mcpPosition": [27.8903, 114.822, 135.813], "pipPosition": [63.6326, 100.9, 107.743], "stabilizedTipPosition": [76.3969, 100.881, 60.8007], "timeVisible": 7.49242, "tipPosition": [76.806, 97.819, 60.3087], "tipVelocity": [-28.887, -34.1945, -18.0641], "tool": false, "touchDistance": 0.330595, "touchZone": "hovering", "type": 0, "width": 19.7009}, {"bases": [[[0.672344, 0.612445, -0.415769], [-0.500536, 0.789942, 0.354196], [0.545359, -0.0300341, 0.837664]], [[0.708801, 0.608851, -0.356234], [-0.571563, 0.791667, 0.215821], [0.413421, 0.050636, 0.909131]], [[