{"frames": 92, "data": [{"currentFrameRate": 115.111, "devices": [], "gestures": [], "hands": [{"armBasis": [[0.974715, -0.204509, -0.0900399], [0.0485077, -0.199684, 0.978659], [-0.218124, -0.958281, -0.184715]], "armWidth": 63.4054, "confidence": 1, "direction": [0.114379, 0.0891609, -0.989428], "elbow": [5.5173, -163.696, 90.5982], "grabAngle": 2.44204, "grabStrength": 0, "id": 800, "palmNormal": [0.503845, -0.863572, -0.0195748], "palmPosition": [-38.6421, 107.489, 75.4638], "palmVelocity": [-0.924163, -5.47106, 4.73175], "palmWidth": 87.9125, "pinchDistance": 61.1226, "pinchStrength": 0.73382, "r": [[0.735302, 0.593843, 0.326623], [-0.625011, 0.780523, -0.0120511], [-0.262093, -0.195282, 0.945078]], "s": 1.20849, "sphereCenter": [-49.8233, 51.2243, 52.7701], "sphereRadius": 61.1343, "stabilizedPalmPosition": [-38.1398, 105.944, 74.7809], "t": [-14.0115, -64.8503, -9.01202], "timeVisible": 4.47478, "type": "left", "wrist": [-51.3843, 86.2883, 138.784]}], "id": 1366922, "interactionBox": {"center": [0, 200, 0], "size": [235.247, 235.247, 147.751]}, "pointables": [{"bases": [[[0.824829, -0.474264, -0.307784], [0.46022, 0.879417, -0.121751], [0.328413, -0.0412244, 0.943634]], [[0.885563, -0.44498, 0.133305], [0.444051, 0.895183, 0.0382862], [-0.136369, 0.0252892, 0.990335]], [[0.885563, -0.44498, 0.133305], [0.458, 0.884318, -0.0906504], [-0.0775461, 0.14133, 0.986921]], [[0.885563, -0.44498, 0.133305], [0.457125, 0.783815, -0.420322], [0.0825489, 0.433159, 0.897529]]], "btipPosition": [-22.0726, 112.432, -20.5746], "carpPosition": [-39.5644, 120.519, 122.155], "dipPosition": [-23.378, 119.282, -6.38071], "direction": [-0.0775461, -0.14133, -0.986921], "extended": true, "handId": 800, "id": 8001, "length": 54.432, "mcpPosition": [-16.2204, 123.45, 55.0802], "pipPosition": [-21.6432, 122.444, 15.6987], "stabilizedTipPosition": [-22.3567, 114.086, -17.2958], "timeVisible": 4.47478, "tipPosition": [-17.5115, 106.105, -15.6223], "tipVelocity": [13.2784, -5.7863, -0.542117], "tool": false, "touchDistance": 0.317817, "touchZone": "hovering", "type": 1, "width": 19.4926}, {"bases": [[[0.772861, 0.590099, -0.233385], [-0.419091, 0.750808, 0.51054], [0.476496, -0.296767, 0.827575]], [[0.65104, 0.640438, -0.407414], [-0.627599, 0.756081, 0.185637], [0.426927, 0.134835, 0.894177]], [[0.65104, 0.640438, -0.407414], [-0.695194, 0.71858, 0.0186699], [0.304716, 0.271077, 0.913053]], [[0.65104, 0.640438, -0.407414], [-0.754754, 0.603186, -0.257901], [0.0805764, 0.475401, 0.876071]]], "btipPosition": [7.39594, 81.7942, 42.2161], "carpPosition": [-24.5564, 107.15, 133.134], "dipPosition": [5.65048, 92.0925, 61.1938], "direction": [0.304716, -0.271077, -0.913053], "extended": false, "handId": 800, "id": 8000, "length": 48.2387, "mcpPosition": [-24.5564, 107.15, 133.134], "pipPosition": [-3.96598, 100.647, 90.0087], "stabilizedTipPosition": [6.36115, 83.7378, 46.3967], "timeVisible": 4.47478, "tipPosition": [1.42327, 79.9491, 46.8424], "tipVelocity": [49.4351, 9.9556, 28.2468], "tool": false, "touchDistance": 0.339277, "touchZone": "hovering", "type": 0, "width": 20.4068}, {"bases": [[[0.770993, -0.618397, -0.152171], [0.60014, 0.785458, -0.151286], [0.213079, 0.025317, 0.976707]], [[0.782382, -0.615766, -0.0933297], [0.10843, 0.282242, -0.953196], [0.613287, 0.735644, 0.287589]], [[0.782382, -0.615766, -0.0933297], [-0.582377, -0.670236, -0.460023], [0.220713, 0.414267, -0.882988]], [[0.782382, -0.615766, -0.0933297], [-0.598754, -0.78492, 0.159353], [-0.171381, -0.0687937, -0.9828]]], "btipPosition": [-5.28882, 72.1739, 79.4622], "carpPosition": [-49.8417, 116.408, 117.795], "dipPosition": [-2.30786, 70.9773, 62.3675], "direction": [0.220713, -0.414267, 0.882988], "extended": false, "handId": 800, "id": 8002, "length": 62.0209, "mcpPosition": [-35.4784, 114.701, 51.9572], "pipPosition": [-8.11717, 81.8811, 39.1267], "stabilizedTipPosition": [-5.1595, 69.4873, 74.0424], "timeVisible": 4.47478, "tipPosition": [-5.91006, 72.9854, 78.5], "tipVelocity": [-25.2529, -29.3267, 24.3828], "tool": false, "touchDistance": 0.333333, "touchZone": "none", "type": 2, "width": 19.1443}, {"bases": [[[0.746496, -0.665371, 0.00505882], [0.660177, 0.739676, -0.130559], [0.0831284, 0.100802, 0.991428]], [[0.749859, -0.659074, 0.0577362], [0.191341, 0.132501, -0.972539], [0.633325, 0.740314, 0.225465]], [[0.749859, -0.659074, 0.0577362], [-0.604264, -0.717799, -0.345876], [0.269401, 0.22447, -0.936502]], [[0.749859, -0.659074, 0.0577362], [-0.659479, -0.737626, 0.144901], [-0.0529128, -0.146731, -0.98776]]], "btipPosition": [-22.0863, 69.8323, 86.8604], "carpPosition": [-59.3013, 109.767, 115.092], "dipPosition": [-21.1713, 67.2947, 69.7783], "direction": [0.269401, -0.22447, 0.936502], "extended": false, "handId": 800, "id": 8003, "length": 59.6348, "mcpPosition": [-54.2702, 103.666, 55.0897], "pipPosition": [-28.0789, 73.0503, 45.7655], "stabilizedTipPosition": [-22.6457, 67.2576, 81.4465], "timeVisible": 4.47478, "tipPosition": [-22.2272, 69.5559, 83.9121], "tipVelocity": [-26.6594, -14.8478, 18.2187], "tool": false, "touchDistance": 0.333333, "touchZone": "none", "type": 3, "width": 18.217}, {"bases": [[[0.631689, -0.76224, 0.141274], [0.772981, 0.633163, -0.0400764], [-0.0589016, 0.134518, 0.989159]], [[0.633392, -0.773786, -0.00830141], [0.210383, 0.182516, -0.960431], [0.744683, 0.606583, 0.278396]], [[0.633392, -0.773786, -0.00830141], [-0.699804, -0.568188, -0.43294], [0.330286, 0.28003, -0.901385]], [[0.633392, -0.773786, -0.00830141], [-0.772755, -0.633041, 0.0459333], [-0.0407977, -0.0226788, -0.99891]]], "btipPosition": [-39.351, 65.5346, 83.2646], "carpPosition": [-65.7518, 97.631, 115.537], "dipPosition": [-38.7001, 65.1728, 67.3277], "direction": [0.330286, -0.28003, 0.901385], "extended": false, "handId": 800, "id": 8004, "length": 46.7525, "mcpPosition": [-69.0517, 90.0947, 60.1208], "pipPosition": [-44.6795, 70.2423, 51.0094], "stabilizedTipPosition": [-40.2279, 64.2335, 77.9912], "timeVisible": 4.47478, "tipPosition": [-38.2097, 67.1971, 79.6403], "tipVelocity": [-31.7437, -3.81075, 16.5419], "tool": false, "touchDistance": 0.333333, "touchZone": "none", "type": 4, "width": 16.1818}], "r": [[0.735302, 0.593843, 0.326623], [-0.625011, 0.780523, -0.0120511], [-0.262093, -0.195282, 0.945078]], "s": 1.20849, "t": [14.0115, -64.8503, -9.01202], "timestamp": 747379023009}, {"currentFrameRate": 114.864, "devices": [], "gestures": [], "hands": [{"armBasis": [[0.973723, -0.207208, -0.0944892], [0.0525133, -0.199435, 0.978503], [-0.221598, -0.957753, -0.183313]], "armWidth": 63.4054, "confidence": 1, "direction": [0.117721, 0.0885012, -0.989095], "elbow": [6.2583, -163.486, 90.958], "grabAngle": 2.43872, "grabStrength": 0, "id": 800, "palmNormal": [0.498477, -0.866711, -0.0182227], "palmPosition": [-38.6381, 107.46, 75.4793], "palmVelocity": [0.434695, -3.22631, 1.69828], "palmWidth": 87.9125, "pinchDistance": 61.1964, "pinchStrength": 0.728773, "r": [[0.736772, 0.592802, 0.325197], [-0.623213, 0.781937, -0.0134321], [-0.262246, -0.192771, 0.945551]], "s": 1.21205, "sphereCenter": [-50.2378, 51.1483, 52.6725], "sphereRadius": 61.3506, "stabilizedPalmPosition": [-38.1498, 105.974, 74.7949], "t": [-14.0198, -64.8737, -8.979], "timeVisible": 4.48391, "type": "left", "wrist": [-51.5496, 86.3612, 138.778]}], "id": 1366923, "interactionBox": {"center": [0, 200, 0], "size": [235.247, 235.247, 147.751]}, "pointables": [{"bases": [[[0.826914, -0.469068, -0.310142], [0.454356, 0.882291, -0.122979], [0.331321, -0.0392218, 0.942703]], [[0.888706, -0.439431, 0.130777], [0.438189, 0.898006, 0.0396886], [-0.134879, 0.0220335, 0.990617]], [[0.888706, -0.439431, 0.130777], [0.45196, 0.887602, -0.0888494], [-0.0770346, 0.138067, 0.987423]], [[0.888706, -0.439431, 0.130777], [0.452089, 0.79246, -0.409418], [0.0762755, 0.422975, 0.902926]]], "btipPosition": [-21.9403, 112.627, -20.6024], "carpPosition": [-39.6102, 120.493, 122.169], "dipPosition": [-23.1465, 119.316, -6.32321], "direction": [-0.0770346, -0.138067, -0.987423], "extended": true, "handId": 800, "id": 8001, "length": 54.432, "mcpPosition": [-16.0595, 123.281, 55.1602], "pipPosition": [-21.4231, 122.404, 15.7674], "stabilizedTipPosition": [-22.2783, 114.131, -17.3084], "timeVisible": 4.48391, "tipPosition": [-17.3664, 106.125, -15.585], "tipVelocity": [16.9992, 17.2535, -0.899582], "tool": false, "touchDistance": 0.31768, "touchZone": "hovering", "type": 1, "width": 19.4926}, {"bases": [[[0.768489, 0.594944, -0.235514], [-0.422347, 0.748137, 0.511775], [0.480675, -0.293825, 0.826208]], [[0.645751, 0.644557, -0.409331], [-0.630629, 0.752465, 0.190011], [0.43048, 0.135437, 0.892381]], [[0.645751, 0.644557, -0.409331], [-0.696949, 0.716542, 0.0288195], [0.311879, 0.266673, 0.91193]], [[0.645751, 0.644557, -0.409331], [-0.759034, 0.600105, -0.252472], [0.0829093, 0.47373, 0.876759]]], "btipPosition": [7.68302, 81.8192, 42.3782], "carpPosition": [-24.7172, 107.029, 133.189], "dipPosition": [5.88701, 92.0813, 61.3708], "direction": [0.311879, -0.266673, -0.911931], "extended": false, "handId": 800, "id": 8000, "length": 48.2387, "mcpPosition": [-24.7172, 107.029, 133.189], "pipPosition": [-3.95549, 100.497, 90.1502], "stabilizedTipPosition": [6.76294, 83.9331, 46.5514], "timeVisible": 4.48391, "tipPosition": [1.51532, 79.8084, 46.962], "tipVelocity": [30.1832, 1.83076, 18.1341], "tool": false, "touchDistance": 0.341165, "touchZone": "hovering", "type": 0, "width": 20.4068}, {"bases": [[[0.774421, -0.613545, -0.154388], [0.594778, 0.789212, -0.152915], [0.215665, 0.0265936, 0.976105]], [[0.785959, -0.610846, -0.0955793], [0.104245, 0.2833, -0.953349], [0.609427, 0.73933, 0.28634]], [[0.785959, -0.610846, -0.0955793], [-0.579377, -0.673685, -0.45877], [0.215847, 0.415951, -0.883399]], [[0.785959, -0.610846, -0.0955793], [-0.59338, -0.788669, 0.16094], [-0.17369, -0.0697777, -0.982325]]], "btipPosition": [-5.514, 71.9342, 79.5455], "carpPosition": [-49.9008, 116.446, 117.78], "dipPosition": [-2.49287, 70.7205, 62.4591], "direction": [0.215847, -0.415951, 0.883399], "extended": false, "handId": 800, "id": 8002, "length": 62.0209, "mcpPosition": [-35.3631, 114.653, 51.9823], "pipPosition": [-8.17411, 81.6686, 39.2075], "stabilizedTipPosition": [-5.14448, 69.583, 74.1118], "timeVisible": 4.48391, "tipPosition": [-6.12952, 72.7496, 78.6003], "tipVelocity": [-23.6626, -26.6943, 9.34195], "tool": false, "touchDistance": 0.333333, "touchZone": "none", "type": 2, "width": 19.1443}, {"bases": [[[0.750662, -0.66068, 0.00290595], [0.655159, 0.743806, -0.13236], [0.0852865, 0.101262, 0.991197]], [[0.754162, -0.654277, 0.0562198], [0.188438, 0.133603, -0.972955], [0.629071, 0.74436, 0.224049]], [[0.754162, -0.654277, 0.0562198], [-0.600187, -0.721485, -0.345304], [0.266486, 0.226673, -0.936806]], [[0.754162, -0.654277, 0.0562198], [-0.65442, -0.741691, 0.147068], [-0.0545252, -0.147704, -0.987527]]], "btipPosition": [-22.3271, 69.6951, 86.894], "carpPosition": [-59.3941, 109.864, 115.05], "dipPosition": [-21.3842, 67.1407, 69.8159], "direction": [0.266486, -0.226673, 0.936806], "extended": false, "handId": 800, "id": 8003, "length": 59.6348, "mcpPosition": [-54.2325, 103.736, 55.061], "pipPosition": [-28.2171, 72.9528, 45.7954], "stabilizedTipPosition": [-22.6203, 67.3453, 81.5185], "timeVisible": 4.48391, "tipPosition": [-22.4842, 69.4231, 83.9686], "tipVelocity": [-25.6823, -15.4591, 3.7828], "tool": false, "touchDistance": 0.333333, "touchZone": "none", "type": 3, "width": 18.217}, {"bases": [[[0.636848, -0.758276, 0.139436], [0.768882, 0.637996, -0.0422037], [-0.0569578, 0.134087, 0.989331]], [[0.638202, -0.769802, -0.0101432], [0.206525, 0.183882, -0.961007], [0.74165, 0.611222, 0.276337]], [[0.638202, -0.769802, -0.0101432], [-0.697415, -0.572509, -0.431099], [0.326053, 0.282202, -0.902248]], [[0.638202, -0.769802, -0.0101432], [-0.768647, -0.637876, 0.0479152], [-0.0433553, -0.022783, -0.9988]]], "btipPosition": [-39.6288, 65.5074, 83.2744], "carpPosition": [-65.9218, 97.7692, 115.476], "dipPosition": [-38.9371, 65.144, 67.3393], "direction": [0.326053, -0.282202, 0.902248], "extended": false, "handId": 800, "id": 8004, "length": 46.7525, "mcpPosition": [-69.1128, 90.2571, 60.0494], "pipPosition": [-44.8398, 70.2528, 51.0054], "stabilizedTipPosition": [-40.1989, 64.279, 78.0531], "timeVisible": 4.48391, "tipPosition": [-38.4701, 67.165, 79.6538], "tipVelocity": [-29.411, -3.01625, 1.12385], "tool": false, "touchDistance": 0.333333, "touchZone": "none", "type": 4, "width": 16.1818}], "r": [[0.736772, 0.592802, 0.325197], [-0.623213, 0.781937, -0.0134321], [-0.262246, -0.192771, 0.945551]], "s": 1.21205, "t": [14.0198, -64.8737, -8.979], "timestamp": 747379032135}, {"currentFrameRate": 115.167, "devices": [], "gestures": [], "hands": [{"armBasis": [[0.973242, -0.210586, -0.0919462], [0.048166, -0.204291, 0.977724], [-0.224679, -0.955991, -0.188682]], "armWidth": 63.4054, "confidence": 1, "direction": [0.11372, 0.0936396, -0.98909], "elbow": [7.28317, -163.241, 89.4767], "grabAngle": 2.43579, "grabStrength": 0, "id": 800, "palmNormal": [0.50143, -0.864859, -0.0242267], "palmPosition": [-38.7335, 107.591, 75.4523], "palmVelocity": [-11.6742, 16.1202, -3.30813], "palmWidth": 87.9125, "pinchDistance": 61.1219, "pinchStrength": 0.727821, "r": [[0.738119, 0.591137, 0.325173], [-0.621212, 0.783513, -0.0142531], [-0.263203, -0.191481, 0.945547]], "s": 1.21472, "sphereCenter": [-50.1036, 51.4164, 52.4175], "sphereRadius": 61.277, "stabilizedPalmPosition": [-38.1605, 106.004, 74.8069], "t": [-14.0717, -64.8195, -8.976], "timeVisible": 4.49208, "type": "left", "wrist": [-51.3283, 86.1467, 138.698]}], "id": 1366924, "interactionBox": {"center": [0, 200, 0], "size": [235.247, 235.247, 147.751]}, "pointables": [{"bases": [[[0.826422, -0.47048, -0.309313], [0.45789, 0.881268, -0.117061], [0.327663, -0.0448891, 0.943728]], [[0.886672, -0.443168, 0.131969], [0.441562, 0.896209, 0.042816], [-0.137246, 0.0203087, 0.990329]], [[0.886672, -0.443168, 0.131969], [0.4552, 0.886728, -0.0806547], [-0.0812771, 0.131587, 0.987967]], [[0.886672, -0.443168, 0.131969], [0.457094, 0.796933, -0.39492], [0.0698455, 0.410487, 0.909188]]], "btipPosition": [-22.4577, 113.345, -20.7368], "carpPosition": [-39.5769, 120.398, 122.207], "dipPosition": [-23.5623, 119.837, -6.35861], "direction": [-0.0812771, -0.131587, -0.987967], "extended": true, "handId": 800, "id": 8001, "length": 54.432, "mcpPosition": [-16.2862, 123.588, 55.1255], "pipPosition": [-21.7439, 122.781, 15.7442], "stabilizedTipPosition": [-22.4996, 114.492, -17.3704], "timeVisible": 4.49208, "tipPosition": [-17.8219, 106.807, -15.7045], "tipVelocity": [-60.4873, 82.4404, -13.6695], "tool": false, "touchDistance": 0.315842, "touchZone": "hovering", "type": 1, "width": 19.4926}, {"bases": [[[0.771435, 0.593362, -0.229805], [-0.421638, 0.74716, 0.513783], [0.47656, -0.299455, 0.826569]], [[0.64953, 0.644233, -0.403825], [-0.628807, 0.753728, 0.19104], [0.427448, 0.129842, 0.894667]], [[0.64953, 0.644233, -0.403825], [-0.692432, 0.720592, 0.0358417], [0.314084, 0.256341, 0.914134]], [[0.64953, 0.644233, -0.403825], [-0.755839, 0.604771, -0.250918], [0.0825725, 0.468206, 0.879753]]], "btipPosition": [7.72034, 82.4395, 42.0517], "carpPosition": [-24.596, 106.934, 133.107], "dipPosition": [5.93163, 92.5819, 61.1092], "direction": [0.314084, -0.256341, -0.914134], "extended": false, "handId": 800, "id": 8000, "length": 48.2387, "mcpPosition": [-24.596, 106.934, 133.107], "pipPosition": [-3.98047, 100.672, 89.9581], "stabilizedTipPosition": [6.97009, 84.2515, 46.5072], "timeVisible": 4.49208, "tipPosition": [1.49798, 80.286, 46.6506], "tipVelocity": [4.77447, 72.5711, -38.1447], "tool": false, "touchDistance": 0.335708, "touchZone": "hovering", "type": 0, "width": 20.4068}, {"bases": [[[0.772844, -0.615514, -0.15445], [0.598097, 0.787841, -0.146921], [0.212114, 0.0211715, 0.977016]], [[0.784172, -0.613137, -0.095586], [0.110062, 0.289017, -0.950976], [0.610705, 0.735209, 0.294122]], [[0.784172, -0.613137, -0.095586], [-0.579882, -0.669202, -0.464656], [0.220931, 0.419799, -0.880317]], [[0.784172, -0.613137, -0.095586], [-0.596951, -0.787425, 0.15366], [-0.169481, -0.0634358, -0.98349]]], "btipPosition": [-5.45814, 72.1618, 79.1331], "carpPosition": [-49.8696, 116.336, 117.837], "dipPosition": [-2.51021, 71.0584, 62.0265], "direction": [0.220931, -0.419799, 0.880317], "extended": false, "handId": 800, "id": 8002, "length": 62.0209, "mcpPosition": [-35.5713, 114.908, 51.978], "pipPosition": [-8.32527, 82.1078, 38.856], "stabilizedTipPosition": [-5.13307, 69.6558, 74.1458], "timeVisible": 4.49208, "tipPosition": [-6.08433, 72.9745, 78.267], "tipVelocity": [4.7776, 30.9718, -51.057], "tool": false, "touchDistance": 0.333333, "touchZone": "none", "type": 2, "width": 19.1443}, {"bases": [[[0.748334, -0.663318, 0.00252764], [0.658242, 0.742126, -0.126361], [0.0819415, 0.0962238, 0.991981]], [[0.751901, -0.656354, 0.0620063], [0.19797, 0.135071, -0.970857], [0.628851, 0.742263, 0.231499]], [[0.751901, -0.656354, 0.0620063], [-0.599023, -0.719435, -0.351546], [0.275348, 0.227185, -0.934115]], [[0.751901, -0.656354, 0.0620063], [-0.657671, -0.740185, 0.139983], [-0.0459826, -0.146033, -0.98821]]], "btipPosition": [-22.1196, 69.9143, 86.5422], "carpPosition": [-59.35, 109.734, 115.11], "dipPosition": [-21.3243, 67.3888, 69.4522], "direction": [0.275348, -0.227185, 0.934115], "extended": false, "handId": 800, "id": 8003, "length": 59.6348, "mcpPosition": [-54.3908, 103.911, 55.0744], "pipPosition": [-28.3845, 73.214, 45.5007], "stabilizedTipPosition": [-22.5963, 67.4152, 81.557], "timeVisible": 4.49208, "tipPosition": [-22.4104, 69.5692, 83.6882], "tipVelocity": [21.2511, 27.6572, -43.4075], "tool": false, "touchDistance": 0.333333, "touchZone": "none", "type": 3, "width": 18.217}, {"bases": [[[0.633672, -0.761164, 0.138165], [0.771258, 0.635487, -0.0362904], [-0.0601793, 0.129557, 0.989744]], [[0.635539, -0.771982, -0.011584], [0.211433, 0.188454, -0.959052], [0.742554, 0.607066, 0.282992]], [[0.635539, -0.771982, -0.011584], [-0.698089, -0.568168, -0.435725], [0.32979, 0.285007, -0.900005]], [[0.635539, -0.771982, -0.011584], [-0.771018, -0.635385, 0.0426326], [-0.0402719, -0.0181632, -0.999024]]], "btipPosition": [-39.5748, 65.6177, 83.0236], "carpPosition": [-65.8338, 97.6141, 115.503], "dipPosition": [-38.9323, 65.3279, 67.0848], "direction": [0.32979, -0.285007, 0.900005], "extended": false, "handId": 800, "id": 8004, "length": 46.7525, "mcpPosition": [-69.2053, 90.3558, 60.0534], "pipPosition": [-44.9027, 70.4876, 50.7916], "stabilizedTipPosition": [-40.1786, 64.3125, 78.0874], "timeVisible": 4.49208, "tipPosition": [-38.4119, 67.2735, 79.4328], "tipVelocity": [5.22325, 15.5771, -30.8106], "tool": false, "touchDistance": 0.333333, "touchZone": "none", "type": 4, "width": 16.1818}], "r": [[0.738119, 0.591137, 0.325173], [-0.621212, 0.783513, -0.0142531], [-0.263203, -0.191481, 0.945547]], "s": 1.21472, "t": [14.0717, -64.8195, -8.976], "timestamp": 747379040303}, {"currentFrameRate": 115.158, "devices": [], "gestures": [], "hands": [{"armBasis": [[0.972702, -0.214022, -0.0896993], [0.0446127, -0.206862, 0.977352], [-0.227731, -0.954674, -0.191667]], "armWidth": 63.4054, "confidence": 1, "direction": [0.110676, 0.0965589, -0.989155], "elbow": [8.25403, -163.022, 88.6656], "grabAngle": 2.43242, "grabStrength": 0, "id": 800, "palmNormal": [0.505576, -0.86234, -0.027611], "palmPosition": [-38.8113, 107.682, 75.4409], "palmVelocity": [-8.94298, 10.4379, -1.30631], "palmWidth": 87.9125, "pinchDistance": 61.0535, "pinchStrength": 0.726402, "r": [[0.739599, 0.588924, 0.325824], [-0.618834, 0.785381, -0.0148566], [-0.264646, -0.190643, 0.945314]], "s": 1.21689, "sphereCenter": [-50.0065, 51.3902, 52.2681], "sphereRadius": 61.395, "stabilizedPalmPosition": [-38.1733, 106.037, 74.8194], "t": [-14.1365, -64.7471, -8.98018], "timeVisible": 4.50077, "type": "left", "wrist": [-51.1536, 86.0216, 138.665]}], "id": 1366925, "interactionBox": {"center": [0, 200, 0], "size": [235.247, 235.247, 147.751]}, "pointables": [{"bases": [[[0.824924, -0.473769, -0.308291], [0.462487, 0.879299, -0.11375], [0.324971, -0.0487453, 0.944467]], [[0.884152, -0.447806, 0.133211], [0.446193, 0.893883, 0.0434222], [-0.138519, 0.0210458, 0.990136]], [[0.884152, -0.447806, 0.133211], [0.459475, 0.885073, -0.0743492], [-0.0846071, 0.126943, 0.988295]], [[0.884152, -0.447806, 0.133211], [0.462601, 0.799204, -0.383762], [0.0653886, 0.400927, 0.913773]]], "btipPosition": [-22.8626, 113.82, -20.8402], "carpPosition": [-39.5949, 120.372, 122.228], "dipPosition": [-23.8967, 120.16, -6.38949], "direction": [-0.0846071, -0.126943, -0.988295], "extended": true, "handId": 800, "id": 8001, "length": 54.432, "mcpPosition": [-16.4955, 123.837, 55.0943], "pipPosition": [-22.0039, 123, 15.7207], "stabilizedTipPosition": [-22.8078, 114.895, -17.4454], "timeVisible": 4.50077, "tipPosition": [-18.1602, 107.26, -15.7806], "tipVelocity": [-44.6817, 50.5544, -9.96897], "tool": false, "touchDistance": 0.314397, "touchZone": "hovering", "type": 1, "width": 19.4926}, {"bases": [[[0.774917, 0.590136, -0.226369], [-0.419331, 0.74798, 0.514478], [0.472931, -0.303754, 0.827085]], [[0.653713, 0.642019, -0.400589], [-0.625571, 0.756344, 0.191325], [0.425817, 0.125526, 0.89606]], [[0.653713, 0.642019, -0.400589], [-0.686307, 0.726005, 0.0435886], [0.318814, 0.246432, 0.91522]], [[0.653713, 0.642019, -0.400589], [-0.751991, 0.610356, -0.248948], [0.0846725, 0.46398, 0.88179]]], "btipPosition": [7.91237, 83.0739, 41.856], "carpPosition": [-24.5201, 106.956, 133.057], "dipPosition": [6.07817, 93.1248, 60.9576], "direction": [0.318814, -0.246432, -0.91522], "extended": false, "handId": 800, "id": 8000, "length": 48.2387, "mcpPosition": [-24.5201, 106.956, 133.057], "pipPosition": [-3.98321, 100.902, 89.8408], "stabilizedTipPosition": [7.17326, 84.6942, 46.4066], "timeVisible": 4.50077, "tipPosition": [1.60286, 80.7414, 46.4644], "tipVelocity": [20.8725, 70.5086, -21.3306], "tool": false, "touchDistance": 0.332616, "touchZone": "hovering", "type": 0, "width": 20.4068}, {"bases": [[[0.770234, -0.61891, -0.153917], [0.602314, 0.785261, -0.14347], [0.20966, 0.0177989, 0.977612]], [[0.78142, -0.616729, -0.0950184], [0.115604, 0.292714, -0.949186], [0.613203, 0.730729, 0.300029]], [[0.78142, -0.616729, -0.0950184], [-0.581591, -0.664632, -0.469058], [0.226129, 0.421793, -0.878041]], [[0.78142, -0.616729, -0.0950184], [-0.601565, -0.785003, 0.147954], [-0.165837, -0.0584544, -0.984419]]], "btipPosition": [-5.32137, 72.3848, 78.824], "carpPosition": [-49.879, 116.271, 117.875], "dipPosition": [-2.43683, 71.3681, 61.7012], "direction": [0.226129, -0.421793, 0.878041], "extended": false, "handId": 800, "id": 8002, "length": 62.0209, "mcpPosition": [-35.7462, 115.071, 51.9762], "pipPosition": [-8.38869, 82.4699, 38.5906], "stabilizedTipPosition": [-5.11971, 69.7259, 74.1666], "timeVisible": 4.50077, "tipPosition": [-5.97495, 73.2092, 78.0597], "tipVelocity": [14.0465, 27.9264, -35.9619], "tool": false, "touchDistance": 0.333333, "touchZone": "none", "type": 2, "width": 19.1443}, {"bases": [[[0.745081, -0.666968, 0.00288066], [0.662181, 0.739203, -0.122862], [0.0798159, 0.09345, 0.99242]], [[0.748526, -0.660164, 0.0623849], [0.202617, 0.138123, -0.969468], [0.631391, 0.738313, 0.237149]], [[0.748526, -0.660164, 0.0623849], [-0.60122, -0.715344, -0.356114], [0.27972, 0.229054, -0.932358]], [[0.748526, -0.660164, 0.0623849], [-0.661737, -0.737628, 0.134198], [-0.0425756, -0.141733, -0.988989]]], "btipPosition": [-21.9564, 70.0185, 86.2976], "carpPosition": [-59.3343, 109.629, 115.158], "dipPosition": [-21.2201, 67.5674, 69.1942], "direction": [0.27972, -0.229054, 0.932358], "extended": false, "handId": 800, "id": 8003, "length": 59.6348, "mcpPosition": [-54.5037, 103.974, 55.0951], "pipPosition": [-28.3923, 73.4406, 45.2877], "stabilizedTipPosition": [-22.5717, 67.4773, 81.5815], "timeVisible": 4.50077, "tipPosition": [-22.278, 69.7187, 83.5344], "tipVelocity": [17.2041, 13.948, -28.4701], "tool": false, "touchDistance": 0.333333, "touchZone": "none", "type": 3, "width": 18.217}, {"bases": [[[0.629589, -0.764577, 0.137984], [0.77444, 0.631799, -0.0327548], [-0.0621343, 0.127482, 0.989893]], [[0.631789, -0.775048, -0.0119552], [0.215807, 0.190689, -0.957635], [0.744493, 0.602443, 0.287736]], [[0.631789, -0.775048, -0.0119552], [-0.699792, -0.563674, -0.43882], [0.333368, 0.285608, -0.898496]], [[0.631789, -0.775048, -0.0119552], [-0.774216, -0.631714, 0.0390747], [-0.0378371, -0.015431, -0.999165]]], "btipPosition": [-39.4413, 65.6936, 82.8699], "carpPosition": [-65.7578, 97.477, 115.538], "dipPosition": [-38.8376, 65.4474, 66.9289], "direction": [0.333368, -0.285608, 0.898496], "extended": false, "handId": 800, "id": 8004, "length": 46.7525, "mcpPosition": [-69.2388, 90.3349, 60.08], "pipPosition": [-44.8728, 70.618, 50.6629], "stabilizedTipPosition": [-40.1577, 64.3441, 78.114], "timeVisible": 4.50077, "tipPosition": [-38.2858, 67.3517, 79.3233], "tipVelocity": [14.3226, 9.87773, -17.7312], "tool": false, "touchDistance": 0.333333, "touchZone": "none", "type": 4, "width": 16.1818}], "r": [[0.739599, 0.588924, 0.325824], [-0.618834, 0.785381, -0.0148566], [-0.264646, -0.190643, 0.945314]], "s": 1.21689, "t": [14.1365, -64.7471, -8.98018], "timestamp": 747379049002}, {"currentFrameRate": 115.182, "devices": [], "gestures": [], "hands": [{"armBasis": [[0.97185, -0.216023, -0.0940286], [0.0493801, -0.203471, 0.977835], [-0.230367, -0.954952, -0.187076]], "armWidth": 63.4054, "confidence": 1, "direction": [0.114959, 0.0928156, -0.989025], "elbow": [8.7096, -162.937, 89.8535], "grabAngle": 2.42998, "grabStrength": 0, "id": 800, "palmNormal": [0.501541, -0.864832, -0.0228641], "palmPosition": [-38.7979, 107.555, 75.3982], "palmVelocity": [1.54947, -14.7228, -4.93876], "palmWidth": 87.9125, "pinchDistance": 61.1044, "pinchStrength": 0.72121, "r": [[0.74047, 0.588068, 0.325392], [-0.61769, 0.786271, -0.0153647], [-0.264882, -0.189614, 0.945454]], "s": 1.21911, "sphereCenter": [-50.274, 51.1162, 52.295], "sphereRadius": 61.5925, "stabilizedPalmPosition": [-38.1852, 106.066, 74.8304], "t": [-14.1623, -64.7744, -9.00361], "timeVisible": 4.50942, "type": "left", "wrist": [-51.3858, 86.179, 138.656]}], "id": 1366926, "interactionBox": {"center": [0, 200, 0], "size": [235.247, 235.247, 147.751]}, "pointables": [{"bases": [[[0.825987, -0.470819, -0.309958], [0.457825, 0.881126, -0.118383], [0.328849, -0.0441237, 0.943351]], [[0.886796, -0.44314, 0.131225], [0.441887, 0.896173, 0.0401345], [-0.135385, 0.0223953, 0.99054]], [[0.886796, -0.44314, 0.131225], [0.454738, 0.887326, -0.0765865], [-0.0825004, 0.127589, 0.98839]], [[0.886796, -0.44314, 0.131225], [0.457846, 0.803651, -0.380161], [0.0630059, 0.397206, 0.915564]]], "btipPosition": [-22.5595, 113.51, -20.8947], "carpPosition": [-39.7015, 120.401, 122.141], "dipPosition": [-23.5559, 119.792, -6.41568], "direction": [-0.0825004, -0.127589, -0.98839], "extended": true, "handId": 800, "id": 8001, "length": 54.432, "mcpPosition": [-16.3265, 123.537, 55.0863], "pipPosition": [-21.7102, 122.646, 15.6966], "stabilizedTipPosition": [-22.7984, 114.925, -17.504], "timeVisible": 4.50942, "tipPosition": [-17.8655, 106.851, -15.7658], "tipVelocity": [36.076, -37.3826, -5.55392], "tool": false, "touchDistance": 0.313597, "touchZone": "hovering", "type": 1, "width": 19.4926}, {"bases": [[[0.7712, 0.593094, -0.231279], [-0.42092, 0.747634, 0.513683], [0.477574, -0.298802, 0.82622]], [[0.648974, 0.643857, -0.405315], [-0.627281, 0.754286, 0.193832], [0.430523, 0.128455, 0.893392]], [[0.648974, 0.643857, -0.405315], [-0.686754, 0.725019, 0.0521146], [0.327415, 0.244531, 0.912691]], [[0.648974, 0.643857, -0.405315], [-0.755517, 0.608127, -0.243672], [0.089593, 0.464359, 0.881104]]], "btipPosition": [8.30435, 82.9761, 42.0938], "carpPosition": [-24.7331, 106.948, 133.072], "dipPosition": [6.36356, 93.0352, 61.1805], "direction": [0.327415, -0.244531, -0.912691], "extended": false, "handId": 800, "id": 8000, "length": 48.2387, "mcpPosition": [-24.7331, 106.948, 133.072], "pipPosition": [-3.96926, 100.752, 89.9839], "stabilizedTipPosition": [7.41422, 84.9038, 46.4337], "timeVisible": 4.50942, "tipPosition": [1.79698, 80.4848, 46.6601], "tipVelocity": [42.5208, -11.1037, 27.1153], "tool": false, "touchDistance": 0.336203, "touchZone": "hovering", "type": 0, "width": 20.4068}, {"bases": [[[0.772591, -0.615718, -0.154905], [0.597985, 0.78766, -0.148341], [0.213348, 0.0219759, 0.976729]], [[0.783994, -0.613292, -0.0960574], [0.111135, 0.290905, -0.950275], [0.61074, 0.734335, 0.296226]], [[0.783994, -0.613292, -0.0960574], [-0.580246, -0.668998, -0.464495], [0.220609, 0.419898, -0.880351]], [[0.783994, -0.613292, -0.0960574], [-0.5972, -0.787377, 0.15294], [-0.16943, -0.0625388, -0.983556]]], "btipPosition": [-5.49966, 72.1267, 78.9851], "carpPosition": [-49.9882, 116.334, 117.761], "dipPosition": [-2.55262, 71.0389, 61.8773], "direction": [0.220609, -0.419898, 0.880351], "extended": false, "handId": 800, "id": 8002, "length": 62.0209, "mcpPosition": [-35.6068, 114.853, 51.9218], "pipPosition": [-8.35918, 82.0909, 38.706], "stabilizedTipPosition": [-5.11132, 69.7865, 74.1915], "timeVisible": 4.50942, "tipPosition": [-6.13362, 72.931, 78.2463], "tipVelocity": [-18.9673, -31.764, 19.0424], "tool": false, "touchDistance": 0.333333, "touchZone": "none", "type": 2, "width": 19.1443}, {"bases": [[[0.748274, -0.663386, 0.00214365], [0.658152, 0.741956, -0.127817], [0.0832018, 0.0970532, 0.991795]], [[0.751917, -0.656373, 0.0616118], [0.198744, 0.136577, -0.970488], [0.628587, 0.741971, 0.233145]], [[0.751917, -0.656373, 0.0616118], [-0.598989, -0.719225, -0.352034], [0.275378, 0.227795, -0.933957]], [[0.751917, -0.656373, 0.0616118], [-0.657701, -0.740439, 0.138487], [-0.0452791, -0.144653, -0.988446]]], "btipPosition": [-22.1559, 69.8317, 86.4035], "carpPosition": [-59.4646, 109.729, 115.029], "dipPosition": [-21.3728, 67.3301, 69.3095], "direction": [0.275378, -0.227795, 0.933957], "extended": false, "handId": 800, "id": 8003, "length": 59.6348, "mcpPosition": [-54.4291, 103.855, 55.0037], "pipPosition": [-28.4338, 73.171, 45.362], "stabilizedTipPosition": [-22.5533, 67.5323, 81.609], "timeVisible": 4.50942, "tipPosition": [-22.4767, 69.5385, 83.675], "tipVelocity": [-21.8423, -22.9587, 12.5001], "tool": false, "touchDistance": 0.333333, "touchZone": "none", "type": 3, "width": 18.217}, {"bases": [[[0.633774, -0.761107, 0.138008], [0.771271, 0.635383, -0.0377996], [-0.0589186, 0.130398, 0.98971]], [[0.635444, -0.772055, -0.0119474], [0.211434, 0.188862, -0.958972], [0.742635, 0.606846, 0.283249]], [[0.635444, -0.772055, -0.0119474], [-0.698702, -0.568346, -0.434509], [0.328674, 0.284453, -0.900588]], [[0.635444, -0.772055, -0.0119474], [-0.771044, -0.635286, 0.0436246], [-0.0412706, -0.018509, -0.998977]]], "btipPosition": [-39.6516, 65.5881, 82.9471], "carpPosition": [-65.9477, 97.6089, 115.423], "dipPosition": [-38.9932, 65.2928, 67.0091], "direction": [0.328674, -0.284453, 0.900588], "extended": false, "handId": 800, "id": 8004, "length": 46.7525, "mcpPosition": [-69.2486, 90.3035, 59.9755], "pipPosition": [-44.9434, 70.4424, 50.7052], "stabilizedTipPosition": [-40.1416, 64.3728, 78.1426], "timeVisible": 4.50942, "tipPosition": [-38.4817, 67.2335, 79.4127], "tipVelocity": [-22.8816, -13.5148, 9.01325], "tool": false, "touchDistance": 0.333333, "touchZone": "none", "type": 4, "width": 16.1818}], "r": [[0.74047, 0.588068, 0.325392], [-0.61769, 0.786271, -0.0153647], [-0.264882, -0.189614, 0.945454]], "s": 1.21911, "t": [14.1623, -64.7744, -9.00361], "timestamp": 747379057644}, {"currentFrameRate": 115.182, "devices": [], "gestures": [], "hands": [{"armBasis": [[0.971372, -0.218719, -0.0927264], [0.046855, -0.206268, 0.977373], [-0.232896, -0.953738, -0.190115]], "armWidth": 63.4054, "confidence": 1, "direction": [0.112752, 0.0958457, -0.98899], "elbow": [9.48305, -162.737, 89.0344], "grabAngle": 2.42716, "grabStrength": 0, "id": 800, "palmNormal": [0.50415, -0.863219, -0.0261803], "palmPosition": [-38.8723, 107.649, 75.406], "palmVelocity": [-8.56659, 10.8084, 0.896669], "palmWidth": 87.9125, "pinchDistance": 61.0211, "pinchStrength": 0.721282, "r": [[0.741401, 0.58675, 0.325652], [-0.616284, 0.78737, -0.0155842], [-0.265552, -0.18914, 0.945361]], "s": 1.22076, "sphereCenter": [-50.214, 51.1653, 52.1607], "sphereRadius": 61.6417, "stabilizedPalmPosition": [-38.1984, 106.096, 74.8415], "t": [-14.2123, -64.7412, -9.01143], "timeVisible": 4.5181, "type": "left", "wrist": [-51.2721, 86.0629, 138.629]}], "id": 1366927, "interactionBox": {"center": [0, 200, 0], "size": [235.247, 235.247, 147.751]}, "pointables": [{"bases": [[[0.825138, -0.472518, -0.309636], [0.460759, 0.88003, -0.115106], [0.326878, -0.0476888, 0.943862]], [[0.885174, -0.446221, 0.131737], [0.445027, 0.894622, 0.0400248], [-0.135715, 0.0231977, 0.990476]], [[0.885174, -0.446221, 0.131737], [0.457486, 0.88631, -0.0718443], [-0.0847014, 0.123863, 0.988678]], [[0.885174, -0.446221, 0.131737], [0.461557, 0.806534, -0.369416], [0.0585905, 0.387801, 0.919879]]], "btipPosition": [-22.8548, 113.928, -20.9591], "carpPosition": [-39.7245, 120.365, 122.185], "dipPosition": [-23.7813, 120.061, -6.4118], "direction": [-0.0847014, -0.123863, -0.988678], "extended": true, "handId": 800, "id": 8001, "length": 54.432, "mcpPosition": [-16.4896, 123.755, 55.094], "pipPosition": [-21.8864, 122.832, 15.7069], "stabilizedTipPosition": [-22.9264, 115.122, -17.5559], "timeVisible": 4.5181, "tipPosition": [-18.1306, 107.281, -15.8056], "tipVelocity": [-32.1596, 44.2098, -5.60571], "tool": false, "touchDistance": 0.312786, "touchZone": "hovering", "type": 1, "width": 19.4926}, {"bases": [[[0.773466, 0.591342, -0.228177], [-0.419618, 0.747533, 0.514894], [0.475048, -0.302506, 0.826329]], [[0.651743, 0.64295, -0.402301], [-0.625429, 0.755661, 0.194462], [0.429033, 0.124872, 0.894616]], [[0.651743, 0.64295, -0.402301], [-0.682768, 0.728338, 0.0579048], [0.330241, 0.236939, 0.913674]], [[0.651743, 0.64295, -0.402301], [-0.753109, 0.611395, -0.242946], [0.0897628, 0.461315, 0.882684]]], "btipPosition": [8.36476, 83.4354, 41.9481], "carpPosition": [-24.6936, 106.929, 133.05], "dipPosition": [6.42029, 93.4286, 61.069], "direction": [0.330241, -0.236939, -0.913674], "extended": false, "handId": 800, "id": 8000, "length": 48.2387, "mcpPosition": [-24.6936, 106.929, 133.05], "pipPosition": [-4.0017, 100.906, 89.9034], "stabilizedTipPosition": [7.58777, 85.19, 46.4034], "timeVisible": 4.5181, "tipPosition": [1.82158, 80.8393, 46.5141], "tipVelocity": [6.86045, 51.1588, -15.8758], "tool": false, "touchDistance": 0.333848, "touchZone": "hovering", "type": 0, "width": 20.4068}, {"bases": [[[0.770995, -0.617671, -0.15508], [0.600689, 0.786215, -0.145046], [0.211517, 0.0186753, 0.977196]], [[0.782291, -0.61544, -0.096204], [0.115344, 0.294889, -0.948544], [0.612141, 0.730941, 0.301676]], [[0.782291, -0.61544, -0.096204], [-0.581242, -0.66566, -0.468033], [0.224007, 0.422055, -0.878459]], [[0.782291, -0.61544, -0.096204], [-0.600144, -0.786028, 0.148281], [-0.166877, -0.0582628, -0.984255]]], "btipPosition": [-5.44572, 72.314, 78.7258], "carpPosition": [-50.0072, 116.279, 117.814], "dipPosition": [-2.54309, 71.3006, 61.6059], "direction": [0.224007, -0.422055, 0.878459], "extended": false, "handId": 800, "id": 8002, "length": 62.0209, "mcpPosition": [-35.7492, 115.02, 51.9433], "pipPosition": [-8.43909, 82.4094, 38.4843], "stabilizedTipPosition": [-5.10349, 69.8404, 74.2056], "timeVisible": 4.5181, "tipPosition": [-6.0869, 73.1106, 78.0734], "tipVelocity": [5.03657, 23.5537, -30.186], "tool": false, "touchDistance": 0.333333, "touchZone": "none", "type": 2, "width": 19.1443}, {"bases": [[[0.746227, -0.665689, 0.00179151], [0.660675, 0.740271, -0.124531], [0.0815726, 0.0941118, 0.992214]], [[0.749775, -0.658848, 0.0612854], [0.202266, 0.14002, -0.969269], [0.63002, 0.73913, 0.238246]], [[0.749775, -0.658848, 0.0612854], [-0.600253, -0.716209, -0.356007], [0.278448, 0.230138, -0.932472]], [[0.749775, -0.658848, 0.0612854], [-0.660315, -0.739026, 0.133506], [-0.0426688, -0.140567, -0.989151]]], "btipPosition": [-22.0753, 69.9195, 86.1947], "carpPosition": [-59.4686, 109.652, 115.082], "dipPosition": [-21.3374, 67.4885, 69.0885], "direction": [0.278448, -0.230138, 0.932472], "extended": false, "handId": 800, "id": 8003, "length": 59.6348, "mcpPosition": [-54.5317, 103.956, 55.0318], "pipPosition": [-28.477, 73.3895, 45.1791], "stabilizedTipPosition": [-22.5377, 67.5762, 81.6247], "timeVisible": 4.5181, "tipPosition": [-22.4154, 69.6588, 83.5406], "tipVelocity": [8.08533, 11.9755, -24.3658], "tool": false, "touchDistance": 0.333333, "touchZone": "none", "type": 3, "width": 18.217}, {"bases": [[[0.631163, -0.763425, 0.137169], [0.773292, 0.633107, -0.0345838], [-0.0604403, 0.127899, 0.989944]], [[0.633085, -0.773974, -0.0129609], [0.214707, 0.191661, -0.957688], [0.743709, 0.603516, 0.287516]], [[0.633085, -0.773974, -0.0129609], [-0.699714, -0.565022, -0.437207], [0.331064, 0.285859, -0.899267]], [[0.633085, -0.773974, -0.0129609], [-0.773067, -0.633024, 0.0405903], [-0.0396204, -0.0156775, -0.999092]]], "btipPosition": [-39.598, 65.6685, 82.8053], "carpPosition": [-65.9136, 97.511, 115.456], "dipPosition": [-38.9659, 65.4184, 66.8655], "direction": [0.331064, -0.285859, 0.899267], "extended": false, "handId": 800, "id": 8004, "length": 46.7525, "mcpPosition": [-69.2997, 90.3455, 59.9955], "pipPosition": [-44.9594, 70.5935, 50.5856], "stabilizedTipPosition": [-40.1281, 64.3972, 78.1622], "timeVisible": 4.5181, "tipPosition": [-38.4272, 67.3131, 79.31], "tipVelocity": [5.47674, 10.4587, -16.3729], "tool": false, "touchDistance": 0.333333, "touchZone": "none", "type": 4, "width": 16.1818}], "r": [[0.741401, 0.58675, 0.325652], [-0.616284, 0.78737, -0.0155842], [-0.265552, -0.18914, 0.945361]], "s": 1.22076, "t": [14.2123, -64.7412, -9.01143], "timestamp": 747379066326}, {"currentFrameRate": 115.198, "devices": [], "gestures": [], "hands": [{"armBasis": [[0.970889, -0.221545, -0.0910633], [0.0444223, -0.207042, 0.977323], [-0.235375, -0.952917, -0.191173]], "armWidth": 63.4054, "confidence": 1, "direction": [0.110936, 0.0970054, -0.989082], "elbow": [10.2468, -162.581, 88.7524], "grabAngle": 2.42455, "grabStrength": 0, "id": 800, "palmNormal": [0.509056, -0.860301, -0.0272791], "palmPosition": [-38.9166, 107.703, 75.4005], "palmVelocity": [-5.12623, 6.23845, -0.634613], "palmWidth": 87.9125, "pinchDistance": 60.9528, "pinchStrength": 0.721251, "r": [[0.742732, 0.584808, 0.326111], [-0.61425, 0.788953, -0.0158334], [-0.266546, -0.188554, 0.945199]], "s": 1.222, "sphereCenter": [-49.9574, 51.0958, 52.1216], "sphereRadius": 61.696, "stabilizedPalmPosition": [-38.2122, 106.127, 74.8522], "t": [-14.2595, -64.6976, -9.01809], "timeVisible": 4.52675, "type": "left", "wrist": [-51.155, 86.0044, 138.623]}], "id": 1366928, "interactionBox": {"center": [0, 200, 0], "size": [235.247, 235.247, 147.751]}, "pointables": [{"bases": [[[0.822811, -0.47708, -0.308832], [0.465942, 0.877434, -0.114054], [0.325393, -0.0500534, 0.944253]], [[0.882432, -0.451357, 0.13263], [0.450493, 0.891963, 0.0381812], [-0.135535, 0.0260567, 0.99043]], [[0.882432, -0.451357, 0.13263], [0.462496, 0.883931, -0.0690132], [-0.0860866, 0.12224, 0.98876]], [[0.882432, -0.451357, 0.13263], [0.467005, 0.806447, -0.362699], [0.0567472, 0.381996, 0.92242]]], "btipPosition": [-23.0708, 114.135, -21.0248], "carpPosition": [-39.7819, 120.39, 122.187], "dipPosition": [-23.9682, 120.176, -6.43731], "direction": [-0.0860866, -0.12224, -0.98876], "extended": true, "handId": 800, "id": 8001, "length": 54.432, "mcpPosition": [-16.6526, 123.947, 55.0685], "pipPosition": [-22.0423, 122.911, 15.6833], "stabilizedTipPosition": [-23.0844, 115.303, -17.6072], "timeVisible": 4.52675, "tipPosition": [-18.3016, 107.521, -15.842], "tipVelocity": [-