{"frames": 92, "data": [{"currentFrameRate": 115.338, "devices": [], "gestures": [], "hands": [{"armBasis": [[0.123552, -0.990317, -0.0633075], [0.890854, 0.138795, -0.432568], [0.437166, -0.00295325, 0.899376]], "armWidth": 60.3619, "confidence": 1, "direction": [0.200748, 0.215242, -0.955705], "elbow": [-83.0029, 107.365, 364.135], "grabAngle": 0.274192, "grabStrength": 0, "id": 781, "palmNormal": [0.978785, -0.084898, 0.186475], "palmPosition": [45.9701, 127.444, 77.3392], "palmVelocity": [3.36499, 6.38862, -0.891396], "palmWidth": 83.5863, "pinchDistance": 56.7682, "pinchStrength": 0, "r": [[0.530423, -0.266049, 0.804903], [0.846211, 0.109307, -0.521515], [0.0507667, 0.957742, 0.283112]], "s": 1.01745, "sphereCenter": [107.55, 103.898, 53.4647], "sphereRadius": 76.7176, "stabilizedPalmPosition": [45.7874, 127.425, 77.3307], "t": [-7.75023, -35.8241, 0.519181], "timeVisible": 4.47477, "type": "left", "wrist": [25.4275, 108.098, 141.062]}], "id": 1356340, "interactionBox": {"center": [0, 200, 0], "size": [235.247, 235.247, 147.751]}, "pointables": [{"bases": [[[0.852777, -0.273542, -0.444911], [0.483074, 0.736921, 0.47285], [0.19852, -0.618161, 0.76057]], [[0.757813, -0.0813767, -0.647377], [0.457823, 0.773252, 0.438724], [0.464883, -0.628855, 0.623237]], [[0.757813, -0.0813767, -0.647377], [0.275334, 0.939407, 0.204218], [0.591532, -0.333004, 0.734301]], [[0.757813, -0.0813767, -0.647377], [0.0522657, 0.996575, -0.0640899], [0.650375, 0.0147326, 0.759471]]], "btipPosition": [96.7098, 173.477, 64.2505], "carpPosition": [41.9938, 134.25, 133.231], "dipPosition": [82.3452, 173.802, 81.0246], "direction": [0.591532, 0.333004, -0.734301], "extended": false, "handId": 781, "id": 7810, "length": 49.1837, "mcpPosition": [41.9938, 134.25, 133.231], "pipPosition": [63.3115, 163.087, 104.652], "stabilizedTipPosition": [93.2143, 173.571, 68.2012], "timeVisible": 4.47477, "tipPosition": [97.2318, 173.195, 70.6629], "tipVelocity": [10.3862, 5.39908, -3.46679], "tool": false, "touchDistance": 0.10658, "touchZone": "hovering", "type": 0, "width": 19.4377}, {"bases": [[[0.00671204, -0.922913, -0.384951], [0.937578, 0.139665, -0.318498], [0.34771, -0.358784, 0.86624]], [[0.0286826, -0.94375, -0.329412], [0.874425, 0.183359, -0.449178], [0.484313, -0.275163, 0.830498]], [[0.0286826, -0.94375, -0.329412], [0.674568, 0.261468, -0.690356], [0.737655, -0.20241, 0.644124]], [[0.0286826, -0.94375, -0.329412], [0.560774, 0.287996, -0.776267], [0.827472, -0.16246, 0.537491]]], "btipPosition": [99.3863, 173.324, 3.22516], "carpPosition": [26.0821, 130.683, 118.8], "dipPosition": [86.044, 170.704, 11.8917], "direction": [0.737655, 0.20241, -0.644124], "extended": true, "handId": 781, "id": 7811, "length": 55.4983, "mcpPosition": [49.5815, 154.931, 60.2568], "pipPosition": [69.2179, 166.087, 26.5844], "stabilizedTipPosition": [96.1994, 172.672, 5.24668], "timeVisible": 4.47477, "tipPosition": [94.3143, 175.396, 5.66558], "tipVelocity": [2.60304, 5.00416, -1.81435], "tool": false, "touchDistance": 0.157931, "touchZone": "hovering", "type": 1, "width": 18.5669}, {"bases": [[[-0.106306, -0.973097, -0.204405], [0.932621, -0.0262856, -0.359897], [0.344842, -0.228892, 0.910325]], [[-0.103778, -0.974747, -0.197733], [0.949975, -0.0382609, -0.309972], [0.294579, -0.22001, 0.929956]], [[-0.103778, -0.974747, -0.197733], [0.91868, -0.0177613, -0.394602], [0.381125, -0.222605, 0.897324]], [[-0.103778, -0.974747, -0.197733], [0.851294, 0.015754, -0.524453], [0.514324, -0.222756, 0.828161]]], "btipPosition": [79.5794, 155.371, -25.8876], "carpPosition": [24.729, 120.768, 113.526], "dipPosition": [70.4581, 151.42, -11.2005], "direction": [0.381125, 0.222605, -0.897324], "extended": true, "handId": 781, "id": 7812, "length": 63.2359, "mcpPosition": [46.8303, 135.438, 55.1822], "pipPosition": [60.2302, 145.446, 12.8802], "stabilizedTipPosition": [77.408, 154.386, -22.5193], "timeVisible": 4.47477, "tipPosition": [76.9033, 152.789, -22.2715], "tipVelocity": [2.71552, 6.87913, 0.216624], "tool": false, "touchDistance": 0.0878561, "touchZone": "hovering", "type": 2, "width": 18.2351}, {"bases": [[[-0.124401, -0.991405, -0.0404991], [0.933161, -0.103025, -0.344379], [0.337247, -0.0806334, 0.937957]], [[-0.151573, -0.981486, -0.117094], [0.951259, -0.112656, -0.287081], [0.268574, -0.154901, 0.950723]], [[-0.151573, -0.981486, -0.117094], [0.925983, -0.0995514, -0.364204], [0.345804, -0.163631, 0.923929]], [[-0.151573, -0.981486, -0.117094], [0.878982, -0.0796524, -0.470156], [0.452125, -0.174187, 0.874781]]], "btipPosition": [73.1547, 128.512, -23.3929], "carpPosition": [25.4114, 109.991, 110.247], "dipPosition": [65.1825, 125.44, -7.96823], "direction": [0.345804, 0.163631, -0.923929], "extended": true, "handId": 781, "id": 7813, "length": 60.803, "mcpPosition": [44.8176, 114.631, 56.2738], "pipPosition": [56.1421, 121.163, 16.1862], "stabilizedTipPosition": [71.2363, 127.772, -19.8548], "timeVisible": 4.47477, "tipPosition": [74.0032, 124.098, -18.7681], "tipVelocity": [3.69996, 3.70084, 0.0261566], "tool": false, "touchDistance": 0.111518, "touchZone": "hovering", "type": 3, "width": 17.3519}, {"bases": [[[-0.236996, -0.963332, 0.125793], [0.928556, -0.262687, -0.262257], [0.285685, 0.054652, 0.956764]], [[-0.265818, -0.963721, 0.0241378], [0.94722, -0.265757, -0.179298], [0.179208, -0.0247967, 0.983499]], [[-0.265818, -0.963721, 0.0241378], [0.925895, -0.262196, -0.271978], [0.26844, -0.0499474, 0.962001]], [[-0.265818, -0.963721, 0.0241378], [0.88019, -0.252838, -0.401669], [0.3932, -0.0855248, 0.915467]]], "btipPosition": [63.8015, 98.5548, -5.33629], "carpPosition": [31.2528, 98.3253, 111.095], "dipPosition": [57.4053, 97.1635, 9.55547], "direction": [0.26844, 0.0499474, -0.962001], "extended": true, "handId": 781, "id": 7814, "length": 47.6684, "mcpPosition": [46.4704, 95.4142, 60.1311], "pipPosition": [52.4504, 96.2416, 27.3123], "stabilizedTipPosition": [62.1087, 98.1967, -1.96153], "timeVisible": 4.47477, "tipPosition": [68.0704, 94.8848, 0.477758], "tipVelocity": [6.61004, 1.77459, 0.949956], "tool": false, "touchDistance": 0.126675, "touchZone": "hovering", "type": 4, "width": 15.4133}], "r": [[0.530423, -0.266049, 0.804903], [0.846211, 0.109307, -0.521515], [0.0507667, 0.957742, 0.283112]], "s": 1.01745, "t": [7.75023, -35.8241, 0.519181], "timestamp": 747285678026}, {"currentFrameRate": 114.899, "devices": [], "gestures": [], "hands": [{"armBasis": [[0.124271, -0.990333, -0.0616244], [0.891006, 0.138706, -0.432284], [0.436653, -0.00118741, 0.899629]], "armWidth": 60.3619, "confidence": 1, "direction": [0.201105, 0.215361, -0.955603], "elbow": [-82.8751, 107.837, 364.176], "grabAngle": 0.275964, "grabStrength": 0, "id": 781, "palmNormal": [0.978715, -0.0849055, 0.186834], "palmPosition": [45.9862, 127.467, 77.322], "palmVelocity": [1.70014, 2.38207, -1.81643], "palmWidth": 83.5863, "pinchDistance": 56.7982, "pinchStrength": 0, "r": [[0.530581, -0.266009, 0.804813], [0.846103, 0.10916, -0.521722], [0.0509296, 0.95777, 0.282989]], "s": 1.01721, "sphereCenter": [107.984, 103.669, 53.5833], "sphereRadius": 77.0825, "stabilizedPalmPosition": [45.8195, 127.432, 77.3293], "t": [-7.72766, -35.7885, 0.507518], "timeVisible": 4.48422, "type": "left", "wrist": [25.4281, 108.131, 141.04]}], "id": 1356341, "interactionBox": {"center": [0, 200, 0], "size": [235.247, 235.247, 147.751]}, "pointables": [{"bases": [[[0.852605, -0.273501, -0.445266], [0.483264, 0.736856, 0.472757], [0.198797, -0.618256, 0.76042]], [[0.757321, -0.0809319, -0.648009], [0.457577, 0.773734, 0.438132], [0.465927, -0.62832, 0.622997]], [[0.757321, -0.0809319, -0.648009], [0.275598, 0.939206, 0.204787], [0.59204, -0.333679, 0.733585]], [[0.757321, -0.0809319, -0.648009], [0.0530103, 0.996635, -0.0625204], [0.650888, 0.0129968, 0.759062]]], "btipPosition": [96.7802, 173.528, 64.2757], "carpPosition": [41.9887, 134.266, 133.213], "dipPosition": [82.4043, 173.815, 81.0408], "direction": [0.59204, 0.333679, -0.733585], "extended": false, "handId": 781, "id": 7810, "length": 49.1837, "mcpPosition": [41.9887, 134.266, 133.213], "pipPosition": [63.3542, 163.078, 104.645], "stabilizedTipPosition": [93.2868, 173.578, 68.1818], "timeVisible": 4.48422, "tipPosition": [97.2359, 173.221, 70.6614], "tipVelocity": [7.17823, 4.48624, 2.45011], "tool": false, "touchDistance": 0.106965, "touchZone": "hovering", "type": 0, "width": 19.4377}, {"bases": [[[0.00655255, -0.922866, -0.385065], [0.93746, 0.139689, -0.318834], [0.348031, -0.358894, 0.866066]], [[0.0284907, -0.943665, -0.329673], [0.874304, 0.183396, -0.449398], [0.484542, -0.275431, 0.830275]], [[0.0284907, -0.943665, -0.329673], [0.674624, 0.261521, -0.690282], [0.737611, -0.202739, 0.64407]], [[0.0284907, -0.943665, -0.329673], [0.560164, 0.288228, -0.776621], [0.827892, -0.162545, 0.536819]]], "btipPosition": [99.4234, 173.368, 3.23378], "carpPosition": [26.0825, 130.7, 118.776], "dipPosition": [86.0744, 170.747, 11.8895], "direction": [0.737611, 0.202739, -0.64407], "extended": true, "handId": 781, "id": 7811, "length": 55.4983, "mcpPosition": [49.6036, 154.955, 60.2443], "pipPosition": [69.2493, 166.123, 26.581], "stabilizedTipPosition": [96.2357, 172.694, 5.24147], "timeVisible": 4.48422, "tipPosition": [94.3585, 175.425, 5.67204], "tipVelocity": [3.76665, 4.6641, 0.648461], "tool": false, "touchDistance": 0.158034, "touchZone": "hovering", "type": 1, "width": 18.5669}, {"bases": [[[-0.106398, -0.97307, -0.204483], [0.932485, -0.0262564, -0.360252], [0.345182, -0.229007, 0.910168]], [[-0.10389, -0.974707, -0.197872], [0.949891, -0.0382667, -0.310229], [0.294811, -0.220187, 0.929841]], [[-0.10389, -0.974707, -0.197872], [0.918132, -0.0174921, -0.395889], [0.382414, -0.222802, 0.896727]], [[-0.10389, -0.974707, -0.197872], [0.850005, 0.0162891, -0.526523], [0.516429, -0.222893, 0.826813]]], "btipPosition": [79.6862, 155.411, -25.8583], "carpPosition": [24.7316, 120.786, 113.5], "dipPosition": [70.5276, 151.459, -11.1951], "direction": [0.382414, 0.222802, -0.896726], "extended": true, "handId": 781, "id": 7812, "length": 63.2359, "mcpPosition": [46.8546, 135.464, 55.1663], "pipPosition": [60.265, 145.479, 12.8696], "stabilizedTipPosition": [77.4671, 154.426, -22.5077], "timeVisible": 4.48422, "tipPosition": [76.9587, 152.83, -22.2746], "tipVelocity": [10.3896, 4.27784, 2.52104], "tool": false, "touchDistance": 0.0882531, "touchZone": "hovering", "type": 2, "width": 18.2351}, {"bases": [[[-0.124432, -0.991398, -0.0405723], [0.933029, -0.102998, -0.344743], [0.337599, -0.0807523, 0.93782]], [[-0.151515, -0.981527, -0.11682], [0.951145, -0.11261, -0.287477], [0.269011, -0.15467, 0.950637]], [[-0.151515, -0.981527, -0.11682], [0.925497, -0.0993661, -0.365488], [0.347128, -0.163494, 0.923456]], [[-0.151515, -0.981527, -0.11682], [0.877887, -0.0793093, -0.472255], [0.454266, -0.174109, 0.873687]]], "btipPosition": [73.2697, 128.522, -23.3768], "carpPosition": [25.4153, 110.009, 110.22], "dipPosition": [65.2598, 125.452, -7.9714], "direction": [0.347128, 0.163494, -0.923456], "extended": true, "handId": 781, "id": 7813, "length": 60.803, "mcpPosition": [44.8418, 114.656, 56.2546], "pipPosition": [56.1847, 121.178, 16.1707], "stabilizedTipPosition": [71.3051, 127.788, -19.8471], "timeVisible": 4.48422, "tipPosition": [74.0448, 124.147, -18.7794], "tipVelocity": [11.2507, 1.13088, 1.23649], "tool": false, "touchDistance": 0.111713, "touchZone": "hovering", "type": 3, "width": 17.3519}, {"bases": [[[-0.236964, -0.963344, 0.125766], [0.928453, -0.262669, -0.262639], [0.286047, 0.0545316, 0.956663]], [[-0.265596, -0.963761, 0.0249646], [0.94716, -0.265677, -0.17973], [0.179849, -0.0240902, 0.983399]], [[-0.265596, -0.963761, 0.0249646], [0.925447, -0.262124, -0.273566], [0.270196, -0.0495548, 0.961529]], [[-0.265596, -0.963761, 0.0249646], [0.878982, -0.252708, -0.404388], [0.396042, -0.0854606, 0.914247]]], "btipPosition": [63.9246, 98.5475, -5.32528], "carpPosition": [31.2565, 98.3435, 111.069], "dipPosition": [57.4822, 97.1573, 9.54663], "direction": [0.270196, 0.0495548, -0.961529], "extended": true, "handId": 781, "id": 7814, "length": 47.6684, "mcpPosition": [46.4934, 95.4388, 60.1102], "pipPosition": [52.4949, 96.2426, 27.2947], "stabilizedTipPosition": [62.1939, 98.2046, -1.94705], "timeVisible": 4.48422, "tipPosition": [68.0859, 94.9345, 0.452458], "tipVelocity": [11.9023, -0.743195, 0.682327], "tool": false, "touchDistance": 0.126783, "touchZone": "hovering", "type": 4, "width": 15.4133}], "r": [[0.530581, -0.266009, 0.804813], [0.846103, 0.10916, -0.521722], [0.0509296, 0.95777, 0.282989]], "s": 1.01721, "t": [7.72766, -35.7885, 0.507518], "timestamp": 747285687476}, {"currentFrameRate": 115.03, "devices": [], "gestures": [], "hands": [{"armBasis": [[0.1245, -0.990382, -0.0603614], [0.891117, 0.138361, -0.432165], [0.43636, 1.55609e-05, 0.899772]], "armWidth": 60.3619, "confidence": 1, "direction": [0.20182, 0.215695, -0.955376], "elbow": [-82.8016, 108.156, 364.189], "grabAngle": 0.277972, "grabStrength": 0, "id": 781, "palmNormal": [0.978589, -0.0846362, 0.187616], "palmPosition": [46.0229, 127.496, 77.3171], "palmVelocity": [4.32577, 3.48317, -0.587141], "palmWidth": 83.5863, "pinchDistance": 56.832, "pinchStrength": 0, "r": [[0.530821, -0.266058, 0.804638], [0.845938, 0.109016, -0.52202], [0.0511695, 0.957773, 0.282936]], "s": 1.0172, "sphereCenter": [108.415, 103.49, 53.7244], "sphereRadius": 77.4142, "stabilizedPalmPosition": [45.8487, 127.441, 77.3275], "t": [-7.69806, -35.7559, 0.4992], "timeVisible": 4.49269, "type": "left", "wrist": [25.429, 108.152, 141.018]}], "id": 1356342, "interactionBox": {"center": [0, 200, 0], "size": [235.247, 235.247, 147.751]}, "pointables": [{"bases": [[[0.852149, -0.273656, -0.446044], [0.483895, 0.736565, 0.472566], [0.199219, -0.618534, 0.760083]], [[0.7563, -0.0802963, -0.649278], [0.457661, 0.774119, 0.437363], [0.4675, -0.627927, 0.622215]], [[0.7563, -0.0802963, -0.649278], [0.276342, 0.938767, 0.205794], [0.592997, -0.335065, 0.732179]], [[0.7563, -0.0802963, -0.649278], [0.0540318, 0.996715, -0.0603258], [0.65199, 0.0105427, 0.758155]]], "btipPosition": [96.8959, 173.621, 64.3705], "carpPosition": [41.9771, 134.278, 133.207], "dipPosition": [82.4956, 173.854, 81.1156], "direction": [0.592997, 0.335065, -0.732179], "extended": false, "handId": 781, "id": 7810, "length": 49.1837, "mcpPosition": [41.9771, 134.278, 133.207], "pipPosition": [63.4148, 163.073, 104.675], "stabilizedTipPosition": [93.3554, 173.6, 68.191], "timeVisible": 4.49269, "tipPosition": [97.2391, 173.272, 70.6953], "tipVelocity": [12.9936, 9.5415, 10.6462], "tool": false, "touchDistance": 0.108468, "touchZone": "hovering", "type": 0, "width": 19.4377}, {"bases": [[[0.00593222, -0.92276, -0.385329], [0.937243, 0.139471, -0.319566], [0.348625, -0.359251, 0.865678]], [[0.0277455, -0.94344, -0.330379], [0.873882, 0.183364, -0.450232], [0.485347, -0.27622, 0.829543]], [[0.0277455, -0.94344, -0.330379], [0.67391, 0.261758, -0.690889], [0.738292, -0.203477, 0.643057]], [[0.0277455, -0.94344, -0.330379], [0.558946, 0.288651, -0.777341], [0.82874, -0.163096, 0.535341]]], "btipPosition": [99.5269, 173.461, 3.31612], "carpPosition": [26.084, 130.711, 118.755], "dipPosition": [86.1642, 170.832, 11.9481], "direction": [0.738292, 0.203477, -0.643057], "extended": true, "handId": 781, "id": 7811, "length": 55.4983, "mcpPosition": [49.6453, 154.991, 60.25], "pipPosition": [69.3235, 166.19, 26.6164], "stabilizedTipPosition": [96.2806, 172.728, 5.25385], "timeVisible": 4.49269, "tipPosition": [94.4439, 175.484, 5.71917], "tipVelocity": [11.845, 10.7606, 9.075], "tool": false, "touchDistance": 0.159315, "touchZone": "hovering", "type": 1, "width": 18.5669}, {"bases": [[[-0.106886, -0.972978, -0.204668], [0.93218, -0.0264619, -0.361027], [0.345855, -0.229376, 0.909819]], [[-0.104445, -0.974571, -0.198248], [0.94968, -0.0385461, -0.310842], [0.295296, -0.220738, 0.929556]], [[-0.104445, -0.974571, -0.198248], [0.917318, -0.0173937, -0.397775], [0.384212, -0.223402, 0.895808]], [[-0.104445, -0.974571, -0.198248], [0.848269, 0.0167613, -0.529301], [0.519164, -0.223451, 0.824948]]], "btipPosition": [79.8572, 155.499, -25.7896], "carpPosition": [24.7406, 120.799, 113.476], "dipPosition": [70.6501, 151.536, -11.1596], "direction": [0.384212, 0.223402, -0.895808], "extended": true, "handId": 781, "id": 7812, "length": 63.2359, "mcpPosition": [46.9069, 135.5, 55.1643], "pipPosition": [60.3393, 145.54, 12.8806], "stabilizedTipPosition": [77.5495, 154.475, -22.4826], "timeVisible": 4.49269, "tipPosition": [77.0717, 152.904, -22.2477], "tipVelocity": [18.8763, 10.011, 7.20771], "tool": false, "touchDistance": 0.0892706, "touchZone": "hovering", "type": 2, "width": 18.2351}, {"bases": [[[-0.124791, -0.991346, -0.0407476], [0.932711, -0.103208, -0.34554], [0.338344, -0.0811262, 0.937519]], [[-0.151827, -0.981498, -0.116666], [0.950934, -0.112857, -0.288077], [0.26958, -0.154679, 0.950474]], [[-0.151827, -0.981498, -0.116666], [0.924829, -0.0994182, -0.367162], [0.34877, -0.163641, 0.922812]], [[-0.151827, -0.981498, -0.116666], [0.876467, -0.0791291, -0.474915], [0.456896, -0.174359, 0.872264]]], "btipPosition": [73.4411, 128.566, -23.3375], "carpPosition": [25.4306, 110.023, 110.193], "dipPosition": [65.3849, 125.491, -7.95718], "direction": [0.34877, 0.163641, -0.922812], "extended": true, "handId": 781, "id": 7813, "length": 60.803, "mcpPosition": [44.9, 114.691, 56.2451], "pipPosition": [56.2669, 121.213, 16.168], "stabilizedTipPosition": [71.3948, 127.81, -19.8322], "timeVisible": 4.49269, "tipPosition": [74.1526, 124.226, -18.7658], "tipVelocity": [18.9853, 5.03646, 3.95943], "tool": false, "touchDistance": 0.112272, "touchZone": "hovering", "type": 3, "width": 17.3519}, {"bases": [[[-0.237177, -0.963301, 0.125691], [0.92815, -0.262901, -0.263477], [0.286852, 0.0541694, 0.956442]], [[-0.265597, -0.963733, 0.0260066], [0.946972, -0.265848, -0.180467], [0.180836, -0.023304, 0.983237]], [[-0.265597, -0.963733, 0.0260066], [0.924824, -0.262308, -0.275492], [0.272323, -0.0491184, 0.960952]], [[-0.265597, -0.963733, 0.0260066], [0.877522, -0.252834, -0.407468], [0.399266, -0.0854011, 0.912849]]], "btipPosition": [64.1105, 98.5467, -5.3], "carpPosition": [31.275, 98.3587, 111.044], "dipPosition": [57.6157, 97.1575, 9.54918], "direction": [0.272323, 0.0491184, -0.960952], "extended": true, "handId": 781, "id": 7814, "length": 47.6684, "mcpPosition": [46.5547, 95.4733, 60.0967], "pipPosition": [52.5891, 96.2509, 27.2866], "stabilizedTipPosition": [62.2901, 98.2097, -1.93286], "timeVisible": 4.49269, "tipPosition": [68.1643, 95.0115, 0.443057], "tipVelocity": [20.5287, -0.06357, 2.36772], "tool": false, "touchDistance": 0.127117, "touchZone": "hovering", "type": 4, "width": 15.4133}], "r": [[0.530821, -0.266058, 0.804638], [0.845938, 0.109016, -0.52202], [0.0511695, 0.957773, 0.282936]], "s": 1.0172, "t": [7.69806, -35.7559, 0.4992], "timestamp": 747285695946}, {"currentFrameRate": 115.116, "devices": [], "gestures": [], "hands": [{"armBasis": [[0.124328, -0.990472, -0.0592202], [0.89128, 0.137708, -0.432037], [0.436076, 0.000932444, 0.899909]], "armWidth": 60.3619, "confidence": 1, "direction": [0.20194, 0.215405, -0.955417], "elbow": [-82.7175, 108.409, 364.201], "grabAngle": 0.279754, "grabStrength": 0, "id": 781, "palmNormal": [0.978585, -0.0841235, 0.187871], "palmPosition": [46.0375, 127.499, 77.2897], "palmVelocity": [1.71652, 0.282423, -3.20833], "palmWidth": 83.5863, "pinchDistance": 56.8767, "pinchStrength": 0, "r": [[0.531027, -0.26608, 0.804495], [0.845791, 0.108783, -0.522306], [0.0514599, 0.957793, 0.282815]], "s": 1.01735, "sphereCenter": [108.818, 103.284, 53.8224], "sphereRadius": 77.7521, "stabilizedPalmPosition": [45.8692, 127.448, 77.3234], "t": [-7.67593, -35.7384, 0.481342], "timeVisible": 4.50123, "type": "left", "wrist": [25.4427, 108.178, 140.996]}], "id": 1356343, "interactionBox": {"center": [0, 200, 0], "size": [235.247, 235.247, 147.751]}, "pointables": [{"bases": [[[0.851925, -0.274215, -0.446128], [0.484332, 0.736536, 0.472163], [0.199115, -0.618321, 0.760284]], [[0.75572, -0.0802884, -0.649954], [0.457754, 0.774512, 0.436569], [0.468346, -0.627444, 0.622067]], [[0.75572, -0.0802884, -0.649954], [0.277219, 0.938372, 0.206414], [0.593326, -0.336171, 0.731405]], [[0.75572, -0.0802884, -0.649954], [0.0554619, 0.996737, -0.0586391], [0.652542, 0.0082671, 0.757708]]], "btipPosition": [96.9564, 173.708, 64.381], "carpPosition": [41.9761, 134.301, 133.176], "dipPosition": [82.5439, 173.89, 81.1162], "direction": [0.593327, 0.336171, -0.731405], "extended": false, "handId": 781, "id": 7810, "length": 49.1837, "mcpPosition": [41.9761, 134.301, 133.176], "pipPosition": [63.4525, 163.073, 104.651], "stabilizedTipPosition": [93.4232, 173.635, 68.2003], "timeVisible": 4.50123, "tipPosition": [97.2126, 173.297, 70.6463], "tipVelocity": [6.75988, 8.77688, 0.970866], "tool": false, "touchDistance": 0.108607, "touchZone": "hovering", "type": 0, "width": 19.4377}, {"bases": [[[0.00543191, -0.922916, -0.384963], [0.937233, 0.138924, -0.319834], [0.348661, -0.359063, 0.865742]], [[0.0270748, -0.943434, -0.330453], [0.873924, 0.182828, -0.450367], [0.485307, -0.276598, 0.82944]], [[0.0270748, -0.943434, -0.330453], [0.673839, 0.261404, -0.691092], [0.738382, -0.203961, 0.6428]], [[0.0270748, -0.943434, -0.330453], [0.55829, 0.288485, -0.777874], [0.829204, -0.163428, 0.53452]]], "btipPosition": [99.5411, 173.49, 3.30186], "carpPosition": [26.0878, 130.721, 118.722], "dipPosition": [86.1709, 170.855, 11.9206], "direction": [0.738382, 0.203961, -0.6428], "extended": true, "handId": 781, "id": 7811, "length": 55.4983, "mcpPosition": [49.6515, 154.988, 60.2125], "pipPosition": [69.3282, 166.203, 26.583], "stabilizedTipPosition": [96.3176, 172.759, 5.2599], "timeVisible": 4.50123, "tipPosition": [94.4581, 175.473, 5.6827], "tipVelocity": [1.45778, 3.24512, -2.02648], "tool": false, "touchDistance": 0.159026, "touchZone": "hovering", "type": 1, "width": 18.5669}, {"bases": [[[-0.107368, -0.973012, -0.204256], [0.932086, -0.0270228, -0.361228], [0.345959, -0.229169, 0.909832]], [[-0.104965, -0.974578, -0.197938], [0.949644, -0.0391398, -0.310878], [0.295227, -0.220602, 0.92961]], [[-0.104965, -0.974578, -0.197938], [0.916774, -0.0176989, -0.399015], [0.385368, -0.223347, 0.895326]], [[-0.104965, -0.974578, -0.197938], [0.846997, 0.0166909, -0.531336], [0.521133, -0.223424, 0.823713]]], "btipPosition": [79.9362, 155.484, -25.7876], "carpPosition": [24.7501, 120.806, 113.446], "dipPosition": [70.6941, 151.522, -11.1794], "direction": [0.385368, 0.223347, -0.895325], "extended": true, "handId": 781, "id": 7812, "length": 63.2359, "mcpPosition": [46.923, 135.494, 55.1339], "pipPosition": [60.3523, 145.528, 12.8477], "stabilizedTipPosition": [77.6284, 154.504, -22.466], "timeVisible": 4.50123, "tipPosition": [77.1001, 152.887, -22.2787], "tipVelocity": [8.30322, -1.64857, -0.353536], "tool": false, "touchDistance": 0.0892203, "touchZone": "hovering", "type": 2, "width": 18.2351}, {"bases": [[[-0.125244, -0.991306, -0.0403248], [0.932587, -0.103763, -0.34571], [0.33852, -0.0809046, 0.937475]], [[-0.152173, -0.981535, -0.1159], [0.950873, -0.113405, -0.288061], [0.269598, -0.154042, 0.950572]], [[-0.152173, -0.981535, -0.1159], [0.924381, -0.0998379, -0.368174], [0.349804, -0.163162, 0.922505]], [[-0.152173, -0.981535, -0.1159], [0.875388, -0.0794092, -0.476854], [0.458846, -0.174022, 0.871308]]], "btipPosition": [73.5285, 128.514, -23.3393], "carpPosition": [25.4456, 110.029, 110.168], "dipPosition": [65.4378, 125.446, -7.97586], "direction": [0.349804, 0.163162, -0.922505], "extended": true, "handId": 781, "id": 7813, "length": 60.803, "mcpPosition": [44.9251, 114.685, 56.2226], "pipPosition": [56.2929, 121.18, 16.1413], "stabilizedTipPosition": [71.479, 127.81, -19.824], "timeVisible": 4.50123, "tipPosition": [74.1817, 124.215, -18.7891], "tipVelocity": [9.30243, -5.90939, -0.66731], "tool": false, "touchDistance": 0.112177, "touchZone": "hovering", "type": 3, "width": 17.3519}, {"bases": [[[-0.23758, -0.963145, 0.126128], [0.927973, -0.263421, -0.263583], [0.287093, 0.0544216, 0.956356]], [[-0.265759, -0.963649, 0.0274248], [0.946868, -0.266265, -0.180401], [0.181146, -0.0219756, 0.983211]], [[-0.265759, -0.963649, 0.0274248], [0.924364, -0.262795, -0.276568], [0.273721, -0.0481498, 0.960603]], [[-0.265759, -0.963649, 0.0274248], [0.876416, -0.253356, -0.409518], [0.40158, -0.0847975, 0.91189]]], "btipPosition": [64.2172, 98.4705, -5.29161], "carpPosition": [31.2951, 98.3679, 111.024], "dipPosition": [57.6848, 97.0911, 9.54196], "direction": [0.273721, 0.0481498, -0.960603], "extended": true, "handId": 781, "id": 7814, "length": 47.6684, "mcpPosition": [46.5876, 95.4691, 60.0822], "pipPosition": [52.6324, 96.2024, 27.273], "stabilizedTipPosition": [62.3855, 98.1971, -1.92096], "timeVisible": 4.50123, "tipPosition": [68.1833, 95.0091, 0.421975], "tipVelocity": [11.4808, -8.66075, 0.562074], "tool": false, "touchDistance": 0.127197, "touchZone": "hovering", "type": 4, "width": 15.4133}], "r": [[0.531027, -0.26608, 0.804495], [0.845791, 0.108783, -0.522306], [0.0514599, 0.957793, 0.282815]], "s": 1.01735, "t": [7.67593, -35.7384, 0.481342], "timestamp": 747285704486}, {"currentFrameRate": 115.368, "devices": [], "gestures": [], "hands": [{"armBasis": [[0.123848, -0.990585, -0.0583415], [0.891437, 0.136894, -0.431973], [0.435892, 0.0014913, 0.899998]], "armWidth": 60.3619, "confidence": 1, "direction": [0.202167, 0.215033, -0.955452], "elbow": [-82.6475, 108.595, 364.228], "grabAngle": 0.280621, "grabStrength": 0, "id": 781, "palmNormal": [0.978563, -0.0834813, 0.188269], "palmPosition": [46.069, 127.521, 77.2901], "palmVelocity": [3.82014, 2.73107, 0.0500354], "palmWidth": 83.5863, "pinchDistance": 56.9723, "pinchStrength": 0, "r": [[0.531219, -0.266075, 0.804369], [0.845648, 0.108449, -0.522607], [0.0518197, 0.957832, 0.282616]], "s": 1.01755, "sphereCenter": [109.27, 103.059, 53.9522], "sphereRadius": 78.1307, "stabilizedPalmPosition": [45.8905, 127.455, 77.3199], "t": [-7.64912, -35.7184, 0.472619], "timeVisible": 4.50947, "type": "left", "wrist": [25.4671, 108.225, 141.001]}], "id": 1356344, "interactionBox": {"center": [0, 200, 0], "size": [235.247, 235.247, 147.751]}, "pointables": [{"bases": [[[0.851609, -0.274918, -0.446298], [0.484915, 0.736505, 0.471613], [0.199046, -0.618046, 0.760526]], [[0.75517, -0.0806298, -0.650552], [0.458207, 0.774629, 0.435885], [0.468791, -0.627255, 0.621921]], [[0.75517, -0.0806298, -0.650552], [0.278353, 0.937937, 0.206868], [0.593497, -0.337304, 0.730745]], [[0.75517, -0.0806298, -0.650552], [0.0573246, 0.996728, -0.0569918], [0.653018, 0.00574585, 0.75732]]], "btipPosition": [97.0002, 173.84, 64.4129], "carpPosition": [41.9835, 134.35, 133.172], "dipPosition": [82.5772, 173.967, 81.1396], "direction": [0.593497, 0.337304, -0.730745], "extended": false, "handId": 781, "id": 7810, "length": 49.1837, "mcpPosition": [41.9835, 134.35, 133.172], "pipPosition": [63.4803, 163.113, 104.653], "stabilizedTipPosition": [93.4825, 173.689, 68.2139], "timeVisible": 4.50947, "tipPosition": [97.2001, 173.348, 70.6279], "tipVelocity": [5.02223, 14.4729, 3.63345], "tool": false, "touchDistance": 0.109106, "touchZone": "hovering", "type": 0, "width": 19.4377}, {"bases": [[[0.00477654, -0.923114, -0.384496], [0.937194, 0.138238, -0.320245], [0.348775, -0.358818, 0.865798]], [[0.0263919, -0.943586, -0.330075], [0.874313, 0.181869, -0.45], [0.484644, -0.276713, 0.829789]], [[0.0263919, -0.943586, -0.330075], [0.675167, 0.260324, -0.690204], [0.737193, -0.20464, 0.643948]], [[0.0263919, -0.943586, -0.330075], [0.559356, 0.2876, -0.777436], [0.828507, -0.164111, 0.53539]]], "btipPosition": [99.4982, 173.537, 3.23525], "carpPosition": [26.1025, 130.754, 118.714], "dipPosition": [86.1392, 170.891, 11.868], "direction": [0.737193, 0.20464, -0.643948], "extended": true, "handId": 781, "id": 7811, "length": 55.4983, "mcpPosition": [49.6738, 155.004, 60.2003], "pipPosition": [69.3236, 166.223, 26.5566], "stabilizedTipPosition": [96.3355, 172.787, 5.25343], "timeVisible": 4.50947, "tipPosition": [94.5014, 175.47, 5.67337], "tipVelocity": [-4.89529, 5.39805, -7.69104], "tool": false, "touchDistance": 0.15797, "touchZone": "hovering", "type": 1, "width": 18.5669}, {"bases": [[[-0.107986, -0.973055, -0.203723], [0.93194, -0.027727, -0.361552], [0.346161, -0.2289, 0.909823]], [[-0.105516, -0.974661, -0.197234], [0.949572, -0.0398651, -0.311003], [0.29526, -0.220104, 0.929718]], [[-0.105516, -0.974661, -0.197234], [0.916294, -0.0182346, -0.40009], [0.386356, -0.222941, 0.895001]], [[-0.105516, -0.974661, -0.197234], [0.846006, 0.0162555, -0.532925], [0.522628, -0.223094, 0.822854]]], "btipPosition": [80.0257, 155.457, -25.7719], "carpPosition": [24.7722, 120.835, 113.442], "dipPosition": [70.7572, 151.5, -11.1789], "direction": [0.386356, 0.222941, -0.895001], "extended": true, "handId": 781, "id": 7812, "length": 63.2359, "mcpPosition": [46.958, 135.505, 55.1306], "pipPosition": [60.3888, 145.517, 12.8395], "stabilizedTipPosition": [77.705, 154.517, -22.4515], "timeVisible": 4.50947, "tipPosition": [77.1554, 152.881, -22.2802], "tipVelocity": [10.1287, -3.19056, 1.48192], "tool": false, "touchDistance": 0.0894238, "touchZone": "hovering", "type": 2, "width": 18.2351}, {"bases": [[[-0.125813, -0.991256, -0.0397758], [0.932403, -0.104459, -0.345996], [0.338815, -0.0806178, 0.937393]], [[-0.152588, -0.981594, -0.114847], [0.950738, -0.114066, -0.288247], [0.269841, -0.153172, 0.950644]], [[-0.152588, -0.981594, -0.114847], [0.9239, -0.10042, -0.369221], [0.350892, -0.162446, 0.922218]], [[-0.152588, -0.981594, -0.114847], [0.874413, -0.0799357, -0.478551], [0.460563, -0.173445, 0.870516]]], "btipPosition": [73.6437, 128.46, -23.3143], "carpPosition": [25.475, 110.057, 110.17], "dipPosition": [65.5228, 125.401, -7.96487], "direction": [0.350892, 0.162446, -0.922218], "extended": true, "handId": 781, "id": 7813, "length": 60.803, "mcpPosition": [44.9714, 114.696, 56.2291], "pipPosition": [56.3494, 121.154, 16.1448], "stabilizedTipPosition": [71.5644, 127.794, -19.8125], "timeVisible": 4.50947, "tipPosition": [74.2403, 124.218, -18.7807], "tipVelocity": [13.1385, -6.31124, 2.63825], "tool": false, "touchDistance": 0.11254, "touchZone": "hovering", "type": 3, "width": 17.3519}, {"bases": [[[-0.238072, -0.962948, 0.126703], [0.92773, -0.264073, -0.263785], [0.287471, 0.0547467, 0.956224]], [[-0.266017, -0.963532, 0.0290071], [0.94669, -0.266802, -0.180542], [0.181697, -0.0205666, 0.983139]], [[-0.266017, -0.963532, 0.0290071], [0.923836, -0.263418, -0.277738], [0.275251, -0.0470853, 0.960219]], [[-0.266017, -0.963532, 0.0290071], [0.875382, -0.254061, -0.411291], [0.403661, -0.0840179, 0.911043]]], "btipPosition": [64.3533, 98.4053, -5.25147], "carpPosition": [31.3306, 98.3993, 111.034], "dipPosition": [57.787, 97.0386, 9.56832], "direction": [0.275251, 0.0470853, -0.960219], "extended": true, "handId": 781, "id": 7814, "length": 47.6684, "mcpPosition": [46.6433, 95.4831, 60.099], "pipPosition": [52.7064, 96.1694, 27.2922], "stabilizedTipPosition": [62.481, 98.1749, -1.90467], "timeVisible": 4.50947, "tipPosition": [68.2334, 95.0206, 0.435348], "tipVelocity": [15.5709, -7.56526, 4.48535], "tool": false, "touchDistance": 0.127813, "touchZone": "hovering", "type": 4, "width": 15.4133}], "r": [[0.531219, -0.266075, 0.804369], [0.845648, 0.108449, -0.522607], [0.0518197, 0.957832, 0.282616]], "s": 1.01755, "t": [7.64912, -35.7184, 0.472619], "timestamp": 747285712727}, {"currentFrameRate": 115.361, "devices": [], "gestures": [], "hands": [{"armBasis": [[0.122986, -0.990739, -0.0575438], [0.891647, 0.13577, -0.431894], [0.435707, 0.00180803, 0.900087]], "armWidth": 60.3619, "confidence": 1, "direction": [0.202428, 0.215193, -0.955361], "elbow": [-82.5949, 108.683, 364.215], "grabAngle": 0.281262, "grabStrength": 0, "id": 781, "palmNormal": [0.978556, -0.0823955, 0.188783], "palmPosition": [46.081, 127.542, 77.2615], "palmVelocity": [1.38578, 2.36585, -3.29696], "palmWidth": 83.5863, "pinchDistance": 57.0652, "pinchStrength": 0, "r": [[0.531399, -0.266178, 0.804217], [0.845503, 0.10799, -0.522937], [0.0523471, 0.957856, 0.28244]], "s": 1.01778, "sphereCenter": [109.64, 102.92, 54.0296], "sphereRadius": 78.4407, "stabilizedPalmPosition": [45.9076, 127.463, 77.3146], "t": [-7.6297, -35.6982, 0.45395], "timeVisible": 4.51815, "type": "left", "wrist": [25.4738, 108.235, 140.966]}], "id": 1356345, "interactionBox": {"center": [0, 200, 0], "size": [235.247, 235.247, 147.751]}, "pointables": [{"bases": [[[0.851075, -0.275881, -0.446722], [0.485967, 0.736003, 0.471313], [0.198763, -0.618215, 0.760463]], [[0.754489, -0.0811142, -0.651281], [0.45912, 0.774342, 0.435436], [0.468994, -0.627547, 0.621473]], [[0.754489, -0.0811142, -0.651281], [0.279928, 0.937317, 0.207549], [0.593622, -0.338905, 0.729902]], [[0.754489, -0.0811142, -0.651281], [0.0594015, 0.9967, -0.0553198], [0.653619, 0.00305112, 0.756818]]], "btipPosition": [97.0023, 173.984, 64.4405], "carpPosition": [41.959, 134.37, 133.14], "dipPosition": [82.566, 174.051, 81.1561], "direction": [0.593622, 0.338905, -0.729902], "extended": false, "handId": 781, "id": 7810, "length": 49.1837, "mcpPosition": [41.959, 134.37, 133.14], "pipPosition": [63.4651, 163.146, 104.642], "stabilizedTipPosition": [93.5298, 173.762, 68.2308], "timeVisible": 4.51815, "tipPosition": [97.1481, 173.427, 70.6114], "tipVelocity": [-0.112189, 15.0281, 2.88412], "tool": false, "touchDistance": 0.109523, "touchZone": "hovering", "type": 0, "width": 19.4377}, {"bases": [[[0.00356395, -0.923144, -0.384438], [0.937179, 0.137189, -0.320741], [0.348831, -0.359144, 0.86564]], [[0.025142, -0.943598, -0.330137], [0.874722, 0.180643, -0.449698], [0.483972, -0.277472, 0.829928]], [[0.025142, -0.943598, -0.330137], [0.676628, 0.259163, -0.689209], [0.735896, -0.206052, 0.64498]], [[0.025142, -0.943598, -0.330137], [0.560789, 0.2867, -0.776736], [0.827577, -0.165609, 0.536367]]], "btipPosition": [99.4171, 173.648, 3.1618], "carpPosition": [26.0894, 130.755, 118.675], "dipPosition": [86.0731, 170.977, 11.8103], "direction": [0.735896, 0.206052, -0.64498], "extended": true, "handId": 781, "id": 7811, "length": 55.4983, "mcpPosition": [49.6646, 155.027, 60.1717], "pipPosition": [69.2871, 166.277, 26.5225], "stabilizedTipPosition": [96.3376, 172.829, 5.23602], "timeVisible": 4.51815, "tipPosition": [94.511, 175.521, 5.66319], "tipVelocity": [-8.9444, 12.0928, -8.04626], "tool": false, "touchDistance": 0.156806, "touchZone": "hovering", "type": 1, "width": 18.5669}, {"bases": [[[-0.109159, -0.972949, -0.203603], [0.931721, -0.0287728, -0.362034], [0.346383, -0.229221, 0.909657]], [[-0.106627, -0.974597, -0.196956], [0.949422, -0.040958, -0.311322], [0.295346, -0.22019, 0.92967]], [[-0.106627, -0.974597, -0.196956], [0.915726, -0.0190774, -0.401351], [0.387398, -0.223153, 0.894497]], [[-0.106627, -0.974597, -0.196956], [0.844899, 0.0156196, -0.534698], [0.524191, -0.223422, 0.82177]]], "btipPosition": [80.1001, 155.492, -25.7656], "carpPosition": [24.7728, 120.834, 113.403], "dipPosition": [70.8038, 151.53, -11.1919], "direction": [0.387398, 0.223153, -0.894497], "extended": true, "handId": 781, "id": 7812, "length": 63.2359, "mcpPosition": [46.9728, 135.525, 55.1019], "pipPosition": [60.4075, 145.541, 12.813], "stabilizedTipPosition": [77.7812, 154.536, -22.4403], "timeVisible": 4.51815, "tipPosition": [77.1934, 152.933, -22.2947], "tipVelocity": [7.83738, 3.935, 0.209336], "tool": false, "touchDistance": 0.0894541, "touchZone": "hovering", "type": 2, "width": 18.2351}, {"bases": [[[-0.126921, -0.99112, -0.0396457], [0.932108, -0.105504, -0.346474], [0.339214, -0.0809288, 0.937222]], [[-0.153569, -0.981509, -0.114264], [0.950518, -0.115128, -0.288551], [0.270061, -0.152922, 0.950622]], [[-0.153569, -0.981509, -0.114264], [0.923378, -0.101369, -0.370266], [0.351837, -0.16237, 0.921871]], [[-0.153569, -0.981509, -0.114264], [0.873423, -0.0807523, -0.48022], [0.462113, -0.173548, 0.869674]]], "btipPosition": [73.7421, 128.467, -23.3178], "carpPosition": [25.4891, 110.057, 110.131], "dipPosition": [65.5938, 125.407, -7.98322], "direction": [0.351837, 0.16237, -0.921871], "extended": true, "handId": 781, "id": 7813, "length": 60.803, "mcpPosition": [45.0085, 114.714, 56.2007], "pipPosition": [56.3957, 121.162, 16.1174], "stabilizedTipPosition": [71.6524, 127.785, -19.8062], "timeVisible": 4.51815, "tipPosition": [74.2982, 124.275, -18.7976], "tipVelocity": [10.6068, 0.78726, -0.796534], "tool": false, "touchDistance": 0.112424, "touchZone": "hovering", "type": 3, "width": 17.3519}, {"bases": [[[-0.239062, -0.962678, 0.12689], [0.927302, -0.265108, -0.26425], [0.288028, 0.0544931, 0.95607]], [[-0.266828, -0.963275, 0.0300549], [0.946351, -0.267783, -0.180863], [0.182269, -0.0198168, 0.983049]], [[-0.266828, -0.963275, 0.0300549], [0.923197, -0.264428, -0.278899], [0.276604, -0.0466715, 0.95985]], [[-0.266828, -0.963275, 0.0300549], [0.874285, -0.255063, -0.412999], [0.405497, -0.083923, 0.910236]]], "btipPosition": [64.4834, 98.3911, -5.25474], "carpPosition": [31.357, 98.4059, 111], "dipPosition": [57.8872, 97.026, 9.55192], "direction": [0.276604, 0.0466715, -0.95985], "extended": true, "handId": 781, "id": 7814, "length": 47.6684, "mcpPosition": [46.6994, 95.5032, 60.0728], "pipPosition": [52.7816, 96.1645, 27.269], "stabilizedTipPosition": [62.5845, 98.1541, -1.89284], "timeVisible": 4.51815, "tipPosition": [68.299, 95.0729, 0.411068], "tipVelocity": [14.1913, -1.58731, -0.724641], "tool": false, "touchDistance": 0.127708, "touchZone": "hovering", "type": 4, "width": 15.4133}], "r": [[0.531399, -0.266178, 0.804217], [0.845503, 0.10799, -0.522937], [0.0523471, 0.957856, 0.28244]], "s": 1.01778, "t": [7.6297, -35.6982, 0.45395], "timestamp": 747285721406}, {"currentFrameRate": 115.345, "devices": [], "gestures": [], "hands": [{"armBasis": [[0.12215, -0.990867, -0.0571115], [0.891818, 0.13483, -0.431834], [0.435591, 0.00181549, 0.900143]], "armWidth": 60.3619, "confidence": 1, "direction": [0.202615, 0.215302, -0.955297], "elbow": [-82.5656, 108.677, 364.195], "grabAngle": 0.281519, "grabStrength": 0, "id": 781, "palmNormal": [0.978555, -0.0814869, 0.189183], "palmPosition": [46.0844, 127.544, 77.2322], "palmVelocity": [0.394027, 0.239519, -3.35932], "palmWidth": 83.5863, "pinchDistance": 57.1502, "pinchStrength": 0, "r": [[0.531558, -0.266344, 0.804056], [0.845364, 0.10746, -0.523271], [0.0529666, 0.957869, 0.282279]], "s": 1.01805, "sphereCenter": [109.929, 102.781, 54.08], "sphereRadius": 78.6953, "stabilizedPalmPosition": [45.9186, 127.468, 77.3095], "t": [-7.61828, -35.687, 0.430006], "timeVisible": 4.52684, "type": "left", "wrist": [25.4741, 108.226, 140.933]}], "id": 1356346, "interactionBox": {"center": [0, 200, 0], "size": [235.247, 235.247, 147.751]}, "pointables": [{"bases": [[[0.850643, -0.276693, -0.447042], [0.486829, 0.735596, 0.471059], [0.198504, -0.618336, 0.760432]], [[0.753883, -0.0814434, -0.651941], [0.45981, 0.774179, 0.434996], [0.469292, -0.627705, 0.621089]], [[0.753883, -0.0814434, -0.651941], [0.281261, 0.93677, 0.208215], [0.593761, -0.340336, 0.729122]], [[0.753883, -0.0814434, -0.651941], [0.0612361, 0.996678, -0.053698], [0.654149, 0.000559744, 0.756366]]], "btipPosition": [97.0069, 174.095, 64.4618], "carpPosition": [41.9337, 134.372, 133.109], "dipPosition": [82.5589, 174.107, 81.1674], "direction": [0.593761, 0.340336, -0.729122], "extended": false, "handId": 781, "id": 7810, "length": 49.1837, "mcpPosition": [41.9337, 134.372, 133.109], "pipPosition": [63.4535, 163.156, 104.628], "stabilizedTipPosition": [93.566, 173.841, 68.2481], "timeVisible": 4.52684, "tipPosition": [97.0957, 173.478, 70.5879], "tipVelocity": [0.21859, 11.3138, 2.18121], "tool": false, "touchDistance": 0.109839, "touchZone": "hovering", "type": 0, "width": 19.4377}, {"bases": [[[0.00