{"frames": 79, "data": [{"currentFrameRate": 114.565, "devices": [], "gestures": [], "hands": [{"armBasis": [[0.337009, -0.563895, -0.753954], [0.940829, 0.231954, 0.247058], [0.0355682, -0.792603, 0.6087]], "armWidth": 59.9533, "confidence": 1, "direction": [-0.562712, 0.324498, -0.7603], "elbow": [-112.03, -98.6549, 294.229], "grabAngle": 2.63664, "grabStrength": 0, "id": 767, "palmNormal": [0.776989, -0.106371, -0.620462], "palmPosition": [-131.604, 130.677, 91.0498], "palmVelocity": [-0.274766, 1.26121, 2.43692], "palmWidth": 83.0304, "pinchDistance": 54.7571, "pinchStrength": 0.543188, "r": [[0.670305, 0.116786, -0.732838], [-0.491236, 0.810024, -0.320232], [0.556218, 0.57465, 0.600333]], "s": 1.00127, "sphereCenter": [-115.694, 110.889, 50.5621], "sphereRadius": 47.8947, "stabilizedPalmPosition": [-131.724, 130.628, 90.9044], "t": [-16.1504, -12.1066, 1.60358], "timeVisible": 3.41674, "type": "left", "wrist": [-103.266, 96.6274, 144.257]}], "id": 1350786, "interactionBox": {"center": [0, 200, 0], "size": [235.247, 235.247, 147.751]}, "pointables": [{"bases": [[[0.372686, -0.87206, -0.317201], [0.843652, 0.176056, 0.507204], [-0.386467, -0.456636, 0.801328]], [[0.239518, -0.968905, -0.0620813], [0.87121, 0.186265, 0.454201], [-0.428514, -0.162875, 0.888734]], [[0.239518, -0.968905, -0.0620813], [0.940336, 0.215589, 0.263229], [-0.24166, -0.121425, 0.962734]], [[0.239518, -0.968905, -0.0620813], [0.95557, 0.22394, 0.191668], [-0.171805, -0.105231, 0.979494]]], "btipPosition": [-163.375, 170.053, 10.7299], "carpPosition": [-113.581, 129.107, 133.116], "dipPosition": [-160.8, 168.476, 25.4109], "direction": [-0.24166, 0.121425, -0.962734], "extended": true, "handId": 767, "id": 7671, "length": 51.5891, "mcpPosition": [-139.526, 159.762, 79.3197], "pipPosition": [-155.676, 165.901, 45.8243], "stabilizedTipPosition": [-162.615, 169.328, 13.8409], "timeVisible": 3.41674, "tipPosition": [-162.925, 172.56, 15.0863], "tipVelocity": [-2.51938, 9.74906, 5.79741], "tool": false, "touchDistance": 0.339107, "touchZone": "hovering", "type": 1, "width": 18.4403}, {"bases": [[[0.918325, -0.219747, 0.329228], [-0.0992489, 0.677345, 0.72894], [-0.383183, -0.702079, 0.600213]], [[0.985991, -0.0317497, 0.16375], [-0.0566979, 0.859466, 0.508039], [-0.156868, -0.510206, 0.845626]], [[0.985991, -0.0317497, 0.16375], [0.00741734, 0.989092, 0.147114], [-0.166635, -0.143838, 0.975471]], [[0.985991, -0.0317497, 0.16375], [0.0564945, 0.98726, -0.14875], [-0.156941, 0.155917, 0.975223]]], "btipPosition": [-107.497, 155.299, 43.1662], "carpPosition": [-92.1453, 130.958, 130.884], "dipPosition": [-104.275, 158.5, 63.1884], "direction": [-0.166635, 0.143838, -0.975471], "extended": false, "handId": 767, "id": 7670, "length": 45.7193, "mcpPosition": [-92.1453, 130.958, 130.884], "pipPosition": [-99.2908, 154.198, 92.3652], "stabilizedTipPosition": [-106.762, 156.099, 47.7661], "timeVisible": 3.41674, "tipPosition": [-107.473, 154.452, 48.3077], "tipVelocity": [-0.0565827, -0.487918, 1.25938], "tool": false, "touchDistance": 0.308767, "touchZone": "hovering", "type": 0, "width": 19.3051}, {"bases": [[[0.167727, -0.942885, -0.28781], [0.885823, 0.0160213, 0.463746], [-0.432648, -0.332732, 0.837917]], [[0.141482, -0.961141, -0.237047], [0.626764, 0.27232, -0.730074], [0.766257, -0.0452801, 0.640937]], [[0.141482, -0.961141, -0.237047], [-0.614883, 0.102341, -0.78195], [0.775823, 0.256388, -0.57651]], [[0.141482, -0.961141, -0.237047], [-0.973256, -0.091273, -0.210812], [0.180984, 0.260534, -0.94835]]], "btipPosition": [-92.0482, 132.34, 79.5156], "carpPosition": [-119.241, 119.932, 129.947], "dipPosition": [-95.0318, 136.635, 63.8817], "direction": [0.775823, -0.256388, 0.57651], "extended": false, "handId": 767, "id": 7672, "length": 58.7816, "mcpPosition": [-146.786, 141.116, 76.6015], "pipPosition": [-114.385, 143.03, 49.5001], "stabilizedTipPosition": [-92.8367, 133.286, 76.089], "timeVisible": 3.41674, "tipPosition": [-92.3602, 133.015, 74.7959], "tipVelocity": [-1.04713, -0.476382, 0.987581], "tool": false, "touchDistance": 0.333333, "touchZone": "none", "type": 2, "width": 18.1108}, {"bases": [[[0.034974, -0.98008, -0.195501], [0.8813, -0.0619995, 0.468473], [-0.471261, -0.18868, 0.861576]], [[0.0495136, -0.973784, -0.22202], [0.622899, 0.203872, -0.75527], [0.780734, -0.1009, 0.616663]], [[0.0495136, -0.973784, -0.22202], [-0.634028, 0.141114, -0.760326], [0.771724, 0.178414, -0.610419]], [[0.0495136, -0.973784, -0.22202], [-0.979718, -0.00413916, -0.200336], [0.194165, 0.227437, -0.954239]]], "btipPosition": [-96.5638, 116.353, 83.5469], "carpPosition": [-122.164, 109.676, 126.49], "dipPosition": [-99.7463, 120.081, 67.9063], "direction": [0.771724, -0.178414, 0.610419], "extended": false, "handId": 767, "id": 7673, "length": 56.5201, "mcpPosition": [-149.102, 120.461, 77.2425], "pipPosition": [-118.5, 124.416, 53.0721], "stabilizedTipPosition": [-97.2934, 116.902, 79.9217], "timeVisible": 3.41674, "tipPosition": [-97.22, 118.815, 79.7053], "tipVelocity": [-1.71381, 3.9835, 3.34674], "tool": false, "touchDistance": 0.333333, "touchZone": "none", "type": 3, "width": 17.2336}, {"bases": [[[-0.165905, -0.971523, -0.169169], [0.830891, -0.230107, 0.506627], [-0.531127, -0.0565092, 0.845405]], [[-0.27602, -0.961016, 0.0161965], [0.603546, -0.186414, -0.77523], [0.748028, -0.204203, 0.631471]], [[-0.27602, -0.961016, 0.0161965], [-0.553229, 0.145072, -0.8203], [0.785971, -0.235379, -0.571704]], [[-0.27602, -0.961016, 0.0161965], [-0.912995, 0.256886, -0.31694], [0.300423, -0.102269, -0.948307]]], "btipPosition": [-105.596, 112.975, 81.6251], "carpPosition": [-118.724, 98.066, 121.797], "dipPosition": [-110.138, 111.429, 67.2857], "direction": [0.785971, 0.235379, 0.571704], "extended": false, "handId": 767, "id": 7674, "length": 44.3107, "mcpPosition": [-146.827, 101.056, 77.064], "pipPosition": [-123.624, 107.39, 57.4764], "stabilizedTipPosition": [-106.733, 112.606, 78.4014], "timeVisible": 3.41674, "tipPosition": [-107.067, 110.81, 76.5968], "tipVelocity": [-1.37484, 0.25934, 1.61428], "tool": false, "touchDistance": 0.333333, "touchZone": "none", "type": 4, "width": 15.3082}], "r": [[0.670305, 0.116786, -0.732838], [-0.491236, 0.810024, -0.320232], [0.556218, 0.57465, 0.600333]], "s": 1.00127, "t": [16.1504, -12.1066, 1.60358], "timestamp": 747236716132}, {"currentFrameRate": 114.591, "devices": [], "gestures": [], "hands": [{"armBasis": [[0.338606, -0.561626, -0.754932], [0.940258, 0.232249, 0.248949], [0.0355158, -0.794126, 0.606714]], "armWidth": 59.9533, "confidence": 1, "direction": [-0.562645, 0.324381, -0.760399], "elbow": [-112.024, -99.0242, 293.761], "grabAngle": 2.63664, "grabStrength": 0, "id": 767, "palmNormal": [0.776796, -0.107287, -0.620546], "palmPosition": [-131.605, 130.692, 91.0769], "palmVelocity": [-0.206299, 1.69507, 3.12212], "palmWidth": 83.0304, "pinchDistance": 54.7574, "pinchStrength": 0.543381, "r": [[0.670541, 0.117203, -0.732556], [-0.491466, 0.809861, -0.32029], [0.55573, 0.574794, 0.600646]], "s": 1.001, "sphereCenter": [-115.716, 110.942, 50.6211], "sphereRadius": 47.8531, "stabilizedPalmPosition": [-131.721, 130.629, 90.9093], "t": [-16.1494, -12.093, 1.63042], "timeVisible": 3.42543, "type": "left", "wrist": [-103.274, 96.6333, 144.278]}], "id": 1350787, "interactionBox": {"center": [0, 200, 0], "size": [235.247, 235.247, 147.751]}, "pointables": [{"bases": [[[0.373328, -0.872016, -0.316566], [0.843435, 0.176944, 0.507256], [-0.386321, -0.456376, 0.801547]], [[0.240416, -0.968698, -0.061843], [0.870952, 0.187152, 0.45433], [-0.428535, -0.163091, 0.888684]], [[0.240416, -0.968698, -0.061843], [0.939921, 0.216418, 0.264028], [-0.24238, -0.121604, 0.96253]], [[0.240416, -0.968698, -0.061843], [0.955365, 0.224876, 0.191593], [-0.171689, -0.105145, 0.979524]]], "btipPosition": [-163.374, 170.076, 10.7455], "carpPosition": [-113.575, 129.137, 133.141], "dipPosition": [-160.801, 168.5, 25.427], "direction": [-0.24238, 0.121604, -0.96253], "extended": true, "handId": 767, "id": 7671, "length": 51.5891, "mcpPosition": [-139.51, 159.775, 79.3297], "pipPosition": [-155.661, 165.922, 45.8361], "stabilizedTipPosition": [-162.644, 169.395, 13.8899], "timeVisible": 3.42543, "tipPosition": [-162.913, 172.54, 15.09], "tipVelocity": [0.0616397, 2.68711, 1.81357], "tool": false, "touchDistance": 0.338766, "touchZone": "hovering", "type": 1, "width": 18.4403}, {"bases": [[[0.918406, -0.218924, 0.32955], [-0.0998424, 0.677749, 0.728483], [-0.382835, -0.701946, 0.600591]], [[0.985981, -0.0309778, 0.163954], [-0.0573317, 0.859891, 0.507248], [-0.156696, -0.509537, 0.84606]], [[0.985981, -0.0309778, 0.163954], [0.0067502, 0.989216, 0.14631], [-0.166719, -0.143152, 0.975557]], [[0.985981, -0.0309778, 0.163954], [0.0558508, 0.987206, -0.149349], [-0.15723, 0.156412, 0.975097]]], "btipPosition": [-107.491, 155.252, 43.1655], "carpPosition": [-92.1391, 130.972, 130.903], "dipPosition": [-104.263, 158.463, 63.1852], "direction": [-0.166719, 0.143152, -0.975557], "extended": false, "handId": 767, "id": 7670, "length": 45.7193, "mcpPosition": [-92.1391, 130.972, 130.903], "pipPosition": [-99.2767, 154.182, 92.3646], "stabilizedTipPosition": [-106.758, 156.06, 47.7675], "timeVisible": 3.42543, "tipPosition": [-107.466, 154.425, 48.3141], "tipVelocity": [0.800872, -5.13674, -0.140781], "tool": false, "touchDistance": 0.308747, "touchZone": "hovering", "type": 0, "width": 19.3051}, {"bases": [[[0.168411, -0.942959, -0.287169], [0.885721, 0.0169093, 0.463909], [-0.432592, -0.332479, 0.838047]], [[0.142168, -0.961199, -0.236399], [0.626804, 0.272261, -0.730062], [0.766097, -0.0443848, 0.64119]], [[0.142168, -0.961199, -0.236399], [-0.614757, 0.101441, -0.782166], [0.775798, 0.256527, -0.576483]], [[0.142168, -0.961199, -0.236399], [-0.973102, -0.0919814, -0.211215], [0.181276, 0.260069, -0.948422]]], "btipPosition": [-92.0485, 132.321, 79.5287], "carpPosition": [-119.243, 119.964, 129.979], "dipPosition": [-95.0369, 136.609, 63.8937], "direction": [0.775798, -0.256527, 0.576483], "extended": false, "handId": 767, "id": 7672, "length": 58.7816, "mcpPosition": [-146.784, 141.131, 76.6249], "pipPosition": [-114.39, 143.008, 49.5128], "stabilizedTipPosition": [-92.8309, 133.287, 76.08], "timeVisible": 3.42543, "tipPosition": [-92.3638, 132.993, 74.8142], "tipVelocity": [-0.158222, -2.29377, 1.4837], "tool": false, "touchDistance": 0.333333, "touchZone": "none", "type": 2, "width": 18.1108}, {"bases": [[[0.0356638, -0.980182, -0.194862], [0.881249, -0.0611114, 0.468685], [-0.471305, -0.188437, 0.861605]], [[0.0496005, -0.974174, -0.220283], [0.622851, 0.202584, -0.755656], [0.780767, -0.0997227, 0.616813]], [[0.0496005, -0.974174, -0.220283], [-0.633973, 0.139717, -0.760629], [0.771763, 0.177381, -0.61067]], [[0.0496005, -0.974174, -0.220283], [-0.979741, -0.00461028, -0.200217], [0.194031, 0.225751, -0.954667]]], "btipPosition": [-96.5751, 116.377, 83.5913], "carpPosition": [-122.173, 109.708, 126.529], "dipPosition": [-99.7553, 120.077, 67.9437], "direction": [0.771763, -0.177381, 0.61067], "extended": false, "handId": 767, "id": 7673, "length": 56.5201, "mcpPosition": [-149.113, 120.479, 77.2796], "pipPosition": [-118.51, 124.388, 53.1034], "stabilizedTipPosition": [-97.2944, 116.929, 79.9276], "timeVisible": 3.42543, "tipPosition": [-97.2321, 118.796, 79.734], "tipVelocity": [-1.23903, 2.03332, 4.92618], "tool": false, "touchDistance": 0.333333, "touchZone": "none", "type": 3, "width": 17.2336}, {"bases": [[[-0.165226, -0.971742, -0.168575], [0.830944, -0.229228, 0.506939], [-0.531256, -0.0563169, 0.845338]], [[-0.275366, -0.961194, 0.0167311], [0.603696, -0.186441, -0.775107], [0.748147, -0.203338, 0.631609]], [[-0.275366, -0.961194, 0.0167311], [-0.553094, 0.14417, -0.82055], [0.786295, -0.235206, -0.57133]], [[-0.275366, -0.961194, 0.0167311], [-0.913077, 0.256058, -0.317371], [0.300771, -0.10267, -0.948154]]], "btipPosition": [-105.605, 112.967, 81.6613], "carpPosition": [-118.741, 98.0921, 121.842], "dipPosition": [-110.153, 111.415, 67.3242], "direction": [0.786295, 0.235206, 0.57133], "extended": false, "handId": 767, "id": 7674, "length": 44.3107, "mcpPosition": [-146.851, 101.072, 77.1132], "pipPosition": [-123.645, 107.379, 57.5213], "stabilizedTipPosition": [-106.729, 112.606, 78.3997], "timeVisible": 3.42543, "tipPosition": [-107.085, 110.799, 76.6326], "tipVelocity": [-1.2566, -1.07339, 4.22952], "tool": false, "touchDistance": 0.333333, "touchZone": "none", "type": 4, "width": 15.3082}], "r": [[0.670541, 0.117203, -0.732556], [-0.491466, 0.809861, -0.32029], [0.55573, 0.574794, 0.600646]], "s": 1.001, "t": [16.1494, -12.093, 1.63042], "timestamp": 747236724816}, {"currentFrameRate": 114.62, "devices": [], "gestures": [], "hands": [{"armBasis": [[0.339658, -0.559626, -0.755944], [0.939869, 0.232513, 0.250168], [0.0357663, -0.79546, 0.60495]], "armWidth": 59.9533, "confidence": 1, "direction": [-0.562761, 0.323974, -0.760488], "elbow": [-112.067, -99.3462, 293.343], "grabAngle": 2.63673, "grabStrength": 0, "id": 767, "palmNormal": [0.776562, -0.108086, -0.620701], "palmPosition": [-131.591, 130.69, 91.0952], "palmVelocity": [1.71214, -0.198228, 2.10449], "palmWidth": 83.0304, "pinchDistance": 54.751, "pinchStrength": 0.543119, "r": [[0.670766, 0.117467, -0.732307], [-0.491692, 0.809641, -0.320499], [0.555258, 0.57505, 0.600838]], "s": 1.00085, "sphereCenter": [-115.719, 110.969, 50.6681], "sphereRadius": 47.82, "stabilizedPalmPosition": [-131.717, 130.631, 90.9139], "t": [-16.1415, -12.087, 1.65297], "timeVisible": 3.4341, "type": "left", "wrist": [-103.255, 96.6399, 144.295]}], "id": 1350788, "interactionBox": {"center": [0, 200, 0], "size": [235.247, 235.247, 147.751]}, "pointables": [{"bases": [[[0.373756, -0.872133, -0.315739], [0.843209, 0.177676, 0.507375], [-0.3864, -0.455868, 0.801798]], [[0.241051, -0.968566, -0.0614263], [0.870731, 0.187881, 0.454454], [-0.428628, -0.163033, 0.88865]], [[0.241051, -0.968566, -0.0614263], [0.93958, 0.217048, 0.264726], [-0.243072, -0.121528, 0.962365]], [[0.241051, -0.968566, -0.0614263], [0.955188, 0.225567, 0.191665], [-0.171785, -0.104875, 0.979536]]], "btipPosition": [-163.372, 170.06, 10.7472], "carpPosition": [-113.548, 129.162, 133.154], "dipPosition": [-160.797, 168.488, 25.4289], "direction": [-0.243072, 0.121528, -0.962365], "extended": true, "handId": 767, "id": 7671, "length": 51.5891, "mcpPosition": [-139.488, 159.767, 79.3267], "pipPosition": [-155.643, 165.911, 45.8344], "stabilizedTipPosition": [-162.669, 169.452, 13.9336], "timeVisible": 3.4341, "tipPosition": [-162.906, 172.481, 15.0815], "tipVelocity": [0.328665, -1.75773, 0.194135], "tool": false, "touchDistance": 0.338248, "touchZone": "hovering", "type": 1, "width": 18.4403}, {"bases": [[[0.918385, -0.218309, 0.330015], [-0.100326, 0.678305, 0.727899], [-0.382757, -0.701601, 0.601043]], [[0.985934, -0.0305171, 0.164328], [-0.0577901, 0.860305, 0.506493], [-0.156829, -0.508865, 0.84644]], [[0.985934, -0.0305171, 0.164328], [0.00634476, 0.989315, 0.145657], [-0.167017, -0.142565, 0.975592]], [[0.985934, -0.0305171, 0.164328], [0.055492, 0.987187, -0.149611], [-0.157657, 0.156625, 0.974994]]], "btipPosition": [-107.488, 155.215, 43.155], "carpPosition": [-92.1117, 130.988, 130.909], "dipPosition": [-104.251, 158.431, 63.1725], "direction": [-0.167017, 0.142565, -0.975592], "extended": false, "handId": 767, "id": 7670, "length": 45.7193, "mcpPosition": [-92.1117, 130.988, 130.909], "pipPosition": [-99.2554, 154.167, 92.3529], "stabilizedTipPosition": [-106.753, 156.025, 47.7646], "timeVisible": 3.4341, "tipPosition": [-107.455, 154.38, 48.3051], "tipVelocity": [0.652184, -4.11832, -1.27013], "tool": false, "touchDistance": 0.308563, "touchZone": "hovering", "type": 0, "width": 19.3051}, {"bases": [[[0.168856, -0.943129, -0.286348], [0.88557, 0.0176216, 0.464172], [-0.432728, -0.331959, 0.838182]], [[0.142604, -0.961338, -0.235572], [0.626933, 0.271903, -0.730085], [0.76591, -0.0435746, 0.641469]], [[0.142604, -0.961338, -0.235572], [-0.614611, 0.100552, -0.782395], [0.775833, 0.256358, -0.57651]], [[0.142604, -0.961338, -0.235572], [-0.972976, -0.0924856, -0.211574], [0.181607, 0.259377, -0.948548]]], "btipPosition": [-92.0358, 132.295, 79.5342], "carpPosition": [-119.22, 119.989, 130.002], "dipPosition": [-95.0296, 136.571, 63.8971], "direction": [0.775833, -0.256358, 0.57651], "extended": false, "handId": 767, "id": 7672, "length": 58.7816, "mcpPosition": [-146.769, 141.124, 76.6394], "pipPosition": [-114.384, 142.966, 49.5155], "stabilizedTipPosition": [-92.8242, 133.287, 76.071], "timeVisible": 3.4341, "tipPosition": [-92.3532, 132.964, 74.8184], "tipVelocity": [1.32124, -3.34713, 0.57548], "tool": false, "touchDistance": 0.333333, "touchZone": "none", "type": 2, "width": 18.1108}, {"bases": [[[0.0360946, -0.980327, -0.194052], [0.881125, -0.0603968, 0.46901], [-0.471503, -0.187913, 0.861611]], [[0.0494455, -0.974606, -0.218398], [0.622864, 0.201025, -0.756062], [0.780766, -0.0986484, 0.616987]], [[0.0494455, -0.974606, -0.218398], [-0.633847, 0.138369, -0.760981], [0.771876, 0.176058, -0.61091]], [[0.0494455, -0.974606, -0.218398], [-0.979771, -0.00487578, -0.200063], [0.193918, 0.223872, -0.955132]]], "btipPosition": [-96.5675, 116.391, 83.63], "carpPosition": [-122.155, 109.731, 126.562], "dipPosition": [-99.7459, 120.061, 67.9748], "direction": [0.771876, -0.176058, 0.61091], "extended": false, "handId": 767, "id": 7673, "length": 56.5201, "mcpPosition": [-149.106, 120.473, 77.3116], "pipPosition": [-118.504, 124.339, 53.1286], "stabilizedTipPosition": [-97.2947, 116.947, 79.9336], "timeVisible": 3.4341, "tipPosition": [-97.2254, 118.768, 79.7519], "tipVelocity": [0.919939, 0.856903, 4.2563], "tool": false, "touchDistance": 0.333333, "touchZone": "none", "type": 3, "width": 17.2336}, {"bases": [[[-0.164806, -0.971942, -0.167835], [0.830872, -0.228501, 0.507385], [-0.531499, -0.055829, 0.845217]], [[-0.274987, -0.961291, 0.0173883], [0.603848, -0.186754, -0.774913], [0.748164, -0.202591, 0.631828]], [[-0.274987, -0.961291, 0.0173883], [-0.552924, 0.143322, -0.820813], [0.786548, -0.235327, -0.570933]], [[-0.274987, -0.961291, 0.0173883], [-0.913089, 0.255449, -0.317827], [0.301083, -0.103275, -0.947989]]], "btipPosition": [-105.597, 112.948, 81.6923], "carpPosition": [-118.729, 98.1105, 121.883], "dipPosition": [-110.149, 111.387, 67.3577], "direction": [0.786548, 0.235327, 0.570933], "extended": false, "handId": 767, "id": 7674, "length": 44.3107, "mcpPosition": [-146.852, 101.065, 77.1603], "pipPosition": [-123.645, 107.349, 57.5617], "stabilizedTipPosition": [-106.726, 112.605, 78.3995], "timeVisible": 3.4341, "tipPosition": [-107.081, 110.778, 76.6603], "tipVelocity": [0.899887, -2.46431, 3.64231], "tool": false, "touchDistance": 0.333333, "touchZone": "none", "type": 4, "width": 15.3082}], "r": [[0.670766, 0.117467, -0.732307], [-0.491692, 0.809641, -0.320499], [0.555258, 0.57505, 0.600838]], "s": 1.00085, "t": [16.1415, -12.087, 1.65297], "timestamp": 747236733490}, {"currentFrameRate": 114.648, "devices": [], "gestures": [], "hands": [{"armBasis": [[0.340839, -0.557768, -0.756785], [0.939432, 0.232897, 0.251449], [0.0360025, -0.796652, 0.603365]], "armWidth": 59.9533, "confidence": 1, "direction": [-0.562855, 0.323461, -0.760636], "elbow": [-112.139, -99.6064, 292.976], "grabAngle": 2.63683, "grabStrength": 0, "id": 767, "palmNormal": [0.776307, -0.109091, -0.620843], "palmPosition": [-131.608, 130.707, 91.1134], "palmVelocity": [-2.0018, 1.90339, 2.10227], "palmWidth": 83.0304, "pinchDistance": 54.7426, "pinchStrength": 0.542084, "r": [[0.670983, 0.117592, -0.732089], [-0.491928, 0.809353, -0.320865], [0.554787, 0.57543, 0.600909]], "s": 1.00085, "sphereCenter": [-115.755, 110.973, 50.706], "sphereRadius": 47.8121, "stabilizedPalmPosition": [-131.715, 130.633, 90.9189], "t": [-16.1463, -12.0757, 1.67336], "timeVisible": 3.44278, "type": "left", "wrist": [-103.269, 96.6735, 144.319]}], "id": 1350789, "interactionBox": {"center": [0, 200, 0], "size": [235.247, 235.247, 147.751]}, "pointables": [{"bases": [[[0.374272, -0.872279, -0.314722], [0.842959, 0.178596, 0.507468], [-0.386445, -0.455228, 0.802139]], [[0.241748, -0.968436, -0.0607425], [0.870506, 0.188794, 0.454507], [-0.428693, -0.162753, 0.88867]], [[0.241748, -0.968436, -0.0607425], [0.939239, 0.217819, 0.2653], [-0.243695, -0.121187, 0.962251]], [[0.241748, -0.968436, -0.0607425], [0.95498, 0.226361, 0.191766], [-0.171963, -0.104367, 0.979559]]], "btipPosition": [-163.397, 170.043, 10.7395], "carpPosition": [-113.552, 129.213, 133.168], "dipPosition": [-160.82, 168.478, 25.4215], "direction": [-0.243695, 0.121187, -0.962251], "extended": true, "handId": 767, "id": 7671, "length": 51.5891, "mcpPosition": [-139.496, 159.775, 79.3177], "pipPosition": [-155.653, 165.909, 45.8247], "stabilizedTipPosition": [-162.695, 169.496, 13.9688], "timeVisible": 3.44278, "tipPosition": [-162.928, 172.428, 15.0651], "tipVelocity": [-2.89842, -1.78199, -0.876936], "tool": false, "touchDistance": 0.337642, "touchZone": "hovering", "type": 1, "width": 18.4403}, {"bases": [[[0.918381, -0.217535, 0.330538], [-0.100885, 0.679004, 0.72717], [-0.382621, -0.701165, 0.601638]], [[0.985883, -0.0299407, 0.164735], [-0.0583931, 0.860624, 0.505882], [-0.156922, -0.50836, 0.846727]], [[0.985883, -0.0299407, 0.164735], [0.00575376, 0.989359, 0.145382], [-0.167335, -0.142382, 0.975565]], [[0.985883, -0.0299407, 0.164735], [0.0548973, 0.987297, -0.149099], [-0.158179, 0.156038, 0.975003]]], "btipPosition": [-107.516, 155.238, 43.1476], "carpPosition": [-92.1159, 131.026, 130.914], "dipPosition": [-104.269, 158.441, 63.1653], "direction": [-0.167335, 0.142382, -0.975565], "extended": false, "handId": 767, "id": 7670, "length": 45.7193, "mcpPosition": [-92.1159, 131.026, 130.914], "pipPosition": [-99.2638, 154.183, 92.3449], "stabilizedTipPosition": [-106.758, 156.008, 47.7604], "timeVisible": 3.44278, "tipPosition": [-107.473, 154.348, 48.289], "tipVelocity": [-3.01891, 2.23894, -0.84726], "tool": false, "touchDistance": 0.308441, "touchZone": "hovering", "type": 0, "width": 19.3051}, {"bases": [[[0.169397, -0.943342, -0.285325], [0.88541, 0.0185177, 0.464442], [-0.432844, -0.331304, 0.838381]], [[0.143137, -0.961511, -0.234539], [0.626918, 0.271458, -0.730263], [0.765824, -0.0425091, 0.641644]], [[0.143137, -0.961511, -0.234539], [-0.614499, 0.0994259, -0.782628], [0.775824, 0.256146, -0.576616]], [[0.143137, -0.961511, -0.234539], [-0.972843, -0.0931352, -0.211901], [0.181902, 0.2585, -0.94873]]], "btipPosition": [-92.0519, 132.279, 79.5449], "carpPosition": [-119.229, 120.04, 130.027], "dipPosition": [-95.0507, 136.54, 63.9048], "direction": [0.775824, -0.256146, 0.576616], "extended": false, "handId": 767, "id": 7672, "length": 58.7816, "mcpPosition": [-146.786, 141.132, 76.6518], "pipPosition": [-114.404, 142.93, 49.5206], "stabilizedTipPosition": [-92.8189, 133.285, 76.0632], "timeVisible": 3.44278, "tipPosition": [-92.375, 132.945, 74.8221], "tipVelocity": [-1.99298, -2.27924, 1.15696], "tool": false, "touchDistance": 0.333333, "touchZone": "none", "type": 2, "width": 18.1108}, {"bases": [[[0.0366224, -0.980508, -0.193034], [0.881001, -0.0594978, 0.469359], [-0.471696, -0.187253, 0.861649]], [[0.0495452, -0.975004, -0.216593], [0.622691, 0.199707, -0.756553], [0.780898, -0.097387, 0.617021]], [[0.0495452, -0.975004, -0.216593], [-0.633785, 0.136913, -0.761296], [0.771921, 0.174992, -0.611159]], [[0.0495452, -0.975004, -0.216593], [-0.979815, -0.00539706, -0.199835], [0.193671, 0.222122, -0.955591]]], "btipPosition": [-96.592, 116.407, 83.6767], "carpPosition": [-122.171, 109.78, 126.598], "dipPosition": [-99.7664, 120.048, 68.014], "direction": [0.771921, -0.174992, 0.611159], "extended": false, "handId": 767, "id": 7673, "length": 56.5201, "mcpPosition": [-149.133, 120.483, 77.3461], "pipPosition": [-118.525, 124.3, 53.1618], "stabilizedTipPosition": [-97.2959, 116.96, 79.9399], "timeVisible": 3.44278, "tipPosition": [-97.2523, 118.754, 79.7718], "tipVelocity": [-2.71469, 1.06403, 5.18518], "tool": false, "touchDistance": 0.333333, "touchZone": "none", "type": 3, "width": 17.2336}, {"bases": [[[-0.164291, -0.972191, -0.166891], [0.830814, -0.227586, 0.50789], [-0.531748, -0.0552136, 0.845101]], [[-0.274502, -0.961414, 0.0182227], [0.603938, -0.18712, -0.774755], [0.74827, -0.201666, 0.631999]], [[-0.274502, -0.961414, 0.0182227], [-0.552829, 0.142281, -0.821058], [0.786784, -0.235456, -0.570554]], [[-0.274502, -0.961414, 0.0182227], [-0.913117, 0.254678, -0.318366], [0.30144, -0.104031, -0.947793]]], "btipPosition": [-105.62, 112.943, 81.7312], "carpPosition": [-118.752, 98.1526, 121.931], "dipPosition": [-110.178, 111.37, 67.3996], "direction": [0.786784, 0.235456, 0.570554], "extended": false, "handId": 767, "id": 7674, "length": 44.3107, "mcpPosition": [-146.888, 101.074, 77.214], "pipPosition": [-123.677, 107.33, 57.61], "stabilizedTipPosition": [-106.724, 112.605, 78.4006], "timeVisible": 3.44278, "tipPosition": [-107.113, 110.769, 76.6924], "tipVelocity": [-2.82057, -0.945561, 4.55774], "tool": false, "touchDistance": 0.333333, "touchZone": "none", "type": 4, "width": 15.3082}], "r": [[0.670983, 0.117592, -0.732089], [-0.491928, 0.809353, -0.320865], [0.554787, 0.57543, 0.600909]], "s": 1.00085, "t": [16.1463, -12.0757, 1.67336], "timestamp": 747236742165}, {"currentFrameRate": 114.669, "devices": [], "gestures": [], "hands": [{"armBasis": [[0.341006, -0.556459, -0.757673], [0.939358, 0.232879, 0.251743], [0.0363614, -0.797572, 0.602127]], "armWidth": 59.9533, "confidence": 1, "direction": [-0.563146, 0.32338, -0.760455], "elbow": [-112.237, -99.8145, 292.645], "grabAngle": 2.63713, "grabStrength": 0, "id": 767, "palmNormal": [0.776088, -0.109099, -0.621116], "palmPosition": [-131.633, 130.734, 91.1048], "palmVelocity": [-2.92963, 3.15482, -0.991212], "palmWidth": 83.0304, "pinchDistance": 54.7339, "pinchStrength": 0.540976, "r": [[0.67121, 0.117676, -0.731867], [-0.492086, 0.809123, -0.321204], [0.554372, 0.575737, 0.600998]], "s": 1.00097, "sphereCenter": [-115.792, 111.026, 50.6963], "sphereRadius": 47.8088, "stabilizedPalmPosition": [-131.712, 130.636, 90.9245], "t": [-16.1614, -12.0564, 1.67925], "timeVisible": 3.45146, "type": "left", "wrist": [-103.279, 96.6921, 144.293]}], "id": 1350790, "interactionBox": {"center": [0, 200, 0], "size": [235.247, 235.247, 147.751]}, "pointables": [{"bases": [[[0.374346, -0.872319, -0.314524], [0.842784, 0.178593, 0.50776], [-0.386757, -0.455154, 0.802031]], [[0.241889, -0.968392, -0.060879], [0.870334, 0.188802, 0.454832], [-0.428961, -0.163004, 0.888494]], [[0.241889, -0.968392, -0.060879], [0.939033, 0.217832, 0.26602], [-0.24435, -0.121515, 0.962043]], [[0.241889, -0.968392, -0.060879], [0.95491, 0.22645, 0.19201], [-0.172155, -0.104579, 0.979503]]], "btipPosition": [-163.455, 170.088, 10.7435], "carpPosition": [-113.562, 129.245, 133.153], "dipPosition": [-160.875, 168.521, 25.4247], "direction": [-0.24435, 0.121515, -0.962043], "extended": true, "handId": 767, "id": 7671, "length": 51.5891, "mcpPosition": [-139.527, 159.801, 79.3098], "pipPosition": [-155.694, 165.944, 45.8235], "stabilizedTipPosition": [-162.729, 169.543, 13.9993], "timeVisible": 3.45146, "tipPosition": [-162.983, 172.444, 15.0633], "tipVelocity": [-6.59595, 5.1863, 0.442981], "tool": false, "touchDistance": 0.337269, "touchZone": "hovering", "type": 1, "width": 18.4403}, {"bases": [[[0.918251, -0.217554, 0.330886], [-0.101117, 0.67906, 0.727085], [-0.382871, -0.701105, 0.601549]], [[0.985805, -0.0300686, 0.16518], [-0.0585566, 0.86048, 0.506109], [-0.157352, -0.508597, 0.846504]], [[0.985805, -0.0300686, 0.16518], [0.00570648, 0.989264, 0.146025], [-0.167797, -0.143009, 0.975393]], [[0.985805, -0.0300686, 0.16518], [0.0548888, 0.98749, -0.147822], [-0.158668, 0.154791, 0.975123]]], "btipPosition": [-107.571, 155.325, 43.1375], "carpPosition": [-92.127, 131.058, 130.891], "dipPosition": [-104.313, 158.503, 63.1576], "direction": [-0.167797, 0.143009, -0.975393], "extended": false, "handId": 767, "id": 7670, "length": 45.7193, "mcpPosition": [-92.127, 131.058, 130.891], "pipPosition": [-99.2945, 154.225, 92.3321], "stabilizedTipPosition": [-106.779, 156.023, 47.7545], "timeVisible": 3.45146, "tipPosition": [-107.512, 154.38, 48.268], "tipVelocity": [-6.01057, 9.36748, -1.10115], "tool": false, "touchDistance": 0.308281, "touchZone": "hovering", "type": 0, "width": 19.3051}, {"bases": [[[0.169456, -0.94337, -0.285196], [0.885243, 0.0185098, 0.464761], [-0.433163, -0.331225, 0.838248]], [[0.143177, -0.961534, -0.234418], [0.626994, 0.271388, -0.730224], [0.765754, -0.0424276, 0.641733]], [[0.143177, -0.961534, -0.234418], [-0.614399, 0.0993366, -0.782717], [0.775896, 0.256094, -0.576543]], [[0.143177, -0.961534, -0.234418], [-0.972786, -0.0931275, -0.212165], [0.182173, 0.258416, -0.948701]]], "btipPosition": [-92.0798, 132.303, 79.535], "carpPosition": [-119.24, 120.071, 130.015], "dipPosition": [-95.083, 136.564, 63.8954], "direction": [0.775896, -0.256094, 0.576543], "extended": false, "handId": 767, "id": 7672, "length": 58.7816, "mcpPosition": [-146.818, 141.158, 76.648], "pipPosition": [-114.438, 142.952, 49.513], "stabilizedTipPosition": [-92.8157, 133.285, 76.0549], "timeVisible": 3.45146, "tipPosition": [-92.4068, 132.973, 74.8002], "tipVelocity": [-3.32458, 2.83337, -1.12679], "tool": false, "touchDistance": 0.333333, "touchZone": "none", "type": 2, "width": 18.1108}, {"bases": [[[0.0366469, -0.980524, -0.192951], [0.880828, -0.0595052, 0.469682], [-0.472016, -0.187169, 0.861492]], [[0.0492117, -0.975188, -0.215839], [0.622576, 0.198932, -0.756852], [0.78101, -0.0971304, 0.616919]], [[0.0492117, -0.975188, -0.215839], [-0.633745, 0.136539, -0.761396], [0.771975, 0.174257, -0.611301]], [[0.0492117, -0.975188, -0.215839], [-0.979905, -0.00531817, -0.199392], [0.193297, 0.221314, -0.955854]]], "btipPosition": [-96.6223, 116.454, 83.6869], "carpPosition": [-122.182, 109.81, 126.588], "dipPosition": [-99.7906, 120.081, 68.0199], "direction": [0.771975, -0.174257, 0.611301], "extended": false, "handId": 767, "id": 7673, "length": 56.5201, "mcpPosition": [-149.163, 120.509, 77.3446], "pipPosition": [-118.551, 124.316, 53.1642], "stabilizedTipPosition": [-97.2986, 116.976, 79.947], "timeVisible": 3.45146, "tipPosition": [-97.2814, 118.778, 79.7523], "tipVelocity": [-3.33394, 5.02193, 1.06177], "tool": false, "touchDistance": 0.333333, "touchZone": "none", "type": 3, "width": 17.2336}, {"bases": [[[-0.164276, -0.972196, -0.166881], [0.83062, -0.227589, 0.508207], [-0.532057, -0.0551289, 0.844912]], [[-0.274507, -0.961414, 0.0181113], [0.603886, -0.18702, -0.77482], [0.74831, -0.201757, 0.631923]], [[-0.274507, -0.961414, 0.0181113], [-0.552681, 0.142335, -0.821148], [0.786886, -0.235421, -0.570428]], [[-0.274507, -0.961414, 0.0181113], [-0.913073, 0.254705, -0.31847], [0.301569, -0.103959, -0.94776]]], "btipPosition": [-105.644, 112.969, 81.7299], "carpPosition": [-118.765, 98.1828, 121.92], "dipPosition": [-110.204, 111.397, 67.3988], "direction": [0.786886, 0.235421, 0.570428], "extended": false, "handId": 767, "id": 7674, "length": 44.3107, "mcpPosition": [-146.917, 101.1, 77.213], "pipPosition": [-123.705, 107.358, 57.6114], "stabilizedTipPosition": [-106.723, 112.605, 78.4017], "timeVisible": 3.45146, "tipPosition": [-107.142, 110.799, 76.6782], "tipVelocity": [-2.83312, 3.11802, -0.13138], "tool": false, "touchDistance": 0.333333, "touchZone": "none", "type": 4, "width": 15.3082}], "r": [[0.67121, 0.117676, -0.731867], [-0.492086, 0.809123, -0.321204], [0.554372, 0.575737, 0.600998]], "s": 1.00097, "t": [16.1614, -12.0564, 1.67925], "timestamp": 747236750849}, {"currentFrameRate": 114.425, "devices": [], "gestures": [], "hands": [{"armBasis": [[0.341573, -0.554925, -0.758542], [0.939143, 0.232948, 0.25248], [0.0365938, -0.79862, 0.600722]], "armWidth": 59.9533, "confidence": 1, "direction": [-0.563142, 0.32318, -0.760543], "elbow": [-112.326, -100.031, 292.312], "grabAngle": 2.63739, "grabStrength": 0, "id": 767, "palmNormal": [0.776023, -0.109486, -0.621129], "palmPosition": [-131.663, 130.777, 91.1205], "palmVelocity": [-3.24615, 4.69389, 1.71768], "palmWidth": 83.0304, "pinchDistance": 54.7268, "pinchStrength": 0.540181, "r": [[0.671398, 0.117709, -0.731689], [-0.492236, 0.808895, -0.321547], [0.55401, 0.57605, 0.601031]], "s": 1.00113, "sphereCenter": [-115.825, 111.095, 50.7293], "sphereRadius": 47.7917, "stabilizedPalmPosition": [-131.71, 130.641, 90.9315], "t": [-16.1838, -12.0253, 1.69006], "timeVisible": 3.46062, "type": "left", "wrist": [-103.31, 96.7338, 144.306]}], "id": 1350791, "interactionBox": {"center": [0, 200, 0], "size": [235.247, 235.247, 147.751]}, "pointables": [{"bases": [[[0.374526, -0.872376, -0.314151], [0.842715, 0.178946, 0.50775], [-0.386733, -0.454905, 0.802184]], [[0.242258, -0.968304, -0.0608177], [0.870268, 0.189165, 0.454809], [-0.428888, -0.163109, 0.88851]], [[0.242258, -0.968304, -0.0608177], [0.938838, 0.218151, 0.266446], [-0.244733, -0.121647, 0.961929]], [[0.242258, -0.968304, -0.0608177], [0.954849, 0.226842, 0.19185], [-0.171973, -0.104549, 0.979538]]], "btipPosition": [-163.483, 170.134, 10.7496], "carpPosition": [-113.589, 129.301, 133.168], "dipPosition": [-160.906, 168.567, 25.4313], "direction": [-0.244733, 0.121647, -0.961929], "extended": true, "handId": 767, "id": 7671, "length": 51.5891, "mcpPosition": [-139.552, 159.841, 79.3146], "pipPosition": [-155.716, 165.988, 45.8276], "stabilizedTipPosition": [-162.764, 169.593, 14.027], "timeVisible": 3.46062, "tipPosition": [-163.01, 172.458, 15.063], "tipVelocity": [-3.12312, 5.03893, 0.674556], "tool": false, "touchDistance": 0.336968, "touchZone": "hovering", "type": 1, "width": 18.4403}, {"bases": [[[0.918266, -0.217257, 0.331039], [-0.101292, 0.67933, 0.726809], [-0.382788, -0.700935, 0.6018]], [[0.985788, -0.0298808, 0.165313], [-0.0587504, 0.860594, 0.505892], [-0.157384, -0.508415, 0.846608]], [[0.985788, -0.0298808, 0.165313], [0.00548857, 0.989257, 0.146082], [-0.167902, -0.143098, 0.975362]], [[0.985788, -0.0298808, 0.165313], [0.0546396, 0.987579, -0.147317], [-0.158858, 0.154256, 0.975177]]], "btipPosition": [-107.606, 155.382, 43.1454], "carpPosition": [-92.1538, 131.11, 130.904], "dipPosition": [-104.345, 158.549, 63.1666], "direction": [-0.167902, 0.143098, -0.975362], "extended": false, "handId": 767, "id": 7670, "length": 45.7193, "mcpPosition": [-92.1538, 131.11, 130.904], "pipPosition": [-99.3228, 154.269, 92.3402], "stabilizedTipPosition": [-106.804, 156.052, 47.7531], "timeVisible": 3.46062, "tipPosition": [-107.539, 154.405, 48.2714], "tipVelocity": [-3.75895, 5.94758, 0.886482], "tool": false, "touchDistance": 0.308417, "touchZone": "hovering", "type": 0, "width": 19.3051}, {"bases": [[[0.169647, -0.943453, -0.28481], [0.885206, 0.0188539, 0.464818], [-0.433164, -0.33097, 0.838348]], [[0.143367, -0.961601, -0.234027], [0.62681, 0.271222, -0.730443], [0.765868, -0.0419686, 0.641626]], [[0.143367, -0.961601, -0.234027], [-0.614515, 0.0988641, -0.782686], [0.775769, 0.256025, -0.576745]], [[0.143367, -0.961601, -0.234027], [-0.97277, -0.0934099, -0.212115], [0.18211, 0.258065, -0.948809]]], "btipPosition": [-92.108, 132.332, 79.5591], "carpPosition": [-119.269, 120.127, 130.034], "dipPosition": [-95.1102, 136.586, 63.9176], "direction": [0.775769, -0.256025, 0.576745], "extended": false, "handId": 767, "id": 7672, "length": 58.7816, "mcpPosition": [-146.846, 141.198, 76.6607], "pipPosition": [-114.462, 142.973, 49.5302], "stabilizedTipPosition": [-92.8146, 133.286, 76.0488], "timeVisible": 3.46062, "tipPosition": [-92.4375, 133.003, 74.8132], "tipVelocity": [-3.06042, 2.92209, 2.57731], "tool": false, "touchDistance": 0.333333, "touchZone": "none", "type": 2, "width": 18.1108}, {"bases": [[[0.0368378, -0.980594, -0.19256], [0.880805, -0.0591599, 0.469769], [-0.472045, -0.186913, 0.861532]], [[0.0489198, -0.975483, -0.21457], [0.622265, 0.197807, -0.757403], [0.781277, -0.0964672, 0.616685]], [[0.0489198, -0.975483, -0.21457], [-0.633941, 0.135685, -0.761386], [0.771833, 0.173271, -0.611761]], [[0.0489198, -0.975483, -0.21457], [-0.979997, -0.00538666, -0.198941], [0.192908, 0.22001, -0.956233]]], "btipPosition": [-96.6543, 116.514, 83.7345], "carpPosition": [-122.213, 109.866, 126.611], "dipPosition": [-99.8162, 120.12, 68.0612], "direction": [0.771833, -0.173271, 0.611761], "extended": false, "handId": 767, "id": 7673, "length": 56.5201, "mcpPosition": [-149.195, 120.55, 77.3656], "pipPosition": [-118.573, 124.331, 53.1944], "stabilizedTipPosition": [-97.3026, 116.994, 79.9557], "timeVisible": 3.46062, "tipPosition": [-97.3143, 118.807, 79.7712], "tipVelocity": [-3.32928, 6.01733, 5.04319], "tool": false, "touchDistance": 0.333333, "touchZone": "none", "type": 3, "width": 17.2336}, {"bases": [[[-0.164088, -0.972291, -0.166507], [0.830624, -0.227237, 0.508357], [-0.532108, -0.0548898, 0.844896]], [[-0.274293, -0.96147, 0.0183985], [0.603676, -0.18705, -0.774976], [0.748558, -0.201464, 0.631723]], [[-0.274293, -0.96147, 0.0183985], [-0.552869, 0.142013, -0.821078], [0.786829, -0.235388, -0.57052]], [[-0.274293, -0.96147, 0.0183985], [-0.913197, 0.25443, -0.318334], [0.301388, -0.104118, -0.9478]]], "btipPosition": [-105.676, 113.002, 81.7669], "carpPosition": [-118.798, 98.2356, 121.947], "dipPosition": [-110.233, 111.428, 67.4352], "direction": [0.786829, 0.235388, 0.57052], "extended": false, "handId": 767, "id": 7674, "length": 44.3107, "mcpPosition": [-146.953, 101.14, 77.2416], "pipPosition": [-123.734, 107.389, 57.6462], "stabilizedTipPosition": [-106.723, 112.606, 78.4041], "timeVisible": 3.46062, "tipPosition": [-107.176, 110.833, 76.702], "tipVelocity": [-3.43839, 3.5433, 4.02406], "tool": false, "touchDistance": 0.333333, "touchZone": "none", "type": 4, "width": 15.3082}], "r": [[0.671398, 0.117709, -0.731689], [-0.492236, 0.808895, -0.321547], [0.55401, 0.57605, 0.601031]], "s": 1.00113, "t": [16.1838, -12.0253, 1.69006], "timestamp": 747236760005}, {"currentFrameRate": 114.441, "devices": [], "gestures": [], "hands": [{"armBasis": [[0.340991, -0.553849, -0.75959], [0.939346, 0.232363, 0.252261], [0.0367865, -0.799537, 0.59949]], "armWidth": 59.9533, "confidence": 1, "direction": [-0.56292, 0.323018, -0.760776], "elbow": [-112.388, -100.248, 291.989], "grabAngle": 2.63759, "grabStrength": 0, "id": 767, "palmNormal": [0.776397, -0.108981, -0.62075], "palmPosition": [-131.666, 130.791, 91.1009], "palmVelocity": [-0.306867, 1.61216, -2.24832], "palmWidth": 83.0304, "pinchDistance": 54.7224, "pinchStrength": 0.539295, "r": [[0.671486, 0.117691, -0.731611], [-0.492306, 0.808774, -0.321744], [0.553842, 0.576224, 0.60102]], "s": 1.00133, "sphereCenter": [-115.795, 111.164, 50.7226], "sphereRadius": 47.7787, "stabilizedPalmPosition": [-131.709, 130.645, 90.9363], "t": [-16.1963, -12.0027, 1.68567], "timeVisible": 3.46933, "type": "left", "wrist": [-103.325, 96.7424, 144.286]}], "id": 1350792, "interactionBox": {"center": [0, 200, 0], "size": [235.247, 235.247, 147.751]}, "pointables": [{"bases": [[[0.373915, -0.872516, -0.314488], [0.843066, 0.178426, 0.507349], [-0.386557, -0.45484, 0.802305]], [[0.241862, -0.968369, -0.061345], [0.870601, 0.188659, 0.454381], [-0.428436, -0.163305, 0.888693]], [[0.241862, -0.968369, -0.061345], [0.938947, 0.217632, 0.266487], [-0.244707, -0.122053, 0.961884]], [[0.241862, -0.968369, -0.061345], [0.955037, 0.226406, 0.191429], [-0.171485, -0.104886, 0.979588]]], "btipPosition": [-163.47, 170.167, 10.7242], "carpPosition": [-113.613, 129.317, 133.158], "dipPosition": [-160.9, 168.595, 25.4066], "direction": [-0.244707, 0.122053, -0.961884], "extended": true, "handId": 767, "id": 7671, "length": 51.5891, "mcpPosition": [-139.564, 159.853, 79.2959], "pipPosition": [-155.711, 166.007, 45.802], "stabilizedTipPosition": [-162.785, 169.633, 14.0407], "timeVisible": 3.46933, "tipPosition": [-162.995, 172.464, 15.0