{"frames": 127, "data": [{"currentFrameRate": 114.889, "devices": [], "gestures": [], "hands": [{"armBasis": [[0.906332, -0.170256, -0.386749], [0.382857, 0.718196, 0.581046], [0.178835, -0.674691, 0.716108]], "armWidth": 56.0692, "confidence": 1, "direction": [-0.35696, 0.297837, -0.885366], "elbow": [-176.378, 8.99209, 286.176], "grabAngle": 2.75101, "grabStrength": 0, "id": 12, "palmNormal": [0.4474, -0.777512, -0.441937], "palmPosition": [-144.831, 197.722, 50.5282], "palmVelocity": [-2.80118, 9.95315, 0.720196], "palmWidth": 81.6675, "pinchDistance": 47.989, "pinchStrength": 0.443506, "r": [[0.993496, -0.109682, 0.0305732], [0.111027, 0.992733, -0.0464227], [-0.0252592, 0.0495152, 0.998454]], "s": 1.61066, "sphereCenter": [-132.522, 175.232, 20.5787], "sphereRadius": 39.8679, "stabilizedPalmPosition": [-146.814, 196.636, 50.6917], "t": [48.7786, 75.788, 76.2644], "timeVisible": 6.52984, "type": "left", "wrist": [-133.04, 172.495, 112.637]}], "id": 11187, "interactionBox": {"center": [0, 200, 0], "size": [235.247, 235.247, 147.751]}, "pointables": [{"bases": [[[0.868301, -0.495996, -0.00641421], [0.474226, 0.826259, 0.303983], [-0.145475, -0.26699, 0.952656]], [[0.854537, -0.515065, 0.066891], [0.506795, 0.85506, 0.109684], [-0.11369, -0.0598288, 0.991713]], [[0.854537, -0.515065, 0.066891], [0.518075, 0.854434, -0.0392411], [-0.0369422, 0.0681875, 0.996988]], [[0.854537, -0.515065, 0.066891], [0.519324, 0.84525, -0.125919], [0.00831683, 0.14234, 0.989783]]], "btipPosition": [-140.259, 217.025, -45.5778], "carpPosition": [-125.676, 200.729, 91.1811], "dipPosition": [-140.385, 219.174, -30.6411], "direction": [-0.0369422, -0.0681875, -0.996988], "extended": true, "handId": 12, "id": 121, "length": 51.9419, "mcpPosition": [-135.282, 218.359, 28.2754], "pipPosition": [-139.596, 220.629, -9.35685], "stabilizedTipPosition": [-141.223, 216.726, -41.4747], "timeVisible": 6.52984, "tipPosition": [-140.032, 218.212, -41.83], "tipVelocity": [-8.93443, 14.3789, 0.616015], "tool": false, "touchDistance": 0.24377, "touchZone": "hovering", "type": 1, "width": 16.8708}, {"bases": [[[0.79979, 0.530671, 0.280578], [-0.599163, 0.677227, 0.427045], [0.0366049, -0.509658, 0.859598]], [[0.772594, 0.628978, 0.0865214], [-0.634681, 0.768704, 0.0792053], [-0.0166909, -0.116107, 0.993096]], [[0.772594, 0.628978, 0.0865214], [-0.585509, 0.758541, -0.285996], [-0.245515, 0.1703, 0.954317]], [[0.772594, 0.628978, 0.0865214], [-0.45497, 0.643526, -0.615529], [-0.442833, 0.436189, 0.78335]]], "btipPosition": [-125.755, 179.289, 1.45767], "carpPosition": [-108.46, 188.233, 90.8837], "dipPosition": [-116.601, 188.306, 17.6505], "direction": [-0.245515, -0.1703, -0.954317], "extended": false, "handId": 12, "id": 120, "length": 46.0319, "mcpPosition": [-108.46, 188.233, 90.8837], "pipPosition": [-109.208, 193.435, 46.3898], "stabilizedTipPosition": [-124.22, 179.461, 5.57766], "timeVisible": 6.52984, "tipPosition": [-120.029, 182.198, 4.23363], "tipVelocity": [-3.96651, 11.6564, -1.50815], "tool": false, "touchDistance": -0.169727, "touchZone": "touching", "type": 0, "width": 17.662}, {"bases": [[[0.747012, -0.661048, 0.070625], [0.610887, 0.724447, 0.319364], [-0.262279, -0.195425, 0.944997]], [[0.729941, -0.671577, 0.127164], [0.395108, 0.262768, -0.880251], [0.557742, 0.692775, 0.457151]], [[0.729941, -0.671577, 0.127164], [-0.485306, -0.640233, -0.595466], [0.481316, 0.372942, -0.793253]], [[0.729941, -0.671577, 0.127164], [-0.679738, -0.732759, 0.0319584], [0.0717178, -0.109766, -0.991367]]], "btipPosition": [-115.37, 171.909, 48.8124], "carpPosition": [-135.971, 196.71, 91.0717], "dipPosition": [-116.561, 170.087, 32.3576], "direction": [0.481316, -0.372942, 0.793253], "extended": false, "handId": 12, "id": 122, "length": 59.1836, "mcpPosition": [-152.395, 208.947, 31.8962], "pipPosition": [-128.65, 179.454, 12.4338], "stabilizedTipPosition": [-118.793, 170.034, 36.2815], "timeVisible": 6.52984, "tipPosition": [-116.107, 169.013, 37.4264], "tipVelocity": [-6.9145, 6.86766, -0.951814], "tool": false, "touchDistance": 0.333333, "touchZone": "none", "type": 2, "width": 16.5693}, {"bases": [[[0.652083, -0.73532, 0.184642], [0.654024, 0.668768, 0.353555], [-0.383459, -0.109787, 0.917009]], [[0.646804, -0.736746, 0.197103], [0.465829, 0.177014, -0.866989], [0.60386, 0.652588, 0.457691]], [[0.646804, -0.736746, 0.197103], [-0.520239, -0.615201, -0.59235], [0.557669, 0.280594, -0.781199]], [[0.646804, -0.736746, 0.197103], [-0.755959, -0.653518, 0.0379563], [0.100846, -0.173552, -0.979648]]], "btipPosition": [-127.273, 166.604, 57.0717], "carpPosition": [-144.854, 190.186, 91.4089], "dipPosition": [-128.937, 163.74, 40.9049], "direction": [0.557669, -0.280594, 0.781199], "extended": false, "handId": 12, "id": 123, "length": 56.9066, "mcpPosition": [-166.413, 196.359, 39.8526], "pipPosition": [-142.582, 170.605, 21.7906], "stabilizedTipPosition": [-132.195, 163.044, 39.8655], "timeVisible": 6.52984, "tipPosition": [-127.402, 163.74, 45.9938], "tipVelocity": [-10.7428, 3.59239, 0.749625], "tool": false, "touchDistance": 0.333333, "touchZone": "none", "type": 3, "width": 15.7668}, {"bases": [[[0.486231, -0.843409, 0.228562], [0.711021, 0.533914, 0.457587], [-0.507966, -0.0599808, 0.859287]], [[0.54512, -0.82959, 0.120933], [0.513141, 0.216095, -0.830656], [0.66297, 0.514863, 0.543494]], [[0.54512, -0.82959, 0.120933], [-0.53263, -0.454103, -0.71421], [0.647417, 0.324917, -0.689405]], [[0.54512, -0.82959, 0.120933], [-0.824364, -0.556661, -0.102725], [0.152538, -0.0436956, -0.987331]]], "btipPosition": [-142.074, 160.531, 57.0887], "carpPosition": [-149.849, 178.437, 91.8422], "dipPosition": [-144.396, 159.866, 42.0571], "direction": [0.647417, -0.324917, 0.689405], "extended": false, "handId": 12, "id": 124, "length": 44.6137, "mcpPosition": [-176.286, 181.559, 47.1213], "pipPosition": [-155.581, 165.479, 30.1474], "stabilizedTipPosition": [-143.954, 159.659, 47.915], "timeVisible": 6.52984, "tipPosition": [-141.591, 161.298, 46.9213], "tipVelocity": [-7.48445, 9.61079, -0.130349], "tool": false, "touchDistance": 0.333333, "touchZone": "none", "type": 4, "width": 14.0053}], "r": [[0.993496, -0.109682, 0.0305732], [0.111027, 0.992733, -0.0464227], [-0.0252592, 0.0495152, 0.998454]], "s": 1.61066, "t": [-48.7786, 75.788, 76.2644], "timestamp": 555352773588}, {"currentFrameRate": 114.934, "devices": [], "gestures": [], "hands": [{"armBasis": [[0.906726, -0.169261, -0.386263], [0.381833, 0.71833, 0.581554], [0.17903, -0.674798, 0.715958]], "armWidth": 56.0692, "confidence": 1, "direction": [-0.357089, 0.298028, -0.88525], "elbow": [-176.468, 9.03483, 286.196], "grabAngle": 2.75094, "grabStrength": 0, "id": 12, "palmNormal": [0.446611, -0.777906, -0.442042], "palmPosition": [-144.88, 197.798, 50.5892], "palmVelocity": [-5.6646, 8.74992, 7.07317], "palmWidth": 81.6675, "pinchDistance": 47.9832, "pinchStrength": 0.443048, "r": [[0.993573, -0.108903, 0.0308645], [0.110258, 0.992826, -0.0462462], [-0.0256067, 0.049352, 0.998453]], "s": 1.61093, "sphereCenter": [-132.672, 175.221, 20.6426], "sphereRadius": 39.8867, "stabilizedPalmPosition": [-146.808, 196.639, 50.6913], "t": [48.7426, 75.871, 76.2991], "timeVisible": 6.53847, "type": "left", "wrist": [-133.083, 172.563, 112.693]}], "id": 11188, "interactionBox": {"center": [0, 200, 0], "size": [235.247, 235.247, 147.751]}, "pointables": [{"bases": [[[0.868691, -0.495318, -0.00600967], [0.473456, 0.82666, 0.304094], [-0.145655, -0.267009, 0.952623]], [[0.854908, -0.514395, 0.0673093], [0.506038, 0.855441, 0.110215], [-0.114273, -0.0601625, 0.991626]], [[0.854908, -0.514395, 0.0673093], [0.517423, 0.854843, -0.0389565], [-0.0374998, 0.0681316, 0.996971]], [[0.854908, -0.514395, 0.0673093], [0.518723, 0.845677, -0.125524], [0.00764689, 0.142226, 0.989805]]], "btipPosition": [-140.345, 217.107, -45.5195], "carpPosition": [-125.706, 200.794, 91.2339], "dipPosition": [-140.461, 219.253, -30.5824], "direction": [-0.0374998, -0.0681316, -0.996971], "extended": true, "handId": 12, "id": 121, "length": 51.9419, "mcpPosition": [-135.324, 218.425, 28.3304], "pipPosition": [-139.66, 220.708, -9.29852], "stabilizedTipPosition": [-141.218, 216.732, -41.4784], "timeVisible": 6.53847, "tipPosition": [-140.103, 218.273, -41.7735], "tipVelocity": [-9.69661, 9.38584, 6.77714], "tool": false, "touchDistance": 0.244744, "touchZone": "hovering", "type": 1, "width": 16.8708}, {"bases": [[[0.79926, 0.531324, 0.280852], [-0.599867, 0.676801, 0.426732], [0.036652, -0.509543, 0.859664]], [[0.772065, 0.629592, 0.0867701], [-0.635328, 0.768126, 0.0796252], [-0.0165189, -0.116603, 0.993041]], [[0.772065, 0.629592, 0.0867701], [-0.586242, 0.758229, -0.285324], [-0.245429, 0.16942, 0.954495]], [[0.772065, 0.629592, 0.0867701], [-0.455706, 0.64358, -0.614928], [-0.442997, 0.435223, 0.783795]]], "btipPosition": [-125.788, 179.409, 1.49266], "carpPosition": [-108.5, 188.284, 90.9308], "dipPosition": [-116.631, 188.406, 17.6947], "direction": [-0.245429, -0.16942, -0.954495], "extended": false, "handId": 12, "id": 120, "length": 46.0319, "mcpPosition": [-108.5, 188.284, 90.9308], "pipPosition": [-109.24, 193.508, 46.4394], "stabilizedTipPosition": [-124.214, 179.484, 5.57346], "timeVisible": 6.53847, "tipPosition": [-120.128, 182.246, 4.29097], "tipVelocity": [-3.72267, 13.3544, 4.30303], "tool": false, "touchDistance": -0.169108, "touchZone": "touching", "type": 0, "width": 17.662}, {"bases": [[[0.7475, -0.660457, 0.0709965], [0.61019, 0.724957, 0.319541], [-0.262512, -0.195535, 0.944909]], [[0.730413, -0.670994, 0.127529], [0.395326, 0.263069, -0.880064], [0.556968, 0.693226, 0.45741]], [[0.730413, -0.670994, 0.127529], [-0.484593, -0.640697, -0.595548], [0.481316, 0.373196, -0.793132]], [[0.730413, -0.670994, 0.127529], [-0.679181, -0.733282, 0.0317992], [0.0721778, -0.109842, -0.991325]]], "btipPosition": [-115.443, 171.964, 48.8606], "carpPosition": [-136.004, 196.783, 91.1292], "dipPosition": [-116.641, 170.141, 32.4065], "direction": [0.481316, -0.373196, 0.793132], "extended": false, "handId": 12, "id": 122, "length": 59.1836, "mcpPosition": [-152.442, 209.027, 31.9591], "pipPosition": [-128.73, 179.514, 12.4857], "stabilizedTipPosition": [-118.782, 170.039, 36.3136], "timeVisible": 6.53847, "tipPosition": [-116.184, 169.065, 37.4813], "tipVelocity": [-8.66724, 6.36249, 5.60905], "tool": false, "touchDistance": 0.333333, "touchZone": "none", "type": 2, "width": 16.5693}, {"bases": [[[0.652582, -0.734792, 0.184982], [0.653357, 0.669315, 0.353755], [-0.383748, -0.109995, 0.916864]], [[0.64805, -0.736028, 0.19569], [0.464893, 0.178777, -0.867129], [0.603246, 0.652918, 0.45803]], [[0.64805, -0.736028, 0.19569], [-0.519898, -0.615298, -0.592549], [0.556541, 0.282262, -0.781403]], [[0.64805, -0.736028, 0.19569], [-0.754973, -0.654661, 0.0378759], [0.100233, -0.172287, -0.979934]]], "btipPosition": [-127.389, 166.62, 57.138], "carpPosition": [-144.892, 190.266, 91.4706], "dipPosition": [-129.044, 163.777, 40.9664], "direction": [0.556541, -0.282262, 0.781403], "extended": false, "handId": 12, "id": 123, "length": 56.9066, "mcpPosition": [-166.467, 196.45, 39.9226], "pipPosition": [-142.661, 170.683, 21.8472], "stabilizedTipPosition": [-132.179, 163.054, 39.9141], "timeVisible": 6.53847, "tipPosition": [-127.48, 163.81, 46.0798], "tipVelocity": [-13.21, 2.47461, 7.55785], "tool": false, "touchDistance": 0.333333, "touchZone": "none", "type": 3, "width": 15.7668}, {"bases": [[[0.486797, -0.843006, 0.228845], [0.710416, 0.534515, 0.457824], [-0.50827, -0.0602919, 0.859085]], [[0.54573, -0.829147, 0.121218], [0.513432, 0.216536, -0.830361], [0.662244, 0.51539, 0.543881]], [[0.54573, -0.829147, 0.121218], [-0.531929, -0.454555, -0.714445], [0.64748, 0.325414, -0.689112]], [[0.54573, -0.829147, 0.121218], [-0.823872, -0.557326, -0.103069], [0.153017, -0.0436203, -0.98726]]], "btipPosition": [-142.151, 160.605, 57.1459], "carpPosition": [-149.896, 178.521, 91.9072], "dipPosition": [-144.481, 159.941, 42.1154], "direction": [0.64748, -0.325414, 0.689112], "extended": false, "handId": 12, "id": 124, "length": 44.6137, "mcpPosition": [-176.349, 181.659, 47.1968], "pipPosition": [-155.666, 165.562, 30.2108], "stabilizedTipPosition": [-143.949, 159.662, 47.9369], "timeVisible": 6.53847, "tipPosition": [-141.671, 161.37, 46.9877], "tipVelocity": [-9.14444, 8.55585, 6.66779], "tool": false, "touchDistance": 0.333333, "touchZone": "none", "type": 4, "width": 14.0053}], "r": [[0.993573, -0.108903, 0.0308645], [0.110258, 0.992826, -0.0462462], [-0.0256067, 0.049352, 0.998453]], "s": 1.61093, "t": [-48.7426, 75.871, 76.2991], "timestamp": 555352782212}, {"currentFrameRate": 114.91, "devices": [], "gestures": [], "hands": [{"armBasis": [[0.906803, -0.168999, -0.386197], [0.381587, 0.718429, 0.581594], [0.179166, -0.674759, 0.715961]], "armWidth": 56.0692, "confidence": 1, "direction": [-0.357206, 0.298539, -0.88503], "elbow": [-176.543, 9.10653, 286.186], "grabAngle": 2.7508, "grabStrength": 0, "id": 12, "palmNormal": [0.446186, -0.777898, -0.442485], "palmPosition": [-144.927, 197.888, 50.5905], "palmVelocity": [-5.40772, 10.2654, 0.141429], "palmWidth": 81.6675, "pinchDistance": 47.9846, "pinchStrength": 0.442862, "r": [[0.993641, -0.108204, 0.0311413], [0.109567, 0.992914, -0.0460163], [-0.0259415, 0.0491358, 0.998455]], "s": 1.61119, "sphereCenter": [-132.78, 175.277, 20.6332], "sphereRadius": 39.8992, "stabilizedPalmPosition": [-146.802, 196.643, 50.691], "t": [48.7009, 75.9574, 76.3171], "timeVisible": 6.54721, "type": "left", "wrist": [-133.124, 172.625, 112.683]}], "id": 11189, "interactionBox": {"center": [0, 200, 0], "size": [235.247, 235.247, 147.751]}, "pointables": [{"bases": [[[0.868889, -0.494971, -0.00598616], [0.473048, 0.82672, 0.304565], [-0.145802, -0.267465, 0.952473]], [[0.855116, -0.51406, 0.0672215], [0.505596, 0.855576, 0.111184], [-0.114668, -0.0610885, 0.991524]], [[0.855116, -0.51406, 0.0672215], [0.517055, 0.855098, -0.0382256], [-0.0378307, 0.0674445, 0.997006]], [[0.855116, -0.51406, 0.0672215], [0.518386, 0.846006, -0.124695], [0.00723095, 0.141475, 0.989915]]], "btipPosition": [-140.419, 217.263, -45.5107], "carpPosition": [-125.741, 200.859, 91.2313], "dipPosition": [-140.528, 219.398, -30.572], "direction": [-0.0378307, -0.0674445, -0.997006], "extended": true, "handId": 12, "id": 121, "length": 51.9419, "mcpPosition": [-135.369, 218.52, 28.3377], "pipPosition": [-139.72, 220.838, -9.28731], "stabilizedTipPosition": [-141.213, 216.738, -41.4823], "timeVisible": 6.54721, "tipPosition": [-140.167, 218.399, -41.7656], "tipVelocity": [-8.22507, 17.5906, 1.05077], "tool": false, "touchDistance": 0.244897, "touchZone": "hovering", "type": 1, "width": 16.8708}, {"bases": [[[0.798975, 0.531523, 0.281286], [-0.600248, 0.676385, 0.426855], [0.036626, -0.509888, 0.859461]], [[0.771792, 0.629862, 0.087236], [-0.635663, 0.767776, 0.0803234], [-0.0163851, -0.117446, 0.992944]], [[0.771792, 0.629862, 0.087236], [-0.586644, 0.758236, -0.284478], [-0.245327, 0.168381, 0.954705]], [[0.771792, 0.629862, 0.087236], [-0.456145, 0.643994, -0.614169], [-0.443021, 0.434219, 0.784338]]], "btipPosition": [-125.82, 179.558, 1.46705], "carpPosition": [-108.54, 188.342, 90.9184], "dipPosition": [-116.662, 188.533, 17.6803], "direction": [-0.245327, -0.168381, -0.954705], "extended": false, "handId": 12, "id": 120, "length": 46.0319, "mcpPosition": [-108.54, 188.342, 90.9184], "pipPosition": [-109.274, 193.604, 46.4313], "stabilizedTipPosition": [-124.207, 179.511, 5.56878], "timeVisible": 6.54721, "tipPosition": [-120.207, 182.342, 4.28257], "tipVelocity": [-3.62243, 16.4137, -2.6336], "tool": false, "touchDistance": -0.169492, "touchZone": "touching", "type": 0, "width": 17.662}, {"bases": [[[0.747743, -0.660191, 0.0709189], [0.609818, 0.725065, 0.320005], [-0.262685, -0.196034, 0.944758]], [[0.730645, -0.670758, 0.127443], [0.39557, 0.263736, -0.879754], [0.556491, 0.693201, 0.458029]], [[0.730645, -0.670758, 0.127443], [-0.48423, -0.640677, -0.595865], [0.481331, 0.373655, -0.792908]], [[0.730645, -0.670758, 0.127443], [-0.678906, -0.733553, 0.0314143], [0.0724146, -0.109474, -0.991348]]], "btipPosition": [-115.507, 172.048, 48.8369], "carpPosition": [-136.041, 196.852, 91.1276], "dipPosition": [-116.709, 170.231, 32.3824], "direction": [0.481331, -0.373655, 0.792908], "extended": false, "handId": 12, "id": 122, "length": 59.1836, "mcpPosition": [-152.49, 209.127, 31.9671], "pipPosition": [-128.798, 179.616, 12.4673], "stabilizedTipPosition": [-118.77, 170.045, 36.3471], "timeVisible": 6.54721, "tipPosition": [-116.246, 169.151, 37.4678], "tipVelocity": [-7.40316, 9.76651, -2.71741], "tool": false, "touchDistance": 0.333333, "touchZone": "none", "type": 2, "width": 16.5693}, {"bases": [[[0.652824, -0.73461, 0.184848], [0.652997, 0.669426, 0.354208], [-0.383947, -0.11053, 0.916716]], [[0.648941, -0.735682, 0.194032], [0.464174, 0.18075, -0.867106], [0.602843, 0.652765, 0.45878]], [[0.648941, -0.735682, 0.194032], [-0.519819, -0.61493, -0.593], [0.555576, 0.283961, -0.781474]], [[0.648941, -0.735682, 0.194032], [-0.754285, -0.65548, 0.0374245], [0.0996516, -0.170642, -0.980281]]], "btipPosition": [-127.489, 166.66, 57.1223], "carpPosition": [-144.931, 190.338, 91.4687], "dipPosition": [-129.134, 163.844, 40.945], "direction": [0.555576, -0.283961, 0.781474], "extended": false, "handId": 12, "id": 123, "length": 56.9066, "mcpPosition": [-166.518, 196.553, 39.929], "pipPosition": [-142.727, 170.792, 21.824], "stabilizedTipPosition": [-132.163, 163.065, 39.9655], "timeVisible": 6.54721, "tipPosition": [-127.543, 163.902, 46.0877], "tipVelocity": [-11.1591, 5.30403, -1.94776], "tool": false, "touchDistance": 0.333333, "touchZone": "none", "type": 3, "width": 15.7668}, {"bases": [[[0.48707, -0.842908, 0.228622], [0.710083, 0.534605, 0.458236], [-0.508473, -0.0608523, 0.858925]], [[0.54605, -0.828973, 0.120969], [0.513835, 0.217364, -0.829895], [0.661666, 0.515323, 0.544647]], [[0.54605, -0.828973, 0.120969], [-0.531497, -0.454417, -0.714854], [0.647564, 0.326051, -0.688731]], [[0.54605, -0.828973, 0.120969], [-0.823579, -0.557635, -0.103732], [0.153447, -0.0429846, -0.987222]]], "btipPosition": [-142.216, 160.69, 57.1177], "carpPosition": [-149.94, 178.595, 91.9017], "dipPosition": [-144.552, 160.035, 42.0878], "direction": [0.647564, -0.326051, 0.688731], "extended": false, "handId": 12, "id": 124, "length": 44.6137, "mcpPosition": [-176.403, 181.762, 47.1996], "pipPosition": [-155.739, 165.668, 30.1897], "stabilizedTipPosition": [-143.944, 159.665, 47.9597], "timeVisible": 6.54721, "tipPosition": [-141.734, 161.459, 46.9791], "tipVelocity": [-7.56129, 9.98412, -3.21506], "tool": false, "touchDistance": 0.333333, "touchZone": "none", "type": 4, "width": 14.0053}], "r": [[0.993641, -0.108204, 0.0311413], [0.109567, 0.992914, -0.0460163], [-0.0259415, 0.0491358, 0.998455]], "s": 1.61119, "t": [-48.7009, 75.9574, 76.3171], "timestamp": 555352790955}, {"currentFrameRate": 114.994, "devices": [], "gestures": [], "hands": [{"armBasis": [[0.906692, -0.169161, -0.386386], [0.381828, 0.718389, 0.581485], [0.179211, -0.674761, 0.715948]], "armWidth": 56.0692, "confidence": 1, "direction": [-0.357304, 0.298611, -0.884966], "elbow": [-176.615, 9.17629, 286.17], "grabAngle": 2.75086, "grabStrength": 0, "id": 12, "palmNormal": [0.446316, -0.77774, -0.44263], "palmPosition": [-144.994, 197.964, 50.5803], "palmVelocity": [-7.82442, 8.92946, -1.18342], "palmWidth": 81.6675, "pinchDistance": 47.9751, "pinchStrength": 0.442444, "r": [[0.99369, -0.107684, 0.0313685], [0.109053, 0.99298, -0.0457997], [-0.0262164, 0.0489316, 0.998458]], "s": 1.61142, "sphereCenter": [-132.878, 175.322, 20.6218], "sphereRadius": 39.9093, "stabilizedPalmPosition": [-146.795, 196.648, 50.6906], "t": [48.6466, 76.0388, 76.321], "timeVisible": 6.55576, "type": "left", "wrist": [-133.186, 172.696, 112.669]}], "id": 11190, "interactionBox": {"center": [0, 200, 0], "size": [235.247, 235.247, 147.751]}, "pointables": [{"bases": [[[0.868793, -0.495139, -0.00602566], [0.473194, 0.826579, 0.304719], [-0.145897, -0.267589, 0.952423]], [[0.855031, -0.514218, 0.0670993], [0.505737, 0.855465, 0.111401], [-0.114686, -0.061317, 0.991508]], [[0.855031, -0.514218, 0.0670993], [0.517202, 0.855012, -0.0381633], [-0.0377465, 0.0673347, 0.997016]], [[0.855031, -0.514218, 0.0670993], [0.518527, 0.845953, -0.12447], [0.00724195, 0.141219, 0.989952]]], "btipPosition": [-140.489, 217.36, -45.5181], "carpPosition": [-125.807, 200.932, 91.2208], "dipPosition": [-140.599, 219.491, -30.5788], "direction": [-0.0377465, -0.0673347, -0.997016], "extended": true, "handId": 12, "id": 121, "length": 51.9419, "mcpPosition": [-135.441, 218.602, 28.3305], "pipPosition": [-139.793, 220.929, -9.29395], "stabilizedTipPosition": [-141.208, 216.745, -41.4863], "timeVisible": 6.55576, "tipPosition": [-140.242, 218.49, -41.7727], "tipVelocity": [-8.26373, 11.2002, -0.852722], "tool": false, "touchDistance": 0.244776, "touchZone": "hovering", "type": 1, "width": 16.8708}, {"bases": [[[0.799065, 0.531323, 0.281408], [-0.600136, 0.676433, 0.426936], [0.0364875, -0.510033, 0.859381]], [[0.77191, 0.629699, 0.0873712], [-0.635526, 0.767828, 0.0809067], [-0.0161392, -0.117979, 0.992885]], [[0.77191, 0.629699, 0.0873712], [-0.586641, 0.758502, -0.283773], [-0.244963, 0.167792, 0.954903]], [[0.77191, 0.629699, 0.0873712], [-0.456259, 0.64444, -0.613616], [-0.442699, 0.433793, 0.784756]]], "btipPosition": [-125.855, 179.685, 1.44182], "carpPosition": [-108.603, 188.419, 90.9051], "dipPosition": [-116.703, 188.652, 17.6637], "direction": [-0.244963, -0.167792, -0.954903], "extended": false, "handId": 12, "id": 120, "length": 46.0319, "mcpPosition": [-108.603, 188.419, 90.9051], "pipPosition": [-109.326, 193.705, 46.4207], "stabilizedTipPosition": [-124.202, 179.539, 5.56383], "timeVisible": 6.55576, "tipPosition": [-120.284, 182.429, 4.27176], "tipVelocity": [-4.22111, 14.6618, -2.71811], "tool": false, "touchDistance": -0.169879, "touchZone": "touching", "type": 0, "width": 17.662}, {"bases": [[[0.747611, -0.660347, 0.0708473], [0.609944, 0.724895, 0.32015], [-0.262767, -0.196135, 0.944714]], [[0.730509, -0.67092, 0.127369], [0.395635, 0.263767, -0.879716], [0.556623, 0.693032, 0.458124]], [[0.730509, -0.67092, 0.127369], [-0.484448, -0.640581, -0.59579], [0.481317, 0.373527, -0.792976]], [[0.730509, -0.67092, 0.127369], [-0.679068, -0.733398, 0.031518], [0.0722659, -0.109516, -0.991355]]], "btipPosition": [-115.574, 172.137, 48.8267], "carpPosition": [-136.105, 196.923, 91.1169], "dipPosition": [-116.774, 170.319, 32.3721], "direction": [0.481317, -0.373527, 0.792976], "extended": false, "handId": 12, "id": 122, "length": 59.1836, "mcpPosition": [-152.56, 209.205, 31.9591], "pipPosition": [-128.863, 179.701, 12.4553], "stabilizedTipPosition": [-118.759, 170.052, 36.3813], "timeVisible": 6.55576, "tipPosition": [-116.307, 169.236, 37.4564], "tipVelocity": [-7.78103, 10.386, -1.19368], "tool": false, "touchDistance": 0.333333, "touchZone": "none", "type": 2, "width": 16.5693}, {"bases": [[[0.652673, -0.734767, 0.18476], [0.653111, 0.669242, 0.354346], [-0.384011, -0.110602, 0.91668]], [[0.649158, -0.735741, 0.193079], [0.463685, 0.181539, -0.867202], [0.602985, 0.652479, 0.458999]], [[0.649158, -0.735741, 0.193079], [-0.520178, -0.614592, -0.593036], [0.554986, 0.284538, -0.781683]], [[0.649158, -0.735741, 0.193079], [-0.754177, -0.655605, 0.0374135], [0.0990572, -0.169903, -0.98047]]], "btipPosition": [-127.575, 166.719, 57.1125], "carpPosition": [-144.995, 190.408, 91.4574], "dipPosition": [-129.21, 163.915, 40.9321], "direction": [0.554986, -0.284538, 0.781683], "extended": false, "handId": 12, "id": 123, "length": 56.9066, "mcpPosition": [-166.585, 196.626, 39.9196], "pipPosition": [-142.789, 170.877, 21.806], "stabilizedTipPosition": [-132.146, 163.077, 40.0181], "timeVisible": 6.55576, "tipPosition": [-127.605, 163.987, 46.0857], "tipVelocity": [-9.7649, 7.20778, -1.22467], "tool": false, "touchDistance": 0.333333, "touchZone": "none", "type": 3, "width": 15.7668}, {"bases": [[[0.486896, -0.84304, 0.22851], [0.710165, 0.534394, 0.458354], [-0.508525, -0.0608912, 0.858892]], [[0.545893, -0.829095, 0.120843], [0.514014, 0.217498, -0.829749], [0.661658, 0.515069, 0.544897]], [[0.545893, -0.829095, 0.120843], [-0.531649, -0.454241, -0.714853], [0.647573, 0.325987, -0.688754]], [[0.545893, -0.829095, 0.120843], [-0.823682, -0.557464, -0.10384], [0.153459, -0.0428508, -0.987225]]], "btipPosition": [-142.28, 160.768, 57.099], "carpPosition": [-150.001, 178.664, 91.8887], "dipPosition": [-144.616, 160.115, 42.0691], "direction": [0.647573, -0.325987, 0.688754], "extended": false, "handId": 12, "id": 124, "length": 44.6137, "mcpPosition": [-176.467, 181.833, 47.1883], "pipPosition": [-155.803, 165.747, 30.1706], "stabilizedTipPosition": [-143.94, 159.669, 47.9826], "timeVisible": 6.55576, "tipPosition": [-141.795, 161.536, 46.9654], "tipVelocity": [-7.47484, 9.15138, -2.18033], "tool": false, "touchDistance": 0.333333, "touchZone": "none", "type": 4, "width": 14.0053}], "r": [[0.99369, -0.107684, 0.0313685], [0.109053, 0.99298, -0.0457997], [-0.0262164, 0.0489316, 0.998458]], "s": 1.61142, "t": [-48.6466, 76.0388, 76.321], "timestamp": 555352799507}, {"currentFrameRate": 114.957, "devices": [], "gestures": [], "hands": [{"armBasis": [[0.906368, -0.169615, -0.386946], [0.382451, 0.718563, 0.58086], [0.179523, -0.674461, 0.716152]], "armWidth": 56.0692, "confidence": 1, "direction": [-0.357402, 0.298972, -0.884805], "elbow": [-176.712, 9.20181, 286.24], "grabAngle": 2.75086, "grabStrength": 0, "id": 12, "palmNormal": [0.446432, -0.777449, -0.443025], "palmPosition": [-145.018, 197.937, 50.6086], "palmVelocity": [-2.71352, -3.04967, 3.22001], "palmWidth": 81.6675, "pinchDistance": 47.9689, "pinchStrength": 0.442327, "r": [[0.993725, -0.107307, 0.0315501], [0.108678, 0.993034, -0.0455305], [-0.0264446, 0.0486736, 0.998465]], "s": 1.61161, "sphereCenter": [-132.923, 175.286, 20.64], "sphereRadius": 39.9154, "stabilizedPalmPosition": [-146.79, 196.652, 50.6903], "t": [48.6076, 76.0661, 76.3371], "timeVisible": 6.56452, "type": "left", "wrist": [-133.207, 172.648, 112.689]}], "id": 11191, "interactionBox": {"center": [0, 200, 0], "size": [235.247, 235.247, 147.751]}, "pointables": [{"bases": [[[0.868706, -0.495289, -0.00621888], [0.473325, 0.82635, 0.305138], [-0.145993, -0.268019, 0.952288]], [[0.854952, -0.514385, 0.0668286], [0.505866, 0.855327, 0.111873], [-0.114706, -0.0618393, 0.991473]], [[0.854952, -0.514385, 0.0668286], [0.517338, 0.854945, -0.0378255], [-0.0376779, 0.0669119, 0.997047]], [[0.854952, -0.514385, 0.0668286], [0.518657, 0.845942, -0.124002], [0.00725177, 0.140677, 0.990029]]], "btipPosition": [-140.517, 217.383, -45.481], "carpPosition": [-125.829, 200.89, 91.2495], "dipPosition": [-140.627, 219.505, -30.5406], "direction": [-0.0376779, -0.0669119, -0.997047], "extended": true, "handId": 12, "id": 121, "length": 51.9419, "mcpPosition": [-135.469, 218.587, 28.3681], "pipPosition": [-139.822, 220.934, -9.25502], "stabilizedTipPosition": [-141.204, 216.752, -41.4893], "timeVisible": 6.56452, "tipPosition": [-140.275, 218.509, -41.735], "tipVelocity": [-3.16466, 2.36789, 4.26517], "tool": false, "touchDistance": 0.245399, "touchZone": "hovering", "type": 1, "width": 16.8708}, {"bases": [[[0.799145, 0.531047, 0.281702], [-0.600038, 0.676335, 0.42723], [0.0363542, -0.51045, 0.859138]], [[0.772017, 0.629521, 0.0877106], [-0.635401, 0.767857, 0.0816172], [-0.0159695, -0.118741, 0.992797]], [[0.772017, 0.629521, 0.0877106], [-0.586587, 0.758805, -0.283074], [-0.244756, 0.167088, 0.955079]], [[0.772017, 0.629521, 0.0877106], [-0.456235, 0.644932, -0.613117], [-0.442537, 0.43332, 0.785108]]], "btipPosition": [-125.858, 179.71, 1.45498], "carpPosition": [-108.623, 188.38, 90.9269], "dipPosition": [-116.71, 188.668, 17.6842], "direction": [-0.244756, -0.167088, -0.955079], "extended": false, "handId": 12, "id": 120, "length": 46.0319, "mcpPosition": [-108.623, 188.38, 90.9269], "pipPosition": [-109.339, 193.7, 46.4464], "stabilizedTipPosition": [-124.197, 179.564, 5.55951], "timeVisible": 6.56452, "tipPosition": [-120.315, 182.427, 4.2932], "tipVelocity": [-0.41663, 2.65859, 1.69278], "tool": false, "touchDistance": -0.169632, "touchZone": "touching", "type": 0, "width": 17.662}, {"bases": [[[0.747491, -0.660513, 0.070569], [0.610056, 0.724634, 0.320527], [-0.262849, -0.19654, 0.944607]], [[0.730384, -0.67111, 0.127084], [0.395765, 0.264167, -0.879538], [0.556695, 0.692696, 0.458545]], [[0.730384, -0.67111, 0.127084], [-0.484603, -0.640266, -0.596002], [0.481351, 0.373725, -0.792862]], [[0.730384, -0.67111, 0.127084], [-0.679209, -0.733279, 0.0312641], [0.0722067, -0.109152, -0.991399]]], "btipPosition": [-115.598, 172.121, 48.8407], "carpPosition": [-136.127, 196.879, 91.1442], "dipPosition": [-116.797, 170.309, 32.3853], "direction": [0.481351, -0.373725, 0.792862], "extended": false, "handId": 12, "id": 122, "length": 59.1836, "mcpPosition": [-152.587, 209.186, 31.9931], "pipPosition": [-128.886, 179.696, 12.4714], "stabilizedTipPosition": [-118.748, 170.058, 36.4147], "timeVisible": 6.56452, "tipPosition": [-116.327, 169.222, 37.4725], "tipVelocity": [-2.68884, -1.65414, 1.57238], "tool": false, "touchDistance": 0.333333, "touchZone": "none", "type": 2, "width": 16.5693}, {"bases": [[[0.652533, -0.73497, 0.184442], [0.653212, 0.668957, 0.354698], [-0.384076, -0.110973, 0.916608]], [[0.649247, -0.735886, 0.192221], [0.463488, 0.182419, -0.867123], [0.603039, 0.652069, 0.45951]], [[0.649247, -0.735886, 0.192221], [-0.520418, -0.614125, -0.593309], [0.554656, 0.285169, -0.781688]], [[0.649247, -0.735886, 0.192221], [-0.754139, -0.655667, 0.0370753], [0.0987497, -0.169032, -0.980651]]], "btipPosition": [-127.61, 166.68, 57.1241], "carpPosition": [-145.015, 190.362, 91.482], "dipPosition": [-129.24, 163.891, 40.9407], "direction": [0.554656, -0.285169, 0.781687], "extended": false, "handId": 12, "id": 123, "length": 56.9066, "mcpPosition": [-166.609, 196.601, 39.9483], "pipPosition": [-142.811, 170.868, 21.8145], "stabilizedTipPosition": [-132.129, 163.089, 40.0725], "timeVisible": 6.56452, "tipPosition": [-127.623, 163.968, 46.1061], "tipVelocity": [-3.87095, -4.08458, 1.24661], "tool": false, "touchDistance": 0.333333, "touchZone": "none", "type": 3, "width": 15.7668}, {"bases": [[[0.486736, -0.843235, 0.228131], [0.710237, 0.534049, 0.458645], [-0.508579, -0.0612123, 0.858837]], [[0.545753, -0.829244, 0.120449], [0.514238, 0.217953, -0.829491], [0.661599, 0.514636, 0.545377]], [[0.545753, -0.829244, 0.120449], [-0.53173, -0.453813, -0.715064], [0.647624, 0.326202, -0.688604]], [[0.545753, -0.829244, 0.120449], [-0.82376, -0.55728, -0.104205], [0.153535, -0.0423504, -0.987235]]], "btipPosition": [-142.3, 160.739, 57.1037], "carpPosition": [-150.02, 178.617, 91.908], "dipPosition": [-144.638, 160.094, 42.0736], "direction": [0.647624, -0.326202, 0.688604], "extended": false, "handId": 12, "id": 124, "length": 44.6137, "mcpPosition": [-176.488, 181.802, 47.2104], "pipPosition": [-155.826, 165.73, 30.1777], "stabilizedTipPosition": [-143.935, 159.673, 48.0065], "timeVisible": 6.56452, "tipPosition": [-141.813, 161.511, 46.9791], "tipVelocity": [-2.41535, -3.05113, 0.525512], "tool": false, "touchDistance": 0.333333, "touchZone": "none", "type": 4, "width": 14.0053}], "r": [[0.993725, -0.107307, 0.0315501], [0.108678, 0.993034, -0.0455305], [-0.0264446, 0.0486736, 0.998465]], "s": 1.61161, "t": [-48.6076, 76.0661, 76.3371], "timestamp": 555352808269}, {"currentFrameRate": 114.959, "devices": [], "gestures": [], "hands": [{"armBasis": [[0.90618, -0.169881, -0.38727], [0.38284, 0.718562, 0.580606], [0.179643, -0.674396, 0.716183]], "armWidth": 56.0692, "confidence": 1, "direction": [-0.357699, 0.299362, -0.884553], "elbow": [-176.804, 9.19135, 286.308], "grabAngle": 2.75093, "grabStrength": 0, "id": 12, "palmNormal": [0.44648, -0.777121, -0.443552], "palmPosition": [-145.098, 197.936, 50.6821], "palmVelocity": [-9.27987, -0.10781, 8.45689], "palmWidth": 81.6675, "pinchDistance": 47.9579, "pinchStrength": 0.442555, "r": [[0.993747, -0.10705, 0.0317366], [0.108422, 0.993077, -0.0452047], [-0.0266777, 0.048363, 0.998473]], "s": 1.61169, "sphereCenter": [-133.017, 175.284, 20.6984], "sphereRadius": 39.9165, "stabilizedPalmPosition": [-146.785, 196.656, 50.6903], "t": [48.5478, 76.0793, 76.3819], "timeVisible": 6.57322, "type": "left", "wrist": [-133.27, 172.622, 112.75]}], "id": 11192, "interactionBox": {"center": [0, 200, 0], "size": [235.247, 235.247, 147.751]}, "pointables": [{"bases": [[[0.868602, -0.495471, -0.0062504], [0.47342, 0.826088, 0.305699], [-0.146301, -0.268489, 0.952108]], [[0.854845, -0.51458, 0.0666914], [0.506029, 0.855184, 0.112224], [-0.114782, -0.0621863, 0.991442]], [[0.854845, -0.51458, 0.0666914], [0.517522, 0.854836, -0.0377762], [-0.0375713, 0.066807, 0.997058]], [[0.854845, -0.51458, 0.0666914], [0.518832, 0.845854, -0.123873], [0.00733137, 0.140494, 0.990054]]], "btipPosition": [-140.607, 217.414, -45.3985], "carpPosition": [-125.9, 200.871, 91.3195], "dipPosition": [-140.718, 219.534, -30.4577], "direction": [-0.0375713, -0.066807, -0.997058], "extended": true, "handId": 12, "id": 121, "length": 51.9419, "mcpPosition": [-135.56, 218.6, 28.45], "pipPosition": [-139.916, 220.96, -9.17196], "stabilizedTipPosition": [-141.202, 216.757, -41.4916], "timeVisible": 6.57322, "tipPosition": [-140.384, 218.556, -41.6524], "tipVelocity": [-10.4246, 3.49055, 9.49046], "tool": false, "touchDistance": 0.246774, "touchZone": "hovering", "type": 1, "width": 16.8708}, {"bases": [[[0.799184, 0.530728, 0.282193], [-0.600007, 0.676238, 0.427427], [0.0360183, -0.510911, 0.858879]], [[0.772128, 0.62931, 0.0882461], [-0.635264, 0.767912, 0.0821657], [-0.0160575, -0.119502, 0.992704]], [[0.772128, 0.62931, 0.0882461], [-0.58639, 0.759106, -0.282676], [-0.244879, 0.166515, 0.955148]], [[0.772128, 0.62931, 0.0882461], [-0.45596, 0.645376, -0.612854], [-0.442627, 0.432965, 0.785254]]], "btipPosition": [-125.935, 179.755, 1.51295], "carpPosition": [-108.691, 188.365, 90.9858], "dipPosition": [-116.785, 188.705, 17.7452], "direction": [-0.244879, -0.166515, -0.955148], "extended": false, "handId": 12, "id": 120, "length": 46.0319, "mcpPosition": [-108.691, 188.365, 90.9858], "pipPosition": [-109.411, 193.719, 46.5095], "stabilizedTipPosition": [-124.193, 179.588, 5.55625], "timeVisible": 6.57322, "tipPosition": [-120.409, 182.455, 4.3532], "tipVelocity": [-8.86342, 4.89337, 6.74572], "tool": false, "touchDistance": -0.168654, "touchZone": "touching", "type": 0, "width": 17.662}, {"bases": [[[0.747331, -0.66071, 0.0704184], [0.610125, 0.724335, 0.32107], [-0.26314, -0.196982, 0.944434]], [[0.730208, -0.671332, 0.126924], [0.396195, 0.264722, -0.879177], [0.55662, 0.692268, 0.45928]], [[0.730208, -0.671332, 0.126924], [-0.484574, -0.639843, -0.596481], [0.481648, 0.374051, -0.792528]], [[0.730208, -0.671332, 0.126924], [-0.679369, -0.733157, 0.030637], [0.0724873, -0.108599, -0.991439]]], "btipPosition": [-115.677, 172.129, 48.8831], "carpPosition": [-136.197, 196.859, 91.2148], "dipPosition": [-116.88, 170.327, 32.4271], "direction": [0.481648, -0.374051, 0.792528], "extended": false, "handId": 12, "id": 122, "length": 59.1836, "mcpPosition": [-152.675, 209.193, 32.0745], "pipPosition": [-128.978, 179.721, 12.5215], "stabilizedTipPosition": [-118.737, 170.064, 36.4466], "timeVisible": 6.57322, "tipPosition": [-116.404, 169.236, 37.5287], "tipVelocity": [-9.2143, 1.17631, 4.86051], "tool": false, "touchDistance": 0.333333, "touchZone": "none", "type": 2, "width": 16.5693}, {"bases": [[[0.652328, -0.735207, 0.184227], [0.65326, 0.668631, 0.355223], [-0.384342, -0.111374, 0.916448]], [[0.649011, -0.736134, 0.192073], [0.464026, 0.182962, -0.866721], [0.60288, 0.651638, 0.460329]], [[0.649011, -0.736134, 0.192073], [-0.520397, -0.613726, -0.593739], [0.554952, 0.285389, -0.781397]], [[0.649011, -0.736134, 0.192073], [-0.7543, -0.655517, 0.0364465], [0.0990777, -0.168535, -0.980704]]], "btipPosition": [-127.687, 166.684, 57.1641], "carpPosition": [-145.084, 190.339, 91.5515], "dipPosition": [-129.322, 163.902, 40.9798], "direction": [0.554952, -0.285389, 0.781397], "extended": false, "handId": 12, "id": 123, "length": 56.9066, "mcpPosition": [-166.692, 196.601, 40.0268], "pipPosition": [-142.9, 170.885, 21.8607], "stabilizedTipPosition": [-132.114, 163.101, 40.1244], "timeVisible": 6.57322, "tipPosition": [-127.698, 163.975, 46.164], "tipVelocity": [-8.97859, 0.622169, 4.57145], "tool": false, "touchDistance": 0.333333, "touchZone": "none", "type": 3, "width": 15.7668}, {"bases": [[[0.486496, -0.843459, 0.227815], [0.710229, 0.533656, 0.459114], [-0.508819, -0.0615563, 0.85867]], [[0.545565, -0.829416, 0.120116], [0.514731, 0.218513, -0.829038], [0.661371, 0.514121, 0.546139]], [[0.545565, -0.829416, 0.120116], [-0.531655, -0.453315, -0.715435], [0.647844, 0.326456, -0.688276]], [[0.545565, -0.829416, 0.120116], [-0.823835, -0.557065, -0.104761], [0.153802, -0.0418016, -0.987217]]], "btipPosition": [-142.378, 160.737, 57.1473], "carpPosition": [-150.085, 178.593, 91.9726], "dipPosition": [-144.719, 160.1, 42.1175], "direction": [0.647844, -0.326456, 0.688276], "extended": false, "handId": 12, "id": 124, "length": 44.6137, "mcpPosition": [-176.567, 181.797, 47.2838], "pipPosition": [-155.911, 165.74, 30.2272], "stabilizedTipPosition": [-143.931, 159.677, 48.029], "timeVisible": 6.57322, "tipPosition": [-141.887, 161.512, 47.0378], "tipVelocity": [-9.00753, -0.0665485, 5.02372], "tool": false, "touchDistance": 0.333333, "touchZone": "none", "type": 4, "width": 14.0053}], "r": [[0.993747, -0.10705, 0.0317366], [0.108422, 0.993077, -0.0452047], [-0.0266777, 0.048363, 0.998473]], "s": 1.61169, "t": [-48.5478, 76.0793, 76.3819], "timestamp": 555352816965}, {"currentFrameRate": 114.995, "devices": [], "gestures": [], "hands": [{"armBasis": [[0.90619, -0.170025, -0.387184], [0.382945, 0.718326, 0.580828], [0.179369, -0.67461, 0.71605]], "armWidth": 56.0692, "confidence": 1, "direction": [-0.357581, 0.299638, -0.884507], "elbow": [-176.826, 9.12298, 286.286], "grabAngle": 2.75096, "grabStrength": 0, "id": 12, "palmNormal": [0.446588, -0.776949, -0.443745], "palmPosition": [-145.182, 197.939, 50.6996], "palmVelocity": [-9.65675, 0.314117, 2.02526], "palmWidth": 81.6675, "pinchDistance": 47.9485, "pinchStrength": 0.44307, "r": [[0.993764, -0.106858, 0.0318486], [0.108226, 0.993113, -0.044881], [-0.0268333, 0.048048, 0.998485]], "s": 1.61167, "sphereCenter": [-133.095, 175.286, 20.7085], "sphereRadius": 39.9145, "stabilizedPalmPosition": [-146.78, 196.66, 50.6903], "t": [48.4761, 76.0873, 76.413], "timeVisible": 6.58185, "type": "left", "wrist": [-133.358, 172.606, 112.761]}], "id": 11193, "interactionBox": {"center": [0, 200, 0], "size": [235.247, 235.247, 147.751]}, "pointables": [{"bases": [[[0.868575, -0.495515, -0.00654771], [0.47351, 0.825961, 0.305903], [-0.146171, -0.2688, 0.95204]], [[0.854856, -0.514616, 0.0662617], [0.506098, 0.85515, 0.112175], [-0.114391, -0.0623582, 0.991477]], [[0.854856, -0.514616, 0.0662617], [0.517541, 0.85481, -0.0380932], [-0.0370378, 0.0668574, 0.997075]], [[0.854856, -0.514616, 0.0662617], [0.518805, 0.84582, -0.124219], [0.00787959, 0.140566, 0.99004]]], "btipPosition": [-140.654, 217.429, -45.3741], "carpPosition": [-125.99, 200.861, 91.3409], "dipPosition": [-140.773, 219.55, -30.4336], "direction": [-0.0370378, -0.0668574, -0.997075], "extended": true, "handId": 12, "id": 121, "length": 51.9419, "mcpPosition": [-135.642, 218.611, 28.4758], "pipPosition": [-139.982, 220.977, -9.14743], "stabilizedTipPosition": [-141.199, 216.763, -41.4937], "timeVisible": 6.58185, "tipPosition": [-140.455, 218.589, -41.6279], "tipVelocity": [-5.61644, 1.76636, 2.82022], "tool": false, "touchDistance": 0.24718, "touchZone": "hovering", "type": 1, "width": 16.8708}