{"frames": 79, "data": [{"currentFrameRate": 115.28, "devices": [], "gestures": [], "hands": [{"armBasis": [[0.921945, -0.387316, 0.00194235], [-0.200959, -0.474053, 0.857257], [-0.331108, -0.790734, -0.514885]], "armWidth": 64.3496, "confidence": 1, "direction": [-0.161943, 0.366103, -0.916375], "elbow": [58.6264, -20.8915, -2.13618], "grabAngle": 2.52426, "grabStrength": 0, "id": 753, "palmNormal": [0.313291, -0.861515, -0.399551], "palmPosition": [-37.1779, 225.328, 77.3204], "palmVelocity": [-6.64098, -8.91982, -11.8561], "palmWidth": 89.2012, "pinchDistance": 65.1009, "pinchStrength": 0.587384, "r": [[0.963033, 0.0153728, 0.268946], [0.0115995, 0.995078, -0.0984131], [-0.269135, 0.0978946, 0.958114]], "s": 0.953819, "sphereCenter": [-15.3416, 213.579, 45.1919], "sphereRadius": 45.9784, "stabilizedPalmPosition": [-36.4397, 225.94, 78.1635], "t": [-19.1647, 79.1302, 1.14361], "timeVisible": 7.24104, "type": "left", "wrist": [-29.0153, 188.41, 134.15]}], "id": 1345089, "interactionBox": {"center": [0, 200, 0], "size": [235.247, 235.247, 147.751]}, "pointables": [{"bases": [[[0.949654, -0.285333, -0.129394], [0.3102, 0.914282, 0.260506], [0.0439714, -0.287529, 0.956762]], [[0.948534, -0.316022, -0.0203524], [0.296292, 0.862956, 0.409289], [-0.111781, -0.394255, 0.912178]], [[0.948534, -0.316022, -0.0203524], [0.296292, 0.862956, 0.409289], [-0.111781, -0.394255, 0.912178]], [[0.948534, -0.316022, -0.0203524], [0.305726, 0.897087, 0.319007], [-0.0825552, -0.308811, 0.947534]]], "btipPosition": [-27.6091, 275.971, -21.0307], "carpPosition": [-22.0153, 224.022, 124.102], "dipPosition": [-26.2222, 270.783, -5.11302], "direction": [-0.111781, 0.394255, -0.912178], "extended": true, "handId": 753, "id": 7531, "length": 57.8214, "mcpPosition": [-18.8439, 244.76, 55.0972], "pipPosition": [-23.5657, 261.414, 16.565], "stabilizedTipPosition": [-26.7155, 275.56, -16.695], "timeVisible": 7.24104, "tipPosition": [-29.4308, 268.981, -18.5977], "tipVelocity": [-15.5042, -25.5858, -19.9023], "tool": false, "touchDistance": 0.222022, "touchZone": "hovering", "type": 1, "width": 19.7848}, {"bases": [[[0.688358, 0.700439, 0.188542], [-0.676177, 0.525528, 0.516339], [0.26258, -0.482914, 0.835372]], [[0.600969, 0.798847, -0.0260594], [-0.781194, 0.593959, 0.19222], [0.169033, -0.0951611, 0.981006]], [[0.600969, 0.798847, -0.0260594], [-0.786321, 0.585071, -0.198472], [-0.143302, 0.139766, 0.97976]], [[0.600969, 0.798847, -0.0260594], [-0.678247, 0.49245, -0.545412], [-0.422868, 0.345451, 0.837763]]], "btipPosition": [-13.1751, 198.471, 25.7297], "carpPosition": [-6.91225, 206.449, 125.86], "dipPosition": [-3.44444, 206.42, 45.0075], "direction": [-0.143302, -0.139766, -0.97976], "extended": false, "handId": 753, "id": 7530, "length": 51.2425, "mcpPosition": [-6.91225, 206.449, 125.86], "pipPosition": [1.35959, 211.106, 77.8529], "stabilizedTipPosition": [-10.4828, 200.936, 30.9032], "timeVisible": 7.24104, "tipPosition": [-9.01216, 203.618, 29.9718], "tipVelocity": [5.07959, -5.45458, -12.1695], "tool": false, "touchDistance": 0.254831, "touchZone": "hovering", "type": 0, "width": 20.7127}, {"bases": [[[0.879974, -0.47321, -0.0414435], [0.467175, 0.846347, 0.255823], [-0.0859823, -0.244479, 0.965835]], [[0.873235, -0.487018, 0.0165464], [0.256552, 0.430604, -0.86531], [0.414297, 0.759864, 0.500964]], [[0.873235, -0.487018, 0.0165464], [-0.354748, -0.658618, -0.663609], [0.334087, 0.573617, -0.747897]], [[0.873235, -0.487018, 0.0165464], [-0.486966, -0.87339, -0.00733944], [0.0180259, -0.00164849, -0.999836]]], "btipPosition": [-10.4202, 187.009, 72.0224], "carpPosition": [-33.8477, 222.307, 122.439], "dipPosition": [-10.7532, 186.978, 53.5485], "direction": [0.334087, -0.573617, 0.747897], "extended": false, "handId": 753, "id": 7532, "length": 65.8828, "mcpPosition": [-39.7286, 239.028, 56.3794], "pipPosition": [-20.0942, 203.016, 32.6376], "stabilizedTipPosition": [-9.95175, 187.375, 68.4654], "timeVisible": 7.24104, "tipPosition": [-9.98145, 185.741, 63.0047], "tipVelocity": [1.40475, -3.99221, -10.8906], "tool": false, "touchDistance": 0.333333, "touchZone": "none", "type": 2, "width": 19.4313}, {"bases": [[[0.819992, -0.566475, 0.0819725], [0.525872, 0.80215, 0.282867], [-0.225991, -0.188841, 0.95565]], [[0.804965, -0.576779, 0.13913], [0.393124, 0.342851, -0.853174], [0.444392, 0.741471, 0.502729]], [[0.804965, -0.576779, 0.13913], [-0.365588, -0.666856, -0.649344], [0.467308, 0.471835, -0.74766]], [[0.804965, -0.576779, 0.13913], [-0.578088, -0.815225, -0.0349644], [0.133589, -0.052284, -0.989657]]], "btipPosition": [-24.0483, 184.711, 79.1663], "carpPosition": [-44.8752, 217.579, 121.391], "dipPosition": [-26.5024, 183.751, 60.9856], "direction": [0.467308, -0.471835, 0.74766], "extended": false, "handId": 753, "id": 7533, "length": 63.3481, "mcpPosition": [-58.753, 229.176, 62.7063], "pipPosition": [-39.2307, 196.602, 40.6212], "stabilizedTipPosition": [-24.1201, 184.78, 75.4748], "timeVisible": 7.24104, "tipPosition": [-25.0349, 182.699, 70.7259], "tipVelocity": [1.21989, -5.73948, -9.53668], "tool": false, "touchDistance": 0.333333, "touchZone": "none", "type": 3, "width": 18.4901}, {"bases": [[[0.690088, -0.709223, 0.144156], [0.624963, 0.684422, 0.375483], [-0.364965, -0.169025, 0.91555]], [[0.675775, -0.715114, 0.178716], [0.522986, 0.294305, -0.799919], [0.519436, 0.634032, 0.572879]], [[0.675775, -0.715114, 0.178716], [-0.392243, -0.554153, -0.734207], [0.624078, 0.426058, -0.654981]], [[0.675775, -0.715114, 0.178716], [-0.697048, -0.698822, -0.160535], [0.239692, -0.0160881, -0.970716]]], "btipPosition": [-39.7335, 185.973, 77.9404], "carpPosition": [-53.1097, 206.328, 120.855], "dipPosition": [-43.7958, 185.7, 61.4889], "direction": [0.624078, -0.426058, 0.654981], "extended": false, "handId": 753, "id": 7534, "length": 49.6637, "mcpPosition": [-73.8562, 215.937, 68.81], "pipPosition": [-55.7973, 193.894, 48.8931], "stabilizedTipPosition": [-40.2461, 186.191, 74.4052], "timeVisible": 7.24104, "tipPosition": [-41.4884, 184.198, 70.8021], "tipVelocity": [-1.00867, -9.51636, -8.53223], "tool": false, "touchDistance": 0.333333, "touchZone": "none", "type": 4, "width": 16.4243}], "r": [[0.963033, 0.0153728, 0.268946], [0.0115995, 0.995078, -0.0984131], [-0.269135, 0.0978946, 0.958114]], "s": 0.953819, "t": [19.1647, 79.1302, 1.14361], "timestamp": 747186479539}, {"currentFrameRate": 115.276, "devices": [], "gestures": [], "hands": [{"armBasis": [[0.919475, -0.393147, -0.00133735], [-0.201479, -0.474126, 0.857095], [-0.337598, -0.787807, -0.515157]], "armWidth": 64.3496, "confidence": 1, "direction": [-0.162364, 0.366232, -0.916249], "elbow": [60.4307, -20.1564, -2.34982], "grabAngle": 2.52535, "grabStrength": 0, "id": 753, "palmNormal": [0.314088, -0.86109, -0.399842], "palmPosition": [-37.2235, 225.258, 77.191], "palmVelocity": [-5.24667, -8.0045, -14.9032], "palmWidth": 89.2012, "pinchDistance": 65.0583, "pinchStrength": 0.586814, "r": [[0.962938, 0.0149366, 0.269308], [0.0122308, 0.99502, -0.098919], [-0.269444, 0.0985467, 0.95796]], "s": 0.953768, "sphereCenter": [-15.4862, 213.428, 45.0516], "sphereRadius": 45.938, "stabilizedPalmPosition": [-36.4711, 225.913, 78.1246], "t": [-19.2206, 79.0654, 1.02917], "timeVisible": 7.24973, "type": "left", "wrist": [-28.9288, 188.37, 134.008]}], "id": 1345090, "interactionBox": {"center": [0, 200, 0], "size": [235.247, 235.247, 147.751]}, "pointables": [{"bases": [[[0.949389, -0.286204, -0.129411], [0.311058, 0.913903, 0.260814], [0.0436231, -0.287868, 0.956676]], [[0.948209, -0.317014, -0.0200453], [0.297204, 0.863142, 0.408235], [-0.112114, -0.39305, 0.912657]], [[0.948209, -0.317014, -0.0200453], [0.297204, 0.863142, 0.408235], [-0.112114, -0.39305, 0.912657]], [[0.948209, -0.317014, -0.0200453], [0.306747, 0.897455, 0.316988], [-0.0825, -0.30672, 0.948218]]], "btipPosition": [-27.6961, 275.811, -21.1986], "carpPosition": [-22.056, 223.953, 123.971], "dipPosition": [-26.3101, 270.659, -5.26937], "direction": [-0.112114, 0.39305, -0.912657], "extended": true, "handId": 753, "id": 7531, "length": 57.8214, "mcpPosition": [-18.9098, 244.715, 54.9724], "pipPosition": [-23.6457, 261.318, 16.42], "stabilizedTipPosition": [-26.8101, 275.426, -16.8151], "timeVisible": 7.24973, "tipPosition": [-29.5068, 268.998, -18.7039], "tipVelocity": [-10.0415, -17.4599, -19.0272], "tool": false, "touchDistance": 0.219269, "touchZone": "hovering", "type": 1, "width": 19.7848}, {"bases": [[[0.689016, 0.699719, 0.188811], [-0.67571, 0.526017, 0.516451], [0.262053, -0.483425, 0.835242]], [[0.601696, 0.798307, -0.0258503], [-0.780648, 0.594617, 0.192407], [0.168971, -0.0955905, 0.980975]], [[0.601696, 0.798307, -0.0258503], [-0.785893, 0.585941, -0.197599], [-0.142597, 0.13921, 0.979942]], [[0.601696, 0.798307, -0.0258503], [-0.678545, 0.493821, -0.5438], [-0.421354, 0.344743, 0.838817]]], "btipPosition": [-13.1435, 198.471, 25.5633], "carpPosition": [-6.93602, 206.393, 125.722], "dipPosition": [-3.44765, 206.404, 44.8654], "direction": [-0.142597, -0.13921, -0.979942], "extended": false, "handId": 753, "id": 7530, "length": 51.2425, "mcpPosition": [-6.93602, 206.393, 125.722], "pipPosition": [1.33277, 211.071, 77.7169], "stabilizedTipPosition": [-10.5002, 200.91, 30.867], "timeVisible": 7.24973, "tipPosition": [-9.04784, 203.578, 29.8342], "tipVelocity": [2.72053, -0.377664, -18.5188], "tool": false, "touchDistance": 0.252151, "touchZone": "hovering", "type": 0, "width": 20.7127}, {"bases": [[[0.879523, -0.474042, -0.0415243], [0.467968, 0.845818, 0.256121], [-0.0862899, -0.244696, 0.965753]], [[0.872766, -0.487862, 0.0164609], [0.25708, 0.430717, -0.865097], [0.414958, 0.759259, 0.501335]], [[0.872766, -0.487862, 0.0164609], [-0.355365, -0.65813, -0.663763], [0.334658, 0.57346, -0.747762]], [[0.872766, -0.487862, 0.0164609], [-0.48781, -0.872919, -0.00729568], [0.0179283, -0.00166235, -0.999838]]], "btipPosition": [-10.435, 186.977, 71.8761], "carpPosition": [-33.8869, 222.226, 122.308], "dipPosition": [-10.7662, 186.946, 53.4022], "direction": [0.334658, -0.57346, 0.747762], "extended": false, "handId": 753, "id": 7532, "length": 65.8828, "mcpPosition": [-39.7889, 238.963, 56.2545], "pipPosition": [-20.1231, 202.98, 32.4951], "stabilizedTipPosition": [-9.97032, 187.362, 68.4376], "timeVisible": 7.24973, "tipPosition": [-9.99045, 185.703, 62.8643], "tipVelocity": [-1.65895, -3.70726, -16.8461], "tool": false, "touchDistance": 0.333333, "touchZone": "none", "type": 2, "width": 19.4313}, {"bases": [[[0.819441, -0.567287, 0.0818583], [0.526621, 0.801557, 0.283155], [-0.226244, -0.188921, 0.955574]], [[0.8044, -0.577595, 0.139011], [0.393528, 0.342755, -0.853027], [0.445057, 0.74088, 0.503012]], [[0.8044, -0.577595, 0.139011], [-0.366313, -0.666438, -0.649365], [0.467712, 0.471428, -0.747664]], [[0.8044, -0.577595, 0.139011], [-0.578951, -0.814626, -0.0346443], [0.133252, -0.0526127, -0.989685]]], "btipPosition": [-24.0646, 184.669, 79.0279], "carpPosition": [-44.91, 217.488, 121.26], "dipPosition": [-26.5125, 183.702, 60.8467], "direction": [0.467712, -0.471428, 0.747664], "extended": false, "handId": 753, "id": 7533, "length": 63.3481, "mcpPosition": [-58.8033, 229.09, 62.5797], "pipPosition": [-39.2518, 196.543, 40.4822], "stabilizedTipPosition": [-24.1429, 184.765, 75.4465], "timeVisible": 7.24973, "tipPosition": [-25.0396, 182.645, 70.5869], "tipVelocity": [-1.7123, -5.06489, -15.9525], "tool": false, "touchDistance": 0.333333, "touchZone": "none", "type": 3, "width": 18.4901}, {"bases": [[[0.689396, -0.70993, 0.143987], [0.625592, 0.683705, 0.375743], [-0.365196, -0.168958, 0.91547]], [[0.675737, -0.715577, 0.177003], [0.522249, 0.295278, -0.800042], [0.520226, 0.633057, 0.573239]], [[0.675737, -0.715577, 0.177003], [-0.393687, -0.55334, -0.734047], [0.62321, 0.426339, -0.655626]], [[0.675737, -0.715577, 0.177003], [-0.697667, -0.698363, -0.159846], [0.237994, -0.015475, -0.971143]]], "btipPosition": [-39.7887, 185.889, 77.8179], "carpPosition": [-53.1337, 206.23, 120.721], "dipPosition": [-43.8222, 185.627, 61.3592], "direction": [0.62321, -0.426339, 0.655626], "extended": false, "handId": 753, "id": 7534, "length": 49.6637, "mcpPosition": [-73.8933, 215.835, 68.6804], "pipPosition": [-55.807, 193.826, 48.751], "stabilizedTipPosition": [-40.2956, 186.153, 74.366], "timeVisible": 7.24973, "tipPosition": [-41.4926, 184.131, 70.6704], "tipVelocity": [-5.59402, -9.39797, -14.2965], "tool": false, "touchDistance": 0.333333, "touchZone": "none", "type": 4, "width": 16.4243}], "r": [[0.962938, 0.0149366, 0.269308], [0.0122308, 0.99502, -0.098919], [-0.269444, 0.0985467, 0.95796]], "s": 0.953768, "t": [19.2206, 79.0654, 1.02917], "timestamp": 747186488221}, {"currentFrameRate": 114.904, "devices": [], "gestures": [], "hands": [{"armBasis": [[0.916972, -0.398913, -0.00562364], [-0.201413, -0.475059, 0.856593], [-0.344378, -0.784339, -0.515962]], "armWidth": 64.3496, "confidence": 1, "direction": [-0.162276, 0.367236, -0.915863], "elbow": [62.2937, -19.3062, -2.72375], "grabAngle": 2.52685, "grabStrength": 0, "id": 753, "palmNormal": [0.314249, -0.860605, -0.400759], "palmPosition": [-37.2571, 225.207, 77.0698], "palmVelocity": [-3.60794, -5.54292, -12.9861], "palmWidth": 89.2012, "pinchDistance": 65.0063, "pinchStrength": 0.586132, "r": [[0.962871, 0.0145044, 0.269573], [0.0127569, 0.994996, -0.0991014], [-0.269661, 0.0988608, 0.957867]], "s": 0.953726, "sphereCenter": [-15.6845, 213.257, 44.9137], "sphereRadius": 45.8786, "stabilizedPalmPosition": [-36.4965, 225.89, 78.0904], "t": [-19.2654, 79.0071, 0.911348], "timeVisible": 7.25906, "type": "left", "wrist": [-28.8604, 188.302, 133.847]}], "id": 1345091, "interactionBox": {"center": [0, 200, 0], "size": [235.247, 235.247, 147.751]}, "pointables": [{"bases": [[[0.949336, -0.286174, -0.129867], [0.311206, 0.913574, 0.26179], [0.0437257, -0.288942, 0.956348]], [[0.94813, -0.317257, -0.0199633], [0.297479, 0.863379, 0.407533], [-0.112056, -0.392332, 0.912972]], [[0.94813, -0.317257, -0.0199633], [0.297479, 0.863379, 0.407533], [-0.112056, -0.392332, 0.912972]], [[0.94813, -0.317257, -0.0199633], [0.307116, 0.897998, 0.315086], [-0.0820359, -0.304873, 0.948853]]], "btipPosition": [-27.7173, 275.708, -21.3269], "carpPosition": [-22.0963, 223.85, 123.851], "dipPosition": [-26.3391, 270.587, -5.38703], "direction": [-0.112056, 0.392332, -0.912972], "extended": true, "handId": 753, "id": 7531, "length": 57.8214, "mcpPosition": [-18.9426, 244.69, 54.8756], "pipPosition": [-23.6761, 261.263, 16.3098], "stabilizedTipPosition": [-26.8835, 275.315, -16.9202], "timeVisible": 7.25906, "tipPosition": [-29.509, 269.113, -18.7631], "tipVelocity": [-2.46555, -10.2804, -13.4869], "tool": false, "touchDistance": 0.217171, "touchZone": "hovering", "type": 1, "width": 19.7848}, {"bases": [[[0.689128, 0.699425, 0.189494], [-0.675573, 0.525521, 0.517135], [0.262114, -0.484389, 0.834663]], [[0.601736, 0.798299, -0.0251509], [-0.780529, 0.594436, 0.193442], [0.169375, -0.0967698, 0.980789]], [[0.601736, 0.798299, -0.0251509], [-0.786026, 0.586311, -0.195964], [-0.141692, 0.137688, 0.980288]], [[0.601736, 0.798299, -0.0251509], [-0.679407, 0.495054, -0.541598], [-0.419906, 0.342986, 0.840262]]], "btipPosition": [-13.0984, 198.518, 25.3895], "carpPosition": [-6.97439, 206.291, 125.584], "dipPosition": [-3.43587, 206.411, 44.7249], "direction": [-0.141692, -0.137688, -0.980289], "extended": false, "handId": 753, "id": 7530, "length": 51.2425, "mcpPosition": [-6.97439, 206.291, 125.584], "pipPosition": [1.31419, 211.027, 77.588], "stabilizedTipPosition": [-10.5117, 200.893, 30.8354], "timeVisible": 7.25906, "tipPosition": [-9.08083, 203.567, 29.6935], "tipVelocity": [4.0113, 4.02279, -17.7967], "tool": false, "touchDistance": 0.249383, "touchZone": "hovering", "type": 0, "width": 20.7127}, {"bases": [[[0.87946, -0.474101, -0.0421803], [0.468107, 0.845475, 0.256998], [-0.0861808, -0.245765, 0.965491]], [[0.872709, -0.487985, 0.0157903], [0.25704, 0.431712, -0.864613], [0.415101, 0.758614, 0.502191]], [[0.872709, -0.487985, 0.0157903], [-0.355643, -0.657522, -0.664216], [0.33451, 0.574052, -0.747374]], [[0.872709, -0.487985, 0.0157903], [-0.487928, -0.872851, -0.00753328], [0.0174587, -0.00113017, -0.999847]]], "btipPosition": [-10.4733, 186.952, 71.7186], "carpPosition": [-33.9267, 222.125, 122.184], "dipPosition": [-10.7959, 186.931, 53.2446], "direction": [0.33451, -0.574052, 0.747374], "extended": false, "handId": 753, "id": 7532, "length": 65.8828, "mcpPosition": [-39.8212, 238.934, 56.1482], "pipPosition": [-20.1487, 202.982, 32.3483], "stabilizedTipPosition": [-9.98464, 187.352, 68.4136], "timeVisible": 7.25906, "tipPosition": [-10.0179, 185.672, 62.7085], "tipVelocity": [-3.89323, -2.38437, -16.8766], "tool": false, "touchDistance": 0.333333, "touchZone": "none", "type": 2, "width": 19.4313}, {"bases": [[[0.819385, -0.567477, 0.0811066], [0.526758, 0.801177, 0.283975], [-0.22613, -0.189961, 0.955395]], [[0.804351, -0.577847, 0.13825], [0.393403, 0.343587, -0.85275], [0.445258, 0.740298, 0.503691]], [[0.804351, -0.577847, 0.13825], [-0.366738, -0.665922, -0.649655], [0.467465, 0.471849, -0.747553]], [[0.804351, -0.577847, 0.13825], [-0.579179, -0.814468, -0.03454], [0.132559, -0.0522892, -0.989795]]], "btipPosition": [-24.1073, 184.639, 78.8771], "carpPosition": [-44.9491, 217.387, 121.129], "dipPosition": [-26.5425, 183.678, 60.6938], "direction": [0.467465, -0.471849, 0.747553], "extended": false, "handId": 753, "id": 7533, "length": 63.3481, "mcpPosition": [-58.8354, 229.052, 62.4597], "pipPosition": [-39.275, 196.53, 40.3324], "stabilizedTipPosition": [-24.1608, 184.753, 75.421], "timeVisible": 7.25906, "tipPosition": [-25.0665, 182.605, 70.4273], "tipVelocity": [-4.26221, -3.05102, -16.2087], "tool": false, "touchDistance": 0.333333, "touchZone": "none", "type": 3, "width": 18.4901}, {"bases": [[[0.689331, -0.710174, 0.143095], [0.625728, 0.683209, 0.376417], [-0.365085, -0.169937, 0.915333]], [[0.676559, -0.715526, 0.17404], [0.520626, 0.29763, -0.800228], [0.520785, 0.632012, 0.573886]], [[0.676559, -0.715526, 0.17404], [-0.395257, -0.552268, -0.734011], [0.621321, 0.427811, -0.656459]], [[0.676559, -0.715526, 0.17404], [-0.697755, -0.698449, -0.159081], [0.235385, -0.0138098, -0.971804]]], "btipPosition": [-39.8812, 185.822, 77.6857], "carpPosition": [-53.1713, 206.128, 120.576], "dipPosition": [-43.8704, 185.588, 61.2158], "direction": [0.621321, -0.427811, 0.656459], "extended": false, "handId": 753, "id": 7534, "length": 49.6637, "mcpPosition": [-73.9247, 215.788, 68.5434], "pipPosition": [-55.8189, 193.815, 48.5915], "stabilizedTipPosition": [-40.3403, 186.119, 74.3244], "timeVisible": 7.25906, "tipPosition": [-41.5173, 184.093, 70.5168], "tipVelocity": [-8.81472, -6.46317, -14.445], "tool": false, "touchDistance": 0.333333, "touchZone": "none", "type": 4, "width": 16.4243}], "r": [[0.962871, 0.0145044, 0.269573], [0.0127569, 0.994996, -0.0991014], [-0.269661, 0.0988608, 0.957867]], "s": 0.953726, "t": [19.2654, 79.0071, 0.911348], "timestamp": 747186497555}, {"currentFrameRate": 114.985, "devices": [], "gestures": [], "hands": [{"armBasis": [[0.914532, -0.404401, -0.00953522], [-0.201296, -0.475413, 0.856424], [-0.350872, -0.781308, -0.516185]], "armWidth": 64.3496, "confidence": 1, "direction": [-0.162298, 0.367559, -0.915729], "elbow": [64.0682, -18.5191, -2.92057], "grabAngle": 2.52823, "grabStrength": 0, "id": 753, "palmNormal": [0.313171, -0.860865, -0.401042], "palmPosition": [-37.3089, 225.156, 76.9412], "palmVelocity": [-6.04264, -5.90745, -15.0206], "palmWidth": 89.2012, "pinchDistance": 64.9673, "pinchStrength": 0.58535, "r": [[0.96279, 0.0143511, 0.269871], [0.0129786, 0.994982, -0.0992128], [-0.269941, 0.0990236, 0.957772]], "s": 0.953707, "sphereCenter": [-15.9886, 213.002, 44.7661], "sphereRadius": 45.8057, "stabilizedPalmPosition": [-36.5157, 225.873, 78.0633], "t": [-19.3137, 78.9526, 0.788148], "timeVisible": 7.26762, "type": "left", "wrist": [-28.8048, 188.287, 133.709]}], "id": 1345092, "interactionBox": {"center": [0, 200, 0], "size": [235.247, 235.247, 147.751]}, "pointables": [{"bases": [[[0.949692, -0.285159, -0.129494], [0.310134, 0.913855, 0.262081], [0.0436039, -0.289057, 0.956318]], [[0.948409, -0.316496, -0.0187075], [0.296451, 0.864329, 0.406267], [-0.112412, -0.390854, 0.913563]], [[0.948409, -0.316496, -0.0187075], [0.296451, 0.864329, 0.406267], [-0.112412, -0.390854, 0.913563]], [[0.948409, -0.316496, -0.0187075], [0.306197, 0.899049, 0.312976], [-0.0822366, -0.302558, 0.949577]]], "btipPosition": [-27.7853, 275.506, -21.5115], "carpPosition": [-22.1287, 223.776, 123.715], "dipPosition": [-26.4038, 270.423, -5.55943], "direction": [-0.112412, 0.390854, -0.913563], "extended": true, "handId": 753, "id": 7531, "length": 57.8214, "mcpPosition": [-18.9838, 244.624, 54.7422], "pipPosition": [-23.7323, 261.134, 16.1515], "stabilizedTipPosition": [-26.9444, 275.213, -17.0163], "timeVisible": 7.26762, "tipPosition": [-29.5351, 269.126, -18.8766], "tipVelocity": [-7.86129, -22.6115, -21.2328], "tool": false, "touchDistance": 0.214142, "touchZone": "hovering", "type": 1, "width": 19.7848}, {"bases": [[[0.688312, 0.700113, 0.189917], [-0.676351, 0.524727, 0.516924], [0.262251, -0.484255, 0.834698]], [[0.600764, 0.799034, -0.0250458], [-0.781237, 0.593452, 0.193608], [0.169563, -0.0967462, 0.980759]], [[0.600764, 0.799034, -0.0250458], [-0.786847, 0.585485, -0.195137], [-0.141257, 0.136939, 0.980456]], [[0.600764, 0.799034, -0.0250458], [-0.680721, 0.494879, -0.540105], [-0.419168, 0.341525, 0.841225]]], "btipPosition": [-13.1076, 198.485, 25.218], "carpPosition": [-7.02441, 206.201, 125.439], "dipPosition": [-3.46211, 206.344, 44.5756], "direction": [-0.141257, -0.136939, -0.980456], "extended": false, "handId": 753, "id": 7530, "length": 51.2425, "mcpPosition": [-7.02441, 206.201, 125.439], "pipPosition": [1.27337, 210.935, 77.4443], "stabilizedTipPosition": [-10.5193, 200.881, 30.812], "timeVisible": 7.26762, "tipPosition": [-9.18678, 203.475, 29.5496], "tipVelocity": [-1.53822, -4.73475, -19.4383], "tool": false, "touchDistance": 0.24661, "touchZone": "hovering", "type": 0, "width": 20.7127}, {"bases": [[[0.879974, -0.473174, -0.0418697], [0.467108, 0.845921, 0.257348], [-0.0863517, -0.246017, 0.965411]], [[0.873212, -0.487074, 0.0160956], [0.256961, 0.432107, -0.864439], [0.414091, 0.758974, 0.50248]], [[0.873212, -0.487074, 0.0160956], [-0.354752, -0.657941, -0.664278], [0.334143, 0.574345, -0.747313]], [[0.873212, -0.487074, 0.0160956], [-0.487023, -0.873359, -0.00722005], [0.0175739, -0.00153429, -0.999844]]], "btipPosition": [-10.576, 186.89, 71.578], "carpPosition": [-33.9617, 222.063, 122.054], "dipPosition": [-10.9007, 186.862, 53.104], "direction": [0.334143, -0.574345, 0.747313], "extended": false, "handId": 753, "id": 7532, "length": 65.8828, "mcpPosition": [-39.8678, 238.89, 56.0231], "pipPosition": [-20.2432, 202.92, 32.2095], "stabilizedTipPosition": [-9.99863, 187.342, 68.3908], "timeVisible": 7.26762, "tipPosition": [-10.118, 185.597, 62.5663], "tipVelocity": [-12.0484, -7.46474, -16.4261], "tool": false, "touchDistance": 0.333333, "touchZone": "none", "type": 2, "width": 19.4313}, {"bases": [[[0.819942, -0.566634, 0.0813749], [0.525794, 0.80168, 0.284343], [-0.226355, -0.190358, 0.955263]], [[0.804893, -0.577029, 0.13851], [0.393329, 0.343989, -0.852622], [0.444341, 0.740749, 0.503836]], [[0.804893, -0.577029, 0.13851], [-0.365984, -0.666429, -0.64956], [0.467122, 0.472134, -0.747587]], [[0.804893, -0.577029, 0.13851], [-0.578443, -0.815016, -0.0339493], [0.132477, -0.0527946, -0.989779]]], "btipPosition": [-24.2125, 184.595, 78.753], "carpPosition": [-44.9894, 217.337, 121.003], "dipPosition": [-26.6462, 183.625, 60.57], "direction": [0.467122, -0.472134, 0.747587], "extended": false, "handId": 753, "id": 7533, "length": 63.3481, "mcpPosition": [-58.8895, 229.026, 62.3414], "pipPosition": [-39.3695, 196.485, 40.2076], "stabilizedTipPosition": [-24.1781, 184.742, 75.3969], "timeVisible": 7.26762, "tipPosition": [-25.165, 182.546, 70.2935], "tipVelocity": [-12.2569, -5.37727, -14.4896], "tool": false, "touchDistance": 0.333333, "touchZone": "none", "type": 3, "width": 18.4901}, {"bases": [[[0.69001, -0.709476, 0.143282], [0.624846, 0.6838, 0.376809], [-0.365313, -0.170473, 0.915142]], [[0.677867, -0.714606, 0.172726], [0.519475, 0.299318, -0.800346], [0.520232, 0.632255, 0.574118]], [[0.677867, -0.714606, 0.172726], [-0.395481, -0.552495, -0.73372], [0.619751, 0.429055, -0.657131]], [[0.677867, -0.714606, 0.172726], [-0.697009, -0.699403, -0.158159], [0.233827, -0.0131807, -0.972189]]], "btipPosition": [-40.0223, 185.768, 77.5832], "carpPosition": [-53.2237, 206.087, 120.451], "dipPosition": [-43.9851, 185.545, 61.1067], "direction": [0.619751, -0.429055, 0.657131], "extended": false, "handId": 753, "id": 7534, "length": 49.6637, "mcpPosition": [-73.99, 215.777, 68.4295], "pipPosition": [-55.9035, 193.796, 48.4696], "stabilizedTipPosition": [-40.385, 186.088, 74.2844], "timeVisible": 7.26762, "tipPosition": [-41.6127, 184.054, 70.3947], "tipVelocity": [-15.7779, -6.00141, -12.153], "tool": false, "touchDistance": 0.333333, "touchZone": "none", "type": 4, "width": 16.4243}], "r": [[0.96279, 0.0143511, 0.269871], [0.0129786, 0.994982, -0.0992128], [-0.269941, 0.0990236, 0.957772]], "s": 0.953707, "t": [19.3137, 78.9526, 0.788148], "timestamp": 747186506115}, {"currentFrameRate": 115.327, "devices": [], "gestures": [], "hands": [{"armBasis": [[0.912066, -0.409834, -0.0131178], [-0.201389, -0.47559, 0.856304], [-0.357181, -0.778364, -0.516305]], "armWidth": 64.3496, "confidence": 1, "direction": [-0.162312, 0.367781, -0.915638], "elbow": [65.8151, -17.7802, -3.08653], "grabAngle": 2.5295, "grabStrength": 0, "id": 753, "palmNormal": [0.313789, -0.860533, -0.401271], "palmPosition": [-37.3328, 225.089, 76.8172], "palmVelocity": [-2.96207, -8.2982, -15.3303], "palmWidth": 89.2012, "pinchDistance": 64.9302, "pinchStrength": 0.584763, "r": [[0.962739, 0.0140919, 0.270066], [0.0132729, 0.994976, -0.0992328], [-0.270108, 0.0991198, 0.957715]], "s": 0.953679, "sphereCenter": [-16.1915, 212.789, 44.6353], "sphereRadius": 45.7421, "stabilizedPalmPosition": [-36.5306, 225.859, 78.0406], "t": [-19.3498, 78.8918, 0.664544], "timeVisible": 7.27571, "type": "left", "wrist": [-28.7279, 188.246, 133.575]}], "id": 1345093, "interactionBox": {"center": [0, 200, 0], "size": [235.247, 235.247, 147.751]}, "pointables": [{"bases": [[[0.949488, -0.285694, -0.129812], [0.310753, 0.913573, 0.26233], [0.0436472, -0.289418, 0.956207]], [[0.94816, -0.317267, -0.0182837], [0.297163, 0.864747, 0.404855], [-0.112636, -0.3893, 0.914198]], [[0.94816, -0.317267, -0.0182837], [0.297163, 0.864747, 0.404855], [-0.112636, -0.3893, 0.914198]], [[0.94816, -0.317267, -0.0182837], [0.306995, 0.899555, 0.310733], [-0.0821381, -0.300237, 0.950321]]], "btipPosition": [-27.8292, 275.316, -21.6789], "carpPosition": [-22.1626, 223.702, 123.594], "dipPosition": [-26.4494, 270.272, -5.71434], "direction": [-0.112636, 0.3893, -0.914198], "extended": true, "handId": 753, "id": 7531, "length": 57.8214, "mcpPosition": [-19.0146, 244.576, 54.6292], "pipPosition": [-23.7726, 261.02, 16.0117], "stabilizedTipPosition": [-26.9959, 275.117, -17.1063], "timeVisible": 7.27571, "tipPosition": [-29.5417, 269.152, -18.9728], "tipVelocity": [-5.47234, -22.3381, -20.3415], "tool": false, "touchDistance": 0.211399, "touchZone": "hovering", "type": 1, "width": 19.7848}, {"bases": [[[0.688783, 0.699626, 0.190003], [-0.675912, 0.524959, 0.517263], [0.262147, -0.484708, 0.834468]], [[0.601099, 0.798777, -0.0252017], [-0.780871, 0.59375, 0.194171], [0.170063, -0.0970366, 0.980644]], [[0.601099, 0.798777, -0.0252017], [-0.786791, 0.58596, -0.193932], [-0.140142, 0.136401, 0.980691]], [[0.601099, 0.798777, -0.0252017], [-0.681478, 0.495846, -0.538261], [-0.417455, 0.340722, 0.842401]]], "btipPosition": [-13.0299, 198.471, 25.0651], "carpPosition": [-7.04795, 206.135, 125.315], "dipPosition": [-3.4238, 206.311, 44.4497], "direction": [-0.140142, -0.136401, -0.980691], "extended": false, "handId": 753, "id": 7530, "length": 51.2425, "mcpPosition": [-7.04795, 206.135, 125.315], "pipPosition": [1.27428, 210.884, 77.3262], "stabilizedTipPosition": [-10.5239, 200.871, 30.7923], "timeVisible": 7.27571, "tipPosition": [-9.1943, 203.427, 29.4249], "tipVelocity": [8.48785, -2.36643, -18.1432], "tool": false, "touchDistance": 0.244164, "touchZone": "hovering", "type": 0, "width": 20.7127}, {"bases": [[[0.879675, -0.473697, -0.0422379], [0.467684, 0.845545, 0.257536], [-0.08628, -0.246302, 0.965345]], [[0.872918, -0.487614, 0.015724], [0.257031, 0.43226, -0.864342], [0.414668, 0.758541, 0.502659]], [[0.872918, -0.487614, 0.015724], [-0.355381, -0.657618, -0.664261], [0.334243, 0.574258, -0.747335]], [[0.872918, -0.487614, 0.015724], [-0.487568, -0.873058, -0.00688562], [0.0170855, -0.00165594, -0.999853]]], "btipPosition": [-10.5824, 186.854, 71.4505], "carpPosition": [-33.9941, 221.982, 121.929], "dipPosition": [-10.8981, 186.823, 52.9764], "direction": [0.334243, -0.574258, 0.747335], "extended": false, "handId": 753, "id": 7532, "length": 65.8828, "mcpPosition": [-39.8954, 238.828, 55.9033], "pipPosition": [-20.2434, 202.879, 32.0812], "stabilizedTipPosition": [-10.0083, 187.334, 68.3733], "timeVisible": 7.27571, "tipPosition": [-10.1149, 185.553, 62.4388], "tipVelocity": [-0.537294, -4.5287, -15.7656], "tool": false, "touchDistance": 0.333333, "touchZone": "none", "type": 2, "width": 19.4313}, {"bases": [[[0.819614, -0.567163, 0.0809877], [0.526349, 0.801259, 0.284502], [-0.226251, -0.190554, 0.955248]], [[0.804572, -0.577569, 0.138123], [0.393261, 0.34391, -0.852685], [0.444982, 0.740365, 0.503836]], [[0.804572, -0.577569, 0.138123], [-0.366734, -0.666173, -0.6494], [0.467087, 0.471835, -0.747798]], [[0.804572, -0.577569, 0.138123], [-0.579053, -0.814609, -0.0333238], [0.131763, -0.0531689, -0.989854]]], "btipPosition": [-24.2214, 184.552, 78.6325], "carpPosition": [-45.0188, 217.249, 120.874], "dipPosition": [-26.642, 183.575, 60.4482], "direction": [0.467087, -0.471835, 0.747798], "extended": false, "handId": 753, "id": 7533, "length": 63.3481, "mcpPosition": [-58.9125, 228.951, 62.2137], "pipPosition": [-39.3643, 196.427, 40.08], "stabilizedTipPosition": [-24.1902, 184.734, 75.3777], "timeVisible": 7.27571, "tipPosition": [-25.1609, 182.492, 70.1635], "tipVelocity": [-0.726342, -5.5445, -14.9336], "tool": false, "touchDistance": 0.333333, "touchZone": "none", "type": 3, "width": 18.4901}, {"bases": [[[0.689609, -0.709948, 0.142874], [0.625351, 0.683286, 0.376904], [-0.365206, -0.17057, 0.915167]], [[0.678004, -0.714876, 0.171062], [0.518431, 0.300084, -0.800736], [0.521094, 0.631587, 0.574072]], [[0.678004, -0.714876, 0.171062], [-0.397, -0.55199, -0.733279], [0.618629, 0.429255, -0.658057]], [[0.678004, -0.714876, 0.171062], [-0.697519, -0.699134, -0.157094], [0.231899, -0.0128087, -0.972656]]], "btipPosition": [-40.0629, 185.695, 77.4747], "carpPosition": [-53.246, 205.995, 120.317], "dipPosition": [-43.993, 185.478, 60.9904], "direction": [0.618629, -0.429255, 0.658057], "extended": false, "handId": 753, "id": 7534, "length": 49.6637, "mcpPosition": [-74.0063, 215.691, 68.2938], "pipPosition": [-55.8898, 193.733, 48.3354], "stabilizedTipPosition": [-40.4187, 186.063, 74.2496], "timeVisible": 7.27571, "tipPosition": [-41.6081, 183.991, 70.2654], "tipVelocity": [-4.08556, -8.9031, -13.6291], "tool": false, "touchDistance": 0.333333, "touchZone": "none", "type": 4, "width": 16.4243}], "r": [[0.962739, 0.0140919, 0.270066], [0.0132729, 0.994976, -0.0992328], [-0.270108, 0.0991198, 0.957715]], "s": 0.953679, "t": [19.3498, 78.8918, 0.664544], "timestamp": 747186514204}, {"currentFrameRate": 115.347, "devices": [], "gestures": [], "hands": [{"armBasis": [[0.909487, -0.415373, -0.0172957], [-0.201288, -0.476371, 0.855894], [-0.363754, -0.774943, -0.516863]], "armWidth": 64.3496, "confidence": 1, "direction": [-0.162241, 0.368602, -0.91532], "elbow": [67.6061, -16.9018, -3.39141], "grabAngle": 2.53037, "grabStrength": 0, "id": 753, "palmNormal": [0.313546, -0.860277, -0.402012], "palmPosition": [-37.3821, 225.062, 76.6899], "palmVelocity": [-5.70287, -3.11136, -14.75], "palmWidth": 89.2012, "pinchDistance": 64.9081, "pinchStrength": 0.584932, "r": [[0.962695, 0.0138905, 0.270231], [0.0134554, 0.994989, -0.0990796], [-0.270253, 0.0990196, 0.957684]], "s": 0.953622, "sphereCenter": [-16.4209, 212.634, 44.4896], "sphereRadius": 45.6866, "stabilizedPalmPosition": [-36.5433, 225.847, 78.0205], "t": [-19.3925, 78.848, 0.539052], "timeVisible": 7.28435, "type": "left", "wrist": [-28.6767, 188.219, 133.418]}], "id": 1345094, "interactionBox": {"center": [0, 200, 0], "size": [235.247, 235.247, 147.751]}, "pointables": [{"bases": [[[0.949569, -0.285328, -0.130026], [0.310499, 0.913434, 0.263115], [0.0436958, -0.290219, 0.955962]], [[0.948198, -0.317178, -0.0178386], [0.296968, 0.865038, 0.404374], [-0.112827, -0.388725, 0.91442]], [[0.948198, -0.317178, -0.0178386], [0.296968, 0.865038, 0.404374], [-0.112827, -0.388725, 0.91442]], [[0.948198, -0.317178, -0.0178386], [0.306902, 0.900082, 0.309295], [-0.0820453, -0.298748, 0.950799]]], "btipPosition": [-27.885, 275.24, -21.8129], "carpPosition": [-22.2108, 223.631, 123.465], "dipPosition": [-26.5067, 270.221, -5.84035], "direction": [-0.112827, 0.388725, -0.91442], "extended": true, "handId": 753, "id": 7531, "length": 57.8214, "mcpPosition": [-19.0593, 244.563, 54.5178], "pipPosition": [-23.8253, 260.983, 15.8909], "stabilizedTipPosition": [-27.0406, 275.036, -17.187], "timeVisible": 7.28435, "tipPosition": [-29.5646, 269.247, -19.055], "tipVelocity": [-6.49627, -8.13378, -15.3061], "tool": false, "touchDistance": 0.209196, "touchZone": "hovering", "type": 1, "width": 19.7848}, {"bases": [[[0.688589, 0.699649, 0.190619], [-0.676069, 0.524338, 0.517688], [0.262252, -0.485346, 0.834065]], [[0.600751, 0.799053, -0.0247733], [-0.781074, 0.593273, 0.194809], [0.17036, -0.0976819, 0.980528]], [[0.600751, 0.799053, -0.0247733], [-0.78713, 0.585802, -0.193036], [-0.139733, 0.135466, 0.980879]], [[0.600751, 0.799053, -0.0247733], [-0.682174, 0.496229, -0.537025], [-0.416818, 0.339518, 0.843203]]], "btipPosition": [-13.0399, 198.485, 24.9015], "carpPosition": [-7.10081, 206.059, 125.171], "dipPosition": [-3.44844, 206.298, 44.3046], "direction": [-0.139733, -0.135466, -0.980879], "extended": false, "handId": 753, "id": 7530, "length": 51.2425, "mcpPosition": [-7.10081, 206.059, 125.171], "pipPosition": [1.23597, 210.839, 77.1875], "stabilizedTipPosition": [-10.5273, 200.865, 30.7763], "timeVisible": 7.28435, "tipPosition": [-9.25559, 203.423, 29.2786], "tipVelocity": [-1.54537, 0.934361, -18.4424], "tool": false, "touchDistance": 0.241509, "touchZone": "hovering", "type": 0, "width": 20.7127}, {"bases": [[[0.879803, -0.473424, -0.0426131], [0.467449, 0.845452, 0.258269], [-0.0862433, -0.247145, 0.965133]], [[0.873049, -0.487392, 0.0153368], [0.257079, 0.433316, -0.863799], [0.414363, 0.758081, 0.503604]], [[0.873049, -0.487392, 0.0153368], [-0.355157, -0.657102, -0.664891], [0.334141, 0.575036, -0.746783]], [[0.873049, -0.487392, 0.0153368], [-0.487335, -0.873183, -0.00748586], [0.0170404, -0.00093865, -0.999854]]], "btipPosition": [-10.6467, 186.832, 71.2747], "carpPosition": [-34.0428, 221.916, 121.799], "dipPosition": [-10.9616, 186.815, 52.8005], "direction": [0.334141, -0.575036, 0.746783], "extended": false, "handId": 753, "id": 7532, "length": 65.8828, "mcpPosition": [-39.9416, 238.82, 55.7877], "pipPosition": [-20.304, 202.893, 31.9208], "stabilizedTipPosition": [-10.0167, 187.328, 68.3574], "timeVisible": 7.28435, "tipPosition": [-10.1759, 185.532, 62.2825], "tipVelocity": [-7.42959, -2.15067, -20.3587], "tool": false, "touchDistance": 0.333333, "touchZone": "none", "type": 2, "width": 19.4313}, {"bases": [[[0.819764, -0.567011, 0.0805313], [0.526125, 0.801158, 0.285199], [-0.226229, -0.191426, 0.955079]], [[0.804723, -0.57747, 0.137657], [0.393255, 0.344841, -0.852312], [0.444714, 0.740009, 0.504594]], [[0.804723, -0.57747, 0.137657], [-0.366581, -0.665766, -0.649903], [0.466946, 0.47253, -0.747447]], [[0.804723, -0.57747, 0.137657], [-0.578882, -0.814716, -0.0336593], [0.131588, -0.0526007, -0.989908]]], "btipPosition": [-24.2889, 184.529, 78.4672], "carpPosition": [-45.0688, 217.187, 120.74], "dipPosition": [-26.7063, 183.563, 60.2819], "direction": [0.466946, -0.47253, 0.747447], "extended": false, "handId": 753, "id": 7533, "length": 63.3481, "mcpPosition": [-58.9612, 228.942, 62.0903], "pipPosition": [-39.4247, 196.434, 39.9233], "stabilizedTipPosition": [-24.201, 184.727, 75.3598], "timeVisible": 7.28435, "tipPosition": [-25.2215, 182.468, 70.0027], "tipVelocity": [-7.72487, -2.3174, -19.1695], "tool": false, "touchDistance": 0.333333, "touchZone": "none", "type": 3, "width": 18.4901}, {"bases": [[[0.689796, -0.709884, 0.142293], [0.625156, 0.683134, 0.377504], [-0.365189, -0.171445, 0.91501]], [[0.678956, -0.714541, 0.16867], [0.517099, 0.302326, -0.800754], [0.521178, 0.630896, 0.574755]], [[0.678956, -0.714541, 0.16867], [-0.397778, -0.551117, -0.733514], [0.617083, 0.43093, -0.658413]], [[0.678956, -0.714541, 0.16867], [-0.697165, -0.699507, -0.157007], [0.230174, -0.0109901, -0.973087]]], "btipPosition": [-40.1709, 185.646, 77.331], "carpPosition": [-53.2991, 205.935, 120.174], "dipPosition": [-44.0719, 185.46, 60.8393], "direction": [0.617083, -0.43093, 0.658413], "extended": false, "handId": 753, "id": 7534, "length": 49.6637, "mcpPosition": [-74.0583, 215.681, 68.1596], "pipPosition": [-55.9389, 193.747, 48.1775], "stabilizedTipPosition": [-40.4514, 186.04, 74.2137], "timeVisible": 7.28435, "tipPosition": [-41.6667, 183.976, 70.1142], "tipVelocity": [-11.7356, -4.83089, -16.8438], "tool": false, "touchDistance": 0.333333, "touchZone": "none", "type": 4, "width": 16.4243}], "r": [[0.962695, 0.0138905, 0.270231], [0.0134554, 0.994989, -0.0990796], [-0.270253, 0.0990196, 0.957684]], "s": 0.953622, "t": [19.3925, 78.848, 0.539052], "timestamp": 747186522840}, {"currentFrameRate": 115.352, "devices": [], "gestures": [], "hands": [{"armBasis": [[0.906942, -0.420685, -0.0219281], [-0.200665, -0.477203, 0.855576], [-0.370393, -0.771558, -0.517212]], "armWidth": 64.3496, "confidence": 1, "direction": [-0.16177, 0.369418, -0.915074], "elbow": [69.3914, -16.0181, -3.61785], "grabAngle": 2.53111, "grabStrength": 0, "id": 753, "palmNormal": [0.312338, -0.860449, -0.402582], "palmPosition": [-37.4289, 225.041, 76.5777], "palmVelocity": [-5.40887, -2.47592, -12.9474], "palmWidth": 89.2012, "pinchDistance": 64.9085, "pinchStrength": 0.585345, "r": [[0.962655, 0.0139608, 0.270372], [0.0133269, 0.995015, -0.0988282], [-0.270404, 0.0987406, 0.95767]], "s": 0.953559, "sphereCenter": [-16.7065, 212.443, 44.3611], "sphereRadius": 45.6225, "stabilizedPalmPosition": [-36.5535, 225.837, 78.0038], "t": [-19.4373, 78.8154, 0.420237], "timeVisible": 7.29301, "type": "left", "wrist": [-28.6485, 188.207, 133.284]}], "id": 1345095, "interactionBox": {"center": [0, 200, 0], "size": [235.247, 235.247, 147.751]}, "pointables": [{"bases": [[[0.949968, -0.28393, -0.130169], [0.309223, 0.913692, 0.263719], [0.0440566, -0.290776, 0.955776]], [[0.948567, -0.31612, -0.0169975], [0.295715, 0.865611, 0.404067], [-0.113021, -0.388311, 0.914571]], [[0.948567, -0.31612, -0.0169975], [0.295715, 0.865611, 0.404067], [-0.113021, -0.388311, 0.914571]], [[0.948567, -0.31612, -0.0169975], [0.305741, 0.90085, 0.308206], [-0.082118, -0.297551, 0.951168]]], "btipPosition": [-27.9198, 275.16, -21.9294], "carpPosition": [-22.2576, 223.558, 123.351], "dipPosition": [-26.5402, 270.161, -5.95068], "direction": [-0.113021, 0.388311, -0.914571], "extended": true, "handId": 753, "id": 7531, "length": 57.8214, "mcpPosition": [-19.0801, 244.53, 54.4175], "pipPosition": [-23.8543, 260.933, 15.7842], "stabilizedTipPosition": [-27.077