{"frames": 98, "data": [{"currentFrameRate": 114.763, "devices": [], "gestures": [], "hands": [{"armBasis": [[0.958733, 0.148992, -0.242142], [0.023027, 0.808196, 0.588463], [0.283375, -0.569755, 0.771413]], "armWidth": 67.0854, "confidence": 1, "direction": [0.100824, 0.291164, -0.951345], "elbow": [-125.013, 61.1327, 338.347], "grabAngle": 0.354415, "grabStrength": 0, "id": 758, "palmNormal": [-0.0105028, -0.955853, -0.293657], "palmPosition": [-32.0215, 234.37, 61.3569], "palmVelocity": [6.69745, -37.2755, -3.04587], "palmWidth": 90.2847, "pinchDistance": 59.9041, "pinchStrength": 0, "r": [[0.712725, 0.23555, 0.660711], [-0.288376, 0.957043, -0.0301169], [-0.639423, -0.169068, 0.750036]], "s": 0.865272, "sphereCenter": [-29.9001, 23.1399, 1.4147], "sphereRadius": 221.388, "stabilizedPalmPosition": [-32.2956, 235.243, 61.49], "t": [-78.7759, 36.857, -94.7826], "timeVisible": 4.81338, "type": "left", "wrist": [-49.0961, 213.771, 131.684]}], "id": 1346570, "interactionBox": {"center": [0, 200, 0], "size": [235.247, 235.247, 147.751]}, "pointables": [{"bases": [[[0.371256, 0.927691, 0.0394665], [-0.765997, 0.28197, 0.577703], [0.524802, -0.244707, 0.815292]], [[0.338546, 0.940893, -0.0103486], [-0.732773, 0.270529, 0.624385], [0.590279, -0.2038, 0.781048]], [[0.338546, 0.940893, -0.0103486], [-0.918651, 0.332883, 0.212767], [0.203636, -0.0625247, 0.977048]], [[0.338546, 0.940893, -0.0103486], [-0.939848, 0.337598, -0.0520836], [-0.0455114, 0.0273588, 0.998589]]], "btipPosition": [17.3439, 222.26, 25.5707], "carpPosition": [-17.2173, 210.815, 115.606], "dipPosition": [18.3088, 222.84, 46.7424], "direction": [0.203636, 0.0625247, -0.977048], "extended": true, "handId": 758, "id": 7580, "length": 47.2129, "mcpPosition": [-17.2173, 210.815, 115.606], "pipPosition": [12.019, 220.909, 76.9211], "stabilizedTipPosition": [17.3941, 223.353, 30.4969], "timeVisible": 4.81338, "tipPosition": [17.3439, 227.928, 33.2573], "tipVelocity": [3.96042, -49.7304, 0.962701], "tool": false, "touchDistance": 0.299572, "touchZone": "hovering", "type": 0, "width": 21.8581}, {"bases": [[[0.963797, 0.0879244, -0.251723], [-0.0499089, 0.98687, 0.153612], [0.261924, -0.135488, 0.955531]], [[0.998598, 0.0465925, 0.0251168], [-0.0482267, 0.996454, 0.0689526], [-0.0218151, -0.0700673, 0.997304]], [[0.998598, 0.0465925, 0.0251168], [-0.0452936, 0.997721, -0.0500123], [-0.0273898, 0.0488046, 0.998433]], [[0.998598, 0.0465925, 0.0251168], [-0.0424824, 0.988552, -0.144774], [-0.0315746, 0.143504, 0.989146]]], "btipPosition": [-6.72212, 242.095, -35.2829], "carpPosition": [-23.9049, 232.768, 110.457], "dipPosition": [-6.23341, 244.316, -19.9729], "direction": [-0.0273898, -0.0488046, -0.998433], "extended": true, "handId": 758, "id": 7581, "length": 53.2745, "mcpPosition": [-4.78463, 242.658, 40.7043], "pipPosition": [-5.63368, 245.385, 1.88909], "stabilizedTipPosition": [-6.6671, 243.548, -31.6895], "timeVisible": 4.81338, "tipPosition": [-9.17007, 247.667, -29.7441], "tipVelocity": [2.6317, -66.2408, -3.32765], "tool": false, "touchDistance": 0.333577, "touchZone": "hovering", "type": 1, "width": 20.8789}, {"bases": [[[0.984615, -0.100723, -0.142787], [0.119514, 0.984313, 0.129785], [0.127475, -0.144854, 0.981207]], [[0.992716, -0.116468, -0.0308357], [0.117721, 0.992135, 0.0425407], [0.0256386, -0.0458608, 0.998619]], [[0.992716, -0.116468, -0.0308357], [0.113, 0.988846, -0.097031], [0.0417928, 0.0928398, 0.994804]], [[0.992716, -0.116468, -0.0308357], [0.107253, 0.970885, -0.214196], [0.0548849, 0.209328, 0.976304]]], "btipPosition": [-23.3607, 241.651, -46.6628], "carpPosition": [-35.3159, 235.576, 107.116], "dipPosition": [-24.295, 245.215, -30.0423], "direction": [0.0417928, -0.0928398, -0.994804], "extended": true, "handId": 758, "id": 7582, "length": 60.702, "mcpPosition": [-26.4912, 245.604, 39.1898], "pipPosition": [-25.3717, 247.607, -4.4153], "stabilizedTipPosition": [-23.699, 243.617, -42.7776], "timeVisible": 4.81338, "tipPosition": [-24.989, 248.321, -41.1223], "tipVelocity": [4.70191, -56.8605, -4.07211], "tool": false, "touchDistance": 0.335324, "touchZone": "hovering", "type": 2, "width": 20.5059}, {"bases": [[[0.980812, -0.194855, -0.00621312], [0.193557, 0.969482, 0.150465], [-0.0232953, -0.14878, 0.988596]], [[0.980279, -0.184879, -0.0698027], [0.186947, 0.98207, 0.0242932], [0.0640598, -0.0368635, 0.997265]], [[0.980279, -0.184879, -0.0698027], [0.174389, 0.975446, -0.134513], [0.0929574, 0.119687, 0.98845]], [[0.980279, -0.184879, -0.0698027], [0.17078, 0.97027, -0.171492], [0.0994328, 0.156189, 0.98271]]], "btipPosition": [-42.1011, 240.444, -38.5488], "carpPosition": [-47.2619, 235.352, 104.701], "dipPosition": [-43.7841, 243.088, -21.9154], "direction": [0.0929574, -0.119687, -0.98845], "extended": true, "handId": 758, "id": 7583, "length": 58.3666, "mcpPosition": [-48.7098, 244.599, 43.2555], "pipPosition": [-46.1169, 246.091, 2.89034], "stabilizedTipPosition": [-42.6162, 242.073, -34.6757], "timeVisible": 4.81338, "tipPosition": [-41.4414, 244.699, -32.901], "tipVelocity": [5.81751, -56.8544, -3.08954], "tool": false, "touchDistance": 0.335395, "touchZone": "hovering", "type": 3, "width": 19.5126}, {"bases": [[[0.92597, -0.368255, 0.0834727], [0.340929, 0.910395, 0.234412], [-0.162316, -0.1886, 0.968547]], [[0.938805, -0.31668, -0.135498], [0.32962, 0.940139, 0.0865381], [0.0999822, -0.125905, 0.986991]], [[0.938805, -0.31668, -0.135498], [0.297573, 0.943776, -0.144001], [0.173482, 0.0948686, 0.980257]], [[0.938805, -0.31668, -0.135498], [0.286066, 0.935935, -0.205405], [0.191865, 0.154074, 0.969252]]], "btipPosition": [-59.3706, 238.852, -16.2141], "carpPosition": [-59.3042, 228.054, 103.631], "dipPosition": [-62.3666, 241.257, -1.07924], "direction": [0.173482, -0.0948686, -0.980257], "extended": true, "handId": 758, "id": 7584, "length": 45.7583, "mcpPosition": [-68.6431, 238.905, 47.9052], "pipPosition": [-65.4405, 242.938, 16.2895], "stabilizedTipPosition": [-60.2142, 240.33, -12.6961], "timeVisible": 4.81338, "tipPosition": [-58.7975, 243.557, -10.2857], "tipVelocity": [7.33614, -56.8665, -2.04243], "tool": false, "touchDistance": 0.335299, "touchZone": "hovering", "type": 4, "width": 17.3326}], "r": [[0.712725, 0.23555, 0.660711], [-0.288376, 0.957043, -0.0301169], [-0.639423, -0.169068, 0.750036]], "s": 0.865272, "t": [78.7759, 36.857, -94.7826], "timestamp": 747199539897}, {"currentFrameRate": 114.557, "devices": [], "gestures": [], "hands": [{"armBasis": [[0.958718, 0.14799, -0.242816], [0.0238142, 0.809119, 0.587163], [0.283361, -0.568706, 0.772192]], "armWidth": 67.0907, "confidence": 1, "direction": [0.100706, 0.288852, -0.952062], "elbow": [-124.981, 61.2117, 338.58], "grabAngle": 0.355494, "grabStrength": 0, "id": 758, "palmNormal": [-0.00972394, -0.956596, -0.291256], "palmPosition": [-31.9954, 234.017, 61.331], "palmVelocity": [2.88109, -38.9514, -2.85636], "palmWidth": 90.2874, "pinchDistance": 59.8926, "pinchStrength": 0, "r": [[0.712472, 0.236699, 0.660573], [-0.288995, 0.956824, -0.0311523], [-0.639426, -0.168707, 0.750115]], "s": 0.865032, "sphereCenter": [-29.8319, 23.0777, 2.00661], "sphereRadius": 220.93, "stabilizedPalmPosition": [-32.245, 235.036, 61.4632], "t": [-78.7313, 36.5297, -94.8134], "timeVisible": 4.82246, "type": "left", "wrist": [-49.0664, 213.572, 131.704]}], "id": 1346571, "interactionBox": {"center": [0, 200, 0], "size": [235.247, 235.247, 147.751]}, "pointables": [{"bases": [[[0.371984, 0.927498, 0.0370943], [-0.765711, 0.284018, 0.577079], [0.524704, -0.243068, 0.815845]], [[0.338974, 0.940703, -0.0132046], [-0.732605, 0.272742, 0.62362], [0.590243, -0.201718, 0.781616]], [[0.338974, 0.940703, -0.0132046], [-0.918566, 0.333966, 0.21143], [0.203303, -0.05954, 0.977304]], [[0.338974, 0.940703, -0.0132046], [-0.939689, 0.337862, -0.0532315], [-0.0456137, 0.0304523, 0.998495]]], "btipPosition": [17.3676, 221.793, 25.5837], "carpPosition": [-17.1787, 210.608, 115.642], "dipPosition": [18.3345, 222.438, 46.7485], "direction": [0.203303, 0.05954, -0.977304], "extended": true, "handId": 758, "id": 7580, "length": 47.2018, "mcpPosition": [-17.1787, 210.608, 115.642], "pipPosition": [12.0564, 220.6, 76.928], "stabilizedTipPosition": [17.4347, 223.061, 30.4875], "timeVisible": 4.82246, "tipPosition": [17.3791, 227.519, 33.2418], "tipVelocity": [2.66285, -49.8021, 1.26003], "tool": false, "touchDistance": 0.299762, "touchZone": "hovering", "type": 0, "width": 21.8604}, {"bases": [[[0.963836, 0.08654, -0.252052], [-0.0491219, 0.987291, 0.151139], [0.261928, -0.133292, 0.955838]], [[0.998632, 0.0458326, 0.0251728], [-0.0473968, 0.996725, 0.0655262], [-0.0220871, -0.0666296, 0.997533]], [[0.998632, 0.0458326, 0.0251728], [-0.044421, 0.997551, -0.0540297], [-0.0275875, 0.0528376, 0.998222]], [[0.998632, 0.0458326, 0.0251728], [-0.0415967, 0.988008, -0.148697], [-0.0316861, 0.147446, 0.988562]]], "btipPosition": [-6.71569, 241.428, -35.3045], "carpPosition": [-23.8831, 232.543, 110.438], "dipPosition": [-6.22537, 243.71, -20.007], "direction": [-0.0275875, -0.0528376, -0.998222], "extended": true, "handId": 758, "id": 7581, "length": 53.262, "mcpPosition": [-4.76201, 242.274, 40.6603], "pipPosition": [-5.62145, 244.867, 1.84518], "stabilizedTipPosition": [-6.64771, 243.066, -31.7187], "timeVisible": 4.82246, "tipPosition": [-9.1286, 247.071, -29.8125], "tipVelocity": [0.749256, -71.933, -2.69379], "tool": false, "touchDistance": 0.33317, "touchZone": "hovering", "type": 1, "width": 20.881}, {"bases": [[[0.98452, -0.101849, -0.142645], [0.120296, 0.984542, 0.127299], [0.127474, -0.142488, 0.981554]], [[0.992621, -0.117319, -0.0306536], [0.118497, 0.992151, 0.0399351], [0.0257278, -0.0432728, 0.998732]], [[0.992621, -0.117319, -0.0306536], [0.11375, 0.988488, -0.0997571], [0.0420042, 0.0955341, 0.99454]], [[0.992621, -0.117319, -0.0306536], [0.107967, 0.970186, -0.216982], [0.0551959, 0.212071, 0.975694]]], "btipPosition": [-23.3267, 241.018, -46.6844], "carpPosition": [-35.2961, 235.335, 107.088], "dipPosition": [-24.2662, 244.628, -30.0782], "direction": [0.0420042, -0.0955341, -0.99454], "extended": true, "handId": 758, "id": 7582, "length": 60.6878, "mcpPosition": [-26.4711, 245.199, 39.1358], "pipPosition": [-25.348, 247.088, -4.46396], "stabilizedTipPosition": [-23.6599, 243.174, -42.7995], "timeVisible": 4.82246, "tipPosition": [-24.9597, 247.706, -41.1849], "tipVelocity": [3.61068, -68.5477, -2.73952], "tool": false, "touchDistance": 0.334752, "touchZone": "hovering", "type": 2, "width": 20.508}, {"bases": [[[0.980659, -0.195635, -0.00583396], [0.19433, 0.969706, 0.148007], [-0.0232982, -0.146278, 0.988969]], [[0.980125, -0.185812, -0.0694894], [0.187706, 0.981985, 0.0217418], [0.0641976, -0.0343533, 0.997346]], [[0.980125, -0.185812, -0.0694894], [0.175125, 0.974974, -0.136959], [0.093199, 0.122068, 0.988136]], [[0.980125, -0.185812, -0.0694894], [0.171566, 0.969803, -0.173341], [0.0995998, 0.157974, 0.982407]]], "btipPosition": [-42.0682, 239.841, -38.5738], "carpPosition": [-47.2417, 235.095, 104.672], "dipPosition": [-43.7537, 242.515, -21.9494], "direction": [0.093199, -0.122068, -0.988136], "extended": true, "handId": 758, "id": 7583, "length": 58.3529, "mcpPosition": [-48.6899, 244.187, 43.2016], "pipPosition": [-46.092, 245.577, 2.84269], "stabilizedTipPosition": [-42.5729, 241.637, -34.6958], "timeVisible": 4.82246, "tipPosition": [-41.4137, 244.097, -32.9558], "tipVelocity": [3.55471, -65.6049, -2.97681], "tool": false, "touchDistance": 0.334784, "touchZone": "hovering", "type": 3, "width": 19.5146}, {"bases": [[[0.925692, -0.368766, 0.0842933], [0.341666, 0.910714, 0.232086], [-0.162353, -0.18604, 0.969036]], [[0.93855, -0.317797, -0.134641], [0.330322, 0.940168, 0.0834926], [0.100051, -0.122837, 0.987371]], [[0.93855, -0.317797, -0.134641], [0.298083, 0.943006, -0.147938], [0.173982, 0.0987133, 0.979789]], [[0.93855, -0.317797, -0.134641], [0.286241, 0.934676, -0.210823], [0.192845, 0.159328, 0.968207]]], "btipPosition": [-59.323, 238.187, -16.2284], "carpPosition": [-59.2784, 227.785, 103.619], "dipPosition": [-62.3336, 240.674, -1.11332], "direction": [0.173982, -0.0987133, -0.979789], "extended": true, "handId": 758, "id": 7584, "length": 45.7476, "mcpPosition": [-68.6197, 238.489, 47.8635], "pipPosition": [-65.4156, 242.423, 16.2431], "stabilizedTipPosition": [-60.1603, 239.904, -12.7113], "timeVisible": 4.82246, "tipPosition": [-58.7775, 242.978, -10.3516], "tipVelocity": [4.87235, -71.0985, -2.07031], "tool": false, "touchDistance": 0.334821, "touchZone": "hovering", "type": 4, "width": 17.3344}], "r": [[0.712472, 0.236699, 0.660573], [-0.288995, 0.956824, -0.0311523], [-0.639426, -0.168707, 0.750115]], "s": 0.865032, "t": [78.7313, 36.5297, -94.8134], "timestamp": 747199548978}, {"currentFrameRate": 115.03, "devices": [], "gestures": [], "hands": [{"armBasis": [[0.958614, 0.145597, -0.244662], [0.0263399, 0.810307, 0.585413], [0.283486, -0.56763, 0.772937]], "armWidth": 67.0941, "confidence": 1, "direction": [0.101073, 0.286212, -0.95282], "elbow": [-125.018, 61.2825, 338.802], "grabAngle": 0.356431, "grabStrength": 0, "id": 758, "palmNormal": [-0.0072699, -0.957487, -0.288385], "palmPosition": [-31.9605, 233.639, 61.3074], "palmVelocity": [4.41517, -47.9396, -2.98649], "palmWidth": 90.2851, "pinchDistance": 59.8726, "pinchStrength": 0, "r": [[0.712515, 0.237696, 0.660169], [-0.289068, 0.956757, -0.0324953], [-0.639345, -0.16768, 0.750414]], "s": 0.864764, "sphereCenter": [-29.3016, 22.762, 2.67454], "sphereRadius": 220.682, "stabilizedPalmPosition": [-32.2039, 234.834, 61.4407], "t": [-78.6916, 36.1771, -94.8405], "timeVisible": 4.83035, "type": "left", "wrist": [-49.068, 213.359, 131.721]}], "id": 1346572, "interactionBox": {"center": [0, 200, 0], "size": [235.247, 235.247, 147.751]}, "pointables": [{"bases": [[[0.374101, 0.926768, 0.033908], [-0.764457, 0.28747, 0.577032], [0.525028, -0.24179, 0.816017]], [[0.340923, 0.939944, -0.0166106], [-0.731389, 0.276297, 0.623482], [0.590628, -0.200411, 0.781661]], [[0.340923, 0.939944, -0.0166106], [-0.917781, 0.336607, 0.21065], [0.203591, -0.0565707, 0.97742]], [[0.340923, 0.939944, -0.0166106], [-0.939017, 0.339636, -0.0538106], [-0.0449374, 0.0339429, 0.998413]]], "btipPosition": [17.4395, 221.38, 25.6522], "carpPosition": [-17.1489, 210.426, 115.706], "dipPosition": [18.3919, 222.1, 46.8112], "direction": [0.203591, 0.0565707, -0.97742], "extended": true, "handId": 758, "id": 7580, "length": 47.1928, "mcpPosition": [-17.1489, 210.426, 115.706], "pipPosition": [12.1061, 220.353, 76.9886], "stabilizedTipPosition": [17.474, 222.795, 30.493], "timeVisible": 4.83035, "tipPosition": [17.4589, 227.151, 33.2821], "tipVelocity": [8.69765, -50.1276, 8.51851], "tool": false, "touchDistance": 0.300882, "touchZone": "hovering", "type": 0, "width": 21.8617}, {"bases": [[[0.963759, 0.0836185, -0.253332], [-0.0467483, 0.987849, 0.148218], [0.262647, -0.131003, 0.955957]], [[0.998751, 0.0436047, 0.0243904], [-0.0450341, 0.997091, 0.0615005], [-0.0216378, -0.0625221, 0.997809]], [[0.998751, 0.0436047, 0.0243904], [-0.0421201, 0.997405, -0.0583839], [-0.026873, 0.0572837, 0.997996]], [[0.998751, 0.0436047, 0.0243904], [-0.0393743, 0.98744, -0.153007], [-0.0307559, 0.151855, 0.987924]]], "btipPosition": [-6.62873, 240.724, -35.306], "carpPosition": [-23.8961, 232.332, 110.425], "dipPosition": [-6.15289, 243.074, -20.0213], "direction": [-0.026873, -0.0572837, -0.997996], "extended": true, "handId": 758, "id": 7581, "length": 53.2518, "mcpPosition": [-4.72293, 241.895, 40.6402], "pipPosition": [-5.56472, 244.327, 1.8218], "stabilizedTipPosition": [-6.6138, 242.59, -31.7376], "timeVisible": 4.83035, "tipPosition": [-9.01027, 246.437, -29.8628], "tipVelocity": [10.6052, -87.3063, -0.558374], "tool": false, "touchDistance": 0.333096, "touchZone": "hovering", "type": 1, "width": 20.8823}, {"bases": [[[0.984136, -0.104487, -0.14338], [0.122637, 0.984649, 0.124207], [0.128201, -0.139821, 0.981842]], [[0.992323, -0.119646, -0.0312914], [0.120766, 0.992001, 0.0367439], [0.0266448, -0.0402408, 0.998835]], [[0.992323, -0.119646, -0.0312914], [0.115875, 0.98793, -0.102799], [0.0432132, 0.0983837, 0.99421]], [[0.992323, -0.119646, -0.0312914], [0.10993, 0.969281, -0.220023], [0.056655, 0.214894, 0.974993]]], "btipPosition": [-23.1978, 240.333, -46.704], "carpPosition": [-35.3126, 235.088, 107.054], "dipPosition": [-24.1619, 243.99, -30.1129], "direction": [0.0432132, -0.0983837, -0.99421], "extended": true, "handId": 758, "id": 7582, "length": 60.6762, "mcpPosition": [-26.4376, 244.767, 39.0839], "pipPosition": [-25.2746, 246.523, -4.51202], "stabilizedTipPosition": [-23.6063, 242.729, -42.8192], "timeVisible": 4.83035, "tipPosition": [-24.8448, 247.029, -41.2434], "tipVelocity": [15.6332, -85.496, -2.92147], "tool": false, "touchDistance": 0.334264, "touchZone": "hovering", "type": 2, "width": 20.5092}, {"bases": [[[0.980212, -0.197852, -0.00628378], [0.19666, 0.969708, 0.144882], [-0.0225716, -0.14325, 0.989429]], [[0.979629, -0.188209, -0.0700344], [0.189936, 0.981616, 0.0188247], [0.0652039, -0.0317433, 0.997367]], [[0.979629, -0.188209, -0.0700344], [0.177205, 0.974245, -0.139449], [0.0944761, 0.124198, 0.98775]], [[0.979629, -0.188209, -0.0700344], [0.173629, 0.969047, -0.175501], [0.100897, 0.159766, 0.981985]]], "btipPosition": [-41.9439, 239.183, -38.6145], "carpPosition": [-47.256, 234.814, 104.627], "dipPosition": [-43.651, 241.886, -22.0004], "direction": [0.0944761, -0.124198, -0.98775], "extended": true, "handId": 758, "id": 7583, "length": 58.3418, "mcpPosition": [-48.659, 243.717, 43.1293], "pipPosition": [-46.0209, 245.002, 2.77724], "stabilizedTipPosition": [-42.5163, 241.198, -34.7191], "timeVisible": 4.83035, "tipPosition": [-41.3038, 243.404, -33.024], "tipVelocity": [15.1368, -82.6113, -5.4594], "tool": false, "touchDistance": 0.333993, "touchZone": "hovering", "type": 3, "width": 19.5158}, {"bases": [[[0.924953, -0.370587, 0.0844224], [0.343953, 0.910639, 0.228981], [-0.161736, -0.18276, 0.969763]], [[0.937698, -0.32034, -0.134552], [0.332511, 0.939694, 0.0800673], [0.100789, -0.119819, 0.987666]], [[0.937698, -0.32034, -0.134552], [0.299944, 0.941789, -0.151878], [0.175372, 0.102058, 0.979198]], [[0.937698, -0.32034, -0.134552], [0.287522, 0.932836, -0.217135], [0.195072, 0.164921, 0.966824]]], "btipPosition": [-59.2036, 237.443, -16.2697], "carpPosition": [-59.2759, 227.473, 103.584], "dipPosition": [-62.2484, 240.018, -1.17911], "direction": [0.175372, -0.102058, -0.979198], "extended": true, "handId": 758, "id": 7584, "length": 45.7389, "mcpPosition": [-68.5816, 237.989, 47.7873], "pipPosition": [-65.3544, 241.825, 16.1635], "stabilizedTipPosition": [-60.0993, 239.459, -12.7321], "timeVisible": 4.83035, "tipPosition": [-58.6915, 242.306, -10.4402], "tipVelocity": [14.1451, -91.7795, -5.95146], "tool": false, "touchDistance": 0.333968, "touchZone": "hovering", "type": 4, "width": 17.3354}], "r": [[0.712515, 0.237696, 0.660169], [-0.289068, 0.956757, -0.0324953], [-0.639345, -0.16768, 0.750414]], "s": 0.864764, "t": [78.6916, 36.1771, -94.8405], "timestamp": 747199556864}, {"currentFrameRate": 115.064, "devices": [], "gestures": [], "hands": [{"armBasis": [[0.958456, 0.142984, -0.246816], [0.0291572, 0.811644, 0.583424], [0.283747, -0.566383, 0.773756]], "armWidth": 67.0925, "confidence": 1, "direction": [0.101513, 0.283481, -0.95359], "elbow": [-125.095, 61.3665, 339.052], "grabAngle": 0.358419, "grabStrength": 0, "id": 758, "palmNormal": [-0.00451478, -0.9584, -0.285392], "palmPosition": [-31.9268, 233.213, 61.3076], "palmVelocity": [3.9069, -49.3402, 0.0171786], "palmWidth": 90.2828, "pinchDistance": 59.8525, "pinchStrength": 0, "r": [[0.712829, 0.238548, 0.659522], [-0.288653, 0.956826, -0.0340994], [-0.639183, -0.166066, 0.750911]], "s": 0.864494, "sphereCenter": [-28.9291, 22.8944, 3.43618], "sphereRadius": 219.937, "stabilizedPalmPosition": [-32.1616, 234.586, 61.4203], "t": [-78.6549, 35.7878, -94.854], "timeVisible": 4.83898, "type": "left", "wrist": [-49.0771, 213.105, 131.757]}], "id": 1346573, "interactionBox": {"center": [0, 200, 0], "size": [235.247, 235.247, 147.751]}, "pointables": [{"bases": [[[0.376468, 0.925926, 0.0305516], [-0.76303, 0.291197, 0.577052], [0.525411, -0.240553, 0.816136]], [[0.34291, 0.939145, -0.0204916], [-0.730185, 0.28021, 0.623147], [0.590967, -0.198721, 0.781836]], [[0.34291, 0.939145, -0.0204916], [-0.916991, 0.339395, 0.209616], [0.203815, -0.053089, 0.977569]], [[0.34291, 0.939145, -0.0204916], [-0.938327, 0.341422, -0.0545222], [-0.0442079, 0.037924, 0.998302]]], "btipPosition": [17.5022, 220.887, 25.7436], "carpPosition": [-17.1235, 210.209, 115.795], "dipPosition": [18.4388, 221.69, 46.8952], "direction": [0.203815, 0.053089, -0.977569], "extended": true, "handId": 758, "id": 7580, "length": 47.1816, "mcpPosition": [-17.1235, 210.209, 115.795], "pipPosition": [12.1476, 220.051, 77.07], "stabilizedTipPosition": [17.5185, 222.48, 30.5141], "timeVisible": 4.83898, "tipPosition": [17.5438, 226.728, 33.3463], "tipVelocity": [6.83555, -54.9361, 10.3841], "tool": false, "touchDistance": 0.302376, "touchZone": "hovering", "type": 0, "width": 21.8612}, {"bases": [[[0.963657, 0.0804009, -0.254757], [-0.0440873, 0.988423, 0.145178], [0.26348, -0.12867, 0.956045]], [[0.998883, 0.0411379, 0.0232566], [-0.042425, 0.997423, 0.0578609], [-0.0208164, -0.058783, 0.998054]], [[0.998883, 0.0411379, 0.0232566], [-0.0396144, 0.997255, -0.0625574], [-0.0257662, 0.0615662, 0.99777]], [[0.998883, 0.0411379, 0.0232566], [-0.0369799, 0.986856, -0.157317], [-0.0294226, 0.156281, 0.987274]]], "btipPosition": [-6.51414, 239.994, -35.2747], "carpPosition": [-23.919, 232.08, 110.437], "dipPosition": [-6.05904, 242.412, -20.0037], "direction": [-0.0257662, -0.0615662, -0.99777], "extended": true, "handId": 758, "id": 7581, "length": 53.2392, "mcpPosition": [-4.68558, 241.472, 40.648], "pipPosition": [-5.49523, 243.759, 1.8293], "stabilizedTipPosition": [-6.55676, 242.021, -31.7445], "timeVisible": 4.83898, "tipPosition": [-8.88692, 245.76, -29.8828], "tipVelocity": [12.7192, -82.7179, 3.25844], "tool": false, "touchDistance": 0.333542, "touchZone": "hovering", "type": 1, "width": 20.8818}, {"bases": [[[0.983696, -0.10741, -0.144241], [0.12526, 0.984721, 0.120973], [0.129043, -0.137068, 0.98212]], [[0.991983, -0.122255, -0.0319815], [0.12332, 0.991793, 0.0337572], [0.027592, -0.0374305, 0.998918]], [[0.991983, -0.122255, -0.0319815], [0.118261, 0.987308, -0.106006], [0.0445353, 0.101374, 0.993851]], [[0.991983, -0.122255, -0.0319815], [0.11211, 0.968185, -0.223715], [0.0583143, 0.218336, 0.97413]]], "btipPosition": [-23.0623, 239.594, -46.6908], "carpPosition": [-35.338, 234.796, 107.045], "dipPosition": [-24.0544, 243.309, -30.1183], "direction": [0.0445353, -0.101374, -0.993851], "extended": true, "handId": 758, "id": 7582, "length": 60.6618, "mcpPosition": [-26.4049, 244.285, 39.0565], "pipPosition": [-25.2009, 245.918, -4.53271], "stabilizedTipPosition": [-23.53, 242.178, -42.8337], "timeVisible": 4.83898, "tipPosition": [-24.7176, 246.29, -41.2787], "tipVelocity": [14.9457, -84.0737, 1.03502], "tool": false, "touchDistance": 0.334305, "touchZone": "hovering", "type": 2, "width": 20.5087}, {"bases": [[[0.979704, -0.200335, -0.00684806], [0.199271, 0.969659, 0.141604], [-0.021728, -0.140095, 0.9899]], [[0.979075, -0.190917, -0.0704521], [0.19246, 0.981179, 0.0157387], [0.0661213, -0.0289686, 0.997391]], [[0.979075, -0.190917, -0.0704521], [0.179514, 0.973324, -0.142881], [0.0958511, 0.127244, 0.987229]], [[0.979075, -0.190917, -0.0704521], [0.17582, 0.967909, -0.179553], [0.102471, 0.163409, 0.981222]]], "btipPosition": [-41.8163, 238.409, -38.6212], "carpPosition": [-47.2775, 234.485, 104.604], "dipPosition": [-43.5496, 241.173, -22.0239], "direction": [0.0958511, -0.127244, -0.987229], "extended": true, "handId": 758, "id": 7583, "length": 58.328, "mcpPosition": [-48.6279, 243.192, 43.0783], "pipPosition": [-45.9534, 244.364, 2.73477], "stabilizedTipPosition": [-42.4382, 240.64, -34.7411], "timeVisible": 4.83898, "tipPosition": [-41.1816, 242.653, -33.0682], "tipVelocity": [14.0834, -88.0695, -1.22639], "tool": false, "touchDistance": 0.333768, "touchZone": "hovering", "type": 3, "width": 19.5153}, {"bases": [[[0.924121, -0.372646, 0.0844657], [0.346517, 0.910484, 0.225711], [-0.161015, -0.179315, 0.970526]], [[0.936755, -0.323265, -0.134126], [0.334987, 0.939144, 0.0761044], [0.101361, -0.116222, 0.988038]], [[0.936755, -0.323265, -0.134126], [0.301943, 0.940251, -0.157347], [0.176977, 0.106897, 0.978393]], [[0.936755, -0.323265, -0.134126], [0.288788, 0.93044, -0.225572], [0.197715, 0.172572, 0.96495]]], "btipPosition": [-59.0776, 236.563, -16.2802], "carpPosition": [-59.2773, 227.111, 103.569], "dipPosition": [-62.1629, 239.256, -1.22245], "direction": [0.176977, -0.106897, -0.978393], "extended": true, "handId": 758, "id": 7584, "length": 45.728, "mcpPosition": [-68.5412, 237.428, 47.73], "pipPosition": [-65.2965, 241.148, 16.1018], "stabilizedTipPosition": [-60.0195, 238.877, -12.7538], "timeVisible": 4.83898, "tipPosition": [-58.6023, 241.551, -10.5187], "tipVelocity": [13.5208, -98.8369, -2.09324], "tool": false, "touchDistance": 0.333633, "touchZone": "hovering", "type": 4, "width": 17.335}], "r": [[0.712829, 0.238548, 0.659522], [-0.288653, 0.956826, -0.0340994], [-0.639183, -0.166066, 0.750911]], "s": 0.864494, "t": [78.6549, 35.7878, -94.854], "timestamp": 747199565498}, {"currentFrameRate": 115.056, "devices": [], "gestures": [], "hands": [{"armBasis": [[0.958333, 0.13994, -0.249027], [0.0323378, 0.813029, 0.581324], [0.283816, -0.565156, 0.774627]], "armWidth": 67.0939, "confidence": 1, "direction": [0.103039, 0.279125, -0.954711], "elbow": [-125.183, 61.4285, 339.313], "grabAngle": 0.357471, "grabStrength": 0, "id": 758, "palmNormal": [-0.00191685, -0.959762, -0.280808], "palmPosition": [-31.8882, 232.662, 61.2937], "palmVelocity": [4.44044, -63.2798, -1.59516], "palmWidth": 90.28, "pinchDistance": 59.8773, "pinchStrength": 0, "r": [[0.713469, 0.239566, 0.65846], [-0.287942, 0.956964, -0.0361722], [-0.638789, -0.163791, 0.751746]], "s": 0.864381, "sphereCenter": [-28.5269, 21.2631, 4.23771], "sphereRadius": 220.79, "stabilizedPalmPosition": [-32.1202, 234.296, 61.4012], "t": [-78.6172, 35.3177, -94.8677], "timeVisible": 4.84769, "type": "left", "wrist": [-49.1479, 212.835, 131.789]}], "id": 1346574, "interactionBox": {"center": [0, 200, 0], "size": [235.247, 235.247, 147.751]}, "pointables": [{"bases": [[[0.378434, 0.925283, 0.0252886], [-0.761154, 0.295528, 0.577329], [0.526719, -0.237729, 0.81612]], [[0.344515, 0.938416, -0.0261532], [-0.72827, 0.284737, 0.623336], [0.592396, -0.195702, 0.781516]], [[0.344515, 0.938416, -0.0261532], [-0.916192, 0.342169, 0.208597], [0.204699, -0.0479034, 0.977652]], [[0.344515, 0.938416, -0.0261532], [-0.93776, 0.342708, -0.0561999], [-0.043776, 0.0438871, 0.998077]]], "btipPosition": [17.5726, 220.192, 25.899], "carpPosition": [-17.1586, 209.95, 115.922], "dipPosition": [18.4999, 221.121, 47.0419], "direction": [0.204699, 0.0479034, -0.977652], "extended": true, "handId": 758, "id": 7580, "length": 47.1727, "mcpPosition": [-17.1586, 209.95, 115.922], "pipPosition": [12.1826, 219.643, 77.2135], "stabilizedTipPosition": [17.566, 222.112, 30.5581], "timeVisible": 4.84769, "tipPosition": [17.6582, 226.11, 33.4558], "tipVelocity": [7.84095, -76.5108, 17.6303], "tool": false, "touchDistance": 0.304934, "touchZone": "hovering", "type": 0, "width": 21.862}, {"bases": [[[0.963254, 0.0771931, -0.257259], [-0.0417375, 0.989195, 0.14054], [0.265328, -0.124638, 0.956068]], [[0.999006, 0.0391155, 0.0213694], [-0.0402214, 0.997728, 0.0540431], [-0.0192069, -0.0548489, 0.99831]], [[0.999006, 0.0391155, 0.0213694], [-0.0376368, 0.99713, -0.0656907], [-0.0238776, 0.0648211, 0.997611]], [[0.999006, 0.0391155, 0.0213694], [-0.0351985, 0.986464, -0.160156], [-0.0273447, 0.159245, 0.98686]]], "btipPosition": [-6.3112, 239.131, -35.253], "carpPosition": [-23.9868, 231.781, 110.444], "dipPosition": [-5.88832, 241.593, -19.9913], "direction": [-0.0238776, -0.0648211, -0.997611], "extended": true, "handId": 758, "id": 7581, "length": 53.2291, "mcpPosition": [-4.61903, 240.879, 40.6554], "pipPosition": [-5.36594, 243.012, 1.83404], "stabilizedTipPosition": [-6.46161, 241.376, -31.7441], "timeVisible": 4.84769, "tipPosition": [-8.6567, 244.788, -29.9166], "tipVelocity": [22.4639, -98.008, 2.24338], "tool": false, "touchDistance": 0.333814, "touchZone": "hovering", "type": 1, "width": 20.8826}, {"bases": [[[0.983152, -0.110128, -0.14589], [0.127548, 0.985028, 0.11598], [0.130933, -0.132634, 0.982479]], [[0.991663, -0.124488, -0.0332897], [0.125509, 0.991621, 0.0305791], [0.0292041, -0.0345023, 0.998978]], [[0.991663, -0.124488, -0.0332897], [0.120278, 0.986895, -0.107572], [0.0462449, 0.102671, 0.99364]], [[0.991663, -0.124488, -0.0332897], [0.113932, 0.967707, -0.224863], [0.0602074, 0.219195, 0.973822]]], "btipPosition": [-22.8514, 238.773, -46.7203], "carpPosition": [-35.4036, 234.457, 107.013], "dipPosition": [-23.8755, 242.501, -30.1562], "direction": [0.0462449, -0.102671, -0.99364], "extended": true, "handId": 758, "id": 7582, "length": 60.6503, "mcpPosition": [-26.34, 243.639, 39.0027], "pipPosition": [-25.0658, 245.144, -4.58091], "stabilizedTipPosition": [-23.4218, 241.556, -42.8525], "timeVisible": 4.84769, "tipPosition": [-24.4589, 245.182, -41.3606], "tipVelocity": [23.379, -93.9752, -3.61291], "tool": false, "touchDistance": 0.333736, "touchZone": "hovering", "type": 2, "width": 20.5095}, {"bases": [[[0.979273, -0.202386, -0.00804491], [0.201573, 0.969913, 0.13652], [-0.0198269, -0.135312, 0.990605]], [[0.978526, -0.193282, -0.0716182], [0.194659, 0.980789, 0.0126998], [0.0677877, -0.0263682, 0.997351]], [[0.978526, -0.193282, -0.0716182], [0.1815, 0.972631, -0.145076], [0.0976987, 0.128962, 0.986825]], [[0.978526, -0.193282, -0.0716182], [0.177542, 0.966847, -0.183538], [0.104718, 0.166881, 0.9804]]], "btipPosition": [-41.6069, 237.53, -38.6777], "carpPosition": [-47.3367, 234.109, 104.548], "dipPosition": [-43.3778, 240.352, -22.0975], "direction": [0.0976987, -0.128962, -0.986825], "extended": true, "handId": 758, "id": 7583, "length": 58.3169, "mcpPosition": [-48.569, 242.519, 42.9806], "pipPosition": [-45.8275, 243.586, 2.64633], "stabilizedTipPosition": [-42.3271, 239.995, -34.7734], "timeVisible": 4.84769, "tipPosition": [-40.9655, 241.593, -33.1657], "tipVelocity": [23.0629, -99.4368, -6.94918], "tool": false, "touchDistance": 0.332761, "touchZone": "hovering", "type": 3, "width": 19.5161}, {"bases": [[[0.923539, -0.374144, 0.0842151], [0.348883, 0.910836, 0.220585], [-0.159237, -0.174338, 0.971725]], [[0.935802, -0.32589, -0.134426], [0.337253, 0.938639, 0.0722246], [0.10264, -0.112924, 0.988288]], [[0.935802, -0.32589, -0.134426], [0.303796, 0.938956, -0.161459], [0.178838, 0.110255, 0.977681]], [[0.935802, -0.32589, -0.134426], [0.289701, 0.928199, -0.233496], [0.200868, 0.179562, 0.963021]]], "btipPosition": [-58.8952, 235.597, -16.3475], "carpPosition": [-59.3188, 226.707, 103.522], "dipPosition": [-62.0291, 238.399, -1.3227], "direction": [0.178838, -0.110255, -0.977681], "extended": true, "handId": 758, "id": 7584, "length": 45.7194, "mcpPosition": [-68.4801, 236.737, 47.6159], "pipPosition": [-65.1951, 240.351, 15.9857], "stabilizedTipPosition": [-59.916, 238.201, -12.7892], "timeVisible": 4.84769, "tipPosition": [-58.4248, 240.59, -10.6359], "tipVelocity": [19.672, -108.04, -8.60248], "tool": false, "touchDistance": 0.332394, "touchZone": "hovering", "type": 4, "width": 17.3357}], "r": [[0.713469, 0.239566, 0.65846], [-0.287942, 0.956964, -0.0361722], [-0.638789, -0.163791, 0.751746]], "s": 0.864381, "t": [78.6172, 35.3177, -94.8677], "timestamp": 747199574202}, {"currentFrameRate": 115.096, "devices": [], "gestures": [], "hands": [{"armBasis": [[0.958189, 0.138086, -0.250612], [0.0342059, 0.814289, 0.579451], [0.284085, -0.563796, 0.775519]], "armWidth": 67.0952, "confidence": 1, "direction": [0.103947, 0.275972, -0.955528], "elbow": [-125.291, 61.5009, 339.546], "grabAngle": 0.358666, "grabStrength": 0, "id": 758, "palmNormal": [-0.000379773, -0.960722, -0.277513], "palmPosition": [-31.86, 232.155, 61.2573], "palmVelocity": [3.26156, -58.7762, -4.22547], "palmWidth": 90.2667, "pinchDistance": 59.9008, "pinchStrength": 0, "r": [[0.714212, 0.240655, 0.657257], [-0.287151, 0.957115, -0.0384132], [-0.638315, -0.161297, 0.752687]], "s": 0.864359, "sphereCenter": [-28.5372, 20.968, 4.88917], "sphereRadius": 220.419, "stabilizedPalmPosition": [-32.0822, 233.983, 61.3801], "t": [-78.5843, 34.8294, -94.8927], "timeVisible": 4.85631, "type": "left", "wrist": [-49.187, 212.538, 131.79]}], "id": 1346575, "interactionBox": {"center": [0, 200, 0], "size": [235.247, 235.247, 147.751]}, "pointables": [{"bases": [[[0.379594, 0.9249, 0.0216176], [-0.760037, 0.298439, 0.577302], [0.527495, -0.235571, 0.816244]], [[0.345344, 0.937989, -0.0302407], [-0.727292, 0.287857, 0.623045], [0.593114, -0.193171, 0.781601]], [[0.345344, 0.937989, -0.0302407], [-0.915789, 0.343863, 0.207579], [0.205105, -0.0439919, 0.977751]], [[0.345344, 0.937989, -0.0302407], [-0.93749, 0.343325, -0.0569213], [-0.0430092, 0.0480077, 0.997921]]], "btipPosition": [17.6194, 219.558, 25.9598], "carpPosition": [-17.1746, 209.65, 115.98], "dipPosition": [18.5304, 220.575, 47.0973], "direction": [0.205105, 0.0439919, -0.977751], "extended": true, "handId": 758, "id": 7580, "length": 47.1683, "mcpPosition": [-17.1746, 209.65, 115.98], "pipPosition": [12.2012, 219.217, 77.2692], "stabilizedTipPosition": [17.6112, 221.712, 30.6034], "timeVisible": 4.85631, "tipPosition": [17.7311, 225.539, 33.4931], "tipVelocity": [4.99933, -71.2187, 6.90544], "tool": false, "touchDistance": 0.305926, "touchZone": "hovering", "type": 0, "width": 21.8629}, {"bases": [[[0.963011, 0.0751309, -0.258778], [-0.0403479, 0.989722, 0.137196], [0.266426, -0.12168, 0.956144]], [[0.999076, 0.0379305, 0.0201901], [-0.0389346, 0.997893, 0.0519099], [-0.0181786, -0.0526481, 0.998448]], [[0.999076, 0.0379305, 0.0201901], [-0.0364839, 0.997035, -0.0677492], [-0.0227, 0.06695, 0.997498]], [[0.999076, 0.0379305, 0.0201901], [-0.0341619, 0.986162, -0.162224], [-0.0260639, 0.161384, 0.986547]]], "btipPosition": [-6.18129, 238.421, -35.2723], "carpPosition": [-24.0199, 231.453, 110.411], "dipPosition": [-5.77825, 240.917, -20.0169], "direction": [-0.0227, -0.06695, -0.997498], "extended": true, "handId": 758, "id": 7581, "length": 53.2242, "mcpPosition": [-4.57483, 240.334, 40.627], "pipPosition": [-5.28168, 242.381, 1.80396], "stabilizedTipPosition": [-6.36119, 240.735, -31.7493], "timeVisible": 4.85631, "tipPosition": [-8.50897, 243.965, -29.975], "tipVelocity": [14.5397, -81.4294, -2.40623], "tool": false, "touchDistance": 0.333455, "touchZone": "hovering", "type": 1, "width": 20.8834}, {"bases": [[[0.982826, -0.111831, -0.146792], [0.1289, 0.985264, 0.11243], [0.132055, -0.129421, 0.982757]], [[0.991472, -0.12585, -0.033846], [0.126826, 0.991518, 0.0284189], [0.0299824, -0.0324691, 0.999023]], [[0.991472, -0.12585, -0.033846], [0.121461, 0.986481, -0.110012], [0.0472335, 0.104963, 0.993354]], [[0.991472, -0.12585, -0.033846], [0.114939, 0.96684, -0.228055], [0.0614245, 0.22222, 0.97306]]], "btipPosition": [-22.728, 237.997, -46.76], "carpPosition": [-35.4363, 234.104, 106.957], "dipPosition": [-23.7727, 241.777, -30.2104], "direction": [0.0472335, -0.104963, -0.993354], "extended": true, "handId": 758, "id": 7582, "length": 60.6446, "mcpPosition": [-26.2963, 243.062, 38.9366], "pipPosition": [-24.9883, 244.478, -4.64487], "stabilizedTipPosition": [-23.3123, 240.906, -42.8769], "timeVisible": 4.85631, "tipPosition": [-24.3032, 244.297, -41.4395], "tipVelocity": [13.7721, -88.5923, -4.99399], "tool": false, "touchDistance": 0.333019, "touchZone": "hovering", "type": 2, "width": 20.5103}, {"bases": [[[0.979014, -0.20361, -0.00862595], [0.202933, 0.970128, 0.132926], [-0.0186968, -0.131887, 0.991088]], [[0.978206, -0.194761, -0.0719798], [0.19599, 0.980551, 0.0103671], [0.0685608, -0.0242485, 0.997352]], [[0.978206, -0.194761, -0.0719798], [0.182626, 0.971972, -0.148046], [0.098796, 0.131674, 0.986358]], [[0.978206, -0.194761, -0.0719798], [0.178446, 0.965796, -0.188136], [0.106159, 0.171191, 0.979502]]], "btipPosition": [-41.4838, 236.713, -38.7346], "carpPosition": [-47.3665, 233.733, 104.478], "dipPosition": [-43.279, 239.608, -22.1711], "direction": [0.098796, -0.131674, -0.986358], "extended": true, "handId": 758, "id": 7583, "length": 58.3114, "mcpPosition": [-48.5284, 241.929, 42.8892], "pipPosition": [-45.756, 242.909, 2.55872], "stabilizedTipPosition": [-42.2158, 239.318, -34.8126], "timeVisible": 4.85631, "tipPosition": [-40.8289, 240.737, -33.2504], "tipVelocity": [13.63, -92.7719, -7.03968], "tool": false, "touchDistance": 0.331749, "touchZone": "hovering", "type": 3, "width": 19.5169}, {"bases": [[[0.923192, -0.374982, 0.0842959], [0.350281, 0.911161, 0.217001], [-0.158178, -0.170806, 0.972525]], [[0.935267, -0.32769, -0.133769], [0.338649, 0.938379, 0.0689986], [0.102916, -0.109833, 0.988608]], [[0.935267, -0.32769, -0.133769], [0.304722, 0.937747, -0.166661], [0.180055, 0.11511, 0.976898]], [[0.935267, -0.32769, -0.133769], [0.289782, 0.925941, -0.242196], [0.203228, 0.187754, 0.960961]]], "btipPosition": [-58.7867, 234.686, -16.4034], "carpPosition": [-59.3388, 226.313, 103.462], "dipPosition": [-61.9571, 237.615, -1.41209], "direction": [0.180055, -0.11511, -0.976898], "extended": true, "handId": 758, "id": 7584, "length": 45.7151, "mcpPosition": [-68.4379, 236.138, 47.5183], "pipPosition": [-65.1444, 239.653, 15.8808], "stabilizedTipPosition": [-59.815, 237.484, -12.8311], "timeVisible": 4.85631, "tipPosition": [-58.3195, 239.777, -10.7471], "tipVelocity": [11.6111, -102.283, -7.37428], "tool": false, "touchDistance": 0.33134, "touchZone": "hovering", "type": 4, "width": 17.3364}], "r": [[0.714212, 0.240655, 0.657257], [-0.287151, 0.957115, -0.0384132], [-0.638315, -0.161297, 0.752687]], "s": 0.864359, "t": [78.5843, 34.8294, -94.8927], "timestamp": 747199582823}, {"currentFrameRate": 115.102, "devices": [], "gestures": [], "hands": [{"armBasis": [[0.958065, 0.136096, -0.252168], [0.036128, 0.815621, 0.577457], [0.284263, -0.562352, 0.776502]], "armWidth": 67.0843, "confidence": 1, "direction": [0.104263, 0.2725, -0.95649], "elbow": [-125.36, 61.6, 339.8], "grabAngle": 0.358948, "grabStrength": 0, "id": 758, "palmNormal": [0.00140092, -0.961771, -0.273851], "palmPosition": [-31.8637, 231.614, 61.2362], "palmVelocity": [-0.421781, -62.303, -2.42356], "palmWidth": 90.2448, "pinchDistance": 59.9188, "pinchStrength": 0, "r": [[0.714989, 0.241791, 0.655994], [-0.286215, 0.957292, -0.0408904], [-0.637865, -0.158519, 0.753658]], "s": 0.864396, "sphereCenter": [-28.4708, 20.2229, 5.59072], "sphereRadius": 220.444, "stabilizedPalmPosition": [-32.0507, 233.641, 61.3594], "t": [-78.5697, 34.3148, -94.9158], "timeVisible": 4.86499, "type": "left", "wrist": [-49.2185, 212.228, 131.811]}], "id": 1346576, "interactionBox": {"center": [0, 200, 0], "size": [235.247, 235.247, 147.751]}, "pointables": [{"bases": [[[0.381112, 0.924358, 0.0177929], [-0.75909, 0.30187, 0.576764], [0.527765, -0.233318, 0.816717]], [[0.346582, 0.937386, -0.0344704], [-0.726512, 0.291498, 0.622261], [0.593347, -0.190622, 0.78205]], [[0.346582, 0.937386, -0.0344704], [-0.915334, 0.346005, 0.206018], [0.205045, -0.0398503, 0.977941]], [[0.346582, 0.937386, -0.0344704], [-0.937049, 0.344319, -0.0581594], [-0.0426489, 0.0524575, 0.997712]]], "btipPosition": [17.6186, 218.903, 26.0166], "carpPosition": [-17.1877, 209.345, 116.048], "dipPosition": [18.5218, 220.014, 47.1468], "direction": [0.205045, 0.0398503, -0.977941], "extended": true, "handId": 758, "id": 7580, "length": 47.162, "mcpPosition": [-17.1877, 209.345, 116.048], "pipPosition": [12.1953, 218.784, 77.3205], "stabilizedTipPositi