{"frames": 84, "data": [{"currentFrameRate": 115.254, "devices": [], "gestures": [], "hands": [{"armBasis": [[0.325702, -0.77214, -0.545636], [0.903387, 0.0838878, 0.420541], [-0.278944, -0.629891, 0.724863]], "armWidth": 59.9533, "confidence": 1, "direction": [-0.374378, 0.347581, -0.859667], "elbow": [-41.2942, -56.9971, 315.758], "grabAngle": 0.232146, "grabStrength": 0, "id": 765, "palmNormal": [0.901216, -0.0818591, -0.42557], "palmPosition": [-129.924, 131.263, 79.2636], "palmVelocity": [-7.68163, 3.78829, 0.794709], "palmWidth": 83.0304, "pinchDistance": 63.1981, "pinchStrength": 0, "r": [[0.10293, 0.361008, 0.926865], [-0.112997, 0.930026, -0.34969], [-0.98825, -0.0687393, 0.13652]], "s": 1.28661, "sphereCenter": [-56.9405, 115.015, 14.7801], "sphereRadius": 104.666, "stabilizedPalmPosition": [-124.038, 132.562, 77.607], "t": [-210.339, -98.1382, -142.775], "timeVisible": 1.98588, "type": "left", "wrist": [-110.021, 98.1962, 137.166]}], "id": 1349100, "interactionBox": {"center": [0, 200, 0], "size": [235.247, 235.247, 147.751]}, "pointables": [{"bases": [[[0.966965, -0.234826, 0.0991746], [0.0812498, 0.652693, 0.753253], [-0.241614, -0.720311, 0.650211]], [[0.986687, -0.159496, 0.0317739], [0.0483902, 0.474455, 0.878949], [-0.155264, -0.86571, 0.475857]], [[0.986687, -0.159496, 0.0317739], [0.117398, 0.833741, 0.539531], [-0.112544, -0.528618, 0.841366]], [[0.986687, -0.159496, 0.0317739], [0.137289, 0.921621, 0.362997], [-0.0871801, -0.353802, 0.931248]]], "btipPosition": [-113.046, 192.877, 61.2179], "carpPosition": [-100.818, 130.368, 127.179], "dipPosition": [-111.257, 185.613, 80.3372], "direction": [-0.112544, 0.528618, -0.841366], "extended": true, "handId": 765, "id": 7650, "length": 45.7193, "mcpPosition": [-100.818, 130.368, 127.179], "pipPosition": [-107.89, 169.802, 105.503], "stabilizedTipPosition": [-105.731, 192.761, 64.7259], "timeVisible": 1.98588, "tipPosition": [-110.155, 190.613, 64.0821], "tipVelocity": [-9.33642, 4.66671, 2.10589], "tool": false, "touchDistance": 0.324634, "touchZone": "hovering", "type": 0, "width": 19.3051}, {"bases": [[[0.278052, -0.86245, -0.422927], [0.940555, 0.155046, 0.302187], [-0.195047, -0.48181, 0.854292]], [[0.203744, -0.969425, -0.13676], [0.906541, 0.134062, 0.400263], [-0.369691, -0.20553, 0.906138]], [[0.203744, -0.969425, -0.13676], [0.936714, 0.152406, 0.315183], [-0.284703, -0.192322, 0.939125]], [[0.203744, -0.969425, -0.13676], [0.951913, 0.163514, 0.259084], [-0.2288, -0.18297, 0.956124]]], "btipPosition": [-158.654, 175.26, -1.44895], "carpPosition": [-122.16, 128.348, 124.298], "dipPosition": [-155.225, 172.518, 12.8818], "direction": [-0.284703, 0.192322, -0.939125], "extended": true, "handId": 765, "id": 7651, "length": 51.5891, "mcpPosition": [-135.255, 160.694, 66.946], "pipPosition": [-149.188, 168.44, 32.7946], "stabilizedTipPosition": [-151.902, 175.146, -0.288765], "timeVisible": 1.98588, "tipPosition": [-153.994, 177.066, 1.51136], "tipVelocity": [-6.04016, 4.18055, 0.573287], "tool": false, "touchDistance": 0.331266, "touchZone": "hovering", "type": 1, "width": 18.4403}, {"bases": [[[0.0847005, -0.933325, -0.348898], [0.969512, -0.00360882, 0.245018], [-0.22994, -0.359014, 0.904564]], [[0.0409705, -0.983429, -0.176601], [0.953927, -0.0140791, 0.299708], [-0.297228, -0.180744, 0.937543]], [[0.0409705, -0.983429, -0.176601], [0.982423, 0.00743347, 0.186522], [-0.182119, -0.181139, 0.966448]], [[0.0409705, -0.983429, -0.176601], [0.995468, 0.0249959, 0.09175], [-0.0858153, -0.17956, 0.979997]]], "btipPosition": [-159.982, 157.239, -17.8893], "carpPosition": [-126.817, 119.261, 119.607], "dipPosition": [-158.567, 154.279, -1.73373], "direction": [-0.182119, 0.181139, -0.966448], "extended": true, "handId": 765, "id": 7652, "length": 58.7816, "mcpPosition": [-141.456, 142.118, 62.0183], "pipPosition": [-154.024, 149.76, 22.3752], "stabilizedTipPosition": [-153.755, 156.697, -16.379], "timeVisible": 1.98588, "tipPosition": [-156.025, 160.064, -13.7194], "tipVelocity": [-5.60468, 5.02499, 0.358682], "tool": false, "touchDistance": 0.333947, "touchZone": "hovering", "type": 2, "width": 18.1108}, {"bases": [[[-0.0233889, -0.973039, -0.229453], [0.965262, -0.0817242, 0.248175], [-0.260236, -0.215677, 0.941149]], [[-0.025706, -0.974921, -0.22106], [0.972667, -0.075442, 0.219608], [-0.230778, -0.209373, 0.950213]], [[-0.025706, -0.974921, -0.22106], [0.997606, -0.0392196, 0.0569599], [-0.0642013, -0.219067, 0.973595]], [[-0.025706, -0.974921, -0.22106], [0.999412, -0.0200425, -0.027825], [0.0226965, -0.221646, 0.974863]]], "btipPosition": [-153.839, 138.607, -15.4397], "carpPosition": [-128.73, 109.115, 115.239], "dipPosition": [-154.211, 134.974, 0.538889], "direction": [-0.0642013, 0.219067, -0.973595], "extended": true, "handId": 765, "id": 7653, "length": 56.5201, "mcpPosition": [-143.606, 121.444, 61.4428], "pipPosition": [-152.651, 129.65, 24.1989], "stabilizedTipPosition": [-147.843, 137.705, -14.0334], "timeVisible": 1.98588, "tipPosition": [-152.968, 139.159, -11.1875], "tipVelocity": [-4.36864, 5.65749, 0.138556], "tool": false, "touchDistance": 0.334861, "touchZone": "hovering", "type": 3, "width": 17.2336}, {"bases": [[[-0.212517, -0.964493, -0.156813], [0.923064, -0.250804, 0.291633], [-0.320607, -0.0827718, 0.943589]], [[-0.172218, -0.947423, -0.269685], [0.954293, -0.228353, 0.192819], [-0.244265, -0.224152, 0.943446]], [[-0.172218, -0.947423, -0.269685], [0.984491, -0.174835, -0.0144792], [-0.0334323, -0.267996, 0.96284]], [[-0.172218, -0.947423, -0.269685], [0.98171, -0.14252, -0.126226], [0.0811541, -0.286491, 0.95464]]], "btipPosition": [-148.039, 117.949, 0.959153], "carpPosition": [-124.152, 97.686, 111.107], "dipPosition": [-149.266, 113.617, 15.3943], "direction": [-0.0334323, 0.267996, -0.96284], "extended": true, "handId": 765, "id": 7654, "length": 44.3107, "mcpPosition": [-141.116, 102.066, 61.1795], "pipPosition": [-148.693, 109.019, 31.9147], "stabilizedTipPosition": [-142.177, 116.736, 1.9754], "timeVisible": 1.98588, "tipPosition": [-148.906, 116.119, 4.35225], "tipVelocity": [-3.32286, 6.11261, 0.0295368], "tool": false, "touchDistance": 0.335697, "touchZone": "hovering", "type": 4, "width": 15.3082}], "r": [[0.10293, 0.361008, 0.926865], [-0.112997, 0.930026, -0.34969], [-0.98825, -0.0687393, 0.13652]], "s": 1.28661, "t": [210.339, -98.1382, -142.775], "timestamp": 747221843838}, {"currentFrameRate": 115.296, "devices": [], "gestures": [], "hands": [{"armBasis": [[0.325179, -0.77293, -0.544828], [0.903322, 0.0834411, 0.42077], [-0.279765, -0.62898, 0.725338]], "armWidth": 59.9533, "confidence": 1, "direction": [-0.374567, 0.347841, -0.85948], "elbow": [-41.1209, -56.7574, 315.864], "grabAngle": 0.232099, "grabStrength": 0, "id": 765, "palmNormal": [0.901188, -0.0814473, -0.425707], "palmPosition": [-129.973, 131.285, 79.263], "palmVelocity": [-5.69457, 2.50348, -0.0770452], "palmWidth": 83.0304, "pinchDistance": 63.1936, "pinchStrength": 0, "r": [[0.102836, 0.360943, 0.926901], [-0.112672, 0.93007, -0.349677], [-0.988296, -0.0684762, 0.136312]], "s": 1.28638, "sphereCenter": [-56.6975, 115.078, 14.6921], "sphereRadius": 104.919, "stabilizedPalmPosition": [-124.066, 132.557, 77.6146], "t": [-210.397, -98.114, -142.771], "timeVisible": 1.99448, "type": "left", "wrist": [-110.05, 98.2114, 137.155]}], "id": 1349101, "interactionBox": {"center": [0, 200, 0], "size": [235.247, 235.247, 147.751]}, "pointables": [{"bases": [[[0.966892, -0.235119, 0.0991875], [0.0813335, 0.652359, 0.753533], [-0.241876, -0.720519, 0.649884]], [[0.986626, -0.159849, 0.0318935], [0.0483959, 0.474119, 0.87913], [-0.155649, -0.865829, 0.475514]], [[0.986626, -0.159849, 0.0318935], [0.117564, 0.833388, 0.54004], [-0.112904, -0.529069, 0.841035]], [[0.986626, -0.159849, 0.0318935], [0.137505, 0.921293, 0.363748], [-0.0875278, -0.354497, 0.930951]]], "btipPosition": [-113.125, 192.919, 61.2451], "carpPosition": [-100.861, 130.377, 127.174], "dipPosition": [-111.328, 185.641, 80.3584], "direction": [-0.112904, 0.529069, -0.841035], "extended": true, "handId": 765, "id": 7650, "length": 45.7193, "mcpPosition": [-100.861, 130.377, 127.174], "pipPosition": [-107.951, 169.816, 105.514], "stabilizedTipPosition": [-105.772, 192.752, 64.7313], "timeVisible": 1.99448, "tipPosition": [-110.224, 190.647, 64.1053], "tipVelocity": [-8.95914, 4.54153, 3.00356], "tool": false, "touchDistance": 0.325065, "touchZone": "hovering", "type": 0, "width": 19.3051}, {"bases": [[[0.277875, -0.862346, -0.423254], [0.940561, 0.154676, 0.302359], [-0.195271, -0.482115, 0.85407]], [[0.203496, -0.969429, -0.137099], [0.906614, 0.133711, 0.400215], [-0.369648, -0.205738, 0.906108]], [[0.203496, -0.969429, -0.137099], [0.936728, 0.152039, 0.315317], [-0.284833, -0.19259, 0.939031]], [[0.203496, -0.969429, -0.137099], [0.951944, 0.16317, 0.259189], [-0.228895, -0.183254, 0.956046]]], "btipPosition": [-158.715, 175.303, -1.43248], "carpPosition": [-122.203, 128.353, 124.295], "dipPosition": [-155.284, 172.556, 12.8971], "direction": [-0.284833, 0.19259, -0.939031], "extended": true, "handId": 765, "id": 7651, "length": 51.5891, "mcpPosition": [-135.313, 160.719, 66.9582], "pipPosition": [-149.244, 168.473, 32.8079], "stabilizedTipPosition": [-151.935, 175.143, -0.276978], "timeVisible": 1.99448, "tipPosition": [-154.066, 177.111, 1.53274], "tipVelocity": [-7.0094, 4.89091, 1.88334], "tool": false, "touchDistance": 0.331536, "touchZone": "hovering", "type": 1, "width": 18.4403}, {"bases": [[[0.0844974, -0.933202, -0.349277], [0.969483, -0.00396325, 0.245127], [-0.230137, -0.35933, 0.904388]], [[0.04073, -0.98337, -0.176987], [0.953965, -0.0144048, 0.299571], [-0.297139, -0.181041, 0.937514]], [[0.04073, -0.98337, -0.176987], [0.982392, 0.00708775, 0.186697], [-0.182338, -0.181475, 0.966344]], [[0.04073, -0.98337, -0.176987], [0.995452, 0.024669, 0.0920176], [-0.0861213, -0.17993, 0.979902]]], "btipPosition": [-160.042, 157.292, -17.8788], "carpPosition": [-126.858, 119.267, 119.601], "dipPosition": [-158.623, 154.326, -1.72473], "direction": [-0.182338, 0.181475, -0.966344], "extended": true, "handId": 765, "id": 7652, "length": 58.7816, "mcpPosition": [-141.51, 142.144, 62.0234], "pipPosition": [-154.074, 149.799, 22.3816], "stabilizedTipPosition": [-153.791, 156.696, -16.3656], "timeVisible": 1.99448, "tipPosition": [-156.094, 160.116, -13.7053], "tipVelocity": [-6.901, 5.96829, 1.18656], "tool": false, "touchDistance": 0.334039, "touchZone": "hovering", "type": 2, "width": 18.1108}, {"bases": [[[-0.023616, -0.972937, -0.22986], [0.965212, -0.0820788, 0.248252], [-0.2604, -0.216001, 0.941029]], [[-0.0259334, -0.974822, -0.221473], [0.972697, -0.0757187, 0.219381], [-0.230627, -0.209737, 0.950169]], [[-0.0259334, -0.974822, -0.221473], [0.997592, -0.0394926, 0.057015], [-0.064326, -0.219461, 0.973498]], [[-0.0259334, -0.974822, -0.221473], [0.999414, -0.0203294, -0.0275462], [0.0223502, -0.222057, 0.974777]]], "btipPosition": [-153.89, 138.663, -15.4374], "carpPosition": [-128.769, 109.122, 115.229], "dipPosition": [-154.257, 135.023, 0.539769], "direction": [-0.064326, 0.219461, -0.973498], "extended": true, "handId": 765, "id": 7653, "length": 56.5201, "mcpPosition": [-143.654, 121.469, 61.4396], "pipPosition": [-152.694, 129.69, 24.1974], "stabilizedTipPosition": [-147.881, 137.706, -14.0196], "timeVisible": 1.99448, "tipPosition": [-153.031, 139.211, -11.1827], "tipVelocity": [-5.80501, 6.32504, 0.227993], "tool": false, "touchDistance": 0.334737, "touchZone": "hovering", "type": 3, "width": 17.2336}, {"bases": [[[-0.21275, -0.964372, -0.157239], [0.922966, -0.251165, 0.291634], [-0.320736, -0.0830808, 0.943518]], [[-0.172421, -0.947259, -0.270133], [0.954305, -0.228593, 0.192476], [-0.244075, -0.224602, 0.943388]], [[-0.172421, -0.947259, -0.270133], [0.984458, -0.175003, -0.0146911], [-0.0333577, -0.268467, 0.962711]], [[-0.172421, -0.947259, -0.270133], [0.981685, -0.14269, -0.12623], [0.0810268, -0.28695, 0.954513]]], "btipPosition": [-148.077, 118.004, 0.953553], "carpPosition": [-124.188, 97.6958, 111.092], "dipPosition": [-149.303, 113.665, 15.3868], "direction": [-0.0333577, 0.268467, -0.962711], "extended": true, "handId": 765, "id": 7654, "length": 44.3107, "mcpPosition": [-141.159, 102.092, 61.1679], "pipPosition": [-148.73, 109.059, 31.905], "stabilizedTipPosition": [-142.21, 116.738, 1.98799], "timeVisible": 1.99448, "tipPosition": [-148.959, 116.168, 4.34738], "tipVelocity": [-4.39035, 6.22283, -0.702311], "tool": false, "touchDistance": 0.33537, "touchZone": "hovering", "type": 4, "width": 15.3082}], "r": [[0.102836, 0.360943, 0.926901], [-0.112672, 0.93007, -0.349677], [-0.988296, -0.0684762, 0.136312]], "s": 1.28638, "t": [210.397, -98.114, -142.771], "timestamp": 747221852441}, {"currentFrameRate": 115.266, "devices": [], "gestures": [], "hands": [{"armBasis": [[0.324513, -0.773705, -0.544125], [0.903279, 0.082789, 0.420991], [-0.280675, -0.628113, 0.725738]], "armWidth": 59.9533, "confidence": 1, "direction": [-0.374416, 0.347885, -0.859528], "elbow": [-40.9541, -56.4986, 315.952], "grabAngle": 0.23215, "grabStrength": 0, "id": 765, "palmNormal": [0.901363, -0.0809987, -0.425422], "palmPosition": [-130.033, 131.325, 79.2501], "palmVelocity": [-6.80845, 4.58496, -1.4724], "palmWidth": 83.0304, "pinchDistance": 63.1911, "pinchStrength": 0, "r": [[0.102851, 0.360843, 0.926938], [-0.112362, 0.93013, -0.349618], [-0.98833, -0.0681941, 0.136209]], "s": 1.2862, "sphereCenter": [-56.7056, 115.135, 14.6888], "sphereRadius": 104.944, "stabilizedPalmPosition": [-124.093, 132.551, 77.6222], "t": [-210.456, -98.0819, -142.776], "timeVisible": 2.00321, "type": "left", "wrist": [-110.107, 98.2565, 137.144]}], "id": 1349102, "interactionBox": {"center": [0, 200, 0], "size": [235.247, 235.247, 147.751]}, "pointables": [{"bases": [[[0.966833, -0.235521, 0.0988109], [0.0818426, 0.652159, 0.753651], [-0.241941, -0.720568, 0.649805]], [[0.986593, -0.160143, 0.0314382], [0.0489369, 0.47407, 0.879126], [-0.15569, -0.865801, 0.475551]], [[0.986593, -0.160143, 0.0314382], [0.118048, 0.833287, 0.54009], [-0.112689, -0.529138, 0.84102]], [[0.986593, -0.160143, 0.0314382], [0.137945, 0.921238, 0.363719], [-0.0872092, -0.354506, 0.930978]]], "btipPosition": [-113.189, 192.961, 61.2401], "carpPosition": [-100.936, 130.418, 127.171], "dipPosition": [-111.399, 185.683, 80.3539], "direction": [-0.112689, 0.529138, -0.84102], "extended": true, "handId": 765, "id": 7650, "length": 45.7193, "mcpPosition": [-100.936, 130.418, 127.171], "pipPosition": [-108.028, 169.856, 105.509], "stabilizedTipPosition": [-105.814, 192.743, 64.7367], "timeVisible": 2.00321, "tipPosition": [-110.304, 190.699, 64.1141], "tipVelocity": [-7.50713, 4.7856, -0.56527], "tool": false, "touchDistance": 0.324982, "touchZone": "hovering", "type": 0, "width": 19.3051}, {"bases": [[[0.277395, -0.862361, -0.423539], [0.940723, 0.154239, 0.302077], [-0.195174, -0.482228, 0.854028]], [[0.203065, -0.969482, -0.137368], [0.906803, 0.133268, 0.399935], [-0.369423, -0.205779, 0.906191]], [[0.203065, -0.969482, -0.137368], [0.936882, 0.151593, 0.315074], [-0.284634, -0.192678, 0.939073]], [[0.203065, -0.969482, -0.137368], [0.952125, 0.162762, 0.25878], [-0.228524, -0.183341, 0.956119]]], "btipPosition": [-158.763, 175.349, -1.44567], "carpPosition": [-122.277, 128.386, 124.284], "dipPosition": [-155.338, 172.601, 12.885], "direction": [-0.284634, 0.192678, -0.939073], "extended": true, "handId": 765, "id": 7651, "length": 51.5891, "mcpPosition": [-135.38, 160.76, 66.9501], "pipPosition": [-149.303, 168.515, 32.7967], "stabilizedTipPosition": [-151.968, 175.141, -0.26522], "timeVisible": 2.00321, "tipPosition": [-154.118, 177.159, 1.52202], "tipVelocity": [-5.71336, 5.16428, -1.48309], "tool": false, "touchDistance": 0.33132, "touchZone": "hovering", "type": 1, "width": 18.4403}, {"bases": [[[0.0840135, -0.933157, -0.349512], [0.969563, -0.00439855, 0.244801], [-0.229975, -0.359441, 0.904386]], [[0.0402828, -0.983348, -0.177213], [0.954065, -0.0148425, 0.299231], [-0.296879, -0.181127, 0.93758]], [[0.0402828, -0.983348, -0.177213], [0.982433, 0.00663582, 0.186497], [-0.182216, -0.181613, 0.966341]], [[0.0402828, -0.983348, -0.177213], [0.995483, 0.0242363, 0.0917997], [-0.085976, -0.180111, 0.979882]]], "btipPosition": [-160.084, 157.341, -17.8954], "carpPosition": [-126.926, 119.299, 119.587], "dipPosition": [-158.666, 154.372, -1.74174], "direction": [-0.182216, 0.181613, -0.966341], "extended": true, "handId": 765, "id": 7652, "length": 58.7816, "mcpPosition": [-141.568, 142.183, 62.0091], "pipPosition": [-154.121, 149.842, 22.3645], "stabilizedTipPosition": [-153.827, 156.696, -16.3525], "timeVisible": 2.00321, "tipPosition": [-156.135, 160.165, -13.7206], "tipVelocity": [-4.81488, 5.57915, -1.9199], "tool": false, "touchDistance": 0.333717, "touchZone": "hovering", "type": 2, "width": 18.1108}, {"bases": [[[-0.0240754, -0.972877, -0.230068], [0.965263, -0.0825131, 0.247909], [-0.260169, -0.216108, 0.941068]], [[-0.0263864, -0.974759, -0.221696], [0.972763, -0.076128, 0.218943], [-0.230293, -0.209881, 0.950218]], [[-0.0263864, -0.974759, -0.221696], [0.997597, -0.0398888, 0.0566497], [-0.064063, -0.219669, 0.973469]], [[-0.0263864, -0.974759, -0.221696], [0.999397, -0.0207176, -0.0278572], [0.022561, -0.222298, 0.974718]]], "btipPosition": [-153.917, 138.716, -15.4573], "carpPosition": [-128.832, 109.155, 115.212], "dipPosition": [-154.287, 135.072, 0.518954], "direction": [-0.064063, 0.219669, -0.973469], "extended": true, "handId": 765, "id": 7653, "length": 56.5201, "mcpPosition": [-143.704, 121.508, 61.42], "pipPosition": [-152.73, 129.734, 24.1759], "stabilizedTipPosition": [-147.917, 137.707, -14.0063], "timeVisible": 2.00321, "tipPosition": [-153.063, 139.261, -11.2017], "tipVelocity": [-3.14719, 5.99942, -2.29906], "tool": false, "touchDistance": 0.334296, "touchZone": "hovering", "type": 3, "width": 17.2336}, {"bases": [[[-0.213182, -0.964253, -0.157381], [0.922965, -0.251593, 0.291268], [-0.320452, -0.0831644, 0.943607]], [[-0.172869, -0.947122, -0.270326], [0.954343, -0.228948, 0.191863], [-0.243609, -0.224817, 0.943458]], [[-0.172869, -0.947122, -0.270326], [0.984397, -0.175289, -0.0153574], [-0.0328398, -0.268763, 0.962646]], [[-0.172869, -0.947122, -0.270326], [0.981572, -0.142968, -0.126791], [0.0814382, -0.287263, 0.954383]]], "btipPosition": [-148.09, 118.06, 0.931387], "carpPosition": [-124.245, 97.731, 111.074], "dipPosition": [-149.321, 113.717, 15.3627], "direction": [-0.0328398, 0.268763, -0.962646], "extended": true, "handId": 765, "id": 7654, "length": 44.3107, "mcpPosition": [-141.201, 102.132, 61.1449], "pipPosition": [-148.758, 109.105, 31.8798], "stabilizedTipPosition": [-142.243, 116.74, 2.00001], "timeVisible": 2.00321, "tipPosition": [-148.987, 116.218, 4.32474], "tipVelocity": [-1.5731, 6.30757, -2.59173], "tool": false, "touchDistance": 0.334827, "touchZone": "hovering", "type": 4, "width": 15.3082}], "r": [[0.102851, 0.360843, 0.926938], [-0.112362, 0.93013, -0.349618], [-0.98833, -0.0681941, 0.136209]], "s": 1.2862, "t": [210.456, -98.0819, -142.776], "timestamp": 747221861167}, {"currentFrameRate": 115.317, "devices": [], "gestures": [], "hands": [{"armBasis": [[0.32391, -0.774416, -0.543472], [0.903202, 0.082127, 0.421284], [-0.281616, -0.627324, 0.726056]], "armWidth": 59.9533, "confidence": 1, "direction": [-0.37424, 0.347773, -0.85965], "elbow": [-40.797, -56.2497, 316.043], "grabAngle": 0.232365, "grabStrength": 0, "id": 765, "palmNormal": [0.901557, -0.0805909, -0.425088], "palmPosition": [-130.108, 131.366, 79.2561], "palmVelocity": [-8.83323, 4.78843, 0.690662], "palmWidth": 83.0304, "pinchDistance": 63.1951, "pinchStrength": 0, "r": [[0.102963, 0.360743, 0.926965], [-0.112061, 0.930191, -0.349551], [-0.988353, -0.0678856, 0.136201]], "s": 1.28607, "sphereCenter": [-56.7432, 115.186, 14.7152], "sphereRadius": 104.954, "stabilizedPalmPosition": [-124.121, 132.545, 77.6298], "t": [-210.523, -98.0453, -142.775], "timeVisible": 2.01179, "type": "left", "wrist": [-110.182, 98.3108, 137.157]}], "id": 1349103, "interactionBox": {"center": [0, 200, 0], "size": [235.247, 235.247, 147.751]}, "pointables": [{"bases": [[[0.96677, -0.235938, 0.0984341], [0.082404, 0.652083, 0.753656], [-0.242003, -0.720501, 0.649856]], [[0.986564, -0.160421, 0.0309301], [0.0495351, 0.474123, 0.879064], [-0.155685, -0.865721, 0.475699]], [[0.986564, -0.160421, 0.0309301], [0.118555, 0.833225, 0.540075], [-0.112411, -0.529151, 0.841049]], [[0.986564, -0.160421, 0.0309301], [0.138391, 0.921198, 0.363651], [-0.0868299, -0.354485, 0.931022]]], "btipPosition": [-113.266, 193.008, 61.2484], "carpPosition": [-101.03, 130.469, 127.188], "dipPosition": [-111.484, 185.73, 80.3631], "direction": [-0.112411, 0.529151, -0.841049], "extended": true, "handId": 765, "id": 7650, "length": 45.7193, "mcpPosition": [-101.03, 130.469, 127.188], "pipPosition": [-108.121, 169.903, 105.519], "stabilizedTipPosition": [-105.856, 192.735, 64.7421], "timeVisible": 2.01179, "tipPosition": [-110.403, 190.75, 64.1327], "tipVelocity": [-9.19468, 5.50159, 0.991921], "tool": false, "touchDistance": 0.325124, "touchZone": "hovering", "type": 0, "width": 19.3051}, {"bases": [[[0.276868, -0.862456, -0.423691], [0.940902, 0.153821, 0.301732], [-0.195058, -0.482192, 0.854075]], [[0.202596, -0.969564, -0.137483], [0.906989, 0.13285, 0.399651], [-0.369223, -0.205663, 0.906299]], [[0.202596, -0.969564, -0.137483], [0.937053, 0.151168, 0.31477], [-0.284407, -0.1926, 0.939158]], [[0.202596, -0.969564, -0.137483], [0.952319, 0.162364, 0.258314], [-0.22813, -0.183261, 0.956228]]], "btipPosition": [-158.829, 175.381, -1.44762], "carpPosition": [-122.368, 128.428, 124.293], "dipPosition": [-155.409, 172.634, 12.8847], "direction": [-0.284407, 0.1926, -0.939158], "extended": true, "handId": 765, "id": 7651, "length": 51.5891, "mcpPosition": [-135.463, 160.799, 66.9556], "pipPosition": [-149.379, 168.55, 32.7982], "stabilizedTipPosition": [-152.001, 175.139, -0.253633], "timeVisible": 2.01179, "tipPosition": [-154.185, 177.194, 1.52149], "tipVelocity": [-7.78541, 3.79501, -0.18307], "tool": false, "touchDistance": 0.331294, "touchZone": "hovering", "type": 1, "width": 18.4403}, {"bases": [[[0.0834844, -0.933174, -0.349596], [0.969653, -0.00482536, 0.244436], [-0.229788, -0.359393, 0.904452]], [[0.0397904, -0.98336, -0.177257], [0.954166, -0.0152671, 0.298887], [-0.296619, -0.181025, 0.937682]], [[0.0397904, -0.98336, -0.177257], [0.982505, 0.0062046, 0.186131], [-0.181934, -0.181562, 0.966403]], [[0.0397904, -0.98336, -0.177257], [0.995533, 0.0238147, 0.0913606], [-0.085619, -0.1801, 0.979915]]], "btipPosition": [-160.134, 157.373, -17.8996], "carpPosition": [-127.012, 119.339, 119.593], "dipPosition": [-158.722, 154.404, -1.74541], "direction": [-0.181934, 0.181562, -0.966403], "extended": true, "handId": 765, "id": 7652, "length": 58.7816, "mcpPosition": [-141.642, 142.22, 62.0113], "pipPosition": [-154.184, 149.874, 22.3624], "stabilizedTipPosition": [-153.862, 156.696, -16.3398], "timeVisible": 2.01179, "tipPosition": [-156.188, 160.2, -13.723], "tipVelocity": [-5.99206, 3.66503, -0.476232], "tool": false, "touchDistance": 0.333618, "touchZone": "hovering", "type": 2, "width": 18.1108}, {"bases": [[[-0.0245765, -0.972854, -0.230113], [0.965321, -0.0829383, 0.247542], [-0.259907, -0.216049, 0.941154]], [[-0.0268894, -0.974738, -0.221725], [0.972832, -0.0765384, 0.218496], [-0.229947, -0.209826, 0.950314]], [[-0.0268894, -0.974738, -0.221725], [0.997615, -0.0402736, 0.0560648], [-0.0635781, -0.219689, 0.973496]], [[-0.0268894, -0.974738, -0.221725], [0.999372, -0.0210886, -0.0284884], [0.0230929, -0.222352, 0.974693]]], "btipPosition": [-153.948, 138.751, -15.461], "carpPosition": [-128.912, 109.194, 115.217], "dipPosition": [-154.326, 135.107, 0.514769], "direction": [-0.0635781, 0.219689, -0.973496], "extended": true, "handId": 765, "id": 7653, "length": 56.5201, "mcpPosition": [-143.769, 121.544, 61.4202], "pipPosition": [-152.781, 129.768, 24.1724], "stabilizedTipPosition": [-147.953, 137.708, -13.9933], "timeVisible": 2.01179, "tipPosition": [-153.109, 139.297, -11.2044], "tipVelocity": [-3.82748, 4.1117, -0.451016], "tool": false, "touchDistance": 0.334142, "touchZone": "hovering", "type": 3, "width": 17.2336}, {"bases": [[[-0.213652, -0.964154, -0.157355], [0.922967, -0.252002, 0.290907], [-0.320133, -0.0830804, 0.943723]], [[-0.173365, -0.947028, -0.270336], [0.954365, -0.22932, 0.191312], [-0.243171, -0.224833, 0.943567]], [[-0.173365, -0.947028, -0.270336], [0.984333, -0.175575, -0.0161813], [-0.0321403, -0.268906, 0.96263]], [[-0.173365, -0.947028, -0.270336], [0.981432, -0.143251, -0.127558], [0.0820746, -0.287431, 0.954278]]], "btipPosition": [-148.111, 118.103, 0.929972], "carpPosition": [-124.319, 97.7729, 111.08], "dipPosition": [-149.352, 113.757, 15.3597], "direction": [-0.0321403, 0.268906, -0.96263], "extended": true, "handId": 765, "id": 7654, "length": 44.3107, "mcpPosition": [-141.258, 102.169, 61.145], "pipPosition": [-148.801, 109.143, 31.8765], "stabilizedTipPosition": [-142.275, 116.742, 2.01179], "timeVisible": 2.01179, "tipPosition": [-149.027, 116.256, 4.32261], "tipVelocity": [-2.7483, 4.92002, -0.207319], "tool": false, "touchDistance": 0.334651, "touchZone": "hovering", "type": 4, "width": 15.3082}], "r": [[0.102963, 0.360743, 0.926965], [-0.112061, 0.930191, -0.349551], [-0.988353, -0.0678856, 0.136201]], "s": 1.28607, "t": [210.523, -98.0453, -142.775], "timestamp": 747221869752}, {"currentFrameRate": 115.283, "devices": [], "gestures": [], "hands": [{"armBasis": [[0.323582, -0.775147, -0.542625], [0.903063, 0.0818189, 0.421642], [-0.282438, -0.626461, 0.726482]], "armWidth": 59.9533, "confidence": 1, "direction": [-0.374043, 0.34774, -0.859749], "elbow": [-40.6463, -55.9981, 316.154], "grabAngle": 0.232585, "grabStrength": 0, "id": 765, "palmNormal": [0.901675, -0.0805225, -0.424852], "palmPosition": [-130.157, 131.394, 79.2547], "palmVelocity": [-5.52335, 3.20716, -0.156659], "palmWidth": 83.0304, "pinchDistance": 63.2007, "pinchStrength": 0, "r": [[0.103107, 0.360662, 0.92698], [-0.111824, 0.930242, -0.349493], [-0.988364, -0.0676233, 0.136245]], "s": 1.28598, "sphereCenter": [-56.8441, 115.18, 14.7429], "sphereRadius": 104.9, "stabilizedPalmPosition": [-124.15, 132.54, 77.6376], "t": [-210.581, -98.013, -142.776], "timeVisible": 2.02052, "type": "left", "wrist": [-110.233, 98.3499, 137.163]}], "id": 1349104, "interactionBox": {"center": [0, 200, 0], "size": [235.247, 235.247, 147.751]}, "pointables": [{"bases": [[[0.966777, -0.236013, 0.0981827], [0.0826519, 0.65208, 0.753632], [-0.24189, -0.720479, 0.649923]], [[0.986605, -0.160258, 0.0304612], [0.0499085, 0.474318, 0.878938], [-0.155305, -0.865644, 0.475963]], [[0.986605, -0.160258, 0.0304612], [0.118688, 0.833307, 0.539919], [-0.11191, -0.529072, 0.841165]], [[0.986605, -0.160258, 0.0304612], [0.138429, 0.921289, 0.363407], [-0.0863026, -0.354322, 0.931132]]], "btipPosition": [-113.284, 193.029, 61.2368], "carpPosition": [-101.09, 130.499, 127.194], "dipPosition": [-111.512, 185.755, 80.3538], "direction": [-0.11191, 0.529072, -0.841165], "extended": true, "handId": 765, "id": 7650, "length": 45.7193, "mcpPosition": [-101.09, 130.499, 127.194], "pipPosition": [-108.165, 169.93, 105.513], "stabilizedTipPosition": [-105.896, 192.727, 64.7472], "timeVisible": 2.02052, "tipPosition": [-110.457, 190.781, 64.1395], "tipVelocity": [-2.30093, 2.52637, -1.26289], "tool": false, "touchDistance": 0.324941, "touchZone": "hovering", "type": 0, "width": 19.3051}, {"bases": [[[0.27669, -0.862479, -0.423759], [0.940993, 0.153749, 0.301486], [-0.194872, -0.482173, 0.854128]], [[0.202473, -0.969588, -0.137493], [0.907054, 0.132758, 0.399536], [-0.369132, -0.205608, 0.906348]], [[0.202473, -0.969588, -0.137493], [0.937121, 0.15108, 0.31461], [-0.284269, -0.192547, 0.939211]], [[0.202473, -0.969588, -0.137493], [0.952425, 0.162309, 0.257957], [-0.227796, -0.183181, 0.956323]]], "btipPosition": [-158.865, 175.404, -1.45493], "carpPosition": [-122.428, 128.456, 124.294], "dipPosition": [-155.45, 172.658, 12.8788], "direction": [-0.284269, 0.192547, -0.939211], "extended": true, "handId": 765, "id": 7651, "length": 51.5891, "mcpPosition": [-135.511, 160.827, 66.9527], "pipPosition": [-149.423, 168.576, 32.7934], "stabilizedTipPosition": [-152.035, 175.137, -0.24205], "timeVisible": 2.02052, "tipPosition": [-154.218, 177.219, 1.51375], "tipVelocity": [-4.25141, 2.68092, -0.799611], "tool": false, "touchDistance": 0.331178, "touchZone": "hovering", "type": 1, "width": 18.4403}, {"bases": [[[0.0833201, -0.933182, -0.349613], [0.969717, -0.00489997, 0.244183], [-0.22958, -0.359371, 0.904514]], [[0.0396593, -0.98337, -0.177231], [0.954217, -0.0153544, 0.298721], [-0.296474, -0.180964, 0.937739]], [[0.0396593, -0.98337, -0.177231], [0.982544, 0.00611602, 0.185931], [-0.181755, -0.181511, 0.966447]], [[0.0396593, -0.98337, -0.177231], [0.995559, 0.0237322, 0.0910992], [-0.0853781, -0.180057, 0.979944]]], "btipPosition": [-160.164, 157.395, -17.9081], "carpPosition": [-127.07, 119.368, 119.593], "dipPosition": [-158.756, 154.427, -1.75336], "direction": [-0.181755, 0.181511, -0.966447], "extended": true, "handId": 765, "id": 7652, "length": 58.7816, "mcpPosition": [-141.686, 142.247, 62.0069], "pipPosition": [-154.222, 149.899, 22.3555], "stabilizedTipPosition": [-153.897, 156.696, -16.3272], "timeVisible": 2.02052, "tipPosition": [-156.216, 160.224, -13.7315], "tipVelocity": [-3.53945, 2.58812, -0.953273], "tool": false, "touchDistance": 0.333464, "touchZone": "hovering", "type": 2, "width": 18.1108}, {"bases": [[[-0.0247127, -0.972853, -0.230102], [0.965379, -0.0830126, 0.24729], [-0.259678, -0.216024, 0.941223]], [[-0.0270266, -0.97474, -0.221702], [0.9729, -0.0765978, 0.21817], [-0.229641, -0.209798, 0.950395]], [[-0.0270266, -0.97474, -0.221702], [0.997641, -0.0403015, 0.0555728], [-0.0631039, -0.219677, 0.97353]], [[-0.0270266, -0.97474, -0.221702], [0.999356, -0.0211094, -0.0290165], [0.0236035, -0.222344, 0.974683]]], "btipPosition": [-153.959, 138.777, -15.4697], "carpPosition": [-128.968, 109.223, 115.216], "dipPosition": [-154.346, 135.132, 0.505922], "direction": [-0.0631039, 0.219677, -0.97353], "extended": true, "handId": 765, "id": 7653, "length": 56.5201, "mcpPosition": [-143.811, 121.571, 61.4154], "pipPosition": [-152.812, 129.794, 24.1643], "stabilizedTipPosition": [-147.987, 137.709, -13.9808], "timeVisible": 2.02052, "tipPosition": [-153.135, 139.321, -11.2123], "tipVelocity": [-1.47122, 2.90234, -0.998281], "tool": false, "touchDistance": 0.33393, "touchZone": "hovering", "type": 3, "width": 17.2336}, {"bases": [[[-0.213768, -0.964138, -0.157294], [0.923023, -0.252073, 0.290667], [-0.319893, -0.0830508, 0.943807]], [[-0.173514, -0.947018, -0.270276], [0.954471, -0.229326, 0.190774], [-0.242648, -0.224869, 0.943693]], [[-0.173514, -0.947018, -0.270276], [0.984333, -0.175499, -0.0169988], [-0.0313352, -0.268991, 0.962633]], [[-0.173514, -0.947018, -0.270276], [0.981345, -0.143191, -0.128287], [0.0827887, -0.287494, 0.954198]]], "btipPosition": [-148.111, 118.134, 0.923101], "carpPosition": [-124.373, 97.8015, 111.08], "dipPosition": [-149.363, 113.786, 15.3516], "direction": [-0.0313352, 0.268991, -0.962633], "extended": true, "handId": 765, "id": 7654, "length": 44.3107, "mcpPosition": [-141.299, 102.196, 61.1408], "pipPosition": [-148.826, 109.171, 31.8684], "stabilizedTipPosition": [-142.307, 116.744, 2.02344], "timeVisible": 2.02052, "tipPosition": [-149.054, 116.284, 4.31625], "tipVelocity": [-0.328456, 3.47814, -0.819021], "tool": false, "touchDistance": 0.334412, "touchZone": "hovering", "type": 4, "width": 15.3082}], "r": [[0.103107, 0.360662, 0.92698], [-0.111824, 0.930242, -0.349493], [-0.988364, -0.0676233, 0.136245]], "s": 1.28598, "t": [210.581, -98.013, -142.776], "timestamp": 747221878484}, {"currentFrameRate": 115.286, "devices": [], "gestures": [], "hands": [{"armBasis": [[0.323561, -0.775845, -0.541639], [0.902821, 0.0817893, 0.422166], [-0.283235, -0.6256, 0.726913]], "armWidth": 59.9533, "confidence": 1, "direction": [-0.374124, 0.3477, -0.85973], "elbow": [-40.5007, -55.7456, 316.273], "grabAngle": 0.232939, "grabStrength": 0, "id": 765, "palmNormal": [0.901608, -0.0806578, -0.424967], "palmPosition": [-130.219, 131.422, 79.2639], "palmVelocity": [-7.20497, 3.22795, 1.0638], "palmWidth": 83.0304, "pinchDistance": 63.1887, "pinchStrength": 0, "r": [[0.103189, 0.360617, 0.926988], [-0.111645, 0.930273, -0.349467], [-0.988376, -0.0674319, 0.136255]], "s": 1.28584, "sphereCenter": [-56.6272, 115.151, 14.6679], "sphereRadius": 105.153, "stabilizedPalmPosition": [-124.179, 132.535, 77.6452], "t": [-210.641, -97.9828, -142.771], "timeVisible": 2.02919, "type": "left", "wrist": [-110.285, 98.3903, 137.175]}], "id": 1349105, "interactionBox": {"center": [0, 200, 0], "size": [235.247, 235.247, 147.751]}, "pointables": [{"bases": [[[0.966789, -0.235901, 0.0983367], [0.0824797, 0.652159, 0.753582], [-0.241902, -0.720444, 0.649957]], [[0.986628, -0.160096, 0.0305625], [0.0498012, 0.474666, 0.878756], [-0.155192, -0.865483, 0.476292]], [[0.986628, -0.160096, 0.0305625], [0.118543, 0.833554, 0.539569], [-0.111858, -0.528731, 0.841387]], [[0.986628, -0.160096, 0.0305625], [0.138291, 0.92152, 0.362873], [-0.0862584, -0.353794, 0.931337]]], "btipPosition": [-113.332, 193.03, 61.2163], "carpPosition": [-101.146, 130.529, 127.199], "dipPosition": [-111.561, 185.767, 80.3375], "direction": [-0.111858, 0.528731, -0.841387], "extended": true, "handId": 765, "id": 7650, "length": 45.7193, "mcpPosition": [-101.146, 130.529, 127.199], "pipPosition": [-108.216, 169.952, 105.504], "stabilizedTipPosition": [-105.935, 192.72, 64.752], "timeVisible": 2.02919, "tipPosition": [-110.52, 190.806, 64.1435], "tipVelocity": [-5.60728, 0.402747, -2.25218], "tool": false, "touchDistance": 0.324615, "touchZone": "hovering", "type": 0, "width": 19.3051}, {"bases": [[[0.276839, -0.86249, -0.423641], [0.940935, 0.153877, 0.3016], [-0.194938, -0.482114, 0.854146]], [[0.202564, -0.969601, -0.137267], [0.907034, 0.132932, 0.399523], [-0.369131, -0.205435, 0.906388]], [[0.202564, -0.969601, -0.137267], [0.937114, 0.151245, 0.314551], [-0.284228, -0.192352, 0.939263]], [[0.202564, -0.969601, -0.137267], [0.952436, 0.162479, 0.257811], [-0.227671, -0.182962, 0.956395]]], "btipPosition": [-158.923, 175.417, -1.4514], "carpPosition": [-122.485, 128.488, 124.302], "dipPosition": [-155.51, 172.675, 12.8834], "direction": [-0.284228, 0.192352, -0.939263], "extended": true, "handId": 765, "id": 7651, "length": 51.5891, "mcpPosition": [-135.572, 160.854, 66.9599], "pipPosition": [-149.484, 168.597, 32.7992], "stabilizedTipPosition": [-152.069, 175.135, -0.23058], "timeVisible": 2.02919, "tipPosition": [-154.29, 177.24, 1.5223], "tipVelocity": [-6.76762, 1.63755, 0.435407], "tool": false, "touchDistance": 0.33124, "touchZone": "hovering", "type": 1, "width": 18.4403}, {"bases": [[[0.0834669, -0.933206, -0.349515], [0.969684, -0.00477424, 0.244316], [-0.229665, -0.359311, 0.904516]], [[0.0397756, -0.983391, -0.177085], [0.954235, -0.0151873, 0.298671], [-0.2964, -0.180861, 0.937783]], [[0.0397756, -0.983391, -0.177085], [0.982565, 0.00628133, 0.185815], [-0.181617, -0.181389, 0.966496]], [[0.0397756, -0.983391, -0.177085], [0.995562, 0.0238756, 0.0910299], [-0.08529, -0.17992, 0.979977]]], "btipPosition": [-160.219, 157.413, -17.9019], "carpPosition": [-127.128, 119.399, 119.603], "dipPosition": [-158.813, 154.447, -1.74663], "direction": [-0.181617, 0.181389, -0.966496], "extended": true, "handId": 765, "id": 7652, "length": 58.7816, "mcpPosition": [-141.75, 142.275, 62.0167], "pipPosition": [-154.283, 149.922, 22.3635], "stabilizedTipPosition": [-153.932, 156.696, -16.3148], "timeVisible": 2.02919, "tipPosition": [-156.292, 160.242, -13.7219], "tipVelocity": [-6.4568, 2.12771, 0.728798], "tool": false, "touchDistance": 0.333546, "touchZone": "hovering", "type": 2, "width": 18.1108}, {"bases": [[[-0.024578, -0.972877, -0.230015], [0.965354, -0.082887, 0.24743], [-0.259784, -0.215964, 0.941208]], [[-0.0268995, -0.974769, -0.221591], [0.972952, -0.0764075, 0.218004], [-0.229435, -0.209733, 0.950459]], [[-0.0268995, -0.974769, -0.221591], [0.997667, -0.040094, 0.0552623], [-0.0627524, -0.219587, 0.973573]], [[-0.0268995, -0.974769, -0.221591], [0.999354, -0.0209344, -0.0292249], [0.0238486, -0.222233, 0.974702]]], "btipPosition": [-154.004, 138.798, -15.4616], "carpPosition": [-129.028, 109.254, 115.227], "dipPosition": [-154.395, 135.155, 0.51437], "direction": [-0.0627524, 0.219587, -0.973573], "extended": true, "handId": 765, "id": 7653, "length": 56.5201, "mcpPosition": [-143.877, 121.599, 61.4274], "pipPosition": [-152.87, 129.819, 24.1738], "stabilizedTipPosition": [-148.022, 137.711, -13.9685], "timeVisible": 2.02919, "tipPosition": [-153.21, 139.341, -11.2018], "tipVelocity": [-5.33365, 2.49701, 0.946543], "tool": false, "touchDistance": 0.333994, "touchZone": "hovering", "type": 3, "width": 17.2336}, {"bases": [[[-0.213644, -0.964175, -0.157234], [0.92301, -0.251948, 0.290817], [-0.320013, -0.0829968, 0.943771]], [[-0.17337, -0.947058, -0.270229], [0.954587, -0.229096, 0.190469], [-0.242293, -0.224936, 0.943768]], [[-0.17337, -0.947058, -0.270229], [0.984378, -0.175192, -0.0175554], [-0.0307161, -0.269051, 0.962636]], [[-0.17337, -0.947058, -0.270229], [0.981331, -0.142924, -0.128692], [0.0832568, -0.287496, 0.954156]]], "btipPosition": [-148.151, 118.164, 0.934803], "carpPosition": [-124.434, 97.8318, 111.092], "dipPosition": [-149.41, 113.817, 15.3626], "direction": [-0.0307161, 0.269051, -0.962636], "extended": true, "handId": 765, "id": 7654, "length": 44.3107, "mcpPosition": [-141.367, 102.223, 61.1543], "pipPosition": [-148.883, 109.201, 31.8796], "stabilizedTipPosition": [-142.339, 116.746, 2.03485], "timeVisible": 2.02919, "tipPosition": [-149.126, 116.309, 4.32929], "tipVelocity": [-4.72448, 3.52932, 1.33307], "tool": false, "touchDistance": 0.334477, "touchZone": "hovering", "type": 4, "width": 15.3082}], "r": [[0.103189, 0.360617, 0.926988], [-0.111645, 0.930273, -0.349467], [-0.988376, -0.0674319, 0.136255]], "s": 1.28584, "t": [210.641, -97.9828, -142.771], "timestamp": 747221887154}, {"currentFrameRate": 114.648, "devices": [], "gestures": [], "hands": [{"armBasis": [[0.323391, -0.77664, -0.5406], [0.902638, 0.0817127, 0.422573], [-0.284013, -0.624622, 0.72745]], "armWidth": 59.9533, "confidence": 1, "direction": [-0.374354, 0.347692, -0.859633], "elbow": [-40.338, -55.4763, 316.391], "grabAngle": 0.233308, "grabStrength": 0, "id": 765, "palmNormal": [0.901497, -0.0806497, -0.425205], "palmPosition": [-130.269, 131.439, 79.2507], "palmVelocity": [-5.06938, 1.76487, -1.34503], "palmWidth": 83.0304, "pinchDistance": 63.1838, "pinchStrength": 0, "r": [[0.103207, 0.360582, 0.927], [-0.111481, 0.930298, -0.349453], [-0.988393, -0.0672765, 0.136211]], "s": 1.2857, "sphereCenter": [-56.5876, 115.126, 14.6035], "sphereRadius": 105.249, "stabilizedPalmPosition": [-124.211, 132.529, 77.6536], "t": [-210.696, -97.9591, -142.776], "timeVisible": 2.039, "type": "left", "wrist": [-110.313, 98.4188, 137.161]}], "id": 1349106, "interactionBox": {"center": [0, 200, 0], "size": [235.247, 235.247, 147.751]}, "pointables": [{"bases": [[[0.96676, -0.235912, 0.0985923], [0.0822884, 0.652161, 0.753601], [-0.242081, -0.720439, 0.649896]], [[0.986637, -0.16001, 0.0307372], [0.0496422, 0.474883, 0.878648], [-0.155189, -0.86538, 0.47648]], [[0.986637, -0.16001, 0.0307372], [0.118409, 0.833724, 0.539336], [-0.111926, -0.52849, 0.841529]], [[0.986637, -0.16001, 0.0307372], [0.138196, 0.921737, 0.362357], [-0.0863124, -0.353267, 0.931532]]], "btipPosition": [-113.372, 193.026, 61.1787], "carpPosition": [-101.184, 130.546, 127.178], "dipPosition": [-111.6, 185.773, 80.3039], "direction": [-0.111926, 0.52849, -0.841529], "extended": 