{"frames": 95, "data": [{"currentFrameRate": 112.369, "devices": [], "gestures": [], "hands": [{"armBasis": [[0.639091, 0.673194, -0.371985], [-0.351145, 0.685677, 0.637608], [0.684295, -0.276869, 0.674599]], "armWidth": 63.1273, "confidence": 1, "direction": [0.62771, 0.226115, -0.744884], "elbow": [-154.871, 67.9502, 316.252], "grabAngle": 0.141658, "grabStrength": 0, "id": 786, "palmNormal": [-0.415654, -0.711703, -0.566313], "palmPosition": [69.6586, 148.092, 90.3837], "palmVelocity": [-26.1717, -11.7948, -17.5098], "palmWidth": 86.5053, "pinchDistance": 42.2688, "pinchStrength": 0, "r": [[0.970335, -0.22113, -0.0977357], [0.2288, 0.970524, 0.0757199], [0.0781108, -0.0958356, 0.992328]], "s": 1.01866, "sphereCenter": [-20.8846, -5.5738, -32.2483], "sphereRadius": 219.211, "stabilizedPalmPosition": [70.2087, 148.487, 91.4496], "t": [-8.19475, 24.7001, 1.36768], "timeVisible": 4.11906, "type": "left", "wrist": [20.8594, 139.052, 143.012]}], "id": 1357876, "interactionBox": {"center": [0, 200, 0], "size": [235.247, 235.247, 147.751]}, "pointables": [{"bases": [[[-0.229406, 0.948321, 0.219226], [-0.470619, -0.305225, 0.827862], [0.851992, 0.0867446, 0.516319]], [[-0.324953, 0.93227, 0.158991], [-0.444224, -0.298878, 0.844593], [0.834907, 0.203826, 0.511258]], [[-0.324953, 0.93227, 0.158991], [-0.817808, -0.361431, 0.447836], [0.474969, 0.0155015, 0.879866]], [[-0.324953, 0.93227, 0.158991], [-0.940041, -0.336813, 0.0536603], [0.103576, -0.132021, 0.985821]]], "btipPosition": [102.735, 110.834, 61.2613], "carpPosition": [45.8886, 118.145, 134.583], "dipPosition": [100.495, 107.979, 82.5841], "direction": [0.474968, -0.0155015, -0.879866], "extended": false, "handId": 786, "id": 7860, "length": 48.1657, "mcpPosition": [45.8886, 118.145, 134.583], "pipPosition": [85.5285, 108.467, 110.31], "stabilizedTipPosition": [103.685, 111.179, 67.8169], "timeVisible": 4.11906, "tipPosition": [104.288, 107.728, 66.538], "tipVelocity": [-50.3908, -25.8277, -48.5914], "tool": false, "touchDistance": 0.250466, "touchZone": "hovering", "type": 0, "width": 20.4134}, {"bases": [[[0.543451, 0.693618, -0.472817], [-0.519242, 0.72033, 0.459905], [0.659583, -0.00442944, 0.751619]], [[0.691428, 0.670365, -0.269329], [-0.564045, 0.733858, 0.378557], [0.45142, -0.109831, 0.885526]], [[0.691428, 0.670365, -0.269329], [-0.590793, 0.739232, 0.323265], [0.415802, -0.064397, 0.907172]], [[0.691428, 0.670365, -0.269329], [-0.60599, 0.741128, 0.288971], [0.393324, -0.0365924, 0.918672]]], "btipPosition": [134.535, 145.471, 12.303], "carpPosition": [54.9786, 138.784, 134.805], "dipPosition": [128.324, 144.893, 26.8092], "direction": [0.415802, 0.064397, -0.907172], "extended": true, "handId": 786, "id": 7861, "length": 54.3496, "mcpPosition": [101.112, 139.094, 82.2341], "pipPosition": [119.036, 143.455, 47.0738], "stabilizedTipPosition": [133.643, 145.505, 16.002], "timeVisible": 4.11906, "tipPosition": [129.986, 142.435, 13.1351], "tipVelocity": [-41.7241, -9.22647, -20.1333], "tool": false, "touchDistance": 0.307466, "touchZone": "hovering", "type": 1, "width": 19.4989}, {"bases": [[[0.708068, 0.553612, -0.438352], [-0.405283, 0.826952, 0.389739], [0.57826, -0.0983053, 0.809908]], [[0.747389, 0.545222, -0.37966], [-0.440295, 0.834407, 0.33152], [0.497543, -0.080612, 0.863685]], [[0.747389, 0.545222, -0.37966], [-0.454828, 0.836427, 0.305812], [0.484294, -0.0558806, 0.873119]], [[0.747389, 0.545222, -0.37966], [-0.457495, 0.836723, 0.300988], [0.481776, -0.0512629, 0.874794]]], "btipPosition": [131.504, 160.462, -0.68385], "carpPosition": [49.8893, 147.992, 129.65], "dipPosition": [123.136, 159.572, 14.5091], "direction": [0.484294, 0.0558806, -0.873119], "extended": true, "handId": 786, "id": 7862, "length": 61.927, "mcpPosition": [88.2449, 154.512, 75.9295], "pipPosition": [110.409, 158.103, 37.4553], "stabilizedTipPosition": [129.958, 160.305, 2.99949], "timeVisible": 4.11906, "tipPosition": [128.049, 158.033, 0.273889], "tipVelocity": [-44.9169, -5.29474, -17.5127], "tool": false, "touchDistance": 0.317018, "touchZone": "hovering", "type": 2, "width": 19.1505}, {"bases": [[[0.81397, 0.469187, -0.342514], [-0.335019, 0.860837, 0.383044], [0.474568, -0.197038, 0.857882]], [[0.750781, 0.489529, -0.443497], [-0.37605, 0.868738, 0.322305], [0.54306, -0.0752038, 0.836319]], [[0.750781, 0.489529, -0.443497], [-0.394635, 0.870822, 0.293144], [0.529709, -0.0450677, 0.846981]], [[0.750781, 0.489529, -0.443497], [-0.394635, 0.870822, 0.293144], [0.529709, -0.0450677, 0.846981]]], "btipPosition": [115.845, 171.987, 2.32345], "carpPosition": [42.4501, 155.216, 124.256], "dipPosition": [106.698, 171.209, 16.9488], "direction": [0.529709, 0.0450677, -0.846981], "extended": true, "handId": 786, "id": 7863, "length": 59.5444, "mcpPosition": [70.7119, 166.95, 73.1671], "pipPosition": [93.1363, 170.055, 38.6333], "stabilizedTipPosition": [114.155, 171.874, 5.87504], "timeVisible": 4.11906, "tipPosition": [111.957, 169.765, 3.19399], "tipVelocity": [-49.2002, -7.38702, -17.4592], "tool": false, "touchDistance": 0.294725, "touchZone": "hovering", "type": 3, "width": 18.2229}, {"bases": [[[0.907516, 0.294501, -0.299472], [-0.161086, 0.90252, 0.399385], [0.387898, -0.314207, 0.866492]], [[0.758949, 0.371967, -0.53445], [-0.215051, 0.917909, 0.333461], [0.614613, -0.138146, 0.776638]], [[0.758949, 0.371967, -0.53445], [-0.250426, 0.924388, 0.287737], [0.601068, -0.0845378, 0.794714]], [[0.758949, 0.371967, -0.53445], [-0.260534, 0.925684, 0.274284], [0.596756, -0.0689251, 0.799457]]], "btipPosition": [92.4961, 181.635, 17.6544], "carpPosition": [30.6561, 157.173, 117.902], "dipPosition": [82.9897, 180.537, 30.3899], "direction": [0.601068, 0.0845378, -0.794714], "extended": true, "handId": 786, "id": 7864, "length": 46.6817, "mcpPosition": [52.0399, 174.495, 70.1348], "pipPosition": [72.1247, 179.009, 44.7552], "stabilizedTipPosition": [90.8181, 181.579, 20.8395], "timeVisible": 4.11906, "tipPosition": [88.1644, 178.466, 18.3962], "tipVelocity": [-48.1544, -17.3947, -17.2999], "tool": false, "touchDistance": 0.283663, "touchZone": "hovering", "type": 4, "width": 16.187}], "r": [[0.970335, -0.22113, -0.0977357], [0.2288, 0.970524, 0.0757199], [0.0781108, -0.0958356, 0.992328]], "s": 1.01866, "t": [8.19475, 24.7001, 1.36768], "timestamp": 747299240919}, {"currentFrameRate": 112.176, "devices": [], "gestures": [], "hands": [{"armBasis": [[0.641569, 0.672466, -0.369024], [-0.352462, 0.685732, 0.636822], [0.681293, -0.278498, 0.676963]], "armWidth": 63.1112, "confidence": 1, "direction": [0.626563, 0.225963, -0.745895], "elbow": [-154.178, 67.447, 316.732], "grabAngle": 0.143271, "grabStrength": 0, "id": 786, "palmNormal": [-0.416681, -0.711661, -0.56561], "palmPosition": [69.3799, 147.979, 90.2651], "palmVelocity": [-30.1243, -12.275, -12.8185], "palmWidth": 86.4715, "pinchDistance": 42.8448, "pinchStrength": 0, "r": [[0.970399, -0.221501, -0.0962454], [0.229009, 0.970493, 0.0754815], [0.0766863, -0.0952882, 0.992492]], "s": 1.01818, "sphereCenter": [-21.3391, -3.5535, -31.736], "sphereRadius": 217.388, "stabilizedPalmPosition": [70.0866, 148.412, 91.2751], "t": [-8.43283, 24.598, 1.22071], "timeVisible": 4.12831, "type": "left", "wrist": [20.705, 138.935, 142.961]}], "id": 1357877, "interactionBox": {"center": [0, 200, 0], "size": [235.247, 235.247, 147.751]}, "pointables": [{"bases": [[[-0.229922, 0.948293, 0.218807], [-0.471883, -0.305262, 0.827129], [0.851154, 0.086924, 0.517669]], [[-0.328125, 0.931562, 0.156607], [-0.449278, -0.299735, 0.841611], [0.830953, 0.205793, 0.516881]], [[-0.328125, 0.931562, 0.156607], [-0.818533, -0.363142, 0.445119], [0.471527, 0.0178666, 0.881671]], [[-0.328125, 0.931562, 0.156607], [-0.939196, -0.339485, 0.0515823], [0.101218, -0.130159, 0.986313]]], "btipPosition": [102.157, 110.535, 60.8712], "carpPosition": [45.6855, 118.051, 134.485], "dipPosition": [99.9688, 107.722, 82.1907], "direction": [0.471527, -0.0178666, -0.881671], "extended": false, "handId": 786, "id": 7860, "length": 48.1342, "mcpPosition": [45.6855, 118.051, 134.485], "pipPosition": [85.1202, 108.285, 109.955], "stabilizedTipPosition": [103.211, 110.878, 67.34], "timeVisible": 4.12831, "tipPosition": [103.909, 107.662, 66.3523], "tipVelocity": [-61.2656, -31.2873, -42.2553], "tool": false, "touchDistance": 0.243951, "touchZone": "hovering", "type": 0, "width": 20.4097}, {"bases": [[[0.54408, 0.693687, -0.47199], [-0.520101, 0.720264, 0.459038], [0.658386, -0.00427085, 0.752668]], [[0.691511, 0.670553, -0.268647], [-0.564836, 0.733758, 0.377569], [0.450302, -0.109351, 0.886155]], [[0.691511, 0.670553, -0.268647], [-0.592519, 0.739256, 0.320035], [0.413199, -0.0621288, 0.908519]], [[0.691511, 0.670553, -0.268647], [-0.60787, 0.74109, 0.285096], [0.390264, -0.0338442, 0.920081]]], "btipPosition": [134.055, 145.238, 12.1069], "carpPosition": [54.7732, 138.68, 134.693], "dipPosition": [127.897, 144.704, 26.6259], "direction": [0.413199, 0.0621288, -0.908519], "extended": true, "handId": 786, "id": 7861, "length": 54.3141, "mcpPosition": [100.805, 138.978, 82.0696], "pipPosition": [118.673, 143.317, 46.9073], "stabilizedTipPosition": [133.224, 145.343, 15.7704], "timeVisible": 4.12831, "tipPosition": [129.607, 142.328, 12.9409], "tipVelocity": [-50.5508, -24.0784, -20.8756], "tool": false, "touchDistance": 0.304247, "touchZone": "hovering", "type": 1, "width": 19.4954}, {"bases": [[[0.708667, 0.553713, -0.437255], [-0.406049, 0.826902, 0.389047], [0.576988, -0.0981578, 0.810833]], [[0.747783, 0.545363, -0.378682], [-0.441237, 0.834381, 0.330332], [0.496115, -0.0799285, 0.86457]], [[0.747783, 0.545363, -0.378682], [-0.456012, 0.836413, 0.304082], [0.482569, -0.0547036, 0.874148]], [[0.747783, 0.545363, -0.378682], [-0.458569, 0.836692, 0.299435], [0.48014, -0.0502607, 0.875751]]], "btipPosition": [131.029, 160.259, -0.858933], "carpPosition": [49.6799, 147.884, 129.548], "dipPosition": [122.696, 159.387, 14.3407], "direction": [0.482569, 0.0547036, -0.874148], "extended": true, "handId": 786, "id": 7862, "length": 61.8865, "mcpPosition": [87.9361, 154.392, 75.7874], "pipPosition": [110.022, 157.95, 37.299], "stabilizedTipPosition": [129.5, 160.171, 2.80296], "timeVisible": 4.12831, "tipPosition": [127.638, 157.917, 0.0781967], "tipVelocity": [-50.4244, -21.5065, -18.7598], "tool": false, "touchDistance": 0.314126, "touchZone": "hovering", "type": 2, "width": 19.1471}, {"bases": [[[0.814432, 0.469312, -0.341244], [-0.33578, 0.860799, 0.382462], [0.473237, -0.196906, 0.858647]], [[0.751462, 0.489622, -0.442239], [-0.376964, 0.868729, 0.321261], [0.541482, -0.0747071, 0.837387]], [[0.751462, 0.489622, -0.442239], [-0.395801, 0.870821, 0.291569], [0.527869, -0.0440648, 0.848182]], [[0.751462, 0.489622, -0.442239], [-0.395801, 0.870821, 0.291569], [0.527869, -0.0440648, 0.848182]]], "btipPosition": [115.368, 171.798, 2.16055], "carpPosition": [42.2372, 155.105, 124.168], "dipPosition": [106.259, 171.037, 16.7971], "direction": [0.527869, 0.0440648, -0.848182], "extended": true, "handId": 786, "id": 7863, "length": 59.5055, "mcpPosition": [70.4087, 166.827, 73.0534], "pipPosition": [92.7533, 169.91, 38.4981], "stabilizedTipPosition": [113.67, 171.736, 5.68363], "timeVisible": 4.12831, "tipPosition": [111.554, 169.651, 3.02177], "tipVelocity": [-50.5858, -20.0675, -17.3314], "tool": false, "touchDistance": 0.292053, "touchZone": "hovering", "type": 3, "width": 18.2196}, {"bases": [[[0.90794, 0.294644, -0.298043], [-0.161881, 0.902514, 0.399077], [0.386574, -0.31409, 0.867126]], [[0.759801, 0.372048, -0.533182], [-0.216288, 0.918017, 0.332363], [0.613125, -0.137209, 0.777979]], [[0.759801, 0.372048, -0.533182], [-0.25224, 0.924534, 0.285678], [0.599231, -0.0825688, 0.796307]], [[0.759801, 0.372048, -0.533182], [-0.261929, 0.925752, 0.272721], [0.595059, -0.0675575, 0.800837]]], "btipPosition": [92.0623, 181.419, 17.511], "carpPosition": [30.4389, 157.063, 117.835], "dipPosition": [82.5891, 180.344, 30.2601], "direction": [0.599231, 0.0825688, -0.796307], "extended": true, "handId": 786, "id": 7864, "length": 46.6512, "mcpPosition": [51.7414, 174.371, 70.0517], "pipPosition": [71.7645, 178.852, 44.6449], "stabilizedTipPosition": [90.3546, 181.377, 20.643], "timeVisible": 4.12831, "tipPosition": [87.7904, 178.364, 18.261], "tipVelocity": [-46.0596, -22.7673, -15.1597], "tool": false, "touchDistance": 0.281325, "touchZone": "hovering", "type": 4, "width": 16.1841}], "r": [[0.970399, -0.221501, -0.0962454], [0.229009, 0.970493, 0.0754815], [0.0766863, -0.0952882, 0.992492]], "s": 1.01818, "t": [8.43283, 24.598, 1.22071], "timestamp": 747299250170}, {"currentFrameRate": 112.619, "devices": [], "gestures": [], "hands": [{"armBasis": [[0.643144, 0.673077, -0.365148], [-0.354871, 0.684539, 0.636768], [0.678552, -0.279953, 0.679113]], "armWidth": 63.097, "confidence": 1, "direction": [0.625251, 0.223967, -0.747597], "elbow": [-153.619, 67.0818, 317.199], "grabAngle": 0.141825, "grabStrength": 0, "id": 786, "palmNormal": [-0.420067, -0.710749, -0.564251], "palmPosition": [69.0191, 147.84, 90.1372], "palmVelocity": [-44.5083, -17.1741, -15.776], "palmWidth": 86.4415, "pinchDistance": 43.6672, "pinchStrength": 0, "r": [[0.970618, -0.221277, -0.0945353], [0.22861, 0.970599, 0.0753313], [0.0750867, -0.0947296, 0.992667]], "s": 1.01785, "sphereCenter": [-21.7053, -0.580842, -30.7338], "sphereRadius": 214.577, "stabilizedPalmPosition": [69.9272, 148.327, 91.1052], "t": [-8.73231, 24.4773, 1.08327], "timeVisible": 4.13642, "type": "left", "wrist": [20.4924, 138.916, 142.944]}], "id": 1357878, "interactionBox": {"center": [0, 200, 0], "size": [235.247, 235.247, 147.751]}, "pointables": [{"bases": [[[-0.233059, 0.947751, 0.217835], [-0.473182, -0.306217, 0.826033], [0.849578, 0.0894385, 0.519825]], [[-0.333075, 0.930231, 0.154047], [-0.453459, -0.301272, 0.838815], [0.826702, 0.209535, 0.522168]], [[-0.333075, 0.930231, 0.154047], [-0.818557, -0.366357, 0.442433], [0.468001, 0.0212673, 0.883472]], [[-0.333075, 0.930231, 0.154047], [-0.937695, -0.343929, 0.0494013], [0.0989358, -0.127995, 0.986828]]], "btipPosition": [101.451, 110.161, 60.5184], "carpPosition": [45.3667, 118.005, 134.412], "dipPosition": [99.3133, 107.396, 81.8366], "direction": [0.468001, -0.0212673, -0.883472], "extended": false, "handId": 786, "id": 7860, "length": 48.1061, "mcpPosition": [45.3667, 118.005, 134.412], "pipPosition": [84.5844, 108.065, 109.641], "stabilizedTipPosition": [102.686, 110.563, 66.8934], "timeVisible": 4.13642, "tipPosition": [103.335, 107.456, 66.1392], "tipVelocity": [-85.6476, -44.8222, -43.55], "tool": false, "touchDistance": 0.238066, "touchZone": "hovering", "type": 0, "width": 20.4066}, {"bases": [[[0.543409, 0.694977, -0.470865], [-0.523235, 0.719029, 0.457409], [0.656454, -0.00218727, 0.754363]], [[0.690225, 0.672376, -0.267393], [-0.56736, 0.732241, 0.376731], [0.449101, -0.108321, 0.886891]], [[0.690225, 0.672376, -0.267393], [-0.595061, 0.73769, 0.318928], [0.411693, -0.0610172, 0.909278]], [[0.690225, 0.672376, -0.267393], [-0.610266, 0.739475, 0.284169], [0.388799, -0.0329596, 0.920733]]], "btipPosition": [133.513, 144.931, 11.8893], "carpPosition": [54.5053, 138.601, 134.591], "dipPosition": [127.381, 144.411, 26.4101], "direction": [0.411693, 0.0610172, -0.909277], "extended": true, "handId": 786, "id": 7861, "length": 54.2824, "mcpPosition": [100.386, 138.754, 81.8676], "pipPosition": [118.196, 143.05, 46.6966], "stabilizedTipPosition": [132.774, 145.129, 15.5529], "timeVisible": 4.13642, "tipPosition": [129.049, 142.011, 12.6748], "tipVelocity": [-66.1661, -37.5192, -26.7863], "tool": false, "touchDistance": 0.300628, "touchZone": "hovering", "type": 1, "width": 19.4923}, {"bases": [[[0.708286, 0.555464, -0.43565], [-0.409293, 0.825949, 0.387669], [0.575161, -0.0962721, 0.812356]], [[0.74719, 0.547264, -0.377106], [-0.444153, 0.833271, 0.329223], [0.494403, -0.0784996, 0.865681]], [[0.74719, 0.547264, -0.377106], [-0.458543, 0.835223, 0.303546], [0.481088, -0.0538877, 0.875015]], [[0.74719, 0.547264, -0.377106], [-0.460675, 0.835455, 0.299657], [0.479046, -0.0501777, 0.876354]]], "btipPosition": [130.482, 159.971, -1.06945], "carpPosition": [49.4261, 147.813, 129.458], "dipPosition": [122.172, 159.101, 14.1318], "direction": [0.481088, 0.0538877, -0.875015], "extended": true, "handId": 786, "id": 7862, "length": 61.8504, "mcpPosition": [87.548, 154.194, 75.6148], "pipPosition": [109.545, 157.686, 37.0994], "stabilizedTipPosition": [129.022, 159.966, 2.6096], "timeVisible": 4.13642, "tipPosition": [127.081, 157.598, -0.187536], "tipVelocity": [-66.8228, -35.4259, -25.9182], "tool": false, "touchDistance": 0.310623, "touchZone": "hovering", "type": 2, "width": 19.1441}, {"bases": [[[0.814031, 0.471388, -0.339333], [-0.3391, 0.860034, 0.381252], [0.471556, -0.195283, 0.859942]], [[0.751283, 0.491483, -0.440475], [-0.379855, 0.86779, 0.320392], [0.539707, -0.0733887, 0.838648]], [[0.751283, 0.491483, -0.440475], [-0.398284, 0.869808, 0.291212], [0.526254, -0.043349, 0.849222]], [[0.751283, 0.491483, -0.440475], [-0.398284, 0.869808, 0.291212], [0.526254, -0.043349, 0.849222]]], "btipPosition": [114.845, 171.554, 1.974], "carpPosition": [41.9926, 155.05, 124.096], "dipPosition": [105.769, 170.806, 16.6199], "direction": [0.526254, 0.043349, -0.849222], "extended": true, "handId": 786, "id": 7863, "length": 59.4708, "mcpPosition": [70.0542, 166.671, 72.9221], "pipPosition": [92.3126, 169.697, 38.3349], "stabilizedTipPosition": [113.193, 171.551, 5.50529], "timeVisible": 4.13642, "tipPosition": [111.036, 169.374, 2.79098], "tipVelocity": [-63.5685, -29.7491, -22.7412], "tool": false, "touchDistance": 0.28898, "touchZone": "hovering", "type": 3, "width": 18.2168}, {"bases": [[[0.907902, 0.296992, -0.295822], [-0.165358, 0.902228, 0.398298], [0.38519, -0.312699, 0.868244]], [[0.760136, 0.373908, -0.5314], [-0.219445, 0.917512, 0.331685], [0.611586, -0.135513, 0.779486]], [[0.760136, 0.373908, -0.5314], [-0.25501, 0.923891, 0.2853], [0.597632, -0.0813544, 0.797633]], [[0.760136, 0.373908, -0.5314], [-0.264187, 0.925034, 0.272977], [0.593632, -0.0671104, 0.801933]]], "btipPosition": [91.6027, 181.221, 17.366], "carpPosition": [30.1883, 157.036, 117.795], "dipPosition": [82.1578, 180.153, 30.1251], "direction": [0.597632, 0.0813544, -0.797633], "extended": true, "handId": 786, "id": 7864, "length": 46.624, "mcpPosition": [51.4071, 174.262, 69.9666], "pipPosition": [71.3683, 178.685, 44.5254], "stabilizedTipPosition": [89.9129, 181.185, 20.4793], "timeVisible": 4.13642, "tipPosition": [87.3344, 178.157, 18.0823], "tipVelocity": [-55.8838, -24.2259, -17.6007], "tool": false, "touchDistance": 0.278947, "touchZone": "hovering", "type": 4, "width": 16.1816}], "r": [[0.970618, -0.221277, -0.0945353], [0.22861, 0.970599, 0.0753313], [0.0750867, -0.0947296, 0.992667]], "s": 1.01785, "t": [8.73231, 24.4773, 1.08327], "timestamp": 747299258278}, {"currentFrameRate": 112.74, "devices": [], "gestures": [], "hands": [{"armBasis": [[0.645003, 0.672853, -0.362272], [-0.356919, 0.684434, 0.635735], [0.675707, -0.280749, 0.681616]], "armWidth": 63.0831, "confidence": 1, "direction": [0.624455, 0.22256, -0.748681], "elbow": [-153.076, 66.8179, 317.722], "grabAngle": 0.141778, "grabStrength": 0, "id": 786, "palmNormal": [-0.421984, -0.710473, -0.563168], "palmPosition": [68.6649, 147.669, 90.0046], "palmVelocity": [-40.8937, -19.7344, -15.311], "palmWidth": 86.4171, "pinchDistance": 44.3922, "pinchStrength": 0, "r": [[0.970886, -0.220819, -0.092846], [0.227978, 0.970761, 0.0751573], [0.0735351, -0.0941359, 0.99284]], "s": 1.01753, "sphereCenter": [-22.3542, 1.03509, -30.2983], "sphereRadius": 213.127, "stabilizedPalmPosition": [69.703, 148.21, 90.9097], "t": [-9.05912, 24.3315, 0.948256], "timeVisible": 4.14508, "type": "left", "wrist": [20.2448, 138.831, 142.885]}], "id": 1357879, "interactionBox": {"center": [0, 200, 0], "size": [235.247, 235.247, 147.751]}, "pointables": [{"bases": [[[-0.234807, 0.947537, 0.216885], [-0.47397, -0.306407, 0.82551], [0.848657, 0.0910381, 0.521051]], [[-0.336463, 0.929384, 0.151781], [-0.456905, -0.302051, 0.836662], [0.823426, 0.212156, 0.526269]], [[-0.336463, 0.929384, 0.151781], [-0.818473, -0.368323, 0.440954], [0.46572, 0.0241357, 0.884603]], [[-0.336463, 0.929384, 0.151781], [-0.936576, -0.347044, 0.0488457], [0.0980712, -0.12572, 0.987206]]], "btipPosition": [100.858, 109.802, 60.2218], "carpPosition": [45.043, 117.908, 134.319], "dipPosition": [98.741, 107.088, 81.5366], "direction": [0.46572, -0.0241357, -0.884603], "extended": false, "handId": 786, "id": 7860, "length": 48.0801, "mcpPosition": [45.043, 117.908, 134.319], "pipPosition": [84.0918, 107.847, 109.362], "stabilizedTipPosition": [102.051, 110.183, 66.4077], "timeVisible": 4.14508, "tipPosition": [102.847, 107.248, 65.9675], "tipVelocity": [-67.8523, -40.062, -34.337], "tool": false, "touchDistance": 0.23311, "touchZone": "hovering", "type": 0, "width": 20.4031}, {"bases": [[[0.543079, 0.695495, -0.470482], [-0.525002, 0.718531, 0.456165], [0.655316, -0.00072962, 0.755355]], [[0.689522, 0.673276, -0.266942], [-0.568579, 0.731504, 0.376323], [0.448639, -0.107705, 0.887199]], [[0.689522, 0.673276, -0.266942], [-0.59646, 0.736947, 0.318032], [0.410846, -0.0600699, 0.909724]], [[0.689522, 0.673276, -0.266942], [-0.611658, 0.738698, 0.283195], [0.387859, -0.0319921, 0.921164]]], "btipPosition": [133.052, 144.647, 11.7269], "carpPosition": [54.2066, 138.483, 134.475], "dipPosition": [126.938, 144.143, 26.2466], "direction": [0.410846, 0.0600699, -0.909724], "extended": true, "handId": 786, "id": 7861, "length": 54.253, "mcpPosition": [99.9949, 138.534, 81.6963], "pipPosition": [117.777, 142.803, 46.5321], "stabilizedTipPosition": [132.262, 144.858, 15.3323], "timeVisible": 4.14508, "tipPosition": [128.583, 141.715, 12.4679], "tipVelocity": [-52.7703, -32.3862, -18.7866], "tool": false, "touchDistance": 0.297916, "touchZone": "hovering", "type": 1, "width": 19.4891}, {"bases": [[[0.708111, 0.556251, -0.43493], [-0.411115, 0.825578, 0.38653], [0.574077, -0.0948997, 0.813284]], [[0.746913, 0.548153, -0.376363], [-0.445874, 0.832805, 0.328075], [0.493272, -0.077233, 0.86644]], [[0.746913, 0.548153, -0.376363], [-0.460313, 0.834729, 0.302223], [0.479825, -0.0524893, 0.875792]], [[0.746913, 0.548153, -0.376363], [-0.462368, 0.834947, 0.298462], [0.477846, -0.0489074, 0.877081]]], "btipPosition": [129.981, 159.643, -1.25421], "carpPosition": [49.1357, 147.696, 129.345], "dipPosition": [121.697, 158.795, 13.9514], "direction": [0.479825, 0.0524893, -0.875793], "extended": true, "handId": 786, "id": 7862, "length": 61.817, "mcpPosition": [87.175, 153.984, 75.4553], "pipPosition": [109.109, 157.418, 36.927], "stabilizedTipPosition": [128.493, 159.676, 2.40463], "timeVisible": 4.14508, "tipPosition": [126.61, 157.291, -0.404405], "tipVelocity": [-57.1229, -37.2954, -21.219], "tool": false, "touchDistance": 0.307561, "touchZone": "hovering", "type": 2, "width": 19.1409}, {"bases": [[[0.813836, 0.472394, -0.338401], [-0.340963, 0.859764, 0.380197], [0.470548, -0.194036, 0.860776]], [[0.751271, 0.492317, -0.439563], [-0.381619, 0.867422, 0.31929], [0.538479, -0.0721275, 0.839547]], [[0.751271, 0.492317, -0.439563], [-0.400079, 0.869403, 0.289958], [0.524909, -0.041977, 0.850123]], [[0.751271, 0.492317, -0.439563], [-0.400079, 0.869403, 0.289958], [0.524909, -0.041977, 0.850123]]], "btipPosition": [114.36, 171.25, 1.79679], "carpPosition": [41.7082, 154.937, 123.991], "dipPosition": [105.313, 170.527, 16.4503], "direction": [0.524909, 0.041977, -0.850123], "extended": true, "handId": 786, "id": 7863, "length": 59.4387, "mcpPosition": [69.7019, 166.481, 72.7821], "pipPosition": [91.8976, 169.454, 38.1765], "stabilizedTipPosition": [112.674, 171.286, 5.3134], "timeVisible": 4.14508, "tipPosition": [110.588, 169.092, 2.59002], "tipVelocity": [-55.2259, -34.3693, -20.2608], "tool": false, "touchDistance": 0.286056, "touchZone": "hovering", "type": 3, "width": 18.2137}, {"bases": [[[0.907902, 0.298166, -0.294638], [-0.167311, 0.902229, 0.397479], [0.384346, -0.311576, 0.869022]], [[0.76039, 0.374709, -0.530471], [-0.221429, 0.917415, 0.330633], [0.610554, -0.133949, 0.780565]], [[0.76039, 0.374709, -0.530471], [-0.257171, 0.923734, 0.283863], [0.59638, -0.0794251, 0.798763]], [[0.76039, 0.374709, -0.530471], [-0.26608, 0.924821, 0.27186], [0.592459, -0.0655723, 0.802927]]], "btipPosition": [91.1672, 180.941, 17.2074], "carpPosition": [29.9019, 156.937, 117.709], "dipPosition": [81.746, 179.898, 29.9755], "direction": [0.59638, 0.0794251, -0.798763], "extended": true, "handId": 786, "id": 7864, "length": 46.5988, "mcpPosition": [51.0682, 174.095, 69.851], "pipPosition": [70.9849, 178.465, 44.3884], "stabilizedTipPosition": [89.4332, 180.931, 20.3031], "timeVisible": 4.14508, "tipPosition": [86.9229, 177.922, 17.9097], "tipVelocity": [-49.6626, -31.7197, -18.0729], "tool": false, "touchDistance": 0.276338, "touchZone": "hovering", "type": 4, "width": 16.1789}], "r": [[0.970886, -0.220819, -0.092846], [0.227978, 0.970761, 0.0751573], [0.0735351, -0.0941359, 0.99284]], "s": 1.01753, "t": [9.05912, 24.3315, 0.948256], "timestamp": 747299266938}, {"currentFrameRate": 112.832, "devices": [], "gestures": [], "hands": [{"armBasis": [[0.646503, 0.672746, -0.359786], [-0.359321, 0.684521, 0.634286], [0.672995, -0.28079, 0.684277]], "armWidth": 63.0723, "confidence": 1, "direction": [0.623276, 0.222041, -0.749816], "elbow": [-152.561, 66.6687, 318.292], "grabAngle": 0.141342, "grabStrength": 0, "id": 786, "palmNormal": [-0.423538, -0.710183, -0.562366], "palmPosition": [68.3158, 147.473, 89.8552], "palmVelocity": [-40.1139, -22.4815, -17.1668], "palmWidth": 86.3889, "pinchDistance": 45.1167, "pinchStrength": 0, "r": [[0.971164, -0.220304, -0.0911423], [0.227297, 0.970926, 0.0750879], [0.0719503, -0.0936391, 0.993003]], "s": 1.0172, "sphereCenter": [-23.0944, 2.01908, -30.1618], "sphereRadius": 212.313, "stabilizedPalmPosition": [69.435, 148.067, 90.7059], "t": [-9.39708, 24.1608, 0.806047], "timeVisible": 4.15378, "type": "left", "wrist": [20.0158, 138.672, 142.823]}], "id": 1357880, "interactionBox": {"center": [0, 200, 0], "size": [235.247, 235.247, 147.751]}, "pointables": [{"bases": [[[-0.235919, 0.94737, 0.216408], [-0.475221, -0.306722, 0.824673], [0.847648, 0.091715, 0.522572]], [[-0.3386, 0.928841, 0.150346], [-0.460337, -0.302883, 0.834477], [0.820634, 0.213344, 0.530136]], [[-0.3386, 0.928841, 0.150346], [-0.818809, -0.36959, 0.439266], [0.463575, 0.0256309, 0.885687]], [[-0.3386, 0.928841, 0.150346], [-0.935908, -0.348952, 0.0480387], [0.0970839, -0.124444, 0.987466]]], "btipPosition": [100.335, 109.507, 59.9051], "carpPosition": [44.7577, 117.741, 134.201], "dipPosition": [98.2397, 106.821, 81.2181], "direction": [0.463575, -0.0256309, -0.885687], "extended": false, "handId": 786, "id": 7860, "length": 48.0634, "mcpPosition": [44.7577, 117.741, 134.201], "pipPosition": [83.663, 107.627, 109.068], "stabilizedTipPosition": [101.405, 109.802, 65.937], "timeVisible": 4.15378, "tipPosition": [102.396, 107.045, 65.7488], "tipVelocity": [-59.5512, -33.1953, -36.4363], "tool": false, "touchDistance": 0.227825, "touchZone": "hovering", "type": 0, "width": 20.4006}, {"bases": [[[0.543394, 0.695882, -0.469544], [-0.52637, 0.718156, 0.455178], [0.653956, -0.000186978, 0.756533]], [[0.689413, 0.673813, -0.265868], [-0.569221, 0.730937, 0.376455], [0.447993, -0.108196, 0.887466]], [[0.689413, 0.673813, -0.265868], [-0.596942, 0.736395, 0.318405], [0.410329, -0.0608051, 0.909908]], [[0.689413, 0.673813, -0.265868], [-0.612053, 0.73817, 0.283719], [0.387429, -0.0328748, 0.921313]]], "btipPosition": [132.616, 144.477, 11.5312], "carpPosition": [53.9366, 138.304, 134.337], "dipPosition": [126.512, 143.959, 26.0483], "direction": [0.410329, 0.0608051, -0.909908], "extended": true, "handId": 786, "id": 7861, "length": 54.2342, "mcpPosition": [99.615, 138.317, 81.4934], "pipPosition": [117.365, 142.604, 46.3308], "stabilizedTipPosition": [131.767, 144.622, 15.1144], "timeVisible": 4.15378, "tipPosition": [128.113, 141.491, 12.231], "tipVelocity": [-49.7773, -19.8775, -22.5521], "tool": false, "touchDistance": 0.294645, "touchZone": "hovering", "type": 1, "width": 19.4866}, {"bases": [[[0.708468, 0.556767, -0.433687], [-0.41244, 0.825286, 0.385742], [0.572684, -0.0944158, 0.814321]], [[0.747152, 0.548706, -0.375081], [-0.447036, 0.832471, 0.327339], [0.491857, -0.0768973, 0.867274]], [[0.747152, 0.548706, -0.375081], [-0.461498, 0.834393, 0.301343], [0.478314, -0.0520503, 0.876645]], [[0.747152, 0.548706, -0.375081], [-0.463523, 0.834607, 0.29762], [0.476351, -0.0485086, 0.877916]]], "btipPosition": [129.462, 159.395, -1.48045], "carpPosition": [48.8646, 147.517, 129.217], "dipPosition": [121.207, 158.555, 13.7344], "direction": [0.478314, 0.0520503, -0.876645], "extended": true, "handId": 786, "id": 7862, "length": 61.7955, "mcpPosition": [86.7992, 153.772, 75.2764], "pipPosition": [108.663, 157.19, 36.7244], "stabilizedTipPosition": [127.962, 159.405, 2.18431], "timeVisible": 4.15378, "tipPosition": [126.109, 157.051, -0.652149], "tipVelocity": [-58.8747, -28.2696, -25.7519], "tool": false, "touchDistance": 0.303825, "touchZone": "hovering", "type": 2, "width": 19.1385}, {"bases": [[[0.814083, 0.472996, -0.336963], [-0.342303, 0.859525, 0.379533], [0.469146, -0.193628, 0.861632]], [[0.751722, 0.492857, -0.438186], [-0.382857, 0.867152, 0.31854], [0.536968, -0.0716908, 0.840551]], [[0.751722, 0.492857, -0.438186], [-0.401302, 0.869121, 0.289111], [0.523327, -0.0414866, 0.851122]], [[0.751722, 0.492857, -0.438186], [-0.401302, 0.869121, 0.289111], [0.523327, -0.0414866, 0.851122]]], "btipPosition": [113.849, 171.007, 1.58983], "carpPosition": [41.4346, 154.763, 123.878], "dipPosition": [104.831, 170.292, 16.2555], "direction": [0.523327, 0.0414866, -0.851122], "extended": true, "handId": 786, "id": 7863, "length": 59.4181, "mcpPosition": [69.3359, 166.278, 72.6346], "pipPosition": [91.4616, 169.232, 37.9997], "stabilizedTipPosition": [112.151, 171.028, 5.10931], "timeVisible": 4.15378, "tipPosition": [110.101, 168.864, 2.36979], "tipVelocity": [-57.964, -27.733, -23.4608], "tool": false, "touchDistance": 0.282653, "touchZone": "hovering", "type": 3, "width": 18.2115}, {"bases": [[[0.908203, 0.298842, -0.29302], [-0.168714, 0.902124, 0.397125], [0.383018, -0.311233, 0.86973]], [[0.761068, 0.375255, -0.529111], [-0.222806, 0.917284, 0.330072], [0.609206, -0.133318, 0.781725]], [[0.761068, 0.375255, -0.529111], [-0.258671, 0.923593, 0.282959], [0.594865, -0.0784854, 0.799985]], [[0.761068, 0.375255, -0.529111], [-0.26728, 0.924635, 0.271315], [0.591047, -0.0650687, 0.804008]]], "btipPosition": [90.6994, 180.702, 17.0351], "carpPosition": [29.6216, 156.77, 117.619], "dipPosition": [81.3039, 179.668, 29.8159], "direction": [0.594865, 0.0784854, -0.799985], "extended": true, "handId": 786, "id": 7864, "length": 46.5827, "mcpPosition": [50.708, 173.904, 69.7374], "pipPosition": [70.5738, 178.252, 44.2458], "stabilizedTipPosition": [88.9422, 180.675, 20.1229], "timeVisible": 4.15378, "tipPosition": [86.4714, 177.714, 17.7304], "tipVelocity": [-53.0761, -27.2096, -19.4652], "tool": false, "touchDistance": 0.273515, "touchZone": "hovering", "type": 4, "width": 16.1768}], "r": [[0.971164, -0.220304, -0.0911423], [0.227297, 0.970926, 0.0750879], [0.0719503, -0.0936391, 0.993003]], "s": 1.0172, "t": [9.39708, 24.1608, 0.806047], "timestamp": 747299275641}, {"currentFrameRate": 112.947, "devices": [], "gestures": [], "hands": [{"armBasis": [[0.648457, 0.671535, -0.358531], [-0.361007, 0.685923, 0.63181], [0.670207, -0.280269, 0.68722]], "armWidth": 63.0569, "confidence": 1, "direction": [0.623108, 0.221718, -0.750052], "elbow": [-152.106, 66.6584, 318.885], "grabAngle": 0.1414, "grabStrength": 0, "id": 786, "palmNormal": [-0.423353, -0.710741, -0.5618], "palmPosition": [67.9462, 147.279, 89.7299], "palmVelocity": [-42.6991, -22.461, -14.4752], "palmWidth": 86.3736, "pinchDistance": 45.6917, "pinchStrength": 0, "r": [[0.971371, -0.219973, -0.0897241], [0.226819, 0.971053, 0.0748961], [0.0706517, -0.093103, 0.993147]], "s": 1.0168, "sphereCenter": [-23.7915, 2.10709, -30.3155], "sphereRadius": 212.266, "stabilizedPalmPosition": [69.1249, 147.903, 90.5027], "t": [-9.75086, 23.9782, 0.672293], "timeVisible": 4.16244, "type": "left", "wrist": [19.6992, 138.505, 142.718]}], "id": 1357881, "interactionBox": {"center": [0, 200, 0], "size": [235.247, 235.247, 147.751]}, "pointables": [{"bases": [[[-0.235609, 0.94761, 0.215692], [-0.475428, -0.305955, 0.824839], [0.847618, 0.0917937, 0.522607]], [[-0.339125, 0.928856, 0.14907], [-0.462187, -0.302524, 0.833584], [0.819376, 0.213791, 0.531898]], [[-0.339125, 0.928856, 0.14907], [-0.81876, -0.369458, 0.439469], [0.463279, 0.0269825, 0.885802]], [[-0.339125, 0.928856, 0.14907], [-0.935621, -0.349528, 0.0494302], [0.0980176, -0.12271, 0.98759]]], "btipPosition": [99.9203, 109.247, 59.7295], "carpPosition": [44.4116, 117.58, 134.086], "dipPosition": [97.8056, 106.6, 81.0359], "direction": [0.463279, -0.0269825, -0.885802], "extended": false, "handId": 786, "id": 7860, "length": 48.0425, "mcpPosition": [44.4116, 117.58, 134.086], "pipPosition": [83.2446, 107.448, 108.877], "stabilizedTipPosition": [100.764, 109.424, 65.5121], "timeVisible": 4.16244, "tipPosition": [102.019, 106.858, 65.6414], "tipVelocity": [-48.4339, -28.9516, -20.4597], "tool": false, "touchDistance": 0.224873, "touchZone": "hovering", "type": 0, "width": 20.3963}, {"bases": [[[0.543696, 0.695349, -0.469984], [-0.526169, 0.718673, 0.454593], [0.653865, 0.000130173, 0.756611]], [[0.689748, 0.673353, -0.266163], [-0.56852, 0.731304, 0.376801], [0.448367, -0.108579, 0.887231]], [[0.689748, 0.673353, -0.266163], [-0.59617, 0.736772, 0.31898], [0.410888, -0.0613379, 0.90962]], [[0.689748, 0.673353, -0.266163], [-0.611199, 0.738558, 0.28455], [0.388179, -0.0335894, 0.920972]]], "btipPosition": [132.263, 144.326, 11.4632], "carpPosition": [53.5735, 138.14, 134.213], "dipPosition": [126.15, 143.797, 25.9685], "direction": [0.410888, 0.0613379, -0.90962], "extended": true, "handId": 786, "id": 7861, "length": 54.2106, "mcpPosition": [99.2374, 138.13, 81.3737], "pipPosition": [116.995, 142.431, 46.2358], "stabilizedTipPosition": [131.305, 144.41, 14.9546], "timeVisible": 4.16244, "tipPosition": [127.757, 141.28, 12.1203], "tipVelocity": [-41.0134, -17.7116, -8.17157], "tool": false, "touchDistance": 0.293466, "touchZone": "hovering", "type": 1, "width": 19.4826}, {"bases": [[[0.708717, 0.5562, -0.434006], [-0.412193, 0.825712, 0.385094], [0.572553, -0.0940278, 0.814458]], [[0.747487, 0.548144, -0.375234], [-0.446759, 0.832872, 0.326696], [0.491599, -0.0765623, 0.86745]], [[0.747487, 0.548144, -0.375234], [-0.461369, 0.834801, 0.30041], [0.477914, -0.0514317, 0.8769]], [[0.747487, 0.548144, -0.375234], [-0.463503, 0.835023, 0.296482], [0.475844, -0.0476945, 0.878236]]], "btipPosition": [129.034, 159.147, -1.59432], "carpPosition": [48.5004, 147.344, 129.089], "dipPosition": [120.79, 158.321, 13.6194], "direction": [0.477914, 0.0514317, -0.8769], "extended": true, "handId": 786, "id": 7862, "length": 61.7686, "mcpPosition": [86.4196, 153.571, 75.1491], "pipPosition": [108.263, 156.973, 36.606], "stabilizedTipPosition": [127.47, 159.138, 2.0176], "timeVisible": 4.16244, "tipPosition": [125.729, 156.818, -0.78228], "tipVelocity": [-49.2266, -28.2848, -13.1853], "tool": false, "touchDistance": 0.301923, "touchZone": "hovering", "type": 2, "width": 19.1345}, {"bases": [[[0.814291, 0.472462, -0.337209], [-0.342043, 0.859922, 0.378869], [0.468974, -0.193169, 0.861829]], [[0.752073, 0.492242, -0.438273], [-0.38271, 0.867545, 0.317646], [0.536581, -0.0711617, 0.840843]], [[0.752073, 0.492242, -0.438273], [-0.401302, 0.869507, 0.287948], [0.522822, -0.0406778, 0.851471]], [[0.752073, 0.492242, -0.438273], [-0.401302, 0.869507, 0.287948], [0.522822, -0.0406778, 0.851471]]], "btipPosition": [113.413, 170.736, 1.46039], "carpPosition": [41.0711, 154.579, 123.747], "dipPosition": [104.408, 170.035, 16.1257], "direction": [0.522822, 0.0406778, -0.851471], "extended": true, "handId": 786, "id": 7863, "length": 59.3922, "mcpPosition": [68.9572, 166.066, 72.5012], "pipPosition": [91.0574, 168.997, 37.8693], "stabilizedTipPosition": [111.662, 170.754, 4.9425], "timeVisible": 4.16244, "tipPosition": [109.72, 168.628, 2.23358], "tipVelocity": [-49.9892, -30.9443, -14.9631], "tool": false, "touchDistance": 0.280494, "touchZone": "hovering", "type": 3, "width": 18.2077}, {"bases": [[[0.908344, 0.298308, -0.293129], [-0.168442, 0.902471, 0.39645], [0.382804, -0.310738, 0.870002]], [[0.761299, 0.374589, -0.529251], [-0.222797, 0.917665, 0.329017], [0.608921, -0.132565, 0.782075]], [[0.761299, 0.374589, -0.529251], [-0.258976, 0.923972, 0.28144], [0.594437, -0.0771967, 0.800428]], [[0.761299, 0.374589, -0.529251], [-0.267398, 0.924975, 0.270035], [0.590696, -0.0640563, 0.804347]]], "btipPosition": [90.2837, 180.411, 16.8975], "carpPosition": [29.2615, 156.577, 117.489], "dipPosition": [80.8979, 179.393, 29.6781], "direction": [0.594437, 0.0771967, -0.800428], "extended": true, "handId": 786, "id": 7864, "length": 46.5623, "mcpPosition": [50.3323, 173.681, 69.6016], "pipPosition": [70.1803, 178.002, 44.1097], "stabilizedTipPosition": [88.475, 180.39, 19.9594], "timeVisible": 4.16244, "tipPosition": [86.0901, 177.483, 17.5895], "tipVelocity": [-47.7615, -33.1469, -15.9027], "tool": false, "touchDistance": 0.271221, "touchZone": "hovering", "type": 4, "width": 16.1735}], "r": [[0.971371, -0.219973, -0.0897241], [0.226819, 0.971053, 0.0748961], [0.0706517, -0.093103, 0.993147]], "s": 1.0168, "t": [9.75086, 23.9782, 0.672293], "timestamp": 747299284297}, {"currentFrameRate": 113.048, "devices": [], "gestures": [], "hands": [{"armBasis": [[0.648805, 0.672815, -0.355489], [-0.364654, 0.684927, 0.630795], [0.667892, -0.279632, 0.689729]], "armWidth": 63.044, "confidence": 1, "direction": [0.622082, 0.218219, -0.751927], "elbow": [-151.75, 66.852, 319.529], "grabAngle": 0.138665, "grabStrength": 0, "id": 786, "palmNormal": [-0.427678, -0.70973, -0.559799], "palmPosition": [67.5527, 147.061, 89.6326], "palmVelocity": [-45.3853, -25.1013, -11.2149], "palmWidth": 86.3555, "pinchDistance": 46.4564, "pinchStrength": 0, "r": [[0.971759, -0.21894, -0.0880361], [0.225609, 0.971357, 0.0746072], [0.06918, -0.0923619, 0.993319]], "s": 1.01662, "sphereCenter": [-24.5157, 3.79196, -29.5464], "sphereRadius": 210.638, "stabilizedPalmPosition": [68.77, 147.713, 90.3062], "t": [-10.1245, 23.7781, 0.556795], "timeVisible": 4.17111, "type": "left", "wrist": [19.4318, 138.522, 142.751]}], "id": 1357882, "interactionBox": {"center": [0, 200, 0], "size": [235.247, 235.247, 147.751]}, "pointables": [{"bases": [[[-0.240014, 0.946918, 0.213866], [-0.47629, -0.306832, 0.824016], [0.845897, 0.0959129, 0.524652]], [[-0.343702, 0.927546, 0.146719], [-0.463848, -0.303531, 0.832294], [0.816525, 0.218006, 0.534565]], [[-0.343702, 0.927546, 0.146719], [-0.817971, -0.372448, 0.438414], [0.461295, 0.0306718, 0.886717]], [[-0.343702, 0.927546, 0.146719], [-0.93406, -0.353798, 0.0485628], [0.0969532, -0.120354, 0.987985]]], "btipPosition": [99.2938, 108.823, 59.5721], "carpPosition": [44.0152, 117.521, 134.079], "dipPosition": [97.2024, 106.227, 80.8833], "direction": [0.461295, -0.0306718, -0.886717], "extended": false, "handId": 786, "id": 7860, "length": 48.0341, "mcpPosition": [44.0152, 117.521, 134.079], "pipPosition": [82.7063, 107.191, 108.748], "stabilizedTipPosition": [100.069, 108.997, 65.1425], "timeVisible": 4.17111, "tipPosition": [101.391, 106.476, 65.5062], "tipVelocity": [-71.6361, -47.6017, -18.03], "tool": false, "touchDistance": 0.222268, "touchZone": "hovering", "type": 0, "width": 20.3919}, {"bases": [[[0.542065, 0.696954, -0.46949], [-0.530251, 0.717106, 0.45232], [0.65192, 0.00376093, 0.758278]], [[0.687863, 0.675753, -0.264959], [-0.571602