{"frames": 62, "data": [{"currentFrameRate": 106.412, "devices": [], "gestures": [], "hands": [{"armBasis": [[0.961406, 0.00627983, -0.275062], [0.153813, 0.816652, 0.556256], [0.228123, -0.577096, 0.784168]], "armWidth": 64.1309, "confidence": 1, "direction": [0.317259, -0.175946, -0.931874], "elbow": [-125.057, -66.3905, 329.605], "grabAngle": 0.593957, "grabStrength": 0, "id": 792, "palmNormal": [-0.101954, -0.983271, 0.150939], "palmPosition": [-33.9288, 78.8518, 52.8479], "palmVelocity": [18.1113, -0.0130299, -23.6024], "palmWidth": 90.2675, "pinchDistance": 60.6958, "pinchStrength": 0, "r": [[0.865441, 0.488317, 0.112062], [-0.421241, 0.830303, -0.3649], [-0.271232, 0.268595, 0.924278]], "s": 0.852892, "sphereCenter": [-55.3294, -50.415, 57.0568], "sphereRadius": 133.238, "stabilizedPalmPosition": [-36.4688, 78.7431, 55.249], "t": [-35.8731, -51.5233, -55.2088], "timeVisible": 8.21224, "type": "left", "wrist": [-63.9529, 88.1881, 119.561]}], "id": 1363472, "interactionBox": {"center": [0, 200, 0], "size": [235.247, 235.247, 147.751]}, "pointables": [{"bases": [[[0.226299, 0.864094, -0.44959], [-0.680574, 0.470475, 0.561669], [0.696855, 0.178874, 0.694548]], [[0.207156, 0.858878, -0.468417], [-0.652995, 0.477924, 0.587525], [0.728481, 0.184165, 0.659848]], [[0.207156, 0.858878, -0.468417], [-0.930474, 0.32086, 0.176823], [0.302166, 0.39922, 0.865632]], [[0.207156, 0.858878, -0.468417], [-0.973756, 0.134886, -0.183316], [-0.094263, 0.494099, 0.86428]]], "btipPosition": [10.5372, 48.8757, 34.4694], "carpPosition": [-33.122, 81.5774, 113.738], "dipPosition": [12.6036, 59.7074, 53.4162], "direction": [0.302166, -0.39922, -0.865632], "extended": false, "handId": 792, "id": 7920, "length": 48.8171, "mcpPosition": [-33.122, 81.5774, 113.738], "pipPosition": [2.95327, 72.4573, 81.062], "stabilizedTipPosition": [13.2464, 56.0549, 41.6673], "timeVisible": 8.21224, "tipPosition": [13.722, 54.2394, 40.3782], "tipVelocity": [5.48587, -51.1618, -6.73769], "tool": false, "touchDistance": 0.214586, "touchZone": "hovering", "type": 0, "width": 20.5085}, {"bases": [[[0.970664, -0.239952, 0.0153031], [0.235339, 0.935107, -0.264934], [0.0492612, 0.260763, 0.964145]], [[0.925388, -0.298916, -0.233038], [0.125056, 0.821205, -0.556761], [0.357797, 0.486077, 0.797315]], [[0.925388, -0.298916, -0.233038], [0.0322974, 0.674792, -0.737301], [0.377643, 0.674762, 0.634099]], [[0.925388, -0.298916, -0.233038], [0.0322974, 0.674792, -0.737301], [0.377643, 0.674762, 0.634099]]], "btipPosition": [-41.4527, 39.4462, -17.6184], "carpPosition": [-69.1529, 93.8023, 86.1065], "dipPosition": [-47.55, 50.3406, -7.38045], "direction": [0.377643, -0.674762, -0.634099], "extended": true, "handId": 792, "id": 7924, "length": 47.3131, "mcpPosition": [-66.3191, 78.8019, 30.6443], "pipPosition": [-54.4686, 62.7027, 4.23663], "stabilizedTipPosition": [-44.9555, 41.4505, -13.7505], "timeVisible": 8.21224, "tipPosition": [-43.1758, 41.9816, -15.2904], "tipVelocity": [40.5136, -34.7317, 5.09259], "tool": false, "touchDistance": 0.187113, "touchZone": "hovering", "type": 4, "width": 16.2624}, {"bases": [[[0.876189, 0.0169112, -0.481671], [-0.170704, 0.94549, -0.277325], [0.450725, 0.325212, 0.831315]], [[0.985006, 0.15662, -0.0723404], [-0.170735, 0.945133, -0.278519], [0.0247499, 0.286694, 0.957703]], [[0.985006, 0.15662, -0.0723404], [-0.171711, 0.849507, -0.498851], [-0.0166762, 0.503793, 0.863663]], [[0.985006, 0.15662, -0.0723404], [-0.167714, 0.771039, -0.614305], [-0.040435, 0.617227, 0.785745]]], "btipPosition": [-2.45272, 42.6031, -33.0643], "carpPosition": [-35.3204, 99.1603, 98.2787], "dipPosition": [-1.8056, 52.4812, -20.4892], "direction": [-0.0166762, -0.503793, -0.863663], "extended": true, "handId": 792, "id": 7921, "length": 55.0847, "mcpPosition": [-2.42404, 75.4245, 37.6048], "pipPosition": [-1.42805, 63.8872, -0.935632], "stabilizedTipPosition": [-5.46005, 40.2611, -25.5036], "timeVisible": 8.21224, "tipPosition": [-0.468989, 39.4375, -27.2019], "tipVelocity": [36.8029, 10.9032, -16.5233], "tool": false, "touchDistance": 0.176951, "touchZone": "hovering", "type": 1, "width": 19.5897}, {"bases": [[[0.945205, -0.100739, -0.310547], [-0.0101789, 0.941648, -0.336446], [0.326319, 0.321171, 0.889025]], [[0.991829, -0.0332811, -0.123154], [-0.0164838, 0.923845, -0.382412], [0.126503, 0.381317, 0.915748]], [[0.991829, -0.0332811, -0.123154], [-0.0413783, 0.829254, -0.557338], [0.120675, 0.55788, 0.821101]], [[0.991829, -0.0332811, -0.123154], [-0.0978563, 0.420873, -0.901826], [0.0818461, 0.906509, 0.414177]]], "btipPosition": [-12.4044, 30.5091, -40.5356], "carpPosition": [-45.3567, 100.771, 91.504], "dipPosition": [-13.845, 46.4658, -33.2451], "direction": [0.120675, -0.55788, -0.821101], "extended": true, "handId": 792, "id": 7922, "length": 62.7645, "mcpPosition": [-22.7708, 78.5417, 29.971], "pipPosition": [-17.0594, 61.3256, -11.3741], "stabilizedTipPosition": [-14.0709, 30.5492, -35.504], "timeVisible": 8.21224, "tipPosition": [-11.0366, 32.2081, -38.7372], "tipVelocity": [15.6534, 25.2699, -26.5358], "tool": false, "touchDistance": 0.333118, "touchZone": "hovering", "type": 2, "width": 19.2397}, {"bases": [[[0.980983, -0.123075, -0.150082], [0.0677852, 0.941802, -0.329262], [0.181872, 0.312827, 0.932235]], [[0.914616, -0.190509, -0.356629], [0.0243295, 0.906371, -0.421782], [0.403591, 0.377092, 0.833616]], [[0.914616, -0.190509, -0.356629], [-0.0341418, 0.842497, -0.537617], [0.40288, 0.503889, 0.764057]], [[0.914616, -0.190509, -0.356629], [-0.174638, 0.609379, -0.773407], [0.364663, 0.769651, 0.524078]]], "btipPosition": [-11.5164, 38.3628, -35.1036], "carpPosition": [-56.5452, 100.129, 86.7137], "dipPosition": [-17.8984, 51.8326, -25.9316], "direction": [0.40288, -0.503889, -0.764057], "extended": true, "handId": 792, "id": 7923, "length": 60.3498, "mcpPosition": [-45.2432, 80.6894, 28.7822], "pipPosition": [-28.3524, 64.9076, -6.1056], "stabilizedTipPosition": [-15.6423, 40.3457, -32.41], "timeVisible": 8.21224, "tipPosition": [-15.3116, 40.235, -33.5322], "tipVelocity": [61.4938, 7.75833, -9.3236], "tool": false, "touchDistance": 0.246454, "touchZone": "hovering", "type": 3, "width": 18.3078}], "r": [[0.865441, 0.488317, 0.112062], [-0.421241, 0.830303, -0.3649], [-0.271232, 0.268595, 0.924278]], "s": 0.852892, "t": [35.8731, -51.5233, -55.2088], "timestamp": 747348584370}, {"currentFrameRate": 106.503, "devices": [], "gestures": [], "hands": [{"armBasis": [[0.963846, 0.00770441, -0.26635], [0.14739, 0.817327, 0.557003], [0.221987, -0.576122, 0.786642]], "armWidth": 64.1309, "confidence": 1, "direction": [0.320254, -0.173213, -0.931362], "elbow": [-123.424, -66.209, 330.009], "grabAngle": 0.59828, "grabStrength": 0, "id": 792, "palmNormal": [-0.112081, -0.983165, 0.144308], "palmPosition": [-33.8801, 78.853, 52.6119], "palmVelocity": [5.27488, 0.125418, -25.5851], "palmWidth": 90.2675, "pinchDistance": 60.7477, "pinchStrength": 0, "r": [[0.864229, 0.49076, 0.110742], [-0.425133, 0.830088, -0.360855], [-0.269019, 0.264781, 0.926024]], "s": 0.851374, "sphereCenter": [-57.516, -49.2342, 55.2601], "sphereRadius": 132.396, "stabilizedPalmPosition": [-36.4659, 78.7432, 55.246], "t": [-35.7677, -51.526, -55.4334], "timeVisible": 8.22146, "type": "left", "wrist": [-63.964, 88.1088, 119.302]}], "id": 1363473, "interactionBox": {"center": [0, 200, 0], "size": [235.247, 235.247, 147.751]}, "pointables": [{"bases": [[[0.215786, 0.868978, -0.445323], [-0.682193, 0.460466, 0.567965], [0.698605, 0.181238, 0.692173]], [[0.192893, 0.862607, -0.467655], [-0.658524, 0.467135, 0.590027], [0.727419, 0.194149, 0.658154]], [[0.192893, 0.862607, -0.467655], [-0.933774, 0.307788, 0.182573], [0.301428, 0.401467, 0.86485]], [[0.192893, 0.862607, -0.467655], [-0.976695, 0.123074, -0.175842], [-0.094127, 0.490675, 0.866244]]], "btipPosition": [10.2321, 48.0018, 34.3183], "carpPosition": [-33.3539, 81.1946, 113.522], "dipPosition": [12.2956, 58.7584, 53.3081], "direction": [0.301428, -0.401467, -0.86485], "extended": false, "handId": 792, "id": 7920, "length": 48.8171, "mcpPosition": [-33.3539, 81.1946, 113.522], "pipPosition": [2.66882, 71.5801, 80.929], "stabilizedTipPosition": [13.0293, 55.578, 41.4125], "timeVisible": 8.22146, "tipPosition": [13.4894, 53.7385, 40.1696], "tipVelocity": [-33.153, -96.637, -15.3129], "tool": false, "touchDistance": 0.212355, "touchZone": "hovering", "type": 0, "width": 20.5085}, {"bases": [[[0.972972, -0.230747, 0.00898122], [0.225077, 0.938934, -0.260276], [0.0516252, 0.255263, 0.965492]], [[0.92697, -0.288633, -0.239619], [0.114778, 0.826343, -0.551347], [0.357145, 0.483579, 0.799124]], [[0.92697, -0.288633, -0.239619], [0.0188888, 0.673857, -0.738621], [0.374659, 0.680153, 0.630097]], [[0.92697, -0.288633, -0.239619], [0.0188888, 0.673857, -0.738621], [0.374659, 0.680153, 0.630097]]], "btipPosition": [-41.4153, 39.7912, -17.937], "carpPosition": [-69.1271, 93.9339, 85.7874], "dipPosition": [-47.4644, 50.7727, -7.76371], "direction": [0.374659, -0.680153, -0.630097], "extended": true, "handId": 792, "id": 7924, "length": 47.3131, "mcpPosition": [-66.1573, 79.25, 30.2476], "pipPosition": [-54.3284, 63.2335, 3.78005], "stabilizedTipPosition": [-44.8253, 41.503, -13.8624], "timeVisible": 8.22146, "tipPosition": [-43.1303, 42.4918, -15.7967], "tipVelocity": [5.25262, 39.5808, -36.1651], "tool": false, "touchDistance": 0.181554, "touchZone": "hovering", "type": 4, "width": 16.2624}, {"bases": [[[0.873553, 0.0282646, -0.485908], [-0.181103, 0.945509, -0.270583], [0.451782, 0.324367, 0.831071]], [[0.983095, 0.166514, -0.076135], [-0.181116, 0.945367, -0.271069], [0.0268387, 0.280276, 0.959544]], [[0.983095, 0.166514, -0.076135], [-0.182305, 0.851665, -0.491356], [-0.0169762, 0.49693, 0.867624]], [[0.983095, 0.166514, -0.076135], [-0.178037, 0.772322, -0.609772], [-0.0427349, 0.613019, 0.788911]]], "btipPosition": [-2.32139, 42.8783, -33.3788], "carpPosition": [-35.3067, 98.8928, 98.1608], "dipPosition": [-1.63747, 52.6891, -20.7531], "direction": [-0.0169762, -0.49693, -0.867625], "extended": true, "handId": 792, "id": 7921, "length": 55.0847, "mcpPosition": [-2.33318, 75.2187, 37.5047], "pipPosition": [-1.25312, 63.9397, -1.10983], "stabilizedTipPosition": [-5.35838, 40.4115, -25.657], "timeVisible": 8.22146, "tipPosition": [-0.400831, 39.6334, -27.5238], "tipVelocity": [15.1586, 28.1628, -32.8459], "tool": false, "touchDistance": 0.171903, "touchZone": "hovering", "type": 1, "width": 19.5897}, {"bases": [[[0.944547, -0.0897751, -0.315865], [-0.0208482, 0.943567, -0.330524], [0.327713, 0.318781, 0.889372]], [[0.991788, -0.0222045, -0.125947], [-0.0268933, 0.926581, -0.375132], [0.12503, 0.375439, 0.918375]], [[0.991788, -0.0222045, -0.125947], [-0.0509455, 0.834704, -0.548337], [0.117304, 0.550251, 0.826719]], [[0.991788, -0.0222045, -0.125947], [-0.105343, 0.416568, -0.902981], [0.0725157, 0.908833, 0.410808]]], "btipPosition": [-12.5647, 30.9725, -40.9262], "carpPosition": [-45.293, 100.642, 91.3464], "dipPosition": [-13.8412, 46.9702, -33.695], "direction": [0.117304, -0.550251, -0.826719], "extended": true, "handId": 792, "id": 7922, "length": 62.7645, "mcpPosition": [-22.6107, 78.5775, 29.7894], "pipPosition": [-16.9657, 61.6268, -11.6744], "stabilizedTipPosition": [-14.0349, 30.6709, -35.6155], "timeVisible": 8.22146, "tipPosition": [-11.0015, 32.5907, -39.1485], "tipVelocity": [-13.2919, 51.2739, -43.8339], "tool": false, "touchDistance": 0.332986, "touchZone": "hovering", "type": 2, "width": 19.2397}, {"bases": [[[0.981344, -0.112758, -0.155723], [0.0571461, 0.944423, -0.323727], [0.183571, 0.308789, 0.933248]], [[0.913437, -0.180332, -0.364847], [0.0140023, 0.909867, -0.414663], [0.406739, 0.37366, 0.833632]], [[0.913437, -0.180332, -0.364847], [-0.0467474, 0.844049, -0.534225], [0.404286, 0.505036, 0.762555]], [[0.913437, -0.180332, -0.364847], [-0.184955, 0.614613, -0.76684], [0.362525, 0.76794, 0.528057]]], "btipPosition": [-11.1976, 38.7645, -35.4149], "carpPosition": [-56.4628, 100.136, 86.4966], "dipPosition": [-17.5422, 52.2043, -26.1733], "direction": [0.404287, -0.505036, -0.762555], "extended": true, "handId": 792, "id": 7923, "length": 60.3498, "mcpPosition": [-45.0552, 80.9472, 28.5022], "pipPosition": [-28.0328, 65.3092, -6.38627], "stabilizedTipPosition": [-15.3201, 40.5087, -32.5049], "timeVisible": 8.22146, "tipPosition": [-15.1602, 40.6126, -33.904], "tipVelocity": [35.5002, 42.8123, -32.0234], "tool": false, "touchDistance": 0.241532, "touchZone": "hovering", "type": 3, "width": 18.3078}], "r": [[0.864229, 0.49076, 0.110742], [-0.425133, 0.830088, -0.360855], [-0.269019, 0.264781, 0.926024]], "s": 0.851374, "t": [35.7677, -51.526, -55.4334], "timestamp": 747348593592}, {"currentFrameRate": 106.89, "devices": [], "gestures": [], "hands": [{"armBasis": [[0.965858, 0.00956151, -0.258897], [0.141293, 0.818179, 0.557333], [0.217153, -0.574884, 0.788893]], "armWidth": 64.1309, "confidence": 1, "direction": [0.323451, -0.171972, -0.930486], "elbow": [-122.136, -65.9251, 330.255], "grabAngle": 0.599344, "grabStrength": 0, "id": 792, "palmNormal": [-0.122303, -0.982696, 0.139107], "palmPosition": [-33.7987, 78.7914, 52.3068], "palmVelocity": [9.41699, -7.12769, -35.2807], "palmWidth": 90.2675, "pinchDistance": 60.7709, "pinchStrength": 0, "r": [[0.862411, 0.494277, 0.109257], [-0.430209, 0.829403, -0.356387], [-0.266772, 0.260348, 0.927929]], "s": 0.850203, "sphereCenter": [-59.4065, -48.9779, 54.0253], "sphereRadius": 132.407, "stabilizedPalmPosition": [-36.4636, 78.7432, 55.2435], "t": [-35.6742, -51.5581, -55.6983], "timeVisible": 8.23011, "type": "left", "wrist": [-63.9704, 88.0611, 118.945]}], "id": 1363474, "interactionBox": {"center": [0, 200, 0], "size": [235.247, 235.247, 147.751]}, "pointables": [{"bases": [[[0.205065, 0.87308, -0.442356], [-0.683609, 0.451214, 0.573659], [0.700448, 0.184761, 0.689374]], [[0.179335, 0.865746, -0.46725], [-0.662899, 0.457278, 0.592842], [0.726914, 0.203422, 0.655908]], [[0.179335, 0.865746, -0.46725], [-0.937715, 0.294071, 0.184966], [0.297538, 0.404976, 0.864561]], [[0.179335, 0.865746, -0.46725], [-0.979455, 0.112593, -0.167305], [-0.0922349, 0.487654, 0.868151]]], "btipPosition": [9.90881, 47.1471, 34.1041], "carpPosition": [-33.5694, 80.845, 113.229], "dipPosition": [11.9308, 57.8375, 53.1358], "direction": [0.297538, -0.404976, -0.864561], "extended": false, "handId": 792, "id": 7920, "length": 48.8171, "mcpPosition": [-33.5694, 80.845, 113.229], "pipPosition": [2.42825, 70.7712, 80.7474], "stabilizedTipPosition": [12.8023, 55.0675, 41.1619], "timeVisible": 8.23011, "tipPosition": [13.2958, 53.1623, 39.9455], "tipVelocity": [-38.4916, -100.604, -23.6575], "tool": false, "touchDistance": 0.209578, "touchZone": "hovering", "type": 0, "width": 20.5085}, {"bases": [[[0.975184, -0.221378, 0.00283832], [0.214653, 0.942262, -0.257033], [0.0542272, 0.251264, 0.966398]], [[0.92825, -0.278666, -0.246368], [0.105576, 0.832507, -0.543862], [0.356659, 0.47883, 0.802195]], [[0.92825, -0.278666, -0.246368], [0.00391314, 0.669637, -0.742679], [0.371937, 0.688427, 0.622681]], [[0.92825, -0.278666, -0.246368], [0.00391314, 0.669637, -0.742679], [0.371937, 0.688427, 0.622681]]], "btipPosition": [-41.3208, 40.0172, -18.2536], "carpPosition": [-69.0722, 94.0578, 85.369], "dipPosition": [-47.3259, 51.1323, -8.20006], "direction": [0.371937, -0.688427, -0.62268], "extended": true, "handId": 792, "id": 7924, "length": 47.3131, "mcpPosition": [-65.9528, 79.6039, 29.7771], "pipPosition": [-54.14, 63.7447, 3.20783], "stabilizedTipPosition": [-44.7251, 41.5536, -13.9605], "timeVisible": 8.23011, "tipPosition": [-43.0354, 42.8358, -16.3139], "tipVelocity": [12.1084, 29.6957, -39.7992], "tool": false, "touchDistance": 0.175819, "touchZone": "hovering", "type": 4, "width": 16.2624}, {"bases": [[[0.870679, 0.038956, -0.490306], [-0.19162, 0.944962, -0.265197], [0.45299, 0.324854, 0.830223]], [[0.98103, 0.176329, -0.0805457], [-0.191649, 0.944691, -0.266138], [0.0291629, 0.276526, 0.960564]], [[0.98103, 0.176329, -0.0805457], [-0.193172, 0.85435, -0.482463], [-0.0162582, 0.48887, 0.872205]], [[0.98103, 0.176329, -0.0805457], [-0.188923, 0.776508, -0.601118], [-0.0434505, 0.604932, 0.795091]]], "btipPosition": [-2.0993, 43.0452, -33.7802], "carpPosition": [-35.2711, 98.6323, 97.9412], "dipPosition": [-1.40392, 52.7265, -21.0555], "direction": [-0.0162582, -0.48887, -0.872205], "extended": true, "handId": 792, "id": 7921, "length": 55.0847, "mcpPosition": [-2.20942, 74.9228, 37.347], "pipPosition": [-1.03583, 63.7947, -1.30858], "stabilizedTipPosition": [-5.27843, 40.5251, -25.7785], "timeVisible": 8.23011, "tipPosition": [-0.295056, 39.6777, -27.8662], "tipVelocity": [25.9893, 15.8538, -43.7833], "tool": false, "touchDistance": 0.165593, "touchZone": "hovering", "type": 1, "width": 19.5897}, {"bases": [[[0.943699, -0.0791807, -0.32119], [-0.0316709, 0.944846, -0.325979], [0.329287, 0.317798, 0.889142]], [[0.991596, -0.0112273, -0.128882], [-0.0378396, 0.92749, -0.371928], [0.123712, 0.37368, 0.919271]], [[0.991596, -0.0112273, -0.128882], [-0.0605985, 0.839868, -0.539398], [0.1143, 0.542675, 0.832129]], [[0.991596, -0.0112273, -0.128882], [-0.112685, 0.414427, -0.903079], [0.0635513, 0.910013, 0.409679]]], "btipPosition": [-12.6642, 31.1685, -41.3381], "carpPosition": [-45.2041, 100.509, 91.0833], "dipPosition": [-13.7828, 47.1869, -34.1268], "direction": [0.1143, -0.542675, -0.832129], "extended": true, "handId": 792, "id": 7922, "length": 62.7645, "mcpPosition": [-22.4128, 78.513, 29.5422], "pipPosition": [-16.8273, 61.6417, -11.962], "stabilizedTipPosition": [-14.0112, 30.7598, -35.7019], "timeVisible": 8.23011, "tipPosition": [-10.913, 32.765, -39.5512], "tipVelocity": [-7.30757, 23.214, -48.1607], "tool": false, "touchDistance": 0.332969, "touchZone": "hovering", "type": 2, "width": 19.2397}, {"bases": [[[0.981554, -0.102551, -0.161351], [0.0463461, 0.946424, -0.319584], [0.18548, 0.306211, 0.933719]], [[0.912027, -0.170602, -0.372964], [0.00294753, 0.912081, -0.409999], [0.41012, 0.372831, 0.832345]], [[0.912027, -0.170602, -0.372964], [-0.059972, 0.844128, -0.532776], [0.405723, 0.508273, 0.759636]], [[0.912027, -0.170602, -0.372964], [-0.193552, 0.622704, -0.758141], [0.361587, 0.763633, 0.534902]]], "btipPosition": [-10.8065, 38.9486, -35.7579], "carpPosition": [-56.3527, 100.134, 86.1731], "dipPosition": [-17.1347, 52.3131, -26.3965], "direction": [0.405723, -0.508273, -0.759636], "extended": true, "handId": 792, "id": 7923, "length": 60.3498, "mcpPosition": [-44.8265, 81.1054, 28.1494], "pipPosition": [-27.6625, 65.502, -6.68519], "stabilizedTipPosition": [-15.0476, 40.6436, -32.6029], "timeVisible": 8.23011, "tipPosition": [-14.9535, 40.7927, -34.2788], "tipVelocity": [45.6641, 19.2952, -36.4778], "tool": false, "touchDistance": 0.236275, "touchZone": "hovering", "type": 3, "width": 18.3078}], "r": [[0.862411, 0.494277, 0.109257], [-0.430209, 0.829403, -0.356387], [-0.266772, 0.260348, 0.927929]], "s": 0.850203, "t": [35.6742, -51.5581, -55.6983], "timestamp": 747348602239}, {"currentFrameRate": 107.492, "devices": [], "gestures": [], "hands": [{"armBasis": [[0.966978, 0.00622081, -0.254786], [0.141159, 0.819285, 0.555739], [0.212199, -0.573353, 0.791352]], "armWidth": 64.1309, "confidence": 1, "direction": [0.325092, -0.172379, -0.929839], "elbow": [-120.702, -65.4963, 330.611], "grabAngle": 0.600816, "grabStrength": 0, "id": 792, "palmNormal": [-0.123409, -0.982572, 0.139008], "palmPosition": [-33.6532, 78.7599, 52.0351], "palmVelocity": [17.7307, -3.83612, -33.1131], "palmWidth": 90.2675, "pinchDistance": 60.8333, "pinchStrength": 0, "r": [[0.860898, 0.497239, 0.107739], [-0.434533, 0.828743, -0.352657], [-0.264643, 0.256785, 0.92953]], "s": 0.849347, "sphereCenter": [-60.3962, -48.3182, 53.2348], "sphereRadius": 131.902, "stabilizedPalmPosition": [-36.4617, 78.7432, 55.2413], "t": [-35.5548, -51.59, -55.9665], "timeVisible": 8.23832, "type": "left", "wrist": [-63.8632, 88.0798, 118.643]}], "id": 1363475, "interactionBox": {"center": [0, 200, 0], "size": [235.247, 235.247, 147.751]}, "pointables": [{"bases": [[[0.203469, 0.873193, -0.442871], [-0.68289, 0.450711, 0.57491], [0.701614, 0.185455, 0.688]], [[0.173914, 0.864662, -0.471289], [-0.666278, 0.455727, 0.590243], [0.72514, 0.211358, 0.655363]], [[0.173914, 0.864662, -0.471289], [-0.939305, 0.28938, 0.184298], [0.295737, 0.410632, 0.862509]], [[0.173914, 0.864662, -0.471289], [-0.980662, 0.10845, -0.162911], [-0.0897517, 0.490508, 0.866803]]], "btipPosition": [9.84797, 46.4878, 33.9546], "carpPosition": [-33.5393, 80.8218, 112.957], "dipPosition": [11.8155, 57.2407, 52.9566], "direction": [0.295737, -0.410632, -0.862509], "extended": false, "handId": 792, "id": 7920, "length": 48.8171, "mcpPosition": [-33.5393, 80.8218, 112.957], "pipPosition": [2.37052, 70.3551, 80.5027], "stabilizedTipPosition": [12.5955, 54.5627, 40.9274], "timeVisible": 8.23832, "tipPosition": [13.3198, 52.927, 39.7113], "tipVelocity": [-8.93891, -78.5949, -19.0538], "tool": false, "touchDistance": 0.206972, "touchZone": "hovering", "type": 0, "width": 20.5085}, {"bases": [[[0.975376, -0.220546, 0.000994143], [0.213354, 0.942409, -0.257576], [0.0558704, 0.251446, 0.966257]], [[0.92803, -0.277897, -0.248059], [0.103661, 0.832279, -0.544578], [0.357791, 0.479671, 0.801187]], [[0.92803, -0.277897, -0.248059], [-0.00204058, 0.662118, -0.749397], [0.3725, 0.695969, 0.613898]], [[0.92803, -0.277897, -0.248059], [-0.00204058, 0.662118, -0.749397], [0.3725, 0.695969, 0.613898]]], "btipPosition": [-41.0743, 39.7222, -18.2512], "carpPosition": [-68.9772, 94.0611, 85.0272], "dipPosition": [-47.0885, 50.9591, -8.33942], "direction": [0.3725, -0.695969, -0.613898], "extended": true, "handId": 792, "id": 7924, "length": 47.3131, "mcpPosition": [-65.7633, 79.5967, 29.4435], "pipPosition": [-53.9129, 63.7097, 2.90758], "stabilizedTipPosition": [-44.6131, 41.5907, -14.0598], "timeVisible": 8.23832, "tipPosition": [-42.7812, 42.7914, -16.5842], "tipVelocity": [29.7798, -32.5369, -3.67755], "tool": false, "touchDistance": 0.175316, "touchZone": "hovering", "type": 4, "width": 16.2624}, {"bases": [[[0.869701, 0.0396303, -0.491985], [-0.192936, 0.944761, -0.264959], [0.454307, 0.325357, 0.829306]], [[0.980724, 0.177166, -0.0824188], [-0.19296, 0.94455, -0.265692], [0.030777, 0.276474, 0.960528]], [[0.980724, 0.177166, -0.0824188], [-0.194877, 0.856025, -0.478795], [-0.0142737, 0.485627, 0.87405]], [[0.980724, 0.177166, -0.0824188], [-0.190819, 0.77759, -0.599118], [-0.0420555, 0.603297, 0.796407]]], "btipPosition": [-1.79621, 43.0863, -34.052], "carpPosition": [-35.1963, 98.6085, 97.6638], "dipPosition": [-1.12315, 52.7415, -21.3063], "direction": [-0.0142737, -0.485627, -0.87405], "extended": true, "handId": 792, "id": 7921, "length": 55.0847, "mcpPosition": [-2.03854, 74.8622, 37.1366], "pipPosition": [-0.799989, 63.7362, -1.51758], "stabilizedTipPosition": [-5.20416, 40.6228, -25.8875], "timeVisible": 8.23832, "tipPosition": [-0.0420861, 39.653, -28.0929], "tipVelocity": [36.3098, 4.2796, -32.5353], "tool": false, "touchDistance": 0.161143, "touchZone": "hovering", "type": 1, "width": 19.5897}, {"bases": [[[0.943147, -0.0784203, -0.322993], [-0.0331042, 0.944773, -0.326049], [0.330724, 0.318204, 0.888464]], [[0.991704, -0.00949249, -0.128195], [-0.0392048, 0.927422, -0.371957], [0.122422, 0.373897, 0.919355]], [[0.991704, -0.00949249, -0.128195], [-0.061334, 0.841488, -0.536784], [0.11297, 0.540193, 0.833924]], [[0.991704, -0.00949249, -0.128195], [-0.113091, 0.409664, -0.905199], [0.0611094, 0.912187, 0.405191]]], "btipPosition": [-12.6119, 31.1421, -41.5605], "carpPosition": [-45.1146, 100.493, 90.7865], "dipPosition": [-13.6875, 47.1988, -34.4282], "direction": [0.11297, -0.540193, -0.833924], "extended": true, "handId": 792, "id": 7922, "length": 62.7645, "mcpPosition": [-22.2238, 78.4686, 29.2924], "pipPosition": [-16.6966, 61.5875, -12.2156], "stabilizedTipPosition": [-13.9944, 30.8194, -35.7636], "timeVisible": 8.23832, "tipPosition": [-10.6635, 32.733, -39.7745], "tipVelocity": [7.57957, -2.14071, -29.3129], "tool": false, "touchDistance": 0.333115, "touchZone": "hovering", "type": 2, "width": 19.2397}, {"bases": [[[0.98133, -0.101736, -0.163224], [0.0449236, 0.946418, -0.319804], [0.187014, 0.3065, 0.933319]], [[0.910364, -0.170605, -0.377003], [0.00121057, 0.912151, -0.409852], [0.413806, 0.372658, 0.830596]], [[0.910364, -0.170605, -0.377003], [-0.0643839, 0.841566, -0.536304], [0.408769, 0.512505, 0.755147]], [[0.910364, -0.170605, -0.377003], [-0.194152, 0.628459, -0.753222], [0.365434, 0.758902, 0.539004]]], "btipPosition": [-10.3119, 38.9034, -35.9332], "carpPosition": [-56.2541, 100.127, 85.855], "dipPosition": [-16.7075, 52.1851, -26.5], "direction": [0.408769, -0.512505, -0.755147], "extended": true, "handId": 792, "id": 7923, "length": 60.3498, "mcpPosition": [-44.6326, 81.0799, 27.8562], "pipPosition": [-27.3143, 65.4837, -6.9052], "stabilizedTipPosition": [-14.778, 40.7521, -32.6988], "timeVisible": 8.23832, "tipPosition": [-14.634, 40.75, -34.4986], "tipVelocity": [58.3838, -7.83479, -19.3507], "tool": false, "touchDistance": 0.233628, "touchZone": "hovering", "type": 3, "width": 18.3078}], "r": [[0.860898, 0.497239, 0.107739], [-0.434533, 0.828743, -0.352657], [-0.264643, 0.256785, 0.92953]], "s": 0.849347, "t": [35.5548, -51.59, -55.9665], "timestamp": 747348610445}, {"currentFrameRate": 107.85, "devices": [], "gestures": [], "hands": [{"armBasis": [[0.968522, 0.00330511, -0.248904], [0.139689, 0.820415, 0.554442], [0.206037, -0.571759, 0.794129]], "armWidth": 64.1309, "confidence": 1, "direction": [0.3282, -0.172644, -0.928697], "elbow": [119, -64.9615, 331.084], "grabAngle": 0.593652, "grabStrength": 0, "id": 792, "palmNormal": [-0.127618, -0.982246, 0.137498], "palmPosition": [-33.5019, 78.8037, 51.8308], "palmVelocity": [17.548, 5.0807, -23.6975], "palmWidth": 90.2675, "pinchDistance": 47.5068, "pinchStrength": 0, "r": [[0.859389, 0.500226, 0.105943], [-0.438879, 0.827941, -0.349141], [-0.262364, 0.253552, 0.931062]], "s": 0.848619, "sphereCenter": [-61.6984, -49.159, 53.0109], "sphereRadius": 132.994, "stabilizedPalmPosition": [-36.4595, 78.7433, 55.2387], "t": [-35.4194, -51.584, -56.2028], "timeVisible": 8.24694, "type": "left", "wrist": [-63.8117, 88.1875, 118.372]}], "id": 1363476, "interactionBox": {"center": [0, 200, 0], "size": [235.247, 235.247, 147.751]}, "pointables": [{"bases": [[[0.198435, 0.874392, -0.442789], [-0.682233, 0.447585, 0.578122], [0.703692, 0.187365, 0.685356]], [[0.165209, 0.864641, -0.474449], [-0.669539, 0.451548, 0.589765], [0.724171, 0.220228, 0.65351]], [[0.165209, 0.864641, -0.474449], [-0.942515, 0.280092, 0.182247], [0.290468, 0.417066, 0.861211]], [[0.165209, 0.864641, -0.474449], [-0.9819, 0.0990199, -0.161455], [-0.0926205, 0.492535, 0.86535]]], "btipPosition": [9.48192, 45.7802, 33.9173], "carpPosition": [-33.6262, 80.8034, 112.755], "dipPosition": [11.5123, 56.5776, 52.8876], "direction": [0.290468, -0.417066, -0.861211], "extended": false, "handId": 792, "id": 7920, "length": 48.8171, "mcpPosition": [-33.6262, 80.8034, 112.755], "pipPosition": [2.23563, 69.8975, 80.3922], "stabilizedTipPosition": [12.3553, 53.991, 40.6872], "timeVisible": 8.24694, "tipPosition": [13.261, 52.5954, 39.6047], "tipVelocity": [-40.778, -80.8811, -5.16799], "tool": false, "touchDistance": 0.206229, "touchZone": "hovering", "type": 0, "width": 20.5085}, {"bases": [[[0.976185, -0.216918, -0.00316597], [0.20881, 0.943456, -0.257465], [0.0588357, 0.250672, 0.966283]], [[0.928187, -0.274108, -0.251663], [0.0971515, 0.831354, -0.547186], [0.359209, 0.483441, 0.798281]], [[0.928187, -0.274108, -0.251663], [-0.0047581, 0.667506, -0.744589], [0.372085, 0.692315, 0.618266]], [[0.928187, -0.274108, -0.251663], [-0.0047581, 0.667506, -0.744589], [0.372085, 0.692315, 0.618266]]], "btipPosition": [-40.7955, 39.9094, -18.6382], "carpPosition": [-68.9017, 94.2027, 84.6959], "dipPosition": [-46.8031, 51.0873, -8.65594], "direction": [0.372085, -0.692315, -0.618266], "extended": true, "handId": 792, "id": 7924, "length": 47.3131, "mcpPosition": [-65.5172, 79.7828, 29.1108], "pipPosition": [-53.6199, 63.7709, 2.67108], "stabilizedTipPosition": [-44.5057, 41.63, -14.1604], "timeVisible": 8.24694, "tipPosition": [-42.4844, 42.936, -16.8584], "tipVelocity": [32.5077, 20.1351, -43.0081], "tool": false, "touchDistance": 0.169135, "touchZone": "hovering", "type": 4, "width": 16.2624}, {"bases": [[[0.867555, 0.0433629, -0.495447], [-0.197512, 0.944305, -0.263207], [0.456439, 0.326203, 0.827801]], [[0.979715, 0.180867, -0.0862903], [-0.197557, 0.943935, -0.264494], [0.0336143, 0.276176, 0.960519]], [[0.979715, 0.180867, -0.0862903], [-0.200093, 0.85919, -0.47091], [-0.0110322, 0.478623, 0.877951]], [[0.979715, 0.180867, -0.0862903], [-0.196476, 0.782186, -0.591255], [-0.0394433, 0.596215, 0.801855]]], "btipPosition": [-1.37035, 43.3116, -34.3078], "carpPosition": [-35.1555, 98.6117, 97.4733], "dipPosition": [-0.7391, 52.8534, -21.475], "direction": [-0.0110322, -0.478623, -0.877951], "extended": true, "handId": 792, "id": 7921, "length": 55.0847, "mcpPosition": [-1.84206, 74.8036, 37.0559], "pipPosition": [-0.489328, 63.6896, -1.59792], "stabilizedTipPosition": [-5.11492, 40.7323, -26.0102], "timeVisible": 8.24694, "tipPosition": [0.263602, 39.7434, -28.2497], "tipVelocity": [48.2765, 23.1044, -27.349], "tool": false, "touchDistance": 0.157213, "touchZone": "hovering", "type": 1, "width": 19.5897}, {"bases": [[[0.94212, -0.0745851, -0.326874], [-0.037929, 0.944974, -0.32494], [0.333123, 0.318531, 0.88745]], [[0.991685, -0.00442037, -0.128611], [-0.044279, 0.926664, -0.373274], [0.120829, 0.375865, 0.918763]], [[0.991685, -0.00442037, -0.128611], [-0.0653051, 0.843872, -0.532555], [0.110885, 0.536526, 0.836567]], [[0.991685, -0.00442037, -0.128611], [-0.115576, 0.4089, -0.905231], [0.0565903, 0.912569, 0.404989]]], "btipPosition": [-12.577, 31.1686, -41.7589], "carpPosition": [-45.0388, 100.54, 90.558], "dipPosition": [-13.5731, 47.232, -34.6302], "direction": [0.110885, -0.536526, -0.836567], "extended": true, "handId": 792, "id": 7922, "length": 62.7645, "mcpPosition": [-21.982, 78.4929, 29.1341], "pipPosition": [-16.5267, 61.523, -12.3472], "stabilizedTipPosition": [-13.9813, 30.8642, -35.8118], "timeVisible": 8.24694, "tipPosition": [-10.3633, 32.8267, -39.9365], "tipVelocity": [6.16475, 3.25089, -23.1109], "tool": false, "touchDistance": 0.333156, "touchZone": "hovering", "type": 2, "width": 19.2397}, {"bases": [[[0.981034, -0.0979202, -0.167284], [0.0401167, 0.946903, -0.319008], [0.189639, 0.306247, 0.932872]], [[0.909257, -0.166972, -0.381276], [-0.00435715, 0.912144, -0.409847], [0.416211, 0.374317, 0.828646]], [[0.909257, -0.166972, -0.381276], [-0.0721326, 0.838942, -0.539419], [0.409936, 0.517973, 0.750771]], [[0.909257, -0.166972, -0.381276], [-0.19414, 0.640146, -0.743319], [0.368186, 0.749889, 0.549641]]], "btipPosition": [-9.87513, 38.959, -36.1702], "carpPosition": [-56.1596, 100.22, 85.5813], "dipPosition": [-16.3188, 52.0829, -26.5508], "direction": [0.409936, -0.517973, -0.750771], "extended": true, "handId": 792, "id": 7923, "length": 60.3498, "mcpPosition": [-44.3749, 81.189, 27.6102], "pipPosition": [-26.956, 65.5234, -7.06959], "stabilizedTipPosition": [-14.499, 40.8521, -32.8015], "timeVisible": 8.24694, "tipPosition": [-14.2589, 40.8175, -34.6607], "tipVelocity": [49.374, 2.23648, -22.5217], "tool": false, "touchDistance": 0.230392, "touchZone": "hovering", "type": 3, "width": 18.3078}], "r": [[0.859389, 0.500226, 0.105943], [-0.438879, 0.827941, -0.349141], [-0.262364, 0.253552, 0.931062]], "s": 0.848619, "t": [35.4194, -51.584, -56.2028], "timestamp": 747348619067}, {"currentFrameRate": 108.159, "devices": [], "gestures": [], "hands": [{"armBasis": [[0.969278, -0.00505804, -0.245915], [0.144144, 0.821799, 0.551243], [0.199304, -0.569754, 0.797281]], "armWidth": 64.1309, "confidence": 1, "direction": [0.33145, -0.174328, -0.927227], "elbow": [-117.176, -64.2267, 331.64], "grabAngle": 0.588774, "grabStrength": 0, "id": 792, "palmNormal": [-0.124421, -0.982274, 0.140201], "palmPosition": [-33.3385, 78.9031, 51.6322], "palmVelocity": [18.8161, 11.4399, -22.8584], "palmWidth": 90.2675, "pinchDistance": 56.2048, "pinchStrength": 0, "r": [[0.858595, 0.502053, 0.103721], [-0.441936, 0.827387, -0.346588], [-0.259823, 0.25174, 0.932265]], "s": 0.848305, "sphereCenter": [-61.9016, -48.4433, 52.7317], "sphereRadius": 132.414, "stabilizedPalmPosition": [-36.4568, 78.7434, 55.2357], "t": [-35.27, -51.5313, -56.4203], "timeVisible": 8.25562, "type": "left", "wrist": [-63.791, 88.3855, 118.084]}], "id": 1363477, "interactionBox": {"center": [0, 200, 0], "size": [235.247, 235.247, 147.751]}, "pointables": [{"bases": [[[0.200373, 0.87228, -0.44607], [-0.678959, 0.451873, 0.578641], [0.706304, 0.18692, 0.682785]], [[0.164451, 0.861728, -0.47998], [-0.669081, 0.454995, 0.587631], [0.724767, 0.224508, 0.65139]], [[0.164451, 0.861728, -0.47998], [-0.943872, 0.278795, 0.177141], [0.286463, 0.423908, 0.859209]], [[0.164451, 0.861728, -0.47998], [-0.981762, 0.0959348, -0.164137], [-0.0953945, 0.498218, 0.861788]]], "btipPosition": [9.30676, 45.5134, 33.9586], "carpPosition": [-33.6422, 81.0917, 112.549], "dipPosition": [11.398, 56.4354, 52.8508], "direction": [0.286463, -0.423908, -0.859209], "extended": false, "handId": 792, "id": 7920, "length": 48.8171, "mcpPosition": [-33.6422, 81.0917, 112.549], "pipPosition": [2.24917, 69.9738, 80.2915], "stabilizedTipPosition": [12.1226, 53.4504, 40.4712], "timeVisible": 8.25562, "tipPosition": [13.3967, 52.6273, 39.5645], "tipVelocity": [-18.5539, -27.4133, 2.68811], "tool": false, "touchDistance": 0.206618, "touchZone": "hovering", "type": 0, "width": 20.5085}, {"bases": [[[0.975374, -0.220496, -0.005236], [0.211524, 0.941881, -0.260992], [0.0624796, 0.253458, 0.965327]], [[0.926859, -0.278044, -0.252237], [0.0951923, 0.824007, -0.558525], [0.36314, 0.493663, 0.790207]], [[0.926859, -0.278044, -0.252237], [-0.00272189, 0.666904, -0.745139], [0.375399, 0.691325, 0.617369]], [[0.926859, -0.278044, -0.252237], [-0.00272189, 0.666904, -0.745139], [0.375399, 0.691325, 0.617369]]], "btipPosition": [-40.3267, 39.5166, -18.6314], "carpPosition": [-68.8869, 94.2746, 84.3495], "dipPosition": [-46.3878, 50.6785, -8.66356], "direction": [0.375399, -0.691325, -0.617369], "extended": true, "handId": 792, "id": 7924, "length": 47.3131, "mcpPosition": [-65.2928, 79.6945, 28.8193], "pipPosition": [-53.2653, 63.344, 2.64702], "stabilizedTipPosition": [-44.366, 41.6527, -14.2697], "timeVisible": 8.25562, "tipPosition": [-41.9909, 42.7766, -16.9583], "tipVelocity": [52.5533, -45.6406, 0.405854], "tool": false, "touchDistance": 0.169194, "touchZone": "hovering", "type": 4, "width": 16.2624}, {"bases": [[[0.866305, 0.0386488, -0.498018], [-0.194807, 0.944198, -0.265594], [0.459963, 0.327103, 0.825492]], [[0.980128, 0.177066, -0.089426], [-0.194818, 0.944122, -0.265857], [0.0373549, 0.277995, 0.959856]], [[0.980128, 0.177066, -0.089426], [-0.19832, 0.864858, -0.461183], [-0.00431901, 0.469753, 0.882787]], [[0.980128, 0.177066, -0.089426], [-0.195635, 0.78828, -0.583388], [-0.0328053, 0.589289, 0.807256]]], "btipPosition": [-0.742144, 43.7193, -34.574], "carpPosition": [-35.1932, 98.8466, 97.2079], "dipPosition": [-0.217129, 53.1503, -21.6547], "direction": [-0.00431901, -0.469753, -0.882787], "extended": true, "handId": 792, "id": 7921, "length": 55.0847, "mcpPosition": [-1.6226, 74.9729, 36.959], "pipPosition": [-0.119345, 63.7856, -1.66811], "stabilizedTipPosition": [-4.99935, 40.8649, -26.154], "timeVisible": 8.25562, "tipPosition": [0.750302, 39.9145, -28.3382], "tipVelocity": [69.5029, 44.002, -28.3454], "tool": false, "touchDistance": 0.153109, "touchZone": "hovering", "type": 1, "width": 19.5897}, {"bases": [[[0.940914, -0.0790466, -0.32929], [-0.0353981, 0.944091, -0.327778], [0.336789, 0.320067, 0.885511]], [[0.991905, -0.00683224, -0.126799], [-0.0419354, 0.924903, -0.377883], [0.119858, 0.380141, 0.91713]], [[0.991905, -0.00683224, -0.126799], [-0.0626769, 0.842095, -0.535675], [0.110436, 0.539286, 0.83485]], [[0.991905, -0.00683224, -0.126799], [-0.113647, 0.397697, -0.910451], [0.0566479, 0.917492, 0.393701]]], "btipPosition": [-12.4032, 30.8864, -41.6057], "carpPosition": [-45.0639, 100.717, 90.2589], "dipPosition": [-13.4003, 47.0364, -34.6757], "direction": [0.110436, -0.539286, -0.83485], "extended": true, "handId": 792, "id": 7922, "length": 62.7645, "mcpPosition": [-21.7534, 78.5639, 28.9691], "pipPosition": [-16.3419, 61.4009, -12.4384], "stabilizedTipPosition": [-13.9631, 30.9144, -35.8682], "timeVisible": 8.25562, "tipPosition": [-9.85629, 32.7805, -39.9282], "tipVelocity": [19.984, -30.1985, 12.3749], "tool": false, "touchDistance": 0.333406, "touchZone": "hovering", "type": 2, "width": 19.2397}, {"bases": [[[0.980194, -0.102028, -0.169738], [0.0426705, 0.945753, -0.322071], [0.19339, 0.30845, 0.931375]], [[0.907845, -0.171294, -0.382722], [-0.00250351, 0.91052, -0.413458], [0.419298, 0.376314, 0.826182]], [[0.907845, -0.171294, -0.382722], [-0.0736447, 0.833424, -0.547705], [0.412788, 0.525417, 0.744005]], [[0.907845, -0.171294, -0.382722], [-0.188257, 0.649074, -0.737064], [0.374669, 0.741189, 0.557011]]], "btipPosition": [-9.33519, 38.8188, -36.2569], "carpPosition": [-56.1694, 100.341, 85.2519], "dipPosition": [-15.8923, 51.7905, -26.5085], "direction": [0.412788, -0.525417, -0.744005], "extended": true, "handId": 792, "id": 7923, "length": 60.3498, "mcpPosition": [-44.1516, 81.1733, 27.3738], "pipPosition": [-26.6035, 65.4241, -7.20284], "stabilizedTipPosition": [-14.1955, 40.9309, -32.9022], "timeVisible": 8.25562, "tipPosition": [-13.6938, 40.726, -34.6815], "tipVelocity": [59.1515, -20.1692, -6.5621], "tool": false, "touchDistance": 0.229442, "touchZone": "hovering", "type": 3, "width": 18.3078}], "r": [[0.858595, 0.502053, 0.103721], [-0.441936, 0.827387, -0.346588], [-0.259823, 0.25174, 0.932265]], "s": 0.848305, "t": [35.27, -51.5313, -56.4203], "timestamp": 747348627754}, {"currentFrameRate": 108.469, "devices": [], "gestures": [], "hands": [{"armBasis": [[0.970296, -0.011715, -0.241636], [0.146563, 0.823124, 0.548623], [0.192469, -0.567741, 0.800391]], "armWidth": 64.1309, "confidence": 1, "direction": [0.333291, -0.174409, -0.926552], "elbow": [-115.333, -63.4258, 332.311], "grabAngle": 0.579641, "grabStrength": 0, "id": 792, "palmNormal": [-0.121928, -0.982462, 0.141074], "palmPosition": [-33.2784, 79.1566, 51.4972], "palmVelocity": [6.93423, 29.2749, -15.5908], "palmWidth": 90.2675, "pinchDistance": 56.0623, "pinchStrength": 0, "r": [[0.858256, 0.503067, 0.101587], [-0.444021, 0.827107, -0.344586], [-0.257373, 0.250636, 0.933242]], "s": 0.848472, "sphereCenter": [-61.2937, -47.5784, 52.5668], "sphereRadius": 131.692, "stabilizedPalmPosition": [-36.4529, 78.7439, 55.231], "t": [-35.1653, -51.3782, -56.5965], "timeVisible": 8.26429, "type": "left", "wrist": [-63.7786, 88.6472, 117.922]}], "id": 1363478, "interactionBox": {"center": [0, 200, 0], "size": [235.247, 235.247, 147.751]}, "pointables": [{"bases": [[[0.202113, 0.871247, -0.447301], [-0.676863, 0.454357, 0.579151], [0.707818, 0.185708, 0.681547]], [[0.167323, 0.861145, -0.480034], [-0.665612, 0.457855, 0.589347], [0.727299, 0.220905, 0.649798]], [[0.167323, 0.861145, -0.480034], [-0.946326, 0.276852, 0.166795], [0.276533, 0.42636, 0.861247]], [[0.167323, 0.861145, -0.480034], [-0.980349, 0.0937191, -0.17359], [-0.104498, 0.499647, 0.859903]]], "btipPosition": [8.8799, 45.9001, 33.8758], "carpPosition": [-33.6777, 81.4096, 112.411], "dipPosition": [11.1707, 56.8534, 52.7266], "direction": [0.276533, -0.42636, -0.861247], "extended": false, "handId": 792, "id": 7920, "length": 48.8171, "mcpPosition": [-33.6777, 81.4096, 112.411], "pipPosition": [2.33901, 70.4701, 80.2324], "stabilizedTipPosition": [11.8768, 52.995, 40.2667], "timeVisible": 8.26429, "tipPo