{"frames": 79, "data": [{"currentFrameRate": 115.264, "devices": [], "gestures": [], "hands": [{"armBasis": [[0.938114, -0.0898747, -0.334461], [0.291952, 0.724716, 0.62414], [0.186295, -0.683161, 0.706105]], "armWidth": 64.3496, "confidence": 1, "direction": [-0.11026, 0.319204, -0.94125], "elbow": [-74.8959, -8.54017, 338.874], "grabAngle": 2.56361, "grabStrength": 0, "id": 753, "palmNormal": [0.346348, -0.875324, -0.337419], "palmPosition": [-22.1592, 199.191, 82.7452], "palmVelocity": [1.19565, 22.6581, 7.56708], "palmWidth": 89.2012, "pinchDistance": 63.7342, "pinchStrength": 0.546918, "r": [[0.987072, 0.028673, 0.157693], [-0.00331361, 0.987309, -0.158779], [-0.160245, 0.156203, 0.974639]], "s": 0.93761, "sphereCenter": [9.01518, 189.306, 53.1461], "sphereRadius": 48.6583, "stabilizedPalmPosition": [-24.4748, 197.327, 85.4097], "t": [-4.22556, 52.7451, 6.40672], "timeVisible": 1.85575, "type": "left", "wrist": [-25.5851, 172.287, 151.973]}], "id": 1344478, "interactionBox": {"center": [0, 200, 0], "size": [235.247, 235.247, 147.751]}, "pointables": [{"bases": [[[0.936892, -0.304452, -0.171881], [0.335436, 0.921365, 0.196392], [0.098573, -0.241653, 0.965343]], [[0.941775, -0.322815, -0.0940728], [0.335987, 0.892568, 0.300725], [-0.0131122, -0.314822, 0.94906]], [[0.941775, -0.322815, -0.0940728], [0.335987, 0.892568, 0.300725], [-0.0131122, -0.314822, 0.94906]], [[0.941775, -0.322815, -0.0940728], [0.335285, 0.922693, 0.190321], [0.0253616, -0.210781, 0.977204]]], "btipPosition": [-3.16954, 242.104, -18.3263], "carpPosition": [-9.8395, 200.354, 130.358], "dipPosition": [-3.5956, 238.563, -1.91017], "direction": [-0.0131122, 0.314822, -0.94906], "extended": true, "handId": 753, "id": 7531, "length": 57.8214, "mcpPosition": [-2.7301, 217.782, 60.7345], "pipPosition": [-3.28398, 231.081, 20.6443], "stabilizedTipPosition": [-4.70289, 240.297, -14.2335], "timeVisible": 1.85575, "tipPosition": [-3.84197, 241.772, -14.258], "tipVelocity": [-0.799795, 63.5625, 23.6156], "tool": false, "touchDistance": 0.21127, "touchZone": "hovering", "type": 1, "width": 19.7848}, {"bases": [[[0.706173, 0.699048, 0.112477], [-0.637888, 0.559187, 0.529536], [0.307276, -0.445692, 0.840797]], [[0.621948, 0.779555, -0.0739963], [-0.766806, 0.625466, 0.144224], [0.158713, -0.0329593, 0.986774]], [[0.621948, 0.779555, -0.0739963], [-0.767423, 0.588012, -0.255545], [-0.1557, 0.215722, 0.963961]], [[0.621948, 0.779555, -0.0739963], [-0.651942, 0.463145, -0.600391], [-0.433766, 0.421653, 0.796276]]], "btipPosition": [-2.11208, 167.776, 34.9471], "carpPosition": [5.32225, 183.098, 133.875], "dipPosition": [7.86939, 177.479, 53.2703], "direction": [-0.1557, -0.215722, -0.963961], "extended": false, "handId": 753, "id": 7530, "length": 51.2425, "mcpPosition": [5.32225, 183.098, 133.875], "pipPosition": [13.0891, 184.711, 85.586], "stabilizedTipPosition": [0.268546, 170.782, 40.1943], "timeVisible": 1.85575, "tipPosition": [5.25709, 173.241, 38.2535], "tipVelocity": [6.97412, 28.7912, 2.75281], "tool": false, "touchDistance": 0.28244, "touchZone": "hovering", "type": 0, "width": 20.7127}, {"bases": [[[0.870592, -0.486881, -0.0708241], [0.491083, 0.8511, 0.185653], [-0.0301123, -0.196408, 0.98006]], [[0.86722, -0.497782, -0.0119284], [0.185497, 0.345214, -0.92001], [0.462082, 0.795638, 0.391713]], [[0.86722, -0.497782, -0.0119284], [-0.410628, -0.701423, -0.582573], [0.281628, 0.510117, -0.812691]], [[0.86722, -0.497782, -0.0119284], [-0.494427, -0.863716, 0.0976565], [-0.0589144, -0.078792, -0.995149]]], "btipPosition": [5.09501, 161.315, 83.589], "carpPosition": [-21.5301, 198.395, 128.076], "dipPosition": [6.18356, 159.859, 65.2017], "direction": [0.281628, -0.510117, 0.812691], "extended": false, "handId": 753, "id": 7532, "length": 65.8828, "mcpPosition": [-23.5897, 211.829, 61.0434], "pipPosition": [-1.69062, 174.122, 42.4793], "stabilizedTipPosition": [5.03265, 160.637, 80.0834], "timeVisible": 1.85575, "tipPosition": [6.64131, 158.828, 69.3408], "tipVelocity": [-2.83299, 20.2352, -1.65625], "tool": false, "touchDistance": 0.333333, "touchZone": "none", "type": 2, "width": 19.4313}, {"bases": [[[0.817158, -0.573242, 0.0603793], [0.550818, 0.807445, 0.211266], [-0.169859, -0.139379, 0.975562]], [[0.805503, -0.580568, 0.118769], [0.32377, 0.263302, -0.90876], [0.496325, 0.770463, 0.400061]], [[0.805503, -0.580568, 0.118769], [-0.426082, -0.706709, -0.564816], [0.411849, 0.404355, -0.816625]], [[0.805503, -0.580568, 0.118769], [-0.590156, -0.80407, 0.0720285], [0.0536813, -0.128112, -0.990306]]], "btipPosition": [-8.84453, 159.522, 89.5556], "carpPosition": [-32.4214, 193.469, 126.603], "dipPosition": [-9.8307, 157.168, 71.363], "direction": [0.411849, -0.404355, 0.816625], "extended": false, "handId": 753, "id": 7533, "length": 63.3481, "mcpPosition": [-42.8522, 202.028, 66.695], "pipPosition": [-21.0484, 168.182, 49.1202], "stabilizedTipPosition": [-9.7649, 157.805, 86.1321], "timeVisible": 1.85575, "tipPosition": [-8.50413, 156.149, 76.33], "tipVelocity": [-3.54357, 20.3799, -1.83044], "tool": false, "touchDistance": 0.333333, "touchZone": "none", "type": 3, "width": 18.4901}, {"bases": [[[0.689688, -0.711001, 0.137141], [0.654025, 0.692948, 0.303438], [-0.310777, -0.119584, 0.94293]], [[0.677234, -0.715072, 0.17328], [0.456811, 0.224024, -0.860893], [0.576782, 0.662182, 0.478369]], [[0.677234, -0.715072, 0.17328], [-0.46102, -0.595953, -0.657496], [0.573424, 0.365394, -0.733262]], [[0.677234, -0.715072, 0.17328], [-0.717384, -0.694056, -0.0603815], [0.163443, -0.0834157, -0.98302]]], "btipPosition": [-24.3001, 160.255, 86.6546], "carpPosition": [-40.4839, 182.092, 126.126], "dipPosition": [-27.0701, 158.842, 69.9946], "direction": [0.573424, -0.365394, 0.733262], "extended": false, "handId": 753, "id": 7534, "length": 49.6637, "mcpPosition": [-58.1501, 188.89, 72.5245], "pipPosition": [-38.0975, 165.868, 55.8934], "stabilizedTipPosition": [-25.1407, 158.863, 84.0724], "timeVisible": 1.85575, "tipPosition": [-24.5363, 158.081, 76.1536], "tipVelocity": [-2.84772, 24.5257, -0.605829], "tool": false, "touchDistance": 0.333333, "touchZone": "none", "type": 4, "width": 16.4243}], "r": [[0.987072, 0.028673, 0.157693], [-0.00331361, 0.987309, -0.158779], [-0.160245, 0.156203, 0.974639]], "s": 0.93761, "t": [4.22556, 52.7451, 6.40672], "timestamp": 747181094248}, {"currentFrameRate": 115.297, "devices": [], "gestures": [], "hands": [{"armBasis": [[0.938106, -0.0904114, -0.334339], [0.292139, 0.725087, 0.623622], [0.186042, -0.682697, 0.706621]], "armWidth": 64.3496, "confidence": 1, "direction": [-0.109813, 0.320698, -0.940794], "elbow": [-74.8339, -8.30166, 339.059], "grabAngle": 2.56258, "grabStrength": 0, "id": 753, "palmNormal": [0.345943, -0.875007, -0.338653], "palmPosition": [-22.1389, 199.391, 82.8236], "palmVelocity": [2.35211, 23.1834, 9.09931], "palmWidth": 89.2012, "pinchDistance": 63.8182, "pinchStrength": 0.547726, "r": [[0.987088, 0.0292299, 0.157491], [-0.00411168, 0.987509, -0.157509], [-0.160128, 0.154827, 0.974878]], "s": 0.938079, "sphereCenter": [9.10553, 189.682, 53.2218], "sphereRadius": 48.7164, "stabilizedPalmPosition": [-24.4623, 197.338, 85.3958], "t": [-4.20878, 52.939, 6.477], "timeVisible": 1.86437, "type": "left", "wrist": [-25.5901, 172.403, 152.022]}], "id": 1344479, "interactionBox": {"center": [0, 200, 0], "size": [235.247, 235.247, 147.751]}, "pointables": [{"bases": [[[0.937017, -0.303655, -0.172606], [0.334966, 0.921256, 0.1977], [0.0989819, -0.243065, 0.964947]], [[0.941934, -0.322147, -0.0947683], [0.335511, 0.891228, 0.305195], [-0.0138576, -0.31927, 0.947563]], [[0.941934, -0.322147, -0.0947683], [0.335511, 0.891228, 0.305195], [-0.0138576, -0.31927, 0.947563]], [[0.941934, -0.322147, -0.0947683], [0.334925, 0.921629, 0.196023], [0.0241931, -0.216381, 0.976009]]], "btipPosition": [-3.20132, 242.714, -18.0953], "carpPosition": [-9.83194, 200.474, 130.442], "dipPosition": [-3.60774, 239.079, -1.69918], "direction": [-0.0138576, 0.31927, -0.947563], "extended": true, "handId": 753, "id": 7531, "length": 57.8214, "mcpPosition": [-2.69305, 218.005, 60.8467], "pipPosition": [-3.27842, 231.491, 20.8197], "stabilizedTipPosition": [-4.67622, 240.327, -14.2352], "timeVisible": 1.86437, "tipPosition": [-3.76144, 242.104, -14.1135], "tipVelocity": [-3.1644, 68.2561, 26.2819], "tool": false, "touchDistance": 0.215044, "touchZone": "hovering", "type": 1, "width": 19.7848}, {"bases": [[[0.705805, 0.69928, 0.113343], [-0.638059, 0.558016, 0.530565], [0.307766, -0.446795, 0.840032]], [[0.6213, 0.780135, -0.0733225], [-0.767132, 0.624663, 0.145964], [0.159673, -0.0344394, 0.986569]], [[0.6213, 0.780135, -0.0733225], [-0.768224, 0.588026, -0.253097], [-0.154335, 0.213577, 0.964658]], [[0.6213, 0.780135, -0.0733225], [-0.652972, 0.463747, -0.598804], [-0.433145, 0.419914, 0.797532]]], "btipPosition": [-2.00827, 168.067, 34.9664], "carpPosition": [5.31897, 183.204, 133.937], "dipPosition": [7.95889, 177.73, 53.3186], "direction": [-0.154335, -0.213577, -0.964658], "extended": false, "handId": 753, "id": 7530, "length": 51.2425, "mcpPosition": [5.31897, 183.204, 133.937], "pipPosition": [13.1328, 184.89, 85.6576], "stabilizedTipPosition": [0.268686, 170.778, 40.1853], "timeVisible": 1.86437, "tipPosition": [5.24516, 173.474, 38.3054], "tipVelocity": [11.6671, 32.6636, 3.01627], "tool": false, "touchDistance": 0.282873, "touchZone": "hovering", "type": 0, "width": 20.7127}, {"bases": [[[0.87085, -0.486275, -0.0718083], [0.490649, 0.851097, 0.186809], [-0.029725, -0.197916, 0.979768]], [[0.867501, -0.497268, -0.0129283], [0.185425, 0.347379, -0.919209], [0.461584, 0.795017, 0.393558]], [[0.867501, -0.497268, -0.0129283], [-0.410267, -0.700544, -0.583882], [0.281289, 0.511822, -0.811735]], [[0.867501, -0.497268, -0.0129283], [-0.493922, -0.864165, 0.0962296], [-0.0590241, -0.0770937, -0.995275]]], "btipPosition": [5.09349, 161.499, 83.5745], "carpPosition": [-21.523, 198.526, 128.153], "dipPosition": [6.18407, 160.074, 65.1849], "direction": [0.281289, -0.511822, 0.811735], "extended": false, "handId": 753, "id": 7532, "length": 65.8828, "mcpPosition": [-23.5561, 212.062, 61.1407], "pipPosition": [-1.68066, 174.385, 42.4891], "stabilizedTipPosition": [5.03445, 160.64, 80.0791], "timeVisible": 1.86437, "tipPosition": [6.63858, 159.038, 69.3944], "tipVelocity": [-0.12243, 22.1864, -1.74788], "tool": false, "touchDistance": 0.333333, "touchZone": "none", "type": 2, "width": 19.4313}, {"bases": [[[0.817502, -0.572866, 0.0592785], [0.550416, 0.807437, 0.212339], [-0.169506, -0.14096, 0.975396]], [[0.805867, -0.580288, 0.117661], [0.323682, 0.265362, -0.908192], [0.49579, 0.769967, 0.401676]], [[0.805867, -0.580288, 0.117661], [-0.425592, -0.705851, -0.566256], [0.411643, 0.406252, -0.815788]], [[0.805867, -0.580288, 0.117661], [-0.589684, -0.804498, 0.0711018], [0.0533982, -0.126681, -0.990505]]], "btipPosition": [-8.85247, 159.701, 89.5424], "carpPosition": [-32.4167, 193.608, 126.67], "dipPosition": [-9.83343, 157.374, 71.3462], "direction": [0.411643, -0.406252, 0.815788], "extended": false, "handId": 753, "id": 7533, "length": 63.3481, "mcpPosition": [-42.8258, 202.264, 66.7719], "pipPosition": [-21.0455, 168.44, 49.1262], "stabilizedTipPosition": [-9.76089, 157.813, 86.1276], "timeVisible": 1.86437, "tipPosition": [-8.50797, 156.357, 76.3678], "tipVelocity": [-0.782166, 21.572, -1.62427], "tool": false, "touchDistance": 0.333333, "touchZone": "none", "type": 3, "width": 18.4901}, {"bases": [[[0.690132, -0.710815, 0.135867], [0.653715, 0.692859, 0.304309], [-0.310444, -0.121195, 0.942834]], [[0.677568, -0.714982, 0.172343], [0.456918, 0.225607, -0.860423], [0.576305, 0.661742, 0.479553]], [[0.677568, -0.714982, 0.172343], [-0.460584, -0.595205, -0.658478], [0.573379, 0.366785, -0.732601]], [[0.677568, -0.714982, 0.172343], [-0.717147, -0.694267, -0.0607663], [0.163099, -0.0824221, -0.983161]]], "btipPosition": [-24.3061, 160.463, 86.6558], "carpPosition": [-40.4856, 182.236, 126.173], "dipPosition": [-27.0703, 159.066, 69.9934], "direction": [0.573379, -0.366785, 0.732601], "extended": false, "handId": 753, "id": 7534, "length": 49.6637, "mcpPosition": [-58.1328, 189.126, 72.5772], "pipPosition": [-38.0968, 166.12, 55.9049], "stabilizedTipPosition": [-25.1393, 158.872, 84.0633], "timeVisible": 1.86437, "tipPosition": [-24.5382, 158.294, 76.1778], "tipVelocity": [-0.540821, 24.542, 0.0786371], "tool": false, "touchDistance": 0.333333, "touchZone": "none", "type": 4, "width": 16.4243}], "r": [[0.987088, 0.0292299, 0.157491], [-0.00411168, 0.987509, -0.157509], [-0.160128, 0.154827, 0.974878]], "s": 0.938079, "t": [4.20878, 52.939, 6.477], "timestamp": 747181102864}, {"currentFrameRate": 115.059, "devices": [], "gestures": [], "hands": [{"armBasis": [[0.93859, -0.0897457, -0.333158], [0.290707, 0.725778, 0.623486], [0.185844, -0.682049, 0.707298]], "armWidth": 64.3496, "confidence": 1, "direction": [-0.109422, 0.322887, -0.940091], "elbow": [-74.7878, -8.03396, 339.302], "grabAngle": 2.56153, "grabStrength": 0, "id": 753, "palmNormal": [0.343795, -0.875105, -0.340583], "palmPosition": [-22.1256, 199.599, 82.9274], "palmVelocity": [1.46077, 22.8538, 11.4086], "palmWidth": 89.2012, "pinchDistance": 63.9035, "pinchStrength": 0.54839, "r": [[0.987074, 0.0300666, 0.157416], [-0.00519424, 0.98773, -0.156086], [-0.160178, 0.153251, 0.975119]], "s": 0.938629, "sphereCenter": [9.16133, 190.036, 53.2992], "sphereRadius": 48.78, "stabilizedPalmPosition": [-24.449, 197.351, 85.3818], "t": [-4.19376, 53.1399, 6.56404], "timeVisible": 1.87347, "type": "left", "wrist": [-25.5965, 172.499, 152.086]}], "id": 1344480, "interactionBox": {"center": [0, 200, 0], "size": [235.247, 235.247, 147.751]}, "pointables": [{"bases": [[[0.93778, -0.301136, -0.172878], [0.332764, 0.921618, 0.199721], [0.099184, -0.244822, 0.964482]], [[0.942711, -0.319781, -0.0950564], [0.333289, 0.890274, 0.310371], [-0.0146243, -0.324271, 0.945851]], [[0.942711, -0.319781, -0.0950564], [0.333289, 0.890274, 0.310371], [-0.0146243, -0.324271, 0.945851]], [[0.942711, -0.319781, -0.0950564], [0.332833, 0.920961, 0.202617], [0.0227503, -0.222647, 0.974634]]], "btipPosition": [-3.22813, 243.357, -17.8244], "carpPosition": [-9.79848, 200.555, 130.543], "dipPosition": [-3.61031, 239.617, -1.4514], "direction": [-0.0146243, 0.324271, -0.945851], "extended": true, "handId": 753, "id": 7531, "length": 57.8214, "mcpPosition": [-2.645, 218.213, 60.9815], "pipPosition": [-3.26276, 231.911, 21.0268], "stabilizedTipPosition": [-4.64663, 240.374, -14.2314], "timeVisible": 1.87347, "tipPosition": [-3.67874, 242.47, -13.9309], "tipVelocity": [-2.33385, 68.0836, 29.1934], "tool": false, "touchDistance": 0.21947, "touchZone": "hovering", "type": 1, "width": 19.7848}, {"bases": [[[0.704147, 0.700672, 0.115047], [-0.639543, 0.555449, 0.531471], [0.308484, -0.447812, 0.839227]], [[0.619288, 0.781863, -0.0719196], [-0.768659, 0.622404, 0.147565], [0.160139, -0.0361037, 0.986434]], [[0.619288, 0.781863, -0.0719196], [-0.769978, 0.58683, -0.250529], [-0.153675, 0.210526, 0.965434]], [[0.619288, 0.781863, -0.0719196], [-0.654669, 0.463623, -0.597044], [-0.433463, 0.416826, 0.798978]]], "btipPosition": [-1.97585, 168.361, 34.9738], "carpPosition": [5.31381, 183.244, 133.997], "dipPosition": [7.99863, 177.953, 53.3592], "direction": [-0.153675, -0.210526, -0.965434], "extended": false, "handId": 753, "id": 7530, "length": 51.2425, "mcpPosition": [5.31381, 183.244, 133.997], "pipPosition": [13.1504, 185.01, 85.7243], "stabilizedTipPosition": [0.269185, 170.776, 40.1754], "timeVisible": 1.87347, "tipPosition": [5.14627, 173.687, 38.3519], "tipVelocity": [3.74884, 30.5418, 1.64873], "tool": false, "touchDistance": 0.283123, "touchZone": "hovering", "type": 0, "width": 20.7127}, {"bases": [[[0.871997, -0.484115, -0.0724807], [0.488613, 0.851841, 0.188745], [-0.0296323, -0.2, 0.979348]], [[0.868651, -0.495237, -0.0136247], [0.185331, 0.350332, -0.918107], [0.459453, 0.794989, 0.396099]], [[0.868651, -0.495237, -0.0136247], [-0.408307, -0.700059, -0.585835], [0.280589, 0.51445, -0.810316]], [[0.868651, -0.495237, -0.0136247], [-0.49197, -0.865511, 0.0941015], [-0.0583948, -0.0750384, -0.995469]]], "btipPosition": [5.01902, 161.645, 83.5483], "carpPosition": [-21.4949, 198.639, 128.255], "dipPosition": [6.09798, 160.258, 65.1552], "direction": [0.280589, -0.51445, 0.810316], "extended": false, "handId": 753, "id": 7532, "length": 65.8828, "mcpPosition": [-23.5216, 212.318, 61.2711], "pipPosition": [-1.74717, 174.642, 42.4991], "stabilizedTipPosition": [5.03592, 160.645, 80.0743], "timeVisible": 1.87347, "tipPosition": [6.55004, 159.213, 69.432], "tipVelocity": [-8.4792, 16.9686, -2.96375], "tool": false, "touchDistance": 0.333333, "touchZone": "none", "type": 2, "width": 19.4313}, {"bases": [[[0.818801, -0.571099, 0.0584076], [0.548471, 0.808266, 0.214208], [-0.169543, -0.143359, 0.97504]], [[0.807161, -0.578667, 0.11677], [0.323713, 0.268456, -0.907271], [0.493661, 0.770114, 0.40401]], [[0.807161, -0.578667, 0.11677], [-0.423504, -0.705419, -0.568356], [0.411261, 0.409302, -0.814455]], [[0.807161, -0.578667, 0.11677], [-0.587861, -0.80598, 0.0694009], [0.0539541, -0.124662, -0.990731]]], "btipPosition": [-8.93221, 159.863, 89.5253], "carpPosition": [-32.4004, 193.75, 126.765], "dipPosition": [-9.92338, 157.573, 71.3248], "direction": [0.411261, -0.409302, 0.814455], "extended": false, "handId": 753, "id": 7533, "length": 63.3481, "mcpPosition": [-42.8118, 202.553, 66.8895], "pipPosition": [-21.1251, 168.722, 49.1411], "stabilizedTipPosition": [-9.75701, 157.822, 86.1225], "timeVisible": 1.87347, "tipPosition": [-8.59778, 156.553, 76.3985], "tipVelocity": [-9.02387, 18.75, -1.99456], "tool": false, "touchDistance": 0.333333, "touchZone": "none", "type": 3, "width": 18.4901}, {"bases": [[[0.691721, -0.709498, 0.134664], [0.652, 0.693738, 0.30598], [-0.310514, -0.123852, 0.942466]], [[0.67921, -0.713753, 0.17097], [0.456822, 0.228801, -0.85963], [0.574446, 0.661972, 0.481462]], [[0.67921, -0.713753, 0.17097], [-0.45884, -0.594752, -0.660103], [0.572835, 0.369901, -0.73146]], [[0.67921, -0.713753, 0.17097], [-0.715573, -0.695784, -0.0619641], [0.163185, -0.0802548, -0.983326]]], "btipPosition": [-24.3939, 160.67, 86.6665], "carpPosition": [-40.4957, 182.398, 126.248], "dipPosition": [-27.1595, 159.31, 70.0014], "direction": [0.572835, -0.369901, 0.731459], "extended": false, "handId": 753, "id": 7534, "length": 49.6637, "mcpPosition": [-58.1469, 189.438, 72.6734], "pipPosition": [-38.1756, 166.424, 55.9348], "stabilizedTipPosition": [-25.1384, 158.884, 84.0533], "timeVisible": 1.87347, "tipPosition": [-24.6228, 158.524, 76.2057], "tipVelocity": [-9.68421, 23.7359, 1.10617], "tool": false, "touchDistance": 0.333333, "touchZone": "none", "type": 4, "width": 16.4243}], "r": [[0.987074, 0.0300666, 0.157416], [-0.00519424, 0.98773, -0.156086], [-0.160178, 0.153251, 0.975119]], "s": 0.938629, "t": [4.19376, 53.1399, 6.56404], "timestamp": 747181111961}, {"currentFrameRate": 115.312, "devices": [], "gestures": [], "hands": [{"armBasis": [[0.938877, -0.0903498, -0.332184], [0.290211, 0.726756, 0.622578], [0.185167, -0.680928, 0.708555]], "armWidth": 64.3496, "confidence": 1, "direction": [-0.109231, 0.324406, -0.93959], "elbow": [-74.5878, -7.60095, 339.684], "grabAngle": 2.56019, "grabStrength": 0, "id": 753, "palmNormal": [0.342621, -0.875033, -0.341948], "palmPosition": [-22.1018, 199.806, 82.9993], "palmVelocity": [2.89265, 25.179, 8.73047], "palmWidth": 89.2012, "pinchDistance": 63.9873, "pinchStrength": 0.549183, "r": [[0.987048, 0.0309371, 0.157412], [-0.00630092, 0.987948, -0.154658], [-0.160299, 0.151663, 0.975347]], "s": 0.939218, "sphereCenter": [9.26122, 190.412, 53.3551], "sphereRadius": 48.8518, "stabilizedPalmPosition": [-24.4364, 197.364, 85.3689], "t": [-4.17432, 53.3441, 6.64353], "timeVisible": 1.88171, "type": "left", "wrist": [-25.5755, 172.635, 152.135]}], "id": 1344481, "interactionBox": {"center": [0, 200, 0], "size": [235.247, 235.247, 147.751]}, "pointables": [{"bases": [[[0.938196, -0.299705, -0.173106], [0.331563, 0.92174, 0.201152], [0.0992718, -0.246116, 0.964143]], [[0.94313, -0.318435, -0.0954168], [0.332064, 0.889133, 0.314923], [-0.0154443, -0.328698, 0.944309]], [[0.94313, -0.318435, -0.0954168], [0.332064, 0.889133, 0.314923], [-0.0154443, -0.328698, 0.944309]], [[0.94313, -0.318435, -0.0954168], [0.331739, 0.919984, 0.208753], [0.0213078, -0.228535, 0.973303]]], "btipPosition": [-3.26431, 243.964, -17.6053], "carpPosition": [-9.76264, 200.677, 130.614], "dipPosition": [-3.62226, 240.124, -1.25471], "direction": [-0.0154443, 0.328698, -0.944309], "extended": true, "handId": 753, "id": 7531, "length": 57.8214, "mcpPosition": [-2.60283, 218.428, 61.0764], "pipPosition": [-3.25522, 232.313, 21.1869], "stabilizedTipPosition": [-4.61861, 240.432, -14.223], "timeVisible": 1.88171, "tipPosition": [-3.61804, 242.802, -13.8009], "tipVelocity": [-3.71369, 70.8276, 25.9567], "tool": false, "touchDistance": 0.223036, "touchZone": "hovering", "type": 1, "width": 19.7848}, {"bases": [[[0.703241, 0.701384, 0.116239], [-0.640359, 0.553864, 0.532141], [0.308855, -0.448658, 0.838638]], [[0.618101, 0.782882, -0.0710415], [-0.769499, 0.621046, 0.148904], [0.160694, -0.037371, 0.986297]], [[0.618101, 0.782882, -0.0710415], [-0.771127, 0.586293, -0.248242], [-0.152693, 0.20822, 0.96609]], [[0.618101, 0.782882, -0.0710415], [-0.655979, 0.463879, -0.595406], [-0.433178, 0.414623, 0.800278]]], "btipPosition": [-1.8943, 168.649, 34.9702], "carpPosition": [5.32872, 183.342, 134.038], "dipPosition": [8.07364, 178.19, 53.3855], "direction": [-0.152693, -0.20822, -0.96609], "extended": false, "handId": 753, "id": 7530, "length": 51.2425, "mcpPosition": [5.32872, 183.342, 134.038], "pipPosition": [13.1925, 185.17, 85.7726], "stabilizedTipPosition": [0.270448, 170.776, 40.166], "timeVisible": 1.88171, "tipPosition": [5.0932, 173.904, 38.3856], "tipVelocity": [9.71294, 33.5368, 0.397909], "tool": false, "touchDistance": 0.283177, "touchZone": "hovering", "type": 0, "width": 20.7127}, {"bases": [[[0.87262, -0.482914, -0.072993], [0.487502, 0.852174, 0.19011], [-0.0296039, -0.201478, 0.979046]], [[0.869275, -0.494127, -0.0141541], [0.185524, 0.352648, -0.917181], [0.458195, 0.794656, 0.39822]], [[0.869275, -0.494127, -0.0141541], [-0.407111, -0.699367, -0.587492], [0.280397, 0.516454, -0.809106]], [[0.869275, -0.494127, -0.0141541], [-0.490937, -0.866304, 0.0921888], [-0.0578147, -0.0731886, -0.995641]]], "btipPosition": [4.99961, 161.811, 83.5082], "carpPosition": [-21.462, 198.779, 128.325], "dipPosition": [6.06784, 160.459, 65.1119], "direction": [0.280397, -0.516454, 0.809106], "extended": false, "handId": 753, "id": 7532, "length": 65.8828, "mcpPosition": [-23.4868, 212.559, 61.3621], "pipPosition": [-1.77192, 174.899, 42.4896], "stabilizedTipPosition": [5.03716, 160.65, 80.0696], "timeVisible": 1.88171, "tipPosition": [6.51588, 159.412, 69.471], "tipVelocity": [-2.65545, 21.1776, -4.95934], "tool": false, "touchDistance": 0.333333, "touchZone": "none", "type": 2, "width": 19.4313}, {"bases": [[[0.819503, -0.570157, 0.0577551], [0.547409, 0.808637, 0.215522], [-0.169584, -0.145005, 0.97479]], [[0.807859, -0.577826, 0.116103], [0.32394, 0.270755, -0.906507], [0.492368, 0.769941, 0.405913]], [[0.807859, -0.577826, 0.116103], [-0.42218, -0.704802, -0.570103], [0.411251, 0.411547, -0.813328]], [[0.807859, -0.577826, 0.116103], [-0.586858, -0.806834, 0.0679423], [0.0544174, -0.123024, -0.990911]]], "btipPosition": [-8.95683, 160.037, 89.4953], "carpPosition": [-32.374, 193.906, 126.831], "dipPosition": [-9.95652, 157.777, 71.2916], "direction": [0.411251, -0.411547, 0.813328], "extended": false, "handId": 753, "id": 7533, "length": 63.3481, "mcpPosition": [-42.7879, 202.81, 66.9705], "pipPosition": [-21.158, 168.986, 49.1386], "stabilizedTipPosition": [-9.75352, 157.833, 86.1175], "timeVisible": 1.88171, "tipPosition": [-8.63092, 156.761, 76.4284], "tipVelocity": [-3.22533, 21.8801, -3.72504], "tool": false, "touchDistance": 0.333333, "touchZone": "none", "type": 3, "width": 18.4901}, {"bases": [[[0.692579, -0.708828, 0.133779], [0.65106, 0.694104, 0.307149], [-0.310572, -0.125627, 0.942212]], [[0.680021, -0.713165, 0.170198], [0.457109, 0.230882, -0.858921], [0.573257, 0.661883, 0.482999]], [[0.680021, -0.713165, 0.170198], [-0.457631, -0.594213, -0.661426], [0.572839, 0.371896, -0.730444]], [[0.680021, -0.713165, 0.170198], [-0.714732, -0.696554, -0.0630119], [0.16349, -0.0787963, -0.983393]]], "btipPosition": [-24.4212, 160.878, 86.66], "carpPosition": [-40.4836, 182.564, 126.299], "dipPosition": [-27.192, 159.543, 69.9937], "direction": [0.572839, -0.371896, 0.730444], "extended": false, "handId": 753, "id": 7534, "length": 49.6637, "mcpPosition": [-58.1381, 189.706, 72.7387], "pipPosition": [-38.2081, 166.695, 55.9466], "stabilizedTipPosition": [-25.1378, 158.897, 84.0438], "timeVisible": 1.88171, "tipPosition": [-24.6525, 158.747, 76.2275], "tipVelocity": [-3.45807, 25.8998, -0.826655], "tool": false, "touchDistance": 0.333333, "touchZone": "none", "type": 4, "width": 16.4243}], "r": [[0.987048, 0.0309371, 0.157412], [-0.00630092, 0.987948, -0.154658], [-0.160299, 0.151663, 0.975347]], "s": 0.939218, "t": [4.17432, 53.3441, 6.64353], "timestamp": 747181120202}, {"currentFrameRate": 115.289, "devices": [], "gestures": [], "hands": [{"armBasis": [[0.938784, -0.0912131, -0.332211], [0.29044, 0.728171, 0.620815], [0.18528, -0.679299, 0.710088]], "armWidth": 64.3496, "confidence": 1, "direction": [-0.10882, 0.324507, -0.939603], "elbow": [-74.6162, -6.94598, 340.192], "grabAngle": 2.5587, "grabStrength": 0, "id": 753, "palmNormal": [0.342233, -0.875203, -0.341901], "palmPosition": [-22.0733, 200.011, 83.0907], "palmVelocity": [3.26561, 23.5063, 10.4895], "palmWidth": 89.2012, "pinchDistance": 64.0739, "pinchStrength": 0.550119, "r": [[0.987031, 0.0317388, 0.157359], [-0.00730092, 0.988121, -0.153505], [-0.160362, 0.150366, 0.975538]], "s": 0.93982, "sphereCenter": [9.40985, 190.781, 53.4591], "sphereRadius": 48.9347, "stabilizedPalmPosition": [-24.4227, 197.379, 85.3558], "t": [-4.15038, 53.5486, 6.72898], "timeVisible": 1.89042, "type": "left", "wrist": [-25.5741, 172.859, 152.237]}], "id": 1344482, "interactionBox": {"center": [0, 200, 0], "size": [235.247, 235.247, 147.751]}, "pointables": [{"bases": [[[0.938314, -0.29919, -0.173354], [0.331115, 0.92191, 0.20111], [0.0996468, -0.246104, 0.964107]], [[0.943272, -0.317866, -0.0959091], [0.331638, 0.888178, 0.318051], [-0.015913, -0.331816, 0.94321]], [[0.943272, -0.317866, -0.0959091], [0.331638, 0.888178, 0.318051], [-0.015913, -0.331816, 0.94321]], [[0.943272, -0.317866, -0.0959091], [0.331407, 0.918936, 0.213835], [0.0201635, -0.23349, 0.97215]]], "btipPosition": [-3.27045, 244.448, -17.4163], "carpPosition": [-9.74566, 200.873, 130.708], "dipPosition": [-3.60918, 240.525, -1.08506], "direction": [-0.015913, 0.331816, -0.94321], "extended": true, "handId": 753, "id": 7531, "length": 57.8214, "mcpPosition": [-2.55881, 218.623, 61.1735], "pipPosition": [-3.231, 232.64, 21.3304], "stabilizedTipPosition": [-4.58902, 240.505, -14.2099], "timeVisible": 1.89042, "tipPosition": [-3.53838, 243.011, -13.7021], "tipVelocity": [-0.197504, 53.378, 21.1791], "tool": false, "touchDistance": 0.226111, "touchZone": "hovering", "type": 1, "width": 19.7848}, {"bases": [[[0.702891, 0.701759, 0.116094], [-0.640525, 0.553494, 0.532327], [0.309308, -0.448529, 0.838541]], [[0.617442, 0.783354, -0.0715635], [-0.769827, 0.620454, 0.149681], [0.161655, -0.0373278, 0.986141]], [[0.617442, 0.783354, -0.0715635], [-0.771947, 0.585928, -0.246548], [-0.151203, 0.207472, 0.966485]], [[0.617442, 0.783354, -0.0715635], [-0.657204, 0.46373, -0.59417], [-0.432259, 0.413897, 0.80115]]], "btipPosition": [-1.76945, 168.876, 35.042], "carpPosition": [5.33547, 183.529, 134.136], "dipPosition": [8.17733, 178.401, 53.4774], "direction": [-0.151203, -0.207472, -0.966485], "extended": false, "handId": 753, "id": 7530, "length": 51.2425, "mcpPosition": [5.33547, 183.529, 134.136], "pipPosition": [13.2463, 185.356, 85.8777], "stabilizedTipPosition": [0.273045, 170.779, 40.1567], "timeVisible": 1.89042, "tipPosition": [5.08769, 174.076, 38.4881], "tipVelocity": [13.7687, 25.656, 8.7748], "tool": false, "touchDistance": 0.284452, "touchZone": "hovering", "type": 0, "width": 20.7127}, {"bases": [[[0.872863, -0.482439, -0.0732333], [0.487089, 0.852429, 0.190025], [-0.0292493, -0.201537, 0.979044]], [[0.869538, -0.493656, -0.0143941], [0.185559, 0.353581, -0.916814], [0.45768, 0.794534, 0.399055]], [[0.869538, -0.493656, -0.0143941], [-0.40667, -0.699172, -0.58803], [0.28022, 0.517168, -0.808711]], [[0.869538, -0.493656, -0.0143941], [-0.490476, -0.866612, 0.091745], [-0.0577646, -0.0727158, -0.995678]]], "btipPosition": [5.012, 161.995, 83.5499], "carpPosition": [-21.4454, 198.981, 128.417], "dipPosition": [6.07931, 160.651, 65.1529], "direction": [0.28022, -0.517168, 0.808711], "extended": false, "handId": 753, "id": 7532, "length": 65.8828, "mcpPosition": [-23.446, 212.766, 61.4537], "pipPosition": [-1.75553, 175.111, 42.5417], "stabilizedTipPosition": [5.03858, 160.656, 80.0647], "timeVisible": 1.89042, "tipPosition": [6.52122, 159.609, 69.6036], "tipVelocity": [1.39823, 21.3042, 4.76892], "tool": false, "touchDistance": 0.333333, "touchZone": "none", "type": 2, "width": 19.4313}, {"bases": [[[0.819826, -0.569717, 0.0575242], [0.547025, 0.808924, 0.21542], [-0.169261, -0.14514, 0.974826]], [[0.808201, -0.577395, 0.115875], [0.323968, 0.2716, -0.906244], [0.491789, 0.769967, 0.406565]], [[0.808201, -0.577395, 0.115875], [-0.421614, -0.704676, -0.570679], [0.411161, 0.412369, -0.812957]], [[0.808201, -0.577395, 0.115875], [-0.586393, -0.807181, 0.0678429], [0.05436, -0.122779, -0.990944]]], "btipPosition": [-8.95167, 160.226, 89.5435], "carpPosition": [-32.3597, 194.114, 126.919], "dipPosition": [-9.9503, 157.97, 71.3392], "direction": [0.411161, -0.412369, 0.812957], "extended": false, "handId": 753, "id": 7533, "length": 63.3481, "mcpPosition": [-42.7538, 203.027, 67.0569], "pipPosition": [-21.1493, 169.202, 49.1963], "stabilizedTipPosition": [-9.74974, 157.845, 86.1125], "timeVisible": 1.89042, "tipPosition": [-8.62578, 156.967, 76.548], "tipVelocity": [0.620176, 21.7731, 5.51583], "tool": false, "touchDistance": 0.333333, "touchZone": "none", "type": 3, "width": 18.4901}, {"bases": [[[0.692996, -0.70846, 0.133573], [0.650762, 0.694442, 0.307016], [-0.310268, -0.125837, 0.942284]], [[0.680227, -0.712869, 0.170611], [0.457574, 0.231131, -0.858606], [0.57264, 0.662115, 0.483412]], [[0.680227, -0.712869, 0.170611], [-0.456974, -0.594414, -0.6617], [0.573119, 0.372141, -0.7301]], [[0.680227, -0.712869, 0.170611], [-0.714491, -0.696816, -0.0628455], [0.163685, -0.0791511, -0.983332]]], "btipPosition": [-24.4083, 161.096, 86.7199], "carpPosition": [-40.4753, 182.777, 126.385], "dipPosition": [-27.1824, 159.755, 70.0546], "direction": [0.573119, -0.372141, 0.730099], "extended": false, "handId": 753, "id": 7534, "length": 49.6637, "mcpPosition": [-58.1125, 189.93, 72.8206], "pipPosition": [-38.204, 166.911, 56.0142], "stabilizedTipPosition": [-25.137, 158.913, 84.0342], "timeVisible": 1.89042, "tipPosition": [-24.6454, 158.957, 76.33], "tipVelocity": [1.38722, 24.8587, 6.89902], "tool": false, "touchDistance": 0.333333, "touchZone": "none", "type": 4, "width": 16.4243}], "r": [[0.987031, 0.0317388, 0.157359], [-0.00730092, 0.988121, -0.153505], [-0.160362, 0.150366, 0.975538]], "s": 0.93982, "t": [4.15038, 53.5486, 6.72898], "timestamp": 747181128916}, {"currentFrameRate": 115.309, "devices": [], "gestures": [], "hands": [{"armBasis": [[0.93871, -0.0916844, -0.332291], [0.290396, 0.729718, 0.619017], [0.185724, -0.677574, 0.711618]], "armWidth": 64.3496, "confidence": 1, "direction": [-0.108814, 0.324816, -0.939497], "elbow": [-74.7238, -6.27988, 340.685], "grabAngle": 2.55733, "grabStrength": 0, "id": 753, "palmNormal": [0.341606, -0.875332, -0.342197], "palmPosition": [-22.0591, 200.213, 83.1713], "palmVelocity": [1.64351, 23.4422, 9.32369], "palmWidth": 89.2012, "pinchDistance": 64.1656, "pinchStrength": 0.551011, "r": [[0.987006, 0.0324971, 0.157362], [-0.0082196, 0.988264, -0.152533], [-0.160472, 0.149258, 0.97569]], "s": 0.940435, "sphereCenter": [9.53334, 191.153, 53.5366], "sphereRadius": 49.0198, "stabilizedPalmPosition": [-24.4089, 197.396, 85.343], "t": [-4.1313, 53.7521, 6.81197], "timeVisible": 1.89906, "type": "left", "wrist": [-25.564, 173.068, 152.325]}], "id": 1344483, "interactionBox": {"center": [0, 200, 0], "size": [235.247, 235.247, 147.751]}, "pointables": [{"bases": [[[0.93854, -0.298552, -0.173231], [0.330489, 0.922068, 0.201416], [0.0995977, -0.246288, 0.964066]], [[0.943487, -0.317184, -0.0960523], [0.330987, 0.88722, 0.321384], [-0.0167185, -0.335014, 0.942065]], [[0.943487, -0.317184, -0.0960523], [0.330987, 0.88722, 0.321384], [-0.0167185, -0.335014, 0.942065]], [[0.943487, -0.317184, -0.0960523], [0.330889, 0.917796, 0.21946], [0.0185473, -0.23884, 0.970882]]], "btipPosition": [-3.32945, 244.945, -17.2383], "carpPosition": [-9.7208, 201.056, 130.786], "dipPosition": [-3.64103, 240.932, -0.928326], "direction": [-0.0167185, 0.335014, -0.942065], "extended": true, "handId": 753, "id": 7531, "length": 57.8214, "mcpPosition": [-2.53749, 218.819, 61.2546], "pipPosition": [-3.24371, 232.971, 21.4599], "stabilizedTipPosition": [-4.56065, 240.589, -14.1926], "timeVisible": 1.89906, "tipPosition": [-3.51538, 243.241, -13.6122], "tipVelocity": [-6.1078, 55.1131, 20.0444], "tool": false, "touchDistance": 0.228997, "touchZone": "hovering", "type": 1, "width": 19.7848}, {"bases": [[[0.702422, 0.702174, 0.116422], [-0.640988, 0.552953, 0.532332], [0.309414, -0.448547, 0.838492]], [[0.6167, 0.783925, -0.0717151], [-0.770319, 0.619731, 0.150137], [0.162141, -0.0373461, 0.986061]], [[0.6167, 0.783925, -0.0717151], [-0.772729, 0.585459, -0.245209], [-0.150239, 0.206637, 0.966814]], [[0.6167, 0.783925, -0.0717151], [-0.658146, 0.463473, -0.593327], [-0.431886, 0.413104, 0.801761]]], "btipPosition": [-1.69017, 169.096, 35.0914], "carpPosition": [5.35007, 183.701, 134.206], "dipPosition": [8.24802, 178.602, 53.5408], "direction": [-0.150239, -0.206637, -0.966814], "extended": false, "handId": 753, "id": 7530, "length": 51.2425, "mcpPosition": [5.35007, 183.701, 134.206], "pipPosition": [13.2846, 185.529, 85.9522], "stabilizedTipPosition": [0.276436, 170.785, 40.1481], "timeVisible": 1.89906, "tipPosition": [5.04826, 174.254, 38.561], "tipVelocity": [8.94944, 24.8991, 6.0864], "tool": false, "touchDistance": 0.285328, "touchZone": "hovering", "type": 0, "width": 20.7127}, {"bases": [[[0.873183, -0.481868, -0.0731708], [0.486508, 0.852689, 0.190346], [-0.0293298, -0.201805, 0.978986]], [[0.869853, -0.493102, -0.0143352], [0.185924, 0.354617, -0.91634], [0.456933, 0.794416, 0.400144]], [[0.869853, -0.493102, -0.0143352], [-0.405941, -0.698981, -0.588759], [0.280298, 0.517953, -0.808181]], [[0.869853, -0.493102, -0.0143352], [-0.489968, -0.866972, 0.0910498], [-0.057325, -0.0721761, -0.995743]]], "btipPosition": [5.00453, 162.177, 83.5687], "carpPosition": [-21.4223, 199.172, 128.497], "dipPosition": [6.06372, 160.844, 65.1705], "direction": [0.280298, -0.517953, 0.808181], "extended": false, "handId": 753, "id": 7532, "length": 65.8828, "mcpPosition": [-23.4283, 212.975, 61.5378], "pipPosition": [-1.7733, 175.326, 42.5741], "stabilizedTipPosition": [5.03998, 160.664, 80.0599], "timeVisible": 1.89906, "tipPosition": [6.50309, 159.803, 69.6976], "tipVelocity": [-1.08161, 21.3952, 2.14738], "tool": false, "touchDistance": 0.333333, "touchZone": "none", "type": 2, "width": 19.4313}, {"bases": [[[0.820174, -0.569212, 0.0575531], [0.546467, 0.809215, 0.215743], [-0.169376, -0.145496, 0.974753]], [[0.808541, -0.576912, 0.1159], [0.324307, 0.272536, -0.905842], [0.491005, 0.769998, 0.407453]], [[0.808541, -0.576912, 0.1159], [-0.42081, -0.70456, -0.571414], [0.411314, 0.41324, -0.812436]], [[0.808541, -0.576912, 0.1159], [-0.585895, -0.807571, 0.0675005], [0.0546552, -0.122482, -0.990965]]], "btipPosition": [-8.96382, 160.415, 89.5764], "carpPosition": [-32.3399, 194.312, 127.001], "dipPosition": [-9.96788, 158.165, 71.3717], "direction": [0.411314, -0.41324, 0.812436], "extended": false, "handId": 753, "id": 7533, "length": 63.3481, "mcpPosition": [-42.7411, 203.247, 67.1426], "pipPosition": [-21.171, 169.42, 49.243], "stabilizedTipPosition": [-9.74596, 157.859, 86.1075], "timeVisible": 1.89906, "tipPosition": [-8.64151, 157.169, 76.6351], "tipVelocity": [-1.55131, 22.0396, 3.79751], "tool": false, "touchDistance": 0.333333, "touchZone": "none", "type": 3, "width": 18.4901}, {"bases": [[[0.693416, -0.708055, 0.13354], [0.650257, 0.694776, 0.307332], [-0.310388, -0.126274, 0.942186]], [[0.680299, -0.712581, 0.171526], [0.458562, 0.231246, -0.858048], [0.571764, 0.662384, 0.484079]], [[0.680299, -0.712581, 0.171526], [-0.456021, -0.59473, -0.662073], [0.573793, 0.372188, -0.729546]], [[0.680299, -0.712581, 0.171526], [-0.714269, -0.697042, -0.0628636], [0.164356, -0.0797496, -0.983172]]], "btipPosition": [-24.4088, 161.324, 86.7689], "carpPosition": [-40.4628, 182.98, 126.465], "dipPosition": [-27.1943, 159.972, 70.1064], "direction": [0.573793, -0.372188, 0.729546], "extended": false, "handId": 753, "id": 7534, "length": 49.6637, "mcpPosition": [-58.1069, 190.158, 72.9062], "pipPosition": [-38.2288, 167.13, 56.0766], "stabilizedTipPosition": [-25.1363, 158.931, 84.0248], "timeVisible": 1.89906, "tipPosition": [-24.6594, 159.167, 76.4141], "tipVelocity": [-0.359292, 26.1027, 5.75456], "tool": false, "touchDistance": 0.333333, "touchZone": "none", "type": 4, "width": 16.4243}], "r": [[0.987006, 0.0324971, 0.157362], [-0.0082196, 0.988264, -0.152533], [-0.160472, 0.149258, 0.97569]], "s": 0.940435, "t": [4.1313, 53.7521, 6.81197], "timestamp": 747181137554}, {"currentFrameRate": 115.249, "devices": [], "gestures": [], "hands": [{"armBasis": [[0.938548, -0.0914092, -0.332825], [0.290388, 0.730336, 0.618292], [0.186556, -0.676945, 0.711999]], "armWidth": 64.3496, "confidence": 1, "direction": [-0.108554, 0.326345, -0.938997], "elbow": [-74.9486, -5.96703, 340.838], "grabAngle": 2.55621, "grabStrength": 0, "id": 753, "palmNormal": [0.340994, -0.875045, -0.34354], "palmPosition": [-22.0389, 200.444, 83.2541], "palmVelocity": [2.30496, 26.3045, 9.43092], "palmWidth": 89.2012, "pinchDistance": 64.2509, "pinchStrength": 0.551789, "r": [[0.986982, 0.0331957, 0.157369], [-0.00909631, 0.988423, -0.15145], [-0.160575, 0.148046, 0.975858]], "s": 0.941047, "sphereCenter": [9.63199, 191.555, 53.6116], "sphereRadius": 49.0848, "stabilizedPalmPosition": [-24.3942, 197.415, 85.3301], "t": [-4.11165, 53.9694, 6.89487], "timeVisible": 1.90784, "type": "left", "wrist": [-25.5687, 173.215, 152.378]}], "id": 1344484, "interactionBox": {"center": [0, 200, 0], "size": [235.247, 235.247, 147.751]}, "pointables": [{"bases": [[[0.938747, -0.297616, -0.173721], [0.329838, 0.92199, 0.202831], [0.099803, -0.247707, 0.963681]], [[0.943708, -0.316348, -0.0966371], [0.330324, 0.885976, 0.325473], [-0.0173445, -0.339073, 0.9406]], [[0.943708, -0.316348, -0.0966371], [0.330324, 0.885976, 0.325473], [-0.0173445, -0.339073, 0.9406]], [[0.943708, -0.316348, -0.0966371], [0.330328, 0.916558, 0.2254], [0.0172687, -0.244634, 0.969462]]], "btipPosition": [-3.35809, 245.561, -17.0056], "carpPosition": [-9.70145, 201.205, 130.871], "dipPosition": [-3.64819, 241.451, -0.719487], "direction": [-0.0173445, 0.339073, -0.9406], "extended": true, "handId": 753, "id": 7531, "length": 57.8214, "mcpPosition": [-2.50333, 219.07, 61.3668], "pipPosition": [-3.236, 233.393, 21.634], "stabilizedTipPosition": [-4.53133, 240.693, -14.1686], "timeVisible": 1.90784, "tipPosition": [-3.4609, 243.625, -13.4589], "tipVelocity": [-2.69941, 67.6301, 25.8807], "tool": false, "touchDistance": 0.232784, "to