{"frames": 106, "data": [{"currentFrameRate": 114.32, "devices": [], "gestures": [], "hands": [{"armBasis": [[0.10654, -0.907086, -0.407239], [0.983144, 0.0348993, 0.179471], [-0.148584, -0.419496, 0.895515]], "armWidth": 59.9533, "confidence": 1, "direction": [-0.120493, 0.124715, -0.984849], "elbow": [-68.1526, -0.408398, 373.234], "grabAngle": 2.57729, "grabStrength": 0, "id": 767, "palmNormal": [0.991086, -0.0416869, -0.126535], "palmPosition": [-109.08, 121.253, 85.6358], "palmVelocity": [-53.2472, 44.895, 26.521], "palmWidth": 83.0304, "pinchDistance": 61.8814, "pinchStrength": 0, "r": [[0.168065, -0.108973, -0.979734], [-0.479082, 0.859576, -0.17779], [0.861531, 0.499253, 0.0922577]], "s": 1.22255, "sphereCenter": [-79.8485, 142.199, 64.6674], "sphereRadius": 45.4128, "stabilizedPalmPosition": [-110.162, 124.828, 88.0455], "t": [6.90673, -21.9398, -4.00863], "timeVisible": 1.24063, "type": "left", "wrist": [-104.761, 102.947, 152.596]}], "id": 1350539, "interactionBox": {"center": [0, 200, 0], "size": [235.247, 235.247, 147.751]}, "pointables": [{"bases": [[[0.932837, -0.337281, -0.126716], [0.350462, 0.767776, 0.536373], [-0.0836186, -0.544758, 0.834414]], [[0.912646, -0.151324, -0.379707], [0.357536, 0.745758, 0.56215], [0.198102, -0.648803, 0.734717]], [[0.912646, -0.151324, -0.379707], [0.309449, 0.862713, 0.39996], [0.267054, -0.482522, 0.834179]], [[0.912646, -0.151324, -0.379707], [0.364487, 0.721731, 0.588434], [0.185002, -0.67543, 0.713841]]], "btipPosition": [-75.013, 191.217, 65.6789], "carpPosition": [-95.8227, 133.364, 138.752], "dipPosition": [-78.8113, 177.35, 80.3347], "direction": [0.267054, 0.482522, -0.834179], "extended": true, "handId": 767, "id": 7670, "length": 45.7193, "mcpPosition": [-95.8227, 133.364, 138.752], "pipPosition": [-86.799, 162.918, 105.285], "stabilizedTipPosition": [-76.6587, 190.435, 73.2042], "timeVisible": 1.24063, "tipPosition": [-76.9696, 192.478, 75.3558], "tipVelocity": [-68.158, 38.5829, 2.89598], "tool": false, "touchDistance": 0.261659, "touchZone": "hovering", "type": 0, "width": 19.3051}, {"bases": [[[0.0762603, -0.956303, -0.282255], [0.996325, 0.0841538, -0.0159306], [0.0389874, -0.280003, 0.959207]], [[0.0758032, -0.952993, -0.293356], [0.993328, 0.0978147, -0.0610836], [0.0869068, -0.286769, 0.95405]], [[0.0758032, -0.952993, -0.293356], [0.993328, 0.0978147, -0.0610836], [0.0869068, -0.286769, 0.95405]], [[0.0758032, -0.952993, -0.293356], [0.990647, 0.105453, -0.0865897], [0.113455, -0.284049, 0.952074]]], "btipPosition": [-105.665, 167.973, -4.33074], "carpPosition": [-115.101, 128.03, 130.521], "dipPosition": [-107.366, 163.716, 9.93933], "direction": [0.0869068, 0.286769, -0.95405], "extended": true, "handId": 767, "id": 7671, "length": 51.5891, "mcpPosition": [-112.484, 146.827, 66.1257], "pipPosition": [-109.209, 157.635, 30.1686], "stabilizedTipPosition": [-103.909, 165.975, -1.42712], "timeVisible": 1.24063, "tipPosition": [-102.402, 162.442, -1.18287], "tipVelocity": [-141.287, 97.3833, 45.7094], "tool": false, "touchDistance": 0.309302, "touchZone": "hovering", "type": 1, "width": 18.4403}, {"bases": [[[-0.0901476, -0.985581, -0.143189], [0.995489, -0.0849, -0.0423569], [0.0295894, -0.146361, 0.988789]], [[-0.088211, -0.992584, -0.0836395], [0.0606661, 0.0784576, -0.99507], [0.994253, -0.0928502, 0.0532954]], [[-0.088211, -0.992584, -0.0836395], [-0.946254, 0.10973, -0.304243], [0.311164, 0.0523066, -0.948916]], [[-0.088211, -0.992584, -0.0836395], [-0.915971, 0.0478329, 0.398383], [-0.391428, 0.111753, -0.913398]]], "btipPosition": [-72.2415, 127.778, 100.368], "carpPosition": [-117.476, 117.681, 126.843], "dipPosition": [-65.7887, 129.621, 85.3102], "direction": [0.311164, -0.0523066, 0.948916], "extended": false, "handId": 767, "id": 7672, "length": 58.7816, "mcpPosition": [-115.592, 126.999, 63.8922], "pipPosition": [-73.551, 130.926, 61.6387], "stabilizedTipPosition": [-72.5564, 129.746, 87.1871], "timeVisible": 1.24063, "tipPosition": [-70.1739, 128.617, 92.7497], "tipVelocity": [36.0806, -21.4531, -78.1806], "tool": false, "touchDistance": 0.448411, "touchZone": "none", "type": 2, "width": 18.1108}, {"bases": [[[-0.159597, -0.987154, 0.00748337], [0.98694, -0.159721, -0.0209368], [0.0218631, 0.00404419, 0.999753]], [[-0.157998, -0.985135, 0.0674191], [0.0997783, -0.0838553, -0.99147], [0.982385, -0.149924, 0.111544]], [[-0.157998, -0.985135, 0.0674191], [-0.918779, 0.121654, -0.37556], [0.361775, -0.121281, -0.924343]], [[-0.157998, -0.985135, 0.0674191], [-0.930291, 0.171398, 0.324317], [-0.331052, -0.0114778, -0.943543]]], "btipPosition": [-74.1456, 115.507, 100.881], "carpPosition": [-117.266, 106.727, 124.471], "dipPosition": [-68.7195, 115.319, 85.4157], "direction": [0.361775, 0.121281, 0.924343], "extended": false, "handId": 767, "id": 7673, "length": 56.5201, "mcpPosition": [-116.016, 106.496, 67.3247], "pipPosition": [-77.5112, 112.372, 62.9526], "stabilizedTipPosition": [-72.4928, 116.351, 95.2858], "timeVisible": 1.24063, "tipPosition": [-73.9106, 115.306, 96.2515], "tipVelocity": [-2.33377, -23.4109, -68.707], "tool": false, "touchDistance": 0.455399, "touchZone": "none", "type": 3, "width": 17.2336}, {"bases": [[[-0.316856, -0.94, 0.126499], [0.948131, -0.310326, 0.0688907], [-0.0255012, 0.141766, 0.989572]], [[-0.314769, -0.886292, 0.339715], [0.118993, -0.391932, -0.912266], [0.94168, -0.24673, 0.228831]], [[-0.314769, -0.886292, 0.339715], [-0.864591, 0.12004, -0.487927], [0.391666, -0.447299, -0.804065]], [[-0.314769, -0.886292, 0.339715], [-0.934127, 0.352725, 0.0547021], [-0.168308, -0.300119, -0.938936]]], "btipPosition": [-78.8295, 107.791, 92.9593], "carpPosition": [-110.865, 95.4262, 124.424], "dipPosition": [-76.2845, 103.253, 78.7616], "direction": [0.391666, 0.447299, 0.804065], "extended": false, "handId": 767, "id": 7674, "length": 44.3107, "mcpPosition": [-112.215, 87.925, 72.0635], "pipPosition": [-83.0047, 95.5783, 64.9654], "stabilizedTipPosition": [-76.0785, 105.988, 90.1562], "timeVisible": 1.24063, "tipPosition": [-79.1304, 105.853, 89.4858], "tipVelocity": [-62.6711, -16.9203, -54.2227], "tool": false, "touchDistance": 0.333333, "touchZone": "none", "type": 4, "width": 15.3082}], "r": [[0.168065, -0.108973, -0.979734], [-0.479082, 0.859576, -0.17779], [0.861531, 0.499253, 0.0922577]], "s": 1.22255, "t": [-6.90673, -21.9398, -4.00863], "timestamp": 747234540019}, {"currentFrameRate": 114.631, "devices": [], "gestures": [], "hands": [{"armBasis": [[0.125571, -0.904523, -0.407518], [0.980493, 0.0505421, 0.189942], [-0.15121, -0.42342, 0.893225]], "armWidth": 59.9533, "confidence": 1, "direction": [-0.129658, 0.132398, -0.98268], "elbow": [-67.4499, -1.43398, 372.686], "grabAngle": 2.57211, "grabStrength": 0, "id": 767, "palmNormal": [0.988724, -0.0576174, -0.138219], "palmPosition": [-109.476, 121.611, 85.7972], "palmVelocity": [-48.3791, 43.7593, 19.7005], "palmWidth": 83.0304, "pinchDistance": 61.938, "pinchStrength": 0, "r": [[0.180024, -0.104539, -0.978091], [-0.485701, 0.855222, -0.180803], [0.855386, 0.507609, 0.103186]], "s": 1.22091, "sphereCenter": [-80.1401, 142.476, 64.5609], "sphereRadius": 45.5482, "stabilizedPalmPosition": [-110.142, 124.733, 87.9791], "t": [6.44364, -21.5499, -3.81554], "timeVisible": 1.24882, "type": "left", "wrist": [-104.705, 102.889, 152.613]}], "id": 1350540, "interactionBox": {"center": [0, 200, 0], "size": [235.247, 235.247, 147.751]}, "pointables": [{"bases": [[[0.93979, -0.320811, -0.117796], [0.331276, 0.770457, 0.544658], [-0.0839754, -0.550887, 0.830344]], [[0.92135, -0.139711, -0.362759], [0.339084, 0.745174, 0.574228], [0.190093, -0.652071, 0.73394]], [[0.92135, -0.139711, -0.362759], [0.29687, 0.855333, 0.424585], [0.250961, -0.498884, 0.829538]], [[0.92135, -0.139711, -0.362759], [0.346412, 0.718513, 0.603107], [0.176387, -0.681337, 0.7104]]], "btipPosition": [-75.6215, 191.804, 65.9949], "carpPosition": [-95.4082, 133.192, 138.824], "dipPosition": [-79.2429, 177.816, 80.5801], "direction": [0.250961, 0.498884, -0.829538], "extended": true, "handId": 767, "id": 7670, "length": 45.7193, "mcpPosition": [-95.4082, 133.192, 138.824], "pipPosition": [-86.7493, 162.894, 105.392], "stabilizedTipPosition": [-76.5993, 189.898, 72.0832], "timeVisible": 1.24882, "tipPosition": [-76.3013, 192.048, 75.0536], "tipVelocity": [-69.3069, 68.2476, 36.5888], "tool": false, "touchDistance": 0.266655, "touchZone": "hovering", "type": 0, "width": 19.3051}, {"bases": [[[0.0956257, -0.953243, -0.286676], [0.99488, 0.100987, -0.0039378], [0.0327042, -0.284832, 0.958019]], [[0.0952525, -0.949985, -0.297415], [0.993072, 0.111338, -0.0375803], [0.0688143, -0.291775, 0.954008]], [[0.0952525, -0.949985, -0.297415], [0.993072, 0.111338, -0.0375803], [0.0688143, -0.291775, 0.954008]], [[0.0952525, -0.949985, -0.297415], [0.986363, 0.130357, -0.100478], [0.134223, -0.283788, 0.949446]]], "btipPosition": [-106.607, 168.789, -3.9441], "carpPosition": [-114.867, 128.23, 130.786], "dipPosition": [-108.619, 164.535, 10.2866], "direction": [0.0688143, 0.291775, -0.954008], "extended": true, "handId": 767, "id": 7671, "length": 51.5891, "mcpPosition": [-112.672, 147.352, 66.4705], "pipPosition": [-110.078, 158.348, 30.515], "stabilizedTipPosition": [-105.101, 166.667, -1.14215], "timeVisible": 1.24882, "tipPosition": [-103.202, 163.301, -0.857253], "tipVelocity": [-123.706, 99.5963, 46.0855], "tool": false, "touchDistance": 0.316517, "touchZone": "hovering", "type": 1, "width": 18.4403}, {"bases": [[[-0.0718483, -0.986116, -0.149709], [0.9972, -0.0679021, -0.0313131], [0.0207128, -0.15154, 0.988234]], [[-0.070477, -0.993429, -0.090181], [0.0841026, 0.0841661, -0.992896], [0.993962, -0.0775608, 0.0776181]], [[-0.070477, -0.993429, -0.090181], [-0.939954, 0.0964042, -0.327403], [0.333946, 0.0616916, -0.940571]], [[-0.070477, -0.993429, -0.090181], [-0.929772, 0.0326745, 0.366682], [-0.361326, 0.10969, -0.925965]]], "btipPosition": [-71.7367, 127.524, 99.609], "carpPosition": [-117.458, 117.944, 127.078], "dipPosition": [-65.7801, 129.333, 84.3441], "direction": [0.333946, -0.0616916, 0.940571], "extended": false, "handId": 767, "id": 7672, "length": 58.7816, "mcpPosition": [-116.139, 127.592, 64.1627], "pipPosition": [-74.1107, 130.871, 60.8807], "stabilizedTipPosition": [-72.5506, 129.741, 87.2107], "timeVisible": 1.24882, "tipPosition": [-70.3722, 128.262, 92.6808], "tipVelocity": [47.6887, -31.9776, -98.4465], "tool": false, "touchDistance": 0.434968, "touchZone": "none", "type": 2, "width": 18.1108}, {"bases": [[[-0.142985, -0.989725, 0.000139042], [0.989671, -0.142978, -0.0104104], [0.0103233, -0.00135092, 0.999946]], [[-0.142108, -0.988025, 0.0600995], [0.121327, -0.0776442, -0.989571], [0.982387, -0.133334, 0.130908]], [[-0.142108, -0.988025, 0.0600995], [-0.912802, 0.10732, -0.39405], [0.382882, -0.110857, -0.917122]], [[-0.142108, -0.988025, 0.0600995], [-0.942388, 0.15362, 0.297162], [-0.302836, -0.0144079, -0.952934]]], "btipPosition": [-74.0242, 115.235, 100.261], "carpPosition": [-117.46, 107.001, 124.643], "dipPosition": [-69.0605, 114.999, 84.6422], "direction": [0.382882, 0.110857, 0.917122], "extended": false, "handId": 767, "id": 7673, "length": 56.5201, "mcpPosition": [-116.87, 107.079, 67.4856], "pipPosition": [-78.3652, 112.305, 62.3546], "stabilizedTipPosition": [-72.4949, 116.344, 95.2934], "timeVisible": 1.24882, "tipPosition": [-74.245, 115.019, 95.9958], "tipVelocity": [1.83557, -34.6076, -79.9473], "tool": false, "touchDistance": 0.444483, "touchZone": "none", "type": 3, "width": 17.2336}, {"bases": [[[-0.302372, -0.945909, 0.117589], [0.952382, -0.29473, 0.0781221], [-0.0392393, 0.135612, 0.989985]], [[-0.303592, -0.892841, 0.332667], [0.143356, -0.387975, -0.910453], [0.941956, -0.228716, 0.24578]], [[-0.303592, -0.892841, 0.332667], [-0.859361, 0.105797, -0.500305], [0.411498, -0.43777, -0.799392]], [[-0.303592, -0.892841, 0.332667], [-0.941441, 0.334851, 0.0395427], [-0.146699, -0.301182, -0.942215]]], "btipPosition": [-79.2679, 107.58, 92.4161], "carpPosition": [-111.252, 95.5953, 124.459], "dipPosition": [-77.0497, 103.026, 78.1688], "direction": [0.411498, 0.43777, 0.799392], "extended": false, "handId": 767, "id": 7674, "length": 44.3107, "mcpPosition": [-113.329, 88.4197, 72.0767], "pipPosition": [-84.1102, 95.5142, 64.4528], "stabilizedTipPosition": [-76.2278, 106.019, 90.0995], "timeVisible": 1.24882, "tipPosition": [-79.7298, 105.705, 89.2133], "tipVelocity": [-62.6855, -26.2614, -67.6916], "tool": false, "touchDistance": 0.333333, "touchZone": "none", "type": 4, "width": 15.3082}], "r": [[0.180024, -0.104539, -0.978091], [-0.485701, 0.855222, -0.180803], [0.855386, 0.507609, 0.103186]], "s": 1.22091, "t": [-6.44364, -21.5499, -3.81554], "timestamp": 747234548212}, {"currentFrameRate": 114.441, "devices": [], "gestures": [], "hands": [{"armBasis": [[0.14223, -0.901695, -0.408309], [0.978036, 0.0645245, 0.198195], [-0.152366, -0.427531, 0.891068]], "armWidth": 59.9533, "confidence": 1, "direction": [-0.137938, 0.140076, -0.980485], "elbow": [-67.1459, -2.53739, 372.193], "grabAngle": 2.56597, "grabStrength": 0, "id": 767, "palmNormal": [0.986238, -0.0716727, -0.148987], "palmPosition": [-109.855, 121.946, 85.9831], "palmVelocity": [-41.7976, 36.9083, 20.5122], "palmWidth": 83.0304, "pinchDistance": 62.1912, "pinchStrength": 0, "r": [[0.191903, -0.0992122, -0.976386], [-0.493123, 0.850423, -0.183333], [0.84853, 0.516661, 0.114275]], "s": 1.22061, "sphereCenter": [-80.543, 142.934, 64.5119], "sphereRadius": 45.7295, "stabilizedPalmPosition": [-110.132, 124.639, 87.9122], "t": [6.02271, -21.1877, -3.62605], "timeVisible": 1.25789, "type": "left", "wrist": [-104.686, 102.798, 152.65]}], "id": 1350541, "interactionBox": {"center": [0, 200, 0], "size": [235.247, 235.247, 147.751]}, "pointables": [{"bases": [[[0.94571, -0.305945, -0.109679], [0.313875, 0.772155, 0.552502], [-0.0843465, -0.556933, 0.826264]], [[0.92878, -0.128898, -0.347495], [0.322361, 0.743608, 0.585773], [0.182894, -0.656073, 0.7322]], [[0.92878, -0.128898, -0.347495], [0.285626, 0.846409, 0.449455], [0.236188, -0.516698, 0.822945]], [[0.92878, -0.128898, -0.347495], [0.331858, 0.706714, 0.62484], [0.165039, -0.695658, 0.699158]]], "btipPosition": [-76.2747, 192.625, 66.6014], "carpPosition": [-95.0586, 133.003, 138.923], "dipPosition": [-79.663, 178.342, 80.9558], "direction": [0.236188, 0.516698, -0.822945], "extended": true, "handId": 767, "id": 7670, "length": 45.7193, "mcpPosition": [-95.0586, 133.003, 138.923], "pipPosition": [-86.7276, 162.888, 105.57], "stabilizedTipPosition": [-76.7491, 189.714, 71.3651], "timeVisible": 1.25789, "tipPosition": [-75.8454, 191.719, 74.8378], "tipVelocity": [-66.1608, 83.0846, 61.0701], "tool": false, "touchDistance": 0.275879, "touchZone": "hovering", "type": 0, "width": 19.3051}, {"bases": [[[0.11301, -0.950005, -0.291067], [0.993228, 0.11596, 0.00715239], [0.0269573, -0.289904, 0.956676]], [[0.112748, -0.947198, -0.300174], [0.992515, 0.121628, -0.0109993], [0.0469279, -0.296687, 0.953821]], [[0.112748, -0.947198, -0.300174], [0.992515, 0.121628, -0.0109993], [0.0469279, -0.296687, 0.953821]], [[0.112748, -0.947198, -0.300174], [0.981743, 0.152772, -0.113322], [0.153196, -0.281917, 0.947129]]], "btipPosition": [-107.804, 169.542, -3.5309], "carpPosition": [-114.674, 128.381, 131.063], "dipPosition": [-110.1, 165.316, 10.6651], "direction": [0.0469279, 0.296687, -0.953821], "extended": true, "handId": 767, "id": 7671, "length": 51.5891, "mcpPosition": [-112.864, 147.844, 66.838], "pipPosition": [-111.095, 159.026, 30.8895], "stabilizedTipPosition": [-106.411, 167.438, -0.786887], "timeVisible": 1.25789, "tipPosition": [-104.053, 164.237, -0.484509], "tipVelocity": [-139.272, 83.848, 44.7162], "tool": false, "touchDistance": 0.323837, "touchZone": "hovering", "type": 1, "width": 18.4403}, {"bases": [[[-0.0553754, -0.986193, -0.156066], [0.998386, -0.0527119, -0.0211569], [0.0126383, -0.156986, 0.98752]], [[-0.0545179, -0.993832, -0.0965696], [0.107525, 0.0903078, -0.990092], [0.992706, -0.0643614, 0.101939]], [[-0.0545179, -0.993832, -0.0965696], [-0.932877, 0.0851811, -0.349977], [0.356045, 0.0710076, -0.931767]], [[-0.0545179, -0.993832, -0.0965696], [-0.942127, 0.0191583, 0.334708], [-0.330794, 0.109228, -0.937361]]], "btipPosition": [-71.2493, 127.302, 98.8407], "carpPosition": [-117.458, 118.158, 127.325], "dipPosition": [-65.796, 129.102, 83.388], "direction": [0.356045, -0.0710076, 0.931767], "extended": false, "handId": 767, "id": 7672, "length": 58.7816, "mcpPosition": [-116.653, 128.152, 64.4546], "pipPosition": [-74.6779, 130.874, 60.1442], "stabilizedTipPosition": [-72.5442, 129.736, 87.2311], "timeVisible": 1.25789, "tipPosition": [-70.5539, 127.954, 92.6378], "tipVelocity": [41.0122, -24.7492, -89.5466], "tool": false, "touchDistance": 0.421444, "touchZone": "none", "type": 2, "width": 18.1108}, {"bases": [[[-0.128016, -0.991747, -0.00700142], [0.991772, -0.128014, -0.000762336], [-0.000140234, -0.00704141, 0.999975]], [[-0.127794, -0.990385, 0.0529737], [0.141982, -0.0711298, -0.98731], [0.981585, -0.118651, 0.149707]], [[-0.127794, -0.990385, 0.0529737], [-0.90634, 0.0949257, -0.411748], [0.402761, -0.100631, -0.909757]], [[-0.127794, -0.990385, 0.0529737], [-0.952978, 0.137414, 0.270092], [-0.274775, -0.0159666, -0.961376]]], "btipPosition": [-73.9015, 114.991, 99.6666], "carpPosition": [-117.651, 107.231, 124.827], "dipPosition": [-69.3978, 114.729, 83.9091], "direction": [0.402761, 0.100631, 0.909757], "extended": false, "handId": 767, "id": 7673, "length": 56.5201, "mcpPosition": [-117.659, 107.633, 67.6683], "pipPosition": [-79.1856, 112.284, 61.8005], "stabilizedTipPosition": [-72.4966, 116.338, 95.2968], "timeVisible": 1.25789, "tipPosition": [-74.5606, 114.77, 95.7806], "tipVelocity": [1.86181, -27.5589, -69.1412], "tool": false, "touchDistance": 0.43404, "touchZone": "none", "type": 3, "width": 17.2336}, {"bases": [[[-0.28927, -0.951021, 0.109005], [0.955853, -0.280824, 0.0865065], [-0.0516583, 0.129216, 0.99027]], [[-0.29352, -0.898626, 0.326063], [0.166748, -0.383987, -0.908157], [0.941297, -0.212192, 0.262552]], [[-0.29352, -0.898626, 0.326063], [-0.85359, 0.0928116, -0.512611], [0.430383, -0.428786, -0.794301]], [[-0.29352, -0.898626, 0.326063], [-0.947618, 0.318457, 0.0246214], [-0.125962, -0.301756, -0.945027]]], "btipPosition": [-79.6739, 107.399, 91.8898], "carpPosition": [-111.618, 95.7338, 124.513], "dipPosition": [-77.7693, 102.836, 77.6], "direction": [0.430383, 0.428786, 0.794301], "extended": false, "handId": 767, "id": 7674, "length": 44.3107, "mcpPosition": [-114.352, 88.8966, 72.1155], "pipPosition": [-85.1538, 95.4786, 63.9714], "stabilizedTipPosition": [-76.3873, 106.036, 90.0201], "timeVisible": 1.25789, "tipPosition": [-80.2949, 105.59, 88.9857], "tipVelocity": [-52.7618, -20.2031, -59.1532], "tool": false, "touchDistance": 0.333333, "touchZone": "none", "type": 4, "width": 15.3082}], "r": [[0.191903, -0.0992122, -0.976386], [-0.493123, 0.850423, -0.183333], [0.84853, 0.516661, 0.114275]], "s": 1.22061, "t": [-6.02271, -21.1877, -3.62605], "timestamp": 747234557274}, {"currentFrameRate": 114.723, "devices": [], "gestures": [], "hands": [{"armBasis": [[0.154333, -0.899312, -0.409168], [0.976264, 0.0751121, 0.203144], [-0.151957, -0.430808, 0.889558]], "armWidth": 59.9533, "confidence": 1, "direction": [-0.145276, 0.148342, -0.978207], "elbow": [-67.2275, -3.53092, 371.796], "grabAngle": 2.55906, "grabStrength": 0, "id": 767, "palmNormal": [0.98394, -0.0819841, -0.15856], "palmPosition": [-110.187, 122.225, 86.1187], "palmVelocity": [-40.3078, 33.917, 16.4687], "palmWidth": 83.0304, "pinchDistance": 62.4801, "pinchStrength": 0, "r": [[0.203355, -0.0930747, -0.974671], [-0.500615, 0.845627, -0.1852], [0.841446, 0.525596, 0.125368]], "s": 1.2213, "sphereCenter": [-80.9799, 143.404, 64.4666], "sphereRadius": 45.8951, "stabilizedPalmPosition": [-110.134, 124.564, 87.8559], "t": [5.64628, -20.867, -3.4635], "timeVisible": 1.26612, "type": "left", "wrist": [-104.667, 102.612, 152.626]}], "id": 1350542, "interactionBox": {"center": [0, 200, 0], "size": [235.247, 235.247, 147.751]}, "pointables": [{"bases": [[[0.950146, -0.2943, -0.103], [0.299863, 0.771922, 0.560552], [-0.0854624, -0.563492, 0.821689]], [[0.934896, -0.120834, -0.333718], [0.308716, 0.740755, 0.596637], [0.175109, -0.660818, 0.729833]], [[0.934896, -0.120834, -0.333718], [0.277057, 0.836135, 0.47341], [0.221829, -0.535048, 0.815178]], [[0.934896, -0.120834, -0.333718], [0.320919, 0.689391, 0.649423], [0.15159, -0.71424, 0.683288]]], "btipPosition": [-77.0563, 193.518, 67.3373], "carpPosition": [-94.7799, 132.75, 138.993], "dipPosition": [-80.1685, 178.854, 81.3658], "direction": [0.221829, 0.535048, -0.815178], "extended": true, "handId": 767, "id": 7670, "length": 45.7193, "mcpPosition": [-94.7799, 132.75, 138.993], "pipPosition": [-86.8035, 162.851, 105.748], "stabilizedTipPosition": [-77.0678, 189.848, 71.1154], "timeVisible": 1.26612, "tipPosition": [-75.664, 191.552, 74.7569], "tipVelocity": [-87.2004, 97.8276, 80.2617], "tool": false, "touchDistance": 0.333333, "touchZone": "hovering", "type": 0, "width": 19.3051}, {"bases": [[[0.126638, -0.946634, -0.296389], [0.991715, 0.127316, 0.0170971], [0.0215504, -0.296099, 0.954914]], [[0.126512, -0.94491, -0.301892], [0.991667, 0.127938, 0.0151311], [0.0243258, -0.301291, 0.953222]], [[0.126512, -0.94491, -0.301892], [0.991667, 0.127938, 0.0151311], [0.0243258, -0.301291, 0.953222]], [[0.126512, -0.94491, -0.301892], [0.977943, 0.169798, -0.12164], [0.166199, -0.279845, 0.94555]]], "btipPosition": [-109.148, 170.224, -3.13326], "carpPosition": [-114.518, 128.408, 131.284], "dipPosition": [-111.639, 166.03, 11.039], "direction": [0.0243258, 0.301291, -0.953222], "extended": true, "handId": 767, "id": 7671, "length": 51.5891, "mcpPosition": [-113.071, 148.286, 67.1766], "pipPosition": [-112.155, 159.641, 31.2507], "stabilizedTipPosition": [-107.674, 168.134, -0.438252], "timeVisible": 1.26612, "tipPosition": [-104.948, 165.254, -0.100236], "tipVelocity": [-168.617, 83.7268, 47.6247], "tool": false, "touchDistance": 0.330616, "touchZone": "hovering", "type": 1, "width": 18.4403}, {"bases": [[[-0.0425456, -0.985676, -0.163195], [0.99908, -0.0410883, -0.0122964], [0.00541484, -0.163568, 0.986517]], [[-0.0421443, -0.993711, -0.103745], [0.129572, 0.0975246, -0.986762], [0.990674, -0.0550289, 0.124647]], [[-0.0421443, -0.993711, -0.103745], [-0.925609, 0.0779237, -0.370373], [0.376128, 0.0804185, -0.923071]], [[-0.0421443, -0.993711, -0.103745], [-0.952483, 0.00860873, 0.304469], [-0.301661, 0.111647, -0.946856]]], "btipPosition": [-70.8104, 127.136, 98.0616], "carpPosition": [-117.455, 118.243, 127.503], "dipPosition": [-65.8374, 128.977, 82.4524], "direction": [0.376128, -0.0804185, 0.923071], "extended": false, "handId": 767, "id": 7672, "length": 58.7816, "mcpPosition": [-117.11, 128.656, 64.6961], "pipPosition": [-75.2203, 130.983, 59.4255], "stabilizedTipPosition": [-72.5387, 129.732, 87.2449], "timeVisible": 1.26612, "tipPosition": [-70.7041, 127.727, 92.5536], "tipVelocity": [39.8783, -18.9726, -98.9826], "tool": false, "touchDistance": 0.407858, "touchZone": "none", "type": 2, "width": 18.1108}, {"bases": [[[-0.116478, -0.993082, -0.0148472], [0.993151, -0.116599, 0.00752984], [-0.00920891, -0.0138685, 0.999861]], [[-0.116821, -0.992127, 0.0451352], [0.160494, -0.0637078, -0.984979], [0.980099, -0.107822, 0.166673]], [[-0.116821, -0.992127, 0.0451352], [-0.899861, 0.0865077, -0.427511], [0.420241, -0.0905576, -0.902883]], [[-0.116821, -0.992127, 0.0451352], [-0.961433, 0.124367, 0.245315], [-0.248997, -0.0147366, -0.968392]]], "btipPosition": [-73.7765, 114.797, 99.0622], "carpPosition": [-117.797, 107.336, 124.933], "dipPosition": [-69.6953, 114.555, 83.1897], "direction": [0.420241, 0.0905576, 0.902883], "extended": false, "handId": 767, "id": 7673, "length": 56.5201, "mcpPosition": [-118.323, 108.128, 67.7809], "pipPosition": [-79.9079, 112.355, 61.2481], "stabilizedTipPosition": [-72.4976, 116.333, 95.2971], "timeVisible": 1.26612, "tipPosition": [-74.8215, 114.583, 95.5374], "tipVelocity": [3.37904, -23.0091, -76.606], "tool": false, "touchDistance": 0.423526, "touchZone": "none", "type": 3, "width": 17.2336}, {"bases": [[[-0.279246, -0.955005, 0.099937], [0.958202, -0.270404, 0.0934346], [-0.0622071, 0.121851, 0.990597]], [[-0.286086, -0.903562, 0.318952], [0.187245, -0.379163, -0.906187], [0.939731, -0.199525, 0.277661]], [[-0.286086, -0.903562, 0.318952], [-0.847691, 0.0834681, -0.523883], [0.446739, -0.420248, -0.78982]], [[-0.286086, -0.903562, 0.318952], [-0.952082, 0.305615, 0.0118048], [-0.108143, -0.300291, -0.947698]]], "btipPosition": [-80.0127, 107.266, 91.3406], "carpPosition": [-111.901, 95.7727, 124.487], "dipPosition": [-78.3774, 102.725, 77.0104], "direction": [0.446739, 0.420248, 0.78982], "extended": false, "handId": 767, "id": 7674, "length": 44.3107, "mcpPosition": [-115.192, 89.3252, 72.0714], "pipPosition": [-86.0426, 95.5143, 63.4586], "stabilizedTipPosition": [-76.5184, 106.044, 89.9405], "timeVisible": 1.26612, "tipPosition": [-80.7673, 105.526, 88.7238], "tipVelocity": [-48.6586, -15.5311, -67.8249], "tool": false, "touchDistance": 0.333333, "touchZone": "none", "type": 4, "width": 15.3082}], "r": [[0.203355, -0.0930747, -0.974671], [-0.500615, 0.845627, -0.1852], [0.841446, 0.525596, 0.125368]], "s": 1.2213, "t": [-5.64628, -20.867, -3.4635], "timestamp": 747234565509}, {"currentFrameRate": 114.678, "devices": [], "gestures": [], "hands": [{"armBasis": [[0.165206, -0.896677, -0.410703], [0.974723, 0.0849393, 0.206639], [-0.150404, -0.43446, 0.888045]], "armWidth": 59.9533, "confidence": 1, "direction": [-0.151108, 0.15332, -0.976555], "elbow": [-67.6317, -4.48342, 371.438], "grabAngle": 2.55137, "grabStrength": 0, "id": 767, "palmNormal": [0.981837, -0.0913781, -0.166272], "palmPosition": [-110.47, 122.455, 86.2368], "palmVelocity": [-32.167, 26.1452, 13.4286], "palmWidth": 83.0304, "pinchDistance": 62.8291, "pinchStrength": 0, "r": [[0.214097, -0.0869558, -0.972934], [-0.507981, 0.84084, -0.186933], [0.834337, 0.534254, 0.13585]], "s": 1.22278, "sphereCenter": [-81.372, 143.752, 64.3788], "sphereRadius": 46.0587, "stabilizedPalmPosition": [-110.145, 124.492, 87.8012], "t": [5.31657, -20.5917, -3.32316], "timeVisible": 1.27492, "type": "left", "wrist": [-104.688, 102.559, 152.641]}], "id": 1350543, "interactionBox": {"center": [0, 200, 0], "size": [235.247, 235.247, 147.751]}, "pointables": [{"bases": [[[0.953834, -0.284287, -0.0968578], [0.287786, 0.772901, 0.565511], [-0.085906, -0.567278, 0.819034]], [[0.939954, -0.114824, -0.321405], [0.297081, 0.738839, 0.604863], [0.168014, -0.664027, 0.728587]], [[0.939954, -0.114824, -0.321405], [0.269767, 0.826823, 0.493549], [0.209074, -0.550618, 0.808151]], [[0.939954, -0.114824, -0.321405], [0.311852, 0.671608, 0.67208], [0.138687, -0.731955, 0.667089]]], "btipPosition": [-77.8059, 194.377, 67.9738], "carpPosition": [-94.5599, 132.633, 139.03], "dipPosition": [-80.6532, 179.349, 81.6697], "direction": [0.209074, 0.550618, -0.808151], "extended": true, "handId": 767, "id": 7670, "length": 45.7193, "mcpPosition": [-94.5599, 132.633, 139.03], "pipPosition": [-86.9067, 162.88, 105.842], "stabilizedTipPosition": [-77.546, 190.217, 71.1183], "timeVisible": 1.27492, "tipPosition": [-75.5883, 191.424, 74.5514], "tipVelocity": [-78.2858, 88.1273, 63.6556], "tool": false, "touchDistance": 0.333333, "touchZone": "hovering", "type": 0, "width": 19.3051}, {"bases": [[[0.138471, -0.944232, -0.298751], [0.990214, 0.137294, 0.0250318], [0.0173811, -0.299294, 0.954003]], [[0.13846, -0.944043, -0.299351], [0.990363, 0.132976, 0.0387188], [0.00325428, -0.301827, 0.953357]], [[0.13846, -0.944043, -0.299351], [0.990363, 0.132976, 0.0387188], [0.00325428, -0.301827, 0.953357]], [[0.13846, -0.944043, -0.299351], [0.975024, 0.18294, -0.125944], [0.17366, -0.274436, 0.945795]]], "btipPosition": [-110.437, 170.501, -2.91269], "carpPosition": [-114.399, 128.519, 131.455], "dipPosition": [-113.04, 166.387, 11.2633], "direction": [0.00325428, 0.301827, -0.953357], "extended": true, "handId": 767, "id": 7671, "length": 51.5891, "mcpPosition": [-113.232, 148.612, 67.4088], "pipPosition": [-113.109, 159.987, 31.4778], "stabilizedTipPosition": [-109.03, 168.707, -0.121198], "timeVisible": 1.27492, "tipPosition": [-105.757, 165.953, 0.144733], "tipVelocity": [-149.506, 33.5242, 25.1694], "tool": false, "touchDistance": 0.334209, "touchZone": "hovering", "type": 1, "width": 18.4403}, {"bases": [[[-0.0313035, -0.985464, -0.166976], [0.99951, -0.03092, -0.00489716], [-0.000336912, -0.167047, 0.985949]], [[-0.0312674, -0.993707, -0.107554], [0.149396, 0.101751, -0.983528], [0.988283, -0.0468206, 0.145275]], [[-0.0312674, -0.993707, -0.107554], [-0.918718, 0.0709558, -0.388488], [0.393675, 0.0866648, -0.915155]], [[-0.0312674, -0.993707, -0.107554], [-0.960869, 0.000252896, 0.277001], [-0.275231, 0.112006, -0.954831]]], "btipPosition": [-70.4162, 127.004, 97.3172], "carpPosition": [-117.467, 118.398, 127.66], "dipPosition": [-65.8789, 128.851, 81.5764], "direction": [0.393675, -0.0866648, 0.915155], "extended": false, "handId": 767, "id": 7672, "length": 58.7816, "mcpPosition": [-117.488, 129.033, 64.8898], "pipPosition": [-75.6995, 131.013, 58.747], "stabilizedTipPosition": [-72.5335, 129.728, 87.2556], "timeVisible": 1.27492, "tipPosition": [-70.8126, 127.528, 92.456], "tipVelocity": [33.4244, -14.8612, -88.0648], "tool": false, "touchDistance": 0.394947, "touchZone": "none", "type": 2, "width": 18.1108}, {"bases": [[[-0.10627, -0.994152, -0.019218], [0.994199, -0.106557, 0.0146181], [-0.0165804, -0.0175531, 0.999708]], [[-0.107073, -0.993415, 0.0407631], [0.176376, -0.0593268, -0.982533], [0.978482, -0.0980127, 0.181567]], [[-0.107073, -0.993415, 0.0407631], [-0.893842, 0.078224, -0.441505], [0.435409, -0.0837089, -0.896332]], [[-0.107073, -0.993415, 0.0407631], [-0.968279, 0.113498, 0.222607], [-0.225768, -0.0156349, -0.974056]]], "btipPosition": [-73.6539, 114.64, 98.5427], "carpPosition": [-117.939, 107.504, 125.055], "dipPosition": [-69.9534, 114.383, 82.5774], "direction": [0.435409, 0.0837089, 0.896332], "extended": false, "handId": 767, "id": 7673, "length": 56.5201, "mcpPosition": [-118.887, 108.508, 67.9116], "pipPosition": [-80.5346, 112.349, 60.795], "stabilizedTipPosition": [-72.4984, 116.329, 95.2961], "timeVisible": 1.27492, "tipPosition": [-75.0426, 114.427, 95.3461], "tipVelocity": [3.98899, -18.239, -61.4827], "tool": false, "touchDistance": 0.414511, "touchZone": "none", "type": 3, "width": 17.2336}, {"bases": [[[-0.270274, -0.958138, 0.0944671], [0.960171, -0.261016, 0.0997151], [-0.0708834, 0.117655, 0.990522]], [[-0.279295, -0.907025, 0.315118], [0.204985, -0.376934, -0.903273], [0.93807, -0.187685, 0.291202]], [[-0.279295, -0.907025, 0.315118], [-0.842302, 0.0738708, -0.533919], [0.461, -0.414546, -0.784621]], [[-0.279295, -0.907025, 0.315118], [-0.955708, 0.294316, 8.90606e-05], [-0.0928252, -0.301136, -0.949052]]], "btipPosition": [-80.3102, 107.146, 90.8925], "carpPosition": [-112.164, 95.8838, 124.523], "dipPosition": [-78.9066, 102.593, 76.5419], "direction": [0.461, 0.414546, 0.784621], "extended": false, "handId": 767, "id": 7674, "length": 44.3107, "mcpPosition": [-115.914, 89.6583, 72.1121], "pipPosition": [-86.8164, 95.4801, 63.0793], "stabilizedTipPosition": [-76.6445, 106.046, 89.8551], "timeVisible": 1.27492, "tipPosition": [-81.179, 105.462, 88.5422], "tipVelocity": [-39.8757, -13.8891, -51.4646], "tool": false, "touchDistance": 0.333333, "touchZone": "none", "type": 4, "width": 15.3082}], "r": [[0.214097, -0.0869558, -0.972934], [-0.507981, 0.84084, -0.186933], [0.834337, 0.534254, 0.13585]], "s": 1.22278, "t": [-5.31657, -20.5917, -3.32316], "timestamp": 747234574306}, {"currentFrameRate": 114.793, "devices": [], "gestures": [], "hands": [{"armBasis": [[0.171791, -0.894677, -0.412359], [0.973957, 0.0913751, 0.207504], [-0.147969, -0.437268, 0.887075]], "armWidth": 59.9533, "confidence": 1, "direction": [-0.155888, 0.157112, -0.9752], "elbow": [-68.2655, -5.21144, 371.191], "grabAngle": 2.54347, "grabStrength": 0, "id": 767, "palmNormal": [0.980238, -0.0971219, -0.172341], "palmPosition": [-110.72, 122.64, 86.3105], "palmVelocity": [-29.3465, 21.7562, 8.65463], "palmWidth": 83.0304, "pinchDistance": 63.1477, "pinchStrength": 0, "r": [[0.223881, -0.0811382, -0.971233], [-0.514664, 0.836412, -0.188511], [0.827646, 0.542062, 0.145498]], "s": 1.22472, "sphereCenter": [-81.7648, 144.08, 64.2819], "sphereRadius": 46.1958, "stabilizedPalmPosition": [-110.164, 124.431, 87.7517], "t": [5.02676, -20.3613, -3.21613], "timeVisible": 1.28343, "type": "left", "wrist": [-104.722, 102.523, 152.633]}], "id": 1350544, "interactionBox": {"center": [0, 200, 0], "size": [235.247, 235.247, 147.751]}, "pointables": [{"bases": [[[0.956178, -0.277947, -0.0920269], [0.279522, 0.773065, 0.569419], [-0.0871256, -0.570189, 0.81688]], [[0.943769, -0.112176, -0.310992], [0.288982, 0.736841, 0.611191], [0.160591, -0.666695, 0.727825]], [[0.943769, -0.112176, -0.310992], [0.265624, 0.817341, 0.511271], [0.196834, -0.565129, 0.801178]], [[0.943769, -0.112176, -0.310992], [0.306048, 0.652212, 0.693509], [0.125038, -0.749691, 0.649869]]], "btipPosition": [-78.6646, 195.227, 68.5783], "carpPosition": [-94.4342, 132.564, 139.037], "dipPosition": [-81.2318, 179.836, 81.9206], "direction": [0.196834, 0.565129, -0.801178], "extended": true, "handId": 767, "id": 7670, "length": 45.7193, "mcpPosition": [-94.4342, 132.564, 139.037], "pipPosition": [-87.1192, 162.932, 105.884], "stabilizedTipPosition": [-78.15, 190.736, 71.3052], "timeVisible": 1.28343, "tipPosition": [-75.7569, 191.441, 74.3915], "tipVelocity": [-93.275, 90.0175, 61.4313], "tool": false, "touchDistance": 0.333333, "touchZone": "hovering", "type": 0, "width": 19.3051}, {"bases": [[[0.146235, -0.942462, -0.300634], [0.989156, 0.143501, 0.0312847], [0.0136565, -0.301949, 0.953226]], [[0.146304, -0.944011, -0.2957], [0.989118, 0.134916, 0.0586742], [-0.0154946, -0.301066, 0.953477]], [[0.146304, -0.944011, -0.2957], [0.989118, 0.134916, 0.0586742], [-0.0154946, -0.301066, 0.953477]], [[0.146304, -0.944011, -0.2957], [0.973399, 0.190657, -0.127057], [0.17632, -0.269245, 0.946794]]], "btipPosition": [-111.696, 170.635, -2.76925], "carpPosition": [-114.343, 128.598, 131.568], "dipPosition": [-114.339, 166.599, 11.4217], "direction": [-0.0154946, 0.301066, -0.953477], "extended": true, "handId": 767, "id": 7671, "length": 51.5891, "mcpPosition": [-113.426, 148.869, 67.5743], "pipPosition": [-114.01, 160.216, 31.6388], "stabilizedTipPosition": [-110.325, 169.102, 0.122424], "timeVisible": 1.28343, "tipPosition": [-106.566, 166.539, 0.326786], "tipVelocity": [-148.89, 17.8711, 17.2479], "tool": false, "touchDistance": 0.336325, "touchZone": "hovering", "type": 1, "width": 18.4403}, {"bases": [[[-0.0240483, -0.985153, -0.169984], [0.999698, -0.0245636, 0.000928914], [-0.00509055, -0.169911, 0.985446]], [[-0.0243103, -0.993569, -0.110587], [0.167099, 0.105025, -0.98033], [0.98564, -0.0423111, 0.163471]], [[-0.0243103, -0.993569, -0.110587], [-0.912306, 0.0672821, -0.403944], [0.408787, 0.0910694, -0.908075]], [[-0.0243103, -0.993569, -0.110587], [-0.96747, -0.00448182, 0.252945], [-0.251814, 0.113139, -0.96114]]], "btipPosition": [-70.0986, 126.977, 96.6097], "carpPosition": [-117.498, 118.507, 127.763], "dipPosition": [-65.9474, 128.842, 80.765], "direction": [0.408787, -0.0910694, 0.908075], "extended": false, "handId": 767, "id": 7672, "length": 58.7816, "mcpPosition": [-117.822, 129.325, 65.0244], "pipPosition": [-76.1449, 131.114, 58.1122], "stabilizedTipPosition": [-72.5293, 129.726, 87.2626], "timeVisible": 1.28343, "tipPosition": [-70.912, 127.442, 92.3389], "tipVelocity": [26.8638, -2.7308, -85.8851], "tool": false, "touchDistance": 0.382757, "touchZone": "none", "type": 2, "width": 18.1108}, {"bases": [[[-0.0998279, -0.994746, -0.0226982], [0.994753, -0.100289, 0.0201953], [-0.0223656, -0.0205631, 0.999538]], [[-0.100989, -0.994189, 0.037279], [0.18966, -0.0560219, -0.98025], [0.976642, -0.0919245, 0.194216]], [[-0.100989, -0.994189, 0.037279], [-0.888367, 0.0732444, -0.453255], [0.447891, -0.0788913, -0.890601]], [[-0.100989, -0.994189, 0.037279], [-0.973437, 0.106482, 0.202689], [-0.205481, -0.0158192, -0.978533]]], "btipPosition": [-73.5366, 114.579, 98.065], "carpPosition": [-118.055, 107.624, 125.129], "dipPosition": [-70.1686, 114.32, 82.0262], "direction": [0.447891, 0.0788913, 0.890601], "extended": false, "handId": 767, "id": 7673, "length": 56.5201, "mcpPosition": [-119.333, 108.8, 67.9955], "pipPosition": [-81.0531, 112.403, 60.3831], "stabilizedTipPosition": [-72.4988, 116.326, 95.2945], "timeVisible": 1.28343, "tipPosition": [-75.2201, 114.365, 95.1641], "tipVelocity": [4.79348, -7.17584, -58.0823], "tool": false, "touchDistance": 0.406268, "touchZone": "none", "type": 3, "width": 17.2336}, {"bases": [[[-0.264726, -0.960104, 0.0901173], [0.961207, -0.255208, 0.104646], [-0.0774725, 0.114324, 0.990418]], [[-0.275396, -0.909214, 0.312229], [0.219115, -0.375606, -0.900504], [0.936027, -0.179581, 0.302663]], [[-0.275396, -0.909214, 0.312229], [-0.837481, 0.0674434, -0.542289], [0.471999, -0.41083, -0.780023]], [[-0.275396, -0.909214, 0.312229], [-0.957929, 0.286843, -0.00963444], [-0.0808007, -0.301746, -0.949958]]], "btipPosition": [-80.5447, 107.102, 90.484], "carpPosition": [-112.357, 95.9692, 124.53], "dipPosition": [-79.3229, 102.539, 76.1196], "direction": [0.471999, 0.41083, 0.780023], "extended": false, "handId": 767, "id": 7674, "length": 44.3107, "mcpPosition": [-116.456, 89.92, 72.1243], "pipPosition": [-87.4215, 95.4904, 62.736], "stabilizedTipPosition": [-76.7486, 106.046, 89.7781], "timeVisible": 1.28343, "tipPosition": [-81.5023, 105.466, 88.3724], "tipVelocity": [-32.4504, -5.4447, -48.346], "tool": false, "touchDistance": 0.333333, "touchZone": "none", "type": 4, "width": 15.3082}], "r": [[0.223881, -0.0811382, -0.971233], [-0.514664, 0.836412, -0.188511], [0.827646, 0.542062, 0.145498]], "s": 1.22472, "t": [-5.02676, -20.3613, -3.21613], "timestamp": 747234582822}, {"currentFrameRate": 114.801, "devices": [], "gestures": [], "hands": [{"armBasis": [[0.177215, -0.893083, -0.413519], [0.973491, 0.0973326, 0.206983], [-0.144604, -0.439237, 0.886657]], "armWidth": 59.9533, "confidence": 1, "direction": [-0.159174, 0.160404, -0.974132], "elbow": [-69.1506, -5.74717, 371.066], "grabAngle": 2.53498, "grabStrength": 0, "id": 767, "palmNormal": [0.978907, -0.102364, -0.17681], "palmPosition": [-110.898, 122.776, 86.353], "palmVelocity": [-20.5098, 15.593, 4.88127], "palmWidth": 83.0304, "pinchDistance": 63.4234, "pinchStrength": 0, "r": [[0.232579, -0.0756785, -0.969629], [-0.520767, 0.832316, -0.189874], [0.821407, 0.549111, 0.154168]], "s": 1.22696, "sphereCenter": [-82.0722, 144.316, 64.1912], "sphereRadius": 46.3129, "stabilizedPalmPosition": [-110.189, 124.374, 87.7039], "t": [4.79268, -20.1784, -3.1414], "timeVisible": 1.29213, "type": "left", "wrist": [-104.778, 102.473, 152.611]}], "id": 1350545, "interactionBox": {"center": [0, 200, 0], "size": [235.247, 235.247, 147.751]}, "pointables": [{"bases": [[[0.958159, -0.272187, -0.0885697], [0.272585, 0.773268, 0.572498], [-0.0873386, -0.572687, 0.815108]], [[0.946905, -0.11017, -0.302048], [0.282073, 0.735495, 0.616021], [0.154288, -0.668513, 0.72752]], [[0.946905, -0.11017, -0.302048], [0.262132, 0.808512, 0.526873], [0.186164, -0.578075, 0.794464]], [[0.946905, -0.11017, -0.302048], [0.301209, 0.632535, 0.713563], [0.112443, -0.766656, 0.632135]]], "btipPosition": [-79.4237, 195.958, 69.1526], "carpPosition": [-94.3285, 132.476, 139.033], "dipPosition": [-81.7323, 180.218, 82.1309], "direction": [0.186164, 0.578075, -0.794464], "extended": true, "handId": 767, "id": 7670, "length": 45.7193, "mcpPosition": [-94.3285, 132.476, 139.033], "p