{"frames": 85, "data": [{"currentFrameRate": 114.437, "devices": [], "gestures": [], "hands": [{"armBasis": [[-0.972791, -0.222789, -0.0635772], [-0.0367287, -0.122648, 0.99177], [-0.228753, 0.967121, 0.111128]], "armWidth": 61.7722, "confidence": 1, "direction": [-0.117317, -0.118654, -0.985981], "elbow": [25.0128, 342.132, 132.918], "grabAngle": 0.909288, "grabStrength": 0, "id": 790, "palmNormal": [0.304238, 0.940805, -0.149418], "palmPosition": [-48.3695, 84.9522, 41.2716], "palmVelocity": [2.82218, -9.85252, -15.0642], "palmWidth": 84.8249, "pinchDistance": 50.0823, "pinchStrength": 0.0625363, "r": [[-0.525956, -0.839469, 0.136605], [0.522474, -0.192167, 0.830718], [-0.671111, 0.508294, 0.539673]], "s": 1.62518, "sphereCenter": [-28.9636, 168.383, 17.8987], "sphereRadius": 87.5808, "stabilizedPalmPosition": [-48.6035, 84.2295, 41.4284], "t": [-9.42802, 10.2196, 18.4129], "timeVisible": 4.1191, "type": "left", "wrist": [-32.5656, 98.7017, 104.947]}], "id": 1361776, "interactionBox": {"center": [0, 200, 0], "size": [235.247, 235.247, 147.751]}, "pointables": [{"bases": [[[-0.0853927, -0.992397, -0.088641], [0.851082, -0.11891, 0.51139], [-0.518042, -0.0317718, 0.854765]], [[-0.048394, -0.987636, -0.149109], [0.779832, -0.13064, 0.612205], [-0.624116, -0.086653, 0.776512]], [[-0.048394, -0.987636, -0.149109], [0.98052, -0.075426, 0.181358], [-0.190362, -0.137428, 0.972047]], [[-0.048394, -0.987636, -0.149109], [0.983789, -0.0213231, -0.178057], [0.172676, -0.155309, 0.972657]]], "btipPosition": [-89.8709, 114.573, 8.9289], "carpPosition": [-58.6575, 103.169, 94.5959], "dipPosition": [-93.4514, 111.353, 29.097], "direction": [-0.190362, 0.137428, -0.972047], "extended": true, "handId": 790, "id": 7900, "length": 46.174, "mcpPosition": [-58.6575, 103.169, 94.5959], "pipPosition": [-87.7009, 107.202, 58.4606], "stabilizedTipPosition": [-90.3371, 114.29, 14.0871], "timeVisible": 4.1191, "tipPosition": [-88.6852, 117.348, 14.9321], "tipVelocity": [-7.53095, -26.6345, -21.4036], "tool": false, "touchDistance": 0.202053, "touchZone": "hovering", "type": 0, "width": 19.9616}, {"bases": [[[-0.912226, -0.332917, -0.238767], [0.341573, -0.939839, 0.00543019], [-0.226211, -0.076603, 0.971062]], [[-0.93109, -0.339169, -0.134296], [0.362972, -0.898088, -0.248372], [-0.0363694, -0.280003, 0.95931]], [[-0.93109, -0.339169, -0.134296], [0.34971, -0.72516, -0.593166], [0.103798, -0.599256, 0.7938]], [[-0.93109, -0.339169, -0.134296], [0.316361, -0.567476, -0.760189], [0.181623, -0.75029, 0.635671]]], "btipPosition": [-70.1925, 122.551, -42.8108], "carpPosition": [-58.2657, 82.4488, 86.9255], "dipPosition": [-72.9418, 111.193, -33.1883], "direction": [0.103798, 0.599256, -0.7938], "extended": true, "handId": 790, "id": 7901, "length": 52.1022, "mcpPosition": [-73.7803, 87.7026, 20.3254], "pipPosition": [-75.1646, 98.3605, -16.1895], "stabilizedTipPosition": [-71.6897, 120.127, -40.1431], "timeVisible": 4.1191, "tipPosition": [-70.7673, 115.981, -41.8527], "tipVelocity": [19.7584, -18.782, -16.9932], "tool": false, "touchDistance": 0.314691, "touchZone": "hovering", "type": 1, "width": 19.0673}, {"bases": [[[-0.979175, -0.175075, -0.102782], [0.177384, -0.984046, -0.0136963], [-0.0987443, -0.0316429, 0.99461]], [[-0.981511, -0.175876, -0.0755286], [0.191389, -0.907334, -0.37432], [-0.00269582, -0.381855, 0.924218]], [[-0.981511, -0.175876, -0.0755286], [0.182206, -0.737634, -0.650152], [0.0586335, -0.651893, 0.756041]], [[-0.981511, -0.175876, -0.0755286], [0.164988, -0.577344, -0.799658], [0.0970344, -0.797334, 0.595687]]], "btipPosition": [-52.0179, 125.283, -49.4345], "carpPosition": [-48.5731, 77.2189, 83.6896], "dipPosition": [-53.6335, 112.008, -39.5167], "direction": [0.0586335, 0.651893, -0.756041], "extended": true, "handId": 790, "id": 7902, "length": 59.3663, "mcpPosition": [-54.9956, 79.277, 18.9993], "pipPosition": [-55.1107, 95.5839, -20.469], "stabilizedTipPosition": [-52.6241, 123.75, -45.0857], "timeVisible": 4.1191, "tipPosition": [-51.5627, 123.163, -45.6677], "tipVelocity": [10.8093, -25.614, -21.048], "tool": false, "touchDistance": -0.251409, "touchZone": "touching", "type": 2, "width": 18.7266}, {"bases": [[[-0.993601, -0.103141, 0.0460302], [0.103735, -0.994547, 0.0107084], [0.0446748, 0.0154148, 0.998883]], [[-0.99029, -0.104281, -0.0919299], [0.130013, -0.928849, -0.346895], [-0.0492146, -0.355479, 0.933388]], [[-0.99029, -0.104281, -0.0919299], [0.139016, -0.740582, -0.657429], [0.000475529, -0.663825, 0.747888]], [[-0.99029, -0.104281, -0.0919299], [0.13772, -0.645819, -0.750966], [0.0189412, -0.756335, 0.65391]]], "btipPosition": [-36.6525, 116.406, -42.7131], "carpPosition": [-37.6384, 74.4219, 81.746], "dipPosition": [-36.9661, 103.886, -31.8885], "direction": [0.000475529, 0.663825, -0.747887], "extended": true, "handId": 790, "id": 7903, "length": 57.0823, "mcpPosition": [-35.0296, 73.5218, 23.4155], "pipPosition": [-36.9777, 87.5935, -13.5328], "stabilizedTipPosition": [-36.9778, 114.819, -38.8494], "timeVisible": 4.1191, "tipPosition": [-36.6282, 111.328, -40.8302], "tipVelocity": [-2.46161, -43.3263, -30.913], "tool": false, "touchDistance": 0.307432, "touchZone": "hovering", "type": 3, "width": 17.8196}, {"bases": [[[-0.985143, 0.065092, 0.158924], [-0.0485325, -0.993187, 0.105944], [0.164738, 0.096657, 0.98159]], [[-0.994749, 0.0384935, -0.0948279], [-0.0130223, -0.966646, -0.255786], [-0.101511, -0.253208, 0.962071]], [[-0.994749, 0.0384935, -0.0948279], [0.0371266, -0.727724, -0.684864], [-0.0953714, -0.684789, 0.722474]], [[-0.994749, 0.0384935, -0.0948279], [0.0473768, -0.648109, -0.760072], [-0.0907167, -0.760574, 0.642882]]], "btipPosition": [-22.1027, 103.908, -23.5053], "carpPosition": [-24.7897, 77.7186, 82.0325], "dipPosition": [-20.7174, 92.2926, -13.6875], "direction": [-0.0953714, 0.684789, -0.722474], "extended": true, "handId": 790, "id": 7904, "length": 44.7515, "mcpPosition": [-15.8846, 72.4937, 28.9713], "pipPosition": [-19.0647, 80.4261, -1.16802], "stabilizedTipPosition": [-22.1573, 102.472, -19.8337], "timeVisible": 4.1191, "tipPosition": [-21.6504, 98.296, -22.146], "tipVelocity": [4.1718, -34.7743, -24.1148], "tool": false, "touchDistance": 0.311249, "touchZone": "hovering", "type": 4, "width": 15.8287}], "r": [[-0.525956, -0.839469, 0.136605], [0.522474, -0.192167, 0.830718], [-0.671111, 0.508294, 0.539673]], "s": 1.62518, "t": [9.42802, 10.2196, 18.4129], "timestamp": 747333607863}, {"currentFrameRate": 114.432, "devices": [], "gestures": [], "hands": [{"armBasis": [[-0.973527, -0.220141, -0.0615059], [-0.0325836, -0.132679, 0.990623], [-0.226237, 0.966403, 0.121994]], "armWidth": 61.7722, "confidence": 1, "direction": [-0.116821, -0.119463, -0.985942], "elbow": [24.2564, 341.903, 135.602], "grabAngle": 0.908612, "grabStrength": 0, "id": 790, "palmNormal": [0.303989, 0.940791, -0.15001], "palmPosition": [-48.4122, 84.921, 41.1386], "palmVelocity": [-4.8898, -3.56753, -15.1997], "palmWidth": 84.8249, "pinchDistance": 50.11, "pinchStrength": 0.0617104, "r": [[-0.52612, -0.839151, 0.137925], [0.522933, -0.191339, 0.830621], [-0.670626, 0.509131, 0.539487]], "s": 1.6252, "sphereCenter": [-29.1613, 168.412, 17.7144], "sphereRadius": 87.6263, "stabilizedPalmPosition": [-48.5975, 84.251, 41.4194], "t": [-9.43369, 10.1824, 18.2944], "timeVisible": 4.12785, "type": "left", "wrist": [-32.6888, 98.6538, 104.895]}], "id": 1361777, "interactionBox": {"center": [0, 200, 0], "size": [235.247, 235.247, 147.751]}, "pointables": [{"bases": [[[-0.0857696, -0.992436, -0.0878278], [0.851278, -0.1188, 0.511089], [-0.517657, -0.0309301, 0.855029]], [[-0.0492866, -0.98783, -0.147524], [0.779374, -0.130408, 0.612837], [-0.624617, -0.0847715, 0.776317]], [[-0.0492866, -0.98783, -0.147524], [0.980545, -0.0759543, 0.181002], [-0.190004, -0.135733, 0.972355]], [[-0.0492866, -0.98783, -0.147524], [0.984151, -0.022841, -0.175853], [0.170343, -0.153853, 0.9733]]], "btipPosition": [-90.0055, 114.411, 8.76341], "carpPosition": [-58.7311, 103.176, 94.444], "dipPosition": [-93.5376, 111.221, 28.9449], "direction": [-0.190004, 0.135733, -0.972355], "extended": true, "handId": 790, "id": 7900, "length": 46.174, "mcpPosition": [-58.7311, 103.176, 94.444], "pipPosition": [-87.7979, 107.121, 58.3178], "stabilizedTipPosition": [-90.4111, 114.196, 13.9822], "timeVisible": 4.12785, "tipPosition": [-88.7436, 117.253, 14.7443], "tipVelocity": [-14.1079, -17.7356, -18.5671], "tool": false, "touchDistance": 0.199346, "touchZone": "hovering", "type": 0, "width": 19.9616}, {"bases": [[[-0.912449, -0.332794, -0.238085], [0.341258, -0.939951, 0.00600471], [-0.225787, -0.0757695, 0.971226]], [[-0.931349, -0.338984, -0.13296], [0.362457, -0.898, -0.249441], [-0.0348413, -0.280508, 0.959219]], [[-0.931349, -0.338984, -0.13296], [0.348654, -0.724885, -0.594123], [0.105018, -0.599693, 0.793309]], [[-0.931349, -0.338984, -0.13296], [0.314739, -0.565819, -0.762095], [0.183107, -0.751624, 0.633666]]], "btipPosition": [-70.1198, 122.543, -42.9133], "carpPosition": [-58.3287, 82.4498, 86.7899], "dipPosition": [-72.8916, 111.166, -33.3212], "direction": [0.105018, 0.599693, -0.793309], "extended": true, "handId": 790, "id": 7901, "length": 52.1022, "mcpPosition": [-73.8143, 87.6464, 20.1786], "pipPosition": [-75.1405, 98.3236, -16.3329], "stabilizedTipPosition": [-71.5578, 120.098, -40.2229], "timeVisible": 4.12785, "tipPosition": [-70.7818, 115.914, -42.0082], "tipVelocity": [7.72687, -1.36965, -12.5192], "tool": false, "touchDistance": 0.312866, "touchZone": "hovering", "type": 1, "width": 19.0673}, {"bases": [[[-0.979282, -0.174824, -0.102192], [0.177045, -0.984117, -0.0130113], [-0.0982943, -0.0308343, 0.99468]], [[-0.981618, -0.175607, -0.0747502], [0.190842, -0.907546, -0.374086], [-0.00214718, -0.381475, 0.924377]], [[-0.981618, -0.175607, -0.0747502], [0.181402, -0.736737, -0.651392], [0.0593176, -0.652978, 0.75505]], [[-0.981618, -0.175607, -0.0747502], [0.164338, -0.578555, -0.798916], [0.0970481, -0.796515, 0.596779]]], "btipPosition": [-52.0075, 125.23, -49.5661], "carpPosition": [-48.6329, 77.2207, 83.5625], "dipPosition": [-53.6233, 111.968, -39.6301], "direction": [0.0593176, 0.652978, -0.75505], "extended": true, "handId": 790, "id": 7902, "length": 59.3663, "mcpPosition": [-55.0261, 79.2262, 18.8677], "pipPosition": [-55.1178, 95.5169, -20.6073], "stabilizedTipPosition": [-52.6055, 123.631, -45.252], "timeVisible": 4.12785, "tipPosition": [-51.5817, 123.059, -45.8384], "tipVelocity": [1.17762, -5.73577, -14.5636], "tool": false, "touchDistance": -0.253532, "touchZone": "touching", "type": 2, "width": 18.7266}, {"bases": [[[-0.993615, -0.102768, 0.0465705], [0.103403, -0.994574, 0.0114356], [0.0451426, 0.0161782, 0.99885]], [[-0.990272, -0.104019, -0.0924253], [0.129789, -0.929961, -0.343989], [-0.0501706, -0.352638, 0.934414]], [[-0.990272, -0.104019, -0.0924253], [0.139148, -0.742051, -0.655742], [-0.000374911, -0.662223, 0.749306]], [[-0.990272, -0.104019, -0.0924253], [0.137993, -0.648682, -0.748445], [0.0178977, -0.753918, 0.656725]]], "btipPosition": [-36.7592, 116.174, -42.953], "carpPosition": [-37.6963, 74.4259, 81.6262], "dipPosition": [-37.0554, 103.694, -32.0818], "direction": [-0.000374911, 0.662223, -0.749306], "extended": true, "handId": 790, "id": 7903, "length": 57.0823, "mcpPosition": [-35.0602, 73.4812, 23.2976], "pipPosition": [-37.0462, 87.4404, -13.6913], "stabilizedTipPosition": [-36.9662, 114.702, -38.9731], "timeVisible": 4.12785, "tipPosition": [-36.644, 111.261, -40.9721], "tipVelocity": [-11.7351, -25.5132, -26.2002], "tool": false, "touchDistance": 0.303612, "touchZone": "hovering", "type": 3, "width": 17.8196}, {"bases": [[[-0.985047, 0.0655496, 0.15933], [-0.0488196, -0.993088, 0.106741], [0.165225, 0.0973662, 0.981438]], [[-0.994753, 0.0387235, -0.0946931], [-0.0136139, -0.96747, -0.25262], [-0.101395, -0.250005, 0.962921]], [[-0.994753, 0.0387235, -0.0946931], [0.0365815, -0.729766, -0.682718], [-0.095541, -0.6826, 0.72452]], [[-0.994753, 0.0387235, -0.0946931], [0.0468363, -0.650524, -0.75804], [-0.0909541, -0.758497, 0.645298]]], "btipPosition": [-22.1385, 103.708, -23.7124], "carpPosition": [-24.8489, 77.7272, 81.916], "dipPosition": [-20.7495, 92.1245, -13.8578], "direction": [-0.095541, 0.6826, -0.72452], "extended": true, "handId": 790, "id": 7904, "length": 44.7515, "mcpPosition": [-15.9175, 72.4639, 28.8631], "pipPosition": [-19.0939, 80.296, -1.30284], "stabilizedTipPosition": [-22.1349, 102.377, -19.9405], "timeVisible": 4.12785, "tipPosition": [-21.6697, 98.2502, -22.2694], "tipVelocity": [-3.99659, -22.0004, -22.7115], "tool": false, "touchDistance": 0.307938, "touchZone": "hovering", "type": 4, "width": 15.8287}], "r": [[-0.52612, -0.839151, 0.137925], [0.522933, -0.191339, 0.830621], [-0.670626, 0.509131, 0.539487]], "s": 1.6252, "t": [9.43369, 10.1824, 18.2944], "timestamp": 747333616611}, {"currentFrameRate": 114.492, "devices": [], "gestures": [], "hands": [{"armBasis": [[-0.97431, -0.217379, -0.0588706], [-0.0279617, -0.142618, 0.989383], [-0.223467, 0.965612, 0.132876]], "armWidth": 61.7722, "confidence": 1, "direction": [-0.116457, -0.121224, -0.98577], "elbow": [23.476, 341.607, 138.21], "grabAngle": 0.907914, "grabStrength": 0, "id": 790, "palmNormal": [0.304732, 0.94029, -0.151632], "palmPosition": [-48.4128, 84.7914, 40.9332], "palmVelocity": [-0.0671787, -15.0207, -23.8075], "palmWidth": 84.8249, "pinchDistance": 50.117, "pinchStrength": 0.0612513, "r": [[-0.526117, -0.838919, 0.139342], [0.523403, -0.19029, 0.830565], [-0.670261, 0.509906, 0.539208]], "s": 1.62523, "sphereCenter": [-29.2705, 168.294, 17.3756], "sphereRadius": 87.657, "stabilizedPalmPosition": [-48.5928, 84.2649, 41.4069], "t": [-9.43681, 10.099, 18.1325], "timeVisible": 4.13648, "type": "left", "wrist": [-32.772, 98.5569, 104.764]}], "id": 1361778, "interactionBox": {"center": [0, 200, 0], "size": [235.247, 235.247, 147.751]}, "pointables": [{"bases": [[[-0.0850973, -0.99266, -0.0859309], [0.851596, -0.117233, 0.510921], [-0.517245, -0.0297004, 0.855322]], [[-0.0492331, -0.98825, -0.144697], [0.778985, -0.128664, 0.6137], [-0.625107, -0.0825023, 0.776167]], [[-0.0492331, -0.98825, -0.144697], [0.98069, -0.0752842, 0.180495], [-0.189268, -0.133017, 0.972874]], [[-0.0492331, -0.98825, -0.144697], [0.984537, -0.0236336, -0.173576], [0.168117, -0.151005, 0.974133]]], "btipPosition": [-90.0639, 114.142, 8.49298], "carpPosition": [-58.7429, 103.153, 94.1995], "dipPosition": [-93.5499, 111.011, 28.6917], "direction": [-0.189268, 0.133017, -0.972874], "extended": true, "handId": 790, "id": 7900, "length": 46.174, "mcpPosition": [-58.7429, 103.153, 94.1995], "pipPosition": [-87.8325, 106.993, 58.0803], "stabilizedTipPosition": [-90.4715, 114.093, 13.8702], "timeVisible": 4.13648, "tipPosition": [-88.7278, 117.071, 14.4484], "tipVelocity": [-5.54327, -29.6152, -30.8722], "tool": false, "touchDistance": 0.194905, "touchZone": "hovering", "type": 0, "width": 19.9616}, {"bases": [[[-0.912318, -0.333893, -0.237045], [0.341935, -0.939693, 0.00760813], [-0.22529, -0.074113, 0.971469]], [[-0.931147, -0.339895, -0.132048], [0.363102, -0.897542, -0.25015], [-0.033494, -0.280873, 0.95916]], [[-0.931147, -0.339895, -0.132048], [0.348868, -0.725037, -0.593812], [0.106094, -0.598993, 0.793695]], [[-0.931147, -0.339895, -0.132048], [0.314325, -0.564616, -0.763157], [0.184837, -0.752118, 0.632578]]], "btipPosition": [-70.0083, 122.399, -43.125], "carpPosition": [-58.3519, 82.4127, 86.5844], "dipPosition": [-72.8063, 111.014, -33.5494], "direction": [0.106094, 0.598993, -0.793695], "extended": true, "handId": 790, "id": 7901, "length": 52.1022, "mcpPosition": [-73.8033, 87.4958, 19.9564], "pipPosition": [-75.0782, 98.1868, -16.5528], "stabilizedTipPosition": [-71.452, 120.061, -40.3046], "timeVisible": 4.13648, "tipPosition": [-70.7216, 115.684, -42.2688], "tipVelocity": [12.2128, -16.9204, -24.9662], "tool": false, "touchDistance": 0.309274, "touchZone": "hovering", "type": 1, "width": 19.0673}, {"bases": [[[-0.979203, -0.175717, -0.101417], [0.177745, -0.984012, -0.0112502], [-0.0978191, -0.0290426, 0.99478]], [[-0.981527, -0.17645, -0.0739625], [0.191321, -0.907649, -0.373591], [-0.00121175, -0.38084, 0.92464]], [[-0.981527, -0.17645, -0.0739625], [0.181447, -0.735873, -0.652356], [0.0606815, -0.653725, 0.754295]], [[-0.981527, -0.17645, -0.0739625], [0.164392, -0.580017, -0.797844], [0.0978803, -0.795264, 0.598309]]], "btipPosition": [-51.9139, 125.034, -49.7816], "carpPosition": [-48.6584, 77.1707, 83.3713], "dipPosition": [-53.5435, 111.793, -39.8201], "direction": [0.0606815, 0.653725, -0.754295], "extended": true, "handId": 790, "id": 7902, "length": 59.3663, "mcpPosition": [-55.0206, 79.0596, 18.6699], "pipPosition": [-55.0724, 95.3232, -20.8164], "stabilizedTipPosition": [-52.5802, 123.5, -45.4305], "timeVisible": 4.13648, "tipPosition": [-51.5217, 122.762, -46.1278], "tipVelocity": [10.4804, -22.1202, -24.2905], "tool": false, "touchDistance": -0.257027, "touchZone": "touching", "type": 2, "width": 18.7266}, {"bases": [[[-0.993519, -0.103393, 0.0472167], [0.104122, -0.994476, 0.0132499], [0.0455859, 0.0180804, 0.998797]], [[-0.990115, -0.104906, -0.0930968], [0.130654, -0.93124, -0.340179], [-0.0510086, -0.34898, 0.935741]], [[-0.990115, -0.104906, -0.0930968], [0.140256, -0.744162, -0.653109], [-0.000764062, -0.65971, 0.75152]], [[-0.990115, -0.104906, -0.0930968], [0.139174, -0.652483, -0.744914], [0.0174019, -0.750507, 0.660633]]], "btipPosition": [-36.8108, 115.738, -43.3025], "carpPosition": [-37.7229, 74.3644, 81.4452], "dipPosition": [-37.0988, 103.315, -32.3666], "direction": [-0.000764062, 0.65971, -0.75152], "extended": true, "handId": 790, "id": 7903, "length": 57.0823, "mcpPosition": [-35.0609, 73.3086, 23.1197], "pipPosition": [-37.0801, 87.123, -13.9218], "stabilizedTipPosition": [-36.9595, 114.564, -39.1104], "timeVisible": 4.13648, "tipPosition": [-36.5919, 110.992, -41.216], "tipVelocity": [-5.75969, -48.9589, -38.7688], "tool": false, "touchDistance": 0.298035, "touchZone": "hovering", "type": 3, "width": 17.8196}, {"bases": [[[-0.985021, 0.0651416, 0.159657], [-0.0480582, -0.992921, 0.108622], [0.165602, 0.0993217, 0.981178]], [[-0.994793, 0.0377952, -0.0946438], [-0.0131987, -0.968647, -0.24809], [-0.101053, -0.245549, 0.964103]], [[-0.994793, 0.0377952, -0.0946438], [0.0368339, -0.732564, -0.679701], [-0.095022, -0.679648, 0.727357]], [[-0.994793, 0.0377952, -0.0946438], [0.0470206, -0.65371, -0.755283], [-0.0904156, -0.755801, 0.648529]]], "btipPosition": [-22.1145, 103.3, -24.0153], "carpPosition": [-24.8733, 77.657, 81.7347], "dipPosition": [-20.7338, 91.7579, -14.1113], "direction": [-0.095022, 0.679648, -0.727357], "extended": true, "handId": 790, "id": 7904, "length": 44.7515, "mcpPosition": [-15.9214, 72.288, 28.6958], "pipPosition": [-19.0872, 79.9805, -1.50716], "stabilizedTipPosition": [-22.1122, 102.261, -20.0612], "timeVisible": 4.13648, "tipPosition": [-21.6335, 98.009, -22.4801], "tipVelocity": [2.56011, -46.1531, -33.7726], "tool": false, "touchDistance": 0.30308, "touchZone": "hovering", "type": 4, "width": 15.8287}], "r": [[-0.526117, -0.838919, 0.139342], [0.523403, -0.19029, 0.830565], [-0.670261, 0.509906, 0.539208]], "s": 1.62523, "t": [9.43681, 10.099, 18.1325], "timestamp": 747333625242}, {"currentFrameRate": 114.512, "devices": [], "gestures": [], "hands": [{"armBasis": [[-0.975048, -0.214846, -0.0558845], [-0.0231127, -0.152123, 0.988091], [-0.220789, 0.964728, 0.143361]], "armWidth": 61.7722, "confidence": 1, "direction": [-0.115842, -0.123265, -0.985589], "elbow": [22.7067, 341.283, 140.696], "grabAngle": 0.907407, "grabStrength": 0, "id": 790, "palmNormal": [0.305516, 0.939742, -0.153441], "palmPosition": [-48.4117, 84.6391, 40.7077], "palmVelocity": [0.126534, -17.4975, -25.9187], "palmWidth": 84.8249, "pinchDistance": 50.1045, "pinchStrength": 0.0611336, "r": [[-0.525973, -0.838747, 0.140913], [0.523926, -0.189019, 0.830526], [-0.669966, 0.510662, 0.53886]], "s": 1.62538, "sphereCenter": [-29.4253, 168.148, 17.0045], "sphereRadius": 87.675, "stabilizedPalmPosition": [-48.5887, 84.2733, 41.3912], "t": [-9.43783, 9.98124, 17.9387], "timeVisible": 4.14518, "type": "left", "wrist": [-32.8672, 98.4556, 104.612]}], "id": 1361779, "interactionBox": {"center": [0, 200, 0], "size": [235.247, 235.247, 147.751]}, "pointables": [{"bases": [[[-0.0844448, -0.992904, -0.0837306], [0.852044, -0.11552, 0.510564], [-0.516614, -0.0282276, 0.855753]], [[-0.0493325, -0.988725, -0.141382], [0.77863, -0.126727, 0.614553], [-0.625541, -0.0797665, 0.776103]], [[-0.0493325, -0.988725, -0.141382], [0.980894, -0.0746316, 0.179657], [-0.188183, -0.129818, 0.973517]], [[-0.0493325, -0.988725, -0.141382], [0.98491, -0.0246463, -0.171306], [0.16589, -0.147699, 0.975021]]], "btipPosition": [-90.1212, 113.819, 8.18556], "carpPosition": [-58.7665, 103.123, 93.9269], "dipPosition": [-93.5609, 110.757, 28.4027], "direction": [-0.188183, 0.129818, -0.973517], "extended": true, "handId": 790, "id": 7900, "length": 46.174, "mcpPosition": [-58.7665, 103.123, 93.9269], "pipPosition": [-87.8763, 106.835, 57.8107], "stabilizedTipPosition": [-90.5239, 113.977, 13.7471], "timeVisible": 4.14518, "tipPosition": [-88.7072, 116.852, 14.1115], "tipVelocity": [-5.36013, -35.2613, -34.8488], "tool": false, "touchDistance": 0.189852, "touchZone": "hovering", "type": 0, "width": 19.9616}, {"bases": [[[-0.912247, -0.335058, -0.235674], [0.342616, -0.939429, 0.00938918], [-0.224545, -0.0721803, 0.971787]], [[-0.930831, -0.340799, -0.131948], [0.363981, -0.896899, -0.251178], [-0.0327431, -0.281831, 0.958905]], [[-0.930831, -0.340799, -0.131948], [0.349677, -0.725644, -0.592593], [0.106208, -0.597743, 0.794621]], [[-0.930831, -0.340799, -0.131948], [0.314607, -0.56356, -0.763821], [0.185948, -0.7525, 0.631797]]], "btipPosition": [-69.9425, 122.235, -43.3727], "carpPosition": [-58.385, 82.366, 86.3569], "dipPosition": [-72.7573, 110.844, -33.8089], "direction": [0.106208, 0.597743, -0.794621], "extended": true, "handId": 790, "id": 7901, "length": 52.1022, "mcpPosition": [-73.7853, 87.3165, 19.707], "pipPosition": [-75.0317, 98.0441, -16.7925], "stabilizedTipPosition": [-71.37, 120.019, -40.3873], "timeVisible": 4.14518, "tipPosition": [-70.6385, 115.414, -42.5615], "tipVelocity": [7.12425, -18.9762, -28.7847], "tool": false, "touchDistance": 0.3051, "touchZone": "hovering", "type": 1, "width": 19.0673}, {"bases": [[[-0.979148, -0.176637, -0.100339], [0.178444, -0.983906, -0.00925632], [-0.0970895, -0.0269683, 0.99491]], [[-0.981434, -0.177308, -0.0731323], [0.191798, -0.907666, -0.373305], [-0.000189739, -0.380401, 0.924822]], [[-0.981434, -0.177308, -0.0731323], [0.181455, -0.734837, -0.65352], [0.062134, -0.654657, 0.753368]], [[-0.981434, -0.177308, -0.0731323], [0.164339, -0.580799, -0.797286], [0.0988899, -0.794502, 0.599155]]], "btipPosition": [-51.804, 124.83, -49.9979], "carpPosition": [-48.693, 77.1101, 83.1619], "dipPosition": [-53.4505, 111.602, -40.0223], "direction": [0.062134, 0.654657, -0.753368], "extended": true, "handId": 790, "id": 7902, "length": 59.3663, "mcpPosition": [-55.0078, 78.8641, 18.4521], "pipPosition": [-55.0159, 95.109, -21.0419], "stabilizedTipPosition": [-52.5458, 123.352, -45.6277], "timeVisible": 4.14518, "tipPosition": [-51.4396, 122.417, -46.4513], "tipVelocity": [12.1869, -23.0458, -24.4862], "tool": false, "touchDistance": -0.260577, "touchZone": "touching", "type": 2, "width": 18.7266}, {"bases": [[[-0.993411, -0.104004, 0.0481487], [0.104847, -0.99437, 0.0153188], [0.0462845, 0.0202661, 0.998723]], [[-0.989957, -0.105825, -0.0937321], [0.13153, -0.932506, -0.33635], [-0.0518115, -0.345301, 0.937061]], [[-0.989957, -0.105825, -0.0937321], [0.141363, -0.746324, -0.650398], [-0.00112598, -0.657116, 0.753788]], [[-0.989957, -0.105825, -0.0937321], [0.140352, -0.656414, -0.74123], [0.0169138, -0.746942, 0.664675]]], "btipPosition": [-36.854, 115.27, -43.6685], "carpPosition": [-37.7582, 74.2918, 81.2497], "dipPosition": [-37.134, 102.905, -32.6657], "direction": [-0.00112598, 0.657116, -0.753788], "extended": true, "handId": 790, "id": 7903, "length": 57.0823, "mcpPosition": [-35.0553, 73.1084, 22.9285], "pipPosition": [-37.1063, 86.7772, -14.1652], "stabilizedTipPosition": [-36.9563, 114.402, -39.2641], "timeVisible": 4.14518, "tipPosition": [-36.5183, 110.676, -41.485], "tipVelocity": [-4.7535, -52.2878, -40.2981], "tool": false, "touchDistance": 0.292191, "touchZone": "hovering", "type": 3, "width": 17.8196}, {"bases": [[[-0.984954, 0.064779, 0.160219], [-0.047267, -0.992719, 0.110795], [0.16623, 0.101555, 0.980844]], [[-0.994853, 0.0368326, -0.0944017], [-0.0128693, -0.969982, -0.242834], [-0.100512, -0.240369, 0.965464]], [[-0.994853, 0.0368326, -0.0944017], [0.0369508, -0.735595, -0.676413], [-0.0943555, -0.676419, 0.730448]], [[-0.994853, 0.0368326, -0.0944017], [0.0470554, -0.657147, -0.752292], [-0.0897446, -0.752862, 0.652031]]], "btipPosition": [-22.075, 102.835, -24.3403], "carpPosition": [-24.9064, 77.5759, 81.5413], "dipPosition": [-20.7045, 91.3378, -14.3828], "direction": [-0.0943555, 0.676419, -0.730448], "extended": true, "handId": 790, "id": 7904, "length": 44.7515, "mcpPosition": [-15.9206, 72.0861, 28.5205], "pipPosition": [-19.0694, 79.6163, -1.72511], "stabilizedTipPosition": [-22.0875, 102.116, -20.2006], "timeVisible": 4.14518, "tipPosition": [-21.5797, 97.7281, -22.7075], "tipVelocity": [4.27573, -52.2611, -35.9411], "tool": false, "touchDistance": 0.297868, "touchZone": "hovering", "type": 4, "width": 15.8287}], "r": [[-0.525973, -0.838747, 0.140913], [0.523926, -0.189019, 0.830526], [-0.669966, 0.510662, 0.53886]], "s": 1.62538, "t": [9.43783, 9.98124, 17.9387], "timestamp": 747333633942}, {"currentFrameRate": 114.556, "devices": [], "gestures": [], "hands": [{"armBasis": [[-0.97578, -0.212514, -0.0518853], [-0.0173296, -0.161343, 0.986746], [-0.218069, 0.963746, 0.153753]], "armWidth": 61.7722, "confidence": 1, "direction": [-0.114849, -0.126762, -0.985262], "elbow": [21.9228, 340.982, 143.176], "grabAngle": 0.908558, "grabStrength": 0, "id": 790, "palmNormal": [0.306714, 0.93884, -0.156542], "palmPosition": [-48.3867, 84.451, 40.5044], "palmVelocity": [2.88761, -21.7405, -23.4929], "palmWidth": 84.8249, "pinchDistance": 50.0499, "pinchStrength": 0.062252, "r": [[-0.525643, -0.838617, 0.142906], [0.524574, -0.187277, 0.830511], [-0.669717, 0.511517, 0.538358]], "s": 1.62555, "sphereCenter": [-29.5713, 167.811, 16.5429], "sphereRadius": 87.5699, "stabilizedPalmPosition": [-48.5844, 84.2772, 41.3721], "t": [-9.42584, 9.82826, 17.7402], "timeVisible": 4.15383, "type": "left", "wrist": [-32.9664, 98.4013, 104.475]}], "id": 1361780, "interactionBox": {"center": [0, 200, 0], "size": [235.247, 235.247, 147.751]}, "pointables": [{"bases": [[[-0.0834601, -0.993296, -0.0799844], [0.852753, -0.112719, 0.510007], [-0.515604, -0.0256416, 0.856443]], [[-0.0490502, -0.989403, -0.136659], [0.77853, -0.123585, 0.615319], [-0.625687, -0.0762114, 0.776342]], [[-0.0490502, -0.989403, -0.136659], [0.981243, -0.0732735, 0.178304], [-0.186428, -0.12535, 0.974439]], [[-0.0490502, -0.989403, -0.136659], [0.984938, -0.0252014, -0.171062], [0.165805, -0.142991, 0.975737]]], "btipPosition": [-90.0925, 113.44, 7.84818], "carpPosition": [-58.7822, 103.142, 93.6434], "dipPosition": [-93.5305, 110.475, 28.0802], "direction": [-0.186428, 0.12535, -0.974439], "extended": true, "handId": 790, "id": 7900, "length": 46.174, "mcpPosition": [-58.7822, 103.142, 93.6434], "pipPosition": [-87.8988, 106.689, 57.516], "stabilizedTipPosition": [-90.5625, 113.846, 13.6133], "timeVisible": 4.15383, "tipPosition": [-88.636, 116.577, 13.7332], "tipVelocity": [3.3639, -41.2523, -38.5907], "tool": false, "touchDistance": 0.184286, "touchZone": "hovering", "type": 0, "width": 19.9616}, {"bases": [[[-0.912151, -0.33691, -0.233394], [0.343648, -0.939016, 0.0124481], [-0.223354, -0.0688509, 0.972303]], [[-0.93033, -0.342217, -0.131809], [0.36534, -0.896076, -0.252139], [-0.0318249, -0.282728, 0.958672]], [[-0.93033, -0.342217, -0.131809], [0.350881, -0.726151, -0.591259], [0.106625, -0.596315, 0.795638]], [[-0.93033, -0.342217, -0.131809], [0.315019, -0.561748, -0.764985], [0.187747, -0.753211, 0.630415]]], "btipPosition": [-69.8194, 122.012, -43.6068], "carpPosition": [-58.4147, 82.3565, 86.1501], "dipPosition": [-72.6614, 110.61, -34.0639], "direction": [0.106625, 0.596315, -0.795638], "extended": true, "handId": 790, "id": 7901, "length": 52.1022, "mcpPosition": [-73.7334, 87.0787, 19.4649], "pipPosition": [-74.9448, 97.8404, -17.0258], "stabilizedTipPosition": [-71.293, 119.965, -40.4753], "timeVisible": 4.15383, "tipPosition": [-70.4846, 115.023, -42.8765], "tipVelocity": [13.4975, -26.1141, -27.6049], "tool": false, "touchDistance": 0.301119, "touchZone": "hovering", "type": 1, "width": 19.0673}, {"bases": [[[-0.97907, -0.178066, -0.0985659], [0.179504, -0.98374, -0.00584542], [-0.0959224, -0.0234161, 0.995113]], [[-0.981285, -0.178629, -0.0719124], [0.192557, -0.907937, -0.372254], [0.00120335, -0.379135, 0.925341]], [[-0.981285, -0.178629, -0.0719124], [0.181547, -0.733736, -0.654731], [0.064189, -0.655533, 0.752434]], [[-0.981285, -0.178629, -0.0719124], [0.164193, -0.581084, -0.797108], [0.100599, -0.793998, 0.599539]]], "btipPosition": [-51.6201, 124.527, -50.1924], "carpPosition": [-48.7247, 77.0784, 82.9856], "dipPosition": [-53.295, 111.308, -40.2105], "direction": [0.064189, 0.655533, -0.752434], "extended": true, "handId": 790, "id": 7902, "length": 59.3663, "mcpPosition": [-54.9636, 78.6014, 18.2627], "pipPosition": [-54.9122, 94.7922, -21.2536], "stabilizedTipPosition": [-52.4873, 123.15, -45.8731], "timeVisible": 4.15383, "tipPosition": [-51.2862, 121.905, -46.8148], "tipVelocity": [20.4927, -34.8104, -22.3066], "tool": false, "touchDistance": -0.263794, "touchZone": "touching", "type": 2, "width": 18.7266}, {"bases": [[[-0.993241, -0.104903, 0.0496705], [0.105946, -0.994193, 0.0188525], [0.0474044, 0.0239874, 0.998588]], [[-0.989774, -0.107258, -0.0940363], [0.132702, -0.934174, -0.331223], [-0.0523199, -0.340315, 0.938855]], [[-0.989774, -0.107258, -0.0940363], [0.14264, -0.748721, -0.647357], [-0.000972592, -0.654151, 0.756364]], [[-0.989774, -0.107258, -0.0940363], [0.141624, -0.66025, -0.737572], [0.0170231, -0.743347, 0.668689]]], "btipPosition": [-36.8358, 114.672, -44.0147], "carpPosition": [-37.7908, 74.2413, 81.0963], "dipPosition": [-37.1176, 102.367, -32.9454], "direction": [-0.000972592, 0.654151, -0.756364], "extended": true, "handId": 790, "id": 7903, "length": 57.0823, "mcpPosition": [-35.0226, 72.8405, 22.783], "pipPosition": [-37.0937, 86.3119, -14.3817], "stabilizedTipPosition": [-36.9519, 114.196, -39.4413], "timeVisible": 4.15383, "tipPosition": [-36.3766, 110.19, -41.7666], "tipVelocity": [2.0554, -67.468, -38.2338], "tool": false, "touchDistance": 0.286677, "touchZone": "hovering", "type": 3, "width": 17.8196}, {"bases": [[[-0.98484, 0.0642999, 0.16111], [-0.04606, -0.992355, 0.114497], [0.16724, 0.10534, 0.980272]], [[-0.994959, 0.035353, -0.0938465], [-0.0123112, -0.971782, -0.235558], [-0.099526, -0.233215, 0.967319]], [[-0.994959, 0.035353, -0.0938465], [0.0371617, -0.739205, -0.672455], [-0.093145, -0.672552, 0.734165]], [[-0.994959, 0.035353, -0.0938465], [0.0471601, -0.660925, -0.748969], [-0.0885038, -0.749619, 0.655926]]], "btipPosition": [-21.9789, 102.226, -24.6421], "carpPosition": [-24.9358, 77.5124, 81.3906], "dipPosition": [-20.6274, 90.7786, -14.6251], "direction": [-0.093145, 0.672552, -0.734165], "extended": true, "handId": 790, "id": 7904, "length": 44.7515, "mcpPosition": [-15.8954, 71.8181, 28.4007], "pipPosition": [-19.0133, 79.1241, -1.90303], "stabilizedTipPosition": [-22.0551, 101.921, -20.3658], "timeVisible": 4.15383, "tipPosition": [-21.4702, 97.3024, -22.9213], "tipVelocity": [10.5946, -69.0244, -33.2934], "tool": false, "touchDistance": 0.293066, "touchZone": "hovering", "type": 4, "width": 15.8287}], "r": [[-0.525643, -0.838617, 0.142906], [0.524574, -0.187277, 0.830511], [-0.669717, 0.511517, 0.538358]], "s": 1.62555, "t": [9.42584, 9.82826, 17.7402], "timestamp": 747333642596}, {"currentFrameRate": 114.591, "devices": [], "gestures": [], "hands": [{"armBasis": [[-0.976604, -0.209663, -0.0478101], [-0.0113649, -0.171695, 0.985085], [-0.214744, 0.962581, 0.165295]], "armWidth": 61.7722, "confidence": 1, "direction": [-0.113833, -0.130092, -0.984946], "elbow": [20.9847, 340.616, 145.915], "grabAngle": 0.910946, "grabStrength": 0, "id": 790, "palmNormal": [0.307298, 0.938163, -0.159429], "palmPosition": [-48.3582, 84.257, 40.2628], "palmVelocity": [3.28844, -22.3901, -27.8749], "palmWidth": 84.8249, "pinchDistance": 49.9375, "pinchStrength": 0.0648798, "r": [[-0.525272, -0.838456, 0.14519], [0.52529, -0.185267, 0.83051], [-0.669447, 0.51251, 0.537749]], "s": 1.62573, "sphereCenter": [-29.7654, 167.35, 16.0759], "sphereRadius": 87.3207, "stabilizedPalmPosition": [-48.5798, 84.2767, 41.35], "t": [-9.40559, 9.65476, 17.5202], "timeVisible": 4.1625, "type": "left", "wrist": [-33.0677, 98.3283, 104.309]}], "id": 1361781, "interactionBox": {"center": [0, 200, 0], "size": [235.247, 235.247, 147.751]}, "pointables": [{"bases": [[[-0.0831088, -0.993601, -0.0764847], [0.853356, -0.110595, 0.509462], [-0.514661, -0.0229279, 0.857087]], [[-0.049146, -0.989953, -0.132581], [0.778543, -0.121122, 0.615793], [-0.625664, -0.0729562, 0.776673]], [[-0.049146, -0.989953, -0.132581], [0.981517, -0.07245, 0.177133], [-0.184959, -0.121425, 0.975216]], [[-0.049146, -0.989953, -0.132581], [0.984825, -0.0259087, -0.171607], [0.166448, -0.139003, 0.976204]]], "btipPosition": [-90.0547, 113.08, 7.48226], "carpPosition": [-58.8033, 103.135, 93.326], "dipPosition": [-93.5061, 110.198, 27.7239], "direction": [-0.184959, 0.121425, -0.975216], "extended": true, "handId": 790, "id": 7900, "length": 46.174, "mcpPosition": [-58.8033, 103.135, 93.326], "pipPosition": [-87.9188, 106.53, 57.1833], "stabilizedTipPosition": [-90.5896, 113.71, 13.4736], "timeVisible": 4.1625, "tipPosition": [-88.5764, 116.288, 13.3313], "tipVelocity": [4.00237, -39.3424, -41.9679], "tool": false, "touchDistance": 0.178224, "touchZone": "hovering", "type": 0, "width": 19.9616}, {"bases": [[[-0.912255, -0.338108, -0.231243], [0.344076, -0.938817, 0.0152958], [-0.222266, -0.0656114, 0.972776]], [[-0.929852, -0.342961, -0.133241], [0.36655, -0.894858, -0.254696], [-0.0318813, -0.285669, 0.957798]], [[-0.929852, -0.342961, -0.133241], [0.352406, -0.726064, -0.590459], [0.105762, -0.595994, 0.795993]], [[-0.929852, -0.342961, -0.133241], [0.316049, -0.559101, -0.766498], [0.188384, -0.754841, 0.628273]]], "btipPosition": [-69.7779, 121.886, -43.8268], "carpPosition": [-58.4367, 82.3235, 85.9045], "dipPosition": [-72.6295, 110.46, -34.3163], "direction": [0.105762, 0.595994, -0.795993], "extended": true, "handId": 790, "id": 7901, "length": 52.1022, "mcpPosition": [-73.6808, 86.8235, 19.1869], "pipPosition": [-74.8944, 97.6972, -17.2705], "stabilizedTipPosition": [-71.2345, 119.917, -40.5544], "timeVisible": 4.1625, "tipPosition": [-70.3539, 114.668, -43.2067], "tipVelocity": [4.54094, -15.126, -26.2427], "tool": false, "touchDistance": 0.297329, "touchZone": "hovering", "type": 1, "width": 19.0673}, {"bases": [[[-0.979098, -0.178832, -0.0968879], [0.179932, -0.983676, -0.00266539], [-0.0948296, -0.0200429, 0.995292]], [[-0.981222, -0.17929, -0.0711275], [0.192871, -0.907805, -0.372413], [0.0022001, -0.379138, 0.925337]], [[-0.981222, -0.17929, -0.0711275], [0.181314, -0.731568, -0.657217], [0.0657978, -0.657772, 0.750338]], [[-0.981222, -0.17929, -0.0711275], [0.163795, -0.579785, -0.798136], [0.101859, -0.794798, 0.598264]]], "btipPosition": [-51.4659, 124.33, -50.3467], "carpPosition": [-48.7457, 77.0303, 82.7687], "dipPosition": [-53.1618, 111.097, -40.386], "direction": [0.0657978, 0.657772, -0.750338], "extended": true, "handId": 790, "id": 7902, "length": 59.3663, "mcpPosition": [-54.9135, 78.3339, 18.0341], "pipPosition": [-54.8195, 94.5249, -21.482], "stabilizedTipPosition": [-52.4075, 122.914, -46.149], "timeVisible": 4.1625, "tipPosition": [-51.163, 121.409, -47.208], "tipVelocity": [17.2356, -23.1501, -18.3736], "tool": false, "touchDistance": -0.266448, "touchZone": "touching", "type": 2, "width": 18.7266}, {"bases": [[[-0.99314, -0.105166, 0.051112], [0.106405, -0.994076, 0.0221483], [0.04848, 0.0274349, 0.998447]], [[-0.989625, -0.108039, -0.0947134], [0.133439, -0.935516, -0.327115], [-0.0532648, -0.336359, 0.940226]], [[-0.989625, -0.108039, -0.0947134], [0.143671, -0.750136, -0.645487], [-0.00131028, -0.652398, 0.757876]], [[-0.989625, -0.108039, -0.0947134], [0.142715, -0.663033, -0.73486], [0.0165953, -0.740753, 0.671573]]], "btipPosition": [-36.8459, 114.169, -44.3408], "carpPosition": [-37.811, 74.182, 80.9011], "dipPosition": [-37.1206, 101.907, -33.2239], "direction": [-0.00131028, 0.652398, -0.757876], "extended": true, "handId": 790, "id": 7903, "length": 57.0823, "mcpPosition": [-34.9799, 72.5799, 22.596], "pipPosition": [-37.0884, 85.8947, -14.623], "stabilizedTipPosition": [-36.9483, 113.962, -39.6341], "timeVisible": 4.1625, "tipPosition": [-36.2534, 109.724, -42.0801], "tipVelocity": [-0.980995, -56.9233, -36.372], "tool": false, "touchDistance": 0.281423, "touchZone": "hovering", "type": 3, "width": 17.8196}, {"bases": [[[-0.984692, 0.0644216, 0.161961], [-0.0454977, -0.991977, 0.117951], [0.16826, 0.108777, 0.979722]], [[-0.995047, 0.0345555, -0.0932085], [-0.0122955, -0.97322, -0.229545], [-0.0986444, -0.227261, 0.968825]], [[-0.995047, 0.0345555, -0.0932085], [0.0369702, -0.741743, -0.669665], [-0.0922773, -0.669794, 0.736791]], [[-0.995047, 0.0345555, -0.0932085], [0.0468953, -0.663574, -0.74664], [-0.0876512, -0.747312, 0.658667]]], "btipPosition": [-21.8872, 101.707, -24.9394], "carpPosition": [-24.9548, 77.4484, 81.1981], "dipPosition": [-20.5486, 90.2945, -14.8806], "direction": [-0.0922773, 0.669794, -0.736791], "extended": true, "handId": 790, "id": 7904, "length": 44.7515, "mcpPosition": [-15.8593, 71.5684, 28.2379], "pipPosition": [-18.9496, 78.6879, -2.11296], "stabilizedTipPosition": [-22.0162, 101.689, -20.5504], "timeVisible": 4.1625, "tipPosition": [-21.3683, 96.8925, -23.1738], "tipVelocity": [10.241, -58.9828, -33.1962], "tool": false, "touchDistance": 0.288271, "touchZone": "hovering", "type": 4, "width": 15.8287}], "r": [[-0.525272, -0.838456, 0.14519], [0.52529, -0.185267, 0.83051], [-0.669447, 0.51251, 0.537749]], "s": 1.62573, "t": [9.40559, 9.65476, 17.5202], "timestamp": 747333651262}, {"currentFrameRate": 114.606, "devices": [], "gestures": [], "hands": [{"armBasis": [[-0.977516, -0.20626, -0.043798], [-0.00550778, -0.182665, 0.98316], [-0.210787, 0.961296, 0.177422]], "armWidth": 61.7722, "confidence": 1, "direction": [-0.113, -0.132335, -0.984743], "elbow": [19.9146, 340.131, 148.788], "grabAngle": 0.914147, "grabStrength": 0, "id": 790, "palmNormal": [0.308453, 0.937451, -0.161375], "palmPosition": [-48.3041, 84.0444, 39.9981], "palmVelocity": [6.22561, -24.4223, -30.4174], "palmWidth": 84.8249, "pinchDistance": 49.7997, "pinchStrength": 0.0682028, "r": [[-0.524767, -0.838365, 0.147523], [0.526066, -0.183149, 0.830489], [-0.669234, 0.51342, 0.537146]], "s": 1.62593, "sphereCenter": [-29.9091, 166.817, 15.6752], "sphereRadius": 86.998, "stabilizedPalmPosition": [-48.5747, 84.2724, 41.3247], "t": [-9.36839, 9.46176, 17.2778], "timeVisible": 4.1712, "type": "left", "wrist": [-33.1418, 98.167, 104.13]}], "id": 1361782, "interactionBox": {"center": [0, 200, 0], "size": [235.247, 235.247, 147.751]}, "pointables": [{"bases": [[[-0.0821275, -0.993869, -0.0740183], [0.853975, -0.108466, 0.508882], [-0.513791, -0.0214166, 0.857648]], [[-0.0485305, -0.990371, -0.129653], [0.778546, -0.118824, 0.616236], [-0.625709, -0.0710346, 0.776816]], [[-0.0485305, -0.990371, -0.129653], [0.98183, -0.0711425, 0.175922], [-0.183452, -0.11876, 0.975829]], [[-0.0485305