{"frames": 80, "data": [{"currentFrameRate": 115.062, "devices": [], "gestures": [], "hands": [{"armBasis": [[0.838199, 0.0174068, -0.545087], [0.270013, 0.855144, 0.442517], [0.473831, -0.518098, 0.712081]], "armWidth": 60.8819, "confidence": 1, "direction": [0.110145, 0.0385605, -0.993167], "elbow": [-94.0966, 22.1364, 337.204], "grabAngle": 2.57523, "grabStrength": 0, "id": 772, "palmNormal": [0.246673, -0.969044, -0.0102671], "palmPosition": [45.2688, 158.734, 89.6921], "palmVelocity": [1.80544, -1.94475, 3.63286], "palmWidth": 85.1216, "pinchDistance": 54.0323, "pinchStrength": 0.0928541, "r": [[0.906669, -0.211045, 0.365255], [0.379748, 0.785374, -0.488856], [-0.183691, 0.581935, 0.792218]], "s": 1.11714, "sphereCenter": [55.971, 124.056, 70.0349], "sphereRadius": 44.6453, "stabilizedPalmPosition": [45.373, 162.412, 89.9235], "t": [-39.0935, -7.54547, -36.1908], "timeVisible": 4.0152, "type": "left", "wrist": [25.5864, 153.001, 157.342]}], "id": 1352932, "interactionBox": {"center": [0, 200, 0], "size": [235.247, 235.247, 147.751]}, "pointables": [{"bases": [[[0.586574, 0.776137, -0.231394], [-0.62157, 0.614576, 0.485745], [0.519213, -0.141098, 0.842917]], [[0.48981, 0.788825, -0.371269], [-0.676672, 0.612491, 0.40862], [0.549728, 0.0510811, 0.83378]], [[0.48981, 0.788825, -0.371269], [-0.754873, 0.596779, 0.272068], [0.43618, 0.146999, 0.887772]], [[0.48981, 0.788825, -0.371269], [-0.814302, 0.566062, 0.1284], [0.311446, 0.239433, 0.919605]]], "btipPosition": [105.102, 143.696, 60.1094], "carpPosition": [59.6592, 155.553, 145.253], "dipPosition": [98.5988, 148.696, 79.311], "direction": [0.43618, -0.146999, -0.887772], "extended": true, "handId": 772, "id": 7720, "length": 46.4973, "mcpPosition": [59.6592, 155.553, 145.253], "pipPosition": [85.3305, 153.167, 106.317], "stabilizedTipPosition": [104.081, 149.427, 64.8174], "timeVisible": 4.0152, "tipPosition": [102.977, 144.606, 64.9228], "tipVelocity": [0.245869, -3.12203, 3.02109], "tool": false, "touchDistance": 0.291335, "touchZone": "hovering", "type": 0, "width": 19.5255}, {"bases": [[[0.930657, -0.23392, -0.281352], [0.203856, 0.970036, -0.132186], [0.303842, 0.0656649, 0.950457]], [[0.963871, -0.222514, -0.146424], [0.198, 0.966224, -0.164943], [0.17818, 0.129992, 0.975374]], [[0.963871, -0.222514, -0.146424], [0.198, 0.966224, -0.164943], [0.17818, 0.129992, 0.975374]], [[0.963871, -0.222514, -0.146424], [0.183553, 0.953199, -0.240251], [0.19303, 0.204694, 0.959604]]], "btipPosition": [83.5113, 156.399, -3.84098], "carpPosition": [48.9849, 171.825, 134.621], "dipPosition": [80.5688, 159.52, 10.7867], "direction": [0.17818, -0.129992, -0.975374], "extended": true, "handId": 772, "id": 7721, "length": 52.4671, "mcpPosition": [69.8968, 167.306, 69.2065], "pipPosition": [76.7265, 162.323, 31.8201], "stabilizedTipPosition": [82.5479, 160.981, -0.193896], "timeVisible": 4.0152, "tipPosition": [82.8765, 156.834, -0.699743], "tipVelocity": [-0.948975, -6.53571, 2.62548], "tool": false, "touchDistance": 0.301012, "touchZone": "hovering", "type": 1, "width": 18.6507}, {"bases": [[[0.914671, -0.384815, -0.12367], [0.364881, 0.91773, -0.15695], [0.173893, 0.0984327, 0.979833]], [[0.923452, -0.37822, -0.0646931], [-0.029531, 0.098045, -0.994744], [0.382575, 0.920509, 0.0793706]], [[0.923452, -0.37822, -0.0646931], [-0.381467, -0.886688, -0.261281], [0.041459, 0.265958, -0.963093]], [[0.923452, -0.37822, -0.0646931], [-0.318733, -0.849963, 0.41949], [-0.213647, -0.36676, -0.905452]]], "btipPosition": [63.4943, 124.06, 102.931], "carpPosition": [38.2227, 170.668, 130.681], "dipPosition": [67.0763, 117.911, 87.7499], "direction": [0.041459, -0.265958, 0.963093], "extended": false, "handId": 772, "id": 7722, "length": 59.782, "mcpPosition": [49.5724, 164.243, 66.729], "pipPosition": [66.0245, 124.658, 63.3158], "stabilizedTipPosition": [64.6536, 126.463, 98.5155], "timeVisible": 4.0152, "tipPosition": [64.2509, 122.891, 98.6808], "tipVelocity": [0.825834, -2.31202, 4.15077], "tool": false, "touchDistance": 0.490651, "touchZone": "none", "type": 2, "width": 18.3175}, {"bases": [[[0.900165, -0.434216, 0.0340539], [0.434656, 0.890562, -0.13407], [0.0278882, 0.135487, 0.990387]], [[0.900217, -0.42531, 0.0933801], [0.125584, 0.0482506, -0.990909], [0.416938, 0.90376, 0.0968481]], [[0.900217, -0.42531, 0.0933801], [-0.390306, -0.883211, -0.259998], [0.193054, 0.197608, -0.961083]], [[0.900217, -0.42531, 0.0933801], [-0.425606, -0.814093, 0.395111], [-0.0920247, -0.395429, -0.913875]]], "btipPosition": [49.0801, 124.707, 105.473], "carpPosition": [27.5883, 166.964, 128.382], "dipPosition": [50.6141, 118.115, 90.2386], "direction": [0.193054, -0.197608, 0.961083], "extended": false, "handId": 772, "id": 7723, "length": 57.482, "mcpPosition": [29.2226, 159.025, 70.3458], "pipPosition": [45.8427, 122.999, 66.4852], "stabilizedTipPosition": [49.7906, 126.72, 101.571], "timeVisible": 4.0152, "tipPosition": [48.1144, 123.718, 102.136], "tipVelocity": [0.962305, -2.25609, 3.59445], "tool": false, "touchDistance": 0.532812, "touchZone": "none", "type": 3, "width": 17.4303}, {"bases": [[[0.813068, -0.556754, 0.170132], [0.570118, 0.820632, -0.0391126], [-0.11784, 0.128797, 0.984645]], [[0.793582, -0.537757, 0.284686], [0.34037, 0.00451256, -0.940281], [0.504358, 0.843088, 0.186617]], [[0.793582, -0.537757, 0.284686], [-0.434517, -0.828382, -0.353524], [0.425938, 0.15685, -0.891053]], [[0.793582, -0.537757, 0.284686], [-0.602427, -0.760149, 0.243425], [0.0855001, -0.36468, -0.927199]]], "btipPosition": [36.6343, 126.681, 99.7], "carpPosition": [18.3682, 157.393, 129.192], "dipPosition": [35.3195, 121.073, 85.4412], "direction": [0.425938, -0.15685, 0.891053], "extended": false, "handId": 772, "id": 7724, "length": 45.0648, "mcpPosition": [11.9759, 150.407, 75.7795], "pipPosition": [27.8868, 123.81, 69.8923], "stabilizedTipPosition": [37.1422, 129.033, 96.0786], "timeVisible": 4.0152, "tipPosition": [35.371, 125.218, 96.8714], "tipVelocity": [0.358211, -1.93921, 3.59812], "tool": false, "touchDistance": 0.440342, "touchZone": "none", "type": 4, "width": 15.4829}], "r": [[0.906669, -0.211045, 0.365255], [0.379748, 0.785374, -0.488856], [-0.183691, 0.581935, 0.792218]], "s": 1.11714, "t": [39.0935, -7.54547, -36.1908], "timestamp": 747255629763}, {"currentFrameRate": 115.117, "devices": [], "gestures": [], "hands": [{"armBasis": [[0.838676, 0.0169826, -0.544365], [0.269276, 0.855871, 0.44156], [0.473405, -0.51691, 0.713226]], "armWidth": 60.8819, "confidence": 1, "direction": [0.110074, 0.0384335, -0.99318], "elbow": [-93.9619, 22.4599, 337.535], "grabAngle": 2.57487, "grabStrength": 0, "id": 772, "palmNormal": [0.245878, -0.969247, -0.0102568], "palmPosition": [45.2838, 158.729, 89.7251], "palmVelocity": [1.74696, -0.579524, 3.84242], "palmWidth": 85.1216, "pinchDistance": 54.0344, "pinchStrength": 0.0929671, "r": [[0.906711, -0.210824, 0.365279], [0.379681, 0.785113, -0.489326], [-0.183624, 0.582367, 0.791916]], "s": 1.11709, "sphereCenter": [55.9496, 124.04, 70.0649], "sphereRadius": 44.6475, "stabilizedPalmPosition": [45.3728, 162.406, 89.9232], "t": [-39.074, -7.55564, -36.1599], "timeVisible": 4.02379, "type": "left", "wrist": [25.6138, 153.024, 157.384]}], "id": 1352933, "interactionBox": {"center": [0, 200, 0], "size": [235.247, 235.247, 147.751]}, "pointables": [{"bases": [[[0.585962, 0.776608, -0.231362], [-0.622123, 0.614084, 0.485658], [0.519241, -0.140641, 0.842976]], [[0.489312, 0.789212, -0.371105], [-0.677097, 0.611975, 0.408688], [0.549649, 0.0512984, 0.833819]], [[0.489312, 0.789212, -0.371105], [-0.755311, 0.596225, 0.272067], [0.435981, 0.147175, 0.88784]], [[0.489312, 0.789212, -0.371105], [-0.815004, 0.565255, 0.127496], [0.31039, 0.240067, 0.919796]]], "btipPosition": [105.088, 143.653, 60.1331], "carpPosition": [59.6773, 155.538, 145.284], "dipPosition": [98.6072, 148.666, 79.3388], "direction": [0.435981, -0.147175, -0.88784], "extended": true, "handId": 772, "id": 7720, "length": 46.4973, "mcpPosition": [59.6773, 155.538, 145.284], "pipPosition": [85.3449, 153.143, 106.346], "stabilizedTipPosition": [104.08, 149.42, 64.817], "timeVisible": 4.02379, "tipPosition": [102.978, 144.553, 64.95], "tipVelocity": [-0.997388, -4.70089, 2.86972], "tool": false, "touchDistance": 0.291746, "touchZone": "hovering", "type": 0, "width": 19.5255}, {"bases": [[[0.930877, -0.233168, -0.281247], [0.203075, 0.970198, -0.132201], [0.30369, 0.065949, 0.950486]], [[0.964086, -0.221719, -0.146214], [0.197269, 0.966409, -0.16474], [0.177829, 0.12998, 0.975439]], [[0.964086, -0.221719, -0.146214], [0.197269, 0.966409, -0.16474], [0.177829, 0.12998, 0.975439]], [[0.964086, -0.221719, -0.146214], [0.182931, 0.953468, -0.239658], [0.192547, 0.204304, 0.959784]]], "btipPosition": [83.5028, 156.38, -3.81751], "carpPosition": [49.0153, 171.819, 134.654], "dipPosition": [80.5677, 159.494, 10.8129], "direction": [0.177829, -0.12998, -0.975439], "extended": true, "handId": 772, "id": 7721, "length": 52.4671, "mcpPosition": [69.9167, 167.28, 69.2366], "pipPosition": [76.7329, 162.297, 31.8477], "stabilizedTipPosition": [82.549, 160.965, -0.194926], "timeVisible": 4.02379, "tipPosition": [82.8805, 156.795, -0.670224], "tipVelocity": [-0.793601, -2.40166, 2.8046], "tool": false, "touchDistance": 0.301413, "touchZone": "hovering", "type": 1, "width": 18.6507}, {"bases": [[[0.914999, -0.38407, -0.123561], [0.364146, 0.918023, -0.156946], [0.173711, 0.0986114, 0.979847]], [[0.923769, -0.377466, -0.0645835], [-0.0294437, 0.0981397, -0.994737], [0.381818, 0.920808, 0.0795444]], [[0.923769, -0.377466, -0.0645835], [-0.380711, -0.886996, -0.261336], [0.0413603, 0.266002, -0.963085]], [[0.923769, -0.377466, -0.0645835], [-0.318094, -0.850232, 0.419431], [-0.213232, -0.366913, -0.905487]]], "btipPosition": [63.4833, 124.039, 102.956], "carpPosition": [38.2517, 170.67, 130.714], "dipPosition": [67.0584, 117.887, 87.7746], "direction": [0.0413603, -0.266002, 0.963085], "extended": false, "handId": 772, "id": 7722, "length": 59.782, "mcpPosition": [49.5895, 164.234, 66.7614], "pipPosition": [66.009, 124.636, 63.3407], "stabilizedTipPosition": [64.6532, 126.459, 98.5166], "timeVisible": 4.02379, "tipPosition": [64.2375, 122.871, 98.7135], "tipVelocity": [-1.46406, -2.48495, 2.9276], "tool": false, "touchDistance": 0.49107, "touchZone": "none", "type": 2, "width": 18.3175}, {"bases": [[[0.900517, -0.433477, 0.0341632], [0.43394, 0.890912, -0.134058], [0.0276746, 0.135546, 0.990384]], [[0.900556, -0.424569, 0.0934891], [0.125782, 0.0486113, -0.990866], [0.416147, 0.90409, 0.0971805]], [[0.900556, -0.424569, 0.0934891], [-0.389527, -0.883512, -0.260144], [0.193048, 0.197858, -0.961033]], [[0.900556, -0.424569, 0.0934891], [-0.425016, -0.814586, 0.394729], [-0.0914347, -0.39521, -0.914029]]], "btipPosition": [49.0715, 124.691, 105.495], "carpPosition": [27.6141, 166.975, 128.417], "dipPosition": [50.5956, 118.103, 90.2588], "direction": [0.193048, -0.197858, 0.961033], "extended": false, "handId": 772, "id": 7723, "length": 57.482, "mcpPosition": [29.2358, 159.032, 70.3805], "pipPosition": [45.8244, 122.993, 66.5066], "stabilizedTipPosition": [49.7901, 126.715, 101.572], "timeVisible": 4.02379, "tipPosition": [48.1033, 123.711, 102.169], "tipVelocity": [-1.26663, -1.70547, 2.57888], "tool": false, "touchDistance": 0.533181, "touchZone": "none", "type": 3, "width": 17.4303}, {"bases": [[[0.813506, -0.556082, 0.170237], [0.569449, 0.821097, -0.0390839], [-0.118047, 0.128736, 0.984628]], [[0.793997, -0.5371, 0.284766], [0.340687, 0.00517291, -0.940162], [0.503488, 0.843503, 0.18709]], [[0.793997, -0.5371, 0.284766], [-0.433751, -0.828724, -0.353661], [0.425944, 0.157288, -0.890972]], [[0.793997, -0.5371, 0.284766], [-0.601796, -0.760759, 0.24308], [0.0860802, -0.364376, -0.927265]]], "btipPosition": [36.6227, 126.677, 99.7215], "carpPosition": [18.3862, 157.412, 129.228], "dipPosition": [35.2989, 121.074, 85.4617], "direction": [0.425944, -0.157288, 0.890972], "extended": false, "handId": 772, "id": 7724, "length": 45.0648, "mcpPosition": [11.9827, 150.429, 75.8163], "pipPosition": [27.8662, 123.819, 69.9142], "stabilizedTipPosition": [37.1409, 129.027, 96.0792], "timeVisible": 4.02379, "tipPosition": [35.3603, 125.222, 96.9063], "tipVelocity": [-1.59383, -0.297039, 2.4704], "tool": false, "touchDistance": 0.440696, "touchZone": "none", "type": 4, "width": 15.4829}], "r": [[0.906711, -0.210824, 0.365279], [0.379681, 0.785113, -0.489326], [-0.183624, 0.582367, 0.791916]], "s": 1.11709, "t": [39.074, -7.55564, -36.1599], "timestamp": 747255638357}, {"currentFrameRate": 115.1, "devices": [], "gestures": [], "hands": [{"armBasis": [[0.839045, 0.0160612, -0.543825], [0.268942, 0.856655, 0.44024], [0.472941, -0.515639, 0.714453]], "armWidth": 60.8819, "confidence": 1, "direction": [0.11027, 0.0384232, -0.993159], "elbow": [-93.8345, 22.7753, 337.854], "grabAngle": 2.57467, "grabStrength": 0, "id": 772, "palmNormal": [0.245401, -0.969367, -0.010256], "palmPosition": [45.2978, 158.703, 89.7295], "palmVelocity": [1.60336, -2.96806, 0.505281], "palmWidth": 85.1216, "pinchDistance": 54.0334, "pinchStrength": 0.0930181, "r": [[0.906778, -0.21056, 0.365264], [0.379532, 0.784946, -0.489709], [-0.183599, 0.582687, 0.791686]], "s": 1.11705, "sphereCenter": [55.9481, 124.015, 70.067], "sphereRadius": 44.6477, "stabilizedPalmPosition": [45.3727, 162.399, 89.9228], "t": [-39.0572, -7.57366, -36.1423], "timeVisible": 4.03251, "type": "left", "wrist": [25.624, 153.019, 157.393]}], "id": 1352934, "interactionBox": {"center": [0, 200, 0], "size": [235.247, 235.247, 147.751]}, "pointables": [{"bases": [[[0.585537, 0.776908, -0.231432], [-0.62234, 0.613755, 0.485796], [0.519461, -0.140422, 0.842877]], [[0.488991, 0.789468, -0.370983], [-0.677261, 0.611644, 0.408912], [0.549733, 0.0512975, 0.833764]], [[0.488991, 0.789468, -0.370983], [-0.755479, 0.595901, 0.272312], [0.43605, 0.147111, 0.887817]], [[0.488991, 0.789468, -0.370983], [-0.815467, 0.564723, 0.126892], [0.309679, 0.240475, 0.91993]]], "btipPosition": [105.082, 143.611, 60.1405], "carpPosition": [59.6798, 155.503, 145.291], "dipPosition": [98.6158, 148.632, 79.3489], "direction": [0.43605, -0.147111, -0.887817], "extended": true, "handId": 772, "id": 7720, "length": 46.4973, "mcpPosition": [59.6798, 155.503, 145.291], "pipPosition": [85.3513, 153.107, 106.356], "stabilizedTipPosition": [104.079, 149.412, 64.8166], "timeVisible": 4.03251, "tipPosition": [102.99, 144.501, 64.9635], "tipVelocity": [-0.332686, -4.59254, 0.916473], "tool": false, "touchDistance": 0.291879, "touchZone": "hovering", "type": 0, "width": 19.5255}, {"bases": [[[0.930942, -0.232696, -0.281423], [0.202572, 0.970304, -0.132194], [0.303827, 0.0660569, 0.950434]], [[0.964183, -0.221229, -0.146318], [0.196825, 0.966557, -0.164402], [0.177795, 0.129715, 0.975481]], [[0.964183, -0.221229, -0.146318], [0.196825, 0.966557, -0.164402], [0.177795, 0.129715, 0.975481]], [[0.964183, -0.221229, -0.146318], [0.182551, 0.9537, -0.239022], [0.192422, 0.20375, 0.959927]]], "btipPosition": [83.5207, 156.367, -3.81299], "carpPosition": [49.0278, 171.789, 134.659], "dipPosition": [80.5875, 159.473, 10.8196], "direction": [0.177795, -0.129715, -0.975481], "extended": true, "handId": 772, "id": 7721, "length": 52.4671, "mcpPosition": [69.9385, 167.242, 69.2458], "pipPosition": [76.7535, 162.27, 31.8553], "stabilizedTipPosition": [82.5502, 160.949, -0.19596], "timeVisible": 4.03251, "tipPosition": [82.9095, 156.756, -0.6588], "tipVelocity": [2.10734, -1.6917, 0.57577], "tool": false, "touchDistance": 0.301497, "touchZone": "hovering", "type": 1, "width": 18.6507}, {"bases": [[[0.915166, -0.383613, -0.123742], [0.363664, 0.918209, -0.156971], [0.173837, 0.0986538, 0.979821]], [[0.923943, -0.377007, -0.0647649], [-0.0296664, 0.0981766, -0.994727], [0.381377, 0.920992, 0.0795252]], [[0.923943, -0.377007, -0.0647649], [-0.380326, -0.88721, -0.261171], [0.0410031, 0.265939, -0.963118]], [[0.923943, -0.377007, -0.0647649], [-0.317552, -0.850325, 0.419653], [-0.213283, -0.36717, -0.905371]]], "btipPosition": [63.4753, 124.01, 102.961], "carpPosition": [38.2643, 170.646, 130.718], "dipPosition": [67.0512, 117.854, 87.7817], "direction": [0.0410031, -0.265939, 0.963118], "extended": false, "handId": 772, "id": 7722, "length": 59.782, "mcpPosition": [49.6103, 164.207, 66.7668], "pipPosition": [66.0109, 124.601, 63.3469], "stabilizedTipPosition": [64.6528, 126.454, 98.5179], "timeVisible": 4.03251, "tipPosition": [64.2322, 122.835, 98.72], "tipVelocity": [-0.903371, -3.43987, 0.639502], "tool": false, "touchDistance": 0.491163, "touchZone": "none", "type": 2, "width": 18.3175}, {"bases": [[[0.900737, -0.433034, 0.0339834], [0.433476, 0.891133, -0.134096], [0.0277842, 0.135516, 0.990386]], [[0.900782, -0.424129, 0.0933097], [0.125657, 0.0488816, -0.990869], [0.415695, 0.904282, 0.0973265]], [[0.900782, -0.424129, 0.0933097], [-0.389139, -0.883695, -0.260105], [0.192775, 0.197987, -0.961061]], [[0.900782, -0.424129, 0.0933097], [-0.424557, -0.81487, 0.394638], [-0.0913419, -0.395098, -0.914087]]], "btipPosition": [49.0658, 124.661, 105.493], "carpPosition": [27.6252, 166.957, 128.419], "dipPosition": [50.5885, 118.075, 90.2552], "direction": [0.192775, -0.197987, 0.961061], "extended": false, "handId": 772, "id": 7723, "length": 57.482, "mcpPosition": [29.2534, 159.015, 70.382], "pipPosition": [45.824, 122.968, 66.5024], "stabilizedTipPosition": [49.7894, 126.709, 101.572], "timeVisible": 4.03251, "tipPosition": [48.0983, 123.683, 102.173], "tipVelocity": [-0.687079, -3.37119, -0.324773], "tool": false, "touchDistance": 0.533134, "touchZone": "none", "type": 3, "width": 17.4303}, {"bases": [[[0.813811, -0.555687, 0.170068], [0.569037, 0.82138, -0.039149], [-0.117935, 0.128635, 0.984654]], [[0.794312, -0.53672, 0.284605], [0.340703, 0.00568678, -0.940154], [0.502981, 0.843741, 0.187379]], [[0.794312, -0.53672, 0.284605], [-0.433405, -0.828924, -0.353616], [0.425709, 0.157532, -0.891042]], [[0.794312, -0.53672, 0.284605], [-0.601358, -0.761148, 0.242945], [0.0862334, -0.364123, -0.92735]]], "btipPosition": [36.6173, 126.653, 99.713], "carpPosition": [18.3925, 157.398, 129.227], "dipPosition": [35.2911, 121.053, 85.4519], "direction": [0.425709, -0.157532, 0.891042], "extended": false, "handId": 772, "id": 7724, "length": 45.0648, "mcpPosition": [11.9951, 150.42, 75.8144], "pipPosition": [27.8625, 123.802, 69.9032], "stabilizedTipPosition": [37.1395, 129.021, 96.0798], "timeVisible": 4.03251, "tipPosition": [35.3571, 125.201, 96.9071], "tipVelocity": [-0.682108, -2.70599, -1.0083], "tool": false, "touchDistance": 0.440549, "touchZone": "none", "type": 4, "width": 15.4829}], "r": [[0.906778, -0.21056, 0.365264], [0.379532, 0.784946, -0.489709], [-0.183599, 0.582687, 0.791686]], "s": 1.11705, "t": [39.0572, -7.57366, -36.1423], "timestamp": 747255647074}, {"currentFrameRate": 115.132, "devices": [], "gestures": [], "hands": [{"armBasis": [[0.839332, 0.0154221, -0.543401], [0.26855, 0.857347, 0.439132], [0.472656, -0.514508, 0.715457]], "armWidth": 60.8819, "confidence": 1, "direction": [0.110101, 0.0388196, -0.993162], "elbow": [-93.7325, 23.0606, 338.151], "grabAngle": 2.57467, "grabStrength": 0, "id": 772, "palmNormal": [0.245034, -0.969455, -0.0107287], "palmPosition": [45.3116, 158.71, 89.7649], "palmVelocity": [1.60125, 0.761568, 4.10355], "palmWidth": 85.1216, "pinchDistance": 54.02, "pinchStrength": 0.0931618, "r": [[0.906834, -0.210314, 0.365267], [0.379372, 0.784884, -0.489932], [-0.183653, 0.582859, 0.791547]], "s": 1.11702, "sphereCenter": [55.947, 124.036, 70.0851], "sphereRadius": 44.6444, "stabilizedPalmPosition": [45.3726, 162.393, 89.9226], "t": [-39.0419, -7.57938, -36.1157], "timeVisible": 4.04114, "type": "left", "wrist": [25.6537, 153.018, 157.437]}], "id": 1352935, "interactionBox": {"center": [0, 200, 0], "size": [235.247, 235.247, 147.751]}, "pointables": [{"bases": [[[0.585287, 0.777231, -0.230981], [-0.622661, 0.613306, 0.485951], [0.519358, -0.140598, 0.842911]], [[0.488895, 0.789814, -0.370371], [-0.677659, 0.611215, 0.408893], [0.549326, 0.0510796, 0.834045]], [[0.488895, 0.789814, -0.370371], [-0.755786, 0.59552, 0.272295], [0.435626, 0.146798, 0.888077]], [[0.488895, 0.789814, -0.370371], [-0.81583, 0.564297, 0.126454], [0.308874, 0.240337, 0.920236]]], "btipPosition": [105.056, 143.61, 60.1444], "carpPosition": [59.7027, 155.479, 145.322], "dipPosition": [98.6067, 148.628, 79.3592], "direction": [0.435625, -0.146798, -0.888077], "extended": true, "handId": 772, "id": 7720, "length": 46.4973, "mcpPosition": [59.7027, 155.479, 145.322], "pipPosition": [85.3552, 153.094, 106.374], "stabilizedTipPosition": [104.078, 149.404, 64.8161], "timeVisible": 4.04114, "tipPosition": [102.995, 144.497, 64.9812], "tipVelocity": [-2.54689, -0.163497, 0.620784], "tool": false, "touchDistance": 0.291968, "touchZone": "hovering", "type": 0, "width": 19.5255}, {"bases": [[[0.931082, -0.232221, -0.281354], [0.202231, 0.970438, -0.131729], [0.303627, 0.0657522, 0.95052]], [[0.964287, -0.220805, -0.146276], [0.196541, 0.966741, -0.163659], [0.177548, 0.129065, 0.975612]], [[0.964287, -0.220805, -0.146276], [0.196541, 0.966741, -0.163659], [0.177548, 0.129065, 0.975612]], [[0.964287, -0.220805, -0.146276], [0.182343, 0.953992, -0.238012], [0.1921, 0.202839, 0.960184]]], "btipPosition": [83.5143, 156.426, -3.79014], "carpPosition": [49.0548, 171.774, 134.7], "dipPosition": [80.586, 159.518, 10.8464], "direction": [0.177548, -0.129065, -0.975612], "extended": true, "handId": 772, "id": 7721, "length": 52.4671, "mcpPosition": [69.9518, 167.249, 69.2804], "pipPosition": [76.7573, 162.302, 31.8849], "stabilizedTipPosition": [82.5514, 160.934, -0.196864], "timeVisible": 4.04114, "tipPosition": [82.9058, 156.788, -0.630843], "tipVelocity": [-0.617345, 6.48123, 2.75217], "tool": false, "touchDistance": 0.301893, "touchZone": "hovering", "type": 1, "width": 18.6507}, {"bases": [[[0.915334, -0.383213, -0.123742], [0.363347, 0.918416, -0.156498], [0.173619, 0.0982872, 0.979896]], [[0.924097, -0.37663, -0.0647605], [-0.0295811, 0.0984562, -0.994702], [0.381011, 0.921117, 0.079842]], [[0.924097, -0.37663, -0.0647605], [-0.379956, -0.887321, -0.261333], [0.0409625, 0.266103, -0.963074]], [[0.924097, -0.37663, -0.0647605], [-0.317216, -0.85047, 0.419614], [-0.213116, -0.367221, -0.90539]]], "btipPosition": [63.4729, 124.016, 102.984], "carpPosition": [38.2902, 170.637, 130.76], "dipPosition": [67.046, 117.86, 87.804], "direction": [0.0409625, -0.266103, 0.963074], "extended": false, "handId": 772, "id": 7722, "length": 59.782, "mcpPosition": [49.622, 164.222, 66.8038], "pipPosition": [66.0068, 124.611, 63.3704], "stabilizedTipPosition": [64.6524, 126.45, 98.5188], "timeVisible": 4.04114, "tipPosition": [64.2343, 122.831, 98.7368], "tipVelocity": [-0.345264, 0.719144, 2.61388], "tool": false, "touchDistance": 0.491539, "touchZone": "none", "type": 2, "width": 18.3175}, {"bases": [[[0.900894, -0.432709, 0.0339588], [0.433164, 0.891355, -0.133623], [0.0275504, 0.13509, 0.99045]], [[0.900925, -0.42383, 0.0932891], [0.125828, 0.0493804, -0.990822], [0.415334, 0.904395, 0.0978178]], [[0.900925, -0.42383, 0.0932891], [-0.388791, -0.88376, -0.260404], [0.192812, 0.198335, -0.960982]], [[0.900925, -0.42383, 0.0932891], [-0.424314, -0.81517, 0.394277], [-0.0910601, -0.394798, -0.914244]]], "btipPosition": [49.0674, 124.664, 105.512], "carpPosition": [27.6493, 166.953, 128.461], "dipPosition": [50.5854, 118.083, 90.2722], "direction": [0.192812, -0.198335, 0.960982], "extended": false, "handId": 772, "id": 7723, "length": 57.482, "mcpPosition": [29.2638, 159.036, 70.4206], "pipPosition": [45.8199, 122.985, 66.5213], "stabilizedTipPosition": [49.789, 126.704, 101.573], "timeVisible": 4.04114, "tipPosition": [48.1017, 123.683, 102.192], "tipVelocity": [0.0595103, 0.488758, 2.20226], "tool": false, "touchDistance": 0.533451, "touchZone": "none", "type": 3, "width": 17.4303}, {"bases": [[[0.813989, -0.555455, 0.169973], [0.568734, 0.821611, -0.0386817], [-0.118166, 0.128156, 0.984689]], [[0.794512, -0.536591, 0.284289], [0.340776, 0.00649428, -0.940122], [0.502615, 0.843817, 0.188017]], [[0.794512, -0.536591, 0.284289], [-0.433178, -0.828908, -0.353933], [0.425566, 0.158057, -0.891017]], [[0.794512, -0.536591, 0.284289], [-0.60108, -0.761491, 0.242556], [0.08633, -0.363594, -0.927549]]], "btipPosition": [36.6129, 126.659, 99.7334], "carpPosition": [18.4131, 157.397, 129.267], "dipPosition": [35.2853, 121.067, 85.4692], "direction": [0.425566, -0.158057, 0.891017], "extended": false, "handId": 772, "id": 7724, "length": 45.0648, "mcpPosition": [12.0032, 150.445, 75.8523], "pipPosition": [27.8591, 123.825, 69.921], "stabilizedTipPosition": [37.1384, 129.016, 96.0803], "timeVisible": 4.04114, "tipPosition": [35.3601, 125.208, 96.9293], "tipVelocity": [-0.549301, 0.863633, 2.28309], "tool": false, "touchDistance": 0.440878, "touchZone": "none", "type": 4, "width": 15.4829}], "r": [[0.906834, -0.210314, 0.365267], [0.379372, 0.784884, -0.489932], [-0.183653, 0.582859, 0.791547]], "s": 1.11702, "t": [39.0419, -7.57938, -36.1157], "timestamp": 747255655705}, {"currentFrameRate": 114.804, "devices": [], "gestures": [], "hands": [{"armBasis": [[0.839648, 0.0143632, -0.542941], [0.268422, 0.858063, 0.437809], [0.472166, -0.513343, 0.716616]], "armWidth": 60.8819, "confidence": 1, "direction": [0.110062, 0.0385217, -0.993178], "elbow": [-93.6084, 23.3354, 338.447], "grabAngle": 2.57449, "grabStrength": 0, "id": 772, "palmNormal": [0.244902, -0.969491, -0.0104635], "palmPosition": [45.3027, 158.658, 89.7596], "palmVelocity": [-0.964413, -5.63641, -0.574452], "palmWidth": 85.1216, "pinchDistance": 54.0171, "pinchStrength": 0.0932555, "r": [[0.906882, -0.210071, 0.365289], [0.379227, 0.784817, -0.490152], [-0.183719, 0.583038, 0.7914]], "s": 1.117, "sphereCenter": [55.9344, 123.985, 70.087], "sphereRadius": 44.6433, "stabilizedPalmPosition": [45.3725, 162.386, 89.9223], "t": [-39.0387, -7.60836, -36.1051], "timeVisible": 4.05041, "type": "left", "wrist": [25.6543, 152.999, 157.44]}], "id": 1352936, "interactionBox": {"center": [0, 200, 0], "size": [235.247, 235.247, 147.751]}, "pointables": [{"bases": [[[0.585192, 0.777244, -0.231176], [-0.622766, 0.613361, 0.485749], [0.519339, -0.140288, 0.842974]], [[0.488937, 0.789773, -0.370404], [-0.677732, 0.611258, 0.408709], [0.5492, 0.0512016, 0.834121]], [[0.488937, 0.789773, -0.370404], [-0.755824, 0.595547, 0.272128], [0.435512, 0.146907, 0.888115]], [[0.488937, 0.789773, -0.370404], [-0.816111, 0.564103, 0.125504], [0.308065, 0.240927, 0.920353]]], "btipPosition": [105.023, 143.55, 60.1322], "carpPosition": [59.6958, 155.441, 145.317], "dipPosition": [98.5905, 148.581, 79.3494], "direction": [0.435512, -0.146907, -0.888115], "extended": true, "handId": 772, "id": 7720, "length": 46.4973, "mcpPosition": [59.6958, 155.441, 145.317], "pipPosition": [85.3424, 153.05, 106.365], "stabilizedTipPosition": [104.077, 149.393, 64.8155], "timeVisible": 4.05041, "tipPosition": [102.984, 144.43, 64.9767], "tipVelocity": [-3.15495, -6.135, -1.2536], "tool": false, "touchDistance": 0.291775, "touchZone": "hovering", "type": 0, "width": 19.5255}, {"bases": [[[0.931126, -0.232175, -0.281246], [0.202106, 0.970428, -0.131997], [0.303575, 0.0660641, 0.950514]], [[0.964327, -0.220714, -0.146147], [0.196488, 0.966771, -0.163543], [0.177387, 0.128992, 0.975651]], [[0.964327, -0.220714, -0.146147], [0.196488, 0.966771, -0.163543], [0.177387, 0.128992, 0.975651]], [[0.964327, -0.220714, -0.146147], [0.182355, 0.954084, -0.237634], [0.191886, 0.202506, 0.960297]]], "btipPosition": [83.4927, 156.375, -3.80306], "carpPosition": [49.0496, 171.734, 134.69], "dipPosition": [80.5677, 159.461, 10.8352], "direction": [0.177387, -0.128992, -0.975651], "extended": true, "handId": 772, "id": 7721, "length": 52.4671, "mcpPosition": [69.9431, 167.187, 69.2716], "pipPosition": [76.7424, 162.243, 31.8746], "stabilizedTipPosition": [82.5525, 160.918, -0.197902], "timeVisible": 4.05041, "tipPosition": [82.8924, 156.706, -0.63689], "tipVelocity": [-2.2487, -5.73483, -1.35079], "tool": false, "touchDistance": 0.301684, "touchZone": "hovering", "type": 1, "width": 18.6507}, {"bases": [[[0.915391, -0.383125, -0.123591], [0.36323, 0.91842, -0.156744], [0.173561, 0.0985899, 0.979876]], [[0.924151, -0.376524, -0.0646116], [-0.0295565, 0.098152, -0.994732], [0.380882, 0.921193, 0.0795785]], [[0.924151, -0.376524, -0.0646116], [-0.379828, -0.887473, -0.261004], [0.0409333, 0.265749, -0.963173]], [[0.924151, -0.376524, -0.0646116], [-0.317068, -0.850304, 0.42006], [-0.213102, -0.367713, -0.905193]]], "btipPosition": [63.4577, 123.971, 102.987], "carpPosition": [38.2847, 170.598, 130.752], "dipPosition": [67.0305, 117.806, 87.8107], "direction": [0.0409333, -0.265749, 0.963173], "extended": false, "handId": 772, "id": 7722, "length": 59.782, "mcpPosition": [49.6127, 164.163, 66.7968], "pipPosition": [65.992, 124.548, 63.3746], "stabilizedTipPosition": [64.6519, 126.445, 98.5201], "timeVisible": 4.05041, "tipPosition": [64.2209, 122.778, 98.7411], "tipVelocity": [-1.65331, -5.10253, 0.455124], "tool": false, "touchDistance": 0.491609, "touchZone": "none", "type": 2, "width": 18.3175}, {"bases": [[[0.900951, -0.432578, 0.0341227], [0.43305, 0.891375, -0.133857], [0.0274875, 0.135376, 0.990413]], [[0.900978, -0.423682, 0.0934504], [0.125928, 0.0492488, -0.990816], [0.415188, 0.904471, 0.0977253]], [[0.900978, -0.423682, 0.0934504], [-0.388651, -0.883878, -0.260214], [0.192846, 0.198127, -0.961018]], [[0.900978, -0.423682, 0.0934504], [-0.424232, -0.815161, 0.394385], [-0.0909166, -0.394977, -0.914181]]], "btipPosition": [49.0551, 124.614, 105.511], "carpPosition": [27.6432, 166.914, 128.454], "dipPosition": [50.5706, 118.03, 90.2721], "direction": [0.192846, -0.198127, 0.961018], "extended": false, "handId": 772, "id": 7723, "length": 57.482, "mcpPosition": [29.254, 158.981, 70.4159], "pipPosition": [45.8044, 122.927, 66.5203], "stabilizedTipPosition": [49.7883, 126.698, 101.574], "timeVisible": 4.05041, "tipPosition": [48.089, 123.633, 102.197], "tipVelocity": [-1.38929, -5.52513, -0.100031], "tool": false, "touchDistance": 0.533435, "touchZone": "none", "type": 3, "width": 17.4303}, {"bases": [[[0.814057, -0.555297, 0.170168], [0.568625, 0.821677, -0.0388902], [-0.118227, 0.12842, 0.984647]], [[0.794603, -0.53643, 0.28434], [0.340866, 0.0066142, -0.940088], [0.502411, 0.843919, 0.188107]], [[0.794603, -0.53643, 0.28434], [-0.433076, -0.829028, -0.353776], [0.425502, 0.15797, -0.891063]], [[0.794603, -0.53643, 0.28434], [-0.600947, -0.76159, 0.242576], [0.0864256, -0.363625, -0.927527]]], "btipPosition": [36.5961, 126.606, 99.7296], "carpPosition": [18.4058, 157.359, 129.263], "dipPosition": [35.267, 121.014, 85.4657], "direction": [0.425502, -0.15797, 0.891063], "extended": false, "handId": 772, "id": 7724, "length": 45.0648, "mcpPosition": [11.9925, 150.393, 75.8508], "pipPosition": [27.842, 123.77, 69.9167], "stabilizedTipPosition": [37.137, 129.01, 96.0809], "timeVisible": 4.05041, "tipPosition": [35.3476, 125.159, 96.9337], "tipVelocity": [-1.84487, -5.72052, -0.403148], "tool": false, "touchDistance": 0.440815, "touchZone": "none", "type": 4, "width": 15.4829}], "r": [[0.906882, -0.210071, 0.365289], [0.379227, 0.784817, -0.490152], [-0.183719, 0.583038, 0.7914]], "s": 1.117, "t": [39.0387, -7.60836, -36.1051], "timestamp": 747255664974}, {"currentFrameRate": 114.848, "devices": [], "gestures": [], "hands": [{"armBasis": [[0.839887, 0.0132256, -0.5426], [0.268531, 0.858652, 0.436587], [0.471678, -0.512388, 0.71762]], "armWidth": 60.8819, "confidence": 1, "direction": [0.11013, 0.0381034, -0.993187], "elbow": [-93.4817, 23.5914, 338.709], "grabAngle": 2.57428, "grabStrength": 0, "id": 772, "palmNormal": [0.244983, -0.969475, -0.0100287], "palmPosition": [45.3039, 158.636, 89.7624], "palmVelocity": [0.145817, -2.47306, 0.317837], "palmWidth": 85.1216, "pinchDistance": 54.0195, "pinchStrength": 0.0935071, "r": [[0.906921, -0.20986, 0.365312], [0.379117, 0.784715, -0.490401], [-0.18375, 0.583251, 0.791236]], "s": 1.11699, "sphereCenter": [55.9457, 123.964, 70.1036], "sphereRadius": 44.6425, "stabilizedPalmPosition": [45.3723, 162.379, 89.922], "t": [-39.0365, -7.63353, -36.0984], "timeVisible": 4.05904, "type": "left", "wrist": [25.6577, 153.014, 157.449]}], "id": 1352937, "interactionBox": {"center": [0, 200, 0], "size": [235.247, 235.247, 147.751]}, "pointables": [{"bases": [[[0.58524, 0.777096, -0.231552], [-0.62268, 0.613621, 0.485529], [0.519388, -0.139968, 0.842998]], [[0.489059, 0.789573, -0.37067], [-0.677542, 0.61151, 0.408648], [0.549325, 0.0512915, 0.834033]], [[0.489059, 0.789573, -0.37067], [-0.755715, 0.595762, 0.271961], [0.435564, 0.147116, 0.888054]], [[0.489059, 0.789573, -0.37067], [-0.81646, 0.563929, 0.124006], [0.306943, 0.241991, 0.920449]]], "btipPosition": [105.005, 143.521, 60.1413], "carpPosition": [59.6934, 155.445, 145.323], "dipPosition": [98.5955, 148.574, 79.3605], "direction": [0.435564, -0.147116, -0.888054], "extended": true, "handId": 772, "id": 7720, "length": 46.4973, "mcpPosition": [59.6934, 155.445, 145.323], "pipPosition": [85.3458, 153.049, 106.375], "stabilizedTipPosition": [104.076, 149.383, 64.815], "timeVisible": 4.05904, "tipPosition": [102.989, 144.403, 64.9892], "tipVelocity": [-1.51101, -2.76913, 1.10831], "tool": false, "touchDistance": 0.291934, "touchZone": "hovering", "type": 0, "width": 19.5255}, {"bases": [[[0.931087, -0.232373, -0.281212], [0.202177, 0.970354, -0.132429], [0.303649, 0.066448, 0.950464]], [[0.964289, -0.220862, -0.146175], [0.196613, 0.966727, -0.16365], [0.177455, 0.129066, 0.975629]], [[0.964289, -0.220862, -0.146175], [0.196613, 0.966727, -0.16365], [0.177455, 0.129066, 0.975629]], [[0.964289, -0.220862, -0.146175], [0.182518, 0.95408, -0.237525], [0.191923, 0.202363, 0.96032]]], "btipPosition": [83.4993, 156.344, -3.80124], "carpPosition": [49.0466, 171.733, 134.688], "dipPosition": [80.5738, 159.429, 10.8374], "direction": [0.177455, -0.129066, -0.975629], "extended": true, "handId": 772, "id": 7721, "length": 52.4671, "mcpPosition": [69.9451, 167.159, 69.2724], "pipPosition": [76.747, 162.212, 31.8762], "stabilizedTipPosition": [82.5537, 160.902, -0.198879], "timeVisible": 4.05904, "tipPosition": [82.9002, 156.65, -0.630256], "tipVelocity": [0.757629, -3.57421, 0.220123], "tool": false, "touchDistance": 0.301716, "touchZone": "hovering", "type": 1, "width": 18.6507}, {"bases": [[[0.91535, -0.383254, -0.123492], [0.363295, 0.918322, -0.157165], [0.17364, 0.0989971, 0.979821]], [[0.924115, -0.376628, -0.0645158], [-0.0296098, 0.0977504, -0.99477], [0.380965, 0.921193, 0.0791807]], [[0.924115, -0.376628, -0.0645158], [-0.37992, -0.887554, -0.260591], [0.0408847, 0.265327, -0.963291]], [[0.924115, -0.376628, -0.0645158], [-0.317089, -0.850064, 0.420531], [-0.213226, -0.368162, -0.904981]]], "btipPosition": [63.4604, 123.958, 103.004], "carpPosition": [38.282, 170.593, 130.749], "dipPosition": [67.0353, 117.786, 87.8315], "direction": [0.0408847, -0.265327, 0.963291], "extended": false, "handId": 772, "id": 7722, "length": 59.782, "mcpPosition": [49.6152, 164.132, 66.7974], "pipPosition": [65.998, 124.517, 63.3924], "stabilizedTipPosition": [64.6515, 126.441, 98.5211], "timeVisible": 4.05904, "tipPosition": [64.2245, 122.762, 98.7608], "tipVelocity": [0.36787, -1.66583, 2.09219], "tool": false, "touchDistance": 0.49191, "touchZone": "none", "type": 2, "width": 18.3175}, {"bases": [[[0.900917, -0.432638, 0.0342443], [0.433114, 0.891282, -0.134272], [0.0275697, 0.135799, 0.990353]], [[0.900949, -0.423716, 0.0935682], [0.125934, 0.0489718, -0.990829], [0.415248, 0.90447, 0.0974813]], [[0.900949, -0.423716, 0.0935682], [-0.388727, -0.883941, -0.259882], [0.192825, 0.197768, -0.961096]], [[0.900949, -0.423716, 0.0935682], [-0.424286, -0.815017, 0.394625], [-0.0909492, -0.395237, -0.914066]]], "btipPosition": [49.059, 124.596, 105.522], "carpPosition": [27.641, 166.908, 128.452], "dipPosition": [50.5751, 118.008, 90.2852], "direction": [0.192825, -0.197768, 0.961096], "extended": false, "handId": 772, "id": 7723, "length": 57.482, "mcpPosition": [29.2566, 158.95, 70.4173], "pipPosition": [45.8094, 122.896, 66.5315], "stabilizedTipPosition": [49.7878, 126.693, 101.574], "timeVisible": 4.05904, "tipPosition": [48.093, 123.617, 102.214], "tipVelocity": [0.469397, -2.17227, 1.34775], "tool": false, "touchDistance": 0.533629, "touchZone": "none", "type": 3, "width": 17.4303}, {"bases": [[[0.814023, -0.555291, 0.170348], [0.56869, 0.821613, -0.0392846], [-0.118146, 0.128854, 0.984601]], [[0.794631, -0.536421, 0.284279], [0.340765, 0.00657095, -0.940125], [0.502435, 0.843925, 0.188015]], [[0.794631, -0.536421, 0.284279], [-0.433219, -0.82908, -0.353479], [0.425304, 0.15773, -0.8912]], [[0.794631, -0.536421, 0.284279], [-0.600934, -0.761537, 0.242776], [0.0862584, -0.36375, -0.927494]]], "btipPosition": [36.5938, 126.581, 99.7383], "carpPosition": [18.4043, 157.353, 129.265], "dipPosition": [35.2673, 120.988, 85.4749], "direction": [0.425304, -0.15773, 0.8912], "extended": false, "handId": 772, "id": 7724, "length": 45.0648, "mcpPosition": [11.9954, 150.363, 75.8548], "pipPosition": [27.8457, 123.74, 69.9235], "stabilizedTipPosition": [37.1356, 129.004, 96.0815], "timeVisible": 4.05904, "tipPosition": [35.3518, 125.14, 96.9498], "tipVelocity": [-0.202632, -2.85252, 1.01961], "tool": false, "touchDistance": 0.440962, "touchZone": "none", "type": 4, "width": 15.4829}], "r": [[0.906921, -0.20986, 0.365312], [0.379117, 0.784715, -0.490401], [-0.18375, 0.583251, 0.791236]], "s": 1.11699, "t": [39.0365, -7.63353, -36.0984], "timestamp": 747255673606}, {"currentFrameRate": 115.196, "devices": [], "gestures": [], "hands": [{"armBasis": [[0.840083, 0.0122266, -0.542321], [0.268707, 0.859094, 0.435609], [0.47123, -0.511673, 0.718424]], "armWidth": 60.8819, "confidence": 1, "direction": [0.110086, 0.0375701, -0.993212], "elbow": [-93.3647, 23.8147, 338.953], "grabAngle": 2.57408, "grabStrength": 0, "id": 772, "palmNormal": [0.245196, -0.969427, -0.00949333], "palmPosition": [45.3, 158.64, 89.7956], "palmVelocity": [-0.489249, 0.458984, 4.11311], "palmWidth": 85.1216, "pinchDistance": 54.0314, "pinchStrength": 0.0932456, "r": [[0.906941, -0.20969, 0.365361], [0.379067, 0.784561, -0.490685], [-0.183756, 0.583519, 0.791037]], "s": 1.117, "sphereCenter": [55.962, 123.966, 70.1535], "sphereRadius": 44.6443, "stabilizedPalmPosition": [45.3722, 162.375, 89.9218], "t": [-39.0374, -7.64426, -36.0785], "timeVisible": 4.06713, "type": "left", "wrist": [25.6615, 153.056, 157.489]}], "id": 1352938, "interactionBox": {"center": [0, 200, 0], "size": [235.247, 235.247, 147.751]}, "pointables": [{"bases": [[[0.585419, 0.776837, -0.231968], [-0.622563, 0.61403, 0.485162], [0.519327, -0.139609, 0.843095]], [[0.489341, 0.789256, -0.370972], [-0.677152, 0.611924, 0.408673], [0.549555, 0.0512234, 0.833886]], [[0.489341, 0.789256, -0.370972], [-0.755349, 0.596187, 0.272044], [0.435881, 0.147091, 0.887903]], [[0.489341, 0.789256, -0.370972], [-0.81658, 0.564013, 0.122824], [0.306173, 0.242825, 0.920486]]], "btipPosition": [105.008, 143.546, 60.1865], "carpPosition": [59.6921, 155.483, 145.357], "dipPosition": [98.6146, 148.616, 79.4065], "direction": [0.435881, -0.147091, -0.887903], "extended": true, "handId": 772, "id": 7720, "length": 46.4973, "mcpPosition": [59.6921, 155.483, 145.357], "pipPosition": [85.3553, 153.091, 106.416], "stabilizedTipPosition": [104.075, 149.375, 64.8146], "timeVisible": 4.06713, "tipPosition": [102.988, 144.406, 65.0276], "tipVelocity": [0.827938, 3.5355, 5.61362], "tool": false, "touchDistance": 0.292691, "touchZone": "hovering", "type": 0, "width": 19.5255}, {"bases": [[[0.931046, -0.232736, -0.281049], [0.202394, 0.970235, -0.132966], [0.303629, 0.0669149, 0.950438]], [[0.964245, -0.221156, -0.146018], [0.196867, 0.966619, -0.163987], [0.177411,