{"frames": 67, "data": [{"currentFrameRate": 115.371, "devices": [], "gestures": [], "hands": [{"armBasis": [[0.961654, 0.129345, -0.241851], [0.0185993, 0.849025, 0.528025], [0.273635, -0.512275, 0.814063]], "armWidth": 68.2905, "confidence": 1, "direction": [0.0855278, 0.244949, -0.965756], "elbow": [-124.238, 71.709, 342.39], "grabAngle": 0.380765, "grabStrength": 0, "id": 758, "palmNormal": [-0.00772868, -0.969116, -0.246486], "palmPosition": [-33.9649, 227.624, 49.5823], "palmVelocity": [10.7628, -46.1855, -7.89395], "palmWidth": 91.245, "pinchDistance": 60.3024, "pinchStrength": 0, "r": [[0.708601, 0.252733, 0.658795], [-0.276336, 0.958474, -0.0704717], [-0.649248, -0.132112, 0.749015]], "s": 0.911892, "sphereCenter": [-51.0204, 20.9393, -1.85733], "sphereRadius": 215.524, "stabilizedPalmPosition": [-34.1738, 229.109, 49.7927], "t": [-80.7353, 30.2681, -106.518], "timeVisible": 8.4378, "type": "left", "wrist": [-50.1362, 210.436, 121.938]}], "id": 1346981, "interactionBox": {"center": [0, 200, 0], "size": [235.247, 235.247, 147.751]}, "pointables": [{"bases": [[[0.377309, 0.926087, -0.000578011], [-0.771899, 0.314834, 0.552315], [0.511674, -0.207947, 0.833635]], [[0.314643, 0.944094, -0.0984219], [-0.772495, 0.314939, 0.55142], [0.551589, -0.0974701, 0.828401]], [[0.314643, 0.944094, -0.0984219], [-0.936505, 0.325666, 0.13], [0.154785, 0.0512689, 0.986617]], [[0.314643, 0.944094, -0.0984219], [-0.943057, 0.299131, -0.145481], [-0.107907, 0.138592, 0.984453]]], "btipPosition": [12.0992, 206.868, 11.2261], "carpPosition": [-18.0708, 206.62, 105.298], "dipPosition": [14.4427, 209.878, 32.6064], "direction": [0.154785, -0.0512689, -0.986617], "extended": false, "handId": 758, "id": 7580, "length": 48.3626, "mcpPosition": [-18.0708, 206.62, 105.298], "pipPosition": [9.54536, 211.5, 63.8227], "stabilizedTipPosition": [12.4937, 208.61, 16.2683], "timeVisible": 8.4378, "tipPosition": [13.7442, 215.759, 18.5438], "tipVelocity": [11.3329, -34.4468, -10.1726], "tool": false, "touchDistance": 0.30558, "touchZone": "hovering", "type": 0, "width": 22.3137}, {"bases": [[[0.967802, 0.0692677, -0.241996], [-0.0449649, 0.993503, 0.104549], [0.247665, -0.0903017, 0.964628]], [[0.998931, 0.0435894, 0.0154062], [-0.0440282, 0.998598, 0.0293948], [-0.0141033, -0.0300417, 0.999449]], [[0.998931, 0.0435894, 0.0154062], [-0.0414944, 0.992267, -0.116982], [-0.0203863, 0.116218, 0.993015]], [[0.998931, 0.0435894, 0.0154062], [-0.0395618, 0.97838, -0.202997], [-0.0239216, 0.20217, 0.979058]]], "btipPosition": [-8.18462, 230.535, -49.7089], "carpPosition": [-25.0575, 228.487, 99.0991], "dipPosition": [-7.80535, 233.74, -34.1859], "direction": [-0.0203863, -0.116218, -0.993015], "extended": true, "handId": 758, "id": 7581, "length": 54.5718, "mcpPosition": [-6.78582, 235.149, 27.9329], "pipPosition": [-7.34809, 236.347, -11.9131], "stabilizedTipPosition": [-8.12289, 231.74, -46.0383], "timeVisible": 8.4378, "tipPosition": [-11.3808, 234.265, -46.1387], "tipVelocity": [4.11897, -30.2841, -7.11359], "tool": false, "touchDistance": 0.323508, "touchZone": "hovering", "type": 1, "width": 21.314}, {"bases": [[[0.985754, -0.113959, -0.1237], [0.124749, 0.988687, 0.0832848], [0.112809, -0.0975298, 0.988819]], [[0.992083, -0.123074, -0.024973], [0.123288, 0.992345, 0.0072137], [0.023894, -0.0102355, 0.999662]], [[0.992083, -0.123074, -0.024973], [0.117906, 0.981297, -0.152166], [0.0432336, 0.148017, 0.988039]], [[0.992083, -0.123074, -0.024973], [0.112064, 0.957361, -0.266275], [0.0566797, 0.261368, 0.963574]]], "btipPosition": [-25.5695, 229.901, -61.0192], "carpPosition": [-36.6601, 231.083, 95.7515], "dipPosition": [-26.5579, 234.458, -44.2159], "direction": [0.0432336, -0.148017, -0.988039], "extended": true, "handId": 758, "id": 7582, "length": 62.1802, "mcpPosition": [-28.7675, 237.907, 26.5703], "pipPosition": [-27.6988, 238.364, -18.1433], "stabilizedTipPosition": [-25.8194, 231.408, -57.0351], "timeVisible": 8.4378, "tipPosition": [-27.6107, 234.349, -57.6245], "tipVelocity": [4.42117, -21.9016, -7.08975], "tool": false, "touchDistance": 0.324483, "touchZone": "hovering", "type": 2, "width": 20.9332}, {"bases": [[[0.979383, -0.201274, 0.0172374], [0.198391, 0.974405, 0.105713], [-0.0380736, -0.100114, 0.994247]], [[0.979207, -0.192388, -0.0643424], [0.194699, 0.980349, 0.0317542], [0.0569688, -0.0436213, 0.997423]], [[0.979207, -0.192388, -0.0643424], [0.181945, 0.973167, -0.140859], [0.0897154, 0.126223, 0.987937]], [[0.979207, -0.192388, -0.0643424], [0.168328, 0.947579, -0.271588], [0.11322, 0.255111, 0.96026]]], "btipPosition": [-44.5286, 231.088, -52.3571], "carpPosition": [-48.7683, 230.659, 93.4976], "dipPosition": [-46.4916, 235.511, -35.7079], "direction": [0.0897154, -0.126223, -0.987937], "extended": true, "handId": 758, "id": 7583, "length": 59.7879, "mcpPosition": [-51.1599, 236.947, 31.0434], "pipPosition": [-48.7979, 238.756, -10.3112], "stabilizedTipPosition": [-45.0357, 232.486, -48.4503], "timeVisible": 8.4378, "tipPosition": [-45.1199, 232.565, -48.834], "tipVelocity": [7.69838, -26.4121, -5.2469], "tool": false, "touchDistance": 0.326166, "touchZone": "hovering", "type": 3, "width": 19.9193}, {"bases": [[[0.922061, -0.369723, 0.114489], [0.344157, 0.918539, 0.194529], [-0.177085, -0.139965, 0.974192]], [[0.938015, -0.327312, -0.113995], [0.337982, 0.936682, 0.0916267], [0.0767866, -0.124476, 0.989247]], [[0.938015, -0.327312, -0.113995], [0.312517, 0.940951, -0.13017], [0.14987, 0.0864761, 0.984917]], [[0.938015, -0.327312, -0.113995], [0.286494, 0.917326, -0.276469], [0.195062, 0.226673, 0.954238]]], "btipPosition": [-62.8407, 230.187, -29.2947], "carpPosition": [-60.9034, 223.16, 92.9516], "dipPosition": [-65.9607, 233.813, -14.0313], "direction": [0.14987, -0.0864761, -0.984917], "extended": true, "handId": 758, "id": 7584, "length": 46.8726, "mcpPosition": [-71.2004, 231.298, 36.3045], "pipPosition": [-68.6809, 235.382, 3.84494], "stabilizedTipPosition": [-63.563, 231.041, -25.7807], "timeVisible": 8.4378, "tipPosition": [-62.8498, 231.054, -25.5658], "tipVelocity": [7.85737, -30.7679, -5.2204], "tool": false, "touchDistance": -0.250225, "touchZone": "touching", "type": 4, "width": 17.6938}], "r": [[0.708601, 0.252733, 0.658795], [-0.276336, 0.958474, -0.0704717], [-0.649248, -0.132112, 0.749015]], "s": 0.911892, "t": [80.7353, 30.2681, -106.518], "timestamp": 747203164311}, {"currentFrameRate": 114.756, "devices": [], "gestures": [], "hands": [{"armBasis": [[0.96146, 0.129441, -0.24257], [0.0184365, 0.84991, 0.526606], [0.274327, -0.510782, 0.814768]], "armWidth": 68.2721, "confidence": 1, "direction": [0.0857007, 0.244866, -0.965762], "elbow": [-124.34, 71.7818, 342.456], "grabAngle": 0.380441, "grabStrength": 0, "id": 758, "palmNormal": [-0.00781361, -0.969133, -0.246414], "palmPosition": [-33.8775, 227.241, 49.5051], "palmVelocity": [8.96005, -39.2605, -7.90572], "palmWidth": 91.2252, "pinchDistance": 60.3109, "pinchStrength": 0, "r": [[0.708426, 0.253639, 0.658635], [-0.276595, 0.95832, -0.0715422], [-0.649329, -0.131493, 0.749054]], "s": 0.912126, "sphereCenter": [-50.9899, 20.5822, -1.9981], "sphereRadius": 215.539, "stabilizedPalmPosition": [-34.1036, 228.666, 49.7245], "t": [-80.652, 29.8475, -106.594], "timeVisible": 8.44755, "type": "left", "wrist": [-50.0639, 210.079, 121.852]}], "id": 1346982, "interactionBox": {"center": [0, 200, 0], "size": [235.247, 235.247, 147.751]}, "pointables": [{"bases": [[[0.377193, 0.926134, -0.000703346], [-0.771857, 0.314779, 0.552405], [0.511823, -0.20782, 0.833575]], [[0.314654, 0.9441, -0.0983241], [-0.772248, 0.314848, 0.551819], [0.55193, -0.0977017, 0.828147]], [[0.314654, 0.9441, -0.0983241], [-0.936442, 0.325683, 0.13041], [0.155142, 0.0510409, 0.986573]], [[0.314654, 0.9441, -0.0983241], [-0.943185, 0.299327, -0.144238], [-0.106744, 0.138123, 0.984646]]], "btipPosition": [12.2216, 206.519, 11.1609], "carpPosition": [-17.997, 206.243, 105.215], "dipPosition": [14.5398, 209.519, 32.5451], "direction": [0.155142, -0.0510409, -0.986573], "extended": false, "handId": 758, "id": 7580, "length": 48.362, "mcpPosition": [-17.997, 206.243, 105.215], "pipPosition": [9.63122, 211.134, 63.7597], "stabilizedTipPosition": [12.5707, 208.197, 16.2126], "timeVisible": 8.44755, "tipPosition": [13.8312, 215.341, 18.4668], "tipVelocity": [11.9439, -36.0018, -6.5827], "tool": false, "touchDistance": 0.30451, "touchZone": "hovering", "type": 0, "width": 22.3068}, {"bases": [[[0.967757, 0.0693705, -0.242143], [-0.0450738, 0.993505, 0.104481], [0.247819, -0.0901981, 0.964598]], [[0.998926, 0.0437007, 0.0153956], [-0.0441464, 0.998577, 0.0299054], [-0.0140668, -0.0305529, 0.999434]], [[0.998926, 0.0437007, 0.0153956], [-0.0416116, 0.992293, -0.116722], [-0.0203778, 0.115956, 0.993045]], [[0.998926, 0.0437007, 0.0153956], [-0.0396844, 0.978471, -0.202532], [-0.023915, 0.201703, 0.979155]]], "btipPosition": [-8.09615, 230.179, -49.7793], "carpPosition": [-24.9782, 228.107, 99.0116], "dipPosition": [-7.71699, 233.377, -34.255], "direction": [-0.0203778, -0.115956, -0.993045], "extended": true, "handId": 758, "id": 7581, "length": 54.5711, "mcpPosition": [-6.69912, 234.76, 27.863], "pipPosition": [-7.25993, 235.978, -11.9818], "stabilizedTipPosition": [-8.07299, 231.378, -46.1129], "timeVisible": 8.44755, "tipPosition": [-11.27, 233.864, -46.213], "tipVelocity": [9.06281, -36.634, -7.18455], "tool": false, "touchDistance": 0.322339, "touchZone": "hovering", "type": 1, "width": 21.3075}, {"bases": [[[0.98575, -0.113845, -0.123836], [0.124638, 0.988709, 0.083192], [0.112967, -0.0974412, 0.988809]], [[0.992095, -0.12295, -0.0251343], [0.123197, 0.992346, 0.00852777], [0.0238934, -0.0115568, 0.999648]], [[0.992095, -0.12295, -0.0251343], [0.117823, 0.981533, -0.150699], [0.0431985, 0.146546, 0.98826]], [[0.992095, -0.12295, -0.0251343], [0.111921, 0.95747, -0.26594], [0.0567627, 0.261025, 0.963662]]], "btipPosition": [-25.4779, 229.617, -61.0978], "carpPosition": [-36.5782, 230.703, 95.6628], "dipPosition": [-26.4677, 234.169, -44.2932], "direction": [0.0431985, -0.146546, -0.98826], "extended": true, "handId": 758, "id": 7582, "length": 62.1794, "mcpPosition": [-28.6763, 237.519, 26.4972], "pipPosition": [-27.6076, 238.036, -18.2151], "stabilizedTipPosition": [-25.7728, 231.104, -57.116], "timeVisible": 8.44755, "tipPosition": [-27.4937, 233.933, -57.6979], "tipVelocity": [9.35655, -29.1774, -8.02144], "tool": false, "touchDistance": 0.323178, "touchZone": "hovering", "type": 2, "width": 20.9268}, {"bases": [[[0.979411, -0.20115, 0.0171083], [0.198284, 0.974438, 0.105611], [-0.0379146, -0.100044, 0.99426]], [[0.979214, -0.192249, -0.0646554], [0.194648, 0.980316, 0.033066], [0.0570258, -0.0449638, 0.99736]], [[0.979214, -0.192249, -0.0646554], [0.181823, 0.973279, -0.140245], [0.0898897, 0.125574, 0.988003]], [[0.979214, -0.192249, -0.0646554], [0.16807, 0.947521, -0.27195], [0.113544, 0.25543, 0.960137]]], "btipPosition": [-44.4218, 230.771, -52.43], "carpPosition": [-48.6844, 230.28, 93.4078], "dipPosition": [-46.3904, 235.2, -35.7831], "direction": [0.0898897, -0.125574, -0.988003], "extended": true, "handId": 758, "id": 7583, "length": 59.7871, "mcpPosition": [-51.0655, 236.563, 30.9663], "pipPosition": [-48.7012, 238.428, -10.3851], "stabilizedTipPosition": [-44.9607, 232.162, -48.5205], "timeVisible": 8.44755, "tipPosition": [-45.0166, 232.174, -48.9116], "tipVelocity": [10.8117, -32.3735, -7.52753], "tool": false, "touchDistance": 0.324941, "touchZone": "hovering", "type": 3, "width": 19.9132}, {"bases": [[[0.922124, -0.369599, 0.114381], [0.344071, 0.918597, 0.194409], [-0.176924, -0.139914, 0.974229]], [[0.938038, -0.327197, -0.114135], [0.337948, 0.936614, 0.0924386], [0.0766547, -0.125283, 0.989155]], [[0.938038, -0.327197, -0.114135], [0.312447, 0.941026, -0.129795], [0.149873, 0.0860917, 0.98495]], [[0.938038, -0.327197, -0.114135], [0.286443, 0.917479, -0.276013], [0.195027, 0.226217, 0.954353]]], "btipPosition": [-62.7491, 229.848, -29.3738], "carpPosition": [-60.8184, 222.784, 92.8609], "dipPosition": [-65.8686, 233.466, -14.1088], "direction": [0.149873, -0.0860917, -0.98495], "extended": true, "handId": 758, "id": 7584, "length": 46.872, "mcpPosition": [-71.1039, 230.918, 36.224], "pipPosition": [-68.5887, 235.029, 3.76785], "stabilizedTipPosition": [-63.4716, 230.699, -25.8585], "timeVisible": 8.44755, "tipPosition": [-62.753, 230.668, -25.6481], "tipVelocity": [9.39689, -34.9497, -8.06612], "tool": false, "touchDistance": -0.251537, "touchZone": "touching", "type": 4, "width": 17.6884}], "r": [[0.708426, 0.253639, 0.658635], [-0.276595, 0.95832, -0.0715422], [-0.649329, -0.131493, 0.749054]], "s": 0.912126, "t": [80.652, 29.8475, -106.594], "timestamp": 747203174070}, {"currentFrameRate": 106.01, "devices": [], "gestures": [], "hands": [{"armBasis": [[0.960892, 0.132242, -0.243308], [0.0153918, 0.851748, 0.523726], [0.276495, -0.506989, 0.816402]], "armWidth": 68.2511, "confidence": 1, "direction": [0.0853006, 0.241961, -0.966529], "elbow": [-124.635, 71.8997, 342.702], "grabAngle": 0.378399, "grabStrength": 0, "id": 758, "palmNormal": [-0.0108228, -0.969783, -0.243731], "palmPosition": [-33.6206, 226.045, 49.3072], "palmVelocity": [10.3034, -47.9637, -7.93774], "palmWidth": 91.2082, "pinchDistance": 60.3263, "pinchStrength": 0, "r": [[0.707995, 0.255126, 0.658524], [-0.277326, 0.957999, -0.0729892], [-0.649487, -0.13095, 0.749012]], "s": 0.912579, "sphereCenter": [-51.9563, 18.5656, -1.78959], "sphereRadius": 216.353, "stabilizedPalmPosition": [-33.8842, 227.476, 49.5349], "t": [-80.482, 29.0393, -106.731], "timeVisible": 8.47249, "type": "left", "wrist": [-49.7884, 209.141, 121.703]}], "id": 1346983, "interactionBox": {"center": [0, 200, 0], "size": [235.247, 235.247, 147.751]}, "pointables": [{"bases": [[[0.374582, 0.927189, -0.00283571], [-0.773364, 0.314121, 0.550669], [0.511466, -0.204078, 0.834719]], [[0.311398, 0.944829, -0.101634], [-0.774458, 0.314305, 0.549023], [0.550677, -0.0922535, 0.829605]], [[0.311398, 0.944829, -0.101634], [-0.937635, 0.322881, 0.128796], [0.154506, 0.0551887, 0.986449]], [[0.311398, 0.944829, -0.101634], [-0.94437, 0.295777, -0.143813], [-0.105817, 0.140763, 0.984372]]], "btipPosition": [12.4097, 204.975, 10.9432], "carpPosition": [-17.7399, 205.161, 105.045], "dipPosition": [14.7075, 208.032, 32.3188], "direction": [0.154506, -0.0551887, -0.986449], "extended": false, "handId": 758, "id": 7580, "length": 48.356, "mcpPosition": [-17.7399, 205.161, 105.045], "pipPosition": [9.81961, 209.778, 63.5256], "stabilizedTipPosition": [12.7699, 206.832, 16.0213], "timeVisible": 8.47249, "tipPosition": [14.011, 213.862, 18.23], "tipVelocity": [7.35463, -61.4082, -8.81053], "tool": false, "touchDistance": 0.300849, "touchZone": "hovering", "type": 0, "width": 22.2992}, {"bases": [[[0.967831, 0.071433, -0.241249], [-0.0479914, 0.993658, 0.101689], [0.246983, -0.0868401, 0.965121]], [[0.998785, 0.0465996, 0.0160197], [-0.0470147, 0.99854, 0.026591], [-0.0147572, -0.0273118, 0.999518]], [[0.998785, 0.0465996, 0.0160197], [-0.0443697, 0.991902, -0.119007], [-0.0214357, 0.118151, 0.992764]], [[0.998785, 0.0465996, 0.0160197], [-0.042375, 0.978172, -0.20343], [-0.0251498, 0.202504, 0.978958]]], "btipPosition": [-7.91916, 228.655, -50.0079], "carpPosition": [-24.6655, 227.022, 98.7926], "dipPosition": [-7.52046, 231.865, -34.4887], "direction": [-0.0214357, -0.118151, -0.992764], "extended": true, "handId": 758, "id": 7581, "length": 54.5643, "mcpPosition": [-6.45148, 233.426, 27.6187], "pipPosition": [-7.03974, 234.515, -12.2246], "stabilizedTipPosition": [-7.89569, 229.945, -46.348], "timeVisible": 8.47249, "tipPosition": [-11.097, 232.335, -46.4541], "tipVelocity": [7.27932, -61.0273, -9.2165], "tool": false, "touchDistance": 0.318509, "touchZone": "hovering", "type": 1, "width": 21.3002}, {"bases": [[[0.986206, -0.111404, -0.122417], [0.121757, 0.989282, 0.0806036], [0.112125, -0.0943969, 0.9892]], [[0.992461, -0.120195, -0.0239685], [0.120406, 0.992696, 0.00755006], [0.022886, -0.0103791, 0.999684]], [[0.992461, -0.120195, -0.0239685], [0.115332, 0.982057, -0.149204], [0.0414721, 0.145315, 0.988516]], [[0.992461, -0.120195, -0.0239685], [0.109555, 0.95768, -0.266169], [0.0549464, 0.261536, 0.963628]]], "btipPosition": [-25.3418, 228.313, -61.3217], "carpPosition": [-36.2591, 229.641, 95.4503], "dipPosition": [-26.2999, 232.873, -44.5198], "direction": [0.0414721, -0.145315, -0.988516], "extended": true, "handId": 758, "id": 7582, "length": 62.1717, "mcpPosition": [-28.4176, 236.243, 26.2702], "pipPosition": [-27.3941, 236.707, -18.4382], "stabilizedTipPosition": [-25.6263, 229.892, -57.3534], "timeVisible": 8.47249, "tipPosition": [-27.3143, 232.381, -57.9145], "tipVelocity": [5.75073, -52.2381, -9.00703], "tool": false, "touchDistance": 0.319435, "touchZone": "hovering", "type": 2, "width": 20.9196}, {"bases": [[[0.979954, -0.198338, 0.0187608], [0.195418, 0.975281, 0.103144], [-0.0387544, -0.0974101, 0.994489]], [[0.97981, -0.189625, -0.0633585], [0.191976, 0.980835, 0.0332963], [0.0558304, -0.0447874, 0.997435]], [[0.97981, -0.189625, -0.0633585], [0.179533, 0.97395, -0.138528], [0.0879765, 0.124357, 0.98833]], [[0.97981, -0.189625, -0.0633585], [0.165783, 0.94772, -0.27266], [0.111749, 0.256651, 0.960022]]], "btipPosition": [-44.2864, 229.574, -52.6295], "carpPosition": [-48.3661, 229.246, 93.2103], "dipPosition": [-46.2237, 234.023, -35.9867], "direction": [0.0879765, -0.124357, -0.98833], "extended": true, "handId": 758, "id": 7583, "length": 59.7797, "mcpPosition": [-50.7995, 235.363, 30.7661], "pipPosition": [-48.485, 237.22, -10.5834], "stabilizedTipPosition": [-44.7909, 231, -48.7293], "timeVisible": 8.47249, "tipPosition": [-44.8549, 230.736, -49.1053], "tipVelocity": [5.71864, -47.8194, -8.03762], "tool": false, "touchDistance": 0.321601, "touchZone": "hovering", "type": 3, "width": 19.9063}, {"bases": [[[0.923033, -0.36668, 0.116434], [0.341261, 0.920096, 0.192259], [-0.177628, -0.137727, 0.974412]], [[0.939105, -0.324971, -0.111699], [0.335349, 0.937638, 0.0915186], [0.0749919, -0.123404, 0.989519]], [[0.939105, -0.324971, -0.111699], [0.310478, 0.941723, -0.129465], [0.147262, 0.0869014, 0.985273]], [[0.939105, -0.324971, -0.111699], [0.284792, 0.917933, -0.27621], [0.192292, 0.227579, 0.954584]]], "btipPosition": [-62.6353, 228.622, -29.5505], "carpPosition": [-60.5189, 221.784, 92.6976], "dipPosition": [-65.7106, 232.261, -14.2838], "direction": [0.147262, -0.0869014, -0.985273], "extended": true, "handId": 758, "id": 7584, "length": 46.8662, "mcpPosition": [-70.8434, 229.79, 36.0606], "pipPosition": [-68.3831, 233.838, 3.59654], "stabilizedTipPosition": [-63.3427, 229.459, -26.0391], "timeVisible": 8.47249, "tipPosition": [-62.577, 229.348, -25.8245], "tipVelocity": [4.97092, -48.9862, -7.07312], "tool": false, "touchDistance": -0.254476, "touchZone": "touching", "type": 4, "width": 17.6824}], "r": [[0.707995, 0.255126, 0.658524], [-0.277326, 0.957999, -0.0729892], [-0.649487, -0.13095, 0.749012]], "s": 0.912579, "t": [80.482, 29.0393, -106.731], "timestamp": 747203199002}, {"currentFrameRate": 105.822, "devices": [], "gestures": [], "hands": [{"armBasis": [[0.960807, 0.132739, -0.243374], [0.014751, 0.852187, 0.52303], [0.276827, -0.50612, 0.816829]], "armWidth": 68.2332, "confidence": 1, "direction": [0.0858109, 0.240025, -0.966967], "elbow": [-124.689, 72.0997, 342.726], "grabAngle": 0.377615, "grabStrength": 0, "id": 758, "palmNormal": [-0.0117549, -0.970235, -0.24188], "palmPosition": [-33.5693, 225.837, 49.2468], "palmVelocity": [5.23574, -21.1975, -6.16493], "palmWidth": 91.1983, "pinchDistance": 60.3481, "pinchStrength": 0, "r": [[0.707632, 0.256712, 0.658298], [-0.278111, 0.957656, -0.0744978], [-0.649547, -0.130363, 0.749062]], "s": 0.912968, "sphereCenter": [-52.024, 18.4331, -1.56599], "sphereRadius": 216.258, "stabilizedPalmPosition": [-33.8221, 227.153, 49.4782], "t": [-80.3713, 28.5314, -106.83], "timeVisible": 8.48228, "type": "left", "wrist": [-49.7668, 209.08, 121.654]}], "id": 1346984, "interactionBox": {"center": [0, 200, 0], "size": [235.247, 235.247, 147.751]}, "pointables": [{"bases": [[[0.373627, 0.927567, -0.00470984], [-0.773538, 0.314377, 0.550279], [0.511901, -0.201956, 0.834968]], [[0.310813, 0.944884, -0.102902], [-0.774046, 0.314461, 0.549514], [0.551586, -0.0911451, 0.829123]], [[0.310813, 0.944884, -0.102902], [-0.937748, 0.322505, 0.128916], [0.154997, 0.0564276, 0.986302]], [[0.310813, 0.944884, -0.102902], [-0.944615, 0.295082, -0.143631], [-0.10535, 0.141845, 0.984267]]], "btipPosition": [12.4874, 204.742, 10.9561], "carpPosition": [-17.7282, 205.047, 105.018], "dipPosition": [14.7751, 207.823, 32.3291], "direction": [0.154997, -0.0564276, -0.986302], "extended": false, "handId": 758, "id": 7580, "length": 48.3553, "mcpPosition": [-17.7282, 205.047, 105.018], "pipPosition": [9.87173, 209.608, 63.5308], "stabilizedTipPosition": [12.8311, 206.484, 15.9837], "timeVisible": 8.48228, "tipPosition": [14.0511, 213.492, 18.1903], "tipVelocity": [7.69845, -23.1796, 1.25217], "tool": false, "touchDistance": 0.301053, "touchZone": "hovering", "type": 0, "width": 22.2927}, {"bases": [[[0.967691, 0.0719672, -0.241649], [-0.0489864, 0.993801, 0.099803], [0.247333, -0.0847409, 0.965218]], [[0.998732, 0.0475807, 0.0164189], [-0.0479961, 0.998511, 0.0259084], [-0.0151617, -0.0266636, 0.999529]], [[0.998732, 0.0475807, 0.0164189], [-0.0452543, 0.99163, -0.120924], [-0.0220351, 0.120027, 0.992526]], [[0.998732, 0.0475807, 0.0164189], [-0.0431936, 0.977649, -0.20576], [-0.0258421, 0.20479, 0.978465]]], "btipPosition": [-7.90001, 228.272, -50.0572], "carpPosition": [-24.6297, 226.899, 98.729], "dipPosition": [-7.49035, 231.519, -34.546], "direction": [-0.0220351, -0.120027, -0.992526], "extended": true, "handId": 758, "id": 7581, "length": 54.5636, "mcpPosition": [-6.39181, 233.147, 27.5557], "pipPosition": [-6.99619, 234.21, -12.2875], "stabilizedTipPosition": [-7.86176, 229.595, -46.4015], "timeVisible": 8.48228, "tipPosition": [-10.9977, 231.907, -46.52], "tipVelocity": [2.21178, -38.1987, -5.21311], "tool": false, "touchDistance": 0.317658, "touchZone": "hovering", "type": 1, "width": 21.2939}, {"bases": [[[0.986287, -0.110624, -0.122472], [0.120761, 0.989559, 0.0786795], [0.11249, -0.0923904, 0.989348]], [[0.99258, -0.119232, -0.0238563], [0.11945, 0.992809, 0.00788671], [0.0227444, -0.0106778, 0.999684]], [[0.99258, -0.119232, -0.0238563], [0.114401, 0.982188, -0.149063], [0.0412046, 0.145228, 0.98854]], [[0.99258, -0.119232, -0.0238563], [0.108619, 0.95761, -0.266807], [0.0546571, 0.262236, 0.963455]]], "btipPosition": [-25.2933, 228.057, -61.3922], "carpPosition": [-36.2167, 229.523, 95.379], "dipPosition": [-26.2463, 232.63, -44.5936], "direction": [0.0412046, -0.145228, -0.98854], "extended": true, "handId": 758, "id": 7582, "length": 62.1708, "mcpPosition": [-28.3506, 235.984, 26.1961], "pipPosition": [-27.3334, 236.462, -18.5117], "stabilizedTipPosition": [-25.5862, 229.617, -57.415], "timeVisible": 8.48228, "tipPosition": [-27.2081, 231.93, -57.9799], "tipVelocity": [5.07586, -25.7849, -7.2746], "tool": false, "touchDistance": 0.318248, "touchZone": "hovering", "type": 2, "width": 20.9135}, {"bases": [[[0.980163, -0.197294, 0.0188729], [0.194442, 0.975677, 0.101226], [-0.0383852, -0.0955487, 0.994684]], [[0.979988, -0.188739, -0.0632535], [0.191082, 0.981011, 0.0332521], [0.0557764, -0.0446733, 0.997443]], [[0.979988, -0.188739, -0.0632535], [0.178589, 0.974, -0.139389], [0.087917, 0.125303, 0.988215]], [[0.979988, -0.188739, -0.0632535], [0.164855, 0.947638, -0.273506], [0.111563, 0.257605, 0.959788]]], "btipPosition": [-44.2244, 229.301, -52.7011], "carpPosition": [-48.3204, 229.137, 93.1364], "dipPosition": [-46.1584, 233.767, -36.0625], "direction": [0.087917, -0.125303, -0.988215], "extended": true, "handId": 758, "id": 7583, "length": 59.7789, "mcpPosition": [-50.7304, 235.136, 30.6867], "pipPosition": [-48.4181, 236.988, -10.6626], "stabilizedTipPosition": [-44.7437, 230.74, -48.7854], "timeVisible": 8.48228, "tipPosition": [-44.7713, 230.352, -49.1751], "tipVelocity": [6.40635, -27.4494, -7.40674], "tool": false, "touchDistance": 0.320392, "touchZone": "hovering", "type": 3, "width": 19.9005}, {"bases": [[[0.923441, -0.365507, 0.116883], [0.340366, 0.920813, 0.190407], [-0.177223, -0.136047, 0.974722]], [[0.939415, -0.324252, -0.111181], [0.33456, 0.937928, 0.0914339], [0.0746325, -0.123091, 0.989585]], [[0.939415, -0.324252, -0.111181], [0.309679, 0.941871, -0.130298], [0.146968, 0.0879734, 0.985221]], [[0.939415, -0.324252, -0.111181], [0.284089, 0.91797, -0.276812], [0.191818, 0.228456, 0.95447]]], "btipPosition": [-62.5944, 228.383, -29.6242], "carpPosition": [-60.4779, 221.688, 92.6343], "dipPosition": [-65.6622, 232.036, -14.3595], "direction": [0.146968, -0.0879734, -0.985221], "extended": true, "handId": 758, "id": 7584, "length": 46.8655, "mcpPosition": [-70.7777, 229.594, 35.9854], "pipPosition": [-68.3292, 233.633, 3.51963], "stabilizedTipPosition": [-63.3027, 229.238, -26.1086], "timeVisible": 8.48228, "tipPosition": [-62.5068, 229.027, -25.9002], "tipVelocity": [4.35046, -24.0801, -7.5703], "tool": false, "touchDistance": -0.255712, "touchZone": "touching", "type": 4, "width": 17.6772}], "r": [[0.707632, 0.256712, 0.658298], [-0.278111, 0.957656, -0.0744978], [-0.649547, -0.130363, 0.749062]], "s": 0.912968, "t": [80.3713, 28.5314, -106.83], "timestamp": 747203208798}, {"currentFrameRate": 106.585, "devices": [], "gestures": [], "hands": [{"armBasis": [[0.960666, 0.13367, -0.243418], [0.0138074, 0.85246, 0.52261], [0.277362, -0.505415, 0.817084]], "armWidth": 68.2195, "confidence": 1, "direction": [0.0860161, 0.238019, -0.967444], "elbow": [-124.781, 72.2797, 342.803], "grabAngle": 0.376465, "grabStrength": 0, "id": 758, "palmNormal": [-0.0129435, -0.970694, -0.239969], "palmPosition": [-33.5117, 225.662, 49.2584], "palmVelocity": [7.21521, -21.9426, 1.45671], "palmWidth": 91.1885, "pinchDistance": 60.3707, "pinchStrength": 0, "r": [[0.707267, 0.25841, 0.658025], [-0.278968, 0.957282, -0.0760859], [-0.649577, -0.129755, 0.749142]], "s": 0.913297, "sphereCenter": [-52.0828, 18.1067, -1.25556], "sphereRadius": 216.377, "stabilizedPalmPosition": [-33.7732, 226.918, 49.4435], "t": [-80.2872, 28.1899, -106.873], "timeVisible": 8.49026, "type": "left", "wrist": [-49.7218, 209.054, 121.685]}], "id": 1346985, "interactionBox": {"center": [0, 200, 0], "size": [235.247, 235.247, 147.751]}, "pointables": [{"bases": [[[0.372511, 0.928005, -0.00650361], [-0.773963, 0.314528, 0.549594], [0.512071, -0.199696, 0.835407]], [[0.310212, 0.944968, -0.103943], [-0.773889, 0.314516, 0.549705], [0.552146, -0.0900849, 0.828867]], [[0.310212, 0.944968, -0.103943], [-0.937902, 0.322069, 0.128886], [0.15527, 0.0575062, 0.986197]], [[0.310212, 0.944968, -0.103943], [-0.944855, 0.294395, -0.143459], [-0.104964, 0.142714, 0.984183]]], "btipPosition": [12.5648, 204.554, 11.0288], "carpPosition": [-17.6925, 204.965, 105.063], "dipPosition": [14.8439, 207.653, 32.3979], "direction": [0.15527, -0.0575062, -0.986197], "extended": false, "handId": 758, "id": 7580, "length": 48.3505, "mcpPosition": [-17.6925, 204.965, 105.063], "pipPosition": [9.93236, 209.472, 63.5932], "stabilizedTipPosition": [12.8814, 206.247, 15.9759], "timeVisible": 8.49026, "tipPosition": [14.0829, 213.133, 18.2036], "tipVelocity": [9.45439, -23.0457, 9.00056], "tool": false, "touchDistance": 0.30225, "touchZone": "hovering", "type": 0, "width": 22.2873}, {"bases": [[[0.967625, 0.0726563, -0.241709], [-0.0501911, 0.993935, 0.0978431], [0.247352, -0.0825438, 0.965403]], [[0.998664, 0.0487441, 0.0171253], [-0.0491679, 0.998471, 0.0252703], [-0.0158674, -0.0260786, 0.999534]], [[0.998664, 0.0487441, 0.0171253], [-0.0462914, 0.991405, -0.122362], [-0.0229426, 0.121406, 0.992338]], [[0.998664, 0.0487441, 0.0171253], [-0.044138, 0.977223, -0.207575], [-0.0268533, 0.206542, 0.978069]]], "btipPosition": [-7.90284, 227.939, -50.0418], "carpPosition": [-24.5676, 226.81, 98.7324], "dipPosition": [-7.47719, 231.213, -34.5384], "direction": [-0.0229426, -0.121406, -0.992338], "extended": true, "handId": 758, "id": 7581, "length": 54.5582, "mcpPosition": [-6.33028, 232.896, 27.5531], "pipPosition": [-6.96272, 233.936, -12.2864], "stabilizedTipPosition": [-7.84419, 229.316, -46.4245], "timeVisible": 8.49026, "tipPosition": [-10.9232, 231.5, -46.5218], "tipVelocity": [0.10671, -40.9176, 1.69577], "tool": false, "touchDistance": 0.317884, "touchZone": "hovering", "type": 1, "width": 21.2889}, {"bases": [[[0.98643, -0.109677, -0.122172], [0.119563, 0.989856, 0.0767423], [0.112515, -0.0903081, 0.989538]], [[0.992725, -0.118089, -0.0234812], [0.118301, 0.992947, 0.0078642], [0.0223869, -0.0105848, 0.999693]], [[0.992725, -0.118089, -0.0234812], [0.113311, 0.982264, -0.149393], [0.0407064, 0.145645, 0.988499]], [[0.992725, -0.118089, -0.0234812], [0.107574, 0.957526, -0.267528], [0.054076, 0.263056, 0.963264]]], "btipPosition": [-25.2656, 227.801, -61.3858], "carpPosition": [-36.1505, 229.442, 95.3786], "dipPosition": [-26.2084, 232.387, -44.5922], "direction": [0.0407064, -0.145645, -0.988499], "extended": true, "handId": 758, "id": 7582, "length": 62.1647, "mcpPosition": [-28.2834, 235.756, 26.1899], "pipPosition": [-27.2823, 236.229, -18.5139], "stabilizedTipPosition": [-25.5562, 229.397, -57.4463], "timeVisible": 8.49026, "tipPosition": [-27.1367, 231.511, -57.9763], "tipVelocity": [3.7609, -31.7513, 0.659843], "tool": false, "touchDistance": 0.318336, "touchZone": "hovering", "type": 2, "width": 20.9085}, {"bases": [[[0.980398, -0.196077, 0.0193435], [0.193259, 0.976108, 0.0993228], [-0.0383562, -0.0936375, 0.994867]], [[0.980219, -0.18768, -0.0628315], [0.189976, 0.981242, 0.0327685], [0.0555029, -0.0440568, 0.997486]], [[0.980219, -0.18768, -0.0628315], [0.177492, 0.974043, -0.140484], [0.0875666, 0.126553, 0.988087]], [[0.980219, -0.18768, -0.0628315], [0.163892, 0.947685, -0.27392], [0.110954, 0.258204, 0.959698]]], "btipPosition": [-44.1869, 229.042, -52.6929], "carpPosition": [-48.2535, 229.065, 93.1379], "dipPosition": [-46.1102, 233.517, -36.0576], "direction": [0.0875666, -0.126553, -0.988087], "extended": true, "handId": 758, "id": 7583, "length": 59.773, "mcpPosition": [-50.6613, 234.944, 30.6835], "pipPosition": [-48.3607, 236.77, -10.6634], "stabilizedTipPosition": [-44.7074, 230.527, -48.8113], "timeVisible": 8.49026, "tipPosition": [-44.7162, 229.997, -49.1693], "tipVelocity": [5.0078, -32.2313, 0.928252], "tool": false, "touchDistance": 0.320516, "touchZone": "hovering", "type": 3, "width": 19.8958}, {"bases": [[[0.92387, -0.364164, 0.11768], [0.339241, 0.921595, 0.188624], [-0.177143, -0.134342, 0.974973]], [[0.939812, -0.323332, -0.110497], [0.333543, 0.938308, 0.0912536], [0.0741748, -0.122617, 0.989678]], [[0.939812, -0.323332, -0.110497], [0.30874, 0.942107, -0.130823], [0.146399, 0.0888339, 0.985229]], [[0.939812, -0.323332, -0.110497], [0.283337, 0.918183, -0.276877], [0.190979, 0.228905, 0.954531]]], "btipPosition": [-62.569, 228.187, -29.6131], "carpPosition": [-60.4186, 221.631, 92.6516], "dipPosition": [-65.623, 231.848, -14.3489], "direction": [0.146399, -0.0888339, -0.985229], "extended": true, "handId": 758, "id": 7584, "length": 46.8609, "mcpPosition": [-70.7127, 229.438, 35.9942], "pipPosition": [-68.2795, 233.46, 3.5286], "stabilizedTipPosition": [-63.2744, 229.05, -26.1029], "timeVisible": 8.49026, "tipPosition": [-62.4572, 228.741, -25.8936], "tipVelocity": [3.5842, -24.2478, 1.38], "tool": false, "touchDistance": -0.255529, "touchZone": "touching", "type": 4, "width": 17.673}], "r": [[0.707267, 0.25841, 0.658025], [-0.278968, 0.957282, -0.0760859], [-0.649577, -0.129755, 0.749142]], "s": 0.913297, "t": [80.2872, 28.1899, -106.873], "timestamp": 747203216777}, {"currentFrameRate": 107.17, "devices": [], "gestures": [], "hands": [{"armBasis": [[0.960536, 0.134457, -0.243498], [0.0129251, 0.852883, 0.521941], [0.277854, -0.504491, 0.817488]], "armWidth": 68.2107, "confidence": 1, "direction": [0.0862054, 0.236826, -0.96772], "elbow": [-124.835, 72.4941, 342.856], "grabAngle": 0.375246, "grabStrength": 0, "id": 758, "palmNormal": [-0.0139623, -0.970953, -0.238861], "palmPosition": [-33.4295, 225.514, 49.2151], "palmVelocity": [9.95776, -17.9126, -5.24351], "palmWidth": 91.1806, "pinchDistance": 60.3576, "pinchStrength": 0, "r": [[0.706913, 0.260064, 0.657754], [-0.27985, 0.956904, -0.0775776], [-0.649583, -0.129232, 0.749227]], "s": 0.913603, "sphereCenter": [-52.0548, 17.8541, -1.16517], "sphereRadius": 216.485, "stabilizedPalmPosition": [-33.7203, 226.702, 49.4083], "t": [-80.204, 27.9451, -106.917], "timeVisible": 8.49852, "type": "left", "wrist": [-49.651, 209.004, 121.653]}], "id": 1346986, "interactionBox": {"center": [0, 200, 0], "size": [235.247, 235.247, 147.751]}, "pointables": [{"bases": [[[0.37155, 0.928382, -0.0075408], [-0.77432, 0.314354, 0.54919], [0.512229, -0.198213, 0.835664]], [[0.309724, 0.945091, -0.104275], [-0.773772, 0.314265, 0.550013], [0.552583, -0.0896673, 0.82862]], [[0.309724, 0.945091, -0.104275], [-0.938011, 0.321652, 0.129137], [0.155586, 0.0578146, 0.986129]], [[0.309724, 0.945091, -0.104275], [-0.945054, 0.293921, -0.14312], [-0.104613, 0.142873, 0.984197]]], "btipPosition": [12.6637, 204.421, 11.0217], "carpPosition": [-17.6301, 204.866, 105.036], "dipPosition": [14.9351, 207.523, 32.3907], "direction": [0.155586, -0.0578146, -0.986129], "extended": false, "handId": 758, "id": 7580, "length": 48.3496, "mcpPosition": [-17.6301, 204.866, 105.036], "pipPosition": [10.0137, 209.352, 63.5833], "stabilizedTipPosition": [12.9402, 206.033, 15.9683], "timeVisible": 8.49852, "tipPosition": [14.1433, 212.844, 18.1556], "tipVelocity": [11.7564, -15.9983, -0.860707], "tool": false, "touchDistance": 0.302131, "touchZone": "hovering", "type": 0, "width": 22.2843}, {"bases": [[[0.967563, 0.073382, -0.241736], [-0.0512255, 0.993994, 0.0967062], [0.24738, -0.0811864, 0.965511]], [[0.998607, 0.0497528, 0.017581], [-0.0501774, 0.998437, 0.0245973], [-0.0163297, -0.0254452, 0.999543]], [[0.998607, 0.0497528, 0.017581], [-0.0471897, 0.991112, -0.124376], [-0.0236128, 0.123373, 0.992079]], [[0.998607, 0.0497528, 0.017581], [-0.0449636, 0.976675, -0.209961], [-0.0276171, 0.208878, 0.977552]]], "btipPosition": [-7.86284, 227.631, -50.0776], "carpPosition": [-24.4825, 226.709, 98.6833], "dipPosition": [-7.42509, 230.942, -34.5826], "direction": [-0.0236128, -0.123373, -0.992079], "extended": true, "handId": 758, "id": 7581, "length": 54.5572, "mcpPosition": [-6.24475, 232.694, 27.5023], "pipPosition": [-6.89561, 233.709, -12.3368], "stabilizedTipPosition": [-7.81915, 229.034, -46.4518], "timeVisible": 8.49852, "tipPosition": [-10.832, 231.212, -46.5729], "tipVelocity": [5.17813, -36.2457, -4.56009], "tool": false, "touchDistance": 0.317256, "touchZone": "hovering", "type": 1, "width": 21.286}, {"bases": [[[0.986551, -0.108795, -0.121989], [0.118534, 0.990066, 0.0756199], [0.11255, -0.0890627, 0.989647]], [[0.992847, -0.117081, -0.023375], [0.117305, 0.99306, 0.00844251], [0.0222243, -0.0111241, 0.999691]], [[0.992847, -0.117081, -0.023375], [0.112342, 0.982423, -0.149078], [0.0404183, 0.145385, 0.988549]], [[0.992847, -0.117081, -0.023375], [0.106632, 0.957644, -0.267484], [0.0537023, 0.263078, 0.963279]]], "btipPosition": [-25.1963, 227.651, -61.4383], "carpPosition": [-36.0614, 229.349, 95.3275], "dipPosition": [-26.1325, 232.237, -44.6447], "direction": [0.0404183, -0.145385, -0.988549], "extended": true, "handId": 758, "id": 7582, "length": 62.1635, "mcpPosition": [-28.1926, 235.575, 26.1372], "pipPosition": [-27.1988, 236.073, -18.5656], "stabilizedTipPosition": [-25.5157, 229.203, -57.4826], "timeVisible": 8.49852, "tipPosition": [-27.0408, 231.212, -58.0228], "tipVelocity": [8.57579, -18.1572, -6.35721], "tool": false, "touchDistance": 0.31746, "touchZone": "hovering", "type": 2, "width": 20.9056}, {"bases": [[[0.980599, -0.19504, 0.0196238], [0.192243, 0.97642, 0.0982203], [-0.0383179, -0.0925422, 0.994971]], [[0.980409, -0.186718, -0.062727], [0.189043, 0.981401, 0.0333758], [0.0553284, -0.04458, 0.997472]], [[0.980409, -0.186718, -0.062727], [0.176592, 0.974275, -0.140009], [0.0872556, 0.126189, 0.988161]], [[0.980409, -0.186718, -0.062727], [0.163094, 0.948084, -0.273015], [0.110447, 0.257436, 0.959963]]], "btipPosition": [-44.1184, 228.934, -52.7482], "carpPosition": [-48.1634, 228.982, 93.0881], "dipPosition": [-46.0329, 233.396, -36.1086], "direction": [0.0872556, -0.126189, -0.988161], "extended": true, "handId": 758, "id": 7583, "length": 59.7719, "mcpPosition": [-50.5687, 234.791, 30.6326], "pipPosition": [-48.2753, 236.639, -10.713], "stabilizedTipPosition": [-44.6626, 230.357, -48.8443], "timeVisible": 8.49852, "tipPosition": [-44.6346, 229.75, -49.2141], "tipVelocity": [8.53894, -13.4422, -6.57483], "tool": false, "touchDistance": 0.31961, "touchZone": "hovering", "type": 3, "width": 19.893}, {"bases": [[[0.92424, -0.363073, 0.118149], [0.338276, 0.92216, 0.187592], [-0.177061, -0.133413, 0.975116]], [[0.940146, -0.322448, -0.110242], [0.332719, 0.938483, 0.0924554], [0.0736478, -0.123601, 0.989595]], [[0.940146, -0.322448, -0.110242], [0.308082, 0.942513, -0.129439], [0.145641, 0.0877284, 0.98544]], [[0.940146, -0.322448, -0.110242], [0.28289, 0.918859, -0.275085], [0.189997, 0.227434, 0.955079]]], "btipPosition": [-62.5265, 228.138, -29.6658], "carpPosition": [-60.3349, 221.56, 92.6109], "dipPosition": [-65.5647, 231.775, -14.3931], "direction": [0.145641, -0.0877284, -0.98544], "extended": true, "handId": 758, "id": 7584, "length": 46.8601, "mcpPosition": [-70.6233, 229.313, 35.9502], "pipPosition": [-68.2074, 233.367, 3.48788], "stabilizedTipPosition": [-63.2337, 228.988, -26.1444], "timeVisible": 8.49852, "tipPosition": [-62.3847, 228.542, -25.9409], "tipVelocity": [5.58769, -6.60506, -6.14295], "tool": false, "touchDistance": -0.256374, "touchZone": "touching", "type": 4, "width": 17.6706}], "r": [[0.706913, 0.260064, 0.657754], [-0.27985, 0.956904, -0.0775776], [-0.649583, -0.129232, 0.749227]], "s": 0.913603, "t": [80.204, 27.9451, -106.917], "timestamp": 747203225039}, {"currentFrameRate": 107.509, "devices": [], "gestures": [], "hands": [{"armBasis": [[0.960369, 0.135354, -0.24366], [0.0119677, 0.853346, 0.521208], [0.278474, -0.503468, 0.817907]], "armWidth": 68.2013, "confidence": 1, "direction": [0.0861402, 0.235637, -0.968016], "elbow": [-124.904, 72.7011, 342.93], "grabAngle": 0.374917, "grabStrength": 0, "id": 758, "palmNormal": [-0.0149719, -0.971212, -0.237748], "palmPosition": [-33.3405, 225.335, 49.1796], "palmVelocity": [10.242, -20.6225, -4.09156], "palmWidth": 91.1696, "pinchDistance": 60.3456, "pinchStrength": 0, "r": [[0.706538, 0.261674, 0.657518], [-0.280735, 0.956528, -0.0790061], [-0.649609, -0.128768, 0.749285]], "s": 0.913866, "sphereCenter": [-52.0136, 17.8504, -1.01036], "sphereRadius": 216.299, "stabilizedPalmPosition": [-33.662, 226.492, 49.3732], "t": [-80.1179, 27.7332, -106.956], "timeVisible": 8.50721, "type": "left", "wrist": [-49.5589, 208.922, 121.633]}], "id": 1346987, "interactionBox": {"center": [0, 200, 0], "size": [235.247, 235.247, 147.751]}, "pointables": [{"bases": [[[0.370656, 0.928731, -0.00848856], [-0.77479, 0.314233, 0.548596], [0.512166, -0.196764, 0.836044]], [[0.309301, 0.945197, -0.104573], [-0.773757, 0.314066, 0.550148], [0.552841, -0.0892477, 0.828494]], [[0.309301, 0.945197, -0.104573], [-0.938124, 0.321284, 0.129227], [0.155742, 0.058132, 0.986086]], [[0.309301, 0.945197, -0.104573], [-0.945227, 0.293511, -0.142817], [-0.104297, 0.143018, 0.984209]]], "btipPosition": [12.7704, 204.258, 11.0148], "carpPosition": [-17.5455, 204.738, 105.015], "dipPosition": [15.0347, 207.363, 32.3826], "direction": [0.155742, -0.058132, -0.986086], "extended": false, "handId": 758, "id": 7580, "length": 48.3463, "mcpPosition": [-17.5455, 204.738, 105.015], "pipPositi