{"frames": 115, "data": [{"currentFrameRate": 105.985, "devices": [], "gestures": [], "hands": [{"armBasis": [[0.95837, 0.14785, 0.24427], [-0.186468, -0.323795, 0.92757], [0.216235, -0.934504, -0.282746]], "armWidth": 63.4054, "confidence": 1, "direction": [-0.105864, 0.23103, -0.96717], "elbow": [-87.2848, -114.504, 122.974], "grabAngle": 2.61601, "grabStrength": 0, "id": 807, "palmNormal": [0.632438, -0.73492, -0.244777], "palmPosition": [-26.4098, 160.896, 135.221], "palmVelocity": [0.27186, -0.894126, -0.624672], "palmWidth": 87.9125, "pinchDistance": 63.3796, "pinchStrength": 0, "r": [[0.979662, -0.192995, -0.0549058], [0.152948, 0.895367, -0.41824], [0.129879, 0.401336, 0.906676]], "s": 1.252, "sphereCenter": [-4.46892, 134.353, 106.107], "sphereRadius": 47.9739, "stabilizedPalmPosition": [-31.1408, 159.218, 140.082], "t": [-41.031, -40.5462, -32.7692], "timeVisible": 10.2762, "type": "left", "wrist": [-30.8761, 129.278, 196.733]}], "id": 1370088, "interactionBox": {"center": [0, 200, 0], "size": [235.247, 235.247, 147.751]}, "pointables": [{"bases": [[[0.895104, 0.44585, 0.00272071], [-0.376033, 0.75163, 0.541896], [0.239559, -0.486076, 0.840441]], [[0.820218, 0.542084, -0.182725], [-0.364416, 0.741354, 0.563557], [0.440959, -0.395651, 0.805615]], [[0.820218, 0.542084, -0.182725], [-0.446228, 0.806159, 0.388572], [0.357944, -0.237177, 0.903119]], [[0.820218, 0.542084, -0.182725], [-0.480872, 0.826374, 0.293034], [0.309848, -0.152484, 0.938479]]], "btipPosition": [38.1827, 186.214, 101.041], "carpPosition": [-1.0927, 156.344, 188.726], "dipPosition": [31.4707, 182.911, 121.37], "direction": [0.357944, 0.237177, -0.903119], "extended": true, "handId": 807, "id": 8070, "length": 48.2387, "mcpPosition": [-1.0927, 156.344, 188.726], "pipPosition": [20.1744, 175.426, 149.872], "stabilizedTipPosition": [35.2181, 186.697, 107.181], "timeVisible": 10.2762, "tipPosition": [36.8534, 187.543, 108.144], "tipVelocity": [1.22649, -8.89357, -3.7445], "tool": false, "touchDistance": 0.595275, "touchZone": "hovering", "type": 0, "width": 20.4068}, {"bases": [[[0.774224, -0.589746, -0.22973], [0.62181, 0.776453, 0.102336], [0.118023, -0.22208, 0.967859]], [[0.781625, -0.623462, -0.0188852], [0.623424, 0.781837, -0.0085527], [0.0200974, -0.00508847, 0.999785]], [[0.781625, -0.623462, -0.0188852], [0.618925, 0.778984, -0.100577], [0.0774171, 0.0669249, 0.99475]], [[0.781625, -0.623462, -0.0188852], [0.608803, 0.769135, -0.194397], [0.135724, 0.140448, 0.980741]]], "btipPosition": [-7.04801, 179.917, 36.5003], "carpPosition": [-20.1148, 167.648, 182.819], "dipPosition": [-9.1944, 182.139, 52.0101], "direction": [0.0774171, -0.0669249, -0.99475], "extended": true, "handId": 807, "id": 8071, "length": 54.432, "mcpPosition": [-11.7256, 183.433, 114.022], "pipPosition": [-10.9264, 183.636, 74.2647], "stabilizedTipPosition": [-8.21293, 179.589, 40.3163], "timeVisible": 10.2762, "tipPosition": [-8.88417, 180.987, 40.106], "tipVelocity": [-2.33966, 1.59606, -1.30404], "tool": false, "touchDistance": -0.132941, "touchZone": "touching", "type": 1, "width": 19.4926}, {"bases": [[[0.665628, -0.737995, -0.110914], [0.74619, 0.660508, 0.0832487], [0.0118226, -0.138176, 0.990337]], [[0.665139, -0.744953, -0.0513301], [0.190803, 0.236014, -0.952834], [0.721931, 0.623973, 0.299121]], [[0.665139, -0.744953, -0.0513301], [-0.665335, -0.560037, -0.493647], [0.338997, 0.362496, -0.868146]], [[0.665139, -0.744953, -0.0513301], [-0.723636, -0.660013, 0.201826], [-0.18423, -0.0970982, -0.978075]]], "btipPosition": [8.54139, 135.735, 139.493], "carpPosition": [-30.182, 162.111, 179.732], "dipPosition": [11.7458, 134.046, 122.481], "direction": [0.338997, -0.362496, 0.868146], "extended": false, "handId": 807, "id": 8072, "length": 62.0209, "mcpPosition": [-29.3851, 171.425, 112.976], "pipPosition": [2.82322, 143.587, 99.6305], "stabilizedTipPosition": [5.97823, 134.728, 140.801], "timeVisible": 10.2762, "tipPosition": [9.48433, 135.092, 135.978], "tipVelocity": [0.498269, -1.77135, -3.2818], "tool": false, "touchDistance": 1, "touchZone": "none", "type": 2, "width": 19.1443}, {"bases": [[[0.601955, -0.797963, 0.030073], [0.791836, 0.601352, 0.106639], [-0.103178, -0.0403791, 0.993843]], [[0.594685, -0.798949, 0.0896136], [0.293203, 0.111741, -0.949498], [0.748586, 0.590927, 0.300705]], [[0.594685, -0.798949, 0.0896136], [-0.682054, -0.560379, -0.46987], [0.42562, 0.218304, -0.878175]], [[0.594685, -0.798949, 0.0896136], [-0.799462, -0.575901, 0.170875], [-0.0849121, -0.17326, -0.981209]]], "btipPosition": [-4.52541, 129.483, 144.611], "carpPosition": [-38.6837, 154.078, 177.71], "dipPosition": [-3.05695, 126.486, 127.643], "direction": [0.42562, -0.218304, 0.878175], "extended": false, "handId": 807, "id": 8073, "length": 59.6348, "mcpPosition": [-44.9282, 156.522, 117.561], "pipPosition": [-13.9702, 132.084, 105.125], "stabilizedTipPosition": [-6.95678, 127.657, 144.454], "timeVisible": 10.2762, "tipPosition": [-4.22093, 128.712, 141.137], "tipVelocity": [0.519467, -1.75371, -2.71339], "tool": false, "touchDistance": 1, "touchZone": "none", "type": 3, "width": 18.217}, {"bases": [[[0.446803, -0.885592, 0.126861], [0.863575, 0.463973, 0.1974], [-0.233676, 0.0213552, 0.97208]], [[0.437095, -0.884028, 0.165657], [0.420924, 0.0382923, -0.906287], [0.79484, 0.465863, 0.388846]], [[0.437095, -0.884028, 0.165657], [-0.696547, -0.449236, -0.559472], [0.569008, 0.129155, -0.812126]], [[0.437095, -0.884028, 0.165657], [-0.894093, -0.447082, -0.0267353], [0.0976968, -0.136427, -0.985821]]], "btipPosition": [-17.9056, 124.323, 140.588], "carpPosition": [-42.6877, 140.928, 177.344], "dipPosition": [-19.4643, 122.146, 124.86], "direction": [0.569008, -0.129155, 0.812126], "extended": false, "handId": 807, "id": 8074, "length": 46.7525, "mcpPosition": [-55.7792, 139.732, 122.884], "pipPosition": [-29.7654, 124.485, 110.158], "stabilizedTipPosition": [-20.4259, 123.394, 140.291], "timeVisible": 10.2762, "tipPosition": [-17.9308, 124.792, 137.338], "tipVelocity": [0.408456, -0.772999, -2.46552], "tool": false, "touchDistance": 1, "touchZone": "none", "type": 4, "width": 16.1818}], "r": [[0.979662, -0.192995, -0.0549058], [0.152948, 0.895367, -0.41824], [0.129879, 0.401336, 0.906676]], "s": 1.252, "t": [41.031, -40.5462, -32.7692], "timestamp": 747406946622}, {"currentFrameRate": 106.1, "devices": [], "gestures": [], "hands": [{"armBasis": [[0.958502, 0.147197, 0.244145], [-0.186598, -0.32353, 0.927636], [0.215534, -0.934698, -0.282638]], "armWidth": 63.4054, "confidence": 1, "direction": [-0.106025, 0.230734, -0.967223], "elbow": [-87.0521, -114.59, 122.996], "grabAngle": 2.6158, "grabStrength": 0, "id": 807, "palmNormal": [0.632213, -0.735148, -0.244673], "palmPosition": [-26.3812, 160.843, 135.207], "palmVelocity": [3.10195, -5.77137, -1.51685], "palmWidth": 87.9125, "pinchDistance": 63.3941, "pinchStrength": 0, "r": [[0.979721, -0.192818, -0.0544803], [0.152967, 0.895391, -0.418182], [0.129414, 0.401368, 0.906728]], "s": 1.25157, "sphereCenter": [-4.4791, 134.25, 106.094], "sphereRadius": 47.9801, "stabilizedPalmPosition": [-31.1306, 159.221, 140.072], "t": [-41.0151, -40.5764, -32.7819], "timeVisible": 10.2854, "type": "left", "wrist": [-30.8262, 129.243, 196.728]}], "id": 1370089, "interactionBox": {"center": [0, 200, 0], "size": [235.247, 235.247, 147.751]}, "pointables": [{"bases": [[[0.894999, 0.446059, 0.00277116], [-0.376328, 0.751723, 0.541563], [0.239486, -0.485742, 0.840656]], [[0.819904, 0.542412, -0.183157], [-0.364573, 0.741348, 0.563462], [0.441412, -0.395211, 0.805583]], [[0.819904, 0.542412, -0.183157], [-0.447091, 0.806472, 0.386927], [0.357584, -0.235355, 0.903737]], [[0.819904, 0.542412, -0.183157], [-0.481795, 0.826546, 0.291025], [0.309243, -0.150368, 0.93902]]], "btipPosition": [38.2195, 186.048, 100.993], "carpPosition": [-1.05333, 156.302, 188.708], "dipPosition": [31.5205, 182.79, 121.334], "direction": [0.357584, 0.235355, -0.903737], "extended": true, "handId": 807, "id": 8070, "length": 48.2387, "mcpPosition": [-1.05333, 156.302, 188.708], "pipPosition": [20.2356, 175.363, 149.855], "stabilizedTipPosition": [35.2272, 186.689, 107.172], "timeVisible": 10.2854, "tipPosition": [36.8811, 187.454, 108.094], "tipVelocity": [4.31824, -16.8632, -4.89481], "tool": false, "touchDistance": 0.594523, "touchZone": "hovering", "type": 0, "width": 20.4068}, {"bases": [[[0.774412, -0.589642, -0.229363], [0.621607, 0.776632, 0.102217], [0.11786, -0.221732, 0.967959]], [[0.781763, -0.623308, -0.018281], [0.623262, 0.781964, -0.00880274], [0.0197819, -0.00451221, 0.999794]], [[0.781763, -0.623308, -0.018281], [0.618812, 0.779074, -0.100576], [0.0769319, 0.0673139, 0.994761]], [[0.781763, -0.623308, -0.018281], [0.608804, 0.76926, -0.1939], [0.134922, 0.140454, 0.980851]]], "btipPosition": [-7.05498, 179.822, 36.4733], "carpPosition": [-20.0741, 167.609, 182.801], "dipPosition": [-9.18869, 182.043, 51.9848], "direction": [0.0769319, -0.0673139, -0.994761], "extended": true, "handId": 807, "id": 8071, "length": 54.432, "mcpPosition": [-11.6965, 183.37, 113.997], "pipPosition": [-10.9098, 183.549, 74.2396], "stabilizedTipPosition": [-8.20141, 179.602, 40.3116], "timeVisible": 10.2854, "tipPosition": [-8.87047, 180.897, 40.0814], "tipVelocity": [-0.44022, -10.3445, -2.89273], "tool": false, "touchDistance": -0.133385, "touchZone": "touching", "type": 1, "width": 19.4926}, {"bases": [[[0.665824, -0.737877, -0.110522], [0.746018, 0.660708, 0.083195], [0.0116352, -0.137845, 0.990386]], [[0.665324, -0.744815, -0.0509358], [0.191034, 0.235807, -0.952838], [0.7217, 0.624216, 0.299173]], [[0.665324, -0.744815, -0.0509358], [-0.665011, -0.560265, -0.493826], [0.339272, 0.362427, -0.868067]], [[0.665324, -0.744815, -0.0509358], [-0.723567, -0.660135, 0.201676], [-0.183836, -0.0973244, -0.978127]]], "btipPosition": [8.57125, 135.67, 139.473], "carpPosition": [-30.1433, 162.073, 179.719], "dipPosition": [11.7689, 133.977, 122.459], "direction": [0.339272, -0.362427, 0.868067], "extended": false, "handId": 807, "id": 8072, "length": 62.0209, "mcpPosition": [-29.359, 171.365, 112.959], "pipPosition": [2.83901, 143.516, 99.6114], "stabilizedTipPosition": [5.97956, 134.728, 140.799], "timeVisible": 10.2854, "tipPosition": [9.50695, 135.031, 135.964], "tipVelocity": [3.0705, -7.14511, -2.22407], "tool": false, "touchDistance": 1, "touchZone": "none", "type": 2, "width": 19.1443}, {"bases": [[[0.602134, -0.797813, 0.0304709], [0.791673, 0.601571, 0.106615], [-0.103389, -0.0400735, 0.993833]], [[0.594851, -0.798781, 0.0900103], [0.293397, 0.111502, -0.949466], [0.748379, 0.591199, 0.300687]], [[0.594851, -0.798781, 0.0900103], [-0.681736, -0.56065, -0.470008], [0.425898, 0.218222, -0.87806]], [[0.594851, -0.798781, 0.0900103], [-0.79936, -0.576018, 0.170958], [-0.0847104, -0.173645, -0.981158]]], "btipPosition": [-4.49972, 129.425, 144.6], "carpPosition": [-38.6473, 154.042, 177.701], "dipPosition": [-3.03475, 126.422, 127.632], "direction": [0.425898, -0.218222, 0.878061], "extended": false, "handId": 807, "id": 8073, "length": 59.6348, "mcpPosition": [-44.9046, 156.467, 117.553], "pipPosition": [-13.9551, 132.018, 105.118], "stabilizedTipPosition": [-6.95518, 127.657, 144.452], "timeVisible": 10.2854, "tipPosition": [-4.1985, 128.656, 141.129], "tipVelocity": [2.70125, -6.37676, -1.22287], "tool": false, "touchDistance": 1, "touchZone": "none", "type": 3, "width": 18.217}, {"bases": [[[0.446981, -0.885446, 0.127254], [0.863424, 0.464239, 0.197438], [-0.233897, 0.0216232, 0.972021]], [[0.437175, -0.883851, 0.166386], [0.421309, 0.0378108, -0.906129], [0.794592, 0.466237, 0.388905]], [[0.437175, -0.883851, 0.166386], [-0.696264, -0.449706, -0.559447], [0.569293, 0.128728, -0.811994]], [[0.437175, -0.883851, 0.166386], [-0.894005, -0.447252, -0.0268499], [0.0981477, -0.137012, -0.985695]]], "btipPosition": [-17.8805, 124.277, 140.582], "carpPosition": [-42.6544, 140.893, 177.34], "dipPosition": [-19.4463, 122.092, 124.856], "direction": [0.569293, -0.128728, 0.811994], "extended": false, "handId": 807, "id": 8074, "length": 46.7525, "mcpPosition": [-55.7582, 139.681, 122.884], "pipPosition": [-29.7526, 124.422, 110.156], "stabilizedTipPosition": [-20.4248, 123.395, 140.289], "timeVisible": 10.2854, "tipPosition": [-17.9103, 124.737, 137.334], "tipVelocity": [2.5515, -5.18578, -0.684119], "tool": false, "touchDistance": 1, "touchZone": "none", "type": 4, "width": 16.1818}], "r": [[0.979721, -0.192818, -0.0544803], [0.152967, 0.895391, -0.418182], [0.129414, 0.401368, 0.906728]], "s": 1.25157, "t": [41.0151, -40.5764, -32.7819], "timestamp": 747406955835}, {"currentFrameRate": 106.765, "devices": [], "gestures": [], "hands": [{"armBasis": [[0.95892, 0.1465, 0.242918], [-0.185779, -0.322817, 0.928049], [0.214378, -0.935055, -0.282339]], "armWidth": 63.4054, "confidence": 1, "direction": [-0.105236, 0.229936, -0.967499], "elbow": [-86.7552, -114.734, 123.074], "grabAngle": 2.61577, "grabStrength": 0, "id": 807, "palmNormal": [0.631929, -0.73575, -0.243594], "palmPosition": [-26.3489, 160.74, 135.187], "palmVelocity": [3.96515, -12.6794, -2.52894], "palmWidth": 87.9125, "pinchDistance": 63.42, "pinchStrength": 0, "r": [[0.979784, -0.192566, -0.0542368], [0.152816, 0.895354, -0.418316], [0.129115, 0.401571, 0.906681]], "s": 1.25121, "sphereCenter": [-4.46078, 134.087, 106.108], "sphereRadius": 47.9861, "stabilizedPalmPosition": [-31.1205, 159.224, 140.062], "t": [-40.9909, -40.6432, -32.7986], "timeVisible": 10.2936, "type": "left", "wrist": [-30.8309, 129.192, 196.727]}], "id": 1370090, "interactionBox": {"center": [0, 200, 0], "size": [235.247, 235.247, 147.751]}, "pointables": [{"bases": [[[0.894729, 0.446605, 0.00177347], [-0.376422, 0.751976, 0.541145], [0.240345, -0.484846, 0.840927]], [[0.819381, 0.542807, -0.184322], [-0.364281, 0.741309, 0.563702], [0.442621, -0.394742, 0.805149]], [[0.819381, 0.542807, -0.184322], [-0.447686, 0.80675, 0.385657], [0.358039, -0.233482, 0.904043]], [[0.819381, 0.542807, -0.184322], [-0.482714, 0.826763, 0.288876], [0.309195, -0.147725, 0.939455]]], "btipPosition": [38.2848, 185.838, 100.995], "carpPosition": [-1.05966, 156.231, 188.708], "dipPosition": [31.5869, 182.638, 121.346], "direction": [0.358039, 0.233482, -0.904043], "extended": true, "handId": 807, "id": 8070, "length": 48.2387, "mcpPosition": [-1.05966, 156.231, 188.708], "pipPosition": [20.2876, 175.269, 149.876], "stabilizedTipPosition": [35.2364, 186.679, 107.163], "timeVisible": 10.2936, "tipPosition": [36.9473, 187.284, 108.088], "tipVelocity": [8.04891, -24.1582, 0.544668], "tool": false, "touchDistance": 0.594597, "touchZone": "hovering", "type": 0, "width": 20.4068}, {"bases": [[[0.774617, -0.589375, -0.229357], [0.621202, 0.777101, 0.101108], [0.118643, -0.220797, 0.968077]], [[0.782102, -0.622899, -0.0176889], [0.622825, 0.782296, -0.0101054], [0.0201326, -0.0031136, 0.999792]], [[0.782102, -0.622899, -0.0176889], [0.618387, 0.779314, -0.101326], [0.0769011, 0.0683088, 0.994696]], [[0.782102, -0.622899, -0.0176889], [0.608395, 0.769416, -0.194563], [0.134803, 0.141407, 0.98073]]], "btipPosition": [-6.98338, 179.598, 36.4459], "carpPosition": [-20.0696, 167.544, 182.779], "dipPosition": [-9.11521, 181.834, 51.9555], "direction": [0.0769011, -0.0683088, -0.994696], "extended": true, "handId": 807, "id": 8071, "length": 54.432, "mcpPosition": [-11.6362, 183.239, 113.966], "pipPosition": [-10.8356, 183.363, 74.2089], "stabilizedTipPosition": [-8.18909, 179.61, 40.3065], "timeVisible": 10.2936, "tipPosition": [-8.75865, 180.697, 40.0546], "tipVelocity": [8.84367, -27.0843, -3.41408], "tool": false, "touchDistance": -0.133849, "touchZone": "touching", "type": 1, "width": 19.4926}, {"bases": [[[0.666199, -0.737571, -0.110311], [0.745671, 0.661236, 0.0821059], [0.0123829, -0.136955, 0.9905]], [[0.665743, -0.744456, -0.0507184], [0.190269, 0.235089, -0.953169], [0.721515, 0.624915, 0.298156]], [[0.665743, -0.744456, -0.0507184], [-0.664986, -0.561094, -0.492917], [0.338497, 0.361883, -0.868597]], [[0.665743, -0.744456, -0.0507184], [-0.723021, -0.660391, 0.202791], [-0.184463, -0.0983362, -0.977908]]], "btipPosition": [8.58533, 135.549, 139.496], "carpPosition": [-30.1401, 162.012, 179.695], "dipPosition": [11.7938, 133.839, 122.487], "direction": [0.338497, -0.361883, 0.868597], "extended": false, "handId": 807, "id": 8072, "length": 62.0209, "mcpPosition": [-29.3054, 171.244, 112.927], "pipPosition": [2.88439, 143.364, 99.6248], "stabilizedTipPosition": [5.98128, 134.728, 140.796], "timeVisible": 10.2936, "tipPosition": [9.52298, 134.907, 135.991], "tipVelocity": [2.03658, -15.3021, 2.99588], "tool": false, "touchDistance": 1, "touchZone": "none", "type": 2, "width": 19.1443}, {"bases": [[[0.60264, -0.797419, 0.0307778], [0.791377, 0.602147, 0.105548], [-0.102699, -0.0392506, 0.993938]], [[0.595397, -0.798338, 0.0903229], [0.292702, 0.110842, -0.949758], [0.748216, 0.591921, 0.29967]], [[0.595397, -0.798338, 0.0903229], [-0.681724, -0.561491, -0.469019], [0.425152, 0.217677, -0.878557]], [[0.595397, -0.798338, 0.0903229], [-0.798891, -0.576344, 0.172047], [-0.0852949, -0.174595, -0.980939]]], "btipPosition": [-4.49422, 129.318, 144.622], "carpPosition": [-38.6476, 153.984, 177.678], "dipPosition": [-3.01914, 126.299, 127.658], "direction": [0.425152, -0.217677, 0.878557], "extended": false, "handId": 807, "id": 8073, "length": 59.6348, "mcpPosition": [-44.8631, 156.359, 117.524], "pipPosition": [-13.9204, 131.88, 105.131], "stabilizedTipPosition": [-6.95326, 127.658, 144.45], "timeVisible": 10.2936, "tipPosition": [-4.18978, 128.544, 141.152], "tipVelocity": [0.960985, -13.6254, 2.79336], "tool": false, "touchDistance": 1, "touchZone": "none", "type": 3, "width": 18.217}, {"bases": [[[0.447605, -0.88506, 0.127743], [0.863273, 0.46494, 0.196445], [-0.233258, 0.0223473, 0.972158]], [[0.43755, -0.883373, 0.167938], [0.421164, 0.0363218, -0.906257], [0.794463, 0.467262, 0.387937]], [[0.43755, -0.883373, 0.167938], [-0.696336, -0.451042, -0.558281], [0.568917, 0.127335, -0.812477]], [[0.43755, -0.883373, 0.167938], [-0.893856, -0.44762, -0.0256585], [0.0978383, -0.138885, -0.985464]]], "btipPosition": [-17.8687, 124.203, 140.597], "carpPosition": [-42.6625, 140.837, 177.327], "dipPosition": [-19.4297, 121.987, 124.875], "direction": [0.568917, -0.127335, 0.812477], "extended": false, "handId": 807, "id": 8074, "length": 46.7525, "mcpPosition": [-55.7306, 139.585, 122.862], "pipPosition": [-29.7291, 124.292, 110.166], "stabilizedTipPosition": [-20.4234, 123.395, 140.287], "timeVisible": 10.2936, "tipPosition": [-17.902, 124.629, 137.351], "tipVelocity": [1.57742, -10.0274, 1.97936], "tool": false, "touchDistance": 1, "touchZone": "none", "type": 4, "width": 16.1818}], "r": [[0.979784, -0.192566, -0.0542368], [0.152816, 0.895354, -0.418316], [0.129115, 0.401571, 0.906681]], "s": 1.25121, "t": [40.9909, -40.6432, -32.7986], "timestamp": 747406963980}, {"currentFrameRate": 106.846, "devices": [], "gestures": [], "hands": [{"armBasis": [[0.959237, 0.145537, 0.242247], [-0.185401, -0.32286, 0.92811], [0.213286, -0.93519, -0.282716]], "armWidth": 63.4054, "confidence": 1, "direction": [-0.104859, 0.229966, -0.967533], "elbow": [-86.4766, -114.823, 122.945], "grabAngle": 2.61591, "grabStrength": 0, "id": 807, "palmNormal": [0.631896, -0.735848, -0.243382], "palmPosition": [-26.346, 160.69, 135.162], "palmVelocity": [0.311377, -5.47224, -2.68947], "palmWidth": 87.9125, "pinchDistance": 63.4322, "pinchStrength": 0, "r": [[0.979837, -0.192334, -0.0541116], [0.152638, 0.895331, -0.418431], [0.128926, 0.401735, 0.906635]], "s": 1.25094, "sphereCenter": [-4.46657, 134.021, 106.089], "sphereRadius": 47.991, "stabilizedPalmPosition": [-31.1091, 159.228, 140.05], "t": [-40.9774, -40.7017, -32.8193], "timeVisible": 10.3028, "type": "left", "wrist": [-30.8373, 129.138, 196.696]}], "id": 1370091, "interactionBox": {"center": [0, 200, 0], "size": [235.247, 235.247, 147.751]}, "pointables": [{"bases": [[[0.894658, 0.446749, 0.00146516], [-0.376353, 0.751908, 0.541288], [0.240718, -0.484819, 0.840836]], [[0.819224, 0.542946, -0.184613], [-0.363958, 0.741025, 0.564283], [0.443178, -0.395083, 0.804675]], [[0.819224, 0.542946, -0.184613], [-0.447961, 0.806854, 0.38512], [0.358055, -0.2328, 0.904213]], [[0.819224, 0.542946, -0.184613], [-0.483019, 0.826808, 0.288237], [0.309137, -0.146959, 0.939594]]], "btipPosition": [38.2942, 185.761, 100.994], "carpPosition": [-1.07633, 156.176, 188.692], "dipPosition": [31.5976, 182.577, 121.347], "direction": [0.358055, 0.2328, -0.904213], "extended": true, "handId": 807, "id": 8070, "length": 48.2387, "mcpPosition": [-1.07633, 156.176, 188.692], "pipPosition": [20.2978, 175.231, 149.883], "stabilizedTipPosition": [35.2472, 186.667, 107.152], "timeVisible": 10.3028, "tipPosition": [36.9638, 187.222, 108.083], "tipVelocity": [1.05739, -7.9324, -0.0832902], "tool": false, "touchDistance": 0.594584, "touchZone": "hovering", "type": 0, "width": 20.4068}, {"bases": [[[0.774631, -0.589248, -0.229638], [0.621113, 0.777199, 0.1009], [0.119019, -0.220791, 0.968032]], [[0.782176, -0.622811, -0.0175574], [0.622732, 0.782367, -0.0103337], [0.0201723, -0.00285077, 0.999792]], [[0.782176, -0.622811, -0.0175574], [0.618309, 0.779378, -0.10131], [0.0767806, 0.068386, 0.9947]], [[0.782176, -0.622811, -0.0175574], [0.608363, 0.769509, -0.194296], [0.13452, 0.141292, 0.980786]]], "btipPosition": [-6.97504, 179.535, 36.4256], "carpPosition": [-20.0823, 167.492, 182.756], "dipPosition": [-9.10239, 181.77, 51.9362], "direction": [0.0767806, -0.068386, -0.9947], "extended": true, "handId": 807, "id": 8071, "length": 54.432, "mcpPosition": [-11.6223, 183.186, 113.947], "pipPosition": [-10.8201, 183.3, 74.1896], "stabilizedTipPosition": [-8.17581, 179.618, 40.3008], "timeVisible": 10.3028, "tipPosition": [-8.71646, 180.644, 40.0362], "tipVelocity": [1.01738, -6.86697, -2.17635], "tool": false, "touchDistance": -0.134183, "touchZone": "touching", "type": 1, "width": 19.4926}, {"bases": [[[0.666278, -0.737462, -0.110556], [0.745594, 0.661354, 0.081853], [0.0127531, -0.136967, 0.990494]], [[0.665844, -0.744348, -0.0509629], [0.189769, 0.235023, -0.953285], [0.721553, 0.625068, 0.297743]], [[0.665844, -0.744348, -0.0509629], [-0.66509, -0.561216, -0.492638], [0.338093, 0.361915, -0.868741]], [[0.665844, -0.744348, -0.0509629], [-0.722798, -0.660485, 0.20328], [-0.184971, -0.098517, -0.977793]]], "btipPosition": [8.57993, 135.495, 139.491], "carpPosition": [-30.1527, 161.961, 179.669], "dipPosition": [11.7973, 133.781, 122.483], "direction": [0.338093, -0.361915, 0.868741], "extended": false, "handId": 807, "id": 8072, "length": 62.0209, "mcpPosition": [-29.293, 171.194, 112.901], "pipPosition": [2.89847, 143.307, 99.6176], "stabilizedTipPosition": [5.98397, 134.729, 140.792], "timeVisible": 10.3028, "tipPosition": [9.52132, 134.851, 135.978], "tipVelocity": [-0.36589, -5.95706, -0.537449], "tool": false, "touchDistance": 1, "touchZone": "none", "type": 2, "width": 19.1443}, {"bases": [[[0.602779, -0.797323, 0.0305547], [0.791318, 0.602273, 0.105278], [-0.102343, -0.0392809, 0.993973]], [[0.595557, -0.798244, 0.0901024], [0.292181, 0.110768, -0.949927], [0.748293, 0.592062, 0.299201]], [[0.595557, -0.798244, 0.0901024], [-0.681861, -0.561626, -0.468659], [0.424708, 0.217676, -0.878772]], [[0.595557, -0.798244, 0.0901024], [-0.798704, -0.576405, 0.172713], [-0.0859317, -0.174826, -0.980842]]], "btipPosition": [-4.50507, 129.269, 144.614], "carpPosition": [-38.6608, 153.935, 177.649], "dipPosition": [-3.01898, 126.246, 127.651], "direction": [0.424708, -0.217676, 0.878772], "extended": false, "handId": 807, "id": 8073, "length": 59.6348, "mcpPosition": [-44.8547, 156.312, 117.492], "pipPosition": [-13.9089, 131.827, 105.119], "stabilizedTipPosition": [-6.95047, 127.659, 144.446], "timeVisible": 10.3028, "tipPosition": [-4.19415, 128.49, 141.134], "tipVelocity": [-0.903319, -5.41664, -0.837557], "tool": false, "touchDistance": 1, "touchZone": "none", "type": 3, "width": 18.217}, {"bases": [[[0.447792, -0.88499, 0.127573], [0.863267, 0.465076, 0.196148], [-0.23292, 0.0222963, 0.97224]], [[0.437578, -0.883264, 0.168434], [0.420929, 0.0356886, -0.906391], [0.794572, 0.467516, 0.387408]], [[0.437578, -0.883264, 0.168434], [-0.69655, -0.451428, -0.557701], [0.568633, 0.126716, -0.812773]], [[0.437578, -0.883264, 0.168434], [-0.893884, -0.447602, -0.0249778], [0.0974533, -0.13963, -0.985396]]], "btipPosition": [-17.8726, 124.172, 140.583], "carpPosition": [-42.6776, 140.788, 177.296], "dipPosition": [-19.4274, 121.944, 124.862], "direction": [0.568633, -0.126716, 0.812773], "extended": false, "handId": 807, "id": 8074, "length": 46.7525, "mcpPosition": [-55.7267, 139.539, 122.827], "pipPosition": [-29.7217, 124.238, 110.148], "stabilizedTipPosition": [-20.4216, 123.395, 140.284], "timeVisible": 10.3028, "tipPosition": [-17.9061, 124.576, 137.328], "tipVelocity": [-0.269551, -3.63255, -1.47154], "tool": false, "touchDistance": 1, "touchZone": "none", "type": 4, "width": 16.1818}], "r": [[0.979837, -0.192334, -0.0541116], [0.152638, 0.895331, -0.418431], [0.128926, 0.401735, 0.906635]], "s": 1.25094, "t": [40.9774, -40.7017, -32.8193], "timestamp": 747406973191}, {"currentFrameRate": 107.486, "devices": [], "gestures": [], "hands": [{"armBasis": [[0.959493, 0.144796, 0.241676], [-0.185021, -0.323059, 0.928116], [0.212463, -0.935236, -0.283183]], "armWidth": 63.4054, "confidence": 1, "direction": [-0.104457, 0.230179, -0.967526], "elbow": [-86.2562, -114.887, 122.774], "grabAngle": 2.61626, "grabStrength": 0, "id": 807, "palmNormal": [0.632035, -0.735763, -0.243278], "palmPosition": [-26.3254, 160.654, 135.124], "palmVelocity": [2.53671, -4.31619, -4.72282], "palmWidth": 87.9125, "pinchDistance": 63.451, "pinchStrength": 0, "r": [[0.979872, -0.192154, -0.0541036], [0.152468, 0.895329, -0.418497], [0.128856, 0.401824, 0.906605]], "s": 1.25074, "sphereCenter": [-4.45112, 133.975, 106.053], "sphereRadius": 47.9977, "stabilizedPalmPosition": [-31.0999, 159.231, 140.04], "t": [-40.9604, -40.7486, -32.8488], "timeVisible": 10.3109, "type": "left", "wrist": [-30.8313, 129.086, 196.647]}], "id": 1370092, "interactionBox": {"center": [0, 200, 0], "size": [235.247, 235.247, 147.751]}, "pointables": [{"bases": [[[0.89468, 0.446706, 0.00118411], [-0.376086, 0.751804, 0.541618], [0.241054, -0.48502, 0.840624]], [[0.819098, 0.543012, -0.184977], [-0.363472, 0.740734, 0.564978], [0.443809, -0.395539, 0.804104]], [[0.819098, 0.543012, -0.184977], [-0.448038, 0.806938, 0.384854], [0.358245, -0.232357, 0.904252]], [[0.819098, 0.543012, -0.184977], [-0.483252, 0.82691, 0.287553], [0.309104, -0.146143, 0.939732]]], "btipPosition": [38.3279, 185.705, 100.988], "carpPosition": [-1.0783, 156.13, 188.663], "dipPosition": [31.632, 182.54, 121.345], "direction": [0.358245, 0.232357, -0.904252], "extended": true, "handId": 807, "id": 8070, "length": 48.2387, "mcpPosition": [-1.0783, 156.13, 188.663], "pipPosition": [20.3263, 175.207, 149.882], "stabilizedTipPosition": [35.2571, 186.656, 107.143], "timeVisible": 10.3109, "tipPosition": [36.9943, 187.192, 108.073], "tipVelocity": [4.16142, -6.34059, -0.571868], "tool": false, "touchDistance": 0.594507, "touchZone": "hovering", "type": 0, "width": 20.4068}, {"bases": [[[0.774505, -0.589233, -0.230101], [0.621193, 0.777147, 0.10081], [0.119421, -0.221015, 0.967931]], [[0.782116, -0.622885, -0.0175715], [0.622802, 0.782309, -0.0105272], [0.0203036, -0.00271005, 0.99979]], [[0.782116, -0.622885, -0.0175715], [0.618386, 0.779323, -0.101264], [0.0767697, 0.0683342, 0.994704]], [[0.782116, -0.622885, -0.0175715], [0.608499, 0.76952, -0.193827], [0.134254, 0.140903, 0.980878]]], "btipPosition": [-6.94565, 179.507, 36.3971], "carpPosition": [-20.0823, 167.447, 182.722], "dipPosition": [-9.06879, 181.736, 51.909], "direction": [0.0767697, -0.0683342, -0.994704], "extended": true, "handId": 807, "id": 8071, "length": 54.432, "mcpPosition": [-11.5937, 183.157, 113.92], "pipPosition": [-10.7863, 183.264, 74.1626], "stabilizedTipPosition": [-8.16505, 179.624, 40.2959], "timeVisible": 10.3109, "tipPosition": [-8.65341, 180.629, 40.0097], "tipVelocity": [3.72998, -3.60812, -3.46933], "tool": false, "touchDistance": -0.134654, "touchZone": "touching", "type": 1, "width": 19.4926}, {"bases": [[[0.666196, -0.737469, -0.111006], [0.74566, 0.661301, 0.0816837], [0.0131689, -0.13719, 0.990457]], [[0.665787, -0.744368, -0.0514141], [0.189091, 0.234983, -0.953429], [0.721784, 0.625059, 0.297202]], [[0.665787, -0.744368, -0.0514141], [-0.665343, -0.561092, -0.492437], [0.337706, 0.362066, -0.868828]], [[0.665787, -0.744368, -0.0514141], [-0.72265, -0.660447, 0.203929], [-0.185755, -0.0986192, -0.977635]]], "btipPosition": [8.59605, 135.463, 139.477], "carpPosition": [-30.151, 161.916, 179.629], "dipPosition": [11.827, 133.747, 122.472], "direction": [0.337706, -0.362066, 0.868828], "extended": false, "handId": 807, "id": 8072, "length": 62.0209, "mcpPosition": [-29.2633, 171.164, 112.864], "pipPosition": [2.93839, 143.277, 99.6044], "stabilizedTipPosition": [5.98682, 134.729, 140.787], "timeVisible": 10.3109, "tipPosition": [9.54261, 134.817, 135.949], "tipVelocity": [2.36585, -3.99072, -1.60237], "tool": false, "touchDistance": 1, "touchZone": "none", "type": 2, "width": 19.1443}, {"bases": [[[0.602754, -0.797359, 0.0301186], [0.791391, 0.602212, 0.105076], [-0.101921, -0.0394995, 0.994008]], [[0.595558, -0.798292, 0.0896691], [0.29143, 0.11069, -0.950167], [0.748585, 0.592011, 0.298568]], [[0.595558, -0.798292, 0.0896691], [-0.682176, -0.561534, -0.468311], [0.424201, 0.217736, -0.879002]], [[0.595558, -0.798292, 0.0896691], [-0.798586, -0.576263, 0.173726], [-0.0870108, -0.175072, -0.980703]]], "btipPosition": [-4.49624, 129.242, 144.596], "carpPosition": [-38.6579, 153.889, 177.604], "dipPosition": [-2.99149, 126.214, 127.636], "direction": [0.424201, -0.217736, 0.879002], "extended": false, "handId": 807, "id": 8073, "length": 59.6348, "mcpPosition": [-44.8263, 156.28, 117.445], "pipPosition": [-13.8684, 131.797, 105.098], "stabilizedTipPosition": [-6.94777, 127.66, 144.442], "timeVisible": 10.3109, "tipPosition": [-4.1745, 128.455, 141.097], "tipVelocity": [1.61238, -3.46592, -2.10124], "tool": false, "touchDistance": 1, "touchZone": "none", "type": 3, "width": 18.217}, {"bases": [[[0.447805, -0.88504, 0.127183], [0.863373, 0.464991, 0.195884], [-0.232504, 0.0220888, 0.972344]], [[0.437503, -0.883298, 0.168454], [0.420357, 0.0352941, -0.906672], [0.794916, 0.467482, 0.386742]], [[0.437503, -0.883298, 0.168454], [-0.697004, -0.451474, -0.557097], [0.568135, 0.126319, -0.813183]], [[0.437503, -0.883298, 0.168454], [-0.894007, -0.447404, -0.024102], [0.0966561, -0.140054, -0.985415]]], "btipPosition": [-17.8562, 124.153, 140.557], "carpPosition": [-42.674, 140.743, 177.246], "dipPosition": [-19.3983, 121.919, 124.835], "direction": [0.568135, -0.126319, 0.813183], "extended": false, "handId": 807, "id": 8074, "length": 46.7525, "mcpPosition": [-55.6998, 139.505, 122.771], "pipPosition": [-29.6836, 124.206, 110.114], "stabilizedTipPosition": [-20.4199, 123.395, 140.282], "timeVisible": 10.3109, "tipPosition": [-17.8852, 124.539, 137.284], "tipVelocity": [2.37718, -2.48905, -3.22697], "tool": false, "touchDistance": 1, "touchZone": "none", "type": 4, "width": 16.1818}], "r": [[0.979872, -0.192154, -0.0541036], [0.152468, 0.895329, -0.418497], [0.128856, 0.401824, 0.906605]], "s": 1.25074, "t": [40.9604, -40.7486, -32.8488], "timestamp": 747406981329}, {"currentFrameRate": 107.832, "devices": [], "gestures": [], "hands": [{"armBasis": [[0.959976, 0.143614, 0.240461], [-0.184318, -0.322501, 0.92845], [0.210888, -0.935611, -0.283123]], "armWidth": 63.4054, "confidence": 1, "direction": [-0.103732, 0.229591, -0.967744], "elbow": [-85.8561, -114.962, 122.823], "grabAngle": 2.61642, "grabStrength": 0, "id": 807, "palmNormal": [0.632157, -0.73596, -0.242363], "palmPosition": [-26.3109, 160.644, 135.147], "palmVelocity": [1.67221, -1.23528, 2.64291], "palmWidth": 87.9125, "pinchDistance": 63.4729, "pinchStrength": 0, "r": [[0.979896, -0.192003, -0.0542168], [0.152258, 0.895279, -0.418681], [0.128927, 0.402009, 0.906513]], "s": 1.25055, "sphereCenter": [-4.44098, 133.916, 106.106], "sphereRadius": 48.0042, "stabilizedPalmPosition": [-31.0917, 159.233, 140.032], "t": [-40.9446, -40.7774, -32.8522], "timeVisible": 10.3196, "type": "left", "wrist": [-30.8422, 129.109, 196.681]}], "id": 1370093, "interactionBox": {"center": [0, 200, 0], "size": [235.247, 235.247, 147.751]}, "pointables": [{"bases": [[[0.894647, 0.446774, 0.000254779], [-0.375747, 0.752109, 0.541429], [0.241705, -0.484484, 0.840746]], [[0.818828, 0.54304, -0.186088], [-0.362915, 0.740885, 0.565139], [0.444762, -0.395217, 0.803735]], [[0.818828, 0.54304, -0.186088], [-0.448123, 0.807296, 0.384004], [0.358757, -0.231043, 0.904385]], [[0.818828, 0.54304, -0.186088], [-0.483562, 0.827208, 0.286172], [0.309336, -0.144341, 0.939934]]], "btipPosition": [38.3701, 185.63, 101.042], "carpPosition": [-1.10334, 156.15, 188.708], "dipPosition": [31.6692, 182.503, 121.403], "direction": [0.358757, 0.231043, -0.904385], "extended": true, "handId": 807, "id": 8070, "length": 48.2387, "mcpPosition": [-1.10334, 156.15, 188.708], "pipPosition": [20.3472, 175.212, 149.944], "stabilizedTipPosition": [35.2669, 186.646, 107.134], "timeVisible": 10.3196, "tipPosition": [37.0301, 187.155, 108.121], "tipVelocity": [4.74369, -7.7026, 6.27984], "tool": false, "touchDistance": 0.595411, "touchZone": "hovering", "type": 0, "width": 20.4068}, {"bases": [[[0.774381, -0.589316, -0.230304], [0.621207, 0.777255, 0.0998771], [0.120146, -0.220409, 0.96798]], [[0.782121, -0.622891, -0.0171598], [0.622785, 0.782307, -0.0116103], [0.0206561, -0.00160622, 0.999785]], [[0.782121, -0.622891, -0.0171598], [0.61835, 0.779233, -0.102174], [0.0770145, 0.0693014, 0.994619]], [[0.782121, -0.622891, -0.0171598], [0.608473, 0.769375, -0.19448], [0.134342, 0.141665, 0.980756]]], "btipPosition": [-6.89311, 179.405, 36.4209], "carpPosition": [-20.1021, 167.465, 182.745], "dipPosition": [-9.01764, 181.645, 51.9309], "direction": [0.0770145, -0.0693014, -0.994619], "extended": true, "handId": 807, "id": 8071, "length": 54.432, "mcpPosition": [-11.562, 183.132, 113.94], "pipPosition": [-10.7406, 183.196, 74.1826], "stabilizedTipPosition": [-8.15292, 179.629, 40.2911], "timeVisible": 10.3196, "tipPosition": [-8.56444, 180.557, 40.0331], "tipVelocity": [6.04053, -11.5272, 2.70287], "tool": false, "touchDistance": -0.134264, "touchZone": "touching", "type": 1, "width": 19.4926}, {"bases": [[[0.666171, -0.737487, -0.111038], [0.74567, 0.661407, 0.0807311], [0.0139034, -0.136579, 0.990532]], [[0.665806, -0.74435, -0.0514424], [0.188304, 0.234348, -0.953742], [0.721973, 0.62532, 0.296194]], [[0.665806, -0.74435, -0.0514424], [-0.665653, -0.561437, -0.491624], [0.337059, 0.361569, -0.869287]], [[0.665806, -0.74435, -0.0514424], [-0.722417, -0.660358, 0.205042], [-0.186593, -0.0993551, -0.9774]]], "btipPosition": [8.60437, 135.453, 139.544], "carpPosition": [-30.169, 161.933, 179.648], "dipPosition": [11.8499, 133.725, 122.544], "direction": [0.337059, -0.361569, 0.869287], "extended": false, "handId": 807, "id": 8072, "length": 62.0209, "mcpPosition": [-29.2318, 171.14, 112.878], "pipPosition": [2.97834, 143.241, 99.6636], "stabilizedTipPosition": [5.98907, 134.729, 140.784], "timeVisible": 10.3196, "tipPosition": [9.55446, 134.805, 136.013], "tipVelocity": [1.35032, -1.48605, 7.88191], "tool": false, "touchDistance": 1, "touchZone": "none", "type": 2, "width": 19.1443}, {"bases": [[[0.602836, -0.797295, 0.030169], [0.791422, 0.602336, 0.104126], [-0.101191, -0.0388948, 0.994106]], [[0.595683, -0.798192, 0.0897253], [0.290627, 0.110048, -0.950487], [0.748797, 0.592266, 0.29753]], [[0.595683, -0.798192, 0.0897253], [-0.682541, -0.561907, -0.46733], [0.423437, 0.21714, -0.879518]], [[0.595683, -0.798192, 0.0897253], [-0.79838, -0.576144, 0.175068], [-0.0880431, -0.17592, -0.980459]]], "btipPosition": [-4.49787, 129.241, 144.66], "carpPosition": [-38.675, 153.906, 177.622], "dipPosition": [-2.97527, 126.199, 127.704], "direction": [0.423437, -0.21714, 0.879518], "extended": false, "handId": 807, "id": 8073, "length": 59.6348, "mcpPosition": [-44.7993, 156.26, 117.457], "pipPosition": [-13.8326, 131.767, 105.153], "stabilizedTipPosition": [-6.94573, 127.661, 144.44], "timeVisible": 10.3196, "tipPosition": [-4.16683, 128.446, 141.156], "tipVelocity": [0.286422, -0.477471, 7.51009], "tool": false, "touchDistance": 1, "touchZone": "none", "type": 3, "width": 18.217}, {"bases": [[[0.447964, -0.884928, 0.127401], [0.863481, 0.465176, 0.194966], [-0.231795, 0.0226703, 0.9725]], [[0.437433, -0.883098, 0.169678], [0.420041, 0.0338155, -0.906875], [0.795122, 0.467969, 0.385729]], [[0.437433, -0.883098, 0.169678], [-0.697394, -0.452269, -0.555962], [0.567709, 0.124863, -0.813705]], [[0.437433, -0.883098, 0.169678], [-0.894102, -0.447279, -0.0228783], [0.0960974, -0.141702, -0.985234]]], "btipPosition": [-17.8442, 124.174, 140.611], "carpPosition": [-42.6918, 140.759, 177.269], "dipPosition": [-19.3774, 121.913, 124.892], "direction": [0.567709, -0.124863, 0.813705], "extended": false, "handId": 807, "id": 8074, "length": 46.7525, "mcpPosition": [-55.6779, 139.489, 122.786], "pipPosition": [-29.6549, 124.174, 110.161], "stabilizedTipPosition": [-20.4186, 123.395, 140.28], "timeVisible": 10.3196, "tipPosition": [-17.8755, 124.528, 137.335], "tipVelocity": [1.6274, 1.68841, 6.33516], "tool": false, "touchDistance": 1, "touchZone": "none", "type": 4, "width": 16.1818}], "r": [[0.979896, -0.192003, -0.0542168], [0.152258, 0.895279, -0.418681], [0.128927, 0.402009, 0.906513]], "s": 1.25055, "t": [40.9446, -40.7774, -32.8522], "timestamp": 747406989975}, {"currentFrameRate": 108.135, "devices": [], "gestures": [], "hands": [{"armBasis": [[0.960287, 0.142295, 0.240004], [-0.184297, -0.322342, 0.92851], [0.209486, -0.935867, -0.283316]], "armWidth": 63.4054, "confidence": 1, "direction": [-0.103698, 0.229435, -0.967784], "elbow": [-85.4505, -115.034, 122.727], "grabAngle": 2.61667, "grabStrength": 0, "id": 807, "palmNormal": [0.63226, -0.735921, -0.242213], "palmPosition": [-26.2905, 160.634, 135.1], "palmVelocity": [2.35061, -1.07082, -5.35086], "palmWidth": 87.9125, "pinchDistance": 63.4564, "pinchStrength": 0, "r": [[0.979909, -0.191907, -0.0543142], [0.152105, 0.895222, -0.418857], [0.129005, 0.402181, 0.906426]], "s": 1.25036, "sphereCenter": [-4.43854, 133.86, 106.065], "sphereRadius": 48.0124, "stabilizedPalmPosition": [-31.0853, 159.235, 140.025], "t": [-40.9265, -40.7964, -32.8771], "timeVisible": 10.3283, "type": "left", "wrist": [-30.8024, 129.104, 196.635]}], "id": 1370094, "interactionBox": {"center": [0, 200, 0], "size": [235.247, 235.247, 147.751]}, "pointables": [{"bases": [[[0.8947, 0.446667, 0.000131451], [-0.375623, 0.752235, 0.541342], [0.241701, -0.484388, 0.840803]], [[0.818975, 0.542834, -0.186043], [-0.362604, 0.740839, 0.565399], [0.444745, -0.395587, 0.803562]], [[0.818975, 0.542834, -0.186043], [-0.448264, 0.807617, 0.383163], [0.358245, -0.230404, 0.904751]], [[0.818975, 0.542834, -0.186043], [-0.483841, 0.82755, 0.284709], [0.308509, -0.143154, 0.940388]]], "btipPosition": [38.3527, 185.603, 100.984], "carpPosition": [-1.08577, 156.152, 188.663], "dipPosition": [31.6697, 182.502, 121.355], "direction": [0.358245, 0.230404, -0.904751], "extended": true, "handId": 807, "id": 8070, "length": 48.2387, "mcpPosition": [-1.08577, 156.152, 188.663], "pipPosition": [20.364, 175.231, 149.908], "stabilizedTipPosition": [35.2742, 186.637, 107.127], "timeVisible": 10.3283, "tipPosition": [37.0485, 187.144, 108.069], "tipVelocity": [-1.52048, -2.35424, -6.33039], "tool": false, "touchDistance": 0.594494, "touchZone": "hovering", "type": 0, "width": 20.4068}, {"bases": [[[0.774296, -0.589443, -0.230266], [0.621306, 0.777196, 0.0997221], [0.1