{"frames": 77, "data": [{"currentFrameRate": 114.293, "devices": [], "gestures": [], "hands": [{"armBasis": [[0.986478, -0.118174, 0.113565], [-0.151722, -0.396369, 0.905468], [-0.0619886, -0.910454, -0.408939]], "armWidth": 63.4054, "confidence": 1, "direction": [-0.0595821, 0.315969, -0.946897], "elbow": [-14.2049, -113.814, 72.7699], "grabAngle": 2.54987, "grabStrength": 0, "id": 807, "palmNormal": [0.718977, -0.644455, -0.260288], "palmPosition": [-27.2701, 161.651, 122.001], "palmVelocity": [14.4176, 7.85656, -21.5214], "palmWidth": 87.9125, "pinchDistance": 72.8783, "pinchStrength": 0, "r": [[0.948111, -0.279606, -0.151349], [0.216206, 0.91602, -0.337878], [0.233111, 0.287623, 0.928941]], "s": 1.32437, "sphereCenter": [6.30813, 156.073, 94.5961], "sphereRadius": 48.7688, "stabilizedPalmPosition": [-31.2099, 154.468, 132.038], "t": [-42.0202, -39.8371, -45.7978], "timeVisible": 2.99176, "type": "left", "wrist": [-30.3758, 123.694, 179.449]}], "id": 1369263, "interactionBox": {"center": [0, 200, 0], "size": [235.247, 235.247, 147.751]}, "pointables": [{"bases": [[[0.933349, 0.357882, -0.0279249], [-0.259016, 0.725281, 0.63787], [0.248536, -0.588123, 0.769637]], [[0.87438, 0.456633, -0.164153], [-0.19082, 0.63461, 0.748905], [0.446148, -0.623504, 0.642025]], [[0.87438, 0.456633, -0.164153], [-0.215471, 0.668485, 0.711829], [0.434778, -0.587038, 0.682901]], [[0.87438, 0.456633, -0.164153], [-0.245979, 0.708713, 0.661227], [0.418275, -0.537785, 0.732006]]], "btipPosition": [38.8095, 214.384, 108.342], "carpPosition": [-5.48974, 154.137, 176.714], "dipPosition": [29.7487, 202.734, 124.199], "direction": [0.434778, 0.587038, -0.682901], "extended": true, "handId": 807, "id": 8070, "length": 48.2387, "mcpPosition": [-5.48974, 154.137, 176.714], "pipPosition": [16.0276, 184.208, 145.75], "stabilizedTipPosition": [31.6663, 208.474, 114.672], "timeVisible": 2.99176, "tipPosition": [35.2458, 201.192, 104.553], "tipVelocity": [41.8969, -12.7654, -33.4277], "tool": false, "touchDistance": 0.699812, "touchZone": "hovering", "type": 0, "width": 20.4068}, {"bases": [[[0.692649, -0.633369, -0.345082], [0.702488, 0.700873, 0.123641], [0.163549, -0.328056, 0.930393]], [[0.71129, -0.685553, -0.155187], [0.702437, 0.701276, 0.121631], [0.0254443, -0.195524, 0.980369]], [[0.71129, -0.685553, -0.155187], [0.702437, 0.701276, 0.121631], [0.0254443, -0.195524, 0.980369]], [[0.71129, -0.685553, -0.155187], [0.695103, 0.718835, 0.0104431], [0.104394, -0.115299, 0.98783]]], "btipPosition": [-10.2276, 201.444, 27.6977], "carpPosition": [-25.0848, 164.153, 170.371], "dipPosition": [-11.8785, 199.621, 43.3196], "direction": [0.0254443, 0.195524, -0.980369], "extended": true, "handId": 807, "id": 8071, "length": 54.432, "mcpPosition": [-13.4596, 187.471, 104.238], "pipPosition": [-12.4477, 195.246, 65.2524], "stabilizedTipPosition": [-14.8114, 202.492, 37.1654], "timeVisible": 2.99176, "tipPosition": [-4.5194, 201.382, 32.344], "tipVelocity": [15.0757, -28.7505, -36.302], "tool": false, "touchDistance": 0.142983, "touchZone": "hovering", "type": 1, "width": 19.4926}, {"bases": [[[0.578403, -0.782007, -0.232198], [0.812896, 0.576332, 0.0839171], [0.0681991, -0.23729, 0.969042]], [[0.581451, -0.794828, -0.173672], [0.145291, 0.311478, -0.93908], [0.800503, 0.520797, 0.296591]], [[0.581451, -0.794828, -0.173672], [-0.738575, -0.426155, -0.522397], [0.341205, 0.432018, -0.834829]], [[0.581451, -0.794828, -0.173672], [-0.768115, -0.606666, 0.204831], [-0.268166, 0.0143012, -0.963267]]], "btipPosition": [10.3284, 139.179, 126.158], "carpPosition": [-34.2988, 158.038, 165.984], "dipPosition": [14.9929, 139.428, 109.403], "direction": [0.341205, -0.432018, 0.834829], "extended": false, "handId": 807, "id": 8072, "length": 62.0209, "mcpPosition": [-29.7016, 174.033, 100.662], "pipPosition": [6.01212, 150.799, 87.4302], "stabilizedTipPosition": [8.45935, 132.21, 131.933], "timeVisible": 2.99176, "tipPosition": [10.2686, 138.297, 123.325], "tipVelocity": [8.53142, -1.27342, -18.4348], "tool": false, "touchDistance": 0.871744, "touchZone": "none", "type": 2, "width": 19.1443}, {"bases": [[[0.519198, -0.849609, -0.0927251], [0.853902, 0.511131, 0.0979614], [-0.0358342, -0.13004, 0.990861]], [[0.516115, -0.855878, -0.0331423], [0.241711, 0.182661, -0.953001], [0.821706, 0.483847, 0.301149]], [[0.516115, -0.855878, -0.0331423], [-0.744756, -0.429322, -0.510902], [0.423041, 0.288367, -0.859]], [[0.516115, -0.855878, -0.0331423], [-0.846408, -0.515569, 0.13335], [-0.131219, -0.0407722, -0.990515]]], "btipPosition": [-1.39256, 130.663, 129.279], "carpPosition": [-41.7836, 149.491, 162.546], "dipPosition": [0.876709, 129.958, 112.149], "direction": [0.423041, -0.288367, 0.859], "extended": false, "handId": 807, "id": 8073, "length": 59.6348, "mcpPosition": [-43.9523, 157.361, 102.578], "pipPosition": [-9.97042, 137.352, 90.1238], "stabilizedTipPosition": [-3.62742, 123.411, 135.326], "timeVisible": 2.99176, "tipPosition": [-2.67742, 130.248, 126.897], "tipVelocity": [7.09315, 2.07559, -14.6526], "tool": false, "touchDistance": 0.92232, "touchZone": "none", "type": 3, "width": 18.217}, {"bases": [[[0.363287, -0.931646, 0.0076766], [0.917719, 0.359253, 0.1695], [-0.160671, -0.054532, 0.9855]], [[0.317417, -0.91976, 0.230841], [0.428263, -0.078152, -0.900268], [0.846072, 0.384621, 0.369092]], [[0.317417, -0.91976, 0.230841], [-0.71722, -0.392099, -0.576067], [0.620356, 0.0172896, -0.784129]], [[0.317417, -0.91976, 0.230841], [-0.941277, -0.335135, -0.0410096], [0.115082, -0.204268, -0.972127]]], "btipPosition": [-12.6518, 129.541, 123.053], "carpPosition": [-44.4076, 136.128, 160.639], "dipPosition": [-14.4879, 126.282, 107.543], "direction": [0.620356, -0.0172896, 0.784129], "extended": false, "handId": 807, "id": 8074, "length": 46.7525, "mcpPosition": [-53.4091, 139.183, 105.428], "pipPosition": [-25.7185, 126.595, 93.3479], "stabilizedTipPosition": [-16.7854, 120.127, 129.125], "timeVisible": 2.99176, "tipPosition": [-15.163, 126.178, 121.38], "tipVelocity": [6.39767, 3.00051, -12.8183], "tool": false, "touchDistance": 0.824763, "touchZone": "none", "type": 4, "width": 16.1818}], "r": [[0.948111, -0.279606, -0.151349], [0.216206, 0.91602, -0.337878], [0.233111, 0.287623, 0.928941]], "s": 1.32437, "t": [42.0202, -39.8371, -45.7978], "timestamp": 747399662169}, {"currentFrameRate": 114.325, "devices": [], "gestures": [], "hands": [{"armBasis": [[0.986521, -0.11733, 0.11406], [-0.151708, -0.394591, 0.906246], [-0.0613226, -0.911335, -0.407072]], "armWidth": 63.4054, "confidence": 1, "direction": [-0.0596179, 0.314059, -0.94753], "elbow": [-14.2555, -113.897, 73.1002], "grabAngle": 2.55029, "grabStrength": 0, "id": 807, "palmNormal": [0.718597, -0.645351, -0.259115], "palmPosition": [-27.1378, 161.679, 121.766], "palmVelocity": [15.2256, 3.19026, -27.0524], "palmWidth": 87.9125, "pinchDistance": 72.9972, "pinchStrength": 0, "r": [[0.948387, -0.279115, -0.150522], [0.21561, 0.915616, -0.339352], [0.232538, 0.289383, 0.928538]], "s": 1.32447, "sphereCenter": [6.44923, 156.056, 94.3698], "sphereRadius": 48.7786, "stabilizedPalmPosition": [-31.2051, 154.477, 132.026], "t": [-41.888, -39.8041, -46.017], "timeVisible": 3.00045, "type": "left", "wrist": [-30.2526, 123.841, 179.292]}], "id": 1369264, "interactionBox": {"center": [0, 200, 0], "size": [235.247, 235.247, 147.751]}, "pointables": [{"bases": [[[0.933173, 0.358297, -0.0284659], [-0.259515, 0.726454, 0.63633], [0.248675, -0.586419, 0.770891]], [[0.873557, 0.457519, -0.166053], [-0.190865, 0.635849, 0.747841], [0.447736, -0.621588, 0.642775]], [[0.873557, 0.457519, -0.166053], [-0.21545, 0.669408, 0.710967], [0.436438, -0.585294, 0.683339]], [[0.873557, 0.457519, -0.166053], [-0.245934, 0.709325, 0.660586], [0.420017, -0.536222, 0.732156]]], "btipPosition": [39.1161, 214.331, 108.064], "carpPosition": [-5.34988, 154.266, 176.49], "dipPosition": [30.0176, 202.716, 123.924], "direction": [0.436438, 0.585294, -0.683339], "extended": true, "handId": 807, "id": 8070, "length": 48.2387, "mcpPosition": [-5.34988, 154.266, 176.49], "pipPosition": [16.2441, 184.244, 145.489], "stabilizedTipPosition": [31.7513, 208.525, 114.625], "timeVisible": 3.00045, "tipPosition": [35.4119, 201.264, 104.304], "tipVelocity": [34.2722, -5.14443, -31.8523], "tool": false, "touchDistance": 0.695197, "touchZone": "hovering", "type": 0, "width": 20.4068}, {"bases": [[[0.693041, -0.633723, -0.343642], [0.702108, 0.701481, 0.12235], [0.163522, -0.326067, 0.931097]], [[0.711679, -0.685587, -0.153244], [0.702055, 0.701901, 0.120225], [0.0251381, -0.193147, 0.980848]], [[0.711679, -0.685587, -0.153244], [0.702055, 0.701901, 0.120225], [0.0251381, -0.193147, 0.980848]], [[0.711679, -0.685587, -0.153244], [0.694721, 0.719227, 0.00865535], [0.104283, -0.112622, 0.98815]]], "btipPosition": [-10.1066, 201.238, 27.372], "carpPosition": [-24.9412, 164.278, 170.13], "dipPosition": [-11.7558, 199.457, 42.999], "direction": [0.0251381, 0.193147, -0.980848], "extended": true, "handId": 807, "id": 8071, "length": 54.432, "mcpPosition": [-13.3178, 187.456, 103.947], "pipPosition": [-12.3182, 195.136, 64.9425], "stabilizedTipPosition": [-14.7759, 202.478, 37.1144], "timeVisible": 3.00045, "tipPosition": [-4.39856, 201.214, 32.0207], "tipVelocity": [13.9628, -22.5434, -37.3302], "tool": false, "touchDistance": 0.137574, "touchZone": "hovering", "type": 1, "width": 19.4926}, {"bases": [[[0.578847, -0.782187, -0.230476], [0.812586, 0.576915, 0.0829038], [0.0681189, -0.235271, 0.96954]], [[0.58189, -0.794888, -0.171924], [0.145245, 0.309574, -0.939717], [0.800193, 0.52184, 0.295592]], [[0.58189, -0.794888, -0.171924], [-0.738344, -0.427715, -0.521448], [0.340958, 0.430364, -0.835784]], [[0.58189, -0.794888, -0.171924], [-0.767585, -0.606646, 0.206868], [-0.268734, 0.0115918, -0.963145]]], "btipPosition": [10.4324, 139.208, 125.966], "carpPosition": [-34.1592, 158.159, 165.757], "dipPosition": [15.1067, 139.41, 109.213], "direction": [0.340958, -0.430364, 0.835784], "extended": false, "handId": 807, "id": 8072, "length": 62.0209, "mcpPosition": [-29.5674, 174.019, 100.402], "pipPosition": [6.1325, 150.737, 87.2148], "stabilizedTipPosition": [8.46219, 132.216, 131.924], "timeVisible": 3.00045, "tipPosition": [10.3907, 138.309, 123.129], "tipVelocity": [12.2236, 2.12737, -22.0759], "tool": false, "touchDistance": 0.868546, "touchZone": "none", "type": 2, "width": 19.1443}, {"bases": [[[0.519648, -0.849534, -0.090878], [0.853623, 0.511763, 0.09709], [-0.0359732, -0.128028, 0.991118]], [[0.516555, -0.855682, -0.0312831], [0.241893, 0.180877, -0.953295], [0.821376, 0.484862, 0.300417]], [[0.516555, -0.855682, -0.0312831], [-0.74457, -0.430838, -0.509896], [0.422831, 0.286682, -0.859667]], [[0.516555, -0.855682, -0.0312831], [-0.846139, -0.515712, 0.134498], [-0.131221, -0.0430059, -0.99042]]], "btipPosition": [-1.28548, 130.699, 129.102], "carpPosition": [-41.649, 149.609, 162.339], "dipPosition": [0.983833, 129.955, 111.974], "direction": [0.422831, -0.286682, 0.859667], "extended": false, "handId": 807, "id": 8073, "length": 59.6348, "mcpPosition": [-43.8261, 157.358, 102.355], "pipPosition": [-9.85792, 137.306, 89.9311], "stabilizedTipPosition": [-3.62412, 123.419, 135.314], "timeVisible": 3.00045, "tipPosition": [-2.55853, 130.273, 126.72], "tipVelocity": [12.3197, 3.15198, -20.3394], "tool": false, "touchDistance": 0.919374, "touchZone": "none", "type": 3, "width": 18.217}, {"bases": [[[0.363757, -0.931444, 0.00965945], [0.917501, 0.360064, 0.168952], [-0.160847, -0.052595, 0.985577]], [[0.317829, -0.919121, 0.232811], [0.428593, -0.0797548, -0.899971], [0.84575, 0.385818, 0.36858]], [[0.317829, -0.919121, 0.232811], [-0.71716, -0.393658, -0.575079], [0.620215, 0.0158136, -0.784273]], [[0.317829, -0.919121, 0.232811], [-0.941098, -0.335695, -0.0405298], [0.115405, -0.206217, -0.971677]]], "btipPosition": [-12.5422, 129.567, 122.881], "carpPosition": [-44.2802, 136.244, 160.46], "dipPosition": [-14.3834, 126.277, 107.379], "direction": [0.620215, -0.0158136, 0.784273], "extended": false, "handId": 807, "id": 8074, "length": 46.7525, "mcpPosition": [-53.2915, 139.19, 105.244], "pipPosition": [-25.6115, 126.563, 93.1809], "stabilizedTipPosition": [-16.7788, 120.142, 129.108], "timeVisible": 3.00045, "tipPosition": [-15.0477, 126.2, 121.214], "tipVelocity": [12.4732, 2.13469, -19.5452], "tool": false, "touchDistance": 0.821932, "touchZone": "none", "type": 4, "width": 16.1818}], "r": [[0.948387, -0.279115, -0.150522], [0.21561, 0.915616, -0.339352], [0.232538, 0.289383, 0.928538]], "s": 1.32447, "t": [41.888, -39.8041, -46.017], "timestamp": 747399670862}, {"currentFrameRate": 114.325, "devices": [], "gestures": [], "hands": [{"armBasis": [[0.986596, -0.116057, 0.114716], [-0.15176, -0.394143, 0.906433], [-0.059983, -0.911692, -0.406472]], "armWidth": 63.4054, "confidence": 1, "direction": [-0.0598286, 0.313433, -0.947724], "elbow": [-14.4734, -113.879, 73.0462], "grabAngle": 2.55067, "grabStrength": 0, "id": 807, "palmNormal": [0.717375, -0.64669, -0.259161], "palmPosition": [-26.9956, 161.741, 121.525], "palmVelocity": [16.2581, 7.07563, -27.5589], "palmWidth": 87.9125, "pinchDistance": 73.1431, "pinchStrength": 0, "r": [[0.948719, -0.278441, -0.149677], [0.214894, 0.915307, -0.340637], [0.231847, 0.291004, 0.928204]], "s": 1.32464, "sphereCenter": [6.60453, 156.102, 94.1193], "sphereRadius": 48.7993, "stabilizedPalmPosition": [-31.2006, 154.485, 132.015], "t": [-41.7507, -39.7567, -46.2471], "timeVisible": 3.0092, "type": "left", "wrist": [-30.121, 123.952, 179.082]}], "id": 1369265, "interactionBox": {"center": [0, 200, 0], "size": [235.247, 235.247, 147.751]}, "pointables": [{"bases": [[[0.932624, 0.359759, -0.0280404], [-0.261147, 0.726524, 0.635583], [0.249029, -0.585437, 0.771523]], [[0.872452, 0.459403, -0.166664], [-0.191685, 0.635398, 0.748015], [0.449538, -0.62066, 0.642415]], [[0.872452, 0.459403, -0.166664], [-0.216341, 0.668868, 0.711205], [0.438206, -0.584435, 0.682943]], [[0.872452, 0.459403, -0.166664], [-0.246521, 0.708183, 0.661592], [0.421966, -0.536121, 0.731108]]], "btipPosition": [39.4724, 214.326, 107.865], "carpPosition": [-5.17849, 154.335, 176.238], "dipPosition": [30.3317, 202.713, 123.702], "direction": [0.438206, 0.584435, -0.682943], "extended": true, "handId": 807, "id": 8070, "length": 48.2387, "mcpPosition": [-5.17849, 154.335, 176.238], "pipPosition": [16.5024, 184.269, 145.255], "stabilizedTipPosition": [31.8436, 208.576, 114.574], "timeVisible": 3.0092, "tipPosition": [35.6255, 201.341, 104.078], "tipVelocity": [39.629, -0.54049, -23.3652], "tool": false, "touchDistance": 0.691791, "touchZone": "hovering", "type": 0, "width": 20.4068}, {"bases": [[[0.694305, -0.632881, -0.34264], [0.700899, 0.70269, 0.122341], [0.163343, -0.325098, 0.931467]], [[0.712895, -0.684668, -0.151694], [0.700835, 0.703212, 0.119679], [0.0247326, -0.191631, 0.981155]], [[0.712895, -0.684668, -0.151694], [0.700835, 0.703212, 0.119679], [0.0247326, -0.191631, 0.981155]], [[0.712895, -0.684668, -0.151694], [0.69357, 0.720343, 0.00821752], [0.103645, -0.111069, 0.988393]]], "btipPosition": [-9.97208, 201.146, 27.0781], "carpPosition": [-24.7586, 164.374, 169.886], "dipPosition": [-11.6112, 199.389, 42.7089], "direction": [0.0247326, 0.191631, -0.981155], "extended": true, "handId": 807, "id": 8071, "length": 54.432, "mcpPosition": [-13.148, 187.482, 103.676], "pipPosition": [-12.1645, 195.102, 64.6593], "stabilizedTipPosition": [-14.7456, 202.466, 37.0704], "timeVisible": 3.0092, "tipPosition": [-4.28264, 201.17, 31.7288], "tipVelocity": [15.6457, -9.92674, -33.5088], "tool": false, "touchDistance": 0.13269, "touchZone": "hovering", "type": 1, "width": 19.4926}, {"bases": [[[0.580262, -0.781441, -0.229447], [0.811606, 0.578269, 0.0830724], [0.0677663, -0.234425, 0.969769]], [[0.583282, -0.794092, -0.170883], [0.145274, 0.30897, -0.939911], [0.799173, 0.523408, 0.295578]], [[0.583282, -0.794092, -0.170883], [-0.737485, -0.429553, -0.521153], [0.34044, 0.430003, -0.836181]], [[0.583282, -0.794092, -0.170883], [-0.766599, -0.607715, 0.207384], [-0.26853, 0.0100358, -0.963219]]], "btipPosition": [10.5227, 139.224, 125.73], "carpPosition": [-33.9896, 158.266, 165.524], "dipPosition": [15.1934, 139.399, 108.976], "direction": [0.34044, -0.430003, 0.836181], "extended": false, "handId": 807, "id": 8072, "length": 62.0209, "mcpPosition": [-29.4216, 174.068, 100.154], "pipPosition": [6.23283, 150.717, 86.9668], "stabilizedTipPosition": [8.46447, 132.221, 131.917], "timeVisible": 3.0092, "tipPosition": [10.4986, 138.314, 122.875], "tipVelocity": [10.2248, 1.13331, -27.0438], "tool": false, "touchDistance": 0.864604, "touchZone": "none", "type": 2, "width": 19.1443}, {"bases": [[[0.521066, -0.848775, -0.0898421], [0.852735, 0.513194, 0.0973389], [-0.0365124, -0.127332, 0.991188]], [[0.517939, -0.854883, -0.0302449], [0.2423, 0.180525, -0.953258], [0.820384, 0.486401, 0.300639]], [[0.517939, -0.854883, -0.0302449], [-0.743873, -0.432661, -0.509369], [0.422365, 0.28632, -0.860017]], [[0.517939, -0.854883, -0.0302449], [-0.84538, -0.516942, 0.134549], [-0.130659, -0.0441198, -0.990445]]], "btipPosition": [-1.2079, 130.738, 128.877], "carpPosition": [-41.4955, 149.725, 162.118], "dipPosition": [1.05169, 129.975, 111.748], "direction": [0.422365, -0.28632, 0.860017], "extended": false, "handId": 807, "id": 8073, "length": 59.6348, "mcpPosition": [-43.7053, 157.431, 102.13], "pipPosition": [-9.77812, 137.316, 89.6967], "stabilizedTipPosition": [-3.62152, 123.425, 135.305], "timeVisible": 3.0092, "tipPosition": [-2.45955, 130.3, 126.481], "tipVelocity": [8.61413, 3.90527, -25.7412], "tool": false, "touchDistance": 0.915621, "touchZone": "none", "type": 3, "width": 18.217}, {"bases": [[[0.36523, -0.930856, 0.010641], [0.916801, 0.361652, 0.169364], [-0.161502, -0.0521013, 0.985496]], [[0.319116, -0.918438, 0.233746], [0.429377, -0.0797609, -0.899596], [0.844867, 0.387441, 0.368903]], [[0.319116, -0.918438, 0.233746], [-0.716668, -0.395248, -0.5746], [0.620122, 0.0158462, -0.784345]], [[0.319116, -0.918438, 0.233746], [-0.940551, -0.33719, -0.0408241], [0.116311, -0.206822, -0.97144]]], "btipPosition": [-12.4643, 129.614, 122.664], "carpPosition": [-44.1494, 136.362, 160.251], "dipPosition": [-14.3199, 126.314, 107.165], "direction": [0.620122, -0.0158462, 0.784345], "extended": false, "handId": 807, "id": 8074, "length": 46.7525, "mcpPosition": [-53.1974, 139.281, 105.04], "pipPosition": [-25.5463, 126.601, 92.966], "stabilizedTipPosition": [-16.7736, 120.154, 129.095], "timeVisible": 3.0092, "tipPosition": [-14.9598, 126.245, 120.989], "tipVelocity": [8.53324, 5.10975, -24.754], "tool": false, "touchDistance": 0.818323, "touchZone": "none", "type": 4, "width": 16.1818}], "r": [[0.948719, -0.278441, -0.149677], [0.214894, 0.915307, -0.340637], [0.231847, 0.291004, 0.928204]], "s": 1.32464, "t": [41.7507, -39.7567, -46.2471], "timestamp": 747399679608}, {"currentFrameRate": 114.412, "devices": [], "gestures": [], "hands": [{"armBasis": [[0.98642, -0.114957, 0.117303], [-0.153799, -0.395931, 0.905309], [-0.0576279, -0.911056, -0.408235]], "armWidth": 63.4054, "confidence": 1, "direction": [-0.0620067, 0.315257, -0.946978], "elbow": [-14.8572, -113.757, 72.1977], "grabAngle": 2.55119, "grabStrength": 0, "id": 807, "palmNormal": [0.716439, -0.646526, -0.262145], "palmPosition": [-26.8741, 161.805, 121.199], "palmVelocity": [14.1412, 7.55115, -37.9186], "palmWidth": 87.9125, "pinchDistance": 73.2627, "pinchStrength": 0, "r": [[0.949082, -0.277758, -0.148641], [0.214405, 0.915207, -0.341213], [0.230812, 0.29197, 0.928159]], "s": 1.32486, "sphereCenter": [6.71603, 156.261, 93.7152], "sphereRadius": 48.8215, "stabilizedPalmPosition": [-31.197, 154.491, 132.006], "t": [-41.6214, -39.7006, -46.5251], "timeVisible": 3.01779, "type": "left", "wrist": [-29.8905, 123.908, 178.693]}], "id": 1369266, "interactionBox": {"center": [0, 200, 0], "size": [235.247, 235.247, 147.751]}, "pointables": [{"bases": [[[0.932523, 0.360239, -0.0250711], [-0.26304, 0.725197, 0.636317], [0.247407, -0.586785, 0.77102]], [[0.872337, 0.4605, -0.164217], [-0.193032, 0.63301, 0.749691], [0.449184, -0.622284, 0.64109]], [[0.872337, 0.4605, -0.164217], [-0.217712, 0.666635, 0.712881], [0.437755, -0.586121, 0.681787]], [[0.872337, 0.4605, -0.164217], [-0.247615, 0.705765, 0.663764], [0.421562, -0.538364, 0.729692]]], "btipPosition": [39.6845, 214.457, 107.602], "carpPosition": [-4.92634, 154.286, 175.845], "dipPosition": [30.5525, 202.795, 123.409], "direction": [0.437755, 0.586121, -0.681786], "extended": true, "handId": 807, "id": 8070, "length": 48.2387, "mcpPosition": [-4.92634, 154.286, 175.845], "pipPosition": [16.7375, 184.298, 144.925], "stabilizedTipPosition": [31.9249, 208.621, 114.527], "timeVisible": 3.01779, "tipPosition": [35.7426, 201.523, 103.756], "tipVelocity": [24.9154, 13.9725, -31.3762], "tool": false, "touchDistance": 0.687297, "touchZone": "hovering", "type": 0, "width": 20.4068}, {"bases": [[[0.695435, -0.631912, -0.342136], [0.700273, 0.702777, 0.125391], [0.161209, -0.32679, 0.931247]], [[0.713585, -0.684098, -0.151014], [0.700186, 0.703546, 0.121498], [0.0231286, -0.192437, 0.981037]], [[0.713585, -0.684098, -0.151014], [0.700186, 0.703546, 0.121498], [0.0231286, -0.192437, 0.981037]], [[0.713585, -0.684098, -0.151014], [0.693116, 0.720755, 0.0101327], [0.101912, -0.111901, 0.98848]]], "btipPosition": [-10.0095, 201.302, 26.7732], "carpPosition": [-24.5173, 164.346, 169.559], "dipPosition": [-11.6212, 199.532, 42.4053], "direction": [0.0231286, 0.192437, -0.981037], "extended": true, "handId": 807, "id": 8071, "length": 54.432, "mcpPosition": [-13.0584, 187.574, 103.365], "pipPosition": [-12.1387, 195.227, 64.3531], "stabilizedTipPosition": [-14.7216, 202.457, 37.0336], "timeVisible": 3.01779, "tipPosition": [-4.40045, 201.392, 31.4159], "tipVelocity": [-3.62623, 17.7569, -35.4449], "tool": false, "touchDistance": 0.127614, "touchZone": "hovering", "type": 1, "width": 19.4926}, {"bases": [[[0.581184, -0.780738, -0.229505], [0.811132, 0.578482, 0.0861587], [0.0654971, -0.236233, 0.969487]], [[0.584066, -0.793499, -0.170958], [0.147168, 0.310645, -0.939064], [0.798254, 0.523316, 0.298215]], [[0.584066, -0.793499, -0.170958], [-0.736235, -0.42919, -0.523215], [0.341797, 0.431457, -0.834877]], [[0.584066, -0.793499, -0.170958], [-0.766736, -0.608462, 0.204671], [-0.266427, 0.0115383, -0.963786]]], "btipPosition": [10.6288, 139.27, 125.291], "carpPosition": [-33.7618, 158.251, 165.209], "dipPosition": [15.2629, 139.471, 108.527], "direction": [0.341797, -0.431457, 0.834877], "extended": false, "handId": 807, "id": 8072, "length": 62.0209, "mcpPosition": [-29.3467, 174.175, 99.8573], "pipPosition": [6.26663, 150.827, 86.5527], "stabilizedTipPosition": [8.46618, 132.225, 131.911], "timeVisible": 3.01779, "tipPosition": [10.6144, 138.361, 122.412], "tipVelocity": [11.3688, 6.07894, -51.2967], "tool": false, "touchDistance": 0.857257, "touchZone": "none", "type": 2, "width": 19.1443}, {"bases": [[[0.521677, -0.848365, -0.0901733], [0.852257, 0.513398, 0.100403], [-0.0388833, -0.129228, 0.990852]], [[0.518406, -0.854587, -0.0305955], [0.244564, 0.182451, -0.952313], [0.819417, 0.486202, 0.303585]], [[0.518406, -0.854587, -0.0305955], [-0.742804, -0.432294, -0.511238], [0.423672, 0.287756, -0.858894]], [[0.518406, -0.854587, -0.0305955], [-0.845453, -0.517577, 0.131615], [-0.128312, -0.0423627, -0.990829]]], "btipPosition": [-1.1018, 130.788, 128.44], "carpPosition": [-41.28, 149.72, 161.804], "dipPosition": [1.1172, 130.055, 111.305], "direction": [0.423672, -0.287756, 0.858894], "extended": false, "handId": 807, "id": 8073, "length": 59.6348, "mcpPosition": [-43.6333, 157.541, 101.837], "pipPosition": [-9.74611, 137.434, 89.2819], "stabilizedTipPosition": [-3.61957, 123.43, 135.298], "timeVisible": 3.01779, "tipPosition": [-2.33766, 130.345, 126.033], "tipVelocity": [11.2605, 6.6728, -51.0209], "tool": false, "touchDistance": 0.908314, "touchZone": "none", "type": 3, "width": 18.217}, {"bases": [[[0.365633, -0.930708, 0.00977159], [0.916216, 0.361749, 0.172298], [-0.163894, -0.0540448, 0.984996]], [[0.318969, -0.918735, 0.232778], [0.431583, -0.0778657, -0.898706], [0.843798, 0.387122, 0.371674]], [[0.318969, -0.918735, 0.232778], [-0.715833, -0.394503, -0.576151], [0.621162, 0.0171437, -0.783495]], [[0.318969, -0.918735, 0.232778], [-0.940346, -0.33745, -0.0433295], [0.118359, -0.205071, -0.971564]]], "btipPosition": [-12.3769, 129.681, 122.256], "carpPosition": [-43.9446, 136.362, 159.919], "dipPosition": [-14.2653, 126.409, 106.755], "direction": [0.621162, -0.0171437, 0.783495], "extended": false, "handId": 807, "id": 8074, "length": 46.7525, "mcpPosition": [-53.1266, 139.389, 104.735], "pipPosition": [-25.5105, 126.72, 92.5712], "stabilizedTipPosition": [-16.7698, 120.162, 129.085], "timeVisible": 3.01779, "tipPosition": [-14.8524, 126.31, 120.563], "tipVelocity": [9.28806, 8.56762, -47.5533], "tool": false, "touchDistance": 0.811513, "touchZone": "none", "type": 4, "width": 16.1818}], "r": [[0.949082, -0.277758, -0.148641], [0.214405, 0.915207, -0.341213], [0.230812, 0.29197, 0.928159]], "s": 1.32486, "t": [41.6214, -39.7006, -46.5251], "timestamp": 747399688201}, {"currentFrameRate": 114.425, "devices": [], "gestures": [], "hands": [{"armBasis": [[0.986266, -0.113711, 0.119787], [-0.155651, -0.397324, 0.904382], [-0.055244, -0.910606, -0.409566]], "armWidth": 63.4054, "confidence": 1, "direction": [-0.0641314, 0.316528, -0.946413], "elbow": [-15.2519, -113.605, 71.4762], "grabAngle": 2.5508, "grabStrength": 0, "id": 807, "palmNormal": [0.714461, -0.647555, -0.264988], "palmPosition": [-26.7484, 161.904, 120.863], "palmVelocity": [14.4196, 11.2614, -38.5238], "palmWidth": 87.9125, "pinchDistance": 73.3683, "pinchStrength": 0, "r": [[0.949561, -0.276816, -0.147335], [0.213865, 0.91529, -0.341328], [0.22934, 0.292602, 0.928325]], "s": 1.32507, "sphereCenter": [6.79921, 156.377, 93.2835], "sphereRadius": 48.8403, "stabilizedPalmPosition": [-31.1939, 154.496, 131.998], "t": [-41.4938, -39.6234, -46.832], "timeVisible": 3.02651, "type": "left", "wrist": [-29.6632, 123.943, 178.319]}], "id": 1369267, "interactionBox": {"center": [0, 200, 0], "size": [235.247, 235.247, 147.751]}, "pointables": [{"bases": [[[0.93191, 0.362026, -0.0219529], [-0.266236, 0.723924, 0.636438], [0.246299, -0.587258, 0.771016]], [[0.871685, 0.462653, -0.161606], [-0.195677, 0.63092, 0.750767], [0.449305, -0.62281, 0.640494]], [[0.871685, 0.462653, -0.161606], [-0.22052, 0.664792, 0.713738], [0.437648, -0.586518, 0.681514]], [[0.871685, 0.462653, -0.161606], [-0.250092, 0.703549, 0.665186], [0.421448, -0.539417, 0.728979]]], "btipPosition": [39.9528, 214.508, 107.247], "carpPosition": [-4.658, 154.276, 175.436], "dipPosition": [30.8233, 202.823, 123.038], "direction": [0.437648, 0.586518, -0.681514], "extended": true, "handId": 807, "id": 8070, "length": 48.2387, "mcpPosition": [-4.658, 154.276, 175.436], "pipPosition": [17.0116, 184.314, 144.546], "stabilizedTipPosition": [31.997, 208.66, 114.482], "timeVisible": 3.02651, "tipPosition": [35.911, 201.62, 103.358], "tipVelocity": [30.844, 5.23757, -41.1953], "tool": false, "touchDistance": 0.681312, "touchZone": "hovering", "type": 0, "width": 20.4068}, {"bases": [[[0.697607, -0.630183, -0.340902], [0.698581, 0.703942, 0.128257], [0.15915, -0.327621, 0.931309]], [[0.715311, -0.682617, -0.149547], [0.698494, 0.704821, 0.123827], [0.0208774, -0.193032, 0.98097]], [[0.715311, -0.682617, -0.149547], [0.698494, 0.704821, 0.123827], [0.0208774, -0.193032, 0.98097]], [[0.715311, -0.682617, -0.149547], [0.69165, 0.722131, 0.0120786], [0.0997474, -0.112074, 0.988681]]], "btipPosition": [-10.0606, 201.435, 26.43], "carpPosition": [-24.2479, 164.38, 169.219], "dipPosition": [-11.6381, 199.663, 42.0653], "direction": [0.0208774, 0.193032, -0.98097], "extended": true, "handId": 807, "id": 8071, "length": 54.432, "mcpPosition": [-12.9353, 187.668, 103.021], "pipPosition": [-12.1051, 195.344, 64.0116], "stabilizedTipPosition": [-14.703, 202.451, 37.0032], "timeVisible": 3.02651, "tipPosition": [-4.47744, 201.555, 31.0606], "tipVelocity": [-4.95622, 15.2478, -39.2892], "tool": false, "touchDistance": 0.121906, "touchZone": "hovering", "type": 1, "width": 19.4926}, {"bases": [[[0.583314, -0.779361, -0.228781], [0.809788, 0.579904, 0.0891923], [0.0631579, -0.237291, 0.969383]], [[0.586052, -0.792188, -0.170241], [0.149705, 0.312347, -0.938098], [0.796324, 0.524288, 0.301646]], [[0.586052, -0.792188, -0.170241], [-0.73393, -0.429955, -0.525818], [0.343351, 0.433102, -0.833387]], [[0.586052, -0.792188, -0.170241], [-0.766495, -0.61014, 0.200537], [-0.262734, 0.012964, -0.964781]]], "btipPosition": [10.7356, 139.288, 124.803], "carpPosition": [-33.5163, 158.308, 164.888], "dipPosition": [15.3055, 139.513, 108.021], "direction": [0.343351, -0.433102, 0.833387], "extended": false, "handId": 807, "id": 8072, "length": 62.0209, "mcpPosition": [-29.259, 174.303, 99.5438], "pipPosition": [6.2683, 150.913, 86.0861], "stabilizedTipPosition": [8.46747, 132.228, 131.907], "timeVisible": 3.02651, "tipPosition": [10.7006, 138.388, 121.938], "tipVelocity": [10.5584, 2.64479, -56.5049], "tool": false, "touchDistance": 0.849048, "touchZone": "none", "type": 2, "width": 19.1443}, {"bases": [[[0.523534, -0.847269, -0.0897028], [0.850994, 0.514881, 0.103475], [-0.0414853, -0.130509, 0.990579]], [[0.520105, -0.853571, -0.0301423], [0.247587, 0.18445, -0.951146], [0.81743, 0.487233, 0.307266]], [[0.520105, -0.853571, -0.0301423], [-0.740711, -0.433203, -0.513501], [0.425251, 0.289401, -0.85756]], [[0.520105, -0.853571, -0.0301423], [-0.844981, -0.519374, 0.127507], [-0.124491, -0.040847, -0.99138]]], "btipPosition": [-1.01525, 130.83, 127.97], "carpPosition": [-41.0604, 149.795, 161.495], "dipPosition": [1.13767, 130.124, 110.826], "direction": [0.425251, -0.289401, 0.85756], "extended": false, "handId": 807, "id": 8073, "length": 59.6348, "mcpPosition": [-43.5712, 157.694, 101.544], "pipPosition": [-9.76614, 137.544, 88.837], "stabilizedTipPosition": [-3.61811, 123.433, 135.293], "timeVisible": 3.02651, "tipPosition": [-2.25492, 130.392, 125.586], "tipVelocity": [8.1856, 5.55209, -54.1276], "tool": false, "touchDistance": 0.90045, "touchZone": "none", "type": 3, "width": 18.217}, {"bases": [[[0.36736, -0.930028, 0.00969302], [0.915032, 0.363265, 0.17537], [-0.16662, -0.0555545, 0.984455]], [[0.319999, -0.918393, 0.232713], [0.43494, -0.0758106, -0.897262], [0.841681, 0.388339, 0.375187]], [[0.319999, -0.918393, 0.232713], [-0.713832, -0.395218, -0.57814], [0.622932, 0.0188861, -0.782048]], [[0.319999, -0.918393, 0.232713], [-0.939562, -0.339189, -0.0466242], [0.121753, -0.203728, -0.971427]]], "btipPosition": [-12.3238, 129.756, 121.825], "carpPosition": [-43.7557, 136.445, 159.601], "dipPosition": [-14.2663, 126.506, 106.327], "direction": [0.622932, -0.0188861, 0.782048], "extended": false, "handId": 807, "id": 8074, "length": 46.7525, "mcpPosition": [-53.0904, 139.557, 104.448], "pipPosition": [-25.5435, 126.848, 92.1688], "stabilizedTipPosition": [-16.767, 120.168, 129.077], "timeVisible": 3.02651, "tipPosition": [-14.7927, 126.391, 120.146], "tipVelocity": [4.66866, 9.16806, -49.3666], "tool": false, "touchDistance": 0.804341, "touchZone": "none", "type": 4, "width": 16.1818}], "r": [[0.949561, -0.276816, -0.147335], [0.213865, 0.91529, -0.341328], [0.22934, 0.292602, 0.928325]], "s": 1.32507, "t": [41.4938, -39.6234, -46.832], "timestamp": 747399696918}, {"currentFrameRate": 114.479, "devices": [], "gestures": [], "hands": [{"armBasis": [[0.986199, -0.112389, 0.121572], [-0.15678, -0.397969, 0.903903], [-0.0532066, -0.910489, -0.410097]], "armWidth": 63.4054, "confidence": 1, "direction": [-0.0654745, 0.317043, -0.946148], "elbow": [-15.5692, -113.445, 70.93], "grabAngle": 2.55073, "grabStrength": 0, "id": 807, "palmNormal": [0.712885, -0.6486, -0.26667], "palmPosition": [-26.5892, 162.054, 120.467], "palmVelocity": [18.425, 17.3501, -45.8911], "palmWidth": 87.9125, "pinchDistance": 73.4675, "pinchStrength": 0, "r": [[0.950089, -0.275741, -0.145941], [0.213269, 0.915456, -0.341258], [0.227701, 0.293101, 0.928571]], "s": 1.32531, "sphereCenter": [6.95414, 156.545, 92.8316], "sphereRadius": 48.8617, "stabilizedPalmPosition": [-31.191, 154.501, 131.99], "t": [-41.3505, -39.5099, -47.1837], "timeVisible": 3.03515, "type": "left", "wrist": [-29.4491, 124.073, 177.911]}], "id": 1369268, "interactionBox": {"center": [0, 200, 0], "size": [235.247, 235.247, 147.751]}, "pointables": [{"bases": [[[0.931361, 0.36355, -0.0199665], [-0.268662, 0.723214, 0.636226], [0.24574, -0.587191, 0.771245]], [[0.871001, 0.464446, -0.160147], [-0.197421, 0.629392, 0.751592], [0.449869, -0.623021, 0.639893]], [[0.871001, 0.464446, -0.160147], [-0.222535, 0.663604, 0.714218], [0.43799, -0.586446, 0.681355]], [[0.871001, 0.464446, -0.160147], [-0.25162, 0.701711, 0.66655], [0.421954, -0.54027, 0.728055]]], "btipPosition": [40.2557, 214.625, 106.857], "carpPosition": [-4.40411, 154.366, 174.993], "dipPosition": [31.1152, 202.922, 122.629], "direction": [0.43799, 0.586446, -0.681355], "extended": true, "handId": 807, "id": 8070, "length": 48.2387, "mcpPosition": [-4.40411, 154.366, 174.993], "pipPosition": [17.2928, 184.414, 144.131], "stabilizedTipPosition": [32.062, 208.695, 114.44], "timeVisible": 3.03515, "tipPosition": [36.1203, 201.776, 102.931], "tipVelocity": [34.7573, 13.0131, -45.5848], "tool": false, "touchDistance": 0.674747, "touchZone": "hovering", "type": 0, "width": 20.4068}, {"bases": [[[0.699299, -0.6289, -0.339803], [0.697182, 0.705021, 0.129932], [0.157854, -0.327766, 0.931478]], [[0.716712, -0.681386, -0.148445], [0.697086, 0.706061, 0.124692], [0.0198479, -0.192847, 0.981028]], [[0.716712, -0.681386, -0.148445], [0.697086, 0.706061, 0.124692], [0.0198479, -0.192847, 0.981028]], [[0.716712, -0.681386, -0.148445], [0.690358, 0.723355, 0.0128258], [0.0986391, -0.111673, 0.988837]]], "btipPosition": [-9.97607, 201.552, 26.0113], "carpPosition": [-23.9897, 164.505, 168.819], "dipPosition": [-11.536, 199.786, 41.6492], "direction": [0.0198479, 0.192847, -0.981028], "extended": true, "handId": 807, "id": 8071, "length": 54.432, "mcpPosition": [-12.7693, 187.803, 102.608], "pipPosition": [-11.98, 195.472, 63.5967], "stabilizedTipPosition": [-14.6887, 202.447, 36.9789], "timeVisible": 3.03515, "tipPosition": [-4.45465, 201.705, 30.6333], "tipVelocity": [10.2506, 13.7476, -48.3767], "tool": false, "touchDistance": 0.114938, "touchZone": "hovering", "type": 1, "width": 19.4926}, {"bases": [[[0.585029, -0.778313, -0.227971], [0.808667, 0.581181, 0.0910326], [0.0616404, -0.237609, 0.969403]], [[0.587672, -0.79116, -0.169431], [0.151147, 0.313069, -0.937626], [0.794856, 0.525408, 0.303563]], [[0.587672, -0.79116, -0.169431], [-0.732325, -0.431081, -0.527134], [0.344009, 0.433861, -0.83272]], [[0.587672, -0.79116, -0.169431], [-0.766052, -0.611464, 0.198183], [-0.260395, 0.0133266, -0.96541]]], "btipPosition": [10.8656, 139.375, 124.324], "carpPosition": [-33.2765, 158.45, 164.503], "dipPosition": [15.3949, 139.607, 107.532], "direction": [0.344009, -0.433861, 0.83272], "extended": false, "handId": 807, "id": 8072, "length": 62.0209, "mcpPosition": [-29.1214, 174.467, 99.1575], "pipPosition": [6.34035, 151.026, 85.6143], "stabilizedTipPosition": [8.4685, 132.23, 131.904], "timeVisible": 3.03515, "tipPosition": [10.8237, 138.477, 121.458], "tipVelocity": [13.9645, 10.2371, -55.6513], "tool": false, "touchDistance": 0.841032, "touchZone": "none", "type": 2, "width": 19.1443}, {"bases": [[[0.525087, -0.846378, -0.0890398], [0.849951, 0.516218, 0.105369], [-0.0432177, -0.131007, 0.990439]], [[0.52155, -0.852711, -0.0294888], [0.249549, 0.185502, -0.950429], [0.815911, 0.488337, 0.309542]], [[0.52155, -0.852711, -0.0294888], [-0.739326, -0.434408, -0.514476], [0.425889, 0.290127, -0.856997]], [[0.52155, -0.852711, -0.0294888], [-0.844457, -0.520826, 0.125029], [-0.121972, -0.0403068, -0.991715]]], "btipPosition": [-0.903647, 130.942, 127.502], "carpPosition": [-40.8411, 149.951, 161.121], "dipPosition": [1.20572, 130.245, 110.352], "direction": [0.425889, -0.290127, 0.856997], "extended": false, "handId": 807, "id": 8073, "length": 59.6348, "mcpPosition": [-43.4567, 157.88, 101.179], "pipPosition": [-9.71446, 137.684, 88.3775], "stabilizedTipPosition": [-3.61695, 123.436, 135.289], "timeVisible": 3.03515, "tipPosition": [-2.13578, 130.5, 125.126], "tipVelocity": [11.7551, 13.212, -54.3159], "tool": false, "touchDistance": 0.892627, "touchZone": "none", "type": 3, "width": 18.217}, {"bases": [[[0.368853, -0.929434, 0.0100134], [0.914094, 0.364675, 0.177323], [-0.168462, -0.0562529, 0.984102]], [[0.32101, -0.917958, 0.233037], [0.43726, -0.0746123, -0.896235], [0.840093, 0.389598, 0.377434]], [[0.32101, -0.917958, 0.233037], [-0.71265, -0.396186, -0.578937], [0.623765, 0.019771, -0.781362]], [[0.32101, -0.917958, 0.233037], [-0.93892, -0.340683, -0.0486175], [0.124021, -0.203196, -0.971252]]], "btipPosition": [-12.2338, 129.89, 121.382], "carpPosition": [-43.5617, 136.606, 159.227], "dipPosition": [-14.2124, 126.648, 105.886], "direction": [0.623765, -0.019771, 0.781362], "extended": false, "handId": 807, "id": 8074, "length": 46.7525, "mcpPosition": [-52.9996, 139.757, 104.094], "pipPosition": [-25.5048, 127.006, 91.7408], "stabilizedTipPosition": [-16.7647, 120.173, 129.071], "timeVisible": 3.03515, "tipPosition": [-14.6899, 126.525, 119.708], "tipVelocity": [9.4541, 15.7536, -51.2137], "tool": false, "touchDistance": 0.796964, "touchZone": "none", "type": 4, "width": 16.1818}], "r": [[0.950089, -0.275741, -0.145941], [0.213269, 0.915456, -0.341258], [0.227701, 0.293101, 0.928571]], "s": 1.32531, "t": [41.3505, -39.5099, -47.1837], "timestamp": 747399705560}, {"currentFrameRate": 114.488, "devices": [], "gestures": [], "hands": [{"armBasis": [[0.986166, -0.111032, 0.123082], [-0.157557, -0.397129, 0.904137], [-0.0515093, -0.911022, -0.409129]], "armWidth": 63.4054, "confidence": 1, "direction": [-0.0665543, 0.3159, -0.946455], "elbow": [-15.7999, -113.236, 70.821], "grabAngle": 2.55028, "grabStrength": 0, "id": 807, "palmNormal": [0.710601, -0.650879, -0.267214], "palmPosition": [-26.4172, 162.312, 120.049], "palmVelocity": [19.7256, 29.6102, -47.9149], "palmWidth": 87.9125, "pinchDistance": 73.5263, "pinchStrength": 0, "r": [[0.950715, -0.27441, -0.144361], [0.212441, 0.915606, -0.341372], [0.225854, 0.293879, 0.928776]], "s": 1.32757, "sphereCenter": [7.68493, 157.766, 92.6279], "sphereRadius": 49.0456, "stabilizedPalmPosition": [-31.1878, 154.506, 131.982], "t": [-41.1928, -39.324, -47.5685], "timeVisible": 3.04387, "type": "left", "wrist": [-29.237, 124.42, 177.55]}], "id": 1369269, "interactionBox": {"center": [0, 200, 0], "size": [235.247, 235.247, 147.751]}, "pointables": [{"bases": [[[0.930423, 0.366016, -0.0185791], [-0.271893, 0.723376, 0.634666], [0.245738, -0.585457, 0.772563]], [[0.869873, 0.466811, -0.159402], [-0.200054, 0.62924, 0.751023], [0.450887, -0.621406, 0.640746]], [[0.869873, 0.466811, -0.159402], [-0.225607, 0.663873, 0.713004], [0.43866, -0.58426, 0.682801]], [[0.869873, 0.466811, -0.159402], [-0.196364, 0.624143, 0.756232], [0.452507, -0.626525, 0.63459]]], "btipPosition": [41.2502, 216.621, 108.343], "carpPosition": [-4.14166, 154.641, 174.541], "dipPosition": [31.4479, 203.049, 122.09], "direction": [0.43866, 0.58426, -0.682801], "extended": true, "handId": 807, "id": 8070, "length": 48.2387, "mcpPosition": [-4.14166, 154.641, 174.541], "pipPosition": [17.6043, 184.611, 143.638], "stabilizedTipPosition": [32.192, 208.785, 114.385], "timeVisible": 3.04387, "tipPosition": [36.7078, 203.37, 103.533], "tipVelocity": [96.6046, 179.664, 116.97], "tool": false, "touchDistance": 0.691744, "touchZone": "hovering", "type": 0, "width": 20.4068}, {"bases": [[[0.701671, -0.627496, -0.3375], [0.695026, 0.707067, 0.130365], [0.15683