{"frames": 86, "data": [{"currentFrameRate": 115.159, "devices": [], "gestures": [], "hands": [{"armBasis": [[0.996108, 0.00278064, 0.0880941], [-0.0793972, -0.40565, 0.910574], [0.0382673, -0.914024, -0.40385]], "armWidth": 63.4054, "confidence": 1, "direction": [0.0147019, 0.324545, -0.945756], "elbow": [-54.4427, -118.194, 97.236], "grabAngle": 2.62942, "grabStrength": 0, "id": 807, "palmNormal": [0.729379, -0.650472, -0.211878], "palmPosition": [-34.7943, 158.626, 145.815], "palmVelocity": [-1.77205, 5.84663, -13.8591], "palmWidth": 87.9125, "pinchDistance": 65.413, "pinchStrength": 0.322383, "r": [[0.937292, -0.265146, -0.226231], [0.174334, 0.918687, -0.354433], [0.301812, 0.292767, 0.907302]], "s": 1.17402, "sphereCenter": [-5.78088, 144.291, 119.778], "sphereRadius": 45.3815, "stabilizedPalmPosition": [-31.7335, 156.612, 131.146], "t": [-49.3887, -42.8835, -22.0668], "timeVisible": 4.44011, "type": "left", "wrist": [-44.46, 120.246, 202.588]}], "id": 1369428, "interactionBox": {"center": [0, 200, 0], "size": [235.247, 235.247, 147.751]}, "pointables": [{"bases": [[[0.924728, 0.368803, -0.094141], [-0.218514, 0.716893, 0.662054], [0.311657, -0.591649, 0.74352]], [[0.825945, 0.49718, -0.265756], [-0.127885, 0.624355, 0.770601], [0.549054, -0.602488, 0.579265]], [[0.825945, 0.49718, -0.265756], [-0.477053, 0.86758, 0.140445], [0.300391, 0.0107794, 0.953755]], [[0.825945, 0.49718, -0.265756], [-0.51489, 0.857249, 0.00352291], [0.22957, 0.133925, 0.964034]]], "btipPosition": [23.6914, 176.221, 123.008], "carpPosition": [-17.242, 150.405, 201.928], "dipPosition": [18.7184, 179.122, 143.891], "direction": [0.300391, -0.0107794, -0.953755], "extended": false, "handId": 807, "id": 8070, "length": 48.2387, "mcpPosition": [-17.242, 150.405, 201.928], "pipPosition": [9.23842, 179.462, 173.991], "stabilizedTipPosition": [23.73, 187.868, 120.155], "timeVisible": 4.44011, "tipPosition": [20.2946, 180.009, 127.489], "tipVelocity": [-17.4018, 11.078, -28.5509], "tool": false, "touchDistance": 0.963523, "touchZone": "none", "type": 0, "width": 20.4068}, {"bases": [[[0.671774, -0.622459, -0.401578], [0.702125, 0.707839, 0.0773652], [0.236096, -0.33393, 0.912551]], [[0.709379, -0.685937, -0.162083], [0.701676, 0.709001, 0.0704862], [0.066568, -0.163731, 0.984256]], [[0.709379, -0.685937, -0.162083], [0.701676, 0.709001, 0.0704862], [0.066568, -0.163731, 0.984256]], [[0.709379, -0.685937, -0.162083], [0.651028, 0.725791, -0.222239], [0.27008, 0.0521309, 0.961425]]], "btipPosition": [-11.0097, 193.783, 53.0049], "carpPosition": [-36.1992, 160.698, 194.234], "dipPosition": [-15.2808, 194.608, 68.2093], "direction": [0.0665679, 0.163731, -0.984256], "extended": true, "handId": 807, "id": 8071, "length": 54.432, "mcpPosition": [-19.4172, 184.434, 129.369], "pipPosition": [-16.7701, 190.945, 90.2291], "stabilizedTipPosition": [-11.7946, 200.205, 39.5638], "timeVisible": 4.44011, "tipPosition": [-8.65197, 196.878, 57.2706], "tipVelocity": [-28.1196, 35.7329, -11.2186], "tool": false, "touchDistance": 0.205688, "touchZone": "hovering", "type": 1, "width": 19.4926}, {"bases": [[[0.567891, -0.773339, -0.281862], [0.810601, 0.584911, 0.0283761], [0.14292, -0.244592, 0.959035]], [[0.575439, -0.786614, -0.223847], [0.0684465, 0.319064, -0.945258], [0.814975, 0.528617, 0.237443]], [[0.575439, -0.786614, -0.223847], [-0.771454, -0.4312, -0.467895], [0.27153, 0.441933, -0.854966]], [[0.575439, -0.786614, -0.223847], [-0.726303, -0.61734, 0.302283], [-0.37597, -0.0113645, -0.926562]]], "btipPosition": [1.47505, 136.196, 152.495], "carpPosition": [-45.1256, 154.726, 189.116], "dipPosition": [8.0146, 135.998, 136.379], "direction": [0.27153, -0.441933, 0.854966], "extended": false, "handId": 807, "id": 8072, "length": 62.0209, "mcpPosition": [-35.4916, 171.214, 124.469], "pipPosition": [0.867764, 147.63, 113.876], "stabilizedTipPosition": [7.54947, 133.619, 132.929], "timeVisible": 4.44011, "tipPosition": [3.01056, 135.487, 149.214], "tipVelocity": [3.34215, 6.1575, -29.706], "tool": false, "touchDistance": 1, "touchZone": "none", "type": 2, "width": 19.1443}, {"bases": [[[0.52, -0.842782, -0.138992], [0.853246, 0.52007, 0.0387233], [0.0396501, -0.13873, 0.989536]], [[0.521442, -0.849584, -0.0794051], [0.167911, 0.193403, -0.966644], [0.836603, 0.490716, 0.243503]], [[0.521442, -0.849584, -0.0794051], [-0.775256, -0.432824, -0.460045], [0.356479, 0.301446, -0.884338]], [[0.521442, -0.849584, -0.0794051], [-0.817533, -0.52408, 0.238706], [-0.244415, -0.0595547, -0.96784]]], "btipPosition": [-10.5139, 127.698, 154.506], "carpPosition": [-52.425, 146.295, 185.051], "dipPosition": [-6.28698, 126.668, 137.768], "direction": [0.356479, -0.301446, 0.884338], "extended": false, "handId": 807, "id": 8073, "length": 59.6348, "mcpPosition": [-50.0253, 154.691, 125.163], "pipPosition": [-15.4274, 134.397, 115.093], "stabilizedTipPosition": [-4.51801, 124.752, 136.365], "timeVisible": 4.44011, "tipPosition": [-10.0438, 127.235, 151.538], "tipVelocity": [2.55686, 5.99554, -27.1513], "tool": false, "touchDistance": 1, "touchZone": "none", "type": 3, "width": 18.217}, {"bases": [[[0.372917, -0.927442, -0.0280043], [0.923866, 0.368342, 0.103904], [-0.0860494, -0.0646197, 0.994193]], [[0.343646, -0.917898, 0.198421], [0.362416, -0.0652954, -0.929726], [0.86635, 0.391408, 0.310222]], [[0.343646, -0.917898, 0.198421], [-0.748084, -0.395294, -0.533022], [0.567695, 0.0347353, -0.822506]], [[0.343646, -0.917898, 0.198421], [-0.938943, -0.33969, 0.0547527], [0.0171443, -0.205122, -0.978586]]], "btipPosition": [-20.9598, 126.433, 147.482], "carpPosition": [-55.044, 132.979, 182.831], "dipPosition": [-21.2334, 123.161, 131.87], "direction": [0.567695, -0.0347353, 0.822506], "extended": false, "handId": 807, "id": 8074, "length": 46.7525, "mcpPosition": [-59.8648, 136.6, 127.133], "pipPosition": [-31.5107, 123.789, 116.98], "stabilizedTipPosition": [-17.453, 121.698, 130.83], "timeVisible": 4.44011, "tipPosition": [-21.8965, 124.804, 144.86], "tipVelocity": [3.82615, 12.5396, -25.2482], "tool": false, "touchDistance": 1, "touchZone": "none", "type": 4, "width": 16.1818}], "r": [[0.937292, -0.265146, -0.226231], [0.174334, 0.918687, -0.354433], [0.301812, 0.292767, 0.907302]], "s": 1.17402, "t": [49.3887, -42.8835, -22.0668], "timestamp": 747401110513}, {"currentFrameRate": 115.204, "devices": [], "gestures": [], "hands": [{"armBasis": [[0.995979, 0.00234221, 0.0895519], [-0.0808833, -0.406208, 0.910194], [0.0385086, -0.913778, -0.404386]], "armWidth": 63.4054, "confidence": 1, "direction": [0.0132109, 0.325178, -0.94556], "elbow": [-54.4257, -118.13, 96.9732], "grabAngle": 2.6279, "grabStrength": 0, "id": 807, "palmNormal": [0.729438, -0.649934, -0.213321], "palmPosition": [-34.8114, 158.668, 145.703], "palmVelocity": [-1.98448, 4.92607, -12.9425], "palmWidth": 87.9125, "pinchDistance": 65.3581, "pinchStrength": 0.323773, "r": [[0.937527, -0.265205, -0.225189], [0.175053, 0.918935, -0.353433], [0.300666, 0.291933, 0.907951]], "s": 1.1738, "sphereCenter": [-5.82553, 144.383, 119.621], "sphereRadius": 45.3744, "stabilizedPalmPosition": [-31.7338, 156.613, 131.148], "t": [-49.409, -42.8325, -22.1827], "timeVisible": 4.44871, "type": "left", "wrist": [-44.38, 120.246, 202.464]}], "id": 1369429, "interactionBox": {"center": [0, 200, 0], "size": [235.247, 235.247, 147.751]}, "pointables": [{"bases": [[[0.925059, 0.368361, -0.0926122], [-0.219043, 0.716575, 0.662224], [0.310301, -0.59231, 0.743561]], [[0.82685, 0.496654, -0.263919], [-0.129029, 0.62425, 0.770495], [0.547421, -0.603031, 0.580244]], [[0.82685, 0.496654, -0.263919], [-0.476719, 0.867887, 0.139682], [0.298426, 0.0103192, 0.954377]], [[0.82685, 0.496654, -0.263919], [-0.514668, 0.857389, 0.00103049], [0.226793, 0.134979, 0.964544]]], "btipPosition": [23.5558, 176.254, 122.789], "carpPosition": [-17.1767, 150.42, 201.787], "dipPosition": [18.643, 179.178, 143.683], "direction": [0.298425, -0.0103192, -0.954377], "extended": false, "handId": 807, "id": 8070, "length": 48.2387, "mcpPosition": [-17.1767, 150.42, 201.787], "pipPosition": [9.22504, 179.503, 173.802], "stabilizedTipPosition": [23.7296, 187.865, 120.157], "timeVisible": 4.44871, "tipPosition": [20.2537, 180.074, 127.317], "tipVelocity": [-14.1498, 4.41938, -25.1765], "tool": false, "touchDistance": 0.959913, "touchZone": "none", "type": 0, "width": 20.4068}, {"bases": [[[0.671992, -0.62256, -0.401056], [0.702402, 0.707404, 0.0788089], [0.234645, -0.334661, 0.912657]], [[0.70919, -0.686104, -0.16221], [0.701983, 0.708518, 0.0722687], [0.0653445, -0.165121, 0.984106]], [[0.70919, -0.686104, -0.16221], [0.701983, 0.708518, 0.0722687], [0.0653445, -0.165121, 0.984106]], [[0.70919, -0.686104, -0.16221], [0.652417, 0.725874, -0.217851], [0.267212, 0.0486698, 0.962408]]], "btipPosition": [-11.1851, 193.986, 52.8831], "carpPosition": [-36.1501, 160.707, 194.126], "dipPosition": [-15.4109, 194.756, 68.103], "direction": [0.0653445, 0.16512, -0.984106], "extended": true, "handId": 807, "id": 8071, "length": 54.432, "mcpPosition": [-19.4712, 184.495, 129.253], "pipPosition": [-16.8728, 191.061, 90.1194], "stabilizedTipPosition": [-11.7965, 200.172, 39.6548], "timeVisible": 4.44871, "tipPosition": [-8.82988, 196.979, 57.1444], "tipVelocity": [-19.1708, 22.0935, -13.7451], "tool": false, "touchDistance": 0.203717, "touchZone": "hovering", "type": 1, "width": 19.4926}, {"bases": [[[0.567861, -0.773463, -0.281584], [0.810879, 0.58445, 0.0298891], [0.141454, -0.245304, 0.959071]], [[0.575321, -0.78678, -0.223568], [0.070241, 0.31985, -0.944861], [0.814906, 0.527895, 0.239281]], [[0.575321, -0.78678, -0.223568], [-0.770951, -0.430328, -0.469523], [0.273204, 0.442487, -0.854146]], [[0.575321, -0.78678, -0.223568], [-0.727622, -0.617158, 0.29947], [-0.373594, -0.00961848, -0.927542]]], "btipPosition": [1.50375, 136.239, 152.307], "carpPosition": [-45.0804, 154.734, 189.016], "dipPosition": [8.00197, 136.072, 136.173], "direction": [0.273204, -0.442487, 0.854146], "extended": false, "handId": 807, "id": 8072, "length": 62.0209, "mcpPosition": [-35.5452, 171.27, 124.367], "pipPosition": [0.811075, 147.718, 113.692], "stabilizedTipPosition": [7.54936, 133.619, 132.929], "timeVisible": 4.44871, "tipPosition": [3.01075, 135.549, 149.034], "tipVelocity": [2.23146, 5.85332, -22.3724], "tool": false, "touchDistance": 1, "touchZone": "none", "type": 2, "width": 19.1443}, {"bases": [[[0.519733, -0.842973, -0.138827], [0.853474, 0.519578, 0.0402527], [0.0381995, -0.139406, 0.989498]], [[0.521089, -0.849816, -0.0792427], [0.169483, 0.194023, -0.966246], [0.836506, 0.49007, 0.245132]], [[0.521089, -0.849816, -0.0792427], [-0.774887, -0.432128, -0.461319], [0.357793, 0.301792, -0.883689]], [[0.521089, -0.849816, -0.0792427], [-0.818325, -0.523834, 0.236522], [-0.24251, -0.0584027, -0.968389]]], "btipPosition": [-10.4948, 127.743, 154.339], "carpPosition": [-52.3808, 146.302, 184.956], "dipPosition": [-6.30091, 126.733, 137.591], "direction": [0.357793, -0.301792, 0.883689], "extended": false, "handId": 807, "id": 8073, "length": 59.6348, "mcpPosition": [-50.069, 154.739, 125.07], "pipPosition": [-15.475, 134.472, 114.933], "stabilizedTipPosition": [-4.51814, 124.752, 136.366], "timeVisible": 4.44871, "tipPosition": [-10.0357, 127.287, 151.371], "tipVelocity": [1.32898, 5.8376, -19.6971], "tool": false, "touchDistance": 1, "touchZone": "none", "type": 3, "width": 18.217}, {"bases": [[[0.372451, -0.927627, -0.0280998], [0.923921, 0.367769, 0.105431], [-0.0874661, -0.0652298, 0.99403]], [[0.342871, -0.918217, 0.198286], [0.363647, -0.0648844, -0.929274], [0.866141, 0.390728, 0.31166]], [[0.342871, -0.918217, 0.198286], [-0.747591, -0.394533, -0.534276], [0.568812, 0.0349512, -0.821725]], [[0.342871, -0.918217, 0.198286], [-0.939188, -0.339369, 0.0524819], [0.0191024, -0.204222, -0.978738]]], "btipPosition": [-20.9462, 126.478, 147.333], "carpPosition": [-54.9957, 132.986, 182.731], "dipPosition": [-21.251, 123.22, 131.718], "direction": [0.568812, -0.0349512, 0.821725], "extended": false, "handId": 807, "id": 8074, "length": 46.7525, "mcpPosition": [-59.8959, 136.641, 127.042], "pipPosition": [-31.5485, 123.853, 116.841], "stabilizedTipPosition": [-17.4537, 121.698, 130.832], "timeVisible": 4.44871, "tipPosition": [-21.8959, 124.855, 144.708], "tipVelocity": [0.747882, 5.62265, -17.4797], "tool": false, "touchDistance": 1, "touchZone": "none", "type": 4, "width": 16.1818}], "r": [[0.937527, -0.265205, -0.225189], [0.175053, 0.918935, -0.353433], [0.300666, 0.291933, 0.907951]], "s": 1.1738, "t": [49.409, -42.8325, -22.1827], "timestamp": 747401119117}, {"currentFrameRate": 115.215, "devices": [], "gestures": [], "hands": [{"armBasis": [[0.99587, 0.001906, 0.0907669], [-0.0821776, -0.40603, 0.910157], [0.0385889, -0.913858, -0.404197]], "armWidth": 63.4054, "confidence": 1, "direction": [0.0118522, 0.324979, -0.945647], "elbow": [-54.3631, -118.115, 96.9355], "grabAngle": 2.62615, "grabStrength": 0, "id": 807, "palmNormal": [0.729026, -0.650084, -0.21427], "palmPosition": [-34.8168, 158.692, 145.595], "palmVelocity": [-0.62505, 2.67342, -12.5247], "palmWidth": 87.9125, "pinchDistance": 65.3155, "pinchStrength": 0.324798, "r": [[0.937787, -0.265236, -0.224064], [0.175706, 0.919123, -0.352619], [0.29947, 0.291312, 0.908546]], "s": 1.17364, "sphereCenter": [-5.86119, 144.424, 119.479], "sphereRadius": 45.3689, "stabilizedPalmPosition": [-31.734, 156.613, 131.149], "t": [-49.4219, -42.7954, -22.2949], "timeVisible": 4.45737, "type": "left", "wrist": [-44.2965, 120.281, 202.378]}], "id": 1369430, "interactionBox": {"center": [0, 200, 0], "size": [235.247, 235.247, 147.751]}, "pointables": [{"bases": [[[0.925142, 0.368475, -0.0913137], [-0.220131, 0.716681, 0.661748], [0.309281, -0.59211, 0.744145]], [[0.827339, 0.496559, -0.262564], [-0.130563, 0.624644, 0.769918], [0.546319, -0.602702, 0.581624]], [[0.827339, 0.496559, -0.262564], [-0.477034, 0.867935, 0.138301], [0.296564, 0.0108301, 0.954952]], [[0.827339, 0.496559, -0.262564], [-0.514957, 0.857214, -0.00147222], [0.224343, 0.136427, 0.964913]]], "btipPosition": [23.4676, 176.223, 122.563], "carpPosition": [-17.0999, 150.452, 201.654], "dipPosition": [18.6078, 179.178, 143.466], "direction": [0.296564, -0.0108301, -0.954952], "extended": false, "handId": 807, "id": 8070, "length": 48.2387, "mcpPosition": [-17.0999, 150.452, 201.654], "pipPosition": [9.24863, 179.52, 173.603], "stabilizedTipPosition": [23.7292, 187.862, 120.159], "timeVisible": 4.45737, "tipPosition": [20.233, 180.072, 127.123], "tipVelocity": [-8.78095, -2.7587, -25.8475], "tool": false, "touchDistance": 0.956182, "touchZone": "none", "type": 0, "width": 20.4068}, {"bases": [[[0.672677, -0.622546, -0.399927], [0.702182, 0.707522, 0.0797054], [0.233337, -0.334437, 0.913075]], [[0.709481, -0.685897, -0.161811], [0.701784, 0.708598, 0.0734051], [0.0643106, -0.165636, 0.984088]], [[0.709481, -0.685897, -0.161811], [0.701784, 0.708598, 0.0734051], [0.0643106, -0.165636, 0.984088]], [[0.709481, -0.685897, -0.161811], [0.653422, 0.726259, -0.21351], [0.263962, 0.0457502, 0.963447]]], "btipPosition": [-11.3269, 194.082, 52.7312], "carpPosition": [-36.0833, 160.741, 194.019], "dipPosition": [-15.5013, 194.805, 67.9675], "direction": [0.0643106, 0.165636, -0.984088], "extended": true, "handId": 807, "id": 8071, "length": 54.432, "mcpPosition": [-19.4974, 184.513, 129.117], "pipPosition": [-16.94, 191.099, 89.9835], "stabilizedTipPosition": [-11.799, 200.142, 39.7381], "timeVisible": 4.45737, "tipPosition": [-8.97993, 196.965, 56.9853], "tipVelocity": [-15.0087, 9.82433, -17.1067], "tool": false, "touchDistance": 0.201248, "touchZone": "hovering", "type": 1, "width": 19.4926}, {"bases": [[[0.56839, -0.773439, -0.280579], [0.810749, 0.584574, 0.0309726], [0.140063, -0.245084, 0.959331]], [[0.575766, -0.786743, -0.222548], [0.0719115, 0.319866, -0.94473], [0.814446, 0.52794, 0.240744]], [[0.575766, -0.786743, -0.222548], [-0.770086, -0.43037, -0.470903], [0.274702, 0.442512, -0.853652]], [[0.575766, -0.786743, -0.222548], [-0.728541, -0.617216, 0.297108], [-0.371108, -0.00892882, -0.928547]]], "btipPosition": [1.53057, 136.243, 152.136], "carpPosition": [-45.022, 154.768, 188.924], "dipPosition": [7.98555, 136.088, 135.985], "direction": [0.274702, -0.442512, 0.853652], "extended": false, "handId": 807, "id": 8072, "length": 62.0209, "mcpPosition": [-35.5805, 171.289, 124.257], "pipPosition": [0.755226, 147.735, 113.516], "stabilizedTipPosition": [7.54929, 133.619, 132.93], "timeVisible": 4.45737, "tipPosition": [3.00692, 135.569, 148.873], "tipVelocity": [1.94844, 0.796899, -20.1839], "tool": false, "touchDistance": 1, "touchZone": "none", "type": 2, "width": 19.1443}, {"bases": [[[0.520061, -0.842927, -0.137878], [0.853338, 0.51971, 0.041413], [0.0367486, -0.139194, 0.989583]], [[0.521329, -0.849757, -0.0782908], [0.171046, 0.193937, -0.965988], [0.836038, 0.490206, 0.246452]], [[0.521329, -0.849757, -0.0782908], [-0.774158, -0.432353, -0.462331], [0.35902, 0.301636, -0.883244]], [[0.521329, -0.849757, -0.0782908], [-0.818823, -0.523957, 0.234516], [-0.240303, -0.0581537, -0.968954]]], "btipPosition": [-10.4812, 127.759, 154.197], "carpPosition": [-52.3297, 146.335, 184.876], "dipPosition": [-6.32544, 126.753, 137.441], "direction": [0.35902, -0.301636, 0.883244], "extended": false, "handId": 807, "id": 8073, "length": 59.6348, "mcpPosition": [-50.1056, 154.76, 124.985], "pipPosition": [-15.531, 134.487, 114.793], "stabilizedTipPosition": [-4.51824, 124.752, 136.366], "timeVisible": 4.45737, "tipPosition": [-10.0369, 127.308, 151.232], "tipVelocity": [0.562021, 1.86138, -16.5565], "tool": false, "touchDistance": 1, "touchZone": "none", "type": 3, "width": 18.217}, {"bases": [[[0.372626, -0.927578, -0.0273527], [0.92371, 0.367925, 0.106727], [-0.0889342, -0.0650353, 0.993912]], [[0.342708, -0.918125, 0.198992], [0.365062, -0.0650198, -0.92871], [0.86561, 0.390921, 0.312889]], [[0.342708, -0.918125, 0.198992], [-0.746722, -0.394754, -0.535327], [0.57005, 0.0348692, -0.82087]], [[0.342708, -0.918125, 0.198992], [-0.939196, -0.339687, 0.0502277], [0.0214797, -0.204106, -0.978713]]], "btipPosition": [-20.9395, 126.494, 147.21], "carpPosition": [-54.9497, 133.02, 182.658], "dipPosition": [-21.2822, 123.238, 131.595], "direction": [0.57005, -0.0348692, 0.82087], "extended": false, "handId": 807, "id": 8074, "length": 46.7525, "mcpPosition": [-59.9322, 136.664, 126.975], "pipPosition": [-31.6022, 123.869, 116.735], "stabilizedTipPosition": [-17.4542, 121.699, 130.834], "timeVisible": 4.45737, "tipPosition": [-21.907, 124.877, 144.586], "tipVelocity": [-0.236418, 1.92064, -14.1573], "tool": false, "touchDistance": 1, "touchZone": "none", "type": 4, "width": 16.1818}], "r": [[0.937787, -0.265236, -0.224064], [0.175706, 0.919123, -0.352619], [0.29947, 0.291312, 0.908546]], "s": 1.17364, "t": [49.4219, -42.7954, -22.2949], "timestamp": 747401127777}, {"currentFrameRate": 115.213, "devices": [], "gestures": [], "hands": [{"armBasis": [[0.995934, 0.00197481, 0.0900599], [-0.0815082, -0.405922, 0.910266], [0.038355, -0.913905, -0.404111]], "armWidth": 63.4054, "confidence": 1, "direction": [0.0125569, 0.324877, -0.945673], "elbow": [-54.3523, -118.159, 96.79], "grabAngle": 2.62448, "grabStrength": 0, "id": 807, "palmNormal": [0.729255, -0.650038, -0.213631], "palmPosition": [-34.8239, 158.654, 145.43], "palmVelocity": [-0.821606, -4.34525, -18.9855], "palmWidth": 87.9125, "pinchDistance": 65.304, "pinchStrength": 0.325605, "r": [[0.937955, -0.265284, -0.223305], [0.17619, 0.919262, -0.352014], [0.298659, 0.290829, 0.908967]], "s": 1.17356, "sphereCenter": [-5.84154, 144.417, 119.34], "sphereRadius": 45.3658, "stabilizedPalmPosition": [-31.7342, 156.613, 131.15], "t": [-49.4319, -42.7958, -22.4334], "timeVisible": 4.46605, "type": "left", "wrist": [-44.3468, 120.249, 202.21]}], "id": 1369431, "interactionBox": {"center": [0, 200, 0], "size": [235.247, 235.247, 147.751]}, "pointables": [{"bases": [[[0.925106, 0.368377, -0.0920739], [-0.219548, 0.716775, 0.66184], [0.309803, -0.592058, 0.743969]], [[0.827183, 0.496449, -0.263259], [-0.13008, 0.624933, 0.769765], [0.546669, -0.602492, 0.581513]], [[0.827183, 0.496449, -0.263259], [-0.476937, 0.867994, 0.13827], [0.297152, 0.0111833, 0.954765]], [[0.827183, 0.496449, -0.263259], [-0.514983, 0.857199, -0.00162984], [0.224857, 0.136922, 0.964724]]], "btipPosition": [23.4642, 176.161, 122.429], "carpPosition": [-17.1499, 150.422, 201.504], "dipPosition": [18.5933, 179.127, 143.327], "direction": [0.297152, -0.0111833, -0.954765], "extended": false, "handId": 807, "id": 8070, "length": 48.2387, "mcpPosition": [-17.1499, 150.422, 201.504], "pipPosition": [9.21554, 179.48, 173.458], "stabilizedTipPosition": [23.729, 187.86, 120.16], "timeVisible": 4.46605, "tipPosition": [20.2424, 180.031, 127], "tipVelocity": [-0.686466, -6.84231, -15.6358], "tool": false, "touchDistance": 0.953919, "touchZone": "none", "type": 0, "width": 20.4068}, {"bases": [[[0.672307, -0.622654, -0.400381], [0.702311, 0.707464, 0.0790814], [0.234015, -0.334359, 0.91293]], [[0.709251, -0.685874, -0.162909], [0.701942, 0.708449, 0.0733272], [0.0651197, -0.16636, 0.983912]], [[0.709251, -0.685874, -0.162909], [0.701942, 0.708449, 0.0733272], [0.0651197, -0.16636, 0.983912]], [[0.709251, -0.685874, -0.162909], [0.65425, 0.726478, -0.210207], [0.262525, 0.042506, 0.963988]]], "btipPosition": [-11.2961, 194.14, 52.5777], "carpPosition": [-36.1283, 160.708, 193.853], "dipPosition": [-15.4478, 194.812, 67.8226], "direction": [0.0651197, 0.16636, -0.983912], "extended": true, "handId": 807, "id": 8071, "length": 54.432, "mcpPosition": [-19.4942, 184.475, 128.961], "pipPosition": [-16.9046, 191.09, 89.8347], "stabilizedTipPosition": [-11.8007, 200.12, 39.7991], "timeVisible": 4.46605, "tipPosition": [-8.94265, 196.903, 56.8316], "tipVelocity": [4.14544, 5.34603, -17.4432], "tool": false, "touchDistance": 0.198723, "touchZone": "hovering", "type": 1, "width": 19.4926}, {"bases": [[[0.568098, -0.773524, -0.280936], [0.810829, 0.5845, 0.0302777], [0.140786, -0.244992, 0.959249]], [[0.575518, -0.786823, -0.22291], [0.0717083, 0.32008, -0.944673], [0.814639, 0.527692, 0.240634]], [[0.575518, -0.786823, -0.22291], [-0.770375, -0.430158, -0.470623], [0.274411, 0.442577, -0.853712]], [[0.575518, -0.786823, -0.22291], [-0.728874, -0.617125, 0.296477], [-0.370838, -0.00815486, -0.928662]]], "btipPosition": [1.54449, 136.199, 151.978], "carpPosition": [-45.0624, 154.734, 188.751], "dipPosition": [7.99478, 136.057, 135.825], "direction": [0.274411, -0.442577, 0.853712], "extended": false, "handId": 807, "id": 8072, "length": 62.0209, "mcpPosition": [-35.5723, 171.248, 124.09], "pipPosition": [0.772114, 147.706, 113.355], "stabilizedTipPosition": [7.54922, 133.619, 132.93], "timeVisible": 4.46605, "tipPosition": [2.99949, 135.536, 148.739], "tipVelocity": [1.47833, -4.73985, -18.2873], "tool": false, "touchDistance": 1, "touchZone": "none", "type": 2, "width": 19.1443}, {"bases": [[[0.519873, -0.842992, -0.13819], [0.85342, 0.519634, 0.0406921], [0.0375051, -0.139089, 0.989569]], [[0.521187, -0.849815, -0.0786029], [0.170676, 0.194027, -0.966035], [0.836202, 0.490069, 0.246168]], [[0.521187, -0.849815, -0.0786029], [-0.774576, -0.432344, -0.461638], [0.358324, 0.301484, -0.883579]], [[0.521187, -0.849815, -0.0786029], [-0.818835, -0.523889, 0.234627], [-0.240568, -0.0579215, -0.968902]]], "btipPosition": [-10.4876, 127.723, 154.041], "carpPosition": [-52.3662, 146.3, 184.699], "dipPosition": [-6.32723, 126.721, 137.285], "direction": [0.358324, -0.301484, 0.883579], "extended": false, "handId": 807, "id": 8073, "length": 59.6348, "mcpPosition": [-50.0963, 154.718, 124.809], "pipPosition": [-15.515, 134.451, 114.629], "stabilizedTipPosition": [-4.51831, 124.752, 136.366], "timeVisible": 4.46605, "tipPosition": [-10.0449, 127.273, 151.089], "tipVelocity": [-0.613928, -4.0281, -18.0442], "tool": false, "touchDistance": 1, "touchZone": "none", "type": 3, "width": 18.217}, {"bases": [[[0.372516, -0.927617, -0.0275406], [0.923828, 0.367848, 0.105968], [-0.0881672, -0.0649177, 0.993988]], [[0.342759, -0.918122, 0.198919], [0.364777, -0.0650559, -0.928819], [0.86571, 0.390922, 0.312611]], [[0.342759, -0.918122, 0.198919], [-0.747021, -0.394773, -0.534897], [0.569628, 0.034744, -0.821168]], [[0.342759, -0.918122, 0.198919], [-0.93918, -0.339722, 0.0503014], [0.0213944, -0.204062, -0.978724]]], "btipPosition": [-20.9358, 126.454, 147.043], "carpPosition": [-54.9832, 132.984, 182.48], "dipPosition": [-21.2772, 123.198, 131.428], "direction": [0.569628, -0.034744, 0.821168], "extended": false, "handId": 807, "id": 8074, "length": 46.7525, "mcpPosition": [-59.9227, 136.621, 126.793], "pipPosition": [-31.5895, 123.827, 116.562], "stabilizedTipPosition": [-17.4546, 121.699, 130.836], "timeVisible": 4.46605, "tipPosition": [-21.9091, 124.841, 144.434], "tipVelocity": [0.463542, -4.66363, -19.27], "tool": false, "touchDistance": 1, "touchZone": "none", "type": 4, "width": 16.1818}], "r": [[0.937955, -0.265284, -0.223305], [0.17619, 0.919262, -0.352014], [0.298659, 0.290829, 0.908967]], "s": 1.17356, "t": [49.4319, -42.7958, -22.4334], "timestamp": 747401136461}, {"currentFrameRate": 115.251, "devices": [], "gestures": [], "hands": [{"armBasis": [[0.995946, 0.00179202, 0.0899327], [-0.0814797, -0.405588, 0.910417], [0.0381071, -0.914054, -0.403798]], "armWidth": 63.4054, "confidence": 1, "direction": [0.0125675, 0.32451, -0.945799], "elbow": [-54.2937, -118.222, 96.6991], "grabAngle": 2.62266, "grabStrength": 0, "id": 807, "palmNormal": [0.729115, -0.650263, -0.213422], "palmPosition": [-34.8325, 158.606, 145.243], "palmVelocity": [-0.992101, -5.50784, -21.7696], "palmWidth": 87.9125, "pinchDistance": 65.2984, "pinchStrength": 0.325691, "r": [[0.938101, -0.265303, -0.222666], [0.176545, 0.919353, -0.351599], [0.297989, 0.290525, 0.909284]], "s": 1.17354, "sphereCenter": [-5.84144, 144.374, 119.158], "sphereRadius": 45.367, "stabilizedPalmPosition": [-31.7343, 156.613, 131.15], "t": [-49.4411, -42.8197, -22.5964], "timeVisible": 4.47467, "type": "left", "wrist": [-44.3527, 120.225, 202.037]}], "id": 1369432, "interactionBox": {"center": [0, 200, 0], "size": [235.247, 235.247, 147.751]}, "pointables": [{"bases": [[[0.925039, 0.368523, -0.0921637], [-0.219726, 0.716986, 0.661552], [0.309877, -0.591711, 0.744214]], [[0.827183, 0.496432, -0.263292], [-0.130181, 0.625095, 0.769616], [0.546645, -0.602338, 0.581695]], [[0.827183, 0.496432, -0.263292], [-0.476992, 0.868, 0.138037], [0.297064, 0.0114067, 0.95479]], [[0.827183, 0.496432, -0.263292], [-0.515025, 0.857173, -0.00186708], [0.22476, 0.137147, 0.964714]]], "btipPosition": [23.4512, 176.112, 122.234], "carpPosition": [-17.1569, 150.393, 201.318], "dipPosition": [18.5823, 179.083, 143.132], "direction": [0.297064, -0.0114067, -0.95479], "extended": false, "handId": 807, "id": 8070, "length": 48.2387, "mcpPosition": [-17.1569, 150.393, 201.318], "pipPosition": [9.20739, 179.443, 173.264], "stabilizedTipPosition": [23.7287, 187.858, 120.162], "timeVisible": 4.47467, "tipPosition": [20.2398, 179.961, 126.801], "tipVelocity": [-1.45592, -5.52104, -22.6083], "tool": false, "touchDistance": 0.950674, "touchZone": "none", "type": 0, "width": 20.4068}, {"bases": [[[0.672451, -0.622676, -0.400104], [0.702168, 0.707632, 0.0788486], [0.234029, -0.333962, 0.913072]], [[0.709376, -0.685746, -0.162907], [0.701806, 0.708594, 0.0732273], [0.0652198, -0.166275, 0.98392]], [[0.709376, -0.685746, -0.162907], [0.701806, 0.708594, 0.0732273], [0.0652198, -0.166275, 0.98392]], [[0.709376, -0.685746, -0.162907], [0.655032, 0.726741, -0.206835], [0.260227, 0.0400143, 0.964718]]], "btipPosition": [-11.3306, 194.117, 52.3674], "carpPosition": [-36.1337, 160.68, 193.665], "dipPosition": [-15.4459, 194.75, 67.6238], "direction": [0.0652198, 0.166275, -0.98392], "extended": true, "handId": 807, "id": 8071, "length": 54.432, "mcpPosition": [-19.4986, 184.418, 128.763], "pipPosition": [-16.905, 191.03, 89.6361], "stabilizedTipPosition": [-11.8019, 200.105, 39.8413], "timeVisible": 4.47467, "tipPosition": [-8.96152, 196.807, 56.6251], "tipVelocity": [-3.03825, -3.68456, -24.1105], "tool": false, "touchDistance": 0.195262, "touchZone": "hovering", "type": 1, "width": 19.4926}, {"bases": [[[0.568266, -0.77352, -0.280606], [0.810712, 0.58467, 0.0300983], [0.140781, -0.244595, 0.959351]], [[0.575685, -0.786795, -0.222575], [0.0722426, 0.320083, -0.944631], [0.814474, 0.527731, 0.241107]], [[0.575685, -0.786795, -0.222575], [-0.770062, -0.430165, -0.471129], [0.274938, 0.442618, -0.853521]], [[0.575685, -0.786795, -0.222575], [-0.72935, -0.617167, 0.295219], [-0.369643, -0.00761818, -0.929143]]], "btipPosition": [1.56453, 136.131, 151.768], "carpPosition": [-45.0693, 154.705, 188.566], "dipPosition": [7.99401, 135.999, 135.606], "direction": [0.274938, -0.442618, 0.853521], "extended": false, "handId": 807, "id": 8072, "length": 62.0209, "mcpPosition": [-35.5795, 171.193, 123.898], "pipPosition": [0.757475, 147.649, 113.141], "stabilizedTipPosition": [7.54917, 133.619, 132.93], "timeVisible": 4.47467, "tipPosition": [2.98676, 135.484, 148.557], "tipVelocity": [1.77124, -7.60679, -24.6168], "tool": false, "touchDistance": 1, "touchZone": "none", "type": 2, "width": 19.1443}, {"bases": [[[0.520046, -0.842943, -0.137837], [0.853315, 0.519817, 0.04054], [0.0374768, -0.138701, 0.989625]], [[0.521358, -0.849743, -0.0782466], [0.171092, 0.193923, -0.965982], [0.83601, 0.490235, 0.246488]], [[0.521358, -0.849743, -0.0782466], [-0.774372, -0.432595, -0.461746], [0.358517, 0.301327, -0.883554]], [[0.521358, -0.849743, -0.0782466], [-0.818977, -0.524015, 0.233849], [-0.239714, -0.0578369, -0.969119]]], "btipPosition": [-10.4863, 127.666, 153.845], "carpPosition": [-52.3749, 146.271, 184.518], "dipPosition": [-6.34069, 126.666, 137.086], "direction": [0.358517, -0.301327, 0.883554], "extended": false, "handId": 807, "id": 8073, "length": 59.6348, "mcpPosition": [-50.1068, 154.666, 124.624], "pipPosition": [-15.5334, 134.392, 114.43], "stabilizedTipPosition": [-4.51838, 124.752, 136.366], "timeVisible": 4.47467, "tipPosition": [-10.0585, 127.224, 150.91], "tipVelocity": [-0.241326, -6.54324, -22.7702], "tool": false, "touchDistance": 1, "touchZone": "none", "type": 3, "width": 18.217}, {"bases": [[[0.3727, -0.927554, -0.0271627], [0.92375, 0.36807, 0.105879], [-0.0882104, -0.0645525, 0.994008]], [[0.34291, -0.917962, 0.199396], [0.365342, -0.0652282, -0.928585], [0.865412, 0.391269, 0.313002]], [[0.34291, -0.917962, 0.199396], [-0.746543, -0.395148, -0.535287], [0.570164, 0.0346976, -0.820798]], [[0.34291, -0.917962, 0.199396], [-0.9391, -0.340075, 0.049403], [0.0224595, -0.204193, -0.978673]]], "btipPosition": [-20.9328, 126.396, 146.845], "carpPosition": [-54.9947, 132.955, 182.304], "dipPosition": [-21.2911, 123.138, 131.231], "direction": [0.570164, -0.0346976, 0.820798], "extended": false, "handId": 807, "id": 8074, "length": 46.7525, "mcpPosition": [-59.9366, 136.572, 126.615], "pipPosition": [-31.6131, 123.766, 116.371], "stabilizedTipPosition": [-17.4549, 121.7, 130.837], "timeVisible": 4.47467, "tipPosition": [-21.9226, 124.792, 144.257], "tipVelocity": [-0.100703, -6.79921, -22.9582], "tool": false, "touchDistance": 1, "touchZone": "none", "type": 4, "width": 16.1818}], "r": [[0.938101, -0.265303, -0.222666], [0.176545, 0.919353, -0.351599], [0.297989, 0.290525, 0.909284]], "s": 1.17354, "t": [49.4411, -42.8197, -22.5964], "timestamp": 747401145073}, {"currentFrameRate": 115.228, "devices": [], "gestures": [], "hands": [{"armBasis": [[0.995932, 0.00182272, 0.0900881], [-0.0815737, -0.406442, 0.910028], [0.0382743, -0.913675, -0.40464]], "armWidth": 63.4054, "confidence": 1, "direction": [0.012488, 0.325416, -0.945489], "elbow": [-54.283, -118.189, 96.2907], "grabAngle": 2.62107, "grabStrength": 0, "id": 807, "palmNormal": [0.729232, -0.649923, -0.214057], "palmPosition": [-34.7814, 158.596, 145.09], "palmVelocity": [5.85583, -1.16473, -17.4858], "palmWidth": 87.9125, "pinchDistance": 65.277, "pinchStrength": 0.325691, "r": [[0.938209, -0.26531, -0.222202], [0.176865, 0.919486, -0.35109], [0.29746, 0.290096, 0.909594]], "s": 1.17358, "sphereCenter": [-5.78527, 144.402, 118.99], "sphereRadius": 45.368, "stabilizedPalmPosition": [-31.7344, 156.613, 131.151], "t": [-49.4202, -42.8367, -22.7542], "timeVisible": 4.48338, "type": "left", "wrist": [-44.2985, 120.159, 201.848]}], "id": 1369433, "interactionBox": {"center": [0, 200, 0], "size": [235.247, 235.247, 147.751]}, "pointables": [{"bases": [[[0.925109, 0.368439, -0.0917932], [-0.219606, 0.716395, 0.662232], [0.309752, -0.592479, 0.743655]], [[0.827388, 0.496428, -0.262656], [-0.130216, 0.624486, 0.770105], [0.546327, -0.602973, 0.581335]], [[0.827388, 0.496428, -0.262656], [-0.476793, 0.868014, 0.138637], [0.296813, 0.0105263, 0.954878]], [[0.827388, 0.496428, -0.262656], [-0.514544, 0.857464, -0.000221854], [0.225108, 0.135332, 0.964889]]], "btipPosition": [23.4891, 176.149, 122.084], "carpPosition": [-17.1032, 150.332, 201.158], "dipPosition": [18.6128, 179.081, 142.986], "direction": [0.296813, -0.0105263, -0.954878], "extended": false, "handId": 807, "id": 8070, "length": 48.2387, "mcpPosition": [-17.1032, 150.332, 201.158], "pipPosition": [9.24575, 179.413, 173.12], "stabilizedTipPosition": [23.7286, 187.857, 120.162], "timeVisible": 4.48338, "tipPosition": [20.2892, 179.975, 126.668], "tipVelocity": [4.1582, 3.24441, -17.0943], "tool": false, "touchDistance": 0.94819, "touchZone": "none", "type": 0, "width": 20.4068}, {"bases": [[[0.672343, -0.622419, -0.400685], [0.702298, 0.707426, 0.0795385], [0.233949, -0.334877, 0.912757]], [[0.709229, -0.685661, -0.1639], [0.701945, 0.708371, 0.0740574], [0.0653236, -0.167572, 0.983693]], [[0.709229, -0.685661, -0.1639], [0.701945, 0.708371, 0.0740574], [0.0653236, -0.167572, 0.983693]], [[0.709229, -0.685661, -0.1639], [0.656091, 0.727029, -0.202419], [0.25795, 0.0360281, 0.965486]]], "btipPosition": [-11.3143, 194.269, 52.2413], "carpPosition": [-36.082, 160.623, 193.514], "dipPosition": [-15.3936, 194.839, 67.5098], "direction": [0.0653236, 0.167572, -0.983693], "extended": true, "handId": 807, "id": 8071, "length": 54.432, "mcpPosition": [-19.4527, 184.426, 128.634], "pipPosition": [-16.855, 191.09, 89.5171], "stabilizedTipPosition": [-11.8031, 200.09, 39.8835], "timeVisible": 4.48338, "tipPosition": [-8.93289, 196.876, 56.5056], "tipVelocity": [2.82531, 15.7819, -14.1472], "tool": false, "touchDistance": 0.193207, "touchZone": "hovering", "type": 1, "width": 19.4926}, {"bases": [[[0.568127, -0.773358, -0.281334], [0.810821, 0.58449, 0.0306729], [0.140716, -0.245537, 0.95912]], [[0.575543, -0.78669, -0.223315], [0.0726886, 0.32121, -0.944214], [0.814535, 0.527203, 0.242053]], [[0.575543, -0.78669, -0.223315], [-0.76992, -0.429228, -0.472215], [0.275634, 0.443714, -0.852727]], [[0.575543, -0.78669, -0.223315], [-0.729951, -0.617321, 0.293406], [-0.368676, -0.00585871, -0.92954]]], "btipPosition": [1.65064, 136.105, 151.571], "carpPosition": [-45.0167, 154.652, 188.41], "dipPosition": [8.06332, 136.003, 135.403], "direction": [0.275634, -0.443714, 0.852727], "extended": false, "handId": 807, "id": 8072, "length": 62.0209, "mcpPosition": [-35.5313, 171.203, 123.757], "pipPosition": [0.808463, 147.682, 112.958], "stabilizedTipPosition": [7.54911, 133.619, 132.93], "timeVisible": 4.48338, "tipPosition": [3.04239, 135.48, 148.38], "tipVelocity": [9.43466, -2.15779, -22.7336], "tool": false, "touchDistance": 1, "touchZone": "none", "type": 2, "width": 19.1443}, {"bases": [[[0.519892, -0.842908, -0.138631], [0.853411, 0.519619, 0.0410535], [0.037431, -0.139653, 0.989493]], [[0.521201, -0.849765, -0.0790478], [0.171352, 0.194934, -0.965732], [0.836055, 0.489796, 0.247209]], [[0.521201, -0.849765, -0.0790478], [-0.774341, -0.431923, -0.462427], [0.358812, 0.302227, -0.883127]], [[0.521201, -0.849765, -0.0790478], [-0.819231, -0.524121, 0.232718], [-0.239186, -0.0565343, -0.969327]]], "btipPosition": [-10.4164, 127.645, 153.652], "carpPosition": [-52.3208, 146.221, 184.354], "dipPosition": [-6.27991, 126.667, 136.889], "direction": [0.358811, -0.302227, 0.883127], "extended": false, "handId": 807, "id": 8073, "length": 59.6348, "mcpPosition": [-50.0554, 154.672, 124.468], "pipPosition": [-15.4801, 134.417, 114.245], "stabilizedTipPosition": [-4.51844, 124.752, 136.366], "timeVisible": 4.48338, "tipPosition": [-10.0009, 127.213, 150.727], "tipVelocity": [7.77787, -1.78641, -22.2417], "tool": false, "touchDistance": 1, "touchZone": "none", "type": 3, "width": 18.217}, {"bases": [[[0.372527, -0.927597, -0.0280413], [0.923816, 0.367797, 0.106249], [-0.0882424, -0.0654855, 0.993944]], [[0.34273, -0.918211, 0.198555], [0.365487, -0.0643778, -0.928587], [0.865422, 0.390824, 0.31353]], [[0.34273, -0.918211, 0.198555], [-0.746383, -0.394496, -0.535989], [0.570481, 0.0355012, -0.820543]], [[0.34273, -0.918211, 0.198555], [-0.939152, -0.340066, 0.0484619], [0.0230236, -0.203083, -0.978891]]], "btipPosition": [-20.863, 126.381, 146.653], "carpPosition": [-54.9381, 132.906, 182.127], "dipPosition": [-21.2303, 123.141, 131.036], "direction": [0.570481, -0.0355012, 0.820543], "extended": false, "handId": 807, "id": 8074, "length": 46.7525, "mcpPosition": [-59.8818, 136.575, 126.442], "pipPosition": [-31.558, 123.784, 116.181], "stabilizedTipPosition": [-17.4552, 121.7, 130.837], "timeVisible": 4.48338, "tipPosition": [-21.8644, 124.786, 144.071], "tipVelocity": [7.77354, -1.22312, -22.0446], "tool": false, "touchDistance": 1, "touchZone": "none", "type": 4, "width": 16.1818}], "r": [[0.938209, -0.26531, -0.222202], [0.176865, 0.919486, -0.35109], [0.29746, 0.290096, 0.909594]], "s": 1.17358, "t": [49.4202, -42.8367, -22.7542], "timestamp": 747401153791}, {"currentFrameRate": 115.238, "devices": [], "gestures": [], "hands": [{"armBasis": [[0.996061, 0.00181478, 0.0886533], [-0.0803463, -0.404486, 0.911008], [0.0375123, -0.914542, -0.402747]], "armWidth": 63.4054, "confidence": 1, "direction": [0.0137567, 0.323377, -0.94617], "elbow": [-54.1292, -118.33, 96.7038], "grabAngle": 2.61961, "grabStrength": 0, "id": 807, "palmNormal": [0.729471, -0.650428, -0.211694], "palmPosition": [-34.7535, 158.56, 144.939], "palmVelocity": [3.22629, -4.23051, -17.4021], "palmWidth": 87.9125, "pinchDistance": 65.2625, "pinchStrength": 0.323247, "r": [[0.93824, -0.265401, -0.221964], [0.177016, 0.919443, -0.351126], [0.297272, 0.290149, 0.909639]], "s": 1.17383, "sphereCenter": [-5.73386, 144.304, 118.897], "sphereRadius": 45.3792, "stabilizedPalmPosition": [-31.7345, 156.613, 131.151], "t": [-49.3958, -42.8635, -22.9084], "timeVisible": 4.49204, "type": "left", "wrist": [-44.3435, 120.245, 201.767]}], "id": 1369434, "interactionBox": {"center": [0, 200, 0], "size": [235.247, 235.247, 147.751]}, "pointables": [{"bases": [[[0.924963, 0.368298, -0.0938074], [-0.218778, 0.717806, 0.660977], [0.310772, -0.590856, 0.74452]], [[0.827202, 0.49573, -0.264554], [-0.12931, 0.626124, 0.768927], [0.546824, -0.601848, 0.582033]], [[0.827202, 0.49573, -0.264554], [-0.476498, 0.868387, 0.137308], [0.297803, 0.0124779, 0.954546]], [[0.827202, 0.49573, -0.264554], [-0.51286, 0.858458, 0.00500787], [0.229591, 0.131537, 0.964358]]], "btipPosition": [23.5949, 176.199, 121.963], "carpPosition": [-17.1498, 150.415, 201.048], "dipPosition": [18.6214, 179.048, 142.853], "direction": [0.297803, -0.0124779, -0.954546], "extended": false, "handId": 807, "id": 8070, "length": 48.2387, "mcpPosition": [-17.1498, 150.415, 201.048], "pipPosition": [9.22313, 179.442, 172.977], "stabilizedTipPosition": [23.7284, 187.855, 120.163], "timeVisible": 4.49204, "tipPosition": [20.3588, 179.872, 126.546], "tipVelocity": [9.63292, 3.52361, -14.3278], "tool": false, "touchDistance": 0.946122, "touchZone": "none", "type": 0, "width": 20.4068}, {"bases": [[[0.671855, -0.623239, -0.40023], [0.702356, 0.707639, 0.0770874], [0.2