{"frames": 76, "data": [{"currentFrameRate": 112.281, "devices": [], "gestures": [], "hands": [{"armBasis": [[0.119224, -0.893492, -0.432965], [0.977916, 0.181069, -0.10438], [0.171659, -0.410959, 0.895347]], "armWidth": 63.4054, "confidence": 1, "direction": [-0.256495, 0.34959, -0.901109], "elbow": [-126.813, 26.4664, 314.015], "grabAngle": 2.66769, "grabStrength": 0, "id": 812, "palmNormal": [0.956533, -0.0420316, -0.288578], "palmPosition": [-91.3075, 166.758, 15.4121], "palmVelocity": [-29.504, 16.102, -7.14192], "palmWidth": 87.9125, "pinchDistance": 58.1728, "pinchStrength": 0.345034, "r": [[0.397764, -0.207276, -0.893768], [-0.899825, -0.278359, -0.335905], [-0.179164, 0.937845, -0.297233]], "s": 1.92849, "sphereCenter": [-56.1455, 168.648, -15.0771], "sphereRadius": 46.6136, "stabilizedPalmPosition": [-87.5112, 161.509, 17.4811], "t": [-12.2183, 48.5685, -39.1717], "timeVisible": 3.89367, "type": "left", "wrist": [-82.0329, 133.672, 80.4473]}], "id": 1376248, "interactionBox": {"center": [0, 200, 0], "size": [235.247, 235.247, 147.751]}, "pointables": [{"bases": [[[0.961436, -0.270817, -0.0479448], [0.216002, 0.635619, 0.741169], [-0.170247, -0.722943, 0.669604]], [[0.97224, -0.0700757, -0.223247], [0.2134, 0.65688, 0.723166], [0.0959702, -0.750732, 0.653599]], [[0.97224, -0.0700757, -0.223247], [0.170735, 0.864867, 0.472074], [0.159998, -0.497085, 0.852823]], [[0.97224, -0.0700757, -0.223247], [0.117907, 0.970836, 0.208747], [0.202108, -0.229275, 0.952148]]], "btipPosition": [-54.2325, 222.848, -8.93342], "carpPosition": [-68.2885, 165.986, 70.1289], "dipPosition": [-58.6106, 217.881, 11.6923], "direction": [0.159998, 0.497085, -0.852823], "extended": true, "handId": 812, "id": 8120, "length": 48.2387, "mcpPosition": [-68.2885, 165.986, 70.1289], "pipPosition": [-63.6599, 202.194, 38.6063], "stabilizedTipPosition": [-53.02, 216.985, -3.89644], "timeVisible": 3.89367, "tipPosition": [-55.232, 219.721, -3.3722], "tipVelocity": [-36.8113, 57.0133, 8.79385], "tool": false, "touchDistance": 0.212259, "touchZone": "hovering", "type": 0, "width": 20.4068}, {"bases": [[[0.179855, -0.863976, -0.470317], [0.980003, 0.116, 0.161672], [-0.0851238, -0.48999, 0.867562]], [[0.169584, -0.911938, -0.373645], [0.982626, 0.185478, -0.00670852], [0.0754206, -0.366015, 0.927548]], [[0.169584, -0.911938, -0.373645], [0.982626, 0.185478, -0.00670852], [0.0754206, -0.366015, 0.927548]], [[0.169584, -0.911938, -0.373645], [0.914059, 0.287281, -0.286295], [0.368425, -0.292982, 0.882284]]], "btipPosition": [-85.6302, 225.307, -69.5133], "carpPosition": [-90.0924, 163.101, 63.7428], "dipPosition": [-91.4566, 220.674, -55.5605], "direction": [0.0754206, 0.366015, -0.927548], "extended": true, "handId": 812, "id": 8121, "length": 54.432, "mcpPosition": [-96.1431, 197.93, 2.07534], "pipPosition": [-93.144, 212.485, -34.8094], "stabilizedTipPosition": [-86.9852, 224.243, -66.301], "timeVisible": 3.89367, "tipPosition": [-82.9159, 223.282, -64.4186], "tipVelocity": [10.2949, -0.886738, -2.58225], "tool": false, "touchDistance": -0.296065, "touchZone": "touching", "type": 1, "width": 19.4926}, {"bases": [[[-0.00301851, -0.929263, -0.369406], [0.994194, -0.0425208, 0.0988398], [-0.107556, -0.366963, 0.923997]], [[-0.00946254, -0.949596, -0.313335], [0.511076, 0.264738, -0.81775], [0.859484, -0.167876, 0.48281]], [[-0.00946254, -0.949596, -0.313335], [-0.855029, 0.170161, -0.489869], [0.518494, 0.263275, -0.813542]], [[-0.00946254, -0.949596, -0.313335], [-0.988467, -0.03848, 0.146469], [-0.151143, 0.311107, -0.938279]]], "btipPosition": [-51.7563, 173.288, 11.8878], "carpPosition": [-93.8694, 153.403, 57.9798], "dipPosition": [-49.1273, 178.699, -4.43243], "direction": [0.518494, -0.263275, 0.813542], "extended": false, "handId": 812, "id": 8122, "length": 62.0209, "mcpPosition": [-101.12, 178.139, -4.30521], "pipPosition": [-62.7744, 185.629, -25.8454], "stabilizedTipPosition": [-48.0837, 171.151, 9.2438], "timeVisible": 3.89367, "tipPosition": [-48.013, 176.548, 1.4816], "tipVelocity": [-31.867, 13.4739, -13.1277], "tool": false, "touchDistance": 0.333333, "touchZone": "none", "type": 2, "width": 19.1443}, {"bases": [[[-0.0937513, -0.967269, -0.235799], [0.987503, -0.12048, 0.101599], [-0.126683, -0.223327, 0.966476]], [[-0.101179, -0.97892, -0.177421], [0.501106, 0.103916, -0.859124], [0.859451, -0.175832, 0.480029]], [[-0.101179, -0.97892, -0.177421], [-0.834203, 0.180653, -0.521028], [0.542096, 0.0952879, -0.834896]], [[-0.101179, -0.97892, -0.177421], [-0.985917, 0.0747923, 0.149579], [-0.133156, 0.190056, -0.972701]]], "btipPosition": [-55.311, 157.738, 12.8552], "carpPosition": [-94.7838, 142.681, 52.9702], "dipPosition": [-53.0082, 161.025, -3.9665], "direction": [0.542096, -0.0952879, 0.834896], "extended": false, "handId": 812, "id": 8123, "length": 59.6348, "mcpPosition": [-102.451, 156.197, -5.52225], "pipPosition": [-66.908, 163.468, -25.374], "stabilizedTipPosition": [-51.8265, 155.831, 9.98494], "timeVisible": 3.89367, "tipPosition": [-52.0718, 159.377, 3.2278], "tipVelocity": [-32.9731, 13.7697, -13.4131], "tool": false, "touchDistance": 0.333333, "touchZone": "none", "type": 3, "width": 18.217}, {"bases": [[[-0.26965, -0.953324, -0.135879], [0.945802, -0.288713, 0.148671], [-0.180962, -0.0884255, 0.979507]], [[-0.275255, -0.955649, -0.10474], [0.517525, -0.0554774, -0.853868], [0.810187, -0.289237, 0.509842]], [[-0.275255, -0.955649, -0.10474], [-0.75415, 0.282208, -0.592973], [0.596232, -0.0842287, -0.798382]], [[-0.275255, -0.955649, -0.10474], [-0.959543, 0.266379, 0.0912148], [-0.0592688, 0.12561, -0.990308]]], "btipPosition": [-62.6635, 144.782, 7.89851], "carpPosition": [-88.8897, 130.841, 49.2075], "dipPosition": [-61.7179, 146.786, -7.90117], "direction": [0.596232, 0.0842287, 0.798382], "extended": false, "handId": 812, "id": 8124, "length": 46.7525, "mcpPosition": [-99.0279, 135.795, -5.66842], "pipPosition": [-72.5118, 145.261, -22.3547], "stabilizedTipPosition": [-59.5971, 143.002, 5.20601], "timeVisible": 3.89367, "tipPosition": [-61.1416, 145.88, -0.0228784], "tipVelocity": [-34.4321, 13.1805, -13.4569], "tool": false, "touchDistance": 0.333333, "touchZone": "none", "type": 4, "width": 16.1818}], "r": [[0.397764, -0.207276, -0.893768], [-0.899825, -0.278359, -0.335905], [-0.179164, 0.937845, -0.297233]], "s": 1.92849, "t": [12.2183, 48.5685, -39.1717], "timestamp": 747461267757}, {"currentFrameRate": 112.102, "devices": [], "gestures": [], "hands": [{"armBasis": [[0.120915, -0.893411, -0.432662], [0.97787, 0.18217, -0.102883], [0.170735, -0.410647, 0.895666]], "armWidth": 63.4054, "confidence": 1, "direction": [-0.257901, 0.350059, -0.900525], "elbow": [-126.756, 26.6769, 313.993], "grabAngle": 2.67258, "grabStrength": 0, "id": 812, "palmNormal": [0.955934, -0.0428741, -0.290435], "palmPosition": [-91.5813, 166.909, 15.3316], "palmVelocity": [-29.6559, 16.3335, -8.71735], "palmWidth": 87.9125, "pinchDistance": 58.2138, "pinchStrength": 0.335983, "r": [[0.398629, -0.20701, -0.893444], [-0.899403, -0.278765, -0.336698], [-0.179361, 0.937783, -0.297309]], "s": 1.92889, "sphereCenter": [-56.3721, 168.788, -15.2229], "sphereRadius": 46.6531, "stabilizedPalmPosition": [-87.5934, 161.618, 17.4377], "t": [-12.4754, 48.706, -39.2421], "timeVisible": 3.9029, "type": "left", "wrist": [-82.2172, 133.802, 80.3423]}], "id": 1376249, "interactionBox": {"center": [0, 200, 0], "size": [235.247, 235.247, 147.751]}, "pointables": [{"bases": [[[0.961785, -0.269886, -0.0461547], [0.213962, 0.635641, 0.741742], [-0.170848, -0.723272, 0.669096]], [[0.972733, -0.0690721, -0.221402], [0.211667, 0.654592, 0.725746], [0.094799, -0.75282, 0.651364]], [[0.972733, -0.0690721, -0.221402], [0.169729, 0.862579, 0.476603], [0.158056, -0.501186, 0.850783]], [[0.972733, -0.0690721, -0.221402], [0.118884, 0.968166, 0.220274], [0.199139, -0.240589, 0.949979]]], "btipPosition": [-54.5835, 223.438, -8.8395], "carpPosition": [-68.4574, 166.101, 70.0037], "dipPosition": [-58.8973, 218.226, 11.7392], "direction": [0.158056, 0.501186, -0.850783], "extended": true, "handId": 812, "id": 8120, "length": 48.2387, "mcpPosition": [-68.4574, 166.101, 70.0037], "pipPosition": [-63.8853, 202.409, 38.5889], "stabilizedTipPosition": [-53.2283, 217.413, -3.91356], "timeVisible": 3.9029, "tipPosition": [-55.4941, 219.915, -3.52751], "tipVelocity": [-36.418, 57.8452, 9.00337], "tool": false, "touchDistance": 0.213645, "touchZone": "hovering", "type": 0, "width": 20.4068}, {"bases": [[[0.181589, -0.863686, -0.470182], [0.979578, 0.116897, 0.163593], [-0.0863304, -0.490287, 0.867275]], [[0.171136, -0.911838, -0.37318], [0.982144, 0.187925, -0.00878326], [0.078139, -0.365014, 0.927717]], [[0.171136, -0.911838, -0.37318], [0.982144, 0.187925, -0.00878326], [0.078139, -0.365014, 0.927717]], [[0.171136, -0.911838, -0.37318], [0.907856, 0.293094, -0.299823], [0.382767, -0.287483, 0.877976]]], "btipPosition": [-85.5042, 225.316, -69.5191], "carpPosition": [-90.2764, 163.239, 63.6589], "dipPosition": [-91.5574, 220.77, -55.6345], "direction": [0.078139, 0.365014, -0.927717], "extended": true, "handId": 812, "id": 8121, "length": 54.432, "mcpPosition": [-96.4128, 198.089, 2.01192], "pipPosition": [-93.3056, 212.604, -34.8795], "stabilizedTipPosition": [-86.9067, 224.268, -66.3228], "timeVisible": 3.9029, "tipPosition": [-83.4002, 223.47, -64.557], "tipVelocity": [7.99934, 3.19877, -2.32913], "tool": false, "touchDistance": -0.295114, "touchZone": "touching", "type": 1, "width": 19.4926}, {"bases": [[[-0.00141645, -0.929174, -0.369641], [0.994042, -0.0415951, 0.100749], [-0.108989, -0.367296, 0.923697]], [[-0.00794931, -0.949526, -0.313587], [0.512098, 0.265488, -0.816867], [0.85889, -0.167081, 0.48414]], [[-0.00794931, -0.949526, -0.313587], [-0.854465, 0.169353, -0.491131], [0.519449, 0.264045, -0.812683]], [[-0.00794931, -0.949526, -0.313587], [-0.988592, -0.0397066, 0.14529], [-0.150408, 0.311165, -0.938378]]], "btipPosition": [-52.0458, 173.396, 11.7489], "carpPosition": [-94.0737, 153.545, 57.9009], "dipPosition": [-49.4296, 178.809, -4.57306], "direction": [0.519449, -0.264045, 0.812683], "extended": false, "handId": 812, "id": 8122, "length": 62.0209, "mcpPosition": [-101.42, 178.304, -4.36389], "pipPosition": [-63.1018, 185.758, -25.9634], "stabilizedTipPosition": [-48.1751, 171.246, 9.20986], "timeVisible": 3.9029, "tipPosition": [-48.3089, 176.658, 1.32945], "tipVelocity": [-31.6793, 11.7596, -15.0886], "tool": false, "touchDistance": 0.333333, "touchZone": "none", "type": 2, "width": 19.1443}, {"bases": [[[-0.0923707, -0.9673, -0.236218], [0.98742, -0.119561, 0.103477], [-0.128336, -0.223688, 0.966175]], [[-0.0999, -0.978972, -0.177858], [0.502566, 0.104629, -0.858185], [0.858748, -0.175118, 0.481545]], [[-0.0999, -0.978972, -0.177858], [-0.833622, 0.17994, -0.522202], [0.543225, 0.0960981, -0.834069]], [[-0.0999, -0.978972, -0.177858], [-0.986188, 0.0736875, 0.148333], [-0.132108, 0.19022, -0.972812]]], "btipPosition": [-55.6173, 157.852, 12.7117], "carpPosition": [-95.0081, 142.826, 52.8904], "dipPosition": [-53.3326, 161.142, -4.11195], "direction": [0.543225, -0.0960981, 0.834069], "extended": false, "handId": 812, "id": 8123, "length": 59.6348, "mcpPosition": [-102.775, 156.364, -5.58377], "pipPosition": [-67.2614, 163.606, -25.4982], "stabilizedTipPosition": [-51.9428, 155.93, 9.94425], "timeVisible": 3.9029, "tipPosition": [-52.3796, 159.492, 3.07702], "tipVelocity": [-33.6281, 12.3668, -15.595], "tool": false, "touchDistance": 0.333333, "touchZone": "none", "type": 3, "width": 18.217}, {"bases": [[[-0.268475, -0.953547, -0.136635], [0.945789, -0.287846, 0.150427], [-0.182769, -0.0888421, 0.979134]], [[-0.274026, -0.955847, -0.10614], [0.519596, -0.0542751, -0.852687], [0.809278, -0.288808, 0.511527]], [[-0.274026, -0.955847, -0.10614], [-0.75348, 0.281963, -0.593941], [0.597644, -0.0827811, -0.797477]], [[-0.274026, -0.955847, -0.10614], [-0.959972, 0.265201, 0.0901179], [-0.0579906, 0.126586, -0.990259]]], "btipPosition": [-62.9914, 144.889, 7.75305], "carpPosition": [-89.1326, 130.981, 49.1134], "dipPosition": [-62.0662, 146.909, -8.04586], "direction": [0.597644, 0.0827811, 0.797477], "extended": false, "handId": 812, "id": 8124, "length": 46.7525, "mcpPosition": [-99.372, 135.958, -5.74159], "pipPosition": [-72.8857, 145.41, -22.483], "stabilizedTipPosition": [-59.7244, 143.096, 5.16252], "timeVisible": 3.9029, "tipPosition": [-61.4672, 146.005, -0.160307], "tipVelocity": [-36.0245, 12.0448, -15.7373], "tool": false, "touchDistance": 0.333333, "touchZone": "none", "type": 4, "width": 16.1818}], "r": [[0.398629, -0.20701, -0.893444], [-0.899403, -0.278765, -0.336698], [-0.179361, 0.937783, -0.297309]], "s": 1.92889, "t": [12.4754, 48.706, -39.2421], "timestamp": 747461276989}, {"currentFrameRate": 112.236, "devices": [], "gestures": [], "hands": [{"armBasis": [[0.122664, -0.893509, -0.431966], [0.977776, 0.183368, -0.101637], [0.170022, -0.409899, 0.896145]], "armWidth": 63.4054, "confidence": 1, "direction": [-0.259149, 0.351079, -0.899769], "elbow": [-126.748, 26.9799, 314.027], "grabAngle": 2.67551, "grabStrength": 0, "id": 812, "palmNormal": [0.955384, -0.0435108, -0.292145], "palmPosition": [-91.8365, 167.067, 15.2794], "palmVelocity": [-29.4202, 18.2749, -6.01735], "palmWidth": 87.9125, "pinchDistance": 58.2517, "pinchStrength": 0.32771, "r": [[0.399671, -0.206568, -0.89308], [-0.898894, -0.279197, -0.337695], [-0.179589, 0.937752, -0.29727]], "s": 1.92937, "sphereCenter": [-56.5925, 168.909, -15.3564], "sphereRadius": 46.7024, "stabilizedPalmPosition": [-87.6751, 161.723, 17.3962], "t": [-12.7315, 48.8541, -39.3035], "timeVisible": 3.91157, "type": "left", "wrist": [-82.3946, 133.91, 80.2513]}], "id": 1376250, "interactionBox": {"center": [0, 200, 0], "size": [235.247, 235.247, 147.751]}, "pointables": [{"bases": [[[0.962116, -0.268952, -0.0447052], [0.212072, 0.635196, 0.742665], [-0.171344, -0.72401, 0.668169]], [[0.97321, -0.0682089, -0.219567], [0.210001, 0.652498, 0.728111], [0.0936035, -0.754714, 0.649342]], [[0.97321, -0.0682089, -0.219567], [0.168884, 0.860093, 0.481371], [0.156014, -0.505557, 0.84857]], [[0.97321, -0.0682089, -0.219567], [0.12012, 0.965126, 0.2326], [0.196045, -0.252743, 0.947464]]], "btipPosition": [-54.933, 224.02, -8.71115], "carpPosition": [-68.6178, 166.191, 69.9102], "dipPosition": [-59.1798, 218.545, 11.8131], "direction": [0.156014, 0.505557, -0.84857], "extended": true, "handId": 812, "id": 8120, "length": 48.2387, "mcpPosition": [-68.6178, 166.191, 69.9102], "pipPosition": [-64.1034, 202.59, 38.5929], "stabilizedTipPosition": [-53.4351, 217.826, -3.9195], "timeVisible": 3.91157, "tipPosition": [-55.738, 220.132, -3.60795], "tipVelocity": [-38.5121, 60.1262, 13.3485], "tool": false, "touchDistance": 0.215575, "touchZone": "hovering", "type": 0, "width": 20.4068}, {"bases": [[[0.183215, -0.863109, -0.470611], [0.979181, 0.117665, 0.165408], [-0.0873907, -0.491119, 0.866698]], [[0.172533, -0.91174, -0.372778], [0.981773, 0.189804, -0.00982972], [0.079717, -0.364287, 0.927869]], [[0.172533, -0.91174, -0.372778], [0.981773, 0.189804, -0.00982972], [0.079717, -0.364287, 0.927869]], [[0.172533, -0.91174, -0.372778], [0.903714, 0.297068, -0.308303], [0.391833, -0.283692, 0.875206]]], "btipPosition": [-85.5123, 225.386, -69.5014], "carpPosition": [-90.4505, 163.354, 63.6012], "dipPosition": [-91.7089, 220.9, -55.6606], "direction": [0.079717, 0.364287, -0.927869], "extended": true, "handId": 812, "id": 8121, "length": 54.432, "mcpPosition": [-96.6623, 198.264, 1.99519], "pipPosition": [-93.4923, 212.75, -34.9023], "stabilizedTipPosition": [-86.9338, 224.344, -66.3186], "timeVisible": 3.91157, "tipPosition": [-83.8123, 223.704, -64.6125], "tipVelocity": [-4.73244, 9.59504, 0.875141], "tool": false, "touchDistance": -0.293822, "touchZone": "touching", "type": 1, "width": 19.4926}, {"bases": [[[9.52619e-05, -0.928854, -0.370447], [0.993903, -0.0407584, 0.102453], [-0.110262, -0.368198, 0.923186]], [[-0.00651668, -0.949261, -0.314422], [0.513348, 0.266659, -0.8157], [0.858156, -0.166724, 0.485564]], [[-0.00651668, -0.949261, -0.314422], [-0.853705, 0.169013, -0.492568], [0.520717, 0.265214, -0.81149]], [[-0.00651668, -0.949261, -0.314422], [-0.988773, -0.0408223, 0.143738], [-0.149281, 0.311829, -0.938338]]], "btipPosition": [-52.3047, 173.523, 11.6282], "carpPosition": [-94.2669, 153.669, 57.8414], "dipPosition": [-49.7081, 178.947, -4.69304], "direction": [0.520717, -0.265214, 0.81149], "extended": false, "handId": 812, "id": 8122, "length": 62.0209, "mcpPosition": [-101.7, 178.489, -4.38898], "pipPosition": [-63.4137, 185.927, -26.052], "stabilizedTipPosition": [-48.2621, 171.333, 9.17693], "timeVisible": 3.91157, "tipPosition": [-48.5808, 176.788, 1.21247], "tipVelocity": [-30.3547, 14.8883, -13.8925], "tool": false, "touchDistance": 0.333333, "touchZone": "none", "type": 2, "width": 19.1443}, {"bases": [[[-0.0910566, -0.96718, -0.237217], [0.987348, -0.118733, 0.105101], [-0.129817, -0.224646, 0.965755]], [[-0.0986771, -0.97891, -0.17888], [0.504267, 0.105779, -0.857045], [0.857891, -0.174774, 0.483194]], [[-0.0986771, -0.97891, -0.17888], [-0.832822, 0.179628, -0.523586], [0.544675, 0.0973088, -0.832983]], [[-0.0986771, -0.97891, -0.17888], [-0.986511, 0.0726373, 0.146695], [-0.130608, 0.190942, -0.972873]]], "btipPosition": [-55.8912, 157.981, 12.575], "carpPosition": [-95.2201, 142.955, 52.8233], "dipPosition": [-53.6325, 161.283, -4.24972], "direction": [0.544675, -0.0973088, 0.832982], "extended": false, "handId": 812, "id": 8123, "length": 59.6348, "mcpPosition": [-103.077, 156.551, -5.62548], "pipPosition": [-67.5984, 163.778, -25.6081], "stabilizedTipPosition": [-52.0523, 156.019, 9.90469], "timeVisible": 3.91157, "tipPosition": [-52.666, 159.624, 2.95553], "tipVelocity": [-32.2615, 15.2398, -15.7854], "tool": false, "touchDistance": 0.333333, "touchZone": "none", "type": 3, "width": 18.217}, {"bases": [[[-0.267348, -0.953677, -0.13793], [0.945792, -0.287097, 0.151832], [-0.184398, -0.0898612, 0.978735]], [[-0.272876, -0.955984, -0.107855], [0.521882, -0.0529135, -0.851375], [0.808194, -0.288608, 0.51335]], [[-0.272876, -0.955984, -0.107855], [-0.752515, 0.281946, -0.59517], [0.599383, -0.0812457, -0.796329]], [[-0.272876, -0.955984, -0.107855], [-0.960406, 0.264144, 0.0885869], [-0.0561985, 0.127758, -0.990212]]], "btipPosition": [-63.2877, 145.02, 7.60653], "carpPosition": [-89.3622, 131.108, 49.0257], "dipPosition": [-62.3911, 147.059, -8.19163], "direction": [0.599383, 0.0812457, 0.796329], "extended": false, "handId": 812, "id": 8124, "length": 46.7525, "mcpPosition": [-99.6929, 136.142, -5.80692], "pipPosition": [-73.2421, 145.588, -22.608], "stabilizedTipPosition": [-59.8449, 143.182, 5.11984], "timeVisible": 3.91157, "tipPosition": [-61.7714, 146.148, -0.275624], "tipVelocity": [-34.9106, 15.6009, -16.8678], "tool": false, "touchDistance": 0.333333, "touchZone": "none", "type": 4, "width": 16.1818}], "r": [[0.399671, -0.206568, -0.89308], [-0.898894, -0.279197, -0.337695], [-0.179589, 0.937752, -0.29727]], "s": 1.92937, "t": [12.7315, 48.8541, -39.3035], "timestamp": 747461285665}, {"currentFrameRate": 112.222, "devices": [], "gestures": [], "hands": [{"armBasis": [[0.124257, -0.893612, -0.431298], [0.977707, 0.184412, -0.100408], [0.169262, -0.409207, 0.896605]], "armWidth": 63.4054, "confidence": 1, "direction": [-0.260314, 0.351419, -0.899301], "elbow": [-126.728, 27.3018, 314.047], "grabAngle": 2.67879, "grabStrength": 0, "id": 812, "palmNormal": [0.954859, -0.0443583, -0.293729], "palmPosition": [-92.0882, 167.218, 15.1956], "palmVelocity": [-28.159, 16.8551, -9.37465], "palmWidth": 87.9125, "pinchDistance": 58.3252, "pinchStrength": 0.31761, "r": [[0.400838, -0.206121, -0.892661], [-0.898323, -0.279701, -0.338796], [-0.179846, 0.9377, -0.297278]], "s": 1.93004, "sphereCenter": [-56.8057, 169.056, -15.5008], "sphereRadius": 46.7457, "stabilizedPalmPosition": [-87.762, 161.831, 17.3529], "t": [-12.9854, 49.0034, -39.376], "timeVisible": 3.92051, "type": "left", "wrist": [-82.573, 134.051, 80.1511]}], "id": 1376251, "interactionBox": {"center": [0, 200, 0], "size": [235.247, 235.247, 147.751]}, "pointables": [{"bases": [[[0.962436, -0.26806, -0.0431434], [0.210258, 0.635308, 0.743085], [-0.171782, -0.724243, 0.667805]], [[0.973638, -0.0673221, -0.217936], [0.208469, 0.650393, 0.730431], [0.0925701, -0.756608, 0.647282]], [[0.973638, -0.0673221, -0.217936], [0.168173, 0.857356, 0.486476], [0.154098, -0.510302, 0.846076]], [[0.973638, -0.0673221, -0.217936], [0.121462, 0.961745, 0.245548], [0.193068, -0.265546, 0.944569]]], "btipPosition": [-55.2699, 224.662, -8.59276], "carpPosition": [-68.7799, 166.314, 69.7878], "dipPosition": [-59.4522, 218.909, 11.8688], "direction": [0.154098, 0.510302, -0.846076], "extended": true, "handId": 812, "id": 8120, "length": 48.2387, "mcpPosition": [-68.7799, 166.314, 69.7878], "pipPosition": [-64.3154, 202.805, 38.5699], "stabilizedTipPosition": [-53.6594, 218.268, -3.91686], "timeVisible": 3.92051, "tipPosition": [-55.9808, 220.356, -3.75029], "tipVelocity": [-36.0424, 64.6556, 11.635], "tool": false, "touchDistance": 0.217308, "touchZone": "hovering", "type": 0, "width": 20.4068}, {"bases": [[[0.184789, -0.862887, -0.470403], [0.978797, 0.118549, 0.167041], [-0.0883715, -0.491297, 0.866498]], [[0.173898, -0.91187, -0.371824], [0.981351, 0.191876, -0.0115944], [0.0819168, -0.362874, 0.928231]], [[0.173898, -0.91187, -0.371824], [0.981351, 0.191876, -0.0115944], [0.0819168, -0.362874, 0.928231]], [[0.173898, -0.91187, -0.371824], [0.899348, 0.300873, -0.317252], [0.401165, -0.27923, 0.872409]]], "btipPosition": [-85.4729, 225.384, -69.552], "carpPosition": [-90.6256, 163.498, 63.5146], "dipPosition": [-91.8171, 220.968, -55.7554], "direction": [0.0819168, 0.362874, -0.928231], "extended": true, "handId": 812, "id": 8121, "length": 54.432, "mcpPosition": [-96.9072, 198.42, 1.92287], "pipPosition": [-93.6497, 212.85, -34.989], "stabilizedTipPosition": [-86.9327, 224.36, -66.3583], "timeVisible": 3.92051, "tipPosition": [-84.2106, 223.869, -64.7433], "tipVelocity": [0.613896, 1.60897, -6.79908], "tool": false, "touchDistance": -0.293685, "touchZone": "touching", "type": 1, "width": 19.4926}, {"bases": [[[0.00156405, -0.928812, -0.370549], [0.993769, -0.0398541, 0.104092], [-0.11145, -0.368403, 0.922962]], [[-0.00512174, -0.949231, -0.314538], [0.51421, 0.26727, -0.814957], [0.857649, -0.165913, 0.486735]], [[-0.00512174, -0.949231, -0.314538], [-0.853156, 0.168225, -0.493786], [0.52163, 0.265821, -0.810704]], [[-0.00512174, -0.949231, -0.314538], [-0.988886, -0.0419296, 0.14264], [-0.148587, 0.311773, -0.938467]]], "btipPosition": [-52.5648, 173.633, 11.4914], "carpPosition": [-94.4605, 153.817, 57.7601], "dipPosition": [-49.9803, 179.056, -4.83215], "direction": [0.52163, -0.265821, 0.810704], "extended": false, "handId": 812, "id": 8122, "length": 62.0209, "mcpPosition": [-101.973, 178.651, -4.45514], "pipPosition": [-63.7099, 186.053, -26.1704], "stabilizedTipPosition": [-48.3514, 171.418, 9.14228], "timeVisible": 3.92051, "tipPosition": [-48.8498, 176.898, 1.06444], "tipVelocity": [-29.4192, 12.3648, -15.3739], "tool": false, "touchDistance": 0.333333, "touchZone": "none", "type": 2, "width": 19.1443}, {"bases": [[[-0.0897728, -0.967237, -0.237474], [0.987282, -0.117835, 0.106721], [-0.131207, -0.224874, 0.965514]], [[-0.0974789, -0.97898, -0.179151], [0.50557, 0.106343, -0.856207], [0.857261, -0.174036, 0.484577]], [[-0.0974789, -0.97898, -0.179151], [-0.832234, 0.178899, -0.524769], [0.545788, 0.0979417, -0.832179]], [[-0.0974789, -0.97898, -0.179151], [-0.986768, 0.0716363, 0.145456], [-0.129565, 0.190959, -0.97301]]], "btipPosition": [-56.1666, 158.098, 12.4333], "carpPosition": [-95.4318, 143.104, 52.7424], "dipPosition": [-53.9259, 161.4, -4.39381], "direction": [0.545788, -0.0979417, 0.832179], "extended": false, "handId": 812, "id": 8123, "length": 59.6348, "mcpPosition": [-103.373, 156.714, -5.69179], "pipPosition": [-67.9204, 163.911, -25.7316], "stabilizedTipPosition": [-52.1642, 156.108, 9.86296], "timeVisible": 3.92051, "tipPosition": [-52.9467, 159.739, 2.8099], "tipVelocity": [-31.2792, 13.0191, -15.9222], "tool": false, "touchDistance": 0.333333, "touchZone": "none", "type": 3, "width": 18.217}, {"bases": [[[-0.26624, -0.953908, -0.138478], [0.945804, -0.286242, 0.153365], [-0.185934, -0.090141, 0.978419]], [[-0.271786, -0.956213, -0.108579], [0.523659, -0.0522854, -0.850322], [0.807411, -0.287964, 0.51494]], [[-0.271786, -0.956213, -0.108579], [-0.751854, 0.281407, -0.59626], [0.600706, -0.0804193, -0.795415]], [[-0.271786, -0.956213, -0.108579], [-0.960787, 0.263167, 0.0873545], [-0.054955, 0.128063, -0.990242]]], "btipPosition": [-63.5845, 145.14, 7.46424], "carpPosition": [-89.5911, 131.252, 48.9338], "dipPosition": [-62.7077, 147.183, -8.3344], "direction": [0.600706, 0.0804193, 0.795415], "extended": false, "handId": 812, "id": 8124, "length": 46.7525, "mcpPosition": [-100.008, 136.302, -5.8811], "pipPosition": [-73.5827, 145.727, -22.7342], "stabilizedTipPosition": [-59.9694, 143.268, 5.07447], "timeVisible": 3.92051, "tipPosition": [-62.0694, 146.272, -0.407207], "tipVelocity": [-33.7261, 13.4811, -15.9359], "tool": false, "touchDistance": 0.333333, "touchZone": "none", "type": 4, "width": 16.1818}], "r": [[0.400838, -0.206121, -0.892661], [-0.898323, -0.279701, -0.338796], [-0.179846, 0.9377, -0.297278]], "s": 1.93004, "t": [12.9854, 49.0034, -39.376], "timestamp": 747461294601}, {"currentFrameRate": 112.801, "devices": [], "gestures": [], "hands": [{"armBasis": [[0.12546, -0.893974, -0.430198], [0.977653, 0.185134, -0.0996025], [0.168686, -0.408088, 0.897223]], "armWidth": 63.4054, "confidence": 1, "direction": [-0.261427, 0.351745, -0.89885], "elbow": [-126.746, 27.7244, 314.108], "grabAngle": 2.68143, "grabStrength": 0, "id": 812, "palmNormal": [0.954413, -0.0447782, -0.295111], "palmPosition": [-92.3272, 167.355, 15.1113], "palmVelocity": [-30.4163, 17.4195, -10.7305], "palmWidth": 87.9125, "pinchDistance": 58.4091, "pinchStrength": 0.307558, "r": [[0.402048, -0.205683, -0.892217], [-0.897739, -0.28018, -0.339946], [-0.18006, 0.937653, -0.297296]], "s": 1.93088, "sphereCenter": [-57.005, 169.285, -15.6114], "sphereRadius": 46.7733, "stabilizedPalmPosition": [-87.8408, 161.927, 17.3142], "t": [-13.2318, 49.1465, -39.4544], "timeVisible": 3.92837, "type": "left", "wrist": [-82.7408, 134.182, 80.0516]}], "id": 1376252, "interactionBox": {"center": [0, 200, 0], "size": [235.247, 235.247, 147.751]}, "pointables": [{"bases": [[[0.962632, -0.267564, -0.0418182], [0.208868, 0.635254, 0.743523], [-0.172375, -0.724474, 0.667401]], [[0.973974, -0.0666938, -0.216624], [0.20742, 0.647596, 0.73321], [0.0913844, -0.759059, 0.644576]], [[0.973974, -0.0666938, -0.216624], [0.167812, 0.854622, 0.491387], [0.152359, -0.51495, 0.843572]], [[0.973974, -0.0666938, -0.216624], [0.123006, 0.958277, 0.258019], [0.190378, -0.27795, 0.941541]]], "btipPosition": [-55.6013, 225.309, -8.43566], "carpPosition": [-68.941, 166.428, 69.6698], "dipPosition": [-59.7254, 219.288, 11.9603], "direction": [0.152359, 0.51495, -0.843572], "extended": true, "handId": 812, "id": 8120, "length": 48.2387, "mcpPosition": [-68.941, 166.428, 69.6698], "pipPosition": [-64.5336, 203.036, 38.5823], "stabilizedTipPosition": [-53.868, 218.676, -3.90443], "timeVisible": 3.92837, "tipPosition": [-56.2315, 220.597, -3.87055], "tipVelocity": [-40.4673, 74.4503, 18.0706], "tool": false, "touchDistance": 0.219675, "touchZone": "hovering", "type": 0, "width": 20.4068}, {"bases": [[[0.185902, -0.862692, -0.470323], [0.978496, 0.119008, 0.168473], [-0.0893675, -0.491528, 0.866264]], [[0.174869, -0.911792, -0.371559], [0.980962, 0.193717, -0.0137], [0.0844689, -0.362089, 0.928308]], [[0.174869, -0.911792, -0.371559], [0.980962, 0.193717, -0.0137], [0.0844689, -0.362089, 0.928308]], [[0.174869, -0.911792, -0.371559], [0.895903, 0.303878, -0.324062], [0.408385, -0.276213, 0.870016]]], "btipPosition": [-85.4424, 225.43, -69.5897], "carpPosition": [-90.7971, 163.624, 63.4274], "dipPosition": [-91.9008, 221.062, -55.8309], "direction": [0.0844689, 0.362089, -0.928308], "extended": true, "handId": 812, "id": 8121, "length": 54.432, "mcpPosition": [-97.1495, 198.562, 1.85219], "pipPosition": [-93.7905, 212.961, -35.0628], "stabilizedTipPosition": [-86.93, 224.397, -66.3958], "timeVisible": 3.92837, "tipPosition": [-84.5897, 224.028, -64.8626], "tipVelocity": [0.535047, 7.21949, -5.89846], "tool": false, "touchDistance": -0.293345, "touchZone": "touching", "type": 1, "width": 19.4926}, {"bases": [[[0.00256683, -0.928731, -0.370746], [0.993638, -0.0393735, 0.105511], [-0.112589, -0.368659, 0.922721]], [[-0.00418908, -0.949166, -0.314749], [0.515063, 0.267741, -0.814263], [0.857142, -0.165527, 0.487759]], [[-0.00418908, -0.949166, -0.314749], [-0.852606, 0.167861, -0.494859], [0.522537, 0.266284, -0.809968]], [[-0.00418908, -0.949166, -0.314749], [-0.98899, -0.0426263, 0.141708], [-0.147921, 0.311877, -0.938537]]], "btipPosition": [-52.8134, 173.748, 11.3599], "carpPosition": [-94.6452, 153.946, 57.6763], "dipPosition": [-50.2405, 179.173, -4.96486], "direction": [0.522537, -0.266284, 0.809968], "extended": false, "handId": 812, "id": 8122, "length": 62.0209, "mcpPosition": [-102.235, 178.797, -4.52279], "pipPosition": [-63.994, 186.182, -26.2837], "stabilizedTipPosition": [-48.4304, 171.491, 9.1109], "timeVisible": 3.92837, "tipPosition": [-49.1064, 177.015, 0.924755], "tipVelocity": [-31.9759, 14.6763, -16.7658], "tool": false, "touchDistance": 0.333333, "touchZone": "none", "type": 2, "width": 19.1443}, {"bases": [[[-0.0889416, -0.967231, -0.237811], [0.987187, -0.117358, 0.108114], [-0.13248, -0.225148, 0.965276]], [[-0.0967256, -0.978991, -0.179502], [0.506756, 0.106782, -0.855451], [0.856646, -0.173707, 0.485781]], [[-0.0967256, -0.978991, -0.179502], [-0.831676, 0.178571, -0.525763], [0.546771, 0.0984324, -0.831476]], [[-0.0967256, -0.978991, -0.179502], [-0.986968, 0.0710396, 0.144389], [-0.128603, 0.191128, -0.973104]]], "btipPosition": [-56.4245, 158.216, 12.2967], "carpPosition": [-95.6291, 143.235, 52.6576], "dipPosition": [-54.2005, 161.521, -4.53199], "direction": [0.546771, -0.0984324, 0.831476], "extended": false, "handId": 812, "id": 8123, "length": 59.6348, "mcpPosition": [-103.647, 156.861, -5.76215], "pipPosition": [-68.2202, 164.045, -25.8518], "stabilizedTipPosition": [-52.2626, 156.183, 9.82526], "timeVisible": 3.92837, "tipPosition": [-53.209, 159.858, 2.67125], "tipVelocity": [-33.3104, 15.1064, -17.4222], "tool": false, "touchDistance": 0.333333, "touchZone": "none", "type": 3, "width": 18.217}, {"bases": [[[-0.265558, -0.954012, -0.139065], [0.945727, -0.285797, 0.154662], [-0.187294, -0.0904462, 0.978131]], [[-0.271077, -0.956303, -0.109551], [0.525271, -0.0515936, -0.84937], [0.806603, -0.287789, 0.516304]], [[-0.271077, -0.956303, -0.109551], [-0.751187, 0.28134, -0.597131], [0.60186, -0.0795748, -0.794628]], [[-0.271077, -0.956303, -0.109551], [-0.961051, 0.262529, 0.0863691], [-0.0538347, 0.128697, -0.990222]]], "btipPosition": [-63.8572, 145.254, 7.32545], "carpPosition": [-89.7999, 131.381, 48.8381], "dipPosition": [-62.9983, 147.307, -8.47286], "direction": [0.60186, 0.0795748, 0.794628], "extended": false, "handId": 812, "id": 8124, "length": 46.7525, "mcpPosition": [-100.293, 136.448, -5.96067], "pipPosition": [-73.8941, 145.867, -22.8584], "stabilizedTipPosition": [-60.0791, 143.341, 5.03336], "timeVisible": 3.92837, "tipPosition": [-62.3429, 146.396, -0.534718], "tipVelocity": [-35.2198, 14.8416, -17.6497], "tool": false, "touchDistance": 0.333333, "touchZone": "none", "type": 4, "width": 16.1818}], "r": [[0.402048, -0.205683, -0.892217], [-0.897739, -0.28018, -0.339946], [-0.18006, 0.937653, -0.297296]], "s": 1.93088, "t": [13.2318, 49.1465, -39.4544], "timestamp": 747461302460}, {"currentFrameRate": 112.907, "devices": [], "gestures": [], "hands": [{"armBasis": [[0.127258, -0.894596, -0.428373], [0.977451, 0.186482, -0.0990659], [0.168508, -0.406106, 0.898155]], "armWidth": 63.4054, "confidence": 1, "direction": [-0.26242, 0.351208, -0.898771], "elbow": [-126.881, 28.4407, 314.299], "grabAngle": 2.68473, "grabStrength": 0, "id": 812, "palmNormal": [0.953893, -0.0462071, -0.29657], "palmPosition": [-92.5636, 167.495, 15.0385], "palmVelocity": [-27.2524, 16.1305, -8.3976], "palmWidth": 87.9125, "pinchDistance": 58.4635, "pinchStrength": 0.296662, "r": [[0.403346, -0.205405, -0.891696], [-0.897096, -0.280843, -0.341095], [-0.180364, 0.937516, -0.297545]], "s": 1.93182, "sphereCenter": [-57.1846, 169.457, -15.7141], "sphereRadius": 46.8014, "stabilizedPalmPosition": [-87.9302, 162.032, 17.2711], "t": [-13.4732, 49.288, -39.5301], "timeVisible": 3.93704, "type": "left", "wrist": [-82.9227, 134.381, 79.9994]}], "id": 1376253, "interactionBox": {"center": [0, 200, 0], "size": [235.247, 235.247, 147.751]}, "pointables": [{"bases": [[[0.963018, -0.266443, -0.0400488], [0.206933, 0.636209, 0.743248], [-0.172554, -0.724049, 0.667816]], [[0.974399, -0.0657667, -0.214993], [0.205807, 0.645856, 0.735197], [0.0905033, -0.760622, 0.642856]], [[0.974399, -0.0657667, -0.214993], [0.166907, 0.852277, 0.495748], [0.15063, -0.51894, 0.841434]], [[0.974399, -0.0657667, -0.214993], [0.124167, 0.954613, 0.270734], [0.18743, -0.290498, 0.938339]]], "btipPosition": [-55.9138, 225.945, -8.32477], "carpPosition": [-69.0926, 166.591, 69.5609], "dipPosition": [-59.974, 219.652, 12.0018], "direction": [0.15063, 0.51894, -0.841434], "extended": true, "handId": 812, "id": 8120, "length": 48.2387, "mcpPosition": [-69.0926, 166.591, 69.5609], "pipPosition": [-64.7277, 203.275, 38.5564], "stabilizedTipPosition": [-54.1068, 219.143, -3.88401], "timeVisible": 3.93704, "tipPosition": [-56.4491, 220.817, -4.0359], "tipVelocity": [-34.3358, 66.1785, 10.9462], "tool": false, "touchDistance": 0.221257, "touchZone": "hovering", "type": 0, "width": 20.4068}, {"bases": [[[0.18768, -0.862912, -0.469211], [0.978085, 0.120346, 0.1699], [-0.0901408, -0.490815, 0.866588]], [[0.176548, -0.911941, -0.370398], [0.980333, 0.196632, -0.0168499], [0.0881983, -0.360138, 0.92872]], [[0.176548, -0.911941, -0.370398], [0.980333, 0.196632, -0.0168499], [0.0881983, -0.360138, 0.92872]], [[0.176548, -0.911941, -0.370398], [0.891139, 0.307888, -0.333282], [0.417974, -0.271235, 0.867023]]], "btipPosition": [-85.2787, 225.363, -69.6628], "carpPosition": [-90.9619, 163.808, 63.3556], "dipPosition": [-91.8887, 221.074, -55.9514], "direction": [0.0881983, 0.360138, -0.92872], "extended": true, "handId": 812, "id": 8121, "length": 54.432, "mcpPosition": [-97.3692, 198.695, 1.75736], "pipPosition": [-93.8619, 213.017, -35.174], "stabilizedTipPosition": [-86.8549, 224.385, -66.4608], "timeVisible": 3.93704, "tipPosition": [-84.9384, 224.091, -65.0442], "tipVelocity": [14.8509, -5.62113, -9.68501], "tool": false, "touchDistance": -0.293604, "touchZone": "touching", "type": 1, "width": 19.4926}, {"bases": [[[0.00426809, -0.929078, -0.36986], [0.993518, -0.0380768, 0.107113], [-0.113599, -0.36792, 0.922892]], [[-0.00255144, -0.949468, -0.313854], [0.515837, 0.267626, -0.813811], [0.856683, -0.163974, 0.489088]], [[-0.00255144, -0.949468, -0.313854], [-0.852108, 0.166324, -0.496234], [0.52336, 0.266172, -0.809473]], [[-0.00255144, -0.949468, -0.313854], [-0.989084, -0.0438451, 0.14068], [-0.147332, 0.310787, -0.938991]]], "btipPosition": [-53.0555, 173.834, 11.2274], "carpPosition": [-94.8306, 154.129, 57.6197], "dipPosition": [-50.4928, 179.24, -5.10522], "direction": [0.52336, -0.266172, 0.809473], "extended": false, "handId": 812, "id": 8122, "length": 62.0209, "mcpPosition": [-102.488, 178.93, -4.59085], "pipPosition": [-64.268, 186.246, -26.4111], "stabilizedTipPosition": [-48.5161, 171.567, 9.07607], "timeVisible": 3.93704, "tipPosition": [-49.3558, 177.088, 0.779573], "tipVelocity": [-28.1861, 9.39859, -15.483], "tool": false, "touchDistance": 0.333333, "touchZone": "none", "type": 2, "width": 19.1443}, {"bases": [[[-0.0874033, -0.967562, -0.237033], [0.987156, -0.116067, 0.109779], [-0.13373, -0.224393, 0.965279]], [[-0.095265, -0.979276, -0.178724], [0.508009, 0.106575, -0.854733], [0.856067, -0.17222, 0.487329]], [[-0.095265, -0.979276, -0.178724], [-0.831174, 0.177051, -0.527069], [0.54779, 0.0983399, -0.830816]], [[-0.095265, -0.979276, -0.178724], [-0.98723, 0.0699153, 0.143137], [-0.127675, 0.190078, -0.973432]]], "btipPosition": [-56.6881, 158.308, 12.1764], "carpPosition": [-95.8353, 143.414, 52.6128], "dipPosition": [-54.4801, 161.596, -4.65793], "direction": [0.54779, -0.0983399, 0.830816], "extended": false, "handId": 812, "id": 8123, "length": 59.6348, "mcpPosition": [-103.929, 156.995, -5.80717], "pipPosition": [-68.526, 164.117, -25.9608], "stabilizedTipPosition": [-52.3714, 156.263, 9.78303], "timeVisible": 3.93704, "tipPosition": [-53.4759, 159.939, 2.54793], "tipVelocity": [-30.8188, 10.2168, -14.0175], "tool": false, "touchDistance": 0.333333, "touchZone": "none", "type": 3, "width": 18.217}, {"bases": [[[-0.264191, -0.954463, -0.138578], [0.945825, -0.284511, 0.156422], [-0.188726, -0.0897454, 0.97792]], [[-0.269592, -0.956677, -0.109948], [0.527206, -0.0510852, -0.848201], [0.805838, -0.286633, 0.518138]], [[-0.269592, -0.956677, -0.109948], [-0.75059, 0.280286, -0.598376], [0.60327, -0.0787911, -0.793636]], [[-0.269592, -0.956677, -0.109948], [-0.961537, 0.261192, 0.0850004], [-0.0526003, 0.128635, -0.990296]]], "btipPosition": [-64.1437, 145.333, 7.21773], "carpPosition": [-90.0264, 131.55, 48.7954], "dipPosition": [-63.3045, 147.385, -8.58177], "direction": [0.60327, 0.0787911, 0.793636], "extended": false, "handId": 812, "id": 8124, "length": 46.7525, "mcpPosition": [-100.6, 136.577, -5.9916], "pipPosition": [-74.2259, 145.958, -22.9494], "stabilizedTipPosition": [-60.2025, 143.419, 4.98714], "timeVisible": 3.93704, "tipPosition": [-62.6311, 146.484, -0.628629], "tipVelocity": [-33.5597, 9.03248, -12.4521], "tool": false, "touchDistance": 0.333333, "touchZone": "none", "type": 4, "width": 16.1818}], "r": [[0.403346, -0.205405, -0.891696], [-0.897096, -0.280843, -0.341095], [-0.180364, 0.937516, -0.297545]], "s": 1.93182, "t": [13.4732, 49.288, -39.5301], "timestamp": 747461311133}, {"currentFrameRate": 113.003, "devices": [], "gestures": [], "hands": [{"armBasis": [[0.12906, -0.895131, -0.426713], [0.977226, 0.1879, -0.0986024], [0.168442, -0.40427, 0.898996]], "armWidth": 63.4054, "confidence": 1, "direction": [-0.263914, 0.35134, -0.898281], "elbow": [-127.033, 29.1046, 314.419], "grabAngle": 2.68839, "grabStrength": 0, "id": 812, "palmNormal": [0.953239, -0.0471754, -0.298512], "palmPosition": [-92.8187, 167.664, 14.9466], "palmVelocity": [-29.3829, 19.5532, -10.5847], "palmWidth": 87.9125, "pinchDistance": 58.482, "pinchStrength": 0.286182, "r": [[0.404788, -0.205127, -0.891106], [-0.896385, -0.281558, -0.342373], [-0.180668, 0.937362, -0.297844]], "s": 1.93274, "sphereCenter": [-57.3877, 169.677, -15.8485], "sphereRadius": 46.8255, "stabilizedPalmPosition": [-88.0226, 162.138, 17.2272], "t": [-13.7215, 49.4436, -39.6138], "timeVisible": 3.94572, "type": "left", "wrist": [-83.0918, 134.566, 79.8995]}], "id": 1376254, "interactionBox": {"center": [0, 200, 0], "size": [235.247, 235.247, 147.751]}, "pointables": [{"bases": [[[0.963357, -0.265512, -0.0380437], [0.204795, 0.636511, 0.743581], [-0.173215, -0.724125, 0.667563]], [[0.974906, -0.0649087, -0.212943], [0.203955, 0.643793, 0.737518], [0.08922, -0.762442, 0.640876]], [[0.974906, -0.0649087, -0.212943], [0.165932, 0.849559, 0.500716], [0.148407, -0.523485, 0.839011]], [[0.974906, -0.0649087, -0.212943], [0.12528, 0.95067, 0.283782], [0.184019, -0.303338, 0.934945]]], "btipPosition": [-56.2644, 226.609, -8.21914], "carpPosition": [-69.2372, 166.745, 69.421], "dipPosition": [-60.2507, 220.038, 12.0339], "direction": [0.148407, 0.523485, -0.839011], "extended": true,