{"frames": 106, "data": [{"currentFrameRate": 115.322, "devices": [], "gestures": [], "hands": [{"armBasis": [[0.954449, -0.212079, 0.209879], [0.275414, 0.355621, -0.89313], [0.114776, 0.910251, 0.397832]], "armWidth": 63.4054, "confidence": 1, "direction": [-0.378641, 0.404155, -0.83264], "elbow": [-112.841, 372.355, 211.272], "grabAngle": 3.14159, "grabStrength": 1, "id": 811, "palmNormal": [0.77668, -0.350543, -0.523343], "palmPosition": [-99.7654, 152.958, 44.267], "palmVelocity": [-0.800282, 8.96621, -5.07214], "palmWidth": 87.9125, "pinchDistance": 38.4812, "pinchStrength": 0.404293, "r": [[0.917746, -0.227994, 0.325208], [0.318075, 0.912272, -0.258047], [-0.237845, 0.340263, 0.909753]], "s": 1.11064, "sphereCenter": [-74.3019, 152.468, 13.3346], "sphereRadius": 37.164, "stabilizedPalmPosition": [-97.1567, 154.522, 46.7499], "t": [-16.0611, -63.0938, -67.08], "timeVisible": 5.88818, "type": "left", "wrist": [-82.8997, 134.899, 107.491]}], "id": 1373442, "interactionBox": {"center": [0, 200, 0], "size": [235.247, 235.247, 147.751]}, "pointables": [{"bases": [[[0.971131, 0.0524317, 0.232715], [-0.205552, 0.678974, 0.7048], [-0.121054, -0.732288, 0.670149]], [[0.973645, 0.214597, 0.0772251], [-0.195282, 0.609512, 0.768349], [0.117816, -0.763179, 0.635355]], [[0.973645, 0.214597, 0.0772251], [-0.223434, 0.829593, 0.511716], [0.0457475, -0.515484, 0.855677]], [[0.973645, 0.214597, 0.0772251], [-0.228069, 0.915084, 0.332575], [0.000702376, -0.341423, 0.93991]]], "btipPosition": [-56.5968, 205.861, 12.8336], "carpPosition": [-63.738, 145.389, 90.841], "dipPosition": [-56.6121, 198.465, 33.1941], "direction": [0.0457475, 0.515484, -0.855677], "extended": true, "handId": 811, "id": 8110, "length": 48.2387, "mcpPosition": [-63.738, 145.389, 90.841], "pipPosition": [-58.0558, 182.197, 60.1983], "stabilizedTipPosition": [-57.7492, 204.69, 20.4857], "timeVisible": 5.88818, "tipPosition": [-58.3579, 208.218, 20.579], "tipVelocity": [-0.113486, 3.09021, -8.76104], "tool": false, "touchDistance": -0.239642, "touchZone": "touching", "type": 0, "width": 20.4068}, {"bases": [[[0.559816, -0.765002, -0.318399], [0.81092, 0.426808, 0.400305], [-0.170338, -0.482293, 0.859289]], [[0.506767, -0.854277, -0.11575], [0.54531, 0.421646, -0.724466], [0.6677, 0.304016, 0.679523]], [[0.506767, -0.854277, -0.11575], [-0.608166, -0.259106, -0.750332], [0.611, 0.450639, -0.650849]], [[0.506767, -0.854277, -0.11575], [-0.847536, -0.469144, -0.248167], [0.1577, 0.223865, -0.961777]]], "btipPosition": [-55.6413, 158.177, 32.3774], "carpPosition": [-86.2483, 149.606, 90.7079], "dipPosition": [-58.1352, 161.717, 17.1675], "direction": [0.611, -0.450639, 0.650849], "extended": false, "handId": 811, "id": 8111, "length": 54.432, "mcpPosition": [-98.3562, 183.889, 29.6285], "pipPosition": [-71.8045, 171.799, 2.60674], "stabilizedTipPosition": [-53.6934, 158.828, 30.2992], "timeVisible": 5.88818, "tipPosition": [-56.6872, 158.225, 28.7007], "tipVelocity": [-0.963826, 8.3114, -6.83871], "tool": false, "touchDistance": 0.333333, "touchZone": "none", "type": 1, "width": 19.4926}, {"bases": [[[0.385156, -0.884605, -0.262925], [0.889952, 0.280639, 0.359481], [-0.244212, -0.372447, 0.895346]], [[0.36982, -0.905346, -0.208763], [0.460439, 0.373747, -0.805176], [0.806988, 0.201647, 0.555076]], [[0.36982, -0.905346, -0.208763], [-0.759353, -0.165052, -0.629397], [0.535366, 0.391288, -0.748517]], [[0.36982, -0.905346, -0.208763], [-0.927844, -0.371573, -0.032251], [-0.0483722, 0.205626, -0.977434]]], "btipPosition": [-61.4764, 143.814, 38.7149], "carpPosition": [-94.2674, 141.58, 87.13], "dipPosition": [-60.635, 147.39, 21.7135], "direction": [0.535366, -0.391288, 0.748517], "extended": false, "handId": 811, "id": 8112, "length": 62.0209, "mcpPosition": [-110.729, 166.686, 26.7763], "pipPosition": [-74.7262, 157.689, 2.01212], "stabilizedTipPosition": [-58.3353, 145.501, 35.9504], "timeVisible": 5.88818, "tipPosition": [-60.6976, 144.356, 33.1872], "tipVelocity": [-1.94537, 7.94429, -4.9551], "tool": false, "touchDistance": 0.333333, "touchZone": "none", "type": 2, "width": 19.1443}, {"bases": [[[0.276829, -0.948393, -0.154647], [0.906957, 0.204705, 0.368136], [-0.317481, -0.242169, 0.916821]], [[0.257294, -0.961208, -0.0993928], [0.492158, 0.218862, -0.842544], [0.831613, 0.167864, 0.529378]], [[0.257294, -0.961208, -0.0993928], [-0.764344, -0.139501, -0.629538], [0.591252, 0.237946, -0.770586]], [[0.257294, -0.961208, -0.0993928], [-0.965778, -0.259268, 0.00726747], [-0.032755, 0.0941215, -0.995022]]], "btipPosition": [-70.0133, 131.656, 43.214], "carpPosition": [-99.7843, 131.671, 83.6276], "dipPosition": [-69.4469, 133.284, 26.0063], "direction": [0.591252, -0.237946, 0.770586], "extended": false, "handId": 811, "id": 8113, "length": 59.6348, "mcpPosition": [-118.999, 146.327, 28.1403], "pipPosition": [-84.6071, 139.385, 6.24779], "stabilizedTipPosition": [-66.7902, 134.081, 40.4271], "timeVisible": 5.88818, "tipPosition": [-69.1581, 131.452, 37.4208], "tipVelocity": [-2.33882, 8.17983, -5.13265], "tool": false, "touchDistance": 0.333333, "touchZone": "none", "type": 3, "width": 18.217}, {"bases": [[[0.0845371, -0.990747, -0.106183], [0.907338, 0.0324986, 0.419144], [-0.411815, -0.131777, 0.901689]], [[0.011884, -0.998592, 0.0517007], [0.550358, -0.036636, -0.834125], [0.834844, 0.0383666, 0.549148]], [[0.011884, -0.998592, 0.0517007], [-0.727311, -0.0441147, -0.684888], [0.686205, -0.0294633, -0.726811]], [[0.011884, -0.998592, 0.0517007], [-0.999548, -0.0132906, -0.0269481], [0.0275973, -0.0513571, -0.998299]]], "btipPosition": [-81.9849, 126.005, 40.2463], "carpPosition": [-99.0994, 118.525, 79.6502], "dipPosition": [-82.4252, 125.186, 24.3192], "direction": [0.686205, 0.0294633, 0.726812], "extended": false, "handId": 811, "id": 8114, "length": 46.7525, "mcpPosition": [-122.171, 125.908, 29.134], "pipPosition": [-94.8479, 124.652, 11.1613], "stabilizedTipPosition": [-78.7337, 125.98, 37.3534], "timeVisible": 5.88818, "tipPosition": [-81.2547, 124.097, 34.9598], "tipVelocity": [-2.36399, 11.5482, -5.47846], "tool": false, "touchDistance": 0.333333, "touchZone": "none", "type": 4, "width": 16.1818}], "r": [[0.917746, -0.227994, 0.325208], [0.318075, 0.912272, -0.258047], [-0.237845, 0.340263, 0.909753]], "s": 1.11064, "t": [16.0611, -63.0938, -67.08], "timestamp": 747436509339}, {"currentFrameRate": 115.199, "devices": [], "gestures": [], "hands": [{"armBasis": [[0.954521, -0.211454, 0.210185], [0.275495, 0.356017, -0.892947], [0.113988, 0.910241, 0.39808]], "armWidth": 63.4054, "confidence": 1, "direction": [-0.378665, 0.40461, -0.832408], "elbow": [-112.634, 372.426, 211.286], "grabAngle": 3.14159, "grabStrength": 1, "id": 811, "palmNormal": [0.776239, -0.350971, -0.523711], "palmPosition": [-99.7744, 153.058, 44.2264], "palmVelocity": [-1.01084, 11.2509, -4.57406], "palmWidth": 87.9125, "pinchDistance": 38.4264, "pinchStrength": 0.405343, "r": [[0.917705, -0.227462, 0.325697], [0.317633, 0.912527, -0.257687], [-0.238594, 0.339933, 0.90968]], "s": 1.11037, "sphereCenter": [-74.3401, 152.521, 13.2802], "sphereRadius": 37.1569, "stabilizedPalmPosition": [-97.1607, 154.52, 46.746], "t": [-16.0714, -63.0062, -67.1227], "timeVisible": 5.89707, "type": "left", "wrist": [-82.898, 134.973, 107.44]}], "id": 1373443, "interactionBox": {"center": [0, 200, 0], "size": [235.247, 235.247, 147.751]}, "pointables": [{"bases": [[[0.971007, 0.0530629, 0.233088], [-0.206291, 0.678669, 0.704878], [-0.120786, -0.732525, 0.669939]], [[0.973457, 0.215317, 0.0775832], [-0.19608, 0.609782, 0.767932], [0.11804, -0.762761, 0.635816]], [[0.973457, 0.215317, 0.0775832], [-0.22425, 0.829588, 0.511366], [0.0457439, -0.515191, 0.855854]], [[0.973457, 0.215317, 0.0775832], [-0.228868, 0.915041, 0.332144], [0.000524551, -0.341084, 0.940033]]], "btipPosition": [-56.587, 205.888, 12.7474], "carpPosition": [-63.735, 145.453, 90.7852], "dipPosition": [-56.5984, 198.5, 33.1106], "direction": [0.0457439, 0.515191, -0.855854], "extended": true, "handId": 811, "id": 8110, "length": 48.2387, "mcpPosition": [-63.735, 145.453, 90.7852], "pipPosition": [-58.042, 182.241, 60.1203], "stabilizedTipPosition": [-57.7485, 204.689, 20.4839], "timeVisible": 5.89707, "tipPosition": [-58.3296, 208.277, 20.5227], "tipVelocity": [1.20203, 3.26473, -9.6278], "tool": false, "touchDistance": -0.241068, "touchZone": "touching", "type": 0, "width": 20.4068}, {"bases": [[[0.560473, -0.764535, -0.318365], [0.81047, 0.427289, 0.400702], [-0.170317, -0.482608, 0.859117]], [[0.507393, -0.853913, -0.115696], [0.545556, 0.422252, -0.723928], [0.667024, 0.304198, 0.680105]], [[0.507393, -0.853913, -0.115696], [-0.607514, -0.259257, -0.750808], [0.61113, 0.451241, -0.650309]], [[0.507393, -0.853913, -0.115696], [-0.847032, -0.469552, -0.249115], [0.158398, 0.224397, -0.961538]]], "btipPosition": [-55.6469, 158.25, 32.3043], "carpPosition": [-86.2424, 149.686, 90.6615], "dipPosition": [-58.1518, 161.799, 17.0981], "direction": [0.61113, -0.451241, 0.650309], "extended": false, "handId": 811, "id": 8111, "length": 54.432, "mcpPosition": [-98.3488, 183.991, 29.5943], "pipPosition": [-71.824, 171.894, 2.54941], "stabilizedTipPosition": [-53.6941, 158.828, 30.2988], "timeVisible": 5.89707, "tipPosition": [-56.6977, 158.3, 28.6454], "tipVelocity": [-0.911124, 8.4558, -8.1347], "tool": false, "touchDistance": 0.333333, "touchZone": "none", "type": 1, "width": 19.4926}, {"bases": [[[0.385877, -0.884273, -0.262982], [0.889621, 0.281184, 0.359875], [-0.244281, -0.372822, 0.895171]], [[0.370535, -0.905038, -0.208831], [0.460239, 0.374195, -0.805083], [0.806774, 0.202199, 0.555186]], [[0.370535, -0.905038, -0.208831], [-0.759277, -0.165644, -0.629334], [0.534979, 0.39175, -0.748551]], [[0.370535, -0.905038, -0.208831], [-0.927549, -0.372308, -0.0322544], [-0.0485579, 0.205652, -0.97742]]], "btipPosition": [-61.5052, 143.888, 38.6771], "carpPosition": [-94.2685, 141.666, 87.0848], "dipPosition": [-60.6606, 147.465, 21.6761], "direction": [0.534979, -0.39175, 0.748551], "extended": false, "handId": 811, "id": 8112, "length": 62.0209, "mcpPosition": [-110.735, 166.797, 26.7428], "pipPosition": [-74.7416, 157.777, 1.97372], "stabilizedTipPosition": [-58.3397, 145.5, 35.9486], "timeVisible": 5.89707, "tipPosition": [-60.7176, 144.432, 33.1324], "tipVelocity": [-3.15046, 8.39047, -4.23959], "tool": false, "touchDistance": 0.333333, "touchZone": "none", "type": 2, "width": 19.1443}, {"bases": [[[0.277554, -0.948163, -0.154759], [0.906676, 0.20526, 0.368519], [-0.31765, -0.242601, 0.916648]], [[0.258007, -0.961004, -0.0995149], [0.492004, 0.219336, -0.84251], [0.831483, 0.168412, 0.529409]], [[0.258007, -0.961004, -0.0995149], [-0.764368, -0.14004, -0.629389], [0.590909, 0.238453, -0.770692]], [[0.258007, -0.961004, -0.0995149], [-0.965581, -0.259999, 0.00737277], [-0.0329591, 0.0941874, -0.995009]]], "btipPosition": [-70.0507, 131.737, 43.1802], "carpPosition": [-99.7937, 131.762, 83.5821], "dipPosition": [-69.4807, 133.366, 25.9727], "direction": [0.590909, -0.238453, 0.770692], "extended": false, "handId": 811, "id": 8113, "length": 59.6348, "mcpPosition": [-119.018, 146.444, 28.1053], "pipPosition": [-84.6321, 139.48, 6.21149], "stabilizedTipPosition": [-66.7965, 134.077, 40.4247], "timeVisible": 5.89707, "tipPosition": [-69.186, 131.533, 37.367], "tipVelocity": [-4.11051, 9.07732, -3.79516], "tool": false, "touchDistance": 0.333333, "touchZone": "none", "type": 3, "width": 18.217}, {"bases": [[[0.0852743, -0.990663, -0.106375], [0.907159, 0.0330426, 0.419488], [-0.412057, -0.132271, 0.901506]], [[0.0126068, -0.998599, 0.0513957], [0.550328, -0.0359854, -0.834173], [0.834853, 0.0388008, 0.549103]], [[0.0126068, -0.998599, 0.0513957], [-0.727471, -0.0444239, -0.684699], [0.686023, -0.028757, -0.727011]], [[0.0126068, -0.998599, 0.0513957], [-0.999549, -0.0139867, -0.0265764], [0.027258, -0.0510375, -0.998325]]], "btipPosition": [-82.0269, 126.092, 40.2134], "carpPosition": [-99.1196, 118.617, 79.6015], "dipPosition": [-82.4618, 125.278, 24.2858], "direction": [0.686023, 0.028757, 0.727011], "extended": false, "handId": 811, "id": 8114, "length": 46.7525, "mcpPosition": [-122.205, 126.027, 29.0955], "pipPosition": [-94.8812, 124.757, 11.1243], "stabilizedTipPosition": [-78.743, 125.98, 37.3512], "timeVisible": 5.89707, "tipPosition": [-81.2887, 124.188, 34.9082], "tipVelocity": [-4.5896, 9.93403, -3.72031], "tool": false, "touchDistance": 0.333333, "touchZone": "none", "type": 4, "width": 16.1818}], "r": [[0.917705, -0.227462, 0.325697], [0.317633, 0.912527, -0.257687], [-0.238594, 0.339933, 0.90968]], "s": 1.11037, "t": [16.0714, -63.0062, -67.1227], "timestamp": 747436518228}, {"currentFrameRate": 115.318, "devices": [], "gestures": [], "hands": [{"armBasis": [[0.954461, -0.210869, 0.21104], [0.27614, 0.356707, -0.892472], [0.112915, 0.910107, 0.398692]], "armWidth": 63.4054, "confidence": 1, "direction": [-0.379213, 0.405342, -0.831802], "elbow": [-112.316, 372.437, 211.371], "grabAngle": 3.14159, "grabStrength": 1, "id": 811, "palmNormal": [0.775449, -0.351254, -0.52469], "palmPosition": [-99.7873, 153.151, 44.1785], "palmVelocity": [-1.52401, 10.9285, -5.64801], "palmWidth": 87.9125, "pinchDistance": 38.3872, "pinchStrength": 0.405737, "r": [[0.917638, -0.226938, 0.326251], [0.317198, 0.912806, -0.257235], [-0.239427, 0.339535, 0.90961]], "s": 1.11012, "sphereCenter": [-74.3977, 152.593, 13.2069], "sphereRadius": 37.1504, "stabilizedPalmPosition": [-97.1648, 154.517, 46.742], "t": [-16.083, -62.9161, -67.168], "timeVisible": 5.90554, "type": "left", "wrist": [-82.86, 135.019, 107.365]}], "id": 1373444, "interactionBox": {"center": [0, 200, 0], "size": [235.247, 235.247, 147.751]}, "pointables": [{"bases": [[[0.970731, 0.0536475, 0.234103], [-0.207505, 0.678133, 0.705038], [-0.120929, -0.732979, 0.669416]], [[0.973229, 0.215921, 0.0787572], [-0.197369, 0.609563, 0.767775], [0.117771, -0.762766, 0.63586]], [[0.973229, 0.215921, 0.0787572], [-0.225372, 0.829342, 0.511272], [0.0450779, -0.515335, 0.855802]], [[0.973229, 0.215921, 0.0787572], [-0.229836, 0.914853, 0.331994], [-0.000366702, -0.341207, 0.939988]]], "btipPosition": [-56.6116, 205.936, 12.6592], "carpPosition": [-63.7063, 145.494, 90.6966], "dipPosition": [-56.6036, 198.545, 33.0215], "direction": [0.0450779, 0.515335, -0.855802], "extended": true, "handId": 811, "id": 8110, "length": 48.2387, "mcpPosition": [-63.7063, 145.494, 90.6966], "pipPosition": [-58.0262, 182.282, 60.0295], "stabilizedTipPosition": [-57.7479, 204.689, 20.4823], "timeVisible": 5.90554, "tipPosition": [-58.3214, 208.341, 20.4544], "tipVelocity": [-2.37081, 5.61251, -10.4389], "tool": false, "touchDistance": -0.242542, "touchZone": "touching", "type": 0, "width": 20.4068}, {"bases": [[[0.561357, -0.76395, -0.318212], [0.809749, 0.427664, 0.401758], [-0.170836, -0.483201, 0.85868]], [[0.508151, -0.853462, -0.115691], [0.545771, 0.423003, -0.723327], [0.66627, 0.304419, 0.680745]], [[0.508151, -0.853462, -0.115691], [-0.606783, -0.259431, -0.751339], [0.611226, 0.451993, -0.649696]], [[0.508151, -0.853462, -0.115691], [-0.846474, -0.470107, -0.249962], [0.158946, 0.224948, -0.961319]]], "btipPosition": [-55.6711, 158.315, 32.2292], "carpPosition": [-86.2106, 149.744, 90.598], "dipPosition": [-58.1847, 161.873, 17.0266], "direction": [0.611226, -0.451993, 0.649696], "extended": false, "handId": 811, "id": 8111, "length": 54.432, "mcpPosition": [-98.3539, 184.09, 29.5619], "pipPosition": [-71.8591, 171.985, 2.49156], "stabilizedTipPosition": [-53.6949, 158.828, 30.2983], "timeVisible": 5.90554, "tipPosition": [-56.7221, 158.37, 28.5569], "tipVelocity": [-3.09663, 7.93014, -8.76521], "tool": false, "touchDistance": 0.333333, "touchZone": "none", "type": 1, "width": 19.4926}, {"bases": [[[0.386793, -0.883847, -0.263072], [0.889049, 0.28164, 0.360932], [-0.244917, -0.373489, 0.894719]], [[0.37141, -0.904652, -0.208947], [0.460373, 0.374869, -0.804693], [0.806295, 0.202677, 0.555707]], [[0.37141, -0.904652, -0.208947], [-0.758805, -0.16607, -0.62979], [0.535041, 0.392461, -0.748135]], [[0.37141, -0.904652, -0.208947], [-0.927218, -0.373072, -0.0329155], [-0.0481754, 0.205965, -0.977373]]], "btipPosition": [-61.5388, 143.953, 38.6129], "carpPosition": [-94.2462, 141.731, 87.0251], "dipPosition": [-60.7009, 147.535, 21.6126], "direction": [0.535041, -0.392461, 0.748135], "extended": false, "handId": 811, "id": 8112, "length": 62.0209, "mcpPosition": [-110.756, 166.908, 26.7137], "pipPosition": [-74.7835, 157.865, 1.92126], "stabilizedTipPosition": [-58.3439, 145.499, 35.9469], "timeVisible": 5.90554, "tipPosition": [-60.7493, 144.502, 33.0433], "tipVelocity": [-4.15651, 7.77843, -7.56307], "tool": false, "touchDistance": 0.333333, "touchZone": "none", "type": 2, "width": 19.1443}, {"bases": [[[0.278407, -0.947875, -0.154994], [0.906151, 0.205724, 0.369552], [-0.318403, -0.243334, 0.916192]], [[0.258813, -0.96076, -0.0997766], [0.49228, 0.220072, -0.842157], [0.831069, 0.168843, 0.529921]], [[0.258813, -0.96076, -0.0997766], [-0.763947, -0.140387, -0.629823], [0.591101, 0.239231, -0.770304]], [[0.258813, -0.96076, -0.0997766], [-0.96538, -0.26076, 0.00675982], [-0.0325123, 0.0945728, -0.994987]]], "btipPosition": [-70.0892, 131.808, 43.1168], "carpPosition": [-99.7823, 131.833, 83.5227], "dipPosition": [-69.527, 133.443, 25.9097], "direction": [0.591101, -0.239231, 0.770304], "extended": false, "handId": 811, "id": 8113, "length": 59.6348, "mcpPosition": [-119.052, 146.56, 28.0735], "pipPosition": [-84.6833, 139.577, 6.15845], "stabilizedTipPosition": [-66.8024, 134.073, 40.4223], "timeVisible": 5.90554, "tipPosition": [-69.223, 131.608, 37.2798], "tipVelocity": [-4.76319, 8.5668, -7.47475], "tool": false, "touchDistance": 0.333333, "touchZone": "none", "type": 3, "width": 18.217}, {"bases": [[[0.0861091, -0.990542, -0.106829], [0.906708, 0.0334787, 0.420428], [-0.412875, -0.133065, 0.901015]], [[0.0126998, -0.99856, 0.0521265], [0.550752, -0.0365248, -0.833869], [0.834572, 0.0392987, 0.549495]], [[0.0126998, -0.99856, 0.0521265], [-0.727113, -0.0450078, -0.685041], [0.6864, -0.0292019, -0.726637]], [[0.0126998, -0.99856, 0.0521265], [-0.999537, -0.0141184, -0.0269362], [0.0276334, -0.0517603, -0.998277]]], "btipPosition": [-82.0714, 126.213, 40.1533], "carpPosition": [-99.1218, 118.69, 79.5342], "dipPosition": [-82.5122, 125.387, 24.2264], "direction": [0.6864, 0.0292019, 0.726637], "extended": false, "handId": 811, "id": 8114, "length": 46.7525, "mcpPosition": [-122.253, 126.145, 29.0558], "pipPosition": [-94.9385, 124.858, 11.0717], "stabilizedTipPosition": [-78.7523, 125.98, 37.3488], "timeVisible": 5.90554, "tipPosition": [-81.3346, 124.277, 34.8303], "tipVelocity": [-5.41337, 13.9221, -7.0782], "tool": false, "touchDistance": 0.333333, "touchZone": "none", "type": 4, "width": 16.1818}], "r": [[0.917638, -0.226938, 0.326251], [0.317198, 0.912806, -0.257235], [-0.239427, 0.339535, 0.90961]], "s": 1.11012, "t": [16.083, -62.9161, -67.168], "timestamp": 747436526697}, {"currentFrameRate": 115.304, "devices": [], "gestures": [], "hands": [{"armBasis": [[0.954402, -0.210359, 0.211816], [0.276735, 0.357335, -0.892037], [0.111958, 0.909979, 0.399255]], "armWidth": 63.4054, "confidence": 1, "direction": [-0.37972, 0.406007, -0.831247], "elbow": [-112.021, 372.443, 211.455], "grabAngle": 3.14159, "grabStrength": 1, "id": 811, "palmNormal": [0.774736, -0.35149, -0.525584], "palmPosition": [-99.7884, 153.233, 44.141], "palmVelocity": [-0.123476, 9.45425, -4.31473], "palmWidth": 87.9125, "pinchDistance": 38.3156, "pinchStrength": 0.406744, "r": [[0.917553, -0.226433, 0.32684], [0.31678, 0.913096, -0.256723], [-0.240306, 0.339093, 0.909543]], "s": 1.10982, "sphereCenter": [-74.4489, 152.636, 13.1428], "sphereRadius": 37.1395, "stabilizedPalmPosition": [-97.1693, 154.515, 46.7375], "t": [-16.0894, -62.83, -67.2094], "timeVisible": 5.91423, "type": "left", "wrist": [-82.8144, 135.058, 107.303]}], "id": 1373445, "interactionBox": {"center": [0, 200, 0], "size": [235.247, 235.247, 147.751]}, "pointables": [{"bases": [[[0.970479, 0.0541564, 0.235027], [-0.208595, 0.677643, 0.705187], [-0.121074, -0.733395, 0.668935]], [[0.973005, 0.216594, 0.0796813], [-0.198563, 0.609706, 0.767354], [0.117622, -0.76246, 0.636254]], [[0.973005, 0.216594, 0.0796813], [-0.226442, 0.829311, 0.51085], [0.0445667, -0.515103, 0.855969]], [[0.973005, 0.216594, 0.0796813], [-0.230783, 0.914823, 0.331419], [-0.00111073, -0.340861, 0.940113]]], "btipPosition": [-56.6141, 205.942, 12.5574], "carpPosition": [-63.6693, 145.529, 90.6218], "dipPosition": [-56.59, 198.558, 32.9224], "direction": [0.0445667, 0.515103, -0.855969], "extended": true, "handId": 811, "id": 8110, "length": 48.2387, "mcpPosition": [-63.6693, 145.529, 90.6218], "pipPosition": [-57.9965, 182.302, 59.9358], "stabilizedTipPosition": [-57.7475, 204.689, 20.4811], "timeVisible": 5.91423, "tipPosition": [-58.2999, 208.387, 20.3899], "tipVelocity": [0.139335, 0.87393, -11.6275], "tool": false, "touchDistance": -0.244227, "touchZone": "touching", "type": 0, "width": 20.4068}, {"bases": [[[0.562144, -0.763427, -0.318077], [0.809101, 0.427984, 0.402722], [-0.171317, -0.483745, 0.858278]], [[0.508822, -0.853063, -0.11569], [0.545987, 0.423682, -0.722767], [0.665582, 0.304595, 0.681339]], [[0.508822, -0.853063, -0.11569], [-0.605988, -0.259471, -0.751966], [0.611456, 0.452724, -0.648971]], [[0.508822, -0.853063, -0.11569], [-0.845929, -0.470524, -0.25102], [0.159701, 0.22559, -0.961044]]], "btipPosition": [-55.676, 158.371, 32.1617], "carpPosition": [-86.171, 149.794, 90.5462], "dipPosition": [-58.2015, 161.938, 16.9635], "direction": [0.611456, -0.452724, 0.648971], "extended": false, "handId": 811, "id": 8111, "length": 54.432, "mcpPosition": [-98.3485, 184.179, 29.5387], "pipPosition": [-71.8811, 172.067, 2.44466], "stabilizedTipPosition": [-53.6957, 158.828, 30.2977], "timeVisible": 5.91423, "tipPosition": [-56.734, 158.433, 28.4823], "tipVelocity": [-0.878088, 6.6108, -7.6454], "tool": false, "touchDistance": 0.333333, "touchZone": "none", "type": 1, "width": 19.4926}, {"bases": [[[0.387607, -0.883464, -0.263159], [0.888532, 0.282032, 0.361895], [-0.245502, -0.374099, 0.894304]], [[0.372188, -0.904306, -0.20906], [0.460427, 0.375459, -0.804386], [0.805905, 0.203126, 0.556109]], [[0.372188, -0.904306, -0.20906], [-0.758415, -0.166462, -0.630157], [0.535055, 0.393091, -0.747794]], [[0.372188, -0.904306, -0.20906], [-0.926922, -0.373758, -0.0334692], [-0.0478714, 0.206239, -0.97733]]], "btipPosition": [-61.5589, 144.01, 38.5648], "carpPosition": [-94.2151, 141.788, 86.9767], "dipPosition": [-60.7262, 147.597, 21.5653], "direction": [0.535055, -0.393091, 0.747794], "extended": false, "handId": 811, "id": 8112, "length": 62.0209, "mcpPosition": [-110.764, 167.006, 26.6932], "pipPosition": [-74.8092, 157.943, 1.88292], "stabilizedTipPosition": [-58.3481, 145.498, 35.9451], "timeVisible": 5.91423, "tipPosition": [-60.7675, 144.565, 32.9688], "tipVelocity": [-2.44726, 6.65173, -5.50596], "tool": false, "touchDistance": 0.333333, "touchZone": "none", "type": 2, "width": 19.1443}, {"bases": [[[0.279163, -0.947616, -0.155214], [0.905676, 0.206123, 0.370493], [-0.319092, -0.244002, 0.915775]], [[0.259526, -0.960542, -0.100021], [0.492411, 0.220712, -0.841913], [0.830769, 0.169247, 0.530262]], [[0.259526, -0.960542, -0.100021], [-0.763635, -0.140709, -0.630129], [0.591192, 0.239915, -0.770021]], [[0.259526, -0.960542, -0.100021], [-0.965198, -0.261445, 0.00634366], [-0.0322434, 0.094894, -0.994965]]], "btipPosition": [-70.1149, 131.871, 43.0721], "carpPosition": [-99.7607, 131.895, 83.4744], "dipPosition": [-69.5573, 133.512, 25.8653], "direction": [0.591192, -0.239915, 0.770021], "extended": false, "handId": 811, "id": 8113, "length": 59.6348, "mcpPosition": [-119.073, 146.663, 28.0504], "pipPosition": [-84.716, 139.663, 6.12129], "stabilizedTipPosition": [-66.8085, 134.07, 40.4198], "timeVisible": 5.91423, "tipPosition": [-69.246, 131.675, 37.2072], "tipVelocity": [-3.07212, 7.39066, -5.13982], "tool": false, "touchDistance": 0.333333, "touchZone": "none", "type": 3, "width": 18.217}, {"bases": [[[0.0868481, -0.990432, -0.107248], [0.906297, 0.0338522, 0.421283], [-0.413621, -0.133786, 0.900566]], [[0.0125636, -0.998504, 0.0532071], [0.550999, -0.0374903, -0.833664], [0.834411, 0.0397909, 0.549704]], [[0.0125636, -0.998504, 0.0532071], [-0.726845, -0.0456619, -0.685282], [0.686687, -0.0300637, -0.726332]], [[0.0125636, -0.998504, 0.0532071], [-0.999532, -0.0140245, -0.0271733], [0.0278789, -0.0528408, -0.998214]]], "btipPosition": [-82.1, 126.334, 40.1095], "carpPosition": [-99.1125, 118.754, 79.4787], "dipPosition": [-82.5448, 125.491, 24.1837], "direction": [0.686687, 0.0300637, 0.726332], "extended": false, "handId": 811, "id": 8114, "length": 46.7525, "mcpPosition": [-122.285, 126.249, 29.0254], "pipPosition": [-94.9763, 124.947, 11.0345], "stabilizedTipPosition": [-78.7624, 125.98, 37.3462], "timeVisible": 5.91423, "tipPosition": [-81.3657, 124.358, 34.7666], "tipVelocity": [-3.39946, 13.4697, -5.00173], "tool": false, "touchDistance": 0.333333, "touchZone": "none", "type": 4, "width": 16.1818}], "r": [[0.917553, -0.226433, 0.32684], [0.31678, 0.913096, -0.256723], [-0.240306, 0.339093, 0.909543]], "s": 1.10982, "t": [16.0894, -62.83, -67.2094], "timestamp": 747436535393}, {"currentFrameRate": 115.283, "devices": [], "gestures": [], "hands": [{"armBasis": [[0.954522, -0.209329, 0.212295], [0.276804, 0.357695, -0.891871], [0.110758, 0.910074, 0.399371]], "armWidth": 63.4054, "confidence": 1, "direction": [-0.379705, 0.406476, -0.831024], "elbow": [-111.704, 372.535, 211.436], "grabAngle": 3.14159, "grabStrength": 1, "id": 811, "palmNormal": [0.77408, -0.352303, -0.526007], "palmPosition": [-99.7976, 153.323, 44.1012], "palmVelocity": [-1.05744, 10.2897, -4.56934], "palmWidth": 87.9125, "pinchDistance": 38.2508, "pinchStrength": 0.407641, "r": [[0.9175, -0.225832, 0.327404], [0.316271, 0.9134, -0.256269], [-0.241177, 0.338675, 0.909469]], "s": 1.10948, "sphereCenter": [-74.4931, 152.665, 13.0864], "sphereRadius": 37.1295, "stabilizedPalmPosition": [-97.1742, 154.513, 46.7326], "t": [-16.0972, -62.7421, -67.25], "timeVisible": 5.92294, "type": "left", "wrist": [-82.8109, 135.125, 107.253]}], "id": 1373446, "interactionBox": {"center": [0, 200, 0], "size": [235.247, 235.247, 147.751]}, "pointables": [{"bases": [[[0.970298, 0.0552019, 0.235532], [-0.209699, 0.677368, 0.705123], [-0.120617, -0.73357, 0.668825]], [[0.972731, 0.217618, 0.0802318], [-0.199714, 0.60998, 0.766837], [0.117938, -0.761949, 0.636808]], [[0.972731, 0.217618, 0.0802318], [-0.227632, 0.829394, 0.510185], [0.0444818, -0.514536, 0.856314]], [[0.972731, 0.217618, 0.0802318], [-0.231932, 0.914838, 0.330574], [-0.00146009, -0.340168, 0.940363]]], "btipPosition": [-56.6028, 205.932, 12.4555], "carpPosition": [-63.663, 145.577, 90.5629], "dipPosition": [-56.5711, 198.563, 32.8259], "direction": [0.0444818, 0.514536, -0.856314], "extended": true, "handId": 811, "id": 8110, "length": 48.2387, "mcpPosition": [-63.663, 145.577, 90.5629], "pipPosition": [-57.9749, 182.325, 59.8501], "stabilizedTipPosition": [-57.7472, 204.689, 20.4802], "timeVisible": 5.92294, "tipPosition": [-58.2535, 208.413, 20.3177], "tipVelocity": [1.49675, -0.799538, -11.5615], "tool": false, "touchDistance": -0.245905, "touchZone": "touching", "type": 0, "width": 20.4068}, {"bases": [[[0.563143, -0.762791, -0.317837], [0.808425, 0.428842, 0.403168], [-0.171231, -0.483988, 0.858158]], [[0.50982, -0.852492, -0.115501], [0.54581, 0.424307, -0.722533], [0.664962, 0.30532, 0.681619]], [[0.50982, -0.852492, -0.115501], [-0.605321, -0.260077, -0.752294], [0.611286, 0.45345, -0.648624]], [[0.50982, -0.852492, -0.115501], [-0.845266, -0.471412, -0.251586], [0.160026, 0.225893, -0.960918]]], "btipPosition": [-55.6822, 158.41, 32.1023], "carpPosition": [-86.1601, 149.865, 90.4992], "dipPosition": [-58.2129, 161.982, 16.906], "direction": [0.611286, -0.45345, 0.648624], "extended": false, "handId": 811, "id": 8111, "length": 54.432, "mcpPosition": [-98.3314, 184.268, 29.5001], "pipPosition": [-71.8886, 172.127, 2.39499], "stabilizedTipPosition": [-53.6965, 158.828, 30.2972], "timeVisible": 5.92294, "tipPosition": [-56.7455, 158.476, 28.4207], "tipVelocity": [-0.847719, 4.61552, -6.76982], "tool": false, "touchDistance": 0.333333, "touchZone": "none", "type": 1, "width": 19.4926}, {"bases": [[[0.388708, -0.883022, -0.263016], [0.888037, 0.282979, 0.362372], [-0.245555, -0.374425, 0.894153]], [[0.373284, -0.903885, -0.208926], [0.46011, 0.375933, -0.804346], [0.805579, 0.204121, 0.556217]], [[0.373284, -0.903885, -0.208926], [-0.758135, -0.167418, -0.63024], [0.534687, 0.393653, -0.747762]], [[0.373284, -0.903885, -0.208926], [-0.926474, -0.374861, -0.0335383], [-0.0480033, 0.206084, -0.977356]]], "btipPosition": [-61.5886, 144.056, 38.5263], "carpPosition": [-94.2147, 141.869, 86.9333], "dipPosition": [-60.7536, 147.641, 21.5264], "direction": [0.534687, -0.393653, 0.747762], "extended": false, "handId": 811, "id": 8112, "length": 62.0209, "mcpPosition": [-110.767, 167.108, 26.66], "pipPosition": [-74.8269, 158.002, 1.84485], "stabilizedTipPosition": [-58.3524, 145.497, 35.9432], "timeVisible": 5.92294, "tipPosition": [-60.7929, 144.614, 32.9108], "tipVelocity": [-3.34475, 5.24246, -4.42876], "tool": false, "touchDistance": 0.333333, "touchZone": "none", "type": 2, "width": 19.1443}, {"bases": [[[0.280279, -0.9473, -0.155131], [0.905258, 0.207088, 0.370974], [-0.319298, -0.24441, 0.915594]], [[0.260628, -0.960252, -0.0999495], [0.492227, 0.221227, -0.841885], [0.830533, 0.170221, 0.53032]], [[0.260628, -0.960252, -0.0999495], [-0.763414, -0.141608, -0.630195], [0.590993, 0.240549, -0.769976]], [[0.260628, -0.960252, -0.0999495], [-0.964898, -0.262548, 0.00632957], [-0.0323195, 0.0947914, -0.994972]]], "btipPosition": [-70.1557, 131.928, 43.0384], "carpPosition": [-99.773, 131.982, 83.4332], "dipPosition": [-69.5968, 133.567, 25.8315], "direction": [0.590993, -0.240549, 0.769976], "extended": false, "handId": 811, "id": 8113, "length": 59.6348, "mcpPosition": [-119.097, 146.774, 28.0202], "pipPosition": [-84.7504, 139.735, 6.08865], "stabilizedTipPosition": [-66.815, 134.066, 40.4171], "timeVisible": 5.92294, "tipPosition": [-69.2835, 131.732, 37.1533], "tipVelocity": [-4.65607, 6.49614, -3.86794], "tool": false, "touchDistance": 0.333333, "touchZone": "none", "type": 3, "width": 18.217}, {"bases": [[[0.087986, -0.990329, -0.107267], [0.906042, 0.0348154, 0.421753], [-0.413939, -0.134297, 0.900344]], [[0.0129357, -0.998423, 0.0546297], [0.551046, -0.0384711, -0.833588], [0.834375, 0.0408865, 0.549679]], [[0.0129357, -0.998423, 0.0546297], [-0.726759, -0.0469122, -0.685289], [0.686771, -0.0308379, -0.726219]], [[0.0129357, -0.998423, 0.0546297], [-0.999531, -0.0144277, -0.0270053], [0.0277509, -0.0542547, -0.998141]]], "btipPosition": [-82.1482, 126.45, 40.0772], "carpPosition": [-99.1411, 118.84, 79.4363], "dipPosition": [-82.591, 125.584, 24.1525], "direction": [0.686771, 0.0308379, 0.726219], "extended": false, "handId": 811, "id": 8114, "length": 46.7525, "mcpPosition": [-122.332, 126.364, 28.9955], "pipPosition": [-95.024, 125.026, 11.0054], "stabilizedTipPosition": [-78.7733, 125.981, 37.3433], "timeVisible": 5.92294, "tipPosition": [-81.4138, 124.433, 34.7204], "tipVelocity": [-5.48092, 12.7145, -3.67928], "tool": false, "touchDistance": 0.333333, "touchZone": "none", "type": 4, "width": 16.1818}], "r": [[0.9175, -0.225832, 0.327404], [0.316271, 0.9134, -0.256269], [-0.241177, 0.338675, 0.909469]], "s": 1.10948, "t": [16.0972, -62.7421, -67.25], "timestamp": 747436544103}, {"currentFrameRate": 114.996, "devices": [], "gestures": [], "hands": [{"armBasis": [[0.95458, -0.208077, 0.213263], [0.277278, 0.35839, -0.891444], [0.109058, 0.910088, 0.399807]], "armWidth": 63.4054, "confidence": 1, "direction": [-0.380045, 0.407292, -0.830469], "elbow": [-111.237, 372.598, 211.477], "grabAngle": 3.14159, "grabStrength": 1, "id": 811, "palmNormal": [0.773016, -0.353194, -0.526972], "palmPosition": [-99.8171, 153.428, 44.0533], "palmVelocity": [-2.12776, 11.4522, -5.21403], "palmWidth": 87.9125, "pinchDistance": 38.1951, "pinchStrength": 0.407984, "r": [[0.917448, -0.22512, 0.328039], [0.315665, 0.913748, -0.255774], [-0.242165, 0.33821, 0.909379]], "s": 1.10919, "sphereCenter": [-74.5662, 152.72, 13.0122], "sphereRadius": 37.1206, "stabilizedPalmPosition": [-97.1797, 154.511, 46.727], "t": [-16.1108, -62.6455, -67.2942], "timeVisible": 5.93213, "type": "left", "wrist": [-82.7869, 135.185, 107.18]}], "id": 1373447, "interactionBox": {"center": [0, 200, 0], "size": [235.247, 235.247, 147.751]}, "pointables": [{"bases": [[[0.969963, 0.0564678, 0.236608], [-0.211409, 0.676831, 0.705129], [-0.120327, -0.73397, 0.668439]], [[0.972379, 0.218661, 0.0816489], [-0.201505, 0.6099, 0.766432], [0.117791, -0.761715, 0.637115]], [[0.972379, 0.218661, 0.0816489], [-0.229267, 0.829192, 0.509782], [0.0437666, -0.51442, 0.856421]], [[0.972379, 0.218661, 0.0816489], [-0.233394, 0.914624, 0.330136], [-0.00249034, -0.340074, 0.940396]]], "btipPosition": [-56.6345, 205.954, 12.3466], "carpPosition": [-63.6427, 145.615, 90.4729], "dipPosition": [-56.5805, 198.587, 32.7177], "direction": [0.0437666, 0.51442, -0.856421], "extended": true, "handId": 811, "id": 8110, "length": 48.2387, "mcpPosition": [-63.6427, 145.615, 90.4729], "pipPosition": [-57.9617, 182.352, 59.7453], "stabilizedTipPosition": [-57.7469, 204.689, 20.4794], "timeVisible": 5.93213, "tipPosition": [-58.2155, 208.45, 20.2295], "tipVelocity": [-2.89332, 2.42552, -11.8392], "tool": false, "touchDistance": -0.247717, "touchZone": "touching", "type": 0, "width": 20.4068}, {"bases": [[[0.564548, -0.761897, -0.317487], [0.807388, 0.429824, 0.404197], [-0.171493, -0.484524, 0.857803]], [[0.511154, -0.851718, -0.115317], [0.545659, 0.425241, -0.722098], [0.664062, 0.30618, 0.682111]], [[0.511154, -0.851718, -0.115317], [-0.604442, -0.260838, -0.752737], [0.611041, 0.454467, -0.648143]], [[0.511154, -0.851718, -0.115317], [-0.844392, -0.472598, -0.252296], [0.160386, 0.226334, -0.960754]]], "btipPosition": [-55.7102, 158.454, 32.0306], "carpPosition": [-86.1339, 149.936, 90.4352], "dipPosition": [-58.2466, 162.033, 16.8369], "direction": [0.611041, -0.454467, 0.648143], "extended": false, "handId": 811, "id": 8111, "length": 54.432, "mcpPosition": [-98.3238, 184.376, 29.4614], "pipPosition": [-71.9169, 172.201, 2.33666], "stabilizedTipPosition": [-53.6973, 158.828, 30.2967], "timeVisible": 5.93213, "tipPosition": [-56.7743, 158.528, 28.328], "tipVelocity": [-3.19793, 4.99449, -7.73902], "tool": false, "touchDistance": 0.333333, "touchZone": "none", "type": 1, "width": 19.4926}, {"bases": [[[0.390221, -0.88239, -0.262898], [0.887247, 0.284087, 0.363438], [-0.246008, -0.375077, 0.893755]], [[0.374767, -0.903293, -0.208832], [0.459876, 0.376702, -0.804121], [0.805024, 0.205321, 0.556578]], [[0.374767, -0.903293, -0.208832], [-0.757655, -0.168576, -0.630508], [0.53433, 0.394516, -0.747562]], [[0.374767, -0.903293, -0.208832], [-0.925871, -0.376326, -0.0337764], [-0.0480789, 0.20601, -0.977368]]], "btipPosition": [-61.6434, 144.107, 38.474], "carpPosition": [-94.2035, 141.952, 86.8753], "dipPosition": [-60.8071, 147.691, 21.4739], "direction": [0.53433, -0.394516, 0.747562], "extended": false, "handId": 811, "id": 8112, "length": 62.0209, "mcpPosition": [-110.786, 167.235, 26.6288], "pipPosition": [-74.871, 158.075, 1.79759], "stabilizedTipPosition": [-58.357, 145.496, 35.9412], "timeVisible": 5.93213, "tipPosition": [-60.8385, 144.669, 32.8223], "tipVelocity": [-5.93911, 5.57164, -5.70139], "tool": false, "touchDistance": 0.333333, "touchZone": "none", "type": 2, "width": 19.1443}, {"bases": [[[0.281763, -0.946856, -0.155154], [0.904565, 0.208217, 0.372032], [-0.319955, -0.245172, 0.915161]], [[0.262071, -0.959854, -0.099998], [0.492225, 0.222078, -0.841663], [0.830081, 0.171354, 0.530664]], [[0.262071, -0.959854, -0.099998], [-0.763001, -0.142642, -0.630462], [0.590888, 0.241524, -0.769752]], [[0.262071, -0.959854, -0.099998], [-0.964511, -0.263974, 0.0060648], [-0.0322182, 0.0948597, -0.994969]]], "btipPosition": [-70.2215, 131.992, 42.9893], "carpPosition": [-99.7793, 132.074, 83.3778], "dipPosition": [-69.6644, 133.633, 25.7824], "direction": [0.590888, -0.241524, 0.769752], "extended": false, "handId": 811, "id": 8113, "length": 59.6348, "mcpPosition": [-119.143, 146.912, 27.9911], "pipPosition": [-84.8152, 139.826, 6.04531], "stabilizedTipPosition": [-66.8221, 134.062, 40.4141], "timeVisible": 5.93213, "tipPosition": [-69.3427, 131.799, 37.0699], "tipVelocity": [-7.20782, 7.06032, -5.34955], "tool": false, "touchDistance": 0.333333, "touchZone": "none", "type": 3, "width": 18.217}, {"bases": [[[0.0894789, -0.990169, -0.107515], [0.905533, 0.0359273, 0.422752], [-0.414733, -0.135185, 0.899845]], [[0.0135801, -0.998352, 0.0557556], [0.551353, -0.0390412, -0.833358], [0.834161, 0.0420581, 0.549915]], [[0.0135801, -0.998352, 0.0557556], [-0.72654, -0.0481626, -0.685434], [0.68699, -0.0312004, -0.725997]], [[0.0135801, -0.998352, 0.0557556], [-0.999522, -0.0151021, -0.0269664], [0.027764, -0.0553627, -0.99808]]], "btipPosition": [-82.2245, 126.578, 40.0318], "carpPosition": [-99.1701, 118.932, 79.3757], "dipPosition": [-82.6674, 125.694, 24.1082], "direction": [0.68699, 0.0312004, 0.725997], "extended": false, "handId": 811, "id": 8114, "length": 46.7525, "mcpPosition": [-122.405, 126.506, 28.9628], "pipPosition": [-95.1044, 125.129, 10.965], "stabilizedTipPosition": [-78.7858, 125.982, 37.3398], "timeVisible": 5.93213, "tipPosition": [-81.4866, 124.523, 34.6485], "tipVelocity": [-8.30615, 13.4573, -4.91467], "tool": false, "touchDistance": 0.333333, "touchZone": "none", "type": 4, "width": 16.1818}], "r": [[0.917448, -0.22512, 0.328039], [0.315665, 0.913748, -0.255774], [-0.242165, 0.33821, 0.909379]], "s": 1.10919, "t": [16.1108, -62.6455, -67.2942], "timestamp": 747436553288}, {"currentFrameRate": 115.001, "devices": [], "gestures": [], "hands": [{"armBasis": [[0.954728, -0.206377, 0.21425], [0.277511, 0.35845, -0.891348], [0.107156, 0.910452, 0.399494]], "armWidth": 63.4054, "confidence": 1, "direction": [-0.380138, 0.407552, -0.830299], "elbow": [-110.727, 372.806, 211.338], "grabAngle": 3.14159, "grabStrength": 1, "id": 811, "palmNormal": [0.771929, -0.354731, -0.527534], "palmPosition": [-99.8324, 153.541, 44.0039], "palmVelocity": [-1.76308, 13.0401, -5.68852], "palmWidth": 87.9125, "pinchDistance": 38.1519, "pinchStrength": 0.407832, "r": [[0.91742, -0.224213, 0.328739], [0.314922, 0.914108, -0.255402], [-0.243239, 0.337838, 0.909231]], "s": 1.10892, "sphereCenter": [-74.6269, 152.764, 12.9457], "sphereRadius": 37.1137, "stabilizedPalmPosition": [-97.1853, 154.509, 46.7212], "t": [-16.1253, -62.5406, -67.341], "timeVisible": 5.94081, "type": "left", "wrist": [-82.7738, 135.298, 107.123]}], "id": 1373448, "interactionBox": {"center": [0, 200, 0], "size": [235.247, 235.247, 147.751]}, "pointables": [{"bases": [[[0.969645, 0.0582037, 0.23749], [-0.213204, 0.676796, 0.704622], [-0.11972, -0.733867, 0.668661]], [[0.97198, 0.220002, 0.0827879], [-0.203333, 0.610195, 0.765714], [0.117942, -0.761092, 0.637831]], [[0.97198, 0.220002, 0.0827879], [-0.231043, 0.829295, 0.508811], [0.0432836, -0.513682, 0.856888]], [[0.97198, 0.220002, 0.0827879], [-0.23504, 0.914538, 0.329205], [-0.00328702, -0.339439, 0.940622]]], "btipPosition": [-56.6448, 205.96, 12.2127], "carpPosition": [-63.6278, 145.689, 90.3932], "dipPosition": [-56.5736, 198.607, 32.5888], "direction": [0.0432836, 0.513682, -0.856888], "extended": true, "handId": 811, "id": 8110, "length": 48.2387, "mcpPosition": [-63.6278, 145.689, 90.3932], "pipPosition": [-57.9395, 182.396, 59.6311], "stabilizedTipPosition": [-57.7467, 204.689, 20.4789], "timeVisible": 5.94081, "tipPosition": [-58.1549, 208.467, 20.1038], "tip