{"frames": 92, "data": [{"currentFrameRate": 115.183, "devices": [], "gestures": [], "hands": [{"armBasis": [[0.826544, -0.552804, -0.105987], [0.128824, 0.369085, -0.920424], [0.547932, 0.747117, 0.376279]], "armWidth": 63.4054, "confidence": 1, "direction": [-0.254248, 0.376731, -0.890748], "elbow": [-229.712, 346.454, 195.289], "grabAngle": 3.1359, "grabStrength": 0.29439, "id": 811, "palmNormal": [0.957007, -0.0349653, -0.287949], "palmPosition": [-90.4846, 172.166, 32.4911], "palmVelocity": [-30.5964, 33.6569, -28.3799], "palmWidth": 87.9125, "pinchDistance": 58.2808, "pinchStrength": 0.109136, "r": [[-0.377118, -0.711093, 0.593405], [0.476786, -0.698347, -0.533842], [0.794013, 0.0816057, 0.602398]], "s": 1.60771, "sphereCenter": [-54.5077, 185.365, 7.55032], "sphereRadius": 43.5725, "stabilizedPalmPosition": [-88.3846, 172.913, 36.9706], "t": [-6.53818, -44.0486, -78.6613], "timeVisible": 7.96082, "type": "left", "wrist": [-86.7745, 151.555, 97.1297]}], "id": 1373677, "interactionBox": {"center": [0, 200, 0], "size": [235.247, 235.247, 147.751]}, "pointables": [{"bases": [[[0.96177, -0.267698, -0.0577654], [0.216394, 0.61358, 0.759403], [-0.167847, -0.742871, 0.648051]], [[0.969269, -0.0417954, -0.242426], [0.232624, 0.47628, 0.847964], [0.0800219, -0.8783, 0.471366]], [[0.969269, -0.0417954, -0.242426], [0.192363, 0.743045, 0.641], [0.153343, -0.667936, 0.72825]], [[0.969269, -0.0417954, -0.242426], [0.138346, 0.907471, 0.396682], [0.203415, -0.418031, 0.885366]]], "btipPosition": [-54.4647, 242.22, 22.3073], "carpPosition": [-67.5698, 169.725, 87.2027], "dipPosition": [-58.8711, 233.164, 41.4864], "direction": [0.153343, 0.667935, -0.72825], "extended": true, "handId": 811, "id": 8110, "length": 48.2387, "mcpPosition": [-67.5698, 169.725, 87.2027], "pipPosition": [-63.7104, 212.085, 64.469], "stabilizedTipPosition": [-55.0685, 239.091, 26.6368], "timeVisible": 7.96082, "tipPosition": [-55.5027, 235.543, 21.8982], "tipVelocity": [-36.4051, 105.001, 7.90209], "tool": false, "touchDistance": -0.225485, "touchZone": "touching", "type": 0, "width": 20.4068}, {"bases": [[[0.180331, -0.849268, -0.49621], [0.980122, 0.112725, 0.163263], [-0.0827189, -0.515788, 0.852714]], [[0.173021, -0.888336, -0.425351], [0.874569, 0.337192, -0.348467], [0.452981, -0.311707, 0.835252]], [[0.173021, -0.888336, -0.425351], [0.874569, 0.337192, -0.348467], [0.452981, -0.311707, 0.835252]], [[0.173021, -0.888336, -0.425351], [-0.452285, 0.311976, -0.83553], [0.87493, 0.336944, -0.347802]]], "btipPosition": [-53.2622, 217.771, -26.3192], "carpPosition": [-89.3662, 167.067, 80.6934], "dipPosition": [-67.0987, 223.099, -31.8194], "direction": [0.452981, 0.311707, -0.835252], "extended": true, "handId": 811, "id": 8111, "length": 54.432, "mcpPosition": [-95.246, 203.73, 20.0814], "pipPosition": [-77.2328, 216.126, -13.1331], "stabilizedTipPosition": [-55.8049, 219.416, -26.4848], "timeVisible": 7.96082, "tipPosition": [-58.671, 219.466, -25.885], "tipVelocity": [-23.2537, 1.7894, -35.8633], "tool": false, "touchDistance": -0.274031, "touchZone": "touching", "type": 1, "width": 19.4926}, {"bases": [[[-0.00224947, -0.917835, -0.396957], [0.994444, -0.0438284, 0.0957038], [-0.105238, -0.394536, 0.912834]], [[-0.00855593, -0.939841, -0.341505], [0.45712, 0.300069, -0.837258], [0.889364, -0.163272, 0.427053]], [[-0.00855593, -0.939841, -0.341505], [-0.889, 0.163511, -0.427719], [0.457828, 0.299938, -0.836917]], [[-0.00855593, -0.939841, -0.341505], [-0.976857, -0.065137, 0.203734], [-0.213722, 0.335345, -0.917533]]], "btipPosition": [-52.2305, 177.703, 32.0392], "carpPosition": [-93.1476, 157.552, 74.6367], "dipPosition": [-48.513, 183.536, 16.0798], "direction": [0.457828, -0.299938, 0.836917], "extended": false, "handId": 811, "id": 8112, "length": 62.0209, "mcpPosition": [-100.242, 184.147, 13.1041], "pipPosition": [-60.5633, 191.431, -5.94842], "stabilizedTipPosition": [-48.4066, 182.666, 33.1997], "timeVisible": 7.96082, "tipPosition": [-47.4691, 181.184, 21.6249], "tipVelocity": [-38.4166, 23.0235, -24.8138], "tool": false, "touchDistance": 0.333333, "touchZone": "none", "type": 2, "width": 19.1443}, {"bases": [[[-0.0926706, -0.959957, -0.264376], [0.987881, -0.121846, 0.0961489], [-0.124512, -0.252262, 0.959615]], [[-0.0999701, -0.973356, -0.206358], [0.449455, 0.140855, -0.882128], [0.887692, -0.180935, 0.423398]], [[-0.0999701, -0.973356, -0.206358], [-0.87457, 0.184862, -0.448278], [0.474482, 0.13566, -0.869749]], [[-0.0999701, -0.973356, -0.206358], [-0.972711, 0.0519637, 0.226125], [-0.209378, 0.223333, -0.951989]]], "btipPosition": [-56.3492, 162.394, 32.4856], "carpPosition": [-94.0695, 146.985, 69.3078], "dipPosition": [-52.7283, 166.257, 16.022], "direction": [0.474482, -0.13566, 0.869749], "extended": false, "handId": 811, "id": 8113, "length": 59.6348, "mcpPosition": [-101.605, 162.253, 11.2307], "pipPosition": [-64.8944, 169.735, -6.27909], "stabilizedTipPosition": [-51.7301, 166.67, 33.5611], "timeVisible": 7.96082, "tipPosition": [-51.5092, 164.084, 22.626], "tipVelocity": [-39.6065, 25.1556, -19.3752], "tool": false, "touchDistance": 0.333333, "touchZone": "none", "type": 3, "width": 18.217}, {"bases": [[[-0.268403, -0.949285, -0.163763], [0.946534, -0.291476, 0.138258], [-0.178979, -0.117898, 0.976763]], [[-0.277291, -0.954108, -0.113082], [0.475146, -0.0338803, -0.879255], [0.835073, -0.29754, 0.462735]], [[-0.277291, -0.954108, -0.113082], [-0.800376, 0.294501, -0.522175], [0.531514, -0.0542861, -0.845308]], [[-0.277291, -0.954108, -0.113082], [-0.950341, 0.255062, 0.178313], [-0.141287, 0.156911, -0.977454]]], "btipPosition": [-63.5154, 150.076, 26.2353], "carpPosition": [-88.187, 135.253, 65.2044], "dipPosition": [-61.2612, 152.579, 10.6407], "direction": [0.531514, 0.0542861, 0.845308], "extended": false, "handId": 811, "id": 8114, "length": 46.7525, "mcpPosition": [-98.2141, 141.858, 10.4822], "pipPosition": [-70.8835, 151.596, -4.66236], "stabilizedTipPosition": [-58.623, 152.598, 25.9156], "timeVisible": 7.96082, "tipPosition": [-59.4954, 151.349, 16.7861], "tipVelocity": [-42.4073, 28.1151, -13.5539], "tool": false, "touchDistance": 0.333333, "touchZone": "none", "type": 4, "width": 16.1818}], "r": [[-0.377118, -0.711093, 0.593405], [0.476786, -0.698347, -0.533842], [0.794013, 0.0816057, 0.602398]], "s": 1.60771, "t": [6.53818, -44.0486, -78.6613], "timestamp": 747438581978}, {"currentFrameRate": 114.743, "devices": [], "gestures": [], "hands": [{"armBasis": [[0.826237, -0.55375, -0.103412], [0.132597, 0.369595, -0.919683], [0.547495, 0.746164, 0.378799]], "armWidth": 63.4054, "confidence": 1, "direction": [-0.257884, 0.377319, -0.889453], "elbow": [-229.64, 346.556, 195.694], "grabAngle": 3.14048, "grabStrength": 0.301591, "id": 811, "palmNormal": [0.955707, -0.0355345, -0.292168], "palmPosition": [-90.767, 172.566, 32.266], "palmVelocity": [-29.8395, 42.2255, -23.7899], "palmWidth": 87.9125, "pinchDistance": 58.9986, "pinchStrength": 0.0910343, "r": [[-0.377851, -0.711589, 0.592343], [0.480021, -0.697632, -0.531873], [0.791713, 0.0833679, 0.605178]], "s": 1.61145, "sphereCenter": [-54.9463, 186.142, 7.32416], "sphereRadius": 43.6228, "stabilizedPalmPosition": [-88.4601, 172.902, 36.8216], "t": [-6.80626, -43.7297, -78.8936], "timeVisible": 7.97028, "type": "left", "wrist": [-86.8158, 151.905, 96.8772]}], "id": 1373678, "interactionBox": {"center": [0, 200, 0], "size": [235.247, 235.247, 147.751]}, "pointables": [{"bases": [[[0.96221, -0.266969, -0.0536576], [0.212605, 0.613395, 0.760622], [-0.170149, -0.743286, 0.646974]], [[0.970232, -0.040134, -0.238828], [0.228995, 0.472956, 0.850808], [0.078809, -0.880171, 0.468068]], [[0.970232, -0.040134, -0.238828], [0.19073, 0.734341, 0.651433], [0.149237, -0.677593, 0.720136]], [[0.970232, -0.040134, -0.238828], [0.139568, 0.898597, 0.415986], [0.197915, -0.436936, 0.877449]]], "btipPosition": [-54.8158, 243.383, 22.5665], "carpPosition": [-67.6138, 170.083, 86.8752], "dipPosition": [-59.1031, 233.918, 41.574], "direction": [0.149237, 0.677593, -0.720136], "extended": true, "handId": 811, "id": 8110, "length": 48.2387, "mcpPosition": [-67.6138, 170.083, 86.8752], "pipPosition": [-63.8129, 212.534, 64.3006], "stabilizedTipPosition": [-55.4518, 240.196, 26.7943], "timeVisible": 7.97028, "tipPosition": [-55.7865, 236.219, 21.8517], "tipVelocity": [-34.2111, 112.905, 23.2146], "tool": false, "touchDistance": -0.222787, "touchZone": "touching", "type": 0, "width": 20.4068}, {"bases": [[[0.183132, -0.848912, -0.495794], [0.979312, 0.113367, 0.16762], [-0.0860879, -0.516233, 0.85211]], [[0.175452, -0.888403, -0.424213], [0.873979, 0.338909, -0.348284], [0.453187, -0.309646, 0.835907]], [[0.175452, -0.888403, -0.424213], [0.873979, 0.338909, -0.348284], [0.453187, -0.309646, 0.835907]], [[0.175452, -0.888403, -0.424213], [-0.452491, 0.309916, -0.836184], [0.874339, 0.338663, -0.347619]]], "btipPosition": [-53.5726, 218.024, -26.5527], "carpPosition": [-89.4405, 167.445, 80.4605], "dipPosition": [-67.3997, 223.38, -32.0501], "direction": [0.453187, 0.309646, -0.835907], "extended": true, "handId": 811, "id": 8111, "length": 54.432, "mcpPosition": [-95.5597, 204.139, 19.8914], "pipPosition": [-77.5384, 216.452, -13.3491], "stabilizedTipPosition": [-55.9178, 219.397, -26.6434], "timeVisible": 7.97028, "tipPosition": [-59.1318, 219.858, -26.2569], "tipVelocity": [-32.5653, 27.4399, -24.6059], "tool": false, "touchDistance": -0.277912, "touchZone": "touching", "type": 1, "width": 19.4926}, {"bases": [[[0.000167741, -0.917657, -0.397374], [0.994046, -0.043145, 0.100054], [-0.10896, -0.395025, 0.912186]], [[-0.00636625, -0.939693, -0.341961], [0.457477, 0.301347, -0.836603], [0.889199, -0.161765, 0.427969]], [[-0.00636625, -0.939693, -0.341961], [-0.888834, 0.162005, -0.428635], [0.458185, 0.301218, -0.836262]], [[-0.00636625, -0.939693, -0.341961], [-0.976783, -0.0673853, 0.203356], [-0.214135, 0.335317, -0.917447]]], "btipPosition": [-52.5944, 178.018, 31.8028], "carpPosition": [-93.2554, 157.934, 74.4163], "dipPosition": [-48.8697, 183.851, 15.8449], "direction": [0.458185, -0.301218, 0.836262], "extended": false, "handId": 811, "id": 8112, "length": 62.0209, "mcpPosition": [-100.6, 184.562, 12.9275], "pipPosition": [-60.9294, 191.779, -6.16602], "stabilizedTipPosition": [-48.5156, 182.558, 33.0339], "timeVisible": 7.97028, "tipPosition": [-47.84, 181.531, 21.2972], "tipVelocity": [-38.2758, 33.2825, -24.9368], "tool": false, "touchDistance": 0.333333, "touchZone": "none", "type": 2, "width": 19.1443}, {"bases": [[[-0.0908044, -0.959905, -0.265212], [0.987538, -0.121168, 0.100435], [-0.128544, -0.252787, 0.958945]], [[-0.098349, -0.973336, -0.207233], [0.449899, 0.142258, -0.881677], [0.887648, -0.179946, 0.423912]], [[-0.098349, -0.973336, -0.207233], [-0.874521, 0.183911, -0.448764], [0.474911, 0.137094, -0.86929]], [[-0.098349, -0.973336, -0.207233], [-0.972862, 0.0502111, 0.225871], [-0.209443, 0.223823, -0.95186]]], "btipPosition": [-56.7242, 162.726, 32.2698], "carpPosition": [-94.2085, 147.371, 69.0868], "dipPosition": [-53.1021, 166.596, 15.8085], "direction": [0.474911, -0.137094, 0.86929], "extended": false, "handId": 811, "id": 8113, "length": 59.6348, "mcpPosition": [-101.988, 162.67, 11.0501], "pipPosition": [-65.2792, 170.112, -6.48084], "stabilizedTipPosition": [-51.8537, 166.579, 33.4103], "timeVisible": 7.97028, "tipPosition": [-51.8908, 164.449, 22.3026], "tipVelocity": [-39.5915, 35.2031, -22.7428], "tool": false, "touchDistance": 0.333333, "touchZone": "none", "type": 3, "width": 18.217}, {"bases": [[[-0.266985, -0.949407, -0.165367], [0.94613, -0.290847, 0.142286], [-0.183184, -0.11847, 0.975914]], [[-0.276226, -0.954314, -0.113949], [0.474777, -0.0324067, -0.87951], [0.835635, -0.297044, 0.462037]], [[-0.276226, -0.954314, -0.113949], [-0.801086, 0.29412, -0.521301], [0.530999, -0.0527136, -0.845731]], [[-0.276226, -0.954314, -0.113949], [-0.950462, 0.253659, 0.179662], [-0.14255, 0.157932, -0.977107]]], "btipPosition": [-63.9277, 150.43, 26.0557], "carpPosition": [-88.3526, 135.636, 64.9523], "dipPosition": [-61.6534, 152.949, 10.4667], "direction": [0.530999, 0.0527136, 0.845731], "extended": false, "handId": 811, "id": 8114, "length": 46.7525, "mcpPosition": [-98.6153, 142.273, 10.2776], "pipPosition": [-71.2664, 151.995, -4.84408], "stabilizedTipPosition": [-58.828, 152.53, 25.7679], "timeVisible": 7.97028, "tipPosition": [-59.9069, 151.724, 16.4916], "tipVelocity": [-43.0778, 37.8263, -18.8429], "tool": false, "touchDistance": 0.333333, "touchZone": "none", "type": 4, "width": 16.1818}], "r": [[-0.377851, -0.711589, 0.592343], [0.480021, -0.697632, -0.531873], [0.791713, 0.0833679, 0.605178]], "s": 1.61145, "t": [6.80626, -43.7297, -78.8936], "timestamp": 747438591442}, {"currentFrameRate": 115.212, "devices": [], "gestures": [], "hands": [{"armBasis": [[0.826092, -0.554299, -0.101609], [0.136208, 0.371357, -0.918445], [0.546826, 0.74488, 0.382275]], "armWidth": 63.4054, "confidence": 1, "direction": [-0.261326, 0.379342, -0.887586], "elbow": [-229.542, 346.553, 196.304], "grabAngle": 3.14159, "grabStrength": 0.306834, "id": 811, "palmNormal": [0.954167, -0.0374307, -0.296926], "palmPosition": [-91.0628, 173.039, 32.0235], "palmVelocity": [-37.5276, 60.0782, -30.7627], "palmWidth": 87.9125, "pinchDistance": 59.6827, "pinchStrength": 0.0737821, "r": [[-0.378664, -0.712358, 0.590897], [0.483468, -0.696653, -0.530032], [0.789222, 0.0849758, 0.6082]], "s": 1.6154, "sphereCenter": [-55.3835, 186.934, 7.06708], "sphereRadius": 43.6789, "stabilizedPalmPosition": [-88.5426, 172.907, 36.6695], "t": [-7.0882, -43.3334, -79.1309], "timeVisible": 7.97816, "type": "left", "wrist": [-86.8926, 152.238, 96.5804]}], "id": 1373679, "interactionBox": {"center": [0, 200, 0], "size": [235.247, 235.247, 147.751]}, "pointables": [{"bases": [[[0.963119, -0.264515, -0.0493319], [0.207344, 0.612727, 0.76261], [-0.171495, -0.744713, 0.644975]], [[0.971391, -0.0366843, -0.234634], [0.223982, 0.469918, 0.85382], [0.0789371, -0.881947, 0.464691]], [[0.971391, -0.0366843, -0.234634], [0.187463, 0.724995, 0.662751], [0.145796, -0.687776, 0.711131]], [[0.971391, -0.0366843, -0.234634], [0.138728, 0.889553, 0.435259], [0.192752, -0.455358, 0.869193]]], "btipPosition": [-55.0636, 244.52, 22.8313], "carpPosition": [-67.6473, 170.415, 86.5141], "dipPosition": [-59.2391, 234.656, 41.66], "direction": [0.145796, 0.687776, -0.711131], "extended": true, "handId": 811, "id": 8110, "length": 48.2387, "mcpPosition": [-67.6473, 170.415, 86.5141], "pipPosition": [-63.8402, 212.95, 64.1024], "stabilizedTipPosition": [-55.7318, 241.202, 26.9742], "timeVisible": 7.97816, "tipPosition": [-55.9794, 236.92, 21.833], "tipVelocity": [-28.1726, 132.647, 28.3794], "tool": false, "touchDistance": -0.221155, "touchZone": "touching", "type": 0, "width": 20.4068}, {"bases": [[[0.187666, -0.847683, -0.496201], [0.978192, 0.115516, 0.172617], [-0.089005, -0.517774, 0.850875]], [[0.179685, -0.887502, -0.424327], [0.873467, 0.34236, -0.346187], [0.452514, -0.308431, 0.83672]], [[0.179685, -0.887502, -0.424327], [0.873467, 0.34236, -0.346187], [0.452514, -0.308431, 0.83672]], [[0.179685, -0.887502, -0.424327], [-0.451819, 0.308704, -0.836996], [0.873827, 0.342114, -0.345521]]], "btipPosition": [-53.9011, 218.399, -26.8062], "carpPosition": [-89.5118, 167.839, 80.2029], "dipPosition": [-67.7201, 223.809, -32.2703], "direction": [0.452514, 0.308431, -0.83672], "extended": true, "handId": 811, "id": 8111, "length": 54.432, "mcpPosition": [-95.8384, 204.644, 19.7217], "pipPosition": [-77.8438, 216.909, -13.5512], "stabilizedTipPosition": [-56.0428, 219.424, -26.7962], "timeVisible": 7.97816, "tipPosition": [-59.5661, 220.335, -26.6006], "tipVelocity": [-41.4432, 49.1012, -31.1873], "tool": false, "touchDistance": -0.282009, "touchZone": "touching", "type": 1, "width": 19.4926}, {"bases": [[[0.00438949, -0.917031, -0.398791], [0.993645, -0.0408538, 0.104882], [-0.112472, -0.396717, 0.911025]], [[-0.00236267, -0.93917, -0.343445], [0.457987, 0.304293, -0.835257], [0.888956, -0.159267, 0.429409]], [[-0.00236267, -0.93917, -0.343445], [-0.888591, 0.159509, -0.430074], [0.458695, 0.304166, -0.834915]], [[-0.00236267, -0.93917, -0.343445], [-0.976773, -0.0714212, 0.202025], [-0.214265, 0.335945, -0.917187]]], "btipPosition": [-52.9552, 178.346, 31.5234], "carpPosition": [-93.3799, 158.348, 74.1628], "dipPosition": [-49.2283, 184.19, 15.5701], "direction": [0.458695, -0.304166, 0.834915], "extended": false, "handId": 811, "id": 8112, "length": 62.0209, "mcpPosition": [-100.961, 185.09, 12.7523], "pipPosition": [-61.3015, 192.195, -6.40542], "stabilizedTipPosition": [-48.6152, 182.478, 32.89], "timeVisible": 7.97816, "tipPosition": [-48.2114, 181.892, 20.9341], "tipVelocity": [-45.7169, 41.9213, -35.3138], "tool": false, "touchDistance": 0.333333, "touchZone": "none", "type": 2, "width": 19.1443}, {"bases": [[[-0.0871273, -0.95971, -0.267144], [0.987328, -0.118893, 0.10511], [-0.132636, -0.2546, 0.957907]], [[-0.0949239, -0.97325, -0.209223], [0.450807, 0.14536, -0.880706], [0.88756, -0.177919, 0.42495]], [[-0.0949239, -0.97325, -0.209223], [-0.874456, 0.181959, -0.449685], [0.475726, 0.14027, -0.868337]], [[-0.0949239, -0.97325, -0.209223], [-0.973261, 0.0465706, 0.224932], [-0.209171, 0.22498, -0.951647]]], "btipPosition": [-57.1267, 163.075, 31.9965], "carpPosition": [-94.3853, 147.795, 68.8217], "dipPosition": [-53.5093, 166.965, 15.5389], "direction": [0.475726, -0.14027, 0.868337], "extended": false, "handId": 811, "id": 8113, "length": 59.6348, "mcpPosition": [-102.413, 163.204, 10.8479], "pipPosition": [-65.7073, 170.562, -6.72603], "stabilizedTipPosition": [-51.9672, 166.512, 33.2775], "timeVisible": 7.97816, "tipPosition": [-52.3025, 164.833, 21.929], "tipVelocity": [-51.2017, 44.8724, -34.5679], "tool": false, "touchDistance": 0.333333, "touchZone": "none", "type": 3, "width": 18.217}, {"bases": [[[-0.263822, -0.949802, -0.168151], [0.946134, -0.288739, 0.146493], [-0.187691, -0.120445, 0.974815]], [[-0.273183, -0.954762, -0.117474], [0.475734, -0.0279504, -0.879145], [0.836091, -0.296054, 0.461848]], [[-0.273183, -0.954762, -0.117474], [-0.801759, 0.293463, -0.520636], [0.531558, -0.0480432, -0.845659]], [[-0.273183, -0.954762, -0.117474], [-0.951276, 0.249975, 0.180515], [-0.142983, 0.161063, -0.976532]]], "btipPosition": [-64.3883, 150.79, 25.8009], "carpPosition": [-88.5788, 136.053, 64.6402], "dipPosition": [-62.1071, 153.36, 10.221], "direction": [0.531558, 0.0480432, 0.845659], "extended": false, "handId": 811, "id": 8114, "length": 46.7525, "mcpPosition": [-99.094, 142.801, 10.0272], "pipPosition": [-71.7301, 152.49, -5.08838], "stabilizedTipPosition": [-59.0129, 152.488, 25.6376], "timeVisible": 7.97816, "tipPosition": [-60.3732, 152.138, 16.1365], "tipVelocity": [-58.2326, 47.1849, -32.0572], "tool": false, "touchDistance": 0.333333, "touchZone": "none", "type": 4, "width": 16.1818}], "r": [[-0.378664, -0.712358, 0.590897], [0.483468, -0.696653, -0.530032], [0.789222, 0.0849758, 0.6082]], "s": 1.6154, "t": [7.0882, -43.3334, -79.1309], "timestamp": 747438599324}, {"currentFrameRate": 115.228, "devices": [], "gestures": [], "hands": [{"armBasis": [[0.826048, -0.554532, -0.100695], [0.139575, 0.374377, -0.916712], [0.546044, 0.743193, 0.386652]], "armWidth": 63.4054, "confidence": 1, "direction": [-0.26449, 0.382808, -0.885157], "elbow": [-229.418, 346.498, 197.101], "grabAngle": 3.14159, "grabStrength": 0.312572, "id": 811, "palmNormal": [0.952387, -0.0406726, -0.302168], "palmPosition": [-91.3325, 173.657, 31.7606], "palmVelocity": [-31.1775, 71.436, -30.3886], "palmWidth": 87.9125, "pinchDistance": 60.1672, "pinchStrength": 0.0585697, "r": [[-0.379341, -0.713609, 0.588951], [0.487379, -0.695171, -0.528393], [0.786487, 0.0866012, 0.611504]], "s": 1.61941, "sphereCenter": [-55.7805, 187.787, 6.77884], "sphereRadius": 43.726, "stabilizedPalmPosition": [-88.6623, 172.939, 36.4588], "t": [-7.36402, -42.8263, -79.381], "timeVisible": 7.98681, "type": "left", "wrist": [-86.9729, 152.622, 96.2361]}], "id": 1373680, "interactionBox": {"center": [0, 200, 0], "size": [235.247, 235.247, 147.751]}, "pointables": [{"bases": [[[0.964484, -0.260309, -0.0448333], [0.200633, 0.611563, 0.765334], [-0.171805, -0.747148, 0.64207]], [[0.972724, -0.031518, -0.229815], [0.217605, 0.467169, 0.856972], [0.0803524, -0.883606, 0.461284]], [[0.972724, -0.031518, -0.229815], [0.182478, 0.715633, 0.674219], [0.143213, -0.697765, 0.701864]], [[0.972724, -0.031518, -0.229815], [0.135979, 0.880129, 0.454843], [0.187931, -0.473687, 0.860408]]], "btipPosition": [-55.1693, 245.686, 23.0812], "carpPosition": [-67.6353, 170.788, 86.1169], "dipPosition": [-59.2403, 235.425, 41.7196], "direction": [0.143213, 0.697765, -0.701864], "extended": true, "handId": 811, "id": 8110, "length": 48.2387, "mcpPosition": [-67.6353, 170.788, 86.1169], "pipPosition": [-63.76, 213.404, 63.8695], "stabilizedTipPosition": [-55.937, 242.367, 27.1903], "timeVisible": 7.98681, "tipPosition": [-56.0373, 237.701, 21.8306], "tipVelocity": [-9.43921, 124.235, 23.8239], "tool": false, "touchDistance": -0.219183, "touchZone": "touching", "type": 0, "width": 20.4068}, {"bases": [[[0.193929, -0.845556, -0.49742], [0.97675, 0.119189, 0.178197], [-0.0913882, -0.520412, 0.849011]], [[0.185694, -0.88575, -0.4254], [0.87234, 0.347869, -0.343526], [0.452261, -0.307303, 0.837272]], [[0.185694, -0.88575, -0.4254], [0.87234, 0.347869, -0.343526], [0.452261, -0.307303, 0.837272]], [[0.185694, -0.88575, -0.4254], [-0.451566, 0.307579, -0.837546], [0.8727, 0.347624, -0.342859]]], "btipPosition": [-54.1364, 218.912, -27.0359], "carpPosition": [-89.5442, 168.323, 79.9171], "dipPosition": [-67.9376, 224.409, -32.458], "direction": [0.452261, 0.307303, -0.837272], "extended": true, "handId": 811, "id": 8111, "length": 54.432, "mcpPosition": [-96.0402, 205.314, 19.5683], "pipPosition": [-78.0556, 217.534, -13.7265], "stabilizedTipPosition": [-56.2073, 219.521, -26.9891], "timeVisible": 7.98681, "tipPosition": [-59.9137, 220.964, -26.9271], "tipVelocity": [-26.7295, 61.6526, -25.4406], "tool": false, "touchDistance": -0.285443, "touchZone": "touching", "type": 1, "width": 19.4926}, {"bases": [[[0.0104267, -0.915938, -0.401184], [0.99323, -0.0369322, 0.110133], [-0.115692, -0.399616, 0.909353]], [[0.0034706, -0.938253, -0.345933], [0.458235, 0.30897, -0.833402], [0.888824, -0.155626, 0.431012]], [[0.0034706, -0.938253, -0.345933], [-0.888459, 0.155872, -0.431676], [0.458943, 0.308846, -0.833058]], [[0.0034706, -0.938253, -0.345933], [-0.976643, -0.0775024, 0.200406], [-0.214843, 0.337158, -0.916606]]], "btipPosition": [-53.2867, 178.751, 31.2156], "carpPosition": [-93.485, 158.864, 73.8729], "dipPosition": [-49.5498, 184.615, 15.2724], "direction": [0.458943, -0.308846, 0.833058], "extended": false, "handId": 811, "id": 8112, "length": 62.0209, "mcpPosition": [-101.284, 185.801, 12.575], "pipPosition": [-61.6295, 192.744, -6.65426], "stabilizedTipPosition": [-48.7325, 182.405, 32.7255], "timeVisible": 7.98681, "tipPosition": [-48.5488, 182.333, 20.5439], "tipVelocity": [-38.0545, 47.3036, -35.3108], "tool": false, "touchDistance": 0.333333, "touchZone": "none", "type": 2, "width": 19.1443}, {"bases": [[[-0.0816158, -0.959354, -0.270145], [0.987243, -0.114998, 0.110121], [-0.136711, -0.257711, 0.956501]], [[-0.0896666, -0.973081, -0.212304], [0.451704, 0.150247, -0.879426], [0.887651, -0.174753, 0.426072]], [[-0.0896666, -0.973081, -0.212304], [-0.874809, 0.178845, -0.450249], [0.476098, 0.145353, -0.867297]], [[-0.0896666, -0.973081, -0.212304], [-0.973645, 0.04076, 0.224399], [-0.209705, 0.226829, -0.95109]]], "btipPosition": [-57.5478, 163.504, 31.6865], "carpPosition": [-94.5638, 148.33, 68.5094], "dipPosition": [-53.9212, 167.427, 15.2385], "direction": [0.476098, -0.145353, 0.867297], "extended": false, "handId": 811, "id": 8113, "length": 59.6348, "mcpPosition": [-102.838, 163.927, 10.6206], "pipPosition": [-66.1288, 171.154, -6.99972], "stabilizedTipPosition": [-52.1046, 166.451, 33.1219], "timeVisible": 7.98681, "tipPosition": [-52.7141, 165.302, 21.5181], "tipVelocity": [-48.4354, 50.4776, -35.576], "tool": false, "touchDistance": 0.333333, "touchZone": "none", "type": 3, "width": 18.217}, {"bases": [[[-0.258882, -0.950457, -0.172082], [0.946548, -0.285126, 0.150832], [-0.192425, -0.123836, 0.973467]], [[-0.268268, -0.955498, -0.122705], [0.477233, -0.0211694, -0.878522], [0.836828, -0.294239, 0.461674]], [[-0.268268, -0.955498, -0.122705], [-0.803158, 0.292173, -0.519204], [0.531949, -0.0407342, -0.845796]], [[-0.268268, -0.955498, -0.122705], [-0.952487, 0.244015, 0.182278], [-0.144225, 0.165775, -0.97556]]], "btipPosition": [-64.8931, 151.234, 25.4945], "carpPosition": [-88.8299, 136.574, 64.2656], "dipPosition": [-62.5921, 153.879, 9.93015], "direction": [0.531949, 0.0407342, 0.845796], "extended": false, "handId": 811, "id": 8114, "length": 46.7525, "mcpPosition": [-99.6103, 143.512, 9.72808], "pipPosition": [-72.2223, 153.142, -5.38176], "stabilizedTipPosition": [-59.2342, 152.461, 25.4836], "timeVisible": 7.98681, "tipPosition": [-60.8638, 152.658, 15.7341], "tipVelocity": [-57.8314, 53.3303, -35.0053], "tool": false, "touchDistance": 0.333333, "touchZone": "none", "type": 4, "width": 16.1818}], "r": [[-0.379341, -0.713609, 0.588951], [0.487379, -0.695171, -0.528393], [0.786487, 0.0866012, 0.611504]], "s": 1.61941, "t": [7.36402, -42.8263, -79.381], "timestamp": 747438607975}, {"currentFrameRate": 115.187, "devices": [], "gestures": [], "hands": [{"armBasis": [[0.825904, -0.554925, -0.0997084], [0.145477, 0.380603, -0.913224], [0.54472, 0.73973, 0.39507]], "armWidth": 63.4054, "confidence": 1, "direction": [-0.270028, 0.389736, -0.880449], "elbow": [-229.048, 345.875, 198.836], "grabAngle": 3.14159, "grabStrength": 0.316911, "id": 811, "palmNormal": [0.949204, -0.0456683, -0.311329], "palmPosition": [-91.6414, 174.414, 31.4674], "palmVelocity": [-35.3041, 86.4204, -33.5097], "palmWidth": 87.9125, "pinchDistance": 55.0776, "pinchStrength": 0.0463216, "r": [[-0.379961, -0.715815, 0.585865], [0.492472, -0.692683, -0.526936], [0.783008, 0.088307, 0.615711]], "s": 1.6236, "sphereCenter": [-56.2875, 188.598, 6.31429], "sphereRadius": 43.7553, "stabilizedPalmPosition": [-88.8285, 173.021, 36.1804], "t": [-7.65641, -42.1947, -79.6527], "timeVisible": 7.99557, "type": "left", "wrist": [-86.9484, 152.903, 95.7744]}], "id": 1373681, "interactionBox": {"center": [0, 200, 0], "size": [235.247, 235.247, 147.751]}, "pointables": [{"bases": [[[0.96669, -0.253226, -0.037243], [0.189105, 0.608568, 0.770639], [-0.172481, -0.752012, 0.636183]], [[0.974999, -0.0231069, -0.221005], [0.206107, 0.465753, 0.860578], [0.0830483, -0.884613, 0.458871]], [[0.974999, -0.0231069, -0.221005], [0.172588, 0.705214, 0.687667], [0.139966, -0.708617, 0.691571]], [[0.974999, -0.0231069, -0.221005], [0.129841, 0.866369, 0.482231], [0.180329, -0.49887, 0.847709]]], "btipPosition": [-55.1289, 246.9, 23.262], "carpPosition": [-67.4578, 171.066, 85.5815], "dipPosition": [-59.0352, 236.093, 41.6253], "direction": [0.139966, 0.708617, -0.691571], "extended": true, "handId": 811, "id": 8110, "length": 48.2387, "mcpPosition": [-67.4578, 171.066, 85.5815], "pipPosition": [-63.4524, 213.73, 63.4505], "stabilizedTipPosition": [-55.9897, 243.562, 27.3627], "timeVisible": 7.99557, "tipPosition": [-55.9874, 238.521, 21.8182], "tipVelocity": [8.94443, 124.373, 13.4404], "tool": false, "touchDistance": -0.218807, "touchZone": "touching", "type": 0, "width": 20.4068}, {"bases": [[[0.20459, -0.841299, -0.500359], [0.974166, 0.125065, 0.18804], [-0.0956201, -0.525904, 0.845152]], [[0.195947, -0.882048, -0.428482], [0.871872, 0.356699, -0.335567], [0.448825, -0.307828, 0.838927]], [[0.195947, -0.882048, -0.428482], [0.871872, 0.356699, -0.335567], [0.448825, -0.307828, 0.838927]], [[0.195947, -0.882048, -0.428482], [-0.448131, 0.308112, -0.839193], [0.872229, 0.356453, -0.334899]]], "btipPosition": [-54.5547, 219.663, -27.3335], "carpPosition": [-89.4407, 168.79, 79.5739], "dipPosition": [-68.3484, 225.3, -32.6297], "direction": [0.448825, 0.307828, -0.838927], "extended": true, "handId": 811, "id": 8111, "length": 54.432, "mcpPosition": [-96.2375, 206.172, 19.4994], "pipPosition": [-78.3896, 218.413, -13.8612], "stabilizedTipPosition": [-56.4383, 219.74, -27.2266], "timeVisible": 7.99557, "tipPosition": [-60.4077, 221.824, -27.2582], "tipVelocity": [-47.6012, 89.5082, -30.6941], "tool": false, "touchDistance": -0.289261, "touchZone": "touching", "type": 1, "width": 19.4926}, {"bases": [[[0.0207006, -0.913527, -0.406252], [0.992394, -0.0305437, 0.11925], [-0.121347, -0.405631, 0.905946]], [[0.0133869, -0.936206, -0.351197], [0.459671, 0.317676, -0.829327], [0.887988, -0.150333, 0.4346]], [[0.0133869, -0.936206, -0.351197], [-0.887622, 0.150586, -0.43526], [0.460378, 0.317557, -0.828981]], [[0.0133869, -0.936206, -0.351197], [-0.976715, -0.0874561, 0.195907], [-0.214123, 0.340396, -0.915577]]], "btipPosition": [-53.675, 179.165, 30.8006], "carpPosition": [-93.5051, 159.394, 73.5135], "dipPosition": [-49.9506, 185.086, 14.8752], "direction": [0.460378, -0.317557, 0.828981], "extended": false, "handId": 811, "id": 8112, "length": 62.0209, "mcpPosition": [-101.685, 186.737, 12.4452], "pipPosition": [-62.0681, 193.444, -6.94406], "stabilizedTipPosition": [-48.857, 182.348, 32.5552], "timeVisible": 7.99557, "tipPosition": [-48.9657, 182.814, 20.0128], "tipVelocity": [-44.7014, 48.8238, -46.9552], "tool": false, "touchDistance": 0.333333, "touchZone": "none", "type": 2, "width": 19.1443}, {"bases": [[[-0.0722524, -0.958342, -0.276332], [0.986963, -0.108648, 0.118739], [-0.143816, -0.264151, 0.953699]], [[-0.0807462, -0.972457, -0.218648], [0.454499, 0.159308, -0.876386], [0.88708, -0.17014, 0.429117]], [[-0.0807462, -0.972457, -0.218648], [-0.87463, 0.174332, -0.452362], [0.47802, 0.154709, -0.864617]], [[-0.0807462, -0.972457, -0.218648], [-0.974617, 0.0310759, 0.221711], [-0.20881, 0.231, -0.950283]]], "btipPosition": [-58.0819, 163.96, 31.2389], "carpPosition": [-94.7091, 148.899, 68.1008], "dipPosition": [-54.4707, 167.955, 14.8049], "direction": [0.47802, -0.154709, 0.864617], "extended": false, "handId": 811, "id": 8113, "length": 59.6348, "mcpPosition": [-103.413, 164.886, 10.3816], "pipPosition": [-66.7276, 171.922, -7.36464], "stabilizedTipPosition": [-52.2587, 166.404, 32.9523], "timeVisible": 7.99557, "tipPosition": [-53.2517, 165.828, 20.9306], "tipVelocity": [-61.4344, 54.0425, -50.7812], "tool": false, "touchDistance": 0.333333, "touchZone": "none", "type": 3, "width": 18.217}, {"bases": [[[-0.250487, -0.95126, -0.17989], [0.947101, -0.27929, 0.158102], [-0.200637, -0.130772, 0.970898]], [[-0.259692, -0.956379, -0.133792], [0.481622, -0.00818244, -0.876341], [0.837019, -0.292016, 0.462738]], [[-0.259692, -0.956379, -0.133792], [-0.80417, 0.290878, -0.518364], [0.53467, -0.0270232, -0.844629]], [[-0.259692, -0.956379, -0.133792], [-0.954985, 0.233763, 0.182641], [-0.143399, 0.1752, -0.974034]]], "btipPosition": [-65.5536, 151.705, 25.0293], "carpPosition": [-89.0989, 137.128, 63.7367], "dipPosition": [-63.2657, 154.5, 9.48926], "direction": [0.53467, 0.0270232, 0.844629], "extended": false, "handId": 811, "id": 8114, "length": 46.7525, "mcpPosition": [-100.339, 144.454, 9.34312], "pipPosition": [-72.9452, 154.011, -5.80153], "stabilizedTipPosition": [-59.4849, 152.456, 25.3093], "timeVisible": 7.99557, "tipPosition": [-61.5354, 153.275, 15.1469], "tipVelocity": [-75.8172, 57.772, -52.5249], "tool": false, "touchDistance": 0.333333, "touchZone": "none", "type": 4, "width": 16.1818}], "r": [[-0.379961, -0.715815, 0.585865], [0.492472, -0.692683, -0.526936], [0.783008, 0.088307, 0.615711]], "s": 1.6236, "t": [7.65641, -42.1947, -79.6527], "timestamp": 747438616726}, {"currentFrameRate": 115.242, "devices": [], "gestures": [], "hands": [{"armBasis": [[0.825905, -0.555019, -0.0991668], [0.151733, 0.388201, -0.908998], [0.543008, 0.735699, 0.404832]], "armWidth": 63.4054, "confidence": 1, "direction": [-0.275721, 0.398841, -0.874588], "elbow": [-228.54, 345.018, 200.805], "grabAngle": 3.14159, "grabStrength": 0.322254, "id": 811, "palmNormal": [0.944474, -0.0567736, -0.323644], "palmPosition": [-91.8805, 175.202, 31.0928], "palmVelocity": [-27.8527, 91.8823, -43.6367], "palmWidth": 87.9125, "pinchDistance": 54.0827, "pinchStrength": 0.0369466, "r": [[-0.379941, -0.71933, 0.581557], [0.499767, -0.688675, -0.525319], [0.778381, 0.091053, 0.621153]], "s": 1.62806, "sphereCenter": [-56.7345, 189.102, 5.6328], "sphereRadius": 43.7584, "stabilizedPalmPosition": [-89.0309, 173.166, 35.8431], "t": [-7.92215, -41.4845, -79.9758], "timeVisible": 8.00415, "type": "left", "wrist": [-86.8864, 153.098, 95.197]}], "id": 1373682, "interactionBox": {"center": [0, 200, 0], "size": [235.247, 235.247, 147.751]}, "pointables": [{"bases": [[[0.970488, -0.239692, -0.0264665], [0.170932, 0.606333, 0.776622], [-0.170103, -0.758227, 0.62941]], [[0.977956, -0.00845927, -0.208641], [0.188264, 0.46794, 0.863475], [0.0903269, -0.88372, 0.459217]], [[0.977956, -0.00845927, -0.208641], [0.155429, 0.696733, 0.70029], [0.139443, -0.717281, 0.682689]], [[0.977956, -0.00845927, -0.208641], [0.117561, 0.848083, 0.516657], [0.172574, -0.529796, 0.830382]]], "btipPosition": [-54.5683, 247.923, 23.1934], "carpPosition": [-67.0637, 171.188, 84.8739], "dipPosition": [-58.3066, 236.446, 41.1814], "direction": [0.139443, 0.717281, -0.682689], "extended": true, "handId": 811, "id": 8110, "length": 48.2387, "mcpPosition": [-67.0637, 171.188, 84.8739], "pipPosition": [-62.7073, 213.81, 62.7262], "stabilizedTipPosition": [-55.6517, 244.598, 27.3434], "timeVisible": 8.00415, "tipPosition": [-55.4677, 239.123, 21.6086], "tipVelocity": [69.8118, 101.206, -18.0493], "tool": false, "touchDistance": -0.222728, "touchZone": "touching", "type": 0, "width": 20.4068}, {"bases": [[[0.222493, -0.835302, -0.502761], [0.969893, 0.137266, 0.201161], [-0.0990179, -0.532381, 0.840694]], [[0.213527, -0.876526, -0.431402], [0.869589, 0.371774, -0.324961], [0.44522, -0.305755, 0.841601]], [[0.213527, -0.876526, -0.431402], [0.869589, 0.371774, -0.324961], [0.44522, -0.305755, 0.841601]], [[0.213527, -0.876526, -0.431402], [-0.444528, 0.30605, -0.84186], [0.869943, 0.37153, -0.32429]]], "btipPosition": [-54.7657, 220.218, -27.7917], "carpPosition": [-89.15, 169.252, 79.1328], "dipPosition": [-68.5233, 226.093, -32.9201], "direction": [0.445221, 0.305755, -0.841601], "extended": true, "handId": 811, "id": 8111, "length": 54.432, "mcpPosition": [-96.1884, 207.094, 19.3752], "pipPosition": [-78.4838, 219.253, -14.0918], "stabilizedTipPosition": [-56.6605, 220.012, -27.4864], "timeVisible": 8.00415, "tipPosition": [-60.7019, 222.528, -27.7559], "tipVelocity": [-23.6167, 71.0313, -48.8825], "tool": false, "touchDistance": -0.294962, "touchZone": "touching", "type": 1, "width": 19.4926}, {"bases": [[[0.0384444, -0.910628, -0.411435], [0.991136, -0.0176495, 0.131675], [-0.127169, -0.41285, 0.901878]], [[0.0307497, -0.933746, -0.356614], [0.459694, 0.330022, -0.82448], [0.887545, -0.138581, 0.439385]], [[0.0307497, -0.933746, -0.356614], [-0.887179, 0.138844, -0.440041], [0.4604, 0.329912, -0.82413]], [[0.0307497, -0.933746, -0.356614], [-0.976237, -0.104627, 0.189773], [-0.214511, 0.342305, -0.914775]]], "btipPosition": [-54.0084, 179.325, 30.2745], "carpPosition": [-93.4201, 159.95, 73.0683], "dipPosition": [-50.2773, 185.279, 14.3631], "direction": [0.4604, -0.329912, 0.82413], "extended": false, "handId": 811, "id": 8112, "length": 62.0209, "mcpPosition": [-101.992, 187.78, 12.2742], "pipPosition": [-62.3953, 193.963, -7.32853], "stabilizedTipPosition": [-48.9626, 182.307, 32.4091], "timeVisible": 8.00415, "tipPosition": [-49.3295, 183.032, 19.3163], "tipVelocity": [-38.6595, 19.5414, -60.9161], "tool": false, "touchDistance": 0.333333, "touchZone": "none", "type": 2, "width": 19.1443}, {"bases": [[[-0.0555147, -0.957518, -0.282979], [0.986791, -0.0958165, 0.130627], [-0.152191, -0.27199, 0.950189]], [[-0.0645408, -0.972105, -0.225493], [0.457425, 0.172008, -0.872454], [0.886903, -0.159455, 0.433563]], [[-0.0645408, -0.972105, -0.225493], [-0.87468, 0.163884, -0.456155], [0.480385, 0.167793, -0.860857]], [[-0.0645408, -0.972105, -0.225493], [-0.976061, 0.0144643, 0.217014], [-0.207698, 0.234101, -0.949767]]], "btipPosition": [-58.6443, 164.211, 30.6697], "carpPosition": [-94.8372, 149.507, 67.6083], "dipPosition": [-55.0524, 168.26, 14.2446], "direction": [0.480385, -0.167793, 0.860857], "extended": false, "handId": 811, "id": 8113, "length": 59.6348, "mcpPosition": [-104.048, 165.968, 10.1016], "pipPosition": [-67.3699, 172.562, -7.82852], "stabilizedTipPosition": [-52.4113, 166.37, 32.786], "timeVisible": 8.00415, "tipPosition": [-53.8396, 166.133, 20.1701], "tipVelocity": [-66.0356, 30.6491, -66.0688], "tool": false, "touchDistance": 0.333333, "touchZone": "none", "type": 3, "width": 18.217}, {"bases": [[[-0.235034, -0.95348, -0.188771], [0.948795, -0.26723, 0.168453], [-0.211062, -0.139512, 0.967465]], [[-0.243738, -0.958521, -0.147744], [0.487821, 0.0104977, -0.87288], [0.838225, -0.284827, 0.465029]], [[-0.243738, -0.958521, -0.147744], [-0.806067, 0.284926, -0.518723], [0.539303, -0.0073409, -0.84208]], [[-0.243738, -0.958521, -0.147744], [-0.959456, 0.21608, 0.180978], [-0.141547, 0.185865, -0.972326]]], "btipPosition": [-66.3314, 151.992, 24.4392], "carpPosition": [-89.4457, 137.686, 63.1027], "dipPosition": [-64.0732, 154.957, 8.92643], "direction": [0.539303, 0.0073409, 0.84208], "extended": false, "handId": 811, "id": 8114, "length": 46.7525, "mcpPosition": [-101.27, 145.502, 8.90142], "pipPosition": [-73.8365, 154.824, -6.3182], "stabilizedTipPosition": [-59.7547, 152.465, 25.12], "timeVisible": 8.00415, "tipPosition": [-62.3528, 153.731, 14.4044], "tipVelocity": [-91.4101, 37.9396, -68.0103], "tool": false, "touchDistance": 0.333333, "touchZone": "none", "type": 4, "width": 16.1818}], "r": [[-0.379941, -0.71933, 0.581557], [0.499767, -0.688675, -0.525319], [0.778381, 0.091053, 0.621153]], "s": 1.62806, "t": [7.92215, -41.4845, -79.9758], "timestamp": 747438625310}, {"currentFrameRate": 115.216, "devices": [], "gestures": [], "hands": [{"armBasis": [[0.826214, -0.554495, -0.0995262], [0.158677, 0.398568, -0.903308], [0.540547, 0.730533, 0.417288]], "armWidth": 63.4054, "confidence": 1, "direction": [-0.281665, 0.412212, -0.866456], "elbow": [-227.829, 343.793, 203.296], "grabAngle": 3.14159, "grabStrength": 0.332011, "id": 811, "palmNormal": [0.936329, -0.0792248, -0.34207], "palmPosition": [-92.0522, 176.151, 30.6042], "palmVelocity": [-19.6793, 108.772, -56.0067], "palmWidth": 87.9125, "pinchDistance": 54.7319, "pinchStrength": 0.0330254, "r": [[-0.378293, -0.724913, 0.57567], [0.51118, -0.682057, -0.522966], [0.771744, 0.0964363, 0.628578]], "s": 1.63285, "sphereCenter": [-57.1502, 189.313, 4.64725], "sphereRadius": 43.7321, "stabilizedPalmPosition": [-89.2795, 173.411, 35.412], "t": [-8.14086, -40.6549, -80.3817], "timeVisible": 8.01287, "type": "left", "wrist": [-86.8177, 153.22, 94.4386]}], "id": 1373683, "interactionBox": {"center": [0, 200, 0], "size": [235.247, 235.247, 147.751]}, "pointables": [{"bases": [[[0.976802, -0.213934, -0.00944899], [0.14009, 0.60502, 0.783789], [-0.161962, -0.766931, 0.620955]], [[0.981949, 0.0167084, -0.188406], [0.158378, 0.471918, 0.8673], [0.103403, -0.881484, 0.460754]], [[0.981949, 0.0167084, -0.188406], [0.124889, 0.690808, 0.712171], [0.142051, -0.722845, 0.676252]], [[0.981949, 0.0167084, -0.188406], [0.0922069, 0.827427, 0.553951], [0.165148, -0.561324, 0.810951]]], "btipPosition": [-53.2853, 248.586, 22.7409], "carpPosition": [-66.3328, 171.101, 83.8715], "dipPosition": [-56.8627, 236.426, 40.308], "direction": [0.142051, 0.722845, -0.676252], "extended": true, "handId": 811, "id": 8110, "length": 48.2387, "mcpPosition": [-66.3328, 171.101, 83.8715], "pi