{"frames": 96, "data": [{"currentFrameRate": 112.745, "devices": [], "gestures": [], "hands": [{"armBasis": [[0.918656, -0.374177, -0.126736], [0.393774, 0.893117, 0.217448], [0.0318257, -0.249665, 0.967809]], "armWidth": 51.8058, "confidence": 1, "direction": [-0.152685, 0.375499, -0.91416], "elbow": [-73.8939, 31.0724, 324.028], "grabAngle": 3.14159, "grabStrength": 1, "id": 818, "palmNormal": [0.370988, -0.83558, -0.405184], "palmPosition": [-67.5488, 109.297, 46.8799], "palmVelocity": [4.76605, 1.88152, -3.37777], "palmWidth": 75.7756, "pinchDistance": 19.4283, "pinchStrength": 0.743901, "r": [[0.978247, 0.117339, 0.171069], [-0.104045, 0.990956, -0.0847396], [-0.179465, 0.0650973, 0.981608]], "s": 0.644937, "sphereCenter": [-62.6981, 83.2528, 21.3568], "sphereRadius": 32.3464, "stabilizedPalmPosition": [-56.5042, 121.413, 79.9124], "t": [-14.1369, -15.3883, -39.3029], "timeVisible": 1.28337, "type": "left", "wrist": [-66.7378, 87.2105, 106.413]}], "id": 1377486, "interactionBox": {"center": [0, 200, 0], "size": [235.247, 235.247, 147.751]}, "pointables": [{"bases": [[[0.730211, 0.659273, 0.179308], [-0.630867, 0.549868, 0.547405], [0.262293, -0.51284, 0.817433]], [[0.599819, 0.793157, -0.105452], [-0.670004, 0.569929, 0.475685], [0.437393, -0.214671, 0.873272]], [[0.599819, 0.793157, -0.105452], [-0.782637, 0.608995, 0.128859], [0.166425, 0.00523895, 0.98604]], [[0.599819, 0.793157, -0.105452], [-0.79811, 0.583709, -0.149346], [-0.0569015, 0.173743, 0.983146]]], "btipPosition": [-20.6904, 99.3672, 7.45084], "carpPosition": [-42.3133, 93.8058, 88.6128], "dipPosition": [-19.6354, 102.588, 25.6778], "direction": [0.166425, -0.00523895, -0.98604], "extended": false, "handId": 818, "id": 8180, "length": 41.2847, "mcpPosition": [-42.3133, 93.8058, 88.6128], "pipPosition": [-24.1305, 102.73, 52.3101], "stabilizedTipPosition": [-21.428, 100.433, 11.3088], "timeVisible": 1.28337, "tipPosition": [-18.8258, 107.725, 12.4242], "tipVelocity": [21.0371, 4.62716, 13.292], "tool": false, "touchDistance": -0.239315, "touchZone": "touching", "type": 0, "width": 16.288}, {"bases": [[[0.928632, -0.332268, -0.165048], [0.366397, 0.891234, 0.267312], [0.0582771, -0.308707, 0.94937]], [[0.927167, -0.373855, -0.0243862], [0.198483, 0.545362, -0.814362], [0.317752, 0.750209, 0.579845]], [[0.927167, -0.373855, -0.0243862], [-0.242819, -0.550077, -0.799033], [0.285308, 0.746759, -0.600792]], [[0.927167, -0.373855, -0.0243862], [-0.372306, -0.912143, -0.171417], [0.0418415, 0.168012, -0.984897]]], "btipPosition": [-35.4538, 84.8747, 33.9191], "carpPosition": [-55.8675, 108.065, 86.9857], "dipPosition": [-36.0201, 87.1487, 20.5889], "direction": [0.285308, -0.746759, 0.600792], "extended": false, "handId": 818, "id": 8181, "length": 46.5852, "mcpPosition": [-52.297, 126.979, 28.8196], "pipPosition": [-41.4829, 101.447, 9.0856], "stabilizedTipPosition": [-37.8836, 86.3297, 32.8937], "timeVisible": 1.28337, "tipPosition": [-36.0059, 85.6655, 30.0344], "tipVelocity": [15.2434, 6.48221, 7.37551], "tool": false, "touchDistance": 0.333333, "touchZone": "none", "type": 1, "width": 15.5583}, {"bases": [[[0.851808, -0.517953, -0.0784028], [0.519309, 0.815236, 0.256339], [-0.0688547, -0.259067, 0.963402]], [[0.851406, -0.519409, -0.0729566], [0.217644, 0.476411, -0.851859], [0.47722, 0.709399, 0.518666]], [[0.851406, -0.519409, -0.0729566], [-0.401509, -0.555913, -0.72784], [0.337489, 0.64898, -0.681855]], [[0.851406, -0.519409, -0.0729566], [-0.522368, -0.852241, -0.0285812], [-0.0473312, 0.0624444, -0.996925]]], "btipPosition": [-44.6598, 78.5262, 39.6451], "carpPosition": [-65.7785, 106.109, 85.2247], "dipPosition": [-43.9552, 79.4558, 24.8046], "direction": [0.337489, -0.64898, 0.681855], "extended": false, "handId": 818, "id": 8182, "length": 53.0801, "mcpPosition": [-69.7791, 121.162, 29.2489], "pipPosition": [-51.5576, 94.0749, 9.44493], "stabilizedTipPosition": [-47.9237, 79.3032, 38.0466], "timeVisible": 1.28337, "tipPosition": [-44.4133, 78.611, 34.8715], "tipVelocity": [13.2353, 6.18489, 5.24593], "tool": false, "touchDistance": 0.333333, "touchZone": "none", "type": 2, "width": 15.2803}, {"bases": [[[0.790804, -0.610404, 0.045125], [0.57638, 0.767473, 0.280663], [-0.20595, -0.19594, 0.958745]], [[0.80173, -0.597556, -0.0124464], [0.315928, 0.441368, -0.839871], [0.507364, 0.669418, 0.542643]], [[0.80173, -0.597556, -0.0124464], [-0.419041, -0.547128, -0.724607], [0.426184, 0.586155, -0.68905]], [[0.80173, -0.597556, -0.0124464], [-0.597681, -0.801631, -0.0128252], [-0.00231361, 0.0177213, -0.99984]]], "btipPosition": [-58.3549, 75.0275, 44.6598], "carpPosition": [-74.8869, 101.624, 83.9605], "dipPosition": [-58.3207, 75.2898, 29.8614], "direction": [0.426184, -0.586155, 0.68905], "extended": false, "handId": 818, "id": 8183, "length": 51.0379, "mcpPosition": [-85.6305, 111.846, 33.9465], "pipPosition": [-67.6731, 88.1527, 14.7405], "stabilizedTipPosition": [-61.9408, 76.2552, 43.1927], "timeVisible": 1.28337, "tipPosition": [-57.4646, 75.348, 39.3299], "tipVelocity": [12.4066, 3.23964, 0.535021], "tool": false, "touchDistance": 0.333333, "touchZone": "none", "type": 3, "width": 14.5402}, {"bases": [[[0.655474, -0.747341, 0.108788], [0.671887, 0.642844, 0.367857], [-0.344849, -0.168028, 0.923497]], [[0.699362, -0.714165, -0.0293495], [0.437765, 0.460428, -0.772248], [0.565026, 0.527233, 0.634643]], [[0.699362, -0.714165, -0.0293495], [-0.440307, -0.398108, -0.80476], [0.563047, 0.575742, -0.592874]], [[0.699362, -0.714165, -0.0293495], [-0.710108, -0.689537, -0.142426], [0.0814777, 0.120448, -0.98937]]], "btipPosition": [-72.3353, 74.5042, 43.4267], "carpPosition": [-81.3455, 91.7232, 83.1034], "dipPosition": [-73.4478, 76.1488, 29.9175], "direction": [0.563047, -0.575742, 0.592874], "extended": false, "handId": 818, "id": 8184, "length": 40.0128, "mcpPosition": [-97.9981, 99.8372, 38.5082], "pipPosition": [-82.1715, 85.0692, 20.7317], "stabilizedTipPosition": [-76.0982, 76.2475, 42.7015], "timeVisible": 1.28337, "tipPosition": [-71.9701, 74.8058, 37.7345], "tipVelocity": [11.8686, 1.27975, -2.15506], "tool": false, "touchDistance": 0.333333, "touchZone": "none", "type": 4, "width": 12.9157}], "r": [[0.978247, 0.117339, 0.171069], [-0.104045, 0.990956, -0.0847396], [-0.179465, 0.0650973, 0.981608]], "s": 0.644937, "t": [14.1369, -15.3883, -39.3029], "timestamp": 747472177107}, {"currentFrameRate": 112.842, "devices": [], "gestures": [], "hands": [{"armBasis": [[0.917484, -0.377144, -0.126434], [0.396615, 0.891608, 0.218475], [0.0303332, -0.250593, 0.967617]], "armWidth": 51.8058, "confidence": 1, "direction": [-0.150656, 0.374229, -0.915017], "elbow": [-73.6003, 30.9225, 323.981], "grabAngle": 3.14159, "grabStrength": 1, "id": 818, "palmNormal": [0.374541, -0.834974, -0.40316], "palmPosition": [-67.4887, 109.312, 46.8597], "palmVelocity": [6.91258, 1.71664, -2.32086], "palmWidth": 75.7756, "pinchDistance": 19.47, "pinchStrength": 0.744894, "r": [[0.978814, 0.115765, 0.168881], [-0.102522, 0.991078, -0.0851637], [-0.177233, 0.0660454, 0.98195]], "s": 0.644738, "sphereCenter": [-62.4231, 83.2908, 21.3744], "sphereRadius": 32.3325, "stabilizedPalmPosition": [-56.5166, 121.4, 79.8752], "t": [-14.0877, -15.3745, -39.3281], "timeVisible": 1.29206, "type": "left", "wrist": [-66.7798, 87.2693, 106.409]}], "id": 1377487, "interactionBox": {"center": [0, 200, 0], "size": [235.247, 235.247, 147.751]}, "pointables": [{"bases": [[[0.732546, 0.6575, 0.176265], [-0.627593, 0.552058, 0.548962], [0.263634, -0.512763, 0.81705]], [[0.601198, 0.791657, -0.10881], [-0.666322, 0.571798, 0.478604], [0.441108, -0.215233, 0.871263]], [[0.601198, 0.791657, -0.10881], [-0.780797, 0.610933, 0.130831], [0.170049, 0.0063035, 0.985415]], [[0.601198, 0.791657, -0.10881], [-0.79726, 0.58499, -0.148876], [-0.0542057, 0.176254, 0.982851]]], "btipPosition": [-20.4251, 99.4367, 7.63442], "carpPosition": [-42.3503, 93.9272, 88.6905], "dipPosition": [-19.4202, 102.704, 25.856], "direction": [0.170049, -0.0063035, -0.985415], "extended": false, "handId": 818, "id": 8180, "length": 41.2847, "mcpPosition": [-42.3503, 93.9272, 88.6905], "pipPosition": [-24.0131, 102.875, 52.4713], "stabilizedTipPosition": [-21.3608, 100.42, 11.3369], "timeVisible": 1.29206, "tipPosition": [-18.6553, 107.801, 12.5632], "tipVelocity": [29.188, 9.21968, 20.9717], "tool": false, "touchDistance": -0.236276, "touchZone": "touching", "type": 0, "width": 16.288}, {"bases": [[[0.927196, -0.334889, -0.167799], [0.369641, 0.89051, 0.265251], [0.0605972, -0.307965, 0.949466]], [[0.926028, -0.376534, -0.0263551], [0.198044, 0.544124, -0.815296], [0.321328, 0.749767, 0.578444]], [[0.926028, -0.376534, -0.0263551], [-0.246213, -0.549648, -0.79829], [0.286098, 0.745727, -0.601697]], [[0.926028, -0.376534, -0.0263551], [-0.375311, -0.911086, -0.170484], [0.0401813, 0.167764, -0.985008]]], "btipPosition": [-35.2667, 84.9511, 33.9991], "carpPosition": [-55.9369, 108.149, 87.0051], "dipPosition": [-35.8105, 87.2218, 20.6674], "direction": [0.286098, -0.745727, 0.601697], "extended": false, "handId": 818, "id": 8181, "length": 46.5852, "mcpPosition": [-52.2242, 127.017, 28.8331], "pipPosition": [-41.2884, 101.5, 9.14677], "stabilizedTipPosition": [-37.8399, 86.3147, 32.8593], "timeVisible": 1.29206, "tipPosition": [-35.8267, 85.7478, 30.1429], "tipVelocity": [22.115, 8.70142, 9.16195], "tool": false, "touchDistance": 0.333333, "touchZone": "none", "type": 1, "width": 15.5583}, {"bases": [[[0.850168, -0.520287, -0.0807235], [0.522314, 0.814095, 0.253844], [-0.0663554, -0.257973, 0.963871]], [[0.849745, -0.521857, -0.0748216], [0.216781, 0.475248, -0.852728], [0.480561, 0.708382, 0.516968]], [[0.849745, -0.521857, -0.0748216], [-0.404972, -0.55527, -0.726411], [0.337536, 0.647565, -0.683175]], [[0.849745, -0.521857, -0.0748216], [-0.524852, -0.850768, -0.0268867], [-0.0496248, 0.0621172, -0.996834]]], "btipPosition": [-44.4784, 78.5941, 39.6996], "carpPosition": [-65.8367, 106.165, 85.2131], "dipPosition": [-43.7396, 79.5188, 24.8604], "direction": [0.337536, -0.647565, 0.683176], "extended": false, "handId": 818, "id": 8182, "length": 53.0801, "mcpPosition": [-69.6921, 121.154, 29.2102], "pipPosition": [-51.3431, 94.106, 9.47099], "stabilizedTipPosition": [-47.8642, 79.2951, 38.0176], "timeVisible": 1.29206, "tipPosition": [-44.2325, 78.6765, 34.96], "tipVelocity": [21.7692, 7.67763, 6.29958], "tool": false, "touchDistance": 0.333333, "touchZone": "none", "type": 2, "width": 15.2803}, {"bases": [[[0.789327, -0.612459, 0.0430932], [0.579339, 0.766204, 0.278025], [-0.203297, -0.194487, 0.959607]], [[0.800097, -0.599695, -0.0145262], [0.314757, 0.440309, -0.840866], [0.510659, 0.668202, 0.541048]], [[0.800097, -0.599695, -0.0145262], [-0.42249, -0.546154, -0.723338], [0.425848, 0.584878, -0.690341]], [[0.800097, -0.599695, -0.0145262], [-0.599851, -0.80003, -0.0113857], [-0.00479343, 0.0178233, -0.99983]]], "btipPosition": [-58.1861, 75.0518, 44.6621], "carpPosition": [-74.929, 101.655, 83.9231], "dipPosition": [-58.1152, 75.3156, 29.8639], "direction": [0.425848, -0.584878, 0.690341], "extended": false, "handId": 818, "id": 8183, "length": 51.0379, "mcpPosition": [-85.5342, 111.8, 33.8643], "pipPosition": [-67.4602, 88.1505, 14.7147], "stabilizedTipPosition": [-61.895, 76.2413, 43.1692], "timeVisible": 1.29206, "tipPosition": [-57.292, 75.3819, 39.3807], "tipVelocity": [20.3913, 2.82867, 0.273954], "tool": false, "touchDistance": 0.333333, "touchZone": "none", "type": 3, "width": 14.5402}, {"bases": [[[0.653846, -0.748976, 0.107333], [0.674803, 0.641404, 0.365023], [-0.342237, -0.16624, 0.924791]], [[0.697385, -0.716023, -0.03106], [0.43678, 0.458971, -0.773672], [0.568223, 0.525981, 0.632824]], [[0.697385, -0.716023, -0.03106], [-0.443814, -0.397421, -0.803172], [0.562746, 0.573905, -0.594937]], [[0.697385, -0.716023, -0.03106], [-0.712341, -0.687725, -0.140015], [0.0788931, 0.11977, -0.989662]]], "btipPosition": [-72.1725, 74.5032, 43.4019], "carpPosition": [-81.3584, 91.7357, 83.0542], "dipPosition": [-73.2498, 76.1385, 29.8887], "direction": [0.562746, -0.573905, 0.594937], "extended": false, "handId": 818, "id": 8184, "length": 40.0128, "mcpPosition": [-97.8849, 99.7634, 38.3965], "pipPosition": [-81.9688, 85.0305, 20.6709], "stabilizedTipPosition": [-76.0617, 76.2339, 42.6775], "timeVisible": 1.29206, "tipPosition": [-71.7891, 74.8006, 37.7364], "tipVelocity": [19.6527, -0.362774, -2.96391], "tool": false, "touchDistance": 0.333333, "touchZone": "none", "type": 4, "width": 12.9157}], "r": [[0.978814, 0.115765, 0.168881], [-0.102522, 0.991078, -0.0851637], [-0.177233, 0.0660454, 0.98195]], "s": 0.644738, "t": [14.0877, -15.3745, -39.3281], "timestamp": 747472185801}, {"currentFrameRate": 112.932, "devices": [], "gestures": [], "hands": [{"armBasis": [[0.916199, -0.380251, -0.12645], [0.399668, 0.889998, 0.219476], [0.0290843, -0.251622, 0.967389]], "armWidth": 51.8058, "confidence": 1, "direction": [-0.148689, 0.372954, -0.915859], "elbow": [-73.3688, 30.7582, 323.955], "grabAngle": 3.14159, "grabStrength": 1, "id": 818, "palmNormal": [0.378282, -0.834261, -0.401139], "palmPosition": [-67.437, 109.337, 46.8697], "palmVelocity": [5.94347, 2.91225, 1.14623], "palmWidth": 75.7756, "pinchDistance": 19.5261, "pinchStrength": 0.745891, "r": [[0.97944, 0.113971, 0.166458], [-0.10079, 0.991217, -0.0856212], [-0.174754, 0.0670835, 0.982324]], "s": 0.644526, "sphereCenter": [-62.1402, 83.3445, 21.4194], "sphereRadius": 32.3185, "stabilizedPalmPosition": [-56.5313, 121.384, 79.8306], "t": [-14.0372, -15.3549, -39.3357], "timeVisible": 1.30076, "type": "left", "wrist": [-66.8291, 87.3362, 106.434]}], "id": 1377488, "interactionBox": {"center": [0, 200, 0], "size": [235.247, 235.247, 147.751]}, "pointables": [{"bases": [[[0.735018, 0.655548, 0.17322], [-0.624172, 0.554367, 0.550533], [0.264873, -0.512771, 0.816644]], [[0.602709, 0.790033, -0.112208], [-0.662363, 0.573736, 0.481769], [0.444991, -0.216044, 0.869084]], [[0.602709, 0.790033, -0.112208], [-0.778781, 0.613023, 0.133057], [0.173906, 0.00719055, 0.984736]], [[0.602709, 0.790033, -0.112208], [-0.796305, 0.586427, -0.148325], [-0.05138, 0.178749, 0.982552]]], "btipPosition": [-20.1505, 99.5364, 7.85639], "carpPosition": [-42.3937, 94.0634, 88.798], "dipPosition": [-19.1979, 102.85, 26.0724], "direction": [0.173906, -0.00719055, -0.984736], "extended": false, "handId": 818, "id": 8180, "length": 41.2847, "mcpPosition": [-42.3937, 94.0634, 88.798], "pipPosition": [-23.895, 103.045, 52.6694], "stabilizedTipPosition": [-21.2895, 100.413, 11.3723], "timeVisible": 1.30076, "tipPosition": [-18.4937, 107.893, 12.7332], "tipVelocity": [30.178, 12.6844, 25.3673], "tool": false, "touchDistance": -0.232598, "touchZone": "touching", "type": 0, "width": 16.288}, {"bases": [[[0.925665, -0.337713, -0.170569], [0.373083, 0.889684, 0.263195], [0.0628682, -0.307267, 0.949544]], [[0.924799, -0.379389, -0.0284612], [0.197711, 0.543157, -0.816021], [0.325048, 0.749029, 0.577321]], [[0.924799, -0.379389, -0.0284612], [-0.249756, -0.548965, -0.797659], [0.286999, 0.744783, -0.602437]], [[0.924799, -0.379389, -0.0284612], [-0.378491, -0.909855, -0.170027], [0.0386108, 0.168013, -0.985028]]], "btipPosition": [-35.0835, 85.0437, 34.0962], "carpPosition": [-56.0155, 108.244, 87.0543], "dipPosition": [-35.6061, 87.3177, 20.7642], "direction": [0.286999, -0.744783, 0.602437], "extended": false, "handId": 818, "id": 8181, "length": 46.5852, "mcpPosition": [-52.1637, 127.07, 28.8775], "pipPosition": [-41.1012, 101.578, 9.22939], "stabilizedTipPosition": [-37.7961, 86.3022, 32.8289], "timeVisible": 1.30076, "tipPosition": [-35.6505, 85.8483, 30.2823], "tipVelocity": [21.6189, 10.7283, 11.1508], "tool": false, "touchDistance": 0.333333, "touchZone": "none", "type": 1, "width": 15.5583}, {"bases": [[[0.848393, -0.522809, -0.0830663], [0.525497, 0.812819, 0.251352], [-0.0638913, -0.256897, 0.964325]], [[0.847952, -0.524498, -0.0766802], [0.216196, 0.474288, -0.853411], [0.483981, 0.707073, 0.515567]], [[0.847952, -0.524498, -0.0766802], [-0.40847, -0.554355, -0.725151], [0.337832, 0.646214, -0.684308]], [[0.847952, -0.524498, -0.0766802], [-0.527545, -0.849143, -0.0255432], [-0.0517151, 0.0621116, -0.996728]]], "btipPosition": [-44.2959, 78.6773, 39.7688], "carpPosition": [-65.9036, 106.23, 85.2313], "dipPosition": [-43.5261, 79.602, 24.9312], "direction": [0.337832, -0.646214, 0.684308], "extended": false, "handId": 818, "id": 8182, "length": 53.0801, "mcpPosition": [-69.6158, 121.157, 29.202], "pipPosition": [-51.1361, 94.1588, 9.51626], "stabilizedTipPosition": [-47.804, 79.2885, 37.991], "timeVisible": 1.30076, "tipPosition": [-44.0535, 78.7585, 35.0798], "tipVelocity": [21.7971, 9.56368, 7.99486], "tool": false, "touchDistance": 0.333333, "touchZone": "none", "type": 2, "width": 15.2803}, {"bases": [[[0.7877, -0.614691, 0.0410373], [0.582463, 0.764786, 0.275388], [-0.200663, -0.19302, 0.960457]], [[0.798315, -0.602011, -0.0166293], [0.313862, 0.439456, -0.841647], [0.513988, 0.66668, 0.539772]], [[0.798315, -0.602011, -0.0166293], [-0.425934, -0.544872, -0.722284], [0.425762, 0.583693, -0.691396]], [[0.798315, -0.602011, -0.0166293], [-0.602199, -0.798279, -0.0103418], [-0.00704896, 0.0182702, -0.999808]]], "btipPosition": [-58.0156, 75.0865, 44.6779], "carpPosition": [-74.9785, 101.693, 83.9152], "dipPosition": [-57.9113, 75.3569, 29.8799], "direction": [0.425762, -0.583693, 0.691396], "extended": false, "handId": 818, "id": 8183, "length": 51.0379, "mcpPosition": [-85.4463, 111.762, 33.812], "pipPosition": [-67.2544, 88.1657, 14.7076], "stabilizedTipPosition": [-61.8464, 76.2277, 43.1456], "timeVisible": 1.30076, "tipPosition": [-57.1213, 75.4289, 39.4632], "tipVelocity": [20.4798, 4.16013, 1.82049], "tool": false, "touchDistance": 0.333333, "touchZone": "none", "type": 3, "width": 14.5402}, {"bases": [[[0.652041, -0.750758, 0.105854], [0.677857, 0.639792, 0.362183], [-0.339637, -0.164404, 0.926077]], [[0.695246, -0.718021, -0.032838], [0.43607, 0.457674, -0.77484], [0.571381, 0.524385, 0.631304]], [[0.695246, -0.718021, -0.032838], [-0.447298, -0.396444, -0.801721], [0.562634, 0.572082, -0.596796]], [[0.695246, -0.718021, -0.032838], [-0.714687, -0.685709, -0.137933], [0.0765215, 0.119366, -0.989897]]], "btipPosition": [-72.0106, 74.5117, 43.3944], "carpPosition": [-81.3764, 91.7544, 83.0341], "dipPosition": [-73.0554, 76.1415, 29.8779], "direction": [0.562634, -0.572082, 0.596796], "extended": false, "handId": 818, "id": 8184, "length": 40.0128, "mcpPosition": [-97.7773, 99.6934, 38.3143], "pipPosition": [-81.7727, 85.0052, 20.6313], "stabilizedTipPosition": [-76.0219, 76.2199, 42.6526], "timeVisible": 1.30076, "tipPosition": [-71.6091, 74.8055, 37.7698], "tipVelocity": [19.4742, 0.832292, -0.951037], "tool": false, "touchDistance": 0.333333, "touchZone": "none", "type": 4, "width": 12.9157}], "r": [[0.97944, 0.113971, 0.166458], [-0.10079, 0.991217, -0.0856212], [-0.174754, 0.0670835, 0.982324]], "s": 0.644526, "t": [14.0372, -15.3549, -39.3357], "timestamp": 747472194501}, {"currentFrameRate": 113.042, "devices": [], "gestures": [], "hands": [{"armBasis": [[0.915012, -0.383029, -0.126653], [0.40245, 0.888472, 0.220573], [0.0280415, -0.252798, 0.967113]], "armWidth": 51.8058, "confidence": 1, "direction": [-0.147239, 0.372086, -0.916446], "elbow": [-73.168, 30.5416, 323.917], "grabAngle": 3.14159, "grabStrength": 1, "id": 818, "palmNormal": [0.381595, -0.833444, -0.399695], "palmPosition": [-67.397, 109.366, 46.887], "palmVelocity": [4.62506, 3.38281, 1.99742], "palmWidth": 75.7756, "pinchDistance": 19.6195, "pinchStrength": 0.74628, "r": [[0.980082, 0.112024, 0.163983], [-0.0989181, 0.991369, -0.0860389], [-0.172206, 0.0681043, 0.982704]], "s": 0.644404, "sphereCenter": [-61.8692, 83.4263, 21.4578], "sphereRadius": 32.3025, "stabilizedPalmPosition": [-56.5476, 121.366, 79.7814], "t": [-13.9919, -15.3305, -39.3309], "timeVisible": 1.30942, "type": "left", "wrist": [-66.8628, 87.3841, 106.458]}], "id": 1377489, "interactionBox": {"center": [0, 200, 0], "size": [235.247, 235.247, 147.751]}, "pointables": [{"bases": [[[0.737239, 0.653657, 0.170915], [-0.621204, 0.556324, 0.551915], [0.265679, -0.513066, 0.816197]], [[0.604102, 0.788575, -0.114933], [-0.658608, 0.575242, 0.485111], [0.448661, -0.217361, 0.866867]], [[0.604102, 0.788575, -0.114933], [-0.776861, 0.614894, 0.135617], [0.177616, 0.00736015, 0.984072]], [[0.604102, 0.788575, -0.114933], [-0.795413, 0.587837, -0.147534], [-0.0487801, 0.180545, 0.982356]]], "btipPosition": [-19.8809, 99.6713, 8.06215], "carpPosition": [-42.425, 94.1814, 88.8901], "dipPosition": [-18.9765, 103.019, 26.2745], "direction": [0.177616, -0.00736015, -0.984072], "extended": false, "handId": 818, "id": 8180, "length": 41.2847, "mcpPosition": [-42.425, 94.1814, 88.8901], "pipPosition": [-23.7738, 103.217, 52.8536], "stabilizedTipPosition": [-21.2137, 100.415, 11.4135], "timeVisible": 1.30942, "tipPosition": [-18.3688, 107.979, 12.8775], "tipVelocity": [29.872, 16.4704, 23.6773], "tool": false, "touchDistance": -0.229182, "touchZone": "touching", "type": 0, "width": 16.288}, {"bases": [[[0.924294, -0.340288, -0.172871], [0.376177, 0.888811, 0.261737], [0.0645834, -0.306952, 0.949531]], [[0.923633, -0.38211, -0.0298996], [0.198002, 0.54249, -0.816395], [0.328173, 0.748129, 0.57672]], [[0.923633, -0.38211, -0.0298996], [-0.252568, -0.548112, -0.79736], [0.288291, 0.74402, -0.602763]], [[0.923633, -0.38211, -0.0298996], [-0.381401, -0.908598, -0.170246], [0.037886, 0.168649, -0.984948]]], "btipPosition": [-34.9218, 85.1415, 34.1708], "carpPosition": [-56.0802, 108.325, 87.1025], "dipPosition": [-35.4346, 87.424, 20.84], "direction": [0.288291, -0.74402, 0.602763], "extended": false, "handId": 818, "id": 8181, "length": 46.5852, "mcpPosition": [-52.1233, 127.131, 28.9266], "pipPosition": [-40.9545, 101.67, 9.29891], "stabilizedTipPosition": [-37.7522, 86.2921, 32.8015], "timeVisible": 1.30942, "tipPosition": [-35.5018, 85.9538, 30.399], "tipVelocity": [18.9404, 11.5246, 8.65518], "tool": false, "touchDistance": 0.333333, "touchZone": "none", "type": 1, "width": 15.5583}, {"bases": [[[0.846759, -0.525131, -0.0850659], [0.528351, 0.811531, 0.249526], [-0.0620003, -0.256233, 0.964625]], [[0.846271, -0.527034, -0.0778423], [0.216366, 0.473527, -0.85379], [0.486837, 0.705696, 0.514764]], [[0.846271, -0.527034, -0.0778423], [-0.411291, -0.55345, -0.724247], [0.338621, 0.644925, -0.685133]], [[0.846271, -0.527034, -0.0778423], [-0.530115, -0.847565, -0.0247312], [-0.0529423, 0.0621947, -0.996659]]], "btipPosition": [-44.1318, 78.7721, 39.8224], "carpPosition": [-65.9579, 106.283, 85.2541], "dipPosition": [-43.3436, 79.698, 24.9858], "direction": [0.338621, -0.644925, 0.685133], "extended": false, "handId": 818, "id": 8182, "length": 53.0801, "mcpPosition": [-69.5602, 121.171, 29.2074], "pipPosition": [-50.9715, 94.2257, 9.55235], "stabilizedTipPosition": [-47.7436, 79.2838, 37.9662], "timeVisible": 1.30942, "tipPosition": [-43.9, 78.8452, 35.1793], "tipVelocity": [19.4501, 10.9833, 6.22604], "tool": false, "touchDistance": 0.333333, "touchZone": "none", "type": 2, "width": 15.2803}, {"bases": [[[0.786151, -0.616787, 0.0392471], [0.585252, 0.763357, 0.273434], [-0.19861, -0.191991, 0.96109]], [[0.796646, -0.604164, -0.0184544], [0.313435, 0.439013, -0.842037], [0.51683, 0.665021, 0.539104]], [[0.796646, -0.604164, -0.0184544], [-0.428877, -0.543473, -0.721597], [0.425933, 0.582772, -0.692068]], [[0.796646, -0.604164, -0.0184544], [-0.604383, -0.796633, -0.00985431], [-0.00874773, 0.0190039, -0.999781]]], "btipPosition": [-57.8678, 75.1287, 44.6838], "carpPosition": [-75.017, 101.721, 83.9162], "dipPosition": [-57.7383, 75.41, 29.8862], "direction": [0.425933, -0.582772, 0.692068], "extended": false, "handId": 818, "id": 8183, "length": 51.0379, "mcpPosition": [-85.3777, 111.736, 33.7799], "pipPosition": [-67.0852, 88.1986, 14.6991], "stabilizedTipPosition": [-61.7959, 76.2147, 43.1222], "timeVisible": 1.30942, "tipPosition": [-56.9735, 75.4812, 39.532], "tipVelocity": [17.7448, 5.17018, 0.688468], "tool": false, "touchDistance": 0.333333, "touchZone": "none", "type": 3, "width": 14.5402}, {"bases": [[[0.650301, -0.752455, 0.104497], [0.680541, 0.63815, 0.360038], [-0.337597, -0.163019, 0.927067]], [[0.693255, -0.719868, -0.0344546], [0.435786, 0.456794, -0.775519], [0.57401, 0.522618, 0.630384]], [[0.693255, -0.719868, -0.0344546], [-0.450284, -0.395318, -0.800605], [0.562709, 0.570538, -0.598201]], [[0.693255, -0.719868, -0.0344546], [-0.716818, -0.68379, -0.136394], [0.0746262, 0.119254, -0.990055]]], "btipPosition": [-71.8726, 74.53, 43.3852], "carpPosition": [-81.3858, 91.7646, 83.0231], "dipPosition": [-72.8915, 76.1583, 29.8666], "direction": [0.562709, -0.570538, 0.598201], "extended": false, "handId": 818, "id": 8184, "length": 40.0128, "mcpPosition": [-97.6882, 99.6367, 38.2554], "pipPosition": [-81.61, 84.9981, 20.5982], "stabilizedTipPosition": [-75.98, 76.2058, 42.6271], "timeVisible": 1.30942, "tipPosition": [-71.4533, 74.8193, 37.7992], "tipVelocity": [16.6325, 2.07451, -1.11603], "tool": false, "touchDistance": 0.333333, "touchZone": "none", "type": 4, "width": 12.9157}], "r": [[0.980082, 0.112024, 0.163983], [-0.0989181, 0.991369, -0.0860389], [-0.172206, 0.0681043, 0.982704]], "s": 0.644404, "t": [13.9919, -15.3305, -39.3309], "timestamp": 747472203156}, {"currentFrameRate": 113.104, "devices": [], "gestures": [], "hands": [{"armBasis": [[0.913946, -0.38546, -0.126979], [0.404933, 0.886986, 0.222002], [0.0270557, -0.254316, 0.966743]], "armWidth": 51.8058, "confidence": 1, "direction": [-0.145917, 0.371289, -0.91698], "elbow": [-72.9804, 30.2349, 323.827], "grabAngle": 3.14159, "grabStrength": 1, "id": 818, "palmNormal": [0.384589, -0.832705, -0.398364], "palmPosition": [-67.3642, 109.387, 46.8751], "palmVelocity": [3.75451, 2.3981, -1.35842], "palmWidth": 75.7756, "pinchDistance": 19.7281, "pinchStrength": 0.746363, "r": [[0.98072, 0.110002, 0.161517], [-0.096981, 0.991527, -0.0864247], [-0.169655, 0.0690944, 0.983078]], "s": 0.644399, "sphereCenter": [-61.6105, 83.5064, 21.4662], "sphereRadius": 32.2862, "stabilizedPalmPosition": [-56.5655, 121.346, 79.7267], "t": [-13.9529, -15.3078, -39.3344], "timeVisible": 1.31815, "type": "left", "wrist": [-66.8968, 87.4187, 106.451]}], "id": 1377490, "interactionBox": {"center": [0, 200, 0], "size": [235.247, 235.247, 147.751]}, "pointables": [{"bases": [[[0.739238, 0.651944, 0.168809], [-0.618508, 0.558096, 0.553151], [0.266412, -0.51332, 0.815799]], [[0.605292, 0.787282, -0.11751], [-0.655033, 0.576517, 0.488427], [0.452276, -0.218668, 0.864657]], [[0.605292, 0.787282, -0.11751], [-0.775082, 0.616549, 0.138259], [0.1813, 0.00739229, 0.9834]], [[0.605292, 0.787282, -0.11751], [-0.794658, 0.589069, -0.146684], [-0.0462601, 0.182167, 0.982179]]], "btipPosition": [-19.6168, 99.7965, 8.23144], "carpPosition": [-42.4575, 94.2832, 88.946], "dipPosition": [-18.7592, 103.174, 26.4405], "direction": [0.1813, -0.00739229, -0.9834], "extended": false, "handId": 818, "id": 8180, "length": 41.2847, "mcpPosition": [-42.4575, 94.2832, 88.946], "pipPosition": [-23.6559, 103.373, 53.0015], "stabilizedTipPosition": [-21.1315, 100.422, 11.4596], "timeVisible": 1.31815, "tipPosition": [-18.2604, 108.038, 12.9805], "tipVelocity": [29.0032, 15.1255, 19.2956], "tool": false, "touchDistance": -0.226374, "touchZone": "touching", "type": 0, "width": 16.288}, {"bases": [[[0.923042, -0.342616, -0.174948], [0.37897, 0.888019, 0.260393], [0.0661425, -0.306654, 0.94952]], [[0.922559, -0.384604, -0.0310558], [0.198395, 0.541843, -0.816729], [0.330944, 0.747319, 0.576186]], [[0.922559, -0.384604, -0.0310558], [-0.255006, -0.547325, -0.797124], [0.289579, 0.743314, -0.603016]], [[0.922559, -0.384604, -0.0310558], [-0.384029, -0.907392, -0.170765], [0.0374971, 0.169467, -0.984822]]], "btipPosition": [-34.775, 85.2209, 34.2088], "carpPosition": [-56.1425, 108.392, 87.1185], "dipPosition": [-35.2825, 87.5146, 20.8796], "direction": [0.289579, -0.743314, 0.603016], "extended": false, "handId": 818, "id": 8181, "length": 46.5852, "mcpPosition": [-52.0901, 127.18, 28.9432], "pipPosition": [-40.827, 101.747, 9.33376], "stabilizedTipPosition": [-37.707, 86.2835, 32.7753], "timeVisible": 1.31815, "tipPosition": [-35.3708, 86.0436, 30.4779], "tipVelocity": [16.9541, 9.38519, 4.39537], "tool": false, "touchDistance": 0.333333, "touchZone": "none", "type": 1, "width": 15.5583}, {"bases": [[[0.845272, -0.527228, -0.0868663], [0.530925, 0.810363, 0.24785], [-0.0602805, -0.255621, 0.964896]], [[0.844728, -0.529385, -0.0786509], [0.216694, 0.472679, -0.854177], [0.489365, 0.704504, 0.514]], [[0.844728, -0.529385, -0.0786509], [-0.413748, -0.552734, -0.723394], [0.339481, 0.643613, -0.685941]], [[0.844728, -0.529385, -0.0786509], [-0.532482, -0.8461, -0.0240348], [-0.0538229, 0.0621831, -0.996612]]], "btipPosition": [-43.9819, 78.8546, 39.8464], "carpPosition": [-66.0108, 106.326, 85.2471], "dipPosition": [-43.1807, 79.7802, 25.0105], "direction": [0.339481, -0.643613, 0.685941], "extended": false, "handId": 818, "id": 8182, "length": 53.0801, "mcpPosition": [-69.5132, 121.178, 29.1846], "pipPosition": [-50.828, 94.2784, 9.55876], "stabilizedTipPosition": [-47.6814, 79.2804, 37.942], "timeVisible": 1.31815, "tipPosition": [-43.7649, 78.9182, 35.2426], "tipVelocity": [17.4979, 9.43526, 2.75809], "tool": false, "touchDistance": 0.333333, "touchZone": "none", "type": 2, "width": 15.2803}, {"bases": [[[0.784743, -0.618677, 0.0376377], [0.587767, 0.762063, 0.271643], [-0.196742, -0.191048, 0.961662]], [[0.795129, -0.606108, -0.0200952], [0.312994, 0.438535, -0.84245], [0.519428, 0.663566, 0.5384]], [[0.795129, -0.606108, -0.0200952], [-0.431583, -0.542276, -0.720883], [0.426036, 0.581868, -0.692765]], [[0.795129, -0.606108, -0.0200952], [-0.606353, -0.795141, -0.00934281], [-0.0103157, 0.0196135, -0.999754]]], "btipPosition": [-57.7379, 75.162, 44.667], "carpPosition": [-75.0555, 101.741, 83.8894], "dipPosition": [-57.5852, 75.4523, 29.8698], "direction": [0.426036, -0.581868, 0.692765], "extended": false, "handId": 818, "id": 8183, "length": 51.0379, "mcpPosition": [-85.3187, 111.707, 33.7233], "pipPosition": [-66.9343, 88.2211, 14.6674], "stabilizedTipPosition": [-61.7437, 76.2021, 43.0985], "timeVisible": 1.31815, "tipPosition": [-56.8432, 75.5232, 39.567], "tipVelocity": [15.4879, 4.04762, -1.90816], "tool": false, "touchDistance": 0.333333, "touchZone": "none", "type": 3, "width": 14.5402}, {"bases": [[[0.648723, -0.753984, 0.103282], [0.682962, 0.636666, 0.358077], [-0.335741, -0.161755, 0.927962]], [[0.691443, -0.72154, -0.0358839], [0.435435, 0.455877, -0.776255], [0.576458, 0.521111, 0.629396]], [[0.691443, -0.72154, -0.0358839], [-0.453061, -0.394402, -0.799489], [0.562711, 0.569059, -0.599607]], [[0.691443, -0.72154, -0.0358839], [-0.718755, -0.68207, -0.1348], [0.0727881, 0.118998, -0.990223]]], "btipPosition": [-71.7515, 74.5418, 43.3563], "carpPosition": [-81.3979, 91.7689, 82.9857], "dipPosition": [-72.7454, 76.1666, 29.8354], "direction": [0.562711, -0.569059, 0.599607], "extended": false, "handId": 818, "id": 8184, "length": 40.0128, "mcpPosition": [-97.6106, 99.58, 38.1748], "pipPosition": [-81.4639, 84.9835, 20.5452], "stabilizedTipPosition": [-75.9365, 76.1918, 42.6013], "timeVisible": 1.31815, "tipPosition": [-71.3156, 74.8263, 37.7982], "tipVelocity": [14.5213, 1.26245, -3.37097], "tool": false, "touchDistance": 0.333333, "touchZone": "none", "type": 4, "width": 12.9157}], "r": [[0.98072, 0.110002, 0.161517], [-0.096981, 0.991527, -0.0864247], [-0.169655, 0.0690944, 0.983078]], "s": 0.644399, "t": [13.9529, -15.3078, -39.3344], "timestamp": 747472211890}, {"currentFrameRate": 113.229, "devices": [], "gestures": [], "hands": [{"armBasis": [[0.912729, -0.388168, -0.127483], [0.407732, 0.885317, 0.223537], [0.0260928, -0.256007, 0.966323]], "armWidth": 51.8058, "confidence": 1, "direction": [-0.144658, 0.370317, -0.917573], "elbow": [-72.7913, 29.8851, 323.732], "grabAngle": 3.14159, "grabStrength": 1, "id": 818, "palmNormal": [0.387903, -0.831874, -0.396884], "palmPosition": [-67.3279, 109.399, 46.8683], "palmVelocity": [4.2163, 1.33596, -0.790424], "palmWidth": 75.7756, "pinchDistance": 19.8409, "pinchStrength": 0.7464, "r": [[0.981363, 0.107856, 0.159039], [-0.094922, 0.991692, -0.086812], [-0.167081, 0.0700978, 0.983448]], "s": 0.644479, "sphereCenter": [-61.3313, 83.5796, 21.4845], "sphereRadius": 32.2686, "stabilizedPalmPosition": [-56.585, 121.324, 79.6672], "t": [-13.9152, -15.2907, -39.3396], "timeVisible": 1.32677, "type": "left", "wrist": [-66.9242, 87.4492, 106.451]}], "id": 1377491, "interactionBox": {"center": [0, 200, 0], "size": [235.247, 235.247, 147.751]}, "pointables": [{"bases": [[[0.741472, 0.649984, 0.166556], [-0.615565, 0.560159, 0.554348], [0.267019, -0.513559, 0.815449]], [[0.606767, 0.785738, -0.120202], [-0.651155, 0.578069, 0.491765], [0.455884, -0.220117, 0.862391]], [[0.606767, 0.785738, -0.120202], [-0.773031, 0.618515, 0.140934], [0.185084, 0.0074056, 0.982695]], [[0.606767, 0.785738, -0.120202], [-0.793684, 0.590598, -0.145803], [-0.043572, 0.183871, 0.981984]]], "btipPosition": [-19.3417, 99.9317, 8.41295], "carpPosition": [-42.4844, 94.3901, 89.0107], "dipPosition": [-18.5339, 103.341, 26.6184], "direction": [0.185084, -0.0074056, -0.982695], "extended": false, "handId": 818, "id": 8180, "length": 41.2847, "mcpPosition": [-42.4844, 94.3901, 89.0107], "pipPosition": [-23.5329, 103.541, 53.1603], "stabilizedTipPosition": [-21.0444, 100.435, 11.5099], "timeVisible": 1.32677, "tipPosition": [-18.1449, 108.1, 13.093], "tipVelocity": [30.6015, 16.5323, 20.9702], "tool": false, "touchDistance": -0.223362, "touchZone": "touching", "type": 0, "width": 16.288}, {"bases": [[[0.921643, -0.345297, -0.177041], [0.382094, 0.887118, 0.258893], [0.0676612, -0.306253, 0.949543]], [[0.921323, -0.387475, -0.0320425], [0.19909, 0.540962, -0.817143], [0.333956, 0.746474, 0.575543]], [[0.921323, -0.387475, -0.0320425], [-0.25758, -0.546572, -0.796814], [0.291232, 0.742376, -0.603375]], [[0.921323, -0.387475, -0.0320425], [-0.387003, -0.906041, -0.171227], [0.0373145, 0.170156, -0.98471]]], "btipPosition": [-34.6118, 85.3013, 34.2564], "carpPosition": [-56.2041, 108.46, 87.1402], "dipPosition": [-35.1169, 87.6043, 20.9287], "direction": [0.291232, -0.742376, 0.603375], "extended": false, "handId": 818, "id": 8181, "length": 46.5852, "mcpPosition": [-52.0587, 127.223, 28.9636], "pipPosition": [-40.693, 101.818, 9.37597], "stabilizedTipPosition": [-37.6612, 86.2766, 32.7509], "timeVisible": 1.32677, "tipPosition": [-35.227, 86.1334, 30.5676], "tipVelocity": [18.9996, 9.581, 5.56146], "tool": false, "touchDistance": 0.333333, "touchZone": "none", "type": 1, "width": 15.5583}, {"bases": [[[0.843579, -0.529637, -0.08865], [0.5338, 0.809031, 0.246019], [-0.0585802, -0.254858, 0.965202]], [[0.842955, -0.532143, -0.0790572], [0.217476, 0.471468, -0.854648], [0.492068, 0.703237, 0.513154]], [[0.842955, -0.532143, -0.0790572], [-0.416215, -0.551971, -0.72256], [0.340868, 0.641991, -0.686772]], [[0.842955, -0.532143, -0.0790572], [-0.535236, -0.844378, -0.0234054], [-0.0542991, 0.062044, -0.996595]]], "btipPosition": [-43.8069, 78.9361, 39.8777], "carpPosition": [-66.0618, 106.365, 85.2455], "dipPosition": [-42.9986, 79.8597, 25.042], "direction": [0.340868, -0.641991, 0.686772], "extended": false, "handId": 818, "id": 8182, "length": 53.0801, "mcpPosition": [-69.4655, 121.173, 29.1652], "pipPosition": [-50.6771, 94.3214, 9.57159], "stabilizedTipPosition": [-47.6184, 79.2783, 37.9191], "timeVisible": 1.32677, "tipPosition": [-43.6147, 78.989, 35.3177], "tipVelocity": [20.5072, 9.41242, 3.63919], "tool": false, "touchDistance": 0.333333, "touchZone": "none", "type": 2, "width": 15.2803}, {"bases": [[[0.783107, -0.62084, 0.0360617], [0.590567, 0.760587, 0.2697], [-0.194869, -0.189907, 0.962269]], [[0.793383, -0.608335, -0.0217047], [0.312696, 0.437887, -0.842898], [0.522269, 0.661954, 0.537636]], [[0.793383, -0.608335, -0.0217047], [-0.43443, -0.540881, -0.720221], [0.426396, 0.580841, -0.693405]], [[0.793383, -0.608335, -0.0217047], [-0.608608, -0.793421, -0.0089192], [-0.0117951, 0.020286, -0.999725]]], "btipPosition": [-57.5884, 75.185, 44.6546], "carpPosition": [-75.0903, 101.754, 83.868], "dipPosition": [-57.4139, 75.4852, 29.8579], "direction": [0.426396, -0.580841, 0.693405], "extended": false, "handId": 818, "id": 8183, "length": 51.0379, "mcpPosition": [-85.2559, 111.66, 33.6703], "pipPosition": [-66.7709, 88.2315, 14.6414], "stabilizedTipPosition": [-61.6906, 76.1901, 43.0751], "timeVisible": 1.32677, "tipPosition": [-56.6972, 75.5586, 39.6133], "tipVelocity": [17.9282, 2.93376, -1.43173], "tool": false, "touchDistance": 0.333333, "touchZone": "none", "type": 3, "width": 14.5402}, {"bases": [[[0.646874, -0.755727, 0.10213], [0.685627, 0.634979, 0.355973], [-0.333869, -0.160247, 0.928899]], [[0.689362, -0.723458, -0.0372649], [0.435219, 0.454733, -0.777047], [0.579106, 0.519448, 0.628339]], [[0.689362, -0.723458, -0.0372649], [-0.455889, -0.393276, -0.798436], [0.562979, 0.5674, -0.600926]], [[0.689362, -0.723458, -0.0372649], [-0.720917, -0.680074, -0.133335], [0.0711194, 0.118781, -0.99037]]], "btipPosition": [-71.6103, 74.5389, 43.3321], "carpPosition": [-81.4026, 91.7636, 82.9546], "dipPosition": [-72.5814, 76.1608, 29.8092], "direction": [0.562979, -0.5674, 0.600926], "extended": false, "handId": 818, "id": 8184, "length": 40.0128, "mcpPosition": [-97.525, 99.5018, 38.0985], "pipPosition": [-81.3041, 84.9519, 20.4986], "stabilizedTipPosition": [-75.8919, 76.1779, 42.5754], "timeVisible": 1.32677, "tipPosition": [-71.1614, 74.8215, 37.8075], "tipVelocity": [16.994, -0.41913, -2.86081], "tool": false, "touchDistance": 0.333333, "touchZone": "none", "type": 4, "width": 12.9157}], "r": [[0.981363, 0.107856, 0.159039], [-0.094922, 0.991692, -0.086812], [-0.167081, 0.0700978, 0.983448]], "s": 0.644479, "t": [13.9152, -15.2907, -39.3396], "timestamp": 747472220506}, {"currentFrameRate": 113.328, "devices": [], "gestures": [], "hands": [{"armBasis": [[0.911342, -0.391202, -0.128128], [0.410882, 0.883467, 0.225081], [0.025145, -0.257772, 0.965879]], "armWidth": 51.8058, "confidence": 1, "direction": [-0.14375, 0.369412, -0.91808], "elbow": [-72.598, 29.5299, 323.639], "grabAngle": 3.14159, "grabStrength": 1, "id": 818, "palmNormal": [0.391489, -0.830808, -0.395594], "palmPosition": [-67.3029, 109.429, 46.8706], "palmVelocity": [2.88106, 3.47689, 0.271583], "palmWidth": 75.7756, "pinchDistance": 19.9481, "pinchStrength": 0.746883, "r": [[0.98201, 0.105518, 0.156598], [-0.0926758, 0.991873, -0.0871784], [-0.164524, 0.0710972, 0.983807]], "s": 0.644548, "sphereCenter": [-61.0581, 83.673, 21.5047], "sphereRadius": 32.2518, "stabilizedPalmPosition": [-56.6065, 121.3, 79.6017], "t": [-13.8839, -15.2672, -39.341], "timeVisible": 1.33542, "type": "left", "wrist": [-66.944, 87.4907, 106.458]}], "id": 1377492, "interactionBox": {"center": [0, 200, 0], "size": [235.247, 235.247, 147.751]}, "pointables": [{"bases": [[[0.743941, 0.64767, 0.164546], [-0.612487, 0.562404, 0.555483], [0.267228, -0.514029, 0.815085]], [[0.608608, 0.783936, -0.122641], [-0.64711, 0.579826, 0.495026], [0.459179, -0.221915, 0.860179]], [[0.608608, 0.783936, -0.122641], [-0.77073, 0.6208, 0.143471], [0.188607, 0.00720531, 0.982026]], [[0.608608, 0.783936, -0.122641], [-0.792404, 0.592474, -0.145156], [-0.0411315, 0.185524, 0.981779]]], "btipPosition": [-19.0877, 100.111, 8.59307], "carpPosition": [-42.5077, 94.5204, 89.077], "dipPosition": [-18.3251, 103.551, 26.7947], "direction": [0.188607, -0.00720531, -0.982026], "extended": false, "handId": 818, "id": 8180, "length": 41.2847, "mcpPosition": [-42.5077, 94.5204, 89.077], "pipPosition": [-23.4193, 103.746, 53.3186], "stabilizedTipPosition": [-20.9516, 100.455, 11.5651], "timeVisible": 1.33542, "tipPosition": [-18.0464, 108.209, 13.2048], "tipV