{"frames": 83, "data": [{"currentFrameRate": 115.298, "devices": [], "gestures": [], "hands": [{"armBasis": [[0.995286, 0.0641307, -0.0727546], [-0.00689109, 0.795034, 0.606525], [0.0967393, -0.603165, 0.791728]], "armWidth": 51.8058, "confidence": 1, "direction": [-0.0672532, 0.373172, -0.925321], "elbow": [-99.9707, -30.3958, 267.929], "grabAngle": 1.66344, "grabStrength": 0, "id": 818, "palmNormal": [0.011337, -0.927075, -0.374704], "palmPosition": [-74.6003, 127.791, 30.9414], "palmVelocity": [41.7612, -74.5528, -4.20577], "palmWidth": 75.7756, "pinchDistance": 51.8603, "pinchStrength": 0.681399, "r": [[0.867847, 0.438877, 0.232869], [-0.420317, 0.898464, -0.126871], [-0.264905, 0.0122256, 0.964197]], "s": 1.05329, "sphereCenter": [-79.7092, 96.6789, -0.311197], "sphereRadius": 43.6293, "stabilizedPalmPosition": [-75.1129, 128.668, 30.8455], "t": [-21.5212, 3.76809, -55.3089], "timeVisible": 3.00039, "type": "left", "wrist": [-78.2185, 105.228, 89.9061]}], "id": 1377682, "interactionBox": {"center": [0, 200, 0], "size": [235.247, 235.247, 147.751]}, "pointables": [{"bases": [[[0.424724, 0.887657, 0.177972], [-0.824096, 0.297688, 0.48192], [0.3748, -0.351349, 0.857951]], [[0.300608, 0.950923, -0.0733496], [-0.908529, 0.308908, 0.281337], [0.290189, -0.0179321, 0.956801]], [[0.300608, 0.950923, -0.0733496], [-0.953568, 0.301153, -0.00377154], [0.018503, 0.0710776, 0.997299]], [[0.300608, 0.950923, -0.0733496], [-0.924148, 0.271405, -0.268868], [-0.235765, 0.14861, 0.96038]]], "btipPosition": [-45.7782, 101.635, -12.3586], "carpPosition": [-53.9704, 105.564, 72.1578], "dipPosition": [-41.4072, 104.39, 5.4463], "direction": [0.018503, -0.0710776, -0.997299], "extended": false, "handId": 818, "id": 8180, "length": 41.2847, "mcpPosition": [-53.9704, 105.564, 72.1578], "pipPosition": [-41.907, 106.309, 32.3826], "stabilizedTipPosition": [-45.2729, 102.586, -8.29077], "timeVisible": 3.00039, "tipPosition": [-35.9467, 98.4552, -5.91962], "tipVelocity": [104.776, -44.8052, -13.3154], "tool": false, "touchDistance": -0.208223, "touchZone": "touching", "type": 0, "width": 16.288}, {"bases": [[[0.9948, 0.0274726, -0.0980701], [-0.00380234, 0.972278, 0.233797], [0.101774, -0.232208, 0.967327]], [[0.999163, 0.0132171, -0.0387156], [-0.00272063, 0.965744, 0.259482], [0.040819, -0.25916, 0.964971]], [[0.999163, 0.0132171, -0.0387156], [-0.0124299, 0.999712, 0.0205042], [0.0389755, -0.0200059, 0.99904]], [[0.999163, 0.0132171, -0.0387156], [-0.019463, 0.985986, -0.16569], [0.0359831, 0.166305, 0.985418]]], "btipPosition": [-52.5974, 144.925, -54.1691], "carpPosition": [-61.4554, 123.746, 70.404], "dipPosition": [-53.0844, 147.176, -40.8319], "direction": [0.0389755, 0.0200059, -0.99904], "extended": true, "handId": 818, "id": 8181, "length": 46.5852, "mcpPosition": [-55.2199, 137.973, 11.1377], "pipPosition": [-53.8307, 146.793, -21.7034], "stabilizedTipPosition": [-52.4306, 146.018, -50.8778], "timeVisible": 3.00039, "tipPosition": [-49.7766, 132.673, -47.0871], "tipVelocity": [-64.5722, -124.512, -45.1524], "tool": false, "touchDistance": 0.311982, "touchZone": "hovering", "type": 1, "width": 15.5583}, {"bases": [[[0.985379, -0.170307, -0.00488915], [0.166671, 0.957591, 0.235032], [-0.0353458, -0.23241, 0.971975]], [[0.985818, -0.166572, -0.0204171], [0.151772, 0.936846, -0.315096], [0.071614, 0.307529, 0.94884]], [[0.985818, -0.166572, -0.0204171], [0.0297795, 0.293365, -0.955537], [0.165156, 0.941377, 0.294165]], [[0.985818, -0.166572, -0.0204171], [-0.0224853, -0.0105395, -0.999692], [0.166306, 0.985973, -0.0141355]]], "btipPosition": [-64.6147, 91.395, -29.853], "carpPosition": [-71.4914, 125.517, 69.266], "dipPosition": [-67.0904, 106.073, -30.0634], "direction": [0.165156, -0.941377, -0.294165], "extended": false, "handId": 818, "id": 8182, "length": 53.0801, "mcpPosition": [-73.5451, 139.021, 12.7922], "pipPosition": [-70.8107, 127.278, -23.437], "stabilizedTipPosition": [-67.4798, 104.484, -35.7728], "timeVisible": 3.00039, "tipPosition": [-65.8628, 98.9199, -34.4339], "tipVelocity": [9.40504, -434.922, 646.5], "tool": false, "touchDistance": 0.440561, "touchZone": "hovering", "type": 2, "width": 15.2803}, {"bases": [[[0.954051, -0.274351, 0.120495], [0.235434, 0.93508, 0.264946], [-0.185361, -0.224404, 0.956705]], [[0.958054, -0.269128, 0.0985026], [0.286318, 0.883921, -0.369738], [0.0124384, 0.382432, 0.9239]], [[0.958054, -0.269128, 0.0985026], [0.122282, 0.0730316, -0.989805], [0.25919, 0.960331, 0.102878]], [[0.958054, -0.269128, 0.0985026], [-0.0079901, -0.368658, -0.929531], [0.286477, 0.889754, -0.355344]]], "btipPosition": [-80.9738, 88.5875, -10.8774], "carpPosition": [-81.6724, 124.66, 68.7284], "dipPosition": [-85.2139, 101.757, -16.1368], "direction": [0.25919, -0.960331, -0.102878], "extended": false, "handId": 818, "id": 8183, "length": 51.0379, "mcpPosition": [-91.3419, 136.366, 18.8209], "pipPosition": [-90.9017, 122.831, -13.8792], "stabilizedTipPosition": [-84.8459, 99.8439, -10.4011], "timeVisible": 3.00039, "tipPosition": [-81.1428, 90.1365, -8.09623], "tipVelocity": [0.851925, -129.925, 196.199], "tool": false, "touchDistance": 0.313808, "touchZone": "hovering", "type": 3, "width": 14.5402}, {"bases": [[[0.874082, -0.449185, 0.184969], [0.36365, 0.857501, 0.363937], [-0.322086, -0.250847, 0.912873]], [[0.876323, -0.447412, 0.178551], [0.480924, 0.833901, -0.270778], [-0.0277447, 0.323158, 0.945938]], [[0.876323, -0.447412, 0.178551], [0.252458, 0.110871, -0.961235], [0.410272, 0.887429, 0.210111]], [[0.876323, -0.447412, 0.178551], [0.0302077, -0.318883, -0.947313], [0.480776, 0.835545, -0.265929]]], "btipPosition": [-94.7535, 95.7122, -1.42844], "carpPosition": [-91.3443, 117.809, 68.7741], "dipPosition": [-101.318, 107.121, -5.05953], "direction": [0.410272, -0.887429, -0.210111], "extended": false, "handId": 818, "id": 8184, "length": 40.0128, "mcpPosition": [-106.898, 129.922, 24.6919], "pipPosition": [-107.675, 120.871, -1.80411], "stabilizedTipPosition": [-97.3194, 101.223, -4.27266], "timeVisible": 3.00039, "tipPosition": [-93.9871, 96.4374, 5.09402], "tipVelocity": [8.68867, -67.3062, 108.377], "tool": false, "touchDistance": 0.289648, "touchZone": "hovering", "type": 4, "width": 12.9157}], "r": [[0.867847, 0.438877, 0.232869], [-0.420317, 0.898464, -0.126871], [-0.264905, 0.0122256, 0.964197]], "s": 1.05329, "t": [21.5212, 3.76809, -55.3089], "timestamp": 747473894126}, {"currentFrameRate": 115.292, "devices": [], "gestures": [], "hands": [{"armBasis": [[0.994288, 0.0783367, -0.072492], [-0.0182637, 0.794054, 0.607573], [0.105158, -0.602778, 0.790949]], "armWidth": 51.8058, "confidence": 1, "direction": [-0.065289, 0.369696, -0.926856], "elbow": [-101.521, -30.7278, 267.763], "grabAngle": 1.69537, "grabStrength": 0, "id": 818, "palmNormal": [-0.000608382, -0.928852, -0.37045], "palmPosition": [-74.1164, 127.103, 30.864], "palmVelocity": [55.7112, -79.2802, -8.91207], "palmWidth": 75.7756, "pinchDistance": 51.4948, "pinchStrength": 0.734846, "r": [[0.864575, 0.446786, 0.229981], [-0.427158, 0.894501, -0.131924], [-0.26466, 0.0158196, 0.964212]], "s": 1.05425, "sphereCenter": [-80.6939, 96.427, -0.129539], "sphereRadius": 43.2908, "stabilizedPalmPosition": [-74.6438, 127.931, 30.8542], "t": [-21.0936, 3.09931, -55.3289], "timeVisible": 3.00907, "type": "left", "wrist": [-77.876, 104.809, 89.9152]}], "id": 1377683, "interactionBox": {"center": [0, 200, 0], "size": [235.247, 235.247, 147.751]}, "pointables": [{"bases": [[[0.413735, 0.893425, 0.174974], [-0.828829, 0.290128, 0.478402], [0.376652, -0.342955, 0.860532]], [[0.292666, 0.953557, -0.0712437], [-0.909279, 0.300583, 0.287858], [0.295904, -0.0194659, 0.955019]], [[0.292666, 0.953557, -0.0712437], [-0.955527, 0.294467, 0.0160133], [0.0362486, 0.0633888, 0.99733]], [[0.292666, 0.953557, -0.0712437], [-0.931122, 0.267237, -0.248185], [-0.217619, 0.138972, 0.966089]]], "btipPosition": [-44.3961, 101.343, -12.4201], "carpPosition": [-53.6415, 104.822, 72.1289], "dipPosition": [-40.3615, 103.919, 5.49065], "direction": [0.0362486, -0.0633888, -0.99733], "extended": false, "handId": 818, "id": 8180, "length": 41.2847, "mcpPosition": [-53.6415, 104.822, 72.1289], "pipPosition": [-41.3406, 105.631, 32.4278], "stabilizedTipPosition": [-44.132, 102.175, -8.29702], "timeVisible": 3.00907, "tipPosition": [-36.5985, 97.5795, -6.17447], "tipVelocity": [150.232, -38.3177, -4.2777], "tool": false, "touchDistance": -0.212938, "touchZone": "touching", "type": 0, "width": 16.288}, {"bases": [[[0.994662, 0.0387856, -0.0956163], [-0.0159076, 0.973227, 0.229297], [0.10195, -0.226552, 0.968649]], [[0.999366, 0.0227789, -0.027351], [-0.0152574, 0.968379, 0.249018], [0.0321585, -0.248443, 0.968112]], [[0.999366, 0.0227789, -0.027351], [-0.0223194, 0.999607, 0.0169893], [0.0277272, -0.0163681, 0.999482]], [[0.999366, 0.0227789, -0.027351], [-0.0240603, 0.998583, -0.0474728], [0.0262308, 0.0481008, 0.998498]]], "btipPosition": [-52.6892, 145.081, -54.6359], "carpPosition": [-60.9159, 123.083, 70.3106], "dipPosition": [-53.0443, 145.732, -41.1216], "direction": [0.0277272, 0.0163681, -0.999481], "extended": true, "handId": 818, "id": 8181, "length": 46.5852, "mcpPosition": [-54.6696, 136.964, 10.9634], "pipPosition": [-53.5751, 145.419, -21.9847], "stabilizedTipPosition": [-52.5879, 145.654, -51.1782], "timeVisible": 3.00907, "tipPosition": [-49.6985, 132.398, -47.5782], "tipVelocity": [-7.07572, -24.3912, -49.0536], "tool": false, "touchDistance": 0.304881, "touchZone": "hovering", "type": 1, "width": 15.5583}, {"bases": [[[0.987332, -0.158662, -0.0015483], [0.154723, 0.960563, 0.231041], [-0.0351703, -0.228354, 0.972943]], [[0.987817, -0.154357, -0.019772], [0.138037, 0.927778, -0.34666], [0.0718536, 0.339708, 0.937782]], [[0.987817, -0.154357, -0.019772], [0.00595928, 0.164482, -0.986362], [0.155504, 0.974228, 0.163398]], [[0.987817, -0.154357, -0.019772], [-0.0466166, -0.17229, -0.983943], [0.148472, 0.972877, -0.177386]]], "btipPosition": [-64.52, 88.8362, -24.1866], "carpPosition": [-70.9332, 124.968, 69.1905], "dipPosition": [-66.7302, 103.319, -26.8272], "direction": [0.155504, -0.974228, -0.163398], "extended": false, "handId": 818, "id": 8182, "length": 53.0801, "mcpPosition": [-72.9767, 138.235, 12.6605], "pipPosition": [-70.2332, 125.264, -23.1465], "stabilizedTipPosition": [-67.1107, 102.63, -34.1199], "timeVisible": 3.00907, "tipPosition": [-65.6721, 96.3804, -31.94], "tipVelocity": [17.93, -299.792, 588.078], "tool": false, "touchDistance": 0.50645, "touchZone": "hovering", "type": 2, "width": 15.2803}, {"bases": [[[0.956903, -0.262494, 0.124233], [0.223668, 0.939003, 0.261238], [-0.185228, -0.222192, 0.957247]], [[0.96149, -0.256493, 0.0987353], [0.274563, 0.880261, -0.386982], [0.0123453, 0.399188, 0.916786]], [[0.96149, -0.256493, 0.0987353], [0.109279, 0.0271491, -0.99364], [0.252181, 0.966165, 0.054133]], [[0.96149, -0.256493, 0.0987353], [-0.0163521, -0.411996, -0.911039], [0.274354, 0.87434, -0.400324]]], "btipPosition": [-80.756, 87.5478, -8.96358], "carpPosition": [-81.125, 124.229, 68.6833], "dipPosition": [-84.8167, 100.489, -14.8887], "direction": [0.252181, -0.966165, -0.054133], "extended": false, "handId": 818, "id": 8183, "length": 51.0379, "mcpPosition": [-90.7876, 135.819, 18.7475], "pipPosition": [-90.3507, 121.691, -13.7008], "stabilizedTipPosition": [-84.7433, 99.5409, -10.3987], "timeVisible": 3.00907, "tipPosition": [-81.2557, 89.4686, -8.22011], "tipVelocity": [29.8252, -125.758, 202.728], "tool": false, "touchDistance": 0.342171, "touchZone": "hovering", "type": 3, "width": 14.5402}, {"bases": [[[0.878835, -0.437964, 0.189305], [0.352529, 0.863401, 0.360918], [-0.321516, -0.250451, 0.913182]], [[0.883998, -0.433791, 0.174279], [0.466914, 0.837775, -0.283063], [-0.0232167, 0.3316, 0.943134]], [[0.883998, -0.433791, 0.174279], [0.230452, 0.0800037, -0.969789], [0.406743, 0.897455, 0.170691]], [[0.883998, -0.433791, 0.174279], [0.00822143, -0.358314, -0.933565], [0.467419, 0.826702, -0.313182]]], "btipPosition": [-94.3689, 95.1058, -0.0973324], "carpPosition": [-90.877, 117.493, 68.7856], "dipPosition": [-100.751, 106.394, -4.37363], "direction": [0.406743, -0.897455, -0.170691], "extended": false, "handId": 818, "id": 8184, "length": 40.0128, "mcpPosition": [-106.403, 129.587, 24.6885], "pipPosition": [-107.053, 120.299, -1.72898], "stabilizedTipPosition": [-97.2343, 101.021, -4.08952], "timeVisible": 3.00907, "tipPosition": [-94.0732, 95.9908, 4.77215], "tipVelocity": [49.1156, -73.0253, 136.178], "tool": false, "touchDistance": 0.30936, "touchZone": "hovering", "type": 4, "width": 12.9157}], "r": [[0.864575, 0.446786, 0.229981], [-0.427158, 0.894501, -0.131924], [-0.26466, 0.0158196, 0.964212]], "s": 1.05425, "t": [21.0936, 3.09931, -55.3289], "timestamp": 747473902811}, {"currentFrameRate": 115.297, "devices": [], "gestures": [], "hands": [{"armBasis": [[0.992839, 0.0934113, -0.074463], [-0.0289435, 0.792865, 0.608709], [0.115899, -0.602195, 0.789891]], "armWidth": 51.8058, "confidence": 1, "direction": [-0.0655951, 0.36858, -0.927279], "elbow": [-103.51, -31.0415, 267.5], "grabAngle": 1.74918, "grabStrength": 0, "id": 818, "palmNormal": [-0.0114001, -0.929496, -0.368655], "palmPosition": [-73.648, 126.532, 30.7958], "palmVelocity": [54.0536, -65.9295, -7.86621], "palmWidth": 75.7756, "pinchDistance": 51.1319, "pinchStrength": 0.750485, "r": [[0.860819, 0.454878, 0.228202], [-0.434261, 0.890361, -0.136655], [-0.265343, 0.0185358, 0.963976]], "s": 1.0563, "sphereCenter": [-82.152, 95.7147, -0.0360303], "sphereRadius": 43.3908, "stabilizedPalmPosition": [-74.1624, 127.255, 30.826], "t": [-20.6457, 2.47929, -55.3731], "timeVisible": 3.01774, "type": "left", "wrist": [-77.4498, 104.364, 89.8903]}], "id": 1377684, "interactionBox": {"center": [0, 200, 0], "size": [235.247, 235.247, 147.751]}, "pointables": [{"bases": [[[0.404108, 0.897812, 0.175018], [-0.833706, 0.282794, 0.474302], [0.376339, -0.337583, 0.86279]], [[0.286581, 0.955771, -0.0661219], [-0.908891, 0.293052, 0.296713], [0.302967, -0.0249348, 0.952675]], [[0.286581, 0.955771, -0.0661219], [-0.956566, 0.289301, 0.0358711], [0.0534137, 0.05297, 0.997167]], [[0.286581, 0.955771, -0.0661219], [-0.935904, 0.264532, -0.232608], [-0.204829, 0.128545, 0.97032]]], "btipPosition": [-42.9784, 101.349, -12.5098], "carpPosition": [-53.2183, 104.127, 72.0157], "dipPosition": [-39.181, 103.733, 5.47943], "direction": [0.0534137, -0.05297, -0.997167], "extended": false, "handId": 818, "id": 8180, "length": 41.2847, "mcpPosition": [-53.2183, 104.127, 72.0157], "pipPosition": [-40.6236, 105.163, 32.4122], "stabilizedTipPosition": [-42.7845, 101.99, -8.34705], "timeVisible": 3.01774, "tipPosition": [-37.112, 97.078, -6.53948], "tipVelocity": [157.314, -4.37615, -8.26537], "tool": false, "touchDistance": -0.218087, "touchZone": "touching", "type": 0, "width": 16.288}, {"bases": [[[0.99463, 0.0484677, -0.0914449], [-0.0265331, 0.973451, 0.227353], [0.100036, -0.223706, 0.969509]], [[0.999428, 0.0305979, -0.0143724], [-0.0263039, 0.970929, 0.23792], [0.0212344, -0.237406, 0.971178]], [[0.999428, 0.0305979, -0.0143724], [-0.0307486, 0.999473, -0.010383], [0.0140471, 0.010819, 0.999843]], [[0.999428, 0.0305979, -0.0143724], [-0.0307486, 0.999473, -0.010383], [0.0140471, 0.010819, 0.999843]]], "btipPosition": [-53.0082, 143.888, -54.9353], "carpPosition": [-60.319, 122.456, 70.1934], "dipPosition": [-53.1983, 144.034, -41.4028], "direction": [0.0140471, -0.010819, -0.999843], "extended": true, "handId": 818, "id": 8181, "length": 46.5852, "mcpPosition": [-54.19, 136.162, 10.7934], "pipPosition": [-53.4673, 144.241, -22.2589], "stabilizedTipPosition": [-52.8186, 144.793, -51.4987], "timeVisible": 3.01774, "tipPosition": [-49.6707, 131.985, -47.9383], "tipVelocity": [-32.4343, -151.154, -34.0674], "tool": false, "touchDistance": 0.301656, "touchZone": "hovering", "type": 1, "width": 15.5583}, {"bases": [[[0.988853, -0.148866, 0.00297076], [0.144206, 0.962483, 0.22985], [-0.0370762, -0.22686, 0.973221]], [[0.989392, -0.144357, -0.016248], [0.127902, 0.918678, -0.373726], [0.0688768, 0.367684, 0.927397]], [[0.989392, -0.144357, -0.016248], [-0.00809115, 0.0569133, -0.998346], [0.145043, 0.987888, 0.0551415]], [[0.989392, -0.144357, -0.016248], [-0.061038, -0.311612, -0.948247], [0.131823, 0.93918, -0.317118]]], "btipPosition": [-64.6166, 87.3445, -19.3656], "carpPosition": [-70.3219, 124.437, 69.1125], "dipPosition": [-66.5789, 101.325, -24.0863], "direction": [0.145043, -0.987888, -0.0551415], "extended": false, "handId": 818, "id": 8182, "length": 53.0801, "mcpPosition": [-72.4761, 137.618, 12.5662], "pipPosition": [-69.8462, 123.579, -22.8442], "stabilizedTipPosition": [-66.8715, 101.217, -32.5195], "timeVisible": 3.01774, "tipPosition": [-65.6177, 94.4694, -29.3817], "tipVelocity": [-4.5664, -185.467, 501.165], "tool": false, "touchDistance": 0.554278, "touchZone": "hovering", "type": 2, "width": 15.2803}, {"bases": [[[0.958916, -0.252757, 0.12882], [0.213231, 0.941665, 0.260382], [-0.187119, -0.222216, 0.956873]], [[0.96401, -0.246103, 0.100584], [0.265637, 0.875935, -0.402708], [0.0110026, 0.414934, 0.909785]], [[0.96401, -0.246103, 0.100584], [0.0981849, -0.022033, -0.994924], [0.24707, 0.968993, 0.00292364]], [[0.96401, -0.246103, 0.100584], [-0.0248303, -0.460016, -0.887563], [0.264703, 0.853123, -0.449571]]], "btipPosition": [-80.5548, 86.8132, -6.87679], "carpPosition": [-80.5226, 123.798, 68.6501], "dipPosition": [-84.4726, 99.4401, -13.5308], "direction": [0.24707, -0.968993, -0.00292364], "extended": false, "handId": 818, "id": 8183, "length": 51.0379, "mcpPosition": [-90.2838, 135.39, 18.7339], "pipPosition": [-89.8944, 120.704, -13.4666], "stabilizedTipPosition": [-84.6589, 99.2888, -10.3476], "timeVisible": 3.01774, "tipPosition": [-81.3419, 88.989, -8.20999], "tipVelocity": [27.018, -93.1062, 221.482], "tool": false, "touchDistance": 0.333333, "touchZone": "none", "type": 3, "width": 14.5402}, {"bases": [[[0.882312, -0.42887, 0.193897], [0.342407, 0.867532, 0.360757], [-0.32293, -0.251908, 0.912282]], [[0.890243, -0.422322, 0.170621], [0.455089, 0.840335, -0.294501], [-0.0190049, 0.339825, 0.940297]], [[0.890243, -0.422322, 0.170621], [0.207447, 0.0424457, -0.977325], [0.405503, 0.905452, 0.125396]], [[0.890243, -0.422322, 0.170621], [-0.0164438, -0.404147, -0.914546], [0.455189, 0.811363, -0.366734]]], "btipPosition": [-93.9687, 94.6981, 1.48007], "carpPosition": [-90.3403, 117.16, 68.8071], "dipPosition": [-100.184, 105.777, -3.52744], "direction": [0.405503, -0.905452, -0.125396], "extended": false, "handId": 818, "id": 8184, "length": 40.0128, "mcpPosition": [-105.934, 129.324, 24.7534], "pipPosition": [-106.467, 119.806, -1.58458], "stabilizedTipPosition": [-97.1534, 100.854, -3.8948], "timeVisible": 3.01774, "tipPosition": [-94.1394, 95.7108, 4.46919], "tipVelocity": [50.6156, -52.6101, 162.634], "tool": false, "touchDistance": 0.332847, "touchZone": "hovering", "type": 4, "width": 12.9157}], "r": [[0.860819, 0.454878, 0.228202], [-0.434261, 0.890361, -0.136655], [-0.265343, 0.0185358, 0.963976]], "s": 1.0563, "t": [20.6457, 2.47929, -55.3731], "timestamp": 747473911476}, {"currentFrameRate": 115.289, "devices": [], "gestures": [], "hands": [{"armBasis": [[0.990997, 0.107519, -0.0797783], [-0.0368911, 0.792102, 0.609273], [0.128701, -0.600844, 0.788937]], "armWidth": 51.8058, "confidence": 1, "direction": [-0.0687797, 0.372668, -0.925412], "elbow": [-105.902, -31.3415, 267.125], "grabAngle": 1.82419, "grabStrength": 0, "id": 818, "palmNormal": [-0.0189498, -0.92793, -0.372274], "palmPosition": [-73.246, 126.111, 30.6893], "palmVelocity": [46.2841, -48.4301, -12.2692], "palmWidth": 75.7756, "pinchDistance": 49.9587, "pinchStrength": 0.739061, "r": [[0.85697, 0.462139, 0.228101], [-0.440789, 0.886591, -0.140221], [-0.267034, 0.0196205, 0.963487]], "s": 1.05837, "sphereCenter": [-83.8214, 94.7524, -0.164325], "sphereRadius": 43.8547, "stabilizedPalmPosition": [-73.7178, 126.7, 30.7596], "t": [-20.2207, 1.95894, -55.4484], "timeVisible": 3.02642, "type": "left", "wrist": [-76.9632, 103.76, 89.7299]}], "id": 1377685, "interactionBox": {"center": [0, 200, 0], "size": [235.247, 235.247, 147.751]}, "pointables": [{"bases": [[[0.397844, 0.899438, 0.180917], [-0.83806, 0.276037, 0.470594], [0.37333, -0.338843, 0.863603]], [[0.283439, 0.957309, -0.0567669], [-0.907124, 0.286842, 0.307974], [0.31111, -0.0357972, 0.9497]], [[0.283439, 0.957309, -0.0567669], [-0.956355, 0.28655, 0.0572253], [0.0710488, 0.0380695, 0.996746]], [[0.283439, 0.957309, -0.0567669], [-0.939211, 0.265145, -0.218131], [-0.193767, 0.115143, 0.974267]]], "btipPosition": [-41.4507, 101.748, -12.7626], "carpPosition": [-52.7104, 103.423, 71.701], "dipPosition": [-37.8583, 103.882, 5.29975], "direction": [0.0710488, -0.0380695, -0.996746], "extended": false, "handId": 818, "id": 8180, "length": 41.2847, "mcpPosition": [-52.7104, 103.423, 71.701], "pipPosition": [-39.7773, 104.911, 32.2212], "stabilizedTipPosition": [-41.2905, 102.162, -8.52774], "timeVisible": 3.02642, "tipPosition": [-37.4462, 97.1523, -7.13476], "tipVelocity": [170.453, 39.285, -27.1725], "tool": false, "touchDistance": -0.226484, "touchZone": "touching", "type": 0, "width": 16.288}, {"bases": [[[0.99484, 0.0546178, -0.0855001], [-0.0335254, 0.972361, 0.231062], [0.0957571, -0.227003, 0.969175]], [[0.999398, 0.0346902, -0.0009792], [-0.0336072, 0.974464, 0.222016], [0.00865599, -0.22185, 0.975042]], [[0.999398, 0.0346902, -0.0009792], [-0.0347002, 0.998471, -0.0430197], [-0.00051466, 0.0430278, 0.999074]], [[0.999398, 0.0346902, -0.0009792], [-0.0347002, 0.998471, -0.0430197], [-0.00051466, 0.0430278, 0.999074]]], "btipPosition": [-53.5698, 141.852, -55.2219], "carpPosition": [-59.7144, 121.8, 69.9926], "dipPosition": [-53.5628, 142.434, -41.6999], "direction": [-0.00051466, -0.0430278, -0.999074], "extended": true, "handId": 818, "id": 8181, "length": 46.5852, "mcpPosition": [-53.8475, 135.708, 10.6131], "pipPosition": [-53.5529, 143.258, -22.5707], "stabilizedTipPosition": [-53.221, 143.286, -51.8279], "timeVisible": 3.02642, "tipPosition": [-50.1061, 132.838, -48.583], "tipVelocity": [-59.4318, -222.854, -33.2795], "tool": false, "touchDistance": 0.301518, "touchZone": "hovering", "type": 1, "width": 15.5583}, {"bases": [[[0.989672, -0.143123, 0.00809573], [0.137257, 0.962377, 0.234503], [-0.0413539, -0.23097, 0.972082]], [[0.990284, -0.138653, -0.0106058], [0.123236, 0.910387, -0.39498], [0.0644207, 0.389835, 0.918629]], [[0.990284, -0.138653, -0.0106058], [-0.015485, -0.0341585, -0.999296], [0.138193, 0.989752, -0.0359736]], [[0.990284, -0.138653, -0.0106058], [-0.0689721, -0.423518, -0.903258], [0.120748, 0.895214, -0.428966]]], "btipPosition": [-64.7441, 86.7565, -15.3822], "carpPosition": [-69.7116, 123.843, 68.9774], "dipPosition": [-66.5416, 100.083, -21.7679], "direction": [0.138193, -0.989752, 0.0359736], "extended": false, "handId": 818, "id": 8182, "length": 53.0801, "mcpPosition": [-72.1144, 137.263, 12.4974], "pipPosition": [-69.6546, 122.378, -22.5782], "stabilizedTipPosition": [-66.7224, 100.225, -31.1565], "timeVisible": 3.02642, "tipPosition": [-65.6285, 93.3394, -27.0405], "tipVelocity": [-10.3201, -85.027, 414.517], "tool": false, "touchDistance": 0.333333, "touchZone": "none", "type": 2, "width": 15.2803}, {"bases": [[[0.959617, -0.24769, 0.133356], [0.206226, 0.941839, 0.26535], [-0.191325, -0.227133, 0.954885]], [[0.965173, -0.240405, 0.10318], [0.261436, 0.871888, -0.414081], [0.00958565, 0.426634, 0.904373]], [[0.965173, -0.240405, 0.10318], [0.087542, -0.0748728, -0.993343], [0.24653, 0.967781, -0.0512197]], [[0.965173, -0.240405, 0.10318], [-0.0369141, -0.515604, -0.856031], [0.258994, 0.82241, -0.506522]]], "btipPosition": [-80.3164, 86.6045, -4.62909], "carpPosition": [-79.9183, 123.266, 68.5715], "dipPosition": [-84.1497, 98.7768, -12.126], "direction": [0.24653, -0.967781, 0.0512197], "extended": false, "handId": 818, "id": 8183, "length": 51.0379, "mcpPosition": [-89.899, 135.114, 18.759], "pipPosition": [-89.5597, 120.014, -13.25], "stabilizedTipPosition": [-84.5959, 99.1088, -10.2748], "timeVisible": 3.02642, "tipPosition": [-81.3591, 88.8532, -8.14994], "tipVelocity": [29.6781, -36.068, 236.453], "tool": false, "touchDistance": 0.333333, "touchZone": "none", "type": 3, "width": 14.5402}, {"bases": [[[0.88367, -0.424505, 0.197289], [0.335252, 0.868057, 0.366174], [-0.3267, -0.257436, 0.909392]], [[0.893876, -0.415864, 0.167461], [0.448007, 0.842437, -0.299314], [-0.0166015, 0.342573, 0.939344]], [[0.893876, -0.415864, 0.167461], [0.186613, 0.00551257, -0.982418], [0.407629, 0.90941, 0.0825334]], [[0.893876, -0.415864, 0.167461], [-0.0437138, -0.452605, -0.890639], [0.446179, 0.7888, -0.422751]]], "btipPosition": [-93.6068, 94.6591, 3.02706], "carpPosition": [-89.7736, 116.684, 68.7588], "dipPosition": [-99.6991, 105.43, -2.74534], "direction": [0.407629, -0.90941, -0.0825334], "extended": false, "handId": 818, "id": 8184, "length": 40.0128, "mcpPosition": [-105.55, 129.115, 24.8447], "pipPosition": [-106.015, 119.52, -1.46659], "stabilizedTipPosition": [-97.0846, 100.735, -3.71547], "timeVisible": 3.02642, "tipPosition": [-94.1534, 95.6625, 4.11815], "tipVelocity": [44.917, -12.6428, 157.847], "tool": false, "touchDistance": 0.353462, "touchZone": "hovering", "type": 4, "width": 12.9157}], "r": [[0.85697, 0.462139, 0.228101], [-0.440789, 0.886591, -0.140221], [-0.267034, 0.0196205, 0.963487]], "s": 1.05837, "t": [20.2207, 1.95894, -55.4484], "timestamp": 747473920162}, {"currentFrameRate": 115.301, "devices": [], "gestures": [], "hands": [{"armBasis": [[0.988938, 0.11893, -0.08864], [-0.040417, 0.79104, 0.610427], [0.142716, -0.600092, 0.787097]], "armWidth": 51.8058, "confidence": 1, "direction": [-0.0761173, 0.376117, -0.92344], "elbow": [-108.559, -31.5768, 266.58], "grabAngle": 1.89539, "grabStrength": 0, "id": 818, "palmNormal": [-0.0206867, -0.926524, -0.375668], "palmPosition": [-73.0297, 125.908, 30.608], "palmVelocity": [24.9913, -23.4188, -9.38447], "palmWidth": 75.7756, "pinchDistance": 52.3552, "pinchStrength": 0.707752, "r": [[0.853618, 0.467553, 0.229631], [-0.445571, 0.883743, -0.143053], [-0.26982, 0.0197953, 0.962707]], "s": 1.05979, "sphereCenter": [-85.2801, 93.5957, -0.252338], "sphereRadius": 44.4928, "stabilizedPalmPosition": [-73.3948, 126.328, 30.6885], "t": [-19.9, 1.59743, -55.5267], "timeVisible": 3.03508, "type": "left", "wrist": [-76.4686, 103.356, 89.5986]}], "id": 1377686, "interactionBox": {"center": [0, 200, 0], "size": [235.247, 235.247, 147.751]}, "pointables": [{"bases": [[[0.397494, 0.898281, 0.187324], [-0.841244, 0.275208, 0.46537], [0.36648, -0.342567, 0.865067]], [[0.285804, 0.957018, -0.0493114], [-0.903974, 0.286326, 0.317566], [0.318036, -0.0461855, 0.946953]], [[0.285804, 0.957018, -0.0493114], [-0.954207, 0.288954, 0.0774276], [0.0883483, 0.0249241, 0.995778]], [[0.285804, 0.957018, -0.0493114], [-0.941329, 0.270737, -0.201497], [-0.179486, 0.104007, 0.978247]]], "btipPosition": [-39.8828, 102.406, -13.019], "carpPosition": [-52.1625, 103.087, 71.3782], "dipPosition": [-36.5552, 104.334, 5.11719], "direction": [0.0883483, -0.0249241, -0.995778], "extended": false, "handId": 818, "id": 8180, "length": 41.2847, "mcpPosition": [-52.1625, 103.087, 71.3782], "pipPosition": [-38.9415, 105.007, 32.0124], "stabilizedTipPosition": [-39.7377, 102.653, -8.75636], "timeVisible": 3.03508, "tipPosition": [-37.6455, 97.7093, -7.71891], "tipVelocity": [174.134, 70.5606, -27.6605], "tool": false, "touchDistance": -0.235011, "touchZone": "touching", "type": 0, "width": 16.288}, {"bases": [[[0.995512, 0.0537936, -0.0778539], [-0.0341559, 0.971511, 0.234522], [0.0882517, -0.230811, 0.968988]], [[0.999411, 0.0323952, 0.0113568], [-0.0339953, 0.979951, 0.196317], [-0.00476937, -0.196587, 0.980475]], [[0.999411, 0.0323952, 0.0113568], [-0.0311447, 0.994806, -0.0969113], [-0.0144373, 0.0965005, 0.995228]], [[0.999411, 0.0323952, 0.0113568], [-0.0311447, 0.994806, -0.0969113], [-0.0144373, 0.0965005, 0.995228]]], "btipPosition": [-54.4269, 139.141, -55.4699], "carpPosition": [-59.1998, 121.463, 69.7924], "dipPosition": [-54.2315, 140.447, -41.9999], "direction": [-0.0144373, -0.0965005, -0.995228], "extended": true, "handId": 818, "id": 8181, "length": 46.5852, "mcpPosition": [-53.7927, 135.604, 10.4244], "pipPosition": [-53.9551, 142.294, -22.9444], "stabilizedTipPosition": [-53.8875, 141.078, -52.1402], "timeVisible": 3.03508, "tipPosition": [-51.0797, 133.944, -49.348], "tipVelocity": [-94.0365, -294.036, -30.0368], "tool": false, "touchDistance": 0.304677, "touchZone": "hovering", "type": 1, "width": 15.5583}, {"bases": [[[0.989422, -0.144297, 0.0149437], [0.136585, 0.961316, 0.239201], [-0.0488815, -0.234629, 0.970855]], [[0.990149, -0.139987, -0.00279069], [0.126441, 0.902541, -0.411623], [0.0601406, 0.407215, 0.91135]], [[0.990149, -0.139987, -0.00279069], [-0.0172589, -0.102247, -0.994609], [0.138947, 0.98486, -0.103655]], [[0.990149, -0.139987, -0.00279069], [-0.0735638, -0.503161, -0.861056], [0.119133, 0.852779, -0.508503]]], "btipPosition": [-64.847, 86.7027, -12.442], "carpPosition": [-69.2066, 123.499, 68.8598], "dipPosition": [-66.6204, 99.3975, -20.0117], "direction": [0.138947, -0.98486, 0.103655], "extended": false, "handId": 818, "id": 8182, "length": 53.0801, "mcpPosition": [-72.0467, 137.131, 12.451], "pipPosition": [-69.7504, 121.583, -22.3467], "stabilizedTipPosition": [-66.6303, 99.5596, -30.0907], "timeVisible": 3.03508, "tipPosition": [-65.7174, 92.7577, -25.1699], "tipVelocity": [-11.2443, -22.9982, 308.277], "tool": false, "touchDistance": 0.333333, "touchZone": "none", "type": 2, "width": 15.2803}, {"bases": [[[0.958314, -0.249306, 0.139575], [0.205298, 0.94058, 0.270484], [-0.198715, -0.230554, 0.952553]], [[0.964352, -0.241559, 0.108052], [0.264466, 0.865664, -0.425068], [0.00914255, 0.438491, 0.898689]], [[0.964352, -0.241559, 0.108052], [0.0791786, -0.12622, -0.988837], [0.252501, 0.962142, -0.102594]], [[0.964352, -0.241559, 0.108052], [-0.0500169, -0.567347, -0.821958], [0.259854, 0.787252, -0.559205]]], "btipPosition": [-80.071, 86.6525, -2.44269], "carpPosition": [-79.4154, 122.911, 68.528], "dipPosition": [-83.917, 98.3044, -10.7194], "direction": [0.252501, -0.962142, 0.102594], "extended": false, "handId": 818, "id": 8183, "length": 51.0379, "mcpPosition": [-89.7816, 134.938, 18.8371], "pipPosition": [-89.458, 119.418, -12.9707], "stabilizedTipPosition": [-84.55, 98.9856, -10.2001], "timeVisible": 3.03508, "tipPosition": [-81.3362, 88.858, -7.81244], "tipVelocity": [28.0264, -8.28635, 231.922], "tool": false, "touchDistance": 0.333333, "touchZone": "none", "type": 3, "width": 14.5402}, {"bases": [[[0.881691, -0.426276, 0.202262], [0.333483, 0.866265, 0.371986], [-0.333781, -0.260526, 0.905934]], [[0.894024, -0.415804, 0.166819], [0.447765, 0.841806, -0.301445], [-0.015087, 0.344195, 0.938777]], [[0.894024, -0.415804, 0.166819], [0.170137, -0.0293586, -0.984983], [0.414457, 0.90898, 0.0444962]], [[0.894024, -0.415804, 0.166819], [-0.0696898, -0.496881, -0.865016], [0.442566, 0.761719, -0.473201]]], "btipPosition": [-93.3379, 94.7724, 4.49303], "carpPosition": [-89.2616, 116.317, 68.7637], "dipPosition": [-99.3808, 105.173, -1.96823], "direction": [0.414457, -0.90898, -0.0444962], "extended": false, "handId": 818, "id": 8184, "length": 40.0128, "mcpPosition": [-105.38, 128.898, 25.0166], "pipPosition": [-105.802, 119.257, -1.27882], "stabilizedTipPosition": [-97.0313, 100.654, -3.5633], "timeVisible": 3.03508, "tipPosition": [-94.1529, 95.6723, 3.98883], "tipVelocity": [32.3944, 3.26288, 151.09], "tool": false, "touchDistance": 0.371062, "touchZone": "hovering", "type": 4, "width": 12.9157}], "r": [[0.853618, 0.467553, 0.229631], [-0.445571, 0.883743, -0.143053], [-0.26982, 0.0197953, 0.962707]], "s": 1.05979, "t": [19.9, 1.59743, -55.5267], "timestamp": 747473928816}, {"currentFrameRate": 115.299, "devices": [], "gestures": [], "hands": [{"armBasis": [[0.986977, 0.124776, -0.101523], [-0.0367896, 0.78949, 0.61266], [0.156597, -0.600947, 0.783799]], "armWidth": 51.8058, "confidence": 1, "direction": [-0.0857392, 0.375547, -0.922829], "elbow": [-111.201, -31.7395, 266.014], "grabAngle": 1.98938, "grabStrength": 0.0258817, "id": 818, "palmNormal": [-0.0139924, -0.926602, -0.375783], "palmPosition": [-72.9241, 125.991, 30.7812], "palmVelocity": [12.1755, 9.50649, 19.954], "palmWidth": 75.7756, "pinchDistance": 49.4768, "pinchStrength": 0.669776, "r": [[0.851539, 0.470186, 0.231962], [-0.447459, 0.882331, -0.145848], [-0.273243, 0.0204019, 0.961729]], "s": 1.0547, "sphereCenter": [-86.4464, 92.0361, 0.207771], "sphereRadius": 45.0635, "stabilizedPalmPosition": [-73.2198, 126.203, 30.7229], "t": [-19.6869, 1.45792, -55.4793], "timeVisible": 3.04375, "type": "left", "wrist": [-75.99, 103.385, 89.7741]}], "id": 1377687, "interactionBox": {"center": [0, 200, 0], "size": [235.247, 235.247, 147.751]}, "pointables": [{"bases": [[[0.405091, 0.89429, 0.19012], [-0.84147, 0.283364, 0.460036], [0.357533, -0.346337, 0.867307]], [[0.294396, 0.954407, -0.049386], [-0.898962, 0.294091, 0.32462], [0.324344, -0.051171, 0.944554]], [[0.294396, 0.954407, -0.049386], [-0.949815, 0.297916, 0.095387], [0.105751, 0.0188259, 0.994214]], [[0.294396, 0.954407, -0.049386], [-0.942674, 0.281503, -0.179228], [-0.157154, 0.0993189, 0.982567]]], "btipPosition": [-38.1462, 103.145, -12.9251], "carpPosition": [-51.5722, 103.367, 71.4102], "dipPosition": [-35.2327, 104.986, 5.29116], "direction": [0.105751, -0.0188259, -0.994214], "extended": false, "handId": 818, "id": 8180, "length": 41.2847, "mcpPosition": [-51.5722, 103.367, 71.4102], "pipPosition": [-38.0889, 105.495, 32.1442], "stabilizedTipPosition": [-38.0595, 103.332, -8.74079], "timeVisible": 3.04375, "tipPosition": [-37.5079, 98.6679, -7.87142], "tipVelocity": [189.186, 82.8595, 12.943], "tool": false, "touchDistance": -0.238466, "touchZone": "touching", "type": 0, "width": 16.288}, {"bases": [[[0.996473, 0.0440225, -0.0714463], [-0.0261121, 0.971749, 0.234566], [0.0797541, -0.231873, 0.969471]], [[0.999587, 0.0225615, 0.0178081], [-0.025033, 0.987808, 0.153651], [-0.0141244, -0.154033, 0.987965]], [[0.999587, 0.0225615, 0.0178081], [-0.0172011, 0.965928, -0.25824], [-0.0230276, 0.257827, 0.965917]], [[0.999587, 0.0225615, 0.0178081], [-0.0172011, 0.965928, -0.25824], [-0.0230276, 0.257827, 0.965917]]], "btipPosition": [-55.1466, 132.695, -54.7142], "carpPosition": [-58.7997, 121.673, 69.8747], "dipPosition": [-54.8349, 136.185, -41.6409], "direction": [-0.0230276, -0.257827, -0.965917], "extended": true, "handId": 818, "id": 8181, "length": 46.5852, "mcpPosition": [-53.9133, 135.879, 10.4771], "pipPosition": [-54.394, 141.122, -23.1466], "stabilizedTipPosition": [-54.6125, 136.45, -51.8759], "timeVisible": 3.04375, "tipPosition": [-52.5803, 134.04, -50.0033], "tipVelocity": [-79.8744, -684.997, 76.5912], "tool": false, "touchDistance": 0.326044, "touchZone": "hovering", "type": 1, "width": 15.5583}, {"bases": [[[0.987839, -0.154018, 0.0212557], [0.144487, 0.959876, 0.240338], [-0.0574192, -0.234344, 0.970457]], [[0.988646, -0.150168, 0.0053937], [0.13746, 0.889315, -0.436146], [0.0606984, 0.431935, 0.89986]], [[0.988646, -0.150168, 0.0053937], [-0.0191822, -0.161726, -0.986649], [0.149035, 0.975343, -0.16277]], [[0.988646, -0.150168, 0.0053937], [-0.0821803, -0.570396, -0.817248], [0.125801, 0.807526, -0.576261]]], "btipPosition": [-64.6205, 86.7424, -9.49268], "carpPosition": [-68.8319, 123.611, 69.0069], "dipPosition": [-66.4932, 98.7635, -18.0711], "direction": [0.149035, -0.975343, 0.16277], "extended": false, "handId": 818, "id": 8182, "length": 53.0801, "mcpPosition": [-72.1681, 137.227, 12.6213], "pipPosition": [-69.8504, 120.734, -21.7377], "stabilizedTipPosition": [-66.5583, 99.1011, -29.2412], "timeVisible": 3.04375, "tipPosition": [-65.5574, 92.4228, -23.0536], "tipVelocity": [23.4713, -13.2925, 313.2], "tool": false, "touchDistance": 0.333333, "touchZone": "none", "type": 2, "width": 15.2803}, {"bases": [[[0.954901, -0.258743, 0.145656], [0.21279, 0.938459, 0.272056], [-0.207085, -0.228792, 0.951194]], [[0.961331, -0.250895, 0.113555], [0.275057, 0.854246, -0.441144], [0.0136768, 0.45532, 0.890223]], [[0.961331, -0.250895, 0.113555], [0.0695511, -0.177784, -0.981609], [0.266469, 0.951548, -0.15346]], [[0.961331, -0.250895, 0.113555], [-0.0683474, -0.616789, -0.784156], [0.266781, 0.746072, -0.610086]]], "btipPosition": [-79.559, 86.8187, 0.00967133], "carpPosition": [-79.0363, 122.923, 68.7405], "dipPosition": [-83.5075, 97.8612, -9.02008], "direction": [0.266469, -0.951548, 0.15346], "extended": false, "handId": 818, "id": 8183, "length": 51.0379, "mcpPosition": [-89.8391, 134.858, 19.1205], "pipPosition": [-89.3551, 118.742, -12.3877], "stabilizedTipPosition": [-84.5128, 98.8979, -10.126], "timeVisible": 3.04375, "tipPosition": [-81.0348, 88.9279, -6.9283], "tipVelocity": [56.2949, 3.00499, 262.696], "tool": false, "touchDistance": 0.333333, "touchZone": "none", "type": 3, "width": 14.5402}, {"bases": [[[0.876142, -0.434965, 0.2078], [0.339585, 0.862866, 0.374359], [-0.342137, -0.257426, 0.9037]], [[0.89022, -0.423333, 0.16822], [0.45547, 0.833241, -0.313459], [-0.00747055, 0.355666, 0.934583]], [[0.89022, -0.423333, 0.16822], [0.153062, -0.0698347, -0.985746], [0.429046, 0.903279, 0.00262799]], [[0.89022, -0.423333, 0.16822], [-0.100336, -0.542436, -0.834084], [0.444344, 0.72564, -0.525362]]], "btipPosition": [-92.8316, 94.7976, 6.35318], "carpPosition": [-88.8155, 116.232, 69.0376], "dipPosition": [-98.8989, 104.706, -0.82031], "direction": [0.429046, -0.903279, -0.00262799], "extended": false, "handId": 818, "id": 8184, "length": 40.0128, "mcpPosition": [-105.337, 128.663, 25.3983], "pipPosition": [-105.546, 118.701, -0.779593], "stabilizedTipPosition": [-96.9843, 100.594, -3.42479], "timeVisible": 3.04375, "tipPosition": [-93.946, 95.6852, 4.32533], "tipVelocity": [57.7043, -10.1542, 195.521], "tool": false, "touchDistance": 0.333333, "touchZone": "none", "type": 4, "width": 12.9157}], "r": [[0.851539, 0.470186, 0.231962], [-0.447459, 0.882331, -0.145848], [-0.273243, 0.0204019, 0.961729]], "s": 1.0547, "t": [19.6869, 1.45792, -55.4793], "timestamp": 747473937492}, {"currentFrameRate": 115.295, "devices": [], "gestures": [], "hands": [{"armBasis": [[0.984876, 0.132479, -0.111663], [-0.0361562, 0.787439, 0.615331], [0.169446, -0.601987, 0.78032]], "armWidth": 51.8058, "confidence": 1, "direction": [-0.0900865, 0.376539, -0.92201], "elbow": [-113.841, -31.9606, 265.338], "grabAngle": 2.07639, "grabStrength": 0.209332, "id": 818, "palmNormal": [-0.0119203, -0.926116, -0.377051], "palmPosition": [-72.786, 126.103, 30.9198], "palmVelocity": [15.9042, 12.9018, 15.9708], "palmWidth": 75.7756, "pinchDistance": 46.7659, "pinchStrength": 0.630386, "r": [[0.850048, 0.471619, 0.234505], [-0.448236, 0.881557, -0.148128], [-0.27659, 0.0208027, 0.960763]], "s": 1.04505, "sphereCenter": [-86.5529, 91.4002, 0.608619], "sphereRadius": 44.9145, "stabilizedPalmPosition": [-73.0782, 126.17, 30.7872], "t": [-19.5113, 1.44416, -55.3862], "timeVisible": 3.05243, "type": "left", "wrist": [-75.7402, 103.398, 89.8805]}], "id": 1377688, "interactionBox": {"center": [0, 200, 0], "size": [235.247, 235.247, 147.751]}, "pointables": [{"bases": [[[0.407649, 0.892572, 0.192709], [-0.841953, 0.285713, 0.457694], [0.353465, -0.34883, 0.867975]], [[0.295418, 0.953949, -0.0520603], [-0.895139, 0.295425, 0.333843], [0.333849, -0.0520221, 0.94119]], [[0.295418, 0.953949, -0.0520603], [-0.947119, 0.299578, 0.114972], [0.125273, 0.0153427, 0.992004]], [[0.295418, 0.953949, -0.0520603], [-0.946262, 0.284662, -0.153475], [-0.131588, 0.0946021, 0.98678]]], "btipPosition": [-36.3989, 103.493, -12.767], "carpPosition": [-51.2213, 103.498, 71.4468], "dipPosition": [-33.9593, 105.247, 5.52739], "direction": [0.125273, -0.0153427, -0.992004], "extended": true, "handI