{"frames": 119, "data": [{"currentFrameRate": 115.09, "devices": [], "gestures": [], "hands": [{"armBasis": [[0.571513, -0.749321, -0.334501], [0.811192, 0.577423, 0.0924708], [0.123858, -0.324193, 0.937848]], "armWidth": 68.6785, "confidence": 1, "direction": [-0.224627, 0.267097, -0.937124], "elbow": [-62.1858, 1.9814, 370.365], "grabAngle": 0.624225, "grabStrength": 0, "id": 706, "palmNormal": [0.779802, -0.527424, -0.337242], "palmPosition": [-33.2836, 117.792, 35.0689], "palmVelocity": [12.6055, -29.2771, -52.0102], "palmWidth": 93.8237, "pinchDistance": 94.0961, "pinchStrength": 0, "r": [[0.995992, 0.0749041, -0.0488708], [-0.0825985, 0.979928, -0.181436], [0.0342995, 0.184746, 0.982188]], "s": 1.05662, "sphereCenter": [-17.4278, 62.6556, -17.9497], "sphereRadius": 84.2018, "stabilizedPalmPosition": [-30.1252, 119.523, 77.0807], "t": [-3.34528, -1.37136, -41.8749], "timeVisible": 0.51166, "type": "left", "wrist": [-27.7026, 92.2396, 109.26]}], "id": 1306464, "interactionBox": {"center": [0, 200, 0], "size": [235.247, 235.247, 147.751]}, "pointables": [{"bases": [[[0.976444, 0.199318, 0.0826363], [-0.209198, 0.780719, 0.588824], [0.0528477, -0.592241, 0.804026]], [[0.81049, 0.475334, -0.342292], [-0.259374, 0.815186, 0.517877], [0.525197, -0.330952, 0.783989]], [[0.81049, 0.475334, -0.342292], [-0.358869, 0.8648, 0.351188], [0.462946, -0.161796, 0.871495]], [[0.81049, 0.475334, -0.342292], [-0.420791, 0.878995, 0.22428], [0.407481, -0.0377431, 0.912433]]], "btipPosition": [50.4691, 139.333, -1.79784], "carpPosition": [-2.18876, 115.822, 90.237], "dipPosition": [40.8181, 138.44, 19.8127], "direction": [0.462946, 0.161796, -0.871495], "extended": true, "handId": 706, "id": 7060, "length": 52.7418, "mcpPosition": [-2.18876, 115.822, 90.237], "pipPosition": [24.8443, 132.857, 49.8834], "stabilizedTipPosition": [39.4536, 155.927, 40.4794], "timeVisible": 0.51166, "tipPosition": [44.4364, 139.063, 1.2091], "tipVelocity": [34.5975, -40.902, -44.6388], "tool": false, "touchDistance": 0.0659704, "touchZone": "hovering", "type": 0, "width": 22.2408}, {"bases": [[[0.613758, -0.750229, -0.24588], [0.789469, 0.580736, 0.198708], [-0.00628567, -0.316073, 0.948714]], [[0.599698, -0.798777, -0.0481328], [0.739506, 0.530208, 0.414741], [-0.305765, -0.284314, 0.908666]], [[0.599698, -0.798777, -0.0481328], [0.791917, 0.583752, 0.179167], [-0.115017, -0.145563, 0.98264]], [[0.599698, -0.798777, -0.0481328], [0.78769, 0.59984, -0.140486], [0.141089, 0.0463355, 0.988912]]], "btipPosition": [-39.3943, 161.794, -66.6622], "carpPosition": [-25.2495, 122.696, 85.9497], "dipPosition": [-41.8338, 162.595, -49.5633], "direction": [-0.115017, 0.145563, -0.982641], "extended": true, "handId": 706, "id": 7061, "length": 59.5133, "mcpPosition": [-25.7263, 146.673, 13.9795], "pipPosition": [-39.0204, 159.035, -25.5274], "stabilizedTipPosition": [-38.6343, 173.655, -32.4508], "timeVisible": 0.51166, "tipPosition": [-34.2683, 163.509, -62.8245], "tipVelocity": [35.558, -55.5919, -64.1641], "tool": false, "touchDistance": -0.154599, "touchZone": "touching", "type": 1, "width": 21.2444}, {"bases": [[[0.463628, -0.87397, -0.145692], [0.881537, 0.43846, 0.175059], [-0.0891162, -0.209596, 0.973719]], [[0.447434, -0.894216, -0.0134373], [0.854371, 0.422961, 0.301917], [-0.264295, -0.146568, 0.95324]], [[0.447434, -0.894216, -0.0134373], [0.890986, 0.447013, -0.0795207], [0.0771153, 0.0236078, 0.996743]], [[0.447434, -0.894216, -0.0134373], [0.815559, 0.41415, -0.404158], [0.36697, 0.169875, 0.91459]]], "btipPosition": [-44.4531, 132.802, -79.9912], "carpPosition": [-34.348, 114.484, 82.634], "dipPosition": [-51.4319, 136.033, -62.598], "direction": [0.0771153, -0.0236078, -0.996743], "extended": true, "handId": 706, "id": 7062, "length": 67.8106, "mcpPosition": [-40.7591, 129.562, 12.5839], "pipPosition": [-53.6511, 136.712, -33.9141], "stabilizedTipPosition": [-44.3033, 143.526, -58.0083], "timeVisible": 0.51166, "tipPosition": [-39.8498, 134.446, -75.1711], "tipVelocity": [26.5362, -54.7269, -58.5763], "tool": false, "touchDistance": -0.16647, "touchZone": "touching", "type": 2, "width": 20.8648}, {"bases": [[[0.377679, -0.925837, -0.013593], [0.909118, 0.367993, 0.195154], [-0.175678, -0.086063, 0.980678]], [[0.367346, -0.929187, 0.0408585], [0.912428, 0.368543, 0.177909], [-0.180369, -0.0280738, 0.983198]], [[0.367346, -0.929187, 0.0408585], [0.913036, 0.351892, -0.206244], [0.177261, 0.113068, 0.977647]], [[0.367346, -0.929187, 0.0408585], [0.829362, 0.307365, -0.466568], [0.42097, 0.205278, 0.883541]]], "btipPosition": [-47.6596, 103.829, -71.7766], "carpPosition": [-41.0861, 104.052, 80.1363], "dipPosition": [-55.6194, 107.71, -55.0704], "direction": [0.177261, -0.113068, -0.977647], "extended": true, "handId": 706, "id": 7063, "length": 65.2017, "mcpPosition": [-52.4333, 109.61, 16.7934], "pipPosition": [-60.5888, 110.88, -27.6627], "stabilizedTipPosition": [-43.6576, 115.018, -43.2487], "timeVisible": 0.51166, "tipPosition": [-43.0793, 103.785, -66.1097], "tipVelocity": [2.93951, -42.009, -57.1244], "tool": false, "touchDistance": -0.120762, "touchZone": "touching", "type": 3, "width": 19.8542}, {"bases": [[[0.199368, -0.977566, 0.0679443], [0.937678, 0.210453, 0.276533], [-0.284628, 0.00857805, 0.9586]], [[0.18012, -0.974862, 0.131154], [0.97944, 0.190064, 0.0676231], [-0.0908507, 0.116277, 0.989053]], [[0.18012, -0.974862, 0.131154], [0.945386, 0.134744, -0.296797], [0.271664, 0.17745, 0.945891]], [[0.18012, -0.974862, 0.131154], [0.825958, 0.0774857, -0.558381], [0.534181, 0.208903, 0.819152]]], "btipPosition": [-47.2685, 77.6293, -47.0217], "carpPosition": [-41.6946, 89.4594, 78.6973], "dipPosition": [-56.5865, 81.2734, -32.7327], "direction": [0.271664, -0.17745, -0.945891], "extended": true, "handId": 706, "id": 7064, "length": 51.1169, "mcpPosition": [-58.7128, 88.9465, 21.3816], "pipPosition": [-61.9637, 84.7857, -14.0102], "stabilizedTipPosition": [-45.7122, 85.6017, -24.1625], "timeVisible": 0.51166, "tipPosition": [-46.5221, 76.5307, -42.1051], "tipVelocity": [-2.81164, -36.4946, -49.9264], "tool": false, "touchDistance": 0.0244256, "touchZone": "hovering", "type": 4, "width": 17.636}], "r": [[0.995992, 0.0749041, -0.0488708], [-0.0825985, 0.979928, -0.181436], [0.0342995, 0.184746, 0.982188]], "s": 1.05662, "t": [3.34528, -1.37136, -41.8749], "timestamp": 746845940432}, {"currentFrameRate": 115.081, "devices": [], "gestures": [], "hands": [{"armBasis": [[0.574283, -0.747075, -0.334781], [0.809312, 0.579699, 0.0946764], [0.123342, -0.325314, 0.937527]], "armWidth": 68.6785, "confidence": 1, "direction": [-0.223924, 0.265635, -0.937708], "elbow": [-61.9987, 1.55481, 369.907], "grabAngle": 0.621494, "grabStrength": 0, "id": 706, "palmNormal": [0.778127, -0.530601, -0.336125], "palmPosition": [-33.1867, 117.565, 34.6565], "palmVelocity": [11.1311, -26.0902, -47.3785], "palmWidth": 93.8237, "pinchDistance": 94.1055, "pinchStrength": 0, "r": [[0.995821, 0.0771676, -0.048835], [-0.0848776, 0.979415, -0.183144], [0.033697, 0.186524, 0.981872]], "s": 1.05716, "sphereCenter": [-16.7696, 61.4285, -18.3961], "sphereRadius": 84.9404, "stabilizedPalmPosition": [-30.126, 119.522, 77.0685], "t": [-3.23483, -1.61765, -42.3179], "timeVisible": 0.520365, "type": "left", "wrist": [-27.6592, 92.125, 108.891]}], "id": 1306465, "interactionBox": {"center": [0, 200, 0], "size": [235.247, 235.247, 147.751]}, "pointables": [{"bases": [[[0.975814, 0.202519, 0.082298], [-0.211682, 0.781421, 0.587002], [0.05457, -0.590226, 0.805391]], [[0.808956, 0.477124, -0.343429], [-0.260998, 0.814955, 0.517425], [0.526755, -0.32894, 0.783791]], [[0.808956, 0.477124, -0.343429], [-0.360643, 0.864129, 0.351024], [0.464249, -0.160108, 0.871113]], [[0.808956, 0.477124, -0.343429], [-0.421499, 0.877978, 0.22692], [0.409793, -0.0388136, 0.911353]]], "btipPosition": [50.7469, 139.001, -2.16074], "carpPosition": [-2.09091, 115.626, 89.8252], "dipPosition": [41.0411, 138.081, 19.4242], "direction": [0.464249, 0.160108, -0.871113], "extended": true, "handId": 706, "id": 7060, "length": 52.7418, "mcpPosition": [-2.09091, 115.626, 89.8252], "pipPosition": [25.0223, 132.557, 49.4817], "stabilizedTipPosition": [39.483, 155.872, 40.3572], "timeVisible": 0.520365, "tipPosition": [44.6608, 138.523, 0.773454], "tipVelocity": [30.4617, -38.8958, -42.3647], "tool": false, "touchDistance": 0.059824, "touchZone": "hovering", "type": 0, "width": 22.2408}, {"bases": [[[0.616102, -0.748895, -0.244079], [0.787648, 0.583624, 0.19747], [-0.00543393, -0.31391, 0.949437]], [[0.602065, -0.797152, -0.0454639], [0.73857, 0.534377, 0.411042], [-0.303368, -0.281052, 0.910482]], [[0.602065, -0.797152, -0.0454639], [0.790239, 0.586765, 0.176717], [-0.114194, -0.142323, 0.983211]], [[0.602065, -0.797152, -0.0454639], [0.785868, 0.601685, -0.142781], [0.141173, 0.050235, 0.98871]]], "btipPosition": [-39.0852, 161.206, -67.2313], "carpPosition": [-25.1309, 122.561, 85.5249], "dipPosition": [-41.5262, 162.075, -50.1359], "direction": [-0.114194, 0.142323, -0.983211], "extended": true, "handId": 706, "id": 7061, "length": 59.5133, "mcpPosition": [-25.5431, 146.374, 13.4998], "pipPosition": [-38.7329, 158.594, -26.0861], "stabilizedTipPosition": [-38.6548, 173.408, -33.0744], "timeVisible": 0.520365, "tipPosition": [-34.1079, 163.04, -63.3411], "tipVelocity": [35.4656, -65.7242, -65.4719], "tool": false, "touchDistance": -0.164098, "touchZone": "touching", "type": 1, "width": 21.2444}, {"bases": [[[0.466341, -0.872867, -0.143626], [0.880157, 0.441579, 0.174159], [-0.0885958, -0.207631, 0.974187]], [[0.450124, -0.8929, -0.0108761], [0.853806, 0.426785, 0.29811], [-0.261541, -0.143472, 0.95447]], [[0.450124, -0.8929, -0.0108761], [0.889595, 0.449449, -0.0813393], [0.0775161, 0.0269374, 0.996627]], [[0.450124, -0.8929, -0.0108761], [0.814475, 0.415521, -0.404936], [0.366086, 0.173413, 0.91428]]], "btipPosition": [-44.1936, 132.232, -80.4805], "carpPosition": [-34.2551, 114.369, 82.2292], "dipPosition": [-51.1557, 135.53, -63.0932], "direction": [0.0775161, -0.0269374, -0.996627], "extended": true, "handId": 706, "id": 7062, "length": 67.8106, "mcpPosition": [-40.6288, 129.307, 12.1454], "pipPosition": [-53.3864, 136.305, -34.4126], "stabilizedTipPosition": [-44.3633, 143.103, -58.7505], "timeVisible": 0.520365, "tipPosition": [-39.7872, 133.974, -75.6308], "tipVelocity": [30.2471, -63.6933, -56.3633], "tool": false, "touchDistance": -0.174648, "touchZone": "touching", "type": 2, "width": 20.8648}, {"bases": [[[0.380535, -0.924696, -0.0114185], [0.907953, 0.371244, 0.194419], [-0.17554, -0.0843507, 0.980852]], [[0.370212, -0.927951, 0.0430064], [0.911696, 0.371828, 0.1748], [-0.178197, -0.0255041, 0.983664]], [[0.370212, -0.927951, 0.0430064], [0.912239, 0.354422, -0.205436], [0.175392, 0.115287, 0.977725]], [[0.370212, -0.927951, 0.0430064], [0.831395, 0.310327, -0.460954], [0.414397, 0.206406, 0.886381]]], "btipPosition": [-47.6687, 103.419, -72.2448], "carpPosition": [-41.0257, 103.952, 79.7563], "dipPosition": [-55.5042, 107.322, -55.4849], "direction": [0.175392, -0.115287, -0.977725], "extended": true, "handId": 706, "id": 7063, "length": 65.2017, "mcpPosition": [-52.3639, 109.4, 16.4022], "pipPosition": [-60.4212, 110.554, -28.0749], "stabilizedTipPosition": [-43.7068, 114.927, -43.4618], "timeVisible": 0.520365, "tipPosition": [-43.0727, 103.361, -66.4985], "tipVelocity": [2.24051, -46.5, -52.364], "tool": false, "touchDistance": -0.128359, "touchZone": "touching", "type": 3, "width": 19.8542}, {"bases": [[[0.202374, -0.976788, 0.0702156], [0.936988, 0.21398, 0.276163], [-0.284778, 0.00990279, 0.958542]], [[0.183282, -0.97404, 0.132864], [0.978965, 0.193168, 0.0656841], [-0.089644, 0.11803, 0.988955]], [[0.183282, -0.97404, 0.132864], [0.945483, 0.137648, -0.295152], [0.269201, 0.179717, 0.946167]], [[0.183282, -0.97404, 0.132864], [0.828272, 0.0802093, -0.554555], [0.529502, 0.211688, 0.821472]]], "btipPosition": [-47.3494, 77.2932, -47.4071], "carpPosition": [-41.6794, 89.3587, 78.3509], "dipPosition": [-56.5859, 80.9858, -33.0777], "direction": [0.269201, -0.179717, -0.946167], "extended": true, "handId": 706, "id": 7064, "length": 51.1169, "mcpPosition": [-58.7065, 88.7666, 21.0387], "pipPosition": [-61.9143, 84.5431, -14.3497], "stabilizedTipPosition": [-45.7512, 85.5243, -24.3694], "timeVisible": 0.520365, "tipPosition": [-46.5762, 76.1767, -42.4288], "tipVelocity": [-7.14107, -37.3251, -43.2043], "tool": false, "touchDistance": 0.0181574, "touchZone": "hovering", "type": 4, "width": 17.636}], "r": [[0.995821, 0.0771676, -0.048835], [-0.0848776, 0.979415, -0.183144], [0.033697, 0.186524, 0.981872]], "s": 1.05716, "t": [3.23483, -1.61765, -42.3179], "timestamp": 746845949137}, {"currentFrameRate": 115.125, "devices": [], "gestures": [], "hands": [{"armBasis": [[0.576418, -0.745549, -0.334512], [0.807912, 0.581356, 0.0964556], [0.122559, -0.325855, 0.937442]], "armWidth": 68.6785, "confidence": 1, "direction": [-0.223122, 0.264204, -0.938303], "elbow": [-61.7706, 1.25807, 369.512], "grabAngle": 0.618857, "grabStrength": 0, "id": 706, "palmNormal": [0.776972, -0.533087, -0.334863], "palmPosition": [-33.1225, 117.308, 34.2421], "palmVelocity": [7.45855, -29.812, -48.1127], "palmWidth": 93.8237, "pinchDistance": 94.1106, "pinchStrength": 0, "r": [[0.995642, 0.0794162, -0.0488827], [-0.087158, 0.978883, -0.184912], [0.0331654, 0.188367, 0.981539]], "s": 1.05754, "sphereCenter": [-16.1404, 60.1349, -18.8466], "sphereRadius": 85.709, "stabilizedPalmPosition": [-30.1269, 119.522, 77.0557], "t": [-3.14749, -1.86917, -42.7466], "timeVisible": 0.528977, "type": "left", "wrist": [-27.6492, 91.979, 108.52]}], "id": 1306466, "interactionBox": {"center": [0, 200, 0], "size": [235.247, 235.247, 147.751]}, "pointables": [{"bases": [[[0.975362, 0.204935, 0.0816761], [-0.213362, 0.782148, 0.585424], [0.0560912, -0.588427, 0.806603]], [[0.807647, 0.478372, -0.34477], [-0.262035, 0.814947, 0.516913], [0.528247, -0.327142, 0.783539]], [[0.807647, 0.478372, -0.34477], [-0.361844, 0.863725, 0.350783], [0.465592, -0.158556, 0.87068]], [[0.807647, 0.478372, -0.34477], [-0.421581, 0.877242, 0.229601], [0.412282, -0.040088, 0.910174]]], "btipPosition": [50.9775, 138.671, -2.50897], "carpPosition": [-2.04236, 115.412, 89.4211], "dipPosition": [41.2128, 137.722, 19.048], "direction": [0.465592, 0.158556, -0.87068], "extended": true, "handId": 706, "id": 7060, "length": 52.7418, "mcpPosition": [-2.04236, 115.412, 89.4211], "pipPosition": [25.1476, 132.251, 49.0906], "stabilizedTipPosition": [39.5161, 155.809, 40.2215], "timeVisible": 0.528977, "tipPosition": [44.8365, 138.023, 0.362072], "tipVelocity": [25.2017, -39.0965, -41.1818], "tool": false, "touchDistance": 0.053913, "touchZone": "hovering", "type": 0, "width": 22.2408}, {"bases": [[[0.617775, -0.74798, -0.242652], [0.786342, 0.585844, 0.196096], [-0.00451958, -0.311951, 0.950087]], [[0.603754, -0.796014, -0.042926], [0.738166, 0.537923, 0.407124], [-0.300986, -0.277489, 0.912364]], [[0.603754, -0.796014, -0.042926], [0.78914, 0.589182, 0.173558], [-0.112863, -0.138661, 0.983888]], [[0.603754, -0.796014, -0.042926], [0.784506, 0.602861, -0.145293], [0.141534, 0.0540456, 0.988457]]], "btipPosition": [-38.808, 160.578, -67.7978], "carpPosition": [-25.0655, 122.391, 85.1018], "dipPosition": [-41.2552, 161.512, -50.7067], "direction": [-0.112863, 0.138661, -0.983888], "extended": true, "handId": 706, "id": 7061, "length": 59.5133, "mcpPosition": [-25.4083, 146.056, 13.0274], "pipPosition": [-38.4946, 158.12, -26.6404], "stabilizedTipPosition": [-38.6711, 173.12, -33.7764], "timeVisible": 0.528977, "tipPosition": [-33.991, 162.558, -63.85], "tipVelocity": [32.0165, -71.2437, -65.8921], "tool": false, "touchDistance": -0.173556, "touchZone": "touching", "type": 1, "width": 21.2444}, {"bases": [[[0.46832, -0.872088, -0.141912], [0.879173, 0.443964, 0.173061], [-0.0879209, -0.205813, 0.974634]], [[0.452091, -0.891931, -0.00856195], [0.853585, 0.429829, 0.294347], [-0.258857, -0.14038, 0.95566]], [[0.452091, -0.891931, -0.00856195], [0.888578, 0.451187, -0.0828224], [0.0777349, 0.0298353, 0.996528]], [[0.452091, -0.891931, -0.00856195], [0.813633, 0.4163, -0.405828], [0.365535, 0.176505, 0.913909]]], "btipPosition": [-43.9711, 131.653, -80.9688], "carpPosition": [-34.2078, 114.214, 81.8211], "dipPosition": [-50.9227, 135.009, -63.5886], "direction": [0.0777349, -0.0298353, -0.996528], "extended": true, "handId": 706, "id": 7062, "length": 67.8106, "mcpPosition": [-40.5329, 129.02, 11.7052], "pipPosition": [-53.1597, 135.868, -34.9108], "stabilizedTipPosition": [-44.4139, 142.655, -59.5149], "timeVisible": 0.528977, "tipPosition": [-39.723, 133.492, -76.0894], "tipVelocity": [26.1188, -65.7087, -56.8937], "tool": false, "touchDistance": -0.182814, "touchZone": "touching", "type": 2, "width": 20.8648}, {"bases": [[[0.38266, -0.923839, -0.00957909], [0.907135, 0.373735, 0.193461], [-0.175147, -0.0827194, 0.981061]], [[0.372351, -0.927006, 0.0448791], [0.911253, 0.374337, 0.171725], [-0.17599, -0.0230459, 0.984122]], [[0.372351, -0.927006, 0.0448791], [0.911655, 0.356268, -0.204839], [0.173898, 0.117186, 0.977766]], [[0.372351, -0.927006, 0.0448791], [0.833276, 0.312627, -0.455976], [0.408663, 0.20718, 0.88886]]], "btipPosition": [-47.6701, 102.989, -72.7149], "carpPosition": [-41.0019, 103.807, 79.3684], "dipPosition": [-55.3971, 106.907, -55.9081], "direction": [0.173898, -0.117186, -0.977766], "extended": true, "handId": 706, "id": 7063, "length": 65.2017, "mcpPosition": [-52.3147, 109.15, 16.0009], "pipPosition": [-60.2723, 110.192, -28.497], "stabilizedTipPosition": [-43.7665, 114.812, -43.7256], "timeVisible": 0.528977, "tipPosition": [-43.0532, 102.922, -66.8951], "tipVelocity": [2.73591, -49.4775, -53.3283], "tool": false, "touchDistance": -0.136013, "touchZone": "touching", "type": 3, "width": 19.8542}, {"bases": [[[0.204637, -0.976172, 0.0721996], [0.936549, 0.216709, 0.275525], [-0.284606, 0.0112359, 0.958579]], [[0.185701, -0.973376, 0.134366], [0.978665, 0.195454, 0.0633447], [-0.0879206, 0.119736, 0.988905]], [[0.185701, -0.973376, 0.134366], [0.945617, 0.139866, -0.293675], [0.267063, 0.181595, 0.946415]], [[0.185701, -0.973376, 0.134366], [0.83052, 0.0824053, -0.55086], [0.525121, 0.213889, 0.823711]]], "btipPosition": [-47.4057, 76.9305, -47.8091], "carpPosition": [-41.6889, 89.2123, 77.9932], "dipPosition": [-56.5658, 80.6615, -33.4406], "direction": [0.267063, -0.181595, -0.946415], "extended": true, "handId": 706, "id": 7064, "length": 51.1169, "mcpPosition": [-58.7058, 88.5405, 20.6788], "pipPosition": [-61.8519, 84.2559, -14.7077], "stabilizedTipPosition": [-45.7877, 85.4493, -24.5646], "timeVisible": 0.528977, "tipPosition": [-46.6052, 75.8003, -42.768], "tipVelocity": [-4.49812, -41.093, -45.637], "tool": false, "touchDistance": 0.011607, "touchZone": "hovering", "type": 4, "width": 17.636}], "r": [[0.995642, 0.0794162, -0.0488827], [-0.087158, 0.978883, -0.184912], [0.0331654, 0.188367, 0.981539]], "s": 1.05754, "t": [3.14749, -1.86917, -42.7466], "timestamp": 746845957749}, {"currentFrameRate": 114.823, "devices": [], "gestures": [], "hands": [{"armBasis": [[0.580679, -0.742791, -0.333276], [0.805046, 0.584873, 0.0991217], [0.121297, -0.32586, 0.937604]], "armWidth": 68.6785, "confidence": 1, "direction": [-0.22161, 0.264531, -0.938569], "elbow": [-61.4292, 1.04862, 369.074], "grabAngle": 0.616211, "grabStrength": 0, "id": 706, "palmNormal": [0.774493, -0.53707, -0.334239], "palmPosition": [-33.026, 117.081, 33.7433], "palmVelocity": [10.468, -24.6404, -54.0915], "palmWidth": 93.8237, "pinchDistance": 94.0959, "pinchStrength": 0, "r": [[0.995414, 0.0821617, -0.0489889], [-0.0899293, 0.978335, -0.186476], [0.0326064, 0.190026, 0.981237]], "s": 1.05772, "sphereCenter": [-15.6712, 58.8639, -19.4609], "sphereRadius": 86.5078, "stabilizedPalmPosition": [-30.1278, 119.521, 77.0429], "t": [-3.05555, -2.10855, -43.2104], "timeVisible": 0.538199, "type": "left", "wrist": [-27.659, 91.771, 108.037]}], "id": 1306467, "interactionBox": {"center": [0, 200, 0], "size": [235.247, 235.247, 147.751]}, "pointables": [{"bases": [[[0.974389, 0.209674, 0.0812587], [-0.216958, 0.781577, 0.584864], [0.059121, -0.587515, 0.807051]], [[0.805482, 0.481804, -0.345056], [-0.264572, 0.813368, 0.518107], [0.530283, -0.326033, 0.782625]], [[0.805482, 0.481804, -0.345056], [-0.364958, 0.862032, 0.35172], [0.466909, -0.157373, 0.870189]], [[0.805482, 0.481804, -0.345056], [-0.423778, 0.8753, 0.232942], [0.41426, -0.0414031, 0.909216]]], "btipPosition": [51.2474, 138.271, -2.91147], "carpPosition": [-1.96956, 115.079, 88.9319], "dipPosition": [41.4359, 137.291, 18.6228], "direction": [0.466909, 0.157373, -0.870189], "extended": true, "handId": 706, "id": 7060, "length": 52.7418, "mcpPosition": [-1.96956, 115.079, 88.9319], "pipPosition": [25.3253, 131.861, 48.6485], "stabilizedTipPosition": [39.5574, 155.732, 40.0552], "timeVisible": 0.538199, "tipPosition": [45.1073, 137.406, -0.0956713], "tipVelocity": [28.1052, -44.0939, -44.211], "tool": false, "touchDistance": 0.0471178, "touchZone": "hovering", "type": 0, "width": 22.2408}, {"bases": [[[0.621292, -0.7452, -0.242226], [0.783574, 0.589762, 0.195429], [-0.00277772, -0.31122, 0.950334]], [[0.607339, -0.793392, -0.0408488], [0.736215, 0.542759, 0.404228], [-0.29854, -0.275577, 0.913746]], [[0.607339, -0.793392, -0.0408488], [0.786513, 0.593235, 0.171667], [-0.111966, -0.136388, 0.984308]], [[0.607339, -0.793392, -0.0408488], [0.781826, 0.60603, -0.146544], [0.141023, 0.0570653, 0.98836]]], "btipPosition": [-38.4488, 160.105, -68.3859], "carpPosition": [-24.9578, 122.165, 84.601], "dipPosition": [-40.8872, 161.092, -51.2965], "direction": [-0.111966, 0.136388, -0.984308], "extended": true, "handId": 706, "id": 7061, "length": 59.5133, "mcpPosition": [-25.1685, 145.774, 12.508], "pipPosition": [-38.1484, 157.756, -27.2199], "stabilizedTipPosition": [-38.6796, 172.799, -34.5471], "timeVisible": 0.538199, "tipPosition": [-33.7209, 162.233, -64.3855], "tipVelocity": [39.1747, -49.9069, -63.8155], "tool": false, "touchDistance": -0.183364, "touchZone": "touching", "type": 1, "width": 21.2444}, {"bases": [[[0.47246, -0.869944, -0.141348], [0.877079, 0.448311, 0.172481], [-0.0866807, -0.205464, 0.974818]], [[0.4562, -0.88985, -0.00692492], [0.852111, 0.434583, 0.291625], [-0.256493, -0.13894, 0.956508]], [[0.4562, -0.88985, -0.00692492], [0.886549, 0.455152, -0.0828722], [0.0768958, 0.0316671, 0.996536]], [[0.4562, -0.88985, -0.00692492], [0.812108, 0.4195, -0.405585], [0.363815, 0.179404, 0.914031]]], "btipPosition": [-43.754, 131.265, -81.5227], "carpPosition": [-34.1384, 114.029, 81.3244], "dipPosition": [-50.6729, 134.677, -64.1401], "direction": [0.0768958, -0.0316671, -0.996536], "extended": true, "handId": 706, "id": 7062, "length": 67.8106, "mcpPosition": [-40.3743, 128.811, 11.1952], "pipPosition": [-52.8858, 135.588, -35.4622], "stabilizedTipPosition": [-44.4508, 142.234, -60.2292], "timeVisible": 0.538199, "tipPosition": [-39.5698, 133.2, -76.6105], "tipVelocity": [24.355, -40.6645, -60.0028], "tool": false, "touchDistance": -0.192036, "touchZone": "touching", "type": 2, "width": 20.8648}, {"bases": [[[0.387083, -0.922001, -0.00895267], [0.905383, 0.378233, 0.192929], [-0.174494, -0.0827851, 0.981172]], [[0.376822, -0.925171, 0.0454154], [0.909762, 0.378875, 0.16967], [-0.17418, -0.0226181, 0.984454]], [[0.376822, -0.925171, 0.0454154], [0.9102, 0.360736, -0.203485], [0.171875, 0.118015, 0.978024]], [[0.376822, -0.925171, 0.0454154], [0.833966, 0.31752, -0.451311], [0.40312, 0.207939, 0.89121]]], "btipPosition": [-47.6874, 102.783, -73.279], "carpPosition": [-40.9816, 103.653, 78.8781], "dipPosition": [-55.3096, 106.715, -56.4278], "direction": [0.171875, -0.118015, -0.978024], "extended": true, "handId": 706, "id": 7063, "length": 65.2017, "mcpPosition": [-52.2524, 109.001, 15.5034], "pipPosition": [-60.1281, 110.023, -29.0094], "stabilizedTipPosition": [-43.817, 114.713, -43.9541], "timeVisible": 0.538199, "tipPosition": [-43.0357, 102.668, -67.3966], "tipVelocity": [0.736234, -22.0241, -60.0642], "tool": false, "touchDistance": -0.145245, "touchZone": "touching", "type": 3, "width": 19.8542}, {"bases": [[[0.209334, -0.975122, 0.072914], [0.93557, 0.221414, 0.275109], [-0.284409, 0.0106265, 0.958644]], [[0.190839, -0.972476, 0.133682], [0.977766, 0.200377, 0.0618338], [-0.0869186, 0.118909, 0.989093]], [[0.190839, -0.972476, 0.133682], [0.945313, 0.145372, -0.291975], [0.264506, 0.182091, 0.947037]], [[0.190839, -0.972476, 0.133682], [0.832114, 0.0880216, -0.547575], [0.520736, 0.215737, 0.826009]]], "btipPosition": [-47.5346, 76.8031, -48.3512], "carpPosition": [-41.7383, 89.061, 77.5142], "dipPosition": [-56.6181, 80.5664, -33.9426], "direction": [0.264506, -0.182091, -0.947037], "extended": true, "handId": 706, "id": 7064, "length": 51.1169, "mcpPosition": [-58.7434, 88.4256, 20.1959], "pipPosition": [-61.8536, 84.1706, -15.1974], "stabilizedTipPosition": [-45.8162, 85.3916, -24.7166], "timeVisible": 0.538199, "tipPosition": [-46.71, 75.5935, -43.2515], "tipVelocity": [-12.0658, -13.008, -57.78], "tool": false, "touchDistance": 0.00272618, "touchZone": "hovering", "type": 4, "width": 17.636}], "r": [[0.995414, 0.0821617, -0.0489889], [-0.0899293, 0.978335, -0.186476], [0.0326064, 0.190026, 0.981237]], "s": 1.05772, "t": [3.05555, -2.10855, -43.2104], "timestamp": 746845966971}, {"currentFrameRate": 114.841, "devices": [], "gestures": [], "hands": [{"armBasis": [[0.583762, -0.74101, -0.331853], [0.803051, 0.587216, 0.101425], [0.119712, -0.325703, 0.937863]], "armWidth": 68.6785, "confidence": 1, "direction": [-0.220668, 0.264075, -0.938919], "elbow": [-61.0063, 0.914815, 368.735], "grabAngle": 0.614369, "grabStrength": 0, "id": 706, "palmNormal": [0.772767, -0.540009, -0.333498], "palmPosition": [-32.9861, 116.842, 33.3063], "palmVelocity": [4.59183, -27.5271, -50.3693], "palmWidth": 93.8237, "pinchDistance": 94.0869, "pinchStrength": 0, "r": [[0.99517, 0.0849935, -0.0491154], [-0.0927855, 0.977782, -0.18797], [0.032048, 0.191619, 0.980946]], "s": 1.05769, "sphereCenter": [-15.1747, 57.6429, -19.978], "sphereRadius": 87.2687, "stabilizedPalmPosition": [-30.1286, 119.52, 77.0309], "t": [-2.98966, -2.34766, -43.6608], "timeVisible": 0.546876, "type": "left", "wrist": [-27.6773, 91.5933, 107.625]}], "id": 1306468, "interactionBox": {"center": [0, 200, 0], "size": [235.247, 235.247, 147.751]}, "pointables": [{"bases": [[[0.973708, 0.212949, 0.0809106], [-0.219454, 0.781599, 0.583904], [0.0611019, -0.586308, 0.807781]], [[0.804018, 0.483894, -0.345546], [-0.265927, 0.812409, 0.518917], [0.531825, -0.325328, 0.781872]], [[0.804018, 0.483894, -0.345546], [-0.366987, 0.861083, 0.351932], [0.467841, -0.156148, 0.869909]], [[0.804018, 0.483894, -0.345546], [-0.424988, 0.874106, 0.235211], [0.415861, -0.0422612, 0.908446]]], "btipPosition": [51.4254, 137.942, -3.27666], "carpPosition": [-1.94101, 114.808, 88.5001], "dipPosition": [41.576, 136.942, 18.2394], "direction": [0.467841, 0.156148, -0.869909], "extended": true, "handId": 706, "id": 7060, "length": 52.7418, "mcpPosition": [-1.94101, 114.808, 88.5001], "pipPosition": [25.4332, 131.554, 48.2554], "stabilizedTipPosition": [39.5981, 155.656, 39.8925], "timeVisible": 0.546876, "tipPosition": [45.2769, 136.883, -0.516829], "tipVelocity": [19.5057, -38.4621, -42.5714], "tool": false, "touchDistance": 0.0409613, "touchZone": "hovering", "type": 0, "width": 22.2408}, {"bases": [[[0.623696, -0.743475, -0.241347], [0.781665, 0.592555, 0.194621], [-0.00168455, -0.310037, 0.950723]], [[0.609733, -0.79167, -0.0385282], [0.735062, 0.546612, 0.401122], [-0.296496, -0.272898, 0.915214]], [[0.609733, -0.79167, -0.0385282], [0.78484, 0.596255, 0.168836], [-0.11069, -0.133184, 0.984891]], [[0.609733, -0.79167, -0.0385282], [0.779916, 0.607924, -0.14886], [0.141271, 0.0607163, 0.988107]]], "btipPosition": [-38.1894, 159.556, -68.9319], "carpPosition": [-24.9057, 121.964, 84.1583], "dipPosition": [-40.6321, 160.606, -51.8469], "direction": [-0.11069, 0.133184, -0.984891], "extended": true, "handId": 706, "id": 7061, "length": 59.5133, "mcpPosition": [-25.0335, 145.483, 12.0357], "pipPosition": [-37.9245, 157.348, -27.756], "stabilizedTipPosition": [-38.6814, 172.471, -35.3152], "timeVisible": 0.546876, "tipPosition": [-33.5984, 161.844, -64.8808], "tipVelocity": [29.7798, -61.622, -63.0423], "tool": false, "touchDistance": -0.192481, "touchZone": "touching", "type": 1, "width": 21.2444}, {"bases": [[[0.47528, -0.868577, -0.1403], [0.875629, 0.451381, 0.171842], [-0.0859296, -0.204524, 0.975083]], [[0.458979, -0.888433, -0.00508215], [0.851237, 0.43811, 0.288885], [-0.254428, -0.136918, 0.95735]], [[0.458979, -0.888433, -0.00508215], [0.885159, 0.457764, -0.0833371], [0.0763658, 0.0337514, 0.996508]], [[0.458979, -0.888433, -0.00508215], [0.810903, 0.421249, -0.406185], [0.363009, 0.182309, 0.913777]]], "btipPosition": [-43.6039, 130.808, -82.0106], "carpPosition": [-34.1125, 113.854, 80.891], "dipPosition": [-50.5074, 134.275, -64.6328], "direction": [0.0763658, -0.0337514, -0.996508], "extended": true, "handId": 706, "id": 7062, "length": 67.8106, "mcpPosition": [-40.2943, 128.567, 10.7428], "pipPosition": [-52.7051, 135.246, -35.9556], "stabilizedTipPosition": [-44.4774, 141.853, -60.8674], "timeVisible": 0.546876, "tipPosition": [-39.5151, 132.833, -77.076], "tipVelocity": [17.7068, -51.2154, -56.3522], "tool": false, "touchDistance": -0.200186, "touchZone": "touching", "type": 2, "width": 20.8648}, {"bases": [[[0.390084, -0.920746, -0.00783154], [0.904162, 0.381422, 0.192375], [-0.174142, -0.0821235, 0.98129]], [[0.379919, -0.923869, 0.046133], [0.908762, 0.382087, 0.167815], [-0.172666, -0.0218322, 0.984738]], [[0.379919, -0.923869, 0.046133], [0.909225, 0.36379, -0.202403], [0.170211, 0.118842, 0.978215]], [[0.379919, -0.923869, 0.046133], [0.834715, 0.320911, -0.447512], [0.398637, 0.208526, 0.893087]]], "btipPosition": [-47.7351, 102.514, -73.7613], "carpPosition": [-40.9893, 103.497, 78.4572], "dipPosition": [-55.2727, 106.457, -56.8746], "direction": [0.170211, -0.118842, -0.978215], "extended": true, "handId": 706, "id": 7063, "length": 65.2017, "mcpPosition": [-52.2372, 108.801, 15.0748], "pipPosition": [-60.0444, 109.789, -29.4509], "stabilizedTipPosition": [-43.8607, 114.626, -44.1549], "timeVisible": 0.546876, "tipPosition": [-43.0678, 102.341, -67.8271], "tipVelocity": [-3.25907, -30.692, -54.6438], "tool": false, "touchDistance": -0.153148, "touchZone": "touching", "type": 3, "width": 19.8542}, {"bases": [[[0.212515, -0.974343, 0.0741172], [0.934867, 0.224805, 0.274749], [-0.284362, 0.0109012, 0.958655]], [[0.194478, -0.971793, 0.133404], [0.977128, 0.203856, 0.0605333], [-0.0860209, 0.11858, 0.989211]], [[0.194478, -0.971793, 0.133404], [0.945201, 0.149298, -0.290354], [0.262247, 0.182561, 0.947575]], [[0.194478, -0.971793, 0.133404], [0.833649, 0.092077, -0.544565], [0.516921, 0.217118, 0.828041]]], "btipPosition": [-47.666, 76.6096, -48.8049], "carpPosition": [-41.7933, 88.9055, 77.1115], "dipPosition": [-56.6829, 80.397, -34.3608], "direction": [0.262247, -0.182561, -0.947575], "extended": true, "handId": 706, "id": 7064, "length": 51.1169, "mcpPosition": [-58.7956, 88.2537, 19.7925], "pipPosition": [-61.8737, 84.0105, -15.605], "stabilizedTipPosition": [-45.8162, 85.3916, -24.7166], "timeVisible": 0.546876, "tipPosition": [-46.8214, 75.3197, -43.6518], "tipVelocity": [-13.3752, -21.6609, -51.3491], "tool": false, "touchDistance": -0.0546997, "touchZone": "hovering", "type": 4, "width": 17.636}], "r": [[0.99517, 0.0849935, -0.0491154], [-0.0927855, 0.977782, -0.18797], [0.032048, 0.191619, 0.980946]], "s": 1.05769, "t": [2.98966, -2.34766, -43.6608], "timestamp": 746845975648}, {"currentFrameRate": 115.159, "devices": [], "gestures": [], "hands": [{"armBasis": [[0.585917, -0.740028, -0.330242], [0.801742, 0.588672, 0.103319], [0.117946, -0.325305, 0.938225]], "armWidth": 68.6785, "confidence": 1, "direction": [-0.219936, 0.264129, -0.939076], "elbow": [-60.5502, 0.850971, 368.42], "grabAngle": 0.61138, "grabStrength": 0, "id": 706, "palmNormal": [0.771675, -0.541802, -0.333119], "palmPosition": [-32.9841, 116.647, 32.8808], "palmVelocity": [0.24402, -23.9006, -52.2566], "palmWidth": 93.8237, "pinchDistance": 94.0638, "pinchStrength": 0, "r": [[0.99493, 0.0876781, -0.0492637], [-0.0954927, 0.977275, -0.189247], [0.0315513, 0.192992, 0.980693]], "s": 1.05751, "sphereCenter": [-14.7583, 56.6146, -20.5198], "sphereRadius": 87.9604, "stabilizedPalmPosition": [-30.1292, 119.519, 77.0208], "t": [-2.95572, -2.56452, -44.0987], "timeVisible": 0.555018, "type": "left", "wrist": [-27.7131, 91.4188, 107.21]}], "id": 1306469, "interactionBox": {"center": [0, 200, 0], "size": [235.247, 235.247, 147.751]}, "pointables": [{"bases": [[[0.973266, 0.215059, 0.0806397], [-0.221014, 0.781387, 0.583598], [0.0624973, -0.585818, 0.808029]], [[0.803083, 0.48534, -0.345693], [-0.266512, 0.811452, 0.520113], [0.532945, -0.325562, 0.781012]], [[0.803083, 0.48534, -0.345693], [-0.368309, 0.860368, 0.352301], [0.468409, -0.155605, 0.869701]], [[0.803083, 0.48534, -0.345693], [-0.425545, 0.87324, 0.237408], [0.417097, -0.0435506, 0.907818]]], "btipPosition": [51.5195, 137.73, -3.6293], "carpPosition": [-1.95339, 114.572, 88.0811], "dipPosition": [41.6408, 136.698, 17.8719], "direction": [0.468409, 0.155605, -0.869701], "extended": true, "handId": 706, "id": 7060, "length": 52.7418, "mcpPosition": [-1.95339, 114.572, 88.0811], "pipPosition": [25.4784, 131.329, 47.8807], "stabilizedTipPosition": [39.632, 155.592, 39.7569], "timeVisible": 0.555018, "tipPosition": [45.3738, 136.518, -0.910335], "tipVelocity": [10.7295, -26.9658, -43.7309], "tool": false, "touchDistance": 0.035027, "touchZone": "hovering", "type": 0, "width": 22.2408}, {"bases": [[[0.625236, -0.742251, -0.241131], [0.780436, 0.594306, 0.194217], [-0.000852092, -0.309619, 0.95086]], [[0.611248, -0.790571, -0.0370613], [0.734525, 0.549232, 0.39852], [-0.294703, -0.270817, 0.91641]], [[0.611248, -0.790571, -0.0370613], [0.783803, 0.598197, 0.166772], [-0.109676, -0.130988, 0.985299]], [[0.611248, -0.790571, -0.0370613], [0.778763, 0.609145, -0.149904], [0.141085, 0.0627664, 0.988006]]], "btipPosition": [-38.023, 159.156, -69.4288], "carpPosition": [-24.902, 121.774, 83.732], "dipPosition": [-40.4624, 160.241, -52.3456], "direction": [-0.109676, 0.130988, -0.985299], "extended": true, "handId": 706, "id": 7061, "length": 59.5133, "mcpPosition": [-24.9666, 145.262, 11.599], "pipPosition": [-37.7797, 157.037, -28.2447], "stabilizedTipPosition": [-38.6792, 172.175, -35.9986], "timeVisible": 0.555018, "tipPosition": [-33.5442, 161.581, -65.3284], "tipVelocity": [20.5309, -48.2076, -61.083], "tool": false, "touchDistance": -0.20077, "touchZone": "touching", "type": 1, "width": 21.2444}, {"bases": [[[0.477104, -0.867624, -0.140002], [0.874696, 0.453322, 0.171484], [-0.0853174, -0.204275, 0.975189]], [[0.460795, -0.887496, -0.00427643], [0.850768, 0.440343, 0.286864], [-0.252708, -0.135824, 0.957962]], [[0.460795, -0.887496, -0.00427643], [0.884319, 0.459542, -0.0824698], [0.0751569, 0.0342199, 0.996584]], [[0.460795, -0.887496, -0.00427643], [0.81056, 0.422801, -0.405255], [0.361471, 0.183273, 0.914194]]], "btipPosition": [-43.553, 130.534, -82.4825], "carpPosition": [-34.1255, 113.683, 80.4667], "dipPosition": [-50.4272, 134.019, -65.0968], "direction": [0.0751569, -0.0342199, -0.996584], "extended": true, "handId": 706, "id": 7062, "length": 67.8106, "mcpPosition": [-40.2633, 128.378, 10.3108], "pipPosition": [-52.5901, 135.004, -36.4174], "stabilizedTipPosition": [-44.4958, 141.559, -61.3595], "timeVisible": 0.555018, "tipPosition": [-39.483, 132.599, -77.5138], "tipVelocity": [7.08335, -33.1634, -57.7362], "tool": false, "touchDistance": -0.208021, "touchZone": "touching", "type": 2, "width": 20.8648}, {"bases": [[[0.392044, -0.919916, -0.00749514], [0.903382, 0.383433, 0.192043], [-0.173789, -0.0820602, 0.981358]], [[0.382044, -0.923012, 0.0457296], [0.908096, 0.384131, 0.166748], [-0.171476, -0.022178, 0.984939]], [[0.382044, -0.923012, 0.0457296], [0.90875, 0.366225, -0.200131], [0.167976, 0.118016, 0.978701]], [[0.382044, -0.923012, 0.0457296], [0.836, 0.324091, -0.442798], [0.393887, 0.207398, 0.895455]]], "btipPosition": [-47.8456, 102.413, -74.2542], "carpPosition": [-41.0239, 103.34, 78.0361], "dipPosition": [-55.2934, 106.334, -57.3227], "direction": [0.167976, -0.118016, -0.978701], "extended": true, "handId": 706, "id": 7063, "length": 65.2017, "mcpPosition": [-52.249, 108.64, 14.6494], "pipPosition": [-60.0025, 109.643, -29.8854], "stabilizedTipPosition": [-43.8931, 114.562, -44.3037], "timeVisible": 0.555018, "tipPosition": [-43.139, 102.134, -68.2677], "tipVelocity": [-11.0349, -13.0665, -59.267], "tool": false, "touchDistance": -0.16119, "touchZone": "touching", "type": 3, "width": 19.8542}, {"bases": [[[0.214605, -0.973855, 0.0745095], [0.934435, 0.226919, 0.27448], [-0.284211, 0.0107194, 0.958702]], [[0.197164, -0.971457, 0.131901], [0.976632, 0.206366, 0.060032], [-0.0855384, 0.116983, 0.989443]], [[0.197164, -0.971457, 0.131901], [0.945506, 0.152863, -0.287492], [0.259123, 0.181397, 0.948657]], [[0.197164, -0.971457, 0.131901], [0.835923, 0.096292, -0.540334], [0.51221, 0.216794, 0.831048]]], "btipPosition": [-47.8492, 76.55, -49.3046], "carpPosition": [-41.8588, 88.7491, 76.6968], "dipPosition": [-56.784, 80.3317, -34.8081], "direction": [0.259123, -0.181397, -0.948657], "extended": true, "handId": 706, "id": 7064, "length": 51.1169, "mcpPosition": [-58.8521, 88.1082, 19.375], "pipPosition": [-61.9129, 83.9221, -16.0308], "stabilizedTipPosition": [-45.8162, 85.3916, -24.7166], "timeVisible": 0.555018, "tipPosition": [-46.9299, 75.148, -44.0842], "tipVelocity": [-20.1796, -7.48653, -59.8903], "tool": false, "touchDistance": -0.0628269, "touchZone": "hovering", "type": 4, "width": 17.636}], "r": [[0.99493, 0.0876781, -0.0492637], [-0.0954927, 0.977275, -0.189247], [0.0315513, 0.192992, 0.980693]], "s": 1.05751, "t": [2.95572, -2.56452, -44.0987], "timestamp": 746845983790}, {"currentFrameRate": 115.173, "devices": [], "gestures": [], "hands": [{"armBasis": [[0.587648, -0.739481, -0.328386], [0.80076, 0.589705, 0.105028], [0.115985, -0.324677, 0.938686]], "armWidth": 68.6785, "confidence": 1, "direction": [-0.219219, 0.263999, -0.93928], "elbow": [-60.0324, 0.856332, 368.112], "grabAngle": 0.607827, "grabStrength": 0, "id": 706, "palmNormal": [0.770915, -0.543202, -0.332599], "palmPosition": [-32.9797, 116.447, 32.4314], "palmVelocity": [0.51041, -23.1185, -51.897], "palmWidth": 93.8237, "pinchDistance": 94.022, "pinchStrength": 0, "r": [[0.994701, 0.0901371, -0.0494569], [-0.0979809, 0.976812, -0.190362], [0.0311514, 0.194199, 0.980467]], "s": 1.0572, "sphereCenter": [-14.3328, 55.6358, -21.0758], "sphereRadius": 88.6213, "stabilizedPalmPosition": [-30.1299, 119.519, 77.011], "t": [-2.93654, -2.77305, -44.5424], "timeVisible": 0.563678, "type": "left", "wrist": [-27.7412, 91.2494, 106.774]}], "id": 1306470, "interactionBox": {"center": [0, 200, 0], "size": [235.247, 235.247, 147.751]}, "pointables": [{"bases": [[[0.972947, 0.216651, 0.0802226], [-0.222076, 0.781333, 0.583268], [0.0636852, -0.585305, 0.808309]], [[0.80243, 0.486279, -0.345888], [-0.26667, 0.810735, 0.521148], [0.533847, -0.325947, 0.780235]], [[0.80243, 0.486279, -0.345888], [-0.36918, 0.85992, 0.352484], [0.468841, -0.155149, 0.86955]], [[0.80243, 0.486279, -0.345888], [-0.425684, 0.872655, 0.239302], [0.418208, -0.0447844, 0.907246]]], "btipPosition": [51.5909, 137.542, -4.00912], "carpPosition": [-1.9697, 114.351, 87.6425], "dipPosition": [41.6858, 136.481, 17.4785], "direction": [0.468841, 0.155149, -0.86955], "extended": true, "handId": 706, "id": 7060, "length": 52.7418, "mcpPosition": [-1.9697, 114.351, 87.6425], "pipPosition": [25.5086, 131.128, 47.4822], "stabilizedTipPosition": [