{"frames": 99, "data": [{"currentFrameRate": 115.149, "devices": [], "gestures": [], "hands": [{"armBasis": [[0.537105, -0.628363, -0.562742], [0.838106, 0.472973, 0.271799], [0.0953734, -0.617622, 0.780671]], "armWidth": 65.9859, "confidence": 1, "direction": [-0.281352, 0.227989, -0.932128], "elbow": [-53.3428, -82.1712, 315.235], "grabAngle": 0.82477, "grabStrength": 0, "id": 706, "palmNormal": [0.816037, -0.454244, -0.357415], "palmPosition": [-37.538, 110.604, 34.3446], "palmVelocity": [0.665364, -4.74298, -6.23032], "palmWidth": 90.7953, "pinchDistance": 93.2331, "pinchStrength": 0, "r": [[0.99925, -0.0186821, -0.0339221], [0.00953569, 0.967671, -0.252037], [0.037534, 0.251524, 0.967123]], "s": 1.07076, "sphereCenter": [-16.2393, 67.0547, -16.6457], "sphereRadius": 76.4821, "stabilizedPalmPosition": [-36.1456, 112.765, 35.5152], "t": [-7.47621, -8.78974, -43.0239], "timeVisible": 4.94303, "type": "left", "wrist": [-27.6471, 84.2298, 104.905]}], "id": 1306967, "interactionBox": {"center": [0, 200, 0], "size": [235.247, 235.247, 147.751]}, "pointables": [{"bases": [[[0.987957, 0.104228, 0.114356], [-0.151199, 0.807265, 0.570493], [-0.0328541, -0.580913, 0.813302]], [[0.856851, 0.394804, -0.331566], [-0.1874, 0.837626, 0.513092], [0.480299, -0.377507, 0.791708]], [[0.856851, 0.394804, -0.331566], [-0.263555, 0.888156, 0.376455], [0.443108, -0.23518, 0.86507]], [[0.856851, 0.394804, -0.331566], [-0.326983, 0.91337, 0.242564], [0.398608, -0.0994244, 0.911716]]], "btipPosition": [42.9398, 141.784, -4.0197], "carpPosition": [-5.61778, 112.552, 86.6574], "dipPosition": [33.5359, 139.439, 17.4894], "direction": [0.443108, 0.23518, -0.86507], "extended": true, "handId": 706, "id": 7060, "length": 52.5357, "mcpPosition": [-5.61778, 112.552, 86.6574], "pipPosition": [18.3063, 131.356, 47.2219], "stabilizedTipPosition": [42.3941, 143.006, 2.12008], "timeVisible": 4.94303, "tipPosition": [41.9922, 143.026, 2.48021], "tipVelocity": [-2.30308, 0.50655, -4.03158], "tool": false, "touchDistance": -0.291328, "touchZone": "touching", "type": 0, "width": 21.3053}, {"bases": [[[0.544972, -0.810704, -0.213924], [0.835577, 0.504008, 0.218602], [-0.069402, -0.297882, 0.952076]], [[0.527965, -0.846704, -0.0659177], [0.779063, 0.45196, 0.434504], [-0.338104, -0.280757, 0.898255]], [[0.527965, -0.846704, -0.0659177], [0.845607, 0.516907, 0.133252], [-0.078752, -0.126093, 0.988888]], [[0.527965, -0.846704, -0.0659177], [0.812899, 0.526302, -0.249401], [0.245861, 0.0780907, 0.966154]]], "btipPosition": [-46.0294, 152.672, -66.3205], "carpPosition": [-28.6075, 116.918, 83.2095], "dipPosition": [-50.2639, 154.017, -49.6803], "direction": [-0.078752, 0.126093, -0.988888], "extended": true, "handId": 706, "id": 7061, "length": 59.2807, "mcpPosition": [-33.7025, 138.786, 13.3155], "pipPosition": [-48.3451, 150.945, -25.5862], "stabilizedTipPosition": [-47.1544, 154.613, -61.9483], "timeVisible": 4.94303, "tipPosition": [-48.1511, 155.372, -61.5763], "tipVelocity": [3.36981, -2.28994, -4.54602], "tool": false, "touchDistance": -0.289229, "touchZone": "touching", "type": 1, "width": 20.3508}, {"bases": [[[0.380101, -0.917459, -0.117439], [0.913955, 0.353031, 0.200138], [-0.142159, -0.183407, 0.972704]], [[0.359663, -0.933076, 0.00344386], [0.881005, 0.340802, 0.328153], [-0.307366, -0.11499, 0.944618]], [[0.359663, -0.933076, 0.00344386], [0.921097, 0.354451, -0.161071], [0.149071, 0.0611035, 0.986937]], [[0.359663, -0.933076, 0.00344386], [0.759451, 0.290589, -0.582059], [0.542104, 0.21196, 0.813139]]], "btipPosition": [-46.9806, 120.684, -76.889], "carpPosition": [-36.6917, 108.095, 80.421], "dipPosition": [-57.2498, 124.699, -61.4855], "direction": [0.149071, -0.0611035, -0.986937], "extended": true, "handId": 706, "id": 7062, "length": 67.5456, "mcpPosition": [-46.5886, 120.864, 12.7026], "pipPosition": [-61.5229, 126.451, -33.1947], "stabilizedTipPosition": [-49.7818, 122.743, -73.1228], "timeVisible": 4.94303, "tipPosition": [-54.0308, 123.124, -73.478], "tipVelocity": [5.14395, -1.13781, -5.72666], "tool": false, "touchDistance": -0.286793, "touchZone": "touching", "type": 2, "width": 19.9872}, {"bases": [[[0.285052, -0.958434, 0.0122311], [0.933779, 0.280554, 0.222142], [-0.21634, -0.0519008, 0.974938]], [[0.265065, -0.959304, 0.0973463], [0.939798, 0.279611, 0.196463], [-0.215687, 0.0394104, 0.975667]], [[0.265065, -0.959304, 0.0973463], [0.920632, 0.221772, -0.321331], [0.286665, 0.174794, 0.94195]], [[0.265065, -0.959304, 0.0973463], [0.748754, 0.141168, -0.647641], [0.607542, 0.244555, 0.755702]]], "btipPosition": [-46.055, 89.3527, -67.0477], "carpPosition": [-42.2659, 97.3707, 78.3719], "dipPosition": [-57.4976, 93.9587, -52.8146], "direction": [0.286665, -0.174794, -0.94195], "extended": true, "handId": 706, "id": 7063, "length": 64.9469, "mcpPosition": [-55.7884, 100.615, 17.4325], "pipPosition": [-65.5027, 98.8398, -26.5107], "stabilizedTipPosition": [-49.4881, 93.639, -63.5526], "timeVisible": 4.94303, "tipPosition": [-53.9795, 89.849, -64.5003], "tipVelocity": [3.35392, 1.43594, -7.5206], "tool": false, "touchDistance": 0.164981, "touchZone": "hovering", "type": 3, "width": 19.0191}, {"bases": [[[0.0998652, -0.991092, 0.0881138], [0.943941, 0.122372, 0.306595], [-0.314646, 0.0525561, 0.947753]], [[0.0515069, -0.971976, 0.229369], [0.991539, 0.0771739, 0.104374], [-0.11915, 0.222052, 0.967727]], [[0.0515069, -0.971976, 0.229369], [0.9327, -0.0352742, -0.358924], [0.356957, 0.232419, 0.904745]], [[0.0515069, -0.971976, 0.229369], [0.73979, -0.11715, -0.662561], [0.670864, 0.203811, 0.713024]]], "btipPosition": [-45.2684, 64.1588, -42.3671], "carpPosition": [-41.5101, 83.2383, 77.1916], "dipPosition": [-56.925, 67.7001, -29.978], "direction": [0.356957, -0.232419, -0.904745], "extended": true, "handId": 706, "id": 7064, "length": 50.9172, "mcpPosition": [-59.7159, 80.1973, 22.3535], "pipPosition": [-63.9628, 72.2825, -12.1399], "stabilizedTipPosition": [-47.0202, 66.4074, -38.8065], "timeVisible": 4.94303, "tipPosition": [-51.1457, 61.4466, -39.2796], "tipVelocity": [2.61586, 1.20159, -9.01439], "tool": false, "touchDistance": 0.146675, "touchZone": "hovering", "type": 4, "width": 16.8942}], "r": [[0.99925, -0.0186821, -0.0339221], [0.00953569, 0.967671, -0.252037], [0.037534, 0.251524, 0.967123]], "s": 1.07076, "t": [7.47621, -8.78974, -43.0239], "timestamp": 746850371800}, {"currentFrameRate": 115.158, "devices": [], "gestures": [], "hands": [{"armBasis": [[0.536573, -0.626574, -0.565238], [0.838215, 0.473058, 0.271315], [0.0973915, -0.619371, 0.779034]], "armWidth": 65.9859, "confidence": 1, "direction": [-0.281239, 0.228368, -0.932069], "elbow": [-53.8967, -82.759, 314.719], "grabAngle": 0.82526, "grabStrength": 0, "id": 706, "palmNormal": [0.816031, -0.454182, -0.357507], "palmPosition": [-37.5185, 110.536, 34.2862], "palmVelocity": [2.24882, -7.91024, -6.73415], "palmWidth": 90.7953, "pinchDistance": 93.2188, "pinchStrength": 0, "r": [[0.999256, -0.0183848, -0.0338954], [0.00925213, 0.967658, -0.252097], [0.0374339, 0.251596, 0.967108]], "s": 1.0704, "sphereCenter": [-16.2199, 67.0072, -16.7167], "sphereRadius": 76.4776, "stabilizedPalmPosition": [-36.1514, 112.756, 35.51], "t": [-7.46619, -8.84142, -43.0776], "timeVisible": 4.9517, "type": "left", "wrist": [-27.6573, 84.1133, 104.83]}], "id": 1306968, "interactionBox": {"center": [0, 200, 0], "size": [235.247, 235.247, 147.751]}, "pointables": [{"bases": [[[0.987959, 0.104274, 0.114298], [-0.151216, 0.807035, 0.570814], [-0.0327212, -0.581224, 0.813085]], [[0.85691, 0.394894, -0.331307], [-0.187326, 0.837357, 0.513559], [0.480224, -0.378011, 0.791513]], [[0.85691, 0.394894, -0.331307], [-0.263521, 0.888, 0.376846], [0.443015, -0.235616, 0.864999]], [[0.85691, 0.394894, -0.331307], [-0.326989, 0.913295, 0.24284], [0.398477, -0.099758, 0.911737]]], "btipPosition": [42.9443, 141.741, -4.06252], "carpPosition": [-5.60328, 112.46, 86.6029], "dipPosition": [33.5435, 139.387, 17.4471], "direction": [0.443015, 0.235616, -0.864999], "extended": true, "handId": 706, "id": 7060, "length": 52.5357, "mcpPosition": [-5.60328, 112.46, 86.6029], "pipPosition": [18.317, 131.289, 47.1771], "stabilizedTipPosition": [42.3782, 142.988, 2.10791], "timeVisible": 4.9517, "tipPosition": [42.0155, 142.959, 2.43916], "tipVelocity": [0.59702, -5.20663, -4.92721], "tool": false, "touchDistance": -0.291169, "touchZone": "touching", "type": 0, "width": 21.3053}, {"bases": [[[0.545024, -0.810574, -0.214286], [0.835553, 0.504001, 0.218711], [-0.069281, -0.29825, 0.95197]], [[0.528019, -0.846649, -0.0661864], [0.779035, 0.451872, 0.434645], [-0.338084, -0.281063, 0.898166]], [[0.528019, -0.846649, -0.0661864], [0.845608, 0.516974, 0.132985], [-0.0783751, -0.126186, 0.988906]], [[0.528019, -0.846649, -0.0661864], [0.812698, 0.52638, -0.24989], [0.246408, 0.078157, 0.96601]]], "btipPosition": [-45.9858, 152.626, -66.3619], "carpPosition": [-28.5923, 116.83, 83.1544], "dipPosition": [-50.2297, 153.972, -49.7242], "direction": [-0.0783751, 0.126186, -0.988906], "extended": true, "handId": 706, "id": 7061, "length": 59.2807, "mcpPosition": [-33.6784, 138.725, 13.2682], "pipPosition": [-48.3201, 150.897, -25.6297], "stabilizedTipPosition": [-47.1496, 154.571, -61.9632], "timeVisible": 4.9517, "tipPosition": [-48.1167, 155.338, -61.6198], "tipVelocity": [4.77713, -5.34239, -4.84544], "tool": false, "touchDistance": -0.289269, "touchZone": "touching", "type": 1, "width": 20.3508}, {"bases": [[[0.380173, -0.91738, -0.117825], [0.913943, 0.353038, 0.200182], [-0.142046, -0.183789, 0.972648]], [[0.359748, -0.933044, 0.00305094], [0.881011, 0.340759, 0.32818], [-0.307246, -0.115374, 0.94461]], [[0.359748, -0.933044, 0.00305094], [0.920984, 0.35457, -0.161455], [0.149563, 0.0608929, 0.986875]], [[0.359748, -0.933044, 0.00305094], [0.759076, 0.290767, -0.582459], [0.542573, 0.211854, 0.812855]]], "btipPosition": [-46.9293, 120.651, -76.9368], "carpPosition": [-36.677, 108.009, 80.3617], "dipPosition": [-57.2073, 124.665, -61.5387], "direction": [0.149563, -0.0608929, -0.986875], "extended": true, "handId": 706, "id": 7062, "length": 67.5456, "mcpPosition": [-46.566, 120.804, 12.6473], "pipPosition": [-61.4946, 126.41, -33.2497], "stabilizedTipPosition": [-49.7673, 122.709, -73.1309], "timeVisible": 4.9517, "tipPosition": [-53.9931, 123.095, -73.533], "tipVelocity": [5.68655, -3.84255, -5.66177], "tool": false, "touchDistance": -0.287183, "touchZone": "touching", "type": 2, "width": 19.9872}, {"bases": [[[0.28514, -0.958413, 0.0118393], [0.933775, 0.280554, 0.222156], [-0.216239, -0.0522903, 0.974939]], [[0.265229, -0.959326, 0.0966843], [0.939747, 0.279637, 0.196667], [-0.215705, 0.038697, 0.975692]], [[0.265229, -0.959326, 0.0966843], [0.920472, 0.222077, -0.321579], [0.287028, 0.174287, 0.941934]], [[0.265229, -0.959326, 0.0966843], [0.748405, 0.141612, -0.647947], [0.607901, 0.244213, 0.755524]]], "btipPosition": [-46.0187, 89.3449, -67.109], "carpPosition": [-42.2519, 97.2859, 78.308], "dipPosition": [-57.4681, 93.9445, -52.8792], "direction": [0.287028, -0.174287, -0.941934], "extended": true, "handId": 706, "id": 7063, "length": 64.9469, "mcpPosition": [-55.7682, 100.554, 17.3685], "pipPosition": [-65.4833, 98.8115, -26.5757], "stabilizedTipPosition": [-49.4847, 93.6257, -63.5538], "timeVisible": 4.9517, "tipPosition": [-53.9441, 89.8203, -64.567], "tipVelocity": [4.01111, -1.06858, -7.15631], "tool": false, "touchDistance": 0.163947, "touchZone": "hovering", "type": 3, "width": 19.0191}, {"bases": [[[0.0999636, -0.991116, 0.0877279], [0.94396, 0.122341, 0.306548], [-0.314557, 0.052168, 0.947804]], [[0.0517841, -0.97216, 0.228523], [0.99152, 0.0773609, 0.10442], [-0.119191, 0.221178, 0.967922]], [[0.0517841, -0.97216, 0.228523], [0.932542, -0.034805, -0.359381], [0.357329, 0.231718, 0.904778]], [[0.0517841, -0.97216, 0.228523], [0.739412, -0.116487, -0.6631], [0.671259, 0.203311, 0.712794]]], "btipPosition": [-45.2377, 64.1505, -42.4428], "carpPosition": [-41.4973, 83.1538, 77.1224], "dipPosition": [-56.9012, 67.6831, -30.0577], "direction": [0.357329, -0.231718, -0.904778], "extended": true, "handId": 706, "id": 7064, "length": 50.9172, "mcpPosition": [-59.6979, 80.1353, 22.2814], "pipPosition": [-63.9464, 72.2517, -12.2189], "stabilizedTipPosition": [-47.022, 66.4044, -38.8081], "timeVisible": 4.9517, "tipPosition": [-51.117, 61.4143, -39.3585], "tipVelocity": [3.35562, -1.18911, -8.84103], "tool": false, "touchDistance": 0.145398, "touchZone": "hovering", "type": 4, "width": 16.8942}], "r": [[0.999256, -0.0183848, -0.0338954], [0.00925213, 0.967658, -0.252097], [0.0374339, 0.251596, 0.967108]], "s": 1.0704, "t": [7.46619, -8.84142, -43.0776], "timestamp": 746850380468}, {"currentFrameRate": 115.153, "devices": [], "gestures": [], "hands": [{"armBasis": [[0.535722, -0.625369, -0.567375], [0.838521, 0.473114, 0.270268], [0.0994161, -0.620545, 0.777843]], "armWidth": 65.9859, "confidence": 1, "direction": [-0.281152, 0.228467, -0.932071], "elbow": [-54.4815, -83.1233, 314.344], "grabAngle": 0.825779, "grabStrength": 0, "id": 706, "palmNormal": [0.81613, -0.454033, -0.357471], "palmPosition": [-37.5306, 110.512, 34.2395], "palmVelocity": [-1.38611, -2.75218, -5.37248], "palmWidth": 90.7953, "pinchDistance": 93.216, "pinchStrength": 0, "r": [[0.99926, -0.01817, -0.0338992], [0.00904241, 0.967654, -0.252118], [0.0373837, 0.251625, 0.967102]], "s": 1.07006, "sphereCenter": [-16.2519, 67.0185, -16.7617], "sphereRadius": 76.4534, "stabilizedPalmPosition": [-36.1561, 112.748, 35.5057], "t": [-7.46721, -8.87923, -43.1278], "timeVisible": 4.96039, "type": "left", "wrist": [-27.6966, 84.0652, 104.775]}], "id": 1306969, "interactionBox": {"center": [0, 200, 0], "size": [235.247, 235.247, 147.751]}, "pointables": [{"bases": [[[0.987986, 0.104138, 0.114191], [-0.151049, 0.806972, 0.570947], [-0.0326914, -0.581336, 0.813007]], [[0.85698, 0.394781, -0.33126], [-0.187081, 0.837253, 0.513817], [0.480194, -0.378359, 0.791365]], [[0.85698, 0.394781, -0.33126], [-0.263373, 0.888006, 0.376935], [0.442968, -0.235781, 0.864978]], [[0.85698, 0.394781, -0.33126], [-0.326907, 0.913344, 0.242766], [0.398394, -0.0997547, 0.911774]]], "btipPosition": [42.9205, 141.736, -4.09785], "carpPosition": [-5.62198, 112.433, 86.5604], "dipPosition": [33.5216, 139.383, 17.4127], "direction": [0.442968, 0.235781, -0.864978], "extended": true, "handId": 706, "id": 7060, "length": 52.5357, "mcpPosition": [-5.62198, 112.433, 86.5604], "pipPosition": [18.2968, 131.279, 47.1419], "stabilizedTipPosition": [42.3652, 142.974, 2.0978], "timeVisible": 4.96039, "tipPosition": [42.0024, 142.948, 2.40549], "tipVelocity": [-2.68751, -0.533491, -4.04075], "tool": false, "touchDistance": -0.290912, "touchZone": "touching", "type": 0, "width": 21.3053}, {"bases": [[[0.5449, -0.810609, -0.214468], [0.83564, 0.503869, 0.21868], [-0.0692, -0.298377, 0.951936]], [[0.527891, -0.846724, -0.066256], [0.779071, 0.451692, 0.434767], [-0.3382, -0.281128, 0.898102]], [[0.527891, -0.846724, -0.066256], [0.845724, 0.516895, 0.132555], [-0.0779901, -0.126009, 0.988959]], [[0.527891, -0.846724, -0.066256], [0.812599, 0.526221, -0.250547], [0.24701, 0.0784219, 0.965834]]], "btipPosition": [-45.984, 152.599, -66.3996], "carpPosition": [-28.6111, 116.8, 83.1097], "dipPosition": [-50.2383, 153.95, -49.765], "direction": [-0.0779901, 0.126009, -0.988959], "extended": true, "handId": 706, "id": 7061, "length": 59.2807, "mcpPosition": [-33.6912, 138.705, 13.226], "pipPosition": [-48.338, 150.88, -25.6691], "stabilizedTipPosition": [-47.1459, 154.538, -61.9753], "timeVisible": 4.96039, "tipPosition": [-48.1212, 155.324, -61.6624], "tipVelocity": [-0.0616808, -2.93122, -4.41917], "tool": false, "touchDistance": -0.289252, "touchZone": "touching", "type": 1, "width": 20.3508}, {"bases": [[[0.380048, -0.917409, -0.118002], [0.91401, 0.352899, 0.20012], [-0.141949, -0.18391, 0.972639]], [[0.359638, -0.933088, 0.0028655], [0.881029, 0.340581, 0.328319], [-0.307326, -0.115551, 0.944563]], [[0.359638, -0.933088, 0.0028655], [0.920975, 0.354473, -0.16172], [0.149883, 0.0607997, 0.986833]], [[0.359638, -0.933088, 0.0028655], [0.758767, 0.29066, -0.582915], [0.543077, 0.211812, 0.812528]]], "btipPosition": [-46.925, 120.641, -76.9734], "carpPosition": [-36.6944, 107.979, 80.3148], "dipPosition": [-57.2127, 124.654, -61.5815], "direction": [0.149883, -0.0607997, -0.986832], "extended": true, "handId": 706, "id": 7062, "length": 67.5456, "mcpPosition": [-46.5766, 120.782, 12.6009], "pipPosition": [-61.5091, 126.397, -33.2938], "stabilizedTipPosition": [-49.7574, 122.685, -73.1372], "timeVisible": 4.96039, "tipPosition": [-53.9907, 123.084, -73.5799], "tipVelocity": [0.234123, -1.15626, -4.37733], "tool": false, "touchDistance": -0.287369, "touchZone": "touching", "type": 2, "width": 19.9872}, {"bases": [[[0.285026, -0.958449, 0.0116679], [0.933836, 0.28041, 0.222081], [-0.216125, -0.052403, 0.974958]], [[0.265201, -0.959381, 0.0962063], [0.939717, 0.279519, 0.196982], [-0.215873, 0.0381666, 0.975675]], [[0.265201, -0.959381, 0.0962063], [0.92038, 0.222151, -0.321791], [0.287348, 0.173886, 0.94191]], [[0.265201, -0.959381, 0.0962063], [0.747998, 0.141749, -0.648387], [0.608413, 0.243915, 0.755208]]], "btipPosition": [-46.0164, 89.3619, -67.152], "carpPosition": [-42.2678, 97.2551, 78.2589], "dipPosition": [-57.4755, 93.9559, -52.9281], "direction": [0.287348, -0.173886, -0.94191], "extended": true, "handId": 706, "id": 7063, "length": 64.9469, "mcpPosition": [-55.7769, 100.531, 17.3182], "pipPosition": [-65.4996, 98.8116, -26.6254], "stabilizedTipPosition": [-49.4822, 93.6161, -63.5548], "timeVisible": 4.96039, "tipPosition": [-53.9317, 89.8096, -64.6173], "tipVelocity": [0.00318782, 1.80621, -5.10664], "tool": false, "touchDistance": 0.163207, "touchZone": "hovering", "type": 3, "width": 19.0191}, {"bases": [[[0.099855, -0.991141, 0.0875746], [0.944013, 0.122184, 0.30645], [-0.314435, 0.052071, 0.94785]], [[0.051864, -0.972302, 0.227899], [0.991509, 0.0773832, 0.104503], [-0.119244, 0.220544, 0.96806]], [[0.051864, -0.972302, 0.227899], [0.932392, -0.0345964, -0.35979], [0.357709, 0.231151, 0.904773]], [[0.051864, -0.972302, 0.227899], [0.738973, -0.116136, -0.66365], [0.671736, 0.202831, 0.712482]]], "btipPosition": [-45.2308, 64.1677, -42.496], "carpPosition": [-41.5113, 83.1233, 77.0713], "dipPosition": [-56.9025, 67.692, -30.1163], "direction": [0.357709, -0.231151, -0.904773], "extended": true, "handId": 706, "id": 7064, "length": 50.9172, "mcpPosition": [-59.7048, 80.1104, 22.2277], "pipPosition": [-63.9552, 72.2494, -12.2776], "stabilizedTipPosition": [-47.0234, 66.4023, -38.8094], "timeVisible": 4.96039, "tipPosition": [-51.1077, 61.4064, -39.4143], "tipVelocity": [0.581668, 1.75895, -6.25683], "tool": false, "touchDistance": 0.144491, "touchZone": "hovering", "type": 4, "width": 16.8942}], "r": [[0.99926, -0.01817, -0.0338992], [0.00904241, 0.967654, -0.252118], [0.0373837, 0.251625, 0.967102]], "s": 1.07006, "t": [7.46721, -8.87923, -43.1278], "timestamp": 746850389162}, {"currentFrameRate": 115.178, "devices": [], "gestures": [], "hands": [{"armBasis": [[0.534493, -0.624778, -0.569184], [0.839069, 0.473052, 0.268672], [0.101394, -0.621188, 0.777075]], "armWidth": 65.9859, "confidence": 1, "direction": [-0.280886, 0.228397, -0.932169], "elbow": [-55.0518, -83.3286, 314.111], "grabAngle": 0.825653, "grabStrength": 0, "id": 706, "palmNormal": [0.816428, -0.453726, -0.357181], "palmPosition": [-37.5303, 110.488, 34.2132], "palmVelocity": [0.033293, -2.76785, -3.04858], "palmWidth": 90.7953, "pinchDistance": 93.2229, "pinchStrength": 0, "r": [[0.999259, -0.0180703, -0.0339771], [0.00892573, 0.967652, -0.252129], [0.0374341, 0.251639, 0.967097]], "s": 1.06979, "sphereCenter": [-16.2596, 67.0371, -16.7804], "sphereRadius": 76.4297, "stabilizedPalmPosition": [-36.1601, 112.742, 35.5019], "t": [-7.46757, -8.91009, -43.166], "timeVisible": 4.96903, "type": "left", "wrist": [-27.7341, 84.0332, 104.749]}], "id": 1306970, "interactionBox": {"center": [0, 200, 0], "size": [235.247, 235.247, 147.751]}, "pointables": [{"bases": [[[0.988066, 0.103777, 0.113824], [-0.150543, 0.807007, 0.571031], [-0.0325971, -0.581352, 0.812999]], [[0.857015, 0.394468, -0.331542], [-0.186468, 0.837213, 0.514106], [0.48037, -0.378775, 0.791059]], [[0.857015, 0.394468, -0.331542], [-0.262934, 0.888108, 0.377001], [0.44316, -0.235922, 0.864841]], [[0.857015, 0.394468, -0.331542], [-0.326562, 0.913481, 0.242715], [0.398601, -0.0997412, 0.911685]]], "btipPosition": [42.9207, 141.747, -4.09013], "carpPosition": [-5.64199, 112.419, 86.5461], "dipPosition": [33.517, 139.394, 17.4183], "direction": [0.44316, 0.235922, -0.864841], "extended": true, "handId": 706, "id": 7060, "length": 52.5357, "mcpPosition": [-5.64199, 112.419, 86.5461], "pipPosition": [18.2856, 131.286, 47.1428], "stabilizedTipPosition": [42.3522, 142.96, 2.08777], "timeVisible": 4.96903, "tipPosition": [42.0023, 142.953, 2.4093], "tipVelocity": [-0.0996268, 1.29577, 0.837589], "tool": false, "touchDistance": -0.290046, "touchZone": "touching", "type": 0, "width": 21.3053}, {"bases": [[[0.544527, -0.810799, -0.214699], [0.835904, 0.50356, 0.218384], [-0.0689514, -0.298384, 0.951952]], [[0.527541, -0.846934, -0.0663617], [0.779315, 0.451364, 0.434672], [-0.338185, -0.281024, 0.898141]], [[0.527541, -0.846934, -0.0663617], [0.845983, 0.516603, 0.132039], [-0.0775455, -0.125797, 0.989021]], [[0.527541, -0.846934, -0.0663617], [0.81267, 0.52587, -0.251054], [0.247523, 0.078511, 0.965696]]], "btipPosition": [-45.9657, 152.566, -66.4244], "carpPosition": [-28.6314, 116.778, 83.0869], "dipPosition": [-50.2288, 153.918, -49.7921], "direction": [-0.0775455, 0.125797, -0.989021], "extended": true, "handId": 706, "id": 7061, "length": 59.2807, "mcpPosition": [-33.6933, 138.683, 13.202], "pipPosition": [-48.3394, 150.853, -25.6947], "stabilizedTipPosition": [-47.1422, 154.507, -61.9867], "timeVisible": 4.96903, "tipPosition": [-48.1004, 155.298, -61.6918], "tipVelocity": [1.88453, -3.78186, -2.92706], "tool": false, "touchDistance": -0.289039, "touchZone": "touching", "type": 1, "width": 20.3508}, {"bases": [[[0.379672, -0.917542, -0.118175], [0.914212, 0.352562, 0.199789], [-0.141651, -0.183892, 0.972686]], [[0.359307, -0.933216, 0.00267029], [0.881146, 0.340199, 0.328401], [-0.307377, -0.115644, 0.944535]], [[0.359307, -0.933216, 0.00267029], [0.921104, 0.354181, -0.161627], [0.149887, 0.0605333, 0.986848]], [[0.359307, -0.933216, 0.00267029], [0.758921, 0.290532, -0.582778], [0.543082, 0.211423, 0.812627]]], "btipPosition": [-46.9226, 120.634, -77.0038], "carpPosition": [-36.7104, 107.953, 80.2887], "dipPosition": [-57.2103, 124.64, -61.61], "direction": [0.149887, -0.0605333, -0.986848], "extended": true, "handId": 706, "id": 7062, "length": 67.5456, "mcpPosition": [-46.572, 120.756, 12.5715], "pipPosition": [-61.5069, 126.375, -33.3218], "stabilizedTipPosition": [-49.7504, 122.668, -73.142], "timeVisible": 4.96903, "tipPosition": [-53.9429, 123.054, -73.6116], "tipVelocity": [0.276357, -1.00122, -3.46268], "tool": false, "touchDistance": -0.287414, "touchZone": "touching", "type": 2, "width": 19.9872}, {"bases": [[[0.284684, -0.958552, 0.0115292], [0.934021, 0.280065, 0.221741], [-0.215779, -0.0523575, 0.975037]], [[0.264972, -0.959491, 0.0957433], [0.939751, 0.279205, 0.197262], [-0.216003, 0.037706, 0.975664]], [[0.264972, -0.959491, 0.0957433], [0.92042, 0.222079, -0.321726], [0.287431, 0.173373, 0.941979]], [[0.264972, -0.959491, 0.0957433], [0.747853, 0.141812, -0.648541], [0.608692, 0.243447, 0.755134]]], "btipPosition": [-46.0045, 89.3759, -67.1856], "carpPosition": [-42.2792, 97.228, 78.2303], "dipPosition": [-57.4688, 93.961, -52.9631], "direction": [0.287431, -0.173373, -0.941979], "extended": true, "handId": 706, "id": 7063, "length": 64.9469, "mcpPosition": [-55.7667, 100.501, 17.2847], "pipPosition": [-65.4953, 98.8024, -26.6584], "stabilizedTipPosition": [-49.4802, 93.6087, -63.5556], "timeVisible": 4.96903, "tipPosition": [-53.8696, 89.7852, -64.648], "tipVelocity": [1.24378, 1.37969, -3.9219], "tool": false, "touchDistance": 0.162643, "touchZone": "hovering", "type": 3, "width": 19.0191}, {"bases": [[[0.0995294, -0.99118, 0.0875041], [0.944171, 0.121832, 0.3061], [-0.314061, 0.0521529, 0.947969]], [[0.0517609, -0.972429, 0.227384], [0.991524, 0.0772117, 0.104496], [-0.119171, 0.220047, 0.968182]], [[0.0517609, -0.972429, 0.227384], [0.932299, -0.0345618, -0.360033], [0.357965, 0.230625, 0.904806]], [[0.0517609, -0.972429, 0.227384], [0.738677, -0.115948, -0.664012], [0.672069, 0.202333, 0.712309]]], "btipPosition": [-45.2015, 64.1729, -42.5336], "carpPosition": [-41.5172, 83.0965, 77.0426], "dipPosition": [-56.8791, 67.6885, -30.1569], "direction": [0.357965, -0.230625, -0.904806], "extended": true, "handId": 706, "id": 7064, "length": 50.9172, "mcpPosition": [-59.6891, 80.0789, 22.192], "pipPosition": [-63.9368, 72.2356, -12.3176], "stabilizedTipPosition": [-47.0245, 66.4004, -38.8105], "timeVisible": 4.96903, "tipPosition": [-51.055, 61.388, -39.4479], "tipVelocity": [3.22853, 0.371514, -4.43852], "tool": false, "touchDistance": 0.143852, "touchZone": "hovering", "type": 4, "width": 16.8942}], "r": [[0.999259, -0.0180703, -0.0339771], [0.00892573, 0.967652, -0.252129], [0.0374341, 0.251639, 0.967097]], "s": 1.06979, "t": [7.46757, -8.91009, -43.166], "timestamp": 746850397801}, {"currentFrameRate": 115.171, "devices": [], "gestures": [], "hands": [{"armBasis": [[0.533723, -0.624306, -0.570423], [0.839334, 0.473421, 0.267192], [0.103241, -0.621381, 0.776677]], "armWidth": 65.9859, "confidence": 1, "direction": [-0.280822, 0.22846, -0.932172], "elbow": [-55.5798, -83.4371, 313.978], "grabAngle": 0.825963, "grabStrength": 0, "id": 706, "palmNormal": [0.81639, -0.453808, -0.357163], "palmPosition": [-37.5356, 110.439, 34.1883], "palmVelocity": [-0.612019, -5.62483, -2.86171], "palmWidth": 90.7953, "pinchDistance": 93.2342, "pinchStrength": 0, "r": [[0.999259, -0.0179672, -0.0340477], [0.00880801, 0.967653, -0.252132], [0.0374764, 0.251645, 0.967094]], "s": 1.06955, "sphereCenter": [-16.3168, 67.0291, -16.8013], "sphereRadius": 76.3962, "stabilizedPalmPosition": [-36.1644, 112.734, 35.4979], "t": [-7.47042, -8.94997, -43.1976], "timeVisible": 4.97772, "type": "left", "wrist": [-27.7645, 83.9767, 104.724]}], "id": 1306971, "interactionBox": {"center": [0, 200, 0], "size": [235.247, 235.247, 147.751]}, "pointables": [{"bases": [[[0.988059, 0.103888, 0.113788], [-0.150613, 0.806971, 0.571064], [-0.0324971, -0.581382, 0.812981]], [[0.856964, 0.394571, -0.331553], [-0.186454, 0.837104, 0.514287], [0.480467, -0.378906, 0.790937]], [[0.856964, 0.394571, -0.331553], [-0.262979, 0.888046, 0.377117], [0.443233, -0.235984, 0.864787]], [[0.856964, 0.394571, -0.331553], [-0.326647, 0.913436, 0.242769], [0.398642, -0.0997434, 0.911667]]], "btipPosition": [42.9218, 141.702, -4.10528], "carpPosition": [-5.64921, 112.364, 86.5226], "dipPosition": [33.5171, 139.349, 17.4027], "direction": [0.443233, 0.235984, -0.864787], "extended": true, "handId": 706, "id": 7060, "length": 52.5357, "mcpPosition": [-5.64921, 112.364, 86.5226], "pipPosition": [18.2832, 131.238, 47.1254], "stabilizedTipPosition": [42.3378, 142.943, 2.07652], "timeVisible": 4.97772, "tipPosition": [42.0009, 142.894, 2.38742], "tipVelocity": [0.101104, -5.24443, -1.75357], "tool": false, "touchDistance": -0.289603, "touchZone": "touching", "type": 0, "width": 21.3053}, {"bases": [[[0.544612, -0.810729, -0.214748], [0.835855, 0.503649, 0.218367], [-0.0688785, -0.298423, 0.951945]], [[0.527607, -0.846903, -0.0662256], [0.779174, 0.451407, 0.434879], [-0.338405, -0.281046, 0.89805]], [[0.527607, -0.846903, -0.0662256], [0.845956, 0.516712, 0.131782], [-0.0773866, -0.125553, 0.989064]], [[0.527607, -0.846903, -0.0662256], [0.812543, 0.525866, -0.251472], [0.247798, 0.0788671, 0.965596]]], "btipPosition": [-45.9678, 152.506, -66.4436], "carpPosition": [-28.638, 116.726, 83.0626], "dipPosition": [-50.2357, 153.865, -49.813], "direction": [-0.0773866, 0.125553, -0.989064], "extended": true, "handId": 706, "id": 7061, "length": 59.2807, "mcpPosition": [-33.6945, 138.634, 13.1783], "pipPosition": [-48.3502, 150.806, -25.7146], "stabilizedTipPosition": [-47.1385, 154.475, -61.9987], "timeVisible": 4.97772, "tipPosition": [-48.0955, 155.251, -61.7166], "tipVelocity": [-0.374785, -6.70967, -2.25681], "tool": false, "touchDistance": -0.288763, "touchZone": "touching", "type": 1, "width": 20.3508}, {"bases": [[[0.379773, -0.917495, -0.118221], [0.91418, 0.352661, 0.199764], [-0.14159, -0.18394, 0.972686]], [[0.359413, -0.933175, 0.00263547], [0.880986, 0.340241, 0.328784], [-0.30771, -0.115847, 0.944401]], [[0.359413, -0.933175, 0.00263547], [0.921087, 0.354301, -0.16146], [0.149737, 0.0604583, 0.986876]], [[0.359413, -0.933175, 0.00263547], [0.758805, 0.290608, -0.582892], [0.543174, 0.211498, 0.812546]]], "btipPosition": [-46.9446, 120.598, -77.0214], "carpPosition": [-36.7179, 107.903, 80.2637], "dipPosition": [-57.2341, 124.604, -61.6292], "direction": [0.149737, -0.0604583, -0.986876], "extended": true, "handId": 706, "id": 7062, "length": 67.5456, "mcpPosition": [-46.5752, 120.709, 12.5466], "pipPosition": [-61.5263, 126.337, -33.3402], "stabilizedTipPosition": [-49.7436, 122.65, -73.1473], "timeVisible": 4.97772, "tipPosition": [-53.9347, 123.008, -73.6364], "tipVelocity": [-2.57801, -4.16267, -2.07266], "tool": false, "touchDistance": -0.287276, "touchZone": "touching", "type": 2, "width": 19.9872}, {"bases": [[[0.284795, -0.95852, 0.0114857], [0.933997, 0.280165, 0.221712], [-0.215734, -0.0524149, 0.975044]], [[0.265169, -0.959474, 0.0953696], [0.939586, 0.279339, 0.197858], [-0.21648, 0.0371423, 0.97558]], [[0.265169, -0.959474, 0.0953696], [0.920383, 0.222397, -0.321614], [0.28737, 0.173058, 0.942056]], [[0.265169, -0.959474, 0.0953696], [0.747567, 0.142114, -0.648804], [0.608957, 0.243338, 0.754956]]], "btipPosition": [-46.0284, 89.3659, -67.2065], "carpPosition": [-42.2878, 97.1782, 78.2048], "dipPosition": [-57.4977, 93.949, -52.9874], "direction": [0.28737, -0.173058, -0.942056], "extended": true, "handId": 706, "id": 7063, "length": 64.9469, "mcpPosition": [-55.7725, 100.454, 17.2587], "pipPosition": [-65.5225, 98.7816, -26.6806], "stabilizedTipPosition": [-49.4784, 93.6015, -63.5564], "timeVisible": 4.97772, "tipPosition": [-53.8593, 89.7433, -64.6723], "tipVelocity": [-2.89012, -1.20572, -2.49595], "tool": false, "touchDistance": 0.162281, "touchZone": "hovering", "type": 3, "width": 19.0191}, {"bases": [[[0.0996473, -0.991171, 0.0874671], [0.94417, 0.121931, 0.306066], [-0.314029, 0.0520851, 0.947984]], [[0.0520474, -0.972531, 0.22688], [0.991482, 0.0774848, 0.104691], [-0.119395, 0.219499, 0.968279]], [[0.0520474, -0.972531, 0.22688], [0.932199, -0.0341718, -0.36033], [0.358185, 0.230252, 0.904814]], [[0.0520474, -0.972531, 0.22688], [0.73835, -0.115495, -0.664455], [0.672406, 0.2021, 0.712057]]], "btipPosition": [-45.2077, 64.1579, -42.5597], "carpPosition": [-41.5274, 83.0466, 77.0166], "dipPosition": [-56.8911, 67.6695, -30.1873], "direction": [0.358185, -0.230252, -0.904814], "extended": true, "handId": 706, "id": 7064, "length": 50.9172, "mcpPosition": [-59.6974, 80.0329, 22.1652], "pipPosition": [-63.9531, 72.2092, -12.3478], "stabilizedTipPosition": [-47.0255, 66.3988, -38.8116], "timeVisible": 4.97772, "tipPosition": [-51.0568, 61.3502, -39.4754], "tipVelocity": [-0.858694, -1.82815, -3.10944], "tool": false, "touchDistance": 0.143402, "touchZone": "hovering", "type": 4, "width": 16.8942}], "r": [[0.999259, -0.0179672, -0.0340477], [0.00880801, 0.967653, -0.252132], [0.0374764, 0.251645, 0.967094]], "s": 1.06955, "t": [7.47042, -8.94997, -43.1976], "timestamp": 746850406495}, {"currentFrameRate": 114.879, "devices": [], "gestures": [], "hands": [{"armBasis": [[0.533118, -0.62378, -0.571562], [0.839486, 0.473954, 0.265766], [0.105115, -0.621503, 0.776328]], "armWidth": 65.9859, "confidence": 1, "direction": [-0.280736, 0.228726, -0.932133], "elbow": [-56.1175, -83.4835, 313.869], "grabAngle": 0.826221, "grabStrength": 0, "id": 706, "palmNormal": [0.816234, -0.454028, -0.35724], "palmPosition": [-37.5405, 110.443, 34.1767], "palmVelocity": [-0.531259, 0.484503, -1.25541], "palmWidth": 90.7953, "pinchDistance": 93.2457, "pinchStrength": 0, "r": [[0.999259, -0.0178138, -0.034106], [0.0086461, 0.967663, -0.252099], [0.037494, 0.251617, 0.9671]], "s": 1.06936, "sphereCenter": [-16.3904, 67.0748, -16.8169], "sphereRadius": 76.3642, "stabilizedPalmPosition": [-36.1679, 112.729, 35.4944], "t": [-7.47428, -8.96768, -43.2192], "timeVisible": 4.98693, "type": "left", "wrist": [-27.7972, 83.9631, 104.709]}], "id": 1306972, "interactionBox": {"center": [0, 200, 0], "size": [235.247, 235.247, 147.751]}, "pointables": [{"bases": [[[0.988023, 0.104211, 0.113801], [-0.150891, 0.806815, 0.57121], [-0.0322894, -0.58154, 0.812876]], [[0.856851, 0.394905, -0.331445], [-0.186598, 0.836837, 0.51467], [0.480612, -0.379148, 0.790733]], [[0.856851, 0.394905, -0.331445], [-0.263226, 0.887865, 0.377369], [0.443304, -0.236103, 0.864718]], [[0.856851, 0.394905, -0.331445], [-0.326943, 0.913286, 0.242936], [0.398641, -0.0997958, 0.911661]]], "btipPosition": [42.9269, 141.703, -4.10364], "carpPosition": [-5.65376, 112.348, 86.5116], "dipPosition": [33.5222, 139.349, 17.4042], "direction": [0.443304, 0.236103, -0.864718], "extended": true, "handId": 706, "id": 7060, "length": 52.5357, "mcpPosition": [-5.65376, 112.348, 86.5116], "pipPosition": [18.2859, 131.234, 47.1245], "stabilizedTipPosition": [42.3214, 142.925, 2.06362], "timeVisible": 4.98693, "tipPosition": [42.006, 142.875, 2.38026], "tipVelocity": [0.551092, 0.108575, 0.174547], "tool": false, "touchDistance": -0.288952, "touchZone": "touching", "type": 0, "width": 21.3053}, {"bases": [[[0.544893, -0.8105, -0.214898], [0.835681, 0.503901, 0.218452], [-0.0687685, -0.298619, 0.951891]], [[0.527868, -0.846745, -0.0661639], [0.778895, 0.451562, 0.435217], [-0.338641, -0.281272, 0.897891]], [[0.527868, -0.846745, -0.0661639], [0.845797, 0.516982, 0.131746], [-0.0773496, -0.125506, 0.989073]], [[0.527868, -0.846745, -0.0661639], [0.81231, 0.526075, -0.25179], [0.248009, 0.0791661, 0.965518]]], "btipPosition": [-45.9684, 152.517, -66.442], "carpPosition": [-28.641, 116.719, 83.0522], "dipPosition": [-50.2399, 153.88, -49.8128], "direction": [-0.0773496, 0.125506, -0.989073], "extended": true, "handId": 706, "id": 7061, "length": 59.2807, "mcpPosition": [-33.6894, 138.641, 13.1718], "pipPosition": [-48.3553, 150.822, -25.7141], "stabilizedTipPosition": [-47.1346, 154.44, -62.0118], "timeVisible": 4.98693, "tipPosition": [-48.0827, 155.273, -61.7212], "tipVelocity": [-0.15415, 1.25546, 0.139406], "tool": false, "touchDistance": -0.288201, "touchZone": "touching", "type": 1, "width": 20.3508}, {"bases": [[[0.380092, -0.917341, -0.118389], [0.914058, 0.352943, 0.199822], [-0.14152, -0.184165, 0.972654]], [[0.359723, -0.933056, 0.00253981], [0.880714, 0.34044, 0.329307], [-0.308127, -0.116223, 0.944219]], [[0.359723, -0.933056, 0.00253981], [0.921019, 0.354644, -0.161094], [0.149409, 0.0602884, 0.986936]], [[0.359723, -0.933056, 0.00253981], [0.758774, 0.290946, -0.582763], [0.543011, 0.21156, 0.812638]]], "btipPosition": [-46.9785, 120.631, -77.0258], "carpPosition": [-36.724, 107.899, 80.2517], "dipPosition": [-57.2649, 124.639, -61.6319], "direction": [0.149409, -0.0602884, -0.986936], "extended": true, "handId": 706, "id": 7062, "length": 67.5456, "mcpPosition": [-46.5764, 120.72, 12.5369], "pipPosition": [-61.5477, 126.367, -33.3411], "stabilizedTipPosition": [-49.7364, 122.63, -73.1534], "timeVisible": 4.98693, "tipPosition": [-53.9242, 123.034, -73.6455], "tipVelocity": [-3.60726, 3.66326, -0.433886], "tool": false, "touchDistance": -0.286942, "touchZone": "touching", "type": 2, "width": 19.9872}, {"bases": [[[0.285129, -0.958422, 0.0113109], [0.933901, 0.280451, 0.221757], [-0.215709, -0.0526661, 0.975036]], [[0.265572, -0.959407, 0.0949162], [0.939334, 0.279663, 0.198594], [-0.217077, 0.0364171, 0.975475]], [[0.265572, -0.959407, 0.0949162], [0.920335, 0.222964, -0.321359], [0.287151, 0.172699, 0.942189]], [[0.265572, -0.959407, 0.0949162], [0.747321, 0.142661, -0.648967], [0.609083, 0.243281, 0.754873]]], "btipPosition": [-46.0673, 89.4235, -67.2174], "carpPosition": [-42.2976, 97.1764, 78.1908], "dipPosition": [-57.539, 94.0055, -52.9998], "direction": [0.287151, -0.172699, -0.942189], "extended": true, "handId": 706, "id": 7063, "length": 64.9469, "mcpPosition": [-55.7807, 100.468, 17.2453], "pipPosition": [-65.5577, 98.8281, -26.6893], "stabilizedTipPosition": [-49.4762, 93.5925, -63.5576], "timeVisible": 4.98693, "tipPosition": [-53.8563, 89.7733, -64.6856], "tipVelocity": [-4.28488, 6.23825, -1.22067], "tool": false, "touchDistance": 0.162094, "touchZone": "hovering", "type": 3, "width": 19.0191}, {"bases": [[[0.0999932, -0.991152, 0.0872874], [0.944129, 0.122205, 0.306082], [-0.314041, 0.0518045, 0.947995]], [[0.0525391, -0.972646, 0.226274], [0.991411, 0.0779788, 0.104996], [-0.119769, 0.218814, 0.968388]], [[0.0525391, -0.972646, 0.226274], [0.932102, -0.0335491, -0.36064], [0.358366, 0.229858, 0.904842]], [[0.0525391, -0.972646, 0.226274], [0.738027, -0.114822, -0.66493], [0.672722, 0.201931, 0.711807]]], "btipPosition": [-45.2273, 64.2074, -42.5769], "carpPosition": [-41.5421, 83.0448, 77.0001], "dipPosition": [-56.9162, 67.716, -30.2089], "direction": [0.358366, -0.229858, -0.904842], "extended": true, "handId": 706, "id": 7064, "length": 50.9172, "mcpPosition": [-59.7128, 80.0473, 22.1481], "pipPosition": [-63.9818, 72.248, -12.3689], "stabilizedTipPosition": [-47.0268, 66.3968, -38.8129], "timeVisible": 4.98693, "tipPosition": [-51.0726, 61.3793, -39.4963], "tipVelocity": [-2.27478, 5.30154, -1.98548], "tool": false, "touchDistance": 0.143097, "touchZone": "hovering", "type": 4, "width": 16.8942}], "r": [[0.999259, -0.0178138, -0.034106], [0.0086461, 0.967663, -0.252099], [0.037494, 0.251617, 0.9671]], "s": 1.06936, "t": [7.47428, -8.96768, -43.2192], "timestamp": 746850415698}, {"currentFrameRate": 115.147, "devices": [], "gestures": [], "hands": [{"armBasis": [[0.532606, -0.623304, -0.572558], [0.839607, 0.474411, 0.264563], [0.106725, -0.621632, 0.776005]], "armWidth": 65.9859, "confidence": 1, "direction": [-0.280175, 0.228669, -0.932316], "elbow": [-56.6039, -83.5415, 313.804], "grabAngle": 0.82617, "grabStrength": 0, "id": 706, "palmNormal": [0.816267, -0.454361, -0.356741], "palmPosition": [-37.5366, 110.417, 34.1911], "palmVelocity": [0.472488, -3.23779, 1.74945], "palmWidth": 90.7953, "pinchDistance": 93.2653, "pinchStrength": 0, "r": [[0.999258, -0.017625, -0.0342561], [0.00842522, 0.967663, -0.252105], [0.0375917, 0.251629, 0.967093]], "s": 1.06924, "sphereCenter": [-16.4725, 67.1093, -16.7777], "sphereRadius": 76.3044, "stabilizedPalmPosition": [-36.1713, 112.723, 35.4913], "t": [-7.47427, -8.98985, -43.2227], "timeVisible": 4.99515, "type": "left", "wrist": [-27.8499, 83.94, 104.731]}], "id": 1306973, "interactionBox": {"center": [0, 200, 0], "size": [235.247, 235.247, 147.751]}, "pointables": [{"bases": [[[0.988047, 0.104562, 0.11327], [-0.150865, 0.806858, 0.571157], [-0.0316711, -0.581419, 0.812988]], [[0.856551, 0.395135, -0.331947], [-0.186472, 0.836748, 0.51486], [0.481195, -0.379105, 0.790399]], [[0.856551, 0.395135, -0.331947], [-0.263291, 0.88782, 0.377429], [0.443845, -0.235889, 0.864499]], [[0.856551, 0.395135, -0.331947], [-0.327136, 0.913221, 0.242919], [0.399127, -0.0994805, 0.911483]]], "btipPosition": [42.9633, 141.657, -4.04461], "carpPosition": [-5.67644, 112.319, 86.5422], "dipPosition": [33.5472, 139.31, 17.459], "direction": [0.443845, 0.235889, -0.864499], "extended": true, "handId": 706, "id": 7060, "length": 52.5357, "mcpPosition": [-5.67644, 112.319, 86.5422], "pipPosition": [18.2922, 131.203, 47.1718], "stabilizedTipPosition": [42.3088, 