{"frames": 79, "data": [{"currentFrameRate": 110.287, "devices": [], "gestures": [], "hands": [{"armBasis": [[0.888725, 0.29381, -0.351914], [0.0133169, 0.750763, 0.660437], [0.458247, -0.591633, 0.66331]], "armWidth": 64.5696, "confidence": 1, "direction": [0.00424457, 0.605526, -0.795814], "elbow": [-163.754, -36.4805, 315.651], "grabAngle": 0.937682, "grabStrength": 0.0168605, "id": 821, "palmNormal": [0.0130484, -0.795787, -0.605436], "palmPosition": [-27.7545, 164.74, 76.201], "palmVelocity": [-4.55873, 2.48419, -5.5592], "palmWidth": 90.4675, "pinchDistance": 87.7352, "pinchStrength": 0, "r": [[0.966386, 0.142947, 0.21369], [-0.106489, 0.979083, -0.173369], [-0.234003, 0.144786, 0.961395]], "s": 1.264, "sphereCenter": [-60.4964, 116.051, 3.66474], "sphereRadius": 95.8299, "stabilizedPalmPosition": [-28.4798, 166.483, 76.8052], "t": [-18.5068, 3.31491, -68.9444], "timeVisible": 2.9051, "type": "left", "wrist": [-40.7289, 122.355, 137.573]}], "id": 1380967, "interactionBox": {"center": [0, 200, 0], "size": [235.247, 235.247, 147.751]}, "pointables": [{"bases": [[[0.413202, 0.826787, 0.381691], [-0.797226, 0.125861, 0.590415], [0.440107, -0.548254, 0.711142]], [[0.177448, 0.983676, 0.029911], [-0.801973, 0.12692, 0.583721], [0.570396, -0.127568, 0.811403]], [[0.177448, 0.983676, 0.029911], [-0.870237, 0.142646, 0.471529], [0.459565, -0.109701, 0.881343]], [[0.177448, 0.983676, 0.029911], [-0.911434, 0.152799, 0.382022], [0.371216, -0.0950508, 0.923669]]], "btipPosition": [47.6087, 138.01, 21.6019], "carpPosition": [-7.14783, 125.202, 117.972], "dipPosition": [38.1761, 135.594, 45.0724], "direction": [0.459565, 0.109701, -0.881343], "extended": true, "handId": 821, "id": 8210, "length": 56.5847, "mcpPosition": [-7.14783, 125.202, 117.972], "pipPosition": [21.1635, 131.533, 77.6987], "stabilizedTipPosition": [45.6909, 137.246, 27.2303], "timeVisible": 2.9051, "tipPosition": [49.2882, 136.506, 32.012], "tipVelocity": [-16.8076, 18.4563, -17.9271], "tool": false, "touchDistance": -0.301219, "touchZone": "touching", "type": 0, "width": 20.689}, {"bases": [[[0.984998, 0.0939657, -0.144737], [-0.012621, 0.875726, 0.482643], [0.172102, -0.473576, 0.863775]], [[0.999784, 0.00309418, 0.0205299], [-0.014362, 0.817142, 0.576257], [-0.0149928, -0.576428, 0.817011]], [[0.999784, 0.00309418, 0.0205299], [-0.00719314, 0.979211, 0.202715], [-0.0194759, -0.202819, 0.979022]], [[0.999784, 0.00309418, 0.0205299], [-0.000567022, 0.992533, -0.121977], [-0.0207541, 0.121939, 0.992321]]], "btipPosition": [-4.38097, 211.645, -24.2118], "carpPosition": [-15.3743, 147.056, 121.181], "dipPosition": [-3.99597, 213.907, -5.80379], "direction": [-0.0194759, 0.202819, -0.979023], "extended": true, "handId": 821, "id": 8211, "length": 63.8495, "mcpPosition": [-2.78552, 181.697, 57.9985], "pipPosition": [-3.48487, 208.585, 19.8884], "stabilizedTipPosition": [-4.14953, 211.991, -19.9771], "timeVisible": 2.9051, "tipPosition": [-1.81051, 210.053, -14.2429], "tipVelocity": [-18.7516, 22.6239, -0.430741], "tool": false, "touchDistance": -0.292056, "touchZone": "touching", "type": 1, "width": 19.7621}, {"bases": [[[0.986817, -0.121556, -0.106852], [0.157868, 0.868395, 0.470072], [0.0356493, -0.480743, 0.876136]], [[0.985968, -0.164788, -0.0267011], [0.154739, 0.842134, 0.516591], [-0.0626422, -0.513474, 0.855816]], [[0.985968, -0.164788, -0.0267011], [0.166298, 0.983531, 0.0707942], [0.0145953, -0.0742411, 0.997134]], [[0.985968, -0.164788, -0.0267011], [0.138224, 0.895557, -0.422933], [0.0936066, 0.413307, 0.905768]]], "btipPosition": [-25.6278, 204.033, -35.0898], "carpPosition": [-27.1829, 149.954, 119.739], "dipPosition": [-27.5377, 212.465, -16.6092], "direction": [0.0145953, 0.0742411, -0.997133], "extended": true, "handId": 821, "id": 8212, "length": 72.7513, "mcpPosition": [-24.71, 183.302, 58.9641], "pipPosition": [-27.9883, 210.173, 14.1767], "stabilizedTipPosition": [-25.9742, 205.958, -30.806], "timeVisible": 2.9051, "tipPosition": [-27.5772, 209.245, -25.7765], "tipVelocity": [-11.4806, 0.577324, -4.41444], "tool": false, "touchDistance": -0.29686, "touchZone": "touching", "type": 2, "width": 19.409}, {"bases": [[[0.966579, -0.256092, -0.0118862], [0.229024, 0.841724, 0.488926], [-0.115205, -0.475308, 0.872244]], [[0.962682, -0.270256, 0.0143249], [0.232987, 0.854531, 0.464214], [-0.137698, -0.443552, 0.885607]], [[0.962682, -0.270256, 0.0143249], [0.270212, 0.962788, 0.00496816], [-0.0151345, -0.000912006, 0.999885]], [[0.962682, -0.270256, 0.0143249], [0.250379, 0.869288, -0.426202], [0.102731, 0.413884, 0.904515]]], "btipPosition": [-51.517, 192.396, -27.5601], "carpPosition": [-39.2911, 149.646, 118.147], "dipPosition": [-53.601, 200.792, -9.2112], "direction": [-0.0151345, 0.000912006, -0.999885], "extended": true, "handId": 821, "id": 8213, "length": 69.9524, "mcpPosition": [-46.4661, 179.248, 63.8235], "pipPosition": [-53.1458, 200.765, 20.8624], "stabilizedTipPosition": [-51.972, 194.394, -23.326], "timeVisible": 2.9051, "tipPosition": [-53.3681, 197.058, -18.6736], "tipVelocity": [-3.75468, -13.2278, -2.4412], "tool": false, "touchDistance": -0.300082, "touchZone": "touching", "type": 3, "width": 18.4689}, {"bases": [[[0.895532, -0.444915, 0.00852609], [0.365491, 0.746324, 0.556253], [-0.253849, -0.495026, 0.830969]], [[0.8908, -0.453785, 0.023536], [0.411476, 0.827552, 0.381896], [-0.192776, -0.330509, 0.923905]], [[0.8908, -0.453785, 0.023536], [0.445883, 0.862961, -0.23767], [0.0875406, 0.222211, 0.971061]], [[0.8908, -0.453785, 0.023536], [0.37225, 0.699077, -0.610509], [0.260587, 0.552603, 0.791659]]], "btipPosition": [-66.3196, 168.398, -3.44744], "carpPosition": [-51.0196, 142.23, 115.366], "dipPosition": [-71.1964, 178.739, 11.3682], "direction": [0.0875406, -0.222211, -0.971061], "extended": true, "handId": 821, "id": 8214, "length": 54.8414, "mcpPosition": [-65.6546, 170.77, 67.4588], "pipPosition": [-73.0554, 183.458, 31.9893], "stabilizedTipPosition": [-67.4388, 170.771, -0.0391511], "timeVisible": 2.9051, "tipPosition": [-69.8114, 173.32, 3.10679], "tipVelocity": [-1.59915, 3.41792, -0.640864], "tool": false, "touchDistance": -0.294775, "touchZone": "touching", "type": 4, "width": 16.4055}], "r": [[0.966386, 0.142947, 0.21369], [-0.106489, 0.979083, -0.173369], [-0.234003, 0.144786, 0.961395]], "s": 1.264, "t": [18.5068, 3.31491, -68.9444], "timestamp": 747502884505}, {"currentFrameRate": 110.489, "devices": [], "gestures": [], "hands": [{"armBasis": [[0.888245, 0.295261, -0.351912], [0.0132453, 0.749294, 0.662105], [0.459179, -0.592772, 0.661646]], "armWidth": 64.5685, "confidence": 1, "direction": [0.00389085, 0.606098, -0.79538], "elbow": [-164.005, -36.8189, 315.145], "grabAngle": 0.939499, "grabStrength": 0.0157787, "id": 821, "palmNormal": [0.0129974, -0.79535, -0.606011], "palmPosition": [-27.7767, 164.748, 76.1967], "palmVelocity": [-2.56075, 0.957291, -0.494647], "palmWidth": 90.4623, "pinchDistance": 87.674, "pinchStrength": 0, "r": [[0.966406, 0.142669, 0.213787], [-0.106257, 0.979155, -0.173106], [-0.234027, 0.144575, 0.961421]], "s": 1.26311, "sphereCenter": [-60.6454, 115.97, 3.62629], "sphereRadius": 95.91, "stabilizedPalmPosition": [-28.4698, 166.459, 76.7966], "t": [-18.5377, 3.33047, -68.968], "timeVisible": 2.91379, "type": "left", "wrist": [-40.7384, 122.311, 137.526]}], "id": 1380968, "interactionBox": {"center": [0, 200, 0], "size": [235.247, 235.247, 147.751]}, "pointables": [{"bases": [[[0.413226, 0.826441, 0.382413], [-0.797389, 0.125575, 0.590256], [0.43979, -0.548841, 0.710886]], [[0.17793, 0.983551, 0.0311225], [-0.802317, 0.126687, 0.5833], [0.569762, -0.128757, 0.81166]], [[0.17793, 0.983551, 0.0311225], [-0.870917, 0.142674, 0.470263], [0.458087, -0.110779, 0.881977]], [[0.17793, 0.983551, 0.0311225], [-0.912046, 0.152955, 0.380495], [0.369476, -0.0960868, 0.924259]]], "btipPosition": [47.473, 138.119, 21.5101], "carpPosition": [-7.15166, 125.186, 117.93], "dipPosition": [38.0844, 135.678, 44.9962], "direction": [0.458087, 0.110779, -0.881977], "extended": true, "handId": 821, "id": 8210, "length": 56.5859, "mcpPosition": [-7.15166, 125.186, 117.93], "pipPosition": [21.1262, 131.577, 77.6467], "stabilizedTipPosition": [45.5716, 137.345, 27.1296], "timeVisible": 2.91379, "tipPosition": [49.2278, 136.566, 31.926], "tipVelocity": [-14.4438, 11.9207, -10.1421], "tool": false, "touchDistance": -0.300753, "touchZone": "touching", "type": 0, "width": 20.6891}, {"bases": [[[0.98506, 0.0938984, -0.144362], [-0.0126198, 0.875382, 0.483268], [0.17175, -0.474226, 0.863488]], [[0.999767, 0.00258717, 0.021421], [-0.0144714, 0.816781, 0.576767], [-0.0160041, -0.576942, 0.816628]], [[0.999767, 0.00258717, 0.021421], [-0.00690358, 0.978953, 0.203971], [-0.0204424, -0.204071, 0.978743]], [[0.999767, 0.00258717, 0.021421], [-2.07694e-05, 0.9929, -0.118951], [-0.0215767, 0.118922, 0.992669]]], "btipPosition": [-4.50149, 211.783, -24.1935], "carpPosition": [-15.3805, 147.035, 121.158], "dipPosition": [-4.10122, 213.989, -5.77859], "direction": [-0.0204424, 0.204071, -0.978743], "extended": true, "handId": 821, "id": 8211, "length": 63.8509, "mcpPosition": [-2.81821, 181.721, 57.9999], "pipPosition": [-3.56475, 208.634, 19.9068], "stabilizedTipPosition": [-4.28631, 212.149, -19.9671], "timeVisible": 2.91379, "tipPosition": [-1.88092, 210.141, -14.2499], "tipVelocity": [-13.4599, 14.3929, 2.29055], "tool": false, "touchDistance": -0.290885, "touchZone": "touching", "type": 1, "width": 19.7622}, {"bases": [[[0.986829, -0.121651, -0.106631], [0.157872, 0.86803, 0.470745], [0.0352922, -0.481378, 0.875802]], [[0.985933, -0.165058, -0.0262895], [0.154804, 0.842503, 0.51597], [-0.063016, -0.512782, 0.856203]], [[0.985933, -0.165058, -0.0262895], [0.166518, 0.983589, 0.0694551], [0.0143939, -0.0728558, 0.997239]], [[0.985933, -0.165058, -0.0262895], [0.138565, 0.895159, -0.423663], [0.0934623, 0.414061, 0.905438]]], "btipPosition": [-25.6876, 203.959, -35.0993], "carpPosition": [-27.1891, 149.932, 119.722], "dipPosition": [-27.5946, 212.407, -16.6251], "direction": [0.0143939, 0.0728558, -0.997239], "extended": true, "handId": 821, "id": 8212, "length": 72.7529, "mcpPosition": [-24.7411, 183.322, 58.9734], "pipPosition": [-28.039, 210.157, 14.1648], "stabilizedTipPosition": [-26.0528, 205.929, -30.8289], "timeVisible": 2.91379, "tipPosition": [-27.6231, 209.29, -25.8027], "tipVelocity": [-6.80578, -8.10438, -1.26336], "tool": false, "touchDistance": -0.295672, "touchZone": "touching", "type": 2, "width": 19.4091}, {"bases": [[[0.966539, -0.256251, -0.0117683], [0.229017, 0.841333, 0.489602], [-0.11556, -0.475915, 0.871866]], [[0.96261, -0.270501, 0.0145571], [0.233282, 0.85508, 0.463052], [-0.137704, -0.442343, 0.886211]], [[0.96261, -0.270501, 0.0145571], [0.270501, 0.962718, 0.00202612], [-0.0145624, 0.00198734, 0.999892]], [[0.96261, -0.270501, 0.0145571], [0.250308, 0.867629, -0.429611], [0.10358, 0.417192, 0.902897]]], "btipPosition": [-51.5103, 192.196, -27.5459], "carpPosition": [-39.2967, 149.622, 118.133], "dipPosition": [-53.6116, 200.66, -9.22944], "direction": [-0.0145624, -0.00198734, -0.999892], "extended": true, "handId": 821, "id": 8213, "length": 69.9539, "mcpPosition": [-46.4934, 179.261, 63.8363], "pipPosition": [-53.1736, 200.719, 20.845], "stabilizedTipPosition": [-51.9856, 194.236, -23.3305], "timeVisible": 2.91379, "tipPosition": [-53.4005, 197.078, -18.7288], "tipVelocity": [0.317133, -21.2052, 0.773043], "tool": false, "touchDistance": -0.298306, "touchZone": "touching", "type": 3, "width": 18.469}, {"bases": [[[0.895452, -0.445077, 0.00848625], [0.365446, 0.745861, 0.556903], [-0.254194, -0.495578, 0.830534]], [[0.890775, -0.453846, 0.0232993], [0.411673, 0.827592, 0.381599], [-0.192469, -0.330327, 0.924034]], [[0.890775, -0.453846, 0.0232993], [0.44583, 0.862808, -0.238322], [0.0880587, 0.222679, 0.970907]], [[0.890775, -0.453846, 0.0232993], [0.37146, 0.697623, -0.61265], [0.261795, 0.554388, 0.790011]]], "btipPosition": [-66.2976, 168.355, -3.40732], "carpPosition": [-51.0239, 142.208, 115.351], "dipPosition": [-71.197, 178.73, 11.3778], "direction": [0.0880587, -0.222679, -0.970907], "extended": true, "handId": 821, "id": 8214, "length": 54.8425, "mcpPosition": [-65.6779, 170.777, 67.4713], "pipPosition": [-73.0671, 183.459, 31.9961], "stabilizedTipPosition": [-67.4279, 170.748, -0.0145188], "timeVisible": 2.91379, "tipPosition": [-69.8398, 173.354, 3.09836], "tipVelocity": [1.93802, -4.03406, 3.80741], "tool": false, "touchDistance": -0.293135, "touchZone": "touching", "type": 4, "width": 16.4056}], "r": [[0.966406, 0.142669, 0.213787], [-0.106257, 0.979155, -0.173106], [-0.234027, 0.144575, 0.961421]], "s": 1.26311, "t": [18.5377, 3.33047, -68.968], "timestamp": 747502893198}, {"currentFrameRate": 110.664, "devices": [], "gestures": [], "hands": [{"armBasis": [[0.887954, 0.296472, -0.351628], [0.0132037, 0.747773, 0.663823], [0.459743, -0.594087, 0.660074]], "armWidth": 64.5677, "confidence": 1, "direction": [0.00368463, 0.6066, -0.794999], "elbow": [-164.156, -37.2349, 314.641], "grabAngle": 0.941037, "grabStrength": 0.0147548, "id": 821, "palmNormal": [0.0129661, -0.794966, -0.606515], "palmPosition": [-27.7907, 164.725, 76.1657], "palmVelocity": [-1.59613, -2.71238, -3.54776], "palmWidth": 90.4581, "pinchDistance": 87.6172, "pinchStrength": 0, "r": [[0.966417, 0.142401, 0.213918], [-0.106045, 0.979236, -0.172776], [-0.234079, 0.144289, 0.961451]], "s": 1.26221, "sphereCenter": [-60.7657, 115.859, 3.55955], "sphereRadius": 95.9859, "stabilizedPalmPosition": [-28.4617, 166.438, 76.7891], "t": [-18.5601, 3.32641, -68.9952], "timeVisible": 2.92251, "type": "left", "wrist": [-40.7451, 122.238, 137.455]}], "id": 1380969, "interactionBox": {"center": [0, 200, 0], "size": [235.247, 235.247, 147.751]}, "pointables": [{"bases": [[[0.413239, 0.826158, 0.38301], [-0.797484, 0.125283, 0.590189], [0.439605, -0.549334, 0.71062]], [[0.178274, 0.983456, 0.0321268], [-0.802642, 0.126456, 0.582902], [0.569196, -0.129703, 0.811907]], [[0.178274, 0.983456, 0.0321268], [-0.871501, 0.142653, 0.469187], [0.456842, -0.111643, 0.882514]], [[0.178274, 0.983456, 0.0321268], [-0.912516, 0.153023, 0.379339], [0.368147, -0.0969427, 0.9247]]], "btipPosition": [47.3604, 138.174, 21.4061], "carpPosition": [-7.15518, 125.141, 117.868], "dipPosition": [38.0054, 135.711, 44.9037], "direction": [0.456842, 0.111643, -0.882514], "extended": true, "handId": 821, "id": 8210, "length": 56.5869, "mcpPosition": [-7.15518, 125.141, 117.868], "pipPosition": [21.0929, 131.578, 77.5747], "stabilizedTipPosition": [45.4702, 137.418, 27.0404], "timeVisible": 2.92251, "tipPosition": [49.1821, 136.585, 31.8297], "tipVelocity": [-12.0226, 5.70289, -11.6191], "tool": false, "touchDistance": -0.300532, "touchZone": "touching", "type": 0, "width": 20.6892}, {"bases": [[[0.985095, 0.0938907, -0.144123], [-0.0126205, 0.875078, 0.483817], [0.171545, -0.474788, 0.86322]], [[0.999755, 0.00224091, 0.0220258], [-0.0145455, 0.81651, 0.577148], [-0.0166909, -0.577327, 0.816342]], [[0.999755, 0.00224091, 0.0220258], [-0.00671098, 0.978731, 0.205036], [-0.0210979, -0.205133, 0.978507]], [[0.999755, 0.00224091, 0.0220258], [0.000332606, 0.993232, -0.116149], [-0.022137, 0.116128, 0.992988]]], "btipPosition": [-4.58155, 211.871, -24.205], "carpPosition": [-15.3853, 146.985, 121.112], "dipPosition": [-4.17088, 214.025, -5.78394], "direction": [-0.0210979, 0.205133, -0.978507], "extended": true, "handId": 821, "id": 8211, "length": 63.852, "mcpPosition": [-2.8386, 181.711, 57.9762], "pipPosition": [-3.6172, 208.642, 19.8957], "stabilizedTipPosition": [-4.38936, 212.26, -19.9676], "timeVisible": 2.92251, "tipPosition": [-1.92539, 210.185, -14.2779], "tipVelocity": [-8.90106, 8.66644, -1.16264], "tool": false, "touchDistance": -0.290282, "touchZone": "touching", "type": 1, "width": 19.7623}, {"bases": [[[0.986836, -0.121682, -0.106527], [0.157873, 0.867717, 0.471321], [0.0350837, -0.481934, 0.875505]], [[0.985912, -0.16522, -0.0260636], [0.154873, 0.842871, 0.515348], [-0.0631775, -0.512124, 0.856585]], [[0.985912, -0.16522, -0.0260636], [0.166648, 0.983637, 0.0684531], [0.0143274, -0.0718322, 0.997314]], [[0.985912, -0.16522, -0.0260636], [0.138775, 0.894989, -0.423952], [0.093372, 0.414362, 0.90531]]], "btipPosition": [-25.7191, 203.873, -35.1394], "carpPosition": [-27.1936, 149.881, 119.68], "dipPosition": [-27.6242, 212.328, -16.6675], "direction": [0.0143274, 0.0718322, -0.997314], "extended": true, "handId": 821, "id": 8212, "length": 72.7542, "mcpPosition": [-24.7602, 183.308, 58.9546], "pipPosition": [-28.0666, 210.11, 14.1252], "stabilizedTipPosition": [-26.1038, 205.875, -30.8591], "timeVisible": 2.92251, "tipPosition": [-27.647, 209.3, -25.8502], "tipVelocity": [-3.55968, -9.61675, -4.65537], "tool": false, "touchDistance": -0.295047, "touchZone": "touching", "type": 2, "width": 19.4092}, {"bases": [[[0.966515, -0.25634, -0.0117531], [0.229012, 0.841001, 0.490175], [-0.115767, -0.476453, 0.871545]], [[0.96256, -0.27067, 0.0146796], [0.23355, 0.855608, 0.461942], [-0.137594, -0.441218, 0.886789]], [[0.96256, -0.27067, 0.0146796], [0.270707, 0.962661, -0.000608568], [-0.0139668, 0.00455967, 0.999892]], [[0.96256, -0.27067, 0.0146796], [0.250145, 0.866098, -0.432783], [0.104427, 0.420252, 0.901379]]], "btipPosition": [-51.4865, 191.984, -27.5624], "carpPosition": [-39.3007, 149.572, 118.093], "dipPosition": [-53.605, 200.51, -9.2764], "direction": [-0.0139668, -0.00455966, -0.999892], "extended": true, "handId": 821, "id": 8213, "length": 69.9551, "mcpPosition": [-46.5099, 179.242, 63.8187], "pipPosition": [-53.1849, 200.647, 20.7986], "stabilizedTipPosition": [-51.9782, 194.055, -23.3467], "timeVisible": 2.92251, "tipPosition": [-53.4119, 197.061, -18.8078], "tipVelocity": [2.27203, -22.6959, -2.69218], "tool": false, "touchDistance": -0.297161, "touchZone": "touching", "type": 3, "width": 18.4691}, {"bases": [[[0.895406, -0.445172, 0.00836929], [0.365419, 0.745473, 0.55744], [-0.254396, -0.496077, 0.830175]], [[0.890771, -0.453869, 0.023038], [0.411879, 0.827706, 0.381128], [-0.192051, -0.330009, 0.924235]], [[0.890771, -0.453869, 0.023038], [0.445735, 0.862676, -0.238978], [0.0885903, 0.223143, 0.970752]], [[0.890771, -0.453869, 0.023038], [0.370664, 0.69627, -0.614667], [0.262938, 0.556067, 0.78845]]], "btipPosition": [-66.2628, 168.279, -3.40347], "carpPosition": [-51.0269, 142.158, 115.308], "dipPosition": [-71.1837, 178.686, 11.3527], "direction": [0.0885903, -0.223143, -0.970752], "extended": true, "handId": 821, "id": 8214, "length": 54.8435, "mcpPosition": [-65.6918, 170.755, 67.4516], "pipPosition": [-73.0651, 183.425, 31.9681], "stabilizedTipPosition": [-67.403, 170.692, -0.0108106], "timeVisible": 2.92251, "tipPosition": [-69.8503, 173.353, 3.05851], "tipVelocity": [3.4211, -7.8601, -0.322279], "tool": false, "touchDistance": -0.292197, "touchZone": "touching", "type": 4, "width": 16.4057}], "r": [[0.966417, 0.142401, 0.213918], [-0.106045, 0.979236, -0.172776], [-0.234079, 0.144289, 0.961451]], "s": 1.26221, "t": [18.5601, 3.32641, -68.9952], "timestamp": 747502901924}, {"currentFrameRate": 110.925, "devices": [], "gestures": [], "hands": [{"armBasis": [[0.887822, 0.297521, -0.351074], [0.0132405, 0.746063, 0.665744], [0.459996, -0.59571, 0.658432]], "armWidth": 64.567, "confidence": 1, "direction": [0.00371704, 0.606778, -0.794862], "elbow": [-164.255, -37.6892, 314.152], "grabAngle": 0.942124, "grabStrength": 0.0134997, "id": 821, "palmNormal": [0.0129941, -0.79483, -0.606693], "palmPosition": [-27.823, 164.728, 76.1534], "palmVelocity": [-3.78112, 0.380292, -1.43716], "palmWidth": 90.4548, "pinchDistance": 87.5548, "pinchStrength": 0, "r": [[0.966427, 0.142176, 0.21402], [-0.105877, 0.979308, -0.172467], [-0.234113, 0.144017, 0.961483]], "s": 1.26132, "sphereCenter": [-60.9011, 115.746, 3.51462], "sphereRadius": 96.0777, "stabilizedPalmPosition": [-28.4539, 166.417, 76.7813], "t": [-18.5874, 3.32601, -69.015], "timeVisible": 2.93107, "type": "left", "wrist": [-40.7822, 122.212, 137.415]}], "id": 1380970, "interactionBox": {"center": [0, 200, 0], "size": [235.247, 235.247, 147.751]}, "pointables": [{"bases": [[[0.413258, 0.826071, 0.383177], [-0.797459, 0.125152, 0.590251], [0.439634, -0.549494, 0.710478]], [[0.178594, 0.983377, 0.0327809], [-0.802784, 0.12637, 0.582725], [0.568896, -0.130387, 0.812008]], [[0.178594, 0.983377, 0.0327809], [-0.87201, 0.14276, 0.468207], [0.455744, -0.112204, 0.88301]], [[0.178594, 0.983377, 0.0327809], [-0.912908, 0.153184, 0.37833], [0.367019, -0.0974932, 0.92509]]], "btipPosition": [47.2403, 138.238, 21.3516], "carpPosition": [-7.19016, 125.136, 117.846], "dipPosition": [37.9138, 135.761, 44.8596], "direction": [0.455744, 0.112204, -0.88301], "extended": true, "handId": 821, "id": 8210, "length": 56.5877, "mcpPosition": [-7.19016, 125.136, 117.846], "pipPosition": [21.0418, 131.607, 77.5493], "stabilizedTipPosition": [45.3665, 137.487, 26.9625], "timeVisible": 2.93107, "tipPosition": [49.1243, 136.606, 31.7802], "tipVelocity": [-13.2724, 7.13892, -6.08648], "tool": false, "touchDistance": -0.299593, "touchZone": "touching", "type": 0, "width": 20.6893}, {"bases": [[[0.98509, 0.0939204, -0.144144], [-0.0125976, 0.874969, 0.484014], [0.17158, -0.474982, 0.863106]], [[0.999748, 0.0020202, 0.0223687], [-0.0145656, 0.816431, 0.577259], [-0.0170963, -0.577439, 0.816255]], [[0.999748, 0.0020202, 0.0223687], [-0.00658445, 0.978549, 0.205909], [-0.0214729, -0.206004, 0.978315]], [[0.999748, 0.0020202, 0.0223687], [0.000529697, 0.993549, -0.113405], [-0.0224535, 0.113389, 0.993297]]], "btipPosition": [-4.64896, 211.957, -24.2094], "carpPosition": [-15.4202, 146.979, 121.094], "dipPosition": [-4.23242, 214.06, -5.7823], "direction": [-0.0214729, 0.206004, -0.978315], "extended": true, "handId": 821, "id": 8211, "length": 63.8529, "mcpPosition": [-2.87137, 181.717, 57.9696], "pipPosition": [-3.66888, 208.654, 19.8927], "stabilizedTipPosition": [-4.47006, 212.349, -19.9694], "timeVisible": 2.93107, "tipPosition": [-1.96471, 210.218, -14.3024], "tipVelocity": [-7.72194, 8.67967, -0.348541], "tool": false, "touchDistance": -0.289632, "touchZone": "touching", "type": 1, "width": 19.7624}, {"bases": [[[0.986831, -0.121661, -0.106596], [0.157895, 0.867611, 0.471509], [0.0351199, -0.482131, 0.875395]], [[0.985899, -0.165319, -0.0259495], [0.154966, 0.843404, 0.514447], [-0.0631622, -0.511214, 0.857129]], [[0.985899, -0.165319, -0.0259495], [0.166725, 0.983695, 0.0674286], [0.0143792, -0.0708042, 0.997387]], [[0.985899, -0.165319, -0.0259495], [0.138896, 0.89489, -0.424123], [0.0933378, 0.414538, 0.905233]]], "btipPosition": [-25.7492, 203.797, -35.1771], "carpPosition": [-27.2279, 149.875, 119.663], "dipPosition": [-27.6537, 212.255, -16.7065], "direction": [0.0143792, 0.0708042, -0.997387], "extended": true, "handId": 821, "id": 8212, "length": 72.7552, "mcpPosition": [-24.792, 183.314, 58.9474], "pipPosition": [-28.0977, 210.069, 14.0889], "stabilizedTipPosition": [-26.1416, 205.815, -30.8907], "timeVisible": 2.93107, "tipPosition": [-27.6644, 209.3, -25.8889], "tipVelocity": [-3.50209, -8.83288, -4.44238], "tool": false, "touchDistance": -0.294446, "touchZone": "touching", "type": 2, "width": 19.4093}, {"bases": [[[0.966514, -0.25634, -0.011852], [0.229035, 0.84089, 0.490353], [-0.115731, -0.476648, 0.871443]], [[0.962547, -0.27072, 0.0146598], [0.23381, 0.856256, 0.460608], [-0.137248, -0.439929, 0.887483]], [[0.962547, -0.27072, 0.0146598], [0.270793, 0.962632, -0.00325705], [-0.0132302, 0.00710483, 0.999887]], [[0.962547, -0.27072, 0.0146598], [0.249818, 0.864626, -0.435905], [0.105333, 0.423241, 0.899873]]], "btipPosition": [-51.4603, 191.79, -27.5759], "carpPosition": [-39.3342, 149.566, 118.075], "dipPosition": [-53.5972, 200.376, -9.32021], "direction": [-0.0132302, -0.00710484, -0.999887], "extended": true, "handId": 821, "id": 8213, "length": 69.9561, "mcpPosition": [-46.5409, 179.247, 63.8094], "pipPosition": [-53.1992, 200.59, 20.7551], "stabilizedTipPosition": [-51.9623, 193.88, -23.365], "timeVisible": 2.93107, "tipPosition": [-53.4195, 197.039, -18.8775], "tipVelocity": [2.57057, -21.075, -2.39468], "tool": false, "touchDistance": -0.296086, "touchZone": "touching", "type": 3, "width": 18.4692}, {"bases": [[[0.895405, -0.445176, 0.00823118], [0.365445, 0.745347, 0.557591], [-0.254362, -0.496262, 0.830075]], [[0.890825, -0.453778, 0.0227313], [0.412025, 0.827918, 0.380508], [-0.191486, -0.3296, 0.924498]], [[0.890825, -0.453778, 0.0227313], [0.445517, 0.862602, -0.239651], [0.0891404, 0.223615, 0.970593]], [[0.890825, -0.453778, 0.0227313], [0.369728, 0.694928, -0.616747], [0.26407, 0.557818, 0.786833]]], "btipPosition": [-66.2385, 168.225, -3.39308], "carpPosition": [-51.0596, 142.153, 115.288], "dipPosition": [-71.1807, 178.665, 11.333], "direction": [0.0891404, -0.223615, -0.970593], "extended": true, "handId": 821, "id": 8214, "length": 54.8443, "mcpPosition": [-65.7221, 170.76, 67.4394], "pipPosition": [-73.0737, 183.414, 31.9453], "stabilizedTipPosition": [-67.3829, 170.645, -0.00739937], "timeVisible": 2.93107, "tipPosition": [-69.8656, 173.357, 3.02942], "tipVelocity": [2.2692, -5.38704, 0.405882], "tool": false, "touchDistance": -0.291258, "touchZone": "touching", "type": 4, "width": 16.4058}], "r": [[0.966427, 0.142176, 0.21402], [-0.105877, 0.979308, -0.172467], [-0.234113, 0.144017, 0.961483]], "s": 1.26132, "t": [18.5874, 3.32601, -69.015], "timestamp": 747502910479}, {"currentFrameRate": 111.091, "devices": [], "gestures": [], "hands": [{"armBasis": [[0.887705, 0.298386, -0.350635], [0.0135356, 0.744325, 0.66768], [0.460213, -0.597449, 0.656703]], "armWidth": 64.5664, "confidence": 1, "direction": [0.00365217, 0.607084, -0.794629], "elbow": [-164.311, -38.1603, 313.663], "grabAngle": 0.943451, "grabStrength": 0.0124992, "id": 821, "palmNormal": [0.0132893, -0.794594, -0.606996], "palmPosition": [-27.8263, 164.759, 76.1695], "palmVelocity": [-0.37952, 3.60839, 1.84129], "palmWidth": 90.4521, "pinchDistance": 87.4847, "pinchStrength": 0, "r": [[0.966449, 0.141926, 0.214089], [-0.105693, 0.979386, -0.172142], [-0.234107, 0.143739, 0.961526]], "s": 1.26042, "sphereCenter": [-60.9713, 115.662, 3.48964], "sphereRadius": 96.1617, "stabilizedPalmPosition": [-28.4461, 166.397, 76.7738], "t": [-18.6028, 3.34152, -69.0169], "timeVisible": 2.93978, "type": "left", "wrist": [-40.7849, 122.202, 137.396]}], "id": 1380971, "interactionBox": {"center": [0, 200, 0], "size": [235.247, 235.247, 147.751]}, "pointables": [{"bases": [[[0.413533, 0.825811, 0.383442], [-0.797349, 0.125144, 0.590401], [0.439574, -0.549887, 0.710211]], [[0.179211, 0.983236, 0.0336169], [-0.802842, 0.126411, 0.582636], [0.568619, -0.131404, 0.812038]], [[0.179211, 0.983236, 0.0336169], [-0.872402, 0.14303, 0.467395], [0.454751, -0.11309, 0.883409]], [[0.179211, 0.983236, 0.0336169], [-0.913202, 0.153541, 0.377474], [0.365984, -0.0983467, 0.92541]]], "btipPosition": [47.1642, 138.366, 21.3301], "carpPosition": [-7.1887, 125.159, 117.848], "dipPosition": [37.8639, 135.867, 44.8464], "direction": [0.454751, 0.11309, -0.883409], "extended": true, "handId": 821, "id": 8210, "length": 56.5883, "mcpPosition": [-7.1887, 125.159, 117.848], "pipPosition": [21.0284, 131.68, 77.5513], "stabilizedTipPosition": [45.2659, 137.577, 26.8965], "timeVisible": 2.93978, "tipPosition": [49.1066, 136.683, 31.7612], "tipVelocity": [-8.04495, 14.047, -2.25652], "tool": false, "touchDistance": -0.298262, "touchZone": "touching", "type": 0, "width": 20.6894}, {"bases": [[[0.985097, 0.0937058, -0.144234], [-0.0122961, 0.874787, 0.484351], [0.17156, -0.47536, 0.862902]], [[0.999745, 0.00157639, 0.0225331], [-0.0143009, 0.816343, 0.57739], [-0.0174845, -0.577565, 0.816157]], [[0.999745, 0.00157639, 0.0225331], [-0.00620049, 0.978394, 0.206655], [-0.0217205, -0.206742, 0.978154]], [[0.999745, 0.00157639, 0.0225331], [0.000929494, 0.993846, -0.110768], [-0.022569, 0.110761, 0.993591]]], "btipPosition": [-4.6823, 212.076, -24.1806], "carpPosition": [-15.4249, 146.997, 121.104], "dipPosition": [-4.2636, 214.13, -5.74784], "direction": [-0.0217205, 0.206742, -0.978154], "extended": true, "handId": 821, "id": 8211, "length": 63.8536, "mcpPosition": [-2.87793, 181.762, 57.996], "pipPosition": [-3.69356, 208.705, 19.9232], "stabilizedTipPosition": [-4.52497, 212.443, -19.956], "timeVisible": 2.93978, "tipPosition": [-1.97666, 210.297, -14.2823], "tipVelocity": [-3.77006, 12.367, 3.4565], "tool": false, "touchDistance": -0.288551, "touchZone": "touching", "type": 1, "width": 19.7625}, {"bases": [[[0.986784, -0.121891, -0.106769], [0.158193, 0.867387, 0.471821], [0.0350995, -0.482476, 0.875206]], [[0.985839, -0.165673, -0.0259637], [0.155339, 0.843859, 0.513588], [-0.0631779, -0.510348, 0.857644]], [[0.985839, -0.165673, -0.0259637], [0.167062, 0.983716, 0.0662791], [0.0145603, -0.0696781, 0.997463]], [[0.985839, -0.165673, -0.0259637], [0.139169, 0.894657, -0.424523], [0.0935607, 0.414898, 0.905045]]], "btipPosition": [-25.7462, 203.748, -35.1794], "carpPosition": [-27.2327, 149.89, 119.672], "dipPosition": [-27.6553, 212.214, -16.7125], "direction": [0.0145603, 0.0696781, -0.997463], "extended": true, "handId": 821, "id": 8212, "length": 72.756, "mcpPosition": [-24.7983, 183.352, 58.9716], "pipPosition": [-28.1048, 210.062, 14.0856], "stabilizedTipPosition": [-26.1617, 205.76, -30.9097], "timeVisible": 2.93978, "tipPosition": [-27.6546, 209.341, -25.8978], "tipVelocity": [0.22337, -5.43351, -0.363144], "tool": false, "touchDistance": -0.293382, "touchZone": "touching", "type": 2, "width": 19.4094}, {"bases": [[[0.966442, -0.256601, -0.0120737], [0.229328, 0.840639, 0.490647], [-0.115751, -0.476951, 0.871275]], [[0.962468, -0.271009, 0.014471], [0.23434, 0.85677, 0.459379], [-0.136894, -0.438746, 0.888123]], [[0.962468, -0.271009, 0.014471], [0.271116, 0.962528, -0.00594041], [-0.0123188, 0.00964075, 0.999878]], [[0.962468, -0.271009, 0.014471], [0.24962, 0.863059, -0.439111], [0.106514, 0.426242, 0.898317]]], "btipPosition": [-51.3968, 191.626, -27.5564], "carpPosition": [-39.3382, 149.578, 118.083], "dipPosition": [-53.5577, 200.273, -9.3321], "direction": [-0.0123188, -0.00964075, -0.999878], "extended": true, "handId": 821, "id": 8213, "length": 69.9569, "mcpPosition": [-46.546, 179.278, 63.8291], "pipPosition": [-53.1872, 200.563, 20.7432], "stabilizedTipPosition": [-51.9214, 193.721, -23.3649], "timeVisible": 2.93978, "tipPosition": [-53.3975, 197.05, -18.9177], "tipVelocity": [6.65322, -17.2054, 1.40879], "tool": false, "touchDistance": -0.294626, "touchZone": "touching", "type": 3, "width": 18.4693}, {"bases": [[[0.895284, -0.445425, 0.00794607], [0.36572, 0.745033, 0.557831], [-0.254392, -0.496511, 0.829917]], [[0.890772, -0.453907, 0.022233], [0.412423, 0.827973, 0.379958], [-0.190874, -0.329286, 0.924737]], [[0.890772, -0.453907, 0.022233], [0.44546, 0.86242, -0.24041], [0.0899494, 0.224054, 0.970417]], [[0.890772, -0.453907, 0.022233], [0.368862, 0.693566, -0.618794], [0.265455, 0.559405, 0.785238]]], "btipPosition": [-66.1743, 168.198, -3.35561], "carpPosition": [-51.0608, 142.164, 115.292], "dipPosition": [-71.1425, 178.668, 11.3408], "direction": [0.0899494, -0.224054, -0.970417], "extended": true, "handId": 821, "id": 8214, "length": 54.8449, "mcpPosition": [-65.7245, 170.784, 67.4532], "pipPosition": [-73.0528, 183.426, 31.9496], "stabilizedTipPosition": [-67.3391, 170.619, 0.0138367], "timeVisible": 2.93978, "tipPosition": [-69.8469, 173.388, 3.02547], "tipVelocity": [6.67992, -2.30753, 3.51888], "tool": false, "touchDistance": -0.290006, "touchZone": "touching", "type": 4, "width": 16.4058}], "r": [[0.966449, 0.141926, 0.214089], [-0.105693, 0.979386, -0.172142], [-0.234107, 0.143739, 0.961526]], "s": 1.26042, "t": [18.6028, 3.34152, -69.0169], "timestamp": 747502919189}, {"currentFrameRate": 111.2, "devices": [], "gestures": [], "hands": [{"armBasis": [[0.887703, 0.299464, -0.34972], [0.0133356, 0.742532, 0.669677], [0.460223, -0.599138, 0.655155]], "armWidth": 64.566, "confidence": 1, "direction": [0.00352904, 0.607413, -0.794378], "elbow": [-164.319, -38.6333, 313.186], "grabAngle": 0.945358, "grabStrength": 0.0120457, "id": 821, "palmNormal": [0.0130928, -0.794343, -0.607328], "palmPosition": [-27.8432, 164.775, 76.1448], "palmVelocity": [-1.91579, 1.77514, -2.80329], "palmWidth": 90.45, "pinchDistance": 87.4317, "pinchStrength": 0, "r": [[0.966454, 0.141725, 0.214197], [-0.105554, 0.97946, -0.171806], [-0.234147, 0.143433, 0.961562]], "s": 1.25956, "sphereCenter": [-61.0276, 115.608, 3.45234], "sphereRadius": 96.1909, "stabilizedPalmPosition": [-28.4397, 166.379, 76.7671], "t": [-18.6189, 3.35709, -69.0302], "timeVisible": 2.94858, "type": "left", "wrist": [-40.793, 122.178, 137.34]}], "id": 1380972, "interactionBox": {"center": [0, 200, 0], "size": [235.247, 235.247, 147.751]}, "pointables": [{"bases": [[[0.413382, 0.825685, 0.383874], [-0.797487, 0.124835, 0.59028], [0.439464, -0.550145, 0.710078]], [[0.179352, 0.983184, 0.034382], [-0.803079, 0.126132, 0.58237], [0.56824, -0.132061, 0.812197]], [[0.179352, 0.983184, 0.034382], [-0.872835, 0.142904, 0.466624], [0.453864, -0.1137, 0.883787]], [[0.179352, 0.983184, 0.034382], [-0.913514, 0.153468, 0.376749], [0.365137, -0.0989791, 0.925677]]], "btipPosition": [47.0788, 138.435, 21.2553], "carpPosition": [-7.20034, 125.157, 117.801], "dipPosition": [37.7999, 135.919, 44.7786], "direction": [0.453864, 0.1137, -0.883787], "extended": true, "handId": 821, "id": 8210, "length": 56.5888, "mcpPosition": [-7.20034, 125.157, 117.801], "pipPosition": [20.9971, 131.71, 77.4978], "stabilizedTipPosition": [45.1788, 137.653, 26.8339], "timeVisible": 2.94858, "tipPosition": [49.0599, 136.716, 31.6863], "tipVelocity": [-9.14648, 7.41138, -8.31321], "tool": false, "touchDistance": -0.297866, "touchZone": "touching", "type": 0, "width": 20.6894}, {"bases": [[[0.985121, 0.0938457, -0.143981], [-0.0124725, 0.874585, 0.484711], [0.171412, -0.475703, 0.862742]], [[0.999737, 0.00158426, 0.0228664], [-0.0145009, 0.81631, 0.577432], [-0.0177513, -0.577612, 0.816119]], [[0.999737, 0.00158426, 0.0228664], [-0.00628435, 0.978326, 0.206975], [-0.0220429, -0.207064, 0.978079]], [[0.999737, 0.00158426, 0.0228664], [0.000910831, 0.994075, -0.108695], [-0.0229031, 0.108687, 0.993812]]], "btipPosition": [-4.72958, 212.146, -24.2042], "carpPosition": [-15.4339, 146.993, 121.068], "dipPosition": [-4.30468, 214.162, -5.76713], "direction": [-0.0220429, 0.207064, -0.978079], "extended": true, "handId": 821, "id": 8211, "length": 63.8541, "mcpPosition": [-2.89809, 181.782, 57.9735], "pipPosition": [-3.72617, 208.728, 19.9022], "stabilizedTipPosition": [-4.57314, 212.518, -19.9594], "timeVisible": 2.94858, "tipPosition": [-2.01278, 210.351, -14.3009], "tipVelocity": [-5.21023, 6.94799, -2.56538], "tool": false, "touchDistance": -0.288368, "touchZone": "touching", "type": 1, "width": 19.7625}, {"bases": [[[0.986817, -0.121766, -0.106605], [0.15802, 0.867204, 0.472215], [0.0349487, -0.482836, 0.875013]], [[0.985852, -0.16563, -0.0257277], [0.155244, 0.844388, 0.512746], [-0.0632021, -0.509486, 0.858155]], [[0.985852, -0.16563, -0.0257277], [0.166981, 0.983829, 0.0647947], [0.0145797, -0.0681741, 0.997567]], [[0.985852, -0.16563, -0.0257277], [0.139143, 0.894267, -0.425355], [0.093459, 0.415757, 0.904661]]], "btipPosition": [-25.7681, 203.661, -35.2195], "carpPosition": [-27.2413, 149.888, 119.64], "dipPosition": [-27.6751, 212.144, -16.7602], "direction": [0.0145797, 0.0681741, -0.997567], "extended": true, "handId": 821, "id": 8212, "length": 72.7567, "mcpPosition": [-24.8175, 183.374, 58.9544], "pipPosition": [-28.1253, 210.039, 14.0414], "stabilizedTipPosition": [-26.1811, 205.696, -30.9373], "timeVisible": 2.94858, "tipPosition": [-27.6756, 209.362, -25.9534], "tipVelocity": [-2.43729, -9.41837, -4.75074], "tool": false, "touchDistance": -0.293004, "touchZone": "touching", "type": 2, "width": 19.4094}, {"bases": [[[0.966466, -0.256517, -0.0119701], [0.229153, 0.840455, 0.491045], [-0.115901, -0.477321, 0.871052]], [[0.96248, -0.27096, 0.0146109], [0.234413, 0.85737, 0.458222], [-0.136687, -0.437604, 0.888718]], [[0.96248, -0.27096, 0.0146109], [0.271103, 0.96251, -0.00884705], [-0.011666, 0.0124762, 0.999854]], [[0.96248, -0.27096, 0.0146109], [0.249215, 0.86137, -0.442644], [0.107354, 0.429677, 0.896578]]], "btipPosition": [-51.368, 191.437, -27.5644], "carpPosition": [-39.3468, 149.578, 118.054], "dipPosition": [-53.5459, 200.154, -9.37514], "direction": [-0.011666, -0.0124762, -0.999854], "extended": true, "handId": 821, "id": 8213, "length": 69.9575, "mcpPosition": [-46.5638, 179.3, 63.8148], "pipPosition": [-53.195, 200.53, 20.6997], "stabilizedTipPosition": [-51.8905, 193.557, -23.3743], "timeVisible": 2.94858, "tipPosition": [-53.4078, 197.049, -18.9933], "tipVelocity": [2.83592, -19.5885, -1.82028], "tool": false, "touchDistance": -0.293737, "touchZone": "touching", "type": 3, "width": 18.4693}, {"bases": [[[0.895319, -0.445355, 0.00795594], [0.365538, 0.744831, 0.558219], [-0.254531, -0.496875, 0.829656]], [[0.890848, -0.453763, 0.0221011], [0.412478, 0.828268, 0.379254], [-0.190397, -0.328742, 0.925029]], [[0.890848, -0.453763, 0.0221011], [0.445155, 0.86217, -0.241868], [0.0906958, 0.225306, 0.970057]], [[0.890848, -0.453763, 0.0221011], [0.367857, 0.691938, -0.62121], [0.266589, 0.561534, 0.783332]]], "btipPosition": [-66.1361, 168.133, -3.33783], "carpPosition": [-51.0702, 142.166, 115.262], "dipPosition": [-71.1255, 178.643, 11.323], "direction": [0.0906958, -0.225306, -0.970057], "extended": true, "handId": 821, "id": 8214, "length": 54.8454, "mcpPosition": [-65.7416, 170.806, 67.4395], "pipPosition": [-73.0517, 183.428, 31.9244], "stabilizedTipPosition": [-67.3031, 170.575, 0.0270244], "timeVisible": 2.94858, "tipPosition": [-69.857, 173.413, 2.98841], "tipVelocity": [3.78951, -6.36889, 1.09091], "tool": false, "touchDistance": -0.289195, "touchZone": "touching", "type": 4, "width": 16.4059}], "r": [[0.966454, 0.141725, 0.214197], [-0.105554, 0.97946, -0.171806], [-0.234147, 0.143433, 0.961562]], "s": 1.25956, "t": [18.6189, 3.35709, -69.0302], "timestamp": 747502927990}, {"currentFrameRate": 111.366, "devices": [], "gestures": [], "hands": [{"armBasis": [[0.887723, 0.300457, -0.348818], [0.0131678, 0.740796, 0.671601], [0.46019, -0.600789, 0.653665]], "armWidth": 64.5656, "confidence": 1, "direction": [0.00334012, 0.607637, -0.794208], "elbow": [-164.298, -39.0948, 312.735], "grabAngle": 0.947097, "grabStrength": 0.0116614, "id": 821, "palmNormal": [0.0129345, -0.794172, -0.607555], "palmPosition": [-27.8478, 164.786, 76.1225], "palmVelocity": [-0.52922, 1.24397, -2.57263], "palmWidth": 90.4482, "pinchDistance": 87.3681, "pinchStrength": 0, "r": [[0.966448, 0.141554, 0.214339], [-0.105437, 0.979528, -0.171486], [-0.234226, 0.143133, 0.961588]], "s": 1.25871, "sphereCenter": [-61.0538, 115.476, 3.39759], "sphereRadius": 96.2641, "stabilizedPalmPosition": [-28.435, 166.367, 76.7619], "t": [-18.6292, 3.37028, -69.048], "timeVisible": 2.95727, "type": "left", "wrist": [-40.7844, 122.155, 137.293]}], "id": 1380973, "interactionBox": {"center": [0, 200, 0], "size": [235.247, 235.247, 147.751]}, "pointables": [{"bases": [[[0.413279, 0.825581, 0.384208], [-0.797634, 0.12466, 0.590118], [0.439296, -0.550341, 0.710031]], [[0.179612, 0.983111, 0.0350959], [-0.803249, 0.125969, 0.58217], [0.567917, -0.132756, 0.812309]], [[0.179612, 0.983111, 0.0350959], [-0.87318, 0.142893, 0.465981], [0.453097, -0.114341, 0.884098]], [[0.179612, 0.983111, 0.0350959], [-0.913726, 0.153505, 0.37622], [0.364479, -0.0996418, 0.925865]]], "btipPosition": [47.0219, 138.509, 21.1944], "carpPosition": [-7.19561, 125.157, 117.761], "dipPosition": [37.7597, 135.977, 44.7226], "direction": [0.453097, 0.114341, -0.884098], "extended": true, "handId": 821, "id": 8210, "length": 56.5892, "mcpPosition": [-7.19561, 125.157, 117.761], "pipPosition": [20.9852, 131.