{"frames": 104, "data": [{"currentFrameRate": 114.845, "devices": [], "gestures": [], "hands": [{"armBasis": [[-0.170053, -0.890251, -0.422534], [0.700094, 0.192613, -0.687582], [0.693506, -0.412739, 0.590505]], "armWidth": 68.0341, "confidence": 1, "direction": [-0.2982, 0.0797794, -0.951164], "elbow": [-220.636, -31.7057, 281.725], "grabAngle": 0.98982, "grabStrength": 0.197898, "id": 706, "palmNormal": [0.916023, -0.256174, -0.30867], "palmPosition": [-35.216, 98.8814, 45.5691], "palmVelocity": [7.97731, 8.98298, -3.94343], "palmWidth": 92.5617, "pinchDistance": 90.7387, "pinchStrength": 0, "r": [[0.958727, -0.281415, -0.0405992], [0.254995, 0.914174, -0.315061], [0.125777, 0.291704, 0.948203]], "s": 1.02144, "sphereCenter": [-2.49851, 86.2283, 0.629089], "sphereRadius": 65.7901, "stabilizedPalmPosition": [-35.4264, 98.7322, 45.6048], "t": [-5.22882, -20.6154, -31.8196], "timeVisible": 2.59291, "type": "left", "wrist": [-30.1548, 81.6587, 119.534]}], "id": 1306700, "interactionBox": {"center": [0, 200, 0], "size": [235.247, 235.247, 147.751]}, "pointables": [{"bases": [[[0.985463, -0.142946, 0.091812], [0.0773645, 0.858714, 0.506582], [-0.151254, -0.492115, 0.85729]], [[0.929037, 0.122298, -0.349191], [0.0746268, 0.862452, 0.500607], [0.362384, -0.491142, 0.792122]], [[0.929037, 0.122298, -0.349191], [0.00864363, 0.936358, 0.350941], [0.369887, -0.329055, 0.868854]], [[0.929037, 0.122298, -0.349191], [-0.0586321, 0.980528, 0.187421], [0.365313, -0.153647, 0.918117]]], "btipPosition": [33.0478, 152.435, 8.79258], "carpPosition": [-6.05858, 113, 99.0251], "dipPosition": [24.6826, 148.917, 29.8163], "direction": [0.369887, 0.329055, -0.868854], "extended": true, "handId": 706, "id": 7060, "length": 50.9921, "mcpPosition": [-6.05858, 113, 99.0251], "pipPosition": [12.3432, 137.94, 58.8013], "stabilizedTipPosition": [30.9706, 151.829, 13.7008], "timeVisible": 2.59291, "tipPosition": [28.6062, 154.576, 14.3799], "tipVelocity": [21.4302, -27.1599, -11.4815], "tool": false, "touchDistance": -0.290901, "touchZone": "touching", "type": 0, "width": 22.0693}, {"bases": [[[0.314548, -0.936262, -0.156438], [0.942813, 0.288999, 0.166079], [-0.110283, -0.199732, 0.973625]], [[0.308767, -0.944924, -0.108545], [0.890401, 0.247034, 0.382309], [-0.334439, -0.214693, 0.917637]], [[0.308767, -0.944924, -0.108545], [0.939074, 0.320977, -0.122936], [0.151006, -0.0639731, 0.986461]], [[0.308767, -0.944924, -0.108545], [0.79089, 0.318462, -0.522565], [0.528352, 0.0755038, 0.845661]]], "btipPosition": [-39.6349, 135.283, -54.0672], "carpPosition": [-29.7265, 111.06, 94.8384], "dipPosition": [-48.4673, 136.545, -39.9302], "direction": [0.151006, 0.0639731, -0.986461], "extended": true, "handId": 706, "id": 7061, "length": 57.5389, "mcpPosition": [-37.9801, 126.008, 21.9719], "pipPosition": [-52.0385, 135.032, -16.6014], "stabilizedTipPosition": [-41.6731, 135.549, -50.747], "timeVisible": 2.59291, "tipPosition": [-47.8292, 137.366, -50.4902], "tipVelocity": [-0.100698, 2.13274, -10.8423], "tool": false, "touchDistance": -0.282201, "touchZone": "touching", "type": 1, "width": 21.0806}, {"bases": [[[0.13139, -0.990096, -0.0494644], [0.979768, 0.122097, 0.158576], [-0.150966, -0.069299, 0.986107]], [[0.127901, -0.991423, -0.0268843], [0.965798, 0.118339, 0.230718], [-0.225557, -0.0554738, 0.972649]], [[0.127901, -0.991423, -0.0268843], [0.926586, 0.129115, -0.353225], [0.353666, 0.0202672, 0.935152]], [[0.127901, -0.991423, -0.0268843], [0.669425, 0.106298, -0.735235], [0.731787, 0.0760402, 0.677278]]], "btipPosition": [-33.3797, 105.651, -61.7252], "carpPosition": [-35.3229, 100.078, 92.6041], "dipPosition": [-46.8348, 107.049, -49.2724], "direction": [0.353666, -0.0202672, -0.935152], "extended": true, "handId": 706, "id": 7062, "length": 65.5609, "mcpPosition": [-46.0374, 104.997, 22.617], "pipPosition": [-56.6748, 107.613, -23.2537], "stabilizedTipPosition": [-36.3173, 105.942, -58.6644], "timeVisible": 2.59291, "tipPosition": [-44.7727, 107.267, -59.7477], "tipVelocity": [-16.0401, -1.87274, -18.1229], "tool": false, "touchDistance": -0.245976, "touchZone": "touching", "type": 2, "width": 20.704}, {"bases": [[[0.0335067, -0.99587, 0.084376], [0.98134, 0.0487761, 0.185991], [-0.189338, 0.0765696, 0.978922]], [[0.0392121, -0.997729, 0.0547602], [0.980062, 0.0490849, 0.192533], [-0.194783, 0.0461187, 0.979761]], [[0.0392121, -0.997729, 0.0547602], [0.919089, 0.0145088, -0.393782], [0.392093, 0.0657705, 0.917571]], [[0.0392121, -0.997729, 0.0547602], [0.581171, -0.0218073, -0.813489], [0.812836, 0.0637237, 0.578996]]], "btipPosition": [-33.0735, 78.0924, -49.3534], "carpPosition": [-37.9802, 87.9353, 91.3112], "dipPosition": [-47.9329, 79.2573, -38.7688], "direction": [0.392093, -0.0657705, -0.917571], "extended": true, "handId": 706, "id": 7063, "length": 63.0386, "mcpPosition": [-50.0452, 83.0561, 28.9324], "pipPosition": [-58.5603, 81.04, -13.8986], "stabilizedTipPosition": [-36.22, 78.313, -46.4358], "timeVisible": 2.59291, "tipPosition": [-43.2204, 75.6629, -48.1943], "tipVelocity": [-9.73213, -6.37583, -13.7879], "tool": false, "touchDistance": 0.325742, "touchZone": "hovering", "type": 3, "width": 19.7012}, {"bases": [[[-0.151242, -0.974593, 0.16521], [0.953996, -0.10014, 0.2826], [-0.258876, 0.200351, 0.944904]], [[-0.175552, -0.950669, 0.255755], [0.982657, -0.153451, 0.104109], [-0.0597274, 0.269596, 0.96112]], [[-0.175552, -0.950669, 0.255755], [0.869096, -0.27169, -0.413348], [0.462443, 0.149711, 0.873918]], [[-0.175552, -0.950669, 0.255755], [0.639951, -0.307612, -0.704158], [0.748094, 0.0400538, 0.662383]]], "btipPosition": [-29.4193, 49.4664, -25.6152], "carpPosition": [-33.549, 74.152, 91.268], "dipPosition": [-42.0359, 50.1419, -14.4442], "direction": [0.462443, -0.149711, -0.873918], "extended": true, "handId": 706, "id": 7064, "length": 49.4211, "mcpPosition": [-48.8193, 62.334, 35.5312], "pipPosition": [-50.8856, 53.007, 2.27988], "stabilizedTipPosition": [-32.2617, 49.6588, -22.889], "timeVisible": 2.59291, "tipPosition": [-38.9933, 44.9397, -23.3807], "tipVelocity": [-2.87651, -7.32452, -3.29569], "tool": false, "touchDistance": 0.318592, "touchZone": "hovering", "type": 4, "width": 17.5001}], "r": [[0.958727, -0.281415, -0.0405992], [0.254995, 0.914174, -0.315061], [0.125777, 0.291704, 0.948203]], "s": 1.02144, "t": [5.22882, -20.6154, -31.8196], "timestamp": 746848021681}, {"currentFrameRate": 114.844, "devices": [], "gestures": [], "hands": [{"armBasis": [[-0.170158, -0.889626, -0.423806], [0.700032, 0.193563, -0.687378], [0.693542, -0.413641, 0.58983]], "armWidth": 68.0341, "confidence": 1, "direction": [-0.297607, 0.0791629, -0.951401], "elbow": [-220.629, -31.8223, 281.555], "grabAngle": 0.982721, "grabStrength": 0.190976, "id": 706, "palmNormal": [0.915516, -0.258872, -0.307922], "palmPosition": [-35.1419, 98.9662, 45.5687], "palmVelocity": [8.51037, 9.73596, -0.0522319], "palmWidth": 92.5617, "pinchDistance": 90.7132, "pinchStrength": 0, "r": [[0.959465, -0.278825, -0.0410309], [0.252439, 0.914987, -0.314761], [0.125306, 0.291644, 0.948284]], "s": 1.02211, "sphereCenter": [-2.41129, 85.6509, 0.615016], "sphereRadius": 65.9464, "stabilizedPalmPosition": [-35.3493, 98.7956, 45.595], "t": [-5.15418, -20.539, -31.8342], "timeVisible": 2.60162, "type": "left", "wrist": [-30.1383, 81.79, 119.55]}], "id": 1306701, "interactionBox": {"center": [0, 200, 0], "size": [235.247, 235.247, 147.751]}, "pointables": [{"bases": [[[0.985851, -0.140384, 0.0916026], [0.075455, 0.859621, 0.505329], [-0.149684, -0.491267, 0.858051]], [[0.928685, 0.12396, -0.349539], [0.0719439, 0.864369, 0.497685], [0.363824, -0.48734, 0.793809]], [[0.928685, 0.12396, -0.349539], [0.00619017, 0.937175, 0.348804], [0.370817, -0.326093, 0.869573]], [[0.928685, 0.12396, -0.349539], [-0.0616913, 0.98099, 0.18399], [0.365702, -0.149305, 0.918678]]], "btipPosition": [33.2476, 152.133, 8.66172], "carpPosition": [-5.97189, 113.088, 99.0168], "dipPosition": [24.8735, 148.714, 29.6983], "direction": [0.370817, 0.326093, -0.869573], "extended": true, "handId": 706, "id": 7060, "length": 50.9921, "mcpPosition": [-5.97189, 113.088, 99.0168], "pipPosition": [12.503, 137.835, 58.7073], "stabilizedTipPosition": [31.1443, 151.59, 13.6015], "timeVisible": 2.60162, "tipPosition": [28.8594, 154.423, 14.3175], "tipVelocity": [22.7032, -32.1123, -14.6868], "tool": false, "touchDistance": -0.292062, "touchZone": "touching", "type": 0, "width": 22.0693}, {"bases": [[[0.316793, -0.935704, -0.15524], [0.942166, 0.291561, 0.165274], [-0.109386, -0.198619, 0.973953]], [[0.310822, -0.944592, -0.105524], [0.889739, 0.250115, 0.381848], [-0.334297, -0.212575, 0.918181]], [[0.310822, -0.944592, -0.105524], [0.939047, 0.322348, -0.119508], [0.146902, -0.0619458, 0.987209]], [[0.310822, -0.944592, -0.105524], [0.793515, 0.319004, -0.518238], [0.523186, 0.0773454, 0.848701]]], "btipPosition": [-39.6614, 135.173, -54.1987], "carpPosition": [-29.6428, 111.201, 94.8229], "dipPosition": [-48.4076, 136.466, -40.0109], "direction": [0.146902, 0.0619458, -0.987209], "extended": true, "handId": 706, "id": 7061, "length": 57.5389, "mcpPosition": [-37.8293, 126.066, 21.9318], "pipPosition": [-51.8816, 135.001, -16.6645], "stabilizedTipPosition": [-41.6731, 135.517, -50.8232], "timeVisible": 2.60162, "tipPosition": [-47.5302, 137.317, -50.5563], "tipVelocity": [-0.770918, -11.7931, -13.7609], "tool": false, "touchDistance": -0.284112, "touchZone": "touching", "type": 1, "width": 21.0806}, {"bases": [[[0.133813, -0.989838, -0.0481131], [0.97953, 0.12474, 0.157992], [-0.150385, -0.0682696, 0.986267]], [[0.130081, -0.991216, -0.0238885], [0.965343, 0.121114, 0.231182], [-0.226258, -0.053133, 0.972617]], [[0.130081, -0.991216, -0.0238885], [0.928358, 0.130222, -0.348128], [0.34818, 0.0231077, 0.937143]], [[0.130081, -0.991216, -0.0238885], [0.67625, 0.106315, -0.728961], [0.725097, 0.0786694, 0.684139]]], "btipPosition": [-33.5896, 105.492, -61.9189], "carpPosition": [-35.2653, 100.23, 92.6018], "dipPosition": [-46.9217, 106.938, -49.3399], "direction": [0.34818, -0.0231077, -0.937143], "extended": true, "handId": 706, "id": 7062, "length": 65.5609, "mcpPosition": [-45.9386, 105.076, 22.6033], "pipPosition": [-56.6091, 107.581, -23.2658], "stabilizedTipPosition": [-36.4427, 105.899, -58.7981], "timeVisible": 2.60162, "tipPosition": [-44.4462, 107.193, -59.7465], "tipVelocity": [-20.8561, -16.9714, -18.9048], "tool": false, "touchDistance": -0.24872, "touchZone": "touching", "type": 2, "width": 20.704}, {"bases": [[[0.0359996, -0.995664, 0.0857764], [0.981294, 0.0514617, 0.185511], [-0.189121, 0.0774935, 0.978891]], [[0.0413574, -0.997463, 0.0579344], [0.979951, 0.0518054, 0.192387], [-0.1949, 0.0488162, 0.979608]], [[0.0413574, -0.997463, 0.0579344], [0.919755, 0.0153561, -0.392194], [0.390309, 0.0695055, 0.918057]], [[0.0413574, -0.997463, 0.0579344], [0.587361, -0.0226351, -0.809008], [0.808267, 0.0674869, 0.584935]]], "btipPosition": [-33.1685, 77.9022, -49.4526], "carpPosition": [-37.9521, 88.092, 91.3251], "dipPosition": [-47.9443, 79.136, -38.7594], "direction": [0.390309, -0.0695055, -0.918057], "extended": true, "handId": 706, "id": 7063, "length": 63.0386, "mcpPosition": [-50.0032, 83.1539, 28.9482], "pipPosition": [-58.5234, 81.0199, -13.8761], "stabilizedTipPosition": [-36.2583, 78.299, -46.4974], "timeVisible": 2.60162, "tipPosition": [-43.0712, 75.6704, -48.1484], "tipVelocity": [-8.70038, -20.0173, -8.51827], "tool": false, "touchDistance": 0.324506, "touchZone": "hovering", "type": 3, "width": 19.7012}, {"bases": [[[-0.148767, -0.974727, 0.166657], [0.954358, -0.097384, 0.282343], [-0.258978, 0.201054, 0.944726]], [[-0.173659, -0.950054, 0.259305], [0.983049, -0.151513, 0.103238], [-0.0587934, 0.272838, 0.960262]], [[-0.173659, -0.950054, 0.259305], [0.868958, -0.271726, -0.413615], [0.463417, 0.153497, 0.872745]], [[-0.173659, -0.950054, 0.259305], [0.643344, -0.308798, -0.700537], [0.745621, 0.0451678, 0.664838]]], "btipPosition": [-29.422, 49.2998, -25.5587], "carpPosition": [-33.5549, 74.2978, 91.3033], "dipPosition": [-41.9968, 50.0616, -14.3463], "direction": [0.463417, -0.153497, -0.872745], "extended": true, "handId": 706, "id": 7064, "length": 49.4211, "mcpPosition": [-48.8311, 62.4382, 35.5769], "pipPosition": [-50.8652, 52.999, 2.35533], "stabilizedTipPosition": [-32.2706, 49.6275, -22.9044], "timeVisible": 2.60162, "tipPosition": [-38.9662, 44.9749, -23.3032], "tipVelocity": [0.797961, -16.8543, 7.58061], "tool": false, "touchDistance": 0.319693, "touchZone": "hovering", "type": 4, "width": 17.5001}], "r": [[0.959465, -0.278825, -0.0410309], [0.252439, 0.914987, -0.314761], [0.125306, 0.291644, 0.948284]], "s": 1.02211, "t": [5.15418, -20.539, -31.8342], "timestamp": 746848030390}, {"currentFrameRate": 114.855, "devices": [], "gestures": [], "hands": [{"armBasis": [[-0.17022, -0.889153, -0.424772], [0.699987, 0.194296, -0.687217], [0.693573, -0.414313, 0.589323]], "armWidth": 68.0341, "confidence": 1, "direction": [-0.296689, 0.079501, -0.951659], "elbow": [-220.642, -31.9132, 281.408], "grabAngle": 0.975852, "grabStrength": 0.185869, "id": 706, "palmNormal": [0.915644, -0.259363, -0.307128], "palmPosition": [-35.0789, 99.0872, 45.561], "palmVelocity": [7.25147, 13.9327, -0.877297], "palmWidth": 92.5617, "pinchDistance": 90.6867, "pinchStrength": 0, "r": [[0.960076, -0.276636, -0.0415609], [0.250226, 0.915672, -0.314535], [0.125068, 0.291578, 0.948336]], "s": 1.02294, "sphereCenter": [-2.37044, 85.3179, 0.596739], "sphereRadius": 66.0565, "stabilizedPalmPosition": [-35.277, 98.8736, 45.5859], "t": [-5.08536, -20.4403, -31.8453], "timeVisible": 2.61031, "type": "left", "wrist": [-30.1423, 81.8837, 119.543]}], "id": 1306702, "interactionBox": {"center": [0, 200, 0], "size": [235.247, 235.247, 147.751]}, "pointables": [{"bases": [[[0.986017, -0.139814, 0.0906761], [0.0754077, 0.85958, 0.505406], [-0.148606, -0.491502, 0.858104]], [[0.928345, 0.124497, -0.350251], [0.0710539, 0.865439, 0.49595], [0.364865, -0.485299, 0.79458]], [[0.928345, 0.124497, -0.350251], [0.00552858, 0.937518, 0.347894], [0.371678, -0.324902, 0.869652]], [[0.928345, 0.124497, -0.350251], [-0.0629708, 0.981299, 0.181898], [0.366347, -0.146808, 0.918824]]], "btipPosition": [33.3664, 152.027, 8.63807], "carpPosition": [-5.94947, 113.183, 99.0382], "dipPosition": [24.9776, 148.665, 29.6779], "direction": [0.371678, 0.324902, -0.869651], "extended": true, "handId": 706, "id": 7060, "length": 50.9921, "mcpPosition": [-5.94947, 113.183, 99.0382], "pipPosition": [12.5783, 137.826, 58.6896], "stabilizedTipPosition": [31.2844, 151.429, 13.542], "timeVisible": 2.61031, "tipPosition": [29.0159, 154.469, 14.3661], "tipVelocity": [13.2864, -10.6737, -2.6346], "tool": false, "touchDistance": -0.291533, "touchZone": "touching", "type": 0, "width": 22.0693}, {"bases": [[[0.317206, -0.93549, -0.155689], [0.942144, 0.292092, 0.164461], [-0.108376, -0.198849, 0.974019]], [[0.311103, -0.94461, -0.104529], [0.889716, 0.250814, 0.381442], [-0.334097, -0.211669, 0.918464]], [[0.311103, -0.94461, -0.104529], [0.939375, 0.322323, -0.116974], [0.144187, -0.0618009, 0.987619]], [[0.311103, -0.94461, -0.104529], [0.795526, 0.319008, -0.515143], [0.519955, 0.0771069, 0.850706]]], "btipPosition": [-39.6705, 135.262, -54.2592], "carpPosition": [-29.6176, 111.31, 94.8223], "dipPosition": [-48.3626, 136.551, -40.0379], "direction": [0.144187, 0.0618009, -0.987619], "extended": true, "handId": 706, "id": 7061, "length": 57.5389, "mcpPosition": [-37.7285, 126.192, 21.9264], "pipPosition": [-51.7725, 135.09, -16.6818], "stabilizedTipPosition": [-41.6717, 135.534, -50.8899], "timeVisible": 2.61031, "tipPosition": [-47.2878, 137.439, -50.5738], "tipVelocity": [0.386579, 10.1519, -6.07853], "tool": false, "touchDistance": -0.284826, "touchZone": "touching", "type": 1, "width": 21.0806}, {"bases": [[[0.134356, -0.98975, -0.0484041], [0.9796, 0.125294, 0.157117], [-0.149442, -0.0685263, 0.986393]], [[0.130451, -0.99119, -0.0229065], [0.965117, 0.121661, 0.231833], [-0.227004, -0.0523503, 0.972486]], [[0.130451, -0.99119, -0.0229065], [0.930193, 0.130353, -0.343146], [0.343109, 0.0234561, 0.939003]], [[0.130451, -0.99119, -0.0229065], [0.682201, 0.106502, -0.723367], [0.719433, 0.0787368, 0.690084]]], "btipPosition": [-33.7824, 105.576, -62.0902], "carpPosition": [-35.2446, 100.343, 92.5943], "dipPosition": [-47.0103, 107.023, -49.4019], "direction": [0.343109, -0.0234561, -0.939003], "extended": true, "handId": 706, "id": 7062, "length": 65.5609, "mcpPosition": [-45.851, 105.207, 22.5869], "pipPosition": [-56.5566, 107.676, -23.2761], "stabilizedTipPosition": [-36.5786, 105.902, -58.9311], "timeVisible": 2.61031, "tipPosition": [-44.1056, 107.304, -59.7473], "tipVelocity": [-19.4336, 9.64391, -16.8277], "tool": false, "touchDistance": -0.251157, "touchZone": "touching", "type": 2, "width": 20.704}, {"bases": [[[0.0366687, -0.995657, 0.0855738], [0.981433, 0.0520125, 0.184621], [-0.18827, 0.0772151, 0.979077]], [[0.0416929, -0.997366, 0.0593471], [0.979925, 0.0524096, 0.192353], [-0.194956, 0.050136, 0.97953]], [[0.0416929, -0.997366, 0.0593471], [0.920535, 0.0152531, -0.390362], [0.388429, 0.0709065, 0.918746]], [[0.0416929, -0.997366, 0.0593471], [0.593252, -0.0230822, -0.804686], [0.803936, 0.0687575, 0.590727]]], "btipPosition": [-33.2322, 77.916, -49.5977], "carpPosition": [-37.9374, 88.2069, 91.313], "dipPosition": [-47.9289, 79.173, -38.7986], "direction": [0.388429, -0.0709065, -0.918746], "extended": true, "handId": 706, "id": 7063, "length": 63.0386, "mcpPosition": [-49.9344, 83.2866, 28.9243], "pipPosition": [-58.457, 81.0949, -13.8966], "stabilizedTipPosition": [-36.2869, 78.2914, -46.5472], "timeVisible": 2.61031, "tipPosition": [-42.836, 75.85, -48.1505], "tipVelocity": [-5.24219, 2.20134, -13.899], "tool": false, "touchDistance": 0.322494, "touchZone": "hovering", "type": 3, "width": 19.7012}, {"bases": [[[-0.148036, -0.974844, 0.166627], [0.954674, -0.0968656, 0.281452], [-0.258232, 0.20074, 0.944997]], [[-0.173453, -0.94947, 0.261572], [0.983156, -0.151401, 0.102384], [-0.0576082, 0.274925, 0.959738]], [[-0.173453, -0.94947, 0.261572], [0.86884, -0.272584, -0.413298], [0.463715, 0.155577, 0.872218]], [[-0.173453, -0.94947, 0.261572], [0.646778, -0.310115, -0.696783], [0.742692, 0.04832, 0.667887]]], "btipPosition": [-29.3742, 49.2655, -25.6083], "carpPosition": [-33.5484, 74.4101, 91.2929], "dipPosition": [-41.8997, 50.0804, -14.3444], "direction": [0.463715, -0.155576, -0.872218], "extended": true, "handId": 706, "id": 7064, "length": 49.4211, "mcpPosition": [-48.7807, 62.5691, 35.5506], "pipPosition": [-50.7737, 53.0577, 2.34708], "stabilizedTipPosition": [-32.2681, 49.5993, -22.9227], "timeVisible": 2.61031, "tipPosition": [-38.8026, 45.1556, -23.3203], "tipVelocity": [6.81011, -2.54194, -4.34817], "tool": false, "touchDistance": 0.319063, "touchZone": "hovering", "type": 4, "width": 17.5001}], "r": [[0.960076, -0.276636, -0.0415609], [0.250226, 0.915672, -0.314535], [0.125068, 0.291578, 0.948336]], "s": 1.02294, "t": [5.08536, -20.4403, -31.8453], "timestamp": 746848039077}, {"currentFrameRate": 114.888, "devices": [], "gestures": [], "hands": [{"armBasis": [[-0.169569, -0.888456, -0.426489], [0.700389, 0.19581, -0.686378], [0.693327, -0.415097, 0.589061]], "armWidth": 68.0341, "confidence": 1, "direction": [-0.295222, 0.0800679, -0.952068], "elbow": [-220.593, -32.0651, 281.296], "grabAngle": 0.969603, "grabStrength": 0.180681, "id": 706, "palmNormal": [0.915743, -0.260499, -0.305866], "palmPosition": [-34.9932, 99.1884, 45.5158], "palmVelocity": [9.90345, 11.7046, -5.23209], "palmWidth": 92.5617, "pinchDistance": 90.6894, "pinchStrength": 0, "r": [[0.96062, -0.274632, -0.0422698], [0.248125, 0.916293, -0.31439], [0.125073, 0.291521, 0.948352]], "s": 1.0239, "sphereCenter": [-2.3058, 85.0021, 0.559384], "sphereRadius": 66.1523, "stabilizedPalmPosition": [-35.2051, 98.9534, 45.5681], "t": [-5.00813, -20.3403, -31.8735], "timeVisible": 2.61895, "type": "left", "wrist": [-30.161, 81.947, 119.502]}], "id": 1306703, "interactionBox": {"center": [0, 200, 0], "size": [235.247, 235.247, 147.751]}, "pointables": [{"bases": [[[0.986328, -0.138544, 0.0892379], [0.0750094, 0.859582, 0.505462], [-0.146736, -0.491857, 0.858222]], [[0.927689, 0.125761, -0.351535], [0.0700385, 0.866225, 0.49472], [0.366725, -0.483568, 0.79478]], [[0.927689, 0.125761, -0.351535], [0.00443864, 0.93778, 0.347203], [0.373327, -0.323657, 0.86941]], [[0.927689, 0.125761, -0.351535], [-0.0647849, 0.981501, 0.180165], [0.367689, -0.144363, 0.918675]]], "btipPosition": [33.574, 151.894, 8.63848], "carpPosition": [-5.92204, 113.236, 99.0373], "dipPosition": [25.1544, 148.589, 29.675], "direction": [0.373327, 0.323657, -0.86941], "extended": true, "handId": 706, "id": 7060, "length": 50.9921, "mcpPosition": [-5.92204, 113.236, 99.0373], "pipPosition": [12.7002, 137.792, 58.6785], "stabilizedTipPosition": [31.449, 151.292, 13.5116], "timeVisible": 2.61895, "tipPosition": [29.2427, 154.458, 14.4137], "tipVelocity": [23.1816, -13.814, -0.0428986], "tool": false, "touchDistance": -0.290718, "touchZone": "touching", "type": 0, "width": 22.0693}, {"bases": [[[0.318203, -0.935046, -0.156321], [0.941996, 0.29329, 0.163168], [-0.106722, -0.199175, 0.974135]], [[0.311997, -0.944411, -0.10366], [0.889624, 0.2521, 0.380807], [-0.333506, -0.211029, 0.918826]], [[0.311997, -0.944411, -0.10366], [0.939452, 0.322941, -0.11463], [0.141734, -0.0616192, 0.987985]], [[0.311997, -0.944411, -0.10366], [0.797307, 0.319599, -0.512013], [0.51668, 0.0770978, 0.8527]]], "btipPosition": [-39.6036, 135.341, -54.3603], "carpPosition": [-29.5866, 111.395, 94.7872], "dipPosition": [-48.2409, 136.629, -40.1057], "direction": [0.141734, 0.0616192, -0.987985], "extended": true, "handId": 706, "id": 7061, "length": 57.5389, "mcpPosition": [-37.5737, 126.301, 21.8825], "pipPosition": [-51.5928, 135.172, -16.7408], "stabilizedTipPosition": [-41.6408, 135.573, -50.9626], "timeVisible": 2.61895, "tipPosition": [-46.9419, 137.548, -50.6352], "tipVelocity": [9.19592, 9.02457, -10.7983], "tool": false, "touchDistance": -0.286078, "touchZone": "touching", "type": 1, "width": 21.0806}, {"bases": [[[0.135578, -0.989565, -0.0487851], [0.979659, 0.126543, 0.155738], [-0.14794, -0.0689075, 0.986593]], [[0.131543, -0.991062, -0.022184], [0.964938, 0.122883, 0.231936], [-0.227137, -0.0519156, 0.972478]], [[0.131543, -0.991062, -0.022184], [0.931393, 0.131223, -0.339541], [0.339417, 0.024002, 0.94033]], [[0.131543, -0.991062, -0.022184], [0.686328, 0.107197, -0.719349], [0.715298, 0.0793995, 0.694295]]], "btipPosition": [-33.8409, 105.647, -62.2637], "carpPosition": [-35.2247, 100.436, 92.549], "dipPosition": [-46.9927, 107.107, -49.498], "direction": [0.339417, -0.024002, -0.94033], "extended": true, "handId": 706, "id": 7062, "length": 65.5609, "mcpPosition": [-45.7244, 105.327, 22.5274], "pipPosition": [-56.4363, 107.775, -23.3352], "stabilizedTipPosition": [-36.6608, 105.925, -59.0445], "timeVisible": 2.61895, "tipPosition": [-43.7173, 107.407, -59.7942], "tipVelocity": [-4.73646, 8.61998, -17.9965], "tool": false, "touchDistance": -0.253751, "touchZone": "touching", "type": 2, "width": 20.704}, {"bases": [[[0.0380905, -0.995624, 0.0853314], [0.981627, 0.0532586, 0.183226], [-0.186969, 0.0767845, 0.97936]], [[0.0427762, -0.997239, 0.0606971], [0.979959, 0.0537102, 0.191822], [-0.194553, 0.0512752, 0.979551]], [[0.0427762, -0.997239, 0.0606971], [0.920935, 0.0158025, -0.389397], [0.387362, 0.072555, 0.919068]], [[0.0427762, -0.997239, 0.0606971], [0.598084, -0.0231045, -0.8011], [0.800291, 0.07057, 0.595444]]], "btipPosition": [-33.2212, 77.9122, -49.7631], "carpPosition": [-37.9315, 88.3032, 91.2616], "dipPosition": [-47.8513, 79.2023, -38.8778], "direction": [0.387362, -0.072555, -0.919068], "extended": true, "handId": 706, "id": 7063, "length": 63.0386, "mcpPosition": [-49.8455, 83.4104, 28.8548], "pipPosition": [-58.3505, 81.1688, -13.967], "stabilizedTipPosition": [-36.3037, 78.2868, -46.5871], "timeVisible": 2.61895, "tipPosition": [-42.5578, 76.0117, -48.1973], "tipVelocity": [3.04145, 0.437286, -16.8296], "tool": false, "touchDistance": 0.320068, "touchZone": "hovering", "type": 3, "width": 19.7012}, {"bases": [[[-0.146526, -0.975068, 0.166653], [0.955201, -0.0956726, 0.280067], [-0.25714, 0.200224, 0.945404]], [[-0.172433, -0.949007, 0.263917], [0.983413, -0.150555, 0.10115], [-0.0562584, 0.276981, 0.959227]], [[-0.172433, -0.949007, 0.263917], [0.868828, -0.272774, -0.413197], [0.464117, 0.15805, 0.87156]], [[-0.172433, -0.949007, 0.263917], [0.649788, -0.310955, -0.693601], [0.740299, 0.0518901, 0.670272]]], "btipPosition": [-29.3078, 49.2079, -25.6901], "carpPosition": [-33.5604, 74.5007, 91.2451], "dipPosition": [-41.7929, 50.083, -14.386], "direction": [0.464117, -0.15805, -0.87156], "extended": true, "handId": 706, "id": 7064, "length": 49.4211, "mcpPosition": [-48.7283, 62.6901, 35.4787], "pipPosition": [-50.6746, 53.1076, 2.29295], "stabilizedTipPosition": [-32.2553, 49.5719, -22.9469], "timeVisible": 2.61895, "tipPosition": [-38.6193, 45.3188, -23.378], "tipVelocity": [8.74884, -5.06299, -8.38213], "tool": false, "touchDistance": 0.317855, "touchZone": "hovering", "type": 4, "width": 17.5001}], "r": [[0.96062, -0.274632, -0.0422698], [0.248125, 0.916293, -0.31439], [0.125073, 0.291521, 0.948352]], "s": 1.0239, "t": [5.00813, -20.3403, -31.8735], "timestamp": 746848047726}, {"currentFrameRate": 114.908, "devices": [], "gestures": [], "hands": [{"armBasis": [[-0.170225, -0.887779, -0.427634], [0.701, 0.195897, -0.685728], [0.692548, -0.4165, 0.588987]], "armWidth": 68.0341, "confidence": 1, "direction": [-0.294801, 0.0791784, -0.952273], "elbow": [-220.342, -32.3301, 281.259], "grabAngle": 0.962911, "grabStrength": 0.175452, "id": 706, "palmNormal": [0.915627, -0.261673, -0.305213], "palmPosition": [-34.9329, 99.2588, 45.4835], "palmVelocity": [6.96741, 8.1207, -3.72967], "palmWidth": 92.5617, "pinchDistance": 90.7091, "pinchStrength": 0, "r": [[0.961097, -0.272868, -0.0428415], [0.246259, 0.916754, -0.314512], [0.125095, 0.291726, 0.948286]], "s": 1.02507, "sphereCenter": [-2.19209, 84.5414, 0.511504], "sphereRadius": 66.316, "stabilizedPalmPosition": [-35.1395, 99.027, 45.5477], "t": [-4.93932, -20.2551, -31.9037], "timeVisible": 2.62762, "type": "left", "wrist": [-30.1245, 82.0672, 119.486]}], "id": 1306704, "interactionBox": {"center": [0, 200, 0], "size": [235.247, 235.247, 147.751]}, "pointables": [{"bases": [[[0.986482, -0.13757, 0.0890403], [0.0744402, 0.860257, 0.504397], [-0.145987, -0.49095, 0.858869]], [[0.927318, 0.126327, -0.35231], [0.0689133, 0.867592, 0.492479], [0.367875, -0.480964, 0.795828]], [[0.927318, 0.126327, -0.35231], [0.00327399, 0.938542, 0.34515], [0.374259, -0.321217, 0.869913]], [[0.927318, 0.126327, -0.35231], [-0.0663041, 0.981876, 0.177551], [0.368354, -0.141286, 0.918887]]], "btipPosition": [33.7317, 151.72, 8.52504], "carpPosition": [-5.86905, 113.345, 98.9987], "dipPosition": [25.2969, 148.485, 29.5664], "direction": [0.374259, 0.321217, -0.869914], "extended": true, "handId": 706, "id": 7060, "length": 50.9921, "mcpPosition": [-5.86905, 113.345, 98.9987], "pipPosition": [12.8116, 137.769, 58.5867], "stabilizedTipPosition": [31.5946, 151.157, 13.4491], "timeVisible": 2.62762, "tipPosition": [29.386, 154.402, 14.3293], "tipVelocity": [17.7902, -18.2775, -12.9581], "tool": false, "touchDistance": -0.291665, "touchZone": "touching", "type": 0, "width": 22.0693}, {"bases": [[[0.318967, -0.934954, -0.155311], [0.941798, 0.294314, 0.162466], [-0.106188, -0.198093, 0.974414]], [[0.312606, -0.944478, -0.101183], [0.889448, 0.253663, 0.380181], [-0.333406, -0.208844, 0.919361]], [[0.312606, -0.944478, -0.101183], [0.939689, 0.323056, -0.112337], [0.138788, -0.0599636, 0.988505]], [[0.312606, -0.944478, -0.101183], [0.799779, 0.31918, -0.508406], [0.512475, 0.0780066, 0.855152]]], "btipPosition": [-39.6464, 135.238, -54.502], "carpPosition": [-29.5336, 111.52, 94.7421], "dipPosition": [-48.2135, 136.543, -40.2064], "direction": [0.138788, 0.0599636, -0.988505], "extended": true, "handId": 706, "id": 7061, "length": 57.5389, "mcpPosition": [-37.4807, 126.346, 21.8166], "pipPosition": [-51.4956, 135.124, -16.8293], "stabilizedTipPosition": [-41.633, 135.562, -51.0446], "timeVisible": 2.62762, "tipPosition": [-46.7529, 137.491, -50.7238], "tipVelocity": [-3.07643, -11.3733, -15.2665], "tool": false, "touchDistance": -0.287788, "touchZone": "touching", "type": 1, "width": 21.0806}, {"bases": [[[0.13643, -0.989504, -0.0476415], [0.979605, 0.127591, 0.155223], [-0.147515, -0.067847, 0.98673]], [[0.132238, -0.991017, -0.0199457], [0.96459, 0.124027, 0.232774], [-0.228209, -0.0500211, 0.972326]], [[0.132238, -0.991017, -0.0199457], [0.933, 0.131241, -0.335091], [0.334699, 0.0257025, 0.941975]], [[0.132238, -0.991017, -0.0199457], [0.691774, 0.106682, -0.71419], [0.709902, 0.0806453, 0.699668]]], "btipPosition": [-34.0476, 105.54, -62.4448], "carpPosition": [-35.1805, 100.563, 92.515], "dipPosition": [-47.1003, 107.023, -49.5802], "direction": [0.334699, -0.0257025, -0.941975], "extended": true, "handId": 706, "id": 7062, "length": 65.5609, "mcpPosition": [-45.6502, 105.379, 22.4837], "pipPosition": [-56.4126, 107.738, -23.3717], "stabilizedTipPosition": [-36.7715, 105.913, -59.1702], "timeVisible": 2.62762, "tipPosition": [-43.4759, 107.328, -59.8323], "tipVelocity": [-21.2247, -11.7934, -18.2695], "tool": false, "touchDistance": -0.25639, "touchZone": "touching", "type": 2, "width": 20.704}, {"bases": [[[0.038997, -0.995487, 0.0865183], [0.981647, 0.054342, 0.182799], [-0.186675, 0.0778018, 0.979336]], [[0.0432946, -0.997017, 0.0638946], [0.979963, 0.0548257, 0.191488], [-0.19442, 0.054324, 0.979413]], [[0.0432946, -0.997017, 0.0638946], [0.921595, 0.0151634, -0.387856], [0.38573, 0.0756771, 0.919503]], [[0.0432946, -0.997017, 0.0638946], [0.604521, -0.0247746, -0.796204], [0.795412, 0.073097, 0.601645]]], "btipPosition": [-33.2962, 77.7114, -49.9009], "carpPosition": [-37.8975, 88.4314, 91.2412], "dipPosition": [-47.837, 79.0477, -38.9023], "direction": [0.385731, -0.0756771, -0.919503], "extended": true, "handId": 706, "id": 7063, "length": 63.0386, "mcpPosition": [-49.7928, 83.4737, 28.836], "pipPosition": [-58.292, 81.0989, -13.9798], "stabilizedTipPosition": [-36.3236, 78.2709, -46.6335], "timeVisible": 2.62762, "tipPosition": [-42.3972, 76.0058, -48.1921], "tipVelocity": [-6.27896, -21.9334, -12.8981], "tool": false, "touchDistance": 0.318204, "touchZone": "hovering", "type": 3, "width": 19.7012}, {"bases": [[[-0.145607, -0.974994, 0.167883], [0.955388, -0.0944954, 0.279829], [-0.256968, 0.201139, 0.945257]], [[-0.172271, -0.947869, 0.26808], [0.983541, -0.150461, 0.100038], [-0.0544874, 0.280902, 0.958189]], [[-0.172271, -0.947869, 0.26808], [0.868753, -0.274479, -0.412224], [0.464317, 0.161881, 0.870749]], [[-0.172271, -0.947869, 0.26808], [0.653263, -0.313628, -0.689119], [0.737272, 0.0564118, 0.673237]]], "btipPosition": [-29.2617, 48.993, -25.682], "carpPosition": [-33.5386, 74.6251, 91.243], "dipPosition": [-41.6958, 49.9444, -14.3279], "direction": [0.464317, -0.161881, -0.870749], "extended": true, "handId": 706, "id": 7064, "length": 49.4211, "mcpPosition": [-48.6963, 62.7605, 35.4854], "pipPosition": [-50.5813, 53.0423, 2.3355], "stabilizedTipPosition": [-32.2347, 49.5163, -22.966], "timeVisible": 2.62762, "tipPosition": [-38.5029, 45.3564, -23.3433], "tipVelocity": [6.66996, -22.7616, 2.25668], "tool": false, "touchDistance": 0.318181, "touchZone": "hovering", "type": 4, "width": 17.5001}], "r": [[0.961097, -0.272868, -0.0428415], [0.246259, 0.916754, -0.314512], [0.125095, 0.291726, 0.948286]], "s": 1.02507, "t": [4.93932, -20.2551, -31.9037], "timestamp": 746848056394}, {"currentFrameRate": 114.935, "devices": [], "gestures": [], "hands": [{"armBasis": [[-0.171061, -0.886725, -0.429485], [0.70259, 0.195816, -0.684122], [0.690728, -0.418778, 0.589508]], "armWidth": 68.0341, "confidence": 1, "direction": [-0.294251, 0.0778669, -0.952551], "elbow": [-219.784, -32.7895, 281.372], "grabAngle": 0.957118, "grabStrength": 0.170796, "id": 706, "palmNormal": [0.915649, -0.262634, -0.304321], "palmPosition": [-34.8589, 99.3578, 45.4295], "palmVelocity": [8.54766, 11.437, -6.23898], "palmWidth": 92.5617, "pinchDistance": 90.7594, "pinchStrength": 0, "r": [[0.961501, -0.271367, -0.0433173], [0.244634, 0.91705, -0.314918], [0.125183, 0.292197, 0.94813]], "s": 1.02647, "sphereCenter": [-2.0981, 84.1395, 0.455867], "sphereRadius": 66.4574, "stabilizedPalmPosition": [-35.0765, 99.1012, 45.5212], "t": [-4.86792, -20.163, -31.9459], "timeVisible": 2.63628, "type": "left", "wrist": [-30.0658, 82.2338, 119.455]}], "id": 1306705, "interactionBox": {"center": [0, 200, 0], "size": [235.247, 235.247, 147.751]}, "pointables": [{"bases": [[[0.986603, -0.136903, 0.088726], [0.074247, 0.861074, 0.503029], [-0.145266, -0.489702, 0.859703]], [[0.92679, 0.126645, -0.353582], [0.0681884, 0.869049, 0.490005], [0.369337, -0.478242, 0.79679]], [[0.92679, 0.126645, -0.353582], [0.00239746, 0.939419, 0.342763], [0.375571, -0.318517, 0.870341]], [[0.92679, 0.126645, -0.353582], [-0.0673656, 0.982219, 0.175234], [0.369488, -0.138586, 0.918843]]], "btipPosition": [33.9287, 151.596, 8.40264], "carpPosition": [-5.81603, 113.511, 98.9385], "dipPosition": [25.4679, 148.422, 29.443], "direction": [0.375571, 0.318517, -0.870341], "extended": true, "handId": 706, "id": 7060, "length": 50.9921, "mcpPosition": [-5.81603, 113.511, 98.9385], "pipPosition": [12.9388, 137.796, 58.4776], "stabilizedTipPosition": [31.7436, 151.045, 13.3696], "timeVisible": 2.63628, "tipPosition": [29.5299, 154.385, 14.2152], "tipVelocity": [22.0771, -12.7066, -14.1704], "tool": false, "touchDistance": -0.292671, "touchZone": "touching", "type": 0, "width": 22.0693}, {"bases": [[[0.319386, -0.935021, -0.154038], [0.941727, 0.295069, 0.161509], [-0.105562, -0.196646, 0.974775]], [[0.312912, -0.944638, -0.098721], [0.889371, 0.254944, 0.379504], [-0.333325, -0.206551, 0.919908]], [[0.312912, -0.944638, -0.098721], [0.939966, 0.322906, -0.110433], [0.136196, -0.0582387, 0.988969]], [[0.312912, -0.944638, -0.098721], [0.801342, 0.318373, -0.506447], [0.509839, 0.0793643, 0.856601]]], "btipPosition": [-39.6472, 135.142, -54.6573], "carpPosition": [-29.4793, 111.692, 94.672], "dipPosition": [-48.1702, 136.469, -40.3375], "direction": [0.136196, 0.0582387, -0.988969], "extended": true, "handId": 706, "id": 7061, "length": 57.5389, "mcpPosition": [-37.3796, 126.409, 21.7194], "pipPosition": [-51.3911, 135.092, -16.9494], "stabilizedTipPosition": [-41.6261, 135.531, -51.1304], "timeVisible": 2.63628, "tipPosition": [-46.5586, 137.428, -50.848], "tipVelocity": [1.0759, -10.502, -17.3015], "tool": false, "touchDistance": -0.289589, "touchZone": "touching", "type": 1, "width": 21.0806}, {"bases": [[[0.136936, -0.989503, -0.0461877], [0.979619, 0.128356, 0.154504], [-0.146953, -0.0664033, 0.986912]], [[0.132583, -0.991021, -0.0173259], [0.964253, 0.124916, 0.233691], [-0.229428, -0.0476899, 0.972157]], [[0.132583, -0.991021, -0.0173259], [0.934479, 0.130807, -0.331118], [0.330411, 0.0277097, 0.94343]], [[0.132583, -0.991021, -0.0173259], [0.695893, 0.105518, -0.710351], [0.705801, 0.0821232, 0.703634]]], "btipPosition": [-34.2103, 105.416, -62.6193], "carpPosition": [-35.1309, 100.735, 92.4588], "dipPosition": [-47.1876, 106.926, -49.6819], "direction": [0.330411, -0.0277097, -0.94343], "extended": true, "handId": 706, "id": 7062, "length": 65.5609, "mcpPosition": [-45.5606, 105.448, 22.4146], "pipPosition": [-56.3806, 107.697, -23.4329], "stabilizedTipPosition": [-36.8882, 105.871, -59.3006], "timeVisible": 2.63628, "tipPosition": [-43.2216, 107.239, -59.8981], "tipVelocity": [-16.7947, -13.576, -18.2312], "tool": false, "touchDistance": -0.25902, "touchZone": "touching", "type": 2, "width": 20.704}, {"bases": [[[0.0395776, -0.995331, 0.0880332], [0.981715, 0.0551503, 0.182191], [-0.186195, 0.0792128, 0.979314]], [[0.0434289, -0.996759, 0.0677132], [0.979979, 0.0556837, 0.191157], [-0.194308, 0.0580557, 0.979221]], [[0.0434289, -0.996759, 0.0677132], [0.922215, 0.0139299, -0.386426], [0.38423, 0.0792282, 0.919832]], [[0.0434289, -0.996759, 0.0677132], [0.610539, -0.0271693, -0.79152], [0.790794, 0.0757164, 0.607381]]], "btipPosition": [-33.342, 77.4855, -50.0439], "carpPosition": [-37.8537, 88.6026, 91.2023], "dipPosition": [-47.7984, 78.8696, -38.9404], "direction": [0.38423, -0.0792282, -0.919832], "extended": true, "handId": 706, "id": 7063, "length": 63.0386, "mcpPosition": [-49.7185, 83.555, 28.7984], "pipPosition": [-58.2128, 81.017, -14.0089], "stabilizedTipPosition": [-36.3448, 78.2421, -46.6864], "timeVisible": 2.63628, "tipPosition": [-42.1971, 75.9933, -48.2027], "tipVelocity": [-3.0507, -24.8423, -13.7288], "tool": false, "touchDistance": 0.316224, "touchZone": "hovering", "type": 3, "width": 19.7012}, {"bases": [[[-0.144994, -0.974812, 0.169465], [0.955588, -0.0935512, 0.279465], [-0.256572, 0.202459, 0.945083]], [[-0.17254, -0.946364, 0.273177], [0.983591, -0.150692, 0.0992008], [-0.0527144, 0.285811, 0.956835]], [[-0.17254, -0.946364, 0.273177], [0.86867, -0.276942, -0.41075], [0.464373, 0.16643, 0.869861]], [[-0.17254, -0.946364, 0.273177], [0.656507, -0.317243, -0.684365], [0.734322, 0.0612628, 0.676032]]], "btipPosition": [-29.1894, 48.7453, -25.6703], "carpPosition": [-33.5022, 74.7939, 91.2277], "dipPosition": [-41.5737, 49.7785, -14.2691], "direction": [0.464373, -0.16643, -0.869861], "extended": true, "handId": 706, "id": 7064, "length": 49.4211, "mcpPosition": [-48.6366, 62.8515, 35.4804], "pipPosition": [-50.4603, 52.9635, 2.37731], "stabilizedTipPosition": [-32.2027, 49.4298, -22.9793], "timeVisible": 2.63628, "tipPosition": [-38.3288, 45.4038, -23.3121], "tipVelocity": [9.68333, -26.4513, 2.60151], "tool": false, "touchDistance": 0.318556, "touchZone": "hovering", "type": 4, "width": 17.5001}], "r": [[0.961501, -0.271367, -0.0433173], [0.244634, 0.91705, -0.314918], [0.125183, 0.292197, 0.94813]], "s": 1.02647, "t": [4.86792, -20.163, -31.9459], "timestamp": 746848065048}, {"currentFrameRate": 114.953, "devices": [], "gestures": [], "hands": [{"armBasis": [[-0.170147, -0.885229, -0.432921], [0.705195, 0.197479, -0.680957], [0.688295, -0.421156, 0.590659]], "armWidth": 68.0341, "confidence": 1, "direction": [-0.29397, 0.07816, -0.952614], "elbow": [-219.042, -33.3129, 281.592], "grabAngle": 0.953116, "grabStrength": 0.168114, "id": 706, "palmNormal": [0.915397, -0.263735, -0.304124], "palmPosition": [-34.7952, 99.5258, 45.332], "palmVelocity": [7.34503, 19.3821, -11.244], "palmWidth": 92.5617, "pinchDistance": 90.7848, "pinchStrength": 0, "r": [[0.961884, -0.269939, -0.0437335], [0.243104, 0.917339, -0.315262], [0.12522, 0.292614, 0.947996]], "s": 1.02784, "sphereCenter": [-2.09807, 83.9735, 0.342004], "sphereRadius": 66.5307, "stabilizedPalmPosition": [-35.0187, 99.1885, 45.4823], "t": [-4.80039, -20.033, -32.0157], "timeVisible": 2.64494, "type": "left", "wrist": [-29.9926, 82.3634, 119.359]}], "id": 1306706, "interactionBox": {"center": [0, 200, 0], "size": [235.247, 235.247, 147.751]}, "pointables": [{"bases": [[[0.986782, -0.13573, 0.0885387], [0.0733272, 0.861191, 0.502965], [-0.144516, -0.489824, 0.85976]], [[0.926376, 0.12798, -0.354188], [0.0667552, 0.869791, 0.488884], [0.370637, -0.476534, 0.79721]], [[0.926376, 0.12798, -0.354188], [0.00072977, 0.939875, 0.341518], [0.3766, -0.316633, 0.870584]], [[0.926376, 0.12798, -0.354188], [-0.0694271, 0.982403, 0.17339], [0.370146, -0.136034, 0.91896]]], "btipPosition": [34.1139, 151.524, 8.278], "carpPosition": [-5.74621, 113.648, 98.8459], "dipPosition": [25.6381, 148.409, 29.321], "direction": [0.3766, 0.316633, -0.870584], "extended": true, "handId": 706, "id": 7060, "length": 50.9921, "mcpPosition": [-5.74621, 113.648, 98.8459], "pipPosition": [13.0747, 137.846, 58.3637