{"frames":150,"data":[{"currentFrameRate":115.12,"devices":[],"gestures":[],"hands":[{"armBasis":[[0.97456,-0.152476,-0.164266],[-0.00504041,-0.747644,0.66408],[-0.224069,-0.646358,-0.729393]],"armWidth":62.9279,"confidence":1,"direction":[-0.0333967,0.659881,-0.750628],"elbow":[-10.7282,-37.6537,-39.1911],"grabAngle":2.7748,"grabStrength":0.0732239,"id":38,"palmNormal":[-0.296161,-0.723849,-0.623163],"palmPosition":[40.7708,184.678,110.722],"palmVelocity":[2.9453,0.200184,-8.29129],"palmWidth":87.9831,"pinchDistance":63.7074,"pinchStrength":0,"r":[[0.950388,0.194497,0.242762],[-0.0992961,0.929276,-0.355789],[-0.294793,0.314033,0.902486]],"s":1.11045,"sphereCenter":[27.3605,164.32,70.2779],"sphereRadius":48.1815,"stabilizedPalmPosition":[37.401,181.222,114.729],"t":[-15.9323,-50.28,-60.759],"timeVisible":5.43724,"type":"right","wrist":[47.7712,131.096,151.237]}],"id":40135,"interactionBox":{"center":[0,200,0],"size":[235.247,235.247,147.751]},"pointables":[{"bases":[[[0.642488,0.695113,0.322533],[-0.622738,0.228349,0.748367],[0.44655,-0.681671,0.579585]],[[0.469977,0.873863,0.12444],[-0.6629,0.256344,0.703457],[0.582826,-0.413099,0.699759]],[[0.469977,0.873863,0.12444],[-0.624325,0.229439,0.74671],[0.623971,-0.428627,0.653405]],[[0.469977,0.873863,0.12444],[-0.578762,0.198636,0.790935],[0.666451,-0.443742,0.599113]]],"btipPosition":[-42.2755,191.673,84.072],"carpPosition":[21.492,147.572,152.931],"dipPosition":[-27.2011,181.636,97.6233],"direction":[-0.623971,0.428627,-0.653405],"extended":true,"handId":38,"id":380,"length":50.369,"mcpPosition":[21.492,147.572,152.931],"pipPosition":[-6.63976,167.511,119.155],"stabilizedTipPosition":[-39.1734,188.339,87.7246],"timeVisible":5.43724,"tipPosition":[-37.934,188.618,86.2343],"tipVelocity":[31.8259,6.40446,-21.1232],"tool":false,"touchDistance":0.28648,"touchZone":"hovering","type":0,"width":20.1816},{"bases":[[[0.935395,-0.0878396,-0.34252],[0.264226,0.817356,0.51197],[0.234989,-0.569397,0.787761]],[[0.964408,-0.218375,-0.149094],[0.234293,0.967111,0.0990055],[0.12257,-0.130413,0.983854]],[[0.964408,-0.218375,-0.149094],[0.234293,0.967111,0.0990055],[0.12257,-0.130413,0.983854]],[[0.964408,-0.218375,-0.149094],[0.223668,0.97447,0.0194991],[0.141029,-0.0521526,0.988631]]],"btipPosition":[7.19235,216.343,19.0341],"carpPosition":[34.1905,166.514,155.234],"dipPosition":[9.52113,215.482,35.3591],"direction":[-0.12257,0.130413,-0.983854],"extended":true,"handId":38,"id":381,"length":56.8358,"mcpPosition":[17.4737,207.02,99.1935],"pipPosition":[12.3844,212.435,58.342],"stabilizedTipPosition":[7.54746,214.681,22.7294],"timeVisible":5.43724,"tipPosition":[5.67361,203.442,24.7145],"tipVelocity":[-5.58696,72.8731,5.54915],"tool":false,"touchDistance":0.264982,"touchZone":"hovering","type":1,"width":19.2774},{"bases":[[[0.899702,-0.302003,-0.315167],[0.423657,0.77804,0.463863],[0.105124,-0.550862,0.82795]],[[0.891779,-0.268428,-0.364247],[-0.128519,0.621593,-0.772726],[0.433835,0.735913,0.519826]],[[0.891779,-0.268428,-0.364247],[-0.452245,-0.554193,-0.698817],[-0.0142814,0.787919,-0.615613]],[[0.891779,-0.268428,-0.364247],[-0.319409,-0.943652,-0.0865896],[-0.32048,0.193563,-0.927268]]],"btipPosition":[24.4201,144.86,105.282],"carpPosition":[45.5089,167.149,151.593],"dipPosition":[18.5995,148.375,88.4409],"direction":[0.0142814,-0.787919,0.615613],"extended":false,"handId":38,"id":382,"length":64.7599,"mcpPosition":[38.4169,204.312,95.7378],"pipPosition":[18.207,170.03,71.522],"stabilizedTipPosition":[20.1682,143.858,103.303],"timeVisible":5.43724,"tipPosition":[20.7444,146.724,98.8229],"tipVelocity":[0.0269461,2.15015,0.509782],"tool":false,"touchDistance":0.523475,"touchZone":"none","type":2,"width":18.933},{"bases":[[[0.870851,-0.437562,-0.223958],[0.489989,0.736518,0.466317],[-0.0390941,-0.51583,0.855798]],[[0.871629,-0.405844,-0.274872],[0.0290925,0.602617,-0.7975],[0.489303,0.687127,0.537065]],[[0.871629,-0.405844,-0.274872],[-0.464719,-0.505875,-0.726724],[0.155885,0.761171,-0.629538]],[[0.871629,-0.405844,-0.274872],[-0.44563,-0.889667,-0.0995319],[-0.20415,0.209246,-0.956315]]],"btipPosition":[37.1815,142.109,106.711],"carpPosition":[56.4295,164.694,147.615],"dipPosition":[33.495,145.887,89.4425],"direction":[-0.155885,-0.761171,0.629538],"extended":false,"handId":38,"id":383,"length":62.2683,"mcpPosition":[58.7975,195.937,95.7791],"pipPosition":[37.6686,166.266,72.5878],"stabilizedTipPosition":[33.8562,140.81,104.52],"timeVisible":5.43724,"tipPosition":[35.7416,144.078,101.236],"tipVelocity":[2.0725,2.91145,1.61785],"tool":false,"touchDistance":0.545657,"touchZone":"none","type":3,"width":18.0159},{"bases":[[[0.767462,-0.609962,-0.197353],[0.614082,0.61101,0.499571],[-0.184135,-0.504592,0.843493]],[[0.783986,-0.54517,-0.29691],[0.134146,0.615767,-0.776425],[0.606111,0.568877,0.555885]],[[0.783986,-0.54517,-0.29691],[-0.534668,-0.349969,-0.769189],[0.315429,0.761782,-0.565856]],[[0.783986,-0.54517,-0.29691],[-0.611623,-0.760185,-0.21917],[-0.106222,0.353424,-0.929413]]],"btipPosition":[50.7515,144.218,102.175],"carpPosition":[65.3333,155.654,142.286],"dipPosition":[48.982,150.105,86.6915],"direction":[-0.315429,-0.761782,0.565856],"extended":false,"handId":38,"id":384,"length":48.8172,"mcpPosition":[75.6576,183.946,94.9918],"pipPosition":[54.9445,164.505,75.9951],"stabilizedTipPosition":[51.2242,143.341,99.8852],"timeVisible":5.43724,"tipPosition":[50.0281,148.136,98.9459],"tipVelocity":[0.519473,0.630278,-4.4866],"tool":false,"touchDistance":0.476891,"touchZone":"none","type":4,"width":16.0032}],"r":[[0.950388,0.194497,0.242762],[-0.0992961,0.929276,-0.355789],[-0.294793,0.314033,0.902486]],"s":1.11045,"t":[-15.9323,-50.28,-60.759],"timestamp":230410711630},{"currentFrameRate":115.137,"devices":[],"gestures":[],"hands":[{"armBasis":[[0.974145,-0.153445,-0.165819],[-0.00458456,-0.747238,0.66454],[-0.225877,-0.646598,-0.728622]],"armWidth":62.9279,"confidence":1,"direction":[-0.0341813,0.659479,-0.750946],"elbow":[-11.1267,-37.6974,-39.0304],"grabAngle":2.77691,"grabStrength":0.0457774,"id":38,"palmNormal":[-0.298662,-0.72379,-0.622037],"palmPosition":[40.8149,184.685,110.668],"palmVelocity":[5.10448,0.796895,-6.26327],"palmWidth":87.9831,"pinchDistance":63.7176,"pinchStrength":0,"r":[[0.950756,0.194,0.241718],[-0.0991352,0.929258,-0.355881],[-0.293659,0.314393,0.90273]],"s":1.11143,"sphereCenter":[27.6032,164.282,70.1313],"sphereRadius":48.3275,"stabilizedPalmPosition":[37.4049,181.226,114.724],"t":[-15.8948,-50.2716,-60.8164],"timeVisible":5.4459,"type":"right","wrist":[47.8447,131.115,151.196]}],"id":40136,"interactionBox":{"center":[0,200,0],"size":[235.247,235.247,147.751]},"pointables":[{"bases":[[[0.644246,0.69437,0.32062],[-0.620664,0.229704,0.749675],[0.446903,-0.681973,0.578956]],[[0.472649,0.872486,0.123977],[-0.662931,0.259329,0.702332],[0.580624,-0.414145,0.70097]],[[0.472649,0.872486,0.123977],[-0.624682,0.232478,0.745471],[0.621591,-0.429793,0.654907]],[[0.472649,0.872486,0.123977],[-0.580503,0.202402,0.788701],[0.663037,-0.444748,0.602147]]],"btipPosition":[-41.9253,191.845,83.9083],"carpPosition":[21.5804,147.632,152.943],"dipPosition":[-26.9281,181.785,97.5282],"direction":[-0.621591,0.429793,-0.654907],"extended":true,"handId":38,"id":380,"length":50.369,"mcpPosition":[21.5804,147.632,152.943],"pipPosition":[-6.44513,167.622,119.109],"stabilizedTipPosition":[-39.1471,188.384,87.6988],"timeVisible":5.4459,"tipPosition":[-37.9559,188.748,86.3799],"tipVelocity":[38.4094,19.2592,-17.0874],"tool":false,"touchDistance":0.284014,"touchZone":"hovering","type":0,"width":20.1816},{"bases":[[[0.934468,-0.0894068,-0.344639],[0.266604,0.817277,0.510862],[0.235991,-0.569267,0.787556]],[[0.963709,-0.218527,-0.153333],[0.236944,0.964785,0.114222],[0.122973,-0.146408,0.981551]],[[0.963709,-0.218527,-0.153333],[0.236944,0.964785,0.114222],[0.122973,-0.146408,0.981551]],[[0.963709,-0.218527,-0.153333],[0.223081,0.974714,0.0129395],[0.146628,-0.0466756,0.98809]]],"btipPosition":[7.12374,217.324,19.1789],"carpPosition":[34.3117,166.557,155.205],"dipPosition":[9.54497,216.553,35.495],"direction":[-0.122973,0.146408,-0.981551],"extended":true,"handId":38,"id":381,"length":56.8358,"mcpPosition":[17.5237,207.054,99.18],"pipPosition":[12.4176,213.133,58.4241],"stabilizedTipPosition":[7.57464,215.184,22.7707],"timeVisible":5.4459,"tipPosition":[5.67958,204.31,24.6176],"tipVelocity":[-5.46884,115.745,16.494],"tool":false,"touchDistance":0.268331,"touchZone":"hovering","type":1,"width":19.2774},{"bases":[[[0.898527,-0.303502,-0.317075],[0.425866,0.7777,0.462409],[0.106247,-0.550518,0.828035]],[[0.890539,-0.269944,-0.366157],[-0.12941,0.621317,-0.772799],[0.436112,0.735592,0.518373]],[[0.890539,-0.269944,-0.366157],[-0.454657,-0.554854,-0.696724],[-0.0150865,0.786935,-0.616851]],[[0.890539,-0.269944,-0.366157],[-0.32092,-0.943275,-0.0851002],[-0.322414,0.193292,-0.926654]]],"btipPosition":[24.4092,144.908,105.312],"carpPosition":[45.6226,167.174,151.538],"dipPosition":[18.5535,148.419,88.4821],"direction":[0.0150865,-0.786936,0.616851],"extended":false,"handId":38,"id":382,"length":64.7599,"mcpPosition":[38.4549,204.313,95.6772],"pipPosition":[18.1389,170.046,71.5292],"stabilizedTipPosition":[20.1789,143.864,103.297],"timeVisible":5.4459,"tipPosition":[20.7111,146.751,98.8439],"tipVelocity":[-2.19167,5.442,3.7624],"tool":false,"touchDistance":0.524017,"touchZone":"none","type":2,"width":18.933},{"bases":[[[0.869691,-0.438964,-0.225717],[0.492143,0.736083,0.464734],[-0.0378552,-0.51526,0.856198]],[[0.870396,-0.407277,-0.276652],[0.027935,0.601844,-0.798125],[0.491559,0.686957,0.53522]],[[0.870396,-0.407277,-0.276652],[-0.467429,-0.507039,-0.72417],[0.154665,0.75963,-0.631697]],[[0.870396,-0.407277,-0.276652],[-0.446833,-0.889401,-0.096472],[-0.206763,0.207586,-0.956116]]],"btipPosition":[37.1897,142.159,106.742],"carpPosition":[56.5303,164.7,147.536],"dipPosition":[33.456,145.908,89.4772],"direction":[-0.154665,-0.75963,0.631697],"extended":false,"handId":38,"id":383,"length":62.2683,"mcpPosition":[58.8232,195.909,95.6762],"pipPosition":[37.5969,166.245,72.5646],"stabilizedTipPosition":[33.8648,140.818,104.514],"timeVisible":5.4459,"tipPosition":[35.7076,144.081,101.225],"tipVelocity":[-0.305733,5.0137,3.68201],"tool":false,"touchDistance":0.546188,"touchZone":"none","type":3,"width":18.0159},{"bases":[[[0.766113,-0.611197,-0.198768],[0.61613,0.610414,0.497774],[-0.182907,-0.503818,0.844223]],[[0.7825,-0.546489,-0.298403],[0.133237,0.615106,-0.777105],[0.608228,0.568327,0.554133]],[[0.7825,-0.546489,-0.298403],[-0.537481,-0.350901,-0.7668],[0.314338,0.760407,-0.568307]],[[0.7825,-0.546489,-0.298403],[-0.613127,-0.759779,-0.216357],[-0.108483,0.352258,-0.929594]]],"btipPosition":[50.7439,144.229,102.149],"carpPosition":[65.4086,155.644,142.192],"dipPosition":[48.9366,150.097,86.663],"direction":[-0.314338,-0.760407,0.568307],"extended":false,"handId":38,"id":384,"length":48.8172,"mcpPosition":[75.664,183.893,94.857],"pipPosition":[54.8786,164.471,75.9202],"stabilizedTipPosition":[51.2229,143.344,99.8834],"timeVisible":5.4459,"tipPosition":[49.9926,148.116,98.8914],"tipVelocity":[-1.88212,0.741613,-3.03126],"tool":false,"touchDistance":0.476453,"touchZone":"none","type":4,"width":16.0032}],"r":[[0.950756,0.194,0.241718],[-0.0991352,0.929258,-0.355881],[-0.293659,0.314393,0.90273]],"s":1.11143,"t":[-15.8948,-50.2716,-60.8164],"timestamp":230410720287},{"currentFrameRate":115.121,"devices":[],"gestures":[],"hands":[{"armBasis":[[0.973826,-0.153647,-0.167498],[-0.00374736,-0.747672,0.664058],[-0.227264,-0.646049,-0.728678]],"armWidth":62.9279,"confidence":1,"direction":[-0.0353893,0.660025,-0.75041],"elbow":[-11.3729,-37.5446,-39.1554],"grabAngle":2.77652,"grabStrength":0.00709216,"id":38,"palmNormal":[-0.301462,-0.722953,-0.621659],"palmPosition":[40.8656,184.734,110.618],"palmVelocity":[5.81228,5.72726,-5.78347],"palmWidth":87.9831,"pinchDistance":63.8096,"pinchStrength":0,"r":[[0.951241,0.1933,0.240365],[-0.0989464,0.929319,-0.355774],[-0.292147,0.314644,0.903133]],"s":1.11303,"sphereCenter":[27.8407,164.4,69.9597],"sphereRadius":48.5236,"stabilizedPalmPosition":[37.4091,181.23,114.719],"t":[-15.8507,-50.2424,-60.8704],"timeVisible":5.45461,"type":"right","wrist":[47.9604,131.124,151.086]}],"id":40137,"interactionBox":{"center":[0,200,0],"size":[235.247,235.247,147.751]},"pointables":[{"bases":[[[0.646143,0.693244,0.319238],[-0.618195,0.230085,0.751595],[0.447586,-0.682989,0.577228]],[[0.475576,0.870808,0.124587],[-0.662805,0.2616,0.701609],[0.578374,-0.416245,0.701586]],[[0.475576,0.870808,0.124587],[-0.62489,0.234744,0.744586],[0.619145,-0.43196,0.655797]],[[0.475576,0.870808,0.124587],[-0.58223,0.205429,0.786643],[0.659421,-0.446646,0.604707]]],"btipPosition":[-41.5354,192.109,83.7712],"carpPosition":[21.6993,147.681,152.923],"dipPosition":[-26.62,182.007,97.449],"direction":[-0.619145,0.43196,-0.655797],"extended":true,"handId":38,"id":380,"length":50.369,"mcpPosition":[21.6993,147.681,152.923],"pipPosition":[-6.21767,167.773,119.059],"stabilizedTipPosition":[-39.1065,188.439,87.6684],"timeVisible":5.45461,"tipPosition":[-37.9727,188.953,86.5686],"tipVelocity":[42.585,29.2581,-14.207],"tool":false,"touchDistance":0.281951,"touchZone":"hovering","type":0,"width":20.1816},{"bases":[[[0.933353,-0.0905014,-0.347365],[0.26922,0.81656,0.510638],[0.237431,-0.570123,0.786503]],[[0.962889,-0.217703,-0.15953],[0.240008,0.961032,0.137163],[0.123453,-0.170362,0.977618]],[[0.962889,-0.217703,-0.15953],[0.240008,0.961032,0.137163],[0.123453,-0.170362,0.977618]],[[0.962889,-0.217703,-0.15953],[0.22341,0.974548,0.01854],[0.151433,-0.0534926,0.987019]]],"btipPosition":[7.06295,219.081,19.4827],"carpPosition":[34.4638,166.587,155.161],"dipPosition":[9.56353,218.198,35.7811],"direction":[-0.123453,0.170362,-0.977618],"extended":true,"handId":38,"id":381,"length":56.8358,"mcpPosition":[17.5734,207.144,99.2109],"pipPosition":[12.4474,214.218,58.6183],"stabilizedTipPosition":[7.58892,216.016,22.8744],"timeVisible":5.45461,"tipPosition":[5.71579,205.844,24.5423],"tipVelocity":[-4.88212,198.706,34.4009],"tool":false,"touchDistance":0.279073,"touchZone":"hovering","type":1,"width":19.2774},{"bases":[[[0.897187,-0.304564,-0.319839],[0.428286,0.776789,0.461704],[0.107829,-0.551217,0.827365]],[[0.889106,-0.270962,-0.368876],[-0.130734,0.622012,-0.772017],[0.438633,0.734629,0.517611]],[[0.889106,-0.270962,-0.368876],[-0.457408,-0.554863,-0.694914],[-0.0163799,0.786579,-0.617272]],[[0.889106,-0.270962,-0.368876],[-0.3224,-0.942822,-0.0845245],[-0.324881,0.194077,-0.925627]]],"btipPosition":[24.4078,145.012,105.31],"carpPosition":[45.765,167.19,151.463],"dipPosition":[18.5073,148.536,88.4985],"direction":[0.0163799,-0.786579,0.617272],"extended":false,"handId":38,"id":382,"length":64.7599,"mcpPosition":[38.4906,204.376,95.6466],"pipPosition":[18.0572,170.154,71.534],"stabilizedTipPosition":[20.1902,143.872,103.289],"timeVisible":5.45461,"tipPosition":[20.6809,146.834,98.8333],"tipVelocity":[-1.33891,12.2607,0.2404],"tool":false,"touchDistance":0.524052,"touchZone":"none","type":2,"width":18.933},{"bases":[[[0.86842,-0.440045,-0.228489],[0.494511,0.735076,0.463812],[-0.0361418,-0.515774,0.855962]],[[0.869024,-0.408326,-0.279404],[0.0262004,0.601903,-0.798139],[0.494075,0.686282,0.533767]],[[0.869024,-0.408326,-0.279404],[-0.470576,-0.507695,-0.721667],[0.152823,0.758628,-0.633348]],[[0.869024,-0.408326,-0.279404],[-0.447911,-0.889154,-0.0937031],[-0.210172,0.206579,-0.95559]]],"btipPosition":[37.2156,142.268,106.745],"carpPosition":[56.6578,164.703,147.427],"dipPosition":[33.4204,145.998,89.4898],"direction":[-0.152823,-0.758628,0.633348],"extended":false,"handId":38,"id":383,"length":62.2683,"mcpPosition":[58.8469,195.943,95.5819],"pipPosition":[37.512,166.309,72.533],"stabilizedTipPosition":[33.874,140.826,104.507],"timeVisible":5.45461,"tipPosition":[35.6778,144.138,101.173],"tipVelocity":[1.34777,11.9708,0.606661],"tool":false,"touchDistance":0.546277,"touchZone":"none","type":3,"width":18.0159},{"bases":[[[0.764675,-0.612149,-0.201358],[0.618413,0.60921,0.496416],[-0.181211,-0.504119,0.844409]],[[0.780869,-0.547398,-0.300996],[0.131891,0.615432,-0.777077],[0.610613,0.567097,0.552769]],[[0.780869,-0.547398,-0.300996],[-0.540745,-0.351039,-0.764438],[0.312791,0.759689,-0.570119]],[[0.780869,-0.547398,-0.300996],[-0.614674,-0.759229,-0.213887],[-0.111443,0.352032,-0.92933]]],"btipPosition":[50.7451,144.299,102.075],"carpPosition":[65.5079,155.638,142.052],"dipPosition":[48.8886,150.164,86.5935],"direction":[-0.312791,-0.759689,0.570119],"extended":false,"handId":38,"id":384,"length":48.8172,"mcpPosition":[75.6682,183.904,94.7066],"pipPosition":[54.8013,164.524,75.8165],"stabilizedTipPosition":[51.2217,143.347,99.8816],"timeVisible":5.45461,"tipPosition":[49.9589,148.152,98.7898],"tipVelocity":[-1.15432,7.9821,-8.36478],"tool":false,"touchDistance":0.475239,"touchZone":"none","type":4,"width":16.0032}],"r":[[0.951241,0.1933,0.240365],[-0.0989464,0.929319,-0.355774],[-0.292147,0.314644,0.903133]],"s":1.11303,"t":[-15.8507,-50.2424,-60.8704],"timestamp":230410729000},{"currentFrameRate":115.096,"devices":[],"gestures":[],"hands":[{"armBasis":[[0.973539,-0.153618,-0.169182],[-0.00251221,-0.74749,0.664269],[-0.228505,-0.646267,-0.728097]],"armWidth":62.9279,"confidence":1,"direction":[-0.0370404,0.659874,-0.750463],"elbow":[-11.6192,-37.5563,-39.0462],"grabAngle":2.77419,"grabStrength":0,"id":38,"palmNormal":[-0.304584,-0.722701,-0.62043],"palmPosition":[40.8455,184.784,110.591],"palmVelocity":[-2.30453,5.65079,-3.05708],"palmWidth":87.9831,"pinchDistance":63.9724,"pinchStrength":0,"r":[[0.951844,0.19249,0.238621],[-0.0987811,0.929376,-0.355672],[-0.290232,0.314973,0.903636]],"s":1.11544,"sphereCenter":[27.9535,164.568,69.8526],"sphereRadius":48.7489,"stabilizedPalmPosition":[37.4135,181.235,114.714],"t":[-15.8387,-50.2031,-60.9107],"timeVisible":5.46334,"type":"right","wrist":[48.0383,131.169,151.043]}],"id":40138,"interactionBox":{"center":[0,200,0],"size":[235.247,235.247,147.751]},"pointables":[{"bases":[[[0.648188,0.692434,0.316841],[-0.615305,0.23114,0.75364],[0.448611,-0.683454,0.57588]],[[0.478725,0.869122,0.124294],[-0.662504,0.264705,0.700728],[0.576118,-0.417801,0.702517]],[[0.478725,0.869122,0.124294],[-0.624922,0.237878,0.743564],[0.616681,-0.433636,0.657012]],[[0.478725,0.869122,0.124294],[-0.583734,0.209337,0.784495],[0.655803,-0.448112,0.607551]]],"btipPosition":[-41.1901,192.36,83.6704],"carpPosition":[21.7726,147.769,152.972],"dipPosition":[-26.3566,182.224,97.4126],"direction":[-0.616681,0.433636,-0.657012],"extended":true,"handId":38,"id":380,"length":50.369,"mcpPosition":[21.7726,147.769,152.972],"pipPosition":[-6.03542,167.935,119.063],"stabilizedTipPosition":[-39.0534,188.502,87.6349],"timeVisible":5.46334,"tipPosition":[-38.0586,189.137,86.811],"tipVelocity":[37.3877,27.8305,-9.84213],"tool":false,"touchDistance":0.280519,"touchZone":"hovering","type":0,"width":20.1816},{"bases":[[[0.932034,-0.0918848,-0.350527],[0.272092,0.816322,0.509494],[0.239328,-0.570242,0.785841]],[[0.961907,-0.216162,-0.167361],[0.243518,0.95572,0.165221],[0.124236,-0.199682,0.971953]],[[0.961907,-0.216162,-0.167361],[0.243518,0.95572,0.165221],[0.124236,-0.199682,0.971953]],[[0.961907,-0.216162,-0.167361],[0.224279,0.974032,0.0309915],[0.156316,-0.0673464,0.985408]]],"btipPosition":[6.90356,221.291,19.9238],"carpPosition":[34.5708,166.657,155.161],"dipPosition":[9.48476,220.179,36.1956],"direction":[-0.124236,0.199682,-0.971953],"extended":true,"handId":38,"id":381,"length":56.8358,"mcpPosition":[17.5454,207.223,99.2578],"pipPosition":[12.3869,215.514,58.9004],"stabilizedTipPosition":[7.56522,217.314,23.0792],"timeVisible":5.46334,"tipPosition":[5.68462,207.775,24.5121],"tipVelocity":[-16.1301,247.028,49.8059],"tool":false,"touchDistance":0.29302,"touchZone":"hovering","type":1,"width":19.2774},{"bases":[[[0.895667,-0.305889,-0.32282],[0.430935,0.776318,0.460028],[0.109893,-0.551146,0.827141]],[[0.887465,-0.27229,-0.371838],[-0.132511,0.621987,-0.771734],[0.441414,0.734159,0.515911]],[[0.887465,-0.27229,-0.371838],[-0.460519,-0.555581,-0.69228],[-0.0180849,0.785613,-0.618454]],[[0.887465,-0.27229,-0.371838],[-0.323884,-0.942461,-0.0828669],[-0.327879,0.193974,-0.924592]]],"btipPosition":[24.3355,145.111,105.379],"carpPosition":[45.8601,167.243,151.424],"dipPosition":[18.3805,148.633,88.5864],"direction":[0.0180849,-0.785613,0.618454],"extended":false,"handId":38,"id":382,"length":64.7599,"mcpPosition":[38.4465,204.425,95.6228],"pipPosition":[17.8835,170.224,71.5894],"stabilizedTipPosition":[20.2008,143.88,103.282],"timeVisible":5.46334,"tipPosition":[20.5753,146.906,98.8936],"tipVelocity":[-9.72088,11.2825,8.40359],"tool":false,"touchDistance":0.525275,"touchZone":"none","type":2,"width":18.933},{"bases":[[[0.867025,-0.441307,-0.231335],[0.497108,0.734515,0.461921],[-0.0339302,-0.515496,0.85622]],[[0.867499,-0.409602,-0.282261],[0.0238857,0.601074,-0.798836],[0.496865,0.686248,0.531215]],[[0.867499,-0.409602,-0.282261],[-0.474136,-0.509218,-0.718257],[0.150467,0.756917,-0.635953]],[[0.867499,-0.409602,-0.282261],[-0.448944,-0.889052,-0.0896393],[-0.214228,0.204482,-0.955141]]],"btipPosition":[37.1753,142.373,106.826],"carpPosition":[56.7356,164.74,147.352],"dipPosition":[33.3069,146.066,89.5786],"direction":[-0.150467,-0.756917,0.635953],"extended":false,"handId":38,"id":383,"length":62.2683,"mcpPosition":[58.7908,195.964,95.4908],"pipPosition":[37.3354,166.331,72.5521],"stabilizedTipPosition":[33.8824,140.835,104.502],"timeVisible":5.46334,"tipPosition":[35.5743,144.186,101.187],"tipVelocity":[-6.53764,11.0964,9.45981],"tool":false,"touchDistance":0.547653,"touchZone":"none","type":3,"width":18.0159},{"bases":[[[0.763136,-0.61326,-0.203804],[0.620947,0.608486,0.494135],[-0.179022,-0.503644,0.845159]],[[0.779079,-0.548558,-0.303514],[0.130086,0.615042,-0.777689],[0.613281,0.566398,0.550526]],[[0.779079,-0.548558,-0.303514],[-0.544388,-0.351832,-0.761483],[0.310931,0.758484,-0.572733]],[[0.779079,-0.548558,-0.303514],[-0.616319,-0.758837,-0.210518],[-0.114836,0.351071,-0.92928]]],"btipPosition":[50.6698,144.359,102.055],"carpPosition":[65.5548,155.662,141.949],"dipPosition":[48.7567,150.207,86.5743],"direction":[-0.310931,-0.758484,0.572733],"extended":false,"handId":38,"id":384,"length":48.8172,"mcpPosition":[75.5923,183.901,94.5614],"pipPosition":[54.6343,164.545,75.7479],"stabilizedTipPosition":[51.2201,143.351,99.8794],"timeVisible":5.46334,"tipPosition":[49.8489,148.178,98.7413],"tipVelocity":[-10.1228,6.40517,-2.273],"tool":false,"touchDistance":0.474908,"touchZone":"none","type":4,"width":16.0032}],"r":[[0.951844,0.19249,0.238621],[-0.0987811,0.929376,-0.355672],[-0.290232,0.314973,0.903636]],"s":1.11544,"t":[-15.8387,-50.2031,-60.9107],"timestamp":230410737732},{"currentFrameRate":115.085,"devices":[],"gestures":[],"hands":[{"armBasis":[[0.973274,-0.153725,-0.170606],[-0.00159764,-0.74742,0.66435],[-0.229642,-0.646322,-0.72769]],"armWidth":62.9279,"confidence":1,"direction":[-0.0383692,0.65986,-0.750409],"elbow":[-11.8404,-37.5076,-38.9793],"grabAngle":2.76751,"grabStrength":0,"id":38,"palmNormal":[-0.307712,-0.722272,-0.619384],"palmPosition":[40.8433,184.86,110.575],"palmVelocity":[-0.252359,8.70858,-1.7765],"palmWidth":87.9831,"pinchDistance":61.6583,"pinchStrength":0,"r":[[0.952536,0.19154,0.236616],[-0.098577,0.929446,-0.355546],[-0.288023,0.315346,0.904212]],"s":1.1139,"sphereCenter":[34.3603,161.922,67.2361],"sphereRadius":50.8265,"stabilizedPalmPosition":[37.4188,181.24,114.707],"t":[-15.8338,-50.1456,-60.9385],"timeVisible":5.47205,"type":"right","wrist":[48.1138,131.232,151.004]}],"id":40139,"interactionBox":{"center":[0,200,0],"size":[235.247,235.247,147.751]},"pointables":[{"bases":[[[0.6503,0.691425,0.314708],[-0.612535,0.232199,0.755569],[0.449345,-0.684116,0.574521]],[[0.482353,0.867074,0.124574],[-0.662609,0.268136,0.699323],[0.572962,-0.419864,0.703867]],[[0.482353,0.867074,0.124574],[-0.697321,0.294003,0.653687],[0.530169,-0.402175,0.746442]],[[0.482353,0.867074,0.124574],[-0.662625,0.268148,0.699303],[0.572943,-0.419857,0.703887]]],"btipPosition":[-36.2395,190.894,78.5281],"carpPosition":[21.846,147.879,153.021],"dipPosition":[-23.2801,181.398,94.4492],"direction":[-0.530169,0.402175,-0.746442],"extended":true,"handId":38,"id":380,"length":50.369,"mcpPosition":[21.846,147.879,153.021],"pipPosition":[-5.80972,168.145,119.046],"stabilizedTipPosition":[-38.0715,188.537,86.7123],"timeVisible":5.47205,"tipPosition":[-36.6302,189.144,85.5517],"tipVelocity":[519.077,-151.451,-533.041],"tool":false,"touchDistance":0.203166,"touchZone":"hovering","type":0,"width":20.1816},{"bases":[[[0.930767,-0.0934123,-0.353479],[0.275018,0.815934,0.508543],[0.240911,-0.570548,0.785135]],[[0.960732,-0.212948,-0.177894],[0.248145,0.946259,0.207406],[0.124168,-0.243405,0.961944]],[[0.960732,-0.212948,-0.177894],[0.248145,0.946259,0.207406],[0.124168,-0.243405,0.961944]],[[0.960732,-0.212948,-0.177894],[0.226801,0.972009,0.0613162],[0.159858,-0.0992551,0.982137]]],"btipPosition":[6.84736,224.767,20.6836],"carpPosition":[34.6813,166.747,155.167],"dipPosition":[9.48705,223.128,36.9013],"direction":[-0.124168,0.243405,-0.961944],"extended":true,"handId":38,"id":381,"length":56.8358,"mcpPosition":[17.5433,207.335,99.3142],"pipPosition":[12.3876,217.442,59.3724],"stabilizedTipPosition":[7.52675,219.772,23.5427],"timeVisible":5.47205,"tipPosition":[5.80401,210.84,24.5721],"tipVelocity":[-4.9097,385.275,85.8358],"tool":false,"touchDistance":0.313154,"touchZone":"hovering","type":1,"width":19.2774},{"bases":[[[0.894144,-0.307356,-0.325635],[0.433638,0.775671,0.458576],[0.11164,-0.551241,0.826843]],[[0.885841,-0.273748,-0.37463],[-0.133967,0.622124,-0.771372],[0.444228,0.733501,0.51443]],[[0.885841,-0.273748,-0.37463],[-0.463576,-0.556203,-0.689736],[-0.0195566,0.784666,-0.619611]],[[0.885841,-0.273748,-0.37463],[-0.32553,-0.942022,-0.081391],[-0.330629,0.194053,-0.923595]]],"btipPosition":[24.2765,145.244,105.452],"carpPosition":[45.9596,167.315,151.394],"dipPosition":[18.2716,148.768,88.6774],"direction":[0.0195566,-0.784666,0.619611],"extended":false,"handId":38,"id":382,"length":64.7599,"mcpPosition":[38.4282,204.503,95.613],"pipPosition":[17.7341,170.333,71.6487],"stabilizedTipPosition":[20.2112,143.888,103.276],"timeVisible":5.47205,"tipPosition":[20.4833,147.01,98.9552],"tipVelocity":[-8.09513,15.3662,8.85325],"tool":false,"touchDistance":0.52656,"touchZone":"none","type":2,"width":18.933},{"bases":[[[0.865577,-0.442718,-0.234046],[0.499751,0.733762,0.460264],[-0.0320334,-0.515358,0.856376]],[[0.86594,-0.411019,-0.284976],[0.0217926,0.60025,-0.799516],[0.499673,0.686122,0.528738]],[[0.86594,-0.411019,-0.284976],[-0.477668,-0.510737,-0.714829],[0.14826,0.755123,-0.638598]],[[0.86594,-0.411019,-0.284976],[-0.45008,-0.888874,-0.0856154],[-0.218119,0.2024,-0.954703]]],"btipPosition":[37.151,142.51,106.922],"carpPosition":[56.8181,164.794,147.288],"dipPosition":[33.2123,146.165,89.6828],"direction":[-0.14826,-0.755123,0.638598],"extended":false,"handId":38,"id":383,"length":62.2683,"mcpPosition":[58.7584,196.01,95.4172],"pipPosition":[37.1817,166.382,72.5855],"stabilizedTipPosition":[33.8902,140.843,104.497],"timeVisible":5.47205,"tipPosition":[35.4831,144.262,101.206],"tipVelocity":[-4.65291,14.6988,11.2724],"tool":false,"touchDistance":0.549289,"touchZone":"none","type":3,"width":18.0159},{"bases":[[[0.7615,-0.614502,-0.206166],[0.623489,0.607538,0.492096],[-0.17714,-0.503274,0.845776]],[[0.77723,-0.549835,-0.305933],[0.128597,0.614758,-0.778162],[0.615935,0.565468,0.548515]],[[0.77723,-0.549835,-0.305933],[-0.547927,-0.352396,-0.758679],[0.309338,0.757297,-0.575162]],[[0.77723,-0.549835,-0.305933],[-0.618061,-0.758283,-0.207383],[-0.117957,0.35027,-0.929192]]],"btipPosition":[50.6064,144.445,102.042],"carpPosition":[65.6055,155.701,141.857],"dipPosition":[48.6413,150.28,86.5631],"direction":[-0.309338,-0.757297,0.575162],"extended":false,"handId":38,"id":384,"length":48.8172,"mcpPosition":[75.5375,183.919,94.4356],"pipPosition":[54.4888,164.595,75.6908],"stabilizedTipPosition":[51.2181,143.355,99.8767],"timeVisible":5.47205,"tipPosition":[49.7516,148.231,98.7003],"tipVelocity":[-8.65468,9.54379,-1.41222],"tool":false,"touchDistance":0.474703,"touchZone":"none","type":4,"width":16.0032}],"r":[[0.952536,0.19154,0.236616],[-0.098577,0.929446,-0.355546],[-0.288023,0.315346,0.904212]],"s":1.1139,"t":[-15.8338,-50.1456,-60.9385],"timestamp":230410746439},{"currentFrameRate":115.12,"devices":[],"gestures":[],"hands":[{"armBasis":[[0.973091,-0.154096,-0.171312],[-0.00150019,-0.747698,0.664037],[-0.230416,-0.645912,-0.727809]],"armWidth":62.9279,"confidence":1,"direction":[-0.0392333,0.660339,-0.749942],"elbow":[-11.9886,-37.3765,-39.0977],"grabAngle":2.73106,"grabStrength":0,"id":38,"palmNormal":[-0.313606,-0.720736,-0.618216],"palmPosition":[40.8403,184.944,110.561],"palmVelocity":[-0.338586,9.72161,-1.71966],"palmWidth":87.9831,"pinchDistance":63.5876,"pinchStrength":0,"r":[[0.953465,0.18998,0.234121],[-0.0979904,0.929612,-0.355274],[-0.285137,0.315799,0.904968]],"s":1.11987,"sphereCenter":[32.9858,164.22,67.8878],"sphereRadius":50.9272,"stabilizedPalmPosition":[37.4247,181.247,114.7],"t":[-15.8328,-50.0749,-60.9599],"timeVisible":5.48068,"type":"right","wrist":[48.1677,131.256,150.917]}],"id":40140,"interactionBox":{"center":[0,200,0],"size":[235.247,235.247,147.751]},"pointables":[{"bases":[[[0.654614,0.688621,0.311901],[-0.607981,0.234373,0.75857],[0.449265,-0.6862,0.572092]],[[0.4886,0.863536,0.124801],[-0.661593,0.273426,0.698236],[0.568828,-0.423726,0.704905]],[[0.4886,0.863536,0.124801],[-0.696311,0.29973,0.65216],[0.525757,-0.405546,0.747738]],[[0.4886,0.863536,0.124801],[-0.66308,0.274535,0.696387],[0.567093,-0.423008,0.706732]]],"btipPosition":[-35.7144,191.407,78.4305],"carpPosition":[21.8938,148.022,153.08],"dipPosition":[-22.8874,181.839,94.416],"direction":[-0.525757,0.405546,-0.747738],"extended":true,"handId":38,"id":380,"length":50.369,"mcpPosition":[21.8938,148.022,153.08],"pipPosition":[-5.5624,168.475,119.056],"stabilizedTipPosition":[-37.1508,188.653,85.9134],"timeVisible":5.48068,"tipPosition":[-36.5442,189.539,85.7264],"tipVelocity":[57.3264,57.4541,-9.60081],"tool":false,"touchDistance":0.201785,"touchZone":"hovering","type":0,"width":20.1816},{"bases":[[[0.928686,-0.0970653,-0.357939],[0.28077,0.81458,0.507571],[0.242302,-0.571873,0.783742]],[[0.957738,-0.203348,-0.20344],[0.262082,0.908372,0.325843],[0.118539,-0.36539,0.923276]],[[0.957738,-0.203348,-0.20344],[0.262082,0.908372,0.325843],[0.118539,-0.36539,0.923276]],[[0.957738,-0.203348,-0.20344],[0.245343,0.946699,0.208732],[0.150151,-0.249823,0.956579]]],"btipPosition":[7.40885,235.351,23.7199],"carpPosition":[34.8163,166.837,155.174],"dipPosition":[9.88825,231.226,39.5157],"direction":[-0.118539,0.36539,-0.923276],"extended":true,"handId":38,"id":381,"length":56.8358,"mcpPosition":[17.5793,207.519,99.4196],"pipPosition":[12.6573,222.691,61.0834],"stabilizedTipPosition":[7.88554,231.376,26.5648],"timeVisible":5.48068,"tipPosition":[6.47572,220.277,25.7662],"tipVelocity":[60.8045,1160.52,340.667],"tool":false,"touchDistance":0.359262,"touchZone":"hovering","type":1,"width":19.2774},{"bases":[[[0.891321,-0.310869,-0.33001],[0.438984,0.77369,0.456834],[0.11331,-0.552055,0.826073]],[[0.882923,-0.277206,-0.378951],[-0.135084,0.623004,-0.770466],[0.449666,0.731452,0.512618]],[[0.882923,-0.277206,-0.378951],[-0.469081,-0.555619,-0.686477],[-0.0202564,0.783865,-0.620601]],[[0.882923,-0.277206,-0.378951],[-0.329643,-0.940719,-0.0798947],[-0.334339,0.19546,-0.921961]]],"btipPosition":[24.1162,145.436,105.539],"carpPosition":[46.0788,167.36,151.347],"dipPosition":[18.0439,148.986,88.794],"direction":[0.0202564,-0.783865,0.620601],"extended":false,"handId":38,"id":382,"length":64.7599,"mcpPosition":[38.4346,204.603,95.618],"pipPosition":[17.4872,170.529,71.7381],"stabilizedTipPosition":[20.2219,143.898,103.269],"timeVisible":5.48068,"tipPosition":[20.2805,147.179,99.0322],"tipVelocity":[-20.3755,22.9375,10.8665],"tool":false,"touchDistance":0.528123,"touchZone":"none","type":2,"width":18.933},{"bases":[[[0.862635,-0.446154,-0.238343],[0.504932,0.73151,0.458189],[-0.0300728,-0.515597,0.856303]],[[0.862886,-0.414434,-0.289261],[0.0200945,0.600024,-0.79973],[0.504999,0.684263,0.52608]],[[0.862886,-0.414434,-0.289261],[-0.48361,-0.510835,-0.710752],[0.146795,0.753188,-0.641217]],[[0.862886,-0.414434,-0.289261],[-0.453539,-0.887515,-0.0813661],[-0.223003,0.201401,-0.953786]]],"btipPosition":[37.0188,142.677,106.996],"carpPosition":[56.9072,164.797,147.188],"dipPosition":[32.9919,146.314,89.7725],"direction":[-0.146795,-0.753188,0.641217],"extended":false,"handId":38,"id":383,"length":62.2683,"mcpPosition":[58.7287,196.027,95.3221],"pipPosition":[36.9221,166.479,72.6051],"stabilizedTipPosition":[33.8981,140.853,104.491],"timeVisible":5.48068,"tipPosition":[35.276,144.366,101.214],"tipVelocity":[-17.6746,18.903,8.91761],"tool":false,"touchDistance":0.550571,"touchZone":"none","type":3,"width":18.0159},{"bases":[[[0.75799,-0.617523,-0.210041],[0.628303,0.604767,0.489381],[-0.175178,-0.502915,0.846398]],[[0.77351,-0.552877,-0.309855],[0.127413,0.614567,-0.778507],[0.620845,0.562703,0.545817]],[[0.77351,-0.552877,-0.309855],[-0.553692,-0.3516,-0.754853],[0.308396,0.75545,-0.578089]],[[0.77351,-0.552877,-0.309855],[-0.621915,-0.756302,-0.203049],[-0.122083,0.349764,-0.928849]]],"btipPosition":[50.441,144.532,102.004],"carpPosition":[65.6313,155.67,141.712],"dipPosition":[48.4072,150.358,86.5307],"direction":[-0.308396,-0.75545,0.578089],"extended":false,"handId":38,"id":384,"length":48.8172,"mcpPosition":[75.4534,183.868,94.2556],"pipPosition":[54.2368,164.639,75.603],"stabilizedTipPosition":[51.2153,143.361,99.8735],"timeVisible":5.48068,"tipPosition":[49.5439,148.274,98.6272],"tipVelocity":[-21.0002,9.83733,-4.26798],"tool":false,"touchDistance":0.474089,"touchZone":"none","type":4,"width":16.0032}],"r":[[0.953465,0.18998,0.234121],[-0.0979904,0.929612,-0.355274],[-0.285137,0.315799,0.904968]],"s":1.11987,"t":[-15.8328,-50.0749,-60.9599],"timestamp":230410755067},{"currentFrameRate":115.171,"devices":[],"gestures":[],"hands":[{"armBasis":[[0.972915,-0.154611,-0.171846],[-0.0026781,-0.750892,0.66042],[-0.231146,-0.642072,-0.730968]],"armWidth":62.9279,"confidence":1,"direction":[-0.0392538,0.664253,-0.746476],"elbow":[-12.1664,-36.4303,-40.1877],"grabAngle":2.66796,"grabStrength":0,"id":38,"palmNormal":[-0.322907,-0.715402,-0.619621],"palmPosition":[40.8474,185.156,110.628],"palmVelocity":[0.820877,24.776,7.88919],"palmWidth":87.9831,"pinchDistance":66.1697,"pinchStrength":0,"r":[[0.954779,0.187107,0.231059],[-0.0966197,0.930229,-0.354031],[-0.28118,0.315697,0.906241]],"s":1.13267,"sphereCenter":[28.4785,170.161,71.0014],"sphereRadius":49.6666,"stabilizedPalmPosition":[37.4318,181.255,114.692],"t":[-15.8288,-49.9331,-60.9367],"timeVisible":5.48927,"type":"right","wrist":[48.1806,131.2,150.652]}],"id":40141,"interactionBox":{"center":[0,200,0],"size":[235.247,235.247,147.751]},"pointables":[{"bases":[[[0.66167,0.682285,0.310933],[-0.601299,0.235118,0.763649],[0.44792,-0.692247,0.565828]],[[0.497872,0.857763,0.127931],[-0.659331,0.27854,0.698353],[0.563388,-0.43204,0.704227]],[[0.497872,0.857763,0.127931],[-0.694109,0.305678,0.651746],[0.519938,-0.413284,0.74757]],[[0.497872,0.857763,0.127931],[-0.662541,0.281005,0.694317],[0.55961,-0.430441,0.708207]]],"btipPosition":[-35.0778,192.377,78.4475],"carpPosition":[21.9068,148.168,153.092],"dipPosition":[-22.42,182.641,94.4664],"direction":[-0.519938,0.413284,-0.74757],"extended":true,"handId":38,"id":380,"length":50.369,"mcpPosition":[21.9068,148.168,153.092],"pipPosition":[-5.28677,169.022,119.101],"stabilizedTipPosition":[-36.2379,188.925,85.2208],"timeVisible":5.48927,"tipPosition":[-36.4022,190.422,86.0817],"tipVelocity":[69.5412,108.398,2.88183],"tool":false,"touchDistance":0.205969,"touchZone":"hovering","type":0,"width":20.1816},{"bases":[[[0.925601,-0.102114,-0.364465],[0.290042,0.810022,0.509647],[0.243183,-0.57744,0.779375]],[[0.952412,-0.192151,-0.236619],[0.286202,0.830828,0.477298],[0.104876,-0.522306,0.846285]],[[0.952412,-0.192151,-0.236619],[0.286202,0.830828,0.477298],[0.104876,-0.522306,0.846285]],[[0.952412,-0.192151,-0.236619],[0.282644,0.847357,0.449553],[0.114119,-0.495039,0.861344]]],"btipPosition":[8.99197,250.018,30.6169],"carpPosition":[34.9806,166.877,155.192],"dipPosition":[10.8764,241.844,44.8401],"direction":[-0.104876,0.522306,-0.846285],"extended":true,"handId":38,"id":381,"length":56.8358,"mcpPosition":[17.681,207.956,99.7487],"pipPosition":[13.3263,229.643,64.6093],"stabilizedTipPosition":[9.06401,244.204,32.1695],"timeVisible":5.48927,"tipPosition":[7.72358,233.931,29.8574],"tipVelocity":[168.27,1598.07,760.365],"tool":false,"touchDistance":0.454699,"touchZone":"hovering","type":1,"width":19.2774},{"bases":[[[0.886849,-0.315772,-0.337324],[0.447619,0.768223,0.45768],[0.114618,-0.556886,0.822643]],[[0.87838,-0.281811,-0.386046],[-0.135507,0.627721,-0.766554],[0.458352,0.725637,0.51319]],[[0.87838,-0.281811,-0.386046],[-0.477541,-0.551379,-0.684058],[-0.0200833,0.785216,-0.618897]],[[0.87838,-0.281811,-0.386046],[-0.336642,-0.93813,-0.0811428],[-0.339295,0.201234,-0.918904]]],"btipPosition":[23.8513,145.867,105.588],"carpPosition":[46.2215,167.337,151.294],"dipPosition":[17.689,149.522,88.8994],"direction":[0.0200833,-0.785216,0.618897],"extended":false,"handId":38,"id":382,"length":64.7599,"mcpPosition":[38.4891,204.906,95.7969],"pipPosition":[17.1371,171.102,71.8903],"stabilizedTipPosition":[20.2362,143.917,103.259],"timeVisible":5.48927,"tipPosition":[19.953,147.594,99.071],"tipVelocity":[-33.2258,53.0063,7.28675],"tool":false,"touchDistance":0.529167,"touchZone":"none","type":2,"width":18.933},{"bases":[[[0.857766,-0.451288,-0.246125],[0.513262,0.725555,0.458401],[-0.0282938,-0.519527,0.853985]],[[0.857919,-0.419323,-0.29689],[0.0191236,0.60351,-0.797126],[0.513429,0.678192,0.525781]],[[0.857919,-0.419323,-0.29689],[-0.492492,-0.506533,-0.707726],[0.146381,0.753387,-0.641077]],[[0.857919,-0.419323,-0.29689],[-0.459921,-0.88435,-0.0799829],[-0.229016,0.205165,-0.951556]]],"btipPosition":[36.763,143.022,106.969],"carpPosition":[57.0035,164.715,147.053],"dipPosition":[32.6275,146.727,89.7865],"direction":[-0.146381,-0.753387,0.641077],"extended":false,"handId":38,"id":383,"length":62.2683,"mcpPosition":[58.7173,196.182,95.3269],"pipPosition":[36.5466,166.897,72.6228],"stabilizedTipPosition":[33.9081,140.868,104.484],"timeVisible":5.48927,"tipPosition":[34.932,144.66,101.139],"tipVelocity":[-32.6681,41.9228,-1.97978],"tool":false,"touchDistance":0.550288,"touchZone":"none","type":3,"width":18.0159},{"bases":[[[0.75205,-0.622022,-0.217966],[0.635898,0.597762,0.488174],[-0.173363,-0.505736,0.84509]],[[0.767395,-0.557006,-0.317566],[0.126863,0.617402,-0.776351],[0.628498,0.555481,0.544455]],[[0.767395,-0.557006,-0.317566],[-0.562072,-0.346095,-0.751195],[0.308512,0.754959,-0.578669]],[[0.767395,-0.557006,-0.317566],[-0.628444,-0.751628,-0.200285],[-0.127131,0.353271,-0.926843]]],"btipPosition":[50.1528,144.769,101.865],"carpPosition":[65.6246,155.551,141.476],"dipPosition":[48.035,150.654,86.4251],"direction":[-0.308512,-0.754959,0.578669],"extended":false,"handId":38,"id":384,"length":48.8172,"mcpPosition":[75.3449,183.908,94.0925],"pipPosition":[53.8668,164.925,75.4865],"stabilizedTipPosition":[51.2105,143.369,99.8686],"timeVisible":5.48927,"tipPosition":[49.2061,148.469,98.4609],"tipVelocity":[-35.775,29.1172,-15.2762],"tool":false,"touchDistance":0.471901,"touchZone":"none","type":4,"width":16.0032}],"r":[[0.954779,0.187107,0.231059],[-0.0966197,0.930229,-0.354031],[-0.28118,0.315697,0.906241]],"s":1.13267,"t":[-15.8288,-49.9331,-60.9367],"timestamp":230410763662},{"currentFrameRate":115.147,"devices":[],"gestures":[],"hands":[{"armBasis":[[0.972266,-0.156153,-0.17411],[-0.00414876,-0.755851,0.65473]