{"frames":74,"data":[{"currentFrameRate":115.342,"devices":[],"gestures":[],"hands":[{"armBasis":[[-0.81739,-0.548001,0.177675],[0.469995,-0.812703,-0.344411],[0.333135,-0.198012,0.921853]],"armWidth":55.2262,"confidence":1,"direction":[0.263674,-0.0631548,-0.962542],"elbow":[133.044,56.9942,272.661],"grabAngle":0.236844,"grabStrength":0,"id":69,"palmNormal":[-0.390187,0.905592,-0.166304],"palmPosition":[69.9564,108.818,-11.1573],"palmVelocity":[3.58051,6.17076,-5.92559],"palmWidth":80.3268,"pinchDistance":53.8845,"pinchStrength":0,"r":[[0.885016,-0.295971,0.35937],[0.441712,0.777697,-0.4473],[-0.147093,0.554606,0.819009]],"s":1.34285,"sphereCenter":[47.155,184.743,-44.0707],"sphereRadius":91.6161,"stabilizedPalmPosition":[70.4986,103.851,-12.589],"t":[-31.8869,-13.15,-93.1976],"timeVisible":8.09094,"type":"right","wrist":[53.6388,104.192,52.9291]}],"id":83972,"interactionBox":{"center":[0,200,0],"size":[235.247,235.247,147.751]},"pointables":[{"bases":[[[0.0454611,-0.991084,-0.125245],[0.781562,-0.0427982,0.622357],[-0.622168,-0.12618,0.772648]],[[0.100579,-0.975947,-0.193422],[0.599162,-0.0957874,0.794877],[-0.794285,-0.195839,0.575116]],[[0.100579,-0.975947,-0.193422],[0.967581,0.0506798,0.247424],[-0.23167,-0.212037,0.949405]],[[0.100579,-0.975947,-0.193422],[0.954834,0.149317,-0.256899],[0.2796,-0.158847,0.946885]]],"btipPosition":[106.756,142.692,-30.1861],"carpPosition":[70.6233,124.933,40.6334],"dipPosition":[112.213,139.592,-11.7056],"direction":[0.23167,0.212037,-0.949405],"extended":true,"handId":69,"id":690,"length":43.4617,"mcpPosition":[70.6233,124.933,40.6334],"pipPosition":[105.626,133.563,15.2893],"stabilizedTipPosition":[109.503,139.469,-26.5833],"timeVisible":8.09094,"tipPosition":[108.873,143.836,-25.5269],"tipVelocity":[4.09634,4.17668,-7.01478],"tool":false,"touchDistance":0.286424,"touchZone":"hovering","type":0,"width":17.4075},{"bases":[[[-0.928415,-0.28069,-0.24343],[0.292737,-0.95609,-0.0140329],[-0.228802,-0.0842893,0.969817]],[[-0.942552,-0.286059,-0.172528],[0.298351,-0.95317,-0.0495449],[-0.150276,-0.0981726,0.983758]],[[-0.942552,-0.286059,-0.172528],[0.31047,-0.940755,-0.136339],[-0.123306,-0.182072,0.975523]],[[-0.942552,-0.286059,-0.172528],[0.318318,-0.925756,-0.204082],[-0.10134,-0.247276,0.963631]]],"btipPosition":[90.1883,117.218,-109.071],"carpPosition":[65.5432,99.8877,28.4402],"dipPosition":[88.6002,113.343,-93.9695],"direction":[0.123306,0.182072,-0.975523],"extended":true,"handId":69,"id":692,"length":55.8791,"mcpPosition":[79.6356,105.079,-31.2926],"pipPosition":[85.6761,109.025,-70.8358],"stabilizedTipPosition":[89.0314,120.139,-106.118],"timeVisible":8.09094,"tipPosition":[88.7881,118.555,-105.142],"tipVelocity":[6.33489,-1.32456,-6.71301],"tool":false,"touchDistance":0.327837,"touchZone":"hovering","type":2,"width":16.3305},{"bases":[[[-0.825379,-0.424071,-0.372711],[0.446401,-0.894362,0.0290407],[-0.345654,-0.142409,0.927493]],[[-0.890013,-0.447126,-0.0891904],[0.429423,-0.887799,0.165553],[-0.153206,0.109044,0.98216]],[[-0.890013,-0.447126,-0.0891904],[0.439479,-0.893397,0.0932698],[-0.121386,0.043814,0.991638]],[[-0.890013,-0.447126,-0.0891904],[0.448987,-0.893538,-0.000902132],[-0.0792916,-0.0408482,0.996014]]],"btipPosition":[105.083,110.759,-96.7202],"carpPosition":[73.5682,105.718,32.8868],"dipPosition":[103.954,110.177,-82.5287],"direction":[0.121386,-0.043814,-0.991638],"extended":true,"handId":69,"id":691,"length":49.0417,"mcpPosition":[96.0177,114.967,-27.352],"pipPosition":[101.507,111.06,-62.5407],"stabilizedTipPosition":[104.983,111.938,-94.1772],"timeVisible":8.09094,"tipPosition":[105.727,112.201,-93.3463],"tipVelocity":[6.89609,0.805762,-5.80332],"tool":false,"touchDistance":0.308354,"touchZone":"hovering","type":1,"width":16.6276},{"bases":[[[-0.971374,-0.217157,-0.0963053],[0.218215,-0.975901,-0.000466203],[-0.0938832,-0.0214681,0.995352]],[[-0.956146,-0.213702,-0.200289],[0.240288,-0.963352,-0.119227],[-0.16747,-0.162125,0.972455]],[[-0.956146,-0.213702,-0.200289],[0.259291,-0.935624,-0.239531],[-0.136207,-0.28096,0.950005]],[[-0.956146,-0.213702,-0.200289],[0.267681,-0.91514,-0.301441],[-0.118874,-0.341835,0.932211]]],"btipPosition":[72.3524,115.204,-102.648],"carpPosition":[55.922,96.1595,25.0995],"dipPosition":[70.5002,109.878,-88.123],"direction":[0.136207,0.28096,-0.950005],"extended":true,"handId":69,"id":693,"length":53.7292,"mcpPosition":[61.1137,97.3467,-29.9426],"pipPosition":[67.3536,103.387,-66.1763],"stabilizedTipPosition":[71.3262,116.314,-100.025],"timeVisible":8.09094,"tipPosition":[69.9473,116.4,-98.6362],"tipVelocity":[4.43797,1.48974,-6.58676],"tool":false,"touchDistance":0.33032,"touchZone":"hovering","type":3,"width":15.5395},{"bases":[[[-0.998325,-0.0539297,0.0209528],[0.0553168,-0.995833,0.0724993],[0.0169556,0.0735369,0.997148]],[[-0.964213,-0.0721343,-0.255128],[0.0982111,-0.990998,-0.0909794],[-0.246269,-0.11278,0.962618]],[[-0.964213,-0.0721343,-0.255128],[0.139256,-0.956643,-0.255817],[-0.225613,-0.28219,0.932452]],[[-0.964213,-0.0721343,-0.255128],[0.154215,-0.935337,-0.318376],[-0.215665,-0.346327,0.912988]]],"btipPosition":[56.7218,107.007,-84.018],"carpPosition":[43.548,97.8652,23.7436],"dipPosition":[53.6218,102.029,-70.8943],"direction":[0.225613,0.28219,-0.932452],"extended":true,"handId":69,"id":694,"length":42.1227,"mcpPosition":[42.68,94.1009,-27.3003],"pipPosition":[49.9418,97.4265,-55.6853],"stabilizedTipPosition":[55.9857,106.985,-82.4597],"timeVisible":8.09094,"tipPosition":[53.8285,107.976,-80.6424],"tipVelocity":[2.55089,5.2172,-5.79442],"tool":false,"touchDistance":0.333897,"touchZone":"hovering","type":4,"width":13.8034}],"r":[[0.885016,-0.295971,0.35937],[0.441712,0.777697,-0.4473],[-0.147093,0.554606,0.819009]],"s":1.34285,"t":[-31.8869,-13.15,-93.1976],"timestamp":7513130571},{"currentFrameRate":114.88,"devices":[],"gestures":[],"hands":[{"armBasis":[[-0.818222,-0.546753,0.177693],[0.468745,-0.813419,-0.344423],[0.332853,-0.198522,0.921845]],"armWidth":55.2262,"confidence":1,"direction":[0.263008,-0.0633988,-0.962708],"elbow":[132.999,57.0341,272.57],"grabAngle":0.235155,"grabStrength":0,"id":69,"palmNormal":[-0.389142,0.9061,-0.165983],"palmPosition":[69.951,108.964,-11.2554],"palmVelocity":[-0.56865,15.4494,-10.342],"palmWidth":80.3268,"pinchDistance":53.8844,"pinchStrength":0,"r":[[0.884812,-0.296678,0.359292],[0.442374,0.777038,-0.447792],[-0.146333,0.555153,0.818775]],"s":1.34303,"sphereCenter":[47.5549,184.015,-44.1836],"sphereRadius":90.7972,"stabilizedPalmPosition":[70.4964,103.871,-12.5838],"t":[-31.8765,-13.071,-93.2677],"timeVisible":8.10043,"type":"right","wrist":[53.6605,104.354,52.8407]}],"id":83973,"interactionBox":{"center":[0,200,0],"size":[235.247,235.247,147.751]},"pointables":[{"bases":[[[0.044131,-0.991129,-0.125364],[0.781886,-0.0438448,0.621878],[-0.621858,-0.125465,0.773015]],[[0.099408,-0.975992,-0.193797],[0.599387,-0.0967279,0.794593],[-0.794262,-0.195148,0.575382]],[[0.099408,-0.975992,-0.193797],[0.967851,0.0496166,0.246581],[-0.231046,-0.212079,0.949548]],[[0.099408,-0.975992,-0.193797],[0.954684,0.148457,-0.257951],[0.280528,-0.159372,0.946522]]],"btipPosition":[106.765,142.814,-30.2918],"carpPosition":[70.6698,125.074,40.5363],"dipPosition":[112.241,139.704,-11.8185],"direction":[0.231046,0.212079,-0.949548],"extended":true,"handId":69,"id":690,"length":43.4617,"mcpPosition":[70.6698,125.074,40.5363],"pipPosition":[105.671,133.674,15.1806],"stabilizedTipPosition":[109.496,139.481,-26.5807],"timeVisible":8.10043,"tipPosition":[108.902,143.931,-25.6462],"tipVelocity":[1.45267,12.6038,-11.3167],"tool":false,"touchDistance":0.284634,"touchZone":"hovering","type":0,"width":17.4075},{"bases":[[[-0.928917,-0.279493,-0.242891],[0.291518,-0.956458,-0.0142991],[-0.228319,-0.08409,0.969948]],[[-0.942972,-0.284832,-0.172264],[0.296977,-0.953634,-0.0488486],[-0.150363,-0.0972212,0.983839]],[[-0.942972,-0.284832,-0.172264],[0.308941,-0.941548,-0.134325],[-0.123934,-0.179884,0.975849]],[[-0.942972,-0.284832,-0.172264],[0.316809,-0.926766,-0.201835],[-0.102159,-0.2449,0.964151]]],"btipPosition":[90.1972,117.227,-109.194],"carpPosition":[65.5506,100.036,28.3439],"dipPosition":[88.5962,113.389,-94.0849],"direction":[0.123934,0.179884,-0.975849],"extended":true,"handId":69,"id":692,"length":55.8791,"mcpPosition":[79.6132,105.215,-31.397],"pipPosition":[85.6572,109.123,-70.9434],"stabilizedTipPosition":[89.0374,120.111,-106.115],"timeVisible":8.10043,"tipPosition":[88.7471,118.667,-105.254],"tipVelocity":[0.622929,1.83758,-12.8188],"tool":false,"touchDistance":0.32581,"touchZone":"hovering","type":2,"width":16.3305},{"bases":[[[-0.826141,-0.422992,-0.372249],[0.445286,-0.894929,0.0286866],[-0.34527,-0.142058,0.92769]],[[-0.89059,-0.445985,-0.0891457],[0.428283,-0.888342,0.165597],[-0.153046,0.109299,0.982156]],[[-0.89059,-0.445985,-0.0891457],[0.43825,-0.893927,0.093971],[-0.121599,0.0446215,0.991576]],[[-0.89059,-0.445985,-0.0891457],[0.447791,-0.894138,-0.000293654],[-0.0795776,-0.0401802,0.996019]]],"btipPosition":[105.078,110.839,-96.8323],"carpPosition":[73.5857,105.856,32.7862],"dipPosition":[103.945,110.267,-82.6407],"direction":[0.121599,-0.0446215,-0.991576],"extended":true,"handId":69,"id":691,"length":49.0417,"mcpPosition":[96.0102,115.082,-27.4654],"pipPosition":[101.494,111.166,-62.654],"stabilizedTipPosition":[104.981,111.929,-94.1724],"timeVisible":8.10043,"tipPosition":[105.673,112.304,-93.4663],"tipVelocity":[-0.61101,8.68163,-11.8125],"tool":false,"touchDistance":0.306486,"touchZone":"hovering","type":1,"width":16.6276},{"bases":[[[-0.971707,-0.215919,-0.0957345],[0.21698,-0.976176,-0.00068894],[-0.093305,-0.0214419,0.995407]],[[-0.956503,-0.212466,-0.199902],[0.238918,-0.963735,-0.118883],[-0.167394,-0.161472,0.972577]],[[-0.956503,-0.212466,-0.199902],[0.257789,-0.936361,-0.238273],[-0.136556,-0.279441,0.950403]],[[-0.956503,-0.212466,-0.199902],[0.266147,-0.916139,-0.299759],[-0.11945,-0.339924,0.932836]]],"btipPosition":[72.3353,115.275,-102.765],"carpPosition":[55.9226,96.3205,25.0087],"dipPosition":[70.4741,109.978,-88.2305],"direction":[0.136556,0.279441,-0.950403],"extended":true,"handId":69,"id":693,"length":53.7292,"mcpPosition":[61.0823,97.5063,-30.0365],"pipPosition":[67.3194,103.523,-66.2746],"stabilizedTipPosition":[71.329,116.303,-100.022],"timeVisible":8.10043,"tipPosition":[69.9094,116.541,-98.7374],"tipVelocity":[-2.02034,8.13472,-12.1229],"tool":false,"touchDistance":0.328402,"touchZone":"hovering","type":3,"width":15.5395},{"bases":[[[-0.998379,-0.0526686,0.021555],[0.0541009,-0.995909,0.0723738],[0.017655,0.0734227,0.997145]],[[-0.964451,-0.0708923,-0.254576],[0.0968471,-0.99114,-0.0908964],[-0.245877,-0.11232,0.962771]],[[-0.964451,-0.0708923,-0.254576],[0.137742,-0.95699,-0.255336],[-0.225526,-0.281325,0.932735]],[[-0.964451,-0.0708923,-0.254576],[0.152607,-0.935888,-0.317528],[-0.215745,-0.34509,0.913437]]],"btipPosition":[56.6762,107.145,-84.1165],"carpPosition":[43.55,98.042,23.6605],"dipPosition":[53.575,102.184,-70.9864],"direction":[0.225526,0.281325,-0.932735],"extended":true,"handId":69,"id":694,"length":42.1227,"mcpPosition":[42.6462,94.2835,-27.3832],"pipPosition":[49.8965,97.5955,-55.7727],"stabilizedTipPosition":[55.9856,106.98,-82.4538],"timeVisible":8.10043,"tipPosition":[53.7843,108.145,-80.7316],"tipVelocity":[-4.83726,14.8864,-10.2247],"tool":false,"touchDistance":0.33228,"touchZone":"hovering","type":4,"width":13.8034}],"r":[[0.884812,-0.296678,0.359292],[0.442374,0.777038,-0.447792],[-0.146333,0.555153,0.818775]],"s":1.34303,"t":[-31.8765,-13.071,-93.2677],"timestamp":7513140061},{"currentFrameRate":115.334,"devices":[],"gestures":[],"hands":[{"armBasis":[[-0.819524,-0.544873,0.177462],[0.466817,-0.814398,-0.344729],[0.332358,-0.199672,0.921775]],"armWidth":55.2262,"confidence":1,"direction":[0.262761,-0.0636309,-0.96276],"elbow":[132.903,57.0316,272.44],"grabAngle":0.233028,"grabStrength":0,"id":69,"palmNormal":[-0.387053,0.907067,-0.165586],"palmPosition":[69.9786,109.223,-11.3686],"palmVelocity":[3.49156,32.7876,-14.3325],"palmWidth":80.3268,"pinchDistance":53.8914,"pinchStrength":0,"r":[[0.884517,-0.297682,0.359187],[0.443255,0.776339,-0.448132],[-0.14545,0.555592,0.818634]],"s":1.3433,"sphereCenter":[48.1525,183.096,-44.3253],"sphereRadius":89.6974,"stabilizedPalmPosition":[70.4945,103.89,-12.5793],"t":[-31.8575,-12.9021,-93.3593],"timeVisible":8.10833,"type":"right","wrist":[53.6827,104.625,52.7274]}],"id":83974,"interactionBox":{"center":[0,200,0],"size":[235.247,235.247,147.751]},"pointables":[{"bases":[[[0.0418151,-0.991179,-0.125759],[0.781846,-0.0459061,0.621779],[-0.622068,-0.124324,0.77303]],[[0.0973115,-0.976078,-0.194427],[0.599175,-0.0985287,0.794532],[-0.794682,-0.193813,0.575254]],[[0.0973115,-0.976078,-0.194427],[0.968156,0.0475625,0.245789],[-0.230662,-0.212153,0.949624]],[[0.0973115,-0.976078,-0.194427],[0.95461,0.146796,-0.259172],[0.281513,-0.160381,0.946059]]],"btipPosition":[106.824,143.014,-30.3863],"carpPosition":[70.7401,125.311,40.4294],"dipPosition":[112.318,139.884,-11.9219],"direction":[0.230662,0.212153,-0.949624],"extended":true,"handId":69,"id":690,"length":43.4617,"mcpPosition":[70.7401,125.311,40.4294],"pipPosition":[105.76,133.852,15.0793],"stabilizedTipPosition":[109.49,139.493,-26.5789],"timeVisible":8.10833,"tipPosition":[109.006,144.1,-25.7508],"tipVelocity":[7.99137,24.7284,-12.219],"tool":false,"touchDistance":0.283026,"touchZone":"hovering","type":0,"width":17.4075},{"bases":[[[-0.929589,-0.277238,-0.242905],[0.289294,-0.957127,-0.0147055],[-0.228414,-0.083941,0.969939]],[[-0.943654,-0.282575,-0.172245],[0.294558,-0.954429,-0.0479721],[-0.15084,-0.0960052,0.983885]],[[-0.943654,-0.282575,-0.172245],[0.306416,-0.942669,-0.13223],[-0.125005,-0.177558,0.976139]],[[-0.943654,-0.282575,-0.172245],[0.314352,-0.928075,-0.19965],[-0.10344,-0.242546,0.96461]]],"btipPosition":[90.2786,117.331,-109.326],"carpPosition":[65.5615,100.29,28.2276],"dipPosition":[88.6575,113.53,-94.2093],"direction":[0.125005,0.177558,-0.976139],"extended":true,"handId":69,"id":692,"length":55.8791,"mcpPosition":[79.63,105.46,-31.5127],"pipPosition":[85.6931,109.319,-71.061],"stabilizedTipPosition":[89.0422,120.091,-106.113],"timeVisible":8.10833,"tipPosition":[88.7982,118.895,-105.37],"tipVelocity":[9.72039,14.1812,-16.4515],"tool":false,"touchDistance":0.323644,"touchZone":"hovering","type":2,"width":16.3305},{"bases":[[[-0.82716,-0.420925,-0.372329],[0.443209,-0.895972,0.0282885],[-0.345504,-0.14162,0.92767]],[[-0.891605,-0.443875,-0.0895332],[0.426103,-0.889351,0.165807],[-0.153224,0.109684,0.982086]],[[-0.891605,-0.443875,-0.0895332],[0.435982,-0.894922,0.095049],[-0.122315,0.0457112,0.991438]],[[-0.891605,-0.443875,-0.0895332],[0.445606,-0.895229,0.000731662],[-0.0804774,-0.0392442,0.995984]]],"btipPosition":[105.152,110.995,-96.94],"carpPosition":[73.6105,106.089,32.6714],"dipPosition":[104.005,110.436,-82.7489],"direction":[0.122315,-0.0457112,-0.991438],"extended":true,"handId":69,"id":691,"length":49.0417,"mcpPosition":[96.0503,115.287,-27.5789],"pipPosition":[101.54,111.357,-62.7649],"stabilizedTipPosition":[104.981,111.922,-94.1693],"timeVisible":8.10833,"tipPosition":[105.696,112.504,-93.5823],"tipVelocity":[8.95613,20.1019,-13.6497],"tool":false,"touchDistance":0.304689,"touchZone":"hovering","type":1,"width":16.6276},{"bases":[[[-0.972216,-0.213623,-0.0957186],[0.214711,-0.976677,-0.00109538],[-0.0932522,-0.0216168,0.995408]],[[-0.957061,-0.210174,-0.199654],[0.236432,-0.964444,-0.118097],[-0.167734,-0.160231,0.972724]],[[-0.957061,-0.210174,-0.199654],[0.25523,-0.93749,-0.236579],[-0.137451,-0.277378,0.950878]],[[-0.957061,-0.210174,-0.199654],[0.26362,-0.91749,-0.297853],[-0.12058,-0.337696,0.9335]]],"btipPosition":[72.3853,115.433,-102.909],"carpPosition":[55.9246,96.5979,24.892],"dipPosition":[70.5065,110.171,-88.3638],"direction":[0.137451,0.277378,-0.950878],"extended":true,"handId":69,"id":693,"length":53.7292,"mcpPosition":[61.0814,97.7933,-30.1532],"pipPosition":[67.3311,103.763,-66.3969],"stabilizedTipPosition":[71.3315,116.295,-100.02],"timeVisible":8.10833,"tipPosition":[69.9625,116.812,-98.8536],"tipVelocity":[5.81726,21.0619,-17.8765],"tool":false,"touchDistance":0.326049,"touchZone":"hovering","type":3,"width":15.5395},{"bases":[[[-0.998497,-0.0503573,0.0216379],[0.0517942,-0.996061,0.0719765],[0.0179281,0.072989,0.997172]],[[-0.964613,-0.0685568,-0.254602],[0.094342,-0.99142,-0.0904741],[-0.246215,-0.111292,0.962804]],[[-0.964613,-0.0685568,-0.254602],[0.13517,-0.957645,-0.254255],[-0.226388,-0.279672,0.933023]],[[-0.964613,-0.0685568,-0.254602],[0.150021,-0.936776,-0.316139],[-0.216832,-0.343148,0.913911]]],"btipPosition":[56.7077,107.388,-84.2451],"carpPosition":[43.5558,98.3486,23.5458],"dipPosition":[53.5909,102.456,-71.1082],"direction":[0.226388,0.279672,-0.933023],"extended":true,"handId":69,"id":694,"length":42.1227,"mcpPosition":[42.6381,94.6123,-27.4993],"pipPosition":[49.8983,97.894,-55.8899],"stabilizedTipPosition":[55.9856,106.978,-82.449],"timeVisible":8.10833,"tipPosition":[53.8133,108.459,-80.8452],"tipVelocity":[3.53906,31.6571,-16.0868],"tool":false,"touchDistance":0.330162,"touchZone":"hovering","type":4,"width":13.8034}],"r":[[0.884517,-0.297682,0.359187],[0.443255,0.776339,-0.448132],[-0.14545,0.555592,0.818634]],"s":1.3433,"t":[-31.8575,-12.9021,-93.3593],"timestamp":7513147959},{"currentFrameRate":114.947,"devices":[],"gestures":[],"hands":[{"armBasis":[[-0.821184,-0.542671,0.176538],[0.464557,-0.81537,-0.345482],[0.331427,-0.201692,0.92167]],"armWidth":55.2262,"confidence":1,"direction":[0.26197,-0.0648652,-0.962894],"elbow":[132.76,57.0461,272.244],"grabAngle":0.231545,"grabStrength":0,"id":69,"palmNormal":[-0.384861,0.907948,-0.165871],"palmPosition":[70.0379,109.658,-11.5527],"palmVelocity":[6.33553,46.4115,-19.6744],"palmWidth":80.3268,"pinchDistance":53.8963,"pinchStrength":0,"r":[[0.884175,-0.298891,0.359024],[0.444293,0.775501,-0.448555],[-0.144355,0.556113,0.818474]],"s":1.34355,"sphereCenter":[48.6129,182.651,-44.588],"sphereRadius":88.9028,"stabilizedPalmPosition":[70.492,103.922,-12.5737],"t":[-31.8183,-12.6004,-93.4972],"timeVisible":8.11769,"type":"right","wrist":[53.7619,105.121,52.5558]}],"id":83975,"interactionBox":{"center":[0,200,0],"size":[235.247,235.247,147.751]},"pointables":[{"bases":[[[0.0392208,-0.991356,-0.125199],[0.782134,-0.0475204,0.621296],[-0.621875,-0.12229,0.773509]],[[0.095029,-0.976327,-0.194305],[0.599717,-0.0996433,0.793984],[-0.79455,-0.191979,0.576051]],[[0.095029,-0.976327,-0.194305],[0.968725,0.0457527,0.243882],[-0.229218,-0.211404,0.950141]],[[0.095029,-0.976327,-0.194305],[0.954151,0.144987,-0.261869],[0.283842,-0.160511,0.945341]]],"btipPosition":[106.866,143.377,-30.6162],"carpPosition":[70.874,125.774,40.2353],"dipPosition":[112.406,140.245,-12.1659],"direction":[0.229218,0.211404,-0.950141],"extended":true,"handId":69,"id":690,"length":43.4617,"mcpPosition":[70.874,125.774,40.2353],"pipPosition":[105.888,134.234,14.85],"stabilizedTipPosition":[109.483,139.51,-26.5778],"timeVisible":8.11769,"tipPosition":[109.138,144.416,-25.9833],"tipVelocity":[5.56159,38.7649,-24.9203],"tool":false,"touchDistance":0.27914,"touchZone":"hovering","type":0,"width":17.4075},{"bases":[[[-0.930447,-0.275025,-0.242134],[0.286858,-0.957866,-0.0143274],[-0.227992,-0.0827889,0.970137]],[[-0.944519,-0.280299,-0.171222],[0.291942,-0.955301,-0.0465736],[-0.150514,-0.0939766,0.984131]],[[-0.944519,-0.280299,-0.171222],[0.303648,-0.9439,-0.129812],[-0.12523,-0.174601,0.976643]],[[-0.944519,-0.280299,-0.171222],[0.311609,-0.929502,-0.197298],[-0.103849,-0.239706,0.965275]]],"btipPosition":[90.3138,117.532,-109.546],"carpPosition":[65.6241,100.759,28.0517],"dipPosition":[88.6863,113.776,-94.4193],"direction":[0.12523,0.174601,-0.976643],"extended":true,"handId":69,"id":692,"length":55.8791,"mcpPosition":[79.6665,105.858,-31.7008],"pipPosition":[85.7166,109.635,-71.259],"stabilizedTipPosition":[89.0474,120.071,-106.113],"timeVisible":8.11769,"tipPosition":[88.8292,119.206,-105.576],"tipVelocity":[3.60589,22.6557,-23.3004],"tool":false,"touchDistance":0.320011,"touchZone":"hovering","type":2,"width":16.3305},{"bases":[[[-0.828467,-0.419047,-0.37154],[0.440955,-0.897076,0.0285299],[-0.345255,-0.140196,0.927978]],[[-0.892774,-0.441665,-0.08881],[0.423924,-0.890325,0.166164],[-0.152459,0.110698,0.982091]],[[-0.892774,-0.441665,-0.08881],[0.433656,-0.895929,0.0962019],[-0.122056,0.0473736,0.991392]],[[-0.892774,-0.441665,-0.08881],[0.443261,-0.896391,0.00194347],[-0.0804668,-0.0376309,0.996047]]],"btipPosition":[105.183,111.261,-97.1449],"carpPosition":[73.6907,106.54,32.4867],"dipPosition":[104.037,110.725,-82.9529],"direction":[0.122056,-0.0473736,-0.991392],"extended":true,"handId":69,"id":691,"length":49.0417,"mcpPosition":[96.1143,115.646,-27.7836],"pipPosition":[101.577,111.679,-62.9698],"stabilizedTipPosition":[104.98,111.917,-94.1673],"timeVisible":8.11769,"tipPosition":[105.708,112.796,-93.7918],"tipVelocity":[3.3355,28.966,-21.87],"tool":false,"touchDistance":0.301279,"touchZone":"hovering","type":1,"width":16.6276},{"bases":[[[-0.972816,-0.211214,-0.0949578],[0.212234,-0.977219,-0.000657054],[-0.0926557,-0.0207925,0.995481]],[[-0.957824,-0.207889,-0.198381],[0.233698,-0.965267,-0.116812],[-0.167206,-0.158246,0.973139]],[[-0.957824,-0.207889,-0.198381],[0.252359,-0.938735,-0.234717],[-0.137432,-0.27488,0.951606]],[[-0.957824,-0.207889,-0.198381],[0.260747,-0.918914,-0.295986],[-0.120763,-0.335229,0.934365]]],"btipPosition":[72.3861,115.709,-103.126],"carpPosition":[55.9757,97.0892,24.7246],"dipPosition":[70.5044,110.485,-88.5676],"direction":[0.137432,0.27488,-0.951606],"extended":true,"handId":69,"id":693,"length":53.7292,"mcpPosition":[61.0994,98.239,-30.3247],"pipPosition":[67.3295,104.135,-66.5839],"stabilizedTipPosition":[71.3344,116.287,-100.019],"timeVisible":8.11769,"tipPosition":[69.9965,117.177,-99.0469],"tipVelocity":[0.0158915,30.4083,-22.8909],"tool":false,"touchDistance":0.322479,"touchZone":"hovering","type":3,"width":15.5395},{"bases":[[[-0.998607,-0.0478135,0.0223192],[0.0493168,-0.996146,0.0725326],[0.0187651,0.0735323,0.997116]],[[-0.964935,-0.0662653,-0.253988],[0.0916613,-0.991761,-0.089484],[-0.245966,-0.109627,0.963059]],[[-0.964935,-0.0662653,-0.253988],[0.132359,-0.958422,-0.2528],[-0.226676,-0.277553,0.933586]],[[-0.964935,-0.0662653,-0.253988],[0.147195,-0.937758,-0.314553],[-0.217335,-0.340909,0.914629]]],"btipPosition":[56.7241,107.766,-84.4297],"carpPosition":[43.6105,98.8705,23.3853],"dipPosition":[53.6,102.866,-71.2825],"direction":[0.226676,0.277553,-0.933586],"extended":true,"handId":69,"id":694,"length":42.1227,"mcpPosition":[42.6499,95.1064,-27.6569],"pipPosition":[49.9028,98.339,-56.055],"stabilizedTipPosition":[55.9858,106.976,-82.4433],"timeVisible":8.11769,"tipPosition":[53.8317,108.886,-81.0194],"tipVelocity":[1.57173,41.2144,-19.476],"tool":false,"touchDistance":0.327125,"touchZone":"hovering","type":4,"width":13.8034}],"r":[[0.884175,-0.298891,0.359024],[0.444293,0.775501,-0.448555],[-0.144355,0.556113,0.818474]],"s":1.34355,"t":[-31.8183,-12.6004,-93.4972],"timestamp":7513157316},{"currentFrameRate":115.304,"devices":[],"gestures":[],"hands":[{"armBasis":[[-0.822039,-0.541854,0.175063],[0.463686,-0.815415,-0.346546],[0.330526,-0.2037,0.921552]],"armWidth":55.2262,"confidence":1,"direction":[0.261295,-0.0649845,-0.963069],"elbow":[132.619,57.1232,272.067],"grabAngle":0.230804,"grabStrength":0,"id":69,"palmNormal":[-0.384222,0.90828,-0.165533],"palmPosition":[70.0873,110.223,-11.711],"palmVelocity":[6.13479,70.0563,-19.6178],"palmWidth":80.3268,"pinchDistance":53.9554,"pinchStrength":0,"r":[[0.883897,-0.300011,0.358774],[0.445192,0.774765,-0.448935],[-0.14328,0.556536,0.818376]],"s":1.34382,"sphereCenter":[49.0223,182.039,-44.7855],"sphereRadius":87.8625,"stabilizedPalmPosition":[70.4893,103.965,-12.5678],"t":[-31.774,-12.1671,-93.6453],"timeVisible":8.12575,"type":"right","wrist":[53.8356,105.677,52.4069]}],"id":83976,"interactionBox":{"center":[0,200,0],"size":[235.247,235.247,147.751]},"pointables":[{"bases":[[[0.038325,-0.991376,-0.125323],[0.782495,-0.0482253,0.620787],[-0.621476,-0.121856,0.773898]],[[0.0943862,-0.976288,-0.194815],[0.600137,-0.100336,0.79358],[-0.794309,-0.191819,0.576436]],[[0.0943862,-0.976288,-0.194815],[0.969157,0.0453597,0.242235],[-0.227654,-0.21167,0.950458]],[[0.0943862,-0.976288,-0.194815],[0.95343,0.144956,-0.264498],[0.286466,-0.160777,0.944504]]],"btipPosition":[106.856,143.942,-30.783],"carpPosition":[70.9702,126.333,40.0781],"dipPosition":[112.447,140.804,-12.3491],"direction":[0.227654,0.21167,-0.950458],"extended":true,"handId":69,"id":690,"length":43.4617,"mcpPosition":[70.9702,126.333,40.0781],"pipPosition":[105.974,134.786,14.6758],"stabilizedTipPosition":[109.474,139.533,-26.5776],"timeVisible":8.12575,"tipPosition":[109.202,144.942,-26.1652],"tipVelocity":[0.202126,69.8861,-21.1481],"tool":false,"touchDistance":0.276296,"touchZone":"hovering","type":0,"width":17.4075},{"bases":[[[-0.930829,-0.274236,-0.241561],[0.286061,-0.9581,-0.0146076],[-0.227434,-0.0826982,0.970276]],[[-0.944924,-0.279531,-0.170236],[0.290905,-0.95567,-0.0454846],[-0.149975,-0.0925018,0.984353]],[[-0.944924,-0.279531,-0.170236],[0.30253,-0.944446,-0.128443],[-0.124874,-0.17287,0.976997]],[[-0.944924,-0.279531,-0.170236],[0.310526,-0.930036,-0.196487],[-0.103401,-0.238527,0.965615]]],"btipPosition":[90.31,117.973,-109.734],"carpPosition":[65.6918,101.323,27.8954],"dipPosition":[88.6895,114.235,-94.6014],"direction":[0.124874,0.17287,-0.976997],"extended":true,"handId":69,"id":692,"length":55.8791,"mcpPosition":[79.6999,106.417,-31.8657],"pipPosition":[85.7282,110.135,-71.4328],"stabilizedTipPosition":[89.0527,120.053,-106.114],"timeVisible":8.12575,"tipPosition":[88.8343,119.745,-105.749],"tipVelocity":[-0.271481,55.1239,-23.0887],"tool":false,"touchDistance":0.316907,"touchZone":"hovering","type":2,"width":16.3305},{"bases":[[[-0.829051,-0.418329,-0.371047],[0.440236,-0.897441,0.0281563],[-0.344771,-0.140005,0.928187]],[[-0.89322,-0.440926,-0.0879908],[0.423226,-0.890592,0.166512],[-0.151783,0.111492,0.982106]],[[-0.89322,-0.440926,-0.0879908],[0.432879,-0.896238,0.0968144],[-0.121549,0.0483872,0.991405]],[[-0.89322,-0.440926,-0.0879908],[0.442462,-0.896784,0.00226363],[-0.0799069,-0.0369107,0.996119]]],"btipPosition":[105.185,111.747,-97.3212],"carpPosition":[73.766,107.098,32.3258],"dipPosition":[104.046,111.221,-83.1282],"direction":[0.121549,-0.0483872,-0.991405],"extended":true,"handId":69,"id":691,"length":49.0417,"mcpPosition":[96.1582,116.191,-27.958],"pipPosition":[101.596,112.196,-63.1448],"stabilizedTipPosition":[104.98,111.914,-94.1664],"timeVisible":8.12575,"tipPosition":[105.704,113.333,-93.9731],"tipVelocity":[0.414465,60.5635,-21.8279],"tool":false,"touchDistance":0.298344,"touchZone":"hovering","type":1,"width":16.6276},{"bases":[[[-0.973051,-0.210405,-0.0943508],[0.21143,-0.977393,-0.000890966],[-0.0920303,-0.0208156,0.995539]],[[-0.958252,-0.20711,-0.197124],[0.232544,-0.965661,-0.115852],[-0.166361,-0.156856,0.973509]],[[-0.958252,-0.20711,-0.197124],[0.25113,-0.939256,-0.233949],[-0.136697,-0.273686,0.952056]],[[-0.958252,-0.20711,-0.197124],[0.259535,-0.91934,-0.29573],[-0.119975,-0.334544,0.934712]]],"btipPosition":[72.3533,116.193,-103.309],"carpPosition":[56.0382,97.6622,24.5741],"dipPosition":[70.4839,110.98,-88.7453],"direction":[0.136697,0.273686,-0.952056],"extended":true,"handId":69,"id":693,"length":53.7292,"mcpPosition":[61.1274,98.8133,-30.4783],"pipPosition":[67.326,104.658,-66.7512],"stabilizedTipPosition":[71.3375,116.28,-100.019],"timeVisible":8.12575,"tipPosition":[70.0075,117.734,-99.209],"tipVelocity":[-3.71277,60.3359,-22.5568],"tool":false,"touchDistance":0.319447,"touchZone":"hovering","type":3,"width":15.5395},{"bases":[[[-0.998631,-0.0469948,0.0229589],[0.0485447,-0.996193,0.0724019],[0.019469,0.0734174,0.997111]],[[-0.965125,-0.065453,-0.253476],[0.0905834,-0.991925,-0.0887652],[-0.245619,-0.10863,0.96326]],[[-0.965125,-0.065453,-0.253476],[0.131257,-0.958731,-0.252202],[-0.226508,-0.276676,0.933887]],[[-0.965125,-0.065453,-0.253476],[0.14615,-0.93802,-0.314258],[-0.217197,-0.340344,0.914873]]],"btipPosition":[56.7363,108.304,-84.5861],"carpPosition":[43.6737,99.4538,23.2431],"dipPosition":[53.6142,103.412,-71.4353],"direction":[0.226508,0.276676,-0.933887],"extended":true,"handId":69,"id":694,"length":42.1227,"mcpPosition":[42.677,95.6956,-27.7989],"pipPosition":[49.9197,98.8988,-56.2029],"stabilizedTipPosition":[55.986,106.977,-82.4376],"timeVisible":8.12575,"tipPosition":[53.8424,109.465,-81.1685],"tipVelocity":[1.57191,66.8548,-19.2827],"tool":false,"touchDistance":0.324532,"touchZone":"hovering","type":4,"width":13.8034}],"r":[[0.883897,-0.300011,0.358774],[0.445192,0.774765,-0.448935],[-0.14328,0.556536,0.818376]],"s":1.34382,"t":[-31.774,-12.1671,-93.6453],"timestamp":7513165382},{"currentFrameRate":115.288,"devices":[],"gestures":[],"hands":[{"armBasis":[[-0.822075,-0.542366,0.173296],[0.464262,-0.814706,-0.347441],[0.329625,-0.205168,0.921549]],"armWidth":55.2262,"confidence":1,"direction":[0.261727,-0.0632208,-0.963069],"elbow":[132.419,57.3106,271.837],"grabAngle":0.232713,"grabStrength":0,"id":69,"palmNormal":[-0.384647,0.908349,-0.164161],"palmPosition":[70.132,110.878,-11.9256],"palmVelocity":[5.13023,75.2939,-24.6688],"palmWidth":80.3268,"pinchDistance":54.0621,"pinchStrength":0,"r":[[0.883677,-0.300931,0.358546],[0.445864,0.774375,-0.448941],[-0.142549,0.556582,0.818472]],"s":1.3441,"sphereCenter":[49.0709,182.384,-44.9028],"sphereRadius":87.5591,"stabilizedPalmPosition":[70.4856,104.036,-12.5612],"t":[-31.7295,-11.6229,-93.8266],"timeVisible":8.13445,"type":"right","wrist":[53.8498,106.214,52.178]}],"id":83977,"interactionBox":{"center":[0,200,0],"size":[235.247,235.247,147.751]},"pointables":[{"bases":[[[0.038915,-0.991142,-0.126976],[0.782265,-0.0488463,0.621027],[-0.621729,-0.123496,0.773435]],[[0.0955742,-0.975707,-0.197132],[0.599844,-0.10159,0.793641],[-0.794388,-0.1941,0.575563]],[[0.0955742,-0.975707,-0.197132],[0.969132,0.0459932,0.242215],[-0.227264,-0.214196,0.949985]],[[0.0955742,-0.975707,-0.197132],[0.952683,0.147065,-0.266019],[0.288548,-0.162379,0.943596]]],"btipPosition":[106.822,144.714,-30.9006],"carpPosition":[70.9847,126.901,39.8908],"dipPosition":[112.454,141.545,-12.4844],"direction":[0.227264,0.214196,-0.949985],"extended":true,"handId":69,"id":690,"length":43.4617,"mcpPosition":[70.9847,126.901,39.8908],"pipPosition":[105.992,135.455,14.5271],"stabilizedTipPosition":[109.46,139.581,-26.5785],"timeVisible":8.13445,"tipPosition":[109.227,145.633,-26.3073],"tipVelocity":[-2.7971,87.8966,-13.9829],"tool":false,"touchDistance":0.274269,"touchZone":"hovering","type":0,"width":17.4075},{"bases":[[[-0.930581,-0.274333,-0.242407],[0.286587,-0.957919,-0.0161028],[-0.227788,-0.0844555,0.970041]],[[-0.944786,-0.27979,-0.170579],[0.291341,-0.955493,-0.0464131],[-0.150001,-0.0935469,0.98425]],[[-0.944786,-0.27979,-0.170579],[0.303115,-0.943973,-0.130521],[-0.124503,-0.175019,0.976661]],[[-0.944786,-0.27979,-0.170579],[0.311189,-0.929166,-0.199531],[-0.102669,-0.241596,0.96493]]],"btipPosition":[90.3457,118.808,-109.928],"carpPosition":[65.725,101.91,27.6639],"dipPosition":[88.7368,115.022,-94.8064],"direction":[0.124503,0.175019,-0.976661],"extended":true,"handId":69,"id":692,"length":55.8791,"mcpPosition":[79.7549,107.111,-32.0827],"pipPosition":[85.7843,110.872,-71.6457],"stabilizedTipPosition":[89.0623,120.031,-106.118],"timeVisible":8.13445,"tipPosition":[88.9154,120.562,-105.941],"tipVelocity":[4.41441,94.7351,-22.6075],"tool":false,"touchDistance":0.313628,"touchZone":"hovering","type":2,"width":16.3305},{"bases":[[[-0.828671,-0.418153,-0.372093],[0.440711,-0.897248,0.0268268],[-0.345077,-0.141755,0.927808]],[[-0.89298,-0.441267,-0.0887086],[0.423605,-0.890556,0.165737],[-0.152134,0.110422,0.982172]],[[-0.89298,-0.441267,-0.0887086],[0.43338,-0.896165,0.0952381],[-0.121523,0.0466012,0.991494]],[[-0.89298,-0.441267,-0.0887086],[0.443001,-0.896521,0.000157529],[-0.0795986,-0.0391574,0.996058]]],"btipPosition":[105.241,112.55,-97.5183],"carpPosition":[73.7942,107.681,32.1074],"dipPosition":[104.106,111.992,-83.3261],"direction":[0.121523,-0.0466012,-0.991494],"extended":true,"handId":69,"id":691,"length":49.0417,"mcpPosition":[96.2063,116.887,-28.1518],"pipPosition":[101.657,112.931,-63.341],"stabilizedTipPosition":[104.98,111.921,-94.1675],"timeVisible":8.13445,"tipPosition":[105.779,114.143,-94.1678],"tipVelocity":[6.52296,91.437,-22.6766],"tool":false,"touchDistance":0.295056,"touchZone":"hovering","type":1,"width":16.6276},{"bases":[[[-0.972897,-0.210774,-0.0951066],[0.211961,-0.977275,-0.00244949],[-0.092429,-0.022542,0.995464]],[[-0.958241,-0.20734,-0.196936],[0.232989,-0.96538,-0.117289],[-0.1658,-0.158275,0.973375]],[[-0.958241,-0.20734,-0.196936],[0.251728,-0.938349,-0.236925],[-0.135671,-0.276606,0.951358]],[[-0.958241,-0.20734,-0.196936],[0.260216,-0.917812,-0.299847],[-0.11858,-0.338572,0.933439]]],"btipPosition":[72.3456,117.058,-103.506],"carpPosition":[56.0747,98.2487,24.3325],"dipPosition":[70.4979,111.783,-88.9618],"direction":[0.135671,0.276606,-0.951358],"extended":true,"handId":69,"id":693,"length":53.7292,"mcpPosition":[61.186,99.4952,-30.7159],"pipPosition":[67.3637,105.393,-66.9838],"stabilizedTipPosition":[71.3432,116.276,-100.02],"timeVisible":8.13445,"tipPosition":[70.0954,118.52,-99.4155],"tipVelocity":[-0.317891,97.7551,-23.1172],"tool":false,"touchDistance":0.316095,"touchZone":"hovering","type":3,"width":15.5395},{"bases":[[[-0.998615,-0.0475751,0.0224676],[0.0490558,-0.996287,0.0707444],[0.0190185,0.0717486,0.997241]],[[-0.964991,-0.065548,-0.253959],[0.0912092,-0.991701,-0.0906136],[-0.245911,-0.110605,0.962961]],[[-0.964991,-0.065548,-0.253959],[0.132166,-0.957874,-0.254971],[-0.226547,-0.27961,0.933003]],[[-0.964991,-0.065548,-0.253959],[0.147301,-0.936586,-0.317975],[-0.217012,-0.344252,0.913453]]],"btipPosition":[56.8021,109.133,-84.7928],"carpPosition":[43.7098,100.036,22.9993],"dipPosition":[53.6826,104.185,-71.6625],"direction":[0.226547,0.27961,-0.933003],"extended":true,"handId":69,"id":694,"length":42.1227,"mcpPosition":[42.7362,96.363,-28.0493],"pipPosition":[49.9875,99.6244,-56.4445],"stabilizedTipPosition":[55.9871,106.989,-82.4299],"timeVisible":8.13445,"tipPosition":[53.9239,110.22,-81.3924],"tipVelocity":[7.62619,93.8642,-24.3016],"tool":false,"touchDistance":0.321008,"touchZone":"hovering","type":4,"width":13.8034}],"r":[[0.883677,-0.300931,0.358546],[0.445864,0.774375,-0.448941],[-0.142549,0.556582,0.818472]],"s":1.3441,"t":[-31.7295,-11.6229,-93.8266],"timestamp":7513174083},{"currentFrameRate":115.195,"devices":[],"gestures":[],"hands":[{"armBasis":[[-0.81819,-0.549441,0.169351],[0.471893,-0.810013,-0.348133],[0.328455,-0.204923,0.922021]],"armWidth":55.2262,"confidence":1,"direction":[0.269867,-0.0523837,-0.961472],"elbow":[131.762,57.4362,271.324],"grabAngle":0.233274,"grabStrength":0,"id":69,"palmNormal":[-0.388858,0.907545,-0.158591],"palmPosition":[70.1907,111.588,-12.3742],"palmVelocity":[6.64743,80.329,-50.7544],"palmWidth":80.3268,"pinchDistance":53.5321,"pinchStrength":0,"r":[[0.883281,-0.301285,0.359223],[0.446192,0.775458,-0.44674],[-0.143966,0.55488,0.819379]],"s":1.34487,"sphereCenter":[49.6797,182.215,-44.8521],"sphereRadius":86.5443,"stabilizedPalmPosition":[70.4818,104.133,-12.5588],"t":[-31.6779,-10.9957,-94.1416],"timeVisible":8.14329,"type":"right","wrist":[53.4718,106.281,51.5518]}],"id":83978,"interactionBox":{"center":[0,200,0],"size":[235.247,235.247,147.751]},"pointables":[{"bases":[[[0.0459986,-0.989623,-0.136123],[0.777515,-0.0500863,0.626866],[-0.627179,-0.134673,0.767144]],[[0.102471,-0.97341,-0.204872],[0.591296,-0.106014,0.799456],[-0.799918,-0.203061,0.56471]],[[0.102471,-0.97341,-0.204872],[0.965437,0.047703,0.256232],[-0.239646,-0.224047,0.944655]],[[0.102471,-0.97341,-0.204872],[0.953595,0.154745,-0.258282],[0.283117,-0.168899,0.944096]]],"btipPosition":[107.066,145.733,-30.5732],"carpPosition":[70.5275,127.118,39.5982],"dipPosition":[112.592,142.437,-12.1472],"direction":[0.239646,0.224047,-0.944655],"extended":true,"handId":69,"id":690,"length":43.4617,"mcpPosition":[70.5275,127.118,39.5982],"pipPosition":[105.778,136.066,14.7127],"stabilizedTipPosition":[109.441,139.673,-26.5744],"timeVisible":8.14329,"tipPosition":[109.171,146.681,-26.1096],"tipVelocity":[24.9117,111.925,37.3],"tool":false,"touchDistance":0.280215,"touchZone":"hovering","type":0,"width":17.4075},{"bases":[[[-0.9269,-0.277605,-0.252569],[0.29256,-0.955972,-0.0229296],[-0.235084,-0.0951452,0.967307]],[[-0.941615,-0.283822,-0.181125],[0.297246,-0.953423,-0.051282],[-0.158134,-0.102127,0.982122]],[[-0.941615,-0.283822,-0.181125],[0.310091,-0.940621,-0.138119],[-0.131169,-0.18622,0.973713]],[[-0.941615,-0.283822,-0.181125],[0.318792,-0.924625,-0.208421],[-0.108318,-0.253993,0.961121]]],"btipPosition":[91.1631,120.575,-110.118],"carpPosition":[65.5195,102.213,27.0907],"dipPosition":[89.4656,116.594,-95.0558],"direction":[0.131169,0.18622,-0.973713],"extended":true,"handId":69,"id":692,"length":55.8791,"mcpPosition":[79.9987,108.073,-32.4876],"pipPosition":[86.3551,112.178,-71.965],"stabilizedTipPosition":[89.1167,120.019,-106.135],"timeVisible":8.14329,"tipPosition":[89.6742,122.283,-106.138],"tipVelocity":[90.1728,194.832,-23.016],"tool":false,"touchDistance":0.312858,"touchZone":"hovering","type":2,"width":16.3305},{"bases":[[[-0.82307,-0.419555,-0.382792],[0.44596,-0.894787,0.0218286],[-0.351676,-0.152743,0.923577]],[[-0.889388,-0.445745,-0.101492],[0.4273,-0.889475,0.162019],[-0.162494,0.10073,0.981555]],[[-0.889388,-0.445745,-0.101492],[0.437721,-0.894371,0.0921971],[-0.131868,0.0375737,0.990555]],[[-0.889388,-0.445745,-0.101492],[0.448081,-0.893993,-0.000249667],[-0.0906221,-0.0456988,0.994836]]],"btipPosition":[106.129,114.195,-97.6379],"carpPosition":[73.5172,107.99,31.6545],"dipPosition":[104.838,113.544,-83.4632],"direction":[0.131868,-0.0375737,-0.990555],"extended":true,"handId":69,"id":691,"length":49.0417,"mcpPosition":[96.3578,117.91,-28.3299],"pipPosition":[102.18,114.301,-63.497],"stabilizedTipPosition":[105.011,111.998,-94.1752],"timeVisible":8.14329,"tipPosition":[106.472,115.839,-94.2901],"tipVelocity":[96.4091,183.727,-13.9872],"tool":false,"touchDistance":0.297312,"touchZone":"hovering","type":1,"width":16.6276},{"bases":[[[-0.970791,-0.215721,-0.105017],[0.217947,-0.975909,-0.0100686],[-0.100315,-0.0326626,0.994419]],[[-0.955237,-0.211193,-0.207172],[0.239256,-0.963375,-0.121098],[-0.174009,-0.165245,0.970781]],[[-0.955237,-0.211193,-0.207172],[0.259495,-0.934432,-0.243923],[-0.142073,-0.286765,0.947408]],[[-0.955237,-0.211193,-0.207172],[0.26877,-0.912163,-0.309388],[-0.123634,-0.35122,0.928094]]],"btipPosition":[73.1584,118.587,-103.863],"carpPosition":[55.919,98.5263,23.6461],"dipPosition":[71.2321,113.114,-89.4024],"direction":[0.142073,0.286765,-0.947408],"extended":true,"handId":69,"id":693,"length":53.7292,"mcpPosition":[61.4664,100.332,-31.3445],"pipPosition":[67.9499,106.489,-67.5157],"stabilizedTipPosition":[71.38,116.304,-100.034],"timeVisible":8.14329,"tipPosition":[70.8258,120.052,-99.7895],"tipVelocity":[89.9159,167.824,-42.6011],"tool":false,"touchDistance":0.311831,"touchZone":"hovering","type":3,"width":15.5395},{"bases":[[[-0.998454,-0.0538176,0.013899],[0.0545757,-0.996607,0.0616145],[0.0105359,0.0622778,0.998003]],[[-0.962425,-0.0689419,-0.262649],[0.0975049,-0.990467,-0.0973031],[-0.253436,-0.119257,0.959973]],[[-0.962425,-0.0689419,-0.262649],[0.140067,-0.954668,-0.262662],[-0.232634,-0.289581,0.928453]],[[-0.962425,-0.0689419,-0.262649],[0.155905,-0.93222,-0.326588],[-0.22233,-0.355265,0.90794]]],"btipPosition":[57.4786,110.41,-85.3599],"carpPosition":[43.5545,100.251,22.2297],"dipPosition":[54.2828,105.303,-72.3088],"direction":[0.232634,0.289581,-0.928453],"extended":true,"handId":69,"id":694,"length":42.1227,"mcpPosition"