{"frames":130,"data":[{"currentFrameRate":108.149,"devices":[],"gestures":[],"hands":[{"armBasis":[[-0.121529,-0.945032,-0.303556],[0.768366,0.104036,-0.631499],[0.628367,-0.309987,0.713486]],"armWidth":59.3592,"confidence":1,"direction":[-0.314636,0.294015,-0.90253],"elbow":[100.749,28.8348,311.451],"grabAngle":0.274484,"grabStrength":0,"id":54,"palmNormal":[-0.944107,0.00155431,0.329637],"palmPosition":[-83.282,133.097,76.6611],"palmVelocity":[-1.6367,6.14195,3.38559],"palmWidth":83.5833,"pinchDistance":66.0128,"pinchStrength":0,"r":[[0.866297,0.0856213,-0.492137],[-0.00798414,0.987448,0.157741],[0.499465,-0.132721,0.856107]],"s":1.03634,"sphereCenter":[-66.6009,136.307,24.2133],"sphereRadius":61.0029,"stabilizedPalmPosition":[-85.1967,134.29,77.8909],"t":[-258.623,12.6546,108.654],"timeVisible":5.11567,"type":"right","wrist":[-55.0999,105.718,134.491]}],"id":66280,"interactionBox":{"center":[0,200,0],"size":[235.247,235.247,147.751]},"pointables":[{"bases":[[[0.743475,-0.32863,-0.58245],[0.624137,0.653783,0.427809],[0.240205,-0.681594,0.691181]],[[0.666736,-0.160214,-0.727869],[0.657482,0.586345,0.473198],[0.35097,-0.794059,0.496276]],[[0.666736,-0.160214,-0.727869],[0.403962,0.898406,0.172282],[0.62632,-0.408899,0.663721]],[[0.666736,-0.160214,-0.727869],[0.0696469,0.985741,-0.153178],[0.742032,0.0514356,0.668388]]],"btipPosition":[-122.413,184.156,73.3051],"carpPosition":[-70.4191,135.935,131.546],"dipPosition":[-106.312,185.272,87.8081],"direction":[-0.62632,0.408899,-0.663721],"extended":true,"handId":54,"id":540,"length":48.3194,"mcpPosition":[-70.4191,135.935,131.546],"pipPosition":[-86.5126,172.346,108.789],"stabilizedTipPosition":[-118.765,185.974,76.1592],"timeVisible":5.11567,"tipPosition":[-117.056,184.91,76.3238],"tipVelocity":[9.65153,19.4339,15.5635],"tool":false,"touchDistance":0.121127,"touchZone":"hovering","type":0,"width":18.9794},{"bases":[[[-0.239751,-0.94281,-0.231578],[0.861202,-0.0964235,-0.499032],[0.448163,-0.319079,0.835068]],[[-0.216167,-0.958101,-0.187923],[0.927098,-0.141059,-0.347264],[0.306205,-0.24929,0.918745]],[[-0.216167,-0.958101,-0.187923],[0.842167,-0.0855874,-0.532381],[0.493991,-0.273346,0.825382]],[[-0.216167,-0.958101,-0.187923],[0.73103,-0.0312391,-0.68163],[0.647199,-0.284723,0.707153]]],"btipPosition":[-124.505,165.826,-19.8392],"carpPosition":[-57.7992,122.068,108.818],"dipPosition":[-113.229,160.865,-7.51853],"direction":[-0.493991,0.273346,-0.825382],"extended":true,"handId":54,"id":542,"length":62.1247,"mcpPosition":[-86.5214,142.518,55.3],"pipPosition":[-100.205,153.658,14.2424],"stabilizedTipPosition":[-119.208,166.698,-18.1098],"timeVisible":5.11567,"tipPosition":[-122.41,165.112,-16.8041],"tipVelocity":[-19.3834,11.3387,13.0789],"tool":false,"touchDistance":0.0629117,"touchZone":"hovering","type":2,"width":17.8052},{"bases":[[[-0.235421,-0.96952,-0.0678843],[0.85572,-0.173659,-0.487427],[0.460782,-0.172841,0.870521]],[[-0.276093,-0.949936,-0.146265],[0.900557,-0.20251,-0.38469],[0.335811,-0.23793,0.911384]],[[-0.276093,-0.949936,-0.146265],[0.791654,-0.138464,-0.595072],[0.545028,-0.280087,0.79025]],[[-0.276093,-0.949936,-0.146265],[0.691448,-0.090609,-0.716722],[0.667587,-0.299017,0.681848]]],"btipPosition":[-126.104,143.817,-14.7765],"carpPosition":[-60.117,111.642,105.176],"dipPosition":[-114.54,138.637,-2.96497],"direction":[-0.545028,0.280087,-0.79025],"extended":true,"handId":54,"id":543,"length":59.7345,"mcpPosition":[-86.6309,121.587,55.0852],"pipPosition":[-100.542,131.443,17.3316],"stabilizedTipPosition":[-121.196,142.186,-13.2021],"timeVisible":5.11567,"tipPosition":[-121.923,142.263,-13.2998],"tipVelocity":[-29.3852,14.1834,18.0553],"tool":false,"touchDistance":0.0662332,"touchZone":"hovering","type":3,"width":16.9428},{"bases":[[[-0.31864,-0.940898,0.114802],[0.846011,-0.336924,-0.413216],[0.427473,-0.0345436,0.903368]],[[-0.388754,-0.920212,-0.0456139],[0.877266,-0.354573,-0.323546],[0.281557,-0.165795,0.945112]],[[-0.388754,-0.920212,-0.0456139],[0.751031,-0.287826,-0.594229],[0.533688,-0.265266,0.803001]],[[-0.388754,-0.920212,-0.0456139],[0.648841,-0.238289,-0.722651],[0.654122,-0.310529,0.689707]]],"btipPosition":[-119.127,117.635,1.66844],"carpPosition":[-66.9962,100.587,106.354],"dipPosition":[-108.674,112.672,12.6906],"direction":[-0.533688,0.265266,-0.803001],"extended":true,"handId":54,"id":544,"length":46.8308,"mcpPosition":[-89.7656,102.427,58.2359],"pipPosition":[-98.996,107.862,27.2522],"stabilizedTipPosition":[-114.217,116.163,2.96388],"timeVisible":5.11567,"tipPosition":[-114.307,115.979,2.61792],"tipVelocity":[-27.8179,13.2524,15.0917],"tool":false,"touchDistance":0.050842,"touchZone":"hovering","type":4,"width":15.0499},{"bases":[[[-0.149753,-0.892865,-0.424695],[0.8901,0.0652638,-0.451069],[0.430461,-0.44557,0.784965]],[[-0.0465649,-0.971493,-0.232449],[0.969826,0.0117807,-0.243514],[0.239311,-0.236774,0.941631]],[[-0.0465649,-0.971493,-0.232449],[0.894665,0.0629421,-0.442281],[0.444304,-0.228559,0.86623]],[[-0.0465649,-0.971493,-0.232449],[0.790598,0.106391,-0.603022],[0.610562,-0.211854,0.763107]]],"btipPosition":[-115.534,179.737,-7.35547],"carpPosition":[-57.2825,131.716,114.701],"dipPosition":[-105.862,176.381,4.73277],"direction":[-0.444304,0.228559,-0.86623],"extended":true,"handId":54,"id":541,"length":54.5231,"mcpPosition":[-86.3735,161.828,61.6519],"pipPosition":[-95.9058,171.259,24.1445],"stabilizedTipPosition":[-111.369,181.759,-4.97824],"timeVisible":5.11567,"tipPosition":[-114.097,179.774,-4.16947],"tipVelocity":[-8.24094,6.26455,7.6457],"tool":false,"touchDistance":0.0817999,"touchZone":"hovering","type":1,"width":18.1291}],"r":[[0.866297,0.0856213,-0.492137],[-0.00798414,0.987448,0.157741],[0.499465,-0.132721,0.856107]],"s":1.03634,"t":[-258.623,12.6546,108.654],"timestamp":7356903560},{"currentFrameRate":108.394,"devices":[],"gestures":[],"hands":[{"armBasis":[[-0.119438,-0.946443,-0.299966],[0.769328,0.102755,-0.630536],[0.62759,-0.306082,0.715853]],"armWidth":59.3592,"confidence":1,"direction":[-0.315441,0.294584,-0.902063],"elbow":[100.546,29.8234,312.039],"grabAngle":0.276058,"grabStrength":0,"id":54,"palmNormal":[-0.943705,0.00238366,0.330781],"palmPosition":[-83.319,133.112,76.6766],"palmVelocity":[-4.21641,1.70048,1.76569],"palmWidth":83.5833,"pinchDistance":66.0612,"pinchStrength":0,"r":[[0.865818,0.0849525,-0.493095],[-0.00697306,0.987434,0.157875],[0.500311,-0.133253,0.85553]],"s":1.03633,"sphereCenter":[-67.5737,136.153,24.5782],"sphereRadius":60.5021,"stabilizedPalmPosition":[-85.1841,134.283,77.8828],"t":[-258.643,12.6926,108.674],"timeVisible":5.12445,"type":"right","wrist":[-55.1099,105.738,134.492]}],"id":66281,"interactionBox":{"center":[0,200,0],"size":[235.247,235.247,147.751]},"pointables":[{"bases":[[[0.742446,-0.329189,-0.583445],[0.625295,0.653048,0.427241],[0.240374,-0.682028,0.690693]],[[0.665663,-0.160595,-0.728767],[0.659064,0.584588,0.473172],[0.35004,-0.795277,0.494981]],[[0.665663,-0.160595,-0.728767],[0.405594,0.897595,0.172674],[0.626408,-0.410526,0.662633]],[[0.665663,-0.160595,-0.728767],[0.0712256,0.985784,-0.152175],[0.742846,0.0493901,0.667638]]],"btipPosition":[-122.358,184.294,73.4158],"carpPosition":[-70.3869,135.921,131.546],"dipPosition":[-106.239,185.366,87.9026],"direction":[-0.626408,0.410526,-0.662633],"extended":true,"handId":54,"id":540,"length":48.3194,"mcpPosition":[-70.3869,135.921,131.546],"pipPosition":[-86.4377,172.388,108.849],"stabilizedTipPosition":[-118.764,185.963,76.1639],"timeVisible":5.12445,"tipPosition":[-117.053,184.956,76.3974],"tipVelocity":[6.6624,14.5666,12.1815],"tool":false,"touchDistance":0.12291,"touchZone":"hovering","type":0,"width":18.9794},{"bases":[[[-0.240955,-0.942508,-0.231559],[0.860502,-0.0971227,-0.500103],[0.448861,-0.319759,0.834433]],[[-0.217145,-0.957944,-0.187594],[0.926327,-0.141617,-0.349088],[0.30784,-0.249576,0.918121]],[[-0.217145,-0.957944,-0.187594],[0.84093,-0.0859955,-0.534268],[0.495666,-0.273767,0.824237]],[[-0.217145,-0.957944,-0.187594],[0.729356,-0.0314977,-0.683409],[0.648759,-0.285222,0.705522]]],"btipPosition":[-124.703,165.882,-19.7305],"carpPosition":[-57.8081,122.049,108.8],"dipPosition":[-113.4,160.913,-7.43831],"direction":[-0.495666,0.273767,-0.824237],"extended":true,"handId":54,"id":542,"length":62.1247,"mcpPosition":[-86.5751,142.542,55.3221],"pipPosition":[-100.332,153.695,14.2924],"stabilizedTipPosition":[-119.245,166.673,-18.0945],"timeVisible":5.12445,"tipPosition":[-122.526,165.19,-16.7328],"tipVelocity":[-21.8373,6.24417,11.6263],"tool":false,"touchDistance":0.0646136,"touchZone":"hovering","type":2,"width":17.8052},{"bases":[[[-0.236453,-0.969269,-0.067878],[0.854959,-0.174356,-0.488514],[0.461666,-0.173543,0.869912]],[[-0.277017,-0.949732,-0.145843],[0.89931,-0.202814,-0.387436],[0.338382,-0.238485,0.910287]],[[-0.277017,-0.949732,-0.145843],[0.789559,-0.138492,-0.597843],[0.547592,-0.280765,0.788235]],[[-0.277017,-0.949732,-0.145843],[0.689204,-0.0906338,-0.718877],[0.669522,-0.299657,0.679666]]],"btipPosition":[-126.385,143.893,-14.6252],"carpPosition":[-60.1406,111.626,105.157],"dipPosition":[-114.787,138.702,-2.8515],"direction":[-0.547592,0.280765,-0.788235],"extended":true,"handId":54,"id":543,"length":59.7345,"mcpPosition":[-86.7053,121.611,55.1015],"pipPosition":[-100.723,131.491,17.3933],"stabilizedTipPosition":[-121.272,142.201,-13.1637],"timeVisible":5.12445,"tipPosition":[-122.077,142.346,-13.2211],"tipVelocity":[-31.038,8.35644,16.2327],"tool":false,"touchDistance":0.0686094,"touchZone":"hovering","type":3,"width":16.9428},{"bases":[[[-0.319423,-0.940619,0.114917],[0.845179,-0.337633,-0.414338],[0.428533,-0.0352233,0.902839]],[[-0.389432,-0.919969,-0.0447184],[0.876106,-0.355009,-0.326201],[0.284219,-0.166211,0.944242]],[[-0.389432,-0.919969,-0.0447184],[0.748648,-0.287882,-0.597202],[0.536533,-0.266048,0.800844]],[[-0.389432,-0.919969,-0.0447184],[0.645493,-0.237966,-0.725748],[0.657024,-0.311495,0.686506]]],"btipPosition":[-119.402,117.705,1.8018],"carpPosition":[-67.0291,100.577,106.34],"dipPosition":[-108.902,112.727,12.7729],"direction":[-0.536533,0.266048,-0.800844],"extended":true,"handId":54,"id":544,"length":46.8308,"mcpPosition":[-89.855,102.453,58.2504],"pipPosition":[-99.1726,107.902,27.2952],"stabilizedTipPosition":[-114.297,116.174,3.00317],"timeVisible":5.12445,"tipPosition":[-114.474,116.05,2.68166],"tipVelocity":[-30.0546,7.55274,13.8451],"tool":false,"touchDistance":0.0528687,"touchZone":"hovering","type":4,"width":15.0499},{"bases":[[[-0.151142,-0.892595,-0.42477],[0.889616,0.0645224,-0.452129],[0.430975,-0.446218,0.784315]],[[-0.047482,-0.971539,-0.232073],[0.969493,0.0111101,-0.244869],[0.240478,-0.23662,0.941372]],[[-0.047482,-0.971539,-0.232073],[0.894185,0.0622035,-0.443356],[0.445173,-0.228567,0.865782]],[[-0.047482,-0.971539,-0.232073],[0.789995,0.105655,-0.603941],[0.611272,-0.212013,0.762494]]],"btipPosition":[-115.638,179.756,-7.29788],"carpPosition":[-57.2749,131.694,114.684],"dipPosition":[-105.955,176.397,4.78065],"direction":[-0.445173,0.228567,-0.865782],"extended":true,"handId":54,"id":541,"length":54.5231,"mcpPosition":[-86.4006,161.85,61.6795],"pipPosition":[-95.9794,171.275,24.1824],"stabilizedTipPosition":[-111.384,181.739,-4.97486],"timeVisible":5.12445,"tipPosition":[-114.183,179.84,-4.10456],"tipVelocity":[-11.5778,2.0779,6.30255],"tool":false,"touchDistance":0.0827225,"touchZone":"hovering","type":1,"width":18.1291}],"r":[[0.865818,0.0849525,-0.493095],[-0.00697306,0.987434,0.157875],[0.500311,-0.133253,0.85553]],"s":1.03633,"t":[-258.643,12.6926,108.674],"timestamp":7356912343},{"currentFrameRate":107.676,"devices":[],"gestures":[],"hands":[{"armBasis":[[-0.117386,-0.947874,-0.296236],[0.770372,0.101329,-0.629492],[0.626696,-0.302105,0.718321]],"armWidth":59.3592,"confidence":1,"direction":[-0.315835,0.294846,-0.901839],"elbow":[100.29,30.8568,312.65],"grabAngle":0.277937,"grabStrength":0,"id":54,"palmNormal":[-0.943449,0.00334176,0.3315],"palmPosition":[-83.3565,133.136,76.6693],"palmVelocity":[-3.54585,2.29831,-0.685382],"palmWidth":83.5833,"pinchDistance":66.1043,"pinchStrength":0,"r":[[0.865374,0.0842399,-0.493995],[-0.00594346,0.987426,0.157972],[0.501091,-0.133769,0.854994]],"s":1.03631,"sphereCenter":[-68.7055,135.958,25.0071],"sphereRadius":59.9086,"stabilizedPalmPosition":[-85.1692,134.273,77.8728],"t":[-258.672,12.7237,108.68],"timeVisible":5.13504,"type":"right","wrist":[-55.1444,105.785,134.49]}],"id":66282,"interactionBox":{"center":[0,200,0],"size":[235.247,235.247,147.751]},"pointables":[{"bases":[[[0.741673,-0.329961,-0.583992],[0.62627,0.652449,0.426726],[0.240222,-0.682228,0.690549]],[[0.66489,-0.161195,-0.729341],[0.66038,0.583124,0.473144],[0.349028,-0.79623,0.494163]],[[0.66489,-0.161195,-0.729341],[0.407101,0.896868,0.172905],[0.626251,-0.411878,0.661941]],[[0.66489,-0.161195,-0.729341],[0.0729058,0.985779,-0.151408],[0.743375,0.0474966,0.667186]]],"btipPosition":[-122.311,184.436,73.4677],"carpPosition":[-70.3798,135.936,131.529],"dipPosition":[-106.181,185.467,87.9447],"direction":[-0.626251,0.411878,-0.661941],"extended":true,"handId":54,"id":540,"length":48.3194,"mcpPosition":[-70.3798,135.936,131.529],"pipPosition":[-86.3842,172.447,108.87],"stabilizedTipPosition":[-118.762,185.95,76.1702],"timeVisible":5.13504,"tipPosition":[-117.049,185.012,76.4152],"tipVelocity":[4.68436,12.5299,4.68865],"tool":false,"touchDistance":0.123737,"touchZone":"hovering","type":0,"width":18.9794},{"bases":[[[-0.242069,-0.942281,-0.231321],[0.860024,-0.0980075,-0.500753],[0.449179,-0.320158,0.834109]],[[-0.21805,-0.95785,-0.187021],[0.925626,-0.142241,-0.350691],[0.309308,-0.24958,0.917627]],[[-0.21805,-0.95785,-0.187021],[0.839739,-0.0864969,-0.536056],[0.497285,-0.273936,0.823205]],[[-0.21805,-0.95785,-0.187021],[0.727731,-0.0318939,-0.68512],[0.650278,-0.285492,0.704012]]],"btipPosition":[-124.883,165.918,-19.6603],"carpPosition":[-57.8322,122.05,108.774],"dipPosition":[-113.553,160.944,-7.39431],"direction":[-0.497285,0.273936,-0.823205],"extended":true,"handId":54,"id":542,"length":62.1247,"mcpPosition":[-86.6196,142.568,55.3168],"pipPosition":[-100.442,153.722,14.3092],"stabilizedTipPosition":[-119.29,166.644,-18.0756],"timeVisible":5.13504,"tipPosition":[-122.601,165.245,-16.7129],"tipVelocity":[-16.3486,3.27103,6.06843],"tool":false,"touchDistance":0.0656844,"touchZone":"hovering","type":2,"width":17.8052},{"bases":[[[-0.237469,-0.969037,-0.0676419],[0.854412,-0.175235,-0.489156],[0.462157,-0.173953,0.86957]],[[-0.277883,-0.949577,-0.145204],[0.898172,-0.203225,-0.389855],[0.340688,-0.238752,0.909356]],[[-0.277883,-0.949577,-0.145204],[0.787624,-0.138688,-0.600345],[0.549936,-0.281192,0.786449]],[[-0.277883,-0.949577,-0.145204],[0.68711,-0.090846,-0.720852],[0.671313,-0.300083,0.677708]]],"btipPosition":[-126.637,143.949,-14.5109],"carpPosition":[-60.1778,111.629,105.133],"dipPosition":[-115.008,138.75,-2.77108],"direction":[-0.549936,0.281192,-0.786449],"extended":true,"handId":54,"id":543,"length":59.7345,"mcpPosition":[-86.7708,121.638,55.0975],"pipPosition":[-100.884,131.528,17.4279],"stabilizedTipPosition":[-121.365,142.22,-13.1168],"timeVisible":5.13504,"tipPosition":[-122.194,142.408,-13.1836],"tipVelocity":[-23.1484,5.11929,10.0629],"tool":false,"touchDistance":0.070385,"touchZone":"hovering","type":3,"width":16.9428},{"bases":[[[-0.320271,-0.940294,0.115215],[0.844527,-0.338498,-0.414963],[0.429187,-0.0355986,0.902514]],[[-0.390084,-0.919745,-0.0436295],[0.875042,-0.355543,-0.328466],[0.286593,-0.166307,0.943508]],[[-0.390084,-0.919745,-0.0436295],[0.746443,-0.288128,-0.599838],[0.539127,-0.266554,0.798931]],[[-0.390084,-0.919745,-0.0436295],[0.6423,-0.23785,-0.728614],[0.659762,-0.312244,0.683534]]],"btipPosition":[-119.653,117.759,1.90756],"carpPosition":[-67.0765,100.587,106.322],"dipPosition":[-109.109,112.769,12.8311],"direction":[-0.539127,0.266554,-0.798931],"extended":true,"handId":54,"id":544,"length":46.8308,"mcpPosition":[-89.9371,102.483,58.2499],"pipPosition":[-99.3326,107.935,27.3188],"stabilizedTipPosition":[-114.398,116.189,3.05188],"timeVisible":5.13504,"tipPosition":[-114.612,116.107,2.71638],"tipVelocity":[-22.7302,4.84776,8.9572],"tool":false,"touchDistance":0.0544492,"touchZone":"hovering","type":4,"width":15.0499},{"bases":[[[-0.152354,-0.892469,-0.424603],[0.889335,0.0636112,-0.45281],[0.431129,-0.446602,0.784012]],[[-0.0483305,-0.971652,-0.231421],[0.969211,0.0103848,-0.246014],[0.241443,-0.236186,0.941234]],[[-0.0483305,-0.971652,-0.231421],[0.893762,0.0613698,-0.444324],[0.445931,-0.22831,0.865459]],[[-0.0483305,-0.971652,-0.231421],[0.789439,0.104784,-0.604819],[0.611924,-0.211924,0.761996]]],"btipPosition":[-115.725,179.758,-7.28382],"carpPosition":[-57.2848,131.695,114.657],"dipPosition":[-106.031,176.401,4.78683],"direction":[-0.445931,0.22831,-0.86546],"extended":true,"handId":54,"id":541,"length":54.5231,"mcpPosition":[-86.4209,161.877,61.6729],"pipPosition":[-96.0382,171.284,24.1813],"stabilizedTipPosition":[-111.404,181.712,-4.97039],"timeVisible":5.13504,"tipPosition":[-114.233,179.887,-4.0925],"tipVelocity":[-7.91256,0.227496,1.15729],"tool":false,"touchDistance":0.0829267,"touchZone":"hovering","type":1,"width":18.1291}],"r":[[0.865374,0.0842399,-0.493995],[-0.00594346,0.987426,0.157972],[0.501091,-0.133769,0.854994]],"s":1.03631,"t":[-258.672,12.7237,108.68],"timestamp":7356922930},{"currentFrameRate":109.069,"devices":[],"gestures":[],"hands":[{"armBasis":[[-0.116082,-0.948794,-0.293795],[0.77102,0.100392,-0.628848],[0.626142,-0.29952,0.719885]],"armWidth":59.3592,"confidence":1,"direction":[-0.315841,0.294645,-0.901903],"elbow":[100.114,31.5387,313.032],"grabAngle":0.279609,"grabStrength":0,"id":54,"palmNormal":[-0.943392,0.0039363,0.331656],"palmPosition":[-83.3846,133.141,76.6439],"palmVelocity":[-4.21475,0.698636,-3.81464],"palmWidth":83.5833,"pinchDistance":66.1328,"pinchStrength":0,"r":[[0.86501,0.0835461,-0.49475],[-0.00501747,0.987431,0.15797],[0.501729,-0.134164,0.854557]],"s":1.03632,"sphereCenter":[-69.5827,135.785,25.3395],"sphereRadius":59.4449,"stabilizedPalmPosition":[-85.1609,134.268,77.8672],"t":[-258.701,12.7416,108.671],"timeVisible":5.1417,"type":"right","wrist":[-55.1827,105.826,134.485]}],"id":66283,"interactionBox":{"center":[0,200,0],"size":[235.247,235.247,147.751]},"pointables":[{"bases":[[[0.741414,-0.330556,-0.583985],[0.626662,0.65231,0.426364],[0.240002,-0.682073,0.690779]],[[0.664629,-0.161701,-0.729466],[0.660999,0.582423,0.473142],[0.348351,-0.79664,0.49398]],[[0.664629,-0.161701,-0.729466],[0.407951,0.896469,0.172971],[0.625974,-0.412548,0.661786]],[[0.664629,-0.161701,-0.729466],[0.0740772,0.985751,-0.151019],[0.743492,0.0463349,0.667137]]],"btipPosition":[-122.291,184.521,73.4534],"carpPosition":[-70.3974,135.956,131.5],"dipPosition":[-106.159,185.527,87.9293],"direction":[-0.625974,0.412548,-0.661786],"extended":true,"handId":54,"id":540,"length":48.3194,"mcpPosition":[-70.3974,135.956,131.5],"pipPosition":[-86.3707,172.485,108.849],"stabilizedTipPosition":[-118.761,185.942,76.1741],"timeVisible":5.1417,"tipPosition":[-117.058,185.031,76.3767],"tipVelocity":[3.05036,11.9157,-2.1863],"tool":false,"touchDistance":0.123495,"touchZone":"hovering","type":0,"width":18.9794},{"bases":[[[-0.242571,-0.942253,-0.230908],[0.859892,-0.0986279,-0.500858],[0.449161,-0.320049,0.83416]],[[-0.218428,-0.957889,-0.18638],[0.925283,-0.142611,-0.351445],[0.310066,-0.24922,0.917469]],[[-0.218428,-0.957889,-0.18638],[0.839016,-0.0868085,-0.537137],[0.498338,-0.273702,0.822646]],[[-0.218428,-0.957889,-0.18638],[0.726587,-0.0321436,-0.686322],[0.65143,-0.285334,0.703011]]],"btipPosition":[-124.991,165.891,-19.6496],"carpPosition":[-57.8604,122.055,108.749],"dipPosition":[-113.642,160.92,-7.40108],"direction":[-0.498338,0.273702,-0.822646],"extended":true,"handId":54,"id":542,"length":62.1247,"mcpPosition":[-86.6465,142.566,55.2882],"pipPosition":[-100.503,153.704,14.2877],"stabilizedTipPosition":[-119.32,166.626,-18.0636],"timeVisible":5.1417,"tipPosition":[-122.627,165.229,-16.7449],"tipVelocity":[-15.6379,-3.99139,1.00246],"tool":false,"touchDistance":0.0657956,"touchZone":"hovering","type":2,"width":17.8052},{"bases":[[[-0.237956,-0.968947,-0.0672195],[0.854244,-0.175848,-0.489229],[0.462216,-0.173837,0.869561]],[[-0.278219,-0.949589,-0.144481],[0.897588,-0.203483,-0.391064],[0.341951,-0.238486,0.908952]],[[-0.278219,-0.949589,-0.144481],[0.786455,-0.138853,-0.601837],[0.551436,-0.28107,0.785441]],[[-0.278219,-0.949589,-0.144481],[0.685687,-0.091018,-0.722184],[0.672628,-0.299994,0.676443]]],"btipPosition":[-126.788,143.931,-14.4666],"carpPosition":[-60.2117,111.633,105.113],"dipPosition":[-115.136,138.734,-2.74874],"direction":[-0.551436,0.28107,-0.785441],"extended":true,"handId":54,"id":543,"length":59.7345,"mcpPosition":[-86.8081,121.636,55.0772],"pipPosition":[-100.973,131.515,17.4243],"stabilizedTipPosition":[-121.425,142.232,-13.0873],"timeVisible":5.1417,"tipPosition":[-122.248,142.399,-13.1944],"tipVelocity":[-21.8822,-2.63323,5.89018],"tool":false,"touchDistance":0.0710385,"touchZone":"hovering","type":3,"width":16.9428},{"bases":[[[-0.320714,-0.940091,0.11564],[0.844291,-0.339076,-0.41497],[0.42932,-0.035453,0.902457]],[[-0.39028,-0.919713,-0.0425501],[0.874511,-0.355852,-0.329545],[0.287945,-0.165825,0.943181]],[[-0.39028,-0.919713,-0.0425501],[0.745094,-0.288357,-0.601402],[0.540848,-0.266419,0.797813]],[[-0.39028,-0.919713,-0.0425501],[0.640137,-0.237845,-0.730517],[0.661745,-0.312344,0.681568]]],"btipPosition":[-119.806,117.743,1.95779],"carpPosition":[-67.1156,100.595,106.307],"dipPosition":[-109.231,112.751,12.8499],"direction":[-0.540848,0.266419,-0.797813],"extended":true,"handId":54,"id":544,"length":46.8308,"mcpPosition":[-89.9833,102.484,58.2377],"pipPosition":[-99.4231,107.92,27.3174],"stabilizedTipPosition":[-114.463,116.198,3.08277],"timeVisible":5.1417,"tipPosition":[-114.681,116.101,2.7161],"tipVelocity":[-21.9503,-2.46128,6.4608],"tool":false,"touchDistance":0.055166,"touchZone":"hovering","type":4,"width":15.0499},{"bases":[[[-0.152864,-0.892561,-0.424225],[0.88929,0.0629953,-0.452984],[0.43104,-0.446504,0.784116]],[[-0.0487177,-0.971784,-0.230785],[0.969065,0.00998379,-0.246605],[0.241951,-0.23566,0.941236]],[[-0.0487177,-0.971784,-0.230785],[0.893498,0.0608698,-0.444922],[0.446416,-0.227882,0.865322]],[[-0.0487177,-0.971784,-0.230785],[0.789038,0.104227,-0.605438],[0.612409,-0.211594,0.761697]]],"btipPosition":[-115.78,179.722,-7.31231],"carpPosition":[-57.3073,131.702,114.628],"dipPosition":[-106.079,176.37,4.75361],"direction":[-0.446416,0.227882,-0.865322],"extended":true,"handId":54,"id":541,"length":54.5231,"mcpPosition":[-86.4374,161.877,61.6367],"pipPosition":[-96.0748,171.264,24.145],"stabilizedTipPosition":[-111.417,181.696,-4.96779],"timeVisible":5.1417,"tipPosition":[-114.25,179.872,-4.13233],"tipVelocity":[-8.02762,-5.15802,-4.44364],"tool":false,"touchDistance":0.0824336,"touchZone":"hovering","type":1,"width":18.1291}],"r":[[0.86501,0.0835461,-0.49475],[-0.00501747,0.987431,0.15797],[0.501729,-0.134164,0.854557]],"s":1.03632,"t":[-258.701,12.7416,108.671],"timestamp":7356929587},{"currentFrameRate":109.136,"devices":[],"gestures":[],"hands":[{"armBasis":[[-0.114273,-0.949962,-0.290713],[0.771883,0.0993206,-0.627959],[0.625411,-0.296155,0.72191]],"armWidth":59.3592,"confidence":1,"direction":[-0.316085,0.294576,-0.90184],"elbow":[99.9833,32.3643,313.499],"grabAngle":0.28135,"grabStrength":0,"id":54,"palmNormal":[-0.943241,0.0045408,0.332079],"palmPosition":[-83.3344,133.096,76.5944],"palmVelocity":[5.54472,-5.02252,-5.48074],"palmWidth":83.5833,"pinchDistance":66.1612,"pinchStrength":0,"r":[[0.864683,0.0828702,-0.495436],[-0.00415454,0.987444,0.157916],[0.502301,-0.134489,0.85417]],"s":1.03633,"sphereCenter":[-70.4395,135.557,25.6623],"sphereRadius":58.9693,"stabilizedPalmPosition":[-85.1507,134.261,77.86],"t":[-258.69,12.7279,108.641],"timeVisible":5.15074,"type":"right","wrist":[-55.1321,105.817,134.449]}],"id":66284,"interactionBox":{"center":[0,200,0],"size":[235.247,235.247,147.751]},"pointables":[{"bases":[[[0.74097,-0.331118,-0.58423],[0.62721,0.652082,0.425908],[0.23994,-0.682019,0.690853]],[[0.664125,-0.162101,-0.729836],[0.661738,0.58174,0.47295],[0.347909,-0.797058,0.493616]],[[0.664125,-0.162101,-0.729836],[0.408847,0.896052,0.173018],[0.625925,-0.413297,0.661365]],[[0.664125,-0.162101,-0.729836],[0.075152,0.985741,-0.150553],[0.743835,0.0451376,0.666838]]],"btipPosition":[-122.201,184.552,73.4337],"carpPosition":[-70.321,135.918,131.444],"dipPosition":[-106.061,185.532,87.9031],"direction":[-0.625925,0.413297,-0.661365],"extended":true,"handId":54,"id":540,"length":48.3194,"mcpPosition":[-70.321,135.918,131.444],"pipPosition":[-86.2741,172.467,108.81],"stabilizedTipPosition":[-118.759,185.932,76.1795],"timeVisible":5.15074,"tipPosition":[-116.986,185.004,76.3301],"tipVelocity":[10.2241,2.77001,-2.34302],"tool":false,"touchDistance":0.123141,"touchZone":"hovering","type":0,"width":18.9794},{"bases":[[[-0.243189,-0.942182,-0.230546],[0.859612,-0.099232,-0.501218],[0.449361,-0.320071,0.834044]],[[-0.218906,-0.957895,-0.185789],[0.92483,-0.142983,-0.352485],[0.311079,-0.248984,0.91719]],[[-0.218906,-0.957895,-0.185789],[0.838155,-0.0871108,-0.538431],[0.499576,-0.273585,0.821934]],[[-0.218906,-0.957895,-0.185789],[0.725292,-0.0323706,-0.68768],[0.652711,-0.285288,0.701839]]],"btipPosition":[-125.046,165.827,-19.6485],"carpPosition":[-57.8018,122.004,108.69],"dipPosition":[-113.674,160.857,-7.42045],"direction":[-0.499576,0.273585,-0.821934],"extended":true,"handId":54,"id":542,"length":62.1247,"mcpPosition":[-86.6009,142.517,55.2376],"pipPosition":[-100.503,153.644,14.2496],"stabilizedTipPosition":[-119.362,166.6,-18.0473],"timeVisible":5.15074,"tipPosition":[-122.601,165.177,-16.7857],"tipVelocity":[-5.4659,-7.03174,-0.404648],"tool":false,"touchDistance":0.0657346,"touchZone":"hovering","type":2,"width":17.8052},{"bases":[[[-0.238516,-0.968835,-0.0668528],[0.853928,-0.176446,-0.489566],[0.462512,-0.173857,0.8694]],[[-0.278637,-0.949574,-0.143776],[0.896843,-0.203713,-0.39265],[0.343561,-0.238351,0.90838]],[[-0.278637,-0.949574,-0.143776],[0.785043,-0.138958,-0.603654],[0.553235,-0.281071,0.784175]],[[-0.278637,-0.949574,-0.143776],[0.683961,-0.091105,-0.723807],[0.67421,-0.300017,0.674857]]],"btipPosition":[-126.894,143.876,-14.4279],"carpPosition":[-60.1605,111.583,105.058],"dipPosition":[-115.215,138.679,-2.73746],"direction":[-0.553235,0.281071,-0.784175],"extended":true,"handId":54,"id":543,"length":59.7345,"mcpPosition":[-86.7739,121.586,55.0323],"pipPosition":[-101.006,131.46,17.4031],"stabilizedTipPosition":[-121.507,142.245,-13.0477],"timeVisible":5.15074,"tipPosition":[-122.251,142.353,-13.2159],"tipVelocity":[-11.0426,-6.03679,3.58826],"tool":false,"touchDistance":0.0715792,"touchZone":"hovering","type":3,"width":16.9428},{"bases":[[[-0.321175,-0.939884,0.116036],[0.843919,-0.339649,-0.415258],[0.429706,-0.035446,0.902273]],[[-0.390508,-0.919668,-0.0414018],[0.873827,-0.356139,-0.331047],[0.289708,-0.165454,0.942706]],[[-0.390508,-0.919668,-0.0414018],[0.743525,-0.288557,-0.603246],[0.54284,-0.266355,0.79648]],[[-0.390508,-0.919668,-0.0414018],[0.637676,-0.237784,-0.732685],[0.663983,-0.31252,0.679307]]],"btipPosition":[-119.911,117.685,1.9953],"carpPosition":[-67.0699,100.549,106.259],"dipPosition":[-109.3,112.691,12.8513],"direction":[-0.54284,0.266355,-0.79648],"extended":true,"handId":54,"id":544,"length":46.8308,"mcpPosition":[-89.9582,102.437,58.1994],"pipPosition":[-99.4558,107.861,27.2945],"stabilizedTipPosition":[-114.552,116.208,3.12469],"timeVisible":5.15074,"tipPosition":[-114.695,116.057,2.69965],"tipVelocity":[-10.6572,-6.40057,3.22844],"tool":false,"touchDistance":0.0556526,"touchZone":"hovering","type":4,"width":15.0499},{"bases":[[[-0.153542,-0.892591,-0.423917],[0.889121,0.0623879,-0.453401],[0.431149,-0.44653,0.784042]],[[-0.0492141,-0.971888,-0.230241],[0.968831,0.00958248,-0.247537],[0.242785,-0.235247,0.941124]],[[-0.0492141,-0.971888,-0.230241],[0.893064,0.0604011,-0.445857],[0.44723,-0.227562,0.864986]],[[-0.0492141,-0.971888,-0.230241],[0.78839,0.103727,-0.606368],[0.613204,-0.211361,0.761122]]],"btipPosition":[-115.785,179.647,-7.34711],"carpPosition":[-57.2408,131.652,114.567],"dipPosition":[-106.071,176.299,4.7097],"direction":[-0.44723,0.227562,-0.864986],"extended":true,"handId":54,"id":541,"length":54.5231,"mcpPosition":[-86.3783,161.829,61.5808],"pipPosition":[-96.049,171.199,24.0936],"stabilizedTipPosition":[-111.434,181.674,-4.96468],"timeVisible":5.15074,"tipPosition":[-114.208,179.819,-4.18179],"tipVelocity":[-0.230283,-8.20999,-4.08048],"tool":false,"touchDistance":0.0818187,"touchZone":"hovering","type":1,"width":18.1291}],"r":[[0.864683,0.0828702,-0.495436],[-0.00415454,0.987444,0.157916],[0.502301,-0.134489,0.85417]],"s":1.03633,"t":[-258.69,12.7279,108.641],"timestamp":7356938629},{"currentFrameRate":109.597,"devices":[],"gestures":[],"hands":[{"armBasis":[[-0.112853,-0.950866,-0.288303],[0.772544,0.0985013,-0.627274],[0.624852,-0.293516,0.72347]],"armWidth":59.3592,"confidence":1,"direction":[-0.316283,0.294408,-0.901825],"elbow":[99.8907,33.0193,313.827],"grabAngle":0.28241,"grabStrength":0,"id":54,"palmNormal":[-0.94313,0.00495851,0.332387],"palmPosition":[-83.2899,133.061,76.522],"palmVelocity":[5.36716,-4.2011,-8.72688],"palmWidth":83.5833,"pinchDistance":66.1808,"pinchStrength":0,"r":[[0.864393,0.0822415,-0.496046],[-0.00338757,0.987463,0.157812],[0.502806,-0.134732,0.853835]],"s":1.03638,"sphereCenter":[-71.0016,135.392,25.836],"sphereRadius":58.6611,"stabilizedPalmPosition":[-85.1427,134.256,77.8543],"t":[-258.662,12.7036,108.59],"timeVisible":5.15904,"type":"right","wrist":[-55.086,105.818,134.391]}],"id":66285,"interactionBox":{"center":[0,200,0],"size":[235.247,235.247,147.751]},"pointables":[{"bases":[[[0.740667,-0.331544,-0.584372],[0.627569,0.652,0.425503],[0.239938,-0.68189,0.690982]],[[0.663772,-0.16244,-0.730082],[0.662269,0.581266,0.47279],[0.347572,-0.797335,0.493407]],[[0.663772,-0.16244,-0.730082],[0.409555,0.89572,0.173064],[0.625836,-0.413883,0.661082]],[[0.663772,-0.16244,-0.730082],[0.0761687,0.985737,-0.150071],[0.744046,0.0440035,0.666678]]],"btipPosition":[-122.124,184.585,73.3782],"carpPosition":[-70.2575,135.896,131.367],"dipPosition":[-105.979,185.54,87.8441],"direction":[-0.625836,0.413883,-0.661082],"extended":true,"handId":54,"id":540,"length":48.3194,"mcpPosition":[-70.2575,135.896,131.367],"pipPosition":[-86.1951,172.457,108.742],"stabilizedTipPosition":[-118.756,185.923,76.1835],"timeVisible":5.15904,"tipPosition":[-116.929,184.979,76.2546],"tipVelocity":[9.42569,3.32525,-6.78885],"tool":false,"touchDistance":0.122202,"touchZone":"hovering","type":0,"width":18.9794},{"bases":[[[-0.243581,-0.942171,-0.23018],[0.859414,-0.0996731,-0.50147],[0.449528,-0.319969,0.833993]],[[-0.219188,-0.957936,-0.185242],[0.924493,-0.143222,-0.353271],[0.31188,-0.248688,0.916998]],[[-0.219188,-0.957936,-0.185242],[0.837649,-0.0874027,-0.53917],[0.5003,-0.273348,0.821572]],[[-0.219188,-0.957936,-0.185242],[0.72458,-0.0326703,-0.688416],[0.653407,-0.285115,0.701262]]],"btipPosition":[-125.072,165.764,-19.6946],"carpPosition":[-57.7505,121.97,108.613],"dipPosition":[-113.688,160.797,-7.47658],"direction":[-0.5003,0.273348,-0.821572],"extended":true,"handId":54,"id":542,"length":62.1247,"mcpPosition":[-86.5602,142.477,55.1634],"pipPosition":[-100.498,153.59,14.1839],"stabilizedTipPosition":[-119.395,166.579,-18.0346],"timeVisible":5.15904,"tipPosition":[-122.576,165.125,-16.8551],"tipVelocity":[-2.83375,-7.48162,-5.83016],"tool":false,"touchDistance":0.0649281,"touchZone":"hovering","type":2,"width":17.8052},{"bases":[[[-0.238863,-0.968775,-0.0664798],[0.853707,-0.176881,-0.489792],[0.46274,-0.173748,0.869301]],[[-0.278881,-0.949595,-0.143157],[0.896321,-0.203874,-0.393756],[0.344723,-0.238125,0.907999]],[[-0.278881,-0.949595,-0.143157],[0.784167,-0.139127,-0.604753],[0.554354,-0.280913,0.783441]],[[-0.278881,-0.949595,-0.143157],[0.682797,-0.091246,-0.724887],[0.675287,-0.299904,0.673828]]],"btipPosition":[-126.956,143.82,-14.4432],"carpPosition":[-60.1138,111.549,104.985],"dipPosition":[-115.258,138.625,-2.77063],"direction":[-0.554354,0.280913,-0.783441],"extended":true,"handId":54,"id":543,"length":59.7345,"mcpPosition":[-86.7403,121.546,54.9645],"pipPosition":[-101.02,131.41,17.3511],"stabilizedTipPosition":[-121.581,142.255,-13.0133],"timeVisible":5.15904,"tipPosition":[-122.244,142.306,-13.2695],"tipVelocity":[-6.94425,-6.64775,-2.34347],"tool":false,"touchDistance":0.071255,"touchZone":"hovering","type":3,"width":16.9428},{"bases":[[[-0.321453,-0.939741,0.116427],[0.843668,-0.340059,-0.415432],[0.429991,-0.0353159,0.902142]],[[-0.390609,-0.919668,-0.0404483],[0.873387,-0.356352,-0.331976],[0.290894,-0.165,0.94242]],[[-0.390609,-0.919668,-0.0404483],[0.742664,-0.288859,-0.604161],[0.543944,-0.26603,0.795835]],[[-0.390609,-0.919668,-0.0404483],[0.636074,-0.237874,-0.734048],[0.665458,-0.312454,0.677892]]],"btipPosition":[-119.965,117.625,1.97803],"carpPosition":[-67.0265,100.518,106.191],"dipPosition":[-109.33,112.632,12.8114],"direction":[-0.543944,0.26603,-0.795835],"extended":true,"handId":54,"id":544,"length":46.8308,"mcpPosition":[-89.93,102.399,58.1384],"pipPosition":[-99.4664,107.808,27.243],"stabilizedTipPosition":[-114.633,116.215,3.16115],"timeVisible":5.15904,"tipPosition":[-114.695,116.012,2.65166],"tipVelocity":[-5.88422,-7.20992,-2.70678],"tool":false,"touchDistance":0.0552781,"touchZone":"hovering","type":4,"width":15.0499},{"bases":[[[-0.153981,-0.892668,-0.423595],[0.888993,0.0619514,-0.453711],[0.431256,-0.446436,0.784036]],[[-0.0495235,-0.971988,-0.229754],[0.968604,0.00937208,-0.248432],[0.243626,-0.234844,0.941007]],[[-0.0495235,-0.971988,-0.229754],[0.892708,0.060084,-0.446612],[0.447906,-0.227221,0.864726]],[[-0.0495235,-0.971988,-0.229754],[0.787949,0.103335,-0.607008],[0.613746,-0.211096,0.760759]]],"btipPosition":[-115.793,179.581,-7.41105],"carpPosition":[-57.1843,131.62,114.487],"dipPosition":[-106.071,176.237,4.64],"direction":[-0.447906,0.227221,-0.864726],"extended":true,"handId":54,"id":541,"length":54.5231,"mcpPosition":[-86.329,161.791,61.5006],"pipPosition":[-96.0332,171.145,24.018],"stabilizedTipPosition":[-111.447,181.656,-4.96262],"timeVisible":5.15904,"tipPosition":[-114.173,179.767,-4.25939],"tipVelocity":[-0.72152,-7.87339,-7.86326],"tool":false,"touchDistance":0.080731,"touchZone":"hovering","type":1,"width":18.1291}],"r":[[0.864393,0.0822415,-0.496046],[-0.00338757,0.987463,0.157812],[0.502806,-0.134732,0.853835]],"s":1.03638,"t":[-258.662,12.7036,108.59],"timestamp":7356946929},{"currentFrameRate":109.845,"devices":[],"gestures":[],"hands":[{"armBasis":[[-0.111768,-0.951652,-0.286123],[0.77308,0.0976425,-0.626749],[0.624384,-0.291247,0.724789]],"armWidth":59.3592,"confidence":1,"direction":[-0.316661,0.294443,-0.901681],"elbow":[99.8169,33.6475,314.098],"grabAngle":0.283637,"grabStrength":0,"id":54,"palmNormal":[-0.942932,0.00548478,0.332939],"palmPosition":[-83.2591,133.106,76.4636],"palmVelocity":[3.55855,5.26965,-6.73939],"palmWidth":83.5833,"pinchDistance":66.1969,"pinchStrength":0,"r":[[0.86411,0.0816367,-0.496637],[-0.0026551,0.987483,0.157702],[0.503295,-0.134953,0.853511]],"s":1.03645,"sphereCenter":[-71.6602,135.321,26.0583],"sphereRadius":58.3182,"stabilizedPalmPosition":[-85.1355,134.252,77.849],"t":[-258.633,12.7142,108.536],"timeVisible":5.1677,"type":"right","wrist":[-55.0439,105.883,134.334]}],"id":66286,"interactionBox":{"center":[0,200,0],"size":[235.247,235.247,147.751]},"pointables":[{"bases":[[[0.740156,-0.332003,-0.584759],[0.628149,0.65174,0.425045],[0.239995,-0.681915,0.690937]],[[0.663164,-0.1627,-0.730577],[0.662984,0.580696,0.472487],[0.347369,-0.797697,0.492964]],[[0.663164,-0.1627,-0.730577],[0.410412,0.89531,0.173155],[0.62592,-0.414667,0.660511]],[[0.663164,-0.1627,-0.730577],[0.0772753,0.985755,-0.149384],[0.744474,0.0426107,0.66629]]],"btipPosition":[-122.062,184.704,73.3585],"carpPosition":[-70.1931,135.942,131.3],"dipPosition":[-105.908,185.628,87.816],"direction":[-0.62592,0.414667,-0.660511],"extended":true,"handId":54,"id":540,"length":48.3194,"mcpPosition":[-70.1931,135.942,131.3],"pipPosition":[-86.1215,172.52,108.696],"stabilizedTipPosition":[-118.753,185.915,76.1876],"timeVisible":5.1677,"tipPosition":[-116.877,185.041,76.2104],"tipVelocity":[7.37502,12.8534,-2.4928],"tool":false,"touchDistance":0.121842,"touchZone":"hovering","type":0,"width":18.9794},{"bases":[[[-0.244195,-0.942079,-0.229905],[0.85907,-0.10018,-0.501959],[0.449853,-0.320081,0.833775]],[[-0.219736,-0.957879,-0.184891],[0.92403,-0.143576,-0.354338],[0.312867,-0.248705,0.916657]],[[-0.219736,-0.957879,-0.184891],[0.836941,-0.0877195,-0.540217],[0.501244,-0.273448,0.820963]],[[-0.219736,-0.957879,-0.184891],[0.723555,-0.0328974,-0.689483],[0.654358,-0.285282,0.700306]]],"btipPosition":[-125.135,165.815,-19.7044],"carpPosition":[-57.7065,122.007,108.541],"dipPosition":[-113.734,160.845,-7.50307],"direction":[-0.501244,0.273448,-0.820963],"extended":true,"handId":54,"id":542,"length":62.1247,"mcpPosition":[-86.537,142.521,55.1056],"pipPosition":[-100.519,153.635,14.1414],"stabilizedTipPosition":[-119.431,166.557,-18.0216],"timeVisible":5.1677,"tipPosition":[-122.583,165.176,-16.8949],"tipVelocity":[-6.77005,5.77014,-1.57714],"tool":false,"touchDistance":0.0647004,"touchZone":"hovering","type":2,"width":17.8052},{"bases":[[[-0.239395,-0.968662,-0.0662044],[0.85333,-0.177384,-0.490267],[0.46316,-0.173862,0.869054]],[[-0.279348,-0.949532,-0.142666],[0.895649,-0.204125,-0.395153],[0.346089,-0.238164,0.907469]],[[-0.279348,-0.949532,-0.142666],[0.78307,-0.139305,-0.606132],[0.555667,-0.281039,0.782464]],[[-0.279348,-0.949532,-0.142666],[0.681396,-0.0913541,-0.726192],[0.676509,-0.300073,0.672526]]],"btipPosition":[-127.055,143.873,-14.4284],"carpPosition":[-60.0773,111.586,104.916],"dipPosition":[-115.336,138.675,-2.77834],"direction":[-0.555667,0.281039,-0.782464],"extended":true,"handId":54,"id":543,"length":59.7345,"mcpPosition":[-86.728,121.591,54.9097],"pipPosition":[-101.064,131.456,17.3183],"stabilizedTipPosition":[-121.658,142.267,-12.978],"timeVisible":5.1677,"tipPosition":[-122.274,142.361,-13.297],"tipVelocity":[-10.8836,5.94522,1.11506],"tool":false,"touchDistance":0.071416,"touchZone":"hovering","type":3,"width":16.9428},{"bases":[[[-0.321862,-0.939561,0.116747],[0.843252,-0.340546,-0.415878],[0.430501,-0.0354088,0.901895]],[[-0.390866,-0.919599,-0.0395138],[0.872795,-0.356655,-0.333206],[0.292323,-0.164726,0.942026]],[[-0.390866,-0.919599,-0.0395138],[0.741623,-0.289211,-0.605271],[0.545179,-0.265884,0.795038]],[[-0.390866,-0.919599,-0.0395138],[0.634355,-0.238023,-0.735485],[0.666946,-0.312542,0.676388]]],"btipPosition":[-120.053,117.662,1.97925],"carpPosition":[-66.9949,100.559,106.128],"dipPosition":[-109.395,112.667,12.7886],"direction":[-0.545179,0.265884,-0.795038],"extended":true,"handId":54,"id":544,"length":46.8308,"mcpPosition":[-89.9256,102.445,58.0882],"pipPosition":[-99.5088,107.845,27.2057],"stabilizedTipPosition":[-114.718,116.224,3.1986],"timeVisible":5.1677,"tipPosition":[-114.73,116.066,2.623],"tipVelocity":[-9.59091,4.14673,-0.497837],"tool":false,"touchDistance":0.0552063,"touchZone":"hovering","type":4,"width":15.0499},{"bases":[[[-0.154683,-0.892649,-0.42338],[0.888758,0.0614358,-0.45424],[0.431488,-0.446546,0.783846]],[[-0.0501412,-0.972,-0.229568],[0.968252,0.00905307,-0.249812],[0.244896,-0.234805,0.940687]],[[-0.0501412,-0.972,-0.229568],[0.892035,0.0597915,-0.447994],[0.449177,-0.227245,0.86406]],[[-0.0501412,-0.972,-0.229568],[0.787011,0.103063,-0.60827],[0.614898,-0.211172,0.759807]]],"btipPosition":[-115.853,179.626,-7.42891],"carpPosition":[-57.132,131.658,114.413],"dipPosition":[-106.113,176.281,4.60706],"direction":[-0.449177,0.227245,-0.86406],"extended":true,"handId":54,"id":541,"length":54.5231,"mcpPosition":[-86.2924,161.836,61.44],"pipPosition":[-96.04