{"frames":122,"data":[{"currentFrameRate":105.767,"devices":[],"gestures":[],"hands":[{"armBasis":[[0.0389982,-0.882448,-0.468791],[0.974442,0.137454,-0.17768],[0.22123,-0.44988,0.865254]],"armWidth":59.5212,"confidence":1,"direction":[0.269622,0.216166,-0.93839],"elbow":[261.511,-8.35991,310.408],"grabAngle":0.112813,"grabStrength":0,"id":47,"palmNormal":[-0.957553,-0.0429967,-0.285032],"palmPosition":[213.313,135.496,14.3803],"palmVelocity":[-13.0677,-8.28129,-3.82027],"palmWidth":88.5196,"pinchDistance":55.8702,"pinchStrength":0,"r":[[-0.359445,0.802771,-0.475771],[-0.756497,-0.549187,-0.355114],[-0.546363,0.232276,0.804696]],"s":0.859102,"sphereCenter":[135.275,92.8803,-44.0018],"sphereRadius":110.706,"stabilizedPalmPosition":[215,136.142,14.8674],"t":[45.6224,0.0466037,-20.3841],"timeVisible":13.1388,"type":"right","wrist":[203.401,109.81,83.1327]}],"id":58154,"interactionBox":{"center":[0,200,0],"size":[235.247,235.247,147.751]},"pointables":[{"bases":[[[0.950103,-0.311864,-0.00679702],[0.240949,0.719871,0.650946],[-0.198113,-0.620103,0.759094]],[[0.962028,-0.265775,-0.0621799],[0.242484,0.727582,0.641737],[-0.125317,-0.632446,0.7644]],[[0.962028,-0.265775,-0.0621799],[0.271704,0.954208,0.125153],[0.02607,-0.137295,0.990187]],[[0.962028,-0.265775,-0.0621799],[0.248404,0.946905,-0.204125],[0.11313,0.180928,0.976968]]],"btipPosition":[192.702,174.126,-24.614],"carpPosition":[190.143,142.968,68.9748],"dipPosition":[195.343,178.349,-1.81316],"direction":[-0.02607,0.137295,-0.990187],"extended":false,"handId":47,"id":470,"length":51.9712,"mcpPosition":[190.143,142.968,68.9748],"pipPosition":[196.229,173.681,31.8538],"stabilizedTipPosition":[194.715,176.177,-18.7497],"timeVisible":13.1388,"tipPosition":[191.169,175.362,-19.7469],"tipVelocity":[-9.05372,-9.8121,-1.57785],"tool":false,"touchDistance":0.333295,"touchZone":"hovering","type":0,"width":18.5712},{"bases":[[[0.145785,-0.925268,-0.350181],[0.983847,0.0984261,0.149521],[-0.10388,-0.366322,0.924671]],[[0.0966301,-0.995134,0.0192478],[0.975227,0.0985277,0.198052],[-0.198984,-0.000366772,0.980003]],[[0.0966301,-0.995134,0.0192478],[0.983645,0.098432,0.15084],[-0.152001,0.00435728,0.988371]],[[0.0966301,-0.995134,0.0192478],[0.983645,0.098432,0.15084],[-0.152001,0.00435728,0.988371]]],"btipPosition":[234.179,164.437,-85.7342],"carpPosition":[211.965,138.382,63.0951],"dipPosition":[231.589,164.512,-68.8943],"direction":[0.152001,-0.00435728,-0.988371],"extended":true,"handId":47,"id":471,"length":58.6436,"mcpPosition":[219.4,164.601,-3.08562],"pipPosition":[227.925,164.617,-45.0716],"stabilizedTipPosition":[235.283,165.761,-81.1974],"timeVisible":13.1388,"tipPosition":[231.248,165.439,-81.9575],"tipVelocity":[-17.5023,-17.129,-5.6516],"tool":false,"touchDistance":0.333201,"touchZone":"hovering","type":1,"width":17.7392},{"bases":[[[-0.0394627,-0.969384,-0.242359],[0.991811,-0.0674848,0.10843],[-0.121466,-0.236096,0.964108]],[[-0.0594733,-0.995371,-0.0754967],[0.989597,-0.068715,0.126394],[-0.130996,-0.0671943,0.989103]],[[-0.0594733,-0.995371,-0.0754967],[0.995654,-0.0645799,0.0671045],[-0.0716695,-0.0711777,0.994886]],[[-0.0594733,-0.995371,-0.0754967],[0.998017,-0.0608507,0.0160756],[-0.0205952,-0.074391,0.997016]]],"btipPosition":[232.341,150.458,-101.213],"carpPosition":[215.382,127.791,58.6631],"dipPosition":[231.955,149.064,-82.529],"direction":[0.0716695,0.0711777,-0.994886],"extended":true,"handId":47,"id":472,"length":66.8197,"mcpPosition":[223.626,143.816,-6.77455],"pipPosition":[229.922,147.045,-54.3169],"stabilizedTipPosition":[233.893,151.164,-96.4061],"timeVisible":13.1388,"tipPosition":[229.129,148.557,-96.9408],"tipVelocity":[-22.0565,-12.8854,-5.63697],"tool":false,"touchDistance":0.333202,"touchZone":"hovering","type":2,"width":17.4223},{"bases":[[[-0.131561,-0.985697,-0.105321],[0.982079,-0.144062,0.121516],[-0.134951,-0.0874467,0.986986]],[[-0.126611,-0.981905,-0.14083],[0.98534,-0.140859,0.0962519],[-0.114347,-0.126579,0.985344]],[[-0.126611,-0.981905,-0.14083],[0.991293,-0.13042,0.0181188],[-0.036158,-0.13731,0.989868]],[[-0.126611,-0.981905,-0.14083],[0.991952,-0.125229,-0.0186681],[0.000694267,-0.14206,0.989858]]],"btipPosition":[230.182,133.8,-94.7299],"carpPosition":[215.878,116.391,55.1063],"dipPosition":[230.195,131.153,-76.287],"direction":[0.0361581,0.13731,-0.989868],"extended":true,"handId":47,"id":473,"length":64.249,"mcpPosition":[224.102,121.72,-5.03997],"pipPosition":[229.197,127.36,-48.9421],"stabilizedTipPosition":[231.622,134.23,-90.0754],"timeVisible":13.1388,"tipPosition":[227.032,133.199,-90.2899],"tipVelocity":[-21.5445,-15.4687,-5.63792],"tool":false,"touchDistance":0.333203,"touchZone":"hovering","type":3,"width":16.5784},{"bases":[[[-0.306743,-0.95175,-0.00900076],[0.933855,-0.302776,0.190373],[-0.183913,0.0499903,0.981671]],[[-0.259174,-0.939693,-0.223173],[0.945184,-0.294292,0.141493],[-0.198638,-0.174269,0.964455]],[[-0.259174,-0.939693,-0.223173],[0.961148,-0.273663,0.0360941],[-0.0949917,-0.205148,0.97411]],[[-0.259174,-0.939693,-0.223173],[0.965051,-0.261241,-0.0207459],[-0.0388072,-0.22075,0.974558]]],"btipPosition":[229.379,115.431,-72.2246],"carpPosition":[209.48,104.31,52.9105],"dipPosition":[228.712,111.636,-55.4731],"direction":[0.0949917,0.205148,-0.97411],"extended":true,"handId":47,"id":474,"length":50.37,"mcpPosition":[219.855,101.49,-2.46643],"pipPosition":[226.859,107.635,-36.4738],"stabilizedTipPosition":[230.698,116.039,-67.9112],"timeVisible":13.1388,"tipPosition":[224.532,114.647,-68.3334],"tipVelocity":[-17.3663,-16.6205,-5.44274],"tool":false,"touchDistance":0.333209,"touchZone":"hovering","type":4,"width":14.7262}],"r":[[-0.359445,0.802771,-0.475771],[-0.756497,-0.549187,-0.355114],[-0.546363,0.232276,0.804696]],"s":0.859102,"t":[45.6224,0.0466037,-20.3841],"timestamp":7285272982},{"currentFrameRate":106.494,"devices":[],"gestures":[],"hands":[{"armBasis":[[0.0404583,-0.882054,-0.469408],[0.974653,0.138294,-0.17586],[0.220034,-0.450395,0.865291]],"armWidth":59.5212,"confidence":1,"direction":[0.26629,0.214658,-0.939687],"elbow":[261.179,-8.45121,310.471],"grabAngle":0.111389,"grabStrength":0,"id":47,"palmNormal":[-0.958319,-0.0457322,-0.282017],"palmPosition":[213.082,135.436,14.3583],"palmVelocity":[-28.7633,-7.36294,-2.73836],"palmWidth":88.5196,"pinchDistance":55.9016,"pinchStrength":0,"r":[[-0.36134,0.801516,-0.47645],[-0.756292,-0.550808,-0.353034],[-0.545395,0.23277,0.805209]],"s":0.859167,"sphereCenter":[137.902,92.339,-43.3457],"sphereRadius":108.468,"stabilizedPalmPosition":[214.916,136.111,14.8452],"t":[45.37,-0.0567805,-20.4394],"timeVisible":13.1468,"type":"right","wrist":[203.383,109.854,83.1857]}],"id":58155,"interactionBox":{"center":[0,200,0],"size":[235.247,235.247,147.751]},"pointables":[{"bases":[[[0.950761,-0.309795,-0.00899668],[0.241344,0.72185,0.648603],[-0.19444,-0.618837,0.761074]],[[0.962554,-0.263095,-0.0653589],[0.242981,0.730381,0.638361],[-0.120213,-0.630337,0.766957]],[[0.962554,-0.263095,-0.0653589],[0.269336,0.955505,0.120286],[0.030804,-0.133386,0.990585]],[[0.962554,-0.263095,-0.0653589],[0.244547,0.946736,-0.209493],[0.116994,0.185665,0.975623]]],"btipPosition":[192.122,173.792,-24.6889],"carpPosition":[190.062,142.98,69.0063],"dipPosition":[194.852,178.125,-1.91938],"direction":[-0.030804,0.133386,-0.990585],"extended":false,"handId":47,"id":470,"length":51.9712,"mcpPosition":[190.062,142.98,69.0063],"pipPosition":[195.899,173.59,31.7611],"stabilizedTipPosition":[194.565,176.071,-18.8033],"timeVisible":13.1468,"tipPosition":[190.772,175.173,-19.7858],"tipVelocity":[-69.5628,-38.323,-10.1919],"tool":false,"touchDistance":0.333263,"touchZone":"hovering","type":0,"width":18.5712},{"bases":[[[0.146753,-0.925726,-0.348561],[0.984079,0.100916,0.146303],[-0.100261,-0.364482,0.925797]],[[0.0987845,-0.99487,0.0217816],[0.975464,0.101139,0.195552],[-0.196751,0.00192975,0.980452]],[[0.0987845,-0.99487,0.0217816],[0.98373,0.100932,0.148621],[-0.150057,0.00674582,0.988654]],[[0.0987845,-0.99487,0.0217816],[0.98373,0.100932,0.148621],[-0.150057,0.00674582,0.988654]]],"btipPosition":[233.654,164.156,-85.8704],"carpPosition":[211.875,138.429,63.0704],"dipPosition":[231.098,164.271,-69.0257],"direction":[0.150057,-0.00674582,-0.988654],"extended":true,"handId":47,"id":471,"length":58.6436,"mcpPosition":[219.051,164.516,-3.19094],"pipPosition":[227.481,164.433,-45.1961],"stabilizedTipPosition":[235.02,165.573,-81.2923],"timeVisible":13.1468,"tipPosition":[230.67,165.198,-82.0997],"tipVelocity":[-64.1861,-33.8361,-16.7819],"tool":false,"touchDistance":0.333214,"touchZone":"hovering","type":1,"width":17.7392},{"bases":[[[-0.0380684,-0.970007,-0.240077],[0.992282,-0.0650684,0.105558],[-0.118014,-0.234206,0.964998]],[[-0.0575924,-0.995712,-0.0723908],[0.990114,-0.0662567,0.123627],[-0.127894,-0.0645552,0.989685]],[[-0.0575924,-0.995712,-0.0723908],[0.99596,-0.0623075,0.0646575],[-0.0688907,-0.0683746,0.995278]],[[-0.0575924,-0.995712,-0.0723908],[0.99816,-0.0588082,0.0147748],[-0.0189687,-0.0714067,0.997267]]],"btipPosition":[231.768,150.111,-101.328],"carpPosition":[215.302,127.835,58.6516],"dipPosition":[231.413,148.773,-82.64],"direction":[0.0688907,0.0683746,-0.995278],"extended":true,"handId":47,"id":472,"length":66.8197,"mcpPosition":[223.312,143.732,-6.84641],"pipPosition":[229.459,146.834,-54.4167],"stabilizedTipPosition":[233.599,150.982,-96.4892],"timeVisible":13.1468,"tipPosition":[228.546,148.292,-97.0393],"tipVelocity":[-70.262,-41.4109,-14.2297],"tool":false,"touchDistance":0.333231,"touchZone":"hovering","type":2,"width":17.4223},{"bases":[[[-0.129714,-0.986216,-0.102723],[0.982759,-0.141638,0.118844],[-0.131756,-0.0855362,0.987585]],[[-0.124873,-0.982485,-0.138309],[0.985902,-0.138519,0.0938547],[-0.111369,-0.124639,0.985932]],[[-0.124873,-0.982485,-0.138309],[0.991595,-0.128337,0.0163839],[-0.033847,-0.1351,0.990254]],[[-0.124873,-0.982485,-0.138309],[0.99217,-0.123322,-0.0197612],[0.00235866,-0.139693,0.990192]]],"btipPosition":[229.694,133.53,-94.7971],"carpPosition":[215.812,116.429,55.1187],"dipPosition":[229.738,130.927,-76.3479],"direction":[0.033847,0.1351,-0.990254],"extended":true,"handId":47,"id":473,"length":64.249,"mcpPosition":[223.841,121.641,-5.06405],"pipPosition":[228.803,127.195,-48.9924],"stabilizedTipPosition":[231.366,134.056,-90.1393],"timeVisible":13.1468,"tipPosition":[226.501,132.935,-90.3487],"tipVelocity":[-59.7249,-32.343,-8.16511],"tool":false,"touchDistance":0.333272,"touchZone":"hovering","type":3,"width":16.5784},{"bases":[[[-0.304676,-0.952437,-0.00594534],[0.935093,-0.300303,0.188201],[-0.181035,0.051781,0.982112]],[[-0.257825,-0.940781,-0.220131],[0.946185,-0.29197,0.139598],[-0.195603,-0.172293,0.96543]],[[-0.257825,-0.940781,-0.220131],[0.961753,-0.271705,0.0347572],[-0.0925096,-0.202751,0.974851]],[[-0.257825,-0.940781,-0.220131],[0.965495,-0.259511,-0.0217387],[-0.0366752,-0.218141,0.975228]]],"btipPosition":[228.979,115.187,-72.251],"carpPosition":[209.435,104.329,52.9693],"dipPosition":[228.348,111.437,-55.488],"direction":[0.0925096,0.202751,-0.974851],"extended":true,"handId":47,"id":474,"length":50.37,"mcpPosition":[219.647,101.408,-2.43251],"pipPosition":[226.544,107.483,-36.4742],"stabilizedTipPosition":[230.511,115.868,-67.9598],"timeVisible":13.1468,"tipPosition":[224.111,114.427,-68.3428],"tipVelocity":[-48.6574,-28.9879,-2.95126],"tool":false,"touchDistance":0.333307,"touchZone":"hovering","type":4,"width":14.7262}],"r":[[-0.36134,0.801516,-0.47645],[-0.756292,-0.550808,-0.353034],[-0.545395,0.23277,0.805209]],"s":0.859167,"t":[45.37,-0.0567805,-20.4394],"timestamp":7285281033},{"currentFrameRate":106.798,"devices":[],"gestures":[],"hands":[{"armBasis":[[0.0429955,-0.881774,-0.469708],[0.974817,0.139999,-0.173585],[0.218821,-0.450416,0.865588]],"armWidth":59.5212,"confidence":1,"direction":[0.263755,0.213635,-0.940634],"elbow":[260.927,-8.47772,310.612],"grabAngle":0.110362,"grabStrength":0,"id":47,"palmNormal":[-0.958753,-0.049053,-0.279976],"palmPosition":[212.981,135.334,14.3626],"palmVelocity":[-11.4985,-11.5968,0.487576],"palmWidth":88.5196,"pinchDistance":55.9394,"pinchStrength":0,"r":[[-0.363515,0.800117,-0.477147],[-0.755946,-0.552676,-0.35085],[-0.544429,0.233158,0.805751]],"s":0.85918,"sphereCenter":[140.88,91.7626,-42.746],"sphereRadius":106.156,"stabilizedPalmPosition":[214.822,136.074,14.8217],"t":[45.1931,-0.159545,-20.4649],"timeVisible":13.1556,"type":"right","wrist":[203.449,109.833,83.2489]}],"id":58156,"interactionBox":{"center":[0,200,0],"size":[235.247,235.247,147.751]},"pointables":[{"bases":[[[0.951637,-0.30705,-0.0103441],[0.240562,0.723785,0.646734],[-0.191093,-0.617944,0.762646]],[[0.963317,-0.25969,-0.0676905],[0.242297,0.733168,0.635419],[-0.115384,-0.628511,0.769195]],[[0.963317,-0.25969,-0.0676905],[0.266113,0.956965,0.115769],[0.0347133,-0.129536,0.990967]],[[0.963317,-0.25969,-0.0676905],[0.240137,0.946721,-0.214603],[0.119814,0.190475,0.974353]]],"btipPosition":[191.676,173.396,-24.7442],"carpPosition":[190.05,142.915,69.043],"dipPosition":[194.473,177.841,-2.00438],"direction":[-0.0347133,0.129536,-0.990967],"extended":false,"handId":47,"id":470,"length":51.9712,"mcpPosition":[190.05,142.915,69.043],"pipPosition":[195.653,173.437,31.6891],"stabilizedTipPosition":[194.375,175.931,-18.8636],"timeVisible":13.1556,"tipPosition":[190.511,174.933,-19.8075],"tipVelocity":[-48.8306,-42.0833,-7.05794],"tool":false,"touchDistance":0.333278,"touchZone":"hovering","type":0,"width":18.5712},{"bases":[[[0.148735,-0.92596,-0.347096],[0.984077,0.104052,0.144105],[-0.0973192,-0.363002,0.926692]],[[0.10161,-0.994529,0.0242214],[0.975363,0.104385,0.194348],[-0.195813,0.00387688,0.980633]],[[0.10161,-0.994529,0.0242214],[0.983569,0.104083,0.147508],[-0.149223,0.00883506,0.988764]],[[0.10161,-0.994529,0.0242214],[0.983569,0.104083,0.147508],[-0.149223,0.00883506,0.988764]]],"btipPosition":[233.358,163.868,-85.9459],"carpPosition":[211.864,138.416,63.0713],"dipPosition":[230.816,164.018,-69.0993],"direction":[0.149223,-0.00883506,-0.988764],"extended":true,"handId":47,"id":471,"length":58.6436,"mcpPosition":[218.83,164.397,-3.25411],"pipPosition":[227.219,164.231,-45.2671],"stabilizedTipPosition":[234.735,165.361,-81.3912],"timeVisible":13.1556,"tipPosition":[230.303,164.955,-82.1867],"tipVelocity":[-33.238,-31.7549,-8.52189],"tool":false,"touchDistance":0.333265,"touchZone":"hovering","type":1,"width":17.7392},{"bases":[[[-0.035736,-0.97057,-0.238152],[0.992679,-0.0619854,0.10366],[-0.115371,-0.232704,0.96568]],[[-0.0549098,-0.99605,-0.0697737],[0.990517,-0.063152,0.122015],[-0.125939,-0.0624123,0.990073]],[[-0.0549098,-0.99605,-0.0697737],[0.996243,-0.0593389,0.0630752],[-0.0669664,-0.0660482,0.995567]],[[-0.0549098,-0.99605,-0.0697737],[0.998328,-0.0560323,0.0142316],[-0.0180849,-0.0688756,0.997461]]],"btipPosition":[231.434,149.782,-101.391],"carpPosition":[215.312,127.824,58.6657],"dipPosition":[231.096,148.491,-82.699],"direction":[0.0669664,0.0660482,-0.995567],"extended":true,"handId":47,"id":472,"length":66.8197,"mcpPosition":[223.143,143.619,-6.87867],"pipPosition":[229.197,146.618,-54.4676],"stabilizedTipPosition":[233.28,150.769,-96.575],"timeVisible":13.1556,"tipPosition":[228.196,148.028,-97.0906],"tipVelocity":[-37.4436,-36.1597,-7.02744],"tool":false,"touchDistance":0.333277,"touchZone":"hovering","type":2,"width":17.4223},{"bases":[[[-0.127054,-0.986783,-0.10058],[0.983406,-0.138556,0.117111],[-0.129499,-0.0840317,0.988012]],[[-0.122276,-0.983088,-0.13633],[0.986449,-0.135519,0.0924804],[-0.109392,-0.123174,0.986337]],[[-0.122276,-0.983088,-0.13633],[0.991983,-0.12547,0.015052],[-0.0319028,-0.133396,0.990549]],[[-0.122276,-0.983088,-0.13633],[0.992489,-0.120599,-0.0205249],[0.00373652,-0.137815,0.990451]]],"btipPosition":[229.426,133.274,-94.8195],"carpPosition":[215.849,116.413,55.1535],"dipPosition":[229.496,130.706,-76.3654],"direction":[0.0319028,0.133396,-0.990549],"extended":true,"handId":47,"id":473,"length":64.249,"mcpPosition":[223.741,121.533,-5.05533],"pipPosition":[228.615,127.021,-49.0017],"stabilizedTipPosition":[231.093,133.862,-90.2011],"timeVisible":13.1556,"tipPosition":[226.204,132.672,-90.3672],"tipVelocity":[-29.7794,-28.0678,-2.41011],"tool":false,"touchDistance":0.333313,"touchZone":"hovering","type":3,"width":16.5784},{"bases":[[[-0.301917,-0.953328,-0.00351077],[0.936342,-0.297226,0.186867],[-0.179189,0.0531311,0.982379]],[[-0.25556,-0.94196,-0.217716],[0.947215,-0.289043,0.138699],[-0.193578,-0.170778,0.966107]],[[-0.25556,-0.94196,-0.217716],[0.96256,-0.268957,0.033781],[-0.0903764,-0.200931,0.975427]],[[-0.25556,-0.94196,-0.217716],[0.966174,-0.256897,-0.0226362],[-0.0346081,-0.216136,0.97575]]],"btipPosition":[228.794,114.949,-72.2393],"carpPosition":[209.502,104.29,53.0401],"dipPosition":[228.199,111.233,-55.4673],"direction":[0.0903764,0.200931,-0.975427],"extended":true,"handId":47,"id":474,"length":50.37,"mcpPosition":[219.61,101.293,-2.37673],"pipPosition":[226.436,107.314,-36.4423],"stabilizedTipPosition":[230.313,115.678,-68.0049],"timeVisible":13.1556,"tipPosition":[223.913,114.199,-68.3208],"tipVelocity":[-20.0799,-26.158,1.56174],"tool":false,"touchDistance":0.333342,"touchZone":"hovering","type":4,"width":14.7262}],"r":[[-0.363515,0.800117,-0.477147],[-0.755946,-0.552676,-0.35085],[-0.544429,0.233158,0.805751]],"s":0.85918,"t":[45.1931,-0.159545,-20.4649],"timestamp":7285289841},{"currentFrameRate":107.264,"devices":[],"gestures":[],"hands":[{"armBasis":[[0.0437712,-0.882042,-0.469134],[0.974816,0.140492,-0.173194],[0.218674,-0.449738,0.865978]],"armWidth":59.5212,"confidence":1,"direction":[0.26362,0.212828,-0.940855],"elbow":[260.901,-8.39193,310.692],"grabAngle":0.109344,"grabStrength":0,"id":47,"palmNormal":[-0.958704,-0.0501113,-0.279957],"palmPosition":[212.982,135.18,14.3145],"palmVelocity":[0.130571,-18.2593,-5.67438],"palmWidth":88.5196,"pinchDistance":55.9686,"pinchStrength":0,"r":[[-0.365377,0.798833,-0.477875],[-0.755574,-0.554361,-0.348987],[-0.543698,0.233558,0.806129]],"s":0.859164,"sphereCenter":[143.49,91.3813,-42.4454],"sphereRadius":104.243,"stabilizedPalmPosition":[214.738,136.033,14.7985],"t":[45.1052,-0.288264,-20.5017],"timeVisible":13.1641,"type":"right","wrist":[203.463,109.741,83.2262]}],"id":58157,"interactionBox":{"center":[0,200,0],"size":[235.247,235.247,147.751]},"pointables":[{"bases":[[[0.951879,-0.30631,-0.00997943],[0.239968,0.724672,0.645961],[-0.190633,-0.617272,0.763305]],[[0.96366,-0.258262,-0.0682586],[0.241837,0.734922,0.633565],[-0.113461,-0.627049,0.770673]],[[0.96366,-0.258262,-0.0682586],[0.264665,0.957707,0.112913],[0.0362107,-0.126875,0.991258]],[[0.96366,-0.258262,-0.0682586],[0.238181,0.946397,-0.218179],[0.120947,0.193993,0.973519]]],"btipPosition":[191.499,173.038,-24.8635],"carpPosition":[190.043,142.801,68.9859],"dipPosition":[194.322,177.566,-2.14311],"direction":[-0.0362107,0.126875,-0.991258],"extended":false,"handId":47,"id":470,"length":51.9712,"mcpPosition":[190.043,142.801,68.9859],"pipPosition":[195.553,173.252,31.5602],"stabilizedTipPosition":[194.198,175.784,-18.925],"timeVisible":13.1641,"tipPosition":[190.503,174.716,-19.8957],"tipVelocity":[-20.2417,-39.9554,-14.6082],"tool":false,"touchDistance":0.333227,"touchZone":"hovering","type":0,"width":18.5712},{"bases":[[[0.149477,-0.926217,-0.346091],[0.983989,0.104984,0.144027],[-0.0970662,-0.362079,0.92708]],[[0.102341,-0.994418,0.0256562],[0.975152,0.105386,0.194867],[-0.196483,0.0050758,0.980494]],[[0.102341,-0.994418,0.0256562],[0.983399,0.105025,0.147974],[-0.149842,0.0100865,0.988658]],[[0.102341,-0.994418,0.0256562],[0.983399,0.105025,0.147974],[-0.149842,0.0100865,0.988658]]],"btipPosition":[233.391,163.596,-86.0148],"carpPosition":[211.861,138.313,63.0198],"dipPosition":[230.838,163.768,-69.17],"direction":[0.149842,-0.0100865,-0.988658],"extended":true,"handId":47,"id":471,"length":58.6436,"mcpPosition":[218.809,164.228,-3.33332],"pipPosition":[227.226,164.011,-45.3403],"stabilizedTipPosition":[234.507,165.157,-81.4798],"timeVisible":13.1641,"tipPosition":[230.294,164.706,-82.2656],"tipVelocity":[3.60924,-31.524,-8.18064],"tool":false,"touchDistance":0.333272,"touchZone":"hovering","type":1,"width":17.7392},{"bases":[[[-0.0349619,-0.970855,-0.237106],[0.992724,-0.0610904,0.103761],[-0.115222,-0.231753,0.965927]],[[-0.054169,-0.996196,-0.0682634],[0.990545,-0.0622394,0.122258],[-0.126041,-0.0609954,0.990148]],[[-0.054169,-0.996196,-0.0682634],[0.996272,-0.0585169,0.0633893],[-0.0671427,-0.0645752,0.995651]],[[-0.054169,-0.996196,-0.0682634],[0.998348,-0.0553452,0.0154563],[-0.0191756,-0.0673134,0.997548]]],"btipPosition":[231.46,149.473,-101.455],"carpPosition":[215.318,127.719,58.6258],"dipPosition":[231.101,148.212,-82.7617],"direction":[0.0671427,0.0645752,-0.995651],"extended":true,"handId":47,"id":472,"length":66.8197,"mcpPosition":[223.138,143.449,-6.93531],"pipPosition":[229.197,146.381,-54.5279],"stabilizedTipPosition":[233.028,150.559,-96.652],"timeVisible":13.1641,"tipPosition":[228.201,147.77,-97.1518],"tipVelocity":[2.47376,-35.6503,-7.54415],"tool":false,"touchDistance":0.333277,"touchZone":"hovering","type":2,"width":17.4223},{"bases":[[[-0.126272,-0.986991,-0.09952],[0.983511,-0.137654,0.117295],[-0.129468,-0.0830679,0.988098]],[[-0.12146,-0.983299,-0.135541],[0.986508,-0.134685,0.0930724],[-0.109773,-0.122408,0.98639]],[[-0.12146,-0.983299,-0.135541],[0.992061,-0.12474,0.0159441],[-0.0325852,-0.132529,0.990643]],[[-0.12146,-0.983299,-0.135541],[0.992594,-0.120015,-0.0188126],[0.00223148,-0.136823,0.990593]]],"btipPosition":[229.503,133.031,-94.8598],"carpPosition":[215.864,116.304,55.1259],"dipPosition":[229.544,130.481,-76.4032],"direction":[0.0325852,0.132529,-0.990643],"extended":true,"handId":47,"id":473,"length":64.249,"mcpPosition":[223.753,121.366,-5.08812],"pipPosition":[228.644,126.82,-49.0368],"stabilizedTipPosition":[230.885,133.675,-90.2557],"timeVisible":13.1641,"tipPosition":[226.225,132.415,-90.4128],"tipVelocity":[8.27994,-28.2672,-4.69718],"tool":false,"touchDistance":0.333299,"touchZone":"hovering","type":3,"width":16.5784},{"bases":[[[-0.301165,-0.953569,-0.00249286],[0.93657,-0.296286,0.18722],[-0.179266,0.0540495,0.982315]],[[-0.254783,-0.942379,-0.21681],[0.947367,-0.288204,0.139405],[-0.193858,-0.169881,0.966209]],[[-0.254783,-0.942379,-0.21681],[0.962722,-0.268262,0.0346795],[-0.0908432,-0.199892,0.975598]],[[-0.254783,-0.942379,-0.21681],[0.966354,-0.256316,-0.0215104],[-0.0353011,-0.214996,0.975977]]],"btipPosition":[228.853,114.71,-72.2612],"carpPosition":[209.526,104.174,53.0254],"dipPosition":[228.246,111.014,-55.4853],"direction":[0.0908432,0.199892,-0.975598],"extended":true,"handId":47,"id":474,"length":50.37,"mcpPosition":[219.639,101.125,-2.38783],"pipPosition":[226.475,107.115,-36.457],"stabilizedTipPosition":[230.152,115.495,-68.0449],"timeVisible":13.1641,"tipPosition":[223.946,113.963,-68.3458],"tipVelocity":[6.69458,-27.6776,-2.48103],"tool":false,"touchDistance":0.333316,"touchZone":"hovering","type":4,"width":14.7262}],"r":[[-0.365377,0.798833,-0.477875],[-0.755574,-0.554361,-0.348987],[-0.543698,0.233558,0.806129]],"s":0.859164,"t":[45.1052,-0.288264,-20.5017],"timestamp":7285298312},{"currentFrameRate":107.24,"devices":[],"gestures":[],"hands":[{"armBasis":[[0.0432228,-0.882341,-0.468621],[0.974717,0.140168,-0.174012],[0.219223,-0.449251,0.866092]],"armWidth":59.5212,"confidence":1,"direction":[0.264032,0.212021,-0.940922],"elbow":[260.988,-8.39254,310.776],"grabAngle":0.108562,"grabStrength":0,"id":47,"palmNormal":[-0.958625,-0.0499508,-0.280255],"palmPosition":[212.947,134.998,14.3528],"palmVelocity":[-3.71332,-19.4264,4.08626],"palmWidth":88.5196,"pinchDistance":55.9786,"pinchStrength":0,"r":[[-0.366771,0.79776,-0.4786],[-0.755292,-0.5557,-0.347465],[-0.543151,0.234042,0.806356]],"s":0.859135,"sphereCenter":[144.167,91.1092,-42.3157],"sphereRadius":103.737,"stabilizedPalmPosition":[214.648,135.981,14.7762],"t":[45.0439,-0.443627,-20.501],"timeVisible":13.1735,"type":"right","wrist":[203.405,109.612,83.2798]}],"id":58158,"interactionBox":{"center":[0,200,0],"size":[235.247,235.247,147.751]},"pointables":[{"bases":[[[0.951764,-0.306685,-0.00941657],[0.240022,0.725063,0.645502],[-0.191138,-0.616626,0.763701]],[[0.96364,-0.258384,-0.0680876],[0.241957,0.735662,0.63266],[-0.113379,-0.62613,0.771431]],[[0.96364,-0.258384,-0.0680876],[0.264718,0.957838,0.111668],[0.0363636,-0.125632,0.99141]],[[0.96364,-0.258384,-0.0680876],[0.238147,0.946057,-0.219689],[0.121179,0.195486,0.973191]]],"btipPosition":[191.433,172.785,-24.8733],"carpPosition":[189.992,142.669,69.0104],"dipPosition":[194.261,177.347,-2.16062],"direction":[-0.0363637,0.125632,-0.99141],"extended":false,"handId":47,"id":470,"length":51.9712,"mcpPosition":[189.992,142.669,69.0104],"pipPosition":[195.498,173.075,31.5479],"stabilizedTipPosition":[194.015,175.615,-18.9878],"timeVisible":13.1735,"tipPosition":[190.504,174.513,-19.8937],"tipVelocity":[-6.86256,-26.2419,-1.24011],"tool":false,"touchDistance":0.333318,"touchZone":"hovering","type":0,"width":18.5712},{"bases":[[[0.14924,-0.926534,-0.345344],[0.983979,0.104712,0.144293],[-0.0975304,-0.361346,0.927317]],[[0.101905,-0.994435,0.0267253],[0.975124,0.10517,0.195121],[-0.196846,0.00617672,0.980415]],[[0.101905,-0.994435,0.0267253],[0.983382,0.104757,0.148273],[-0.150247,0.0111715,0.988585]],[[0.101905,-0.994435,0.0267253],[0.983382,0.104757,0.148273],[-0.150247,0.0111715,0.988585]]],"btipPosition":[233.406,163.306,-85.9898],"carpPosition":[211.811,138.168,63.0553],"dipPosition":[230.846,163.497,-69.1463],"direction":[0.150247,-0.0111715,-0.988585],"extended":true,"handId":47,"id":471,"length":58.6436,"mcpPosition":[218.791,164.031,-3.31477],"pipPosition":[227.225,163.766,-45.3184],"stabilizedTipPosition":[234.291,164.927,-81.5608],"timeVisible":13.1735,"tipPosition":[230.308,164.443,-82.2432],"tipVelocity":[1.4103,-30.4248,2.63214],"tool":false,"touchDistance":0.333349,"touchZone":"hovering","type":1,"width":17.7392},{"bases":[[[-0.0352543,-0.971018,-0.23639],[0.992664,-0.0613962,0.104155],[-0.11565,-0.230984,0.96606]],[[-0.0545793,-0.996253,-0.0670852],[0.990512,-0.062506,0.122387],[-0.126121,-0.0597689,0.990213]],[[-0.0545793,-0.996253,-0.0670852],[0.996229,-0.05887,0.0637397],[-0.0674502,-0.0633533,0.995709]],[[-0.0545793,-0.996253,-0.0670852],[0.998307,-0.0557973,0.0164167],[-0.0200984,-0.0660756,0.997612]]],"btipPosition":[231.466,149.155,-101.426],"carpPosition":[215.265,127.569,58.6705],"dipPosition":[231.089,147.916,-82.7308],"direction":[0.0674502,0.0633533,-0.995709],"extended":true,"handId":47,"id":472,"length":66.8197,"mcpPosition":[223.114,143.247,-6.89966],"pipPosition":[229.176,146.12,-54.4953],"stabilizedTipPosition":[232.794,150.32,-96.7192],"timeVisible":13.1735,"tipPosition":[228.219,147.502,-97.1176],"tipVelocity":[0.18515,-33.4431,3.19949],"tool":false,"touchDistance":0.333353,"touchZone":"hovering","type":2,"width":17.4223},{"bases":[[[-0.126619,-0.987016,-0.0988243],[0.983416,-0.137946,0.117742],[-0.129846,-0.082277,0.988115]],[[-0.121775,-0.983338,-0.134973],[0.986419,-0.134998,0.0935583],[-0.110221,-0.121747,0.986422]],[[-0.121775,-0.983338,-0.134973],[0.991983,-0.1252,0.0171486],[-0.0337615,-0.131803,0.990701]],[[-0.121775,-0.983338,-0.134973],[0.992558,-0.12058,-0.0170235],[0.000464771,-0.136042,0.990703]]],"btipPosition":[229.555,132.766,-94.8125],"carpPosition":[215.807,116.152,55.1793],"dipPosition":[229.563,130.231,-76.3538],"direction":[0.0337615,0.131803,-0.990701],"extended":true,"handId":47,"id":473,"length":64.249,"mcpPosition":[223.72,121.166,-5.03571],"pipPosition":[228.631,126.59,-48.9859],"stabilizedTipPosition":[230.7,133.468,-90.2989],"timeVisible":13.1735,"tipPosition":[226.235,132.15,-90.3683],"tipVelocity":[4.74099,-27.9009,5.10524],"tool":false,"touchDistance":0.333368,"touchZone":"hovering","type":3,"width":16.5784},{"bases":[[[-0.301533,-0.953454,-0.00188345],[0.93639,-0.296507,0.18777],[-0.179589,0.0548553,0.982211]],[[-0.255089,-0.942454,-0.216125],[0.947212,-0.288464,0.139921],[-0.194213,-0.169024,0.966288]],[[-0.255089,-0.942454,-0.216125],[0.962521,-0.268795,0.0360842],[-0.0921012,-0.198821,0.975699]],[[-0.255089,-0.942454,-0.216125],[0.966216,-0.256968,-0.01985],[-0.0368297,-0.213887,0.976164]]],"btipPosition":[228.874,114.442,-72.203],"carpPosition":[209.466,104.023,53.0857],"dipPosition":[228.241,110.766,-55.424],"direction":[0.0921012,0.198821,-0.975699],"extended":true,"handId":47,"id":474,"length":50.37,"mcpPosition":[219.597,100.928,-2.32168],"pipPosition":[226.445,106.888,-36.3936],"stabilizedTipPosition":[230.002,115.294,-68.0765],"timeVisible":13.1735,"tipPosition":[223.942,113.715,-68.2878],"tipVelocity":[1.61887,-28.0558,6.28895],"tool":false,"touchDistance":0.333377,"touchZone":"hovering","type":4,"width":14.7262}],"r":[[-0.366771,0.79776,-0.4786],[-0.755292,-0.5557,-0.347465],[-0.543151,0.234042,0.806356]],"s":0.859135,"t":[45.0439,-0.443627,-20.501],"timestamp":7285307681},{"currentFrameRate":107.939,"devices":[],"gestures":[],"hands":[{"armBasis":[[0.0446578,-0.882246,-0.468666],[0.974629,0.141472,-0.173446],[0.219325,-0.44903,0.86618]],"armWidth":59.5212,"confidence":1,"direction":[0.263433,0.211271,-0.941258],"elbow":[261.046,-8.40578,310.881],"grabAngle":0.109198,"grabStrength":0,"id":47,"palmNormal":[-0.958605,-0.0519795,-0.279955],"palmPosition":[212.927,134.868,14.4053],"palmVelocity":[-2.48106,-16.2086,6.56415],"palmWidth":88.5196,"pinchDistance":55.9824,"pinchStrength":0,"r":[[-0.368187,0.796649,-0.479364],[-0.754886,-0.557122,-0.346066],[-0.542757,0.234448,0.806504]],"s":0.85906,"sphereCenter":[142.466,90.7026,-42.3892],"sphereRadius":105.066,"stabilizedPalmPosition":[214.577,135.935,14.7609],"t":[45.0033,-0.586102,-20.4743],"timeVisible":13.1815,"type":"right","wrist":[203.436,109.541,83.362]}],"id":58159,"interactionBox":{"center":[0,200,0],"size":[235.247,235.247,147.751]},"pointables":[{"bases":[[[0.952295,-0.30504,-0.00925601],[0.238917,0.726309,0.644511],[-0.189879,-0.615975,0.764539]],[[0.964121,-0.256522,-0.0683154],[0.24088,0.737217,0.631259],[-0.111569,-0.625066,0.772557]],[[0.964121,-0.256522,-0.0683154],[0.262834,0.958551,0.109989],[0.0372692,-0.123998,0.991582]],[[0.964121,-0.256522,-0.0683154],[0.236092,0.946231,-0.221151],[0.121372,0.197088,0.972844]]],"btipPosition":[191.29,172.541,-24.8775],"carpPosition":[189.972,142.57,69.0586],"dipPosition":[194.123,177.14,-2.17294],"direction":[-0.0372692,0.123998,-0.991582],"extended":false,"handId":47,"id":470,"length":51.9712,"mcpPosition":[189.972,142.57,69.0586],"pipPosition":[195.39,172.924,31.5414],"stabilizedTipPosition":[193.862,175.466,-19.0372],"timeVisible":13.1815,"tipPosition":[190.412,174.298,-19.8856],"tipVelocity":[-17.769,-29.4342,-0.760514],"tool":false,"touchDistance":0.333328,"touchZone":"hovering","type":0,"width":18.5712},{"bases":[[[0.150769,-0.926715,-0.34419],[0.98383,0.10661,0.143917],[-0.0966758,-0.360323,0.927804]],[[0.10364,-0.994221,0.027997],[0.975027,0.107118,0.194548],[-0.196422,0.00713486,0.980493]],[[0.10364,-0.994221,0.027997],[0.983298,0.106654,0.147479],[-0.149613,0.0122446,0.988669]],[[0.10364,-0.994221,0.027997],[0.983298,0.106654,0.147479],[-0.149613,0.0122446,0.988669]]],"btipPosition":[233.287,163.079,-85.9828],"carpPosition":[211.797,138.099,63.104],"dipPosition":[230.738,163.288,-69.1379],"direction":[0.149613,-0.0122446,-0.988669],"extended":true,"handId":47,"id":471,"length":58.6436,"mcpPosition":[218.717,163.889,-3.30101],"pipPosition":[227.132,163.583,-45.308],"stabilizedTipPosition":[234.12,164.733,-81.6199],"timeVisible":13.1815,"tipPosition":[230.218,164.218,-82.2325],"tipVelocity":[-14.5619,-27.9151,0.912848],"tool":false,"touchDistance":0.33334,"touchZone":"hovering","type":1,"width":17.7392},{"bases":[[[-0.0336211,-0.971381,-0.235134],[0.992795,-0.0595342,0.10399],[-0.115013,-0.229943,0.966384]],[[-0.0529036,-0.996456,-0.0653989],[0.990749,-0.0605708,0.121439],[-0.12497,-0.0583693,0.990442]],[[-0.0529036,-0.996456,-0.0653989],[0.996397,-0.0570205,0.062776],[-0.0662826,-0.0618422,0.995883]],[[-0.0529036,-0.996456,-0.0653989],[0.99841,-0.0540553,0.015967],[-0.0194456,-0.0644502,0.997731]]],"btipPosition":[231.326,148.875,-101.404],"carpPosition":[215.269,127.501,58.7319],"dipPosition":[230.961,147.667,-82.7073],"direction":[0.0662826,0.0618422,-0.995883],"extended":true,"handId":47,"id":472,"length":66.8197,"mcpPosition":[223.075,143.108,-6.86025],"pipPosition":[229.082,145.913,-54.4669],"stabilizedTipPosition":[232.608,150.114,-96.7652],"timeVisible":13.1815,"tipPosition":[228.166,147.263,-97.0849],"tipVelocity":[-17.1686,-34.1217,2.71898],"tool":false,"touchDistance":0.333351,"touchZone":"hovering","type":2,"width":17.4223},{"bases":[[[-0.124924,-0.987361,-0.0975251],[0.983684,-0.136083,0.117678],[-0.129463,-0.0812329,0.988251]],[[-0.120084,-0.98371,-0.133767],[0.986737,-0.13309,0.0929315],[-0.109221,-0.120834,0.986646]],[[-0.120084,-0.98371,-0.133767],[0.992238,-0.123312,0.016087],[-0.0323201,-0.130797,0.990882]],[[-0.120084,-0.98371,-0.133767],[0.992762,-0.118751,-0.0179274],[0.00175036,-0.134952,0.990851]]],"btipPosition":[229.446,132.541,-94.7626],"carpPosition":[215.83,116.08,55.2553],"dipPosition":[229.479,130.027,-76.3011],"direction":[0.0323201,0.130797,-0.990882],"extended":true,"handId":47,"id":473,"length":64.249,"mcpPosition":[223.719,121.03,-4.96808],"pipPosition":[228.586,126.414,-48.9282],"stabilizedTipPosition":[230.557,133.294,-90.3239],"timeVisible":13.1815,"tipPosition":[226.209,131.909,-90.3162],"tipVelocity":[-12.9191,-27.4977,6.3213],"tool":false,"touchDistance":0.333373,"touchZone":"hovering","type":3,"width":16.5784},{"bases":[[[-0.299873,-0.953979,-0.000584551],[0.93695,-0.294635,0.187921],[-0.179445,0.0558048,0.982184]],[[-0.253566,-0.943216,-0.214589],[0.947848,-0.286557,0.139535],[-0.193103,-0.168017,0.966686]],[[-0.253566,-0.943216,-0.214589],[0.96305,-0.266973,0.0354938],[-0.0907679,-0.19766,0.976059]],[[-0.253566,-0.943216,-0.214589],[0.966679,-0.255149,-0.0207692],[-0.0351622,-0.212705,0.976484]]],"btipPosition":[228.816,114.225,-72.1349],"carpPosition":[209.51,103.937,53.1788],"dipPosition":[228.212,110.568,-55.3504],"direction":[0.0907679,0.19766,-0.976059],"extended":true,"handId":47,"id":474,"length":50.37,"mcpPosition":[219.632,100.789,-2.22704],"pipPosition":[226.441,106.713,-36.313],"stabilizedTipPosition":[229.887,115.13,-68.0936],"timeVisible":13.1815,"tipPosition":[223.955,113.498,-68.2108],"tipVelocity":[-6.47877,-26.6644,8.67137],"tool":false,"touchDistance":0.333387,"touchZone":"hovering","type":4,"width":14.7262}],"r":[[-0.368187,0.796649,-0.479364],[-0.754886,-0.557122,-0.346066],[-0.542757,0.234448,0.806504]],"s":0.85906,"t":[45.0033,-0.586102,-20.4743],"timestamp":7285315676},{"currentFrameRate":107.814,"devices":[],"gestures":[],"hands":[{"armBasis":[[0.0447222,-0.882344,-0.468476],[0.974631,0.141482,-0.17343],[0.219306,-0.448835,0.866286]],"armWidth":59.5212,"confidence":1,"direction":[0.26342,0.210053,-0.941535],"elbow":[261.01,-8.47886,310.966],"grabAngle":0.109939,"grabStrength":0,"id":47,"palmNormal":[-0.958576,-0.0526347,-0.27993],"palmPosition":[212.893,134.664,14.4324],"palmVelocity":[-3.59659,-21.5086,2.85884],"palmWidth":88.5196,"pinchDistance":55.971,"pinchStrength":0,"r":[[-0.369359,0.795605,-0.480195],[-0.754525,-0.558395,-0.3448],[-0.542463,0.234964,0.806552]],"s":0.858964,"sphereCenter":[139.183,90.3311,-42.6873],"sphereRadius":107.567,"stabilizedPalmPosition":[214.495,135.873,14.745],"t":[44.9659,-0.759516,-20.4475],"timeVisible":13.191,"type":"right","wrist":[203.405,109.416,83.419]}],"id":58160,"interactionBox":{"center":[0,200,0],"size":[235.247,235.247,147.751]},"pointables":[{"bases":[[[0.952381,-0.304783,-0.00879098],[0.23868,0.72726,0.643525],[-0.189742,-0.614979,0.765375]],[[0.964161,-0.256541,-0.0676792],[0.240604,0.737915,0.630549],[-0.11182,-0.624234,0.773193]],[[0.964161,-0.256541,-0.0676792],[0.262757,0.958623,0.109548],[0.0367752,-0.123405,0.991675]],[[0.964161,-0.256541,-0.0676792],[0.236256,0.946225,-0.221001],[0.120736,0.197091,0.972922]]],"btipPosition":[191.295,172.344,-24.898],"carpPosition":[189.933,142.434,69.074],"dipPosition":[194.113,176.944,-2.19156],"direction":[-0.0367752,0.123405,-0.991675],"extended":false,"handId":47,"id":470,"length":51.9712,"mcpPosition":[189.933,142.434,69.074],"pipPosition":[195.363,172.748,31.526],"stabilizedTipPosition":[193.698,175.29,-19.0916],"timeVisible":13.191,"tipPosition":[190.377,174.037,-19.9124],"tipVelocity":[0.148477,-20.6807,-2.1083],"tool":false,"touchDistance":0.333316,"touchZone":"hovering","type":0,"width":18.5712},{"bases":[[[0.151048,-0.927144,-0.342911],[0.983793,0.107085,0.143818],[-0.0966195,-0.359077,0.928293]],[[0.103906,-0.994151,0.0294555],[0.975109,0.107659,0.193837],[-0.195874,0.0085814,0.980592]],[[0.103906,-0.994151,0.0294555],[0.983389,0.107123,0.146528],[-0.148826,0.013741,0.988768]],[[0.103906,-0.994151,0.0294555],[0.983389,0.107123,0.146528],[-0.148826,0.013741,0.988768]]],"btipPosition":[233.19,162.728,-86.0035],"carpPosition":[211.76,137.962,63.1266],"dipPosition":[230.654,162.963,-69.1569],"direction":[0.148826,-0.013741,-0.988768],"extended":true,"handId":47,"id":471,"length":58.6436,"mcpPosition":[218.675,163.661,-3.31337],"pipPosition":[227.067,163.294,-45.3245],"stabilizedTipPosition":[233.932,164.49,-81.6832],"timeVisible":13.191,"tipPosition":[230.189,163.881,-82.2442],"tipVelocity":[-9.92348,-36.2819,-2.13201],"tool":false,"touchDistance":0.333317,"touchZone":"hovering","type":1,"width":17.7392},{"bases":[[[-0.033335,-0.971713,-0.233802],[0.992807,-0.0591108,0.10412],[-0.114995,-0.228649,0.966693]],[[-0.0526737,-0.996589,-0.0635259],[0.990894,-0.0600545,0.120511],[-0.123915,-0.0565996,0.990677]],[[-0.0526737,-0.996589,-0.0635259],[0.996473,-0.0566158,0.0619392],[-0.0653245,-0.0600392,0.996056]],[[-0.0526737,-0.996589,-0.0635259],[0.998434,-0.0537579,0.0154776],[-0.0188399,-0.0626111,0.99786]]],"btipPosition":[231.201,148.474,-101.407],"carpPosition":[215.234,127.358,58.7692],"dipPosition":[230.848,147.3,-82.7072],"direction":[0.0653245,0.0600392,-0.996056],"extended":true,"handId":47,"id":472,"length":66.8197,"mcpPosition":[223.039,142.877,-6.84388],"pipPosition":[228.996,145.598,-54.4619],"stabilizedTipPosition":[232.404,149.852,-96.812],"timeVisible":13.191,"tipPosition":[228.153,146.918,-97.0741],"tipVelocity":[-12.85,-41.406,-0.181089],"tool":false,"touchDistance":0.333333,"touchZone":"hovering","type":2,"width":17.4223},{"bases":[[[-0.124641,-0.98753,-0.0961761],[0.983716,-0.135643,0.117913],[-0.129488,-0.0799132,0.988356]],[[-0.119815,-0.983941,-0.132306],[0.98686,-0.132588,0.092344],[-0.108403,-0.119504,0.986898]],[[-0.119815,-0.983941,-0.132306],[0.992296,-0.122918,0.0155136],[-0.0315273,-0.129428,0.991087]],[[-0.119815,-0.983941,-0.132306],[0.992793,-0.118427,-0.0183419],[0.00237876,-0.13355,0.991039]]],"btipPosition":[229.347,132.19,-94.7363],"carpPosition":[215.799,115.932,55.3083],"dipPosition":[229.391,129.702,-76.2713],"direction":[0.0315273,0.129428,-0.991087],"extended":true,"handId":47,"id":473,"length":64.249,"mcpPosition":[223.69,120.802,-4.92138],"pipPosition":[228.52,126.126,-48.8927],"stabilizedTipPosition":[230.4,133.075,-90.3456],"timeVisible":13.191,"tipPosition":[226.195,131.565,-90.2852],"tipVelocity":[-10.1734,-36.3203,2.85064],"tool":false,"touchDistance":0.333355,"touchZone":"hovering","type":3,"width":16.5784},{"bases":[[[-0.299603,-0.954064,0.000710015],[0.937024,-0.294112,0.188371],[-0.179509,0.0571019,0.982098]],[[-0.253412,-0.943659,-0.212816],[0.948089,-0.285971,0.139099],[-0.192121,-0.166519,0.967141]],[[-0.253412,-0.943659,-0.212816],[0.963156,-0.266614,0.0353253],[-0.0900748,-0.196023,0.976453]],[[-0.253412,-0.943659,-0.212816],[0.966754,-0.254825,-0.0212364],[-0.034191,-0.211122,0.976861]]],"btipPosition":[228.727,113.887,-72.0909],"carpPosition":[209.482,103.785,53.2482],"dipPosition":[228.14,110.258,-55.2998],"direction":[0.0900748,0.196023,-0.976453],"extended":true,"handId":47