{"frames":149,"data":[{"currentFrameRate":112.617,"devices":[],"gestures":[],"hands":[{"armBasis":[[-0.52564,-0.595935,-0.607095],[-0.811549,0.137249,0.567936],[0.25513,-0.791217,0.555774]],"armWidth":53.7048,"confidence":1,"direction":[0.43146,0.814609,-0.387626],"elbow":[-122.554,-79.1765,118.724],"grabAngle":1.47789,"grabStrength":0.38277,"id":26,"palmNormal":[0.690592,-0.574708,-0.439083],"palmPosition":[-153.848,158.303,-35.0524],"palmVelocity":[-13.3654,-11.8967,29.0602],"palmWidth":78.7839,"pinchDistance":66.3882,"pinchStrength":0,"r":[[0.95989,-0.25716,-0.111712],[0.221552,0.939877,-0.259897],[0.171831,0.224723,0.959153]],"s":1.49078,"sphereCenter":[-109.628,148.006,-65.0593],"sphereRadius":57.0236,"stabilizedPalmPosition":[-153.202,159.751,-35.9803],"t":[31.4859,-15.7936,-167.854],"timeVisible":0.927837,"type":"left","wrist":[-182.199,105.794,-11.2044]},{"armBasis":[[0.5373,0.176602,-0.824694],[0.450278,0.766742,0.457554],[0.713133,-0.617186,0.33245]],"armWidth":55.1721,"confidence":0,"direction":[-0.293538,0.883755,-0.364434],"elbow":[233.809,44.5283,332.971],"grabAngle":2.4742,"grabStrength":0.548029,"id":27,"palmNormal":[-0.606617,-0.466841,-0.643487],"palmPosition":[36.5028,243.094,233.518],"palmVelocity":[1.19209e-7,1.19209e-7,1.19209e-7],"palmWidth":78.7839,"pinchDistance":24.8715,"pinchStrength":0.972243,"r":[[1,0,1.38778e-17],[0,1,0],[-1.38778e-17,0,1]],"s":1,"sphereCenter":[12.3908,234.252,195.164],"sphereRadius":39.0377,"stabilizedPalmPosition":[36.5028,243.094,233.518],"t":[0,0,0],"timeVisible":0,"type":"right","wrist":[67.0928,188.814,255.251]}],"id":18519,"interactionBox":{"center":[0,200,0],"size":[235.247,235.247,147.751]},"pointables":[{"bases":[[[-0.767065,0.641506,-0.00906431],[-0.0100805,0.00207545,0.999947],[-0.64149,-0.767115,-0.00487471]],[[-0.390719,0.920491,-0.0058494],[-0.107718,-0.0394103,0.9934],[-0.914186,-0.388771,-0.114552]],[[-0.390719,0.920491,-0.0058494],[0.219412,0.0993012,0.970566],[-0.893978,-0.377935,0.240766]],[[-0.390719,0.920491,-0.0058494],[0.604502,0.261374,0.752503],[-0.694201,-0.290482,0.658563]]],"btipPosition":[-82.0492,149.378,-18.5363],"carpPosition":[-160.929,115.992,-3.58634],"dipPosition":[-95.7369,143.651,-5.55127],"direction":[0.893978,0.377935,-0.240766],"extended":true,"handId":26,"id":260,"length":43.9073,"mcpPosition":[-160.929,115.992,-3.58634],"pipPosition":[-121.416,132.795,1.36475],"stabilizedTipPosition":[-84.772,149.564,-16.6136],"timeVisible":0.927837,"tipPosition":[-85.9942,150.278,-14.1109],"tipVelocity":[-10.8322,-15.9046,37.9543],"tool":false,"touchDistance":0.350362,"touchZone":"hovering","type":0,"width":16.8625},{"bases":[[[-0.49977,0.0596403,-0.864103],[-0.6054,0.689423,0.397728],[-0.619452,-0.7219,0.308446]],[[-0.515325,0.041306,-0.855999],[-0.593142,0.703754,0.391041],[-0.618565,-0.709242,0.338162]],[[-0.515325,0.041306,-0.855999],[-0.115138,0.986445,0.116916],[-0.849225,-0.158808,0.503584]],[[-0.515325,0.041306,-0.855999],[0.380202,0.90618,-0.18516],[-0.768041,0.42087,0.482682]]],"btipPosition":[-82.4798,201.555,-54.4946],"carpPosition":[-172.677,132.723,-5.40412],"dipPosition":[-93.5353,207.613,-47.5467],"direction":[0.849225,0.158808,-0.503584],"extended":true,"handId":26,"id":261,"length":49.5445,"mcpPosition":[-133.217,178.708,-25.0523],"pipPosition":[-110.828,204.379,-37.2921],"stabilizedTipPosition":[-84.97,204.345,-53.3218],"timeVisible":0.927837,"tipPosition":[-86.2954,205.563,-53.1255],"tipVelocity":[-4.80027,-34.8852,28.0879],"tool":false,"touchDistance":0.339181,"touchZone":"hovering","type":1,"width":16.1071},{"bases":[[[-0.468288,-0.156849,-0.869543],[-0.694629,0.673564,0.252591],[-0.546074,-0.722295,0.424373]],[[-0.45119,-0.134454,-0.882241],[-0.670341,0.703664,0.235582],[-0.589127,-0.697695,0.407617]],[[-0.45119,-0.134454,-0.882241],[-0.190246,0.980352,-0.0521122],[-0.871914,-0.144331,0.467905]],[[-0.45119,-0.134454,-0.882241],[0.351632,0.881828,-0.314221],[-0.820233,0.451998,0.350593]]],"btipPosition":[-87.7384,203.003,-73.0375],"carpPosition":[-178.524,134.736,-14.0887],"dipPosition":[-100.724,210.159,-67.4869],"direction":[0.871914,0.144331,-0.467905],"extended":true,"handId":26,"id":262,"length":56.452,"mcpPosition":[-145.536,178.369,-39.7246],"pipPosition":[-121.613,206.701,-56.2772],"stabilizedTipPosition":[-90.8485,205.892,-72.3671],"timeVisible":0.927837,"tipPosition":[-92.5657,209.078,-72.3808],"tipVelocity":[2.37362,-38.0334,36.0832],"tool":false,"touchDistance":0.350714,"touchZone":"hovering","type":2,"width":15.8193},{"bases":[[[-0.489837,-0.311758,-0.814166],[-0.743365,0.637268,0.20322],[-0.455487,-0.704767,0.543907]],[[-0.485857,-0.305616,-0.818866],[-0.656768,0.745831,0.111322],[-0.576714,-0.591891,0.563086]],[[-0.485857,-0.305616,-0.818866],[-0.157934,0.952152,-0.261654],[-0.859651,-0.00219998,0.510877]],[[-0.485857,-0.305616,-0.818866],[0.429476,0.732497,-0.528203],[-0.761244,0.608315,0.224634]]],"btipPosition":[-105.176,185.094,-89.552],"carpPosition":[-183.634,134.114,-23.3973],"dipPosition":[-117.159,194.67,-86.016],"direction":[0.859651,0.00219998,-0.510877],"extended":true,"handId":26,"id":263,"length":54.2801,"mcpPosition":[-158.93,172.338,-52.8972],"pipPosition":[-137.222,194.618,-74.0928],"stabilizedTipPosition":[-107.973,188.296,-89.4994],"timeVisible":0.927837,"tipPosition":[-110.269,193.611,-90.0181],"tipVelocity":[0.116237,-19.5535,36.5856],"tool":false,"touchDistance":0.354105,"touchZone":"hovering","type":3,"width":15.053},{"bases":[[[-0.409659,-0.492212,-0.768054],[-0.847804,0.516236,0.121363],[-0.33676,-0.700876,0.62878]],[[-0.425886,-0.526431,-0.735861],[-0.691218,0.7141,-0.110814],[-0.583814,-0.461446,0.668004]],[[-0.425886,-0.526431,-0.735861],[-0.0484534,0.82541,-0.562451],[-0.903478,0.203885,0.377038]],[[-0.425886,-0.526431,-0.735861],[0.529963,0.514041,-0.674463],[-0.733321,0.677224,-0.060066]]],"btipPosition":[-126.176,163.68,-90.6026],"carpPosition":[-186.012,127.939,-33.7935],"dipPosition":[-136.825,173.515,-91.4749],"direction":[0.903478,-0.203885,-0.377038],"extended":false,"handId":26,"id":264,"length":42.5546,"mcpPosition":[-169.104,163.128,-65.3624],"pipPosition":[-151.713,176.874,-85.262],"stabilizedTipPosition":[-128.402,166.822,-91.569],"timeVisible":0.927837,"tipPosition":[-128.656,168.18,-92.8089],"tipVelocity":[-4.49851,-13.0087,31.6927],"tool":false,"touchDistance":0.350479,"touchZone":"hovering","type":4,"width":13.3713},{"bases":[[[0.679043,0.116657,-0.72477],[0.538579,0.591713,0.59984],[0.498831,-0.797663,0.33897]],[[0.653924,0.155395,-0.740429],[0.185677,0.915783,0.356181],[0.733421,-0.370396,0.57]],[[0.653924,0.155395,-0.740429],[-0.349942,0.929819,-0.113916],[0.670763,0.333599,0.662411]],[[0.653924,0.155395,-0.740429],[-0.592028,0.714447,-0.372919],[0.471048,0.682215,0.559192]]],"btipPosition":[-33.0214,260.5,198.086],"carpPosition":[47.0432,212.984,263.017],"dipPosition":[-26.0529,270.592,206.358],"direction":[-0.670763,-0.333599,-0.662411],"extended":false,"handId":27,"id":271,"length":50.9186,"mcpPosition":[15.2674,263.795,241.424],"pipPosition":[-12.0152,277.574,220.221],"stabilizedTipPosition":[-31.4186,262.821,199.988],"timeVisible":0,"tipPosition":[-31.4186,262.821,199.988],"tipVelocity":[1.19209e-7,1.19209e-7,1.19209e-7],"tool":false,"touchDistance":1,"touchZone":"none","type":1,"width":16.748},{"bases":[[[0.638364,-0.0947763,-0.763878],[0.656447,0.585261,0.47597],[0.401957,-0.805287,0.435825]],[[0.62957,-0.077432,-0.773076],[0.0490841,0.996998,-0.0598875],[0.775392,-0.000242355,0.63148]],[[0.62957,-0.077432,-0.773076],[-0.638263,0.515818,-0.571447],[0.443015,0.853192,0.275321]],[[0.62957,-0.077432,-0.773076],[-0.776826,-0.0800795,-0.624603],[-0.0135434,0.993776,-0.110567]]],"btipPosition":[-12.5854,226.973,198.422],"carpPosition":[54.7444,215.493,256.084],"dipPosition":[-12.8057,243.143,196.623],"direction":[-0.443015,-0.853192,-0.275321],"extended":false,"handId":27,"id":272,"length":58.0177,"mcpPosition":[30.4626,264.14,229.757],"pipPosition":[-1.89794,264.15,203.402],"stabilizedTipPosition":[-12.636,230.692,198.008],"timeVisible":0,"tipPosition":[-12.636,230.692,198.008],"tipVelocity":[1.19209e-7,1.19209e-7,1.19209e-7],"tool":false,"touchDistance":1,"touchZone":"none","type":2,"width":16.4488},{"bases":[[[0.639243,-0.256096,-0.725109],[0.712856,0.551025,0.433829],[0.288452,-0.794221,0.534798]],[[0.639397,-0.256521,-0.724823],[0.108993,0.963424,-0.244817],[0.761112,0.0775351,0.643969]],[[0.639397,-0.256521,-0.724823],[-0.6119,0.401048,-0.681718],[0.465564,0.879407,0.0994638]],[[0.639397,-0.256521,-0.724823],[-0.768785,-0.198772,-0.607831],[0.0118472,0.945879,-0.324304]]],"btipPosition":[5.27988,219.2,197.002],"carpPosition":[61.7276,215.518,248.06],"dipPosition":[5.47154,234.502,191.756],"direction":[-0.465564,-0.879407,-0.0994638],"extended":false,"handId":27,"id":273,"length":55.7856,"mcpPosition":[46.0828,258.594,219.054],"pipPosition":[16.6385,255.595,194.142],"stabilizedTipPosition":[5.32397,222.719,195.796],"timeVisible":0,"tipPosition":[5.32397,222.719,195.796],"tipVelocity":[1.19209e-7,1.19209e-7,1.19209e-7],"tool":false,"touchDistance":1,"touchZone":"none","type":3,"width":15.652},{"bases":[[[0.541701,-0.433798,-0.719985],[0.826269,0.432138,0.361299],[0.154402,-0.790617,0.592524]],[[0.546752,-0.461085,-0.698901],[0.24366,0.886207,-0.39404],[0.801057,0.0451482,0.596883]],[[0.546752,-0.461085,-0.698901],[-0.610419,0.351835,-0.709648],[0.573106,0.814625,-0.0890887]],[[0.546752,-0.461085,-0.698901],[-0.83224,-0.207696,-0.514041],[0.0918577,0.862707,-0.497292]]],"btipPosition":[22.6449,222.017,198.616],"carpPosition":[65.9984,210.376,237.708],"dipPosition":[24.0158,234.892,191.194],"direction":[-0.573106,-0.814625,0.0890887],"extended":false,"handId":27,"id":274,"length":43.7348,"mcpPosition":[58.2464,250.07,207.959],"pipPosition":[33.7214,248.688,189.685],"stabilizedTipPosition":[22.9602,224.978,196.909],"timeVisible":0,"tipPosition":[22.9602,224.978,196.909],"tipVelocity":[1.19209e-7,1.19209e-7,1.19209e-7],"tool":false,"touchDistance":1,"touchZone":"none","type":4,"width":13.9034},{"bases":[[[0.782594,0.577054,0.23357],[-0.208751,-0.110219,0.971738],[0.586489,-0.809235,0.0342039]],[[0.513018,0.833599,0.204758],[-0.464344,0.0688839,0.882972],[0.72194,-0.548059,0.422415]],[[0.513018,0.833599,0.204758],[-0.603943,0.181023,0.776198],[0.609972,-0.521866,0.596314]],[[0.513018,0.833599,0.204758],[-0.725056,0.293144,0.623186],[0.459463,-0.468167,0.754794]]],"btipPosition":[-24.188,245.698,209.043],"carpPosition":[34.3332,197.117,260.2],"dipPosition":[-14.8774,236.211,224.338],"direction":[-0.609972,0.521866,-0.596314],"extended":false,"handId":27,"id":270,"length":45.1251,"mcpPosition":[34.3332,197.117,260.2],"pipPosition":[3.13003,220.805,241.943],"stabilizedTipPosition":[-22.0466,243.516,212.561],"timeVisible":0,"tipPosition":[-22.0466,243.516,212.561],"tipVelocity":[1.19209e-7,1.19209e-7,1.19209e-7],"tool":false,"touchDistance":1,"touchZone":"none","type":0,"width":17.5335}],"r":[[-0.90866,0.124336,-0.398594],[-0.265071,0.565806,0.780769],[0.322605,0.81511,-0.481168]],"s":0.257123,"t":[-256.055,-363.788,258.317],"timestamp":554507927053},{"currentFrameRate":112.744,"devices":[],"gestures":[],"hands":[{"armBasis":[[-0.523263,-0.597266,-0.60784],[-0.812195,0.133634,0.567875],[0.257945,-0.790832,0.555022]],"armWidth":53.7048,"confidence":1,"direction":[0.433792,0.813575,-0.387197],"elbow":[-122.096,-79.1063,118.779],"grabAngle":1.47768,"grabStrength":0.382661,"id":26,"palmNormal":[0.689692,-0.576353,-0.438341],"palmPosition":[-153.95,158.221,-34.7929],"palmVelocity":[-11.6874,-9.40707,29.9955],"palmWidth":78.7839,"pinchDistance":66.3312,"pinchStrength":0,"r":[[0.959837,-0.257627,-0.111092],[0.222083,0.939646,-0.260279],[0.171442,0.225153,0.959121]],"s":1.48921,"sphereCenter":[-109.683,147.63,-64.9253],"sphereRadius":57.143,"stabilizedPalmPosition":[-153.235,159.684,-35.9278],"t":[31.3884,-15.9053,-167.613],"timeVisible":0.936486,"type":"left","wrist":[-182.398,105.775,-10.9743]},{"armBasis":[[0.582162,0.221273,-0.782385],[0.469798,0.693826,0.545798],[0.663609,-0.685305,0.299966]],"armWidth":53.7048,"confidence":0.0455317,"direction":[-0.319342,0.822546,-0.470573],"elbow":[222.666,39.6153,328.2],"grabAngle":2.27162,"grabStrength":0.574085,"id":27,"palmNormal":[-0.529271,-0.566719,-0.631429],"palmPosition":[36.0387,250.881,230.418],"palmVelocity":[-53.6682,900.436,-358.492],"palmWidth":78.7839,"pinchDistance":22.2605,"pinchStrength":0.952502,"r":[[0.999823,0.0134694,0.013172],[-0.0132006,0.999707,-0.0202888],[-0.0134414,0.0201113,0.999707]],"s":0.98144,"sphereCenter":[18.3739,236.442,189.13],"sphereRadius":40.5608,"stabilizedPalmPosition":[36.3973,244.864,232.813],"t":[-0.232088,3.89394,-1.5503],"timeVisible":0.008649,"type":"right","wrist":[67.5269,199.826,258.074]}],"id":18520,"interactionBox":{"center":[0,200,0],"size":[235.247,235.247,147.751]},"pointables":[{"bases":[[[-0.765536,0.643317,-0.0098886],[-0.0111257,0.00213087,0.999936],[-0.643297,-0.765597,-0.00552611]],[[-0.388143,0.921578,-0.00628253],[-0.108364,-0.038868,0.993351],[-0.915206,-0.386243,-0.114952]],[[-0.388143,0.921578,-0.00628253],[0.218472,0.0986328,0.970846],[-0.89533,-0.375454,0.239623]],[[-0.388143,0.921578,-0.00628253],[0.603867,0.25947,0.753671],[-0.696197,-0.288738,0.657222]]],"btipPosition":[-82.1611,149.1,-18.2065],"carpPosition":[-161.163,115.928,-3.33313],"dipPosition":[-95.8881,143.407,-5.24794],"direction":[0.89533,0.375454,-0.239623],"extended":true,"handId":26,"id":260,"length":43.9073,"mcpPosition":[-161.163,115.928,-3.33313],"pipPosition":[-121.607,132.622,1.63524],"stabilizedTipPosition":[-84.7982,149.479,-16.5468],"timeVisible":0.936486,"tipPosition":[-86.1344,150.032,-13.7836],"tipVelocity":[-13.9809,-31.2733,37.4255],"tool":false,"touchDistance":0.353514,"touchZone":"hovering","type":0,"width":16.8625},{"bases":[[[-0.49872,0.0607945,-0.864629],[-0.604185,0.690865,0.397072],[-0.621481,-0.720423,0.307817]],[[-0.514836,0.0418931,-0.856265],[-0.590244,0.707047,0.389482],[-0.621736,-0.705925,0.339286]],[[-0.514836,0.0418931,-0.856265],[-0.110984,0.987143,0.115027],[-0.850074,-0.154252,0.503567]],[[-0.514836,0.0418931,-0.856265],[0.384139,0.904196,-0.186728],[-0.766408,0.425059,0.481605]]],"btipPosition":[-82.4347,201.152,-54.239],"carpPosition":[-172.869,132.687,-5.16374],"dipPosition":[-93.4666,207.27,-47.3066],"direction":[0.850074,0.154252,-0.503567],"extended":true,"handId":26,"id":261,"length":49.5445,"mcpPosition":[-133.281,178.578,-24.7718],"pipPosition":[-110.777,204.129,-37.0523],"stabilizedTipPosition":[-84.9703,204.066,-53.216],"timeVisible":0.936486,"tipPosition":[-86.2518,205.291,-52.7948],"tipVelocity":[5.84693,-44.9968,29.1449],"tool":false,"touchDistance":0.342377,"touchZone":"hovering","type":1,"width":16.1071},{"bases":[[[-0.467744,-0.155769,-0.87003],[-0.693299,0.675212,0.251842],[-0.548226,-0.720988,0.423821]],[[-0.450517,-0.133334,-0.882755],[-0.667595,0.706813,0.23395],[-0.592749,-0.694721,0.407445]],[[-0.450517,-0.133334,-0.882755],[-0.186017,0.981102,-0.0532545],[-0.873173,-0.140215,0.466806]],[[-0.450517,-0.133334,-0.882755],[0.356355,0.879742,-0.314746],[-0.818563,0.456373,0.348824]]],"btipPosition":[-87.6364,202.613,-72.7086],"carpPosition":[-178.703,134.714,-13.8546],"dipPosition":[-100.596,209.838,-67.186],"direction":[0.873173,0.140216,-0.466806],"extended":true,"handId":26,"id":262,"length":56.452,"mcpPosition":[-145.585,178.268,-39.4571],"pipPosition":[-121.515,206.479,-56.0026],"stabilizedTipPosition":[-90.8074,205.604,-72.2022],"timeVisible":0.936486,"tipPosition":[-92.4884,208.804,-72.0522],"tipVelocity":[12.5054,-43.2327,37.2815],"tool":false,"touchDistance":0.353812,"touchZone":"hovering","type":2,"width":15.8193},{"bases":[[[-0.489718,-0.310624,-0.814671],[-0.742069,0.63903,0.20242],[-0.457723,-0.703671,0.543449]],[[-0.485518,-0.304186,-0.819599],[-0.654819,0.747678,0.110411],[-0.57921,-0.590296,0.562198]],[[-0.485518,-0.304186,-0.819599],[-0.155391,0.952612,-0.261502],[-0.860306,-0.000394243,0.509778]],[[-0.485518,-0.304186,-0.819599],[0.431055,0.73233,-0.527147],[-0.760568,0.609232,0.224439]]],"btipPosition":[-105.126,184.908,-89.2361],"carpPosition":[-183.805,134.103,-23.1684],"dipPosition":[-117.098,194.497,-85.7032],"direction":[0.860306,0.000394243,-0.509778],"extended":true,"handId":26,"id":263,"length":54.2801,"mcpPosition":[-158.979,172.268,-52.6435],"pipPosition":[-137.177,194.488,-73.8057],"stabilizedTipPosition":[-107.962,188.157,-89.3729],"timeVisible":0.936486,"tipPosition":[-110.225,193.411,-89.7113],"tipVelocity":[6.00423,-21.1893,36.4387],"tool":false,"touchDistance":0.356755,"touchZone":"hovering","type":3,"width":15.053},{"bases":[[[-0.410015,-0.491267,-0.768469],[-0.846708,0.518243,0.120457],[-0.339077,-0.700058,0.628447]],[[-0.4263,-0.525325,-0.736411],[-0.690498,0.714883,-0.110246],[-0.584363,-0.461493,0.667491]],[[-0.4263,-0.525325,-0.736411],[-0.0495133,0.826421,-0.560871],[-0.903226,0.202637,0.378314]],[[-0.4263,-0.525325,-0.736411],[0.528299,0.51624,-0.67409],[-0.734281,0.67641,-0.0574555]]],"btipPosition":[-126.208,163.668,-90.403],"carpPosition":[-186.186,127.934,-33.567],"dipPosition":[-136.871,173.49,-91.2373],"direction":[0.903226,-0.202637,-0.378314],"extended":false,"handId":26,"id":264,"length":42.5546,"mcpPosition":[-169.162,163.082,-65.1192],"pipPosition":[-151.754,176.829,-85.0035],"stabilizedTipPosition":[-128.422,166.752,-91.4929],"timeVisible":0.936486,"tipPosition":[-128.673,168.016,-92.5042],"tipVelocity":[-4.03145,-1.75463,24.0902],"tool":false,"touchDistance":0.35189,"touchZone":"hovering","type":4,"width":13.3713},{"bases":[[[0.727389,0.648313,0.224935],[-0.271292,-0.0294038,0.962048],[0.630322,-0.760806,0.154494]],[[0.415799,0.897872,0.144695],[-0.513396,0.100406,0.852257],[0.75069,-0.428654,0.502713]],[[0.415799,0.897872,0.144695],[-0.65352,0.184335,0.73412],[0.632473,-0.399808,0.663424]],[[0.415799,0.897872,0.144695],[-0.778617,0.26923,0.566808],[0.469965,-0.348341,0.811044]]],"btipPosition":[-25.1484,244.543,204.64],"carpPosition":[34.7316,207.663,261.417],"dipPosition":[-15.882,237.675,220.632],"direction":[-0.632473,0.399808,-0.663424],"extended":false,"handId":27,"id":270,"length":43.9073,"mcpPosition":[34.7316,207.663,261.417],"pipPosition":[2.28584,226.19,239.689],"stabilizedTipPosition":[-22.0504,243.514,212.544],"timeVisible":0.008649,"tipPosition":[-21.2471,244.823,206.275],"tipVelocity":[-112.214,-63.9156,-490.525],"tool":false,"touchDistance":1,"touchZone":"none","type":0,"width":16.8625},{"bases":[[[0.696385,-0.125121,-0.706677],[0.583812,0.671445,0.456427],[0.417386,-0.730415,0.540631]],[[0.679062,-0.0956877,-0.727818],[0.0263672,0.994008,-0.106083],[0.733608,0.0528465,0.677515]],[[0.679062,-0.0956877,-0.727818],[-0.560819,0.572118,-0.598467],[0.473664,0.814571,0.33484]],[[0.679062,-0.0956877,-0.727818],[-0.707857,0.177286,-0.683746],[0.194458,0.979497,0.0526547]]],"btipPosition":[-15.192,233.842,187.787],"carpPosition":[54.2386,226.886,256.814],"dipPosition":[-12.1133,249.349,188.62],"direction":[-0.473664,-0.814571,-0.33484],"extended":false,"handId":27,"id":272,"length":56.452,"mcpPosition":[29.0248,271.01,224.155],"pipPosition":[-0.765626,268.864,196.642],"stabilizedTipPosition":[-12.8967,231.639,196.593],"timeVisible":0.008649,"tipPosition":[-11.3788,233.878,191.271],"tipVelocity":[-213.647,776.554,-1159.67],"tool":false,"touchDistance":1,"touchZone":"none","type":2,"width":15.8193},{"bases":[[[0.704212,-0.281502,-0.6518],[0.645082,0.637163,0.421773],[0.296573,-0.717481,0.63029]],[[0.694084,-0.257768,-0.672163],[0.0801189,0.955556,-0.283715],[0.715422,0.143069,0.683888]],[[0.694084,-0.257768,-0.672163],[-0.533952,0.441917,-0.720836],[0.482849,0.859224,0.169091]],[[0.694084,-0.257768,-0.672163],[-0.710144,-0.092008,-0.698019],[0.118083,0.961816,-0.246914]]],"btipPosition":[5.62557,224.94,189.318],"carpPosition":[61.7684,226.604,249.305],"dipPosition":[7.48431,240.08,185.431],"direction":[-0.482849,-0.859224,-0.169091],"extended":false,"handId":27,"id":273,"length":54.2801,"mcpPosition":[45.6832,265.518,215.12],"pipPosition":[18.7533,260.133,189.378],"stabilizedTipPosition":[5.39616,223.284,195.066],"timeVisible":0.008649,"tipPosition":[8.0978,225.936,191.639],"tipVelocity":[84.3006,659.395,-852.329],"tool":false,"touchDistance":1,"touchZone":"none","type":3,"width":15.053},{"bases":[[[0.617472,-0.464033,-0.635139],[0.77041,0.519715,0.369276],[0.158735,-0.717335,0.678405]],[[0.616716,-0.460639,-0.638337],[0.201349,0.876242,-0.437788],[0.761,0.141462,0.633141]],[[0.616716,-0.460639,-0.638337],[-0.542984,0.338186,-0.768635],[0.569939,0.820635,-0.0415549]],[[0.616716,-0.460639,-0.638337],[-0.736171,-0.0503212,-0.674923],[0.278774,0.88616,-0.370142]]],"btipPosition":[22.999,226.192,192.969],"carpPosition":[67.0782,220.783,239.831],"dipPosition":[27.0473,239.061,187.594],"direction":[-0.569939,-0.820635,0.0415549],"extended":false,"handId":27,"id":274,"length":42.5546,"mcpPosition":[59.1086,256.798,205.77],"pipPosition":[36.4387,252.583,186.909],"stabilizedTipPosition":[23.0148,225.213,196.617],"timeVisible":0.008649,"tipPosition":[25.7925,228.588,194.323],"tipVelocity":[112.139,482.635,-598.433],"tool":false,"touchDistance":1,"touchZone":"none","type":4,"width":13.3713},{"bases":[[[0.721284,0.0913616,-0.686588],[0.457138,0.681914,0.570979],[0.520359,-0.725704,0.450089]],[[0.706467,0.111598,-0.698892],[0.0434139,0.978797,0.200177],[0.706414,-0.17176,0.686643]],[[0.706467,0.111598,-0.698892],[-0.446714,0.836245,-0.318025],[0.548955,0.536879,0.640632]],[[0.706467,0.111598,-0.698892],[-0.621652,0.569875,-0.537392],[0.33831,0.814118,0.471973]]],"btipPosition":[-28.5412,254.341,190.08],"carpPosition":[46.223,224.548,263.443],"dipPosition":[-23.6714,266.059,196.874],"direction":[-0.548955,-0.536879,-0.640632],"extended":false,"handId":27,"id":271,"length":49.5445,"mcpPosition":[13.0759,270.775,234.772],"pipPosition":[-12.4929,276.992,209.919],"stabilizedTipPosition":[-30.8184,261.952,198.735],"timeVisible":0.008649,"tipPosition":[-29.4931,261.005,190.952],"tipVelocity":[462.196,-668.853,-964.94],"tool":false,"touchDistance":1,"touchZone":"none","type":1,"width":16.1071}],"r":[[-0.909496,0.122793,-0.397163],[-0.263943,0.567538,0.779894],[0.32117,0.814139,-0.483764]],"s":0.242047,"t":[-256.03,-363.916,257.339],"timestamp":554507935702},{"currentFrameRate":112.863,"devices":[],"gestures":[],"hands":[{"armBasis":[[-0.519704,-0.598827,-0.609356],[-0.813696,0.129546,0.566672],[0.260399,-0.790332,0.554588]],"armWidth":53.7048,"confidence":1,"direction":[0.435648,0.812837,-0.386662],"elbow":[-121.669,-78.9972,118.925],"grabAngle":1.4763,"grabStrength":0.381448,"id":26,"palmNormal":[0.690021,-0.577422,-0.436411],"palmPosition":[-154.025,158.175,-34.5027],"palmVelocity":[-8.75598,-5.36438,33.5433],"palmWidth":78.7839,"pinchDistance":66.2445,"pinchStrength":0,"r":[[0.959784,-0.25824,-0.110122],[0.222851,0.939378,-0.260589],[0.170741,0.225568,0.959149]],"s":1.48768,"sphereCenter":[-109.659,147.279,-64.7455],"sphereRadius":57.292,"stabilizedPalmPosition":[-153.26,159.636,-35.8829],"t":[31.3018,-15.9843,-167.346],"timeVisible":0.945139,"type":"left","wrist":[-182.546,105.767,-10.7264]},{"armBasis":[[0.645417,0.24214,-0.724435],[0.499782,0.58335,0.640251],[0.577629,-0.775288,0.255486]],"armWidth":53.7048,"confidence":0.0908958,"direction":[-0.319189,0.814912,-0.483773],"elbow":[201.446,25.1069,314.58],"grabAngle":2.23155,"grabStrength":0.585912,"id":27,"palmNormal":[-0.501744,-0.578375,-0.643222],"palmPosition":[35.7854,257.639,226.724],"palmVelocity":[-29.2655,780.946,-426.827],"palmWidth":78.7839,"pinchDistance":22.2358,"pinchStrength":0.953198,"r":[[0.99919,0.0277572,0.0291526],[-0.0266479,0.998931,-0.0377744],[-0.0301699,0.0369669,0.998861]],"s":0.971,"sphereCenter":[20.4187,242.261,183.661],"sphereRadius":41.7007,"stabilizedPalmPosition":[36.1849,249.298,230.7],"t":[-0.47475,9.21967,-4.17212],"timeVisible":0.017302,"type":"right","wrist":[66.4081,206.354,254.852]}],"id":18521,"interactionBox":{"center":[0,200,0],"size":[235.247,235.247,147.751]},"pointables":[{"bases":[[[-0.764749,0.644216,-0.0120312],[-0.0134361,0.00272393,0.999906],[-0.644188,-0.764839,-0.00657264]],[[-0.386877,0.922099,-0.0077106],[-0.109879,-0.0377957,0.993226],[-0.915561,-0.385104,-0.115942]],[[-0.386877,0.922099,-0.0077106],[0.216756,0.0990636,0.971186],[-0.896294,-0.374059,0.238196]],[[-0.386877,0.922099,-0.0077106],[0.602426,0.259068,0.754961],[-0.698147,-0.287432,0.655724]]],"btipPosition":[-82.2781,148.965,-17.7953],"carpPosition":[-161.361,115.908,-3.03525],"dipPosition":[-96.0436,143.298,-4.8663],"direction":[0.896294,0.374059,-0.238196],"extended":true,"handId":26,"id":260,"length":43.9073,"mcpPosition":[-161.361,115.908,-3.03525],"pipPosition":[-121.79,132.553,1.97591],"stabilizedTipPosition":[-84.8213,149.414,-16.4852],"timeVisible":0.945139,"tipPosition":[-86.2658,149.909,-13.337],"tipVelocity":[-14.5487,-14.8833,46.7333],"tool":false,"touchDistance":0.357562,"touchZone":"hovering","type":0,"width":16.8625},{"bases":[[[-0.496646,0.0608824,-0.865815],[-0.604284,0.691808,0.395274],[-0.623044,-0.71951,0.306794]],[[-0.513406,0.0412933,-0.857152],[-0.588388,0.710149,0.386636],[-0.624671,-0.702839,0.340298]],[[-0.513406,0.0412933,-0.857152],[-0.108375,0.987724,0.112497],[-0.851275,-0.15065,0.502628]],[[-0.513406,0.0412933,-0.857152],[0.386798,0.902758,-0.188189],[-0.76603,0.428162,0.479453]]],"btipPosition":[-82.3843,200.857,-53.8992],"carpPosition":[-173.044,132.68,-4.90261],"dipPosition":[-93.4109,207.02,-46.9978],"direction":[0.851275,0.15065,-0.502628],"extended":true,"handId":26,"id":261,"length":49.5445,"mcpPosition":[-133.356,178.513,-24.4455],"pipPosition":[-110.746,203.952,-36.7627],"stabilizedTipPosition":[-84.964,203.839,-53.1015],"timeVisible":0.945139,"tipPosition":[-86.2153,205.121,-52.3743],"tipVelocity":[5.96135,-32.874,38.4412],"tool":false,"touchDistance":0.346463,"touchZone":"hovering","type":1,"width":16.1071},{"bases":[[[-0.465914,-0.15572,-0.87102],[-0.693081,0.676177,0.249847],[-0.550057,-0.720094,0.422967]],[[-0.448632,-0.133314,-0.883718],[-0.665819,0.709458,0.230987],[-0.596166,-0.692024,0.407049]],[[-0.448632,-0.133314,-0.883718],[-0.183139,0.981542,-0.0550987],[-0.874751,-0.137124,0.464766]],[[-0.448632,-0.133314,-0.883718],[0.35999,0.878091,-0.31522],[-0.818008,0.459547,0.345948]]],"btipPosition":[-87.5099,202.32,-72.3001],"carpPosition":[-178.855,134.709,-13.6081],"dipPosition":[-100.461,209.596,-66.823],"direction":[0.874751,0.137124,-0.464766],"extended":true,"handId":26,"id":262,"length":56.452,"mcpPosition":[-145.626,178.209,-39.159],"pipPosition":[-121.417,206.31,-55.6885],"stabilizedTipPosition":[-90.7622,205.376,-72.0376],"timeVisible":0.945139,"tipPosition":[-92.3988,208.615,-71.6426],"tipVelocity":[14.8498,-32.5079,46.0037],"tool":false,"touchDistance":0.357735,"touchZone":"hovering","type":2,"width":15.8193},{"bases":[[[-0.488199,-0.310518,-0.815622],[-0.741779,0.640024,0.200334],[-0.459811,-0.702814,0.542795]],[[-0.483772,-0.303771,-0.820785],[-0.65381,0.748883,0.108197],[-0.581805,-0.58898,0.560897]],[[-0.483772,-0.303771,-0.820785],[-0.153939,0.952745,-0.261877],[-0.861549,0.000337481,0.507674]],[[-0.483772,-0.303771,-0.820785],[0.43156,0.733089,-0.525677],[-0.761394,0.608526,0.223553]]],"btipPosition":[-105.005,184.801,-88.8535],"carpPosition":[-183.936,134.099,-22.9334],"dipPosition":[-116.99,194.38,-85.3345],"direction":[0.861549,-0.000337481,-0.507674],"extended":true,"handId":26,"id":263,"length":54.2801,"mcpPosition":[-158.997,172.217,-52.3729],"pipPosition":[-137.097,194.388,-73.4862],"stabilizedTipPosition":[-107.945,188.057,-89.2581],"timeVisible":0.945139,"tipPosition":[-110.125,193.263,-89.3363],"tipVelocity":[13.7359,-12.5812,43.8443],"tool":false,"touchDistance":0.360104,"touchZone":"hovering","type":3,"width":15.053},{"bases":[[[-0.408817,-0.491227,-0.769132],[-0.846371,0.519313,0.118198],[-0.341358,-0.699292,0.628064]],[[-0.425177,-0.525164,-0.737176],[-0.690218,0.714995,-0.111269],[-0.585512,-0.461503,0.666477]],[[-0.425177,-0.525164,-0.737176],[-0.0513872,0.827152,-0.559624],[-0.90365,0.200058,0.378672]],[[-0.425177,-0.525164,-0.737176],[0.524936,0.520413,-0.673507],[-0.737337,0.67333,-0.05441]]],"btipPosition":[-126.122,163.709,-90.1706],"carpPosition":[-186.3,127.927,-33.3338],"dipPosition":[-136.829,173.487,-90.9607],"direction":[0.90365,-0.200058,-0.378672],"extended":false,"handId":26,"id":264,"length":42.5546,"mcpPosition":[-169.162,163.036,-64.8668],"pipPosition":[-151.72,176.784,-84.7209],"stabilizedTipPosition":[-128.431,166.707,-91.4286],"timeVisible":0.945139,"tipPosition":[-128.603,167.884,-92.1403],"tipVelocity":[8.73357,3.60563,28.0338],"tool":false,"touchDistance":0.353673,"touchZone":"hovering","type":4,"width":13.3713},{"bases":[[[0.710006,0.661272,0.242097],[-0.298077,-0.0292577,0.954093],[0.637998,-0.749576,0.176337]],[[0.398869,0.904265,0.152344],[-0.510145,0.0807628,0.856288],[0.762007,-0.419265,0.49352]],[[0.398869,0.904265,0.152344],[-0.665784,0.17133,0.726208],[0.630583,-0.39109,0.670383]],[[0.398869,0.904265,0.152344],[-0.796979,0.259671,0.54534],[0.453572,-0.338934,0.824255]]],"btipPosition":[-25.6904,250.592,201.061],"carpPosition":[34.3013,214.554,257.9],"dipPosition":[-16.7472,243.909,217.313],"direction":[-0.630583,0.39109,-0.670383],"extended":false,"handId":27,"id":270,"length":43.9073,"mcpPosition":[34.3013,214.554,257.9],"pipPosition":[1.36635,232.675,236.57],"stabilizedTipPosition":[-22.2191,244.104,211.719],"timeVisible":0.017302,"tipPosition":[-21.0534,250.338,201.474],"tipVelocity":[-71.2277,704.011,-406.718],"tool":false,"touchDistance":1,"touchZone":"none","type":0,"width":16.8625},{"bases":[[[0.718187,-0.117022,-0.68594],[0.559533,0.683145,0.469292],[0.413679,-0.720846,0.556103]],[[0.703537,-0.0921652,-0.704657],[0.040211,0.995129,-0.0900101],[0.70952,0.0349905,0.703816]],[[0.703537,-0.0921652,-0.704657],[-0.517701,0.612814,-0.59703],[0.486849,0.784834,0.383423]],[[0.703537,-0.0921652,-0.704657],[-0.664476,0.266305,-0.698251],[0.252008,0.959472,0.126114]]],"btipPosition":[-15.8404,242.205,180.396],"carpPosition":[53.6151,234.074,253.753],"dipPosition":[-11.8506,257.396,182.393],"direction":[-0.486849,-0.784834,-0.383423],"extended":false,"handId":27,"id":272,"length":56.452,"mcpPosition":[28.6253,277.619,220.159],"pipPosition":[-0.18704,276.198,191.578],"stabilizedTipPosition":[-13.4091,235.195,192.613],"timeVisible":0.017302,"tipPosition":[-11.1304,240.843,185.269],"tipVelocity":[-50.7191,958.129,-823.213],"tool":false,"touchDistance":1,"touchZone":"none","type":2,"width":15.8193},{"bases":[[[0.726998,-0.272988,-0.630041],[0.622316,0.649712,0.436574],[0.290166,-0.709473,0.642224]],[[0.717553,-0.250633,-0.649846],[0.0840097,0.957345,-0.276466],[0.691419,0.143786,0.708001]],[[0.717553,-0.250633,-0.649846],[-0.49315,0.47605,-0.728134],[0.491854,0.842947,0.217992]],[[0.717553,-0.250633,-0.649846],[-0.672429,-0.006097,-0.740137],[0.181541,0.968063,-0.172908]]],"btipPosition":[5.25856,232.035,182.614],"carpPosition":[61.3594,233.88,246.463],"dipPosition":[8.11619,247.274,179.892],"direction":[-0.491854,-0.842947,-0.217992],"extended":false,"handId":27,"id":273,"length":54.2801,"mcpPosition":[45.6217,272.359,211.631],"pipPosition":[19.5953,266.947,184.98],"stabilizedTipPosition":[5.51749,226.145,192.012],"timeVisible":0.017302,"tipPosition":[8.84844,232.58,186.495],"tipVelocity":[-15.8637,822.612,-743.77],"tool":false,"touchDistance":1,"touchZone":"none","type":3,"width":15.053},{"bases":[[[0.64281,-0.45684,-0.614892],[0.75099,0.534093,0.388277],[0.151029,-0.711366,0.686403]],[[0.642701,-0.456327,-0.615387],[0.199087,0.875139,-0.441017],[0.739797,0.160927,0.653301]],[[0.642701,-0.456327,-0.615387],[-0.5287,0.317142,-0.787336],[0.554447,0.831376,-0.0374328]],[[0.642701,-0.456327,-0.615387],[-0.716911,-0.0749973,-0.693119],[0.270136,0.886646,-0.375347]]],"btipPosition":[24.3513,232.447,189.317],"carpPosition":[67.0313,228.101,237.173],"dipPosition":[28.2742,245.323,183.867],"direction":[-0.554447,-0.831376,0.0374328],"extended":false,"handId":27,"id":274,"length":42.5546,"mcpPosition":[59.4487,263.816,202.712],"pipPosition":[37.4104,259.022,183.25],"stabilizedTipPosition":[23.4309,227.108,195.028],"timeVisible":0.017302,"tipPosition":[26.9053,235.014,190.425],"tipVelocity":[152.951,723.004,-424.017],"tool":false,"touchDistance":1,"touchZone":"none","type":4,"width":13.3713},{"bases":[[[0.738966,0.0999353,-0.66629],[0.429493,0.692076,0.580143],[0.5191,-0.714873,0.4685]],[[0.740579,0.0977085,-0.664827],[0.0134577,0.987017,0.160051],[0.671834,-0.127478,0.729649]],[[0.740579,0.0977085,-0.664827],[-0.448876,0.808185,-0.381244],[0.500053,0.580766,0.642384]],[[0.740579,0.0977085,-0.664827],[-0.605909,0.524882,-0.597807],[0.290545,0.845548,0.447919]]],"btipPosition":[-26.2958,257.789,184.382],"carpPosition":[45.4531,231.635,260.164],"dipPosition":[-22.1136,269.96,190.829],"direction":[-0.500053,-0.580766,-0.642384],"extended":false,"handId":27,"id":271,"length":49.5445,"mcpPosition":[12.3862,277.173,230.32],"pipPosition":[-11.9309,281.787,203.91],"stabilizedTipPosition":[-29.9053,261.725,196.592],"timeVisible":0.017302,"tipPosition":[-28.2886,265.693,185.429],"tipVelocity":[241.208,410.553,-667.724],"tool":false,"touchDistance":1,"touchZone":"none","type":1,"width":16.1071}],"r":[[-0.910917,0.118393,-0.395239],[-0.262691,0.572271,0.776852],[0.318157,0.811473,-0.490191]],"s":0.227663,"t":[-255.985,-363.083,256.031],"timestamp":554507944355},{"currentFrameRate":112.954,"devices":[],"gestures":[],"hands":[{"armBasis":[[-0.517221,-0.60026,-0.610058],[-0.814255,0.125606,0.566756],[0.263573,-0.789881,0.553731]],"armWidth":53.7048,"confidence":1,"direction":[0.43778,0.811755,-0.386526],"elbow":[-121.088,-78.8858,119.026],"grabAngle":1.47549,"grabStrength":0.380858,"id":26,"palmNormal":[0.689107,-0.579079,-0.435658],"palmPosition":[-154.101,158.118,-34.1894],"palmVelocity":[-8.73045,-6.50458,36.0216],"palmWidth":78.7839,"pinchDistance":66.176,"pinchStrength":0,"r":[[0.959644,-0.259162,-0.109168],[0.223926,0.939049,-0.260852],[0.170117,0.22588,0.959186]],"s":1.48615,"sphereCenter":[-109.685,146.91,-64.55],"sphereRadius":57.4094,"stabilizedPalmPosition":[-153.279,159.602,-35.8445],"t":[31.2206,-16.0521,-167.057],"timeVisible":0.953835,"type":"left","wrist":[-182.706,105.773,-10.4257]},{"armBasis":[[0.708398,0.24991,-0.660089],[0.512207,0.46142,0.724386],[0.485609,-0.851256,0.198863]],"armWidth":53.7048,"confidence":0.136108,"direction":[-0.314729,0.808212,-0.497733],"elbow":[178.976,13.4137,297.853],"grabAngle":2.23442,"grabStrength":0.616063,"id":27,"palmNormal":[-0.470607,-0.58826,-0.657632],"palmPosition":[35.9343,263.946,222.749],"palmVelocity":[17.1173,725.254,-457.187],"palmWidth":78.7839,"pinchDistance":24.0381,"pinchStrength":0.902477,"r":[[0.997918,0.0424675,0.0485363],[-0.0398887,0.997802,-0.0529184],[-0.050677,0.0508722,0.997419]],"s":0.971385,"sphereCenter":[21.7466,248.132,179.007],"sphereRadius":42.24,"stabilizedPalmPosition":[36.0968,254.447,227.905],"t":[-0.521654,15.0359,-7.47087],"timeVisible":0.025998,"type":"right","wrist":[65.45,212.42,251.362]}],"id":18522,"interactionBox":{"center":[0,200,0],"size":[235.247,235.247,147.751]},"pointables":[{"bases":[[[-0.763307,0.645908,-0.0128664],[-0.0142784,0.00304407,0.999893],[-0.645879,-0.763409,-0.006899]],[[-0.384461,0.923104,-0.00830038],[-0.110278,-0.0369988,0.993212],[-0.91653,-0.382767,-0.116023]],[[-0.384461,0.923104,-0.00830038],[0.216166,0.0987646,0.971348],[-0.897475,-0.371652,0.237515]],[[-0.384461,0.923104,-0.00830038],[0.602097,0.257561,0.755739],[-0.699764,-0.285555,0.65482]]],"btipPosition":[-82.3669,148.727,-17.4352],"carpPosition":[-161.558,115.877,-2.71606],"dipPosition":[-96.1643,143.097,-4.52403],"direction":[0.897475,0.371652,-0.237515],"extended":true,"handId":26,"id":260,"length":43.9073,"mcpPosition":[-161.558,115.877,-2.71606],"pipPosition":[-121.944,132.421,2.2986],"stabilizedTipPosition":[-84.8423,149.356,-16.4263],"timeVisible":0.953835,"tipPosition":[-86.3761,149.703,-12.9676],"tipVelocity":[-11.0483,-26.4109,40.9372],"tool":false,"touchDistance":0.360479,"touchZone":"hovering","type":0,"width":16.8625},{"bases":[[[-0.495775,0.0617334,-0.866254],[-0.603082,0.693263,0.394561],[-0.6249,-0.718036,0.306472]],[[-0.513075,0.0416074,-0.857335],[-0.585315,0.713614,0.384917],[-0.627822,-0.699302,0.341784]],[[-0.513075,0.0416074,-0.857335],[-0.104339,0.988394,0.11041],[-0.851979,-0.146101,0.502779]],[[-0.513075,0.0416074,-0.857335],[0.3906,0.900731,-0.190042],[-0.76432,0.432381,0.478394]]],"btipPosition":[-82.32,200.476,-53.6159],"carpPosition":[-173.201,132.674,-4.59817],"dipPosition":[-93.3219,206.7,-46.7297],"direction":[0.851979,0.146101,-0.502779],"extended":true,"handId":26,"id":261,"length":49.5445,"mcpPosition":[-133.395,178.413,-24.1206],"pipPosition":[-110.671,203.725,-36.4915],"stabilizedTipPosition":[-84.9511,203.621,-52.9805],"timeVisible":0.953835,"tipPosition":[-86.1568,204.874,-52.0172],"tipVelocity":[8.05401,-42.201,32.1758],"tool":false,"touchDistance":0.349347,"touchZone":"hovering","type":1,"width":16.1071},{"bases":[[[-0.465519,-0.154938,-0.87137],[-0.691789,0.677787,0.249063],[-0.552014,-0.718748,0.422708]],[[-0.448106,-0.132484,-0.884109],[-0.66285,0.712828,0.229144],[-0.59986,-0.688712,0.407239]],[[-0.448106,-0.132484,-0.884109],[-0.178338,0.982328,-0.056812],[-0.876012,-0.132213,0.463813]],[[-0.448106,-0.132484,-0.884109],[0.365487,0.875384,-0.316421],[-0.815856,0.464921,0.343843]]],"btipPosition":[-87.3913,201.906,-71.9371],"carpPosition":[-179,134.713,-13.3091],"dipPosition":[-100.308,209.267,-66.4933],"direction":[0.876012,0.132213,-0.463813],"extended":true,"handId":26,"id":262,"length":56.452,"mcpPosition":[-145.654,178.132,-38.8444],"pipPosition":[-121.295,206.099,-55.3816],"stabilizedTipPosition":[-90.7124,205.155,-71.8693],"timeVisible":0.953835,"tipPosition":[-92.3057,208.348,-71.2837],"tipVelocity":[14.5404,-45.339,40.8639],"tool":false,"touchDistance":0.360626,"touchZone":"hovering","type":2,"width":15.8193},{"bases":[[[-0.488195,-0.30967,-0.815947],[-0.740525,0.641727,0.199519],[-0.461831,-0.701634,0.542607]],[[-0.483458,-0.302495,-0.821441],[-0.651625,0.750961,0.106972],[-0.584511,-0.586988,0.560171]],[[-0.483458,-0.302495,-0.821441],[-0.150626,0.953146,-0.262345],[-0.862311,0.00310218,0.506369]],[[-0.483458,-0.302495,-0.821441],[0.432833,0.733048,-0.524687],[-0.760871,0.609211,0.223468]]],"btipPosition":[-104.923,184.6,-88.4894],"carpPosition":[-184.075,134.112,-22.6386],"dipPosition":[-116.9,194.19,-84.9718],"direction":[0.862311,-0.00310218,-0.506369],"extended":true,"handId":26,"id":263,"length":54.2801,"mcpPosition":[-159.027,172.167,-52.068],"pipPosition":[-137.025,194.262,-73.1539],"stabilizedTipPosition":[-107.927,187.973,-89.1514],"timeVisible":0.953835,"tipPosition":[-110.067,193.069,-88.9907],"tipVelocity":[9.63099,-22.8363,41.8314],"tool":false,"touchDistance":0.362883,"touchZone":"hovering","type":3,"width":15.053},{"bases":[[[-0.409254,-0.490542,-0.769337],[-0.845316,0.521225,0.11733],[-0.343442,-0.698351,0.627976]],[[-0.425638,-0.52427,-0.737546],[-0.689229,0.715964,-0.111174],[-0.586341,-0.461017,0.666083]],[[-0.425638,-0.52427,-0.737546],[-0.052937,0.828094,-0.558084],[-0.903344,0.198498,0.380222]],[[-0.425638,-0.52427,-0.737546],[0.520565,0.524823,-0.673478],[-0.740165,0.670598,-0.0495318]]],"btipPosition":[-126.1,163.728,-89.9562],"carpPosition":[-186.444,127.942,-33.0393],"dipPosition":[-136.849,173.467,-90.6755],"direction":[0.903344,-0.198498,-0.380222],"extended":false,"handId":26,"id":264,"length":42.5546,"mcpPosition":[-169.201,163.004,-64.5678],"pipPosition":[-151.734,176.737,-84.4102],"stabilizedTipPosition":[-128.437,166.679,-91.3779],"timeVisible":0.953835,"tipPosition":[-128.608,167.734,-91.7889],"tipVelocity":[1.37609,1.14937,26.5248],"tool":false,"touchDistance":0.355099,"touchZone":"hovering","type":4,"width":13.3713},{"bases":[[[0.691207,0.672894,0.263527],[-0.330104,-0.0303997,0.943455],[0.64