{"frames":110,"data":[{"currentFrameRate":112.457,"devices":[],"gestures":[{"direction":[0.130046,0.308118,-0.942418],"duration":164790,"handIds":[25],"id":1,"pointableIds":[252],"position":[39.6468,389.688,-7.91116],"speed":391.78,"startPosition":[19.845,288.968,174.914],"state":"update","type":"swipe"}],"hands":[{"armBasis":[[-0.642944,-0.42087,-0.639915],[-0.765641,0.375432,0.522345],[-0.0204055,-0.825784,0.563617]],"armWidth":55.2245,"confidence":1,"direction":[0.492271,0.806881,-0.326515],"elbow":[-187.23,-75.4564,141.909],"grabAngle":1.14608,"grabStrength":0.177115,"id":24,"palmNormal":[0.66547,-0.590668,-0.456357],"palmPosition":[-148.087,170.103,-10.7454],"palmVelocity":[-6.75418,-2.92186,4.02374],"palmWidth":79.1576,"pinchDistance":69.4555,"pinchStrength":0,"r":[[0.940292,-0.340025,0.0152738],[0.335478,0.918272,-0.210313],[0.0574861,0.20288,0.977515]],"s":1.60691,"sphereCenter":[-111.179,176.329,-30.9467],"sphereRadius":51.9223,"stabilizedPalmPosition":[-151.697,169.573,-19.1803],"t":[62.5634,-26.4,-162.714],"timeVisible":1.33528,"type":"left","wrist":[-182.436,118.55,9.49515]},{"armBasis":[[0.87139,0.187625,-0.453294],[0.142618,0.787191,0.599992],[0.469403,-0.587475,0.659192]],"armWidth":55.2245,"confidence":0.96137,"direction":[-0.120765,0.50391,-0.855272],"elbow":[187.238,187.262,278.686],"grabAngle":0.547441,"grabStrength":0,"id":25,"palmNormal":[-0.127617,-0.86231,-0.490037],"palmPosition":[58.6092,356.526,68.3671],"palmVelocity":[-21.4742,-45.1622,-294.332],"palmWidth":79.1576,"pinchDistance":57.1731,"pinchStrength":0,"r":[[0.891322,0.336676,0.303636],[-0.200091,0.893098,-0.402914],[-0.406828,0.298371,0.863403]],"s":1.57607,"sphereCenter":[75.4732,269.733,-1.48557],"sphereRadius":115.055,"stabilizedPalmPosition":[61.0648,313.165,197.929],"t":[-15.3996,110.386,-184.31],"timeVisible":0.372755,"type":"right","wrist":[76.9585,325.281,123.818]}],"id":18142,"interactionBox":{"center":[0,200,0],"size":[235.247,235.247,147.751]},"pointables":[{"bases":[[[-0.724937,0.688721,0.0113904],[-0.038163,-0.0566694,0.997663],[-0.687758,-0.722808,-0.0673654]],[[-0.334344,0.941572,0.0406939],[-0.145327,-0.0941704,0.984892],[-0.931179,-0.323379,-0.168321]],[[-0.334344,0.941572,0.0406939],[0.217018,0.0348993,0.975543],[-0.917124,-0.334999,0.216007]],[[-0.334344,0.941572,0.0406939],[0.68198,0.211912,0.699998],[-0.650475,-0.261793,0.712985]]],"btipPosition":[-79.4004,155.047,5.2318],"carpPosition":[-158.735,126.323,18.038],"dipPosition":[-92.1337,149.922,19.1888],"direction":[0.917124,0.334999,-0.216007],"extended":true,"handId":24,"id":240,"length":43.5917,"mcpPosition":[-158.735,126.323,18.038],"pipPosition":[-118.289,140.369,25.349],"stabilizedTipPosition":[-85.5541,152.35,0.866864],"timeVisible":1.33528,"tipPosition":[-81.7851,153.701,12.0834],"tipVelocity":[-10.2635,-1.27959,-4.10759],"tool":false,"touchDistance":0.345036,"touchZone":"hovering","type":0,"width":17.5194},{"bases":[[[-0.470469,0.142737,-0.870795],[-0.572146,0.701943,0.424176],[-0.671795,-0.697783,0.248576]],[[-0.469766,0.143467,-0.871055],[-0.673454,0.579717,0.458681],[-0.570771,-0.802088,0.175712]],[[-0.469766,0.143467,-0.871055],[-0.312199,0.895944,0.315938],[-0.825743,-0.420359,0.376093]],[[-0.469766,0.143467,-0.871055],[0.236818,0.97102,0.0322148],[-0.850434,0.191148,0.490128]]],"btipPosition":[-77.0479,223.195,-19.8814],"carpPosition":[-169.403,143.946,16.9502],"dipPosition":[-89.2013,225.927,-12.877],"direction":[0.825743,0.420359,-0.376093],"extended":true,"handId":24,"id":241,"length":49.1884,"mcpPosition":[-126.406,188.606,1.04068],"pipPosition":[-105.895,217.429,-5.27356],"stabilizedTipPosition":[-83.6423,221.576,-25.3434],"timeVisible":1.33528,"tipPosition":[-80.8708,224.03,-17.2864],"tipVelocity":[-8.78353,-11.0891,-0.106969],"tool":false,"touchDistance":0.351238,"touchZone":"hovering","type":1,"width":16.7345},{"bases":[[[-0.452429,-0.0746179,-0.888673],[-0.658057,0.700479,0.276205],[-0.601887,-0.709761,0.36602]],[[-0.434677,-0.0538797,-0.898973],[-0.732503,0.601868,0.318112],[-0.523923,-0.796776,0.301085]],[[-0.434677,-0.0538797,-0.898973],[-0.371963,0.91983,0.124724],[-0.820182,-0.388599,0.419871]],[[-0.434677,-0.0538797,-0.898973],[0.212903,0.963766,-0.160707],[-0.875059,0.26125,0.407456]]],"btipPosition":[-83.9767,227.194,-42.5252],"carpPosition":[-174.893,146.856,8.22026],"dipPosition":[-97.731,231.301,-36.1207],"direction":[0.820182,0.388599,-0.419871],"extended":true,"handId":24,"id":242,"length":56.0462,"mcpPosition":[-138.362,189.935,-13.9954],"pipPosition":[-117.239,222.058,-26.1341],"stabilizedTipPosition":[-90.9306,226.802,-46.5657],"timeVisible":1.33528,"tipPosition":[-88.3032,228.609,-40.872],"tipVelocity":[-9.63912,-16.7519,-1.44818],"tool":false,"touchDistance":0.346995,"touchZone":"hovering","type":2,"width":16.4355},{"bases":[[[-0.485168,-0.230843,-0.8434],[-0.707551,0.670375,0.223535],[-0.513793,-0.705201,0.488578]],[[-0.481433,-0.225728,-0.846918],[-0.743989,0.616072,0.258721],[-0.463361,-0.754654,0.464536]],[[-0.481433,-0.225728,-0.846918],[-0.409295,0.912342,-0.0105006],[-0.775049,-0.341584,0.53162]],[[-0.481433,-0.225728,-0.846918],[0.156735,0.928522,-0.336574],[-0.862355,0.294779,0.411641]]],"btipPosition":[-103.043,217.056,-64.0147],"carpPosition":[-179.794,147.117,-1.27855],"dipPosition":[-116.52,221.663,-57.5817],"direction":[0.775049,0.341584,-0.53162],"extended":true,"handId":24,"id":243,"length":53.89,"mcpPosition":[-151.795,185.546,-27.9032],"pipPosition":[-134.478,213.748,-45.2636],"stabilizedTipPosition":[-109.881,216.884,-67.136],"timeVisible":1.33528,"tipPosition":[-107.358,218.603,-62.0622],"tipVelocity":[-11.1053,-17.5794,1.33574],"tool":false,"touchDistance":0.34737,"touchZone":"hovering","type":3,"width":15.6395},{"bases":[[[-0.417751,-0.418482,-0.806447],[-0.816993,0.561356,0.131915],[-0.3975,-0.713969,0.576404]],[[-0.453182,-0.483583,-0.748848],[-0.787316,0.611095,0.0818349],[-0.418043,-0.626666,0.65767]],[[-0.453182,-0.483583,-0.748848],[-0.364326,0.867176,-0.339516],[-0.813568,-0.118963,0.569171]],[[-0.453182,-0.483583,-0.748848],[0.238699,0.743555,-0.624619],[-0.858865,0.461816,0.221535]]],"btipPosition":[-124.163,191.546,-73.1741],"carpPosition":[-182.271,141.708,-12.1413],"dipPosition":[-136.546,198.204,-69.9801],"direction":[0.813568,0.118963,-0.569171],"extended":true,"handId":24,"id":244,"length":42.2487,"mcpPosition":[-162.219,177.724,-41.2178],"pipPosition":[-149.856,196.258,-60.6688],"stabilizedTipPosition":[-130.307,192.299,-76.6527],"timeVisible":1.33528,"tipPosition":[-127.139,192.548,-71.778],"tipVelocity":[-17.4258,-6.75068,4.61601],"tool":false,"touchDistance":0.348976,"touchZone":"hovering","type":4,"width":13.8922},{"bases":[[[0.486717,0.849495,0.203629],[-0.688072,0.229193,0.688496],[0.538204,-0.475214,0.696066]],[[0.291697,0.956136,-0.02677],[-0.75891,0.248381,0.601966],[0.58221,-0.155275,0.798073]],[[0.291697,0.956136,-0.02677],[-0.831806,0.267385,0.48642],[0.472242,-0.11962,0.873315]],[[0.291697,0.956136,-0.02677],[-0.846768,0.271145,0.457672],[0.444855,-0.110833,0.888718]]],"btipPosition":[-1.43106,339.72,34.4316],"carpPosition":[46.0332,327.394,111.399],"dipPosition":[7.2772,337.55,51.8286],"direction":[-0.472242,0.11962,-0.873315],"extended":true,"handId":25,"id":250,"length":43.5917,"mcpPosition":[46.0332,327.394,111.399],"pipPosition":[20.7449,334.139,76.7344],"stabilizedTipPosition":[2.59304,301.458,175.937],"timeVisible":0.372755,"tipPosition":[7.08598,336.738,36.2034],"tipVelocity":[-18.0697,-78.6146,-306.454],"tool":false,"touchDistance":-0.459354,"touchZone":"hovering","type":0,"width":17.5194},{"bases":[[[0.950192,0.0353487,-0.309655],[0.0840259,0.927703,0.36374],[0.300125,-0.371642,0.878525]],[[0.960267,0.0221055,-0.278206],[0.0797928,0.933499,0.34959],[0.267433,-0.357898,0.894644]],[[0.960267,0.0221055,-0.278206],[-0.00372616,0.997785,0.06642],[0.279058,-0.0627443,0.958222]],[[0.960267,0.0221055,-0.278206],[-0.061923,0.988887,-0.135162],[0.272126,0.147019,0.950964]]],"btipPosition":[15.6354,382.226,-10.76],"carpPosition":[53.985,346.412,110.579],"dipPosition":[19.5243,384.327,2.83019],"direction":[-0.279058,0.0627443,-0.958222],"extended":true,"handId":25,"id":251,"length":49.1884,"mcpPosition":[34.7762,370.198,54.3515],"pipPosition":[25.166,383.059,22.2024],"stabilizedTipPosition":[7.99259,337.342,127.189],"timeVisible":0.372755,"tipPosition":[19.3045,372.948,-5.69553],"tipVelocity":[5.76144,-125.206,-329.01],"tool":false,"touchDistance":-0.727848,"touchZone":"hovering","type":1,"width":16.7345},{"bases":[[[0.953664,-0.173859,-0.245557],[0.250026,0.911939,0.325353],[0.167368,-0.371673,0.913152]],[[0.95871,-0.186144,-0.215001],[0.250919,0.909495,0.33145],[0.133845,-0.371712,0.918649]],[[0.95871,-0.186144,-0.215001],[0.203654,0.977066,0.0621877],[0.198494,-0.103406,0.974632]],[[0.95871,-0.186144,-0.215001],[0.157187,0.976887,-0.144856],[0.236996,0.10508,0.965811]]],"btipPosition":[40.0276,386.703,-23.4371],"carpPosition":[64.0285,348.351,107.386],"dipPosition":[43.7527,388.355,-8.25626],"direction":[-0.198494,0.103406,-0.974632],"extended":true,"handId":25,"id":252,"length":56.0462,"mcpPosition":[53.8701,370.91,51.9619],"pipPosition":[48.4739,385.896,14.9254],"stabilizedTipPosition":[26.6278,345.732,96.9069],"timeVisible":0.372755,"tipPosition":[40.4048,376.511,-17.4431],"tipVelocity":[18.8955,-115.55,-319.758],"tool":false,"touchDistance":-0.760002,"touchZone":"hovering","type":2,"width":16.4355},{"bases":[[[0.946319,-0.294906,-0.132326],[0.32273,0.884874,0.335921],[0.0180265,-0.360594,0.932549]],[[0.946322,-0.294958,-0.132191],[0.322758,0.884295,0.337415],[0.0173729,-0.361969,0.932028]],[[0.946322,-0.294958,-0.132191],[0.303435,0.951596,0.0489181],[0.111364,-0.0864038,0.990016]],[[0.946322,-0.294958,-0.132191],[0.273365,0.948576,-0.159606],[0.172471,0.114902,0.97829]]],"btipPosition":[67.3438,380.864,-19.4998],"carpPosition":[74.2511,347.481,104.378],"dipPosition":[70.0391,382.66,-4.21125],"direction":[-0.111364,0.0864038,-0.990016],"extended":true,"handId":25,"id":253,"length":53.89,"mcpPosition":[73.2687,367.131,53.5594],"pipPosition":[72.6195,380.658,18.7282],"stabilizedTipPosition":[50.8481,337.033,94.249],"timeVisible":0.372755,"tipPosition":[64.5645,368.78,-12.9549],"tipVelocity":[23.6262,-84.8617,-298.807],"tool":false,"touchDistance":-0.732769,"touchZone":"hovering","type":3,"width":15.6395},{"bases":[[[0.875626,-0.476785,-0.0771766],[0.466305,0.792876,0.39231],[-0.125856,-0.379504,0.91659]],[[0.866981,-0.497736,-0.0245578],[0.480361,0.821566,0.307057],[-0.132657,-0.278009,0.951374]],[[0.866981,-0.497736,-0.0245578],[0.496729,0.867086,-0.037705],[0.0400609,0.020491,0.998987]],[[0.866981,-0.497736,-0.0245578],[0.475535,0.841036,-0.257924],[0.149032,0.211937,0.965853]]],"btipPosition":[91.3161,364.305,-3.45147],"carpPosition":[83.8479,340.33,101.191],"dipPosition":[93.4647,367.361,10.4736],"direction":[-0.0400609,-0.020491,-0.998987],"extended":true,"handId":25,"id":254,"length":42.2487,"mcpPosition":[90.1967,359.474,54.954],"pipPosition":[94.1201,367.696,26.8166],"stabilizedTipPosition":[68.1859,308.045,135.182],"timeVisible":0.372755,"tipPosition":[84.7602,354.156,4.7064],"tipVelocity":[49.6128,-39.4233,-276.262],"tool":false,"touchDistance":-0.669553,"touchZone":"hovering","type":4,"width":13.8922}],"r":[[-0.172782,-0.118827,-0.977766],[-0.971797,0.182318,0.14957],[0.160492,0.976033,-0.146976]],"s":0.350429,"t":[-233.365,-195.505,198.846],"timestamp":554504605557},{"currentFrameRate":112.517,"devices":[],"gestures":[{"direction":[0.130046,0.308118,-0.942418],"duration":164790,"handIds":[25],"id":1,"pointableIds":[252],"position":[39.6468,389.688,-7.91116],"speed":391.78,"startPosition":[19.845,288.968,174.914],"state":"update","type":"swipe"}],"hands":[{"armBasis":[[-0.644344,-0.419671,-0.639294],[-0.764429,0.377128,0.522898],[-0.0216507,-0.825621,0.563809]],"armWidth":55.2151,"confidence":1,"direction":[0.491737,0.807012,-0.326995],"elbow":[-187.536,-75.4498,142.015],"grabAngle":1.14995,"grabStrength":0.179489,"id":24,"palmNormal":[0.665021,-0.590489,-0.457242],"palmPosition":[-148.123,170.024,-10.6885],"palmVelocity":[-4.08765,-8.98969,6.47844],"palmWidth":79.1395,"pinchDistance":69.2895,"pinchStrength":0,"r":[[0.940306,-0.340007,0.0147916],[0.335357,0.918293,-0.210413],[0.0579589,0.202813,0.977501]],"s":1.60617,"sphereCenter":[-111.265,176.289,-30.8873],"sphereRadius":51.8828,"stabilizedPalmPosition":[-151.69,169.574,-19.1638],"t":[62.5193,-26.4509,-162.661],"timeVisible":1.34407,"type":"left","wrist":[-182.451,118.479,9.58273]},{"armBasis":[[0.871387,0.18177,-0.45568],[0.145012,0.791895,0.593189],[0.468675,-0.582976,0.663688]],"armWidth":55.2151,"confidence":0.964724,"direction":[-0.117371,0.495657,-0.860551],"elbow":[186.564,188.512,277.802],"grabAngle":0.548966,"grabStrength":0,"id":25,"palmNormal":[-0.130362,-0.866732,-0.481437],"palmPosition":[58.3184,356.2,66.141],"palmVelocity":[-33.0996,-37.1513,-253.454],"palmWidth":79.1395,"pinchDistance":57.1164,"pinchStrength":0,"r":[[0.89015,0.338215,0.305359],[-0.197305,0.890141,-0.410756],[-0.410737,0.305385,0.85909]],"s":1.57808,"sphereCenter":[74.9277,268.962,-2.71544],"sphereRadius":114.771,"stabilizedPalmPosition":[61.0648,313.165,197.929],"t":[-15.6059,110.166,-186.742],"timeVisible":0.381538,"type":"right","wrist":[76.4778,325.447,121.909]}],"id":18143,"interactionBox":{"center":[0,200,0],"size":[235.247,235.247,147.751]},"pointables":[{"bases":[[[-0.725041,0.688595,0.0123609],[-0.0369505,-0.0568159,0.997701],[-0.687714,-0.722917,-0.0666378]],[[-0.334747,0.941406,0.0412125],[-0.144495,-0.0945002,0.984983],[-0.931163,-0.323765,-0.167663]],[[-0.334747,0.941406,0.0412125],[0.218224,0.0349014,0.975274],[-0.916691,-0.335464,0.217121]],[[-0.334747,0.941406,0.0412125],[0.683825,0.2126,0.697986],[-0.648327,-0.261831,0.714924]]],"btipPosition":[-79.4629,154.996,5.19375],"carpPosition":[-158.726,126.247,18.0957],"dipPosition":[-92.1517,149.872,19.1859],"direction":[0.916691,0.335464,-0.217121],"extended":true,"handId":24,"id":240,"length":43.583,"mcpPosition":[-158.726,126.247,18.0957],"pipPosition":[-118.289,140.307,25.3767],"stabilizedTipPosition":[-85.5424,152.356,0.894768],"timeVisible":1.34407,"tipPosition":[-81.7926,153.631,12.0467],"tipVelocity":[-5.95296,-5.78984,-3.41034],"tool":false,"touchDistance":0.343417,"touchZone":"hovering","type":0,"width":17.5166},{"bases":[[[-0.471543,0.142778,-0.870208],[-0.571755,0.701785,0.424964],[-0.671374,-0.697934,0.249288]],[[-0.470499,0.143862,-0.870594],[-0.673172,0.579361,0.459543],[-0.570499,-0.802274,0.175745]],[[-0.470499,0.143862,-0.870594],[-0.310908,0.896321,0.316139],[-0.825813,-0.419418,0.37699]],[[-0.470499,0.143862,-0.870594],[0.240295,0.970222,0.030462],[-0.849052,0.194867,0.491058]]],"btipPosition":[-77.1151,223.042,-19.8788],"carpPosition":[-169.395,143.866,17.0231],"dipPosition":[-89.2464,225.827,-12.8625],"direction":[0.825813,0.419418,-0.37699],"extended":true,"handId":24,"id":241,"length":49.1786,"mcpPosition":[-126.435,188.525,1.07164],"pipPosition":[-105.938,217.349,-5.2425],"stabilizedTipPosition":[-83.6141,221.592,-25.2899],"timeVisible":1.34407,"tipPosition":[-80.9187,223.962,-17.3079],"tipVelocity":[-7.07861,-16.0438,0.602046],"tool":false,"touchDistance":0.349527,"touchZone":"hovering","type":1,"width":16.7319},{"bases":[[[-0.453487,-0.0745715,-0.888138],[-0.657845,0.700327,0.277097],[-0.601323,-0.709917,0.366646]],[[-0.435695,-0.0537629,-0.898487],[-0.732075,0.601928,0.31898],[-0.523676,-0.796738,0.301615]],[[-0.435695,-0.0537629,-0.898487],[-0.370053,0.92065,0.124357],[-0.820507,-0.386669,0.421017]],[[-0.435695,-0.0537629,-0.898487],[0.216991,0.9625,-0.162817],[-0.873547,0.265902,0.40769]]],"btipPosition":[-84.0588,226.986,-42.5232],"carpPosition":[-174.896,146.775,8.30177],"dipPosition":[-97.7866,231.164,-36.1163],"direction":[0.820507,0.386669,-0.421017],"extended":true,"handId":24,"id":242,"length":56.035,"mcpPosition":[-138.407,189.854,-13.9468],"pipPosition":[-117.299,221.969,-26.1044],"stabilizedTipPosition":[-90.8604,226.824,-46.4614],"timeVisible":1.34407,"tipPosition":[-88.3756,228.54,-40.8804],"tipVelocity":[-8.65427,-21.8848,0.292961],"tool":false,"touchDistance":0.345667,"touchZone":"hovering","type":2,"width":16.433},{"bases":[[[-0.486144,-0.230809,-0.842847],[-0.707397,0.670222,0.224482],[-0.513082,-0.705358,0.489098]],[[-0.482463,-0.225759,-0.846323],[-0.743645,0.616128,0.259575],[-0.462841,-0.754599,0.465143]],[[-0.482463,-0.225759,-0.846323],[-0.407747,0.913027,-0.0111087],[-0.775224,-0.339726,0.532555]],[[-0.482463,-0.225759,-0.846323],[0.160457,0.927084,-0.338774],[-0.861094,0.299244,0.411059]]],"btipPosition":[-103.146,216.855,-63.9757],"carpPosition":[-179.807,147.036,-1.18928],"dipPosition":[-116.601,221.53,-57.553],"direction":[0.775224,0.339726,-0.532555],"extended":true,"handId":24,"id":243,"length":53.8792,"mcpPosition":[-151.853,185.466,-27.8362],"pipPosition":[-134.56,213.66,-45.2158],"stabilizedTipPosition":[-109.806,216.905,-67.0415],"timeVisible":1.34407,"tipPosition":[-107.454,218.533,-62.0513],"tipVelocity":[-11.1772,-21.1372,4.17035],"tool":false,"touchDistance":0.346516,"touchZone":"hovering","type":3,"width":15.637},{"bases":[[[-0.418651,-0.418441,-0.806002],[-0.816931,0.561196,0.132978],[-0.396681,-0.714119,0.576782]],[[-0.45406,-0.483669,-0.74826],[-0.788162,0.609683,0.0841796],[-0.415487,-0.627973,0.658043]],[[-0.45406,-0.483669,-0.74826],[-0.366458,0.866882,-0.33797],[-0.812119,-0.120748,0.570861]],[[-0.45406,-0.483669,-0.74826],[0.238926,0.742966,-0.625232],[-0.858338,0.462672,0.22179]]],"btipPosition":[-124.349,191.52,-73.1289],"carpPosition":[-182.296,141.63,-12.0476],"dipPosition":[-136.721,198.189,-69.9319],"direction":[0.812119,0.120748,-0.570861],"extended":true,"handId":24,"id":244,"length":42.2403,"mcpPosition":[-162.291,177.645,-41.1366],"pipPosition":[-150.005,196.214,-60.5947],"stabilizedTipPosition":[-130.269,192.308,-76.6004],"timeVisible":1.34407,"tipPosition":[-127.252,192.484,-71.7467],"tipVelocity":[-20.863,-2.66315,5.23103],"tool":false,"touchDistance":0.348101,"touchZone":"hovering","type":4,"width":13.89},{"bases":[[[0.489855,0.849543,0.195752],[-0.68821,0.238985,0.685021],[0.535173,-0.470279,0.701732]],[[0.296001,0.954523,-0.0356282],[-0.758339,0.257516,0.598838],[0.58078,-0.150239,0.800077]],[[0.296001,0.954523,-0.0356282],[-0.831457,0.275839,0.482278],[0.470173,-0.113132,0.875293]],[[0.296001,0.954523,-0.0356282],[-0.846633,0.279449,0.452903],[0.442263,-0.103896,0.890847]]],"btipPosition":[-1.72373,339.348,32.3012],"carpPosition":[45.5591,327.565,109.438],"dipPosition":[6.93205,337.315,49.7364],"direction":[-0.470173,0.113132,-0.875293],"extended":true,"handId":25,"id":250,"length":43.583,"mcpPosition":[45.5591,327.565,109.438],"pipPosition":[20.3381,334.089,74.6936],"stabilizedTipPosition":[2.5926,301.466,175.91],"timeVisible":0.381538,"tipPosition":[6.74005,336.304,34.1064],"tipVelocity":[-34.6968,-38.7055,-241.559],"tool":false,"touchDistance":-0.473576,"touchZone":"hovering","type":0,"width":17.5166},{"bases":[[[0.950812,0.0283355,-0.308471],[0.0872358,0.931012,0.354411],[0.297232,-0.363888,0.882745]],[[0.960441,0.0158461,-0.278032],[0.0830114,0.936703,0.340143],[0.265824,-0.349767,0.898332]],[[0.960441,0.0158461,-0.278032],[-0.00101641,0.998573,0.0534014],[0.278482,-0.0510063,0.959086]],[[0.960441,0.0158461,-0.278032],[-0.0600849,0.986656,-0.151325],[0.271924,0.162044,0.948577]]],"btipPosition":[15.5035,381.104,-13.2628],"carpPosition":[53.5875,346.537,108.437],"dipPosition":[19.3888,383.419,0.290573],"direction":[-0.278482,0.0510063,-0.959086],"extended":true,"handId":25,"id":251,"length":49.1786,"mcpPosition":[34.5682,369.822,51.9516],"pipPosition":[25.0177,382.388,19.6764],"stabilizedTipPosition":[8.00134,337.388,127.046],"timeVisible":0.381538,"tipPosition":[19.1668,372.13,-8.16959],"tipVelocity":[-15.1085,-122.185,-285.923],"tool":false,"touchDistance":-0.721066,"touchZone":"hovering","type":1,"width":16.7319},{"bases":[[[0.953331,-0.18022,-0.242241],[0.25323,0.914184,0.316453],[0.164422,-0.363027,0.917157]],[[0.958324,-0.192336,-0.211237],[0.254266,0.911341,0.323738],[0.130243,-0.363956,0.922265]],[[0.958324,-0.192336,-0.211237],[0.207803,0.976711,0.0534266],[0.196042,-0.0950957,0.975974]],[[0.958324,-0.192336,-0.211237],[0.161406,0.974616,-0.155153],[0.235716,0.114592,0.965042]]],"btipPosition":[40.0486,385.563,-25.9635],"carpPosition":[63.642,348.403,105.24],"dipPosition":[43.7529,387.363,-10.7978],"direction":[-0.196042,0.0950956,-0.975974],"extended":true,"handId":25,"id":252,"length":56.035,"mcpPosition":[53.6646,370.432,49.586],"pipPosition":[48.4148,385.102,12.4112],"stabilizedTipPosition":[26.6495,345.794,96.7254],"timeVisible":0.381538,"tipPosition":[40.3328,375.435,-19.9098],"tipVelocity":[1.84145,-125.985,-288.044],"tool":false,"touchDistance":-0.750284,"touchZone":"hovering","type":2,"width":16.433},{"bases":[[[0.945316,-0.300077,-0.127795],[0.325807,0.886933,0.327413],[0.0150969,-0.351145,0.936199]],[[0.945327,-0.300351,-0.127066],[0.325852,0.885781,0.330473],[0.0132951,-0.35381,0.935223]],[[0.945327,-0.300351,-0.127066],[0.307696,0.950543,0.0423163],[0.108072,-0.0791006,0.990991]],[[0.945327,-0.300351,-0.127066],[0.277977,0.945841,-0.167669],[0.170544,0.123181,0.97762]]],"btipPosition":[67.3762,379.719,-21.9234],"carpPosition":[73.8638,347.46,102.259],"dipPosition":[70.0409,381.644,-6.64832],"direction":[-0.108072,0.0791006,-0.990991],"extended":true,"handId":25,"id":253,"length":53.8792,"mcpPosition":[73.0413,366.591,51.2527],"pipPosition":[72.5445,379.811,16.3091],"stabilizedTipPosition":[50.8846,337.124,94.009],"timeVisible":0.381538,"tipPosition":[64.4839,367.717,-15.3209],"tipVelocity":[2.89337,-127.047,-276.29],"tool":false,"touchDistance":-0.724226,"touchZone":"hovering","type":3,"width":15.637},{"bases":[[[0.873795,-0.481096,-0.0709112],[0.468917,0.794933,0.384966],[-0.128836,-0.369633,0.920202]],[[0.864605,-0.502192,-0.0161562],[0.483041,0.821924,0.301847],[-0.138306,-0.268783,0.953219]],[[0.864605,-0.502192,-0.0161562],[0.501132,0.864218,-0.0446519],[0.0363863,0.0305099,0.998872]],[[0.864605,-0.502192,-0.0161562],[0.480453,0.835734,-0.265921],[0.147046,0.222154,0.963859]]],"btipPosition":[91.3072,363.128,-5.66563],"carpPosition":[83.4347,340.24,99.1609],"dipPosition":[93.4268,366.331,8.22793],"direction":[-0.0363863,-0.0305099,-0.998872],"extended":true,"handId":25,"id":254,"length":42.2403,"mcpPosition":[89.9323,358.882,52.7521],"pipPosition":[94.0219,366.83,24.5658],"stabilizedTipPosition":[68.2829,308.275,134.616],"timeVisible":0.381538,"tipPosition":[84.6256,353.174,2.50383],"tipVelocity":[-1.77122,-130.144,-252.921],"tool":false,"touchDistance":-0.664252,"touchZone":"hovering","type":4,"width":13.89}],"r":[[-0.180544,-0.127942,-0.97521],[-0.970377,0.185005,0.155378],[0.160539,0.974374,-0.157554]],"s":0.347508,"t":[-233.43,-195.736,197.679],"timestamp":554504614340},{"currentFrameRate":112.651,"devices":[],"gestures":[{"direction":[0.130046,0.308118,-0.942418],"duration":164790,"handIds":[25],"id":1,"pointableIds":[252],"position":[39.6468,389.688,-7.91116],"speed":391.78,"startPosition":[19.845,288.968,174.914],"state":"stop","type":"swipe"}],"hands":[{"armBasis":[[-0.645036,-0.418994,-0.63904],[-0.763818,0.378244,0.522985],[-0.0225856,-0.825455,0.564016]],"armWidth":55.2048,"confidence":1,"direction":[0.491188,0.807187,-0.32739],"elbow":[-187.782,-75.4245,142.096],"grabAngle":1.15267,"grabStrength":0.181108,"id":24,"palmNormal":[0.665016,-0.590254,-0.457552],"palmPosition":[-148.178,169.962,-10.6478],"palmVelocity":[-6.32646,-7.12225,4.71621],"palmWidth":79.1392,"pinchDistance":69.1818,"pinchStrength":0,"r":[[0.940349,-0.339909,0.0143048],[0.335154,0.918334,-0.210557],[0.0584335,0.202791,0.977477]],"s":1.60544,"sphereCenter":[-111.347,176.236,-30.8665],"sphereRadius":51.8621,"stabilizedPalmPosition":[-151.682,169.575,-19.1449],"t":[62.47,-26.5072,-162.614],"timeVisible":1.35271,"type":"left","wrist":[-182.478,118.421,9.64485]},{"armBasis":[[0.871608,0.177166,-0.457069],[0.14553,0.796851,0.586387],[0.468104,-0.577616,0.668759]],"armWidth":55.2048,"confidence":0.967745,"direction":[-0.114234,0.488982,-0.864782],"elbow":[185.864,189.658,276.961],"grabAngle":0.543115,"grabStrength":0,"id":25,"palmNormal":[-0.1314,-0.870269,-0.474727],"palmPosition":[57.9581,355.634,63.8735],"palmVelocity":[-41.6864,-65.4906,-262.317],"palmWidth":79.1392,"pinchDistance":57.0824,"pinchStrength":0,"r":[[0.889234,0.339517,0.306579],[-0.194429,0.887151,-0.418521],[-0.414077,0.312556,0.854897]],"s":1.58,"sphereCenter":[74.557,267.725,-4.38922],"sphereRadius":114.978,"stabilizedPalmPosition":[61.0647,313.167,197.923],"t":[-15.8892,109.774,-189.092],"timeVisible":0.390182,"type":"right","wrist":[75.9371,325.303,119.913]}],"id":18144,"interactionBox":{"center":[0,200,0],"size":[235.247,235.247,147.751]},"pointables":[{"bases":[[[-0.725339,0.688275,0.0126939],[-0.0363416,-0.0566999,0.99773],[-0.687432,-0.723231,-0.0661397]],[[-0.335298,0.941208,0.0412749],[-0.143792,-0.0944242,0.985093],[-0.931074,-0.324364,-0.166999]],[[-0.335298,0.941208,0.0412749],[0.219128,0.0353032,0.975057],[-0.916274,-0.335979,0.218082]],[[-0.335298,0.941208,0.0412749],[0.684904,0.21344,0.696671],[-0.646902,-0.261861,0.716203]]],"btipPosition":[-79.5313,154.982,5.15672],"carpPosition":[-158.742,126.194,18.1419],"dipPosition":[-92.1923,149.857,19.1741],"direction":[0.916274,0.335979,-0.218082],"extended":true,"handId":24,"id":240,"length":43.5836,"mcpPosition":[-158.742,126.194,18.1419],"pipPosition":[-118.318,140.277,25.3924],"stabilizedTipPosition":[-85.5304,152.361,0.92374],"timeVisible":1.35271,"tipPosition":[-81.8286,153.603,12.0395],"tipVelocity":[-7.16885,-1.65875,-3.61312],"tool":false,"touchDistance":0.34194,"touchZone":"hovering","type":0,"width":17.5137},{"bases":[[[-0.472116,0.142453,-0.86995],[-0.571818,0.701588,0.425205],[-0.670918,-0.698199,0.249773]],[[-0.47091,0.143707,-0.870398],[-0.673203,0.579095,0.459834],[-0.570124,-0.802495,0.175958]],[[-0.47091,0.143707,-0.870398],[-0.310316,0.896603,0.315923],[-0.825801,-0.41887,0.377625]],[[-0.47091,0.143707,-0.870398],[0.242238,0.969782,0.0290574],[-0.848271,0.19716,0.491491]]],"btipPosition":[-77.2003,222.952,-19.8828],"carpPosition":[-169.427,143.794,17.077],"dipPosition":[-89.3206,225.769,-12.8603],"direction":[0.825801,0.41887,-0.377625],"extended":true,"handId":24,"id":241,"length":49.1793,"mcpPosition":[-126.496,188.47,1.09458],"pipPosition":[-106.013,217.303,-5.2273],"stabilizedTipPosition":[-83.5835,221.609,-25.2308],"timeVisible":1.35271,"tipPosition":[-80.9978,223.928,-17.3168],"tipVelocity":[-9.56107,-9.54788,-0.298095],"tool":false,"touchDistance":0.347869,"touchZone":"hovering","type":1,"width":16.7291},{"bases":[[[-0.453974,-0.0748905,-0.887862],[-0.657993,0.700072,0.277389],[-0.600793,-0.710135,0.367092]],[[-0.436175,-0.0540507,-0.898237],[-0.732001,0.601884,0.319234],[-0.52338,-0.796752,0.302092]],[[-0.436175,-0.0540507,-0.898237],[-0.369004,0.921152,0.123755],[-0.820724,-0.385432,0.421728]],[[-0.436175,-0.0540507,-0.898237],[0.219293,0.961716,-0.164357],[-0.872732,0.268666,0.407624]]],"btipPosition":[-84.1452,226.852,-42.5255],"carpPosition":[-174.931,146.7,8.36195],"dipPosition":[-97.8604,231.074,-36.1196],"direction":[0.820724,0.385432,-0.421728],"extended":true,"handId":24,"id":242,"length":56.0358,"mcpPosition":[-138.475,189.792,-13.9136],"pipPosition":[-117.378,221.908,-26.0906],"stabilizedTipPosition":[-90.7926,226.843,-46.3583],"timeVisible":1.35271,"tipPosition":[-88.4672,228.497,-40.8833],"tipVelocity":[-9.66335,-14.3447,-0.288474],"tool":false,"touchDistance":0.344397,"touchZone":"hovering","type":2,"width":16.4302},{"bases":[[[-0.486535,-0.231136,-0.842532],[-0.707563,0.669938,0.224807],[-0.512483,-0.705521,0.489491]],[[-0.482911,-0.226159,-0.84596],[-0.743588,0.616118,0.25976],[-0.462465,-0.754487,0.465699]],[[-0.482911,-0.226159,-0.84596],[-0.406765,0.913454,-0.0120033],[-0.775461,-0.33831,0.53311]],[[-0.482911,-0.226159,-0.84596],[0.162798,0.926043,-0.3405],[-0.860403,0.302152,0.410378]]],"btipPosition":[-103.236,216.704,-63.9544],"carpPosition":[-179.845,146.959,-1.1231],"dipPosition":[-116.68,221.425,-57.5423],"direction":[0.775461,0.33831,-0.53311],"extended":true,"handId":24,"id":243,"length":53.8799,"mcpPosition":[-151.924,185.397,-27.7914],"pipPosition":[-134.644,213.588,-45.192],"stabilizedTipPosition":[-109.735,216.923,-66.9482],"timeVisible":1.35271,"tipPosition":[-107.553,218.479,-62.0434],"tipVelocity":[-10.0613,-16.258,2.18546],"tool":false,"touchDistance":0.345481,"touchZone":"hovering","type":3,"width":15.6344},{"bases":[[[-0.418936,-0.418734,-0.805701],[-0.817102,0.560851,0.133382],[-0.396027,-0.714218,0.577109]],[[-0.454309,-0.484018,-0.747884],[-0.788752,0.608788,0.0851371],[-0.414095,-0.628573,0.658347]],[[-0.454309,-0.484018,-0.747884],[-0.367557,0.866577,-0.337558],[-0.811484,-0.121534,0.571598]],[[-0.454309,-0.484018,-0.747884],[0.239492,0.742257,-0.625858],[-0.858048,0.463445,0.221295]]],"btipPosition":[-124.477,191.466,-73.0882],"carpPosition":[-182.336,141.552,-11.9762],"dipPosition":[-136.845,198.147,-69.8983],"direction":[0.811484,0.121534,-0.571598],"extended":true,"handId":24,"id":244,"length":42.2409,"mcpPosition":[-162.363,177.572,-41.0816],"pipPosition":[-150.118,196.159,-60.549],"stabilizedTipPosition":[-130.231,192.317,-76.5452],"timeVisible":1.35271,"tipPosition":[-127.352,192.425,-71.7224],"tipVelocity":[-14.6823,-5.94552,4.51352],"tool":false,"touchDistance":0.34721,"touchZone":"hovering","type":4,"width":13.8877},{"bases":[[[0.491488,0.849905,0.190003],[-0.689156,0.246171,0.681516],[0.532451,-0.465898,0.706707]],[[0.298864,0.953364,-0.0421511],[-0.758583,0.264138,0.595637],[0.578993,-0.146039,0.802147]],[[0.298864,0.953364,-0.0421511],[-0.831924,0.281925,0.477933],[0.467528,-0.10777,0.877384]],[[0.298864,0.953364,-0.0421511],[-0.84693,0.285335,0.448658],[0.439762,-0.0983886,0.892709]]],"btipPosition":[-2.04044,338.726,30.0457],"carpPosition":[45.035,327.387,107.361],"dipPosition":[6.56651,336.8,47.5176],"direction":[-0.467528,0.10777,-0.877384],"extended":true,"handId":25,"id":250,"length":43.5836,"mcpPosition":[45.035,327.387,107.361],"pipPosition":[19.8973,333.727,72.5348],"stabilizedTipPosition":[2.59205,301.473,175.881],"timeVisible":0.390182,"tipPosition":[6.37368,335.617,31.8939],"tipVelocity":[-37.9388,-69.1877,-259.954],"tool":false,"touchDistance":-0.488258,"touchZone":"hovering","type":0,"width":17.5137},{"bases":[[[0.951566,0.0235421,-0.306542],[0.088715,0.933626,0.34709],[0.294367,-0.357474,0.886318]],[[0.960802,0.0116775,-0.276988],[0.0848616,0.938766,0.333941],[0.263927,-0.344357,0.900978]],[[0.960802,0.0116775,-0.276988],[0.00163102,0.998857,0.0477681],[0.277229,-0.0463475,0.959685]],[[0.960802,0.0116775,-0.276988],[-0.0574201,0.98583,-0.157615],[0.271223,0.167341,0.947858]]],"btipPosition":[15.317,380.113,-15.7877],"carpPosition":[53.1142,346.321,106.238],"dipPosition":[19.1923,382.504,-2.24444],"direction":[-0.277229,0.0463475,-0.959685],"extended":true,"handId":25,"id":251,"length":49.1793,"mcpPosition":[34.2784,369.195,49.5245],"pipPosition":[24.7959,381.567,17.1538],"stabilizedTipPosition":[8.01066,337.438,126.888],"timeVisible":0.390182,"tipPosition":[18.9879,371.14,-10.6685],"tipVelocity":[-21.8468,-112.593,-292.37],"tool":false,"touchDistance":-0.715201,"touchZone":"hovering","type":1,"width":16.7291},{"bases":[[[0.953428,-0.184478,-0.238627],[0.254753,0.916091,0.309644],[0.161482,-0.356014,0.920423]],[[0.95831,-0.196322,-0.207604],[0.256026,0.91257,0.318853],[0.126856,-0.358712,0.924788]],[[0.95831,-0.196322,-0.207604],[0.211064,0.976131,0.0511983],[0.192598,-0.0928816,0.976872]],[[0.95831,-0.196322,-0.207604],[0.165674,0.973752,-0.156074],[0.232796,0.115173,0.965682]]],"btipPosition":[40.0252,384.598,-28.486],"carpPosition":[63.1761,348.136,103.05],"dipPosition":[43.6837,386.408,-13.31],"direction":[-0.192598,0.0928816,-0.976872],"extended":true,"handId":25,"id":252,"length":56.0358,"mcpPosition":[53.3772,369.739,47.1977],"pipPosition":[48.2638,384.199,9.92063],"stabilizedTipPosition":[26.6716,345.855,96.536],"timeVisible":0.390182,"tipPosition":[40.2242,374.417,-22.4185],"tipVelocity":[-3.92088,-111.4,-291.548],"tool":false,"touchDistance":-0.741391,"touchZone":"hovering","type":2,"width":16.4302},{"bases":[[[0.944864,-0.303388,-0.123237],[0.327238,0.888754,0.320987],[0.0121441,-0.343617,0.939031]],[[0.944875,-0.303697,-0.122393],[0.327295,0.886837,0.326187],[0.00948108,-0.348264,0.937349]],[[0.944875,-0.303697,-0.122393],[0.3106,0.949635,0.0414811],[0.103631,-0.0772099,0.991614]],[[0.944875,-0.303697,-0.122393],[0.28195,0.944702,-0.167458],[0.166482,0.123718,0.978252]]],"btipPosition":[67.3799,378.735,-24.3422],"carpPosition":[73.3978,347.146,100.099],"dipPosition":[69.9812,380.668,-9.05707],"direction":[-0.103631,0.0772099,-0.991614],"extended":true,"handId":25,"id":253,"length":53.8799,"mcpPosition":[72.7362,365.867,48.9387],"pipPosition":[72.3819,378.88,13.9152],"stabilizedTipPosition":[50.9218,337.216,93.759],"timeVisible":0.390182,"tipPosition":[64.4073,366.734,-17.728],"tipVelocity":[-1.26198,-113.593,-279.56],"tool":false,"touchDistance":-0.716384,"touchZone":"hovering","type":3,"width":15.6344},{"bases":[[[0.872775,-0.483768,-0.0650575],[0.469993,0.796874,0.379603],[-0.131797,-0.361885,0.922859]],[[0.863361,-0.504489,-0.00990506],[0.483942,0.822321,0.299314],[-0.142855,-0.263209,0.954103]],[[0.863361,-0.504489,-0.00990506],[0.503613,0.862749,-0.0451497],[0.0313231,0.0339921,0.998931]],[[0.863361,-0.504489,-0.00990506],[0.484307,0.834012,-0.264331],[0.141613,0.223416,0.964381]]],"btipPosition":[91.2716,362.137,-7.91527],"carpPosition":[82.9541,339.88,97.0805],"dipPosition":[93.313,365.358,5.986],"direction":[-0.0313231,-0.0339921,-0.998931],"extended":true,"handId":25,"id":254,"length":42.2409,"mcpPosition":[89.6011,358.131,50.5379],"pipPosition":[93.8253,365.914,22.3251],"stabilizedTipPosition":[68.3787,308.498,134.047],"timeVisible":0.390182,"tipPosition":[84.5217,352.211,0.238958],"tipVelocity":[-6.19765,-114.193,-260.049],"tool":false,"touchDistance":-0.659878,"touchZone":"hovering","type":4,"width":13.8877}],"r":[[-0.187948,-0.136457,-0.972654],[-0.968938,0.187821,0.16088],[0.160732,0.972678,-0.167519]],"s":0.344211,"t":[-233.504,-196.037,196.526],"timestamp":554504622984},{"currentFrameRate":112.764,"devices":[],"gestures":[],"hands":[{"armBasis":[[-0.64567,-0.418607,-0.638653],[-0.763272,0.37893,0.523286],[-0.0229537,-0.825336,0.564175]],"armWidth":55.1975,"confidence":1,"direction":[0.490213,0.807615,-0.327796],"elbow":[-187.924,-75.4706,142.202],"grabAngle":1.15534,"grabStrength":0.182691,"id":24,"palmNormal":[0.66517,-0.589674,-0.458075],"palmPosition":[-148.281,169.913,-10.6059],"palmVelocity":[-11.9228,-5.65976,4.82449],"palmWidth":79.1375,"pinchDistance":69.049,"pinchStrength":0,"r":[[0.940446,-0.339664,0.013766],[0.334796,0.918426,-0.210728],[0.0589338,0.202787,0.977448]],"s":1.60473,"sphereCenter":[-111.436,176.146,-30.9241],"sphereRadius":51.8877,"stabilizedPalmPosition":[-151.673,169.575,-19.1224],"t":[62.3936,-26.5598,-162.57],"timeVisible":1.36138,"type":"left","wrist":[-182.533,118.347,9.7145]},{"armBasis":[[0.872313,0.173405,-0.457167],[0.144899,0.80132,0.580423],[0.466985,-0.572553,0.673875]],"armWidth":55.1975,"confidence":0.97052,"direction":[-0.112856,0.484281,-0.867603],"elbow":[185.177,190.74,276.275],"grabAngle":0.548704,"grabStrength":0,"id":25,"palmNormal":[-0.131163,-0.872801,-0.470122],"palmPosition":[57.6227,355.21,61.7864],"palmVelocity":[-38.6765,-48.8603,-240.646],"palmWidth":79.1375,"pinchDistance":57.0714,"pinchStrength":0,"r":[[0.888449,0.340822,0.307408],[-0.191912,0.884265,-0.425729],[-0.416928,0.319243,0.851032]],"s":1.58148,"sphereCenter":[73.7695,267.325,-5.73677],"sphereRadius":114.441,"stabilizedPalmPosition":[61.064,313.174,197.898],"t":[-16.1986,109.366,-191.31],"timeVisible":0.398855,"type":"right","wrist":[75.5127,325.195,118.026]}],"id":18145,"interactionBox":{"center":[0,200,0],"size":[235.247,235.247,147.751]},"pointables":[{"bases":[[[-0.725937,0.687634,0.0132634],[-0.0354932,-0.0567155,0.997759],[-0.686845,-0.723839,-0.0655782]],[[-0.336372,0.940814,0.0415128],[-0.142788,-0.094524,0.985229],[-0.930841,-0.325476,-0.166132]],[[-0.336372,0.940814,0.0415128],[0.220005,0.0356443,0.974847],[-0.91567,-0.337044,0.218973]],[[-0.336372,0.940814,0.0415128],[0.685698,0.214468,0.695573],[-0.645501,-0.262436,0.717255]]],"btipPosition":[-79.6125,155.02,5.11594],"carpPosition":[-158.784,126.136,18.1928],"dipPosition":[-92.2512,149.881,19.1595],"direction":[0.91567,0.337044,-0.218973],"extended":true,"handId":24,"id":240,"length":43.6008,"mcpPosition":[-158.784,126.136,18.1928],"pipPosition":[-118.37,140.267,25.4056],"stabilizedTipPosition":[-85.5178,152.367,0.954772],"timeVisible":1.36138,"tipPosition":[-81.9009,153.613,12.0199],"tipVelocity":[-8.77378,4.01585,-4.0092],"tool":false,"touchDistance":0.340558,"touchZone":"hovering","type":0,"width":17.5104},{"bases":[[[-0.472937,0.142022,-0.869575],[-0.572097,0.701089,0.425651],[-0.670101,-0.698787,0.250321]],[[-0.471632,0.143382,-0.87006],[-0.67303,0.578972,0.46024],[-0.569731,-0.802641,0.176562]],[[-0.471632,0.143382,-0.87006],[-0.309572,0.896965,0.315625],[-0.825668,-0.418205,0.378651]],[[-0.471632,0.143382,-0.87006],[0.243933,0.969401,0.0275242],[-0.847384,0.199255,0.492176]]],"btipPosition":[-77.3208,222.898,-19.9192],"carpPosition":[-169.484,143.728,17.1359],"dipPosition":[-89.4332,225.746,-12.8841],"direction":[0.825668,0.418205,-0.378651],"extended":true,"handId":24,"id":241,"length":49.1987,"mcpPosition":[-126.607,188.441,1.11874],"pipPosition":[-106.129,217.29,-5.22734],"stabilizedTipPosition":[-83.5519,221.627,-25.1678],"timeVisible":1.36138,"tipPosition":[-81.1492,223.936,-17.3342],"tipVelocity":[-13.6798,-5.43788,-3.85946],"tool":false,"touchDistance":0.345913,"touchZone":"hovering","type":1,"width":16.7259},{"bases":[[[-0.454618,-0.0753061,-0.887497],[-0.658389,0.699495,0.277904],[-0.599872,-0.710659,0.367583]],[[-0.436792,-0.0543884,-0.897917],[-0.731888,0.601842,0.319573],[-0.523023,-0.796761,0.302686]],[[-0.436792,-0.0543884,-0.897917],[-0.367946,0.921655,0.123161],[-0.820871,-0.384181,0.422583]],[[-0.436792,-0.0543884,-0.897917],[0.221297,0.960999,-0.165859],[-0.871918,0.271153,0.40772]]],"btipPosition":[-84.271,226.757,-42.5488],"carpPosition":[-174.998,146.628,8.42508],"dipPosition":[-97.9788,231.02,-36.1388],"direction":[0.820871,0.384181,-0.422583],"extended":true,"handId":24,"id":242,"length":56.058,"mcpPosition":[-138.598,189.751,-13.8798],"pipPosition":[-117.507,221.88,-26.0856],"stabilizedTipPosition":[-90.7276,226.86,-46.2564],"timeVisible":1.36138,"tipPosition":[-88.638,228.495,-40.8915],"tipVelocity":[-14.3104,-9.81521,-2.58289],"tool":false,"touchDistance":0.342954,"touchZone":"hovering","type":2,"width":16.4271},{"bases":[[[-0.487004,-0.23158,-0.842139],[-0.707974,0.669316,0.225362],[-0.511468,-0.705965,0.489912]],[[-0.483385,-0.226595,-0.845573],[-0.743605,0.615988,0.260022],[-0.461943,-0.754463,0.466256]],[[-0.483385,-0.226595,-0.845573],[-0.406038,0.913767,-0.0127516],[-0.775546,-0.337171,0.533707]],[[-0.483385,-0.226595,-0.845573],[0.16453,0.925189,-0.341986],[-0.859807,0.304433,0.409941]]],"btipPosition":[-103.374,216.601,-63.9518],"carpPosition":[-179.92,146.883,-1.05609],"dipPosition":[-116.814,221.359,-57.544],"direction":[0.775546,0.337171,-0.533707],"extended":true,"handId":24,"id":243,"length":53.9012,"mcpPosition":[-152.055,185.344,-27.7467],"pipPosition":[-134.788,213.545,-45.175],"stabilizedTipPosition":[-109.667,216.939,-66.8548],"timeVisible":1.36138,"tipPosition":[-107.732,218.46,-62.0376],"tipVelocity":[-15.8425,-10.9216,0.18044],"tool":false,"touchDistance":0.34429,"touchZone":"hovering","type":3,"width":15.6314},{"bases":[[[-0.419211,-0.419117,-0.805359],[-0.81749,0.560132,0.134027],[-0.394934,-0.714558,0.577437]],[[-0.454446,-0.484367,-0.747574],[-0.789577,0.607548,0.0863369],[-0.412369,-0.629503,0.65