{"frames":43,"data":[{"currentFrameRate":50.967,"devices":[],"gestures":[],"hands":[{"armBasis":[[-0.814399,-0.119758,-0.567814],[-0.38894,0.83882,0.380929],[-0.430674,-0.531074,0.729713]],"armWidth":57.1908,"confidence":0.740783,"direction":[0.496036,0.793455,-0.352673],"elbow":[-263.408,77.0099,241.57],"grabAngle":0.328944,"grabStrength":0,"id":159,"palmNormal":[0.591628,-0.606136,-0.531578],"palmPosition":[-119.887,253.695,41.1319],"palmVelocity":[107.653,-83.2248,-373.002],"palmWidth":81.2339,"pinchDistance":80.3831,"pinchStrength":0,"r":[[0.982534,-0.037286,-0.182312],[0.0347328,0.999249,-0.0171785],[0.182816,0.0105463,0.983091]],"s":1.12809,"sphereCenter":[-111.878,306.993,54.387],"sphereRadius":63.5659,"stabilizedPalmPosition":[-138.453,250.196,102.88],"t":[17.6067,38.1501,-93.6423],"timeVisible":0.180753,"type":"left","wrist":[-159.594,205.025,65.6727]},{"armBasis":[[0.95426,-0.161846,-0.251385],[0.275724,0.801507,0.530626],[0.115607,-0.575667,0.80947]],"armWidth":57.1908,"confidence":0.694628,"direction":[0.0471324,0.601093,-0.797788],"elbow":[117.22,-42.8851,332.482],"grabAngle":1.46154,"grabStrength":0.383546,"id":160,"palmNormal":[-0.273054,-0.760503,-0.589133],"palmPosition":[83.3701,134.982,81.948],"palmVelocity":[-195.421,-76.5511,-203.499],"palmWidth":81.2339,"pinchDistance":44.2306,"pinchStrength":0.371768,"r":[[0.984453,0.0260168,-0.173712],[-0.040047,0.996168,-0.0777569],[0.171024,0.0835047,0.981722]],"s":1.12921,"sphereCenter":[82.5395,94.1469,32.8963],"sphereRadius":61.3475,"stabilizedPalmPosition":[85.0449,135.472,83.5782],"t":[-55.4813,6.67407,-6.7803],"timeVisible":0.16265,"type":"right","wrist":[89.3524,95.8796,137.359]}],"id":54279,"interactionBox":{"center":[0,200,0],"size":[235.247,235.247,147.751]},"pointables":[{"bases":[[[-0.688119,0.719118,0.0967551],[0.0533176,-0.0828728,0.995133],[-0.723636,-0.689929,-0.0186847]],[[-0.307139,0.94688,0.0953104],[-0.0856875,-0.12726,0.988161],[-0.947799,-0.295336,-0.120222]],[[-0.307139,0.94688,0.0953104],[0.247158,-0.0173484,0.96882],[-0.91901,-0.321119,0.2287]],[[-0.307139,0.94688,0.0953104],[0.588558,0.110294,0.800896],[-0.747841,-0.302082,0.591169]]],"btipPosition":[-46.552,236.868,57.5797],"carpPosition":[-130.043,208.486,70.4956],"dipPosition":[-61.3362,230.896,69.2666],"direction":[0.91901,0.321119,-0.2287],"extended":true,"handId":159,"id":1590,"length":44.0229,"mcpPosition":[-130.043,208.486,70.4956],"pipPosition":[-87.8043,221.647,75.8533],"stabilizedTipPosition":[-75.6988,228.575,158.893],"timeVisible":0.180753,"tipPosition":[-49.5534,236.499,61.1425],"tipVelocity":[72.0799,-104.054,-397.486],"tool":false,"touchDistance":-0.162205,"touchZone":"hovering","type":0,"width":18.2173},{"bases":[[[-0.543243,0.187472,-0.818377],[-0.496716,0.71409,0.493304],[-0.676876,-0.674485,0.294804]],[[-0.646941,0.0742625,-0.758915],[-0.665863,0.429999,0.609695],[-0.37161,-0.89977,0.228735]],[[-0.646941,0.0742625,-0.758915],[-0.57309,0.609184,0.548144],[-0.503026,-0.789544,0.351547]],[[-0.646941,0.0742625,-0.758915],[-0.410591,0.804726,0.428756],[-0.642559,-0.588983,0.490119]]],"btipPosition":[-62.721,328.617,28.9459],"carpPosition":[-140.209,227.043,70.861],"dipPosition":[-71.9946,320.117,36.0195],"direction":[0.503026,0.789544,-0.351547],"extended":true,"handId":159,"id":1591,"length":49.6749,"mcpPosition":[-95.7507,271.344,51.4978],"pipPosition":[-82.2648,303.997,43.1969],"stabilizedTipPosition":[-81.645,318.678,99.1359],"timeVisible":0.180753,"tipPosition":[-58.9141,319.428,25.1249],"tipVelocity":[109.312,-83.3332,-392.128],"tool":false,"touchDistance":0.444954,"touchZone":"hovering","type":1,"width":17.4012},{"bases":[[[-0.537006,-0.0298774,-0.843049],[-0.596146,0.720523,0.354198],[-0.596854,-0.692787,0.404736]],[[-0.571781,-0.0713067,-0.817302],[-0.726337,0.507187,0.463892],[-0.381446,-0.858881,0.341792]],[[-0.571781,-0.0713067,-0.817302],[-0.619174,0.691076,0.372877],[-0.538229,-0.719256,0.439295]],[[-0.571781,-0.0713067,-0.817302],[-0.461097,0.851915,0.248255],[-0.678569,-0.518803,0.519988]]],"btipPosition":[-70.1085,334.155,4.62381],"carpPosition":[-146.515,230.522,62.556],"dipPosition":[-80.8799,325.92,12.8779],"direction":[0.538229,0.719256,-0.439295],"extended":true,"handId":159,"id":1592,"length":56.6006,"mcpPosition":[-109.339,273.674,37.346],"pipPosition":[-93.8084,308.643,23.4299],"stabilizedTipPosition":[-83.4064,325.426,69.7302],"timeVisible":0.180753,"tipPosition":[-64.948,322.138,4.12786],"tipVelocity":[99.8637,-103.627,-443.108],"tool":false,"touchDistance":0.28721,"touchZone":"hovering","type":2,"width":17.0903},{"bases":[[[-0.572506,-0.185732,-0.798586],[-0.651712,0.694095,0.305783],[-0.497501,-0.695511,0.518417]],[[-0.576724,-0.191651,-0.79414],[-0.735973,0.54382,0.403241],[-0.354588,-0.817025,0.454684]],[[-0.576724,-0.191651,-0.79414],[-0.615965,0.740565,0.268608],[-0.536634,-0.644076,0.545152]],[[-0.576724,-0.191651,-0.79414],[-0.448451,0.886805,0.111663],[-0.682847,-0.420532,0.597388]]],"btipPosition":[-87.8795,322.721,-14.9936],"carpPosition":[-152.418,231.282,53.3432],"dipPosition":[-98.6565,316.084,-5.56541],"direction":[0.536634,0.644076,-0.545152],"extended":true,"handId":159,"id":1593,"length":54.423,"mcpPosition":[-124.596,270.178,24.3514],"pipPosition":[-111.214,301.013,7.19114],"stabilizedTipPosition":[-97.3358,312.498,49.0786],"timeVisible":0.180753,"tipPosition":[-82.8445,310.649,-13.0591],"tipVelocity":[86.4735,-110.226,-442.48],"tool":false,"touchDistance":0.163912,"touchZone":"hovering","type":3,"width":16.2625},{"bases":[[[-0.510635,-0.377096,-0.772691],[-0.7742,0.592565,0.222443],[-0.373988,-0.711804,0.594532]],[[-0.484501,-0.328686,-0.810694],[-0.776997,0.587467,0.226182],[-0.401913,-0.739492,0.540016]],[[-0.484501,-0.328686,-0.810694],[-0.618936,0.783708,0.0521545],[-0.618205,-0.527036,0.583143]],[[-0.484501,-0.328686,-0.810694],[-0.396655,0.90853,-0.131296],[-0.779694,-0.257953,0.570558]]],"btipPosition":[-103.318,297.563,-22.4862],"carpPosition":[-156.249,226.164,42.3624],"dipPosition":[-114.671,293.807,-14.1789],"direction":[0.618205,0.527036,-0.583143],"extended":true,"handId":159,"id":1594,"length":42.6666,"mcpPosition":[-136.889,263.013,11.5847],"pipPosition":[-124.884,285.1,-4.54454],"stabilizedTipPosition":[-115.223,282.542,49.1973],"timeVisible":0.180753,"tipPosition":[-101.676,286.608,-18.9471],"tipVelocity":[121.146,-142.773,-420.146],"tool":false,"touchDistance":-1,"touchZone":"hovering","type":4,"width":14.4456},{"bases":[[[0.640065,0.698676,0.31964],[-0.669562,0.303184,0.678061],[0.376835,-0.648021,0.661864]],[[0.433439,0.90083,0.025214],[-0.77907,0.360497,0.512926],[0.452969,-0.241966,0.858063]],[[0.433439,0.90083,0.025214],[-0.821561,0.383491,0.421867],[0.370361,-0.203569,0.906307]],[[0.433439,0.90083,0.025214],[-0.837139,0.392119,0.381367],[0.33366,-0.186407,0.92408]]],"btipPosition":[24.0088,124.678,39.2201],"carpPosition":[61.4584,104.347,121.83],"dipPosition":[30.605,120.993,57.4883],"direction":[-0.370361,0.203569,-0.906307],"extended":true,"handId":160,"id":1600,"length":44.0229,"mcpPosition":[61.4584,104.347,121.83],"pipPosition":[41.2716,115.13,83.5905],"stabilizedTipPosition":[26.0928,124.171,43.8437],"timeVisible":0.16265,"tipPosition":[32.2082,126.974,42.4922],"tipVelocity":[-217.964,-132.94,-165.969],"tool":false,"touchDistance":0.995572,"touchZone":"hovering","type":0,"width":18.2173},{"bases":[[[0.955117,-0.141195,-0.260416],[0.252994,0.846107,0.469146],[0.154098,-0.513973,0.843852]],[[0.956423,-0.145666,-0.253056],[0.183044,0.974344,0.130953],[0.227488,-0.171567,0.958548]],[[0.956423,-0.145666,-0.253056],[0.00830749,0.879896,-0.475095],[0.291868,0.452289,0.842762]],[[0.956423,-0.145666,-0.253056],[-0.112997,0.614491,-0.78079],[0.269235,0.77536,0.571253]]],"btipPosition":[45.3722,141.157,7.90717],"carpPosition":[73.5939,121.596,123.57],"dipPosition":[49.2579,152.347,16.1516],"direction":[-0.291868,-0.452289,-0.842762],"extended":false,"handId":160,"id":1601,"length":49.6749,"mcpPosition":[63.4725,155.355,68.1443],"pipPosition":[55.2169,161.581,33.3582],"stabilizedTipPosition":[47.4254,144.731,11.0053],"timeVisible":0.16265,"tipPosition":[49.2635,144.968,8.20598],"tipVelocity":[-197.072,-188.049,-216.163],"tool":false,"touchDistance":0.76908,"touchZone":"hovering","type":1,"width":17.4012},{"bases":[[[0.909937,-0.351494,-0.220151],[0.414147,0.798565,0.436778],[0.0222797,-0.488615,0.872215]],[[0.91004,-0.354022,-0.215627],[0.381982,0.918238,0.104544],[0.160986,-0.177505,0.970863]],[[0.91004,-0.354022,-0.215627],[0.212581,0.845161,-0.49042],[0.355859,0.400464,0.844389]],[[0.91004,-0.354022,-0.215627],[0.0328658,0.580171,-0.813831],[0.413215,0.733532,0.539615]]],"btipPosition":[61.2347,138.016,-1.69797],"carpPosition":[84.284,121.617,121.007],"dipPosition":[67.7939,149.66,6.86769],"direction":[-0.355859,-0.400464,-0.844389],"extended":false,"handId":160,"id":1602,"length":56.6006,"mcpPosition":[82.8963,152.052,66.6789],"pipPosition":[76.3418,159.279,27.1502],"stabilizedTipPosition":[64.1279,141.495,1.98385],"timeVisible":0.16265,"tipPosition":[62.9792,139.993,1.62428],"tipVelocity":[-192.539,-119.136,-254.623],"tool":false,"touchDistance":0.695258,"touchZone":"hovering","type":2,"width":17.0903},{"bases":[[[0.869471,-0.478759,-0.121693],[0.478599,0.755429,0.447515],[-0.122321,-0.447344,0.885958]],[[0.867673,-0.484978,-0.109273],[0.494429,0.864749,0.0880271],[0.0518025,-0.130406,0.990106]],[[0.867673,-0.484978,-0.109273],[0.368951,0.775518,-0.512296],[0.333195,0.404189,0.851829]],[[0.867673,-0.484978,-0.109273],[0.200332,0.542266,-0.815974],[0.454984,0.686108,0.567666]]],"btipPosition":[84.4398,128.433,2.51089],"carpPosition":[94.5317,118.781,118.316],"dipPosition":[91.6205,139.261,11.4701],"direction":[-0.333195,-0.404189,-0.851829],"extended":false,"handId":160,"id":1603,"length":54.423,"mcpPosition":[101.372,143.798,68.7704],"pipPosition":[99.4173,148.719,31.4028],"stabilizedTipPosition":[87.7488,131.686,6.61308],"timeVisible":0.16265,"tipPosition":[86.6062,131.144,6.33956],"tipVelocity":[-190.373,-96.9067,-254.136],"tool":false,"touchDistance":0.707945,"touchZone":"hovering","type":3,"width":16.2625},{"bases":[[[0.75836,-0.64551,-0.0905936],[0.595308,0.629259,0.499642],[-0.265517,-0.432839,0.861482]],[[0.719152,-0.694621,0.0179724],[0.691046,0.717676,0.0860074],[-0.0726409,-0.0494326,0.996132]],[[0.719152,-0.694621,0.0179724],[0.578447,0.584143,-0.569365],[0.384994,0.419856,0.821888]],[[0.719152,-0.694621,0.0179724],[0.387157,0.379083,-0.840479],[0.577001,0.61139,0.541546]]],"btipPosition":[103.958,117.89,18.8772],"carpPosition":[102.805,109.845,114.69],"dipPosition":[112.359,126.792,26.7621],"direction":[-0.384994,-0.419856,-0.821888],"extended":false,"handId":160,"id":1604,"length":42.6666,"mcpPosition":[116.55,132.252,70.0933],"pipPosition":[118.72,133.728,40.3408],"stabilizedTipPosition":[107.451,120.686,22.2835],"timeVisible":0.16265,"tipPosition":[105.938,120.615,22.6743],"tipVelocity":[-199.089,-110.776,-224.549],"tool":false,"touchDistance":0.809307,"touchZone":"hovering","type":4,"width":14.4456}],"r":[[-0.806597,-0.387034,0.446773],[0.259431,0.447349,0.855906],[-0.531128,0.806278,-0.260421]],"s":-1.17034,"t":[-1186.29,-1122.37,1430.44],"timestamp":630209935817},{"currentFrameRate":51.3493,"devices":[],"gestures":[],"hands":[{"armBasis":[[-0.828485,-0.0944335,-0.551992],[-0.350866,0.855763,0.380213],[-0.43647,-0.508676,0.74212]],"armWidth":57.1908,"confidence":0.780758,"direction":[0.508675,0.780652,-0.363086],"elbow":[-264.072,81.7744,239.742],"grabAngle":0.318915,"grabStrength":0,"id":159,"palmNormal":[0.565789,-0.620975,-0.542469],"palmPosition":[-118.361,251.945,35.4464],"palmVelocity":[84.5439,-96.9513,-314.951],"palmWidth":81.2339,"pinchDistance":80.2696,"pinchStrength":0,"r":[[0.97843,-0.0564462,-0.198716],[0.0521814,0.998282,-0.0266381],[0.199878,0.0156942,0.979695]],"s":1.13481,"sphereCenter":[-110.768,307.598,50.4196],"sphereRadius":65.5606,"stabilizedPalmPosition":[-138.157,250.222,101.886],"t":[19.5236,36.8021,-100.477],"timeVisible":0.198805,"type":"left","wrist":[-158.861,204.391,60.8537]},{"armBasis":[[0.951001,-0.152397,-0.26902],[0.27518,0.813895,0.511714],[0.14097,-0.560669,0.815952]],"armWidth":57.1908,"confidence":0.740661,"direction":[0.0276989,0.56912,-0.821788],"elbow":[121.112,-40.1333,331.435],"grabAngle":1.40978,"grabStrength":0.324831,"id":160,"palmNormal":[-0.274133,-0.78626,-0.553756],"palmPosition":[79.7713,131.991,78.0609],"palmVelocity":[-199.362,-165.684,-215.327],"palmWidth":81.2339,"pinchDistance":45.631,"pinchStrength":0.333546,"r":[[0.981467,0.0328151,-0.1888],[-0.051633,0.994077,-0.0956321],[0.184544,0.103608,0.977348]],"s":1.13533,"sphereCenter":[79.6269,87.2941,29.9013],"sphereRadius":63.2441,"stabilizedPalmPosition":[81.9223,133.411,80.3113],"t":[-59.1087,5.00529,-10.2487],"timeVisible":0.180702,"type":"right","wrist":[87.1312,95.016,134.749]}],"id":54280,"interactionBox":{"center":[0,200,0],"size":[235.247,235.247,147.751]},"pointables":[{"bases":[[[-0.667932,0.736121,0.109509],[0.070722,-0.0836986,0.993978],[-0.740854,-0.671655,-0.00384512]],[[-0.289582,0.951835,0.100754],[-0.0774161,-0.128211,0.988721],[-0.954017,-0.278516,-0.110815]],[[-0.289582,0.951835,0.100754],[0.267736,-0.0205097,0.963274],[-0.918945,-0.305923,0.248902]],[[-0.289582,0.951835,0.100754],[0.616593,0.104998,0.780249],[-0.73209,-0.288071,0.6173]]],"btipPosition":[-45.6096,233.935,50.6137],"carpPosition":[-129.065,207.017,65.0472],"dipPosition":[-60.0824,228.24,62.8171],"direction":[0.918945,0.305923,-0.248902],"extended":true,"handId":159,"id":1590,"length":44.0229,"mcpPosition":[-129.065,207.017,65.0472],"pipPosition":[-86.5486,219.429,69.9857],"stabilizedTipPosition":[-75.5865,228.592,158.45],"timeVisible":0.198805,"tipPosition":[-48.1403,232.989,54.0604],"tipVelocity":[56.1714,-158.924,-379.307],"tool":false,"touchDistance":-0.276326,"touchZone":"hovering","type":0,"width":18.2173},{"bases":[[[-0.554327,0.200583,-0.807768],[-0.46898,0.726507,0.50224],[-0.68759,-0.657232,0.308653]],[[-0.65971,0.0899373,-0.74612],[-0.652003,0.425231,0.62775],[-0.373731,-0.900605,0.22189]],[[-0.65971,0.0899373,-0.74612],[-0.559798,0.603586,0.567723],[-0.501407,-0.792209,0.347845]],[[-0.65971,0.0899373,-0.74612],[-0.39211,0.805772,0.443826],[-0.641119,-0.585357,0.49631]]],"btipPosition":[-60.5403,326.297,23.0035],"carpPosition":[-138.755,225.823,65.5935],"dipPosition":[-69.7931,317.848,30.1663],"direction":[0.501407,0.792209,-0.347845],"extended":true,"handId":159,"id":1591,"length":49.6749,"mcpPosition":[-93.5931,268.991,45.3207],"pipPosition":[-80.0302,301.674,37.2682],"stabilizedTipPosition":[-81.3341,318.771,97.9157],"timeVisible":0.198805,"tipPosition":[-56.7201,316.913,18.8026],"tipVelocity":[121.067,-127.902,-328.048],"tool":false,"touchDistance":0.344964,"touchZone":"hovering","type":1,"width":17.4012},{"bases":[[[-0.554,-0.0168664,-0.832346],[-0.570926,0.735353,0.365101],[-0.60591,-0.677474,0.417015]],[[-0.592286,-0.0609541,-0.803419],[-0.708599,0.514029,0.483386],[-0.383516,-0.855604,0.347644]],[[-0.592286,-0.0609541,-0.803419],[-0.594342,0.706304,0.384567],[-0.544017,-0.705279,0.454562]],[[-0.592286,-0.0609541,-0.803419],[-0.427423,0.869037,0.249167],[-0.683012,-0.490978,0.540772]]],"btipPosition":[-67.8695,331.223,-2.22177],"carpPosition":[-145.134,229.454,57.4101],"dipPosition":[-78.7114,323.429,6.36227],"direction":[0.544017,0.705279,-0.454562],"extended":true,"handId":159,"id":1592,"length":56.6006,"mcpPosition":[-107.394,271.652,31.4354],"pipPosition":[-91.7788,306.488,17.281],"stabilizedTipPosition":[-83.1812,325.495,68.522],"timeVisible":0.198805,"tipPosition":[-62.7661,319.373,-2.59976],"tipVelocity":[123.137,-156.815,-375.011],"tool":false,"touchDistance":0.174382,"touchZone":"hovering","type":2,"width":17.0903},{"bases":[[[-0.592501,-0.171764,-0.787045],[-0.628072,0.710298,0.317808],[-0.504448,-0.682623,0.528732]],[[-0.598515,-0.179948,-0.78064],[-0.718531,0.551481,0.423772],[-0.354251,-0.814547,0.459368]],[[-0.598515,-0.179948,-0.78064],[-0.592333,0.755477,0.279993],[-0.539371,-0.629978,0.558754]],[[-0.598515,-0.179948,-0.78064],[-0.419883,0.900342,0.114382],[-0.68226,-0.396236,0.614425]]],"btipPosition":[-86.2264,320.269,-21.3637],"carpPosition":[-151.196,230.357,48.3139],"dipPosition":[-96.9941,314.015,-11.6665],"direction":[0.539371,0.629978,-0.558754],"extended":true,"handId":159,"id":1593,"length":54.423,"mcpPosition":[-122.985,268.532,18.7453],"pipPosition":[-109.615,299.274,1.40828],"stabilizedTipPosition":[-97.2078,312.592,48.0669],"timeVisible":0.198805,"tipPosition":[-81.2347,308.293,-19.502],"tipVelocity":[91.6929,-130.979,-349.445],"tool":false,"touchDistance":0.0587753,"touchZone":"hovering","type":3,"width":16.2625},{"bases":[[[-0.534928,-0.364601,-0.76218],[-0.754665,0.611818,0.236981],[-0.379912,-0.701958,0.60243]],[[-0.50959,-0.319056,-0.799075],[-0.765059,0.592973,0.251134],[-0.393704,-0.739315,0.54627]],[[-0.50959,-0.319056,-0.799075],[-0.639513,0.761757,0.103678],[-0.575622,-0.563853,0.592224]],[[-0.50959,-0.319056,-0.799075],[-0.410112,0.906491,-0.100407],[-0.75639,-0.276544,0.592788]]],"btipPosition":[-103.418,297.094,-28.5027],"carpPosition":[-155.368,225.331,37.4152],"dipPosition":[-114.431,293.067,-19.8717],"direction":[0.575622,0.563853,-0.592224],"extended":true,"handId":159,"id":1594,"length":42.6666,"mcpPosition":[-135.7,261.67,6.22865],"pipPosition":[-123.941,283.752,-10.0874],"stabilizedTipPosition":[-115.119,282.696,48.3446],"timeVisible":0.198805,"tipPosition":[-101.212,285.877,-25.2028],"tipVelocity":[-1.20085,-29.4379,-329.164],"tool":false,"touchDistance":-1,"touchZone":"hovering","type":4,"width":14.4456},{"bases":[[[0.637419,0.717482,0.280921],[-0.661856,0.323167,0.676395],[0.394517,-0.617076,0.680863]],[[0.425877,0.904648,-0.0154979],[-0.780054,0.375793,0.500295],[0.458415,-0.200975,0.865716]],[[0.425877,0.904648,-0.0154979],[-0.816317,0.391568,0.424618],[0.390199,-0.168184,0.90524]],[[0.425877,0.904648,-0.0154979],[-0.824708,0.395176,0.404589],[0.372135,-0.159524,0.914367]]],"btipPosition":[19.8169,119.707,36.7606],"carpPosition":[58.8411,102.753,119.489],"dipPosition":[27.1737,116.553,54.8368],"direction":[-0.390199,0.168184,-0.90524],"extended":true,"handId":160,"id":1600,"length":44.0229,"mcpPosition":[58.8411,102.753,119.489],"pipPosition":[38.4117,111.709,80.9083],"stabilizedTipPosition":[22.0863,119.635,41.2866],"timeVisible":0.180702,"tipPosition":[27.9493,121.828,39.8266],"tipVelocity":[-222.521,-268.608,-138.69],"tool":false,"touchDistance":0.891794,"touchZone":"hovering","type":0,"width":18.2173},{"bases":[[[0.952297,-0.141646,-0.27031],[0.251208,0.866779,0.430799],[0.173279,-0.478153,0.861014]],[[0.957335,-0.15681,-0.242737],[0.183231,0.978918,0.0902572],[0.223466,-0.130883,0.965884]],[[0.957335,-0.15681,-0.242737],[0.0194319,0.873002,-0.48733],[0.288328,0.461821,0.838802]],[[0.957335,-0.15681,-0.242737],[-0.0983289,0.613095,-0.783866],[0.271739,0.77429,0.571518]]],"btipPosition":[41.5137,135.735,3.35994],"carpPosition":[70.8131,120.183,120.339],"dipPosition":[45.4355,146.909,11.6082],"direction":[-0.288328,-0.461821,-0.838802],"extended":false,"handId":160,"id":1601,"length":49.6749,"mcpPosition":[59.4319,151.588,63.7863],"pipPosition":[51.3222,156.338,28.7339],"stabilizedTipPosition":[43.8981,140.206,6.958],"timeVisible":0.180702,"tipPosition":[44.1782,138.628,4.62341],"tipVelocity":[-213.284,-300.553,-251.847],"tool":false,"touchDistance":0.65731,"touchZone":"hovering","type":1,"width":17.4012},{"bases":[[[0.91008,-0.350619,-0.220953],[0.412332,0.819646,0.397697],[0.041663,-0.453042,0.890515]],[[0.910769,-0.360354,-0.201604],[0.380452,0.922107,0.0705301],[0.160485,-0.140937,0.976924]],[[0.910769,-0.360354,-0.201604],[0.225153,0.842679,-0.489079],[0.346129,0.400047,0.848621]],[[0.910769,-0.360354,-0.201604],[0.0547737,0.589366,-0.806007],[0.409266,0.723044,0.556515]]],"btipPosition":[57.5199,133.082,-6.86025],"carpPosition":[81.4597,120.211,117.601],"dipPosition":[64.0164,144.559,1.97367],"direction":[-0.346129,-0.400047,-0.848621],"extended":true,"handId":160,"id":1602,"length":56.6006,"mcpPosition":[78.8647,148.43,62.1333],"pipPosition":[72.3305,154.168,22.3578],"stabilizedTipPosition":[60.9507,137.908,-2.24864],"timeVisible":0.180702,"tipPosition":[58.1764,133.877,-2.44649],"tipVelocity":[-206.583,-275.453,-282.549],"tool":false,"touchDistance":0.582557,"touchZone":"hovering","type":2,"width":17.0903},{"bases":[[[0.872602,-0.47425,-0.116845],[0.477418,0.777641,0.409079],[-0.103143,-0.412747,0.904987]],[[0.870502,-0.481949,-0.0997586],[0.4883,0.87109,0.0525769],[0.0615593,-0.0944805,0.993622]],[[0.870502,-0.481949,-0.0997586],[0.369107,0.773371,-0.515419],[0.325556,0.411852,0.851112]],[[0.870502,-0.481949,-0.0997586],[0.206855,0.542194,-0.814393],[0.446585,0.688295,0.571675]]],"btipPosition":[80.4719,123.523,-2.19172],"carpPosition":[91.6933,117.375,114.857],"dipPosition":[87.5201,134.386,6.8307],"direction":[-0.325556,-0.411852,-0.851112],"extended":true,"handId":160,"id":1603,"length":54.423,"mcpPosition":[97.4614,140.457,64.247],"pipPosition":[95.1381,144.023,26.7467],"stabilizedTipPosition":[84.3482,128.28,2.56676],"timeVisible":0.180702,"tipPosition":[81.8602,125.253,2.33436],"tipVelocity":[-221.491,-271.555,-259.698],"tool":false,"touchDistance":0.600163,"touchZone":"hovering","type":3,"width":16.2625},{"bases":[[[0.763841,-0.64076,-0.0772921],[0.596327,0.654871,0.464261],[-0.246864,-0.400713,0.882319]],[[0.72552,-0.687183,0.0374124],[0.685163,0.726352,0.0544478],[-0.0645902,-0.0138694,0.997815]],[[0.72552,-0.687183,0.0374124],[0.580221,0.581546,-0.570218],[0.370087,0.435412,0.820641]],[[0.72552,-0.687183,0.0374124],[0.40118,0.378139,-0.834305],[0.559174,0.620315,0.550032]]],"btipPosition":[100.458,113.32,14.409],"carpPosition":[100.005,108.387,111.454],"dipPosition":[108.599,122.352,22.4175],"direction":[-0.370087,-0.435412,-0.820641],"extended":false,"handId":160,"id":1604,"length":42.6666,"mcpPosition":[112.785,129.131,65.7784],"pipPosition":[114.714,129.545,35.9756],"stabilizedTipPosition":[104.239,117.368,18.499],"timeVisible":0.180702,"tipPosition":[101.607,115.487,18.8045],"tipVelocity":[-197.218,-251.503,-245.941],"tool":false,"touchDistance":0.695113,"touchZone":"hovering","type":4,"width":14.4456}],"r":[[-0.820893,-0.361573,0.44204],[0.257839,0.456,0.851812],[-0.509562,0.813222,-0.2811]],"s":-1.18258,"t":[-1187.85,-1124.9,1424.65],"timestamp":630209953869},{"currentFrameRate":51.6785,"devices":[],"gestures":[],"hands":[{"armBasis":[[-0.829658,-0.0937212,-0.550349],[-0.338969,0.86786,0.363208],[-0.443585,-0.487889,0.751795]],"armWidth":57.1908,"confidence":0.815367,"direction":[0.521233,0.768101,-0.371937],"elbow":[-265.028,86.2416,237.652],"grabAngle":0.296561,"grabStrength":0,"id":159,"palmNormal":[0.560383,-0.636746,-0.529647],"palmPosition":[-116.851,250.434,30.4866],"palmVelocity":[83.2786,-83.3206,-273.523],"palmWidth":81.2339,"pinchDistance":80.0889,"pinchStrength":0,"r":[[0.974743,-0.0750656,-0.210334],[0.0687019,0.996936,-0.0374112],[0.212498,0.022016,0.976914]],"s":1.13973,"sphereCenter":[-110.757,309.811,48.028],"sphereRadius":68.7697,"stabilizedPalmPosition":[-137.875,250.225,100.939],"t":[21.2371,35.3727,-106.374],"timeVisible":0.216938,"type":"left","wrist":[-158.102,203.847,56.4314]},{"armBasis":[[0.945878,-0.15064,-0.28744],[0.2804,0.825271,0.490208],[0.163371,-0.544275,0.822845]],"armWidth":57.1908,"confidence":0.78082,"direction":[0.0138241,0.540282,-0.84137],"elbow":[124.346,-37.6624,329.882],"grabAngle":1.38585,"grabStrength":0.301687,"id":160,"palmNormal":[-0.28008,-0.805674,-0.521962],"palmPosition":[76.5712,128.627,73.8032],"palmVelocity":[-176.475,-185.52,-234.801],"palmWidth":81.2339,"pinchDistance":47.1826,"pinchStrength":0.291198,"r":[[0.97825,0.0371503,-0.204077],[-0.0619468,0.991258,-0.116495],[0.197965,0.126603,0.971999]],"s":1.14298,"sphereCenter":[76.5415,81.4565,26.7609],"sphereRadius":64.2718,"stabilizedPalmPosition":[79.0721,130.863,76.8449],"t":[-62.5224,2.48889,-14.1117],"timeVisible":0.198835,"type":"right","wrist":[84.965,93.5353,131.535]}],"id":54281,"interactionBox":{"center":[0,200,0],"size":[235.247,235.247,147.751]},"pointables":[{"bases":[[[-0.658515,0.746624,0.0943964],[0.0639768,-0.0694393,0.995533],[-0.749843,-0.661613,0.00203972]],[[-0.278028,0.95684,0.0846075],[-0.0782608,-0.110351,0.990807],[-0.95738,-0.26885,-0.105564]],[[-0.278028,0.95684,0.0846075],[0.283107,-0.00254398,0.959085],[-0.917906,-0.290605,0.270181]],[[-0.278028,0.95684,0.0846075],[0.635436,0.117152,0.763214],[-0.720362,-0.265957,0.640582]]],"btipPosition":[-44.9853,231.721,44.9635],"carpPosition":[-128.328,206.112,60.7041],"dipPosition":[-59.2262,226.463,57.6272],"direction":[0.917906,0.290605,-0.270181],"extended":true,"handId":159,"id":1590,"length":44.0229,"mcpPosition":[-128.328,206.112,60.7041],"pipPosition":[-85.6625,218.093,65.4086],"stabilizedTipPosition":[-75.4819,228.599,158.027],"timeVisible":0.216938,"tipPosition":[-47.1063,230.796,49.6338],"tipVelocity":[37.3728,-116.566,-305.759],"tool":false,"touchDistance":-0.360191,"touchZone":"hovering","type":0,"width":18.2173},{"bases":[[[-0.546998,0.195648,-0.81395],[-0.461929,0.740339,0.488384],[-0.698151,-0.643132,0.314588]],[[-0.652635,0.0891396,-0.75241],[-0.659036,0.423162,0.621776],[-0.373816,-0.901659,0.217424]],[[-0.652635,0.0891396,-0.75241],[-0.5663,0.602348,0.562566],[-0.50336,-0.793241,0.342634]],[[-0.652635,0.0891396,-0.75241],[-0.392376,0.809755,0.436278],[-0.648157,-0.579958,0.493498]]],"btipPosition":[-58.7133,324.581,18.2369],"carpPosition":[-137.766,225.052,60.9077],"dipPosition":[-68.0677,316.211,25.3592],"direction":[0.50336,0.793241,-0.342634],"extended":true,"handId":159,"id":1591,"length":49.6749,"mcpPosition":[-91.9107,267.294,40.2451],"pipPosition":[-78.3447,300.016,32.3547],"stabilizedTipPosition":[-80.981,318.838,96.5692],"timeVisible":0.216938,"tipPosition":[-54.8275,315.042,13.8045],"tipVelocity":[99.4658,-93.5973,-263.381],"tool":false,"touchDistance":0.265365,"touchZone":"hovering","type":1,"width":17.4012},{"bases":[[[-0.549475,-0.022136,-0.835217],[-0.562971,0.748458,0.350533],[-0.617365,-0.662812,0.423721]],[[-0.589019,-0.0658285,-0.805433],[-0.710125,0.517881,0.476993],[-0.385719,-0.852916,0.351789]],[[-0.589019,-0.0658285,-0.805433],[-0.59351,0.711664,0.375874],[-0.548454,-0.69943,0.458253]],[[-0.589019,-0.0658285,-0.805433],[-0.420316,0.876213,0.235767],[-0.690211,-0.477408,0.543775]]],"btipPosition":[-65.7607,329.033,-7.72169],"carpPosition":[-144.05,228.643,52.633],"dipPosition":[-76.7168,321.455,0.910007],"direction":[0.548454,0.69943,-0.458253],"extended":true,"handId":159,"id":1592,"length":56.6006,"mcpPosition":[-105.595,269.928,26.2405],"pipPosition":[-89.8909,304.655,11.9174],"stabilizedTipPosition":[-82.8998,325.529,67.1197],"timeVisible":0.216938,"tipPosition":[-60.6307,317.175,-8.10169],"tipVelocity":[114.847,-117.992,-302.706],"tool":false,"touchDistance":0.0828995,"touchZone":"hovering","type":2,"width":17.0903},{"bases":[[[-0.590324,-0.175792,-0.787791],[-0.620184,0.723454,0.303294],[-0.516614,-0.667617,0.536095]],[[-0.596461,-0.183764,-0.781323],[-0.719247,0.554436,0.41867],[-0.356257,-0.811684,0.462871]],[[-0.596461,-0.183764,-0.781323],[-0.591319,0.758847,0.272934],[-0.542749,-0.624805,0.561286]],[[-0.596461,-0.183764,-0.781323],[-0.409879,0.90668,0.0996533],[-0.690097,-0.379687,0.61612]]],"btipPosition":[-84.1187,318.071,-26.8187],"carpPosition":[-150.047,229.489,43.4888],"dipPosition":[-95.0101,312.079,-17.0949],"direction":[0.542749,0.624805,-0.561286],"extended":true,"handId":159,"id":1593,"length":54.423,"mcpPosition":[-121.156,266.824,13.5084],"pipPosition":[-107.71,297.458,-3.96079],"stabilizedTipPosition":[-97.2078,312.592,48.0669],"timeVisible":0.216938,"tipPosition":[-79.1403,306.115,-25.0633],"tipVelocity":[114.668,-117.886,-300.496],"tool":false,"touchDistance":-0.0820397,"touchZone":"hovering","type":3,"width":16.2625},{"bases":[[[-0.535507,-0.368982,-0.759661],[-0.747639,0.625461,0.223234],[-0.392769,-0.687496,0.610805]],[[-0.508861,-0.323542,-0.797735],[-0.766667,0.591781,0.249032],[-0.391512,-0.73832,0.549184]],[[-0.508861,-0.323542,-0.797735],[-0.684068,0.714544,0.146553],[-0.522601,-0.62028,0.584929]],[[-0.508861,-0.323542,-0.797735],[-0.44849,0.890624,-0.0751321],[-0.73479,-0.319544,0.59831]]],"btipPosition":[-102.866,296.896,-33.7548],"carpPosition":[-154.225,224.353,32.6436],"dipPosition":[-113.564,292.244,-25.0434],"direction":[0.522601,0.62028,-0.584929],"extended":true,"handId":159,"id":1594,"length":42.6666,"mcpPosition":[-133.892,259.944,1.02349],"pipPosition":[-122.198,281.996,-15.3795],"stabilizedTipPosition":[-115.058,282.777,47.8505],"timeVisible":0.216938,"tipPosition":[-99.997,285.353,-30.7715],"tipVelocity":[34.4509,-18.844,-288.621],"tool":false,"touchDistance":-1,"touchZone":"hovering","type":4,"width":14.4456},{"bases":[[[0.63946,0.728315,0.246268],[-0.652643,0.344913,0.674605],[0.406384,-0.592109,0.695888]],[[0.424162,0.904098,-0.0518953],[-0.777758,0.393045,0.490519],[0.463875,-0.167698,0.869884]],[[0.424162,0.904098,-0.0518953],[-0.810254,0.40448,0.424128],[0.404444,-0.13785,0.904114]],[[0.424162,0.904098,-0.0518953],[-0.799633,0.400818,0.447137],[0.425056,-0.148161,0.892959]]],"btipPosition":[15.6204,115.169,34.0716],"carpPosition":[56.3444,100.797,116.53],"dipPosition":[24.0234,112.24,51.7246],"direction":[-0.404444,0.13785,-0.904114],"extended":true,"handId":160,"id":1600,"length":44.0229,"mcpPosition":[56.3444,100.797,116.53],"pipPosition":[35.6716,108.27,77.7637],"stabilizedTipPosition":[18.1607,115.185,38.5547],"timeVisible":0.198835,"tipPosition":[24.0387,116.952,36.7624],"tipVelocity":[-218.161,-247.375,-153.66],"tool":false,"touchDistance":0.794153,"touchZone":"hovering","type":0,"width":18.2173},{"bases":[[[0.948572,-0.148704,-0.279462],[0.255095,0.881818,0.396641],[0.187452,-0.447532,0.874401]],[[0.956845,-0.171168,-0.234841],[0.191205,0.979381,0.0652144],[0.218836,-0.107303,0.969844]],[[0.956845,-0.171168,-0.234841],[0.0335895,0.86785,-0.49569],[0.288653,0.46641,0.836147]],[[0.956845,-0.171168,-0.234841],[-0.0859552,0.60526,-0.791374],[0.277597,0.777408,0.564427]]],"btipPosition":[38.1239,130.82,-1.25031],"carpPosition":[68.2774,118.274,116.595],"dipPosition":[42.1303,142.04,6.89564],"direction":[-0.288653,-0.46641,-0.836147],"extended":true,"handId":160,"id":1601,"length":49.6749,"mcpPosition":[55.9653,147.668,59.1632],"pipPosition":[48.0236,151.562,23.9671],"stabilizedTipPosition":[40.7283,135.761,2.82021],"timeVisible":0.198835,"tipPosition":[39.7879,132.701,0.711196],"tipVelocity":[-185.867,-270.452,-255.545],"tool":false,"touchDistance":0.555406,"touchZone":"hovering","type":1,"width":17.4012},{"bases":[[[0.907697,-0.355935,-0.222253],[0.415843,0.833943,0.362786],[0.0562184,-0.421722,0.904981]],[[0.909125,-0.37076,-0.189811],[0.385789,0.92133,0.0481384],[0.157031,-0.116991,0.98064]],[[0.909125,-0.37076,-0.189811],[0.236294,0.83436,-0.498005],[0.343011,0.407897,0.846146]],[[0.909125,-0.37076,-0.189811],[0.0625762,0.572108,-0.817788],[0.411796,0.731594,0.543318]]],"btipPosition":[54.2108,127.853,-11.5459],"carpPosition":[78.882,118.232,113.699],"dipPosition":[60.7476,139.466,-2.92147],"direction":[-0.343011,-0.407897,-0.846146],"extended":true,"handId":160,"id":1602,"length":56.6006,"mcpPosition":[75.3803,144.5,57.33],"pipPosition":[68.9868,149.264,17.4032],"stabilizedTipPosition":[57.8641,133.555,-6.55962],"timeVisible":0.198835,"tipPosition":[53.9812,127.967,-6.72603],"tipVelocity":[-181.976,-286.644,-261.062],"tool":false,"touchDistance":0.486627,"touchZone":"hovering","type":2,"width":17.0903},{"bases":[[[0.872128,-0.475962,-0.113367],[0.481212,0.792513,0.374644],[-0.0884711,-0.381291,0.920212]],[[0.869512,-0.485785,-0.0892283],[0.489634,0.871524,0.0265589],[0.0648626,-0.0667824,0.995657]],[[0.869512,-0.485785,-0.0892283],[0.371015,0.761663,-0.531242],[0.326031,0.428816,0.842509]],[[0.869512,-0.485785,-0.0892283],[0.205497,0.520095,-0.829019],[0.449132,0.702506,0.552056]]],"btipPosition":[76.8639,118.049,-6.56419],"carpPosition":[89.0817,115.327,110.902],"dipPosition":[83.9523,129.136,2.1486],"direction":[-0.326031,-0.428816,-0.842509],"extended":true,"handId":160,"id":1603,"length":54.423,"mcpPosition":[94.0294,136.65,59.4404],"pipPosition":[91.5814,139.17,21.8633],"stabilizedTipPosition":[80.8654,123.71,-1.67341],"timeVisible":0.198835,"tipPosition":[77.6161,119.357,-1.86272],"tipVelocity":[-198.467,-299.038,-245.06],"tool":false,"touchDistance":0.506825,"touchZone":"hovering","type":3,"width":16.2625},{"bases":[[[0.764448,-0.641253,-0.0664339],[0.601282,0.672016,0.432267],[-0.232548,-0.370391,0.899295]],[[0.725077,-0.686203,0.0582121],[0.685765,0.727189,0.0303518],[-0.0631587,0.0179125,0.997843]],[[0.725077,-0.686203,0.0582121],[0.58517,0.569335,-0.577438],[0.363097,0.452751,0.814357]],[[0.725077,-0.686203,0.0582121],[0.411274,0.363668,-0.835823],[0.552374,0.629977,0.545905]]],"btipPosition":[97.2512,108.232,9.92814],"carpPosition":[97.3677,106.246,107.689],"dipPosition":[105.294,117.405,17.8765],"direction":[-0.363097,-0.452751,-0.814357],"extended":false,"handId":160,"id":1604,"length":42.6666,"mcpPosition":[109.406,125.42,61.1344],"pipPosition":[111.293,124.885,31.3308],"stabilizedTipPosition":[101.161,113.159,14.4599],"timeVisible":0.198835,"tipPosition":[97.6729,110.14,14.6276],"tipVelocity":[-178.098,-278.785,-247.875],"tool":false,"touchDistance":0.591515,"touchZone":"hovering","type":4,"width":14.4456}],"r":[[-0.833804,-0.33672,0.437481],[0.258495,0.462084,0.848327],[-0.487802,0.820425,-0.298247]],"s":-1.19145,"t":[-1189.28,-1127.82,1419.38],"timestamp":630209972002},{"currentFrameRate":51.9917,"devices":[],"gestures":[],"hands":[{"armBasis":[[-0.833593,-0.0869413,-0.545494],[-0.321942,0.878936,0.351887],[-0.448861,-0.468948,0.760665]],"armWidth":57.1908,"confidence":0.844912,"direction":[0.533964,0.75427,-0.382047],"elbow":[-265.988,90.1576,236.097],"grabAngle":0.296186,"grabStrength":0,"id":159,"palmNormal":[0.548417,-0.65288,-0.522482],"palmPosition":[-115.789,248.722,26.1406],"palmVelocity":[58.7316,-94.6481,-240.337],"palmWidth":81.2339,"pinchDistance":80.1544,"pinchStrength":0,"r":[[0.971081,-0.093911,-0.219505],[0.0852421,0.995171,-0.0486575],[0.223014,0.0285394,0.974397]],"s":1.14383,"sphereCenter":[-108.991,309.131,44.2663],"sphereRadius":69.6961,"stabilizedPalmPosition":[-137.588,250.205,99.9687],"t":[22.6248,33.8023,-111.495],"timeVisible":0.235021,"type":"left","wrist":[-157.79,203.198,52.7388]},{"armBasis":[[0.941545,-0.149965,-0.301669],[0.283773,0.835655,0.470269],[0.181567,-0.528385,0.829363]],"armWidth":57.1908,"confidence":0.815331,"direction":[0.00807209,0.515102,-0.857091],"elbow":[126.288,-36.0786,328.132],"grabAngle":1.37453,"grabStrength":0.291397,"id":160,"palmNormal":[-0.283658,-0.820731,-0.495922],"palmPosition":[73.6097,124.746,69.5937],"palmVelocity":[-163.774,-214.604,-232.791],"palmWidth":81.2339,"pinchDistance":48.0771,"pinchStrength":0.266786,"r":[[0.975194,0.0390744,-0.217874],[-0.0705873,0.987803,-0.138789],[0.209793,0.150726,0.966058]],"s":1.15006,"sphereCenter":[74.0636,75.7154,23.6047],"sphereRadius":64.9916,"stabilizedPalmPosition":[76.3636,127.83,73.2493],"t":[-65.71,-0.70965,-18.148],"timeVisible":0.216918,"type":"right","wrist":[82.5208,91.2887,128.214]}],"id":54282,"interactionBox":{"center":[0,200,0],"size":[235.247,235.247,147.751]},"pointables":[{"bases":[[[-0.645277,0.759089,0.0860371],[0.064256,-0.0582933,0.996229],[-0.761242,-0.648372,0.0111607]],[[-0.257409,0.963542,0.0729833],[-0.0725523,-0.0945869,0.992869],[-0.963575,-0.250278,-0.0942547]],[[-0.257409,0.963542,0.0729833],[0.299914,0.0078661,0.953934],[-0.918582,-0.26744,0.291005]],[[-0.257409,0.963542,0.0729833],[0.658642,0.119686,0.742877],[-0.707059,-0.239293,0.665437]]],"btipPosition":[-44.615,228.569,39.5811],"carpPosition":[-127.991,204.982,56.9168],"dipPosition":[-58.5929,223.838,52.7362],"direction":[0.918582,0.26744,-0.291005],"extended":true,"handId":159,"id":1590,"length":44.0229,"mcpPosition":[-127.991,204.982,56.9168],"pipPosition":[-85.0486,216.136,61.1173],"stabilizedTipPosition":[-75.3231,228.593,157.365],"timeVisible":0.235021,"tipPosition":[-46.4755,228.063,45.2299],"tipVelocity":[23.8252,-167.59,-291.4],"tool":false,"touchDistance":-0.431546,"touchZone":"hovering","type":0,"width":18.2173},{"bases":[[[-0.544733,0.195123,-0.815594],[-0.448237,0.754227,0.479818],[-0.708766,-0.626952,0.323391]],[[-0.646995,0.0966555,-0.756344],[-0.65947,0.426989,0.618693],[-0.38275,-0.899076,0.212518]],[[-0.646995,0.0966555,-0.756344],[-0.56198,0.609963,0.55868],[-0.515341,-0.786513,0.340325]],[[-0.646995,0.0966555,-0.756344],[-0.371761,0.82606,0.423579],[-0.665726,-0.555232,0.498524]]],"btipPosition":[-56.5245,321.964,13.8028],"carpPosition":[-137.097,224.085,56.8992],"dipPosition":[-66.1325,313.95,20.9977],"direction":[0.515341,0.786513,-0.340325],"extended":true,"handId":159,"id":1591,"length":49.6749,"mcpPosition":[-90.5443,265.264,35.6584],"pipPosition":[-76.6541,297.892,27.946],"stabilizedTipPosition":[-80.3791,318.873,94.3749],"timeVisible":0.235021,"tipPosition":[-53.0422,312.52,8.99962],"tipVelocity":[117.817,-140.227,-244.284],"tool":false,"touchDistance":0.191742,"touchZone":"hovering","type":1,"width":17.4012},{"bases":[[[-0.551033,-0.0228301,-0.834171],[-0.54933,0.762409,0.342008],[-0.628171,-0.646693,0.432654]],[[-0.590092,-0.064156,-0.804783],[-0.705486,0.525644,0.475382],[-0.39253,-0.848282,0.35544]],[[-0.590092,-0.064156,-0.804783],[-0.582018,0.724641,0.368987],[-0.559506,-0.686134,0.464945]],[[-0.590092,-0.064156,-0.804783],[-0.390454,0.895182,0.214931],[-0.706637,-0.44106,0.55329]]],"btipPosition":[-63.5639,325.984,-12.7826],"carpPosition":[-143.329,227.683,48.5889],"dipPosition":[-74.7808,318.983,-3.99984],"direction":[0.559506,0.686134,-0.464945],"extended":true,"handId":159,"id":1592,"length":56.6006,"mcpPosition":[-104.202,267.964,21.64],"pipPosition":[-88.2203,302.502,7.16828],"stabilizedTipPosition":[-82.8998,325.529,67.1197],"timeVisible":0.235021,"tipPosition":[-58.6729,314.264,-13.2728],"tipVelocity":[118.168,-161.289,-277.949],"tool":false,"touchDistance":-0.0508697,"touchZone":"hovering","type":2,"width":17.0903},{"bases":[[[-0.594479,-0.175156,-0.784803],[-0.60704,0.737826,0.295154],[-0.52735,-0.65187,0.544948]],[[-0.599739,-0.181686,-0.779296],[-0.714194,0.560758,0.418901],[-0.360888,-0.8078,0.466068]],[[-0.599739,-0.181686,-0.779296],[-0.578481,0.771324,0.265366],[-0.552877,-0.609959,0.567695]],[[-0.599739,-0.181686,-0.779296],[-0.37647,0.923434,0.0744366],[-0.706105,-0.338024,0.622219]]],"btipPosition":[-82.1318,315.07,-31.7268],"carpPosition":[-149.325,228.52,39.4427],"dipPosition":[-93.2759,309.736,-21.9067],"direction":[0.552877,0.609959,-0.567695],"extended":true,"handId":159,"id":1593,"length":54.423,"mcpPosition":[-119.833,264.975,8.96726],"pipPosition":[-106.213,295.463,-8.6226],"stabilizedTipPosition":[-96.8981,312.623,46.1478],"timeVisible":0.235021,"tipPosition":[-77.3839,303.318,-30.1233],"tipVelocity":[106.66,-157.572,-270.194],"tool":false,"touchDistance":-0.163472,"touchZone":"hovering","type":3,"width":16.2625},{"bases":[[[-0.542991,-0.368912,-0.754364],[-0.736302,0.641091,0.216473],[-0.403757,-0.672983,0.619737]],[[-0.516423,-0.325698,-0.791977],[-0.765024,0.591024,0.255792],[-0.384767,-0.737978,0.554385]],[[-0.516423,-0.325698,-0.791977],[-0.707206,0.683717,0.179971],[-0.482873,-0.653032,0.583423]],[[-0.516423,-0.325698,-0.791977],[-0.472301,0.879791,-0.053838],[-0.71431,-0.346249,0.608172]]],"btipPosition":[-102.836,296.037,-38.4678],"carpPosition":[-153.608,223.325,28.667],"dipPosition":[-113.236,290.995,-29.6128],"direction":[0.482873,0.653032,-0.583423],"extended":true,"handId":159,"id":1594,"length":42.6666,"mcpPosition":[-132.706,258.164,-3.41549],"pipPosition":[-121.214,280.206,-19.9739],"stabilizedTipPosition":[-115.021,282.823,47.5283],"timeVisible":0.235021,"tipPosition":[-99.3946,284.343,-35.6887],"tipVelocity":[5.44273,-52.4713,-258.808],"tool":false,