{"frames":60,"data":[{"currentFrameRate":55.3229,"devices":[],"gestures":[],"hands":[{"armBasis":[[0.722963,0.0666837,-0.687661],[0.26127,0.895027,0.361475],[0.63958,-0.440998,0.629649]],"armWidth":55.9977,"confidence":1,"direction":[0.0464181,0.948984,-0.311889],"elbow":[128.633,224.959,248.981],"grabAngle":0.104161,"grabStrength":0,"id":182,"palmNormal":[-0.341729,-0.278301,-0.897647],"palmPosition":[-42.1525,396.752,65.5555],"palmVelocity":[-5.60985,24.8931,10.5532],"palmWidth":83.544,"pinchDistance":69.3389,"pinchStrength":0,"r":[[-0.255723,-0.0718148,0.964079],[0.938858,-0.256262,0.229945],[0.230544,0.963936,0.132956]],"s":1.23341,"sphereCenter":[-38.3108,474.039,140.222],"sphereRadius":110.146,"stabilizedPalmPosition":[-41.3002,395.965,67.2013],"t":[-64.8646,239.907,-34.9593],"timeVisible":6.47151,"type":"right","wrist":[-29.9221,334.285,92.8876]}],"id":59602,"interactionBox":{"center":[0,200,0],"size":[235.247,235.247,147.751]},"pointables":[{"bases":[[[0.69242,0.374443,0.616723],[-0.620711,-0.126585,0.773754],[0.367795,-0.918569,0.14477]],[[0.506256,0.688862,0.51882],[-0.679235,-0.052176,0.732064],[0.531361,-0.723012,0.441485]],[[0.506256,0.688862,0.51882],[-0.795992,0.141781,0.588467],[0.331814,-0.710892,0.620107]],[[0.506256,0.688862,0.51882],[-0.830781,0.228204,0.507667],[0.231316,-0.688035,0.687823]]],"btipPosition":[-104.317,418.017,28.2635],"carpPosition":[-64.6328,347.906,82.6295],"dipPosition":[-99.3554,403.258,43.0172],"direction":[-0.331814,0.710892,-0.620107],"extended":true,"handId":182,"id":1820,"length":47.7656,"mcpPosition":[-64.6328,347.906,82.6295],"pipPosition":[-88.9865,381.043,62.3951],"stabilizedTipPosition":[-102.589,414.757,33.9785],"timeVisible":6.47151,"tipPosition":[-104.668,413.016,30.8234],"tipVelocity":[-8.64974,21.3435,4.56606],"tool":false,"touchDistance":0.333412,"touchZone":"hovering","type":0,"width":17.446},{"bases":[[[0.93312,0.0131925,-0.359323],[0.321357,0.417689,0.849862],[0.161297,-0.908494,0.385514]],[[0.936362,-0.00628079,-0.350979],[0.344373,0.210298,0.914976],[0.0680632,-0.977617,0.199078]],[[0.936362,-0.00628079,-0.350979],[0.325053,0.393015,0.860163],[0.132537,-0.919511,0.370046]],[[0.936362,-0.00628079,-0.350979],[0.31079,0.479677,0.820561],[0.163202,-0.877423,0.451103]]],"btipPosition":[-70.1578,495.1,44.2336],"carpPosition":[-51.0906,361.128,93.3751],"dipPosition":[-67.6022,481.36,51.2975],"direction":[-0.132537,0.91951,-0.370046],"extended":true,"handId":182,"id":1821,"length":53.8982,"mcpPosition":[-61.9861,422.496,67.3339],"pipPosition":[-64.6661,460.991,59.495],"stabilizedTipPosition":[-68.1521,490.683,46.8072],"timeVisible":6.47151,"tipPosition":[-69.6691,491.822,45.7173],"tipVelocity":[-16.8746,21.6323,6.08121],"tool":false,"touchDistance":0.333435,"touchZone":"hovering","type":1,"width":16.6644},{"bases":[[[0.877785,-0.18107,-0.443516],[0.477949,0.393859,0.785137],[0.0325178,-0.90116,0.432266]],[[0.875357,-0.139385,-0.462949],[0.481447,0.163648,0.861062],[-0.0442586,-0.976622,0.210357]],[[0.875357,-0.139385,-0.462949],[0.482731,0.305141,0.82089],[0.0268447,-0.942051,0.334393]],[[0.875357,-0.139385,-0.462949],[0.47266,0.448131,0.758796],[0.101697,-0.883035,0.458156]]],"btipPosition":[-42.8186,503.052,36.8869],"carpPosition":[-40.2395,362.42,90.4762],"dipPosition":[-41.067,487.843,44.7778],"direction":[-0.0268447,0.942051,-0.334393],"extended":true,"handId":182,"id":1822,"length":61.4127,"mcpPosition":[-42.3226,420.147,62.7858],"pipPosition":[-40.3674,463.291,53.493],"stabilizedTipPosition":[-40.9581,498.483,40.6123],"timeVisible":6.47151,"tipPosition":[-41.4033,499.091,38.1209],"tipVelocity":[-12.9098,24.5021,12.5164],"tool":false,"touchDistance":0.333525,"touchZone":"hovering","type":2,"width":16.3667},{"bases":[[[0.834459,-0.340882,-0.432987],[0.540235,0.350988,0.764823],[-0.108741,-0.872128,0.477041]],[[0.839323,-0.290294,-0.459638],[0.517646,0.168476,0.838844],[-0.166073,-0.94199,0.291675]],[[0.839323,-0.290294,-0.459638],[0.534444,0.285807,0.795415],[-0.0995361,-0.91326,0.39503]],[[0.839323,-0.290294,-0.459638],[0.543507,0.429859,0.720986],[-0.0117182,-0.854957,0.518567]]],"btipPosition":[-14.2337,487.953,27.5313],"carpPosition":[-30.0163,361.392,85.8214],"dipPosition":[-14.4344,473.313,36.4113],"direction":[0.0995361,0.91326,-0.39503],"extended":true,"handId":182,"id":1823,"length":59.0499,"mcpPosition":[-23.7622,411.551,58.3849],"pipPosition":[-16.9615,450.125,46.4409],"stabilizedTipPosition":[-12.8008,483.896,32.6169],"timeVisible":6.47151,"tipPosition":[-13.5186,483.808,29.0173],"tipVelocity":[-9.25851,24.5669,11.1179],"tool":false,"touchDistance":0.333501,"touchZone":"hovering","type":3,"width":15.5739},{"bases":[[[0.715455,-0.492806,-0.495244],[0.651703,0.215257,0.727288],[-0.251807,-0.843094,0.47517]],[[0.715444,-0.492845,-0.495222],[0.606693,0.086708,0.790193],[-0.346503,-0.865786,0.36104]],[[0.715444,-0.492845,-0.495222],[0.65639,0.231303,0.718089],[-0.23936,-0.83881,0.488983]],[[0.715444,-0.492845,-0.495222],[0.688314,0.375608,0.620598],[-0.11985,-0.784871,0.607958]]],"btipPosition":[8.60021,456.206,21.5653],"carpPosition":[-22.2194,355.826,76.9337],"dipPosition":[6.70685,443.807,31.1698],"direction":[0.23936,0.83881,-0.488983],"extended":true,"handId":182,"id":1824,"length":46.294,"mcpPosition":[-8.81316,400.712,51.6356],"pipPosition":[2.41609,428.77,39.9353],"stabilizedTipPosition":[9.35312,453.234,26.82],"timeVisible":6.47151,"tipPosition":[8.66894,452.63,23.4248],"tipVelocity":[-5.96734,24.0795,10.9584],"tool":false,"touchDistance":0.333493,"touchZone":"hovering","type":4,"width":13.834}],"r":[[-0.255723,-0.0718148,0.964079],[0.938858,-0.256262,0.229945],[0.230544,0.963936,0.132956]],"s":1.23341,"t":[-64.8646,239.907,-34.9593],"timestamp":630311463772},{"currentFrameRate":55.3389,"devices":[],"gestures":[],"hands":[{"armBasis":[[0.722583,0.0668905,-0.688041],[0.261878,0.894637,0.362001],[0.639761,-0.441759,0.628932]],"armWidth":55.9977,"confidence":1,"direction":[0.0477906,0.950543,-0.306895],"elbow":[128.506,224.94,248.832],"grabAngle":0.109299,"grabStrength":0,"id":182,"palmNormal":[-0.342668,-0.272999,-0.898916],"palmPosition":[-42.2497,397.058,65.8907],"palmVelocity":[-5.39085,17.0033,18.6071],"palmWidth":83.544,"pinchDistance":69.2711,"pinchStrength":0,"r":[[-0.255196,-0.0728635,0.96414],[0.938736,-0.257548,0.229008],[0.231626,0.963514,0.134125]],"s":1.23331,"sphereCenter":[-38.745,473.593,140.034],"sphereRadius":109.319,"stabilizedPalmPosition":[-41.307,395.973,67.1921],"t":[-64.9416,240.192,-34.705],"timeVisible":6.48953,"type":"right","wrist":[-30.0938,334.454,92.9169]}],"id":59603,"interactionBox":{"center":[0,200,0],"size":[235.247,235.247,147.751]},"pointables":[{"bases":[[[0.693363,0.370055,0.61831],[-0.620495,-0.129666,0.773416],[0.36638,-0.919916,0.139712]],[[0.507137,0.685912,0.52186],[-0.679496,-0.0542802,0.731669],[0.530187,-0.725658,0.438546]],[[0.507137,0.685912,0.52186],[-0.795976,0.14055,0.588786],[0.330507,-0.713983,0.617247]],[[0.507137,0.685912,0.52186],[-0.83069,0.227621,0.508078],[0.22971,-0.691169,0.685215]]],"btipPosition":[-104.355,418.555,28.6327],"carpPosition":[-64.8,348.159,82.7188],"dipPosition":[-99.428,403.729,43.3305],"direction":[-0.330507,0.713983,-0.617247],"extended":true,"handId":182,"id":1820,"length":47.7656,"mcpPosition":[-64.8,348.159,82.7188],"pipPosition":[-89.0999,381.418,62.619],"stabilizedTipPosition":[-102.602,414.765,33.9375],"timeVisible":6.48953,"tipPosition":[-104.744,413.621,31.2858],"tipVelocity":[-2.55524,29.0235,19.7824],"tool":false,"touchDistance":0.333604,"touchZone":"hovering","type":0,"width":17.446},{"bases":[[[0.932945,0.0135776,-0.359764],[0.322497,0.41267,0.85188],[0.16003,-0.91078,0.380619]],[[0.93585,-0.00394344,-0.352376],[0.345401,0.208539,0.914992],[0.0698761,-0.978006,0.196524]],[[0.93585,-0.00394344,-0.352376],[0.325271,0.39439,0.85945],[0.135584,-0.918935,0.370373]],[[0.93585,-0.00394344,-0.352376],[0.310962,0.479678,0.820494],[0.165792,-0.877436,0.450133]]],"btipPosition":[-70.3915,495.431,44.8243],"carpPosition":[-51.2305,361.302,93.5266],"dipPosition":[-67.7953,481.691,51.873],"direction":[-0.135584,0.918935,-0.370373],"extended":true,"handId":182,"id":1821,"length":53.8982,"mcpPosition":[-62.0404,422.825,67.8161],"pipPosition":[-64.7918,461.335,60.0778],"stabilizedTipPosition":[-68.1613,490.692,46.8052],"timeVisible":6.48953,"tipPosition":[-69.6269,492.276,46.5671],"tipVelocity":[-12.4554,18.3957,32.5943],"tool":false,"touchDistance":0.333778,"touchZone":"hovering","type":1,"width":16.6644},{"bases":[[[0.877249,-0.180147,-0.444951],[0.479015,0.388928,0.786943],[0.0312883,-0.903483,0.42748]],[[0.874772,-0.137023,-0.464757],[0.482556,0.159777,0.861168],[-0.0437424,-0.977597,0.205889]],[[0.874772,-0.137023,-0.464757],[0.483705,0.303065,0.821085],[0.0283443,-0.943067,0.331392]],[[0.874772,-0.137023,-0.464757],[0.473107,0.448635,0.758219],[0.104613,-0.883149,0.457279]]],"btipPosition":[-42.9913,503.444,37.6366],"carpPosition":[-40.3789,362.592,90.6286],"dipPosition":[-41.1895,488.233,45.5124],"direction":[-0.0283443,0.943067,-0.331392],"extended":true,"handId":182,"id":1822,"length":61.4127,"mcpPosition":[-42.3832,420.468,63.2448],"pipPosition":[-40.4508,463.655,54.1493],"stabilizedTipPosition":[-40.9647,498.489,40.6075],"timeVisible":6.48953,"tipPosition":[-41.37,499.546,39.0045],"tipVelocity":[-8.94624,21.7561,41.4213],"tool":false,"touchDistance":0.333902,"touchZone":"hovering","type":2,"width":16.3667},{"bases":[[[0.833669,-0.339942,-0.435243],[0.54122,0.346064,0.766368],[-0.109899,-0.874459,0.472486]],[[0.838675,-0.288134,-0.462172],[0.518855,0.164715,0.838844],[-0.165573,-0.943317,0.287642]],[[0.838675,-0.288134,-0.462172],[0.53576,0.28392,0.795205],[-0.0979059,-0.914532,0.392487]],[[0.838675,-0.288134,-0.462172],[0.544555,0.42929,0.720535],[-0.00920486,-0.855972,0.516939]]],"btipPosition":[-14.4156,488.371,28.1922],"carpPosition":[-30.1599,361.572,85.9628],"dipPosition":[-14.5732,473.713,37.0444],"direction":[0.0979059,0.914532,-0.392487],"extended":true,"handId":182,"id":1823,"length":59.0499,"mcpPosition":[-23.8392,411.865,58.7883],"pipPosition":[-17.059,450.494,47.0094],"stabilizedTipPosition":[-12.8083,483.901,32.6061],"timeVisible":6.48953,"tipPosition":[-13.5093,484.272,29.804],"tipVelocity":[-9.54729,22.9907,36.3314],"tool":false,"touchDistance":0.333832,"touchZone":"hovering","type":3,"width":15.5739},{"bases":[[[0.714384,-0.491342,-0.498236],[0.652447,0.210353,0.728055],[-0.252919,-0.845183,0.470847]],[[0.714697,-0.490293,-0.498819],[0.607879,0.0826518,0.789716],[-0.345964,-0.86763,0.35711]],[[0.714697,-0.490293,-0.498819],[0.65793,0.229248,0.717338],[-0.237352,-0.840867,0.486421]],[[0.714697,-0.490293,-0.498819],[0.68959,0.374708,0.619726],[-0.116936,-0.786897,0.605903]]],"btipPosition":[8.40244,456.66,22.109],"carpPosition":[-22.3769,356.04,77.0415],"dipPosition":[6.5551,444.229,31.681],"direction":[0.237352,0.840868,-0.486421],"extended":true,"handId":182,"id":1824,"length":46.294,"mcpPosition":[-8.91145,401.038,51.9735],"pipPosition":[2.30033,429.156,40.4006],"stabilizedTipPosition":[9.3377,453.241,26.7919],"timeVisible":6.48953,"tipPosition":[8.63203,453.084,24.0311],"tipVelocity":[-10.3908,24.8131,29.7647],"tool":false,"touchDistance":0.333743,"touchZone":"hovering","type":4,"width":13.834}],"r":[[-0.255196,-0.0728635,0.96414],[0.938736,-0.257548,0.229008],[0.231626,0.963514,0.134125]],"s":1.23331,"t":[-64.9416,240.192,-34.705],"timestamp":630311481787},{"currentFrameRate":55.3129,"devices":[],"gestures":[],"hands":[{"armBasis":[[0.721911,0.0646601,-0.688959],[0.263855,0.894685,0.360443],[0.639707,-0.441993,0.628822]],"armWidth":55.9977,"confidence":1,"direction":[0.0489981,0.950333,-0.307355],"elbow":[128.331,225.165,249.047],"grabAngle":0.112691,"grabStrength":0,"id":182,"palmNormal":[-0.344594,-0.272746,-0.898256],"palmPosition":[-42.3402,397.347,66.1171],"palmVelocity":[-4.98266,15.8876,12.4606],"palmWidth":83.544,"pinchDistance":69.2837,"pinchStrength":0,"r":[[-0.254492,-0.0735343,0.964275],[0.938617,-0.258893,0.227977],[0.23288,0.963103,0.134907]],"s":1.23322,"sphereCenter":[-38.9807,473.663,139.641],"sphereRadius":108.776,"stabilizedPalmPosition":[-41.3146,395.983,67.1842],"t":[-65.0254,240.479,-34.4647],"timeVisible":6.5077,"type":"right","wrist":[-30.2552,334.737,93.1586]}],"id":59604,"interactionBox":{"center":[0,200,0],"size":[235.247,235.247,147.751]},"pointables":[{"bases":[[[0.695012,0.369062,0.617051],[-0.619487,-0.128246,0.774461],[0.364958,-0.920514,0.139497]],[[0.508646,0.685873,0.52044],[-0.678474,-0.0528297,0.732722],[0.530049,-0.725802,0.438475]],[[0.508646,0.685873,0.52044],[-0.795011,0.142109,0.589714],[0.33051,-0.713711,0.617559]],[[0.508646,0.685873,0.52044],[-0.829841,0.22946,0.508638],[0.22944,-0.690599,0.685879]]],"btipPosition":[-104.494,418.877,28.8942],"carpPosition":[-64.9509,348.495,83.001],"dipPosition":[-99.5727,404.063,43.6062],"direction":[-0.33051,0.713711,-0.617559],"extended":true,"handId":182,"id":1820,"length":47.7656,"mcpPosition":[-64.9509,348.495,83.001],"pipPosition":[-89.2445,381.76,62.9045],"stabilizedTipPosition":[-102.617,414.779,33.9044],"timeVisible":6.5077,"tipPosition":[-104.852,414.015,31.6093],"tipVelocity":[-7.71771,17.8612,14.571],"tool":false,"touchDistance":0.333544,"touchZone":"hovering","type":0,"width":17.446},{"bases":[[[0.93239,0.0117653,-0.361262],[0.324598,0.412434,0.851196],[0.159011,-0.910912,0.38073]],[[0.935054,-0.00433241,-0.354478],[0.347459,0.209557,0.913979],[0.0703236,-0.977787,0.197453]],[[0.935054,-0.00433241,-0.354478],[0.326842,0.397766,0.857296],[0.137285,-0.917477,0.373349]],[[0.935054,-0.00433241,-0.354478],[0.312309,0.483196,0.817915],[0.167739,-0.875502,0.453167]]],"btipPosition":[-70.5186,495.685,44.9219],"carpPosition":[-51.3406,361.618,93.7817],"dipPosition":[-67.892,481.975,52.0182],"direction":[-0.137285,0.917477,-0.373349],"extended":true,"handId":182,"id":1821,"length":53.8982,"mcpPosition":[-62.0817,423.15,68.0637],"pipPosition":[-64.8508,461.651,60.2888],"stabilizedTipPosition":[-68.1779,490.71,46.8028],"timeVisible":6.5077,"tipPosition":[-69.583,492.605,46.7953],"tipVelocity":[-6.61066,14.339,5.97521],"tool":false,"touchDistance":0.333435,"touchZone":"hovering","type":1,"width":16.6644},{"bases":[[[0.876212,-0.181894,-0.446282],[0.480969,0.388386,0.786018],[0.0303578,-0.903366,0.427794]],[[0.873701,-0.137778,-0.466544],[0.484465,0.159609,0.860127],[-0.0440425,-0.977518,0.206199]],[[0.873701,-0.137778,-0.466544],[0.485597,0.304188,0.819552],[0.0290003,-0.942596,0.332674]],[[0.873701,-0.137778,-0.466544],[0.474628,0.45169,0.75545],[0.106648,-0.881472,0.460036]]],"btipPosition":[-43.0831,503.687,37.7591],"carpPosition":[-40.4914,362.887,90.8658],"dipPosition":[-41.2463,488.505,45.6824],"direction":[-0.0290003,0.942596,-0.332674],"extended":true,"handId":182,"id":1822,"length":61.4127,"mcpPosition":[-42.4361,420.756,63.4619],"pipPosition":[-40.4904,463.939,54.3528],"stabilizedTipPosition":[-40.9765,498.501,40.6004],"timeVisible":6.5077,"tipPosition":[-41.3335,499.826,39.192],"tipVelocity":[-4.61014,13.748,7.34607],"tool":false,"touchDistance":0.333459,"touchZone":"hovering","type":2,"width":16.3667},{"bases":[[[0.832362,-0.341606,-0.436439],[0.543064,0.345403,0.765362],[-0.110705,-0.874072,0.473014]],[[0.83747,-0.28905,-0.463782],[0.52067,0.164291,0.837801],[-0.165971,-0.943111,0.288088]],[[0.83747,-0.28905,-0.463782],[0.537788,0.285129,0.793401],[-0.0970953,-0.913866,0.394234]],[[0.83747,-0.28905,-0.463782],[0.546434,0.431541,0.717762],[-0.00732859,-0.854531,0.519349]]],"btipPosition":[-14.5275,488.574,28.2793],"carpPosition":[-30.2817,361.847,86.1841],"dipPosition":[-14.653,473.941,37.1727],"direction":[0.0970953,0.913866,-0.394234],"extended":true,"handId":182,"id":1823,"length":59.0499,"mcpPosition":[-23.9146,412.118,58.9792],"pipPosition":[-17.1182,450.738,47.1821],"stabilizedTipPosition":[-12.8215,483.911,32.5888],"timeVisible":6.5077,"tipPosition":[-13.5105,484.5,29.9524],"tipVelocity":[-5.75162,11.4769,5.31381],"tool":false,"touchDistance":0.333428,"touchZone":"hovering","type":3,"width":15.5739},{"bases":[[[0.712706,-0.492818,-0.49918],[0.653987,0.209478,0.726925],[-0.253675,-0.844541,0.471593]],[[0.713244,-0.49102,-0.500182],[0.609245,0.0814716,0.788786],[-0.346559,-0.86733,0.357261]],[[0.713244,-0.49102,-0.500182],[0.659662,0.229044,0.71581],[-0.236914,-0.840499,0.487271]],[[0.713244,-0.49102,-0.500182],[0.691335,0.375242,0.617454],[-0.115493,-0.786189,0.607098]]],"btipPosition":[8.28527,456.856,22.2415],"carpPosition":[-22.5229,356.298,77.2526],"dipPosition":[6.46073,444.436,31.8323],"direction":[0.236914,0.840499,-0.487271],"extended":true,"handId":182,"id":1824,"length":46.294,"mcpPosition":[-9.01725,401.261,52.145],"pipPosition":[2.21381,429.369,40.5671],"stabilizedTipPosition":[9.31992,453.25,26.7635],"timeVisible":6.5077,"tipPosition":[8.57164,453.268,24.1547],"tipVelocity":[-6.15998,10.9274,7.52931],"tool":false,"touchDistance":0.333454,"touchZone":"hovering","type":4,"width":13.834}],"r":[[-0.254492,-0.0735343,0.964275],[0.938617,-0.258893,0.227977],[0.23288,0.963103,0.134907]],"s":1.23322,"t":[-65.0254,240.479,-34.4647],"timestamp":630311499956},{"currentFrameRate":55.3438,"devices":[],"gestures":[],"hands":[{"armBasis":[[0.720259,0.0597239,-0.69113],[0.267437,0.895368,0.356082],[0.640082,-0.441304,0.628924]],"armWidth":55.9977,"confidence":1,"direction":[0.0480013,0.950689,-0.306408],"elbow":[128.349,225.448,249.135],"grabAngle":0.115398,"grabStrength":0,"id":182,"palmNormal":[-0.352552,-0.270892,-0.895726],"palmPosition":[-42.492,397.49,66.301],"palmVelocity":[-8.45334,7.98299,10.2395],"palmWidth":83.544,"pinchDistance":69.2813,"pinchStrength":0,"r":[[-0.252339,-0.0742632,0.964785],[0.938813,-0.260342,0.225506],[0.234427,0.962656,0.135414]],"s":1.2331,"sphereCenter":[-38.799,473.497,139.329],"sphereRadius":108.283,"stabilizedPalmPosition":[-41.3224,395.993,67.1783],"t":[-65.1432,240.694,-34.2526],"timeVisible":6.52566,"type":"right","wrist":[-30.3302,334.849,93.2212]}],"id":59605,"interactionBox":{"center":[0,200,0],"size":[235.247,235.247,147.751]},"pointables":[{"bases":[[[0.700763,0.367033,0.611733],[-0.613196,-0.128333,0.779437],[0.364585,-0.921313,0.135132]],[[0.513262,0.685316,0.516628],[-0.673048,-0.0520898,0.737762],[0.532511,-0.72638,0.434515]],[[0.513262,0.685316,0.516628],[-0.790512,0.143139,0.595485],[0.334146,-0.71404,0.615218]],[[0.513262,0.685316,0.516628],[-0.825351,0.229119,0.516044],[0.235284,-0.691264,0.683224]]],"btipPosition":[-104.937,419.084,29.5092],"carpPosition":[-65.0417,348.652,83.3043],"dipPosition":[-99.8899,404.257,44.1642],"direction":[-0.334146,0.71404,-0.615218],"extended":true,"handId":182,"id":1820,"length":47.7656,"mcpPosition":[-65.0417,348.652,83.3043],"pipPosition":[-89.4481,381.943,63.3893],"stabilizedTipPosition":[-102.634,414.792,33.8897],"timeVisible":6.52566,"tipPosition":[-105.248,414.324,32.3467],"tipVelocity":[-23.037,11.3791,33.5084],"tool":false,"touchDistance":0.333794,"touchZone":"hovering","type":0,"width":17.446},{"bases":[[[0.929353,0.0107459,-0.369037],[0.332394,0.41068,0.849032],[0.16068,-0.911716,0.378095]],[[0.932082,-0.00558753,-0.362205],[0.355105,0.211682,0.910544],[0.0715847,-0.977323,0.199289]],[[0.932082,-0.00558753,-0.362205],[0.334002,0.400339,0.85333],[0.140237,-0.91635,0.375015]],[[0.932082,-0.00558753,-0.362205],[0.319139,0.485735,0.813764],[0.171389,-0.874089,0.454527]]],"btipPosition":[-70.7828,495.793,45.1771],"carpPosition":[-51.3199,361.737,93.9894],"dipPosition":[-68.099,482.105,52.2946],"direction":[-0.140237,0.91635,-0.375015],"extended":true,"handId":182,"id":1821,"length":53.8982,"mcpPosition":[-62.1737,423.323,68.4494],"pipPosition":[-64.9924,461.805,60.6022],"stabilizedTipPosition":[-68.1953,490.727,46.8029],"timeVisible":6.52566,"tipPosition":[-69.7465,492.817,47.3317],"tipVelocity":[-13.9775,6.27995,14.4783],"tool":false,"touchDistance":0.333533,"touchZone":"hovering","type":1,"width":16.6644},{"bases":[[[0.872143,-0.182699,-0.453858],[0.488174,0.386468,0.782514],[0.0324376,-0.904026,0.426245]],[[0.869555,-0.13877,-0.473939],[0.491942,0.159421,0.855908],[-0.0432188,-0.977409,0.206892]],[[0.869555,-0.13877,-0.473939],[0.492831,0.305073,0.814891],[0.0315032,-0.942164,0.333668]],[[0.869555,-0.13877,-0.473939],[0.481163,0.454104,0.749848],[0.111161,-0.880075,0.461639]]],"btipPosition":[-43.3976,503.794,37.893],"carpPosition":[-40.4934,362.992,90.9846],"dipPosition":[-41.4831,488.637,45.8439],"direction":[-0.0315032,0.942164,-0.333668],"extended":true,"handId":182,"id":1822,"length":61.4127,"mcpPosition":[-42.5713,420.903,63.6799],"pipPosition":[-40.662,464.081,54.5402],"stabilizedTipPosition":[-40.9961,498.519,40.5917],"timeVisible":6.52566,"tipPosition":[-41.5617,500.011,39.5168],"tipVelocity":[-16.5168,6.27325,7.80802],"tool":false,"touchDistance":0.333444,"touchZone":"hovering","type":2,"width":16.3667},{"bases":[[[0.828112,-0.342352,-0.443875],[0.550022,0.343413,0.761277],[-0.108193,-0.874564,0.472686]],[[0.83309,-0.289588,-0.471274],[0.527903,0.161856,0.833739],[-0.165162,-0.943367,0.287715]],[[0.83309,-0.289588,-0.471274],[0.545017,0.284296,0.788754],[-0.0944317,-0.913955,0.394675]],[[0.83309,-0.289588,-0.471274],[0.553127,0.431123,0.71287],[-0.00326105,-0.85456,0.519343]]],"btipPosition":[-14.8856,488.711,28.3343],"carpPosition":[-30.325,361.942,86.2161],"dipPosition":[-14.9415,474.077,37.2277],"direction":[0.0944317,0.913956,-0.394675],"extended":true,"handId":182,"id":1823,"length":59.0499,"mcpPosition":[-24.1024,412.242,59.0301],"pipPosition":[-17.3391,450.872,47.2482],"stabilizedTipPosition":[-12.8461,483.928,32.5627],"timeVisible":6.52566,"tipPosition":[-13.8246,484.65,30.0208],"tipVelocity":[-19.048,7.59039,3.06544],"tool":false,"touchDistance":0.333379,"touchZone":"hovering","type":3,"width":15.5739},{"bases":[[[0.707685,-0.493277,-0.505826],[0.660394,0.20736,0.721721],[-0.25112,-0.844796,0.472503]],[[0.708329,-0.491098,-0.507042],[0.61468,0.075977,0.785109],[-0.347042,-0.867784,0.355685]],[[0.708329,-0.491098,-0.507042],[0.665703,0.225864,0.711214],[-0.234754,-0.841313,0.486912]],[[0.708329,-0.491098,-0.507042],[0.696967,0.372779,0.612595],[-0.11183,-0.787311,0.60633]]],"btipPosition":[7.94086,457.012,22.2221],"carpPosition":[-22.6504,356.393,77.2121],"dipPosition":[6.17419,444.574,31.8008],"direction":[0.234754,0.841313,-0.486912],"extended":true,"handId":182,"id":1824,"length":46.294,"mcpPosition":[-9.28073,401.37,52.056],"pipPosition":[1.966,429.493,40.5292],"stabilizedTipPosition":[9.29144,453.264,26.7262],"timeVisible":6.52566,"tipPosition":[8.1531,453.395,23.9976],"tipVelocity":[-18.4333,8.43012,-1.23193],"tool":false,"touchDistance":0.333321,"touchZone":"hovering","type":4,"width":13.834}],"r":[[-0.252339,-0.0742632,0.964785],[0.938813,-0.260342,0.225506],[0.234427,0.962656,0.135414]],"s":1.2331,"t":[-65.1432,240.694,-34.2526],"timestamp":630311517918},{"currentFrameRate":55.3078,"devices":[],"gestures":[],"hands":[{"armBasis":[[0.720127,0.057097,-0.691489],[0.26707,0.897012,0.352198],[0.640383,-0.438303,0.630713]],"armWidth":55.9977,"confidence":1,"direction":[0.0466166,0.950778,-0.306345],"elbow":[128.507,225.861,249.728],"grabAngle":0.118446,"grabStrength":0,"id":182,"palmNormal":[-0.354955,-0.270897,-0.894775],"palmPosition":[-42.5034,397.135,66.4521],"palmVelocity":[-0.62445,-19.53,8.29761],"palmWidth":83.544,"pinchDistance":69.3348,"pinchStrength":0,"r":[[-0.250058,-0.0749162,0.965328],[0.939119,-0.261407,0.222982],[0.235639,0.962317,0.135722]],"s":1.23323,"sphereCenter":[-39.0321,472.748,138.465],"sphereRadius":107.385,"stabilizedPalmPosition":[-41.3325,396.003,67.1721],"t":[-65.2078,240.624,-34.071],"timeVisible":6.54386,"type":"right","wrist":[-30.2475,334.519,93.3706]}],"id":59606,"interactionBox":{"center":[0,200,0],"size":[235.247,235.247,147.751]},"pointables":[{"bases":[[[0.702304,0.367285,0.609812],[-0.610905,-0.128825,0.781153],[0.365464,-0.921144,0.133902]],[[0.513014,0.687087,0.514517],[-0.671535,-0.0520934,0.739139],[0.534656,-0.724705,0.434679]],[[0.513014,0.687087,0.514517],[-0.78991,0.143295,0.596246],[0.335945,-0.712305,0.616249]],[[0.513014,0.687087,0.514517],[-0.824648,0.22812,0.517607],[0.238269,-0.689835,0.683634]]],"btipPosition":[-105.092,418.551,29.6657],"carpPosition":[-64.9783,348.28,83.5094],"dipPosition":[-99.981,403.755,44.3295],"direction":[-0.335945,0.712305,-0.616249],"extended":false,"handId":182,"id":1820,"length":47.7656,"mcpPosition":[-64.9783,348.28,83.5094],"pipPosition":[-89.483,381.496,63.5869],"stabilizedTipPosition":[-102.659,414.799,33.8729],"timeVisible":6.54386,"tipPosition":[-105.344,413.96,32.6854],"tipVelocity":[-7.70964,-28.8822,8.70907],"tool":false,"touchDistance":0.333473,"touchZone":"hovering","type":0,"width":17.446},{"bases":[[[0.928292,0.0113233,-0.371679],[0.334589,0.410684,0.848168],[0.162247,-0.911707,0.377446]],[[0.930938,-0.00431058,-0.365153],[0.357475,0.215051,0.908826],[0.0746091,-0.976593,0.20174]],[[0.930938,-0.00431058,-0.365153],[0.335659,0.403947,0.850976],[0.143834,-0.914772,0.377496]],[[0.930938,-0.00431058,-0.365153],[0.32043,0.489257,0.811143],[0.175157,-0.872129,0.456849]]],"btipPosition":[-71.0597,495.332,45.2017],"carpPosition":[-51.2332,361.371,94.158],"dipPosition":[-68.3169,481.675,52.3556],"direction":[-0.143834,0.914772,-0.377496],"extended":true,"handId":182,"id":1821,"length":53.8982,"mcpPosition":[-62.1928,422.956,68.6618],"pipPosition":[-65.1306,461.41,60.7181],"stabilizedTipPosition":[-68.2271,490.747,46.8035],"timeVisible":6.54386,"tipPosition":[-69.8734,492.446,47.5671],"tipVelocity":[-14.4631,-24.9329,1.8119],"tool":false,"touchDistance":0.333367,"touchZone":"hovering","type":1,"width":16.6644},{"bases":[[[0.870946,-0.182134,-0.456377],[0.490192,0.38657,0.781202],[0.034138,-0.904097,0.425962]],[[0.868288,-0.138338,-0.476381],[0.494327,0.161076,0.854222],[-0.0414378,-0.977199,0.208245]],[[0.868288,-0.138338,-0.476381],[0.494865,0.3082,0.812478],[0.0344239,-0.94121,0.336065]],[[0.868288,-0.138338,-0.476381],[0.482536,0.458258,0.746431],[0.115046,-0.877988,0.464653]]],"btipPosition":[-43.6508,503.369,37.875],"carpPosition":[-40.4159,362.633,91.1227],"dipPosition":[-41.6693,488.247,45.8779],"direction":[-0.0344239,0.941209,-0.336065],"extended":true,"handId":182,"id":1822,"length":61.4127,"mcpPosition":[-42.6027,420.548,63.8361],"pipPosition":[-40.7722,463.717,54.6366],"stabilizedTipPosition":[-41.0299,498.54,40.5782],"timeVisible":6.54386,"tipPosition":[-41.7256,499.664,39.687],"tipVelocity":[-13.06,-22.9006,-0.332448],"tool":false,"touchDistance":0.333334,"touchZone":"hovering","type":2,"width":16.3667},{"bases":[[[0.827029,-0.341814,-0.446302],[0.552003,0.343552,0.75978],[-0.106376,-0.87472,0.47281]],[[0.831873,-0.289478,-0.473487],[0.530033,0.161565,0.832443],[-0.164475,-0.943451,0.287834]],[[0.831873,-0.289478,-0.473487],[0.547266,0.286266,0.786481],[-0.0921252,-0.913375,0.396558]],[[0.831873,-0.289478,-0.473487],[0.554966,0.433394,0.710058],[-0.000339571,-0.853447,0.521179]]],"btipPosition":[-15.0625,488.336,28.352],"carpPosition":[-30.2605,361.589,86.325],"dipPosition":[-15.0683,473.721,37.2768],"direction":[0.0921252,0.913375,-0.396558],"extended":true,"handId":182,"id":1823,"length":59.0499,"mcpPosition":[-24.1425,411.897,59.1319],"pipPosition":[-17.4073,450.531,47.3452],"stabilizedTipPosition":[-12.8827,483.945,32.5271],"timeVisible":6.54386,"tipPosition":[-13.9917,484.32,30.11],"tipVelocity":[-9.08043,-20.3297,1.36653],"tool":false,"touchDistance":0.333354,"touchZone":"hovering","type":3,"width":15.5739},{"bases":[[[0.706507,-0.492791,-0.507942],[0.662335,0.207567,0.719881],[-0.249319,-0.845029,0.47304]],[[0.706967,-0.491228,-0.508815],[0.61557,0.0731454,0.78468],[-0.348239,-0.867954,0.354097]],[[0.706967,-0.491228,-0.508815],[0.667627,0.226115,0.709327],[-0.233391,-0.84117,0.487813]],[[0.706967,-0.491228,-0.508815],[0.698727,0.373787,0.609971],[-0.109447,-0.786752,0.607489]]],"btipPosition":[7.86341,456.671,22.2965],"carpPosition":[-22.6086,356.046,77.2981],"dipPosition":[6.13439,444.242,31.8935],"direction":[0.233391,0.84117,-0.487813],"extended":true,"handId":182,"id":1824,"length":46.294,"mcpPosition":[-9.33489,401.035,52.1134],"pipPosition":[1.95063,429.163,40.638],"stabilizedTipPosition":[9.25698,453.274,26.6843],"timeVisible":6.54386,"tipPosition":[7.98711,453.081,24.0199],"tipVelocity":[-3.77861,-18.5964,4.316],"tool":false,"touchDistance":0.333392,"touchZone":"hovering","type":4,"width":13.834}],"r":[[-0.250058,-0.0749162,0.965328],[0.939119,-0.261407,0.222982],[0.235639,0.962317,0.135722]],"s":1.23323,"t":[-65.2078,240.624,-34.071],"timestamp":630311536123},{"currentFrameRate":55.3194,"devices":[],"gestures":[],"hands":[{"armBasis":[[0.720217,0.0561161,-0.691475],[0.265123,0.898804,0.349085],[0.64109,-0.434743,0.632457]],"armWidth":55.9977,"confidence":1,"direction":[0.0446656,0.951558,-0.304207],"elbow":[128.861,226.041,250.234],"grabAngle":0.121236,"grabStrength":0,"id":182,"palmNormal":[-0.356222,-0.269324,-0.894746],"palmPosition":[-42.4586,396.444,66.643],"palmVelocity":[2.48153,-38.3053,10.5823],"palmWidth":83.544,"pinchDistance":69.2521,"pinchStrength":0,"r":[[-0.247854,-0.0759643,0.965815],[0.939518,-0.262088,0.220491],[0.236379,0.962049,0.136329]],"s":1.2331,"sphereCenter":[-39.1559,471.578,137.906],"sphereRadius":106.608,"stabilizedPalmPosition":[-41.3461,396.008,67.1657],"t":[-65.2177,240.244,-33.8848],"timeVisible":6.5619,"type":"right","wrist":[-30.0684,333.816,93.4451]}],"id":59607,"interactionBox":{"center":[0,200,0],"size":[235.247,235.247,147.751]},"pointables":[{"bases":[[[0.702901,0.366883,0.609366],[-0.609265,-0.131539,0.781981],[0.367051,-0.92092,0.13107]],[[0.512457,0.687237,0.514872],[-0.67079,-0.0539697,0.739681],[0.536123,-0.724426,0.433335]],[[0.512457,0.687237,0.514872],[-0.790099,0.142501,0.596185],[0.336351,-0.712319,0.616011]],[[0.512457,0.687237,0.514872],[-0.824528,0.226306,0.518593],[0.239877,-0.690283,0.682619]]],"btipPosition":[-105.059,417.785,29.8748],"carpPosition":[-64.8307,347.517,83.6276],"dipPosition":[-99.9134,402.979,44.5168],"direction":[-0.336351,0.712319,-0.616011],"extended":false,"handId":182,"id":1820,"length":47.7656,"mcpPosition":[-64.8307,347.517,83.6276],"pipPosition":[-89.4027,380.719,63.7667],"stabilizedTipPosition":[-102.69,414.789,33.8568],"timeVisible":6.5619,"tipPosition":[-105.368,413.27,33.0348],"tipVelocity":[2.27349,-42.5951,11.3124],"tool":false,"touchDistance":0.333493,"touchZone":"hovering","type":0,"width":17.446},{"bases":[[[0.927583,0.0135444,-0.373372],[0.335567,0.409189,0.848504],[0.164272,-0.912349,0.375012]],[[0.93025,-0.00202289,-0.36692],[0.358462,0.218551,0.907602],[0.0783547,-0.975823,0.204032]],[[0.93025,-0.00202289,-0.36692],[0.336183,0.405382,0.850087],[0.147023,-0.914145,0.377786]],[[0.93025,-0.00202289,-0.36692],[0.32091,0.48934,0.810903],[0.177908,-0.872091,0.455858]]],"btipPosition":[-71.3095,494.562,45.4083],"carpPosition":[-51.0849,360.603,94.2813],"dipPosition":[-68.5236,480.906,52.5467],"direction":[-0.147023,0.914145,-0.377786],"extended":true,"handId":182,"id":1821,"length":53.8982,"mcpPosition":[-62.1814,422.231,68.9496],"pipPosition":[-65.2667,460.655,60.9157],"stabilizedTipPosition":[-68.2752,490.761,46.8084],"timeVisible":6.5619,"tipPosition":[-70.0151,491.752,48.0125],"tipVelocity":[-13.301,-42.664,11.2565],"tool":false,"touchDistance":0.333487,"touchZone":"hovering","type":1,"width":16.6644},{"bases":[[[0.87036,-0.179798,-0.458416],[0.49108,0.385459,0.781193],[0.0362432,-0.905038,0.423783]],[[0.867647,-0.136501,-0.478075],[0.495674,0.1627,0.853133],[-0.0386703,-0.977188,0.208826]],[[0.867647,-0.136501,-0.478075],[0.495713,0.311334,0.810765],[0.0381709,-0.940446,0.337793]],[[0.867647,-0.136501,-0.478075],[0.482708,0.461594,0.744261],[0.119085,-0.876526,0.466391]]],"btipPosition":[-43.9344,502.638,38.0202],"carpPosition":[-40.2752,361.887,91.2289],"dipPosition":[-41.8834,487.542,46.053],"direction":[-0.0381709,0.940446,-0.337793],"extended":true,"handId":182,"id":1822,"length":61.4127,"mcpPosition":[-42.5969,419.863,64.0819],"pipPosition":[-40.8885,463.032,54.8567],"stabilizedTipPosition":[-41.0809,498.553,40.5633],"timeVisible":6.5619,"tipPosition":[-41.9125,499.039,40.1111],"tipVelocity":[-14.8366,-40.1829,8.42996],"tool":false,"touchDistance":0.333447,"touchZone":"hovering","type":2,"width":16.3667},{"bases":[[[0.826695,-0.339565,-0.448633],[0.552913,0.342581,0.759556],[-0.104226,-0.875976,0.47096]],[[0.831384,-0.287604,-0.475483],[0.531453,0.161529,0.831544],[-0.162351,-0.94403,0.287141]],[[0.831384,-0.287604,-0.475483],[0.54859,0.288371,0.784787],[-0.0885925,-0.913305,0.397524]],[[0.831384,-0.287604,-0.475483],[0.55569,0.434872,0.708587],[0.00298202,-0.853329,0.521365]]],"btipPosition":[-15.2863,487.709,28.5441],"carpPosition":[-30.1272,360.869,86.41],"dipPosition":[-15.2353,473.096,37.472],"direction":[0.0885925,0.913305,-0.397524],"extended":true,"handId":182,"id":1823,"length":59.0499,"mcpPosition":[-24.1328,411.25,59.3233],"pipPosition":[-17.4846,449.908,47.5649],"stabilizedTipPosition":[-12.9311,483.953,32.488],"timeVisible":6.5619,"tipPosition":[-14.1544,483.762,30.4537],"tipVelocity":[-11.6876,-34.7477,10.6896],"tool":false,"touchDistance":0.333479,"touchZone":"hovering","type":3,"width":15.5739},{"bases":[[[0.706278,-0.490573,-0.510402],[0.663369,0.20685,0.719135],[-0.247211,-0.846494,0.471524]],[[0.706792,-0.488806,-0.511384],[0.616427,0.0708893,0.784214],[-0.347077,-0.869508,0.351417]],[[0.706792,-0.488806,-0.511384],[0.668997,0.226843,0.707803],[-0.229975,-0.842384,0.48734]],[[0.706792,-0.488806,-0.511384],[0.69946,0.374731,0.608549],[-0.105831,-0.787811,0.606757]]],"btipPosition":[7.71976,456.151,22.5419],"carpPosition":[-22.4841,355.359,77.3559],"dipPosition":[6.04785,443.705,32.1274],"direction":[0.229975,0.842384,-0.48734],"extended":true,"handId":182,"id":1824,"length":46.294,"mcpPosition":[-9.32253,400.426,52.2519],"pipPosition":[1.92533,428.605,40.8634],"stabilizedTipPosition":[9.21905,453.275,26.646],"timeVisible":6.5619,"tipPosition":[7.87091,452.564,24.2487],"tipVelocity":[-7.23621,-29.0578,13.4596],"tool":false,"touchDistance":0.333518,"touchZone":"hovering","type":4,"width":13.834}],"r":[[-0.247854,-0.0759643,0.965815],[0.939518,-0.262088,0.220491],[0.236379,0.962049,0.136329]],"s":1.2331,"t":[-65.2177,240.244,-33.8848],"timestamp":630311554160},{"currentFrameRate":55.3439,"devices":[],"gestures":[],"hands":[{"armBasis":[[0.720843,0.0572874,-0.690727],[0.262456,0.899803,0.348527],[0.641484,-0.432519,0.633581]],"armWidth":55.9977,"confidence":1,"direction":[0.0440363,0.951507,-0.304459],"elbow":[128.996,226.076,250.858],"grabAngle":0.123812,"grabStrength":0,"id":182,"palmNormal":[-0.353251,-0.270237,-0.895648],"palmPosition":[-42.4629,395.893,66.9338],"palmVelocity":[-0.238925,-30.6486,16.1718],"palmWidth":83.544,"pinchDistance":69.112,"pinchStrength":0,"r":[[-0.246615,-0.076804,0.966065],[0.93979,-0.262318,0.219053],[0.236592,0.96192,0.136871]],"s":1.23275,"sphereCenter":[-39.5579,470.933,137.805],"sphereRadius":106.298,"stabilizedPalmPosition":[-41.3608,396.007,67.1626],"t":[-65.2248,239.778,-33.6462],"timeVisible":6.57988,"type":"right","wrist":[-30.0311,333.3,93.7905]}],"id":59608,"interactionBox":{"center":[0,200,0],"size":[235.247,235.247,147.751]},"pointables":[{"bases":[[[0.700587,0.368228,0.611217],[-0.61128,-0.132188,0.780297],[0.368123,-0.92029,0.132481]],[[0.510351,0.687724,0.516312],[-0.672885,-0.0545187,0.737735],[0.535507,-0.723923,0.434935]],[[0.510351,0.687724,0.516312],[-0.792196,0.142358,0.59343],[0.334615,-0.711878,0.617465]],[[0.510351,0.687724,0.516312],[-0.826281,0.225755,0.516038],[0.238331,-0.689979,0.683467]]],"btipPosition":[-104.919,417.162,29.9844],"carpPosition":[-64.8064,346.937,83.8743],"dipPosition":[-99.8066,402.362,44.6447],"direction":[-0.334615,0.711878,-0.617465],"extended":false,"handId":182,"id":1820,"length":47.7656,"mcpPosition":[-64.8064,346.937,83.8743],"pipPosition":[-89.3501,380.117,63.94],"stabilizedTipPosition":[-102.723,414.757,33.8414],"timeVisible":6.57988,"tipPosition":[-105.294,412.612,33.1412],"tipVelocity":[7.36071,-34.5559,6.33147],"tool":false,"touchDistance":0.333426,"touchZone":"hovering","type":0,"width":17.446},{"bases":[[[0.928619,0.0148551,-0.370737],[0.332507,0.410051,0.849292],[0.164638,-0.911941,0.375842]],[[0.931034,0.000872139,-0.364931],[0.355652,0.221922,0.907889],[0.081778,-0.975064,0.206306]],[[0.931034,0.000872139,-0.364931],[0.332755,0.408547,0.84992],[0.149833,-0.912737,0.380081]],[[0.931034,0.000872139,-0.364931],[0.317351,0.491792,0.81082],[0.180178,-0.870712,0.457599]]],"btipPosition":[-71.5934,493.898,45.4651],"carpPosition":[-51.1115,360.049,94.5618],"dipPosition":[-68.7719,480.263,52.6307],"direction":[-0.149833,0.912737,-0.380081],"extended":true,"handId":182,"id":1821,"length":53.8982,"mcpPosition":[-62.2327,421.65,69.174],"pipPosition":[-65.4527,460.044,61.0505],"stabilizedTipPosition":[-68.3434,490.761,46.8162],"timeVisible":6.57988,"tipPosition":[-70.1278,491.145,48.1716],"tipVelocity":[-15.3285,-36.6458,3.50497],"tool":false,"touchDistance":0.333388,"touchZone":"hovering","type":1,"width":16.6644},{"bases":[[[0.871943,-0.178611,-0.455866],[0.488248,0.386539,0.782433],[0.0364587,-0.904813,0.424246]],[[0.869175,-0.134828,-0.475769],[0.493171,0.16573,0.854],[-0.036294,-0.976911,0.210541]],[[0.869175,-0.134828,-0.475769],[0.492847,0.314894,0.811137],[0.040453,-0.939501,0.340148]],[[0.869175,-0.134828,-0.475769],[0.479383,0.465843,0.743762],[0.121354,-0.874535,0.469534]]],"btipPosition":[-44.1717,502.015,38.11],"carpPosition":[-40.2952,361.349,91.5396],"dipPosition":[-42.0816,486.953,46.1969],"direction":[-0.040453,0.939501,-0.340148],"extended":true,"handId":182,"id":1822,"length":61.4127,"mcpPosition":[-42.6307,419.31,64.363],"pipPosition":[-41.0273,462.467,55.062],"stabilizedTipPosition":[-41.1486,498.553,40.5479],"timeVisible":6.57988,"tipPosition":[-42.0255,498.479,40.3573],"tipVelocity":[-12.6972,-34.2364,5.68665],"tool":false,"touchDistance":0.333415,"touchZone":"hovering","type":2,"width":16.3667},{"bases":[[[0.8285,-0.338442,-0.446143],[0.550211,0.343749,0.760989],[-0.104189,-0.875953,0.471011]],[[0.833208,-0.286119,-0.473182],[0.529177,0.164319,0.832449],[-0.160427,-0.943999,0.28832]],[[0.833208,-0.286119,-0.473182],[0.546157,0.292003,0.785141],[-0.0864733,-0.912617,0.399565]],[[0.833208,-0.286119,-0.473182],[0.552939,0.438604,0.708438],[0.00484165,-0.851917,0.523655]]],"btipPosition":[-15.4576,487.141,28.7418],"carpPosition":[-30.132,360.345,86.7501],"dipPosition":[-15.3747,472.552,37.709],"direction":[0.0864733,0.912617,-0.399565],"extended":true,"handId":182,"id":1823,"length":59.0499,"mcpPosition":[-24.1396,410.725,59.6604],"pipPosition":[-17.5702,449.381,47.8537],"stabilizedTipPosition":[-12.9878,483.949,32.4499],"timeVisible":6.57988,"tipPosition":[-14.2079,483.248,30.7905],"tipVelocity":[-9.11608,-31.2843,11.4983],"tool":false,"touchDistance":0.333495,"touchZone":"hovering","type":3,"width":15.5739},{"bases":[[[0.708497,-0.489663,-0.508194],[0.660994,0.208177,0.720937],[-0.247222,-0.846695,0.471157]],[[0.709111,-0.487552,-0.509366],[0.614762,0.0737378,0.785258],[-0.345295,-0.869974,0.352017]],[[0.709111,-0.487552,-0.509366],[0.666973,0.22949,0.708859],[-0.228711,-0.842394,0.487918]],[[0.709111,-0.487552,-0.509366],[0.697265,0.377511,0.60935],[-0.104798,-0.78726,0.60765]]],"btipPosition":[7.65326,455.653,22.8816],"carpPosition":[-22.4544,354.843,77.72],"dipPosition":[5.99767,443.216,32.4812],"direction":[0.228711,0.842394,-0.487918],"extended":true,"handId":182,"id":1824,"length":46.294,"mcpPosition":[-9.2923,399.921,52.6355],"pipPosition":[1.89779,428.115,41.2276],"stabilizedTipPosition":[9.18408,453.266,26.6181],"timeVisible":6.57988,"tipPosition":[7.89423,452.08,24.6637],"tipVelocity":[-3.48873,-27.5901,19.0681],"tool":false,"touchDistance":0.333599,"touchZone":"hovering","type":4,"width":13.834}],"r":[[-0.246615,-0.076804,0.966065],[0.93979,-0.262318,0.219053],[0.236592,0.96192,0.136871]],"s":1.23275,"t"