{"frames":50,"data":[{"currentFrameRate":55.3342,"devices":[],"gestures":[],"hands":[{"armBasis":[[-0.220513,-0.924652,-0.310473],[0.855978,-0.0308456,-0.516092],[0.467629,-0.379563,0.798283]],"armWidth":68.1948,"confidence":1,"direction":[-0.304681,0.315681,-0.898619],"elbow":[26.9499,114.454,307.678],"grabAngle":0.9611,"grabStrength":0,"id":68,"palmNormal":[-0.932425,0.0936097,0.349028],"palmPosition":[-130.908,252.826,21.0782],"palmVelocity":[137.772,25.9173,5.72817],"palmWidth":93.486,"pinchDistance":18.7315,"pinchStrength":1,"r":[[0.234801,-0.284881,0.929361],[0.768625,0.639697,0.00189744],[-0.59505,0.713884,0.369168]],"s":1.12065,"sphereCenter":[-173.816,280.754,9.25437],"sphereRadius":60.7676,"stabilizedPalmPosition":[-133.954,252.452,21.194],"t":[9.61264,-36.48,-60.6049],"timeVisible":11.5871,"type":"right","wrist":[-102.773,219.747,86.2295]}],"id":25947,"interactionBox":{"center":[0,200,0],"size":[235.247,235.247,147.751]},"pointables":[{"bases":[[[-0.332856,-0.917544,-0.21753],[0.837295,-0.181469,-0.515758],[0.433756,-0.35381,0.828658]],[[-0.374502,-0.877632,-0.299183],[0.831137,-0.174698,-0.527912],[0.411046,-0.446367,0.794857]],[[-0.374502,-0.877632,-0.299183],[0.631759,-0.00533742,-0.775147],[0.678697,-0.479306,0.55645]],[[-0.374502,-0.877632,-0.299183],[0.383321,0.14726,-0.9118],[0.844282,-0.456155,0.281266]]],"btipPosition":[-190.882,308.686,-64.2819],"carpPosition":[-102.937,238.116,56.566],"dipPosition":[-174.475,299.821,-58.8161],"direction":[-0.678697,0.479306,-0.55645],"extended":true,"handId":68,"id":682,"length":69.2919,"mcpPosition":[-134.029,263.478,-2.83373],"pipPosition":[-154.518,285.727,-42.4529],"stabilizedTipPosition":[-196.877,305.227,-61.5538],"timeVisible":11.5871,"tipPosition":[-189.034,306.944,-60.3149],"tipVelocity":[143.178,33.3796,8.8222],"tool":false,"touchDistance":0.333429,"touchZone":"hovering","type":2,"width":20.6882},{"bases":[[[-0.327562,-0.943302,-0.0537117],[0.824775,-0.257746,-0.503303],[0.460922,-0.209163,0.862439]],[[-0.3925,-0.901677,-0.181443],[0.87314,-0.303282,-0.381637],[0.289085,-0.308218,0.906329]],[[-0.3925,-0.901677,-0.181443],[0.748751,-0.19868,-0.632375],[0.534149,-0.384063,0.753114]],[[-0.3925,-0.901677,-0.181443],[0.573806,-0.0858823,-0.814476],[0.718812,-0.423795,0.551096]]],"btipPosition":[-178.92,273.614,-76.9447],"carpPosition":[-106.709,226.722,52.6582],"dipPosition":[-165.031,265.426,-66.2968],"direction":[-0.534149,0.384063,-0.753114],"extended":true,"handId":68,"id":683,"length":66.626,"mcpPosition":[-136.373,240.183,-2.84689],"pipPosition":[-149.729,254.424,-44.7225],"stabilizedTipPosition":[-184.984,270.408,-73.9696],"timeVisible":11.5871,"tipPosition":[-179.32,272.47,-71.3365],"tipVelocity":[144.354,36.797,5.37436],"tool":false,"touchDistance":0.333389,"touchZone":"hovering","type":3,"width":19.6861},{"bases":[[[-0.403758,-0.905529,0.130371],[0.801246,-0.418786,-0.427345],[0.441571,-0.0680849,0.894639]],[[-0.441038,-0.896029,0.051163],[0.820172,-0.425536,-0.382411],[0.364423,-0.126695,0.922575]],[[-0.441038,-0.896029,0.051163],[0.674674,-0.368599,-0.639492],[0.591862,-0.247522,0.767093]],[[-0.441038,-0.896029,0.051163],[0.482055,-0.284589,-0.828633],[0.757039,-0.340795,0.55745]]],"btipPosition":[-180.606,234.923,-58.2318],"carpPosition":[-115.509,215.153,54.2529],"dipPosition":[-167.112,228.848,-48.2954],"direction":[-0.591862,0.247522,-0.767093],"extended":true,"handId":68,"id":684,"length":52.2336,"mcpPosition":[-141.816,219.209,0.953963],"pipPosition":[-155.141,223.842,-32.7802],"stabilizedTipPosition":[-186.772,232.105,-54.9352],"timeVisible":11.5871,"tipPosition":[-179.797,234.402,-53.6374],"tipVelocity":[152.207,33.321,-5.93767],"tool":false,"touchDistance":0.333234,"touchZone":"hovering","type":4,"width":17.4868},{"bases":[[[0.696347,-0.402086,-0.594498],[0.692272,0.594854,0.408545],[0.189369,-0.696043,0.692577]],[[0.529806,-0.034567,-0.847414],[0.489295,0.828582,0.272109],[0.692746,-0.5588,0.455901]],[[0.529806,-0.034567,-0.847414],[0.416007,0.881306,0.224139],[0.739083,-0.471281,0.481301]],[[0.529806,-0.034567,-0.847414],[0.0678355,0.997695,0.00171378],[0.845402,-0.0583927,0.530929]]],"btipPosition":[-197.019,301.776,28.9209],"carpPosition":[-114.971,255.087,82.1221],"dipPosition":[-176.559,300.363,41.7704],"direction":[-0.739083,0.471281,-0.481301],"extended":false,"handId":68,"id":680,"length":53.894,"mcpPosition":[-114.971,255.087,82.1221],"pipPosition":[-150.5,283.746,58.7403],"stabilizedTipPosition":[-201.823,298.618,32.7876],"timeVisible":11.5871,"tipPosition":[-188.686,305.518,31.3135],"tipVelocity":[134.76,28.146,9.53759],"tool":false,"touchDistance":0.333428,"touchZone":"hovering","type":0,"width":22.0525},{"bases":[[[-0.242699,-0.877829,-0.412933],[0.882394,-0.0228929,-0.469954],[0.403086,-0.478427,0.780147]],[[-0.303954,-0.790162,-0.532218],[0.514299,0.334159,-0.789832],[0.801941,-0.513792,0.304811]],[[-0.303954,-0.790162,-0.532218],[-0.394425,0.612895,-0.684681],[0.867203,0.00180819,-0.497951]],[[-0.303954,-0.790162,-0.532218],[-0.7936,0.519078,-0.317422],[0.527077,0.325886,-0.784849]]],"btipPosition":[-198.284,302.039,16.8296],"carpPosition":[-101.199,248.852,63.028],"dipPosition":[-188.971,307.797,2.96262],"direction":[-0.867203,-0.00180819,0.497951],"extended":false,"handId":68,"id":681,"length":60.8133,"mcpPosition":[-131.667,285.016,4.05847],"pipPosition":[-167.296,307.842,-9.48359],"stabilizedTipPosition":[-204.421,301.242,35.0232],"timeVisible":11.5871,"tipPosition":[-195.649,301.574,15.4907],"tipVelocity":[138.702,12.2481,12.7035],"tool":false,"touchDistance":0.333333,"touchZone":"none","type":1,"width":21.0646}],"r":[[0.234801,-0.284881,0.929361],[0.768625,0.639697,0.00189744],[-0.59505,0.713884,0.369168]],"s":1.12065,"t":[9.61264,-36.48,-60.6049],"timestamp":629651952661},{"currentFrameRate":55.304,"devices":[],"gestures":[],"hands":[{"armBasis":[[-0.220406,-0.922445,-0.317044],[0.857132,-0.0280234,-0.514334],[0.46556,-0.385111,0.796833]],"armWidth":68.1948,"confidence":1,"direction":[-0.299726,0.317375,-0.899687],"elbow":[29.5922,113.413,307.139],"grabAngle":0.958988,"grabStrength":0,"id":68,"palmNormal":[-0.934461,0.092336,0.343884],"palmPosition":[-127.366,253.492,20.8823],"palmVelocity":[194.746,36.5885,-10.7739],"palmWidth":93.486,"pinchDistance":18.6081,"pinchStrength":1,"r":[[0.231822,-0.285493,0.929921],[0.769164,0.639036,0.00444265],[-0.595521,0.714231,0.367733]],"s":1.12073,"sphereCenter":[-170.231,281.252,8.77194],"sphereRadius":60.7493,"stabilizedPalmPosition":[-128.804,253.265,20.9503],"t":[12.4112,-35.9956,-60.7288],"timeVisible":11.6053,"type":"right","wrist":[-99.5574,220.245,86.092]}],"id":25948,"interactionBox":{"center":[0,200,0],"size":[235.247,235.247,147.751]},"pointables":[{"bases":[[[-0.331059,-0.917284,-0.221339],[0.840338,-0.179903,-0.511338],[0.429222,-0.355283,0.830387]],[[-0.37252,-0.876932,-0.303675],[0.833844,-0.172654,-0.524305],[0.407349,-0.448531,0.795542]],[[-0.37252,-0.876932,-0.303675],[0.636304,-0.00316069,-0.771432],[0.675534,-0.480604,0.559173]],[[-0.37252,-0.876932,-0.303675],[0.390035,0.148978,-0.908668],[0.842081,-0.456941,0.286537]]],"btipPosition":[-186.89,309.56,-64.6897],"carpPosition":[-99.5897,238.724,56.4988],"dipPosition":[-170.526,300.681,-59.1214],"direction":[-0.675534,0.480604,-0.559173],"extended":true,"handId":68,"id":682,"length":69.2919,"mcpPosition":[-130.357,264.191,-3.0249],"pipPosition":[-150.661,286.548,-42.6782],"stabilizedTipPosition":[-192.757,305.914,-62.1097],"timeVisible":11.6053,"tipPosition":[-185.05,307.744,-60.741],"tipVelocity":[218.974,47.9072,-21.127],"tool":false,"touchDistance":0.333057,"touchZone":"hovering","type":2,"width":20.6882},{"bases":[[[-0.326687,-0.943379,-0.0575477],[0.827793,-0.256213,-0.499113],[0.456109,-0.210691,0.864624]],[[-0.390844,-0.901591,-0.185406],[0.875443,-0.301891,-0.37744],[0.284324,-0.309832,0.907284]],[[-0.390844,-0.901591,-0.185406],[0.753553,-0.197743,-0.626942],[0.528582,-0.384749,0.756683]],[[-0.390844,-0.901591,-0.185406],[0.581036,-0.0854387,-0.809381],[0.713889,-0.424069,0.55725]]],"btipPosition":[-174.759,274.426,-77.463],"carpPosition":[-103.332,227.336,52.5458],"dipPosition":[-160.966,266.233,-66.6963],"direction":[-0.528582,0.38475,-0.756683],"extended":true,"handId":68,"id":683,"length":66.626,"mcpPosition":[-132.687,240.895,-3.09995],"pipPosition":[-145.823,255.211,-45.0197],"stabilizedTipPosition":[-180.726,271.086,-74.2929],"timeVisible":11.6053,"tipPosition":[-175.236,273.295,-71.7889],"tipVelocity":[227.58,44.5665,-26.9971],"tool":false,"touchDistance":0.33298,"touchZone":"hovering","type":3,"width":19.6861},{"bases":[[[-0.403956,-0.906035,0.126174],[0.803926,-0.417425,-0.423627],[0.436489,-0.0696918,0.897006]],[[-0.440458,-0.896514,0.0475216],[0.823854,-0.424659,-0.375404],[0.356736,-0.126199,0.925642]],[[-0.440458,-0.896514,0.0475216],[0.682883,-0.368924,-0.630528],[0.58281,-0.24527,0.77471]],[[-0.440458,-0.896514,0.0475216],[0.492867,-0.28571,-0.821859],[0.750386,-0.338573,0.567706]]],"btipPosition":[-176.346,235.521,-59.0087],"carpPosition":[-112.135,215.758,54.0659],"dipPosition":[-162.971,229.486,-48.8895],"direction":[-0.58281,0.24527,-0.77471],"extended":true,"handId":68,"id":684,"length":52.2336,"mcpPosition":[-138.139,219.91,0.626038],"pipPosition":[-151.183,224.525,-33.2203],"stabilizedTipPosition":[-182.456,232.753,-55.4933],"timeVisible":11.6053,"tipPosition":[-175.752,235.168,-54.2136],"tipVelocity":[232.731,33.3691,-40.4106],"tool":false,"touchDistance":0.332797,"touchZone":"hovering","type":4,"width":17.4868},{"bases":[[[0.699975,-0.400438,-0.591341],[0.689569,0.594405,0.413735],[0.185821,-0.697375,0.692198]],[[0.534401,-0.03206,-0.844623],[0.48738,0.82811,0.276937],[0.690562,-0.559648,0.458169]],[[0.534401,-0.03206,-0.844623],[0.415229,0.880344,0.229304],[0.736207,-0.473252,0.483769]],[[0.534401,-0.03206,-0.844623],[0.0678559,0.997682,0.0050633],[0.842503,-0.0600185,0.535338]]],"btipPosition":[-193.545,302.476,28.5096],"carpPosition":[-111.78,255.634,82.0209],"dipPosition":[-173.154,301.023,41.4658],"direction":[-0.736207,0.473252,-0.483769],"extended":false,"handId":68,"id":680,"length":53.894,"mcpPosition":[-111.78,255.634,82.0209],"pipPosition":[-147.197,284.337,58.5228],"stabilizedTipPosition":[-198.681,299.472,32.4731],"timeVisible":11.6053,"tipPosition":[-185.258,306.101,30.9007],"tipVelocity":[190.171,37.9789,-21.2645],"tool":false,"touchDistance":0.333045,"touchZone":"hovering","type":0,"width":22.0525},{"bases":[[[-0.23981,-0.877108,-0.416141],[0.88508,-0.0213965,-0.464947],[0.398905,-0.479817,0.781441]],[[-0.300512,-0.789094,-0.535746],[0.517492,0.336945,-0.786556],[0.801183,-0.513614,0.307094]],[[-0.300512,-0.789094,-0.535746],[-0.39476,0.614242,-0.68328],[0.86825,0.00615689,-0.49609]],[[-0.300512,-0.789094,-0.535746],[-0.794647,0.517788,-0.316908],[0.527473,0.330494,-0.782653]]],"btipPosition":[-194.663,302.542,16.5099],"carpPosition":[-97.895,249.448,62.9929],"dipPosition":[-185.344,308.381,2.6817],"direction":[-0.868249,-0.00615689,0.49609],"extended":false,"handId":68,"id":681,"length":60.8133,"mcpPosition":[-128.047,285.716,3.92552],"pipPosition":[-163.642,308.535,-9.71797],"stabilizedTipPosition":[-201.674,301.852,30.016],"timeVisible":11.6053,"tipPosition":[-192.11,302.236,15.003],"tipVelocity":[199.156,28.6529,-17.0896],"tool":false,"touchDistance":0.333333,"touchZone":"none","type":1,"width":21.0646}],"r":[[0.231822,-0.285493,0.929921],[0.769164,0.639036,0.00444265],[-0.595521,0.714231,0.367733]],"s":1.12073,"t":[12.4112,-35.9956,-60.7288],"timestamp":629651970847},{"currentFrameRate":55.3254,"devices":[],"gestures":[],"hands":[{"armBasis":[[-0.218155,-0.919111,-0.328089],[0.859055,-0.0213351,-0.511439],[0.463069,-0.393419,0.794222]],"armWidth":68.1948,"confidence":1,"direction":[-0.288641,0.321441,-0.901866],"elbow":[32.7561,111.901,306.226],"grabAngle":0.9637,"grabStrength":0,"id":68,"palmNormal":[-0.938862,0.0896214,0.332424],"palmPosition":[-122.805,254.633,20.5716],"palmVelocity":[253.411,63.376,-17.2582],"palmWidth":93.486,"pinchDistance":18.4571,"pinchStrength":1,"r":[[0.227135,-0.286836,0.930664],[0.769426,0.638672,0.00905853],[-0.596987,0.71402,0.365763]],"s":1.12073,"sphereCenter":[-166.178,281.564,8.08027],"sphereRadius":60.7375,"stabilizedPalmPosition":[-122.875,254.616,20.5761],"t":[16.0913,-35.183,-60.946],"timeVisible":11.6233,"type":"right","wrist":[-95.7023,221.038,85.9041]}],"id":25949,"interactionBox":{"center":[0,200,0],"size":[235.247,235.247,147.751]},"pointables":[{"bases":[[[-0.32715,-0.916555,-0.230001],[0.846976,-0.176472,-0.501486],[0.419051,-0.358866,0.834033]],[[-0.367398,-0.876094,-0.312214],[0.839342,-0.167711,-0.517086],[0.400654,-0.452031,0.79696]],[[-0.367398,-0.876094,-0.312214],[0.64218,0.00386962,-0.766544],[0.672773,-0.482124,0.561189]],[[-0.367398,-0.876094,-0.312214],[0.395344,0.156746,-0.90506],[0.841856,-0.455949,0.288771]]],"btipPosition":[-181.618,311.015,-65.1573],"carpPosition":[-95.4656,239.721,56.4658],"dipPosition":[-165.258,302.154,-59.5457],"direction":[-0.672773,0.482124,-0.561189],"extended":true,"handId":68,"id":682,"length":69.2919,"mcpPosition":[-125.504,265.445,-3.31918],"pipPosition":[-145.474,287.977,-43.0432],"stabilizedTipPosition":[-185.352,307.436,-62.9827],"timeVisible":11.6233,"tipPosition":[-179.465,309.213,-61.5773],"tipVelocity":[292.842,81.03,-25.4248],"tool":false,"touchDistance":0.333018,"touchZone":"hovering","type":2,"width":20.6882},{"bases":[[[-0.324829,-0.943446,-0.0662958],[0.834365,-0.252855,-0.489795],[0.445332,-0.214415,0.869314]],[[-0.386771,-0.901672,-0.19338],[0.880095,-0.298292,-0.369397],[0.275391,-0.313065,0.908928]],[[-0.386771,-0.901672,-0.19338],[0.760107,-0.192973,-0.620483],[0.522155,-0.386975,0.760003]],[[-0.386771,-0.901672,-0.19338],[0.588685,-0.0799984,-0.804395],[0.70983,-0.424957,0.561741]]],"btipPosition":[-169.202,275.909,-78.1584],"carpPosition":[-99.1443,228.348,52.4101],"dipPosition":[-155.487,267.698,-67.3048],"direction":[-0.522155,0.386975,-0.760003],"extended":true,"handId":68,"id":683,"length":66.626,"mcpPosition":[-127.805,242.148,-3.53745],"pipPosition":[-140.529,256.612,-45.5331],"stabilizedTipPosition":[-172.928,272.645,-75.0203],"timeVisible":11.6233,"tipPosition":[-169.458,274.822,-72.6544],"tipVelocity":[307.689,82.1484,-37.5203],"tool":false,"touchDistance":0.332878,"touchZone":"hovering","type":3,"width":19.6861},{"bases":[[[-0.40447,-0.907087,0.116609],[0.80973,-0.41446,-0.415405],[0.425138,-0.0735969,0.902132]],[[-0.439008,-0.8976,0.03982],[0.829519,-0.421942,-0.365873],[0.34521,-0.12759,0.929812]],[[-0.439008,-0.8976,0.03982],[0.691683,-0.365918,-0.622639],[0.573452,-0.245801,0.781495]],[[-0.439008,-0.8976,0.03982],[0.502174,-0.281877,-0.817537],[0.745046,-0.338909,0.574498]]],"btipPosition":[-170.781,236.817,-60.029],"carpPosition":[-107.952,216.754,53.7618],"dipPosition":[-157.501,230.776,-49.7887],"direction":[-0.573452,0.245801,-0.781495],"extended":true,"handId":68,"id":684,"length":52.2336,"mcpPosition":[-133.28,221.139,0.0165431],"pipPosition":[-145.902,225.804,-33.9823],"stabilizedTipPosition":[-174.736,234.155,-56.6361],"timeVisible":11.6233,"tipPosition":[-170.182,236.608,-55.2506],"tipVelocity":[307.931,71.9221,-55.1321],"tool":false,"touchDistance":0.33266,"touchZone":"hovering","type":4,"width":17.4868},{"bases":[[[0.707898,-0.396768,-0.584342],[0.683563,0.593135,0.425361],[0.177825,-0.700547,0.691095]],[[0.544896,-0.0269571,-0.83807],[0.483274,0.826875,0.287618],[0.685226,-0.561739,0.463589]],[[0.544896,-0.0269571,-0.83807],[0.411621,0.879366,0.239342],[0.730518,-0.475383,0.490259]],[[0.544896,-0.0269571,-0.83807],[0.0663531,0.997735,0.0110486],[0.835874,-0.0616288,0.545451]]],"btipPosition":[-189.129,303.556,27.6503],"carpPosition":[-107.999,256.493,81.9131],"dipPosition":[-168.899,302.065,40.8512],"direction":[-0.730518,0.475383,-0.490259],"extended":false,"handId":68,"id":680,"length":53.894,"mcpPosition":[-107.999,256.493,81.9131],"pipPosition":[-143.142,285.303,58.137],"stabilizedTipPosition":[-193.369,300.871,31.805],"timeVisible":11.6233,"tipPosition":[-180.897,307.109,30.1127],"tipVelocity":[243.258,59.518,-44.6114],"tool":false,"touchDistance":0.33275,"touchZone":"hovering","type":0,"width":22.0525},{"bases":[[[-0.23348,-0.875326,-0.423429],[0.89094,-0.0181451,-0.453758],[0.389503,-0.483193,0.784099]],[[-0.292328,-0.787563,-0.542483],[0.525901,0.341396,-0.779023],[0.798732,-0.513023,0.314381]],[[-0.292328,-0.787563,-0.542483],[-0.392816,0.616086,-0.68274],[0.871917,0.0135122,-0.489467]],[[-0.292328,-0.787563,-0.542483],[-0.795324,0.515214,-0.319398],[0.531041,0.338081,-0.776979]]],"btipPosition":[-189.97,303.42,15.7598],"carpPosition":[-93.8661,250.415,63.0332],"dipPosition":[-180.587,309.393,2.03181],"direction":[-0.871917,-0.0135122,0.489467],"extended":false,"handId":68,"id":681,"length":60.8133,"mcpPosition":[-123.308,286.939,3.76493],"pipPosition":[-158.794,309.731,-10.2023],"stabilizedTipPosition":[-196.439,302.963,23.4401],"timeVisible":11.6233,"tipPosition":[-187.53,303.36,14.0803],"tipVelocity":[261.557,50.5143,-40.3906],"tool":false,"touchDistance":0.333333,"touchZone":"none","type":1,"width":21.0646}],"r":[[0.227135,-0.286836,0.930664],[0.769426,0.638672,0.00905853],[-0.596987,0.71402,0.365763]],"s":1.12073,"t":[16.0913,-35.183,-60.946],"timestamp":629651988848},{"currentFrameRate":55.3254,"devices":[],"gestures":[],"hands":[{"armBasis":[[-0.221481,-0.914618,-0.338261],[0.860707,-0.0202906,-0.508696],[0.458399,-0.40381,0.791712]],"armWidth":68.1948,"confidence":1,"direction":[-0.27635,0.321284,-0.905763],"elbow":[36.54,110.176,305.109],"grabAngle":0.972352,"grabStrength":0,"id":68,"palmNormal":[-0.942842,0.0919902,0.320293],"palmPosition":[-116.889,255.91,19.8637],"palmVelocity":[327.28,70.6976,-39.1674],"palmWidth":93.486,"pinchDistance":18.3443,"pinchStrength":1,"r":[[0.220868,-0.287848,0.931859],[0.769868,0.638036,0.0146142],[-0.598766,0.71418,0.362526]],"s":1.11995,"sphereCenter":[-160.885,282.525,7.20607],"sphereRadius":60.9044,"stabilizedPalmPosition":[-116.922,255.903,19.8675],"t":[20.8891,-34.1378,-61.4086],"timeVisible":11.6413,"type":"right","wrist":[-90.6229,222.196,85.4832]}],"id":25950,"interactionBox":{"center":[0,200,0],"size":[235.247,235.247,147.751]},"pointables":[{"bases":[[[-0.326213,-0.916031,-0.233391],[0.852936,-0.178787,-0.490444],[0.407535,-0.359057,0.839639]],[[-0.365737,-0.875046,-0.317067],[0.843477,-0.167623,-0.510342],[0.393425,-0.45409,0.799387]],[[-0.365737,-0.875046,-0.317067],[0.646433,0.00626309,-0.762945],[0.669598,-0.483999,0.563368]],[[-0.365737,-0.875046,-0.317067],[0.399778,0.159941,-0.90255],[0.840485,-0.456852,0.291328]]],"btipPosition":[-174.892,312.453,-66.1419],"carpPosition":[-90.0452,240.97,56.1179],"dipPosition":[-158.559,303.575,-60.4805],"direction":[-0.669598,0.483999,-0.563368],"extended":true,"handId":68,"id":682,"length":69.2919,"mcpPosition":[-119.258,266.708,-4.06897],"pipPosition":[-138.868,289.342,-43.914],"stabilizedTipPosition":[-174.851,309.633,-64.3544],"timeVisible":11.6413,"tipPosition":[-172.32,310.538,-63.1243],"tipVelocity":[371.788,79.3372,-53.8372],"tool":false,"touchDistance":0.332735,"touchZone":"hovering","type":2,"width":20.6882},{"bases":[[[-0.326049,-0.942784,-0.0696468],[0.840007,-0.255131,-0.47885],[0.433683,-0.214632,0.87513]],[[-0.386114,-0.901124,-0.19721],[0.882325,-0.298411,-0.363941],[0.269106,-0.314526,0.910305]],[[-0.386114,-0.901124,-0.19721],[0.762479,-0.19145,-0.61804],[0.519175,-0.389002,0.761009]],[[-0.386114,-0.901124,-0.19721],[0.5907,-0.0773292,-0.803177],[0.708512,-0.42661,0.562152]]],"btipPosition":[-162.604,277.334,-79.0182],"carpPosition":[-93.697,229.602,52.0251],"dipPosition":[-148.914,269.091,-68.1567],"direction":[-0.519175,0.389002,-0.761009],"extended":true,"handId":68,"id":683,"length":66.626,"mcpPosition":[-121.608,243.415,-4.29683],"pipPosition":[-134.042,257.948,-46.3562],"stabilizedTipPosition":[-162.747,274.756,-76.1535],"timeVisible":11.6413,"tipPosition":[-162.164,276.088,-74.0909],"tipVelocity":[364.728,78.4423,-47.4657],"tool":false,"touchDistance":0.322563,"touchZone":"hovering","type":3,"width":19.6861},{"bases":[[[-0.407945,-0.906087,0.112192],[0.814061,-0.416616,-0.404643],[0.413383,-0.0737414,0.907566]],[[-0.441038,-0.896765,0.0360176],[0.832556,-0.423787,-0.356728],[0.335165,-0.127344,0.933514]],[[-0.441038,-0.896765,0.0360176],[0.696734,-0.367406,-0.616097],[0.565727,-0.246628,0.786846]],[[-0.441038,-0.896765,0.0360176],[0.507517,-0.282299,-0.814085],[0.74021,-0.340763,0.579628]]],"btipPosition":[-164.066,238.14,-61.1759],"carpPosition":[-102.547,218.029,53.2737],"dipPosition":[-150.872,232.066,-50.8442],"direction":[-0.565727,0.246628,-0.786846],"extended":true,"handId":68,"id":684,"length":52.2336,"mcpPosition":[-127.174,222.422,-0.795333],"pipPosition":[-139.43,227.078,-34.9295],"stabilizedTipPosition":[-164.447,236.098,-58.2604],"timeVisible":11.6413,"tipPosition":[-163.297,237.907,-56.5777],"tipVelocity":[370.413,72.8167,-62.289],"tool":false,"touchDistance":0.319189,"touchZone":"hovering","type":4,"width":17.4868},{"bases":[[[0.714441,-0.398847,-0.574887],[0.679375,0.591997,0.433577],[0.1674,-0.700329,0.693914]],[[0.555265,-0.0284636,-0.831186],[0.482611,0.824961,0.294152],[0.677324,-0.564472,0.471809]],[[0.555265,-0.0284636,-0.831186],[0.412503,0.877244,0.245527],[0.722165,-0.479199,0.498844]],[[0.555265,-0.0284636,-0.831186],[0.0708877,0.997397,0.0132004],[0.828647,-0.0662506,0.555837]]],"btipPosition":[-183.121,305.242,26.1497],"carpPosition":[-102.866,257.793,81.3882],"dipPosition":[-163.067,303.638,39.602],"direction":[-0.722165,0.479199,-0.498844],"extended":false,"handId":68,"id":680,"length":53.894,"mcpPosition":[-102.866,257.793,81.3882],"pipPosition":[-137.604,286.743,57.1905],"stabilizedTipPosition":[-184.6,303.233,30.2936],"timeVisible":11.6413,"tipPosition":[-175.044,308.46,28.6259],"tipVelocity":[330.135,91.8403,-79.8206],"tool":false,"touchDistance":0.332389,"touchZone":"hovering","type":0,"width":22.0525},{"bases":[[[-0.229982,-0.87518,-0.425638],[0.896637,-0.0205151,-0.442292],[0.378353,-0.483362,0.789437]],[[-0.287316,-0.787006,-0.545958],[0.53648,0.339973,-0.772404],[0.793498,-0.51482,0.324533]],[[-0.287316,-0.787006,-0.545958],[-0.388251,0.616757,-0.684742],[0.87562,0.0152312,-0.48276]],[[-0.287316,-0.787006,-0.545958],[-0.794368,0.514267,-0.323278],[0.53519,0.340809,-0.77293]]],"btipPosition":[-183.7,304.673,14.329],"carpPosition":[-88.5062,251.666,62.6961],"dipPosition":[-174.244,310.694,0.672572],"direction":[-0.87562,-0.0152312,0.48276],"extended":false,"handId":68,"id":681,"length":60.8133,"mcpPosition":[-117.105,288.203,3.02436],"pipPosition":[-152.358,311.075,-11.3939],"stabilizedTipPosition":[-187.465,304.825,16.0676],"timeVisible":11.6413,"tipPosition":[-181.419,304.798,12.4786],"tipVelocity":[347.785,69.9207,-78.2479],"tool":false,"touchDistance":0.333333,"touchZone":"none","type":1,"width":21.0646}],"r":[[0.220868,-0.287848,0.931859],[0.769868,0.638036,0.0146142],[-0.598766,0.71418,0.362526]],"s":1.11995,"t":[20.8891,-34.1378,-61.4086],"timestamp":629652006923},{"currentFrameRate":55.3137,"devices":[],"gestures":[],"hands":[{"armBasis":[[-0.211967,-0.910875,-0.354085],[0.867312,-0.00836079,-0.497694],[0.450377,-0.412597,0.791785]],"armWidth":68.1948,"confidence":1,"direction":[-0.254458,0.332492,-0.90813],"elbow":[40.1169,108.539,304.144],"grabAngle":0.987659,"grabStrength":0,"id":68,"palmNormal":[-0.950604,0.0866259,0.298075],"palmPosition":[-109.644,257.512,18.7374],"palmVelocity":[399.86,88.3721,-62.1585],"palmWidth":93.486,"pinchDistance":18.3072,"pinchStrength":1,"r":[[0.211324,-0.290975,0.9331],[0.769906,0.637688,0.0244903],[-0.602152,0.713223,0.358782]],"s":1.11775,"sphereCenter":[-155.522,282.653,6.01673],"sphereRadius":61.2843,"stabilizedPalmPosition":[-109.679,257.504,18.7428],"t":[26.9105,-32.8146,-62.203],"timeVisible":11.6595,"type":"right","wrist":[-84.8206,222.996,84.4977]}],"id":25951,"interactionBox":{"center":[0,200,0],"size":[235.247,235.247,147.751]},"pointables":[{"bases":[[[-0.318851,-0.9134,-0.253052],[0.865064,-0.171355,-0.471488],[0.387296,-0.369241,0.844786]],[[-0.356524,-0.871192,-0.337512],[0.852022,-0.154953,-0.500049],[0.38334,-0.465847,0.797519]],[[-0.356524,-0.871192,-0.337512],[0.653212,0.0258507,-0.756733],[0.667985,-0.490261,0.559857]],[[-0.356524,-0.871192,-0.337512],[0.405708,0.18105,-0.895892],[0.841601,-0.456338,0.288901]]],"btipPosition":[-166.545,315.117,-66.936],"carpPosition":[-83.6778,242.144,55.4493],"dipPosition":[-150.19,306.249,-61.3218],"direction":[-0.667985,0.490261,-0.559857],"extended":true,"handId":68,"id":682,"length":69.2919,"mcpPosition":[-111.44,268.612,-5.10652],"pipPosition":[-130.547,291.832,-44.8584],"stabilizedTipPosition":[-163.252,312.943,-65.5946],"timeVisible":11.6595,"tipPosition":[-163.075,313.12,-64.9502],"tipVelocity":[460.932,147.152,-44.4237],"tool":false,"touchDistance":0.32467,"touchZone":"hovering","type":2,"width":20.6882},{"bases":[[[-0.322681,-0.942247,-0.0897091],[0.851979,-0.247859,-0.461193],[0.412322,-0.225248,0.882753]],[[-0.378914,-0.899771,-0.216418],[0.888489,-0.288285,-0.357042],[0.258866,-0.327573,0.908672]],[[-0.378914,-0.899771,-0.216418],[0.76775,-0.175063,-0.616371],[0.516706,-0.399706,0.757133]],[[-0.378914,-0.899771,-0.216418],[0.593622,-0.0569105,-0.802729],[0.709956,-0.432636,0.555688]]],"btipPosition":[-154.225,280.265,-80.0997],"carpPosition":[-87.2088,230.824,51.1227],"dipPosition":[-140.508,271.906,-69.3631],"direction":[-0.516706,0.399706,-0.757133],"extended":true,"handId":68,"id":683,"length":66.626,"mcpPosition":[-113.745,245.321,-5.68981],"pipPosition":[-125.706,260.456,-47.6737],"stabilizedTipPosition":[-151.428,278.233,-77.585],"timeVisible":11.6595,"tipPosition":[-152.482,278.787,-76.1835],"tipVelocity":[462.787,160.308,-61.2777],"tool":false,"touchDistance":0.315356,"touchZone":"hovering","type":3,"width":19.6861},{"bases":[[[-0.409096,-0.907992,0.0905068],[0.824476,-0.410315,-0.389718],[0.390997,-0.0848116,0.916476]],[[-0.438539,-0.898527,0.0182532],[0.839827,-0.416952,-0.347623],[0.31996,-0.137117,0.937457]],[[-0.438539,-0.898527,0.0182532],[0.705672,-0.356848,-0.612117],[0.556517,-0.255556,0.790557]],[[-0.438539,-0.898527,0.0182532],[0.518991,-0.269778,-0.811091],[0.733711,-0.346222,0.584636]]],"btipPosition":[-155.395,240.631,-63.2842],"carpPosition":[-96.0677,219.224,52.0046],"dipPosition":[-142.317,234.459,-52.8633],"direction":[-0.556517,0.255556,-0.790557],"extended":true,"handId":68,"id":684,"length":52.2336,"mcpPosition":[-119.362,224.277,-2.5952],"pipPosition":[-131.061,229.291,-36.8735],"stabilizedTipPosition":[-152.829,239.097,-60.7911],"timeVisible":11.6595,"tipPosition":[-154.046,240.373,-59.1306],"tipVelocity":[477.082,136.201,-115.227],"tool":false,"touchDistance":0.303116,"touchZone":"hovering","type":4,"width":17.4868},{"bases":[[[0.729056,-0.3905,-0.562127],[0.667502,0.587297,0.457738],[0.15139,-0.708937,0.688832]],[[0.575416,-0.0166916,-0.817691],[0.476779,0.819179,0.318791],[0.664514,-0.573296,0.479326]],[[0.575416,-0.0166916,-0.817691],[0.410001,0.870976,0.270741],[0.70767,-0.491043,0.508016]],[[0.575416,-0.0166916,-0.817691],[0.0774821,0.996408,0.034185],[0.814183,-0.083027,0.574642]]],"btipPosition":[-175.883,307.35,24.2058],"carpPosition":[-97.1458,258.624,80.6083],"dipPosition":[-156.178,305.34,38.1132],"direction":[-0.70767,0.491043,-0.508016],"extended":false,"handId":68,"id":680,"length":53.894,"mcpPosition":[-97.1458,258.624,80.6083],"pipPosition":[-131.227,288.027,56.0251],"stabilizedTipPosition":[-173.85,306.198,27.9495],"timeVisible":11.6595,"tipPosition":[-168.227,309.737,26.7617],"tipVelocity":[395.06,111.172,-101.51],"tool":false,"touchDistance":0.332224,"touchZone":"hovering","type":0,"width":22.0525},{"bases":[[[-0.217976,-0.869961,-0.442328],[0.907304,-0.0136553,-0.420254],[0.359565,-0.492931,0.792295]],[[-0.27216,-0.780933,-0.562203],[0.554887,0.349962,-0.754737],[0.786148,-0.517368,0.338084]],[[-0.27216,-0.780933,-0.562203],[-0.381311,0.623953,-0.682117],[0.883477,0.0287287,-0.467594]],[[-0.27216,-0.780933,-0.562203],[-0.791585,0.51389,-0.330621],[0.547103,0.35505,-0.758036]]],"btipPosition":[-176.173,306.011,12.3721],"carpPosition":[-82.3191,252.757,62.1996],"dipPosition":[-166.507,312.284,-1.02115],"direction":[-0.883477,-0.0287287,0.467594],"extended":false,"handId":68,"id":681,"length":60.8133,"mcpPosition":[-109.498,290.017,2.31176],"pipPosition":[-144.425,313.002,-12.7086],"stabilizedTipPosition":[-176.277,307.001,10.4585],"timeVisible":11.6595,"tipPosition":[-174.051,306.428,10.3626],"tipVelocity":[418.089,77.0507,-104.661],"tool":false,"touchDistance":0.333333,"touchZone":"none","type":1,"width":21.0646}],"r":[[0.211324,-0.290975,0.9331],[0.769906,0.637688,0.0244903],[-0.602152,0.713223,0.358782]],"s":1.11775,"t":[26.9105,-32.8146,-62.203],"timestamp":629652025042},{"currentFrameRate":55.3163,"devices":[],"gestures":[],"hands":[{"armBasis":[[-0.214284,-0.907704,-0.36077],[0.870777,-0.01019,-0.491572],[0.442525,-0.419487,0.792592]],"armWidth":68.1948,"confidence":1,"direction":[-0.237698,0.345288,-0.907896],"elbow":[45.3664,107.536,303.391],"grabAngle":0.993073,"grabStrength":0,"id":68,"palmNormal":[-0.953718,0.0942653,0.285545],"palmPosition":[-100.977,259.344,17.8066],"palmVelocity":[479.637,101.394,-51.5153],"palmWidth":93.486,"pinchDistance":18.7733,"pinchStrength":1,"r":[[0.200364,-0.296005,0.933935],[0.771216,0.635556,0.0359805],[-0.604219,0.713057,0.355626]],"s":1.11514,"sphereCenter":[-147.926,284.288,5.22324],"sphereRadius":61.7259,"stabilizedPalmPosition":[-101.009,259.337,17.81],"t":[34.2545,-31.2369,-63.0656],"timeVisible":11.6775,"type":"right","wrist":[-77.393,223.904,83.5209]}],"id":25952,"interactionBox":{"center":[0,200,0],"size":[235.247,235.247,147.751]},"pointables":[{"bases":[[[-0.325524,-0.906863,-0.267643],[0.869708,-0.176108,-0.461079],[0.371001,-0.382864,0.846034]],[[-0.362211,-0.862315,-0.353859],[0.855135,-0.156372,-0.494259],[0.370873,-0.481624,0.794035]],[[-0.362211,-0.862315,-0.353859],[0.6599,0.0308765,-0.750718],[0.658281,-0.505431,0.557858]],[[-0.362211,-0.862315,-0.353859],[0.41766,0.189241,-0.888677],[0.833284,-0.469682,0.291609]]],"btipPosition":[-156.344,318.72,-67.5855],"carpPosition":[-75.7132,243.279,54.7094],"dipPosition":[-140.151,309.593,-61.9187],"direction":[-0.658281,0.505431,-0.557858],"extended":true,"handId":68,"id":682,"length":69.2919,"mcpPosition":[-102.307,270.724,-5.93587],"pipPosition":[-120.793,294.73,-45.5141],"stabilizedTipPosition":[-152.675,316.602,-66.2786],"timeVisible":11.6775,"tipPosition":[-152.578,316.478,-66.0169],"tipVelocity":[562.5,196.127,-35.2776],"tool":false,"touchDistance":0.323587,"touchZone":"hovering","type":2,"width":20.6882},{"bases":[[[-0.33201,-0.937447,-0.1047],[0.855612,-0.252565,-0.451818],[0.397112,-0.239591,0.885945]],[[-0.385767,-0.89314,-0.231267],[0.887232,-0.290398,-0.358454],[0.25299,-0.343467,0.904448]],[[-0.385767,-0.89314,-0.231267],[0.766685,-0.170902,-0.618859],[0.513204,-0.416044,0.750685]],[[-0.385767,-0.89314,-0.231267],[0.59314,-0.048092,-0.803662],[0.706661,-0.4472,0.548309]]],"btipPosition":[-144.912,283.897,-80.6973],"carpPosition":[-79.31,232.049,50.2081],"dipPosition":[-131.258,275.256,-70.1033],"direction":[-0.513204,0.416044,-0.750685],"extended":true,"handId":68,"id":683,"length":66.626,"mcpPosition":[-104.867,247.468,-6.8098],"pipPosition":[-116.556,263.338,-48.5985],"stabilizedTipPosition":[-141.815,281.893,-78.2576],"timeVisible":11.6775,"tipPosition":[-142.18,282.127,-77.5283],"tipVelocity":[514.615,197.382,-34.8872],"tool":false,"touchDistance":0.317669,"touchZone":"hovering","type":3,"width":19.6861},{"bases":[[[-0.420595,-0.904173,0.074644],[0.825256,-0.415466,-0.382544],[0.376898,-0.0992957,0.920917]],[[-0.447582,-0.894225,0.00562023],[0.838847,-0.422025,-0.343847],[0.309848,-0.149185,0.939009]],[[-0.447582,-0.894225,0.00562023],[0.707929,-0.358162,-0.608733],[0.546357,-0.268479,0.793355]],[[-0.447582,-0.894225,0.00562023],[0.526484,-0.268588,-0.806644],[0.722831,-0.358081,0.591011]]],"btipPosition":[-146.03,243.725,-64.9444],"carpPosition":[-88.3113,220.542,50.836],"dipPosition":[-133.146,237.343,-54.4098],"direction":[-0.546357,0.268479,-0.793355],"extended":true,"handId":68,"id":684,"length":52.2336,"mcpPosition":[-110.765,226.458,-4.02835],"pipPosition":[-122.095,231.913,-38.3634],"stabilizedTipPosition":[-143.172,242.223,-62.5026],"timeVisible":11.6775,"tipPosition":[-144.426,243.539,-60.9026],"tipVelocity":[515.853,168.583,-90.4317],"tool":false,"touchDistance":0.30088,"touchZone":"hovering","type":4,"width":17.4868},{"bases":[[[0.732536,-0.392675,-0.556056],[0.667507,0.574567,0.473612],[0.133515,-0.718108,0.683004]],[[0.587217,-0.0151123,-0.809288],[0.486252,0.805896,0.337774],[0.647098,-0.591864,0.480584]],[[0.587217,-0.0151123,-0.809288],[0.424344,0.857163,0.291896],[0.689281,-0.514824,0.509753]],[[0.587217,-0.0151123,-0.809288],[0.100368,0.993469,0.0542754],[0.803183,-0.113098,0.584899]]],"btipPosition":[-166.281,310.881,23.08],"carpPosition":[-89.3514,259.637,79.8565],"dipPosition":[-146.842,308.144,37.2357],"direction":[-0.689281,0.514823,-0.509754],"extended":false,"handId":68,"id":680,"length":53.894,"mcpPosition":[-89.3514,259.637,79.8565],"pipPosition":[-122.539,289.992,55.2088],"stabilizedTipPosition":[-162.023,310.18,26.3644],"timeVisible":11.6775,"tipPosition":[-159.253,312.023,25.6296],"tipVelocity":[528.032,186.179,-59.143],"tool":false,"touchDistance":0.323055,"touchZone":"hovering","type":0,"width":22.0525},{"bases":[[[-0.221474,-0.86252,-0.454981],[0.912994,-0.0194728,-0.407508],[0.342624,-0.505647,0.791789]],[[-0.272862,-0.771719,-0.574453],[0.5762,0.347076,-0.739954],[0.770415,-0.532905,0.34996]],[[-0.272862,-0.771719,-0.574453],[-0.364914,0.635512,-0.680413],[0.890159,0.0239666,-0.455018]],[[-0.272862,-0.771719,-0.574453],[-0.781975,0.525736,-0.334838],[0.560412,0.357843,-0.746919]]],"btipPosition":[-166.608,308.777,10.7679],"carpPosition":[-74.3309,253.802,61.5954],"dipPosition":[-156.706,315.099,-2.42895],"direction":[-0.890159,-0.0239666,0.455018],"extended":false,"handId":68,"id":681,"length":60.8133,"mcpPosition":[-100.229,292.022,1.74591],"pipPosition":[-134.457,315.698,-13.8021],"stabilizedTipPosition":[-164.642,310.147,7.80367],"timeVisible":11.6775,"tipPosition":[-164.691,309.113,9.0313],"tipVelocity":[532.38,153.689,-86.2832],"tool":false,"touchDistance":0.333333,"touchZone":"none","type":1,"width":21.0646}],"r":[[0.200364,-0.296005,0.933935],[0.771216,0.635556,0.0359805],[-0.604219,0.713057,0.355626]],"s":1.11514,"t":[34.2545,-31.2369,-63.0656],"timestamp":629652043111},{"currentFrameRate":55.3215,"devices":[],"gestures":[],"hands":[{"armBasis":[[-0.216937,-0.903857,-0.368756],[0.87374,-0.0113239,-0.486261],[0.435335,-0.427684,0.792193]],"armWidth":68.1948,"confidence":1,"direction":[-0.21531,0.356445,-0.909169],"elbow":[52.3413,105.073,302.647],"grabAngle":0.986121,"grabStrength":0,"id":68,"palmNormal":[-0.957956,0.103702,0.26752],"palmPosition":[-90.4168,259.999,17.0929],"palmVelocity":[584.817,36.2731,-39.5197],"palmWidth":93.486,"pinchDistance":19.5225,"pinchStrength":1,"r":[[0.18713,-0.30221,0.934693],[0.773569,0.631784,0.0493994],[-0.605453,0.713805,0.352006]],"s":1.11355,"sphereCenter":[-138.025,284.235,3.66344],"sphereRadius":62.0545,"stabilizedPalmPosition":[-90.4428,259.997,17.0947],"t":[43.2069,-30.1206,-63.8538],"timeVisible":11.6956,"type":"right","wrist":[-68.4233,223.715,82.8874]}],"id":25953,"interactionBox":{"center":[0,200,0],"size":[235.247,235.247,147.751]},"pointables":[{"bases":[[[-0.331391,-0.900231,-0.282424],[0.876438,-0.18289,-0.44543],[0.349338,-0.395139,0.849605]],[[-0.365903,-0.854289,-0.369194],[0.862598,-0.162407,-0.479111],[0.34934,-0.493775,0.796334]],[[-0.365903,-0.854289,-0.369194],[0.677704,0.0272975,-0.734828],[0.637834,-0.51908,0.568967]],[[-0.365903,-0.854289,-0.369194],[0.446389,0.186987,-0.875085],[0.81661,-0.485001,0.312926]]],"btipPosition":[-143.171,320.91,-69.0696],"carpPosition":[-66.0921,243.284,54.3367],"dipPosition":[-127.302,311.485,-62.9886],"direction":[-0.637834,0.51908,-0.568967],"extended":true,"handId":68,"id":682,"length":69.2919,"mcpPosition":[-91.1333,271.608,-6.56451],"pipPosition":[-108.546,296.22,-46.2573],"stabilizedTipPosition":[-139.572,318.734,-67.6656],"timeVisible":11.6956,"tipPosition":[-139.627,318.537,-67.2073],"tipVelocity":[725.333,117.464,-76.9115],"tool":false,"touchDistance":0.321187,"touchZone":"hovering","type":2,"width":20.6882},{"bases":[[[-0.341492,-0.932202,-0.119932],[0.861211,-0.259243,-0.437159],[0.376429,-0.252573,0.891352]],[[-0.391275,-0.887137,-0.244729],[0.888871,-0.295437,-0.350179],[0.238355,-0.354549,0.904147]],[[-0.391275,-0.887137,-0.244729],[0.77431,-0.173645,-0.608516],[0.497341,-0.427593,0.754862]],[[-0.391275,-0.887137,-0.244729],[0.606735,-0.0487296,-0.793409],[0.691937,-0.458926,0.557324]]],"btipPosition":[-132.594,285.894,-81.872],"carpPosition":[-69.7381,232.141,49.6613],"dipPosition":[-119.225,277.027,-71.1038],"direction":[-0.497341,0.427593,-0.754862],"extended":true,"handId":68,"id":683,"length":66.626,"mcpPosition":[-93.9645,248.396,-7.70461],"pipPosition":[-104.977,264.778,-49.4794],"stabilizedTipPosition":[-129.559,283.848,-79.3916],"timeVisible":11.6956,"tipPosition":[-129.435,284.149,-78.8414],"tipVelocity":[678.517,107.716,-62.8345],"tool":false,"touchDistance":0.318955,"touchZone":"hovering","type":3,"width":19.6861},{"bases":[[[-0.4332,-0.899434,0.0579297],[0.827463,-0.422368,-0.370014],[0.357271,-0.112355,0.927218]],[[-0.456241,-0.889844,-0.00454353],[0.840855,-0.429441,-0.329458],[0.291215,-0.154133,0.944159]],[[-0.456241,-0.889844,-0.00454353],[0.71901,-0.365633,-0.591048],[0.524279,-0.272927,0.806624]],[[-0.456241,-0.889844,-0.00454353],[0.549247,-0.277585,-0.78821],[0.700123,-0.362109,0.61539]]],"btipPosition":[-133.909,245.048,-67.0425],"carpPosition":[-78.8924,220.743,50.0045],"dipPosition":[-121.429,238.593,-56.0734],"direction":[-0.524279,0.272927,-0.806624],"extended":true,"handId":68,"id":684,"length":52.2336,"mcpPosition":[-100.177,227.437,-5.23528],"pipPosition":[-110.825,233.073,-39.7587],"stabilizedTipPosition":[-131.15,243.551,-64.5011],"timeVisible":11.6956,"tipPosition":[-132.422,245.371,-62.687],"tipVelocity":[666.061,72.3122,-110.656],"tool":false,"touchDistance":0.304451,"touchZone":"hovering","type":4,"width":17.4868},{"bases":[[[0.738497,-0.396844,-0.545103],[0.665059,0.561801,0.492012],[0.110988,-0.725875,0.678813]],[[0.603918,-0.0170425,-0.796864],[0.494162,0.792435,0.357562],[0.625369,-0.609719,0.486987]],[[0.603918,-0.0170425,-0.796864],[0.435826,0.844132,0.312245],[0.667337,-0.535864,0.517214]],[[0.603918,-0.0170425,-0.796864],[0.122484,0.98988,0.0716562],[0.787579,-0.140878,0.599894]]],"btipPosition":[-154.686,313.159,21.6295],"carpPosition":[-80.0226,259.585,79.3604],"dipPosition":[-135.625,309.749,36.1481],"direction":[-0.667337,0.535864,-0.517214],"extended":false,"handId":68,"id":680,"length":53.894,"mcpPosition":[-80.0226,259.585,79.3604],"pipPosition":[-112.096,290.855,54.3843],"stabilizedTipPosition":[-150.45,312.347,24.9864],"timeVisible":11.6956,"tipPosition":[-148.301,313.279,24.294],"tipVelocity":[637.257,117.572,-75.7021],"tool":false,"touchDistance":0.318243,"touchZone":"hovering","type":0,"width":22.0525},{"bases":[[[-0.223098,-0.855514,-0.467251],[0.920595,-0.0273034,-0.389564],[0.32052,-0.517059,0.793673]],[[-0.269851,-0.765557,-0.58404],[0.605589,0.336635,-0.721067],[0.748627,-0.548269,0.372772]],[[-0.269851,-0.765557,-0.58404],[-0.338784,0.643245,-0.68663],[0.901335,0.0125761,-0.432939]],[[-0.269851,-0.765557,-0.58404],[-0.768485,0.53669,-0.348418],[0.580182,0.354805,-0.733145]]],"btipPosition":[-154.983,310.584,8.56743],"carpPosition":[-64.7161,253.726,61.3461],"dipPosition":[-144.732,316.853,-4.38604],"direction":[-0.901335,-0.0125761,0.432939],"extended":false,"handId":68,"id":681,"length":60.8133,"mcpPosition":[-88.9435,292.809,1.35414],"pipPosition":[-122.203,317.167,-15.2073],"sta