{"frames":40,"data":[{"currentFrameRate":55.3308,"devices":[],"gestures":[],"hands":[{"armBasis":[[0.815342,0.0237838,-0.578491],[0.347141,0.779562,0.521321],[0.463369,-0.625873,0.627353]],"armWidth":68.4237,"confidence":1,"direction":[-0.0572527,0.371181,-0.926794],"elbow":[96.9195,42.8163,321.454],"grabAngle":2.83632,"grabStrength":0,"id":74,"palmNormal":[-0.342825,-0.879178,-0.330933],"palmPosition":[-48.9796,246.019,79.1194],"palmVelocity":[564.989,23.8869,-15.8874],"palmWidth":93.0355,"pinchDistance":57.6074,"pinchStrength":0.53879,"r":[[-0.250117,-0.411664,0.876341],[-0.173913,0.90949,0.377599],[-0.952468,-0.0579632,-0.299073]],"s":1.42393,"sphereCenter":[-68.2866,218.331,51.0018],"sphereRadius":43.5591,"stabilizedPalmPosition":[-49.0128,246.017,79.1203],"t":[-203.917,60.8441,-33.8314],"timeVisible":15.2025,"type":"right","wrist":[-31.0026,215.601,148.26]}],"id":27840,"interactionBox":{"center":[0,200,0],"size":[235.247,235.247,147.751]},"pointables":[{"bases":[[[0.914729,-0.232218,-0.330675],[0.307306,0.931172,0.196165],[0.262362,-0.281056,0.923132]],[[0.940379,-0.265579,-0.212496],[0.25893,0.964089,-0.0590599],[0.22055,0.000517141,0.975375]],[[0.940379,-0.265579,-0.212496],[0.222522,0.952879,-0.206169],[0.257238,0.146592,0.955165]],[[0.940379,-0.265579,-0.212496],[0.184844,0.923484,-0.336168],[0.285516,0.276847,0.917516]]],"btipPosition":[-94.3072,256.783,-20.149],"carpPosition":[-53.9529,243.956,130.146],"dipPosition":[-89.4177,261.524,-4.43655],"direction":[-0.257238,-0.146592,-0.955165],"extended":true,"handId":74,"id":741,"length":58.9429,"mcpPosition":[-73.6887,265.098,60.7043],"pipPosition":[-83.1859,265.075,18.7033],"stabilizedTipPosition":[-93.2989,257.874,-16.5218],"timeVisible":15.2025,"tipPosition":[-92.9901,258.076,-16.2465],"tipVelocity":[700.505,-5.62102,-79.9814],"tool":false,"touchDistance":0.311064,"touchZone":"hovering","type":1,"width":21.2066},{"bases":[[[0.672769,0.738561,0.0436876],[-0.578957,0.48878,0.652612],[0.46064,-0.464351,0.756432]],[[0.577516,0.810839,-0.0949486],[-0.79137,0.584592,0.178848],[0.200523,-0.0281481,0.979285]],[[0.577516,0.810839,-0.0949486],[-0.805367,0.54682,-0.228848],[-0.13364,0.208632,0.96882]],[[0.577516,0.810839,-0.0949486],[-0.669215,0.403585,-0.623915],[-0.467575,0.423862,0.775703]]],"btipPosition":[-62.6126,209.145,33.8467],"carpPosition":[-67.913,224.781,135.134],"dipPosition":[-73.5807,219.088,52.0427],"direction":[0.13364,-0.208632,-0.968821],"extended":false,"handId":74,"id":740,"length":52.2364,"mcpPosition":[-67.913,224.781,135.134],"pipPosition":[-78.1477,226.218,85.1513],"stabilizedTipPosition":[-65.1897,211.429,38.0373],"timeVisible":15.2025,"tipPosition":[-67.7692,212.445,38.1701],"tipVelocity":[604.395,34.5898,-60.8028],"tool":false,"touchDistance":0.295922,"touchZone":"hovering","type":0,"width":22.2012},{"bases":[[[0.875884,-0.423372,-0.23148],[0.463214,0.872111,0.157656],[0.135129,-0.245313,0.95998]],[[0.882411,-0.43732,-0.173499],[-0.00117065,0.366729,-0.930327],[0.470478,0.821134,0.323094]],[[0.882411,-0.43732,-0.173499],[-0.46943,-0.793773,-0.386731],[0.0314062,0.422701,-0.905725]],[[0.882411,-0.43732,-0.173499],[-0.380903,-0.880513,0.282151],[-0.276159,-0.182887,-0.943551]]],"btipPosition":[-70.246,212.08,85.3087],"carpPosition":[-42.1834,242.853,125.813],"dipPosition":[-75.4476,208.635,67.5367],"direction":[-0.0314062,-0.422701,0.905725],"extended":false,"handId":74,"id":742,"length":67.1607,"mcpPosition":[-51.823,260.353,57.3309],"pipPosition":[-74.5524,220.683,41.7218],"stabilizedTipPosition":[-71.5885,211.287,81.2386],"timeVisible":15.2025,"tipPosition":[-70.5994,212.013,82.7438],"tipVelocity":[585.509,3.02982,-68.8445],"tool":false,"touchDistance":0.333333,"touchZone":"none","type":2,"width":20.8277},{"bases":[[[0.848795,-0.519388,-0.0989097],[0.528679,0.83137,0.171237],[-0.00670768,-0.197636,0.980252]],[[0.847888,-0.507779,-0.15247],[0.037713,0.344621,-0.937984],[0.528833,0.789555,0.311349]],[[0.847888,-0.507779,-0.15247],[-0.524269,-0.760211,-0.383694],[0.0789221,0.405265,-0.910786]],[[0.847888,-0.507779,-0.15247],[-0.459079,-0.847025,0.267945],[-0.265203,-0.157191,-0.951293]]],"btipPosition":[-51.3998,207.561,88.6361],"carpPosition":[-30.9221,238.57,122.259],"dipPosition":[-56.3662,204.618,70.8213],"direction":[-0.0789221,-0.405265,0.910786],"extended":false,"handId":74,"id":743,"length":64.5768,"mcpPosition":[-30.4924,251.228,59.4756],"pipPosition":[-54.1749,215.87,45.5326],"stabilizedTipPosition":[-52.6337,206.885,84.546],"timeVisible":15.2025,"tipPosition":[-52.9951,208.172,86.2279],"tipVelocity":[612.823,-8.39962,-48.3301],"tool":false,"touchDistance":0.333333,"touchZone":"none","type":3,"width":19.8189},{"bases":[[[0.743215,-0.66895,-0.0117159],[0.651579,0.719717,0.239694],[-0.151911,-0.185778,0.970778]],[[0.756356,-0.640567,-0.132664],[0.133893,0.3501,-0.927094],[0.640311,0.68345,0.350568]],[[0.756356,-0.640567,-0.132664],[-0.628226,-0.654739,-0.420296],[0.182367,0.401236,-0.897637]],[[0.756356,-0.640567,-0.132664],[-0.607914,-0.763176,0.219096],[-0.241591,-0.0850665,-0.966642]]],"btipPosition":[-35.0995,207.729,84.1058],"carpPosition":[-22.0119,227.333,119.789],"dipPosition":[-39.2734,206.26,67.4056],"direction":[-0.182367,-0.401236,0.897637],"extended":false,"handId":74,"id":744,"length":50.627,"mcpPosition":[-13.0052,238.347,62.2328],"pipPosition":[-35.6983,214.126,49.8085],"stabilizedTipPosition":[-36.1252,207.395,80.2678],"timeVisible":15.2025,"tipPosition":[-37.5621,209.111,81.3956],"tipVelocity":[663.317,-40.6569,-29.9995],"tool":false,"touchDistance":0.333333,"touchZone":"none","type":4,"width":17.6047}],"r":[[-0.250117,-0.411664,0.876341],[-0.173913,0.90949,0.377599],[-0.952468,-0.0579632,-0.299073]],"s":1.42393,"t":[-203.917,60.8441,-33.8314],"timestamp":629687834953},{"currentFrameRate":55.3255,"devices":[],"gestures":[],"hands":[{"armBasis":[[0.816652,0.00833938,-0.57707],[0.361968,0.771388,0.523393],[0.449509,-0.636311,0.626937]],"armWidth":68.4237,"confidence":1,"direction":[-0.0323061,0.362814,-0.931302],"elbow":[102.651,41.4634,321.736],"grabAngle":2.83797,"grabStrength":0,"id":74,"palmNormal":[-0.363735,-0.872161,-0.327156],"palmPosition":[-37.6551,247.404,79.0477],"palmVelocity":[625.908,76.5521,-3.96495],"palmWidth":93.0355,"pinchDistance":57.3684,"pinchStrength":0.540079,"r":[[-0.263983,-0.410418,0.872852],[-0.1721,0.910473,0.376058],[-0.949049,-0.0509449,-0.310983]],"s":1.42164,"sphereCenter":[-54.7454,218.39,50.472],"sphereRadius":43.3515,"stabilizedPalmPosition":[-37.6775,247.401,79.0478],"t":[-193.729,61.957,-34.0837],"timeVisible":15.2206,"type":"right","wrist":[-21.4454,217.13,148.658]}],"id":27841,"interactionBox":{"center":[0,200,0],"size":[235.247,235.247,147.751]},"pointables":[{"bases":[[[0.912302,-0.262602,-0.314238],[0.3318,0.923742,0.191337],[0.240029,-0.278821,0.929863]],[[0.938043,-0.301593,-0.170635],[0.29585,0.953426,-0.0587568],[0.180408,0.00463413,0.983581]],[[0.938043,-0.301593,-0.170635],[0.260234,0.938289,-0.2278],[0.228807,0.169281,0.95864]],[[0.938043,-0.301593,-0.170635],[0.217471,0.89576,-0.387713],[0.269779,0.326583,0.905849]]],"btipPosition":[-79.4401,257.113,-21.0285],"carpPosition":[-43.4526,246.032,130.01],"dipPosition":[-74.8201,262.705,-5.51587],"direction":[-0.228807,-0.169281,-0.95864],"extended":true,"handId":74,"id":741,"length":58.9429,"mcpPosition":[-61.5084,267.006,60.0625],"pipPosition":[-69.277,266.806,17.7082],"stabilizedTipPosition":[-78.4654,258.396,-17.4551],"timeVisible":15.2206,"tipPosition":[-79.6726,259.574,-17.1432],"tipVelocity":[818.278,29.0385,-51.151],"tool":false,"touchDistance":0.322673,"touchZone":"hovering","type":1,"width":21.2066},{"bases":[[[0.693639,0.718824,0.0464486],[-0.573941,0.512565,0.638646],[0.435266,-0.469649,0.768098]],[[0.602722,0.792362,-0.0942774],[-0.776299,0.609597,0.16047],[0.184621,-0.0235312,0.982528]],[[0.602722,0.792362,-0.0942774],[-0.786541,0.570035,-0.237515],[-0.134456,0.217309,0.966798]],[[0.602722,0.792362,-0.0942774],[-0.665095,0.433574,-0.607998],[-0.440879,0.429158,0.788321]]],"btipPosition":[-52.5346,211.039,33.2998],"carpPosition":[-58.0484,227.332,134.979],"dipPosition":[-62.8765,221.106,51.7918],"direction":[0.134456,-0.217309,-0.966798],"extended":false,"handId":74,"id":740,"length":52.2364,"mcpPosition":[-58.0484,227.332,134.979],"pipPosition":[-67.4714,228.533,84.8313],"stabilizedTipPosition":[-54.9456,213.349,37.5545],"timeVisible":15.2206,"tipPosition":[-56.6948,213.926,38.1217],"tipVelocity":[564.969,106.27,-26.4661],"tool":false,"touchDistance":0.309469,"touchZone":"hovering","type":0,"width":22.2012},{"bases":[[[0.866323,-0.451459,-0.213704],[0.486448,0.859702,0.155825],[0.113373,-0.238951,0.96439]],[[0.871562,-0.464975,-0.155491],[0.028492,0.364642,-0.930712],[0.489457,0.806743,0.331057]],[[0.871562,-0.464975,-0.155491],[-0.486576,-0.781379,-0.390756],[0.0601945,0.416226,-0.907266]],[[0.871562,-0.464975,-0.155491],[-0.41274,-0.86701,0.279178],[-0.264623,-0.179143,-0.947567]]],"btipPosition":[-60.1226,214.119,84.7857],"carpPosition":[-31.6572,244.537,125.869],"dipPosition":[-65.1068,210.745,66.9381],"direction":[-0.0601945,-0.416226,0.907266],"extended":false,"handId":74,"id":742,"length":67.1607,"mcpPosition":[-39.7449,261.583,57.0731],"pipPosition":[-63.3912,222.608,41.0793],"stabilizedTipPosition":[-61.3581,213.325,80.6856],"timeVisible":15.2206,"tipPosition":[-60.3556,214.067,82.6233],"tipVelocity":[562.284,113.595,-29.867],"tool":false,"touchDistance":0.333333,"touchZone":"none","type":2,"width":20.8277},{"bases":[[[0.834412,-0.545217,-0.0805916],[0.550466,0.817195,0.170822],[-0.027276,-0.186899,0.982]],[[0.834546,-0.533029,-0.139331],[0.0637583,0.344639,-0.936568],[0.547237,0.772725,0.321602]],[[0.834546,-0.533029,-0.139331],[-0.541085,-0.745363,-0.389437],[0.103729,0.400393,-0.910454]],[[0.834546,-0.533029,-0.139331],[-0.489479,-0.833422,0.256549],[-0.25287,-0.145902,-0.956436]]],"btipPosition":[-41.38,208.867,88.4257],"carpPosition":[-20.4758,239.886,122.533],"dipPosition":[-46.1155,206.135,70.5145],"direction":[-0.103729,-0.400393,0.910454],"extended":false,"handId":74,"id":743,"length":64.5768,"mcpPosition":[-18.7288,251.856,59.6372],"pipPosition":[-43.2354,217.252,45.235],"stabilizedTipPosition":[-42.5207,208.232,84.3073],"timeVisible":15.2206,"tipPosition":[-42.8819,209.716,86.4025],"tipVelocity":[556.727,74.847,-12.8561],"tool":false,"touchDistance":0.333333,"touchZone":"none","type":3,"width":19.8189},{"bases":[[[0.723147,-0.690663,0.00649642],[0.668959,0.702701,0.242289],[-0.171905,-0.170865,0.970182]],[[0.739102,-0.66344,-0.116512],[0.164773,0.345788,-0.923732],[0.653129,0.663535,0.364889]],[[0.739102,-0.66344,-0.116512],[-0.639089,-0.636023,-0.43248],[0.212821,0.394109,-0.894084]],[[0.739102,-0.66344,-0.116512],[-0.637351,-0.744767,0.197752],[-0.21797,-0.0719001,-0.973303]]],"btipPosition":[-25.2282,208.496,84.2041],"carpPosition":[-11.8666,228.365,120.314],"dipPosition":[-28.994,207.253,67.3889],"direction":[-0.212821,-0.394109,0.894084],"extended":false,"handId":74,"id":744,"length":50.627,"mcpPosition":[-1.67455,238.495,62.7933],"pipPosition":[-24.8218,214.979,49.8614],"stabilizedTipPosition":[-26.1278,208.207,80.3364],"timeVisible":15.2206,"tipPosition":[-27.328,210.132,81.8218],"tipVelocity":[550.776,45.2351,3.97013],"tool":false,"touchDistance":0.333333,"touchZone":"none","type":4,"width":17.6047}],"r":[[-0.263983,-0.410418,0.872852],[-0.1721,0.910473,0.376058],[-0.949049,-0.0509449,-0.310983]],"s":1.42164,"t":[-193.729,61.957,-34.0837],"timestamp":629687853046},{"currentFrameRate":55.327,"devices":[],"gestures":[],"hands":[{"armBasis":[[0.840139,0.0290366,-0.541594],[0.330946,0.76368,0.554317],[0.4297,-0.644941,0.631988]],"armWidth":68.4237,"confidence":1,"direction":[-0.00941649,0.361543,-0.932308],"elbow":[107.56,41.1807,323.577],"grabAngle":2.82354,"grabStrength":0,"id":74,"palmNormal":[-0.338876,-0.878332,-0.337189],"palmPosition":[-25.4913,249.38,79.0812],"palmVelocity":[673.185,109.378,1.85696],"palmWidth":93.0355,"pinchDistance":57.3489,"pinchStrength":0.543343,"r":[[-0.279067,-0.410035,0.868328],[-0.17598,0.910776,0.373523],[-0.944009,-0.0485702,-0.326325]],"s":1.41899,"sphereCenter":[-38.4778,218.696,49.6054],"sphereRadius":43.4197,"stabilizedPalmPosition":[-25.5062,249.378,79.0812],"t":[-182.553,63.5016,-34.1931],"timeVisible":15.2386,"type":"right","wrist":[-11.0677,219.23,149.104]}],"id":27842,"interactionBox":{"center":[0,200,0],"size":[235.247,235.247,147.751]},"pointables":[{"bases":[[[0.925847,-0.247617,-0.285469],[0.310318,0.929274,0.20038],[0.215661,-0.274108,0.937206]],[[0.949539,-0.292889,-0.112211],[0.290623,0.956145,-0.0364138],[0.117955,0.0019652,0.993017]],[[0.949539,-0.292889,-0.112211],[0.265629,0.94118,-0.208856],[0.166783,0.16851,0.971487]],[[0.949539,-0.292889,-0.112211],[0.231804,0.89632,-0.377992],[0.211287,0.332908,0.918983]]],"btipPosition":[-61.8044,258.701,-22.6924],"carpPosition":[-32.8436,247.949,129.841],"dipPosition":[-58.1862,264.402,-6.95489],"direction":[-0.166783,-0.16851,-0.971487],"extended":true,"handId":74,"id":741,"length":58.9429,"mcpPosition":[-49.0664,268.569,59.341],"pipPosition":[-54.1457,268.484,16.5804],"stabilizedTipPosition":[-61.0457,260.005,-19.066],"timeVisible":15.2386,"tipPosition":[-64.1568,260.667,-18.4823],"tipVelocity":[963.267,89.2724,-89.2253],"tool":false,"touchDistance":0.328202,"touchZone":"hovering","type":1,"width":21.2066},{"bases":[[[0.679831,0.730298,0.0670384],[-0.601912,0.503413,0.619901],[0.418964,-0.461779,0.781811]],[[0.592122,0.802207,-0.076521],[-0.790921,0.59672,0.135528],[0.154383,-0.0197272,0.987814]],[[0.592122,0.802207,-0.076521],[-0.789751,0.558787,-0.253082],[-0.160265,0.210288,0.964414]],[[0.592122,0.802207,-0.076521],[-0.667663,0.435198,-0.60401],[-0.451239,0.408738,0.793294]]],"btipPosition":[-39.0918,213.245,32.3941],"carpPosition":[-47.274,229.012,134.379],"dipPosition":[-49.6768,222.833,51.0027],"direction":[0.160265,-0.210288,-0.964414],"extended":false,"handId":74,"id":740,"length":52.2364,"mcpPosition":[-47.274,229.012,134.379],"pipPosition":[-55.1537,230.019,83.9607],"stabilizedTipPosition":[-41.5552,215.446,36.6759],"timeVisible":15.2386,"tipPosition":[-42.6274,215.554,37.5724],"tipVelocity":[740.875,115.966,-48.6399],"tool":false,"touchDistance":0.319789,"touchZone":"hovering","type":0,"width":22.2012},{"bases":[[[0.879914,-0.43714,-0.186173],[0.467035,0.86779,0.169761],[0.0873498,-0.236325,0.96774]],[[0.883568,-0.450524,-0.127809],[0.0558189,0.372292,-0.926436],[0.464964,0.811435,0.354093]],[[0.883568,-0.450524,-0.127809],[-0.460462,-0.786059,-0.412414],[0.0853375,0.423247,-0.901986]],[[0.883568,-0.450524,-0.127809],[-0.409024,-0.875331,0.257867],[-0.22805,-0.175566,-0.95769]]],"btipPosition":[-47.7334,215.548,83.6746],"carpPosition":[-20.9022,246.648,126.07],"dipPosition":[-52.0288,212.242,65.6363],"direction":[-0.0853375,-0.423247,0.901986],"extended":false,"handId":74,"id":742,"length":67.1607,"mcpPosition":[-27.1335,263.506,57.0347],"pipPosition":[-49.5965,224.305,39.928],"stabilizedTipPosition":[-48.7975,214.779,79.5328],"timeVisible":15.2386,"tipPosition":[-47.7695,215.642,81.9066],"tipVelocity":[694.428,79.9617,-63.919],"tool":false,"touchDistance":0.333333,"touchZone":"none","type":2,"width":20.8277},{"bases":[[[0.84545,-0.531318,-0.0539973],[0.531254,0.826365,0.186789],[-0.0546231,-0.186607,0.980915]],[[0.847204,-0.519172,-0.11272],[0.0929771,0.35379,-0.930692],[0.523069,0.778006,0.348003]],[[0.847204,-0.519172,-0.11272],[-0.515193,-0.751067,-0.412887],[0.129699,0.407872,-0.90378]],[[0.847204,-0.519172,-0.11272],[-0.48704,-0.843745,0.22558],[-0.212222,-0.136213,-0.967682]]],"btipPosition":[-29.0997,210.518,87.8929],"carpPosition":[-9.54698,242.181,123.087],"dipPosition":[-33.074,207.967,69.7711],"direction":[-0.129699,-0.407872,0.90378],"extended":false,"handId":74,"id":743,"length":64.5768,"mcpPosition":[-6.04847,254.133,60.2614],"pipPosition":[-29.4728,219.292,44.677],"stabilizedTipPosition":[-30.0548,209.925,83.7268],"timeVisible":15.2386,"tipPosition":[-30.3057,211.552,86.2187],"tipVelocity":[689.324,93.6721,-32.1653],"tool":false,"touchDistance":0.333333,"touchZone":"none","type":3,"width":19.8189},{"bases":[[[0.733967,-0.678532,0.0297801],[0.649358,0.713911,0.26204],[-0.199063,-0.172991,0.964598]],[[0.753453,-0.650699,-0.0943367],[0.195213,0.358395,-0.912932],[0.627854,0.669436,0.397059]],[[0.753453,-0.650699,-0.0943367],[-0.612007,-0.64162,-0.462354],[0.240325,0.406097,-0.881663]],[[0.753453,-0.650699,-0.0943367],[-0.634484,-0.757185,0.155243],[-0.172447,-0.0571134,-0.983362]]],"btipPosition":[-12.8643,210.36,84.1625],"carpPosition":[-0.682985,230.803,121.151],"dipPosition":[-15.8436,209.373,67.1735],"direction":[-0.240325,-0.406097,0.881663],"extended":false,"handId":74,"id":744,"length":50.627,"mcpPosition":[11.1192,241.06,63.9615],"pipPosition":[-11.1323,217.335,49.8895],"stabilizedTipPosition":[-13.5757,210.129,80.2552],"timeVisible":15.2386,"tipPosition":[-14.5942,212.201,82.142],"tipVelocity":[694.269,106.45,-4.51343],"tool":false,"touchDistance":0.333333,"touchZone":"none","type":4,"width":17.6047}],"r":[[-0.279067,-0.410035,0.868328],[-0.17598,0.910776,0.373523],[-0.944009,-0.0485702,-0.326325]],"s":1.41899,"t":[-182.553,63.5016,-34.1931],"timestamp":629687871115},{"currentFrameRate":55.333,"devices":[],"gestures":[],"hands":[{"armBasis":[[0.878855,0.0882363,-0.468858],[0.246339,0.757685,0.604343],[0.408572,-0.646628,0.644159]],"armWidth":68.4237,"confidence":1,"direction":[0.000654982,0.405583,-0.914058],"elbow":[112.744,42.0407,326.872],"grabAngle":2.81055,"grabStrength":0,"id":74,"palmNormal":[-0.254244,-0.883955,-0.392408],"palmPosition":[-13.3578,252.936,79.7493],"palmVelocity":[672.143,196.993,37.0097],"palmWidth":93.0355,"pinchDistance":57.6862,"pinchStrength":0.539269,"r":[[-0.29235,-0.422264,0.858035],[-0.196532,0.904612,0.378223],[-0.935899,-0.0580579,-0.347452]],"s":1.41743,"sphereCenter":[-19.633,221.867,48.03],"sphereRadius":43.7148,"stabilizedPalmPosition":[-13.3679,252.933,79.7488],"t":[-170.898,66.052,-33.9137],"timeVisible":15.2567,"type":"right","wrist":[-0.0503215,220.555,149.039]}],"id":27843,"interactionBox":{"center":[0,200,0],"size":[235.247,235.247,147.751]},"pointables":[{"bases":[[[0.95352,-0.16125,-0.254554],[0.227439,0.93928,0.256953],[0.197664,-0.302905,0.932297]],[[0.973752,-0.221767,-0.0512446],[0.224157,0.973428,0.0468079],[0.0395025,-0.0570661,0.997589]],[[0.973752,-0.221767,-0.0512446],[0.211915,0.965485,-0.151431],[0.0830583,0.136597,0.987139]],[[0.973752,-0.221767,-0.0512446],[0.196637,0.933033,-0.301302],[0.114632,0.283317,0.952151]]],"btipPosition":[-43.2132,265.509,-23.3031],"carpPosition":[-22.668,248.427,130.005],"dipPosition":[-41.2502,270.36,-6.99754],"direction":[-0.0830583,-0.136597,-0.987139],"extended":true,"handId":74,"id":741,"length":58.9429,"mcpPosition":[-37.537,271.212,59.8744],"pipPosition":[-39.238,273.67,16.9169],"stabilizedTipPosition":[-42.81,266.607,-19.5515],"timeVisible":15.2567,"tipPosition":[-47.7271,266.144,-18.9531],"tipVelocity":[1008.78,366.31,-26.5898],"tool":false,"touchDistance":0.332977,"touchZone":"hovering","type":1,"width":21.2066},{"bases":[[[0.616705,0.776158,0.131357],[-0.664903,0.424268,0.614737],[0.421402,-0.46645,0.777717]],[[0.530221,0.84778,-0.0116164],[-0.840481,0.527361,0.12443],[0.111615,-0.0562121,0.99216]],[[0.530221,0.84778,-0.0116164],[-0.821785,0.510495,-0.253107],[-0.208649,0.143749,0.967368]],[[0.530221,0.84778,-0.0116164],[-0.681751,0.418157,-0.6003],[-0.504065,0.326211,0.799691]]],"btipPosition":[-22.4762,218.539,30.5487],"carpPosition":[-35.7339,228.235,133.006],"dipPosition":[-34.3003,226.191,49.3074],"direction":[0.208649,-0.143749,-0.967368],"extended":false,"handId":74,"id":740,"length":52.2364,"mcpPosition":[-35.7339,228.235,133.006],"pipPosition":[-41.4307,231.104,82.3663],"stabilizedTipPosition":[-25.2247,220.291,34.8664],"timeVisible":15.2567,"tipPosition":[-26.0112,220.005,35.9532],"tipVelocity":[904.643,268.622,-100.315],"tool":false,"touchDistance":0.326265,"touchZone":"hovering","type":0,"width":22.2012},{"bases":[[[0.918621,-0.358437,-0.166307],[0.389653,0.891618,0.230624],[0.0656179,-0.276658,0.958725]],[[0.920903,-0.374381,-0.108519],[0.065448,0.42296,-0.903782],[0.384258,0.825193,0.414008]],[[0.920903,-0.374381,-0.108519],[-0.379814,-0.799265,-0.465743],[0.0876304,0.470121,-0.878241]],[[0.920903,-0.374381,-0.108519],[-0.349567,-0.916392,0.19501],[-0.172453,-0.14165,-0.974779]]],"btipPosition":[-33.0098,217.374,81.7188],"carpPosition":[-10.5154,248.236,126.72],"dipPosition":[-36.258,214.706,63.3585],"direction":[-0.0876304,-0.470121,0.878241],"extended":false,"handId":74,"id":742,"length":67.1607,"mcpPosition":[-15.1963,267.971,58.3283],"pipPosition":[-33.7604,228.105,38.327],"stabilizedTipPosition":[-33.8311,216.751,77.506],"timeVisible":15.2567,"tipPosition":[-33.0059,217.483,79.9869],"tipVelocity":[828.965,109.267,-112.448],"tool":false,"touchDistance":0.333333,"touchZone":"none","type":2,"width":20.8277},{"bases":[[[0.88626,-0.46143,-0.0403189],[0.456181,0.854458,0.248598],[-0.0802597,-0.238715,0.967767]],[[0.889478,-0.446285,-0.0982776],[0.103552,0.406306,-0.907851],[0.445091,0.797336,0.407614]],[[0.889478,-0.446285,-0.0982776],[-0.437153,-0.768324,-0.467521],[0.133139,0.458812,-0.878502]],[[0.889478,-0.446285,-0.0982776],[-0.429489,-0.889876,0.153819],[-0.156102,-0.0946092,-0.9832]]],"btipPosition":[-14.2945,213.423,86.6167],"carpPosition":[1.2707,244.808,124.05],"dipPosition":[-17.2178,211.652,68.2043],"direction":[-0.133139,-0.458812,0.878502],"extended":false,"handId":74,"id":743,"length":64.5768,"mcpPosition":[6.41119,260.098,62.0659],"pipPosition":[-13.5211,224.391,43.812],"stabilizedTipPosition":[-15.0029,213.008,82.385],"timeVisible":15.2567,"tipPosition":[-15.4599,214.535,84.8928],"tipVelocity":[833.534,170.88,-74.4007],"tool":false,"touchDistance":0.333333,"touchZone":"none","type":3,"width":19.8189},{"bases":[[[0.783376,-0.620753,0.031443],[0.579579,0.747817,0.323817],[-0.224524,-0.235447,0.945597]],[[0.805772,-0.585249,-0.0906345],[0.205493,0.419828,-0.884035],[0.555432,0.693706,0.45855]],[[0.805772,-0.585249,-0.0906345],[-0.538155,-0.659691,-0.524592],[0.247226,0.471477,-0.846515]],[[0.805772,-0.585249,-0.0906345],[-0.579889,-0.810767,0.0799089],[-0.12025,-0.0118304,-0.992673]]],"btipPosition":[1.93546,214.591,83.4217],"carpPosition":[11.0776,234.256,121.991],"dipPosition":[-0.142037,214.387,66.2718],"direction":[-0.247226,-0.471477,0.846515],"extended":false,"handId":74,"id":744,"length":50.627,"mcpPosition":[24.3894,248.215,65.9281],"pipPosition":[4.70455,223.63,49.6768],"stabilizedTipPosition":[1.43699,214.538,79.4783],"timeVisible":15.2567,"tipPosition":[0.324614,216.563,81.5382],"tipVelocity":[831.332,244.355,-43.0898],"tool":false,"touchDistance":0.333333,"touchZone":"none","type":4,"width":17.6047}],"r":[[-0.29235,-0.422264,0.858035],[-0.196532,0.904612,0.378223],[-0.935899,-0.0580579,-0.347452]],"s":1.41743,"t":[-170.898,66.052,-33.9137],"timestamp":629687889167},{"currentFrameRate":55.3262,"devices":[],"gestures":[],"hands":[{"armBasis":[[0.922116,0.261503,-0.285163],[0.0159393,0.71072,0.703294],[0.386584,-0.653064,0.651199]],"armWidth":68.4237,"confidence":1,"direction":[-0.00682878,0.44957,-0.893219],"elbow":[118.827,43.7159,328.685],"grabAngle":2.78305,"grabStrength":0,"id":74,"palmNormal":[-0.0145413,-0.89319,-0.449444],"palmPosition":[-0.614594,257.528,80.1036],"palmVelocity":[704.121,253.681,19.5727],"palmWidth":93.0355,"pinchDistance":57.28,"pinchStrength":0.533287,"r":[[-0.30028,-0.452403,0.83974],[-0.260031,0.885849,0.38426],[-0.917723,-0.102973,-0.383642]],"s":1.42065,"sphereCenter":[6.31504,227.703,46.6141],"sphereRadius":44.5947,"stabilizedPalmPosition":[-0.621174,257.525,80.1034],"t":[-158.699,69.6227,-33.5969],"timeVisible":15.2748,"type":"right","wrist":[12.1032,224.007,148.909]}],"id":27844,"interactionBox":{"center":[0,200,0],"size":[235.247,235.247,147.751]},"pointables":[{"bases":[[[0.98453,0.0657051,-0.162431],[-0.0115216,0.949298,0.314167],[0.174837,-0.307435,0.935369]],[[0.99844,-0.00624637,0.0554905],[-0.000877921,0.991845,0.127445],[-0.055834,-0.127295,0.990292]],[[0.99844,-0.00624637,0.0554905],[0.0083187,0.999273,-0.0371934],[-0.0552178,0.037597,0.997766]],[[0.99844,-0.00624637,0.0554905],[0.0141996,0.989459,-0.144113],[-0.0540054,0.144676,0.988004]]],"btipPosition":[-21.6855,273.34,-25.1488],"carpPosition":[-13.2005,248.12,128.948],"dipPosition":[-22.6104,275.817,-8.22924],"direction":[0.0552178,-0.037597,-0.997766],"extended":true,"handId":74,"id":741,"length":58.9429,"mcpPosition":[-26.3524,271.247,58.586],"pipPosition":[-23.9481,276.728,15.9427],"stabilizedTipPosition":[-21.9368,273.896,-21.2541],"timeVisible":15.2748,"tipPosition":[-26.6963,269.855,-21.0572],"tipVelocity":[1152.81,402.532,-94.1801],"tool":false,"touchDistance":0.333333,"touchZone":"hovering","type":1,"width":21.2066},{"bases":[[[0.414019,0.882627,0.222614],[-0.795522,0.231979,0.559759],[0.442417,-0.408845,0.798193]],[[0.323802,0.943596,0.0691328],[-0.944923,0.318845,0.073877],[0.0476674,-0.0892468,0.994868]],[[0.323802,0.943596,0.0691328],[-0.903199,0.330045,-0.27441],[-0.281749,0.026414,0.959124]],[[0.323802,0.943596,0.0691328],[-0.703684,0.289029,-0.649069],[-0.63244,0.161522,0.757582]]],"btipPosition":[0.368964,225.289,28.5129],"carpPosition":[-21.6621,225.426,129.839],"dipPosition":[-14.4665,229.078,46.2839],"direction":[0.281749,-0.026414,-0.959124],"extended":false,"handId":74,"id":740,"length":52.2364,"mcpPosition":[-21.6621,225.426,129.839],"pipPosition":[-24.095,229.981,79.0611],"stabilizedTipPosition":[-3.07429,226.153,32.6034],"timeVisible":15.2748,"tipPosition":[-1.8019,225.414,33.8331],"tipVelocity":[1224.03,323.873,-125.037],"tool":false,"touchDistance":0.333333,"touchZone":"hovering","type":0,"width":22.2012},{"bases":[[[0.986542,-0.139236,-0.0857273],[0.158932,0.939759,0.302643],[0.0384243,-0.312195,0.949241]],[[0.98707,-0.157706,-0.0286528],[0.0502382,0.474141,-0.879014],[0.152211,0.86621,0.475934]],[[0.98707,-0.157706,-0.0286528],[-0.148834,-0.835416,-0.529083],[0.0595025,0.526506,-0.848086]],[[0.98707,-0.157706,-0.0286528],[-0.152683,-0.979502,0.131389],[-0.0487862,-0.125315,-0.990917]]],"btipPosition":[-11.9355,218.553,79.0359],"carpPosition":[-1.06385,250.776,126.908],"dipPosition":[-12.8544,216.193,60.3717],"direction":[-0.0595025,-0.526506,0.848086],"extended":false,"handId":74,"id":742,"length":67.1607,"mcpPosition":[-3.8049,273.047,59.1927],"pipPosition":[-11.1584,231.199,36.1997],"stabilizedTipPosition":[-12.2325,218.005,74.7541],"timeVisible":15.2748,"tipPosition":[-11.826,218.681,76.9525],"tipVelocity":[1194.06,69.061,-152.103],"tool":false,"touchDistance":0.333333,"touchZone":"none","type":2,"width":20.8277},{"bases":[[[0.966636,-0.254105,0.0323267],[0.230154,0.916979,0.32585],[-0.112443,-0.307539,0.944869]],[[0.971639,-0.235206,-0.0243895],[0.0905441,0.465341,-0.880488],[0.218446,0.853309,0.47344]],[[0.971639,-0.235206,-0.0243895],[-0.210958,-0.815599,-0.538791],[0.106835,0.528655,-0.842087]],[[0.971639,-0.235206,-0.0243895],[-0.23286,-0.969661,0.074396],[-0.041148,-0.0666067,-0.99693]]],"btipPosition":[6.60508,218.216,85.6507],"carpPosition":[11.3816,250.163,125.319],"dipPosition":[5.83451,216.968,66.9812],"direction":[-0.106835,-0.528655,0.842087],"extended":false,"handId":74,"id":743,"length":64.5768,"mcpPosition":[18.5834,269.86,64.8018],"pipPosition":[8.80086,231.647,43.6],"stabilizedTipPosition":[6.3951,217.921,81.3583],"timeVisible":15.2748,"tipPosition":[5.44939,219.319,83.4922],"tipVelocity":[1182.16,271.458,-56.6408],"tool":false,"touchDistance":0.333333,"touchZone":"none","type":3,"width":19.8189},{"bases":[[[0.895721,-0.435986,0.0871805],[0.366855,0.835497,0.4091],[-0.251201,-0.334456,0.908315]],[[0.920519,-0.389553,-0.0298858],[0.184677,0.50125,-0.845366],[0.344295,0.772656,0.533352]],[[0.920519,-0.389553,-0.0298858],[-0.323447,-0.716931,-0.617569],[0.21915,0.57815,-0.785949]],[[0.920519,-0.389553,-0.0298858],[-0.390295,-0.920348,-0.0250812],[-0.0177349,0.034752,-0.999239]]],"btipPosition":[22.1376,222.653,83.783],"carpPosition":[23.436,242.141,123.867],"dipPosition":[21.8312,223.253,66.5197],"direction":[-0.21915,-0.57815,0.785949],"extended":false,"handId":74,"id":744,"length":50.627,"mcpPosition":[38.3294,261.97,70.0144],"pipPosition":[26.1274,234.587,51.1121],"stabilizedTipPosition":[22.0499,222.784,79.8122],"timeVisible":15.2748,"tipPosition":[20.6602,224.876,81.8036],"tipVelocity":[1138.77,455.645,18.5246],"tool":false,"touchDistance":0.333333,"touchZone":"none","type":4,"width":17.6047}],"r":[[-0.30028,-0.452403,0.83974],[-0.260031,0.885849,0.38426],[-0.917723,-0.102973,-0.383642]],"s":1.42065,"t":[-158.699,69.6227,-33.5969],"timestamp":629687907265},{"currentFrameRate":55.31,"devices":[],"gestures":[{"direction":[0.969268,0.237662,-0.0635291],"duration":0,"handIds":[74],"id":13,"pointableIds":[741],"position":[-0.614176,283.573,-20.9333],"speed":284.345,"startPosition":[-115.63,255.371,-13.3948],"state":"start","type":"swipe"}],"hands":[{"armBasis":[[0.925746,0.319401,-0.202427],[-0.0776613,0.684494,0.72487],[0.370085,-0.655325,0.658473]],"armWidth":68.4237,"confidence":1,"direction":[0.0329866,0.487141,-0.8727],"elbow":[125.244,45.7646,330.954],"grabAngle":2.76321,"grabStrength":0,"id":74,"palmNormal":[0.0710184,-0.872111,-0.484128],"palmPosition":[13.6015,262.373,80.9195],"palmVelocity":[783.859,267.165,44.9934],"palmWidth":93.0355,"pinchDistance":57.2599,"pinchStrength":0.538256,"r":[[-0.311717,-0.487032,0.815863],[-0.325794,0.861378,0.389726],[-0.892575,-0.144319,-0.427178]],"s":1.425,"sphereCenter":[27.6128,234.308,46.9579],"sphereRadius":45.5835,"stabilizedPalmPosition":[13.5963,262.371,80.9193],"t":[-145.492,73.8307,-33.0305],"timeVisible":15.2929,"type":"right","wrist":[23.0744,226.68,149.169]}],"id":27845,"interactionBox":{"center":[0,200,0],"size":[235.247,235.247,147.751]},"pointables":[{"bases":[[[0.988315,0.127147,-0.0840636],[-0.0902391,0.932553,0.349574],[0.122841,-0.337904,0.93313]],[[0.989516,0.0442129,0.137488],[-0.0688044,0.981327,0.179622],[-0.126979,-0.187198,0.974081]],[[0.989516,0.0442129,0.137488],[-0.0459341,0.998901,0.00936991],[-0.136922,-0.0155871,0.990459]],[[0.989516,0.0442129,0.137488],[-0.0391706,0.998465,-0.0391673],[-0.139008,0.0333712,0.989729]]],"btipPosition":[-0.0666583,283.441,-24.8316],"carpPosition":[-1.99161,250.156,128.251],"dipPosition":[-2.44717,284.013,-7.88251],"direction":[0.136922,0.0155871,-0.990459],"extended":true,"handId":74,"id":741,"length":58.9429,"mcpPosition":[-11.2321,275.574,58.0576],"pipPosition":[-5.76426,283.635,16.1124],"stabilizedTipPosition":[-0.638046,283.562,-20.9336],"timeVisible":15.2929,"tipPosition":[-5.09187,278.255,-21.3273],"tipVelocity":[1173.58,532.817,17.8643],"tool":false,"touchDistance":0.338193,"touchZone":"hovering","type":1,"width":21.2066},{"bases":[[[0.344078,0.89361,0.288222],[-0.846957,0.162879,0.506098],[0.405308,-0.418249,0.812892]],[[0.257754,0.95836,0.122921],[-0.96619,0.254832,0.0392064],[0.00624964,-0.128871,0.991642]],[[0.257754,0.95836,0.122921],[-0.907117,0.283832,-0.310769],[-0.332718,-0.0314018,0.942504]],[[0.257754,0.95836,0.122921],[-0.66215,0.267854,-0.699866],[-0.703648,0.0990012,0.703618]]],"btipPosition":[18.4032,232.339,28.27],"carpPosition":[-9.15399,227.011,127.597],"dipPosition":[1.89736,234.661,44.7751],"direction":[0.332718,0.0314017,-0.942504],"extended":false,"handId":74,"id":740,"length":52.2364,"mcpPosition":[-9.15399,227.011,127.597],"pipPosition":[-9.47297,233.588,76.9843],"stabilizedTipPosition":[14.5915,232.867,32.0666],"timeVisible":15.2929,"tipPosition":[17.3562,232.365,33.2991],"tipVelocity":[973.204,370.105,-29.4504],"tool":false,"touchDistance":0.332806,"touchZone":"hovering","type":0,"width":22.2012},{"bases":[[[0.996631,-0.0805271,-0.0155754],[0.0808653,0.932978,0.350732],[-0.0137118,-0.350809,0.936347]],[[0.994015,-0.101418,0.0405997],[0.0870802,0.511197,-0.85504],[0.0659622,0.853459,0.51697]],[[0.994015,-0.101418,0.0405997],[-0.0603479,-0.819575,-0.569785],[0.091061,0.563924,-0.820791]],[[0.994015,-0.101418,0.0405997],[-0.10426,-0.991689,0.0753864],[0.0326167,-0.0791682,-0.996328]]],"btipPosition":[4.66815,222.778,77.6394],"carpPosition":[10.0865,253.566,127.25],"dipPosition":[5.2825,221.287,58.8733],"direction":[-0.091061,-0.563924,0.820791],"extended":false,"handId":74,"id":742,"length":67.1607,"mcpPosition":[11.0646,278.592,60.4547],"pipPosition":[7.87791,237.36,35.4792],"stabilizedTipPosition":[4.76291,222.423,73.3271],"timeVisible":15.2929,"tipPosition":[4.94344,223.131,75.362],"tipVelocity":[934.951,243.986,-78.2976],"tool":false,"touchDistance":0.333333,"touchZone":"none","type":2,"width":20.8277},{"bases":[[[0.974799,-0.201375,0.0959904],[0.151385,0.913182,0.378392],[-0.163856,-0.354325,0.920655]],[[0.982871,-0.179766,0.0406115],[0.127168,0.502034,-0.855447],[0.133392,0.845958,0.516295]],[[0.982871,-0.179766,0.0406115],[-0.122525,-0.801985,-0.584643],[0.137669,0.569652,-0.810274]],[[0.982871,-0.179766,0.0406115],[-0.18053,-0.98344,0.0159784],[0.0370666,-0.0230363,-0.999047]]],"btipPosition":[22.6343,223.137,85.7129],"carpPosition":[22.6299,253.713,126.593],"dipPosition":[23.3285,222.706,67.0037],"direction":[-0.137669,-0.569652,0.810274],"extended":false,"handId":74,"id":743,"length":64.5768,"mcpPosition":[33.1246,276.407,67.6268],"pipPosition":[27.151,238.523,44.5058],"stabilizedTipPosition":[22.7789,223.033,81.4097],"timeVisible":15.2929,"tipPosition":[21.6471,224.417,83.2129],"tipVelocity":[902.411,281.716,2.92385],"tool":false,"touchDistance":0.333333,"touchZone":"none","type":3,"width":19.8189},{"bases":[[[0.91078,-0.389128,0.138051],[0.286084,0.835829,0.468557],[-0.297716,-0.387258,0.87258]],[[0.941329,-0.33652,0.0255552],[0.216506,0.544062,-0.81063],[0.25889,0.768603,0.585]],[[0.941329,-0.33652,0.0255552],[-0.231358,-0.698582,-0.677095],[0.245709,0.631457,-0.735452]],[[0.941329,-0.33652,0.0255552],[-0.332626,-0.93791,-0.0984131],[0.0570865,0.0841388,-0.994817]]],"btipPosition":[37.8801,228.329,84.8884],"carpPosition":[35.2072,246.442,125.751],"dipPosition":[38.8664,229.783,67.7015],"direction":[-0.245709,-0.631457,0.735452],"extended":false,"handId":74,"id":744,"length":50.627,"mcpPosition":[52.8584,269.402,74.0166],"pipPosition":[43.6832,242.162,53.2838],"stabilizedTipPosition":[38.0973,228.66,80.9347],"timeVisible":15.2929,"tipPosition":[36.6014,230.854,82.9028],"tipVelocity":[884.42,323.831,61.919],"tool":false,"touchDistance":0.333333,"touchZone":"none","type":4,"width":17.6047}],"r":[[-0.311717,-0.487032,0.815863],[-0.325794,0.861378,0.389726],[-0.892575,-0.144319,-0.427178]],"s":1.425,"t":[-145.492,73.8307,-33.0305],"timestamp":629687925401},{"currentFrameRate":55.3044,"devices":[],"gestures":[{"direction":[0.96956,0.240893,-0.0438644],"duration":18101,"handIds":[74],"id":13,"pointableIds":[741],"position":[19.6711,287.681,-20.3763],"speed":289.072,"startPosition":[-115.63,255.371,-13.3948],"state":"update","type":"swipe"}],"hands":[{"armBasis":[[0.934705,0.313483,-0.167493],[-0.0955541,0.675538,0.731107],[0.342338,-0.667365,0.661384]],"armWidth":68.4237,"confidence":1,"direction":[0.0856582,0.485851,-0.869834],"elbow":[128.95,45.5604,333.106],"grabAngle":2.75392,"grabStrength":0,"id":74,"palmNormal":[0.0721904,-0.873775,-0.480943],"palmPosition":[28.8134,265.767,82.0236],"palmVelocity":[840.391,187.507,60.9948],"palmWidth":93.0355,"pinchDistance":57.1891,"pinchStrength":0.527531,"r":[[-0.328756,-0.513436,0.792656],[-0.37701,0.840881,0.388307],[-0.8659,-0.171181,-0.470015]],"s":1.43007,"sphereCenter":[45.3682,237.046,48.7794],"sphereRadius":46.3511,"stabilizedPalmPosition":[28.8088,265.766,82.0233],"t":[-131.282,77.6318,-32.1953],"timeVisible":15.311,"type":"right","wrist":[34.4412,229.8,150.518]}],"id":27846,"interactionBox":{"center":[0,200,0],"size":[235.247,235.247,147.751]},"pointables":[{"bases":[[[0.993981,0.102866,-0.0376875],[-0.0836154,0.934618,0.345684],[0.0707825,-0.340452,0.937594]],[[0.98325,0.0210024,0.181048],[-0.0543376,0.981946,0.18119],[-0.173974,-0.187993,0.966639]],[[0.98325,0.0210024,0.181048],[-0.0232051,0.99968,0.0100564],[-0.180779,-0.0140892,0.983423]],[[0.98325,0.0210024,0.181048],[-0.0162684,0.999487,-0.0275932],[-0.181535,0.0241856,0.983087]]],"btipPosition":[20.3861,287.586,-24.2484],"carpPosition":[10.7307,253.954,128.565],"dipPosition":[17.2773,288,-7.41308],"direction":[0.180779,0.0140892,-0.983423],"extended":true,"handId":74,"id":741,"length":58.9429,"mcpPosition":[5.40617,279.564,58.0361],"pipPosition":[12.8977,287.659,16.4114],"stabilizedTipPosition":[19.6566,287.679,-20.3767],"timeVisible":15.311,"tipPosition":[15.4471,282.235,-20.9547],"tipVelocity":[1120.67,226.989,30.7722],"tool":false,"touchDistance":0.346062,"touchZone":"hovering","type":1,"width":21.2066},{"bases":[[[0.35201,0.885024,0.304667],[-0.865442,0.183773,0.466087],[0.356509,-0.427739,0.830627]],[[0.273065,0.952996,0.131278],[-0.961625,0.274194,0.00975083],[-0.026703,-0.128902,0.991298]],[[0.273065,0.952996,0.131278],[-0.890129,0.302055,-0.341223],[-0.364837,-0.0236781,0.93077]],[[0.273065,0.952996,0.131278],[-0.637682,0.281489,-0.717026],[-0.720276,0.112081,0.684573]]],"btipPosition":[33.7688,235.75,29.098],"carpPosition":[3.04202,230.991,127.56],"dipPosition":[16.8729,238.379,45.1563],"direction":[0.364837,0.0236781,-0.93077],"extended":false,"handId":74,"id":740,"length":52.2364,"mcpPosition":[3.04202,230.991,127.56],"pipPosition":[4.40494,237.57,76.9646],"stabilizedTipPosition":[29.8738,236.353,32.791],"timeVisible":15.311,"tipPosition":[33.6505,235.725,34.4323],"tipVelocity":[843.927,192.338,40.0668],"tool":false,"touchDistance":0.343738,"touchZone":"hovering","type":0,"width":22.2012},{"bases":[[[0.993998,-0.104923,0.0309564],[0.087207,0.930852,0.354837],[-0.0660466,-0.350008,0.934416]],[[0.991041,-0.117235,0.0639799],[0.114784,0.502737,-0.856785],[0.0682798,0.856453,0.51169]],[[0.991041,-0.117235,0.0639799],[-0.0592295,-0.815155,-0.576206],[0.119705,0.567255,-0.814796]],[[0.991041,-0.117235,0.0639799],[-0.121206,-0.990678,0.0621835],[0.0560934,-0.0693812,-0.996012]]],"btipPosition":[19.8667,225.798,78.7378],"carpPosition":[22.9222,257.067,128.133],"dipPosition":[20.9232,224.491,59.9777],"direction":[-0.119705,-0.567255,0.814796],"extended":false,"handId":74,"id":742,"length":67.1607,"mcpPosition":[27.6337,282.035,61.4749],"pipPosition":[24.335,240.659,36.7545],"stabilizedTipPosition":[20.0804,225.491,74.4209],"timeVisible":15.311,"tipPosition":[19.5066,226.668,75.9362],"tipVelocity":[845.271,169.16,60.7623],"tool":false,"touchDistance":0.333333,"touchZone":"none","type":2,"width":20.8277},{"bases":[[[0.964024,-0.225157,0.141288],[0.155851,0.909345,0.385748],[-0.215334,-0.349851,0.911721]],[[0.975201,-0.203774,0.0863635],[0.177707,0.488358,-0.854358],[0.131919,0.848518,0.512459]],[[0.975201,-0.203774,0.0863635],[-0.113666,-0.795966,-0.594573],[0.189901,0.570012,-0.79939]],[[0.975201,-0.203774,0.0863635],[-0.204706,-0.978822,0.00198449],[0.0841301,-0.0196144,-0.996262]]],"btipPosition":[36.5183,225.855,87.572],"carpPosition":[35.4825,256.906,128.063],"dipPosition":[38.0938,225.488,68.915],"direction":[-0.189901,-0.570012,0.79939],"extended":false,"handId":74,"id":743,"length":64.5768,"mcpPosition":[49.2742,279.313,69.6685],"pipPosition":[43.3666,241.314,46.7193],"stabilizedTipPosition":[36.8661,225.768,83.2789],"timeVisible":15.311,"tipPosition":[35.8522,227.555,84.6086],"tipVelocity":[778.227,150.96,103.369],"tool":false,"touchDistance":0.333333,"touchZone":"none","type":3,"width":19.8189},{"bases":[[[0.89353,-0.41127,0.180168],[0.284254,0.82875,0.482051],[-0.347567,-0.379513,0.857419]],[[0.930359,-0.359884,0.0701081],[0.266283,0.531774,-0.803934],[0.252041,0.766616,0.590572]],[[0.930359,-0.359884,0.0701081],[-0.212522,-0.685133,-0.696726],[0.298774,0.633306,-0.713903]],[[0.930359,-0.359884,0.0701081],[-0.349681,-0.928427,-0.125486],[0.110251,0.0922315,-0.989615]]],"btipPosition":[51.8161,230.651,87.1302],"carpPosition":[47.9