{"frames":48,"data":[{"currentFrameRate":55.3184,"devices":[],"gestures":[],"hands":[{"armBasis":[[-0.217372,-0.840171,-0.496853],[0.707955,0.214725,-0.672825],[0.671974,-0.498003,0.548128]],"armWidth":68.1948,"confidence":1,"direction":[-0.547926,0.427394,-0.719105],"elbow":[90.2286,25.4065,272.219],"grabAngle":1.19968,"grabStrength":0,"id":65,"palmNormal":[-0.82547,-0.136938,0.547584],"palmPosition":[-142.804,203.992,71.8991],"palmVelocity":[81.3858,-6.03917,-52.7251],"palmWidth":93.486,"pinchDistance":21.6599,"pinchStrength":1,"r":[[0.0122292,-0.436697,-0.899525],[0.0397814,0.899093,-0.435946],[0.999134,-0.0304531,0.0283676]],"s":1.60936,"sphereCenter":[-213.66,187.113,83.7465],"sphereRadius":74.2747,"stabilizedPalmPosition":[-147.768,205.985,75.81],"t":[-327.396,45.5419,19.5912],"timeVisible":7.75486,"type":"right","wrist":[-96.1814,163.556,120.164]}],"id":25735,"interactionBox":{"center":[0,200,0],"size":[235.247,235.247,147.751]},"pointables":[{"bases":[[[-0.260642,-0.900944,-0.346938],[0.704536,0.0681948,-0.706384],[0.660071,-0.428544,0.616973]],[[-0.274803,-0.891502,-0.36015],[0.581361,0.144285,-0.80075],[0.765834,-0.429426,0.478635]],[[-0.274803,-0.891502,-0.36015],[0.135749,0.334846,-0.932443],[0.95187,-0.305128,0.0290041]],[[-0.274803,-0.891502,-0.36015],[-0.229403,0.424545,-0.875863],[0.933733,-0.15807,-0.321179]]],"btipPosition":[-237.167,251.841,33.7701],"carpPosition":[-105.543,187.673,96.4646],"dipPosition":[-219.022,248.769,27.5287],"direction":[-0.95187,0.305128,-0.0290041],"extended":true,"handId":65,"id":652,"length":69.2919,"mcpPosition":[-152.858,218.392,52.2388],"pipPosition":[-191.031,239.797,28.3816],"stabilizedTipPosition":[-238.545,251.636,38.6533],"timeVisible":7.75486,"tipPosition":[-234.31,248.251,38.1258],"tipVelocity":[92.4803,14.4548,-57.1279],"tool":false,"touchDistance":0.332433,"touchZone":"hovering","type":2,"width":20.6882},{"bases":[[[-0.213031,-0.956748,-0.19812],[0.704797,-0.0100436,-0.709338],[0.676668,-0.290746,0.676452]],[[-0.26498,-0.931256,-0.250098],[0.703797,-0.00949073,-0.710338],[0.659132,-0.364243,0.65793]],[[-0.26498,-0.931256,-0.250098],[0.409474,0.126147,-0.903558],[0.872993,-0.341833,0.347898]],[[-0.26498,-0.931256,-0.250098],[0.097325,0.232215,-0.967783],[0.95933,-0.280784,0.0291023]]],"btipPosition":[-226.269,227.54,6.471],"carpPosition":[-108.721,176.782,90.9335],"dipPosition":[-207.733,222.115,7.03329],"direction":[-0.872993,0.341833,-0.347898],"extended":true,"handId":65,"id":653,"length":66.626,"mcpPosition":[-152.271,195.494,47.3982],"pipPosition":[-182.725,212.323,16.9995],"stabilizedTipPosition":[-229.045,226.546,13.4067],"timeVisible":7.75486,"tipPosition":[-226.424,223.003,16.861],"tipVelocity":[104.77,23.0996,-79.3828],"tool":false,"touchDistance":0.332065,"touchZone":"hovering","type":3,"width":19.6861},{"bases":[[[-0.246787,-0.969069,0.0014481],[0.720077,-0.184378,-0.668949],[0.648525,-0.164045,0.743306]],[[-0.268399,-0.963022,-0.023482],[0.644047,-0.161265,-0.747794],[0.716355,-0.215831,0.663515]],[[-0.268399,-0.963022,-0.023482],[0.304784,-0.0617702,-0.950416],[0.913821,-0.262247,0.310093]],[[-0.268399,-0.963022,-0.023482],[-0.0590637,0.0407821,-0.997421],[0.961496,-0.266319,-0.0678255]]],"btipPosition":[-215.85,191.508,18.0357],"carpPosition":[-115.398,163.792,91.6434],"dipPosition":[-198.711,186.761,16.8268],"direction":[-0.913821,0.262247,-0.310093],"extended":true,"handId":65,"id":654,"length":52.2336,"mcpPosition":[-154.035,173.565,47.3603],"pipPosition":[-180.229,181.457,23.0987],"stabilizedTipPosition":[-218.301,191.111,24.2183],"timeVisible":7.75486,"tipPosition":[-213.96,189.431,25.2827],"tipVelocity":[93.7601,20.0718,-84.1557],"tool":false,"touchDistance":0.332004,"touchZone":"hovering","type":4,"width":17.4868},{"bases":[[[0.576855,-0.153716,-0.802253],[0.692096,0.613636,0.380071],[0.433868,-0.774482,0.460365]],[[0.347544,0.178201,-0.920575],[0.492136,0.801013,0.340852],[0.798133,-0.571509,0.190688]],[[0.347544,0.178201,-0.920575],[0.33454,0.893597,0.299277],[0.875955,-0.411981,0.250949]],[[0.347544,0.178201,-0.920575],[-0.076889,0.983885,0.161428],[0.934506,0.0146788,0.355645]]],"btipPosition":[-207.501,240.522,99.9152],"carpPosition":[-113.065,197.041,127.15],"dipPosition":[-184.884,240.878,108.523],"direction":[-0.875955,0.411981,-0.250949],"extended":false,"handId":65,"id":650,"length":53.894,"mcpPosition":[-113.065,197.041,127.15],"pipPosition":[-153.999,226.352,117.371],"stabilizedTipPosition":[-206.15,243.757,106.669],"timeVisible":7.75486,"tipPosition":[-199.339,246.675,102.846],"tipVelocity":[77.6046,-7.43586,-67.5307],"tool":false,"touchDistance":0.343246,"touchZone":"hovering","type":0,"width":22.0525},{"bases":[[[-0.225634,-0.809188,-0.542498],[0.739588,0.22018,-0.636027],[0.634113,-0.544734,0.548785]],[[-0.257345,-0.780669,-0.5695],[0.308941,0.491949,-0.813967],[0.915603,-0.385412,0.114579]],[[-0.257345,-0.780669,-0.5695],[-0.606889,0.589192,-0.533421],[0.75197,0.20835,-0.625405]],[[-0.257345,-0.780669,-0.5695],[-0.913819,0.388222,-0.119238],[0.314178,0.489734,-0.813297]]],"btipPosition":[-216.585,241.523,88.1281],"carpPosition":[-103.629,197.086,104.698],"dipPosition":[-211.034,250.176,73.7585],"direction":[-0.75197,-0.20835,0.625405],"extended":false,"handId":65,"id":651,"length":60.8133,"mcpPosition":[-151.56,238.261,63.2171],"pipPosition":[-192.238,255.384,58.1266],"stabilizedTipPosition":[-219.823,245.313,88.1422],"timeVisible":7.75486,"tipPosition":[-215.066,243.163,83.4917],"tipVelocity":[90.1686,-5.90169,-47.6395],"tool":false,"touchDistance":0.333333,"touchZone":"none","type":1,"width":21.0646}],"r":[[0.0122292,-0.436697,-0.899525],[0.0397814,0.899093,-0.435946],[0.999134,-0.0304531,0.0283676]],"s":1.60936,"t":[-327.396,45.5419,19.5912],"timestamp":629648120443},{"currentFrameRate":55.3234,"devices":[],"gestures":[],"hands":[{"armBasis":[[-0.214584,-0.841425,-0.495941],[0.712747,0.212268,-0.668531],[0.667791,-0.496936,0.554174]],"armWidth":68.1948,"confidence":1,"direction":[-0.541146,0.427326,-0.724261],"elbow":[90.6851,25.2137,272.877],"grabAngle":1.20213,"grabStrength":0,"id":65,"palmNormal":[-0.830124,-0.133836,0.541278],"palmPosition":[-140.719,203.505,70.4359],"palmVelocity":[115.468,-26.9726,-81.0287],"palmWidth":93.486,"pinchDistance":21.295,"pinchStrength":1,"r":[[0.0151484,-0.435846,-0.899894],[0.0425602,0.899463,-0.43492],[0.998979,-0.0317113,0.0321751]],"s":1.60935,"sphereCenter":[-211.556,187.072,81.9411],"sphereRadius":74.0332,"stabilizedPalmPosition":[-147.298,205.82,75.4522],"t":[-325.725,45.2173,18.4589],"timeVisible":7.77292,"type":"right","wrist":[-94.5646,163.067,119.146]}],"id":25736,"interactionBox":{"center":[0,200,0],"size":[235.247,235.247,147.751]},"pointables":[{"bases":[[[-0.260107,-0.90098,-0.347245],[0.710285,0.0650781,-0.700899],[0.654094,-0.428952,0.623026]],[[-0.274275,-0.891435,-0.360717],[0.581949,0.144761,-0.800237],[0.765577,-0.429405,0.479065]],[[-0.274275,-0.891435,-0.360717],[0.131869,0.336694,-0.932335],[0.952567,-0.303284,0.0252055]],[[-0.274275,-0.891435,-0.360717],[-0.2339,0.425678,-0.874122],[0.932772,-0.155378,-0.32526]]],"btipPosition":[-234.879,251.232,32.3693],"carpPosition":[-103.694,187.143,95.3281],"dipPosition":[-216.752,248.213,26.0485],"direction":[-0.952567,0.303284,-0.0252055],"extended":true,"handId":65,"id":652,"length":69.2919,"mcpPosition":[-150.581,217.891,50.6685],"pipPosition":[-188.741,239.295,26.7897],"stabilizedTipPosition":[-237.889,251.544,38.0048],"timeVisible":7.77292,"tipPosition":[-231.779,248.075,35.5629],"tipVelocity":[126.468,-33.0391,-78.5843],"tool":false,"touchDistance":0.332111,"touchZone":"hovering","type":2,"width":20.6882},{"bases":[[[-0.213816,-0.956609,-0.197946],[0.710376,-0.0131664,-0.703699],[0.670559,-0.291078,0.682367]],[[-0.265961,-0.930714,-0.25107],[0.708433,-0.0120785,-0.705675],[0.653749,-0.365548,0.662561]],[[-0.265961,-0.930714,-0.25107],[0.416638,0.123886,-0.900591],[0.869297,-0.344127,0.354823]],[[-0.265961,-0.930714,-0.25107],[0.107522,0.230184,-0.967189],[0.957969,-0.28423,0.0388528]]],"btipPosition":[-223.629,227.221,4.34923],"carpPosition":[-106.856,176.248,89.7931],"dipPosition":[-205.12,221.729,5.09991],"direction":[-0.869297,0.344127,-0.354823],"extended":true,"handId":65,"id":653,"length":66.626,"mcpPosition":[-150.012,194.982,45.8771],"pipPosition":[-180.217,211.871,15.2645],"stabilizedTipPosition":[-228.395,226.506,12.8093],"timeVisible":7.77292,"tipPosition":[-223.821,222.637,14.6274],"tipVelocity":[145.847,-18.5296,-115.098],"tool":false,"touchDistance":0.331538,"touchZone":"hovering","type":3,"width":19.6861},{"bases":[[[-0.249184,-0.968455,0.00137205],[0.724905,-0.187458,-0.662852],[0.6422,-0.164178,0.748749]],[[-0.272769,-0.961719,-0.0263259],[0.648522,-0.163588,-0.74341],[0.710645,-0.219852,0.668318]],[[-0.272769,-0.961719,-0.0263259],[0.313022,-0.0628402,-0.947665],[0.909733,-0.266735,0.31818]],[[-0.272769,-0.961719,-0.0263259],[-0.044178,0.0398554,-0.998228],[0.961065,-0.271123,-0.0533582]]],"btipPosition":[-213.346,191.324,15.9463],"carpPosition":[-113.57,163.276,90.4752],"dipPosition":[-196.215,186.491,14.9952],"direction":[-0.909733,0.266735,-0.31818],"extended":true,"handId":65,"id":654,"length":52.2336,"mcpPosition":[-151.83,173.057,45.8678],"pipPosition":[-177.815,181.096,21.4306],"stabilizedTipPosition":[-217.848,191.065,23.7853],"timeVisible":7.77292,"tipPosition":[-211.507,189.045,23.1721],"tipVelocity":[138.577,-11.2839,-112.425],"tool":false,"touchDistance":0.331575,"touchZone":"hovering","type":4,"width":17.4868},{"bases":[[[0.58282,-0.156707,-0.797348],[0.690573,0.612679,0.384361],[0.428287,-0.77464,0.465299]],[[0.355003,0.175874,-0.918173],[0.489256,0.801954,0.342779],[0.796619,-0.570909,0.198649]],[[0.355003,0.175874,-0.918173],[0.330319,0.895196,0.299187],[0.874564,-0.409502,0.259703]],[[0.355003,0.175874,-0.918173],[-0.0803569,0.98425,0.157461],[0.931405,0.0178823,0.363544]]],"btipPosition":[-205.67,239.875,97.7917],"carpPosition":[-111.437,196.589,125.935],"dipPosition":[-183.129,240.308,106.59],"direction":[-0.874564,0.409502,-0.259703],"extended":false,"handId":65,"id":650,"length":53.894,"mcpPosition":[-111.437,196.589,125.935],"pipPosition":[-152.293,225.869,115.747],"stabilizedTipPosition":[-205.859,243.563,106.317],"timeVisible":7.77292,"tipPosition":[-197.468,246.229,100.825],"tipVelocity":[100.399,-34.856,-115.162],"tool":false,"touchDistance":0.341513,"touchZone":"hovering","type":0,"width":22.0525},{"bases":[[[-0.223322,-0.809695,-0.542699],[0.745152,0.217115,-0.630562],[0.628391,-0.545211,0.55486]],[[-0.254919,-0.780987,-0.570154],[0.312158,0.491598,-0.812951],[0.91519,-0.385215,0.118474]],[[-0.254919,-0.780987,-0.570154],[-0.605269,0.588711,-0.535788],[0.754099,0.208514,-0.622781]],[[-0.254919,-0.780987,-0.570154],[-0.913277,0.388195,-0.123412],[0.317714,0.489248,-0.812216]]],"btipPosition":[-214.443,241.036,86.2713],"carpPosition":[-101.822,196.567,103.559],"dipPosition":[-208.83,249.68,71.9208],"direction":[-0.754099,-0.208514,0.622781],"extended":false,"handId":65,"id":651,"length":60.8133,"mcpPosition":[-149.321,237.778,61.618],"pipPosition":[-189.981,254.892,56.3545],"stabilizedTipPosition":[-219.231,245.11,87.6833],"timeVisible":7.77292,"tipPosition":[-212.978,242.879,81.4139],"tipVelocity":[119.392,-27.0813,-102.58],"tool":false,"touchDistance":0.333333,"touchZone":"none","type":1,"width":21.0646}],"r":[[0.0151484,-0.435846,-0.899894],[0.0425602,0.899463,-0.43492],[0.998979,-0.0317113,0.0321751]],"s":1.60935,"t":[-325.725,45.2173,18.4589],"timestamp":629648138501},{"currentFrameRate":55.3254,"devices":[],"gestures":[],"hands":[{"armBasis":[[-0.211095,-0.84193,-0.496581],[0.718484,0.210802,-0.66283],[0.662737,-0.496706,0.560414]],"armWidth":68.1948,"confidence":1,"direction":[-0.532547,0.428129,-0.730137],"elbow":[91.3049,24.8955,273.359],"grabAngle":1.20936,"grabStrength":0,"id":65,"palmNormal":[-0.835995,-0.131211,0.532819],"palmPosition":[-138.111,203.186,68.692],"palmVelocity":[144.36,-17.6358,-96.5174],"palmWidth":93.486,"pinchDistance":21.021,"pinchStrength":1,"r":[[0.0191091,-0.435325,-0.900071],[0.0461449,0.89966,-0.434147],[0.998752,-0.0332375,0.0372797]],"s":1.60772,"sphereCenter":[-208.896,187.248,79.7026],"sphereRadius":73.6991,"stabilizedPalmPosition":[-147.298,205.82,75.4522],"t":[-323.585,44.8957,17.0208],"timeVisible":7.79099,"type":"right","wrist":[-92.5426,162.685,117.897]}],"id":25737,"interactionBox":{"center":[0,200,0],"size":[235.247,235.247,147.751]},"pointables":[{"bases":[[[-0.258883,-0.900589,-0.349169],[0.717624,0.0626322,-0.693609],[0.646526,-0.430136,0.63007]],[[-0.272826,-0.891061,-0.362734],[0.583499,0.146515,-0.798788],[0.764915,-0.429585,0.47996]],[[-0.272826,-0.891061,-0.362734],[0.126811,0.34044,-0.931676],[0.953669,-0.300184,0.0201153]],[[-0.272826,-0.891061,-0.362734],[-0.242018,0.428479,-0.870536],[0.931125,-0.149716,-0.332553]]],"btipPosition":[-231.996,250.731,30.7601],"carpPosition":[-101.387,186.749,93.977],"dipPosition":[-213.902,247.821,24.2976],"direction":[-0.953669,0.300184,-0.0201153],"extended":true,"handId":65,"id":652,"length":69.2919,"mcpPosition":[-147.731,217.582,48.8125],"pipPosition":[-185.858,238.994,24.8892],"stabilizedTipPosition":[-236.773,251.379,37.0358],"timeVisible":7.79099,"tipPosition":[-228.628,248.117,32.5885],"tipVelocity":[159.125,-26.37,-90.8651],"tool":false,"touchDistance":0.331952,"touchZone":"hovering","type":2,"width":20.6882},{"bases":[[[-0.214276,-0.956213,-0.199356],[0.717538,-0.0156145,-0.696344],[0.662741,-0.292255,0.689465]],[[-0.266285,-0.929953,-0.253536],[0.714243,-0.0137391,-0.699763],[0.647263,-0.367423,0.667871]],[[-0.266285,-0.929953,-0.253536],[0.423539,0.123394,-0.897435],[0.865857,-0.346356,0.361013]],[[-0.266285,-0.929953,-0.253536],[0.114525,0.230645,-0.966275],[0.957067,-0.28634,0.0450857]]],"btipPosition":[-220.374,227.097,1.97494],"carpPosition":[-104.52,175.858,88.4187],"dipPosition":[-201.883,221.565,2.84605],"direction":[-0.865857,0.346356,-0.361013],"extended":true,"handId":65,"id":653,"length":66.626,"mcpPosition":[-147.173,194.667,44.0459],"pipPosition":[-177.078,211.643,13.1879],"stabilizedTipPosition":[-227.291,226.445,11.8534],"timeVisible":7.79099,"tipPosition":[-220.512,222.542,11.8576],"tipVelocity":[179.914,-7.36751,-129.876],"tool":false,"touchDistance":0.331339,"touchZone":"hovering","type":3,"width":19.6861},{"bases":[[[-0.251724,-0.967799,-0.000402855],[0.731189,-0.189909,-0.655208],[0.634033,-0.165226,0.755449]],[[-0.277298,-0.96028,-0.0311223],[0.65305,-0.164622,-0.739206],[0.704721,-0.225305,0.67276]],[[-0.277298,-0.96028,-0.0311223],[0.318576,-0.061338,-0.945911],[0.90643,-0.272214,0.322931]],[[-0.277298,-0.96028,-0.0311223],[-0.0355126,0.0426146,-0.99846],[0.960127,-0.275766,-0.0459189]]],"btipPosition":[-210.264,191.407,13.7231],"carpPosition":[-111.275,162.904,89.0422],"dipPosition":[-193.15,186.491,12.9046],"direction":[-0.90643,0.272214,-0.322931],"extended":true,"handId":65,"id":654,"length":52.2336,"mcpPosition":[-149.048,172.747,44.0358],"pipPosition":[-174.816,180.986,19.4362],"stabilizedTipPosition":[-217.024,191.008,23.0529],"timeVisible":7.79099,"tipPosition":[-208.397,188.904,20.5481],"tipVelocity":[170.358,3.52861,-121.358],"tool":false,"touchDistance":0.331456,"touchZone":"hovering","type":4,"width":17.4868},{"bases":[[[0.590576,-0.1589,-0.791183],[0.688188,0.611195,0.390945],[0.421446,-0.775365,0.47031]],[[0.364512,0.174634,-0.914677],[0.485939,0.802234,0.346819],[0.794351,-0.570897,0.207563]],[[0.364512,0.174634,-0.914677],[0.323933,0.89713,0.300375],[0.87304,-0.405784,0.270445]],[[0.364512,0.174634,-0.914677],[-0.0859752,0.984374,0.153678],[0.927221,0.022622,0.37383]]],"btipPosition":[-203.381,239.28,95.2668],"carpPosition":[-109.419,196.241,124.495],"dipPosition":[-180.941,239.828,104.314],"direction":[-0.87304,0.405784,-0.270445],"extended":false,"handId":65,"id":650,"length":53.894,"mcpPosition":[-109.419,196.241,124.495],"pipPosition":[-150.159,225.52,113.85],"stabilizedTipPosition":[-205.462,243.346,105.851],"timeVisible":7.79099,"tipPosition":[-195.152,245.885,98.4273],"tipVelocity":[125.403,-31.4653,-136.575],"tool":false,"touchDistance":0.339456,"touchZone":"hovering","type":0,"width":22.0525},{"bases":[[[-0.219851,-0.809564,-0.544308],[0.752164,0.214637,-0.623041],[0.62122,-0.546385,0.561737]],[[-0.250939,-0.780941,-0.571979],[0.318607,0.491329,-0.810608],[0.914067,-0.38565,0.12552]],[[-0.250939,-0.780941,-0.571979],[-0.601369,0.588796,-0.540069],[0.758541,0.208446,-0.617386]],[[-0.250939,-0.780941,-0.571979],[-0.911959,0.388863,-0.130832],[0.324593,0.48879,-0.809767]]],"btipPosition":[-211.836,240.762,83.9204],"carpPosition":[-99.5751,196.174,102.219],"dipPosition":[-206.101,249.398,69.6131],"direction":[-0.758541,-0.208446,0.617386],"extended":false,"handId":65,"id":651,"length":60.8133,"mcpPosition":[-146.532,237.474,59.7583],"pipPosition":[-187.142,254.608,54.1817],"stabilizedTipPosition":[-218.416,244.889,87.0234],"timeVisible":7.79099,"tipPosition":[-210.377,242.758,78.9221],"tipVelocity":[145.817,-15.2997,-129.563],"tool":false,"touchDistance":0.333333,"touchZone":"none","type":1,"width":21.0646}],"r":[[0.0191091,-0.435325,-0.900071],[0.0461449,0.89966,-0.434147],[0.998752,-0.0332375,0.0372797]],"s":1.60772,"t":[-323.585,44.8957,17.0208],"timestamp":629648156569},{"currentFrameRate":55.3093,"devices":[],"gestures":[],"hands":[{"armBasis":[[-0.211006,-0.842598,-0.495485],[0.724501,0.205465,-0.657938],[0.656182,-0.497808,0.567109]],"armWidth":68.1948,"confidence":1,"direction":[-0.520127,0.428784,-0.738656],"elbow":[91.8781,24.6465,273.941],"grabAngle":1.21845,"grabStrength":0,"id":65,"palmNormal":[-0.843676,-0.123307,0.522499],"palmPosition":[-134.851,203.343,66.7092],"palmVelocity":[179.74,8.6641,-109.328],"palmWidth":93.486,"pinchDistance":20.7331,"pinchStrength":1,"r":[[0.0240036,-0.435667,-0.899788],[0.0513659,0.899396,-0.434107],[0.998391,-0.0357983,0.0439672]],"s":1.60474,"sphereCenter":[-205.615,188.332,77.1388],"sphereRadius":73.2762,"stabilizedPalmPosition":[-144.468,205.257,73.4641],"t":[-320.885,44.8135,15.3104],"timeVisible":7.80912,"type":"right","wrist":[-90.1509,162.742,116.622]}],"id":25738,"interactionBox":{"center":[0,200,0],"size":[235.247,235.247,147.751]},"pointables":[{"bases":[[[-0.260571,-0.900212,-0.348885],[0.726917,0.0548855,-0.684529],[0.63537,-0.431979,0.640077]],[[-0.274361,-0.89058,-0.362757],[0.58639,0.144039,-0.79712],[0.76215,-0.431416,0.482708]],[[-0.274361,-0.89058,-0.362757],[0.123401,0.341507,-0.931743],[0.953676,-0.300399,0.0162026]],[[-0.274361,-0.89058,-0.362757],[-0.247001,0.429841,-0.868462],[0.929363,-0.148671,-0.337906]]],"btipPosition":[-228.208,250.949,28.6796],"carpPosition":[-98.5704,186.758,92.5318],"dipPosition":[-210.148,248.06,22.1131],"direction":[-0.953676,0.300399,-0.0162026],"extended":true,"handId":65,"id":652,"length":69.2919,"mcpPosition":[-144.115,217.723,46.6498],"pipPosition":[-182.104,239.227,22.5895],"stabilizedTipPosition":[-234.753,251.205,35.469],"timeVisible":7.80912,"tipPosition":[-224.539,248.872,29.0887],"tipVelocity":[208.439,12.3177,-116.039],"tool":false,"touchDistance":0.333333,"touchZone":"none","type":2,"width":20.6882},{"bases":[[[-0.218283,-0.955528,-0.198288],[0.726326,-0.0233694,-0.686953],[0.651769,-0.293972,0.699126]],[[-0.269781,-0.928915,-0.253643],[0.72143,-0.020519,-0.692184],[0.637775,-0.369724,0.675682]],[[-0.269781,-0.928915,-0.253643],[0.432367,0.118505,-0.893876],[0.860393,-0.350818,0.369662]],[[-0.269781,-0.928915,-0.253643],[0.123258,0.22793,-0.965844],[0.955,-0.29183,0.053005]]],"btipPosition":[-216.22,227.557,-0.850306],"carpPosition":[-101.706,175.866,86.977],"dipPosition":[-197.768,221.918,0.173818],"direction":[-0.860393,0.350818,-0.369662],"extended":true,"handId":65,"id":653,"length":66.626,"mcpPosition":[-143.653,194.786,41.9824],"pipPosition":[-173.121,211.868,10.7635],"stabilizedTipPosition":[-225.263,226.421,10.2024],"timeVisible":7.80912,"tipPosition":[-216.286,223.098,8.54504],"tipVelocity":[228.558,23.9721,-153.84],"tool":false,"touchDistance":0.33108,"touchZone":"hovering","type":3,"width":19.6861},{"bases":[[[-0.25837,-0.966046,0.000209601],[0.738243,-0.197584,-0.644948],[0.623091,-0.16648,0.764226]],[[-0.285941,-0.957647,-0.033923],[0.657472,-0.170313,-0.733978],[0.697114,-0.232178,0.678325]],[[-0.285941,-0.957647,-0.033923],[0.323552,-0.0631655,-0.9441],[0.901971,-0.280933,0.32791]],[[-0.285941,-0.957647,-0.033923],[-0.0281893,0.0437922,-0.998643],[0.957832,-0.284597,-0.0395174]]],"btipPosition":[-206.486,192.124,11.3045],"carpPosition":[-108.558,162.962,87.5649],"dipPosition":[-189.413,187.051,10.6001],"direction":[-0.901971,0.280933,-0.32791],"extended":true,"handId":65,"id":654,"length":52.2336,"mcpPosition":[-145.679,172.88,42.0355],"pipPosition":[-171.17,181.369,17.2324],"stabilizedTipPosition":[-215.438,191.003,21.7469],"timeVisible":7.80912,"tipPosition":[-204.539,189.4,17.4989],"tipVelocity":[207.787,37.5647,-131.91],"tool":false,"touchDistance":0.331381,"touchZone":"hovering","type":4,"width":17.4868},{"bases":[[[0.599612,-0.166167,-0.78285],[0.687294,0.608058,0.397356],[0.409991,-0.776308,0.478805]],[[0.376618,0.169456,-0.910738],[0.485055,0.80151,0.349718],[0.789228,-0.573468,0.219668]],[[0.376618,0.169456,-0.910738],[0.320136,0.898747,0.299611],[0.869294,-0.404399,0.284236]],[[0.376618,0.169456,-0.910738],[-0.0901887,0.985164,0.146009],[0.921968,0.0271487,0.386314]]],"btipPosition":[-200.369,239.442,92.268],"carpPosition":[-106.929,196.429,122.905],"dipPosition":[-178.056,240.099,101.617],"direction":[-0.869294,0.404399,-0.284236],"extended":false,"handId":65,"id":650,"length":53.894,"mcpPosition":[-106.929,196.429,122.905],"pipPosition":[-147.406,225.841,111.639],"stabilizedTipPosition":[-204.834,243.116,105.149],"timeVisible":7.80912,"tipPosition":[-192.086,246.316,95.4968],"tipVelocity":[164.451,10.3205,-161.521],"tool":false,"touchDistance":0.337015,"touchZone":"hovering","type":0,"width":22.0525},{"bases":[[[-0.2184,-0.810254,-0.543866],[0.761593,0.206936,-0.614128],[0.610145,-0.54833,0.571889]],[[-0.248965,-0.781499,-0.572081],[0.328424,0.487559,-0.808965],[0.911128,-0.389289,0.135278]],[[-0.248965,-0.781499,-0.572081],[-0.594576,0.589599,-0.546674],[0.764523,0.204043,-0.61145]],[[-0.248965,-0.781499,-0.572081],[-0.908508,0.393124,-0.141656],[0.335603,0.484473,-0.807872]]],"btipPosition":[-208.437,241.287,81.0775],"carpPosition":[-96.7999,196.204,100.758],"dipPosition":[-202.508,249.847,66.8037],"direction":[-0.764523,-0.204043,0.61145],"extended":false,"handId":65,"id":651,"length":60.8133,"mcpPosition":[-142.919,237.652,57.5307],"pipPosition":[-183.399,254.947,51.5206],"stabilizedTipPosition":[-217.103,244.7,85.9554],"timeVisible":7.80912,"tipPosition":[-206.971,243.447,75.8874],"tipVelocity":[189.882,27.9962,-156.333],"tool":false,"touchDistance":0.333333,"touchZone":"none","type":1,"width":21.0646}],"r":[[0.0240036,-0.435667,-0.899788],[0.0513659,0.899396,-0.434107],[0.998391,-0.0357983,0.0439672]],"s":1.60474,"t":[-320.885,44.8135,15.3104],"timestamp":629648174705},{"currentFrameRate":55.3167,"devices":[],"gestures":[],"hands":[{"armBasis":[[-0.211919,-0.843622,-0.493348],[0.731963,0.197476,-0.652099],[0.64755,-0.499304,0.575651]],"armWidth":68.1948,"confidence":1,"direction":[-0.502813,0.430492,-0.749571],"elbow":[92.3878,24.4968,274.894],"grabAngle":1.22147,"grabStrength":0,"id":65,"palmNormal":[-0.853693,-0.111277,0.50875],"palmPosition":[-130.725,203.803,64.3834],"palmVelocity":[228.548,25.4509,-128.841],"palmWidth":93.486,"pinchDistance":19.9307,"pinchStrength":1,"r":[[0.0300058,-0.436949,-0.898986],[0.0589867,0.898597,-0.434792],[0.997808,-0.0399819,0.0527373]],"s":1.60171,"sphereCenter":[-201.657,189.952,74.1244],"sphereRadius":72.9405,"stabilizedPalmPosition":[-138.443,204.619,69.4828],"t":[-317.472,45.0021,13.2922],"timeVisible":7.82717,"type":"right","wrist":[-87.2467,163.007,115.205]}],"id":25739,"interactionBox":{"center":[0,200,0],"size":[235.247,235.247,147.751]},"pointables":[{"bases":[[[-0.264549,-0.899161,-0.348603],[0.73894,0.0432707,-0.67238],[0.619662,-0.435474,0.652979]],[[-0.278393,-0.889158,-0.363173],[0.590441,0.1398,-0.794881],[0.757547,-0.435721,0.486076]],[[-0.278393,-0.889158,-0.363173],[0.126114,0.341007,-0.931563],[0.952152,-0.305142,0.0172014]],[[-0.278393,-0.889158,-0.363173],[-0.237784,0.430155,-0.870876],[0.930568,-0.156089,-0.33118]]],"btipPosition":[-223.332,251.9,25.7977],"carpPosition":[-95.0712,186.96,90.9026],"dipPosition":[-205.249,248.867,19.3619],"direction":[-0.952152,0.305142,-0.0172014],"extended":true,"handId":65,"id":652,"length":69.2919,"mcpPosition":[-139.49,218.175,44.0959],"pipPosition":[-177.249,239.894,19.8677],"stabilizedTipPosition":[-231.049,251.205,32.8175],"timeVisible":7.82717,"tipPosition":[-219.251,250.199,24.9552],"tipVelocity":[270.408,50.8281,-157.978],"tool":false,"touchDistance":0.331255,"touchZone":"hovering","type":2,"width":20.6882},{"bases":[[[-0.225424,-0.95413,-0.197026],[0.737528,-0.0349848,-0.67441],[0.636582,-0.297341,0.711584]],[[-0.276313,-0.92687,-0.254092],[0.729192,-0.029966,-0.683653],[0.626043,-0.374184,0.684146]],[[-0.276313,-0.92687,-0.254092],[0.446385,0.110365,-0.888009],[0.851112,-0.358791,0.383246]],[[-0.276313,-0.92687,-0.254092],[0.144225,0.221401,-0.964459],[0.950184,-0.303139,0.0725016]]],"btipPosition":[-210.868,228.634,-4.43424],"carpPosition":[-98.2328,176.073,85.3517],"dipPosition":[-192.509,222.777,-3.03341],"direction":[-0.851112,0.358791,-0.383246],"extended":true,"handId":65,"id":653,"length":66.626,"mcpPosition":[-139.202,195.21,39.5554],"pipPosition":[-168.128,212.498,7.94539],"stabilizedTipPosition":[-221.41,226.6,7.23951],"timeVisible":7.82717,"tipPosition":[-210.851,224.203,4.55559],"tipVelocity":[295.29,56.8819,-193.734],"tool":false,"touchDistance":0.3307,"touchZone":"hovering","type":3,"width":19.6861},{"bases":[[[-0.268973,-0.963147,0.000814556],[0.746811,-0.209092,-0.631311],[0.608216,-0.169197,0.77553]],[[-0.297566,-0.954021,-0.0360323],[0.663198,-0.179413,-0.726622],[0.686748,-0.240115,0.686092]],[[-0.297566,-0.954021,-0.0360323],[0.335467,-0.0691504,-0.93951],[0.893821,-0.291654,0.34062]],[[-0.297566,-0.954021,-0.0360323],[-0.0031376,0.038719,-0.999245],[0.954696,-0.297228,-0.0145148]]],"btipPosition":[-201.677,193.305,7.96944],"carpPosition":[-105.236,163.248,85.89],"dipPosition":[-184.66,188.007,7.71072],"direction":[-0.893821,0.291654,-0.34062],"extended":true,"handId":65,"id":654,"length":52.2336,"mcpPosition":[-141.471,173.328,39.6872],"pipPosition":[-166.582,182.108,14.6001],"stabilizedTipPosition":[-212.44,191.187,19.3999],"timeVisible":7.82717,"tipPosition":[-199.681,190.396,13.9433],"tipVelocity":[265.671,62.5219,-179.069],"tool":false,"touchDistance":0.330838,"touchZone":"hovering","type":4,"width":17.4868},{"bases":[[[0.610885,-0.176899,-0.771704],[0.687145,0.60262,0.405808],[0.393257,-0.778175,0.489687]],[[0.392813,0.161717,-0.905288],[0.483483,0.801071,0.352888],[0.782268,-0.57631,0.236483]],[[0.392813,0.161717,-0.905288],[0.320798,0.898482,0.299698],[0.861851,-0.40814,0.301056]],[[0.392813,0.161717,-0.905288],[-0.0858086,0.986567,0.139003],[0.915606,0.0230793,0.401413]]],"btipPosition":[-196.502,240.273,88.6215],"carpPosition":[-103.835,196.884,121.08],"dipPosition":[-174.342,240.832,98.3364],"direction":[-0.861851,0.40814,-0.301056],"extended":false,"handId":65,"id":650,"length":53.894,"mcpPosition":[-103.835,196.884,121.08],"pipPosition":[-143.955,226.441,108.951],"stabilizedTipPosition":[-203.711,242.889,103.954],"timeVisible":7.82717,"tipPosition":[-188.076,247.313,91.9369],"tipVelocity":[212.288,44.7864,-197.343],"tool":false,"touchDistance":0.334047,"touchZone":"hovering","type":0,"width":22.0525},{"bases":[[[-0.218101,-0.810713,-0.543302],[0.774097,0.195307,-0.602187],[0.594312,-0.551905,0.584973]],[[-0.248083,-0.781556,-0.572386],[0.335929,0.48479,-0.807546],[0.908629,-0.392619,0.142279]],[[-0.248083,-0.781556,-0.572386],[-0.589854,0.590568,-0.550728],[0.768458,0.200998,-0.607513]],[[-0.248083,-0.781556,-0.572386],[-0.905135,0.397572,-0.150556],[0.345233,0.480736,-0.806044]]],"btipPosition":[-203.934,242.073,77.9975],"carpPosition":[-93.3359,196.43,99.1093],"dipPosition":[-197.834,250.567,63.756],"direction":[-0.768458,-0.200998,0.607513],"extended":false,"handId":65,"id":651,"length":60.8133,"mcpPosition":[-138.259,238.148,54.8925],"pipPosition":[-178.627,255.591,48.5713],"stabilizedTipPosition":[-214.606,244.585,84.0306],"timeVisible":7.82717,"tipPosition":[-202.542,244.701,72.2761],"tipVelocity":[251.63,42.7068,-170.206],"tool":false,"touchDistance":0.333333,"touchZone":"none","type":1,"width":21.0646}],"r":[[0.0300058,-0.436949,-0.898986],[0.0589867,0.898597,-0.434792],[0.997808,-0.0399819,0.0527373]],"s":1.60171,"t":[-317.472,45.0021,13.2922],"timestamp":629648192757},{"currentFrameRate":55.3124,"devices":[],"gestures":[],"hands":[{"armBasis":[[-0.209561,-0.846026,-0.490228],[0.742679,0.188392,-0.642602],[0.636013,-0.498746,0.588846]],"armWidth":68.1948,"confidence":1,"direction":[-0.483324,0.432917,-0.760908],"elbow":[92.6369,25.0056,276.831],"grabAngle":1.22149,"grabStrength":0,"id":65,"palmNormal":[-0.864501,-0.0990445,0.492775],"palmPosition":[-125.88,204.37,61.6725],"palmVelocity":[267.811,31.3657,-149.82],"palmWidth":93.486,"pinchDistance":18.8594,"pinchStrength":1,"r":[[0.0372137,-0.438861,-0.897784],[0.0688459,0.897397,-0.435819],[0.996933,-0.0455903,0.0636093]],"s":1.59972,"sphereCenter":[-197.077,191.794,70.6829],"sphereRadius":72.6873,"stabilizedPalmPosition":[-130.383,204.459,64.4724],"t":[-313.343,45.3801,10.9277],"timeVisible":7.84527,"type":"right","wrist":[-83.7973,163.361,113.481]}],"id":25740,"interactionBox":{"center":[0,200,0],"size":[235.247,235.247,147.751]},"pointables":[{"bases":[[[-0.268352,-0.89759,-0.349742],[0.752107,0.0316386,-0.658281],[0.601932,-0.439694,0.666594]],[[-0.282981,-0.886577,-0.365927],[0.597358,0.135576,-0.790432],[0.75039,-0.442267,0.491239]],[[-0.282981,-0.886577,-0.365927],[0.137775,0.33999,-0.930282],[0.949178,-0.313668,0.0259373]],[[-0.282981,-0.886577,-0.365927],[-0.216099,0.430647,-0.876268],[0.934464,-0.168891,-0.313453]]],"btipPosition":[-217.56,253.303,22.0024],"carpPosition":[-90.9383,187.234,88.942],"dipPosition":[-199.4,250.02,15.9111],"direction":[-0.949178,0.313668,-0.0259373],"extended":true,"handId":65,"id":652,"length":69.2919,"mcpPosition":[-134.086,218.752,41.1593],"pipPosition":[-171.489,240.797,16.6738],"stabilizedTipPosition":[-225.091,251.658,28.698],"timeVisible":7.84527,"tipPosition":[-213.104,251.672,20.3719],"tipVelocity":[319.982,74.3439,-205.375],"tool":false,"touchDistance":0.330633,"touchZone":"hovering","type":2,"width":20.6882},{"bases":[[[-0.232777,-0.952325,-0.197209],[0.749818,-0.0466036,-0.660001],[0.619345,-0.301504,0.724919]],[[-0.283163,-0.924152,-0.256442],[0.735991,-0.037948,-0.675927],[0.614927,-0.380136,0.690913]],[[-0.283163,-0.924152,-0.256442],[0.460995,0.103319,-0.881367],[0.841013,-0.367789,0.396773]],[[-0.283163,-0.924152,-0.256442],[0.168857,0.215169,-0.961868],[0.94409,-0.315667,0.0951214]]],"btipPosition":[-204.726,229.963,-8.40297],"carpPosition":[-94.1205,176.36,83.3784],"dipPosition":[-186.485,223.864,-6.56511],"direction":[-0.841013,0.367789,-0.396773],"extended":true,"handId":65,"id":653,"length":66.626,"mcpPosition":[-133.98,195.764,36.7238],"pipPosition":[-162.392,213.328,4.8012],"stabilizedTipPosition":[-214.995,227.202,2.56383],"timeVisible":7.84527,"tipPosition":[-204.464,225.537,-0.046964],"tipVelocity":[337.968,70.3975,-213.785],"tool":false,"touchDistance":0.330552,"touchZone":"hovering","type":3,"width":19.6861},{"bases":[[[-0.2802,-0.959942,-0.000201881],[0.756237,-0.220611,-0.615985],[0.591265,-0.172752,0.787758]],[[-0.307975,-0.95065,-0.0376291],[0.66974,-0.18854,-0.718263],[0.675722,-0.246409,0.694754]],[[-0.307975,-0.95065,-0.0376291],[0.351221,-0.0768469,-0.933133],[0.884192,-0.300598,0.357556]],[[-0.307975,-0.95065,-0.0376291],[0.0313688,0.0293836,-0.999076],[0.950877,-0.308871,0.0207714]]],"btipPosition":[-196.048,194.507,3.90017],"carpPosition":[-101.282,163.619,83.8375],"dipPosition":[-179.099,189.001,4.27041],"direction":[-0.884192,0.300598,-0.357556],"extended":true,"handId":65,"id":654,"length":52.2336,"mcpPosition":[-136.507,173.911,36.9061],"pipPosition":[-161.215,182.921,11.5023],"stabilizedTipPosition":[-207.449,191.692,15.6084],"timeVisible":7.84527,"tipPosition":[-193.987,191.561,9.89952],"tipVelocity":[310.256,63.7837,-216.901],"tool":false,"touchDistance":0.330382,"touchZone":"hovering","type":4,"width":17.4868},{"bases":[[[0.623404,-0.187474,-0.759093],[0.686277,0.596418,0.416306],[0.37469,-0.780474,0.500468]],[[0.410194,0.155292,-0.89868],[0.481091,0.800295,0.357881],[0.774785,-0.579148,0.253566]],[[0.410194,0.155292,-0.89868],[0.325037,0.895795,0.303154],[0.85211,-0.416456,0.316974]],[[0.410194,0.155292,-0.89868],[-0.0745528,0.987808,0.136665],[0.908946,0.0109401,0.41677]]],"btipPosition":[-191.939,241.518,84.6355],"carpPosition":[-100.16,197.396,118.903],"dipPosition":[-169.94,241.782,94.7221],"direction":[-0.85211,0.416456,-0.316974],"extended":false,"handId":65,"id":650,"length":53.894,"mcpPosition":[-100.16,197.396,118.903],"pipPosition":[-139.896,227.099,105.898],"stabilizedTipPosition":[-201.686,242.731,101.909],"timeVisible":7.84527,"tipPosition":[-183.319,248.501,87.9121],"tipVelocity":[250.144,65.0259,-215.566],"tool":false,"touchDistance":0.330796,"touchZone":"hovering","type":0,"width":22.0525},{"bases":[[[-0.21716,-0.810569,-0.543893],[0.787694,0.183572,-0.588081],[0.576523,-0.556129,0.598616]],[[-0.247396,-0.77997,-0.574841],[0.341926,0.484834,-0.804999],[0.906577,-0.395707,0.146746]],[[-0.247396,-0.77997,-0.574841],[-0.587941,0.592419,-0.550786],[0.770143,0.20171,-0.605138]],[[-0.247396,-0.77997,-0.574841],[-0.903665,0.399776,-0.153521],[0.34955,0.481483,-0.803734]]],"btipPosition":[-198.53,242.789,74.698],"carpPosition":[-89.2493,196.721,97.1397],"dipPosition":[-192.354,251.296,60.4973],"direction":[-0.770143,-0.20171,0.605138],"extended":false,"handId":65,"id":651,"length":60.8133,"mcpPosition":[-132.827,238.757,51.8916],"pipPosition":[-173.105,256.338,45.372],"stabilizedTipPosition":[-210.118,244.626,80.7989],"timeVisible":7.84527,"tipPosition":[-197.332,246.027,68.2791],"tipVelocity":[299.629,39.7236,-181.832],"tool":false,"touchDistance":0.333333,"touchZone":"none","type":1,"width":21.0646}],"r":[[0.0372137,-0.438861,-0.897784],[0.0688459,0.897397,-0.435819],[0.996933,-0.0455903,0.0636093]],"s":1.59972,"t":[-313.343,45.3801,10.9277],"timestamp":629648210851},{"currentFrameRate":55.2966,"devices":[],"gestures":[],"hands":[{"armBasis":[[-0.20448,-0.850964,-0.483785],[0.757441,0.175515,-0.62887],[0.620057,-0.49503,0.608666]],"armWidth":68.1948,"confidence":1,"direction":[-0.463672,0.428449,-0.775526],"elbow":[92.3473,26.7481,280.47],"grabAngle":1.22602,"grabStrength":0,"id":65,"palmNormal":[-0.875443,-0.0867789,0.475468],"palmPosition":[-120.314,204.823,58.4882],"palmVelocity":[306.808,24.9608,-175.552],"palmWidth":93.486,"pinchDistance":17.6338,"pinchStrength":1,"r":[[0.0460194,-0.442428,-0.895623],[0.080024,0.895324,-0.438168],[0.99573,-0.0515071,0.0766071]],"s":1.59905,"sphereCenter":[-191.716,193.54,66.807],"sphereRadius":72.3994,"stabilizedPalmPosition":[-123.784,204.698,60.5502],"t":[-308.496,45.7955,8.15333],"timeVisible":7.86341,"type":"right","wrist":[-79.6605,164.073,111.622]}],"id":25741,"interactionBox":{"center":[0,200,0],"size":[235.247,235.247,147.751]},"pointables":[{"bases":[[[-0.2683,-0.899176,-0.345686],[0.766,0.0184738,-0.642575],[0.584174,-0.437198,0.683812]],[[-0.285453,-0.885857,-0.365751],[0.603661,0.130222,-0.786534],[0.744385,-0.445308,0.497585]],[[-0.285453,-0.885857,-0.365751],[0.145589,0.337119,-0.930137],[0.94727,-0.31876,0.0327393]],[[-0.285453,-0.885857,-0.365751],[-0.201308,0.428537,-0.880813],[0.937012,-0.177802,-0.300657]]],"btipPosition":[-211.138,254.071,17.7317],"carpPosition":[-86.0952,187.707,86.6705],"dipPosition":[-192.929,250.615,11.889],"direction":[-0.94727,0.31876,-0.0327393],"extended":true,"handId":65,"id":652,"length":69.2919,"mcpPosition":[-127.97,219.046,37.6536],"pipPosition":[-165.073,241.242,12.8517],"stabilizedTipPosition":[-217.199,252.362,23.3423],"timeVisible":7.86341,"tipPosition":[-206.321,252.445,14.985],"tipVelocity":[354.667,40.1513,-232.293],"tool":false,"touchDistance":0.330311,"touchZone":"hovering","type":2,"width":20.6882},{"bases":[[[-0.236385,-0.952529,-0.191859],[0.763106,-0.0597618,-0.643505],[0.601491,-0.298524,0.741007]],[[-0.287127,-0.9234,-0.254737],[0.743015,-0.0468585,-0.667633],[0.604555,-0.380969,0.699554]],[[-0.287127,-0.9234,-0.254737],[0.474449,0.0939282,-0.875257],[0.832139,-0.37217,0.411137]],[[-0.287127,-0.9234,-0.254737],[0.191155,0.205351,-0.959839],[0.938625,-0.32429,0.11755]]],"btipPosition":[-197.866,230.54,-12.903],"carpPosition":[-89.2489,176.798,81.1578],"dipPosition":[-179.731,224.275,-10.6318],"direction":[-0.832139,0.37217,-0.411137],"extended":true,"handId":65,"id":653,"length":66.626,"mcpPosition":[-127.96,196.011,33.4678],"pipPosition":[-155.892,213.613,1.14597],"stabilizedTipPosition":[-206.167,227.988,-3.63014],"timeVisible":7.86341,"tipPosition":[-197.227,226.098,-5.45628],"tipVelocity":[376.832,29.7063,-242.592],"tool":false,"touchDistance":0.33025,"touchZone":"hovering","type":3,"width":19.6861},{"bases":[[[-0.287997,-0.957622,0.00417463],[0.767172,-0.233325,-0.597501],[0.573154,-0.168875,0.801858]],[[-0.314608,-0.94863,-0.0335047],[0.679061,-0.200263,-0.706237],[0.663248,-0.244939,0.707182]],[[-0.314608,-0.94863,-0.0335047],[0.370687,-0.0902889,-0.924359],[0.873849,-0.30323,0.380051]],[[-0.314608,-0.94863,-0.0335047],[0.0701859,0.0119527,-0.997462],[0.946623,-0.316161,0.0628201]]],"btipPosition":[-189.468,194.907,-0.833943],"carpPosition":[-96.5227,164.121,81.6023],"dipPosition":[-172.595,189.271,0.285807],"direction":[-0.873849,0.30323,-0.380051],"extended":true,"handId":65,"id":654,"length":52.2336,"mcpPosition":[-130.669,174.182,33.831],"pipPosition":[-154.921,183.138,7.97268],"stabilizedTipPosition":[-200.04,192.342,10.1227],"timeVisible":7.86341,"tipPosition":[-187.4,192.014,5.35832],"tipVelocity":[361.756,20.4115,-251.487],"tool":false,"touchDistance":0.33002,"touchZone":"hovering","type":4,"width":17.4868},{"bases":[[[0.637649,-0.20069,-0.743725],[0.68225,0.595423,0.424271],[0.357684,-0.777943,0.516592]],[[0.427604,0.145739,-0.892141],[0.477062,0.80191,0.359655],[0.767833,-0.579396,0.273374]],[[0.427604,0.145739,-0.892141],[0.332002,0.892627,0.304947],[0.840791,-0.426589,0.333305]],[[0.427604,0.145739,-0.892141],[-0.0591573,0.989314,0.133259],[0.902028,-0.00420535,0.431656]]],"btipPosition":[-186.716,243.125,80.1003],"carpPosition":[-95.8604,198.267,116.32],"dipPosition":[-164.885,243.024,90.5472],"direction":[-0.840791,0.426589,-0.333305],"extended":false,"handId":65,"id":650,"length":53.894,"mcpPosition":[-95.8604,198.267,116.32],"pipPosition":[-135.24,227.983,102.299],"stabilizedTipPosition":[-198.313,242.794,98.6343],"timeVisible":7.86341,"tipPosition":[-178.063,249.456,83.0172],"tipVelocity":[285.803,83.9911,-245.458],"tool":false,"touchDistance":0.32976,"touchZone":"hovering","type":0,"width":22.0525},{"bases":[[[-0.212329,-0.814684,-0.539636],[0.80135,0.170874,-0.573272],[0.559245,-0.55416,0.616565]],[[-0.245165,-0.780338,-0.575298],[0.344921,0.484374,-0.803997],[0.906048,-0.395544,0.150404]],[[-0.245165,-0.780338,-0.575298],[-0.591611,0.590529,-0.548882],[0.768043,0.205786,-0.606434]],[[-0.245165,-0.780338,-0.575298],[-0.905502,0.396309,-0.151674],[0.346352,0.483748,-0.803759]]],"btipPosition":[-192.343,243.038,70.8718],"carpPosition":[-84.501,197.268,94.7998],"dipPosition":[-186.224,251.585,56.6707],"direction":[-0.768043,-0.205786,0.606434],"extended":false,"handId":65,"id":651,"length":60.8133,"mcpPosition":[-126.773,239.156,48.1951],"pipPosition":[-167.027,256.729,41.513],"stabilizedTipPosition":[-203.299,244.76,76.1087],"timeVisible":7.86341,"tipPosition":[-191.485,246.907,63.