{"frames":55,"data":[{"currentFrameRate":55.3406,"devices":[],"gestures":[],"hands":[{"armBasis":[[0.884844,0.254509,-0.390227],[0.0961894,0.719751,0.687537],[0.45585,-0.645898,0.612386]],"armWidth":51.6853,"confidence":1,"direction":[0.0243131,0.58219,-0.812689],"elbow":[108.653,62.2564,282.705],"grabAngle":2.84335,"grabStrength":0,"id":93,"palmNormal":[-0.100482,-0.80739,-0.581399],"palmPosition":[-5.01792,245.344,90.6868],"palmVelocity":[-33.7238,-9.26012,-294.266],"palmWidth":76.835,"pinchDistance":34.0563,"pinchStrength":0.429912,"r":[[0.822079,0.466715,-0.326133],[-0.524389,0.843766,-0.114345],[0.221814,0.265022,0.938383]],"s":1.447,"sphereCenter":[1.98025,220.877,57.4584],"sphereRadius":40.4362,"stabilizedPalmPosition":[-0.256178,256.005,94.4824],"t":[-168.733,125.283,13.7747],"timeVisible":8.33327,"type":"right","wrist":[4.7205,209.519,143.083]}],"id":33304,"interactionBox":{"center":[0,200,0],"size":[235.247,235.247,147.751]},"pointables":[{"bases":[[[0.984604,0.00331417,-0.17477],[0.0781529,0.885979,0.457092],[0.156357,-0.463713,0.872079]],[[0.996339,-0.0534741,-0.0667039],[0.0605902,0.992119,0.109674],[0.0603135,-0.113314,0.991727]],[[0.996339,-0.0534741,-0.0667039],[0.0489548,0.996508,-0.0676401],[0.070088,0.064127,0.995477]],[[0.996339,-0.0534741,-0.0667039],[0.0418249,0.985371,-0.165209],[0.0745625,0.161814,0.984]]],"btipPosition":[-29.9828,261.594,5.82977],"carpPosition":[-15.6355,232.325,129.589],"dipPosition":[-28.9209,263.899,19.843],"direction":[-0.070088,-0.064127,-0.995477],"extended":true,"handId":93,"id":931,"length":49.0168,"mcpPosition":[-25.3491,261.133,75.4116],"pipPosition":[-27.5089,265.19,39.8982],"stabilizedTipPosition":[-29.7798,268.034,22.7563],"timeVisible":8.33327,"tipPosition":[-29.4293,262.489,9.23791],"tipVelocity":[-12.607,-58.5369,-312.105],"tool":false,"touchDistance":0.0263334,"touchZone":"hovering","type":1,"width":15.4068},{"bases":[[[0.853321,-0.521375,-0.00344298],[0.445641,0.72591,0.523888],[-0.270643,-0.448579,0.85178]],[[0.880369,-0.461493,-0.109425],[0.210545,0.587004,-0.781727],[0.424995,0.66517,0.613945]],[[0.880369,-0.461493,-0.109425],[-0.390572,-0.574526,-0.719287],[0.269078,0.675977,-0.686041]],[[0.880369,-0.461493,-0.109425],[-0.472076,-0.874881,-0.108295],[-0.0457569,0.146996,-0.988078]]],"btipPosition":[10.9976,214.686,89.5092],"carpPosition":[14.0005,225.457,123.931],"dipPosition":[10.3402,216.798,75.3134],"direction":[-0.269078,-0.675977,0.686041],"extended":false,"handId":93,"id":934,"length":42.1013,"mcpPosition":[27.2524,247.422,82.2236],"pipPosition":[14.7269,227.818,64.1292],"stabilizedTipPosition":[15.1298,225.39,90.8832],"timeVisible":8.33327,"tipPosition":[9.94075,214.846,84.7184],"tipVelocity":[-35.1354,-14.5792,-280.662],"tool":false,"touchDistance":0.333333,"touchZone":"none","type":4,"width":12.7899},{"bases":[[[0.49486,0.797207,0.345796],[-0.765033,0.210964,0.608456],[0.412115,-0.565646,0.714287]],[[0.398034,0.897641,0.189231],[-0.872793,0.307029,0.379428],[0.28249,-0.316185,0.905663]],[[0.398034,0.897641,0.189231],[-0.912373,0.408854,-0.0203399],[-0.0956261,-0.164554,0.981722]],[[0.398034,0.897641,0.189231],[-0.79558,0.44047,-0.415978],[-0.45675,0.0150249,0.889468]]],"btipPosition":[-24.5685,232.097,44.1712],"carpPosition":[-24.2884,214.385,127.597],"dipPosition":[-33.4784,232.39,61.5222],"direction":[0.0956261,0.164554,-0.981722],"extended":false,"handId":93,"id":930,"length":43.4396,"mcpPosition":[-24.2884,214.385,127.597],"pipPosition":[-36.196,227.713,89.4219],"stabilizedTipPosition":[-24.2645,239.451,51.0878],"timeVisible":8.33327,"tipPosition":[-27.1792,232.179,47.6493],"tipVelocity":[-19.5135,-34.0005,-297.253],"tool":false,"touchDistance":0.0537858,"touchZone":"hovering","type":0,"width":16.1294},{"bases":[[[0.96883,-0.210452,-0.130687],[0.246901,0.863389,0.44],[0.0202349,-0.458552,0.888437]],[[0.9683,-0.23757,-0.0771778],[0.0776369,0.579894,-0.810984],[0.237421,0.779283,0.579956]],[[0.9683,-0.23757,-0.0771778],[-0.227723,-0.712582,-0.663603],[0.102657,0.660142,-0.744093]],[[0.9683,-0.23757,-0.0771778],[-0.241758,-0.969033,-0.0502757],[-0.0628438,0.0673402,-0.995749]]],"btipPosition":[-17.6528,212.869,85.6062],"carpPosition":[-5.47337,233.863,128.015],"dipPosition":[-18.6372,213.923,70.0095],"direction":[-0.102657,-0.660142,0.744093],"extended":false,"handId":93,"id":932,"length":55.8507,"mcpPosition":[-6.66549,260.878,75.673],"pipPosition":[-16.204,229.57,52.3729],"stabilizedTipPosition":[-12.7667,221.853,80.6071],"timeVisible":8.33327,"tipPosition":[-17.562,212.727,80.9748],"tipVelocity":[-34.7894,-19.0073,-293.738],"tool":false,"touchDistance":0.333333,"touchZone":"none","type":2,"width":15.1315},{"bases":[[[0.93986,-0.340121,-0.0313166],[0.316007,0.831089,0.457636],[-0.129625,-0.44001,0.888588]],[[0.937022,-0.349022,-0.013193],[0.187581,0.534745,-0.82393],[0.294625,0.769566,0.566537]],[[0.937022,-0.349022,-0.013193],[-0.274594,-0.71281,-0.645369],[0.215844,0.608347,-0.763757]],[[0.937022,-0.349022,-0.013193],[-0.349238,-0.936786,-0.0215499],[-0.00483765,0.0248003,-0.999681]]],"btipPosition":[-4.32246,212.847,91.4877],"carpPosition":[4.70158,232.665,126.385],"dipPosition":[-4.3978,213.233,75.9193],"direction":[-0.215844,-0.608347,0.763757],"extended":false,"handId":93,"id":933,"length":53.7019,"mcpPosition":[11.5581,255.939,79.3826],"pipPosition":[0.586012,227.28,58.2842],"stabilizedTipPosition":[0.571292,220.483,91.3713],"timeVisible":8.33327,"tipPosition":[-3.99884,212.089,87.189],"tipVelocity":[-52.7174,-7.29082,-286.233],"tool":false,"touchDistance":0.333333,"touchZone":"none","type":3,"width":14.3986}],"r":[[0.822079,0.466715,-0.326133],[-0.524389,0.843766,-0.114345],[0.221814,0.265022,0.938383]],"s":1.447,"t":[-168.733,125.283,13.7747],"timestamp":629791224708},{"currentFrameRate":55.2956,"devices":[],"gestures":[],"hands":[{"armBasis":[[0.884717,0.267146,-0.38198],[0.069792,0.734317,0.675209],[0.460874,-0.624028,0.631018]],"armWidth":51.6853,"confidence":1,"direction":[0.0278504,0.598768,-0.800438],"elbow":[108.955,65.5402,279.886],"grabAngle":2.83957,"grabStrength":0,"id":93,"palmNormal":[-0.0729015,-0.7974,-0.599032],"palmPosition":[-5.62514,244.24,83.9535],"palmVelocity":[-33.2907,-60.5144,-369.15],"palmWidth":76.835,"pinchDistance":33.8131,"pinchStrength":0.42401,"r":[[0.823804,0.465659,-0.323277],[-0.523446,0.843781,-0.118482],[0.217602,0.266824,0.938858]],"s":1.44541,"sphereCenter":[2.84747,220.402,50.3055],"sphereRadius":40.584,"stabilizedPalmPosition":[-0.256338,256.005,94.4821],"t":[-169.291,124.625,8.22152],"timeVisible":8.35151,"type":"right","wrist":[3.87668,207.817,136.016]}],"id":33305,"interactionBox":{"center":[0,200,0],"size":[235.247,235.247,147.751]},"pointables":[{"bases":[[[0.987473,0.0265632,-0.155534],[0.0513369,0.878007,0.475887],[0.149201,-0.47791,0.865645]],[[0.998352,-0.0328858,-0.0470246],[0.0386335,0.991141,0.12707],[0.0424292,-0.128678,0.990778]],[[0.998352,-0.0328858,-0.0470246],[0.0304916,0.998246,-0.0507554],[0.0486112,0.049238,0.997603]],[[0.998352,-0.0328858,-0.0470246],[0.0252521,0.987656,-0.154587],[0.0515279,0.153145,0.986859]]],"btipPosition":[-29.2133,261.357,-1.03072],"carpPosition":[-16.7117,230.232,122.379],"dipPosition":[-28.4795,263.538,13.0232],"direction":[-0.0486112,-0.049238,-0.997603],"extended":true,"handId":93,"id":931,"length":49.0168,"mcpPosition":[-25.9808,259.922,68.6007],"pipPosition":[-27.5001,264.53,33.1212],"stabilizedTipPosition":[-29.7798,268.034,22.7563],"timeVisible":8.35151,"tipPosition":[-28.8341,262.511,2.3958],"tipVelocity":[38.0507,-14.5673,-375.61],"tool":false,"touchDistance":-0.137852,"touchZone":"hovering","type":1,"width":15.4068},{"bases":[[[0.863706,-0.503988,0.00284439],[0.420683,0.724028,0.546635],[-0.277557,-0.470935,0.837366]],[[0.890387,-0.445008,-0.0958094],[0.221111,0.606786,-0.763492],[0.397896,0.658619,0.63867]],[[0.890387,-0.445008,-0.0958094],[-0.360454,-0.560718,-0.745432],[0.278001,0.698257,-0.659661]],[[0.890387,-0.445008,-0.0958094],[-0.454829,-0.878275,-0.147527],[-0.0184962,0.174933,-0.984407]]],"btipPosition":[10.7577,213.827,82.2346],"carpPosition":[13.1605,224.075,117.162],"dipPosition":[10.492,216.34,68.0916],"direction":[-0.278001,-0.698257,0.659661],"extended":false,"handId":93,"id":934,"length":42.1013,"mcpPosition":[26.751,247.134,76.1606],"pipPosition":[15.0241,227.723,57.3375],"stabilizedTipPosition":[15.1291,225.388,90.8813],"timeVisible":8.35151,"tipPosition":[10.0787,214.179,77.7068],"tipVelocity":[-8.21346,-42.0424,-398.157],"tool":false,"touchDistance":0.333333,"touchZone":"none","type":4,"width":12.7899},{"bases":[[[0.47181,0.799861,0.37097],[-0.780606,0.183319,0.597535],[0.409939,-0.571504,0.710868]],[[0.375713,0.90164,0.214207],[-0.886573,0.282388,0.366395],[0.269867,-0.32757,0.905467]],[[0.375713,0.90164,0.214207],[-0.921107,0.388755,-0.020752],[-0.101985,-0.189511,0.976568]],[[0.375713,0.90164,0.214207],[-0.808183,0.431892,-0.400386],[-0.453519,-0.022688,0.890958]]],"btipPosition":[-24.5872,231.802,36.5657],"carpPosition":[-24.957,212.166,119.866],"dipPosition":[-33.4341,231.36,53.9458],"direction":[0.101985,0.189511,-0.976568],"extended":false,"handId":93,"id":930,"length":43.4396,"mcpPosition":[-24.957,212.166,119.866],"pipPosition":[-36.3324,225.974,81.699],"stabilizedTipPosition":[-24.2645,239.451,51.0878],"timeVisible":8.35151,"tipPosition":[-26.6886,231.508,40.2549],"tipVelocity":[-0.234426,-25.412,-416.6],"tool":false,"touchDistance":-0.122861,"touchZone":"hovering","type":0,"width":16.1294},{"bases":[[[0.975235,-0.188319,-0.115985],[0.220805,0.859152,0.46163],[0.012715,-0.475808,0.879457]],[[0.974243,-0.216512,-0.0630405],[0.0819933,0.600535,-0.795384],[0.210068,0.769728,0.602819]],[[0.974243,-0.216512,-0.0630405],[-0.199723,-0.698669,-0.687003],[0.1047,0.681898,-0.723915]],[[0.974243,-0.216512,-0.0630405],[-0.221102,-0.972103,-0.0782872],[-0.0443318,0.0902091,-0.994936]]],"btipPosition":[-17.531,211.537,77.7432],"carpPosition":[-6.55509,232.005,121.032],"dipPosition":[-18.2254,212.95,62.1591],"direction":[-0.1047,-0.681898,0.723915],"extended":false,"handId":93,"id":932,"length":55.8507,"mcpPosition":[-7.30419,260.037,69.2195],"pipPosition":[-15.7438,229.113,45.0009],"stabilizedTipPosition":[-12.7677,221.851,80.6059],"timeVisible":8.35151,"tipPosition":[-17.3198,211.584,73.3729],"tipVelocity":[10.3365,-68.4784,-430.928],"tool":false,"touchDistance":0.333333,"touchZone":"none","type":2,"width":15.1315},{"bases":[[[0.947038,-0.320513,-0.0197689],[0.29021,0.827897,0.479964],[-0.137468,-0.460281,0.877065]],[[0.943451,-0.331509,0.00136826],[0.196435,0.555706,-0.807839],[0.267046,0.762426,0.589401]],[[0.943451,-0.331509,0.00136826],[-0.24453,-0.698689,-0.672338],[0.223842,0.633984,-0.740243]],[[0.943451,-0.331509,0.00136826],[-0.330956,-0.9421,-0.0540005],[0.0191907,0.050494,-0.99854]]],"btipPosition":[-4.46967,211.572,83.8768],"carpPosition":[3.67135,231.044,119.577],"dipPosition":[-4.1708,212.358,68.3262],"direction":[-0.223842,-0.633983,0.740243],"extended":false,"handId":93,"id":933,"length":53.7019,"mcpPosition":[10.9428,255.39,73.1839],"pipPosition":[0.997704,226.997,51.2341],"stabilizedTipPosition":[0.567386,220.476,91.3626],"timeVisible":8.35151,"tipPosition":[-3.87268,211.104,79.8324],"tipVelocity":[-3.35174,-64.8458,-417.036],"tool":false,"touchDistance":0.333333,"touchZone":"none","type":3,"width":14.3986}],"r":[[0.823804,0.465659,-0.323277],[-0.523446,0.843781,-0.118482],[0.217602,0.266824,0.938858]],"s":1.44541,"t":[-169.291,124.625,8.22152],"timestamp":629791242948},{"currentFrameRate":55.3206,"devices":[],"gestures":[],"hands":[{"armBasis":[[0.884129,0.259941,-0.388262],[0.0652239,0.754165,0.653438],[0.462669,-0.603047,0.649824]],"armWidth":51.6853,"confidence":1,"direction":[0.0321837,0.596548,-0.801932],"elbow":[108.505,69.4209,276.497],"grabAngle":2.83215,"grabStrength":0,"id":93,"palmNormal":[-0.0677175,-0.799202,-0.597235],"palmPosition":[-6.24533,243,75.9801],"palmVelocity":[-34.4741,-68.9186,-443.212],"palmWidth":76.835,"pinchDistance":33.9931,"pinchStrength":0.419342,"r":[[0.82545,0.464896,-0.320162],[-0.522781,0.843553,-0.122954],[0.212913,0.268867,0.93935]],"s":1.44523,"sphereCenter":[2.80185,219.016,42.3278],"sphereRadius":40.8346,"stabilizedPalmPosition":[-0.256507,256.005,94.4816],"t":[-169.881,123.676,1.45822],"timeVisible":8.3695,"type":"right","wrist":[3.01745,206.914,128.339]}],"id":33306,"interactionBox":{"center":[0,200,0],"size":[235.247,235.247,147.751]},"pointables":[{"bases":[[[0.988433,0.0276793,-0.149113],[0.0468381,0.879427,0.473723],[0.144246,-0.475228,0.867958]],[[0.998708,-0.0318607,-0.0395979],[0.0369403,0.990157,0.134995],[0.0349071,-0.136283,0.990055]],[[0.998708,-0.0318607,-0.0395979],[0.0304062,0.99886,-0.0368055],[0.0407254,0.0355539,0.998538]],[[0.998708,-0.0318607,-0.0395979],[0.0255977,0.988405,-0.14967],[0.0439073,0.148463,0.987943]]],"btipPosition":[-29.2197,260.656,-9.19032],"carpPosition":[-17.5626,229.083,114.371],"dipPosition":[-28.5944,262.77,4.87902],"direction":[-0.0407254,-0.0355539,-0.998538],"extended":true,"handId":93,"id":931,"length":49.0168,"mcpPosition":[-26.5239,258.607,60.4494],"pipPosition":[-27.7739,263.487,24.9959],"stabilizedTipPosition":[-29.7798,268.034,22.7555],"timeVisible":8.3695,"tipPosition":[-28.9523,261.011,-5.78876],"tipVelocity":[-1.74169,-39.7987,-453.366],"tool":false,"touchDistance":-0.273786,"touchZone":"hovering","type":1,"width":15.4068},{"bases":[[[0.468113,0.801647,0.371795],[-0.784805,0.183776,0.591868],[0.406143,-0.568848,0.715165]],[[0.373047,0.90271,0.21436],[-0.888978,0.28162,0.361121],[0.26562,-0.325276,0.907547]],[[0.373047,0.90271,0.21436],[-0.922369,0.385815,-0.0195536],[-0.100354,-0.190424,0.976559]],[[0.373047,0.90271,0.21436],[-0.814763,0.429253,-0.389747],[-0.443843,-0.0292584,0.895627]]],"btipPosition":[-25.4494,230.691,28.3767],"carpPosition":[-25.763,210.998,111.856],"dipPosition":[-34.1075,230.12,45.8479],"direction":[0.100354,0.190424,-0.976559],"extended":false,"handId":93,"id":930,"length":43.4396,"mcpPosition":[-25.763,210.998,111.856],"pipPosition":[-36.9595,224.709,73.6008],"stabilizedTipPosition":[-24.2651,239.449,51.0839],"timeVisible":8.3695,"tipPosition":[-27.0173,230.128,32.1882],"tipVelocity":[-45.5104,-63.4081,-454.033],"tool":false,"touchDistance":-0.258995,"touchZone":"hovering","type":0,"width":16.1294},{"bases":[[[0.976269,-0.187109,-0.109037],[0.216426,0.860799,0.460635],[0.00766951,-0.473302,0.880867]],[[0.974972,-0.215154,-0.05602],[0.0869671,0.600966,-0.794529],[0.204612,0.769772,0.604636]],[[0.974972,-0.215154,-0.05602],[-0.193365,-0.696252,-0.691262],[0.109724,0.684794,-0.720429]],[[0.974972,-0.215154,-0.05602],[-0.219193,-0.972374,-0.0802721],[-0.0372015,0.0905423,-0.995198]]],"btipPosition":[-18.0904,210.177,69.5628],"carpPosition":[-7.40015,230.868,113.086],"dipPosition":[-18.6731,211.596,53.9747],"direction":[-0.109724,-0.684794,0.720429],"extended":false,"handId":93,"id":932,"length":55.8507,"mcpPosition":[-7.852,258.753,61.1907],"pipPosition":[-16.0724,227.827,36.899],"stabilizedTipPosition":[-12.7685,221.85,80.6036],"timeVisible":8.3695,"tipPosition":[-17.8256,210.3,65.4241],"tipVelocity":[-29.6665,-75.5215,-454.769],"tool":false,"touchDistance":0.333333,"touchZone":"none","type":2,"width":15.1315},{"bases":[[[0.947645,-0.319075,-0.0126335],[0.285757,0.829705,0.479513],[-0.142518,-0.458018,0.877444]],[[0.94553,-0.325534,-0.000197898],[0.192313,0.559073,-0.806507],[0.262656,0.762539,0.591225]],[[0.94553,-0.325534,-0.000197898],[-0.238987,-0.693739,-0.67942],[0.221037,0.642459,-0.73375]],[[0.94553,-0.325534,-0.000197898],[-0.32495,-0.943799,-0.0604183],[0.0194814,0.0571916,-0.998173]]],"btipPosition":[-4.81298,210.024,75.7575],"carpPosition":[2.83713,229.919,111.701],"dipPosition":[-4.50959,210.914,60.2126],"direction":[-0.221037,-0.642459,0.73375],"extended":false,"handId":93,"id":933,"length":53.7019,"mcpPosition":[10.3757,254.146,65.2882],"pipPosition":[0.594127,225.749,43.2704],"stabilizedTipPosition":[0.564341,220.47,91.3516],"timeVisible":8.3695,"tipPosition":[-4.42326,209.865,71.9706],"tipVelocity":[-19.0259,-84.739,-451.252],"tool":false,"touchDistance":0.333333,"touchZone":"none","type":3,"width":14.3986},{"bases":[[[0.864452,-0.502617,0.0099514],[0.41595,0.72623,0.547334],[-0.282326,-0.469005,0.836855]],[[0.889723,-0.44948,-0.0797578],[0.236402,0.603125,-0.76181],[0.390522,0.658944,0.642872]],[[0.889723,-0.44948,-0.0797578],[-0.348742,-0.556504,-0.75411],[0.294572,0.698764,-0.651887]],[[0.889723,-0.44948,-0.0797578],[-0.456498,-0.875358,-0.159241],[0.0017589,0.178089,-0.984013]]],"btipPosition":[9.83971,212.553,74.2099],"carpPosition":[12.3528,222.959,109.368],"dipPosition":[9.86498,215.111,60.0725],"direction":[-0.294572,-0.698764,0.651887],"extended":false,"handId":93,"id":934,"length":42.1013,"mcpPosition":[26.1768,245.923,68.3921],"pipPosition":[14.6672,226.503,49.4451],"stabilizedTipPosition":[15.1283,225.387,90.8784],"timeVisible":8.3695,"tipPosition":[9.55375,212.952,69.9487],"tipVelocity":[-47.308,-70.2405,-445.996],"tool":false,"touchDistance":0.333333,"touchZone":"none","type":4,"width":12.7899}],"r":[[0.82545,0.464896,-0.320162],[-0.522781,0.843553,-0.122954],[0.212913,0.268867,0.93935]],"s":1.44523,"t":[-169.881,123.676,1.45822],"timestamp":629791260938},{"currentFrameRate":55.3152,"devices":[],"gestures":[],"hands":[{"armBasis":[[0.885477,0.235307,-0.400701],[0.0777849,0.775085,0.627051],[0.458127,-0.586407,0.668017]],"armWidth":51.6853,"confidence":1,"direction":[0.039355,0.606321,-0.794245],"elbow":[106.641,71.8411,271.751],"grabAngle":2.8235,"grabStrength":0,"id":93,"palmNormal":[-0.0787942,-0.790503,-0.607369],"palmPosition":[-6.66733,242.116,67.3209],"palmVelocity":[-23.3185,-48.8479,-478.491],"palmWidth":76.835,"pinchDistance":33.8681,"pinchStrength":0.414142,"r":[[0.827909,0.462929,-0.316645],[-0.52004,0.845056,-0.124255],[0.210061,0.26754,0.940371]],"s":1.44599,"sphereCenter":[2.0123,218.498,33.2667],"sphereRadius":40.9326,"stabilizedPalmPosition":[-0.256507,256.005,94.4816],"t":[-170.386,122.76,-6.25306],"timeVisible":8.3876,"type":"right","wrist":[2.18912,205.54,119.445]}],"id":33307,"interactionBox":{"center":[0,200,0],"size":[235.247,235.247,147.751]},"pointables":[{"bases":[[[0.98858,0.0165454,-0.149783],[0.0588677,0.872576,0.484918],[0.13872,-0.488198,0.861638]],[[0.998152,-0.0441058,-0.0418074],[0.0501061,0.986568,0.155477],[0.0343885,-0.157284,0.986954]],[[0.998152,-0.0441058,-0.0418074],[0.0440675,0.999027,-0.00183848],[0.0418478,-0.00000726705,0.999124]],[[0.998152,-0.0441058,-0.0418074],[0.0387212,0.991793,-0.121849],[0.0468386,0.120005,0.991668]]],"btipPosition":[-29.4932,262.11,-17.5806],"carpPosition":[-18.1337,227.858,105.542],"dipPosition":[-28.8262,263.819,-3.45821],"direction":[-0.0418478,0.00000726705,-0.999124],"extended":true,"handId":93,"id":931,"length":49.0168,"mcpPosition":[-26.7516,258.187,52.013],"pipPosition":[-27.9831,263.819,16.6705],"stabilizedTipPosition":[-29.7797,268.034,22.7526],"timeVisible":8.3876,"tipPosition":[-29.214,261.533,-14.1946],"tipVelocity":[-14.5838,75.2038,-462.954],"tool":false,"touchDistance":-0.400412,"touchZone":"hovering","type":1,"width":15.4068},{"bases":[[[0.478989,0.790559,0.381558],[-0.781787,0.186501,0.595001],[0.399222,-0.583296,0.70738]],[[0.385174,0.894842,0.225606],[-0.884735,0.288537,0.366047],[0.262459,-0.340594,0.902835]],[[0.385174,0.894842,0.225606],[-0.91806,0.39641,-0.00492625],[-0.0938408,-0.205223,0.974206]],[[0.385174,0.894842,0.225606],[-0.817036,0.444327,-0.367459],[-0.42906,-0.0427927,0.902262]]],"btipPosition":[-26.6011,230.94,19.4605],"carpPosition":[-26.5745,209.916,102.803],"dipPosition":[-34.9708,230.105,37.061],"direction":[0.0938408,0.205223,-0.974206],"extended":false,"handId":93,"id":930,"length":43.4396,"mcpPosition":[-26.5745,209.916,102.803],"pipPosition":[-37.6377,224.273,64.7471],"stabilizedTipPosition":[-24.2657,239.448,51.0803],"timeVisible":8.3876,"tipPosition":[-27.676,230.105,23.3933],"tipVelocity":[-59.9737,10.3748,-491.049],"tool":false,"touchDistance":-0.394726,"touchZone":"hovering","type":0,"width":16.1294},{"bases":[[[0.973616,-0.198561,-0.112453],[0.228183,0.851881,0.471414],[0.00219224,-0.484636,0.874713]],[[0.971995,-0.227264,-0.0597994],[0.0947861,0.611991,-0.785164],[0.215037,0.757507,0.616394]],[[0.971995,-0.227264,-0.0597994],[-0.20272,-0.682164,-0.702536],[0.118868,0.694984,-0.709132]],[[0.971995,-0.227264,-0.0597994],[-0.232138,-0.968145,-0.0938501],[-0.0365656,0.105104,-0.993789]]],"btipPosition":[-18.9627,209.525,60.3464],"carpPosition":[-7.94963,229.525,104.27],"dipPosition":[-19.5354,211.171,44.7803],"direction":[-0.118868,-0.694984,0.709132],"extended":false,"handId":93,"id":932,"length":55.8507,"mcpPosition":[-8.07879,258.077,52.7364],"pipPosition":[-16.718,227.644,27.9724],"stabilizedTipPosition":[-12.7691,221.848,80.6014],"timeVisible":8.3876,"tipPosition":[-18.6918,209.711,56.3624],"tipVelocity":[-48.0752,-33.1505,-509],"tool":false,"touchDistance":0.333333,"touchZone":"none","type":2,"width":15.1315},{"bases":[[[0.943336,-0.331365,-0.0177211],[0.297114,0.819635,0.489818],[-0.147784,-0.467329,0.871644]],[[0.941996,-0.335475,-0.0100303],[0.194894,0.571093,-0.797414],[0.273241,0.749206,0.603349]],[[0.941996,-0.335475,-0.0100303],[-0.247838,-0.675141,-0.69481],[0.226319,0.656994,-0.719123]],[[0.941996,-0.335475,-0.0100303],[-0.335196,-0.938862,-0.0786295],[0.0169611,0.0774308,-0.996853]]],"btipPosition":[-5.57553,208.901,66.4149],"carpPosition":[2.27299,228.459,102.861],"dipPosition":[-5.31139,210.107,50.8906],"direction":[-0.226319,-0.656994,0.719123],"extended":false,"handId":93,"id":933,"length":53.7019,"mcpPosition":[10.0901,253.178,56.7554],"pipPosition":[-0.0856914,225.277,34.286],"stabilizedTipPosition":[0.562217,220.466,91.3417],"timeVisible":8.3876,"tipPosition":[-5.29167,209.018,62.8837],"tipVelocity":[-42.6356,-58.0032,-515.991],"tool":false,"touchDistance":0.333333,"touchZone":"none","type":3,"width":14.3986},{"bases":[[[0.857746,-0.514068,0.00259434],[0.425989,0.713589,0.55617],[-0.28776,-0.475947,0.831065]],[[0.880835,-0.467462,-0.0748876],[0.257791,0.606274,-0.752314],[0.397081,0.643359,0.654535]],[[0.880835,-0.467462,-0.0748876],[-0.349403,-0.535167,-0.769099],[0.319447,0.703616,-0.634727]],[[0.880835,-0.467462,-0.0748876],[-0.473002,-0.862308,-0.180813],[0.0199472,0.194689,-0.980662]]],"btipPosition":[8.58667,211.479,64.8831],"carpPosition":[11.6938,221.404,100.43],"dipPosition":[8.87325,214.277,50.7939],"direction":[-0.319447,-0.703616,0.634727],"extended":false,"handId":93,"id":934,"length":42.1013,"mcpPosition":[25.7839,244.708,59.7369],"pipPosition":[14.081,225.747,40.4463],"stabilizedTipPosition":[15.1276,225.385,90.875],"timeVisible":8.3876,"tipPosition":[8.72593,211.947,60.9101],"tipVelocity":[-65.9187,-56.2704,-514.764],"tool":false,"touchDistance":0.333333,"touchZone":"none","type":4,"width":12.7899}],"r":[[0.827909,0.462929,-0.316645],[-0.52004,0.845056,-0.124255],[0.210061,0.26754,0.940371]],"s":1.44599,"t":[-170.386,122.76,-6.25306],"timestamp":629791279035},{"currentFrameRate":55.3295,"devices":[],"gestures":[],"hands":[{"armBasis":[[0.889022,0.213639,-0.404968],[0.0853684,0.791618,0.605024],[0.449836,-0.572451,0.685527]],"armWidth":51.6853,"confidence":1,"direction":[0.0427984,0.610952,-0.79051],"elbow":[104.059,74.0394,266.036],"grabAngle":2.81388,"grabStrength":0,"id":93,"palmNormal":[-0.0849859,-0.786141,-0.612177],"palmPosition":[-7.10471,241.303,57.6628],"palmVelocity":[-24.2668,-45.1161,-535.846],"palmWidth":76.835,"pinchDistance":33.9113,"pinchStrength":0.409777,"r":[[0.830442,0.460574,-0.313429],[-0.516679,0.847134,-0.124125],[0.208347,0.265021,0.941464]],"s":1.44755,"sphereCenter":[1.36457,217.903,23.3646],"sphereRadius":41.0424,"stabilizedPalmPosition":[-0.256579,256.004,94.4812],"t":[-170.858,121.895,-14.9377],"timeVisible":8.40563,"type":"right","wrist":[1.49796,204.556,109.737]}],"id":33308,"interactionBox":{"center":[0,200,0],"size":[235.247,235.247,147.751]},"pointables":[{"bases":[[[0.988517,0.0105234,-0.150745],[0.0655106,0.869111,0.490259],[0.136174,-0.494505,0.858441]],[[0.99776,-0.0503914,-0.0439933],[0.0572339,0.983521,0.171497],[0.0346263,-0.173631,0.984202]],[[0.99776,-0.0503914,-0.0439933],[0.0516692,0.99826,0.0284057],[0.0424853,-0.0306152,0.998628]],[[0.99776,-0.0503914,-0.0439933],[0.0458793,0.994113,-0.0981578],[0.0486806,0.0959196,0.994198]]],"btipPosition":[-29.8804,263.078,-27.0444],"carpPosition":[-18.6315,226.888,95.8069],"dipPosition":[-29.1871,264.444,-12.886],"direction":[-0.0424853,0.0306152,-0.998628],"extended":true,"handId":93,"id":931,"length":49.0168,"mcpPosition":[-27.0913,257.609,42.4766],"pipPosition":[-28.3312,263.827,7.23265],"stabilizedTipPosition":[-29.7797,268.034,22.7506],"timeVisible":8.40563,"tipPosition":[-29.6066,261.515,-23.7116],"tipVelocity":[-21.1488,49.2989,-524.609],"tool":false,"touchDistance":-0.530538,"touchZone":"hovering","type":1,"width":15.4068},{"bases":[[[0.484937,0.784785,0.385939],[-0.779838,0.188293,0.596991],[0.39584,-0.590473,0.703316]],[[0.391788,0.890615,0.230882],[-0.882056,0.292214,0.369579],[0.261686,-0.348447,0.900058]],[[0.391788,0.890615,0.230882],[-0.915917,0.401321,0.00616093],[-0.0871709,-0.213882,0.972962]],[[0.391788,0.890615,0.230882],[-0.820104,0.451801,-0.351149],[-0.417051,-0.0517712,0.907407]]],"btipPosition":[-27.619,230.8,9.67538],"carpPosition":[-27.2012,209.024,92.9664],"dipPosition":[-35.7545,229.79,27.3763],"direction":[0.0871709,0.213882,-0.972962],"extended":false,"handId":93,"id":930,"length":43.4396,"mcpPosition":[-27.2012,209.024,92.9664],"pipPosition":[-38.2318,223.711,55.027],"stabilizedTipPosition":[-24.2661,239.447,51.0775],"timeVisible":8.40563,"tipPosition":[-28.2799,229.739,13.6861],"tipVelocity":[-53.4888,-9.99721,-541.611],"tool":false,"touchDistance":-0.530017,"touchZone":"hovering","type":0,"width":16.1294},{"bases":[[[0.972077,-0.2047,-0.114735],[0.234662,0.84731,0.476444],[-0.000312354,-0.490064,0.871686]],[[0.970309,-0.233718,-0.0622584],[0.0987526,0.617792,-0.780116],[0.22079,0.750805,0.62253]],[[0.970309,-0.233718,-0.0622584],[-0.207857,-0.674143,-0.70875],[0.123677,0.700647,-0.702707]],[[0.970309,-0.233718,-0.0622584],[-0.239065,-0.965822,-0.100181],[-0.0367165,0.11209,-0.99302]]],"btipPosition":[-19.6456,208.837,50.3783],"carpPosition":[-8.43731,228.492,94.5341],"dipPosition":[-20.2207,210.593,34.8243],"direction":[-0.123677,-0.700647,0.702707],"extended":false,"handId":93,"id":932,"length":55.8507,"mcpPosition":[-8.41891,257.364,43.1792],"pipPosition":[-17.2893,227.2,18.1687],"stabilizedTipPosition":[-12.7695,221.848,80.5996],"timeVisible":8.40563,"tipPosition":[-19.3716,209.054,46.5187],"tipVelocity":[-37.9168,-36.7605,-552.89],"tool":false,"touchDistance":0.333333,"touchZone":"none","type":2,"width":15.1315},{"bases":[[[0.940962,-0.337874,-0.020796],[0.303383,0.814466,0.494574],[-0.150166,-0.471684,0.868887]],[[0.940785,-0.338427,-0.019777],[0.192036,0.580096,-0.791587],[0.279367,0.740915,0.610736]],[[0.940785,-0.338427,-0.019777],[-0.252883,-0.66174,-0.705797],[0.225773,0.669005,-0.708138]],[[0.940785,-0.338427,-0.019777],[-0.338774,-0.936397,-0.0916161],[0.0124863,0.092891,-0.995598]]],"btipPosition":[-6.09228,207.826,56.2592],"carpPosition":[1.77609,227.363,93.108],"dipPosition":[-5.89783,209.273,40.7545],"direction":[-0.225773,-0.669005,0.708138],"extended":false,"handId":93,"id":933,"length":53.7019,"mcpPosition":[9.71915,252.312,47.148],"pipPosition":[-0.684732,224.72,24.4036],"stabilizedTipPosition":[0.560918,220.464,91.3341],"timeVisible":8.40563,"tipPosition":[-5.96873,208.223,53.0105],"tipVelocity":[-29.5592,-56.5827,-563.202],"tool":false,"touchDistance":0.333333,"touchZone":"none","type":3,"width":14.3986},{"bases":[[[0.854108,-0.520093,-0.00152215],[0.431577,0.707106,0.560127],[-0.290242,-0.479066,0.828406]],[[0.875323,-0.478364,-0.070547],[0.272005,0.607752,-0.746091],[0.399778,0.633882,0.662096]],[[0.875323,-0.478364,-0.070547],[-0.347024,-0.519878,-0.780578],[0.336724,0.707739,-0.621065]],[[0.875323,-0.478364,-0.070547],[-0.482311,-0.853371,-0.197823],[0.0344287,0.207185,-0.977696]]],"btipPosition":[7.58963,210.518,54.718],"carpPosition":[11.1445,220.257,90.6226],"dipPosition":[8.08427,213.494,40.6714],"direction":[-0.336724,-0.707739,0.621065],"extended":false,"handId":93,"id":934,"length":42.1013,"mcpPosition":[25.3561,243.714,50.06],"pipPosition":[13.5737,225.032,30.5465],"stabilizedTipPosition":[15.127,225.384,90.872],"timeVisible":8.40563,"tipPosition":[8.05918,211.071,51.0602],"tipVelocity":[-52.6624,-51.0713,-563.433],"tool":false,"touchDistance":0.333333,"touchZone":"none","type":4,"width":12.7899}],"r":[[0.830442,0.460574,-0.313429],[-0.516679,0.847134,-0.124125],[0.208347,0.265021,0.941464]],"s":1.44755,"t":[-170.858,121.895,-14.9377],"timestamp":629791297059},{"currentFrameRate":55.3156,"devices":[],"gestures":[],"hands":[{"armBasis":[[0.895416,0.201893,-0.396824],[0.0794811,0.804478,0.58864],[0.438079,-0.558618,0.704296]],"armWidth":51.6853,"confidence":1,"direction":[0.0438005,0.626407,-0.778264],"elbow":[100.843,75.9532,259.334],"grabAngle":2.80355,"grabStrength":0,"id":93,"palmNormal":[-0.0774161,-0.774541,-0.627768],"palmPosition":[-7.44366,240.77,47.1218],"palmVelocity":[-18.6996,-29.4125,-581.539],"palmWidth":76.835,"pinchDistance":34.156,"pinchStrength":0.404833,"r":[[0.832311,0.460767,-0.308143],[-0.514754,0.848714,-0.121296],[0.205636,0.259573,0.943576]],"s":1.45025,"sphereCenter":[1.62266,218.086,12.2881],"sphereRadius":41.3145,"stabilizedPalmPosition":[-0.256618,256.004,94.4809],"t":[-171.263,121.196,-24.5506],"timeVisible":8.42375,"type":"right","wrist":[0.962736,203.316,98.7563]}],"id":33309,"interactionBox":{"center":[0,200,0],"size":[235.247,235.247,147.751]},"pointables":[{"bases":[[[0.98925,0.0186739,-0.145034],[0.0581568,0.85976,0.507376],[0.134169,-0.510357,0.849432]],[[0.998225,-0.0435428,-0.040635],[0.0509767,0.977461,0.204868],[0.0307986,-0.206575,0.977946]],[[0.998225,-0.0435428,-0.040635],[0.0463854,0.996336,0.0718529],[0.0373574,-0.0736103,0.996587]],[[0.998225,-0.0435428,-0.040635],[0.0410514,0.997339,-0.0602544],[0.0431505,0.0584793,0.997356]]],"btipPosition":[-29.905,265.31,-37.1567],"carpPosition":[-19.0998,225.557,84.9148],"dipPosition":[-29.2905,266.143,-22.9533],"direction":[-0.0373574,0.0736103,-0.996587],"extended":true,"handId":93,"id":931,"length":49.0168,"mcpPosition":[-27.435,257.262,32.1442],"pipPosition":[-28.5379,264.66,-2.87574],"stabilizedTipPosition":[-29.7797,268.033,22.7477],"timeVisible":8.42375,"tipPosition":[-29.6229,262.669,-33.9629],"tipVelocity":[-2.35614,116.371,-557.315],"tool":false,"touchDistance":-0.657346,"touchZone":"hovering","type":1,"width":15.4068},{"bases":[[[0.478592,0.779694,0.403766],[-0.784076,0.172539,0.5962],[0.395188,-0.60192,0.693915]],[[0.385899,0.887864,0.250558],[-0.885139,0.279786,0.371818],[0.260022,-0.365263,0.893852]],[[0.385899,0.887864,0.250558],[-0.918737,0.394502,0.0170642],[-0.0836948,-0.236782,0.967951]],[[0.385899,0.887864,0.250558],[-0.827059,0.453283,-0.332427],[-0.408724,-0.078943,0.909237]]],"btipPosition":[-28.1663,231.371,-1.24177],"carpPosition":[-27.5575,207.705,81.6809],"dipPosition":[-36.1394,229.831,16.4949],"direction":[0.0836948,0.236782,-0.967951],"extended":false,"handId":93,"id":930,"length":43.4396,"mcpPosition":[-27.5575,207.705,81.6809],"pipPosition":[-38.5179,223.102,44.0032],"stabilizedTipPosition":[-24.2663,239.447,51.0756],"timeVisible":8.42375,"tipPosition":[-28.3748,229.987,2.81332],"tipVelocity":[-28.1342,24.7863,-601.839],"tool":false,"touchDistance":-0.668983,"touchZone":"hovering","type":0,"width":16.1294},{"bases":[[[0.973776,-0.197292,-0.113295],[0.227496,0.839126,0.494078],[-0.00240891,-0.506896,0.862004]],[[0.971879,-0.227333,-0.0614021],[0.100218,0.635275,-0.765756],[0.213089,0.738069,0.640193]],[[0.971879,-0.227333,-0.0614021],[-0.200014,-0.659331,-0.72476],[0.124278,0.716661,-0.68626]],[[0.971879,-0.227333,-0.0614021],[-0.23334,-0.964802,-0.12128],[-0.0316699,0.132197,-0.990717]]],"btipPosition":[-19.7762,208.392,39.0089],"carpPosition":[-8.9076,227.238,83.7298],"dipPosition":[-20.2723,210.463,23.491],"direction":[-0.124278,-0.716661,0.68626],"extended":false,"handId":93,"id":932,"length":55.8507,"mcpPosition":[-8.76568,257.102,32.9453],"pipPosition":[-17.3266,227.449,7.22518],"stabilizedTipPosition":[-12.7696,221.847,80.5985],"timeVisible":8.42375,"tipPosition":[-19.4793,208.68,35.288],"tipVelocity":[-6.20547,-20.5465,-626.786],"tool":false,"touchDistance":0.333333,"touchZone":"none","type":2,"width":15.1315},{"bases":[[[0.942869,-0.332428,-0.0221305],[0.296294,0.8063,0.511948],[-0.152342,-0.489257,0.858731]],[[0.944966,-0.325344,-0.034501],[0.179976,0.604994,-0.775623],[0.273217,0.726728,0.630253]],[[0.944966,-0.325344,-0.034501],[-0.247252,-0.641102,-0.726536],[0.214255,0.695083,-0.686261]],[[0.944966,-0.325344,-0.034501],[-0.327097,-0.937288,-0.120411],[0.00683763,0.12507,-0.992124]]],"btipPosition":[-5.85098,207.009,44.7411],"carpPosition":[1.31934,226.191,82.3387],"dipPosition":[-5.7445,208.957,29.2904],"direction":[-0.214255,-0.695083,0.686261],"extended":false,"handId":93,"id":933,"length":53.7019,"mcpPosition":[9.37751,252.07,36.9159],"pipPosition":[-0.797352,225.006,13.4446],"stabilizedTipPosition":[0.560293,220.462,91.3291],"timeVisible":8.42375,"tipPosition":[-6.09402,207.78,41.8118],"tipVelocity":[12.196,-38.7218,-634.765],"tool":false,"touchDistance":0.333333,"touchZone":"none","type":3,"width":14.3986},{"bases":[[[0.856896,-0.515443,-0.00687536],[0.424706,0.698366,0.576116],[-0.292154,-0.496591,0.817339]],[[0.878482,-0.471727,-0.0757815],[0.27443,0.628043,-0.728183],[0.391097,0.618899,0.681181]],[[0.878482,-0.471727,-0.0757815],[-0.335974,-0.497161,-0.79997],[0.339692,0.72822,-0.595235]],[[0.878482,-0.471727,-0.0757815],[-0.475737,-0.849026,-0.229848],[0.0440848,0.237969,-0.970272]]],"btipPosition":[7.3468,209.969,43.315],"carpPosition":[10.7393,219.184,79.7679],"dipPosition":[7.98017,213.388,29.375],"direction":[-0.339692,-0.72822,0.595235],"extended":false,"handId":93,"id":934,"length":42.1013,"mcpPosition":[25.0445,243.5,39.7472],"pipPosition":[13.518,225.259,19.6712],"stabilizedTipPosition":[15.1267,225.383,90.8702],"timeVisible":8.42375,"tipPosition":[7.90856,210.752,40.0205],"tipVelocity":[-11.6366,-24.6748,-627.745],"tool":false,"touchDistance":0.333333,"touchZone":"none","type":4,"width":12.7899}],"r":[[0.832311,0.460767,-0.308143],[-0.514754,0.848714,-0.121296],[0.205636,0.259573,0.943576]],"s":1.45025,"t":[-171.263,121.196,-24.5506],"timestamp":629791315185},{"currentFrameRate":55.3225,"devices":[],"gestures":[],"hands":[{"armBasis":[[0.902219,0.186173,-0.389024],[0.0767139,0.818366,0.569554],[0.4244,-0.543706,0.724064]],"armWidth":51.6853,"confidence":1,"direction":[0.0488057,0.633303,-0.772364],"elbow":[97.221,78.8433,252.517],"grabAngle":2.7934,"grabStrength":0,"id":93,"palmNormal":[-0.0729527,-0.76896,-0.635121],"palmPosition":[-7.52386,240.505,35.8867],"palmVelocity":[-4.44277,-14.6642,-622.372],"palmWidth":76.835,"pinchDistance":34.4375,"pinchStrength":0.400253,"r":[[0.834173,0.461485,-0.301971],[-0.51311,0.850145,-0.118202],[0.202171,0.253546,0.945961]],"s":1.45362,"sphereCenter":[2.21692,218.095,0.761607],"sphereRadius":41.6492,"stabilizedPalmPosition":[-0.256637,256.004,94.4808],"t":[-171.506,120.715,-34.9745],"timeVisible":8.4418,"type":"right","wrist":[0.459138,202.807,87.4325]}],"id":33310,"interactionBox":{"center":[0,200,0],"size":[235.247,235.247,147.751]},"pointables":[{"bases":[[[0.990194,0.0202292,-0.13823],[0.0544721,0.855238,0.515364],[0.128645,-0.51784,0.84575]],[[0.998486,-0.0426926,-0.0346886],[0.0495374,0.972026,0.229588],[0.0239166,-0.230959,0.97267]],[[0.998486,-0.0426926,-0.0346886],[0.0459552,0.99398,0.0994591],[0.0302336,-0.100903,0.994437]],[[0.998486,-0.0426926,-0.0346886],[0.0414436,0.998494,-0.0359598],[0.0361716,0.0344677,0.998751]]],"btipPosition":[-29.4005,266.937,-48.166],"carpPosition":[-19.4279,224.954,73.4643],"dipPosition":[-28.8854,267.428,-33.9428],"direction":[-0.0302336,0.100903,-0.994437],"extended":true,"handId":93,"id":931,"length":49.0168,"mcpPosition":[-27.4199,257.124,20.9224],"pipPosition":[-28.2763,265.395,-13.9085],"stabilizedTipPosition":[-29.7797,268.033,22.7452],"timeVisible":8.4418,"tipPosition":[-29.1748,263.392,-45.1295],"tipVelocity":[26.679,85.7775,-609.616],"tool":false,"touchDistance":-0.785016,"touchZone":"hovering","type":1,"width":15.4068},{"bases":[[[0.475619,0.776209,0.413867],[-0.78811,0.167027,0.59244],[0.39073,-0.607948,0.691179]],[[0.38419,0.885465,0.261438],[-0.887001,0.275423,0.370637],[0.25618,-0.374291,0.891223]],[[0.38419,0.885465,0.261438],[-0.919517,0.392426,0.0221432],[-0.0829882,-0.248904,0.964966]],[[0.38419,0.885465,0.261438],[-0.832246,0.454737,-0.317144],[-0.399705,-0.0957377,0.91163]]],"btipPosition":[-28.5007,231.848,-12.7582],"carpPosition":[-27.8578,207.13,70.0155],"dipPosition":[-36.2979,229.98,5.02514],"direction":[0.0829882,0.248904,-0.964966],"extended":false,"handId":93,"id":930,"length":43.4396,"mcpPosition":[-27.8578,207.13,70.0155],"pipPosition":[-38.6563,222.907,32.4486],"stabilizedTipPosition":[-24.2664,239.446,51.0745],"timeVisible":8.4418,"tipPosition":[-28.2352,230.16,-8.65545],"tipVelocity":[-16.2824,22.251,-637.364],"tool":false,"touchDistance":-0.803003,"touchZone":"hovering","type":0,"width":16.1294},{"bases":[[[0.974578,-0.196015,-0.108513],[0.223903,0.834769,0.503019],[-0.00801553,-0.514527,0.857436]],[[0.972344,-0.226515,-0.0569025],[0.105946,0.644919,-0.756872],[0.20814,0.729912,0.651081]],[[0.972344,-0.226515,-0.0569025],[-0.194511,-0.650539,-0.734142],[0.129277,0.724907,-0.676607]],[[0.972344,-0.226515,-0.0569025],[-0.232284,-0.963279,-0.134673],[-0.0243076,0.144166,-0.989255]]],"btipPosition":[-19.8018,208.197,27.2217],"carpPosition":[-9.22852,226.649,72.3626],"dipPosition":[-20.1826,210.455,11.7266],"direction":[-0.129277,-0.724907,0.676607],"extended":false,"handId":93,"id":932,"length":55.8507,"mcpPosition":[-8.75629,256.962,21.8472],"pipPosition":[-17.1185,227.637,-4.31036],"stabilizedTipPosition":[-12.7697,221.847,80.5979],"timeVisible":8.4418,"tipPosition":[-19.4744,208.521,23.6879],"tipVelocity":[0.049838,-8.41862,-652.668],"tool":false,"touchDistance":0.333333,"touchZone":"none","type":2,"width":15.1315},{"bases":[[[0.943106,-0.331962,-0.0187604],[0.29259,0.801804,0.521057],[-0.157929,-0.496901,0.853316]],[[0.94788,-0.315078,-0.0474225],[0.168592,0.622249,-0.764449],[0.27037,0.716611,0.642937]],[[0.94788,-0.315078,-0.0474225],[-0.245163,-0.626148,-0.740158],[0.203514,0.713207,-0.670759]],[[0.94788,-0.315078,-0.0474225],[-0.318627,-0.937341,-0.140957],[-0.000038643,0.14872,-0.988879]]],"btipPosition":[-5.40579,206.429,32.8388],"carpPosition":[1.00786,225.616,71.0308],"dipPosition":[-5.40639,208.745,17.4386],"direction":[-0.203514,-0.713207,0.670759],"extended":false,"handId":93,"id":933,"length":53.7019,"mcpPosition":[9.36156,251.9,25.8945],"pipPosition":[-0.707269,225.213,1.95084],"stabilizedTipPosition":[0.560009,220.462,91.3262],"timeVisible":8.4418,"tipPosition":[-6.09754,207.539,30.2517],"tipVelocity":[23.2972,-27.4403,-658.689],"tool":false,"touchDistance":0.333333,"touchZone":"none","type":3,"width":14.3986},{"bases":[[[0.857093,-0.515129,-0.00570644],[0.420606,0.69334,0.585124],[-0.297458,-0.503906,0.810924]],[[0.878566,-0.472152,-0.0720672],[0.283922,0.637619,-0.716122],[0.38407,0.608699,0.694245]],[[0.878566,-0.472152,-0.0720672],[-0.326269,-0.483094,-0.812507],[0.348812,0.737355,-0.578479]],[[0.878566,-0.472152,-0.0720672],[-0.474042,-0.843562,-0.252365],[0.0583615,0.255882,-0.964945]]],"btipPosition":[7.16769,209.672,31.5876],"carpPosition":[10.4472,218.636,68.4611],"dipPosition":[8.00617,213.349,17.7242],"direction":[-0.348812,-0.737355,0.578479],"extended":false,"handId":93,"id":934,"length":42.1013,"mcpPosition":[25.0121,243.309,28.7545],"pipPosition":[13.6927,225.369,8.29351],"stabilizedTipPosition":[15.1266,225.383,90.8692],"timeVisible":8.4418,"tipPosition":[7.87418,210.5