{"frames":59,"data":[{"currentFrameRate":55.3393,"devices":[],"gestures":[],"hands":[{"armBasis":[[0.733228,0.542391,-0.410108],[-0.117505,0.69511,0.709236],[0.669753,-0.471841,0.573407]],"armWidth":55.2759,"confidence":1,"direction":[-0.559049,0.576269,-0.596136],"elbow":[209.487,71.8326,223.64],"grabAngle":0.721161,"grabStrength":0,"id":107,"palmNormal":[0.0932966,-0.670698,-0.735839],"palmPosition":[9.98015,213.45,49.9585],"palmVelocity":[-2.02412,-5.36137,-4.40187],"palmWidth":78.8548,"pinchDistance":26.7138,"pinchStrength":0.827855,"r":[[0.464876,0.82345,-0.3253],[-0.792892,0.550688,0.260891],[0.39397,0.136646,0.908909]],"s":1.21341,"sphereCenter":[-31.5274,202.533,29.5495],"sphereRadius":56.3916,"stabilizedPalmPosition":[11.6968,215.535,53.805],"t":[-151.16,61.7805,-1.43455],"timeVisible":2.13302,"type":"right","wrist":[52.7712,182.239,89.4686]}],"id":39556,"interactionBox":{"center":[0,200,0],"size":[235.247,235.247,147.751]},"pointables":[{"bases":[[[0.138987,0.900254,0.412583],[-0.486591,-0.300781,0.820219],[0.862503,-0.31476,0.396251]],[[-0.285524,0.942058,0.176074],[-0.819427,-0.335251,0.464915],[0.497006,-0.0115353,0.86767]],[[-0.285524,0.942058,0.176074],[-0.843566,-0.334235,0.420338],[0.454833,-0.0285134,0.89012]],[[-0.285524,0.942058,0.176074],[-0.954041,-0.296842,0.0411216],[0.091005,-0.156241,0.983518]]],"btipPosition":[-12.6409,176.872,-0.263161],"carpPosition":[23.4125,172.554,81.3056],"dipPosition":[-10.8836,173.855,18.7289],"direction":[-0.454833,0.0285134,-0.89012],"extended":false,"handId":107,"id":1070,"length":43.0013,"mcpPosition":[23.4125,172.554,81.3056],"pipPosition":[1.91191,173.053,43.77],"stabilizedTipPosition":[-9.44974,178.558,6.97427],"timeVisible":2.13302,"tipPosition":[-14.4332,175.845,5.24444],"tipVelocity":[2.55281,-10.412,-4.05304],"tool":false,"touchDistance":0.281097,"touchZone":"hovering","type":0,"width":17.574},{"bases":[[[0.718308,0.557115,-0.416722],[-0.194536,0.735917,0.648522],[0.667974,-0.384771,0.636994]],[[0.619432,0.604812,-0.500506],[-0.549031,0.789446,0.274481],[0.561132,0.104771,0.821068]],[[0.619432,0.604812,-0.500506],[-0.781235,0.412116,-0.468863],[-0.0773068,0.681442,0.727778]],[[0.619432,0.604812,-0.500506],[-0.628379,-0.000181447,-0.777907],[-0.470578,0.796368,0.379939]]],"btipPosition":[-31.8982,188.529,-3.58743],"carpPosition":[22.4058,192.528,86.0016],"dipPosition":[-38.5321,199.756,1.76869],"direction":[0.0773068,-0.681442,-0.727778],"extended":false,"handId":107,"id":1071,"length":48.5221,"mcpPosition":[-20.1827,217.06,45.3883],"pipPosition":[-40.0739,213.346,16.2828],"stabilizedTipPosition":[-32.8636,194.99,-1.45774],"timeVisible":2.13302,"tipPosition":[-36.5917,194.335,-3.68518],"tipVelocity":[7.87649,-14.5969,-1.45088],"tool":false,"touchDistance":0.307564,"touchZone":"hovering","type":1,"width":16.7867},{"bases":[[[0.824518,0.366335,-0.431241],[-0.0555849,0.810884,0.582562],[0.563099,-0.456362,0.688951]],[[0.735148,0.42805,-0.525671],[-0.0497803,0.807426,0.587864],[0.676076,-0.406,0.614887]],[[0.735148,0.42805,-0.525671],[-0.194951,0.876169,0.44082],[0.649269,-0.221588,0.727563]],[[0.735148,0.42805,-0.525671],[-0.318124,0.902583,0.290072],[0.598627,-0.0460175,0.799705]]],"btipPosition":[-56.0895,249.343,-13.3466],"carpPosition":[29.3605,199.691,82.2341],"dipPosition":[-46.8076,248.63,-0.946938],"direction":[-0.649269,0.221588,-0.727563],"extended":true,"handId":107,"id":1072,"length":55.2871,"mcpPosition":[-4.68621,227.284,40.578],"pipPosition":[-31.5739,243.43,16.1238],"stabilizedTipPosition":[-51.1764,252.104,-7.94572],"timeVisible":2.13302,"tipPosition":[-53.1109,250.742,-10.2877],"tipVelocity":[-7.70109,-1.65729,0.98737],"tool":false,"touchDistance":0.273058,"touchZone":"hovering","type":2,"width":16.4868},{"bases":[[[0.900224,0.233008,-0.367836],[0.0214439,0.820023,0.571928],[0.434898,-0.522752,0.733208]],[[0.825787,0.307944,-0.472489],[0.0712006,0.774146,0.62899],[0.559469,-0.553053,0.617354]],[[0.825787,0.307944,-0.472489],[-0.0378651,0.866156,0.498338],[0.562709,-0.39363,0.72692]],[[0.825787,0.307944,-0.472489],[-0.132298,0.920167,0.368496],[0.548245,-0.24179,0.800603]]],"btipPosition":[-27.8953,266.02,-13.889],"carpPosition":[37.652,204.529,77.6301],"dipPosition":[-19.4435,262.293,-1.54676],"direction":[-0.562709,0.39363,-0.72692],"extended":true,"handId":107,"id":1073,"length":53.16,"mcpPosition":[14.0433,232.907,37.8273],"pipPosition":[-6.58167,253.295,15.0684],"stabilizedTipPosition":[-23.0773,267.614,-8.36213],"timeVisible":2.13302,"tipPosition":[-24.8898,266.316,-10.8544],"tipVelocity":[-6.88542,-2.31958,-0.517688],"tool":false,"touchDistance":-0.294437,"touchZone":"touching","type":3,"width":15.6882},{"bases":[[[0.928508,0.0322227,-0.369912],[0.199538,0.796855,0.570269],[0.313142,-0.603311,0.733456]],[[0.911065,0.06339,-0.40736],[0.228118,0.745542,0.626203],[0.343399,-0.663437,0.664777]],[[0.911065,0.06339,-0.40736],[0.165603,0.848612,0.502428],[0.377539,-0.525205,0.762643]],[[0.911065,0.06339,-0.40736],[0.107956,0.916945,0.384132],[0.397877,-0.393946,0.828553]]],"btipPosition":[10.3687,267.577,-9.579],"carpPosition":[47.8746,203.826,70.7646],"dipPosition":[16.0273,261.975,2.20476],"direction":[-0.377539,0.525205,-0.762643],"extended":true,"handId":107,"id":1074,"length":41.6764,"mcpPosition":[32.1387,234.143,33.9071],"pipPosition":[22.12,253.499,14.5123],"stabilizedTipPosition":[14.9053,269.465,-2.63125],"timeVisible":2.13302,"tipPosition":[12.7031,266.752,-6.52816],"tipVelocity":[-6.59277,0.170128,-0.251878],"tool":false,"touchDistance":0.207105,"touchZone":"hovering","type":4,"width":13.9355}],"r":[[0.464876,0.82345,-0.3253],[-0.792892,0.550688,0.260891],[0.39397,0.136646,0.908909]],"s":1.21341,"t":[-151.16,61.7805,-1.43455],"timestamp":629914815275},{"currentFrameRate":55.3325,"devices":[],"gestures":[],"hands":[{"armBasis":[[0.732512,0.543589,-0.409801],[-0.118619,0.694692,0.70946],[0.67034,-0.471078,0.57335]],"armWidth":55.2759,"confidence":1,"direction":[-0.55958,0.574631,-0.597219],"elbow":[209.599,71.979,223.614],"grabAngle":0.718879,"grabStrength":0,"id":107,"palmNormal":[0.0952751,-0.671223,-0.735107],"palmPosition":[9.93058,213.308,49.8855],"palmVelocity":[-2.73911,-7.84703,-4.03362],"palmWidth":78.8548,"pinchDistance":26.6603,"pinchStrength":0.829357,"r":[[0.463536,0.824123,-0.325508],[-0.794134,0.549342,0.259951],[0.393047,0.138,0.909104]],"s":1.21531,"sphereCenter":[-31.6404,202.553,29.6433],"sphereRadius":56.3895,"stabilizedPalmPosition":[11.6937,215.531,53.798],"t":[-151.199,61.6509,-1.53247],"timeVisible":2.15112,"type":"right","wrist":[52.7455,182.207,89.4552]}],"id":39557,"interactionBox":{"center":[0,200,0],"size":[235.247,235.247,147.751]},"pointables":[{"bases":[[[0.136878,0.900912,0.411852],[-0.486797,-0.300923,0.820045],[0.862724,-0.312734,0.397371]],[[-0.287679,0.941645,0.174773],[-0.818856,-0.336478,0.465034],[0.496704,-0.00933378,0.86787]],[[-0.287679,0.941645,0.174773],[-0.84319,-0.33556,0.420035],[0.45417,-0.0265321,0.89052]],[[-0.287679,0.941645,0.174773],[-0.953556,-0.298629,0.0393919],[0.0892855,-0.155324,0.98382]]],"btipPosition":[-12.5774,176.617,-0.309929],"carpPosition":[23.4111,172.468,81.2845],"dipPosition":[-10.8533,173.618,18.688],"direction":[-0.45417,0.0265321,-0.89052],"extended":false,"handId":107,"id":1070,"length":43.0013,"mcpPosition":[23.4111,172.468,81.2845],"pipPosition":[1.92356,172.872,43.7403],"stabilizedTipPosition":[-9.47303,178.535,6.94941],"timeVisible":2.15112,"tipPosition":[-14.3644,175.614,5.1823],"tipVelocity":[3.08648,-13.8641,-2.51012],"tool":false,"touchDistance":0.28034,"touchZone":"hovering","type":0,"width":17.574},{"bases":[[[0.71764,0.558085,-0.416574],[-0.196556,0.736165,0.647631],[0.668101,-0.382886,0.637997]],[[0.618866,0.605468,-0.500412],[-0.550995,0.788658,0.272805],[0.559829,0.106895,0.821684]],[[0.618866,0.605468,-0.500412],[-0.781341,0.409066,-0.47135],[-0.080686,0.682696,0.726235]],[[0.618866,0.605468,-0.500412],[-0.626576,-0.00368315,-0.779351],[-0.473716,0.795861,0.377093]]],"btipPosition":[-31.7925,188.232,-3.64342],"carpPosition":[22.3619,192.444,85.9604],"dipPosition":[-38.4706,199.452,1.67258],"direction":[0.080686,-0.682696,-0.726234],"extended":false,"handId":107,"id":1071,"length":48.5221,"mcpPosition":[-20.2347,216.856,45.2832],"pipPosition":[-40.0797,213.067,16.1559],"stabilizedTipPosition":[-32.8729,194.906,-1.47701],"timeVisible":2.15112,"tipPosition":[-36.54,194.039,-3.77819],"tipVelocity":[5.28285,-16.5073,-3.60389],"tool":false,"touchDistance":0.306477,"touchZone":"hovering","type":1,"width":16.7867},{"bases":[[[0.824228,0.367495,-0.430809],[-0.0576851,0.811333,0.581731],[0.563313,-0.454627,0.689922]],[[0.734718,0.429015,-0.525486],[-0.0500672,0.806808,0.588688],[0.676522,-0.40621,0.614256]],[[0.734718,0.429015,-0.525486],[-0.194362,0.87528,0.442841],[0.649933,-0.223228,0.726469]],[[0.734718,0.429015,-0.525486],[-0.317435,0.902013,0.292589],[0.59952,-0.0481634,0.798909]]],"btipPosition":[-56.2037,249.244,-13.3837],"carpPosition":[29.3064,199.617,82.1926],"dipPosition":[-46.9079,248.497,-0.996354],"direction":[-0.649933,0.223228,-0.726469],"extended":true,"handId":107,"id":1072,"length":55.2871,"mcpPosition":[-4.75321,227.105,40.4778],"pipPosition":[-31.6586,243.26,16.0487],"stabilizedTipPosition":[-51.1953,252.084,-7.96273],"timeVisible":2.15112,"tipPosition":[-53.1892,250.399,-10.4576],"tipVelocity":[-6.13261,-5.88537,-2.20551],"tool":false,"touchDistance":0.272392,"touchZone":"hovering","type":2,"width":16.4868},{"bases":[[[0.900128,0.234373,-0.367205],[0.0193362,0.82061,0.571162],[0.435197,-0.521219,0.734122]],[[0.825566,0.309137,-0.472097],[0.0702003,0.773838,0.629482],[0.559923,-0.55282,0.617152]],[[0.825566,0.309137,-0.472097],[-0.0384294,0.865455,0.499511],[0.562996,-0.394237,0.726369]],[[0.825566,0.309137,-0.472097],[-0.132512,0.919406,0.370315],[0.548527,-0.243161,0.799994]]],"btipPosition":[-27.9981,265.901,-13.9473],"carpPosition":[37.5931,204.466,77.5919],"dipPosition":[-19.5419,262.152,-1.61449],"direction":[-0.562996,0.394237,-0.72637],"extended":true,"handId":107,"id":1073,"length":53.16,"mcpPosition":[13.9681,232.761,37.7395],"pipPosition":[-6.67353,253.141,14.9881],"stabilizedTipPosition":[-23.1043,267.59,-8.38703],"timeVisible":2.15112,"tipPosition":[-24.9946,266.037,-11.0123],"tipVelocity":[-5.62353,-6.87222,-3.34372],"tool":false,"touchDistance":-0.294234,"touchZone":"touching","type":3,"width":15.6882},{"bases":[[[0.928796,0.0336402,-0.369061],[0.197476,0.797779,0.569694],[0.313594,-0.60201,0.734331]],[[0.911096,0.065126,-0.407017],[0.226783,0.745354,0.62691],[0.3442,-0.66348,0.66432]],[[0.911096,0.065126,-0.407017],[0.164462,0.848002,0.50383],[0.377964,-0.525976,0.7619]],[[0.911096,0.065126,-0.407017],[0.106943,0.916279,0.386],[0.39808,-0.39521,0.827853]]],"btipPosition":[10.2617,267.494,-9.61552],"carpPosition":[47.8235,203.776,70.7367],"dipPosition":[15.9233,261.873,2.15829],"direction":[-0.377964,0.525976,-0.7619],"extended":true,"handId":107,"id":1074,"length":41.6764,"mcpPosition":[32.0648,234.028,33.8353],"pipPosition":[22.0228,253.385,14.4538],"stabilizedTipPosition":[14.8937,269.454,-2.64614],"timeVisible":2.15112,"tipPosition":[12.5963,266.558,-6.65193],"tipVelocity":[-5.87357,-4.84079,-2.14453],"tool":false,"touchDistance":0.206459,"touchZone":"hovering","type":4,"width":13.9355}],"r":[[0.463536,0.824123,-0.325508],[-0.794134,0.549342,0.259951],[0.393047,0.138,0.909104]],"s":1.21531,"t":[-151.199,61.6509,-1.53247],"timestamp":629914833371},{"currentFrameRate":55.3263,"devices":[],"gestures":[],"hands":[{"armBasis":[[0.731641,0.54565,-0.408616],[-0.120469,0.693475,0.710337],[0.670961,-0.470487,0.573109]],"armWidth":55.2759,"confidence":1,"direction":[-0.560362,0.573094,-0.597961],"elbow":[209.702,72.1334,223.579],"grabAngle":0.71543,"grabStrength":0,"id":107,"palmNormal":[0.0980333,-0.670991,-0.734956],"palmPosition":[9.85528,213.219,49.8616],"palmVelocity":[-4.16146,-4.96089,-1.31885],"palmWidth":78.8548,"pinchDistance":26.7271,"pinchStrength":0.827481,"r":[[0.462101,0.824907,-0.325563],[-0.795487,0.547836,0.258991],[0.391998,0.139301,0.909358]],"s":1.21705,"sphereCenter":[-31.6483,202.686,29.7089],"sphereRadius":56.3093,"stabilizedPalmPosition":[11.6888,215.525,53.7877],"t":[-151.256,61.5412,-1.59337],"timeVisible":2.16922,"type":"right","wrist":[52.7037,182.223,89.4768]}],"id":39558,"interactionBox":{"center":[0,200,0],"size":[235.247,235.247,147.751]},"pointables":[{"bases":[[[0.133913,0.901294,0.41199],[-0.487035,-0.302206,0.819431],[0.863055,-0.310386,0.398493]],[[-0.290413,0.940877,0.174386],[-0.817863,-0.338665,0.465196],[0.49675,-0.00752481,0.867861]],[[-0.290413,0.940877,0.174386],[-0.842847,-0.337801,0.418927],[0.453067,-0.0253186,0.891117]],[[-0.290413,0.940877,0.174386],[-0.952927,-0.300957,0.0368194],[0.0871252,-0.155484,0.983989]]],"btipPosition":[-12.512,176.456,-0.334461],"carpPosition":[23.4057,172.416,81.2796],"dipPosition":[-10.8296,173.454,18.6667],"direction":[-0.453067,0.0253186,-0.891117],"extended":false,"handId":107,"id":1070,"length":43.0013,"mcpPosition":[23.4057,172.416,81.2796],"pipPosition":[1.91619,172.741,43.7359],"stabilizedTipPosition":[-9.49765,178.509,6.92236],"timeVisible":2.16922,"tipPosition":[-14.2744,175.458,5.12584],"tipVelocity":[3.08335,-8.95254,-1.31433],"tool":false,"touchDistance":0.279944,"touchZone":"hovering","type":0,"width":17.574},{"bases":[[[0.716664,0.560006,-0.415674],[-0.199377,0.735656,0.647348],[0.668312,-0.381055,0.638871]],[[0.618446,0.606892,-0.499206],[-0.552618,0.787527,0.272791],[0.558693,0.107164,0.822422]],[[0.618446,0.606892,-0.499206],[-0.781507,0.408477,-0.471585],[-0.0822867,0.681783,0.726912]],[[0.618446,0.606892,-0.499206],[-0.626095,-0.00336968,-0.77974],[-0.4749,0.794777,0.377888]]],"btipPosition":[-31.7824,188.084,-3.75709],"carpPosition":[22.2965,192.389,85.9534],"dipPosition":[-38.4772,199.289,1.57013],"direction":[0.0822867,-0.681783,-0.726912],"extended":false,"handId":107,"id":1071,"length":48.5221,"mcpPosition":[-20.3135,216.684,45.2204],"pipPosition":[-40.1183,212.885,16.0669],"stabilizedTipPosition":[-32.8798,194.841,-1.49327],"timeVisible":2.16922,"tipPosition":[-36.477,193.805,-3.8538],"tipVelocity":[0.344473,-8.3482,-6.13867],"tool":false,"touchDistance":0.304625,"touchZone":"hovering","type":1,"width":16.7867},{"bases":[[[0.823785,0.369704,-0.429765],[-0.0606249,0.811197,0.581623],[0.563652,-0.453077,0.690665]],[[0.734347,0.430911,-0.524453],[-0.0510718,0.805533,0.590346],[0.67685,-0.406734,0.613548]],[[0.734347,0.430911,-0.524453],[-0.194445,0.873812,0.445694],[0.650327,-0.225317,0.72547]],[[0.734347,0.430911,-0.524453],[-0.317371,0.900962,0.295878],[0.600009,-0.0508311,0.798377]]],"btipPosition":[-56.334,249.226,-13.3671],"carpPosition":[29.2265,199.58,82.1942],"dipPosition":[-47.0307,248.437,-0.988057],"direction":[-0.650328,0.225317,-0.72547],"extended":true,"handId":107,"id":1072,"length":55.2871,"mcpPosition":[-4.85364,226.975,40.4345],"pipPosition":[-31.7721,243.151,16.0336],"stabilizedTipPosition":[-51.217,252.062,-7.98116],"timeVisible":2.16922,"tipPosition":[-53.3029,250.117,-10.5633],"tipVelocity":[-7.10477,-1.55718,0.809642],"tool":false,"touchDistance":0.272637,"touchZone":"hovering","type":2,"width":16.4868},{"bases":[[[0.899962,0.23679,-0.366058],[0.0163846,0.820681,0.571152],[0.43566,-0.520013,0.734702]],[[0.825439,0.311259,-0.470923],[0.0684929,0.772854,0.630877],[0.56032,-0.553005,0.616625]],[[0.825439,0.311259,-0.470923],[-0.0395732,0.864098,0.501765],[0.563102,-0.395541,0.725578]],[[0.825439,0.311259,-0.470923],[-0.133305,0.918131,0.373183],[0.548525,-0.245264,0.799353]]],"btipPosition":[-28.1274,265.89,-13.9194],"carpPosition":[37.506,204.452,77.6039],"dipPosition":[-19.6712,262.109,-1.59644],"direction":[-0.563102,0.395541,-0.725578],"extended":true,"handId":107,"id":1073,"length":53.16,"mcpPosition":[13.8558,232.682,37.72],"pipPosition":[-6.80046,253.068,14.988],"stabilizedTipPosition":[-23.1355,267.564,-8.41445],"timeVisible":2.16922,"tipPosition":[-25.1476,265.84,-11.0832],"tipVelocity":[-7.14663,-0.982906,1.41776],"tool":false,"touchDistance":-0.292759,"touchZone":"touching","type":3,"width":15.6882},{"bases":[[[0.929175,0.0361357,-0.367869],[0.194587,0.798332,0.569914],[0.314276,-0.601133,0.734759]],[[0.911297,0.0678064,-0.406129],[0.224705,0.744622,0.628527],[0.34503,-0.664034,0.663335]],[[0.911297,0.0678064,-0.406129],[0.16259,0.846932,0.506232],[0.378289,-0.52736,0.760781]],[[0.911297,0.0678064,-0.406129],[0.105151,0.915318,0.388763],[0.398097,-0.396983,0.826996]]],"btipPosition":[10.1213,267.527,-9.55281],"carpPosition":[47.747,203.789,70.762],"dipPosition":[15.783,261.881,2.20881],"direction":[-0.378289,0.52736,-0.760781],"extended":true,"handId":107,"id":1074,"length":41.6764,"mcpPosition":[31.9541,233.997,33.839],"pipPosition":[21.8879,253.37,14.4863],"stabilizedTipPosition":[14.8801,269.441,-2.66262],"timeVisible":2.16922,"tipPosition":[12.4401,266.471,-6.67617],"tipVelocity":[-7.75874,1.50667,3.31034],"tool":false,"touchDistance":0.207457,"touchZone":"hovering","type":4,"width":13.9355}],"r":[[0.462101,0.824907,-0.325563],[-0.795487,0.547836,0.258991],[0.391998,0.139301,0.909358]],"s":1.21705,"t":[-151.256,61.5412,-1.59337],"timestamp":629914851467},{"currentFrameRate":55.3243,"devices":[],"gestures":[],"hands":[{"armBasis":[[0.730862,0.547271,-0.407842],[-0.121669,0.692445,0.711138],[0.671594,-0.470122,0.572667]],"armWidth":55.2759,"confidence":1,"direction":[-0.561257,0.571846,-0.598316],"elbow":[209.818,72.2364,223.498],"grabAngle":0.713091,"grabStrength":0,"id":107,"palmNormal":[0.0999818,-0.670776,-0.73489],"palmPosition":[9.78023,213.151,49.8655],"palmVelocity":[-4.15043,-3.72538,0.215902],"palmWidth":78.8548,"pinchDistance":26.7663,"pinchStrength":0.826378,"r":[[0.460627,0.825736,-0.325551],[-0.796842,0.546275,0.258121],[0.39098,0.140516,0.90961]],"s":1.21854,"sphereCenter":[-31.6438,202.772,29.7665],"sphereRadius":56.2319,"stabilizedPalmPosition":[11.6821,215.517,53.7738],"t":[-151.322,61.4526,-1.62187],"timeVisible":2.1873,"type":"right","wrist":[52.6717,182.24,89.4994]}],"id":39559,"interactionBox":{"center":[0,200,0],"size":[235.247,235.247,147.751]},"pointables":[{"bases":[[[0.131656,0.901592,0.412067],[-0.486877,-0.303281,0.819128],[0.863491,-0.308469,0.399036]],[[-0.29253,0.940246,0.174249],[-0.816837,-0.34044,0.465702],[0.497196,-0.00610151,0.867617]],[[-0.29253,0.940246,0.174249],[-0.842509,-0.339613,0.41814],[0.452332,-0.0244881,0.891513]],[[-0.29253,0.940246,0.174249],[-0.952417,-0.30279,0.0349332],[0.0856068,-0.155739,0.984082]]],"btipPosition":[-12.4856,176.339,-0.324168],"carpPosition":[23.4014,172.379,81.2923],"dipPosition":[-10.8325,173.332,18.6788],"direction":[-0.452332,0.0244881,-0.891513],"extended":false,"handId":107,"id":1070,"length":43.0013,"mcpPosition":[23.4014,172.379,81.2923],"pipPosition":[1.89266,172.643,43.7591],"stabilizedTipPosition":[-9.52324,178.481,6.89414],"timeVisible":2.1873,"tipPosition":[-14.2338,175.337,5.11302],"tipVelocity":[1.09001,-6.53518,0.592057],"tool":false,"touchDistance":0.280122,"touchZone":"hovering","type":0,"width":17.574},{"bases":[[[0.715681,0.561592,-0.415229],[-0.201414,0.735216,0.647217],[0.668755,-0.379568,0.639292]],[[0.617869,0.608079,-0.498475],[-0.554062,0.786539,0.272711],[0.5579,0.107686,0.822892]],[[0.617869,0.608079,-0.498475],[-0.781839,0.407841,-0.471587],[-0.0834629,0.681106,0.727412]],[[0.617869,0.608079,-0.498475],[-0.625997,-0.00318448,-0.779819],[-0.475779,0.79387,0.378688]]],"btipPosition":[-31.7982,187.958,-3.81],"carpPosition":[22.245,192.35,85.9652],"dipPosition":[-38.5054,199.149,1.52849],"direction":[0.0834629,-0.681106,-0.727412],"extended":false,"handId":107,"id":1071,"length":48.5221,"mcpPosition":[-20.3933,216.55,45.2054],"pipPosition":[-40.1699,212.733,16.0353],"stabilizedTipPosition":[-32.8865,194.779,-1.50887],"timeVisible":2.1873,"tipPosition":[-36.4646,193.624,-3.87437],"tipVelocity":[-1.03253,-7.16026,-2.78312],"tool":false,"touchDistance":0.303786,"touchZone":"hovering","type":1,"width":16.7867},{"bases":[[[0.823232,0.371528,-0.429251],[-0.0627884,0.811064,0.581579],[0.564223,-0.451822,0.691021]],[[0.733881,0.43244,-0.523846],[-0.0517286,0.804519,0.59167],[0.677306,-0.407118,0.61279]],[[0.733881,0.43244,-0.523846],[-0.194431,0.872642,0.447988],[0.650858,-0.226918,0.724495]],[[0.733881,0.43244,-0.523846],[-0.317388,0.900119,0.298414],[0.60057,-0.0527374,0.797831]]],"btipPosition":[-56.4728,249.208,-13.3111],"carpPosition":[29.1614,199.556,82.2104],"dipPosition":[-47.1608,248.39,-0.94045],"direction":[-0.650858,0.226918,-0.724495],"extended":true,"handId":107,"id":1072,"length":55.2871,"mcpPosition":[-4.95325,226.875,40.4291],"pipPosition":[-31.8898,243.066,16.0583],"stabilizedTipPosition":[-51.2391,252.04,-7.99887],"timeVisible":2.1873,"tipPosition":[-53.4342,249.897,-10.5974],"tipVelocity":[-7.56978,-1.355,2.99306],"tool":false,"touchDistance":0.273539,"touchZone":"hovering","type":2,"width":16.4868},{"bases":[[[0.899664,0.238783,-0.365495],[0.0142064,0.820718,0.571156],[0.436352,-0.519041,0.734979]],[[0.825165,0.312982,-0.470261],[0.0672107,0.77217,0.631851],[0.560879,-0.552988,0.616132]],[[0.825165,0.312982,-0.470261],[-0.0406168,0.863197,0.50323],[0.56343,-0.396147,0.724992]],[[0.825165,0.312982,-0.470261],[-0.134149,0.917236,0.375075],[0.548732,-0.246414,0.798857]]],"btipPosition":[-28.2693,265.863,-13.8739],"carpPosition":[37.4329,204.447,77.6252],"dipPosition":[-19.81,262.064,-1.55861],"direction":[-0.56343,0.396147,-0.724992],"extended":true,"handId":107,"id":1073,"length":53.16,"mcpPosition":[13.7452,232.623,37.7263],"pipPosition":[-6.93169,253.009,15.0125],"stabilizedTipPosition":[-23.17,267.536,-8.44281],"timeVisible":2.1873,"tipPosition":[-25.3101,265.688,-11.1011],"tipVelocity":[-7.80829,-1.75517,2.41774],"tool":false,"touchDistance":-0.291161,"touchZone":"touching","type":3,"width":15.6882},{"bases":[[[0.929323,0.0381944,-0.367287],[0.192459,0.798765,0.57003],[0.315148,-0.60043,0.73496]],[[0.911288,0.0700062,-0.405775],[0.223151,0.744225,0.62955],[0.34606,-0.664251,0.662581]],[[0.911288,0.0700062,-0.405775],[0.161009,0.846403,0.50762],[0.378985,-0.527922,0.760045]],[[0.911288,0.0700062,-0.405775],[0.103525,0.914837,0.390329],[0.398543,-0.39771,0.826432]]],"btipPosition":[9.9625,267.534,-9.49332],"carpPosition":[47.6797,203.806,70.7897],"dipPosition":[15.6306,261.878,2.26028],"direction":[-0.378985,0.527922,-0.760045],"extended":true,"handId":107,"id":1074,"length":41.6764,"mcpPosition":[31.8429,233.979,33.8566],"pipPosition":[21.7467,253.358,14.5259],"stabilizedTipPosition":[14.8641,269.427,-2.68088],"timeVisible":2.1873,"tipPosition":[12.2764,266.408,-6.67171],"tipVelocity":[-8.6996,0.268142,3.18813],"tool":false,"touchDistance":0.208418,"touchZone":"hovering","type":4,"width":13.9355}],"r":[[0.460627,0.825736,-0.325551],[-0.796842,0.546275,0.258121],[0.39098,0.140516,0.90961]],"s":1.21854,"t":[-151.322,61.4526,-1.62187],"timestamp":629914869549},{"currentFrameRate":55.3294,"devices":[],"gestures":[],"hands":[{"armBasis":[[0.729847,0.549782,-0.40628],[-0.123786,0.690776,0.712394],[0.67231,-0.469646,0.572217]],"armWidth":55.2759,"confidence":1,"direction":[-0.562243,0.569818,-0.599324],"elbow":[209.968,72.3344,223.436],"grabAngle":0.710599,"grabStrength":0,"id":107,"palmNormal":[0.103467,-0.670556,-0.734608],"palmPosition":[9.72096,213.002,49.85],"palmVelocity":[-3.2825,-8.2678,-0.860894],"palmWidth":78.8548,"pinchDistance":26.7927,"pinchStrength":0.825636,"r":[[0.458985,0.8267,-0.325424],[-0.79838,0.544486,0.257148],[0.389773,0.141784,0.909931]],"s":1.21997,"sphereCenter":[-31.5737,202.788,29.7833],"sphereRadius":56.1293,"stabilizedPalmPosition":[11.6733,215.505,53.7563],"t":[-151.385,61.3337,-1.64389],"timeVisible":2.20535,"type":"right","wrist":[52.6538,182.227,89.543]}],"id":39560,"interactionBox":{"center":[0,200,0],"size":[235.247,235.247,147.751]},"pointables":[{"bases":[[[0.127901,0.902108,0.41212],[-0.487161,-0.304807,0.818393],[0.863896,-0.305442,0.400486]],[[-0.296153,0.939245,0.173528],[-0.815482,-0.343229,0.466029],[0.497275,-0.00349332,0.867586]],[[-0.296153,0.939245,0.173528],[-0.841614,-0.342517,0.417575],[0.451641,-0.0223777,0.891919]],[[-0.296153,0.939245,0.173528],[-0.951427,-0.306097,0.0330337],[0.0841432,-0.155316,0.984275]]],"btipPosition":[-12.4119,176.062,-0.324326],"carpPosition":[23.4308,172.282,81.306],"dipPosition":[-10.7871,173.063,18.6823],"direction":[-0.451641,0.0223777,-0.891919],"extended":false,"handId":107,"id":1070,"length":43.0013,"mcpPosition":[23.4308,172.282,81.306],"pipPosition":[1.91863,172.433,43.7741],"stabilizedTipPosition":[-9.55034,178.448,6.86346],"timeVisible":2.20535,"tipPosition":[-14.0776,175.1,5.05869],"tipVelocity":[3.72044,-15.2586,0.0387498],"tool":false,"touchDistance":0.280134,"touchZone":"hovering","type":0,"width":17.574},{"bases":[[[0.714424,0.563969,-0.41417],[-0.204977,0.734632,0.646761],[0.669016,-0.377166,0.64044]],[[0.61665,0.610082,-0.497536],[-0.556673,0.784805,0.272389],[0.556649,0.108996,0.823567]],[[0.61665,0.610082,-0.497536],[-0.782501,0.405783,-0.472264],[-0.0862285,0.680544,0.727616]],[[0.61665,0.610082,-0.497536],[-0.62516,-0.00461128,-0.780483],[-0.478453,0.792325,0.378555]]],"btipPosition":[-31.7241,187.691,-3.90107],"carpPosition":[22.1985,192.249,85.9734],"dipPosition":[-38.469,198.861,1.43556],"direction":[0.0862285,-0.680544,-0.727616],"extended":false,"handId":107,"id":1071,"length":48.5221,"mcpPosition":[-20.4564,216.297,45.1404],"pipPosition":[-40.1887,212.433,15.9464],"stabilizedTipPosition":[-32.892,194.715,-1.52535],"timeVisible":2.20535,"tipPosition":[-36.359,193.297,-3.95676],"tipVelocity":[3.62206,-15.0573,-5.0672],"tool":false,"touchDistance":0.302262,"touchZone":"hovering","type":1,"width":16.7867},{"bases":[[[0.822648,0.374272,-0.427985],[-0.0665066,0.810943,0.581333],[0.564648,-0.449769,0.692012]],[[0.733394,0.434774,-0.522595],[-0.0537064,0.803396,0.593018],[0.67768,-0.406849,0.612556]],[[0.733394,0.434774,-0.522595],[-0.195711,0.871232,0.450169],[0.651023,-0.227873,0.724046]],[[0.733394,0.434774,-0.522595],[-0.318678,0.898922,0.300638],[0.600482,-0.0539471,0.797817]]],"btipPosition":[-56.5811,249.037,-13.3328],"carpPosition":[29.0962,199.479,82.2285],"dipPosition":[-47.2705,248.2,-0.962379],"direction":[-0.651023,0.227873,-0.724046],"extended":true,"handId":107,"id":1072,"length":55.2871,"mcpPosition":[-5.04414,226.673,40.3873],"pipPosition":[-31.9956,242.854,16.0258],"stabilizedTipPosition":[-51.2642,252.015,-8.01838],"timeVisible":2.20535,"tipPosition":[-53.535,249.51,-10.7181],"tipVelocity":[-6.01356,-9.70642,-1.20469],"tool":false,"touchDistance":0.273176,"touchZone":"hovering","type":2,"width":16.4868},{"bases":[[[0.899431,0.241801,-0.364082],[0.0104715,0.82086,0.571034],[0.436936,-0.517418,0.735775]],[[0.824952,0.315638,-0.468857],[0.0646067,0.77144,0.633014],[0.561498,-0.552497,0.616008]],[[0.824952,0.315638,-0.468857],[-0.0429298,0.862133,0.50486],[0.56357,-0.396357,0.724769]],[[0.824952,0.315638,-0.468857],[-0.136258,0.916134,0.377003],[0.548533,-0.247124,0.798775]]],"btipPosition":[-28.3986,265.722,-13.8756],"carpPosition":[37.3583,204.397,77.6559],"dipPosition":[-19.9423,261.913,-1.56149],"direction":[-0.56357,0.396357,-0.724769],"extended":true,"handId":107,"id":1073,"length":53.16,"mcpPosition":[13.6389,232.485,37.7138],"pipPosition":[-7.06084,252.853,15.0045],"stabilizedTipPosition":[-23.2109,267.503,-8.47521],"timeVisible":2.20535,"tipPosition":[-25.4611,265.402,-11.1811],"tipVelocity":[-7.19935,-7.90626,-0.10515],"tool":false,"touchDistance":-0.290406,"touchZone":"touching","type":3,"width":15.6882},{"bases":[[[0.92978,0.0413141,-0.36579],[0.188799,0.799517,0.5702],[0.316012,-0.599221,0.735575]],[[0.911615,0.0731943,-0.404476],[0.220208,0.743932,0.630931],[0.347084,-0.664235,0.662061]],[[0.911615,0.0731943,-0.404476],[0.158097,0.845886,0.509393],[0.379426,-0.528317,0.759551]],[[0.911615,0.0731943,-0.404476],[0.100648,0.914316,0.392297],[0.398533,-0.398334,0.826137]]],"btipPosition":[9.82082,267.472,-9.44948],"carpPosition":[47.6183,203.79,70.8371],"dipPosition":[15.4888,261.807,2.29992],"direction":[-0.379426,0.528317,-0.759551],"extended":true,"handId":107,"id":1074,"length":41.6764,"mcpPosition":[31.7381,233.902,33.8731],"pipPosition":[21.612,253.281,14.5575],"stabilizedTipPosition":[14.8453,269.41,-2.70136],"timeVisible":2.20535,"tipPosition":[12.1189,266.257,-6.69295],"tipVelocity":[-7.84859,-3.53554,2.37454],"tool":false,"touchDistance":0.209132,"touchZone":"hovering","type":4,"width":13.9355}],"r":[[0.458985,0.8267,-0.325424],[-0.79838,0.544486,0.257148],[0.389773,0.141784,0.909931]],"s":1.21997,"t":[-151.385,61.3337,-1.64389],"timestamp":629914887605},{"currentFrameRate":55.3367,"devices":[],"gestures":[],"hands":[{"armBasis":[[0.728908,0.55202,-0.404929],[-0.125779,0.689385,0.713392],[0.672959,-0.469065,0.571931]],"armWidth":55.2759,"confidence":1,"direction":[-0.563433,0.56811,-0.599828],"elbow":[210.147,72.4171,223.383],"grabAngle":0.707974,"grabStrength":0,"id":107,"palmNormal":[0.106347,-0.670128,-0.734587],"palmPosition":[9.69459,212.831,49.8326],"palmVelocity":[-1.46122,-9.47368,-0.963818],"palmWidth":78.8548,"pinchDistance":26.8301,"pinchStrength":0.824584,"r":[[0.457211,0.827767,-0.325207],[-0.800003,0.542538,0.25622],[0.388527,0.14302,0.91027]],"s":1.22141,"sphereCenter":[-31.5181,202.803,29.8441],"sphereRadius":56.0459,"stabilizedPalmPosition":[11.6627,215.491,53.7353],"t":[-151.429,61.1888,-1.66359],"timeVisible":2.2234,"type":"right","wrist":[52.6813,182.174,89.5567]}],"id":39561,"interactionBox":{"center":[0,200,0],"size":[235.247,235.247,147.751]},"pointables":[{"bases":[[[0.124616,0.902455,0.412366],[-0.48703,-0.306457,0.817854],[0.864449,-0.302752,0.401333]],[[-0.299563,0.938229,0.173174],[-0.814021,-0.346014,0.466523],[0.497626,-0.00121449,0.867391]],[[-0.299563,0.938229,0.173174],[-0.840599,-0.345403,0.41724],[0.451282,-0.0205804,0.892144]],[[-0.299563,0.938229,0.173174],[-0.950468,-0.309245,0.0312857],[0.0829063,-0.155224,0.984394]]],"btipPosition":[-12.3226,175.779,-0.333071],"carpPosition":[23.5013,172.15,81.2974],"dipPosition":[-10.7217,172.782,18.6759],"direction":[-0.451282,0.0205804,-0.892144],"extended":false,"handId":107,"id":1070,"length":43.0013,"mcpPosition":[23.5013,172.15,81.2974],"pipPosition":[1.97393,172.203,43.774],"stabilizedTipPosition":[-9.57837,178.409,6.83053],"timeVisible":2.2234,"tipPosition":[-13.9268,174.861,5.00675],"tipVelocity":[4.64363,-15.6208,-0.455195],"tool":false,"touchDistance":0.279997,"touchZone":"hovering","type":0,"width":17.574},{"bases":[[[0.713056,0.566286,-0.413365],[-0.20797,0.733894,0.646644],[0.669552,-0.375126,0.641078]],[[0.615299,0.61207,-0.496766],[-0.558909,0.78313,0.272632],[0.555903,0.109897,0.823951]],[[0.615299,0.61207,-0.496766],[-0.783313,0.404003,-0.472443],[-0.0884733,0.679818,0.728025]],[[0.615299,0.61207,-0.496766],[-0.624551,-0.0059956,-0.780961],[-0.480981,0.790781,0.37858]]],"btipPosition":[-31.6491,187.429,-3.97111],"carpPosition":[22.2008,192.113,85.9662],"dipPosition":[-38.4297,198.577,1.36585],"direction":[0.0884733,-0.679817,-0.728025],"extended":false,"handId":107,"id":1071,"length":48.5221,"mcpPosition":[-20.4883,216.03,45.0925],"pipPosition":[-40.1941,212.135,15.8849],"stabilizedTipPosition":[-32.8965,194.648,-1.54278],"timeVisible":2.2234,"tipPosition":[-36.2578,192.977,-4.01985],"tipVelocity":[3.70352,-14.7826,-3.87713],"tool":false,"touchDistance":0.301095,"touchZone":"hovering","type":1,"width":16.7867},{"bases":[[[0.821895,0.376935,-0.427093],[-0.0696747,0.810652,0.581368],[0.565362,-0.448066,0.692534]],[[0.732605,0.437133,-0.521733],[-0.0552498,0.802178,0.594523],[0.678408,-0.406725,0.611831]],[[0.732605,0.437133,-0.521733],[-0.196727,0.869788,0.452512],[0.651605,-0.228874,0.723207]],[[0.732605,0.437133,-0.521733],[-0.319769,0.897699,0.303124],[0.600864,-0.0552359,0.79744]]],"btipPosition":[-56.6896,248.859,-13.3092],"carpPosition":[29.0794,199.365,82.2293],"dipPosition":[-47.3731,248.002,-0.944651],"direction":[-0.651605,0.228874,-0.723207],"extended":true,"handId":107,"id":1072,"length":55.2871,"mcpPosition":[-5.1041,226.457,40.3565],"pipPosition":[-32.0845,242.632,16.0239],"stabilizedTipPosition":[-51.2921,251.987,-8.03915],"timeVisible":2.2234,"tipPosition":[-53.6277,249.14,-10.791],"tipVelocity":[-5.93745,-10.1239,1.23126],"tool":false,"touchDistance":0.273546,"touchZone":"hovering","type":2,"width":16.4868},{"bases":[[[0.899033,0.2447,-0.363128],[0.00728206,0.820814,0.571149],[0.437821,-0.516126,0.736157]],[[0.824469,0.318279,-0.46792],[0.062678,0.770405,0.634467],[0.562425,-0.552427,0.615226]],[[0.824469,0.318279,-0.46792],[-0.0445278,0.860772,0.507039],[0.564153,-0.397203,0.723852]],[[0.824469,0.318279,-0.46792],[-0.137735,0.914844,0.37959],[0.54889,-0.248511,0.798099]]],"btipPosition":[-28.5274,265.603,-13.8262],"carpPosition":[37.3306,204.31,77.6657],"dipPosition":[-20.0656,261.772,-1.52257],"direction":[-0.564153,0.397203,-0.723852],"extended":true,"handId":107,"id":1073,"length":53.16,"mcpPosition":[13.5631,232.328,37.7029],"pipPosition":[-7.17078,252.693,15.0225],"stabilizedTipPosition":[-23.2553,267.466,-8.50843],"timeVisible":2.2234,"tipPosition":[-25.6028,265.122,-11.2251],"tipVelocity":[-7.06414,-6.86309,2.60156],"tool":false,"touchDistance":-0.288995,"touchZone":"touching","type":3,"width":15.6882},{"bases":[[[0.930019,0.0443112,-0.364831],[0.185678,0.800037,0.570495],[0.317157,-0.598312,0.735822]],[[0.911686,0.0763117,-0.40374],[0.217983,0.7431,0.632681],[0.3483,-0.664815,0.660839]],[[0.911686,0.0763117,-0.40374],[0.156021,0.844715,0.511971],[0.380115,-0.529749,0.758208]],[[0.911686,0.0763117,-0.40374],[0.0985881,0.913272,0.395241],[0.398886,-0.400139,0.825093]]],"btipPosition":[9.69277,267.439,-9.36944],"carpPosition":[47.5994,203.737,70.8573],"dipPosition":[15.3658,261.748,2.36511],"direction":[-0.380115,0.529749,-0.758208],"extended":true,"handId":107,"id":1074,"length":41.6764,"mcpPosition":[31.6617,233.803,33.881],"pipPosition":[21.5,253.199,14.6011],"stabilizedTipPosition":[14.8267,269.394,-2.72053],"timeVisible":2.2234,"tipPosition":[11.9719,266.101,-6.70076],"tipVelocity":[-7.03158,-2.17935,4.24602],"tool":false,"touchDistance":0.21041,"touchZone":"hovering","type":4,"width":13.9355}],"r":[[0.457211,0.827767,-0.325207],[-0.800003,0.542538,0.25622],[0.388527,0.14302,0.91027]],"s":1.22141,"t":[-151.429,61.1888,-1.66359],"timestamp":629914905651},{"currentFrameRate":55.3336,"devices":[],"gestures":[],"hands":[{"armBasis":[[0.728103,0.553762,-0.403997],[-0.12714,0.688248,0.714248],[0.673574,-0.468682,0.571521]],"armWidth":55.2759,"confidence":1,"direction":[-0.564419,0.565248,-0.601604],"elbow":[210.41,72.4412,223.31],"grabAngle":0.703878,"grabStrength":0,"id":107,"palmNormal":[0.109642,-0.670995,-0.73331],"palmPosition":[9.77235,212.583,49.762],"palmVelocity":[4.3002,-13.7279,-3.90485],"palmWidth":78.8548,"pinchDistance":26.8982,"pinchStrength":0.82267,"r":[[0.455339,0.82881,-0.325178],[-0.801729,0.540532,0.255059],[0.387165,0.144566,0.910606]],"s":1.223,"sphereCenter":[-31.4176,202.755,29.9204],"sphereRadius":55.995,"stabilizedPalmPosition":[11.6511,215.473,53.7109],"t":[-151.413,60.9922,-1.70875],"timeVisible":2.24148,"type":"right","wrist":[52.7999,182.108,89.5793]}],"id":39562,"interactionBox":{"center":[0,200,0],"size":[235.247,235.247,147.751]},"pointables":[{"bases":[[[0.121029,0.903547,0.411042],[-0.487223,-0.306702,0.817648],[0.86485,-0.299228,0.403109]],[[-0.303288,0.937446,0.170914],[-0.812927,-0.348121,0.466864],[0.497158,0.00265369,0.867656]],[[-0.303288,0.937446,0.170914],[-0.84007,-0.347701,0.416396],[0.449776,-0.0172919,0.892974]],[[-0.303288,0.937446,0.170914],[-0.949471,-0.312497,0.029173],[0.0807583,-0.15343,0.984854]]],"btipPosition":[-12.0531,175.335,-0.359226],"carpPosition":[23.6668,172,81.315],"dipPosition":[-10.4936,172.372,18.6586],"direction":[-0.449776,0.0172919,-0.892974],"extended":false,"handId":107,"id":1070,"length":43.0013,"mcpPosition":[23.6668,172,81.315],"pipPosition":[2.1596,171.886,43.78],"stabilizedTipPosition":[-9.60806,178.356,6.79103],"timeVisible":2.24148,"tipPosition":[-13.6516,174.461,4.96208],"tipVelocity":[14.3774,-24.1402,-1.33346],"tool":false,"touchDistance":0.279595,"touchZone":"hovering","type":0,"width":17.574},{"bases":[[[0.711793,0.567949,-0.413261],[-0.211344,0.734279,0.645111],[0.669839,-0.371845,0.642687]],[[0.614327,0.613149,-0.496639],[-0.561584,0.781898,0.270666],[0.55428,0.112627,0.824675]],[[0.614327,0.613149,-0.496639],[-0.78382,0.401854,-0.473433],[-0.0907082,0.680119,0.727468]],[[0.614327,0.613149,-0.496639],[-0.623978,-0.0077462,-0.781404],[-0.482964,0.789929,0.377832]]],"btipPosition":[-31.4446,186.983,-4.09549],"carpPosition":[22.2935,191.967,85.9485],"dipPosition":[-38.2531,198.119,1.23094],"direction":[0.0907082,-0.680119,-0.727468],"extended":false,"handId":107,"id":1071,"length":48.5221,"mcpPosition":[-20.4139,215.675,44.9722],"pipPosition":[-40.0621,211.682,15.7389],"stabilizedTipPosition":[-32.8983,194.567,-1.56372],"timeVisible":2.24148,"tipPosition":[-36.024,192.478,-4.12031],"tipVelocity":[10.9514,-24.8507,-7.01205],"tool":false,"touchDistance":0.298982,"touchZone":"hovering","type":1,"width":16.7867},{"bases":[[[0.821276,0.378935,-0.426512],[-0.073207,0.811384,0.579911],[0.565814,-0.445043,0.694111]],[[0.731964,0.43866,-0.52135],[-0.0566697,0.801725,0.595001],[0.678982,-0.405975,0.611692]],[[0.731964,0.43866,-0.52135],[-0.197131,0.868799,0.454233],[0.652202,-0.229707,0.722403]],[[0.731964,0.43866,-0.52135],[-0.320044,0.896869,0.305283],[0.601499,-0.0566012,0.796866]]],"btipPosition":[-56.6894,248.557,-13.391],"carpPosition":[29.1537,199.235,82.2096],"dipPosition":[-47.363,247.679,-1.03538],"direction":[-0.652202,0.229707,-0.722403],"extended":true,"handId":107,"id":1072,"length":55.2871,"mcpPosition":[-5.05721,226.144,40.2414],"pipPosition":[-32.0605,242.29,15.9143],"stabilizedTipPosition":[-51.3218,251.954,-8.06209],"timeVisible":2.24148,"tipPosition":[-53.5985,248.577,-11.0062],"tipVelocity":[0.135712,-16.9747,-4.6385],"tool":false,"touchDistance":0.272149,"touchZone":"hovering","type":2,"width":16.4868},{"bases":[[[0.898755,0.247062,-0.362214],[0.00373081,0.821784,0.569788],[0.438435,-0.513451,0.737661]],[[0.824152,0.320181,-0.467181],[0.0605993,0.770285,0.634814],[0.563118,-0.551494,0.615429]],[[0.824152,0.320181,-0.467181],[-0.045943,0.859946,0.508313],[0.564502,-0.397463,0.723436]],[[0.824152,0.320181,-0.467181],[-0.13875,0.913874,0.381553],[0.54911,-0.249636,0.797596]]],"btipPosition":[-28.533,265.336,-13.9139],"carpPosition":[37.3952,204.199,77.6499],"dipPosition":[-20.0678,261.488,-1.618],"direction":[-0.564502,0.397463,-0.723436],"extended":true,"handId":107,"id":1073,"length":53.16,"mcpPosition":[13.5944,232.072,37.6054],"pipPosition":[-7.16498,252.403,14.9175],"stabilizedTipPosition":[-23.3046,267.422,-8.54661],"timeVisible":2.24148,"tipPosition":[-25.6222,264.652,-11.4294],"tipVelocity":[-0.266263,-14.9787,-4.94752],"tool":false,"touchDistance":-0.289771,"touchZone":"touching","type":3,"width":15.6882},{"bases":[[[0.930405,0.0467742,-0.363536],[0.182195,0.801594,0.569431],[0.318043,-0.596036,0.737286]],[[0.91182,0.0789774,-0.402923],[0.215622,0.74301,0.633595],[0.349415,-0.664604,0.660463]],[[0.91182,0.0789774,-0.402923],[0.154065,0.843812,0.514047],[0.380589,-0.530795,0.757237]],[[0.91182,0.0789774,-0.402923],[0.0967992,0.912316,0.397882],[0.399016,-0.4018,0.824223]]],"btipPosition":[9.68269,267.271,-9.4037],"carpPosition":[47.6759,203.649,70.8576],"dipPosition":[15.3575,261.556,2.31848],"direction":[-0.380589,0.530795,-0.757237],"extended":true,"handId":107,"id":1074,"length":41.6764,"mcpPosition":[31.6936,233.601,33.8077],"pipPosition":[21.4995,252.99,14.5388],"stabilizedTipPosition":[14.8054,269.375,-2.74267],"timeVisible":2.24148,"tipPosition":[11.9443,265.768,-6.85481],"tipVelocity":[-0.533817,-9.59477,-2.05196],"tool":false,"touchDistance":0.209791,"touchZone":"hovering","type":4,"width":13.9355}],"r":[[0.455339,0.82881,-0.325178],[-0.8017