{"frames":50,"data":[{"currentFrameRate":55.3362,"devices":[],"gestures":[],"hands":[{"armBasis":[[0.681668,0.653744,-0.328554],[-0.240917,0.624562,0.742887],[0.69086,-0.427248,0.583242]],"armWidth":55.2734,"confidence":1,"direction":[-0.450778,0.739812,-0.499477],"elbow":[177.942,85.7821,193.163],"grabAngle":1.33252,"grabStrength":0.166854,"id":107,"palmNormal":[0.15404,-0.486686,-0.859888],"palmPosition":[-19.1047,225.331,22.0486],"palmVelocity":[7.48048,-4.00065,8.08918],"palmWidth":78.1236,"pinchDistance":42.6359,"pinchStrength":0.368963,"r":[[0.475384,0.866458,-0.152514],[-0.792192,0.496981,0.354177],[0.382676,-0.0475497,0.922658]],"s":1.06646,"sphereCenter":[-7.82525,217.891,-37.765],"sphereRadius":61.1826,"stabilizedPalmPosition":[-28.0637,226.357,69.4908],"t":[-180.387,73.6248,-29.5491],"timeVisible":7.88143,"type":"right","wrist":[17.7863,184.827,57.9559]}],"id":39873,"interactionBox":{"center":[0,200,0],"size":[235.247,235.247,147.751]},"pointables":[{"bases":[[[0.128067,0.766604,0.62922],[-0.600577,-0.444943,0.664329],[0.789244,-0.462973,0.403422]],[[-0.277772,0.895217,0.348468],[-0.750061,-0.428749,0.503569],[0.600209,-0.121495,0.790562]],[[-0.277772,0.895217,0.348468],[-0.781577,-0.421512,0.459854],[0.558552,-0.144619,0.816765]],[[-0.277772,0.895217,0.348468],[-0.83412,-0.4047,0.374781],[0.476535,-0.18656,0.859133]]],"btipPosition":[-63.651,191.072,-31.6097],"carpPosition":[-11.7899,177.818,43.7802],"dipPosition":[-53.9979,187.293,-14.2063],"direction":[-0.558552,0.144619,-0.816765],"extended":true,"handId":107,"id":1070,"length":45.1091,"mcpPosition":[-11.7899,177.818,43.7802],"pipPosition":[-37.5143,183.025,9.89752],"stabilizedTipPosition":[-64.7611,192.869,-27.0699],"timeVisible":7.88143,"tipPosition":[-58.6844,191.655,-28.3468],"tipVelocity":[10.2934,-1.84406,1.26901],"tool":false,"touchDistance":-0.25942,"touchZone":"touching","type":0,"width":17.6444},{"bases":[[[0.791076,0.582179,-0.187793],[-0.240154,0.577917,0.77996],[0.562605,-0.571908,0.596989]],[[0.76362,0.608542,-0.215781],[-0.467782,0.751786,0.464756],[0.445044,-0.253958,0.858744]],[[0.76362,0.608542,-0.215781],[-0.644123,0.741082,-0.189478],[0.0446063,0.283678,0.957881]],[[0.76362,0.608542,-0.215781],[-0.592735,0.528192,-0.608011],[-0.256027,0.59219,0.764042]]],"btipPosition":[-61.663,226.879,-48.0839],"carpPosition":[-12.4288,196.003,52.8975],"dipPosition":[-65.4492,235.637,-36.7849],"direction":[-0.0446064,-0.283678,-0.957881],"extended":false,"handId":107,"id":1071,"length":50.9006,"mcpPosition":[-47.9666,232.128,15.1877],"pipPosition":[-64.516,241.572,-16.7455],"stabilizedTipPosition":[-64.1135,230.999,-45.9037],"timeVisible":7.88143,"tipPosition":[-66.3076,235.593,-45.104],"tipVelocity":[15.9377,-7.54492,9.01153],"tool":false,"touchDistance":-0.271041,"touchZone":"touching","type":1,"width":16.8539},{"bases":[[[0.889085,0.392452,-0.235605],[-0.0905459,0.655325,0.7499],[0.448698,-0.645392,0.618175]],[[0.871213,0.416927,-0.259152],[-0.124039,0.697736,0.705534],[0.474976,-0.582526,0.659592]],[[0.871213,0.416927,-0.259152],[-0.33661,0.891619,0.302836],[0.357325,-0.176602,0.917132]],[[0.871213,0.416927,-0.259152],[-0.446881,0.89207,-0.0671451],[0.203187,0.174308,0.9635]]],"btipPosition":[-63.5847,267.7,-51.0217],"carpPosition":[-4.79097,203.225,51.7715],"dipPosition":[-60.2798,270.535,-35.3501],"direction":[-0.357325,0.176602,-0.917132],"extended":true,"handId":107,"id":1072,"length":57.9972,"mcpPosition":[-31.6691,241.886,14.7413],"pipPosition":[-51.4849,266.189,-12.7767],"stabilizedTipPosition":[-63.9337,271.874,-47.2282],"timeVisible":7.88143,"tipPosition":[-63.4412,273.664,-45.2703],"tipVelocity":[7.1453,3.06829,10.3913],"tool":false,"touchDistance":-0.27806,"touchZone":"touching","type":2,"width":16.5528},{"bases":[[[0.949703,0.242674,-0.197924],[-0.0124438,0.660782,0.750475],[0.312905,-0.710265,0.630566]],[[0.940605,0.262391,-0.215435],[-0.0454745,0.726218,0.685959],[0.336443,-0.63542,0.695017]],[[0.940605,0.262391,-0.215435],[-0.206707,0.946004,0.249699],[0.269322,-0.190336,0.944054]],[[0.940605,0.262391,-0.215435],[-0.298431,0.941567,-0.156178],[0.161867,0.211195,0.963948]]],"btipPosition":[-34.7602,272.227,-49.5732],"carpPosition":[4.15495,208.306,49.4428],"dipPosition":[-32.1425,275.642,-33.9844],"direction":[-0.269322,0.190336,-0.944054],"extended":true,"handId":107,"id":1073,"length":55.7658,"mcpPosition":[-12.6738,246.505,15.5294],"pipPosition":[-25.6849,271.079,-11.3485],"stabilizedTipPosition":[-34.6202,273.082,-47.5059],"timeVisible":7.88143,"tipPosition":[-32.5482,271.577,-46.3532],"tipVelocity":[4.32488,13.9754,16.033],"tool":false,"touchDistance":-0.262527,"touchZone":"touching","type":3,"width":15.751},{"bases":[[[0.968449,0.0462991,-0.244874],[0.163115,0.625119,0.763295],[0.188415,-0.779155,0.597844]],[[0.981313,-0.0227549,-0.191069],[0.103568,0.899338,0.424812],[0.162169,-0.436662,0.884888]],[[0.981313,-0.0227549,-0.191069],[-0.0460914,0.936277,-0.348225],[0.186817,0.350524,0.917732]],[[0.981313,-0.0227549,-0.191069],[-0.127644,0.666063,-0.734892],[0.143987,0.745548,0.650712]]],"btipPosition":[-4.63434,243.534,-38.2385],"carpPosition":[15.0201,208.436,43.8522],"dipPosition":[-2.48616,254.657,-28.5303],"direction":[-0.186817,-0.350524,-0.917732],"extended":false,"handId":107,"id":1074,"length":43.7194,"mcpPosition":[5.63967,247.227,14.088],"pipPosition":[0.676477,260.591,-12.994],"stabilizedTipPosition":[-5.07629,241.92,-34.7691],"timeVisible":7.88143,"tipPosition":[-3.32934,239.511,-33.586],"tipVelocity":[11.1174,39.0023,1.29129],"tool":false,"touchDistance":-0.294006,"touchZone":"touching","type":4,"width":13.9913}],"r":[[0.475384,0.866458,-0.152514],[-0.792192,0.496981,0.354177],[0.382676,-0.0475497,0.922658]],"s":1.06646,"t":[-180.387,73.6248,-29.5491],"timestamp":629920563685},{"currentFrameRate":55.3315,"devices":[],"gestures":[],"hands":[{"armBasis":[[0.681781,0.654635,-0.326538],[-0.242516,0.623371,0.743367],[0.690189,-0.427622,0.583762]],"armWidth":55.2734,"confidence":1,"direction":[-0.449522,0.740238,-0.499978],"elbow":[178.041,85.6188,193.473],"grabAngle":1.32796,"grabStrength":0.164012,"id":107,"palmNormal":[0.156273,-0.485915,-0.859921],"palmPosition":[-18.7674,225.284,22.1869],"palmVelocity":[18.6418,-2.58168,7.65021],"palmWidth":78.1236,"pinchDistance":42.6902,"pinchStrength":0.367422,"r":[[0.475143,0.866733,-0.151701],[-0.792494,0.496448,0.35425],[0.382352,-0.048097,0.922764]],"s":1.06712,"sphereCenter":[-7.28396,217.891,-37.6904],"sphereRadius":61.3034,"stabilizedPalmPosition":[-28.0012,226.35,69.1726],"t":[-180.162,73.5608,-29.439],"timeVisible":7.89952,"type":"right","wrist":[18.0408,184.751,58.1452]}],"id":39874,"interactionBox":{"center":[0,200,0],"size":[235.247,235.247,147.751]},"pointables":[{"bases":[[[0.126414,0.766049,0.630229],[-0.602266,-0.445558,0.662385],[0.788223,-0.4633,0.40504]],[[-0.278768,0.894897,0.348493],[-0.751024,-0.429306,0.501657],[0.598541,-0.121881,0.791766]],[[-0.278768,0.894897,0.348493],[-0.782147,-0.422125,0.458319],[0.557256,-0.144808,0.817616]],[[-0.278768,0.894897,0.348493],[-0.834326,-0.405382,0.373585],[0.475593,-0.186613,0.859644]]],"btipPosition":[-63.2389,191.03,-31.5818],"carpPosition":[-11.5066,177.752,43.8951],"dipPosition":[-53.6049,187.249,-14.1681],"direction":[-0.557256,0.144808,-0.817616],"extended":true,"handId":107,"id":1070,"length":45.1091,"mcpPosition":[-11.5066,177.752,43.8951],"pipPosition":[-37.1595,182.976,9.96082],"stabilizedTipPosition":[-64.6682,192.802,-27.0825],"timeVisible":7.89952,"tipPosition":[-58.2304,191.644,-28.3361],"tipVelocity":[22.5385,-2.36478,1.66947],"tool":false,"touchDistance":-0.258917,"touchZone":"touching","type":0,"width":17.6444},{"bases":[[[0.791532,0.582378,-0.185239],[-0.242185,0.577214,0.779853],[0.561091,-0.572416,0.597927]],[[0.763752,0.609124,-0.213662],[-0.468429,0.750732,0.465806],[0.444137,-0.255675,0.858704]],[[0.763752,0.609124,-0.213662],[-0.644124,0.740834,-0.190447],[0.0422826,0.283079,0.958164]],[[0.763752,0.609124,-0.213662],[-0.591502,0.527863,-0.609496],[-0.258474,0.591886,0.763454]]],"btipPosition":[-61.1898,226.919,-48.0095],"carpPosition":[-12.1698,195.929,53.0268],"dipPosition":[-65.0122,235.672,-36.7192],"direction":[-0.0422826,-0.283079,-0.958164],"extended":false,"handId":107,"id":1071,"length":50.9006,"mcpPosition":[-47.612,232.086,15.2579],"pipPosition":[-64.1276,241.594,-16.6738],"stabilizedTipPosition":[-63.887,230.77,-45.8493],"timeVisible":7.89952,"tipPosition":[-65.781,235.574,-45.0792],"tipVelocity":[25.7008,2.10538,4.00397],"tool":false,"touchDistance":-0.269833,"touchZone":"touching","type":1,"width":16.8539},{"bases":[[[0.889672,0.392697,-0.232967],[-0.0925035,0.654655,0.750247],[0.447133,-0.645923,0.618753]],[[0.87204,0.416956,-0.256309],[-0.125597,0.696789,0.706194],[0.473045,-0.583638,0.659996]],[[0.87204,0.416956,-0.256309],[-0.336446,0.891016,0.304786],[0.355458,-0.179551,0.917285]],[[0.87204,0.416956,-0.256309],[-0.445821,0.8928,-0.0644349],[0.201967,0.170458,0.964445]]],"btipPosition":[-63.083,267.841,-50.9369],"carpPosition":[-4.52936,203.153,51.9269],"dipPosition":[-59.7979,270.614,-35.2499],"direction":[-0.355458,0.179551,-0.917285],"extended":true,"handId":107,"id":1072,"length":57.9972,"mcpPosition":[-31.3137,241.845,14.8621],"pipPosition":[-51.049,266.194,-12.6728],"stabilizedTipPosition":[-63.898,271.799,-47.2305],"timeVisible":7.89952,"tipPosition":[-62.9279,273.635,-45.2193],"tipVelocity":[27.483,6.99227,4.8828],"tool":false,"touchDistance":-0.276588,"touchZone":"touching","type":2,"width":16.5528},{"bases":[[[0.950199,0.242888,-0.195263],[-0.0144033,0.660114,0.751027],[0.311311,-0.710813,0.630738]],[[0.941356,0.262182,-0.212391],[-0.0466321,0.724514,0.687681],[0.334178,-0.637448,0.694251]],[[0.941356,0.262182,-0.212391],[-0.206099,0.94518,0.253293],[0.267157,-0.194665,0.943786]],[[0.941356,0.262182,-0.212391],[-0.296821,0.9428,-0.15174],[0.160459,0.205884,0.965332]]],"btipPosition":[-34.2448,272.454,-49.3858],"carpPosition":[4.4223,208.236,49.6258],"dipPosition":[-31.6499,275.784,-33.7746],"direction":[-0.267157,0.194665,-0.943786],"extended":true,"handId":107,"id":1073,"length":55.7658,"mcpPosition":[-12.3208,246.465,15.7032],"pipPosition":[-25.2442,271.116,-11.1451],"stabilizedTipPosition":[-34.6093,273.084,-47.4867],"timeVisible":7.89952,"tipPosition":[-32.0582,271.612,-46.2025],"tipVelocity":[28.1993,11.4839,10.6456],"tool":false,"touchDistance":-0.259317,"touchZone":"touching","type":3,"width":15.751},{"bases":[[[0.969074,0.0465557,-0.242339],[0.161123,0.624447,0.764268],[0.186909,-0.779679,0.597634]],[[0.981928,-0.0235299,-0.187785],[0.103545,0.897353,0.428994],[0.158416,-0.440685,0.883573]],[[0.981928,-0.0235299,-0.187785],[-0.042535,0.939417,-0.340126],[0.184412,0.341967,0.921439]],[[0.981928,-0.0235299,-0.187785],[-0.122976,0.674882,-0.727606],[0.143853,0.73755,0.659792]]],"btipPosition":[-4.12006,243.883,-38.1749],"carpPosition":[15.3018,208.372,44.0633],"dipPosition":[-1.97387,254.887,-28.3313],"direction":[-0.184412,-0.341967,-0.921439],"extended":false,"handId":107,"id":1074,"length":43.7194,"mcpPosition":[5.99635,247.189,14.3096],"pipPosition":[1.14804,260.676,-12.7322],"stabilizedTipPosition":[-4.97376,242.238,-34.8498],"timeVisible":7.89952,"tipPosition":[-2.86653,239.665,-33.449],"tipVelocity":[28.4051,17.758,5.23791],"tool":false,"touchDistance":-0.291517,"touchZone":"touching","type":4,"width":13.9913}],"r":[[0.475143,0.866733,-0.151701],[-0.792494,0.496448,0.35425],[0.382352,-0.048097,0.922764]],"s":1.06712,"t":[-180.162,73.5608,-29.439],"timestamp":629920581774},{"currentFrameRate":55.3352,"devices":[],"gestures":[],"hands":[{"armBasis":[[0.683698,0.652353,-0.327098],[-0.241857,0.625445,0.741838],[0.688522,-0.428082,0.585392]],"armWidth":55.2734,"confidence":1,"direction":[-0.443961,0.741681,-0.502799],"elbow":[177.936,85.4629,194.057],"grabAngle":1.31938,"grabStrength":0.1574,"id":107,"palmNormal":[0.156953,-0.488088,-0.858566],"palmPosition":[-18.1781,225.345,22.2059],"palmVelocity":[32.632,3.37502,1.04945],"palmWidth":78.1236,"pinchDistance":43.1576,"pinchStrength":0.354159,"r":[[0.475932,0.866425,-0.150982],[-0.792493,0.496933,0.35357],[0.38137,-0.0486238,0.923143]],"s":1.06922,"sphereCenter":[-6.45152,217.924,-37.7279],"sphereRadius":61.505,"stabilizedPalmPosition":[-27.9047,226.34,68.7113],"t":[-179.754,73.5593,-29.3745],"timeVisible":7.91758,"type":"right","wrist":[18.3222,184.701,58.3513]}],"id":39875,"interactionBox":{"center":[0,200,0],"size":[235.247,235.247,147.751]},"pointables":[{"bases":[[[0.127978,0.766422,0.629459],[-0.606912,-0.441447,0.660895],[0.784397,-0.466606,0.408656]],[[-0.27547,0.896851,0.346085],[-0.753744,-0.424954,0.501283],[0.596646,-0.122771,0.793058]],[[-0.27547,0.896851,0.346085],[-0.783996,-0.417931,0.459003],[0.556297,-0.144887,0.818255]],[[-0.27547,0.896851,0.346085],[-0.83501,-0.401615,0.376116],[0.476313,-0.185376,0.859512]]],"btipPosition":[-62.8735,191.105,-31.532],"carpPosition":[-11.2361,177.812,44.0165],"dipPosition":[-53.2249,187.35,-14.121],"direction":[-0.556297,0.144887,-0.818255],"extended":true,"handId":107,"id":1070,"length":45.1091,"mcpPosition":[-11.2361,177.812,44.0165],"pipPosition":[-36.8078,183.074,10.0268],"stabilizedTipPosition":[-64.5519,192.728,-27.0954],"timeVisible":7.91758,"tipPosition":[-57.6821,191.793,-28.3906],"tipVelocity":[20.4214,4.50812,2.72409],"tool":false,"touchDistance":-0.258097,"touchZone":"touching","type":0,"width":17.6444},{"bases":[[[0.795127,0.578084,-0.18328],[-0.242111,0.579688,0.778039],[0.556017,-0.574265,0.600886]],[[0.767646,0.604868,-0.211788],[-0.463575,0.75226,0.46819],[0.442513,-0.261225,0.857872]],[[0.767646,0.604868,-0.211788],[-0.639271,0.746064,-0.186335],[0.0452991,0.278429,0.959388]],[[0.767646,0.604868,-0.211788],[-0.58865,0.534812,-0.606191],[-0.253399,0.590009,0.766602]]],"btipPosition":[-60.6182,227.445,-48.1478],"carpPosition":[-11.8409,196.007,53.1166],"dipPosition":[-64.3655,236.17,-36.811],"direction":[-0.0452991,-0.278429,-0.959388],"extended":false,"handId":107,"id":1071,"length":50.9006,"mcpPosition":[-46.9626,232.281,15.1607],"pipPosition":[-63.4178,241.995,-16.74],"stabilizedTipPosition":[-63.5881,230.606,-45.811],"timeVisible":7.91758,"tipPosition":[-64.796,235.582,-45.2562],"tipVelocity":[32.6079,28.789,-7.06881],"tool":false,"touchDistance":-0.271961,"touchZone":"touching","type":1,"width":16.8539},{"bases":[[[0.892482,0.387835,-0.230347],[-0.0919341,0.656326,0.748855],[0.441615,-0.647164,0.621414]],[[0.87563,0.411383,-0.253054],[-0.122298,0.695718,0.707827],[0.467242,-0.588847,0.659503]],[[0.87563,0.411383,-0.253054],[-0.329376,0.891826,0.310094],[0.353248,-0.188178,0.916409]],[[0.87563,0.411383,-0.253054],[-0.437915,0.897227,-0.056697],[0.203723,0.160462,0.965789]]],"btipPosition":[-62.1153,268.545,-50.97],"carpPosition":[-4.16021,203.19,52.033],"dipPosition":[-58.8017,271.155,-35.2611],"direction":[-0.353248,0.188178,-0.916409],"extended":true,"handId":107,"id":1072,"length":57.9972,"mcpPosition":[-30.614,241.957,14.8088],"pipPosition":[-50.1072,266.524,-12.7055],"stabilizedTipPosition":[-63.7463,271.641,-47.238],"timeVisible":7.91758,"tipPosition":[-61.8312,273.646,-45.5053],"tipVelocity":[53.9454,36.9266,-1.55056],"tool":false,"touchDistance":-0.277055,"touchZone":"touching","type":2,"width":16.5528},{"bases":[[[0.952116,0.237784,-0.192182],[-0.0138108,0.661393,0.749912],[0.305425,-0.711349,0.633007]],[[0.943969,0.255951,-0.208354],[-0.0433421,0.721984,0.690551],[0.327176,-0.642828,0.692624]],[[0.943969,0.255951,-0.208354],[-0.198722,0.944842,0.260353],[0.2635,-0.204361,0.942764]],[[0.943969,0.255951,-0.208354],[-0.288661,0.946345,-0.145276],[0.159992,0.19728,0.967204]]],"btipPosition":[-33.1592,273.052,-49.32],"carpPosition":[4.82529,208.224,49.7565],"dipPosition":[-30.5719,276.242,-33.6785],"direction":[-0.2635,0.204361,-0.942764],"extended":true,"handId":107,"id":1073,"length":55.7658,"mcpPosition":[-11.6012,246.482,15.7118],"pipPosition":[-24.2539,271.342,-11.0735],"stabilizedTipPosition":[-34.5308,273.111,-47.4191],"timeVisible":7.91758,"tipPosition":[-31.0443,271.708,-46.2842],"tipVelocity":[60.017,31.3058,4.02881],"tool":false,"touchDistance":-0.258105,"touchZone":"touching","type":3,"width":15.751},{"bases":[[[0.970173,0.0412835,-0.238874],[0.161484,0.624864,0.763851],[0.180798,-0.779641,0.599559]],[[0.982601,-0.0298408,-0.183319],[0.107306,0.896821,0.429183],[0.151597,-0.441387,0.884419]],[[0.982601,-0.0298408,-0.183319],[-0.034513,0.940483,-0.338084],[0.182497,0.338529,0.923089]],[[0.982601,-0.0298408,-0.183319],[-0.114881,0.677904,-0.726119],[0.14594,0.734544,0.662681]]],"btipPosition":[-3.18216,243.931,-38.1974],"carpPosition":[15.7255,208.297,44.2335],"dipPosition":[-1.00484,254.889,-28.3107],"direction":[-0.182497,-0.338529,-0.923089],"extended":false,"handId":107,"id":1074,"length":43.7194,"mcpPosition":[6.72428,247.112,14.384],"pipPosition":[2.08466,260.62,-12.6837],"stabilizedTipPosition":[-4.75104,242.647,-34.9541],"timeVisible":7.91758,"tipPosition":[-2.00964,239.629,-33.4215],"tipVelocity":[52.3316,2.07207,-0.700085],"tool":false,"touchDistance":-0.290889,"touchZone":"touching","type":4,"width":13.9913}],"r":[[0.475932,0.866425,-0.150982],[-0.792493,0.496933,0.35357],[0.38137,-0.0486238,0.923143]],"s":1.06922,"t":[-179.754,73.5593,-29.3745],"timestamp":629920599833},{"currentFrameRate":55.3401,"devices":[],"gestures":[],"hands":[{"armBasis":[[0.686978,0.64726,-0.330327],[-0.239582,0.630894,0.737952],[0.686048,-0.427817,0.588482]],"armWidth":55.2734,"confidence":1,"direction":[-0.435234,0.745006,-0.505506],"elbow":[177.825,85.1255,194.823],"grabAngle":1.31073,"grabStrength":0.151902,"id":107,"palmNormal":[0.155163,-0.491005,-0.857227],"palmPosition":[-17.2494,225.182,22.0581],"palmVelocity":[51.4479,-9.01026,-8.18896],"palmWidth":78.1236,"pinchDistance":44.0116,"pinchStrength":0.329922,"r":[[0.478305,0.865223,-0.150375],[-0.791782,0.498941,0.352333],[0.379875,-0.0494586,0.923715]],"s":1.07243,"sphereCenter":[-5.29521,217.696,-37.9677],"sphereRadius":61.7549,"stabilizedPalmPosition":[-27.7247,226.32,67.9233],"t":[-179.086,73.4772,-29.4162],"timeVisible":7.93564,"type":"right","wrist":[18.7849,184.302,58.4005]}],"id":39876,"interactionBox":{"center":[0,200,0],"size":[235.247,235.247,147.751]},"pointables":[{"bases":[[[0.133154,0.766238,0.62861],[-0.613263,-0.434555,0.659599],[0.778575,-0.473331,0.412042]],[[-0.268439,0.900022,0.343368],[-0.757499,-0.417428,0.501946],[0.595093,-0.125359,0.793819]],[[-0.268439,0.900022,0.343368],[-0.787095,-0.41043,0.460466],[0.555358,-0.146656,0.818578]],[[-0.268439,0.900022,0.343368],[-0.836564,-0.394537,0.380132],[0.477599,-0.185207,0.858835]]],"btipPosition":[-62.4001,191.076,-31.6064],"carpPosition":[-10.831,177.623,43.9705],"dipPosition":[-52.7255,187.324,-14.2091],"direction":[-0.555358,0.146656,-0.818578],"extended":true,"handId":107,"id":1070,"length":45.1091,"mcpPosition":[-10.831,177.623,43.9705],"pipPosition":[-36.3361,182.996,9.9482],"stabilizedTipPosition":[-64.3956,192.638,-27.1136],"timeVisible":7.93564,"tipPosition":[-56.9814,191.879,-28.5896],"tipVelocity":[26.5516,-1.60072,-4.29652],"tool":false,"touchDistance":-0.25939,"touchZone":"touching","type":0,"width":17.6444},{"bases":[[[0.801179,0.570209,-0.181587],[-0.239181,0.583272,0.776264],[0.548547,-0.578494,0.603689]],[[0.77453,0.596751,-0.209742],[-0.453457,0.755016,0.473632],[0.440998,-0.271733,0.855384]],[[0.77453,0.596751,-0.209742],[-0.630135,0.756807,-0.173703],[0.0550765,0.266704,0.962204]],[[0.77453,0.596751,-0.209742],[-0.585256,0.550302,-0.595519],[-0.239955,0.584,0.775478]]],"btipPosition":[-59.9458,228.268,-48.5007],"carpPosition":[-11.2933,195.838,53.0384],"dipPosition":[-63.4943,236.904,-37.0327],"direction":[-0.0550765,-0.266704,-0.962204],"extended":false,"handId":107,"id":1071,"length":50.9006,"mcpPosition":[-45.9431,232.379,14.9055],"pipPosition":[-62.3421,242.484,-16.9028],"stabilizedTipPosition":[-63.1643,230.553,-45.8188],"timeVisible":7.93564,"tipPosition":[-63.3977,235.458,-45.5911],"tipVelocity":[39.7781,44.4525,-17.8769],"tool":false,"touchDistance":-0.27734,"touchZone":"touching","type":1,"width":16.8539},{"bases":[[[0.896881,0.378965,-0.228013],[-0.0881879,0.658433,0.747455],[0.433391,-0.65027,0.623956]],[[0.881166,0.401488,-0.249707],[-0.11518,0.694507,0.710207],[0.458563,-0.597049,0.658219]],[[0.881166,0.401488,-0.249707],[-0.317838,0.894001,0.315819],[0.350036,-0.198923,0.915371]],[[0.881166,0.401488,-0.249707],[-0.4259,0.903362,-0.050458],[0.205318,0.150812,0.967006]]],"btipPosition":[-60.5886,269.251,-51.1275],"carpPosition":[-3.54128,202.946,51.9685],"dipPosition":[-57.249,271.704,-35.3988],"direction":[-0.350036,0.198923,-0.915371],"extended":true,"handId":107,"id":1072,"length":57.9972,"mcpPosition":[-29.5025,241.899,14.592],"pipPosition":[-48.6336,266.808,-12.8687],"stabilizedTipPosition":[-63.2039,271.389,-47.2756],"timeVisible":7.93564,"tipPosition":[-60.2024,273.63,-45.94],"tipVelocity":[84.901,37.0836,-8.47198],"tool":false,"touchDistance":-0.279604,"touchZone":"touching","type":2,"width":16.5528},{"bases":[[[0.954961,0.228421,-0.189401],[-0.010024,0.662761,0.748764],[0.296561,-0.713142,0.635201]],[[0.947658,0.245274,-0.204415],[-0.0366624,0.719578,0.693443],[0.317176,-0.649652,0.690906]],[[0.947658,0.245274,-0.204415],[-0.187002,0.945292,0.267306],[0.258795,-0.215089,0.94168]],[[0.947658,0.245274,-0.204415],[-0.276228,0.950897,-0.139616],[0.160134,0.188773,0.968877]]],"btipPosition":[-31.5115,273.473,-49.4156],"carpPosition":[5.49907,207.891,49.7135],"dipPosition":[-28.9218,276.526,-33.747],"direction":[-0.258795,0.215089,-0.94168],"extended":true,"handId":107,"id":1073,"length":55.7658,"mcpPosition":[-10.4507,246.245,15.5509],"pipPosition":[-22.7166,271.369,-11.168],"stabilizedTipPosition":[-34.1665,273.218,-47.2571],"timeVisible":7.93564,"tipPosition":[-29.5016,271.646,-46.5242],"tipVelocity":[91.3033,21.6083,-4.94876],"tool":false,"touchDistance":-0.259594,"touchZone":"touching","type":3,"width":15.751},{"bases":[[[0.971308,0.0316792,-0.235706],[0.16487,0.624595,0.763347],[0.171403,-0.780306,0.601451]],[[0.982927,-0.0399532,-0.179604],[0.114382,0.897283,0.42638],[0.14412,-0.439644,0.886534]],[[0.982927,-0.0399532,-0.179604],[-0.0240537,0.93986,-0.340713],[0.182415,0.339217,0.922853]],[[0.982927,-0.0399532,-0.179604],[-0.105708,0.67634,-0.728965],[0.150598,0.735505,0.66057]]],"btipPosition":[-1.86146,243.438,-38.3275],"carpPosition":[16.4177,207.851,44.2268],"dipPosition":[0.385348,254.411,-28.4723],"direction":[-0.182415,-0.339217,-0.922853],"extended":false,"handId":107,"id":1074,"length":43.7194,"mcpPosition":[7.88427,246.699,14.2831],"pipPosition":[3.47346,260.154,-12.8493],"stabilizedTipPosition":[-4.21361,243.17,-35.1287],"timeVisible":7.93564,"tipPosition":[-0.764746,239.255,-33.5525],"tipVelocity":[74.0423,-27.0874,-7.6086],"tool":false,"touchDistance":-0.292194,"touchZone":"touching","type":4,"width":13.9913}],"r":[[0.478305,0.865223,-0.150375],[-0.791782,0.498941,0.352333],[0.379875,-0.0494586,0.923715]],"s":1.07243,"t":[-179.086,73.4772,-29.4162],"timestamp":629920617886},{"currentFrameRate":55.3325,"devices":[],"gestures":[],"hands":[{"armBasis":[[0.694705,0.632627,-0.342299],[-0.230014,0.646278,0.727612],[0.681527,-0.426742,0.594485]],"armWidth":55.2734,"confidence":1,"direction":[-0.420332,0.749302,-0.51173],"elbow":[177.082,85.1994,195.954],"grabAngle":1.32124,"grabStrength":0.154786,"id":107,"palmNormal":[0.145535,-0.500996,-0.853125],"palmPosition":[-16.1744,225.333,21.4183],"palmVelocity":[59.3929,8.3355,-35.3467],"palmWidth":78.1236,"pinchDistance":46.7305,"pinchStrength":0.252763,"r":[[0.483628,0.862102,-0.151277],[-0.789237,0.504252,0.350477],[0.378429,-0.0501072,0.924273]],"s":1.07593,"sphereCenter":[-3.85352,217.458,-38.7048],"sphereRadius":61.9992,"stabilizedPalmPosition":[-27.4665,226.298,66.8834],"t":[-178.214,73.5116,-29.7569],"timeVisible":7.95373,"type":"right","wrist":[19.09,184.127,58.1395]}],"id":39877,"interactionBox":{"center":[0,200,0],"size":[235.247,235.247,147.751]},"pointables":[{"bases":[[[0.148206,0.768584,0.622345],[-0.621836,-0.416906,0.662955],[0.768996,-0.485251,0.416145]],[[-0.252274,0.908038,0.334402],[-0.763007,-0.399204,0.508386],[0.595129,-0.126899,0.793548]],[[-0.252274,0.908038,0.334402],[-0.793584,-0.391889,0.465455],[0.553699,-0.147954,0.819467]],[[-0.252274,0.908038,0.334402],[-0.8414,-0.376522,0.387655],[0.477915,-0.183571,0.85901]]],"btipPosition":[-62.2298,191.361,-31.8732],"carpPosition":[-10.7017,177.838,43.722],"dipPosition":[-52.5487,187.643,-14.4723],"direction":[-0.553699,0.147954,-0.819467],"extended":true,"handId":107,"id":1070,"length":45.1091,"mcpPosition":[-10.7017,177.838,43.722],"pipPosition":[-36.2083,183.276,9.71128],"stabilizedTipPosition":[-64.2646,192.574,-27.1362],"timeVisible":7.95373,"tipPosition":[-56.6397,192.359,-28.9383],"tipVelocity":[9.49155,16.204,-14.6921],"tool":false,"touchDistance":-0.263822,"touchZone":"touching","type":0,"width":17.6444},{"bases":[[[0.812334,0.552732,-0.186015],[-0.227699,0.594241,0.771383],[0.536905,-0.584265,0.608578]],[[0.790873,0.575002,-0.209506],[-0.422955,0.760986,0.491944],[0.4423,-0.300453,0.845043]],[[0.790873,0.575002,-0.209506],[-0.60462,0.787084,-0.122201],[0.0946327,0.223317,0.970141]],[[0.790873,0.575002,-0.209506],[-0.582572,0.602527,-0.5455],[-0.187431,0.553474,0.811503]]],"btipPosition":[-60.3744,231.353,-49.5222],"carpPosition":[-10.8047,196.132,52.64],"dipPosition":[-63.1462,239.538,-37.5214],"direction":[-0.0946327,-0.223317,-0.970141],"extended":false,"handId":107,"id":1071,"length":50.9006,"mcpPosition":[-44.7191,233.038,14.1983],"pipPosition":[-61.1665,244.21,-17.2255],"stabilizedTipPosition":[-62.2897,231.643,-46.2021],"timeVisible":7.95373,"tipPosition":[-61.9171,235.504,-46.4002],"tipVelocity":[-13.8133,164.743,-49.6688],"tool":false,"touchDistance":-0.291424,"touchZone":"touching","type":1,"width":16.8539},{"bases":[[[0.904238,0.359257,-0.230841],[-0.075243,0.66616,0.742004],[0.420348,-0.653579,0.629399]],[[0.891623,0.378124,-0.249059],[-0.0982284,0.698508,0.708828],[0.441995,-0.607543,0.659949]],[[0.891623,0.378124,-0.249059],[-0.29567,0.902834,0.312202],[0.34291,-0.204728,0.916787]],[[0.891623,0.378124,-0.249059],[-0.40488,0.912075,-0.0647368],[0.202682,0.15856,0.966322]]],"btipPosition":[-58.2698,270.034,-52.0036],"carpPosition":[-2.91332,203.076,51.5142],"dipPosition":[-54.9731,272.613,-36.2861],"direction":[-0.34291,0.204728,-0.916788],"extended":true,"handId":107,"id":1072,"length":57.9972,"mcpPosition":[-28.0932,242.227,13.8117],"pipPosition":[-46.5331,267.574,-13.7212],"stabilizedTipPosition":[-61.587,271.172,-47.5917],"timeVisible":7.95373,"tipPosition":[-58.1282,273.942,-47.0366],"tipVelocity":[127.572,44.8613,-48.551],"tool":false,"touchDistance":-0.293158,"touchZone":"touching","type":2,"width":16.5528},{"bases":[[[0.959322,0.207915,-0.190978],[0.00299108,0.668951,0.743301],[0.282299,-0.713636,0.641117]],[[0.953927,0.221101,-0.202824],[-0.0228752,0.727619,0.6856],[0.299166,-0.649373,0.699153]],[[0.953927,0.221101,-0.202824],[-0.168234,0.953885,0.248599],[0.248436,-0.203023,0.947133]],[[0.953927,0.221101,-0.202824],[-0.255423,0.953106,-0.162319],[0.157424,0.206647,0.965668]]],"btipPosition":[-29.0313,272.842,-50.6235],"carpPosition":[6.22345,207.822,49.2215],"dipPosition":[-26.4855,276.184,-35.0069],"direction":[-0.248436,0.203023,-0.947133],"extended":true,"handId":107,"id":1073,"length":55.7658,"mcpPosition":[-8.95925,246.204,14.7407],"pipPosition":[-20.5287,271.316,-12.2971],"stabilizedTipPosition":[-32.9139,273.304,-47.2077],"timeVisible":7.95373,"tipPosition":[-27.5327,271.551,-47.526],"tipVelocity":[136.475,-31.1936,-67.4005],"tool":false,"touchDistance":-0.280003,"touchZone":"touching","type":3,"width":15.751},{"bases":[[[0.971778,0.0105148,-0.235664],[0.177093,0.627452,0.758249],[0.155841,-0.778584,0.607882]],[[0.982655,-0.069651,-0.171868],[0.13336,0.909409,0.393943],[0.128859,-0.41003,0.902923]],[[0.982655,-0.069651,-0.171868],[-0.00815123,0.909668,-0.415256],[0.185265,0.409455,0.893322]],[[0.982655,-0.069651,-0.171868],[-0.0963642,0.600048,-0.794138],[0.158441,0.796926,0.582928]]],"btipPosition":[-0.0626707,240.011,-37.9792],"carpPosition":[17.1399,207.521,43.7387],"dipPosition":[2.30116,251.901,-29.2823],"direction":[-0.185265,-0.409455,-0.893322],"extended":false,"handId":107,"id":1074,"length":43.7194,"mcpPosition":[9.38127,246.284,13.4748],"pipPosition":[5.43752,258.832,-14.1592],"stabilizedTipPosition":[-1.6838,242.942,-35.5869],"timeVisible":7.95373,"tipPosition":[0.575375,239.279,-34.5688],"tipVelocity":[100.873,-177.705,4.52776],"tool":false,"touchDistance":-0.290078,"touchZone":"touching","type":4,"width":13.9913}],"r":[[0.483628,0.862102,-0.151277],[-0.789237,0.504252,0.350477],[0.378429,-0.0501072,0.924273]],"s":1.07593,"t":[-178.214,73.5116,-29.7569],"timestamp":629920635985},{"currentFrameRate":55.3229,"devices":[],"gestures":[],"hands":[{"armBasis":[[0.707172,0.603635,-0.368147],[-0.207106,0.674696,0.708443],[0.676028,-0.424746,0.602143]],"armWidth":55.2734,"confidence":1,"direction":[-0.396187,0.752051,-0.52674],"elbow":[176.13,85.421,197.423],"grabAngle":1.31081,"grabStrength":0.165743,"id":107,"palmNormal":[0.124357,-0.524448,-0.842312],"palmPosition":[-14.6382,225.379,20.3082],"palmVelocity":[84.8332,2.52382,-61.3048],"palmWidth":78.1236,"pinchDistance":49.6428,"pinchStrength":0.170111,"r":[[0.493746,0.855472,-0.15615],[-0.783346,0.515511,0.3473],[0.377602,-0.0491589,0.924662]],"s":1.0799,"sphereCenter":[-2.47549,215.277,-40.2887],"sphereRadius":62.6833,"stabilizedPalmPosition":[-27.0584,226.269,65.4017],"t":[-177.01,73.5516,-30.4823],"timeVisible":7.97184,"type":"right","wrist":[19.4123,183.886,57.8338]}],"id":39878,"interactionBox":{"center":[0,200,0],"size":[235.247,235.247,147.751]},"pointables":[{"bases":[[[0.177527,0.776474,0.604626],[-0.633125,-0.380246,0.674215],[0.753417,-0.502496,0.424101]],[[-0.223475,0.923726,0.311111],[-0.771827,-0.362632,0.522285],[0.595267,-0.123406,0.793995]],[[-0.223475,0.923726,0.311111],[-0.802334,-0.35557,0.479405],[0.553461,-0.14248,0.820598]],[[-0.223475,0.923726,0.311111],[-0.848446,-0.341465,0.404402],[0.47979,-0.173587,0.86004]]],"btipPosition":[-62.2913,191.235,-32.0284],"carpPosition":[-10.7263,178.224,43.6401],"dipPosition":[-52.5722,187.718,-14.6067],"direction":[-0.553461,0.14248,-0.820598],"extended":true,"handId":107,"id":1070,"length":45.1091,"mcpPosition":[-10.7263,178.224,43.6401],"pipPosition":[-36.2389,183.513,9.61026],"stabilizedTipPosition":[-64.1897,192.536,-27.152],"timeVisible":7.97184,"tipPosition":[-56.5886,192.641,-29.1162],"tipVelocity":[-2.91127,-4.42807,-8.30751],"tool":false,"touchDistance":-0.266329,"touchZone":"touching","type":0,"width":17.6444},{"bases":[[[0.830274,0.51982,-0.201075],[-0.203575,0.618678,0.758811],[0.518847,-0.589088,0.619495]],[[0.812102,0.539602,-0.222079],[-0.380411,0.778183,0.499719],[0.442467,-0.321341,0.837235]],[[0.812102,0.539602,-0.222079],[-0.567205,0.81935,-0.0833295],[0.136996,0.193636,0.971461]],[[0.812102,0.539602,-0.222079],[-0.57155,0.658913,-0.489044],[-0.117559,0.524083,0.843514]]],"btipPosition":[-60.5092,234.062,-50.9119],"carpPosition":[-10.1544,196.703,52.1506],"dipPosition":[-62.2477,241.812,-38.4376],"direction":[-0.136996,-0.193636,-0.971461],"extended":false,"handId":107,"id":1071,"length":50.9006,"mcpPosition":[-42.9281,233.913,13.0193],"pipPosition":[-59.3817,245.863,-18.1141],"stabilizedTipPosition":[-61.5848,233.788,-47.1418],"timeVisible":7.97184,"tipPosition":[-60.3931,235.676,-47.6395],"tipVelocity":[5.68262,144.031,-70.7244],"tool":false,"touchDistance":-0.309826,"touchZone":"touching","type":1,"width":16.8539},{"bases":[[[0.915197,0.322316,-0.241924],[-0.0488362,0.68457,0.72731],[0.400037,-0.653817,0.642257]],[[0.904781,0.338757,-0.258098],[-0.0706265,0.716999,0.693487],[0.41998,-0.609225,0.672653]],[[0.904781,0.338757,-0.258098],[-0.263144,0.921198,0.286616],[0.334853,-0.191408,0.922625]],[[0.904781,0.338757,-0.258098],[-0.372104,0.9236,-0.0921992],[0.207146,0.179459,0.961709]]],"btipPosition":[-55.1267,269.716,-54.0433],"carpPosition":[-2.03098,203.342,50.8434],"dipPosition":[-51.7574,272.635,-38.4008],"direction":[-0.334853,0.191408,-0.922625],"extended":true,"handId":107,"id":1072,"length":57.9972,"mcpPosition":[-25.9942,242.507,12.3707],"pipPosition":[-43.5156,267.923,-15.6922],"stabilizedTipPosition":[-58.391,270.825,-48.8523],"timeVisible":7.97184,"tipPosition":[-55.1478,273.817,-49.0936],"tipVelocity":[174.49,-13.248,-113.586],"tool":false,"touchDistance":-0.323029,"touchZone":"touching","type":2,"width":16.5528},{"bases":[[[0.96515,0.17006,-0.198908],[0.0294525,0.684657,0.72827],[0.260033,-0.708748,0.655789]],[[0.96113,0.180701,-0.20875],[0.0007729,0.754311,0.656517],[0.276096,-0.63116,0.724851]],[[0.96113,0.180701,-0.20875],[-0.131659,0.96454,0.228756],[0.242684,-0.19238,0.950839]],[[0.96113,0.180701,-0.20875],[-0.219463,0.958778,-0.180501],[0.167528,0.219298,0.961167]]],"btipPosition":[-25.9351,271.307,-53.23],"carpPosition":[7.25553,207.714,48.414],"dipPosition":[-23.2259,274.854,-37.6861],"direction":[-0.242684,0.19238,-0.950839],"extended":true,"handId":107,"id":1073,"length":55.7658,"mcpPosition":[-6.72968,245.833,13.1441],"pipPosition":[-17.4069,270.241,-14.8875],"stabilizedTipPosition":[-30.1048,272.868,-48.112],"timeVisible":7.97184,"tipPosition":[-24.704,270.508,-49.6059],"tipVelocity":[173.054,-82.1718,-144.856],"tool":false,"touchDistance":-0.319684,"touchZone":"touching","type":3,"width":15.751},{"bases":[[[0.970537,-0.0285917,-0.239249],[0.202067,0.637449,0.743524],[0.131251,-0.769962,0.624445]],[[0.97917,-0.116072,-0.166596],[0.169442,0.919202,0.355466],[0.111876,-0.37629,0.919723]],[[0.97917,-0.116072,-0.166596],[0.0254638,0.884212,-0.466391],[0.201441,0.452433,0.868749]],[[0.97917,-0.116072,-0.166596],[-0.0752586,0.554577,-0.828722],[0.188581,0.823998,0.534289]]],"btipPosition":[1.94926,236.808,-39.0141],"carpPosition":[18.1313,206.912,42.9009],"dipPosition":[4.76276,249.102,-31.0429],"direction":[-0.201441,-0.452433,-0.868749],"extended":false,"handId":107,"id":1074,"length":43.7194,"mcpPosition":[11.5969,245.245,11.8123],"pipPosition":[8.17296,256.761,-16.3358],"stabilizedTipPosition":[1.62938,240.383,-36.8206],"timeVisible":7.97184,"tipPosition":[2.36807,237.675,-36.1299],"tipVelocity":[116.813,-171.738,-66.3657],"tool":false,"touchDistance":-0.307431,"touchZone":"touching","type":4,"width":13.9913}],"r":[[0.493746,0.855472,-0.15615],[-0.783346,0.515511,0.3473],[0.377602,-0.0491589,0.924662]],"s":1.0799,"t":[-177.01,73.5516,-30.4823],"timestamp":629920654094},{"currentFrameRate":55.336,"devices":[],"gestures":[],"hands":[{"armBasis":[[0.727306,0.54516,-0.416925],[-0.159025,0.724816,0.670338],[0.667635,-0.421239,0.613857]],"armWidth":55.2734,"confidence":1,"direction":[-0.351155,0.757587,-0.550229],"elbow":[174.355,86.5876,199.375],"grabAngle":1.3135,"grabStrength":0.125126,"id":107,"palmNormal":[0.0783268,-0.561824,-0.82354],"palmPosition":[-12.2281,226.347,18.3076],"palmVelocity":[133.698,53.6865,-110.98],"palmWidth":78.1236,"pinchDistance":51.3839,"pinchStrength":0.120699,"r":[[0.512904,0.841983,-0.167312],[-0.770624,0.537479,0.342426],[0.378244,-0.0466967,0.924528]],"s":1.08159,"sphereCenter":[-0.982431,212.069,-42.849],"sphereRadius":63.5109,"stabilizedPalmPosition":[-26.1775,226.274,62.6046],"t":[-175.203,74.0555,-31.8453],"timeVisible":7.98987,"type":"right","wrist":[19.5836,184.24,57.0705]}],"id":39879,"interactionBox":{"center":[0,200,0],"size":[235.247,235.247,147.751]},"pointables":[{"bases":[[[0.236872,0.784052,0.573719],[-0.648887,-0.311827,0.694053],[0.723075,-0.53668,0.434898]],[[-0.1615,0.947826,0.274853],[-0.784681,-0.292233,0.546695],[0.598492,-0.127381,0.790937]],[[-0.1615,0.947826,0.274853],[-0.812047,-0.285898,0.508765],[0.560801,-0.141028,0.815851]],[[-0.1615,0.947826,0.274853],[-0.855225,-0.273395,0.440279],[0.492451,-0.163956,0.854758]]],"btipPosition":[-63.3871,192.854,-31.9635],"carpPosition":[-11.2108,179.911,43.3269],"dipPosition":[-53.4116,189.533,-14.6487],"direction":[-0.560801,0.141028,-0.815852],"extended":true,"handId":107,"id":1070,"length":45.1091,"mcpPosition":[-11.2108,179.911,43.3269],"pipPosition":[-36.8616,185.371,9.42814],"stabilizedTipPosition":[-63.8678,192.49,-27.2381],"timeVisible":7.98987,"tipPosition":[-57.158,194.591,-29.3626],"tipVelocity":[-57.521,92.3277,2.23795],"tool":false,"touchDistance":-0.265811,"touchZone":"touching","type":0,"width":17.6444},{"bases":[[[0.86083,0.454771,-0.228374],[-0.15205,0.658118,0.737402],[0.485646,-0.600054,0.635676]],[[0.846837,0.471461,-0.246155],[-0.309703,0.813389,0.492426],[0.432379,-0.340769,0.83482]],[[0.846837,0.471461,-0.246155],[-0.505307,0.857604,-0.0958145],[0.165931,0.205523,0.964483]],[[0.846837,0.471461,-0.246155],[-0.527824,0.688131,-0.497873],[-0.0653407,0.551544,0.831583]]],"btipPosition":[-58.551,236.724,-52.5299],"carpPosition":[-9.29087,198.605,51.1424],"dipPosition":[-59.5173,244.88,-40.2321],"direction":[-0.165931,-0.205523,-0.964483],"extended":true,"handId":107,"id":1071,"length":50.9006,"mcpPosition":[-39.9674,236.508,10.989],"pipPosition":[-56.0459,249.18,-20.0546],"stabilizedTipPosition":[-59.6651,237.073,-48.8895],"timeVisible":7.98987,"tipPosition":[-58.0807,237.354,-49.5313],"tipVelocity":[118.486,152.872,-92.0129],"tool":false,"touchDistance":-0.332056,"touchZone":"touching","type":1,"width":16.8539},{"bases":[[[0.931752,0.250619,-0.262733],[0.00637173,0.712194,0.701954],[0.36304,-0.655721,0.661991]],[[0.923832,0.264488,-0.276732],[-0.0218772,0.758217,0.651635],[0.382173,-0.595947,0.706251]],[[0.923832,0.264488,-0.276732],[-0.209622,0.954432,0.212408],[0.320302,-0.13822,0.937178]],[[0.923832,0.264488,-0.276732],[-0.309084,0.941882,-0.131627],[0.225835,0.207134,0.95189]]],"btipPosition":[-50.0038,268.801,-58.1588],"carpPosition":[-0.755815,204.626,49.5102],"dipPosition":[-46.3305,272.17,-42.676],"direction":[-0.320302,0.13822,-0.937178],"extended":true,"handId":107,"id":1072,"length":57.9972,"mcpPosition":[-22.5028,243.906,9.85534],"pipPosition":[-38.4469,268.768,-19.6092],"stabilizedTipPosition":[-51.5556,269.9,-53.1062],"timeVisible":7.98987,"tipPosition":[-50.1065,274.211,-52.7025],"tipVelocity":[288.07,-44.9807,-230.347],"tool":false,"touchDistance":-0.381343,"touchZone":"touching","type":2,"width":16.5528},{"bases":[[[0.971871,0.0969869,-0.214616],[0.0844946,0.707014,0.702134],[0.219834,-0.700518,0.678931]],[[0.969682,0.10381,-0.221223],[0.0527807,0.794943,0.604384],[0.2386,-0.597737,0.765363]],[[0.969682,0.10381,-0.221223],[-0.0622015,0.980318,0.187373],[0.23632,-0.167931,0.957054]],[[0.969682,0.10381,-0.221223],[-0.153606,0.963009,-0.221403],[0.190055,0.248672,0.949758]]],"btipPosition":[-21.0171,269.066,-57.591],"carpPosition":[8.7732,208.269,46.8289],"dipPosition":[-17.9435,273.087,-42.2316],"direction":[-0.23632,0.167931,-0.957054],"extended":true,"handId":107,"id":1073,"length":55.7658,"mcpPosition":[-3.05,245.945,10.3143],"pipPosition":[-12.2772,269.061,-19.284],"stabilizedTipPosition":[-23.8353,271.026,-51.9182],"timeVisible":7.98987,"tipPosition":[-20.1173,269.537,-53.2077],"tipVelocity":[277.477,-118.287,-244.283],"tool":false,"touchDistance":-0.3821,"touchZone":"touching","type":3,"width":15.751},{"bases":[[[0.963373,-0.102904,-0.247637],[0.253715,0.648806,0.717411],[0.0868444,-0.753964,0.651151]],[[0.966809,-0.19321,-0.167182],[0.237654,0.920293,0.310776],[0.0938112,-0.340192,0.935665]],[[0.966809,-0.19321,-0.167182],[0.0818017,0.853965,-0.51386],[0.24205,0.483129,0.841426]],[[0.966809,-0.19321,-0.167182],[-0.0436555,0.519792,-0.853177],[0.251742,0.832158,0.494105]]],"btipPosition":[4.45296,233.887,-41.4286],"carpPosition":[19.5012,206.533,41.2417],"dipPosition":[8.20876,246.302,-34.057],"direction":[-0.24205,-0.483129,-0.841426],"extended":false,"handId":107,"id":1074,"length":43.7194,"mcpPosition":[15.1775,244.069,8.82361],"pipPosition":[12.3064,254.481,-19.8124],"stabilizedTipPosition":[4.82645,237.226,-39.3459],"timeVisible