{"frames":56,"data":[{"currentFrameRate":115.177,"devices":[],"gestures":[],"hands":[{"armBasis":[[0.0673813,-0.842764,-0.534049],[0.99087,0.119174,-0.0630457],[0.116777,-0.524925,0.843099]],"armWidth":57.4912,"confidence":1,"direction":[0.130558,0.162481,-0.978036],"elbow":[144.104,-29.5832,338.891],"grabAngle":0.436474,"grabStrength":0,"id":77,"palmNormal":[-0.985459,-0.0869354,-0.145992],"palmPosition":[118.175,116.089,74.293],"palmVelocity":[2.2794,-4.82002,-7.79941],"palmWidth":80.2111,"pinchDistance":72.8479,"pinchStrength":0,"r":[[0.991466,-0.10253,0.0805151],[0.128878,0.863901,-0.486893],[-0.0196357,0.493115,0.869743]],"s":1.13191,"sphereCenter":[135.069,112.422,35.8006],"sphereRadius":53.8088,"stabilizedPalmPosition":[118.155,116.15,74.377],"t":[40.2727,-33.1081,-57.9087],"timeVisible":4.02385,"type":"right","wrist":[116.309,95.357,138.221]}],"id":52859,"interactionBox":{"center":[0,200,0],"size":[235.247,235.247,147.751]},"pointables":[{"bases":[[[0.950656,-0.286043,-0.120132],[0.30224,0.766479,0.56671],[-0.0700252,-0.575055,0.815112]],[[0.942105,-0.149618,-0.300087],[0.326717,0.610979,0.721083],[0.0754602,-0.77738,0.624489]],[[0.942105,-0.149618,-0.300087],[0.317095,0.688529,0.652211],[0.109036,-0.709608,0.696109]],[[0.942105,-0.149618,-0.300087],[0.333858,0.501946,0.797865],[0.0312528,-0.851859,0.522837]]],"btipPosition":[96.8144,197.365,67.5027],"carpPosition":[103.935,125.464,125.706],"dipPosition":[97.4391,180.337,77.9539],"direction":[-0.109036,0.709608,-0.696109],"extended":true,"handId":77,"id":770,"length":44.5133,"mcpPosition":[103.935,125.464,125.706],"pipPosition":[100.614,159.672,98.2257],"stabilizedTipPosition":[97.028,193.637,70.1524],"timeVisible":4.02385,"tipPosition":[95.6305,189.022,67.0041],"tipVelocity":[-3.44198,-7.46296,-12.7575],"tool":false,"touchDistance":0.31405,"touchZone":"hovering","type":0,"width":18.4546},{"bases":[[[0.129124,-0.94164,-0.31087],[0.990939,0.134214,0.00505905],[0.0369594,-0.308707,0.950439]],[[0.133492,-0.98006,-0.147183],[0.953452,0.0864851,0.288876],[-0.270387,-0.178894,0.945985]],[[0.133492,-0.98006,-0.147183],[0.991048,0.132323,0.017748],[0.00208159,-0.148234,0.98895]],[[0.133492,-0.98006,-0.147183],[0.949029,0.169201,-0.265923],[0.285524,-0.104182,0.952692]]],"btipPosition":[126.241,152.673,-12.7328],"carpPosition":[122.926,121.507,117.939],"dipPosition":[130.408,151.152,1.16985],"direction":[-0.00208159,0.148234,-0.98895],"extended":true,"handId":77,"id":771,"length":50.2283,"mcpPosition":[120.529,141.528,56.2988],"pipPosition":[130.451,148.092,21.586],"stabilizedTipPosition":[127.232,152.351,-9.48718],"timeVisible":4.02385,"tipPosition":[125.594,154.535,-8.81929],"tipVelocity":[-4.81978,-5.59766,-9.3184],"tool":false,"touchDistance":-0.289046,"touchZone":"touching","type":1,"width":17.6278},{"bases":[[[-0.0379055,-0.983681,-0.175882],[0.999074,-0.0337239,-0.0267047],[0.0203375,-0.176731,0.984049]],[[-0.0337574,-0.99943,-0.000807426],[0.968862,-0.0329232,0.245402],[-0.245288,0.00750185,0.969421]],[[-0.0337574,-0.99943,-0.000807426],[0.995312,-0.0335451,-0.0907138],[0.090635,-0.00386591,0.995877]],[[-0.0337574,-0.99943,-0.000807426],[0.914229,-0.0305532,-0.404045],[0.40379,-0.0143777,0.914739]]],"btipPosition":[125.945,122.643,-25.1868],"carpPosition":[125.78,111.757,114.115],"dipPosition":[132.426,122.412,-10.5048],"direction":[-0.090635,0.00386591,-0.995877],"extended":true,"handId":77,"id":772,"length":57.2312,"mcpPosition":[124.53,122.627,53.5927],"pipPosition":[134.628,122.318,13.683],"stabilizedTipPosition":[127.426,122.621,-21.7662],"timeVisible":4.02385,"tipPosition":[128.979,126.29,-21.8184],"tipVelocity":[2.58952,-7.04442,-8.73218],"tool":false,"touchDistance":0.329544,"touchZone":"hovering","type":2,"width":17.3129},{"bases":[[[-0.109705,-0.993607,-0.0266367],[0.993952,-0.109534,-0.00781941],[0.0048518,-0.0273335,0.999615]],[[-0.107912,-0.98746,0.115232],[0.972806,-0.0809873,0.217003],[-0.204949,0.135515,0.969346]],[[-0.107912,-0.98746,0.115232],[0.979607,-0.125376,-0.157008],[0.169486,0.0959388,0.980852]],[[-0.107912,-0.98746,0.115232],[0.856992,-0.151146,-0.492667],[0.503905,0.0455881,0.862555]]],"btipPosition":[121.652,94.598,-17.6759],"carpPosition":[126.15,101.258,111.487],"dipPosition":[129.693,95.3255,-3.91099],"direction":[-0.169486,-0.0959388,-0.980852],"extended":true,"handId":77,"id":773,"length":55.0293,"mcpPosition":[125.882,102.767,56.2883],"pipPosition":[133.703,97.5955,19.2966],"stabilizedTipPosition":[123.471,94.7915,-14.4828],"timeVisible":4.02385,"tipPosition":[129.585,97.9446,-14.9146],"tipVelocity":[9.31533,-8.20345,-7.68557],"tool":false,"touchDistance":0.332115,"touchZone":"hovering","type":3,"width":16.4743},{"bases":[[[-0.271118,-0.958245,0.0908974],[0.961287,-0.264724,0.0764774],[-0.0492213,0.108113,0.992919]],[[-0.27538,-0.91322,0.300326],[0.956229,-0.228049,0.183359],[-0.0989579,0.337674,0.936047]],[[-0.27538,-0.91322,0.300326],[0.93921,-0.322215,-0.118582],[0.205061,0.249414,0.946437]],[[-0.27538,-0.91322,0.300326],[0.805003,-0.389824,-0.447223],[0.525487,0.118607,0.842494]]],"btipPosition":[114.87,68.4162,3.74562],"carpPosition":[120.527,90.0532,110.983],"dipPosition":[122.606,70.1624,16.149],"direction":[-0.205061,-0.249414,-0.946437],"extended":true,"handId":77,"id":774,"length":43.1419,"mcpPosition":[123.043,84.5269,60.229],"pipPosition":[126.032,74.3289,31.9596],"stabilizedTipPosition":[116.619,68.8361,6.61569],"timeVisible":4.02385,"tipPosition":[122.868,69.2562,6.3662],"tipVelocity":[10.6348,-6.26963,-5.11667],"tool":false,"touchDistance":0.335701,"touchZone":"hovering","type":4,"width":14.6338}],"r":[[0.991466,-0.10253,0.0805151],[0.128878,0.863901,-0.486893],[-0.0196357,0.493115,0.869743]],"s":1.13191,"t":[40.2727,-33.1081,-57.9087],"timestamp":17531778426},{"currentFrameRate":115.068,"devices":[],"gestures":[],"hands":[{"armBasis":[[0.0662005,-0.842861,-0.534044],[0.990813,0.118783,-0.0646483],[0.117925,-0.524859,0.842981]],"armWidth":57.4912,"confidence":1,"direction":[0.129994,0.161853,-0.978215],"elbow":[144.375,-29.6434,338.788],"grabAngle":0.436029,"grabStrength":0,"id":77,"palmNormal":[-0.985596,-0.0865423,-0.145294],"palmPosition":[118.133,115.98,74.2065],"palmVelocity":[-4.77169,-12.3363,-9.73666],"palmWidth":80.2111,"pinchDistance":72.8455,"pinchStrength":0,"r":[[0.991454,-0.10249,0.0807132],[0.128944,0.86382,-0.487019],[-0.0198071,0.493265,0.869654]],"s":1.1318,"sphereCenter":[135.182,112.331,35.7113],"sphereRadius":53.8515,"stabilizedPalmPosition":[118.148,116.096,74.323],"t":[40.2611,-33.1852,-57.983],"timeVisible":4.03273,"type":"right","wrist":[116.307,95.281,138.146]}],"id":52860,"interactionBox":{"center":[0,200,0],"size":[235.247,235.247,147.751]},"pointables":[{"bases":[[[0.950439,-0.286573,-0.120591],[0.302983,0.76666,0.566069],[-0.0697675,-0.574551,0.81549]],[[0.941842,-0.150279,-0.300582],[0.327508,0.610908,0.720784],[0.0753092,-0.777308,0.624596]],[[0.941842,-0.150279,-0.300582],[0.317867,0.688647,0.65171],[0.109057,-0.709353,0.696366]],[[0.941842,-0.150279,-0.300582],[0.334582,0.502998,0.796899],[0.0314351,-0.851122,0.524025]]],"btipPosition":[96.8128,197.267,67.3843],"carpPosition":[103.931,125.391,125.623],"dipPosition":[97.4412,180.253,77.8592],"direction":[-0.109057,0.709353,-0.696366],"extended":true,"handId":77,"id":770,"length":44.5133,"mcpPosition":[103.931,125.391,125.623],"pipPosition":[100.617,159.596,98.1385],"stabilizedTipPosition":[97.0142,193.581,70.0821],"timeVisible":4.03273,"tipPosition":[95.6196,188.923,66.8924],"tipVelocity":[-0.0865078,-10.6845,-12.726],"tool":false,"touchDistance":0.312167,"touchZone":"hovering","type":0,"width":18.4546},{"bases":[[[0.128464,-0.941882,-0.310411],[0.991007,0.133737,0.00433023],[0.0374349,-0.308176,0.950592]],[[0.132912,-0.980123,-0.147286],[0.953825,0.0861035,0.287755],[-0.269354,-0.178731,0.946311]],[[0.132912,-0.980123,-0.147286],[0.991124,0.131839,0.0170636],[0.00269372,-0.148247,0.988947]],[[0.132912,-0.980123,-0.147286],[0.948798,0.168788,-0.267008],[0.28656,-0.104257,0.952373]]],"btipPosition":[126.134,152.547,-12.8427],"carpPosition":[122.915,121.42,117.846],"dipPosition":[130.315,151.026,1.05532],"direction":[-0.00269372,0.148247,-0.988947],"extended":true,"handId":77,"id":771,"length":50.2283,"mcpPosition":[120.487,141.407,56.1961],"pipPosition":[130.371,147.965,21.4714],"stabilizedTipPosition":[127.159,152.268,-9.5723],"timeVisible":4.03273,"tipPosition":[125.52,154.368,-8.93484],"tipVelocity":[-11.7235,-14.1839,-12.4978],"tool":false,"touchDistance":-0.290139,"touchZone":"touching","type":1,"width":17.6278},{"bases":[[[-0.0384972,-0.983764,-0.175289],[0.99904,-0.0342232,-0.0273418],[0.020899,-0.176173,0.984137]],[[-0.0342477,-0.999413,-0.000429342],[0.969038,-0.0333119,0.244656],[-0.244527,0.00796287,0.96961]],[[-0.0342477,-0.999413,-0.000429342],[0.995279,-0.034067,-0.0908793],[0.0908113,-0.00353972,0.995862]],[[-0.0342477,-0.999413,-0.000429342],[0.914437,-0.0311624,-0.403527],[0.403276,-0.0142125,0.914968]]],"btipPosition":[125.865,122.489,-25.2923],"carpPosition":[125.762,111.667,114.026],"dipPosition":[132.338,122.26,-10.6066],"direction":[-0.0908113,0.00353972,-0.995862],"extended":true,"handId":77,"id":772,"length":57.2312,"mcpPosition":[124.477,122.502,53.4984],"pipPosition":[134.544,122.174,13.5808],"stabilizedTipPosition":[127.385,122.517,-21.8501],"timeVisible":4.03273,"tipPosition":[128.875,126.114,-21.9177],"tipVelocity":[-9.24829,-17.2896,-11.7852],"tool":false,"touchDistance":0.327801,"touchZone":"hovering","type":2,"width":17.3129},{"bases":[[[-0.110204,-0.993569,-0.0259908],[0.993894,-0.11002,-0.00840946],[0.00549587,-0.0267589,0.999627]],[[-0.108313,-0.987338,0.115898],[0.972838,-0.0812799,0.216749],[-0.204584,0.136227,0.969323]],[[-0.108313,-0.987338,0.115898],[0.979646,-0.125829,-0.1564],[0.169003,0.0965987,0.98087]],[[-0.108313,-0.987338,0.115898],[0.857296,-0.151793,-0.491938],[0.503301,0.0460753,0.862882]]],"btipPosition":[121.598,94.4238,-17.7645],"carpPosition":[126.125,101.166,111.403],"dipPosition":[129.63,95.1591,-3.99436],"direction":[-0.169003,-0.0965987,-0.98087],"extended":true,"handId":77,"id":773,"length":55.0293,"mcpPosition":[125.822,102.643,56.2045],"pipPosition":[133.629,97.4447,19.2137],"stabilizedTipPosition":[123.454,94.6546,-14.5618],"timeVisible":4.03273,"tipPosition":[129.453,97.7661,-14.9965],"tipVelocity":[-6.27643,-19.4191,-9.84409],"tool":false,"touchDistance":0.330658,"touchZone":"hovering","type":3,"width":16.4743},{"bases":[[[-0.271522,-0.958061,0.0916289],[0.961209,-0.265146,0.0759984],[-0.048516,0.10871,0.992889]],[[-0.275625,-0.912904,0.301059],[0.956129,-0.228027,0.183905],[-0.0992378,0.33854,0.935704]],[[-0.275625,-0.912904,0.301059],[0.939042,-0.322661,-0.118701],[0.205502,0.24999,0.946189]],[[-0.275625,-0.912904,0.301059],[0.804298,-0.390534,-0.447871],[0.526437,0.118697,0.841888]]],"btipPosition":[114.79,68.2591,3.69763],"carpPosition":[120.496,89.9638,110.91],"dipPosition":[122.54,70.0066,16.0921],"direction":[-0.205502,-0.24999,-0.946189],"extended":true,"handId":77,"id":774,"length":43.1419,"mcpPosition":[122.976,84.407,60.1576],"pipPosition":[125.973,74.1828,31.8986],"stabilizedTipPosition":[116.584,68.7048,6.56521],"timeVisible":4.03273,"tipPosition":[122.743,69.1042,6.30432],"tipVelocity":[-8.62562,-17.6631,-5.63703],"tool":false,"touchDistance":0.334713,"touchZone":"hovering","type":4,"width":14.6338}],"r":[[0.991454,-0.10249,0.0807132],[0.128944,0.86382,-0.487019],[-0.0198071,0.493265,0.869654]],"s":1.1318,"t":[40.2611,-33.1852,-57.983],"timestamp":17531787303},{"currentFrameRate":115.213,"devices":[],"gestures":[],"hands":[{"armBasis":[[0.0654452,-0.842896,-0.534081],[0.990727,0.118753,-0.0660168],[0.119069,-0.524808,0.842852]],"armWidth":57.4912,"confidence":1,"direction":[0.129799,0.161954,-0.978225],"elbow":[144.604,-29.7386,338.678],"grabAngle":0.435497,"grabStrength":0,"id":77,"palmNormal":[-0.985648,-0.0863229,-0.145075],"palmPosition":[118.069,115.879,74.1291],"palmVelocity":[-7.61983,-11.9524,-9.18891],"palmWidth":80.2111,"pinchDistance":72.8406,"pinchStrength":0,"r":[[0.991444,-0.1025,0.0808228],[0.129009,0.863763,-0.487103],[-0.0198835,0.493363,0.869596]],"s":1.13182,"sphereCenter":[135.206,112.26,35.6303],"sphereRadius":53.8786,"stabilizedPalmPosition":[118.125,116.034,74.2679],"t":[40.2231,-33.2741,-58.0589],"timeVisible":4.04116,"type":"right","wrist":[116.264,95.1738,138.067]}],"id":52861,"interactionBox":{"center":[0,200,0],"size":[235.247,235.247,147.751]},"pointables":[{"bases":[[[0.950352,-0.286751,-0.12085],[0.303271,0.766525,0.566097],[-0.0696944,-0.574642,0.815432]],[[0.941773,-0.150565,-0.300656],[0.327791,0.610393,0.721092],[0.0749473,-0.777657,0.624205]],[[0.941773,-0.150565,-0.300656],[0.318176,0.688239,0.65199],[0.108757,-0.709688,0.696071]],[[0.941773,-0.150565,-0.300656],[0.334789,0.503146,0.796719],[0.0313163,-0.850984,0.524257]]],"btipPosition":[96.7895,197.184,67.3325],"carpPosition":[103.881,125.286,125.55],"dipPosition":[97.4155,180.174,77.8121],"direction":[-0.108757,0.709688,-0.696071],"extended":true,"handId":77,"id":770,"length":44.5133,"mcpPosition":[103.881,125.286,125.55],"pipPosition":[100.583,159.507,98.0827],"stabilizedTipPosition":[96.9987,193.522,70.0171],"timeVisible":4.04116,"tipPosition":[95.5714,188.837,66.8358],"tipVelocity":[-2.82893,-9.67204,-6.01278],"tool":false,"touchDistance":0.311322,"touchZone":"hovering","type":0,"width":18.4546},{"bases":[[[0.1282,-0.941868,-0.310564],[0.991036,0.133535,0.00411661],[0.0375937,-0.308307,0.950544]],[[0.13267,-0.980057,-0.147945],[0.954105,0.0858469,0.286906],[-0.268483,-0.179219,0.946466]],[[0.13267,-0.980057,-0.147945],[0.991156,0.131627,0.0168652],[0.00294462,-0.148874,0.988852]],[[0.13267,-0.980057,-0.147945],[0.948705,0.168783,-0.267342],[0.286981,-0.104888,0.952177]]],"btipPosition":[126.027,152.488,-12.9183],"carpPosition":[122.862,121.313,117.768],"dipPosition":[130.215,150.958,0.976849],"direction":[-0.00294462,0.148874,-0.988852],"extended":true,"handId":77,"id":771,"length":50.2283,"mcpPosition":[120.424,141.308,56.1214],"pipPosition":[130.276,147.884,21.391],"stabilizedTipPosition":[127.074,152.202,-9.64754],"timeVisible":4.04116,"tipPosition":[125.449,154.27,-9.01105],"tipVelocity":[-12.468,-7.23589,-9.04486],"tool":false,"touchDistance":-0.290602,"touchZone":"touching","type":1,"width":17.6278},{"bases":[[[-0.0387382,-0.983734,-0.175407],[0.999027,-0.0344229,-0.0275791],[0.0210925,-0.176305,0.98411]],[[-0.0344548,-0.999406,-0.000682294],[0.96918,-0.0335794,0.244055],[-0.243933,0.00774761,0.969761]],[[-0.0344548,-0.999406,-0.000682294],[0.995289,-0.0342509,-0.0907027],[0.0906255,-0.00380422,0.995878]],[[-0.0344548,-0.999406,-0.000682294],[0.914922,-0.0312675,-0.402417],[0.402156,-0.0144894,0.915456]]],"btipPosition":[125.796,122.409,-25.3849],"carpPosition":[125.706,111.56,113.946],"dipPosition":[132.25,122.176,-10.6913],"direction":[-0.0906255,0.00380422,-0.995878],"extended":true,"handId":77,"id":772,"length":57.2312,"mcpPosition":[124.409,122.403,53.4202],"pipPosition":[134.451,122.084,13.4965],"stabilizedTipPosition":[127.332,122.436,-21.9281],"timeVisible":4.04116,"tipPosition":[128.789,126.018,-21.9964],"tipVelocity":[-8.75646,-9.56774,-10.7642],"tool":false,"touchDistance":0.326288,"touchZone":"hovering","type":2,"width":17.3129},{"bases":[[[-0.110412,-0.993543,-0.0260941],[0.993869,-0.110221,-0.00865539],[0.00572339,-0.0268898,0.999622]],[[-0.108484,-0.987315,0.115929],[0.972864,-0.0814682,0.216562],[-0.204371,0.136277,0.969361]],[[-0.108484,-0.987315,0.115929],[0.979736,-0.125939,-0.155747],[0.168372,0.0966834,0.980971]],[[-0.108484,-0.987315,0.115929],[0.857873,-0.151902,-0.490897],[0.50228,0.0461975,0.86347]]],"btipPosition":[121.55,94.3179,-17.8587],"carpPosition":[126.067,101.058,111.322],"dipPosition":[129.566,95.0552,-4.07919],"direction":[-0.168372,-0.0966834,-0.980971],"extended":true,"handId":77,"id":773,"length":55.0293,"mcpPosition":[125.75,102.543,56.1235],"pipPosition":[133.55,97.3428,19.1312],"stabilizedTipPosition":[123.417,94.5521,-14.6401],"timeVisible":4.04116,"tipPosition":[129.348,97.6657,-15.0779],"tipVelocity":[-6.1451,-12.5016,-10.9179],"tool":false,"touchDistance":0.329124,"touchZone":"hovering","type":3,"width":16.4743},{"bases":[[[-0.271696,-0.958017,0.0915678],[0.961172,-0.265351,0.0757399],[-0.0482625,0.108591,0.992914]],[[-0.275738,-0.912819,0.301216],[0.956059,-0.227971,0.184338],[-0.0995987,0.338809,0.935569]],[[-0.275738,-0.912819,0.301216],[0.938919,-0.322899,-0.119028],[0.205913,0.249997,0.946098]],[[-0.275738,-0.912819,0.301216],[0.80376,-0.39082,-0.448586],[0.527199,0.118413,0.841451]]],"btipPosition":[114.709,68.1551,3.62698],"carpPosition":[120.435,89.8577,110.829],"dipPosition":[122.47,69.8984,16.015],"direction":[-0.205913,-0.249997,-0.946098],"extended":true,"handId":77,"id":774,"length":43.1419,"mcpPosition":[122.902,84.307,60.0749],"pipPosition":[125.91,74.0747,31.82],"stabilizedTipPosition":[116.521,68.6007,6.50292],"timeVisible":4.04116,"tipPosition":[122.645,69.0107,6.22004],"tipVelocity":[-9.31619,-12.4478,-8.555],"tool":false,"touchDistance":0.333493,"touchZone":"hovering","type":4,"width":14.6338}],"r":[[0.991444,-0.1025,0.0808228],[0.129009,0.863763,-0.487103],[-0.0198835,0.493363,0.869596]],"s":1.13182,"t":[40.2231,-33.2741,-58.0589],"timestamp":17531795735},{"currentFrameRate":115.264,"devices":[],"gestures":[],"hands":[{"armBasis":[[0.0644349,-0.842987,-0.534061],[0.990668,0.118447,-0.0674376],[0.120107,-0.524732,0.842752]],"armWidth":57.4912,"confidence":1,"direction":[0.12959,0.161305,-0.97836],"elbow":[144.798,-29.7852,338.561],"grabAngle":0.435244,"grabStrength":0,"id":77,"palmNormal":[-0.985725,-0.0859964,-0.144744],"palmPosition":[117.997,115.779,74.024],"palmVelocity":[-8.39545,-11.6239,-12.2271],"palmWidth":80.2111,"pinchDistance":72.8369,"pinchStrength":0,"r":[[0.991432,-0.102582,0.0808669],[0.129106,0.863647,-0.487283],[-0.0198539,0.493548,0.869492]],"s":1.13192,"sphereCenter":[135.18,112.157,35.523],"sphereRadius":53.897,"stabilizedPalmPosition":[118.092,115.969,74.2053],"t":[40.1681,-33.3685,-58.1494],"timeVisible":4.04975,"type":"right","wrist":[116.211,95.109,137.973]}],"id":52862,"interactionBox":{"center":[0,200,0],"size":[235.247,235.247,147.751]},"pointables":[{"bases":[[[0.950197,-0.287224,-0.120944],[0.303754,0.766741,0.565546],[-0.0697052,-0.574117,0.815801]],[[0.941654,-0.151274,-0.300671],[0.328239,0.610386,0.720894],[0.0744734,-0.777525,0.624426]],[[0.941654,-0.151274,-0.300671],[0.318684,0.688132,0.651855],[0.108293,-0.709641,0.696191]],[[0.941654,-0.151274,-0.300671],[0.335164,0.503318,0.796452],[0.0308511,-0.850757,0.524653]]],"btipPosition":[96.7795,197.11,67.2046],"carpPosition":[103.827,125.224,125.444],"dipPosition":[97.3962,180.104,77.6921],"direction":[-0.108293,0.709641,-0.696191],"extended":true,"handId":77,"id":770,"length":44.5133,"mcpPosition":[103.827,125.224,125.444],"pipPosition":[100.55,159.438,97.9662],"stabilizedTipPosition":[96.9868,193.472,69.9554],"timeVisible":4.04975,"tipPosition":[95.5316,188.754,66.7006],"tipVelocity":[-1.40861,-8.53577,-14.6805],"tool":false,"touchDistance":0.309221,"touchZone":"hovering","type":0,"width":18.4546},{"bases":[[[0.127716,-0.94211,-0.310027],[0.991093,0.13312,0.00375517],[0.0377331,-0.307745,0.95072]],[[0.132208,-0.980128,-0.147889],[0.954426,0.0856011,0.285908],[-0.267567,-0.178948,0.946776]],[[0.132208,-0.980128,-0.147889],[0.991216,0.131227,0.0164135],[0.00331972,-0.14876,0.988868]],[[0.132208,-0.980128,-0.147889],[0.948583,0.168393,-0.268019],[0.287596,-0.104851,0.951995]]],"btipPosition":[125.91,152.364,-13.0486],"carpPosition":[122.805,121.237,117.659],"dipPosition":[130.107,150.834,0.843966],"direction":[-0.00331972,0.14876,-0.988868],"extended":true,"handId":77,"id":771,"length":50.2283,"mcpPosition":[120.357,141.196,56.0002],"pipPosition":[130.176,147.763,21.2584],"stabilizedTipPosition":[126.98,152.112,-9.74543],"timeVisible":4.04975,"tipPosition":[125.374,154.11,-9.14365],"tipVelocity":[-13.3655,-14.4915,-15.2319],"tool":false,"touchDistance":-0.291838,"touchZone":"touching","type":1,"width":17.6278},{"bases":[[[-0.0392016,-0.983824,-0.174798],[0.999004,-0.0348599,-0.0278407],[0.0212969,-0.175716,0.984211]],[[-0.0348787,-0.999392,-0.000189873],[0.969313,-0.0338753,0.243484],[-0.243342,0.00830836,0.969905]],[[-0.0348787,-0.999392,-0.000189873],[0.995277,-0.0347179,-0.0906539],[0.0905921,-0.00335087,0.995882]],[[-0.0348787,-0.999392,-0.000189873],[0.91522,-0.0318648,-0.401694],[0.401443,-0.0141843,0.915774]]],"btipPosition":[125.708,122.255,-25.5068],"carpPosition":[125.644,111.481,113.842],"dipPosition":[132.152,122.027,-10.8082],"direction":[-0.0905921,0.00335087,-0.995882],"extended":true,"handId":77,"id":772,"length":57.2312,"mcpPosition":[124.334,122.288,53.3095],"pipPosition":[134.352,121.946,13.3798],"stabilizedTipPosition":[127.263,122.322,-22.0247],"timeVisible":4.04975,"tipPosition":[128.692,125.852,-22.1106],"tipVelocity":[-10.4709,-17.8085,-14.0568],"tool":false,"touchDistance":0.324276,"touchZone":"hovering","type":2,"width":17.3129},{"bases":[[[-0.110837,-0.993512,-0.0254588],[0.99382,-0.110644,-0.00886942],[0.00599501,-0.0262845,0.999637]],[[-0.108863,-0.98718,0.11672],[0.972887,-0.0817043,0.216371],[-0.20406,0.13711,0.969309]],[[-0.108863,-0.98718,0.11672],[0.979761,-0.126397,-0.155216],[0.167979,0.0974606,0.980961]],[[-0.108863,-0.98718,0.11672],[0.858249,-0.152584,-0.490027],[0.501555,0.046829,0.863858]]],"btipPosition":[121.476,94.1436,-17.9617],"carpPosition":[125.999,100.978,111.224],"dipPosition":[129.48,94.891,-4.17606],"direction":[-0.167979,-0.0974606,-0.980961],"extended":true,"handId":77,"id":773,"length":55.0293,"mcpPosition":[125.668,102.429,56.0244],"pipPosition":[133.455,97.1969,19.0341],"stabilizedTipPosition":[123.357,94.4091,-14.7313],"timeVisible":4.04975,"tipPosition":[129.229,97.4995,-15.1741],"tipVelocity":[-8.90223,-20.0218,-11.8312],"tool":false,"touchDistance":0.32743,"touchZone":"hovering","type":3,"width":16.4743},{"bases":[[[-0.272073,-0.957847,0.0922272],[0.961082,-0.265709,0.0756294],[-0.0479358,0.109215,0.992862]],[[-0.276033,-0.912435,0.302105],[0.955971,-0.228053,0.184693],[-0.0996245,0.339785,0.935212]],[[-0.276033,-0.912435,0.302105],[0.938665,-0.3235,-0.119396],[0.206672,0.250619,0.945768]],[[-0.276033,-0.912435,0.302105],[0.802969,-0.391667,-0.449263],[0.528248,0.11857,0.840771]]],"btipPosition":[114.592,68.0025,3.56608],"carpPosition":[120.363,89.7792,110.739],"dipPosition":[122.369,69.7481,15.9441],"direction":[-0.206672,-0.250619,-0.945768],"extended":true,"handId":77,"id":774,"length":43.1419,"mcpPosition":[122.813,84.1966,59.9877],"pipPosition":[125.822,73.9348,31.7436],"stabilizedTipPosition":[116.423,68.4629,6.43994],"timeVisible":4.04975,"tipPosition":[122.527,68.8671,6.14254],"tipVelocity":[-13.1726,-17.7027,-7.35693],"tool":false,"touchDistance":0.33244,"touchZone":"hovering","type":4,"width":14.6338}],"r":[[0.991432,-0.102582,0.0808669],[0.129106,0.863647,-0.487283],[-0.0198539,0.493548,0.869492]],"s":1.13192,"t":[40.1681,-33.3685,-58.1494],"timestamp":17531804325},{"currentFrameRate":115.193,"devices":[],"gestures":[],"hands":[{"armBasis":[[0.0631608,-0.84338,-0.533592],[0.990628,0.117859,-0.0690252],[0.121103,-0.524232,0.84292]],"armWidth":57.4912,"confidence":1,"direction":[0.129575,0.160673,-0.978465],"elbow":[144.914,-29.7688,338.456],"grabAngle":0.435618,"grabStrength":0,"id":77,"palmNormal":[-0.98581,-0.0853336,-0.14456],"palmPosition":[117.869,115.639,73.8675],"palmVelocity":[-14.4905,-15.8631,-17.7812],"palmWidth":80.2111,"pinchDistance":72.8268,"pinchStrength":0,"r":[[0.991409,-0.102788,0.0808858],[0.1293,0.863482,-0.487525],[-0.0197318,0.493795,0.869354]],"s":1.13207,"sphereCenter":[134.957,111.988,35.3603],"sphereRadius":53.883,"stabilizedPalmPosition":[118.04,115.891,74.1258],"t":[40.0768,-33.4856,-58.2729],"timeVisible":4.05855,"type":"right","wrist":[116.089,95.0064,137.829]}],"id":52863,"interactionBox":{"center":[0,200,0],"size":[235.247,235.247,147.751]},"pointables":[{"bases":[[[0.949964,-0.288005,-0.120919],[0.30441,0.766821,0.565084],[-0.0700235,-0.573619,0.816124]],[[0.941496,-0.152137,-0.300732],[0.328818,0.610362,0.72065],[0.0739178,-0.777375,0.624679]],[[0.941496,-0.152137,-0.300732],[0.319306,0.688174,0.651506],[0.107838,-0.709416,0.696492]],[[0.941496,-0.152137,-0.300732],[0.335639,0.504065,0.795779],[0.0305211,-0.85016,0.525639]]],"btipPosition":[96.7106,196.984,67.0053],"carpPosition":[103.714,125.123,125.284],"dipPosition":[97.3207,179.99,77.5125],"direction":[-0.107838,0.709416,-0.696492],"extended":true,"handId":77,"id":770,"length":44.5133,"mcpPosition":[103.714,125.123,125.284],"pipPosition":[100.461,159.331,97.7954],"stabilizedTipPosition":[96.9689,193.42,69.8852],"timeVisible":4.05855,"tipPosition":[95.4583,188.628,66.508],"tipVelocity":[-8.00641,-13.999,-22.1243],"tool":false,"touchDistance":0.305975,"touchZone":"hovering","type":0,"width":18.4546},{"bases":[[[0.126964,-0.942375,-0.30953],[0.991193,0.132376,0.00354468],[0.037634,-0.307254,0.950883]],[[0.131439,-0.980208,-0.148042],[0.954767,0.0849912,0.284948],[-0.266726,-0.178799,0.947042]],[[0.131439,-0.980208,-0.148042],[0.991316,0.130577,0.0155685],[0.00407047,-0.148803,0.988859]],[[0.131439,-0.980208,-0.148042],[0.948268,0.167854,-0.269467],[0.288983,-0.104965,0.951562]]],"btipPosition":[125.733,152.209,-13.2225],"carpPosition":[122.687,121.118,117.498],"dipPosition":[129.95,150.678,0.6637],"direction":[-0.00407047,0.148803,-0.988859],"extended":true,"handId":77,"id":771,"length":50.2283,"mcpPosition":[120.246,141.045,55.8295],"pipPosition":[130.034,147.606,21.078],"stabilizedTipPosition":[126.853,151.995,-9.87506],"timeVisible":4.05855,"tipPosition":[125.27,153.91,-9.32547],"tipVelocity":[-19.637,-17.5611,-19.9277],"tool":false,"touchDistance":-0.293619,"touchZone":"touching","type":1,"width":17.6278},{"bases":[[[-0.0399663,-0.983889,-0.174255],[0.998974,-0.035627,-0.0279605],[0.0213018,-0.175194,0.984303]],[[-0.0356386,-0.999365,0.0000815639],[0.969409,-0.0345506,0.243007],[-0.24285,0.00873953,0.970024]],[[-0.0356386,-0.999365,0.0000815639],[0.995228,-0.0354986,-0.0908858],[0.0908309,-0.00315787,0.995861]],[[-0.0356386,-0.999365,0.0000815639],[0.915338,-0.0326749,-0.401359],[0.401107,-0.0142292,0.915921]]],"btipPosition":[125.562,122.077,-25.6745],"carpPosition":[125.518,111.357,113.686],"dipPosition":[132,121.849,-10.9735],"direction":[-0.0908309,0.00315787,-0.995861],"extended":true,"handId":77,"id":772,"length":57.2312,"mcpPosition":[124.208,122.132,53.1485],"pipPosition":[134.206,121.772,13.2139],"stabilizedTipPosition":[127.159,122.182,-22.1515],"timeVisible":4.05855,"tipPosition":[128.556,125.646,-22.2742],"tipVelocity":[-16.7493,-20.177,-18.9914],"tool":false,"touchDistance":0.321489,"touchZone":"hovering","type":2,"width":17.3129},{"bases":[[[-0.111588,-0.993443,-0.0249006],[0.993736,-0.111397,-0.0089471],[0.00611458,-0.025743,0.99965]],[[-0.109587,-0.987021,0.117393],[0.97284,-0.0822793,0.216364],[-0.203897,0.137915,0.969229]],[[-0.109587,-0.987021,0.117393],[0.979701,-0.127202,-0.154936],[0.167857,0.0980308,0.980925]],[[-0.109587,-0.987021,0.117393],[0.858341,-0.153528,-0.489571],[0.501239,0.0471123,0.864025]]],"btipPosition":[121.338,93.9397,-18.1108],"carpPosition":[125.865,100.853,111.074],"dipPosition":[129.337,94.6915,-4.32245],"direction":[-0.167857,-0.0980308,-0.980925],"extended":true,"handId":77,"id":773,"length":55.0293,"mcpPosition":[125.528,102.274,55.8741],"pipPosition":[133.309,97.011,18.8869],"stabilizedTipPosition":[123.251,94.2343,-14.8541],"timeVisible":4.05855,"tipPosition":[129.067,97.2985,-15.3217],"tipVelocity":[-15.8586,-23.0526,-16.8648],"tool":false,"touchDistance":0.324956,"touchZone":"hovering","type":3,"width":16.4743},{"bases":[[[-0.27278,-0.957591,0.0927883],[0.960892,-0.266391,0.075641],[-0.0477152,0.109793,0.992809]],[[-0.276673,-0.911926,0.303055],[0.955773,-0.2284,0.185287],[-0.0997503,0.340916,0.934787]],[[-0.276673,-0.911926,0.303055],[0.938284,-0.324469,-0.119761],[0.207545,0.251217,0.945418]],[[-0.276673,-0.911926,0.303055],[0.801899,-0.392876,-0.450118],[0.529538,0.118484,0.839971]]],"btipPosition":[114.409,67.8087,3.45661],"carpPosition":[120.221,89.6579,110.596],"dipPosition":[122.205,69.5531,15.8228],"direction":[-0.207545,-0.251217,-0.945418],"extended":true,"handId":77,"id":774,"length":43.1419,"mcpPosition":[122.66,84.0457,59.8478],"pipPosition":[125.672,73.7498,31.6165],"stabilizedTipPosition":[116.276,68.2948,6.34751],"timeVisible":4.05855,"tipPosition":[122.344,68.6861,6.01156],"tipVelocity":[-20.2998,-22.0488,-12.7446],"tool":false,"touchDistance":0.33057,"touchZone":"hovering","type":4,"width":14.6338}],"r":[[0.991409,-0.102788,0.0808858],[0.1293,0.863482,-0.487525],[-0.0197318,0.493795,0.869354]],"s":1.13207,"t":[40.0768,-33.4856,-58.2729],"timestamp":17531813127},{"currentFrameRate":115.234,"devices":[],"gestures":[],"hands":[{"armBasis":[[0.0644631,-0.843494,-0.533257],[0.990422,0.11946,-0.0692309],[0.122099,-0.523687,0.843116]],"armWidth":57.4912,"confidence":1,"direction":[0.128999,0.16014,-0.978629],"elbow":[145.002,-29.7171,338.337],"grabAngle":0.435351,"grabStrength":0,"id":77,"palmNormal":[-0.985708,-0.0871169,-0.144187],"palmPosition":[117.667,115.518,73.6864],"palmVelocity":[-23.4445,-14.0572,-21.04],"palmWidth":80.2111,"pinchDistance":72.8035,"pinchStrength":0,"r":[[0.991431,-0.102604,0.080855],[0.129132,0.863318,-0.487859],[-0.0197475,0.494119,0.86917]],"s":1.13219,"sphereCenter":[134.63,111.83,35.1663],"sphereRadius":53.8627,"stabilizedPalmPosition":[117.961,115.812,74.0327],"t":[39.9303,-33.6046,-58.4252],"timeVisible":4.06716,"type":"right","wrist":[115.941,94.9284,137.663]}],"id":52864,"interactionBox":{"center":[0,200,0],"size":[235.247,235.247,147.751]},"pointables":[{"bases":[[[0.950414,-0.286486,-0.120994],[0.303283,0.76777,0.564401],[-0.0687971,-0.57311,0.816586]],[[0.941696,-0.150925,-0.300717],[0.327968,0.611338,0.720211],[0.0751424,-0.776845,0.625193]],[[0.941696,-0.150925,-0.300717],[0.318298,0.689308,0.6508],[0.109065,-0.708573,0.697157]],[[0.941696,-0.150925,-0.300717],[0.334932,0.505712,0.795032],[0.0320867,-0.849398,0.526777]]],"btipPosition":[96.3877,196.815,66.7566],"carpPosition":[103.512,125.017,125.1],"dipPosition":[97.0291,179.836,77.2865],"direction":[-0.109065,0.708573,-0.697157],"extended":true,"handId":77,"id":770,"length":44.5133,"mcpPosition":[103.512,125.017,125.1],"pipPosition":[100.205,159.202,97.5888],"stabilizedTipPosition":[96.9115,193.353,69.7917],"timeVisible":4.06716,"tipPosition":[95.1324,188.47,66.282],"tipVelocity":[-36.6731,-19.1857,-28.2904],"tool":false,"touchDistance":0.301917,"touchZone":"hovering","type":0,"width":18.4546},{"bases":[[[0.128466,-0.942396,-0.308846],[0.990968,0.13406,0.00313447],[0.0384501,-0.306459,0.951107]],[[0.13305,-0.98005,-0.147646],[0.955008,0.0869328,0.283554],[-0.265062,-0.178731,0.947522]],[[0.13305,-0.98005,-0.147646],[0.991097,0.132311,0.0148643],[0.00496745,-0.14831,0.988928]],[[0.13305,-0.98005,-0.147646],[0.947823,0.169364,-0.270086],[0.289704,-0.104008,0.951448]]],"btipPosition":[125.392,152.052,-13.4412],"carpPosition":[122.49,121.039,117.312],"dipPosition":[129.62,150.534,0.443309],"direction":[-0.00496745,0.14831,-0.988928],"extended":true,"handId":77,"id":771,"length":50.2283,"mcpPosition":[119.996,140.914,55.6282],"pipPosition":[129.722,147.472,20.859],"stabilizedTipPosition":[126.635,151.865,-10.0417],"timeVisible":4.06716,"tipPosition":[124.983,153.73,-9.54067],"tipVelocity":[-39.2919,-17.9279,-25.4572],"tool":false,"touchDistance":-0.295877,"touchZone":"touching","type":1,"width":17.6278},{"bases":[[[-0.0383508,-0.984089,-0.173487],[0.999024,-0.0339536,-0.0282442],[0.0219042,-0.174401,0.984431]],[[-0.0339419,-0.999423,0.000895081],[0.969703,-0.0327157,0.242086],[-0.241917,0.0090848,0.970254]],[[-0.0339419,-0.999423,0.000895081],[0.99528,-0.0338826,-0.0909325],[0.0909104,-0.00219556,0.995857]],[[-0.0339419,-0.999423,0.000895081],[0.915868,-0.0314626,-0.400245],[0.400043,-0.0127653,0.916408]]],"btipPosition":[125.32,121.89,-25.8797],"carpPosition":[125.336,111.28,113.506],"dipPosition":[131.74,121.685,-11.1709],"direction":[-0.0909104,0.00219556,-0.995857],"extended":true,"handId":77,"id":772,"length":57.2312,"mcpPosition":[123.989,122.006,52.9605],"pipPosition":[133.948,121.632,13.0164],"stabilizedTipPosition":[126.995,122.029,-22.3071],"timeVisible":4.06716,"tipPosition":[128.306,125.465,-22.4663],"tipVelocity":[-28.6332,-21.1273,-23.634],"tool":false,"touchDistance":0.318099,"touchZone":"hovering","type":2,"width":17.3129},{"bases":[[[-0.10991,-0.993649,-0.0241032],[0.99392,-0.109718,-0.00917096],[0.00646817,-0.0249646,0.999667]],[[-0.107872,-0.987093,0.118367],[0.973125,-0.0804726,0.21576],[-0.20345,0.13846,0.969245]],[[-0.107872,-0.987093,0.118367],[0.979922,-0.125651,-0.154802],[0.167677,0.0992918,0.980829]],[[-0.107872,-0.987093,0.118367],[0.858985,-0.152482,-0.488767],[0.500508,0.0489513,0.864347]]],"btipPosition":[121.152,93.7379,-18.2875],"carpPosition":[125.7,100.774,110.902],"dipPosition":[129.139,94.5191,-4.494],"direction":[-0.167677,-0.0992918,-0.980829],"extended":true,"handId":77,"id":773,"length":55.0293,"mcpPosition":[125.343,102.152,55.7009],"pipPosition":[133.107,96.8684,18.7131],"stabilizedTipPosition":[123.106,94.0584,-14.999],"timeVisible":4.06716,"tipPosition":[128.862,97.1242,-15.4917],"tipVelocity":[-21.901,-22.6614,-20.3911],"tool":false,"touchDistance":0.322031,"touchZone":"hovering","type":3,"width":16.4743},{"bases":[[[-0.271126,-0.957981,0.0936083],[0.961366,-0.264703,0.0755463],[-0.0475936,0.110474,0.992739]],[[-0.275028,-0.912091,0.304054],[0.956227,-0.226625,0.185123],[-0.0999425,0.341659,0.934495]],[[-0.275028,-0.912091,0.304054],[0.938605,-0.323228,-0.120604],[0.208281,0.252217,0.94499]],[[-0.275028,-0.912091,0.304054],[0.801699,-0.392128,-0.451125],[0.530695,0.119688,0.839069]]],"btipPosition":[114.233,67.6283,3.32753],"carpPosition":[120.074,89.5691,110.434],"dipPosition":[122.046,69.3903,15.6805],"direction":[-0.208281,-0.252217,-0.94499],"extended":true,"handId":77,"id":774,"length":43.1419,"mcpPosition":[122.507,83.9221,59.6895],"pipPosition":[125.525,73.6037,31.467],"stabilizedTipPosition":[116.128,68.1378,6.24004],"timeVisible":4.06716,"tipPosition":[122.187,68.5196,5.86579],"tipVelocity":[-20.0005,-20.4918,-15.3517],"tool":false,"touchDistance":0.328368,"touchZone":"hovering","type":4,"width":14.6338}],"r":[[0.991431,-0.102604,0.080855],[0.129132,0.863318,-0.487859],[-0.0197475,0.494119,0.86917]],"s":1.13219,"t":[39.9303,-33.6046,-58.4252],"timestamp":17531821734},{"currentFrameRate":115.207,"devices":[],"gestures":[],"hands":[{"armBasis":[[0.067409,-0.84316,-0.53342],[0.990133,0.122364,-0.0682925],[0.122853,-0.523553,0.843089]],"armWidth":57.4912,"confidence":1,"direction":[0.128731,0.159891,-0.978705],"elbow":[145.043,-29.6966,338.207],"grabAngle":0.435518,"grabStrength":0,"id":77,"palmNormal":[-0.985401,-0.0902573,-0.144357],"palmPosition":[117.487,115.478,73.553],"palmVelocity":[-20.6873,-4.60943,-15.2884],"palmWidth":80.2111,"pinchDistance":72.7709,"pinchStrength":0,"r":[[0.991507,-0.101833,0.0808897],[0.128487,0.863202,-0.488234],[-0.0201058,0.494481,0.868956]],"s":1.13228,"sphereCenter":[134.15,111.737,35.0202],"sphereRadius":53.7996,"stabilizedPalmPosition":[117.866,115.746,73.9368],"t":[39.7667,-33.6842,-58.568],"timeVisible":4.07588,"type":"right","wrist":[115.802,94.9171,137.539]}],"id":52865,"interactionBox":{"center":[0,200,0],"size":[235.247,235.247,147.751]},"pointables":[{"bases":[[[0.951322,-0.283628,-0.120585],[0.300778,0.769077,0.563962],[-0.0672164,-0.572779,0.816949]],[[0.94234,-0.148688,-0.299812],[0.325781,0.612538,0.720183],[0.0765637,-0.776331,0.625659]],[[0.94234,-0.148688,-0.299812],[0.315965,0.690516,0.650656],[0.11028,-0.70787,0.697681]],[[0.94234,-0.148688,-0.299812],[0.332949,0.506944,0.795081],[0.0337689,-0.849058,0.527219]]],"btipPosition":[96.0344,196.715,66.569],"carpPosition":[103.29,124.967,124.957],"dipPosition":[96.7094,179.743,77.1078],"direction":[-0.11028,0.70787,-0.697681],"extended":true,"handId":77,"id":770,"length":44.5133,"mcpPosition":[103.29,124.967,124.957],"pipPosition":[99.9209,159.129,97.4253],"stabilizedTipPosition":[96.8073,193.275,69.6764],"timeVisible":4.07588,"tipPosition":[94.7355,188.376,66.1093],"tipVelocity":[-39.605,-11.2699,-21.2637],"tool":false,"touchDistance":0.298824,"touchZone":"hovering","type":0,"width":18.4546},{"bases":[[[0.131449,-0.942199,-0.308192],[0.990549,0.137123,0.00327453],[0.0391751,-0.30571,0.951318]],[[0.136111,-0.97972,-0.147043],[0.955064,0.0903152,0.282303],[-0.263298,-0.17886,0.947989]],[[0.136111,-0.97972,-0.147043],[0.990677,0.135459,0.0144822],[0.00572983,-0.147644,0.989024]],[[0.136111,-0.97972,-0.147043],[0.947161,0.172203,-0.270614],[0.290447,-0.10244,0.951392]]],"btipPosition":[125.046,151.975,-13.6092],"carpPosition":[122.282,121.042,117.176],"dipPosition":[129.285,150.48,0.274511],"direction":[-0.00572983,0.147644,-0.989024],"extended":true,"handId":77,"id":771,"length":50.2283,"mcpPosition":[119.741,140.869,55.4785],"pipPosition":[129.403,147.432,20.6922],"stabilizedTipPosition":[126.351,151.757,-10.2144],"timeVisible":4.07588,"tipPosition":[124.71,153.648,-9.7011],"tipVelocity":[-39.3758,-8.21766,-19.2713],"tool":false,"touchDistance":-0.297145,"touchZone":"touching","type":1,"width":17.6278},{"bases":[[[-0.03527,-0.984317,-0.172844],[0.999131,-0.0308856,-0.027991],[0.0222136,-0.173681,0.984551]],[[-0.0308468,-0.999522,0.00181605],[0.970012,-0.0294978,0.241259],[-0.24109,0.00920367,0.970459]],[[-0.0308468,-0.999522,0.00181605],[0.995386,-0.0308842,-0.0908493],[0.090862,-0.000994742,0.995863]],[[-0.0308468,-0.999522,0.00181605],[0.916683,-0.0290144,-0.398561],[0.398424,-0.0106296,0.91714]]],"btipPosition":[125.117,121.787,-26.0363],"carpPosition":[125.159,111.29,113.377],"dipPosition":[131.512,121.617,-11.3157],"direction":[-0.090862,0.000994742,-0.995863],"extended":true,"handId":77,"id":772,"length":57.2312,"mcpPosition":[123.793,121.971,52.8242],"pipPosition":[133.719,121.593,12.8717],"stabilizedTipPosition":[126.815,121.905,-22.459],"timeVisible":4.07588,"tipPosition":[128.113,125.384,-22.6039],"tipVelocity":[-23.905,-10.8743,-17.6328],"tool":false,"touchDistance":0.315535,"touchZone":"hovering","type":2,"width":17.3129},{"bases":[[[-0.106834,-0.994,-0.0234705],[0.994257,-0.106653,-0.00886877],[0.00631237,-0.0242832,0.999685]],[[-0.104844,-0.987314,0.119246],[0.973516,-0.0773973,0.215119],[-0.20316,0.138642,0.96928]],[[-0.104844,-0.987314,0.119246],[0.980312,-0.122778,-0.154644],[0.167323,0.100685,0.980747]],[[-0.104844,-0.987314,0.119246],[0.859914,-0.150234,-0.487829],[0.499555,0.0513953,0.864756]]],"btipPosition":[121.03,93.6307,-18.4162],"carpPosition":[125.556,100.783,110.78],"dipPosition":[129.002,94.4509,-4.61618],"direction":[-0.167323,-0.100685,-0.980748],"extended":true,"handId":77,"id":773,"length":55.0293,"mcpPosition":[125.208,102.124,55.5782],"pipPosition":[132.961,96.8331,18.589],"stabilizedTipPosition":[122.986,93.9404,-15.119],"timeVisible":4.07588,"tipPosition":[128.744,97.0515,-15.6094],"tipVelocity":[-14.4431,-11.2593,-14.5782],"tool":false,"touchDistance":0.319911,"touchZone":"hovering","type":3,"width":16.4743},{"bases":[[[-0.268187,-0.958752,0.0941801],[0.962162,-0.261681,0.0759436],[-0.048166,0.110984,0.992654]],[[-0.272278,-0.912666,0.304804],[0.956975,-0.223824,0.184664],[-0.100313,0.34197,0.934341]],[[-0.272278,-0.912666,0.304804],[0.939207,-0.320942,-0.122005],[0.209175,0.253055,0.944568]],[[-0.272278,-0.912666,0.304804],[0.801758,-0.390337,-0.452572],[0.532024,0.121154,0.838017]]],"btipPosition":[114.13,67.5489,3.24335],"carpPosition":[119.965,89.5608,110.319],"dipPosition":[121.963,69.3326,15.5808],"direction":[-0.209175,-0.253055,-0.944568],"extended":true,"handId":77,"id":774,"length":43.1419,"mcpPosition":[122.427,83.8877,59.5781],"pipPosition":[125.457,73.56,31.3602],"stabilizedTipPosition":[116.023,68.0424,6.15506]