{"frames":61,"data":[{"currentFrameRate":115.674,"devices":[],"gestures":[],"hands":[{"armBasis":[[0.0491612,0.974452,-0.219151],[-0.207059,0.224593,0.9522],[0.977093,-0.00143404,0.21281]],"armWidth":62.7773,"confidence":1,"direction":[-0.453737,-0.00389171,-0.891127],"elbow":[178.318,159.486,146.378],"grabAngle":0.538096,"grabStrength":0,"id":88,"palmNormal":[0.839188,-0.338298,-0.425814],"palmPosition":[-113.305,151.347,31.8514],"palmVelocity":[17.5117,9.00548,-14.6964],"palmWidth":87.2628,"pinchDistance":50.4684,"pinchStrength":0.296687,"r":[[0.861899,0.390159,0.323893],[-0.482408,0.827713,0.28666],[-0.156247,-0.403321,0.90162]],"s":1.17702,"sphereCenter":[-122.261,137.37,-6.18869],"sphereRadius":52.6878,"stabilizedPalmPosition":[-113.401,151.188,32.2605],"t":[-62.4593,20.3616,-105.653],"timeVisible":6.96377,"type":"right","wrist":[-74.6907,159.858,91.2732]}],"id":60744,"interactionBox":{"center":[0,200,0],"size":[235.247,235.247,147.751]},"pointables":[{"bases":[[[-0.718489,0.680492,0.14389],[-0.439504,-0.604526,0.664368],[0.539083,0.414101,0.733424]],[[-0.881759,0.431402,-0.190772],[-0.468469,-0.753648,0.461033],[0.0551157,0.495891,0.866634]],[[-0.881759,0.431402,-0.190772],[-0.464278,-0.865201,0.189402],[-0.0833477,0.255579,0.963189]],[[-0.881759,0.431402,-0.190772],[-0.360003,-0.876797,-0.318786],[-0.304793,-0.212413,0.92843]]],"btipPosition":[-81.9437,103.193,-13.6936],"carpPosition":[-89.1076,130.61,81.4193],"dipPosition":[-88.9535,98.3074,7.65893],"direction":[0.0833476,-0.255579,-0.963189],"extended":false,"handId":88,"id":880,"length":51.2144,"mcpPosition":[-89.1076,130.61,81.4193],"pipPosition":[-91.7461,106.871,39.931],"stabilizedTipPosition":[-83.4509,101.975,-8.63632],"timeVisible":6.96377,"tipPosition":[-87.7609,102.625,-9.39508],"tipVelocity":[-14.1584,20.6451,-25.9247],"tool":false,"touchDistance":0.325309,"touchZone":"hovering","type":0,"width":20.183},{"bases":[[[0.21937,0.927018,-0.304161],[-0.903723,0.310548,0.294694],[0.367643,0.21023,0.905893]],[[0.256657,0.943935,-0.207639],[-0.960542,0.272942,0.0535011],[0.107175,0.185715,0.976741]],[[0.256657,0.943935,-0.207639],[-0.865161,0.128614,-0.484721],[-0.43084,0.304049,0.849665]],[[0.256657,0.943935,-0.207639],[-0.129677,-0.179261,-0.975218],[-0.957763,0.277223,0.0763977]]],"btipPosition":[-111.332,109.643,-47.5702],"carpPosition":[-107.182,144.193,79.0469],"dipPosition":[-127.413,114.298,-46.2875],"direction":[0.43084,-0.304049,-0.849665],"extended":true,"handId":88,"id":881,"length":57.7897,"mcpPosition":[-133.121,129.36,15.1307],"pipPosition":[-137.646,121.52,-26.1062],"stabilizedTipPosition":[-113.071,110.785,-44.3395],"timeVisible":6.96377,"tipPosition":[-114.193,108.342,-47.0559],"tipVelocity":[-34.6958,6.13364,-68.9646],"tool":false,"touchDistance":0.283164,"touchZone":"hovering","type":1,"width":19.2788},{"bases":[[[0.41785,0.880284,-0.224727],[-0.845335,0.467341,0.258847],[0.332883,0.0818102,0.939413]],[[0.395043,0.872994,-0.286047],[-0.842745,0.468326,0.265429],[0.365681,0.136209,0.920719]],[[0.395043,0.872994,-0.286047],[-0.88836,0.442335,0.123113],[0.234005,0.205478,0.950274]],[[0.395043,0.872994,-0.286047],[-0.913057,0.40746,-0.0174311],[0.101336,0.268064,0.958057]]],"btipPosition":[-154.307,132.793,-75.251],"carpPosition":[-106.302,155.411,75.463],"dipPosition":[-152.435,137.743,-57.5588],"direction":[-0.234005,-0.205478,-0.950274],"extended":true,"handId":88,"id":882,"length":65.8467,"mcpPosition":[-128.575,149.937,12.6068],"pipPosition":[-145.896,143.485,-31.0042],"stabilizedTipPosition":[-153.659,133.576,-71.084],"timeVisible":6.96377,"tipPosition":[-154.575,134.748,-70.8609],"tipVelocity":[-23.8302,54.6904,-11.2763],"tool":false,"touchDistance":0.295726,"touchZone":"hovering","type":2,"width":18.9344},{"bases":[[[0.52481,0.844976,-0.102904],[-0.802279,0.531409,0.271944],[0.284471,-0.0601611,0.956795]],[[0.466679,0.842406,-0.269375],[-0.748948,0.538415,0.386247],[0.470413,0.0214944,0.882185]],[[0.466679,0.842406,-0.269375],[-0.786451,0.534601,0.309349],[0.404606,0.0674838,0.911998]],[[0.466679,0.842406,-0.269375],[-0.834269,0.52041,0.182125],[0.293609,0.139737,0.945657]]],"btipPosition":[-156.544,164.338,-66.0892],"carpPosition":[-102.395,166.07,72.3127],"dipPosition":[-151.153,166.904,-48.7263],"direction":[-0.404606,-0.0674838,-0.911998],"extended":true,"handId":88,"id":883,"length":63.3134,"mcpPosition":[-119.484,169.684,14.8341],"pipPosition":[-140.138,168.741,-23.8994],"stabilizedTipPosition":[-155.245,164.253,-61.8192],"timeVisible":6.96377,"tipPosition":[-151.527,165.871,-63.4544],"tipVelocity":[9.92898,51.5495,-9.56448],"tool":false,"touchDistance":0.299893,"touchZone":"hovering","type":3,"width":18.0173},{"bases":[[[0.679504,0.732837,-0.034983],[-0.68258,0.648948,0.336083],[0.268996,-0.204491,0.941182]],[[0.616944,0.758194,-0.211003],[-0.608755,0.629663,0.482641],[0.498796,-0.169314,0.850021]],[[0.616944,0.758194,-0.211003],[-0.624397,0.634756,0.455206],[0.47907,-0.149087,0.865023]],[[0.616944,0.758194,-0.211003],[-0.668874,0.646421,0.36708],[0.414714,-0.0853336,0.905942]]],"btipPosition":[-140.468,195.945,-44.3731],"carpPosition":[-91.9448,174.379,69.4732],"dipPosition":[-133.443,194.499,-29.0278],"direction":[-0.47907,0.149087,-0.865023],"extended":true,"handId":88,"id":884,"length":49.6365,"mcpPosition":[-106.904,185.751,17.1341],"pipPosition":[-124.235,191.634,-12.4018],"stabilizedTipPosition":[-139.129,195.14,-40.563],"timeVisible":6.96377,"tipPosition":[-134.179,194.444,-42.805],"tipVelocity":[33.2221,33.1564,-10.0266],"tool":false,"touchDistance":0.301345,"touchZone":"hovering","type":4,"width":16.0043}],"r":[[0.861899,0.390159,0.323893],[-0.482408,0.827713,0.28666],[-0.156247,-0.403321,0.90162]],"s":1.17702,"t":[-62.4593,20.3616,-105.653],"timestamp":17601345597},{"currentFrameRate":115.71,"devices":[],"gestures":[],"hands":[{"armBasis":[[0.0510432,0.974367,-0.219099],[-0.207569,0.224945,0.952006],[0.976888,-0.00311518,0.21373]],"armWidth":62.7773,"confidence":1,"direction":[-0.454503,-0.000930165,-0.890745],"elbow":[178.525,158.971,146.519],"grabAngle":0.526672,"grabStrength":0,"id":88,"palmNormal":[0.837405,-0.341298,-0.42693],"palmPosition":[-113.119,151.468,31.7623],"palmVelocity":[21.6941,14.1491,-10.383],"palmWidth":87.2628,"pinchDistance":50.7603,"pinchStrength":0.289268,"r":[[0.862259,0.389231,0.324051],[-0.481589,0.82818,0.286687],[-0.156785,-0.403258,0.901555]],"s":1.17759,"sphereCenter":[-122.423,137.771,-6.23093],"sphereRadius":52.6702,"stabilizedPalmPosition":[-113.334,151.255,32.1416],"t":[-62.3248,20.4612,-105.767],"timeVisible":6.97234,"type":"right","wrist":[-74.4303,159.777,91.176]}],"id":60745,"interactionBox":{"center":[0,200,0],"size":[235.247,235.247,147.751]},"pointables":[{"bases":[[[-0.715513,0.68332,0.145311],[-0.441468,-0.603474,0.664022],[0.541431,0.410967,0.733457]],[[-0.879693,0.436885,-0.187807],[-0.471791,-0.752305,0.459837],[0.0596078,0.493121,0.867916]],[[-0.879693,0.436885,-0.187807],[-0.468414,-0.86419,0.183748],[-0.0820241,0.249614,0.964865]],[[-0.879693,0.436885,-0.187807],[-0.3654,-0.873749,-0.321008],[-0.30434,-0.213764,0.928268]]],"btipPosition":[-82.0725,103.517,-13.9418],"carpPosition":[-88.9666,130.572,81.2849],"dipPosition":[-89.0719,98.601,7.407],"direction":[0.0820241,-0.249614,-0.964865],"extended":false,"handId":88,"id":880,"length":51.2144,"mcpPosition":[-88.9666,130.572,81.2849],"pipPosition":[-91.8201,106.964,39.7353],"stabilizedTipPosition":[-83.5691,102.185,-8.83822],"timeVisible":6.97234,"tipPosition":[-87.7352,102.684,-9.55367],"tipVelocity":[-14.7313,37.0161,-29.0294],"tool":false,"touchDistance":0.321158,"touchZone":"hovering","type":0,"width":20.183},{"bases":[[[0.22299,0.926455,-0.303244],[-0.902166,0.313975,0.295832],[0.369286,0.207609,0.905829]],[[0.259591,0.94283,-0.209007],[-0.95939,0.276515,0.0557767],[0.110381,0.18604,0.976322]],[[0.259591,0.94283,-0.209007],[-0.866582,0.131906,-0.481287],[-0.426203,0.306059,0.851281]],[[0.259591,0.94283,-0.209007],[-0.16654,-0.169478,-0.971361],[-0.95125,0.286964,0.113024]]],"btipPosition":[-111.607,109.643,-48.3042],"carpPosition":[-106.986,144.233,78.944],"dipPosition":[-127.578,114.461,-46.4065],"direction":[0.426203,-0.306059,-0.851281],"extended":true,"handId":88,"id":881,"length":57.7897,"mcpPosition":[-133.041,129.585,15.0323],"pipPosition":[-137.701,121.73,-26.1869],"stabilizedTipPosition":[-113.203,110.783,-44.5499],"timeVisible":6.97234,"tipPosition":[-114.289,108.636,-47.2183],"tipVelocity":[-29.0852,4.31763,-69.0633],"tool":false,"touchDistance":0.273288,"touchZone":"hovering","type":1,"width":19.2788},{"bases":[[[0.42134,0.878795,-0.224035],[-0.843152,0.470565,0.260121],[0.334016,0.079296,0.939226]],[[0.398621,0.871738,-0.284911],[-0.839555,0.471887,0.269201],[0.369118,0.131889,0.919977]],[[0.398621,0.871738,-0.284911],[-0.885544,0.446665,0.127685],[0.238567,0.201403,0.950012]],[[0.398621,0.871738,-0.284911],[-0.910669,0.413005,-0.0104566],[0.108554,0.263627,0.958497]]],"btipPosition":[-154.566,133.402,-75.2944],"carpPosition":[-106.062,155.451,75.3728],"dipPosition":[-152.562,138.27,-57.5941],"direction":[-0.238567,-0.201403,-0.950012],"extended":true,"handId":88,"id":882,"length":65.8467,"mcpPosition":[-128.411,150.145,12.529],"pipPosition":[-145.895,143.898,-31.0467],"stabilizedTipPosition":[-153.925,134.139,-71.167],"timeVisible":6.97234,"tipPosition":[-154.536,135.152,-70.9404],"tipVelocity":[-26.6673,68.7458,-4.83859],"tool":false,"touchDistance":0.295034,"touchZone":"hovering","type":2,"width":18.9344},{"bases":[[[0.528254,0.842895,-0.102345],[-0.799818,0.534436,0.273258],[0.285025,-0.0624922,0.956481]],[[0.470358,0.840855,-0.267816],[-0.745747,0.540998,0.388822],[0.471831,0.0168372,0.881528]],[[0.470358,0.840855,-0.267816],[-0.783155,0.537608,0.312481],[0.406732,0.0627632,0.911389]],[[0.470358,0.840855,-0.267816],[-0.83113,0.524107,0.185835],[0.296624,0.135181,0.945378]]],"btipPosition":[-156.471,164.922,-66.1006],"carpPosition":[-102.113,166.098,72.2318],"dipPosition":[-151.024,167.404,-48.7429],"direction":[-0.406732,-0.0627632,-0.911389],"extended":true,"handId":88,"id":883,"length":63.3134,"mcpPosition":[-119.236,169.852,14.7721],"pipPosition":[-139.952,169.113,-23.9326],"stabilizedTipPosition":[-155.235,164.73,-61.9304],"timeVisible":6.97234,"tipPosition":[-151.405,166.257,-63.4776],"tipVelocity":[9.99532,65.8262,-1.47544],"tool":false,"touchDistance":0.299682,"touchZone":"hovering","type":3,"width":18.0173},{"bases":[[[0.682535,0.730029,-0.034689],[-0.679574,0.651396,0.337435],[0.268934,-0.206738,0.940709]],[[0.620283,0.755798,-0.209806],[-0.605535,0.631426,0.484385],[0.498574,-0.17341,0.849325]],[[0.620283,0.755798,-0.209806],[-0.621455,0.63674,0.45646],[0.478584,-0.152749,0.864653]],[[0.620283,0.755798,-0.209806],[-0.665536,0.648681,0.369154],[0.415103,-0.089346,0.905377]]],"btipPosition":[-140.14,196.337,-44.3858],"carpPosition":[-91.6307,174.366,69.3933],"dipPosition":[-133.109,194.824,-29.0501],"direction":[-0.478584,0.152749,-0.864653],"extended":true,"handId":88,"id":884,"length":49.6365,"mcpPosition":[-106.586,185.863,17.0805],"pipPosition":[-123.91,191.888,-12.4312],"stabilizedTipPosition":[-138.892,195.472,-40.6785],"timeVisible":6.97234,"tipPosition":[-133.895,194.747,-42.8165],"tipVelocity":[38.4138,43.9274,-1.73994],"tool":false,"touchDistance":0.301096,"touchZone":"hovering","type":4,"width":16.0043}],"r":[[0.862259,0.389231,0.324051],[-0.481589,0.82818,0.286687],[-0.156785,-0.403258,0.901555]],"s":1.17759,"t":[-62.3248,20.4612,-105.767],"timestamp":17601354177},{"currentFrameRate":115.692,"devices":[],"gestures":[],"hands":[{"armBasis":[[0.0527968,0.974086,-0.219929],[-0.208251,0.226133,0.951575],[0.976649,-0.00443988,0.214793]],"armWidth":62.7773,"confidence":1,"direction":[-0.455539,0.00182625,-0.890214],"elbow":[178.784,158.537,146.71],"grabAngle":0.517883,"grabStrength":0,"id":88,"palmNormal":[0.835258,-0.345041,-0.428125],"palmPosition":[-112.892,151.562,31.6987],"palmVelocity":[26.0876,10.7647,-7.33131],"palmWidth":87.2628,"pinchDistance":50.8899,"pinchStrength":0.285976,"r":[[0.862994,0.387619,0.324025],[-0.480071,0.828978,0.286926],[-0.157392,-0.403171,0.901488]],"s":1.17786,"sphereCenter":[-122.298,137.929,-6.2803],"sphereRadius":52.6694,"stabilizedPalmPosition":[-113.209,151.341,32.0167],"t":[-62.1444,20.5577,-105.856],"timeVisible":6.98102,"type":"right","wrist":[-74.1094,159.687,91.091]}],"id":60746,"interactionBox":{"center":[0,200,0],"size":[235.247,235.247,147.751]},"pointables":[{"bases":[[[-0.712053,0.686655,0.146582],[-0.443588,-0.601774,0.664152],[0.544252,0.407889,0.733087]],[[-0.87733,0.442955,-0.184617],[-0.475561,-0.750958,0.458153],[0.0643014,0.489748,0.86949]],[[-0.87733,0.442955,-0.184617],[-0.473045,-0.862997,0.177383],[-0.0807517,0.242955,0.96667]],[[-0.87733,0.442955,-0.184617],[-0.371341,-0.870318,-0.323499],[-0.303972,-0.21526,0.928043]]],"btipPosition":[-82.165,103.882,-14.1776],"carpPosition":[-88.7833,130.517,81.1797],"dipPosition":[-89.1559,98.9313,7.16601],"direction":[0.0807517,-0.242955,-0.96667],"extended":false,"handId":88,"id":880,"length":51.2144,"mcpPosition":[-88.7833,130.517,81.1797],"pipPosition":[-91.8616,107.072,39.5548],"stabilizedTipPosition":[-83.6705,102.463,-9.05233],"timeVisible":6.98102,"tipPosition":[-87.6889,102.684,-9.66754],"tipVelocity":[-10.4408,41.1335,-27.3235],"tool":false,"touchDistance":0.317208,"touchZone":"hovering","type":0,"width":20.183},{"bases":[[[0.227084,0.925568,-0.302913],[-0.900302,0.318113,0.297085],[0.371333,0.20525,0.90553]],[[0.262979,0.941421,-0.211112],[-0.958222,0.280368,0.0566159],[0.112488,0.187404,0.975821]],[[0.262979,0.941421,-0.211112],[-0.86656,0.134278,-0.480669],[-0.424164,0.309347,0.851111]],[[0.262979,0.941421,-0.211112],[-0.200315,-0.160769,-0.966451],[-0.943778,0.296445,0.146302]]],"btipPosition":[-111.767,109.548,-48.892],"carpPosition":[-106.739,144.266,78.8686],"dipPosition":[-127.613,114.525,-46.4356],"direction":[0.424164,-0.309347,-0.851111],"extended":true,"handId":88,"id":881,"length":57.7897,"mcpPosition":[-132.939,129.785,14.978],"pipPosition":[-137.688,121.873,-26.22],"stabilizedTipPosition":[-113.307,110.779,-44.7273],"timeVisible":6.98102,"tipPosition":[-114.39,108.84,-47.3364],"tipVelocity":[-15.2257,-6.70558,-52.9507],"tool":false,"touchDistance":0.265633,"touchZone":"hovering","type":1,"width":19.2788},{"bases":[[[0.425295,0.876906,-0.223965],[-0.840579,0.474441,0.261406],[0.335487,0.0770861,0.938886]],[[0.402553,0.870027,-0.284611],[-0.836336,0.475957,0.272043],[0.372147,0.128519,0.919233]],[[0.402553,0.870027,-0.284611],[-0.882887,0.451137,0.130329],[0.241788,0.198815,0.949743]],[[0.402553,0.870027,-0.284611],[-0.908328,0.418212,-0.0063053],[0.113542,0.261059,0.958622]]],"btipPosition":[-154.694,133.86,-75.3006],"carpPosition":[-105.766,155.482,75.3034],"dipPosition":[-152.597,138.681,-57.5979],"direction":[-0.241788,-0.198815,-0.949743],"extended":true,"handId":88,"id":882,"length":65.8467,"mcpPosition":[-128.214,150.324,12.4825],"pipPosition":[-145.841,144.237,-31.0581],"stabilizedTipPosition":[-154.107,134.667,-71.2064],"timeVisible":6.98102,"tipPosition":[-154.504,135.505,-70.9688],"tipVelocity":[-12.2999,51.613,-0.645335],"tool":false,"touchDistance":0.294941,"touchZone":"hovering","type":2,"width":18.9344},{"bases":[[[0.532177,0.840414,-0.102424],[-0.796922,0.538095,0.274533],[0.285835,-0.0644763,0.956107]],[[0.47433,0.838815,-0.267209],[-0.742536,0.544256,0.390416],[0.472917,0.0132262,0.881008]],[[0.47433,0.838815,-0.267209],[-0.779968,0.541174,0.314295],[0.408241,0.059335,0.910944]],[[0.47433,0.838815,-0.267209],[-0.828188,0.5281,0.187658],[0.298523,0.132287,0.94519]]],"btipPosition":[-156.299,165.36,-66.1069],"carpPosition":[-101.77,166.112,72.1647],"dipPosition":[-150.818,167.789,-48.7526],"direction":[-0.408241,-0.059335,-0.910944],"extended":true,"handId":88,"id":883,"length":63.3134,"mcpPosition":[-118.941,169.985,14.7274],"pipPosition":[-139.705,169.405,-23.9544],"stabilizedTipPosition":[-155.149,165.248,-62.011],"timeVisible":6.98102,"tipPosition":[-151.236,166.592,-63.4805],"tipVelocity":[20.6643,49.1413,-0.812878],"tool":false,"touchDistance":0.299565,"touchZone":"hovering","type":3,"width":18.0173},{"bases":[[[0.685993,0.726765,-0.0350199],[-0.676043,0.654435,0.338644],[0.269033,-0.208633,0.940263]],[[0.623857,0.75291,-0.209591],[-0.602362,0.634087,0.484865],[0.497959,-0.176237,0.849104]],[[0.623857,0.75291,-0.209591],[-0.618784,0.639661,0.456004],[0.477397,-0.15479,0.864946]],[[0.623857,0.75291,-0.209591],[-0.662528,0.651737,0.369181],[0.414558,-0.0914562,0.905416]]],"btipPosition":[-139.712,196.582,-44.4337],"carpPosition":[-91.2508,174.332,69.3192],"dipPosition":[-132.69,195.032,-29.0973],"direction":[-0.477397,0.15479,-0.864946],"extended":true,"handId":88,"id":884,"length":49.6365,"mcpPosition":[-106.212,185.934,17.0312],"pipPosition":[-123.514,192.057,-12.4728],"stabilizedTipPosition":[-138.542,195.803,-40.7787],"timeVisible":6.98102,"tipPosition":[-133.573,194.995,-42.8172],"tipVelocity":[49.0678,27.2085,-5.5016],"tool":false,"touchDistance":0.300301,"touchZone":"hovering","type":4,"width":16.0043}],"r":[[0.862994,0.387619,0.324025],[-0.480071,0.828978,0.286926],[-0.157392,-0.403171,0.901488]],"s":1.17786,"t":[-62.1444,20.5577,-105.856],"timestamp":17601362851},{"currentFrameRate":115.632,"devices":[],"gestures":[],"hands":[{"armBasis":[[0.0536117,0.974224,-0.21912],[-0.20927,0.225524,0.951496],[0.976387,-0.00515617,0.215967]],"armWidth":62.7773,"confidence":1,"direction":[-0.456437,0.0044481,-0.889745],"elbow":[179.079,158.254,146.949],"grabAngle":0.507019,"grabStrength":0,"id":88,"palmNormal":[0.834079,-0.346044,-0.42961],"palmPosition":[-112.594,151.637,31.6405],"palmVelocity":[34.1315,8.53394,-6.65091],"palmWidth":87.2628,"pinchDistance":51.1289,"pinchStrength":0.279905,"r":[[0.863813,0.385837,0.323972],[-0.478441,0.829714,0.287521],[-0.157868,-0.403366,0.901318]],"s":1.17808,"sphereCenter":[-121.887,138.046,-6.3975],"sphereRadius":52.6961,"stabilizedPalmPosition":[-113.006,151.439,31.8928],"t":[-61.9049,20.6433,-105.93],"timeVisible":6.98977,"type":"right","wrist":[-73.7471,159.589,91.0265]}],"id":60747,"interactionBox":{"center":[0,200,0],"size":[235.247,235.247,147.751]},"pointables":[{"bases":[[[-0.710425,0.687912,0.148572],[-0.444208,-0.602044,0.663493],[0.545871,0.405365,0.733283]],[[-0.876179,0.446541,-0.181415],[-0.477288,-0.751407,0.455613],[0.0671332,0.485786,0.871496]],[[-0.876179,0.446541,-0.181415],[-0.475314,-0.86292,0.171599],[-0.0799207,0.236581,0.968319]],[[-0.876179,0.446541,-0.181415],[-0.374959,-0.867992,-0.325569],[-0.302847,-0.217233,0.927951]]],"btipPosition":[-82.0508,104.262,-14.4485],"carpPosition":[-88.4798,130.449,81.0581],"dipPosition":[-89.0158,99.2663,6.89306],"direction":[0.0799207,-0.236581,-0.968319],"extended":false,"handId":88,"id":880,"length":51.2144,"mcpPosition":[-88.4798,130.449,81.0581],"pipPosition":[-91.6936,107.193,39.3371],"stabilizedTipPosition":[-83.662,102.774,-9.28574],"timeVisible":6.98977,"tipPosition":[-87.4617,102.787,-9.83552],"tipVelocity":[13.7341,42.2698,-31.0075],"tool":false,"touchDistance":0.312686,"touchZone":"hovering","type":0,"width":20.183},{"bases":[[[0.228767,0.925635,-0.301437],[-0.899314,0.319499,0.298587],[0.372692,0.20278,0.905528]],[[0.2636,0.940863,-0.212819],[-0.957906,0.281321,0.0572334],[0.113719,0.188774,0.975414]],[[0.2636,0.940863,-0.212819],[-0.866143,0.133737,-0.48157],[-0.42463,0.311274,0.850175]],[[0.2636,0.940863,-0.212819],[-0.244468,-0.148261,-0.958256],[-0.93314,0.304624,0.190929]]],"btipPosition":[-111.752,109.456,-49.6798],"carpPosition":[-106.408,144.241,78.7906],"dipPosition":[-127.419,114.57,-46.4741],"direction":[0.42463,-0.311274,-0.850175],"extended":true,"handId":88,"id":881,"length":57.7897,"mcpPosition":[-132.704,129.933,14.9002],"pipPosition":[-137.505,121.964,-26.2807],"stabilizedTipPosition":[-113.377,110.774,-44.8731],"timeVisible":6.98977,"tipPosition":[-114.303,109.121,-47.5253],"tipVelocity":[6.45656,-6.93063,-70.338],"tool":false,"touchDistance":0.255375,"touchZone":"hovering","type":1,"width":19.2788},{"bases":[[[0.426953,0.876402,-0.222782],[-0.839291,0.475763,0.263136],[0.336604,0.074632,0.938684]],[[0.404151,0.86969,-0.283374],[-0.834487,0.477434,0.275114],[0.374557,0.125284,0.918701]],[[0.404151,0.86969,-0.283374],[-0.881533,0.452997,0.133019],[0.244053,0.196043,0.949739]],[[0.404151,0.86969,-0.283374],[-0.907283,0.420507,-0.00342078],[0.116186,0.258483,0.959003]]],"btipPosition":[-154.644,134.281,-75.3271],"carpPosition":[-105.415,155.461,75.2451],"dipPosition":[-152.498,139.055,-57.6175],"direction":[-0.244053,-0.196043,-0.949739],"extended":true,"handId":88,"id":882,"length":65.8467,"mcpPosition":[-127.937,150.467,12.4376],"pipPosition":[-145.678,144.533,-31.0777],"stabilizedTipPosition":[-154.136,135.146,-71.2384],"timeVisible":6.98977,"tipPosition":[-154.342,135.855,-71.0158],"tipVelocity":[7.03329,46.8989,-2.85284],"tool":false,"touchDistance":0.294524,"touchZone":"hovering","type":2,"width":18.9344},{"bases":[[[0.53388,0.839456,-0.101416],[-0.795484,0.539299,0.276335],[0.286665,-0.0668548,0.955695]],[[0.476193,0.838356,-0.265329],[-0.740858,0.545038,0.392508],[0.473676,0.00966125,0.880646]],[[0.476193,0.838356,-0.265329],[-0.778308,0.542262,0.316526],[0.40924,0.0557797,0.91072]],[[0.476193,0.838356,-0.265329],[-0.826955,0.529542,0.189025],[0.298973,0.129403,0.945447]]],"btipPosition":[-156.047,165.786,-66.1077],"carpPosition":[-101.399,166.088,72.1219],"dipPosition":[-150.558,168.162,-48.7487],"direction":[-0.40924,-0.0557797,-0.91072],"extended":true,"handId":88,"id":883,"length":63.3134,"mcpPosition":[-118.62,170.104,14.7093],"pipPosition":[-139.417,169.68,-23.9566],"stabilizedTipPosition":[-154.972,165.774,-62.0615],"timeVisible":6.98977,"tipPosition":[-151.021,166.921,-63.4648],"tipVelocity":[29.0565,47.2008,0.0305907],"tool":false,"touchDistance":0.299569,"touchZone":"hovering","type":3,"width":18.0173},{"bases":[[[0.687519,0.725352,-0.0343786],[-0.67429,0.65526,0.340538],[0.269537,-0.210945,0.939602]],[[0.625672,0.751878,-0.207881],[-0.600892,0.634456,0.486204],[0.497457,-0.17929,0.848759]],[[0.625672,0.751878,-0.207881],[-0.617904,0.640332,0.456256],[0.476161,-0.157016,0.865226]],[[0.625672,0.751878,-0.207881],[-0.661612,0.652642,0.369227],[0.413285,-0.0934787,0.905791]]],"btipPosition":[-139.292,196.852,-44.435],"carpPosition":[-90.8651,174.29,69.2809],"dipPosition":[-132.291,195.269,-29.0923],"direction":[-0.476161,0.157016,-0.865226],"extended":true,"handId":88,"id":884,"length":49.6365,"mcpPosition":[-105.854,186.021,17.0296],"pipPosition":[-123.139,192.251,-12.4624],"stabilizedTipPosition":[-138.121,196.138,-40.8411],"timeVisible":6.98977,"tipPosition":[-133.288,195.26,-42.7609],"tipVelocity":[47.4835,30.0005,0.0125319],"tool":false,"touchDistance":0.300303,"touchZone":"hovering","type":4,"width":16.0043}],"r":[[0.863813,0.385837,0.323972],[-0.478441,0.829714,0.287521],[-0.157868,-0.403366,0.901318]],"s":1.17808,"t":[-61.9049,20.6433,-105.93],"timestamp":17601371601},{"currentFrameRate":115.51,"devices":[],"gestures":[],"hands":[{"armBasis":[[0.0539971,0.97441,-0.218197],[-0.210523,0.224713,0.951412],[0.976096,-0.00543794,0.21727]],"armWidth":62.7773,"confidence":1,"direction":[-0.456768,0.00643807,-0.889563],"elbow":[179.394,158.107,147.199],"grabAngle":0.497727,"grabStrength":0,"id":88,"palmNormal":[0.833526,-0.346271,-0.430501],"palmPosition":[-112.224,151.692,31.5407],"palmVelocity":[41.7546,6.21561,-11.2544],"palmWidth":87.2628,"pinchDistance":51.3468,"pinchStrength":0.274368,"r":[[0.864576,0.384108,0.32399],[-0.476926,0.830313,0.288309],[-0.158271,-0.403784,0.90106]],"s":1.17829,"sphereCenter":[-121.356,138.072,-6.56079],"sphereRadius":52.7355,"stabilizedPalmPosition":[-112.726,151.529,31.7665],"t":[-61.6001,20.7136,-106.017],"timeVisible":6.99863,"type":"right","wrist":[-73.3564,159.515,90.9392]}],"id":60748,"interactionBox":{"center":[0,200,0],"size":[235.247,235.247,147.751]},"pointables":[{"bases":[[[-0.709593,0.688464,0.149983],[-0.444635,-0.602643,0.662663],[0.546606,0.403533,0.733746]],[[-0.875418,0.448965,-0.17909],[-0.47846,-0.752203,0.453065],[0.0686987,0.482308,0.873304]],[[-0.875418,0.448965,-0.17909],[-0.476766,-0.86303,0.166953],[-0.0796037,0.231537,0.969564]],[[-0.875418,0.448965,-0.17909],[-0.377565,-0.866475,-0.326597],[-0.301807,-0.218291,0.928042]]],"btipPosition":[-81.7954,104.568,-14.7229],"carpPosition":[-88.1149,130.395,80.9139],"dipPosition":[-88.7365,99.5477,6.6207],"direction":[0.0796037,-0.231537,-0.969564],"extended":false,"handId":88,"id":880,"length":51.2144,"mcpPosition":[-88.1149,130.395,80.9139],"pipPosition":[-91.4037,107.305,39.1064],"stabilizedTipPosition":[-83.5364,103.071,-9.53125],"timeVisible":6.99863,"tipPosition":[-87.1058,102.891,-10.0226],"tipVelocity":[29.4369,33.8683,-30.907],"tool":false,"touchDistance":0.30812,"touchZone":"hovering","type":0,"width":20.183},{"bases":[[[0.229697,0.925876,-0.299989],[-0.89884,0.320016,0.299459],[0.373263,0.200858,0.905721]],[[0.263347,0.940521,-0.214636],[-0.957931,0.281257,0.057116],[0.114087,0.190566,0.975023]],[[0.263347,0.940521,-0.214636],[-0.865526,0.132093,-0.483131],[-0.426043,0.313005,0.848832]],[[0.263347,0.940521,-0.214636],[-0.28352,-0.137208,-0.9491],[-0.922098,0.310797,0.230523]]],"btipPosition":[-111.58,109.341,-50.4242],"carpPosition":[-106.029,144.211,78.6761],"dipPosition":[-127.062,114.559,-46.5537],"direction":[0.426043,-0.313005,-0.848832],"extended":true,"handId":88,"id":881,"length":57.7897,"mcpPosition":[-132.365,130.039,14.7721],"pipPosition":[-137.181,121.994,-26.3922],"stabilizedTipPosition":[-113.429,110.767,-45.0082],"timeVisible":6.99863,"tipPosition":[-114.048,109.351,-47.7559],"tipVelocity":[24.2107,-10.2678,-66.7322],"tool":false,"touchDistance":0.245517,"touchZone":"hovering","type":1,"width":19.2788},{"bases":[[[0.427857,0.876288,-0.22149],[-0.838654,0.476272,0.264243],[0.337043,0.0726958,0.938679]],[[0.404973,0.869684,-0.282217],[-0.833405,0.478062,0.277295],[0.376076,0.122904,0.918402]],[[0.404973,0.869684,-0.282217],[-0.880821,0.453877,0.134723],[0.245258,0.194023,0.949844]],[[0.404973,0.869684,-0.282217],[-0.906838,0.421473,-0.0024662],[0.116802,0.256924,0.959347]]],"btipPosition":[-154.399,134.584,-75.4181],"carpPosition":[-105.024,155.436,75.1489],"dipPosition":[-152.242,139.328,-57.702],"direction":[-0.245258,-0.194023,-0.949844],"extended":true,"handId":88,"id":882,"length":65.8467,"mcpPosition":[-127.575,150.572,12.3418],"pipPosition":[-145.389,144.75,-31.1594],"stabilizedTipPosition":[-153.974,135.515,-71.3115],"timeVisible":6.99863,"tipPosition":[-154.028,136.125,-71.1268],"tipVelocity":[27.8815,33.3472,-10.0938],"tool":false,"touchDistance":0.293033,"touchZone":"hovering","type":2,"width":18.9344},{"bases":[[[0.534788,0.839021,-0.100227],[-0.794771,0.539736,0.277532],[0.286951,-0.0687627,0.955474]],[[0.477353,0.838322,-0.263344],[-0.740031,0.545132,0.393936],[0.473802,0.00683614,0.880605]],[[0.477353,0.838322,-0.263344],[-0.777447,0.542601,0.318056],[0.409524,0.0529109,0.910764]],[[0.477353,0.838322,-0.263344],[-0.82654,0.530101,0.189275],[0.298272,0.127313,0.945952]]],"btipPosition":[-155.663,166.116,-66.1832],"carpPosition":[-100.997,166.063,72.0418],"dipPosition":[-150.187,168.454,-48.8149],"direction":[-0.409524,-0.0529109,-0.910764],"extended":true,"handId":88,"id":883,"length":63.3134,"mcpPosition":[-118.235,170.194,14.6425],"pipPosition":[-139.038,169.894,-24.0216],"stabilizedTipPosition":[-154.671,166.241,-62.1288],"timeVisible":6.99863,"tipPosition":[-150.688,167.175,-63.5181],"tipVelocity":[42.9995,36.2824,-8.27138],"tool":false,"touchDistance":0.298347,"touchZone":"hovering","type":3,"width":18.0173},{"bases":[[[0.688323,0.724633,-0.0334373],[-0.673422,0.655454,0.34188],[0.269654,-0.212807,0.939148]],[[0.626892,0.751429,-0.205817],[-0.600407,0.634293,0.487015],[0.496506,-0.181732,0.848797]],[[0.626892,0.751429,-0.205817],[-0.61791,0.64043,0.456111],[0.474546,-0.158756,0.865796]],[[0.626892,0.751429,-0.205817],[-0.661703,0.652966,0.368491],[0.411286,-0.0948143,0.906562]]],"btipPosition":[-138.79,197.064,-44.5056],"carpPosition":[-90.4552,174.258,69.2104],"dipPosition":[-131.824,195.458,-29.1498],"direction":[-0.474546,0.158756,-0.865796],"extended":true,"handId":88,"id":884,"length":49.6365,"mcpPosition":[-105.451,186.092,16.9843],"pipPosition":[-122.703,192.407,-12.509],"stabilizedTipPosition":[-137.622,196.436,-40.9121],"timeVisible":6.99863,"tipPosition":[-132.929,195.471,-42.7669],"tipVelocity":[55.6766,23.3937,-7.62651],"tool":false,"touchDistance":0.299176,"touchZone":"hovering","type":4,"width":16.0043}],"r":[[0.864576,0.384108,0.32399],[-0.476926,0.830313,0.288309],[-0.158271,-0.403784,0.90106]],"s":1.17829,"t":[-61.6001,20.7136,-106.017],"timestamp":17601380465},{"currentFrameRate":115.674,"devices":[],"gestures":[],"hands":[{"armBasis":[[0.0544179,0.974517,-0.217611],[-0.212066,0.224241,0.95118],[0.975739,-0.0056133,0.218865]],"armWidth":62.7773,"confidence":1,"direction":[-0.457276,0.00848848,-0.889284],"elbow":[179.749,157.971,147.486],"grabAngle":0.491309,"grabStrength":0,"id":88,"palmNormal":[0.832765,-0.346828,-0.431524],"palmPosition":[-111.808,151.732,31.4067],"palmVelocity":[49.6567,4.85897,-16.0198],"palmWidth":87.2628,"pinchDistance":51.4339,"pinchStrength":0.272155,"r":[[0.865335,0.382369,0.324021],[-0.475436,0.83084,0.289252],[-0.158609,-0.404351,0.900746]],"s":1.17855,"sphereCenter":[-120.72,137.941,-6.76144],"sphereRadius":52.7994,"stabilizedPalmPosition":[-112.401,151.601,31.6391],"t":[-61.2399,20.7691,-106.127],"timeVisible":7.007,"type":"right","wrist":[-72.9088,159.425,90.8128]}],"id":60749,"interactionBox":{"center":[0,200,0],"size":[235.247,235.247,147.751]},"pointables":[{"bases":[[[-0.708492,0.689273,0.151464],[-0.445135,-0.603015,0.661988],[0.547626,0.401591,0.734051]],[[-0.874625,0.451341,-0.176983],[-0.479708,-0.752932,0.450526],[0.0700845,0.478942,0.875045]],[[-0.874625,0.451341,-0.176983],[-0.478287,-0.862961,0.16291],[-0.079202,0.227134,0.970638]],[[-0.874625,0.451341,-0.176983],[-0.380141,-0.865039,-0.327414],[-0.300873,-0.219086,0.928158]]],"btipPosition":[-81.4837,104.824,-15.0261],"carpPosition":[-87.702,130.324,80.7327],"dipPosition":[-88.4034,99.7852,6.32017],"direction":[0.079202,-0.227134,-0.970638],"extended":false,"handId":88,"id":880,"length":51.2144,"mcpPosition":[-87.702,130.324,80.7327],"pipPosition":[-91.0571,107.395,38.8419],"stabilizedTipPosition":[-83.3406,103.323,-9.77978],"timeVisible":7.007,"tipPosition":[-86.7366,102.969,-10.2451],"tipVelocity":[37.8312,30.0556,-36.1599],"tool":false,"touchDistance":0.303077,"touchZone":"hovering","type":0,"width":20.183},{"bases":[[[0.230884,0.926001,-0.298689],[-0.898194,0.320872,0.300479],[0.374085,0.198905,0.905813]],[[0.263304,0.940043,-0.216772],[-0.958006,0.281237,0.0559451],[0.113555,0.192938,0.974618]],[[0.263304,0.940043,-0.216772],[-0.864177,0.129957,-0.486117],[-0.4288,0.315326,0.846581]],[[0.263304,0.940043,-0.216772],[-0.314711,-0.128709,-0.940421],[-0.911936,0.315837,0.261952]]],"btipPosition":[-111.289,109.197,-51.0372],"carpPosition":[-105.597,144.169,78.5268],"dipPosition":[-126.6,114.5,-46.639],"direction":[0.4288,-0.315326,-0.846581],"extended":true,"handId":88,"id":881,"length":57.7897,"mcpPosition":[-131.991,130.135,14.6163],"pipPosition":[-136.785,121.99,-26.531],"stabilizedTipPosition":[-113.468,110.757,-45.151],"timeVisible":7.007,"tipPosition":[-113.77,109.541,-48.0104],"tipVelocity":[39.4979,-14.836,-58.7466],"tool":false,"touchDistance":0.237324,"touchZone":"hovering","type":1,"width":19.2788},{"bases":[[[0.429016,0.876001,-0.220383],[-0.837799,0.477094,0.265471],[0.337696,0.0707451,0.938593]],[[0.405902,0.86946,-0.281572],[-0.832349,0.478923,0.278977],[0.377411,0.121128,0.91809]],[[0.405902,0.86946,-0.281572],[-0.880267,0.454772,0.135326],[0.245711,0.192929,0.94995]],[[0.405902,0.86946,-0.281572],[-0.906516,0.422158,-0.0032223],[0.116066,0.256557,0.959535]]],"btipPosition":[-154.059,134.798,-75.5365],"carpPosition":[-104.577,155.398,75.0164],"dipPosition":[-151.915,139.536,-57.817],"direction":[-0.245711,-0.192929,-0.94995],"extended":true,"handId":88,"id":882,"length":65.8467,"mcpPosition":[-127.173,150.665,12.215],"pipPosition":[-145.049,144.927,-31.2714],"stabilizedTipPosition":[-153.694,135.771,-71.4141],"timeVisible":7.007,"tipPosition":[-153.695,136.384,-71.2611],"tipVelocity":[40.3076,25.4399,-14.0589],"tool":false,"touchDistance":0.291073,"touchZone":"hovering","type":2,"width":18.9344},{"bases":[[[0.535962,0.838389,-0.0992398],[-0.793815,0.540473,0.278832],[0.287406,-0.0706655,0.955198]],[[0.47864,0.838068,-0.261812],[-0.739062,0.545548,0.395176],[0.474016,0.00434801,0.880506]],[[0.47864,0.838068,-0.261812],[-0.776547,0.54322,0.319197],[0.40973,0.0505286,0.910806]],[[0.47864,0.838068,-0.261812],[-0.826134,0.53085,0.188945],[0.297332,0.125855,0.946443]]],"btipPosition":[-155.228,166.393,-66.2908],"carpPosition":[-100.537,166.025,71.9234],"dipPosition":[-149.769,168.703,-48.9136],"direction":[-0.40973,-0.0505286,-0.910806],"extended":true,"handId":88,"id":883,"length":63.3134,"mcpPosition":[-117.802,170.27,14.5407],"pipPosition":[-138.615,170.079,-24.1191],"stabilizedTipPosition":[-154.292,166.611,-62.2183],"timeVisible":7.007,"tipPosition":[-150.319,167.418,-63.6006],"tipVelocity":[51.532,32.3089,-12.6194],"tool":false,"touchDistance":0.296587,"touchZone":"hovering","type":3,"width":18.0173},{"bases":[[[0.689369,0.723671,-0.0327168],[-0.672258,0.655913,0.343289],[0.269888,-0.214659,0.93866]],[[0.628291,0.750743,-0.204048],[-0.599653,0.634421,0.487777],[0.495647,-0.184108,0.848786]],[[0.628291,0.750743,-0.204048],[-0.617603,0.640806,0.455998],[0.473092,-0.160479,0.866274]],[[0.628291,0.750743,-0.204048],[-0.661648,0.653602,0.367458],[0.409233,-0.0958627,0.90738]]],"btipPosition":[-138.24,197.251,-44.613],"carpPosition":[-89.9846,174.209,69.0985],"dipPosition":[-131.308,195.627,-29.2434],"direction":[-0.473092,0.160479,-0.866274],"extended":true,"handId":88,"id":884,"length":49.6365,"mcpPosition":[-104.993,186.146,16.8996],"pipPosition":[-122.215,192.543,-12.5933],"stabilizedTipPosition":[-137.087,196.678,-41.0029],"timeVisible":7.007,"tipPosition":[-132.524,195.666,-42.8075],"tipVelocity":[64.7931,21.8149,-12.4512],"tool":false,"touchDistance":0.297439,"touchZone":"hovering","type":4,"width":16.0043}],"r":[[0.865335,0.382369,0.324021],[-0.475436,0.83084,0.289252],[-0.158609,-0.404351,0.900746]],"s":1.17855,"t":[-61.2399,20.7691,-106.127],"timestamp":17601388833},{"currentFrameRate":115.672,"devices":[],"gestures":[],"hands":[{"armBasis":[[0.0547594,0.974598,-0.217165],[-0.213788,0.223892,0.950877],[0.975344,-0.00564208,0.220618]],"armWidth":62.7773,"confidence":1,"direction":[-0.458235,0.00977034,-0.888777],"elbow":[180.194,157.886,147.796],"grabAngle":0.486408,"grabStrength":0,"id":88,"palmNormal":[0.832191,-0.346528,-0.43287],"palmPosition":[-111.309,151.737,31.2719],"palmVelocity":[57.7092,0.489237,-15.5837],"palmWidth":87.2628,"pinchDistance":51.4511,"pinchStrength":0.271718,"r":[[0.866033,0.380841,0.323956],[-0.474129,0.831213,0.290322],[-0.15871,-0.405025,0.900425]],"s":1.17878,"sphereCenter":[-119.889,137.769,-6.99041],"sphereRadius":52.8588,"stabilizedPalmPosition":[-111.989,151.652,31.5007],"t":[-60.8102,20.799,-106.249],"timeVisible":7.01565,"type":"right","wrist":[-72.3613,159.347,90.6694]}],"id":60750,"interactionBox":{"center":[0,200,0],"size":[235.247,235.247,147.751]},"pointables":[{"bases":[[[-0.708116,0.689295,0.153116],[-0.444604,-0.603728,0.661694],[0.548543,0.400481,0.733973]],[[-0.874452,0.452598,-0.17461],[-0.47983,-0.753991,0.44862],[0.0713903,0.47608,0.8765]],[[-0.874452,0.452598,-0.17461],[-0.478755,-0.863233,0.160072],[-0.0782807,0.223571,0.971539]],[[-0.874452,0.452598,-0.17461],[-0.381937,-0.864246,-0.327419],[-0.299095,-0.219622,0.928606]]],"btipPosition":[-81.0721,105.026,-15.3247],"carpPosition":[-87.156,130.257,80.5443],"dipPosition":[-87.9509,99.9751,6.03188],"direction":[0.0782807,-0.223571,-0.971539],"extended":false,"handId":88,"id":880,"length":51.2144,"mcpPosition":[-87.156,130.257,80.5443],"pipPosition":[-90.5737,107.466,38.5838],"stabilizedTipPosition":[-83.0465,103.555,-10.0509],"timeVisible":7.01565,"tipPosition":[-86.2575,103.028,-10.469],"tipVelocity":[48.6794,23.0565,-34.2495],"tool":false,"touchDistance":0.29814,"touchZone":"hovering","type":0,"width":20.183},{"bases":[[[0.230845,0.926313,-0.297749],[-0.89777,0.320761,0.301863],[0.375126,0.197627,0.905662]],[[0.26219,0.939857,-0.218918],[-0.958461,0.280017,0.0542562],[0.112294,0.195599,0.974234]],[[0.26219,0.939857,-0.218918],[-0.863261,0.127035,-0.48851],[-0.431319,0.317066,0.84465]],[[0.26219,0.939857,-0.218918],[-0.340644,-0.122113,-0.932229],[-0.902894,0.318994,0.28814]]],"btipPosition":[-110.853,109.022,-51.5554],"carpPosition":[-105.049,144.111,78.3755],"dipPosition":[-126.013,114.378,-46.7176],"direction":[0.431319,-0.317066,-0.84465],"extended":true,"handId":88,"id":881,"length":57.7897,"mcpPosition":[-131.517,130.167,14.4756],"pipPosition":[-136.257,121.909,-26.6554],"stabilizedTipPosition":[-113.502,110.738,-45.3558],"timeVisible":7.01565,"tipPosition":[-113.393,109.663,-48.2504],"tipVelocity":[54.4001,-18.7884,-48.2246],"tool":false,"touchDistance":0.230372,"touchZone":"hovering","type":1,"width":19.2788},{"bases":[[[0.429046,0.876152,-0.219722],[-0.837365,0.477008,0.26699],[0.338733,0.0694364,0.938317]],[[0.405722,0.869647,-0.281253],[-0.831904,0.478822,0.280475],[0.378584,0.120181,0.917731]],[[0.405722,0.869647,-0.281253],[-0.880248,0.454628,0.135927],[0.246074,0.192424,0.949958]],[[0.405722,0.869647,-0.281253],[-0.906634,0.421904,-0.00331988],[0.115775,0.256341,0.959628]]],"btipPosition":[-153.641,134.895,-75.641],"carpPosition":[-104.03,155.344,74.8784],"dipPosition":[-151.503,139.628,-57.9198],"direction":[-0.246074,-0.192424,-0.949958],"extended":true,"handId":88,"id":882,"length":65.8467,"mcpPosition":[-126.695,150.698,12.0955],"pipPosition":[-144.627,145.006,-31.3739],"stabilizedTipPosition":[-153.306,135.922,-71.5218],"timeVisible":7.01565,"tipPosition":[-153.311,136.531,-71.3709],"tipVelocity":[48.1515,11.0597,-12.0326],"tool":false,"touchDistance":0.289338,"touchZone":"hovering","type":2,"width":18.9344},{"bases":[[[0.536112,0.838351,-0.0987434],[-0.793347,0.540357,0.280385],[0.288418,-0.07198,0.954795]],[[0.478796,0.838293,-0.260805],[-0.738729,0.545213,0.39626],[0.474376,0.00293674,0.880317]],[[0.478796,0.838293,-0.260805],[-0.776333,0.542995,0.3201],[0.409953,0.0492093,0.910778]],[[0.478796,0.838293,-0.260805],[-0.826386,0.53063,0.188465],[0.29638,0.12529,0.946817]]],"btipPosition":[-154.746,166.529,-66.3931],"carpPosition":[-99.9894,165.973,71.7947],"dipPosition":[-149.304,168.829,-49.009],"direction":[-0.409953,-0.0492093,-0.910778],"extended":true,"handId":88,"id":883,"length":63.3134,"mcpPosition":[-117.316,170.298,14.4362],"pipPosition":[-138.144,170.169,-24.2153],"stabilizedTipPosition":[-153.826,166.872,-62.3214],"timeVisible":7.01565,"tipPosition":[-149.937,167.553,-63.6665],"tipVelocity":[55.2819,15.444,-11.6447],"tool":false,"touchDistance":0.294908,"touchZone":"hovering","type":3,"width":18.0173},{"bases":[[[0.689555,0.723502,-0.0325338],[-0.671685,0.655677,0.344858],[0.270837,-0.215946,0.938091]],[[0.628675,0.750735,-0.20289],[-0.599539,0.634053,0.488396],[0.495299,-0.185402,0.848708]],[[0.628675,0.750735,-0.20289],[-0.617891,0.640627,0.455859],[0.472206,-0.161224,0.866619]],[[0.628675,0.750735,-0.20289],[-0.662282,0.653602,0.366317],[0.407616,-0.0959241,0.908101]]],"btipPosition":[-137.69,197.332,-44.7271],"carpPosition":[-89.4378,174.158,68.9689],"dipPosition":[-130.785,195.707,-29.3452],"direction":[-0.472206,0.161224,-0.866619],"extended":true,"handId":88,"id":884,"length":49.6365,"mcpPosition":[-104.499,186.166,16.8017],"pipPosition":[-121.709,192.609,-12.6886],"stabilizedTipPosition":[-136.506,196.844,-41.1129],"timeVisible":7.01565,"tipPosition":[-132.126,195.782,-42.8492],"tipVelocity":[62.9244,9.345