{"frames":64,"data":[{"currentFrameRate":115.008,"devices":[],"gestures":[],"hands":[{"armBasis":[[0.152491,0.973546,-0.170158],[-0.225818,0.201939,0.953009],[0.96216,-0.106901,0.250639]],"armWidth":62.7773,"confidence":1,"direction":[-0.447185,0.0663103,-0.89198],"elbow":[199.684,131.889,152.51],"grabAngle":0.553416,"grabStrength":0,"id":88,"palmNormal":[0.819128,-0.370172,-0.43818],"palmPosition":[-87.8675,156.665,27.4261],"palmVelocity":[38.3417,32.7388,-7.56891],"palmWidth":87.2628,"pinchDistance":43.0318,"pinchStrength":0.485628,"r":[[0.886895,0.317042,0.336008],[-0.424927,0.845228,0.324078],[-0.181257,-0.430202,0.884349]],"s":1.12232,"sphereCenter":[-71.3146,120.958,-15.4685],"sphereRadius":64.1466,"stabilizedPalmPosition":[-88.1432,156.478,27.4841],"t":[-37.2763,25.5424,-110.148],"timeVisible":5.51571,"type":"right","wrist":[-49.4578,159.57,87.6091]}],"id":60579,"interactionBox":{"center":[0,200,0],"size":[235.247,235.247,147.751]},"pointables":[{"bases":[[[-0.675353,0.71689,0.173112],[-0.480921,-0.60605,0.633576],[0.559119,0.344635,0.754065]],[[-0.845047,0.513009,-0.150719],[-0.529613,-0.764324,0.367856],[0.0735158,0.390679,0.917587]],[[-0.845047,0.513009,-0.150719],[-0.534432,-0.81917,0.208189],[-0.0166614,0.256478,0.966406]],[[-0.845047,0.513009,-0.150719],[-0.497117,-0.857607,-0.131854],[-0.1969,-0.0364982,0.979744]]],"btipPosition":[-63.7789,105.696,-22.7882],"carpPosition":[-65.3461,132.153,76.0519],"dipPosition":[-68.3073,104.857,-0.255519],"direction":[0.0166614,-0.256478,-0.966406],"extended":false,"handId":88,"id":880,"length":51.2144,"mcpPosition":[-65.3461,132.153,76.0519],"pipPosition":[-68.8656,113.45,32.1244],"stabilizedTipPosition":[-64.9321,105.523,-17.6147],"timeVisible":5.51571,"tipPosition":[-65.195,105.684,-17.1735],"tipVelocity":[39.3204,-3.22886,3.85041],"tool":false,"touchDistance":0.334031,"touchZone":"hovering","type":0,"width":20.183},{"bases":[[[0.279059,0.924573,-0.259405],[-0.884407,0.352695,0.305664],[0.374099,0.144121,0.916122]],[[0.263564,0.917923,-0.296564],[-0.964641,0.251137,-0.0799846],[0.00105842,0.307159,0.951658]],[[0.263564,0.917923,-0.296564],[-0.810292,0.0438564,-0.584383],[-0.523412,0.394326,0.755345]],[[0.263564,0.917923,-0.296564],[-0.551839,-0.108686,-0.826838],[-0.791207,0.381581,0.4779]]],"btipPosition":[-83.2403,108.033,-56.5257],"carpPosition":[-82.5171,146.942,74.2549],"dipPosition":[-96.5246,114.44,-48.5019],"direction":[0.523412,-0.394326,-0.755345],"extended":true,"handId":88,"id":881,"length":57.7897,"mcpPosition":[-108.912,136.774,9.61703],"pipPosition":[-108.957,123.806,-30.5608],"stabilizedTipPosition":[-87.5375,109.693,-55.0242],"timeVisible":5.51571,"tipPosition":[-86.6279,110.129,-54.9606],"tipVelocity":[93.5024,6.01603,31.6795],"tool":false,"touchDistance":0.293258,"touchZone":"hovering","type":1,"width":19.2788},{"bases":[[[0.473689,0.86178,-0.18153],[-0.816069,0.507006,0.277447],[0.331135,0.0167178,0.943435]],[[0.431457,0.853834,-0.291226],[-0.852921,0.491246,0.176642],[0.293887,0.17218,0.940205]],[[0.431457,0.853834,-0.291226],[-0.88652,0.461089,0.0384509],[0.167112,0.241588,0.955881]],[[0.431457,0.853834,-0.291226],[-0.902127,0.409529,-0.135839],[0.00328165,0.321332,0.946961]]],"btipPosition":[-121.719,136.279,-80.6519],"carpPosition":[-80.9124,158.238,71.206],"dipPosition":[-121.659,142.213,-63.1646],"direction":[-0.167112,-0.241588,-0.955881],"extended":true,"handId":88,"id":882,"length":65.8467,"mcpPosition":[-103.069,157.119,8.08067],"pipPosition":[-116.989,148.964,-36.4532],"stabilizedTipPosition":[-121.863,137.595,-76.6033],"timeVisible":5.51571,"tipPosition":[-122.302,139.188,-76.2845],"tipVelocity":[38.9697,17.4783,-6.57603],"tool":false,"touchDistance":0.258211,"touchZone":"hovering","type":2,"width":18.9344},{"bases":[[[0.577417,0.814159,-0.0611127],[-0.769169,0.567555,0.293702],[0.273805,-0.122582,0.953942]],[[0.516054,0.822722,-0.238362],[-0.774367,0.567055,0.28072],[0.366119,0.0397132,0.92972]],[[0.516054,0.822722,-0.238362],[-0.802029,0.561818,0.202755],[0.300727,0.086541,0.949776]],[[0.516054,0.822722,-0.238362],[-0.837335,0.543169,0.0619518],[0.18044,0.167619,0.969198]]],"btipPosition":[-120.347,168.953,-73.2031],"carpPosition":[-76.324,168.766,68.575],"dipPosition":[-117.034,172.03,-55.408],"direction":[-0.300727,-0.086541,-0.949776],"extended":true,"handId":88,"id":883,"length":63.3134,"mcpPosition":[-92.7726,176.13,11.2679],"pipPosition":[-108.848,174.386,-29.5527],"stabilizedTipPosition":[-119.7,169.601,-69.0825],"timeVisible":5.51571,"tipPosition":[-120.426,173.373,-68.6276],"tipVelocity":[39.0012,23.7669,-8.95368],"tool":false,"touchDistance":0.236025,"touchZone":"hovering","type":3,"width":18.0173},{"bases":[[[0.724325,0.689456,0.00202407],[-0.642764,0.674203,0.363738],[0.249417,-0.264765,0.931499]],[[0.667873,0.725753,-0.165011],[-0.646163,0.675425,0.355351],[0.36935,-0.130705,0.920053]],[[0.667873,0.725753,-0.165011],[-0.66365,0.681065,0.309384],[0.33692,-0.0971195,0.936511]],[[0.667873,0.725753,-0.165011],[-0.694612,0.687425,0.21204],[0.267321,-0.026997,0.963229]]],"btipPosition":[-103.063,198.113,-51.9177],"carpPosition":[-65.3549,176.524,66.1679],"dipPosition":[-98.5345,197.656,-35.602],"direction":[-0.33692,0.0971195,-0.936511],"extended":true,"handId":88,"id":884,"length":49.6365,"mcpPosition":[-79.225,191.247,14.3673],"pipPosition":[-92.0588,195.789,-17.602],"stabilizedTipPosition":[-102.147,197.874,-48.1353],"timeVisible":5.51571,"tipPosition":[-100.795,201.246,-47.6621],"tipVelocity":[40.8728,46.5371,-8.6056],"tool":false,"touchDistance":0.217015,"touchZone":"hovering","type":4,"width":16.0043}],"r":[[0.886895,0.317042,0.336008],[-0.424927,0.845228,0.324078],[-0.181257,-0.430202,0.884349]],"s":1.12232,"t":[-37.2763,25.5424,-110.148],"timestamp":17599897542},{"currentFrameRate":115.136,"devices":[],"gestures":[],"hands":[{"armBasis":[[0.156274,0.973532,-0.166773],[-0.224679,0.199459,0.9538],[0.96182,-0.111584,0.249903]],"armWidth":62.7773,"confidence":1,"direction":[-0.446386,0.0642406,-0.892532],"elbow":[199.929,131.048,152.282],"grabAngle":0.553446,"grabStrength":0,"id":88,"palmNormal":[0.821528,-0.365971,-0.437216],"palmPosition":[-87.4438,156.965,27.3572],"palmVelocity":[50.0344,35.3983,-8.14135],"palmWidth":87.2628,"pinchDistance":42.844,"pinchStrength":0.490401,"r":[[0.885645,0.319516,0.33696],[-0.427437,0.844501,0.322669],[-0.181465,-0.429799,0.884501]],"s":1.12567,"sphereCenter":[-71.1686,121.448,-15.4361],"sphereRadius":63.9628,"stabilizedPalmPosition":[-87.7892,156.724,27.4199],"t":[-36.8958,25.7997,-110.217],"timeVisible":5.52418,"type":"right","wrist":[-49.1248,159.942,87.5726]}],"id":60580,"interactionBox":{"center":[0,200,0],"size":[235.247,235.247,147.751]},"pointables":[{"bases":[[[-0.67916,0.713458,0.172395],[-0.478672,-0.60858,0.632854],[0.55643,0.347288,0.754835]],[[-0.847595,0.508329,-0.152265],[-0.525904,-0.766432,0.36879],[0.0707659,0.392661,0.916956]],[[-0.847595,0.508329,-0.152265],[-0.530395,-0.82036,0.213753],[-0.0162554,0.261936,0.964948]],[[-0.847595,0.508329,-0.152265],[-0.494007,-0.860663,-0.123354],[-0.193754,-0.0293347,0.980612]]],"btipPosition":[-63.2481,105.657,-22.7743],"carpPosition":[-64.8611,132.557,76.0067],"dipPosition":[-67.7042,104.983,-0.221698],"direction":[0.0162554,-0.261936,-0.964948],"extended":false,"handId":88,"id":880,"length":51.2144,"mcpPosition":[-64.8611,132.557,76.0067],"pipPosition":[-68.2488,113.759,32.1094],"stabilizedTipPosition":[-64.4672,105.508,-17.5953],"timeVisible":5.52418,"tipPosition":[-64.4538,106.088,-17.2346],"tipVelocity":[64.6424,-0.131556,2.17969],"tool":false,"touchDistance":0.334238,"touchZone":"hovering","type":0,"width":20.183},{"bases":[[[0.274742,0.926013,-0.258877],[-0.886551,0.348192,0.304614],[0.372215,0.145817,0.916621]],[[0.258183,0.918741,-0.298758],[-0.966096,0.245454,-0.08007],[-0.000232392,0.309301,0.950964]],[[0.258183,0.918741,-0.298758],[-0.807356,0.0353489,-0.589005],[-0.530582,0.393275,0.750878]],[[0.258183,0.918741,-0.298758],[-0.547776,-0.115514,-0.828612],[-0.79579,0.377586,0.473441]]],"btipPosition":[-82.3923,108.233,-56.4148],"carpPosition":[-82.1038,147.26,74.1908],"dipPosition":[-95.7536,114.572,-48.4657],"direction":[0.530582,-0.393275,-0.750878],"extended":true,"handId":88,"id":881,"length":57.7897,"mcpPosition":[-108.366,136.972,9.51776],"pipPosition":[-108.356,123.913,-30.6308],"stabilizedTipPosition":[-86.6245,109.692,-54.8313],"timeVisible":5.52418,"tipPosition":[-85.8607,110.44,-55.03],"tipVelocity":[98.0531,21.7375,11.0725],"tool":false,"touchDistance":0.294821,"touchZone":"hovering","type":1,"width":19.2788},{"bases":[[[0.469587,0.864182,-0.180768],[-0.818952,0.50285,0.276513],[0.329857,0.018194,0.943856]],[[0.427105,0.855911,-0.291545],[-0.854845,0.487297,0.178272],[0.294654,0.173085,0.939798]],[[0.427105,0.855911,-0.291545],[-0.888704,0.456806,0.0391553],[0.166693,0.242374,0.955755]],[[0.427105,0.855911,-0.291545],[-0.904199,0.40516,-0.135165],[0.0024336,0.321344,0.946959]]],"btipPosition":[-121.282,136.441,-80.7171],"carpPosition":[-80.5519,158.564,71.1461],"dipPosition":[-121.237,142.375,-63.2299],"direction":[-0.166693,-0.242374,-0.955755],"extended":true,"handId":88,"id":882,"length":65.8467,"mcpPosition":[-102.623,157.346,7.99264],"pipPosition":[-116.579,149.148,-36.522],"stabilizedTipPosition":[-121.457,137.74,-76.6663],"timeVisible":5.52418,"tipPosition":[-121.654,139.313,-76.4045],"tipVelocity":[51.1872,19.1587,-7.7043],"tool":false,"touchDistance":0.257124,"touchZone":"hovering","type":2,"width":18.9344},{"bases":[[[0.573401,0.817058,-0.060229],[-0.772377,0.563631,0.292838],[0.273213,-0.121394,0.954263]],[[0.512073,0.825335,-0.237915],[-0.776733,0.563195,0.281952],[0.366698,0.0404167,0.929462]],[[0.512073,0.825335,-0.237915],[-0.804797,0.557808,0.202862],[0.30014,0.0875932,0.949865]],[[0.512073,0.825335,-0.237915],[-0.840048,0.538991,0.0617114],[0.179167,0.168259,0.969324]]],"btipPosition":[-119.987,169.159,-73.2679],"carpPosition":[-76.0131,169.115,68.5229],"dipPosition":[-116.697,172.249,-55.4706],"direction":[-0.30014,-0.0875932,-0.949865],"extended":true,"handId":88,"id":883,"length":63.3134,"mcpPosition":[-92.4261,176.408,11.1964],"pipPosition":[-108.526,174.633,-29.6128],"stabilizedTipPosition":[-119.349,169.802,-69.1513],"timeVisible":5.52418,"tipPosition":[-119.957,173.494,-68.7385],"tipVelocity":[41.9274,24.7371,-7.5906],"tool":false,"touchDistance":0.234954,"touchZone":"hovering","type":3,"width":18.0173},{"bases":[[[0.720852,0.693082,0.00306951],[-0.646597,0.670897,0.363054],[0.249567,-0.263693,0.931763]],[[0.665047,0.728904,-0.162517],[-0.649019,0.671772,0.357068],[0.369442,-0.13199,0.919832]],[[0.665047,0.728904,-0.162517],[-0.666464,0.677468,0.311226],[0.336954,-0.0986685,0.936337]],[[0.665047,0.728904,-0.162517],[-0.697735,0.68404,0.212733],[0.26623,-0.0280836,0.9635]]],"btipPosition":[-102.781,198.551,-51.9627],"carpPosition":[-65.08,176.929,66.1311],"dipPosition":[-98.2719,198.075,-35.6425],"direction":[-0.336954,0.0986685,-0.936337],"extended":true,"handId":88,"id":884,"length":49.6365,"mcpPosition":[-78.9585,191.593,14.3158],"pipPosition":[-91.7955,196.179,-17.6458],"stabilizedTipPosition":[-101.846,198.299,-48.1905],"timeVisible":5.52418,"tipPosition":[-100.516,201.456,-47.7449],"tipVelocity":[32.6965,51.2341,-5.19288],"tool":false,"touchDistance":0.216282,"touchZone":"hovering","type":4,"width":16.0043}],"r":[[0.885645,0.319516,0.33696],[-0.427437,0.844501,0.322669],[-0.181465,-0.429799,0.884501]],"s":1.12567,"t":[-36.8958,25.7997,-110.217],"timestamp":17599906010},{"currentFrameRate":115.154,"devices":[],"gestures":[],"hands":[{"armBasis":[[0.159339,0.973732,-0.162657],[-0.224048,0.196131,0.954639],[0.961464,-0.115668,0.249414]],"armWidth":62.7773,"confidence":1,"direction":[-0.445786,0.0626744,-0.892943],"elbow":[200.23,130.409,152.16],"grabAngle":0.554457,"grabStrength":0,"id":88,"palmNormal":[0.824095,-0.360735,-0.436735],"palmPosition":[-86.9641,157.337,27.3282],"palmVelocity":[55.4383,42.9877,-3.34927],"palmWidth":87.2628,"pinchDistance":42.642,"pinchStrength":0.495534,"r":[[0.884196,0.322437,0.337983],[-0.430486,0.843346,0.321636],[-0.181329,-0.429886,0.884487]],"s":1.129,"sphereCenter":[-70.9548,121.997,-15.3906],"sphereRadius":63.8028,"stabilizedPalmPosition":[-87.3764,157.031,27.374],"t":[-36.4657,26.1143,-110.267],"timeVisible":5.53283,"type":"right","wrist":[-48.7312,160.36,87.5763]}],"id":60581,"interactionBox":{"center":[0,200,0],"size":[235.247,235.247,147.751]},"pointables":[{"bases":[[[-0.683447,0.709336,0.172459],[-0.475838,-0.612043,0.63165],[0.553604,0.349637,0.755828]],[[-0.850598,0.502924,-0.153465],[-0.521459,-0.769321,0.369089],[0.0675596,0.393972,0.916636]],[[-0.850598,0.502924,-0.153465],[-0.525582,-0.821933,0.219522],[-0.0157355,0.267383,0.963462]],[[-0.850598,0.502924,-0.153465],[-0.490242,-0.86405,-0.114371],[-0.190121,-0.022049,0.981513]]],"btipPosition":[-62.6281,105.692,-22.7619],"carpPosition":[-64.2935,133.004,75.9747],"dipPosition":[-67.0006,105.185,-0.1885],"direction":[0.0157355,-0.267383,-0.963462],"extended":false,"handId":88,"id":880,"length":51.2144,"mcpPosition":[-64.2935,133.004,75.9747],"pipPosition":[-67.5278,114.144,32.0928],"stabilizedTipPosition":[-63.8892,105.555,-17.5778],"timeVisible":5.53283,"tipPosition":[-63.6331,106.608,-17.3049],"tipVelocity":[73.8812,8.47951,1.99189],"tool":false,"touchDistance":0.334406,"touchZone":"hovering","type":0,"width":20.183},{"bases":[[[0.269678,0.927873,-0.257538],[-0.888872,0.342732,0.304042],[0.370379,0.146925,0.917187]],[[0.251871,0.919891,-0.300601],[-0.96776,0.238948,-0.0796555],[-0.00144642,0.310973,0.950418]],[[0.251871,0.919891,-0.300601],[-0.804171,0.026137,-0.593823],[-0.538396,0.391302,0.746333]],[[0.251871,0.919891,-0.300601],[-0.543028,-0.122769,-0.830692],[-0.801051,0.372462,0.468604]]],"btipPosition":[-81.4526,108.567,-56.2767],"carpPosition":[-81.6187,147.61,74.1567],"dipPosition":[-94.9021,114.82,-48.4088],"direction":[0.538396,-0.391302,-0.746333],"extended":false,"handId":88,"id":881,"length":57.7897,"mcpPosition":[-107.751,137.244,9.44364],"pipPosition":[-107.69,124.115,-30.6819],"stabilizedTipPosition":[-85.6506,109.839,-54.6606],"timeVisible":5.53283,"tipPosition":[-85.0155,110.899,-55.0981],"tipVelocity":[106.257,36.337,13.8014],"tool":false,"touchDistance":0.297229,"touchZone":"hovering","type":1,"width":19.2788},{"bases":[[[0.464792,0.867078,-0.179288],[-0.822135,0.497809,0.276188],[0.328728,0.0190291,0.944233]],[[0.421934,0.858512,-0.291425],[-0.857048,0.482533,0.180642],[0.295705,0.173546,0.939383]],[[0.421934,0.858512,-0.291425],[-0.891312,0.451625,0.0399787],[0.165937,0.242882,0.955758]],[[0.421934,0.858512,-0.291425],[-0.906626,0.399795,-0.13488],[0.000714242,0.321124,0.947037]]],"btipPosition":[-120.781,136.715,-80.744],"carpPosition":[-80.1288,158.926,71.1264],"dipPosition":[-120.767,142.645,-63.2553],"direction":[-0.165937,-0.242882,-0.955758],"extended":true,"handId":88,"id":882,"length":65.8467,"mcpPosition":[-102.124,157.653,7.94763],"pipPosition":[-116.13,149.432,-36.5473],"stabilizedTipPosition":[-120.966,137.985,-76.7062],"timeVisible":5.53283,"tipPosition":[-120.957,139.584,-76.4936],"tipVelocity":[57.1422,31.5992,-3.0635],"tool":false,"touchDistance":0.256682,"touchZone":"hovering","type":2,"width":18.9344},{"bases":[[[0.568745,0.820417,-0.0586889],[-0.775929,0.558838,0.292632],[0.272878,-0.120895,0.954422]],[[0.5074,0.828526,-0.236835],[-0.779475,0.558476,0.283767],[0.367375,0.0406238,0.929185]],[[0.5074,0.828526,-0.236835],[-0.808148,0.552923,0.202912],[0.299069,0.0884405,0.950124]],[[0.5074,0.828526,-0.236835],[-0.843296,0.53395,0.0612371],[0.177195,0.16865,0.969618]]],"btipPosition":[-119.566,169.481,-73.2808],"carpPosition":[-75.6481,169.506,68.52],"dipPosition":[-116.312,172.578,-55.478],"direction":[-0.299069,-0.0884405,-0.950124],"extended":true,"handId":88,"id":883,"length":63.3134,"mcpPosition":[-92.041,176.769,11.1839],"pipPosition":[-108.171,174.985,-29.6132],"stabilizedTipPosition":[-118.935,170.107,-69.1784],"timeVisible":5.53283,"tipPosition":[-119.464,173.761,-68.7869],"tipVelocity":[47.6631,37.3841,-1.34201],"tool":false,"touchDistance":0.23476,"touchZone":"hovering","type":3,"width":18.0173},{"bases":[[[0.716841,0.697221,0.00463032],[-0.650846,0.666749,0.363105],[0.250078,-0.263303,0.931737]],[[0.661727,0.732646,-0.159208],[-0.652394,0.667314,0.359269],[0.369458,-0.133872,0.919554]],[[0.661727,0.732646,-0.159208],[-0.670027,0.673166,0.312908],[0.336424,-0.100386,0.936345]],[[0.661727,0.732646,-0.159208],[-0.701552,0.679974,0.213213],[0.264467,-0.0293966,0.963947]]],"btipPosition":[-102.448,199.107,-51.9416],"carpPosition":[-64.7576,177.385,66.1488],"dipPosition":[-97.9683,198.609,-35.6138],"direction":[-0.336424,0.100386,-0.936345],"extended":true,"handId":88,"id":884,"length":49.6365,"mcpPosition":[-78.6645,192.028,14.3349],"pipPosition":[-91.5021,196.679,-17.617],"stabilizedTipPosition":[-101.512,198.839,-48.1872],"timeVisible":5.53283,"tipPosition":[-100.226,201.803,-47.7433],"tipVelocity":[37.7455,63.6217,2.63895],"tool":false,"touchDistance":0.216662,"touchZone":"hovering","type":4,"width":16.0043}],"r":[[0.884196,0.322437,0.337983],[-0.430486,0.843346,0.321636],[-0.181329,-0.429886,0.884487]],"s":1.129,"t":[-36.4657,26.1143,-110.267],"timestamp":17599914663},{"currentFrameRate":115.15,"devices":[],"gestures":[],"hands":[{"armBasis":[[0.161796,0.97421,-0.157276],[-0.223604,0.191424,0.955698],[0.961157,-0.119461,0.248809]],"armWidth":62.7773,"confidence":1,"direction":[-0.444225,0.0608394,-0.893847],"elbow":[200.551,129.967,152.097],"grabAngle":0.553886,"grabStrength":0,"id":88,"palmNormal":[0.82779,-0.353733,-0.435473],"palmPosition":[-86.4062,157.814,27.3517],"palmVelocity":[64.1998,54.9674,2.69894],"palmWidth":87.2628,"pinchDistance":42.6481,"pinchStrength":0.495379,"r":[[0.882382,0.325992,0.33931],[-0.434342,0.841648,0.320899],[-0.180969,-0.430532,0.884247]],"s":1.13242,"sphereCenter":[-70.6196,122.801,-15.3086],"sphereRadius":63.6072,"stabilizedPalmPosition":[-86.9012,157.414,27.3631],"t":[-35.9717,26.5104,-110.279],"timeVisible":5.54152,"type":"right","wrist":[-48.3312,160.9,87.6698]}],"id":60582,"interactionBox":{"center":[0,200,0],"size":[235.247,235.247,147.751]},"pointables":[{"bases":[[[-0.689188,0.703844,0.172114],[-0.472618,-0.616716,0.629518],[0.549228,0.352512,0.757683]],[[-0.854302,0.495974,-0.15549],[-0.515967,-0.773054,0.369007],[0.0628155,0.395471,0.916328]],[[-0.854302,0.495974,-0.15549],[-0.519518,-0.824199,0.225383],[-0.0163708,0.273325,0.961782]],[[-0.854302,0.495974,-0.15549],[-0.48497,-0.868222,-0.104857],[-0.187006,-0.0141712,0.982257]]],"btipPosition":[-61.82,105.806,-22.6746],"carpPosition":[-63.6622,133.57,76.008],"dipPosition":[-66.1209,105.48,-0.0841613],"direction":[0.0163708,-0.273325,-0.961782],"extended":false,"handId":88,"id":880,"length":51.2144,"mcpPosition":[-63.6622,133.57,76.008],"pipPosition":[-66.6694,114.638,32.1408],"stabilizedTipPosition":[-63.16,105.674,-17.511],"timeVisible":5.54152,"tipPosition":[-62.5995,107.276,-17.3214],"tipVelocity":[94.8855,17.9114,10.4915],"tool":false,"touchDistance":0.335666,"touchZone":"hovering","type":0,"width":20.183},{"bases":[[[0.263226,0.93033,-0.255338],[-0.892128,0.335469,0.302603],[0.367178,0.148141,0.918278]],[[0.244268,0.921622,-0.301573],[-0.969705,0.231369,-0.0783666],[-0.00244949,0.31158,0.950217]],[[0.244268,0.921622,-0.301573],[-0.802679,0.0176714,-0.59615],[-0.544095,0.387687,0.744083]],[[0.244268,0.921622,-0.301573],[-0.539991,-0.129036,-0.831721],[-0.805445,0.36601,0.466148]]],"btipPosition":[-80.4499,109.087,-56.2316],"carpPosition":[-81.0934,148.048,74.1755],"dipPosition":[-93.9732,115.233,-48.4051],"direction":[0.544095,-0.387687,-0.744083],"extended":false,"handId":88,"id":881,"length":57.7897,"mcpPosition":[-107,137.595,9.3855],"pipPosition":[-106.897,124.441,-30.7315],"stabilizedTipPosition":[-84.6246,110.164,-54.5482],"timeVisible":5.54152,"tipPosition":[-83.9146,111.522,-55.1396],"tipVelocity":[113.433,57.0121,4.0894],"tool":false,"touchDistance":0.298776,"touchZone":"hovering","type":1,"width":19.2788},{"bases":[[[0.458617,0.87088,-0.176747],[-0.826505,0.491094,0.275166],[0.326436,0.0198871,0.94501]],[[0.415572,0.862016,-0.29022],[-0.860016,0.476268,0.183144],[0.296096,0.173485,0.939271]],[[0.415572,0.862016,-0.29022],[-0.894507,0.445142,0.0413059],[0.164796,0.242439,0.956068]],[[0.415572,0.862016,-0.29022],[-0.909559,0.393283,-0.134281],[-0.00161385,0.319776,0.947492]]],"btipPosition":[-120.124,137.152,-80.7662],"carpPosition":[-79.6823,159.38,71.1679],"dipPosition":[-120.154,143.057,-63.2691],"direction":[-0.164796,-0.242439,-0.956068],"extended":true,"handId":88,"id":882,"length":65.8467,"mcpPosition":[-101.524,158.049,7.93719],"pipPosition":[-115.549,149.832,-36.5525],"stabilizedTipPosition":[-120.339,138.379,-76.733],"timeVisible":5.54152,"tipPosition":[-120.031,139.955,-76.5807],"tipVelocity":[74.3784,49.5792,-2.33502],"tool":false,"touchDistance":0.256344,"touchZone":"hovering","type":2,"width":18.9344},{"bases":[[[0.562647,0.824799,-0.0559918],[-0.7808,0.552443,0.291819],[0.271624,-0.120473,0.954833]],[[0.501578,0.832743,-0.234431],[-0.783272,0.552186,0.285614],[0.367292,0.0403653,0.929229]],[[0.501578,0.832743,-0.234431],[-0.812424,0.54653,0.203153],[0.297298,0.0885602,0.950669]],[[0.501578,0.832743,-0.234431],[-0.847394,0.527486,0.0606844],[0.174193,0.168217,0.970237]]],"btipPosition":[-119.011,169.964,-73.2637],"carpPosition":[-75.2759,169.998,68.5898],"dipPosition":[-115.813,173.052,-55.4496],"direction":[-0.297298,-0.0885602,-0.950669],"extended":true,"handId":88,"id":883,"length":63.3134,"mcpPosition":[-91.5935,177.236,11.2291],"pipPosition":[-107.72,175.463,-29.57],"stabilizedTipPosition":[-118.406,170.562,-69.1689],"timeVisible":5.54152,"tipPosition":[-118.806,174.12,-68.8129],"tipVelocity":[62.3388,55.32,2.26214],"tool":false,"touchDistance":0.235088,"touchZone":"hovering","type":3,"width":18.0173},{"bases":[[[0.711528,0.702618,0.0074539],[-0.656697,0.661176,0.362761],[0.249954,-0.26301,0.931852]],[[0.65735,0.737602,-0.154384],[-0.657193,0.66136,0.361525],[0.368764,-0.136189,0.919492]],[[0.65735,0.737602,-0.154384],[-0.674947,0.667384,0.314715],[0.335167,-0.102677,0.936547]],[[0.65735,0.737602,-0.154384],[-0.706615,0.674501,0.213877],[0.261888,-0.0315024,0.964584]]],"btipPosition":[-102.032,199.829,-51.8525],"carpPosition":[-64.4402,177.964,66.2569],"dipPosition":[-97.5957,199.295,-35.5139],"direction":[-0.335167,0.102677,-0.936547],"extended":true,"handId":88,"id":884,"length":49.6365,"mcpPosition":[-78.3401,192.59,14.4366],"pipPosition":[-91.1537,197.322,-17.5132],"stabilizedTipPosition":[-101.112,199.532,-48.1131],"timeVisible":5.54152,"tipPosition":[-99.8515,202.271,-47.6798],"tipVelocity":[46.7482,82.1482,10.5434],"tool":false,"touchDistance":0.218189,"touchZone":"hovering","type":4,"width":16.0043}],"r":[[0.882382,0.325992,0.33931],[-0.434342,0.841648,0.320899],[-0.180969,-0.430532,0.884247]],"s":1.13242,"t":[-35.9717,26.5104,-110.279],"timestamp":17599923353},{"currentFrameRate":114.92,"devices":[],"gestures":[],"hands":[{"armBasis":[[0.163385,0.974849,-0.151576],[-0.223526,0.186224,0.956743],[0.960907,-0.122436,0.24833]],"armWidth":62.7773,"confidence":1,"direction":[-0.444075,0.0598067,-0.893992],"elbow":[201.137,129.594,152.063],"grabAngle":0.553874,"grabStrength":0,"id":88,"palmNormal":[0.830882,-0.345911,-0.435867],"palmPosition":[-85.6794,158.191,27.4134],"palmVelocity":[79.9319,41.4689,6.79573],"palmWidth":87.2628,"pinchDistance":42.5449,"pinchStrength":0.498,"r":[[0.880346,0.330043,0.340679],[-0.438804,0.839401,0.320714],[-0.180117,-0.43183,0.883788]],"s":1.13625,"sphereCenter":[-70.4719,123.421,-15.1663],"sphereRadius":63.3715,"stabilizedPalmPosition":[-86.2999,157.797,27.3879],"t":[-35.3613,26.897,-110.255],"timeVisible":5.55061,"type":"right","wrist":[-47.6805,161.298,87.7601]}],"id":60583,"interactionBox":{"center":[0,200,0],"size":[235.247,235.247,147.751]},"pointables":[{"bases":[[[-0.69489,0.697851,0.173588],[-0.46813,-0.622221,0.627452],[0.545878,0.354748,0.75906]],[[-0.858531,0.488385,-0.156221],[-0.509387,-0.777439,0.368934],[0.0587298,0.396318,0.916233]],[[-0.858531,0.488385,-0.156221],[-0.51253,-0.826501,0.232827],[-0.0154075,0.279957,0.959889]],[[-0.858531,0.488385,-0.156221],[-0.479397,-0.872612,-0.0934187],[-0.181944,-0.00531124,0.983295]]],"btipPosition":[-60.8877,105.762,-22.6205],"carpPosition":[-62.7769,133.993,76.0181],"dipPosition":[-65.0722,105.64,-0.00611774],"direction":[0.0154075,-0.279957,-0.959889],"extended":false,"handId":88,"id":880,"length":51.2144,"mcpPosition":[-62.7769,133.993,76.0181],"pipPosition":[-65.5884,115.02,32.1554],"stabilizedTipPosition":[-62.2774,105.714,-17.4491],"timeVisible":5.55061,"tipPosition":[-61.4591,107.866,-17.3854],"tipVelocity":[105.468,0.327553,6.56129],"tool":false,"touchDistance":0.336328,"touchZone":"hovering","type":0,"width":20.183},{"bases":[[[0.255988,0.933108,-0.252545],[-0.89498,0.327508,0.302901],[0.36535,0.148484,0.918952]],[[0.235368,0.923456,-0.303035],[-0.971903,0.222839,-0.0758076],[-0.00247684,0.312364,0.949959]],[[0.235368,0.923456,-0.303035],[-0.800476,0.00735425,-0.599319],[-0.551217,0.383633,0.740936]],[[0.235368,0.923456,-0.303035],[-0.535168,-0.137127,-0.833541],[-0.811293,0.358364,0.461929]]],"btipPosition":[-79.2804,109.543,-56.0846],"carpPosition":[-80.3215,148.336,74.2136],"dipPosition":[-92.902,115.56,-48.3289],"direction":[0.551217,-0.383633,-0.740936],"extended":false,"handId":88,"id":881,"length":57.7897,"mcpPosition":[-106.099,137.86,9.37605],"pipPosition":[-105.995,124.672,-30.7301],"stabilizedTipPosition":[-83.4676,110.563,-54.4188],"timeVisible":5.55061,"tipPosition":[-82.7555,112.128,-55.1883],"tipVelocity":[126.123,46.8795,14.3758],"tool":false,"touchDistance":0.302049,"touchZone":"hovering","type":1,"width":19.2788},{"bases":[[[0.451791,0.874994,-0.173982],[-0.83058,0.483726,0.275946],[0.325611,0.0198359,0.945296]],[[0.408217,0.865879,-0.289158],[-0.8627,0.469488,0.187964],[0.29851,0.172727,0.938647]],[[0.408217,0.865879,-0.289158],[-0.897671,0.438331,0.0452951],[0.165967,0.241079,0.956209]],[[0.408217,0.865879,-0.289158],[-0.912884,0.386717,-0.130739],[-0.00138145,0.317337,0.948312]]],"btipPosition":[-119.537,137.582,-80.704],"carpPosition":[-78.9986,159.687,71.2387],"dipPosition":[-119.562,143.442,-63.1918],"direction":[-0.165967,-0.241079,-0.956209],"extended":true,"handId":88,"id":882,"length":65.8467,"mcpPosition":[-100.785,158.36,7.98888],"pipPosition":[-114.924,150.179,-36.4712],"stabilizedTipPosition":[-119.71,138.814,-76.6881],"timeVisible":5.55061,"tipPosition":[-119.1,140.321,-76.5946],"tipVelocity":[64.7227,46.1605,7.2232],"tool":false,"touchDistance":0.257438,"touchZone":"hovering","type":2,"width":18.9344},{"bases":[[[0.556101,0.829405,-0.0532812],[-0.785376,0.54539,0.292804],[0.271912,-0.120983,0.954687]],[[0.494921,0.837346,-0.232175],[-0.786658,0.545258,0.289591],[0.369083,0.0393177,0.928565]],[[0.494921,0.837346,-0.232175],[-0.816481,0.539566,0.205491],[0.297341,0.0878647,0.95072]],[[0.494921,0.837346,-0.232175],[-0.851532,0.520585,0.0623198],[0.17305,0.166861,0.970676]]],"btipPosition":[-118.487,170.434,-73.1315],"carpPosition":[-74.6751,170.348,68.6935],"dipPosition":[-115.309,173.498,-55.3093],"direction":[-0.297341,-0.0878647,-0.95072],"extended":true,"handId":88,"id":883,"length":63.3134,"mcpPosition":[-91.01,177.616,11.3415],"pipPosition":[-107.215,175.89,-29.4283],"stabilizedTipPosition":[-117.869,171.039,-69.056],"timeVisible":5.55061,"tipPosition":[-118.136,174.465,-68.7323],"tipVelocity":[57.18,51.0711,14.7436],"tool":false,"touchDistance":0.237322,"touchZone":"hovering","type":3,"width":18.0173},{"bases":[[[0.705906,0.708236,0.00992912],[-0.662192,0.654908,0.364139],[0.251394,-0.263623,0.931292]],[[0.652473,0.742902,-0.149586],[-0.661551,0.654667,0.365735],[0.369634,-0.139674,0.91862]],[[0.652473,0.742902,-0.149586],[-0.679534,0.660936,0.318431],[0.335429,-0.106119,0.936069]],[[0.652473,0.742902,-0.149586],[-0.711458,0.668487,0.216684],[0.260971,-0.0349562,0.964714]]],"btipPosition":[-101.593,200.551,-51.6503],"carpPosition":[-63.9015,178.406,66.3906],"dipPosition":[-97.1723,199.959,-35.3095],"direction":[-0.335429,0.106119,-0.936069],"extended":true,"handId":88,"id":884,"length":49.6365,"mcpPosition":[-77.8815,193.066,14.6015],"pipPosition":[-90.7252,197.919,-17.318],"stabilizedTipPosition":[-100.68,200.244,-47.9346],"timeVisible":5.55061,"tipPosition":[-99.4442,202.713,-47.5091],"tipVelocity":[47.8787,77.9226,22.2929],"tool":false,"touchDistance":0.221568,"touchZone":"hovering","type":4,"width":16.0043}],"r":[[0.880346,0.330043,0.340679],[-0.438804,0.839401,0.320714],[-0.180117,-0.43183,0.883788]],"s":1.13625,"t":[-35.3613,26.897,-110.255],"timestamp":17599932446},{"currentFrameRate":115.221,"devices":[],"gestures":[],"hands":[{"armBasis":[[0.164689,0.975493,-0.145916],[-0.223747,0.181027,0.957688],[0.960633,-0.125072,0.248077]],"armWidth":62.7773,"confidence":1,"direction":[-0.442086,0.0588064,-0.895043],"elbow":[201.667,129.404,152.149],"grabAngle":0.553176,"grabStrength":0,"id":88,"palmNormal":[0.83455,-0.338772,-0.434465],"palmPosition":[-84.8961,158.661,27.4765],"palmVelocity":[95.8929,57.5188,7.72377],"palmWidth":87.2628,"pinchDistance":42.6591,"pinchStrength":0.495099,"r":[[0.878032,0.334384,0.342414],[-0.443757,0.836784,0.320737],[-0.179278,-0.433566,0.883108]],"s":1.14015,"sphereCenter":[-70.0633,124.265,-15.0462],"sphereRadius":63.1391,"stabilizedPalmPosition":[-85.6716,158.184,27.4275],"t":[-34.6645,27.3252,-110.211],"timeVisible":5.55878,"type":"right","wrist":[-47.0795,161.79,87.9122]}],"id":60584,"interactionBox":{"center":[0,200,0],"size":[235.247,235.247,147.751]},"pointables":[{"bases":[[[-0.700415,0.692345,0.173428],[-0.46528,-0.627171,0.624637],[0.541233,0.356812,0.761414]],[[-0.861956,0.481555,-0.158546],[-0.504132,-0.780999,0.368635],[0.0536939,0.397675,0.915954]],[[-0.861956,0.481555,-0.158546],[-0.506723,-0.828312,0.239021],[-0.0162233,0.286365,0.957983]],[[-0.861956,0.481555,-0.158546],[-0.474227,-0.876411,-0.0837426],[-0.179278,0.00300417,0.983794]]],"btipPosition":[-59.853,105.807,-22.4897],"carpPosition":[-61.9493,134.509,76.0832],"dipPosition":[-63.9762,105.876,0.136122],"direction":[0.0162233,-0.286365,-0.957983],"extended":false,"handId":88,"id":880,"length":51.2144,"mcpPosition":[-61.9493,134.509,76.0832],"pipPosition":[-64.5197,115.471,32.2338],"stabilizedTipPosition":[-61.3626,105.782,-17.3479],"timeVisible":5.55878,"tipPosition":[-60.2175,108.497,-17.3765],"tipVelocity":[128.406,10.8807,16.3315],"tool":false,"touchDistance":0.338029,"touchZone":"hovering","type":0,"width":20.183},{"bases":[[[0.249871,0.935572,-0.24954],[-0.898153,0.320236,0.30128],[0.361781,0.148844,0.920304]],[[0.228061,0.925144,-0.303473],[-0.973644,0.215988,-0.0732533],[-0.00222337,0.312181,0.95002]],[[0.228061,0.925144,-0.303473],[-0.799589,0.000113562,-0.600547],[-0.555558,0.379615,0.739761]],[[0.228061,0.925144,-0.303473],[-0.531169,-0.142999,-0.835111],[-0.815995,0.351652,0.458796]]],"btipPosition":[-78.1286,110.126,-56.0492],"carpPosition":[-79.5928,148.728,74.2665],"dipPosition":[-91.8291,116.03,-48.3461],"direction":[0.555558,-0.379615,-0.739761],"extended":false,"handId":88,"id":881,"length":57.7897,"mcpPosition":[-105.119,138.227,9.33353],"pipPosition":[-105.025,125.047,-30.7752],"stabilizedTipPosition":[-82.3694,111.025,-54.3478],"timeVisible":5.55878,"tipPosition":[-81.4121,112.804,-55.2142],"tipVelocity":[138.793,68.1745,2.85487],"tool":false,"touchDistance":0.304125,"touchZone":"hovering","type":1,"width":19.2788},{"bases":[[[0.445879,0.878687,-0.170589],[-0.834819,0.476985,0.274887],[0.322908,0.0198446,0.946222]],[[0.402213,0.869382,-0.287054],[-0.865225,0.463454,0.1913],[0.299349,0.171423,0.938618]],[[0.402213,0.869382,-0.287054],[-0.900495,0.432271,0.0474431],[0.165332,0.239409,0.956739]],[[0.402213,0.869382,-0.287054],[-0.915541,0.380911,-0.129191],[-0.0029741,0.314773,0.949162]]],"btipPosition":[-118.695,138.146,-80.7105],"carpPosition":[-78.3445,160.096,71.3234],"dipPosition":[-118.749,143.959,-63.1826],"direction":[-0.165332,-0.239409,-0.956739],"extended":true,"handId":88,"id":882,"length":65.8467,"mcpPosition":[-99.9504,158.769,8.01152],"pipPosition":[-114.129,150.649,-36.4472],"stabilizedTipPosition":[-118.933,139.332,-76.6811],"timeVisible":5.55878,"tipPosition":[-117.925,140.775,-76.6661],"tipVelocity":[102.288,67.7394,-0.355935],"tool":false,"touchDistance":0.259113,"touchZone":"hovering","type":2,"width":18.9344},{"bases":[[[0.550193,0.833556,-0.0497189],[-0.79011,0.538934,0.29202],[0.270211,-0.121384,0.955119]],[[0.489431,0.841498,-0.228776],[-0.790049,0.53894,0.292174],[0.36916,0.0377452,0.928599]],[[0.489431,0.841498,-0.228776],[-0.82051,0.533227,0.205992],[0.295331,0.0868943,0.951435]],[[0.489431,0.841498,-0.228776],[-0.855381,0.514302,0.06178],[0.169648,0.165454,0.971517]]],"btipPosition":[-117.688,171.026,-73.0712],"carpPosition":[-74.0919,170.794,68.8163],"dipPosition":[-114.573,174.064,-55.2335],"direction":[-0.295331,-0.0868943,-0.951435],"extended":true,"handId":88,"id":883,"length":63.3134,"mcpPosition":[-90.3246,178.086,11.4383],"pipPosition":[-106.533,176.429,-29.333],"stabilizedTipPosition":[-117.149,171.589,-68.9858],"timeVisible":5.55878,"tipPosition":[-117.208,174.895,-68.7197],"tipVelocity":[96.0794,71.7347,7.82704],"tool":false,"touchDistance":0.240253,"touchZone":"hovering","type":3,"width":18.0173},{"bases":[[[0.700704,0.713323,0.0135977],[-0.66792,0.649166,0.36396],[0.250794,-0.26411,0.931315]],[[0.648382,0.747643,-0.143634],[-0.665994,0.648423,0.368782],[0.368852,-0.143452,0.918351]],[[0.648382,0.747643,-0.143634],[-0.684362,0.655034,0.320281],[0.333541,-0.109367,0.93637]],[[0.648382,0.747643,-0.143634],[-0.716333,0.663007,0.21746],[0.257813,-0.038107,0.965443]]],"btipPosition":[-100.912,201.355,-51.4884],"carpPosition":[-63.3711,178.936,66.5626],"dipPosition":[-96.5451,200.71,-35.1353],"direction":[-0.333541,0.109367,-0.93637],"extended":true,"handId":88,"id":884,"length":49.6365,"mcpPosition":[-77.3177,193.623,14.7722],"pipPosition":[-90.1343,198.608,-17.138],"stabilizedTipPosition":[-100.096,200.971,-47.7779],"timeVisible":5.55878,"tipPosition":[-98.8008,203.235,-47.3784],"tipVelocity":[81.8333,96.9922,20.1596],"tool":false,"touchDistance":0.227069,"touchZone":"hovering","type":4,"width":16.0043}],"r":[[0.878032,0.334384,0.342414],[-0.443757,0.836784,0.320737],[-0.179278,-0.433566,0.883108]],"s":1.14015,"t":[-34.6645,27.3252,-110.211],"timestamp":17599940614},{"currentFrameRate":115.197,"devices":[],"gestures":[],"hands":[{"armBasis":[[0.165426,0.976233,-0.140013],[-0.224378,0.175502,0.958569],[0.960359,-0.127157,0.248078]],"armWidth":62.7773,"confidence":1,"direction":[-0.43955,0.0586944,-0.896299],"elbow":[202.343,129.334,152.454],"grabAngle":0.549842,"grabStrength":0,"id":88,"palmNormal":[0.838129,-0.332043,-0.432767],"palmPosition":[-83.9394,159.159,27.6711],"palmVelocity":[109.696,57.1231,22.3088],"palmWidth":87.2628,"pinchDistance":43.0112,"pinchStrength":0.486152,"r":[[0.875501,0.338768,0.344579],[-0.448996,0.833897,0.320966],[-0.17861,-0.43572,0.882183]],"s":1.1441,"sphereCenter":[-69.4007,125.354,-14.8665],"sphereRadius":62.8765,"stabilizedPalmPosition":[-84.878,158.631,27.5391],"t":[-33.8377,27.7884,-110.092],"timeVisible":5.5675,"type":"right","wrist":[-46.3327,162.26,88.2163]}],"id":60585,"interactionBox":{"center":[0,200,0],"size":[235.247,235.247,147.751]},"pointables":[{"bases":[[[-0.705437,0.687273,0.173247],[-0.463239,-0.632075,0.621201],[0.53644,0.357964,0.764261]],[[-0.86479,0.475655,-0.160905],[-0.499709,-0.783776,0.368762],[0.04929,0.399308,0.915491]],[[-0.86479,0.475655,-0.160905],[-0.501847,-0.829562,0.244903],[-0.0169914,0.292539,0.956102]],[[-0.86479,0.475655,-0.160905],[-0.470021,-0.879554,-0.073926],[-0.176688,0.0116984,0.984197]]],"btipPosition":[-58.7214,105.82,-22.2183],"carpPosition":[-60.9947,135.007,76.2786],"dipPosition":[-62.785,106.089,0.41679],"direction":[0.0169914,-0.292539,-0.956102],"extended":false,"handId":88,"id":880,"length":51.2144,"mcpPosition":[-60.9947,135.007,76.2786],"pipPosition":[-63.3543,115.891,32.4515],"stabilizedTipPosition":[-60.3024,105.844,-17.1394],"timeVisible":5.5675,"tipPosition":[-58.8354,109.12,-17.2413],"tipVelocity":[131.311,6.76111,31.3603],"tool":false,"touchDistance":0.341663,"touchZone":"hovering","type":0,"width":20.183},{"bases":[[[0.244624,0.937926,-0.245872],[-0.901179,0.313504,0.299319],[0.357821,0.148354,0.92193]],[[0.222003,0.926943,-0.302474],[-0.975046,0.210785,-0.0696838],[-0.000836028,0.310396,0.950607]],[[0.222003,0.926943,-0.302474],[-0.801045,-0.00347915,-0.598594],[-0.555915,0.375185,0.741751]],[[0.222003,0.926943,-0.302474],[-0.530955,-0.145261,-0.834857],[-0.817803,0.345941,0.459917]]],"btipPosition":[-77,110.826,-56.0736],"carpPosition":[-78.7238,149.118,74.4477],"dipPosition":[-90.7309,116.634,-48.3516],"direction":[0.555915,-0.375185,-0.741751],"extended":false,"handId":88,"id":881,"length":57.7897,"mcpPosition":[-103.97,138.65,9.40002],"pipPosition":[-103.935,125.546,-30.7335],"stabilizedTipPosition":[-81.1782,111.638,-54.3207],"timeVisible":5.5675,"tipPosition":[-79.8978,113.54,-55.1237],"tipVelocity":[128.596,77.7597,-2.29758],"tool":false,"touchDistance":0.305275,"touchZone":"hovering","type":1,"width":19.2788},{"bases":[[[0.440738,0.882067,-0.166456],[-0.838774,0.470739,0.27361],[0.3197,0.0190281,0.947328]],[[0.397227,0.872738,-0.283793],[-0.867274,0.458106,0.194868],[0.300076,0.168719,0.938876]],[[0.397227,0.872738,-0.283793],[-0.902669,0.427338,0.0507044],[0.165527,0.23603,0.957544]],[[0.397227,0.872738,-0.283793],[-0.917716,0.376822,-0.125708],[-0.00277132,0.310376,0.95061]]],"btipPosition":[-117.719,138.91,-80.626],"carpPosition":[-77.5396,160.502,71.5433],"dipPosition":[-117.77,144.642,-63.0714],"direction":[-0.165527,-0.23603,-0.957544],"extended":true,"handId":88,"id":882,"length":65.8467,"mcpPosition":[-98.9307,159.229,8.15746],"pipPosition":[-113.144,151.238,-36.3135],"stabilizedTipPosition":[-117.985,140.039,-76.6081],"timeVisible":5.5675,"tipPosition":[-116.55,141.345,-76.6314],"tipVelocity":[112.003,85.5008,10.3906],"tool":false,"touchDistance":0.26357,"touchZone":"hovering","type":2,"width":18.9344},{"bases":[[[0.544949,0.83724,-0.0453835],[-0.794523,0.532923,0.291078],[0.267888,-0.122564,0.955622]],[[0.484843,0.845351,-0.224296],[-0.79301,0.533071,0.294908],[0.368866,0.0348845,0.928828]],[[0.484843,0.845351,-0.224296],[-0.823842,0.527527,0.207364],[0.293617,0.0842454,0.952204]],[[0.484843,0.845351,-0.224296],[-0.858503,0.508981,0.0625411],[0.167031,0.162236,0.972512]]],"btipPosition":[-116.697,171.794,-72.8842],"carpPosition":[-73.3481,171.235,69.0826],"dipPosition":[-113.63,174.773,-55.0283],"direction":[-0.293617,-0.0842454,-0.952204],"extended":true,"handId":88,"id":883,"length":63.3134,"mcpPosition":[-89.4413,178.598,11.6745],"pipPosition":[-105.637,177.067,-29.1069],"stabilizedTipPosition":[-116.216,172.306,-68.8179],"timeVisible":5.5675,"tipPosition":[-116.042,175.425,-68.5838],"tipVelocity":[112.348,86.5691,21.913],"tool":false,"touchDistance":0.247046,"touchZone":"hovering","type":3,"width":18.0173},{"bases":[[[0.696028,0.717787,0.0180579],[-0.673282,0.643721,0.363752],[0.249472,-0.26534,0.931321]],[[0.644891,0.751901,-0.136964],[-0.670044,0.642431,0.371918],[0.367636,-0.148075,0.918106]],[[0.644891,0.751901,-0.136964],[-0.688561,0.649368,0.322808],[0.33166,-0.113868,0.936502]],[[0.644891,0.751901,-0.136964],[-0.720468,0.657886,0.219345],[0.255033,-0.0427751,0.965986]]],"btipPosition":[-100.015,202.267,-51.1657],"carpPosition":[-62.6729,179.453,66.8888],"dipPosition":[-95.6949,201.542,-34.8034],"direction":[-0.33166,0.113868,-0.936502],"extended":true,"handId":88,"id":884,"length":49.6365,"mcpPosition":[-76.546,194.208,15.0981],"pipPosition":[-89.3203,199.354,-16.8035],"stabilizedTipPosition":[-99.2853,201.823,-47.4946],"timeVisible":5.5675,"tipPosition":[-97.9089,203.841,-47.0982],"tipVelocity":[101.62