{"frames":74,"data":[{"currentFrameRate":115.371,"devices":[],"gestures":[],"hands":[{"armBasis":[[0.190366,-0.880955,-0.43322],[0.980399,0.193427,0.0374732],[0.0507841,-0.431862,0.900509]],"armWidth":51.6826,"confidence":1,"direction":[0.551761,0.299462,-0.778385],"elbow":[124.815,7.69549,288.889],"grabAngle":0.748951,"grabStrength":0,"id":93,"palmNormal":[-0.810438,-0.0277703,-0.585166],"palmPosition":[138.874,131.897,33.3001],"palmVelocity":[-8.1941,6.09152,0.736621],"palmWidth":76.2329,"pinchDistance":78.3934,"pinchStrength":0,"r":[[0.456802,-0.874412,0.163511],[0.862793,0.480262,0.157917],[-0.216613,0.0689392,0.973821]],"s":1.35667,"sphereCenter":[148.557,110.593,-9.25057],"sphereRadius":54.9444,"stabilizedPalmPosition":[139.663,131.167,32.5793],"t":[34.7739,-3.40655,118.331],"timeVisible":12.2883,"type":"right","wrist":[113.327,105.387,85.1848]}],"id":119959,"interactionBox":{"center":[0,200,0],"size":[235.247,235.247,147.751]},"pointables":[{"bases":[[[0.911756,-0.300495,0.280006],[-0.0113177,0.663085,0.748458],[-0.410575,-0.685581,0.601171]],[[0.987403,0.12555,-0.0962978],[-0.062081,0.867202,0.494071],[0.14554,-0.481869,0.864072]],[[0.987403,0.12555,-0.0962978],[-0.0957146,0.958564,0.268317],[0.125995,-0.25572,0.958505]],[[0.987403,0.12555,-0.0962978],[-0.126061,0.992022,0.000774984],[0.0956268,0.0113742,0.995352]]],"btipPosition":[92.7887,161.437,-12.6475],"carpPosition":[104.485,134.027,71.5492],"dipPosition":[94.7103,161.666,7.35302],"direction":[-0.125995,0.25572,-0.958505],"extended":false,"handId":93,"id":930,"length":44.7461,"mcpPosition":[104.485,134.027,71.5492],"pipPosition":[98.3986,154.18,35.4121],"stabilizedTipPosition":[94.4487,159.836,-9.62368],"timeVisible":12.2883,"tipPosition":[95.5696,161.119,-7.90476],"tipVelocity":[-12.2069,-1.8288,1.55332],"tool":false,"touchDistance":0.305293,"touchZone":"hovering","type":0,"width":16.187},{"bases":[[[0.286698,-0.889885,-0.354837],[0.877255,0.0950083,0.470528],[-0.385003,-0.446182,0.807895]],[[0.229989,-0.943575,-0.238269],[0.717267,-0.00112443,0.696797],[-0.657748,-0.331158,0.676537]],[[0.229989,-0.943575,-0.238269],[0.888128,0.103394,0.447815],[-0.397911,-0.314606,0.861795]],[[0.229989,-0.943575,-0.238269],[0.961458,0.182394,0.205744],[-0.150676,-0.276404,0.949156]]],"btipPosition":[182.5,181.023,-33.939],"carpPosition":[124.039,130.722,72.6208],"dipPosition":[180.289,176.968,-20.0155],"direction":[0.397911,0.314606,-0.861795],"extended":true,"handId":93,"id":931,"length":50.491,"mcpPosition":[147.77,158.224,22.8239],"pipPosition":[172.032,170.439,-2.13131],"stabilizedTipPosition":[182.424,179.425,-31.4911],"timeVisible":12.2883,"tipPosition":[174.812,179.722,-32.5646],"tipVelocity":[-17.6787,10.6736,-2.12304],"tool":false,"touchDistance":0.333319,"touchZone":"hovering","type":1,"width":15.4618},{"bases":[[[0.0782672,-0.945055,-0.317405],[0.90443,-0.066624,0.421387],[-0.419381,-0.320051,0.849521]],[[0.0216273,-0.979301,-0.201253],[0.787463,-0.10734,0.606943],[-0.615982,-0.171606,0.768842]],[[0.0216273,-0.979301,-0.201253],[0.957985,-0.0372863,0.284385],[-0.286002,-0.198947,0.937349]],[[0.0216273,-0.979301,-0.201253],[0.99851,0.0312451,-0.0447359],[0.050098,-0.199985,0.978517]]],"btipPosition":[184.586,155.89,-50.8759],"carpPosition":[128.406,121.996,69.2719],"dipPosition":[185.394,152.663,-35.088],"direction":[0.286002,0.198947,-0.937349],"extended":true,"handId":93,"id":932,"length":57.5304,"mcpPosition":[152.92,140.704,19.615],"pipPosition":[178.412,147.806,-12.2027],"stabilizedTipPosition":[185.088,154.698,-47.4217],"timeVisible":12.2883,"tipPosition":[179.437,159.592,-47.956],"tipVelocity":[-14.912,11.5905,-1.57568],"tool":false,"touchDistance":0.333323,"touchZone":"hovering","type":2,"width":15.1855},{"bases":[[[-0.0527053,-0.974123,-0.219788],[0.893881,-0.144142,0.4245],[-0.445196,-0.174091,0.878347]],[[-0.0852716,-0.984281,-0.154662],[0.867748,-0.149647,0.473941],[-0.489635,-0.0937935,0.866868]],[[-0.0852716,-0.984281,-0.154662],[0.996114,-0.0807819,-0.0350967],[0.0220512,-0.157053,0.987344]],[[-0.0852716,-0.984281,-0.154662],[0.879371,-0.0013671,-0.476135],[0.468439,-0.176606,0.865665]]],"btipPosition":[164.286,131.79,-50.9655],"carpPosition":[130.178,112.487,65.755],"dipPosition":[171.801,128.957,-37.0788],"direction":[-0.0220512,0.157053,-0.987344],"extended":true,"handId":93,"id":933,"length":55.3171,"mcpPosition":[153.542,121.623,19.6586],"pipPosition":[172.325,125.221,-13.5954],"stabilizedTipPosition":[166.102,130.67,-47.9072],"timeVisible":12.2883,"tipPosition":[165.797,133.809,-48.1014],"tipVelocity":[-8.57579,10.8098,-0.663838],"tool":false,"touchDistance":0.33333,"touchZone":"hovering","type":3,"width":14.45},{"bases":[[[-0.250843,-0.950428,-0.18375],[0.831934,-0.30871,0.461068],[-0.494937,-0.0372122,0.868132]],[[-0.300559,-0.949197,-0.0932194],[0.925232,-0.3139,0.213101],[-0.231537,-0.0222,0.972573]],[[-0.300559,-0.949197,-0.0932194],[0.889353,-0.243611,-0.386917],[0.344551,-0.199197,0.91739]],[[-0.300559,-0.949197,-0.0932194],[0.694508,-0.150823,-0.703499],[0.653699,-0.276185,0.704556]]],"btipPosition":[141.595,112.145,-36.1806],"carpPosition":[125.981,102.231,61.3525],"dipPosition":[151.269,108.057,-25.7538],"direction":[-0.344551,0.199197,-0.91739],"extended":true,"handId":93,"id":934,"length":43.3675,"mcpPosition":[150.026,104.038,19.1778],"pipPosition":[157.055,104.712,-10.3482],"stabilizedTipPosition":[143.832,111.178,-33.7812],"timeVisible":12.2883,"tipPosition":[146.531,113.321,-33.7206],"tipVelocity":[-4.98637,7.79353,-0.436625],"tool":false,"touchDistance":-0.242142,"touchZone":"touching","type":4,"width":12.8356}],"r":[[0.456802,-0.874412,0.163511],[0.862793,0.480262,0.157917],[-0.216613,0.0689392,0.973821]],"s":1.35667,"t":[34.7739,-3.40655,118.331],"timestamp":7831325848},{"currentFrameRate":114.775,"devices":[],"gestures":[],"hands":[{"armBasis":[[0.190568,-0.881372,-0.432281],[0.980264,0.194443,0.0356968],[0.0525917,-0.430552,0.901032]],"armWidth":51.6826,"confidence":1,"direction":[0.551394,0.300251,-0.77834],"elbow":[125.168,8.00511,289.077],"grabAngle":0.748929,"grabStrength":0,"id":93,"palmNormal":[-0.810548,-0.0279779,-0.585004],"palmPosition":[138.778,131.94,33.3681],"palmVelocity":[-9.92881,4.42749,6.99141],"palmWidth":76.2329,"pinchDistance":78.3793,"pinchStrength":0,"r":[[0.457014,-0.874425,0.162844],[0.862708,0.48034,0.158139],[-0.216501,0.0682147,0.973896]],"s":1.35644,"sphereCenter":[148.457,110.697,-9.18884],"sphereRadius":54.9234,"stabilizedPalmPosition":[139.611,131.213,32.6264],"t":[34.6916,-3.36032,118.374],"timeVisible":12.298,"type":"right","wrist":[113.271,105.401,85.2541]}],"id":119960,"interactionBox":{"center":[0,200,0],"size":[235.247,235.247,147.751]},"pointables":[{"bases":[[[0.912014,-0.300053,0.279641],[-0.0115874,0.662665,0.748826],[-0.409996,-0.68618,0.600883]],[[0.9873,0.126245,-0.0964416],[-0.062607,0.867116,0.494156],[0.146011,-0.481842,0.864008]],[[0.9873,0.126245,-0.0964416],[-0.0963444,0.958483,0.268379],[0.126319,-0.255679,0.958474]],[[0.9873,0.126245,-0.0964416],[-0.126771,0.991932,0.000676047],[0.0957488,0.0115586,0.995338]]],"btipPosition":[92.6675,161.431,-12.5669],"carpPosition":[104.396,134.027,71.6259],"dipPosition":[94.5915,161.663,7.43333],"direction":[-0.126319,0.255679,-0.958474],"extended":false,"handId":93,"id":930,"length":44.7461,"mcpPosition":[104.396,134.027,71.6259],"pipPosition":[98.2893,154.178,35.4915],"stabilizedTipPosition":[94.3766,159.925,-9.53438],"timeVisible":12.298,"tipPosition":[95.4381,161.158,-7.81165],"tipVelocity":[-12.4062,-0.579189,8.27936],"tool":false,"touchDistance":0.306635,"touchZone":"hovering","type":0,"width":16.187},{"bases":[[[0.287202,-0.889502,-0.35539],[0.877296,0.0953227,0.470389],[-0.384535,-0.446879,0.807733]],[[0.230629,-0.943236,-0.23899],[0.717782,-0.000911227,0.696267],[-0.656962,-0.332122,0.676828]],[[0.230629,-0.943236,-0.23899],[0.888504,0.104008,0.446926],[-0.3967,-0.315418,0.862056]],[[0.230629,-0.943236,-0.23899],[0.961531,0.183252,0.20464],[-0.149229,-0.276992,0.949213]]],"btipPosition":[182.308,181.138,-33.8754],"carpPosition":[123.952,130.734,72.6914],"dipPosition":[180.119,177.075,-19.9511],"direction":[0.3967,0.315418,-0.862056],"extended":true,"handId":93,"id":931,"length":50.491,"mcpPosition":[147.653,158.279,22.9045],"pipPosition":[171.887,170.529,-2.06148],"stabilizedTipPosition":[182.342,179.528,-31.3832],"timeVisible":12.298,"tipPosition":[174.694,179.826,-32.4721],"tipVelocity":[-19.1792,11.6878,6.55461],"tool":false,"touchDistance":0.333381,"touchZone":"hovering","type":1,"width":15.4618},{"bases":[[[0.0788154,-0.944828,-0.317943],[0.904566,-0.0662647,0.421153],[-0.418986,-0.320793,0.849437]],[[0.0223017,-0.97914,-0.201959],[0.787839,-0.107151,0.606488],[-0.615477,-0.172637,0.769015]],[[0.0223017,-0.97914,-0.201959],[0.958229,-0.036679,0.283641],[-0.285132,-0.199849,0.937422]],[[0.0223017,-0.97914,-0.201959],[0.998461,0.0320741,-0.0452446],[0.0507785,-0.200639,0.978348]]],"btipPosition":[184.428,156.025,-50.8123],"carpPosition":[128.324,122.013,69.3367],"dipPosition":[185.247,152.788,-35.0272],"direction":[0.285132,0.199849,-0.937422],"extended":true,"handId":93,"id":932,"length":57.5304,"mcpPosition":[152.814,140.764,19.6848],"pipPosition":[178.285,147.908,-12.1401],"stabilizedTipPosition":[184.988,154.822,-47.3706],"timeVisible":12.298,"tipPosition":[179.315,159.697,-47.8801],"tipVelocity":[-16.0303,13.6345,6.46886],"tool":false,"touchDistance":0.33338,"touchZone":"hovering","type":2,"width":15.1855},{"bases":[[[-0.0521166,-0.974036,-0.220313],[0.894068,-0.143792,0.424225],[-0.44489,-0.174866,0.878348]],[[-0.0845054,-0.984214,-0.155503],[0.867918,-0.149366,0.473717],[-0.489466,-0.094932,0.86684]],[[-0.0845054,-0.984214,-0.155503],[0.996182,-0.0800206,-0.0348896],[0.0218954,-0.157857,0.987219]],[[-0.0845054,-0.984214,-0.155503],[0.879471,-0.000313207,-0.475952],[0.46839,-0.176981,0.865615]]],"btipPosition":[164.191,131.919,-50.9015],"carpPosition":[130.101,112.506,65.8142],"dipPosition":[171.705,129.08,-37.0156],"direction":[-0.0218954,0.157857,-0.987219],"extended":true,"handId":93,"id":933,"length":55.3171,"mcpPosition":[153.449,121.683,19.7177],"pipPosition":[172.226,125.325,-13.5352],"stabilizedTipPosition":[166.066,130.786,-47.8684],"timeVisible":12.298,"tipPosition":[165.682,133.909,-48.0376],"tipVelocity":[-9.77117,13.1191,6.56051],"tool":false,"touchDistance":0.333381,"touchZone":"hovering","type":3,"width":14.45},{"bases":[[[-0.250262,-0.950491,-0.184219],[0.832237,-0.30842,0.460716],[-0.494723,-0.0380138,0.868219]],[[-0.299787,-0.949364,-0.094002],[0.92528,-0.313343,0.213713],[-0.232346,-0.0229097,0.972363]],[[-0.299787,-0.949364,-0.094002],[0.890028,-0.242845,-0.385846],[0.34348,-0.199336,0.917762]],[[-0.299787,-0.949364,-0.094002],[0.695276,-0.149951,-0.702927],[0.653237,-0.276086,0.705023]]],"btipPosition":[141.563,112.225,-36.1372],"carpPosition":[125.91,102.25,61.407],"dipPosition":[151.23,108.139,-25.7034],"direction":[-0.34348,0.199336,-0.917762],"extended":true,"handId":93,"id":934,"length":43.3675,"mcpPosition":[149.944,104.096,19.2281],"pipPosition":[156.998,104.792,-10.2916],"stabilizedTipPosition":[143.801,111.252,-33.7512],"timeVisible":12.298,"tipPosition":[146.421,113.397,-33.6649],"tipVelocity":[-3.45617,8.31769,4.6296],"tool":false,"touchDistance":-0.241391,"touchZone":"touching","type":4,"width":12.8356}],"r":[[0.457014,-0.874425,0.162844],[0.862708,0.48034,0.158139],[-0.216501,0.0682147,0.973896]],"s":1.35644,"t":[34.6916,-3.36032,118.374],"timestamp":7831335574},{"currentFrameRate":115.385,"devices":[],"gestures":[],"hands":[{"armBasis":[[0.191086,-0.88156,-0.431669],[0.980089,0.195531,0.0345383],[0.0539572,-0.429674,0.901371]],"armWidth":51.6826,"confidence":1,"direction":[0.550774,0.300883,-0.778535],"elbow":[125.427,8.26436,289.178],"grabAngle":0.749838,"grabStrength":0,"id":93,"palmNormal":[-0.810777,-0.0286455,-0.584654],"palmPosition":[138.676,132.023,33.3806],"palmVelocity":[-13.2977,10.9286,1.63515],"palmWidth":76.2329,"pinchDistance":78.3557,"pinchStrength":0,"r":[[0.457362,-0.874355,0.162243],[0.862565,0.48056,0.158255],[-0.216339,0.0675654,0.973978]],"s":1.35611,"sphereCenter":[148.29,110.82,-9.20117],"sphereRadius":54.9105,"stabilizedPalmPosition":[139.564,131.253,32.6636],"t":[34.5997,-3.29551,118.401],"timeVisible":12.3056,"type":"right","wrist":[113.222,105.461,85.2789]}],"id":119961,"interactionBox":{"center":[0,200,0],"size":[235.247,235.247,147.751]},"pointables":[{"bases":[[[0.912415,-0.299244,0.279197],[-0.0118783,0.662541,0.748931],[-0.409093,-0.686653,0.600958]],[[0.987149,0.127137,-0.0968149],[-0.063198,0.867041,0.494212],[0.146775,-0.481742,0.863934]],[[0.987149,0.127137,-0.0968149],[-0.0971262,0.958431,0.268284],[0.126899,-0.255433,0.958463]],[[0.987149,0.127137,-0.0968149],[-0.127701,0.991813,0.000377203],[0.0960702,0.011991,0.995302]]],"btipPosition":[92.5254,161.456,-12.535],"carpPosition":[104.309,134.072,71.6537],"dipPosition":[94.4558,161.697,7.46453],"direction":[-0.126899,0.255433,-0.958463],"extended":false,"handId":93,"id":930,"length":44.7461,"mcpPosition":[104.309,134.072,71.6537],"pipPosition":[98.1707,154.219,35.5224],"stabilizedTipPosition":[94.3145,159.995,-9.46383],"timeVisible":12.3056,"tipPosition":[95.2881,161.207,-7.77607],"tipVelocity":[-18.4276,3.60137,4.16216],"tool":false,"touchDistance":0.307164,"touchZone":"hovering","type":0,"width":16.187},{"bases":[[[0.287876,-0.88918,-0.35565],[0.877412,0.0960698,0.47002],[-0.383765,-0.447359,0.807833]],[[0.231466,-0.942937,-0.239358],[0.718632,-0.000115314,0.695391],[-0.655737,-0.33297,0.677598]],[[0.231466,-0.942937,-0.239358],[0.889188,0.105242,0.445273],[-0.394674,-0.3159,0.862809]],[[0.231466,-0.942937,-0.239358],[0.961739,0.184721,0.202329],[-0.146569,-0.277032,0.949616]]],"btipPosition":[182.051,181.273,-33.9128],"carpPosition":[123.868,130.798,72.7101],"dipPosition":[179.901,177.21,-19.9825],"direction":[0.394674,0.3159,-0.862809],"extended":true,"handId":93,"id":931,"length":50.491,"mcpPosition":[147.523,158.372,22.917],"pipPosition":[171.711,170.654,-2.07732],"stabilizedTipPosition":[182.251,179.622,-31.3049],"timeVisible":12.3056,"tipPosition":[174.557,179.955,-32.4585],"tipVelocity":[-32.4841,17.69,-4.71927],"tool":false,"touchDistance":0.333306,"touchZone":"hovering","type":1,"width":15.4618},{"bases":[[[0.0795576,-0.944707,-0.31812],[0.904811,-0.0654847,0.420748],[-0.418316,-0.321312,0.849571]],[[0.0231965,-0.979057,-0.202263],[0.788472,-0.106468,0.605786],[-0.614633,-0.173531,0.769489]],[[0.0231965,-0.979057,-0.202263],[0.958654,-0.0356144,0.282335],[-0.283626,-0.200449,0.937751]],[[0.0231965,-0.979057,-0.202263],[0.998355,0.0332967,-0.0466771],[0.0524343,-0.200847,0.978218]]],"btipPosition":[184.213,156.178,-50.8302],"carpPosition":[128.247,122.081,69.3523],"dipPosition":[185.059,152.938,-35.0472],"direction":[0.283626,0.200449,-0.937751],"extended":true,"handId":93,"id":932,"length":57.5304,"mcpPosition":[152.699,140.863,19.6925],"pipPosition":[178.135,148.044,-12.152],"stabilizedTipPosition":[184.886,154.929,-47.3408],"timeVisible":12.3056,"tipPosition":[179.171,159.815,-47.8787],"tipVelocity":[-27.2569,20.0182,-2.40513],"tool":false,"touchDistance":0.33332,"touchZone":"hovering","type":2,"width":15.1855},{"bases":[[[-0.0513045,-0.974051,-0.220438],[0.894387,-0.143022,0.423813],[-0.444343,-0.175413,0.878516]],[[-0.0834925,-0.984231,-0.155946],[0.868361,-0.148629,0.473136],[-0.488853,-0.095914,0.867077]],[[-0.0834925,-0.984231,-0.155946],[0.996253,-0.0788978,-0.0354351],[0.0225725,-0.15832,0.98713]],[[-0.0834925,-0.984231,-0.155946],[0.879236,0.000894775,-0.476385],[0.469012,-0.176888,0.865297]]],"btipPosition":[164.044,132.065,-50.8989],"carpPosition":[130.032,112.577,65.8275],"dipPosition":[171.567,129.227,-37.018],"direction":[-0.0225725,0.15832,-0.98713],"extended":true,"handId":93,"id":933,"length":55.3171,"mcpPosition":[153.351,121.782,19.7222],"pipPosition":[172.104,125.462,-13.5398],"stabilizedTipPosition":[166.02,130.884,-47.843],"timeVisible":12.3056,"tipPosition":[165.544,134.025,-48.0359],"tipVelocity":[-19.0233,19.2205,0.192544],"tool":false,"touchDistance":0.333337,"touchZone":"hovering","type":3,"width":14.45},{"bases":[[[-0.249456,-0.950696,-0.184253],[0.832725,-0.307713,0.460306],[-0.494308,-0.038606,0.868429]],[[-0.298677,-0.949662,-0.0945179],[0.925629,-0.312379,0.213612],[-0.232385,-0.0236873,0.972335]],[[-0.298677,-0.949662,-0.0945179],[0.890309,-0.241594,-0.385981],[0.343717,-0.199434,0.917652]],[[-0.298677,-0.949662,-0.0945179],[0.694976,-0.148556,-0.703519],[0.654064,-0.275813,0.704363]]],"btipPosition":[141.466,112.342,-36.1214],"carpPosition":[125.849,102.317,61.4206],"dipPosition":[151.146,108.261,-25.6974],"direction":[-0.343717,0.199434,-0.917652],"extended":true,"handId":93,"id":934,"length":43.3675,"mcpPosition":[149.863,104.192,19.2315],"pipPosition":[156.918,104.912,-10.2874],"stabilizedTipPosition":[143.737,111.34,-33.7352],"timeVisible":12.3056,"tipPosition":[146.303,113.493,-33.6586],"tipVelocity":[-12.3083,15.4763,1.78341],"tool":false,"touchDistance":-0.241164,"touchZone":"touching","type":4,"width":12.8356}],"r":[[0.457362,-0.874355,0.162243],[0.862565,0.48056,0.158255],[-0.216339,0.0675654,0.973978]],"s":1.35611,"t":[34.5997,-3.29551,118.401],"timestamp":7831343204},{"currentFrameRate":115.162,"devices":[],"gestures":[],"hands":[{"armBasis":[[0.192665,-0.881504,-0.431081],[0.979697,0.197624,0.0337461],[0.0554446,-0.428831,0.901682]],"armWidth":51.6826,"confidence":1,"direction":[0.549817,0.302023,-0.778771],"elbow":[125.711,8.49976,289.274],"grabAngle":0.751038,"grabStrength":0,"id":93,"palmNormal":[-0.810972,-0.0302954,-0.5843],"palmPosition":[138.544,132.114,33.3913],"palmVelocity":[-14.6086,10.0016,1.17513],"palmWidth":76.2329,"pinchDistance":78.3134,"pinchStrength":0,"r":[[0.458011,-0.874112,0.16172],[0.862267,0.481087,0.158275],[-0.216152,0.0669539,0.974061]],"s":1.35561,"sphereCenter":[148.066,110.936,-9.23554],"sphereRadius":54.9082,"stabilizedPalmPosition":[139.502,131.305,32.7079],"t":[34.4876,-3.21778,118.42],"timeVisible":12.3147,"type":"right","wrist":[113.168,105.506,85.3039]}],"id":119962,"interactionBox":{"center":[0,200,0],"size":[235.247,235.247,147.751]},"pointables":[{"bases":[[[0.913148,-0.29738,0.278793],[-0.0129074,0.662503,0.748948],[-0.407424,-0.687499,0.601125]],[[0.986876,0.129015,-0.0971157],[-0.0647236,0.867007,0.494075],[0.147943,-0.481305,0.863978]],[[0.986876,0.129015,-0.0971157],[-0.0989085,0.958326,0.268007],[0.127645,-0.254884,0.95851]],[[0.986876,0.129015,-0.0971157],[-0.129634,0.991562,-0.0000719272],[0.0962869,0.0126605,0.995273]]],"btipPosition":[92.3306,161.428,-12.5119],"carpPosition":[104.189,134.092,71.6794],"dipPosition":[94.2654,161.682,7.487],"direction":[-0.127645,0.254884,-0.95851],"extended":false,"handId":93,"id":930,"length":44.7461,"mcpPosition":[104.189,134.092,71.6794],"pipPosition":[98.0021,154.221,35.5462],"stabilizedTipPosition":[94.2304,160.076,-9.37902],"timeVisible":12.3147,"tipPosition":[95.0736,161.21,-7.74625],"tipVelocity":[-21.3861,-2.76711,2.52893],"tool":false,"touchDistance":0.307546,"touchZone":"hovering","type":0,"width":16.187},{"bases":[[[0.28954,-0.888583,-0.355791],[0.877419,0.0978579,0.469638],[-0.382495,-0.448157,0.807993]],[[0.233334,-0.942425,-0.239564],[0.719761,0.00173484,0.69422],[-0.653834,-0.334414,0.678725]],[[0.233334,-0.942425,-0.239564],[0.889885,0.107639,0.443303],[-0.391994,-0.316622,0.863766]],[[0.233334,-0.942425,-0.239564],[0.961737,0.187285,0.199966],[-0.143586,-0.277056,0.950065]]],"btipPosition":[181.691,181.451,-33.9736],"carpPosition":[123.756,130.857,72.7272],"dipPosition":[179.584,177.387,-20.0367],"direction":[0.391994,0.316622,-0.863766],"extended":true,"handId":93,"id":931,"length":50.491,"mcpPosition":[147.332,158.481,22.9243],"pipPosition":[171.45,170.816,-2.11163],"stabilizedTipPosition":[182.095,179.755,-31.2248],"timeVisible":12.3147,"tipPosition":[174.346,180.122,-32.4509],"tipVelocity":[-38.6674,19.5739,-6.53556],"tool":false,"touchDistance":0.333283,"touchZone":"hovering","type":1,"width":15.4618},{"bases":[[[0.0813524,-0.944536,-0.318171],[0.905127,-0.0636393,0.420352],[-0.417286,-0.322182,0.849748]],[[0.0251754,-0.978975,-0.202422],[0.7895,-0.10474,0.604747],[-0.613234,-0.175037,0.770264]],[[0.0251754,-0.978975,-0.202422],[0.959226,-0.0333651,0.280664],[-0.281517,-0.201234,0.938218]],[[0.0251754,-0.978975,-0.202422],[0.998196,0.035657,-0.0483017],[0.0545039,-0.20084,0.978107]]],"btipPosition":[183.914,156.379,-50.8672],"carpPosition":[128.151,122.15,69.3673],"dipPosition":[184.794,153.139,-35.086],"direction":[0.281517,0.201234,-0.938218],"extended":true,"handId":93,"id":932,"length":57.5304,"mcpPosition":[152.542,140.982,19.6972],"pipPosition":[177.92,148.226,-12.1794],"stabilizedTipPosition":[184.727,155.075,-47.3194],"timeVisible":12.3147,"tipPosition":[178.975,159.966,-47.8817],"tipVelocity":[-32.1756,22.1744,-4.12702],"tool":false,"touchDistance":0.333302,"touchZone":"hovering","type":2,"width":15.1855},{"bases":[[[-0.0494066,-0.97415,-0.220433],[0.894863,-0.141198,0.423419],[-0.443599,-0.176337,0.878707]],[[-0.0813572,-0.984352,-0.15631],[0.869207,-0.146815,0.47215],[-0.48771,-0.0974525,0.867549]],[[-0.0813572,-0.984352,-0.15631],[0.9964,-0.0765773,-0.0363727],[0.0238338,-0.158706,0.987038]],[[-0.0813572,-0.984352,-0.15631],[0.878762,0.00315445,-0.47725],[0.470275,-0.176187,0.864754]]],"btipPosition":[163.832,132.243,-50.9021],"carpPosition":[129.954,112.649,65.8416],"dipPosition":[171.376,129.417,-37.0299],"direction":[-0.0238338,0.158706,-0.987038],"extended":true,"handId":93,"id":933,"length":55.3171,"mcpPosition":[153.234,121.903,19.7263],"pipPosition":[171.943,125.642,-13.5538],"stabilizedTipPosition":[165.937,131.014,-47.8188],"timeVisible":12.3147,"tipPosition":[165.372,134.163,-48.0359],"tipVelocity":[-22.828,19.914,-0.571539],"tool":false,"touchDistance":0.333329,"touchZone":"hovering","type":3,"width":14.45},{"bases":[[[-0.24759,-0.951201,-0.184161],[0.833554,-0.306015,0.459937],[-0.493849,-0.0396326,0.868644]],[[-0.296428,-0.950313,-0.0950589],[0.926431,-0.310301,0.213163],[-0.232068,-0.0248781,0.972381]],[[-0.296428,-0.950313,-0.0950589],[0.89073,-0.23918,-0.386514],[0.344573,-0.199246,0.917372]],[[-0.296428,-0.950313,-0.0950589],[0.694594,-0.146203,-0.704389],[0.655492,-0.274828,0.70342]]],"btipPosition":[141.339,112.475,-36.0988],"carpPosition":[125.789,102.381,61.4363],"dipPosition":[151.04,108.407,-25.6888],"direction":[-0.344573,0.199246,-0.917372],"extended":true,"handId":93,"id":934,"length":43.3675,"mcpPosition":[149.781,104.306,19.2367],"pipPosition":[156.826,105.062,-10.2835],"stabilizedTipPosition":[143.632,111.466,-33.7158],"timeVisible":12.3147,"tipPosition":[146.173,113.596,-33.6518],"tipVelocity":[-13.4492,14.9628,2.13166],"tool":false,"touchDistance":-0.240842,"touchZone":"touching","type":4,"width":12.8356}],"r":[[0.458011,-0.874112,0.16172],[0.862267,0.481087,0.158275],[-0.216152,0.0669539,0.974061]],"s":1.35561,"t":[34.4876,-3.21778,118.42],"timestamp":7831352267},{"currentFrameRate":115.402,"devices":[],"gestures":[],"hands":[{"armBasis":[[0.195742,-0.88105,-0.430623],[0.979006,0.201024,0.0337211],[0.0568554,-0.428183,0.901902]],"armWidth":51.6826,"confidence":1,"direction":[0.549154,0.304204,-0.778389],"elbow":[125.948,8.65518,289.322],"grabAngle":0.752242,"grabStrength":0,"id":93,"palmNormal":[-0.810601,-0.0327585,-0.584682],"palmPosition":[138.393,132.222,33.4085],"palmVelocity":[-18.234,13.1661,2.08377],"palmWidth":76.2329,"pinchDistance":78.2637,"pinchStrength":0,"r":[[0.459102,-0.873624,0.161267],[0.861691,0.482073,0.158411],[-0.216134,0.0662352,0.974114]],"s":1.35499,"sphereCenter":[147.874,111.095,-9.2725],"sphereRadius":54.9113,"stabilizedPalmPosition":[139.439,131.358,32.7479],"t":[34.3562,-3.12456,118.438],"timeVisible":12.323,"type":"right","wrist":[113.087,105.515,85.3024]}],"id":119963,"interactionBox":{"center":[0,200,0],"size":[235.247,235.247,147.751]},"pointables":[{"bases":[[[0.914013,-0.29444,0.279079],[-0.0154672,0.662129,0.74923],[-0.405389,-0.689123,0.600641]],[[0.986524,0.132172,-0.0964402],[-0.0677553,0.866536,0.494495],[0.148927,-0.481297,0.863814]],[[0.986524,0.132172,-0.0964402],[-0.102134,0.957958,0.268113],[0.127823,-0.25465,0.958548]],[[0.986524,0.132172,-0.0964402],[-0.132814,0.991141,-0.000245638],[0.0955533,0.0130509,0.995339]]],"btipPosition":[92.1247,161.39,-12.505],"carpPosition":[104.015,134.069,71.6818],"dipPosition":[94.0447,161.652,7.49519],"direction":[-0.127823,0.25465,-0.958548],"extended":false,"handId":93,"id":930,"length":44.7461,"mcpPosition":[104.015,134.069,71.6818],"pipPosition":[97.7866,154.197,35.5556],"stabilizedTipPosition":[94.1441,160.147,-9.30264],"timeVisible":12.323,"tipPosition":[94.8409,161.191,-7.73641],"tipVelocity":[-25.3521,-4.40718,0.869224],"tool":false,"touchDistance":0.307666,"touchZone":"hovering","type":0,"width":16.187},{"bases":[[[0.292678,-0.887452,-0.356046],[0.876873,0.100593,0.470079],[-0.381357,-0.449789,0.807624]],[[0.236624,-0.941515,-0.239915],[0.720363,0.00430569,0.693584],[-0.651986,-0.336945,0.679251]],[[0.236624,-0.941515,-0.239915],[0.890089,0.111057,0.44205],[-0.389552,-0.318146,0.86431]],[[0.236624,-0.941515,-0.239915],[0.961311,0.191025,0.198472],[-0.141034,-0.277596,0.950289]]],"btipPosition":[181.3,181.726,-33.9749],"carpPosition":[123.592,130.899,72.7372],"dipPosition":[179.231,177.654,-20.0347],"direction":[0.389552,0.318146,-0.86431],"extended":true,"handId":93,"id":931,"length":50.491,"mcpPosition":[147.098,158.623,22.957],"pipPosition":[171.147,171.052,-2.09837],"stabilizedTipPosition":[181.907,179.908,-31.1573],"timeVisible":12.323,"tipPosition":[174.115,180.383,-32.3843],"tipVelocity":[-46.253,33.1419,-0.0695735],"tool":false,"touchDistance":0.33333,"touchZone":"hovering","type":1,"width":15.4618},{"bases":[[[0.0846621,-0.944119,-0.318545],[0.905145,-0.0607885,0.420735],[-0.416588,-0.32395,0.849418]],[[0.0285914,-0.978777,-0.202925],[0.79019,-0.1022,0.604281],[-0.612195,-0.177627,0.770497]],[[0.0285914,-0.978777,-0.202925],[0.959545,-0.0300115,0.279952],[-0.280101,-0.20272,0.938322]],[[0.0285914,-0.978777,-0.202925],[0.998041,0.0392558,-0.0487236],[0.0556555,-0.201134,0.977981]]],"btipPosition":[183.644,156.689,-50.8499],"carpPosition":[128.017,122.208,69.3754],"dipPosition":[184.542,153.444,-35.0707],"direction":[0.280101,0.20272,-0.938322],"extended":true,"handId":93,"id":932,"length":57.5304,"mcpPosition":[152.368,141.144,19.7246],"pipPosition":[177.703,148.495,-12.1616],"stabilizedTipPosition":[184.558,155.242,-47.3004],"timeVisible":12.323,"tipPosition":[178.794,160.222,-47.8307],"tipVelocity":[-32.2178,37.3835,2.0345],"tool":false,"touchDistance":0.333344,"touchZone":"hovering","type":2,"width":15.1855},{"bases":[[[-0.0460412,-0.974214,-0.220878],[0.895139,-0.138382,0.423765],[-0.443403,-0.178206,0.878428]],[[-0.0777515,-0.984493,-0.157252],[0.86981,-0.144068,0.471884],[-0.487221,-0.10009,0.867524]],[[-0.0777515,-0.984493,-0.157252],[0.996681,-0.0729406,-0.0361453],[0.0241147,-0.15954,0.986897]],[[-0.0777515,-0.984493,-0.157252],[0.878817,0.0068026,-0.47711],[0.470781,-0.175292,0.864661]]],"btipPosition":[163.688,132.513,-50.8768],"carpPosition":[129.854,112.715,65.8464],"dipPosition":[171.241,129.702,-37.0061],"direction":[-0.0241147,0.15954,-0.986897],"extended":true,"handId":93,"id":933,"length":55.3171,"mcpPosition":[153.124,122.067,19.7457],"pipPosition":[171.814,125.907,-13.5334],"stabilizedTipPosition":[165.851,131.157,-47.7966],"timeVisible":12.323,"tipPosition":[165.252,134.389,-48.0045],"tipVelocity":[-17.1853,33.1746,3.02215],"tool":false,"touchDistance":0.333352,"touchZone":"hovering","type":3,"width":14.45},{"bases":[[[-0.244317,-0.951945,-0.184687],[0.834367,-0.30342,0.460182],[-0.494106,-0.0416665,0.868402]],[[-0.292698,-0.951318,-0.0965509],[0.927528,-0.307012,0.213157],[-0.232422,-0.0271629,0.972236]],[[-0.292698,-0.951318,-0.0965509],[0.89171,-0.235106,-0.386754],[0.345226,-0.199298,0.917115]],[[-0.292698,-0.951318,-0.0965509],[0.694784,-0.142215,-0.705018],[0.656965,-0.27344,0.702586]]],"btipPosition":[141.266,112.677,-36.0675],"carpPosition":[125.726,102.435,61.4348],"dipPosition":[150.989,108.63,-25.6698],"direction":[-0.345226,0.199298,-0.917115],"extended":true,"handId":93,"id":934,"length":43.3675,"mcpPosition":[149.73,104.459,19.247],"pipPosition":[156.786,105.284,-10.2689],"stabilizedTipPosition":[143.557,111.629,-33.6927],"timeVisible":12.323,"tipPosition":[146.105,113.752,-33.6393],"tipVelocity":[-8.23507,25.0846,3.44794],"tool":false,"touchDistance":-0.240368,"touchZone":"touching","type":4,"width":12.8356}],"r":[[0.459102,-0.873624,0.161267],[0.861691,0.482073,0.158411],[-0.216134,0.0662352,0.974114]],"s":1.35499,"t":[34.3562,-3.12456,118.438],"timestamp":7831360524},{"currentFrameRate":115.349,"devices":[],"gestures":[],"hands":[{"armBasis":[[0.198581,-0.880424,-0.430604],[0.978358,0.204143,0.0337914],[0.0581541,-0.427995,0.901908]],"armWidth":51.6826,"confidence":1,"direction":[0.548635,0.306252,-0.777952],"elbow":[126.146,8.7403,289.308],"grabAngle":0.754648,"grabStrength":0,"id":93,"palmNormal":[-0.810183,-0.0349743,-0.585133],"palmPosition":[138.239,132.363,33.4165],"palmVelocity":[-17.6221,16.0638,0.912904],"palmWidth":76.2329,"pinchDistance":78.1959,"pinchStrength":0,"r":[[0.460493,-0.872964,0.160873],[0.860916,0.483375,0.158658],[-0.216265,0.0654367,0.974139]],"s":1.35415,"sphereCenter":[147.581,111.283,-9.35462],"sphereRadius":54.9198,"stabilizedPalmPosition":[139.365,131.42,32.7893],"t":[34.2134,-3.00759,118.451],"timeVisible":12.3317,"type":"right","wrist":[112.991,105.557,85.2871]}],"id":119964,"interactionBox":{"center":[0,200,0],"size":[235.247,235.247,147.751]},"pointables":[{"bases":[[[0.914763,-0.291762,0.279433],[-0.017902,0.661729,0.74953],[-0.403593,-0.690645,0.600102]],[[0.98622,0.135001,-0.0956319],[-0.0705279,0.865957,0.495121],[0.149655,-0.481553,0.863545]],[[0.98622,0.135001,-0.0956319],[-0.105065,0.957587,0.268306],[0.127798,-0.254561,0.958575]],[[0.98622,0.135001,-0.0956319],[-0.135655,0.990756,-0.000340143],[0.094702,0.0133084,0.995417]]],"btipPosition":[91.9317,161.41,-12.5058],"carpPosition":[103.835,134.086,71.6722],"dipPosition":[93.8346,161.677,7.49602],"direction":[-0.127798,0.254561,-0.958575],"extended":false,"handId":93,"id":930,"length":44.7461,"mcpPosition":[103.835,134.086,71.6722],"pipPosition":[97.5757,154.225,35.5572],"stabilizedTipPosition":[94.0439,160.222,-9.22375],"timeVisible":12.3317,"tipPosition":[94.6161,161.218,-7.73861],"tipVelocity":[-22.4812,2.44708,-0.0427496],"tool":false,"touchDistance":0.307659,"touchZone":"hovering","type":0,"width":16.187},{"bases":[[[0.295593,-0.886383,-0.356302],[0.876308,0.103066,0.470597],[-0.380407,-0.451335,0.80721]],[[0.239656,-0.940662,-0.240252],[0.721294,0.0068726,0.692595],[-0.649846,-0.339277,0.680141]],[[0.239656,-0.940662,-0.240252],[0.890726,0.11459,0.439859],[-0.386228,-0.319414,0.865334]],[[0.239656,-0.940662,-0.240252],[0.961102,0.194875,0.19572],[-0.137287,-0.277812,0.950775]]],"btipPosition":[180.867,182.014,-34.0111],"carpPosition":[123.42,130.976,72.7366],"dipPosition":[178.854,177.939,-20.0638],"direction":[0.386228,0.319414,-0.865334],"extended":true,"handId":93,"id":931,"length":50.491,"mcpPosition":[146.868,158.795,22.9819],"pipPosition":[170.838,171.31,-2.10622],"stabilizedTipPosition":[181.657,180.103,-31.0984],"timeVisible":12.3317,"tipPosition":[173.923,180.668,-32.317],"tipVelocity":[-47.9599,32.7584,-3.94749],"tool":false,"touchDistance":0.333304,"touchZone":"hovering","type":1,"width":15.4618},{"bases":[[[0.0877316,-0.943706,-0.318939],[0.905101,-0.0582055,0.421193],[-0.416047,-0.325624,0.849043]],[[0.031779,-0.978555,-0.203518],[0.791078,-0.0998273,0.603515],[-0.610889,-0.180178,0.770941]],[[0.031779,-0.978555,-0.203518],[0.960082,-0.0267299,0.278438],[-0.277907,-0.204243,0.938644]],[[0.031779,-0.978555,-0.203518],[0.997822,0.0428386,-0.0501686],[0.0578112,-0.20148,0.977785]]],"btipPosition":[183.327,157.028,-50.8533],"carpPosition":[127.875,122.3,69.3732],"dipPosition":[184.26,153.777,-35.0773],"direction":[0.277907,0.204243,-0.938644],"extended":true,"handId":93,"id":932,"length":57.5304,"mcpPosition":[152.194,141.334,19.7442],"pipPosition":[177.475,148.79,-12.1603],"stabilizedTipPosition":[184.351,155.454,-47.285],"timeVisible":12.3317,"tipPosition":[178.641,160.487,-47.783],"tipVelocity":[-35.2618,38.4734,-0.473298],"tool":false,"touchDistance":0.33333,"touchZone":"hovering","type":2,"width":15.1855},{"bases":[[[-0.042931,-0.974248,-0.221356],[0.895332,-0.135831,0.424181],[-0.443325,-0.179977,0.878107]],[[-0.0743208,-0.984573,-0.158407],[0.870573,-0.141534,0.471244],[-0.486394,-0.102882,0.867661]],[[-0.0743208,-0.984573,-0.158407],[0.996919,-0.0693595,-0.0366294],[0.0250773,-0.160642,0.986694]],[[-0.0743208,-0.984573,-0.158407],[0.878543,0.0105151,-0.477547],[0.471845,-0.174659,0.864208]]],"btipPosition":[163.501,132.829,-50.8588],"carpPosition":[129.742,112.814,65.8407],"dipPosition":[171.07,130.027,-36.9954],"direction":[-0.0250773,0.160642,-0.986694],"extended":true,"handId":93,"id":933,"length":55.3171,"mcpPosition":[153.008,122.26,19.7569],"pipPosition":[171.666,126.206,-13.5275],"stabilizedTipPosition":[165.744,131.338,-47.7744],"timeVisible":12.3317,"tipPosition":[165.135,134.635,-47.9791],"tipVelocity":[-20.972,36.2879,1.8626],"tool":false,"touchDistance":0.333346,"touchZone":"hovering","type":3,"width":14.45},{"bases":[[[-0.241293,-0.952605,-0.185261],[0.835048,-0.301072,0.46049],[-0.494441,-0.043589,0.868117]],[[-0.289032,-0.952243,-0.0984552],[0.928674,-0.303867,0.21267],[-0.232431,-0.0299643,0.972151]],[[-0.289032,-0.952243,-0.0984552],[0.892391,-0.230771,-0.387792],[0.346552,-0.199945,0.916474]],[[-0.289032,-0.952243,-0.0984552],[0.694118,-0.137628,-0.706582],[0.659288,-0.272565,0.700748]]],"btipPosition":[141.148,112.942,-36.0258],"carpPosition":[125.648,102.524,61.4221],"dipPosition":[150.905,108.909,-25.6553],"direction":[-0.346552,0.199945,-0.916474],"extended":true,"handId":93,"id":934,"length":43.3675,"mcpPosition":[149.669,104.641,19.2481],"pipPosition":[156.725,105.551,-10.2651],"stabilizedTipPosition":[143.461,111.855,-33.6622],"timeVisible":12.3317,"tipPosition":[146.025,113.935,-33.6357],"tipVelocity":[-12.5632,30.6194,4.04689],"tool":false,"touchDistance":-0.239777,"touchZone":"touching","type":4,"width":12.8356}],"r":[[0.460493,-0.872964,0.160873],[0.860916,0.483375,0.158658],[-0.216265,0.0654367,0.974139]],"s":1.35415,"t":[34.2134,-3.00759,118.451],"timestamp":7831369284},{"currentFrameRate":115.485,"devices":[],"gestures":[],"hands":[{"armBasis":[[0.200573,-0.879658,-0.431244],[0.977878,0.206441,0.0337127],[0.059371,-0.428466,0.901605]],"armWidth":51.6826,"confidence":1,"direction":[0.547779,0.308335,-0.777732],"elbow":[126.271,8.69779,289.228],"grabAngle":0.757633,"grabStrength":0,"id":93,"palmNormal":[-0.810198,-0.0362862,-0.585032],"palmPosition":[138.016,132.537,33.4267],"palmVelocity":[-26.4706,20.5724,1.21204],"palmWidth":76.2329,"pinchDistance":78.1046,"pinchStrength":0,"r":[[0.462021,-0.87225,0.160364],[0.860071,0.484789,0.158926],[-0.216366,0.0644973,0.97418]],"s":1.35296,"sphereCenter":[147.171,111.582,-9.42728],"sphereRadius":54.8834,"stabilizedPalmPosition":[139.283,131.488,32.828],"t":[34.0304,-2.86241,118.463],"timeVisible":12.3402,"type":"right","wrist":[112.841,105.621,85.2757]}],"id":119965,"interactionBox":{"center":[0,200,0],"size":[235.247,235.247,147.751]},"pointables":[{"bases":[[[0.915495,-0.289892,0.278982],[-0.0193324,0.660921,0.750206],[-0.401864,-0.692204,0.599466]],[[0.985969,0.137035,-0.0953184],[-0.0723635,0.865464,0.495718],[0.150426,-0.481865,0.863237]],[[0.985969,0.137035,-0.0953184],[-0.107149,0.957416,0.268094],[0.127998,-0.254119,0.958666]],[[0.985969,0.137035,-0.0953184],[-0.13782,0.990456,-0.00167013],[0.0941798,0.0147835,0.995445]]],"btipPosition":[91.6835,161.434,-12.4784],"carpPosition":[103.614,134.139,71.6899],"dipPosition":[93.576,161.731,7.52397],"direction":[-0.127998,0.254119,-0.958666],"extended":false,"handId":93,"id":930,"length":44.7461,"mcpPosition":[103.614,134.139,71.6899],"pipPosition":[97.323,154.292,35.5878],"stabilizedTipPosition":[93.9374,160.293,-9.14925],"timeVisible":12.3402,"tipPosition":[94.3047,161.331,-7.69279],"tipVelocity":[-29.7266,3.63965,3.26388],"tool":false,"touchDistance":0.308118,"touchZone":"hovering","type":0,"width":16.187},{"bases":[[[0.297618,-0.885321,-0.357254],[0.876143,0.10465,0.470555],[-0.379205,-0.453051,0.806813]],[[0.241926,-0.939773,-0.241449],[0.722971,0.00862646,0.690825],[-0.647136,-0.341689,0.681516]],[[0.241926,-0.939773,-0.241449],[0.891993,0.117475,0.436519],[-0.381865,-0.320976,0.866691]],[[0.241926,-0.939773,-0.241449],[0.961255,0.198245,0.191543],[-0.132141,-0.278433,0.951322]]],"btipPosition":[180.314,182.349,-34.0623],"carpPosition":[123.207,131.075,72.7478],"dipPosition":[178.376,178.264,-20.107],"direction":[0.381865,0.320976,-0.866691],"extended":true,"handId":93,"id":931,"length":50.491,"mcpPosition":[146.581,159,23.0176],"pipPosition":[170.451,171.603,-2.12125],"stabilizedTipPosition":[181.354,180.324,-31.0568],"timeVisible":12.3402,"tipPosition":[173.663,180.998,-32.2438],"tipVelocity":[-63.5733,39.4714,-5.85876],"tool":false,"touchDistance":0.333291,"touchZone":"hovering","type":1,"width":15.4618},{"bases":[[[0.0898992,-0.943172,-0.319915],[0.905308,-0.0565028,0.420982],[-0.415134,-0.327467,0.848781]],[[0.034211,-0.978193,-0.20486],[0.792467,-0.0983454,0.601934],[-0.608955,-0.182937,0.771821]],[[0.034211,-0.978193,-0.20486],[0.960974,-0.0241064,0.275587],[-0.274516,-0.206293,0.939194]],[[0.034211,-0.978193,-0.20486],[0.997517,0.0460481,-0.0532947],[0.0615659,-0.202527,0.977339]]],"btipPosition":[182.857,157.429,-50.8789],"carpPosition":[127.681,122.412,69.3749],"dipPosition":[183.85,154.161,-35.1101],"direction":[0.274516,0.206293,-0.939194],"extended":true,"handId":93,"id":932,"length":57.5304,"mcpPosition":[151.947,141.554,19.7613],"pipPosition":[177.148,149.124,-12.1798],"stabilizedTipPosition":[184.099,155.697,-47.2785],"timeVisible":12.3402,"tipPosition":[178.393,160.79,-47.7451],"tipVelocity":[-54.1152,47.1512,-3.23696],"tool":false,"touchDistance":0.33331,"touchZone":"hovering","type":2,"width":15.1855},{"bases":[[[-0.0406745,-0.97412,-0.222342],[0.895722,-0.134154,0.423892],[-0.44275,-0.181915,0.877997]],[[-0.0715546,-0.984461,-0.160362],[0.871753,-0.139851,0.469562],[-0.484692,-0.106197,0.868214]],[[-0.0715546,-0.984461,-0.160362],[0.997075,-0.0662712,-0.0380632],[0.0268443,-0.162617,0.986324]],[[-0.0715546,-0.984461,-0.160362],[0.877943,0.0141411,-0.478556],[0.473388,-0.175032,0.863289]]],"btipPosition":[163.167,133.231,-50.859],"carpPosition":[129.57,112.935,65.8324],"dipPosition":[170.761,130.423,-37.0104],"direction":[-0.0268443,0.162617,-0.986324],"extended":true,"handId":93,"id":933,"length":55.3171,"mcpPosition":[152.806,122.482,19.7544],"pipPosition":[171.399,126.556,-13.5512],"stabilizedTipPosition":[165.603,131.549,-47.7574],"timeVisible":12.3402,"tipPosition":[164.893,134.935,-47.9687],"tipVelocity":[-38.9232,47.5608,-0.427813],"tool":false,"touchDistance":0.333331,"touchZone":"hovering","type":3,"width":14.45},{"bases":[[[-0.239081,-0.952981,-0.186191],[0.835833,-0.299573,0.460042],[-0.494189,-0.0456372,0.868156]],[[-0.28586,-0.952917,-0.101158],[0.929784,-0.301361,0.211387],[-0.231919,-0.0336276,0.972154]],[[-0.28586,-0.952917,-0.101158],[0.892647,-0.226404,-0.389773],[0.348519,-0.201719,0.915338]],[[-0.28586,-0.952917,-0.101158],[0.692752,-0.132563,-0.708887],[0.662101,-0.27272,0.69803]]],"btipPosition":[140.898,113.3,-35.9865],"carpPosition":[125.5,102.639,61.404],"dipPosition":[150.696,109.264,-25.6563],"direction":[-0.348519,0.201719,-0.915338],"extended":true,"handId":93,"id":934,"length":43.3675,"mcpPosition":[149.508,104.856,19.2282],"pipPosition":[156.549,105.877,-10.2852],"stabilizedTipPosition":[143.287,112.145,-33.6333],"timeVisible":12.3402,"tipPosition":[145.812,114.18,-33.6453