{"frames": 579, "data": [{"currentFrameRate": 115.085, "devices": [], "gestures": [], "hands": [{"armBasis": [[0.927612, -0.0343074, -0.371966], [0.267923, 0.754982, 0.598514], [0.260294, -0.654847, 0.709522]], "armWidth": 54.251, "confidence": 1, "direction": [-0.194099, 0.268931, -0.943399], "elbow": [-207.089, 14.3134, 261.651], "grabAngle": 2.75302, "grabStrength": 0, "id": 32, "palmNormal": [0.344964, -0.881555, -0.322275], "palmPosition": [-147.924, 186.565, 35.9819], "palmVelocity": [8.28746, -2.23481, 1.96404], "palmWidth": 77.9717, "pinchDistance": 45.5938, "pinchStrength": 0.53115, "r": [[0.743303, -0.627434, 0.232006], [0.65303, 0.755795, -0.0482227], [-0.145092, 0.187351, 0.971518]], "s": 1.18667, "sphereCenter": [-144.583, 154.722, 12.0215], "sphereRadius": 38.2887, "stabilizedPalmPosition": [-148.158, 186.245, 35.7192], "t": [-50.0821, 45.0314, 23.707], "timeVisible": 16.0515, "type": "left", "wrist": [-146.865, 165.825, 97.4891]}], "id": 65557, "interactionBox": {"center": [0, 200, 0], "size": [235.247, 235.247, 147.751]}, "pointables": [{"bases": [[[0.93788, -0.33733, -0.0811732], [0.346659, 0.920792, 0.178801], [0.0144287, -0.195833, 0.980531]], [[0.921159, -0.370146, 0.120242], [0.38176, 0.919442, -0.0942648], [-0.0756637, 0.132736, 0.988259]], [[0.921159, -0.370146, 0.120242], [0.388618, 0.891504, -0.232801], [-0.0210258, 0.261175, 0.965062]], [[0.921159, -0.370146, 0.120242], [0.389114, 0.869969, -0.302893], [0.00750773, 0.3258, 0.945409]]], "btipPosition": [-136.102, 187.357, -54.8701], "carpPosition": [-133.929, 189.937, 76.5025], "dipPosition": [-136.211, 192.083, -41.1579], "direction": [-0.0210258, -0.261175, -0.965062], "extended": true, "handId": 32, "id": 321, "length": 49.9218, "mcpPosition": [-133.02, 202.283, 14.6861], "pipPosition": [-135.779, 197.442, -21.3565], "stabilizedTipPosition": [-136.556, 188.467, -52.2558], "timeVisible": 16.0515, "tipPosition": [-137.038, 193.433, -52.2975], "tipVelocity": [7.82267, -9.20401, 1.40362], "tool": false, "touchDistance": 0.338659, "touchZone": "hovering", "type": 1, "width": 16.4215}, {"bases": [[[0.715953, 0.684836, 0.135687], [-0.660542, 0.601543, 0.449256], [0.226045, -0.411273, 0.883039]], [[0.65021, 0.757515, -0.0582885], [-0.754639, 0.652817, 0.0659561], [0.0880145, 0.00110144, 0.996119]], [[0.65021, 0.757515, -0.0582885], [-0.710608, 0.579213, -0.399434], [-0.268816, 0.301137, 0.914907]], [[0.65021, 0.757515, -0.0582885], [-0.515243, 0.383272, -0.766568], [-0.558347, 0.528464, 0.639512]]], "btipPosition": [-135.131, 156.119, -2.58438], "carpPosition": [-120.022, 175.381, 79.2116], "dipPosition": [-124.038, 166.618, 10.121], "direction": [-0.268816, -0.301137, -0.914907], "extended": false, "handId": 32, "id": 320, "length": 44.2416, "mcpPosition": [-120.022, 175.381, 79.2116], "pipPosition": [-116.258, 175.334, 36.6019], "stabilizedTipPosition": [-132.588, 158.098, -0.504394], "timeVisible": 16.0515, "tipPosition": [-129.392, 161.019, -0.652398], "tipVelocity": [3.47362, -10.4436, 6.52115], "tool": false, "touchDistance": 0.34003, "touchZone": "hovering", "type": 0, "width": 17.1916}, {"bases": [[[0.858276, -0.512683, 0.0227625], [0.500461, 0.845983, 0.183988], [-0.113584, -0.146521, 0.982665]], [[0.849921, -0.520547, 0.081646], [0.237237, 0.239689, -0.941418], [0.470482, 0.8195, 0.32721]], [[0.849921, -0.520547, 0.081646], [-0.425308, -0.769218, -0.476882], [0.311043, 0.370587, -0.875167]], [[0.849921, -0.520547, 0.081646], [-0.524555, -0.821267, 0.224417], [-0.0497663, -0.233564, -0.971067]]], "btipPosition": [-125.043, 157.866, 39.9001], "carpPosition": [-144.217, 187.858, 75.421], "dipPosition": [-124.249, 154.14, 24.4091], "direction": [0.311043, -0.370587, 0.875167], "extended": false, "handId": 32, "id": 322, "length": 56.8818, "mcpPosition": [-151.008, 196.618, 16.6714], "pipPosition": [-131.757, 163.086, 3.2828], "stabilizedTipPosition": [-125.083, 156.602, 35.4997], "timeVisible": 16.0515, "tipPosition": [-124.462, 154.565, 30.2144], "tipVelocity": [8.82349, -6.50419, 3.32304], "tool": false, "touchDistance": 0.333333, "touchZone": "none", "type": 2, "width": 16.1281}, {"bases": [[[0.792021, -0.590962, 0.153187], [0.556626, 0.802091, 0.216375], [-0.250739, -0.0861062, 0.964218]], [[0.786416, -0.592685, 0.173993], [0.353031, 0.200118, -0.913959], [0.506871, 0.780177, 0.366613]], [[0.786416, -0.592685, 0.173993], [-0.445896, -0.739634, -0.504102], [0.427465, 0.318851, -0.845936]], [[0.786416, -0.592685, 0.173993], [-0.615411, -0.775992, 0.138225], [0.0530932, -0.215779, -0.974998]]], "btipPosition": [-137.014, 154.198, 44.8059], "carpPosition": [-153.674, 183.243, 75.1106], "dipPosition": [-137.856, 150.775, 29.3416], "direction": [0.427465, -0.318852, 0.845936], "extended": false, "handId": 32, "id": 323, "length": 54.6934, "mcpPosition": [-167.134, 187.865, 23.3534], "pipPosition": [-147.909, 158.274, 9.44836], "stabilizedTipPosition": [-137.508, 152.926, 40.3594], "timeVisible": 16.0515, "tipPosition": [-137.304, 151.538, 37.6875], "tipVelocity": [7.66919, -5.97998, 3.81721], "tool": false, "touchDistance": 0.333333, "touchZone": "none", "type": 3, "width": 15.3469}, {"bases": [[[0.654747, -0.721307, 0.225883], [0.648684, 0.689631, 0.321898], [-0.387963, -0.0642346, 0.919434]], [[0.646349, -0.72251, 0.245384], [0.52024, 0.182017, -0.834398], [0.558197, 0.666971, 0.493525]], [[0.646349, -0.72251, 0.245384], [-0.477373, -0.633766, -0.60865], [0.595272, 0.276261, -0.754541]], [[0.646349, -0.72251, 0.245384], [-0.742323, -0.669828, -0.0169462], [0.176609, -0.171201, -0.969278]]], "btipPosition": [-150.482, 154.196, 41.9466], "carpPosition": [-160.428, 173.106, 75.7355], "dipPosition": [-153.066, 151.691, 27.7638], "direction": [0.595272, -0.276261, 0.754541], "extended": false, "handId": 32, "id": 324, "length": 42.8786, "mcpPosition": [-179.705, 176.298, 30.0497], "pipPosition": [-162.95, 156.278, 15.2358], "stabilizedTipPosition": [-151.38, 153.135, 38.0648], "timeVisible": 16.0515, "tipPosition": [-151.22, 152.131, 36.8484], "tipVelocity": [8.5946, -4.30445, 2.82032], "tool": false, "touchDistance": 0.333333, "touchZone": "none", "type": 4, "width": 13.6323}], "r": [[0.743303, -0.627434, 0.232006], [0.65303, 0.755795, -0.0482227], [-0.145092, 0.187351, 0.971518]], "s": 1.18667, "t": [50.0821, 45.0314, 23.707], "timestamp": 496156537012}, {"currentFrameRate": 115.083, "devices": [], "gestures": [], "hands": [{"armBasis": [[0.927386, -0.0339772, -0.37256], [0.268209, 0.754647, 0.598808], [0.260805, -0.65525, 0.708962]], "armWidth": 54.251, "confidence": 1, "direction": [-0.193753, 0.267969, -0.943744], "elbow": [-207.144, 14.2423, 261.514], "grabAngle": 2.75215, "grabStrength": 0, "id": 32, "palmNormal": [0.345583, -0.881671, -0.321293], "palmPosition": [-147.835, 186.542, 35.961], "palmVelocity": [10.2471, -2.711, -2.40226], "palmWidth": 77.9717, "pinchDistance": 45.6059, "pinchStrength": 0.531359, "r": [[0.743179, -0.627508, 0.232204], [0.653246, 0.755564, -0.0489082], [-0.144754, 0.188034, 0.971437]], "s": 1.18644, "sphereCenter": [-144.474, 154.668, 12.0315], "sphereRadius": 38.2901, "stabilizedPalmPosition": [-148.137, 186.264, 35.7347], "t": [-50.0037, 45.0145, 23.7039], "timeVisible": 16.0602, "type": "left", "wrist": [-146.802, 165.848, 97.4814]}], "id": 65558, "interactionBox": {"center": [0, 200, 0], "size": [235.247, 235.247, 147.751]}, "pointables": [{"bases": [[[0.937665, -0.337887, -0.0813464], [0.347224, 0.920776, 0.177782], [0.0148317, -0.194945, 0.980702]], [[0.920993, -0.370536, 0.120314], [0.382212, 0.919184, -0.0949502], [-0.0754079, 0.133434, 0.988185]], [[0.920993, -0.370536, 0.120314], [0.389032, 0.891112, -0.233611], [-0.0206517, 0.26196, 0.964858]], [[0.920993, -0.370536, 0.120314], [0.389497, 0.869437, -0.303927], [0.00801091, 0.326777, 0.945068]]], "btipPosition": [-135.986, 187.266, -54.8858], "carpPosition": [-133.863, 189.957, 76.4857], "dipPosition": [-136.102, 192.006, -41.1786], "direction": [-0.0206517, -0.26196, -0.964858], "extended": true, "handId": 32, "id": 321, "length": 49.9218, "mcpPosition": [-132.928, 202.247, 14.6585], "pipPosition": [-135.678, 197.381, -21.3814], "stabilizedTipPosition": [-136.535, 188.462, -52.2364], "timeVisible": 16.0602, "tipPosition": [-136.905, 193.327, -52.3182], "tipVelocity": [13.1777, -10.0998, -1.93936], "tool": false, "touchDistance": 0.337873, "touchZone": "hovering", "type": 1, "width": 16.4215}, {"bases": [[[0.716374, 0.684591, 0.134693], [-0.660001, 0.602293, 0.449045], [0.226287, -0.410582, 0.883299]], [[0.650588, 0.757115, -0.0592724], [-0.7543, 0.653278, 0.0652616], [0.0881319, 0.00225072, 0.996106]], [[0.650588, 0.757115, -0.0592724], [-0.710479, 0.579226, -0.399646], [-0.268245, 0.302116, 0.914751]], [[0.650588, 0.757115, -0.0592724], [-0.515487, 0.382945, -0.766567], [-0.557681, 0.529273, 0.639423]]], "btipPosition": [-135.024, 156.056, -2.57395], "carpPosition": [-119.95, 175.411, 79.2152], "dipPosition": [-123.944, 166.571, 10.1297], "direction": [-0.268245, -0.302116, -0.914751], "extended": false, "handId": 32, "id": 320, "length": 44.2416, "mcpPosition": [-119.95, 175.411, 79.2152], "pipPosition": [-116.18, 175.315, 36.606], "stabilizedTipPosition": [-132.586, 158.105, -0.489235], "timeVisible": 16.0602, "tipPosition": [-129.275, 160.968, -0.639022], "tipVelocity": [12.0008, -6.85803, 1.15361], "tool": false, "touchDistance": 0.339511, "touchZone": "hovering", "type": 0, "width": 17.1916}, {"bases": [[[0.858024, -0.513104, 0.0227904], [0.50099, 0.845893, 0.182958], [-0.113155, -0.145564, 0.982857]], [[0.849695, -0.520909, 0.0816854], [0.237009, 0.238938, -0.941666], [0.471005, 0.819489, 0.326485]], [[0.849695, -0.520909, 0.0816854], [-0.425687, -0.769123, -0.476698], [0.311142, 0.370275, -0.875264]], [[0.849695, -0.520909, 0.0816854], [-0.524921, -0.821065, 0.224299], [-0.0497704, -0.233464, -0.971091]]], "btipPosition": [-124.925, 157.829, 39.9008], "carpPosition": [-144.149, 187.872, 75.4008], "dipPosition": [-124.131, 154.105, 24.4094], "direction": [0.311142, -0.370275, 0.875264], "extended": false, "handId": 32, "id": 322, "length": 56.8818, "mcpPosition": [-150.914, 196.575, 16.6397], "pipPosition": [-131.642, 163.043, 3.28084], "stabilizedTipPosition": [-125.078, 156.608, 35.5126], "timeVisible": 16.0602, "tipPosition": [-124.354, 154.553, 30.2483], "tipVelocity": [13.5251, -4.14761, 0.0768361], "tool": false, "touchDistance": 0.333333, "touchZone": "none", "type": 2, "width": 16.1281}, {"bases": [[[0.791796, -0.59123, 0.15332], [0.557149, 0.802001, 0.215357], [-0.250288, -0.0850963, 0.964424]], [[0.786325, -0.592897, 0.173683], [0.352418, 0.199549, -0.91432], [0.50744, 0.780162, 0.365858]], [[0.786325, -0.592897, 0.173683], [-0.446266, -0.739492, -0.503982], [0.427247, 0.318785, -0.846071]], [[0.786325, -0.592897, 0.173683], [-0.615557, -0.775862, 0.138304], [0.0527543, -0.215664, -0.975042]]], "btipPosition": [-136.908, 154.153, 44.8065], "carpPosition": [-153.604, 183.252, 75.0898], "dipPosition": [-137.745, 150.733, 29.3415], "direction": [0.427247, -0.318785, 0.846071], "extended": false, "handId": 32, "id": 323, "length": 54.6934, "mcpPosition": [-167.039, 187.82, 23.3215], "pipPosition": [-147.792, 158.229, 9.44505], "stabilizedTipPosition": [-137.502, 152.932, 40.3728], "timeVisible": 16.0602, "tipPosition": [-137.198, 151.525, 37.7122], "tipVelocity": [12.3322, -5.08991, 0.0467098], "tool": false, "touchDistance": 0.333333, "touchZone": "none", "type": 3, "width": 15.3469}, {"bases": [[[0.654491, -0.721437, 0.226206], [0.649204, 0.68959, 0.320935], [-0.387524, -0.063195, 0.919691]], [[0.646113, -0.722617, 0.24569], [0.520114, 0.181272, -0.834639], [0.558587, 0.667057, 0.492965]], [[0.646113, -0.722617, 0.24569], [-0.477313, -0.633745, -0.60872], [0.595576, 0.27603, -0.754385]], [[0.646113, -0.722617, 0.24569], [-0.742431, -0.6697, -0.0172668], [0.177016, -0.171252, -0.969195]]], "btipPosition": [-150.362, 154.153, 41.9318], "carpPosition": [-160.352, 173.112, 75.7205], "dipPosition": [-152.952, 151.647, 27.7503], "direction": [0.595576, -0.27603, 0.754385], "extended": false, "handId": 32, "id": 324, "length": 42.8786, "mcpPosition": [-179.608, 176.253, 30.0219], "pipPosition": [-162.841, 156.23, 15.2248], "stabilizedTipPosition": [-151.371, 153.143, 38.0765], "timeVisible": 16.0602, "tipPosition": [-151.114, 152.11, 36.8613], "tipVelocity": [13.6631, -5.01051, -1.6705], "tool": false, "touchDistance": 0.333333, "touchZone": "none", "type": 4, "width": 13.6323}], "r": [[0.743179, -0.627508, 0.232204], [0.653246, 0.755564, -0.0489082], [-0.144754, 0.188034, 0.971437]], "s": 1.18644, "t": [50.0037, 45.0145, 23.7039], "timestamp": 496156545705}, {"currentFrameRate": 115.117, "devices": [], "gestures": [], "hands": [{"armBasis": [[0.926889, -0.0343829, -0.373756], [0.269359, 0.754409, 0.598592], [0.261384, -0.655503, 0.708515]], "armWidth": 54.251, "confidence": 1, "direction": [-0.193784, 0.267304, -0.943926], "elbow": [-207.224, 14.2039, 261.403], "grabAngle": 2.75196, "grabStrength": 0, "id": 32, "palmNormal": [0.346881, -0.881342, -0.320795], "palmPosition": [-147.776, 186.538, 35.9472], "palmVelocity": [6.90625, -0.407006, -1.59362], "palmWidth": 77.9717, "pinchDistance": 45.5974, "pinchStrength": 0.530895, "r": [[0.742927, -0.627747, 0.232364], [0.653619, 0.755199, -0.0495667], [-0.144365, 0.188702, 0.971365]], "s": 1.18626, "sphereCenter": [-144.377, 154.644, 12.0363], "sphereRadius": 38.2942, "stabilizedPalmPosition": [-148.114, 186.281, 35.748], "t": [-49.9348, 45.0043, 23.6954], "timeVisible": 16.0689, "type": "left", "wrist": [-146.748, 165.868, 97.4741]}], "id": 65559, "interactionBox": {"center": [0, 200, 0], "size": [235.247, 235.247, 147.751]}, "pointables": [{"bases": [[[0.937181, -0.339183, -0.0815283], [0.348525, 0.920384, 0.177267], [0.0149115, -0.194546, 0.98078]], [[0.920505, -0.371744, 0.120321], [0.383474, 0.918583, -0.0956749], [-0.0749583, 0.134209, 0.988114]], [[0.920505, -0.371744, 0.120321], [0.390225, 0.890313, -0.234664], [-0.0198883, 0.262962, 0.964601]], [[0.920505, -0.371744, 0.120321], [0.390629, 0.86851, -0.305122], [0.0089274, 0.327867, 0.944682]]], "btipPosition": [-135.894, 187.209, -54.8877], "carpPosition": [-133.822, 189.99, 76.4753], "dipPosition": [-136.024, 191.965, -41.186], "direction": [-0.0198883, -0.262962, -0.964601], "extended": true, "handId": 32, "id": 321, "length": 49.9218, "mcpPosition": [-132.882, 202.255, 14.6433], "pipPosition": [-135.616, 197.36, -21.3941], "stabilizedTipPosition": [-136.513, 188.457, -52.2178], "timeVisible": 16.0689, "tipPosition": [-136.822, 193.291, -52.3299], "tipVelocity": [10.219, -6.21249, -0.361643], "tool": false, "touchDistance": 0.337373, "touchZone": "hovering", "type": 1, "width": 16.4215}, {"bases": [[[0.717342, 0.683684, 0.134151], [-0.659034, 0.603373, 0.449017], [0.226043, -0.410509, 0.883395]], [[0.651588, 0.756211, -0.0598152], [-0.753403, 0.654323, 0.0651546], [0.0884091, 0.00261099, 0.996081]], [[0.651588, 0.756211, -0.0598152], [-0.709881, 0.580069, -0.399486], [-0.267399, 0.302762, 0.914786]], [[0.651588, 0.756211, -0.0598152], [-0.515466, 0.383539, -0.766285], [-0.556532, 0.530135, 0.63971]]], "btipPosition": [-134.905, 156.057, -2.57885], "carpPosition": [-119.89, 175.464, 79.2159], "dipPosition": [-123.848, 166.589, 10.1305], "direction": [-0.267399, -0.302762, -0.914786], "extended": false, "handId": 32, "id": 320, "length": 44.2416, "mcpPosition": [-119.89, 175.464, 79.2159], "pipPosition": [-116.109, 175.352, 36.6079], "stabilizedTipPosition": [-132.582, 158.112, -0.473753], "timeVisible": 16.0689, "tipPosition": [-129.171, 160.972, -0.634785], "tipVelocity": [13.1431, 0.606468, -0.415347], "tool": false, "touchDistance": 0.338839, "touchZone": "hovering", "type": 0, "width": 17.1916}, {"bases": [[[0.857341, -0.514248, 0.0227112], [0.502192, 0.845296, 0.182421], [-0.113007, -0.144992, 0.982958]], [[0.849021, -0.522017, 0.0816124], [0.236901, 0.23804, -0.941921], [0.472272, 0.819045, 0.325768]], [[0.849021, -0.522017, 0.0816124], [-0.426855, -0.768714, -0.476312], [0.31138, 0.369562, -0.875481]], [[0.849021, -0.522017, 0.0816124], [-0.525971, -0.820376, 0.224358], [-0.050166, -0.233411, -0.971083]]], "btipPosition": [-124.821, 157.848, 39.9161], "carpPosition": [-144.105, 187.89, 75.3878], "dipPosition": [-124.021, 154.125, 24.4249], "direction": [0.31138, -0.369562, 0.875481], "extended": false, "handId": 32, "id": 322, "length": 56.8818, "mcpPosition": [-150.861, 196.559, 16.6206], "pipPosition": [-131.537, 163.046, 3.29106], "stabilizedTipPosition": [-125.071, 156.614, 35.5256], "timeVisible": 16.0689, "tipPosition": [-124.25, 154.581, 30.262], "tipVelocity": [12.2327, 2.17707, 1.77943], "tool": false, "touchDistance": 0.333333, "touchZone": "none", "type": 2, "width": 16.1281}, {"bases": [[[0.791053, -0.592229, 0.153297], [0.558303, 0.801343, 0.214819], [-0.250066, -0.0843469, 0.964548]], [[0.785624, -0.593871, 0.173529], [0.352107, 0.198534, -0.914661], [0.508739, 0.779681, 0.365079]], [[0.785624, -0.593871, 0.173529], [-0.447411, -0.739037, -0.503634], [0.427338, 0.318028, -0.84631]], [[0.785624, -0.593871, 0.173529], [-0.616502, -0.775048, 0.138655], [0.0521505, -0.215912, -0.975019]]], "btipPosition": [-136.804, 154.158, 44.8203], "carpPosition": [-153.553, 183.257, 75.0754], "dipPosition": [-137.631, 150.734, 29.3557], "direction": [0.427338, -0.318028, 0.84631], "extended": false, "handId": 32, "id": 323, "length": 54.6934, "mcpPosition": [-166.976, 187.785, 23.3005], "pipPosition": [-147.681, 158.213, 9.45362], "stabilizedTipPosition": [-137.494, 152.939, 40.3863], "timeVisible": 16.0689, "tipPosition": [-137.092, 151.539, 37.7204], "tipVelocity": [12.3241, 0.500315, 1.612], "tool": false, "touchDistance": 0.333333, "touchZone": "none", "type": 3, "width": 15.3469}, {"bases": [[[0.653599, -0.72222, 0.226287], [0.650243, 0.688853, 0.320413], [-0.387288, -0.0622801, 0.919853]], [[0.64508, -0.723397, 0.246106], [0.520296, 0.179958, -0.83481], [0.559611, 0.666567, 0.492468]], [[0.64508, -0.723397, 0.246106], [-0.477921, -0.633275, -0.608732], [0.596207, 0.275062, -0.75424]], [[0.64508, -0.723397, 0.246106], [-0.743273, -0.66876, -0.0175073], [0.17725, -0.17163, -0.969085]]], "btipPosition": [-150.242, 154.14, 41.9223], "carpPosition": [-160.288, 173.109, 75.7081], "dipPosition": [-152.836, 151.629, 27.7424], "direction": [0.596207, -0.275062, 0.75424], "extended": false, "handId": 32, "id": 324, "length": 42.8786, "mcpPosition": [-179.532, 176.204, 30.0015], "pipPosition": [-162.735, 156.196, 15.2194], "stabilizedTipPosition": [-151.361, 153.151, 38.0877], "timeVisible": 16.0689, "tipPosition": [-151.008, 152.104, 36.8636], "tipVelocity": [13.8361, -1.59071, -1.05832], "tool": false, "touchDistance": 0.333333, "touchZone": "none", "type": 4, "width": 13.6323}], "r": [[0.742927, -0.627747, 0.232364], [0.653619, 0.755199, -0.0495667], [-0.144365, 0.188702, 0.971365]], "s": 1.18626, "t": [49.9348, 45.0043, 23.6954], "timestamp": 496156554333}, {"currentFrameRate": 115.146, "devices": [], "gestures": [], "hands": [{"armBasis": [[0.926483, -0.0344643, -0.374756], [0.270066, 0.754398, 0.598287], [0.262096, -0.655512, 0.708244]], "armWidth": 54.251, "confidence": 1, "direction": [-0.193801, 0.267322, -0.943918], "elbow": [-207.334, 14.2058, 261.329], "grabAngle": 2.75184, "grabStrength": 0, "id": 32, "palmNormal": [0.347486, -0.881077, -0.320869], "palmPosition": [-147.714, 186.549, 35.9376], "palmVelocity": [7.09866, 1.22971, -1.12114], "palmWidth": 77.9717, "pinchDistance": 45.576, "pinchStrength": 0.530232, "r": [[0.742654, -0.628039, 0.232449], [0.65401, 0.754825, -0.0500921], [-0.143999, 0.189225, 0.971318]], "s": 1.18614, "sphereCenter": [-144.325, 154.628, 12.0275], "sphereRadius": 38.3082, "stabilizedPalmPosition": [-148.089, 186.298, 35.7599], "t": [-49.8696, 45.0045, 23.6864], "timeVisible": 16.0775, "type": "left", "wrist": [-146.693, 165.872, 97.462]}], "id": 65560, "interactionBox": {"center": [0, 200, 0], "size": [235.247, 235.247, 147.751]}, "pointables": [{"bases": [[[0.936954, -0.33976, -0.0817284], [0.349132, 0.920139, 0.177346], [0.0149462, -0.194699, 0.980749]], [[0.920269, -0.372356, 0.120236], [0.384093, 0.918295, -0.0959521], [-0.0746836, 0.134483, 0.988097]], [[0.920269, -0.372356, 0.120236], [0.390808, 0.889866, -0.235388], [-0.0193456, 0.26361, 0.964435]], [[0.920269, -0.372356, 0.120236], [0.391169, 0.86795, -0.306023], [0.00959091, 0.328656, 0.944401]]], "btipPosition": [-135.809, 187.198, -54.8846], "carpPosition": [-133.769, 190.003, 76.4684], "dipPosition": [-135.948, 191.964, -41.187], "direction": [-0.0193456, -0.26361, -0.964435], "extended": true, "handId": 32, "id": 321, "length": 49.9218, "mcpPosition": [-132.827, 202.278, 14.6383], "pipPosition": [-135.551, 197.373, -21.3985], "stabilizedTipPosition": [-136.488, 188.451, -52.2], "timeVisible": 16.0775, "tipPosition": [-136.749, 193.307, -52.3352], "tipVelocity": [9.65605, -1.03946, 0.24992], "tool": false, "touchDistance": 0.337001, "touchZone": "hovering", "type": 1, "width": 16.4215}, {"bases": [[[0.717793, 0.683213, 0.134137], [-0.658582, 0.603721, 0.449211], [0.225926, -0.410781, 0.883299]], [[0.652043, 0.755817, -0.059835], [-0.752961, 0.654779, 0.0656802], [0.0888209, 0.00222712, 0.996045]], [[0.652043, 0.755817, -0.059835], [-0.709771, 0.580757, -0.39868], [-0.26658, 0.302426, 0.915136]], [[0.652043, 0.755817, -0.059835], [-0.51587, 0.384434, -0.765564], [-0.555624, 0.530048, 0.640571]]], "btipPosition": [-134.784, 156.106, -2.6114], "carpPosition": [-119.829, 175.486, 79.2091], "dipPosition": [-123.746, 166.637, 10.115], "direction": [-0.26658, -0.302426, -0.915136], "extended": false, "handId": 32, "id": 320, "length": 44.2416, "mcpPosition": [-119.829, 175.486, 79.2091], "pipPosition": [-116.03, 175.39, 36.6025], "stabilizedTipPosition": [-132.575, 158.12, -0.458757], "timeVisible": 16.0775, "tipPosition": [-129.096, 160.993, -0.642486], "tipVelocity": [13.4949, 5.70572, -3.31463], "tool": false, "touchDistance": 0.337859, "touchZone": "hovering", "type": 0, "width": 17.1916}, {"bases": [[[0.857021, -0.514791, 0.022498], [0.502752, 0.844954, 0.182465], [-0.112941, -0.145065, 0.982955]], [[0.848706, -0.522563, 0.0813995], [0.236782, 0.237826, -0.942005], [0.472898, 0.818759, 0.325578]], [[0.848706, -0.522563, 0.0813995], [-0.427412, -0.768372, -0.476365], [0.311476, 0.369503, -0.875472]], [[0.848706, -0.522563, 0.0813995], [-0.526477, -0.820196, 0.223833], [-0.0502035, -0.232823, -0.971222]]], "btipPosition": [-124.736, 157.863, 39.9172], "carpPosition": [-144.051, 187.897, 75.3789], "dipPosition": [-123.935, 154.149, 24.4237], "direction": [0.311476, -0.369503, 0.875472], "extended": false, "handId": 32, "id": 322, "length": 56.8818, "mcpPosition": [-150.803, 196.57, 16.6119], "pipPosition": [-131.454, 163.069, 3.29013], "stabilizedTipPosition": [-125.063, 156.62, 35.5386], "timeVisible": 16.0775, "tipPosition": [-124.168, 154.61, 30.2573], "tipVelocity": [9.90966, 2.02105, 0.0647458], "tool": false, "touchDistance": 0.333333, "touchZone": "none", "type": 2, "width": 16.1281}, {"bases": [[[0.790705, -0.592749, 0.153083], [0.558841, 0.80096, 0.214848], [-0.249964, -0.0843319, 0.964576]], [[0.78533, -0.594376, 0.173128], [0.351797, 0.198353, -0.91482], [0.509406, 0.779342, 0.364872]], [[0.78533, -0.594376, 0.173128], [-0.447958, -0.738611, -0.503774], [0.427305, 0.318075, -0.846309]], [[0.78533, -0.594376, 0.173128], [-0.6169, -0.774777, 0.138404], [0.0518714, -0.215496, -0.975126]]], "btipPosition": [-136.721, 154.164, 44.8173], "carpPosition": [-153.496, 183.259, 75.0643], "dipPosition": [-137.544, 150.746, 29.3509], "direction": [0.427305, -0.318075, 0.846309], "extended": false, "handId": 32, "id": 323, "length": 54.6934, "mcpPosition": [-166.914, 187.785, 23.288], "pipPosition": [-147.593, 158.226, 9.44889], "stabilizedTipPosition": [-137.485, 152.946, 40.3997], "timeVisible": 16.0775, "tipPosition": [-137.009, 151.557, 37.7105], "tipVelocity": [9.69152, 0.820762, -0.398702], "tool": false, "touchDistance": 0.333333, "touchZone": "none", "type": 3, "width": 15.3469}, {"bases": [[[0.653181, -0.722665, 0.226076], [0.650728, 0.688397, 0.320411], [-0.38718, -0.0621722, 0.919906]], [[0.644634, -0.723843, 0.245965], [0.520319, 0.179695, -0.834852], [0.560103, 0.666154, 0.492467]], [[0.644634, -0.723843, 0.245965], [-0.478059, -0.632746, -0.609173], [0.596579, 0.275108, -0.753929]], [[0.644634, -0.723843, 0.245965], [-0.743577, -0.668401, -0.0182227], [0.177594, -0.171147, -0.969107]]], "btipPosition": [-150.147, 154.136, 41.9012], "carpPosition": [-160.225, 173.106, 75.6945], "dipPosition": [-152.746, 151.632, 27.7209], "direction": [0.596579, -0.275108, 0.753929], "extended": false, "handId": 32, "id": 324, "length": 42.8786, "mcpPosition": [-179.463, 176.195, 29.9852], "pipPosition": [-162.651, 156.2, 15.2031], "stabilizedTipPosition": [-151.35, 153.159, 38.0979], "timeVisible": 16.0775, "tipPosition": [-150.925, 152.114, 36.8503], "tipVelocity": [10.836, -0.266039, -2.45135], "tool": false, "touchDistance": 0.333333, "touchZone": "none", "type": 4, "width": 13.6323}], "r": [[0.742654, -0.628039, 0.232449], [0.65401, 0.754825, -0.0500921], [-0.143999, 0.189225, 0.971318]], "s": 1.18614, "t": [49.8696, 45.0045, 23.6864], "timestamp": 496156562969}, {"currentFrameRate": 115.144, "devices": [], "gestures": [], "hands": [{"armBasis": [[0.926054, -0.0348282, -0.375781], [0.270989, 0.754381, 0.597892], [0.262659, -0.655513, 0.708035]], "armWidth": 54.251, "confidence": 1, "direction": [-0.193173, 0.26699, -0.94414], "elbow": [-207.435, 14.2193, 261.266], "grabAngle": 2.75119, "grabStrength": 0, "id": 32, "palmNormal": [0.348254, -0.880953, -0.320375], "palmPosition": [-147.642, 186.548, 35.9183], "palmVelocity": [8.3512, -0.0656465, -2.21159], "palmWidth": 77.9717, "pinchDistance": 45.5762, "pinchStrength": 0.530105, "r": [[0.742402, -0.628346, 0.232425], [0.654401, 0.754449, -0.0506558], [-0.143524, 0.189706, 0.971294]], "s": 1.18608, "sphereCenter": [-144.259, 154.589, 12.0205], "sphereRadius": 38.3287, "stabilizedPalmPosition": [-148.062, 186.313, 35.7696], "t": [-49.8008, 45.0043, 23.6722], "timeVisible": 16.0862, "type": "left", "wrist": [-146.663, 165.885, 97.448]}], "id": 65561, "interactionBox": {"center": [0, 200, 0], "size": [235.247, 235.247, 147.751]}, "pointables": [{"bases": [[[0.936693, -0.340314, -0.0824226], [0.349803, 0.919981, 0.176842], [0.0156454, -0.194478, 0.980782]], [[0.920114, -0.372881, 0.119794], [0.384572, 0.918075, -0.0961378], [-0.0741324, 0.134527, 0.988133]], [[0.920114, -0.372881, 0.119794], [0.391208, 0.889582, -0.235797], [-0.0186429, 0.263824, 0.964391]], [[0.920114, -0.372881, 0.119794], [0.391512, 0.867546, -0.306727], [0.0104453, 0.329124, 0.944229]]], "btipPosition": [-135.681, 187.188, -54.8931], "carpPosition": [-133.732, 190.02, 76.4599], "dipPosition": [-135.832, 191.961, -41.198], "direction": [-0.0186429, -0.263824, -0.964391], "extended": true, "handId": 32, "id": 321, "length": 49.9218, "mcpPosition": [-132.746, 202.281, 14.6277], "pipPosition": [-135.45, 197.375, -21.4103], "stabilizedTipPosition": [-136.46, 188.445, -52.1832], "timeVisible": 16.0862, "tipPosition": [-136.606, 193.286, -52.3461], "tipVelocity": [14.415, -0.954242, -1.04222], "tool": false, "touchDistance": 0.336498, "touchZone": "hovering", "type": 1, "width": 16.4215}, {"bases": [[[0.718293, 0.682835, 0.133383], [-0.657866, 0.604202, 0.449614], [0.226421, -0.410703, 0.883208]], [[0.652414, 0.755438, -0.0605753], [-0.752515, 0.655216, 0.0664307], [0.0898742, 0.0022435, 0.995951]], [[0.652414, 0.755438, -0.0605753], [-0.709926, 0.581217, -0.397734], [-0.265256, 0.302491, 0.915499]], [[0.652414, 0.755438, -0.0605753], [-0.516795, 0.385002, -0.764654], [-0.554327, 0.530176, 0.641588]]], "btipPosition": [-134.632, 156.127, -2.63167], "carpPosition": [-119.786, 175.511, 79.2155], "dipPosition": [-123.619, 166.66, 10.115], "direction": [-0.265256, -0.302491, -0.915499], "extended": false, "handId": 32, "id": 320, "length": 44.2416, "mcpPosition": [-119.786, 175.511, 79.2155], "pipPosition": [-115.942, 175.415, 36.613], "stabilizedTipPosition": [-132.566, 158.128, -0.44381], "timeVisible": 16.0862, "tipPosition": [-128.987, 160.988, -0.637894], "tipVelocity": [16.8412, 2.40834, -1.79772], "tool": false, "touchDistance": 0.337172, "touchZone": "hovering", "type": 0, "width": 17.1916}, {"bases": [[[0.856745, -0.515274, 0.0219109], [0.503385, 0.844709, 0.181852], [-0.112212, -0.144771, 0.983082]], [[0.848475, -0.523028, 0.080821], [0.236206, 0.237587, -0.94221], [0.4736, 0.818532, 0.325129]], [[0.848475, -0.523028, 0.080821], [-0.428065, -0.768027, -0.476335], [0.311209, 0.369561, -0.875542]], [[0.848475, -0.523028, 0.080821], [-0.526811, -0.82008, 0.223471], [-0.050602, -0.232187, -0.971354]]], "btipPosition": [-124.637, 157.854, 39.9153], "carpPosition": [-144.012, 187.908, 75.3624], "dipPosition": [-123.83, 154.15, 24.4197], "direction": [0.311209, -0.369561, 0.875542], "extended": false, "handId": 32, "id": 322, "length": 56.8818, "mcpPosition": [-150.721, 196.563, 16.5878], "pipPosition": [-131.342, 163.071, 3.28438], "stabilizedTipPosition": [-125.053, 156.626, 35.5516], "timeVisible": 16.0862, "tipPosition": [-124.073, 154.625, 30.2749], "tipVelocity": [11.5341, -0.781317, -0.280338], "tool": false, "touchDistance": 0.333333, "touchZone": "none", "type": 2, "width": 16.1281}, {"bases": [[[0.790493, -0.593164, 0.152569], [0.559475, 0.800691, 0.214198], [-0.249215, -0.0839634, 0.964801]], [[0.785284, -0.594743, 0.172074], [0.350752, 0.198327, -0.915226], [0.510197, 0.779068, 0.36435]], [[0.785284, -0.594743, 0.172074], [-0.448659, -0.738162, -0.503807], [0.426654, 0.318429, -0.846504]], [[0.785284, -0.594743, 0.172074], [-0.617033, -0.774669, 0.138415], [0.050979, -0.21487, -0.975311]]], "btipPosition": [-136.639, 154.142, 44.8092], "carpPosition": [-153.454, 183.264, 75.0411], "dipPosition": [-137.447, 150.734, 29.3399], "direction": [0.426654, -0.318429, 0.846504], "extended": false, "handId": 32, "id": 323, "length": 54.6934, "mcpPosition": [-166.832, 187.771, 23.2526], "pipPosition": [-147.48, 158.222, 9.43332], "stabilizedTipPosition": [-137.475, 152.952, 40.4128], "timeVisible": 16.0862, "tipPosition": [-136.917, 151.567, 37.7149], "tipVelocity": [9.90945, -2.31344, -1.00306], "tool": false, "touchDistance": 0.333333, "touchZone": "none", "type": 3, "width": 15.3469}, {"bases": [[[0.652955, -0.722984, 0.225706], [0.651385, 0.688101, 0.319711], [-0.386455, -0.0617358, 0.92024]], [[0.644559, -0.724137, 0.245294], [0.51963, 0.179574, -0.835307], [0.560829, 0.665867, 0.492029]], [[0.644559, -0.724137, 0.245294], [-0.478443, -0.632279, -0.609357], [0.596352, 0.275407, -0.754]], [[0.644559, -0.724137, 0.245294], [-0.743717, -0.66824, -0.0184585], [0.177281, -0.170531, -0.969273]]], "btipPosition": [-150.05, 154.111, 41.875], "carpPosition": [-160.177, 173.108, 75.668], "dipPosition": [-152.644, 151.616, 27.6922], "direction": [0.596352, -0.275407, 0.754], "extended": false, "handId": 32, "id": 324, "length": 42.8786, "mcpPosition": [-179.38, 176.175, 29.9422], "pipPosition": [-162.546, 156.188, 15.1732], "stabilizedTipPosition": [-151.337, 153.166, 38.1072], "timeVisible": 16.0862, "tipPosition": [-150.833, 152.115, 36.8397], "tipVelocity": [11.2669, -2.68755, -3.09024], "tool": false, "touchDistance": 0.333333, "touchZone": "none", "type": 4, "width": 13.6323}], "r": [[0.742402, -0.628346, 0.232425], [0.654401, 0.754449, -0.0506558], [-0.143524, 0.189706, 0.971294]], "s": 1.18608, "t": [49.8008, 45.0043, 23.6722], "timestamp": 496156571657}, {"currentFrameRate": 115.163, "devices": [], "gestures": [], "hands": [{"armBasis": [[0.925969, -0.0343473, -0.376034], [0.270767, 0.754503, 0.597837], [0.263185, -0.655397, 0.707947]], "armWidth": 54.251, "confidence": 1, "direction": [-0.192023, 0.266064, -0.944636], "elbow": [-207.529, 14.2619, 261.232], "grabAngle": 2.75014, "grabStrength": 0, "id": 32, "palmNormal": [0.348052, -0.881519, -0.319037], "palmPosition": [-147.544, 186.505, 35.8857], "palmVelocity": [11.3295, -4.98899, -3.77161], "palmWidth": 77.9717, "pinchDistance": 45.5946, "pinchStrength": 0.530179, "r": [[0.742325, -0.628449, 0.232389], [0.65461, 0.754216, -0.0514105], [-0.142963, 0.190288, 0.971263]], "s": 1.18611, "sphereCenter": [-144.21, 154.484, 12.0261], "sphereRadius": 38.3548, "stabilizedPalmPosition": [-148.031, 186.324, 35.7764], "t": [-49.7173, 44.9827, 23.6488], "timeVisible": 16.0948, "type": "left", "wrist": [-146.636, 165.901, 97.4346]}], "id": 65562, "interactionBox": {"center": [0, 200, 0], "size": [235.247, 235.247, 147.751]}, "pointables": [{"bases": [[[0.936813, -0.339835, -0.0830273], [0.349427, 0.920388, 0.17546], [0.0167899, -0.193385, 0.980979]], [[0.920408, -0.372228, 0.119561], [0.38392, 0.918304, -0.0965584], [-0.0738519, 0.134775, 0.98812]], [[0.920408, -0.372228, 0.119561], [0.390519, 0.889821, -0.236038], [-0.0185284, 0.263942, 0.964361]], [[0.920408, -0.372228, 0.119561], [0.390815, 0.867703, -0.307172], [0.0105943, 0.32945, 0.944114]]], "btipPosition": [-135.536, 187.096, -54.9247], "carpPosition": [-133.675, 190.013, 76.4379], "dipPosition": [-135.69, 191.874, -41.2313], "direction": [-0.0185284, -0.263942, -0.964361], "extended": true, "handId": 32, "id": 321, "length": 49.9218, "mcpPosition": [-132.616, 202.205, 14.5933], "pipPosition": [-135.309, 197.29, -21.4443], "stabilizedTipPosition": [-136.428, 188.436, -52.1686], "timeVisible": 16.0948, "tipPosition": [-136.407, 193.114, -52.3716], "tipVelocity": [16.6567, -10.5022, -3.70051], "tool": false, "touchDistance": 0.335702, "touchZone": "hovering", "type": 1, "width": 16.4215}, {"bases": [[[0.718016, 0.683419, 0.131877], [-0.657764, 0.604298, 0.449635], [0.227596, -0.409589, 0.883424]], [[0.651881, 0.755773, -0.0621137], [-0.752827, 0.654825, 0.066743], [0.0911162, 0.00325242, 0.995835]], [[0.651881, 0.755773, -0.0621137], [-0.710858, 0.580503, -0.39711], [-0.264068, 0.303023, 0.915667]], [[0.651881, 0.755773, -0.0621137], [-0.518247, 0.38421, -0.76407], [-0.553599, 0.530273, 0.642136]]], "btipPosition": [-134.484, 156.054, -2.6338], "carpPosition": [-119.74, 175.499, 79.2242], "dipPosition": [-123.486, 166.589, 10.1237], "direction": [-0.264068, -0.303023, -0.915667], "extended": false, "handId": 32, "id": 320, "length": 44.2416, "mcpPosition": [-119.74, 175.499, 79.2242], "pipPosition": [-115.842, 175.36, 36.6266], "stabilizedTipPosition": [-132.554, 158.135, -0.4288], "timeVisible": 16.0948, "tipPosition": [-128.874, 160.887, -0.620527], "tipVelocity": [16.7158, -8.35399, 0.042975], "tool": false, "touchDistance": 0.336794, "touchZone": "hovering", "type": 0, "width": 17.1916}, {"bases": [[[0.857081, -0.514729, 0.0215831], [0.50306, 0.845216, 0.180392], [-0.111095, -0.143753, 0.983358]], [[0.848877, -0.522423, 0.0805103], [0.235192, 0.236891, -0.942638], [0.473383, 0.81912, 0.323961]], [[0.848877, -0.522423, 0.0805103], [-0.42783, -0.768498, -0.475786], [0.310433, 0.36944, -0.875868]], [[0.848877, -0.522423, 0.0805103], [-0.526136, -0.820421, 0.223807], [-0.0508695, -0.232344, -0.971302]]], "btipPosition": [-124.544, 157.773, 39.9232], "carpPosition": [-143.954, 187.906, 75.332], "dipPosition": [-123.733, 154.066, 24.4285], "direction": [0.310434, -0.36944, 0.875868], "extended": false, "handId": 32, "id": 322, "length": 56.8818, "mcpPosition": [-150.596, 196.501, 16.5409], "pipPosition": [-131.227, 162.985, 3.28527], "stabilizedTipPosition": [-125.042, 156.631, 35.5644], "timeVisible": 16.0948, "tipPosition": [-123.99, 154.566, 30.3154], "tipVelocity": [10.8021, -9.46089, 0.940972], "tool": false, "touchDistance": 0.333333, "touchZone": "none", "type": 2, "width": 16.1281}, {"bases": [[[0.791013, -0.592514, 0.152397], [0.559211, 0.801267, 0.212728], [-0.248155, -0.0830488, 0.965154]], [[0.786037, -0.594018, 0.171139], [0.34915, 0.198146, -0.915878], [0.510137, 0.779667, 0.363152]], [[0.786037, -0.594018, 0.171139], [-0.448522, -0.738536, -0.503382], [0.42541, 0.318918, -0.846946]], [[0.786037, -0.594018, 0.171139], [-0.616145, -0.77527, 0.139001], [0.0501097, -0.214707, -0.975392]]], "btipPosition": [-136.572, 154.059, 44.8123], "carpPosition": [-153.399, 183.267, 75.006], "dipPosition": [-137.367, 150.654, 29.3417], "direction": [0.42541, -0.318918, 0.846946], "extended": false, "handId": 32, "id": 323, "length": 54.6934, "mcpPosition": [-166.72, 187.725, 23.1986], "pipPosition": [-147.371, 158.154, 9.42474], "stabilizedTipPosition": [-137.464, 152.957, 40.4257], "timeVisible": 16.0948, "tipPosition": [-136.842, 151.524, 37.7414], "tipVelocity": [8.07604, -9.44142, 0.323468], "tool": false, "touchDistance": 0.333333, "touchZone": "none", "type": 3, "width": 15.3469}, {"bases": [[[0.653631, -0.722337, 0.225821], [0.6513, 0.688849, 0.318269], [-0.385454, -0.060954, 0.920712]], [[0.645531, -0.723442, 0.244789], [0.518352, 0.179623, -0.83609], [0.560893, 0.666609, 0.49095]], [[0.645531, -0.723442, 0.244789], [-0.478196, -0.632774, -0.609037], [0.595499, 0.276095, -0.754422]], [[0.645531, -0.723442, 0.244789], [-0.742994, -0.669057, -0.0179706], [0.176778, -0.170276, -0.96941]]], "btipPosition": [-149.972, 154.043, 41.862], "carpPosition": [-160.129, 173.116, 75.6371], "dipPosition": [-152.559, 151.551, 27.6772], "direction": [0.595499, -0.276095, 0.754422], "extended": false, "handId": 32, "id": 324, "length": 42.8786, "mcpPosition": [-179.282, 176.145, 29.8878], "pipPosition": [-162.446, 156.136, 15.1512], "stabilizedTipPosition": [-151.323, 153.171, 38.116], "timeVisible": 16.0948, "tipPosition": [-150.757, 152.078, 36.8455], "tipVelocity": [9.25596, -7.74709, -1.55379], "tool": false, "touchDistance": 0.333333, "touchZone": "none", "type": 4, "width": 13.6323}], "r": [[0.742325, -0.628449, 0.232389], [0.65461, 0.754216, -0.0514105], [-0.142963, 0.190288, 0.971263]], "s": 1.18611, "t": [49.7173, 44.9827, 23.6488], "timestamp": 496156580309}, {"currentFrameRate": 115.032, "devices": [], "gestures": [], "hands": [{"armBasis": [[0.925714, -0.0342168, -0.376673], [0.271026, 0.754659, 0.597524], [0.263814, -0.655224, 0.707872]], "armWidth": 54.251, "confidence": 1, "direction": [-0.190463, 0.264543, -0.945379], "elbow": [-207.666, 14.3202, 261.265], "grabAngle": 2.74938, "grabStrength": 0, "id": 32, "palmNormal": [0.348335, -0.882133, -0.317024], "palmPosition": [-147.438, 186.433, 35.9063], "palmVelocity": [11.8218, -8.10438, 2.30498], "palmWidth": 77.9717, "pinchDistance": 45.6181, "pinchStrength": 0.530233, "r": [[0.742369, -0.628418, 0.232334], [0.654724, 0.754045, -0.0524713], [-0.142217, 0.191068, 0.97122]], "s": 1.18621, "sphereCenter": [-144.121, 154.347, 12.1073], "sphereRadius": 38.3728, "stabilizedPalmPosition": [-147.996, 186.331, 35.7842], "t": [-49.6229, 44.9357, 23.6474], "timeVisible": 16.1038, "type": "left", "wrist": [-146.627, 165.92, 97.4847]}], "id": 65563, "interactionBox": {"center": [0, 200, 0], "size": [235.247, 235.247, 147.751]}, "pointables": [{"bases": [[[0.936766, -0.33974, -0.0839435], [0.349474, 0.920765, 0.17338], [0.0183881, -0.191752, 0.981271]], [[0.920611, -0.371854, 0.119165], [0.383586, 0.918311, -0.0978078], [-0.0730599, 0.135753, 0.988045]], [[0.920611, -0.371854, 0.119165], [0.390072, 0.889752, -0.237034], [-0.017885, 0.264699, 0.964165]], [[0.920611, -0.371854, 0.119165], [0.390318, 0.867504, -0.308365], [0.0112912, 0.330396, 0.943775]]], "btipPosition": [-135.341, 186.92, -54.8949], "carpPosition": [-133.632, 190.005, 76.4744], "dipPosition": [-135.505, 191.712, -41.2064], "direction": [-0.017885, -0.264699, -0.964165], "extended": true, "handId": 32, "id": 321, "length": 49.9218, "mcpPosition": [-132.473, 202.094, 14.6114], "pipPosition": [-135.138, 197.143, -21.4234], "stabilizedTipPosition": [-136.389, 188.42, -52.1531], "timeVisible": 16.1038, "tipPosition": [-136.157, 192.87, -52.3413], "tipVelocity": [21.6274, -19.4112, 3.21512], "tool": false, "touchDistance": 0.335895, "touchZone": "h