{"frames":91,"data":[{"currentFrameRate":113.41,"devices":[],"gestures":[],"hands":[{"armBasis":[[0.643721,0.356736,-0.677025],[0.121194,0.826011,0.550471],[0.755603,-0.436401,0.488486]],"armWidth":51.6826,"confidence":1,"direction":[-0.413,-0.216405,-0.884647],"elbow":[281.416,101.193,169.358],"grabAngle":2.16254,"grabStrength":0.155052,"id":99,"palmNormal":[0.249772,-0.961029,0.118483],"palmPosition":[75.4739,187.736,8.46322],"palmVelocity":[-11.3834,-11.1369,-25.8721],"palmWidth":76.2329,"pinchDistance":61.8425,"pinchStrength":0,"r":[[0.291074,0.764519,-0.575141],[-0.956537,0.243674,-0.160186],[0.0176818,0.59677,0.802218]],"s":1.08249,"sphereCenter":[102.185,139.168,-11.5484],"sphereRadius":57.7507,"stabilizedPalmPosition":[84.6888,183.625,19.5066],"t":[-101.106,60.3774,90.4631],"timeVisible":4.67429,"type":"right","wrist":[110.491,199.912,58.8577]}],"id":129360,"interactionBox":{"center":[0,200,0],"size":[235.247,235.247,147.751]},"pointables":[{"bases":[[[0.0484317,0.886565,-0.460062],[-0.655369,0.375795,0.655186],[0.753754,0.269779,0.599228]],[[-0.273856,0.690191,-0.669805],[-0.737889,0.295901,0.606599],[0.616865,0.660363,0.428251]],[[-0.273856,0.690191,-0.669805],[-0.830045,0.182184,0.5271],[0.485828,0.700318,0.522997]],[[-0.273856,0.690191,-0.669805],[-0.860889,0.13459,0.490668],[0.428804,0.711,0.55732]]],"btipPosition":[32.7371,127.514,15.1378],"carpPosition":[81.3739,189.919,59.5569],"dipPosition":[41.3535,141.801,26.3365],"direction":[-0.485828,-0.700318,-0.522997],"extended":true,"handId":99,"id":990,"length":44.7461,"mcpPosition":[81.3739,189.919,59.5569],"pipPosition":[55.5755,162.302,41.6467],"stabilizedTipPosition":[39.6521,131.743,22.1543],"timeVisible":4.67429,"tipPosition":[38.8546,130.65,14.4806],"tipVelocity":[-32.26,-6.78607,-19.3736],"tool":false,"touchDistance":0.150608,"touchZone":"hovering","type":0,"width":16.187},{"bases":[[[0.959712,0.00837998,-0.280859],[-0.101418,0.942506,-0.318429],[0.262043,0.334084,0.905385]],[[0.942272,-0.0116681,-0.334644],[-0.332004,0.0974267,-0.938233],[0.0435507,0.995174,0.0879286]],[[0.942272,-0.0116681,-0.334644],[-0.122786,-0.941818,-0.312895],[-0.311523,0.335922,-0.888881]],[[0.942272,-0.0116681,-0.334644],[0.100832,-0.943118,0.3168],[-0.319305,-0.332254,-0.887497]]],"btipPosition":[92.7999,149.711,19.0893],"carpPosition":[95.6912,208.079,34.5991],"dipPosition":[87.6777,144.381,4.85228],"direction":[0.311523,-0.335922,0.888881],"extended":false,"handId":99,"id":993,"length":55.3171,"mcpPosition":[81.939,190.546,-12.9162],"pipPosition":[80.2683,152.371,-16.2892],"stabilizedTipPosition":[94.0928,142.883,20.5263],"timeVisible":4.67429,"tipPosition":[90.6143,147.152,13.911],"tipVelocity":[-8.14217,3.89511,-12.8899],"tool":false,"touchDistance":0.333333,"touchZone":"none","type":3,"width":14.45},{"bases":[[[0.987067,-0.108855,-0.117683],[0.0726393,0.958124,-0.276988],[0.142906,0.264857,0.95364]],[[0.953729,-0.147972,-0.261736],[-0.249736,0.0948994,-0.963653],[0.167433,0.984428,0.0535543]],[[0.953729,-0.147972,-0.261736],[-0.206017,-0.955658,-0.210415],[-0.218995,0.254601,-0.941923]],[[0.953729,-0.147972,-0.261736],[-0.0383213,-0.923237,0.382315],[-0.298216,-0.354595,-0.886188]]],"btipPosition":[102.85,162.418,13.563],"carpPosition":[106.785,204.198,32.5852],"dipPosition":[98.4366,157.17,0.448158],"direction":[0.218994,-0.254601,0.941923],"extended":false,"handId":99,"id":994,"length":43.3675,"mcpPosition":[99.8421,191.331,-13.7435],"pipPosition":[94.7591,161.445,-15.3694],"stabilizedTipPosition":[105.817,159.821,16.6173],"timeVisible":4.67429,"tipPosition":[101.597,162.106,11.5302],"tipVelocity":[-11.9415,-8.73186,-25.0322],"tool":false,"touchDistance":0.333333,"touchZone":"none","type":4,"width":12.8356},{"bases":[[[0.794034,0.133249,-0.593089],[-0.329217,0.914466,-0.235306],[0.511005,0.382096,0.769985]],[[0.883255,0.21012,-0.419177],[-0.376134,0.851286,-0.365836],[0.27997,0.480793,0.830936]],[[0.883255,0.21012,-0.419177],[-0.463846,0.522341,-0.715546],[0.0686028,0.826444,0.558824]],[[0.883255,0.21012,-0.419177],[-0.460392,0.219176,-0.860233],[-0.0888785,0.952791,0.290326]]],"btipPosition":[37.5534,132.471,-47.3287],"carpPosition":[79.4977,204.885,46.6377],"dipPosition":[36.2496,146.448,-43.0698],"direction":[-0.0686028,-0.826444,-0.558824],"extended":true,"handId":99,"id":991,"length":50.491,"mcpPosition":[48.0004,181.334,-0.822453],"pipPosition":[37.6733,163.599,-31.4729],"stabilizedTipPosition":[39.1293,136.932,-44.2786],"timeVisible":4.67429,"tipPosition":[33.1474,144.908,-53.0156],"tipVelocity":[-12.8764,-11.9235,-24.5848],"tool":false,"touchDistance":0.289814,"touchZone":"hovering","type":1,"width":15.4618},{"bases":[[[0.900184,0.0257871,-0.434746],[-0.178937,0.931995,-0.315226],[0.397052,0.361553,0.843581]],[[0.925902,0.0511759,-0.374281],[-0.242814,0.839623,-0.485875],[0.28939,0.540753,0.789835]],[[0.925902,0.0511759,-0.374281],[-0.365634,0.370453,-0.85386],[0.0949565,0.92744,0.361715]],[[0.925902,0.0511759,-0.374281],[-0.370813,-0.0660571,-0.926355],[-0.0721309,0.996503,-0.0421857]]],"btipPosition":[50.5398,125.127,-50.2773],"carpPosition":[86.8793,207.361,39.8695],"dipPosition":[49.3761,141.205,-50.9579],"direction":[-0.0949565,-0.92744,-0.361715],"extended":true,"handId":99,"id":992,"length":57.5304,"mcpPosition":[63.6705,186.227,-9.44018],"pipPosition":[51.6944,163.849,-42.1267],"stabilizedTipPosition":[52.1506,129.133,-45.1768],"timeVisible":4.67429,"tipPosition":[52.0412,129.681,-50.1807],"tipVelocity":[-8.75147,-17.5842,-9.40689],"tool":false,"touchDistance":-0.247299,"touchZone":"touching","type":2,"width":15.1855}],"r":[[0.291074,0.764519,-0.575141],[-0.956537,0.243674,-0.160186],[0.0176818,0.59677,0.802218]],"s":1.08249,"t":[-101.106,60.3774,90.4631],"timestamp":7914456083},{"currentFrameRate":113.461,"devices":[],"gestures":[],"hands":[{"armBasis":[[0.64449,0.356994,-0.676157],[0.121337,0.825355,0.551422],[0.754924,-0.437429,0.488617]],"armWidth":51.6826,"confidence":1,"direction":[-0.412365,-0.215098,-0.885261],"elbow":[281.141,100.804,169.193],"grabAngle":2.16461,"grabStrength":0.153931,"id":99,"palmNormal":[0.24886,-0.961365,0.117667],"palmPosition":[75.3879,187.662,8.22342],"palmVelocity":[-9.85466,-8.49254,-27.4805],"palmWidth":76.2329,"pinchDistance":61.6071,"pinchStrength":0,"r":[[0.291023,0.765255,-0.574186],[-0.956553,0.243822,-0.159866],[0.0176612,0.595764,0.802965]],"s":1.08284,"sphereCenter":[101.854,139.094,-11.7139],"sphereRadius":57.6196,"stabilizedPalmPosition":[84.6888,183.625,19.5066],"t":[-101.199,60.2952,90.2356],"timeVisible":4.68302,"type":"right","wrist":[110.37,199.755,58.6625]}],"id":129361,"interactionBox":{"center":[0,200,0],"size":[235.247,235.247,147.751]},"pointables":[{"bases":[[[0.0495954,0.887024,-0.459052],[-0.655659,0.37563,0.654991],[0.753427,0.268497,0.600215]],[[-0.272798,0.691028,-0.669373],[-0.737648,0.296424,0.606637],[0.617622,0.659251,0.428872]],[[-0.272798,0.691028,-0.669373],[-0.829348,0.183724,0.527662],[0.487609,0.699089,0.522984]],[[-0.272798,0.691028,-0.669373],[-0.859724,0.13718,0.491992],[0.431805,0.709691,0.556671]]],"btipPosition":[32.4618,127.488,14.8932],"carpPosition":[81.2427,189.785,59.3248],"dipPosition":[41.1384,141.749,26.0789],"direction":[-0.487609,-0.699089,-0.522984],"extended":true,"handId":99,"id":990,"length":44.7461,"mcpPosition":[81.2427,189.785,59.3248],"pipPosition":[55.4126,162.214,41.3887],"stabilizedTipPosition":[39.635,131.74,22.1389],"timeVisible":4.68302,"tipPosition":[38.6728,130.602,14.1782],"tipVelocity":[-29.966,-3.65218,-28.3724],"tool":false,"touchDistance":0.146481,"touchZone":"hovering","type":0,"width":16.187},{"bases":[[[0.959977,0.0078835,-0.279967],[-0.100338,0.942936,-0.317496],[0.261488,0.33288,0.905988]],[[0.94257,-0.0120915,-0.333789],[-0.331167,0.0962536,-0.93865],[0.0434781,0.995283,0.0867215]],[[0.94257,-0.0120915,-0.333789],[-0.122007,-0.942752,-0.310377],[-0.310928,0.333277,-0.890085]],[[0.94257,-0.0120915,-0.333789],[0.100719,-0.942537,0.318559],[-0.318461,-0.333883,-0.887189]]],"btipPosition":[92.7111,149.739,18.9285],"carpPosition":[95.5981,207.96,34.4001],"dipPosition":[87.6024,144.383,4.69644],"direction":[0.310928,-0.333277,0.890085],"extended":false,"handId":99,"id":993,"length":55.3171,"mcpPosition":[81.875,190.49,-13.147],"pipPosition":[80.2072,152.31,-16.4737],"stabilizedTipPosition":[94.0898,142.889,20.5206],"timeVisible":4.68302,"tipPosition":[90.5008,147.076,13.6629],"tipVelocity":[-9.82903,2.5877,-18.2944],"tool":false,"touchDistance":0.333333,"touchZone":"none","type":3,"width":14.45},{"bases":[[[0.987084,-0.109552,-0.116893],[0.0736939,0.958363,-0.275878],[0.142249,0.263701,0.954058]],[[0.953857,-0.148475,-0.260983],[-0.248788,0.0958336,-0.963805],[0.168112,0.984262,0.0544728]],[[0.953857,-0.148475,-0.260983],[-0.206378,-0.955522,-0.21068],[-0.218094,0.25482,-0.942073]],[[0.953857,-0.148475,-0.260983],[-0.0390491,-0.923145,0.382464],[-0.297712,-0.354625,-0.886346]]],"btipPosition":[102.744,162.349,13.3266],"carpPosition":[106.69,204.072,32.3921],"dipPosition":[98.3383,157.101,0.209356],"direction":[0.218094,-0.25482,0.942073],"extended":false,"handId":99,"id":994,"length":43.3675,"mcpPosition":[99.7796,191.261,-13.957],"pipPosition":[94.6759,161.38,-15.6107],"stabilizedTipPosition":[105.815,159.821,16.614],"timeVisible":4.68302,"tipPosition":[101.487,162.005,11.2845],"tipVelocity":[-11.9238,-7.86267,-27.161],"tool":false,"touchDistance":0.333333,"touchZone":"none","type":4,"width":12.8356},{"bases":[[[0.794691,0.13323,-0.592212],[-0.328237,0.914996,-0.234614],[0.510614,0.380832,0.77087]],[[0.883564,0.209577,-0.418799],[-0.375342,0.851708,-0.365667],[0.280059,0.480283,0.831201]],[[0.883564,0.209577,-0.418799],[-0.463145,0.52351,-0.715147],[0.069367,0.825842,0.559619]],[[0.883564,0.209577,-0.418799],[-0.460005,0.220723,-0.860045],[-0.0878072,0.952554,0.291429]]],"btipPosition":[37.4358,132.465,-47.6432],"carpPosition":[79.3908,204.766,46.4203],"dipPosition":[36.1477,146.439,-43.3681],"direction":[-0.069367,-0.825842,-0.559619],"extended":true,"handId":99,"id":991,"length":50.491,"mcpPosition":[47.9177,181.293,-1.09449],"pipPosition":[37.5872,163.577,-31.7548],"stabilizedTipPosition":[39.1113,136.921,-44.3001],"timeVisible":4.68302,"tipPosition":[33.0952,144.907,-53.3197],"tipVelocity":[-13.0628,-0.808223,-35.6147],"tool":false,"touchDistance":0.284634,"touchZone":"hovering","type":1,"width":15.4618},{"bases":[[[0.900605,0.0255076,-0.433889],[-0.177869,0.932486,-0.314376],[0.396576,0.360304,0.844339]],[[0.926062,0.0505653,-0.373968],[-0.242324,0.839356,-0.48658],[0.289288,0.541225,0.789549]],[[0.926062,0.0505653,-0.373968],[-0.365344,0.368318,-0.854907],[0.0945103,0.928324,0.359559]],[[0.926062,0.0505653,-0.373968],[-0.370307,-0.0690706,-0.926338],[-0.0726707,0.996329,-0.045239]]],"btipPosition":[50.4929,125.044,-50.4158],"carpPosition":[86.7808,207.243,39.6615],"dipPosition":[49.3204,141.119,-51.1457],"direction":[-0.0945103,-0.928324,-0.359559],"extended":true,"handId":99,"id":992,"length":57.5304,"mcpPosition":[63.5998,186.182,-9.69246],"pipPosition":[51.6279,163.784,-42.3671],"stabilizedTipPosition":[52.085,129.12,-45.3608],"timeVisible":4.68302,"tipPosition":[51.9376,129.678,-50.5062],"tipVelocity":[-5.60773,-9.59601,-17.175],"tool":false,"touchDistance":-0.249796,"touchZone":"touching","type":2,"width":15.1855}],"r":[[0.291023,0.765255,-0.574186],[-0.956553,0.243822,-0.159866],[0.0176612,0.595764,0.802965]],"s":1.08284,"t":[-101.199,60.2952,90.2356],"timestamp":7914464809},{"currentFrameRate":113.593,"devices":[],"gestures":[],"hands":[{"armBasis":[[0.645476,0.357149,-0.675133],[0.121748,0.824522,0.552577],[0.754015,-0.438871,0.488727]],"armWidth":51.6826,"confidence":1,"direction":[-0.411023,-0.213988,-0.886154],"elbow":[280.791,100.374,169.023],"grabAngle":2.16579,"grabStrength":0.151739,"id":99,"palmNormal":[0.247303,-0.961782,0.117545],"palmPosition":[75.3119,187.639,7.96388],"palmVelocity":[-8.85377,-2.64402,-30.2634],"palmWidth":76.2329,"pinchDistance":61.4061,"pinchStrength":0,"r":[[0.291408,0.765832,-0.573221],[-0.956439,0.244226,-0.159934],[0.0175128,0.594857,0.803641]],"s":1.08328,"sphereCenter":[101.57,139.054,-11.886],"sphereRadius":57.5225,"stabilizedPalmPosition":[84.6888,183.625,19.5066],"t":[-101.284,60.2428,89.9921],"timeVisible":4.6916,"type":"right","wrist":[110.225,199.652,58.4676]}],"id":129362,"interactionBox":{"center":[0,200,0],"size":[235.247,235.247,147.751]},"pointables":[{"bases":[[[0.0516816,0.887231,-0.458421],[-0.656349,0.376148,0.654003],[0.752686,0.267084,0.601773]],[[-0.27081,0.691623,-0.669566],[-0.737952,0.297481,0.605749],[0.618133,0.658151,0.429824]],[[-0.27081,0.691623,-0.669566],[-0.829337,0.185512,0.527053],[0.488735,0.698027,0.523351]],[[-0.27081,0.691623,-0.669566],[-0.859498,0.139508,0.491732],[0.433504,0.708657,0.556669]]],"btipPosition":[32.2056,127.524,14.5952],"carpPosition":[81.075,189.723,59.0773],"dipPosition":[40.9164,141.764,25.7808],"direction":[-0.488735,-0.698027,-0.523351],"extended":true,"handId":99,"id":990,"length":44.7461,"mcpPosition":[81.075,189.723,59.0773],"pipPosition":[55.2235,162.198,41.1013],"stabilizedTipPosition":[39.6189,131.737,22.1241],"timeVisible":4.6916,"tipPosition":[38.4767,130.628,13.8392],"tipVelocity":[-28.9597,3.66209,-34.7532],"tool":false,"touchDistance":0.141514,"touchZone":"hovering","type":0,"width":16.187},{"bases":[[[0.960505,0.00671466,-0.278182],[-0.0984357,0.943267,-0.31711],[0.260271,0.331968,0.906673]],[[0.94317,-0.0132036,-0.332049],[-0.329365,0.0956318,-0.939347],[0.0441572,0.995329,0.0858482]],[[0.94317,-0.0132036,-0.332049],[-0.121913,-0.943288,-0.308779],[-0.309141,0.331712,-0.89129]],[[0.94317,-0.0132036,-0.332049],[0.099382,-0.942273,0.319758],[-0.317103,-0.334586,-0.887411]]],"btipPosition":[92.5884,149.767,18.7485],"carpPosition":[95.5019,207.893,34.1902],"dipPosition":[87.5015,144.4,4.51286],"direction":[0.309141,-0.331712,0.89129],"extended":false,"handId":99,"id":993,"length":55.3171,"mcpPosition":[81.8427,190.471,-13.3927],"pipPosition":[80.1487,152.29,-16.686],"stabilizedTipPosition":[94.087,142.895,20.5153],"timeVisible":4.6916,"tipPosition":[90.3658,147.039,13.4215],"tipVelocity":[-13.7237,2.95221,-21.0875],"tool":false,"touchDistance":0.333333,"touchZone":"none","type":3,"width":14.45},{"bases":[[[0.987145,-0.110857,-0.11513],[0.0755398,0.958426,-0.27516],[0.140847,0.262926,0.95448]],[[0.954135,-0.149644,-0.259295],[-0.246873,0.0966678,-0.964214],[0.169354,0.984003,0.0552911]],[[0.954135,-0.149644,-0.259295],[-0.207166,-0.95528,-0.211005],[-0.216123,0.255044,-0.942467]],[[0.954135,-0.149644,-0.259295],[-0.0407693,-0.922991,0.382656],[-0.296589,-0.354534,-0.886759]]],"btipPosition":[102.627,162.309,13.1023],"carpPosition":[106.592,203.991,32.2005],"dipPosition":[98.2376,157.062,-0.0209891],"direction":[0.216123,-0.255044,0.942467],"extended":false,"handId":99,"id":994,"length":43.3675,"mcpPosition":[99.7497,191.218,-14.1691],"pipPosition":[94.6083,161.345,-15.8477],"stabilizedTipPosition":[105.813,159.822,16.6109],"timeVisible":4.6916,"tipPosition":[101.37,161.943,11.0564],"tipVelocity":[-13.2311,-4.6905,-26.3107],"tool":false,"touchDistance":0.333333,"touchZone":"none","type":4,"width":12.8356},{"bases":[[[0.795973,0.13248,-0.590658],[-0.326526,0.915594,-0.234667],[0.509714,0.379654,0.772046]],[[0.884346,0.208305,-0.417782],[-0.373417,0.852725,-0.365268],[0.280166,0.47903,0.831888]],[[0.884346,0.208305,-0.417782],[-0.461405,0.526083,-0.714382],[0.0709791,0.824528,0.561352]],[[0.884346,0.208305,-0.417782],[-0.458898,0.223598,-0.859893],[-0.0857047,0.952162,0.293328]]],"btipPosition":[37.3001,132.566,-48.0466],"carpPosition":[79.2679,204.715,46.1785],"dipPosition":[36.0429,146.533,-43.7437],"direction":[-0.0709791,-0.824528,-0.561352],"extended":true,"handId":99,"id":991,"length":50.491,"mcpPosition":[47.8502,181.314,-1.40878],"pipPosition":[37.5158,163.644,-32.0944],"stabilizedTipPosition":[39.0971,136.913,-44.3187],"timeVisible":4.6916,"tipPosition":[33.099,144.922,-53.6413],"tipVelocity":[-14.9972,11.5597,-46.2949],"tool":false,"touchDistance":0.278017,"touchZone":"hovering","type":1,"width":15.4618},{"bases":[[[0.901443,0.0245145,-0.432204],[-0.175987,0.932923,-0.314139],[0.395512,0.359241,0.845291]],[[0.926642,0.0493048,-0.372699],[-0.240723,0.839295,-0.487479],[0.288769,0.541436,0.789595]],[[0.926642,0.0493048,-0.372699],[-0.363914,0.366439,-0.856323],[0.0943505,0.929135,0.3575]],[[0.926642,0.0493048,-0.372699],[-0.368887,-0.0719633,-0.926684],[-0.0725107,0.996188,-0.0484963]]],"btipPosition":[50.471,125.022,-50.5971],"carpPosition":[86.6738,207.185,39.4349],"dipPosition":[49.301,141.095,-51.3796],"direction":[-0.0943505,-0.929135,-0.3575],"extended":true,"handId":99,"id":992,"length":57.5304,"mcpPosition":[63.555,186.187,-9.97471],"pipPosition":[51.6046,163.78,-42.6512],"stabilizedTipPosition":[52.0412,129.11,-45.4868],"timeVisible":4.6916,"tipPosition":[51.8713,129.712,-50.8436],"tipVelocity":[-2.49118,-2.58675,-22.5509],"tool":false,"touchDistance":-0.25302,"touchZone":"touching","type":2,"width":15.1855}],"r":[[0.291408,0.765832,-0.573221],[-0.956439,0.244226,-0.159934],[0.0175128,0.594857,0.803641]],"s":1.08328,"t":[-101.284,60.2428,89.9921],"timestamp":7914473385},{"currentFrameRate":113.584,"devices":[],"gestures":[],"hands":[{"armBasis":[[0.646561,0.356891,-0.674231],[0.122626,0.823702,0.553604],[0.752942,-0.440617,0.488809]],"armWidth":51.6826,"confidence":1,"direction":[-0.410081,-0.213008,-0.886826],"elbow":[280.412,99.8867,168.819],"grabAngle":2.16668,"grabStrength":0.149551,"id":99,"palmNormal":[0.245596,-0.962219,0.117549],"palmPosition":[75.2235,187.625,7.69244],"palmVelocity":[-10.0238,-1.61091,-30.7797],"palmWidth":76.2329,"pinchDistance":61.2682,"pinchStrength":0,"r":[[0.292127,0.766242,-0.572307],[-0.956222,0.244867,-0.160247],[0.0173509,0.594065,0.80423]],"s":1.08372,"sphereCenter":[101.312,139.012,-12.0919],"sphereRadius":57.4563,"stabilizedPalmPosition":[84.6888,183.625,19.5066],"t":[-101.37,60.2095,89.7346],"timeVisible":4.70042,"type":"right","wrist":[110.089,199.559,58.2454]}],"id":129363,"interactionBox":{"center":[0,200,0],"size":[235.247,235.247,147.751]},"pointables":[{"bases":[[[0.0537617,0.887315,-0.45802],[-0.656692,0.376957,0.653191],[0.75224,0.265662,0.602959]],[[-0.268893,0.692163,-0.669782],[-0.738148,0.298627,0.604945],[0.618736,0.657063,0.43062]],[[-0.268893,0.692163,-0.669782],[-0.829321,0.18726,0.52646],[0.489819,0.697025,0.523672]],[[-0.268893,0.692163,-0.669782],[-0.859398,0.14157,0.491317],[0.434892,0.707721,0.556777]]],"btipPosition":[31.9617,127.576,14.2879],"carpPosition":[80.9159,189.681,58.8149],"dipPosition":[40.7004,141.797,25.4757],"direction":[-0.489819,-0.697025,-0.523672],"extended":true,"handId":99,"id":990,"length":44.7461,"mcpPosition":[80.9159,189.681,58.8149],"pipPosition":[55.0393,162.201,40.8056],"stabilizedTipPosition":[39.6032,131.734,22.1095],"timeVisible":4.70042,"tipPosition":[38.2706,130.672,13.5078],"tipVelocity":[-26.9244,5.35323,-34.7857],"tool":false,"touchDistance":0.136401,"touchZone":"hovering","type":0,"width":16.187},{"bases":[[[0.960916,0.00528159,-0.27679],[-0.0964701,0.943538,-0.316905],[0.259489,0.331221,0.90717]],[[0.943627,-0.0145893,-0.33069],[-0.327914,0.0951485,-0.939904],[0.0451771,0.995356,0.0850006]],[[0.943627,-0.0145893,-0.33069],[-0.122307,-0.943697,-0.307372],[-0.307587,0.33049,-0.892282]],[[0.943627,-0.0145893,-0.33069],[0.097905,-0.942028,0.320933],[-0.316201,-0.335217,-0.887494]]],"btipPosition":[92.4448,149.789,18.545],"carpPosition":[95.4078,207.837,33.9554],"dipPosition":[87.3724,144.411,4.30801],"direction":[0.307587,-0.33049,0.892282],"extended":false,"handId":99,"id":993,"length":55.3171,"mcpPosition":[81.7897,190.455,-13.6537],"pipPosition":[80.0566,152.272,-16.9144],"stabilizedTipPosition":[94.0842,142.901,20.51],"timeVisible":4.70042,"tipPosition":[90.2109,147.008,13.1692],"tipVelocity":[-15.9012,2.15211,-23.1107],"tool":false,"touchDistance":0.333333,"touchZone":"none","type":3,"width":14.45},{"bases":[[[0.987133,-0.112392,-0.113743],[0.0774685,0.958405,-0.274698],[0.139885,0.262352,0.954779]],[[0.954267,-0.151075,-0.257973],[-0.245321,0.097448,-0.964532],[0.170855,0.983707,0.0559297]],[[0.954267,-0.151075,-0.257973],[-0.208299,-0.954976,-0.211263],[-0.214442,0.255337,-0.942771]],[[0.954267,-0.151075,-0.257973],[-0.0425917,-0.922819,0.382872],[-0.295905,-0.354374,-0.887051]]],"btipPosition":[102.492,162.265,12.8576],"carpPosition":[106.495,203.918,31.9803],"dipPosition":[98.1131,157.021,-0.270029],"direction":[0.214442,-0.255337,0.942771],"extended":false,"handId":99,"id":994,"length":43.3675,"mcpPosition":[99.699,191.173,-14.4039],"pipPosition":[94.512,161.308,-16.1018],"stabilizedTipPosition":[105.811,159.823,16.6079],"timeVisible":4.70042,"tipPosition":[101.237,161.885,10.8123],"tipVelocity":[-15.0033,-4.86931,-27.8614],"tool":false,"touchDistance":0.333333,"touchZone":"none","type":4,"width":12.8356},{"bases":[[[0.797037,0.131424,-0.589457],[-0.324724,0.9162,-0.234803],[0.509202,0.378557,0.772922]],[[0.885036,0.206793,-0.41707],[-0.371524,0.8536,-0.365153],[0.2805,0.478125,0.832296]],[[0.885036,0.206793,-0.41707],[-0.459799,0.528363,-0.713735],[0.0727694,0.823449,0.562704]],[[0.885036,0.206793,-0.41707],[-0.457982,0.226183,-0.859706],[-0.0834469,0.951881,0.294887]]],"btipPosition":[37.1326,132.659,-48.4261],"carpPosition":[79.1515,204.681,45.919],"dipPosition":[35.9085,146.622,-44.1003],"direction":[-0.0727694,-0.823449,-0.562704],"extended":true,"handId":99,"id":991,"length":50.491,"mcpPosition":[47.7654,181.347,-1.72225],"pipPosition":[37.4186,163.711,-32.4229],"stabilizedTipPosition":[39.0847,136.907,-44.3359],"timeVisible":4.70042,"tipPosition":[33.0514,144.951,-53.9555],"tipVelocity":[-18.1256,10.4364,-42.4298],"tool":false,"touchDistance":0.271781,"touchZone":"hovering","type":1,"width":15.4618},{"bases":[[[0.902105,0.023232,-0.430891],[-0.174042,0.933317,-0.314051],[0.394862,0.3583,0.845994]],[[0.927118,0.0478106,-0.371708],[-0.238988,0.839421,-0.488116],[0.288683,0.541374,0.789669]],[[0.927118,0.0478106,-0.371708],[-0.362581,0.365323,-0.857364],[0.0948025,0.929652,0.356033]],[[0.927118,0.0478106,-0.371708],[-0.367818,-0.0740787,-0.926943],[-0.0718533,0.996106,-0.0510941]]],"btipPosition":[50.3882,125.025,-50.8114],"carpPosition":[86.571,207.142,39.187],"dipPosition":[49.2289,141.096,-51.6358],"direction":[-0.0948025,-0.929652,-0.356033],"extended":true,"handId":99,"id":992,"length":57.5304,"mcpPosition":[63.4903,186.198,-10.2637],"pipPosition":[51.5434,163.794,-42.9433],"stabilizedTipPosition":[52.0081,129.104,-45.5819],"timeVisible":4.70042,"tipPosition":[51.7628,129.749,-51.1688],"tipVelocity":[-9.11186,0.234294,-25.3903],"tool":false,"touchDistance":-0.256752,"touchZone":"touching","type":2,"width":15.1855}],"r":[[0.292127,0.766242,-0.572307],[-0.956222,0.244867,-0.160247],[0.0173509,0.594065,0.80423]],"s":1.08372,"t":[-101.37,60.2095,89.7346],"timestamp":7914482204},{"currentFrameRate":113.753,"devices":[],"gestures":[],"hands":[{"armBasis":[[0.647728,0.35578,-0.673697],[0.124395,0.823013,0.554234],[0.751647,-0.442798,0.488831]],"armWidth":51.6826,"confidence":1,"direction":[-0.408905,-0.214517,-0.887006],"elbow":[279.985,99.4713,168.599],"grabAngle":2.16637,"grabStrength":0.14658,"id":99,"palmNormal":[0.24406,-0.962281,0.120211],"palmPosition":[75.1462,187.657,7.44925],"palmVelocity":[-9.09149,3.78903,-28.6072],"palmWidth":76.2329,"pinchDistance":61.1995,"pinchStrength":0,"r":[[0.293104,0.766219,-0.571838],[-0.955927,0.24557,-0.16093],[0.0171187,0.593804,0.804427]],"s":1.08411,"sphereCenter":[101.207,138.97,-12.1911],"sphereRadius":57.4672,"stabilizedPalmPosition":[84.6888,183.625,19.5066],"t":[-101.452,60.209,89.4843],"timeVisible":4.70892,"type":"right","wrist":[109.954,199.637,58.0197]}],"id":129364,"interactionBox":{"center":[0,200,0],"size":[235.247,235.247,147.751]},"pointables":[{"bases":[[[0.055758,0.886163,-0.460007],[-0.65725,0.3794,0.651213],[0.751607,0.266029,0.603585]],[[-0.266702,0.691063,-0.67179],[-0.738953,0.300857,0.602854],[0.618723,0.657204,0.430423]],[[-0.266702,0.691063,-0.67179],[-0.830137,0.189404,0.524404],[0.489635,0.697538,0.523162]],[[-0.266702,0.691063,-0.67179],[-0.860405,0.143342,0.489037],[0.434251,0.708439,0.556364]]],"btipPosition":[31.8212,127.685,14.0806],"carpPosition":[80.7566,189.825,58.5762],"dipPosition":[40.547,141.92,25.2602],"direction":[-0.489635,-0.697538,-0.523162],"extended":true,"handId":99,"id":990,"length":44.7461,"mcpPosition":[80.7566,189.825,58.5762],"pipPosition":[54.8805,162.34,40.5751],"stabilizedTipPosition":[39.5889,131.732,22.0959],"timeVisible":4.70892,"tipPosition":[38.0926,130.769,13.3456],"tipVelocity":[-16.875,13.1951,-24.6092],"tool":false,"touchDistance":0.132914,"touchZone":"hovering","type":0,"width":16.187},{"bases":[[[0.96138,0.00329758,-0.275204],[-0.0946294,0.942926,-0.319274],[0.258444,0.332986,0.906822]],[[0.944153,-0.0166756,-0.329085],[-0.326257,0.0926242,-0.940732],[0.0461685,0.995561,0.0820109]],[[0.944153,-0.0166756,-0.329085],[-0.122697,-0.944689,-0.304151],[-0.305811,0.327543,-0.893977]],[[0.944153,-0.0166756,-0.329085],[0.0963116,-0.941138,0.32401],[-0.315118,-0.33761,-0.886973]]],"btipPosition":[92.3092,149.862,18.4528],"carpPosition":[95.3151,207.903,33.6983],"dipPosition":[87.2542,144.446,4.22421],"direction":[0.305811,-0.327543,0.893977],"extended":false,"handId":99,"id":993,"length":55.3171,"mcpPosition":[81.7517,190.428,-13.8925],"pipPosition":[79.9807,152.237,-17.0385],"stabilizedTipPosition":[94.0805,142.908,20.5034],"timeVisible":4.70892,"tipPosition":[90.0716,147.038,13.0534],"tipVelocity":[-15.4772,7.62389,-10.6153],"tool":false,"touchDistance":0.333333,"touchZone":"none","type":3,"width":14.45},{"bases":[[[0.987162,-0.114029,-0.111837],[0.0792595,0.957649,-0.276813],[0.138666,0.264396,0.954393]],[[0.954467,-0.153018,-0.256082],[-0.243554,0.0959825,-0.965126],[0.172261,0.983551,0.0543441]],[[0.954467,-0.153018,-0.256082],[-0.209383,-0.95508,-0.209716],[-0.212488,0.253786,-0.943632]],[[0.954467,-0.153018,-0.256082],[-0.0446,-0.921973,0.384678],[-0.294963,-0.355742,-0.886817]]],"btipPosition":[102.367,162.262,12.706],"carpPosition":[106.4,203.964,31.7508],"dipPosition":[98.0019,156.998,-0.41814],"direction":[0.212488,-0.253786,0.943632],"extended":false,"handId":99,"id":994,"length":43.3675,"mcpPosition":[99.6633,191.119,-14.6146],"pipPosition":[94.4336,161.26,-16.2644],"stabilizedTipPosition":[105.809,159.823,16.6046],"timeVisible":4.70892,"tipPosition":[101.118,161.888,10.6716],"tipVelocity":[-14.3441,-0.852579,-17.7359],"tool":false,"touchDistance":0.333333,"touchZone":"none","type":4,"width":12.8356},{"bases":[[[0.798196,0.128934,-0.588437],[-0.323057,0.916097,-0.237488],[0.508445,0.379661,0.772878]],[[0.885817,0.204379,-0.416602],[-0.369527,0.853718,-0.3669],[0.280674,0.478952,0.831762]],[[0.885817,0.204379,-0.416602],[-0.457986,0.529547,-0.714023],[0.0746788,0.823292,0.562685]],[[0.885817,0.204379,-0.416602],[-0.456927,0.227644,-0.859881],[-0.080905,0.952054,0.295038]]],"btipPosition":[36.979,132.677,-48.6823],"carpPosition":[79.0345,204.797,45.6422],"dipPosition":[35.7921,146.643,-44.3543],"direction":[-0.0746788,-0.823292,-0.562685],"extended":true,"handId":99,"id":991,"length":50.491,"mcpPosition":[47.695,181.395,-1.99637],"pipPosition":[37.3419,163.728,-32.6773],"stabilizedTipPosition":[39.0741,136.903,-44.3508],"timeVisible":4.70892,"tipPosition":[33.0483,144.821,-54.1137],"tipVelocity":[-17.068,2.25162,-30.0804],"tool":false,"touchDistance":0.267519,"touchZone":"hovering","type":1,"width":15.4618},{"bases":[[[0.902851,0.0209683,-0.429443],[-0.17222,0.932819,-0.316525],[0.393956,0.359734,0.845808]],[[0.927772,0.0456216,-0.370348],[-0.237033,0.838585,-0.490499],[0.288191,0.542856,0.78883]],[[0.927772,0.0456216,-0.370348],[-0.360765,0.363227,-0.85902],[0.0953305,0.930583,0.35345]],[[0.927772,0.0456216,-0.370348],[-0.366356,-0.0771299,-0.927273],[-0.0708685,0.995977,-0.0548452]]],"btipPosition":[50.3303,124.949,-50.9124],"carpPosition":[86.4686,207.232,38.9169],"dipPosition":[49.1869,141.019,-51.7973],"direction":[-0.0953305,-0.930583,-0.35345],"extended":true,"handId":99,"id":992,"length":57.5304,"mcpPosition":[63.4408,186.204,-10.523],"pipPosition":[51.5143,163.739,-43.1679],"stabilizedTipPosition":[51.9809,129.097,-45.6596],"timeVisible":4.70892,"tipPosition":[51.6991,129.674,-51.3148],"tipVelocity":[-6.37916,-8.9462,-13.5201],"tool":false,"touchDistance":-0.258667,"touchZone":"touching","type":2,"width":15.1855}],"r":[[0.293104,0.766219,-0.571838],[-0.955927,0.24557,-0.16093],[0.0171187,0.593804,0.804427]],"s":1.08411,"t":[-101.452,60.209,89.4843],"timestamp":7914490705},{"currentFrameRate":113.748,"devices":[],"gestures":[],"hands":[{"armBasis":[[0.648928,0.353586,-0.673698],[0.126946,0.822727,0.554081],[0.750185,-0.445082,0.489004]],"armWidth":51.6826,"confidence":1,"direction":[-0.408231,-0.216926,-0.88673],"elbow":[279.554,99.1416,168.402],"grabAngle":2.16527,"grabStrength":0.142835,"id":99,"palmNormal":[0.24215,-0.962291,0.12393],"palmPosition":[75.0771,187.756,7.22635],"palmVelocity":[-7.86028,11.2446,-25.3294],"palmWidth":76.2329,"pinchDistance":61.1775,"pinchStrength":0,"r":[[0.294305,0.765685,-0.571936],[-0.955561,0.246368,-0.161882],[0.0169562,0.594162,0.804166]],"s":1.08436,"sphereCenter":[101.209,138.956,-12.2674],"sphereRadius":57.5475,"stabilizedPalmPosition":[84.6888,183.625,19.5066],"t":[-101.528,60.2582,89.2477],"timeVisible":4.71772,"type":"right","wrist":[109.855,199.824,57.7839]}],"id":129365,"interactionBox":{"center":[0,200,0],"size":[235.247,235.247,147.751]},"pointables":[{"bases":[[[0.057936,0.884415,-0.46309],[-0.657336,0.382918,0.649064],[0.751368,0.266802,0.603543]],[[-0.264158,0.689561,-0.674334],[-0.739847,0.303666,0.600345],[0.618746,0.65749,0.429953]],[[-0.264158,0.689561,-0.674334],[-0.831208,0.191863,0.521806],[0.489197,0.698351,0.522486]],[[-0.264158,0.689561,-0.674334],[-0.861892,0.145011,0.485916],[0.432854,0.709562,0.556021]]],"btipPosition":[31.7345,127.897,13.9028],"carpPosition":[80.6299,190.096,58.352],"dipPosition":[40.4322,142.155,25.0754],"direction":[-0.489197,-0.698352,-0.522486],"extended":true,"handId":99,"id":990,"length":44.7461,"mcpPosition":[80.6299,190.096,58.352],"pipPosition":[54.7528,162.598,40.3706],"stabilizedTipPosition":[39.5727,131.731,22.0804],"timeVisible":4.71772,"tipPosition":[37.8731,130.96,13.3102],"tipVelocity":[-10.5924,24.726,-20.3903],"tool":false,"touchDistance":0.129924,"touchZone":"hovering","type":0,"width":16.187},{"bases":[[[0.961715,0.000558741,-0.274051],[-0.0925162,0.941954,-0.322742],[0.257963,0.33574,0.905943]],[[0.944516,-0.0195746,-0.327882],[-0.324992,0.089104,-0.94151],[0.0476453,0.99583,0.0777985]],[[0.944516,-0.0195746,-0.327882],[-0.123774,-0.945848,-0.300085],[-0.304253,0.324018,-0.895792]],[[0.944516,-0.0195746,-0.327882],[0.0943147,-0.940025,0.327808],[-0.314634,-0.340544,-0.886022]]],"btipPosition":[92.1693,149.994,18.4177],"carpPosition":[95.2514,208.058,33.4276],"dipPosition":[87.122,144.531,4.20434],"direction":[0.304253,-0.324018,0.895792],"extended":false,"handId":99,"id":993,"length":55.3171,"mcpPosition":[81.7133,190.438,-14.1171],"pipPosition":[79.8856,152.237,-17.1015],"stabilizedTipPosition":[94.0747,142.919,20.4932],"timeVisible":4.71772,"tipPosition":[89.9242,147.134,12.9991],"tipVelocity":[-15.698,13.7065,-3.59262],"tool":false,"touchDistance":0.333333,"touchZone":"none","type":3,"width":14.45},{"bases":[[[0.987085,-0.116233,-0.110237],[0.0813482,0.956511,-0.280124],[0.138003,0.267539,0.953613]],[[0.954474,-0.15569,-0.254439],[-0.242183,0.0935079,-0.965714],[0.174144,0.98337,0.0515455]],[[0.954474,-0.15569,-0.254439],[-0.211128,-0.955172,-0.207536],[-0.210722,0.251807,-0.944558]],[[0.954474,-0.15569,-0.254439],[-0.0470868,-0.920929,0.386876],[-0.294553,-0.357283,-0.886334]]],"btipPosition":[102.238,162.3,12.594],"carpPosition":[106.331,204.092,31.5075],"dipPosition":[97.8787,157.012,-0.523054],"direction":[0.210722,-0.251807,0.944558],"extended":false,"handId":99,"id":994,"length":43.3675,"mcpPosition":[99.6269,191.094,-14.82],"pipPosition":[94.3401,161.241,-16.3848],"stabilizedTipPosition":[105.806,159.824,16.6],"timeVisible":4.71772,"tipPosition":[100.999,161.949,10.5697],"tipVelocity":[-14.53,3.61213,-12.5479],"tool":false,"touchDistance":0.333333,"touchZone":"none","type":4,"width":12.8356},{"bases":[[[0.799139,0.125377,-0.587927],[-0.321091,0.915835,-0.241137],[0.508211,0.38148,0.772137]],[[0.886613,0.201193,-0.416459],[-0.367319,0.85347,-0.369682],[0.281058,0.480739,0.8306]],[[0.886613,0.201193,-0.416459],[-0.456044,0.530342,-0.714676],[0.0770782,0.823564,0.561961]],[[0.886613,0.201193,-0.416459],[-0.455953,0.22911,-0.860009],[-0.077613,0.952381,0.294866]]],"btipPosition":[36.7975,132.716,-48.8557],"carpPosition":[78.9508,205.025,45.3627],"dipPosition":[35.6589,146.687,-44.5302],"direction":[-0.0770782,-0.823564,-0.561961],"extended":true,"handId":99,"id":991,"length":50.491,"mcpPosition":[47.6258,181.511,-2.2301],"pipPosition":[37.2585,163.778,-32.8682],"stabilizedTipPosition":[39.0621,136.898,-44.3675],"timeVisible":4.71772,"tipPosition":[33.006,144.7,-54.1785],"tipVelocity":[-19.3601,4.58069,-19.767],"tool":false,"touchDistance":0.26462,"touchZone":"hovering","type":1,"width":15.4618},{"bases":[[[0.903403,0.0177871,-0.428423],[-0.170129,0.932,-0.320051],[0.393597,0.362022,0.844998]],[[0.928348,0.042659,-0.369255],[-0.234838,0.837339,-0.493674],[0.288132,0.545017,0.78736]],[[0.928348,0.042659,-0.369255],[-0.358949,0.36095,-0.860738],[0.0965646,0.931609,0.3504]],[[0.928348,0.042659,-0.369255],[-0.365228,-0.0800406,-0.927471],[-0.0691204,0.995878,-0.0587253]]],"btipPosition":[50.2242,124.893,-50.9463],"carpPosition":[86.3975,207.422,38.6378],"dipPosition":[49.109,140.961,-51.8938],"direction":[-0.0965646,-0.931609,-0.3504],"extended":true,"handId":99,"id":992,"length":57.5304,"mcpPosition":[63.3906,186.261,-10.7547],"pipPosition":[51.4666,163.706,-43.3388],"stabilizedTipPosition":[51.95,129.089,-45.7441],"timeVisible":4.71772,"tipPosition":[51.5931,129.606,-51.3591],"tipVelocity":[-11.3189,-6.46109,-5.48375],"tool":false,"touchDistance":-0.259472,"touchZone":"touching","type":2,"width":15.1855}],"r":[[0.294305,0.765685,-0.571936],[-0.955561,0.246368,-0.161882],[0.0169562,0.594162,0.804166]],"s":1.08436,"t":[-101.528,60.2582,89.2477],"timestamp":7914499505},{"currentFrameRate":113.6,"devices":[],"gestures":[],"hands":[{"armBasis":[[0.649965,0.350611,-0.674253],[0.129747,0.822996,0.55303],[0.748807,-0.446933,0.489428]],"armWidth":51.6826,"confidence":1,"direction":[-0.408197,-0.21869,-0.886312],"elbow":[279.167,98.8716,168.255],"grabAngle":2.16406,"grabStrength":0.138693,"id":99,"palmNormal":[0.239483,-0.962532,0.127201],"palmPosition":[74.9974,187.85,7.00736],"palmVelocity":[-8.79853,10.3968,-24.1793],"palmWidth":76.2329,"pinchDistance":61.2476,"pinchStrength":0,"r":[[0.295755,0.76473,-0.572465],[-0.955112,0.247413,-0.162936],[0.0170335,0.594958,0.803577]],"s":1.08446,"sphereCenter":[101.264,138.926,-12.4093],"sphereRadius":57.6859,"stabilizedPalmPosition":[84.6888,183.625,19.5066],"t":[-101.605,60.3298,89.0198],"timeVisible":4.72677,"type":"right","wrist":[109.779,199.972,57.5415]}],"id":129366,"interactionBox":{"center":[0,200,0],"size":[235.247,235.247,147.751]},"pointables":[{"bases":[[[0.0606278,0.882759,-0.465898],[-0.656756,0.386769,0.647365],[0.751662,0.266733,0.603206]],[[-0.261166,0.688673,-0.676403],[-0.740731,0.306333,0.597894],[0.618958,0.657183,0.430118]],[[-0.261166,0.688673,-0.676403],[-0.832515,0.193973,0.518935],[0.48858,0.698644,0.522671]],[[-0.261166,0.688673,-0.676403],[-0.863773,0.14608,0.482241],[0.430915,0.710204,0.556706]]],"btipPosition":[31.6738,128.133,13.6538],"carpPosition":[80.5211,190.34,58.1291],"dipPosition":[40.3326,142.403,24.8402],"direction":[-0.48858,-0.698644,-0.522671],"extended":true,"handId":99,"id":990,"length":44.7461,"mcpPosition":[80.5211,190.34,58.1291],"pipPosition":[54.6352,162.855,40.1408],"stabilizedTipPosition":[39.5561,131.73,22.064],"timeVisible":4.72677,"tipPosition":[37.5729,131.178,13.2963],"tipVelocity":[-7.68806,26.332,-27.1423],"tool":false,"touchDistance":0.125827,"touchZone":"hovering","type":0,"width":16.187},{"bases":[[[0.961902,-0.00290182,-0.273377],[-0.0897666,0.941153,-0.325842],[0.258236,0.337968,0.905037]],[[0.944687,-0.0231625,-0.327155],[-0.324187,0.0852026,-0.942148],[0.049697,0.996094,0.0729807]],[[0.944687,-0.0231625,-0.327155],[-0.125418,-0.947201,-0.295093],[-0.303047,0.319802,-0.897714]],[[0.944687,-0.0231625,-0.327155],[0.0920193,-0.938719,0.332174],[-0.314801,-0.343905,-0.884664]]],"btipPosition":[92.0068,150.145,18.4035],"carpPosition":[95.208,208.183,33.1571],"dipPosition":[86.9569,144.628,4.21199],"direction":[0.303047,-0.319802,0.897714],"extended":false,"handId":99,"id":993,"length":55.3171,"mcpPosition":[81.6555,190.446,-14.34],"pipPosition":[79.7491,152.235,-17.1396],"stabilizedTipPosition":[94.0658,142.935,20.4785],"timeVisible":4.72677,"tipPosition":[89.7389,147.219,12.936],"tipVelocity":[-18.0054,15.3676,-1.00769],"tool":false,"touchDistance":0.333333,"touchZone":"none","type":3,"width":14.45},{"bases":[[[0.986846,-0.119232,-0.10917],[0.0841067,0.955381,-0.283149],[0.13806,0.270242,0.952842]],[[0.954222,-0.159073,-0.253291],[-0.241248,0.0912548,-0.966164],[0.176805,0.98304,0.0487014]],[[0.954222,-0.159073,-0.253291],[-0.213822,-0.954948,-0.205801],[-0.209142,0.250539,-0.945246]],[[0.954222,-0.159073,-0.253291],[-0.0502153,-0.920027,0.388624],[-0.294854,-0.358115,-0.885898]]],"btipPosition":[102.079,162.3,12.473],"carpPosition":[106.278,204.18,31.2576],"dipPosition":[97.7159,157.001,-0.637585],"direction":[0.209142,-0.250539,0.945246],"extended":false,"handId":99,"id":994,"length":43.3675,"mcpPosition":[99.5713,191.052,-15.0324],"pipPosition":[94.2038,161.208,-16.5109],"stabilizedTipPosition":[105.801,159.825,16.5936],"timeVisible":4.72677,"tipPosition":[100.848,161.983,10.4497],"tipVelocity":[-17.6037,-0.21639,-13.1941],"tool":false,"touchDistance":0.333333,"touchZone":"none","type":4,"width":12.8356},{"bases":[[[0.799879,0.121339,-0.587768],[-0.318467,0.915909,-0.244313],[0.508697,0.382605,0.771259]],[[0.887451,0.197486,-0.41645],[-0.364602,0.85354,-0.372203],[0.281952,0.48215,0.829479]],[[0.887451,0.197486,-0.41645],[-0.45386,0.531794,-0.714987],[0.0802654,0.823526,0.561572]],[[0.887451,0.197486,-0.41645],[-0.455037,0.231712,-0.859797],[-0.0733014,0.952527,0.295497]]],"btipPosition":[36.5453,132.8,-49.0335],"carpPosition":[78.891,205.231,45.0906],"dipPosition":[35.47,146.773,-44.6987],"direction":[-0.0802654,-0.823526,-0.561572],"extended":true,"handId":99,"id":991,"length":50.491,"mcpPosition":[47.536,181.648,-2.44815],"pipPosition":[37.1357,163.863,-33.0449],"stabilizedTipPosition":[39.0464,136.893,-44.3883],"timeVisible":4.72677,"tipPosition":[32.8831,144.635,-54.2343],"tipVelocity":[-26.2343,9.31466,-19.3995],"tool":false,"touchDistance":0.261691,"touchZone":"hovering","type":1,"width":15.4618},{"bases":[[[0.903744,0.0139847,-0.427845],[-0.167407,0.931415,-0.323173],[0.393982,0.36369,0.844102]],[[0.928799,0.0390724,-0.368519],[-0.232143,0.836481,-0.496396],[0.288863,0.546602,0.785993]],[[0.928799,0.0390724,-0.368519],[-0.357146,0.359736,-0.861996],[0.098889,0.932236,0.348077]],[[0.928799,0.0390724,-0.368519],[-0.364612,-0.0814603,-0.92759],[-0.0662628,0.99591,-0.061414]]],"btipPosition":[50.0199,124.879,-51.0118],"carpPosition":[86.3488,207.587,38.3631],"dipPosition":[48.9508,140.947,-52.0027],"direction":[-0.098889,-0.932236,-0.348077],"extended":true,"handId":99,"id":992,"length":57.5304,"mcpPosition":[63.3194,186.328,-10.977],"pipPosition":[51.3651,163.708,-43.5045],"stabilizedTipPosition":[51.9129,129.081,-45.8378],"timeVisible":4.72677,"tipPosition":[51.3946,129.572,-51.4064],"tipVelocity":[-21.3885,-1.52251,-8.34047],"tool":false,"touchDistance":-0.260731,"touchZone":"touching","type":2,"width":15.1855}],"r":[[0.295755,0.76473,-0.572465],[-0.955112,0.247413,-0.162936],[0.0170335,0.5949