{"frames":79,"data":[{"currentFrameRate":115.245,"devices":[],"gestures":[],"hands":[{"armBasis":[[0.846013,0.152322,-0.51094],[0.321867,0.618074,0.717207],[0.425045,-0.771221,0.473871]],"armWidth":60.3768,"confidence":1,"direction":[-0.252845,0.659898,-0.707534],"elbow":[174.195,15.401,245.673],"grabAngle":0.444352,"grabStrength":0,"id":157,"palmNormal":[-0.280747,-0.749873,-0.599059],"palmPosition":[40.4847,253.533,79.7627],"palmVelocity":[23.7221,-19.5769,-0.730192],"palmWidth":84.431,"pinchDistance":42.9886,"pinchStrength":0,"r":[[0.896229,0.391861,-0.207892],[-0.358847,0.915968,0.179531],[0.260774,-0.0862997,0.961535]],"s":1.14586,"sphereCenter":[-28.4404,157.457,6.8355],"sphereRadius":140.009,"stabilizedPalmPosition":[40.0129,253.872,79.6961],"t":[-138.172,97.6683,164.016],"timeVisible":11.2563,"type":"right","wrist":[67.7055,208.621,126.95]},{"armBasis":[[-0.553145,-0.0450065,-0.831869],[-0.716788,0.534583,0.4477],[-0.424554,-0.843916,0.327962]],"armWidth":60.3768,"confidence":1,"direction":[0.349894,0.936587,-0.0194522],"elbow":[-339.467,-53.646,147.114],"grabAngle":2.4452,"grabStrength":1,"id":159,"palmNormal":[0.825543,-0.318091,-0.466152],"palmPosition":[-201.257,220.494,64.8304],"palmVelocity":[2.53586,-0.663338,-4.24188],"palmWidth":84.431,"pinchDistance":42.4502,"pinchStrength":0.464231,"r":[[0.25713,0.966172,0.0198791],[-0.910259,0.249055,-0.330756],[-0.324518,0.0669521,0.943507]],"s":0.776128,"sphereCenter":[-158.501,222.253,43.6242],"sphereRadius":41.6575,"stabilizedPalmPosition":[-200.177,219.229,64.1672],"t":[14.3158,17.6208,31.7029],"timeVisible":10.4925,"type":"left","wrist":[-233.1,157.786,64.9476]}],"id":108778,"interactionBox":{"center":[0,200,0],"size":[235.247,235.247,147.751]},"pointables":[{"bases":[[[-0.848285,0.526439,0.0572261],[-0.149399,-0.341603,0.927894],[-0.508028,-0.778569,-0.368426]],[[-0.54024,0.814172,0.212753],[-0.116081,-0.322507,0.939422],[-0.833466,-0.482817,-0.268742]],[[-0.54024,0.814172,0.212753],[-0.0257412,-0.268693,0.962882],[-0.841117,-0.514711,-0.166117]],[[-0.54024,0.814172,0.212753],[0.0852622,-0.198562,0.976373],[-0.83718,-0.545616,-0.0378533]]],"btipPosition":[-124.736,215.208,98.4896],"carpPosition":[-206.356,165.827,80.2052],"dipPosition":[-142.195,203.829,97.7001],"direction":[0.841117,0.514711,0.166117],"extended":true,"handId":159,"id":1590,"length":46.4408,"mcpPosition":[-206.356,165.827,80.2052],"pipPosition":[-167.75,188.191,92.6531],"stabilizedTipPosition":[-127.071,209.668,96.3405],"timeVisible":10.4925,"tipPosition":[-128.46,212.267,97.445],"tipVelocity":[1.26112,-4.27027,-6.31154],"tool":false,"touchDistance":0.4718,"touchZone":"none","type":0,"width":19.362},{"bases":[[[-0.217569,-0.237334,-0.94675],[-0.926026,0.356726,0.123381],[-0.308448,-0.903559,0.29739]],[[-0.195994,-0.175068,-0.964851],[-0.332216,0.937602,-0.102639],[-0.922615,-0.300422,0.241925]],[[-0.195994,-0.175068,-0.964851],[0.720001,0.64229,-0.262798],[-0.665722,0.7462,-0.000163772]],[[-0.195994,-0.175068,-0.964851],[0.96418,0.144928,-0.222155],[-0.178726,0.973831,-0.140392]]],"btipPosition":[-170.108,216.335,27.8544],"carpPosition":[-230.122,186.216,49.3191],"dipPosition":[-172.853,231.293,25.698],"direction":[0.665722,-0.7462,0.000163772],"extended":false,"handId":159,"id":1594,"length":45.0101,"mcpPosition":[-213.526,234.832,33.3179],"pipPosition":[-184.456,244.298,25.6952],"stabilizedTipPosition":[-169.294,219.466,26.9215],"timeVisible":10.4925,"tipPosition":[-169.779,221.041,27.1412],"tipVelocity":[12.2396,6.91834,-6.99279],"tool":false,"touchDistance":0.333333,"touchZone":"none","type":4,"width":15.3533},{"bases":[[[0.57434,0.780494,0.246907],[-0.520911,0.11578,0.845723],[0.631494,-0.614349,0.473065]],[[0.634316,0.715502,0.292745],[-0.427293,0.00891156,0.90407],[0.644255,-0.698553,0.311382]],[[0.634316,0.715502,0.292745],[-0.738191,0.44812,0.504244],[0.229603,-0.535952,0.812427]],[[0.634316,0.715502,0.292745],[-0.762298,0.641901,0.0828559],[-0.12863,-0.275716,0.952594]]],"btipPosition":[0.190688,269.167,62.1519],"carpPosition":[34.3255,214.777,121.125],"dipPosition":[-2.49188,263.417,82.0182],"direction":[-0.229603,0.535952,-0.812427],"extended":false,"handId":157,"id":1570,"length":46.4408,"mcpPosition":[34.3255,214.777,121.125],"pipPosition":[4.48403,247.133,106.702],"stabilizedTipPosition":[-0.866338,268.249,66.8776],"timeVisible":11.2563,"tipPosition":[-0.81787,265.325,65.2668],"tipVelocity":[29.2708,-28.6474,-9.65279],"tool":false,"touchDistance":0.328581,"touchZone":"hovering","type":0,"width":19.362},{"bases":[[[0.870281,0.0642991,-0.48834],[0.217605,0.839252,0.498302],[0.441881,-0.539928,0.716393]],[[0.968243,-0.121224,-0.218656],[0.183661,0.938279,0.293089],[0.169631,-0.32394,0.930746]],[[0.968243,-0.121224,-0.218656],[0.177725,0.948854,0.260941],[0.17584,-0.291515,0.940265]],[[0.968243,-0.121224,-0.218656],[0.169566,0.961099,0.218026],[0.18372,-0.248178,0.951133]]],"btipPosition":[0.593883,293.899,2.89271],"carpPosition":[43.838,234.581,122.163],"dipPosition":[3.39102,290.121,17.3737],"direction":[-0.17584,0.291515,-0.940265],"extended":true,"handId":157,"id":1571,"length":52.4033,"mcpPosition":[13.6724,271.44,73.2578],"pipPosition":[7.17831,283.842,37.6253],"stabilizedTipPosition":[0.980696,293.431,6.28965],"timeVisible":11.2563,"tipPosition":[1.9033,297.269,7.39339],"tipVelocity":[12.6309,-59.5655,-14.3515],"tool":false,"touchDistance":0.339808,"touchZone":"hovering","type":1,"width":18.4945},{"bases":[[[0.872046,-0.153259,-0.464808],[0.371253,0.825982,0.424176],[0.318915,-0.542462,0.777192]],[[0.905426,-0.220757,-0.362587],[0.311034,0.926284,0.212734],[0.288896,-0.305392,0.907345]],[[0.905426,-0.220757,-0.362587],[0.277673,0.954064,0.112515],[0.321093,-0.202554,0.925133]],[[0.905426,-0.220757,-0.362587],[0.258403,0.964284,0.0581725],[0.336795,-0.146365,0.930133]]],"btipPosition":[6.94599,292.748,-11.2651],"carpPosition":[53.7768,236.929,117.039],"dipPosition":[12.5858,290.297,4.3105],"direction":[-0.321093,0.202554,-0.925133],"extended":true,"handId":157,"id":1572,"length":59.7094,"mcpPosition":[33.1306,272.047,66.7247],"pipPosition":[20.7222,285.164,27.753],"stabilizedTipPosition":[8.0636,292.474,-7.64996],"timeVisible":11.2563,"tipPosition":[8.22557,296.196,-6.90171],"tipVelocity":[14.6678,-57.0572,-11.4298],"tool":false,"touchDistance":0.33954,"touchZone":"hovering","type":2,"width":18.1641},{"bases":[[[0.878988,-0.293243,-0.376017],[0.442585,0.795208,0.414442],[0.177479,-0.530709,0.828763]],[[0.866613,-0.260533,-0.425564],[0.360119,0.916913,0.172001],[0.345393,-0.302312,0.888432]],[[0.866613,-0.260533,-0.425564],[0.307265,0.950618,0.0437357],[0.393154,-0.168663,0.903871]],[[0.866613,-0.260533,-0.425564],[0.288881,0.957362,0.0021714],[0.406853,-0.124819,0.904926]]],"btipPosition":[23.19,285.419,-9.39279],"carpPosition":[63.7363,236.294,111.529],"dipPosition":[29.9638,283.341,5.67358],"direction":[-0.393154,0.168663,-0.903871],"extended":true,"handId":157,"id":1573,"length":57.4121,"mcpPosition":[53.4204,267.141,63.3578],"pipPosition":[39.6689,279.177,27.9858],"stabilizedTipPosition":[24.5288,285.259,-5.91017],"timeVisible":11.2563,"tipPosition":[24.8332,289.447,-4.93688],"tipVelocity":[13.948,-58.5182,-10.5103],"tool":false,"touchDistance":0.340691,"touchZone":"hovering","type":3,"width":17.2843},{"bases":[[[0.80833,-0.480029,-0.340844],[0.587841,0.689886,0.422493],[0.0323341,-0.541876,0.839836]],[[0.780703,-0.34692,-0.519758],[0.509959,0.834411,0.209045],[0.36117,-0.428258,0.828343]],[[0.780703,-0.34692,-0.519758],[0.423163,0.905516,0.0312123],[0.459821,-0.24431,0.853743]],[[0.780703,-0.34692,-0.519758],[0.373831,0.92578,-0.0564113],[0.500752,-0.150261,0.852449]]],"btipPosition":[43.7225,278.356,5.51626],"carpPosition":[72.5478,229.14,104.777],"dipPosition":[51.4139,276.048,18.6096],"direction":[-0.459821,0.24431,-0.853743],"extended":true,"handId":157,"id":1574,"length":45.0101,"mcpPosition":[70.808,258.296,59.5892],"pipPosition":[59.4281,271.79,33.4893],"stabilizedTipPosition":[45.1011,278.238,8.50157],"timeVisible":11.2563,"tipPosition":[46.6213,282.616,9.87433],"tipVelocity":[14.828,-54.838,-10.934],"tool":false,"touchDistance":0.342134,"touchZone":"hovering","type":4,"width":15.3533},{"bases":[[[-0.377746,0.302212,-0.8752],[-0.754214,0.447871,0.480179],[-0.537093,-0.841474,-0.0587516]],[[-0.402261,0.262841,-0.876984],[-0.250726,0.889654,0.381643],[-0.880524,-0.373403,0.291972]],[[-0.402261,0.262841,-0.876984],[0.647068,0.759282,-0.0692366],[-0.64768,0.59532,0.475505]],[[-0.402261,0.262841,-0.876984],[0.891685,0.329654,-0.310203],[-0.207567,0.906776,0.366979]]],"btipPosition":[-133.689,227.111,58.8545],"carpPosition":[-221.174,181.999,81.8503],"dipPosition":[-136.849,240.916,64.4418],"direction":[0.64768,-0.59532,-0.475505],"extended":false,"handId":159,"id":1591,"length":52.4033,"mcpPosition":[-184.508,239.443,85.8611],"pipPosition":[-150.799,253.738,74.6833],"stabilizedTipPosition":[-132.123,229.622,59.2247],"timeVisible":10.4925,"tipPosition":[-133.261,232.132,60.2959],"tipVelocity":[0.488566,-12.8831,-4.1644],"tool":false,"touchDistance":0.245387,"touchZone":"hovering","type":1,"width":18.4945},{"bases":[[[-0.312689,0.104939,-0.944041],[-0.818827,0.473933,0.323897],[-0.481402,-0.874286,0.0622667]],[[-0.291412,0.142941,-0.945858],[-0.243297,0.945183,0.217797],[-0.925141,-0.293593,0.240661]],[[-0.291412,0.142941,-0.945858],[0.71559,0.688757,-0.116381],[-0.63483,0.710761,0.302999]],[[-0.291412,0.142941,-0.945858],[0.942228,0.213629,-0.25801],[-0.165183,0.966401,0.196937]]],"btipPosition":[-136.587,221.599,47.4052],"carpPosition":[-226.341,186.582,72.7487],"dipPosition":[-139.353,237.782,50.703],"direction":[0.63483,-0.710761,-0.302999],"extended":false,"handId":159,"id":1592,"length":59.7094,"mcpPosition":[-195.176,243.182,68.7176],"pipPosition":[-155.44,255.792,58.3809],"stabilizedTipPosition":[-134.764,222.791,46.5209],"timeVisible":10.4925,"tipPosition":[-136.375,226.367,48.0324],"tipVelocity":[4.03305,-6.52905,-3.14032],"tool":false,"touchDistance":0.239106,"touchZone":"hovering","type":2,"width":18.1641},{"bases":[[[-0.317501,-0.0608909,-0.946301],[-0.854004,0.452107,0.257442],[-0.412154,-0.889883,0.195545]],[[-0.290684,-0.00425219,-0.95681],[-0.290197,0.95328,0.0839268],[-0.91175,-0.302059,0.278337]],[[-0.290684,-0.00425219,-0.95681],[0.670567,0.712417,-0.206888],[-0.682527,0.701744,0.204237]],[[-0.290684,-0.00425219,-0.95681],[0.926856,0.247042,-0.282682],[-0.237574,0.968995,0.0678701]]],"btipPosition":[-149.145,219.128,33.6438],"carpPosition":[-230.206,188.834,62.2631],"dipPosition":[-153.101,235.261,34.7738],"direction":[0.682527,-0.701744,-0.204237],"extended":false,"handId":159,"id":1593,"length":57.4121,"mcpPosition":[-206.25,240.558,50.8971],"pipPosition":[-169.949,252.584,39.8154],"stabilizedTipPosition":[-147.586,221.835,32.5715],"timeVisible":10.4925,"tipPosition":[-148.784,225.013,33.6352],"tipVelocity":[6.80412,-0.616183,-4.00217],"tool":false,"touchDistance":0.25635,"touchZone":"hovering","type":3,"width":17.2843}],"r":[[0.334354,-0.848083,-0.411051],[0.870409,0.445119,-0.210372],[0.36138,-0.287444,0.887006]],"s":8.87528,"t":[-839.31,-457.889,1515.03],"timestamp":18025278611},{"currentFrameRate":115.096,"devices":[],"gestures":[],"hands":[{"armBasis":[[0.845918,0.150892,-0.511522],[0.323104,0.618076,0.716649],[0.424296,-0.771501,0.474088]],"armWidth":60.3768,"confidence":1,"direction":[-0.252635,0.658023,-0.709353],"elbow":[174.21,15.2844,245.846],"grabAngle":0.446187,"grabStrength":0,"id":157,"palmNormal":[-0.281572,-0.751403,-0.59675],"palmPosition":[40.7041,253.384,79.7793],"palmVelocity":[24.5407,-16.5784,1.86241],"palmWidth":84.431,"pinchDistance":42.5047,"pinchStrength":0,"r":[[0.896444,0.391655,-0.207352],[-0.358845,0.916084,0.178942],[0.260036,-0.0860043,0.961761]],"s":1.14526,"sphereCenter":[-28.3997,157.091,7.22257],"sphereRadius":140.033,"stabilizedPalmPosition":[40.2061,253.736,79.7193],"t":[-137.954,97.5263,164.035],"timeVisible":11.2652,"type":"right","wrist":[67.9075,208.574,127.069]},{"armBasis":[[-0.552586,-0.0475725,-0.832097],[-0.71961,0.530922,0.447531],[-0.420488,-0.846085,0.327613]],"armWidth":60.3768,"confidence":1,"direction":[0.350601,0.936324,-0.0193842],"elbow":[-338.43,-54.2044,146.978],"grabAngle":2.44343,"grabStrength":1,"id":159,"palmNormal":[0.825756,-0.318831,-0.465267],"palmPosition":[-201.245,220.478,64.7968],"palmVelocity":[1.40248,-1.73915,-3.75032],"palmWidth":84.431,"pinchDistance":42.3959,"pinchStrength":0.465657,"r":[[0.257349,0.966113,0.0199296],[-0.910021,0.249241,-0.331273],[-0.325014,0.0671163,0.943325]],"s":0.775006,"sphereCenter":[-158.477,222.198,43.5841],"sphereRadius":41.6676,"stabilizedPalmPosition":[-200.179,219.232,64.1684],"t":[14.3288,17.6119,31.672],"timeVisible":10.5014,"type":"left","wrist":[-233.082,157.771,64.899]}],"id":108779,"interactionBox":{"center":[0,200,0],"size":[235.247,235.247,147.751]},"pointables":[{"bases":[[[-0.847953,0.527078,0.05626],[-0.150542,-0.341227,0.927848],[-0.508245,-0.778302,-0.368691]],[[-0.53965,0.814741,0.212073],[-0.117016,-0.322044,0.939465],[-0.833718,-0.482167,-0.269129]],[[-0.53965,0.814741,0.212073],[-0.0261011,-0.267971,0.963073],[-0.841485,-0.514187,-0.165876]],[[-0.53965,0.814741,0.212073],[0.0854041,-0.197623,0.976551],[-0.837546,-0.545108,-0.0370652]]],"btipPosition":[-124.747,215.144,98.461],"carpPosition":[-206.398,165.82,80.1824],"dipPosition":[-142.214,203.776,97.688],"direction":[0.841485,0.514187,0.165876],"extended":true,"handId":159,"id":1590,"length":46.4408,"mcpPosition":[-206.398,165.82,80.1824],"pipPosition":[-167.781,188.154,92.6482],"stabilizedTipPosition":[-127.075,209.675,96.3454],"timeVisible":10.5014,"tipPosition":[-128.486,212.209,97.4872],"tipVelocity":[-1.53028,-6.88659,-2.77445],"tool":false,"touchDistance":0.471387,"touchZone":"none","type":0,"width":19.362},{"bases":[[[-0.216834,-0.237447,-0.946891],[-0.925882,0.357441,0.122389],[-0.309397,-0.903247,0.297353]],[[-0.19519,-0.175184,-0.964993],[-0.332518,0.937463,-0.102928],[-0.922677,-0.300787,0.241235]],[[-0.19519,-0.175184,-0.964993],[0.718521,0.644158,-0.262276],[-0.667554,0.744561,-0.000140612]],[[-0.19519,-0.175184,-0.964993],[0.963735,0.148301,-0.221858],[-0.181976,0.973302,-0.139885]]],"btipPosition":[-169.971,216.368,27.8185],"carpPosition":[-230.12,186.217,49.2676],"dipPosition":[-172.766,231.317,25.67],"direction":[0.667554,-0.744561,0.000140612],"extended":false,"handId":159,"id":1594,"length":45.0101,"mcpPosition":[-213.473,234.817,33.2685],"pipPosition":[-184.401,244.294,25.6675],"stabilizedTipPosition":[-169.313,219.47,26.9271],"timeVisible":10.5014,"tipPosition":[-169.737,220.982,27.1392],"tipVelocity":[14.0546,3.43842,-3.8121],"tool":false,"touchDistance":0.333333,"touchZone":"none","type":4,"width":15.3533},{"bases":[[[0.575041,0.78077,0.244388],[-0.520469,0.118649,0.845597],[0.631221,-0.613449,0.474594]],[[0.634544,0.716399,0.290044],[-0.427234,0.0123995,0.904056],[0.644069,-0.69758,0.313938]],[[0.634544,0.716399,0.290044],[-0.738253,0.450732,0.50182],[0.228771,-0.532553,0.814894]],[[0.634544,0.716399,0.290044],[-0.761786,0.643094,0.0781774],[-0.130519,-0.270559,0.953815]]],"btipPosition":[0.471003,268.888,62.0653],"carpPosition":[34.5325,214.754,121.257],"dipPosition":[-2.25097,263.246,81.957],"direction":[-0.228771,0.532553,-0.814894],"extended":false,"handId":157,"id":1570,"length":46.4408,"mcpPosition":[34.5325,214.754,121.257],"pipPosition":[4.69968,247.066,106.716],"stabilizedTipPosition":[-0.615668,268.017,66.794],"timeVisible":11.2652,"tipPosition":[-0.591644,265.187,65.2781],"tipVelocity":[30.338,-28.3773,-9.03176],"tool":false,"touchDistance":0.327235,"touchZone":"hovering","type":0,"width":19.362},{"bases":[[[0.870126,0.0622047,-0.488888],[0.218457,0.840536,0.495758],[0.441766,-0.538173,0.717783]],[[0.967973,-0.12224,-0.219286],[0.183978,0.939705,0.288281],[0.170825,-0.319392,0.932099]],[[0.967973,-0.12224,-0.219286],[0.177649,0.950691,0.254221],[0.177397,-0.285035,0.941958]],[[0.967973,-0.12224,-0.219286],[0.169333,0.962755,0.210784],[0.185352,-0.241165,0.952619]]],"btipPosition":[0.720256,293.332,2.75738],"carpPosition":[44.0606,234.555,122.234],"dipPosition":[3.54224,289.66,17.261],"direction":[-0.177397,0.285035,-0.941958],"extended":true,"handId":157,"id":1571,"length":52.4033,"mcpPosition":[13.9029,271.294,73.2333],"pipPosition":[7.36305,283.521,37.5491],"stabilizedTipPosition":[1.14189,293.04,6.20817],"timeVisible":11.2652,"tipPosition":[2.11449,296.871,7.28034],"tipVelocity":[14.7732,-60.6905,-14.5538],"tool":false,"touchDistance":0.337209,"touchZone":"hovering","type":1,"width":18.4945},{"bases":[[[0.871734,-0.155285,-0.464721],[0.372063,0.826932,0.421607],[0.318824,-0.540435,0.778641]],[[0.905075,-0.222433,-0.362441],[0.311666,0.926811,0.209489],[0.289317,-0.302563,0.908158]],[[0.905075,-0.222433,-0.362441],[0.278171,0.954332,0.108958],[0.321653,-0.199436,0.925616]],[[0.905075,-0.222433,-0.362441],[0.258678,0.964449,0.0540723],[0.337528,-0.142695,0.930437]]],"btipPosition":[7.12959,292.305,-11.3516],"carpPosition":[53.9991,236.88,117.099],"dipPosition":[12.7817,289.916,4.22905],"direction":[-0.321653,0.199436,-0.925616],"extended":true,"handId":157,"id":1572,"length":59.7094,"mcpPosition":[33.3588,271.867,66.6904],"pipPosition":[20.9322,284.862,27.6838],"stabilizedTipPosition":[8.24719,292.114,-7.7092],"timeVisible":11.2652,"tipPosition":[8.44143,295.804,-6.99873],"tipVelocity":[20.8503,-47.9318,-9.54814],"tool":false,"touchDistance":0.337639,"touchZone":"hovering","type":2,"width":18.1641},{"bases":[[[0.878606,-0.295015,-0.375524],[0.443367,0.796075,0.411934],[0.177419,-0.528423,0.830236]],[[0.866209,-0.262379,-0.425251],[0.36087,0.91714,0.169196],[0.345622,-0.300019,0.88912]],[[0.866209,-0.262379,-0.425251],[0.30796,0.950523,0.0408237],[0.3935,-0.166322,0.904154]],[[0.866209,-0.262379,-0.425251],[0.289195,0.957269,-0.00156046],[0.407489,-0.121629,0.905074]]],"btipPosition":[23.3848,285.01,-9.45803],"carpPosition":[63.9558,236.22,111.587],"dipPosition":[30.1692,282.985,5.6108],"direction":[-0.3935,0.166322,-0.904154],"extended":true,"handId":157,"id":1573,"length":57.4121,"mcpPosition":[53.6434,266.935,63.3294],"pipPosition":[39.8828,278.88,27.93],"stabilizedTipPosition":[24.7245,284.923,-5.94871],"timeVisible":11.2652,"tipPosition":[25.0447,289.059,-5.01918],"tipVelocity":[22.0567,-44.3005,-7.23393],"tool":false,"touchDistance":0.338985,"touchZone":"hovering","type":3,"width":17.2843},{"bases":[[[0.807819,-0.481643,-0.339776],[0.588546,0.690665,0.420232],[0.0322698,-0.539446,0.841402]],[[0.780209,-0.349004,-0.519104],[0.510713,0.834587,0.206488],[0.361173,-0.426217,0.829393]],[[0.780209,-0.349004,-0.519104],[0.424052,0.905181,0.028775],[0.459841,-0.242578,0.854226]],[[0.780209,-0.349004,-0.519104],[0.374247,0.925407,-0.0596801],[0.501211,-0.14771,0.852625]]],"btipPosition":[43.9297,277.992,5.46225],"carpPosition":[72.7589,229.04,104.851],"dipPosition":[51.6281,275.723,18.5583],"direction":[-0.459841,0.242578,-0.854226],"extended":true,"handId":157,"id":1574,"length":45.0101,"mcpPosition":[71.0226,258.066,59.5794],"pipPosition":[59.6426,271.495,33.4465],"stabilizedTipPosition":[45.3144,277.965,8.49188],"timeVisible":11.2652,"tipPosition":[46.8333,282.257,9.80329],"tipVelocity":[23.3503,-39.7164,-5.97115],"tool":false,"touchDistance":0.340453,"touchZone":"hovering","type":4,"width":15.3533},{"bases":[[[-0.376682,0.302238,-0.87565],[-0.754346,0.448563,0.479326],[-0.537654,-0.841097,-0.0590267]],[[-0.401266,0.262816,-0.877447],[-0.250127,0.890102,0.380993],[-0.881148,-0.372353,0.29143]],[[-0.401266,0.262816,-0.877447],[0.647714,0.758758,-0.0689407],[-0.647651,0.595998,0.474694]],[[-0.401266,0.262816,-0.877447],[0.892198,0.32894,-0.309486],[-0.20729,0.907042,0.366477]]],"btipPosition":[-133.663,227.03,58.8775],"carpPosition":[-221.206,182.003,81.8087],"dipPosition":[-136.819,240.84,64.4571],"direction":[0.647651,-0.595998,-0.474694],"extended":false,"handId":159,"id":1591,"length":52.4033,"mcpPosition":[-184.502,239.421,85.8382],"pipPosition":[-150.769,253.676,74.6812],"stabilizedTipPosition":[-132.132,229.624,59.2285],"timeVisible":10.5014,"tipPosition":[-133.237,232.063,60.3242],"tipVelocity":[2.93381,-8.91822,2.37461],"tool":false,"touchDistance":0.245741,"touchZone":"hovering","type":1,"width":18.4945},{"bases":[[[-0.311705,0.104897,-0.944371],[-0.81879,0.474627,0.322974],[-0.482103,-0.873914,0.0620545]],[[-0.290386,0.142904,-0.946179],[-0.242864,0.945404,0.217323],[-0.925577,-0.2929,0.239826]],[[-0.290386,0.142904,-0.946179],[0.715804,0.688654,-0.115674],[-0.63506,0.710868,0.302267]],[[-0.290386,0.142904,-0.946179],[0.942463,0.213877,-0.256943],[-0.165648,0.966351,0.196789]]],"btipPosition":[-136.53,221.548,47.4279],"carpPosition":[-226.361,186.587,72.7008],"dipPosition":[-139.303,237.731,50.7233],"direction":[0.63506,-0.710868,-0.302267],"extended":false,"handId":159,"id":1592,"length":59.7094,"mcpPosition":[-195.15,243.163,68.6834],"pipPosition":[-155.396,255.744,58.3826],"stabilizedTipPosition":[-134.776,222.804,46.5296],"timeVisible":10.5014,"tipPosition":[-136.344,226.297,48.0598],"tipVelocity":[6.26259,-5.6739,2.47642],"tool":false,"touchDistance":0.239475,"touchZone":"hovering","type":2,"width":18.1641},{"bases":[[[-0.316636,-0.0609295,-0.946588],[-0.853919,0.452808,0.256491],[-0.412995,-0.889524,0.195404]],[[-0.28977,-0.00431786,-0.957087],[-0.289951,0.953393,0.0834851],[-0.912119,-0.3017,0.277516]],[[-0.28977,-0.00431786,-0.957087],[0.670431,0.712744,-0.206197],[-0.683049,0.701411,0.203637]],[[-0.28977,-0.00431786,-0.957087],[0.926887,0.247992,-0.281745],[-0.238566,0.968753,0.0678583]]],"btipPosition":[-149.061,219.11,33.6474],"carpPosition":[-230.214,188.839,62.2108],"dipPosition":[-153.033,235.239,34.7772],"direction":[0.683048,-0.701411,-0.203637],"extended":false,"handId":159,"id":1593,"length":57.4121,"mcpPosition":[-206.209,240.542,50.853],"pipPosition":[-169.894,252.554,39.804],"stabilizedTipPosition":[-147.604,221.843,32.5819],"timeVisible":10.5014,"tipPosition":[-148.743,224.942,33.6518],"tipVelocity":[9.0533,-2.10871,0.399135],"tool":false,"touchDistance":0.25641,"touchZone":"hovering","type":3,"width":17.2843}],"r":[[0.33309,-0.848737,-0.410726],[0.871146,0.443682,-0.210358],[0.360771,-0.287734,0.88716]],"s":8.87562,"t":[-839.177,-458.041,1514.99],"timestamp":18025287552},{"currentFrameRate":115.248,"devices":[],"gestures":[],"hands":[{"armBasis":[[0.845938,0.149654,-0.511852],[0.323872,0.61836,0.716057],[0.42367,-0.771514,0.474626]],"armWidth":60.3768,"confidence":1,"direction":[-0.252294,0.657312,-0.710133],"elbow":[174.245,15.0039,245.981],"grabAngle":0.446134,"grabStrength":0,"id":157,"palmNormal":[-0.28232,-0.751945,-0.595713],"palmPosition":[40.9217,253.071,79.7318],"palmVelocity":[25.8452,-37.1917,-5.6455],"palmWidth":84.431,"pinchDistance":41.8742,"pinchStrength":0,"r":[[0.896667,0.391294,-0.207067],[-0.358689,0.916279,0.178254],[0.259481,-0.0855619,0.961951]],"s":1.14468,"sphereCenter":[-28.497,156.45,7.26514],"sphereRadius":140.353,"stabilizedPalmPosition":[40.3896,253.566,79.7225],"t":[-137.736,97.2987,164.021],"timeVisible":11.2736,"type":"right","wrist":[68.1005,208.297,127.069]},{"armBasis":[[-0.552812,-0.0494929,-0.831835],[-0.721608,0.527666,0.448163],[-0.41675,-0.848009,0.327414]],"armWidth":60.3768,"confidence":1,"direction":[0.349484,0.936749,-0.019008],"elbow":[-337.418,-54.7453,146.847],"grabAngle":2.44212,"grabStrength":1,"id":159,"palmNormal":[0.826093,-0.317646,-0.465479],"palmPosition":[-201.272,220.469,64.7388],"palmVelocity":[-3.25938,-1.07969,-6.89103],"palmWidth":84.431,"pinchDistance":42.3813,"pinchStrength":0.466042,"r":[[0.257294,0.966125,0.0200495],[-0.909895,0.249202,-0.331648],[-0.32541,0.0670882,0.94319]],"s":0.774084,"sphereCenter":[-158.506,222.247,43.5107],"sphereRadius":41.6755,"stabilizedPalmPosition":[-200.18,219.233,64.1691],"t":[14.3216,17.603,31.6275],"timeVisible":10.5098,"type":"left","wrist":[-233.006,157.712,64.8176]}],"id":108780,"interactionBox":{"center":[0,200,0],"size":[235.247,235.247,147.751]},"pointables":[{"bases":[[[-0.848574,0.526044,0.0565652],[-0.150052,-0.341809,0.927713],[-0.507352,-0.778745,-0.368985]],[[-0.540277,0.814189,0.212596],[-0.116593,-0.322636,0.939315],[-0.833371,-0.482703,-0.269242]],[[-0.540277,0.814189,0.212596],[-0.0254057,-0.26831,0.962998],[-0.841103,-0.514885,-0.165647]],[[-0.540277,0.814189,0.212596],[0.0864575,-0.197596,0.976463],[-0.837034,-0.545942,-0.0363642]]],"btipPosition":[-124.747,215.186,98.3633],"carpPosition":[-206.359,165.798,80.101],"dipPosition":[-142.203,203.8,97.6049],"direction":[0.841103,0.514885,0.165647],"extended":true,"handId":159,"id":1590,"length":46.4408,"mcpPosition":[-206.359,165.798,80.101],"pipPosition":[-167.758,188.157,92.5721],"stabilizedTipPosition":[-127.078,209.68,96.3486],"timeVisible":10.5098,"tipPosition":[-128.501,212.273,97.4212],"tipVelocity":[0.368156,4.46162,-11.2073],"tool":false,"touchDistance":0.469814,"touchZone":"none","type":0,"width":19.362},{"bases":[[[-0.216636,-0.237292,-0.946975],[-0.926295,0.356285,0.122627],[-0.308295,-0.903744,0.296987]],[[-0.1951,-0.175087,-0.965029],[-0.334513,0.936818,-0.10234],[-0.921975,-0.302848,0.241342]],[[-0.1951,-0.175087,-0.965029],[0.716076,0.646928,-0.262143],[-0.670202,0.742178,0.000839643]],[[-0.1951,-0.175087,-0.965029],[0.962944,0.152614,-0.222367],[-0.186211,0.972653,-0.138824]]],"btipPosition":[-169.929,216.474,27.7311],"carpPosition":[-230.108,186.18,49.1973],"dipPosition":[-172.789,231.414,25.5988],"direction":[0.670202,-0.742178,-0.000839643],"extended":false,"handId":159,"id":1594,"length":45.01,"mcpPosition":[-213.52,234.807,33.2178],"pipPosition":[-184.47,244.349,25.6135],"stabilizedTipPosition":[-169.327,219.476,26.9307],"timeVisible":10.5098,"tipPosition":[-169.773,221.021,27.0795],"tipVelocity":[3.18064,12.3777,-9.93658],"tool":false,"touchDistance":0.333333,"touchZone":"none","type":4,"width":15.3533},{"bases":[[[0.575722,0.780627,0.243239],[-0.520158,0.120147,0.845577],[0.630856,-0.61334,0.475221]],[[0.634706,0.716845,0.288586],[-0.427348,0.014463,0.903971],[0.643833,-0.697083,0.315522]],[[0.634706,0.716845,0.288586],[-0.738476,0.452676,0.499738],[0.227598,-0.5303,0.816689]],[[0.634706,0.716845,0.288586],[-0.761213,0.644291,0.0737753],[-0.133048,-0.266501,0.954608]]],"btipPosition":[0.767835,268.457,61.9244],"carpPosition":[34.7301,214.499,121.261],"dipPosition":[-2.00687,262.899,81.8327],"direction":[-0.227598,0.5303,-0.816689],"extended":false,"handId":157,"id":1570,"length":46.4408,"mcpPosition":[34.7301,214.499,121.261],"pipPosition":[4.90815,246.788,106.646],"stabilizedTipPosition":[-0.374471,267.746,66.6999],"timeVisible":11.2736,"tipPosition":[-0.363389,264.911,65.2388],"tipVelocity":[33.8168,-48.8843,-16.2756],"tool":false,"touchDistance":0.324951,"touchZone":"hovering","type":0,"width":19.362},{"bases":[[[0.87005,0.0608871,-0.489189],[0.21925,0.840998,0.494623],[0.441523,-0.537601,0.718361]],[[0.967767,-0.123066,-0.219731],[0.184363,0.940567,0.285207],[0.171573,-0.316525,0.932939]],[[0.967767,-0.123066,-0.219731],[0.177787,0.951796,0.249954],[0.178379,-0.280962,0.942996]],[[0.967767,-0.123066,-0.219731],[0.169362,0.963752,0.206151],[0.186397,-0.23672,0.95353]]],"btipPosition":[0.8847,292.767,2.6253],"carpPosition":[44.2741,234.293,122.209],"dipPosition":[3.72258,289.163,17.1428],"direction":[-0.178379,0.280962,-0.942996],"extended":true,"handId":157,"id":1571,"length":52.4033,"mcpPosition":[14.133,270.993,73.1696],"pipPosition":[7.56454,283.111,37.4532],"stabilizedTipPosition":[1.29322,292.618,6.11487],"timeVisible":11.2736,"tipPosition":[2.338,296.439,7.17169],"tipVelocity":[19.9668,-65.3135,-15.309],"tool":false,"touchDistance":0.334888,"touchZone":"hovering","type":1,"width":18.4945},{"bases":[[[0.871492,-0.156572,-0.464743],[0.372826,0.827177,0.420451],[0.318594,-0.539688,0.779253]],[[0.904786,-0.223567,-0.362463],[0.312379,0.926893,0.208057],[0.28945,-0.301473,0.908478]],[[0.904786,-0.223567,-0.362463],[0.27912,0.954137,0.108233],[0.321642,-0.199099,0.925692]],[[0.904786,-0.223567,-0.362463],[0.259634,0.964232,0.0533636],[0.337568,-0.14239,0.930469]]],"btipPosition":[7.35238,291.921,-11.4372],"carpPosition":[54.2131,236.604,117.069],"dipPosition":[13.0051,289.536,4.144],"direction":[-0.321642,0.199099,-0.925692],"extended":true,"handId":157,"id":1572,"length":59.7093,"mcpPosition":[33.5877,271.543,66.621],"pipPosition":[21.1554,284.491,27.6007],"stabilizedTipPosition":[8.43333,291.773,-7.77548],"timeVisible":11.2736,"tipPosition":[8.67047,295.4,-7.09331],"tipVelocity":[26.4816,-45.5402,-10.1517],"tool":false,"touchDistance":0.335926,"touchZone":"hovering","type":2,"width":18.1641},{"bases":[[[0.878276,-0.296193,-0.375369],[0.444103,0.796251,0.410799],[0.177212,-0.527497,0.830869]],[[0.865855,-0.263523,-0.425266],[0.36173,0.91697,0.16828],[0.34561,-0.299537,0.889287]],[[0.865855,-0.263523,-0.425266],[0.309222,0.950113,0.0408335],[0.39329,-0.166857,0.904147]],[[0.865855,-0.263523,-0.425266],[0.29038,0.95691,-0.00174103],[0.4074,-0.121981,0.905067]]],"btipPosition":[23.616,284.666,-9.53258],"carpPosition":[64.1679,235.93,111.555],"dipPosition":[30.399,282.635,5.53614],"direction":[-0.39329,0.166857,-0.904147],"extended":true,"handId":157,"id":1573,"length":57.4121,"mcpPosition":[53.8675,266.59,63.2612],"pipPosition":[40.1074,278.516,27.8552],"stabilizedTipPosition":[24.9188,284.611,-5.99951],"timeVisible":11.2736,"tipPosition":[25.2685,288.63,-5.11268],"tipVelocity":[27.4268,-41.0959,-8.85803],"tool":false,"touchDistance":0.337301,"touchZone":"hovering","type":3,"width":17.2843},{"bases":[[[0.80735,-0.482719,-0.339363],[0.589201,0.690737,0.419195],[0.0320571,-0.538391,0.842086]],[[0.77975,-0.350139,-0.519031],[0.511499,0.834325,0.205598],[0.361053,-0.425799,0.82966]],[[0.77975,-0.350139,-0.519031],[0.425502,0.90449,0.0290702],[0.45928,-0.243516,0.854261]],[[0.77975,-0.350139,-0.519031],[0.37583,0.924793,-0.0592498],[0.500742,-0.148867,0.852699]]],"btipPosition":[44.1666,277.65,5.39088],"carpPosition":[72.9636,228.734,104.827],"dipPosition":[51.8578,275.363,18.4881],"direction":[-0.45928,0.243516,-0.854261],"extended":true,"handId":157,"id":1574,"length":45.01,"mcpPosition":[71.2388,257.702,59.5182],"pipPosition":[59.8625,271.119,33.3768],"stabilizedTipPosition":[45.5183,277.689,8.46279],"timeVisible":11.2736,"tipPosition":[47.0511,281.829,9.7115],"tipVelocity":[27.939,-41.1216,-8.44567],"tool":false,"touchDistance":0.338674,"touchZone":"hovering","type":4,"width":15.3533},{"bases":[[[-0.37712,0.302171,-0.875484],[-0.754836,0.447456,0.479589],[-0.536658,-0.84171,-0.0593448]],[[-0.401589,0.262833,-0.877294],[-0.25085,0.889729,0.381387],[-0.880795,-0.37323,0.291374]],[[-0.401589,0.262833,-0.877294],[0.646898,0.759486,-0.0685856],[-0.648266,0.595063,0.475027]],[[-0.401589,0.262833,-0.877294],[0.891845,0.329987,-0.309388],[-0.208179,0.906657,0.366925]]],"btipPosition":[-133.698,227.091,58.8144],"carpPosition":[-221.186,181.962,81.7357],"dipPosition":[-136.868,240.895,64.4008],"direction":[0.648266,-0.595063,-0.475027],"extended":false,"handId":159,"id":1591,"length":52.4033,"mcpPosition":[-184.55,239.423,85.7869],"pipPosition":[-150.83,253.712,74.632],"stabilizedTipPosition":[-132.14,229.626,59.2315],"timeVisible":10.5098,"tipPosition":[-133.28,232.135,60.265],"tipVelocity":[-4.50712,7.1167,-7.31443],"tool":false,"touchDistance":0.244715,"touchZone":"hovering","type":1,"width":18.4945},{"bases":[[[-0.311914,0.104937,-0.944298],[-0.819325,0.473512,0.323254],[-0.481057,-0.874514,0.0617172]],[[-0.290625,0.142999,-0.946091],[-0.244123,0.944965,0.217819],[-0.925171,-0.294266,0.239721]],[[-0.290625,0.142999,-0.946091],[0.71452,0.690068,-0.115188],[-0.636395,0.709477,0.302726]],[[-0.290625,0.142999,-0.946091],[0.942023,0.21608,-0.256715],[-0.167722,0.965847,0.197506]]],"btipPosition":[-136.533,221.647,47.3601],"carpPosition":[-226.348,186.545,72.6303],"dipPosition":[-139.341,237.821,50.6675],"direction":[0.636395,-0.709477,-0.302726],"extended":false,"handId":159,"id":1592,"length":59.7093,"mcpPosition":[-195.204,243.16,68.6348],"pipPosition":[-155.467,255.799,58.3384],"stabilizedTipPosition":[-134.788,222.816,46.5371],"timeVisible":10.5098,"tipPosition":[-136.381,226.37,47.9988],"tipVelocity":[-1.30168,11.5085,-7.72818],"tool":false,"touchDistance":0.23839,"touchZone":"hovering","type":2,"width":18.1641},{"bases":[[[-0.316648,-0.0608944,-0.946586],[-0.854434,0.45168,0.256765],[-0.411918,-0.8901,0.195054]],[[-0.289846,-0.00423649,-0.957064],[-0.291416,0.952898,0.0840369],[-0.911628,-0.303262,0.277428]],[[-0.289846,-0.00423649,-0.957064],[0.668948,0.714265,-0.205752],[-0.684469,0.699862,0.204193]],[[-0.289846,-0.00423649,-0.957064],[0.926286,0.250356,-0.281633],[-0.2408,0.968145,0.0686404]]],"btipPosition":[-149.061,219.212,33.5754],"carpPosition":[-230.204,188.796,62.1416],"dipPosition":[-153.07,235.331,34.7182],"direction":[0.684469,-0.699862,-0.204193],"extended":false,"handId":159,"id":1593,"length":57.4121,"mcpPosition":[-206.261,240.533,50.8042],"pipPosition":[-169.966,252.607,39.7587],"stabilizedTipPosition":[-147.62,221.85,32.5902],"timeVisible":10.5098,"tipPosition":[-148.782,225.003,33.5918],"tipVelocity":[-0.999965,11.7873,-8.20217],"tool":false,"touchDistance":0.255259,"touchZone":"hovering","type":3,"width":17.2843}],"r":[[0.331652,-0.849475,-0.410364],[0.871969,0.442058,-0.210369],[0.360108,-0.288055,0.887325]],"s":8.87591,"t":[-839.061,-458.194,1514.93],"timestamp":18025295971},{"currentFrameRate":115.228,"devices":[],"gestures":[],"hands":[{"armBasis":[[0.845546,0.148227,-0.512913],[0.325379,0.618602,0.715164],[0.423296,-0.771596,0.474827]],"armWidth":60.3768,"confidence":1,"direction":[-0.25137,0.65642,-0.711285],"elbow":[174.283,14.5785,246.02],"grabAngle":0.445802,"grabStrength":0,"id":157,"palmNormal":[-0.283893,-0.752562,-0.594185],"palmPosition":[41.1071,252.629,79.6554],"palmVelocity":[21.2793,-50.7411,-8.77061],"palmWidth":84.431,"pinchDistance":41.5943,"pinchStrength":0,"r":[[0.896972,0.390604,-0.207051],[-0.35822,0.916632,0.177382],[0.259076,-0.0849368,0.962115]],"s":1.14421,"sphereCenter":[-28.7446,155.87,7.42881],"sphereRadius":140.533,"stabilizedPalmPosition":[40.5722,253.327,79.7054],"t":[-137.534,96.9639,163.976],"timeVisible":11.2824,"type":"right","wrist":[68.2318,207.892,127.058]},{"armBasis":[[-0.553515,-0.0509283,-0.831281],[-0.723179,0.524451,0.449404],[-0.413079,-0.849916,0.327122]],"armWidth":60.3768,"confidence":1,"direction":[0.350622,0.936317,-0.0193511],"elbow":[-336.523,-55.245,146.724],"grabAngle":2.44086,"grabStrength":1,"id":159,"palmNormal":[0.82529,-0.318681,-0.466197],"palmPosition":[-201.266,220.429,64.666],"palmVelocity":[0.65485,-4.56127,-8.35897],"palmWidth":84.431,"pinchDistance":42.3716,"pinchStrength":0.466296,"r":[[0.257492,0.966071,0.0200929],[-0.909791,0.249392,-0.33179],[-0.325544,0.0671529,0.943139]],"s":0.773342,"sphereCenter":[-158.516,222.15,43.3889],"sphereRadius":41.6813,"stabilizedPalmPosition":[-200.181,219.235,64.1697],"t":[14.3209,17.5786,31.5689],"timeVisible":10.5185,"type":"left","wrist":[-233.032,157.691,64.7675]}],"id":108781,"interactionBox":{"center":[0,200,0],"size":[235.247,235.247,147.751]},"pointables":[{"bases":[[[-0.847875,0.527091,0.0572951],[-0.149654,-0.341591,0.927857],[-0.508637,-0.778133,-0.368508]],[[-0.538964,0.814931,0.213087],[-0.116238,-0.322509,0.939402],[-0.83427,-0.481535,-0.268546]],[[-0.538964,0.814931,0.213087],[-0.0247026,-0.268157,0.963058],[-0.841967,-0.51379,-0.164658]],[[-0.538964,0.814931,0.213087],[0.0874754,-0.197456,0.976401],[-0.837775,-0.544885,-0.0351351]]],"btipPosition":[-124.712,215.043,98.2091],"carpPosition":[-206.407,165.765,80.0347],"dipPosition":[-142.183,203.68,97.4763],"direction":[0.841967,0.51379,0.164658],"extended":true,"handId":159,"id":1590,"length":46.4408,"mcpPosition":[-206.407,165.765,80.0347],"pipPosition":[-167.764,188.07,92.4736],"stabilizedTipPosition":[-127.081,209.685,96.3516],"timeVisible":10.5185,"tipPosition":[-128.477,212.145,97.2852],"tipVelocity":[3.63561,-15.7524,-17.0239],"tool":false,"touchDistance":0.467342,"touchZone":"none","type":0,"width":19.362},{"bases":[[[-0.217764,-0.237059,-0.946774],[-0.925747,0.357432,0.123432],[-0.309146,-0.903352,0.297293]],[[-0.196115,-0.174732,-0.964887],[-0.33381,0.937121,-0.101857],[-0.922014,-0.302113,0.242111]],[[-0.196115,-0.174732,-0.964887],[0.715594,0.647253,-0.262657],[-0.670421,0.741978,0.00189882]],[[-0.196115,-0.174732,-0.964887],[0.962508,0.153744,-0.223473],[-0.187394,0.972539,-0.13803]]],"btipPosition":[-169.91,216.43,27.6137],"carpPosition":[-230.158,186.176,49.1512],"dipPosition":[-172.789,231.368,25.4936],"direction":[0.670421,-0.741978,-0.00189882],"extended":false,"handId":159,"id":1594,"length":45.01,"mcpPosition":[-213.525,234.781,33.1553],"pipPosition":[-184.473,244.3,25.5267],"stabilizedTipPosition":[-169.338,219.479,26.9324],"timeVisible":10.5185,"tipPosition":[-169.803,220.937,26.9794],"tipVelocity":[1.67766,-5.0614,-13.156],"tool":false,"touchDistance":0.333333,"touchZone":"none","type":4,"width":15.3533},{"bases":[[[0.577217,0.780047,0.24155],[-0.519631,0.122686,0.845537],[0.629924,-0.613575,0.476153]],[[0.63615,0.716188,0.287033],[-0.426955,0.0168897,0.904115],[0.642668,-0.697703,0.316524]],[[0.63615,0.716188,0.287033],[-0.73762,0.455382,0.498541],[0.226339,-0.528869,0.817966]],[[0.63615,0.716188,0.287033],[-0.759764,0.646276,0.0713134],[-0.134429,-0.263444,0.955262]]],"btipPosition":[1.01999,268.027,61.8244],"carpPosition":[34.8612,214.147,121.259],"dipPosition":[-1.78351,262.533,81.7463],"direction":[-0.226339,0.528869,-0.817966],"extended":false,"handId":157,"id":1570,"length":46.4408,"mcpPosition":[34.8612,214.147,121.259],"pipPosition":[5.09324,246.464,106.598],"stabilizedTipPosition":[-0.132098,267.428,66.605],"timeVisible":11.2824,"tipPosition":[-0.160268,264.523,65.1588],"tipVelocity":[28.1835,-47.7479,-11.1242],"tool":false,"touchDistance":0.323336,"touchZone":"hovering","type":0,"width":19.362},{"bases":[[[0.869979,0.058392,-0.489619],[0.220946,0.841536,0.492949],[0.440817,-0.537035,0.719217]],[[0.967396,-0.12494,-0.220308],[0.185709,0.941392,0.281589],[0.172214,-0.313321,0.933901]],[[0.967396,-0.12494,-0.220308],[0.178936,0.952765,0.245398],[0.179241,-0.276818,0.944057]],[[0.967396,-0.12494,-0.220308],[0.170425,0.964585,0.201321],[0.187353,-0.232303,0.954429]]],"btipPosition":[1.04233,292.081,2.45131],"carpPosition":[44.4413,233.926,122.167],"dipPosition":[3.89476,288.544,16.9824],"direction":[-0.179241,0.276818,-0.944057],"extended":true,"handId":157,"id":1571,"length":52.4033,"mcpPosition":[14.3483,270.587,73.069],"pipPosition":[7.7553,282.582,37.3157],"stabilizedTipPosition":[1.44667,292.107,5.99314],"timeVisible":11.2824,"tipPosition":[2.5648,295.875,7.01297],"tipVelocity":[18.4775,-76.8963,-19.6109],"tool":false,"touchDistance":0.33204,"touchZone":"hovering","type":1,"width":18.4945},{"bases":[[[0.871038,-0.159023,-0.464763],[0.37447,0.827299,0.418747],[0.317907,-0.538785,0.780158]],[[0.904214,-0.225796,-0.362511],[0.314045,0.926775,0.206068],[0.289437,-0.300174,0.908913]],[[0.904214,-0.225796,-0.362511],[0.281099,0.953681,0.107131],[0.32153,-0.19877,0.925802]],[[0.904214,-0.225796,-0.362511],[0.261692,0.963724,0.0524687],[0.337513,-0.142309,0.930501]]],"btipPosition":[7.5706,291.401,-11.5679],"carpPosition":[54.3825,236.209,117.019],"dipPosition":[13.2224,289.018,4.01385],"direction":[-0.32153,0.19877,-0.925802],"extended":true,"handId":157,"id":1572,"length":59.7093,"mcpPosition":[33.8016,271.089,66.5123],"pipPosition":[21.3699,283.982,27.4733],"stabilizedTipPosition":[8.62914,291.361,-7.86891],"timeVisible":11.2824,"tipPosition":[8.90026,294.843,-7.23961],"tipVelocity":[25.024,-59.5644,-14.9868],"tool":false,"touchDistance":0.333708,"touchZone":"hovering","type":2,"width":18.1641},{"bases":[[[0.877603,-0.298486,-0.375126],[0.445688,0.796226,0.409128],[0.176566,-0.526241,0.831802]],[[0.865165,-0.265752,-0.425282],[0.363449,0.916594,0.166611],[0.345534,-0.298715,0.889593]],[[0.865165,-0.265752,-0.425282],[0