{"frames":93,"data":[{"currentFrameRate":115.071,"devices":[],"gestures":[],"hands":[{"armBasis":[[0.942494,0.0244691,-0.333325],[0.129767,0.892283,0.432426],[0.308001,-0.450814,0.837796]],"armWidth":59.0231,"confidence":1,"direction":[-0.0680583,0.982787,-0.171749],"elbow":[197.712,-1.38544,248.969],"grabAngle":0.175449,"grabStrength":0,"id":118,"palmNormal":[-0.302219,-0.184368,-0.935239],"palmPosition":[109.127,168.103,27.9285],"palmVelocity":[-27.3134,-7.48858,-5.75362],"palmWidth":80.6694,"pinchDistance":40.0646,"pinchStrength":0,"r":[[0.0218688,0.739765,0.67251],[-0.0977605,-0.667865,0.737834],[0.99497,-0.0818804,0.0577144]],"s":1.19912,"sphereCenter":[42.3908,113.706,-203.779],"sphereRadius":249.119,"stabilizedPalmPosition":[105.899,168.195,27.4499],"t":[-6.60861,-4.24056,-36.7887],"timeVisible":15.2716,"type":"right","wrist":[123.984,106.528,48.4217]}],"id":149344,"interactionBox":{"center":[0,200,0],"size":[235.247,235.247,147.751]},"pointables":[{"bases":[[[0.639634,0.361404,0.678422],[-0.603486,-0.310547,0.734415],[0.476102,-0.879174,0.0194654]],[[0.570591,0.475181,0.669798],[-0.587926,-0.33309,0.737153],[0.573384,-0.814404,0.0893132]],[[0.570591,0.475181,0.669798],[-0.78558,0.0781083,0.61381],[0.239354,-0.876414,0.417861]],[[0.570591,0.475181,0.669798],[-0.817215,0.409131,0.40592],[-0.0811493,-0.778983,0.621771]]],"btipPosition":[62.4588,194.446,8.17196],"carpPosition":[93.2497,116.794,37.0311],"dipPosition":[60.8163,178.679,20.7569],"direction":[-0.239354,0.876414,-0.417861],"extended":false,"handId":118,"id":1180,"length":45.0726,"mcpPosition":[93.2497,116.794,37.0311],"pipPosition":[67.8742,152.836,33.0785],"stabilizedTipPosition":[62.3161,190.882,11.0788],"timeVisible":15.2716,"tipPosition":[62.6417,190.488,13.9117],"tipVelocity":[-28.6716,-9.09432,-0.411537],"tool":false,"touchDistance":-0.220022,"touchZone":"touching","type":0,"width":19.1104},{"bases":[[[0.871209,-0.172335,-0.45967],[0.490899,0.29873,0.8184],[-0.00372162,-0.938649,0.344855]],[[0.868356,-0.0917136,-0.487387],[0.481117,0.394262,0.782997],[0.120346,-0.91441,0.386485]],[[0.868356,-0.0917136,-0.487387],[0.47786,0.417666,0.77279],[0.132689,-0.90396,0.406509]],[[0.868356,-0.0917136,-0.487387],[0.476688,0.425514,0.769224],[0.136842,-0.900292,0.413217]]],"btipPosition":[115.002,256.803,-7.85281],"carpPosition":[124.835,133.137,42.649],"dipPosition":[117.213,242.256,-1.17575],"direction":[-0.132689,0.90396,-0.406509],"extended":true,"handId":118,"id":1183,"length":55.7206,"mcpPosition":[125.042,185.265,23.4975],"pipPosition":[120.392,220.599,8.56337],"stabilizedTipPosition":[116.807,253.83,-5.78133],"timeVisible":15.2716,"tipPosition":[114.263,253.596,-4.93382],"tipVelocity":[-36.334,-8.38542,-8.1501],"tool":false,"touchDistance":-0.149228,"touchZone":"touching","type":3,"width":17.0597},{"bases":[[[0.771756,-0.326789,-0.545529],[0.618157,0.18418,0.764172],[-0.149247,-0.926977,0.344149]],[[0.785966,-0.159453,-0.597355],[0.616714,0.270694,0.739181],[0.0438359,-0.949368,0.311093]],[[0.785966,-0.159453,-0.597355],[0.612964,0.327277,0.719142],[0.0808311,-0.931378,0.354967]],[[0.785966,-0.159453,-0.597355],[0.611539,0.342679,0.713156],[0.0909865,-0.925822,0.366846]]],"btipPosition":[136.6,236.243,-5.13193],"carpPosition":[132.991,130.001,33.5464],"dipPosition":[137.956,222.442,0.336696],"direction":[-0.0808311,0.931378,-0.354967],"extended":true,"handId":118,"id":1184,"length":43.6839,"mcpPosition":[140.664,177.655,15.8544],"pipPosition":[139.323,206.687,6.34108],"stabilizedTipPosition":[138.14,233.311,-3.41416],"timeVisible":15.2716,"tipPosition":[135.608,233.525,-1.42564],"tipVelocity":[-34.1557,-5.77132,-6.64291],"tool":false,"touchDistance":0.320499,"touchZone":"hovering","type":4,"width":15.1538},{"bases":[[[0.925881,0.17659,-0.334007],[0.265241,0.325753,0.907487],[0.269057,-0.928817,0.25477]],[[0.958547,0.0125169,-0.284658],[0.258047,0.3855,0.88589],[0.120824,-0.922623,0.36629]],[[0.958547,0.0125169,-0.284658],[0.246999,0.461559,0.85203],[0.142051,-0.887021,0.439335]],[[0.958547,0.0125169,-0.284658],[0.234731,0.531629,0.813801],[0.161519,-0.846885,0.506654]]],"btipPosition":[77.2474,255.316,2.50376],"carpPosition":[104.642,129.397,49.4011],"dipPosition":[79.634,242.802,9.99027],"direction":[-0.142051,0.887021,-0.439335],"extended":true,"handId":118,"id":1181,"length":50.8594,"mcpPosition":[87.0927,189.979,32.7837],"pipPosition":[82.6034,224.26,19.174],"stabilizedTipPosition":[78.2041,252.999,4.75644],"timeVisible":15.2716,"tipPosition":[79.0803,252.928,5.56354],"tipVelocity":[-33.5272,-8.57061,-3.02464],"tool":false,"touchDistance":0.319546,"touchZone":"hovering","type":1,"width":18.2543},{"bases":[[[0.894845,-0.00865759,-0.446293],[0.423796,0.330447,0.843327],[0.140175,-0.943785,0.299368]],[[0.898227,-0.0335175,-0.438252],[0.411464,0.414722,0.811605],[0.15455,-0.909331,0.386306]],[[0.898227,-0.0335175,-0.438252],[0.402998,0.4608,0.790731],[0.175443,-0.886871,0.427411]],[[0.898227,-0.0335175,-0.438252],[0.398082,0.484731,0.778824],[0.18633,-0.874021,0.448741]]],"btipPosition":[92.4446,264.58,-5.39451],"carpPosition":[114.901,132.281,47.0306],"dipPosition":[95.4728,250.375,1.8985],"direction":[-0.175443,0.886871,-0.427411],"extended":true,"handId":118,"id":1182,"length":57.9502,"mcpPosition":[106.23,190.658,28.5133],"pipPosition":[99.7875,228.564,12.4098],"stabilizedTipPosition":[91.5058,261.269,-4.04649],"timeVisible":15.2716,"tipPosition":[93.6042,261.926,-1.5796],"tipVelocity":[-36.2247,-9.54644,-6.79333],"tool":false,"touchDistance":0.316935,"touchZone":"hovering","type":2,"width":17.9281}],"r":[[0.0218688,0.739765,0.67251],[-0.0977605,-0.667865,0.737834],[0.99497,-0.0818804,0.0577144]],"s":1.19912,"t":[-6.60861,-4.24056,-36.7887],"timestamp":8091054037},{"currentFrameRate":115.159,"devices":[],"gestures":[],"hands":[{"armBasis":[[0.941915,0.0249854,-0.33492],[0.130048,0.892298,0.43231],[0.30965,-0.450755,0.83722]],"armWidth":59.0231,"confidence":1,"direction":[-0.0684528,0.982739,-0.171866],"elbow":[197.895,-1.36379,248.778],"grabAngle":0.17481,"grabStrength":0,"id":118,"palmNormal":[-0.303097,-0.184613,-0.934906],"palmPosition":[108.873,168.104,27.8822],"palmVelocity":[-29.676,0.164169,-5.42951],"palmWidth":80.6694,"pinchDistance":40.0338,"pinchStrength":0,"r":[[0.0219254,0.739751,0.672524],[-0.0972659,-0.667916,0.737853],[0.995017,-0.0815914,0.0573082]],"s":1.199,"sphereCenter":[41.564,113.566,-203.952],"sphereRadius":249.432,"stabilizedPalmPosition":[105.913,168.195,27.452],"t":[-6.83423,-4.26409,-36.8382],"timeVisible":15.2802,"type":"right","wrist":[123.773,106.536,48.3679]}],"id":149345,"interactionBox":{"center":[0,200,0],"size":[235.247,235.247,147.751]},"pointables":[{"bases":[[[0.640219,0.361678,0.677723],[-0.602691,-0.310548,0.735067],[0.476323,-0.879062,0.0191612]],[[0.571536,0.474855,0.669224],[-0.586694,-0.333721,0.737848],[0.573704,-0.814336,0.0878612]],[[0.571536,0.474855,0.669224],[-0.784701,0.0777658,0.614977],[0.239982,-0.876622,0.417065]],[[0.571536,0.474855,0.669224],[-0.816591,0.409426,0.406879],[-0.0807892,-0.779027,0.621763]]],"btipPosition":[62.1863,194.449,8.23877],"carpPosition":[93.0172,116.793,37.0101],"dipPosition":[60.5511,178.681,20.8236],"direction":[-0.239982,0.876622,-0.417065],"extended":false,"handId":118,"id":1180,"length":45.0726,"mcpPosition":[93.0172,116.793,37.0101],"pipPosition":[67.6275,152.832,33.1217],"stabilizedTipPosition":[62.0953,190.856,11.1026],"timeVisible":15.2802,"tipPosition":[62.3668,190.477,13.8935],"tipVelocity":[-31.7337,0.384194,7.82436],"tool":false,"touchDistance":-0.218909,"touchZone":"touching","type":0,"width":19.1104},{"bases":[[[0.870795,-0.172221,-0.460495],[0.491636,0.298996,0.81786],[-0.0031667,-0.938585,0.345035]],[[0.867881,-0.0913976,-0.488292],[0.481779,0.39452,0.78246],[0.121126,-0.914331,0.38643]],[[0.867881,-0.0913976,-0.488292],[0.47857,0.417456,0.772464],[0.133239,-0.904089,0.406042]],[[0.867881,-0.0913976,-0.488292],[0.477419,0.425137,0.76898],[0.137308,-0.900502,0.412604]]],"btipPosition":[114.689,256.811,-7.89483],"carpPosition":[124.605,133.145,42.5938],"dipPosition":[116.908,242.26,-1.22767],"direction":[-0.133239,0.904089,-0.406042],"extended":true,"handId":118,"id":1183,"length":55.7206,"mcpPosition":[124.78,185.269,23.4323],"pipPosition":[120.1,220.6,8.50026],"stabilizedTipPosition":[116.672,253.8,-5.83018],"timeVisible":15.2802,"tipPosition":[113.96,253.592,-5.00364],"tipVelocity":[-36.4004,0.801613,-5.19025],"tool":false,"touchDistance":-0.149966,"touchZone":"touching","type":3,"width":17.0597},{"bases":[[[0.771293,-0.326714,-0.546228],[0.618867,0.184465,0.763529],[-0.148696,-0.926947,0.34447]],[[0.785418,-0.158958,-0.598206],[0.617361,0.270727,0.738629],[0.0445403,-0.949441,0.310768]],[[0.785418,-0.158958,-0.598206],[0.613608,0.326839,0.718792],[0.0812596,-0.931616,0.354243]],[[0.785418,-0.158958,-0.598206],[0.612162,0.342385,0.712762],[0.0915182,-0.926016,0.366224]]],"btipPosition":[136.296,236.258,-5.17967],"carpPosition":[132.752,130.009,33.4837],"dipPosition":[137.66,222.454,0.27968],"direction":[-0.0812596,0.931616,-0.354243],"extended":true,"handId":118,"id":1184,"length":43.6839,"mcpPosition":[140.396,177.661,15.7752],"pipPosition":[139.034,206.696,6.27181],"stabilizedTipPosition":[138.032,233.295,-3.45005],"timeVisible":15.2802,"tipPosition":[135.314,233.526,-1.51647],"tipVelocity":[-35.4168,1.7418,-5.84417],"tool":false,"touchDistance":0.319668,"touchZone":"hovering","type":4,"width":15.1538},{"bases":[[[0.925511,0.17674,-0.334952],[0.26606,0.325984,0.907164],[0.269521,-0.928707,0.254679]],[[0.958255,0.0127594,-0.28563],[0.258828,0.385717,0.885568],[0.121472,-0.922529,0.366313]],[[0.958255,0.0127594,-0.28563],[0.247778,0.461418,0.85188],[0.142664,-0.887091,0.438995]],[[0.958255,0.0127594,-0.28563],[0.235511,0.531221,0.813842],[0.162117,-0.847137,0.50604]]],"btipPosition":[76.9482,255.315,2.49034],"carpPosition":[104.419,129.402,49.3664],"dipPosition":[79.3437,242.797,9.96778],"direction":[-0.142664,0.887091,-0.438995],"extended":true,"handId":118,"id":1181,"length":50.8594,"mcpPosition":[86.8393,189.976,32.755],"pipPosition":[82.3259,224.254,19.1444],"stabilizedTipPosition":[78.1921,252.99,4.74716],"timeVisible":15.2802,"tipPosition":[78.7841,252.918,5.52935],"tipVelocity":[-34.8177,-0.222317,-1.8166],"tool":false,"touchDistance":0.319288,"touchZone":"hovering","type":1,"width":18.2543},{"bases":[[[0.894407,-0.00853635,-0.447173],[0.424551,0.330703,0.842848],[0.140686,-0.943696,0.299407]],[[0.897788,-0.0332778,-0.439168],[0.412143,0.415057,0.811089],[0.155289,-0.909186,0.386349]],[[0.897788,-0.0332778,-0.439168],[0.403719,0.460723,0.790409],[0.176032,-0.88692,0.427066]],[[0.897788,-0.0332778,-0.439168],[0.398812,0.484533,0.778574],[0.186882,-0.87414,0.448279]]],"btipPosition":[92.1325,264.578,-5.42803],"carpPosition":[114.674,132.287,46.9853],"dipPosition":[95.1697,250.371,1.85748],"direction":[-0.176032,0.88692,-0.427066],"extended":true,"handId":118,"id":1182,"length":57.9502,"mcpPosition":[105.972,190.659,28.4656],"pipPosition":[99.4989,228.559,12.3603],"stabilizedTipPosition":[91.5173,261.27,-4.04394],"timeVisible":15.2802,"tipPosition":[93.3,261.917,-1.63029],"tipVelocity":[-36.3302,-0.288111,-4.13005],"tool":false,"touchDistance":0.316348,"touchZone":"hovering","type":2,"width":17.9281}],"r":[[0.0219254,0.739751,0.672524],[-0.0972659,-0.667916,0.737853],[0.995017,-0.0815914,0.0573082]],"s":1.199,"t":[-6.83423,-4.26409,-36.8382],"timestamp":8091062571},{"currentFrameRate":114.59,"devices":[],"gestures":[],"hands":[{"armBasis":[[0.941406,0.0280193,-0.336109],[0.12818,0.892048,0.433383],[0.311969,-0.451072,0.836187]],"armWidth":59.0231,"confidence":1,"direction":[-0.0722079,0.98117,-0.179138],"elbow":[198.282,-1.43286,248.718],"grabAngle":0.16976,"grabStrength":0,"id":118,"palmNormal":[-0.30088,-0.192668,-0.933997],"palmPosition":[108.475,167.948,27.6723],"palmVelocity":[-41.1367,-16.0834,-21.6477],"palmWidth":80.6694,"pinchDistance":40.1108,"pinchStrength":0,"r":[[0.0211565,0.740738,0.671461],[-0.0965486,-0.666958,0.738813],[0.995103,-0.0804593,0.0574067]],"s":1.19879,"sphereCenter":[41.2816,112.54,-202.171],"sphereRadius":247.855,"stabilizedPalmPosition":[105.93,168.193,27.4534],"t":[-7.14645,-4.35383,-36.9678],"timeVisible":15.2899,"type":"right","wrist":[123.604,106.543,48.5557]}],"id":149346,"interactionBox":{"center":[0,200,0],"size":[235.247,235.247,147.751]},"pointables":[{"bases":[[[0.637675,0.369236,0.676045],[-0.60256,-0.307651,0.736391],[0.479888,-0.876935,0.0263052]],[[0.569691,0.480379,0.66685],[-0.584018,-0.334265,0.739723],[0.578252,-0.810866,0.0901222]],[[0.569691,0.480379,0.66685],[-0.785658,0.0801567,0.613446],[0.241234,-0.873391,0.423078]],[[0.569691,0.480379,0.66685],[-0.817629,0.413485,0.40064],[-0.0832732,-0.773477,0.62833]]],"btipPosition":[61.7956,193.935,7.96857],"carpPosition":[92.8144,116.64,37.1502],"dipPosition":[60.1101,178.28,20.6863],"direction":[-0.241234,0.873391,-0.423078],"extended":false,"handId":118,"id":1180,"length":45.0726,"mcpPosition":[92.8144,116.64,37.1502],"pipPosition":[67.2235,152.526,33.1617],"stabilizedTipPosition":[61.7787,190.616,11.0063],"timeVisible":15.2899,"tipPosition":[61.8917,190.032,13.4131],"tipVelocity":[-41.4918,-50.3406,-24.7165],"tool":false,"touchDistance":-0.222903,"touchZone":"touching","type":0,"width":19.1104},{"bases":[[[0.87221,-0.171998,-0.457893],[0.489131,0.306968,0.816408],[0.000138086,-0.936049,0.35187]],[[0.868877,-0.0897405,-0.486825],[0.479347,0.398081,0.78215],[0.123605,-0.91295,0.3889]],[[0.868877,-0.0897405,-0.486825],[0.476006,0.421454,0.771878],[0.135905,-0.902399,0.408909]],[[0.868877,-0.0897405,-0.486825],[0.474716,0.429865,0.768024],[0.140346,-0.898422,0.416101]]],"btipPosition":[114.018,256.56,-8.42617],"carpPosition":[124.326,133.162,42.6627],"dipPosition":[116.286,242.043,-1.70249],"direction":[-0.135905,0.902399,-0.408909],"extended":true,"handId":118,"id":1183,"length":55.7206,"mcpPosition":[124.318,185.146,23.1216],"pipPosition":[119.542,220.423,8.09412],"stabilizedTipPosition":[116.47,253.745,-5.92983],"timeVisible":15.2899,"tipPosition":[113.29,253.214,-5.85177],"tipVelocity":[-68.0566,-25.104,-53.4643],"tool":false,"touchDistance":-0.158605,"touchZone":"touching","type":3,"width":17.0597},{"bases":[[[0.773475,-0.327519,-0.542648],[0.616915,0.192567,0.763108],[-0.145436,-0.925013,0.350998]],[[0.787024,-0.154682,-0.597216],[0.614922,0.274582,0.73924],[0.0496372,-0.949041,0.31122]],[[0.787024,-0.154682,-0.597216],[0.611048,0.328727,0.72011],[0.0849328,-0.931672,0.353234]],[[0.787024,-0.154682,-0.597216],[0.609527,0.344411,0.714043],[0.0952379,-0.925988,0.365343]]],"btipPosition":[135.603,236.132,-5.39434],"carpPosition":[132.501,129.993,33.5883],"dipPosition":[137.023,222.328,0.0518804],"direction":[-0.0849328,0.931672,-0.353234],"extended":true,"handId":118,"id":1184,"length":43.6839,"mcpPosition":[139.977,177.546,15.5441],"pipPosition":[138.459,206.568,6.02695],"stabilizedTipPosition":[137.862,233.268,-3.50579],"timeVisible":15.2899,"tipPosition":[134.729,233.253,-2.22058],"tipVelocity":[-70.1457,-13.074,-22.4537],"tool":false,"touchDistance":0.31604,"touchZone":"hovering","type":4,"width":15.1538},{"bases":[[[0.925301,0.178091,-0.334816],[0.263308,0.33368,0.905167],[0.272924,-0.925711,0.261862]],[[0.958777,0.0133983,-0.283842],[0.256545,0.388716,0.884921],[0.12219,-0.92126,0.369255]],[[0.958777,0.0133983,-0.283842],[0.245818,0.461974,0.852146],[0.142545,-0.886792,0.439637]],[[0.958777,0.0133983,-0.283842],[0.234084,0.529037,0.815674],[0.161092,-0.848493,0.504093]]],"btipPosition":[76.4433,255.07,1.99301],"carpPosition":[104.145,129.385,49.4316],"dipPosition":[78.8237,242.532,9.44168],"direction":[-0.142545,0.886792,-0.439637],"extended":true,"handId":118,"id":1181,"length":50.8594,"mcpPosition":[86.3435,189.765,32.3517],"pipPosition":[81.8034,223.995,18.6317],"stabilizedTipPosition":[78.1703,252.975,4.72822],"timeVisible":15.2899,"tipPosition":[78.0404,252.464,4.6263],"tipVelocity":[-52.4316,-25.7452,-51.9803],"tool":false,"touchDistance":0.310889,"touchZone":"hovering","type":1,"width":18.2543},{"bases":[[[0.895131,-0.00812465,-0.445729],[0.421878,0.33858,0.84106],[0.144082,-0.940902,0.306501]],[[0.898439,-0.0315348,-0.437965],[0.409992,0.417344,0.811006],[0.157207,-0.908201,0.387887]],[[0.898439,-0.0315348,-0.437965],[0.401209,0.46427,0.78961],[0.178434,-0.885132,0.429771]],[[0.898439,-0.0315348,-0.437965],[0.395411,0.491825,0.775731],[0.190939,-0.870123,0.454344]]],"btipPosition":[91.4354,264.263,-6.03617],"carpPosition":[114.392,132.296,47.0452],"dipPosition":[94.5386,250.122,1.34789],"direction":[-0.178434,0.885132,-0.429771],"extended":true,"handId":118,"id":1182,"length":57.9502,"mcpPosition":[105.48,190.495,28.0867],"pipPosition":[98.9268,228.354,11.9173],"stabilizedTipPosition":[91.5248,261.267,-4.04742],"timeVisible":15.2899,"tipPosition":[92.5533,261.468,-2.59057],"tipVelocity":[-70.3316,-30.9117,-60.3889],"tool":false,"touchDistance":0.30659,"touchZone":"hovering","type":2,"width":17.9281}],"r":[[0.0211565,0.740738,0.671461],[-0.0965486,-0.666958,0.738813],[0.995103,-0.0804593,0.0574067]],"s":1.19879,"t":[-7.14645,-4.35383,-36.9678],"timestamp":8091072266},{"currentFrameRate":115.209,"devices":[],"gestures":[],"hands":[{"armBasis":[[0.940975,0.0312236,-0.337034],[0.126085,0.891737,0.434634],[0.314117,-0.451475,0.835165]],"armWidth":59.0231,"confidence":1,"direction":[-0.075381,0.979808,-0.185188],"elbow":[198.597,-1.48529,248.627],"grabAngle":0.165182,"grabStrength":0,"id":118,"palmNormal":[-0.298127,-0.199367,-0.933474],"palmPosition":[108.081,167.853,27.4908],"palmVelocity":[-51.5851,-12.518,-23.7997],"palmWidth":80.6694,"pinchDistance":40.1702,"pinchStrength":0,"r":[[0.0197072,0.742346,0.669727],[-0.0958123,-0.665372,0.740338],[0.995204,-0.0787581,0.0580133]],"s":1.19858,"sphereCenter":[41.2251,112.247,-199.767],"sphereRadius":245.532,"stabilizedPalmPosition":[105.943,168.191,27.4537],"t":[-7.49925,-4.44642,-37.1234],"timeVisible":15.2975,"type":"right","wrist":[123.406,106.587,48.7094]}],"id":149347,"interactionBox":{"center":[0,200,0],"size":[235.247,235.247,147.751]},"pointables":[{"bases":[[[0.634843,0.37561,0.675197],[-0.603053,-0.305422,0.736916],[0.483014,-0.875005,0.0326176]],[[0.567931,0.484322,0.665497],[-0.581739,-0.335789,0.740827],[0.582266,-0.807884,0.0910442]],[[0.567931,0.484322,0.665497],[-0.786668,0.0815864,0.611962],[0.242091,-0.871077,0.427336]],[[0.567931,0.484322,0.665497],[-0.818546,0.417067,0.395017],[-0.0862415,-0.769082,0.633305]]],"btipPosition":[61.4252,193.552,7.79414],"carpPosition":[92.5869,116.546,37.2428],"dipPosition":[59.6797,177.985,20.6125],"direction":[-0.242091,0.871077,-0.427336],"extended":false,"handId":118,"id":1180,"length":45.0726,"mcpPosition":[92.5869,116.546,37.2428],"pipPosition":[66.8183,152.299,33.2136],"stabilizedTipPosition":[61.4919,190.371,10.9061],"timeVisible":15.2975,"tipPosition":[61.4421,189.686,12.9579],"tipVelocity":[-50.3807,-47.6133,-19.8367],"tool":false,"touchDistance":-0.225424,"touchZone":"touching","type":0,"width":19.1104},{"bases":[[[0.873833,-0.17156,-0.454955],[0.486219,0.313645,0.815609],[0.00276871,-0.933913,0.357489]],[[0.870116,-0.0877259,-0.484978],[0.476643,0.400049,0.782798],[0.125343,-0.912285,0.389903]],[[0.870116,-0.0877259,-0.484978],[0.473178,0.423925,0.772263],[0.137847,-0.901439,0.410374]],[[0.870116,-0.0877259,-0.484978],[0.471743,0.433127,0.768023],[0.142681,-0.897054,0.418255]]],"btipPosition":[113.421,256.424,-8.78515],"carpPosition":[124.026,133.215,42.7244],"dipPosition":[115.726,241.928,-2.02667],"direction":[-0.137847,0.901438,-0.410374],"extended":true,"handId":118,"id":1183,"length":55.7206,"mcpPosition":[123.872,185.08,22.8712],"pipPosition":[119.029,220.332,7.80504],"stabilizedTipPosition":[116.27,253.693,-6.03298],"timeVisible":15.2975,"tipPosition":[112.691,252.937,-6.551],"tipVelocity":[-77.2084,-17.1942,-46.0239],"tool":false,"touchDistance":-0.164454,"touchZone":"touching","type":3,"width":17.0597},{"bases":[[[0.77585,-0.327946,-0.538988],[0.614535,0.199394,0.763276],[-0.142843,-0.923414,0.356234]],[[0.788878,-0.150076,-0.595943],[0.612194,0.276739,0.740699],[0.0537594,-0.949154,0.310189]],[[0.788878,-0.150076,-0.595943],[0.608274,0.328908,0.722373],[0.0875998,-0.932361,0.350756]],[[0.788878,-0.150076,-0.595943],[0.606628,0.345366,0.716048],[0.0983568,-0.926391,0.363492]]],"btipPosition":[134.983,236.099,-5.46377],"carpPosition":[132.232,130.022,33.687],"dipPosition":[136.449,222.289,-0.0451414],"direction":[-0.0875998,0.932361,-0.350756],"extended":true,"handId":118,"id":1184,"length":43.6839,"mcpPosition":[139.575,177.493,15.3736],"pipPosition":[137.931,206.518,5.88801],"stabilizedTipPosition":[137.693,233.245,-3.5532],"timeVisible":15.2975,"tipPosition":[134.199,233.068,-2.7812],"tipVelocity":[-79.8475,-4.43513,-9.93678],"tool":false,"touchDistance":0.314777,"touchZone":"hovering","type":4,"width":15.1538},{"bases":[[[0.92538,0.179453,-0.333869],[0.260106,0.340066,0.903715],[0.275712,-0.923121,0.268013]],[[0.959457,0.0142067,-0.281495],[0.253902,0.390057,0.885093],[0.122374,-0.920681,0.370636]],[[0.959457,0.0142067,-0.281495],[0.243445,0.461548,0.853058],[0.142043,-0.887002,0.439377]],[[0.959457,0.0142067,-0.281495],[0.232192,0.526313,0.817974],[0.159775,-0.850172,0.501676]]],"btipPosition":[75.9837,254.929,1.62205],"carpPosition":[103.844,129.406,49.472],"dipPosition":[78.3446,242.366,9.03502],"direction":[-0.142043,0.887002,-0.439377],"extended":true,"handId":118,"id":1181,"length":50.8594,"mcpPosition":[85.8607,189.616,31.9909],"pipPosition":[81.3138,223.825,18.2196],"stabilizedTipPosition":[78.1469,252.962,4.70824],"timeVisible":15.2975,"tipPosition":[77.3646,252.115,3.85484],"tipVelocity":[-60.8577,-19.2354,-49.7207],"tool":false,"touchDistance":0.304569,"touchZone":"hovering","type":1,"width":18.2543},{"bases":[[[0.896131,-0.00753377,-0.443727],[0.418798,0.345159,0.839925],[0.146828,-0.938514,0.312463]],[[0.899307,-0.0293908,-0.436329],[0.407567,0.418041,0.811869],[0.158542,-0.907953,0.387926]],[[0.899307,-0.0293908,-0.436329],[0.398638,0.465348,0.790278],[0.179818,-0.88464,0.430207]],[[0.899307,-0.0293908,-0.436329],[0.391431,0.499011,0.773156],[0.195009,-0.866097,0.460269]]],"btipPosition":[90.8034,264.071,-6.4683],"carpPosition":[114.086,132.339,47.0904],"dipPosition":[93.9727,249.995,1.01205],"direction":[-0.179818,0.88464,-0.430207],"extended":true,"handId":118,"id":1182,"length":57.9502,"mcpPosition":[105.004,190.39,27.7632],"pipPosition":[98.395,228.239,11.5922],"stabilizedTipPosition":[91.5249,261.262,-4.05516],"timeVisible":15.2975,"tipPosition":[91.8772,261.123,-3.40434],"tipVelocity":[-80.8839,-23.2486,-53.7617],"tool":false,"touchDistance":0.299757,"touchZone":"hovering","type":2,"width":17.9281}],"r":[[0.0197072,0.742346,0.669727],[-0.0958123,-0.665372,0.740338],[0.995204,-0.0787581,0.0580133]],"s":1.19858,"t":[-7.49925,-4.44642,-37.1234],"timestamp":8091079892},{"currentFrameRate":115.086,"devices":[],"gestures":[],"hands":[{"armBasis":[[0.940409,0.0347069,-0.33827],[0.123822,0.891533,0.435703],[0.316701,-0.451624,0.834108]],"armWidth":59.0231,"confidence":1,"direction":[-0.0769788,0.978992,-0.188809],"elbow":[198.875,-1.54142,248.428],"grabAngle":0.160932,"grabStrength":0,"id":118,"palmNormal":[-0.294533,-0.203248,-0.933777],"palmPosition":[107.631,167.748,27.3328],"palmVelocity":[-50.6527,-11.7303,-17.7669],"palmWidth":80.6694,"pinchDistance":40.1992,"pinchStrength":0,"r":[[0.017759,0.744095,0.667838],[-0.0954216,-0.663633,0.741947],[0.995279,-0.0769024,0.0592173]],"s":1.19832,"sphereCenter":[41.3064,112.772,-197.15],"sphereRadius":242.79,"stabilizedPalmPosition":[105.957,168.187,27.4527],"t":[-7.901,-4.54491,-37.2803],"timeVisible":15.3064,"type":"right","wrist":[123.064,106.566,48.7632]}],"id":149348,"interactionBox":{"center":[0,200,0],"size":[235.247,235.247,147.751]},"pointables":[{"bases":[[[0.631715,0.379371,0.676027],[-0.604833,-0.304265,0.735934],[0.484884,-0.873785,0.0372476]],[[0.566278,0.485432,0.666097],[-0.58075,-0.338466,0.740385],[0.584858,-0.8061,0.0902484]],[[0.566278,0.485432,0.666097],[-0.788081,0.0822311,0.610054],[0.241366,-0.870399,0.429125]],[[0.566278,0.485432,0.666097],[-0.819229,0.420254,0.390194],[-0.0905172,-0.766644,0.63566]]],"btipPosition":[61.0514,193.298,7.69523],"carpPosition":[92.2198,116.44,37.2091],"dipPosition":[59.2193,177.78,20.5613],"direction":[-0.241366,0.870399,-0.429125],"extended":false,"handId":118,"id":1180,"length":45.0726,"mcpPosition":[92.2198,116.44,37.2091],"pipPosition":[66.3365,152.115,33.2151],"stabilizedTipPosition":[61.1283,190.1,10.7999],"timeVisible":15.3064,"tipPosition":[60.9839,189.431,12.5297],"tipVelocity":[-44.2504,-27.2837,-9.88352],"tool":false,"touchDistance":-0.22689,"touchZone":"touching","type":0,"width":19.1104},{"bases":[[[0.875744,-0.171129,-0.451428],[0.482761,0.31755,0.816152],[0.00368364,-0.932672,0.360706]],[[0.87179,-0.0857068,-0.482324],[0.473519,0.399758,0.78484],[0.125547,-0.912605,0.389088]],[[0.87179,-0.0857068,-0.482324],[0.469939,0.42437,0.773994],[0.138348,-0.901423,0.410239]],[[0.87179,-0.0857068,-0.482324],[0.468359,0.434442,0.76935],[0.143604,-0.896613,0.418884]]],"btipPosition":[112.912,256.344,-8.92492],"carpPosition":[123.602,133.2,42.7388],"dipPosition":[115.232,241.856,-2.15627],"direction":[-0.138348,0.901423,-0.410239],"extended":true,"handId":118,"id":1183,"length":55.7206,"mcpPosition":[123.398,184.996,22.7069],"pipPosition":[118.547,220.26,7.67219],"stabilizedTipPosition":[115.992,253.626,-6.16423],"timeVisible":15.3064,"tipPosition":[112.189,252.732,-6.99395],"tipVelocity":[-56.8324,-8.75402,-15.4452],"tool":false,"touchDistance":-0.166745,"touchZone":"touching","type":3,"width":17.0597},{"bases":[[[0.7784,-0.328025,-0.535251],[0.611511,0.203412,0.764643],[-0.141946,-0.922509,0.358927]],[[0.791177,-0.145323,-0.594072],[0.609004,0.276401,0.743449],[0.056162,-0.949991,0.307184]],[[0.791177,-0.145323,-0.594072],[0.605121,0.326892,0.725927],[0.0887033,-0.933822,0.346567]],[[0.791177,-0.145323,-0.594072],[0.603361,0.344255,0.719336],[0.0999763,-0.927561,0.360049]]],"btipPosition":[134.435,236.093,-5.33515],"carpPosition":[131.846,129.994,33.74],"dipPosition":[135.925,222.265,0.0321465],"direction":[-0.0887033,0.933822,-0.346567],"extended":true,"handId":118,"id":1184,"length":43.6839,"mcpPosition":[139.143,177.419,15.2882],"pipPosition":[137.426,206.469,5.89444],"stabilizedTipPosition":[137.465,233.219,-3.59597],"timeVisible":15.3064,"tipPosition":[133.732,232.918,-3.1044],"tipVelocity":[-61.0023,-1.18258,13.1279],"tool":false,"touchDistance":0.316724,"touchZone":"hovering","type":4,"width":15.1538},{"bases":[[[0.926088,0.180414,-0.331378],[0.256293,0.343757,0.903407],[0.276901,-0.921565,0.27211]],[[0.960489,0.0143481,-0.277947],[0.250698,0.389129,0.886414],[0.120876,-0.921071,0.370157]],[[0.960489,0.0143481,-0.277947],[0.240642,0.458926,0.855265],[0.139828,-0.888359,0.43734]],[[0.960489,0.0143481,-0.277947],[0.229936,0.521769,0.821514],[0.156811,-0.852966,0.497855]]],"btipPosition":[75.6145,254.873,1.43132],"carpPosition":[103.407,129.367,49.4317],"dipPosition":[77.9316,242.269,8.78782],"direction":[-0.139828,0.888359,-0.43734],"extended":true,"handId":118,"id":1181,"length":50.8594,"mcpPosition":[85.3457,189.476,31.6833],"pipPosition":[80.8545,223.7,17.9298],"stabilizedTipPosition":[78.1136,252.945,4.68191],"timeVisible":15.3064,"tipPosition":[76.784,251.862,3.29899],"tipVelocity":[-42.6303,-7.31433,-22.8947],"tool":false,"touchDistance":0.301174,"touchZone":"hovering","type":1,"width":18.2543},{"bases":[[[0.897633,-0.00701474,-0.440689],[0.415187,0.348993,0.840133],[0.147904,-0.937099,0.31618]],[[0.900563,-0.0268553,-0.433895],[0.404605,0.416826,0.813972],[0.158999,-0.90859,0.386244]],[[0.900563,-0.0268553,-0.433895],[0.396082,0.462065,0.793482],[0.179179,-0.886439,0.426756]],[[0.900563,-0.0268553,-0.433895],[0.387289,0.502929,0.772703],[0.197467,-0.86391,0.46332]]],"btipPosition":[90.2574,263.996,-6.60886],"carpPosition":[113.65,132.316,47.0744],"dipPosition":[93.4667,249.955,0.921085],"direction":[-0.179179,0.886439,-0.426756],"extended":true,"handId":118,"id":1182,"length":57.9502,"mcpPosition":[104.501,190.28,27.5172],"pipPosition":[97.8732,228.155,11.4163],"stabilizedTipPosition":[91.517,261.254,-4.06736],"timeVisible":15.3064,"tipPosition":[91.3098,260.871,-3.9643],"tipVelocity":[-60.3313,-7.55448,-14.515],"tool":false,"touchDistance":0.297604,"touchZone":"hovering","type":2,"width":17.9281}],"r":[[0.017759,0.744095,0.667838],[-0.0954216,-0.663633,0.741947],[0.995279,-0.0769024,0.0592173]],"s":1.19832,"t":[-7.901,-4.54491,-37.2803],"timestamp":8091088790},{"currentFrameRate":114.993,"devices":[],"gestures":[],"hands":[{"armBasis":[[0.939154,0.0330682,-0.341902],[0.126511,0.892089,0.433788],[0.319351,-0.450648,0.833625]],"armWidth":59.0231,"confidence":1,"direction":[-0.0735617,0.980839,-0.1804],"elbow":[198.973,-1.38782,247.925],"grabAngle":0.162584,"grabStrength":0,"id":118,"palmNormal":[-0.299215,-0.194263,-0.934202],"palmPosition":[107.245,167.849,27.439],"palmVelocity":[-43.4868,11.357,12.0009],"palmWidth":80.6694,"pinchDistance":40.0732,"pinchStrength":0,"r":[[0.0173825,0.744373,0.667538],[-0.0950604,-0.663384,0.742216],[0.99532,-0.076358,0.0592292]],"s":1.19767,"sphereCenter":[38.4792,113.759,-199.301],"sphereRadius":245.301,"stabilizedPalmPosition":[105.969,168.184,27.4525],"t":[-8.29442,-4.54387,-37.3056],"timeVisible":15.3152,"type":"right","wrist":[122.528,106.486,48.3755]}],"id":149349,"interactionBox":{"center":[0,200,0],"size":[235.247,235.247,147.751]},"pointables":[{"bases":[[[0.636091,0.37108,0.676527],[-0.603116,-0.307775,0.735884],[0.48129,-0.876113,0.0280315]],[[0.571605,0.476701,0.66785],[-0.579282,-0.341997,0.739912],[0.58112,-0.809811,0.0806573]],[[0.571605,0.476701,0.66785],[-0.785042,0.0809453,0.61413],[0.238697,-0.875331,0.420499]],[[0.571605,0.476701,0.66785],[-0.81534,0.421381,0.397063],[-0.092139,-0.771488,0.629537]]],"btipPosition":[60.7644,193.792,8.24369],"carpPosition":[91.6559,116.527,36.9548],"dipPosition":[58.8995,178.177,20.9858],"direction":[-0.238697,0.875331,-0.4205],"extended":false,"handId":118,"id":1180,"length":45.0726,"mcpPosition":[91.6559,116.527,36.9548],"pipPosition":[65.938,152.365,33.3852],"stabilizedTipPosition":[60.8441,190.136,10.9341],"timeVisible":15.3152,"tipPosition":[60.6303,189.853,12.9981],"tipVelocity":[-33.2605,53.2614,58.7183],"tool":false,"touchDistance":-0.218224,"touchZone":"touching","type":0,"width":19.1104},{"bases":[[[0.873152,-0.171102,-0.456432],[0.487447,0.308733,0.816749],[0.00116862,-0.935632,0.352974]],[[0.86944,-0.0854599,-0.48659],[0.477794,0.395941,0.784184],[0.125645,-0.914291,0.385079]],[[0.86944,-0.0854599,-0.48659],[0.474475,0.41886,0.774229],[0.137647,-0.904021,0.404722]],[[0.86944,-0.0854599,-0.48659],[0.472997,0.428369,0.769918],[0.142643,-0.899554,0.412864]]],"btipPosition":[112.61,256.59,-8.35667],"carpPosition":[123.132,133.107,42.4932],"dipPosition":[114.914,242.055,-1.68531],"direction":[-0.137647,0.904021,-0.404722],"extended":true,"handId":118,"id":1183,"length":55.7206,"mcpPosition":[123.067,185.067,22.8908],"pipPosition":[118.212,220.396,8.01099],"stabilizedTipPosition":[115.766,253.596,-6.21653],"timeVisible":15.3152,"tipPosition":[112.049,253.096,-6.21568],"tipVelocity":[-34.505,26.5539,61.6458],"tool":false,"touchDistance":-0.157647,"touchZone":"touching","type":3,"width":17.0597},{"bases":[[[0.774795,-0.326885,-0.541146],[0.615496,0.19448,0.763769],[-0.144422,-0.924837,0.351879]],[[0.788115,-0.144086,-0.598426],[0.613039,0.271086,0.742089],[0.0553002,-0.95171,0.301977]],[[0.788115,-0.144086,-0.598426],[0.609249,0.321119,0.725051],[0.0876962,-0.936014,0.340863]],[[0.788115,-0.144086,-0.598426],[0.607859,0.335184,0.719833],[0.0968649,-0.93107,0.351748]]],"btipPosition":[134.131,236.301,-4.89899],"carpPosition":[131.325,129.94,33.4344],"dipPosition":[135.575,222.421,0.344564],"direction":[-0.0876961,0.936014,-0.340863],"extended":true,"handId":118,"id":1184,"length":43.6839,"mcpPosition":[138.75,177.485,15.3449],"pipPosition":[137.059,206.588,6.11037],"stabilizedTipPosition":[137.273,233.212,-3.60218],"timeVisible":15.3152,"tipPosition":[133.51,233.157,-2.57789],"tipVelocity":[-35.505,22.1337,46.0418],"tool":false,"touchDistance":0.323519,"touchZone":"hovering","type":4,"width":15.1538},{"bases":[[[0.925489,0.179219,-0.333692],[0.261452,0.335179,0.905151],[0.274066,-0.924952,0.263347]],[[0.959405,0.0125062,-0.281755],[0.25568,0.383089,0.887621],[0.119038,-0.923627,0.36434]],[[0.959405,0.0125062,-0.281755],[0.245686,0.45351,0.856719],[0.138493,-0.891163,0.432027]],[[0.959405,0.0125062,-0.281755],[0.234918,0.517373,0.822885],[0.156063,-0.855669,0.493432]]],"btipPosition":[75.4478,255.225,2.20128],"carpPosition":[102.948,129.305,49.2375],"dipPosition":[77.7538,242.581,9.49242],"direction":[-0.138493,0.891163,-0.432027],"extended":true,"handId":118,"id":1181,"length":50.8594,"mcpPosition":[85.0718,189.635,32.0607],"pipPosition":[80.6488,223.953,18.5234],"stabilizedTipPosition":[78.0859,252.937,4.67148],"timeVisible":15.3152,"tipPosition":[76.6518,252.289,4.22335],"tipVelocity":[-19.1138,38.6806,85.2543],"tool":false,"touchDistance":0.313756,"touchZone":"hovering","type":1,"width":18.2543},{"bases":[[[0.895785,-0.00717682,-0.444429],[0.420107,0.340264,0.841267],[0.145186,-0.940303,0.307818]],[[0.898733,-0.0276424,-0.437623],[0.409134,0.411917,0.814207],[0.157758,-0.910802,0.381513]],[[0.898733,-0.0276424,-0.437623],[0.400318,0.459014,0.793128],[0.178951,-0.887999,0.423597]],[[0.898733,-0.0276424,-0.437623],[0.392554,0.495439,0.774881],[0.195396,-0.868203,0.456119]]],"btipPosition":[90.0605,264.307,-5.91171],"carpPosition":[113.194,132.229,46.8624],"dipPosition":[93.2361,250.197,1.50121],"direction":[-0.178951,0.887999,-0.423597],"extended":true,"handId":118,"id":1182,"length":57.9502,"mcpPosition":[104.213,190.391,27.8224],"pipPosition":[97.6371,228.359,11.9188],"stabilizedTipPosition":[91.5085,261.252,-4.06899],"timeVisible":15.3152,"tipPosition":[91.187,261.291,-3.04508],"tipVelocity":[-23.1085,33.3879,75.6901],"tool":false,"touchDistance":0.308775,"touchZone":"hovering","type":2,"width":17.9281}],"r":[[0.0173825,0.744373,0.667538],[-0.0950604,-0.663384,0.742216],[0.99532,-0.076358,0.0592292]],"s":1.19767,"t":[-8.29442,-4.54387,-37.3056],"timestamp":8091097645},{"currentFrameRate":114.761,"devices":[],"gestures":[],"hands":[{"armBasis":[[0.937733,0.0305679,-0.34601],[0.130184,0.892588,0.431669],[0.32204,-0.449835,0.83303]],"armWidth":59.0231,"confidence":1,"direction":[-0.069696,0.982535,-0.17253],"elbow":[199.028,-1.26747,247.408],"grabAngle":0.164759,"grabStrength":0,"id":118,"palmNormal":[-0.304754,-0.185653,-0.934162],"palmPosition":[106.833,167.95,27.5374],"palmVelocity":[-45.241,11.0857,10.8027],"palmWidth":80.6694,"pinchDistance":39.9301,"pinchStrength":0,"r":[[0.0184606,0.743557,0.668417],[-0.0946734,-0.664228,0.741511],[0.995337,-0.0769701,0.0581331]],"s":1.19692,"sphereCenter":[35.6315,114.935,-200.894],"sphereRadius":247.275,"stabilizedPalmPosition":[105.978,168.182,27.4535],"t":[-8.69715,-4.49287,-37.269],"timeVisible":15.3243,"type":"right","wrist":[121.94,106.412,48.0015]}],"id":149350,"interactionBox":{"center":[0,200,0],"size":[235.247,235.247,147.751]},"pointables":[{"bases":[[[0.641209,0.362819,0.676176],[-0.600966,-0.310505,0.736497],[0.477171,-0.878606,0.0189434]],[[0.577676,0.468089,0.668717],[-0.577437,-0.344693,0.740103],[0.576937,-0.813682,0.0711712]],[[0.577676,0.468089,0.668717],[-0.781357,0.0800815,0.618926],[0.236161,-0.880045,0.412006]],[[0.577676,0.468089,0.668717],[-0.810927,0.422653,0.404676],[-0.0932102,-0.776052,0.623743]]],"btipPosition":[60.4326,194.3,8.81436],"carpPosition":[91.0424,116.632,36.7379],"dipPosition":[58.5459,178.592,21.4392],"direction":[-0.236161,0.880045,-0.412006],"extended":false,"handId":118,"id":1180,"length":45.0726,"mcpPosition":[91.0424,116.632,36.7379],"pipPosition":[65.5097,152.642,33.5882],"stabilizedTipPosition":[60.5769,190.31,11.1819],"timeVisible":15.3243,"tipPosition":[60.2536,190.29,13.4883],"tipVelocity":[-36.9837,53.4186,59.6948],"tool":false,"touchDistance":-0.209162,"touchZone":"touching","type":0,"width":19.1104},{"bases":[[[0.870052,-0.171793,-0.462058],[0.492958,0.300115,0.816654],[-0.00162553,-0.938306,0.345802]],[[0.866607,-0.0859128,-0.491539],[0.483147,0.390721,0.783521],[0.12474,-0.916491,0.38011]],[[0.866607,-0.0859128,-0.491539],[0.479906,0.413323,0.773857],[0.13668,-0.906523,0.399419]],[[0.866607,-0.0859128,-0.491539],[0.478632,0.421624,0.770159],[0.141078,-0.902692,0.406503]]],"btipPosition":[112.342,256.845,-7.78322],"carpPosition":[122.626,133.017,42.2466],"dipPosition":[114.621,242.259,-1.21464],"direction":[-0.13668,0.906523,-0.399419],"extended":true,"handId":118,"id":1183,"length":55.7206,"mcpPosition":[122.716,185.126,23.0424],"pipPosition":[117.896,220.54,8.3546],"stabilizedTipPosition":[115.576,253.589,-6.22019],"timeVisible":15.3243,"tipPosition":[111.899,253.43,-5.49958],"tipVelocity":[-30.0625,26.6889,60.3658],"tool":false,"touchDistance":-0.148483,"touchZone":"touching","type":3,"width":17.0597},{"bases":[[[0.770525,-0.326448,-0.54747],[0.620188,0.185657,0.762167],[-0.147166,-0.926803,0.345512]],[[0.78445,-0.144031,-0.603236],[0.617914,0.264801,0.740313],[0.053109,-0.953486,0.296722]],[[0.78445,-0.144031,-0.603236],[0.614207,0.315226,0.723452],[0.0859559,-0.938023,0.335744]],[[0.78445,-0.144031,-0.603236],[0.613004,0.327728,0.718902],[0.0941526,-0.933729,0.345378]]],"btipPosition":[133.842,236.47,-4.54065],"carpPosition":[130.758,129.881,33.1232],"dipPosition":[135.246,222.551,0.60795],"direction":[-0.0859559,0.938023,-0.335744],"extended":true,"handId":118,"id":1184,"length":43.6839,"mcpPosition":[138.324,177.526,15.361],"pipPosition":[136.7,206.684,6.28717],"stabilizedTipPosition":[137.101,233.215,-3.58858],"timeVisible":15.3243,"tipPosition":[133.275,233.358,-2.12129],"tipVelocity":[-32.7351,17.6393,36.9458],"tool":false,"touchDistance":0.329127,"touchZone":"hovering","type":4,"width":15.1538},{"bases":[[[0.924691,0.17732,-0.336905],[0.267532,0.326968,0.906377],[0.270876,-0.928251,0.254905]],[[0.958002,0.0105273,-0.286568],[0.261504,0.378011,0.888101],[0.117675,-0.925741,0.359383]],[[0.958002,0.0105273,-0.286568],[0.251508,0.449201,0.857299],[0.137752,-0.893369,0.427688]],[[0.958002,0.0105273,-0.286568],[0.240678,0.513791,0.823464],[0.155905,-0.857851,0.489679]]],"btipPosition":[75.2331,255.553,2.90647],"carpPosition":[102.456,129.261,49.0617],"dipPosition":[77.5368,242.877,10.1422],"direction":[-0.137752,0.893369,-0.427688],"extended":true,"handId":118,"id":1181,"length":50.8594,"mcpPosition":[84.7886,189.806,32.4355],"pipPosition":[80.4163,224.202,19.0824],"stabilizedTipPosition":[78.0612,252.934,4.67041],"timeVisible":15.3243,"tipPosition":[76.5225,252.71,5.11095],"tipVelocity":[-23.6319,35.215,76.0251],"tool":false,"touchDistance":0.325297,"touchZone":"hovering","type":1,"width":18.2543},{"bases":[[[0.893538,-0.00807594,-0.448914],[0.425893,0.33178,0.841747],[0.142143,-0.943322,0.299897]],[[0.896442,-0.0287705,-0.442226],[0.414618,0.406791,0.81401],[0.156474,-0.913068,0.376594]],[[0.896442,-0.0287705,-0.442226],[0.405677,0.454936,0.792755],[0.178377,-0.890059,0.419495]],[[0.896442,-0.0287705,-0.442226],[0.398503,0.48889,0.776004],[0.193874,-0.871871,0.449726]]],"btipPosition":[89.852,264.624,-5.21614],"carpPosition":[112.705,132.154,46.6582],"dipPosition":[93.0029,250.454,2.09289],"direction":[-0.178377,0.890059,-0.419495],"extended":true,"handId":118,"id":1182,"length":57.9502,"mcpPosition":[103.912,190.503,28.1082],"pipPosition":[97.3897,228.565,12.4096],"stabilizedTipPosition":[91.4995,261.253,-4.06386],"timeVisible":15.3243,"tipPosition":[91.069,261.694,-2.17582],"tipVelocity":[-23.5145,33.2366,73.7458],"tool":false,"touchDistance":0.319969,"touchZone":"hovering","type":2,"width":17.9281}],"r":[[0.0184606,0.743557,0.668417],[-0.0946734,-0.664228,0.741511],[0.995337,-0.0769701,0.0581331]],"s":1.19692