{"frames":75,"data":[{"currentFrameRate":115.177,"devices":[],"gestures":[],"hands":[{"armBasis":[[0.631278,-0.20673,-0.747497],[0.580042,0.76564,0.278111],[0.51482,-0.609145,0.603244]],"armWidth":51.6826,"confidence":1,"direction":[-0.237426,0.288153,-0.927683],"elbow":[247.818,-1.10099,205.667],"grabAngle":2.08772,"grabStrength":0,"id":99,"palmNormal":[-0.546919,-0.8289,-0.117494],"palmPosition":[106.449,158.218,14.6999],"palmVelocity":[-5.95634,2.3533,5.53683],"palmWidth":76.2329,"pinchDistance":59.8656,"pinchStrength":0,"r":[[0.868907,0.362836,-0.336677],[-0.426125,0.894404,-0.13586],[0.251831,0.261516,0.931767]],"s":1.20611,"sphereCenter":[87.7172,123.978,-13.3065],"sphereRadius":51.3674,"stabilizedPalmPosition":[99.6393,160.899,19.3763],"t":[-70.1839,30.7515,96.4372],"timeVisible":3.02688,"type":"right","wrist":[131.36,136.694,69.2066]}],"id":129176,"interactionBox":{"center":[0,200,0],"size":[235.247,235.247,147.751]},"pointables":[{"bases":[[[0.765899,0.60468,-0.218541],[-0.30885,0.644116,0.699805],[0.563924,-0.468484,0.680083]],[[0.504322,0.73473,-0.453685],[-0.444368,0.671307,0.593197],[0.740403,-0.0975592,0.665046]],[[0.504322,0.73473,-0.453685],[-0.56602,0.678055,0.468895],[0.652135,0.0203212,0.757831]],[[0.504322,0.73473,-0.453685],[-0.638322,0.671039,0.377163],[0.581554,0.0993858,0.807414]]],"btipPosition":[39.1133,149.733,-1.32882],"carpPosition":[100.854,148.245,64.8933],"dipPosition":[50.799,151.73,14.8953],"direction":[-0.652135,-0.0203212,-0.757831],"extended":true,"handId":99,"id":990,"length":44.7461,"mcpPosition":[100.854,148.245,64.8933],"pipPosition":[69.8895,152.325,37.0799],"stabilizedTipPosition":[35.4718,142.428,10.4799],"timeVisible":3.02688,"tipPosition":[44.0219,145.996,1.37545],"tipVelocity":[-8.91744,2.71336,17.5056],"tool":false,"touchDistance":-0.123833,"touchZone":"touching","type":0,"width":16.187},{"bases":[[[0.751551,-0.424284,-0.505128],[0.486153,0.873809,-0.0106389],[0.445899,-0.237574,0.862979]],[[0.79526,-0.447432,-0.409104],[0.495387,0.868574,0.0130377],[0.349503,-0.213033,0.912395]],[[0.79526,-0.447432,-0.409104],[0.434883,0.891159,-0.129279],[0.42242,-0.0751018,0.903284]],[[0.79526,-0.447432,-0.409104],[0.368066,0.892518,-0.26065],[0.481756,0.0567073,0.874469]]],"btipPosition":[56.9009,184.395,-62.3139],"carpPosition":[113.11,161.167,56.1066],"dipPosition":[63.968,185.227,-49.486],"direction":[-0.42242,0.0751018,-0.903284],"extended":true,"handId":99,"id":991,"length":50.491,"mcpPosition":[85.6262,175.811,2.91443],"pipPosition":[72.7342,183.669,-30.7408],"stabilizedTipPosition":[59.0148,185.548,-59.4658],"timeVisible":3.02688,"tipPosition":[58.5266,184.197,-58.2361],"tipVelocity":[-17.0167,-5.91005,9.39311],"tool":false,"touchDistance":0.337246,"touchZone":"hovering","type":1,"width":15.4618},{"bases":[[[0.710922,-0.595185,-0.374628],[0.615884,0.784071,-0.0769345],[0.339525,-0.176033,0.923978]],[[0.723821,-0.601694,-0.337708],[0.538805,0.798635,-0.268089],[0.431013,0.0120897,0.902265]],[[0.723821,-0.601694,-0.337708],[0.309911,0.720799,-0.620003],[0.616472,0.344112,0.708201]],[[0.723821,-0.601694,-0.337708],[-0.019175,0.471711,-0.881545],[0.689721,0.644556,0.329897]]],"btipPosition":[57.3909,149.189,-63.4512],"carpPosition":[121.254,158.201,50.5105],"dipPosition":[68.5192,159.589,-58.1285],"direction":[-0.616472,-0.344112,-0.708201],"extended":true,"handId":99,"id":992,"length":57.5304,"mcpPosition":[101.407,168.49,-3.49857],"pipPosition":[83.5703,167.99,-40.8378],"stabilizedTipPosition":[60.3065,152.544,-62.6436],"timeVisible":3.02688,"tipPosition":[63.2078,159.25,-67.721],"tipVelocity":[-16.8689,-6.33525,15.6698],"tool":false,"touchDistance":0.340579,"touchZone":"hovering","type":2,"width":15.1855},{"bases":[[[0.704672,-0.672004,-0.227701],[0.675612,0.733533,-0.0740097],[0.216761,-0.101685,0.970915]],[[0.690407,-0.664697,-0.285511],[-0.10187,0.301406,-0.948038],[0.716213,0.683617,0.14038]],[[0.690407,-0.664697,-0.285511],[-0.722271,-0.611102,-0.32385],[0.0407859,0.429804,-0.902]],[[0.690407,-0.664697,-0.285511],[-0.563579,-0.741641,0.363797],[-0.453561,-0.0902601,-0.886643]]],"btipPosition":[96.2215,123.155,25.3177],"carpPosition":[128.766,152.817,45.9804],"dipPosition":[88.9456,121.707,11.0944],"direction":[-0.0407859,-0.429804,0.902],"extended":false,"handId":99,"id":993,"length":55.3171,"mcpPosition":[117.39,158.154,-4.97399],"pipPosition":[89.9156,131.929,-10.3591],"stabilizedTipPosition":[84.0249,125.734,27.682],"timeVisible":3.02688,"tipPosition":[93.4636,122.914,22.0238],"tipVelocity":[-10.0326,3.23398,11.2762],"tool":false,"touchDistance":0.333333,"touchZone":"none","type":3,"width":14.45},{"bases":[[[0.603642,-0.791158,-0.0984179],[0.793468,0.608198,-0.0224537],[0.077622,-0.0645374,0.994892]],[[0.5877,-0.77527,-0.231441],[-0.000669528,0.285589,-0.958352],[0.809079,0.563378,0.167321]],[[0.5877,-0.77527,-0.231441],[-0.799054,-0.511273,-0.316406],[0.126971,0.370886,-0.919958]],[[0.5877,-0.77527,-0.231441],[-0.692496,-0.629924,0.351632],[-0.4184,-0.0463818,-0.907078]]],"btipPosition":[109.526,122.778,18.9947],"carpPosition":[133.8,142.288,43.5345],"dipPosition":[103.334,122.092,5.57069],"direction":[-0.126971,-0.370886,0.919958],"extended":false,"handId":99,"id":994,"length":43.3675,"mcpPosition":[130.029,145.423,-4.79832],"pipPosition":[105.466,128.32,-9.87799],"stabilizedTipPosition":[98.4572,125.237,19.8603],"timeVisible":3.02688,"tipPosition":[105.815,121.986,12.8271],"tipVelocity":[-9.63966,1.75766,11.2373],"tool":false,"touchDistance":0.333333,"touchZone":"none","type":4,"width":12.8356}],"r":[[0.868907,0.362836,-0.336677],[-0.426125,0.894404,-0.13586],[0.251831,0.261516,0.931767]],"s":1.20611,"t":[-70.1839,30.7515,96.4372],"timestamp":7912808671},{"currentFrameRate":115.194,"devices":[],"gestures":[],"hands":[{"armBasis":[[0.631521,-0.207551,-0.747063],[0.581007,0.764695,0.278698],[0.513431,-0.610052,0.60351]],"armWidth":51.6826,"confidence":1,"direction":[-0.238486,0.286897,-0.927801],"elbow":[247.49,-1.2315,205.765],"grabAngle":2.08813,"grabStrength":0,"id":99,"palmNormal":[-0.547332,-0.82889,-0.115623],"palmPosition":[106.392,158.237,14.7381],"palmVelocity":[-6.54892,2.25672,4.42227],"palmWidth":76.2329,"pinchDistance":59.8759,"pinchStrength":0,"r":[[0.868721,0.362221,-0.337816],[-0.426001,0.894363,-0.136521],[0.252679,0.262508,0.931259]],"s":1.20602,"sphereCenter":[87.5937,124.011,-13.1846],"sphereRadius":51.3396,"stabilizedPalmPosition":[99.6533,160.893,19.3667],"t":[-70.2359,30.7701,96.48],"timeVisible":3.03554,"type":"right","wrist":[131.346,136.769,69.245]}],"id":129177,"interactionBox":{"center":[0,200,0],"size":[235.247,235.247,147.751]},"pointables":[{"bases":[[[0.765822,0.604117,-0.220361],[-0.307772,0.64522,0.699261],[0.564617,-0.467689,0.680055]],[[0.503794,0.733967,-0.455504],[-0.443649,0.672299,0.592612],[0.741193,-0.0964705,0.664324]],[[0.503794,0.733967,-0.455504],[-0.565403,0.678844,0.468497],[0.653078,0.0215176,0.756985]],[[0.503794,0.733967,-0.455504],[-0.63765,0.671713,0.377099],[0.582746,0.100472,0.806419]]],"btipPosition":[39.0312,149.724,-1.19444],"carpPosition":[100.857,148.338,64.9528],"dipPosition":[50.7408,151.743,15.0097],"direction":[-0.653078,-0.0215176,-0.756985],"extended":true,"handId":99,"id":990,"length":44.7461,"mcpPosition":[100.857,148.338,64.9528],"pipPosition":[69.8589,152.373,37.1695],"stabilizedTipPosition":[35.478,142.436,10.4721],"timeVisible":3.03554,"tipPosition":[43.9408,146.024,1.51066],"tipVelocity":[-8.85482,-0.450092,14.9985],"tool":false,"touchDistance":-0.12167,"touchZone":"touching","type":0,"width":16.187},{"bases":[[[0.750786,-0.425253,-0.50545],[0.486421,0.873635,-0.0124984],[0.446894,-0.236478,0.862765]],[[0.794531,-0.448238,-0.409637],[0.495713,0.868414,0.0112372],[0.350698,-0.211991,0.912179]],[[0.794531,-0.448238,-0.409637],[0.434921,0.890855,-0.131231],[0.42375,-0.0738929,0.90276]],[[0.794531,-0.448238,-0.409637],[0.367831,0.89203,-0.262645],[0.483136,0.0580027,0.873622]]],"btipPosition":[56.7434,184.322,-62.2438],"carpPosition":[113.106,161.244,56.1323],"dipPosition":[63.8307,185.173,-49.4283],"direction":[-0.42375,0.0738929,-0.90276],"extended":true,"handId":99,"id":991,"length":50.491,"mcpPosition":[85.5606,175.82,2.9533],"pipPosition":[72.6245,183.64,-30.694],"stabilizedTipPosition":[58.9832,185.497,-59.4574],"timeVisible":3.03554,"tipPosition":[58.3877,184.127,-58.1767],"tipVelocity":[-17.6653,-7.95591,7.77049],"tool":false,"touchDistance":0.337864,"touchZone":"hovering","type":1,"width":15.4618},{"bases":[[[0.710264,-0.595953,-0.374654],[0.616041,0.78376,-0.078826],[0.340616,-0.174815,0.923808]],[[0.723183,-0.602402,-0.337814],[0.538917,0.798089,-0.269484],[0.431943,0.012833,0.901809]],[[0.723183,-0.602402,-0.337814],[0.309988,0.720195,-0.620666],[0.617182,0.344137,0.707571]],[[0.723183,-0.602402,-0.337814],[-0.0216786,0.469079,-0.88289],[0.690316,0.645814,0.326171]]],"btipPosition":[57.2495,149.132,-63.3271],"carpPosition":[121.241,158.267,50.5304],"dipPosition":[68.3874,159.552,-58.0645],"direction":[-0.617182,-0.344137,-0.70757],"extended":true,"handId":99,"id":992,"length":57.5304,"mcpPosition":[101.331,168.485,-3.46877],"pipPosition":[83.4559,167.954,-40.7892],"stabilizedTipPosition":[60.2913,152.513,-62.6275],"timeVisible":3.03554,"tipPosition":[63.043,159.151,-67.6199],"tipVelocity":[-16.0834,-6.00821,12.7486],"tool":false,"touchDistance":0.341509,"touchZone":"hovering","type":2,"width":15.1855},{"bases":[[[0.704172,-0.672559,-0.22761],[0.675756,0.733207,-0.0759028],[0.217934,-0.10036,0.97079]],[[0.689837,-0.665331,-0.285412],[-0.102548,0.30046,-0.948266],[0.716665,0.683417,0.13904]],[[0.689837,-0.665331,-0.285412],[-0.722839,-0.611005,-0.322764],[0.0403561,0.428961,-0.902421]],[[0.689837,-0.665331,-0.285412],[-0.563638,-0.740989,0.365031],[-0.454354,-0.0909425,-0.886167]]],"btipPosition":[96.1459,123.181,25.3963],"carpPosition":[128.747,152.874,45.9987],"dipPosition":[88.8573,121.722,11.1807],"direction":[-0.0403561,-0.428961,0.902421],"extended":false,"handId":99,"id":993,"length":55.3171,"mcpPosition":[117.309,158.141,-4.94918],"pipPosition":[89.8172,131.925,-10.2829],"stabilizedTipPosition":[84.0382,125.73,27.6749],"timeVisible":3.03554,"tipPosition":[93.407,122.948,22.1289],"tipVelocity":[-9.06798,2.75561,9.28697],"tool":false,"touchDistance":0.333333,"touchZone":"none","type":3,"width":14.45},{"bases":[[[0.603264,-0.791494,-0.0980303],[0.793636,0.607907,-0.0243132],[0.0788371,-0.0631331,0.994886]],[[0.587159,-0.775789,-0.231075],[-0.00165117,0.284315,-0.958729],[0.80947,0.563308,0.165657]],[[0.587159,-0.775789,-0.231075],[-0.799566,-0.511317,-0.315039],[0.126252,0.369738,-0.920519]],[[0.587159,-0.775789,-0.231075],[-0.692366,-0.629211,0.353161],[-0.419373,-0.047373,-0.906577]]],"btipPosition":[109.455,122.798,19.0746],"carpPosition":[133.774,142.34,43.5616],"dipPosition":[103.249,122.097,5.65804],"direction":[-0.126252,-0.369738,0.920519],"extended":false,"handId":99,"id":994,"length":43.3675,"mcpPosition":[129.944,145.407,-4.77091],"pipPosition":[105.369,128.306,-9.80006],"stabilizedTipPosition":[98.4705,125.233,19.855],"timeVisible":3.03554,"tipPosition":[105.745,122.003,12.9203],"tipVelocity":[-8.52418,1.91714,9.43519],"tool":false,"touchDistance":0.333333,"touchZone":"none","type":4,"width":12.8356}],"r":[[0.868721,0.362221,-0.337816],[-0.426001,0.894363,-0.136521],[0.252679,0.262508,0.931259]],"s":1.20602,"t":[-70.2359,30.7701,96.48],"timestamp":7912817324},{"currentFrameRate":115.201,"devices":[],"gestures":[],"hands":[{"armBasis":[[0.63175,-0.208423,-0.746627],[0.582071,0.763652,0.279337],[0.511943,-0.611061,0.603754]],"armWidth":51.6826,"confidence":1,"direction":[-0.239601,0.285313,-0.928002],"elbow":[247.128,-1.3786,205.85],"grabAngle":2.08868,"grabStrength":0,"id":99,"palmNormal":[-0.547777,-0.828901,-0.113414],"palmPosition":[106.323,158.247,14.7636],"palmVelocity":[-8.03804,1.16394,2.93731],"palmWidth":76.2329,"pinchDistance":59.8892,"pinchStrength":0,"r":[[0.868509,0.361544,-0.339084],[-0.425873,0.894311,-0.13726],[0.253621,0.263618,0.930689]],"s":1.20591,"sphereCenter":[87.4446,124.043,-13.0551],"sphereRadius":51.3006,"stabilizedPalmPosition":[99.6683,160.887,19.3563],"t":[-70.2967,30.7844,96.5141],"timeVisible":3.0442,"type":"right","wrist":[131.321,136.85,69.2749]}],"id":129178,"interactionBox":{"center":[0,200,0],"size":[235.247,235.247,147.751]},"pointables":[{"bases":[[[0.765747,0.603446,-0.222451],[-0.306626,0.646587,0.698503],[0.565343,-0.466667,0.680154]],[[0.503281,0.733013,-0.457603],[-0.44288,0.673524,0.591797],[0.742001,-0.0951772,0.663608]],[[0.503281,0.733013,-0.457603],[-0.564727,0.679828,0.467886],[0.654058,0.0229424,0.756097]],[[0.503281,0.733013,-0.457603],[-0.636852,0.672566,0.376928],[0.584061,0.101724,0.80531]]],"btipPosition":[38.935,149.705,-1.0658],"carpPosition":[100.85,148.441,65.0032],"dipPosition":[50.671,151.749,15.116],"direction":[-0.654058,-0.0229424,-0.756097],"extended":true,"handId":99,"id":990,"length":44.7461,"mcpPosition":[100.85,148.441,65.0032],"pipPosition":[69.8178,152.421,37.2499],"stabilizedTipPosition":[35.4837,142.443,10.4648],"timeVisible":3.0442,"tipPosition":[43.846,146.039,1.64165],"tipVelocity":[-10.397,-1.47734,14.249],"tool":false,"touchDistance":-0.119611,"touchZone":"touching","type":0,"width":16.187},{"bases":[[[0.749972,-0.426429,-0.505669],[0.486714,0.873438,-0.0147075],[0.447942,-0.235086,0.862602]],[[0.793765,-0.449222,-0.410046],[0.496139,0.868193,0.00928267],[0.351829,-0.210808,0.912018]],[[0.793765,-0.449222,-0.410046],[0.435073,0.890468,-0.133333],[0.425028,-0.072565,0.902267]],[[0.793765,-0.449222,-0.410046],[0.367633,0.891433,-0.264939],[0.484545,0.0595531,0.872737]]],"btipPosition":[56.5756,184.225,-62.1934],"carpPosition":[113.092,161.326,56.1434],"dipPosition":[63.6836,185.098,-49.3909],"direction":[-0.425029,0.072565,-0.902267],"extended":true,"handId":99,"id":991,"length":50.491,"mcpPosition":[85.4817,175.816,2.97448],"pipPosition":[72.5039,183.592,-30.6668],"stabilizedTipPosition":[58.9459,185.445,-59.4473],"timeVisible":3.0442,"tipPosition":[58.2316,184.024,-58.1358],"tipVelocity":[-18.8109,-10.6586,5.46633],"tool":false,"touchDistance":0.338121,"touchZone":"hovering","type":1,"width":15.4618},{"bases":[[[0.70956,-0.596879,-0.374513],[0.616215,0.783397,-0.0810433],[0.341766,-0.173276,0.923673]],[[0.722476,-0.603243,-0.337825],[0.53897,0.797435,-0.271307],[0.433058,0.013935,0.901258]],[[0.722476,-0.603243,-0.337825],[0.309737,0.719233,-0.621906],[0.618136,0.344675,0.706475]],[[0.722476,-0.603243,-0.337825],[-0.024693,0.465788,-0.884552],[0.690955,0.647409,0.321625]]],"btipPosition":[57.0799,149.027,-63.1905],"carpPosition":[121.219,158.336,50.5362],"dipPosition":[68.2281,159.473,-58.0012],"direction":[-0.618136,-0.344675,-0.706475],"extended":true,"handId":99,"id":992,"length":57.5304,"mcpPosition":[101.241,168.465,-3.45506],"pipPosition":[83.3198,167.888,-40.7527],"stabilizedTipPosition":[60.272,152.48,-62.6087],"timeVisible":3.0442,"tipPosition":[62.8603,159.016,-67.5298],"tipVelocity":[-19.2978,-11.4697,13.8138],"tool":false,"touchDistance":0.342488,"touchZone":"hovering","type":2,"width":15.1855},{"bases":[[[0.703634,-0.673218,-0.227323],[0.675916,0.732828,-0.0781075],[0.219172,-0.098692,0.970682]],[[0.689226,-0.666089,-0.28512],[-0.103256,0.299201,-0.948587],[0.717151,0.683231,0.13744]],[[0.689226,-0.666089,-0.28512],[-0.723448,-0.610994,-0.321417],[0.039886,0.427798,-0.902994]],[[0.689226,-0.666089,-0.28512],[-0.563703,-0.740187,0.366555],[-0.4552,-0.0919164,-0.885632]]],"btipPosition":[96.0565,123.202,25.4741],"carpPosition":[128.716,152.933,46.0044],"dipPosition":[88.7543,121.728,11.267],"direction":[-0.039886,-0.427798,0.902994],"extended":false,"handId":99,"id":993,"length":55.3171,"mcpPosition":[117.214,158.112,-4.93782],"pipPosition":[89.7029,131.903,-10.2101],"stabilizedTipPosition":[84.0516,125.727,27.6679],"timeVisible":3.0442,"tipPosition":[93.3368,122.976,22.2348],"tipVelocity":[-10.6792,2.03515,9.20168],"tool":false,"touchDistance":0.333333,"touchZone":"none","type":3,"width":14.45},{"bases":[[[0.602854,-0.791884,-0.0973978],[0.793819,0.607579,-0.0264473],[0.08012,-0.0613723,0.994894]],[[0.586576,-0.77641,-0.23047],[-0.00267382,0.28271,-0.959202],[0.80989,0.563261,0.163755]],[[0.586576,-0.77641,-0.23047],[-0.800115,-0.511447,-0.31343],[0.125477,0.368253,-0.921219]],[[0.586576,-0.77641,-0.23047],[-0.692224,-0.628345,0.354977],[-0.420422,-0.048684,-0.906021]]],"btipPosition":[109.371,122.81,19.1536],"carpPosition":[133.736,142.392,43.5797],"dipPosition":[103.15,122.09,5.74524],"direction":[-0.125477,-0.368253,0.921219],"extended":false,"handId":99,"id":994,"length":43.3675,"mcpPosition":[129.844,145.374,-4.75322],"pipPosition":[105.257,128.274,-9.72462],"stabilizedTipPosition":[98.4834,125.23,19.8498],"timeVisible":3.0442,"tipPosition":[105.662,122.011,13.0138],"tipVelocity":[-10.1074,0.912282,9.33028],"tool":false,"touchDistance":0.333333,"touchZone":"none","type":4,"width":12.8356}],"r":[[0.868509,0.361544,-0.339084],[-0.425873,0.894311,-0.13726],[0.253621,0.263618,0.930689]],"s":1.20591,"t":[-70.2967,30.7844,96.5141],"timestamp":7912825992},{"currentFrameRate":115.374,"devices":[],"gestures":[],"hands":[{"armBasis":[[0.632003,-0.20901,-0.746249],[0.582915,0.762749,0.280043],[0.510669,-0.611987,0.603895]],"armWidth":51.6826,"confidence":1,"direction":[-0.240194,0.284631,-0.928058],"elbow":[246.795,-1.5305,205.928],"grabAngle":2.08936,"grabStrength":0,"id":99,"palmNormal":[-0.548244,-0.828747,-0.11228],"palmPosition":[106.259,158.281,14.8104],"palmVelocity":[-7.57416,4.05275,5.58814],"palmWidth":76.2329,"pinchDistance":59.9068,"pinchStrength":0,"r":[[0.868318,0.360863,-0.340295],[-0.425712,0.894283,-0.137937],[0.254544,0.264641,0.930147]],"s":1.20576,"sphereCenter":[87.3035,124.137,-12.941],"sphereRadius":51.2549,"stabilizedPalmPosition":[99.6826,160.881,19.3465],"t":[-70.3589,30.8085,96.5546],"timeVisible":3.05258,"type":"right","wrist":[131.277,136.907,69.3206]}],"id":129179,"interactionBox":{"center":[0,200,0],"size":[235.247,235.247,147.751]},"pointables":[{"bases":[[[0.765849,0.602906,-0.223563],[-0.305786,0.647323,0.698189],[0.565659,-0.466345,0.680111]],[[0.503047,0.732447,-0.458765],[-0.442301,0.674219,0.591438],[0.742505,-0.0946082,0.663126]],[[0.503047,0.732447,-0.458765],[-0.564127,0.680419,0.467752],[0.654756,0.0235009,0.755475]],[[0.503047,0.732447,-0.458765],[-0.636013,0.673144,0.377313],[0.585177,0.101975,0.804468]]],"btipPosition":[38.8423,149.74,-0.951113],"carpPosition":[100.821,148.52,65.0625],"dipPosition":[50.6008,151.789,15.2138],"direction":[-0.654756,-0.0235009,-0.755475],"extended":true,"handId":99,"id":990,"length":44.7461,"mcpPosition":[100.821,148.52,65.0625],"pipPosition":[69.768,152.477,37.3294],"stabilizedTipPosition":[35.4891,142.45,10.458],"timeVisible":3.05258,"tipPosition":[43.7635,146.096,1.74903],"tipVelocity":[-10.4541,4.21706,13.233],"tool":false,"touchDistance":-0.117764,"touchZone":"touching","type":0,"width":16.187},{"bases":[[[0.749382,-0.427204,-0.505889],[0.487102,0.873202,-0.0158324],[0.448506,-0.234555,0.862454]],[[0.793145,-0.449887,-0.410515],[0.496654,0.867908,0.00842433],[0.352499,-0.210566,0.911815]],[[0.793145,-0.449887,-0.410515],[0.435372,0.890166,-0.134369],[0.425877,-0.0721526,0.901899]],[[0.793145,-0.449887,-0.410515],[0.367673,0.891057,-0.266146],[0.485528,0.0601569,0.872149]]],"btipPosition":[56.4543,184.232,-62.1216],"carpPosition":[113.062,161.392,56.1823],"dipPosition":[63.5767,185.114,-49.3278],"direction":[-0.425877,0.0721526,-0.901899],"extended":true,"handId":99,"id":991,"length":50.491,"mcpPosition":[85.4171,175.85,3.02251],"pipPosition":[72.4146,183.617,-30.6113],"stabilizedTipPosition":[58.9095,185.402,-59.4359],"timeVisible":3.05258,"tipPosition":[58.1231,184.018,-58.075],"tipVelocity":[-14.094,1.08587,8.3334],"tool":false,"touchDistance":0.338689,"touchZone":"hovering","type":1,"width":15.4618},{"bases":[[[0.708995,-0.597524,-0.374556],[0.61651,0.783045,-0.0821921],[0.342406,-0.172644,0.923554]],[[0.721893,-0.603842,-0.338002],[0.53924,0.796978,-0.272115],[0.433694,0.0141738,0.900948]],[[0.721893,-0.603842,-0.338002],[0.309485,0.718589,-0.622775],[0.618942,0.34497,0.705625]],[[0.721893,-0.603842,-0.338002],[-0.0275871,0.462938,-0.885961],[0.691454,0.648894,0.317534]]],"btipPosition":[56.9529,149.007,-63.0488],"carpPosition":[121.183,158.394,50.5713],"dipPosition":[68.1091,159.476,-57.9256],"direction":[-0.618942,-0.34497,-0.705625],"extended":true,"handId":99,"id":992,"length":57.5304,"mcpPosition":[101.169,168.485,-3.41302],"pipPosition":[83.2205,167.899,-40.6978],"stabilizedTipPosition":[60.253,152.453,-62.59],"timeVisible":3.05258,"tipPosition":[62.725,158.98,-67.4358],"tipVelocity":[-14.9484,-1.77115,15.1018],"tool":false,"touchDistance":0.343469,"touchZone":"hovering","type":2,"width":15.1855},{"bases":[[[0.703149,-0.673734,-0.227296],[0.67619,0.732451,-0.0792596],[0.219883,-0.0979639,0.970595]],[[0.688699,-0.666648,-0.285088],[-0.103415,0.29886,-0.948677],[0.717635,0.682835,0.136883]],[[0.688699,-0.666648,-0.285088],[-0.723946,-0.610595,-0.321054],[0.0399569,0.427498,-0.903133]],[[0.688699,-0.666648,-0.285088],[-0.564045,-0.739674,0.367064],[-0.455574,-0.091994,-0.885432]]],"btipPosition":[95.9634,123.238,25.534],"carpPosition":[128.674,152.983,46.0383],"dipPosition":[88.6552,121.762,11.3301],"direction":[-0.0399569,-0.427498,0.903133],"extended":false,"handId":99,"id":993,"length":55.3171,"mcpPosition":[117.135,158.124,-4.89938],"pipPosition":[89.6056,131.93,-10.1503],"stabilizedTipPosition":[84.0655,125.723,27.6605],"timeVisible":3.05258,"tipPosition":[93.2654,123.022,22.3217],"tipVelocity":[-11.2796,4.23077,7.24116],"tool":false,"touchDistance":0.333333,"touchZone":"none","type":3,"width":14.45},{"bases":[[[0.602415,-0.792243,-0.097191],[0.794076,0.607193,-0.0275843],[0.0808672,-0.0605598,0.994883]],[[0.586037,-0.776871,-0.230288],[-0.00313855,0.282028,-0.959401],[0.810278,0.562967,0.162841]],[[0.586037,-0.776871,-0.230288],[-0.800546,-0.511188,-0.31275],[0.125246,0.36764,-0.921496]],[[0.586037,-0.776871,-0.230288],[-0.692315,-0.627742,0.355866],[-0.421023,-0.0491186,-0.905719]]],"btipPosition":[109.288,122.843,19.221],"carpPosition":[133.688,142.438,43.6187],"dipPosition":[103.057,122.116,5.81712],"direction":[-0.125246,-0.36764,0.921496],"extended":false,"handId":99,"id":994,"length":43.3675,"mcpPosition":[129.759,145.38,-4.71374],"pipPosition":[105.16,128.289,-9.65738],"stabilizedTipPosition":[98.496,125.226,19.8448],"timeVisible":3.05258,"tipPosition":[105.582,122.044,13.0943],"tipVelocity":[-10.2225,3.66405,8.17312],"tool":false,"touchDistance":0.333333,"touchZone":"none","type":4,"width":12.8356}],"r":[[0.868318,0.360863,-0.340295],[-0.425712,0.894283,-0.137937],[0.254544,0.264641,0.930147]],"s":1.20576,"t":[-70.3589,30.8085,96.5546],"timestamp":7912834365},{"currentFrameRate":115.14,"devices":[],"gestures":[],"hands":[{"armBasis":[[0.632599,-0.208983,-0.745751],[0.583239,0.762081,0.281185],[0.50956,-0.612829,0.603978]],"armWidth":51.6826,"confidence":1,"direction":[-0.240712,0.284316,-0.928021],"elbow":[246.496,-1.70383,205.976],"grabAngle":2.09011,"grabStrength":0,"id":99,"palmNormal":[-0.548216,-0.828839,-0.111732],"palmPosition":[106.194,158.289,14.8444],"palmVelocity":[-7.13894,0.802262,3.748],"palmWidth":76.2329,"pinchDistance":59.9123,"pinchStrength":0,"r":[[0.868122,0.360315,-0.341377],[-0.425616,0.894243,-0.13849],[0.255374,0.265522,0.929668]],"s":1.20558,"sphereCenter":[87.18,124.189,-12.86],"sphereRadius":51.2176,"stabilizedPalmPosition":[99.6984,160.875,19.3355],"t":[-70.4223,30.8242,96.5919],"timeVisible":3.06166,"type":"right","wrist":[131.229,136.924,69.3493]}],"id":129180,"interactionBox":{"center":[0,200,0],"size":[235.247,235.247,147.751]},"pointables":[{"bases":[[[0.765668,0.602916,-0.224154],[-0.305486,0.647509,0.698148],[0.566066,-0.466073,0.679959]],[[0.502499,0.732416,-0.459415],[-0.442261,0.674343,0.591326],[0.7429,-0.0939598,0.662775]],[[0.502499,0.732416,-0.459415],[-0.563999,0.680434,0.467883],[0.655286,0.023999,0.754999]],[[0.502499,0.732416,-0.459415],[-0.635626,0.673158,0.377939],[0.586067,0.102102,0.803804]]],"btipPosition":[38.755,149.718,-0.869222],"carpPosition":[100.783,148.542,65.1025],"dipPosition":[50.5313,151.769,15.2823],"direction":[-0.655286,-0.023999,-0.754999],"extended":true,"handId":99,"id":990,"length":44.7461,"mcpPosition":[100.783,148.542,65.1025],"pipPosition":[69.7141,152.472,37.384],"stabilizedTipPosition":[35.4954,142.458,10.45],"timeVisible":3.06166,"tipPosition":[43.6896,146.099,1.82138],"tipVelocity":[-9.16159,-2.33983,8.67678],"tool":false,"touchDistance":-0.116451,"touchZone":"touching","type":0,"width":16.187},{"bases":[[[0.749161,-0.427283,-0.506149],[0.487002,0.873248,-0.0163615],[0.448985,-0.234238,0.862291]],[[0.792801,-0.449842,-0.411228],[0.496524,0.867989,0.00774845],[0.353456,-0.210328,0.911499]],[[0.792801,-0.449842,-0.411228],[0.4348,0.890258,-0.135608],[0.427102,-0.0712921,0.901389]],[[0.792801,-0.449842,-0.411228],[0.366817,0.891007,-0.267491],[0.486736,0.061222,0.871401]]],"btipPosition":[56.303,184.191,-62.0489],"carpPosition":[113.019,161.413,56.2118],"dipPosition":[63.4431,185.089,-49.266],"direction":[-0.427102,0.0712921,-0.901389],"extended":true,"handId":99,"id":991,"length":50.491,"mcpPosition":[85.3442,175.851,3.06204],"pipPosition":[72.3064,183.609,-30.5602],"stabilizedTipPosition":[58.8677,185.358,-59.4217],"timeVisible":3.06166,"tipPosition":[58.017,183.999,-58.0271],"tipVelocity":[-16.2095,-4.10027,7.72918],"tool":false,"touchDistance":0.339207,"touchZone":"hovering","type":1,"width":15.4618},{"bases":[[[0.70886,-0.597566,-0.374742],[0.616384,0.783084,-0.0827611],[0.34291,-0.172319,0.923428]],[[0.721738,-0.603852,-0.338315],[0.53906,0.796968,-0.2725],[0.434176,0.0143018,0.900715]],[[0.721738,-0.603852,-0.338315],[0.309168,0.718552,-0.622975],[0.619282,0.345029,0.705298]],[[0.721738,-0.603852,-0.338315],[-0.0300761,0.460955,-0.886914],[0.691513,0.650294,0.314527]]],"btipPosition":[56.8482,148.978,-62.9491],"carpPosition":[121.137,158.414,50.5975],"dipPosition":[68.0054,159.471,-57.8744],"direction":[-0.619282,-0.345029,-0.705298],"extended":true,"handId":99,"id":992,"length":57.5304,"mcpPosition":[101.093,168.486,-3.37948],"pipPosition":[83.1251,167.894,-40.6546],"stabilizedTipPosition":[60.2319,152.427,-62.5697],"timeVisible":3.06166,"tipPosition":[62.6109,158.943,-67.3687],"tipVelocity":[-11.4976,-2.53878,9.74776],"tool":false,"touchDistance":0.343784,"touchZone":"hovering","type":2,"width":15.1855},{"bases":[[[0.7031,-0.673732,-0.227455],[0.676071,0.732497,-0.0798442],[0.220404,-0.0976376,0.97051]],[[0.688619,-0.666665,-0.285242],[-0.103563,0.298916,-0.948643],[0.71769,0.682794,0.136797]],[[0.688619,-0.666665,-0.285242],[-0.724018,-0.610422,-0.321221],[0.0400287,0.427719,-0.903025]],[[0.688619,-0.666665,-0.285242],[-0.564071,-0.739679,0.367014],[-0.455663,-0.0918363,-0.885403]]],"btipPosition":[95.8858,123.234,25.5626],"carpPosition":[128.627,153.003,46.0622],"dipPosition":[88.5762,121.761,11.3592],"direction":[-0.0400287,-0.427719,0.903025],"extended":false,"handId":99,"id":993,"length":55.3171,"mcpPosition":[117.06,158.127,-4.871],"pipPosition":[89.5282,131.934,-10.1187],"stabilizedTipPosition":[84.083,125.718,27.6512],"timeVisible":3.06166,"tipPosition":[93.2104,123.03,22.3734],"tipVelocity":[-8.58053,-0.369639,3.16336],"tool":false,"touchDistance":0.333333,"touchZone":"none","type":3,"width":14.45},{"bases":[[[0.602447,-0.79221,-0.0972604],[0.793997,0.607267,-0.0281917],[0.0813969,-0.0602405,0.99486]],[[0.585996,-0.776879,-0.230364],[-0.00360709,0.281786,-0.95947],[0.810306,0.563077,0.162323]],[[0.585996,-0.776879,-0.230364],[-0.800618,-0.511248,-0.312467],[0.124976,0.367538,-0.921573]],[[0.585996,-0.776879,-0.230364],[-0.692125,-0.627713,0.356284],[-0.421393,-0.0493405,-0.905535]]],"btipPosition":[109.223,122.848,19.261],"carpPosition":[133.64,142.457,43.6432],"dipPosition":[102.987,122.118,5.85985],"direction":[-0.124976,-0.367538,0.921573],"extended":false,"handId":99,"id":994,"length":43.3675,"mcpPosition":[129.686,145.384,-4.68802],"pipPosition":[105.086,128.29,-9.61595],"stabilizedTipPosition":[98.5105,125.222,19.8391],"timeVisible":3.06166,"tipPosition":[105.521,122.051,13.1415],"tipVelocity":[-7.25198,0.502712,4.47243],"tool":false,"touchDistance":0.333333,"touchZone":"none","type":4,"width":12.8356}],"r":[[0.868122,0.360315,-0.341377],[-0.425616,0.894243,-0.13849],[0.255374,0.265522,0.929668]],"s":1.20558,"t":[-70.4223,30.8242,96.5919],"timestamp":7912843449},{"currentFrameRate":115.335,"devices":[],"gestures":[],"hands":[{"armBasis":[[0.632714,-0.209114,-0.745617],[0.583764,0.761445,0.281816],[0.508815,-0.613574,0.60385]],"armWidth":51.6826,"confidence":1,"direction":[-0.241473,0.283604,-0.928041],"elbow":[246.25,-1.85712,205.965],"grabAngle":2.09026,"grabStrength":0,"id":99,"palmNormal":[-0.548343,-0.828903,-0.110631],"palmPosition":[106.083,158.274,14.8688],"palmVelocity":[-13.3383,-1.74688,2.92116],"palmWidth":76.2329,"pinchDistance":59.9211,"pinchStrength":0,"r":[[0.867909,0.359815,-0.342442],[-0.425556,0.894193,-0.139001],[0.256195,0.266368,0.9292]],"s":1.20542,"sphereCenter":[86.9965,124.242,-12.7675],"sphereRadius":51.1668,"stabilizedPalmPosition":[99.7143,160.869,19.3244],"t":[-70.5097,30.8248,96.6227],"timeVisible":3.07,"type":"right","wrist":[131.151,136.94,69.3682]}],"id":129181,"interactionBox":{"center":[0,200,0],"size":[235.247,235.247,147.751]},"pointables":[{"bases":[[[0.765506,0.60271,-0.22526],[-0.304878,0.648064,0.697898],[0.566613,-0.465569,0.67985]],[[0.501909,0.732099,-0.460563],[-0.442138,0.67483,0.590862],[0.743372,-0.0929263,0.662392]],[[0.501909,0.732099,-0.460563],[-0.56394,0.680736,0.467514],[0.655789,0.0250805,0.754528]],[[0.501909,0.732099,-0.460563],[-0.635266,0.673397,0.378119],[0.586962,0.102799,0.803062]]],"btipPosition":[38.6328,149.654,-0.788072],"carpPosition":[100.714,148.567,65.1389],"dipPosition":[50.4271,151.719,15.3486],"direction":[-0.655789,-0.0250805,-0.754528],"extended":true,"handId":99,"id":990,"length":44.7461,"mcpPosition":[100.714,148.567,65.1389],"pipPosition":[69.6246,152.453,37.4365],"stabilizedTipPosition":[35.5025,142.467,10.4408],"timeVisible":3.07,"tipPosition":[43.561,146.088,1.91001],"tipVelocity":[-14.1567,-7.30858,9.32118],"tool":false,"touchDistance":-0.115155,"touchZone":"touching","type":0,"width":16.187},{"bases":[[[0.748721,-0.427708,-0.506441],[0.487024,0.873214,-0.0174457],[0.449693,-0.233587,0.862098]],[[0.792248,-0.450098,-0.412014],[0.496657,0.86792,0.00686053],[0.354507,-0.210065,0.911152]],[[0.792248,-0.450098,-0.412014],[0.434525,0.890189,-0.136938],[0.428405,-0.0705416,0.900829]],[[0.792248,-0.450098,-0.412014],[0.366221,0.890811,-0.268957],[0.488083,0.062193,0.870578]]],"btipPosition":[56.0971,184.128,-61.9843],"carpPosition":[112.942,161.431,56.228],"dipPosition":[63.257,185.041,-49.2135],"direction":[-0.428405,0.0705416,-0.900829],"extended":true,"handId":99,"id":991,"length":50.491,"mcpPosition":[85.2239,175.828,3.09012],"pipPosition":[72.1473,183.577,-30.5193],"stabilizedTipPosition":[58.8236,185.319,-59.407],"timeVisible":3.07,"tipPosition":[57.846,183.931,-57.9851],"tipVelocity":[-24.1454,-7.08855,7.4121],"tool":false,"touchDistance":0.339546,"touchZone":"hovering","type":1,"width":15.4618},{"bases":[[[0.708523,-0.597887,-0.374868],[0.616348,0.782994,-0.083883],[0.343672,-0.171616,0.923276]],[[0.7214,-0.604131,-0.338539],[0.539191,0.796757,-0.272858],[0.434575,0.014303,0.900522]],[[0.7214,-0.604131,-0.338539],[0.309293,0.718456,-0.623024],[0.619613,0.344742,0.705147]],[[0.7214,-0.604131,-0.338539],[-0.0315017,0.459718,-0.887506],[0.691802,0.650911,0.312609]]],"btipPosition":[56.693,148.947,-62.8859],"carpPosition":[121.056,158.426,50.6093],"dipPosition":[67.8548,159.449,-57.8421],"direction":[-0.619613,-0.344742,-0.705147],"extended":true,"handId":99,"id":992,"length":57.5304,"mcpPosition":[100.967,168.458,-3.35879],"pipPosition":[82.9826,167.866,-40.6259],"stabilizedTipPosition":[60.2082,152.401,-62.5491],"timeVisible":3.07,"tipPosition":[62.4209,158.842,-67.2902],"tipVelocity":[-18.4905,-3.50545,6.73629],"tool":false,"touchDistance":0.343581,"touchZone":"hovering","type":2,"width":15.1855},{"bases":[[[0.702883,-0.673938,-0.227517],[0.676035,0.732407,-0.0809765],[0.221208,-0.0968925,0.970401]],[[0.688353,-0.666915,-0.285297],[-0.103857,0.298644,-0.948697],[0.717902,0.682668,0.136309]],[[0.688353,-0.666915,-0.285297],[-0.724271,-0.610216,-0.321041],[0.0400144,0.427622,-0.903072]],[[0.688353,-0.666915,-0.285297],[-0.564093,-0.73943,0.367481],[-0.456036,-0.0920228,-0.885191]]],"btipPosition":[95.7563,123.214,25.5945],"carpPosition":[128.541,153.011,46.0719],"dipPosition":[88.4407,121.738,11.3945],"direction":[-0.0400144,-0.427622,0.903072],"extended":false,"handId":99,"id":993,"length":55.3171,"mcpPosition":[116.932,158.096,-4.85556],"pipPosition":[89.3925,131.908,-10.0845],"stabilizedTipPosition":[84.1017,125.713,27.6413],"timeVisible":3.07,"tipPosition":[93.1066,123.021,22.4357],"tipVelocity":[-15.6908,-2.51047,3.91791],"tool":false,"touchDistance":0.333333,"touchZone":"none","type":3,"width":14.45},{"bases":[[[0.602334,-0.792311,-0.0971464],[0.793998,0.607212,-0.0293249],[0.0822229,-0.0594707,0.994838]],[[0.585767,-0.777078,-0.230276],[-0.00421552,0.281199,-0.95964],[0.810468,0.563096,0.161441]],[[0.585767,-0.777078,-0.230276],[-0.800832,-0.511233,-0.311944],[0.12468,0.367139,-0.921772]],[[0.585767,-0.777078,-0.230276],[-0.691973,-0.62743,0.357078],[-0.421959,-0.0498194,-0.905245]]],"btipPosition":[109.104,122.83,19.3017],"carpPosition":[133.552,142.464,43.657],"dipPosition":[102.859,122.093,5.90481],"direction":[-0.12468,-0.367139,0.921772],"extended":false,"handId":99,"id":994,"length":43.3675,"mcpPosition":[129.558,145.353,-4.67319],"pipPosition":[104.953,128.258,-9.57433],"stabilizedTipPosition":[98.5258,125.218,19.833],"timeVisible":3.07,"tipPosition":[105.41,122.036,13.1975],"tipVelocity":[-14.5736,-2.29853,4.99586],"tool":false,"touchDistance":0.333333,"touchZone":"none","type":4,"width":12.8356}],"r":[[0.867909,0.359815,-0.342442],[-0.425556,0.894193,-0.139001],[0.256195,0.266368,0.9292]],"s":1.20542,"t":[-70.5097,30.8248,96.6227],"timestamp":7912851787},{"currentFrameRate":115.285,"devices":[],"gestures":[],"hands":[{"armBasis":[[0.632034,-0.210032,-0.745935],[0.584966,0.760651,0.281469],[0.508279,-0.614245,0.603619]],"armWidth":51.6826,"confidence":1,"direction":[-0.242609,0.282382,-0.928117],"elbow":[246.069,-1.96598,205.931],"grabAngle":2.08989,"grabStrength":0,"id":99,"palmNormal":[-0.549097,-0.828674,-0.108593],"palmPosition":[105.968,158.265,14.8932],"palmVelocity":[-13.1341,-1.03313,2.78466],"palmWidth":76.2329,"pinchDistance":59.9279,"pinchStrength":0,"r":[[0.867691,0.359186,-0.343652],[-0.42542,0.894171,-0.139555],[0.257158,0.267288,0.92867]],"s":1.20529,"sphereCenter":[86.7732,124.306,-12.6409],"sphereRadius":51.1121,"stabilizedPalmPosition":[99.7324,160.861,19.3116],"t":[-70.6109,30.8206,96.6503],"timeVisible":3.07876,"type":"right","wrist":[131.09,136.983,69.3856]}],"id":129182,"interactionBox":{"center":[0,200,0],"size":[235.247,235.247,147.751]},"pointables":[{"bases":[[[0.765612,0.601819,-0.227271],[-0.303406,0.649332,0.697361],[0.567259,-0.464953,0.679732]],[[0.501508,0.731112,-0.462564],[-0.441412,0.676067,0.589991],[0.744074,-0.091704,0.661774]],[[0.501508,0.731112,-0.462564],[-0.563449,0.681739,0.466645],[0.656517,0.0266054,0.753842]],[[0.501508,0.731112,-0.462564],[-0.634563,0.674271,0.377741],[0.588065,0.104086,0.802089]]],"btipPosition":[38.5105,149.602,-0.675952],"carpPosition":[100.664,148.637,65.1855],"dipPosition":[50.327,151.694,15.4411],"direction":[-0.656517,-0.0266054,-0.753842],"extended":true,"handId":99,"id":990,"length":44.7461,"mcpPosition":[100.664,148.637,65.1855],"pipPosition":[69.5458,152.473,37.509],"stabilizedTipPosition":[35.5105,142.478,10.4305],"timeVisible":3.07876,"tipPosition":[43.4082,146.124,2.04764],"tipVelocity":[-13.3785,-5.16318,12.2858],"tool":false,"touchDistance":-0.113362,"touchZone":"touching","type":0,"width":16.187},{"bases":[[[0.747683,-0.429008,-0.506876],[0.487625,0.872836,-0.0194625],[0.450769,-0.232613,0.861799]],[[0.791143,-0.451193,-0.412938],[0.497404,0.867504,0.00510019],[0.355925,-0.209432,0.910745]],[[0.791143,-0.451193,-0.412938],[0.434865,0.889707,-0.138976],[0.430099,-0.0696227,0.900093]],[[0.791143,-0.451193,-0.412938],[0.366217,0.890186,-0.271023],[0.489876,0.0631926,0.869499]]],"btipPosition":[55.8639,184.06,-61.9101],"carpPosition":[112.889,161.479,56.2377],"dipPosition":[63.0501,184.987,-49.1551],"direction":[-0.430099,0.0696227,-0.900093],"extended":true,"handId":99,"id":991,"length":50.491,"mcpPosition":[85.1045,175.817,3.1182],"pipPosition":[71.9756,183.542,-30.4762],"stabilizedTipPosition":[58.771,185.276,-59.3897],"timeVisible":3.07876,"tipPosition":[57.6439,183.848,-57.9321],"tipVelocity":[-25.9269,-7.4737,8.05497],"tool":false,"touchDistance":0.339984,"touchZone":"hovering","type":1,"width":15.4618},{"bases":[[[0.707553,-0.59896,-0.374989],[0.616787,0.782423,-0.0859503],[0.344881,-0.170474,0.923036]],[[0.720424,-0.605134,-0.338825],[0.539837,0.795995,-0.273805],[0.435391,0.0143454,0.900127]],[[0.720424,-0.605134,-0.338825],[0.310145,0.718081,-0.623033],[0.620322,0.343764,0.705002]],[[0.720424,-0.605134,-0.338825],[-0.0320499,0.458977,-0.88787],[0.692793,0.650502,0.311264]]],"btipPosition":[56.4918,148.943,-62.8278],"carpPosition":[120.992,158.46,50.6117],"dipPosition":[67.6697,159.438,-57.8057],"direction":[-0.620322,-0.343764,-0.705002],"extended":true,"handId":99,"id":992,"length":57.5304,"mcpPosition":[100.833,168.425,-3.34231],"pipPosition":[82.8148,167.831,-40.5931],"stabilizedTipPosition":[60.1767,152.372,-62.525],"timeVisible":3.07876,"tipPosition":[62.1662,158.69,-67.1655],"tipVelocity":[-22.5389,-0.638294,6.06161],"tool":false,"touchDistance":0.343353,"touchZone":"hovering","type":2,"width":15.1855},{"bases":[[[0.70207,-0.674785,-0.227516],[0.676442,0.731798,-0.0830537],[0.222539,-0.0955919,0.970226]],[[0.687462,-0.667838,-0.285285],[-0.104515,0.297763,-0.948901],[0.71866,0.68215,0.134902]],[[0.687462,-0.667838,-0.285285],[-0.725131,-0.609739,-0.320006],[0.0397631,0.426861,-0.903443]],[[0.687462,-0.667838,-0.285285],[-0.564387,-0.73853,0.368838],[-0.457016,-0.0925509,-0.884631]]],"btipPosition":[95.6053,123.214,25.6574],"carpPosition":[128.467,153.033,46.0718],"dipPosition":[88.274,121.729,11.4664],"direction":[-0.0397631,-0.426861,0.903443],"extended":false,"handId":99,"id":993,"length":55.3171,"mcpPosition":[116.788,158.05,-4.8465],"pipPosition":[89.2197,131.882,-10.0215],"stabilizedTipPosition":[84.1233,125.706,27.6297],"timeVisible":3.07876,"tipPosition":[92.9798,123.032,22.5315],"tipVelocity":[-17.6551,-0.232133,7.41326],"tool":false,"touchDistance":0.333333,"touchZone":"none","type":3,"width":14.45},{"bases":[[[0.601624,-0.792889,-0.0968223],[0.794391,0.606596,-0.031384],[0.083616,-0.0580333,0.994807]],[[0.584872,-0.77784,-0.229979],[-0.00522125,0.279914,-0.960011],[0.811109,0.562684,0.159653]],[[0.584872,-0.77784,-0.229979],[-0.801574,-0.510883,-0.310607],[0.124111,0.366011,-0.922298]],[[0.584872,-0.77784,-0.229979],[-0.692055,-0.62642,0.358689],[-0.423066,-0.0506293,-0.904683]]],"btipPosition":[108.958,122.819,19.3665],"carpPosition":[133.467,142.479,43.6655],"dipPosition":[102.697,122.069,5.97796],"direction":[-0.12411,-0.366011,0.922298],"extended":false,"handId":99,"id":994,"length":43.3675,"mcpPosition":[129.405,145.298,-4.66316],"pipPosition":[104.781,128.216,-9.51001],"stabilizedTipPosition":[98.5436,125.213,19.826],"timeVisible":3.07876,"tipPosition":[105.268,122.026,13.2806],"tipVelocity":[-17.104,-1.6689,7.61946],"tool":false,"touchDistance":0.333333,"touchZone":"none","type":4,"width":12.8356}],"r":[[0.867691,0.359186,-0.343652],[-0.42542,0.894171,-0.139555],[0.257158,0.267288,0.92867]],"s":1.20529,"t":[-70.6109,30.8206,96.6503],"timestamp":7912860547},{"currentFrameRate":115.348,"devices":[],