{"frames":76,"data":[{"currentFrameRate":112.272,"devices":[],"gestures":[],"hands":[{"armBasis":[[0.559295,-0.240546,-0.793301],[0.605541,0.772106,0.192802],[0.566135,-0.58821,0.577495]],"armWidth":51.6826,"confidence":1,"direction":[-0.331079,0.336201,-0.881678],"elbow":[253.402,4.67689,202.501],"grabAngle":2.05305,"grabStrength":0,"id":99,"palmNormal":[-0.572358,-0.814409,-0.0956239],"palmPosition":[95.1532,161.614,21.015],"palmVelocity":[-4.18305,-6.05992,-4.20674],"palmWidth":76.2329,"pinchDistance":64.5574,"pinchStrength":0,"r":[[0.831001,0.366681,-0.418309],[-0.423531,0.904586,-0.0484345],[0.360636,0.217416,0.907013]],"s":1.23482,"sphereCenter":[70.8154,123.932,-6.47155],"sphereRadius":54.5754,"stabilizedPalmPosition":[92.2631,163.663,23.523],"t":[-81.4982,34.2166,102.829],"timeVisible":1.28363,"type":"right","wrist":[125.336,137.736,71.8655]}],"id":128977,"interactionBox":{"center":[0,200,0],"size":[235.247,235.247,147.751]},"pointables":[{"bases":[[[0.749205,0.603709,-0.272448],[-0.218577,0.613656,0.758716],[0.625233,-0.508883,0.591711]],[[0.441315,0.755624,-0.484018],[-0.272703,0.626806,0.729895],[0.854912,-0.19012,0.48268]],[[0.441315,0.755624,-0.484018],[-0.375555,0.6454,0.665145],[0.814984,-0.111763,0.568603]],[[0.441315,0.755624,-0.484018],[-0.337433,0.639536,0.690748],[0.831493,-0.141514,0.537209]]],"btipPosition":[18.5272,163.361,23.3714],"carpPosition":[94.8468,149.294,70.9977],"dipPosition":[35.2351,160.517,34.166],"direction":[-0.814984,0.111763,-0.568603],"extended":true,"handId":99,"id":990,"length":44.7461,"mcpPosition":[94.8468,149.294,70.9977],"pipPosition":[59.0928,157.246,50.8112],"stabilizedTipPosition":[19.2912,166.259,32.0535],"timeVisible":1.28363,"tipPosition":[21.0583,163.803,28.8607],"tipVelocity":[-2.72924,-4.11827,-5.90074],"tool":false,"touchDistance":0.199518,"touchZone":"hovering","type":0,"width":16.187},{"bases":[[[0.683956,-0.409813,-0.603537],[0.498926,0.866343,-0.0228573],[0.532238,-0.285487,0.797007]],[[0.764272,-0.452272,-0.459716],[0.485132,0.87288,-0.0522214],[0.424895,-0.183111,0.886529]],[[0.764272,-0.452272,-0.459716],[0.390659,0.891864,-0.227957],[0.513102,-0.00537107,0.858311]],[[0.764272,-0.452272,-0.459716],[0.300508,0.880492,-0.366644],[0.570599,0.142068,0.808847]]],"btipPosition":[38.8271,184.833,-49.9664],"carpPosition":[106.324,162.454,61.5377],"dipPosition":[47.1974,186.917,-38.1011],"direction":[-0.513102,0.00537107,-0.858311],"extended":true,"handId":99,"id":991,"length":50.491,"mcpPosition":[73.5184,180.051,12.4119],"pipPosition":[57.8454,186.805,-20.2892],"stabilizedTipPosition":[37.7379,186.867,-44.7932],"timeVisible":1.28363,"tipPosition":[41.4141,186.459,-46.6399],"tipVelocity":[-5.92656,-1.32093,-2.81529],"tool":false,"touchDistance":0.230844,"touchZone":"hovering","type":1,"width":15.4618},{"bases":[[[0.654432,-0.586261,-0.477511],[0.618938,0.778109,-0.10706],[0.43432,-0.225486,0.872079]],[[0.677794,-0.598001,-0.427772],[0.494101,0.801309,-0.337295],[0.544481,0.0172538,0.838596]],[[0.677794,-0.598001,-0.427772],[0.230119,0.72511,-0.649046],[0.698312,0.341481,0.629087]],[[0.677794,-0.598001,-0.427772],[-0.0128248,0.5721,-0.820084],[0.73514,0.561334,0.380097]]],"btipPosition":[36.9229,154.721,-52.2192],"carpPosition":[113.753,159.648,54.9525],"dipPosition":[48.784,163.777,-46.0865],"direction":[-0.698312,-0.341481,-0.629087],"extended":true,"handId":99,"id":992,"length":57.5304,"mcpPosition":[88.366,172.829,3.97703],"pipPosition":[65.8332,172.115,-30.7274],"stabilizedTipPosition":[38.8924,157.805,-50.7523],"timeVisible":1.28363,"tipPosition":[41.8301,161.486,-53.7283],"tipVelocity":[-6.87427,-2.481,-2.94042],"tool":false,"touchDistance":0.313113,"touchZone":"hovering","type":2,"width":15.1855},{"bases":[[[0.66268,-0.670031,-0.334534],[0.677643,0.72665,-0.113048],[0.318835,-0.15178,0.935578]],[[0.642369,-0.659724,-0.390033],[-0.191003,0.35505,-0.915127],[0.742213,0.662347,0.102064]],[[0.642369,-0.659724,-0.390033],[-0.766011,-0.5688,-0.299489],[-0.0242705,0.491152,-0.870735]],[[0.642369,-0.659724,-0.390033],[-0.574855,-0.751337,0.324091],[-0.506857,0.0160265,-0.861881]]],"btipPosition":[84.1277,125.004,30.9023],"carpPosition":[120.624,154.386,49.3816],"dipPosition":[75.9969,125.261,17.0763],"direction":[0.0242705,-0.491152,0.870735],"extended":false,"handId":99,"id":993,"length":55.3171,"mcpPosition":[103.892,162.351,0.28163],"pipPosition":[75.4196,136.943,-3.63365],"stabilizedTipPosition":[79.4734,126.866,25.508],"timeVisible":1.28363,"tipPosition":[75.7058,124.552,19.3527],"tipVelocity":[-6.6208,-4.61735,-2.67197],"tool":false,"touchDistance":0.333333,"touchZone":"none","type":3,"width":14.45},{"bases":[[[0.573991,-0.793887,-0.200695],[0.797953,0.597307,-0.0806004],[0.183864,-0.113881,0.976333]],[[0.543422,-0.770827,-0.332442],[-0.0844422,0.343816,-0.935233],[0.835201,0.536299,0.121747]],[[0.543422,-0.770827,-0.332442],[-0.836063,-0.461388,-0.29685],[0.0754353,0.439257,-0.895189]],[[0.543422,-0.770827,-0.332442],[-0.697397,-0.634979,0.332323],[-0.467257,0.0512519,-0.882635]]],"btipPosition":[96.5187,125.034,22.8782],"carpPosition":[125.158,143.918,45.9105],"dipPosition":[89.6036,125.793,9.81597],"direction":[-0.0754353,-0.439257,0.895189],"extended":false,"handId":99,"id":994,"length":43.3675,"mcpPosition":[116.226,149.45,-1.52069],"pipPosition":[90.8704,133.169,-5.21676],"stabilizedTipPosition":[92.2039,126.649,18.678],"timeVisible":1.28363,"tipPosition":[88.3056,124.994,10.3557],"tipVelocity":[-6.77662,-5.87148,-3.19796],"tool":false,"touchDistance":0.333333,"touchZone":"none","type":4,"width":12.8356}],"r":[[0.831001,0.366681,-0.418309],[-0.423531,0.904586,-0.0484345],[0.360636,0.217416,0.907013]],"s":1.23482,"t":[-81.4982,34.2166,102.829],"timestamp":7911065422},{"currentFrameRate":112.457,"devices":[],"gestures":[],"hands":[{"armBasis":[[0.558983,-0.241058,-0.793365],[0.605787,0.772053,0.192239],[0.566179,-0.588069,0.577595]],"armWidth":51.6826,"confidence":1,"direction":[-0.331243,0.33597,-0.881704],"elbow":[253.355,4.64522,202.478],"grabAngle":2.05269,"grabStrength":0,"id":99,"palmNormal":[-0.572618,-0.814281,-0.0951544],"palmPosition":[95.0879,161.54,20.9694],"palmVelocity":[-7.62465,-8.69925,-5.32003],"palmWidth":76.2329,"pinchDistance":64.5398,"pinchStrength":0,"r":[[0.831093,0.366446,-0.418332],[-0.423246,0.904724,-0.0483454],[0.360759,0.217237,0.907007]],"s":1.2347,"sphereCenter":[70.7287,123.883,-6.49224],"sphereRadius":54.5595,"stabilizedPalmPosition":[92.2754,163.654,23.512],"t":[-81.5453,34.1537,102.791],"timeVisible":1.2922,"type":"right","wrist":[125.279,137.673,71.8202]}],"id":128978,"interactionBox":{"center":[0,200,0],"size":[235.247,235.247,147.751]},"pointables":[{"bases":[[[0.749297,0.603394,-0.272891],[-0.218179,0.613999,0.758553],[0.625262,-0.508842,0.591715]],[[0.44129,0.755345,-0.484476],[-0.272773,0.627251,0.729487],[0.854902,-0.189763,0.482837]],[[0.44129,0.755345,-0.484476],[-0.375826,0.645825,0.664579],[0.814873,-0.111194,0.568874]],[[0.44129,0.755345,-0.484476],[-0.337768,0.639996,0.690158],[0.83137,-0.140919,0.537555]]],"btipPosition":[18.4792,163.261,23.309],"carpPosition":[94.7926,149.238,70.9568],"dipPosition":[35.1846,160.43,34.1105],"direction":[-0.814873,0.111194,-0.568874],"extended":true,"handId":99,"id":990,"length":44.7461,"mcpPosition":[94.7926,149.238,70.9568],"pipPosition":[59.0391,157.175,50.7637],"stabilizedTipPosition":[19.2959,166.253,32.0436],"timeVisible":1.2922,"tipPosition":[21.0012,163.748,28.824],"tipVelocity":[-5.66996,-11.2936,-7.09587],"tool":false,"touchDistance":0.198505,"touchZone":"hovering","type":0,"width":16.187},{"bases":[[[0.683662,-0.410231,-0.603587],[0.499166,0.866192,-0.0233244],[0.532391,-0.285344,0.796956]],[[0.763764,-0.452534,-0.460302],[0.485471,0.872679,-0.0524254],[0.425421,-0.183423,0.886213]],[[0.763764,-0.452534,-0.460302],[0.39085,0.891729,-0.228155],[0.513713,-0.00565309,0.857944]],[[0.763764,-0.452534,-0.460302],[0.300814,0.88046,-0.366471],[0.571118,0.141432,0.808592]]],"btipPosition":[38.7248,184.788,-49.9894],"carpPosition":[106.271,162.391,61.4885],"dipPosition":[47.1027,186.863,-38.1278],"direction":[-0.513713,0.00565309,-0.857944],"extended":true,"handId":99,"id":991,"length":50.491,"mcpPosition":[73.4558,179.979,12.3659],"pipPosition":[57.7634,186.745,-20.3236],"stabilizedTipPosition":[37.777,186.846,-44.8263],"timeVisible":1.2922,"tipPosition":[41.3339,186.371,-46.6806],"tipVelocity":[-11.7325,-5.48996,-2.78505],"tool":false,"touchDistance":0.230446,"touchZone":"hovering","type":1,"width":15.4618},{"bases":[[[0.654124,-0.586624,-0.477487],[0.619128,0.777893,-0.10753],[0.434513,-0.225288,0.872034]],[[0.677345,-0.598278,-0.428096],[0.49444,0.801113,-0.337266],[0.544732,0.0167778,0.838442]],[[0.677345,-0.598278,-0.428096],[0.230206,0.725065,-0.649065],[0.698719,0.341091,0.628847]],[[0.677345,-0.598278,-0.428096],[-0.0123231,0.572608,-0.819737],[0.735562,0.56052,0.380481]]],"btipPosition":[36.8286,154.684,-52.2609],"carpPosition":[113.697,159.581,54.9021],"dipPosition":[48.6965,163.728,-46.122],"direction":[-0.698719,-0.341091,-0.628847],"extended":true,"handId":99,"id":992,"length":57.5304,"mcpPosition":[88.2988,172.75,3.92929],"pipPosition":[65.7557,172.056,-30.7688],"stabilizedTipPosition":[38.9084,157.78,-50.7546],"timeVisible":1.2922,"tipPosition":[41.7358,161.385,-53.7489],"tipVelocity":[-10.8224,-4.61917,-4.70047],"tool":false,"touchDistance":0.312441,"touchZone":"hovering","type":2,"width":15.1855},{"bases":[[[0.662391,-0.670344,-0.334481],[0.677816,0.726415,-0.113516],[0.319067,-0.151525,0.935541]],[[0.642066,-0.660051,-0.389978],[-0.191028,0.354894,-0.915182],[0.742468,0.662104,0.101777]],[[0.642066,-0.660051,-0.389978],[-0.766264,-0.568637,-0.299152],[-0.0243007,0.490901,-0.870876]],[[0.642066,-0.660051,-0.389978],[-0.574923,-0.751055,0.324624],[-0.507164,0.0157773,-0.861705]]],"btipPosition":[84.0523,124.939,30.8654],"carpPosition":[120.565,154.314,49.3312],"dipPosition":[75.9165,125.192,17.0422],"direction":[0.0243007,-0.490901,0.870876],"extended":false,"handId":99,"id":993,"length":55.3171,"mcpPosition":[103.82,162.267,0.233196],"pipPosition":[75.3386,136.868,-3.67108],"stabilizedTipPosition":[79.4823,126.86,25.5152],"timeVisible":1.2922,"tipPosition":[75.6332,124.483,19.3313],"tipVelocity":[-8.93009,-7.7442,-4.2303],"tool":false,"touchDistance":0.333333,"touchZone":"none","type":3,"width":14.45},{"bases":[[[0.573706,-0.794124,-0.20057],[0.798099,0.59705,-0.081056],[0.184119,-0.113572,0.97632]],[[0.543097,-0.771098,-0.332347],[-0.0844131,0.343662,-0.935292],[0.835416,0.536008,0.121551]],[[0.543097,-0.771098,-0.332347],[-0.836281,-0.461206,-0.296518],[0.075364,0.438973,-0.895334]],[[0.543097,-0.771098,-0.332347],[-0.697423,-0.63467,0.332858],[-0.467597,0.0510121,-0.882469]]],"btipPosition":[96.4429,124.962,22.8369],"carpPosition":[125.095,143.844,45.8626],"dipPosition":[89.5229,125.717,9.77707],"direction":[-0.075364,-0.438973,0.895334],"extended":false,"handId":99,"id":994,"length":43.3675,"mcpPosition":[116.151,149.361,-1.56798],"pipPosition":[90.7884,133.089,-5.2581],"stabilizedTipPosition":[92.2121,126.645,18.6816],"timeVisible":1.2922,"tipPosition":[88.2307,124.917,10.3314],"tipVelocity":[-8.97297,-8.46858,-4.75976],"tool":false,"touchDistance":0.333333,"touchZone":"none","type":4,"width":12.8356}],"r":[[0.831093,0.366446,-0.418332],[-0.423246,0.904724,-0.0483454],[0.360759,0.217237,0.907007]],"s":1.2347,"t":[-81.5453,34.1537,102.791],"timestamp":7911073992},{"currentFrameRate":112.519,"devices":[],"gestures":[],"hands":[{"armBasis":[[0.558724,-0.241533,-0.793404],[0.605899,0.772117,0.191629],[0.566316,-0.58779,0.577745]],"armWidth":51.6826,"confidence":1,"direction":[-0.331735,0.335097,-0.881851],"elbow":[253.341,4.66455,202.494],"grabAngle":2.05228,"grabStrength":0,"id":99,"palmNormal":[-0.572548,-0.814453,-0.0941052],"palmPosition":[95.0159,161.447,20.9446],"palmVelocity":[-8.19452,-10.5158,-2.82194],"palmWidth":76.2329,"pinchDistance":64.5197,"pinchStrength":0,"r":[[0.831114,0.366204,-0.418503],[-0.423049,0.904813,-0.0484007],[0.360942,0.217274,0.906925]],"s":1.23458,"sphereCenter":[70.6588,123.79,-6.47319],"sphereRadius":54.5436,"stabilizedPalmPosition":[92.288,163.644,23.5001],"t":[-81.6048,34.0762,102.76],"timeVisible":1.30098,"type":"right","wrist":[125.234,137.629,71.8017]}],"id":128979,"interactionBox":{"center":[0,200,0],"size":[235.247,235.247,147.751]},"pointables":[{"bases":[[[0.749071,0.603248,-0.273832],[-0.217887,0.614676,0.758089],[0.625634,-0.508198,0.591876]],[[0.44075,0.755005,-0.485497],[-0.273278,0.628053,0.728607],[0.85502,-0.188458,0.483141]],[[0.44075,0.755005,-0.485497],[-0.376468,0.646478,0.66358],[0.814869,-0.109699,0.56917]],[[0.44075,0.755005,-0.485497],[-0.33847,0.640728,0.689134],[0.831371,-0.139409,0.537948]]],"btipPosition":[18.4294,163.087,23.2666],"carpPosition":[94.7477,149.193,70.9436],"dipPosition":[35.1348,160.286,34.076],"direction":[-0.814869,0.109699,-0.56917],"extended":true,"handId":99,"id":990,"length":44.7461,"mcpPosition":[94.7477,149.193,70.9436],"pipPosition":[58.9892,157.074,50.7378],"stabilizedTipPosition":[19.3019,166.245,32.031],"timeVisible":1.30098,"tipPosition":[20.9407,163.645,28.8165],"tipVelocity":[-5.67138,-19.0668,-4.62378],"tool":false,"touchDistance":0.197828,"touchZone":"hovering","type":0,"width":16.187},{"bases":[[[0.683418,-0.410696,-0.603547],[0.499028,0.866243,-0.0243851],[0.532833,-0.284522,0.796954]],[[0.763282,-0.45269,-0.460948],[0.485515,0.872619,-0.0530224],[0.426235,-0.183326,0.885842]],[[0.763282,-0.45269,-0.460948],[0.390692,0.891651,-0.228732],[0.514549,-0.00550203,0.857443]],[[0.763282,-0.45269,-0.460948],[0.300736,0.880412,-0.366651],[0.571803,0.141235,0.808142]]],"btipPosition":[38.5884,184.681,-49.9898],"carpPosition":[106.22,162.339,61.4573],"dipPosition":[46.9764,186.752,-38.1349],"direction":[-0.514549,0.00550203,-0.857443],"extended":true,"handId":99,"id":991,"length":50.491,"mcpPosition":[73.3768,179.876,12.3348],"pipPosition":[57.6544,186.638,-20.341],"stabilizedTipPosition":[37.8154,186.822,-44.8605],"timeVisible":1.30098,"tipPosition":[41.2213,186.203,-46.7039],"tipVelocity":[-15.2736,-12.3003,-0.221834],"tool":false,"touchDistance":0.230413,"touchZone":"hovering","type":1,"width":15.4618},{"bases":[[[0.65397,-0.586975,-0.477267],[0.618961,0.777882,-0.108568],[0.434985,-0.22441,0.872026]],[[0.677113,-0.59853,-0.428113],[0.494449,0.800921,-0.337707],[0.545012,0.0169858,0.838256]],[[0.677113,-0.59853,-0.428113],[0.23012,0.724815,-0.649376],[0.698973,0.341183,0.628515]],[[0.677113,-0.59853,-0.428113],[-0.0125365,0.572303,-0.819946],[0.735772,0.560563,0.380011]]],"btipPosition":[36.7253,154.563,-52.2693],"carpPosition":[113.643,159.523,54.8698],"dipPosition":[48.5966,163.608,-46.138],"direction":[-0.698973,-0.341183,-0.628515],"extended":true,"handId":99,"id":992,"length":57.5304,"mcpPosition":[88.2167,172.641,3.89747],"pipPosition":[65.6619,171.938,-30.7929],"stabilizedTipPosition":[38.922,157.752,-50.7572],"timeVisible":1.30098,"tipPosition":[41.619,161.199,-53.737],"tipVelocity":[-11.6795,-13.7408,-1.15948],"tool":false,"touchDistance":0.312272,"touchZone":"hovering","type":2,"width":15.1855},{"bases":[[[0.66232,-0.67056,-0.334188],[0.677653,0.726408,-0.114536],[0.31956,-0.150605,0.935521]],[[0.641966,-0.660322,-0.389685],[-0.191276,0.354247,-0.915381],[0.742491,0.662181,0.101111]],[[0.641966,-0.660322,-0.389685],[-0.766337,-0.568924,-0.298418],[-0.0246493,0.490204,-0.871259]],[[0.641966,-0.660322,-0.389685],[-0.574707,-0.750833,0.325518],[-0.507535,0.0149831,-0.861501]]],"btipPosition":[83.9832,124.855,30.867],"carpPosition":[120.509,154.252,49.3003],"dipPosition":[75.8415,125.095,17.047],"direction":[0.0246493,-0.490204,0.871259],"extended":false,"handId":99,"id":993,"length":55.3171,"mcpPosition":[103.738,162.156,0.203358],"pipPosition":[75.2552,136.754,-3.67537],"stabilizedTipPosition":[79.4921,126.853,25.5233],"timeVisible":1.30098,"tipPosition":[75.5725,124.386,19.3595],"tipVelocity":[-8.02885,-9.90443,0.261943],"tool":false,"touchDistance":0.333333,"touchZone":"none","type":3,"width":14.45},{"bases":[[[0.573721,-0.794228,-0.200117],[0.797971,0.59709,-0.0820157],[0.184627,-0.112633,0.976333]],[[0.543031,-0.77132,-0.331939],[-0.0846633,0.342995,-0.935514],[0.835434,0.536116,0.120954]],[[0.543031,-0.77132,-0.331939],[-0.836361,-0.461526,-0.295795],[0.0749543,0.438246,-0.895724]],[[0.543031,-0.77132,-0.331939],[-0.697199,-0.634464,0.333719],[-0.468007,0.0502076,-0.882297]]],"btipPosition":[96.3738,124.873,22.835],"carpPosition":[125.038,143.779,45.8393],"dipPosition":[89.4477,125.616,9.77775],"direction":[-0.0749543,-0.438246,0.895724],"extended":false,"handId":99,"id":994,"length":43.3675,"mcpPosition":[116.069,149.251,-1.59196],"pipPosition":[90.7064,132.975,-5.26398],"stabilizedTipPosition":[92.2212,126.639,18.6857],"timeVisible":1.30098,"tipPosition":[88.1637,124.814,10.3514],"tipVelocity":[-8.0279,-10.5035,-0.145748],"tool":false,"touchDistance":0.333333,"touchZone":"none","type":4,"width":12.8356}],"r":[[0.831114,0.366204,-0.418503],[-0.423049,0.904813,-0.0484007],[0.360942,0.217274,0.906925]],"s":1.23458,"t":[-81.6048,34.0762,102.76],"timestamp":7911082771},{"currentFrameRate":112.712,"devices":[],"gestures":[],"hands":[{"armBasis":[[0.558458,-0.241912,-0.793475],[0.60585,0.772326,0.190941],[0.566631,-0.58736,0.577874]],"armWidth":51.6826,"confidence":1,"direction":[-0.332342,0.334257,-0.881942],"elbow":[253.375,4.78187,202.498],"grabAngle":2.0524,"grabStrength":0,"id":99,"palmNormal":[-0.572337,-0.814716,-0.093104],"palmPosition":[94.9441,161.417,20.9178],"palmVelocity":[-8.40957,-3.5113,-3.14101],"palmWidth":76.2329,"pinchDistance":64.4969,"pinchStrength":0,"r":[[0.83106,0.365994,-0.418794],[-0.422955,0.904849,-0.0485476],[0.361177,0.217477,0.906783]],"s":1.23439,"sphereCenter":[70.615,123.737,-6.46664],"sphereRadius":54.5325,"stabilizedPalmPosition":[92.3,163.634,23.4884],"t":[-81.6704,34.0224,102.731],"timeVisible":1.30952,"type":"right","wrist":[125.197,137.649,71.7773]}],"id":128980,"interactionBox":{"center":[0,200,0],"size":[235.247,235.247,147.751]},"pointables":[{"bases":[[[0.748721,0.603262,-0.274757],[-0.217657,0.615236,0.757701],[0.626132,-0.507504,0.591944]],[[0.439755,0.754868,-0.486612],[-0.274302,0.628811,0.727568],[0.855204,-0.186473,0.483584]],[[0.439755,0.754868,-0.486612],[-0.377744,0.647016,0.662329],[0.814816,-0.107447,0.569675]],[[0.439755,0.754868,-0.486612],[-0.339884,0.641392,0.687819],[0.831321,-0.13708,0.538623]]],"btipPosition":[18.3846,162.903,23.2032],"carpPosition":[94.7081,149.204,70.9271],"dipPosition":[35.0891,160.148,34.0262],"direction":[-0.814816,0.107447,-0.569675],"extended":true,"handId":99,"id":990,"length":44.7461,"mcpPosition":[94.7081,149.204,70.9271],"pipPosition":[58.9419,157.003,50.7028],"stabilizedTipPosition":[19.3086,166.236,32.0165],"timeVisible":1.30952,"tipPosition":[20.8857,163.585,28.7994],"tipVelocity":[-5.26862,-20.3073,-7.05751],"tool":false,"touchDistance":0.196824,"touchZone":"hovering","type":0,"width":16.187},{"bases":[[[0.683209,-0.410977,-0.603592],[0.498734,0.866383,-0.0253878],[0.533376,-0.283687,0.796889]],[[0.762802,-0.45264,-0.46179],[0.485327,0.872682,-0.0537083],[0.427306,-0.18315,0.885362]],[[0.762802,-0.45264,-0.46179],[0.390042,0.89168,-0.229725],[0.515751,-0.00488306,0.856724]],[[0.762802,-0.45264,-0.46179],[0.299983,0.88036,-0.367392],[0.572837,0.141718,0.807325]]],"btipPosition":[38.4261,184.61,-49.9751],"carpPosition":[106.17,162.346,61.4234],"dipPosition":[46.8293,186.689,-38.1322],"direction":[-0.515751,0.00488306,-0.856725],"extended":true,"handId":99,"id":991,"length":50.491,"mcpPosition":[73.2942,179.832,12.3049],"pipPosition":[57.5323,186.588,-20.3532],"stabilizedTipPosition":[37.8506,186.798,-44.8935],"timeVisible":1.30952,"tipPosition":[41.1003,186.096,-46.723],"tipVelocity":[-18.5929,-8.0734,1.39729],"tool":false,"touchDistance":0.230612,"touchZone":"hovering","type":1,"width":15.4618},{"bases":[[[0.653889,-0.587161,-0.477149],[0.618648,0.777991,-0.109565],[0.43555,-0.223544,0.871966]],[[0.676902,-0.59859,-0.428361],[0.49425,0.800872,-0.338114],[0.545454,0.0171528,0.837965]],[[0.676902,-0.59859,-0.428361],[0.229515,0.724584,-0.649847],[0.699376,0.341568,0.627858]],[[0.676902,-0.59859,-0.428361],[-0.013592,0.571691,-0.820356],[0.735947,0.561124,0.378843]]],"btipPosition":[36.6093,154.492,-52.2546],"carpPosition":[113.591,159.528,54.834],"dipPosition":[48.4834,163.545,-46.1422],"direction":[-0.699376,-0.341568,-0.627858],"extended":true,"handId":99,"id":992,"length":57.5304,"mcpPosition":[88.1316,172.594,3.86519],"pipPosition":[65.5586,171.884,-30.8131],"stabilizedTipPosition":[38.932,157.723,-50.7594],"timeVisible":1.30952,"tipPosition":[41.4996,161.079,-53.726],"tipVelocity":[-13.5117,-8.15457,1.20976],"tool":false,"touchDistance":0.312444,"touchZone":"hovering","type":2,"width":15.1855},{"bases":[[[0.662348,-0.670624,-0.334005],[0.677353,0.726531,-0.115523],[0.320137,-0.149723,0.935465]],[[0.641959,-0.660439,-0.389498],[-0.191716,0.353595,-0.915541],[0.742384,0.662413,0.100377]],[[0.641959,-0.660439,-0.389498],[-0.76632,-0.569445,-0.297466],[-0.0253392,0.489441,-0.871668]],[[0.641959,-0.660439,-0.389498],[-0.574207,-0.750749,0.326592],[-0.50811,0.0139936,-0.861179]]],"btipPosition":[83.9292,124.835,30.8674],"carpPosition":[120.455,154.254,49.265],"dipPosition":[75.7783,125.06,17.0526],"direction":[0.0253392,-0.489441,0.871668],"extended":false,"handId":99,"id":993,"length":55.3171,"mcpPosition":[103.654,162.112,0.17103],"pipPosition":[75.1756,136.701,-3.67953],"stabilizedTipPosition":[79.5022,126.845,25.5318],"timeVisible":1.30952,"tipPosition":[75.5165,124.349,19.3805],"tipVelocity":[-6.57294,-2.69117,0.1848],"tool":false,"touchDistance":0.333333,"touchZone":"none","type":3,"width":14.45},{"bases":[[[0.573864,-0.794209,-0.19978],[0.797731,0.597279,-0.0829635],[0.185215,-0.111761,0.976322]],[[0.543082,-0.771412,-0.331642],[-0.0850416,0.342401,-0.935697],[0.835362,0.536363,0.12035]],[[0.543082,-0.771412,-0.331642],[-0.836393,-0.46206,-0.294869],[0.0742272,0.437521,-0.896139]],[[0.543082,-0.771412,-0.331642],[-0.696763,-0.634424,0.334706],[-0.468598,0.0493031,-0.882035]]],"btipPosition":[96.3164,124.849,22.8279],"carpPosition":[124.986,143.78,45.8102],"dipPosition":[89.3815,125.579,9.7745],"direction":[-0.0742271,-0.437521,0.896139],"extended":false,"handId":99,"id":994,"length":43.3675,"mcpPosition":[115.989,149.209,-1.62053],"pipPosition":[90.628,132.926,-5.27419],"stabilizedTipPosition":[92.2306,126.633,18.6899],"timeVisible":1.30952,"tipPosition":[88.1024,124.774,10.3657],"tipVelocity":[-6.96786,-3.15761,-0.730022],"tool":false,"touchDistance":0.333333,"touchZone":"none","type":4,"width":12.8356}],"r":[[0.83106,0.365994,-0.418794],[-0.422955,0.904849,-0.0485476],[0.361177,0.217477,0.906783]],"s":1.23439,"t":[-81.6704,34.0224,102.731],"timestamp":7911091309},{"currentFrameRate":112.814,"devices":[],"gestures":[],"hands":[{"armBasis":[[0.55837,-0.241872,-0.79355],[0.605431,0.772773,0.190463],[0.567166,-0.586788,0.57793]],"armWidth":51.6826,"confidence":1,"direction":[-0.333447,0.333039,-0.881985],"elbow":[253.466,4.92876,202.491],"grabAngle":2.05266,"grabStrength":0,"id":99,"palmNormal":[-0.571546,-0.815416,-0.0918217],"palmPosition":[94.8509,161.358,20.9004],"palmVelocity":[-10.7355,-6.77536,-2.00511],"palmWidth":76.2329,"pinchDistance":64.4589,"pinchStrength":0,"r":[[0.830867,0.365921,-0.41924],[-0.423081,0.904778,-0.0487701],[0.361473,0.217894,0.906565]],"s":1.23411,"sphereCenter":[70.5839,123.611,-6.44593],"sphereRadius":54.5305,"stabilizedPalmPosition":[92.3122,163.623,23.4761],"t":[-81.7499,33.9661,102.708],"timeVisible":1.31821,"type":"right","wrist":[125.167,137.666,71.7571]}],"id":128981,"interactionBox":{"center":[0,200,0],"size":[235.247,235.247,147.751]},"pointables":[{"bases":[[[0.747843,0.603791,-0.275982],[-0.217671,0.615744,0.757284],[0.627176,-0.506256,0.591908]],[[0.43813,0.754965,-0.487924],[-0.275764,0.629506,0.726413],[0.855568,-0.183712,0.483998]],[[0.43813,0.754965,-0.487924],[-0.379464,0.647394,0.660975],[0.814892,-0.104444,0.570125]],[[0.43813,0.754965,-0.487924],[-0.341744,0.641932,0.686393],[0.831416,-0.133984,0.539255]]],"btipPosition":[18.3275,162.627,23.1547],"carpPosition":[94.6703,149.194,70.9218],"dipPosition":[35.0339,159.935,33.9904],"direction":[-0.814892,0.104444,-0.570125],"extended":true,"handId":99,"id":990,"length":44.7461,"mcpPosition":[94.6703,149.194,70.9218],"pipPosition":[58.8889,156.877,50.6801],"stabilizedTipPosition":[19.3169,166.224,31.998],"timeVisible":1.31821,"tipPosition":[20.8115,163.439,28.8089],"tipVelocity":[-6.52254,-30.1073,-5.2492],"tool":false,"touchDistance":0.196064,"touchZone":"hovering","type":0,"width":16.187},{"bases":[[[0.683135,-0.410838,-0.60377],[0.497787,0.86689,-0.0266579],[0.534354,-0.282338,0.796712]],[[0.762549,-0.452102,-0.462733],[0.484371,0.87314,-0.0548728],[0.428839,-0.182291,0.884798]],[[0.762549,-0.452102,-0.462733],[0.388607,0.891959,-0.231071],[0.517207,-0.00361802,0.855853]],[[0.762549,-0.452102,-0.462733],[0.298383,0.88044,-0.3685],[0.574009,0.142927,0.806279]]],"btipPosition":[38.202,184.444,-49.9379],"carpPosition":[106.11,162.339,61.3955],"dipPosition":[46.6223,186.541,-38.1103],"direction":[-0.517207,0.00361802,-0.855853],"extended":true,"handId":99,"id":991,"length":50.491,"mcpPosition":[73.174,179.741,12.2879],"pipPosition":[57.3555,186.466,-20.3494],"stabilizedTipPosition":[37.8839,186.771,-44.9274],"timeVisible":1.31821,"tipPosition":[40.9204,185.91,-46.7205],"tipVelocity":[-25.3497,-18.6485,3.88106],"tool":false,"touchDistance":0.231174,"touchZone":"hovering","type":1,"width":15.4618},{"bases":[[[0.654111,-0.586929,-0.47713],[0.617724,0.778543,-0.110851],[0.436528,-0.222226,0.871814]],[[0.677014,-0.598208,-0.428718],[0.493263,0.801139,-0.338922],[0.546209,0.0179845,0.837456]],[[0.677014,-0.598208,-0.428718],[0.228202,0.724438,-0.650472],[0.699697,0.342544,0.626967]],[[0.677014,-0.598208,-0.428718],[-0.0155515,0.570763,-0.820968],[0.735806,0.562474,0.377111]]],"btipPosition":[36.4528,154.329,-52.2064],"carpPosition":[113.528,159.522,54.8026],"dipPosition":[48.3246,163.404,-46.1219],"direction":[-0.699697,-0.342544,-0.626967],"extended":true,"handId":99,"id":992,"length":57.5304,"mcpPosition":[88.012,172.511,3.84266],"pipPosition":[65.4077,171.767,-30.8146],"stabilizedTipPosition":[38.9381,157.692,-50.7606],"timeVisible":1.31821,"tipPosition":[41.3388,160.88,-53.6914],"tipVelocity":[-18.071,-18.1709,4.81152],"tool":false,"touchDistance":0.313141,"touchZone":"hovering","type":2,"width":15.1855},{"bases":[[[0.66278,-0.670243,-0.333912],[0.676479,0.72714,-0.116808],[0.321091,-0.148467,0.935339]],[[0.642333,-0.660134,-0.389398],[-0.192724,0.352625,-0.915703],[0.741799,0.663233,0.0992794]],[[0.642333,-0.660134,-0.389398],[-0.765961,-0.570603,-0.296169],[-0.0266801,0.488503,-0.872154]],[[0.642333,-0.660134,-0.389398],[-0.572987,-0.751045,0.32805],[-0.509013,0.0124022,-0.86067]]],"btipPosition":[83.8864,124.782,30.8874],"carpPosition":[120.394,154.25,49.2329],"dipPosition":[75.721,124.981,17.0808],"direction":[0.0266801,-0.488503,0.872154],"extended":false,"handId":99,"id":993,"length":55.3171,"mcpPosition":[103.543,162.042,0.145552],"pipPosition":[75.0864,136.6,-3.66291],"stabilizedTipPosition":[79.5126,126.837,25.5409],"timeVisible":1.31821,"tipPosition":[75.466,124.269,19.4214],"tipVelocity":[-5.3097,-6.83015,2.52054],"tool":false,"touchDistance":0.333333,"touchZone":"none","type":3,"width":14.45},{"bases":[[[0.574542,-0.793791,-0.199492],[0.797022,0.598048,-0.0842247],[0.186162,-0.110609,0.976273]],[[0.543615,-0.771148,-0.331381],[-0.0859865,0.34157,-0.935915],[0.834919,0.537271,0.119374]],[[0.543615,-0.771148,-0.331381],[-0.836159,-0.463252,-0.293658],[0.0729413,0.436725,-0.896633]],[[0.543615,-0.771148,-0.331381],[-0.695781,-0.634848,0.335942],[-0.469438,0.0479455,-0.881663]]],"btipPosition":[96.2645,124.797,22.837],"carpPosition":[124.933,143.777,45.7844],"dipPosition":[89.3172,125.506,9.78907],"direction":[-0.0729413,-0.436725,0.896633],"extended":false,"handId":99,"id":994,"length":43.3675,"mcpPosition":[115.889,149.151,-1.64388],"pipPosition":[90.5421,132.84,-5.26793],"stabilizedTipPosition":[92.2405,126.626,18.6946],"timeVisible":1.31821,"tipPosition":[88.0431,124.697,10.3953],"tipVelocity":[-6.30089,-6.57748,1.1885],"tool":false,"touchDistance":0.333333,"touchZone":"none","type":4,"width":12.8356}],"r":[[0.830867,0.365921,-0.41924],[-0.423081,0.904778,-0.0487701],[0.361473,0.217894,0.906565]],"s":1.23411,"t":[-81.7499,33.9661,102.708],"timestamp":7911099995},{"currentFrameRate":112.754,"devices":[],"gestures":[],"hands":[{"armBasis":[[0.558694,-0.241172,-0.793535],[0.60443,0.773558,0.190453],[0.567913,-0.586041,0.577954]],"armWidth":51.6826,"confidence":1,"direction":[-0.334552,0.332042,-0.881943],"elbow":[253.578,5.07785,202.464],"grabAngle":2.0531,"grabStrength":0,"id":99,"palmNormal":[-0.57019,-0.816447,-0.0910911],"palmPosition":[94.728,161.267,20.8742],"palmVelocity":[-13.6961,-10.2264,-2.92069],"palmWidth":76.2329,"pinchDistance":64.4073,"pinchStrength":0,"r":[[0.830535,0.366111,-0.419731],[-0.423501,0.90457,-0.0489831],[0.361743,0.218439,0.906326]],"s":1.23379,"sphereCenter":[70.5501,123.457,-6.45244],"sphereRadius":54.5231,"stabilizedPalmPosition":[92.3248,163.611,23.4626],"t":[-81.8511,33.892,102.684],"timeVisible":1.32718,"type":"right","wrist":[125.11,137.647,71.7245]}],"id":128982,"interactionBox":{"center":[0,200,0],"size":[235.247,235.247,147.751]},"pointables":[{"bases":[[[0.746632,0.604952,-0.276718],[-0.218281,0.615727,0.757122],[0.628406,-0.504889,0.591771]],[[0.436291,0.755551,-0.488664],[-0.277873,0.629666,0.72547],[0.855825,-0.18073,0.484665]],[[0.436291,0.755551,-0.488664],[-0.381668,0.647195,0.6599],[0.814849,-0.101401,0.570735]],[[0.436291,0.755551,-0.488664],[-0.344102,0.641896,0.685247],[0.831411,-0.130817,0.54004]]],"btipPosition":[18.2463,162.281,23.0728],"carpPosition":[94.5984,149.126,70.9015],"dipPosition":[34.9525,159.653,33.9243],"direction":[-0.814849,0.101401,-0.570735],"extended":true,"handId":99,"id":990,"length":44.7461,"mcpPosition":[94.5984,149.126,70.9015],"pipPosition":[58.8063,156.684,50.6319],"stabilizedTipPosition":[19.3274,166.207,31.9737],"timeVisible":1.32718,"tipPosition":[20.7041,163.208,28.7929],"tipVelocity":[-9.05873,-36.8913,-8.71831],"tool":false,"touchDistance":0.19476,"touchZone":"hovering","type":0,"width":16.187},{"bases":[[[0.683482,-0.409943,-0.603986],[0.496271,0.867736,-0.0273686],[0.53532,-0.281034,0.796525]],[[0.762649,-0.450799,-0.463838],[0.482843,0.873948,-0.0554832],[0.430382,-0.181647,0.884181]],[[0.762649,-0.450799,-0.463838],[0.386908,0.89262,-0.231368],[0.518332,-0.00301001,0.855174]],[[0.762649,-0.450799,-0.463838],[0.296657,0.881027,-0.368493],[0.57477,0.14343,0.805647]]],"btipPosition":[37.9507,184.267,-49.9137],"carpPosition":[106.01,162.286,61.362],"dipPosition":[46.3822,186.371,-38.0953],"direction":[-0.518332,0.00301001,-0.855174],"extended":true,"handId":99,"id":991,"length":50.491,"mcpPosition":[73.0142,179.608,12.2659],"pipPosition":[57.1388,186.308,-20.3486],"stabilizedTipPosition":[37.9153,186.739,-44.9629],"timeVisible":1.32718,"tipPosition":[40.7108,185.688,-46.7281],"tipVelocity":[-27.7165,-19.5516,2.46002],"tool":false,"touchDistance":0.231542,"touchZone":"hovering","type":1,"width":15.4618},{"bases":[[[0.654839,-0.586024,-0.477245],[0.616309,0.779558,-0.111591],[0.437435,-0.221056,0.871656]],[[0.677678,-0.597187,-0.429092],[0.491545,0.80187,-0.339689],[0.546934,0.019282,0.836954]],[[0.677678,-0.597187,-0.429092],[0.226543,0.724679,-0.650783],[0.699593,0.343813,0.626388]],[[0.677678,-0.597187,-0.429092],[-0.0182225,0.569696,-0.821653],[0.735133,0.564635,0.375188]]],"btipPosition":[36.2838,154.097,-52.1679],"carpPosition":[113.429,159.478,54.766],"dipPosition":[48.1447,163.208,-46.1144],"direction":[-0.699593,-0.343813,-0.626388],"extended":true,"handId":99,"id":992,"length":57.5304,"mcpPosition":[87.8596,172.4,3.81527],"pipPosition":[65.2253,171.602,-30.8212],"stabilizedTipPosition":[38.94,157.654,-50.7609],"timeVisible":1.32718,"tipPosition":[41.1683,160.652,-53.6802],"tipVelocity":[-19.1156,-24.8799,3.50202],"tool":false,"touchDistance":0.313664,"touchZone":"hovering","type":2,"width":15.1855},{"bases":[[[0.663738,-0.669255,-0.333992],[0.67515,0.728253,-0.11756],[0.321908,-0.147466,0.935216]],[[0.64324,-0.659208,-0.38947],[-0.19395,0.351795,-0.915764],[0.740692,0.664594,0.0984355]],[[0.64324,-0.659208,-0.38947],[-0.765137,-0.572302,-0.295019],[-0.0284159,0.487766,-0.872512]],[[0.64324,-0.659208,-0.38947],[-0.571158,-0.751886,0.329312],[-0.509922,0.0106226,-0.860155]]],"btipPosition":[83.8482,124.689,30.8883],"carpPosition":[120.3,154.216,49.1947],"dipPosition":[75.6681,124.86,17.0899],"direction":[0.0284159,-0.487766,0.872512],"extended":false,"handId":99,"id":993,"length":55.3171,"mcpPosition":[103.406,161.955,0.1138],"pipPosition":[74.9923,136.461,-3.66229],"stabilizedTipPosition":[79.5239,126.827,25.5509],"timeVisible":1.32718,"tipPosition":[75.4144,124.143,19.4347],"tipVelocity":[-4.63518,-11.068,0.308396],"tool":false,"touchDistance":0.333333,"touchZone":"none","type":3,"width":14.45},{"bases":[[[0.575795,-0.792891,-0.19946],[0.795936,0.599385,-0.0849875],[0.186939,-0.109822,0.976213]],[[0.544748,-0.770364,-0.331345],[-0.0871188,0.340992,-0.936021],[0.834062,0.538762,0.118641]],[[0.544748,-0.770364,-0.331345],[-0.835557,-0.464979,-0.292641],[0.071372,0.436273,-0.896979]],[[0.544748,-0.770364,-0.331345],[-0.694371,-0.635902,0.336866],[-0.470212,0.046569,-0.881324]]],"btipPosition":[96.2129,124.713,22.827],"carpPosition":[124.855,143.749,45.7485],"dipPosition":[89.2542,125.402,9.78407],"direction":[-0.071372,-0.436273,0.896979],"extended":false,"handId":99,"id":994,"length":43.3675,"mcpPosition":[115.774,149.085,-1.67693],"pipPosition":[90.4527,132.729,-5.27873],"stabilizedTipPosition":[92.2512,126.618,18.6997],"timeVisible":1.32718,"tipPosition":[87.9808,124.589,10.3955],"tipVelocity":[-6.03777,-9.81458,-0.986613],"tool":false,"touchDistance":0.333333,"touchZone":"none","type":4,"width":12.8356}],"r":[[0.830535,0.366111,-0.419731],[-0.423501,0.90457,-0.0489831],[0.361743,0.218439,0.906326]],"s":1.23379,"t":[-81.8511,33.892,102.684],"timestamp":7911108969},{"currentFrameRate":112.848,"devices":[],"gestures":[],"hands":[{"armBasis":[[0.559243,-0.239918,-0.793528],[0.603107,0.774484,0.190883],[0.568779,-0.585332,0.577821]],"armWidth":51.6826,"confidence":1,"direction":[-0.335928,0.330756,-0.881903],"elbow":[253.68,5.23837,202.427],"grabAngle":2.05409,"grabStrength":0,"id":99,"palmNormal":[-0.568307,-0.817851,-0.0902586],"palmPosition":[94.553,161.175,20.8754],"palmVelocity":[-20.1214,-10.5042,0.134168],"palmWidth":76.2329,"pinchDistance":64.3387,"pinchStrength":0,"r":[[0.830039,0.36661,-0.420275],[-0.424274,0.904197,-0.0491968],[0.361975,0.219147,0.906062]],"s":1.2334,"sphereCenter":[70.4766,123.288,-6.41304],"sphereRadius":54.507,"stabilizedPalmPosition":[92.3369,163.597,23.4485],"t":[-81.9892,33.8093,102.672],"timeVisible":1.33588,"type":"right","wrist":[125.017,137.647,71.7179]}],"id":128983,"interactionBox":{"center":[0,200,0],"size":[235.247,235.247,147.751]},"pointables":[{"bases":[[[0.745007,0.606573,-0.277552],[-0.21924,0.615626,0.756927],[0.629999,-0.503065,0.591631]],[[0.433928,0.756375,-0.489492],[-0.280537,0.629733,0.724386],[0.856157,-0.177011,0.48545]],[[0.433928,0.756375,-0.489492],[-0.384363,0.646801,0.658721],[0.814845,-0.0976953,0.571388]],[[0.433928,0.756375,-0.489492],[-0.346945,0.641695,0.684001],[0.831466,-0.12698,0.54087]]],"btipPosition":[18.1186,161.876,23.0121],"carpPosition":[94.4857,149.062,70.9094],"dipPosition":[34.826,159.325,33.8803],"direction":[-0.814845,0.0976953,-0.571388],"extended":true,"handId":99,"id":990,"length":44.7461,"mcpPosition":[94.4857,149.062,70.9094],"pipPosition":[58.6796,156.465,50.607],"stabilizedTipPosition":[19.3399,166.183,31.9431],"timeVisible":1.33588,"tipPosition":[20.5461,162.926,28.8049],"tipVelocity":[-14.6478,-44.5239,-6.53407],"tool":false,"touchDistance":0.193813,"touchZone":"hovering","type":0,"width":16.187},{"bases":[[[0.684053,-0.408651,-0.604215],[0.494187,0.868899,-0.02818],[0.536517,-0.279318,0.796323]],[[0.762904,-0.448989,-0.465174],[0.48059,0.875124,-0.056488],[0.432447,-0.180463,0.883415]],[[0.762904,-0.448989,-0.465174],[0.384235,0.893536,-0.232286],[0.519943,-0.00152407,0.854199]],[[0.762904,-0.448989,-0.465174],[0.293798,0.881697,-0.369179],[0.575899,0.144981,0.804562]]],"btipPosition":[37.6002,184.022,-49.8438],"carpPosition":[105.86,162.244,61.3551],"dipPosition":[46.0483,186.149,-38.0414],"direction":[-0.519943,0.00152407,-0.854199],"extended":true,"handId":99,"id":991,"length":50.491,"mcpPosition":[72.7899,179.46,12.2715],"pipPosition":[56.8383,186.117,-20.3148],"stabilizedTipPosition":[37.9421,186.702,-44.9985],"timeVisible":1.33588,"tipPosition":[40.4279,185.426,-46.7067],"tipVelocity":[-39.8585,-27.5787,7.61552],"tool":false,"touchDistance":0.232646,"touchZone":"hovering","type":1,"width":15.4618},{"bases":[[[0.655912,-0.58473,-0.477357],[0.614379,0.780959,-0.112434],[0.43854,-0.219531,0.871486]],[[0.678607,-0.595718,-0.429666],[0.48896,0.802912,-0.340956],[0.548097,0.0212862,0.836144]],[[0.678607,-0.595718,-0.429666],[0.223794,0.724858,-0.651535],[0.699577,0.345979,0.625212]],[[0.678607,-0.595718,-0.429666],[-0.0218122,0.568374,-0.822481],[0.734177,0.567514,0.372709]]],"btipPosition":[36.0386,153.798,-52.066],"carpPosition":[113.281,159.45,54.7557],"dipPosition":[47.8842,162.955,-46.0526],"direction":[-0.699577,-0.345979,-0.625212],"extended":true,"handId":99,"id":992,"length":57.5304,"mcpPosition":[87.6467,172.283,3.81487],"pipPosition":[64.9643,171.402,-30.7881],"stabilizedTipPosition":[38.9356,157.61,-50.759],"timeVisible":1.33588,"tipPosition":[40.9353,160.372,-53.6293],"tipVelocity":[-28.5966,-33.2042,10.6516],"tool":false,"touchDistance":0.315208,"touchZone":"hovering","type":2,"width":15.1855},{"bases":[[[0.665105,-0.667859,-0.334065],[0.673337,0.729791,-0.118413],[0.322881,-0.146181,0.935082]],[[0.644547,-0.657892,-0.389535],[-0.195648,0.350599,-0.915862],[0.739108,0.666527,0.0972621]],[[0.644547,-0.657892,-0.389535],[-0.763942,-0.574735,-0.293381],[-0.0308664,0.48668,-0.873035]],[[0.644547,-0.657892,-0.389535],[-0.568588,-0.753069,0.331051],[-0.511142,0.00810729,-0.859458]]],"btipPosition":[83.7963,124.599,30.9295],"carpPosition":[120.161,154.201,49.1827],"dipPosition":[75.5967,124.729,17.1423],"direction":[0.0308664,-0.48668,0.873035],"extended":false,"handId":99,"id":993,"length":55.3171,"mcpPosition":[103.216,161.873,0.108799],"pipPosition":[74.8626,136.304,-3.62228],"stabilizedTipPosition":[79.5347,126.817,25.5609],"timeVisible":1.33588,"tipPosition":[75.3424,124.007,19.4889],"tipVelocity":[-6.48247,-11.4398,5.04128],"tool":false,"touchDistance":0.333333,"touchZone":"none","type":3,"width":14.45},{"bases":[[[0.577546,-0.79163,-0.199406],[0.794451,0.601229,-0.0858506],[0.18785,-0.108836,0.976149]],[[0.546364,-0.769255,-0.33126],[-0.088705,0.34014,-0.936182],[0.832837,0.540881,0.117603]],[[0.546364,-0.769255,-0.33126],[-0.834692,-0.467471,-0.291136],[0.0691035,0.435566,-0.8975]],[[0.546364,-0.769255,-0.33126],[-0.692311,-0.63739,0.338289],[-0.471372,0.0445055,-0.880811]]],"btipPosition":[96.1443,124.637,22.8535],"carpPosition":[124.739,143.744,45.7392],"dipPosition":[89.1684,125.296,9.8182],"direction":[-0.0691035,-0.435566,0.8975],"extended":false,"handId":99,"id":994,"length":43.3675,"mcpPosition":[115.613,149.031,-1.68307],"pipPosition":[90.3288,132.61,-5.25335],"stabilizedTipPosition":[92.2615,126.61,18.7049],"timeVisible":1.33588,"tipPosition":[87.895,124.476,10.4342],"tipVelocity":[-8.34716,-9.51122,3.25149],"tool":false,"touchDistance":0.333333,"touchZone":"none","type":4,"width":12.8356}],"r":[[0.830039,0.36661,-0.420275],[-0.424274,0.904197,-0.0491968],[0.361975,0.219147,0.906062]],"s":1.2334,"t":[-81.9892,33.8093,102.672],"timestamp":7911117666},{"currentFrameRate"