{"frames":67,"data":[{"currentFrameRate":114.663,"devices":[],"gestures":[],"hands":[{"armBasis":[[0.785708,0.180811,-0.591583],[0.255743,0.77583,0.576787],[0.563257,-0.60448,0.563334]],"armWidth":51.6826,"confidence":1,"direction":[-0.280799,0.691544,-0.665521],"elbow":[221.121,25.8226,236.796],"grabAngle":3.14159,"grabStrength":0.921818,"id":97,"palmNormal":[-0.279358,-0.722287,-0.632661],"palmPosition":[66.3941,203.161,68.2357],"palmVelocity":[-5.90806,-5.74955,-0.495452],"palmWidth":76.2329,"pinchDistance":3.62906,"pinchStrength":1,"r":[[0.909036,0.404994,-0.098149],[-0.380587,0.902793,0.200294],[0.169726,-0.14472,0.974807]],"s":0.994259,"sphereCenter":[51.3573,186.825,40.1507],"sphereRadius":31.268,"stabilizedPalmPosition":[67.065,206.496,74.8033],"t":[-118.163,47.9727,170.201],"timeVisible":13.3984,"type":"right","wrist":[93.7058,162.562,109.364]}],"id":126642,"interactionBox":{"center":[0,200,0],"size":[235.247,235.247,147.751]},"pointables":[{"bases":[[[0.564558,0.777649,0.276653],[-0.504451,0.0597855,0.861368],[0.653302,-0.62585,0.426038]],[[0.270562,0.958303,0.0919381],[-0.792921,0.167668,0.585802],[0.545961,-0.231395,0.805223]],[[0.270562,0.958303,0.0919381],[-0.850854,0.193357,0.488528],[0.450381,-0.210403,0.867691]],[[0.270562,0.958303,0.0919381],[-0.93353,0.237832,0.26825],[0.235199,-0.158405,0.958952]]],"btipPosition":[21.576,185.134,25.4023],"carpPosition":[62.3195,166.114,103.748],"dipPosition":[26.3021,181.951,44.6714],"direction":[-0.450381,0.210403,-0.867691],"extended":false,"handId":97,"id":970,"length":44.7461,"mcpPosition":[62.3195,166.114,103.748],"pipPosition":[39.4865,175.792,70.072],"stabilizedTipPosition":[25.151,187.094,29.3922],"timeVisible":13.3984,"tipPosition":[27.0268,184.416,28.0204],"tipVelocity":[-10.7099,-4.78101,1.9015],"tool":false,"touchDistance":-0.0802001,"touchZone":"touching","type":0,"width":16.187},{"bases":[[[0.858029,0.107961,-0.502127],[0.212336,0.815629,0.538203],[0.467654,-0.568413,0.676909]],[[0.810847,0.160326,-0.56287],[-0.278977,0.951333,-0.130909],[0.514488,0.263175,0.816113]],[[0.810847,0.160326,-0.56287],[-0.58099,0.336437,-0.741121],[0.0705493,0.927958,0.365947]],[[0.810847,0.160326,-0.56287],[-0.540926,-0.161879,-0.825345],[-0.223441,0.9737,-0.0445351]]],"btipPosition":[24.5939,175.878,26.702],"carpPosition":[70.5832,184.091,105.47],"dipPosition":[21.3162,190.162,26.0487],"direction":[-0.0705493,-0.927958,-0.365947],"extended":false,"handId":97,"id":971,"length":50.491,"mcpPosition":[41.758,219.127,63.7466],"pipPosition":[22.7803,209.419,33.6429],"stabilizedTipPosition":[24.7712,181.706,26.5544],"timeVisible":13.3984,"tipPosition":[22.5495,179.973,24.4668],"tipVelocity":[-3.61745,-8.4551,2.63384],"tool":false,"touchDistance":-0.070683,"touchZone":"touching","type":1,"width":15.4618},{"bases":[[[0.864468,-0.110464,-0.490401],[0.364554,0.809462,0.460295],[0.346116,-0.576688,0.740024]],[[0.883666,-0.144845,-0.445144],[-0.256722,0.64522,-0.719573],[0.391443,0.750141,0.532974]],[[0.883666,-0.144845,-0.445144],[-0.430712,-0.624051,-0.651957],[-0.18336,0.767842,-0.613839]],[[0.883666,-0.144845,-0.445144],[-0.23167,-0.961625,-0.14699],[-0.406771,0.233017,-0.883312]]],"btipPosition":[54.0206,166.795,64.7046],"carpPosition":[79.4117,186.636,100.779],"dipPosition":[47.4576,170.555,50.4528],"direction":[0.18336,-0.767842,0.613839],"extended":false,"handId":97,"id":972,"length":57.5304,"mcpPosition":[59.1803,220.346,57.5226],"pipPosition":[42.9809,189.302,35.466],"stabilizedTipPosition":[53.3941,170.118,64.0413],"timeVisible":13.3984,"tipPosition":[52.1906,167.634,60.5514],"tipVelocity":[-5.67753,-6.7328,2.05453],"tool":false,"touchDistance":0.333333,"touchZone":"none","type":2,"width":15.1855},{"bases":[[[0.876021,-0.254828,-0.40945],[0.436233,0.780705,0.447438],[0.20564,-0.57058,0.795079]],[[0.886776,-0.288584,-0.361037],[-0.1215,0.608109,-0.7845],[0.445944,0.739542,0.504194]],[[0.886776,-0.288584,-0.361037],[-0.457287,-0.661379,-0.594531],[-0.0672104,0.692313,-0.718461]],[[0.886776,-0.288584,-0.361037],[-0.315986,-0.948595,-0.01789],[-0.337315,0.129947,-0.93238]]],"btipPosition":[67.4134,169.536,66.5721],"carpPosition":[88.3028,186.512,95.5948],"dipPosition":[62.0023,171.621,51.6152],"direction":[0.0672104,-0.692313,0.718461],"extended":false,"handId":97,"id":973,"length":55.3171,"mcpPosition":[77.5106,216.457,53.8684],"pipPosition":[60.4037,188.087,34.527],"stabilizedTipPosition":[67.1111,172.093,66.1263],"timeVisible":13.3984,"tipPosition":[66.0065,169.583,61.7059],"tipVelocity":[-6.90752,-6.63895,-0.40083],"tool":false,"touchDistance":0.333333,"touchZone":"none","type":3,"width":14.45},{"bases":[[[0.809733,-0.444623,-0.38294],[0.583618,0.678069,0.44678],[0.0610112,-0.585263,0.808545]],[[0.805713,-0.552034,-0.214674],[0.142104,0.532013,-0.834727],[0.575006,0.642044,0.507096]],[[0.805713,-0.552034,-0.214674],[-0.555658,-0.578961,-0.596697],[0.205109,0.600052,-0.773219]],[[0.805713,-0.552034,-0.214674],[-0.56319,-0.826255,0.0109519],[-0.183421,0.112078,-0.976624]]],"btipPosition":[75.0955,177.757,61.7578],"carpPosition":[96.2458,180.551,88.9948],"dipPosition":[72.381,179.416,47.3046],"direction":[-0.205109,-0.600052,0.773219],"extended":false,"handId":97,"id":974,"length":43.3675,"mcpPosition":[93.2818,208.984,49.7149],"pipPosition":[75.8254,189.492,34.3201],"stabilizedTipPosition":[75.434,180.383,61.4067],"timeVisible":13.3984,"tipPosition":[75.3699,177.118,56.9663],"tipVelocity":[-6.93044,-6.78291,-0.427867],"tool":false,"touchDistance":0.333333,"touchZone":"none","type":4,"width":12.8356}],"r":[[0.909036,0.404994,-0.098149],[-0.380587,0.902793,0.200294],[0.169726,-0.14472,0.974807]],"s":0.994259,"t":[-118.163,47.9727,170.201],"timestamp":7890452006},{"currentFrameRate":114.786,"devices":[],"gestures":[],"hands":[{"armBasis":[[0.785399,0.180679,-0.592033],[0.255935,0.776075,0.576373],[0.563601,-0.604205,0.563286]],"armWidth":51.6826,"confidence":1,"direction":[-0.280218,0.69204,-0.66525],"elbow":[221.128,25.8282,236.783],"grabAngle":3.14159,"grabStrength":0.92212,"id":97,"palmNormal":[-0.279832,-0.721806,-0.633001],"palmPosition":[66.3494,203.135,68.2458],"palmVelocity":[-5.25598,-3.07778,1.18901],"palmWidth":76.2329,"pinchDistance":3.63373,"pinchStrength":1,"r":[[0.908905,0.405339,-0.0979361],[-0.380995,0.902665,0.200097],[0.16951,-0.144556,0.974869]],"s":0.99421,"sphereCenter":[51.2967,186.822,40.1536],"sphereRadius":31.269,"stabilizedPalmPosition":[67.0616,206.48,74.7725],"t":[-118.214,47.9328,170.203],"timeVisible":13.4069,"type":"right","wrist":[93.6351,162.506,109.361]}],"id":126643,"interactionBox":{"center":[0,200,0],"size":[235.247,235.247,147.751]},"pointables":[{"bases":[[[0.565109,0.777109,0.277045],[-0.504493,0.059789,0.861343],[0.652793,-0.62652,0.425833]],[[0.271075,0.958126,0.0922627],[-0.792804,0.167883,0.585898],[0.545875,-0.231969,0.805115]],[[0.271075,0.958126,0.0922627],[-0.850423,0.193493,0.489225],[0.450887,-0.211079,0.867264]],[[0.271075,0.958126,0.0922627],[-0.933114,0.238047,0.269502],[0.236254,-0.159147,0.95857]]],"btipPosition":[21.4678,185.154,25.4207],"carpPosition":[62.2437,166.076,103.742],"dipPosition":[26.215,181.956,44.6821],"direction":[-0.450887,0.211079,-0.867264],"extended":false,"handId":97,"id":970,"length":44.7461,"mcpPosition":[62.2437,166.076,103.742],"pipPosition":[39.4142,175.777,70.0702],"stabilizedTipPosition":[25.1166,187.059,29.3983],"timeVisible":13.4069,"tipPosition":[26.9568,184.437,28.0249],"tipVelocity":[-12.1575,1.97652,1.95347],"tool":false,"touchDistance":-0.0799232,"touchZone":"touching","type":0,"width":16.187},{"bases":[[[0.858159,0.107539,-0.501995],[0.212889,0.815239,0.538576],[0.467164,-0.569053,0.67671]],[[0.810963,0.160027,-0.562789],[-0.278526,0.95148,-0.130799],[0.514551,0.262824,0.816187]],[[0.810963,0.160027,-0.562789],[-0.580793,0.33664,-0.741184],[0.0708483,0.927936,0.365945]],[[0.810963,0.160027,-0.562789],[-0.540838,-0.161962,-0.825386],[-0.223234,0.973735,-0.0447964]]],"btipPosition":[24.55,175.885,26.7177],"carpPosition":[70.5206,184.046,105.472],"dipPosition":[21.2753,190.169,26.0606],"direction":[-0.0708483,-0.927936,-0.365945],"extended":false,"handId":97,"id":971,"length":50.491,"mcpPosition":[41.7257,219.121,63.7612],"pipPosition":[22.7456,209.426,33.6548],"stabilizedTipPosition":[24.7569,181.669,26.5546],"timeVisible":13.4069,"tipPosition":[22.4945,179.997,24.4666],"tipVelocity":[-5.08284,0.836008,1.74279],"tool":false,"touchDistance":-0.0704361,"touchZone":"touching","type":1,"width":15.4618},{"bases":[[[0.864434,-0.110895,-0.490363],[0.36511,0.808992,0.460681],[0.345612,-0.577265,0.739809]],[[0.883603,-0.145311,-0.445119],[-0.256192,0.64568,-0.719349],[0.391933,0.749655,0.533297]],[[0.883603,-0.145311,-0.445119],[-0.431208,-0.623039,-0.652597],[-0.182497,0.768575,-0.613178]],[[0.883603,-0.145311,-0.445119],[-0.232588,-0.961264,-0.147901],[-0.406385,0.234215,-0.883173]]],"btipPosition":[53.9422,166.762,64.6896],"carpPosition":[79.3515,186.587,100.783],"dipPosition":[47.3854,170.541,50.4401],"direction":[0.182497,-0.768575,0.613178],"extended":false,"handId":97,"id":972,"length":57.5304,"mcpPosition":[59.1495,220.329,57.5394],"pipPosition":[42.9297,189.306,35.4694],"stabilizedTipPosition":[53.3904,170.108,64.0311],"timeVisible":13.4069,"tipPosition":[52.1206,167.621,60.5459],"tipVelocity":[-9.05527,-3.39538,-1.69759],"tool":false,"touchDistance":0.333333,"touchZone":"none","type":2,"width":15.1855},{"bases":[[[0.875872,-0.255303,-0.409473],[0.436769,0.780187,0.447818],[0.205136,-0.571076,0.794853]],[[0.886597,-0.289088,-0.361073],[-0.120969,0.608538,-0.78425],[0.446444,0.738992,0.504558]],[[0.886597,-0.289088,-0.361073],[-0.457745,-0.66052,-0.595133],[-0.0664504,0.692923,-0.717943]],[[0.886597,-0.289088,-0.361073],[-0.316856,-0.948288,-0.0187915],[-0.336969,0.131069,-0.932348]]],"btipPosition":[67.3373,169.497,66.5623],"carpPosition":[88.243,186.458,95.5999],"dipPosition":[61.9317,171.599,51.6059],"direction":[0.0664504,-0.692923,0.717943],"extended":false,"handId":97,"id":973,"length":55.3171,"mcpPosition":[77.4773,216.428,53.8854],"pipPosition":[60.3512,188.08,34.53],"stabilizedTipPosition":[67.1071,172.085,66.1147],"timeVisible":13.4069,"tipPosition":[65.9376,169.561,61.7028],"tipVelocity":[-8.80813,-4.17733,-1.13963],"tool":false,"touchDistance":0.333333,"touchZone":"none","type":3,"width":14.45},{"bases":[[[0.80944,-0.44506,-0.383051],[0.584078,0.677442,0.447131],[0.060495,-0.585657,0.808298]],[[0.805324,-0.55254,-0.214832],[0.142584,0.532267,-0.834483],[0.575433,0.641397,0.507431]],[[0.805324,-0.55254,-0.214832],[-0.555924,-0.577984,-0.597397],[0.205917,0.600528,-0.772635]],[[0.805324,-0.55254,-0.214832],[-0.563936,-0.82576,0.00983985],[-0.182836,0.113227,-0.976602]]],"btipPosition":[75.0218,177.714,61.7528],"carpPosition":[96.1822,180.494,88.9981],"dipPosition":[72.316,179.389,47.2999],"direction":[-0.205917,-0.600528,0.772635],"extended":false,"handId":97,"id":974,"length":43.3675,"mcpPosition":[93.2433,208.946,49.7302],"pipPosition":[75.7739,189.474,34.3252],"stabilizedTipPosition":[75.4303,180.374,61.396],"timeVisible":13.4069,"tipPosition":[75.3061,177.091,56.9676],"tipVelocity":[-8.432,-4.66096,-0.578825],"tool":false,"touchDistance":0.333333,"touchZone":"none","type":4,"width":12.8356}],"r":[[0.908905,0.405339,-0.0979361],[-0.380995,0.902665,0.200097],[0.16951,-0.144556,0.974869]],"s":0.99421,"t":[-118.214,47.9328,170.203],"timestamp":7890460508},{"currentFrameRate":114.832,"devices":[],"gestures":[],"hands":[{"armBasis":[[0.785569,0.181191,-0.591652],[0.255551,0.775811,0.576898],[0.563539,-0.604389,0.56315]],"armWidth":51.6826,"confidence":1,"direction":[-0.280503,0.691999,-0.665173],"elbow":[221.093,25.7736,236.753],"grabAngle":3.14159,"grabStrength":0.921216,"id":97,"palmNormal":[-0.279323,-0.721852,-0.633173],"palmPosition":[66.3159,203.117,68.251],"palmVelocity":[-3.88116,-2.03161,0.608165],"palmWidth":76.2329,"pinchDistance":3.64549,"pinchStrength":1,"r":[[0.908758,0.40572,-0.0977224],[-0.381429,0.902512,0.199959],[0.169323,-0.14444,0.974919]],"s":0.994186,"sphereCenter":[51.2832,186.797,40.1499],"sphereRadius":31.2714,"stabilizedPalmPosition":[67.0581,206.464,74.7416],"t":[-118.257,47.904,170.207],"timeVisible":13.4155,"type":"right","wrist":[93.615,162.493,109.362]}],"id":126644,"interactionBox":{"center":[0,200,0],"size":[235.247,235.247,147.751]},"pointables":[{"bases":[[[0.564625,0.777379,0.277272],[-0.504664,0.0593515,0.861273],[0.65308,-0.626226,0.425827]],[[0.270447,0.958287,0.0924321],[-0.792915,0.16726,0.585926],[0.546026,-0.231753,0.805076]],[[0.270447,0.958287,0.0924321],[-0.850298,0.192732,0.489743],[0.4515,-0.211045,0.866953]],[[0.270447,0.958287,0.0924321],[-0.933024,0.237223,0.27054],[0.237328,-0.159408,0.958261]]],"btipPosition":[21.4038,185.123,25.4357],"carpPosition":[62.2255,166.05,103.74],"dipPosition":[26.1726,181.92,44.6909],"direction":[-0.4515,0.211045,-0.866953],"extended":false,"handId":97,"id":970,"length":44.7461,"mcpPosition":[62.2255,166.05,103.74],"pipPosition":[39.3897,175.742,70.0699],"stabilizedTipPosition":[25.0819,187.023,29.4045],"timeVisible":13.4155,"tipPosition":[26.9267,184.404,28.0262],"tipVelocity":[-6.84067,-3.71981,1.5727],"tool":false,"touchDistance":-0.079697,"touchZone":"touching","type":0,"width":16.187},{"bases":[[[0.858178,0.108113,-0.501838],[0.212341,0.815264,0.538754],[0.467377,-0.568908,0.676685]],[[0.810901,0.160647,-0.562701],[-0.2795,0.951134,-0.131242],[0.51412,0.263699,0.816176]],[[0.810901,0.160647,-0.562701],[-0.580967,0.33623,-0.741233],[0.07012,0.927977,0.36598]],[[0.810901,0.160647,-0.562701],[-0.540585,-0.162549,-0.825437],[-0.22407,0.973535,-0.0449678]]],"btipPosition":[24.5515,175.824,26.724],"carpPosition":[70.492,184.024,105.475],"dipPosition":[21.2645,190.106,26.0644],"direction":[-0.07012,-0.927977,-0.36598],"extended":false,"handId":97,"id":971,"length":50.491,"mcpPosition":[41.6839,219.09,63.7653],"pipPosition":[22.7197,209.363,33.6593],"stabilizedTipPosition":[24.7427,181.631,26.5549],"timeVisible":13.4155,"tipPosition":[22.4839,179.96,24.4653],"tipVelocity":[-0.157764,-7.12936,0.66458],"tool":false,"touchDistance":-0.0703405,"touchZone":"touching","type":1,"width":15.4618},{"bases":[[[0.864575,-0.110319,-0.490244],[0.364579,0.809117,0.460882],[0.345821,-0.5772,0.739762]],[[0.883756,-0.144732,-0.445003],[-0.256616,0.645329,-0.719513],[0.39131,0.750069,0.533173]],[[0.883756,-0.144732,-0.445003],[-0.430788,-0.623015,-0.652897],[-0.182748,0.768704,-0.612942]],[[0.883756,-0.144732,-0.445003],[-0.232088,-0.96133,-0.148254],[-0.406338,0.2343,-0.883172]]],"btipPosition":[53.9318,166.721,64.6962],"carpPosition":[79.3221,186.571,100.788],"dipPosition":[47.3758,170.501,50.4467],"direction":[0.182748,-0.768704,0.612942],"extended":false,"handId":97,"id":972,"length":57.5304,"mcpPosition":[59.108,220.31,57.5465],"pipPosition":[42.914,189.269,35.4817],"stabilizedTipPosition":[53.3865,170.098,64.0206],"timeVisible":13.4155,"tipPosition":[52.1089,167.597,60.5437],"tipVelocity":[-1.17765,-4.7583,0.755543],"tool":false,"touchDistance":0.333333,"touchZone":"none","type":2,"width":15.1855},{"bases":[[[0.876082,-0.254735,-0.409378],[0.436256,0.780355,0.448026],[0.205332,-0.571101,0.794785]],[[0.886818,-0.288523,-0.360983],[-0.121188,0.608608,-0.784162],[0.445945,0.739155,0.504759]],[[0.886818,-0.288523,-0.360983],[-0.457296,-0.660459,-0.595545],[-0.0665859,0.693216,-0.717647]],[[0.886818,-0.288523,-0.360983],[-0.316449,-0.948412,-0.0193763],[-0.33677,0.131416,-0.932371]]],"btipPosition":[67.3177,169.469,66.5573],"carpPosition":[88.2146,186.448,95.6057],"dipPosition":[61.9153,171.577,51.6005],"direction":[0.066586,-0.693216,0.717647],"extended":false,"handId":97,"id":973,"length":55.3171,"mcpPosition":[77.4386,216.42,53.8947],"pipPosition":[60.3316,188.065,34.5316],"stabilizedTipPosition":[67.103,172.077,66.1028],"timeVisible":13.4155,"tipPosition":[65.9243,169.545,61.7031],"tipVelocity":[-2.18134,-3.04008,-0.593521],"tool":false,"touchDistance":0.333333,"touchZone":"none","type":3,"width":14.45},{"bases":[[[0.809753,-0.444534,-0.383],[0.583623,0.677693,0.447344],[0.060697,-0.585766,0.808204]],[[0.805671,-0.552047,-0.2148],[0.142416,0.532495,-0.834366],[0.574989,0.641633,0.507636]],[[0.805671,-0.552047,-0.2148],[-0.555416,-0.577943,-0.597908],[0.205931,0.601021,-0.772248]],[[0.805671,-0.552047,-0.2148],[-0.563581,-0.826011,0.00901345],[-0.182403,0.113796,-0.976616]]],"btipPosition":[74.9948,177.691,61.7509],"carpPosition":[96.1582,180.49,89.0041],"dipPosition":[72.2954,179.375,47.2978],"direction":[-0.205931,-0.601021,0.772248],"extended":false,"handId":97,"id":974,"length":43.3675,"mcpPosition":[93.2095,208.947,49.7408],"pipPosition":[75.7535,189.468,34.3296],"stabilizedTipPosition":[75.4263,180.366,61.3848],"timeVisible":13.4155,"tipPosition":[75.2883,177.082,56.971],"tipVelocity":[-2.95676,-2.42864,-0.229824],"tool":false,"touchDistance":0.333333,"touchZone":"none","type":4,"width":12.8356}],"r":[[0.908758,0.40572,-0.0977224],[-0.381429,0.902512,0.199959],[0.169323,-0.14444,0.974919]],"s":0.994186,"t":[-118.257,47.904,170.207],"timestamp":7890469138},{"currentFrameRate":114.86,"devices":[],"gestures":[],"hands":[{"armBasis":[[0.78573,0.181434,-0.591363],[0.255356,0.775614,0.577249],[0.563402,-0.60457,0.563093]],"armWidth":51.6826,"confidence":1,"direction":[-0.280746,0.692034,-0.665034],"elbow":[221.042,25.709,236.73],"grabAngle":3.14159,"grabStrength":0.920381,"id":97,"palmNormal":[-0.279065,-0.721823,-0.63332],"palmPosition":[66.2845,203.094,68.2486],"palmVelocity":[-3.62672,-2.67854,-0.282003],"palmWidth":76.2329,"pinchDistance":3.6419,"pinchStrength":1,"r":[[0.908611,0.406094,-0.0975345],[-0.381841,0.902354,0.199885],[0.169183,-0.144375,0.974953]],"s":0.994121,"sphereCenter":[51.2482,186.773,40.1492],"sphereRadius":31.2701,"stabilizedPalmPosition":[67.0544,206.448,74.7107],"t":[-118.294,47.8781,170.208],"timeVisible":13.4242,"type":"right","wrist":[93.5943,162.469,109.352]}],"id":126645,"interactionBox":{"center":[0,200,0],"size":[235.247,235.247,147.751]},"pointables":[{"bases":[[[0.564349,0.777523,0.277431],[-0.504688,0.0589989,0.861283],[0.6533,-0.62608,0.425703]],[[0.269882,0.958441,0.092489],[-0.793078,0.166785,0.585841],[0.546068,-0.231459,0.805131]],[[0.269882,0.958441,0.092489],[-0.850138,0.192074,0.490278],[0.452138,-0.210946,0.866645]],[[0.269882,0.958441,0.092489],[-0.932884,0.236469,0.271681],[0.238519,-0.159603,0.957933]]],"btipPosition":[21.341,185.08,25.439],"carpPosition":[62.2071,166.018,103.73],"dipPosition":[26.1338,181.873,44.6876],"direction":[-0.452138,0.210946,-0.866645],"extended":false,"handId":97,"id":970,"length":44.7461,"mcpPosition":[62.2071,166.018,103.73],"pipPosition":[39.3696,175.698,70.0576],"stabilizedTipPosition":[25.0469,186.988,29.4106],"timeVisible":13.4242,"tipPosition":[26.8913,184.375,28.0243],"tipVelocity":[-6.6174,-5.07849,0.213006],"tool":false,"touchDistance":-0.0796663,"touchZone":"touching","type":0,"width":16.187},{"bases":[[[0.858141,0.108519,-0.501814],[0.212051,0.81523,0.538919],[0.467576,-0.568879,0.676571]],[[0.810682,0.161215,-0.562854],[-0.280454,0.950802,-0.131607],[0.513946,0.264546,0.816012]],[[0.810682,0.161215,-0.562854],[-0.581344,0.335812,-0.741127],[0.0695325,0.92803,0.365958]],[[0.810682,0.161215,-0.562854],[-0.540597,-0.163059,-0.825328],[-0.224834,0.973356,-0.0450367]]],"btipPosition":[24.5443,175.764,26.7322],"carpPosition":[70.4672,183.995,105.468],"dipPosition":[21.2461,190.042,26.0716],"direction":[-0.0695325,-0.92803,-0.365958],"extended":false,"handId":97,"id":971,"length":50.491,"mcpPosition":[41.6468,219.059,63.766],"pipPosition":[22.689,209.301,33.666],"stabilizedTipPosition":[24.7287,181.593,26.5553],"timeVisible":13.4242,"tipPosition":[22.4641,179.928,24.4633],"tipVelocity":[-1.13218,-7.08358,0.923585],"tool":false,"touchDistance":-0.0702072,"touchZone":"touching","type":1,"width":15.4618},{"bases":[[[0.864616,-0.109914,-0.490264],[0.364291,0.809153,0.461047],[0.346022,-0.577227,0.739647]],[[0.883809,-0.144329,-0.445029],[-0.256962,0.645152,-0.719548],[0.390963,0.750299,0.533104]],[[0.883809,-0.144329,-0.445029],[-0.430672,-0.622584,-0.653384],[-0.182765,0.769128,-0.612404]],[[0.883809,-0.144329,-0.445029],[-0.232011,-0.96123,-0.149023],[-0.406267,0.23496,-0.883029]]],"btipPosition":[53.908,166.667,64.6846],"carpPosition":[79.2965,186.546,100.782],"dipPosition":[47.3531,170.457,50.4374],"direction":[0.182765,-0.769128,0.612404],"extended":false,"handId":97,"id":972,"length":57.5304,"mcpPosition":[59.0705,220.286,57.5475],"pipPosition":[42.8909,189.236,35.4856],"stabilizedTipPosition":[53.3825,170.088,64.01],"timeVisible":13.4242,"tipPosition":[52.0906,167.57,60.5355],"tipVelocity":[-2.72242,-5.96511,-1.27643],"tool":false,"touchDistance":0.333333,"touchZone":"none","type":2,"width":15.1855},{"bases":[[[0.876174,-0.254343,-0.409426],[0.435978,0.780419,0.448185],[0.205532,-0.571188,0.79467]],[[0.886921,-0.288136,-0.361038],[-0.121401,0.608724,-0.784039],[0.445682,0.739211,0.50491]],[[0.886921,-0.288136,-0.361038],[-0.457094,-0.660157,-0.596035],[-0.0666027,0.693664,-0.717212]],[[0.886921,-0.288136,-0.361038],[-0.316318,-0.948439,-0.0201364],[-0.336621,0.132062,-0.932334]]],"btipPosition":[67.2897,169.43,66.5409],"carpPosition":[88.189,186.427,95.6],"dipPosition":[61.8898,171.548,51.5846],"direction":[0.0666027,-0.693664,0.717212],"extended":false,"handId":97,"id":973,"length":55.3171,"mcpPosition":[77.4025,216.403,53.895],"pipPosition":[60.3057,188.046,34.5261],"stabilizedTipPosition":[67.0989,172.068,66.091],"timeVisible":13.4242,"tipPosition":[65.905,169.523,61.6956],"tipVelocity":[-3.16506,-4.28982,-1.88301],"tool":false,"touchDistance":0.333333,"touchZone":"none","type":3,"width":14.45},{"bases":[[[0.809912,-0.44417,-0.383087],[0.583381,0.677809,0.447483],[0.0609017,-0.585907,0.808086]],[[0.805867,-0.551718,-0.214909],[0.14223,0.532714,-0.834258],[0.57476,0.641734,0.507768]],[[0.805867,-0.551718,-0.214909],[-0.555058,-0.577575,-0.598597],[0.206131,0.601676,-0.771684]],[[0.805867,-0.551718,-0.214909],[-0.563468,-0.8261,0.00788373],[-0.181886,0.114741,-0.976602]]],"btipPosition":[74.9573,177.653,61.7361],"carpPosition":[96.1347,180.473,88.9972],"dipPosition":[72.2656,179.351,47.2831],"direction":[-0.206131,-0.601676,0.771684],"extended":false,"handId":97,"id":974,"length":43.3675,"mcpPosition":[93.1761,208.937,49.7396],"pipPosition":[75.7271,189.455,34.3244],"stabilizedTipPosition":[75.4222,180.357,61.3735],"timeVisible":13.4242,"tipPosition":[75.2648,177.065,56.9654],"tipVelocity":[-4.12393,-4.01704,-1.70881],"tool":false,"touchDistance":0.333333,"touchZone":"none","type":4,"width":12.8356}],"r":[[0.908611,0.406094,-0.0975345],[-0.381841,0.902354,0.199885],[0.169183,-0.144375,0.974953]],"s":0.994121,"t":[-118.294,47.8781,170.208],"timestamp":7890477797},{"currentFrameRate":114.851,"devices":[],"gestures":[],"hands":[{"armBasis":[[0.786015,0.181924,-0.590834],[0.254921,0.775304,0.577857],[0.563202,-0.604821,0.563024]],"armWidth":51.6826,"confidence":1,"direction":[-0.281325,0.691661,-0.665177],"elbow":[220.98,25.6315,236.717],"grabAngle":3.14159,"grabStrength":0.920024,"id":97,"palmNormal":[-0.278366,-0.722188,-0.633212],"palmPosition":[66.2414,203.048,68.2449],"palmVelocity":[-4.94534,-5.23415,-0.415957],"palmWidth":76.2329,"pinchDistance":3.64717,"pinchStrength":1,"r":[[0.908422,0.406554,-0.0973857],[-0.382336,0.902166,0.199788],[0.169082,-0.144257,0.974988]],"s":0.994097,"sphereCenter":[51.2077,186.711,40.1563],"sphereRadius":31.2697,"stabilizedPalmPosition":[67.0505,206.432,74.6797],"t":[-118.334,47.8423,170.207],"timeVisible":13.4329,"type":"right","wrist":[93.5781,162.448,109.355]}],"id":126646,"interactionBox":{"center":[0,200,0],"size":[235.247,235.247,147.751]},"pointables":[{"bases":[[[0.563625,0.778083,0.277333],[-0.504803,0.0586951,0.861237],[0.653836,-0.625413,0.425861]],[[0.268897,0.958739,0.0922703],[-0.793312,0.16613,0.585711],[0.546215,-0.230695,0.805251]],[[0.268897,0.958739,0.0922703],[-0.850004,0.191158,0.490868],[0.452976,-0.210423,0.866334]],[[0.268897,0.958739,0.0922703],[-0.932819,0.235367,0.272858],[0.239882,-0.159442,0.957619]]],"btipPosition":[21.2708,184.987,25.4521],"carpPosition":[62.195,165.975,103.732],"dipPosition":[26.091,181.783,44.6944],"direction":[-0.452976,0.210423,-0.866334],"extended":false,"handId":97,"id":970,"length":44.7461,"mcpPosition":[62.195,165.975,103.732],"pipPosition":[39.3513,175.623,70.0553],"stabilizedTipPosition":[25.0109,186.951,29.4169],"timeVisible":13.4329,"tipPosition":[26.8552,184.286,28.0265],"tipVelocity":[-7.32319,-10.6389,1.33111],"tool":false,"touchDistance":-0.0794728,"touchZone":"touching","type":0,"width":16.187},{"bases":[[[0.858079,0.109206,-0.501772],[0.211274,0.815518,0.53879],[0.468043,-0.568335,0.676706]],[[0.810456,0.161971,-0.562962],[-0.281733,0.950347,-0.132164],[0.513603,0.265719,0.815847]],[[0.810456,0.161971,-0.562962],[-0.581791,0.334792,-0.741238],[0.0684164,0.928267,0.365567]],[[0.810456,0.161971,-0.562962],[-0.540364,-0.164384,-0.825218],[-0.226203,0.973007,-0.0457029]]],"btipPosition":[24.5429,175.652,26.748],"carpPosition":[70.4387,183.959,105.468],"dipPosition":[21.2247,189.925,26.0776],"direction":[-0.0684164,-0.928267,-0.365567],"extended":false,"handId":97,"id":971,"length":50.491,"mcpPosition":[41.5896,218.99,63.7578],"pipPosition":[22.6445,209.189,33.6639],"stabilizedTipPosition":[24.7145,181.554,26.5558],"timeVisible":13.4329,"tipPosition":[22.4478,179.833,24.4648],"tipVelocity":[-0.683051,-12.956,1.54666],"tool":false,"touchDistance":-0.0699824,"touchZone":"touching","type":1,"width":15.4618},{"bases":[[[0.86475,-0.109219,-0.490182],[0.363525,0.809564,0.460929],[0.346492,-0.576782,0.739774]],[[0.883971,-0.143608,-0.44494],[-0.257732,0.644335,-0.720005],[0.390089,0.751139,0.532561]],[[0.883971,-0.143608,-0.44494],[-0.430031,-0.623218,-0.653202],[-0.18349,0.76875,-0.612663]],[[0.883971,-0.143608,-0.44494],[-0.23104,-0.961518,-0.148672],[-0.406468,0.234221,-0.883133]]],"btipPosition":[53.9072,166.599,64.7078],"carpPosition":[79.266,186.517,100.782],"dipPosition":[47.349,170.378,50.459],"direction":[0.18349,-0.76875,0.612663],"extended":false,"handId":97,"id":972,"length":57.5304,"mcpPosition":[59.0126,220.232,57.5403],"pipPosition":[42.8691,189.147,35.5008],"stabilizedTipPosition":[53.3785,170.077,63.9995],"timeVisible":13.4329,"tipPosition":[52.0807,167.511,60.5387],"tipVelocity":[-0.180248,-8.07334,2.62224],"tool":false,"touchDistance":0.333333,"touchZone":"none","type":2,"width":15.1855},{"bases":[[[0.876433,-0.253622,-0.409318],[0.435239,0.780893,0.448077],[0.205992,-0.570861,0.794786]],[[0.887208,-0.287397,-0.360923],[-0.121895,0.608474,-0.784156],[0.444976,0.739704,0.504811]],[[0.887208,-0.287397,-0.360923],[-0.456471,-0.660489,-0.596144],[-0.067056,0.693655,-0.71718]],[[0.887208,-0.287397,-0.360923],[-0.315572,-0.948684,-0.0203064],[-0.336566,0.131913,-0.932374]]],"btipPosition":[67.2726,169.375,66.5393],"carpPosition":[88.159,186.406,95.6009],"dipPosition":[61.8735,171.491,51.5825],"direction":[0.067056,-0.693655,0.71718],"extended":false,"handId":97,"id":973,"length":55.3171,"mcpPosition":[77.3483,216.365,53.8898],"pipPosition":[60.2786,187.989,34.5248],"stabilizedTipPosition":[67.0946,172.059,66.0789],"timeVisible":13.4329,"tipPosition":[65.8928,169.476,61.6989],"tipVelocity":[-1.94649,-6.30413,-0.190316],"tool":false,"touchDistance":0.333333,"touchZone":"none","type":3,"width":14.45},{"bases":[[[0.810341,-0.443505,-0.38295],[0.582735,0.678417,0.447404],[0.0613742,-0.585708,0.808195]],[[0.806381,-0.551026,-0.214753],[0.141808,0.532695,-0.834342],[0.574143,0.642344,0.507695]],[[0.806381,-0.551026,-0.214753],[-0.554423,-0.577983,-0.598791],[0.205826,0.601918,-0.771577]],[[0.806381,-0.551026,-0.214753],[-0.562818,-0.826547,0.00746784],[-0.181619,0.114845,-0.97664]]],"btipPosition":[74.9302,177.604,61.7343],"carpPosition":[96.1106,180.458,88.9997],"dipPosition":[72.2423,179.304,47.2808],"direction":[-0.205826,-0.601918,0.771577],"extended":false,"handId":97,"id":974,"length":43.3675,"mcpPosition":[93.129,208.912,49.7368],"pipPosition":[75.6987,189.411,34.3239],"stabilizedTipPosition":[75.4179,180.348,61.362],"timeVisible":13.4329,"tipPosition":[75.2453,177.027,56.9681],"tipVelocity":[-3.01309,-5.54573,-0.217576],"tool":false,"touchDistance":0.333333,"touchZone":"none","type":4,"width":12.8356}],"r":[[0.908422,0.406554,-0.0973857],[-0.382336,0.902166,0.199788],[0.169082,-0.144257,0.974988]],"s":0.994097,"t":[-118.334,47.8423,170.207],"timestamp":7890486518},{"currentFrameRate":114.874,"devices":[],"gestures":[],"hands":[{"armBasis":[[0.786123,0.181963,-0.590677],[0.255042,0.775021,0.578183],[0.562995,-0.605171,0.562854]],"armWidth":51.6826,"confidence":1,"direction":[-0.281742,0.690845,-0.665849],"elbow":[220.917,25.5504,236.708],"grabAngle":3.14159,"grabStrength":0.919238,"id":97,"palmNormal":[-0.278041,-0.72297,-0.632462],"palmPosition":[66.2056,203.001,68.2434],"palmVelocity":[-4.12669,-5.41572,-0.181768],"palmWidth":76.2329,"pinchDistance":3.67337,"pinchStrength":1,"r":[[0.908226,0.406997,-0.0973636],[-0.382824,0.902015,0.199535],[0.169034,-0.14395,0.975042]],"s":0.994175,"sphereCenter":[51.1629,186.629,40.1787],"sphereRadius":31.273,"stabilizedPalmPosition":[67.0465,206.415,74.649],"t":[-118.372,47.8009,170.205],"timeVisible":13.4416,"type":"right","wrist":[93.5613,162.447,109.384]}],"id":126647,"interactionBox":{"center":[0,200,0],"size":[235.247,235.247,147.751]},"pointables":[{"bases":[[[0.563241,0.778656,0.276504],[-0.504762,0.0592975,0.86122],[0.654198,-0.624643,0.426435]],[[0.268374,0.958982,0.0912656],[-0.793352,0.16629,0.585611],[0.546414,-0.229568,0.805438]],[[0.268374,0.958982,0.0912656],[-0.849728,0.191033,0.491394],[0.453803,-0.209428,0.866142]],[[0.268374,0.958982,0.0912656],[-0.932626,0.234932,0.27389],[0.241214,-0.158622,0.957421]]],"btipPosition":[21.1981,184.881,25.4899],"carpPosition":[62.1816,165.962,103.768],"dipPosition":[26.045,181.693,44.7282],"direction":[-0.453803,0.209428,-0.866142],"extended":false,"handId":97,"id":970,"length":44.7461,"mcpPosition":[62.1816,165.962,103.768],"pipPosition":[39.3296,175.563,70.0835],"stabilizedTipPosition":[24.9748,186.913,29.4236],"timeVisible":13.4416,"tipPosition":[26.8136,184.178,28.0522],"tipVelocity":[-7.68071,-11.7987,4.25634],"tool":false,"touchDistance":-0.0788581,"touchZone":"touching","type":0,"width":16.187},{"bases":[[[0.85798,0.10915,-0.501953],[0.210893,0.816169,0.537952],[0.468396,-0.56741,0.677238]],[[0.810254,0.161899,-0.563273],[-0.282313,0.950054,-0.13303],[0.513602,0.266807,0.815491]],[[0.810254,0.161899,-0.563273],[-0.582095,0.334173,-0.741279],[0.0682183,0.928503,0.365006]],[[0.810254,0.161899,-0.563273],[-0.540497,-0.165186,-0.82497],[-0.226607,0.972883,-0.0463368]]],"btipPosition":[24.5085,175.544,26.7665],"carpPosition":[70.416,183.952,105.486],"dipPosition":[21.1843,189.816,26.0868],"direction":[-0.0682183,-0.928503,-0.365006],"extended":false,"handId":97,"id":971,"length":50.491,"mcpPosition":[41.5451,218.926,63.7422],"pipPosition":[22.6,209.084,33.6614],"stabilizedTipPosition":[24.7001,181.513,26.5566],"timeVisible":13.4416,"tipPosition":[22.4217,179.719,24.4922],"tipVelocity":[-4.12901,-12.461,1.88977],"tool":false,"touchDistance":-0.0697095,"touchZone":"touching","type":1,"width":15.4618},{"bases":[[[0.864766,-0.10926,-0.490144],[0.363141,0.810217,0.460084],[0.346855,-0.575856,0.740325]],[[0.884009,-0.143594,-0.44487],[-0.258291,0.643161,-0.720854],[0.389633,0.752147,0.531471]],[[0.884009,-0.143594,-0.44487],[-0.429777,-0.624027,-0.652596],[-0.183902,0.768096,-0.613359]],[[0.884009,-0.143594,-0.44487],[-0.230554,-0.961785,-0.147695],[-0.406661,0.23313,-0.883333]]],"btipPosition":[53.8936,166.529,64.7549],"carpPosition":[79.2416,186.51,100.796],"dipPosition":[47.3324,170.291,50.5028],"direction":[0.183902,-0.768096,0.613359],"extended":false,"handId":97,"id":972,"length":57.5304,"mcpPosition":[58.9669,220.17,57.5221],"pipPosition":[42.8424,189.044,35.5277],"stabilizedTipPosition":[53.3747,170.067,63.9899],"timeVisible":13.4416,"tipPosition":[52.0633,167.448,60.5751],"tipVelocity":[-1.64728,-8.50587,5.34847],"tool":false,"touchDistance":0.333333,"touchZone":"none","type":2,"width":15.1855},{"bases":[[[0.876531,-0.253576,-0.409136],[0.434868,0.781571,0.447255],[0.206356,-0.569953,0.795343]],[[0.887328,-0.287296,-0.360708],[-0.122279,0.607621,-0.784757],[0.444632,0.740444,0.504029]],[[0.887328,-0.287296,-0.360708],[-0.456195,-0.661128,-0.595648],[-0.0673469,0.693088,-0.7177]],[[0.887328,-0.287296,-0.360708],[-0.3152,-0.948821,-0.019665],[-0.336598,0.131145,-0.932471]]],"btipPosition":[67.2493,169.317,66.5674],"carpPosition":[88.1342,186.398,95.6142],"dipPosition":[61.8497,171.421,51.6089],"direction":[0.0673469,-0.693088,0.7177],"extended":false,"handId":97,"id":973,"length":55.3171,"mcpPosition":[77.3044,216.31,53.8739],"pipPosition":[60.2479,187.905,34.5388],"stabilizedTipPosition":[67.0903,172.051,66.0674],"timeVisible":13.4416,"tipPosition":[65.8741,169.423,61.7321],"tipVelocity":[-2.69824,-7.03657,3.19216],"tool":false,"touchDistance":0.333333,"touchZone":"none","type":3,"width":14.45},{"bases":[[[0.810541,-0.443466,-0.382572],[0.582418,0.679171,0.446673],[0.0617474,-0.584863,0.808778]],[[0.806651,-0.550821,-0.214266],[0.14146,0.531929,-0.83489],[0.573849,0.643155,0.507]],[[0.806651,-0.550821,-0.214266],[-0.554106,-0.578686,-0.598405],[0.205621,0.601431,-0.772011]],[[0.806651,-0.550821,-0.214266],[-0.562477,-0.826776,0.00785281],[-0.181476,0.114185,-0.976744]]],"btipPosition":[74.9,177.546,61.7545],"carpPosition":[96.0884,180.447,89.0184],"dipPosition":[72.2143,179.236,47.2995],"direction":[-0.205621,-0.601431,0.772011],"extended":false,"handId":97,"id":974,"length":43.3675,"mcpPosition":[93.0886,208.861,49.7271],"pipPosition":[75.6673,189.335,34.3352],"stabilizedTipPosition":[75.4135,180.338,61.3506],"timeVisible":13.4416,"tipPosition":[75.2216,176.974,56.993],"tipVelocity":[-3.42158,-6.97037,2.2895],"tool":false,"touchDistance":0.333333,"touchZone":"none","type":4,"width":12.8356}],"r":[[0.908226,0.406997,-0.0973636],[-0.382824,0.902015,0.199535],[0.169034,-0.14395,0.975042]],"s":0.994175,"t":[-118.372,47.8009,170.205],"timestamp":7890495184},{"currentFrameRate":114.833,"devices":[],"gestures":[],"hands":[{"armBasis":[[0.786045,0.181123,-0.59104],[0.256092,0.774796,0.578021],[0.562628,-0.605711,0.56264]],"armWidth":51.6826,"confidence":1,"direction":[-0.28202,0.690189,-0.666412],"elbow":[220.845,25.4491,236.733],"grabAngle":3.14159,"grabStrength":0.918992,"id":97,"palmNormal":[-0.278736,-0.723589,-0.631447],"palmPosition":[66.2054,202.993,68.2971],"palmVelocity":[-0.0276644,-0.922501,6.117],"palmWidth":76.2329,"pinchDistance":3.68055,"pinchStrength":1,"r":[[0.90808,0.407273,-0.0975717],[-0.383127,0.901963,0.199188],[0.16913,-0.143496,0.975092]],"s":0.994278,"sphereCenter":[51.1206,186.596,40.2713],"sphereRadius":31.2724,"stabilizedPalmPosition":[67.0436,206.404,74.6271],"t":[-118.391,47.7762,170.231],"timeVisible":13.4504,"type":"right","wrist":[93.5731,162.467,109.458]}],"id":126648,"interactionBox":{"center":[0,200,0],"size":[235.247,235.247,147.751]},"pointables":[{"bases":[[[0.563689,0.778788,0.275216],[-0.504104,0.0604176,0.861527],[0.654319,-0.624371,0.426647]],[[0.268824,0.958971,0.0900458],[-0.792936,0.167266,0.585897],[0.546796,-0.228904,0.805368]],[[0.268824,0.958971,0.0900458],[-0.849162,0.191839,0.492059],[0.454596,-0.208741,0.865892]],[[0.268824,0.958971,0.0900458],[-0.932174,0.235496,0.27494],[0.242454,-0.157849,0.957235]]],"btipPosition":[21.1485,184.85,25.6019],"carpPosition":[62.1961,165.995,103.866],"dipPosition":[26.0204,181.678,44.8365],"direction":[-0.454596,0.208741,-0.865892],"extended":false,"handId":97,"id":970,"length":44.7461,"mcpPosition":[62.1961,165.995,103.866],"pipPosition":[39.3281,175.568,70.1845],"stabilizedTipPosition":[24.9477,186.885,29.4296],"timeVisible":13.4504,"tipPosition":[26.7733,184.137,28.158],"tipVelocity":[-4.99456,-3.07473,12.6637],"tool":false,"touchDistance":-0.0770051,"touchZone":"touching","type":0,"width":16.187},{"bases":[[[0.857641,0.10832,-0.502711],[0.211547,0.816704,0.536883],[0.468721,-0.5668,0.677524]],[[0.809859,0.161044,-0.564086],[-0.28211,0.950005,-0.133804],[0.514336,0.267497,0.814803]],[[0.809859,0.161044,-0.564086],[-0.582565,0.333721,-0.741113],[0.0688953,0.928814,0.364085]],[[0.809859,0.161044,-0.564086],[-0.541141,-0.166157,-0.824353],[-0.226484,0.97286,-0.0474164]]],"btipPosition":[24.467,175.507,26.881],"carpPosition":[70.4375,183.984,105.558],"dipPosition":[21.1446,189.779,26.1855],"direction":[-0.0688953,-0.928814,-0.364085],"extended":false,"handId":97,"id":971,"length":50.491,"mcpPosition":[41.5465,218.921,63.7964],"pipPosition":[22.5743,209.053,33.7411],"stabilizedTipPosition":[24.6888,181.482,26.5585],"timeVisible":13.4504,"tipPosition":[22.3822,179.675,24.6052],"tipVelocity":[-4.68332,-4.22026,12.633],"tool":false,"touchDistance":-0.067861,"touchZone":"touching","type":1,"width":15.4618},{"bases":[[[0.864368,-0.110078,-0.490663],[0.363735,0.810617,0.458909],[0.347224,-0.575138,0.740711]],[[0.883634,-0.144367,-0.445364],[-0.258821,0.642059,-0.721645],[0.390132,0.752939,0.52998]],[[0.883634,-0.144367,-0.445364],[-0.430421,-0.624767,-0.651463],[-0.184199,0.767349,-0.614204]],[[0.883634,-0.144367,-0.445364],[-0.230859,-0.961937,-0.146222],[-0.407303,0.232023,-0.883329]]],"btipPosition":[53.8877,166.515,64.8771],"carpPosition":[79.2603,186.534,100.859],"dipPosition":[47.3161,170.258,50.625],"direction":[0.184199,-0.767349,0.614204],"extended":false,"handId":97,"id":972,"length":57.5304,"mcpPosition":[58.9641,220.153,57.562],"pipPosition":[42.8189,188.993,35.6293],"stabilizedTipPosition":[53.372,170.06,63.9834],"timeVisible":13.4504,"tipPosition":[52.0467,167.436,60.6804],"tipVelocity":[-0.943795,-2.12147,13.916],"tool":false,"touchDistance":0.333333,"touchZone":"none","type":2,"width":15.1855},{"bases":[[[0.876148,-0.254307,-0.409503],[0.435444,0.781934,0.446059],[0.206768,-0.569129,0.795826]],[[0.88697,-0.287977,-0.361045],[-0.122671,0.606783,-0.785345],[0.445237,0.740867,0.502872]],[[0.88697,-0.287977,-0.361045],[-0.456859,-0.661491,-0.594735],[-0.0675585,0.692458,-0.718288]],[[0.88697,-0.287977,-0.361045],[-0.315585,-0.948715,-0.018576],[-0.337179,0.130417,-0.932363]]],"btipPosition":[67.2337,169.3,66.6546],"carpPosition":[88.149,186.414,95.6702],"dipPosition":[61.8248,171.392,51.6979],"direction":[0.0675585,-0.692458,0.718288],"extended":false,"handId":97,"id":973,"length":55.3171,"mcpPosition":[77.2977,216.282,53.9045],"pipPosition":[60.2179,187.862,34.6139],"stabilizedTipPosition":[67.0872,172.044,66.0592],"timeVisible":13.4504,"tipPosition":[65.8587,169.408,61.8243],"tipVelocity":[-2.02173,-2.26741,9.98541],"tool":false,"touchDistance":0.333333,"touchZone":"none","type":3,"width":14.45},{"bases":[[[0.810118,-0.444147,-0.382677],[0.582961,0.679487,0.445481],[0.0621648,-0.583979,0.809385]],[[0.80632,-0.551312,-0.214249],[0.141006,0.530952,-0.835588],[0.574426,0.643541,0.505856]],[[0.80632,-0.551312,-0.214249],[-0.554677,-0.579023,-0.59755],[0.205381,0.600655,-0.772678]],[[0.80632,-0.551312,-0.214249],[-0.56278,-0.826558,0.00891876],[-0.182006,0.113384,-0.976738]]],"btipPosition":[74.8822,177.522,61.8276],"carpPosition":[96.0965,180.453,89.0751],"dipPosition":[72.1887,179.2,47.3727],"direction":[-0.205381,-0.600655,0.772678],"extended":false,"handId":97,"id":974,"length":43.3675,"mcpPosition":[93.0764,208.824,49.7544],"pipPosition":[75.6376,189.286,34.3972],"stabilizedTipPosition":[75.41,180.331,61.3421],"timeVisible":13.4504,"tipPosition":[75.2044,176.951,57.0698],"tipVelocity":[-2.2325,-3.04953,8.33001],"tool":false,"touchDistance":0.333333,"touchZone":"none","type":4,"width":12.8356}],"r":[[0.90808,0.407273,-0.0975717],[-0.383127,0.901963,0.199188],[0.16913,-0.143496,0.975092]],"s":0.994278,"t":[-118.391,47.7762,170.231],"timestamp":7890503963},{"currentFrameRate":114.87,"devices":[],"gestures":[],"hands":[{"armBasis":[[0.785657,0.178958,-0.592213],[0.2583