{"frames":116,"data":[{"currentFrameRate":112.726,"devices":[],"gestures":[],"hands":[{"armBasis":[[-0.161463,-0.969279,-0.185548],[0.659712,0.0338211,-0.750757],[0.733968,-0.243627,0.633984]],"armWidth":59.3592,"confidence":1,"direction":[-0.371399,0.248565,-0.894583],"elbow":[92.828,41.2631,276.193],"grabAngle":0.29052,"grabStrength":0,"id":54,"palmNormal":[-0.912091,0.082523,0.401597],"palmPosition":[-121.289,126.113,61.985],"palmVelocity":[0.939627,-19.4682,-2.60818],"palmWidth":83.5833,"pinchDistance":63.3456,"pinchStrength":0,"r":[[0.673312,0.677737,-0.295507],[-0.71035,0.482122,-0.512797],[-0.205071,0.555185,0.806049]],"s":1.00847,"sphereCenter":[-176.436,116.275,46.9794],"sphereRadius":65.4141,"stabilizedPalmPosition":[-120.144,129.137,60.0017],"t":[-296.638,5.87818,94.0141],"timeVisible":11.2208,"type":"right","wrist":[-89.2121,101.688,118.951]}],"id":66967,"interactionBox":{"center":[0,200,0],"size":[235.247,235.247,147.751]},"pointables":[{"bases":[[[0.673452,-0.413659,-0.612657],[0.692593,0.64279,0.327316],[0.258413,-0.644754,0.719385]],[[0.602607,-0.266201,-0.752331],[0.7257,0.574985,0.377825],[0.332002,-0.773647,0.539672]],[[0.602607,-0.266201,-0.752331],[0.434309,0.900287,0.0293226],[0.669508,-0.344414,0.658132]],[[0.602607,-0.266201,-0.752331],[0.0590663,0.955018,-0.290607],[0.795849,0.130684,0.591224]]],"btipPosition":[-157.453,175.535,56.9448],"carpPosition":[-103.796,132.008,115.324],"dipPosition":[-140.184,178.371,69.7734],"direction":[-0.669508,0.344414,-0.658132],"extended":false,"handId":54,"id":540,"length":48.3194,"mcpPosition":[-103.796,132.008,115.324],"pipPosition":[-119.02,167.483,90.578],"stabilizedTipPosition":[-151.269,180.997,59.7566],"timeVisible":11.2208,"tipPosition":[-149.766,178.339,59.3583],"tipVelocity":[-1.39828,-25.0008,-7.03764],"tool":false,"touchDistance":0.332437,"touchZone":"hovering","type":0,"width":18.9794},{"bases":[[[-0.23354,-0.909658,-0.343484],[0.852013,-0.0212239,-0.523089],[0.468542,-0.414816,0.779998]],[[-0.0884687,-0.990645,-0.103904],[0.902034,-0.035433,-0.430208],[0.422501,-0.131785,0.89673]],[[-0.0884687,-0.990645,-0.103904],[0.809735,-0.0107768,-0.586697],[0.580089,-0.136039,0.803113]],[[-0.0884687,-0.990645,-0.103904],[0.709566,0.0105309,-0.70456],[0.699063,-0.136058,0.701996]]],"btipPosition":[-164.918,164.306,-19.6844],"carpPosition":[-92.3507,125.819,97.8651],"dipPosition":[-153.844,162.15,-8.56416],"direction":[-0.580089,0.136039,-0.803113],"extended":true,"handId":54,"id":541,"length":54.5231,"mcpPosition":[-124.015,153.853,45.1521],"pipPosition":[-140.844,159.102,9.43317],"stabilizedTipPosition":[-160.998,167.492,-17.9257],"timeVisible":11.2208,"tipPosition":[-160.198,164.907,-18.0211],"tipVelocity":[-7.42888,-23.77,2.49834],"tool":false,"touchDistance":0.308471,"touchZone":"hovering","type":1,"width":18.1291},{"bases":[[[-0.309894,-0.940302,-0.140705],[0.810345,-0.183809,-0.556377],[0.4973,-0.286438,0.81893]],[[-0.265476,-0.961648,-0.0689594],[0.848313,-0.199002,-0.490677],[0.458135,-0.188762,0.868609]],[[-0.265476,-0.961648,-0.0689594],[0.764261,-0.166303,-0.623096],[0.587731,-0.21812,0.7791]],[[-0.265476,-0.961648,-0.0689594],[0.685797,-0.138082,-0.714574],[0.677647,-0.236994,0.696152]]],"btipPosition":[-173.532,152.505,-31.1893],"carpPosition":[-93.8851,115.832,92.7817],"dipPosition":[-161.725,148.375,-19.0603],"direction":[-0.587731,0.21812,-0.7791],"extended":true,"handId":54,"id":542,"length":62.1247,"mcpPosition":[-125.756,134.189,40.2974],"pipPosition":[-146.23,142.625,1.48037],"stabilizedTipPosition":[-168.615,154.783,-29.9179],"timeVisible":11.2208,"tipPosition":[-168.854,151.923,-29.4044],"tipVelocity":[-9.0225,-19.981,4.43336],"tool":false,"touchDistance":0.333363,"touchZone":"hovering","type":2,"width":17.8052},{"bases":[[[-0.293534,-0.955655,0.0236859],[0.801573,-0.259557,-0.538619],[0.520882,-0.139117,0.842216]],[[-0.332582,-0.942186,-0.0409152],[0.814519,-0.265108,-0.516021],[0.475341,-0.204945,0.855598]],[[-0.332582,-0.942186,-0.0409152],[0.704451,-0.219351,-0.675007],[0.627008,-0.253318,0.736676]],[[-0.332582,-0.942186,-0.0409152],[0.620166,-0.185815,-0.762146],[0.710481,-0.27885,0.646111]]],"btipPosition":[-175.144,133.168,-23.8935],"carpPosition":[-97.0696,105.336,90.1243],"dipPosition":[-162.836,128.337,-12.7011],"direction":[-0.627007,0.253318,-0.736676],"extended":true,"handId":54,"id":543,"length":59.7345,"mcpPosition":[-127.042,113.341,41.6623],"pipPosition":[-146.732,121.831,6.21956],"stabilizedTipPosition":[-170.348,135.491,-22.7754],"timeVisible":11.2208,"tipPosition":[-171.378,132.365,-21.5425],"tipVelocity":[-6.92596,-18.817,3.16269],"tool":false,"touchDistance":0.333355,"touchZone":"hovering","type":3,"width":16.9428},{"bases":[[[-0.359656,-0.909222,0.209672],[0.789009,-0.416301,-0.45184],[0.498109,0.00292587,0.867109]],[[-0.456244,-0.88956,0.0228938],[0.772348,-0.408642,-0.486303],[0.441951,-0.204191,0.87349]],[[-0.456244,-0.88956,0.0228938],[0.643983,-0.347827,-0.681397],[0.614107,-0.29614,0.731556]],[[-0.456244,-0.88956,0.0228938],[0.550166,-0.302207,-0.778452],[0.699399,-0.342569,0.627286]]],"btipPosition":[-167.763,112.216,-5.44925],"carpPosition":[-104.429,94.8335,92.6638],"dipPosition":[-156.586,106.742,4.57542],"direction":[-0.614107,0.29614,-0.731556],"extended":true,"handId":54,"id":544,"length":46.8308,"mcpPosition":[-130.961,94.6777,46.4771],"pipPosition":[-145.45,101.372,17.8413],"stabilizedTipPosition":[-161.793,114.446,-6.54107],"timeVisible":11.2208,"tipPosition":[-163.91,110.144,-3.87729],"tipVelocity":[-8.09588,-16.5004,3.54797],"tool":false,"touchDistance":0.331773,"touchZone":"hovering","type":4,"width":15.0499}],"r":[[0.673312,0.677737,-0.295507],[-0.71035,0.482122,-0.512797],[-0.205071,0.555185,0.806049]],"s":1.00847,"t":[-296.638,5.87818,94.0141],"timestamp":7363008710},{"currentFrameRate":110.865,"devices":[],"gestures":[],"hands":[{"armBasis":[[-0.160924,-0.969451,-0.185118],[0.65973,0.033843,-0.75074],[0.73407,-0.242941,0.63413]],"armWidth":59.3592,"confidence":1,"direction":[-0.370797,0.248527,-0.894843],"elbow":[92.8645,41.3246,276.218],"grabAngle":0.29214,"grabStrength":0,"id":54,"palmNormal":[-0.912339,0.0826644,0.401005],"palmPosition":[-121.245,125.995,61.9532],"palmVelocity":[3.60372,-9.54932,-2.58911],"palmWidth":83.5833,"pinchDistance":63.2895,"pinchStrength":0,"r":[[0.673694,0.677366,-0.295485],[-0.710076,0.482536,-0.512787],[-0.204762,0.555279,0.806063]],"s":1.0077,"sphereCenter":[-178.35,116.004,48.1284],"sphereRadius":66.8552,"stabilizedPalmPosition":[-120.153,129.11,60.0186],"t":[-296.613,5.74603,93.9923],"timeVisible":11.2331,"type":"right","wrist":[-89.2009,101.579,118.94]}],"id":66968,"interactionBox":{"center":[0,200,0],"size":[235.247,235.247,147.751]},"pointables":[{"bases":[[[0.673797,-0.413792,-0.612188],[0.692457,0.64274,0.327702],[0.257877,-0.644719,0.719609]],[[0.603058,-0.266338,-0.751921],[0.725129,0.575855,0.377596],[0.332429,-0.772952,0.540404]],[[0.603058,-0.266338,-0.751921],[0.433825,0.900532,0.0289596],[0.669415,-0.343666,0.658617]],[[0.603058,-0.266338,-0.751921],[0.0589874,0.954923,-0.290935],[0.795513,0.131097,0.591585]]],"btipPosition":[-157.452,175.356,56.8669],"carpPosition":[-103.785,131.894,115.303],"dipPosition":[-140.19,178.201,69.7034],"direction":[-0.669415,0.343666,-0.658617],"extended":false,"handId":54,"id":540,"length":48.3194,"mcpPosition":[-103.785,131.894,115.303],"pipPosition":[-119.029,167.337,90.5233],"stabilizedTipPosition":[-151.296,180.936,59.7574],"timeVisible":11.2331,"tipPosition":[-149.735,178.213,59.3064],"tipVelocity":[-0.0244947,-14.4016,-6.19653],"tool":false,"touchDistance":0.331169,"touchZone":"hovering","type":0,"width":18.9794},{"bases":[[[-0.233425,-0.909662,-0.343551],[0.852346,-0.0213694,-0.522541],[0.467995,-0.414799,0.780335]],[[-0.0882584,-0.990711,-0.103448],[0.901633,-0.0353127,-0.431058],[0.423401,-0.131317,0.896375]],[[-0.0882584,-0.990711,-0.103448],[0.808814,-0.0106596,-0.587968],[0.581404,-0.135563,0.802242]],[[-0.0882584,-0.990711,-0.103448],[0.708676,0.0105291,-0.705455],[0.699992,-0.135574,0.701164]]],"btipPosition":[-164.939,164.15,-19.6735],"carpPosition":[-92.3295,125.702,97.8518],"dipPosition":[-153.851,162.003,-8.56652],"direction":[-0.581404,0.135563,-0.802242],"extended":true,"handId":54,"id":541,"length":54.5231,"mcpPosition":[-123.957,153.734,45.116],"pipPosition":[-140.822,158.965,9.4113],"stabilizedTipPosition":[-161.007,167.468,-17.9207],"timeVisible":11.2331,"tipPosition":[-160.12,164.776,-18.0723],"tipVelocity":[-1.49978,-12.5187,0.634563],"tool":false,"touchDistance":0.308601,"touchZone":"hovering","type":1,"width":18.1291},{"bases":[[[-0.309912,-0.940279,-0.140818],[0.81068,-0.183953,-0.555841],[0.496742,-0.286421,0.819275]],[[-0.26526,-0.961734,-0.068595],[0.847872,-0.198798,-0.49152],[0.459075,-0.188541,0.86816]],[[-0.26526,-0.961734,-0.068595],[0.763259,-0.165983,-0.624408],[0.589129,-0.217986,0.778081]],[[-0.26526,-0.961734,-0.068595],[0.684593,-0.137768,-0.715788],[0.678947,-0.23683,0.69494]]],"btipPosition":[-173.574,152.37,-31.1567],"carpPosition":[-93.8618,115.714,92.7684],"dipPosition":[-161.745,148.243,-19.0488],"direction":[-0.589129,0.217986,-0.778081],"extended":true,"handId":54,"id":542,"length":62.1247,"mcpPosition":[-125.697,134.071,40.262],"pipPosition":[-146.213,142.496,1.46503],"stabilizedTipPosition":[-168.627,154.764,-29.9093],"timeVisible":11.2331,"tipPosition":[-168.772,151.799,-29.4566],"tipVelocity":[-3.03263,-10.9397,2.26328],"tool":false,"touchDistance":0.333356,"touchZone":"hovering","type":2,"width":17.8052},{"bases":[[[-0.293659,-0.955619,0.0235844],[0.801888,-0.259698,-0.538082],[0.520326,-0.139101,0.842563]],[[-0.33241,-0.94226,-0.0406125],[0.814216,-0.264974,-0.516567],[0.475979,-0.204779,0.855283]],[[-0.33241,-0.94226,-0.0406125],[0.703883,-0.219194,-0.67565],[0.627736,-0.253179,0.736103]],[[-0.33241,-0.94226,-0.0406125],[0.619681,-0.185744,-0.762558],[0.710984,-0.278649,0.645644]]],"btipPosition":[-175.142,133.035,-23.8919],"carpPosition":[-97.0458,105.219,90.1099],"dipPosition":[-162.826,128.208,-12.7076],"direction":[-0.627736,0.253179,-0.736103],"extended":true,"handId":54,"id":543,"length":59.7345,"mcpPosition":[-126.986,113.223,41.628],"pipPosition":[-146.703,121.706,6.1983],"stabilizedTipPosition":[-170.363,135.463,-22.7643],"timeVisible":11.2331,"tipPosition":[-171.287,132.243,-21.6047],"tipVelocity":[0.320701,-10.7138,-0.0252368],"tool":false,"touchDistance":0.333334,"touchZone":"hovering","type":3,"width":16.9428},{"bases":[[[-0.359895,-0.909162,0.209524],[0.78925,-0.416432,-0.451296],[0.497554,0.0029473,0.867428]],[[-0.456098,-0.889626,0.0232527],[0.77189,-0.40847,-0.487173],[0.4429,-0.20425,0.872996]],[[-0.456098,-0.889626,0.0232527],[0.643243,-0.347612,-0.682206],[0.614991,-0.296195,0.73079]],[[-0.456098,-0.889626,0.0232527],[0.549866,-0.30226,-0.778644],[0.69973,-0.342352,0.627035]]],"btipPosition":[-167.765,112.098,-5.45026],"carpPosition":[-104.408,94.7171,92.6456],"dipPosition":[-156.582,106.627,4.57039],"direction":[-0.614991,0.296195,-0.73079],"extended":true,"handId":54,"id":544,"length":46.8308,"mcpPosition":[-130.911,94.5601,46.4419],"pipPosition":[-145.43,101.256,17.8224],"stabilizedTipPosition":[-161.825,114.413,-6.50927],"timeVisible":11.2331,"tipPosition":[-163.835,110.031,-3.92959],"tipVelocity":[-0.0529685,-9.55015,-0.158015],"tool":false,"touchDistance":0.331741,"touchZone":"hovering","type":4,"width":15.0499}],"r":[[0.673694,0.677366,-0.295485],[-0.710076,0.482536,-0.512787],[-0.204762,0.555279,0.806063]],"s":1.0077,"t":[-296.613,5.74603,93.9923],"timestamp":7363020986},{"currentFrameRate":113.057,"devices":[],"gestures":[],"hands":[{"armBasis":[[-0.160249,-0.969579,-0.185031],[0.659657,0.0342513,-0.750786],[0.734284,-0.24237,0.634101]],"armWidth":59.3592,"confidence":1,"direction":[-0.369956,0.248428,-0.895219],"elbow":[92.846,41.3771,276.23],"grabAngle":0.294331,"grabStrength":0,"id":54,"palmNormal":[-0.912755,0.0824842,0.400093],"palmPosition":[-121.274,125.895,61.9457],"palmVelocity":[-5.8038,-20.064,-1.49821],"palmWidth":83.5833,"pinchDistance":63.2533,"pinchStrength":0,"r":[[0.674031,0.677096,-0.295337],[-0.709775,0.482834,-0.512924],[-0.2047,0.555349,0.806031]],"s":1.00699,"sphereCenter":[-180.056,115.82,49.1264],"sphereRadius":68.1228,"stabilizedPalmPosition":[-120.157,129.098,60.0257],"t":[-296.616,5.62964,93.9776],"timeVisible":11.2381,"type":"right","wrist":[-89.2722,101.49,118.959]}],"id":66969,"interactionBox":{"center":[0,200,0],"size":[235.247,235.247,147.751]},"pointables":[{"bases":[[[0.674493,-0.413666,-0.611506],[0.691996,0.642892,0.328377],[0.257294,-0.644648,0.719882]],[[0.603887,-0.266273,-0.751279],[0.72445,0.576433,0.378018],[0.332405,-0.772544,0.541002]],[[0.603887,-0.266273,-0.751279],[0.43345,0.900705,0.0291777],[0.668911,-0.343261,0.65934]],[[0.603887,-0.266273,-0.751279],[0.0590989,0.954913,-0.290943],[0.794876,0.131297,0.592396]]],"btipPosition":[-157.504,175.225,56.8088],"carpPosition":[-103.869,131.798,115.313],"dipPosition":[-140.257,178.073,69.6629],"direction":[-0.668911,0.343261,-0.65934],"extended":false,"handId":54,"id":540,"length":48.3194,"mcpPosition":[-103.869,131.798,115.313],"pipPosition":[-119.111,167.222,90.5056],"stabilizedTipPosition":[-151.307,180.911,59.7574],"timeVisible":11.2381,"tipPosition":[-149.781,178.101,59.2702],"tipVelocity":[-11.143,-26.029,-10.782],"tool":false,"touchDistance":0.330268,"touchZone":"hovering","type":0,"width":18.9794},{"bases":[[[-0.232893,-0.909719,-0.343762],[0.852871,-0.0212046,-0.52169],[0.467302,-0.414682,0.780812]],[[-0.087896,-0.990746,-0.103425],[0.901596,-0.0349776,-0.431163],[0.423555,-0.131145,0.896327]],[[-0.087896,-0.990746,-0.103425],[0.808336,-0.0102656,-0.588631],[0.582122,-0.13534,0.801758]],[[-0.087896,-0.990746,-0.103425],[0.707882,0.0109243,-0.706246],[0.700841,-0.135289,0.700371]]],"btipPosition":[-164.993,164.032,-19.6591],"carpPosition":[-92.3944,125.608,97.8731],"dipPosition":[-153.891,161.889,-8.56467],"direction":[-0.582122,0.13534,-0.801758],"extended":true,"handId":54,"id":541,"length":54.5231,"mcpPosition":[-123.975,153.632,45.1051],"pipPosition":[-140.846,158.856,9.40231],"stabilizedTipPosition":[-161.011,167.458,-17.9185],"timeVisible":11.2381,"tipPosition":[-160.094,164.657,-18.1121],"tipVelocity":[-10.1057,-23.3141,2.29776],"tool":false,"touchDistance":0.308793,"touchZone":"hovering","type":1,"width":18.1291},{"bases":[[[-0.309576,-0.940347,-0.141105],[0.811272,-0.183797,-0.555028],[0.495984,-0.286297,0.819777]],[[-0.264842,-0.961849,-0.0685984],[0.847868,-0.198391,-0.491692],[0.459324,-0.188383,0.868063]],[[-0.264842,-0.961849,-0.0685984],[0.762702,-0.165416,-0.625239],[0.590038,-0.21791,0.777413]],[[-0.264842,-0.961849,-0.0685984],[0.683613,-0.137106,-0.716851],[0.680097,-0.236747,0.693844]]],"btipPosition":[-173.639,152.257,-31.1278],"carpPosition":[-93.9195,115.62,92.7884],"dipPosition":[-161.789,148.132,-19.039],"direction":[-0.590038,0.21791,-0.777413],"extended":true,"handId":54,"id":542,"length":62.1247,"mcpPosition":[-125.706,133.968,40.2499],"pipPosition":[-146.233,142.387,1.45724],"stabilizedTipPosition":[-168.633,154.756,-29.9056],"timeVisible":11.2381,"tipPosition":[-168.736,151.682,-29.5013],"tipVelocity":[-11.8949,-22.38,4.8908],"tool":false,"touchDistance":0.333353,"touchZone":"hovering","type":2,"width":17.8052},{"bases":[[[-0.293484,-0.95568,0.0233148],[0.802479,-0.259544,-0.537275],[0.519514,-0.138972,0.843085]],[[-0.331951,-0.942425,-0.0405427],[0.814213,-0.264559,-0.516784],[0.476304,-0.204557,0.855155]],[[-0.331951,-0.942425,-0.0405427],[0.703419,-0.218671,-0.676302],[0.628498,-0.253017,0.735508]],[[-0.331951,-0.942425,-0.0405427],[0.61892,-0.185165,-0.763316],[0.711861,-0.278476,0.644751]]],"btipPosition":[-175.196,132.917,-23.8688],"carpPosition":[-97.0987,105.124,90.127],"dipPosition":[-162.865,128.093,-12.6999],"direction":[-0.628498,0.253017,-0.735508],"extended":true,"handId":54,"id":543,"length":59.7345,"mcpPosition":[-126.992,113.121,41.615],"pipPosition":[-146.723,121.594,6.19068],"stabilizedTipPosition":[-170.369,135.451,-22.7595],"timeVisible":11.2381,"tipPosition":[-171.244,132.127,-21.6592],"tipVelocity":[-10.1512,-23.523,3.89965],"tool":false,"touchDistance":0.333348,"touchZone":"hovering","type":3,"width":16.9428},{"bases":[[[-0.359915,-0.909232,0.209187],[0.789786,-0.416279,-0.450499],[0.496688,0.00307178,0.867924]],[[-0.455691,-0.889832,0.0233502],[0.771857,-0.40807,-0.487561],[0.443376,-0.204154,0.872777]],[[-0.455691,-0.889832,0.0233502],[0.642651,-0.347032,-0.683059],[0.61591,-0.296258,0.72999]],[[-0.455691,-0.889832,0.0233502],[0.549204,-0.301703,-0.779327],[0.700514,-0.342309,0.626182]]],"btipPosition":[-167.817,111.993,-5.43133],"carpPosition":[-104.462,94.6207,92.6556],"dipPosition":[-156.622,106.522,4.5757],"direction":[-0.61591,0.296258,-0.72999],"extended":true,"handId":54,"id":544,"length":46.8308,"mcpPosition":[-130.918,94.4571,46.4256],"pipPosition":[-145.453,101.15,17.8132],"stabilizedTipPosition":[-161.838,114.398,-6.49595],"timeVisible":11.2381,"tipPosition":[-163.805,109.926,-3.97297],"tipVelocity":[-9.77172,-21.0438,3.15042],"tool":false,"touchDistance":0.332004,"touchZone":"hovering","type":4,"width":15.0499}],"r":[[0.674031,0.677096,-0.295337],[-0.709775,0.482834,-0.512924],[-0.2047,0.555349,0.806031]],"s":1.00699,"t":[-296.616,5.62964,93.9776],"timestamp":7363026002},{"currentFrameRate":112.568,"devices":[],"gestures":[],"hands":[{"armBasis":[[-0.159386,-0.969706,-0.18511],[0.659864,0.0348214,-0.750578],[0.734286,-0.241779,0.634324]],"armWidth":59.3592,"confidence":1,"direction":[-0.369209,0.248237,-0.89558],"elbow":[92.8512,41.4638,276.269],"grabAngle":0.296586,"grabStrength":0,"id":54,"palmNormal":[-0.913198,0.0819616,0.39919],"palmPosition":[-121.232,125.817,61.9019],"palmVelocity":[4.26393,-8.0168,-4.49407],"palmWidth":83.5833,"pinchDistance":63.2053,"pinchStrength":0,"r":[[0.674282,0.676957,-0.295082],[-0.709487,0.482994,-0.513172],[-0.204872,0.555379,0.805966]],"s":1.00628,"sphereCenter":[-181.858,115.608,50.1914],"sphereRadius":69.5538,"stabilizedPalmPosition":[-120.164,129.077,60.038],"t":[-296.596,5.53243,93.9484],"timeVisible":11.2478,"type":"right","wrist":[-89.2675,101.43,118.943]}],"id":66970,"interactionBox":{"center":[0,200,0],"size":[235.247,235.247,147.751]},"pointables":[{"bases":[[[0.675332,-0.413274,-0.610845],[0.691308,0.643275,0.329075],[0.256944,-0.644517,0.720124]],[[0.604759,-0.265878,-0.750717],[0.723427,0.577589,0.378212],[0.333048,-0.771815,0.541646]],[[0.604759,-0.265878,-0.750717],[0.43235,0.901236,0.0291032],[0.668835,-0.342173,0.659983]],[[0.604759,-0.265878,-0.750717],[0.0582964,0.954877,-0.291223],[0.794272,0.132356,0.59297]]],"btipPosition":[-157.533,175.064,56.72],"carpPosition":[-103.884,131.729,115.286],"dipPosition":[-140.298,177.936,69.5866],"direction":[-0.668835,0.342173,-0.659983],"extended":false,"handId":54,"id":540,"length":48.3194,"mcpPosition":[-103.884,131.729,115.286],"pipPosition":[-119.155,167.12,90.4497],"stabilizedTipPosition":[-151.328,180.864,59.7567],"timeVisible":11.2478,"tipPosition":[-149.785,177.996,59.2017],"tipVelocity":[-3.25277,-15.9033,-8.82281],"tool":false,"touchDistance":0.328837,"touchZone":"hovering","type":0,"width":18.9794},{"bases":[[[-0.232039,-0.909843,-0.34401],[0.8534,-0.0207134,-0.520846],[0.466762,-0.414434,0.781266]],[[-0.0871585,-0.990813,-0.103405],[0.901496,-0.0342763,-0.431427],[0.42392,-0.130822,0.896202]],[[-0.0871585,-0.990813,-0.103405],[0.807764,-0.00954142,-0.589429],[0.583027,-0.1349,0.801175]],[[-0.0871585,-0.990813,-0.103405],[0.707097,0.0115864,-0.707022],[0.701725,-0.13474,0.699591]]],"btipPosition":[-164.999,163.922,-19.6746],"carpPosition":[-92.3883,125.545,97.858],"dipPosition":[-153.884,161.787,-8.59248],"direction":[-0.583027,0.1349,-0.801175],"extended":true,"handId":54,"id":541,"length":54.5231,"mcpPosition":[-123.933,153.553,45.0593],"pipPosition":[-140.818,158.764,9.36142],"stabilizedTipPosition":[-161.018,167.436,-17.9142],"timeVisible":11.2478,"tipPosition":[-160.015,164.55,-18.185],"tipVelocity":[-0.311838,-11.1608,-1.87978],"tool":false,"touchDistance":0.308488,"touchZone":"hovering","type":1,"width":18.1291},{"bases":[[[-0.308906,-0.940519,-0.141429],[0.811925,-0.183329,-0.554227],[0.495333,-0.286034,0.820262]],[[-0.264064,-0.962062,-0.0686115],[0.847783,-0.197598,-0.492157],[0.459928,-0.188129,0.867798]],[[-0.264064,-0.962062,-0.0686115],[0.76198,-0.164475,-0.626367],[0.591318,-0.217681,0.776503]],[[-0.264064,-0.962062,-0.0686115],[0.68246,-0.136104,-0.718139],[0.681556,-0.236459,0.692509]]],"btipPosition":[-173.666,152.154,-31.1167],"carpPosition":[-93.9028,115.557,92.7716],"dipPosition":[-161.792,148.035,-19.0512],"direction":[-0.591318,0.217681,-0.776503],"extended":true,"handId":54,"id":542,"length":62.1247,"mcpPosition":[-125.648,133.888,40.2019],"pipPosition":[-146.202,142.296,1.4211],"stabilizedTipPosition":[-168.645,154.738,-29.8976],"timeVisible":11.2478,"tipPosition":[-168.644,151.575,-29.5775],"tipVelocity":[-2.24849,-10.4152,0.590283],"tool":false,"touchDistance":0.333339,"touchZone":"hovering","type":2,"width":17.8052},{"bases":[[[-0.292968,-0.955845,0.0230056],[0.803157,-0.259081,-0.536485],[0.518757,-0.138696,0.843596]],[[-0.331128,-0.942718,-0.0404622],[0.814232,-0.263801,-0.517142],[0.476845,-0.204186,0.854943]],[[-0.331128,-0.942718,-0.0404622],[0.702945,-0.217848,-0.67706],[0.629462,-0.252636,0.734814]],[[-0.331128,-0.942718,-0.0404622],[0.618194,-0.184343,-0.764104],[0.712875,-0.278029,0.643823]]],"btipPosition":[-175.192,132.803,-23.8758],"carpPosition":[-97.0734,105.059,90.1068],"dipPosition":[-162.843,127.987,-12.723],"direction":[-0.629462,0.252636,-0.734814],"extended":true,"handId":54,"id":543,"length":59.7345,"mcpPosition":[-126.923,113.04,41.5654],"pipPosition":[-146.676,121.498,6.14985],"stabilizedTipPosition":[-170.382,135.427,-22.7501],"timeVisible":11.2478,"tipPosition":[-171.134,132.02,-21.7482],"tipVelocity":[0.83822,-11.5067,-1.09295],"tool":false,"touchDistance":0.333325,"touchZone":"hovering","type":3,"width":16.9428},{"bases":[[[-0.359609,-0.909439,0.208813],[0.790467,-0.415825,-0.449724],[0.495826,0.00333459,0.868415]],[[-0.454922,-0.890221,0.0235144],[0.771921,-0.40736,-0.488053],[0.444054,-0.203875,0.872497]],[[-0.454922,-0.890221,0.0235144],[0.642158,-0.346222,-0.683933],[0.616992,-0.296036,0.729166]],[[-0.454922,-0.890221,0.0235144],[0.548656,-0.300978,-0.779993],[0.701443,-0.341935,0.625347]]],"btipPosition":[-167.799,111.89,-5.44774],"carpPosition":[-104.433,94.5516,92.6279],"dipPosition":[-156.589,106.426,4.54593],"direction":[-0.616992,0.296036,-0.729166],"extended":true,"handId":54,"id":544,"length":46.8308,"mcpPosition":[-130.843,94.374,46.3717],"pipPosition":[-145.401,101.058,17.7685],"stabilizedTipPosition":[-161.864,114.37,-6.47062],"timeVisible":11.2478,"tipPosition":[-163.701,109.831,-4.05217],"tipVelocity":[2.19017,-10.371,-2.0028],"tool":false,"touchDistance":0.331679,"touchZone":"hovering","type":4,"width":15.0499}],"r":[[0.674282,0.676957,-0.295082],[-0.709487,0.482994,-0.513172],[-0.204872,0.555379,0.805966]],"s":1.00628,"t":[-296.596,5.53243,93.9484],"timestamp":7363035734},{"currentFrameRate":113.22,"devices":[],"gestures":[],"hands":[{"armBasis":[[-0.159027,-0.969812,-0.184865],[0.6598,0.0348927,-0.750631],[0.734421,-0.241344,0.634333]],"armWidth":59.3592,"confidence":1,"direction":[-0.368907,0.248155,-0.895727],"elbow":[92.8748,41.5101,276.265],"grabAngle":0.297775,"grabStrength":0,"id":54,"palmNormal":[-0.913337,0.0819687,0.398869],"palmPosition":[-121.227,125.746,61.8849],"palmVelocity":[0.626979,-9.16317,-2.21259],"palmWidth":83.5833,"pinchDistance":63.1717,"pinchStrength":0,"r":[[0.6745,0.676844,-0.294842],[-0.709223,0.483111,-0.513427],[-0.205068,0.555415,0.805892]],"s":1.0056,"sphereCenter":[-183.151,115.46,50.9692],"sphereRadius":70.579,"stabilizedPalmPosition":[-120.17,129.059,60.0475],"t":[-296.584,5.44854,93.9253],"timeVisible":11.2555,"type":"right","wrist":[-89.2775,101.369,118.937]}],"id":66971,"interactionBox":{"center":[0,200,0],"size":[235.247,235.247,147.751]},"pointables":[{"bases":[[[0.675553,-0.413305,-0.610579],[0.691177,0.643321,0.32926],[0.256714,-0.644451,0.720264]],[[0.605151,-0.266153,-0.750303],[0.72318,0.57784,0.3783],[0.332869,-0.771533,0.542157]],[[0.605151,-0.266153,-0.750303],[0.432145,0.901344,0.028812],[0.668612,-0.341675,0.660466]],[[0.605151,-0.266153,-0.750303],[0.0581969,0.954728,-0.29173],[0.79398,0.132876,0.593245]]],"btipPosition":[-157.525,174.959,56.6638],"carpPosition":[-103.897,131.663,115.275],"dipPosition":[-140.297,177.842,69.5363],"direction":[-0.668612,0.341675,-0.660466],"extended":false,"handId":54,"id":540,"length":48.3194,"mcpPosition":[-103.897,131.663,115.275],"pipPosition":[-119.161,167.041,90.4147],"stabilizedTipPosition":[-151.343,180.828,59.7558],"timeVisible":11.2555,"tipPosition":[-149.791,177.918,59.1718],"tipVelocity":[0.831253,-13.39,-7.12464],"tool":false,"touchDistance":0.327922,"touchZone":"hovering","type":0,"width":18.9794},{"bases":[[[-0.231895,-0.909878,-0.344016],[0.853579,-0.020732,-0.52055],[0.466505,-0.414358,0.78146]],[[-0.0868293,-0.990893,-0.102915],[0.901312,-0.0341298,-0.431824],[0.424379,-0.130254,0.896067]],[[-0.0868293,-0.990893,-0.102915],[0.807498,-0.00950236,-0.589794],[0.583444,-0.134315,0.800969]],[[-0.0868293,-0.990893,-0.102915],[0.706765,0.0115346,-0.707355],[0.7021,-0.134156,0.699327]]],"btipPosition":[-165.023,163.805,-19.6806],"carpPosition":[-92.3958,125.479,97.8509],"dipPosition":[-153.901,161.68,-8.60272],"direction":[-0.583444,0.134315,-0.800969],"extended":true,"handId":54,"id":541,"length":54.5231,"mcpPosition":[-123.923,153.481,45.0391],"pipPosition":[-140.827,158.67,9.34658],"stabilizedTipPosition":[-161.025,167.417,-17.9106],"timeVisible":11.2555,"tipPosition":[-159.995,164.466,-18.2134],"tipVelocity":[-2.90669,-14.9167,-0.910585],"tool":false,"touchDistance":0.308372,"touchZone":"hovering","type":1,"width":18.1291},{"bases":[[[-0.308831,-0.940539,-0.14146],[0.812121,-0.183351,-0.553933],[0.495059,-0.285954,0.820456]],[[-0.263772,-0.962168,-0.0682396],[0.847435,-0.197365,-0.49285],[0.460737,-0.187829,0.867434]],[[-0.263772,-0.962168,-0.0682396],[0.761273,-0.164209,-0.627294],[0.592357,-0.217412,0.775787]],[[-0.263772,-0.962168,-0.0682396],[0.681553,-0.135847,-0.719048],[0.682575,-0.236174,0.691601]]],"btipPosition":[-173.735,152.057,-31.0849],"carpPosition":[-93.9083,115.489,92.7647],"dipPosition":[-161.843,147.942,-19.0352],"direction":[-0.592357,0.217412,-0.775787],"extended":true,"handId":54,"id":542,"length":62.1247,"mcpPosition":[-125.636,133.816,40.1827],"pipPosition":[-146.226,142.21,1.41817],"stabilizedTipPosition":[-168.654,154.723,-29.891],"timeVisible":11.2555,"tipPosition":[-168.627,151.493,-29.6026],"tipVelocity":[-8.45802,-12.5652,3.65271],"tool":false,"touchDistance":0.333355,"touchZone":"hovering","type":2,"width":17.8052},{"bases":[[[-0.292949,-0.955852,0.0229821],[0.803349,-0.259102,-0.536187],[0.51847,-0.138613,0.843786]],[[-0.330869,-0.942823,-0.0401271],[0.813918,-0.263596,-0.51774],[0.47756,-0.203964,0.854596]],[[-0.330869,-0.942823,-0.0401271],[0.702334,-0.217627,-0.677765],[0.63028,-0.252434,0.734183]],[[-0.330869,-0.942823,-0.0401271],[0.617483,-0.184149,-0.764725],[0.713611,-0.277802,0.643106]]],"btipPosition":[-175.243,132.712,-23.8507],"carpPosition":[-97.0778,104.991,90.0998],"dipPosition":[-162.882,127.9,-12.7103],"direction":[-0.63028,0.252434,-0.734183],"extended":true,"handId":54,"id":543,"length":59.7345,"mcpPosition":[-126.911,112.967,41.5474],"pipPosition":[-146.694,121.416,6.14624],"stabilizedTipPosition":[-170.393,135.407,-22.7425],"timeVisible":11.2555,"tipPosition":[-171.109,131.939,-21.7796],"tipVelocity":[-6.26643,-11.6549,2.87959],"tool":false,"touchDistance":0.33335,"touchZone":"hovering","type":3,"width":16.9428},{"bases":[[[-0.359656,-0.909432,0.208762],[0.790633,-0.415839,-0.449418],[0.495527,0.00341857,0.868586]],[[-0.454758,-0.890298,0.0237519],[0.771673,-0.407199,-0.488579],[0.444653,-0.203856,0.872196]],[[-0.454758,-0.890298,0.0237519],[0.6416,-0.345988,-0.684574],[0.617693,-0.296076,0.728556]],[[-0.454758,-0.890298,0.0237519],[0.548175,-0.300824,-0.78039],[0.701925,-0.341868,0.624841]]],"btipPosition":[-167.828,111.817,-5.43656],"carpPosition":[-104.438,94.484,92.6192],"dipPosition":[-156.61,106.354,4.54904],"direction":[-0.617693,0.296076,-0.728556],"extended":true,"handId":54,"id":544,"length":46.8308,"mcpPosition":[-130.832,94.3019,46.3539],"pipPosition":[-145.409,100.985,17.7606],"stabilizedTipPosition":[-161.884,114.347,-6.45069],"timeVisible":11.2555,"tipPosition":[-163.68,109.758,-4.07826],"tipVelocity":[-3.53654,-9.45151,1.21162],"tool":false,"touchDistance":0.331835,"touchZone":"hovering","type":4,"width":15.0499}],"r":[[0.6745,0.676844,-0.294842],[-0.709223,0.483111,-0.513427],[-0.205068,0.555415,0.805892]],"s":1.0056,"t":[-296.584,5.44854,93.9253],"timestamp":7363043436},{"currentFrameRate":113.344,"devices":[],"gestures":[],"hands":[{"armBasis":[[-0.158372,-0.969869,-0.185129],[0.659785,0.0355398,-0.750614],[0.734577,-0.241021,0.634276]],"armWidth":59.3592,"confidence":1,"direction":[-0.36915,0.248437,-0.895548],"elbow":[92.9548,41.5114,276.22],"grabAngle":0.298992,"grabStrength":0,"id":54,"palmNormal":[-0.913318,0.081344,0.399041],"palmPosition":[-121.205,125.678,61.8699],"palmVelocity":[2.63058,-7.89746,-1.73699],"palmWidth":83.5833,"pinchDistance":63.1447,"pinchStrength":0,"r":[[0.674602,0.676847,-0.294601],[-0.709072,0.48319,-0.513561],[-0.205254,0.555343,0.805894]],"s":1.00498,"sphereCenter":[-184.267,115.271,51.6667],"sphereRadius":71.4946,"stabilizedPalmPosition":[-120.176,129.04,60.0578],"t":[-296.567,5.3726,93.9062],"timeVisible":11.2642,"type":"right","wrist":[-89.2361,101.29,118.906]}],"id":66972,"interactionBox":{"center":[0,200,0],"size":[235.247,235.247,147.751]},"pointables":[{"bases":[[[0.675657,-0.412683,-0.610885],[0.690926,0.643474,0.329487],[0.257115,-0.644697,0.719901]],[[0.605214,-0.265579,-0.750456],[0.722801,0.578356,0.378238],[0.333579,-0.771345,0.541989]],[[0.605214,-0.265579,-0.750456],[0.431416,0.901693,0.0288207],[0.669026,-0.341201,0.660292]],[[0.605214,-0.265579,-0.750456],[0.0573458,0.954805,-0.291648],[0.793994,0.133474,0.593091]]],"btipPosition":[-157.543,174.835,56.6659],"carpPosition":[-103.87,131.576,115.26],"dipPosition":[-140.315,177.731,69.5351],"direction":[-0.669026,0.341201,-0.660292],"extended":false,"handId":54,"id":540,"length":48.3194,"mcpPosition":[-103.87,131.576,115.26],"pipPosition":[-119.166,166.945,90.408],"stabilizedTipPosition":[-151.36,180.786,59.7548],"timeVisible":11.2642,"tipPosition":[-149.804,177.831,59.1886],"tipVelocity":[-2.12758,-14.0123,0.154434],"tool":false,"touchDistance":0.327945,"touchZone":"hovering","type":0,"width":18.9794},{"bases":[[[-0.231524,-0.909811,-0.344444],[0.853514,-0.0200733,-0.520683],[0.466808,-0.414538,0.781184]],[[-0.0861503,-0.990942,-0.103017],[0.901002,-0.0333661,-0.432529],[0.425174,-0.130081,0.895715]],[[-0.0861503,-0.990942,-0.103017],[0.807017,-0.00877671,-0.590463],[0.58421,-0.134005,0.800463]],[[-0.0861503,-0.990942,-0.103017],[0.706124,0.0122118,-0.707982],[0.702827,-0.133735,0.698676]]],"btipPosition":[-165.076,163.723,-19.6455],"carpPosition":[-92.3679,125.406,97.8317],"dipPosition":[-153.943,161.605,-8.57788],"direction":[-0.58421,0.134005,-0.800463],"extended":true,"handId":54,"id":541,"length":54.5231,"mcpPosition":[-123.915,153.421,45.0385],"pipPosition":[-140.851,158.602,9.36007],"stabilizedTipPosition":[-161.033,167.396,-17.9065],"timeVisible":11.2642,"tipPosition":[-160.012,164.416,-18.1989],"tipVelocity":[-5.84102,-9.25525,3.80601],"tool":false,"touchDistance":0.308918,"touchZone":"hovering","type":1,"width":18.1291},{"bases":[[[-0.308416,-0.94061,-0.141892],[0.812126,-0.182695,-0.554142],[0.495308,-0.28614,0.82024]],[[-0.263091,-0.96235,-0.0682983],[0.847029,-0.196513,-0.493886],[0.46187,-0.187788,0.86684]],[[-0.263091,-0.96235,-0.0682983],[0.760455,-0.16329,-0.628526],[0.59371,-0.217298,0.774784]],[[-0.263091,-0.96235,-0.0682983],[0.680417,-0.134895,-0.720303],[0.683971,-0.235977,0.690289]]],"btipPosition":[-173.83,151.989,-31.0193],"carpPosition":[-93.8765,115.418,92.7407],"dipPosition":[-161.914,147.878,-18.9925],"direction":[-0.59371,0.217297,-0.774784],"extended":true,"handId":54,"id":542,"length":62.1247,"mcpPosition":[-125.62,133.757,40.1725],"pipPosition":[-146.261,142.149,1.43448],"stabilizedTipPosition":[-168.665,154.706,-29.8836],"timeVisible":11.2642,"tipPosition":[-168.647,151.446,-29.5883],"tipVelocity":[-10.3634,-7.7281,7.01034],"tool":false,"touchDistance":0.33338,"touchZone":"hovering","type":2,"width":17.8052},{"bases":[[[-0.292504,-0.955999,0.02254],[0.803392,-0.258459,-0.536433],[0.518655,-0.1388,0.843642]],[[-0.330185,-0.943063,-0.0401269],[0.813496,-0.262745,-0.518835],[0.478751,-0.203955,0.853932]],[[-0.330185,-0.943063,-0.0401269],[0.701466,-0.216708,-0.678957],[0.631603,-0.252329,0.733081]],[[-0.330185,-0.943063,-0.0401269],[0.616407,-0.183232,-0.765812],[0.714856,-0.277594,0.641811]]],"btipPosition":[-175.323,132.645,-23.7931],"carpPosition":[-97.0415,104.92,90.0708],"dipPosition":[-162.939,127.836,-12.6751],"direction":[-0.631603,0.252329,-0.733081],"extended":true,"handId":54,"id":543,"length":59.7345,"mcpPosition":[-126.885,112.907,41.5268],"pipPosition":[-146.717,121.356,6.15315],"stabilizedTipPosition":[-170.404,135.386,-22.7341],"timeVisible":11.2642,"tipPosition":[-171.111,131.888,-21.7806],"tipVelocity":[-8.62763,-7.68559,6.09648],"tool":false,"touchDistance":0.333373,"touchZone":"hovering","type":3,"width":16.9428},{"bases":[[[-0.359205,-0.909704,0.208353],[0.790761,-0.415246,-0.449742],[0.49565,0.0032082,0.868517]],[[-0.454103,-0.890629,0.0238854],[0.771348,-0.40642,-0.48974],[0.445884,-0.203969,0.871541]],[[-0.454103,-0.890629,0.0238854],[0.640724,-0.345079,-0.685852],[0.619082,-0.296144,0.727349]],[[-0.454103,-0.890629,0.0238854],[0.547281,-0.299996,-0.781336],[0.703046,-0.341735,0.623653]]],"btipPosition":[-167.876,111.756,-5.4037],"carpPosition":[-104.396,94.4082,92.586],"dipPosition":[-156.641,106.294,4.56291],"direction":[-0.619082,0.296144,-0.727349],"extended":true,"handId":54,"id":544,"length":46.8308,"mcpPosition":[-130.797,94.2373,46.3244],"pipPosition":[-145.415,100.924,17.7525],"stabilizedTipPosition":[-161.906,114.322,-6.42928],"timeVisible":11.2642,"tipPosition":[-163.668,109.708,-4.09009],"tipVelocity":[-5.15198,-7.11916,3.30906],"tool":false,"touchDistance":0.33231,"touchZone":"hovering","type":4,"width":15.0499}],"r":[[0.674602,0.676847,-0.294601],[-0.709072,0.48319,-0.513561],[-0.205254,0.555343,0.805894]],"s":1.00498,"t":[-296.567,5.3726,93.9062],"timestamp":7363052045},{"currentFrameRate":113.43,"devices":[],"gestures":[],"hands":[{"armBasis":[[-0.157871,-0.969895,-0.185418],[0.659689,0.03613,-0.75067],[0.734771,-0.240827,0.634125]],"armWidth":59.3592,"confidence":1,"direction":[-0.368961,0.248389,-0.89564],"elbow":[93.0459,41.504,276.17],"grabAngle":0.300455,"grabStrength":0,"id":54,"palmNormal":[-0.913503,0.0807998,0.398728],"palmPosition":[-121.158,125.616,61.8522],"palmVelocity":[5.41452,-7.12377,-2.04564],"palmWidth":83.5833,"pinchDistance":63.1179,"pinchStrength":0,"r":[[0.674635,0.676929,-0.294339],[-0.708964,0.483195,-0.513704],[-0.205518,0.555238,0.805899]],"s":1.00441,"sphereCenter":[-185.391,115.085,52.3617],"sphereRadius":72.4531,"stabilizedPalmPosition":[-120.181,129.021,60.068],"t":[-296.535,5.30376,93.8878],"timeVisible":11.2728,"type":"right","wrist":[-89.1931,101.234,118.893]}],"id":66973,"interactionBox":{"center":[0,200,0],"size":[235.247,235.247,147.751]},"pointables":[{"bases":[[[0.676091,-0.412229,-0.610711],[0.690471,0.643783,0.329838],[0.257197,-0.644679,0.719888]],[[0.605649,-0.26519,-0.750242],[0.72218,0.579088,0.378304],[0.334134,-0.770929,0.542239]],[[0.605649,-0.26519,-0.750242],[0.430632,0.902068,0.0287806],[0.669137,-0.340509,0.660537]],[[0.605649,-0.26519,-0.750242],[0.0566105,0.954804,-0.291797],[0.793715,0.134255,0.593289]]],"btipPosition":[-157.542,174.716,56.6318],"carpPosition":[-103.845,131.515,115.25],"dipPosition":[-140.319,177.629,69.5053],"direction":[-0.669137,0.340509,-0.660537],"extended":false,"handId":54,"id":540,"length":48.3194,"mcpPosition":[-103.845,131.515,115.25],"pipPosition":[-119.167,166.865,90.3859],"stabilizedTipPosition":[-151.378,180.744,59.7535],"timeVisible":11.2728,"tipPosition":[-149.795,177.748,59.1704],"tipVelocity":[0.0561786,-13.3045,-3.8149],"tool":false,"touchDistance":0.327394,"touchZone":"hovering","type":0,"width":18.9794},{"bases":[[[-0.230923,-0.909876,-0.344674],[0.85371,-0.0195408,-0.520381],[0.466747,-0.41442,0.781283]],[[-0.0854092,-0.991018,-0.102904],[0.900909,-0.0327054,-0.432774],[0.425521,-0.12967,0.89561]],[[-0.0854092,-0.991018,-0.102904],[0.806771,-0.00818247,-0.590808],[0.584659,-0.133481,0.800223]],[[-0.0854092,-0.991018,-0.102904],[0.705664,0.012745,-0.708432],[0.70338,-0.133122,0.698237]]],"btipPosition":[-165.07,163.625,-19.6431],"carpPosition":[-92.3337,125.353,97.8242],"dipPosition":[-153.928,161.516,-8.5825],"direction":[-0.584659,0.133481,-0.800223],"extended":true,"handId":54,"id":541,"length":54.5231,"mcpPosition":[-123.877,153.36,45.0243],"pipPosition":[-140.826,158.525,9.35007],"stabilizedTipPosition":[-161.04,167.373,-17.9022],"timeVisible":11.2728,"tipPosition":[-159.967,164.342,-18.2196],"tipVelocity":[0.8937,-11.077,0.0863333],"tool":false,"touchDistance":0.30893,"touchZone":"hovering","type":1,"width":18.1291},{"bases":[[[-0.307872,-0.940748,-0.142154],[0.81242,-0.182179,-0.553882],[0.495166,-0.286013,0.82037]],[[-0.262344,-0.962561,-0.0682008],[0.846874,-0.19578,-0.494444],[0.46258,-0.187472,0.86653]],[[-0.262344,-0.962561,-0.0682008],[0.759896,-0.162512,-0.629403],[0.594756,-0.216945,0.77408]],[[-0.262344,-0.962561,-0.0682008],[0.679555,-0.134107,-0.721263],[0.685113,-0.235565,0.689296]]],"btipPosition":[-173.859,151.898,-30.9876],"carpPosition":[-93.8352,115.366,92.731],"dipPosition":[-161.922,147.794,-18.978],"direction":[-0.594756,0.216945,-0.77408],"extended":true,"handId":54,"id":542,"length":62.1247,"mcpPosition":[-125.57,133.696,40.1545],"pipPosition":[-146.242,142.074,1.43036],"stabilizedTipPosition":[-168.677,154.689,-29.8759],"timeVisible":11.2728,"tipPosition":[-168.599,151.372,-29.6087],"tipVelocity":[-2.79489,-10.3229,3.20305],"tool":false,"touchDistance":0.333356,"touchZone":"hovering","type":2,"width":17.8052},{"bases":[[[-0.29201,-0.956156,0.0222804],[0.803718,-0.25795,-0.536189],[0.518427,-0.138665,0.843804]],[[-0.329444,-0.943327,-0.0400025],[0.813336,-0.262018,-0.519453],[0.479533,-0.203666,0.853562]],[[-0.329444,-0.943327,-0.0400025],[0.700871,-0.215941,-0.679815],[0.63265,-0.251998,0.732292]],[[-0.329444,-0.943327,-0.0400025],[0.615577,-0.182471,-0.766661],[0.715913,-0.277196,0.640805]]],"btipPosition":[-175.339,132.556,-23.7619],"carpPosition":[-96.9937,104.867,90.0583],"dipPosition":[-162.938,127.755,-12.6614],"direction":[-0.63265,0.251998,-0.732292],"extended":true,"handId":54,"id":543,"length":59.7345,"mcpPosition":[-126.825,112.846,41.505],"pipPosition":[-146.689,121.282,6.14665],"stabilizedTipPosition":[-170.415,135.364,-22.7257],"timeVisible":11.2728,"tipPosition":[-171.048,131.811,-21.8108],"tipVelocity":[-1.44212,-10.0621,3.13743],"tool":false,"touchDistance":0.333356,"touchZone":"hovering","type":3,"width":16.9428},{"bases":[[[-0.358802,-0.909926,0.208077],[0.791139,-0.414757,-0.449527],[0.495338,0.00332704,0.868694]],[[-0.453388,-0.890986,0.0241366],[0.771272,-0.405755,-0.490411],[0.446743,-0.203731,0.871157]],[[-0.453388,-0.890986,0.0241366],[0.640091,-0.344323,-0.686822],[0.62026,-0.295948,0.726424]],[[-0.453388,-0.890986,0.0241366],[0.546512,-0.299287,-0.782146],[0.704105,-0.341425,0.622627]]],"btipPosition":[-167.874,111.675,-5.38421],"carpPosition":[-104.344,94.3503,92.5692],"dipPosition":[-156.621,106.219,4.56601],"direction":[-0.62026,0.295948,-0.726424],"extended":true,"handId":54,"id":544,"length":46.8308,"mcpPosition"