{"frames":92,"data":[{"currentFrameRate":115.165,"devices":[],"gestures":[],"hands":[{"armBasis":[[0.739235,0.237887,-0.630033],[0.381833,0.622573,0.683086],[0.554739,-0.745528,0.369395]],"armWidth":57.8339,"confidence":1,"direction":[-0.307774,0.463622,-0.830861],"elbow":[205.505,76.4022,187.319],"grabAngle":0.461672,"grabStrength":0,"id":80,"palmNormal":[-0.283011,-0.878332,-0.385276],"palmPosition":[47.572,279.579,52.9679],"palmVelocity":[-4.41954,0.631815,6.64735],"palmWidth":77.9689,"pinchDistance":40.4033,"pinchStrength":0,"r":[[0.992889,0.082531,-0.0857932],[-0.0823966,0.996587,0.00511188],[0.0859223,0.00199354,0.9963]],"s":0.86382,"sphereCenter":[-12.7122,159.53,5.97389],"sphereRadius":143.072,"stabilizedPalmPosition":[49.3445,279.244,50.6955],"t":[-130.587,137.73,120.93],"timeVisible":2.65386,"type":"right","wrist":[77.1556,248.895,101.853]}],"id":103016,"interactionBox":{"center":[0,200,0],"size":[235.247,235.247,147.751]},"pointables":[{"bases":[[[0.558611,0.829166,0.0208958],[-0.48439,0.305677,0.819712],[0.67329,-0.468022,0.572395]],[[0.558579,0.829189,0.0208685],[-0.402171,0.248745,0.881126],[0.725429,-0.500572,0.47242]],[[0.558579,0.829189,0.0208685],[-0.761274,0.502515,0.409804],[0.329318,-0.244795,0.911935]],[[0.558579,0.829189,0.0208685],[-0.828214,0.558943,-0.0405409],[-0.0452804,0.00536173,0.99896]]],"btipPosition":[5.52884,282.12,34.0798],"carpPosition":[44.8873,253.975,98.8986],"dipPosition":[4.66097,282.222,53.2265],"direction":[-0.329318,0.244795,-0.911935],"extended":false,"handId":80,"id":800,"length":42.6814,"mcpPosition":[44.8873,253.975,98.8986],"pipPosition":[13.8565,275.387,78.6905],"stabilizedTipPosition":[6.7535,281.434,35.809],"timeVisible":2.65386,"tipPosition":[2.7628,280.632,38.4115],"tipVelocity":[-2.9122,-7.36854,6.71746],"tool":false,"touchDistance":0.202194,"touchZone":"hovering","type":0,"width":18.8302},{"bases":[[[0.843822,-0.0370666,-0.535341],[0.212247,0.939315,0.269514],[0.492864,-0.341047,0.800483]],[[0.947312,-0.130066,-0.292716],[0.165965,0.980921,0.101242],[0.273963,-0.144489,0.950824]],[[0.947312,-0.130066,-0.292716],[0.138073,0.990399,0.00676734],[0.289026,-0.0468271,0.956175]],[[0.947312,-0.130066,-0.292716],[0.12068,0.991432,-0.0499822],[0.296709,0.0120237,0.954892]]],"btipPosition":[2.50137,299.481,-21.2478],"carpPosition":[53.0844,272.138,94.9586],"dipPosition":[6.65306,299.649,-7.88651],"direction":[-0.289026,0.0468271,-0.956175],"extended":true,"handId":80,"id":801,"length":48.1611,"mcpPosition":[22.0135,293.638,44.495],"pipPosition":[12.3742,298.722,11.0407],"stabilizedTipPosition":[6.00012,297.655,-21.2852],"timeVisible":2.65386,"tipPosition":[2.43165,298.365,-18.1133],"tipVelocity":[-8.03903,-0.126393,8.02872],"tool":false,"touchDistance":0.20785,"touchZone":"hovering","type":1,"width":17.9866},{"bases":[[[0.854023,-0.242386,-0.46032],[0.362619,0.91181,0.192637],[0.373032,-0.331438,0.8666]],[[0.88303,-0.270086,-0.383813],[0.297963,0.954477,0.0138594],[0.362597,-0.1266,0.923307]],[[0.88303,-0.270086,-0.383813],[0.240232,0.962669,-0.124725],[0.403171,0.0179318,0.914949]],[[0.88303,-0.270086,-0.383813],[0.203591,0.957301,-0.205247],[0.422859,0.103099,0.900312]]],"btipPosition":[9.44182,296.101,-34.0593],"carpPosition":[61.9534,273.293,89.3597],"dipPosition":[15.9496,297.688,-20.2036],"direction":[-0.403171,-0.0179318,-0.914949],"extended":true,"handId":80,"id":802,"length":54.8758,"mcpPosition":[39.6521,293.108,37.551],"pipPosition":[25.3388,298.106,1.10406],"stabilizedTipPosition":[13.9143,295.25,-33.9919],"timeVisible":2.65386,"tipPosition":[10.8095,296.652,-31.0853],"tipVelocity":[-8.84009,-2.31603,6.99034],"tool":false,"touchDistance":0.22092,"touchZone":"hovering","type":2,"width":17.6652},{"bases":[[[0.869827,-0.35656,-0.340979],[0.434415,0.881133,0.186784],[0.233848,-0.310597,0.921328]],[[0.851281,-0.333895,-0.404766],[0.354541,0.934696,-0.0253864],[0.386809,-0.121895,0.914068]],[[0.851281,-0.333895,-0.404766],[0.276639,0.941085,-0.194497],[0.445861,0.0535974,0.893496]],[[0.851281,-0.333895,-0.404766],[0.235041,0.93234,-0.274768],[0.469123,0.138768,0.872162]]],"btipPosition":[26.9186,289.483,-32.4388],"carpPosition":[70.9178,271.691,84.077],"dipPosition":[34.0969,291.607,-19.0934],"direction":[-0.445861,-0.0535974,-0.893496],"extended":true,"handId":80,"id":803,"length":52.7645,"mcpPosition":[58.3658,288.362,34.6239],"pipPosition":[44.2121,292.823,1.17728],"stabilizedTipPosition":[31.4767,288.231,-32.1805],"timeVisible":2.65386,"tipPosition":[29.7623,291.113,-30.2274],"tipVelocity":[-8.73762,-2.16059,5.9544],"tool":false,"touchDistance":0.232615,"touchZone":"hovering","type":3,"width":16.8096},{"bases":[[[0.807231,-0.530766,-0.258197],[0.583359,0.784023,0.212134],[0.0898384,-0.321863,0.942514]],[[0.767834,-0.447188,-0.458752],[0.511504,0.859077,0.0187056],[0.385739,-0.249016,0.888367]],[[0.767834,-0.447188,-0.458752],[0.410753,0.893162,-0.183151],[0.491643,-0.0478046,0.869484]],[[0.767834,-0.447188,-0.458752],[0.351749,0.89276,-0.281517],[0.535447,0.0547928,0.84279]]],"btipPosition":[47.9053,287.144,-19.1944],"carpPosition":[78.9729,263.949,79.1861],"dipPosition":[55.4639,287.918,-7.29738],"direction":[-0.491643,0.0478046,-0.869484],"extended":true,"handId":80,"id":804,"length":41.3664,"mcpPosition":[74.5091,279.941,32.3552],"pipPosition":[63.3389,287.152,6.62994],"stabilizedTipPosition":[52.3109,285.159,-18.7608],"timeVisible":2.65386,"tipPosition":[51.6785,287.887,-17.4834],"tipVelocity":[-8.47133,-1.71519,5.33098],"tool":false,"touchDistance":0.231261,"touchZone":"hovering","type":4,"width":14.9316}],"r":[[0.992889,0.082531,-0.0857932],[-0.0823966,0.996587,0.00511188],[0.0859223,0.00199354,0.9963]],"s":0.86382,"t":[-130.587,137.73,120.93],"timestamp":7681464139},{"currentFrameRate":114.497,"devices":[],"gestures":[],"hands":[{"armBasis":[[0.738866,0.237308,-0.630684],[0.382361,0.623028,0.682375],[0.554867,-0.745333,0.369597]],"armWidth":57.832,"confidence":1,"direction":[-0.308508,0.46336,-0.830735],"elbow":[205.536,76.4825,187.442],"grabAngle":0.461037,"grabStrength":0,"id":80,"palmNormal":[-0.283326,-0.878457,-0.384759],"palmPosition":[47.5382,279.589,53.0609],"palmVelocity":[-3.4246,1.06461,9.41749],"palmWidth":77.9645,"pinchDistance":40.1345,"pinchStrength":0,"r":[[0.99282,0.0827995,-0.086325],[-0.0826625,0.996564,0.0051665],[0.0864562,0.00200643,0.996254]],"s":0.863816,"sphereCenter":[-12.7837,159.324,6.07524],"sphereRadius":143.271,"stabilizedPalmPosition":[49.3416,279.245,50.6993],"t":[-130.626,137.743,121.003],"timeVisible":2.66373,"type":"right","wrist":[77.1613,248.924,101.931]}],"id":103017,"interactionBox":{"center":[0,200,0],"size":[235.247,235.247,147.751]},"pointables":[{"bases":[[[0.55861,0.829185,0.0201543],[-0.483684,0.305919,0.820039],[0.673799,-0.467831,0.571953]],[[0.558239,0.829443,0.0198391],[-0.401635,0.249234,0.881233],[0.725988,-0.499907,0.472266]],[[0.558239,0.829443,0.0198391],[-0.761287,0.502568,0.409717],[0.329866,-0.243823,0.911997]],[[0.558239,0.829443,0.0198391],[-0.828457,0.558555,-0.0409287],[-0.0450292,0.00641209,0.998965]]],"btipPosition":[5.4929,282.069,34.1874],"carpPosition":[44.8941,254,99.0001],"dipPosition":[4.62986,282.191,53.334],"direction":[-0.329866,0.243823,-0.911997],"extended":false,"handId":80,"id":800,"length":42.6807,"mcpPosition":[44.8941,254,99.0001],"pipPosition":[13.8406,275.383,78.7993],"stabilizedTipPosition":[6.7515,281.434,35.8128],"timeVisible":2.66373,"tipPosition":[2.72607,280.643,38.5434],"tipVelocity":[-3.52801,-4.70309,10.9011],"tool":false,"touchDistance":0.203987,"touchZone":"hovering","type":0,"width":18.8295},{"bases":[[[0.843357,-0.0372126,-0.536064],[0.212461,0.939403,0.26904],[0.493568,-0.340789,0.800158]],[[0.947117,-0.13021,-0.293284],[0.16629,0.980835,0.101543],[0.274441,-0.144944,0.950617]],[[0.947117,-0.13021,-0.293284],[0.138385,0.990352,0.00720467],[0.289516,-0.0474099,0.955998]],[[0.947117,-0.13021,-0.293284],[0.120935,0.991419,-0.0496231],[0.297229,0.0115306,0.954737]]],"btipPosition":[2.42727,299.522,-21.1227],"carpPosition":[53.0864,272.162,95.0465],"dipPosition":[6.58617,299.683,-7.76376],"direction":[-0.289516,0.0474099,-0.955998],"extended":true,"handId":80,"id":801,"length":48.1604,"mcpPosition":[21.9729,293.645,44.6062],"pipPosition":[12.317,298.745,11.1596],"stabilizedTipPosition":[5.99266,297.66,-21.276],"timeVisible":2.66373,"tipPosition":[2.33954,298.357,-17.987],"tipVelocity":[-7.33785,4.01184,12.618],"tool":false,"touchDistance":0.209926,"touchZone":"hovering","type":1,"width":17.986},{"bases":[[[0.853627,-0.242509,-0.460989],[0.362766,0.911878,0.192041],[0.373794,-0.331162,0.866377]],[[0.882753,-0.270237,-0.384343],[0.298197,0.954404,0.0138396],[0.363078,-0.126827,0.923087]],[[0.882753,-0.270237,-0.384343],[0.240379,0.962631,-0.124742],[0.40369,0.0177285,0.914724]],[[0.882753,-0.270237,-0.384343],[0.203645,0.957269,-0.205341],[0.42341,0.102996,0.900064]]],"btipPosition":[9.35548,296.122,-33.9443],"carpPosition":[61.9504,273.316,89.4397],"dipPosition":[15.8716,297.707,-20.0926],"direction":[-0.40369,-0.0177285,-0.914724],"extended":true,"handId":80,"id":802,"length":54.875,"mcpPosition":[39.6048,293.113,37.6472],"pipPosition":[25.2728,298.12,1.20952],"stabilizedTipPosition":[13.9064,295.253,-33.9835],"timeVisible":2.66373,"tipPosition":[10.7026,296.635,-30.965],"tipVelocity":[-8.55077,2.02254,11.5566],"tool":false,"touchDistance":0.222821,"touchZone":"hovering","type":2,"width":17.6646},{"bases":[[[0.869538,-0.356645,-0.341626],[0.434558,0.8812,0.186135],[0.234656,-0.310308,0.92122]],[[0.851007,-0.334081,-0.405187],[0.354724,0.934621,-0.0255847],[0.387243,-0.121957,0.913876]],[[0.851007,-0.334081,-0.405187],[0.276739,0.941023,-0.194656],[0.446321,0.0535225,0.893271]],[[0.851007,-0.334081,-0.405187],[0.235154,0.932301,-0.274803],[0.469562,0.138578,0.871956]]],"btipPosition":[26.8356,289.495,-32.341],"carpPosition":[70.9101,271.712,84.1499],"dipPosition":[34.0206,291.615,-18.9989],"direction":[-0.446321,-0.0535225,-0.893271],"extended":true,"handId":80,"id":803,"length":52.7637,"mcpPosition":[58.3154,288.367,34.7054],"pipPosition":[44.146,292.829,1.26631],"stabilizedTipPosition":[31.4681,288.236,-32.1721],"timeVisible":2.66373,"tipPosition":[29.653,291.095,-30.1204],"tipVelocity":[-8.24614,1.10965,9.82659],"tool":false,"touchDistance":0.234232,"touchZone":"hovering","type":3,"width":16.809},{"bases":[[[0.807018,-0.530827,-0.258736],[0.583525,0.784101,0.211385],[0.0906661,-0.321571,0.942535]],[[0.767501,-0.447403,-0.459101],[0.511723,0.858953,0.0184045],[0.386112,-0.249058,0.888194]],[[0.767501,-0.447403,-0.459101],[0.410937,0.893045,-0.183307],[0.49201,-0.0479733,0.869267]],[[0.767501,-0.447403,-0.459101],[0.351932,0.892668,-0.28158],[0.535804,0.0545408,0.842579]]],"btipPosition":[47.8313,287.156,-19.1121],"carpPosition":[78.9611,263.969,79.2546],"dipPosition":[55.3947,287.926,-7.21815],"direction":[-0.49201,0.0479733,-0.869267],"extended":true,"handId":80,"id":804,"length":41.3658,"mcpPosition":[74.4564,279.946,32.4253],"pipPosition":[63.2756,287.158,6.7055],"stabilizedTipPosition":[52.3013,285.167,-18.7526],"timeVisible":2.66373,"tipPosition":[51.579,287.875,-17.3944],"tipVelocity":[-7.38854,1.14333,8.2716],"tool":false,"touchDistance":0.232622,"touchZone":"hovering","type":4,"width":14.9311}],"r":[[0.99282,0.0827995,-0.086325],[-0.0826625,0.996564,0.0051665],[0.0864562,0.00200643,0.996254]],"s":0.863816,"t":[-130.626,137.743,121.003],"timestamp":7681474011},{"currentFrameRate":115.068,"devices":[],"gestures":[],"hands":[{"armBasis":[[0.738527,0.236936,-0.631221],[0.38285,0.623266,0.681884],[0.554981,-0.745252,0.369587]],"armWidth":57.8287,"confidence":1,"direction":[-0.308668,0.46341,-0.830647],"elbow":[205.546,76.4888,187.502],"grabAngle":0.461041,"grabStrength":0,"id":80,"palmNormal":[-0.283871,-0.878373,-0.38455],"palmPosition":[47.5195,279.571,53.1393],"palmVelocity":[-2.42309,-2.43754,10.1557],"palmWidth":77.9609,"pinchDistance":39.8807,"pinchStrength":0,"r":[[0.992765,0.0829271,-0.0868378],[-0.0827889,0.996554,0.00519775],[0.0869696,0.00202907,0.996209]],"s":0.863837,"sphereCenter":[-12.7592,159.247,6.11524],"sphereRadius":143.314,"stabilizedPalmPosition":[49.3399,279.245,50.7016],"t":[-130.654,137.74,121.079],"timeVisible":2.67144,"type":"right","wrist":[77.1514,248.902,101.998]}],"id":103018,"interactionBox":{"center":[0,200,0],"size":[235.247,235.247,147.751]},"pointables":[{"bases":[[[0.558976,0.828947,0.0198307],[-0.483197,0.306208,0.820218],[0.673845,-0.468064,0.571708]],[[0.558141,0.829526,0.0191226],[-0.401545,0.249866,0.881095],[0.726113,-0.499454,0.472552]],[[0.558141,0.829526,0.0191226],[-0.761299,0.502797,0.409413],[0.330004,-0.243068,0.912149]],[[0.558141,0.829526,0.0191226],[-0.828529,0.558422,-0.0412798],[-0.0449211,0.00719631,0.998965]]],"btipPosition":[5.47385,282,34.2525],"carpPosition":[44.8844,253.988,99.0796],"dipPosition":[4.61289,282.138,53.3986],"direction":[-0.330004,0.243068,-0.912149],"extended":false,"handId":80,"id":800,"length":42.6799,"mcpPosition":[44.8844,253.988,99.0796],"pipPosition":[13.8273,275.351,78.8677],"stabilizedTipPosition":[6.74999,281.435,35.8157],"timeVisible":2.67144,"tipPosition":[2.71361,280.648,38.6411],"tipVelocity":[-2.4072,-8.43072,8.41275],"tool":false,"touchDistance":0.205069,"touchZone":"hovering","type":0,"width":18.8285},{"bases":[[[0.843109,-0.0376285,-0.536425],[0.212981,0.939338,0.268855],[0.493767,-0.340923,0.799978]],[[0.946935,-0.130648,-0.293677],[0.166999,0.980645,0.102213],[0.274638,-0.145833,0.950424]],[[0.946935,-0.130648,-0.293677],[0.139085,0.990249,0.00793448],[0.289776,-0.0483595,0.955872]],[[0.946935,-0.130648,-0.293677],[0.121555,0.99137,-0.0490873],[0.297555,0.0107844,0.954644]]],"btipPosition":[2.39614,299.573,-21.0222],"carpPosition":[53.0827,272.146,95.1213],"dipPosition":[6.55953,299.724,-7.6649],"direction":[-0.289776,0.0483595,-0.955872],"extended":true,"handId":80,"id":801,"length":48.1595,"mcpPosition":[21.9581,293.636,44.6947],"pipPosition":[12.2954,298.766,11.2556],"stabilizedTipPosition":[5.98787,297.664,-21.2699],"timeVisible":2.67144,"tipPosition":[2.30216,298.355,-17.8912],"tipVelocity":[-3.90008,6.29339,12.9686],"tool":false,"touchDistance":0.211594,"touchZone":"hovering","type":1,"width":17.985},{"bases":[[[0.853323,-0.242922,-0.461334],[0.363242,0.91174,0.191794],[0.374026,-0.331238,0.866248]],[[0.882501,-0.270687,-0.384604],[0.298837,0.954199,0.0141306],[0.363164,-0.127404,0.922973]],[[0.882501,-0.270687,-0.384604],[0.240932,0.962512,-0.124588],[0.40391,0.0172852,0.914635]],[[0.882501,-0.270687,-0.384604],[0.204051,0.95716,-0.205447],[0.423739,0.102828,0.899928]]],"btipPosition":[9.32339,296.14,-33.8529],"carpPosition":[61.9441,273.295,89.5109],"dipPosition":[15.8445,297.722,-20.0035],"direction":[-0.40391,-0.0172852,-0.914635],"extended":true,"handId":80,"id":802,"length":54.8739,"mcpPosition":[39.5857,293.096,37.7286],"pipPosition":[25.2506,298.125,1.29607],"stabilizedTipPosition":[13.9015,295.255,-33.9783],"timeVisible":2.67144,"tipPosition":[10.6553,296.624,-30.8719],"tipVelocity":[-4.01128,2.2478,11.7763],"tool":false,"touchDistance":0.224336,"touchZone":"hovering","type":2,"width":17.6636},{"bases":[[[0.869236,-0.357053,-0.341967],[0.435018,0.881031,0.18586],[0.234921,-0.310318,0.921149]],[[0.850775,-0.334586,-0.405257],[0.355236,0.934423,-0.02571],[0.387284,-0.122089,0.913841]],[[0.850775,-0.334586,-0.405257],[0.277104,0.940838,-0.195033],[0.446537,0.0536314,0.893157]],[[0.850775,-0.334586,-0.405257],[0.235444,0.93209,-0.275271],[0.469838,0.138778,0.871776]]],"btipPosition":[26.8022,289.468,-32.2591],"carpPosition":[70.9003,271.686,84.2177],"dipPosition":[33.9912,291.592,-18.9201],"direction":[-0.446537,-0.0536314,-0.893157],"extended":true,"handId":80,"id":803,"length":52.7627,"mcpPosition":[58.2919,288.341,34.7793],"pipPosition":[44.1214,292.809,1.34214],"stabilizedTipPosition":[31.4626,288.239,-32.1667],"timeVisible":2.67144,"tipPosition":[29.6018,291.074,-30.0343],"tipVelocity":[-4.21089,-3.34252,10.5182],"tool":false,"touchDistance":0.235584,"touchZone":"hovering","type":3,"width":16.8081},{"bases":[[[0.806677,-0.5312,-0.259033],[0.583954,0.783871,0.211055],[0.0909353,-0.321517,0.942527]],[[0.767222,-0.447961,-0.459023],[0.512148,0.858709,0.0180017],[0.386103,-0.248899,0.888242]],[[0.767222,-0.447961,-0.459023],[0.411156,0.89279,-0.184058],[0.492261,-0.0475165,0.86915]],[[0.767222,-0.447961,-0.459023],[0.352052,0.892355,-0.282421],[0.536125,0.0550798,0.84234]]],"btipPosition":[47.7945,287.104,-19.0393],"carpPosition":[78.9453,263.94,79.3199],"dipPosition":[55.3623,287.882,-7.14902],"direction":[-0.492261,0.0475165,-0.86915],"extended":true,"handId":80,"id":804,"length":41.365,"mcpPosition":[74.4274,279.913,32.4932],"pipPosition":[63.2471,287.121,6.77247],"stabilizedTipPosition":[52.2948,285.172,-18.7468],"timeVisible":2.67144,"tipPosition":[51.5299,287.846,-17.3168],"tipVelocity":[-4.63002,-6.52939,9.31892],"tool":false,"touchDistance":0.23382,"touchZone":"hovering","type":4,"width":14.9302}],"r":[[0.992765,0.0829271,-0.0868378],[-0.0827889,0.996554,0.00519775],[0.0869696,0.00202907,0.996209]],"s":0.863837,"t":[-130.654,137.74,121.079],"timestamp":7681481728},{"currentFrameRate":115.366,"devices":[],"gestures":[],"hands":[{"armBasis":[[0.738291,0.236389,-0.631702],[0.383496,0.623331,0.681461],[0.554849,-0.745371,0.369546]],"armWidth":57.827,"confidence":1,"direction":[-0.308927,0.463589,-0.830451],"elbow":[205.514,76.4513,187.524],"grabAngle":0.46022,"grabStrength":0,"id":80,"palmNormal":[-0.284529,-0.87822,-0.384412],"palmPosition":[47.5128,279.565,53.1938],"palmVelocity":[-0.819844,-0.678049,6.67862],"palmWidth":77.956,"pinchDistance":39.4967,"pinchStrength":0,"r":[[0.992718,0.082932,-0.0873641],[-0.0827913,0.996553,0.00523895],[0.0874974,0.00203218,0.996163]],"s":0.863905,"sphereCenter":[-12.8083,158.971,6.06664],"sphereRadius":143.597,"stabilizedPalmPosition":[49.3385,279.245,50.7035],"t":[-130.672,137.735,121.144],"timeVisible":2.67961,"type":"right","wrist":[77.1566,248.884,102.034]}],"id":103019,"interactionBox":{"center":[0,200,0],"size":[235.247,235.247,147.751]},"pointables":[{"bases":[[[0.559396,0.828671,0.0195294],[-0.482565,0.306419,0.820511],[0.673949,-0.468415,0.571297]],[[0.557973,0.829657,0.0183242],[-0.401462,0.25054,0.880941],[0.726288,-0.498898,0.47287]],[[0.557973,0.829657,0.0183242],[-0.76136,0.503006,0.409042],[0.330148,-0.242186,0.912331]],[[0.557973,0.829657,0.0183242],[-0.828645,0.558215,-0.0417604],[-0.0448756,0.00811694,0.99896]]],"btipPosition":[5.47101,281.928,34.2894],"carpPosition":[44.8922,253.984,99.1327],"dipPosition":[4.61095,282.084,53.4348],"direction":[-0.330148,0.242186,-0.912331],"extended":false,"handId":80,"id":800,"length":42.6784,"mcpPosition":[44.8922,253.984,99.1327],"pipPosition":[13.829,275.322,78.9081],"stabilizedTipPosition":[6.74827,281.436,35.8191],"timeVisible":2.67961,"tipPosition":[2.71505,280.674,38.7218],"tipVelocity":[-0.322033,-8.30208,4.5069],"tool":false,"touchDistance":0.205683,"touchZone":"hovering","type":0,"width":18.828},{"bases":[[[0.842775,-0.0380263,-0.536921],[0.213602,0.939224,0.268761],[0.494069,-0.341192,0.799677]],[[0.946697,-0.131104,-0.294239],[0.167866,0.980386,0.103267],[0.274929,-0.147155,0.950137]],[[0.946697,-0.131104,-0.294239],[0.139978,0.990112,0.00920513],[0.290123,-0.0499014,0.955688]],[[0.946697,-0.131104,-0.294239],[0.122382,0.991324,-0.0479481],[0.297972,0.00938277,0.954528]]],"btipPosition":[2.37039,299.676,-20.9342],"carpPosition":[53.0962,272.137,95.1696],"dipPosition":[6.53947,299.807,-7.57893],"direction":[-0.290123,0.0499014,-0.955688],"extended":true,"handId":80,"id":801,"length":48.1578,"mcpPosition":[21.9545,293.642,44.7651],"pipPosition":[12.2819,298.819,11.3373],"stabilizedTipPosition":[5.98297,297.667,-21.2636],"timeVisible":2.67961,"tipPosition":[2.26882,298.381,-17.8098],"tipVelocity":[-2.99467,12.0787,10.7271],"tool":false,"touchDistance":0.213053,"touchZone":"hovering","type":1,"width":17.9845},{"bases":[[[0.852932,-0.243327,-0.461842],[0.363803,0.911555,0.19161],[0.374371,-0.33145,0.866018]],[[0.882173,-0.271142,-0.385036],[0.299656,0.953932,0.0147983],[0.363286,-0.128433,0.922783]],[[0.882173,-0.271142,-0.385036],[0.241773,0.962405,-0.123786],[0.404124,0.0161092,0.914562]],[[0.882173,-0.271142,-0.385036],[0.204809,0.957143,-0.20477],[0.424057,0.101784,0.899898]]],"btipPosition":[9.30106,296.222,-33.7804],"carpPosition":[61.9547,273.282,89.5542],"dipPosition":[15.8268,297.788,-19.932],"direction":[-0.404124,-0.0161092,-0.914562],"extended":true,"handId":80,"id":802,"length":54.8719,"mcpPosition":[39.577,293.094,37.7889],"pipPosition":[25.2375,298.163,1.3652],"stabilizedTipPosition":[13.8966,295.257,-33.9729],"timeVisible":2.67961,"tipPosition":[10.6086,296.639,-30.7943],"tipVelocity":[-2.60486,9.61676,8.85739],"tool":false,"touchDistance":0.225541,"touchZone":"hovering","type":2,"width":17.6632},{"bases":[[[0.868859,-0.35747,-0.342488],[0.43556,0.880811,0.185633],[0.235309,-0.310463,0.921001]],[[0.850453,-0.335084,-0.405521],[0.355982,0.934149,-0.0253307],[0.387306,-0.122816,0.913734]],[[0.850453,-0.335084,-0.405521],[0.277861,0.940707,-0.194585],[0.446679,0.0528064,0.893134]],[[0.850453,-0.335084,-0.405521],[0.236199,0.932039,-0.274795],[0.470042,0.137917,0.871803]]],"btipPosition":[26.7825,289.516,-32.2035],"carpPosition":[70.9066,271.669,84.256],"dipPosition":[33.9744,291.626,-18.8645],"direction":[-0.446679,-0.0528064,-0.893134],"extended":true,"handId":80,"id":803,"length":52.7608,"mcpPosition":[58.2783,288.331,34.8286],"pipPosition":[44.1074,292.824,1.39655],"stabilizedTipPosition":[31.4575,288.242,-32.1616],"timeVisible":2.67961,"tipPosition":[29.5482,291.077,-29.9661],"tipVelocity":[-2.33307,5.48386,6.81774],"tool":false,"touchDistance":0.236512,"touchZone":"hovering","type":3,"width":16.8077},{"bases":[[[0.806263,-0.531589,-0.259523],[0.584464,0.783576,0.210738],[0.09133,-0.321592,0.942463]],[[0.76684,-0.448499,-0.459136],[0.512805,0.858316,0.0180456],[0.38599,-0.249285,0.888183]],[[0.76684,-0.448499,-0.459136],[0.411837,0.892493,-0.183974],[0.492288,-0.0480104,0.869108]],[[0.76684,-0.448499,-0.459136],[0.352732,0.892118,-0.282323],[0.536224,0.0545441,0.842311]]],"btipPosition":[47.777,287.113,-18.995],"carpPosition":[78.9447,263.919,79.3535],"dipPosition":[55.3459,287.883,-7.10554],"direction":[-0.492288,0.0480104,-0.869108],"extended":true,"handId":80,"id":804,"length":41.3635,"mcpPosition":[74.4075,279.895,32.5329],"pipPosition":[63.2308,287.114,6.81479],"stabilizedTipPosition":[52.2895,285.176,-18.742],"timeVisible":2.67961,"tipPosition":[51.482,287.84,-17.2624],"tipVelocity":[-2.11719,0.800126,5.40336],"tool":false,"touchDistance":0.234555,"touchZone":"hovering","type":4,"width":14.9299}],"r":[[0.992718,0.082932,-0.0873641],[-0.0827913,0.996553,0.00523895],[0.0874974,0.00203218,0.996163]],"s":0.863905,"t":[-130.672,137.735,121.144],"timestamp":7681489891},{"currentFrameRate":115.261,"devices":[],"gestures":[],"hands":[{"armBasis":[[0.738142,0.236054,-0.632],[0.383978,0.62326,0.681255],[0.554713,-0.745537,0.369415]],"armWidth":57.8243,"confidence":1,"direction":[-0.3091,0.463874,-0.830228],"elbow":[205.493,76.3913,187.53],"grabAngle":0.460049,"grabStrength":0,"id":80,"palmNormal":[-0.28503,-0.878034,-0.384466],"palmPosition":[47.524,279.55,53.2545],"palmVelocity":[1.26056,-1.68896,6.86099],"palmWidth":77.9484,"pinchDistance":39.1689,"pinchStrength":0,"r":[[0.99268,0.0828629,-0.0878659],[-0.0827159,0.996559,0.00531859],[0.0880042,0.00198825,0.996118]],"s":0.863967,"sphereCenter":[-12.7354,158.841,6.02783],"sphereRadius":143.699,"stabilizedPalmPosition":[49.3374,279.245,50.705],"t":[-130.675,137.726,121.207],"timeVisible":2.68846,"type":"right","wrist":[77.1744,248.851,102.075]}],"id":103020,"interactionBox":{"center":[0,200,0],"size":[235.247,235.247,147.751]},"pointables":[{"bases":[[[0.559723,0.828451,0.0194574],[-0.482099,0.306442,0.820776],[0.674011,-0.468788,0.570918]],[[0.557662,0.829879,0.0177138],[-0.401598,0.251067,0.88073],[0.726452,-0.498263,0.473288]],[[0.557662,0.829879,0.0177138],[-0.761573,0.50304,0.408604],[0.330181,-0.241353,0.91254]],[[0.557662,0.829879,0.0177138],[-0.82885,0.557873,-0.0422553],[-0.0449489,0.00888209,0.99895]]],"btipPosition":[5.48769,281.84,34.3228],"carpPosition":[44.9131,253.962,99.1865],"dipPosition":[4.62626,282.01,53.4673],"direction":[-0.330181,0.241353,-0.91254],"extended":false,"handId":80,"id":800,"length":42.6767,"mcpPosition":[44.9131,253.962,99.1865],"pipPosition":[13.8449,275.272,78.9454],"stabilizedTipPosition":[6.74618,281.436,35.8232],"timeVisible":2.68846,"tipPosition":[2.73763,280.687,38.8012],"tipVelocity":[1.84804,-9.57253,3.74519],"tool":false,"touchDistance":0.206235,"touchZone":"hovering","type":0,"width":18.8273},{"bases":[[[0.842533,-0.0382438,-0.537285],[0.214077,0.939088,0.268857],[0.494276,-0.341541,0.7994]],[[0.946512,-0.131398,-0.294701],[0.168507,0.98018,0.104173],[0.275172,-0.14826,0.949894]],[[0.946512,-0.131398,-0.294701],[0.140613,0.990012,0.0102014],[0.290417,-0.0510946,0.955535]],[[0.946512,-0.131398,-0.294701],[0.122977,0.991295,-0.047013],[0.298313,0.00825687,0.954432]]],"btipPosition":[2.36661,299.75,-20.8439],"carpPosition":[53.1208,272.112,95.2221],"dipPosition":[6.5403,299.865,-7.49047],"direction":[-0.290417,0.0510946,-0.955535],"extended":true,"handId":80,"id":801,"length":48.1559,"mcpPosition":[21.9692,293.638,44.84],"pipPosition":[12.2884,298.854,11.422],"stabilizedTipPosition":[5.97842,297.671,-21.2577],"timeVisible":2.68846,"tipPosition":[2.26105,298.403,-17.7263],"tipVelocity":[-0.306508,7.91369,10.1534],"tool":false,"touchDistance":0.214551,"touchZone":"hovering","type":1,"width":17.9838},{"bases":[[[0.852643,-0.243563,-0.462252],[0.364235,0.911377,0.191637],[0.37461,-0.331767,0.865793]],[[0.881936,-0.271436,-0.385372],[0.300272,0.953729,0.0154247],[0.363354,-0.12932,0.922632]],[[0.881936,-0.271436,-0.385372],[0.24232,0.962334,-0.123261],[0.404314,0.0153252,0.914492]],[[0.881936,-0.271436,-0.385372],[0.205229,0.957117,-0.20447],[0.424347,0.10124,0.899822]]],"btipPosition":[9.30102,296.274,-33.7011],"carpPosition":[61.9771,273.255,89.6035],"dipPosition":[15.831,297.832,-19.8544],"direction":[-0.404314,-0.0153252,-0.914492],"extended":true,"handId":80,"id":802,"length":54.8698,"mcpPosition":[39.5874,293.084,37.8566],"pipPosition":[25.2458,298.188,1.4403],"stabilizedTipPosition":[13.8922,295.259,-33.968],"timeVisible":2.68846,"tipPosition":[10.5913,296.655,-30.714],"tipVelocity":[0.105892,5.63459,8.90927],"tool":false,"touchDistance":0.226855,"touchZone":"hovering","type":2,"width":17.6625},{"bases":[[[0.868577,-0.357737,-0.342927],[0.435978,0.880606,0.185624],[0.235579,-0.310737,0.920839]],[[0.850244,-0.335435,-0.405669],[0.356524,0.933951,-0.0250144],[0.387266,-0.123363,0.913678]],[[0.850244,-0.335435,-0.405669],[0.278291,0.940601,-0.194481],[0.446809,0.0524626,0.89309]],[[0.850244,-0.335435,-0.405669],[0.23657,0.931952,-0.274773],[0.470233,0.137655,0.871741]]],"btipPosition":[26.7854,289.532,-32.1377],"carpPosition":[70.926,271.64,84.3015],"dipPosition":[33.9799,291.638,-18.8002],"direction":[-0.446809,-0.0524626,-0.89309],"extended":true,"handId":80,"id":803,"length":52.7588,"mcpPosition":[58.2844,288.315,34.8877],"pipPosition":[44.1155,292.828,1.459],"stabilizedTipPosition":[31.4536,288.245,-32.1576],"timeVisible":2.68846,"tipPosition":[29.5268,291.083,-29.8941],"tipVelocity":[0.392214,1.67516,7.3846],"tool":false,"touchDistance":0.237602,"touchZone":"hovering","type":3,"width":16.807},{"bases":[[[0.805949,-0.531848,-0.25997],[0.584855,0.783309,0.210646],[0.0916053,-0.321815,0.942361]],[[0.766597,-0.448904,-0.459145],[0.513259,0.858044,0.0180397],[0.385869,-0.249489,0.888178]],[[0.766597,-0.448904,-0.459145],[0.412134,0.892292,-0.184284],[0.492417,-0.0479573,0.869037]],[[0.766597,-0.448904,-0.459145],[0.352949,0.891905,-0.282722],[0.536429,0.0546795,0.842172]]],"btipPosition":[47.7774,287.094,-18.9391],"carpPosition":[78.9588,263.888,79.3946],"dipPosition":[55.349,287.866,-7.05203],"direction":[-0.492417,0.0479573,-0.869037],"extended":true,"handId":80,"id":804,"length":41.3619,"mcpPosition":[74.4083,279.874,32.5836],"pipPosition":[63.2356,287.098,6.86663],"stabilizedTipPosition":[52.2853,285.179,-18.7382],"timeVisible":2.68846,"tipPosition":[51.4634,287.836,-17.2001],"tipVelocity":[0.115461,-2.02238,6.25457],"tool":false,"touchDistance":0.235478,"touchZone":"hovering","type":4,"width":14.9293}],"r":[[0.99268,0.0828629,-0.0878659],[-0.0827159,0.996559,0.00531859],[0.0880042,0.00198825,0.996118]],"s":0.863967,"t":[-130.675,137.726,121.207],"timestamp":7681498744},{"currentFrameRate":115.302,"devices":[],"gestures":[],"hands":[{"armBasis":[[0.73821,0.236279,-0.631837],[0.383879,0.623052,0.681501],[0.554692,-0.74564,0.36924]],"armWidth":57.8202,"confidence":1,"direction":[-0.309022,0.464694,-0.829798],"elbow":[205.466,76.3417,187.51],"grabAngle":0.460362,"grabStrength":0,"id":80,"palmNormal":[-0.285071,-0.877644,-0.385326],"palmPosition":[47.5232,279.55,53.3126],"palmVelocity":[-0.0888486,-0.0546063,6.74425],"palmWidth":77.9452,"pinchDistance":38.9204,"pinchStrength":0,"r":[[0.992651,0.0828106,-0.0882405],[-0.0826416,0.996564,0.00557315],[0.0883988,0.00176014,0.996084]],"s":0.863979,"sphereCenter":[-12.5674,158.848,5.8997],"sphereRadius":143.677,"stabilizedPalmPosition":[49.3366,279.246,50.7061],"t":[-130.677,137.721,121.267],"timeVisible":2.69707,"type":"right","wrist":[77.1657,248.809,102.105]}],"id":103021,"interactionBox":{"center":[0,200,0],"size":[235.247,235.247,147.751]},"pointables":[{"bases":[[[0.55978,0.828393,0.020285],[-0.482123,0.305685,0.821045],[0.673947,-0.469384,0.570504]],[[0.556992,0.830324,0.0179291],[-0.402256,0.250826,0.880498],[0.726601,-0.497643,0.473711]],[[0.556992,0.830324,0.0179291],[-0.762187,0.502472,0.408158],[0.329894,-0.241006,0.912735]],[[0.556992,0.830324,0.0179291],[-0.82927,0.557209,-0.0427752],[-0.0455075,0.00895736,0.998924]]],"btipPosition":[5.49885,281.758,34.3338],"carpPosition":[44.9083,253.92,99.2153],"dipPosition":[4.62678,281.93,53.4764],"direction":[-0.329894,0.241006,-0.912735],"extended":false,"handId":80,"id":800,"length":42.6735,"mcpPosition":[44.9083,253.92,99.2153],"pipPosition":[13.8367,275.201,78.958],"stabilizedTipPosition":[6.74384,281.437,35.8279],"timeVisible":2.69707,"tipPosition":[2.75628,280.711,38.857],"tipVelocity":[1.01277,-9.51664,1.23016],"tool":false,"touchDistance":0.206412,"touchZone":"hovering","type":0,"width":18.8262},{"bases":[[[0.84256,-0.037786,-0.537276],[0.214128,0.938814,0.269772],[0.494208,-0.342345,0.799098]],[[0.946482,-0.131131,-0.294918],[0.168627,0.980026,0.105419],[0.275204,-0.149508,0.949689]],[[0.946482,-0.131131,-0.294918],[0.140668,0.989993,0.0112612],[0.29049,-0.0521442,0.955456]],[[0.946482,-0.131131,-0.294918],[0.123019,0.991339,-0.0459813],[0.298393,0.00724004,0.954415]]],"btipPosition":[2.36758,299.836,-20.759],"carpPosition":[53.1185,272.071,95.272],"dipPosition":[6.54208,299.937,-7.40677],"direction":[-0.29049,0.0521442,-0.955456],"extended":true,"handId":80,"id":801,"length":48.1523,"mcpPosition":[21.9723,293.646,44.911],"pipPosition":[12.2912,298.905,11.5027],"stabilizedTipPosition":[5.97433,297.674,-21.2522],"timeVisible":2.69707,"tipPosition":[2.26661,298.475,-17.6526],"tipVelocity":[0.133813,9.67183,9.83853],"tool":false,"touchDistance":0.215962,"touchZone":"hovering","type":1,"width":17.9827},{"bases":[[[0.852651,-0.243178,-0.46244],[0.364289,0.911166,0.192534],[0.374539,-0.332626,0.865494]],[[0.881943,-0.271132,-0.385569],[0.300426,0.953661,0.0165722],[0.363209,-0.130451,0.92253]],[[0.881943,-0.271132,-0.385569],[0.242352,0.962432,-0.122432],[0.404279,0.0145345,0.91452]],[[0.881943,-0.271132,-0.385569],[0.205149,0.957258,-0.203892],[0.424371,0.100722,0.899869]]],"btipPosition":[9.31125,296.358,-33.621],"carpPosition":[61.9738,273.218,89.6556],"dipPosition":[15.8411,297.908,-19.7746],"direction":[-0.404279,-0.0145345,-0.91452],"extended":true,"handId":80,"id":802,"length":54.8657,"mcpPosition":[39.5892,293.098,37.9288],"pipPosition":[25.2544,298.246,1.51919],"stabilizedTipPosition":[13.8882,295.261,-33.9634],"timeVisible":2.69707,"tipPosition":[10.5965,296.737,-30.6413],"tipVelocity":[1.18496,9.58543,9.30536],"tool":false,"touchDistance":0.22819,"touchZone":"hovering","type":2,"width":17.6614},{"bases":[[[0.86857,-0.357467,-0.343224],[0.43603,0.880396,0.186495],[0.235507,-0.31164,0.920553]],[[0.850302,-0.335171,-0.405768],[0.356696,0.933913,-0.0239581],[0.386982,-0.124364,0.913662]],[[0.850302,-0.335171,-0.405768],[0.278341,0.940731,-0.193784],[0.446669,0.0518326,0.893197]],[[0.850302,-0.335171,-0.405768],[0.236548,0.932113,-0.274245],[0.470141,0.137207,0.871861]]],"btipPosition":[26.8025,289.605,-32.0676],"carpPosition":[70.9214,271.608,84.353],"dipPosition":[33.995,291.704,-18.7292],"direction":[-0.446669,-0.0518326,-0.893197],"extended":true,"handId":80,"id":803,"length":52.7549,"mcpPosition":[58.2842,288.33,34.9565],"pipPosition":[44.1267,292.88,1.53092],"stabilizedTipPosition":[31.4499,288.247,-32.1537],"timeVisible":2.69707,"tipPosition":[29.5303,291.163,-29.8251],"tipVelocity":[1.93834,8.32919,8.17835],"tool":false,"touchDistance":0.238774,"touchZone":"hovering","type":3,"width":16.806},{"bases":[[[0.805926,-0.531654,-0.260438],[0.584898,0.783065,0.211432],[0.0915313,-0.322728,0.942056]],[[0.7667,-0.448693,-0.45918],[0.513412,0.857934,0.0189121],[0.38546,-0.250248,0.888142]],[[0.7667,-0.448693,-0.45918],[0.41218,0.892376,-0.183774],[0.492219,-0.0483653,0.869127]],[[0.7667,-0.448693,-0.45918],[0.352912,0.892025,-0.28239],[0.536306,0.0544585,0.842265]]],"btipPosition":[47.7939,287.143,-18.8751],"carpPosition":[78.9526,263.861,79.4393],"dipPosition":[55.3632,287.911,-6.98762],"direction":[-0.492219,0.0483653,-0.869127],"extended":true,"handId":80,"id":804,"length":41.3588,"mcpPosition":[74.4061,279.892,32.6454],"pipPosition":[63.246,287.137,6.93144],"stabilizedTipPosition":[52.2817,285.182,-18.7348],"timeVisible":2.69707,"tipPosition":[51.4642,287.903,-17.1324],"tipVelocity":[1.8541,5.56286,7.44942],"tool":false,"touchDistance":0.236546,"touchZone":"hovering","type":4,"width":14.9284}],"r":[[0.992651,0.0828106,-0.0882405],[-0.0826416,0.996564,0.00557315],[0.0883988,0.00176014,0.996084]],"s":0.863979,"t":[-130.677,137.721,121.267],"timestamp":7681507348},{"currentFrameRate":115.303,"devices":[],"gestures":[],"hands":[{"armBasis":[[0.738455,0.236676,-0.631402],[0.383657,0.622566,0.68207],[0.554519,-0.745919,0.368935]],"armWidth":57.8188,"confidence":1,"direction":[-0.309007,0.46482,-0.829733],"elbow":[205.46,76.2712,187.479],"grabAngle":0.460865,"grabStrength":0,"id":80,"palmNormal":[-0.284733,-0.877628,-0.385612],"palmPosition":[47.5663,279.543,53.3614],"palmVelocity":[4.9663,-0.741638,5.63001],"palmWidth":77.9379,"pinchDistance":38.7037,"pinchStrength":0,"r":[[0.992626,0.0828335,-0.0884986],[-0.0826425,0.996562,0.00582642],[0.088677,0.00153029,0.996059]],"s":0.863934,"sphereCenter":[-12.3062,158.847,5.86451],"sphereRadius":143.599,"stabilizedPalmPosition":[49.3359,279.246,50.7072],"t":[-130.657,137.715,121.322],"timeVisible":2.70574,"type":"right","wrist":[77.2048,248.796,102.147]}],"id":103022,"interactionBox":{"center":[0,200,0],"size":[235.247,235.247,147.751]},"pointables":[{"bases":[[[0.559526,0.828556,0.0206092],[-0.482369,0.305323,0.821035],[0.673981,-0.469332,0.570506]],[[0.55608,0.83094,0.0176984],[-0.403101,0.251018,0.880057],[0.726832,-0.496517,0.474539]],[[0.55608,0.83094,0.0176984],[-0.763003,0.501941,0.407287],[0.329547,-0.239988,0.913129]],[[0.55608,0.83094,0.0176984],[-0.829839,0.556278,-0.043851],[-0.0462828,0.00969786,0.998881]]],"btipPosition":[5.55725,281.648,34.3294],"carpPosition":[44.9506,253.902,99.255],"dipPosition":[4.67034,281.834,53.4709],"direction":[-0.329547,0.239988,-0.913129],"extended":false,"handId":80,"id":800,"length":42.6729,"mcpPosition":[44.9506,253.902,99.255],"pipPosition":[13.8705,275.134,78.9631],"stabilizedTipPosition":[6.74118,281.437,35.8335],"timeVisible":2.70574,"tipPosition":[2.81909,280.702,38.8966],"tipVelocity":[6.3418,-12.3172,-0.534439],"tool":false,"touchDistance":0.206334,"touchZone":"hovering","type":0,"width":18.8258},{"bases":[[[0.842672,-0.0373895,-0.537128],[0.213794,0.938807,0.270061],[0.494162,-0.342407,0.7991]],[[0.946532,-0.130708,-0.294946],[0.168252,0.980069,0.105622],[0.275262,-0.1496,0.949658]],[[0.946532,-0.130708,-0.294946],[0.14024,0.990053,0.0113032],[0.290535,-0.0520621,0.955447]],[[0.946532,-0.130708,-0.294946],[0.122568,0.991393,-0.0460043],[0.298421,0.00739357,0.954406]]],"btipPosition":[2.40602,299.823,-20.7084],"carpPosition":[53.154,272.056,95.3155],"dipPosition":[6.58083,299.926,-7.35659],"direction":[-0.290535,0.0520621,-0.955447],"extended":true,"handId":80,"id":801,"length":48.1516,"mcpPosition":[22.0138,293.633,44.9591],"pipPosition":[12.3307,298.896,11.5524],"stabilizedTipPosition":[5.97079,297.677,-21.2472],"timeVisible":2.70574,"tipPosition":[2.31846,298.476,-17.6073],"tipVelocity":[4.44184,-1.45595,5.81819],"tool":false,"touchDistance":0.216803,"touchZone":"hovering","type":1,"width":17.9824},{"bases":[[[0.852811,-0.242798,-0.462344],[0.363978,0.911225,0.192843],[0.374478,-0.332742,0.865476]],[[0.882101,-0.270768,-0.385465],[0.300142,0.953745,0.0168935],[0.363061,-0.130596,0.922568]],[[0.882101,-0.270768,-0.385465],[0.241996,0.962533,-0.122342],[0.404149,0.0146369,0.914576]],[[0.882101,-0.270768,-0.385465],[0.204694,0.957323,-0.204042],[0.424263,0.101083,0.89988]]],"btipPosition":[9.36441,296.35,-33.5713],"carpPosition":[62.0102,273.208,89.7012],"dipPosition":[15.8925,297.906,-19.7249],"direction":[-0.404149,-0.0146369,-0.914576],"extended":true,"handId":80,"id":802,"length":54.8649,"mcpPosition":[39.6314,293.092,37.9803],"pipPosition":[25.3026,298.247,1.56981],"stabilizedTipPosition":[13.8844,295.263,-33.9589],"timeVisible":2.70574,"tipPosition":[10.6503,296.742,-30.5947],"tipVelocity":[6.08459,-0.724922,5.73104],"tool":false,"touchDistance":0.229018,"touchZone":"hovering","type":2,"width":17.6611},{"bases":[[[0.868742,-0.357114,-0.343156],[0.435729,0.880478,0.18681],[0.235429,-0.311812,0.920514]],[[0.850515,-0.334849,-0.405586],[0.356436,0.93402,-0.0236721],[0.386752,-0.124432,0.91375]],[[0.850515,-0.334849,-0.405586],[0.277991,0.940832,-0.193796],[0.44648,0.0520771,0.893277]],[[0.850515,-0.334849,-0.405586],[0.236135,0.932168,-0.274415],[0.469961,0.137621,0.871893]]],"btipPosition":[26.8619,289.597,-32.0182],"carpPosition":[70.9594,271.601,84.4002],"dipPosition":[34.0516,291.703,-18.6795],"direction":[-0.44648,-0.0520771,-0.893277],"extended":true,"handId":80,"id":803,"length":52.754,"mcpPosition":[58.3276,288.332,35.0104],"pipPosition":[44.1788,292.884,1.58211],"stabilizedTipPosition":[31.4464,288.249,-32.1498],"timeVisible":2.70574,"tipPosition":[29.5843,291.172,-29.7757],"tipVelocity":[6.77045,-0.767585,5.70526],"tool":false,"touchDistance":0.239599,"touchZone":"hovering","type":3,"width":16.8057},{"bases":[[[0.806135,-0.531342,-0.260428],[0.584622,0.783185,0.211749],[0.0914522,-0.32295,0.941987]],[[0.76699,-0.448453,-0.458929],[0.513119,0.858106,0.0190382],[0.385272,-0.250087,0.888269]],[[0.76699,-0.448453,-0.458929],[0.411761,0.892525,-0.183992],[0.492117,-0.047849,0.869213]],[[0.76699,-0.448453,-0.458929],[0.352438,0.892106,-0.282726],[0.536203,0.0551044,0.842288]]],"btipPosition":[47.8486,287.128,-18.8249],"carpPosition":[78.994,263.859,79.4863],"dipPosition":[55.4163,287.906,-6.93727],"direction":[-0.492117,0.047849,-0.869213],"extended":true,"handId":80,"id":804,"length":41.3582,"mcpPosition":[74.4518,279.899,32.7002],"pipPosition":[63.2974,287.139,6.98295],"stabilizedTipPosition":[52.2784,285.185,-18.7315],"timeVisible":2.70574,"tipPosition":[51.5147,287.915,-17.0789],"tipVelocity":[6.26414,-1.49065,5.79288],"tool":false,"touchDistance":0.237384,"touchZone":"hovering","type":4,"width":14.9281}],"r":[[0.992626,0.0828335,-0.0884986],[-0.0826425,0.996562,0.00582642],[0.088677,0.00153029,0.996059]],"s":0.863934,"t":[-130.657,137.715,121.322],"