{"frames":72,"data":[{"currentFrameRate":113.98,"devices":[],"gestures":[],"hands":[{"armBasis":[[0.640192,0.113348,-0.759807],[0.480251,0.712909,0.510998],[0.599594,-0.692035,0.401963]],"armWidth":60.538,"confidence":1,"direction":[-0.254768,0.538921,-0.802906],"elbow":[251.536,38.3809,189.182],"grabAngle":2.70087,"grabStrength":0,"id":84,"palmNormal":[-0.447391,-0.801786,-0.396208],"palmPosition":[75.4486,245.895,40.3413],"palmVelocity":[-2.00238,-9.11591,-6.77851],"palmWidth":82.711,"pinchDistance":53.3515,"pinchStrength":0.624271,"r":[[0.966213,-0.200125,-0.162425],[0.169132,0.967817,-0.186346],[0.19449,0.152579,0.968965]],"s":1.01447,"sphereCenter":[70.2921,221.775,5.62081],"sphereRadius":44.3585,"stabilizedPalmPosition":[75.0394,246.935,41.2904],"t":[-90.8715,79.3855,91.8845],"timeVisible":9.23558,"type":"right","wrist":[104.376,208.229,90.527]}],"id":110571,"interactionBox":{"center":[0,200,0],"size":[235.247,235.247,147.751]},"pointables":[{"bases":[[[0.802337,-0.164119,-0.573864],[0.383833,0.878156,0.285505],[0.457086,-0.449339,0.767572]],[[0.902862,-0.292056,-0.315505],[0.380983,0.88356,0.272347],[0.199227,-0.366094,0.909002]],[[0.902862,-0.292056,-0.315505],[0.369971,0.901602,0.224131],[0.219001,-0.319087,0.922075]],[[0.902862,-0.292056,-0.315505],[0.352504,0.922994,0.154345],[0.246132,-0.250569,0.936288]]],"btipPosition":[35.4391,289.525,-33.7512],"carpPosition":[81.595,235.545,84.3397],"dipPosition":[39.0692,285.829,-19.9422],"direction":[-0.219001,0.319087,-0.922075],"extended":true,"handId":84,"id":841,"length":50.764,"mcpPosition":[51.0271,265.594,33.0078],"pipPosition":[43.6386,279.171,-0.703563],"stabilizedTipPosition":[36.0771,288.854,-30.3537],"timeVisible":9.23558,"tipPosition":[36.6491,289.819,-29.7883],"tipVelocity":[0.197567,-3.11615,-4.37479],"tool":false,"touchDistance":-0.247382,"touchZone":"touching","type":1,"width":18.7255},{"bases":[[[0.695414,0.718372,0.0184877],[-0.39043,0.356104,0.848973],[0.603294,-0.597605,0.528113]],[[0.549576,0.829979,-0.0953947],[-0.596828,0.469942,0.650346],[0.584604,-0.300481,0.753624]],[[0.549576,0.829979,-0.0953947],[-0.787431,0.552756,0.272788],[0.279138,-0.0748009,0.957333]],[[0.549576,0.829979,-0.0953947],[-0.832278,0.533984,-0.148909],[-0.0726524,0.161232,0.984239]]],"btipPosition":[36.5612,230.524,6.11573],"carpPosition":[69.8359,217.945,88.3724],"dipPosition":[35.0935,233.781,25.9998],"direction":[-0.279138,0.0748008,-0.957333],"extended":false,"handId":84,"id":840,"length":44.9881,"mcpPosition":[69.8359,217.945,88.3724],"pipPosition":[43.3091,231.579,54.1762],"stabilizedTipPosition":[35.5607,232.53,11.4561],"timeVisible":9.23558,"tipPosition":[34.3784,233.116,12.0326],"tipVelocity":[-4.24049,-3.02103,-6.33189],"tool":false,"touchDistance":0.303822,"touchZone":"hovering","type":0,"width":19.6037},{"bases":[[[0.779445,-0.370601,-0.505093],[0.523894,0.82769,0.201159],[0.343511,-0.421408,0.839295]],[[0.798641,-0.395204,-0.453857],[-0.1678,0.578014,-0.798588],[0.577941,0.713943,0.395311]],[[0.798641,-0.395204,-0.453857],[-0.594532,-0.635037,-0.493214],[-0.0932961,0.663733,-0.742128]],[[0.798641,-0.395204,-0.453857],[-0.382741,-0.915534,0.123717],[-0.464415,0.0749041,-0.882444]]],"btipPosition":[54.8196,214.839,40.8721],"carpPosition":[90.8281,235.327,78.0163],"dipPosition":[47.286,216.054,26.5573],"direction":[0.0932961,-0.663733,0.742128],"extended":false,"handId":84,"id":842,"length":57.8415,"mcpPosition":[69.0427,262.052,24.7883],"pipPosition":[44.9959,232.347,8.34032],"stabilizedTipPosition":[52.8758,216.381,38.6269],"timeVisible":9.23558,"tipPosition":[51.3406,212.959,36.3574],"tipVelocity":[-5.68949,-5.84825,-5.09456],"tool":false,"touchDistance":0.333333,"touchZone":"none","type":2,"width":18.3909},{"bases":[[[0.779774,-0.489909,-0.389796],[0.588927,0.785241,0.191211],[0.212408,-0.378663,0.900831]],[[0.791108,-0.511733,-0.335078],[-0.05959,0.480718,-0.874848],[0.608767,0.712066,0.349806]],[[0.791108,-0.511733,-0.335078],[-0.611227,-0.640359,-0.465126],[0.0234507,0.572773,-0.819378]],[[0.791108,-0.511733,-0.335078],[-0.469636,-0.859137,0.203287],[-0.391906,-0.00345734,-0.919999]]],"btipPosition":[69.8485,212.657,41.5889],"carpPosition":[99.6623,232.2,71.9422],"dipPosition":[63.5277,212.601,26.7507],"direction":[-0.0234507,-0.572773,0.819378],"extended":false,"handId":84,"id":843,"length":55.6162,"mcpPosition":[87.5677,253.761,20.6484],"pipPosition":[64.0884,226.298,7.15692],"stabilizedTipPosition":[68.1394,213.849,38.9509],"timeVisible":9.23558,"tipPosition":[69.0787,210.213,36.9664],"tipVelocity":[-6.57055,-8.22921,-6.13862],"tool":false,"touchDistance":0.333333,"touchZone":"none","type":3,"width":17.5001},{"bases":[[[0.691019,-0.653407,-0.309114],[0.719477,0.662924,0.207085],[0.0696082,-0.365501,0.928205]],[[0.693343,-0.668266,-0.269623],[0.0649822,0.430618,-0.900192],[0.717672,0.606621,0.341992]],[[0.693343,-0.668266,-0.269623],[-0.699889,-0.535417,-0.472741],[0.171556,0.516478,-0.838939]],[[0.693343,-0.668266,-0.269623],[-0.631117,-0.74372,0.220389],[-0.347803,0.0173589,-0.937407]]],"btipPosition":[83.1292,214.588,34.8953],"carpPosition":[106.425,222.817,66.1467],"dipPosition":[77.9542,214.846,20.9475],"direction":[-0.171556,-0.516478,0.838939],"extended":false,"handId":84,"id":844,"length":43.6021,"mcpPosition":[102.756,242.082,17.2217],"pipPosition":[80.8507,223.566,6.78312],"stabilizedTipPosition":[81.5128,215.795,32.359],"timeVisible":9.23558,"tipPosition":[81.957,212.119,29.6314],"tipVelocity":[-8.20969,-8.91344,-6.65202],"tool":false,"touchDistance":0.333333,"touchZone":"none","type":4,"width":15.545}],"r":[[0.966213,-0.200125,-0.162425],[0.169132,0.967817,-0.186346],[0.19449,0.152579,0.968965]],"s":1.01447,"t":[-90.8715,79.3855,91.8845],"timestamp":7748230215},{"currentFrameRate":113.873,"devices":[],"gestures":[],"hands":[{"armBasis":[[0.639524,0.112201,-0.760539],[0.480813,0.713549,0.509575],[0.599857,-0.691563,0.402384]],"armWidth":60.538,"confidence":1,"direction":[-0.254757,0.539764,-0.802342],"elbow":[251.552,38.3361,189.198],"grabAngle":2.70111,"grabStrength":0,"id":84,"palmNormal":[-0.448386,-0.801067,-0.396537],"palmPosition":[75.3988,245.783,40.2883],"palmVelocity":[-5.55909,-12.4053,-5.91026],"palmWidth":82.711,"pinchDistance":53.3491,"pinchStrength":0.624265,"r":[[0.966201,-0.200307,-0.162274],[0.169419,0.967844,-0.185942],[0.194301,0.152165,0.969068]],"s":1.01445,"sphereCenter":[70.189,221.698,5.56162],"sphereRadius":44.3486,"stabilizedPalmPosition":[75.0454,246.916,41.2737],"t":[-90.8971,79.2967,91.8318],"timeVisible":9.24455,"type":"right","wrist":[104.327,208.069,90.4395]}],"id":110572,"interactionBox":{"center":[0,200,0],"size":[235.247,235.247,147.751]},"pointables":[{"bases":[[[0.801829,-0.164438,-0.574482],[0.384832,0.877581,0.28593],[0.457137,-0.450346,0.766951]],[[0.902389,-0.292654,-0.316303],[0.381928,0.883091,0.272547],[0.199563,-0.366748,0.908664]],[[0.902389,-0.292654,-0.316303],[0.370886,0.901183,0.224305],[0.219403,-0.319723,0.921759]],[[0.902389,-0.292654,-0.316303],[0.353354,0.922657,0.154419],[0.246648,-0.251113,0.936006]]],"btipPosition":[35.3748,289.487,-33.751],"carpPosition":[81.5626,235.394,84.2751],"dipPosition":[39.0125,285.784,-19.9461],"direction":[-0.219403,0.319723,-0.921759],"extended":true,"handId":84,"id":841,"length":50.764,"mcpPosition":[50.9913,265.512,32.9847],"pipPosition":[43.5903,279.113,-0.714129],"stabilizedTipPosition":[36.092,288.829,-30.3784],"timeVisible":9.24455,"tipPosition":[36.5968,289.796,-29.7853],"tipVelocity":[-6.98097,-4.36114,-0.0862655],"tool":false,"touchDistance":-0.247395,"touchZone":"touching","type":1,"width":18.7255},{"bases":[[[0.696098,0.717706,0.0186004],[-0.389573,0.355829,0.849481],[0.603059,-0.598569,0.527291]],[[0.550271,0.82955,-0.095125],[-0.596148,0.470083,0.650869],[0.584645,-0.301446,0.753207]],[[0.550271,0.82955,-0.095125],[-0.786871,0.5533,0.273301],[0.27935,-0.0755388,0.957213]],[[0.550271,0.82955,-0.095125],[-0.831851,0.534772,-0.148469],[-0.0722923,0.160828,0.984331]]],"btipPosition":[36.4994,230.455,6.06571],"carpPosition":[69.7895,217.803,88.3018],"dipPosition":[35.0389,233.704,25.9517],"direction":[-0.27935,0.0755388,-0.957213],"extended":false,"handId":84,"id":840,"length":44.9881,"mcpPosition":[69.7895,217.803,88.3018],"pipPosition":[43.2608,231.481,54.1245],"stabilizedTipPosition":[35.5682,232.514,11.4459],"timeVisible":9.24455,"tipPosition":[34.3029,233.061,11.9926],"tipVelocity":[-6.70923,-7.84736,-5.53255],"tool":false,"touchDistance":0.302996,"touchZone":"hovering","type":0,"width":19.6037},{"bases":[[[0.778787,-0.370951,-0.505853],[0.524794,0.827046,0.20146],[0.343632,-0.422362,0.838765]],[[0.797991,-0.39561,-0.454647],[-0.167896,0.578591,-0.79815],[0.57881,0.71325,0.395289]],[[0.797991,-0.39561,-0.454647],[-0.595406,-0.634279,-0.493135],[-0.0932839,0.664217,-0.741697]],[[0.797991,-0.39561,-0.454647],[-0.383419,-0.915285,0.12346],[-0.464973,0.0758006,-0.882074]]],"btipPosition":[54.7479,214.748,40.8195],"carpPosition":[90.7916,235.173,77.9459],"dipPosition":[47.2053,215.978,26.5108],"direction":[0.0932839,-0.664217,0.741697],"extended":false,"handId":84,"id":842,"length":57.8415,"mcpPosition":[68.9984,261.959,24.7514],"pipPosition":[44.9154,232.282,8.30436],"stabilizedTipPosition":[52.8777,216.362,38.6115],"timeVisible":9.24455,"tipPosition":[51.259,212.875,36.2955],"tipVelocity":[-8.22902,-9.7848,-5.70821],"tool":false,"touchDistance":0.333333,"touchZone":"none","type":2,"width":18.3909},{"bases":[[[0.779075,-0.490345,-0.390646],[0.58978,0.784545,0.191439],[0.212608,-0.379541,0.900415]],[[0.790421,-0.512222,-0.335951],[-0.0598086,0.481281,-0.874524],[0.609637,0.711335,0.34978]],[[0.790421,-0.512222,-0.335951],[-0.612116,-0.639501,-0.465137],[0.0234123,0.573295,-0.819015]],[[0.790421,-0.512222,-0.335951],[-0.470237,-0.858849,0.203112],[-0.39257,-0.00256791,-0.919719]]],"btipPosition":[69.772,212.551,41.5222],"carpPosition":[99.6191,232.042,71.864],"dipPosition":[63.4405,212.509,26.6885],"direction":[-0.0234123,-0.573295,0.819015],"extended":false,"handId":84,"id":843,"length":55.6162,"mcpPosition":[87.5131,253.654,20.5939],"pipPosition":[64.0003,226.219,7.10343],"stabilizedTipPosition":[68.142,213.83,38.9384],"timeVisible":9.24455,"tipPosition":[68.993,210.111,36.8912],"tipVelocity":[-8.81026,-11.4919,-7.32563],"tool":false,"touchDistance":0.333333,"touchZone":"none","type":3,"width":17.5001},{"bases":[[[0.690216,-0.653821,-0.310033],[0.720226,0.662093,0.207141],[0.069837,-0.366266,0.927886]],[[0.692546,-0.668678,-0.270648],[0.0646711,0.431224,-0.899924],[0.718469,0.605735,0.341887]],[[0.692546,-0.668678,-0.270648],[-0.700705,-0.534393,-0.472691],[0.171446,0.517004,-0.838638]],[[0.692546,-0.668678,-0.270648],[-0.631613,-0.743325,0.220302],[-0.348491,0.0183751,-0.937132]]],"btipPosition":[83.0494,214.471,34.8167],"carpPosition":[106.37,222.657,66.0572],"dipPosition":[77.8641,214.745,20.8729],"direction":[-0.171446,-0.517004,0.838638],"extended":false,"handId":84,"id":844,"length":43.6021,"mcpPosition":[102.688,241.963,17.149],"pipPosition":[80.7587,223.474,6.71365],"stabilizedTipPosition":[81.5197,215.769,32.3438],"timeVisible":9.24455,"tipPosition":[81.8689,212.011,29.5496],"tipVelocity":[-9.17553,-12.591,-8.67052],"tool":false,"touchDistance":0.333333,"touchZone":"none","type":4,"width":15.545}],"r":[[0.966201,-0.200307,-0.162274],[0.169419,0.967844,-0.185942],[0.194301,0.152165,0.969068]],"s":1.01445,"t":[-90.8971,79.2967,91.8318],"timestamp":7748239179},{"currentFrameRate":113.479,"devices":[],"gestures":[],"hands":[{"armBasis":[[0.638738,0.110802,-0.761404],[0.481448,0.714357,0.507841],[0.600184,-0.690954,0.402941]],"armWidth":60.538,"confidence":1,"direction":[-0.254748,0.540146,-0.802088],"elbow":[251.621,38.3671,189.262],"grabAngle":2.70136,"grabStrength":0,"id":84,"palmNormal":[-0.449425,-0.800563,-0.396379],"palmPosition":[75.3847,245.688,40.2307],"palmVelocity":[-1.48263,-10.1035,-6.0721],"palmWidth":82.711,"pinchDistance":53.347,"pinchStrength":0.624175,"r":[[0.966131,-0.200636,-0.162285],[0.169814,0.967839,-0.185609],[0.194306,0.151764,0.96913]],"s":1.01441,"sphereCenter":[70.1192,221.617,5.51168],"sphereRadius":44.3391,"stabilizedPalmPosition":[75.0511,246.895,41.2561],"t":[-90.9169,79.2043,91.7766],"timeVisible":9.25404,"type":"right","wrist":[104.316,207.95,90.3666]}],"id":110573,"interactionBox":{"center":[0,200,0],"size":[235.247,235.247,147.751]},"pointables":[{"bases":[[[0.801297,-0.165127,-0.575028],[0.385874,0.877157,0.285826],[0.457192,-0.45092,0.766581]],[[0.901891,-0.29347,-0.316966],[0.382926,0.882747,0.27226],[0.199901,-0.366924,0.908519]],[[0.901891,-0.29347,-0.316966],[0.371839,0.900886,0.223919],[0.219837,-0.319811,0.921625]],[[0.901891,-0.29347,-0.316966],[0.354244,0.922395,0.153942],[0.247191,-0.251122,0.93586]]],"btipPosition":[35.3457,289.425,-33.7792],"carpPosition":[81.5668,235.285,84.2118],"dipPosition":[38.9914,285.721,-19.9765],"direction":[-0.219837,0.319811,-0.921625],"extended":true,"handId":84,"id":841,"length":50.764,"mcpPosition":[50.9918,265.441,32.9461],"pipPosition":[43.5782,279.049,-0.747332],"stabilizedTipPosition":[36.103,288.799,-30.4052],"timeVisible":9.25404,"tipPosition":[36.58,289.748,-29.8116],"tipVelocity":[-2.87,-6.57328,-3.02993],"tool":false,"touchDistance":-0.247875,"touchZone":"touching","type":1,"width":18.7255},{"bases":[[[0.696811,0.717022,0.0182689],[-0.388676,0.356069,0.849792],[0.602814,-0.599245,0.526802]],[[0.551003,0.829038,-0.095356],[-0.595384,0.470609,0.651187],[0.584734,-0.302032,0.752903]],[[0.551003,0.829038,-0.095356],[-0.786253,0.554035,0.27359],[0.279647,-0.0757746,0.957108]],[[0.551003,0.829038,-0.095356],[-0.831417,0.535549,-0.148099],[-0.0717119,0.160884,0.984365]]],"btipPosition":[36.4645,230.389,6.02331],"carpPosition":[69.7791,217.704,88.2432],"dipPosition":[35.0158,233.64,25.91],"direction":[-0.279647,0.0757746,-0.957108],"extended":false,"handId":84,"id":840,"length":44.9881,"mcpPosition":[69.7791,217.704,88.2432],"pipPosition":[43.2464,231.409,54.0797],"stabilizedTipPosition":[35.5759,232.495,11.4342],"timeVisible":9.25404,"tipPosition":[34.2608,233.007,11.9575],"tipVelocity":[-3.39232,-6.91944,-4.45107],"tool":false,"touchDistance":0.302292,"touchZone":"hovering","type":0,"width":19.6037},{"bases":[[[0.778096,-0.371628,-0.506418],[0.525732,0.8265,0.201257],[0.343761,-0.422837,0.838473]],[[0.79731,-0.396314,-0.455228],[-0.167984,0.578718,-0.798039],[0.579723,0.712755,0.394843]],[[0.79731,-0.396314,-0.455228],[-0.596319,-0.633799,-0.492648],[-0.0932797,0.664254,-0.741664]],[[0.79731,-0.396314,-0.455228],[-0.384113,-0.91495,0.123785],[-0.465569,0.0761646,-0.881728]]],"btipPosition":[54.7112,214.675,40.7808],"carpPosition":[90.7915,235.056,77.8766],"dipPosition":[47.1589,215.91,26.4777],"direction":[0.0932797,-0.664254,0.741664],"extended":false,"handId":84,"id":842,"length":57.8415,"mcpPosition":[68.9901,261.872,24.7006],"pipPosition":[44.8692,232.216,8.2721],"stabilizedTipPosition":[52.8792,216.34,38.594],"timeVisible":9.25404,"tipPosition":[51.2117,212.806,36.2492],"tipVelocity":[-4.10197,-7.58438,-3.94001],"tool":false,"touchDistance":0.333333,"touchZone":"none","type":2,"width":18.3909},{"bases":[[[0.778342,-0.491042,-0.391231],[0.59067,0.783936,0.191187],[0.212819,-0.379898,0.900214]],[[0.789703,-0.512938,-0.336546],[-0.0599848,0.48139,-0.874452],[0.61055,0.710745,0.349387]],[[0.789703,-0.512938,-0.336546],[-0.613044,-0.638905,-0.464733],[0.0233584,0.573319,-0.818999]],[[0.789703,-0.512938,-0.336546],[-0.470857,-0.858423,0.20348],[-0.393272,-0.00222389,-0.91942]]],"btipPosition":[69.7303,212.463,41.468],"carpPosition":[99.612,231.918,71.7884],"dipPosition":[63.3874,212.427,26.6392],"direction":[-0.0233584,-0.573319,0.818999],"extended":false,"handId":84,"id":843,"length":55.6162,"mcpPosition":[87.4939,253.549,20.5297],"pipPosition":[63.946,226.137,7.05443],"stabilizedTipPosition":[68.1441,213.808,38.9244],"timeVisible":9.25404,"tipPosition":[68.9416,210.023,36.8323],"tipVelocity":[-4.66981,-9.12071,-5.59307],"tool":false,"touchDistance":0.333333,"touchZone":"none","type":3,"width":17.5001},{"bases":[[[0.689376,-0.654444,-0.310587],[0.721006,0.661354,0.206785],[0.0700788,-0.366488,0.92778]],[[0.691725,-0.66938,-0.271011],[0.064628,0.431152,-0.899962],[0.719263,0.605011,0.341499]],[[0.691725,-0.66938,-0.271011],[-0.701489,-0.533667,-0.472349],[0.171551,0.516847,-0.838713]],[[0.691725,-0.66938,-0.271011],[-0.632237,-0.742685,0.220669],[-0.348987,0.0187007,-0.936941]]],"btipPosition":[82.9979,214.373,34.751],"carpPosition":[106.349,222.527,65.9757],"dipPosition":[77.8053,214.651,20.8101],"direction":[-0.171551,-0.516847,0.838713],"extended":false,"handId":84,"id":844,"length":43.6021,"mcpPosition":[102.656,241.844,17.0731],"pipPosition":[80.7017,223.377,6.64958],"stabilizedTipPosition":[81.5256,215.742,32.3273],"timeVisible":9.25404,"tipPosition":[81.8149,211.911,29.4828],"tipVelocity":[-5.59521,-10.293,-6.84739],"tool":false,"touchDistance":0.333333,"touchZone":"none","type":4,"width":15.545}],"r":[[0.966131,-0.200636,-0.162285],[0.169814,0.967839,-0.185609],[0.194306,0.151764,0.96913]],"s":1.01441,"t":[-90.9169,79.2043,91.7766],"timestamp":7748248670},{"currentFrameRate":114.275,"devices":[],"gestures":[],"hands":[{"armBasis":[[0.639319,0.11153,-0.76081],[0.480093,0.714984,0.508241],[0.600651,-0.690188,0.403558]],"armWidth":60.538,"confidence":1,"direction":[-0.255297,0.540005,-0.802009],"elbow":[251.74,38.4698,189.36],"grabAngle":2.70127,"grabStrength":0,"id":84,"palmNormal":[-0.447983,-0.80115,-0.396824],"palmPosition":[75.3549,245.572,40.1734],"palmVelocity":[-4.02978,-15.6819,-7.75851],"palmWidth":82.711,"pinchDistance":53.3419,"pinchStrength":0.624355,"r":[[0.966152,-0.200579,-0.162231],[0.169834,0.967902,-0.185264],[0.194183,0.151441,0.969205]],"s":1.01434,"sphereCenter":[70.144,221.497,5.44023],"sphereRadius":44.3412,"stabilizedPalmPosition":[75.0551,246.877,41.2417],"t":[-90.9417,79.1002,91.7203],"timeVisible":9.26142,"type":"right","wrist":[104.321,207.865,90.313]}],"id":110574,"interactionBox":{"center":[0,200,0],"size":[235.247,235.247,147.751]},"pointables":[{"bases":[[[0.801788,-0.163648,-0.574765],[0.384353,0.877679,0.286272],[0.457612,-0.450442,0.766612]],[[0.9025,-0.291943,-0.316643],[0.381364,0.883339,0.272534],[0.200139,-0.366718,0.90855]],[[0.9025,-0.291943,-0.316643],[0.370262,0.901473,0.224171],[0.22,-0.319555,0.921675]],[[0.9025,-0.291943,-0.316643],[0.352629,0.922992,0.154073],[0.247279,-0.250709,0.935948]]],"btipPosition":[35.2736,289.253,-33.8431],"carpPosition":[81.5363,235.165,84.1535],"dipPosition":[38.9207,285.556,-20.0391],"direction":[-0.22,0.319555,-0.921675],"extended":true,"handId":84,"id":841,"length":50.764,"mcpPosition":[50.9332,265.288,32.8858],"pipPosition":[43.5108,278.888,-0.808833],"stabilizedTipPosition":[36.1039,288.761,-30.4304],"timeVisible":9.26142,"tipPosition":[36.5069,289.592,-29.8704],"tipVelocity":[-9.72071,-23.0501,-8.60449],"tool":false,"touchDistance":-0.248933,"touchZone":"touching","type":1,"width":18.7255},{"bases":[[[0.695652,0.718133,0.0187844],[-0.389583,0.35516,0.849756],[0.603567,-0.598453,0.526841]],[[0.549719,0.829947,-0.0948542],[-0.596333,0.469407,0.651186],[0.584975,-0.301404,0.752967]],[[0.549719,0.829947,-0.0948542],[-0.78725,0.55269,0.273444],[0.279369,-0.0756431,0.9572]],[[0.549719,0.829947,-0.0948542],[-0.83221,0.534273,-0.148254],[-0.0723652,0.160437,0.98439]]],"btipPosition":[36.4711,230.225,5.94834],"carpPosition":[69.7752,217.564,88.1743],"dipPosition":[35.0091,233.466,25.8355],"direction":[-0.279369,0.0756431,-0.9572],"extended":false,"handId":84,"id":840,"length":44.9881,"mcpPosition":[69.7752,217.564,88.1743],"pipPosition":[43.2316,231.24,54.0079],"stabilizedTipPosition":[35.5823,232.477,11.4238],"timeVisible":9.26142,"tipPosition":[34.2632,232.834,11.8793],"tipVelocity":[0.480033,-22.5109,-10.1371],"tool":false,"touchDistance":0.301044,"touchZone":"hovering","type":0,"width":19.6037},{"bases":[[[0.778892,-0.370209,-0.506233],[0.524325,0.827275,0.201741],[0.344108,-0.422565,0.838468]],[[0.798125,-0.394882,-0.455044],[-0.168506,0.578827,-0.79785],[0.578448,0.713461,0.395437]],[[0.798125,-0.394882,-0.455044],[-0.595127,-0.634443,-0.493261],[-0.0939199,0.664493,-0.741369]],[[0.798125,-0.394882,-0.455044],[-0.382871,-0.915578,0.122991],[-0.465196,0.0760609,-0.881934]]],"btipPosition":[54.7243,214.52,40.6978],"carpPosition":[90.7638,234.952,77.8218],"dipPosition":[47.1781,215.754,26.3914],"direction":[0.0939199,-0.664493,0.741369],"extended":false,"handId":84,"id":842,"length":57.8415,"mcpPosition":[68.9406,261.751,24.6462],"pipPosition":[44.8726,232.066,8.19299],"stabilizedTipPosition":[52.8806,216.321,38.5794],"timeVisible":9.26142,"tipPosition":[51.2376,212.654,36.1722],"tipVelocity":[1.96439,-20.9666,-11.3435],"tool":false,"touchDistance":0.333333,"touchZone":"none","type":2,"width":18.3909},{"bases":[[[0.779284,-0.489661,-0.391086],[0.589336,0.784819,0.191683],[0.213072,-0.379857,0.900172]],[[0.790658,-0.511558,-0.336404],[-0.0603106,0.481703,-0.874257],[0.60928,0.711527,0.35001]],[[0.790658,-0.511558,-0.336404],[-0.61183,-0.639636,-0.465327],[0.0228649,0.573737,-0.818721]],[[0.790658,-0.511558,-0.336404],[-0.469603,-0.859245,0.202905],[-0.392851,-0.00245189,-0.919599]]],"btipPosition":[69.7497,212.337,41.3903],"carpPosition":[99.5918,231.83,71.7361],"dipPosition":[63.4136,212.297,26.5586],"direction":[-0.0228649,-0.573737,0.818721],"extended":false,"handId":84,"id":843,"length":55.6162,"mcpPosition":[87.4594,253.459,20.4799],"pipPosition":[63.9604,226.017,6.98052],"stabilizedTipPosition":[68.1459,213.79,38.9129],"timeVisible":9.26142,"tipPosition":[68.97,209.9,36.7612],"tipVelocity":[2.83943,-17.2157,-10.6101],"tool":false,"touchDistance":0.333333,"touchZone":"none","type":3,"width":17.5001},{"bases":[[[0.690548,-0.653233,-0.310532],[0.719862,0.662441,0.207292],[0.0702996,-0.366685,0.927685]],[[0.692924,-0.668327,-0.270547],[0.0648078,0.431446,-0.899808],[0.718092,0.605965,0.342272]],[[0.692924,-0.668327,-0.270547],[-0.700319,-0.53461,-0.473017],[0.171493,0.517234,-0.838486]],[[0.692924,-0.668327,-0.270547],[-0.631327,-0.743642,0.220053],[-0.348257,0.0183233,-0.93722]]],"btipPosition":[83.0093,214.278,34.68],"carpPosition":[106.347,222.452,65.923],"dipPosition":[77.8275,214.551,20.7349],"direction":[-0.171493,-0.517234,0.838486],"extended":false,"handId":84,"id":844,"length":43.6021,"mcpPosition":[102.641,241.78,17.0254],"pipPosition":[80.723,223.284,6.57824],"stabilizedTipPosition":[81.53,215.721,32.3144],"timeVisible":9.26142,"tipPosition":[81.8436,211.812,29.4187],"tipVelocity":[1.881,-12.9461,-9.74668],"tool":false,"touchDistance":0.333333,"touchZone":"none","type":4,"width":15.545}],"r":[[0.966152,-0.200579,-0.162231],[0.169834,0.967902,-0.185264],[0.194183,0.151441,0.969205]],"s":1.01434,"t":[-90.9417,79.1002,91.7203],"timestamp":7748256054},{"currentFrameRate":114.138,"devices":[],"gestures":[],"hands":[{"armBasis":[[0.640109,0.113091,-0.759915],[0.477753,0.716018,0.508989],[0.601675,-0.688861,0.4043]],"armWidth":60.538,"confidence":1,"direction":[-0.255278,0.540329,-0.801797],"elbow":[251.955,38.6391,189.489],"grabAngle":2.70138,"grabStrength":0,"id":84,"palmNormal":[-0.445796,-0.801642,-0.398292],"palmPosition":[75.3104,245.403,40.1145],"palmVelocity":[-4.94907,-18.7838,-6.54516],"palmWidth":82.711,"pinchDistance":53.3285,"pinchStrength":0.623602,"r":[[0.966296,-0.200105,-0.161959],[0.169507,0.96806,-0.184738],[0.193753,0.151058,0.969351]],"s":1.01429,"sphereCenter":[70.1909,221.348,5.3485],"sphereRadius":44.343,"stabilizedPalmPosition":[75.0594,246.853,41.2229],"t":[-90.9764,78.9637,91.6628],"timeVisible":9.27042,"type":"right","wrist":[104.284,207.708,90.2604]}],"id":110575,"interactionBox":{"center":[0,200,0],"size":[235.247,235.247,147.751]},"pointables":[{"bases":[[[0.802921,-0.161409,-0.573816],[0.382164,0.878158,0.287731],[0.457459,-0.450317,0.766776]],[[0.903503,-0.28971,-0.315833],[0.379105,0.883965,0.273653],[0.199905,-0.36698,0.908495]],[[0.903503,-0.28971,-0.315833],[0.368028,0.902099,0.22533],[0.219632,-0.319822,0.92167]],[[0.903503,-0.28971,-0.315833],[0.350424,0.92364,0.155213],[0.246749,-0.250911,0.936033]]],"btipPosition":[35.2233,289.061,-33.9145],"carpPosition":[81.4516,234.962,84.0922],"dipPosition":[38.8626,285.36,-20.1092],"direction":[-0.219632,0.319822,-0.92167],"extended":true,"handId":84,"id":841,"length":50.764,"mcpPosition":[50.8588,265.077,32.8135],"pipPosition":[43.4451,278.687,-0.879078],"stabilizedTipPosition":[36.0988,288.696,-30.4666],"timeVisible":9.27042,"tipPosition":[36.4697,289.415,-29.9386],"tipVelocity":[-5.79185,-21.5099,-7.90562],"tool":false,"touchDistance":-0.250119,"touchZone":"touching","type":1,"width":18.7255},{"bases":[[[0.69416,0.719528,0.0205111],[-0.391491,0.35347,0.849584],[0.60405,-0.597778,0.527054]],[[0.548169,0.831158,-0.0932057],[-0.59812,0.467472,0.650939],[0.584604,-0.301077,0.753386]],[[0.548169,0.831158,-0.0932057],[-0.788618,0.55077,0.273377],[0.278554,-0.076353,0.957381]],[[0.548169,0.831158,-0.0932057],[-0.833144,0.53288,-0.148022],[-0.0733621,0.158795,0.984582]]],"btipPosition":[36.4777,230.034,5.82392],"carpPosition":[69.7209,217.333,88.0782],"dipPosition":[34.9956,233.242,25.715],"direction":[-0.278554,0.076353,-0.957381],"extended":false,"handId":84,"id":840,"length":44.9881,"mcpPosition":[69.7209,217.333,88.0782],"pipPosition":[43.194,230.994,53.8927],"stabilizedTipPosition":[35.5901,232.453,11.4095],"timeVisible":9.27042,"tipPosition":[34.2881,232.607,11.7468],"tipVelocity":[0.215065,-22.1531,-13.7315],"tool":false,"touchDistance":0.298985,"touchZone":"hovering","type":0,"width":19.6037},{"bases":[[[0.78035,-0.368089,-0.505533],[0.522356,0.828128,0.203343],[0.343798,-0.422747,0.838503]],[[0.799562,-0.392776,-0.454344],[-0.16874,0.579116,-0.797591],[0.576392,0.714389,0.396762]],[[0.799562,-0.392776,-0.454344],[-0.593127,-0.635255,-0.494622],[-0.0943486,0.664964,-0.740892]],[[0.799562,-0.392776,-0.454344],[-0.381075,-0.916501,0.121685],[-0.464201,0.0758444,-0.882476]]],"btipPosition":[54.7485,214.308,40.5889],"carpPosition":[90.6884,234.775,77.7733],"dipPosition":[47.2183,215.538,26.2737],"direction":[0.0943486,-0.664964,0.740892],"extended":false,"handId":84,"id":842,"length":57.8415,"mcpPosition":[68.8847,261.585,24.5954],"pipPosition":[44.9024,231.861,8.08702],"stabilizedTipPosition":[52.8826,216.295,38.5598],"timeVisible":9.27042,"tipPosition":[51.2673,212.442,36.0461],"tipVelocity":[3.09566,-23.6984,-12.3295],"tool":false,"touchDistance":0.333333,"touchZone":"none","type":2,"width":18.3909},{"bases":[[[0.780825,-0.487661,-0.390511],[0.587467,0.785815,0.193331],[0.21259,-0.380371,0.900069]],[[0.792168,-0.509592,-0.335837],[-0.0601098,0.482456,-0.873855],[0.607336,0.712427,0.351555]],[[0.792168,-0.509592,-0.335837],[-0.609874,-0.640335,-0.466932],[0.0228964,0.574706,-0.818039]],[[0.792168,-0.509592,-0.335837],[-0.46814,-0.860413,0.201331],[-0.391555,-0.0022693,-0.920152]]],"btipPosition":[69.7698,212.152,41.2897],"carpPosition":[99.5312,231.677,71.6966],"dipPosition":[63.4546,212.116,26.4491],"direction":[-0.0228964,-0.574706,0.818039],"extended":false,"handId":84,"id":843,"length":55.6162,"mcpPosition":[87.4262,253.336,20.4462],"pipPosition":[64.0022,225.859,6.88729],"stabilizedTipPosition":[68.1484,213.766,38.8976],"timeVisible":9.27042,"tipPosition":[69.0028,209.722,36.6562],"tipVelocity":[2.77388,-20.425,-11.4113],"tool":false,"touchDistance":0.333333,"touchZone":"none","type":3,"width":17.5001},{"bases":[[[0.69231,-0.651498,-0.310253],[0.718221,0.663687,0.208993],[0.0697526,-0.367519,0.927397]],[[0.694695,-0.666921,-0.269473],[0.0658369,0.432011,-0.899462],[0.716285,0.607111,0.344024]],[[0.694695,-0.666921,-0.269473],[-0.698356,-0.535591,-0.474807],[0.172331,0.518034,-0.83782]],[[0.694695,-0.666921,-0.269473],[-0.630413,-0.744907,0.218385],[-0.346378,0.0181682,-0.937919]]],"btipPosition":[83.0178,214.143,34.601],"carpPosition":[106.313,222.319,65.883],"dipPosition":[77.864,214.414,20.6455],"direction":[-0.172331,-0.518034,0.83782],"extended":false,"handId":84,"id":844,"length":43.6021,"mcpPosition":[102.637,241.691,17.0007],"pipPosition":[80.7736,223.16,6.50004],"stabilizedTipPosition":[81.5353,215.694,32.2982],"timeVisible":9.27042,"tipPosition":[81.8827,211.671,29.3361],"tipVelocity":[1.65677,-15.0856,-9.05224],"tool":false,"touchDistance":0.333333,"touchZone":"none","type":4,"width":15.545}],"r":[[0.966296,-0.200105,-0.161959],[0.169507,0.96806,-0.184738],[0.193753,0.151058,0.969351]],"s":1.01429,"t":[-90.9764,78.9637,91.6628],"timestamp":7748265050},{"currentFrameRate":114.399,"devices":[],"gestures":[],"hands":[{"armBasis":[[0.641764,0.116064,-0.758069],[0.474271,0.716728,0.511242],[0.602666,-0.687627,0.404924]],"armWidth":60.538,"confidence":1,"direction":[-0.256501,0.538882,-0.80238],"elbow":[252.237,38.8743,189.635],"grabAngle":2.70097,"grabStrength":0,"id":84,"palmNormal":[-0.441625,-0.803774,-0.398641],"palmPosition":[75.2703,245.203,40.0561],"palmVelocity":[-4.83487,-24.116,-7.04067],"palmWidth":82.711,"pinchDistance":53.3253,"pinchStrength":0.62316,"r":[[0.966636,-0.198876,-0.161441],[0.168436,0.968322,-0.184341],[0.192988,0.150998,0.969513]],"s":1.01431,"sphereCenter":[70.3211,221.103,5.27976],"sphereRadius":44.3578,"stabilizedPalmPosition":[75.0628,246.826,41.2043],"t":[-91.0138,78.7954,91.6048],"timeVisible":9.27871,"type":"right","wrist":[104.323,207.641,90.2536]}],"id":110576,"interactionBox":{"center":[0,200,0],"size":[235.247,235.247,147.751]},"pointables":[{"bases":[[[0.80448,-0.158042,-0.572568],[0.377816,0.879963,0.287957],[0.45833,-0.447982,0.767624]],[[0.905244,-0.285778,-0.314428],[0.374771,0.885716,0.27396],[0.200202,-0.365839,0.90889]],[[0.905244,-0.285778,-0.314428],[0.36377,0.903663,0.225976],[0.219558,-0.318943,0.921992]],[[0.905244,-0.285778,-0.314428],[0.346168,0.925151,0.15577],[0.246378,-0.249854,0.936414]]],"btipPosition":[35.1025,288.672,-34.0435],"carpPosition":[81.3931,234.806,84.0468],"dipPosition":[38.7363,284.987,-20.2326],"direction":[-0.219558,0.318943,-0.921992],"extended":true,"handId":84,"id":841,"length":50.764,"mcpPosition":[50.742,264.765,32.7115],"pipPosition":[43.3172,278.333,-0.995754],"stabilizedTipPosition":[36.0806,288.597,-30.512],"timeVisible":9.27871,"tipPosition":[36.3367,289.014,-30.0722],"tipVelocity":[-14.7204,-46.3906,-15.4005],"tool":false,"touchDistance":-0.252247,"touchZone":"touching","type":1,"width":18.7255},{"bases":[[[0.690912,0.722626,0.0212593],[-0.39432,0.352041,0.848869],[0.605931,-0.594877,0.528175]],[[0.544615,0.833547,-0.0926999],[-0.601012,0.464978,0.650062],[0.584961,-0.29832,0.754206]],[[0.544615,0.833547,-0.0926999],[-0.791274,0.547315,0.272638],[0.277993,-0.0751316,0.957641]],[[0.544615,0.833547,-0.0926999],[-0.835357,0.52929,-0.14843],[-0.0746582,0.158275,0.984569]]],"btipPosition":[36.5185,229.676,5.72344],"carpPosition":[69.7352,217.126,88.0222],"dipPosition":[35.0103,232.874,25.6142],"direction":[-0.277993,0.0751316,-0.957641],"extended":false,"handId":84,"id":840,"length":44.9881,"mcpPosition":[69.7352,217.126,88.0222],"pipPosition":[43.1922,230.663,53.7996],"stabilizedTipPosition":[35.5985,232.424,11.3934],"timeVisible":9.27871,"tipPosition":[34.3529,232.208,11.6289],"tipVelocity":[4.20166,-43.3497,-12.1231],"tool":false,"touchDistance":0.29731,"touchZone":"hovering","type":0,"width":19.6037},{"bases":[[[0.782731,-0.364794,-0.504239],[0.518355,0.830527,0.203795],[0.344441,-0.420892,0.839172]],[[0.801977,-0.389376,-0.453012],[-0.170102,0.578107,-0.798033],[0.572624,0.717062,0.397395]],[[0.801977,-0.389376,-0.453012],[-0.589593,-0.637819,-0.495547],[-0.0959857,0.66451,-0.741089]],[[0.801977,-0.389376,-0.453012],[-0.377394,-0.91811,0.12103],[-0.463041,0.0739011,-0.883251]]],"btipPosition":[54.8373,214.005,40.5059],"carpPosition":[90.6399,234.658,77.7416],"dipPosition":[47.326,215.204,26.1781],"direction":[0.0959857,-0.66451,0.741089],"extended":false,"handId":84,"id":842,"length":57.8415,"mcpPosition":[68.7954,261.351,24.5213],"pipPosition":[44.9699,231.515,7.98661],"stabilizedTipPosition":[52.8861,216.264,38.539],"timeVisible":9.27871,"tipPosition":[51.3822,212.136,35.9661],"tipVelocity":[11.235,-37.4403,-10.3578],"tool":false,"touchDistance":0.333333,"touchZone":"none","type":2,"width":18.3909},{"bases":[[[0.783569,-0.484319,-0.389171],[0.583669,0.788502,0.193896],[0.212954,-0.379078,0.900528]],[[0.794929,-0.506179,-0.334471],[-0.0609056,0.48193,-0.87409],[0.603638,0.715211,0.352271]],[[0.794929,-0.506179,-0.334471],[-0.60631,-0.642961,-0.467963],[0.021821,0.574791,-0.818009]],[[0.794929,-0.506179,-0.334471],[-0.464727,-0.862419,0.200655],[-0.390022,-0.00406896,-0.920797]]],"btipPosition":[69.8669,211.918,41.2282],"carpPosition":[99.5054,231.598,71.6792],"dipPosition":[63.5765,211.853,26.3772],"direction":[-0.021821,-0.574791,0.818009],"extended":false,"handId":84,"id":843,"length":55.6162,"mcpPosition":[87.3796,253.182,20.4027],"pipPosition":[64.0983,225.598,6.81614],"stabilizedTipPosition":[68.1525,213.738,38.8815],"timeVisible":9.27871,"tipPosition":[69.1264,209.495,36.6034],"tipVelocity":[12.3912,-28.9988,-7.70004],"tool":false,"touchDistance":0.333333,"touchZone":"none","type":3,"width":17.5001},{"bases":[[[0.695668,-0.648519,-0.308981],[0.714943,0.666964,0.209798],[0.070021,-0.366853,0.92764]],[[0.698062,-0.663921,-0.268175],[0.0654371,0.432111,-0.899443],[0.713041,0.610319,0.345085]],[[0.698062,-0.663921,-0.268175],[-0.695169,-0.53863,-0.476044],[0.171608,0.518735,-0.837535]],[[0.698062,-0.663921,-0.268175],[-0.627549,-0.747619,0.217367],[-0.344808,0.016557,-0.938527]]],"btipPosition":[83.116,213.971,34.5562],"carpPosition":[106.338,222.267,65.8793],"dipPosition":[77.9855,214.217,20.5917],"direction":[-0.171608,-0.518735,0.837535],"extended":false,"handId":84,"id":844,"length":43.6021,"mcpPosition":[102.647,241.604,16.9841],"pipPosition":[80.8829,222.975,6.45106],"stabilizedTipPosition":[81.5423,215.665,32.2817],"timeVisible":9.27871,"tipPosition":[82.0089,211.499,29.3023],"tipVelocity":[12.4864,-21.4698,-5.64706],"tool":false,"touchDistance":0.333333,"touchZone":"none","type":4,"width":15.545}],"r":[[0.966636,-0.198876,-0.161441],[0.168436,0.968322,-0.184341],[0.192988,0.150998,0.969513]],"s":1.01431,"t":[-91.0138,78.7954,91.6048],"timestamp":7748273343},{"currentFrameRate":114.388,"devices":[],"gestures":[],"hands":[{"armBasis":[[0.644109,0.120705,-0.75535],[0.469311,0.717418,0.514839],[0.604045,-0.686106,0.405448]],"armWidth":60.538,"confidence":1,"direction":[-0.257493,0.536802,-0.803455],"elbow":[252.587,39.1337,189.791],"grabAngle":2.70072,"grabStrength":0,"id":84,"palmNormal":[-0.435735,-0.806658,-0.399297],"palmPosition":[75.2121,244.907,39.9919],"palmVelocity":[-6.63976,-33.7658,-7.32228],"palmWidth":82.711,"pinchDistance":53.3043,"pinchStrength":0.621754,"r":[[0.96723,-0.196763,-0.160468],[0.166526,0.968705,-0.184065],[0.191663,0.151311,0.969727]],"s":1.01442,"sphereCenter":[70.5193,220.734,5.20043],"sphereRadius":44.3834,"stabilizedPalmPosition":[75.0655,246.792,41.1825],"t":[-91.0616,78.5634,91.5437],"timeVisible":9.28747,"type":"right","wrist":[104.334,207.527,90.2802]}],"id":110577,"interactionBox":{"center":[0,200,0],"size":[235.247,235.247,147.751]},"pointables":[{"bases":[[[0.80698,-0.153637,-0.570245],[0.371779,0.882391,0.288385],[0.458873,-0.444726,0.769191]],[[0.907772,-0.280561,-0.311825],[0.368653,0.888268,0.273998],[0.200111,-0.363683,0.909775]],[[0.907772,-0.280561,-0.311825],[0.357834,0.905854,0.22668],[0.21887,-0.317356,0.922703]],[[0.907772,-0.280561,-0.311825],[0.340333,0.927183,0.156541],[0.2452,-0.248228,0.937155]]],"btipPosition":[34.9838,288.088,-34.2472],"carpPosition":[81.2755,234.577,84.0065],"dipPosition":[38.6001,284.427,-20.4254],"direction":[-0.21887,0.317356,-0.922703],"extended":true,"handId":84,"id":841,"length":50.764,"mcpPosition":[50.5881,264.318,32.5664],"pipPosition":[43.1668,277.806,-1.17366],"stabilizedTipPosition":[36.047,288.426,-30.5826],"timeVisible":9.28747,"tipPosition":[36.2115,288.437,-30.2738],"tipVelocity":[-14.0079,-66.0482,-22.9586],"tool":false,"touchDistance":-0.2556,"touchZone":"touching","type":1,"width":18.7255},{"bases":[[[0.686538,0.726741,0.0226578],[-0.398743,0.350261,0.847538],[0.608004,-0.590902,0.53025]],[[0.539942,0.836687,-0.0917491],[-0.605269,0.461706,0.648442],[0.584904,-0.294588,0.755715]],[[0.539942,0.836687,-0.0917491],[-0.794893,0.54272,0.271293],[0.276781,-0.0735516,0.958114]],[[0.539942,0.836687,-0.0917491],[-0.838198,0.524554,-0.149222],[-0.0767244,0.157475,0.984538]]],"btipPosition":[36.5755,229.181,5.58152],"carpPosition":[69.7122,216.83,87.9621],"dipPosition":[35.0255,232.362,25.4717],"direction":[-0.276781,0.0735516,-0.958114],"extended":false,"handId":84,"id":840,"length":44.9881,"mcpPosition":[69.7122,216.83,87.9621],"pipPosition":[43.1717,230.197,53.671],"stabilizedTipPosition":[35.6092,232.38,11.372],"timeVisible":9.28747,"tipPosition":[34.461,231.64,11.4541],"tipVelocity":[5.40442,-56.9806,-16.2138],"tool":false,"touchDistance":0.294942,"touchZone":"hovering","type":0,"width":19.6037},{"bases":[[[0.786274,-0.360468,-0.501833],[0.51284,0.833736,0.204644],[0.344629,-0.418267,0.840407]],[[0.805524,-0.384901,-0.450536],[-0.171562,0.576264,-0.799053],[0.567184,0.720951,0.39816]],[[0.805524,-0.384901,-0.450536],[-0.584441,-0.641512,-0.496881],[-0.0977742,0.663562,-0.741705]],[[0.805524,-0.384901,-0.450536],[-0.372298,-0.920252,0.120546],[-0.461005,0.0706307,-0.884582]]],"btipPosition":[54.9632,213.574,40.4177],"carpPosition":[90.5404,234.479,77.7269],"dipPosition":[47.4849,214.72,26.0683],"direction":[0.0977742,-0.663562,0.741705],"extended":false,"handId":84,"id":842,"length":57.8415,"mcpPosition":[68.6841,261.005,24.4282],"pipPosition":[45.0849,231.008,7.8617],"stabilizedTipPosition":[52.8927,216.219,38.513],"timeVisible":9.28747,"tipPosition":[51.5346,211.698,35.8607],"tipVelocity":[15.2317,-50.5454,-10.6326],"tool":false,"touchDistance":0.333333,"touchZone":"none","type":2,"width":18.3909},{"bases":[[[0.787506,-0.479909,-0.38668],[0.57843,0.792093,0.194954],[0.212727,-0.377195,0.901372]],[[0.798845,-0.501663,-0.331934],[-0.061499,0.480808,-0.874667],[0.598385,0.719137,0.353239]],[[0.798845,-0.501663,-0.331934],[-0.601175,-0.64667,-0.469475],[0.0208665,0.574589,-0.818176]],[[0.798845,-0.501663,-0.331934],[-0.460209,-0.865036,0.199801],[-0.387368,-0.00685113,-0.9219]]],"btipPosition":[69.9977,211.58,41.1764],"carpPosition":[99.4406,231.468,71.691],"dipPosition":[63.75,211.469,26.3075],"direction":[-0.0208665,-0.574589,0.818176],"extended":false,"handId":84,"id":843,"length":55.6162,"mcpPosition":[87.3278,252.945,20.3664],"pipPosition":[64.249,225.209,6.74248],"stabilizedTipPosition":[68.1596,213.7,38.8619],"timeVisible":9.28747,"tipPosition":[69.2897,209.163,36.5482],"tipVelocity":[16.0504,-39.8562,-6.38768],"tool":false,"touchDistance":0.333333,"touchZone":"none","type":3,"width":17.5001},{"bases":[[[0.700363,-0.644575,-0.306618],[0.710381,0.67135,0.211301],[0.0696491,-0.365803,0.928083]],[[0.702759,-0.660134,-0.26524],[0.0656972,0.431453,-0.89974],[0.708388,0.614875,0.346576]],[[0.702759,-0.660134,-0.26524],[-0.690449,-0.54299,-0.477957],[0.171493,0.519023,-0.83738]],[[0.702759,-0.660134,-0.26524],[-0.623934,-0.751023,0.216033],[-0.341812,0.0136733,-0.939669]]],"btipPosition":[83.2416,213.721,34.5387],"carpPosition":[106.344,222.174,65.9163],"dipPosition":[78.1557,213.925,20.5572],"direction":[-0.171493,-0.519023,0.83738],"extended":false,"handId":84,"id":844,"length":43.6021,"mcpPosition":[102.673,241.455,16.9977],"pipPosition":[81.0511,222.688,6.41922],"stabilizedTipPosition":[81.5527,215.628,32.2627],"timeVisible":9.28747,"tipPosition":[82.1807,211.239,29.2822],"tipVelocity":[15.5017,-29.5969,-2.43964],"tool":false,"touchDistance":0.333333,"touchZone":"none","type":4,"width":15.545}],"r":[[0.96723,-0.196763,-0.160468],[0.166526,0.968705,-0.184065],[0.191663,0.151311,0.969727]],"s":1.01442,"t":[-91.0616,78.5634,91.5437],"timestamp":7748282105},{"currentFrameRate":114.394,"devices":[],"gestures":[],"hand