{"frames":83,"data":[{"currentFrameRate":57.6593,"devices":[],"gestures":[],"hands":[{"armBasis":[[0.921914,0.176755,-0.344721],[0.261965,0.371104,0.890874],[0.285393,-0.911614,0.295822]],"armWidth":56.6405,"confidence":1,"direction":[0.0595012,0.942587,-0.328617],"elbow":[93.6363,-68.9305,242.734],"grabAngle":2.98978,"grabStrength":0.181078,"id":69,"palmNormal":[-0.258325,-0.303446,-0.917163],"palmPosition":[19.4222,208.649,149.331],"palmVelocity":[-55.0266,-65.3723,-593.564],"palmWidth":79.644,"pinchDistance":33.0795,"pinchStrength":0.509518,"r":[[0.987165,0.0954421,-0.128051],[-0.0584707,0.962104,0.26634],[0.148618,-0.255434,0.955335]],"s":1.02186,"sphereCenter":[22.5408,205.851,104.644],"sphereRadius":42.1552,"stabilizedPalmPosition":[33.1144,219.038,177.244],"t":[-73.4581,24.5635,-0.685314],"timeVisible":21.385,"type":"right","wrist":[26.1886,146.513,172.821]}],"id":42360,"interactionBox":{"center":[0,200,0],"size":[235.247,235.247,147.751]},"pointables":[{"bases":[[[0.960526,0.0207797,-0.277414],[0.240153,0.441401,0.864576],[0.140416,-0.897069,0.418987]],[[0.967616,-0.0375108,-0.249623],[0.171885,0.822126,0.542738],[0.184863,-0.568068,0.80195]],[[0.967616,-0.0375108,-0.249623],[0.0965982,0.968649,0.228885],[0.233212,-0.245586,0.940904]],[[0.967616,-0.0375108,-0.249623],[0.0462707,0.998499,0.0293154],[0.248149,-0.0399163,0.967899]]],"btipPosition":[-15.4742,259.992,84.4397],"carpPosition":[9.12503,175.138,175.795],"dipPosition":[-11.7726,259.396,98.8777],"direction":[-0.233212,0.245586,-0.940904],"extended":true,"handId":69,"id":691,"length":51.343,"mcpPosition":[0.0828034,232.906,148.814],"pipPosition":[-6.85126,254.214,118.733],"stabilizedTipPosition":[-5.39213,269.389,108.514],"timeVisible":21.385,"tipPosition":[-13.9893,263.243,89.24],"tipVelocity":[-23.0724,-140.768,-656.007],"tool":false,"touchDistance":0.296007,"touchZone":"hovering","type":1,"width":17.3092},{"bases":[[[0.630665,0.399221,0.665496],[-0.683696,-0.119915,0.719847],[0.367181,-0.908979,0.19732]],[[0.537376,0.58466,0.607783],[-0.800297,0.126224,0.586167],[0.265992,-0.801399,0.535732]],[[0.537376,0.58466,0.607783],[-0.843302,0.379681,0.380375],[-0.00837353,-0.716948,0.697076]],[[0.537376,0.58466,0.607783],[-0.811177,0.555475,0.182866],[-0.230693,-0.591287,0.772761]]],"btipPosition":[-9.3196,230.54,104.819],"carpPosition":[-2.66061,162.101,164.767],"dipPosition":[-14.0333,218.459,120.608],"direction":[0.00837353,0.716948,-0.697076],"extended":false,"handId":69,"id":690,"length":45.5012,"mcpPosition":[-2.66061,162.101,164.767],"pipPosition":[-14.2826,197.117,141.359],"stabilizedTipPosition":[2.03246,233.861,120.757],"timeVisible":21.385,"tipPosition":[-8.83697,226.632,107.1],"tipVelocity":[-47.3826,-62.065,-604.477],"tool":false,"touchDistance":0.640837,"touchZone":"hovering","type":0,"width":18.121},{"bases":[[[0.915557,-0.176163,-0.361554],[0.402108,0.418758,0.814218],[0.00796805,-0.890847,0.454233]],[[0.915495,-0.196875,-0.35087],[0.0650122,0.933024,-0.353893],[0.397043,0.301177,0.866977]],[[0.915495,-0.196875,-0.35087],[-0.390172,-0.221673,-0.893659],[0.0981606,0.95504,-0.279756]],[[0.915495,-0.196875,-0.35087],[-0.364028,-0.77671,-0.51401],[-0.171329,0.5983,-0.782741]]],"btipPosition":[2.83037,184.682,129.473],"carpPosition":[19.6515,176.48,173.909],"dipPosition":[0.0194234,194.498,116.631],"direction":[-0.0981606,-0.95504,0.279756],"extended":false,"handId":69,"id":692,"length":58.5013,"mcpPosition":[19.1649,230.883,146.17],"pipPosition":[2.45645,218.208,109.685],"stabilizedTipPosition":[15.1957,199.908,144.583],"timeVisible":21.385,"tipPosition":[2.80735,187.305,125.07],"tipVelocity":[-26.3272,-96.2474,-559.047],"tool":false,"touchDistance":0.941989,"touchZone":"none","type":2,"width":16.9999},{"bases":[[[0.873816,-0.336402,-0.351112],[0.466542,0.37649,0.800371],[-0.137056,-0.863185,0.485928]],[[0.880462,-0.284036,-0.379619],[0.133803,0.916999,-0.375779],[0.454845,0.280065,0.845387]],[[0.880462,-0.284036,-0.379619],[-0.43936,-0.187887,-0.878442],[0.178184,0.940224,-0.290222]],[[0.880462,-0.284036,-0.379619],[-0.450059,-0.752523,-0.480787],[-0.149111,0.594165,-0.790401]]],"btipPosition":[17.6543,179.535,130.648],"carpPosition":[29.7595,175.565,170.356],"dipPosition":[15.2219,189.228,117.755],"direction":[-0.178184,-0.940224,0.290222],"extended":false,"handId":69,"id":693,"length":56.2505,"mcpPosition":[37.2742,222.893,143.713],"pipPosition":[19.5314,211.968,110.735],"stabilizedTipPosition":[28.5847,193.786,146.264],"timeVisible":21.385,"tipPosition":[16.7362,182.329,126.555],"tipVelocity":[-23.8074,-95.0152,-554.262],"tool":false,"touchDistance":0.961377,"touchZone":"none","type":3,"width":16.1765},{"bases":[[[0.762902,-0.491597,-0.419897],[0.582819,0.241834,0.775782],[-0.279827,-0.83657,0.471008]],[[0.760702,-0.498089,-0.416221],[0.346777,0.8539,-0.388073],[0.548706,0.150872,0.822289]],[[0.760702,-0.498089,-0.416221],[-0.507788,-0.0572186,-0.85958],[0.404332,0.865236,-0.29645]],[[0.760702,-0.498089,-0.416221],[-0.648746,-0.604625,-0.462123],[-0.021479,0.621559,-0.783073]]],"btipPosition":[28.6595,183.872,130.239],"carpPosition":[37.9773,170.199,162.683],"dipPosition":[28.3363,193.226,118.455],"direction":[-0.404332,-0.865236,0.29645],"extended":false,"handId":69,"id":694,"length":44.0994,"mcpPosition":[52.1798,212.659,138.777],"pipPosition":[35.2407,208.001,113.393],"stabilizedTipPosition":[42.3414,196.548,145.487],"timeVisible":21.385,"tipPosition":[30.0243,185.662,125.759],"tipVelocity":[-59.2485,-76.9261,-544.409],"tool":false,"touchDistance":0.958813,"touchZone":"none","type":4,"width":14.3692}],"r":[[0.987165,0.0954421,-0.128051],[-0.0584707,0.962104,0.26634],[0.148618,-0.255434,0.955335]],"s":1.02186,"t":[-73.4581,24.5635,-0.685314],"timestamp":1130971713880},{"currentFrameRate":57.6445,"devices":[],"gestures":[],"hands":[{"armBasis":[[0.929604,0.165774,-0.329175],[0.239961,0.405671,0.881958],[0.279742,-0.89886,0.337334]],"armWidth":56.6405,"confidence":1,"direction":[0.0521251,0.941818,-0.332056],"elbow":[91.321,-68.3637,239.897],"grabAngle":3.00305,"grabStrength":0.206959,"id":69,"palmNormal":[-0.235882,-0.311488,-0.920508],"palmPosition":[18.1237,205.897,135.954],"palmVelocity":[-74.6439,-158.192,-768.909],"palmWidth":79.644,"pinchDistance":32.583,"pinchStrength":0.519814,"r":[[0.988112,0.0978461,-0.118579],[-0.0640895,0.963266,0.260789],[0.139741,-0.250089,0.958086]],"s":1.02414,"sphereCenter":[22.1687,202.93,91.4852],"sphereRadius":42.1688,"stabilizedPalmPosition":[33.1124,219.037,177.238],"t":[-74.5279,22.907,-11.4001],"timeVisible":21.4024,"type":"right","wrist":[25.2089,144.066,160.174]}],"id":42361,"interactionBox":{"center":[0,200,0],"size":[235.247,235.247,147.751]},"pointables":[{"bases":[[[0.965359,0.0336184,-0.258752],[0.216726,0.448914,0.866895],[0.145301,-0.892942,0.426077]],[[0.972632,-0.0230966,-0.231201],[0.145703,0.835726,0.529465],[0.180991,-0.548661,0.816219]],[[0.972632,-0.0230966,-0.231201],[0.0756906,0.972266,0.221293],[0.219677,-0.232736,0.947405]],[[0.972632,-0.0230966,-0.231201],[0.0277851,0.999469,0.0170431],[0.230684,-0.0230006,0.972757]]],"btipPosition":[-16.4202,255.698,69.8215],"carpPosition":[7.80217,172.362,162.378],"dipPosition":[-12.9791,255.355,84.332],"direction":[-0.219677,0.232736,-0.947405],"extended":true,"handId":69,"id":691,"length":51.343,"mcpPosition":[-1.55459,229.864,134.94],"pipPosition":[-8.34342,250.444,104.325],"stabilizedTipPosition":[-5.39739,269.382,108.496],"timeVisible":21.4024,"tipPosition":[-14.9378,259.509,74.8648],"tipVelocity":[-57.8227,-243.453,-839.313],"tool":false,"touchDistance":0.0526481,"touchZone":"hovering","type":1,"width":17.3092},{"bases":[[[0.61163,0.411556,0.67567],[-0.695811,-0.126605,0.706979],[0.376505,-0.902548,0.20893]],[[0.517127,0.594789,0.615472],[-0.811955,0.113435,0.572591],[0.270755,-0.795838,0.541602]],[[0.517127,0.594789,0.615472],[-0.85586,0.367035,0.364402],[-0.00915775,-0.7152,0.69886]],[[0.517127,0.594789,0.615472],[-0.822454,0.544394,0.164937],[-0.236957,-0.591491,0.770707]]],"btipPosition":[-10.2895,227.25,90.9713],"carpPosition":[-3.57375,159.102,151.187],"dipPosition":[-15.1313,215.164,106.719],"direction":[0.00915775,0.7152,-0.69886],"extended":false,"handId":69,"id":690,"length":45.5012,"mcpPosition":[-3.57375,159.102,151.187],"pipPosition":[-15.4039,193.874,127.523],"stabilizedTipPosition":[2.03076,233.86,120.754],"timeVisible":21.4024,"tipPosition":[-9.60195,223.289,93.1232],"tipVelocity":[-57.4445,-189.187,-796.511],"tool":false,"touchDistance":0.409889,"touchZone":"hovering","type":0,"width":18.121},{"bases":[[[0.924928,-0.164355,-0.342776],[0.379949,0.428421,0.819813],[0.0121119,-0.888506,0.458705]],[[0.924973,-0.18357,-0.332756],[0.0495364,0.926368,-0.373348],[0.37679,0.328853,0.865959]],[[0.924973,-0.18357,-0.332756],[-0.370939,-0.245712,-0.895561],[0.0826361,0.951802,-0.29537]],[[0.924973,-0.18357,-0.332756],[-0.33885,-0.794812,-0.503443],[-0.172061,0.578426,-0.797382]]],"btipPosition":[2.51831,181.15,116.653],"carpPosition":[18.3428,173.85,160.691],"dipPosition":[-0.304644,190.64,103.57],"direction":[-0.0826361,-0.951802,0.29537],"extended":false,"handId":69,"id":692,"length":58.5013,"mcpPosition":[17.6031,228.109,132.679],"pipPosition":[1.74696,214.271,96.2371],"stabilizedTipPosition":[15.1954,199.907,144.582],"timeVisible":21.4024,"tipPosition":[2.27524,184.148,111.605],"tipVelocity":[-18.0961,-207.304,-740.108],"tool":false,"touchDistance":0.727395,"touchZone":"none","type":2,"width":16.9999},{"bases":[[[0.885338,-0.32514,-0.332357],[0.445252,0.387042,0.807433],[-0.133893,-0.862834,0.487432]],[[0.891773,-0.272816,-0.360987],[0.12032,0.912044,-0.392044],[0.436192,0.30618,0.846162]],[[0.891773,-0.272816,-0.360987],[-0.421618,-0.211404,-0.881786],[0.164251,0.938552,-0.303549]],[[0.891773,-0.272816,-0.360987],[-0.42739,-0.769843,-0.474004],[-0.148587,0.576986,-0.803124]]],"btipPosition":[17.308,176.32,118.049],"carpPosition":[28.5306,173.067,157.34],"dipPosition":[14.8842,185.732,104.948],"direction":[-0.164251,-0.938552,0.303549],"extended":false,"handId":69,"id":693,"length":56.2505,"mcpPosition":[35.8719,220.375,130.614],"pipPosition":[18.8567,208.432,97.6069],"stabilizedTipPosition":[28.5844,193.786,146.263],"timeVisible":21.4024,"tipPosition":[16.2921,179.388,113.347],"tipVelocity":[-19.7924,-188.524,-726.931],"tool":false,"touchDistance":0.750603,"touchZone":"none","type":3,"width":16.1765},{"bases":[[[0.77807,-0.48227,-0.40252],[0.563944,0.253999,0.785781],[-0.276718,-0.838392,0.469603]],[[0.77097,-0.502908,-0.390753],[0.345902,0.845825,-0.406119],[0.534749,0.177943,0.826063]],[[0.77097,-0.502908,-0.390753],[-0.491621,-0.0799137,-0.867135],[0.404863,0.860637,-0.308851]],[[0.77097,-0.502908,-0.390753],[-0.636771,-0.619599,-0.458933],[-0.0113087,0.602644,-0.79793]]],"btipPosition":[27.7676,181.08,117.802],"carpPosition":[36.9744,167.787,149.856],"dipPosition":[27.5974,190.149,105.794],"direction":[-0.404863,-0.860637,0.308851],"extended":false,"handId":69,"id":694,"length":44.0994,"mcpPosition":[51.0192,210.339,126.021],"pipPosition":[34.5109,204.846,100.52],"stabilizedTipPosition":[42.3369,196.544,145.478],"timeVisible":21.4024,"tipPosition":[29.4405,182.968,112.81],"tipVelocity":[-49.2463,-164.264,-717.879],"tool":false,"touchDistance":0.750664,"touchZone":"none","type":4,"width":14.3692}],"r":[[0.988112,0.0978461,-0.118579],[-0.0640895,0.963266,0.260789],[0.139741,-0.250089,0.958086]],"s":1.02414,"t":[-74.5279,22.907,-11.4001],"timestamp":1130971731277},{"currentFrameRate":57.6624,"devices":[],"gestures":[],"hands":[{"armBasis":[[0.932001,0.146583,-0.331492],[0.235949,0.44889,0.861874],[0.275139,-0.881483,0.38378]],"armWidth":56.6405,"confidence":1,"direction":[0.0475492,0.930795,-0.362435],"elbow":[89.2809,-66.6014,237.757],"grabAngle":3.00157,"grabStrength":0.203584,"id":69,"palmNormal":[-0.231986,-0.342633,-0.910376],"palmPosition":[16.9636,202.637,120.666],"palmVelocity":[-67.1217,-188.613,-884.567],"palmWidth":79.644,"pinchDistance":33.2382,"pinchStrength":0.497383,"r":[[0.988735,0.100169,-0.111218],[-0.0697193,0.965736,0.249986],[0.132448,-0.239416,0.961841]],"s":1.02866,"sphereCenter":[21.2407,198.264,76.283],"sphereRadius":42.4026,"stabilizedPalmPosition":[33.1095,219.034,177.228],"t":[-75.6429,20.4489,-24.4015],"timeVisible":21.4197,"type":"right","wrist":[24.2566,141.721,147.058]}],"id":42362,"interactionBox":{"center":[0,200,0],"size":[235.247,235.247,147.751]},"pointables":[{"bases":[[[0.965747,0.030723,-0.257659],[0.212174,0.478129,0.852276],[0.149379,-0.877752,0.455234]],[[0.973098,-0.023242,-0.229214],[0.139122,0.852307,0.5042],[0.183643,-0.522525,0.832612]],[[0.973098,-0.023242,-0.229214],[0.0745276,0.973162,0.21772],[0.218003,-0.228945,0.948714]],[[0.973098,-0.023242,-0.229214],[0.0279931,0.999455,0.0174979],[0.228683,-0.0234436,0.973219]]],"btipPosition":[-17.7478,251.225,53.0624],"carpPosition":[6.77149,169.921,148.146],"dipPosition":[-14.3365,250.876,67.5798],"direction":[-0.218002,0.228945,-0.948714],"extended":true,"handId":69,"id":691,"length":51.343,"mcpPosition":[-2.84788,226.445,118.831],"pipPosition":[-9.73615,246.044,87.6],"stabilizedTipPosition":[-5.39739,269.382,108.496],"timeVisible":21.4197,"tipPosition":[-16.3076,253.846,57.6997],"tipVelocity":[-77.2092,-258.878,-969.592],"tool":false,"touchDistance":-0.226643,"touchZone":"hovering","type":1,"width":17.3092},{"bases":[[[0.607725,0.436837,0.663208],[-0.696712,-0.107521,0.709247],[0.381134,-0.893092,0.239006]],[[0.511595,0.618594,0.596332],[-0.813505,0.125341,0.56789],[0.276548,-0.775649,0.567353]],[[0.511595,0.618594,0.596332],[-0.859192,0.374506,0.348617],[-0.00767711,-0.690715,0.723087]],[[0.511595,0.618594,0.596332],[-0.825497,0.546411,0.141387],[-0.238381,-0.564603,0.790189]]],"btipPosition":[-11.4871,222.227,74.9085],"carpPosition":[-4.50317,156.238,137.369],"dipPosition":[-16.3579,210.69,91.0544],"direction":[0.00767711,0.690715,-0.723087],"extended":false,"handId":69,"id":690,"length":45.5012,"mcpPosition":[-4.50317,156.238,137.369],"pipPosition":[-16.5864,190.129,112.579],"stabilizedTipPosition":[2.0261,233.856,120.741],"timeVisible":21.4197,"tipPosition":[-10.7762,218.476,77.2441],"tipVelocity":[-69.6772,-283.348,-924.102],"tool":false,"touchDistance":0.143701,"touchZone":"hovering","type":0,"width":18.121},{"bases":[[[0.926634,-0.17011,-0.335278],[0.375619,0.457053,0.806234],[0.0160919,-0.873021,0.487418]],[[0.926766,-0.181633,-0.328807],[0.0324894,0.910806,-0.411555],[0.374231,0.370733,0.850005]],[[0.926766,-0.181633,-0.328807],[-0.36964,-0.285154,-0.884338],[0.0668644,0.941115,-0.331409]],[[0.926766,-0.181633,-0.328807],[-0.327086,-0.820625,-0.468603],[-0.184713,0.541834,-0.819937]]],"btipPosition":[1.94664,176.872,102.578],"carpPosition":[17.3073,171.414,146.434],"dipPosition":[-1.08389,185.762,89.1258],"direction":[-0.0668644,-0.941115,0.331409],"extended":false,"handId":69,"id":692,"length":58.5013,"mcpPosition":[16.3246,224.728,116.668],"pipPosition":[0.576145,209.127,80.8979],"stabilizedTipPosition":[15.1943,199.906,144.579],"timeVisible":21.4197,"tipPosition":[1.29314,179.97,97.1088],"tipVelocity":[-35.8393,-255.53,-819.275],"tool":false,"touchDistance":0.491403,"touchZone":"none","type":2,"width":16.9999},{"bases":[[[0.887933,-0.330695,-0.319713],[0.441185,0.415669,0.795346],[-0.130122,-0.847266,0.514983]],[[0.894137,-0.279294,-0.350018],[0.111688,0.896047,-0.429681],[0.43364,0.345101,0.832383]],[[0.894137,-0.279294,-0.350018],[-0.419541,-0.249257,-0.872844],[0.156536,0.927289,-0.340045]],[[0.894137,-0.279294,-0.350018],[-0.420584,-0.792113,-0.442341],[-0.153711,0.542726,-0.825725]]],"btipPosition":[16.4475,172.294,104.119],"carpPosition":[27.5072,170.581,143.132],"dipPosition":[13.9401,181.147,90.6498],"direction":[-0.156536,-0.927289,0.340045],"extended":false,"handId":69,"id":693,"length":56.2505,"mcpPosition":[34.6417,217.036,114.895],"pipPosition":[17.7261,203.574,82.4255],"stabilizedTipPosition":[28.5834,193.784,146.259],"timeVisible":21.4197,"tipPosition":[15.35,175.365,98.9907],"tipVelocity":[-50.8995,-240.414,-810.902],"tool":false,"touchDistance":0.517023,"touchZone":"none","type":3,"width":16.1765},{"bases":[[[0.781721,-0.490638,-0.38495],[0.560679,0.282676,0.778289],[-0.273042,-0.824238,0.496064]],[[0.776756,-0.505177,-0.376093],[0.331438,0.835667,-0.437959],[0.535536,0.215536,0.816545]],[[0.776756,-0.505177,-0.376093],[-0.492075,-0.114093,-0.863044],[0.393081,0.855441,-0.337208]],[[0.776756,-0.505177,-0.376093],[-0.629445,-0.642806,-0.436577],[-0.0212062,0.575844,-0.817285]]],"btipPosition":[26.9305,177.015,103.514],"carpPosition":[35.998,165.108,135.841],"dipPosition":[26.6113,185.681,91.2143],"direction":[-0.393081,-0.855441,0.337208],"extended":false,"handId":69,"id":694,"length":44.0994,"mcpPosition":[49.8562,206.942,110.664],"pipPosition":[33.3237,200.289,85.456],"stabilizedTipPosition":[42.3286,196.534,145.454],"timeVisible":21.4197,"tipPosition":[28.4274,179.032,98.3592],"tipVelocity":[-50.4167,-240.572,-830.594],"tool":false,"touchDistance":0.511412,"touchZone":"none","type":4,"width":14.3692}],"r":[[0.988735,0.100169,-0.111218],[-0.0697193,0.965736,0.249986],[0.132448,-0.239416,0.961841]],"s":1.02866,"t":[-75.6429,20.4489,-24.4015],"timestamp":1130971748560},{"currentFrameRate":57.658,"devices":[],"gestures":[],"hands":[{"armBasis":[[0.938985,0.137517,-0.315271],[0.209967,0.496831,0.842064],[0.272435,-0.856883,0.437643]],"armWidth":56.6405,"confidence":1,"direction":[0.0466632,0.918166,-0.393438],"elbow":[87.8842,-63.9119,236.726],"grabAngle":2.98294,"grabStrength":0.173082,"id":69,"palmNormal":[-0.205555,-0.376611,-0.903278],"palmPosition":[16.2416,198.402,104.463],"palmVelocity":[-41.5949,-243.94,-933.454],"palmWidth":79.644,"pinchDistance":34.703,"pinchStrength":0.447296,"r":[[0.989461,0.103585,-0.101177],[-0.0775088,0.969101,0.23417],[0.122307,-0.22386,0.966917]],"s":1.03624,"sphereCenter":[21.9173,192.593,60.1781],"sphereRadius":42.8562,"stabilizedPalmPosition":[33.1052,219.028,177.21],"t":[-76.5614,17.1027,-39.0036],"timeVisible":21.4371,"type":"right","wrist":[23.4991,138.597,133.297]}],"id":42363,"interactionBox":{"center":[0,200,0],"size":[235.247,235.247,147.751]},"pointables":[{"bases":[[[0.97149,0.0328852,-0.234789],[0.185758,0.509776,0.840013],[0.147314,-0.859678,0.489134]],[[0.978674,-0.0196866,-0.204474],[0.120333,0.861674,0.492988],[0.166485,-0.50708,0.845667]],[[0.978674,-0.0196866,-0.204474],[0.0690122,0.969052,0.237014],[0.19348,-0.24607,0.949745]],[[0.978674,-0.0196866,-0.204474],[0.0332573,0.99745,0.0631456],[0.202709,-0.0685992,0.976833]]],"btipPosition":[-17.1216,247.139,34.9782],"carpPosition":[5.71621,166.544,132.81],"dipPosition":[-14.0978,246.116,49.5496],"direction":[-0.19348,0.24607,-0.949745],"extended":true,"handId":69,"id":691,"length":51.343,"mcpPosition":[-3.7702,221.903,101.312],"pipPosition":[-10.0149,240.924,69.5915],"stabilizedTipPosition":[-5.40422,269.368,108.452],"timeVisible":21.4371,"tipPosition":[-16.061,246.996,38.8514],"tipVelocity":[30.941,-244.322,-1041.12],"tool":false,"touchDistance":-0.503389,"touchZone":"hovering","type":1,"width":17.3092},{"bases":[[[0.586316,0.466511,0.662269],[-0.712996,-0.0908937,0.695252],[0.384539,-0.879833,0.279328]],[[0.488606,0.646762,0.58563],[-0.828953,0.134698,0.542857],[0.272216,-0.750703,0.601949]],[[0.488606,0.646762,0.58563],[-0.87233,0.375548,0.313057],[-0.0174587,-0.663824,0.747685]],[[0.488606,0.646762,0.58563],[-0.835652,0.539903,0.100944],[-0.250897,-0.538705,0.804268]]],"btipPosition":[-11.3877,215.935,57.252],"carpPosition":[-5.13998,152.367,122.244],"dipPosition":[-16.5142,204.928,73.6855],"direction":[0.0174587,0.663824,-0.747685],"extended":false,"handId":69,"id":690,"length":45.5012,"mcpPosition":[-5.13998,152.367,122.244],"pipPosition":[-17.034,185.167,95.9425],"stabilizedTipPosition":[2.0261,233.856,120.741],"timeVisible":21.4371,"tipPosition":[-10.6007,212.421,59.8627],"tipVelocity":[2.33695,-355.431,-1013.39],"tool":false,"touchDistance":-0.149472,"touchZone":"hovering","type":0,"width":18.121},{"bases":[[[0.936464,-0.170952,-0.306286],[0.350515,0.488999,0.798761],[0.0132233,-0.855368,0.517851]],[[0.936388,-0.166748,-0.308826],[0.0129779,0.895776,-0.444317],[0.350728,0.412045,0.840957]],[[0.936388,-0.166748,-0.308826],[-0.347787,-0.322664,-0.880302],[0.0471417,0.93171,-0.360132]],[[0.936388,-0.166748,-0.308826],[-0.297073,-0.845117,-0.444438],[-0.186885,0.50791,-0.840893]]],"btipPosition":[2.60383,171.529,87.0296],"carpPosition":[16.275,168.097,131.306],"dipPosition":[-0.462338,179.862,73.2333],"direction":[-0.0471417,-0.93171,0.360132],"extended":false,"handId":69,"id":692,"length":58.5013,"mcpPosition":[15.4675,220.333,99.6818],"pipPosition":[0.708046,202.993,64.2924],"stabilizedTipPosition":[15.1913,199.9,144.565],"timeVisible":21.4371,"tipPosition":[1.4272,174.697,81.4453],"tipVelocity":[37.3884,-315.205,-900.316],"tool":false,"touchDistance":0.333333,"touchZone":"none","type":2,"width":16.9999},{"bases":[[[0.899097,-0.331337,-0.286078],[0.416768,0.448019,0.790938],[-0.133898,-0.830358,0.540903]],[[0.905508,-0.280949,-0.317998],[0.110522,0.879705,-0.462498],[0.409682,0.38365,0.827631]],[[0.905508,-0.280949,-0.317998],[-0.395094,-0.28488,-0.873352],[0.154776,0.916467,-0.368962]],[[0.905508,-0.280949,-0.317998],[-0.400778,-0.812456,-0.423429],[-0.139397,0.510865,-0.848284]]],"btipPosition":[16.4533,167.331,89.1057],"carpPosition":[26.5623,167.268,128.286],"dipPosition":[14.1794,175.664,75.2681],"direction":[-0.154776,-0.916467,0.368962],"extended":false,"handId":69,"id":693,"length":56.2505,"mcpPosition":[33.9038,212.795,98.629],"pipPosition":[17.9228,197.83,66.3445],"stabilizedTipPosition":[28.5809,193.779,146.247],"timeVisible":21.4371,"tipPosition":[15.4659,170.364,83.7513],"tipVelocity":[3.42663,-292.791,-869.82],"tool":false,"touchDistance":0.333333,"touchZone":"none","type":3,"width":16.1765},{"bases":[[[0.796253,-0.494655,-0.348278],[0.538059,0.315898,0.781473],[-0.276539,-0.809645,0.517689]],[[0.794664,-0.499262,-0.345322],[0.320909,0.828367,-0.459158],[0.515293,0.254059,0.818491]],[[0.794664,-0.499262,-0.345322],[-0.470496,-0.14709,-0.870056],[0.383592,0.853875,-0.351788]],[[0.794664,-0.499262,-0.345322],[-0.606875,-0.66702,-0.432189],[-0.0145615,0.553012,-0.833046]]],"btipPosition":[27.0869,171.991,88.403],"carpPosition":[35.29,161.644,121.402],"dipPosition":[26.8678,180.313,75.8665],"direction":[-0.383592,-0.853875,0.351788],"extended":false,"handId":69,"id":694,"length":44.0994,"mcpPosition":[49.3257,202.737,95.127],"pipPosition":[33.4181,194.894,69.8593],"stabilizedTipPosition":[42.3154,196.515,145.402],"timeVisible":21.4371,"tipPosition":[28.4751,174.166,83.3331],"tipVelocity":[10.3367,-294.002,-873.667],"tool":false,"touchDistance":0.333333,"touchZone":"none","type":4,"width":14.3692}],"r":[[0.989461,0.103585,-0.101177],[-0.0775088,0.969101,0.23417],[0.122307,-0.22386,0.966917]],"s":1.03624,"t":[-76.5614,17.1027,-39.0036],"timestamp":1130971765918},{"currentFrameRate":57.6593,"devices":[],"gestures":[],"hands":[{"armBasis":[[0.943265,0.123841,-0.308083],[0.192891,0.550855,0.812005],[0.270268,-0.825362,0.495715]],"armWidth":56.6405,"confidence":1,"direction":[0.0520358,0.907076,-0.417737],"elbow":[86.763,-59.6497,236.11],"grabAngle":2.97048,"grabStrength":0.147451,"id":69,"palmNormal":[-0.186753,-0.402086,-0.896354],"palmPosition":[16.0039,194.217,88.049],"palmVelocity":[-13.71,-241.402,-946.656],"palmWidth":79.644,"pinchDistance":35.8191,"pinchStrength":0.412452,"r":[[0.990244,0.106497,-0.0898632],[-0.0850399,0.972748,0.215706],[0.110386,-0.205959,0.972315]],"s":1.04478,"sphereCenter":[23.5963,187.011,43.6191],"sphereRadius":43.5718,"stabilizedPalmPosition":[33.1003,219.021,177.184],"t":[-77.1395,13.3368,-54.5117],"timeVisible":21.4544,"type":"right","wrist":[22.8899,135.41,118.957]}],"id":42364,"interactionBox":{"center":[0,200,0],"size":[235.247,235.247,147.751]},"pointables":[{"bases":[[[0.975838,0.0294133,-0.216507],[0.167862,0.533388,0.829047],[0.139868,-0.845359,0.515563]],[[0.982268,-0.0192664,-0.18649],[0.109047,0.867853,0.484706],[0.152507,-0.496447,0.854565]],[[0.982268,-0.0192664,-0.18649],[0.0653382,0.967524,0.24419],[0.175729,-0.252045,0.951626]],[[0.982268,-0.0192664,-0.18649],[0.035668,0.995743,0.0849975],[0.184059,-0.0901421,0.978773]]],"btipPosition":[-16.1768,242.844,17.1198],"carpPosition":[5.00439,163.121,117.056],"dipPosition":[-13.4312,241.499,31.7201],"direction":[-0.175729,0.252045,-0.951626],"extended":true,"handId":69,"id":691,"length":51.343,"mcpPosition":[-4.00249,217.559,83.8557],"pipPosition":[-9.72292,236.18,51.8017],"stabilizedTipPosition":[-5.41024,269.352,108.4],"timeVisible":21.4544,"tipPosition":[-15.1722,241.062,20.4931],"tipVelocity":[50.7984,-252.017,-1029.57],"tool":false,"touchDistance":-0.74916,"touchZone":"hovering","type":1,"width":17.3092},{"bases":[[[0.571954,0.486475,0.660462],[-0.726314,-0.0738587,0.683383],[0.38123,-0.870567,0.31109]],[[0.474353,0.665659,0.576096],[-0.841036,0.149326,0.519961],[0.26009,-0.731163,0.630677]],[[0.474353,0.665659,0.576096],[-0.879673,0.383778,0.280874],[-0.0341267,-0.64001,0.767609]],[[0.474353,0.665659,0.576096],[-0.838119,0.541698,0.0641881],[-0.269343,-0.513285,0.814858]]],"btipPosition":[-10.4498,210.11,39.6192],"carpPosition":[-5.60499,148.624,106.675],"dipPosition":[-15.9533,199.622,56.2691],"direction":[0.0341267,0.64001,-0.767609],"extended":false,"handId":69,"id":690,"length":45.5012,"mcpPosition":[-5.60499,148.624,106.675],"pipPosition":[-16.9691,180.571,79.1191],"stabilizedTipPosition":[2.01331,233.831,120.669],"timeVisible":21.4544,"tipPosition":[-10.0367,206.934,42.583],"tipVelocity":[49.0912,-329.059,-1014.07],"tool":false,"touchDistance":-0.426604,"touchZone":"hovering","type":0,"width":18.121},{"bases":[[[0.942752,-0.176432,-0.283001],[0.333452,0.511993,0.791627],[0.00522652,-0.840675,0.541514]],[[0.941399,-0.135616,-0.308829],[-0.0233371,0.887225,-0.460746],[0.336486,0.440953,0.832068]],[[0.941399,-0.135616,-0.308829],[-0.337145,-0.351176,-0.873503],[0.0100078,0.926436,-0.376319]],[[0.941399,-0.135616,-0.308829],[-0.265145,-0.863487,-0.429056],[-0.208483,0.485797,-0.848844]]],"btipPosition":[4.27951,166.477,70.9018],"carpPosition":[15.5867,164.666,115.717],"dipPosition":[0.858986,174.447,56.9751],"direction":[-0.0100078,-0.926436,0.376319],"extended":false,"handId":69,"id":692,"length":58.5013,"mcpPosition":[15.2675,216.004,82.6476],"pipPosition":[1.10745,197.448,47.6322],"stabilizedTipPosition":[15.1866,199.887,144.535],"timeVisible":21.4544,"tipPosition":[1.86327,169.704,65.6111],"tipVelocity":[91.9419,-296.155,-931.876],"tool":false,"touchDistance":0.333333,"touchZone":"none","type":2,"width":16.9999},{"bases":[[[0.905409,-0.336312,-0.259094],[0.399952,0.471019,0.786243],[-0.142385,-0.815497,0.560974]],[[0.912317,-0.286806,-0.292266],[0.116347,0.865884,-0.486527],[0.392607,0.409863,0.82333]],[[0.912317,-0.286806,-0.292266],[-0.377223,-0.310967,-0.872354],[0.159312,0.906113,-0.391891]],[[0.912317,-0.286806,-0.292266],[-0.390506,-0.824151,-0.410219],[-0.123218,0.488381,-0.863887]]],"btipPosition":[16.5823,162.628,73.6195],"carpPosition":[25.9336,163.785,112.924],"dipPosition":[14.5724,170.595,59.5274],"direction":[-0.159312,-0.906113,0.391891],"extended":false,"handId":69,"id":693,"length":56.2505,"mcpPosition":[33.7404,208.498,82.166],"pipPosition":[18.4254,192.51,50.0492],"stabilizedTipPosition":[28.5771,193.77,146.224],"timeVisible":21.4544,"tipPosition":[15.7117,165.605,68.1281],"tipVelocity":[10.9437,-276.092,-896.517],"tool":false,"touchDistance":0.333333,"touchZone":"none","type":3,"width":16.1765},{"bases":[[[0.804231,-0.501608,-0.318751],[0.521747,0.339067,0.782825],[-0.284594,-0.795879,0.5344]],[[0.815,-0.469279,-0.339931],[0.289526,0.83794,-0.462634],[0.501947,0.278628,0.818789]],[[0.815,-0.469279,-0.339931],[-0.459921,-0.167017,-0.872111],[0.352489,0.867112,-0.35195]],[[0.815,-0.469279,-0.339931],[-0.578673,-0.689717,-0.435233],[-0.030211,0.551424,-0.833678]]],"btipPosition":[28.194,166.688,72.5262],"carpPosition":[34.8097,158,106.371],"dipPosition":[27.7394,174.986,59.9803],"direction":[-0.352489,-0.867112,0.35195],"extended":false,"handId":69,"id":694,"length":44.0994,"mcpPosition":[49.2542,198.395,79.2472],"pipPosition":[33.7585,189.793,53.9703],"stabilizedTipPosition":[42.2984,196.481,145.311],"timeVisible":21.4544,"tipPosition":[28.6692,169.384,67.9707],"tipVelocity":[60.728,-306.149,-915.792],"tool":false,"touchDistance":0.333333,"touchZone":"none","type":4,"width":14.3692}],"r":[[0.990244,0.106497,-0.0898632],[-0.0850399,0.972748,0.215706],[0.110386,-0.205959,0.972315]],"s":1.04478,"t":[-77.1395,13.3368,-54.5117],"timestamp":1130971783257},{"currentFrameRate":57.6467,"devices":[],"gestures":[],"hands":[{"armBasis":[[0.947477,0.110291,-0.300204],[0.176882,0.601327,0.779178],[0.266458,-0.791355,0.550235]],"armWidth":56.6405,"confidence":1,"direction":[0.0580763,0.891496,-0.449291],"elbow":[85.8461,-53.8127,235.945],"grabAngle":2.96003,"grabStrength":0.121717,"id":69,"palmNormal":[-0.168765,-0.434806,-0.884569],"palmPosition":[16.4139,190.716,72.5604],"palmVelocity":[23.578,-201.303,-890.713],"palmWidth":79.644,"pinchDistance":36.7734,"pinchStrength":0.385436,"r":[[0.991002,0.108884,-0.0778469],[-0.0921298,0.976785,0.193398],[0.0970976,-0.184486,0.978027]],"s":1.05321,"sphereCenter":[25.2483,181.873,28.4012],"sphereRadius":43.9059,"stabilizedPalmPosition":[33.0959,219.014,177.157],"t":[-77.2235,9.7036,-70.01],"timeVisible":21.4718,"type":"right","wrist":[22.8736,133.21,105.907]}],"id":42365,"interactionBox":{"center":[0,200,0],"size":[235.247,235.247,147.751]},"pointables":[{"bases":[[[0.979727,0.0242924,-0.198861],[0.150884,0.563531,0.812199],[0.131795,-0.825738,0.548441]],[[0.985413,-0.0203225,-0.168962],[0.098457,0.877894,0.468624],[0.138807,-0.478424,0.867089]],[[0.985413,-0.0203225,-0.168962],[0.0598575,0.970793,0.232333],[0.159306,-0.239057,0.957848]],[[0.985413,-0.0203225,-0.168962],[0.0340798,0.996298,0.0789254],[0.166733,-0.0835323,0.982457]]],"btipPosition":[-14.6136,238.071,-0.247631],"carpPosition":[4.9288,160.661,102.462],"dipPosition":[-12.1265,236.825,14.4076],"direction":[-0.159306,0.239057,-0.957848],"extended":true,"handId":69,"id":691,"length":51.343,"mcpPosition":[-3.55821,213.835,67.1443],"pipPosition":[-8.76476,231.78,34.6205],"stabilizedTipPosition":[-5.41603,269.331,108.329],"timeVisible":21.4718,"tipPosition":[-13.6077,235.237,2.80083],"tipVelocity":[86.476,-273.155,-998.033],"tool":false,"touchDistance":-0.962899,"touchZone":"hovering","type":1,"width":17.3092},{"bases":[[[0.558217,0.511678,0.65313],[-0.739063,-0.0511006,0.671695],[0.377067,-0.857656,0.349637]],[[0.461346,0.688181,0.559971],[-0.852169,0.168059,0.495544],[0.246916,-0.705807,0.66398]],[[0.461346,0.688181,0.559971],[-0.885653,0.394715,0.244579],[-0.0527138,-0.608776,0.791589]],[[0.461346,0.688181,0.559971],[-0.83823,0.544915,0.0209185],[-0.290741,-0.479035,0.828248]]],"btipPosition":[-8.7285,204.516,22.9153],"carpPosition":[-5.44988,145.767,92.4141],"dipPosition":[-14.6692,194.728,39.8388],"direction":[0.0527138,0.608776,-0.791589],"extended":false,"handId":69,"id":690,"length":45.5012,"mcpPosition":[-5.44988,145.767,92.4141],"pipPosition":[-16.2384,176.606,63.4027],"stabilizedTipPosition":[1.99863,233.793,120.555],"timeVisible":21.4718,"tipPosition":[-8.8224,201.723,26.1966],"tipVelocity":[93.2046,-312.439,-956.981],"tool":false,"touchDistance":-0.661891,"touchZone":"hovering","type":0,"width":18.121},{"bases":[[[0.948352,-0.183918,-0.258463],[0.317203,0.541259,0.77873],[-0.00332663,-0.820496,0.571643]],[[0.946845,-0.134387,-0.292276],[-0.0281858,0.870411,-0.491518],[0.320454,0.47363,0.820356]],[[0.946845,-0.134387,-0.292276],[-0.321676,-0.38679,-0.864244],[0.00309334,0.912323,-0.409459]],[[0.946845,-0.134387,-0.292276],[-0.249659,-0.879944,-0.40419],[-0.202869,0.455675,-0.866721]]],"btipPosition":[5.50078,162.234,56.2227],"carpPosition":[15.5315,162.185,101.269],"dipPosition":[2.17237,169.71,42.0026],"direction":[-0.00309334,-0.912323,0.409459],"extended":false,"handId":69,"id":692,"length":58.5013,"mcpPosition":[15.7346,212.292,66.3595],"pipPosition":[2.24916,192.36,31.837],"stabilizedTipPosition":[15.1815,199.869,144.489],"timeVisible":21.4718,"tipPosition":[2.80766,165.33,50.8189],"tipVelocity":[71.4508,-250.543,-848.043],"tool":false,"touchDistance":0.333333,"touchZone":"none","type":2,"width":16.9999},{"bases":[[[0.910897,-0.342931,-0.229488],[0.383881,0.500304,0.7761],[-0.151335,-0.795043,0.58737]],[[0.918333,-0.29464,-0.264296],[0.123978,0.848257,-0.514869],[0.375892,0.440054,0.815511]],[[0.918333,-0.29464,-0.264296],[-0.359798,-0.343124,-0.867647],[0.164958,0.891882,-0.421113]],[[0.918333,-0.29464,-0.264296],[-0.38154,-0.83664,-0.393016],[-0.105322,0.461759,-0.88073]]],"btipPosition":[17.2946,158.556,59.2413],"carpPosition":[25.9316,161.233,98.7063],"dipPosition":[15.5766,166.088,44.8745],"direction":[-0.164958,-0.891882,0.421113],"extended":false,"handId":69,"id":693,"length":56.2505,"mcpPosition":[34.2292,204.825,66.5013],"pipPosition":[19.5662,187.659,34.6895],"stabilizedTipPosition":[28.5728,193.758,146.191],"timeVisible":21.4718,"tipPosition":[16.5641,161.395,53.6997],"tipVelocity":[44.8242,-239.935,-830.49],"tool":false,"touchDistance":0.333333,"touchZone":"none","type":3,"width":16.1765},{"bases":[[[0.811226,-0.510563,-0.285022],[0.505997,0.368657,0.779782],[-0.293053,-0.776799,0.557407]],[[0.835561,-0.433828,-0.337091],[0.250795,0.847097,-0.468538],[0.488814,0.306952,0.816603]],[[0.835561,-0.433828,-0.337091],[-0.451528,-0.192719,-0.871196],[0.312985,0.880144,-0.356914]],[[0.835561,-0.433828,-0.337091],[-0.546855,-0.7157,-0.434423],[-0.0527916,0.547327,-0.835252]]],"btipPosition":[30.1768,161.924,57.7009],"carpPosition":[34.9433,155.24,92.5369],"dipPosition":[29.3823,170.161,45.1312],"direction":[-0.312985,-0.880144,0.356914],"extended":false,"handId":69,"id":694,"length":44.0994,"mcpPosition":[49.8171,194.666,64.2459],"pipPosition":[34.7269,185.19,39.0365],"stabilizedTipPosition":[42.2806,196.434,145.18],"timeVisible":21.4718,"tipPosition":[29.5537,165.089,53.74],"tipVelocity":[109.529,-274.776,-852.885],"tool":false,"touchDistance":0.333333,"touchZone":"none","type":4,"width":14.3692}],"r":[[0.991002,0.108884,-0.0778469],[-0.0921298,0.976785,0.193398],[0.0970976,-0.184486,0.978027]],"s":1.05321,"t":[-77.2235,9.7036,-70.01],"timestamp":1130971800646},{"currentFrameRate":57.6376,"devices":[],"gestures":[],"hands":[{"armBasis":[[0.949217,0.0923501,-0.300765],[0.171187,0.650466,0.739993],[0.263976,-0.753901,0.601624]],"armWidth":56.6405,"confidence":1,"direction":[0.0654795,0.877274,-0.475503],"elbow":[85.4915,-46.7337,235.818],"grabAngle":2.95059,"grabStrength":0.0967034,"id":69,"palmNormal":[-0.160428,-0.461071,-0.872741],"palmPosition":[17.1126,187.746,58.2318],"palmVelocity":[40.2021,-170.895,-824.428],"palmWidth":79.644,"pinchDistance":37.7632,"pinchStrength":0.35993,"r":[[0.991685,0.11002,-0.0667632],[-0.0974116,0.980747,0.169252],[0.0840989,-0.161341,0.983309]],"s":1.06039,"sphereCenter":[25.9365,177.74,14.5777],"sphereRadius":43.7567,"stabilizedPalmPosition":[33.0925,219.007,177.131],"t":[-76.9162,6.40192,-84.9235],"timeVisible":21.4892,"type":"right","wrist":[23.1056,131.437,93.6346]}],"id":42366,"interactionBox":{"center":[0,200,0],"size":[235.247,235.247,147.751]},"pointables":[{"bases":[[[0.981886,0.0157596,-0.188817],[0.143699,0.587581,0.796303],[0.123495,-0.809012,0.574673]],[[0.986824,-0.0246163,-0.159915],[0.0960067,0.884646,0.456273],[0.130237,-0.465614,0.875353]],[[0.986824,-0.0246163,-0.159915],[0.0604308,0.972909,0.22315],[0.15009,-0.229874,0.961577]],[[0.986824,-0.0246163,-0.159915],[0.0361327,0.996927,0.0695113],[0.157713,-0.0743735,0.98468]]],"btipPosition":[-13.1385,234.165,-15.9151],"carpPosition":[5.21892,158.643,88.9052],"dipPosition":[-10.7859,233.056,-1.22671],"direction":[-0.15009,0.229874,-0.961577],"extended":true,"handId":69,"id":691,"length":51.343,"mcpPosition":[-2.73362,210.74,51.8987],"pipPosition":[-7.61869,228.205,19.0649],"stabilizedTipPosition":[-5.42052,269.309,108.254],"timeVisible":21.4892,"tipPosition":[-12.0692,230.486,-13.1223],"tipVelocity":[83.093,-222.936,-901.026],"tool":false,"touchDistance":-1,"touchZone":"hovering","type":1,"width":17.3092},{"bases":[[[0.552579,0.529887,0.643332],[-0.746429,-0.0287872,0.664842],[0.370811,-0.847579,0.379616]],[[0.455823,0.705773,0.542319],[-0.858192,0.186888,0.4781],[0.236077,-0.683342,0.690877]],[[0.455823,0.705773,0.542319],[-0.887485,0.406802,0.216525],[-0.0677988,-0.579996,0.811793]],[[0.455823,0.705773,0.542319],[-0.834909,0.550202,-0.0142859],[-0.308467,-0.446275,0.840051]]],"btipPosition":[-7.08679,199.718,7.6856],"carpPosition":[-5.09296,143.477,79.2022],"dipPosition":[-13.3897,190.6,24.8503],"direction":[0.0677988,0.579996,-0.811793],"extended":false,"handId":69,"id":690,"length":45.5012,"mcpPosition":[-5.09296,143.477,79.2022],"pipPosition":[-15.4079,173.334,49.0156],"stabilizedTipPosition":[1.98479,233.746,120.412],"timeVisible":21.4892,"tipPosition":[-7.62166,197.409,11.2948],"tipVelocity":[89.6665,-267.207,-873.085],"tool":false,"touchDistance":-0.851648,"touchZone":"hovering","type":0,"width":18.121},{"bases":[[[0.950563,-0.194087,-0.242406],[0.310306,0.563882,0.765341],[-0.0118541,-0.802725,0.596232]],[[0.949563,-0.145603,-0.277722],[-0.0203166,0.855235,-0.517843],[0.312917,0.497367,0.809141]],[[0.949563,-0.145603,-0.277722],[-0.313435,-0.414198,-0.854516],[0.00938784,0.898465,-0.438945]],[[0.949563,-0.145603,-0.277722],[-0.248415,-0.889775,-0.382872],[-0.191363,0.432551,-0.881067]]],"btipPosition":[6.30038,158.791,42.674],"carpPosition":[15.8382,160.104,87.7822],"dipPosition":[3.16074,165.888,28.2185],"direction":[-0.00938784,-0.898465,0.438945],"extended":false,"handId":69,"id":692,"length":58.5013,"mcpPosition":[16.5621,209.125,51.3714],"pipPosition":[3.39382,188.194,17.3209],"stabilizedTipPosition":[15.1769,199.851,144.44],"timeVisible":21.4892,"tipPosition":[3.67388,161.743,37.1291],"tipVelocity":[48.5051,-203.093,-782.672],"tool":false,"touchDistance":0.333333,"touchZone":"none","type":2,"width":16.9999},{"bases":[[[0.912343,-0.352051,-0.209024],[0.37689,0.522698,0.764683],[-0.159951,-0.776432,0.609564]],[[0.920292,-0.304859,-0.245199],[0.132694,0.832814,-0.537413],[0.368041,0.46204,0.806886]],[[0.920292,-0.304859,-0.245199],[-0.351118,-0.367153,-0.861345],[0.172563,0.878783,-0.444929]],[[0.920292,-0.304859,-0.245199],[-0.380368,-0.843874,-0.378414],[-0.0915542,0.441518,-0.892569]]],"btipPosition":[17.9958,155.139,45.7871],"carpPosition":[26.2626,159.048,85.3634],"dipPosition":[16.5023,162.341,31.2272],"direction":[-0.172563,-0.878783,0.444929],"extended":false,"handId":69,"id":693,"length":56.2505,"mcpPosition":[35.0326,201.619,51.9415],"pipPosition":[20.6759,183.595,20.4662],"stabilizedTipPosition":[28.5688,193.744,146.153],"timeVisible":21.4892,"tipPosition":[17.3852,157.857,40.2903],"tipVelocity":[43.3158,-200.955,-776.673],"tool":false,"touchDistance":0.333333,"touchZone":"none","type":3,"width":16.1765},{"bases":[[[0.8128,-0.521041,-0.260524],[0.498583,0.390915,0.773693],[-0.301283,-0.75875,0.577518]],[[0.843141,-0.425982,-0.328105],[0.238449,0.843147,-0.481918],[0.481929,0.328088,0.812467]],[[0.843141,-0.425982,-0.328105],[-0.446007,-0.213248,-0.869254],[0.300319,0.879241,-0.369789]],[[0.843141,-0.425982,-0.328105],[-0.534668,-0.728853,-0.427673],[-0.0569592,0.536016,-0.842284]]],"btipPosition":[31.4662,158.148,44.0742],"carpPosition":[35.3234,152.847,79.4775],"dipPosition":[30.609,166.215,31.3987],"direction":[-0.300319,-0.879241,0.369789],"extended":false,"handId":69,"id":694,"length":44.0994,"mcpPosition":[50.615,191.357,50.1658],"pipPosition":[35.7373,181.229,25.0841],"stabilizedTipPosition":[42.2662,196.386,145.044],"timeVisible":21.4892,"tipPosition":[30.4174,161.465,40.3755],"tipVelocity":[73.3587,-219.517,-785.447],"tool":false,"touchDistance":0.333333,"touchZone":"none","type":4,"width":14.3692}],"r":[[0.991685,0.11002,-0.0667632],[-0.0974116,0.98074