{"frames":40,"data":[{"currentFrameRate":57.6088,"devices":[],"gestures":[],"hands":[{"armBasis":[[0.878494,0.18787,-0.439265],[0.195238,0.697987,0.688982],[0.43604,-0.691028,0.576498]],"armWidth":56.6405,"confidence":1,"direction":[-0.0904347,0.927012,-0.363965],"elbow":[102.593,-7.72629,239.48],"grabAngle":3.05295,"grabStrength":0.254448,"id":69,"palmNormal":[-0.247936,-0.374912,-0.893291],"palmPosition":[-17.2248,213.783,75.2678],"palmVelocity":[-96.0341,-102.12,-821.832],"palmWidth":79.644,"pinchDistance":31.2308,"pinchStrength":0.60772,"r":[[0.949759,0.224132,-0.218455],[-0.162165,0.949383,0.269024],[0.267694,-0.220082,0.938032]],"s":0.983439,"sphereCenter":[-18.1572,210.03,33.0526],"sphereRadius":39.5179,"stabilizedPalmPosition":[-13.8897,236.385,178.494],"t":[-109.093,30.8848,-68.9155],"timeVisible":13.0775,"type":"right","wrist":[-0.457146,155.586,103.235]}],"id":41882,"interactionBox":{"center":[0,200,0],"size":[235.247,235.247,147.751]},"pointables":[{"bases":[[[0.935669,0.146326,-0.321111],[0.207945,0.506561,0.836752],[0.285101,-0.849697,0.443546]],[[0.954267,0.0827839,-0.287266],[0.0642327,0.88168,0.467456],[0.291974,-0.46453,0.83604]],[[0.954267,0.0827839,-0.287266],[-0.0586086,0.994054,0.0917734],[0.293155,-0.0707401,0.953444]],[[0.954267,0.0827839,-0.287266],[-0.134417,0.977101,-0.164941],[0.267033,0.196011,0.943543]]],"btipPosition":[-60.9933,250.979,9.21761],"carpPosition":[-21.5128,180.269,103.334],"dipPosition":[-57.01,253.902,23.2924],"direction":[-0.293155,0.0707401,-0.953444],"extended":true,"handId":69,"id":691,"length":51.343,"mcpPosition":[-39.8721,234.986,74.7715],"pipPosition":[-50.8238,252.41,43.4124],"stabilizedTipPosition":[-68.6557,265.102,126.546],"timeVisible":13.0775,"tipPosition":[-60.6251,247.076,13.8419],"tipVelocity":[-27.9512,-237.598,-979.692],"tool":false,"touchDistance":-0.846688,"touchZone":"hovering","type":1,"width":17.3092},{"bases":[[[0.592245,0.512417,0.621832],[-0.630087,-0.186504,0.753795],[0.502232,-0.838239,0.212411]],[[0.453454,0.699654,0.552145],[-0.811533,0.067979,0.580339],[0.368502,-0.711241,0.598617]],[[0.453454,0.699654,0.552145],[-0.883998,0.27403,0.378754],[0.113693,-0.659843,0.742753]],[[0.453454,0.699654,0.552145],[-0.884611,0.428936,0.182967],[-0.108821,-0.571401,0.813424]]],"btipPosition":[-48.9804,227.63,28.4299],"carpPosition":[-31.7185,165.236,93.3161],"dipPosition":[-51.2039,215.955,45.0505],"direction":[-0.113693,0.659843,-0.742753],"extended":false,"handId":69,"id":690,"length":45.5012,"mcpPosition":[-31.7185,165.236,93.3161],"pipPosition":[-47.8195,196.313,67.1607],"stabilizedTipPosition":[-57.6803,243.102,137.011],"timeVisible":13.0775,"tipPosition":[-50.7444,221.716,29.9065],"tipVelocity":[-18.2348,-184.973,-876.19],"tool":false,"touchDistance":-0.586491,"touchZone":"hovering","type":0,"width":18.121},{"bases":[[[0.916334,-0.0583314,-0.396144],[0.369346,0.505229,0.779953],[0.154647,-0.861012,0.484503]],[[0.923958,-0.109856,-0.366378],[-0.0616205,0.902604,-0.426039],[0.377497,0.416218,0.827199]],[[0.923958,-0.109856,-0.366378],[-0.381411,-0.336628,-0.860934],[-0.0287543,0.935208,-0.352931]],[[0.923958,-0.109856,-0.366378],[-0.27618,-0.854301,-0.440334],[-0.264624,0.508037,-0.819678]]],"btipPosition":[-31.6484,186.533,58.7407],"carpPosition":[-11.3739,183.022,100.928],"dipPosition":[-35.99,194.868,45.2925],"direction":[0.0287543,-0.935208,0.352931],"extended":false,"handId":69,"id":692,"length":58.5013,"mcpPosition":[-20.8179,235.602,71.3407],"pipPosition":[-36.7039,218.087,36.5303],"stabilizedTipPosition":[-35.808,214.197,152.755],"timeVisible":13.0775,"tipPosition":[-31.4507,189.635,51.9629],"tipVelocity":[-36.5978,-170.259,-773.881],"tool":false,"touchDistance":0.333333,"touchZone":"none","type":2,"width":16.9999},{"bases":[[[0.898636,-0.22232,-0.378189],[0.438612,0.472065,0.764705],[0.00852088,-0.85307,0.521727]],[[0.898544,-0.215761,-0.382185],[0.022389,0.892213,-0.451059],[0.438311,0.39674,0.806524]],[[0.898544,-0.215761,-0.382185],[-0.434433,-0.313573,-0.844358],[0.062337,0.924726,-0.375493]],[[0.898544,-0.215761,-0.382185],[-0.36825,-0.844399,-0.389079],[-0.238768,0.490344,-0.838184]]],"btipPosition":[-16.5665,184.347,59.6437],"carpPosition":[-1.3887,183.414,96.9563],"dipPosition":[-20.4614,192.346,45.9708],"direction":[-0.062337,-0.924726,0.375493],"extended":false,"handId":69,"id":693,"length":56.2505,"mcpPosition":[-1.85589,230.187,68.3504],"pipPosition":[-18.9537,214.711,36.8892],"stabilizedTipPosition":[-20.9582,211.217,154.125],"timeVisible":13.0775,"tipPosition":[-16.9755,186.767,54.7682],"tipVelocity":[-55.2341,-147.26,-745.157],"tool":false,"touchDistance":0.333333,"touchZone":"none","type":3,"width":16.1765},{"bases":[[[0.808676,-0.394481,-0.436381],[0.572061,0.354506,0.739643],[-0.137076,-0.847768,0.512348]],[[0.808734,-0.394117,-0.436601],[0.189656,0.877388,-0.440706],[0.556758,0.27361,0.78432]],[[0.808734,-0.394117,-0.436601],[-0.533618,-0.17943,-0.826472],[0.247388,0.901375,-0.355419]],[[0.808734,-0.394117,-0.436601],[-0.565965,-0.723501,-0.39526],[-0.160102,0.566761,-0.808176]]],"btipPosition":[-4.8381,189.625,57.1286],"carpPosition":[7.20743,178.965,89.114],"dipPosition":[-7.24747,198.154,44.9664],"direction":[-0.247388,-0.901375,0.355419],"extended":false,"handId":69,"id":694,"length":44.0994,"mcpPosition":[14.1647,221.993,63.11],"pipPosition":[-3.02303,213.546,38.8972],"stabilizedTipPosition":[-7.84258,215.363,150.857],"timeVisible":13.0775,"tipPosition":[-5.38767,192.21,54.1481],"tipVelocity":[-32.7628,-148.931,-768.474],"tool":false,"touchDistance":0.333333,"touchZone":"none","type":4,"width":14.3692}],"r":[[0.949759,0.224132,-0.218455],[-0.162165,0.949383,0.269024],[0.267694,-0.220082,0.938032]],"s":0.983439,"t":[-109.093,30.8848,-68.9155],"timestamp":1130963406350},{"currentFrameRate":57.6741,"devices":[],"gestures":[],"hands":[{"armBasis":[[0.886866,0.172287,-0.428703],[0.17022,0.740769,0.649836],[0.429528,-0.649291,0.627636]],"armWidth":56.6405,"confidence":1,"direction":[-0.094425,0.90439,-0.416127],"elbow":[100.093,1.60403,240.923],"grabAngle":3.04169,"grabStrength":0.250139,"id":69,"palmNormal":[-0.223513,-0.426583,-0.876395],"palmPosition":[-18.2962,211.368,61.074],"palmVelocity":[-62.5762,-141.047,-828.984],"palmWidth":79.644,"pinchDistance":31.4762,"pinchStrength":0.58652,"r":[[0.952141,0.228023,-0.203549],[-0.175158,0.95279,0.248015],[0.250492,-0.200492,0.947131]],"s":0.990924,"sphereCenter":[-17.9617,205.22,18.943],"sphereRadius":39.7695,"stabilizedPalmPosition":[-13.8909,236.378,178.463],"t":[-110.555,28.8035,-82.9552],"timeVisible":13.0946,"type":"right","wrist":[-1.41846,155.052,92.5922]}],"id":41883,"interactionBox":{"center":[0,200,0],"size":[235.247,235.247,147.751]},"pointables":[{"bases":[[[0.94049,0.141738,-0.30885],[0.18307,0.554372,0.811885],[0.286293,-0.820111,0.495433]],[[0.961069,0.0729348,-0.26651],[0.0478731,0.905993,0.420576],[0.272131,-0.416961,0.86723]],[[0.961069,0.0729348,-0.26651],[-0.0589067,0.996443,0.0602675],[0.269958,-0.042222,0.961946]],[[0.961069,0.0729348,-0.26651],[-0.124309,0.975539,-0.181301],[0.246768,0.207372,0.946627]]],"btipPosition":[-60.7842,245.628,-8.01227],"carpPosition":[-22.763,179.379,90.8408],"dipPosition":[-57.1032,248.722,6.10848],"direction":[-0.269958,0.042222,-0.961946],"extended":true,"handId":69,"id":691,"length":51.343,"mcpPosition":[-41.1991,232.191,58.937],"pipPosition":[-51.4065,247.831,26.4079],"stabilizedTipPosition":[-68.6509,265.092,126.474],"timeVisible":13.0946,"tipPosition":[-60.7062,241.087,-3.1271],"tipVelocity":[8.15218,-310.207,-1005.68],"tool":false,"touchDistance":-1,"touchZone":"hovering","type":1,"width":17.3092},{"bases":[[[0.571863,0.553896,0.605121],[-0.643935,-0.153924,0.749437],[0.508252,-0.818234,0.26865]],[[0.43803,0.728949,0.526082],[-0.823857,0.0913514,0.559388],[0.359707,-0.678446,0.640564]],[[0.43803,0.728949,0.526082],[-0.893047,0.285843,0.347507],[0.102938,-0.622035,0.776193]],[[0.43803,0.728949,0.526082],[-0.891507,0.427445,0.150018],[-0.115515,-0.534719,0.837097]]],"btipPosition":[-48.9733,222.766,13.2519],"carpPosition":[-32.5527,163.68,81.4501],"dipPosition":[-51.3336,211.84,30.3563],"direction":[-0.102938,0.622035,-0.776193],"extended":false,"handId":69,"id":690,"length":45.5012,"mcpPosition":[-32.5527,163.68,81.4501],"pipPosition":[-48.2694,193.323,53.4618],"stabilizedTipPosition":[-57.678,243.096,136.977],"timeVisible":13.0946,"tipPosition":[-50.855,216.513,14.7609],"tipVelocity":[-1.42463,-274.03,-879.963],"tool":false,"touchDistance":-0.782176,"touchZone":"hovering","type":0,"width":18.121},{"bases":[[[0.925441,-0.0669625,-0.372927],[0.345676,0.552214,0.758662],[0.155133,-0.831009,0.534189]],[[0.933078,-0.116673,-0.340224],[-0.0663259,0.873887,-0.481583],[0.353505,0.47192,0.807667]],[[0.933078,-0.116673,-0.340224],[-0.357947,-0.393784,-0.846645],[-0.0351945,0.911768,-0.409194]],[[0.933078,-0.116673,-0.340224],[-0.254653,-0.882312,-0.395825],[-0.254001,0.455975,-0.852977]]],"btipPosition":[-31.9193,182.91,46.0453],"carpPosition":[-12.6104,182.139,88.5021],"dipPosition":[-36.0866,190.391,32.0507],"direction":[0.0351945,-0.911768,0.409194],"extended":false,"handId":69,"id":692,"length":58.5013,"mcpPosition":[-22.0841,232.887,55.8801],"pipPosition":[-36.9604,213.028,21.8917],"stabilizedTipPosition":[-35.8062,214.18,152.688],"timeVisible":13.0946,"tipPosition":[-31.7221,185.761,38.9198],"tipVelocity":[-13.4806,-223.058,-748.806],"tool":false,"touchDistance":0.333333,"touchZone":"none","type":2,"width":16.9999},{"bases":[[[0.909474,-0.229959,-0.346375],[0.415681,0.519246,0.746722],[0.00813853,-0.823105,0.56783]],[[0.909484,-0.231073,-0.345605],[0.0273033,0.86271,-0.504962],[0.41484,0.449819,0.79093]],[[0.909484,-0.231073,-0.345605],[-0.410631,-0.3694,-0.833622],[0.064961,0.900082,-0.43085]],[[0.909484,-0.231073,-0.345605],[-0.352599,-0.869152,-0.34677],[-0.220254,0.437242,-0.871956]]],"btipPosition":[-17.1535,181.136,47.3836],"carpPosition":[-2.54675,182.455,84.7259],"dipPosition":[-20.7464,188.269,33.1598],"direction":[-0.064961,-0.900082,0.43085],"extended":false,"handId":69,"id":693,"length":56.2505,"mcpPosition":[-2.99298,227.585,53.5923],"pipPosition":[-19.1752,210.038,22.7394],"stabilizedTipPosition":[-20.9572,211.208,154.089],"timeVisible":13.0946,"tipPosition":[-17.2669,183.268,42.1428],"tipVelocity":[-30.2263,-199.15,-723.444],"tool":false,"touchDistance":0.333333,"touchZone":"none","type":3,"width":16.1765},{"bases":[[[0.823035,-0.406291,-0.396913],[0.551152,0.402385,0.730971],[-0.137275,-0.820374,0.555105]],[[0.825015,-0.393852,-0.405253],[0.176095,0.860591,-0.477885],[0.536973,0.322899,0.779356]],[[0.825015,-0.393852,-0.405253],[-0.515253,-0.229744,-0.825671],[0.232088,0.889999,-0.392476]],[[0.825015,-0.393852,-0.405253],[-0.542719,-0.752076,-0.37395],[-0.1575,0.528453,-0.834225]]],"btipPosition":[-4.92728,186.224,44.3453],"carpPosition":[6.27527,177.705,77.3228],"dipPosition":[-7.29749,194.177,31.7911],"direction":[-0.232088,-0.889999,0.392476],"extended":false,"handId":69,"id":694,"length":44.0994,"mcpPosition":[13.2426,219.343,49.1486],"pipPosition":[-3.33431,209.375,25.0891],"stabilizedTipPosition":[-7.84188,215.355,150.824],"timeVisible":13.0946,"tipPosition":[-5.71743,188.824,41.4255],"tipVelocity":[-4.68241,-206.357,-751.866],"tool":false,"touchDistance":0.333333,"touchZone":"none","type":4,"width":14.3692}],"r":[[0.952141,0.228023,-0.203549],[-0.175158,0.95279,0.248015],[0.250492,-0.200492,0.947131]],"s":0.990924,"t":[-110.555,28.8035,-82.9552],"timestamp":1130963423472},{"currentFrameRate":57.658,"devices":[],"gestures":[],"hands":[{"armBasis":[[0.89279,0.15729,-0.422121],[0.153182,0.775217,0.612841],[0.423629,-0.6118,0.668012]],"armWidth":56.6405,"confidence":1,"direction":[-0.0949128,0.883132,-0.459423],"elbow":[98.0398,9.77515,241.349],"grabAngle":3.02195,"grabStrength":0.224083,"id":69,"palmNormal":[-0.206263,-0.468937,-0.858809],"palmPosition":[-18.8874,208.968,49.0548],"palmVelocity":[-33.9831,-137.941,-690.874],"palmWidth":79.644,"pinchDistance":32.4193,"pinchStrength":0.542586,"r":[[0.954045,0.231066,-0.190806],[-0.187488,0.956979,0.221447],[0.233766,-0.175497,0.956323]],"s":1.00048,"sphereCenter":[-16.9704,200.715,6.76857],"sphereRadius":40.4651,"stabilizedPalmPosition":[-13.8919,236.373,178.437],"t":[-111.582,26.5629,-95.9845],"timeVisible":13.112,"type":"right","wrist":[-2.07729,154.363,83.4764]}],"id":41884,"interactionBox":{"center":[0,200,0],"size":[235.247,235.247,147.751]},"pointables":[{"bases":[[[0.944121,0.135218,-0.300586],[0.165845,0.593223,0.78777],[0.284835,-0.793601,0.537649]],[[0.966169,0.0622541,-0.250283],[0.0421099,0.91933,0.391227],[0.254448,-0.388531,0.885607]],[[0.966169,0.0622541,-0.250283],[-0.049624,0.99717,0.0564674],[0.25309,-0.0421371,0.966525]],[[0.966169,0.0622541,-0.250283],[-0.103309,0.982592,-0.154402],[0.236314,0.175035,0.955782]]],"btipPosition":[-60.3261,242.323,-22.2799],"carpPosition":[-23.5739,178.367,80.2142],"dipPosition":[-56.801,244.934,-8.0226],"direction":[-0.25309,0.0421371,-0.966525],"extended":true,"handId":69,"id":691,"length":51.343,"mcpPosition":[-41.9161,229.471,45.5918],"pipPosition":[-51.4602,244.045,12.3734],"stabilizedTipPosition":[-68.6466,265.081,126.406],"timeVisible":13.112,"tipPosition":[-60.3633,236.402,-17.3887],"tipVelocity":[24.2732,-196.358,-818.316],"tool":false,"touchDistance":-1,"touchZone":"hovering","type":1,"width":17.3092},{"bases":[[[0.557854,0.586426,0.587284],[-0.65449,-0.124277,0.745787],[0.510335,-0.800412,0.314482]],[[0.429081,0.751111,0.501718],[-0.831719,0.111884,0.543806],[0.352325,-0.650626,0.672721]],[[0.429081,0.751111,0.501718],[-0.898325,0.296831,0.323889],[0.0943514,-0.589681,0.802106]],[[0.429081,0.751111,0.501718],[-0.895001,0.428505,0.123921],[-0.12191,-0.502211,0.856109]]],"btipPosition":[-48.8022,218.406,0.655667],"carpPosition":[-33.0904,162.163,71.4187],"dipPosition":[-51.2932,208.144,18.1485],"direction":[-0.0943514,0.589681,-0.802106],"extended":false,"handId":69,"id":690,"length":45.5012,"mcpPosition":[-33.0904,162.163,71.4187],"pipPosition":[-48.4846,190.591,42.0255],"stabilizedTipPosition":[-57.6744,243.084,136.92],"timeVisible":13.112,"tipPosition":[-50.6918,211.846,2.16251],"tipVelocity":[8.10828,-241.818,-718.909],"tool":false,"touchDistance":-0.919895,"touchZone":"hovering","type":0,"width":18.121},{"bases":[[[0.931724,-0.0763683,-0.355046],[0.329286,0.589976,0.737224],[0.153168,-0.803801,0.574842]],[[0.939232,-0.12443,-0.319937],[-0.0671663,0.84737,-0.526738],[0.336647,0.516219,0.78752]],[[0.939232,-0.12443,-0.319937],[-0.341244,-0.439827,-0.830725],[-0.0373498,0.889421,-0.455561]],[[0.939232,-0.12443,-0.319937],[-0.240584,-0.90341,-0.354922],[-0.244871,0.410325,-0.878448]]],"btipPosition":[-31.9832,179.651,35.3833],"carpPosition":[-13.4075,181.102,77.9059],"dipPosition":[-36.0008,186.383,20.9709],"direction":[0.0373498,-0.889421,0.455561],"extended":false,"handId":69,"id":692,"length":58.5013,"mcpPosition":[-22.7612,230.188,42.8013],"pipPosition":[-36.9281,208.465,9.66068],"stabilizedTipPosition":[-35.8044,214.158,152.61],"timeVisible":13.112,"tipPosition":[-31.7777,182.224,27.9838],"tipVelocity":[-1.69561,-197.254,-618.387],"tool":false,"touchDistance":0.333333,"touchZone":"none","type":2,"width":16.9999},{"bases":[[[0.916617,-0.238078,-0.321141],[0.399727,0.557088,0.727923],[0.00560147,-0.795595,0.605803]],[[0.916575,-0.233865,-0.324342],[0.0220177,0.839419,-0.543039],[0.399257,0.490594,0.774539]],[[0.916575,-0.233865,-0.324342],[-0.395677,-0.413388,-0.820092],[0.057712,0.88001,-0.471436]],[[0.916575,-0.233865,-0.324342],[-0.336819,-0.888714,-0.311031],[-0.215508,0.394328,-0.893343]]],"btipPosition":[-17.05,178.095,36.8205],"carpPosition":[-3.28814,181.327,74.275],"dipPosition":[-20.5654,184.527,22.2479],"direction":[-0.057712,-0.88001,0.471436],"extended":false,"handId":69,"id":693,"length":56.2505,"mcpPosition":[-3.59526,224.948,41.0594],"pipPosition":[-19.1696,205.811,10.8458],"stabilizedTipPosition":[-20.9561,211.196,154.046],"timeVisible":13.112,"tipPosition":[-17.3461,180.019,31.5077],"tipVelocity":[6.97392,-184.073,-611.791],"tool":false,"touchDistance":0.333333,"touchZone":"none","type":3,"width":16.1765},{"bases":[[[0.832374,-0.417312,-0.364697],[0.536342,0.440784,0.719754],[-0.139609,-0.794707,0.590719]],[[0.837176,-0.386072,-0.387407],[0.158722,0.849339,-0.503419],[0.523396,0.359961,0.772324]],[[0.837176,-0.386072,-0.387407],[-0.503838,-0.268793,-0.820913],[0.2128,0.882439,-0.419544]],[[0.837176,-0.386072,-0.387407],[-0.521761,-0.776169,-0.354015],[-0.164018,0.498507,-0.851228]]],"btipPosition":[-4.55056,182.965,33.3896],"carpPosition":[5.68691,176.313,67.2395],"dipPosition":[-7.01885,190.467,20.5795],"direction":[-0.2128,-0.882439,0.419544],"extended":false,"handId":69,"id":694,"length":44.0994,"mcpPosition":[12.7727,216.648,37.2577],"pipPosition":[-3.38505,205.535,13.4153],"stabilizedTipPosition":[-7.84092,215.344,150.782],"timeVisible":13.112,"tipPosition":[-5.79649,185.605,30.6711],"tipVelocity":[20.3577,-193.326,-633.132],"tool":false,"touchDistance":0.333333,"touchZone":"none","type":4,"width":14.3692}],"r":[[0.954045,0.231066,-0.190806],[-0.187488,0.956979,0.221447],[0.233766,-0.175497,0.956323]],"s":1.00048,"t":[-111.582,26.5629,-95.9845],"timestamp":1130963440869},{"currentFrameRate":57.6781,"devices":[],"gestures":[{"direction":[-0.0297786,-0.1596,-0.986732],"duration":0,"handIds":[69],"id":8,"pointableIds":[691],"position":[-59.6096,241.666,-29.0456],"speed":250.598,"startPosition":[-55.5684,263.325,104.863],"state":"start","type":"swipe"}],"hands":[{"armBasis":[[0.896475,0.139845,-0.420447],[0.147492,0.800596,0.580768],[0.417826,-0.582657,0.697089]],"armWidth":56.6405,"confidence":1,"direction":[-0.0912683,0.871331,-0.482133],"elbow":[95.7963,15.9481,240.715],"grabAngle":3.00483,"grabStrength":0.195016,"id":69,"palmNormal":[-0.201567,-0.490296,-0.847927],"palmPosition":[-19.4937,207.281,39.9541],"palmVelocity":[-35.1062,-97.6907,-526.937],"palmWidth":79.644,"pinchDistance":33.4218,"pinchStrength":0.503046,"r":[[0.955644,0.232616,-0.180652],[-0.197043,0.960834,0.194864],[0.218905,-0.150625,0.96405]],"s":1.01053,"sphereCenter":[-16.3114,197.784,-2.62059],"sphereRadius":41.171,"stabilizedPalmPosition":[-13.8927,236.368,178.417],"t":[-112.399,24.599,-107.05],"timeVisible":13.1293,"type":"right","wrist":[-2.94945,153.649,75.9706]}],"id":41885,"interactionBox":{"center":[0,200,0],"size":[235.247,235.247,147.751]},"pointables":[{"bases":[[[0.946045,0.126786,-0.298202],[0.161701,0.612784,0.77353],[0.280806,-0.780014,0.559219]],[[0.968269,0.0528324,-0.244263],[0.0463823,0.922427,0.383376],[0.245569,-0.382541,0.890707]],[[0.968269,0.0528324,-0.244263],[-0.0377934,0.997113,0.0658542],[0.247037,-0.054533,0.96747]],[[0.968269,0.0528324,-0.244263],[-0.0836805,0.989519,-0.117687],[0.235485,0.134392,0.962541]]],"btipPosition":[-60.4176,241.205,-32.348],"carpPosition":[-24.3979,177.48,71.8471],"dipPosition":[-56.9049,243.209,-17.9899],"direction":[-0.247037,0.054533,-0.96747],"extended":true,"handId":69,"id":691,"length":51.343,"mcpPosition":[-42.4807,227.71,35.8358],"pipPosition":[-51.6918,242.059,2.4261],"stabilizedTipPosition":[-68.6443,265.075,126.366],"timeVisible":13.1293,"tipPosition":[-60.4233,234.16,-27.6184],"tipVelocity":[-5.46198,-72.8383,-581.605],"tool":false,"touchDistance":-1,"touchZone":"hovering","type":1,"width":17.3092},{"bases":[[[0.554901,0.600595,0.575649],[-0.659083,-0.104853,0.744725],[0.507636,-0.792649,0.337659]],[[0.430704,0.759141,0.488056],[-0.834862,0.129742,0.53495],[0.342781,-0.637865,0.689659]],[[0.430704,0.759141,0.488056],[-0.898657,0.310943,0.309402],[0.0831218,-0.571856,0.816132]],[[0.430704,0.759141,0.488056],[-0.892686,0.437863,0.106715],[-0.13269,-0.481644,0.866264]]],"btipPosition":[-48.6179,215.802,-8.72184],"carpPosition":[-33.8776,161.067,63.4063],"dipPosition":[-51.3291,205.961,8.97849],"direction":[-0.0831218,0.571856,-0.816132],"extended":false,"handId":69,"id":690,"length":45.5012,"mcpPosition":[-33.8776,161.067,63.4063],"pipPosition":[-48.8548,188.938,33.273],"stabilizedTipPosition":[-57.6712,243.073,136.867],"timeVisible":13.1293,"tipPosition":[-50.9493,209.164,-7.09582],"tipVelocity":[7.73977,-145.177,-540.199],"tool":false,"touchDistance":-0.996186,"touchZone":"hovering","type":0,"width":18.121},{"bases":[[[0.933764,-0.0860972,-0.347378],[0.325439,0.608123,0.724069],[0.148908,-0.78916,0.595863]],[[0.941013,-0.133264,-0.311022],[-0.0636245,0.833097,-0.549456],[0.332334,0.536834,0.775476]],[[0.941013,-0.133264,-0.311022],[-0.336587,-0.462885,-0.820028],[-0.0346878,0.876344,-0.480436]],[[0.941013,-0.133264,-0.311022],[-0.239297,-0.911963,-0.333257],[-0.23923,0.388026,-0.890059]]],"btipPosition":[-32.5079,177.625,27.0405],"carpPosition":[-14.2151,180.147,69.532],"dipPosition":[-36.4328,183.992,12.4376],"direction":[0.0346878,-0.876343,0.480436],"extended":false,"handId":69,"id":692,"length":58.5013,"mcpPosition":[-23.3087,228.34,33.1437],"pipPosition":[-37.294,205.749,0.509838],"stabilizedTipPosition":[-35.8031,214.14,152.544],"timeVisible":13.1293,"tipPosition":[-32.2912,180.019,19.5146],"tipVelocity":[-29.1439,-122.155,-485.588],"tool":false,"touchDistance":0.333333,"touchZone":"none","type":2,"width":16.9999},{"bases":[[[0.918292,-0.246887,-0.309494],[0.395901,0.574951,0.716026],[0.00116643,-0.78005,0.625716]],[[0.91781,-0.222469,-0.328834],[0.00288145,0.831968,-0.554816],[0.397009,0.508268,0.76423]],[[0.91781,-0.222469,-0.328834],[-0.395253,-0.433964,-0.809599],[0.0374083,0.873031,-0.486228]],[[0.91781,-0.222469,-0.328834],[-0.323594,-0.899053,-0.294942],[-0.230024,0.37711,-0.89715]]],"btipPosition":[-16.777,175.948,28.2333],"carpPosition":[-4.0739,180.272,65.9576],"dipPosition":[-20.5293,182.1,13.5986],"direction":[-0.0374083,-0.873031,0.486228],"extended":false,"handId":69,"id":693,"length":56.2505,"mcpPosition":[-4.13786,223.041,31.6502],"pipPosition":[-19.6245,203.215,1.83882],"stabilizedTipPosition":[-20.9551,211.186,154.007],"timeVisible":13.1293,"tipPosition":[-17.8636,177.869,23.2421],"tipVelocity":[12.65,-128.048,-498.027],"tool":false,"touchDistance":0.333333,"touchZone":"none","type":3,"width":16.1765},{"bases":[[[0.834133,-0.427092,-0.349019],[0.532447,0.458362,0.711621],[-0.14395,-0.779421,0.609739]],[[0.841448,-0.37799,-0.386119],[0.145453,0.846665,-0.511862],[0.520392,0.374543,0.767404]],[[0.841448,-0.37799,-0.386119],[-0.502568,-0.285012,-0.816207],[0.198469,0.880847,-0.429789]],[[0.841448,-0.37799,-0.386119],[-0.51162,-0.787208,-0.34431],[-0.17381,0.487265,-0.855782]]],"btipPosition":[-4.5941,180.697,24.6853],"carpPosition":[4.93825,175.074,59.1052],"dipPosition":[-7.20976,188.029,11.8067],"direction":[-0.198469,-0.880847,0.429789],"extended":false,"handId":69,"id":694,"length":44.0994,"mcpPosition":[12.2444,214.633,28.1581],"pipPosition":[-3.82066,203.071,4.46754],"stabilizedTipPosition":[-7.84011,215.334,150.742],"timeVisible":13.1293,"tipPosition":[-6.27492,183.411,22.2262],"tipVelocity":[-4.48358,-133.58,-504.894],"tool":false,"touchDistance":0.333333,"touchZone":"none","type":4,"width":14.3692}],"r":[[0.955644,0.232616,-0.180652],[-0.197043,0.960834,0.194864],[0.218905,-0.150625,0.96405]],"s":1.01053,"t":[-112.399,24.599,-107.05],"timestamp":1130963458140},{"currentFrameRate":57.6512,"devices":[],"gestures":[{"direction":[-0.0311512,-0.165458,-0.985725],"duration":17435,"handIds":[69],"id":8,"pointableIds":[691],"position":[-59.8979,241.073,-36.1512],"speed":251.019,"startPosition":[-55.5684,263.325,104.863],"state":"update","type":"swipe"}],"hands":[{"armBasis":[[0.899361,0.125966,-0.418667],[0.143848,0.819026,0.555432],[0.412864,-0.559758,0.71848]],"armWidth":56.6405,"confidence":1,"direction":[-0.0910519,0.864127,-0.494969],"elbow":[94.1532,21.097,240.017],"grabAngle":2.99438,"grabStrength":0.174738,"id":69,"palmNormal":[-0.200588,-0.50276,-0.840831],"palmPosition":[-19.9078,206.375,33.2633],"palmVelocity":[-23.7524,-51.9456,-383.758],"palmWidth":79.644,"pinchDistance":34.1845,"pinchStrength":0.47687,"r":[[0.956816,0.233585,-0.173038],[-0.204472,0.963901,0.170545],[0.206629,-0.127799,0.970037]],"s":1.01981,"sphereCenter":[-15.7279,196.119,-9.58268],"sphereRadius":41.7633,"stabilizedPalmPosition":[-13.8933,236.366,178.404],"t":[-113.014,23.1642,-115.928],"timeVisible":13.1467,"type":"right","wrist":[-3.41996,153.386,70.2174]}],"id":41886,"interactionBox":{"center":[0,200,0],"size":[235.247,235.247,147.751]},"pointables":[{"bases":[[[0.9463,0.122685,-0.299107],[0.160759,0.624129,0.764604],[0.280487,-0.771629,0.570891]],[[0.968858,0.0480323,-0.242912],[0.0496132,0.923456,0.380483],[0.242594,-0.380685,0.892315]],[[0.968858,0.0480323,-0.242912],[-0.0314295,0.996926,0.0717704],[0.245613,-0.0619008,0.96739]],[[0.968858,0.0480323,-0.242912],[-0.0727457,0.992929,-0.0938103],[0.236689,0.10856,0.965502]]],"btipPosition":[-60.71,240.7,-39.4637],"carpPosition":[-24.8346,177.045,65.5858],"dipPosition":[-57.1793,242.32,-25.0614],"direction":[-0.245613,0.0619008,-0.96739],"extended":true,"handId":69,"id":691,"length":51.343,"mcpPosition":[-42.8968,226.734,28.8228],"pipPosition":[-51.9963,241.013,-4.64716],"stabilizedTipPosition":[-68.6432,265.072,126.345],"timeVisible":13.1467,"tipPosition":[-60.7049,232.988,-34.8556],"tipVelocity":[-16.5341,-34.0055,-407.546],"tool":false,"touchDistance":-1,"touchZone":"hovering","type":1,"width":17.3092},{"bases":[[[0.554157,0.609157,0.567307],[-0.659784,-0.094107,0.745539],[0.507538,-0.787446,0.349762]],[[0.430247,0.766106,0.477461],[-0.836011,0.138623,0.530914],[0.340549,-0.627587,0.700115]],[[0.430247,0.766106,0.477461],[-0.899237,0.317374,0.301077],[0.079123,-0.558888,0.82546]],[[0.430247,0.766106,0.477461],[-0.892187,0.441409,0.0957038],[-0.137437,-0.467161,0.873425]]],"btipPosition":[-48.7278,214.11,-15.6313],"carpPosition":[-34.3011,160.507,57.3777],"dipPosition":[-51.5361,204.565,2.21535],"direction":[-0.079123,0.558888,-0.82546],"extended":false,"handId":69,"id":690,"length":45.5012,"mcpPosition":[-34.3011,160.507,57.3777],"pipPosition":[-49.1807,187.928,26.7875],"stabilizedTipPosition":[-57.6688,243.064,136.824],"timeVisible":13.1467,"tipPosition":[-51.2851,207.63,-13.8012],"tipVelocity":[-7.5856,-93.1247,-394.369],"tool":false,"touchDistance":-1,"touchZone":"hovering","type":0,"width":18.121},{"bases":[[[0.934131,-0.090901,-0.345162],[0.324547,0.618793,0.715377],[0.148555,-0.780277,0.607535]],[[0.941358,-0.137526,-0.308111],[-0.0638357,0.82408,-0.562865],[0.331316,0.549526,0.766975]],[[0.941358,-0.137526,-0.308111],[-0.335515,-0.478168,-0.811656],[-0.0357048,0.867434,-0.496269]],[[0.941358,-0.137526,-0.308111],[-0.238656,-0.916904,-0.319892],[-0.238514,0.374666,-0.895956]]],"btipPosition":[-32.8652,176.523,20.885],"carpPosition":[-14.6503,179.681,63.2416],"dipPosition":[-36.7784,182.67,6.1853],"direction":[0.0357048,-0.867434,0.496269],"extended":false,"handId":69,"id":692,"length":58.5013,"mcpPosition":[-23.7223,227.331,26.1405],"pipPosition":[-37.6649,204.205,-6.13555],"stabilizedTipPosition":[-35.8025,214.128,152.5],"timeVisible":13.1467,"tipPosition":[-32.6855,178.805,13.2471],"tipVelocity":[-20.339,-66.1485,-354.334],"tool":false,"touchDistance":0.333333,"touchZone":"none","type":2,"width":16.9999},{"bases":[[[0.918669,-0.251121,-0.304935],[0.395028,0.585529,0.707891],[0.000781968,-0.770775,0.637107]],[[0.917189,-0.207647,-0.34007],[-0.0192739,0.829356,-0.558388],[0.397986,0.518702,0.756674]],[[0.917189,-0.207647,-0.34007],[-0.398196,-0.44703,-0.801002],[0.014304,0.870085,-0.492695]],[[0.917189,-0.207647,-0.34007],[-0.311315,-0.906139,-0.286348],[-0.248691,0.368504,-0.895744]]],"btipPosition":[-16.3625,174.728,21.7551],"carpPosition":[-4.50561,179.756,59.6758],"dipPosition":[-20.4192,180.739,7.14338],"direction":[-0.014304,-0.870085,0.492695],"extended":false,"handId":69,"id":693,"length":56.2505,"mcpPosition":[-4.54848,222.017,24.7438],"pipPosition":[-20.0733,201.783,-4.77283],"stabilizedTipPosition":[-20.9543,211.179,153.979],"timeVisible":13.1467,"tipPosition":[-18.2048,176.691,17.057],"tipVelocity":[19.7601,-71.822,-371.259],"tool":false,"touchDistance":0.333333,"touchZone":"none","type":3,"width":16.1765},{"bases":[[[0.834602,-0.431913,-0.341892],[0.531612,0.46893,0.705332],[-0.144319,-0.770425,0.62098]],[[0.843281,-0.370864,-0.389021],[0.13404,0.84604,-0.515994],[0.520491,0.382984,0.76316]],[[0.843281,-0.370864,-0.389021],[-0.504181,-0.295052,-0.811632],[0.186223,0.88057,-0.435794]],[[0.843281,-0.370864,-0.389021],[-0.50503,-0.794415,-0.337416],[-0.183909,0.481004,-0.857212]]],"btipPosition":[-4.64079,179.465,18.1739],"carpPosition":[4.5148,174.461,52.9093],"dipPosition":[-7.40841,186.704,5.2738],"direction":[-0.186223,-0.88057,0.435794],"extended":false,"handId":69,"id":694,"length":44.0994,"mcpPosition":[11.8397,213.563,21.3916],"pipPosition":[-4.22843,201.74,-2.1679],"stabilizedTipPosition":[-7.83959,215.327,150.715],"timeVisible":13.1467,"tipPosition":[-6.63006,182.223,15.8836],"tipVelocity":[-4.68263,-71.8777,-373.749],"tool":false,"touchDistance":0.333333,"touchZone":"none","type":4,"width":14.3692}],"r":[[0.956816,0.233585,-0.173038],[-0.204472,0.963901,0.170545],[0.206629,-0.127799,0.970037]],"s":1.01981,"t":[-113.014,23.1642,-115.928],"timestamp":1130963475575},{"currentFrameRate":57.6721,"devices":[],"gestures":[{"direction":[-0.0275311,-0.156154,-0.987349],"duration":34705,"handIds":[69],"id":8,"pointableIds":[691],"position":[-59.6506,240.883,-41.1141],"speed":251.542,"startPosition":[-55.5684,263.325,104.863],"state":"update","type":"swipe"}],"hands":[{"armBasis":[[0.901095,0.114125,-0.418333],[0.142884,0.832716,0.534946],[0.409404,-0.541811,0.73405]],"armWidth":56.6405,"confidence":1,"direction":[-0.0862062,0.862655,-0.498392],"elbow":[92.9288,25.0465,239.285],"grabAngle":2.99308,"grabStrength":0.167128,"id":69,"palmNormal":[-0.201233,-0.50502,-0.839321],"palmPosition":[-20.0195,205.881,28.4698],"palmVelocity":[-6.46745,-28.6134,-277.56],"palmWidth":79.644,"pinchDistance":34.426,"pinchStrength":0.468615,"r":[[0.957946,0.233514,-0.166765],[-0.209393,0.966233,0.150162],[0.196199,-0.108928,0.974495]],"s":1.02742,"sphereCenter":[-15.5074,195.422,-14.4007],"sphereRadius":41.9281,"stabilizedPalmPosition":[-13.8935,236.364,178.397],"t":[-113.377,22.1997,-122.763],"timeVisible":13.164,"type":"right","wrist":[-3.82642,153.094,65.8055]}],"id":41887,"interactionBox":{"center":[0,200,0],"size":[235.247,235.247,147.751]},"pointables":[{"bases":[[[0.947417,0.1173,-0.297729],[0.162098,0.626278,0.762561],[0.27591,-0.770724,0.574333]],[[0.969784,0.041681,-0.240379],[0.0547754,0.922942,0.381021],[0.237737,-0.382675,0.892771]],[[0.969784,0.041681,-0.240379],[-0.0252503,0.997154,0.0710341],[0.242656,-0.0628181,0.968077]],[[0.969784,0.041681,-0.240379],[-0.0638048,0.994336,-0.0849988],[0.235474,0.0977678,0.96695]]],"btipPosition":[-60.4584,240.547,-44.4316],"carpPosition":[-25.1405,176.695,60.8928],"dipPosition":[-56.9459,242.006,-30.0077],"direction":[-0.242656,0.0628181,-0.968077],"extended":true,"handId":69,"id":691,"length":51.343,"mcpPosition":[-42.908,226.326,23.9082],"pipPosition":[-51.8253,240.68,-9.57889],"stabilizedTipPosition":[-68.6426,265.071,126.334],"timeVisible":13.164,"tipPosition":[-60.5416,232.638,-39.8609],"tipVelocity":[14.3232,-10.997,-287.369],"tool":false,"touchDistance":-1,"touchZone":"hovering","type":1,"width":17.3092},{"bases":[[[0.555803,0.608793,0.566087],[-0.661635,-0.0883275,0.744606],[0.503312,-0.788396,0.353706]],[[0.432787,0.765945,0.47542],[-0.837034,0.145582,0.527427],[0.334767,-0.626207,0.704128]],[[0.432787,0.765945,0.47542],[-0.89857,0.324057,0.295905],[0.0725832,-0.555262,0.828502]],[[0.432787,0.765945,0.47542],[-0.88983,0.447521,0.0890379],[-0.144562,-0.461578,0.875242]]],"btipPosition":[-48.4995,213.49,-20.5834],"carpPosition":[-34.6656,160.169,52.7286],"dipPosition":[-51.4533,204.059,-2.69964],"direction":[-0.0725832,0.555262,-0.828502],"extended":false,"handId":69,"id":690,"length":45.5012,"mcpPosition":[-34.6656,160.169,52.7286],"pipPosition":[-49.2927,187.53,21.9631],"stabilizedTipPosition":[-57.6675,243.059,136.8],"timeVisible":13.164,"tipPosition":[-51.2698,207.16,-18.6284],"tipVelocity":[11.2843,-34.3851,-286.252],"tool":false,"touchDistance":-1,"touchZone":"hovering","type":0,"width":18.121},{"bases":[[[0.934374,-0.0964014,-0.343004],[0.325954,0.62002,0.713673],[0.14387,-0.778641,0.610753]],[[0.94132,-0.142918,-0.305763],[-0.0603503,0.820052,-0.569099],[0.332076,0.554157,0.763306]],[[0.94132,-0.142918,-0.305763],[-0.335907,-0.485031,-0.80741],[-0.0329108,0.86274,-0.504576]],[[0.94132,-0.142918,-0.305763],[-0.241647,-0.917842,-0.314918],[-0.235635,0.370326,-0.898518]]],"btipPosition":[-33.0173,176.011,16.4081],"carpPosition":[-14.94,179.276,58.5585],"dipPosition":[-36.8833,182.087,1.66634],"direction":[0.0329108,-0.86274,0.504576],"extended":false,"handId":69,"id":692,"length":58.5013,"mcpPosition":[-23.7259,226.826,21.2609],"pipPosition":[-37.7004,203.506,-10.8607],"stabilizedTipPosition":[-35.8022,214.122,152.476],"timeVisible":13.164,"tipPosition":[-32.8989,178.279,8.60341],"tipVelocity":[-8.18089,-30.5568,-259.79],"tool":false,"touchDistance":0.333333,"touchZone":"none","type":2,"width":16.9999},{"bases":[[[0.918113,-0.256398,-0.302205],[0.396298,0.586411,0.706449],[-0.00391563,-0.768363,0.640002]],[[0.916696,-0.209862,-0.340038],[-0.0192479,0.826799,-0.562168],[0.399121,0.521882,0.753884]],[[0.916696,-0.209862,-0.340038],[-0.399361,-0.452703,-0.797227],[0.0133715,0.866613,-0.498802]],[[0.916696,-0.209862,-0.340038],[-0.312204,-0.907288,-0.281705],[-0.249393,0.364399,-0.897227]]],"btipPosition":[-16.3978,174.159,17.2135],"carpPosition":[-4.78821,179.292,55.0121],"dipPosition":[-20.466,180.104,2.5775],"direction":[-0.0133715,-0.866613,0.498802],"extended":false,"handId":69,"id":693,"length":56.2505,"mcpPosition":[-4.57352,221.421,19.9214],"pipPosition":[-20.1426,201.063,-9.48641],"stabilizedTipPosition":[-20.9539,211.175,153.963],"timeVisible":13.164,"tipPosition":[-18.4032,176.119,12.4002],"tipVelocity":[-2.19666,-33.8242,-263.303],"tool":false,"touchDistance":0.333333,"touchZone":"none","type":3,"width":16.1765},{"bases":[[[0.833304,-0.436948,-0.338644],[0.532361,0.469191,0.704594],[-0.148982,-0.767422,0.623593]],[[0.843457,-0.364714,-0.394416],[0.126208,0.848196,-0.514427],[0.522161,0.384119,0.761447]],[[0.843457,-0.364714,-0.394416],[-0.506963,-0.297575,-0.808973],[0.177676,0.882288,-0.435888]],[[0.843457,-0.364714,-0.394416],[-0.501626,-0.79745,-0.335328],[-0.192228,0.480684,-0.855565]]],"btipPosition":[-4.47804,178.724,13.4448],"carpPosition":[4.22127,173.931,48.2831],"dipPosition":[-7.37086,185.957,0.569521],"direction":[-0.177676,-0.882288,0.435888],"extended":false,"handId":69,"id":694,"length":44.0994,"mcpPosition":[11.7828,212.882,16.6329],"pipPosition":[-4.33683,201.024,-6.87379],"stabilizedTipPosition":[-7.83927,215.323,150.698],"timeVisible":13.164,"tipPosition":[-6.77906,181.577,11.1904],"tipVelocity":[7.75631,-42.9924,-273.502],"tool":false,"touchDistance":0.333333,"touchZone":"none","type":4,"width":14.3692}],"r":[[0.957946,0.233514,-0.166765],[-0.209393,0.966233,0.150162],[0.196199,-0.108928,0.974495]],"s":1.02742,"t":[-113.377,22.1997,-122.763],"timestamp":1130963492845},{"currentFrameRate":57.654,"devices":[],"gestures":[{"direction":[-0.0244586,-0.167376,-0.98559],"duration":52110,"handIds":[69],"id":8,"pointableIds":[691],"position":[-59.3882,239.913,-44.5291],"speed":251.133,"startPosition":[-55.5684,263.325,104.863],"state":"update","type":"swipe"}],"hands":[{"armBasis":[[0.90393,0.11447,-0.412076],[0.132845,0.840704,0.524947],[0.406525,-0.529258,0.744731]],"armWidth":56.6405,"confidence":1,"direction":[-0.0869862,0.859225,-0.504149],"elbow":[92.1234,27.8322,239.371],"grabAngle":2.99262,"grabStrength":0.162087,"id":69,"palmNormal":[-0.191801,-0.511044,-0.837882],"palmPosition":[-20.1413,205.342,25.5421],"palmVelocity":[-6.99647,-30.9614,-168.214],"palmWidth":79.644,"pinchDistance":34.6178,"pinchStrength":0.462712,"r":[[0.958794,0.234421,-0.160502],[-0.214458,0.967731,0.132308],[0.186338,-0.0924354,0.978128]],"s":1.03347,"sphereCenter":[-15.1156,194.656,-17.2227],"sphereRadius":41.9748,"stabilizedPalmPosition":[-13.8938,236.363,178.391],"t":[-113.62,21.4481,-127.645],"timeVisible":13.1814,"type":"right","wrist":[-3.95148,152.913,63.3675]}],"id":41888,"interactionBox":{"center":[0,200,0],"size":[235.247,235.247,147.751]},"pointables":[{"bases":[[[0.949088,0.120792,-0.290931],[0.15261,0.631631,0.7601],[0.275575,-0.765801,0.58104]],[[0.971498,0.0452814,-0.232682],[0.0476045,0.92432,0.378637],[0.232218,-0.378922,0.89582]],[[0.971498,0.0452814,-0.232682],[-0.0309508,0.997413,0.0648762],[0.235018,-0.0558254,0.970387]],[[0.971498,0.0452814,-0.232682],[-0.066401,0.994272,-0.0837473],[0.227557,0.0968107,0.96894]]],"btipPosition":[-60.1689,239.58,-47.8534],"carpPosition":[-25.3589,176.319,58.0956],"dipPosition":[-56.7745,241.025,-33.3998],"direction":[-0.235018,0.0558254,-0.970387],"extended":true,"handId":69,"id":691,"length":51.343,"mcpPosition":[-43.1047,225.633,20.6791],"pipPosition":[-51.815,239.846,-12.9223],"stabilizedTipPosition":[-68.6418,265.069,126.319],"timeVisible":13.1814,"tipPosition":[-60.2551,231.585,-43.2801],"tipVelocity":[15.0751,-55.7499,-196.21],"tool":false,"touchDistance":-1,"touchZone":"hovering","type":1,"width":17.3092},{"bases":[[[0.54795,0.615172,0.566846],[-0.66702,-0.0876154,0.73987],[0.504812,-0.783509,0.362323]],[[0.424824,0.771077,0.474305],[-0.842876,0.145755,0.517991],[0.330279,-0.619836,0.711842]],[[0.424824,0.771077,0.474305],[-0.902912,0.323064,0.283514],[0.0653799,-0.548699,0.833459]],[[0.424824,0.771077,0.474305],[-0.891925,0.44616,0.0735565],[-0.154898,-0.454294,0.877282]]],"btipPosition":[-47.9402,212.392,-23.884],"carpPosition":[-34.7281,159.693,49.9544],"dipPosition":[-51.1052,203.109,-5.95849],"direction":[-0.0653799,0.548699,-0.833459],"extended":false,"handId":69,"id":690,"length":45.5012,"mcpPosition":[-34.7281,159.693,49.9544],"pipPosition":[-49.159,186.775,18.8518],"stabilizedTipPosition":[-57.6656,243.052,136.766],"timeVisible":13.1814,"tipPosition":[-50.9719,206.262,-21.7629],"tipVelocity":[29.3405,-61.1532,-189.081],"tool":false,"touchDistance":-1,"touchZone":"hovering","type":0,"width":18.121},{"bases":[[[0.937578,-0.0932409,-0.335042],[0.316881,0.625993,0.712544],[0.143296,-0.774234,0.616464]],[[0.944484,-0.139499,-0.297474],[-0.0612133,0.814827,-0.576463],[0.322806,0.562669,0.761052]],[[0.944484,-0.139499,-0.297474],[-0.326655,-0.496003,-0.804535],[-0.035316,0.857042,-0.514035]],[[0.944484,-0.139499,-0.297474],[-0.233851,-0.921395,-0.310396],[-0.230791,0.362728,-0.902864]]],"btipPosition":[-32.8264,175.317,13.7285],"carpPosition":[-15.1544,178.943,55.8267],"dipPosition":[-36.6129,181.268,-1.08449],"direction":[0.035316,-0.857042,0.514035],"extended":false,"handId":69,"id":692,"length":58.5013,"mcpPosition":[-23.9053,226.224,18.1804],"pipPosition":[-37.4897,202.546,-13.8464],"stabilizedTipPosition":[-35.8018,214.116,152.453],"timeVisible":13.1814,"tipPosition":[-32.7229,177.543,5.7929],"tipVelocity":[12.0213,-41.5499,-154.894],"tool":false,"touchDistance":0.333333,"touchZone":"none","type":2,"width":16.9999},{"bases":[[[0.921873,-0.253083,-0.293428],[0.387463,0.592732,0.706074],[-0.00477108,-0.764603,0.644483]],[[0.9205,-0.206778,-0.331546],[-0.020299,0.82205,-0.569054],[0.390215,0.530544,0.752499]],[[0.9205,-0.206778,-0.331546],[-0.390592,-0.463404,-0.795421],[0.0108363,0.861684,-0.507329]],[[0.9205,-0.206778,-0.331546],[-0.304541,-0.911278,-0.277178],[-0.244816,0.356112,-0.901804]]],"btipPosition":[-16.2037,173.572,14.651],"carpPosition":[-4.97513,178.995,52.3605],"dipPosition":[-20.1973,179.381,-0.0595645],"direction":[-0.0108363,-0.861684,0.507329],"extended":false,"handId":69,"id":693,"length":56.2505,"mcpPosition":[-4.71354,220.917,17.0241],"pipPosition":[-19.9352,200.221,-12.3297],"stabilizedTipPosition":[-20.9535,211.171,153.948],"timeVisible":13.1814,"tipPosition":[-18.2229,175.49,9.6785],"tipVelocity":[12.1349,-35.5468,-148.209],"tool":false,"