{"frames":36,"data":[{"currentFrameRate":115.283,"devices":[],"gestures":[],"hands":[{"armBasis":[[0.214817,0.91158,-0.350537],[-0.519821,0.410572,0.749144],[0.826825,0.0212873,0.562057]],"armWidth":59.0231,"confidence":1,"direction":[-0.436074,-0.231778,-0.869551],"elbow":[271.677,244.78,207.565],"grabAngle":3.14159,"grabStrength":1,"id":136,"palmNormal":[0.873931,-0.339571,-0.347758],"palmPosition":[42.2166,218.611,18.1943],"palmVelocity":[6.42715,-3.43434,0.819945],"palmWidth":80.6694,"pinchDistance":35.0433,"pinchStrength":0.426879,"r":[[-0.303232,-0.372039,0.87729],[-0.781183,-0.430175,-0.452441],[0.545713,-0.822519,-0.160187]],"s":1.21117,"sphereCenter":[65.1563,198.552,-4.83635],"sphereRadius":34.7838,"stabilizedPalmPosition":[44.3935,216.669,22.7231],"t":[-70.4821,24.6659,82.7591],"timeVisible":3.93715,"type":"right","wrist":[73.7558,239.685,73.0226]}],"id":166062,"interactionBox":{"center":[0,200,0],"size":[235.247,235.247,147.751]},"pointables":[{"bases":[[[-0.780377,0.62531,0.000271805],[-0.393416,-0.491315,0.777067],[0.486041,0.606298,0.629418]],[[-0.882836,0.437766,-0.17018],[-0.357069,-0.390173,0.848685],[0.305126,0.810016,0.500771]],[[-0.882836,0.437766,-0.17018],[-0.443069,-0.655995,0.611033],[0.155852,0.614843,0.773096]],[[-0.882836,0.437766,-0.17018],[-0.469656,-0.819077,0.329448],[0.00483046,0.370774,0.92871]]],"btipPosition":[47.2654,150.098,3.20066],"carpPosition":[65.4624,211.58,66.9568],"dipPosition":[47.3632,157.602,21.9982],"direction":[-0.155852,-0.614843,-0.773096],"extended":true,"handId":136,"id":1360,"length":45.0726,"mcpPosition":[65.4624,211.58,66.9568],"pipPosition":[51.9588,175.733,44.7948],"stabilizedTipPosition":[52.5151,153.836,6.65154],"timeVisible":3.93715,"tipPosition":[50.3389,155.336,4.48264],"tipVelocity":[6.56676,-3.70527,2.01784],"tool":false,"touchDistance":0.311222,"touchZone":"hovering","type":0,"width":19.1104},{"bases":[[[0.138406,0.859719,-0.491657],[-0.933378,0.279216,0.225485],[0.331133,0.427694,0.841088]],[[0.194363,0.921428,-0.336442],[-0.579511,-0.16887,-0.797276],[-0.791448,0.349933,0.501156]],[[0.194363,0.921428,-0.336442],[0.769549,-0.35592,-0.530203],[-0.608291,-0.155857,-0.778261]],[[0.194363,0.921428,-0.336442],[0.965763,-0.11967,0.230176],[0.171828,-0.369661,-0.913141]]],"btipPosition":[65.6957,189.608,18.5095],"carpPosition":[47.7104,221.786,62.2289],"dipPosition":[68.2347,184.146,5.01661],"direction":[0.608291,0.155857,0.778261],"extended":false,"handId":136,"id":1361,"length":50.8594,"mcpPosition":[26.1123,193.89,7.36895],"pipPosition":[55.5192,180.888,-11.2519],"stabilizedTipPosition":[68.6276,189.275,15.5382],"timeVisible":3.93715,"tipPosition":[67.8246,190.129,12.5661],"tipVelocity":[10.2309,-3.59937,2.72357],"tool":false,"touchDistance":0.333333,"touchZone":"none","type":1,"width":18.2543},{"bases":[[[0.338948,0.849317,-0.404691],[-0.889045,0.429864,0.15753],[0.307755,0.306394,0.900783]],[[0.34206,0.852389,-0.395509],[-0.586204,-0.135389,-0.798771],[-0.734411,0.505076,0.453363]],[[0.34206,0.852389,-0.395509],[0.733944,-0.505184,-0.453999],[-0.586789,-0.134987,-0.798409]],[[0.34206,0.852389,-0.395509],[0.939022,-0.294348,0.177753],[0.0350978,-0.432194,-0.901097]]],"btipPosition":[73.0626,201.606,16.4842],"carpPosition":[47.6235,231.269,56.8204],"dipPosition":[73.633,194.582,1.83941],"direction":[0.586789,0.134987,0.798409],"extended":false,"handId":136,"id":1362,"length":57.9502,"mcpPosition":[28.5875,212.317,1.10289],"pipPosition":[59.202,191.262,-17.7959],"stabilizedTipPosition":[75.0888,199.615,13.7901],"timeVisible":3.93715,"tipPosition":[75.344,199.182,11.5646],"tipVelocity":[9.52701,1.33383,0.296256],"tool":false,"touchDistance":0.333333,"touchZone":"none","type":2,"width":17.9281},{"bases":[[[0.446591,0.850311,-0.278438],[-0.852293,0.498993,0.156849],[0.272309,0.167264,0.94756]],[[0.429459,0.838751,-0.334757],[-0.566649,-0.0383596,-0.823066],[-0.703188,0.543162,0.458804]],[[0.429459,0.838751,-0.334757],[0.698427,-0.543464,-0.465668],[-0.572508,-0.0338178,-0.819202]],[[0.429459,0.838751,-0.334757],[0.900094,-0.367394,0.234204],[0.0734514,-0.401894,-0.912736]]],"btipPosition":[74.9419,217.621,15.9285],"carpPosition":[50.3636,240.594,51.9049],"dipPosition":[76.1288,211.127,1.17983],"direction":[0.572508,0.0338178,0.819202],"extended":false,"handId":136,"id":1363,"length":55.7206,"mcpPosition":[35.2409,231.305,-0.717939],"pipPosition":[62.4127,210.317,-18.4465],"stabilizedTipPosition":[76.6018,215.755,13.3543],"timeVisible":3.93715,"tipPosition":[77.2078,214.68,11.9752],"tipVelocity":[6.60143,1.90853,0.763428],"tool":false,"touchDistance":0.333333,"touchZone":"none","type":3,"width":17.0597},{"bases":[[[0.60975,0.76974,-0.18896],[-0.745028,0.637977,0.194727],[0.270441,0.0220459,0.962484]],[[0.561654,0.757482,-0.332815],[-0.587781,0.0822062,-0.804833],[-0.582287,0.64766,0.491405]],[[0.561654,0.757482,-0.332815],[0.574323,-0.646495,-0.502193],[-0.595565,0.0909157,-0.798146]],[[0.561654,0.757482,-0.332815],[0.826715,-0.529831,0.189266],[-0.0329701,-0.381445,-0.923804]]],"btipPosition":[73.7901,231.638,10.4751],"carpPosition":[59.3208,248.429,47.7098],"dipPosition":[73.2986,225.952,-3.29614],"direction":[0.595565,-0.0909157,0.798146],"extended":false,"handId":136,"id":1364,"length":43.6839,"mcpPosition":[45.418,247.295,-1.76977],"pipPosition":[63.2244,227.49,-16.797],"stabilizedTipPosition":[74.177,229.79,7.70877],"timeVisible":3.93715,"tipPosition":[75.4365,228.161,5.63184],"tipVelocity":[4.89108,1.41233,1.1331],"tool":false,"touchDistance":0.333333,"touchZone":"none","type":4,"width":15.1538}],"r":[[-0.303232,-0.372039,0.87729],[-0.781183,-0.430175,-0.452441],[0.545713,-0.822519,-0.160187]],"s":1.21117,"t":[-70.4821,24.6659,82.7591],"timestamp":8238973316},{"currentFrameRate":114.736,"devices":[],"gestures":[],"hands":[{"armBasis":[[0.214106,0.91208,-0.349671],[-0.519725,0.409465,0.749816],[0.82707,0.0211927,0.561699]],"armWidth":59.0231,"confidence":1,"direction":[-0.435994,-0.232299,-0.869452],"elbow":[271.787,244.744,207.481],"grabAngle":3.14159,"grabStrength":1,"id":136,"palmNormal":[0.874394,-0.337941,-0.348181],"palmPosition":[42.2824,218.57,18.2009],"palmVelocity":[6.82689,-4.20196,0.683667],"palmWidth":80.6694,"pinchDistance":35.0233,"pinchStrength":0.426062,"r":[[-0.302704,-0.37203,0.877476],[-0.780884,-0.431039,-0.452134],[0.546434,-0.82207,-0.160036]],"s":1.2121,"sphereCenter":[65.2364,198.53,-4.83334],"sphereRadius":34.7894,"stabilizedPalmPosition":[44.3727,216.688,22.6785],"t":[-70.4231,24.6304,82.7634],"timeVisible":3.94679,"type":"right","wrist":[73.8071,239.671,73.024]}],"id":166063,"interactionBox":{"center":[0,200,0],"size":[235.247,235.247,147.751]},"pointables":[{"bases":[[[-0.781472,0.62394,0.000740086],[-0.392262,-0.492222,0.777077],[0.485214,0.606973,0.629405]],[[-0.883444,0.436921,-0.169198],[-0.355903,-0.390917,0.848832],[0.30473,0.810114,0.500855]],[[-0.883444,0.436921,-0.169198],[-0.441712,-0.656225,0.611767],[0.156262,0.615198,0.772731]],[[-0.883444,0.436921,-0.169198],[-0.468493,-0.818751,0.331907],[0.00648586,0.372489,0.928014]]],"btipPosition":[47.3338,150.035,3.21772],"carpPosition":[65.5588,211.567,66.9527],"dipPosition":[47.4651,157.574,22.0012],"direction":[-0.156262,-0.615198,-0.772731],"extended":true,"handId":136,"id":1360,"length":45.0726,"mcpPosition":[65.5588,211.567,66.9527],"pipPosition":[52.0728,175.715,44.787],"stabilizedTipPosition":[52.4839,153.823,6.65692],"timeVisible":3.94679,"tipPosition":[50.4876,155.288,4.49073],"tipVelocity":[7.89161,-5.69187,1.43288],"tool":false,"touchDistance":0.311452,"touchZone":"hovering","type":0,"width":19.1104},{"bases":[[[0.136714,0.860098,-0.491468],[-0.933781,0.277516,0.225914],[0.330698,0.428038,0.841084]],[[0.193316,0.922483,-0.334147],[-0.57909,-0.167644,-0.797841],[-0.792012,0.347737,0.501792]],[[0.193316,0.922483,-0.334147],[0.770243,-0.353651,-0.530714],[-0.607745,-0.154779,-0.778902]],[[0.193316,0.922483,-0.334147],[0.96583,-0.119001,0.230241],[0.172629,-0.367239,-0.913967]]],"btipPosition":[65.7986,189.566,18.5172],"carpPosition":[47.7873,221.743,62.2343],"dipPosition":[68.3494,184.139,5.01207],"direction":[0.607745,0.154779,0.778902],"extended":false,"handId":136,"id":1361,"length":50.8594,"mcpPosition":[26.2175,193.824,7.37467],"pipPosition":[55.6453,180.904,-11.2698],"stabilizedTipPosition":[68.6155,189.27,15.5375],"timeVisible":3.94679,"tipPosition":[67.9339,190.13,12.5631],"tipVelocity":[10.948,-3.54392,0.503871],"tool":false,"touchDistance":0.333333,"touchZone":"none","type":1,"width":18.2543},{"bases":[[[0.337306,0.850023,-0.40458],[-0.889738,0.42826,0.157984],[0.307556,0.306681,0.900753]],[[0.340452,0.853133,-0.395292],[-0.586328,-0.136031,-0.798571],[-0.735059,0.503646,0.453904]],[[0.340452,0.853133,-0.395292],[0.734592,-0.503754,-0.45454],[-0.586913,-0.13563,-0.798209]],[[0.340452,0.853133,-0.395292],[0.939602,-0.292935,0.177024],[0.0352302,-0.431686,-0.901336]]],"btipPosition":[73.1609,201.614,16.4705],"carpPosition":[47.6817,231.227,56.8285],"dipPosition":[73.7335,194.598,1.82187],"direction":[0.586913,0.13563,0.798209],"extended":false,"handId":136,"id":1362,"length":57.9502,"mcpPosition":[28.658,212.257,1.11285],"pipPosition":[59.2995,191.262,-17.8085],"stabilizedTipPosition":[75.0769,199.618,13.7855],"timeVisible":3.94679,"tipPosition":[75.4403,199.202,11.5541],"tipVelocity":[10.2523,0.978125,-1.50888],"tool":false,"touchDistance":0.333333,"touchZone":"none","type":2,"width":17.9281},{"bases":[[[0.444995,0.85117,-0.278368],[-0.853108,0.497454,0.157309],[0.272372,0.167476,0.947505]],[[0.427862,0.839596,-0.334683],[-0.566891,-0.0391223,-0.822863],[-0.703966,0.5418,0.459221]],[[0.427862,0.839596,-0.334683],[0.699163,-0.542111,-0.466141],[-0.572805,-0.0345539,-0.818963]],[[0.427862,0.839596,-0.334683],[0.900803,-0.365758,0.234043],[0.0740884,-0.401621,-0.912804]]],"btipPosition":[75.0053,217.639,15.9205],"carpPosition":[50.4036,240.558,51.9146],"dipPosition":[76.2025,211.15,1.17077],"direction":[0.572805,0.0345539,0.818963],"extended":false,"handId":136,"id":1363,"length":55.7206,"mcpPosition":[35.2774,231.258,-0.705165],"pipPosition":[62.4793,210.322,-18.4499],"stabilizedTipPosition":[76.5936,215.757,13.3492],"timeVisible":3.94679,"tipPosition":[77.2777,214.703,11.9676],"tipVelocity":[6.81776,2.00868,-0.850717],"tool":false,"touchDistance":0.333333,"touchZone":"none","type":3,"width":17.0597},{"bases":[[[0.608328,0.77086,-0.188973],[-0.746072,0.636615,0.195185],[0.270764,0.022251,0.962389]],[[0.560304,0.758599,-0.332547],[-0.588076,0.0816082,-0.804678],[-0.583289,0.646427,0.491839]],[[0.560304,0.758599,-0.332547],[0.575268,-0.645262,-0.502695],[-0.595924,0.0903586,-0.797941]],[[0.560304,0.758599,-0.332547],[0.827641,-0.528617,0.188613],[-0.0327087,-0.38091,-0.924033]]],"btipPosition":[73.831,231.648,10.4753],"carpPosition":[59.3455,248.41,47.7183],"dipPosition":[73.3434,225.97,-3.29944],"direction":[0.595924,-0.0903586,0.797941],"extended":false,"handId":136,"id":1364,"length":43.6839,"mcpPosition":[45.426,247.266,-1.75634],"pipPosition":[63.2631,227.498,-16.7969],"stabilizedTipPosition":[74.1745,229.793,7.70665],"timeVisible":3.94679,"tipPosition":[75.4801,228.183,5.62934],"tipVelocity":[4.33175,1.20161,-0.0682459],"tool":false,"touchDistance":0.333333,"touchZone":"none","type":4,"width":15.1538}],"r":[[-0.302704,-0.37203,0.877476],[-0.780884,-0.431039,-0.452134],[0.546434,-0.82207,-0.160036]],"s":1.2121,"t":[-70.4231,24.6304,82.7634],"timestamp":8238982962},{"currentFrameRate":113.926,"devices":[],"gestures":[],"hands":[{"armBasis":[[0.213086,0.912668,-0.348757],[-0.519921,0.40814,0.750403],[0.82721,0.0214256,0.561484]],"armWidth":59.0231,"confidence":1,"direction":[-0.436307,-0.23168,-0.86946],"elbow":[271.924,244.695,207.444],"grabAngle":3.14159,"grabStrength":1,"id":136,"palmNormal":[0.874482,-0.336775,-0.349089],"palmPosition":[42.3742,218.5,18.2082],"palmVelocity":[9.03461,-6.93735,0.717273],"palmWidth":80.6694,"pinchDistance":35.0019,"pinchStrength":0.425009,"r":[[-0.302112,-0.372278,0.877575],[-0.780623,-0.431762,-0.451895],[0.547134,-0.821578,-0.160169]],"s":1.21309,"sphereCenter":[65.3173,198.476,-4.85053],"sphereRadius":34.796,"stabilizedPalmPosition":[44.3514,216.707,22.6308],"t":[-70.3478,24.5774,82.7692],"timeVisible":3.95696,"type":"right","wrist":[73.9108,239.566,73.0387]}],"id":166064,"interactionBox":{"center":[0,200,0],"size":[235.247,235.247,147.751]},"pointables":[{"bases":[[[-0.782016,0.623255,0.00192205],[-0.39137,-0.493458,0.776743],[0.485057,0.606673,0.629815]],[[-0.883691,0.43703,-0.167615],[-0.354882,-0.392068,0.848729],[0.305203,0.809498,0.501561]],[[-0.883691,0.43703,-0.167615],[-0.440775,-0.656476,0.612174],[0.157503,0.614853,0.772754]],[[-0.883691,0.43703,-0.167615],[-0.467986,-0.81816,0.334071],[0.00886277,0.373657,0.927524]]],"btipPosition":[47.3551,149.942,3.18107],"carpPosition":[65.6858,211.461,66.938],"dipPosition":[47.5345,157.505,21.9546],"direction":[-0.157503,-0.614853,-0.772754],"extended":true,"handId":136,"id":1360,"length":45.0726,"mcpPosition":[65.6858,211.461,66.938],"pipPosition":[52.1788,175.636,44.7411],"stabilizedTipPosition":[52.4516,153.809,6.66227],"timeVisible":3.95696,"tipPosition":[50.6007,155.212,4.44502],"tipVelocity":[3.18276,-8.56077,-3.83026],"tool":false,"touchDistance":0.310803,"touchZone":"hovering","type":0,"width":19.1104},{"bases":[[[0.13567,0.860782,-0.490559],[-0.933889,0.276439,0.226788],[0.330824,0.42736,0.841379]],[[0.193039,0.923679,-0.330988],[-0.578909,-0.165144,-0.798493],[-0.792212,0.345752,0.502847]],[[0.193039,0.923679,-0.330988],[0.770519,-0.351558,-0.531702],[-0.607484,-0.152394,-0.779577]],[[0.193039,0.923679,-0.330988],[0.965815,-0.119391,0.230102],[0.173023,-0.364092,-0.91515]]],"btipPosition":[65.9017,189.471,18.4979],"carpPosition":[47.9025,221.627,62.2419],"dipPosition":[68.4584,184.091,4.97532],"direction":[0.607484,0.152394,0.779577],"extended":false,"handId":136,"id":1361,"length":50.8594,"mcpPosition":[26.3245,193.752,7.36303],"pipPosition":[55.7598,180.906,-11.3207],"stabilizedTipPosition":[68.6029,189.264,15.5367],"timeVisible":3.95696,"tipPosition":[68.0427,190.083,12.5307],"tipVelocity":[10.2801,-8.26597,-2.29017],"tool":false,"touchDistance":0.333333,"touchZone":"none","type":1,"width":18.2543},{"bases":[[[0.336322,0.850783,-0.403802],[-0.890018,0.4273,0.159005],[0.307823,0.305914,0.900923]],[[0.339496,0.85391,-0.394437],[-0.58667,-0.135549,-0.798402],[-0.735228,0.502459,0.454944]],[[0.339496,0.85391,-0.394437],[0.734761,-0.502566,-0.45558],[-0.587255,-0.135149,-0.798039]],[[0.339496,0.85391,-0.394437],[0.939951,-0.292327,0.176174],[0.0351319,-0.430562,-0.901877]]],"btipPosition":[73.2652,201.57,16.4399],"carpPosition":[47.7854,231.117,56.8471],"dipPosition":[73.8362,194.573,1.78246],"direction":[0.587255,0.135149,0.798039],"extended":false,"handId":136,"id":1362,"length":57.9502,"mcpPosition":[28.7451,212.194,1.12098],"pipPosition":[59.3938,191.249,-17.8438],"stabilizedTipPosition":[75.0653,199.62,13.7806],"timeVisible":3.95696,"tipPosition":[75.5448,199.168,11.5196],"tipVelocity":[10.2212,-3.85161,-3.21096],"tool":false,"touchDistance":0.333333,"touchZone":"none","type":2,"width":17.9281},{"bases":[[[0.444085,0.851879,-0.277652],[-0.853449,0.496527,0.158387],[0.272789,0.166624,0.947535]],[[0.426929,0.840354,-0.333971],[-0.567329,-0.0386849,-0.822582],[-0.70418,0.540655,0.460242]],[[0.426929,0.840354,-0.333971],[0.699368,-0.540962,-0.467166],[-0.57325,-0.034122,-0.818669]],[[0.426929,0.840354,-0.333971],[0.901216,-0.364997,0.233637],[0.07444,-0.400726,-0.913169]]],"btipPosition":[75.0881,217.604,15.906],"carpPosition":[50.4962,240.456,51.9423],"dipPosition":[76.2909,211.129,1.15035],"direction":[0.57325,0.034122,0.818669],"extended":false,"handId":136,"id":1363,"length":55.7206,"mcpPosition":[35.3469,231.203,-0.679101],"pipPosition":[62.557,210.311,-18.4633],"stabilizedTipPosition":[76.5855,215.76,13.3437],"timeVisible":3.95696,"tipPosition":[77.3683,214.671,11.95],"tipVelocity":[8.26904,-3.16091,-1.56295],"tool":false,"touchDistance":0.333333,"touchZone":"none","type":3,"width":17.0597},{"bases":[[[0.607542,0.771609,-0.188447],[-0.746512,0.635738,0.19636],[0.271316,0.0213809,0.962253]],[[0.559476,0.759483,-0.331921],[-0.588543,0.0820487,-0.804292],[-0.583613,0.645332,0.492893]],[[0.559476,0.759483,-0.331921],[0.575506,-0.644149,-0.50385],[-0.596472,0.0908699,-0.797473]],[[0.559476,0.759483,-0.331921],[0.828194,-0.528135,0.18753],[-0.0328733,-0.379813,-0.924479]]],"btipPosition":[73.9075,231.612,10.4802],"carpPosition":[59.4288,248.32,47.7498],"dipPosition":[73.4174,225.95,-3.30112],"direction":[0.596472,-0.0908699,0.797473],"extended":false,"handId":136,"id":1364,"length":43.6839,"mcpPosition":[45.4809,247.221,-1.71788],"pipPosition":[63.3279,227.487,-16.7906],"stabilizedTipPosition":[74.1724,229.796,7.70438],"timeVisible":3.95696,"tipPosition":[75.5558,228.156,5.62828],"tipVelocity":[7.46932,-3.20467,0.337979],"tool":false,"touchDistance":0.333333,"touchZone":"none","type":4,"width":15.1538}],"r":[[-0.302112,-0.372278,0.877575],[-0.780623,-0.431762,-0.451895],[0.547134,-0.821578,-0.160169]],"s":1.21309,"t":[-70.3478,24.5774,82.7692],"timestamp":8238993126},{"currentFrameRate":115.249,"devices":[],"gestures":[],"hands":[{"armBasis":[[0.212595,0.912835,-0.348619],[-0.520165,0.407745,0.750448],[0.827183,0.0217981,0.56151]],"armWidth":59.0231,"confidence":1,"direction":[-0.435664,-0.231508,-0.869828],"elbow":[271.992,244.687,207.467],"grabAngle":3.14159,"grabStrength":1,"id":136,"palmNormal":[0.87481,-0.336406,-0.348623],"palmPosition":[42.4861,218.409,18.2012],"palmVelocity":[17.4243,-14.1163,-1.08867],"palmWidth":80.6694,"pinchDistance":34.9971,"pinchStrength":0.424202,"r":[[-0.301734,-0.372554,0.877588],[-0.780329,-0.432355,-0.451837],[0.547763,-0.821142,-0.160258]],"s":1.21399,"sphereCenter":[65.4392,198.377,-4.84042],"sphereRadius":34.8007,"stabilizedPalmPosition":[44.3375,216.72,22.5978],"t":[-70.2542,24.5056,82.7686],"timeVisible":3.96338,"type":"right","wrist":[73.9845,239.469,73.0554]}],"id":166065,"interactionBox":{"center":[0,200,0],"size":[235.247,235.247,147.751]},"pointables":[{"bases":[[[-0.782195,0.623031,0.00161514],[-0.391744,-0.493835,0.776314],[0.484466,0.606597,0.630344]],[[-0.883497,0.437443,-0.167562],[-0.355151,-0.392267,0.848525],[0.305452,0.809179,0.501925]],[[-0.883497,0.437443,-0.167562],[-0.441037,-0.656239,0.612239],[0.157859,0.614812,0.772714]],[[-0.883497,0.437443,-0.167562],[-0.468337,-0.817469,0.335268],[0.00968428,0.374684,0.927102]]],"btipPosition":[47.3984,149.836,3.18077],"carpPosition":[65.7673,211.36,66.9441],"dipPosition":[47.5944,157.42,21.9458],"direction":[-0.157859,-0.614812,-0.772714],"extended":true,"handId":136,"id":1360,"length":45.0726,"mcpPosition":[65.7673,211.36,66.9441],"pipPosition":[52.2493,175.549,44.7311],"stabilizedTipPosition":[52.4304,153.8,6.6658],"timeVisible":3.96338,"tipPosition":[50.719,155.106,4.44132],"tipVelocity":[7.34643,-15.7679,-0.35234],"tool":false,"touchDistance":0.310766,"touchZone":"hovering","type":0,"width":19.1104},{"bases":[[[0.135749,0.860988,-0.490176],[-0.934119,0.276095,0.226262],[0.330143,0.427167,0.841744]],[[0.193412,0.924215,-0.329271],[-0.578058,-0.163825,-0.799381],[-0.792742,0.344947,0.502564]],[[0.193412,0.924215,-0.329271],[0.771161,-0.350685,-0.531348],[-0.60655,-0.151152,-0.780545]],[[0.193412,0.924215,-0.329271],[0.965528,-0.119709,0.231141],[0.174207,-0.362625,-0.915508]]],"btipPosition":[66.0105,189.362,18.5079],"carpPosition":[47.9842,221.523,62.2397],"dipPosition":[68.5847,184.004,4.98],"direction":[0.60655,0.151152,0.780545],"extended":false,"handId":136,"id":1361,"length":50.8594,"mcpPosition":[26.4506,193.661,7.33696],"pipPosition":[55.9056,180.844,-11.3362],"stabilizedTipPosition":[68.5949,189.26,15.5361],"timeVisible":3.96338,"tipPosition":[68.1637,189.999,12.536],"tipVelocity":[17.5817,-16.2387,1.36289],"tool":false,"touchDistance":0.333333,"touchZone":"none","type":1,"width":18.2543},{"bases":[[[0.336347,0.851017,-0.403288],[-0.890246,0.426991,0.15856],[0.307138,0.305695,0.901231]],[[0.33947,0.854098,-0.394051],[-0.586227,-0.135506,-0.798734],[-0.735593,0.50215,0.454696]],[[0.33947,0.854098,-0.394051],[0.735126,-0.502258,-0.455331],[-0.586813,-0.135106,-0.798371]],[[0.33947,0.854098,-0.394051],[0.939936,-0.292088,0.176648],[0.0357768,-0.43035,-0.901953]]],"btipPosition":[73.384,201.49,16.4415],"carpPosition":[47.868,231.014,56.848],"dipPosition":[73.9655,194.496,1.78282],"direction":[0.586813,0.135106,0.798371],"extended":false,"handId":136,"id":1362,"length":57.9502,"mcpPosition":[28.8701,212.106,1.10279],"pipPosition":[59.534,191.173,-17.8516],"stabilizedTipPosition":[75.0583,199.622,13.7774],"timeVisible":3.96338,"tipPosition":[75.6657,199.09,11.5287],"tipVelocity":[18.8917,-12.389,0.20438],"tool":false,"touchDistance":0.333333,"touchZone":"none","type":2,"width":17.9281},{"bases":[[[0.444026,0.8521,-0.277067],[-0.853696,0.496229,0.15799],[0.272112,0.166379,0.947773]],[[0.42691,0.84059,-0.333401],[-0.566773,-0.038566,-0.822971],[-0.704639,0.540297,0.459959]],[[0.42691,0.84059,-0.333401],[0.699808,-0.540604,-0.466921],[-0.572727,-0.0339831,-0.819041]],[[0.42691,0.84059,-0.333401],[0.901123,-0.364595,0.234623],[0.0756652,-0.400598,-0.913124]]],"btipPosition":[75.1942,217.526,15.9178],"carpPosition":[50.5794,240.356,51.9482],"dipPosition":[76.4169,211.053,1.16286],"direction":[0.572727,0.0339831,0.819041],"extended":false,"handId":136,"id":1363,"length":55.7206,"mcpPosition":[35.4676,231.116,-0.68642],"pipPosition":[62.6955,210.239,-18.4597],"stabilizedTipPosition":[76.5808,215.761,13.3402],"timeVisible":3.96338,"tipPosition":[77.4845,214.593,11.9652],"tipVelocity":[17.2507,-12.0371,1.86397],"tool":false,"touchDistance":0.333333,"touchZone":"none","type":3,"width":17.0597},{"bases":[[[0.607446,0.771847,-0.187781],[-0.746824,0.635457,0.196081],[0.270671,0.0211303,0.96244]],[[0.559536,0.759778,-0.331144],[-0.587901,0.0822157,-0.804744],[-0.584202,0.644964,0.492677]],[[0.559536,0.759778,-0.331144],[0.575991,-0.643761,-0.503792],[-0.595947,0.091154,-0.797833]],[[0.559536,0.759778,-0.331144],[0.82819,-0.527957,0.188053],[-0.0319512,-0.379472,-0.924651]]],"btipPosition":[74.0197,231.53,10.5004],"carpPosition":[59.5125,248.225,47.7643],"dipPosition":[73.5434,225.873,-3.28356],"direction":[0.595947,-0.091154,0.797833],"extended":false,"handId":136,"id":1364,"length":43.6839,"mcpPosition":[45.5977,247.138,-1.71301],"pipPosition":[63.4628,227.415,-16.7792],"stabilizedTipPosition":[74.1714,229.798,7.70296],"timeVisible":3.96338,"tipPosition":[75.6728,228.08,5.64695],"tipVelocity":[17.9817,-12.5234,3.0441],"tool":false,"touchDistance":0.333333,"touchZone":"none","type":4,"width":15.1538}],"r":[[-0.301734,-0.372554,0.877588],[-0.780329,-0.432355,-0.451837],[0.547763,-0.821142,-0.160258]],"s":1.21399,"t":[-70.2542,24.5056,82.7686],"timestamp":8238999544},{"currentFrameRate":114.784,"devices":[],"gestures":[],"hands":[{"armBasis":[[0.212625,0.912797,-0.348701],[-0.52026,0.407828,0.750337],[0.827115,0.0218749,0.561607]],"armWidth":59.0231,"confidence":1,"direction":[-0.434916,-0.231841,-0.870114],"elbow":[272.067,244.605,207.474],"grabAngle":3.14159,"grabStrength":1,"id":136,"palmNormal":[0.87517,-0.336281,-0.347841],"palmPosition":[42.6214,218.29,18.1699],"palmVelocity":[14.2441,-12.5719,-3.29054],"palmWidth":80.6694,"pinchDistance":34.9979,"pinchStrength":0.423096,"r":[[-0.301552,-0.372743,0.87757],[-0.78,-0.43289,-0.451892],[0.548331,-0.820773,-0.160201]],"s":1.21491,"sphereCenter":[65.5837,198.223,-4.83673],"sphereRadius":34.8077,"stabilizedPalmPosition":[44.317,216.739,22.545],"t":[-70.1397,24.41,82.7527],"timeVisible":3.97288,"type":"right","wrist":[74.0762,239.369,73.0396]}],"id":166066,"interactionBox":{"center":[0,200,0],"size":[235.247,235.247,147.751]},"pointables":[{"bases":[[[-0.78235,0.622839,0.000832666],[-0.392239,-0.49373,0.776131],[0.483815,0.606879,0.630571]],[[-0.883227,0.437898,-0.167797],[-0.355505,-0.391888,0.848552],[0.305822,0.809116,0.501801]],[[-0.883227,0.437898,-0.167797],[-0.441369,-0.655354,0.612947],[0.158442,0.615431,0.772101]],[[-0.883227,0.437898,-0.167797],[-0.468822,-0.816278,0.337486],[0.0108158,0.376744,0.926254]]],"btipPosition":[47.4403,149.678,3.21052],"carpPosition":[65.8656,211.259,66.9331],"dipPosition":[47.6592,157.304,21.9584],"direction":[-0.158442,-0.615431,-0.772101],"extended":true,"handId":136,"id":1360,"length":45.0726,"mcpPosition":[65.8656,211.259,66.9331],"pipPosition":[52.3313,175.451,44.7256],"stabilizedTipPosition":[52.3978,153.784,6.67145],"timeVisible":3.97288,"tipPosition":[50.8536,154.957,4.45787],"tipVelocity":[4.96573,-15.6499,2.7152],"tool":false,"touchDistance":0.311196,"touchZone":"hovering","type":0,"width":19.1104},{"bases":[[[0.135927,0.860894,-0.490291],[-0.934366,0.275923,0.225448],[0.32937,0.427466,0.841896]],[[0.193983,0.924651,-0.327706],[-0.577154,-0.162551,-0.800294],[-0.793261,0.344381,0.502134]],[[0.193983,0.924651,-0.327706],[0.771714,-0.350073,-0.530949],[-0.605663,-0.1499,-0.781474]],[[0.193983,0.924651,-0.327706],[0.965245,-0.120265,0.232031],[0.175136,-0.361327,-0.915844]]],"btipPosition":[66.1476,189.211,18.5107],"carpPosition":[48.0838,221.416,62.2119],"dipPosition":[68.7355,183.872,4.97784],"direction":[0.605663,0.1499,0.781474],"extended":false,"handId":136,"id":1361,"length":50.8594,"mcpPosition":[26.6007,193.535,7.29936],"pipPosition":[56.075,180.739,-11.3578],"stabilizedTipPosition":[68.5831,189.251,15.5352],"timeVisible":3.97288,"tipPosition":[68.3072,189.88,12.5387],"tipVelocity":[14.7599,-15.3758,0.174312],"tool":false,"touchDistance":0.333333,"touchZone":"none","type":1,"width":18.2543},{"bases":[[[0.336458,0.850995,-0.403241],[-0.890476,0.426813,0.157742],[0.306346,0.306003,0.901395]],[[0.339547,0.854055,-0.394078],[-0.585736,-0.135821,-0.79904],[-0.735949,0.502138,0.454133]],[[0.339547,0.854055,-0.394078],[0.735482,-0.502246,-0.454769],[-0.586322,-0.135422,-0.798678]],[[0.339547,0.854055,-0.394078],[0.939884,-0.291859,0.177303],[0.0364112,-0.430591,-0.901813]]],"btipPosition":[73.527,201.375,16.4298],"carpPosition":[47.9695,230.906,56.8177],"dipPosition":[74.1187,194.377,1.77337],"direction":[0.586322,0.135422,0.798678],"extended":false,"handId":136,"id":1362,"length":57.9502,"mcpPosition":[29.0206,211.979,1.06235],"pipPosition":[59.6993,191.046,-17.8686],"stabilizedTipPosition":[75.0485,199.623,13.7723],"timeVisible":3.97288,"tipPosition":[75.8097,198.977,11.5298],"tipVelocity":[15.2902,-12.2045,-1.17979],"tool":false,"touchDistance":0.333333,"touchZone":"none","type":2,"width":17.9281},{"bases":[[[0.444036,0.852138,-0.276935],[-0.853943,0.496059,0.157183],[0.271318,0.166691,0.947945]],[[0.426968,0.840609,-0.333279],[-0.56619,-0.0388568,-0.823358],[-0.705073,0.540247,0.459354]],[[0.426968,0.840609,-0.333279],[0.700246,-0.540557,-0.46632],[-0.572149,-0.034274,-0.819433]],[[0.426968,0.840609,-0.333279],[0.900979,-0.364064,0.235997],[0.0770465,-0.40104,-0.912815]]],"btipPosition":[75.322,217.416,15.9055],"carpPosition":[50.6825,240.248,51.9176],"dipPosition":[76.567,210.936,1.15553],"direction":[0.572149,0.034274,0.819433],"extended":false,"handId":136,"id":1363,"length":55.7206,"mcpPosition":[35.6149,230.99,-0.726547],"pipPosition":[62.8595,210.115,-18.4764],"stabilizedTipPosition":[76.5744,215.762,13.3347],"timeVisible":3.97288,"tipPosition":[77.6244,214.482,11.9631],"tipVelocity":[13.9888,-11.7507,-1.17733],"tool":false,"touchDistance":0.333333,"touchZone":"none","type":3,"width":17.0597},{"bases":[[[0.607405,0.771948,-0.187498],[-0.747136,0.635324,0.195324],[0.269902,0.021446,0.962649]],[[0.559746,0.759882,-0.330551],[-0.587077,0.082123,-0.805355],[-0.584829,0.644853,0.492077]],[[0.559746,0.759882,-0.330551],[0.576526,-0.643636,-0.503338],[-0.595232,0.0911706,-0.798365]],[[0.559746,0.759882,-0.330551],[0.828089,-0.527784,0.188978],[-0.0308581,-0.379505,-0.924675]]],"btipPosition":[74.1546,231.41,10.4918],"carpPosition":[59.617,248.117,47.7388],"dipPosition":[73.6946,225.752,-3.29246],"direction":[0.595232,-0.0911706,0.798365],"extended":false,"handId":136,"id":1364,"length":43.6839,"mcpPosition":[45.7418,247.014,-1.74924],"pipPosition":[63.626,227.295,-16.7971],"stabilizedTipPosition":[74.1706,229.799,7.70069],"timeVisible":3.97288,"tipPosition":[75.815,227.966,5.64025],"tipVelocity":[14.5869,-12.6681,-0.908242],"tool":false,"touchDistance":0.333333,"touchZone":"none","type":4,"width":15.1538}],"r":[[-0.301552,-0.372743,0.87757],[-0.78,-0.43289,-0.451892],[0.548331,-0.820773,-0.160201]],"s":1.21491,"t":[-70.1397,24.41,82.7527],"timestamp":8239009047},{"currentFrameRate":115.369,"devices":[],"gestures":[],"hands":[{"armBasis":[[0.213599,0.912307,-0.349388],[-0.520174,0.408938,0.749792],[0.826918,0.0215871,0.561907]],"armWidth":59.0231,"confidence":1,"direction":[-0.434518,-0.232877,-0.870036],"elbow":[272.133,244.45,207.481],"grabAngle":3.14159,"grabStrength":1,"id":136,"palmNormal":[0.875272,-0.336936,-0.346948],"palmPosition":[42.7561,218.146,18.116],"palmVelocity":[17.5434,-18.6541,-7.02104],"palmWidth":80.6694,"pinchDistance":35.0193,"pinchStrength":0.422346,"r":[[-0.301514,-0.372651,0.877622],[-0.77971,-0.4334,-0.451904],[0.548764,-0.820546,-0.159883]],"s":1.21567,"sphereCenter":[65.7191,198.025,-4.84717],"sphereRadius":34.8117,"stabilizedPalmPosition":[44.3001,216.754,22.497],"t":[-70.0151,24.2906,82.7178],"timeVisible":3.98055,"type":"right","wrist":[74.1889,239.282,72.9744]}],"id":166067,"interactionBox":{"center":[0,200,0],"size":[235.247,235.247,147.751]},"pointables":[{"bases":[[[-0.782206,0.623019,-0.000386722],[-0.392755,-0.492626,0.776571],[0.483629,0.607591,0.630029]],[[-0.882861,0.438402,-0.168407],[-0.355848,-0.390452,0.84907],[0.306479,0.809538,0.500719]],[[-0.882861,0.438402,-0.168407],[-0.441893,-0.654042,0.61397],[0.15902,0.616468,0.771155]],[[-0.882861,0.438402,-0.168407],[-0.469494,-0.815094,0.339409],[0.0115298,0.378717,0.925441]]],"btipPosition":[47.4875,149.504,3.27009],"carpPosition":[65.9734,211.174,66.9005],"dipPosition":[47.7208,157.17,22.0015],"direction":[-0.15902,-0.616468,-0.771155],"extended":true,"handId":136,"id":1360,"length":45.0726,"mcpPosition":[65.9734,211.174,66.9005],"pipPosition":[52.4099,175.348,44.7408],"stabilizedTipPosition":[52.371,153.771,6.67645],"timeVisible":3.98055,"tipPosition":[50.9631,154.776,4.50678],"tipVelocity":[6.57543,-21.4715,7.26905],"tool":false,"touchDistance":0.312125,"touchZone":"hovering","type":0,"width":19.1104},{"bases":[[[0.13638,0.860222,-0.491344],[-0.934419,0.276432,0.224603],[0.329032,0.42849,0.841507]],[[0.194504,0.924298,-0.328392],[-0.576829,-0.163001,-0.800437],[-0.79337,0.345114,0.501458]],[[0.194504,0.924298,-0.328392],[0.771659,-0.350866,-0.530506],[-0.605567,-0.150221,-0.781487]],[[0.194504,0.924298,-0.328392],[0.965137,-0.120553,0.232333],[0.175156,-0.362133,-0.915522]]],"btipPosition":[66.2839,189.049,18.5015],"carpPosition":[48.1963,221.329,62.1568],"dipPosition":[68.8721,183.698,4.97339],"direction":[0.605567,0.150221,0.781487],"extended":false,"handId":136,"id":1361,"length":50.8594,"mcpPosition":[26.7352,193.381,7.26952],"pipPosition":[56.2136,180.558,-11.3625],"stabilizedTipPosition":[68.5737,189.243,15.5344],"timeVisible":3.98055,"tipPosition":[68.4365,189.721,12.5383],"tipVelocity":[17.7672,-21.5029,-1.05746],"tool":false,"touchDistance":0.333333,"touchZone":"none","type":1,"width":18.2543},{"bases":[[[0.336863,0.85039,-0.404178],[-0.890459,0.427224,0.156723],[0.30595,0.30711,0.901154]],[[0.33979,0.853305,-0.395492],[-0.585674,-0.137047,-0.798877],[-0.735886,0.50308,0.453191]],[[0.33979,0.853305,-0.395492],[0.735419,-0.503189,-0.453827],[-0.58626,-0.136646,-0.798515]],[[0.33979,0.853305,-0.395492],[0.939793,-0.291745,0.17797],[0.0364797,-0.432153,-0.901062]]],"btipPosition":[73.6638,201.229,16.4002],"carpPosition":[48.0871,230.812,56.7501],"dipPosition":[74.2566,194.205,1.75596],"direction":[0.58626,0.136646,0.798515],"extended":false,"handId":136,"id":1362,"length":57.9502,"mcpPosition":[29.1627,211.816,1.00967],"pipPosition":[59.8387,190.845,-17.882],"stabilizedTipPosition":[75.041,199.622,13.7679],"timeVisible":3.98055,"tipPosition":[75.9412,198.819,11.5198],"tipVelocity":[17.8584,-19.8001,-3.49251],"tool":false,"touchDistance":0.333333,"touchZone":"none","type":2,"width":17.9281},{"bases":[[[0.444376,0.851673,-0.277817],[-0.85391,0.496461,0.156092],[0.270865,0.167867,0.947868]],[[0.427335,0.840075,-0.334155],[-0.565855,-0.0397382,-0.823547],[-0.705119,0.541013,0.458379]],[[0.427335,0.840075,-0.334155],[0.70021,-0.541336,-0.465469],[-0.571919,-0.035068,-0.81956]],[[0.427335,0.840075,-0.334155],[0.900743,-0.363813,0.237282],[0.0777644,-0.402387,-0.912161]]],"btipPosition":[75.4541,217.261,15.8615],"carpPosition":[50.8047,240.147,51.8392],"dipPosition":[76.7107,210.759,1.12216],"direction":[0.571919,0.035068,0.81956],"extended":false,"handId":136,"id":1363,"length":55.7206,"mcpPosition":[35.7622,230.824,-0.800632],"pipPosition":[63.0087,209.919,-18.5128],"stabilizedTipPosition":[76.5696,215.762,13.3298],"timeVisible":3.98055,"tipPosition":[77.7602,214.323,11.9326],"tipVelocity":[17.5553,-20.861,-5.40814],"tool":false,"touchDistance":0.333333,"touchZone":"none","type":3,"width":17.0597},{"bases":[[[0.607681,0.771562,-0.188191],[-0.74709,0.635751,0.194106],[0.269407,0.0226413,0.96276]],[[0.560288,0.759396,-0.330749],[-0.586385,0.0816324,-0.805908],[-0.585004,0.645488,0.491036]],[[0.560288,0.759396,-0.330749],[0.576575,-0.644257,-0.502488],[-0.594675,0.0908365,-0.798818]],[[0.560288,0.759396,-0.330749],[0.827743,-0.527948,0.190032],[-0.0303086,-0.380248,-0.924388]]],"btipPosition":[74.2939,231.237,10.4373],"carpPosition":[59.7432,248.008,47.6548],"dipPosition":[73.8421,225.569,-3.34272],"direction":[0.594675,-0.0908365,0.798818],"extended":false,"handId":136,"id":1364,"length":43.6839,"mcpPosition":[45.8934,246.844,-1.839],"pipPosition":[63.783,227.105,-16.855],"stabilizedTipPosition":[74.1707,229.8,7.69843],"timeVisible":3.98055,"tipPosition":[75.9571,227.801,5.59216],"tipVelocity":[18.4014,-22.8219,-6.97849],"tool":false,"touchDistance":0.333333,"touchZone":"none","type":4,"width":15.1538}],"r":[[-0.301514,-0.372651,0.877622],[-0.77971,-0.4334,-0.451904],[0.548764,-0.820546,-0.159883]],"s":1.21567,"t":[-70.0151,24.2906,82.7178],"timestamp":8239016721},{"currentFrameRate":105.985,"devices":[],"gestures":[],"hands":[{"armBasis":[[0.212311,0.913952,-0.345855],[-0.521365,0.405285,0.750948],[0.826501,0.0208824,0.562549]],"armWidth":59.0231,"confidence":1,"direction":[-0.432755,-0.231098,-0.871388],"elbow":[272.368,243.896,207.598],"grabAngle":3.14159,"grabStrength":1,"id":136,"palmNormal":[0.876556,-0.333715,-0.346818],"palmPosition":[43.2124,217.872,17.9715],"palmVelocity":[17.5384,-10.5433,-5.55652],"palmWidth":80.6694,"pinchDistance":35.0085,"pinchStrength":0.420031,"r":[[-0.301549,-0.37329,0.877338],[-0.779144,-0.433889,-0.45241],[0.549548,-0.819997,-0.160008]],"s":1.21695,"sphereCenter":[66.222,197.806,-4.99611],"sphereRadius":34.8278,"stabilizedPalmPosition":[44.2536,216.802,22.3038],"t":[-69.7247,24.0937,82.628],"timeVisible":4.00658,"type":"right","wrist":[74.5245,238.897,72.9378]}],"id":166068,"interactionBox":{"center":[0,200,0],"size":[235.247,235.247,147.751]},"pointables":[{"bases":[[[-0.783697,0.621144,0.000541057],[-0.392646,-0.496076,0.774427],[0.481299,0.606703,0.632663]],[[-0.883122,0.438453,-0.166896],[-0.355609,-0.393575,0.847727],[0.306002,0.807996,0.503493]],[[-0.883122,0.438453,-0.166896],[-0.441219,-0.655323,0.613088],[0.159439,0.61507,0.772184]],[[-0.883122,0.438453,-0.166896],[-0.468925,-0.814122,0.342512],[0.0143014,0.380741,0.924571]]],"btipPosition":[47.8457,149.196,2.99941],"carpPosition":[66.3789,210.798,66.7653],"dipPosition":[48.1351,156.902,21.7132],"direction":[-0.159439,-0.61507,-0.772184],"extended":true,"handId":136,"id":1360,"length":45.0726,"mcpPosition":[66.3789,210.798,66.7653],"pipPosition":[52.8366,175.039,44.4829],"stabilizedTipPosition":[52.2966,153.724,6.68692],"timeVisible":4.00658,"tipPosition":[51.5222,154.499,4.22667],"tipVelocity":[14.2616,-11.4827,-10.5581],"tool":false,"touchDistance":0.307546,"touchZone":"hovering","type":0,"width":19.1104},{"bases":[[[0.134996,0.862132,-0.488369],[-0.935389,0.273466,0.224197],[0.32684,0.426549,0.843346]],[[0.19437,0.927241,-0.320068],[-0.574481,-0.156877,-0.803344],[-0.795105,0.340019,0.50219]],[[0.19437,0.927241,-0.320068],[0.773058,-0.345649,-0.531891],[-0.603823,-0.144048,-0.783995]],[[0.19437,0.927241,-0.320068],[0.964831,-0.121846,0.232927],[0.176981,-0.354086,-0.918314]]],"btipPosition":[66.8158,188.713,18.321],"carpPosition":[48.5841,220.925,62.0298],"dipPosition":[69.4309,183.481,4.75167],"direction":[0.603823,0.144048,0.783995],"extended":false,"handId":136,"id":1361,"length":50.8594,"mcpPosition":[27.2661,193.104,7.02261],"pipPosition":[56.8088,180.47,-11.6367],"stabilizedTipPosition":[68.5499,189.208,15.5276],"timeVisible":4.00658,"tipPosition":[68.958,189.513,12.3571],"tipVelocity":[20.6777,-11.8616,-7.29954],"tool":false,"touchDistance":0.333333,"touchZone":"none","type":1,"width":18.2543},{"bases":[[[0.335382,0.852498,-0.400956],[-0.891697,0.424582,0.156865],[0.303966,0.304922,0.902567]],[[0.338472,0.855571,-0.391708],[-0.584024,-0.135388,-0.800366],[-0.737803,0.499668,0.453849]],[[0.338472,0.855571,-0.391708],[0.737337,-0.499776,-0.454486],[-0.584611,-0.13499,-0.800005]],[[0.338472,0.855571,-0.391708],[0.940146,-0.289989,0.178977],[0.0395364,-0.428841,-0.902514]]],"btipPosition":[74.1487,201.025,16.2491],"carpPosition":[48.4596,230.426,56.6537],"dipPosition":[74.7912,194.055,1.5813],"direction":[0.584611,0.13499,0.800005],"extended":false,"handId":136,"id":1362,"length":57.9502,"mcpPosition":[29.6579,211.565,0.825815],"pipPosition":[60.4139,190.736,-18.0933],"stabilizedTipPosition":[75.0256,199.618,13.7494],"timeVisible":4.00658,"tipPosition":[76.4508,198.646,11.3604],"tipVelocity":[19.075,-7.35546,-6.01354],"tool":false,"touchDistance":0.333333,"touchZone":"none","type":2,"width":17.9281},{"bases":[[[0.442717,0.85363,-0.274443],[-0.855313,0.493908,0.15651],[0.269151,0.165445,0.948781]],[[0.425781,0.842173,-0.330841],[-0.564663,-0.0383917,-0.824428],[-0.707012,0.537839,0.459197]],[[0.425781,0.842173,-0.330841],[0.701989,-0.538158,-0.466473],[-0.570896,-0.0336319,-0.820333]],[[0.425781,0.842173,-0.330841],[0.901148,-0.361751,0.238889],[0.0815039,-0.399852,-0.912949]]],"btipPosition":[75.8945,217.078,15.748],"carpPosition":[51.1617,239.782,51.7768],"dipPosition":[77.2115,210.617,0.995867],"direction":[0.570896,0.0336319,0.820333],"extended":false,"handId":136,"id":1363,"length":55.7206,"mcpPosition":[36.2144,230.594,-0.913815],"pipPosition":[63.534,209.812,-18.6576],"stabilizedTipPosition":[76.5623,215.758,13.3105],"timeVisible":4.00658,"tipPosition":[78.2316,214.154,11.825],"tipVelocity":[17.4577,-6.6576,-4.47673],"tool":false,"touchDistance":0.333333,"touchZone":"none","type":3,"width":17.0597},{"bases":[[[0.606088,0.77362,-0.184849],[-0.74888,0.633329,0.195123],[0.268021,0.0201683,0.963202]],[[0.558866,0.76178,-0.32766],[-0.585563,0.0827384,-0.806393],[-0.587184,0.642531,0.49231]],[[0.558866,0.76178,-0.32766],[0.578765,-0.641284,-0.503771],[-0.593886,0.0919023,-0.799283]],[[0.558866,0.76178,-0.32766],[0.828787,-0.526418,0.189728],[-0.0279547,-0.377592,-0.92555]]],"btipPosition":[74.7273,231.068,10.3762],"carpPosition":[60.087,247.679,47.6302],"dipPosition":[74.3106,225.439,-3.42106],"direction":[0.593886,-0.0919024,0.799283],"extended":false,"handId":136,"id":1364,"length":43.6839,"mcpPosition":[46.3086,246.642,-1.88626],"pipPosition":[64.2648,226.993,-16.9412],"stabilizedTipPosition":[74.1796,229.8,7.68893],"timeVisible":4.00658,"tipPosition":[76.407,227.647,5.52555],"tipVelocity":[16.9651,-6.16996,-2.49815],"tool":false,"touchDistance":0.333333,"touchZone":"none","type":4,"width":15.1538}],"r":[[-0.301549,-0.37329,0.877338],[-0.779144,-0.433889,-0.45241],[0.549548,-0.819997,-0.160008]],"s":1.21695,"t":[-69.7247,24.0937,82.628],"timestamp":8239042742},{"currentFrameRate":10