{"frames": 74, "data": [{"currentFrameRate": 111.34, "devices": [], "gestures": [], "hands": [{"armBasis": [[-0.380965, 0.0260744, -0.924222], [-0.359991, 0.91654, 0.174246], [-0.851629, -0.399093, 0.339783]], "armWidth": 49.5979, "confidence": 1, "direction": [-0.429787, 0.872216, 0.2335], "elbow": [316.228, 12.5251, 184.916], "grabAngle": 1.28138, "grabStrength": 0, "id": 27, "palmNormal": [-0.898903, -0.437714, -0.0195117], "palmPosition": [97.2361, 146.719, 126.014], "palmVelocity": [0.529989, -3.57997, -6.33235], "palmWidth": 73.3412, "pinchDistance": 56.4706, "pinchStrength": 0, "r": [[0.422706, 0.70071, 0.574739], [-0.477196, 0.711239, -0.516162], [-0.770457, -0.0560788, 0.635021]], "s": 0.911186, "sphereCenter": [46.598, 141.395, 123.126], "sphereRadius": 51.0762, "stabilizedPalmPosition": [100.594, 150.545, 125.962], "t": [-23.0718, -16.9536, -12.4601], "timeVisible": 9.49599, "type": "right", "wrist": [130.888, 99.3796, 110.969]}, {"armBasis": [[0.734671, 0.67601, 0.0571731], [0.0394194, -0.126667, 0.991162], [0.677277, -0.725924, -0.119706]], "armWidth": 49.5979, "confidence": 1, "direction": [0.0397911, -0.00219564, -0.999206], "elbow": [-267.023, -47.5066, 147.502], "grabAngle": 0.254275, "grabStrength": 0, "id": 28, "palmNormal": [0.000310943, -0.999997, 0.00220977], "palmPosition": [-102.479, 116.263, 118.938], "palmVelocity": [-5.36607, -11.4391, -1.73858], "palmWidth": 73.3412, "pinchDistance": 50.8672, "pinchStrength": 0, "r": [[0.998404, 0.0420159, -0.0377466], [-0.0507285, 0.960905, -0.272191], [0.0248346, 0.273671, 0.961503]], "s": 0.985902, "sphereCenter": [-95.1247, -35.3291, 114.223], "sphereRadius": 154.871, "stabilizedPalmPosition": [-102.29, 116.059, 119.262], "t": [-3.38396, -16.2702, -10.386], "timeVisible": 6.66039, "type": "left", "wrist": [-119.627, 110.476, 173.554]}], "id": 16510, "interactionBox": {"center": [0, 200, 0], "size": [235.247, 235.247, 147.751]}, "pointables": [{"bases": [[[-0.685858, 0.649536, -0.32818], [-0.638291, -0.320314, 0.699988], [-0.349547, -0.689567, -0.634283]], [[-0.491493, 0.869426, -0.0503249], [-0.507464, -0.238953, 0.827878], [-0.707753, -0.432435, -0.558646]], [[-0.491493, 0.869426, -0.0503249], [-0.417267, -0.184375, 0.889884], [-0.76441, -0.458371, -0.453402]], [[-0.491493, 0.869426, -0.0503249], [-0.313322, -0.122615, 0.941698], [-0.812566, -0.478606, -0.332675]]], "btipPosition": [50.9434, 138.289, 171.71], "carpPosition": [113.867, 100.389, 131.471], "dipPosition": [65.475, 129.73, 165.761], "direction": [-0.76441, 0.458371, 0.453402], "extended": true, "handId": 27, "id": 270, "length": 39.8241, "mcpPosition": [113.867, 100.389, 131.471], "pipPosition": [85.3907, 117.788, 153.948], "stabilizedTipPosition": [54.6842, 137.724, 170.396], "timeVisible": 9.49599, "tipPosition": [53.6832, 135.912, 170.174], "tipVelocity": [2.05873, -4.76199, -6.01099], "tool": false, "touchDistance": 1, "touchZone": "none", "type": 0, "width": 15.5161}, {"bases": [[[0.156141, 0.361628, -0.919155], [-0.82823, 0.554982, 0.0776549], [-0.538197, -0.749146, -0.386166]], [[0.127951, 0.322194, -0.937987], [-0.817392, 0.569887, 0.0842531], [-0.561693, -0.755923, -0.336276]], [[0.127951, 0.322194, -0.937987], [-0.633781, 0.754022, 0.172549], [-0.762857, -0.572401, -0.300678]], [[0.127951, 0.322194, -0.937987], [-0.439803, 0.866118, 0.237514], [-0.888933, -0.382139, -0.252522]]], "btipPosition": [47.724, 201.031, 170.262], "carpPosition": [123.774, 116.229, 127.472], "dipPosition": [59.3296, 196.042, 166.965], "direction": [-0.762857, 0.572401, 0.300678], "extended": true, "handId": 27, "id": 271, "length": 44.937, "mcpPosition": [91.8592, 160.653, 150.372], "pipPosition": [73.4192, 185.47, 161.412], "stabilizedTipPosition": [52.8388, 202.457, 170.119], "timeVisible": 9.49599, "tipPosition": [51.0218, 200.74, 169.653], "tipVelocity": [-5.45781, -6.77708, -8.83399], "tool": false, "touchDistance": 1, "touchZone": "none", "type": 1, "width": 14.821}, {"bases": [[[0.220883, 0.157146, -0.962557], [-0.801524, 0.591548, -0.0873541], [-0.555672, -0.790807, -0.256619]], [[0.236916, 0.18003, -0.954704], [-0.594017, 0.804441, 0.00428569], [-0.768775, -0.566095, -0.297526]], [[0.236916, 0.18003, -0.954704], [-0.0488149, 0.983646, 0.173374], [-0.970303, -0.00552874, -0.241829]], [[0.236916, 0.18003, -0.954704], [0.326043, 0.910957, 0.25269], [-0.915187, 0.371141, -0.157123]]], "btipPosition": [29.3323, 181.009, 151.638], "carpPosition": [123.122, 120.897, 118.738], "dipPosition": [42.4741, 186.339, 149.382], "direction": [-0.970303, 0.00552874, 0.241829], "extended": true, "handId": 27, "id": 272, "length": 51.2021, "mcpPosition": [91.8735, 165.368, 133.169], "pipPosition": [63.5581, 186.219, 144.127], "stabilizedTipPosition": [33.7609, 182.764, 151.353], "timeVisible": 9.49599, "tipPosition": [32.4147, 180.593, 150.762], "tipVelocity": [-3.87207, -5.17608, -7.51982], "tool": false, "touchDistance": 1, "touchZone": "none", "type": 2, "width": 14.5562}, {"bases": [[[0.196493, -0.00598444, -0.980487], [-0.800999, 0.575753, -0.164037], [-0.5655, -0.817602, -0.108338]], [[0.223249, 0.03303, -0.974202], [-0.458439, 0.885553, -0.075032], [-0.860229, -0.463363, -0.212841]], [[0.223249, 0.03303, -0.974202], [0.190692, 0.978635, 0.0768795], [-0.955927, 0.202936, -0.212181]], [[0.223249, 0.03303, -0.974202], [0.571538, 0.805167, 0.158273], [-0.789623, 0.592128, -0.160875]]], "btipPosition": [31.7294, 167.749, 128.884], "carpPosition": [121.16, 123.398, 109.359], "dipPosition": [43.003, 176.202, 126.588], "direction": [-0.955927, -0.202936, 0.212181], "extended": false, "handId": 27, "id": 273, "length": 49.2322, "mcpPosition": [92.6075, 164.678, 114.829], "pipPosition": [63.2382, 180.498, 122.096], "stabilizedTipPosition": [36.0493, 170.869, 128.324], "timeVisible": 9.49599, "tipPosition": [34.4555, 168.493, 128.154], "tipVelocity": [-2.13339, -6.88021, -7.63423], "tool": false, "touchDistance": 0.972602, "touchZone": "none", "type": 3, "width": 13.8511}, {"bases": [[[0.259351, -0.195621, -0.945764], [-0.807479, 0.493303, -0.323464], [-0.529825, -0.847576, 0.0300213]], [[0.266513, -0.184107, -0.946084], [-0.365196, 0.889108, -0.275896], [-0.891966, -0.419036, -0.169724]], [[0.266513, -0.184107, -0.946084], [0.281326, 0.953702, -0.106339], [-0.92186, 0.237818, -0.305969]], [[0.266513, -0.184107, -0.946084], [0.620931, 0.783544, 0.0224407], [-0.737167, 0.593434, -0.323143]]], "btipPosition": [43.3882, 160.772, 111.501], "carpPosition": [115.739, 121.207, 99.4896], "dipPosition": [53.0976, 168.588, 107.245], "direction": [-0.92186, -0.237818, 0.305969], "extended": false, "handId": 27, "id": 274, "length": 38.5972, "mcpPosition": [90.9757, 160.821, 98.0864], "pipPosition": [66.8754, 172.143, 102.672], "stabilizedTipPosition": [47.2414, 164.242, 110.612], "timeVisible": 9.49599, "tipPosition": [45.8927, 162.015, 110.424], "tipVelocity": [-1.91251, -7.14284, -8.15353], "tool": false, "touchDistance": 0.675374, "touchZone": "none", "type": 4, "width": 12.3037}, {"bases": [[[0.394592, 0.893836, -0.212965], [-0.788488, 0.44839, 0.420989], [0.471787, 0.00180168, 0.881711]], [[0.370806, 0.892656, -0.256259], [-0.736064, 0.450737, 0.50502], [0.566315, 0.00135812, 0.824188]], [[0.370806, 0.892656, -0.256259], [-0.92373, 0.383037, -0.00235985], [0.0960499, 0.237589, 0.966605]], [[0.370806, 0.892656, -0.256259], [-0.907167, 0.289055, -0.30577], [-0.198874, 0.345851, 0.916971]]], "btipPosition": [-65.7663, 98.7183, 91.1227], "carpPosition": [-87.4981, 111.148, 165.867], "dipPosition": [-62.2098, 104.903, 107.521], "direction": [0.0960499, -0.237589, -0.966605], "extended": false, "handId": 28, "id": 280, "length": 39.8241, "mcpPosition": [-87.4981, 111.148, 165.867], "pipPosition": [-64.7122, 111.093, 132.705], "stabilizedTipPosition": [-64.8956, 100.114, 94.8321], "timeVisible": 6.66039, "tipPosition": [-63.7102, 97.8051, 95.553], "tipVelocity": [-10.1574, -5.13846, -4.83087], "tool": false, "touchDistance": 0.414907, "touchZone": "hovering", "type": 0, "width": 15.5161}, {"bases": [[[0.909153, -0.336953, 0.244752], [0.353055, 0.935299, -0.0238145], [-0.220892, 0.108062, 0.969293]], [[0.934568, -0.353747, -0.0380249], [0.353151, 0.935317, -0.0216176], [0.0432124, 0.00677456, 0.999043]], [[0.934568, -0.353747, -0.0380249], [0.350571, 0.933828, -0.0711768], [0.0606872, 0.0531892, 0.996739]], [[0.934568, -0.353747, -0.0380249], [0.340161, 0.919733, -0.195915], [0.104277, 0.170161, 0.979883]]], "btipPosition": [-129.432, 113.013, 54.4549], "carpPosition": [-122.555, 121.283, 154.555], "dipPosition": [-130.805, 115.254, 67.3612], "direction": [0.0606872, -0.0531892, -0.996739], "extended": true, "handId": 28, "id": 284, "length": 38.5972, "mcpPosition": [-132.88, 116.232, 109.252], "pipPosition": [-131.712, 116.049, 82.2581], "stabilizedTipPosition": [-129.634, 113.206, 57.7639], "timeVisible": 6.66039, "tipPosition": [-129.917, 109.242, 57.9863], "tipVelocity": [-4.83212, -6.37177, -0.216961], "tool": false, "touchDistance": 0.327834, "touchZone": "hovering", "type": 4, "width": 12.3037}, {"bases": [[[0.978342, -0.000761619, -0.206994], [-0.0303983, 0.988623, -0.147313], [0.204751, 0.150414, 0.967188]], [[0.978673, 0.0593947, 0.19665], [-0.00255398, 0.960733, -0.277462], [-0.205408, 0.271043, 0.940395]], [[0.978673, 0.0593947, 0.19665], [0.0163173, 0.931788, -0.362637], [-0.204775, 0.358112, 0.910946]], [[0.978673, 0.0593947, 0.19665], [0.0450454, 0.871941, -0.487534], [-0.200424, 0.485994, 0.85067]]], "btipPosition": [-94.6561, 96.1103, 40.7978], "carpPosition": [-93.6556, 126.887, 156.955], "dipPosition": [-92.0394, 102.455, 51.9039], "direction": [-0.204775, -0.358112, -0.910946], "extended": true, "handId": 28, "id": 281, "length": 44.937, "mcpPosition": [-81.5139, 117.968, 99.6011], "pipPosition": [-88.2573, 109.07, 68.7286], "stabilizedTipPosition": [-93.9055, 97.6862, 43.6524], "timeVisible": 6.66039, "tipPosition": [-90.7864, 95.284, 43.843], "tipVelocity": [-12.3512, -13.0196, -1.88399], "tool": false, "touchDistance": 0.328434, "touchZone": "hovering", "type": 1, "width": 14.821}, {"bases": [[[0.987761, -0.148958, -0.0462539], [0.139942, 0.977324, -0.158917], [0.0688769, 0.150499, 0.986208]], [[0.988201, -0.127765, 0.0844664], [0.144839, 0.958866, -0.244126], [-0.0498011, 0.25348, 0.966058]], [[0.988201, -0.127765, 0.0844664], [0.149028, 0.929355, -0.337772], [-0.0353437, 0.346375, 0.93743]], [[0.988201, -0.127765, 0.0844664], [0.150772, 0.908527, -0.389674], [-0.0269532, 0.397812, 0.917071]]], "btipPosition": [-102.238, 97.1264, 29.6813], "carpPosition": [-103.122, 128.165, 154.261], "dipPosition": [-101.851, 102.839, 42.8501], "direction": [-0.0353437, -0.346375, -0.93743], "extended": true, "handId": 28, "id": 282, "length": 51.2021, "mcpPosition": [-99.2489, 119.701, 98.8015], "pipPosition": [-101.083, 110.365, 63.2199], "stabilizedTipPosition": [-101.995, 98.2983, 33.1239], "timeVisible": 6.66039, "tipPosition": [-100.322, 96.0875, 33.6173], "tipVelocity": [-12.8482, -10.5337, -2.85027], "tool": false, "touchDistance": 0.325195, "touchZone": "hovering", "type": 2, "width": 14.5562}, {"bases": [[[0.973752, -0.198435, 0.111491], [0.21228, 0.968483, -0.130296], [-0.0821221, 0.150543, 0.985187]], [[0.976938, -0.213466, 0.00496203], [0.211521, 0.964341, -0.159077], [0.0291724, 0.156458, 0.987254]], [[0.976938, -0.213466, 0.00496203], [0.207592, 0.944104, -0.256072], [0.0499779, 0.251196, 0.966645]], [[0.976938, -0.213466, 0.00496203], [0.201276, 0.912897, -0.355116], [0.0712752, 0.347925, 0.934809]]], "btipPosition": [-113.986, 104.079, 35.7813], "carpPosition": [-112.911, 127.307, 153.038], "dipPosition": [-115.004, 109.047, 49.1277], "direction": [0.0499779, -0.251196, -0.966645], "extended": true, "handId": 28, "id": 283, "length": 49.2322, "mcpPosition": [-117.058, 119.706, 103.296], "pipPosition": [-116.062, 114.364, 69.5898], "stabilizedTipPosition": [-114.082, 104.987, 39.2591], "timeVisible": 6.66039, "tipPosition": [-114.688, 102.307, 39.6562], "tipVelocity": [-8.44729, -9.28188, -1.99114], "tool": false, "touchDistance": 0.323822, "touchZone": "hovering", "type": 3, "width": 13.8511}], "r": [[-0.626858, 0.40309, 0.666759], [-0.64928, 0.202783, -0.733018], [-0.430679, -0.892411, 0.134602]], "s": 1.73697, "t": [18.4673, -129.943, 461.369], "timestamp": 17211051619}, {"currentFrameRate": 111.668, "devices": [], "gestures": [], "hands": [{"armBasis": [[-0.381575, 0.0258681, -0.923976], [-0.359522, 0.916744, 0.174138], [-0.851554, -0.398636, 0.340507]], "armWidth": 49.5979, "confidence": 1, "direction": [-0.430129, 0.87207, 0.233415], "elbow": [316.257, 12.6161, 185.035], "grabAngle": 1.28051, "grabStrength": 0, "id": 27, "palmNormal": [-0.898727, -0.438079, -0.0194187], "palmPosition": [97.2641, 146.7, 125.965], "palmVelocity": [3.33543, -2.34769, -5.8822], "palmWidth": 73.3412, "pinchDistance": 56.4688, "pinchStrength": 0, "r": [[0.422912, 0.70073, 0.574564], [-0.476645, 0.711274, -0.516622], [-0.770685, -0.0553772, 0.634806]], "s": 0.911303, "sphereCenter": [46.6122, 141.344, 123.082], "sphereRadius": 51.0948, "stabilizedPalmPosition": [100.594, 150.545, 125.962], "t": [-23.0505, -16.9776, -12.5164], "timeVisible": 9.50437, "type": "right", "wrist": [130.933, 99.3711, 110.931]}, {"armBasis": [[0.730087, 0.680881, 0.0580878], [0.0388833, -0.126258, 0.991235], [0.682247, -0.721429, -0.118654]], "armWidth": 49.5979, "confidence": 1, "direction": [0.0392583, -0.00260758, -0.999226], "elbow": [-268.189, -46.5594, 147.733], "grabAngle": 0.253308, "grabStrength": 0, "id": 28, "palmNormal": [0.000371137, -0.999996, 0.00262417], "palmPosition": [-102.533, 116.148, 118.927], "palmVelocity": [-6.39055, -13.7437, -1.29959], "palmWidth": 73.3412, "pinchDistance": 50.8472, "pinchStrength": 0, "r": [[0.998417, 0.0417589, -0.0376726], [-0.0504745, 0.96077, -0.272713], [0.0248066, 0.274183, 0.961358]], "s": 0.985767, "sphereCenter": [-94.9547, -35.4192, 114.236], "sphereRadius": 154.87, "stabilizedPalmPosition": [-102.301, 116.063, 119.248], "t": [-3.42835, -16.3681, -10.406], "timeVisible": 6.66877, "type": "left", "wrist": [-119.712, 110.445, 173.556]}], "id": 16511, "interactionBox": {"center": [0, 200, 0], "size": [235.247, 235.247, 147.751]}, "pointables": [{"bases": [[[-0.685581, 0.649773, -0.328289], [-0.638452, -0.319972, 0.699998], [-0.349797, -0.689502, -0.634215]], [[-0.491213, 0.869572, -0.050539], [-0.507688, -0.238675, 0.827821], [-0.707787, -0.432294, -0.558712]], [[-0.491213, 0.869572, -0.050539], [-0.417439, -0.184089, 0.889863], [-0.764496, -0.458209, -0.45342]], [[-0.491213, 0.869572, -0.050539], [-0.313425, -0.12232, 0.941702], [-0.812696, -0.478416, -0.332631]]], "btipPosition": [50.9844, 138.264, 171.668], "carpPosition": [113.914, 100.376, 131.426], "dipPosition": [65.5183, 129.708, 165.72], "direction": [-0.764497, 0.458209, 0.45342], "extended": true, "handId": 27, "id": 270, "length": 39.8241, "mcpPosition": [113.914, 100.376, 131.426], "pipPosition": [85.4363, 117.77, 153.906], "stabilizedTipPosition": [54.6837, 137.721, 170.396], "timeVisible": 9.50437, "tipPosition": [53.718, 135.88, 170.129], "tipVelocity": [4.94968, -2.9581, -5.00788], "tool": false, "touchDistance": 1, "touchZone": "none", "type": 0, "width": 15.5161}, {"bases": [[[0.156328, 0.361454, -0.919191], [-0.828009, 0.555326, 0.0775509], [-0.538482, -0.748975, -0.3861]], [[0.128143, 0.322057, -0.938008], [-0.817284, 0.570068, 0.0840775], [-0.561806, -0.755845, -0.336262]], [[0.128143, 0.322057, -0.938008], [-0.63337, 0.754381, 0.172485], [-0.763165, -0.572004, -0.300649]], [[0.128143, 0.322057, -0.938008], [-0.439346, 0.86637, 0.237441], [-0.889131, -0.381684, -0.252513]]], "btipPosition": [47.7354, 200.996, 170.21], "carpPosition": [123.814, 116.22, 127.425], "dipPosition": [59.3436, 196.013, 166.913], "direction": [-0.763165, 0.572004, 0.300649], "extended": true, "handId": 27, "id": 271, "length": 44.937, "mcpPosition": [91.8826, 160.634, 150.321], "pipPosition": [73.4389, 185.448, 161.36], "stabilizedTipPosition": [52.8367, 202.455, 170.119], "timeVisible": 9.50437, "tipPosition": [51.0297, 200.707, 169.599], "tipVelocity": [1.43229, -3.98185, -6.18504], "tool": false, "touchDistance": 1, "touchZone": "none", "type": 1, "width": 14.821}, {"bases": [[[0.220989, 0.156941, -0.962566], [-0.801281, 0.591861, -0.0874613], [-0.555979, -0.790614, -0.256548]], [[0.237067, 0.17987, -0.954697], [-0.593806, 0.804598, 0.00413885], [-0.768892, -0.565923, -0.297551]], [[0.237067, 0.17987, -0.954697], [-0.0489837, 0.983674, 0.173166], [-0.970258, -0.00571279, -0.242007]], [[0.237067, 0.17987, -0.954697], [0.325018, 0.911399, 0.252419], [-0.915512, 0.370134, -0.157601]]], "btipPosition": [29.3451, 181, 151.599], "carpPosition": [123.16, 120.887, 118.69], "dipPosition": [42.4916, 186.315, 149.336], "direction": [-0.970258, 0.00571279, 0.242007], "extended": true, "handId": 27, "id": 272, "length": 51.2021, "mcpPosition": [91.8942, 165.347, 133.118], "pipPosition": [63.5746, 186.191, 144.077], "stabilizedTipPosition": [33.7598, 182.764, 151.353], "timeVisible": 9.50437, "tipPosition": [32.43, 180.554, 150.712], "tipVelocity": [1.65102, -1.45172, -4.91923], "tool": false, "touchDistance": 1, "touchZone": "none", "type": 2, "width": 14.5562}, {"bases": [[[0.196534, -0.0061819, -0.980477], [-0.80076, 0.576057, -0.164142], [-0.565825, -0.817386, -0.108265]], [[0.223336, 0.0328672, -0.974187], [-0.458433, 0.88554, -0.0752213], [-0.860209, -0.4634, -0.212841]], [[0.223336, 0.0328672, -0.974187], [0.190514, 0.978684, 0.076695], [-0.955942, 0.202725, -0.212314]], [[0.223336, 0.0328672, -0.974187], [0.571101, 0.80551, 0.158104], [-0.789914, 0.59167, -0.161129]]], "btipPosition": [31.7458, 167.738, 128.84], "carpPosition": [121.196, 123.386, 109.312], "dipPosition": [43.0235, 176.185, 126.539], "direction": [-0.955942, -0.202725, 0.212314], "extended": false, "handId": 27, "id": 273, "length": 49.2322, "mcpPosition": [92.6277, 164.655, 114.778], "pipPosition": [63.259, 180.477, 122.045], "stabilizedTipPosition": [36.0483, 170.868, 128.324], "timeVisible": 9.50437, "tipPosition": [34.4745, 168.451, 128.105], "tipVelocity": [2.06967, -1.45061, -5.44655], "tool": false, "touchDistance": 0.971841, "touchZone": "none", "type": 3, "width": 13.8511}, {"bases": [[[0.259314, -0.19584, -0.945729], [-0.807266, 0.49359, -0.32356], [-0.530168, -0.847358, 0.0300996]], [[0.26644, -0.184395, -0.946049], [-0.365196, 0.889034, -0.276134], [-0.891987, -0.419066, -0.169535]], [[0.26644, -0.184395, -0.946049], [0.281071, 0.953733, -0.106733], [-0.921959, 0.237469, -0.305941]], [[0.26644, -0.184395, -0.946049], [0.620387, 0.78399, 0.0219151], [-0.737651, 0.592755, -0.323283]]], "btipPosition": [43.4008, 160.762, 111.447], "carpPosition": [115.776, 121.191, 99.4425], "dipPosition": [53.1166, 168.569, 107.189], "direction": [-0.921959, -0.237469, 0.305941], "extended": false, "handId": 27, "id": 274, "length": 38.5972, "mcpPosition": [90.9967, 160.795, 98.0357], "pipPosition": [66.8958, 172.118, 102.616], "stabilizedTipPosition": [47.2403, 164.241, 110.612], "timeVisible": 9.50437, "tipPosition": [45.9132, 161.974, 110.375], "tipVelocity": [1.67402, -1.51034, -6.54236], "tool": false, "touchDistance": 0.67446, "touchZone": "none", "type": 4, "width": 12.3037}, {"bases": [[[0.394758, 0.893724, -0.213125], [-0.788686, 0.448611, 0.420383], [0.471317, 0.0021395, 0.881961]], [[0.371664, 0.89259, -0.255242], [-0.736189, 0.450869, 0.504721], [0.565589, 0.000319975, 0.824687]], [[0.371664, 0.89259, -0.255242], [-0.923463, 0.383675, -0.00295253], [0.0952948, 0.236804, 0.966873]], [[0.371664, 0.89259, -0.255242], [-0.90656, 0.289705, -0.306954], [-0.200039, 0.345476, 0.916859]]], "btipPosition": [-65.8642, 98.6923, 91.0809], "carpPosition": [-87.5263, 111.053, 165.85], "dipPosition": [-62.2868, 104.871, 107.478], "direction": [0.0952948, -0.236804, -0.966873], "extended": false, "handId": 28, "id": 280, "length": 39.8241, "mcpPosition": [-87.5263, 111.053, 165.85], "pipPosition": [-64.7696, 111.04, 132.668], "stabilizedTipPosition": [-64.9021, 100.114, 94.833], "timeVisible": 6.66877, "tipPosition": [-63.7837, 97.6987, 95.5246], "tipVelocity": [-11.1108, -3.27772, -5.0432], "tool": false, "touchDistance": 0.414203, "touchZone": "hovering", "type": 0, "width": 15.5161}, {"bases": [[[0.909002, -0.336905, 0.245377], [0.353123, 0.935269, -0.024014], [-0.221403, 0.108477, 0.96913]], [[0.934507, -0.35383, -0.0387517], [0.353224, 0.935286, -0.0217258], [0.0439311, 0.00661482, 0.999013]], [[0.934507, -0.35383, -0.0387517], [0.350666, 0.933854, -0.0703502], [0.0610805, 0.0521539, 0.996769]], [[0.934507, -0.35383, -0.0387517], [0.340269, 0.919992, -0.194506], [0.104473, 0.168581, 0.980136]]], "btipPosition": [-129.462, 112.932, 54.4573], "carpPosition": [-122.59, 121.181, 154.552], "dipPosition": [-130.838, 115.153, 67.3669], "direction": [0.0610805, -0.0521539, -0.996769], "extended": true, "handId": 28, "id": 284, "length": 38.5972, "mcpPosition": [-132.938, 116.111, 109.257], "pipPosition": [-131.751, 115.932, 82.2643], "stabilizedTipPosition": [-129.644, 113.222, 57.7405], "timeVisible": 6.66877, "tipPosition": [-130.002, 109.123, 57.99], "tipVelocity": [-3.75032, -10.162, 0.374692], "tool": false, "touchDistance": 0.327886, "touchZone": "hovering", "type": 4, "width": 12.3037}, {"bases": [[[0.978452, -0.00090496, -0.206472], [-0.0302613, 0.988563, -0.147739], [0.204244, 0.150803, 0.967235]], [[0.978486, 0.0594768, 0.197554], [-0.00237586, 0.96073, -0.277476], [-0.206299, 0.271037, 0.940202]], [[0.978486, 0.0594768, 0.197554], [0.0165616, 0.931811, -0.362567], [-0.205647, 0.358039, 0.910779]], [[0.978486, 0.0594768, 0.197554], [0.0455319, 0.871681, -0.487954], [-0.201226, 0.486451, 0.85022]]], "btipPosition": [-94.7759, 95.984, 40.7903], "carpPosition": [-93.6895, 126.788, 156.935], "dipPosition": [-92.1487, 102.335, 51.8906], "direction": [-0.205647, -0.358039, -0.910779], "extended": true, "handId": 28, "id": 281, "length": 44.937, "mcpPosition": [-81.5779, 117.846, 99.5783], "pipPosition": [-88.3505, 108.948, 68.7122], "stabilizedTipPosition": [-93.9271, 97.6666, 43.6273], "timeVisible": 6.66877, "tipPosition": [-90.8859, 95.1434, 43.8335], "tipVelocity": [-14.0093, -14.917, -1.04992], "tool": false, "touchDistance": 0.328288, "touchZone": "hovering", "type": 1, "width": 14.821}, {"bases": [[[0.987777, -0.149035, -0.0456653], [0.140085, 0.97725, -0.159247], [0.0683598, 0.150904, 0.986182]], [[0.988138, -0.127761, 0.0852069], [0.145035, 0.958781, -0.244346], [-0.050477, 0.253805, 0.965937]], [[0.988138, -0.127761, 0.0852069], [0.149256, 0.929552, -0.337128], [-0.0361326, 0.345847, 0.937595]], [[0.988138, -0.127761, 0.0852069], [0.151039, 0.908815, -0.388899], [-0.0277513, 0.397156, 0.917332]]], "btipPosition": [-102.356, 97.0119, 29.6644], "carpPosition": [-103.158, 128.064, 154.246], "dipPosition": [-101.958, 102.715, 42.837], "direction": [-0.0361326, -0.345847, -0.937595], "extended": true, "handId": 28, "id": 282, "length": 51.2021, "mcpPosition": [-99.3134, 119.578, 98.7874], "pipPosition": [-101.173, 110.23, 63.2103], "stabilizedTipPosition": [-102.017, 98.3003, 33.0889], "timeVisible": 6.66877, "tipPosition": [-100.425, 95.9434, 33.6112], "tipVelocity": [-13.7654, -13.9132, -1.91613], "tool": false, "touchDistance": 0.324928, "touchZone": "hovering", "type": 2, "width": 14.5562}, {"bases": [[[0.973681, -0.198446, 0.112093], [0.212407, 0.968417, -0.130584], [-0.0826386, 0.150957, 0.98508]], [[0.976909, -0.213597, 0.00498827], [0.211649, 0.964283, -0.159259], [0.029207, 0.156637, 0.987224]], [[0.976909, -0.213597, 0.00498827], [0.207738, 0.944141, -0.255817], [0.049932, 0.250946, 0.966712]], [[0.976909, -0.213597, 0.00498827], [0.201473, 0.913186, -0.354261], [0.0711138, 0.347086, 0.935133]]], "btipPosition": [-114.05, 103.968, 35.7717], "carpPosition": [-112.947, 127.205, 153.028], "dipPosition": [-115.066, 108.923, 49.1227], "direction": [0.049932, -0.250946, -0.966712], "extended": true, "handId": 28, "id": 283, "length": 49.2322, "mcpPosition": [-117.12, 119.583, 103.291], "pipPosition": [-116.123, 114.235, 69.5862], "stabilizedTipPosition": [-114.098, 104.997, 39.2257], "timeVisible": 6.66877, "tipPosition": [-114.781, 102.168, 39.655], "tipVelocity": [-7.59663, -13.6161, -1.0173], "tool": false, "touchDistance": 0.32368, "touchZone": "hovering", "type": 3, "width": 13.8511}], "r": [[-0.627039, 0.40299, 0.666649], [-0.649176, 0.202696, -0.733134], [-0.430573, -0.892476, 0.134513]], "s": 1.7372, "t": [18.4845, -129.982, 461.321], "timestamp": 17211059999}, {"currentFrameRate": 111.619, "devices": [], "gestures": [], "hands": [{"armBasis": [[-0.381546, 0.0242869, -0.924031], [-0.359595, 0.917009, 0.172585], [-0.851536, -0.398126, 0.341148]], "armWidth": 49.5979, "confidence": 1, "direction": [-0.430984, 0.871747, 0.233044], "elbow": [316.292, 12.7168, 185.131], "grabAngle": 1.27935, "grabStrength": 0, "id": 27, "palmNormal": [-0.898177, -0.43927, -0.0178813], "palmPosition": [97.2691, 146.669, 125.902], "palmVelocity": [0.56317, -3.3398, -7.00468], "palmWidth": 73.3412, "pinchDistance": 56.4601, "pinchStrength": 0, "r": [[0.423121, 0.700753, 0.574382], [-0.475893, 0.711321, -0.517251], [-0.771034, -0.054485, 0.634458]], "s": 0.91139, "sphereCenter": [46.592, 141.224, 123.086], "sphereRadius": 51.1264, "stabilizedPalmPosition": [100.593, 150.545, 125.962], "t": [-23.0372, -17.0047, -12.5762], "timeVisible": 9.51342, "type": "right", "wrist": [130.972, 99.3608, 110.888]}, {"armBasis": [[0.725499, 0.685667, 0.0592586], [0.0378693, -0.125745, 0.991339], [0.687181, -0.716972, -0.117194]], "armWidth": 49.5979, "confidence": 1, "direction": [0.0383406, -0.00312435, -0.99926], "elbow": [-269.313, -45.6559, 148.037], "grabAngle": 0.25266, "grabStrength": 0, "id": 28, "palmNormal": [0.00117758, -0.999994, 0.00317183], "palmPosition": [-102.571, 115.996, 118.892], "palmVelocity": [-4.19656, -16.7615, -3.84564], "palmWidth": 73.3412, "pinchDistance": 50.806, "pinchStrength": 0, "r": [[0.998442, 0.0413888, -0.037434], [-0.0500665, 0.96064, -0.273246], [0.0246513, 0.274694, 0.961216]], "s": 0.985196, "sphereCenter": [-94.4691, -35.999, 114.326], "sphereRadius": 155.33, "stabilizedPalmPosition": [-102.315, 116.059, 119.23], "t": [-3.46952, -16.4928, -10.4334], "timeVisible": 6.67781, "type": "left", "wrist": [-119.762, 110.378, 173.542]}], "id": 16512, "interactionBox": {"center": [0, 200, 0], "size": [235.247, 235.247, 147.751]}, "pointables": [{"bases": [[[-0.684334, 0.65033, -0.329784], [-0.639716, -0.318422, 0.699551], [-0.349928, -0.689695, -0.633933]], [[-0.490044, 0.870142, -0.0520571], [-0.509023, -0.237168, 0.827434], [-0.707639, -0.431977, -0.559145]], [[-0.490044, 0.870142, -0.0520571], [-0.418659, -0.182557, 0.889605], [-0.764579, -0.45774, -0.453754]], [[-0.490044, 0.870142, -0.0520571], [-0.314509, -0.120796, 0.941537], [-0.812983, -0.477767, -0.332862]]], "btipPosition": [51.0552, 138.224, 171.662], "carpPosition": [113.986, 100.373, 131.39], "dipPosition": [65.5942, 129.68, 165.71], "direction": [-0.764579, 0.45774, 0.453754], "extended": true, "handId": 27, "id": 270, "length": 39.8241, "mcpPosition": [113.986, 100.373, 131.39], "pipPosition": [85.5144, 117.754, 153.888], "stabilizedTipPosition": [54.6831, 137.718, 170.396], "timeVisible": 9.51342, "tipPosition": [53.791, 135.838, 170.129], "tipVelocity": [7.96269, -4.06506, -0.754494], "tool": false, "touchDistance": 1, "touchZone": "none", "type": 0, "width": 15.5161}, {"bases": [[[0.157912, 0.360308, -0.91937], [-0.827377, 0.556484, 0.0759793], [-0.538991, -0.748667, -0.385986]], [[0.129814, 0.321091, -0.938109], [-0.816569, 0.571315, 0.082551], [-0.562462, -0.755314, -0.336358]], [[0.129814, 0.321091, -0.938109], [-0.632086, 0.755749, 0.171207], [-0.763948, -0.57074, -0.301064]], [[0.129814, 0.321091, -0.938109], [-0.43804, 0.867354, 0.236258], [-0.889533, -0.380259, -0.253246]]], "btipPosition": [47.7105, 200.924, 170.159], "carpPosition": [123.861, 116.226, 127.361], "dipPosition": [59.3241, 195.96, 166.853], "direction": [-0.763948, 0.57074, 0.301064], "extended": true, "handId": 27, "id": 271, "length": 44.937, "mcpPosition": [91.899, 160.622, 150.25], "pipPosition": [73.4338, 185.418, 161.292], "stabilizedTipPosition": [52.8343, 202.452, 170.118], "timeVisible": 9.51342, "tipPosition": [51.0162, 200.66, 169.536], "tipVelocity": [-2.61151, -7.4504, -5.85157], "tool": false, "touchDistance": 1, "touchZone": "none", "type": 1, "width": 14.821}, {"bases": [[[0.222359, 0.155666, -0.962458], [-0.800401, 0.592816, -0.0890377], [-0.5567, -0.79015, -0.256413]], [[0.238499, 0.178643, -0.954571], [-0.59317, 0.805073, 0.00246174], [-0.768939, -0.565636, -0.297975]], [[0.238499, 0.178643, -0.954571], [-0.0490436, 0.983897, 0.171878], [-0.969904, -0.00582292, -0.24342]], [[0.238499, 0.178643, -0.954571], [0.324072, 0.911952, 0.251636], [-0.915476, 0.369364, -0.159607]]], "btipPosition": [29.341, 180.973, 151.598], "carpPosition": [123.19, 120.883, 118.622], "dipPosition": [42.4869, 186.277, 149.306], "direction": [-0.969904, 0.00582292, 0.24342], "extended": true, "handId": 27, "id": 272, "length": 51.2021, "mcpPosition": [91.8836, 165.317, 133.042], "pipPosition": [63.5623, 186.151, 144.017], "stabilizedTipPosition": [33.7583, 182.763, 151.352], "timeVisible": 9.51342, "tipPosition": [32.4207, 180.471, 150.694], "tipVelocity": [-0.466495, -3.27081, -0.822437], "tool": false, "touchDistance": 1, "touchZone": "none", "type": 2, "width": 14.5562}, {"bases": [[[0.197713, -0.00744242, -0.980232], [-0.799808, 0.576932, -0.165702], [-0.56676, -0.816758, -0.108115]], [[0.224583, 0.0316144, -0.973942], [-0.457808, 0.885726, -0.076816], [-0.860218, -0.46313, -0.213393]], [[0.224583, 0.0316144, -0.973942], [0.190623, 0.978738, 0.0757261], [-0.955628, 0.202662, -0.213782]], [[0.224583, 0.0316144, -0.973942], [0.570826, 0.805768, 0.157783], [-0.789759, 0.591387, -0.162916]]], "btipPosition": [31.7225, 167.686, 128.839], "carpPosition": [121.212, 123.37, 109.243], "dipPosition": [42.998, 176.13, 126.513], "direction": [-0.955628, -0.202662, 0.213782], "extended": false, "handId": 27, "id": 273, "length": 49.2322, "mcpPosition": [92.5959, 164.608, 114.702], "pipPosition": [63.2269, 180.42, 121.988], "stabilizedTipPosition": [36.047, 170.867, 128.324], "timeVisible": 9.51342, "tipPosition": [34.4533, 168.346, 128.097], "tipVelocity": [-2.63423, -5.80473, -0.722816], "tool": false, "touchDistance": 0.971732, "touchZone": "none", "type": 3, "width": 13.8511}, {"bases": [[[0.260203, -0.197146, -0.945213], [-0.806228, 0.494311, -0.325043], [-0.53131, -0.846635, 0.0303236]], [[0.267282, -0.185812, -0.945534], [-0.364261, 0.888943, -0.27766], [-0.892118, -0.418635, -0.169914]], [[0.267282, -0.185812, -0.945534], [0.281399, 0.953513, -0.107835], [-0.921616, 0.23725, -0.307144]], [[0.267282, -0.185812, -0.945534], [0.620115, 0.784225, 0.0211806], [-0.737575, 0.592001, -0.324834]]], "btipPosition": [43.3563, 160.696, 111.425], "carpPosition": [115.782, 121.158, 99.3829], "dipPosition": [53.0711, 168.494, 107.147], "direction": [-0.921615, -0.23725, 0.307144], "extended": false, "handId": 27, "id": 274, "length": 38.5972, "mcpPosition": [90.9496, 160.728, 97.9656], "pipPosition": [66.8452, 172.039, 102.557], "stabilizedTipPosition": [47.2386, 164.24, 110.612], "timeVisible": 9.51342, "tipPosition": [45.8786, 161.863, 110.359], "tipVelocity": [-4.94588, -7.48914, -2.8943], "tool": false, "touchDistance": 0.674024, "touchZone": "none", "type": 4, "width": 12.3037}, {"bases": [[[0.395673, 0.89329, -0.213252], [-0.788712, 0.449476, 0.41941], [0.470506, 0.00224476, 0.882394]], [[0.373667, 0.892246, -0.253515], [-0.736334, 0.451547, 0.503903], [0.564079, -0.00162003, 0.825719]], [[0.373667, 0.892246, -0.253515], [-0.922784, 0.385295, -0.00408904], [0.0940297, 0.235468, 0.967323]], [[0.373667, 0.892246, -0.253515], [-0.90532, 0.291325, -0.309073], [-0.201914, 0.345003, 0.916626]]], "btipPosition": [-65.9822, 98.6999, 90.986], "carpPosition": [-87.517, 110.939, 165.804], "dipPosition": [-62.3712, 104.87, 107.379], "direction": [0.0940297, -0.235468, -0.967323], "extended": false, "handId": 28, "id": 280, "length": 39.8241, "mcpPosition": [-87.517, 110.939, 165.804], "pipPosition": [-64.8211, 111.005, 132.581], "stabilizedTipPosition": [-64.9128, 100.114, 94.8297], "timeVisible": 6.67781, "tipPosition": [-63.8421, 97.592, 95.4569], "tipVelocity": [-12.1886, 0.620232, -10.6026], "tool": false, "touchDistance": 0.412605, "touchZone": "hovering", "type": 0, "width": 15.5161}, {"bases": [[[0.978641, -0.00180447, -0.20557], [-0.0293305, 0.988506, -0.148308], [0.203475, 0.15117, 0.967339]], [[0.978176, 0.0589179, 0.199249], [-0.0013945, 0.960794, -0.27726], [-0.207773, 0.270931, 0.939908]], [[0.978176, 0.0589179, 0.199249], [0.0176471, 0.931931, -0.362206], [-0.207027, 0.357818, 0.910553]], [[0.978176, 0.0589179, 0.199249], [0.0470637, 0.871202, -0.488664], [-0.202378, 0.487377, 0.849416]]], "btipPosition": [-94.9219, 95.8341, 40.7596], "carpPosition": [-93.701, 126.665, 156.886], "dipPosition": [-92.2797, 102.197, 51.8494], "direction": [-0.207027, -0.357818, -0.910553], "extended": true, "handId": 28, "id": 281, "length": 44.937, "mcpPosition": [-81.635, 117.7, 99.5233], "pipPosition": [-88.4561, 108.806, 68.6669], "stabilizedTipPosition": [-93.9631, 97.6323, 43.5978], "timeVisible": 6.67781, "tipPosition": [-90.9902, 94.9698, 43.7975], "tipVelocity": [-15.7685, -16.2672, -3.65868], "tool": false, "touchDistance": 0.327736, "touchZone": "hovering", "type": 1, "width": 14.821}, {"bases": [[[0.987698, -0.149854, -0.0446739], [0.141017, 0.977049, -0.159653], [0.0675732, 0.15139, 0.986162]], [[0.987931, -0.128442, 0.0865678], [0.146058, 0.958554, -0.244625], [-0.0515598, 0.254317, 0.965746]], [[0.987931, -0.128442, 0.0865678], [0.150344, 0.929614, -0.336475], [-0.0372572, 0.345429, 0.937705]], [[0.987931, -0.128442, 0.0865678], [0.152189, 0.908891, -0.388273], [-0.0288101, 0.396762, 0.917469]]], "btipPosition": [-102.495, 96.8478, 29.6275], "carpPosition": [-103.173, 127.931, 154.205], "dipPosition": [-102.081, 102.545, 42.802], "direction": [-0.0372572, -0.345429, -0.937705], "extended": true, "handId": 28, "id": 282, "length": 51.2021, "mcpPosition": [-99.3726, 119.418, 98.7478], "pipPosition": [-101.272, 110.051, 63.1777], "stabilizedTipPosition": [-102.052, 98.2871, 33.0488], "timeVisible": 6.67781, "tipPosition": [-100.531, 95.7544, 33.5826], "tipVelocity": [-14.9577, -18.296, -4.03169], "tool": false, "touchDistance": 0.32432, "touchZone": "hovering", "type": 2, "width": 14.5562}, {"bases": [[[0.973417, -0.199167, 0.113098], [0.213305, 0.968174, -0.130919], [-0.083424, 0.151563, 0.984921]], [[0.976713, -0.214489, 0.00515903], [0.21254, 0.963991, -0.159835], [0.0293097, 0.15721, 0.98713]], [[0.976713, -0.214489, 0.00515903], [0.208631, 0.943876, -0.25607], [0.0500547, 0.251183, 0.966645]], [[0.976713, -0.214489, 0.00515903], [0.2024, 0.913152, -0.353818], [0.0711791, 0.346623, 0.9353]]], "btipPosition": [-114.098, 103.778, 35.7508], "carpPosition": [-112.963, 127.064, 152.997], "dipPosition": [-115.115, 108.727, 49.1042], "direction": [0.0500547, -0.251183, -0.966645], "extended": true, "handId": 28, "id": 283, "length": 49.2322, "mcpPosition": [-117.175, 119.411, 103.268], "pipPosition": [-116.174, 114.044, 69.5662], "stabilizedTipPosition": [-114.12, 104.989, 39.1886], "timeVisible": 6.67781, "tipPosition": [-114.879, 101.974, 39.6362], "tipVelocity": [-5.33798, -21.1613, -2.25579], "tool": false, "touchDistance": 0.323339, "touchZone": "hovering", "type": 3, "width": 13.8511}, {"bases": [[[0.908505, -0.337501, 0.246398], [0.353897, 0.934971, -0.0242013], [-0.222208, 0.109187, 0.968866]], [[0.934161, -0.354621, -0.0398467], [0.353976, 0.934985, -0.0224562], [0.0452195, 0.0068729, 0.998953]], [[0.934161, -0.354621, -0.0398467], [0.351414, 0.933591, -0.0701189], [0.0620662, 0.0514996, 0.996742]], [[0.934161, -0.354621, -0.0398467], [0.340961, 0.919928, -0.193593], [0.105308, 0.16726, 0.980272]]], "btipPosition": [-129.449, 112.771, 54.4507], "carpPosition": [-122.599, 121.033, 154.533], "dipPosition": [-130.836, 114.974, 67.3622], "direction": [0.0620662, -0.0514996, -0.996742], "extended": true, "handId": 28, "id": 284, "length": 38.5972, "mcpPosition": [-132.985, 115.93, 109.25], "pipPosition": [-131.763, 115.744, 82.2591], "stabilizedTipPosition": [-129.654, 113.227, 57.715], "timeVisible": 6.67781, "tipPosition": [-130.088, 108.948, 57.9802], "tipVelocity": [1.2393, -18.2588, -0.678626], "tool": false, "touchDistance": 0.327784, "touchZone": "hovering", "type": 4, "width": 12.3037}], "r": [[-0.627191, 0.402976, 0.666515], [-0.649053, 0.202621, -0.733263], [-0.430537, -0.892499, 0.134471]], "s": 1.73748, "t": [18.5102, -130.035, 461.286], "timestamp": 17211069043}, {"currentFrameRate": 111.977, "devices": [], "gestures": [], "hands": [{"armBasis": [[-0.381733, 0.0234123, -0.923976], [-0.359412, 0.917242, 0.17173], [-0.85153, -0.397643, 0.341726]], "armWidth": 49.5979, "confidence": 1, "direction": [-0.431875, 0.87146, 0.232468], "elbow": [316.351, 12.8128, 185.227], "grabAngle": 1.27838, "grabStrength": 0, "id": 27, "palmNormal": [-0.897713, -0.440236, -0.0174268], "palmPosition": [97.287, 146.641, 125.838], "palmVelocity": [2.15035, -3.43001, -7.69051], "palmWidth": 73.3412, "pinchDistance": 56.4496, "pinchStrength": 0, "r": [[0.42342, 0.700765, 0.574146], [-0.475125, 0.711382, -0.517872], [-0.771344, -0.0535144, 0.634165]], "s": 0.911432, "sphereCenter": [46.5796, 141.113, 123.024], "sphereRadius": 51.1621, "stabilizedPalmPosition": [100.593, 150.544, 125.962], "t": [-23.0217, -17.0325, -12.6381], "timeVisible": 9.52172, "type": "right", "wrist": [131.032, 99.3517, 110.857]}, {"armBasis": [[0.721258, 0.690042, 0.0602418], [0.0369238, -0.125149, 0.991451], [0.691682, -0.712867, -0.115744]], "armWidth": 49.5979, "confidence": 1, "direction": [0.0375693, -0.00372478, -0.999287], "elbow": [-270.363, -44.8486, 148.351], "grabAngle": 0.252294, "grabStrength": 0, "id": 28, "palmNormal": [0.00257979, -0.999989, 0.00382439], "palmPosition": [-102.625, 115.829, 118.873], "palmVelocity": [-6.52855, -20.1583, -2.37008], "palmWidth": 73.3412, "pinchDistance": 50.753, "pinchStrength": 0, "r": [[0.998478, 0.0408085, -0.0370932], [-0.0494286, 0.960514, -0.273805], [0.024455, 0.275222, 0.96107]], "s": 0.984139, "sphereCenter": [-93.7514, -37.0204, 114.534], "sphereRadius": 156.221, "stabilizedPalmPosition": [-102.33, 116.048, 119.213], "t": [-3.51722, -16.6389, -10.457], "timeVisible": 6.68612, "type": "left", "wrist": [-119.832, 110.293, 173.54]}], "id": 16513, "interactionBox": {"center": [0, 200, 0], "size": [235.247, 235.247, 147.751]}, "pointables": [{"bases": [[[-0.683595, 0.650814, -0.330361], [-0.640156, -0.31723, 0.69969], [-0.350567, -0.689787, -0.633479]], [[-0.489124, 0.870616, -0.0527815], [-0.509471, -0.236062, 0.827474], [-0.707953, -0.431628, -0.559017]], [[-0.489124, 0.870616, -0.0527815], [-0.418981, -0.181452, 0.88968], [-0.764992, -0.457278, -0.453524]], [[-0.489124, 0.870616, -0.0527815], [-0.314744, -0.119743, 0.941593], [-0.813446, -0.477168, -0.332591]]], "btipPosition": [51.0914, 138.181, 171.614], "carpPosition": [114.054, 100.367, 131.358], "dipPosition": [65.6387, 129.647, 165.666], "direction": [-0.764992, 0.457278, 0.453524], "extended": true, "handId": 27, "id": 270, "length": 39.8241, "mcpPosition": [114.054, 100.367, 131.358], "pipPosition": [85.5696, 117.734, 153.85], "stabilizedTipPosition": [54.6827, 137.716, 170.396], "timeVisible": 9.52172, "tipPosition": [53.827, 135.796, 170.08], "tipVelocity": [4.58187, -4.93519, -5.6924], "tool": false, "touchDistance": 1, "touchZone": "none", "type": 0, "width": 15.5161}, {"bases": [[[0.158429, 0.359466, -0.919611], [-0.826797, 0.557418, 0.0754493], [-0.539729, -0.748378, -0.385517]], [[0.130401, 0.320416, -0.938259], [-0.815776, 0.572507, 0.0821339], [-0.563477, -0.754698, -0.336043]], [[0.130401, 0.320416, -0