{"frames": 59, "data": [{"currentFrameRate": 114.286, "devices": [], "gestures": [], "hands": [{"armBasis": [[0.897641, 0.0832541, -0.432793], [0.126778, 0.891714, 0.434481], [0.422099, -0.444877, 0.789884]], "armWidth": 48.9085, "confidence": 1, "direction": [0.334691, 0.857341, -0.391085], "elbow": [-39.5048, -20.9509, 278.592], "grabAngle": 0.572241, "grabStrength": 0, "id": 57, "palmNormal": [0.373711, -0.50175, -0.78012], "palmPosition": [79.5113, 121.483, 80.7273], "palmVelocity": [1.0836, 25.6116, 18.5047], "palmWidth": 72.7825, "pinchDistance": 60.3026, "pinchStrength": 0, "r": [[0.883262, 0.0391846, 0.467239], [-0.120564, 0.981976, 0.14556], [-0.453114, -0.1849, 0.872066]], "s": 1.24387, "sphereCenter": [85.6012, 154.397, 70.5748], "sphereRadius": 45.8266, "stabilizedPalmPosition": [79.1229, 120.395, 79.9561], "t": [46.7133, -36.5421, -82.7605], "timeVisible": 5.45498, "type": "left", "wrist": [51.6568, 75.13, 107.999]}], "id": 35097, "interactionBox": {"center": [0, 200, 0], "size": [235.247, 235.247, 147.751]}, "pointables": [{"bases": [[[0.617044, 0.662328, 0.424945], [-0.398445, -0.202709, 0.894511], [0.6786, -0.72127, 0.138821]], [[0.415171, 0.829775, 0.37297], [-0.245414, -0.292621, 0.9242], [0.876017, -0.475232, 0.0821505]], [[0.415171, 0.829775, 0.37297], [-0.481499, -0.147421, 0.863959], [0.771876, -0.538275, 0.338331]], [[0.415171, 0.829775, 0.37297], [-0.732406, 0.0616726, 0.678069], [0.539643, -0.55468, 0.633337]]], "btipPosition": [145.272, 120.506, 79.3802], "carpPosition": [80.5272, 77.5831, 102.805], "dipPosition": [135.619, 110.585, 90.7084], "direction": [0.771876, 0.538275, -0.338331], "extended": true, "handId": 57, "id": 570, "length": 39.8308, "mcpPosition": [80.5272, 77.5831, 102.805], "pipPosition": [115.506, 96.5586, 99.5247], "stabilizedTipPosition": [142.204, 116.836, 80.5241], "timeVisible": 5.45498, "tipPosition": [144.736, 115.535, 82.9411], "tipVelocity": [5.76172, 29.0206, 25.8895], "tool": false, "touchDistance": 0.328959, "touchZone": "hovering", "type": 0, "width": 15.2554}, {"bases": [[[0.79658, 0.257264, -0.54706], [0.299087, 0.618709, 0.726462], [0.525363, -0.742304, 0.415907]], [[0.817188, 0.227015, -0.529782], [0.396512, 0.445673, 0.802592], [0.418309, -0.865933, 0.274184]], [[0.817188, 0.227015, -0.529782], [0.194088, 0.7571, 0.623802], [0.54271, -0.612588, 0.574632]], [[0.817188, 0.227015, -0.529782], [-0.0838482, 0.956212, 0.280407], [0.57024, -0.184724, 0.80044]]], "btipPosition": [134.089, 179.355, 53.9635], "carpPosition": [71.966, 93.5106, 108.509], "dipPosition": [126.643, 176.942, 64.4156], "direction": [0.54271, 0.612588, -0.574632], "extended": true, "handId": 57, "id": 571, "length": 44.9446, "mcpPosition": [102.883, 137.194, 84.0333], "pipPosition": [116.618, 165.626, 75.0306], "stabilizedTipPosition": [131.192, 178.039, 54.811], "timeVisible": 5.45498, "tipPosition": [131.273, 181.393, 59.2718], "tipVelocity": [14.7737, 19.3982, 39.6163], "tool": false, "touchDistance": 0.292133, "touchZone": "hovering", "type": 1, "width": 14.572}, {"bases": [[[0.797498, 0.0453411, -0.601615], [0.440914, 0.636848, 0.632471], [0.411814, -0.769655, 0.487894]], [[0.807919, 0.025348, -0.588748], [0.520233, 0.43862, 0.732783], [0.276811, -0.898315, 0.341183]], [[0.807919, 0.025348, -0.588748], [0.380927, 0.739816, 0.554586], [0.449623, -0.672331, 0.588056]], [[0.807919, 0.025348, -0.588748], [0.152079, 0.956264, 0.249864], [0.569332, -0.291406, 0.768729]]], "btipPosition": [115.173, 192.051, 40.3544], "carpPosition": [64.0449, 97.2094, 103.972], "dipPosition": [106.996, 187.866, 51.395], "direction": [0.449623, 0.672331, -0.588056], "extended": true, "handId": 57, "id": 572, "length": 51.2108, "mcpPosition": [87.0271, 140.162, 76.7437], "pipPosition": [97.2242, 173.254, 64.1752], "stabilizedTipPosition": [112.599, 190.107, 41.6321], "timeVisible": 5.45498, "tipPosition": [110.272, 193.022, 45.3946], "tipVelocity": [10.2582, 31.5562, 41.2112], "tool": false, "touchDistance": 0.306413, "touchZone": "hovering", "type": 2, "width": 14.3116}, {"bases": [[[0.813886, -0.116552, -0.569215], [0.509668, 0.6136, 0.603103], [0.278977, -0.780967, 0.558804]], [[0.813697, -0.116024, -0.569593], [0.562169, 0.406325, 0.720324], [0.147865, -0.906333, 0.39585]], [[0.813697, -0.116024, -0.569593], [0.475286, 0.696939, 0.537009], [0.334666, -0.707682, 0.622242]], [[0.813697, -0.116024, -0.569593], [0.293435, 0.927852, 0.230189], [0.50179, -0.354443, 0.789035]]], "btipPosition": [89.4775, 188.74, 32.2668], "carpPosition": [56.1992, 98.6165, 98.224], "dipPosition": [82.3121, 183.679, 43.5338], "direction": [0.334666, 0.707682, -0.622242], "extended": true, "handId": 57, "id": 573, "length": 49.2406, "mcpPosition": [70.1775, 137.747, 70.2249], "pipPosition": [75.2267, 168.696, 56.7078], "stabilizedTipPosition": [87.3964, 186.824, 34.137], "timeVisible": 5.45498, "tipPosition": [84.9059, 188.945, 37.1718], "tipVelocity": [7.24469, 29.1209, 28.3205], "tool": false, "touchDistance": 0.296695, "touchZone": "hovering", "type": 3, "width": 13.6184}, {"bases": [[[0.745229, -0.305929, -0.592487], [0.652684, 0.516579, 0.554211], [0.136517, -0.799721, 0.584645]], [[0.754547, -0.37729, -0.536945], [0.642876, 0.260649, 0.720259], [-0.131792, -0.888659, 0.439223]], [[0.754547, -0.37729, -0.536945], [0.648963, 0.55055, 0.525111], [0.0974961, -0.744679, 0.660263]], [[0.754547, -0.37729, -0.536945], [0.549896, 0.810049, 0.203558], [0.358152, -0.448858, 0.81869]]], "btipPosition": [58.5301, 173.257, 30.0087], "carpPosition": [49.5842, 95.105, 89.65], "dipPosition": [53.812, 167.344, 40.7937], "direction": [0.0974961, 0.744679, -0.660263], "extended": true, "handId": 57, "id": 574, "length": 38.6037, "mcpPosition": [55.9162, 132.198, 62.5329], "pipPosition": [52.3546, 156.213, 50.6634], "stabilizedTipPosition": [56.9998, 171.303, 32.1683], "timeVisible": 5.45498, "tipPosition": [55.3542, 172.164, 33.8105], "tipVelocity": [8.09908, 21.3081, 11.4889], "tool": false, "touchDistance": 0.275583, "touchZone": "hovering", "type": 4, "width": 12.0969}], "r": [[0.883262, 0.0391846, 0.467239], [-0.120564, 0.981976, 0.14556], [-0.453114, -0.1849, 0.872066]], "s": 1.24387, "t": [-46.7133, -36.5421, -82.7605], "timestamp": 17375100819}, {"currentFrameRate": 114.52, "devices": [], "gestures": [], "hands": [{"armBasis": [[0.89729, 0.0824673, -0.433669], [0.128043, 0.89154, 0.434466], [0.422463, -0.44537, 0.789411]], "armWidth": 48.9085, "confidence": 1, "direction": [0.334326, 0.858486, -0.388881], "elbow": [-39.5827, -20.8497, 278.593], "grabAngle": 0.573947, "grabStrength": 0, "id": 57, "palmNormal": [0.376007, -0.499863, -0.780228], "palmPosition": [79.5008, 121.767, 80.9565], "palmVelocity": [-1.26087, 34.048, 27.5092], "palmWidth": 72.7825, "pinchDistance": 60.2765, "pinchStrength": 0, "r": [[0.88422, 0.0376437, 0.465552], [-0.119183, 0.981935, 0.146967], [-0.451609, -0.185437, 0.872732]], "s": 1.24442, "sphereCenter": [85.7634, 154.416, 70.5374], "sphereRadius": 45.7615, "stabilizedPalmPosition": [79.1548, 120.511, 80.0407], "t": [46.7306, -36.2908, -82.5608], "timeVisible": 5.46331, "type": "left", "wrist": [51.6575, 75.3378, 108.103]}], "id": 35098, "interactionBox": {"center": [0, 200, 0], "size": [235.247, 235.247, 147.751]}, "pointables": [{"bases": [[[0.618826, 0.660735, 0.424834], [-0.396873, -0.203743, 0.894975], [0.677899, -0.722438, 0.136146]], [[0.415668, 0.829445, 0.373151], [-0.245112, -0.292935, 0.92418], [0.875865, -0.475616, 0.0815433]], [[0.415668, 0.829445, 0.373151], [-0.480533, -0.148057, 0.864388], [0.77221, -0.53861, 0.337033]], [[0.415668, 0.829445, 0.373151], [-0.731397, 0.0609637, 0.679221], [0.540628, -0.555252, 0.631994]]], "btipPosition": [145.296, 120.787, 79.6162], "carpPosition": [80.5311, 77.8293, 102.959], "dipPosition": [135.626, 110.855, 90.9204], "direction": [0.77221, 0.53861, -0.337033], "extended": true, "handId": 57, "id": 570, "length": 39.8308, "mcpPosition": [80.5311, 77.8293, 102.959], "pipPosition": [115.503, 96.8201, 99.7028], "stabilizedTipPosition": [142.248, 116.921, 80.611], "timeVisible": 5.46331, "tipPosition": [144.712, 115.931, 83.2837], "tipVelocity": [2.41231, 33.3814, 27.6574], "tool": false, "touchDistance": 0.332799, "touchZone": "hovering", "type": 0, "width": 15.2554}, {"bases": [[[0.795799, 0.257143, -0.548253], [0.301433, 0.617018, 0.72693], [0.525207, -0.743752, 0.413511]], [[0.815343, 0.22845, -0.532003], [0.398028, 0.446127, 0.801588], [0.420464, -0.865321, 0.272817]], [[0.815343, 0.22845, -0.532003], [0.193584, 0.758415, 0.62236], [0.545657, -0.610423, 0.574144]], [[0.815343, 0.22845, -0.532003], [-0.0863194, 0.956558, 0.278469], [0.572508, -0.181125, 0.799643]]], "btipPosition": [134.205, 179.557, 54.333], "carpPosition": [71.9363, 93.735, 108.673], "dipPosition": [126.729, 177.192, 64.7747], "direction": [0.545657, 0.610423, -0.574144], "extended": true, "handId": 57, "id": 571, "length": 44.9446, "mcpPosition": [102.844, 137.503, 84.3386], "pipPosition": [116.65, 165.916, 75.3807], "stabilizedTipPosition": [131.255, 178.087, 54.9056], "timeVisible": 5.46331, "tipPosition": [131.245, 181.74, 59.6654], "tipVelocity": [13.0959, 25.6143, 44.0639], "tool": false, "touchDistance": 0.298252, "touchZone": "hovering", "type": 1, "width": 14.572}, {"bases": [[[0.796315, 0.0453156, -0.603182], [0.44309, 0.635129, 0.632678], [0.411769, -0.771075, 0.485684]], [[0.806319, 0.0261049, -0.590904], [0.522271, 0.437512, 0.731995], [0.277636, -0.898834, 0.33914]], [[0.806319, 0.0261049, -0.590904], [0.38246, 0.739062, 0.554537], [0.451191, -0.673132, 0.585936]], [[0.806319, 0.0261049, -0.590904], [0.152874, 0.955883, 0.250834], [0.571383, -0.292586, 0.766756]]], "btipPosition": [115.239, 192.405, 40.7818], "carpPosition": [64.0196, 97.4311, 104.126], "dipPosition": [107.033, 188.203, 51.794], "direction": [0.451191, 0.673132, -0.585936], "extended": true, "handId": 57, "id": 572, "length": 51.2108, "mcpPosition": [86.9992, 140.463, 77.0214], "pipPosition": [97.2268, 173.574, 64.5281], "stabilizedTipPosition": [112.664, 190.222, 41.7773], "timeVisible": 5.46331, "tipPosition": [110.257, 193.397, 45.7973], "tipVelocity": [7.11878, 42.064, 50.505], "tool": false, "touchDistance": 0.313426, "touchZone": "hovering", "type": 2, "width": 14.3116}, {"bases": [[[0.812548, -0.116657, -0.571102], [0.511751, 0.61184, 0.603127], [0.279064, -0.782332, 0.556849]], [[0.812312, -0.115997, -0.571572], [0.56418, 0.404675, 0.71968], [0.14782, -0.907074, 0.394166]], [[0.812312, -0.115997, -0.571572], [0.477267, 0.69548, 0.537144], [0.335209, -0.709121, 0.620308]], [[0.812312, -0.115997, -0.571572], [0.295059, 0.927088, 0.231188], [0.50308, -0.356444, 0.787311]]], "btipPosition": [89.4949, 189.114, 32.6284], "carpPosition": [56.1839, 98.8376, 98.3647], "dipPosition": [82.3111, 184.024, 43.8709], "direction": [0.335209, 0.709121, -0.620308], "extended": true, "handId": 57, "id": 573, "length": 49.2406, "mcpPosition": [70.1665, 138.037, 70.4635], "pipPosition": [75.2141, 169.011, 57.0039], "stabilizedTipPosition": [87.4554, 186.972, 34.2794], "timeVisible": 5.46331, "tipPosition": [84.8975, 189.31, 37.5277], "tipVelocity": [1.58006, 44.074, 42.7275], "tool": false, "touchDistance": 0.302628, "touchZone": "hovering", "type": 3, "width": 13.6184}, {"bases": [[[0.743585, -0.305899, -0.594565], [0.654533, 0.51471, 0.553769], [0.136632, -0.800937, 0.582951]], [[0.752967, -0.377898, -0.538733], [0.644617, 0.258948, 0.719316], [-0.132324, -0.888897, 0.438579]], [[0.752967, -0.377898, -0.538733], [0.650797, 0.54891, 0.524558], [0.0974864, -0.745581, 0.659246]], [[0.752967, -0.377898, -0.538733], [0.551624, 0.808861, 0.203603], [0.358819, -0.450484, 0.817504]]], "btipPosition": [58.5369, 173.582, 30.2562], "carpPosition": [49.5914, 95.3322, 89.7708], "dipPosition": [53.81, 167.648, 41.0256], "direction": [0.0974864, 0.745581, -0.659246], "extended": true, "handId": 57, "id": 574, "length": 38.6037, "mcpPosition": [55.9287, 132.481, 62.7322], "pipPosition": [52.3528, 156.503, 50.8801], "stabilizedTipPosition": [57.0742, 171.455, 32.2617], "timeVisible": 5.46331, "tipPosition": [55.3766, 172.497, 34.0759], "tipVelocity": [0.572078, 38.411, 29.2821], "tool": false, "touchDistance": 0.279649, "touchZone": "hovering", "type": 4, "width": 12.0969}], "r": [[0.88422, 0.0376437, 0.465552], [-0.119183, 0.981935, 0.146967], [-0.451609, -0.185437, 0.872732]], "s": 1.24442, "t": [-46.7306, -36.2908, -82.5608], "timestamp": 17375109151}, {"currentFrameRate": 114.495, "devices": [], "gestures": [], "hands": [{"armBasis": [[0.897252, 0.0824316, -0.433757], [0.128801, 0.890817, 0.435724], [0.422315, -0.446822, 0.78867]], "armWidth": 48.9085, "confidence": 1, "direction": [0.334049, 0.860724, -0.384142], "elbow": [-39.6548, -20.9562, 278.407], "grabAngle": 0.575838, "grabStrength": 0, "id": 57, "palmNormal": [0.378657, -0.495768, -0.781558], "palmPosition": [79.3873, 122.118, 81.1845], "palmVelocity": [-12.937, 40.0444, 25.9797], "palmWidth": 72.7825, "pinchDistance": 60.2526, "pinchStrength": 0, "r": [[0.885222, 0.0357348, 0.463794], [-0.117721, 0.981798, 0.149042], [-0.450026, -0.186534, 0.873316]], "s": 1.24492, "sphereCenter": [85.8639, 154.451, 70.4838], "sphereRadius": 45.6781, "stabilizedPalmPosition": [79.1745, 120.647, 80.1374], "t": [46.6825, -35.9893, -82.347], "timeVisible": 5.47209, "type": "left", "wrist": [51.5534, 75.5448, 108.077]}], "id": 35099, "interactionBox": {"center": [0, 200, 0], "size": [235.247, 235.247, 147.751]}, "pointables": [{"bases": [[[0.620827, 0.657909, 0.426298], [-0.394951, -0.207247, 0.895021], [0.677191, -0.72402, 0.131177]], [[0.416348, 0.828058, 0.375465], [-0.2443, -0.295887, 0.923455], [0.875769, -0.476205, 0.0791028]], [[0.416348, 0.828058, 0.375465], [-0.479322, -0.151008, 0.86455], [0.772596, -0.539923, 0.334035]], [[0.416348, 0.828058, 0.375465], [-0.730518, 0.0588114, 0.680357], [0.541293, -0.557549, 0.629397]]], "btipPosition": [145.209, 121.139, 79.8686], "carpPosition": [80.4265, 78.0826, 102.989], "dipPosition": [135.527, 111.166, 91.1264], "direction": [0.772596, 0.539923, -0.334035], "extended": true, "handId": 57, "id": 570, "length": 39.8308, "mcpPosition": [80.4265, 78.0826, 102.989], "pipPosition": [115.395, 97.0969, 99.8307], "stabilizedTipPosition": [142.287, 117.024, 80.7095], "timeVisible": 5.47209, "tipPosition": [144.584, 116.391, 83.6342], "tipVelocity": [-10.1676, 39.042, 27.5498], "tool": false, "touchDistance": 0.336479, "touchZone": "hovering", "type": 0, "width": 15.2554}, {"bases": [[[0.79481, 0.258496, -0.54905], [0.30412, 0.613271, 0.728979], [0.525155, -0.746377, 0.40882]], [[0.813379, 0.231188, -0.533823], [0.399645, 0.444753, 0.801548], [0.422727, -0.865302, 0.26936]], [[0.813379, 0.231188, -0.533823], [0.192993, 0.758432, 0.622523], [0.548788, -0.609371, 0.572275]], [[0.813379, 0.231188, -0.533823], [-0.0888897, 0.956257, 0.278695], [0.574902, -0.179234, 0.79835]]], "btipPosition": [134.224, 179.882, 54.8554], "carpPosition": [71.7947, 93.9498, 108.754], "dipPosition": [126.717, 177.541, 65.2802], "direction": [0.548788, 0.609371, -0.572275], "extended": true, "handId": 57, "id": 571, "length": 44.9446, "mcpPosition": [102.699, 137.873, 84.696], "pipPosition": [116.579, 166.285, 75.8516], "stabilizedTipPosition": [131.308, 178.14, 55.0048], "timeVisible": 5.47209, "tipPosition": [131.122, 182.209, 60.2403], "tipVelocity": [1.31226, 37.6209, 59.0776], "tool": false, "touchDistance": 0.306893, "touchZone": "hovering", "type": 1, "width": 14.572}, {"bases": [[[0.794885, 0.046921, -0.604944], [0.44557, 0.631608, 0.634459], [0.411857, -0.773867, 0.481149]], [[0.804473, 0.0284665, -0.593306], [0.524509, 0.434737, 0.732048], [0.278771, -0.900108, 0.334803]], [[0.804473, 0.0284665, -0.593306], [0.38401, 0.737118, 0.556052], [0.453165, -0.675165, 0.58206]], [[0.804473, 0.0284665, -0.593306], [0.153519, 0.954949, 0.253976], [0.573807, -0.295401, 0.763861]]], "btipPosition": [115.227, 192.917, 41.399], "carpPosition": [63.8839, 97.6552, 104.205], "dipPosition": [106.986, 188.674, 52.3697], "direction": [0.453165, 0.675165, -0.58206], "extended": true, "handId": 57, "id": 572, "length": 51.2108, "mcpPosition": [86.8684, 140.842, 77.353], "pipPosition": [97.1378, 174.001, 65.0196], "stabilizedTipPosition": [112.716, 190.355, 41.9434], "timeVisible": 5.47209, "tipPosition": [110.153, 193.936, 46.4072], "tipVelocity": [-2.19627, 57.2116, 69.2442], "tool": false, "touchDistance": 0.323554, "touchZone": "hovering", "type": 2, "width": 14.3116}, {"bases": [[[0.810963, -0.115219, -0.57364], [0.514124, 0.608355, 0.604632], [0.279312, -0.785257, 0.552591]], [[0.810642, -0.114317, -0.574275], [0.566501, 0.401195, 0.719805], [0.14811, -0.908831, 0.389986]], [[0.810642, -0.114317, -0.574275], [0.479399, 0.692709, 0.538823], [0.336209, -0.7121, 0.616342]], [[0.810642, -0.114317, -0.574275], [0.296694, 0.925725, 0.234533], [0.504809, -0.360506, 0.784348]]], "btipPosition": [89.4396, 189.681, 33.1764], "carpPosition": [56.0604, 99.0767, 98.4303], "dipPosition": [82.2312, 184.533, 44.3765], "direction": [0.336209, 0.7121, -0.616342], "extended": true, "handId": 57, "id": 573, "length": 49.2406, "mcpPosition": [70.0555, 138.422, 70.7425], "pipPosition": [75.113, 169.456, 57.4256], "stabilizedTipPosition": [87.4951, 187.157, 34.4588], "timeVisible": 5.47209, "tipPosition": [84.8021, 189.863, 38.0706], "tipVelocity": [-6.94182, 63.058, 61.3303], "tool": false, "touchDistance": 0.311599, "touchZone": "hovering", "type": 3, "width": 13.6184}, {"bases": [[[0.741669, -0.304253, -0.597793], [0.656643, 0.511247, 0.554479], [0.136918, -0.803776, 0.578962]], [[0.751101, -0.376695, -0.54217], [0.646772, 0.255146, 0.71874], [-0.132413, -0.890506, 0.435276]], [[0.751101, -0.376695, -0.54217], [0.652888, 0.545607, 0.525404], [0.0978947, -0.748608, 0.655746]], [[0.751101, -0.376695, -0.54217], [0.553563, 0.806853, 0.206292], [0.359742, -0.455072, 0.814552]]], "btipPosition": [58.469, 174.132, 30.6552], "carpPosition": [49.4943, 95.601, 89.8042], "dipPosition": [53.7299, 168.137, 41.3857], "direction": [0.0978947, 0.748608, -0.655746], "extended": true, "handId": 57, "id": 574, "length": 38.6037, "mcpPosition": [55.8449, 132.882, 62.9507], "pipPosition": [52.2666, 156.947, 51.1879], "stabilizedTipPosition": [57.1223, 171.66, 32.3977], "timeVisible": 5.47209, "tipPosition": [55.3079, 173.026, 34.4741], "tipVelocity": [-8.06032, 61.0511, 44.4417], "tool": false, "touchDistance": 0.286149, "touchZone": "hovering", "type": 4, "width": 12.0969}], "r": [[0.885222, 0.0357348, 0.463794], [-0.117721, 0.981798, 0.149042], [-0.450026, -0.186534, 0.873316]], "s": 1.24492, "t": [-46.6825, -35.9893, -82.347], "timestamp": 17375117927}, {"currentFrameRate": 114.542, "devices": [], "gestures": [], "hands": [{"armBasis": [[0.898641, 0.0916625, -0.429001], [0.121331, 0.887845, 0.443858], [0.421572, -0.45092, 0.786733]], "armWidth": 48.9085, "confidence": 1, "direction": [0.335499, 0.866213, -0.370291], "elbow": [-39.8208, -21.7458, 277.582], "grabAngle": 0.578403, "grabStrength": 0, "id": 57, "palmNormal": [0.376074, -0.483547, -0.790412], "palmPosition": [79.1341, 122.534, 81.4516], "palmVelocity": [-29.2682, 48.0587, 30.8784], "palmWidth": 72.7825, "pinchDistance": 60.1029, "pinchStrength": 0, "r": [[0.885838, 0.0330895, 0.462813], [-0.117076, 0.98112, 0.15394], [-0.448982, -0.19055, 0.872987]], "s": 1.24493, "sphereCenter": [86.0953, 154.376, 70.5168], "sphereRadius": 45.5144, "stabilizedPalmPosition": [79.1712, 120.8, 80.2442], "t": [46.5318, -35.6308, -82.1065], "timeVisible": 5.48074, "type": "left", "wrist": [51.2267, 75.6402, 107.67]}], "id": 35100, "interactionBox": {"center": [0, 200, 0], "size": [235.247, 235.247, 147.751]}, "pointables": [{"bases": [[[0.618462, 0.652196, 0.438344], [-0.395996, -0.223147, 0.890726], [0.678743, -0.724463, 0.120259]], [[0.413813, 0.822572, 0.390045], [-0.245447, -0.311773, 0.917907], [0.87665, -0.475577, 0.0728819]], [[0.413813, 0.822572, 0.390045], [-0.480507, -0.166551, 0.86103], [0.773222, -0.543725, 0.326331]], [[0.413813, 0.822572, 0.390045], [-0.734592, 0.048647, 0.676763], [0.537712, -0.566577, 0.624385]]], "btipPosition": [144.873, 121.429, 79.9333], "carpPosition": [80.1028, 78.1374, 102.515], "dipPosition": [135.255, 111.295, 91.1014], "direction": [0.773222, 0.543725, -0.326331], "extended": true, "handId": 57, "id": 570, "length": 39.8308, "mcpPosition": [80.1028, 78.1374, 102.515], "pipPosition": [115.106, 97.1266, 99.605], "stabilizedTipPosition": [142.31, 117.149, 80.8173], "timeVisible": 5.48074, "tipPosition": [144.311, 116.622, 83.6825], "tipVelocity": [-37.1739, 29.2617, 5.08973], "tool": false, "touchDistance": 0.336825, "touchZone": "hovering", "type": 0, "width": 15.2554}, {"bases": [[[0.795125, 0.269576, -0.543235], [0.30134, 0.601731, 0.739672], [0.526279, -0.75183, 0.397218]], [[0.812231, 0.244359, -0.529689], [0.394771, 0.438252, 0.807522], [0.429462, -0.865, 0.259496]], [[0.812231, 0.244359, -0.529689], [0.187353, 0.750648, 0.633582], [0.552431, -0.613854, 0.563918]], [[0.812231, 0.244359, -0.529689], [-0.0954033, 0.951452, 0.292637], [0.575482, -0.187155, 0.796111]]], "btipPosition": [134.311, 180.356, 55.8514], "carpPosition": [71.5201, 93.9269, 108.56], "dipPosition": [126.797, 177.912, 66.247], "direction": [0.552431, 0.613854, -0.563918], "extended": true, "handId": 57, "id": 571, "length": 44.9446, "mcpPosition": [102.491, 138.171, 85.1845], "pipPosition": [116.592, 166.573, 76.664], "stabilizedTipPosition": [131.349, 178.193, 55.1091], "timeVisible": 5.48074, "tipPosition": [131.018, 182.769, 61.3484], "tipVelocity": [9.93294, 52.0841, 114.369], "tool": false, "touchDistance": 0.323382, "touchZone": "hovering", "type": 1, "width": 14.572}, {"bases": [[[0.795818, 0.0589662, -0.602658], [0.442908, 0.621991, 0.645724], [0.412924, -0.780801, 0.468875]], [[0.80488, 0.0414368, -0.591989], [0.521361, 0.427119, 0.73875], [0.283461, -0.903245, 0.322176]], [[0.80488, 0.0414368, -0.591989], [0.380544, 0.729417, 0.568451], [0.455362, -0.682813, 0.571325]], [[0.80488, 0.0414368, -0.591989], [0.149359, 0.951302, 0.269659], [0.574334, -0.305463, 0.759495]]], "btipPosition": [115.242, 193.802, 42.7276], "carpPosition": [63.6106, 97.7271, 104.087], "dipPosition": [106.993, 189.415, 53.6355], "direction": [0.455362, 0.682813, -0.571325], "extended": true, "handId": 57, "id": 572, "length": 51.2108, "mcpPosition": [86.6547, 141.301, 77.9204], "pipPosition": [97.0968, 174.575, 66.0521], "stabilizedTipPosition": [112.755, 190.509, 42.1512], "timeVisible": 5.48074, "tipPosition": [110.059, 194.821, 47.792], "tipVelocity": [1.45594, 98.496, 151.924], "tool": false, "touchDistance": 0.344244, "touchZone": "hovering", "type": 2, "width": 14.3116}, {"bases": [[[0.812241, -0.103635, -0.574042], [0.511571, 0.599407, 0.615634], [0.280284, -0.793707, 0.53988]], [[0.811689, -0.102074, -0.575102], [0.564122, 0.392253, 0.72657], [0.151422, -0.914176, 0.375969]], [[0.811689, -0.102074, -0.575102], [0.476302, 0.685579, 0.550561], [0.33808, -0.720807, 0.605095]], [[0.811689, -0.102074, -0.575102], [0.292714, 0.923133, 0.249285], [0.505451, -0.370682, 0.779175]]], "btipPosition": [89.3703, 190.803, 34.5248], "carpPosition": [55.7806, 99.264, 98.3512], "dipPosition": [82.1527, 185.51, 45.6511], "direction": [0.33808, 0.720807, -0.605095], "extended": true, "handId": 57, "id": 573, "length": 49.2406, "mcpPosition": [69.8244, 139.033, 71.3003], "pipPosition": [74.995, 170.25, 58.462], "stabilizedTipPosition": [87.5175, 187.41, 34.7313], "timeVisible": 5.48074, "tipPosition": [84.6648, 190.966, 39.4482], "tipVelocity": [-8.25595, 125.952, 153.924], "tool": false, "touchDistance": 0.333744, "touchZone": "hovering", "type": 3, "width": 13.6184}, {"bases": [[[0.743455, -0.292407, -0.601475], [0.654416, 0.503499, 0.564118], [0.13789, -0.813011, 0.565684]], [[0.752745, -0.36325, -0.549021], [0.64612, 0.247899, 0.721856], [-0.126112, -0.898107, 0.421307]], [[0.752745, -0.36325, -0.549021], [0.650085, 0.541603, 0.532968], [0.103751, -0.7581, 0.643833]], [[0.752745, -0.36325, -0.549021], [0.548866, 0.806783, 0.218739], [0.363484, -0.465994, 0.806677]]], "btipPosition": [58.5178, 175.4, 31.8061], "carpPosition": [49.191, 95.9491, 89.68], "dipPosition": [53.7295, 169.261, 42.4329], "direction": [0.103751, 0.7581, -0.643833], "extended": true, "handId": 57, "id": 574, "length": 38.6037, "mcpPosition": [55.5866, 133.658, 63.4423], "pipPosition": [52.1786, 157.929, 52.057], "stabilizedTipPosition": [57.1641, 171.991, 32.661], "timeVisible": 5.48074, "tipPosition": [55.1375, 174.27, 35.6188], "tipVelocity": [4.33411, 142.716, 130.292], "tool": false, "touchDistance": 0.304933, "touchZone": "hovering", "type": 4, "width": 12.0969}], "r": [[0.885838, 0.0330895, 0.462813], [-0.117076, 0.98112, 0.15394], [-0.448982, -0.19055, 0.872987]], "s": 1.24493, "t": [-46.5318, -35.6308, -82.1065], "timestamp": 17375126577}, {"currentFrameRate": 114.513, "devices": [], "gestures": [], "hands": [{"armBasis": [[0.899158, 0.0991665, -0.42624], [0.117487, 0.883532, 0.453397], [0.421558, -0.457753, 0.782784]], "armWidth": 48.9085, "confidence": 1, "direction": [0.336613, 0.8711, -0.357598], "elbow": [-40.2582, -23.069, 276.305], "grabAngle": 0.57984, "grabStrength": 0, "id": 57, "palmNormal": [0.375031, -0.472362, -0.797638], "palmPosition": [78.7537, 123, 81.6789], "palmVelocity": [-43.3154, 53.058, 25.887], "palmWidth": 72.7825, "pinchDistance": 59.9389, "pinchStrength": 0, "r": [[0.886279, 0.0298675, 0.462188], [-0.116854, 0.980055, 0.160742], [-0.448169, -0.196471, 0.872092]], "s": 1.24458, "sphereCenter": [86.1707, 154.257, 70.2631], "sphereRadius": 45.3583, "stabilizedPalmPosition": [79.1358, 120.987, 80.3657], "t": [46.2663, -35.2185, -81.8726], "timeVisible": 5.48952, "type": "left", "wrist": [50.7865, 75.7928, 107.246]}], "id": 35101, "interactionBox": {"center": [0, 200, 0], "size": [235.247, 235.247, 147.751]}, "pointables": [{"bases": [[[0.617319, 0.646549, 0.448209], [-0.396044, -0.236865, 0.887155], [0.679755, -0.725168, 0.109841]], [[0.412938, 0.817003, 0.402479], [-0.245144, -0.3259, 0.913068], [0.877147, -0.475706, 0.0657064]], [[0.412938, 0.817003, 0.402479], [-0.481087, -0.179562, 0.858087], [0.773329, -0.547964, 0.318902]], [[0.412938, 0.817003, 0.402479], [-0.738296, 0.041521, 0.673198], [0.533293, -0.575137, 0.620335]]], "btipPosition": [144.38, 121.856, 80.0543], "carpPosition": [79.6661, 78.2955, 102.084], "dipPosition": [134.841, 111.569, 91.15], "direction": [0.773329, 0.547964, -0.318902], "extended": true, "handId": 57, "id": 570, "length": 39.8308, "mcpPosition": [79.6661, 78.2955, 102.084], "pipPosition": [114.69, 97.2899, 99.46], "stabilizedTipPosition": [142.301, 117.309, 80.9396], "timeVisible": 5.48952, "tipPosition": [143.911, 116.978, 83.785], "tipVelocity": [-54.0743, 44.5983, 11.8877], "tool": false, "touchDistance": 0.338042, "touchZone": "hovering", "type": 0, "width": 15.2554}, {"bases": [[[0.794958, 0.278737, -0.538839], [0.300144, 0.591174, 0.748617], [0.527214, -0.756848, 0.386297]], [[0.810822, 0.25529, -0.526683], [0.390924, 0.433501, 0.811945], [0.435599, -0.864236, 0.251693]], [[0.810822, 0.25529, -0.526683], [0.182775, 0.74442, 0.642209], [0.556023, -0.616982, 0.556931]], [[0.810822, 0.25529, -0.526683], [-0.10058, 0.947251, 0.304302], [0.576586, -0.193761, 0.793729]]], "btipPosition": [134.238, 180.85, 56.7154], "carpPosition": [71.1092, 94.0065, 108.365], "dipPosition": [126.709, 178.32, 67.0799], "direction": [0.556023, 0.616982, -0.556931], "extended": true, "handId": 57, "id": 571, "length": 44.9446, "mcpPosition": [102.135, 138.546, 85.6321], "pipPosition": [116.438, 166.922, 77.3678], "stabilizedTipPosition": [131.38, 178.248, 55.2151], "timeVisible": 5.48952, "tipPosition": [130.763, 183.369, 62.3601], "tipVelocity": [-8.76438, 53.982, 97.5671], "tool": false, "touchDistance": 0.337229, "touchZone": "hovering", "type": 1, "width": 14.572}, {"bases": [[[0.795985, 0.069029, -0.601368], [0.441722, 0.613027, 0.655042], [0.413871, -0.787041, 0.457468]], [[0.804639, 0.0522104, -0.591464], [0.519351, 0.420945, 0.743693], [0.287803, -0.905582, 0.311594]], [[0.804639, 0.0522104, -0.591464], [0.378545, 0.72233, 0.578743], [0.457448, -0.689575, 0.561451]], [[0.804639, 0.0522104, -0.591464], [0.147188, 0.947497, 0.283876], [0.575231, -0.315474, 0.754709]]], "btipPosition": [115.106, 194.684, 43.9025], "carpPosition": [63.2034, 97.8839, 103.952], "dipPosition": [106.844, 190.153, 54.7417], "direction": [0.457448, 0.689575, -0.561451], "extended": true, "handId": 57, "id": 572, "length": 51.2108, "mcpPosition": [86.3003, 141.806, 78.4222], "pipPosition": [96.9024, 175.166, 66.9437], "stabilizedTipPosition": [112.78, 190.682, 42.3851], "timeVisible": 5.48952, "tipPosition": [109.816, 195.704, 49.0416], "tipVelocity": [-15.8445, 96.656, 131.984], "tool": false, "touchDistance": 0.360539, "touchZone": "hovering", "type": 2, "width": 14.3116}, {"bases": [[[0.812635, -0.0939532, -0.57515], [0.510431, 0.590991, 0.624652], [0.28122, -0.801188, 0.528216]], [[0.811914, -0.091907, -0.576497], [0.562962, 0.384614, 0.731536], [0.154496, -0.918491, 0.364014]], [[0.811914, -0.091907, -0.576497], [0.474872, 0.678363, 0.560643], [0.339547, -0.728956, 0.594417]], [[0.811914, -0.091907, -0.576497], [0.291057, 0.919766, 0.26328], [0.506045, -0.381554, 0.773521]]], "btipPosition": [89.1544, 191.906, 35.7163], "carpPosition": [55.3732, 99.5169, 98.2432], "dipPosition": [81.9283, 186.458, 46.7618], "direction": [0.339547, 0.728956, -0.594417], "extended": true, "handId": 57, "id": 573, "length": 49.2406, "mcpPosition": [69.4639, 139.661, 71.7767], "pipPosition": [74.7395, 171.025, 59.3467], "stabilizedTipPosition": [87.5151, 187.715, 35.0639], "timeVisible": 5.48952, "tipPosition": [84.388, 192.028, 40.6727], "tipVelocity": [-24.8101, 121.515, 133.556], "tool": false, "touchDistance": 0.351296, "touchZone": "hovering", "type": 3, "width": 13.6184}, {"bases": [[[0.744138, -0.282399, -0.605401], [0.653438, 0.496062, 0.571787], [0.138844, -0.82108, 0.553669]], [[0.753278, -0.351503, -0.555894], [0.646653, 0.241538, 0.723533], [-0.120054, -0.904492, 0.409246]], [[0.753278, -0.351503, -0.555894], [0.648598, 0.537158, 0.539242], [0.109058, -0.766751, 0.632613]], [[0.753278, -0.351503, -0.555894], [0.545948, 0.805496, 0.230469], [0.36676, -0.477097, 0.798665]]], "btipPosition": [58.4324, 176.613, 32.8094], "carpPosition": [48.7751, 96.3401, 89.5268], "dipPosition": [53.6009, 170.328, 43.3307], "direction": [0.109058, 0.766751, -0.632613], "extended": true, "handId": 57, "id": 574, "length": 38.6037, "mcpPosition": [55.215, 134.424, 63.8465], "pipPosition": [51.9706, 158.866, 52.7871], "stabilizedTipPosition": [57.1852, 172.417, 33.006], "timeVisible": 5.48952, "tipPosition": [54.8516, 175.438, 36.6052], "tipVelocity": [-10.8594, 134.339, 111.488], "tool": false, "touchDistance": 0.321251, "touchZone": "hovering", "type": 4, "width": 12.0969}], "r": [[0.886279, 0.0298675, 0.462188], [-0.116854, 0.980055, 0.160742], [-0.448169, -0.196471, 0.872092]], "s": 1.24458, "t": [-46.2663, -35.2185, -81.8726], "timestamp": 17375135359}, {"currentFrameRate": 114.609, "devices": [], "gestures": [], "hands": [{"armBasis": [[0.899218, 0.105173, -0.424671], [0.115729, 0.878918, 0.462721], [0.421916, -0.465234, 0.778167]], "armWidth": 48.9085, "confidence": 1, "direction": [0.337487, 0.875029, -0.347025], "elbow": [-40.8808, -24.3974, 274.937], "grabAngle": 0.58209, "grabStrength": 0, "id": 57, "palmNormal": [0.374573, -0.463044, -0.803296], "palmPosition": [78.2569, 123.555, 81.8699], "palmVelocity": [-58.0314, 64.8069, 22.3039], "palmWidth": 72.7825, "pinchDistance": 59.7898, "pinchStrength": 0, "r": [[0.886626, 0.0263507, 0.461736], [-0.116865, 0.978741, 0.168549], [-0.447478, -0.203401, 0.870856]], "s": 1.24402, "sphereCenter": [86.0982, 154.298, 70.0126], "sphereRadius": 45.2438, "stabilizedPalmPosition": [79.0589, 121.211, 80.4973], "t": [45.8851, -34.735, -81.6601], "timeVisible": 5.49808, "type": "left", "wrist": [50.2412, 76.08, 106.875]}], "id": 35102, "interactionBox": {"center": [0, 200, 0], "size": [235.247, 235.247, 147.751]}, "pointables": [{"bases": [[[0.616682, 0.641691, 0.456], [-0.395793, -0.247983, 0.884224], [0.680479, -0.725767, 0.10105]], [[0.412779, 0.812064, 0.412512], [-0.243838, -0.337843, 0.909068], [0.877586, -0.47583, 0.0585574]], [[0.412779, 0.812064, 0.412512], [-0.4814, -0.189962, 0.855668], [0.773219, -0.551785, 0.312515]], [[0.412779, 0.812064, 0.412512], [-0.742408, 0.0375882, 0.668893], [0.527678, -0.582357, 0.618398]]], "btipPosition": [143.752, 122.4, 80.1891], "carpPosition": [79.1244, 78.6057, 101.732], "dipPosition": [134.314, 111.984, 91.2502], "direction": [0.773219, 0.551785, -0.312515], "extended": true, "handId": 57, "id": 570, "length": 39.8308, "mcpPosition": [79.1244, 78.6057, 101.732], "pipPosition": [114.165, 97.6051, 99.3937], "stabilizedTipPosition": [142.248, 117.509, 81.0728], "timeVisible": 5.49808, "tipPosition": [143.394, 117.462, 83.8946], "tipVelocity": [-70.5936, 60.0572, 14.8117], "tool": false, "touchDistance": 0.339473, "touchZone": "hovering", "type": 0, "width": 15.2554}, {"bases": [[[0.794671, 0.286032, -0.535428], [0.299567, 0.582366, 0.755718], [0.527975, -0.760944, 0.377104]], [[0.809242, 0.264462, -0.524582], [0.387886, 0.430105, 0.815202], [0.441216, -0.863174, 0.245478]], [[0.809242, 0.264462, -0.524582], [0.178522, 0.740015, 0.648465], [0.559694, -0.618415, 0.551639]], [[0.809242, 0.264462, -0.524582], [-0.106218, 0.944094, 0.312097], [0.577793, -0.196842, 0.792091]]], "btipPosition": [134.024, 181.364, 57.4176], "carpPosition": [70.583, 94.2481, 108.203], "dipPosition": [126.48, 178.794, 67.7607], "direction": [0.559694, 0.618415, -0.551639], "extended": true, "handId": 57, "id": 571, "length": 44.9446, "mcpPosition": [101.653, 139.028, 86.0111], "pipPosition": [116.14, 167.37, 77.9509], "stabilizedTipPosition": [131.401, 178.308, 55.3234], "timeVisible": 5.49808, "tipPosition": [130.377, 184.016, 63.1944], "tipVelocity": [-25.3536, 58.9991, 81.4401], "tool": false, "touchDistance": 0.347299, "touchZone": "hovering", "type": 1, "width": 14.572}, {"bases": [[[0.795906, 0.0770978, -0.600491], [0.441122, 0.605492, 0.662413], [0.414663, -0.792108, 0.447905]], [[0.804164, 0.0609931, -0.59127], [0.518055, 0.415803, 0.74748], [0.291443, -0.907407, 0.302776]], [[0.804164, 0.0609931, -0.59127], [0.377122, 0.716531, 0.586824], [0.459456, -0.694883, 0.553207]], [[0.804164, 0.0609931, -0.59127], [0.144984, 0.944551, 0.294624], [0.576454, -0.322651, 0.750731]]], "btipPosition": [114.823, 195.555, 44.8825], "carpPosition": [62.6811, 98.1865, 103.837], "dipPosition": [106.544, 190.921, 55.6646], "direction": [0.459455, 0.694883, -0.553207], "extended": true, "handId": 57, "id": 572, "length": 51.2108, "mcpPosition": [85.8223, 142.392, 78.8411], "pipPosition": [96.5584, 175.819, 67.6874], "stabilizedTipPosition": [112.787, 190.872, 42.6339], "timeVisible": 5.49808, "tipPosition": [109.436, 196.591, 50.0813], "tipVelocity": [-33.4994, 98.9681, 112.931], "tool": false, "touchDistance": 0.372323, "touchZone": "hovering", "type": 2, "width": 14.3116}, {"bases": [[[0.812719, -0.0861732, -0.576249], [0.509852, 0.583893, 0.631759], [0.282027, -0.807244, 0.518477]], [[0.81185, -0.0836973, -0.577836], [0.562384, 0.378082, 0.735376], [0.156921, -0.921981, 0.354016]], [[0.81185, -0.0836973, -0.577836], [0.474113, 0.6721, 0.568769], [0.340759, -0.735715, 0.585326]], [[0.81185, -0.0836973, -0.577836], [0.289725, 0.916981, 0.274238], [0.506912, -0.390053, 0.7687]]], "btipPosition": [88.7951, 192.973, 36.7124], "carpPosition": [54.8527, 99.8963, 98.1486], "dipPosition": [81.5567, 187.403, 47.689], "direction": [0.340759, 0.735715, -0.585326], "extended": true, "handId": 57, "id": 573, "length": 49.2406, "mcpPosition": [68.9838, 140.344, 72.17], "pipPosition": [74.3422, 171.827, 60.0814], "stabilizedTipPosition": [87.4814, 188.063, 35.429], "timeVisible": 5.49808, "tipPosition": [83.9773, 193.061, 41.6894], "tipVelocity": [-42.291, 121.293, 114.486], "tool": false, "touchDistance": 0.364203, "touchZone": "hovering", "type": 3, "width": 13.6184}, {"bases": [[[0.744409, -0.274307, -0.608778], [0.652953, 0.489755, 0.577748], [0.139672, -0.827584, 0.543688]], [[0.753386, -0.341568, -0.561908], [0.647438, 0.235814, 0.724718], [-0.115035, -0.909793, 0.398803]], [[0.753386, -0.341568, -0.561908], [0.647705, 0.532979, 0.544437], [0.113523, -0.774122, 0.622774]], [[0.753386, -0.341568, -0.561908], [0.543559, 0.804381, 0.239824], [0.370072, -0.48611, 0.791672]]], "btipPosition": [58.1932, 177.779, 33.6613], "carpPosition": [48.2515, 96.8319, 89.3943], "dipPosition": [53.3181, 171.375, 44.0904], "direction": [0.113523, 0.774122, -0.622774], "extended": true, "handId": 57, "id": 574, "length": 38.6037, "mcpPosition": [54.7298, 135.217, 64.1769], "pipPosition": [51.6211, 159.803, 53.3997], "stabilizedTipPosition": [57.1708, 172.911, 33.3937], "timeVisible": 5.49808, "tipPosition": [54.4419, 176.555, 37.4166], "tipVelocity": [-29.1052, 132.943, 97.019], "tool": false, "touchDistance": 0.33492, "touchZone": "hovering", "type": 4, "width": 12.0969}], "r": [[0.886626, 0.0263507, 0.461736], [-0.116865, 0.978741, 0.168549], [-0.447478, -0.203401, 0.870856]], "s": 1.24402, "t": [-45.8851, -34.735, -81.6601], "timestamp": 17375143921}, {"currentFrameRate": 114.487, "devices": [], "gestures": [], "hands": [{"armBasis": [[0.899407, 0.111276, -0.422712], [0.113732, 0.874172, 0.47211], [0.422057, -0.472695, 0.773581]], "armWidth": 48.9085, "confidence": 1, "direction": [0.338065, 0.878107, -0.338587], "elbow": [-41.5916, -25.5642, 273.634], "grabAngle": 0.584947, "grabStrength": 0, "id": 57, "palmNormal": [0.372451, -0.455228, -0.808732], "palmPosition": [77.6046, 124.217, 82.0027], "palmVelocity": [-72.9319, 73.9894, 14.8517], "palmWidth": 72.7825, "pinchDistance": 55.1974, "pinchStrength": 0, "r": [[0.886727, 0.0228285, 0.46173], [-0.117203, 0.97725, 0.176765], [-0.447191, -0.210858, 0.869229]], "s": 1.24331, "sphereCenter": [85.7226, 154.621, 69.8551], "sphereRadius": 45.1733, "stabilizedPalmPosition": [78.9149, 121.509, 80.6464], "t": [45.3684, -34.1623, -81.4875], "timeVisible": 5.50703, "type": "left", "wrist": [49.5609, 76.5245, 106.562]}], "id": 35103, "interactionBox": {"center": [0, 200, 0], "size": [235.247, 235.247, 147.751]}, "pointables": [{"bases": [[[0.61495, 0.637787, 0.46375], [-0.397073, -0.257653, 0.880879], [0.6813, -0.725839, 0.0948041]], [[0.412203, 0.807473, 0.421991], [-0.243125, -0.348888, 0.905079], [0.878054, -0.475672, 0.0525045]], [[0.412203, 0.807473, 0.421991], [-0.483435, -0.198746, 0.85252], [0.772256, -0.555416, 0.308437]], [[0.412203, 0.807473, 0.421991], [-0.748479, 0.0360285, 0.662179], [0.519488, -0.588803, 0.619228]]], "btipPosition": [142.921, 123.061, 80.1877], "carpPosition": [78.4462, 79.0633, 101.397], "dipPosition": [133.629, 112.53, 91.2636], "direction": [0.772256, 0.555416, -0.308437], "extended": true, "handId": 57, "id": 570, "length": 39.8308, "mcpPosition": [78.4462, 79.0633, 101.397], "pipPosition": [113.506, 98.0564, 99.3009], "stabilizedTipPosition": [142.119, 117.784, 81.2189], "timeVisible": 5.50703, "tipPosition": [142.717, 118.041, 83.832], "tipVelocity": [-89.1632, 70.9718, 0.228237], "tool": false, "touchDistance": 0.33889, "touchZone": "hovering", "type": 0, "width": 15.2554}, {"bases": [[[0.795256, 0.292642, -0.53097], [0.297367, 0.574932, 0.76225], [0.528338, -0.764077, 0.370196]], [[0.808878, 0.272443, -0.521049], [0.383713, 0.426864, 0.818872], [0.445513, -0.862301, 0.24074]], [[0.808878, 0.272443, -0.521049], [0.173796, 0.735791, 0.654527], [0.561705, -0.619989, 0.547816]], [[0.808878, 0.272443, -0.521049], [-0.112586, 0.941541, 0.317529], [0.577098, -0.198179, 0.792265]]], "btipPosition": [133.57, 181.968, 57.8907], "carpPosition": [69.9385, 94.6496, 108.046], "dipPosition": [126.035, 179.38, 68.236], "direction": [0.561705, 0.6199