{"frames": 68, "data": [{"currentFrameRate": 112.544, "devices": [], "gestures": [], "hands": [{"armBasis": [[0.842734, -0.143714, -0.518792], [0.0117048, -0.958587, 0.284559], [-0.538202, -0.24588, -0.806152]], "armWidth": 48.9085, "confidence": 1, "direction": [0.0389466, 0.914459, -0.4028], "elbow": [86.5957, -12.8852, -92.81], "grabAngle": 0.481435, "grabStrength": 0, "id": 54, "palmNormal": [0.208912, -0.401649, -0.891647], "palmPosition": [-27.7837, 93.7498, 67.3322], "palmVelocity": [1.82706, -4.24165, -0.687043], "palmWidth": 72.7825, "pinchDistance": 61.7381, "pinchStrength": 0, "r": [[0.999222, 0.00260827, 0.0393429], [0.0143558, 0.905257, -0.424621], [-0.036723, 0.424856, 0.904516]], "s": 0.984676, "sphereCenter": [-34.2372, 129.598, 60.8006], "sphereRadius": 47.7293, "stabilizedPalmPosition": [-28.0071, 93.8275, 67.3873], "t": [12.386, -11.8526, -40.6153], "timeVisible": 6.74677, "type": "left", "wrist": [-29.6409, 40.218, 81.2962]}], "id": 30330, "interactionBox": {"center": [0, 200, 0], "size": [235.247, 235.247, 147.751]}, "pointables": [{"bases": [[[0.572463, 0.517799, 0.635744], [-0.677783, -0.137482, 0.722294], [0.461406, -0.844383, 0.272252]], [[0.343557, 0.80931, 0.476431], [-0.653401, -0.158406, 0.740254], [0.674564, -0.565619, 0.474382]], [[0.343557, 0.80931, 0.476431], [-0.808373, -0.0033785, 0.588661], [0.478019, -0.587372, 0.653063]], [[0.343557, 0.80931, 0.476431], [-0.93491, 0.246686, 0.255126], [0.0889473, -0.53307, 0.841383]]], "btipPosition": [28.8166, 97.9162, 33.656], "carpPosition": [-12.1653, 50.4911, 84.6647], "dipPosition": [27.2256, 88.3814, 48.7055], "direction": [0.478019, 0.587372, -0.653063], "extended": true, "handId": 54, "id": 540, "length": 39.8308, "mcpPosition": [-12.1653, 50.4911, 84.6647], "pipPosition": [14.7693, 73.0756, 65.7231], "stabilizedTipPosition": [28.6249, 96.0582, 37.53], "timeVisible": 6.74677, "tipPosition": [26.2897, 95.2028, 34.8929], "tipVelocity": [-3.50343, -9.17988, -9.4513], "tool": false, "touchDistance": -0.220258, "touchZone": "touching", "type": 0, "width": 15.2554}, {"bases": [[[0.956747, 0.104818, -0.271381], [0.176568, 0.532162, 0.828026], [0.231211, -0.840129, 0.490637]], [[0.956053, 0.107326, -0.272845], [0.203942, 0.425144, 0.88185], [0.210644, -0.89874, 0.384572]], [[0.956053, 0.107326, -0.272845], [0.122187, 0.700085, 0.703528], [0.266522, -0.705948, 0.656204]], [[0.956053, 0.107326, -0.272845], [0.00204696, 0.928127, 0.372259], [0.293188, -0.356458, 0.887118]]], "btipPosition": [7.87102, 160.927, 28.6234], "carpPosition": [-21.4035, 64.2814, 93.8295], "dipPosition": [4.04258, 156.272, 40.2074], "direction": [0.266522, 0.705948, -0.656204], "extended": true, "handId": 54, "id": 541, "length": 44.9446, "mcpPosition": [-7.79722, 113.721, 64.9565], "pipPosition": [-0.880777, 143.231, 52.3292], "stabilizedTipPosition": [6.86441, 159.768, 31.249], "timeVisible": 6.74677, "tipPosition": [4.49629, 161.86, 32.8366], "tipVelocity": [1.41227, -1.8994, -1.31246], "tool": false, "touchDistance": -0.249729, "touchZone": "touching", "type": 1, "width": 14.572}, {"bases": [[[0.934976, -0.101917, -0.339755], [0.340809, 0.523647, 0.780796], [0.0983352, -0.845817, 0.524332]], [[0.939412, -0.157174, -0.304633], [0.338141, 0.279028, 0.898779], [-0.0562638, -0.947333, 0.31527]], [[0.939412, -0.157174, -0.304633], [0.337175, 0.583861, 0.738525], [0.0617861, -0.796494, 0.601482]], [[0.939412, -0.157174, -0.304633], [0.28582, 0.849755, 0.442971], [0.189239, -0.503203, 0.843194]]], "btipPosition": [-23.3811, 173.061, 26.0243], "carpPosition": [-30.857, 66.4231, 92.0816], "dipPosition": [-26.099, 165.834, 38.1343], "direction": [0.0617861, 0.796494, -0.601482], "extended": true, "handId": 54, "id": 542, "length": 51.2108, "mcpPosition": [-25.3692, 113.626, 62.8202], "pipPosition": [-27.4418, 148.524, 51.2063], "stabilizedTipPosition": [-24.1217, 171.537, 28.9293], "timeVisible": 6.74677, "tipPosition": [-23.693, 173.054, 30.2321], "tipVelocity": [6.19833, -8.89566, -5.50918], "tool": false, "touchDistance": -0.269292, "touchZone": "touching", "type": 2, "width": 14.3116}, {"bases": [[[0.910886, -0.264458, -0.316779], [0.409699, 0.487798, 0.770844], [-0.0493319, -0.831935, 0.552677]], [[0.905824, -0.317444, -0.280558], [0.352541, 0.197553, 0.914706], [-0.234943, -0.927471, 0.29086]], [[0.905824, -0.317444, -0.280558], [0.412335, 0.508534, 0.755892], [-0.09728, -0.800389, 0.591535]], [[0.905824, -0.317444, -0.280558], [0.418696, 0.771816, 0.478533], [0.0646318, -0.550935, 0.832041]]], "btipPosition": [-51.8117, 164.526, 26.9484], "carpPosition": [-40.1806, 66.3587, 88.9776], "dipPosition": [-52.7346, 156.659, 38.8296], "direction": [-0.09728, 0.800389, -0.591535], "extended": true, "handId": 54, "id": 543, "length": 49.2406, "mcpPosition": [-42.6524, 108.043, 61.2854], "pipPosition": [-50.675, 139.714, 51.3534], "stabilizedTipPosition": [-52.1632, 162.812, 29.7768], "timeVisible": 6.74677, "tipPosition": [-49.2731, 164.327, 30.2883], "tipVelocity": [9.39999, -7.51518, -5.66054], "tool": false, "touchDistance": -0.250269, "touchZone": "touching", "type": 3, "width": 13.6184}, {"bases": [[[0.818755, -0.435907, -0.373665], [0.540409, 0.365298, 0.757968], [-0.193904, -0.822522, 0.534657]], [[0.785304, -0.542404, -0.29849], [0.398224, 0.073383, 0.914348], [-0.474042, -0.836907, 0.273626]], [[0.785304, -0.542404, -0.29849], [0.53884, 0.361384, 0.760955], [-0.304876, -0.758419, 0.576065]], [[0.785304, -0.542404, -0.29849], [0.615294, 0.630312, 0.473414], [-0.0686395, -0.555432, 0.828724]]], "btipPosition": [-75.5587, 141.197, 30.7146], "carpPosition": [-48.293, 61.7763, 82.4359], "dipPosition": [-74.6545, 133.88, 41.6318], "direction": [-0.304876, 0.758419, -0.576065], "extended": true, "handId": 54, "id": 544, "length": 38.6037, "mcpPosition": [-57.2867, 99.9266, 57.6373], "pipPosition": [-70.0971, 122.543, 50.2429], "stabilizedTipPosition": [-75.4757, 139.55, 33.2807], "timeVisible": 6.74677, "tipPosition": [-71.6819, 141.656, 33.123], "tipVelocity": [10.8953, -4.06444, -4.50819], "tool": false, "touchDistance": -0.202309, "touchZone": "touching", "type": 4, "width": 12.0969}], "r": [[0.999222, 0.00260827, 0.0393429], [0.0143558, 0.905257, -0.424621], [-0.036723, 0.424856, 0.904516]], "s": 0.984676, "t": [-12.386, -11.8526, -40.6153], "timestamp": 17333032376}, {"currentFrameRate": 112.61, "devices": [], "gestures": [], "hands": [{"armBasis": [[0.84264, -0.143596, -0.518978], [0.011493, -0.958772, 0.283943], [-0.538354, -0.245226, -0.80625]], "armWidth": 48.9085, "confidence": 1, "direction": [0.0387255, 0.914725, -0.402216], "elbow": [86.6601, -12.781, -92.886], "grabAngle": 0.483285, "grabStrength": 0, "id": 54, "palmNormal": [0.208854, -0.401037, -0.891936], "palmPosition": [-27.7666, 93.7216, 67.3097], "palmVelocity": [1.95174, -3.22518, -2.57216], "palmWidth": 72.7825, "pinchDistance": 61.7611, "pinchStrength": 0, "r": [[0.999225, 0.00257187, 0.0392902], [0.0143616, 0.905313, -0.424502], [-0.0366617, 0.424737, 0.904574]], "s": 0.983898, "sphereCenter": [-34.1826, 129.379, 60.4873], "sphereRadius": 47.6365, "stabilizedPalmPosition": [-27.9849, 93.8178, 67.3802], "t": [12.404, -11.8823, -40.6309], "timeVisible": 6.75554, "type": "left", "wrist": [-29.6093, 40.181, 81.2413]}], "id": 30331, "interactionBox": {"center": [0, 200, 0], "size": [235.247, 235.247, 147.751]}, "pointables": [{"bases": [[[0.572463, 0.517287, 0.636161], [-0.677913, -0.137827, 0.722107], [0.461217, -0.844641, 0.271775]], [[0.34309, 0.809418, 0.476584], [-0.653834, -0.158483, 0.739854], [0.674382, -0.565443, 0.474851]], [[0.34309, 0.809418, 0.476584], [-0.808864, -0.00335025, 0.587986], [0.477523, -0.587224, 0.65356]], [[0.34309, 0.809418, 0.476584], [-0.935275, 0.247443, 0.253048], [0.086894, -0.532555, 0.841923]]], "btipPosition": [28.787, 97.8595, 33.562], "carpPosition": [-12.1379, 50.4544, 84.612], "dipPosition": [27.2327, 88.3339, 48.6212], "direction": [0.477523, 0.587224, -0.65356], "extended": true, "handId": 54, "id": 540, "length": 39.8308, "mcpPosition": [-12.1379, 50.4544, 84.612], "pipPosition": [14.7894, 73.0319, 65.6517], "stabilizedTipPosition": [28.6067, 96.0219, 37.4831], "timeVisible": 6.75554, "tipPosition": [26.3146, 95.2078, 34.8764], "tipVelocity": [-2.41461, -6.23183, -10.469], "tool": false, "touchDistance": -0.221788, "touchZone": "touching", "type": 0, "width": 15.2554}, {"bases": [[[0.956805, 0.104822, -0.271175], [0.176542, 0.531597, 0.828395], [0.23099, -0.840486, 0.490129]], [[0.956089, 0.107413, -0.272685], [0.203765, 0.425123, 0.881901], [0.210653, -0.898739, 0.384569]], [[0.956089, 0.107413, -0.272685], [0.121938, 0.700274, 0.703383], [0.266507, -0.705747, 0.656426]], [[0.956089, 0.107413, -0.272685], [0.00258432, 0.927292, 0.374331], [0.293066, -0.358598, 0.886295]]], "btipPosition": [7.88264, 160.928, 28.6176], "carpPosition": [-21.3773, 64.2372, 93.7871], "dipPosition": [4.05579, 156.245, 40.1908], "direction": [0.266507, 0.705747, -0.656426], "extended": true, "handId": 54, "id": 541, "length": 44.9446, "mcpPosition": [-7.78401, 113.698, 64.9439], "pipPosition": [-0.867286, 143.208, 52.3167], "stabilizedTipPosition": [6.88778, 159.782, 31.2542], "timeVisible": 6.75554, "tipPosition": [4.50077, 161.856, 32.8504], "tipVelocity": [1.36662, -0.615629, -0.948098], "tool": false, "touchDistance": -0.249868, "touchZone": "touching", "type": 1, "width": 14.572}, {"bases": [[[0.935007, -0.101865, -0.339684], [0.340788, 0.523084, 0.781183], [0.0981086, -0.846172, 0.523801]], [[0.939415, -0.15683, -0.304802], [0.338195, 0.279048, 0.898753], [-0.0558971, -0.947384, 0.31518]], [[0.939415, -0.15683, -0.304802], [0.337027, 0.584846, 0.737813], [0.0625511, -0.795839, 0.602269]], [[0.939415, -0.15683, -0.304802], [0.285201, 0.850886, 0.441195], [0.190159, -0.501395, 0.844063]]], "btipPosition": [-23.3249, 172.998, 25.9879], "carpPosition": [-30.8314, 66.3784, 92.0419], "dipPosition": [-26.0559, 165.796, 38.1104], "direction": [0.0625511, 0.795839, -0.602269], "extended": true, "handId": 54, "id": 542, "length": 51.2108, "mcpPosition": [-25.3562, 113.601, 62.8101], "pipPosition": [-27.4154, 148.501, 51.1995], "stabilizedTipPosition": [-24.0706, 171.478, 28.8829], "timeVisible": 6.75554, "tipPosition": [-23.697, 173.04, 30.2504], "tipVelocity": [6.07223, -6.53244, -3.82402], "tool": false, "touchDistance": -0.269851, "touchZone": "touching", "type": 2, "width": 14.3116}, {"bases": [[[0.910885, -0.264416, -0.316816], [0.409673, 0.487228, 0.771217], [-0.0495602, -0.832282, 0.552133]], [[0.90588, -0.316882, -0.281011], [0.352869, 0.197743, 0.914539], [-0.234233, -0.927622, 0.290949]], [[0.90588, -0.316882, -0.281011], [0.412493, 0.509583, 0.755099], [-0.0960792, -0.799944, 0.592333]], [[0.90588, -0.316882, -0.281011], [0.418324, 0.773181, 0.47665], [0.0662303, -0.549342, 0.832969]]], "btipPosition": [-51.7255, 164.472, 26.9041], "carpPosition": [-40.1555, 66.3143, 88.9392], "dipPosition": [-52.6713, 156.628, 38.7985], "direction": [-0.0960792, 0.799944, -0.592333], "extended": true, "handId": 54, "id": 543, "length": 49.2406, "mcpPosition": [-42.6387, 108.016, 61.2743], "pipPosition": [-50.6371, 139.692, 51.3392], "stabilizedTipPosition": [-52.0884, 162.763, 29.7303], "timeVisible": 6.75554, "tipPosition": [-49.2939, 164.306, 30.3093], "tipVelocity": [9.22843, -5.56544, -4.70892], "tool": false, "touchDistance": -0.250957, "touchZone": "touching", "type": 3, "width": 13.6184}, {"bases": [[[0.818732, -0.435811, -0.373827], [0.540363, 0.364714, 0.758282], [-0.194128, -0.822832, 0.534099]], [[0.785555, -0.541589, -0.299308], [0.398958, 0.0735444, 0.914015], [-0.473008, -0.83742, 0.273844]], [[0.785555, -0.541589, -0.299308], [0.539424, 0.362359, 0.760077], [-0.303192, -0.758536, 0.576799]], [[0.785555, -0.541589, -0.299308], [0.615242, 0.631863, 0.471409], [-0.066188, -0.554464, 0.829571]]], "btipPosition": [-75.4587, 141.173, 30.6723], "carpPosition": [-48.268, 61.7347, 82.3957], "dipPosition": [-74.5868, 133.868, 41.6006], "direction": [-0.303192, 0.758536, -0.576799], "extended": true, "handId": 54, "id": 544, "length": 38.6037, "mcpPosition": [-57.2721, 99.8994, 57.623], "pipPosition": [-70.0546, 122.53, 50.2227], "stabilizedTipPosition": [-75.389, 139.527, 33.2429], "timeVisible": 6.75554, "tipPosition": [-71.7028, 141.627, 33.1381], "tipVelocity": [10.5581, -2.45012, -4.53303], "tool": false, "touchDistance": -0.202972, "touchZone": "touching", "type": 4, "width": 12.0969}], "r": [[0.999225, 0.00257187, 0.0392902], [0.0143616, 0.905313, -0.424502], [-0.0366617, 0.424737, 0.904574]], "s": 0.983898, "t": [-12.404, -11.8823, -40.6309], "timestamp": 17333041143}, {"currentFrameRate": 112.794, "devices": [], "gestures": [], "hands": [{"armBasis": [[0.842566, -0.143368, -0.519161], [0.0114206, -0.958948, 0.283351], [-0.538472, -0.244671, -0.80634]], "armWidth": 48.9085, "confidence": 1, "direction": [0.0386344, 0.914975, -0.401656], "elbow": [86.727, -12.7241, -92.9631], "grabAngle": 0.485006, "grabStrength": 0, "id": 54, "palmNormal": [0.208715, -0.400479, -0.892219], "palmPosition": [-27.732, 93.6665, 67.2828], "palmVelocity": [4.04906, -6.44403, -3.14179], "palmWidth": 72.7825, "pinchDistance": 61.7875, "pinchStrength": 0, "r": [[0.999225, 0.00253267, 0.0392818], [0.0143851, 0.90541, -0.424294], [-0.0366407, 0.42453, 0.904672]], "s": 0.983172, "sphereCenter": [-34.1103, 129.129, 60.1576], "sphereRadius": 47.5464, "stabilizedPalmPosition": [-27.9633, 93.8048, 67.3719], "t": [12.4303, -11.9247, -40.6521], "timeVisible": 6.76408, "type": "left", "wrist": [-29.5678, 40.1179, 81.1836]}], "id": 30332, "interactionBox": {"center": [0, 200, 0], "size": [235.247, 235.247, 147.751]}, "pointables": [{"bases": [[[0.57237, 0.516878, 0.636577], [-0.678037, -0.138257, 0.721908], [0.461149, -0.844821, 0.271329]], [[0.342457, 0.809617, 0.4767], [-0.654311, -0.158597, 0.739408], [0.674241, -0.565126, 0.475429]], [[0.342457, 0.809617, 0.4767], [-0.809244, -0.00359692, 0.587462], [0.477334, -0.586947, 0.653946]], [[0.342457, 0.809617, 0.4767], [-0.935631, 0.24768, 0.251495], [0.0855453, -0.532142, 0.842323]]], "btipPosition": [28.7909, 97.7668, 33.4655], "carpPosition": [-12.0993, 50.389, 84.5557], "dipPosition": [27.2608, 88.2486, 48.5318], "direction": [0.477334, 0.586947, -0.653946], "extended": true, "handId": 54, "id": 540, "length": 39.8308, "mcpPosition": [-12.0993, 50.389, 84.5557], "pipPosition": [14.8224, 72.9539, 65.5724], "stabilizedTipPosition": [28.5925, 95.9843, 37.4363], "timeVisible": 6.76408, "tipPosition": [26.3554, 95.1765, 34.8531], "tipVelocity": [1.112, -10.6435, -11.1059], "tool": false, "touchDistance": -0.223369, "touchZone": "touching", "type": 0, "width": 15.2554}, {"bases": [[[0.956853, 0.104965, -0.27095], [0.176417, 0.531079, 0.828753], [0.230886, -0.840796, 0.489647]], [[0.9561, 0.107691, -0.272536], [0.203516, 0.425133, 0.881954], [0.210843, -0.898702, 0.384553]], [[0.9561, 0.107691, -0.272536], [0.12146, 0.700745, 0.702996], [0.266685, -0.705236, 0.656902]], [[0.9561, 0.107691, -0.272536], [0.00281535, 0.926607, 0.376021], [0.293028, -0.360281, 0.885625]]], "btipPosition": [7.92537, 160.886, 28.6002], "carpPosition": [-21.3375, 64.1659, 93.7409], "dipPosition": [4.09903, 156.181, 40.1647], "direction": [0.266685, 0.705236, -0.656902], "extended": true, "handId": 54, "id": 541, "length": 44.9446, "mcpPosition": [-7.75032, 113.645, 64.9261], "pipPosition": [-0.827349, 143.154, 52.2994], "stabilizedTipPosition": [6.91667, 159.786, 31.2552], "timeVisible": 6.76408, "tipPosition": [4.53374, 161.818, 32.8567], "tipVelocity": [5.01463, -5.48191, -2.26511], "tool": false, "touchDistance": -0.250191, "touchZone": "touching", "type": 1, "width": 14.572}, {"bases": [[[0.935061, -0.101678, -0.339591], [0.340671, 0.522591, 0.781564], [0.0979989, -0.846499, 0.523293]], [[0.939449, -0.156375, -0.304931], [0.338178, 0.279139, 0.898731], [-0.0554215, -0.947433, 0.315119]], [[0.939449, -0.156375, -0.304931], [0.336786, 0.585758, 0.7372], [0.0633356, -0.795258, 0.602954]], [[0.939449, -0.156375, -0.304931], [0.284534, 0.851852, 0.43976], [0.190988, -0.499896, 0.844765]]], "btipPosition": [-23.2451, 172.913, 25.9502], "carpPosition": [-30.7919, 66.3079, 91.9986], "dipPosition": [-25.988, 165.733, 38.0828], "direction": [0.0633356, 0.795258, -0.602954], "extended": true, "handId": 54, "id": 542, "length": 51.2108, "mcpPosition": [-25.3229, 113.549, 62.7952], "pipPosition": [-27.3645, 148.45, 51.1868], "stabilizedTipPosition": [-24.0124, 171.413, 28.8404], "timeVisible": 6.76408, "tipPosition": [-23.6719, 172.997, 30.2629], "tipVelocity": [9.01823, -9.32217, -4.13615], "tool": false, "touchDistance": -0.27044, "touchZone": "touching", "type": 2, "width": 14.3116}, {"bases": [[[0.910931, -0.264243, -0.316828], [0.409557, 0.48674, 0.771588], [-0.0496742, -0.832622, 0.551609]], [[0.905982, -0.316254, -0.281391], [0.353126, 0.198034, 0.914376], [-0.23345, -0.927775, 0.291093]], [[0.905982, -0.316254, -0.281391], [0.412543, 0.510602, 0.754383], [-0.0948981, -0.799543, 0.593065]], [[0.905982, -0.316254, -0.281391], [0.417866, 0.774459, 0.474974], [0.067713, -0.547902, 0.833798]]], "btipPosition": [-51.6194, 164.397, 26.8563], "carpPosition": [-40.1165, 66.2455, 88.8974], "dipPosition": [-52.5863, 156.573, 38.7626], "direction": [-0.0948981, 0.799543, -0.593065], "extended": true, "handId": 54, "id": 543, "length": 49.2406, "mcpPosition": [-42.6055, 107.964, 61.2588], "pipPosition": [-50.5771, 139.645, 51.3188], "stabilizedTipPosition": [-52.0078, 162.709, 29.686], "timeVisible": 6.76408, "tipPosition": [-49.2854, 164.262, 30.3246], "tipVelocity": [11.8506, -8.29184, -5.27016], "tool": false, "touchDistance": -0.251708, "touchZone": "touching", "type": 3, "width": 13.6184}, {"bases": [[[0.818783, -0.435601, -0.37396], [0.540246, 0.36423, 0.758598], [-0.194239, -0.823158, 0.533557]], [[0.785846, -0.540782, -0.300002], [0.399649, 0.0738841, 0.913686], [-0.47194, -0.837912, 0.274185]], [[0.785846, -0.540782, -0.300002], [0.539909, 0.363383, 0.759243], [-0.30157, -0.758622, 0.577536]], [[0.785846, -0.540782, -0.300002], [0.615109, 0.633355, 0.469577], [-0.0639309, -0.553549, 0.830359]]], "btipPosition": [-75.343, 141.125, 30.6236], "carpPosition": [-48.2301, 61.6697, 82.3525], "dipPosition": [-74.5008, 133.833, 41.5623], "direction": [-0.30157, 0.758622, -0.577536], "extended": true, "handId": 54, "id": 544, "length": 38.6037, "mcpPosition": [-57.2393, 99.8495, 57.605], "pipPosition": [-69.9929, 122.493, 50.1954], "stabilizedTipPosition": [-75.299, 139.498, 33.2041], "timeVisible": 6.76408, "tipPosition": [-71.6979, 141.578, 33.1482], "tipVelocity": [12.738, -5.21466, -5.41809], "tool": false, "touchDistance": -0.203743, "touchZone": "touching", "type": 4, "width": 12.0969}], "r": [[0.999225, 0.00253267, 0.0392818], [0.0143851, 0.90541, -0.424294], [-0.0366407, 0.42453, 0.904672]], "s": 0.983172, "t": [-12.4303, -11.9247, -40.6521], "timestamp": 17333049688}, {"currentFrameRate": 112.92, "devices": [], "gestures": [], "hands": [{"armBasis": [[0.842509, -0.143402, -0.519244], [0.0112099, -0.959039, 0.283052], [-0.538565, -0.244295, -0.806392]], "armWidth": 48.9085, "confidence": 1, "direction": [0.0384492, 0.91511, -0.401368], "elbow": [86.7845, -12.7127, -93.0144], "grabAngle": 0.486613, "grabStrength": 0, "id": 54, "palmNormal": [0.208925, -0.400149, -0.892318], "palmPosition": [-27.7058, 93.6017, 67.2601], "palmVelocity": [3.03542, -7.50523, -2.63214], "palmWidth": 72.7825, "pinchDistance": 61.8084, "pinchStrength": 0, "r": [[0.999226, 0.00244787, 0.0392511], [0.0144399, 0.905514, -0.424071], [-0.0365805, 0.42431, 0.904778]], "s": 0.982475, "sphereCenter": [-34.0604, 128.854, 59.8006], "sphereRadius": 47.4546, "stabilizedPalmPosition": [-27.9419, 93.7879, 67.3626], "t": [12.4566, -11.9783, -40.674], "timeVisible": 6.77272, "type": "left", "wrist": [-29.5305, 40.0481, 81.1435]}], "id": 30333, "interactionBox": {"center": [0, 200, 0], "size": [235.247, 235.247, 147.751]}, "pointables": [{"bases": [[[0.572578, 0.516535, 0.636668], [-0.677985, -0.138307, 0.721947], [0.460966, -0.845023, 0.271011]], [[0.342202, 0.809837, 0.47651], [-0.654646, -0.158306, 0.739174], [0.674045, -0.564892, 0.475984]], [[0.342202, 0.809837, 0.47651], [-0.809402, -0.00351773, 0.587245], [0.477249, -0.586644, 0.65428]], [[0.342202, 0.809837, 0.47651], [-0.935799, 0.248008, 0.250544], [0.0847218, -0.531654, 0.842714]]], "btipPosition": [28.8013, 97.6747, 33.3934], "carpPosition": [-12.0641, 50.3229, 84.5215], "dipPosition": [27.2859, 88.1652, 48.4667], "direction": [0.477249, 0.586644, -0.65428], "extended": true, "handId": 54, "id": 540, "length": 39.8308, "mcpPosition": [-12.0641, 50.3229, 84.5215], "pipPosition": [14.8497, 72.8784, 65.516], "stabilizedTipPosition": [28.5803, 95.9411, 37.3862], "timeVisible": 6.77272, "tipPosition": [26.3955, 95.1373, 34.8475], "tipVelocity": [1.59829, -10.434, -8.16273], "tool": false, "touchDistance": -0.224544, "touchZone": "touching", "type": 0, "width": 15.2554}, {"bases": [[[0.956848, 0.104805, -0.271033], [0.176653, 0.530777, 0.828897], [0.230731, -0.841006, 0.489359]], [[0.956067, 0.107631, -0.272675], [0.203596, 0.425439, 0.881788], [0.210914, -0.898564, 0.384835]], [[0.956067, 0.107631, -0.272675], [0.121327, 0.701476, 0.70229], [0.266863, -0.704519, 0.6576]], [[0.956067, 0.107631, -0.272675], [0.00335666, 0.92608, 0.377312], [0.293129, -0.361651, 0.885033]]], "btipPosition": [7.95372, 160.827, 28.5717], "carpPosition": [-21.307, 64.0945, 93.7098], "dipPosition": [4.12605, 156.104, 40.1284], "direction": [0.266863, 0.704519, -0.6576], "extended": true, "handId": 54, "id": 541, "length": 44.9446, "mcpPosition": [-7.72892, 113.586, 64.912], "pipPosition": [-0.803612, 143.09, 52.276], "stabilizedTipPosition": [6.94704, 159.777, 31.2503], "timeVisible": 6.77272, "tipPosition": [4.55339, 161.767, 32.8546], "tipVelocity": [3.24683, -7.29335, -3.51151], "tool": false, "touchDistance": -0.250696, "touchZone": "touching", "type": 1, "width": 14.572}, {"bases": [[[0.934994, -0.101812, -0.339735], [0.340899, 0.522261, 0.781685], [0.0978459, -0.846686, 0.523019]], [[0.939359, -0.156216, -0.30529], [0.338494, 0.279532, 0.89849], [-0.0550199, -0.947343, 0.315459]], [[0.939359, -0.156216, -0.30529], [0.336888, 0.586818, 0.736309], [0.0641264, -0.794507, 0.60386]], [[0.939359, -0.156216, -0.30529], [0.284216, 0.85279, 0.438145], [0.191903, -0.498344, 0.845474]]], "btipPosition": [-23.1783, 172.808, 25.8915], "carpPosition": [-30.7617, 66.2346, 91.9671], "dipPosition": [-25.9344, 165.651, 38.0343], "direction": [0.0641264, 0.794507, -0.60386], "extended": true, "handId": 54, "id": 542, "length": 51.2108, "mcpPosition": [-25.3012, 113.486, 62.7789], "pipPosition": [-27.328, 148.384, 51.158], "stabilizedTipPosition": [-23.9541, 171.34, 28.7949], "timeVisible": 6.77272, "tipPosition": [-23.6624, 172.934, 30.2556], "tipVelocity": [7.38395, -11.5312, -6.52119], "tool": false, "touchDistance": -0.271379, "touchZone": "touching", "type": 2, "width": 14.3116}, {"bases": [[[0.910826, -0.264378, -0.317019], [0.409774, 0.486396, 0.771689], [-0.0498203, -0.83278, 0.551357]], [[0.905933, -0.315898, -0.281948], [0.353724, 0.198623, 0.914018], [-0.232735, -0.92777, 0.29168]], [[0.905933, -0.315898, -0.281948], [0.412924, 0.511764, 0.753387], [-0.0937028, -0.79894, 0.594066]], [[0.905933, -0.315898, -0.281948], [0.41772, 0.77569, 0.473091], [0.0692554, -0.546364, 0.83468]]], "btipPosition": [-51.5243, 164.295, 26.7824], "carpPosition": [-40.0859, 66.1708, 88.8647], "dipPosition": [-52.5133, 156.493, 38.7013], "direction": [-0.0937027, 0.79894, -0.594066], "extended": true, "handId": 54, "id": 543, "length": 49.2406, "mcpPosition": [-42.5822, 107.898, 61.2387], "pipPosition": [-50.5294, 139.578, 51.2786], "stabilizedTipPosition": [-51.9285, 162.644, 29.6357], "timeVisible": 6.77272, "tipPosition": [-49.2905, 164.191, 30.3155], "tipVelocity": [10.4168, -11.1811, -8.22227], "tool": false, "touchDistance": -0.252891, "touchZone": "touching", "type": 3, "width": 13.6184}, {"bases": [[[0.818627, -0.435694, -0.374194], [0.54043, 0.363857, 0.758646], [-0.194385, -0.823273, 0.533325]], [[0.78593, -0.540238, -0.300761], [0.400685, 0.0745247, 0.91318], [-0.47092, -0.838206, 0.275036]], [[0.78593, -0.540238, -0.300761], [0.540699, 0.364535, 0.758128], [-0.299931, -0.758457, 0.578605]], [[0.78593, -0.540238, -0.300761], [0.615232, 0.634745, 0.467534], [-0.0616725, -0.552487, 0.831237]]], "btipPosition": [-75.2354, 141.047, 30.5487], "carpPosition": [-48.1975, 61.595, 82.3173], "dipPosition": [-74.423, 133.769, 41.499], "direction": [-0.299931, 0.758457, -0.578605], "extended": true, "handId": 54, "id": 544, "length": 38.6037, "mcpPosition": [-57.2135, 99.7802, 57.5806], "pipPosition": [-69.9395, 122.432, 50.148], "stabilizedTipPosition": [-75.2117, 139.454, 33.1564], "timeVisible": 6.77272, "tipPosition": [-71.7023, 141.498, 33.1346], "tipVelocity": [11.6646, -8.64132, -8.36648], "tool": false, "touchDistance": -0.204948, "touchZone": "touching", "type": 4, "width": 12.0969}], "r": [[0.999226, 0.00244787, 0.0392511], [0.0144399, 0.905514, -0.424071], [-0.0365805, 0.42431, 0.904778]], "s": 0.982475, "t": [-12.4566, -11.9783, -40.674], "timestamp": 17333058326}, {"currentFrameRate": 112.977, "devices": [], "gestures": [], "hands": [{"armBasis": [[0.84251, -0.143678, -0.519167], [0.0111482, -0.958917, 0.283469], [-0.538566, -0.244613, -0.806295]], "armWidth": 48.9085, "confidence": 1, "direction": [0.0384399, 0.91494, -0.401755], "elbow": [86.8301, -12.8496, -93.0048], "grabAngle": 0.487737, "grabStrength": 0, "id": 54, "palmNormal": [0.209332, -0.400504, -0.892063], "palmPosition": [-27.6601, 93.5285, 67.2289], "palmVelocity": [5.22551, -8.35433, -3.56913], "palmWidth": 72.7825, "pinchDistance": 61.8238, "pinchStrength": 0, "r": [[0.999231, 0.00234835, 0.039151], [0.0144836, 0.905559, -0.423974], [-0.0364492, 0.424215, 0.904828]], "s": 0.98184, "sphereCenter": [-33.9754, 128.611, 59.4808], "sphereRadius": 47.3826, "stabilizedPalmPosition": [-27.9192, 93.767, 67.3518], "t": [12.4926, -12.0417, -40.7006], "timeVisible": 6.78147, "type": "left", "wrist": [-29.485, 39.9799, 81.1322]}], "id": 30334, "interactionBox": {"center": [0, 200, 0], "size": [235.247, 235.247, 147.751]}, "pointables": [{"bases": [[[0.572909, 0.516713, 0.636225], [-0.677737, -0.137872, 0.722263], [0.46092, -0.844985, 0.271208]], [[0.342029, 0.810419, 0.475644], [-0.654792, -0.157505, 0.739216], [0.673991, -0.564281, 0.476784]], [[0.342029, 0.810419, 0.475644], [-0.809409, -0.00305355, 0.587238], [0.477361, -0.585843, 0.654915]], [[0.342029, 0.810419, 0.475644], [-0.935897, 0.248361, 0.249825], [0.0843312, -0.530602, 0.843416]]], "btipPosition": [28.8419, 97.5478, 33.3259], "carpPosition": [-12.0173, 50.2601, 84.5151], "dipPosition": [27.3335, 88.0572, 48.4118], "direction": [0.477361, 0.585843, -0.654915], "extended": true, "handId": 54, "id": 540, "length": 39.8308, "mcpPosition": [-12.0173, 50.2601, 84.5151], "pipPosition": [14.8944, 72.7912, 65.4776], "stabilizedTipPosition": [28.5719, 95.8845, 37.3281], "timeVisible": 6.78147, "tipPosition": [26.463, 95.061, 34.8453], "tipVelocity": [4.82203, -14.0015, -7.37624], "tool": false, "touchDistance": -0.225621, "touchZone": "touching", "type": 0, "width": 15.2554}, {"bases": [[[0.956764, 0.104518, -0.271439], [0.177059, 0.531109, 0.828597], [0.230767, -0.840832, 0.48964]], [[0.955931, 0.107531, -0.273192], [0.203867, 0.426482, 0.881221], [0.21127, -0.898081, 0.385765]], [[0.955931, 0.107531, -0.273192], [0.121331, 0.702647, 0.701118], [0.267349, -0.703366, 0.658635]], [[0.955931, 0.107531, -0.273192], [0.00386439, 0.925824, 0.377934], [0.293568, -0.362335, 0.884608]]], "btipPosition": [8.02323, 160.728, 28.4951], "carpPosition": [-21.266, 64.0341, 93.6939], "dipPosition": [4.18984, 155.997, 40.0463], "direction": [0.267349, 0.703366, -0.658635], "extended": true, "handId": 54, "id": 541, "length": 44.9446, "mcpPosition": [-7.68581, 113.515, 64.8795], "pipPosition": [-0.74881, 143.004, 52.213], "stabilizedTipPosition": [6.9842, 159.751, 31.2315], "timeVisible": 6.78147, "tipPosition": [4.60708, 161.679, 32.8011], "tipVelocity": [7.79081, -11.5286, -8.89665], "tool": false, "touchDistance": -0.251994, "touchZone": "touching", "type": 1, "width": 14.572}, {"bases": [[[0.934848, -0.102125, -0.340043], [0.341285, 0.522544, 0.781327], [0.0978944, -0.846474, 0.523353]], [[0.939202, -0.156203, -0.305778], [0.339014, 0.280518, 0.897986], [-0.0544918, -0.947054, 0.316418]], [[0.939202, -0.156203, -0.305778], [0.337154, 0.588152, 0.735123], [0.0650157, -0.793523, 0.605057]], [[0.939202, -0.156203, -0.305778], [0.284045, 0.853793, 0.436298], [0.19292, -0.496627, 0.846253]]], "btipPosition": [-23.0809, 172.677, 25.78], "carpPosition": [-30.7205, 66.1718, 91.9467], "dipPosition": [-25.8517, 165.544, 37.9339], "direction": [0.0650157, 0.793523, -0.605057], "extended": true, "handId": 54, "id": 542, "length": 51.2108, "mcpPosition": [-25.2573, 113.411, 62.7398], "pipPosition": [-27.2647, 148.299, 51.0836], "stabilizedTipPosition": [-23.8907, 171.258, 28.736], "timeVisible": 6.78147, "tipPosition": [-23.6171, 172.836, 30.1831], "tipVelocity": [10.7357, -14.3605, -12.453], "tool": false, "touchDistance": -0.273196, "touchZone": "touching", "type": 2, "width": 14.3116}, {"bases": [[[0.910659, -0.264677, -0.317247], [0.410151, 0.486662, 0.771321], [-0.0497586, -0.83253, 0.551741]], [[0.905835, -0.315688, -0.282496], [0.354497, 0.199767, 0.913469], [-0.231937, -0.927596, 0.292867]], [[0.905835, -0.315688, -0.282496], [0.413411, 0.513147, 0.752178], [-0.0924912, -0.798136, 0.595336]], [[0.905835, -0.315688, -0.282496], [0.417677, 0.776946, 0.471064], [0.0707753, -0.544698, 0.835641]]], "btipPosition": [-51.4042, 164.17, 26.6581], "carpPosition": [-40.0435, 66.105, 88.8408], "dipPosition": [-52.4149, 156.392, 38.5907], "direction": [-0.0924912, 0.798136, -0.595336], "extended": true, "handId": 54, "id": 543, "length": 49.2406, "mcpPosition": [-42.5367, 107.819, 61.1956], "pipPosition": [-50.4567, 139.494, 51.195], "stabilizedTipPosition": [-51.8465, 162.57, 29.5702], "timeVisible": 6.78147, "tipPosition": [-49.2572, 164.088, 30.2402], "tipVelocity": [13.1508, -13.6726, -13.8351], "tool": false, "touchDistance": -0.25491, "touchZone": "touching", "type": 3, "width": 13.6184}, {"bases": [[[0.818409, -0.436002, -0.374311], [0.54078, 0.364094, 0.758282], [-0.194328, -0.823005, 0.533759]], [[0.78597, -0.539878, -0.3013], [0.401856, 0.0757416, 0.912565], [-0.469853, -0.838328, 0.276484]], [[0.78597, -0.539878, -0.3013], [0.541509, 0.365943, 0.756871], [-0.298359, -0.758035, 0.57997]], [[0.78597, -0.539878, -0.3013], [0.615384, 0.636138, 0.465436], [-0.0596102, -0.551234, 0.832218]]], "btipPosition": [-75.1076, 140.945, 30.4311], "carpPosition": [-48.1518, 61.5249, 82.2924], "dipPosition": [-74.3223, 133.684, 41.3944], "direction": [-0.298359, 0.758035, -0.57997], "extended": true, "handId": 54, "id": 544, "length": 38.6037, "mcpPosition": [-57.1652, 99.6976, 57.5355], "pipPosition": [-69.8624, 122.352, 50.0638], "stabilizedTipPosition": [-75.1227, 139.398, 33.0927], "timeVisible": 6.78147, "tipPosition": [-71.6704, 141.39, 33.0651], "tipVelocity": [13.8876, -11.2265, -13.0874], "tool": false, "touchDistance": -0.206857, "touchZone": "touching", "type": 4, "width": 12.0969}], "r": [[0.999231, 0.00234835, 0.039151], [0.0144836, 0.905559, -0.423974], [-0.0364492, 0.424215, 0.904828]], "s": 0.98184, "t": [-12.4926, -12.0417, -40.7006], "timestamp": 17333067079}, {"currentFrameRate": 113.144, "devices": [], "gestures": [], "hands": [{"armBasis": [[0.84246, -0.143734, -0.519232], [0.0112326, -0.95886, 0.283657], [-0.538642, -0.244802, -0.806186]], "armWidth": 48.9085, "confidence": 1, "direction": [0.0385123, 0.914857, -0.401936], "elbow": [86.8793, -12.965, -93.008], "grabAngle": 0.489428, "grabStrength": 0, "id": 54, "palmNormal": [0.209234, -0.400701, -0.891998], "palmPosition": [-27.6245, 93.4507, 67.1903], "palmVelocity": [4.15644, -9.10321, -4.50607], "palmWidth": 72.7825, "pinchDistance": 61.8469, "pinchStrength": 0, "r": [[0.999233, 0.00229151, 0.0390831], [0.0145045, 0.905578, -0.423931], [-0.0363643, 0.424173, 0.904851]], "s": 0.981259, "sphereCenter": [-33.881, 128.359, 59.1545], "sphereRadius": 47.3097, "stabilizedPalmPosition": [-27.8974, 93.7436, 67.3399], "t": [12.5284, -12.1123, -40.7332], "timeVisible": 6.79002, "type": "left", "wrist": [-29.4523, 39.9053, 81.1056]}], "id": 30335, "interactionBox": {"center": [0, 200, 0], "size": [235.247, 235.247, 147.751]}, "pointables": [{"bases": [[[0.572815, 0.516899, 0.63616], [-0.677767, -0.137802, 0.722248], [0.460993, -0.844883, 0.271402]], [[0.341377, 0.811018, 0.475092], [-0.655052, -0.157205, 0.739049], [0.674068, -0.563504, 0.477593]], [[0.341377, 0.811018, 0.475092], [-0.809631, -0.00302938, 0.586931], [0.477451, -0.585014, 0.655591]], [[0.341377, 0.811018, 0.475092], [-0.936216, 0.248527, 0.248463], [0.0834354, -0.529608, 0.844129]]], "btipPosition": [28.8633, 97.4013, 33.2322], "carpPosition": [-11.9853, 50.1839, 84.4841], "dipPosition": [27.371, 87.9284, 48.3308], "direction": [0.477451, 0.585014, -0.655591], "extended": true, "handId": 54, "id": 540, "length": 39.8308, "mcpPosition": [-11.9853, 50.1839, 84.4841], "pipPosition": [14.9295, 72.684, 65.4143], "stabilizedTipPosition": [28.5667, 95.8181, 37.2657], "timeVisible": 6.79002, "tipPosition": [26.5063, 94.9722, 34.8122], "tipVelocity": [2.93617, -16.659, -10.6134], "tool": false, "touchDistance": -0.227133, "touchZone": "touching", "type": 0, "width": 15.2554}, {"bases": [[[0.956769, 0.104567, -0.271401], [0.176951, 0.53129, 0.828504], [0.230826, -0.840712, 0.489819]], [[0.955865, 0.107833, -0.273302], [0.203645, 0.427345, 0.880854], [0.211779, -0.897635, 0.386525]], [[0.955865, 0.107833, -0.273302], [0.120796, 0.703717, 0.700136], [0.267825, -0.702249, 0.659633]], [[0.955865, 0.107833, -0.273302], [0.00376982, 0.925635, 0.378399], [0.293782, -0.362729, 0.884375]]], "btipPosition": [8.08905, 160.617, 28.4111], "carpPosition": [-21.232, 63.9607, 93.6607], "dipPosition": [4.25286, 155.881, 39.9592], "direction": [0.267825, 0.702249, -0.659633], "extended": true, "handId": 54, "id": 541, "length": 44.9446, "mcpPosition": [-7.64829, 113.435, 64.8358], "pipPosition": [-0.694569, 142.909, 52.1444], "stabilizedTipPosition": [7.02449, 159.711, 31.2017], "timeVisible": 6.79002, "tipPosition": [4.65555, 161.585, 32.7421], "tipVelocity": [7.62313, -13.0696, -9.90686], "tool": false, "touchDistance": -0.253406, "touchZone": "touching", "type": 1, "width": 14.572}, {"bases": [[[0.93488, -0.102092, -0.339965], [0.341181, 0.522733, 0.781246], [0.097952, -0.846361, 0.523525]], [[0.939222, -0.155817, -0.305914], [0.339066, 0.28132, 0.897715], [-0.0538198, -0.946879, 0.317055]], [[0.939222, -0.155817, -0.305914], [0.33691, 0.589596, 0.734077], [0.0659837, -0.792526, 0.606257]], [[0.939222, -0.155817, -0.305914], [0.283286, 0.855115, 0.434197], [0.193936, -0.494468, 0.847284]]], "btipPosition": [-22.9832, 172.539, 25.673], "carpPosition": [-30.6863, 66.0991, 91.9137], "dipPosition": [-25.7685, 165.437, 37.8418], "direction": [0.0659837, 0.792526, -0.606257], "extended": true, "handId": 54, "id": 542, "length": 51.2108, "mcpPosition": [-25.2199, 113.332, 62.6973], "pipPosition": [-27.2025, 148.213, 51.0176], "stabilizedTipPosition": [-23.8254, 171.172, 28.6714], "timeVisible": 6.79002, "tipPosition": [-23.5757, 172.74, 30.1194], "tipVelocity": [11.041, -15.3129, -12.107], "tool": false, "touchDistance": -0.274921, "touchZone": "touching", "type": 2, "width": 14.3116}, {"bases": [[[0.910707, -0.264642, -0.317139], [0.410051, 0.486857, 0.771251], [-0.0497042, -0.832427, 0.551901]], [[0.905948, -0.315171, -0.282712], [0.354776, 0.200675, 0.913161], [-0.231069, -0.927576, 0.293616]], [[0.905948, -0.315171, -0.282712], [0.413438, 0.514612, 0.751161], [-0.0912572, -0.797397, 0.596516]], [[0.905948, -0.315171, -0.282712], [0.417169, 0.778517, 0.468914], [0.0723079, -0.54275, 0.836776]]], "btipPosition": [-51.2899, 164.048, 26.551], "carpPosition": [-40.0096, 66.0327, 88.8084], "dipPosition": [-52.3224, 156.298, 38.4997], "direction": [-0.0912572, 0.797397, -0.596516], "extended": true, "handId": 54, "id": 543, "length": 49.2406, "mcpPosition": [-42.5, 107.742, 61.1551], "pipPosition": [-50.3903, 139.416, 51.129], "stabilizedTipPosition": [-51.7656, 162.493, 29.5015], "timeVisible": 6.79002, "tipPosition": [-49.2306, 163.994, 30.1837], "tipVelocity": [12.7861, -13.4717, -12.0993], "tool": false, "touchDistance": -0.256634, "touchZone": "touching", "type": 3, "width": 13.6184}, {"bases": [[[0.818478, -0.435988, -0.374175], [0.540695, 0.3643, 0.758244], [-0.194274, -0.822921, 0.533909]], [[0.786269, -0.53929, -0.301575], [0.40247, 0.0766703, 0.912217], [-0.468828, -0.838622, 0.277332]], [[0.786269, -0.53929, -0.301575], [0.541907, 0.367386, 0.755887], [-0.296848, -0.757756, 0.581109]], [[0.786269, -0.53929, -0.301575], [0.615204, 0.637865, 0.463306], [-0.0574922, -0.549813, 0.833307]]], "btipPosition": [-74.9938, 140.854, 30.3389], "carpPosition": [-48.1187, 61.4522, 82.2614], "dipPosition": [-74.2364, 133.611, 41.3165], "direction": [-0.296848, 0.757756, -0.581109], "extended": true, "handId": 54, "id": 544, "length": 38.6037, "mcpPosition": [-57.1296, 99.621, 57.4976], "pipPosition": [-69.7991, 122.284, 50.003], "stabilizedTipPosition": [-75.0376, 139.339, 33.0285], "timeVisible": 6.79002, "tipPosition": [-71.6493, 141.299, 33.0191], "tipVelocity": [12.5576, -10.204, -10.3956], "tool": false, "touchDistance": -0.208338, "touchZone": "touching", "type": 4, "width": 12.0969}], "r": [[0.999233, 0.00229151, 0.0390831], [0.0145045, 0.905578, -0.423931], [-0.0363643, 0.424173, 0.904851]], "s": 0.981259, "t": [-12.5284, -12.1123, -40.7332], "timestamp": 17333075629}, {"currentFrameRate": 113.212, "devices": [], "gestures": [], "hands": [{"armBasis": [[0.842442, -0.143627, -0.51929], [0.0113395, -0.958874, 0.283605], [-0.538667, -0.244809, -0.806167]], "armWidth": 48.9085, "confidence": 1, "direction": [0.0385728, 0.914873, -0.401895], "elbow": [86.9353, -13.0344, -93.0341], "grabAngle": 0.491589, "grabStrength": 0, "id": 54, "palmNormal": [0.208871, -0.400692, -0.892087], "palmPosition": [-27.5715, 93.3824, 67.16], "palmVelocity": [6.08316, -7.83474, -3.48382], "palmWidth": 72.7825, "pinchDistance": 61.8787, "pinchStrength": 0, "r": [[0.999233, 0.00228649, 0.0390919], [0.014511, 0.9056, -0.423885], [-0.0363708, 0.424128, 0.904872]], "s": 0.980688, "sphereCenter": [-33.7845, 128.074, 58.7729], "sphereRadius": 47.2237, "stabilizedPalmPosition": [-27.8738, 93.7175, 67.3269], "t": [12.5728, -12.1817, -40.7647], "timeVisible": 6.79874, "type": "left", "wrist": [-29.4017, 39.8375, 81.0754]}], "id": 30336, "interactionBox": {"center": [0, 200, 0], "size": [235.247, 235.247, 147.751]}, "pointables": [{"bases": [[[0.572508, 0.516979, 0.63637], [-0.677967, -0.137983, 0.722026], [0.46108, -0.844804, 0.271498]], [[0.340506, 0.811544, 0.474818], [-0.655408, -0.157221, 0.73873], [0.674163, -0.562741, 0.478358]], [[0.340506, 0.811544, 0.474818], [-0.810026, -0.00321278, 0.586385], [0.477403, -0.584282, 0.656278]], [[0.340506, 0.811544, 0.474818], [-0.936634, 0.248572, 0.246837], [0.0822925, -0.52878, 0.84476]]], "btipPosition": [28.895, 97.2645, 33.1347], "carpPosition": [-11.9357, 50.1115, 84.4463], "dipPosition": [27.4231, 87.8064, 48.2446], "direction": [0.477403, 0.584282, -0.656278], "extended": true, "handId": 54, "id": 540, "length": 39.8308, "mcpPosition": [-11.9357, 50.1115, 84.4463], "pipPosition": [14.9829, 72.5811, 65.346], "stabilizedTipPosition": [28.5657, 95.7431, 37.1982], "timeVisible": 6.79874, "tipPosition": [26.5592, 94.8957, 34.7738], "tipVelocity": [4.17768, -15.3107, -10.8954], "tool": false, "touchDistance": -0.228715, "touchZone": "touching", "type": 0, "width": 15.2554}, {"bases": [[[0.956833, 0.104778, -0.271093], [0.176581, 0.531279, 0.828591], [0.23