{"frames": 55, "data": [{"currentFrameRate": 114.872, "devices": [], "gestures": [], "hands": [{"armBasis": [[0.985885, 0.0695288, 0.152302], [0.0459213, -0.987101, 0.153372], [0.161001, -0.144213, -0.976361]], "armWidth": 48.9085, "confidence": 1, "direction": [0.0846214, 0.95825, -0.273123], "elbow": [-65.3209, 10.5485, -137.497], "grabAngle": 0.496839, "grabStrength": 0, "id": 54, "palmNormal": [0.294888, -0.285911, -0.911754], "palmPosition": [-16.8821, 96.4343, 69.4246], "palmVelocity": [4.9462, 7.47903, -4.35806], "palmWidth": 72.7825, "pinchDistance": 63.4247, "pinchStrength": 0, "r": [[0.998031, 0.0146116, -0.0609984], [-0.0323455, 0.953102, -0.300916], [0.0537408, 0.302297, 0.951698]], "s": 0.951437, "sphereCenter": [-15.2366, 131.984, 67.4173], "sphereRadius": 46.7192, "stabilizedPalmPosition": [-16.3596, 103.974, 76.8529], "t": [23.2696, -9.24379, -38.4952], "timeVisible": 3.80695, "type": "left", "wrist": [-30.5492, 41.6945, 73.37]}], "id": 29998, "interactionBox": {"center": [0, 200, 0], "size": [235.247, 235.247, 147.751]}, "pointables": [{"bases": [[[0.630236, 0.44135, 0.638759], [-0.601082, -0.243382, 0.761227], [0.491429, -0.863699, 0.111899]], [[0.365253, 0.763542, 0.532535], [-0.566584, -0.271562, 0.77797], [0.738629, -0.585881, 0.333421]], [[0.365253, 0.763542, 0.532535], [-0.762816, -0.0824017, 0.641344], [0.533575, -0.640479, 0.552344]], [[0.365253, 0.763542, 0.532535], [-0.922462, 0.21998, 0.31729], [0.125117, -0.607134, 0.784687]]], "btipPosition": [42.2946, 101.938, 40.627], "carpPosition": [-3.33996, 50.995, 82.3686], "dipPosition": [40.0567, 91.0783, 54.6624], "direction": [0.533575, 0.640479, -0.552344], "extended": true, "handId": 54, "id": 540, "length": 39.8308, "mcpPosition": [-3.33996, 50.995, 82.3686], "pipPosition": [26.1527, 74.3886, 69.0554], "stabilizedTipPosition": [41.743, 101.041, 44.9406], "timeVisible": 3.80695, "tipPosition": [42.9217, 99.3906, 44.7984], "tipVelocity": [10.9061, -6.87298, -7.10102], "tool": false, "touchDistance": -0.212492, "touchZone": "touching", "type": 0, "width": 15.2554}, {"bases": [[[0.924058, 0.157553, -0.348274], [0.255545, 0.422962, 0.869368], [0.284278, -0.892345, 0.350579]], [[0.92369, 0.158706, -0.348726], [0.289977, 0.305314, 0.907026], [0.250421, -0.938933, 0.235994]], [[0.92369, 0.158706, -0.348726], [0.155734, 0.676077, 0.720185], [0.350063, -0.719536, 0.599769]], [[0.92369, 0.158706, -0.348726], [-0.00840819, 0.918353, 0.395673], [0.383049, -0.362547, 0.849607]]], "btipPosition": [23.0519, 165.015, 41.759], "carpPosition": [-13.3682, 63.6469, 92.3121], "dipPosition": [18.0501, 160.281, 52.8532], "direction": [0.350063, 0.719536, -0.599769], "extended": true, "handId": 54, "id": 541, "length": 44.9446, "mcpPosition": [3.36097, 116.16, 71.6813], "pipPosition": [11.5835, 146.989, 63.9325], "stabilizedTipPosition": [22.4492, 167.01, 47.9693], "timeVisible": 3.80695, "tipPosition": [22.9046, 164.634, 45.9272], "tipVelocity": [11.9648, 1.55726, -6.6206], "tool": false, "touchDistance": -0.267705, "touchZone": "touching", "type": 1, "width": 14.572}, {"bases": [[[0.896775, -0.0388829, -0.440776], [0.414269, 0.423815, 0.805458], [0.155489, -0.904914, 0.396174]], [[0.900758, -0.064078, -0.429568], [0.43332, 0.199685, 0.87884], [0.0294639, -0.977763, 0.207634]], [[0.900758, -0.064078, -0.429568], [0.398468, 0.515421, 0.75866], [0.172795, -0.854538, 0.489802]], [[0.900758, -0.064078, -0.429568], [0.305698, 0.796109, 0.522263], [0.308517, -0.601751, 0.736691]]], "btipPosition": [-4.63663, 179.912, 38.9539], "carpPosition": [-22.5857, 66.1784, 89.9374], "dipPosition": [-9.06759, 171.27, 49.5343], "direction": [0.172795, 0.854538, -0.489802], "extended": true, "handId": 54, "id": 542, "length": 51.2108, "mcpPosition": [-13.9083, 116.679, 67.828], "pipPosition": [-12.8229, 152.698, 60.1792], "stabilizedTipPosition": [-7.39354, 182.469, 47.4494], "timeVisible": 3.80695, "tipPosition": [-6.89088, 179.311, 44.0077], "tipVelocity": [9.861, 5.78137, -4.94032], "tool": false, "touchDistance": -0.276211, "touchZone": "touching", "type": 2, "width": 14.3116}, {"bases": [[[0.876084, -0.203462, -0.437128], [0.482026, 0.390891, 0.784127], [0.0113292, -0.897668, 0.440528]], [[0.876075, -0.202766, -0.437469], [0.465177, 0.116644, 0.877499], [-0.126899, -0.972255, 0.196511]], [[0.876075, -0.202766, -0.437469], [0.481357, 0.420626, 0.769005], [0.0280825, -0.884285, 0.466103]], [[0.876075, -0.202766, -0.437469], [0.439969, 0.707379, 0.553211], [0.197284, -0.677127, 0.708928]]], "btipPosition": [-31.9051, 173.266, 37.1728], "carpPosition": [-31.5512, 66.6972, 85.9473], "dipPosition": [-34.7222, 163.597, 47.296], "direction": [0.0280825, 0.884285, -0.466103], "extended": true, "handId": 54, "id": 543, "length": 49.2406, "mcpPosition": [-30.9835, 111.675, 63.8745], "pipPosition": [-35.3168, 144.875, 57.1642], "stabilizedTipPosition": [-34.7556, 175.471, 44.8406], "timeVisible": 3.80695, "tipPosition": [-34.614, 172.067, 42.0091], "tipVelocity": [7.90096, 8.07045, -3.77853], "tool": false, "touchDistance": -0.279081, "touchZone": "touching", "type": 3, "width": 13.6184}, {"bases": [[[0.779738, -0.367761, -0.506715], [0.611516, 0.273634, 0.74241], [-0.134375, -0.88875, 0.438255]], [[0.772387, -0.410011, -0.485087], [0.528563, -0.00856423, 0.848851], [-0.352193, -0.91204, 0.210102]], [[0.772387, -0.410011, -0.485087], [0.610154, 0.266821, 0.746002], [-0.176438, -0.87218, 0.456259]], [[0.772387, -0.410011, -0.485087], [0.633119, 0.558072, 0.536392], [0.0507866, -0.72142, 0.690633]]], "btipPosition": [-56.7124, 151.573, 36.1681], "carpPosition": [-38.9938, 63.1625, 78.0913], "dipPosition": [-57.3814, 142.069, 45.2662], "direction": [-0.176438, 0.87218, -0.456259], "extended": true, "handId": 54, "id": 544, "length": 38.6037, "mcpPosition": [-45.2264, 104.385, 57.7642], "pipPosition": [-54.744, 129.031, 52.0864], "stabilizedTipPosition": [-59.319, 152.128, 40.9064], "timeVisible": 3.80695, "tipPosition": [-59.2823, 149.351, 39.6424], "tipVelocity": [4.59765, 10.0281, -1.71155], "tool": false, "touchDistance": -0.270354, "touchZone": "touching", "type": 4, "width": 12.0969}], "r": [[0.998031, 0.0146116, -0.0609984], [-0.0323455, 0.953102, -0.300916], [0.0537408, 0.302297, 0.951698]], "s": 0.951437, "t": [-23.2696, -9.24379, -38.4952], "timestamp": 17330092559}, {"currentFrameRate": 114.909, "devices": [], "gestures": [], "hands": [{"armBasis": [[0.985844, 0.0706402, 0.152061], [0.0470775, -0.987054, 0.153325], [0.160923, -0.143996, -0.976406]], "armWidth": 48.9085, "confidence": 1, "direction": [0.0856378, 0.958163, -0.273111], "elbow": [-65.3135, 10.7015, -137.559], "grabAngle": 0.496824, "grabStrength": 0, "id": 54, "palmNormal": [0.293738, -0.286215, -0.91203], "palmPosition": [-16.8377, 96.5244, 69.3673], "palmVelocity": [5.14791, 10.4254, -6.63524], "palmWidth": 72.7825, "pinchDistance": 63.5078, "pinchStrength": 0, "r": [[0.998035, 0.015283, -0.0607607], [-0.0329055, 0.953134, -0.300755], [0.0533166, 0.302164, 0.951764]], "s": 0.952208, "sphereCenter": [-15.0936, 132.209, 67.6786], "sphereRadius": 46.8158, "stabilizedPalmPosition": [-16.3605, 103.961, 76.8394], "t": [23.3103, -9.1765, -38.542], "timeVisible": 3.81559, "type": "left", "wrist": [-30.5586, 41.8005, 73.3171]}], "id": 29999, "interactionBox": {"center": [0, 200, 0], "size": [235.247, 235.247, 147.751]}, "pointables": [{"bases": [[[0.629115, 0.442115, 0.639334], [-0.601413, -0.244233, 0.760692], [0.49246, -0.863067, 0.112243]], [[0.36348, 0.764242, 0.532744], [-0.56581, -0.273202, 0.777959], [0.740096, -0.584204, 0.333113]], [[0.36348, 0.764242, 0.532744], [-0.76252, -0.0844702, 0.641427], [0.535206, -0.639373, 0.552047]], [[0.36348, 0.764242, 0.532744], [-0.923101, 0.218381, 0.316536], [0.125569, -0.606831, 0.78485]]], "btipPosition": [42.4, 101.908, 40.5713], "carpPosition": [-3.34372, 51.0663, 82.2957], "dipPosition": [40.154, 91.0538, 54.6096], "direction": [0.535206, 0.639373, -0.552047], "extended": true, "handId": 54, "id": 540, "length": 39.8308, "mcpPosition": [-3.34372, 51.0663, 82.2957], "pipPosition": [26.2075, 74.3929, 68.9949], "stabilizedTipPosition": [41.7439, 101.029, 44.9326], "timeVisible": 3.81559, "tipPosition": [42.9417, 99.4049, 44.6843], "tipVelocity": [11.9853, -3.318, -6.36528], "tool": false, "touchDistance": -0.213409, "touchZone": "touching", "type": 0, "width": 15.2554}, {"bases": [[[0.924148, 0.158789, -0.347472], [0.254252, 0.423218, 0.869622], [0.285142, -0.892005, 0.350743]], [[0.923674, 0.160266, -0.348052], [0.289248, 0.304125, 0.907658], [0.251318, -0.939054, 0.234556]], [[0.923674, 0.160266, -0.348052], [0.154602, 0.675241, 0.721213], [0.350605, -0.719975, 0.598925]], [[0.923674, 0.160266, -0.348052], [-0.0102541, 0.918343, 0.395652], [0.383041, -0.361885, 0.849893]]], "btipPosition": [23.1633, 165.082, 41.7452], "carpPosition": [-13.347, 63.7304, 92.249], "dipPosition": [18.1616, 160.357, 52.8431], "direction": [0.350605, 0.719975, -0.598925], "extended": true, "handId": 54, "id": 541, "length": 44.9446, "mcpPosition": [3.43306, 116.223, 71.6084], "pipPosition": [11.685, 147.057, 63.9068], "stabilizedTipPosition": [22.4454, 166.983, 47.937], "timeVisible": 3.81559, "tipPosition": [23.0128, 164.671, 45.8341], "tipVelocity": [12.9004, 7.9729, -1.49786], "tool": false, "touchDistance": -0.267921, "touchZone": "touching", "type": 1, "width": 14.572}, {"bases": [[[0.8972, -0.0376748, -0.440014], [0.413029, 0.424284, 0.805848], [0.156331, -0.904745, 0.396228]], [[0.901248, -0.0631509, -0.428676], [0.432281, 0.198955, 0.879517], [0.0297448, -0.977972, 0.206607]], [[0.901248, -0.0631509, -0.428676], [0.397362, 0.514962, 0.759551], [0.172786, -0.854884, 0.489202]], [[0.901248, -0.0631509, -0.428676], [0.30441, 0.79633, 0.522678], [0.30836, -0.601556, 0.736915]]], "btipPosition": [-4.55923, 180.011, 38.9435], "carpPosition": [-22.5632, 66.2741, 89.8823], "dipPosition": [-8.98793, 171.371, 49.5271], "direction": [0.172786, 0.854884, -0.489202], "extended": true, "handId": 54, "id": 542, "length": 51.2108, "mcpPosition": [-13.8388, 116.765, 67.7699], "pipPosition": [-12.7431, 152.792, 60.1589], "stabilizedTipPosition": [-7.38333, 182.444, 47.4152], "timeVisible": 3.81559, "tipPosition": [-6.7543, 179.384, 43.9366], "tipVelocity": [9.01904, 11.5025, -1.12079], "tool": false, "touchDistance": -0.276373, "touchZone": "touching", "type": 2, "width": 14.3116}, {"bases": [[[0.876721, -0.202281, -0.436398], [0.480847, 0.39145, 0.784572], [0.012124, -0.897691, 0.440459]], [[0.876718, -0.20211, -0.436482], [0.463998, 0.116195, 0.878183], [-0.126772, -0.972446, 0.195649]], [[0.876718, -0.20211, -0.436482], [0.480196, 0.420359, 0.769877], [0.0278798, -0.884562, 0.465589]], [[0.876718, -0.20211, -0.436482], [0.438768, 0.707872, 0.553534], [0.197099, -0.676808, 0.709284]]], "btipPosition": [-31.8481, 173.383, 37.1641], "carpPosition": [-31.5314, 66.805, 85.8999], "dipPosition": [-34.6626, 163.718, 47.2923], "direction": [0.0278798, 0.884562, -0.465589], "extended": true, "handId": 54, "id": 543, "length": 49.2406, "mcpPosition": [-30.9239, 111.784, 63.8305], "pipPosition": [-35.2528, 144.99, 57.1497], "stabilizedTipPosition": [-34.7414, 175.444, 44.8069], "timeVisible": 3.81559, "tipPosition": [-34.4855, 172.178, 41.9627], "tipVelocity": [6.67159, 13.6353, -0.872082], "tool": false, "touchDistance": -0.279207, "touchZone": "touching", "type": 3, "width": 13.6184}, {"bases": [[[0.780649, -0.366699, -0.506082], [0.610525, 0.274366, 0.742955], [-0.13359, -0.888963, 0.438062]], [[0.773183, -0.409729, -0.484056], [0.52726, -0.00881893, 0.849658], [-0.352399, -0.912165, 0.209215]], [[0.773183, -0.409729, -0.484056], [0.60897, 0.266595, 0.747049], [-0.177041, -0.872381, 0.45564]], [[0.773183, -0.409729, -0.484056], [0.632174, 0.558659, 0.536895], [0.0504409, -0.721125, 0.690966]]], "btipPosition": [-56.6866, 151.703, 36.1645], "carpPosition": [-38.9853, 63.2806, 78.05], "dipPosition": [-57.3511, 142.203, 45.2669], "direction": [-0.177041, 0.872381, -0.45564], "extended": true, "handId": 54, "id": 544, "length": 38.6037, "mcpPosition": [-45.1815, 104.513, 57.7317], "pipPosition": [-54.7046, 129.163, 52.0779], "stabilizedTipPosition": [-59.303, 152.111, 40.8893], "timeVisible": 3.81559, "tipPosition": [-59.1842, 149.499, 39.62], "tipVelocity": [3.10767, 15.2136, -0.301912], "tool": false, "touchDistance": -0.270397, "touchZone": "touching", "type": 4, "width": 12.0969}], "r": [[0.998035, 0.015283, -0.0607607], [-0.0329055, 0.953134, -0.300755], [0.0533166, 0.302164, 0.951764]], "s": 0.952208, "t": [-23.3103, -9.1765, -38.542], "timestamp": 17330101198}, {"currentFrameRate": 114.888, "devices": [], "gestures": [], "hands": [{"armBasis": [[0.985792, 0.0722336, 0.151648], [0.048633, -0.986883, 0.153936], [0.160779, -0.144373, -0.976374]], "armWidth": 48.9085, "confidence": 1, "direction": [0.0870259, 0.957858, -0.273743], "elbow": [-65.3132, 10.7746, -137.593], "grabAngle": 0.495133, "grabStrength": 0, "id": 54, "palmNormal": [0.292348, -0.287243, -0.912153], "palmPosition": [-16.7953, 96.655, 69.2853], "palmVelocity": [4.8454, 14.9429, -9.37713], "palmWidth": 72.7825, "pinchDistance": 63.5825, "pinchStrength": 0, "r": [[0.998045, 0.0161582, -0.0603767], [-0.0336241, 0.953113, -0.300742], [0.0526864, 0.302184, 0.951792]], "s": 0.953126, "sphereCenter": [-14.938, 132.608, 68.2066], "sphereRadius": 46.9959, "stabilizedPalmPosition": [-16.3613, 103.947, 76.825], "t": [23.3518, -9.07755, -38.6064], "timeVisible": 3.82433, "type": "left", "wrist": [-30.5896, 41.9552, 73.2767]}], "id": 30000, "interactionBox": {"center": [0, 200, 0], "size": [235.247, 235.247, 147.751]}, "pointables": [{"bases": [[[0.627723, 0.443566, 0.639697], [-0.601735, -0.244838, 0.760243], [0.49384, -0.86215, 0.113219]], [[0.361589, 0.765213, 0.532637], [-0.564803, -0.27475, 0.778145], [0.741789, -0.582204, 0.332848]], [[0.361589, 0.765213, 0.532637], [-0.762327, -0.0862441, 0.64142], [0.53676, -0.637974, 0.552158]], [[0.361589, 0.765213, 0.532637], [-0.92383, 0.217064, 0.315312], [0.125665, -0.60608, 0.785415]]], "btipPosition": [42.4862, 101.893, 40.4997], "carpPosition": [-3.36728, 51.181, 82.2266], "dipPosition": [40.2385, 91.0522, 54.5481], "direction": [0.53676, 0.637974, -0.552158], "extended": true, "handId": 54, "id": 540, "length": 39.8308, "mcpPosition": [-3.36728, 51.181, 82.2266], "pipPosition": [26.2515, 74.4278, 68.9363], "stabilizedTipPosition": [41.7454, 101.019, 44.9247], "timeVisible": 3.82433, "tipPosition": [42.9581, 99.4179, 44.5368], "tipVelocity": [9.8196, -1.36583, -7.92458], "tool": false, "touchDistance": -0.214563, "touchZone": "touching", "type": 0, "width": 15.2554}, {"bases": [[[0.924212, 0.160188, -0.346657], [0.252668, 0.424153, 0.869628], [0.28634, -0.89131, 0.351533]], [[0.923657, 0.16191, -0.347336], [0.288418, 0.303097, 0.908266], [0.252334, -0.939105, 0.23326]], [[0.923657, 0.16191, -0.347336], [0.153619, 0.673918, 0.722659], [0.351081, -0.720846, 0.597597]], [[0.923657, 0.16191, -0.347336], [-0.0118694, 0.918016, 0.396366], [0.383035, -0.361984, 0.849854]]], "btipPosition": [23.284, 165.198, 41.6997], "carpPosition": [-13.3389, 63.8681, 92.1824], "dipPosition": [18.2823, 160.471, 52.7971], "direction": [0.351081, 0.720846, -0.597597], "extended": true, "handId": 54, "id": 541, "length": 44.9446, "mcpPosition": [3.51161, 116.32, 71.4953], "pipPosition": [11.7969, 147.155, 63.8363], "stabilizedTipPosition": [22.4424, 166.956, 47.9016], "timeVisible": 3.82433, "tipPosition": [23.1409, 164.714, 45.6617], "tipVelocity": [13.8033, 13.2199, -5.21838], "tool": false, "touchDistance": -0.268681, "touchZone": "touching", "type": 1, "width": 14.572}, {"bases": [[[0.897695, -0.0363748, -0.439114], [0.411505, 0.425457, 0.806009], [0.157506, -0.904247, 0.396899]], [[0.901833, -0.0622257, -0.427581], [0.431035, 0.198531, 0.880224], [0.0301153, -0.978117, 0.205863]], [[0.901833, -0.0622257, -0.427581], [0.396154, 0.514165, 0.760721], [0.172511, -0.855431, 0.488342]], [[0.901833, -0.0622257, -0.427581], [0.303242, 0.796085, 0.52373], [0.307801, -0.601977, 0.736805]]], "btipPosition": [-4.48382, 180.158, 38.8947], "carpPosition": [-22.553, 66.4264, 89.8232], "dipPosition": [-8.9045, 171.513, 49.4767], "direction": [0.172511, 0.855431, -0.488342], "extended": true, "handId": 54, "id": 542, "length": 51.2108, "mcpPosition": [-13.7631, 116.89, 67.6734], "pipPosition": [-12.6537, 152.922, 60.0899], "stabilizedTipPosition": [-7.37122, 182.416, 47.3761], "timeVisible": 3.82433, "tipPosition": [-6.58428, 179.471, 43.7761], "tipVelocity": [8.83974, 16.749, -5.62392], "tool": false, "touchDistance": -0.277192, "touchZone": "touching", "type": 2, "width": 14.3116}, {"bases": [[[0.877496, -0.201014, -0.435424], [0.479401, 0.392729, 0.784818], [0.0132437, -0.897417, 0.440984]], [[0.877502, -0.201392, -0.435238], [0.462571, 0.115919, 0.878971], [-0.126566, -0.972627, 0.194878]], [[0.877502, -0.201392, -0.435238], [0.47879, 0.419744, 0.771087], [0.0273976, -0.885017, 0.464751]], [[0.877502, -0.201392, -0.435238], [0.43754, 0.707757, 0.554652], [0.19634, -0.677142, 0.709175]]], "btipPosition": [-31.7987, 173.555, 37.1328], "carpPosition": [-31.5242, 66.9705, 85.8493], "dipPosition": [-34.6024, 163.886, 47.2595], "direction": [0.0273976, 0.885017, -0.464751], "extended": true, "handId": 54, "id": 543, "length": 49.2406, "mcpPosition": [-30.8606, 111.936, 63.7536], "pipPosition": [-35.1824, 145.148, 57.0991], "stabilizedTipPosition": [-34.7245, 175.414, 44.7676], "timeVisible": 3.82433, "tipPosition": [-34.3238, 172.315, 41.8353], "tipVelocity": [5.93056, 19.5987, -3.62015], "tool": false, "touchDistance": -0.279734, "touchZone": "touching", "type": 3, "width": 13.6184}, {"bases": [[[0.781777, -0.365638, -0.505107], [0.609321, 0.275845, 0.743396], [-0.132483, -0.888942, 0.43844]], [[0.77424, -0.409299, -0.482728], [0.525613, -0.00902814, 0.850676], [-0.352539, -0.912356, 0.208143]], [[0.77424, -0.409299, -0.482728], [0.607343, 0.265973, 0.748594], [-0.178006, -0.872773, 0.454512]], [[0.77424, -0.409299, -0.482728], [0.630972, 0.558564, 0.538406], [0.0492656, -0.721443, 0.690719]]], "btipPosition": [-56.6755, 151.891, 36.1548], "carpPosition": [-38.9918, 63.4545, 78.0087], "dipPosition": [-57.3245, 142.387, 45.254], "direction": [-0.178006, 0.872773, -0.454512], "extended": true, "handId": 54, "id": 544, "length": 38.6037, "mcpPosition": [-45.1367, 104.686, 57.6729], "pipPosition": [-54.6636, 129.341, 52.0481], "stabilizedTipPosition": [-59.284, 152.092, 40.869], "timeVisible": 3.82433, "tipPosition": [-59.0632, 149.686, 39.5399], "tipVelocity": [1.67724, 21.418, -1.19175], "tool": false, "touchDistance": -0.270571, "touchZone": "touching", "type": 4, "width": 12.0969}], "r": [[0.998045, 0.0161582, -0.0603767], [-0.0336241, 0.953113, -0.300742], [0.0526864, 0.302184, 0.951792]], "s": 0.953126, "t": [-23.3518, -9.07755, -38.6064], "timestamp": 17330109938}, {"currentFrameRate": 114.957, "devices": [], "gestures": [], "hands": [{"armBasis": [[0.98572, 0.0752079, 0.150663], [0.0512502, -0.986265, 0.157017], [0.160402, -0.147054, -0.976036]], "armWidth": 48.9085, "confidence": 1, "direction": [0.0896077, 0.956764, -0.27672], "elbow": [-65.3092, 10.4589, -137.448], "grabAngle": 0.491948, "grabStrength": 0, "id": 54, "palmNormal": [0.291907, -0.290865, -0.911146], "palmPosition": [-16.7346, 96.8699, 69.1909], "palmVelocity": [7.0777, 25.0445, -11.0039], "palmWidth": 72.7825, "pinchDistance": 63.6586, "pinchStrength": 0, "r": [[0.998039, 0.0173391, -0.0601484], [-0.0347147, 0.952888, -0.301328], [0.0520899, 0.302825, 0.951622]], "s": 0.954195, "sphereCenter": [-14.7181, 133.286, 69.0981], "sphereRadius": 47.3125, "stabilizedPalmPosition": [-16.3622, 103.931, 76.8084], "t": [23.403, -8.92061, -38.6858], "timeVisible": 3.83292, "type": "left", "wrist": [-30.6669, 42.2184, 73.3483]}], "id": 30001, "interactionBox": {"center": [0, 200, 0], "size": [235.247, 235.247, 147.751]}, "pointables": [{"bases": [[[0.626783, 0.447203, 0.638085], [-0.600841, -0.244011, 0.761215], [0.496118, -0.860504, 0.115756]], [[0.359809, 0.767793, 0.530124], [-0.562647, -0.274692, 0.779726], [0.744289, -0.578824, 0.33316]], [[0.359809, 0.767793, 0.530124], [-0.761862, -0.086223, 0.641975], [0.538613, -0.634869, 0.553929]], [[0.359809, 0.767793, 0.530124], [-0.924617, 0.21731, 0.312824], [0.124983, -0.602718, 0.788105]]], "btipPosition": [42.5603, 101.838, 40.4459], "carpPosition": [-3.42916, 51.4021, 82.2795], "dipPosition": [40.3247, 91.0574, 54.5424], "direction": [0.538613, 0.634869, -0.553929], "extended": true, "handId": 54, "id": 540, "length": 39.8308, "mcpPosition": [-3.42916, 51.4021, 82.2795], "pipPosition": [26.2895, 74.5139, 68.9768], "stabilizedTipPosition": [41.7473, 101.008, 44.9169], "timeVisible": 3.83292, "tipPosition": [43.0311, 99.3997, 44.4521], "tipVelocity": [8.95744, -4.78549, -4.98063], "tool": false, "touchDistance": -0.215276, "touchZone": "touching", "type": 0, "width": 15.2554}, {"bases": [[[0.923676, 0.161499, -0.347477], [0.251857, 0.427538, 0.868205], [0.288774, -0.889455, 0.354232]], [[0.923002, 0.163567, -0.3483], [0.288874, 0.303419, 0.908014], [0.254202, -0.938713, 0.232807]], [[0.923002, 0.163567, -0.3483], [0.153617, 0.673267, 0.723265], [0.352801, -0.72108, 0.596301]], [[0.923002, 0.163567, -0.3483], [-0.0127468, 0.917658, 0.397167], [0.384583, -0.362146, 0.849085]]], "btipPosition": [23.5083, 165.36, 41.5994], "carpPosition": [-13.3711, 64.1462, 92.1919], "dipPosition": [18.4865, 160.632, 52.6867], "direction": [0.352801, 0.72108, -0.596301], "extended": true, "handId": 54, "id": 541, "length": 44.9446, "mcpPosition": [3.62266, 116.489, 71.3461], "pipPosition": [11.9693, 147.311, 63.702], "stabilizedTipPosition": [22.4414, 166.925, 47.8591], "timeVisible": 3.83292, "tipPosition": [23.3708, 164.743, 45.349], "tipVelocity": [25.6017, 18.882, -11.9595], "tool": false, "touchDistance": -0.270392, "touchZone": "touching", "type": 1, "width": 14.572}, {"bases": [[[0.897639, -0.035421, -0.439307], [0.410668, 0.429055, 0.804527], [0.159989, -0.902584, 0.399682]], [[0.901917, -0.0616886, -0.427482], [0.430794, 0.199583, 0.880104], [0.0310258, -0.977937, 0.206583]], [[0.901917, -0.0616886, -0.427482], [0.39574, 0.514518, 0.760698], [0.173021, -0.855257, 0.488465]], [[0.901917, -0.0616886, -0.427482], [0.302401, 0.796869, 0.523023], [0.308383, -0.600994, 0.737365]]], "btipPosition": [-4.31697, 180.336, 38.7005], "carpPosition": [-22.5777, 66.721, 89.8216], "dipPosition": [-8.74599, 171.704, 49.2906], "direction": [0.173021, 0.855258, -0.488465], "extended": true, "handId": 54, "id": 542, "length": 51.2108, "mcpPosition": [-13.6492, 117.092, 67.5165], "pipPosition": [-12.5063, 153.117, 59.9064], "stabilizedTipPosition": [-7.35703, 182.388, 47.3326], "timeVisible": 3.83292, "tipPosition": [-6.28637, 179.562, 43.3936], "tipVelocity": [19.218, 21.0364, -22.409], "tool": false, "touchDistance": -0.280397, "touchZone": "touching", "type": 2, "width": 14.3116}, {"bases": [[[0.877869, -0.2001, -0.435092], [0.478642, 0.396436, 0.783416], [0.0157248, -0.89599, 0.443796]], [[0.877886, -0.201067, -0.434613], [0.46204, 0.117154, 0.879087], [-0.125838, -0.972547, 0.195749]], [[0.877886, -0.201067, -0.434613], [0.47807, 0.42041, 0.771171], [0.0276588, -0.884776, 0.465196]], [[0.877886, -0.201067, -0.434613], [0.436645, 0.70874, 0.554102], [0.196616, -0.67621, 0.709988]]], "btipPosition": [-31.6621, 173.768, 36.9348], "carpPosition": [-31.5461, 67.276, 85.843], "dipPosition": [-34.4697, 164.112, 47.0731], "direction": [0.0276588, 0.884776, -0.465196], "extended": true, "handId": 54, "id": 543, "length": 49.2406, "mcpPosition": [-30.7582, 112.17, 63.6064], "pipPosition": [-35.0552, 145.38, 56.9221], "stabilizedTipPosition": [-34.705, 175.383, 44.7233], "timeVisible": 3.83292, "tipPosition": [-34.0344, 172.477, 41.4684], "tipVelocity": [15.8201, 25.1525, -22.7606], "tool": false, "touchDistance": -0.28299, "touchZone": "touching", "type": 3, "width": 13.6184}, {"bases": [[[0.782555, -0.36519, -0.504225], [0.608852, 0.279761, 0.742316], [-0.130024, -0.887902, 0.441275]], [[0.775039, -0.409315, -0.481431], [0.524691, -0.00773292, 0.851257], [-0.352155, -0.91236, 0.208771]], [[0.775039, -0.409315, -0.481431], [0.60625, 0.266723, 0.749213], [-0.178255, -0.872537, 0.454868]], [[0.775039, -0.409315, -0.481431], [0.630011, 0.55959, 0.538466], [0.0490015, -0.720639, 0.691577]]], "btipPosition": [-56.5867, 152.129, 35.9919], "carpPosition": [-39.0203, 63.7548, 78.0109], "dipPosition": [-57.2322, 142.636, 45.1024], "direction": [-0.178255, 0.872537, -0.454868], "extended": true, "handId": 54, "id": 544, "length": 38.6037, "mcpPosition": [-45.051, 104.938, 57.5436], "pipPosition": [-54.5676, 129.593, 51.9018], "stabilizedTipPosition": [-59.2618, 152.074, 40.8448], "timeVisible": 3.83292, "tipPosition": [-58.8312, 149.917, 39.2516], "tipVelocity": [10.4382, 28.0198, -18.6851], "tool": false, "touchDistance": -0.273244, "touchZone": "touching", "type": 4, "width": 12.0969}], "r": [[0.998039, 0.0173391, -0.0601484], [-0.0347147, 0.952888, -0.301328], [0.0520899, 0.302825, 0.951622]], "s": 0.954195, "t": [-23.403, -8.92061, -38.6858], "timestamp": 17330118520}, {"currentFrameRate": 114.983, "devices": [], "gestures": [], "hands": [{"armBasis": [[0.985631, 0.0786595, 0.149477], [0.0541457, -0.985384, 0.16151], [0.159997, -0.151096, -0.975485]], "armWidth": 48.9085, "confidence": 1, "direction": [0.0924801, 0.955225, -0.281056], "elbow": [-65.3249, 9.92799, -137.218], "grabAngle": 0.486681, "grabStrength": 0, "id": 54, "palmNormal": [0.291542, -0.295873, -0.90965], "palmPosition": [-16.6838, 97.153, 69.0596], "palmVelocity": [5.86458, 32.7139, -15.1761], "palmWidth": 72.7825, "pinchDistance": 63.7192, "pinchStrength": 0, "r": [[0.998016, 0.0187981, -0.0600869], [-0.0361615, 0.95241, -0.302666], [0.0515378, 0.304239, 0.951201]], "s": 0.95542, "sphereCenter": [-14.4892, 134.203, 70.2859], "sphereRadius": 47.7723, "stabilizedPalmPosition": [-16.363, 103.913, 76.7879], "t": [23.4539, -8.70062, -38.7912], "timeVisible": 3.84157, "type": "left", "wrist": [-30.77, 42.5605, 73.4595]}], "id": 30002, "interactionBox": {"center": [0, 200, 0], "size": [235.247, 235.247, 147.751]}, "pointables": [{"bases": [[[0.62583, 0.451911, 0.635699], [-0.599753, -0.24223, 0.762641], [0.498631, -0.858546, 0.11944]], [[0.358085, 0.771076, 0.526513], [-0.560482, -0.273486, 0.781707], [0.746749, -0.575019, 0.334243]], [[0.358085, 0.771076, 0.526513], [-0.761704, -0.0848773, 0.642342], [0.539984, -0.631061, 0.556938]], [[0.358085, 0.771076, 0.526513], [-0.925524, 0.218723, 0.309137], [0.123207, -0.597998, 0.791971]]], "btipPosition": [42.5766, 101.808, 40.3391], "carpPosition": [-3.51496, 51.7079, 82.3635], "dipPosition": [40.3729, 91.112, 54.5048], "direction": [0.539984, 0.631061, -0.556938], "extended": true, "handId": 54, "id": 540, "length": 39.8308, "mcpPosition": [-3.51496, 51.7079, 82.3635], "pipPosition": [26.3019, 74.6678, 69.0175], "stabilizedTipPosition": [41.7488, 101.001, 44.9109], "timeVisible": 3.84157, "tipPosition": [43.0979, 99.3986, 44.3382], "tipVelocity": [2.7378, -1.20357, -10.5056], "tool": false, "touchDistance": -0.216791, "touchZone": "touching", "type": 0, "width": 15.2554}, {"bases": [[[0.923034, 0.162538, -0.348698], [0.25108, 0.432232, 0.866103], [0.291493, -0.886993, 0.358154]], [[0.922183, 0.165114, -0.349737], [0.289636, 0.30443, 0.907432], [0.2563, -0.938115, 0.232917]], [[0.922183, 0.165114, -0.349737], [0.154228, 0.672278, 0.724055], [0.354672, -0.721651, 0.594498]], [[0.922183, 0.165114, -0.349737], [-0.0124235, 0.916468, 0.399914], [0.386555, -0.364449, 0.847203]]], "btipPosition": [23.7431, 165.616, 41.4431], "carpPosition": [-13.4256, 64.5256, 92.2122], "dipPosition": [18.6955, 160.857, 52.5058], "direction": [0.354672, 0.721651, -0.594498], "extended": true, "handId": 54, "id": 541, "length": 44.9446, "mcpPosition": [3.72822, 116.723, 71.1355], "pipPosition": [12.1438, 147.526, 63.4877], "stabilizedTipPosition": [22.4434, 166.892, 47.8047], "timeVisible": 3.84157, "tipPosition": [23.6053, 164.796, 44.9081], "tipVelocity": [26.4517, 28.7354, -18.723], "tool": false, "touchDistance": -0.273091, "touchZone": "touching", "type": 1, "width": 14.572}, {"bases": [[[0.897511, -0.034875, -0.439611], [0.409853, 0.433909, 0.802336], [0.16277, -0.900281, 0.403732]], [[0.901945, -0.0615691, -0.427439], [0.430674, 0.201263, 0.87978], [0.0318606, -0.9776, 0.208045]], [[0.901945, -0.0615691, -0.427439], [0.395551, 0.514987, 0.760479], [0.173304, -0.854984, 0.488844]], [[0.901945, -0.0615691, -0.427439], [0.30193, 0.797572, 0.522223], [0.308761, -0.600074, 0.737956]]], "btipPosition": [-4.16534, 180.57, 38.4076], "carpPosition": [-22.6236, 67.1158, 89.8253], "dipPosition": [-8.59979, 171.952, 49.0061], "direction": [0.173304, 0.854984, -0.488844], "extended": true, "handId": 54, "id": 542, "length": 51.2108, "mcpPosition": [-13.5399, 117.358, 67.2941], "pipPosition": [-12.3662, 153.371, 59.6302], "stabilizedTipPosition": [-7.34072, 182.36, 47.2839], "timeVisible": 3.84157, "tipPosition": [-5.97175, 179.675, 42.8515], "tipVelocity": [17.3817, 27.4779, -33.6338], "tool": false, "touchDistance": -0.285056, "touchZone": "touching", "type": 2, "width": 14.3116}, {"bases": [[[0.878214, -0.199589, -0.434631], [0.477909, 0.401389, 0.781339], [0.0185096, -0.893897, 0.447891]], [[0.878246, -0.201164, -0.433841], [0.461526, 0.119008, 0.879108], [-0.125214, -0.972302, 0.19736]], [[0.878246, -0.201164, -0.433841], [0.477411, 0.421232, 0.77113], [0.027624, -0.884362, 0.465983]], [[0.878246, -0.201164, -0.433841], [0.435961, 0.709637, 0.553492], [0.196527, -0.67524, 0.710935]]], "btipPosition": [-31.5454, 174.034, 36.6408], "carpPosition": [-31.5883, 67.6781, 85.8394], "dipPosition": [-34.3517, 164.392, 46.7927], "direction": [0.027624, 0.884362, -0.465983], "extended": true, "handId": 54, "id": 543, "length": 49.2406, "mcpPosition": [-30.6609, 112.467, 63.3976], "pipPosition": [-34.9366, 145.669, 56.6583], "stabilizedTipPosition": [-34.6829, 175.351, 44.6727], "timeVisible": 3.84157, "tipPosition": [-33.7267, 172.666, 40.9472], "tipVelocity": [13.5136, 31.1391, -33.6179], "tool": false, "touchDistance": -0.287387, "touchZone": "touching", "type": 3, "width": 13.6184}, {"bases": [[[0.783337, -0.365265, -0.502956], [0.608431, 0.284898, 0.740706], [-0.127263, -0.886236, 0.445409]], [[0.775884, -0.409693, -0.479746], [0.523693, -0.00577224, 0.851888], [-0.351782, -0.912205, 0.210075]], [[0.775884, -0.409693, -0.479746], [0.605004, 0.267659, 0.749886], [-0.178815, -0.872072, 0.455538]], [[0.775884, -0.409693, -0.479746], [0.629033, 0.56047, 0.538693], [0.0481844, -0.719739, 0.69257]]], "btipPosition": [-56.5159, 152.417, 35.7505], "carpPosition": [-39.0685, 64.1424, 78.0196], "dipPosition": [-57.1506, 142.935, 44.8741], "direction": [-0.178815, 0.872072, -0.455538], "extended": true, "handId": 54, "id": 544, "length": 38.6037, "mcpPosition": [-44.9712, 105.248, 57.3606], "pipPosition": [-54.4777, 129.899, 51.6835], "stabilizedTipPosition": [-59.2359, 152.055, 40.815], "timeVisible": 3.84157, "tipPosition": [-58.5857, 150.183, 38.841], "tipVelocity": [8.47139, 33.5195, -27.5507], "tool": false, "touchDistance": -0.277216, "touchZone": "touching", "type": 4, "width": 12.0969}], "r": [[0.998016, 0.0187981, -0.0600869], [-0.0361615, 0.95241, -0.302666], [0.0515378, 0.304239, 0.951201]], "s": 0.95542, "t": [-23.4539, -8.70062, -38.7912], "timestamp": 17330127172}, {"currentFrameRate": 114.944, "devices": [], "gestures": [], "hands": [{"armBasis": [[0.985505, 0.0824829, 0.148248], [0.0572202, -0.984254, 0.167243], [0.159708, -0.156336, -0.974706]], "armWidth": 48.9085, "confidence": 1, "direction": [0.0956659, 0.953279, -0.286544], "elbow": [-65.371, 9.26065, -136.884], "grabAngle": 0.47802, "grabStrength": 0, "id": 54, "palmNormal": [0.292199, -0.302076, -0.907397], "palmPosition": [-16.6181, 97.5486, 68.9242], "palmVelocity": [7.49362, 45.126, -15.4444], "palmWidth": 72.7825, "pinchDistance": 63.7701, "pinchStrength": 0, "r": [[0.997965, 0.0204611, -0.0603944], [-0.0379602, 0.951643, -0.30485], [0.0512364, 0.306523, 0.950483]], "s": 0.956811, "sphereCenter": [-14.257, 135.449, 71.8809], "sphereRadius": 48.4357, "stabilizedPalmPosition": [-16.3639, 103.89, 76.7593], "t": [23.5122, -8.39282, -38.9116], "timeVisible": 3.85033, "type": "left", "wrist": [-30.8786, 43.0248, 73.6253]}], "id": 30003, "interactionBox": {"center": [0, 200, 0], "size": [235.247, 235.247, 147.751]}, "pointables": [{"bases": [[[0.625589, 0.45744, 0.631971], [-0.5978, -0.239416, 0.765059], [0.501273, -0.856405, 0.123681]], [[0.357071, 0.774935, 0.521513], [-0.558081, -0.270722, 0.784382], [0.74903, -0.571127, 0.335809]], [[0.357071, 0.774935, 0.521513], [-0.761409, -0.0819353, 0.643073], [0.54107, -0.626708, 0.560786]], [[0.357071, 0.774935, 0.521513], [-0.926084, 0.220817, 0.305953], [0.121934, -0.592212, 0.796503]]], "btipPosition": [42.5874, 101.874, 40.2502], "carpPosition": [-3.60081, 52.1458, 82.5185], "dipPosition": [40.4064, 91.2811, 54.497], "direction": [0.54107, 0.626708, -0.560786], "extended": true, "handId": 54, "id": 540, "length": 39.8308, "mcpPosition": [-3.60081, 52.1458, 82.5185], "pipPosition": [26.3071, 74.9502, 69.11], "stabilizedTipPosition": [41.7503, 100.994, 44.9048], "timeVisible": 3.85033, "tipPosition": [43.2031, 99.4779, 44.2847], "tipVelocity": [1.82562, 10.1947, -8.01041], "tool": false, "touchDistance": -0.217961, "touchZone": "touching", "type": 0, "width": 15.2554}, {"bases": [[[0.921989, 0.163093, -0.351193], [0.251277, 0.43806, 0.863113], [0.294611, -0.884027, 0.362905]], [[0.920993, 0.166066, -0.352412], [0.291737, 0.305517, 0.906393], [0.258189, -0.937593, 0.232932]], [[0.920993, 0.166066, -0.352412], [0.156548, 0.670589, 0.725123], [0.356742, -0.723002, 0.59161]], [[0.920993, 0.166066, -0.352412], [-0.0100095, 0.914384, 0.404725], [0.389451, -0.369221, 0.843803]]], "btipPosition": [23.9991, 166.036, 41.3232], "carpPosition": [-13.4911, 65.0497, 92.2747], "dipPosition": [18.9137, 161.214, 52.3416], "direction": [0.356742, 0.723002, -0.59161], "extended": true, "handId": 54, "id": 541, "length": 44.9446, "mcpPosition": [3.84615, 117.073, 70.9184], "pipPosition": [12.3237, 147.859, 63.2702], "stabilizedTipPosition": [22.4514, 166.851, 47.723], "timeVisible": 3.85033, "tipPosition": [23.8732, 164.932, 44.424], "tipVelocity": [28.2088, 46.2339, -14.8327], "tool": false, "touchDistance": -0.275259, "touchZone": "touching", "type": 1, "width": 14.572}, {"bases": [[[0.89688, -0.0349264, -0.440893], [0.40994, 0.439811, 0.799072], [0.166001, -0.897411, 0.408775]], [[0.901491, -0.0620557, -0.428327], [0.431569, 0.20346, 0.878836], [0.0326107, -0.977115, 0.210199]], [[0.901491, -0.0620557, -0.428327], [0.396567, 0.514828, 0.760057], [0.173349, -0.855045, 0.488722]], [[0.901491, -0.0620557, -0.428327], [0.303076, 0.797016, 0.522407], [0.308965, -0.600761, 0.73731]]], "btipPosition": [-4.00761, 180.94, 38.0905], "carpPosition": [-22.6777, 67.6518, 89.8571], "dipPosition": [-8.445, 172.311, 48.6799], "direction": [0.173349, 0.855045, -0.488722], "extended": true, "handId": 54, "id": 542, "length": 51.2108, "mcpPosition": [-13.4137, 117.734, 67.0445], "pipPosition": [-12.2124, 153.729, 59.3013], "stabilizedTipPosition": [-7.31814, 182.326, 47.2179], "timeVisible": 3.85033, "tipPosition": [-5.61299, 179.861, 42.2045], "tipVelocity": [17.914, 41.8432, -36.4019], "tool": false, "touchDistance": -0.28967, "touchZone": "touching", "type": 2, "width": 14.3116}, {"bases": [[[0.878061, -0.199662, -0.434908], [0.478053, 0.40736, 0.778154], [0.0217965, -0.891175, 0.453136]], [[0.87811, -0.201795, -0.433821], [0.461947, 0.121433, 0.878555], [-0.124608, -0.971871, 0.199851]], [[0.87811, -0.201795, -0.433821], [0.477679, 0.42149, 0.770824], [0.0273028, -0.884095, 0.466508]], [[0.87811, -0.201795, -0.433821], [0.436471, 0.709281, 0.553547], [0.195998, -0.675426, 0.710904]]], "btipPosition": [-31.4203, 174.418, 36.296], "carpPosition": [-31.6342, 68.2159, 85.8531], "dipPosition": [-34.2191, 164.773, 46.4474], "direction": [0.0273028, 0.884095, -0.466508], "extended": true, "handId": 54, "id": 543, "length": 49.2406, "mcpPosition": [-30.5421, 112.869, 63.1485], "pipPosition": [-34.7971, 146.055, 56.3241], "stabilizedTipPosition": [-34.6537, 175.316, 44.6054], "timeVisible": 3.85033, "tipPosition": [-33.369, 172.925, 40.2987], "tipVelocity": [14.47, 43.7052, -39.349], "tool": false, "touchDistance": -0.292156, "touchZone": "touching", "type": 3, "width": 13.6184}, {"bases": [[[0.783543, -0.366009, -0.502094], [0.608839, 0.291002, 0.737993], [-0.124001, -0.883943, 0.450853]], [[0.77621, -0.410554, -0.47848], [0.523577, -0.00303423, 0.851973], [-0.351233, -0.911831, 0.212602]], [[0.77621, -0.410554, -0.47848], [0.604294, 0.26804, 0.750322], [-0.179797, -0.87155, 0.45615]], [[0.77621, -0.410554, -0.47848], [0.628787, 0.559595, 0.53989], [0.046101, -0.71993, 0.692514]]], "btipPosition": [-56.4349, 152.808, 35.4436], "carpPosition": [-39.1115, 64.6553, 78.0418], "dipPosition": [-57.0422, 143.324, 44.5664], "direction": [-0.179797, 0.87155, -0.456151], "extended": true, "handId": 54, "id": 544, "length": 38.6037, "mcpPosition": [-44.863, 105.654, 57.1303], "pipPosition": [-54.3546, 130.296, 51.385], "stabilizedTipPosition": [-59.2023, 152.037, 40.7736], "timeVisible": 3.85033, "tipPosition": [-58.2864, 150.52, 38.3082], "tipVelocity": [9.95371, 44.5513, -35.0286], "tool": false, "touchDistance": -0.282335, "touchZone": "touching", "type": 4, "width": 12.0969}], "r": [[0.997965, 0.0204611, -0.0603944], [-0.0379602, 0.951643, -0.30485], [0.0512364, 0.306523, 0.950483]], "s": 0.956811, "t": [-23.5122, -8.39282, -38.9116], "timestamp": 17330135939}, {"currentFrameRate": 114.952, "devices": [], "gestures": [], "hands": [{"armBasis": [[0.985355, 0.0858052, 0.147353], [0.0598252, -0.983196, 0.172471], [0.159676, -0.16113, -0.97393]], "armWidth": 48.9085, "confidence": 1, "direction": [0.0984195, 0.951485, -0.291531], "elbow": [-65.4619, 8.79036, -136.621], "grabAngle": 0.465274, "grabStrength": 0, "id": 54, "palmNormal": [0.293175, -0.307675, -0.905199], "palmPosition": [-16.562, 98.0519, 68.7476], "palmVelocity": [6.46662, 57.9471, -20.324], "palmWidth": 72.7825, "pinchDistance": 63.7651, "pinchStrength": 0, "r": [[0.997889, 0.0221887, -0.0610378], [-0.0399545, 0.950672, -0.307613], [0.0512015, 0.309402, 0.949552]], "s": 0.958226, "sphereCenter": [-14.0766, 136.984, 73.8202], "sphereRadius": 49.3095, "stabilizedPalmPosition": [-16.3649, 103.861, 76.7184], "t": [23.5695, -7.98725, -39.06], "timeVisible": 3.85902, "type": "left", "wrist": [-30.9764, 43.5899, 73.7209]}], "id": 30004, "interactionBox": {"center": [0, 200, 0], "size": [235.247, 235.247, 147.751]}, "pointables": [{"bases": [[[0.62569, 0.462315, 0.628313], [-0.595821, -0.236647, 0.76746], [0.503497, -0.854554, 0.127389]], [[0.357122, 0.777859, 0.517107], [-0.556064, -0.267773, 0.786823], [0.750505, -0.568536, 0.336912]], [[0.357122, 0.777859, 0.517107], [-0.76151, -0.0781242, 0.643428], [0.540895, -0.623564, 0.564447]], [[0.357122, 0.777859, 0.517107], [-0.926317, 0.223812, 0.303058], [0.120002, -0.587234, 0.800473]]], "btipPosition": [42.5322, 102.147, 40.1336], "carpPosition": [-3.67578, 52.6935, 82.6123], "dipPosition": [40.3858, 91.6434, 54.4513], "direction": [0.540895, 0.623564, -0.564447], "extended": true, "handId": 54, "id": 540, "length": 39.8308, "mcpPosition": [-3.67578, 52.6935, 82.6123], "pipPosition": [26.291, 75.3945, 69.1597], "stabilizedTipPosition": [41.7521, 100.986, 44.8955], "timeVisible": 3.85902, "tipPosition": [43.2949, 99.7088, 44.201], "tipVelocity": [-5.44212, 33.8173, -11.5525], "tool": false, "touchDistance": -0.219633, "touchZone": "touching", "type": 0, "width": 15.2554}, {"bases": [[[0.920954, 0.163324, -0.353791], [0.251853, 0.443321, 0.860254], [0.297343, -0.881358, 0.367144]], [[0.919966, 0.166238, -0.355003], [0.294109, 0.306011, 0.90546], [0.259157, -