{"frames": 54, "data": [{"currentFrameRate": 110.59, "devices": [], "gestures": [], "hands": [{"armBasis": [[0.867379, 0.156343, -0.472451], [0.157162, 0.814724, 0.558144], [0.472179, -0.558374, 0.682103]], "armWidth": 48.9085, "confidence": 1, "direction": [0.314734, 0.899364, -0.303459], "elbow": [-55.1487, -33.257, 268.443], "grabAngle": 0.52197, "grabStrength": 0, "id": 57, "palmNormal": [0.371745, -0.410963, -0.832415], "palmPosition": [74.0867, 136.92, 99.137], "palmVelocity": [-0.884933, -7.29421, -6.26103], "palmWidth": 72.7825, "pinchDistance": 58.8774, "pinchStrength": 0, "r": [[0.880966, -0.0337989, 0.471971], [-0.0974421, 0.963109, 0.250852], [-0.463038, -0.266982, 0.845172]], "s": 1.23417, "sphereCenter": [78.3021, 171.324, 92.5345], "sphereRadius": 45.7951, "stabilizedPalmPosition": [70.7478, 138.876, 99.834], "t": [41.3271, -20.8232, -64.129], "timeVisible": 4.03249, "type": "left", "wrist": [46.8288, 87.3362, 121.128]}], "id": 34935, "interactionBox": {"center": [0, 200, 0], "size": [235.247, 235.247, 147.751]}, "pointables": [{"bases": [[[0.622519, 0.603101, 0.498737], [-0.413792, -0.287261, 0.863862], [0.664264, -0.744144, 0.0707329]], [[0.452457, 0.758524, 0.46896], [-0.248784, -0.397628, 0.883175], [0.856381, -0.516269, 0.00879883]], [[0.452457, 0.758524, 0.46896], [-0.49622, -0.222797, 0.839123], [0.740978, -0.612375, 0.275589]], [[0.452457, 0.758524, 0.46896], [-0.748053, 0.0365365, 0.662632], [0.485488, -0.65062, 0.583947]]], "btipPosition": [138.334, 139.197, 98.5295], "carpPosition": [76.1477, 90.9887, 116.507], "dipPosition": [129.651, 127.56, 108.974], "direction": [0.740978, 0.612375, -0.275589], "extended": true, "handId": 57, "id": 570, "length": 39.8308, "mcpPosition": [76.1477, 90.9887, 116.507], "pipPosition": [110.342, 111.603, 116.156], "stabilizedTipPosition": [132.802, 139.251, 101.026], "timeVisible": 4.03249, "tipPosition": [137.466, 134.698, 102.003], "tipVelocity": [2.32965, -8.40482, -3.36971], "tool": false, "touchDistance": 0.51553, "touchZone": "hovering", "type": 0, "width": 15.2554}, {"bases": [[[0.808112, 0.298067, -0.508047], [0.299855, 0.534219, 0.790378], [0.506994, -0.791054, 0.342332]], [[0.832278, 0.258439, -0.49043], [0.381491, 0.374871, 0.844948], [0.402215, -0.890326, 0.213405]], [[0.832278, 0.258439, -0.49043], [0.213862, 0.666513, 0.71416], [0.511445, -0.699264, 0.499454]], [[0.832278, 0.258439, -0.49043], [-0.0289763, 0.903753, 0.427071], [0.5536, -0.341232, 0.759663]]], "btipPosition": [127.112, 199.235, 77.6392], "carpPosition": [67.3929, 106.077, 123.938], "dipPosition": [119.883, 194.78, 87.5588], "direction": [0.511445, 0.699264, -0.499454], "extended": true, "handId": 57, "id": 571, "length": 44.9446, "mcpPosition": [97.2285, 152.629, 103.792], "pipPosition": [110.435, 181.862, 96.7851], "stabilizedTipPosition": [121.373, 200.821, 80.0539], "timeVisible": 4.03249, "tipPosition": [124.347, 199.708, 82.068], "tipVelocity": [1.85453, -7.92578, -5.51031], "tool": false, "touchDistance": 0.316642, "touchZone": "hovering", "type": 1, "width": 14.572}, {"bases": [[[0.806141, 0.0929845, -0.584372], [0.443217, 0.559422, 0.700432], [0.39204, -0.823651, 0.409761]], [[0.816962, 0.0695283, -0.572485], [0.513774, 0.36314, 0.777281], [0.261935, -0.929137, 0.260949]], [[0.816962, 0.0695283, -0.572485], [0.396724, 0.652723, 0.645417], [0.418549, -0.754399, 0.505666]], [[0.816962, 0.0695283, -0.572485], [0.196093, 0.900063, 0.389146], [0.542329, -0.430178, 0.721683]]], "btipPosition": [107.763, 212.848, 66.0675], "carpPosition": [59.3497, 110.081, 119.903], "dipPosition": [99.9738, 206.67, 76.4324], "direction": [0.418549, 0.754399, -0.505666], "extended": true, "handId": 57, "id": 572, "length": 51.2108, "mcpPosition": [81.2284, 156.047, 97.0349], "pipPosition": [90.8775, 190.274, 87.4221], "stabilizedTipPosition": [101.216, 213.486, 68.7026], "timeVisible": 4.03249, "tipPosition": [103.51, 212.83, 70.0859], "tipVelocity": [3.68872, -8.40098, -6.70832], "tool": false, "touchDistance": 0.0901083, "touchZone": "hovering", "type": 2, "width": 14.3116}, {"bases": [[[0.819326, -0.0716739, -0.56883], [0.511951, 0.538095, 0.669597], [0.258092, -0.839831, 0.477569]], [[0.819572, -0.0724752, -0.568375], [0.557354, 0.330903, 0.761485], [0.132888, -0.940877, 0.311593]], [[0.819572, -0.0724752, -0.568375], [0.486852, 0.611134, 0.624092], [0.302122, -0.788202, 0.536153]], [[0.819572, -0.0724752, -0.568375], [0.331974, 0.86857, 0.367938], [0.467007, -0.490237, 0.735916]]], "btipPosition": [81.9396, 209.83, 57.9951], "carpPosition": [51.4049, 111.934, 114.424], "dipPosition": [75.2709, 202.83, 68.5036], "direction": [0.302122, 0.788202, -0.536153], "extended": true, "handId": 57, "id": 573, "length": 49.2406, "mcpPosition": [64.3367, 154.014, 90.4949], "pipPosition": [68.8745, 186.142, 79.8549], "stabilizedTipPosition": [76.2385, 209.653, 61.1194], "timeVisible": 4.03249, "tipPosition": [78.0288, 209.29, 61.8513], "tipVelocity": [4.2818, -8.63179, -8.63882], "tool": false, "touchDistance": -0.159799, "touchZone": "touching", "type": 3, "width": 13.6184}, {"bases": [[[0.747763, -0.256311, -0.612499], [0.653931, 0.444071, 0.612516], [0.114999, -0.858549, 0.499669]], [[0.754106, -0.31751, -0.574902], [0.645265, 0.195188, 0.738603], [-0.1223, -0.927949, 0.35207]], [[0.754106, -0.31751, -0.574902], [0.650507, 0.481543, 0.58733], [0.0903568, -0.816887, 0.569677]], [[0.754106, -0.31751, -0.574902], [0.56327, 0.762812, 0.317559], [0.337714, -0.563298, 0.754085]]], "btipPosition": [52.5651, 193.741, 54.4678], "carpPosition": [44.7366, 109.212, 105.607], "dipPosition": [48.1162, 186.321, 64.4017], "direction": [0.0903568, 0.816887, -0.569677], "extended": true, "handId": 57, "id": 574, "length": 38.6037, "mcpPosition": [50.0705, 149.033, 82.4316], "pipPosition": [46.7655, 174.11, 72.9174], "stabilizedTipPosition": [47.8366, 192.833, 57.6326], "timeVisible": 4.03249, "tipPosition": [50.302, 191.81, 57.1207], "tipVelocity": [4.28713, -8.94317, -11.1456], "tool": false, "touchDistance": -0.22079, "touchZone": "touching", "type": 4, "width": 12.0969}], "r": [[0.880966, -0.0337989, 0.471971], [-0.0974421, 0.963109, 0.250852], [-0.463038, -0.266982, 0.845172]], "s": 1.23417, "t": [-41.3271, -20.8232, -64.129], "timestamp": 17373678332}, {"currentFrameRate": 110.861, "devices": [], "gestures": [], "hands": [{"armBasis": [[0.867148, 0.156229, -0.472912], [0.157576, 0.814693, 0.558073], [0.472465, -0.558452, 0.681842]], "armWidth": 48.9085, "confidence": 1, "direction": [0.314798, 0.899357, -0.303412], "elbow": [-55.2277, -33.3215, 268.388], "grabAngle": 0.521214, "grabStrength": 0, "id": 57, "palmNormal": [0.372186, -0.411026, -0.832187], "palmPosition": [74.0755, 136.873, 99.1466], "palmVelocity": [-1.31063, -5.51588, 1.12283], "palmWidth": 72.7825, "pinchDistance": 58.8817, "pinchStrength": 0, "r": [[0.881084, -0.0335973, 0.471766], [-0.0974695, 0.963164, 0.25063], [-0.462808, -0.266808, 0.845353]], "s": 1.23419, "sphereCenter": [78.3561, 171.173, 92.3738], "sphereRadius": 45.7619, "stabilizedPalmPosition": [70.7528, 138.873, 99.8329], "t": [41.3248, -20.8781, -64.15], "timeVisible": 4.04104, "type": "left", "wrist": [46.8116, 87.2884, 121.129]}], "id": 34936, "interactionBox": {"center": [0, 200, 0], "size": [235.247, 235.247, 147.751]}, "pointables": [{"bases": [[[0.622817, 0.603102, 0.498365], [-0.413399, -0.287121, 0.864096], [0.664229, -0.744197, 0.0704977]], [[0.452517, 0.758713, 0.468597], [-0.248689, -0.397261, 0.883367], [0.856377, -0.516274, 0.00891627]], [[0.452517, 0.758713, 0.468597], [-0.495606, -0.222877, 0.839464], [0.741352, -0.612112, 0.275167]], [[0.452517, 0.758713, 0.468597], [-0.746928, 0.0354127, 0.663961], [0.487161, -0.650462, 0.582729]]], "btipPosition": [138.358, 139.143, 98.5735], "carpPosition": [76.1323, 90.9438, 116.523], "dipPosition": [129.645, 127.509, 108.997], "direction": [0.741352, 0.612112, -0.275167], "extended": true, "handId": 57, "id": 570, "length": 39.8308, "mcpPosition": [76.1323, 90.9438, 116.523], "pipPosition": [110.326, 111.558, 116.167], "stabilizedTipPosition": [132.809, 139.246, 101.026], "timeVisible": 4.04104, "tipPosition": [137.452, 134.66, 102.041], "tipVelocity": [2.01551, -6.28915, 4.57009], "tool": false, "touchDistance": 0.516181, "touchZone": "hovering", "type": 0, "width": 15.2554}, {"bases": [[[0.807893, 0.297933, -0.508473], [0.300287, 0.534283, 0.79017], [0.507087, -0.791061, 0.342178]], [[0.832072, 0.258291, -0.490858], [0.381696, 0.375458, 0.844594], [0.402448, -0.890122, 0.213819]], [[0.832072, 0.258291, -0.490858], [0.214147, 0.666748, 0.713855], [0.511661, -0.699094, 0.49947]], [[0.832072, 0.258291, -0.490858], [-0.0280538, 0.903424, 0.42783], [0.553958, -0.342215, 0.75896]]], "btipPosition": [127.113, 199.194, 77.6535], "carpPosition": [67.3725, 106.032, 123.948], "dipPosition": [119.88, 194.725, 87.5639], "direction": [0.511661, 0.699094, -0.49947], "extended": true, "handId": 57, "id": 571, "length": 44.9446, "mcpPosition": [97.2136, 152.584, 103.811], "pipPosition": [110.428, 181.811, 96.7905], "stabilizedTipPosition": [121.38, 200.816, 80.0537], "timeVisible": 4.04104, "tipPosition": [124.339, 199.662, 82.0921], "tipVelocity": [0.0383553, -5.19802, 1.42299], "tool": false, "touchDistance": 0.316845, "touchZone": "hovering", "type": 1, "width": 14.572}, {"bases": [[[0.805866, 0.092842, -0.584774], [0.443608, 0.559464, 0.700152], [0.392163, -0.823639, 0.409667]], [[0.816649, 0.0694799, -0.572938], [0.514057, 0.363706, 0.776829], [0.262355, -0.928919, 0.261303]], [[0.816649, 0.0694799, -0.572938], [0.396962, 0.652985, 0.645005], [0.418935, -0.754177, 0.505679]], [[0.816649, 0.0694799, -0.572938], [0.196813, 0.899693, 0.389636], [0.54254, -0.430957, 0.721059]]], "btipPosition": [107.778, 212.799, 66.074], "carpPosition": [59.3309, 110.035, 119.908], "dipPosition": [99.9857, 206.61, 76.43], "direction": [0.418935, 0.754177, -0.505679], "extended": true, "handId": 57, "id": 572, "length": 51.2108, "mcpPosition": [81.2164, 156, 97.0457], "pipPosition": [90.881, 190.219, 87.4199], "stabilizedTipPosition": [101.225, 213.482, 68.7021], "timeVisible": 4.04104, "tipPosition": [103.509, 212.78, 70.0985], "tipVelocity": [1.66719, -5.96344, 0.518655], "tool": false, "touchDistance": 0.0901821, "touchZone": "hovering", "type": 2, "width": 14.3116}, {"bases": [[[0.819043, -0.0718158, -0.569219], [0.512325, 0.538126, 0.669286], [0.258247, -0.839799, 0.477542]], [[0.819252, -0.0724948, -0.568833], [0.557696, 0.331534, 0.76096], [0.133422, -0.940654, 0.31204]], [[0.819252, -0.0724948, -0.568833], [0.487067, 0.61151, 0.623555], [0.302643, -0.787908, 0.536291]], [[0.819252, -0.0724948, -0.568833], [0.332528, 0.868219, 0.368268], [0.467174, -0.490857, 0.735396]]], "btipPosition": [81.9626, 209.776, 57.9872], "carpPosition": [51.3886, 111.886, 114.425], "dipPosition": [75.2916, 202.767, 68.4883], "direction": [0.302643, 0.787908, -0.536291], "extended": true, "handId": 57, "id": 573, "length": 49.2406, "mcpPosition": [64.3281, 153.965, 90.4978], "pipPosition": [68.8841, 186.085, 79.8425], "stabilizedTipPosition": [76.2505, 209.649, 61.1174], "timeVisible": 4.04104, "tipPosition": [78.0332, 209.237, 61.8519], "tipVelocity": [2.63674, -6.56351, -1.12468], "tool": false, "touchDistance": -0.159959, "touchZone": "touching", "type": 3, "width": 13.6184}, {"bases": [[[0.747442, -0.256451, -0.612832], [0.654269, 0.444083, 0.612146], [0.115162, -0.858501, 0.499714]], [[0.753794, -0.317601, -0.575259], [0.645758, 0.196011, 0.737954], [-0.121618, -0.927744, 0.352846]], [[0.753794, -0.317601, -0.575259], [0.650755, 0.482265, 0.586462], [0.0911668, -0.816425, 0.57021]], [[0.753794, -0.317601, -0.575259], [0.563556, 0.762674, 0.317386], [0.337933, -0.563434, 0.753885]]], "btipPosition": [52.5943, 193.679, 54.438], "carpPosition": [44.7248, 109.163, 105.606], "dipPosition": [48.1425, 186.257, 64.3694], "direction": [0.0911668, 0.816425, -0.57021], "extended": true, "handId": 57, "id": 574, "length": 38.6037, "mcpPosition": [50.0663, 148.982, 82.4282], "pipPosition": [46.7797, 174.053, 72.8929], "stabilizedTipPosition": [47.844, 192.831, 57.6308], "timeVisible": 4.04104, "tipPosition": [50.309, 191.757, 57.1114], "tipVelocity": [3.34388, -7.29848, -3.55539], "tool": false, "touchDistance": -0.221296, "touchZone": "touching", "type": 4, "width": 12.0969}], "r": [[0.881084, -0.0335973, 0.471766], [-0.0974695, 0.963164, 0.25063], [-0.462808, -0.266808, 0.845353]], "s": 1.23419, "t": [-41.3248, -20.8781, -64.15], "timestamp": 17373686874}, {"currentFrameRate": 110.973, "devices": [], "gestures": [], "hands": [{"armBasis": [[0.866997, 0.156126, -0.473224], [0.157954, 0.814578, 0.558133], [0.472618, -0.558647, 0.681576]], "armWidth": 48.9085, "confidence": 1, "direction": [0.3148, 0.899327, -0.303501], "elbow": [-55.2997, -33.4051, 268.335], "grabAngle": 0.520727, "grabStrength": 0, "id": 57, "palmNormal": [0.372431, -0.411151, -0.832016], "palmPosition": [74.0377, 136.832, 99.1516], "palmVelocity": [-4.2936, -4.6861, 0.561206], "palmWidth": 72.7825, "pinchDistance": 58.8931, "pinchStrength": 0, "r": [[0.881201, -0.0334332, 0.471558], [-0.0974628, 0.963219, 0.25042], [-0.462586, -0.26663, 0.845531]], "s": 1.23425, "sphereCenter": [78.3613, 171.063, 92.2601], "sphereRadius": 45.7426, "stabilizedPalmPosition": [70.7586, 138.869, 99.8317], "t": [41.3048, -20.9263, -64.158], "timeVisible": 4.04985, "type": "left", "wrist": [46.7724, 87.247, 121.134]}], "id": 34937, "interactionBox": {"center": [0, 200, 0], "size": [235.247, 235.247, 147.751]}, "pointables": [{"bases": [[[0.622993, 0.603143, 0.498095], [-0.413205, -0.286925, 0.864254], [0.664185, -0.744239, 0.0704693]], [[0.452459, 0.75894, 0.468285], [-0.248651, -0.396921, 0.88353], [0.856419, -0.516201, 0.00912075]], [[0.452459, 0.75894, 0.468285], [-0.495145, -0.222937, 0.839721], [0.741695, -0.611808, 0.274915]], [[0.452459, 0.75894, 0.468285], [-0.746105, 0.0345275, 0.664932], [0.488475, -0.650245, 0.581871]]], "btipPosition": [138.354, 139.09, 98.6013], "carpPosition": [76.0939, 90.9059, 116.537], "dipPosition": [129.617, 127.46, 109.009], "direction": [0.741695, 0.611808, -0.274915], "extended": true, "handId": 57, "id": 570, "length": 39.8308, "mcpPosition": [76.0939, 90.9059, 116.537], "pipPosition": [110.29, 111.517, 116.173], "stabilizedTipPosition": [132.816, 139.24, 101.026], "timeVisible": 4.04985, "tipPosition": [137.411, 134.629, 102.06], "tipVelocity": [-1.09806, -5.8635, 2.75298], "tool": false, "touchDistance": 0.516585, "touchZone": "hovering", "type": 0, "width": 15.2554}, {"bases": [[[0.807789, 0.297771, -0.508733], [0.300531, 0.534406, 0.789994], [0.507107, -0.791039, 0.342198]], [[0.831971, 0.258129, -0.491116], [0.381793, 0.375908, 0.84435], [0.402565, -0.889979, 0.214193]], [[0.831971, 0.258129, -0.491116], [0.214336, 0.666927, 0.71363], [0.511747, -0.698983, 0.499538]], [[0.831971, 0.258129, -0.491116], [-0.027371, 0.903198, 0.42835], [0.554144, -0.342933, 0.758499]]], "btipPosition": [127.081, 199.158, 77.6538], "carpPosition": [67.331, 105.995, 123.957], "dipPosition": [119.845, 194.68, 87.5583], "direction": [0.511747, 0.698983, -0.499538], "extended": true, "handId": 57, "id": 571, "length": 44.9446, "mcpPosition": [97.1732, 152.546, 103.819], "pipPosition": [110.391, 181.768, 96.786], "stabilizedTipPosition": [121.389, 200.811, 80.0535], "timeVisible": 4.04985, "tipPosition": [124.301, 199.62, 82.0967], "tipVelocity": [-3.74613, -4.31473, -0.119063], "tool": false, "touchDistance": 0.316827, "touchZone": "hovering", "type": 1, "width": 14.572}, {"bases": [[[0.805726, 0.0926653, -0.584994], [0.443831, 0.559557, 0.699935], [0.392198, -0.823595, 0.409722]], [[0.816502, 0.0693214, -0.573165], [0.514204, 0.364104, 0.776545], [0.262523, -0.928775, 0.261646]], [[0.816502, 0.0693214, -0.573165], [0.397097, 0.653217, 0.644687], [0.419092, -0.753991, 0.505826]], [[0.816502, 0.0693214, -0.573165], [0.197298, 0.899495, 0.389849], [0.542584, -0.431397, 0.720763]]], "btipPosition": [107.749, 212.755, 66.0656], "carpPosition": [59.2901, 109.996, 119.914], "dipPosition": [99.9565, 206.56, 76.4173], "direction": [0.419092, 0.753991, -0.505826], "extended": true, "handId": 57, "id": 572, "length": 51.2108, "mcpPosition": [81.1775, 155.959, 97.0489], "pipPosition": [90.8483, 190.173, 87.4104], "stabilizedTipPosition": [101.235, 213.477, 68.7016], "timeVisible": 4.04985, "tipPosition": [103.474, 212.735, 70.0954], "tipVelocity": [-3.2675, -5.17362, -1.06777], "tool": false, "touchDistance": 0.0900253, "touchZone": "hovering", "type": 2, "width": 14.3116}, {"bases": [[[0.818894, -0.0719907, -0.569413], [0.512539, 0.538208, 0.669056], [0.258297, -0.839731, 0.477634]], [[0.8191, -0.0726628, -0.56903], [0.557867, 0.331985, 0.760638], [0.133639, -0.940482, 0.312465]], [[0.8191, -0.0726628, -0.56903], [0.487176, 0.611843, 0.623143], [0.302878, -0.787634, 0.53656]], [[0.8191, -0.0726628, -0.56903], [0.332894, 0.868046, 0.368344], [0.46718, -0.491137, 0.735206]]], "btipPosition": [81.938, 209.725, 57.969], "carpPosition": [51.349, 111.846, 114.429], "dipPosition": [75.2669, 202.711, 68.4674], "direction": [0.302878, 0.787634, -0.53656], "extended": true, "handId": 57, "id": 573, "length": 49.2406, "mcpPosition": [64.2911, 153.921, 90.4971], "pipPosition": [68.8545, 186.036, 79.8273], "stabilizedTipPosition": [76.2639, 209.644, 61.115], "timeVisible": 4.04985, "tipPosition": [78.0013, 209.188, 61.8427], "tipVelocity": [-2.79581, -5.93594, -2.13549], "tool": false, "touchDistance": -0.160273, "touchZone": "touching", "type": 3, "width": 13.6184}, {"bases": [[[0.747266, -0.256628, -0.612972], [0.65446, 0.444142, 0.611898], [0.115217, -0.858417, 0.499846]], [[0.753632, -0.317893, -0.575312], [0.645997, 0.196615, 0.737584], [-0.121358, -0.927516, 0.353533]], [[0.753632, -0.317893, -0.575312], [0.650887, 0.482869, 0.585819], [0.0915726, -0.815954, 0.570818]], [[0.753632, -0.317893, -0.575312], [0.563754, 0.762653, 0.317082], [0.337965, -0.563298, 0.753973]]], "btipPosition": [52.5732, 193.618, 54.4058], "carpPosition": [44.6877, 109.12, 105.609], "dipPosition": [48.121, 186.197, 64.3383], "direction": [0.0915726, 0.815954, -0.570818], "extended": true, "handId": 57, "id": 574, "length": 38.6037, "mcpPosition": [50.0317, 148.935, 82.4248], "pipPosition": [46.7521, 174, 72.871], "stabilizedTipPosition": [47.8523, 192.829, 57.6287], "timeVisible": 4.04985, "tipPosition": [50.2794, 191.706, 57.0994], "tipVelocity": [-2.40795, -6.92235, -3.62416], "tool": false, "touchDistance": -0.221828, "touchZone": "touching", "type": 4, "width": 12.0969}], "r": [[0.881201, -0.0334332, 0.471558], [-0.0974628, 0.963219, 0.25042], [-0.462586, -0.26663, 0.845531]], "s": 1.23425, "t": [-41.3048, -20.9263, -64.158], "timestamp": 17373695687}, {"currentFrameRate": 111.233, "devices": [], "gestures": [], "hands": [{"armBasis": [[0.866923, 0.156123, -0.473361], [0.158121, 0.814487, 0.558219], [0.472698, -0.55878, 0.681411]], "armWidth": 48.9085, "confidence": 1, "direction": [0.314823, 0.899289, -0.30359], "elbow": [-55.4021, -33.5028, 268.279], "grabAngle": 0.520356, "grabStrength": 0, "id": 57, "palmNormal": [0.372486, -0.411254, -0.83194], "palmPosition": [73.9543, 136.762, 99.1291], "palmVelocity": [-9.77997, -8.23116, -2.63331], "palmWidth": 72.7825, "pinchDistance": 58.9038, "pinchStrength": 0, "r": [[0.881301, -0.0332899, 0.471381], [-0.0974546, 0.963269, 0.250231], [-0.462397, -0.266467, 0.845686]], "s": 1.23435, "sphereCenter": [78.2997, 170.957, 92.1731], "sphereRadius": 45.7349, "stabilizedPalmPosition": [70.7647, 138.865, 99.8304], "t": [41.253, -20.9854, -64.1732], "timeVisible": 4.05838, "type": "left", "wrist": [46.6874, 87.1781, 121.113]}], "id": 34938, "interactionBox": {"center": [0, 200, 0], "size": [235.247, 235.247, 147.751]}, "pointables": [{"bases": [[[0.623025, 0.603206, 0.497979], [-0.413146, -0.28682, 0.864317], [0.664192, -0.744229, 0.0705158]], [[0.452331, 0.759115, 0.468125], [-0.248641, -0.396743, 0.883614], [0.85649, -0.516081, 0.00928791]], [[0.452331, 0.759115, 0.468125], [-0.494832, -0.22307, 0.83987], [0.741982, -0.611542, 0.274733]], [[0.452331, 0.759115, 0.468125], [-0.745486, 0.0337106, 0.665669], [0.489539, -0.650083, 0.581158]]], "btipPosition": [138.299, 139.008, 98.5955], "carpPosition": [76.0092, 90.8378, 116.52], "dipPosition": [129.543, 127.38, 108.99], "direction": [0.741982, 0.611542, -0.274733], "extended": true, "handId": 57, "id": 570, "length": 39.8308, "mcpPosition": [76.0092, 90.8378, 116.52], "pipPosition": [110.208, 111.444, 116.149], "stabilizedTipPosition": [132.824, 139.233, 101.025], "timeVisible": 4.05838, "tipPosition": [137.325, 134.562, 102.04], "tipVelocity": [-7.00671, -9.61896, -1.03078], "tool": false, "touchDistance": 0.516438, "touchZone": "hovering", "type": 0, "width": 15.2554}, {"bases": [[[0.807754, 0.29771, -0.508824], [0.300583, 0.534504, 0.789909], [0.507132, -0.790996, 0.342261]], [[0.831941, 0.258063, -0.4912], [0.381753, 0.376221, 0.844229], [0.402664, -0.889866, 0.214477]], [[0.831941, 0.258063, -0.4912], [0.214368, 0.667039, 0.713517], [0.511782, -0.698901, 0.499617]], [[0.831941, 0.258063, -0.4912], [-0.0269428, 0.903006, 0.428782], [0.554209, -0.343487, 0.758201]]], "btipPosition": [127.002, 199.09, 77.6241], "carpPosition": [67.2458, 105.927, 123.938], "dipPosition": [119.765, 194.605, 87.5246], "direction": [0.511782, 0.698901, -0.499617], "extended": true, "handId": 57, "id": 571, "length": 44.9446, "mcpPosition": [97.0895, 152.476, 103.796], "pipPosition": [110.311, 181.695, 96.7539], "stabilizedTipPosition": [121.397, 200.805, 80.0532], "timeVisible": 4.05838, "tipPosition": [124.22, 199.547, 82.069], "tipVelocity": [-9.28102, -8.12958, -3.58923], "tool": false, "touchDistance": 0.316317, "touchZone": "hovering", "type": 1, "width": 14.572}, {"bases": [[[0.805687, 0.0925956, -0.58506], [0.443877, 0.559644, 0.699837], [0.392227, -0.823544, 0.409797]], [[0.816476, 0.0692247, -0.573214], [0.514215, 0.364322, 0.776436], [0.262583, -0.928697, 0.261864]], [[0.816476, 0.0692247, -0.573214], [0.397101, 0.653371, 0.644529], [0.419139, -0.753867, 0.505972]], [[0.816476, 0.0692247, -0.573214], [0.197565, 0.899362, 0.390021], [0.542526, -0.43169, 0.720631]]], "btipPosition": [107.668, 212.683, 66.032], "carpPosition": [59.2052, 109.929, 119.894], "dipPosition": [99.8764, 206.483, 76.3817], "direction": [0.419139, 0.753867, -0.505972], "extended": true, "handId": 57, "id": 572, "length": 51.2108, "mcpPosition": [81.0943, 155.888, 97.0246], "pipPosition": [90.7673, 190.1, 87.378], "stabilizedTipPosition": [101.246, 213.472, 68.7009], "timeVisible": 4.05838, "tipPosition": [103.394, 212.661, 70.0651], "tipVelocity": [-9.45486, -8.53813, -3.99403], "tool": false, "touchDistance": 0.0894573, "touchZone": "hovering", "type": 2, "width": 14.3116}, {"bases": [[[0.818855, -0.0720585, -0.569459], [0.512583, 0.538292, 0.668955], [0.258331, -0.839672, 0.477719]], [[0.819079, -0.0727861, -0.569045], [0.557891, 0.332182, 0.760535], [0.13367, -0.940403, 0.31269]], [[0.819079, -0.0727861, -0.569045], [0.487178, 0.612031, 0.622957], [0.302931, -0.787477, 0.536762]], [[0.819079, -0.0727861, -0.569045], [0.333087, 0.867937, 0.368426], [0.467079, -0.491312, 0.735153]]], "btipPosition": [81.8559, 209.65, 57.9326], "carpPosition": [51.2644, 111.778, 114.408], "dipPosition": [75.1863, 202.634, 68.4302], "direction": [0.302931, 0.787477, -0.536762], "extended": true, "handId": 57, "id": 573, "length": 49.2406, "mcpPosition": [64.2082, 153.85, 90.4719], "pipPosition": [68.7727, 185.962, 79.7944], "stabilizedTipPosition": [76.2782, 209.638, 61.1123], "timeVisible": 4.05838, "tipPosition": [77.9215, 209.113, 61.8111], "tipVelocity": [-9.58011, -8.83664, -4.29045], "tool": false, "touchDistance": -0.160883, "touchZone": "touching", "type": 3, "width": 13.6184}, {"bases": [[[0.747226, -0.256701, -0.612991], [0.6545, 0.444219, 0.6118], [0.115253, -0.858355, 0.499943]], [[0.753606, -0.318137, -0.57521], [0.646033, 0.196958, 0.737461], [-0.121322, -0.92736, 0.353955]], [[0.753606, -0.318137, -0.57521], [0.650893, 0.483295, 0.585461], [0.0917391, -0.815607, 0.571287]], [[0.753606, -0.318137, -0.57521], [0.563853, 0.762647, 0.316923], [0.337857, -0.563169, 0.754118]]], "btipPosition": [52.4929, 193.535, 54.3599], "carpPosition": [44.6037, 109.051, 105.588], "dipPosition": [48.0422, 186.116, 64.2943], "direction": [0.0917391, 0.815607, -0.571287], "extended": true, "handId": 57, "id": 574, "length": 38.6037, "mcpPosition": [49.9494, 148.863, 82.3992], "pipPosition": [46.6708, 173.924, 72.834], "stabilizedTipPosition": [47.8614, 192.827, 57.6262], "timeVisible": 4.05838, "tipPosition": [50.2003, 191.631, 57.0682], "tipVelocity": [-9.36636, -9.72138, -5.32895], "tool": false, "touchDistance": -0.222586, "touchZone": "touching", "type": 4, "width": 12.0969}], "r": [[0.881301, -0.0332899, 0.471381], [-0.0974546, 0.963269, 0.250231], [-0.462397, -0.266467, 0.845686]], "s": 1.23435, "t": [-41.253, -20.9854, -64.1732], "timestamp": 17373704219}, {"currentFrameRate": 111.345, "devices": [], "gestures": [], "hands": [{"armBasis": [[0.866796, 0.155935, -0.473655], [0.158616, 0.814301, 0.558351], [0.472764, -0.559105, 0.681098]], "armWidth": 48.9085, "confidence": 1, "direction": [0.31486, 0.899061, -0.304223], "elbow": [-55.5446, -33.6049, 268.239], "grabAngle": 0.519488, "grabStrength": 0, "id": 57, "palmNormal": [0.372516, -0.411863, -0.831625], "palmPosition": [73.8276, 136.719, 99.1296], "palmVelocity": [-14.4155, -4.88943, 0.0533158], "palmWidth": 72.7825, "pinchDistance": 58.9158, "pinchStrength": 0, "r": [[0.881386, -0.0331028, 0.471235], [-0.0974505, 0.963345, 0.249941], [-0.462236, -0.266216, 0.845853]], "s": 1.23447, "sphereCenter": [78.1443, 170.966, 92.2379], "sphereRadius": 45.756, "stabilizedPalmPosition": [70.7716, 138.86, 99.8288], "t": [41.1638, -21.0365, -64.1806], "timeVisible": 4.06717, "type": "left", "wrist": [46.5592, 87.1462, 121.141]}], "id": 34939, "interactionBox": {"center": [0, 200, 0], "size": [235.247, 235.247, 147.751]}, "pointables": [{"bases": [[[0.623034, 0.603581, 0.497513], [-0.413096, -0.286207, 0.864545], [0.664214, -0.744161, 0.0710201]], [[0.452321, 0.759475, 0.467551], [-0.248401, -0.39622, 0.883916], [0.856565, -0.515954, 0.00943551]], [[0.452321, 0.759475, 0.467551], [-0.494652, -0.222588, 0.840104], [0.742109, -0.611271, 0.274994]], [[0.452321, 0.759475, 0.467551], [-0.745202, 0.0338271, 0.66598], [0.489979, -0.649657, 0.581263]]], "btipPosition": [138.184, 138.958, 98.6146], "carpPosition": [75.8805, 90.8074, 116.554], "dipPosition": [129.42, 127.337, 109.011], "direction": [0.742109, 0.611271, -0.274994], "extended": true, "handId": 57, "id": 570, "length": 39.8308, "mcpPosition": [75.8805, 90.8074, 116.554], "pipPosition": [110.082, 111.409, 116.177], "stabilizedTipPosition": [132.833, 139.226, 101.025], "timeVisible": 4.06717, "tipPosition": [137.197, 134.522, 102.044], "tipVelocity": [-13.2376, -5.51532, 2.22767], "tool": false, "touchDistance": 0.516765, "touchZone": "hovering", "type": 0, "width": 15.2554}, {"bases": [[[0.807722, 0.297363, -0.509079], [0.300609, 0.535081, 0.789508], [0.507169, -0.790736, 0.342807]], [[0.831989, 0.257593, -0.491365], [0.381751, 0.37685, 0.843949], [0.402567, -0.889736, 0.215199]], [[0.831989, 0.257593, -0.491365], [0.2147, 0.667172, 0.713292], [0.511564, -0.698947, 0.499774]], [[0.831989, 0.257593, -0.491365], [-0.0261518, 0.902899, 0.429056], [0.554175, -0.34412, 0.757939]]], "btipPosition": [126.868, 199.055, 77.5911], "carpPosition": [67.1171, 105.903, 123.96], "dipPosition": [119.631, 194.562, 87.4883], "direction": [0.511564, 0.698947, -0.499774], "extended": true, "handId": 57, "id": 571, "length": 44.9446, "mcpPosition": [96.963, 152.436, 103.786], "pipPosition": [110.181, 181.65, 96.7204], "stabilizedTipPosition": [121.407, 200.798, 80.0527], "timeVisible": 4.06717, "tipPosition": [124.097, 199.488, 82.0232], "tipVelocity": [-15.2568, -4.23851, -3.83745], "tool": false, "touchDistance": 0.315755, "touchZone": "hovering", "type": 1, "width": 14.572}, {"bases": [[[0.805655, 0.0921936, -0.585167], [0.443898, 0.56016, 0.699411], [0.392268, -0.823238, 0.410372]], [[0.816496, 0.068721, -0.573247], [0.514252, 0.364779, 0.776197], [0.262449, -0.928555, 0.2625]], [[0.816496, 0.068721, -0.573247], [0.397322, 0.6535, 0.644262], [0.418891, -0.753801, 0.506275]], [[0.816496, 0.068721, -0.573247], [0.198121, 0.899252, 0.389993], [0.542294, -0.431999, 0.72062]]], "btipPosition": [107.529, 212.637, 65.9891], "carpPosition": [59.0768, 109.901, 119.913], "dipPosition": [99.7401, 206.432, 76.3387], "direction": [0.418891, 0.753801, -0.506275], "extended": true, "handId": 57, "id": 572, "length": 51.2108, "mcpPosition": [80.9682, 155.844, 97.0116], "pipPosition": [90.6363, 190.05, 87.3416], "stabilizedTipPosition": [101.257, 213.466, 68.7001], "timeVisible": 4.06717, "tipPosition": [103.275, 212.593, 70.0095], "tipVelocity": [-15.8131, -5.4517, -4.88084], "tool": false, "touchDistance": 0.0887427, "touchZone": "hovering", "type": 2, "width": 14.3116}, {"bases": [[[0.818829, -0.0724489, -0.569447], [0.512602, 0.538787, 0.668541], [0.258376, -0.839321, 0.478312]], [[0.819077, -0.0732564, -0.568987], [0.557927, 0.332572, 0.760338], [0.133529, -0.940228, 0.313274]], [[0.819077, -0.0732564, -0.568987], [0.487323, 0.612176, 0.622702], [0.302703, -0.787321, 0.537119]], [[0.819077, -0.0732564, -0.568987], [0.333468, 0.867843, 0.368305], [0.46681, -0.491409, 0.735259]]], "btipPosition": [81.7167, 209.593, 57.8912], "carpPosition": [51.1364, 111.746, 114.426], "dipPosition": [75.0508, 202.576, 68.3904], "direction": [0.302703, 0.787321, -0.537119], "extended": true, "handId": 57, "id": 573, "length": 49.2406, "mcpPosition": [64.0825, 153.801, 90.4595], "pipPosition": [68.6421, 185.907, 79.7621], "stabilizedTipPosition": [76.295, 209.631, 61.1088], "timeVisible": 4.06717, "tipPosition": [77.8022, 209.041, 61.7573], "tipVelocity": [-15.7506, -6.50471, -4.66565], "tool": false, "touchDistance": -0.161566, "touchZone": "touching", "type": 3, "width": 13.6184}, {"bases": [[[0.747202, -0.257125, -0.612843], [0.654519, 0.444677, 0.611446], [0.115299, -0.857991, 0.500557]], [[0.753591, -0.318596, -0.574977], [0.646045, 0.197486, 0.737309], [-0.121354, -0.92709, 0.35465]], [[0.753591, -0.318596, -0.574977], [0.650918, 0.483677, 0.585117], [0.0916869, -0.815202, 0.571874]], [[0.753591, -0.318596, -0.574977], [0.564048, 0.762588, 0.316715], [0.337566, -0.562988, 0.754383]]], "btipPosition": [52.3619, 193.465, 54.3194], "carpPosition": [44.4761, 109.013, 105.607], "dipPosition": [47.915, 186.048, 64.2573], "direction": [0.0916869, 0.815202, -0.571874], "extended": true, "handId": 57, "id": 574, "length": 38.6037, "mcpPosition": [49.8239, 148.809, 82.3898], "pipPosition": [46.5444, 173.862, 72.8058], "stabilizedTipPosition": [47.8724, 192.823, 57.623], "timeVisible": 4.06717, "tipPosition": [50.0778, 191.558, 57.0276], "tipVelocity": [-14.8099, -7.92378, -4.51787], "tool": false, "touchDistance": -0.223248, "touchZone": "touching", "type": 4, "width": 12.0969}], "r": [[0.881386, -0.0331028, 0.471235], [-0.0974505, 0.963345, 0.249941], [-0.462236, -0.266216, 0.845853]], "s": 1.23447, "t": [-41.1638, -21.0365, -64.1806], "timestamp": 17373713004}, {"currentFrameRate": 111.543, "devices": [], "gestures": [], "hands": [{"armBasis": [[0.866862, 0.155732, -0.473601], [0.15895, 0.814052, 0.558618], [0.472531, -0.559524, 0.680917]], "armWidth": 48.9085, "confidence": 1, "direction": [0.314616, 0.898951, -0.304801], "elbow": [-55.7006, -33.7218, 268.228], "grabAngle": 0.517822, "grabStrength": 0, "id": 57, "palmNormal": [0.37227, -0.412235, -0.831551], "palmPosition": [73.6057, 136.689, 99.1288], "palmVelocity": [-25.7487, -3.38972, -0.0874889], "palmWidth": 72.7825, "pinchDistance": 58.9161, "pinchStrength": 0, "r": [[0.881418, -0.0329307, 0.471187], [-0.0974373, 0.963434, 0.249603], [-0.462177, -0.265916, 0.84598]], "s": 1.23454, "sphereCenter": [77.8589, 171.022, 92.3505], "sphereRadius": 45.7829, "stabilizedPalmPosition": [70.7792, 138.855, 99.8269], "t": [41.0083, -21.0766, -64.1847], "timeVisible": 4.07578, "type": "left", "wrist": [46.3527, 87.1197, 121.169]}], "id": 34940, "interactionBox": {"center": [0, 200, 0], "size": [235.247, 235.247, 147.751]}, "pointables": [{"bases": [[[0.622939, 0.603745, 0.497432], [-0.413457, -0.285702, 0.864539], [0.664078, -0.744222, 0.071647]], [[0.452544, 0.759438, 0.467394], [-0.248491, -0.39598, 0.883998], [0.85642, -0.516191, 0.00951544]], [[0.452544, 0.759438, 0.467394], [-0.494956, -0.222072, 0.840061], [0.74177, -0.611504, 0.275391]], [[0.452544, 0.759438, 0.467394], [-0.745199, 0.034192, 0.665965], [0.489778, -0.64968, 0.581406]]], "btipPosition": [137.957, 138.954, 98.6206], "carpPosition": [75.6718, 90.7874, 116.576], "dipPosition": [129.197, 127.333, 109.02], "direction": [0.74177, 0.611504, -0.275391], "extended": true, "handId": 57, "id": 570, "length": 39.8308, "mcpPosition": [75.6718, 90.7874, 116.576], "pipPosition": [109.868, 111.398, 116.196], "stabilizedTipPosition": [132.842, 139.217, 101.025], "timeVisible": 4.07578, "tipPosition": [136.974, 134.508, 102.019], "tipVelocity": [-26.2347, -0.472317, 0.7599], "tool": false, "touchDistance": 0.516874, "touchZone": "hovering", "type": 0, "width": 15.2554}, {"bases": [[[0.807953, 0.296983, -0.508933], [0.300396, 0.535442, 0.789344], [0.506926, -0.790634, 0.3434]], [[0.832439, 0.25682, -0.491008], [0.381337, 0.377386, 0.843897], [0.402029, -0.889732, 0.216216]], [[0.832439, 0.25682, -0.491008], [0.215048, 0.666924, 0.713419], [0.510685, -0.699468, 0.499945]], [[0.832439, 0.25682, -0.491008], [-0.0247011, 0.902427, 0.430135], [0.553566, -0.345932, 0.757559]]], "btipPosition": [126.603, 199.065, 77.5422], "carpPosition": [66.9089, 105.885, 123.977], "dipPosition": [119.375, 194.548, 87.4344], "direction": [0.510685, 0.699468, -0.499945], "extended": true, "handId": 57, "id": 571, "length": 44.9446, "mcpPosition": [96.7405, 152.412, 103.769], "pipPosition": [109.941, 181.627, 96.6697], "stabilizedTipPosition": [121.417, 200.79, 80.052], "timeVisible": 4.07578, "tipPosition": [123.863, 199.454, 81.9654], "tipVelocity": [-30.4587, 0.49766, -5.81138], "tool": false, "touchDistance": 0.31492, "touchZone": "hovering", "type": 1, "width": 14.572}, {"bases": [[[0.805885, 0.0917749, -0.584917], [0.443722, 0.560454, 0.699287], [0.391996, -0.823085, 0.410939]], [[0.816791, 0.0681415, -0.572896], [0.513987, 0.365088, 0.776227], [0.26205, -0.928476, 0.263176]], [[0.816791, 0.0681415, -0.572896], [0.397535, 0.65317, 0.644465], [0.418113, -0.754139, 0.506414]], [[0.816791, 0.0681415, -0.572896], [0.199214, 0.898613, 0.390908], [0.541448, -0.433419, 0.720404]]], "btipPosition": [107.259, 212.632, 65.9511], "carpPosition": [58.8665, 109.88, 119.932], "dipPosition": [99.483, 206.407, 76.2976], "direction": [0.418113, 0.754139, -0.506414], "extended": true, "handId": 57, "id": 572, "length": 51.2108, "mcpPosition": [80.7427, 155.814, 96.9984], "pipPosition": [90.3961, 190.018, 87.3035], "stabilizedTipPosition": [101.27, 213.459, 68.6989], "timeVisible": 4.07578, "tipPosition": [103.037, 212.55, 69.9546], "tipVelocity": [-30.9191, -1.056, -4.49614], "tool": false, "touchDistance": 0.0880969, "touchZone": "hovering", "type": 2, "width": 14.3116}, {"bases": [[[0.819028, -0.0728614, -0.569108], [0.512435, 0.539055, 0.668453], [0.258076, -0.839113, 0.478838]], [[0.819263, -0.0736244, -0.568672], [0.557722, 0.332758, 0.760406], [0.133246, -0.940134, 0.313678]], [[0.819263, -0.0736244, -0.568672], [0.487408, 0.611828, 0.622977], [0.302063, -0.787557, 0.537133]], [[0.819263, -0.0736244, -0.568672], [0.334107, 0.867281, 0.369049], [0.466027, -0.492345, 0.735129]]], "btipPosition": [81.4547, 209.573, 57.8731], "carpPosition": [50.9238, 111.722, 114.446], "dipPosition": [74.8, 202.543, 68.3704], "direction": [0.302063, 0.787557, -0.537133], "extended": true, "handId": 57, "id": 573, "length": 49.2406, "mcpPosition": [63.8549, 153.766, 90.4536], "pipPosition": [68.4048, 185.869, 79.7424], "stabilizedTipPosition": [76.3164, 209.621, 61.104], "timeVisible": 4.07578, "tipPosition": [77.5614, 208.991, 61.7146], "tipVelocity": [-30.1053, -2.67216, -2.1591], "tool": false, "touchDistance": -0.161876, "touchZone": "touching", "type": 3, "width": 13.6184}, {"bases": [[[0.74739, -0.257549, -0.612435], [0.654359, 0.444895, 0.611459], [0.114988, -0.857751, 0.50104]], [[0.753731, -0.318656, -0.57476], [0.645904, 0.197854, 0.737334], [-0.121237, -0.926991, 0.354949]], [[0.753731, -0.318656, -0.57476], [0.650784, 0.483668, 0.585274], [0.091492, -0.815183, 0.571931]], [[0.753731, -0.318656, -0.57476], [0.564283, 0.7621, 0.317471], [0.336861, -0.563615, 0.75423]]], "btipPosition": [52.123, 193.429, 54.3144], "carpPosition": [44.2606, 108.983, 105.631], "dipPosition": [47.6854, 186.004, 64.2503], "direction": [0.091492, 0.815183, -0.571931], "extended": true, "handId": 57, "id": 574, "length": 38.6037, "mcpPosition": [49.594, 148.767, 82.3917], "pipPosition": [46.3177, 173.818, 72.7996], "stabilizedTipPosition": [47.8868, 192.819, 57.6184], "timeVisible": 4.07578, "tipPosition": [49.8343, 191.504, 57.0069], "tipVelocity": [-27.4742, -4.40081, -0.637108], "tool": false, "touchDistance": -0.223339, "touchZone": "touching", "type": 4, "width": 12.0969}], "r": [[0.881418, -0.0329307, 0.471187], [-0.0974373, 0.963434, 0.249603], [-0.462177, -0.265916, 0.84598]], "s": 1.23454, "t": [-41.0083, -21.0766, -64.1847], "timestamp": 17373721622}, {"currentFrameRate": 111.689, "devices": [], "gestures": [], "hands": [{"armBasis": [[0.867291, 0.155933, -0.472748], [0.158723, 0.813482, 0.559512], [0.471819, -0.560296, 0.680776]], "armWidth": 48.9085, "confidence": 1, "direction": [0.314283, 0.898695, -0.305898], "elbow": [-55.8589, -33.8663, 268.274], "grabAngle": 0.516175, "grabStrength": 0, "id": 57, "palmNormal": [0.370886, -0.412852, -0.831863], "palmPosition": [73.2678, 136.701, 99.1427], "palmVelocity": [-38.848, 1.34176, 1.59883], "palmWidth": 72.7825, "pinchDistance": 58.8936, "pinchStrength": 0, "r": [[0.881296, -0.0327006, 0.471431], [-0.097538, 0.963535, 0.249173], [-0.462389, -0.265578, 0.84597]], "s": 1.23453, "sphereCenter": [77.4242, 171.185, 92.5886], "sphereRadius": 45.8307, "stabilizedPalmPosition": [70.7882, 138.847, 99.8244], "t": [40.7616, -21.0909, -64.1798], "timeVisible": 4.08448, "type": "left", "wrist": [46.0407, 87.142, 121.245]}], "id": 34941, "interactionBox": {"center": [0, 200, 0], "size": [235.247, 235.247, 147.751]}, "pointables": [{"bases": [[[0.622051, 0.604181, 0.498014], [-0.414776, -0.285195, 0.864074], [0.664088, -0.744063, 0.0731937]], [[0.452299, 0.759366, 0.467749], [-0.249404, -0.395846, 0.883801], [0.856285, -0.516401, 0.0103476]], [[0.452299, 0.759366, 0.467749], [-0.496385, -0.221387, 0.839399], [0.740964, -0.611843, 0.276804]], [[0.452299, 0.759366, 0.467749], [-0.746428, 0.0352598, 0.664531], [0.488129, -0.649708, 0.58276]]], "btipPosition": [137.583, 138.994, 98.5675], "carpPosition": [75.3539, 90.8104, 116.617], "dipPosition": [128.852, 127.373, 108.991], "direction": [0.740964, 0.611843, -0.276804], "extended": true, "handId": 57, "id": 570, "length": 39.8308, "mcpPosition": [75.3539, 90.8104, 116.617], "pipPosition": [109.544, 111.43, 116.204], "stabilizedTipPosition": [132.854, 139.205, 101.025], "timeVisible": 4.08448, "tipPosition": [136.636, 134.518, 101.93], "tipVelocity": [-42.2039, 4.66002, -5.45831], "tool": false, "touchDistance": 0.516082, "touchZone": "hovering", "type": 0, "width": 15.2554}, {"bases": [[[0.808707, 0.296779, -0.507853], [0.299058, 0.536019, 0.789461], [0.506514, -0.79032, 0.344728]], [[0.833319, 0.256377, -0.489744], [0.379828, 0.378135, 0.844242], [0.401634, -0.889542, 0.217728]], [[0.833319, 0.256377, -0.489744], [0.21436, 0.666755, 0.713784], [0.509537, -0.699792, 0.500663]], [[0.833319, 0.256377, -0.489744], [-0.0245026, 0.902207, 0.430606], [0.552248, -0.346833, 