{"frames": 77, "data": [{"currentFrameRate": 114.905, "devices": [], "gestures": [], "hands": [{"armBasis": [[0.800668, -0.0836767, -0.593236], [0.00890491, -0.988427, 0.151438], [-0.599042, -0.126534, -0.790657]], "armWidth": 58.1167, "confidence": 1, "direction": [0.0330184, 0.960809, -0.275237], "elbow": [104.739, 111.129, -109.616], "grabAngle": 0.172503, "grabStrength": 0, "id": 49, "palmNormal": [0.185016, -0.276503, -0.943035], "palmPosition": [-39.6033, 203.249, 73.7319], "palmVelocity": [7.02943, 2.79923, 5.55496], "palmWidth": 81.6435, "pinchDistance": 67.7727, "pinchStrength": 0, "r": [[0.394023, -0.271259, 0.87816], [-0.809275, 0.350523, 0.47139], [-0.435684, -0.896411, -0.0814084]], "s": 1.39556, "sphereCenter": [-41.6627, 268.224, 129.251], "sphereRadius": 88.6135, "stabilizedPalmPosition": [-39.6155, 202.767, 73.7506], "t": [-35.9575, 56.4543, -60.2931], "timeVisible": 5.74946, "type": "left", "wrist": [-40.3886, 141.784, 81.9331]}], "id": 26749, "interactionBox": {"center": [0, 200, 0], "size": [235.247, 235.247, 147.751]}, "pointables": [{"bases": [[[0.554267, 0.426835, 0.714563], [-0.694826, -0.23539, 0.679565], [0.458264, -0.873157, 0.166107]], [[0.36613, 0.697523, 0.615963], [-0.742324, -0.180239, 0.645344], [0.561163, -0.693524, 0.451797]], [[0.36613, 0.697523, 0.615963], [-0.863063, 0.00703022, 0.505047], [0.347951, -0.716528, 0.60458]], [[0.36613, 0.697523, 0.615963], [-0.915608, 0.151833, 0.372303], [0.166166, -0.700292, 0.694248]]], "btipPosition": [17.5097, 220.362, 32.4727], "carpPosition": [-21.8227, 152.508, 85.9323], "dipPosition": [14.0046, 205.59, 47.1171], "direction": [0.347951, 0.716528, -0.60458], "extended": true, "handId": 49, "id": 490, "length": 46.973, "mcpPosition": [-21.8227, 152.508, 85.9323], "pipPosition": [3.31177, 183.571, 65.6963], "stabilizedTipPosition": [16.7402, 216.452, 35.954], "timeVisible": 5.74946, "tipPosition": [18.5959, 217.627, 38.1641], "tipVelocity": [7.11506, 2.38042, 4.76889], "tool": false, "touchDistance": 0.211676, "touchZone": "hovering", "type": 0, "width": 18.6007}, {"bases": [[[0.962694, 0.141817, -0.230454], [0.153677, 0.41444, 0.897008], [0.22272, -0.898959, 0.377185]], [[0.976708, 0.0738649, -0.201459], [0.188458, 0.153605, 0.969994], [0.102594, -0.985368, 0.136107]], [[0.976708, 0.0738649, -0.201459], [0.164685, 0.343824, 0.924481], [0.137553, -0.936125, 0.323651]], [[0.976708, 0.0738649, -0.201459], [0.130791, 0.539364, 0.831853], [0.170105, -0.838827, 0.51714]]], "btipPosition": [-7.56858, 297.25, 53.2988], "carpPosition": [-31.8597, 166.441, 98.4825], "dipPosition": [-10.1881, 284.333, 61.2625], "direction": [0.137553, 0.936125, -0.323651], "extended": true, "handId": 49, "id": 491, "length": 53.0038, "mcpPosition": [-17.1574, 225.784, 73.5836], "pipPosition": [-13.1847, 263.939, 68.3132], "stabilizedTipPosition": [-7.90876, 294.224, 55.8954], "timeVisible": 5.74946, "tipPosition": [-7.32366, 294.102, 54.75], "tipVelocity": [8.79022, 4.01625, 11.1056], "tool": false, "touchDistance": 0.200962, "touchZone": "hovering", "type": 1, "width": 17.7674}, {"bases": [[[0.943535, -0.0536833, -0.326895], [0.319072, 0.412613, 0.853196], [0.0890786, -0.909323, 0.406443]], [[0.945878, -0.082378, -0.313894], [0.323921, 0.180747, 0.928658], [-0.0197655, -0.980074, 0.197649]], [[0.945878, -0.082378, -0.313894], [0.320848, 0.382544, 0.866439], [0.0487027, -0.920258, 0.388271]], [[0.945878, -0.082378, -0.313894], [0.302934, 0.571032, 0.76299], [0.11639, -0.816784, 0.565082]]], "btipPosition": [-34.5612, 306.023, 43.5816], "carpPosition": [-42.4986, 169.099, 97.1345], "dipPosition": [-36.5326, 292.188, 53.1526], "direction": [0.0487027, 0.920258, -0.388271], "extended": true, "handId": 49, "id": 492, "length": 60.3936, "mcpPosition": [-36.9221, 226.024, 71.6906], "pipPosition": [-37.7808, 268.602, 63.104], "stabilizedTipPosition": [-34.8307, 302.415, 45.9793], "timeVisible": 5.74946, "tipPosition": [-36.5109, 304.518, 50.0445], "tipVelocity": [8.16102, 4.15275, 9.7504], "tool": false, "touchDistance": 0.193937, "touchZone": "hovering", "type": 2, "width": 17.45}, {"bases": [[[0.919604, -0.217863, -0.326902], [0.388345, 0.378525, 0.840182], [-0.0593044, -0.899586, 0.432699]], [[0.919489, -0.219577, -0.326076], [0.360685, 0.141312, 0.921921], [-0.156354, -0.965307, 0.209133]], [[0.919489, -0.219577, -0.326076], [0.38607, 0.348042, 0.854293], [-0.0740953, -0.911402, 0.404793]], [[0.919489, -0.219577, -0.326076], [0.39285, 0.543713, 0.74165], [0.0144423, -0.810038, 0.586199]]], "btipPosition": [-64.2769, 295.345, 41.2183], "carpPosition": [-53.0405, 169.513, 93.9389], "dipPosition": [-64.5201, 281.704, 51.09], "direction": [-0.0740953, 0.911402, -0.404793], "extended": true, "handId": 49, "id": 493, "length": 58.0701, "mcpPosition": [-56.3737, 220.075, 69.6187], "pipPosition": [-62.6701, 258.948, 61.1969], "stabilizedTipPosition": [-64.1474, 291.786, 43.6146], "timeVisible": 5.74946, "tipPosition": [-67.6382, 293.712, 48.853], "tipVelocity": [9.94717, 3.21977, 5.4172], "tool": false, "touchDistance": 0.193873, "touchZone": "hovering", "type": 3, "width": 16.6047}, {"bases": [[[0.829667, -0.380045, -0.408923], [0.519874, 0.259058, 0.814014], [-0.203427, -0.88795, 0.412508]], [[0.825516, -0.397393, -0.400751], [0.444445, 0.0201108, 0.89558], [-0.347838, -0.917428, 0.193221]], [[0.825516, -0.397393, -0.400751], [0.512694, 0.231187, 0.82686], [-0.235941, -0.888049, 0.39459]], [[0.825516, -0.397393, -0.400751], [0.549696, 0.405236, 0.730492], [-0.127894, -0.823324, 0.552974]]], "btipPosition": [-90.1577, 269.314, 43.0322], "carpPosition": [-62.3419, 165.431, 86.1993], "dipPosition": [-88.1707, 256.523, 51.6231], "direction": [-0.235941, 0.888049, -0.39459], "extended": true, "handId": 49, "id": 494, "length": 45.5259, "mcpPosition": [-72.926, 211.63, 64.737], "pipPosition": [-84.0115, 240.868, 58.5791], "stabilizedTipPosition": [-89.5248, 265.98, 45.2342], "timeVisible": 5.74946, "tipPosition": [-93.0611, 266.772, 49.2355], "tipVelocity": [10.1306, 2.88723, 2.14756], "tool": false, "touchDistance": 0.202, "touchZone": "hovering", "type": 4, "width": 14.7496}], "r": [[0.394023, -0.271259, 0.87816], [-0.809275, 0.350523, 0.47139], [-0.435684, -0.896411, -0.0814084]], "s": 1.39556, "t": [35.9575, 56.4543, -60.2931], "timestamp": 17301448804}, {"currentFrameRate": 114.924, "devices": [], "gestures": [], "hands": [{"armBasis": [[0.801035, -0.0833809, -0.592782], [0.00885979, -0.988492, 0.151014], [-0.598551, -0.12622, -0.791078]], "armWidth": 58.1167, "confidence": 1, "direction": [0.0329738, 0.960929, -0.274825], "elbow": [104.71, 111.149, -109.705], "grabAngle": 0.172162, "grabStrength": 0, "id": 49, "palmNormal": [0.185022, -0.276091, -0.943155], "palmPosition": [-39.5091, 203.198, 73.7762], "palmVelocity": [10.8723, -5.95856, 5.11156], "palmWidth": 81.6435, "pinchDistance": 67.7694, "pinchStrength": 0, "r": [[0.39431, -0.271446, 0.877973], [-0.809096, 0.350473, 0.471733], [-0.435756, -0.896374, -0.0814306]], "s": 1.39566, "sphereCenter": [-41.5017, 268.192, 129.441], "sphereRadius": 88.7141, "stabilizedPalmPosition": [-39.6092, 202.792, 73.7521], "t": [-35.887, 56.445, -60.2598], "timeVisible": 5.75813, "type": "left", "wrist": [-40.2986, 141.728, 81.9456]}], "id": 26750, "interactionBox": {"center": [0, 200, 0], "size": [235.247, 235.247, 147.751]}, "pointables": [{"bases": [[[0.554282, 0.426504, 0.714749], [-0.69484, -0.235651, 0.67946], [0.458224, -0.873249, 0.165735]], [[0.366082, 0.697326, 0.616215], [-0.742545, -0.180236, 0.645091], [0.560902, -0.693723, 0.451814]], [[0.366082, 0.697326, 0.616215], [-0.863164, 0.00699293, 0.504876], [0.347754, -0.71672, 0.604466]], [[0.366082, 0.697326, 0.616215], [-0.915587, 0.151504, 0.372487], [0.166386, -0.700559, 0.693925]]], "btipPosition": [17.5931, 220.327, 32.5047], "carpPosition": [-21.7261, 152.452, 85.9548], "dipPosition": [14.0834, 205.549, 47.1423], "direction": [0.347754, 0.71672, -0.604466], "extended": true, "handId": 49, "id": 490, "length": 46.973, "mcpPosition": [-21.7261, 152.452, 85.9548], "pipPosition": [3.3967, 183.524, 65.718], "stabilizedTipPosition": [16.7429, 216.479, 35.9492], "timeVisible": 5.75813, "tipPosition": [18.6864, 217.592, 38.2107], "tipVelocity": [9.50787, -4.25671, 3.51017], "tool": false, "touchDistance": 0.212184, "touchZone": "hovering", "type": 0, "width": 18.6007}, {"bases": [[[0.962701, 0.141873, -0.230388], [0.153691, 0.414049, 0.897186], [0.222678, -0.89913, 0.376801]], [[0.976688, 0.0740554, -0.201486], [0.188481, 0.153384, 0.970025], [0.10274, -0.985388, 0.135851]], [[0.976688, 0.0740554, -0.201486], [0.16471, 0.3434, 0.924634], [0.137664, -0.936265, 0.323197]], [[0.976688, 0.0740554, -0.201486], [0.130835, 0.538768, 0.832233], [0.170185, -0.839193, 0.516519]]], "btipPosition": [-7.46599, 297.209, 53.382], "carpPosition": [-31.7637, 166.379, 98.511], "dipPosition": [-10.0868, 284.286, 61.3361], "direction": [0.137664, 0.936265, -0.323197], "extended": true, "handId": 49, "id": 491, "length": 53.0038, "mcpPosition": [-17.0641, 225.733, 73.6374], "pipPosition": [-13.0858, 263.89, 68.377], "stabilizedTipPosition": [-7.91361, 294.225, 55.8747], "timeVisible": 5.75813, "tipPosition": [-7.23428, 294.06, 54.8334], "tipVelocity": [11.8006, -4.89134, 9.34734], "tool": false, "touchDistance": 0.202312, "touchZone": "hovering", "type": 1, "width": 17.7674}, {"bases": [[[0.943534, -0.0535854, -0.326912], [0.319086, 0.412233, 0.853375], [0.0890355, -0.909501, 0.406054]], [[0.945874, -0.082253, -0.313939], [0.32393, 0.180217, 0.928758], [-0.0198159, -0.980182, 0.197107]], [[0.945874, -0.082253, -0.313939], [0.320885, 0.381705, 0.866795], [0.0485355, -0.920617, 0.387439]], [[0.945874, -0.082253, -0.313939], [0.303034, 0.570095, 0.763651], [0.116162, -0.817451, 0.564163]]], "btipPosition": [-34.4783, 305.997, 43.6961], "carpPosition": [-42.4027, 169.037, 97.1642], "dipPosition": [-36.4458, 292.152, 53.2515], "direction": [0.0485355, 0.920617, -0.387439], "extended": true, "handId": 49, "id": 492, "length": 60.3936, "mcpPosition": [-36.8289, 225.974, 71.7446], "pipPosition": [-37.6898, 268.556, 63.1816], "stabilizedTipPosition": [-34.8339, 302.428, 45.9766], "timeVisible": 5.75813, "tipPosition": [-36.4187, 304.474, 50.1245], "tipVelocity": [9.66378, -3.23618, 12.7919], "tool": false, "touchDistance": 0.195785, "touchZone": "hovering", "type": 2, "width": 17.45}, {"bases": [[[0.919596, -0.217764, -0.326989], [0.388357, 0.378148, 0.840347], [-0.0593472, -0.899768, 0.432314]], [[0.919497, -0.219246, -0.326277], [0.360759, 0.140971, 0.921944], [-0.156137, -0.965432, 0.208718]], [[0.919497, -0.219246, -0.326277], [0.386081, 0.347565, 0.854482], [-0.0739394, -0.911663, 0.404231]], [[0.919497, -0.219246, -0.326277], [0.392829, 0.543133, 0.742086], [0.0145126, -0.810517, 0.585536]]], "btipPosition": [-64.1696, 295.314, 41.3119], "carpPosition": [-52.9446, 169.452, 93.9688], "dipPosition": [-64.414, 281.665, 51.1723], "direction": [-0.0739394, 0.911663, -0.404231], "extended": true, "handId": 49, "id": 493, "length": 58.0701, "mcpPosition": [-56.2802, 220.024, 69.6703], "pipPosition": [-62.5679, 258.902, 61.2652], "stabilizedTipPosition": [-64.1511, 291.804, 43.6129], "timeVisible": 5.75813, "tipPosition": [-67.5437, 293.668, 48.929], "tipVelocity": [12.349, -3.79107, 10.4928], "tool": false, "touchDistance": 0.195389, "touchZone": "hovering", "type": 3, "width": 16.6047}, {"bases": [[[0.829653, -0.379907, -0.409081], [0.519881, 0.258686, 0.814128], [-0.203469, -0.888117, 0.412126]], [[0.825575, -0.396962, -0.401057], [0.444629, 0.0199787, 0.895492], [-0.347464, -0.917618, 0.192995]], [[0.825575, -0.396962, -0.401057], [0.512753, 0.230975, 0.826883], [-0.235607, -0.888297, 0.394231]], [[0.825575, -0.396962, -0.401057], [0.549657, 0.404885, 0.730716], [-0.127684, -0.823705, 0.552456]]], "btipPosition": [-90.0428, 269.281, 43.1019], "carpPosition": [-62.2459, 165.373, 86.2276], "dipPosition": [-88.0591, 256.484, 51.6847], "direction": [-0.235607, 0.888297, -0.394231], "extended": true, "handId": 49, "id": 494, "length": 45.5259, "mcpPosition": [-72.8322, 211.581, 64.7851], "pipPosition": [-83.9057, 240.825, 58.6344], "stabilizedTipPosition": [-89.5276, 265.997, 45.2269], "timeVisible": 5.75813, "tipPosition": [-92.9644, 266.727, 49.3005], "tipVelocity": [13.1683, -3.95977, 7.8265], "tool": false, "touchDistance": 0.203131, "touchZone": "hovering", "type": 4, "width": 14.7496}], "r": [[0.39431, -0.271446, 0.877973], [-0.809096, 0.350473, 0.471733], [-0.435756, -0.896374, -0.0814306]], "s": 1.39566, "t": [35.887, 56.445, -60.2598], "timestamp": 17301457473}, {"currentFrameRate": 114.911, "devices": [], "gestures": [], "hands": [{"armBasis": [[0.801449, -0.083217, -0.592246], [0.00916453, -0.988447, 0.151289], [-0.597993, -0.126678, -0.791427]], "armWidth": 58.1167, "confidence": 1, "direction": [0.0333187, 0.960843, -0.275083], "elbow": [104.666, 110.922, -109.745], "grabAngle": 0.170968, "grabStrength": 0, "id": 49, "palmNormal": [0.185312, -0.276403, -0.943006], "palmPosition": [-39.3872, 203.081, 73.813], "palmVelocity": [13.9701, -13.3952, 4.2126], "palmWidth": 81.6435, "pinchDistance": 67.7819, "pinchStrength": 0, "r": [[0.39462, -0.271527, 0.877809], [-0.808934, 0.350419, 0.47205], [-0.435775, -0.89637, -0.0813647]], "s": 1.39573, "sphereCenter": [-41.3019, 268.202, 129.772], "sphereRadius": 88.9715, "stabilizedPalmPosition": [-39.5965, 202.809, 73.7556], "t": [-35.7909, 56.382, -60.2247], "timeVisible": 5.76686, "type": "left", "wrist": [-40.2069, 141.612, 81.9902]}], "id": 26751, "interactionBox": {"center": [0, 200, 0], "size": [235.247, 235.247, 147.751]}, "pointables": [{"bases": [[[0.554447, 0.426844, 0.714418], [-0.694523, -0.235633, 0.679791], [0.458505, -0.873087, 0.165807]], [[0.366065, 0.697675, 0.61583], [-0.74233, -0.180157, 0.64536], [0.561197, -0.693393, 0.451956]], [[0.366065, 0.697675, 0.61583], [-0.86313, 0.00718104, 0.504931], [0.347855, -0.716379, 0.604813]], [[0.366065, 0.697675, 0.61583], [-0.915588, 0.151677, 0.372414], [0.166417, -0.700174, 0.694306]]], "btipPosition": [17.7147, 220.175, 32.5375], "carpPosition": [-21.6216, 152.334, 86.0126], "dipPosition": [14.2043, 205.406, 47.1831], "direction": [0.347855, 0.716379, -0.604813], "extended": true, "handId": 49, "id": 490, "length": 46.973, "mcpPosition": [-21.6216, 152.334, 86.0126], "pipPosition": [3.51445, 183.391, 65.7695], "stabilizedTipPosition": [16.7524, 216.496, 35.9467], "timeVisible": 5.76686, "tipPosition": [18.8219, 217.449, 38.2611], "tipVelocity": [13.9114, -17.128, 3.96992], "tool": false, "touchDistance": 0.212761, "touchZone": "hovering", "type": 0, "width": 18.6007}, {"bases": [[[0.962578, 0.142048, -0.230794], [0.153928, 0.41434, 0.897011], [0.223046, -0.898968, 0.37697]], [[0.976615, 0.074109, -0.20182], [0.188801, 0.153428, 0.969956], [0.102847, -0.985377, 0.135848]], [[0.976615, 0.074109, -0.20182], [0.16507, 0.342982, 0.924724], [0.137751, -0.936414, 0.322728]], [[0.976615, 0.074109, -0.20182], [0.131213, 0.538166, 0.832562], [0.170313, -0.839574, 0.515857]]], "btipPosition": [-7.33041, 297.096, 53.4414], "carpPosition": [-31.6604, 166.267, 98.5611], "dipPosition": [-9.95314, 284.167, 61.3854], "direction": [0.137751, 0.936414, -0.322728], "extended": true, "handId": 49, "id": 491, "length": 53.0038, "mcpPosition": [-16.9366, 225.611, 73.6764], "pipPosition": [-12.9541, 263.767, 68.416], "stabilizedTipPosition": [-7.91426, 294.222, 55.8551], "timeVisible": 5.76686, "tipPosition": [-7.08476, 293.93, 54.8579], "tipVelocity": [15.4875, -13.202, 6.54173], "tool": false, "touchDistance": 0.203263, "touchZone": "hovering", "type": 1, "width": 17.7674}, {"bases": [[[0.943423, -0.0534416, -0.327256], [0.319307, 0.412553, 0.853137], [0.0894174, -0.909365, 0.406277]], [[0.945783, -0.0822231, -0.314221], [0.324198, 0.180074, 0.928692], [-0.019777, -0.980211, 0.196967]], [[0.945783, -0.0822231, -0.314221], [0.321179, 0.380818, 0.867077], [0.0483672, -0.920987, 0.386579]], [[0.945783, -0.0822231, -0.314221], [0.303402, 0.568986, 0.764331], [0.115942, -0.818226, 0.563084]]], "btipPosition": [-34.3563, 305.903, 43.7738], "carpPosition": [-42.2982, 168.928, 97.2095], "dipPosition": [-36.3201, 292.044, 53.311], "direction": [0.0483672, 0.920987, -0.386579], "extended": true, "handId": 49, "id": 492, "length": 60.3936, "mcpPosition": [-36.7006, 225.855, 71.776], "pipPosition": [-37.5597, 268.439, 63.2191], "stabilizedTipPosition": [-34.833, 302.437, 45.9763], "timeVisible": 5.76686, "tipPosition": [-36.255, 304.341, 50.1125], "tipVelocity": [14.0811, -11.1475, 8.43019], "tool": false, "touchDistance": 0.197011, "touchZone": "hovering", "type": 2, "width": 17.45}, {"bases": [[[0.919526, -0.217627, -0.327278], [0.388582, 0.378482, 0.840092], [-0.0589578, -0.899661, 0.43259]], [[0.919444, -0.218864, -0.326682], [0.361098, 0.141068, 0.921796], [-0.155664, -0.965504, 0.208735]], [[0.919444, -0.218864, -0.326682], [0.386258, 0.347043, 0.854615], [-0.0736717, -0.911954, 0.403624]], [[0.919444, -0.218864, -0.326682], [0.392945, 0.54253, 0.742466], [0.0147356, -0.811024, 0.584827]]], "btipPosition": [-64.0125, 295.219, 41.3639], "carpPosition": [-52.8388, 169.344, 94.0099], "dipPosition": [-64.2606, 281.561, 51.2124], "direction": [-0.0736717, 0.911954, -0.403624], "extended": true, "handId": 49, "id": 493, "length": 58.0701, "mcpPosition": [-56.1526, 219.91, 69.696], "pipPosition": [-62.4212, 258.791, 61.2902], "stabilizedTipPosition": [-64.1472, 291.817, 43.6137], "timeVisible": 5.76686, "tipPosition": [-67.3783, 293.546, 48.9113], "tipVelocity": [17.9123, -11.1264, 5.64754], "tool": false, "touchDistance": 0.19621, "touchZone": "hovering", "type": 3, "width": 16.6047}, {"bases": [[[0.829592, -0.379814, -0.409289], [0.520126, 0.259046, 0.813858], [-0.20309, -0.888052, 0.412454]], [[0.825614, -0.396496, -0.401437], [0.445032, 0.0202354, 0.895286], [-0.346854, -0.917814, 0.19316]], [[0.825614, -0.396496, -0.401437], [0.512846, 0.230675, 0.826908], [-0.235264, -0.888583, 0.39379]], [[0.825614, -0.396496, -0.401437], [0.549661, 0.404525, 0.730912], [-0.127412, -0.824106, 0.55192]]], "btipPosition": [-89.8857, 269.188, 43.1345], "carpPosition": [-62.1382, 165.265, 86.2663], "dipPosition": [-87.9062, 256.384, 51.709], "direction": [-0.235264, 0.888583, -0.39379], "extended": true, "handId": 49, "id": 494, "length": 45.5259, "mcpPosition": [-72.7047, 211.47, 64.8068], "pipPosition": [-83.7589, 240.72, 58.6509], "stabilizedTipPosition": [-89.523, 266.008, 45.2212], "timeVisible": 5.76686, "tipPosition": [-92.8092, 266.616, 49.2889], "tipVelocity": [17.8963, -10.8855, 3.51328], "tool": false, "touchDistance": 0.203642, "touchZone": "hovering", "type": 4, "width": 14.7496}], "r": [[0.39462, -0.271527, 0.877809], [-0.808934, 0.350419, 0.47205], [-0.435775, -0.89637, -0.0813647]], "s": 1.39573, "t": [35.7909, 56.382, -60.2247], "timestamp": 17301466198}, {"currentFrameRate": 114.962, "devices": [], "gestures": [], "hands": [{"armBasis": [[0.801938, -0.0830271, -0.59161], [0.00976222, -0.988342, 0.151938], [-0.597328, -0.12762, -0.791778]], "armWidth": 58.1167, "confidence": 1, "direction": [0.0337344, 0.960639, -0.275745], "elbow": [104.62, 110.537, -109.77], "grabAngle": 0.168873, "grabStrength": 0, "id": 49, "palmNormal": [0.183873, -0.277158, -0.943066], "palmPosition": [-39.2404, 202.918, 73.8272], "palmVelocity": [17.0435, -18.9439, 1.65507], "palmWidth": 81.6435, "pinchDistance": 67.7679, "pinchStrength": 0, "r": [[0.394685, -0.271415, 0.877814], [-0.808983, 0.350307, 0.47205], [-0.435626, -0.896448, -0.0813089]], "s": 1.39574, "sphereCenter": [-41.0187, 268.279, 130.307], "sphereRadius": 89.4346, "stabilizedPalmPosition": [-39.5766, 202.815, 73.7596], "t": [-35.6694, 56.2689, -60.2001], "timeVisible": 5.77547, "type": "left", "wrist": [-40.0924, 141.455, 82.0501]}], "id": 26752, "interactionBox": {"center": [0, 200, 0], "size": [235.247, 235.247, 147.751]}, "pointables": [{"bases": [[[0.553182, 0.427749, 0.714857], [-0.69521, -0.235753, 0.679046], [0.458991, -0.872612, 0.166961]], [[0.365041, 0.698003, 0.616065], [-0.742626, -0.180771, 0.644847], [0.561472, -0.692902, 0.452367]], [[0.365041, 0.698003, 0.616065], [-0.863754, 0.00700709, 0.503866], [0.347383, -0.71606, 0.605461]], [[0.365041, 0.698003, 0.616065], [-0.91614, 0.151595, 0.371088], [0.165628, -0.699864, 0.694807]]], "btipPosition": [17.8177, 219.968, 32.5126], "carpPosition": [-21.4998, 152.165, 86.0366], "dipPosition": [14.3239, 205.205, 47.1688], "direction": [0.347383, 0.71606, -0.605461], "extended": true, "handId": 49, "id": 490, "length": 46.973, "mcpPosition": [-21.4998, 152.165, 86.0366], "pipPosition": [3.64858, 183.2, 65.7751], "stabilizedTipPosition": [16.7675, 216.501, 35.9431], "timeVisible": 5.77547, "tipPosition": [18.9276, 217.214, 38.1831], "tipVelocity": [12.4029, -23.9624, -2.60799], "tool": false, "touchDistance": 0.212387, "touchZone": "hovering", "type": 0, "width": 18.6007}, {"bases": [[[0.962761, 0.142673, -0.229643], [0.152438, 0.415041, 0.896941], [0.223281, -0.898546, 0.377836]], [[0.976925, 0.0740948, -0.200317], [0.187258, 0.15393, 0.970175], [0.10272, -0.9853, 0.136503]], [[0.976925, 0.0740948, -0.200317], [0.163724, 0.342489, 0.925146], [0.137155, -0.936596, 0.322455]], [[0.976925, 0.0740948, -0.200317], [0.130088, 0.537431, 0.833214], [0.169393, -0.840047, 0.515391]]], "btipPosition": [-7.19785, 296.922, 53.4], "carpPosition": [-31.5112, 166.114, 98.5891], "dipPosition": [-9.80642, 283.986, 61.3367], "direction": [0.137155, 0.936596, -0.322455], "extended": true, "handId": 49, "id": 491, "length": 53.0038, "mcpPosition": [-16.7719, 225.429, 73.6472], "pipPosition": [-12.7943, 263.582, 68.3614], "stabilizedTipPosition": [-7.91028, 294.212, 55.8336], "timeVisible": 5.77547, "tipPosition": [-6.89427, 293.73, 54.7743], "tipVelocity": [15.7704, -20.2862, -5.00397], "tool": false, "touchDistance": 0.202545, "touchZone": "hovering", "type": 1, "width": 17.7674}, {"bases": [[[0.943887, -0.0528944, -0.326004], [0.317875, 0.413358, 0.853282], [0.0896225, -0.909031, 0.406977]], [[0.946286, -0.0821703, -0.312715], [0.322714, 0.180316, 0.929162], [-0.019962, -0.980171, 0.197148]], [[0.946286, -0.0821703, -0.312715], [0.319833, 0.379768, 0.868034], [0.0474328, -0.921425, 0.38565]], [[0.946286, -0.0821703, -0.312715], [0.302372, 0.56745, 0.76588], [0.114518, -0.819298, 0.561816]]], "btipPosition": [-34.25, 305.764, 43.8074], "carpPosition": [-42.1486, 168.782, 97.2495], "dipPosition": [-36.1897, 291.887, 53.3231], "direction": [0.0474328, 0.921425, -0.38565], "extended": true, "handId": 49, "id": 492, "length": 60.3936, "mcpPosition": [-36.5381, 225.689, 71.7721], "pipPosition": [-37.4054, 268.271, 63.2073], "stabilizedTipPosition": [-34.8284, 302.442, 45.977], "timeVisible": 5.77547, "tipPosition": [-36.0465, 304.148, 50.0246], "tipVelocity": [12.989, -16.6245, 3.32254], "tool": false, "touchDistance": 0.197488, "touchZone": "hovering", "type": 2, "width": 17.45}, {"bases": [[[0.920122, -0.217098, -0.325951], [0.387194, 0.379334, 0.840349], [-0.0587942, -0.89943, 0.433093]], [[0.920048, -0.218211, -0.325415], [0.359768, 0.141577, 0.922238], [-0.155171, -0.965577, 0.208763]], [[0.920048, -0.218211, -0.325415], [0.384755, 0.34635, 0.855573], [-0.073988, -0.912374, 0.402616]], [[0.920048, -0.218211, -0.325415], [0.391558, 0.54159, 0.743884], [0.0139178, -0.811828, 0.583731]]], "btipPosition": [-63.8593, 295.094, 41.4314], "carpPosition": [-52.693, 169.205, 94.0633], "dipPosition": [-64.0937, 281.422, 51.2615], "direction": [-0.073988, 0.912374, -0.402616], "extended": true, "handId": 49, "id": 493, "length": 58.0701, "mcpPosition": [-55.9976, 219.758, 69.721], "pipPosition": [-62.2464, 258.642, 61.3141], "stabilizedTipPosition": [-64.1363, 291.824, 43.6174], "timeVisible": 5.77547, "tipPosition": [-67.1725, 293.381, 48.8741], "tipVelocity": [18.1504, -14.9194, 7.3509], "tool": false, "touchDistance": 0.197265, "touchZone": "hovering", "type": 3, "width": 16.6047}, {"bases": [[[0.830424, -0.379411, -0.407974], [0.518867, 0.259987, 0.814361], [-0.20291, -0.887949, 0.412763]], [[0.826567, -0.395618, -0.400342], [0.443897, 0.0209055, 0.895834], [-0.346038, -0.918177, 0.192893]], [[0.826567, -0.395618, -0.400342], [0.511285, 0.230389, 0.827954], [-0.235319, -0.889049, 0.392706]], [[0.826567, -0.395618, -0.400342], [0.548085, 0.403968, 0.732402], [-0.128026, -0.824801, 0.550738]]], "btipPosition": [-89.7282, 269.076, 43.2323], "carpPosition": [-62.0056, 165.128, 86.3343], "dipPosition": [-87.7393, 256.262, 51.7884], "direction": [-0.235319, 0.889049, -0.392706], "extended": true, "handId": 49, "id": 494, "length": 45.5259, "mcpPosition": [-72.5628, 211.327, 64.8587], "pipPosition": [-83.5909, 240.589, 58.7112], "stabilizedTipPosition": [-89.5118, 266.014, 45.2203], "timeVisible": 5.77547, "tipPosition": [-92.6292, 266.479, 49.3143], "tipVelocity": [18.534, -13.246, 10.8652], "tool": false, "touchDistance": 0.205201, "touchZone": "hovering", "type": 4, "width": 14.7496}], "r": [[0.394685, -0.271415, 0.877814], [-0.808983, 0.350307, 0.47205], [-0.435626, -0.896448, -0.0813089]], "s": 1.39574, "t": [35.6694, 56.2689, -60.2001], "timestamp": 17301474810}, {"currentFrameRate": 114.941, "devices": [], "gestures": [], "hands": [{"armBasis": [[0.802369, -0.0822117, -0.591139], [0.0106149, -0.988345, 0.15186], [-0.596734, -0.128123, -0.792145]], "armWidth": 58.1167, "confidence": 1, "direction": [0.0345715, 0.960631, -0.275668], "elbow": [104.588, 110.191, -109.839], "grabAngle": 0.166429, "grabStrength": 0, "id": 49, "palmNormal": [0.183698, -0.277242, -0.943076], "palmPosition": [-39.068, 202.694, 73.8583], "palmVelocity": [19.7372, -25.5738, 3.55555], "palmWidth": 81.6435, "pinchDistance": 67.7455, "pinchStrength": 0, "r": [[0.394795, -0.271271, 0.877809], [-0.809076, 0.350072, 0.472065], [-0.435354, -0.896583, -0.0812725]], "s": 1.39561, "sphereCenter": [-40.7711, 268.26, 130.907], "sphereRadius": 89.9044, "stabilizedPalmPosition": [-39.5483, 202.808, 73.7651], "t": [-35.5225, 56.1006, -60.1722], "timeVisible": 5.78421, "type": "left", "wrist": [-39.9805, 141.231, 82.0705]}], "id": 26753, "interactionBox": {"center": [0, 200, 0], "size": [235.247, 235.247, 147.751]}, "pointables": [{"bases": [[[0.552863, 0.428165, 0.714855], [-0.694965, -0.236399, 0.679073], [0.459746, -0.872233, 0.166864]], [[0.364818, 0.697904, 0.61631], [-0.742099, -0.181813, 0.645161], [0.562314, -0.692729, 0.451585]], [[0.364818, 0.697904, 0.61631], [-0.863886, 0.00682229, 0.503642], [0.347289, -0.716159, 0.605398]], [[0.364818, 0.697904, 0.61631], [-0.916368, 0.151935, 0.370384], [0.164854, -0.69989, 0.694966]]], "btipPosition": [17.9645, 219.724, 32.5745], "carpPosition": [-21.3715, 151.925, 86.0649], "dipPosition": [14.4871, 204.961, 47.234], "direction": [0.347289, 0.716159, -0.605398], "extended": true, "handId": 49, "id": 490, "length": 46.973, "mcpPosition": [-21.3715, 151.925, 86.0649], "pipPosition": [3.81461, 182.952, 65.8384], "stabilizedTipPosition": [16.7904, 216.491, 35.9433], "timeVisible": 5.78421, "tipPosition": [19.1079, 216.942, 38.2113], "tipVelocity": [17.2352, -27.9025, 7.17], "tool": false, "touchDistance": 0.213431, "touchZone": "hovering", "type": 0, "width": 18.6007}, {"bases": [[[0.962624, 0.143512, -0.229694], [0.152142, 0.415101, 0.896964], [0.224071, -0.898385, 0.377752]], [[0.976975, 0.0741824, -0.200044], [0.186967, 0.15401, 0.970219], [0.102782, -0.985281, 0.136594]], [[0.976975, 0.0741824, -0.200044], [0.163585, 0.341478, 0.925545], [0.13697, -0.936958, 0.32148]], [[0.976975, 0.0741824, -0.200044], [0.130139, 0.53579, 0.834262], [0.169069, -0.841086, 0.513799]]], "btipPosition": [-7.01285, 296.703, 53.4765], "carpPosition": [-31.3718, 165.882, 98.6178], "dipPosition": [-9.61642, 283.751, 61.3887], "direction": [0.13697, 0.936958, -0.32148], "extended": true, "handId": 49, "id": 491, "length": 53.0038, "mcpPosition": [-16.5803, 225.187, 73.6814], "pipPosition": [-12.6003, 263.339, 68.3922], "stabilizedTipPosition": [-7.89937, 294.194, 55.814], "timeVisible": 5.78421, "tipPosition": [-6.64808, 293.481, 54.817], "tipVelocity": [21.3086, -25.5367, 8.11115], "tool": false, "touchDistance": 0.203726, "touchZone": "hovering", "type": 1, "width": 17.7674}, {"bases": [[[0.943911, -0.0520642, -0.326069], [0.317577, 0.413563, 0.853294], [0.0904241, -0.908986, 0.406901]], [[0.946358, -0.0816836, -0.312625], [0.322529, 0.180346, 0.92922], [-0.0195215, -0.980206, 0.197017]], [[0.946358, -0.0816836, -0.312625], [0.319637, 0.378327, 0.868735], [0.0473128, -0.922061, 0.384142]], [[0.946358, -0.0816836, -0.312625], [0.302369, 0.565008, 0.767685], [0.113928, -0.821032, 0.559398]]], "btipPosition": [-34.052, 305.585, 43.9257], "carpPosition": [-42.0068, 168.559, 97.2777], "dipPosition": [-35.9816, 291.679, 53.4004], "direction": [0.0473128, 0.922061, -0.384142], "extended": true, "handId": 49, "id": 492, "length": 60.3936, "mcpPosition": [-36.3462, 225.463, 71.8051], "pipPosition": [-37.1942, 268.047, 63.246], "stabilizedTipPosition": [-34.8169, 302.44, 45.9814], "timeVisible": 5.78421, "tipPosition": [-35.7777, 303.913, 50.0376], "tipVelocity": [22.9334, -21.1898, 12.4621], "tool": false, "touchDistance": 0.199302, "touchZone": "hovering", "type": 2, "width": 17.45}, {"bases": [[[0.920285, -0.216288, -0.326028], [0.386925, 0.379599, 0.840353], [-0.0579991, -0.899513, 0.433027]], [[0.920236, -0.217049, -0.325661], [0.359803, 0.141829, 0.922186], [-0.153971, -0.965803, 0.208611]], [[0.920236, -0.217049, -0.325661], [0.384428, 0.345348, 0.856125], [-0.0733542, -0.913031, 0.401241]], [[0.920236, -0.217049, -0.325661], [0.391112, 0.539881, 0.745359], [0.0140395, -0.813276, 0.581709]]], "btipPosition": [-63.606, 294.935, 41.5373], "carpPosition": [-52.5507, 168.992, 94.0908], "dipPosition": [-63.8425, 281.239, 51.3333], "direction": [-0.0733542, 0.913031, -0.401241], "extended": true, "handId": 49, "id": 493, "length": 58.0701, "mcpPosition": [-55.8105, 219.549, 69.7523], "pipPosition": [-62.011, 258.442, 61.3515], "stabilizedTipPosition": [-64.1139, 291.822, 43.6255], "timeVisible": 5.78421, "tipPosition": [-66.9059, 293.177, 48.8862], "tipVelocity": [28.9382, -18.8379, 11.2154], "tool": false, "touchDistance": 0.198898, "touchZone": "hovering", "type": 3, "width": 16.6047}, {"bases": [[[0.830721, -0.378671, -0.408057], [0.518698, 0.260366, 0.814347], [-0.202126, -0.888154, 0.412708]], [[0.827067, -0.394112, -0.400793], [0.444124, 0.0211203, 0.895716], [-0.344548, -0.91882, 0.192503]], [[0.827067, -0.394112, -0.400793], [0.510872, 0.229631, 0.82842], [-0.234456, -0.889913, 0.391261]], [[0.827067, -0.394112, -0.400793], [0.547401, 0.402715, 0.733602], [-0.127716, -0.826133, 0.548811]]], "btipPosition": [-89.4805, 268.938, 43.3297], "carpPosition": [-61.8662, 164.923, 86.3609], "dipPosition": [-87.4964, 256.103, 51.8559], "direction": [-0.234456, 0.889913, -0.391261], "extended": true, "handId": 49, "id": 494, "length": 45.5259, "mcpPosition": [-72.3826, 211.133, 64.8882], "pipPosition": [-83.3633, 240.416, 58.7532], "stabilizedTipPosition": [-89.4898, 266.013, 45.2235], "timeVisible": 5.78421, "tipPosition": [-92.3851, 266.301, 49.3278], "tipVelocity": [28.2273, -16.3313, 10.3622], "tool": false, "touchDistance": 0.20671, "touchZone": "hovering", "type": 4, "width": 14.7496}], "r": [[0.394795, -0.271271, 0.877809], [-0.809076, 0.350072, 0.472065], [-0.435354, -0.896583, -0.0812725]], "s": 1.39561, "t": [35.5225, 56.1006, -60.1722], "timestamp": 17301483546}, {"currentFrameRate": 114.928, "devices": [], "gestures": [], "hands": [{"armBasis": [[0.80294, -0.0817068, -0.590434], [0.0114454, -0.988264, 0.152325], [-0.59595, -0.129066, -0.792581]], "armWidth": 58.1167, "confidence": 1, "direction": [0.0352217, 0.960469, -0.27615], "elbow": [104.522, 109.706, -109.866], "grabAngle": 0.162957, "grabStrength": 0, "id": 49, "palmNormal": [0.182256, -0.27786, -0.943173], "palmPosition": [-38.895, 202.432, 73.9038], "palmVelocity": [19.8267, -30.0886, 5.22058], "palmWidth": 81.6435, "pinchDistance": 67.7336, "pinchStrength": 0, "r": [[0.394723, -0.270995, 0.877927], [-0.809338, 0.34976, 0.471848], [-0.434932, -0.896788, -0.0812681]], "s": 1.3953, "sphereCenter": [-40.4845, 268.294, 131.653], "sphereRadius": 90.5116, "stabilizedPalmPosition": [-39.5126, 202.787, 73.7727], "t": [-35.3625, 55.8853, -60.1355], "timeVisible": 5.79293, "type": "left", "wrist": [-39.8562, 140.974, 82.1487]}], "id": 26754, "interactionBox": {"center": [0, 200, 0], "size": [235.247, 235.247, 147.751]}, "pointables": [{"bases": [[[0.551546, 0.42906, 0.715336], [-0.695553, -0.236804, 0.678328], [0.460438, -0.871683, 0.167826]], [[0.363834, 0.698026, 0.616753], [-0.74184, -0.183271, 0.645047], [0.563292, -0.692222, 0.451143]], [[0.363834, 0.698026, 0.616753], [-0.864546, 0.00662757, 0.502511], [0.346678, -0.716042, 0.605886]], [[0.363834, 0.698026, 0.616753], [-0.917109, 0.152655, 0.368249], [0.162897, -0.699612, 0.695707]]], "btipPosition": [18.0839, 219.417, 32.6107], "carpPosition": [-21.2358, 151.65, 86.1119], "dipPosition": [14.6478, 204.659, 47.2859], "direction": [0.346678, 0.716042, -0.605886], "extended": true, "handId": 49, "id": 490, "length": 46.973, "mcpPosition": [-21.2358, 151.65, 86.1119], "pipPosition": [3.9941, 182.655, 65.9052], "stabilizedTipPosition": [16.8195, 216.464, 35.9457], "timeVisible": 5.79293, "tipPosition": [19.2417, 216.6, 38.1679], "tipVelocity": [14.7791, -35.0658, 4.56652], "tool": false, "touchDistance": 0.214094, "touchZone": "hovering", "type": 0, "width": 18.6007}, {"bases": [[[0.962757, 0.144398, -0.22858], [0.150616, 0.415666, 0.89696], [0.224532, -0.897982, 0.378437]], [[0.977442, 0.0732747, -0.198087], [0.18508, 0.15467, 0.970475], [0.101749, -0.985245, 0.137619]], [[0.977442, 0.0732747, -0.198087], [0.162148, 0.340632, 0.926109], [0.135335, -0.937337, 0.321066]], [[0.977442, 0.0732747, -0.198087], [0.129283, 0.534074, 0.835495], [0.167013, -0.842257, 0.512553]]], "btipPosition": [-6.92427, 296.442, 53.4727], "carpPosition": [-31.2064, 165.623, 98.6707], "dipPosition": [-9.49618, 283.472, 61.3657], "direction": [0.135335, 0.937337, -0.321066], "extended": true, "handId": 49, "id": 491, "length": 53.0038, "mcpPosition": [-16.3844, 224.901, 73.6891], "pipPosition": [-12.4445, 263.052, 68.3602], "stabilizedTipPosition": [-7.88449, 294.166, 55.7936], "timeVisible": 5.79293, "tipPosition": [-6.41649, 293.18, 54.7865], "tipVelocity": [10.9898, -30.3718, -0.940087], "tool": false, "touchDistance": 0.203589, "touchZone": "hovering", "type": 1, "width": 17.7674}, {"bases": [[[0.944363, -0.0512414, -0.324889], [0.316106, 0.414278, 0.853493], [0.0908602, -0.908707, 0.407427]], [[0.946878, -0.0816748, -0.311048], [0.320991, 0.180911, 0.929643], [-0.0196563, -0.980102, 0.197518]], [[0.946878, -0.0816748, -0.311048], [0.318264, 0.376785, 0.869909], [0.0461487, -0.922693, 0.382764]], [[0.946878, -0.0816748, -0.311048], [0.301523, 0.561806, 0.770362], [0.11183, -0.823227, 0.556589]]], "btipPosition": [-33.9294, 305.368, 44.0186], "carpPosition": [-41.8403, 168.311, 97.3424], "dipPosition": [-35.8235, 291.425, 53.4458], "direction": [0.0461487, 0.922693, -0.382764], "extended": true, "handId": 49, "id": 492, "length": 60.3936, "mcpPosition": [-36.1523, 225.197, 71.8369], "pipPosition": [-37.0063, 267.776, 63.256], "stabilizedTipPosition": [-34.8009, 302.43, 45.9887], "timeVisible": 5.79293, "tipPosition": [-35.5182, 303.622, 49.9945], "tipVelocity": [14.9938, -25.8963, 9.39946], "tool": false, "touchDistance": 0.200669, "touchZone": "hovering", "type": 2, "width": 17.45}, {"bases": [[[0.920906, -0.21549, -0.324801], [0.385504, 0.38038, 0.840653], [-0.0576045, -0.899375, 0.433367]], [[0.920883, -0.215855, -0.324625], [0.358639, 0.142664, 0.92251], [-0.152817, -0.965947, 0.208791]], [[0.920883, -0.215855, -0.324625], [0.382899, 0.344393, 0.857194], [-0.0732318, -0.913674, 0.399796]], [[0.920883, -0.215855, -0.324625], [0.389618, 0.537667, 0.747738], [0.0131368, -0.815058, 0.57923]]], "btipPosition": [-63.3864, 294.739, 41.6662], "carpPosition": [-52.3876, 168.752, 94.1683], "dipPosition": [-63.6077, 281.014, 51.4205], "direction": [-0.0732318, 0.913674, -0.399796], "extended": true, "handId": 49, "id": 493, "length": 58.0701, "mcpPosition": [-55.6252, 219.302, 69.8107], "pipPosition": [-61.7792, 258.201, 61.4026], "stabilizedTipPosition": [-64.0831, 291.811, 43.6384], "timeVisible": 5.79293, "tipPosition": [-66.6496, 292.923, 48.8921], "tipVelocity": [25.5764, -23.1712, 13.6788], "tool": false, "touchDistance": 0.200887, "touchZone": "hovering", "type": 3, "width": 16.6047}, {"bases": [[[0.83161, -0.378002, -0.406866], [0.517431, 0.261271, 0.814863], [-0.201718, -0.888173, 0.412866]], [[0.828273, -0.392176, -0.400202], [0.443306, 0.0218135, 0.896105], [-0.342701, -0.919631, 0.191921]], [[0.828273, -0.392176, -0.400202], [0.509283, 0.229071, 0.829553], [-0.233656, -0.890912, 0.389462]], [[0.828273, -0.392176, -0.400202], [0.545524, 0.401326, 0.735759], [-0.127936, -0.827729, 0.546349]]], "btipPosition": [-89.2403, 268.774, 43.5007], "carpPosition": [-61.7168, 164.69, 86.4517], "dipPosition": [-87.2527, 255.915, 51.9886], "direction": [-0.233656, 0.890912, -0.389462], "extended": true, "handId": 49, "id": 494, "length": 45.5259, "mcpPosition": [-72.212, 210.901, 64.9707], "pipPosition": [-83.1337, 240.209, 58.8543], "stabilizedTipPosition": [-89.4598, 266.004, 45.2332], "timeVisible": 5.79293, "tipPosition": [-92.1527, 266.08, 49.3816], "tipVelocity": [27.6285, -19.4534, 18.5945], "tool": false, "touchDistance": 0.209413, "touchZone": "hovering", "type": 4, "width": 14.7496}], "r": [[0.394723, -0.270995, 0.877927], [-0.809338, 0.34976, 0.471848], [-0.434932, -0.896788, -0.0812681]], "s": 1.3953, "t": [35.3625, 55.8853, -60.1355], "timestamp": 17301492269}, {"currentFrameRate": 114.96, "devices": [], "gestures": [], "hands": [{"armBasis": [[0.803539, -0.0809387, -0.589724], [0.012352, -0.988232, 0.152464], [-0.595124, -0.129795, -0.793083]], "armWidth": 58.1167, "confidence": 1, "direction": [0.0360035, 0.960396, -0.276303], "elbow": [104.464, 109.239, -109.929], "grabAngle": 0.159182, "grabStrength": 0, "id": 49, "palmNormal": [0.181237, -0.278172, -0.943278], "palmPosition": [-38.6944, 202.14, 73.9546], "palmVelocity": [23.2136, -33.7369, 5.87288], "palmWidth": 81.6435, "pinchDistance": 67.7372, "pinchStrength": 0, "r": [[0.394586, -0.270669, 0.878089], [-0.809693, 0.349355, 0.471539], [-0.434396, -0.897045, -0.0813084]], "s": 1.39488, "sphereCenter": [-40.151, 268.31, 132.533], "sphereRadius": 91.2031, "stabilizedPalmPosition": [-39.4688, 202.753, 73.7824], "t": [-35.1822, 55.6318, -60.0918], "timeVisible": 5.80157, "type": "left", "wrist": [-39.714, 140.684, 82.2075]}], "id": 26755, "interactionBox": {"center": [0, 200, 0], "size": [235.247, 235.247, 147.751]}, "pointables": [{"bases": [[[0.550546, 0.429725, 0.715707], [-0.695833, -0.237437, 0.67782], [0.461211, -0.871183, 0.168297]], [[0.363062, 0.698015, 0.617221], [-0.741232, -0.185019, 0.645246], [0.564589, -0.691769, 0.450218]], [[0.363062, 0.698015, 0.617221], [-0.86508, 0.00642349, 0.501594], [0.346155, -0.716055, 0.60617]], [[0.363062, 0.698015, 0.617221], [-0.917833, 0.153794, 0.365964], [0.160523, -0.699373, 0.696498]]], "btipPosition": [18.2333, 219.083, 32.6705], "carpPosition": [-21.0784, 151.342, 86.1557], "dipPosition": [14.8472, 204.331, 47.3624], "direction": [0.346155, 0.716055, -0.60617], "extended": true, "handId": 49, "id": 490, "length": 46.973, "mcpPosition": [-21.0784, 151.342, 86.1557], "pipPosition": [4.2096, 182.326, 65.9904], "stabilizedTipPosition": [16.8557, 216.42, 35.9517], "timeVisible": 5.80157, "tipPosition": [19.4205, 216.241, 38.1623], "tipVelocity": [18.6129, -38.4231, 7.35933], "tool": false, "touchDistance": 0.215155, "touchZone": "hovering", "type": 0, "width": 18.6007}, {"bases": [[[0.962783, 0.145366, -0.227853], [0.149489, 0.415939, 0.897021], [0.22517, -0.897699, 0.378729]], [[0.97781, 0.0724755, -0.196559], [0.