{"frames": 62, "data": [{"currentFrameRate": 107.273, "devices": [], "gestures": [], "hands": [{"armBasis": [[0.824615, 0.0390845, -0.564342], [0.195027, 0.916806, 0.348468], [0.531012, -0.397414, 0.74839]], "armWidth": 48.9085, "confidence": 1, "direction": [0.302121, 0.822283, -0.482259], "elbow": [-50.8621, -20.1017, 247.128], "grabAngle": 0.52082, "grabStrength": 0, "id": 57, "palmNormal": [0.41676, -0.568925, -0.708968], "palmPosition": [91.0265, 110.161, 54.2937], "palmVelocity": [-6.33866, 0.293935, 2.82463], "palmWidth": 72.7825, "pinchDistance": 62.9824, "pinchStrength": 0, "r": [[0.898517, 0.0455259, 0.436571], [-0.0677559, 0.997071, 0.0354749], [-0.433677, -0.061455, 0.89897]], "s": 1.26145, "sphereCenter": [90.2595, 160.706, 63.455], "sphereRadius": 57.3365, "stabilizedPalmPosition": [91.4385, 109.81, 54.0599], "t": [58.3377, -47.661, -109.048], "timeVisible": 8.3251, "type": "left", "wrist": [63.8217, 65.7286, 85.4964]}], "id": 35422, "interactionBox": {"center": [0, 200, 0], "size": [235.247, 235.247, 147.751]}, "pointables": [{"bases": [[[0.658799, 0.674631, 0.332951], [-0.385695, -0.0771066, 0.919399], [0.645928, -0.734117, 0.209404]], [[0.437842, 0.861847, 0.255958], [-0.219165, -0.173792, 0.960085], [0.87193, -0.476462, 0.112794]], [[0.437842, 0.861847, 0.255958], [-0.508689, 0.00273702, 0.860946], [0.741303, -0.507161, 0.43961]], [[0.437842, 0.861847, 0.255958], [-0.800663, 0.244292, 0.547046], [0.408942, -0.444456, 0.79701]]], "btipPosition": [155.079, 109.413, 51.1514], "carpPosition": [93.6326, 69.223, 81.3664], "dipPosition": [147.765, 101.463, 65.4072], "direction": [0.741303, 0.507161, -0.43961], "extended": true, "handId": 57, "id": 570, "length": 39.8308, "mcpPosition": [93.6326, 69.223, 81.3664], "pipPosition": [128.448, 88.2476, 76.8627], "stabilizedTipPosition": [153.931, 107.182, 54.2269], "timeVisible": 8.3251, "tipPosition": [154.265, 105.684, 54.0704], "tipVelocity": [-7.29219, 7.72828, 8.70552], "tool": false, "touchDistance": 0.333197, "touchZone": "hovering", "type": 0, "width": 15.2554}, {"bases": [[[0.794444, 0.151084, -0.588246], [0.346615, 0.682548, 0.643418], [0.498716, -0.715054, 0.489878]], [[0.816911, 0.117457, -0.564678], [0.473687, 0.421933, 0.773042], [0.329055, -0.898986, 0.289043]], [[0.816911, 0.117457, -0.564678], [0.303117, 0.745504, 0.593586], [0.49069, -0.65607, 0.573407]], [[0.816911, 0.117457, -0.564678], [-0.00564222, 0.980625, 0.195815], [0.576737, -0.156777, 0.801745]]], "btipPosition": [140.917, 171.009, 25.627], "carpPosition": [84.1691, 85.2447, 85.0075], "dipPosition": [133.386, 168.961, 36.0962], "direction": [0.49069, 0.65607, -0.573407], "extended": true, "handId": 57, "id": 571, "length": 44.9446, "mcpPosition": [113.518, 127.324, 56.1792], "pipPosition": [124.322, 156.842, 46.6885], "stabilizedTipPosition": [139.573, 170.073, 27.8948], "timeVisible": 8.3251, "tipPosition": [140.681, 170.812, 29.9139], "tipVelocity": [-12.9002, 8.49449, -1.17743], "tool": false, "touchDistance": 0.292109, "touchZone": "hovering", "type": 1, "width": 14.572}, {"bases": [[[0.78371, -0.0654981, -0.617663], [0.4868, 0.6824, 0.545304], [0.385777, -0.728039, 0.566688]], [[0.798216, -0.0939574, -0.594998], [0.574781, 0.414321, 0.705667], [0.180217, -0.905268, 0.384722]], [[0.798216, -0.0939574, -0.594998], [0.476255, 0.703234, 0.527867], [0.368826, -0.704723, 0.60608]], [[0.798216, -0.0939574, -0.594998], [0.255227, 0.947467, 0.192781], [0.545628, -0.305741, 0.780264]]], "btipPosition": [120.212, 181.668, 9.7455], "carpPosition": [76.1915, 87.9831, 79.9213], "dipPosition": [112.375, 177.277, 20.9517], "direction": [0.368826, 0.704723, -0.60608], "extended": true, "handId": 57, "id": 572, "length": 51.2108, "mcpPosition": [97.7206, 128.613, 48.2961], "pipPosition": [104.359, 161.961, 34.1237], "stabilizedTipPosition": [118.662, 180.222, 12.1221], "timeVisible": 8.3251, "tipPosition": [117.906, 180.439, 13.1032], "tipVelocity": [-11.037, -1.04443, -6.51924], "tool": false, "touchDistance": 0.320915, "touchZone": "hovering", "type": 2, "width": 14.3116}, {"bases": [[[0.792997, -0.223176, -0.566876], [0.553598, 0.65242, 0.517568], [0.254333, -0.724251, 0.640917]], [[0.795367, -0.230018, -0.560787], [0.604356, 0.37163, 0.70473], [0.0463045, -0.899435, 0.434595]], [[0.795367, -0.230018, -0.560787], [0.552844, 0.654617, 0.515597], [0.248505, -0.720117, 0.647825]], [[0.795367, -0.230018, -0.560787], [0.375502, 0.913257, 0.157987], [0.475803, -0.336234, 0.812747]]], "btipPosition": [94.8107, 175.361, 1.62742], "carpPosition": [68.4305, 88.3118, 73.9023], "dipPosition": [88.0164, 170.56, 13.2331], "direction": [0.248505, 0.720116, -0.647825], "extended": true, "handId": 57, "id": 573, "length": 49.2406, "mcpPosition": [81.174, 124.601, 41.7888], "pipPosition": [82.7552, 155.314, 26.9487], "stabilizedTipPosition": [93.3823, 174.062, 4.26041], "timeVisible": 8.3251, "tipPosition": [91.8757, 173.573, 4.29379], "tipVelocity": [-8.89931, -6.68919, -9.18401], "tool": false, "touchDistance": 0.337672, "touchZone": "hovering", "type": 3, "width": 13.6184}, {"bases": [[[0.714659, -0.41021, -0.56656], [0.690479, 0.5432, 0.477674], [0.111809, -0.732572, 0.671444]], [[0.719746, -0.450074, -0.528581], [0.668706, 0.244871, 0.702047], [-0.186539, -0.858762, 0.477212]], [[0.719746, -0.450074, -0.528581], [0.692572, 0.518191, 0.501818], [0.0480508, -0.727263, 0.684675]], [[0.719746, -0.450074, -0.528581], [0.593249, 0.794196, 0.131562], [0.360585, -0.408272, 0.838626]]], "btipPosition": [67.8205, 156.932, 0.35331], "carpPosition": [62.2072, 83.4972, 65.6747], "dipPosition": [63.0704, 151.554, 11.401], "direction": [0.0480508, 0.727263, -0.684675], "extended": true, "handId": 57, "id": 574, "length": 38.6037, "mcpPosition": [67.3931, 117.475, 34.5317], "pipPosition": [62.3521, 140.682, 21.6356], "stabilizedTipPosition": [66.7852, 155.633, 2.91333], "timeVisible": 8.3251, "tipPosition": [64.4407, 154.895, 2.74001], "tipVelocity": [-5.92582, -10.2773, -8.10794], "tool": false, "touchDistance": 0.340861, "touchZone": "hovering", "type": 4, "width": 12.0969}], "r": [[0.898517, 0.0455259, 0.436571], [-0.0677559, 0.997071, 0.0354749], [-0.433677, -0.061455, 0.89897]], "s": 1.26145, "t": [-58.3377, -47.661, -109.048], "timestamp": 17377970937}, {"currentFrameRate": 107.584, "devices": [], "gestures": [], "hands": [{"armBasis": [[0.825812, 0.0364668, -0.562766], [0.194721, 0.918096, 0.345229], [0.529263, -0.394676, 0.751074]], "armWidth": 48.9085, "confidence": 1, "direction": [0.301578, 0.821721, -0.483555], "elbow": [-50.5096, -19.4403, 247.846], "grabAngle": 0.518777, "grabStrength": 0, "id": 57, "palmNormal": [0.417288, -0.56977, -0.707978], "palmPosition": [90.9605, 110.186, 54.3418], "palmVelocity": [-7.55442, 2.87895, 5.51438], "palmWidth": 72.7825, "pinchDistance": 62.9736, "pinchStrength": 0, "r": [[0.898893, 0.0453617, 0.435813], [-0.0675185, 0.997087, 0.0354793], [-0.432934, -0.0613176, 0.899338]], "s": 1.26113, "sphereCenter": [90.0827, 160.87, 63.5513], "sphereRadius": 57.4509, "stabilizedPalmPosition": [91.3803, 109.856, 54.0942], "t": [58.2726, -47.6404, -109.012], "timeVisible": 8.33383, "type": "left", "wrist": [63.7962, 65.7986, 85.6351]}], "id": 35423, "interactionBox": {"center": [0, 200, 0], "size": [235.247, 235.247, 147.751]}, "pointables": [{"bases": [[[0.659352, 0.674682, 0.331753], [-0.385617, -0.0753189, 0.919579], [0.645411, -0.734256, 0.210507]], [[0.438717, 0.861816, 0.25456], [-0.219332, -0.172016, 0.960367], [0.871448, -0.477162, 0.113557]], [[0.438717, 0.861816, 0.25456], [-0.508515, 0.0045346, 0.861041], [0.740904, -0.507201, 0.440236]], [[0.438717, 0.861816, 0.25456], [-0.800222, 0.245784, 0.547024], [0.408868, -0.443693, 0.797473]]], "btipPosition": [155.009, 109.5, 51.2116], "carpPosition": [93.5932, 69.2943, 81.4816], "dipPosition": [147.696, 101.564, 65.4757], "direction": [0.740905, 0.507201, -0.440236], "extended": true, "handId": 57, "id": 570, "length": 39.8308, "mcpPosition": [93.5932, 69.2943, 81.4816], "pipPosition": [128.389, 88.3468, 76.9474], "stabilizedTipPosition": [153.867, 107.234, 54.2551], "timeVisible": 8.33383, "tipPosition": [154.202, 105.759, 54.1355], "tipVelocity": [-8.02535, 10.2861, 7.11182], "tool": false, "touchDistance": 0.334142, "touchZone": "hovering", "type": 0, "width": 15.2554}, {"bases": [[[0.794469, 0.149531, -0.588607], [0.347219, 0.683338, 0.642253], [0.498254, -0.714626, 0.490971]], [[0.817084, 0.115661, -0.564797], [0.474056, 0.422732, 0.772379], [0.328092, -0.898844, 0.290577]], [[0.817084, 0.115661, -0.564797], [0.304747, 0.744964, 0.593429], [0.48939, -0.657002, 0.573451]], [[0.817084, 0.115661, -0.564797], [-0.00234851, 0.980329, 0.197358], [0.576514, -0.159932, 0.801283]]], "btipPosition": [140.78, 171.107, 25.6053], "carpPosition": [84.1172, 85.3148, 85.0953], "dipPosition": [133.252, 169.019, 36.0684], "direction": [0.48939, 0.657002, -0.573451], "extended": true, "handId": 57, "id": 571, "length": 44.9446, "mcpPosition": [113.438, 127.369, 56.2026], "pipPosition": [124.211, 156.882, 46.6616], "stabilizedTipPosition": [139.478, 170.174, 27.916], "timeVisible": 8.33383, "tipPosition": [140.565, 170.834, 29.8606], "tipVelocity": [-15.6846, 10.2201, -2.6461], "tool": false, "touchDistance": 0.291724, "touchZone": "hovering", "type": 1, "width": 14.572}, {"bases": [[[0.78357, -0.0670904, -0.61767], [0.487389, 0.682925, 0.544119], [0.385317, -0.727401, 0.567819]], [[0.798073, -0.0955547, -0.594936], [0.575158, 0.415167, 0.704862], [0.179645, -0.904713, 0.386292]], [[0.798073, -0.0955547, -0.594936], [0.477307, 0.70288, 0.527388], [0.367774, -0.704861, 0.606558]], [[0.798073, -0.0955547, -0.594936], [0.256952, 0.947042, 0.19258], [0.545027, -0.306563, 0.780362]]], "btipPosition": [120.08, 181.683, 9.69489], "carpPosition": [76.1383, 88.039, 80.0034], "dipPosition": [112.252, 177.28, 20.9025], "direction": [0.367774, 0.704861, -0.606558], "extended": true, "handId": 57, "id": 572, "length": 51.2108, "mcpPosition": [97.6418, 128.633, 48.3151], "pipPosition": [104.26, 161.961, 34.0849], "stabilizedTipPosition": [118.605, 180.289, 12.1445], "timeVisible": 8.33383, "tipPosition": [117.795, 180.418, 13.0386], "tipVelocity": [-14.8291, 1.37155, -5.76039], "tool": false, "touchDistance": 0.320076, "touchZone": "hovering", "type": 2, "width": 14.3116}, {"bases": [[[0.792746, -0.224692, -0.566627], [0.554161, 0.65285, 0.516422], [0.253887, -0.723395, 0.64206]], [[0.795127, -0.231568, -0.56049], [0.604704, 0.372674, 0.70388], [0.0458836, -0.898605, 0.436353]], [[0.795127, -0.231568, -0.56049], [0.553553, 0.654622, 0.514828], [0.247691, -0.719615, 0.648694]], [[0.795127, -0.231568, -0.56049], [0.376913, 0.912743, 0.157597], [0.475089, -0.336565, 0.813028]]], "btipPosition": [94.694, 175.324, 1.56814], "carpPosition": [68.378, 88.3521, 73.9827], "dipPosition": [87.91, 170.518, 13.1778], "direction": [0.247691, 0.719615, -0.648694], "extended": true, "handId": 57, "id": 573, "length": 49.2406, "mcpPosition": [81.0991, 124.598, 41.812], "pipPosition": [82.6659, 155.283, 26.9118], "stabilizedTipPosition": [93.3399, 174.089, 4.25665], "timeVisible": 8.33383, "tipPosition": [91.7715, 173.518, 4.23868], "tipVelocity": [-13.0956, -4.3495, -6.68456], "tool": false, "touchDistance": 0.336363, "touchZone": "hovering", "type": 3, "width": 13.6184}, {"bases": [[[0.714269, -0.411667, -0.565994], [0.690955, 0.543463, 0.476686], [0.111361, -0.731559, 0.672622]], [[0.719331, -0.451462, -0.527962], [0.669083, 0.245911, 0.701324], [-0.18679, -0.857735, 0.478958]], [[0.719331, -0.451462, -0.527962], [0.693032, 0.518499, 0.500864], [0.0476268, -0.726182, 0.685851]], [[0.719331, -0.451462, -0.527962], [0.594168, 0.793616, 0.130911], [0.359898, -0.407866, 0.839118]]], "btipPosition": [67.7299, 156.858, 0.314872], "carpPosition": [62.1595, 83.5194, 65.7621], "dipPosition": [62.9888, 151.485, 11.369], "direction": [0.0476268, 0.726182, -0.685851], "extended": true, "handId": 57, "id": 574, "length": 38.6037, "mcpPosition": [67.3246, 117.451, 34.5645], "pipPosition": [62.2768, 140.63, 21.6212], "stabilizedTipPosition": [66.7556, 155.631, 2.90194], "timeVisible": 8.33383, "tipPosition": [64.3504, 154.817, 2.71145], "tipVelocity": [-10.1442, -8.33487, -4.23223], "tool": false, "touchDistance": 0.339554, "touchZone": "hovering", "type": 4, "width": 12.0969}], "r": [[0.898893, 0.0453617, 0.435813], [-0.0675185, 0.997087, 0.0354793], [-0.432934, -0.0613176, 0.899338]], "s": 1.26113, "t": [-58.2726, -47.6404, -109.012], "timestamp": 17377979667}, {"currentFrameRate": 107.943, "devices": [], "gestures": [], "hands": [{"armBasis": [[0.827617, 0.0346089, -0.560226], [0.193378, 0.919411, 0.342473], [0.526931, -0.391771, 0.754227]], "armWidth": 48.9085, "confidence": 1, "direction": [0.301188, 0.821365, -0.484402], "elbow": [-50.0832, -18.7508, 248.678], "grabAngle": 0.516309, "grabStrength": 0, "id": 57, "palmNormal": [0.416969, -0.570293, -0.707745], "palmPosition": [90.8452, 110.209, 54.4143], "palmVelocity": [-13.3924, 2.65219, 8.40813], "palmWidth": 72.7825, "pinchDistance": 62.9721, "pinchStrength": 0, "r": [[0.899146, 0.0452765, 0.435301], [-0.0673043, 0.997107, 0.035311], [-0.432443, -0.0610473, 0.899592]], "s": 1.26096, "sphereCenter": [89.8936, 161.044, 63.7342], "sphereRadius": 57.5855, "stabilizedPalmPosition": [91.3209, 109.895, 54.1298], "t": [58.1824, -47.6187, -108.958], "timeVisible": 8.34244, "type": "left", "wrist": [63.719, 65.8608, 85.786]}], "id": 35424, "interactionBox": {"center": [0, 200, 0], "size": [235.247, 235.247, 147.751]}, "pointables": [{"bases": [[[0.65926, 0.674861, 0.331571], [-0.386148, -0.074507, 0.919423], [0.645187, -0.734174, 0.211477]], [[0.438841, 0.861873, 0.254152], [-0.220019, -0.171167, 0.960361], [0.871212, -0.477364, 0.114513]], [[0.438841, 0.861873, 0.254152], [-0.508727, 0.00516016, 0.860913], [0.740686, -0.507098, 0.440722]], [[0.438841, 0.861873, 0.254152], [-0.799974, 0.245927, 0.547323], [0.40922, -0.443503, 0.797399]]], "btipPosition": [154.906, 109.547, 51.2667], "carpPosition": [93.499, 69.3399, 81.5862], "dipPosition": [147.586, 101.614, 65.5294], "direction": [0.740686, 0.507098, -0.440722], "extended": true, "handId": 57, "id": 570, "length": 39.8308, "mcpPosition": [93.499, 69.3399, 81.5862], "pipPosition": [128.286, 88.4005, 77.0138], "stabilizedTipPosition": [153.8, 107.284, 54.2852], "timeVisible": 8.34244, "tipPosition": [154.085, 105.794, 54.1764], "tipVelocity": [-12.1226, 5.60957, 6.35795], "tool": false, "touchDistance": 0.334882, "touchZone": "hovering", "type": 0, "width": 15.2554}, {"bases": [[[0.794824, 0.148933, -0.588281], [0.346953, 0.683817, 0.641886], [0.497875, -0.714292, 0.491841]], [[0.817564, 0.114854, -0.564267], [0.473632, 0.423198, 0.772383], [0.327508, -0.898728, 0.291593]], [[0.817564, 0.114854, -0.564267], [0.305642, 0.743928, 0.594267], [0.488028, -0.658315, 0.573105]], [[0.817564, 0.114854, -0.564267], [0.000606636, 0.979734, 0.2003], [0.575837, -0.1641, 0.800926]]], "btipPosition": [140.61, 171.21, 25.6286], "carpPosition": [84.0228, 85.362, 85.192], "dipPosition": [133.091, 169.067, 36.087], "direction": [0.488028, 0.658315, -0.573105], "extended": true, "handId": 57, "id": 571, "length": 44.9446, "mcpPosition": [113.322, 127.397, 56.2482], "pipPosition": [124.075, 156.906, 46.6738], "stabilizedTipPosition": [139.369, 170.272, 27.9374], "timeVisible": 8.34244, "tipPosition": [140.418, 170.843, 29.8441], "tipVelocity": [-19.4907, 10.4406, 2.5758], "tool": false, "touchDistance": 0.292094, "touchZone": "hovering", "type": 1, "width": 14.572}, {"bases": [[[0.78391, -0.0677104, -0.617171], [0.487179, 0.683303, 0.543832], [0.384892, -0.726988, 0.568635]], [[0.798404, -0.0961733, -0.594392], [0.574779, 0.415837, 0.704776], [0.17939, -0.90434, 0.387284]], [[0.798404, -0.0961733, -0.594392], [0.477604, 0.702294, 0.527898], [0.366669, -0.70536, 0.606647]], [[0.798404, -0.0961733, -0.594392], [0.258215, 0.94647, 0.193701], [0.543946, -0.308132, 0.780498]]], "btipPosition": [119.91, 181.721, 9.70794], "carpPosition": [76.0406, 88.0808, 80.1025], "dipPosition": [112.098, 177.296, 20.9175], "direction": [0.366669, 0.70536, -0.606647], "extended": true, "handId": 57, "id": 572, "length": 51.2108, "mcpPosition": [97.5204, 128.652, 48.3685], "pipPosition": [104.129, 161.966, 34.1018], "stabilizedTipPosition": [118.528, 180.353, 12.1665], "timeVisible": 8.34244, "tipPosition": [117.648, 180.411, 13.0357], "tipVelocity": [-19.3599, 3.86248, 1.56695], "tool": false, "touchDistance": 0.320301, "touchZone": "hovering", "type": 2, "width": 14.3116}, {"bases": [[[0.793035, -0.225271, -0.565994], [0.553962, 0.653197, 0.516198], [0.253421, -0.722902, 0.642799]], [[0.795427, -0.23219, -0.559806], [0.604319, 0.373624, 0.703708], [0.0457633, -0.89805, 0.437507]], [[0.795427, -0.23219, -0.559806], [0.55351, 0.654519, 0.515007], [0.246825, -0.719509, 0.649142]], [[0.795427, -0.23219, -0.559806], [0.377827, 0.912209, 0.158498], [0.473859, -0.337583, 0.813324]]], "btipPosition": [94.5295, 175.329, 1.58119], "carpPosition": [68.2768, 88.3879, 74.0859], "dipPosition": [87.763, 170.508, 13.1951], "direction": [0.246825, 0.719509, -0.649142], "extended": true, "handId": 57, "id": 573, "length": 49.2406, "mcpPosition": [80.9746, 124.609, 41.8782], "pipPosition": [82.5373, 155.275, 26.9385], "stabilizedTipPosition": [93.2752, 174.112, 4.2559], "timeVisible": 8.34244, "tipPosition": [91.6207, 173.501, 4.25853], "tipVelocity": [-18.6301, 0.129365, 1.62746], "tool": false, "touchDistance": 0.33627, "touchZone": "hovering", "type": 3, "width": 13.6184}, {"bases": [[[0.714531, -0.412235, -0.565251], [0.690762, 0.543757, 0.47663], [0.110876, -0.731021, 0.673287]], [[0.719579, -0.452133, -0.52705], [0.668819, 0.247105, 0.701156], [-0.186779, -0.857038, 0.480207]], [[0.719579, -0.452133, -0.52705], [0.692811, 0.518934, 0.50072], [0.0471118, -0.725454, 0.686657]], [[0.719579, -0.452133, -0.52705], [0.594629, 0.793189, 0.131402], [0.358639, -0.407954, 0.839614]]], "btipPosition": [67.5783, 156.833, 0.342348], "carpPosition": [62.0544, 83.5476, 65.8728], "dipPosition": [62.8538, 151.459, 11.403], "direction": [0.0471118, 0.725454, -0.686657], "extended": true, "handId": 57, "id": 574, "length": 38.6037, "mcpPosition": [67.197, 117.454, 34.6443], "pipPosition": [62.1495, 140.614, 21.6673], "stabilizedTipPosition": [66.702, 155.624, 2.89876], "timeVisible": 8.34244, "tipPosition": [64.2026, 154.795, 2.76239], "tipVelocity": [-17.1556, -2.97517, 3.36434], "tool": false, "touchDistance": 0.339367, "touchZone": "hovering", "type": 4, "width": 12.0969}], "r": [[0.899146, 0.0452765, 0.435301], [-0.0673043, 0.997107, 0.035311], [-0.432443, -0.0610473, 0.899592]], "s": 1.26096, "t": [-58.1824, -47.6187, -108.958], "timestamp": 17377988281}, {"currentFrameRate": 108.216, "devices": [], "gestures": [], "hands": [{"armBasis": [[0.829915, 0.0335039, -0.556883], [0.19115, 0.920698, 0.34026], [0.524121, -0.388835, 0.757697]], "armWidth": 48.9085, "confidence": 1, "direction": [0.301074, 0.820702, -0.485595], "elbow": [-49.6359, -18.0156, 249.609], "grabAngle": 0.511532, "grabStrength": 0, "id": 57, "palmNormal": [0.415466, -0.571243, -0.707862], "palmPosition": [90.656, 110.248, 54.4918], "palmVelocity": [-21.6305, 4.40492, 8.86686], "palmWidth": 72.7825, "pinchDistance": 62.963, "pinchStrength": 0, "r": [[0.899209, 0.0454226, 0.435155], [-0.0672947, 0.99712, 0.0349766], [-0.432313, -0.0607349, 0.899676]], "s": 1.26091, "sphereCenter": [89.6478, 161.333, 64.0292], "sphereRadius": 57.8122, "stabilizedPalmPosition": [91.2476, 109.934, 54.1697], "t": [58.0427, -47.5885, -108.892], "timeVisible": 8.35119, "type": "left", "wrist": [63.5595, 65.9619, 85.9683]}], "id": 35425, "interactionBox": {"center": [0, 200, 0], "size": [235.247, 235.247, 147.751]}, "pointables": [{"bases": [[[0.658247, 0.675657, 0.331962], [-0.387483, -0.0739742, 0.918904], [0.64542, -0.733496, 0.213112]], [[0.437942, 0.862348, 0.254093], [-0.221852, -0.17023, 0.960106], [0.871199, -0.476842, 0.116762]], [[0.437942, 0.862348, 0.254093], [-0.509834, 0.00544235, 0.860256], [0.740457, -0.506287, 0.442038]], [[0.437942, 0.862348, 0.254093], [-0.800071, 0.24496, 0.547614], [0.409991, -0.443115, 0.797218]]], "btipPosition": [154.734, 109.559, 51.2561], "carpPosition": [93.3201, 69.4008, 81.6964], "dipPosition": [147.401, 101.633, 65.5156], "direction": [0.740457, 0.506287, -0.442038], "extended": true, "handId": 57, "id": 570, "length": 39.8308, "mcpPosition": [93.3201, 69.4008, 81.6964], "pipPosition": [128.106, 88.4405, 77.0343], "stabilizedTipPosition": [153.717, 107.334, 54.3129], "timeVisible": 8.35119, "tipPosition": [153.891, 105.788, 54.163], "tipVelocity": [-19.9842, 1.55738, -1.29908], "tool": false, "touchDistance": 0.334557, "touchZone": "hovering", "type": 0, "width": 15.2554}, {"bases": [[[0.795601, 0.149007, -0.587211], [0.345464, 0.684655, 0.641796], [0.497669, -0.713473, 0.493236]], [[0.818571, 0.11459, -0.56286], [0.471998, 0.424257, 0.772802], [0.327353, -0.898262, 0.293198]], [[0.818571, 0.11459, -0.56286], [0.305621, 0.742798, 0.59569], [0.486352, -0.659636, 0.573011]], [[0.818571, 0.11459, -0.56286], [0.00388726, 0.978772, 0.204917], [0.574393, -0.169927, 0.800748]]], "btipPosition": [140.381, 171.318, 25.608], "carpPosition": [83.8614, 85.4334, 85.3022], "dipPosition": [132.881, 169.099, 36.0642], "direction": [0.486352, 0.659636, -0.573012], "extended": true, "handId": 57, "id": 571, "length": 44.9446, "mcpPosition": [113.148, 127.42, 56.2763], "pipPosition": [123.897, 156.914, 46.6492], "stabilizedTipPosition": [139.238, 170.371, 27.9513], "timeVisible": 8.35119, "tipPosition": [140.224, 170.821, 29.7777], "tipVelocity": [-25.6165, 10.3868, -2.41179], "tool": false, "touchDistance": 0.291743, "touchZone": "hovering", "type": 1, "width": 14.572}, {"bases": [[[0.784894, -0.0676708, -0.615923], [0.485839, 0.68416, 0.543955], [0.38458, -0.726186, 0.56987]], [[0.79935, -0.0960519, -0.593138], [0.573352, 0.417219, 0.705121], [0.17974, -0.903716, 0.388575]], [[0.79935, -0.0960519, -0.593138], [0.476979, 0.701767, 0.529164], [0.365418, -0.705902, 0.606772]], [[0.79935, -0.0960519, -0.593138], [0.259661, 0.945427, 0.196834], [0.541863, -0.311354, 0.780668]]], "btipPosition": [119.681, 181.784, 9.70609], "carpPosition": [75.8737, 88.1536, 80.2223], "dipPosition": [111.899, 177.312, 20.9181], "direction": [0.365418, 0.705902, -0.606772], "extended": true, "handId": 57, "id": 572, "length": 51.2108, "mcpPosition": [97.336, 128.68, 48.4194], "pipPosition": [103.957, 161.971, 34.1051], "stabilizedTipPosition": [118.424, 180.419, 12.186], "timeVisible": 8.35119, "tipPosition": [117.451, 180.394, 13.0058], "tipVelocity": [-25.3514, 5.99821, -0.147074], "tool": false, "touchDistance": 0.32028, "touchZone": "hovering", "type": 2, "width": 14.3116}, {"bases": [[[0.794061, -0.225179, -0.56459], [0.552686, 0.654079, 0.516449], [0.252993, -0.722133, 0.643831]], [[0.796422, -0.232011, -0.558465], [0.602966, 0.37536, 0.703944], [0.0463026, -0.897372, 0.438839]], [[0.796422, -0.232011, -0.558465], [0.552537, 0.654517, 0.516054], [0.245795, -0.719569, 0.649466]], [[0.796422, -0.232011, -0.558465], [0.378874, 0.911202, 0.161757], [0.471345, -0.340415, 0.813604]]], "btipPosition": [94.2929, 175.382, 1.60441], "carpPosition": [68.101, 88.4612, 74.2172], "dipPosition": [87.5623, 170.521, 13.2223], "direction": [0.245795, 0.719569, -0.649466], "extended": true, "handId": 57, "id": 573, "length": 49.2406, "mcpPosition": [80.7773, 124.644, 41.9577], "pipPosition": [82.3585, 155.287, 26.9726], "stabilizedTipPosition": [93.1772, 174.14, 4.25971], "timeVisible": 8.35119, "tipPosition": [91.4082, 173.496, 4.27811], "tipVelocity": [-26.1036, 5.03097, 2.76032], "tool": false, "touchDistance": 0.336339, "touchZone": "hovering", "type": 3, "width": 13.6184}, {"bases": [[[0.715697, -0.412201, -0.563798], [0.689629, 0.544707, 0.477186], [0.110409, -0.730332, 0.674111]], [[0.720718, -0.452067, -0.525548], [0.667794, 0.249281, 0.701363], [-0.186054, -0.856443, 0.48155]], [[0.720718, -0.452067, -0.525548], [0.691678, 0.51961, 0.501584], [0.0463302, -0.725011, 0.687178]], [[0.720718, -0.452067, -0.525548], [0.594967, 0.792457, 0.13426], [0.35578, -0.409447, 0.840104]]], "btipPosition": [67.335, 156.868, 0.398698], "carpPosition": [61.8624, 83.6182, 66.0179], "dipPosition": [62.6481, 151.475, 11.4658], "direction": [0.0463302, 0.725011, -0.687178], "extended": true, "handId": 57, "id": 574, "length": 38.6037, "mcpPosition": [66.9834, 117.493, 34.7512], "pipPosition": [61.9555, 140.637, 21.7378], "stabilizedTipPosition": [66.6106, 155.625, 2.90807], "timeVisible": 8.35119, "tipPosition": [63.9728, 154.808, 2.84045], "tipVelocity": [-26.834, 3.55666, 6.61241], "tool": false, "touchDistance": 0.339631, "touchZone": "hovering", "type": 4, "width": 12.0969}], "r": [[0.899209, 0.0454226, 0.435155], [-0.0672947, 0.99712, 0.0349766], [-0.432313, -0.0607349, 0.899676]], "s": 1.26091, "t": [-58.0427, -47.5885, -108.892], "timestamp": 17377997027}, {"currentFrameRate": 108.577, "devices": [], "gestures": [], "hands": [{"armBasis": [[0.83268, 0.0319339, -0.552833], [0.18883, 0.922125, 0.337683], [0.520564, -0.385573, 0.761805]], "armWidth": 48.9085, "confidence": 1, "direction": [0.300301, 0.820055, -0.487165], "elbow": [-49.0865, -17.1423, 250.725], "grabAngle": 0.506539, "grabStrength": 0, "id": 57, "palmNormal": [0.413657, -0.572177, -0.708167], "palmPosition": [90.368, 110.355, 54.5852], "palmVelocity": [-33.6406, 12.5437, 10.9098], "palmWidth": 72.7825, "pinchDistance": 62.9589, "pinchStrength": 0, "r": [[0.899061, 0.0457042, 0.435431], [-0.0673797, 0.997132, 0.034461], [-0.432607, -0.0603218, 0.899562]], "s": 1.26094, "sphereCenter": [89.2568, 161.749, 64.3959], "sphereRadius": 58.0908, "stabilizedPalmPosition": [91.1526, 109.979, 54.2145], "t": [57.8289, -47.5198, -108.812], "timeVisible": 8.35975, "type": "left", "wrist": [63.3408, 66.1307, 86.197]}], "id": 35426, "interactionBox": {"center": [0, 200, 0], "size": [235.247, 235.247, 147.751]}, "pointables": [{"bases": [[[0.657241, 0.676274, 0.332699], [-0.389515, -0.073121, 0.918113], [0.645223, -0.733012, 0.215361]], [[0.437399, 0.862572, 0.254267], [-0.224156, -0.169245, 0.959745], [0.870882, -0.476787, 0.119323]], [[0.437399, 0.862572, 0.254267], [-0.511405, 0.00601881, 0.859319], [0.739694, -0.505899, 0.443756]], [[0.437399, 0.862572, 0.254267], [-0.800296, 0.244422, 0.547525], [0.410131, -0.442976, 0.797223]]], "btipPosition": [154.462, 109.681, 51.2409], "carpPosition": [93.0774, 69.5368, 81.8284], "dipPosition": [147.126, 101.757, 65.5005], "direction": [0.739694, 0.505899, -0.443756], "extended": true, "handId": 57, "id": 570, "length": 39.8308, "mcpPosition": [93.0774, 69.5368, 81.8284], "pipPosition": [127.851, 88.5744, 77.064], "stabilizedTipPosition": [153.61, 107.394, 54.3365], "timeVisible": 8.35975, "tipPosition": [153.597, 105.877, 54.1208], "tipVelocity": [-31.9251, 14.2323, -1.76756], "tool": false, "touchDistance": 0.334208, "touchZone": "hovering", "type": 0, "width": 15.2554}, {"bases": [[[0.796858, 0.148674, -0.585588], [0.34376, 0.685489, 0.641821], [0.496836, -0.712742, 0.49513]], [[0.820148, 0.113725, -0.560735], [0.470061, 0.424805, 0.773682], [0.326189, -0.898113, 0.294945]], [[0.820148, 0.113725, -0.560735], [0.305941, 0.740999, 0.597763], [0.483484, -0.661806, 0.572936]], [[0.820148, 0.113725, -0.560735], [0.00773999, 0.977752, 0.209622], [0.572099, -0.176261, 0.801021]]], "btipPosition": [139.983, 171.537, 25.5727], "carpPosition": [83.633, 85.577, 85.4378], "dipPosition": [132.512, 169.235, 36.0324], "direction": [0.483484, 0.661806, -0.572936], "extended": true, "handId": 57, "id": 571, "length": 44.9446, "mcpPosition": [112.871, 127.52, 56.3004], "pipPosition": [123.581, 157.01, 46.616], "stabilizedTipPosition": [139.062, 170.486, 27.9562], "timeVisible": 8.35975, "tipPosition": [139.887, 170.884, 29.6756], "tipVelocity": [-45.7532, 23.3038, -4.03535], "tool": false, "touchDistance": 0.291167, "touchZone": "hovering", "type": 1, "width": 14.572}, {"bases": [[[0.7863, -0.068039, -0.614087], [0.484354, 0.684941, 0.544295], [0.383581, -0.725414, 0.571524]], [[0.800719, -0.0963971, -0.591233], [0.5716, 0.418238, 0.705939], [0.179226, -0.903208, 0.389992]], [[0.800719, -0.0963971, -0.591233], [0.47635, 0.700921, 0.530849], [0.363235, -0.706695, 0.607159]], [[0.800719, -0.0963971, -0.591233], [0.261388, 0.944277, 0.200044], [0.539004, -0.314721, 0.781298]]], "btipPosition": [119.279, 181.929, 9.69474], "carpPosition": [75.6349, 88.2949, 80.3728], "dipPosition": [111.538, 177.409, 20.9158], "direction": [0.363235, 0.706695, -0.607159], "extended": true, "handId": 57, "id": 572, "length": 51.2108, "mcpPosition": [97.0415, 128.778, 48.4777], "pipPosition": [103.644, 162.05, 34.1112], "stabilizedTipPosition": [118.269, 180.498, 12.2009], "timeVisible": 8.35975, "tipPosition": [117.1, 180.449, 12.9581], "tipVelocity": [-45.8544, 15.6412, -1.08241], "tool": false, "touchDistance": 0.320126, "touchZone": "hovering", "type": 2, "width": 14.3116}, {"bases": [[[0.795412, -0.225487, -0.562562], [0.551274, 0.654856, 0.516972], [0.251827, -0.721331, 0.645186]], [[0.797735, -0.232232, -0.556496], [0.601246, 0.376822, 0.704633], [0.0460613, -0.896702, 0.440232]], [[0.797735, -0.232232, -0.556496], [0.551494, 0.654209, 0.517556], [0.243872, -0.719777, 0.64996]], [[0.797735, -0.232232, -0.556496], [0.380184, 0.910033, 0.165226], [0.468059, -0.343378, 0.814256]]], "btipPosition": [93.8866, 175.503, 1.63692], "carpPosition": [67.8489, 88.5989, 74.3849], "dipPosition": [87.2029, 170.6, 13.2641], "direction": [0.243872, 0.719777, -0.64996], "extended": true, "handId": 57, "id": 573, "length": 49.2406, "mcpPosition": [80.4668, 124.742, 42.0576], "pipPosition": [82.0397, 155.361, 27.0249], "stabilizedTipPosition": [93.023, 174.184, 4.2693], "timeVisible": 8.35975, "tipPosition": [91.0377, 173.552, 4.30091], "tipVelocity": [-46.214, 13.0384, 4.04765], "tool": false, "touchDistance": 0.336558, "touchZone": "hovering", "type": 3, "width": 13.6184}, {"bases": [[[0.717118, -0.412539, -0.561741], [0.688347, 0.545495, 0.478135], [0.109178, -0.729553, 0.675154]], [[0.722065, -0.452321, -0.523476], [0.666342, 0.251231, 0.702048], [-0.186038, -0.855739, 0.482806]], [[0.722065, -0.452321, -0.523476], [0.690386, 0.519889, 0.503073], [0.0445989, -0.724652, 0.68767]], [[0.722065, -0.452321, -0.523476], [0.595528, 0.791468, 0.137565], [0.352091, -0.411076, 0.840862]]], "btipPosition": [66.9315, 156.96, 0.486013], "carpPosition": [61.5901, 83.7494, 66.2049], "dipPosition": [62.2933, 151.545, 11.5631], "direction": [0.0445989, 0.724652, -0.68767], "extended": true, "handId": 57, "id": 574, "length": 38.6037, "mcpPosition": [66.654, 117.588, 34.8898], "pipPosition": [61.6266, 140.713, 21.8425], "stabilizedTipPosition": [66.4607, 155.643, 2.93334], "timeVisible": 8.35975, "tipPosition": [63.5906, 154.871, 2.94532], "tipVelocity": [-45.8224, 10.179, 10.4687], "tool": false, "touchDistance": 0.340345, "touchZone": "hovering", "type": 4, "width": 12.0969}], "r": [[0.899061, 0.0457042, 0.435431], [-0.0673797, 0.997132, 0.034461], [-0.432607, -0.0603218, 0.899562]], "s": 1.26094, "t": [-57.8289, -47.5198, -108.812], "timestamp": 17378005587}, {"currentFrameRate": 108.809, "devices": [], "gestures": [], "hands": [{"armBasis": [[0.835924, 0.0325023, -0.547882], [0.184651, 0.923399, 0.336508], [0.516851, -0.382462, 0.76589]], "armWidth": 48.9085, "confidence": 1, "direction": [0.299742, 0.819799, -0.487939], "elbow": [-48.64, -16.2356, 251.851], "grabAngle": 0.504059, "grabStrength": 0, "id": 57, "palmNormal": [0.410001, -0.572509, -0.710023], "palmPosition": [89.9522, 110.542, 54.7198], "palmVelocity": [-47.3989, 21.2916, 15.343], "palmWidth": 72.7825, "pinchDistance": 62.9545, "pinchStrength": 0, "r": [[0.898591, 0.0461785, 0.43635], [-0.0677952, 0.997117, 0.0340892], [-0.433517, -0.0602146, 0.899131]], "s": 1.26111, "sphereCenter": [88.8736, 162.058, 64.6671], "sphereRadius": 58.2098, "stabilizedPalmPosition": [91.0197, 110.042, 54.2705], "t": [57.5141, -47.392, -108.705], "timeVisible": 8.36852, "type": "left", "wrist": [62.9854, 66.3655, 86.4399]}], "id": 35427, "interactionBox": {"center": [0, 200, 0], "size": [235.247, 235.247, 147.751]}, "pointables": [{"bases": [[[0.654862, 0.677175, 0.335544], [-0.392933, -0.0741802, 0.91657], [0.645569, -0.732074, 0.217507]], [[0.435307, 0.862981, 0.256459], [-0.227888, -0.169964, 0.958738], [0.870962, -0.475789, 0.122677]], [[0.435307, 0.862981, 0.256459], [-0.513908, 0.00429678, 0.857835], [0.739194, -0.505217, 0.445363]], [[0.435307, 0.862981, 0.256459], [-0.801384, 0.241627, 0.547175], [0.410234, -0.443711, 0.796761]]], "btipPosition": [154.077, 109.806, 51.1784], "carpPosition": [92.7008, 69.7065, 81.9334], "dipPosition": [146.739, 101.869, 65.4297], "direction": [0.739193, 0.505217, -0.445363], "extended": true, "handId": 57, "id": 570, "length": 39.8308, "mcpPosition": [92.7008, 69.7065, 81.9334], "pipPosition": [127.477, 88.7042, 77.035], "stabilizedTipPosition": [153.464, 107.464, 54.3508], "timeVisible": 8.36852, "tipPosition": [153.169, 105.971, 54.0114], "tipVelocity": [-43.8914, 13.9293, -7.34554], "tool": false, "touchDistance": 0.333134, "touchZone": "hovering", "type": 0, "width": 15.2554}, {"bases": [[[0.798869, 0.150233, -0.582441], [0.340177, 0.68574, 0.64346], [0.496072, -0.712174, 0.496711]], [[0.822118, 0.115312, -0.557517], [0.466674, 0.424415, 0.775943], [0.326095, -0.898095, 0.295106]], [[0.822118, 0.115312, -0.557517], [0.303832, 0.739294, 0.600942], [0.481465, -0.663436, 0.572751]], [[0.822118, 0.115312, -0.557517], [0.00855931, 0.976659, 0.214625], [0.569253, -0.181219, 0.801942]]], "btipPosition": [139.524, 171.781, 25.6146], "carpPosition": [83.2962, 85.7602, 85.5867], "dipPosition": [132.09, 169.414, 36.0863], "direction": [0.481465, 0.663436, -0.572751], "extended": true, "handId": 57, "id": 571, "length": 44.9446, "mcpPosition": [112.489, 127.67, 56.3562], "pipPosition": [123.196, 157.159, 46.6665], "stabilizedTipPosition": [138.83, 170.625, 27.9686], "timeVisible": 8.36852, "tipPosition": [139.458, 171.005, 29.6336], "tipVelocity": [-51.3817, 26.1129, 5.09172], "tool": false, "touchDistance": 0.291911, "touchZone": "hovering", "type": 1, "width": 14.572}, {"bases": [[[0.78877, -0.0664838, -0.611082], [0.481147, 0.685464, 0.546477], [0.382543, -0.725065, 0.572662]], [[0.803076, -0.094684, -0.588306], [0.568243, 0.418859, 0.708277], [0.179354, -0.903101, 0.390179]], [[0.803076, -0.094684, -0.588306], [0.47345, 0.700883, 0.533488], [0.36182, -0.706964, 0.60769]], [[0.803076, -0.094684, -0.588306], [0.260171, 0.943932, 0.203231], [0.536078, -0.31627, 0.782684]]], "btipPosition": [118.801, 182.132, 9.77387], "carpPosition": [75.2831, 88.4933, 80.5538], "dipPosition": [111.102, 177.59, 21.0149], "direction": [0.36182, 0.706964, -0.60769], "extended": true, "handId": 57, "id": 572, "length": 51.2108, "mcpPosition": [96.6317, 128.957, 48.5952], "pipPosition": [103.239, 162.225, 34.2218], "stabilizedTipPosition": [118.054, 180.6, 12.2284], "timeVisible": 8.36852, "tipPosition": [116.637, 180.613, 13.0207], "tipVelocity": [-53.3556, 22.5642, 9.54156], "tool": false, "touchDistance": 0.321521, "touchZone": "hovering", "type": 2, "width": 14.3116}, {"bases": [[[0.797937, -0.223941, -0.559595], [0.548221, 0.6555, 0.519398], [0.2505, -0.721228, 0.645817]], [[0.800319, -0.230895, -0.553333], [0.597799, 0.378258, 0.706793], [0.0461072, -0.896442, 0.440756]], [[0.800319, -0.230895, -0.553333], [0.548388, 0.655003, 0.519847], [0.242404, -0.719485, 0.650832]], [[0.800319, -0.230895, -0.553333], [0.378839, 0.910051, 0.168191], [0.464726, -0.344231, 0.815803]]], "btipPosition": [93.3686, 175.709, 1.75802], "carpPosition": [67.4746, 88.8126, 74.5961], "dipPosition": [86.7325, 170.794, 13.4073], "direction": [0.242404, 0.719485, -0.650832], "extended": true, "handId": 57, "id": 573, "length": 49.2406, "mcpPosition": [80.026, 124.95, 42.2371], "pipPosition": [81.6004, 155.561, 27.1866], "stabilizedTipPosition": [92.7966, 174.26, 4.30153], "timeVisible": 8.36852, "tipPosition": [90.5326, 173.763, 4.4626], "tipVelocity": [-57.79, 23.1306, 14.3838], "tool": false, "touchDistance": 0.338128, "touchZone": "hovering", "type": 3, "width": 13.6184}, {"bases": [[[0.719943, -0.411119, -0.559163], [0.685618, 0.546378, 0.48104], [0.10775, -0.729694, 0.675231]], [[0.724894, -0.451828, -0.519981], [0.663196, 0.253626, 0.704162], [-0.186279, -0.855292, 0.483503]], [[0.724894, -0.451828, -0.519981], [0.687539, 0.521282, 0.505524], [0.0426466, -0.723959, 0.688523]], [[0.724894, -0.451828, -0.519981], [0.594365, 0.791817, 0.140556], [0.348223, -0.410947, 0.842534]]], "btipPosition": [66.365, 157.171, 0.661953], "carpPosition": [61.1765, 83.9771, 66.438], "dipPosition": [61.7776, 151.757, 11.7611], "direction": [0.0426466, 0.723959, -0.688523], "extended": true, "handId": 57, "id": 574, "length": 38.6037, "mcpPosition": [66.1741, 117.822, 35.1193], "pipPosition": [61.1402, 140.935, 22.0532], "stabilizedTipPosition": [66.2275, 155.7, 2.99036], "timeVisible": 8.36852, "tipPosition": [63.0599, 155.13, 3.2043], "tipVelocity": [-63.2453, 23.9945, 20.6323], "tool": false, "touchDistance": 0.342359, "touchZone": "hovering", "type": 4, "width": 12.0969}], "r": [[0.898591, 0.0461785, 0.43635], [-0.0677952, 0.997117, 0.0340892], [-0.433517, -0.0602146, 0.899131]], "s": 1.26111, "t": [-57.5141, -47.392, -108.705], "timestamp": 17378014360}, {"currentFrameRate": 109.156, "devices": [], "gestures": [], "hands": [{"armBasis": [[0.839049, 0.0349808, -0.542931], [0.179589, 0.924187, 0.337083], [0.513561, -0.380334, 0.769156]], "armWidth": 48.9085, "confidence": 1, "direction": [0.300335, 0.819561, -0.487975], "elbow": [-48.4396, -15.4185, 252.761], "grabAngle": 0.502656, "grabStrength": 0, "id": 57, "palmNormal": [0.405401, -0.572765, -0.712454], "palmPosition": [89.4413, 110.849, 54.8609], "palmVelocity": [-59.8333, 35.9507, 16.5262], "palmWidth": 72.7825, "pinchDistance": 62.9476, "pinchStrength": 0, "r": [[0.897838, 0.04699, 0.437812], [-0.0687706, 0.997052, 0.0340178], [-0.434923, -0.0606511, 0.898423]], "s": 1.26133, "sphereCenter": [88.4877, 162.408, 64.9043], "sphereRadius": 58.2602, "stabilizedPalmPosition": [90.8464, 110.13, 54.3353], "t": [57.1012, -47.1746, -108.581], "timeVisible": 8.37706, "type": "left", "wrist": [62.4752, 66.723, 86.6445]}], "id": 35428, "interactionBox": {"center": [0, 200, 0], "size": [235.247, 235.247, 147.751]}, "pointables": [{"bases": [[[0.651424, 0.678718, 0.339101], [-0.396344, -0.076694, 0.914893], [0.646961, -0.730384, 0.219045]], [[0.431816, 0.863831, 0.259482], [-0.231803, -0.171738, 0.957483], [0.871666, -0.473605, 0.12608]], [[0.431816, 0.863831, 0.259482], [-0.516719, 0.00112438, 0.856154], [0.739281, -0.50378, 0.446844]], [[0.431816, 0.863831, 0.259482], [-0.802983, 0.237152, 0.546789], [0.410797, -0.444472, 0.796047]]], "btipPosition": [153.588, 109.955, 51.0892], "carpPosition": [92.1717, 69.9666, 82.0059], "dipPosition": [146.241, 102.005, 65.3278], "direction": [0.739281, 0.50378, -0.446844], "extended": true, "handId": 57, "id": 570, "length": 39.8308, "mcpPosition": [92.1717, 69.9666, 82.0059], "pipPosition": [126.976, 88.8772, 76.9717], "stabilizedTipPosition": [153.277, 107.543, 54.3524], "timeVisible": 8.37706, "tipPosition": [152.638, 106.09, 53.8959], "tipVelocity": [-57.5, 17.0918, -10.7885], "tool": false, "touchDistance": 0.331598, "touchZone": "hovering", "type": 0, "width": 15.2554}, {"bases": [[[0.80071, 0.153526, -0.579045], [0.335492, 0.685874, 0.645773], [0.496295, -0.711342, 0.49768]], [[0.823943, 0.118681, -0.554105], [0.462702, 0.423607, 0.778758], [0.327147, -0.898038, 0.294115]], [[0.823943, 0.118681, -0.554105], [0.300437, 0.737594, 0.604725], [0.480474, -0.664733, 0.572079]], [[0.823943, 0.118681, -0.554105], [0.00752347, 0.975445, 0.220112], [0.566623, -0.185529, 0.802819]]], "btipPosition": [139.054,