{"frames": 70, "data": [{"currentFrameRate": 105.934, "devices": [], "gestures": [], "hands": [{"armBasis": [[0.93138, 0.141201, -0.335549], [0.169519, 0.647474, 0.742994], [0.322171, -0.748892, 0.579109]], "armWidth": 48.9085, "confidence": 1, "direction": [0.00326387, 0.924267, -0.381733], "elbow": [-130.61, -74.432, 254.218], "grabAngle": 0.19982, "grabStrength": 0, "id": 56, "palmNormal": [0.179647, -0.376067, -0.909011], "palmPosition": [-51.3971, 141.106, 102.053], "palmVelocity": [0.0640969, 1.41365, 1.83085], "palmWidth": 72.7825, "pinchDistance": 64.734, "pinchStrength": 0, "r": [[0.385494, 0.147663, 0.910819], [-0.397934, 0.917202, 0.0197232], [-0.832492, -0.370049, 0.412336]], "s": 1.26362, "sphereCenter": [-47.4804, 202.771, 145.926], "sphereRadius": 79.1353, "stabilizedPalmPosition": [-50.4061, 147.299, 105.781], "t": [-46.4677, -14.5566, -37.0575], "timeVisible": 1.67357, "type": "left", "wrist": [-61.0307, 87.3076, 129.147]}], "id": 32046, "interactionBox": {"center": [0, 200, 0], "size": [235.247, 235.247, 147.751]}, "pointables": [{"bases": [[[0.555893, 0.490317, 0.671247], [-0.710082, -0.139724, 0.690116], [0.432165, -0.860271, 0.270494]], [[0.370454, 0.759361, 0.534916], [-0.608277, -0.236891, 0.75755], [0.70197, -0.606015, 0.374144]], [[0.370454, 0.759361, 0.534916], [-0.73879, -0.108166, 0.665199], [0.562986, -0.641616, 0.520937]], [[0.370454, 0.759361, 0.534916], [-0.851859, 0.0481848, 0.52155], [0.37027, -0.648883, 0.664719]]], "btipPosition": [15.1404, 150.322, 77.2656], "carpPosition": [-34.1817, 97.7993, 117.669], "dipPosition": [8.51757, 138.716, 89.1551], "direction": [0.562986, 0.641616, -0.520937], "extended": true, "handId": 56, "id": 560, "length": 39.8308, "mcpPosition": [-34.1817, 97.7993, 117.669], "pipPosition": [-6.1528, 121.997, 102.73], "stabilizedTipPosition": [15.1365, 155.993, 87.17], "timeVisible": 1.67357, "tipPosition": [12.7535, 147.908, 79.1506], "tipVelocity": [-4.28446, 1.28988, -1.21231], "tool": false, "touchDistance": 0.1762, "touchZone": "hovering", "type": 0, "width": 15.2554}, {"bases": [[[0.969213, 0.0905075, -0.228988], [0.15268, 0.5087, 0.847298], [0.193173, -0.856173, 0.479219]], [[0.977137, 0.0506562, -0.20649], [0.175233, 0.358132, 0.91708], [0.120406, -0.932296, 0.341067]], [[0.977137, 0.0506562, -0.20649], [0.122034, 0.661666, 0.739801], [0.174103, -0.748086, 0.640356]], [[0.977137, 0.0506562, -0.20649], [0.0834933, 0.801758, 0.591788], [0.195533, -0.595499, 0.779197]]], "btipPosition": [-22.2192, 213.76, 66.1362], "carpPosition": [-43.31, 111.169, 127.54], "dipPosition": [-24.7725, 205.984, 76.3109], "direction": [0.174103, 0.748086, -0.640356], "extended": true, "handId": 56, "id": 561, "length": 44.9446, "mcpPosition": [-31.9421, 161.553, 99.3389], "pipPosition": [-27.9886, 192.165, 88.14], "stabilizedTipPosition": [-24.3863, 223.244, 81.5862], "timeVisible": 1.67357, "tipPosition": [-24.8295, 214.045, 70.9534], "tipVelocity": [4.22586, -11.2358, -11.9694], "tool": false, "touchDistance": -0.0253933, "touchZone": "touching", "type": 1, "width": 14.572}, {"bases": [[[0.946076, -0.114053, -0.303204], [0.318543, 0.497757, 0.806702], [0.0589155, -0.859785, 0.507247]], [[0.947884, -0.173397, -0.267301], [0.29927, 0.196649, 0.933684], [-0.109334, -0.965019, 0.238293]], [[0.947884, -0.173397, -0.267301], [0.316775, 0.422817, 0.849046], [-0.0342029, -0.889471, 0.455709]], [[0.947884, -0.173397, -0.267301], [0.31394, 0.651499, 0.690645], [0.0543905, -0.738568, 0.671982]]], "btipPosition": [-53.5722, 226.617, 69.5956], "carpPosition": [-52.8703, 113.147, 126.237], "dipPosition": [-54.3533, 216.009, 79.2466], "direction": [-0.0342029, 0.889471, -0.455709], "extended": true, "handId": 56, "id": 562, "length": 51.2108, "mcpPosition": [-49.5824, 161.129, 97.9288], "pipPosition": [-53.61, 196.678, 89.1506], "stabilizedTipPosition": [-53.1369, 232.823, 82.3777], "timeVisible": 1.67357, "tipPosition": [-51.4837, 222.57, 69.1956], "tipVelocity": [-0.549671, -0.539975, -2.59652], "tool": false, "touchDistance": 0.0498718, "touchZone": "hovering", "type": 2, "width": 14.3116}, {"bases": [[[0.917711, -0.27653, -0.285198], [0.387038, 0.460675, 0.798737], [-0.0894914, -0.843392, 0.529794]], [[0.913587, -0.308784, -0.264597], [0.311088, 0.111663, 0.943798], [-0.261884, -0.944555, 0.198073]], [[0.913587, -0.308784, -0.264597], [0.362809, 0.325077, 0.873324], [-0.183654, -0.893855, 0.409015]], [[0.913587, -0.308784, -0.264597], [0.39965, 0.561637, 0.724461], [-0.0750945, -0.767604, 0.63651]]], "btipPosition": [-80.6995, 217.352, 72.4621], "carpPosition": [-62.3123, 112.954, 123.52], "dipPosition": [-79.6272, 206.391, 81.5512], "direction": [-0.183654, 0.893855, -0.409015], "extended": true, "handId": 56, "id": 563, "length": 49.2406, "mcpPosition": [-66.7963, 155.213, 96.9744], "pipPosition": [-75.7389, 187.467, 90.2108], "stabilizedTipPosition": [-79.6489, 222.678, 83.3815], "timeVisible": 1.67357, "tipPosition": [-76.5051, 213.263, 70.8014], "tipVelocity": [-1.08465, -0.277221, -1.15387], "tool": false, "touchDistance": 0.0921089, "touchZone": "hovering", "type": 3, "width": 13.6184}, {"bases": [[[0.824536, -0.444575, -0.349991], [0.515627, 0.335723, 0.788302], [-0.23296, -0.830448, 0.50605]], [[0.798469, -0.521979, -0.299976], [0.341584, -0.0175109, 0.939688], [-0.49575, -0.852779, 0.164317]], [[0.798469, -0.521979, -0.299976], [0.442779, 0.171551, 0.880067], [-0.407915, -0.835529, 0.368099]], [[0.798469, -0.521979, -0.299976], [0.53954, 0.399359, 0.741222], [-0.267104, -0.753691, 0.600504]]], "btipPosition": [-104.414, 192.334, 75.8844], "carpPosition": [-70.5953, 108.353, 117.21], "dipPosition": [-100.895, 182.406, 83.7952], "direction": [-0.407915, 0.835529, -0.368099], "extended": true, "handId": 56, "id": 564, "length": 38.6037, "mcpPosition": [-81.4005, 146.871, 93.738], "pipPosition": [-94.7976, 169.916, 89.2975], "stabilizedTipPosition": [-102.289, 197.345, 83.718], "timeVisible": 1.67357, "tipPosition": [-97.9672, 189.592, 73.4749], "tipVelocity": [-1.64136, -0.452255, 0.787452], "tool": false, "touchDistance": 0.187891, "touchZone": "hovering", "type": 4, "width": 12.0969}], "r": [[0.385494, 0.147663, 0.910819], [-0.397934, 0.917202, 0.0197232], [-0.832492, -0.370049, 0.412336]], "s": 1.26362, "t": [46.4677, -14.5566, -37.0575], "timestamp": 17348208406}, {"currentFrameRate": 106.275, "devices": [], "gestures": [], "hands": [{"armBasis": [[0.931442, 0.141624, -0.335199], [0.16893, 0.647588, 0.743029], [0.322301, -0.748714, 0.579266]], "armWidth": 48.9085, "confidence": 1, "direction": [0.00364297, 0.923822, -0.382806], "elbow": [-130.622, -74.388, 254.26], "grabAngle": 0.199779, "grabStrength": 0, "id": 56, "palmNormal": [0.179082, -0.377222, -0.908643], "palmPosition": [-51.3616, 141.079, 102.002], "palmVelocity": [4.04972, -3.02813, -5.7183], "palmWidth": 72.7825, "pinchDistance": 64.713, "pinchStrength": 0, "r": [[0.38525, 0.149218, 0.910668], [-0.398246, 0.917098, 0.0182033], [-0.832456, -0.369683, 0.412737]], "s": 1.26365, "sphereCenter": [-47.3982, 202.832, 145.914], "sphereRadius": 79.2117, "stabilizedPalmPosition": [-50.4068, 147.295, 105.778], "t": [-46.4523, -14.5761, -37.085], "timeVisible": 1.68235, "type": "left", "wrist": [-61.0145, 87.3132, 129.155]}], "id": 32047, "interactionBox": {"center": [0, 200, 0], "size": [235.247, 235.247, 147.751]}, "pointables": [{"bases": [[[0.555354, 0.491412, 0.670892], [-0.710269, -0.139328, 0.690004], [0.43255, -0.85971, 0.271658]], [[0.369947, 0.760052, 0.534285], [-0.608736, -0.236136, 0.757417], [0.70184, -0.605443, 0.375313]], [[0.369947, 0.760052, 0.534285], [-0.73929, -0.107456, 0.664759], [0.562663, -0.640917, 0.522145]], [[0.369947, 0.760052, 0.534285], [-0.852432, 0.0489964, 0.520537], [0.369457, -0.648013, 0.666019]]], "btipPosition": [15.1292, 150.248, 77.1575], "carpPosition": [-34.1648, 97.7811, 117.662], "dipPosition": [8.52087, 138.657, 89.0703], "direction": [0.562663, 0.640917, -0.522145], "extended": true, "handId": 56, "id": 560, "length": 39.8308, "mcpPosition": [-34.1648, 97.7811, 117.662], "pipPosition": [-6.14109, 121.956, 102.676], "stabilizedTipPosition": [15.1318, 155.967, 87.1475], "timeVisible": 1.68235, "tipPosition": [12.7867, 147.818, 79.0704], "tipVelocity": [-0.89882, -8.12148, -11.6962], "tool": false, "touchDistance": 0.174488, "touchZone": "hovering", "type": 0, "width": 15.2554}, {"bases": [[[0.969249, 0.0907943, -0.228719], [0.152064, 0.509769, 0.846766], [0.193476, -0.855507, 0.480286]], [[0.977214, 0.0508184, -0.206084], [0.174682, 0.35901, 0.916841], [0.120578, -0.931949, 0.341953]], [[0.977214, 0.0508184, -0.206084], [0.121451, 0.662399, 0.739241], [0.174076, -0.747426, 0.641133]], [[0.977214, 0.0508184, -0.206084], [0.0816391, 0.806238, 0.585931], [0.195928, -0.589404, 0.783719]]], "btipPosition": [-22.1628, 213.616, 65.9523], "carpPosition": [-43.2816, 111.167, 127.521], "dipPosition": [-24.7212, 205.919, 76.1861], "direction": [0.174076, 0.747426, -0.641133], "extended": true, "handId": 56, "id": 561, "length": 44.9446, "mcpPosition": [-31.896, 161.512, 99.2575], "pipPosition": [-27.9368, 192.113, 88.0295], "stabilizedTipPosition": [-24.3863, 223.244, 81.5862], "timeVisible": 1.68235, "tipPosition": [-24.7574, 213.96, 70.7998], "tipVelocity": [6.29675, -14.313, -19.3929], "tool": false, "touchDistance": -0.0282315, "touchZone": "touching", "type": 1, "width": 14.572}, {"bases": [[[0.946257, -0.113865, -0.302707], [0.317949, 0.498873, 0.806247], [0.0592095, -0.859162, 0.508266]], [[0.948084, -0.173323, -0.266637], [0.298644, 0.19705, 0.9338], [-0.109308, -0.964951, 0.238582]], [[0.948084, -0.173323, -0.266637], [0.316141, 0.422656, 0.849362], [-0.0345183, -0.889562, 0.455508]], [[0.948084, -0.173323, -0.266637], [0.313466, 0.650695, 0.691618], [0.0536259, -0.739294, 0.671244]]], "btipPosition": [-53.5437, 226.594, 69.5257], "carpPosition": [-52.8413, 113.149, 126.22], "dipPosition": [-54.3139, 215.976, 79.1662], "direction": [-0.0345183, 0.889562, -0.455508], "extended": true, "handId": 56, "id": 562, "length": 51.2108, "mcpPosition": [-49.537, 161.097, 97.8547], "pipPosition": [-53.5637, 196.643, 89.0658], "stabilizedTipPosition": [-53.137, 232.822, 82.3762], "timeVisible": 1.68235, "tipPosition": [-51.4283, 222.515, 69.0672], "tipVelocity": [3.52982, -2.84081, -8.228], "tool": false, "touchDistance": 0.0486676, "touchZone": "hovering", "type": 2, "width": 14.3116}, {"bases": [[[0.917978, -0.276338, -0.284524], [0.386467, 0.461821, 0.798351], [-0.0892154, -0.842828, 0.530737]], [[0.913857, -0.308619, -0.263855], [0.310385, 0.11202, 0.943988], [-0.261776, -0.944566, 0.198161]], [[0.913857, -0.308619, -0.263855], [0.361962, 0.324757, 0.873794], [-0.183981, -0.894028, 0.40849]], [[0.913857, -0.308619, -0.263855], [0.398892, 0.561019, 0.725357], [-0.0758312, -0.768122, 0.635797]]], "btipPosition": [-80.6716, 217.34, 72.4198], "carpPosition": [-62.2845, 112.959, 123.507], "dipPosition": [-79.5887, 206.372, 81.4987], "direction": [-0.183981, 0.894028, -0.40849], "extended": true, "handId": 56, "id": 563, "length": 49.2406, "mcpPosition": [-66.7547, 155.189, 96.9138], "pipPosition": [-75.6936, 187.443, 90.1471], "stabilizedTipPosition": [-79.6493, 222.674, 83.3774], "timeVisible": 1.68235, "tipPosition": [-76.4649, 213.224, 70.7006], "tipVelocity": [3.45518, -1.5888, -5.08679], "tool": false, "touchDistance": 0.0913645, "touchZone": "hovering", "type": 3, "width": 13.6184}, {"bases": [[[0.824924, -0.444511, -0.349158], [0.515131, 0.33693, 0.78811], [-0.232682, -0.829993, 0.506923]], [[0.798899, -0.521828, -0.299093], [0.340762, -0.0170775, 0.939995], [-0.495623, -0.85288, 0.164176]], [[0.798899, -0.521828, -0.299093], [0.441668, 0.171421, 0.88065], [-0.408277, -0.83565, 0.367422]], [[0.798899, -0.521828, -0.299093], [0.538517, 0.399103, 0.742103], [-0.267881, -0.753932, 0.599856]]], "btipPosition": [-104.39, 192.323, 75.8615], "carpPosition": [-70.5726, 108.355, 117.205], "dipPosition": [-100.861, 182.391, 83.7638], "direction": [-0.408277, 0.83565, -0.367422], "extended": true, "handId": 56, "id": 564, "length": 38.6037, "mcpPosition": [-81.3648, 146.852, 93.6927], "pipPosition": [-94.7585, 169.9, 89.256], "stabilizedTipPosition": [-102.291, 197.336, 83.7103], "timeVisible": 1.68235, "tipPosition": [-97.9411, 189.561, 73.4062], "tipVelocity": [2.93836, -1.38335, -2.82677], "tool": false, "touchDistance": 0.187477, "touchZone": "hovering", "type": 4, "width": 12.0969}], "r": [[0.38525, 0.149218, 0.910668], [-0.398246, 0.917098, 0.0182033], [-0.832456, -0.369683, 0.412737]], "s": 1.26365, "t": [46.4523, -14.5761, -37.085], "timestamp": 17348217187}, {"currentFrameRate": 106.573, "devices": [], "gestures": [], "hands": [{"armBasis": [[0.931367, 0.141311, -0.335539], [0.169308, 0.647788, 0.742768], [0.32232, -0.7486, 0.579404]], "armWidth": 48.9085, "confidence": 1, "direction": [0.0038939, 0.92352, -0.383529], "elbow": [-130.589, -74.3457, 254.321], "grabAngle": 0.199314, "grabStrength": 0, "id": 56, "palmNormal": [0.17953, -0.377946, -0.908254], "palmPosition": [-51.31, 141.077, 102], "palmVelocity": [5.84322, -0.224027, -0.287927], "palmWidth": 72.7825, "pinchDistance": 64.6652, "pinchStrength": 0, "r": [[0.385147, 0.150608, 0.910483], [-0.398504, 0.917011, 0.0168846], [-0.83238, -0.369334, 0.413202]], "s": 1.26366, "sphereCenter": [-47.3655, 202.904, 145.963], "sphereRadius": 79.2851, "stabilizedPalmPosition": [-50.4077, 147.289, 105.774], "t": [-46.4187, -14.5868, -37.1001], "timeVisible": 1.69119, "type": "left", "wrist": [-60.9769, 87.3308, 129.186]}], "id": 32048, "interactionBox": {"center": [0, 200, 0], "size": [235.247, 235.247, 147.751]}, "pointables": [{"bases": [[[0.555673, 0.49197, 0.670219], [-0.709904, -0.138827, 0.690481], [0.43274, -0.859472, 0.27211]], [[0.370344, 0.760318, 0.53363], [-0.608732, -0.235276, 0.757688], [0.701634, -0.605443, 0.375697]], [[0.370344, 0.760318, 0.53363], [-0.73937, -0.10647, 0.664828], [0.562296, -0.640765, 0.522726]], [[0.370344, 0.760318, 0.53363], [-0.852573, 0.0501816, 0.520194], [0.368735, -0.647609, 0.666811]]], "btipPosition": [15.1395, 150.246, 77.1532], "carpPosition": [-34.1237, 97.7904, 117.703], "dipPosition": [8.54414, 138.662, 89.0802], "direction": [0.562296, 0.640765, -0.522726], "extended": true, "handId": 56, "id": 560, "length": 39.8308, "mcpPosition": [-34.1237, 97.7904, 117.703], "pipPosition": [-6.10826, 121.965, 102.701], "stabilizedTipPosition": [15.1264, 155.938, 87.1218], "timeVisible": 1.69119, "tipPosition": [12.8537, 147.793, 79.099], "tipVelocity": [1.50702, -0.0134911, -0.114372], "tool": false, "touchDistance": 0.174471, "touchZone": "hovering", "type": 0, "width": 15.2554}, {"bases": [[[0.969126, 0.0906699, -0.229292], [0.152472, 0.510442, 0.846286], [0.193773, -0.855118, 0.480858]], [[0.977119, 0.0506245, -0.206578], [0.174999, 0.360665, 0.916131], [0.120884, -0.931321, 0.343553]], [[0.977119, 0.0506245, -0.206578], [0.121849, 0.662835, 0.738785], [0.174328, -0.747052, 0.6415]], [[0.977119, 0.0506245, -0.206578], [0.0811278, 0.809118, 0.58202], [0.196611, -0.585462, 0.786497]]], "btipPosition": [-22.0849, 213.532, 65.8482], "carpPosition": [-43.2449, 111.185, 127.546], "dipPosition": [-24.6523, 205.887, 76.1182], "direction": [0.174328, 0.747052, -0.6415], "extended": true, "handId": 56, "id": 561, "length": 44.9446, "mcpPosition": [-31.8418, 161.507, 99.2489], "pipPosition": [-27.8726, 192.087, 87.9684], "stabilizedTipPosition": [-24.3863, 223.244, 81.5862], "timeVisible": 1.69119, "tipPosition": [-24.6765, 213.922, 70.7424], "tipVelocity": [8.57444, -8.19637, -10.8429], "tool": false, "touchDistance": -0.0298283, "touchZone": "touching", "type": 1, "width": 14.572}, {"bases": [[[0.946107, -0.114049, -0.303107], [0.318337, 0.499525, 0.80569], [0.0595216, -0.858759, 0.50891]], [[0.947956, -0.173521, -0.266965], [0.299043, 0.197305, 0.933619], [-0.109329, -0.964863, 0.238927]], [[0.947956, -0.173521, -0.266965], [0.316519, 0.422504, 0.849297], [-0.0345773, -0.889596, 0.455438]], [[0.947956, -0.173521, -0.266965], [0.313897, 0.649844, 0.692222], [0.0533702, -0.739995, 0.670491]]], "btipPosition": [-53.4945, 226.596, 69.5081], "carpPosition": [-52.8038, 113.166, 126.238], "dipPosition": [-54.261, 215.968, 79.1377], "direction": [-0.0345773, 0.889596, -0.455438], "extended": true, "handId": 56, "id": 562, "length": 51.2108, "mcpPosition": [-49.4821, 161.091, 97.8373], "pipPosition": [-53.5095, 196.635, 89.0358], "stabilizedTipPosition": [-53.1372, 232.82, 82.3731], "timeVisible": 1.69119, "tipPosition": [-51.3641, 222.494, 69.0114], "tipVelocity": [5.66447, -0.0103288, -2.28437], "tool": false, "touchDistance": 0.0483312, "touchZone": "hovering", "type": 2, "width": 14.3116}, {"bases": [[[0.917847, -0.276509, -0.284781], [0.386853, 0.46247, 0.797788], [-0.0888927, -0.842416, 0.531445]], [[0.913752, -0.308681, -0.264146], [0.310708, 0.112054, 0.943877], [-0.261758, -0.944542, 0.198299]], [[0.913752, -0.308681, -0.264146], [0.362152, 0.324199, 0.873923], [-0.184127, -0.89421, 0.408027]], [[0.913752, -0.308681, -0.264146], [0.399064, 0.56001, 0.726042], [-0.0761904, -0.768833, 0.634894]]], "btipPosition": [-80.6241, 217.348, 72.4162], "carpPosition": [-62.2456, 112.974, 123.52], "dipPosition": [-79.5362, 206.369, 81.4822], "direction": [-0.184127, 0.89421, -0.408027], "extended": true, "handId": 56, "id": 563, "length": 49.2406, "mcpPosition": [-66.6996, 155.184, 96.8922], "pipPosition": [-75.6379, 187.438, 90.1208], "stabilizedTipPosition": [-79.6498, 222.668, 83.3709], "timeVisible": 1.69119, "tipPosition": [-76.4133, 213.207, 70.6483], "tipVelocity": [5.50434, 0.648762, -0.744242], "tool": false, "touchDistance": 0.0912549, "touchZone": "hovering", "type": 3, "width": 13.6184}, {"bases": [[[0.824768, -0.444738, -0.349235], [0.515519, 0.337578, 0.787579], [-0.232372, -0.829608, 0.507695]], [[0.79884, -0.521851, -0.29921], [0.340976, -0.0169542, 0.939919], [-0.495571, -0.852868, 0.164395]], [[0.79884, -0.521851, -0.29921], [0.44157, 0.170932, 0.880794], [-0.408499, -0.835735, 0.366981]], [[0.79884, -0.521851, -0.29921], [0.538337, 0.398241, 0.742697], [-0.26842, -0.754371, 0.599062]]], "btipPosition": [-104.343, 192.323, 75.8501], "carpPosition": [-70.5307, 108.366, 117.218], "dipPosition": [-100.807, 182.385, 83.7418], "direction": [-0.408499, 0.835735, -0.366981], "extended": true, "handId": 56, "id": 564, "length": 38.6037, "mcpPosition": [-81.3086, 146.845, 93.6701], "pipPosition": [-94.7008, 169.893, 89.2275], "stabilizedTipPosition": [-102.293, 197.325, 83.7008], "timeVisible": 1.69119, "tipPosition": [-97.8943, 189.541, 73.3586], "tipVelocity": [5.53156, -0.157542, -1.56937], "tool": false, "touchDistance": 0.187246, "touchZone": "hovering", "type": 4, "width": 12.0969}], "r": [[0.385147, 0.150608, 0.910483], [-0.398504, 0.917011, 0.0168846], [-0.83238, -0.369334, 0.413202]], "s": 1.26366, "t": [46.4187, -14.5868, -37.1001], "timestamp": 17348226023}, {"currentFrameRate": 107.028, "devices": [], "gestures": [], "hands": [{"armBasis": [[0.931214, 0.140454, -0.336323], [0.170322, 0.648114, 0.742252], [0.322228, -0.748479, 0.579611]], "armWidth": 48.9085, "confidence": 1, "direction": [0.00417764, 0.923407, -0.383799], "elbow": [-130.544, -74.3198, 254.391], "grabAngle": 0.197351, "grabStrength": 0, "id": 56, "palmNormal": [0.180702, -0.378181, -0.907924], "palmPosition": [-51.268, 141.07, 102.017], "palmVelocity": [4.92859, -0.825909, 2.06456], "palmWidth": 72.7825, "pinchDistance": 64.6012, "pinchStrength": 0, "r": [[0.385291, 0.15176, 0.910231], [-0.398671, 0.916957, 0.0158715], [-0.832233, -0.368998, 0.413797]], "s": 1.26362, "sphereCenter": [-47.364, 203.063, 146.284], "sphereRadius": 79.5525, "stabilizedPalmPosition": [-50.4087, 147.282, 105.77], "t": [-46.381, -14.5957, -37.0988], "timeVisible": 1.6997, "type": "left", "wrist": [-60.9516, 87.3306, 129.211]}], "id": 32049, "interactionBox": {"center": [0, 200, 0], "size": [235.247, 235.247, 147.751]}, "pointables": [{"bases": [[[0.556579, 0.492061, 0.6694], [-0.709095, -0.138483, 0.69138], [0.432901, -0.859476, 0.271842]], [[0.371415, 0.760111, 0.533181], [-0.608338, -0.234597, 0.758215], [0.70141, -0.605966, 0.375272]], [[0.371415, 0.760111, 0.533181], [-0.739179, -0.105423, 0.665207], [0.561841, -0.641184, 0.522703]], [[0.371415, 0.760111, 0.533181], [-0.852357, 0.0514368, 0.520424], [0.368155, -0.647754, 0.666991]]], "btipPosition": [15.1398, 150.281, 77.2188], "carpPosition": [-34.0923, 97.7914, 117.754], "dipPosition": [8.55472, 138.695, 89.149], "direction": [0.561841, 0.641184, -0.522703], "extended": true, "handId": 56, "id": 560, "length": 39.8308, "mcpPosition": [-34.0923, 97.7914, 117.754], "pipPosition": [-6.08581, 121.987, 102.77], "stabilizedTipPosition": [15.1224, 155.916, 87.1028], "timeVisible": 1.6997, "tipPosition": [12.9257, 147.791, 79.1963], "tipVelocity": [0.305987, 4.08534, 7.7954], "tool": false, "touchDistance": 0.175577, "touchZone": "hovering", "type": 0, "width": 15.2554}, {"bases": [[[0.968865, 0.0904122, -0.230491], [0.153595, 0.510664, 0.845949], [0.194188, -0.855013, 0.480878]], [[0.976931, 0.0500696, -0.207602], [0.175953, 0.362187, 0.915348], [0.121022, -0.93076, 0.345022]], [[0.976931, 0.0500696, -0.207602], [0.123147, 0.662134, 0.739198], [0.174472, -0.747711, 0.640693]], [[0.976931, 0.0500696, -0.207602], [0.082113, 0.809321, 0.581599], [0.197137, -0.585229, 0.786539]]], "btipPosition": [-22.0296, 213.518, 65.8494], "carpPosition": [-43.2281, 111.187, 127.583], "dipPosition": [-24.6038, 205.876, 76.12], "direction": [0.174472, 0.747711, -0.640693], "extended": true, "handId": 56, "id": 561, "length": 44.9446, "mcpPosition": [-31.8005, 161.503, 99.284], "pipPosition": [-27.8268, 192.064, 87.9553], "stabilizedTipPosition": [-24.3863, 223.244, 81.5862], "timeVisible": 1.6997, "tipPosition": [-24.6065, 213.906, 70.7648], "tipVelocity": [6.31473, -1.48566, 0.152525], "tool": false, "touchDistance": -0.0298067, "touchZone": "touching", "type": 1, "width": 14.572}, {"bases": [[[0.945718, -0.114324, -0.304217], [0.319408, 0.499702, 0.805156], [0.0599695, -0.85862, 0.509093]], [[0.947598, -0.173809, -0.268045], [0.300157, 0.197121, 0.9333], [-0.109378, -0.964849, 0.238961]], [[0.947598, -0.173809, -0.268045], [0.317585, 0.421625, 0.849336], [-0.0346073, -0.889957, 0.45473]], [[0.947598, -0.173809, -0.268045], [0.314999, 0.648141, 0.693317], [0.0532266, -0.74142, 0.668927]]], "btipPosition": [-53.456, 226.616, 69.5585], "carpPosition": [-52.7857, 113.166, 126.262], "dipPosition": [-54.2204, 215.968, 79.1657], "direction": [-0.0346073, 0.889957, -0.45473], "extended": true, "handId": 56, "id": 562, "length": 51.2108, "mcpPosition": [-49.439, 161.083, 97.8512], "pipPosition": [-53.4683, 196.626, 89.0483], "stabilizedTipPosition": [-53.1373, 232.817, 82.3698], "timeVisible": 1.6997, "tipPosition": [-51.3086, 222.485, 69.0171], "tipVelocity": [4.58545, 1.78257, 5.31664], "tool": false, "touchDistance": 0.0490854, "touchZone": "hovering", "type": 2, "width": 14.3116}, {"bases": [[[0.917448, -0.276773, -0.285809], [0.387908, 0.462632, 0.797182], [-0.0884141, -0.84224, 0.531803]], [[0.913398, -0.308759, -0.265276], [0.311771, 0.111618, 0.943578], [-0.261729, -0.944568, 0.198214]], [[0.913398, -0.308759, -0.265276], [0.36299, 0.322853, 0.874073], [-0.184233, -0.89467, 0.40697]], [[0.913398, -0.308759, -0.265276], [0.399814, 0.557993, 0.727181], [-0.0765018, -0.770267, 0.633116]]], "btipPosition": [-80.5845, 217.368, 72.4616], "carpPosition": [-62.2242, 112.972, 123.533], "dipPosition": [-79.492, 206.369, 81.5023], "direction": [-0.184233, 0.89467, -0.40697], "extended": true, "handId": 56, "id": 563, "length": 49.2406, "mcpPosition": [-66.6542, 155.173, 96.8869], "pipPosition": [-75.5915, 187.427, 90.1185], "stabilizedTipPosition": [-79.6503, 222.663, 83.3643], "timeVisible": 1.6997, "tipPosition": [-76.371, 213.196, 70.6372], "tipVelocity": [4.781, 1.74232, 4.65584], "tool": false, "touchDistance": 0.0919153, "touchZone": "hovering", "type": 3, "width": 13.6184}, {"bases": [[[0.824259, -0.445003, -0.3501], [0.516537, 0.337712, 0.786854], [-0.23192, -0.829411, 0.508223]], [[0.798522, -0.521725, -0.300276], [0.341961, -0.0173706, 0.939554], [-0.495404, -0.852937, 0.164539]], [[0.798522, -0.521725, -0.300276], [0.442054, 0.169642, 0.880801], [-0.408596, -0.836077, 0.366093]], [[0.798522, -0.521725, -0.300276], [0.538581, 0.396401, 0.743503], [-0.268874, -0.755427, 0.597526]]], "btipPosition": [-104.295, 192.328, 75.8593], "carpPosition": [-70.5007, 108.359, 117.222], "dipPosition": [-100.753, 182.377, 83.7308], "direction": [-0.408596, 0.836077, -0.366093], "extended": true, "handId": 56, "id": 564, "length": 38.6037, "mcpPosition": [-81.2577, 146.829, 93.6497], "pipPosition": [-94.6454, 169.879, 89.2032], "stabilizedTipPosition": [-102.295, 197.311, 83.6898], "timeVisible": 1.6997, "tipPosition": [-97.8538, 189.519, 73.326], "tipVelocity": [5.8004, 0.272516, 0.535612], "tool": false, "touchDistance": 0.187322, "touchZone": "hovering", "type": 4, "width": 12.0969}], "r": [[0.385291, 0.15176, 0.910231], [-0.398671, 0.916957, 0.0158715], [-0.832233, -0.368998, 0.413797]], "s": 1.26362, "t": [46.381, -14.5957, -37.0988], "timestamp": 17348234534}, {"currentFrameRate": 107.344, "devices": [], "gestures": [], "hands": [{"armBasis": [[0.931101, 0.139588, -0.336995], [0.171254, 0.648434, 0.741758], [0.32206, -0.748364, 0.579853]], "armWidth": 48.9085, "confidence": 1, "direction": [0.00428609, 0.92347, -0.383648], "elbow": [-130.463, -74.2781, 254.452], "grabAngle": 0.195099, "grabStrength": 0, "id": 56, "palmNormal": [0.181761, -0.37798, -0.907796], "palmPosition": [-51.2168, 141.092, 102.038], "palmVelocity": [5.86053, 2.46756, 2.3982], "palmWidth": 72.7825, "pinchDistance": 64.5273, "pinchStrength": 0, "r": [[0.385603, 0.152628, 0.909953], [-0.398744, 0.916937, 0.0151729], [-0.832054, -0.368689, 0.414433]], "s": 1.26354, "sphereCenter": [-47.3679, 203.219, 146.606], "sphereRadius": 79.7977, "stabilizedPalmPosition": [-50.4098, 147.273, 105.765], "t": [-46.3365, -14.5893, -37.0877], "timeVisible": 1.70844, "type": "left", "wrist": [-60.907, 87.3474, 129.22]}], "id": 32050, "interactionBox": {"center": [0, 200, 0], "size": [235.247, 235.247, 147.751]}, "pointables": [{"bases": [[[0.557426, 0.49178, 0.668901], [-0.708422, -0.138371, 0.692092], [0.432914, -0.859654, 0.271256]], [[0.372558, 0.759535, 0.533204], [-0.607995, -0.234306, 0.75858], [0.701101, -0.6068, 0.374501]], [[0.372558, 0.759535, 0.533204], [-0.739041, -0.10467, 0.66548], [0.561266, -0.641989, 0.522332]], [[0.372558, 0.759535, 0.533204], [-0.852213, 0.0525872, 0.520546], [0.367333, -0.648337, 0.666877]]], "btipPosition": [15.1462, 150.37, 77.2932], "carpPosition": [-34.0439, 97.8158, 117.786], "dipPosition": [8.57584, 138.774, 89.2214], "direction": [0.561266, 0.641989, -0.522332], "extended": true, "handId": 56, "id": 560, "length": 39.8308, "mcpPosition": [-34.0439, 97.8158, 117.786], "pipPosition": [-6.04969, 122.045, 102.832], "stabilizedTipPosition": [15.1186, 155.894, 87.0845], "timeVisible": 1.70844, "tipPosition": [13.0016, 147.835, 79.2886], "tipVelocity": [1.12151, 9.9285, 8.45311], "tool": false, "touchDistance": 0.176809, "touchZone": "hovering", "type": 0, "width": 15.2554}, {"bases": [[[0.968654, 0.0901458, -0.23148], [0.154631, 0.510481, 0.845871], [0.194418, -0.855151, 0.48054]], [[0.976768, 0.0495814, -0.208483], [0.176746, 0.363736, 0.91458], [0.121179, -0.930182, 0.346523]], [[0.976768, 0.0495814, -0.208483], [0.124312, 0.661352, 0.739702], [0.174556, -0.748435, 0.639824]], [[0.976768, 0.0495814, -0.208483], [0.0835961, 0.807633, 0.58373], [0.19732, -0.587597, 0.784726]]], "btipPosition": [-21.9729, 213.572, 65.8842], "carpPosition": [-43.194, 111.207, 127.607], "dipPosition": [-24.5495, 205.899, 76.1311], "direction": [0.174556, 0.748435, -0.639824], "extended": true, "handId": 56, "id": 561, "length": 44.9446, "mcpPosition": [-31.7529, 161.531, 99.3283], "pipPosition": [-27.774, 192.073, 87.9504], "stabilizedTipPosition": [-24.3863, 223.244, 81.5862], "timeVisible": 1.70844, "tipPosition": [-24.5411, 213.936, 70.8189], "tipVelocity": [6.42916, 5.29726, 3.36247], "tool": false, "touchDistance": -0.0293169, "touchZone": "touching", "type": 1, "width": 14.572}, {"bases": [[[0.945366, -0.114571, -0.305215], [0.320399, 0.499474, 0.804904], [0.060228, -0.85872, 0.508894]], [[0.947265, -0.174091, -0.269037], [0.301141, 0.19658, 0.933097], [-0.109557, -0.964909, 0.23864]], [[0.947265, -0.174091, -0.269037], [0.318566, 0.42069, 0.849432], [-0.0346977, -0.890344, 0.453965]], [[0.947265, -0.174091, -0.269037], [0.316023, 0.646586, 0.694303], [0.0530832, -0.742711, 0.667505]]], "btipPosition": [-53.4173, 226.668, 69.6334], "carpPosition": [-52.7509, 113.184, 126.277], "dipPosition": [-54.1797, 216.001, 79.2202], "direction": [-0.0346977, 0.890344, -0.453965], "extended": true, "handId": 56, "id": 562, "length": 51.2108, "mcpPosition": [-49.3897, 161.106, 97.8772], "pipPosition": [-53.4256, 196.651, 89.0862], "stabilizedTipPosition": [-53.1375, 232.814, 82.3661], "timeVisible": 1.70844, "tipPosition": [-51.2561, 222.517, 69.0598], "tipVelocity": [4.47898, 5.45506, 8.03864], "tool": false, "touchDistance": 0.0502563, "touchZone": "hovering", "type": 2, "width": 14.3116}, {"bases": [[[0.917064, -0.277014, -0.286803], [0.388879, 0.462383, 0.796853], [-0.0881269, -0.842297, 0.53176]], [[0.913046, -0.308872, -0.266356], [0.312672, 0.110751, 0.943383], [-0.261885, -0.944634, 0.197696]], [[0.913046, -0.308872, -0.266356], [0.363759, 0.321327, 0.874316], [-0.184464, -0.89518, 0.405741]], [[0.913046, -0.308872, -0.266356], [0.400549, 0.555988, 0.728312], [-0.076864, -0.771671, 0.631361]]], "btipPosition": [-80.5477, 217.418, 72.5377], "carpPosition": [-62.1864, 112.986, 123.538], "dipPosition": [-79.4501, 206.399, 81.5532], "direction": [-0.184464, 0.89518, -0.405741], "extended": true, "handId": 56, "id": 563, "length": 49.2406, "mcpPosition": [-66.6021, 155.19, 96.8942], "pipPosition": [-75.5447, 187.447, 90.1435], "stabilizedTipPosition": [-79.6508, 222.657, 83.3579], "timeVisible": 1.70844, "tipPosition": [-76.3299, 213.223, 70.6637], "tipVelocity": [4.34125, 5.26774, 8.0392], "tool": false, "touchDistance": 0.0930864, "touchZone": "hovering", "type": 3, "width": 13.6184}, {"bases": [[[0.823756, -0.445205, -0.351024], [0.517458, 0.337425, 0.786373], [-0.231653, -0.82942, 0.508331]], [[0.798167, -0.521624, -0.301395], [0.34278, -0.0181866, 0.93924], [-0.495411, -0.852982, 0.164286]], [[0.798167, -0.521624, -0.301395], [0.442518, 0.168164, 0.880851], [-0.408789, -0.836439, 0.365051]], [[0.798167, -0.521624, -0.301395], [0.538856, 0.394456, 0.744338], [-0.269377, -0.756514, 0.595921]]], "btipPosition": [-104.247, 192.363, 75.8936], "carpPosition": [-70.455, 108.373, 117.218], "dipPosition": [-100.698, 182.397, 83.744], "direction": [-0.408789, 0.836439, -0.365051], "extended": true, "handId": 56, "id": 564, "length": 38.6037, "mcpPosition": [-81.1995, 146.843, 93.6405], "pipPosition": [-94.5875, 169.894, 89.2009], "stabilizedTipPosition": [-102.297, 197.297, 83.6776], "timeVisible": 1.70844, "tipPosition": [-97.8105, 189.533, 73.3239], "tipVelocity": [5.71359, 3.56487, 3.37391], "tool": false, "touchDistance": 0.187814, "touchZone": "hovering", "type": 4, "width": 12.0969}], "r": [[0.385603, 0.152628, 0.909953], [-0.398744, 0.916937, 0.0151729], [-0.832054, -0.368689, 0.414433]], "s": 1.26354, "t": [46.3365, -14.5893, -37.0877], "timestamp": 17348243274}, {"currentFrameRate": 107.712, "devices": [], "gestures": [], "hands": [{"armBasis": [[0.931014, 0.138497, -0.337686], [0.172242, 0.648982, 0.74105], [0.321785, -0.748091, 0.580357]], "armWidth": 48.9085, "confidence": 1, "direction": [0.00436358, 0.923422, -0.383762], "elbow": [-130.376, -74.236, 254.567], "grabAngle": 0.190724, "grabStrength": 0, "id": 56, "palmNormal": [0.182871, -0.378031, -0.907552], "palmPosition": [-51.185, 141.072, 102.042], "palmVelocity": [3.69489, -2.2659, 0.388356], "palmWidth": 72.7825, "pinchDistance": 64.4472, "pinchStrength": 0, "r": [[0.38606, 0.153318, 0.909644], [-0.398733, 0.916949, 0.0146759], [-0.831847, -0.368371, 0.41513]], "s": 1.26341, "sphereCenter": [-47.3342, 203.511, 147.217], "sphereRadius": 80.3333, "stabilizedPalmPosition": [-50.411, 147.263, 105.759], "t": [-46.2983, -14.5959, -37.0805], "timeVisible": 1.71705, "type": "left", "wrist": [-60.8793, 87.3306, 129.226]}], "id": 32051, "interactionBox": {"center": [0, 200, 0], "size": [235.247, 235.247, 147.751]}, "pointables": [{"bases": [[[0.558321, 0.491664, 0.668239], [-0.70773, -0.138026, 0.692869], [0.432893, -0.859776, 0.270903]], [[0.373801, 0.759049, 0.533027], [-0.607704, -0.233719, 0.758994], [0.700692, -0.607635, 0.373912]], [[0.373801, 0.759049, 0.533027], [-0.738896, -0.103667, 0.665797], [0.56063, -0.642727, 0.522108]], [[0.373801, 0.759049, 0.533027], [-0.851922, 0.0537417, 0.520904], [0.366746, -0.648812, 0.666739]]], "btipPosition": [15.1334, 150.42, 77.3523], "carpPosition": [-34.0133, 97.8046, 117.813], "dipPosition": [8.57353, 138.815, 89.278], "direction": [0.56063, 0.642727, -0.522108], "extended": true, "handId": 56, "id": 560, "length": 39.8308, "mcpPosition": [-34.0133, 97.8046, 117.813], "pipPosition": [-6.03544, 122.067, 102.883], "stabilizedTipPosition": [15.1153, 155.876, 87.069], "timeVisible": 1.71705, "tipPosition": [13.0584, 147.836, 79.3639], "tipVelocity": [-1.20765, 5.54873, 6.79877], "tool": false, "touchDistance": 0.177785, "touchZone": "hovering", "type": 0, "width": 15.2554}, {"bases": [[[0.968438, 0.0897657, -0.23253], [0.155723, 0.510534, 0.845639], [0.194624, -0.855159, 0.480442]], [[0.976614, 0.0489026, -0.209365], [0.177558, 0.365667, 0.913653], [0.121238, -0.92946, 0.348432]], [[0.976614, 0.0489026, -0.209365], [0.125784, 0.659792, 0.740846], [0.174367, -0.749855, 0.638211]], [[0.976614, 0.0489026, -0.209365], [0.0865128, 0.802093, 0.5909], [0.196827, -0.595194, 0.779104]]], "btipPosition": [-21.9535, 213.661, 65.9463], "carpPosition": [-43.1787, 111.194, 127.623], "dipPosition": [-24.5237, 205.889, 76.1198], "direction": [0.174367, 0.749855, -0.638211], "extended": true, "handId": 56, "id": 561, "length": 44.9446, "mcpPosition": [-31.7255, 161.518, 99.3499], "pipPosition": [-27.7447, 192.037, 87.9092], "stabilizedTipPosition": [-24.3863, 223.244, 81.5862], "timeVisible": 1.71705, "tipPosition": [-24.4911, 213.911, 70.8271], "tipVelocity": [2.41818, 7.67249, 5.2475], "tool": false, "touchDistance": -0.0285634, "touchZone": "touching", "type": 1, "width": 14.572}, {"bases": [[[0.944997, -0.114952, -0.306214], [0.321442, 0.499461, 0.804496], [0.0604632, -0.858676, 0.50894]], [[0.946913, -0.174447, -0.270043], [0.302181, 0.196248, 0.932831], [-0.109734, -0.964912, 0.238544]], [[0.946913, -0.174447, -0.270043], [0.319594, 0.419733, 0.84952], [-0.0348504, -0.890726, 0.453203]], [[0.946913, -0.174447, -0.270043], [0.317123, 0.64479, 0.69547], [0.0527981, -0.744187, 0.665881]]], "btipPosition": [-53.4022, 226.678, 69.6796], "carpPosition": [-52.735, 113.167, 126.282], "dipPosition": [-54.1605, 215.99, 79.243], "direction": [-0.0348504, 0.890726, -0.453203], "extended": true, "handId": 56, "id": 562, "length": 51.2108, "mcpPosition": [-49.3607, 161.087, 97.8799], "pipPosition": [-53.4031, 196.632, 89.0925], "stabilizedTipPosition": [-53.1376, 232.812, 82.3632], "timeVisible": 1.71705, "tipPosition": [-51.228, 222.5, 69.0642], "tipVelocity": [1.86211, 0.622684, 4.73197], "tool": false, "touchDistance": 0.0509358, "touchZone": "hovering", "type": 2, "width": 14.3116}, {"bases": [[[0.916656, -0.277383, -0.287751], [0.3899, 0.462345, 0.796376], [-0.0878612, -0.842197, 0.531963]], [[0.912682, -0.309006, -0.267445], [0.313647, 0.110104, 0.943134], [-0.261988, -0.944665, 0.197409]], [[0.912682, -0.309006, -0.267445], [0.364541, 0.319776, 0.874559], [-0.184722, -0.895689, 0.404499]], [[0.912682, -0.309006, -0.267445], [0.401276, 0.553684, 0.729665], [-0.0773909, -0.773271, 0.629335]]], "btipPosition": [-80.5319, 217.427, 72.5877], "carpPosition": [-62.1675, 112.966, 123.534], "dipPosition": [-79.4268, 206.385, 81.5744], "direction": [-0.184722, 0.895689, -0.404499], "extended": true, "handId": 56, "id": 563, "length": 49.2406, "mcpPosition": [-66.5698, 155.164, 96.8792], "pipPosition": [-75.516, 187.422, 90.1383], "stabilizedTipPosition": [-79.6512, 222.652, 83.353], "timeVisible": 1.71705, "tipPosition": [-76.3144, 213.201, 70.6549], "tipVelocity": [2.03056, 0.429617, 5.03915], "tool": false, "touchDistance": 0.0938099, "touchZone": "hovering", "type": 3, "width": 13.6184}, {"bases": [[[0.823218, -0.445548, -0.35185], [0.518423, 0.337339, 0.785774], [-0.231407, -0.82927, 0.508686]], [[0.797831, -0.521502, -0.302492], [0.343722, -0.0187414, 0.938885], [-0.4953, -0.853044, 0.164299]], [[0.797831, -0.521502, -0.302492], [0.442973, 0.166736, 0.880894], [-0.408952, -0.8368, 0.364039]], [[0.797831, -0.521502, -0.302492], [0.539026, 0.392307, 0.745349], [-0.270032, -0.757714, 0.594098]]], "btipPosition": [-104.216, 192.354, 75.9029], "carpPosition": [-70.4276, 108.348, 117.205], "dipPosition": [-100.659, 182.373, 83.7293], "direction": [-0.408952, 0.8368, -0.364039], "extended": true, "handId": 56, "id": 564, "length": 38.6037, "mcpPosition": [-81.1608, 146.811, 93.611], "pipPosition": [-94.5457, 169.864, 89.171], "stabilizedTipPosition": [-102.3, 197.28, 83.6639], "timeVisible": 1.71705, "tipPosition": [-97.7914, 189.495, 73.2916], "tipVelocity": [3.79666, -1.41587, 0.432764], "tool": false, "touchDistance": 0.187876, "touchZone": "hovering", "type": 4, "width": 12.0969}], "r": [[0.38606, 0.153318, 0.909644], [-0.398733, 0.916949, 0.0146759], [-0.831847, -0.368371, 0.41513]], "s": 1.26341, "t": [46.2983, -14.5959, -37.0805], "timestamp": 17348251889}, {"currentFrameRate": 108.08, "devices": [], "gestures": [], "hands": [{"armBasis": [[0.930863, 0.137335, -0.338575], [0.173275, 0.649894, 0.740009], [0.321667, -0.747514, 0.581166]], "armWidth": 48.9085, "confidence": 1, "direction": [0.00433434, 0.92362, -0.383286], "elbow": [-130.325, -74.1035, 254.734], "grabAngle": 0.184049, "grabStrength": 0, "id": 56, "palmNormal": [0.184068, -0.377477, -0.907541], "palmPosition": [-51.1595, 141.091, 102.058], "palmVelocity": [2.95884, 2.17789, 1.85216], "palmWidth": 72.7825, "pinchDistance": 64.3542, "pinchStrength": 0, "r": [[0.386642, 0.153739, 0.909325], [-0.398631, 0.916997, 0.0144606], [-0.831626, -0.368076, 0.415835]], "s": 1.26322, "sphereCenter": [-47.2669, 203.967, 148.178], "sphereRadius": 81.1451, "stabilizedPalmPosition": [-50.4123, 147.253, 105.753], "t": [-46.2665, -14.5899, -37.0689], "timeVisible": 1.72564, "type": "left", "wrist": [-60.8544, 87.3384, 129.219]}], "id": 32052, "interactionBox": {"center": [0, 200, 0], "size": [235.247, 235.247, 147.751]}, "pointables": [{"bases": [[[0.559308, 0.491047, 0.667868], [-0.707026, -0.13803, 0.693586], [0.43277, -0.860128, 0.269982]], [[0.375238, 0.758094, 0.533376], [-0.607434, -0.233536, 0.759266], [0.700158, -0.608896, 0.37286]], [[0.375238, 0.758094, 0.533376], [-0.738765, -0.102948, 0.666054], [0.559841, -0.643969, 0.521423]], [[0.375238, 0.758094, 0.533376], [-0.851568, 0.0546719, 0.521385], [0.366098, -0.64985, 0.666083]]], "btipPosition": [15.1091, 150.54, 77.4369], "carpPosition": [-33.9841, 97.8237, 117.826], "dipPosition": [8.56086, 138.917, 89.3508], "direction": [0.559841, 0.643969, -0.521423], "extended": true, "handId": 56, "id": 560, "length": 39.8308, "mcpPosition": [-33.9841, 97.8237, 117.826], "pipPosition": [-6.02756, 122.136, 102.938], "stabilizedTipPosition": [15.1119, 155.858, 87.0535], "timeVisible": 1.72564, "tipPosition": [13.1085, 147.898, 79.459], "tipVelocity": [-2.51495, 13.5294, 9.53056], "tool": false, "touchDistance": 0.179149, "touchZone": "hovering", "type": 0, "width": 15.2554}, {"bases": [[[0.968223, 0.0894061, -0.233563], [0.156917, 0.510025, 0.845725], [0.194736, -0.8555, 0.479789]], [[0.976438, 0.0483288, -0.210315], [0.17