{"frames": 80, "data": [{"currentFrameRate": 115.393, "devices": [], "gestures": [], "hands": [{"armBasis": [[0.916066, -0.047608, -0.398193], [0.0159396, -0.987821, 0.154774], [-0.400712, -0.14813, -0.90415]], "armWidth": 52.1639, "confidence": 1, "direction": [0.02866, 0.95954, -0.280109], "elbow": [27.4065, 122.38, -123.682], "grabAngle": 0.236753, "grabStrength": 0, "id": 49, "palmNormal": [0.0968723, -0.281571, -0.954638], "palmPosition": [-60.3059, 213.397, 73.8564], "palmVelocity": [-14.372, -23.0503, -2.07742], "palmWidth": 76.2204, "pinchDistance": 67.4556, "pinchStrength": 0, "r": [[0.327818, -0.263568, 0.907231], [-0.854516, 0.326823, 0.403718], [-0.402911, -0.90759, -0.118084]], "s": 1.37516, "sphereCenter": [-54.4242, 265.237, 101.462], "sphereRadius": 65.6311, "stabilizedPalmPosition": [-59.7425, 214.403, 73.912], "t": [-56.4785, 66.8587, -60.1221], "timeVisible": 9.5044, "type": "left", "wrist": [-63.2237, 155.883, 80.8128]}], "id": 27175, "interactionBox": {"center": [0, 200, 0], "size": [235.247, 235.247, 147.751]}, "pointables": [{"bases": [[[0.481391, 0.439173, 0.758544], [-0.746169, -0.248733, 0.617546], [0.459885, -0.863284, 0.207959]], [[0.250091, 0.754929, 0.606248], [-0.798889, -0.192862, 0.56972], [0.547021, -0.626806, 0.554871]], [[0.250091, 0.754929, 0.606248], [-0.86923, -0.100749, 0.484034], [0.426491, -0.648021, 0.631011]], [[0.250091, 0.754929, 0.606248], [-0.908503, -0.0335289, 0.41653], [0.334778, -0.654949, 0.677471]]], "btipPosition": [-2.23532, 223.1, 29.577], "carpPosition": [-43.7529, 165.71, 83.9154], "dipPosition": [-8.76341, 210.329, 42.7875], "direction": [0.426491, 0.648021, -0.631011], "extended": true, "handId": 49, "id": 490, "length": 43.4232, "mcpPosition": [-43.7529, 165.71, 83.9154], "pipPosition": [-20.8793, 191.919, 60.7135], "stabilizedTipPosition": [-3.13259, 220.898, 32.6373], "timeVisible": 9.5044, "tipPosition": [-1.83793, 222.109, 36.8998], "tipVelocity": [-10.8987, -12.1894, 6.17519], "tool": false, "touchDistance": 0.272821, "touchZone": "hovering", "type": 0, "width": 16.4083}, {"bases": [[[0.975948, 0.161331, -0.146619], [0.0668302, 0.418768, 0.905631], [0.207505, -0.893647, 0.397915]], [[0.984259, 0.121165, -0.12866], [0.102585, 0.20111, 0.974182], [0.143911, -0.972046, 0.185515]], [[0.984259, 0.121165, -0.12866], [0.0658187, 0.424318, 0.903118], [0.164018, -0.89737, 0.409664]], [[0.984259, 0.121165, -0.12866], [0.0213735, 0.641043, 0.767208], [0.175435, -0.757881, 0.628362]]], "btipPosition": [-28.0643, 297.654, 48], "carpPosition": [-51.8043, 178.924, 96.3585], "dipPosition": [-30.5617, 286.865, 56.9452], "direction": [0.164018, 0.89737, -0.409664], "extended": true, "handId": 49, "id": 491, "length": 48.9982, "mcpPosition": [-39.0163, 233.997, 71.836], "pipPosition": [-33.8648, 268.793, 65.1953], "stabilizedTipPosition": [-27.366, 295.98, 50.2383], "timeVisible": 9.5044, "tipPosition": [-29.3304, 296.132, 52.9969], "tipVelocity": [-39.1542, -15.1707, -9.53565], "tool": false, "touchDistance": 0.320545, "touchZone": "hovering", "type": 1, "width": 15.6732}, {"bases": [[[0.969222, -0.0346572, -0.243737], [0.235403, 0.420293, 0.876321], [0.0720701, -0.906726, 0.415516]], [[0.970763, -0.0581178, -0.232899], [0.240021, 0.222487, 0.944928], [-0.00310018, -0.973202, 0.229931]], [[0.970763, -0.0581178, -0.232899], [0.235541, 0.417625, 0.877559], [0.0462625, -0.906759, 0.419103]], [[0.970763, -0.0581178, -0.232899], [0.220373, 0.600413, 0.768726], [0.0951588, -0.797576, 0.595666]]], "btipPosition": [-55.0819, 307.656, 43.1829], "carpPosition": [-61.7555, 181.608, 95.9575], "dipPosition": [-56.5719, 295.168, 52.5095], "direction": [0.0462625, 0.906759, -0.419103], "extended": true, "handId": 49, "id": 492, "length": 55.8295, "mcpPosition": [-57.5435, 234.6, 71.6735], "pipPosition": [-57.668, 273.684, 62.4393], "stabilizedTipPosition": [-54.1233, 305.777, 45.5749], "timeVisible": 9.5044, "tipPosition": [-57.0894, 305.32, 48.0901], "tipVelocity": [-42.7491, -22.4479, -9.33532], "tool": false, "touchDistance": 0.323524, "touchZone": "hovering", "type": 2, "width": 15.3931}, {"bases": [[[0.948742, -0.199296, -0.245296], [0.306226, 0.387624, 0.869467], [-0.0781984, -0.900016, 0.428785]], [[0.947895, -0.208465, -0.24091], [0.280444, 0.187225, 0.941434], [-0.151152, -0.959942, 0.235932]], [[0.947895, -0.208465, -0.24091], [0.307968, 0.40601, 0.860414], [-0.0815541, -0.889774, 0.449055]], [[0.947895, -0.208465, -0.24091], [0.318533, 0.60666, 0.728355], [-0.00568582, -0.767142, 0.641452]]], "btipPosition": [-83.5098, 297.634, 42.2041], "carpPosition": [-71.8088, 182.193, 93.8369], "dipPosition": [-83.4213, 285.692, 52.1899], "direction": [-0.0815541, 0.889774, -0.449055], "extended": true, "handId": 49, "id": 493, "length": 53.6816, "mcpPosition": [-75.912, 229.419, 71.3377], "pipPosition": [-81.5389, 265.155, 62.5546], "stabilizedTipPosition": [-82.239, 295.892, 44.5371], "timeVisible": 9.5044, "tipPosition": [-87.2713, 295.531, 48.568], "tipVelocity": [-43.455, -27.7633, -2.77227], "tool": false, "touchDistance": 0.33244, "touchZone": "hovering", "type": 3, "width": 14.6475}, {"bases": [[[0.869588, -0.363412, -0.334287], [0.441942, 0.27086, 0.855174], [-0.220235, -0.891384, 0.396144]], [[0.849688, -0.432049, -0.302264], [0.377346, 0.0978477, 0.920889], [-0.368293, -0.896527, 0.246172]], [[0.849688, -0.432049, -0.302264], [0.44876, 0.29156, 0.844753], [-0.276846, -0.853421, 0.441621]], [[0.849688, -0.432049, -0.302264], [0.491832, 0.442758, 0.749711], [-0.190082, -0.785684, 0.588701]]], "btipPosition": [-109.951, 273.454, 45.2573], "carpPosition": [-81.1621, 178.552, 87.4032], "dipPosition": [-107.222, 262.17, 53.712], "direction": [-0.276846, 0.853421, -0.441621], "extended": true, "handId": 49, "id": 494, "length": 42.0854, "mcpPosition": [-91.8596, 221.85, 68.1613], "pipPosition": [-102.71, 248.262, 60.9088], "stabilizedTipPosition": [-108.302, 271.929, 47.0918], "timeVisible": 9.5044, "tipPosition": [-112.863, 270.613, 51.4629], "tipVelocity": [-35.1488, -34.8116, 1.05116], "tool": false, "touchDistance": 0.323887, "touchZone": "hovering", "type": 4, "width": 13.0111}], "r": [[0.327818, -0.263568, 0.907231], [-0.854516, 0.326823, 0.403718], [-0.402911, -0.90759, -0.118084]], "s": 1.37516, "t": [56.4785, 66.8587, -60.1221], "timestamp": 17305203738}, {"currentFrameRate": 115.359, "devices": [], "gestures": [], "hands": [{"armBasis": [[0.916128, -0.0493251, -0.397839], [0.0144765, -0.987684, 0.155791], [-0.400623, -0.148484, -0.904131]], "armWidth": 52.1639, "confidence": 1, "direction": [0.0271272, 0.959293, -0.281108], "elbow": [27.376, 122.094, -123.673], "grabAngle": 0.232737, "grabStrength": 0, "id": 49, "palmNormal": [0.0964307, -0.282411, -0.954434], "palmPosition": [-60.4065, 213.188, 73.7966], "palmVelocity": [-11.5301, -23.9969, -6.84654], "palmWidth": 76.2204, "pinchDistance": 67.4499, "pinchStrength": 0, "r": [[0.326867, -0.262934, 0.907758], [-0.854398, 0.328321, 0.402752], [-0.403933, -0.907233, -0.117333]], "s": 1.37567, "sphereCenter": [-54.3897, 265.496, 102.397], "sphereRadius": 66.3846, "stabilizedPalmPosition": [-59.8501, 214.206, 73.8933], "t": [-56.5962, 66.6422, -60.1641], "timeVisible": 9.51313, "type": "left", "wrist": [-63.2343, 155.678, 80.817]}], "id": 27176, "interactionBox": {"center": [0, 200, 0], "size": [235.247, 235.247, 147.751]}, "pointables": [{"bases": [[[0.48133, 0.439296, 0.758512], [-0.747034, -0.247101, 0.617156], [0.458543, -0.86369, 0.209232]], [[0.251102, 0.754699, 0.606116], [-0.799278, -0.191541, 0.56962], [0.545988, -0.627488, 0.555118]], [[0.251102, 0.754699, 0.606116], [-0.869495, -0.0992998, 0.483857], [0.425354, -0.648513, 0.631273]], [[0.251102, 0.754699, 0.606116], [-0.908437, -0.0324558, 0.416759], [0.3342, -0.655268, 0.677447]]], "btipPosition": [-2.34983, 222.972, 29.5341], "carpPosition": [-43.7807, 165.533, 83.8899], "dipPosition": [-8.86667, 210.194, 42.7442], "direction": [0.425354, 0.648513, -0.631273], "extended": true, "handId": 49, "id": 490, "length": 43.4232, "mcpPosition": [-43.7807, 165.533, 83.8899], "pipPosition": [-20.9503, 191.771, 60.6776], "stabilizedTipPosition": [-3.25379, 220.752, 32.6264], "timeVisible": 9.51313, "tipPosition": [-1.99346, 221.929, 36.7553], "tipVelocity": [-12.8266, -14.85, -4.92579], "tool": false, "touchDistance": 0.272104, "touchZone": "hovering", "type": 0, "width": 16.4083}, {"bases": [[[0.97629, 0.159868, -0.145943], [0.0666156, 0.419599, 0.905262], [0.20596, -0.893521, 0.399001]], [[0.984665, 0.118966, -0.127601], [0.102024, 0.200625, 0.974341], [0.141513, -0.972418, 0.185411]], [[0.984665, 0.118966, -0.127601], [0.0660537, 0.42273, 0.903845], [0.161467, -0.898413, 0.408389]], [[0.984665, 0.118966, -0.127601], [0.0224772, 0.638812, 0.769035], [0.173001, -0.760109, 0.626342]]], "btipPosition": [-28.3662, 297.537, 47.9592], "carpPosition": [-51.8392, 178.749, 96.3265], "dipPosition": [-30.829, 286.716, 56.8756], "direction": [0.161467, 0.898413, -0.408389], "extended": true, "handId": 49, "id": 491, "length": 48.9982, "mcpPosition": [-39.1464, 233.815, 71.737], "pipPosition": [-34.0808, 268.623, 65.1], "stabilizedTipPosition": [-27.6183, 295.83, 50.2015], "timeVisible": 9.51313, "tipPosition": [-29.554, 295.934, 52.798], "tipVelocity": [-33.6932, -14.221, -5.4401], "tool": false, "touchDistance": 0.319753, "touchZone": "hovering", "type": 1, "width": 15.6732}, {"bases": [[[0.969384, -0.0362092, -0.242867], [0.235216, 0.420867, 0.876096], [0.070492, -0.906399, 0.416498]], [[0.97091, -0.0601894, -0.231757], [0.239383, 0.221853, 0.945239], [-0.00547735, -0.973221, 0.229808]], [[0.97091, -0.0601894, -0.231757], [0.235439, 0.416294, 0.878219], [0.0436196, -0.907236, 0.418355]], [[0.97091, -0.0601894, -0.231757], [0.220905, 0.598602, 0.769985], [0.0923853, -0.798782, 0.594485]]], "btipPosition": [-55.4145, 307.479, 43.1404], "carpPosition": [-61.7943, 181.419, 95.9313], "dipPosition": [-56.861, 294.973, 52.4485], "direction": [0.0436196, 0.907236, -0.418355], "extended": true, "handId": 49, "id": 492, "length": 55.8295, "mcpPosition": [-57.6745, 234.392, 71.5898], "pipPosition": [-57.8945, 273.477, 62.3607], "stabilizedTipPosition": [-54.4063, 305.573, 45.5237], "timeVisible": 9.51313, "tipPosition": [-57.321, 305.084, 47.9093], "tipVelocity": [-36.9659, -20.7814, -5.35247], "tool": false, "touchDistance": 0.322746, "touchZone": "hovering", "type": 2, "width": 15.3931}, {"bases": [[[0.948683, -0.200822, -0.244277], [0.306, 0.388096, 0.869336], [-0.0797787, -0.899473, 0.429631]], [[0.947762, -0.210566, -0.239602], [0.279487, 0.186158, 0.94193], [-0.153735, -0.959691, 0.235284]], [[0.947762, -0.210566, -0.239602], [0.307541, 0.403859, 0.861578], [-0.084654, -0.890258, 0.44752]], [[0.947762, -0.210566, -0.239602], [0.318849, 0.603978, 0.730442], [-0.00909197, -0.768682, 0.639566]]], "btipPosition": [-83.8549, 297.427, 42.2305], "carpPosition": [-71.8502, 181.989, 93.8188], "dipPosition": [-83.7133, 285.461, 52.1869], "direction": [-0.084654, 0.890258, -0.44752], "extended": true, "handId": 49, "id": 493, "length": 53.6816, "mcpPosition": [-76.0363, 229.186, 71.2751], "pipPosition": [-81.7594, 264.913, 62.5162], "stabilizedTipPosition": [-82.5456, 295.656, 44.5339], "timeVisible": 9.51313, "tipPosition": [-87.4601, 295.252, 48.4011], "tipVelocity": [-38.1484, -24.375, 2.24658], "tool": false, "touchDistance": 0.332767, "touchZone": "hovering", "type": 3, "width": 14.6475}, {"bases": [[[0.869385, -0.364922, -0.333169], [0.441571, 0.271135, 0.855278], [-0.221776, -0.890684, 0.39686]], [[0.849363, -0.433506, -0.30109], [0.376119, 0.0969071, 0.92149], [-0.370294, -0.895925, 0.245359]], [[0.849363, -0.433506, -0.30109], [0.447471, 0.288896, 0.84635], [-0.279914, -0.853587, 0.439359]], [[0.849363, -0.433506, -0.30109], [0.490746, 0.438628, 0.752844], [-0.194296, -0.787196, 0.585296]]], "btipPosition": [-110.238, 273.203, 45.3259], "carpPosition": [-81.2041, 178.329, 87.3968], "dipPosition": [-107.447, 261.897, 53.7317], "direction": [-0.279914, 0.853588, -0.439359], "extended": true, "handId": 49, "id": 494, "length": 42.0854, "mcpPosition": [-91.9765, 221.592, 68.1202], "pipPosition": [-102.886, 247.987, 60.8916], "stabilizedTipPosition": [-108.567, 271.657, 47.1261], "timeVisible": 9.51313, "tipPosition": [-113.024, 270.313, 51.3472], "tipVelocity": [-31.2162, -29.3312, 6.56811], "tool": false, "touchDistance": 0.324842, "touchZone": "hovering", "type": 4, "width": 13.0111}], "r": [[0.326867, -0.262934, 0.907758], [-0.854398, 0.328321, 0.402752], [-0.403933, -0.907233, -0.117333]], "s": 1.37567, "t": [56.5962, 66.6422, -60.1641], "timestamp": 17305212464}, {"currentFrameRate": 115.327, "devices": [], "gestures": [], "hands": [{"armBasis": [[0.916169, -0.0505372, -0.397594], [0.0133243, -0.98763, 0.156238], [-0.400571, -0.148438, -0.904162]], "armWidth": 52.1639, "confidence": 1, "direction": [0.0259905, 0.959196, -0.281544], "elbow": [27.3372, 121.944, -123.651], "grabAngle": 0.229486, "grabStrength": 0, "id": 49, "palmNormal": [0.0966248, -0.282731, -0.95432], "palmPosition": [-60.4989, 213.027, 73.8007], "palmVelocity": [-10.5963, -18.4002, 0.470784], "palmWidth": 76.2204, "pinchDistance": 67.4379, "pinchStrength": 0, "r": [[0.326022, -0.262418, 0.908211], [-0.854237, 0.32975, 0.401925], [-0.404955, -0.906864, -0.116662]], "s": 1.37617, "sphereCenter": [-54.3759, 265.757, 103.363], "sphereRadius": 67.0955, "stabilizedPalmPosition": [-59.9512, 214.022, 73.8789], "t": [-56.7014, 66.4537, -60.183], "timeVisible": 9.52185, "type": "left", "wrist": [-63.2613, 155.517, 80.8467]}], "id": 27177, "interactionBox": {"center": [0, 200, 0], "size": [235.247, 235.247, 147.751]}, "pointables": [{"bases": [[[0.48173, 0.439086, 0.758379], [-0.7474, -0.245967, 0.617166], [0.457525, -0.86412, 0.209683]], [[0.252421, 0.754153, 0.606249], [-0.799308, -0.190593, 0.569895], [0.545335, -0.628433, 0.554691]], [[0.252421, 0.754153, 0.606249], [-0.869486, -0.0981431, 0.48411], [0.424592, -0.649324, 0.630952]], [[0.252421, 0.754153, 0.606249], [-0.908206, -0.0315045, 0.417336], [0.333835, -0.655943, 0.676974]]], "btipPosition": [-2.44241, 222.911, 29.5937], "carpPosition": [-43.8172, 165.396, 83.9132], "dipPosition": [-8.95212, 210.12, 42.7945], "direction": [0.424592, 0.649324, -0.630952], "extended": true, "handId": 49, "id": 490, "length": 43.4232, "mcpPosition": [-43.8172, 165.396, 83.9132], "pipPosition": [-21.0141, 191.674, 60.7188], "stabilizedTipPosition": [-3.35885, 220.632, 32.6269], "timeVisible": 9.52185, "tipPosition": [-2.11106, 221.809, 36.725], "tipVelocity": [-10.423, -7.36154, 6.58035], "tool": false, "touchDistance": 0.273061, "touchZone": "hovering", "type": 0, "width": 16.4083}, {"bases": [[[0.976493, 0.158684, -0.145882], [0.0669734, 0.41993, 0.905082], [0.204882, -0.893576, 0.399431]], [[0.98492, 0.117203, -0.12726], [0.102182, 0.199493, 0.974557], [0.139608, -0.972865, 0.184509]], [[0.98492, 0.117203, -0.12726], [0.0668639, 0.420548, 0.904803], [0.159565, -0.899668, 0.40637]], [[0.98492, 0.117203, -0.12726], [0.0239458, 0.636144, 0.771199], [0.171342, -0.762617, 0.623745]]], "btipPosition": [-28.6127, 297.477, 48.061], "carpPosition": [-51.8892, 178.608, 96.3449], "dipPosition": [-31.0519, 286.62, 56.9405], "direction": [0.159565, 0.899668, -0.40637], "extended": true, "handId": 49, "id": 491, "length": 48.9982, "mcpPosition": [-39.2627, 233.677, 71.7289], "pipPosition": [-34.2653, 268.502, 65.1242], "stabilizedTipPosition": [-27.8538, 295.701, 50.1866], "timeVisible": 9.52185, "tipPosition": [-29.7383, 295.791, 52.7334], "tipVelocity": [-27.6272, -7.83866, 10.7], "tool": false, "touchDistance": 0.321309, "touchZone": "hovering", "type": 1, "width": 15.6732}, {"bases": [[[0.969374, -0.0374287, -0.242719], [0.235579, 0.420992, 0.875939], [0.0693975, -0.906292, 0.416916]], [[0.970894, -0.0618635, -0.231384], [0.239396, 0.220726, 0.9455], [-0.0074194, -0.973372, 0.229112]], [[0.970894, -0.0618635, -0.231384], [0.235877, 0.414606, 0.878899], [0.0415613, -0.907896, 0.417131]], [[0.970894, -0.0618635, -0.231384], [0.221814, 0.596692, 0.771205], [0.0903554, -0.800082, 0.593047]]], "btipPosition": [-55.6901, 307.363, 43.2141], "carpPosition": [-61.8473, 181.267, 95.9499], "dipPosition": [-57.1048, 294.836, 52.4997], "direction": [0.0415613, 0.907896, -0.417131], "extended": true, "handId": 49, "id": 492, "length": 55.8295, "mcpPosition": [-57.7915, 234.234, 71.584], "pipPosition": [-58.0895, 273.325, 62.3828], "stabilizedTipPosition": [-54.6769, 305.389, 45.4944], "timeVisible": 9.52185, "tipPosition": [-57.5089, 304.911, 47.8492], "tipVelocity": [-30.7473, -13.8731, 7.84699], "tool": false, "touchDistance": 0.323887, "touchZone": "hovering", "type": 2, "width": 15.3931}, {"bases": [[[0.948485, -0.202018, -0.244058], [0.306326, 0.388137, 0.869203], [-0.0808669, -0.899188, 0.430026]], [[0.947499, -0.212287, -0.239124], [0.27919, 0.184671, 0.942311], [-0.155881, -0.959599, 0.234244]], [[0.947499, -0.212287, -0.239124], [0.307662, 0.401486, 0.862643], [-0.0871228, -0.890923, 0.44572]], [[0.947499, -0.212287, -0.239124], [0.319546, 0.601313, 0.732333], [-0.0116761, -0.770296, 0.637579]]], "btipPosition": [-84.1431, 297.285, 42.3407], "carpPosition": [-71.9042, 181.824, 93.8385], "dipPosition": [-83.9613, 285.293, 52.2662], "direction": [-0.0871228, 0.890923, -0.44572], "extended": true, "handId": 49, "id": 493, "length": 53.6816, "mcpPosition": [-76.1474, 229.007, 71.2741], "pipPosition": [-81.9504, 264.73, 62.5539], "stabilizedTipPosition": [-82.829, 295.45, 44.5502], "timeVisible": 9.52185, "tipPosition": [-87.6107, 295.043, 48.3304], "tipVelocity": [-31.9714, -16.9993, 11.8169], "tool": false, "touchDistance": 0.33437, "touchZone": "hovering", "type": 3, "width": 14.6475}, {"bases": [[[0.869012, -0.366067, -0.332887], [0.441766, 0.271014, 0.855216], [-0.222849, -0.89025, 0.397231]], [[0.848861, -0.434749, -0.300713], [0.375362, 0.0951816, 0.921978], [-0.372207, -0.895507, 0.243984]], [[0.848861, -0.434749, -0.300713], [0.446923, 0.28644, 0.847474], [-0.282302, -0.853783, 0.437447]], [[0.848861, -0.434749, -0.300713], [0.490549, 0.435889, 0.754561], [-0.196968, -0.788032, 0.583275]]], "btipPosition": [-110.474, 273.006, 45.4312], "carpPosition": [-81.2548, 178.151, 87.4195], "dipPosition": [-107.645, 261.689, 53.8079], "direction": [-0.282302, 0.853783, -0.437447], "extended": true, "handId": 49, "id": 494, "length": 42.0854, "mcpPosition": [-92.0793, 221.393, 68.1248], "pipPosition": [-103.045, 247.775, 60.9367], "stabilizedTipPosition": [-108.809, 271.416, 47.1706], "timeVisible": 9.52185, "tipPosition": [-113.155, 270.085, 51.2974], "tipVelocity": [-26.0934, -22.8235, 11.3028], "tool": false, "touchDistance": 0.326486, "touchZone": "hovering", "type": 4, "width": 13.0111}], "r": [[0.326022, -0.262418, 0.908211], [-0.854237, 0.32975, 0.401925], [-0.404955, -0.906864, -0.116662]], "s": 1.37617, "t": [56.7014, 66.4537, -60.183], "timestamp": 17305221189}, {"currentFrameRate": 115.327, "devices": [], "gestures": [], "hands": [{"armBasis": [[0.916219, -0.0519084, -0.397301], [0.0117015, -0.987683, 0.156028], [-0.400507, -0.147605, -0.904327]], "armWidth": 52.1639, "confidence": 1, "direction": [0.0244303, 0.959298, -0.281338], "elbow": [27.3338, 121.94, -123.702], "grabAngle": 0.225978, "grabStrength": 0, "id": 49, "palmNormal": [0.0972111, -0.282368, -0.954368], "palmPosition": [-60.5768, 212.841, 73.8014], "palmVelocity": [-8.98262, -21.4362, 0.0719633], "palmWidth": 76.2204, "pinchDistance": 67.4251, "pinchStrength": 0, "r": [[0.32528, -0.262152, 0.908553], [-0.853987, 0.331159, 0.401297], [-0.406077, -0.906427, -0.116155]], "s": 1.37664, "sphereCenter": [-54.4281, 265.968, 104.343], "sphereRadius": 67.7929, "stabilizedPalmPosition": [-60.0443, 213.846, 73.8673], "t": [-56.7929, 66.2665, -60.1921], "timeVisible": 9.53052, "type": "left", "wrist": [-63.2501, 155.324, 80.8323]}], "id": 27178, "interactionBox": {"center": [0, 200, 0], "size": [235.247, 235.247, 147.751]}, "pointables": [{"bases": [[[0.482552, 0.438125, 0.758413], [-0.747732, -0.244854, 0.617205], [0.456114, -0.864924, 0.209445]], [[0.254339, 0.753016, 0.60686], [-0.799233, -0.189666, 0.57031], [0.544553, -0.630075, 0.553596]], [[0.254339, 0.753016, 0.60686], [-0.869466, -0.0967332, 0.48443], [0.423487, -0.650853, 0.630118]], [[0.254339, 0.753016, 0.60686], [-0.907896, -0.0302969, 0.418099], [0.333221, -0.657305, 0.675954]]], "btipPosition": [-2.51845, 222.889, 29.6756], "carpPosition": [-43.8172, 165.236, 83.9058], "dipPosition": [-9.0162, 210.072, 42.8566], "direction": [0.423487, 0.650853, -0.630118], "extended": true, "handId": 49, "id": 490, "length": 43.4232, "mcpPosition": [-43.8172, 165.236, 83.9058], "pipPosition": [-21.0468, 191.582, 60.7572], "stabilizedTipPosition": [-3.44087, 220.545, 32.637], "timeVisible": 9.53052, "tipPosition": [-2.20978, 221.717, 36.7109], "tipVelocity": [-8.45107, -3.19143, 8.92632], "tool": false, "touchDistance": 0.274351, "touchZone": "hovering", "type": 0, "width": 16.4083}, {"bases": [[[0.976737, 0.157091, -0.145968], [0.0677818, 0.419627, 0.905162], [0.203445, -0.894, 0.399218]], [[0.985245, 0.114756, -0.126979], [0.102629, 0.197604, 0.974895], [0.136966, -0.973542, 0.182911]], [[0.985245, 0.114756, -0.126979], [0.0681562, 0.41748, 0.906127], [0.156994, -0.901411, 0.403499]], [[0.985245, 0.114756, -0.126979], [0.0260263, 0.632828, 0.773855], [0.16916, -0.765741, 0.620504]]], "btipPosition": [-28.9021, 297.43, 48.2297], "carpPosition": [-51.9126, 178.432, 96.3394], "dipPosition": [-31.3102, 286.53, 57.063], "direction": [0.156994, 0.901411, -0.403499], "extended": true, "handId": 49, "id": 491, "length": 48.9982, "mcpPosition": [-39.3747, 233.527, 71.7365], "pipPosition": [-34.4719, 268.376, 65.189], "stabilizedTipPosition": [-28.073, 295.595, 50.1968], "timeVisible": 9.53052, "tipPosition": [-29.9457, 295.652, 52.7274], "tipVelocity": [-32.5476, -6.52789, 18.2315], "tool": false, "touchDistance": 0.323944, "touchZone": "hovering", "type": 1, "width": 15.6732}, {"bases": [[[0.969281, -0.0389888, -0.242845], [0.236385, 0.420415, 0.875999], [0.0679417, -0.906494, 0.416717]], [[0.970791, -0.06407, -0.231216], [0.239719, 0.218759, 0.945875], [-0.0100218, -0.973673, 0.227728]], [[0.970791, -0.06407, -0.231216], [0.236745, 0.41225, 0.879774], [0.0389516, -0.908815, 0.415377]], [[0.970791, -0.06407, -0.231216], [0.223264, 0.594118, 0.772772], [0.087858, -0.801822, 0.591069]]], "btipPosition": [-56.0084, 307.243, 43.3476], "carpPosition": [-61.8751, 181.075, 95.9437], "dipPosition": [-57.384, 294.689, 52.6022], "direction": [0.0389516, 0.908815, -0.415377], "extended": true, "handId": 49, "id": 492, "length": 55.8295, "mcpPosition": [-57.9044, 234.053, 71.5894], "pipPosition": [-58.3069, 273.156, 62.4438], "stabilizedTipPosition": [-54.9364, 305.227, 45.4916], "timeVisible": 9.53052, "tipPosition": [-57.7231, 304.732, 47.8471], "tipVelocity": [-35.6711, -14.5395, 14.5787], "tool": false, "touchDistance": 0.325994, "touchZone": "hovering", "type": 2, "width": 15.3931}, {"bases": [[[0.948119, -0.203543, -0.244216], [0.307077, 0.387444, 0.869247], [-0.0823091, -0.899143, 0.429846]], [[0.947047, -0.214463, -0.23897], [0.279183, 0.182349, 0.942765], [-0.158613, -0.959559, 0.232568]], [[0.947047, -0.214463, -0.23897], [0.308214, 0.398505, 0.863828], [-0.0900286, -0.89174, 0.443503]], [[0.947047, -0.214463, -0.23897], [0.320763, 0.598106, 0.734425], [-0.0145777, -0.772188, 0.635227]]], "btipPosition": [-84.4611, 297.12, 42.493], "carpPosition": [-71.9326, 181.615, 93.8311], "dipPosition": [-84.2342, 285.099, 52.3818], "direction": [-0.0900286, 0.89174, -0.443503], "extended": true, "handId": 49, "id": 493, "length": 53.6816, "mcpPosition": [-76.2516, 228.795, 71.2762], "pipPosition": [-82.1562, 264.517, 62.6184], "stabilizedTipPosition": [-83.095, 295.266, 44.5868], "timeVisible": 9.53052, "tipPosition": [-87.7839, 294.812, 48.3053], "tipVelocity": [-35.4789, -19.7592, 16.5864], "tool": false, "touchDistance": 0.336424, "touchZone": "hovering", "type": 3, "width": 14.6475}, {"bases": [[[0.868361, -0.367441, -0.33307], [0.44232, 0.270099, 0.855219], [-0.224281, -0.889963, 0.39707]], [[0.848089, -0.43613, -0.300891], [0.375007, 0.0928848, 0.922357], [-0.37432, -0.895077, 0.242326]], [[0.848089, -0.43613, -0.300891], [0.446659, 0.282983, 0.848774], [-0.285029, -0.854231, 0.434796]], [[0.848089, -0.43613, -0.300891], [0.490541, 0.431619, 0.757017], [-0.200288, -0.789617, 0.579991]]], "btipPosition": [-110.72, 272.786, 45.5689], "carpPosition": [-81.2764, 177.927, 87.4102], "dipPosition": [-107.843, 261.446, 53.8985], "direction": [-0.285029, 0.854231, -0.434796], "extended": true, "handId": 49, "id": 494, "length": 42.0854, "mcpPosition": [-92.1703, 221.155, 68.1233], "pipPosition": [-103.198, 247.525, 60.9841], "stabilizedTipPosition": [-109.03, 271.197, 47.2263], "timeVisible": 9.53052, "tipPosition": [-113.294, 269.819, 51.2679], "tipVelocity": [-27.0361, -25.9518, 14.6319], "tool": false, "touchDistance": 0.328601, "touchZone": "hovering", "type": 4, "width": 13.0111}], "r": [[0.32528, -0.262152, 0.908553], [-0.853987, 0.331159, 0.401297], [-0.406077, -0.906427, -0.116155]], "s": 1.37664, "t": [56.7929, 66.2665, -60.1921], "timestamp": 17305229861}, {"currentFrameRate": 105.884, "devices": [], "gestures": [], "hands": [{"armBasis": [[0.916358, -0.0557096, -0.396464], [0.00784339, -0.987583, 0.1569], [-0.400282, -0.146886, -0.904543]], "armWidth": 52.1639, "confidence": 1, "direction": [0.0204627, 0.959135, -0.282207], "elbow": [27.3842, 121.47, -123.819], "grabAngle": 0.217106, "grabStrength": 0, "id": 49, "palmNormal": [0.0966182, -0.282842, -0.954288], "palmPosition": [-60.7073, 212.211, 73.6745], "palmVelocity": [-4.99023, -24.0988, -4.85343], "palmWidth": 76.2204, "pinchDistance": 67.3941, "pinchStrength": 0, "r": [[0.324188, -0.262016, 0.908983], [-0.85368, 0.332977, 0.400446], [-0.407593, -0.9058, -0.115731]], "s": 1.37734, "sphereCenter": [-54.4133, 266.215, 106.159], "sphereRadius": 69.2881, "stabilizedPalmPosition": [-60.2679, 213.295, 73.8023], "t": [-56.9039, 65.8579, -60.2602], "timeVisible": 9.55667, "type": "left", "wrist": [-63.1489, 154.692, 80.7643]}], "id": 27179, "interactionBox": {"center": [0, 200, 0], "size": [235.247, 235.247, 147.751]}, "pointables": [{"bases": [[[0.482855, 0.437026, 0.758854], [-0.749665, -0.241597, 0.616144], [0.452608, -0.866394, 0.210966]], [[0.257116, 0.751539, 0.60752], [-0.800083, -0.187035, 0.569986], [0.541995, -0.632619, 0.553204]], [[0.257116, 0.751539, 0.60752], [-0.869897, -0.0938258, 0.484227], [0.420917, -0.652983, 0.629637]], [[0.257116, 0.751539, 0.60752], [-0.907463, -0.0283858, 0.419173], [0.332269, -0.659078, 0.674695]]], "btipPosition": [-2.65727, 222.531, 29.6159], "carpPosition": [-43.7575, 164.676, 83.7915], "dipPosition": [-9.13646, 209.679, 42.7723], "direction": [0.420917, 0.652983, -0.629637], "extended": true, "handId": 49, "id": 490, "length": 43.4232, "mcpPosition": [-43.7575, 164.676, 83.7915], "pipPosition": [-21.094, 191.129, 60.6593], "stabilizedTipPosition": [-3.66365, 220.239, 32.6385], "timeVisible": 9.55667, "tipPosition": [-2.45967, 221.244, 36.424], "tipVelocity": [-5.14615, -14.0171, -2.50029], "tool": false, "touchDistance": 0.273262, "touchZone": "hovering", "type": 0, "width": 16.4083}, {"bases": [[[0.977549, 0.153411, -0.144443], [0.067772, 0.420164, 0.904914], [0.199514, -0.894386, 0.400334]], [[0.986108, 0.109654, -0.124767], [0.101565, 0.196315, 0.975267], [0.131435, -0.97439, 0.182451]], [[0.986108, 0.109654, -0.124767], [0.0689608, 0.413078, 0.908081], [0.151113, -0.90407, 0.399777]], [[0.986108, 0.109654, -0.124767], [0.028812, 0.626831, 0.778622], [0.163587, -0.771401, 0.614964]]], "btipPosition": [-29.5073, 297.04, 48.2193], "carpPosition": [-51.8797, 177.853, 96.2274], "dipPosition": [-31.8361, 286.059, 56.9737], "direction": [0.151113, 0.90407, -0.399777], "extended": true, "handId": 49, "id": 491, "length": 48.9982, "mcpPosition": [-39.5842, 232.972, 71.5557], "pipPosition": [-34.8793, 267.852, 65.0247], "stabilizedTipPosition": [-28.7484, 295.224, 50.2092], "timeVisible": 9.55667, "tipPosition": [-30.4066, 295.103, 52.4353], "tipVelocity": [-22.4484, -15.6413, -1.09489], "tool": false, "touchDistance": 0.323467, "touchZone": "hovering", "type": 1, "width": 15.6732}, {"bases": [[[0.969544, -0.0427245, -0.241164], [0.236426, 0.420313, 0.876036], [0.0639361, -0.906373, 0.417613]], [[0.97099, -0.0690018, -0.228946], [0.238609, 0.217112, 0.946535], [-0.0156057, -0.973705, 0.227278]], [[0.97099, -0.0690018, -0.228946], [0.236866, 0.408665, 0.881412], [0.0327433, -0.910072, 0.413154]], [[0.97099, -0.0690018, -0.228946], [0.224849, 0.589275, 0.776014], [0.0813659, -0.804981, 0.587695]]], "btipPosition": [-56.6928, 306.701, 43.3214], "carpPosition": [-61.8525, 180.459, 95.8464], "dipPosition": [-57.9668, 294.097, 52.5232], "direction": [0.0327433, 0.910072, -0.413154], "extended": true, "handId": 49, "id": 492, "length": 55.8295, "mcpPosition": [-58.1158, 233.43, 71.4397], "pipPosition": [-58.7426, 272.535, 62.3121], "stabilizedTipPosition": [-55.7198, 304.682, 45.471], "timeVisible": 9.55667, "tipPosition": [-58.2117, 304.084, 47.6005], "tipVelocity": [-25.2824, -21.162, -1.46644], "tool": false, "touchDistance": 0.325355, "touchZone": "hovering", "type": 2, "width": 15.3931}, {"bases": [[[0.947785, -0.207202, -0.242428], [0.307009, 0.38708, 0.869434], [-0.086309, -0.898464, 0.430481]], [[0.946504, -0.219578, -0.236466], [0.277469, 0.179678, 0.943783], [-0.164746, -0.958906, 0.230992]], [[0.946504, -0.219578, -0.236466], [0.307668, 0.393071, 0.866508], [-0.0973179, -0.892906, 0.4396]], [[0.946504, -0.219578, -0.236466], [0.321911, 0.591532, 0.739232], [-0.0224417, -0.775807, 0.630572]]], "btipPosition": [-85.1728, 296.49, 42.6002], "carpPosition": [-71.9154, 180.962, 93.7505], "dipPosition": [-84.8234, 284.412, 52.4165], "direction": [-0.0973179, 0.892906, -0.4396], "extended": true, "handId": 49, "id": 493, "length": 53.6816, "mcpPosition": [-76.4442, 228.106, 71.1622], "pipPosition": [-82.5772, 263.803, 62.5631], "stabilizedTipPosition": [-83.8871, 294.65, 44.6943], "timeVisible": 9.55667, "tipPosition": [-88.1855, 294.053, 48.0809], "tipVelocity": [-26.1424, -24.6088, 3.46232], "tool": false, "touchDistance": 0.337472, "touchZone": "hovering", "type": 3, "width": 14.6475}, {"bases": [[[0.867583, -0.370886, -0.331276], [0.441848, 0.269232, 0.855736], [-0.22819, -0.888796, 0.397456]], [[0.846869, -0.439868, -0.298878], [0.373077, 0.0908975, 0.923337], [-0.378979, -0.89345, 0.241083]], [[0.846869, -0.439868, -0.298878], [0.443964, 0.275383, 0.852678], [-0.29276, -0.854798, 0.428499]], [[0.846869, -0.439868, -0.298878], [0.488122, 0.419883, 0.765137], [-0.211066, -0.79386, 0.570295]]], "btipPosition": [-111.308, 272.059, 45.767], "carpPosition": [-81.2566, 177.234, 87.3486], "dipPosition": [-108.277, 260.658, 53.9574], "direction": [-0.29276, 0.854798, -0.428499], "extended": true, "handId": 49, "id": 494, "length": 42.0854, "mcpPosition": [-92.3405, 220.405, 68.043], "pipPosition": [-103.506, 246.728, 60.9404], "stabilizedTipPosition": [-109.669, 270.485, 47.398], "timeVisible": 9.55667, "tipPosition": [-113.605, 268.987, 51.1068], "tipVelocity": [-21.1338, -28.3687, 6.35328], "tool": false, "touchDistance": 0.331369, "touchZone": "hovering", "type": 4, "width": 13.0111}], "r": [[0.324188, -0.262016, 0.908983], [-0.85368, 0.332977, 0.400446], [-0.407593, -0.9058, -0.115731]], "s": 1.37734, "t": [56.9039, 65.8579, -60.2602], "timestamp": 17305256007}, {"currentFrameRate": 106.407, "devices": [], "gestures": [], "hands": [{"armBasis": [[0.916587, -0.0584798, -0.395535], [0.00543629, -0.987332, 0.158575], [-0.399798, -0.147498, -0.904658]], "armWidth": 52.1639, "confidence": 1, "direction": [0.018012, 0.958701, -0.283844], "elbow": [27.383, 121.123, -123.734], "grabAngle": 0.211017, "grabStrength": 0, "id": 49, "palmNormal": [0.0964386, -0.284233, -0.953893], "palmPosition": [-60.7369, 211.995, 73.6866], "palmVelocity": [-3.51089, -25.5983, 1.43665], "palmWidth": 76.2204, "pinchDistance": 67.3185, "pinchStrength": 0, "r": [[0.323036, -0.261747, 0.90947], [-0.853347, 0.334957, 0.399503], [-0.409202, -0.905148, -0.115158]], "s": 1.37784, "sphereCenter": [-54.3148, 266.668, 107.54], "sphereRadius": 70.3915, "stabilizedPalmPosition": [-60.324, 213.139, 73.7884], "t": [-56.9742, 65.5456, -60.2881], "timeVisible": 9.5651, "type": "left", "wrist": [-63.0406, 154.483, 80.8755]}], "id": 27180, "interactionBox": {"center": [0, 200, 0], "size": [235.247, 235.247, 147.751]}, "pointables": [{"bases": [[[0.483199, 0.437198, 0.758536], [-0.750753, -0.238832, 0.615897], [0.450431, -0.867074, 0.212824]], [[0.259543, 0.750728, 0.60749], [-0.800136, -0.185068, 0.570554], [0.540758, -0.634158, 0.552652]], [[0.259543, 0.750728, 0.60749], [-0.870061, -0.0912051, 0.484434], [0.419084, -0.654285, 0.629507]], [[0.259543, 0.750728, 0.60749], [-0.906898, -0.0267342, 0.4205], [0.331922, -0.66007, 0.673896]]], "btipPosition": [-2.67935, 222.492, 29.7359], "carpPosition": [-43.669, 164.516, 83.869], "dipPosition": [-9.15177, 209.62, 42.8767], "direction": [0.419084, 0.654285, -0.629507], "extended": true, "handId": 49, "id": 490, "length": 43.4232, "mcpPosition": [-43.669, 164.516, 83.869], "pipPosition": [-21.0573, 191.033, 60.76], "stabilizedTipPosition": [-3.70593, 220.18, 32.6486], "timeVisible": 9.5651, "tipPosition": [-2.56497, 221.077, 36.3204], "tipVelocity": [-2.43396, -5.14869, 13.7957], "tool": false, "touchDistance": 0.275201, "touchZone": "hovering", "type": 0, "width": 16.4083}, {"bases": [[[0.978024, 0.15092, -0.143848], [0.0679512, 0.421537, 0.904262], [0.197109, -0.894164, 0.402018]], [[0.986654, 0.106038, -0.123574], [0.100971, 0.196962, 0.975198], [0.127748, -0.97466, 0.183627]], [[0.986654, 0.106038, -0.123574], [0.0696274, 0.411282, 0.908845], [0.147196, -0.905319, 0.398409]], [[0.986654, 0.106038, -0.123574], [0.0307861, 0.623735, 0.781029], [0.159897, -0.77441, 0.612146]]], "btipPosition": [-29.85, 296.947, 48.2034], "carpPosition": [-51.8108, 177.696, 96.2898], "dipPosition": [-32.1262, 285.922, 56.9177], "direction": [0.147196, 0.905319, -0.398409], "extended": true, "handId": 49, "id": 491, "length": 48.9982, "mcpPosition": [-39.6634, 232.801, 71.5143], "pipPosition": [-35.0905, 267.69, 64.9412], "stabilizedTipPosition": [-28.9504, 295.123, 50.209], "timeVisible": 9.5651, "tipPosition": [-30.6421, 294.915, 52.2567], "tipVelocity": [-39.1957, -12.2409, -2.97043], "tool": false, "touchDistance": 0.32305, "touchZone": "hovering", "type": 1, "width": 15.6732}, {"bases": [[[0.969652, -0.0453599, -0.240244], [0.23663, 0.42125, 0.875531], [0.0614889, -0.90581, 0.419199]], [[0.97106, -0.0725082, -0.227563], [0.238059, 0.217095, 0.946677], [-0.019239, -0.973454, 0.228074]], [[0.97106, -0.0725082, -0.227563], [0.237094, 0.407493, 0.881893], [0.0287857, -0.910325, 0.412891]], [[0.97106, -0.0725082, -0.227563], [0.226022, 0.586878, 0.777488], [0.0771774, -0.806422, 0.586282]]], "btipPosition": [-57.0784, 306.506, 43.2918], "carpPosition": [-61.7898, 180.278, 95.9131], "dipPosition": [-58.2868, 293.879, 52.4715], "direction": [0.0287857, 0.910325, -0.412891], "extended": true, "handId": 49, "id": 492, "length": 55.8295, "mcpPosition": [-58.1962, 233.217, 71.4137], "pipPosition": [-58.9688, 272.311, 62.2542], "stabilizedTipPosition": [-55.9506, 304.53, 45.4615], "timeVisible": 9.5651, "tipPosition": [-58.4632, 303.827, 47.4333], "tipVelocity": [-43.9334, -23.7749, -4.11142], "tool": false, "touchDistance": 0.324777, "touchZone": "hovering", "type": 2, "width": 15.3931}, {"bases": [[[0.947516, -0.209788, -0.24125], [0.307143, 0.387843, 0.869046], [-0.0887488, -0.897534, 0.431922]], [[0.946135, -0.222739, -0.234982], [0.276673, 0.179234, 0.944101], [-0.168172, -0.95826, 0.231206]], [[0.946135, -0.222739, -0.234982], [0.30749, 0.390888, 0.867558], [-0.101388, -0.893081, 0.438323]], [[0.946135, -0.222739, -0.234982], [0.322645, 0.588067, 0.741672], [-0.0270146, -0.777538, 0.628256]]], "btipPosition": [-85.5337, 296.24, 42.6568], "carpPosition": [-71.8557, 180.754, 93.8251], "dipPosition": [-85.1132, 284.136, 52.4371], "direction": [-0.101388, 0.893081, -0.438323], "extended": true, "handId": 49, "id": 493, "length": 53.6816, "mcpPosition": [-76.5125, 227.85, 71.1612], "pipPosition": [-82.773, 263.523, 62.5541], "stabilizedTipPosition": [-84.1142, 294.475, 44.7254], "timeVisible": 9.5651, "tipPosition": [-88.3871, 293.727, 47.9395], "tipVelocity": [-40.855, -30.3102, 5.72829], "tool": false, "touchDistance": 0.337783, "touchZone": "hovering", "type": 3, "width": 14.6475}, {"bases": [[[0.867015, -0.373438, -0.329892], [0.441721, 0.269663, 0.855666], [-0.230579, -0.887596, 0.398757]], [[0.846437, -0.441394, -0.297852], [0.372563, 0.0912608, 0.923509], [-0.380449, -0.89266, 0.241694]], [[0.846437, -0.441394, -0.297852], [0.442717, 0.272533, 0.854241], [-0.295883, -0.854925, 0.426095]], [[0.846437, -0.441394, -0.297852], [0.486178, 0.412452, 0.770399], [-0.2172, -0.796903, 0.563711]]], "btipPosition": [-111.543, 271.783, 45.9087], "carpPosition": [-81.1938, 176.994, 87.4377], "dipPosition": [-108.424, 260.338, 54.0045], "direction": [-0.295883, 0.854925, -0.426095], "extended": true, "handId": 49, "id": 494, "length": 42.0854, "mcpPosition": [-92.3937, 220.107, 68.0689], "pipPosition": [-103.602, 246.406, 60.9483], "stabilizedTipPosition": [-109.837, 270.291, 47.4521], "timeVisible": 9.5651, "tipPosition": [-113.748, 268.618, 51.0288], "tipVelocity": [-25.5248, -33.8752, 14.2185], "tool": false, "touchDistance": 0.333365, "touchZone": "hovering", "type": 4, "width": 13.0111}], "r": [[0.323036, -0.261747, 0.90947], [-0.853347, 0.334957, 0.399503], [-0.409202, -0.905148, -0.115158]], "s": 1.37784, "t": [56.9742, 65.5456, -60.2881], "timestamp": 17305264441}, {"currentFrameRate": 106.711, "devices": [], "gestures": [], "hands": [{"armBasis": [[0.916716, -0.0606616, -0.394907], [0.00309792, -0.987298, 0.15885], [-0.399527, -0.146844, -0.904884]], "armWidth": 52.1639, "confidence": 1, "direction": [0.0156046, 0.95866, -0.284125], "elbow": [27.4345, 121.089, -123.788], "grabAngle": 0.205772, "grabStrength": 0, "id": 49, "palmNormal": [0.0960589, -0.284283, -0.953916], "palmPosition": [-60.7631, 211.816, 73.6632], "palmVelocity": [-2.97363, -20.2893, -2.64774], "palmWidth": 76.2204, "pinchDistance": 67.2602, "pinchStrength": 0, "r": [[0.321807, -0.261622, 0.909942], [-0.853014, 0.336937, 0.398549], [-0.410863, -0.904449, -0.114738]], "s": 1.37825, "sphereCenter": [-54.2678, 267.003, 108.698], "sphereRadius": 71.3056, "stabilizedPalmPosition": [-60.3763, 212.982, 73.7735], "t": [-57.0224, 65.3, -60.3138], "timeVisible": 9.57392, "type": "left", "wrist": [-62.9279, 154.301, 80.8725]}], "id": 27181, "interactionBox": {"center": [0, 200, 0], "size": [235.247, 235.247, 147.751]}, "pointables": [{"bases": [[[0.48336, 0.436343, 0.758925], [-0.751925, -0.237011, 0.61517], [0.448299, -0.868004, 0.213536]], [[0.261609, 0.749247, 0.608432], [-0.80027, -0.184022, 0.570705], [0.539564, -0.636211, 0.551458]], [[0.261609, 0.749247, 0.608432], [-0.87026, -0.0894943, 0.484394], [0.417382, -0.656216, 0.628628]], [[0.261609, 0.749247, 0.608432], [-0.906389, -0.0259268, 0.421648], [0.331694, -0.661783, 0.672326]]], "btipPosition": [-2.69325, 222.527, 29.813], "carpPosition": [-43.5802, 164.378, 83.8407], "dipPosition": [-9.16121, 209.623, 42.9232], "direction": [0.417382, 0.656216, -0.628628], "extended": true, "handId": 49, "id": 490, "length": 43.4232, "mcpPosition": [-43.5802, 164.378, 83.8407], "pipPosition": [-21.0183, 190.981, 60.7815], "stabilizedTipPosition": [-3.73615, 220.14, 32.66], "timeVisible": 9.57392, "tipPosition": [-2.67035, 220.997, 36.1896], "tipVelocity": [-1.46033, 3.18134, 7.95342], "tool": false, "touchDistance": 0.27637, "touchZone": "hovering", "type": 0, "width": 16.4083}, {"bases": [[[0.978504, 0.14873, -0.142859], [0.0679257, 0.421636, 0.904218],