{"frames": 62, "data": [{"currentFrameRate": 115.157, "devices": [], "gestures": [], "hands": [{"armBasis": [[0.886502, -0.0167836, -0.46242], [0.194816, 0.919993, 0.340089], [0.419715, -0.391576, 0.818845]], "armWidth": 48.9085, "confidence": 1, "direction": [0.309005, 0.811058, -0.49669], "elbow": [-13.5954, -11.9935, 273.652], "grabAngle": 0.512946, "grabStrength": 0, "id": 57, "palmNormal": [0.414258, -0.584885, -0.697352], "palmPosition": [103.588, 116.319, 64.2876], "palmVelocity": [-0.742412, 15.0942, 21.3586], "palmWidth": 72.7825, "pinchDistance": 61.7851, "pinchStrength": 0, "r": [[0.899797, 0.0581234, 0.432419], [-0.0722245, 0.997256, 0.0162421], [-0.430289, -0.0458459, 0.901526]], "s": 1.23355, "sphereCenter": [103.811, 166.028, 71.9385], "sphereRadius": 56.1799, "stabilizedPalmPosition": [103.333, 115.674, 63.5723], "t": [70.8143, -41.6221, -99.2045], "timeVisible": 6.86819, "type": "left", "wrist": [77.0512, 72.576, 96.8047]}], "id": 35258, "interactionBox": {"center": [0, 200, 0], "size": [235.247, 235.247, 147.751]}, "pointables": [{"bases": [[[0.654719, 0.685315, 0.318884], [-0.383128, -0.0627866, 0.921559], [0.65158, -0.725535, 0.221456]], [[0.457792, 0.85363, 0.248481], [-0.1989, -0.174068, 0.964437], [0.866525, -0.490934, 0.0901003]], [[0.457792, 0.85363, 0.248481], [-0.504093, 0.0190028, 0.86344], [0.732337, -0.520533, 0.439008]], [[0.457792, 0.85363, 0.248481], [-0.796347, 0.269446, 0.541507], [0.395294, -0.445774, 0.803136]]], "btipPosition": [166.598, 117.012, 62.7164], "carpPosition": [105.845, 75.8721, 92.1191], "dipPosition": [159.527, 109.039, 77.0818], "direction": [0.732337, 0.520533, -0.439008], "extended": true, "handId": 57, "id": 570, "length": 39.8308, "mcpPosition": [105.845, 75.8721, 92.1191], "pipPosition": [140.444, 95.4745, 88.5215], "stabilizedTipPosition": [164.661, 114.799, 65.5561], "timeVisible": 6.86819, "tipPosition": [166.536, 111.704, 64.2505], "tipVelocity": [2.83747, 9.61007, 18.7654], "tool": false, "touchDistance": 0.347013, "touchZone": "hovering", "type": 0, "width": 15.2554}, {"bases": [[[0.792064, 0.145767, -0.592779], [0.343165, 0.696777, 0.629873], [0.504849, -0.702321, 0.501869]], [[0.817994, 0.107899, -0.565016], [0.466531, 0.450165, 0.76138], [0.336503, -0.886402, 0.317895]], [[0.817994, 0.107899, -0.565016], [0.30664, 0.749256, 0.587016], [0.48668, -0.653432, 0.579801]], [[0.817994, 0.107899, -0.565016], [0.0142851, 0.978137, 0.207472], [0.575049, -0.177782, 0.798569]]], "btipPosition": [153.745, 176.852, 34.3312], "carpPosition": [96.4871, 92.0249, 95.4413], "dipPosition": [146.236, 174.53, 44.7588], "direction": [0.48668, 0.653432, -0.579801], "extended": true, "handId": 57, "id": 571, "length": 44.9446, "mcpPosition": [126.197, 133.355, 65.9073], "pipPosition": [137.246, 162.46, 55.4693], "stabilizedTipPosition": [151.721, 175.982, 36.1461], "timeVisible": 6.86819, "tipPosition": [154.146, 175.518, 37.3671], "tipVelocity": [6.93163, 9.35347, 22.5482], "tool": false, "touchDistance": 0.313562, "touchZone": "hovering", "type": 1, "width": 14.572}, {"bases": [[[0.782804, -0.0713926, -0.618159], [0.483133, 0.695801, 0.531454], [0.392174, -0.714678, 0.579168]], [[0.791486, -0.0875618, -0.604882], [0.57335, 0.449185, 0.685203], [0.211706, -0.889138, 0.405727]], [[0.791486, -0.0875618, -0.604882], [0.459713, 0.737467, 0.494779], [0.402757, -0.669683, 0.623948]], [[0.791486, -0.0875618, -0.604882], [0.232767, 0.958286, 0.165854], [0.565128, -0.272068, 0.778852]]], "btipPosition": [135.095, 185.825, 18.2727], "carpPosition": [88.5404, 94.7248, 90.2868], "dipPosition": [126.978, 181.917, 29.4587], "direction": [0.402757, 0.669683, -0.623948], "extended": true, "handId": 57, "id": 572, "length": 51.2108, "mcpPosition": [110.426, 134.609, 57.9651], "pipPosition": [118.225, 167.363, 43.0189], "stabilizedTipPosition": [132.979, 184.487, 20.2145], "timeVisible": 6.86819, "tipPosition": [131.861, 185.459, 21.298], "tipVelocity": [6.05835, 12.017, 22.5465], "tool": false, "touchDistance": 0.316346, "touchZone": "hovering", "type": 2, "width": 14.3116}, {"bases": [[[0.793321, -0.228033, -0.564485], [0.550082, 0.665785, 0.504124], [0.260869, -0.710444, 0.653618]], [[0.788765, -0.215905, -0.575531], [0.608432, 0.407542, 0.68097], [0.0875285, -0.887296, 0.452818]], [[0.788765, -0.215905, -0.575531], [0.540588, 0.689325, 0.482282], [0.292601, -0.691532, 0.660431]], [[0.788765, -0.215905, -0.575531], [0.363479, 0.918879, 0.153439], [0.495715, -0.330221, 0.803256]]], "btipPosition": [110.128, 180.249, 10.5799], "carpPosition": [80.7951, 94.9968, 84.2448], "dipPosition": [103.05, 175.534, 22.05], "direction": [0.292601, 0.691532, -0.660431], "extended": true, "handId": 57, "id": 573, "length": 49.2406, "mcpPosition": [93.866, 130.594, 51.4949], "pipPosition": [96.8549, 160.893, 36.0325], "stabilizedTipPosition": [108.251, 178.584, 12.5081], "timeVisible": 6.86819, "tipPosition": [105.443, 179.679, 13.5282], "tipVelocity": [5.26307, 13.9054, 21.7211], "tool": false, "touchDistance": 0.340393, "touchZone": "hovering", "type": 3, "width": 13.6184}, {"bases": [[[0.716314, -0.415578, -0.560526], [0.687647, 0.556813, 0.46594], [0.118474, -0.719204, 0.684624]], [[0.717947, -0.4259, -0.550601], [0.68102, 0.266015, 0.682237], [-0.144097, -0.86478, 0.481031]], [[0.717947, -0.4259, -0.550601], [0.688861, 0.548461, 0.473984], [0.100114, -0.719583, 0.687152]], [[0.717947, -0.4259, -0.550601], [0.575689, 0.807949, 0.125696], [0.391324, -0.407218, 0.825251]]], "btipPosition": [82.8084, 162.924, 10.1966], "carpPosition": [74.5557, 90.0747, 76.0933], "dipPosition": [77.6533, 157.559, 21.068], "direction": [0.100114, 0.719583, -0.687152], "extended": true, "handId": 57, "id": 574, "length": 38.6037, "mcpPosition": [80.0508, 123.433, 44.339], "pipPosition": [76.1567, 146.803, 31.3397], "stabilizedTipPosition": [81.4542, 160.994, 11.9771], "timeVisible": 6.86819, "tipPosition": [77.9657, 161.332, 12.4014], "tipVelocity": [1.96833, 14.7186, 18.5829], "tool": false, "touchDistance": 0.350125, "touchZone": "hovering", "type": 4, "width": 12.0969}], "r": [[0.899797, 0.0581234, 0.432419], [-0.0722245, 0.997256, 0.0162421], [-0.430289, -0.0458459, 0.901526]], "s": 1.23355, "t": [-70.8143, -41.6221, -99.2045], "timestamp": 17376514029}, {"currentFrameRate": 115.19, "devices": [], "gestures": [], "hands": [{"armBasis": [[0.887382, -0.0165591, -0.460738], [0.195623, 0.918456, 0.34376], [0.417475, -0.395177, 0.81826]], "armWidth": 48.9085, "confidence": 1, "direction": [0.309589, 0.811941, -0.49488], "elbow": [-13.1902, -12.6812, 273.607], "grabAngle": 0.514859, "grabStrength": 0, "id": 57, "palmNormal": [0.414247, -0.583632, -0.698407], "palmPosition": [103.517, 116.48, 64.4698], "palmVelocity": [-8.26368, 18.6151, 21.1298], "palmWidth": 72.7825, "pinchDistance": 61.793, "pinchStrength": 0, "r": [[0.899913, 0.0577247, 0.432231], [-0.072114, 0.997252, 0.016959], [-0.430065, -0.0464315, 0.901603]], "s": 1.23383, "sphereCenter": [103.876, 165.988, 72.0182], "sphereRadius": 56.03, "stabilizedPalmPosition": [103.346, 115.731, 63.6363], "t": [70.7892, -41.4742, -99.0261], "timeVisible": 6.87682, "type": "left", "wrist": [76.9726, 72.6659, 96.8857]}], "id": 35259, "interactionBox": {"center": [0, 200, 0], "size": [235.247, 235.247, 147.751]}, "pointables": [{"bases": [[[0.654512, 0.684966, 0.320056], [-0.382739, -0.0648907, 0.921575], [0.652016, -0.72568, 0.219691]], [[0.456521, 0.853947, 0.249726], [-0.199498, -0.175286, 0.964093], [0.867058, -0.489948, 0.0903391]], [[0.456521, 0.853947, 0.249726], [-0.503728, 0.0167146, 0.863701], [0.733381, -0.520091, 0.437787]], [[0.456521, 0.853947, 0.249726], [-0.796133, 0.266779, 0.54314], [0.397191, -0.44677, 0.801645]]], "btipPosition": [166.579, 117.081, 62.8642], "carpPosition": [105.743, 75.9737, 92.218], "dipPosition": [159.474, 109.089, 77.2029], "direction": [0.733381, 0.520091, -0.437787], "extended": true, "handId": 57, "id": 570, "length": 39.8308, "mcpPosition": [105.743, 75.9737, 92.218], "pipPosition": [140.364, 95.5368, 88.6108], "stabilizedTipPosition": [164.684, 114.835, 65.606], "timeVisible": 6.87682, "tipPosition": [166.452, 111.857, 64.4589], "tipVelocity": [-3.13281, 7.47129, 16.4218], "tool": false, "touchDistance": 0.334055, "touchZone": "hovering", "type": 0, "width": 15.2554}, {"bases": [[[0.791762, 0.147384, -0.592782], [0.343074, 0.695629, 0.631189], [0.505384, -0.70312, 0.500209]], [[0.817328, 0.110076, -0.565561], [0.466426, 0.449867, 0.761621], [0.338263, -0.886286, 0.316346]], [[0.817328, 0.110076, -0.565561], [0.30549, 0.749462, 0.587352], [0.488519, -0.652832, 0.578929]], [[0.817328, 0.110076, -0.565561], [0.0119092, 0.978144, 0.207588], [0.57605, -0.176403, 0.798153]]], "btipPosition": [153.786, 176.965, 34.63], "carpPosition": [96.392, 92.124, 95.5701], "dipPosition": [146.264, 174.662, 45.0523], "direction": [0.488519, 0.652832, -0.578929], "extended": true, "handId": 57, "id": 571, "length": 44.9446, "mcpPosition": [126.133, 133.501, 66.1338], "pipPosition": [137.24, 162.602, 55.7466], "stabilizedTipPosition": [151.751, 176.023, 36.2254], "timeVisible": 6.87682, "tipPosition": [154.099, 175.715, 37.6876], "tipVelocity": [4.42317, 13.6178, 34.5077], "tool": false, "touchDistance": 0.318523, "touchZone": "hovering", "type": 1, "width": 14.572}, {"bases": [[[0.782598, -0.0697269, -0.618611], [0.483004, 0.694926, 0.532715], [0.392744, -0.715693, 0.577526]], [[0.791263, -0.085863, -0.605418], [0.573286, 0.448589, 0.685647], [0.212712, -0.889604, 0.404175]], [[0.791263, -0.085863, -0.605418], [0.459088, 0.737419, 0.495431], [0.403907, -0.669956, 0.622911]], [[0.791263, -0.085863, -0.605418], [0.231197, 0.958603, 0.166215], [0.566084, -0.271491, 0.778359]]], "btipPosition": [135.111, 186.01, 18.5825], "carpPosition": [88.4485, 94.8386, 90.4182], "dipPosition": [126.98, 182.111, 29.7614], "direction": [0.403907, 0.669956, -0.622911], "extended": true, "handId": 57, "id": 572, "length": 51.2108, "mcpPosition": [110.366, 134.779, 58.1881], "pipPosition": [118.202, 167.551, 43.2991], "stabilizedTipPosition": [133.005, 184.55, 20.3083], "timeVisible": 6.87682, "tipPosition": [131.846, 185.692, 21.6332], "tipVelocity": [1.46234, 21.6951, 35.7296], "tool": false, "touchDistance": 0.321483, "touchZone": "hovering", "type": 2, "width": 14.3116}, {"bases": [[[0.793211, -0.226474, -0.565267], [0.549957, 0.665, 0.505295], [0.261466, -0.711678, 0.652036]], [[0.788724, -0.214532, -0.5761], [0.608391, 0.406821, 0.681438], [0.0881792, -0.88796, 0.451388]], [[0.788724, -0.214532, -0.5761], [0.540184, 0.689209, 0.4829], [0.293456, -0.692074, 0.659482]], [[0.788724, -0.214532, -0.5761], [0.362287, 0.919313, 0.153658], [0.496652, -0.329908, 0.802806]]], "btipPosition": [110.123, 180.47, 10.8634], "carpPosition": [80.7057, 95.1269, 84.3737], "dipPosition": [103.031, 175.76, 22.3272], "direction": [0.293456, 0.692074, -0.659482], "extended": true, "handId": 57, "id": 573, "length": 49.2406, "mcpPosition": [93.8066, 130.786, 51.7032], "pipPosition": [96.8177, 161.107, 36.2895], "stabilizedTipPosition": [108.274, 178.661, 12.6025], "timeVisible": 6.87682, "tipPosition": [105.433, 179.942, 13.842], "tipVelocity": [-1.0181, 25.8062, 32.7054], "tool": false, "touchDistance": 0.343918, "touchZone": "hovering", "type": 3, "width": 13.6184}, {"bases": [[[0.716296, -0.414064, -0.561668], [0.68756, 0.556174, 0.466832], [0.119088, -0.72057, 0.683079]], [[0.718074, -0.425303, -0.550897], [0.68089, 0.265439, 0.682591], [-0.144079, -0.865251, 0.480189]], [[0.718074, -0.425303, -0.550897], [0.68871, 0.548246, 0.474452], [0.100242, -0.7201, 0.686592]], [[0.718074, -0.425303, -0.550897], [0.575323, 0.808164, 0.125994], [0.39163, -0.407416, 0.825008]]], "btipPosition": [82.7547, 163.16, 10.4189], "carpPosition": [74.4672, 90.2248, 76.2096], "dipPosition": [77.5956, 157.793, 21.2871], "direction": [0.100242, 0.7201, -0.686592], "extended": true, "handId": 57, "id": 574, "length": 38.6037, "mcpPosition": [79.9907, 123.646, 44.5269], "pipPosition": [76.0972, 147.029, 31.5504], "stabilizedTipPosition": [81.4647, 161.08, 12.0641], "timeVisible": 6.87682, "tipPosition": [77.9528, 161.614, 12.6687], "tipVelocity": [-6.32649, 27.3531, 25.6883], "tool": false, "touchDistance": 0.35177, "touchZone": "hovering", "type": 4, "width": 12.0969}], "r": [[0.899913, 0.0577247, 0.432231], [-0.072114, 0.997252, 0.016959], [-0.430065, -0.0464315, 0.901603]], "s": 1.23383, "t": [-70.7892, -41.4742, -99.0261], "timestamp": 17376522654}, {"currentFrameRate": 115.147, "devices": [], "gestures": [], "hands": [{"armBasis": [[0.887968, -0.0170883, -0.459587], [0.197468, 0.916672, 0.347445], [0.415353, -0.399275, 0.81735]], "armWidth": 48.9085, "confidence": 1, "direction": [0.309613, 0.81264, -0.493716], "elbow": [-12.8439, -13.4182, 273.558], "grabAngle": 0.516214, "grabStrength": 0, "id": 57, "palmNormal": [0.414591, -0.582648, -0.699025], "palmPosition": [103.385, 116.697, 64.6906], "palmVelocity": [-15.1043, 24.7603, 25.204], "palmWidth": 72.7825, "pinchDistance": 61.7888, "pinchStrength": 0, "r": [[0.900038, 0.0572611, 0.432034], [-0.0719886, 0.997247, 0.0177971], [-0.429825, -0.0471195, 0.901682]], "s": 1.23419, "sphereCenter": [103.838, 166.029, 72.1131], "sphereRadius": 55.898, "stabilizedPalmPosition": [103.349, 115.795, 63.7065], "t": [70.7105, -41.2918, -98.8266], "timeVisible": 6.88557, "type": "left", "wrist": [76.8607, 72.8139, 97.033]}], "id": 35260, "interactionBox": {"center": [0, 200, 0], "size": [235.247, 235.247, 147.751]}, "pointables": [{"bases": [[[0.654744, 0.684432, 0.320723], [-0.382435, -0.0660223, 0.921621], [0.651961, -0.726082, 0.218523]], [[0.455747, 0.85419, 0.250308], [-0.200608, -0.175407, 0.963841], [0.867209, -0.489481, 0.0914162]], [[0.455747, 0.85419, 0.250308], [-0.503541, 0.0155268, 0.863832], [0.73399, -0.519729, 0.437196]], [[0.455747, 0.85419, 0.250308], [-0.795681, 0.264908, 0.544716], [0.398982, -0.447418, 0.800394]]], "btipPosition": [166.498, 117.245, 63.0277], "carpPosition": [105.608, 76.1548, 92.3867], "dipPosition": [159.362, 109.242, 77.344], "direction": [0.73399, 0.519729, -0.437196], "extended": true, "handId": 57, "id": 570, "length": 39.8308, "mcpPosition": [105.608, 76.1548, 92.3867], "pipPosition": [140.235, 95.6993, 88.7365], "stabilizedTipPosition": [164.697, 114.879, 65.6607], "timeVisible": 6.88557, "tipPosition": [166.31, 112.11, 64.7073], "tipVelocity": [-10.041, 18.4917, 18.0831], "tool": false, "touchDistance": 0.333485, "touchZone": "hovering", "type": 0, "width": 15.2554}, {"bases": [[[0.791586, 0.148014, -0.592861], [0.343415, 0.694745, 0.631977], [0.505429, -0.703861, 0.49912]], [[0.816667, 0.111412, -0.566252], [0.466608, 0.449918, 0.76148], [0.339605, -0.886093, 0.315448]], [[0.816667, 0.111412, -0.566252], [0.304843, 0.749852, 0.58719], [0.490026, -0.652157, 0.578417]], [[0.816667, 0.111412, -0.566252], [0.0103113, 0.978215, 0.207338], [0.577016, -0.175165, 0.797727]]], "btipPosition": [153.734, 177.149, 34.9252], "carpPosition": [96.2534, 92.2991, 95.7567], "dipPosition": [146.2, 174.862, 45.3419], "direction": [0.490026, 0.652157, -0.578417], "extended": true, "handId": 57, "id": 571, "length": 44.9446, "mcpPosition": [125.997, 133.72, 66.3844], "pipPosition": [137.148, 162.815, 56.0268], "stabilizedTipPosition": [151.769, 176.067, 36.306], "timeVisible": 6.88557, "tipPosition": [153.951, 175.98, 37.9979], "tipVelocity": [-6.19909, 21.4041, 33.557], "tool": false, "touchDistance": 0.323421, "touchZone": "hovering", "type": 1, "width": 14.572}, {"bases": [[[0.782373, -0.0690611, -0.618969], [0.483311, 0.694145, 0.533454], [0.392814, -0.716514, 0.576459]], [[0.790982, -0.0851058, -0.605891], [0.573481, 0.448242, 0.68571], [0.213228, -0.889852, 0.403358]], [[0.790982, -0.0851058, -0.605891], [0.458968, 0.737379, 0.495601], [0.404593, -0.670096, 0.622315]], [[0.790982, -0.0851058, -0.605891], [0.230606, 0.958716, 0.166389], [0.566716, -0.271333, 0.777953]]], "btipPosition": [135.02, 186.246, 18.8783], "carpPosition": [88.3113, 95.019, 90.6055], "dipPosition": [126.881, 182.349, 30.0514], "direction": [0.404593, 0.670096, -0.622315], "extended": true, "handId": 57, "id": 572, "length": 51.2108, "mcpPosition": [110.233, 135.006, 58.435], "pipPosition": [118.088, 167.786, 43.5761], "stabilizedTipPosition": [133.018, 184.62, 20.4077], "timeVisible": 6.88557, "tipPosition": [131.722, 185.967, 21.9517], "tipVelocity": [-10.5609, 27.0204, 33.622], "tool": false, "touchDistance": 0.32639, "touchZone": "hovering", "type": 2, "width": 14.3116}, {"bases": [[[0.792977, -0.225879, -0.565833], [0.550249, 0.664243, 0.505972], [0.261562, -0.712573, 0.651019]], [[0.788562, -0.214115, -0.576476], [0.60858, 0.406343, 0.681554], [0.0883157, -0.888279, 0.450733]], [[0.788562, -0.214115, -0.576476], [0.540246, 0.689032, 0.483083], [0.293775, -0.69238, 0.65902]], [[0.788562, -0.214115, -0.576476], [0.362026, 0.919405, 0.153729], [0.497099, -0.329924, 0.802523]]], "btipPosition": [110.01, 180.72, 11.1357], "carpPosition": [80.5705, 95.3138, 84.5588], "dipPosition": [102.912, 176.009, 22.5954], "direction": [0.293775, 0.69238, -0.65902], "extended": true, "handId": 57, "id": 573, "length": 49.2406, "mcpPosition": [93.6761, 131.018, 51.9392], "pipPosition": [96.6919, 161.35, 36.548], "stabilizedTipPosition": [108.283, 178.746, 12.7045], "timeVisible": 6.88557, "tipPosition": [105.317, 180.223, 14.1449], "tipVelocity": [-13.0328, 28.4622, 30.9816], "tool": false, "touchDistance": 0.34693, "touchZone": "hovering", "type": 3, "width": 13.6184}, {"bases": [[[0.716029, -0.41346, -0.562453], [0.687819, 0.555443, 0.46732], [0.119192, -0.72148, 0.682099]], [[0.717963, -0.425741, -0.550702], [0.680892, 0.265174, 0.682692], [-0.144618, -0.865117, 0.480269]], [[0.717963, -0.425741, -0.550702], [0.688896, 0.547969, 0.474502], [0.0997529, -0.720052, 0.686713]], [[0.717963, -0.425741, -0.550702], [0.575724, 0.807873, 0.126028], [0.391242, -0.407536, 0.825133]]], "btipPosition": [82.601, 163.396, 10.6353], "carpPosition": [74.3356, 90.4212, 76.3862], "dipPosition": [77.447, 158.027, 21.5052], "direction": [0.0997529, 0.720052, -0.686713], "extended": true, "handId": 57, "id": 574, "length": 38.6037, "mcpPosition": [79.864, 123.885, 44.749], "pipPosition": [75.9558, 147.264, 31.7702], "stabilizedTipPosition": [81.4603, 161.177, 12.1608], "timeVisible": 6.88557, "tipPosition": [77.8485, 161.895, 12.9405], "tipVelocity": [-17.419, 26.8873, 24.7527], "tool": false, "touchDistance": 0.353178, "touchZone": "hovering", "type": 4, "width": 12.0969}], "r": [[0.900038, 0.0572611, 0.432034], [-0.0719886, 0.997247, 0.0177971], [-0.429825, -0.0471195, 0.901682]], "s": 1.23419, "t": [-70.7105, -41.2918, -98.8266], "timestamp": 17376531412}, {"currentFrameRate": 115.119, "devices": [], "gestures": [], "hands": [{"armBasis": [[0.888284, -0.018146, -0.458937], [0.199977, 0.914814, 0.35089], [0.413475, -0.403466, 0.816244]], "armWidth": 48.9085, "confidence": 1, "direction": [0.308409, 0.813654, -0.4928], "elbow": [-12.5915, -14.1629, 273.461], "grabAngle": 0.518917, "grabStrength": 0, "id": 57, "palmNormal": [0.415179, -0.581241, -0.699846], "palmPosition": [103.152, 116.952, 64.8911], "palmVelocity": [-26.6204, 29.1623, 22.9559], "palmWidth": 72.7825, "pinchDistance": 61.7855, "pinchStrength": 0, "r": [[0.90013, 0.0565461, 0.431936], [-0.071625, 0.997256, 0.0187084], [-0.429693, -0.0477774, 0.90171]], "s": 1.23464, "sphereCenter": [103.688, 166.002, 72.0536], "sphereRadius": 55.6764, "stabilizedPalmPosition": [103.335, 115.873, 63.7861], "t": [70.555, -41.0733, -98.6265], "timeVisible": 6.89431, "type": "left", "wrist": [76.7074, 72.9745, 97.1755]}], "id": 35261, "interactionBox": {"center": [0, 200, 0], "size": [235.247, 235.247, 147.751]}, "pointables": [{"bases": [[[0.655566, 0.683171, 0.321732], [-0.382762, -0.0666459, 0.92144], [0.650943, -0.727211, 0.217801]], [[0.455536, 0.854099, 0.251003], [-0.202833, -0.174959, 0.963456], [0.866802, -0.489801, 0.0935394]], [[0.455536, 0.854099, 0.251003], [-0.503857, 0.0149212, 0.863658], [0.733904, -0.519897, 0.437141]], [[0.455536, 0.854099, 0.251003], [-0.795191, 0.263647, 0.546042], [0.400197, -0.448337, 0.799272]]], "btipPosition": [166.33, 117.503, 63.1146], "carpPosition": [105.437, 76.3786, 92.5369], "dipPosition": [159.171, 109.483, 77.4109], "direction": [0.733904, 0.519897, -0.437141], "extended": true, "handId": 57, "id": 570, "length": 39.8308, "mcpPosition": [105.437, 76.3786, 92.5369], "pipPosition": [140.047, 95.9358, 88.802], "stabilizedTipPosition": [164.696, 114.944, 65.7225], "timeVisible": 6.89431, "tipPosition": [166.07, 112.478, 64.9], "tipVelocity": [-19.8553, 29.0326, 9.42245], "tool": false, "touchDistance": 0.333402, "touchZone": "hovering", "type": 0, "width": 15.2554}, {"bases": [[[0.791935, 0.147693, -0.592474], [0.344169, 0.693515, 0.632917], [0.504367, -0.705141, 0.498387]], [[0.816322, 0.112008, -0.566633], [0.46687, 0.449644, 0.76148], [0.340075, -0.886157, 0.314761]], [[0.816322, 0.112008, -0.566633], [0.304298, 0.750435, 0.586729], [0.490939, -0.651385, 0.578512]], [[0.816322, 0.112008, -0.566633], [0.00873142, 0.978512, 0.206004], [0.577531, -0.173113, 0.797803]]], "btipPosition": [153.519, 177.393, 35.1605], "carpPosition": [96.0613, 92.5064, 95.9291], "dipPosition": [145.978, 175.132, 45.5782], "direction": [0.490939, 0.651385, -0.578512], "extended": true, "handId": 57, "id": 571, "length": 44.9446, "mcpPosition": [125.742, 134.003, 66.5999], "pipPosition": [136.909, 163.099, 56.2648], "stabilizedTipPosition": [151.771, 176.126, 36.3969], "timeVisible": 6.89431, "tipPosition": [153.615, 176.34, 38.2512], "tipVelocity": [-24.858, 28.5916, 26.9683], "tool": false, "touchDistance": 0.327346, "touchZone": "hovering", "type": 1, "width": 14.572}, {"bases": [[[0.782442, -0.0693376, -0.618851], [0.48409, 0.692851, 0.534429], [0.391715, -0.71774, 0.575681]], [[0.790969, -0.0852992, -0.605881], [0.573754, 0.447385, 0.686042], [0.212543, -0.890264, 0.402808]], [[0.790969, -0.0852992, -0.605881], [0.459156, 0.737244, 0.495628], [0.404405, -0.670221, 0.622303]], [[0.790969, -0.0852992, -0.605881], [0.230408, 0.958865, 0.1658], [0.566816, -0.270743, 0.778086]]], "btipPosition": [134.734, 186.527, 19.1181], "carpPosition": [88.1142, 95.222, 90.7833], "dipPosition": [126.593, 182.638, 30.2931], "direction": [0.404405, 0.670221, -0.622303], "extended": true, "handId": 57, "id": 572, "length": 51.2108, "mcpPosition": [109.975, 135.277, 58.6562], "pipPosition": [117.804, 168.073, 43.8176], "stabilizedTipPosition": [133.004, 184.71, 20.522], "timeVisible": 6.89431, "tipPosition": [131.395, 186.308, 22.2267], "tipVelocity": [-32.8098, 32.3786, 27.505], "tool": false, "touchDistance": 0.330394, "touchZone": "hovering", "type": 2, "width": 14.3116}, {"bases": [[[0.792824, -0.226235, -0.565904], [0.550995, 0.662893, 0.506929], [0.260449, -0.713716, 0.650212]], [[0.788566, -0.214815, -0.57621], [0.608744, 0.405461, 0.681933], [0.0871413, -0.888513, 0.4505]], [[0.788566, -0.214815, -0.57621], [0.540577, 0.688829, 0.483002], [0.293154, -0.692365, 0.659312]], [[0.788566, -0.214815, -0.57621], [0.362119, 0.919528, 0.152768], [0.497024, -0.329124, 0.802898]]], "btipPosition": [109.701, 180.974, 11.3527], "carpPosition": [80.3715, 95.5139, 84.739], "dipPosition": [102.604, 176.274, 22.8177], "direction": [0.293154, 0.692365, -0.659312], "extended": true, "handId": 57, "id": 573, "length": 49.2406, "mcpPosition": [93.4214, 131.275, 52.1598], "pipPosition": [96.397, 161.615, 36.7765], "stabilizedTipPosition": [108.263, 178.85, 12.8219], "timeVisible": 6.89431, "tipPosition": [105.006, 180.538, 14.4202], "tipVelocity": [-35.3598, 29.3497, 24.9853], "tool": false, "touchDistance": 0.348843, "touchZone": "hovering", "type": 3, "width": 13.6184}, {"bases": [[[0.715628, -0.413717, -0.562774], [0.688432, 0.553959, 0.468179], [0.11806, -0.722473, 0.681245]], [[0.717774, -0.42759, -0.549515], [0.680667, 0.264735, 0.683087], [-0.146605, -0.864339, 0.481067]], [[0.717774, -0.42759, -0.549515], [0.689329, 0.547605, 0.474294], [0.0981135, -0.719233, 0.687807]], [[0.717774, -0.42759, -0.549515], [0.576616, 0.807411, 0.124908], [0.390275, -0.406515, 0.826094]]], "btipPosition": [82.2629, 163.597, 10.8001], "carpPosition": [74.1409, 90.6231, 76.562], "dipPosition": [77.1216, 158.242, 21.6827], "direction": [0.0981135, 0.719233, -0.687807], "extended": true, "handId": 57, "id": 574, "length": 38.6037, "mcpPosition": [79.6168, 124.133, 44.9644], "pipPosition": [75.655, 147.491, 31.9641], "stabilizedTipPosition": [81.4234, 161.293, 12.2716], "timeVisible": 6.89431, "tipPosition": [77.5731, 162.181, 13.2039], "tipVelocity": [-38.3786, 23.4005, 19.2071], "tool": false, "touchDistance": 0.35371, "touchZone": "hovering", "type": 4, "width": 12.0969}], "r": [[0.90013, 0.0565461, 0.431936], [-0.071625, 0.997256, 0.0187084], [-0.429693, -0.0477774, 0.90171]], "s": 1.23464, "t": [-70.555, -41.0733, -98.6265], "timestamp": 17376540146}, {"currentFrameRate": 115.165, "devices": [], "gestures": [], "hands": [{"armBasis": [[0.888589, -0.0190437, -0.458308], [0.202515, 0.912778, 0.354718], [0.411578, -0.408013, 0.814941]], "armWidth": 48.9085, "confidence": 1, "direction": [0.307015, 0.814833, -0.49172], "elbow": [-12.4204, -14.9458, 273.327], "grabAngle": 0.522671, "grabStrength": 0, "id": 57, "palmNormal": [0.415643, -0.579595, -0.700935], "palmPosition": [102.825, 117.257, 65.1046], "palmVelocity": [-38.0586, 35.4487, 24.8201], "palmWidth": 72.7825, "pinchDistance": 61.781, "pinchStrength": 0, "r": [[0.900175, 0.0555897, 0.431965], [-0.0710551, 0.997277, 0.0197326], [-0.429692, -0.0484562, 0.901674]], "s": 1.23518, "sphereCenter": [103.495, 165.927, 71.9126], "sphereRadius": 55.3767, "stabilizedPalmPosition": [103.3, 115.968, 63.8769], "t": [70.3134, -40.8115, -98.4197], "timeVisible": 6.90291, "type": "left", "wrist": [76.469, 73.1734, 97.3229]}], "id": 35262, "interactionBox": {"center": [0, 200, 0], "size": [235.247, 235.247, 147.751]}, "pointables": [{"bases": [[[0.656364, 0.681758, 0.323097], [-0.383321, -0.0675033, 0.921145], [0.649809, -0.728456, 0.217026]], [[0.454955, 0.85414, 0.251916], [-0.205934, -0.174308, 0.962916], [0.866376, -0.489961, 0.0965937]], [[0.454955, 0.85414, 0.251916], [-0.504559, 0.014146, 0.863261], [0.733782, -0.519851, 0.4374]], [[0.454955, 0.85414, 0.251916], [-0.794732, 0.261807, 0.547594], [0.401768, -0.449336, 0.797922]]], "btipPosition": [166.081, 117.792, 63.1609], "carpPosition": [105.18, 76.645, 92.6877], "dipPosition": [158.895, 109.755, 77.433], "direction": [0.733782, 0.519851, -0.4374], "extended": true, "handId": 57, "id": 570, "length": 39.8308, "mcpPosition": [105.18, 76.645, 92.6877], "pipPosition": [139.774, 96.2086, 88.8308], "stabilizedTipPosition": [164.672, 115.034, 65.7875], "timeVisible": 6.90291, "tipPosition": [165.733, 112.909, 65.092], "tipVelocity": [-29.6306, 33.1693, 4.73389], "tool": false, "touchDistance": 0.334006, "touchZone": "hovering", "type": 0, "width": 15.2554}, {"bases": [[[0.792441, 0.147476, -0.591851], [0.344825, 0.69207, 0.634141], [0.503122, -0.706605, 0.497571]], [[0.815945, 0.112979, -0.566983], [0.467069, 0.44914, 0.761656], [0.340706, -0.88629, 0.313705]], [[0.815945, 0.112979, -0.566983], [0.303484, 0.751024, 0.586396], [0.492068, -0.650537, 0.578507]], [[0.815945, 0.112979, -0.566983], [0.0067287, 0.978797, 0.204721], [0.578091, -0.170856, 0.797884]]], "btipPosition": [153.217, 177.686, 35.4223], "carpPosition": [95.784, 92.7544, 96.1091], "dipPosition": [145.668, 175.455, 45.841], "direction": [0.492068, 0.650537, -0.578507], "extended": true, "handId": 57, "id": 571, "length": 44.9446, "mcpPosition": [125.392, 134.337, 66.828], "pipPosition": [136.579, 163.438, 56.5276], "stabilizedTipPosition": [151.749, 176.202, 36.5011], "timeVisible": 6.90291, "tipPosition": [153.172, 176.761, 38.5216], "tipVelocity": [-35.2682, 34.8893, 30.4521], "tool": false, "touchDistance": 0.331713, "touchZone": "hovering", "type": 1, "width": 14.572}, {"bases": [[[0.782657, -0.0695014, -0.618561], [0.484795, 0.691357, 0.535723], [0.390414, -0.719162, 0.574789]], [[0.791027, -0.0852499, -0.605813], [0.573895, 0.446463, 0.686525], [0.211946, -0.890732, 0.402088]], [[0.791027, -0.0852499, -0.605813], [0.458983, 0.737411, 0.495539], [0.404488, -0.670043, 0.62244]], [[0.791027, -0.0852499, -0.605813], [0.229595, 0.959232, 0.164806], [0.567065, -0.269457, 0.778351]]], "btipPosition": [134.361, 186.846, 19.3757], "carpPosition": [87.8304, 95.4666, 90.9715], "dipPosition": [126.217, 182.976, 30.5545], "direction": [0.404488, 0.670043, -0.62244], "extended": true, "handId": 57, "id": 572, "length": 51.2108, "mcpPosition": [109.618, 135.601, 58.8941], "pipPosition": [117.426, 168.414, 44.082], "stabilizedTipPosition": [132.957, 184.824, 20.6528], "timeVisible": 6.90291, "tipPosition": [130.961, 186.711, 22.5265], "tipVelocity": [-43.4501, 37.5598, 30.0463], "tool": false, "touchDistance": 0.334566, "touchZone": "hovering", "type": 2, "width": 14.3116}, {"bases": [[[0.792791, -0.226493, -0.565848], [0.551672, 0.661348, 0.50821], [0.259116, -0.715067, 0.64926]], [[0.788706, -0.215452, -0.575781], [0.608729, 0.404679, 0.68241], [0.0859803, -0.888715, 0.450325]], [[0.788706, -0.215452, -0.575781], [0.540573, 0.689096, 0.482625], [0.292786, -0.691901, 0.659962]], [[0.788706, -0.215452, -0.575781], [0.361569, 0.920035, 0.151009], [0.497203, -0.327287, 0.803537]]], "btipPosition": [109.302, 181.255, 11.576], "carpPosition": [80.0842, 95.7568, 84.9314], "dipPosition": [102.202, 176.581, 23.0501], "direction": [0.292786, 0.691901, -0.659962], "extended": true, "handId": 57, "id": 573, "length": 49.2406, "mcpPosition": [93.0674, 131.586, 52.4], "pipPosition": [96.0033, 161.933, 37.0227], "stabilizedTipPosition": [108.206, 178.978, 12.9557], "timeVisible": 6.90291, "tipPosition": [104.592, 180.916, 14.7246], "tipVelocity": [-46.4311, 33.4075, 26.1948], "tool": false, "touchDistance": 0.350673, "touchZone": "hovering", "type": 3, "width": 13.6184}, {"bases": [[[0.715329, -0.413871, -0.56304], [0.688974, 0.552279, 0.469364], [0.116699, -0.72367, 0.680208]], [[0.717728, -0.429727, -0.547906], [0.680241, 0.264575, 0.683573], [-0.148787, -0.863328, 0.482211]], [[0.717728, -0.429727, -0.547906], [0.689601, 0.54773, 0.473753], [0.0965201, -0.717863, 0.689461]], [[0.717728, -0.429727, -0.547906], [0.577209, 0.807287, 0.122954], [0.389481, -0.404504, 0.827455]]], "btipPosition": [81.822, 163.825, 10.9628], "carpPosition": [73.8565, 90.8697, 76.7502], "dipPosition": [76.6912, 158.496, 21.8633], "direction": [0.0965201, 0.717863, -0.689461], "extended": true, "handId": 57, "id": 574, "length": 38.6037, "mcpPosition": [79.2692, 124.435, 45.2007], "pipPosition": [75.2484, 147.765, 32.1695], "stabilizedTipPosition": [81.342, 161.429, 12.3965], "timeVisible": 6.90291, "tipPosition": [77.1959, 162.529, 13.4986], "tipVelocity": [-50.9572, 27.1772, 19.3904], "tool": false, "touchDistance": 0.354174, "touchZone": "hovering", "type": 4, "width": 12.0969}], "r": [[0.900175, 0.0555897, 0.431965], [-0.0710551, 0.997277, 0.0197326], [-0.429692, -0.0484562, 0.901674]], "s": 1.23518, "t": [-70.3134, -40.8115, -98.4197], "timestamp": 17376548750}, {"currentFrameRate": 115.22, "devices": [], "gestures": [], "hands": [{"armBasis": [[0.889503, -0.019409, -0.456518], [0.204283, 0.91058, 0.359322], [0.408722, -0.412877, 0.813928]], "armWidth": 48.9085, "confidence": 1, "direction": [0.305971, 0.816685, -0.489294], "elbow": [-12.2187, -15.8306, 273.135], "grabAngle": 0.527352, "grabStrength": 0, "id": 57, "palmNormal": [0.415915, -0.576968, -0.702939], "palmPosition": [102.33, 117.564, 65.2607], "palmVelocity": [-57.606, 35.8252, 18.172], "palmWidth": 72.7825, "pinchDistance": 61.7945, "pinchStrength": 0, "r": [[0.900184, 0.0543707, 0.432102], [-0.0703992, 0.997294, 0.0211726], [-0.429782, -0.0494789, 0.901576]], "s": 1.23574, "sphereCenter": [103.16, 165.748, 71.657], "sphereRadius": 54.994, "stabilizedPalmPosition": [103.227, 116.089, 63.9811], "t": [69.9453, -40.5268, -98.2383], "timeVisible": 6.9115, "type": "left", "wrist": [76.0536, 73.3392, 97.3498]}], "id": 35263, "interactionBox": {"center": [0, 200, 0], "size": [235.247, 235.247, 147.751]}, "pointables": [{"bases": [[[0.656908, 0.680075, 0.32553], [-0.383802, -0.0700097, 0.920758], [0.648975, -0.729792, 0.215024]], [[0.45392, 0.85403, 0.254145], [-0.20881, -0.175325, 0.962112], [0.866231, -0.489789, 0.0987466]], [[0.45392, 0.85403, 0.254145], [-0.50532, 0.0118095, 0.862851], [0.7339, -0.520089, 0.436919]], [[0.45392, 0.85403, 0.254145], [-0.794652, 0.25897, 0.549056], [0.403094, -0.451184, 0.796209]]], "btipPosition": [165.661, 118.048, 63.1453], "carpPosition": [104.739, 76.8686, 92.7149], "dipPosition": [158.451, 109.978, 77.3868], "direction": [0.7339, 0.520089, -0.436919], "extended": true, "handId": 57, "id": 570, "length": 39.8308, "mcpPosition": [104.739, 76.8686, 92.7149], "pipPosition": [139.327, 96.4253, 88.7721], "stabilizedTipPosition": [164.607, 115.147, 65.8495], "timeVisible": 6.9115, "tipPosition": [165.226, 113.319, 65.2223], "tipVelocity": [-49.578, 28.9209, -2.63472], "tool": false, "touchDistance": 0.333599, "touchZone": "hovering", "type": 0, "width": 15.2554}, {"bases": [[[0.792855, 0.148533, -0.591032], [0.34524, 0.689724, 0.636467], [0.502185, -0.708674, 0.495572]], [[0.815715, 0.114856, -0.566937], [0.466995, 0.447614, 0.762599], [0.341358, -0.88682, 0.311488]], [[0.815715, 0.114856, -0.566937], [0.302396, 0.750832, 0.587203], [0.493118, -0.65043, 0.577733]], [[0.815715, 0.114856, -0.566937], [0.00437968, 0.978835, 0.204605], [0.578438, -0.169382, 0.797947]]], "btipPosition": [152.751, 178.007, 35.7082], "carpPosition": [95.328, 92.9576, 96.1911], "dipPosition": [145.198, 175.795, 46.1278], "direction": [0.493118, 0.65043, -0.577733], "extended": true, "handId": 57, "id": 571, "length": 44.9446, "mcpPosition": [124.881, 134.662, 67.0277], "pipPosition": [136.089, 163.78, 56.8], "stabilizedTipPosition": [151.693, 176.303, 36.625], "timeVisible": 6.9115, "tipPosition": [152.589, 177.205, 38.8346], "tipVelocity": [-54.3662, 37.9157, 33.3209], "tool": false, "touchDistance": 0.336167, "touchZone": "hovering", "type": 1, "width": 14.572}, {"bases": [[[0.782863, -0.0683493, -0.618428], [0.485253, 0.68918, 0.538109], [0.389429, -0.72136, 0.5727]], [[0.791241, -0.0842023, -0.605679], [0.57376, 0.444821, 0.687702], [0.211513, -0.891653, 0.400272]], [[0.791241, -0.0842023, -0.605679], [0.458309, 0.73738, 0.496209], [0.404834, -0.67021, 0.622036]], [[0.791241, -0.0842023, -0.605679], [0.227932, 0.959707, 0.164343], [0.567437, -0.268089, 0.778552]]], "btipPosition": [133.842, 187.198, 19.6592], "carpPosition": [87.3694, 95.6779, 91.0656], "dipPosition": [125.692, 183.347, 30.8409], "direction": [0.404834, 0.67021, -0.622036], "extended": true, "handId": 57, "id": 572, "length": 51.2108, "mcpPosition": [109.102, 135.935, 59.1048], "pipPosition": [116.894, 168.782, 44.3596], "stabilizedTipPosition": [132.861, 184.969, 20.8061], "timeVisible": 6.9115, "tipPosition": [130.393, 187.172, 22.882], "tipVelocity": [-60.5961, 41.4955, 33.0922], "tool": false, "touchDistance": 0.338705, "touchZone": "hovering", "type": 2, "width": 14.3116}, {"bases": [[[0.792815, -0.225516, -0.566204], [0.552112, 0.659189, 0.510532], [0.258102, -0.717365, 0.647125]], [[0.788998, -0.215115, -0.575506], [0.608479, 0.403269, 0.683468], [0.0850598, -0.889438, 0.449071]], [[0.788998, -0.215115, -0.575506], [0.540117, 0.689313, 0.482827], [0.292841, -0.69179, 0.660054]], [[0.788998, -0.215115, -0.575506], [0.360145, 0.920831, 0.149554], [0.497772, -0.325263, 0.804006]]], "btipPosition": [108.765, 181.586, 11.8156], "carpPosition": [79.6202, 95.9793, 85.0299], "dipPosition": [101.657, 176.941, 23.2965], "direction": [0.292841, 0.69179, -0.660054], "extended": true, "handId": 57, "id": 573, "length": 49.2406, "mcpPosition": [92.5525, 131.923, 52.6055], "pipPosition": [95.4571, 162.295, 37.271], "stabilizedTipPosition": [108.095, 179.138, 13.1111], "timeVisible": 6.9115, "tipPosition": [104.047, 181.373, 15.0729], "tipVelocity": [-62.7534, 39.3263, 28.0885], "tool": false, "touchDistance": 0.352557, "touchZone": "hovering", "type": 3, "width": 13.6184}, {"bases": [[[0.715163, -0.412824, -0.56402], [0.689321, 0.550103, 0.471405], [0.115662, -0.725922, 0.677982]], [[0.717838, -0.430893, -0.546846], [0.679698, 0.26369, 0.684454], [-0.150728, -0.863017, 0.482164]], [[0.717838, -0.430893, -0.546846], [0.689637, 0.547764, 0.473662], [0.095445, -0.717137, 0.690365]], [[0.717838, -0.430893, -0.546846], [0.577234, 0.807496, 0.121453], [0.389243, -0.402841, 0.828377]]], "btipPosition": [81.2395, 164.13, 11.1276], "carpPosition": [73.3937, 91.1115, 76.8361], "dipPosition": [76.1118, 158.823, 22.0403], "direction": [0.095445, 0.717137, -0.690365], "extended": true, "handId": 57, "id": 574, "length": 38.6037, "mcpPosition": [78.7584, 124.781, 45.3899], "pipPosition": [74.6851, 148.103, 32.3599], "stabilizedTipPosition": [81.1959, 161.597, 12.5379], "timeVisible": 6.9115, "tipPosition": [76.6769, 162.972, 13.8064], "tipVelocity": [-67.7514, 36.1254, 19.5182], "tool": false, "touchDistance": 0.354604, "touchZone": "hovering", "type": 4, "width": 12.0969}], "r": [[0.900184, 0.0543707, 0.432102], [-0.0703992, 0.997294, 0.0211726], [-0.429782, -0.0494789, 0.901576]], "s": 1.23574, "t": [-69.9453, -40.5268, -98.2383], "timestamp": 17376557337}, {"currentFrameRate": 115.225, "devices": [], "gestures": [], "hands": [{"armBasis": [[0.8915, -0.0185845, -0.452639], [0.204343, 0.908234, 0.365177], [0.404315, -0.418049, 0.813489]], "armWidth": 48.9085, "confidence": 1, "direction": [0.306049, 0.818716, -0.485838], "elbow": [-11.9265, -16.8098, 272.985], "grabAngle": 0.532959, "grabStrength": 0, "id": 57, "palmNormal": [0.414945, -0.574017, -0.705922], "palmPosition": [101.634, 117.845, 65.376], "palmVelocity": [-80.3615, 32.3532, 13.2979], "palmWidth": 72.7825, "pinchDistance": 61.8457, "pinchStrength": 0, "r": [[0.900108, 0.0531124, 0.432417], [-0.0700012, 0.997277, 0.0232203], [-0.430006, -0.0511705, 0.901375]], "s": 1.23628, "sphereCenter": [102.776, 165.394, 71.2606], "sphereRadius": 54.5018, "stabilizedPalmPosition": [103.093, 116.237, 64.0988], "t": [69.413, -40.2442, -98.09], "timeVisible": 6.92017, "type": "left", "wrist": [75.3943, 73.4769, 97.2938]}], "id": 35264, "interactionBox": {"center": [0, 200, 0], "size": [235.247, 235.247, 147.751]}, "pointables": [{"bases": [[[0.656203, 0.678989, 0.329198], [-0.384561, -0.0744372, 0.920093], [0.649238, -0.730365, 0.212267]], [[0.450829, 0.854641, 0.25757], [-0.211912, -0.177831, 0.960973], [0.867091, -0.487817, 0.100937]], [[0.450829, 0.854641, 0.25757], [-0.506476, 0.00731435, 0.862223], [0.735007, -0.519168, 0.436152]], [[0.450829, 0.854641, 0.25757], [-0.795167, 0.253429, 0.550893], [0.405539, -0.45317, 0.793836]]], "btipPosition": [165.07, 118.135, 63.0479], "carpPosition": [104.041, 77.023, 92.6425], "dipPosition": [157.816, 110.03, 77.2469], "direction": [0.735007, 0.519168, -0.436152], "extended": true, "handId": 57, "id": 570, "length": 39.8308, "mcpPosition": [104.041, 77.023, 92.6425], "pipPosition": [138.663, 96.5009, 88.6122], "stabilizedTipPosition": [164.48, 115.265, 65.8982], "timeVisible": 6.92017, "tipPosition": [164.509, 113.605, 65.2802], "tipVelocity": [-69.3261, 9.11213, -12.3665], "tool": false, "touchDistance": 0.331813, "touchZone": "hovering", "type": 0, "width": 15.2554}, {"bases": [[[0.793279, 0.151709, -0.589655], [0.344258, 0.687031, 0.639902], [0.50219, -0.710615, 0.49278]], [[0.815719, 0.118583, -0.566162], [0.465659, 0.446037, 0.764338], [0.343167, -0.887124, 0.308621]], [[0.815719, 0.118583, -0.566162], [0.299687, 0.750524, 0.588983], [0.494762, -0.650117, 0.576679]], [[0.815719, 0.118583, -0.566162], [0.000828132, 0.978521, 0.206145], [0.578447, -0.168626, 0.7981]]], "btipPosition": [152.157, 178.26, 35.9932], "carpPosition": [94.6431, 93.1018, 96.2001], "dipPosition":