{"frames": 60, "data": [{"currentFrameRate": 110.611, "devices": [], "gestures": [], "hands": [{"armBasis": [[0.973598, 0.0303329, -0.226244], [0.193321, 0.417468, 0.88789], [0.121382, -0.908185, 0.400582]], "armWidth": 58.1167, "confidence": 1, "direction": [0.0480728, 0.951818, -0.302873], "elbow": [-78.646, -96.7177, 201.246], "grabAngle": 0.0842884, "grabStrength": 0, "id": 49, "palmNormal": [0.200476, -0.306247, -0.930603], "palmPosition": [-37.7946, 186.408, 80.4914], "palmVelocity": [15.6171, -25.1567, 1.4829], "palmWidth": 81.6435, "pinchDistance": 66.2774, "pinchStrength": 0, "r": [[0.419033, -0.242122, 0.875093], [-0.801106, 0.355049, 0.48184], [-0.427365, -0.902949, -0.0451885]], "s": 1.39224, "sphereCenter": [-38.0918, 261.693, 157.085], "sphereRadius": 108.527, "stabilizedPalmPosition": [-40.2291, 184.18, 81.1164], "t": [-34.2044, 39.8025, -53.5178], "timeVisible": 4.18855, "type": "left", "wrist": [-49.2394, 123.304, 104.199]}], "id": 26571, "interactionBox": {"center": [0, 200, 0], "size": [235.247, 235.247, 147.751]}, "pointables": [{"bases": [[[0.563684, 0.453215, 0.690548], [-0.679089, -0.22164, 0.699796], [0.470211, -0.863407, 0.182838]], [[0.386684, 0.702319, 0.597682], [-0.72176, -0.172949, 0.670187], [0.574053, -0.690534, 0.440029]], [[0.386684, 0.702319, 0.597682], [-0.854158, 0.0284085, 0.519236], [0.34769, -0.711295, 0.610877]], [[0.386684, 0.702319, 0.597682], [-0.90874, 0.179806, 0.376646], [0.157059, -0.68878, 0.707753]]], "btipPosition": [18.9412, 203.202, 41.1266], "carpPosition": [-20.7685, 135.885, 94.5374], "dipPosition": [15.6282, 188.673, 56.0558], "direction": [0.34769, 0.711295, -0.610877], "extended": true, "handId": 49, "id": 490, "length": 46.973, "mcpPosition": [-20.7685, 135.885, 94.5374], "pipPosition": [4.94341, 166.814, 74.8285], "stabilizedTipPosition": [15.6129, 197.119, 44.2002], "timeVisible": 4.18855, "tipPosition": [19.8905, 199.307, 44.6275], "tipVelocity": [18.8234, -32.9191, -7.70651], "tool": false, "touchDistance": 0.294408, "touchZone": "hovering", "type": 0, "width": 18.6007}, {"bases": [[[0.956556, 0.144057, -0.253474], [0.166857, 0.442446, 0.881136], [0.239082, -0.885149, 0.399187]], [[0.972949, 0.0709352, -0.219862], [0.204337, 0.179778, 0.962251], [0.107784, -0.981146, 0.16042]], [[0.972949, 0.0709352, -0.219862], [0.181858, 0.351753, 0.918258], [0.142474, -0.933401, 0.329337]], [[0.972949, 0.0709352, -0.219862], [0.152126, 0.519515, 0.84081], [0.173865, -0.851512, 0.49467]]], "btipPosition": [-5.16835, 280.152, 59.1138], "carpPosition": [-30.9056, 150.282, 106.469], "dipPosition": [-7.84577, 267.039, 66.7314], "direction": [0.142474, 0.933401, -0.329337], "extended": true, "handId": 49, "id": 491, "length": 53.0038, "mcpPosition": [-15.1232, 208.712, 80.1179], "pipPosition": [-10.9496, 246.705, 73.9061], "stabilizedTipPosition": [-9.63978, 275.327, 63.0095], "timeVisible": 4.18855, "tipPosition": [-4.20888, 277.648, 62.0399], "tipVelocity": [8.97511, -22.692, 7.55549], "tool": false, "touchDistance": 0.271694, "touchZone": "hovering", "type": 1, "width": 17.7674}, {"bases": [[[0.937507, -0.0544058, -0.343686], [0.33138, 0.44089, 0.834148], [0.106145, -0.895911, 0.431367]], [[0.940216, -0.0806424, -0.330894], [0.340425, 0.193343, 0.920179], [-0.0102293, -0.977811, 0.209237]], [[0.940216, -0.0806424, -0.330894], [0.33747, 0.351573, 0.873219], [0.0459149, -0.932681, 0.357769]], [[0.940216, -0.0806424, -0.330894], [0.323719, 0.513502, 0.794683], [0.10583, -0.85429, 0.508909]]], "btipPosition": [-32.3192, 289.939, 50.9504], "carpPosition": [-41.4889, 153, 104.834], "dipPosition": [-34.1117, 275.469, 59.57], "direction": [0.0459149, 0.932681, -0.357769], "extended": true, "handId": 49, "id": 492, "length": 60.3936, "mcpPosition": [-34.8441, 209.085, 77.8296], "pipPosition": [-35.2885, 251.565, 68.7396], "stabilizedTipPosition": [-36.0705, 284.408, 54.5009], "timeVisible": 4.18855, "tipPosition": [-32.8782, 288.818, 54.6424], "tipVelocity": [7.72626, -21.9456, 10.7992], "tool": false, "touchDistance": 0.283237, "touchZone": "hovering", "type": 2, "width": 17.45}, {"bases": [[[0.915243, -0.218734, -0.338358], [0.400729, 0.407092, 0.820788], [-0.0417913, -0.88681, 0.460241]], [[0.915314, -0.217189, -0.339159], [0.374553, 0.149552, 0.915065], [-0.14802, -0.964605, 0.218236]], [[0.915314, -0.217189, -0.339159], [0.39402, 0.308631, 0.865734], [-0.0833529, -0.926054, 0.368072]], [[0.915314, -0.217189, -0.339159], [0.402698, 0.481312, 0.778571], [-0.00585608, -0.849216, 0.528013]]], "btipPosition": [-62.4515, 279.53, 48.6818], "carpPosition": [-51.9621, 153.419, 101.42], "dipPosition": [-62.3529, 265.229, 57.5736], "direction": [-0.0833529, 0.926054, -0.368072], "extended": true, "handId": 49, "id": 493, "length": 58.0701, "mcpPosition": [-54.311, 203.262, 75.5521], "pipPosition": [-60.2718, 242.107, 66.7637], "stabilizedTipPosition": [-64.939, 274.148, 53.0892], "timeVisible": 4.18855, "tipPosition": [-65.7536, 277.45, 53.232], "tipVelocity": [10.6572, -20.223, 17.2354], "tool": false, "touchDistance": 0.280884, "touchZone": "hovering", "type": 3, "width": 16.6047}, {"bases": [[[0.825377, -0.384139, -0.413751], [0.532927, 0.288158, 0.795584], [-0.186389, -0.877156, 0.442557]], [[0.82598, -0.381277, -0.415192], [0.461114, 0.0333481, 0.886714], [-0.324238, -0.923859, 0.203357]], [[0.82598, -0.381277, -0.415192], [0.513924, 0.206734, 0.832552], [-0.231599, -0.901049, 0.366706]], [[0.82598, -0.381277, -0.415192], [0.545966, 0.357815, 0.757555], [-0.140276, -0.852406, 0.503713]]], "btipPosition": [-87.4454, 253.404, 49.8266], "carpPosition": [-61.1523, 149.196, 93.6233], "dipPosition": [-85.2661, 240.161, 57.6521], "direction": [-0.231599, 0.901049, -0.366706], "extended": true, "handId": 49, "id": 494, "length": 45.5259, "mcpPosition": [-70.85, 194.834, 70.5975], "pipPosition": [-81.1833, 224.277, 64.1166], "stabilizedTipPosition": [-89.7274, 248.198, 54.6369], "timeVisible": 4.18855, "tipPosition": [-90.9142, 250.429, 53.9346], "tipVelocity": [8.69263, -19.8253, 21.5939], "tool": false, "touchDistance": 0.271891, "touchZone": "hovering", "type": 4, "width": 14.7496}], "r": [[0.419033, -0.242122, 0.875093], [-0.801106, 0.355049, 0.48184], [-0.427365, -0.902949, -0.0451885]], "s": 1.39224, "t": [34.2044, 39.8025, -53.5178], "timestamp": 17299887884}, {"currentFrameRate": 110.814, "devices": [], "gestures": [], "hands": [{"armBasis": [[0.973932, 0.0314666, -0.224645], [0.191232, 0.418769, 0.887729], [0.122008, -0.907547, 0.401836]], "armWidth": 58.1167, "confidence": 1, "direction": [0.048168, 0.951869, -0.302695], "elbow": [-78.619, -96.8884, 201.556], "grabAngle": 0.0826936, "grabStrength": 0, "id": 49, "palmNormal": [0.198496, -0.306125, -0.931068], "palmPosition": [-37.609, 186.075, 80.4805], "palmVelocity": [21.4178, -38.3216, -1.25748], "palmWidth": 81.6435, "pinchDistance": 66.4232, "pinchStrength": 0, "r": [[0.418254, -0.241883, 0.875532], [-0.801678, 0.354875, 0.481015], [-0.427054, -0.903081, -0.0454847]], "s": 1.39278, "sphereCenter": [-37.6177, 261.286, 157.058], "sphereRadius": 108.454, "stabilizedPalmPosition": [-40.2219, 184.185, 81.1147], "t": [-34.0605, 39.5581, -53.52], "timeVisible": 4.19721, "type": "left", "wrist": [-49.0605, 122.979, 104.205]}], "id": 26572, "interactionBox": {"center": [0, 200, 0], "size": [235.247, 235.247, 147.751]}, "pointables": [{"bases": [[[0.562055, 0.453416, 0.691743], [-0.680258, -0.222316, 0.698444], [0.470471, -0.863128, 0.183486]], [[0.384393, 0.70314, 0.598194], [-0.722246, -0.174528, 0.669254], [0.574981, -0.6893, 0.440752]], [[0.384393, 0.70314, 0.598194], [-0.854953, 0.0266831, 0.518019], [0.348278, -0.710551, 0.611408]], [[0.384393, 0.70314, 0.598194], [-0.909845, 0.178857, 0.374422], [0.15628, -0.68819, 0.7085]]], "btipPosition": [19.161, 202.764, 41.0046], "carpPosition": [-20.5918, 135.537, 94.48], "dipPosition": [15.8645, 188.247, 55.9497], "direction": [0.348278, 0.710551, -0.611408], "extended": true, "handId": 49, "id": 490, "length": 46.973, "mcpPosition": [-20.5918, 135.537, 94.48], "pipPosition": [5.16163, 166.411, 74.7387], "stabilizedTipPosition": [15.6251, 197.129, 44.2013], "timeVisible": 4.19721, "tipPosition": [20.004, 198.949, 44.5104], "tipVelocity": [25.8014, -50.2824, -13.6495], "tool": false, "touchDistance": 0.292436, "touchZone": "hovering", "type": 0, "width": 18.6007}, {"bases": [[[0.956933, 0.144801, -0.251619], [0.164875, 0.442314, 0.881575], [0.238948, -0.885094, 0.39939]], [[0.973436, 0.0709953, -0.217675], [0.202416, 0.177482, 0.963083], [0.107008, -0.98156, 0.158397]], [[0.973436, 0.0709953, -0.217675], [0.180072, 0.349789, 0.91936], [0.141411, -0.934135, 0.327713]], [[0.973436, 0.0709953, -0.217675], [0.150533, 0.517902, 0.842091], [0.172519, -0.852489, 0.493457]]], "btipPosition": [-5.04172, 279.851, 59.1986], "carpPosition": [-30.6962, 149.937, 106.435], "dipPosition": [-7.69842, 266.723, 66.7976], "direction": [0.141411, 0.934135, -0.327713], "extended": true, "handId": 49, "id": 491, "length": 53.0038, "mcpPosition": [-14.9227, 208.364, 80.0703], "pipPosition": [-10.7791, 246.373, 73.9368], "stabilizedTipPosition": [-9.63287, 275.33, 63.0059], "timeVisible": 4.19721, "tipPosition": [-4.01124, 277.293, 61.9803], "tipVelocity": [15.1609, -35.122, 9.28923], "tool": false, "touchDistance": 0.273036, "touchZone": "hovering", "type": 1, "width": 17.7674}, {"bases": [[[0.938195, -0.0536494, -0.341923], [0.329488, 0.440887, 0.834899], [0.105957, -0.895958, 0.431315]], [[0.940944, -0.0804085, -0.328876], [0.338387, 0.192036, 0.921204], [-0.0109166, -0.978088, 0.207904]], [[0.940944, -0.0804085, -0.328876], [0.335571, 0.350357, 0.874438], [0.0449119, -0.933158, 0.356649]], [[0.940944, -0.0804085, -0.328876], [0.322041, 0.512321, 0.796126], [0.104475, -0.855021, 0.50796]]], "btipPosition": [-32.2012, 289.642, 51.043], "carpPosition": [-41.2806, 152.663, 104.82], "dipPosition": [-33.9707, 275.16, 59.6465], "direction": [0.0449119, 0.933158, -0.356649], "extended": true, "handId": 49, "id": 492, "length": 60.3936, "mcpPosition": [-34.6475, 208.751, 77.8195], "pipPosition": [-35.1218, 251.243, 68.7874], "stabilizedTipPosition": [-36.066, 284.411, 54.499], "timeVisible": 4.19721, "tipPosition": [-32.669, 288.473, 54.6384], "tipVelocity": [14.2258, -34.575, 10.2549], "tool": false, "touchDistance": 0.284719, "touchZone": "hovering", "type": 2, "width": 17.45}, {"bases": [[[0.916036, -0.217994, -0.336683], [0.398886, 0.407141, 0.821661], [-0.0420399, -0.886969, 0.459911]], [[0.916105, -0.216531, -0.337441], [0.37253, 0.148527, 0.916057], [-0.148236, -0.964912, 0.21673]], [[0.916105, -0.216531, -0.337441], [0.392056, 0.307603, 0.86699], [-0.083932, -0.92655, 0.366689]], [[0.916105, -0.216531, -0.337441], [0.400879, 0.480105, 0.780253], [-0.00694149, -0.850067, 0.526629]]], "btipPosition": [-62.3048, 279.25, 48.8255], "carpPosition": [-51.7599, 153.09, 101.427], "dipPosition": [-62.1879, 264.935, 57.694], "direction": [-0.083932, 0.92655, -0.366689], "extended": true, "handId": 49, "id": 493, "length": 58.0701, "mcpPosition": [-54.1228, 202.943, 75.5773], "pipPosition": [-60.0923, 241.8, 66.8495], "stabilizedTipPosition": [-64.9365, 274.15, 53.0871], "timeVisible": 4.19721, "tipPosition": [-65.5359, 277.138, 53.2853], "tipVelocity": [17.4162, -32.6954, 15.9562], "tool": false, "touchDistance": 0.283188, "touchZone": "hovering", "type": 3, "width": 16.6047}, {"bases": [[[0.82643, -0.383441, -0.412294], [0.531215, 0.288307, 0.796674], [-0.186611, -0.877412, 0.441955]], [[0.826994, -0.38077, -0.413636], [0.45886, 0.0320246, 0.887931], [-0.324851, -0.924115, 0.201204]], [[0.826994, -0.38077, -0.413636], [0.511812, 0.205426, 0.834175], [-0.232657, -0.901562, 0.364769]], [[0.826994, -0.38077, -0.413636], [0.544042, 0.356474, 0.759569], [-0.14177, -0.853194, 0.501957]]], "btipPosition": [-87.3339, 253.127, 50.0108], "carpPosition": [-60.9679, 148.877, 93.6461], "dipPosition": [-85.1314, 239.872, 57.809], "direction": [-0.232657, 0.901562, -0.364769], "extended": true, "handId": 49, "id": 494, "length": 45.5259, "mcpPosition": [-70.6771, 194.528, 70.6517], "pipPosition": [-81.03, 223.979, 64.2394], "stabilizedTipPosition": [-89.7253, 248.199, 54.6349], "timeVisible": 4.19721, "tipPosition": [-90.7084, 250.141, 54.028], "tipVelocity": [13.4763, -32.244, 20.5302], "tool": false, "touchDistance": 0.274857, "touchZone": "hovering", "type": 4, "width": 14.7496}], "r": [[0.418254, -0.241883, 0.875532], [-0.801678, 0.354875, 0.481015], [-0.427054, -0.903081, -0.0454847]], "s": 1.39278, "t": [34.0605, 39.5581, -53.52], "timestamp": 17299896551}, {"currentFrameRate": 110.975, "devices": [], "gestures": [], "hands": [{"armBasis": [[0.974233, 0.0322126, -0.223231], [0.189486, 0.419928, 0.887556], [0.122331, -0.906986, 0.403004]], "armWidth": 58.1167, "confidence": 1, "direction": [0.0482241, 0.95212, -0.301897], "elbow": [-78.4743, -97.224, 201.803], "grabAngle": 0.0815314, "grabStrength": 0, "id": 49, "palmNormal": [0.196893, -0.30538, -0.931652], "palmPosition": [-37.3836, 185.612, 80.4665], "palmVelocity": [25.8305, -53.1228, -1.61175], "palmWidth": 81.6435, "pinchDistance": 66.575, "pinchStrength": 0, "r": [[0.417388, -0.241807, 0.875966], [-0.802323, 0.35456, 0.480172], [-0.426691, -0.903226, -0.0460184]], "s": 1.39342, "sphereCenter": [-37.1642, 260.655, 156.951], "sphereRadius": 108.271, "stabilizedPalmPosition": [-40.2096, 184.191, 81.1119], "t": [-33.8758, 39.2041, -53.5281], "timeVisible": 4.20594, "type": "left", "wrist": [-48.8376, 122.507, 104.169]}], "id": 26573, "interactionBox": {"center": [0, 200, 0], "size": [235.247, 235.247, 147.751]}, "pointables": [{"bases": [[[0.560739, 0.45309, 0.693024], [-0.681212, -0.223328, 0.697191], [0.470662, -0.863038, 0.183421]], [[0.382366, 0.703579, 0.598977], [-0.722482, -0.176467, 0.668491], [0.576036, -0.688357, 0.440848]], [[0.382366, 0.703579, 0.598977], [-0.855556, 0.0247203, 0.51712], [0.349028, -0.710187, 0.611404]], [[0.382366, 0.703579, 0.598977], [-0.91082, 0.177848, 0.372529], [0.155576, -0.688002, 0.708837]]], "btipPosition": [19.4357, 202.22, 40.9068], "carpPosition": [-20.3726, 135.052, 94.3934], "dipPosition": [16.154, 187.708, 55.8589], "direction": [0.349028, 0.710187, -0.611404], "extended": true, "handId": 49, "id": 490, "length": 46.973, "mcpPosition": [-20.3726, 135.052, 94.3934], "pipPosition": [5.42808, 165.883, 74.6478], "stabilizedTipPosition": [15.6454, 197.141, 44.2022], "timeVisible": 4.20594, "tipPosition": [20.1681, 198.49, 44.4187], "tipVelocity": [31.8672, -62.1289, -11.0268], "tool": false, "touchDistance": 0.290832, "touchZone": "hovering", "type": 0, "width": 18.6007}, {"bases": [[[0.95724, 0.145555, -0.250011], [0.163273, 0.441596, 0.882233], [0.238818, -0.885329, 0.398948]], [[0.973871, 0.0709365, -0.215739], [0.200813, 0.174684, 0.963929], [0.106064, -0.982066, 0.155875]], [[0.973871, 0.0709365, -0.215739], [0.178583, 0.347657, 0.920458], [0.140297, -0.934935, 0.325905]], [[0.973871, 0.0709365, -0.215739], [0.149197, 0.516357, 0.843276], [0.171217, -0.85343, 0.492282]]], "btipPosition": [-4.88559, 279.427, 59.3251], "carpPosition": [-30.4506, 149.446, 106.377], "dipPosition": [-7.52225, 266.284, 66.906], "direction": [0.140297, 0.934935, -0.325905], "extended": true, "handId": 49, "id": 491, "length": 53.0038, "mcpPosition": [-14.6857, 207.889, 80.0417], "pipPosition": [-10.5786, 245.917, 74.0058], "stabilizedTipPosition": [-9.62183, 275.333, 63.0008], "timeVisible": 4.20594, "tipPosition": [-3.78, 276.824, 61.9895], "tipVelocity": [18.4204, -48.9833, 14.0186], "tool": false, "touchDistance": 0.275075, "touchZone": "hovering", "type": 1, "width": 17.7674}, {"bases": [[[0.938751, -0.0528222, -0.340525], [0.327959, 0.440302, 0.835809], [0.105784, -0.896295, 0.430657]], [[0.941545, -0.0801845, -0.327207], [0.336684, 0.190125, 0.922224], [-0.0117378, -0.97848, 0.206008]], [[0.941545, -0.0801845, -0.327207], [0.334012, 0.348844, 0.875639], [0.0439315, -0.933744, 0.355235]], [[0.941545, -0.0801845, -0.327207], [0.320686, 0.510907, 0.79758], [0.103219, -0.855888, 0.506756]]], "btipPosition": [-32.0495, 289.226, 51.1841], "carpPosition": [-41.036, 152.179, 104.781], "dipPosition": [-33.7978, 274.729, 59.7672], "direction": [0.0439315, 0.933744, -0.355235], "extended": true, "handId": 49, "id": 492, "length": 60.3936, "mcpPosition": [-34.4138, 208.289, 77.8216], "pipPosition": [-34.9237, 250.797, 68.8719], "stabilizedTipPosition": [-36.0585, 284.414, 54.4962], "timeVisible": 4.20594, "tipPosition": [-32.4274, 288.015, 54.6995], "tipVelocity": [17.9409, -48.065, 15.6363], "tool": false, "touchDistance": 0.286993, "touchZone": "hovering", "type": 2, "width": 17.45}, {"bases": [[[0.916674, -0.217184, -0.33547], [0.397395, 0.406607, 0.822647], [-0.0422617, -0.887413, 0.459033]], [[0.916739, -0.215802, -0.336184], [0.370862, 0.146915, 0.916994], [-0.148498, -0.965321, 0.214716]], [[0.916739, -0.215802, -0.336184], [0.390478, 0.30633, 0.868153], [-0.0843656, -0.927141, 0.365091]], [[0.916739, -0.215802, -0.336184], [0.399411, 0.478638, 0.781906], [-0.00782646, -0.851079, 0.524979]]], "btipPosition": [-62.114, 278.848, 49.0011], "carpPosition": [-51.5203, 152.616, 101.404], "dipPosition": [-61.9822, 264.516, 57.8418], "direction": [-0.0843656, 0.927141, -0.365091], "extended": true, "handId": 49, "id": 493, "length": 58.0701, "mcpPosition": [-53.8957, 202.493, 75.6041], "pipPosition": [-59.8757, 241.367, 66.9575], "stabilizedTipPosition": [-64.9321, 274.152, 53.0839], "timeVisible": 4.20594, "tipPosition": [-65.2866, 276.709, 53.3861], "tipVelocity": [22.2594, -46.4841, 19.3981], "tool": false, "touchDistance": 0.28601, "touchZone": "hovering", "type": 3, "width": 16.6047}, {"bases": [[[0.827275, -0.382611, -0.41137], [0.529828, 0.287868, 0.797756], [-0.18681, -0.877919, 0.440864]], [[0.827788, -0.380182, -0.412587], [0.456915, 0.0300856, 0.889002], [-0.325569, -0.924422, 0.198615]], [[0.827788, -0.380182, -0.412587], [0.51007, 0.203708, 0.835663], [-0.233656, -0.9022, 0.362547]], [[0.827788, -0.380182, -0.412587], [0.542479, 0.354788, 0.761474], [-0.143117, -0.854159, 0.49993]]], "btipPosition": [-87.1804, 252.727, 50.2086], "carpPosition": [-60.7426, 148.414, 93.634], "dipPosition": [-84.9569, 239.457, 57.9754], "direction": [-0.233656, 0.9022, -0.362547], "extended": true, "handId": 49, "id": 494, "length": 45.5259, "mcpPosition": [-70.4622, 194.091, 70.6964], "pipPosition": [-80.8379, 223.552, 64.3666], "stabilizedTipPosition": [-89.7217, 248.201, 54.6317], "timeVisible": 4.20594, "tipPosition": [-90.4655, 249.731, 54.1415], "tipVelocity": [18.1446, -46.2817, 21.8449], "tool": false, "touchDistance": 0.278034, "touchZone": "hovering", "type": 4, "width": 14.7496}], "r": [[0.417388, -0.241807, 0.875966], [-0.802323, 0.35456, 0.480172], [-0.426691, -0.903226, -0.0460184]], "s": 1.39342, "t": [33.8758, 39.2041, -53.5281], "timestamp": 17299905277}, {"currentFrameRate": 111.178, "devices": [], "gestures": [], "hands": [{"armBasis": [[0.974453, 0.03246, -0.222235], [0.188415, 0.420396, 0.887562], [0.122237, -0.90676, 0.40354]], "armWidth": 58.1167, "confidence": 1, "direction": [0.0487425, 0.952135, -0.301765], "elbow": [-78.2048, -97.766, 201.885], "grabAngle": 0.0800536, "grabStrength": 0, "id": 49, "palmNormal": [0.195917, -0.305369, -0.931862], "palmPosition": [-37.1103, 185.009, 80.4156], "palmVelocity": [31.6425, -69.8572, -5.89161], "palmWidth": 81.6435, "pinchDistance": 66.7369, "pinchStrength": 0, "r": [[0.416594, -0.241711, 0.87637], [-0.80297, 0.354163, 0.479384], [-0.42625, -0.903407, -0.0465445]], "s": 1.39407, "sphereCenter": [-36.7355, 259.926, 156.716], "sphereRadius": 108.052, "stabilizedPalmPosition": [-40.1882, 184.197, 81.1071], "t": [-33.6468, 38.7254, -53.5576], "timeVisible": 4.21457, "type": "left", "wrist": [-48.591, 121.911, 104.122]}], "id": 26574, "interactionBox": {"center": [0, 200, 0], "size": [235.247, 235.247, 147.751]}, "pointables": [{"bases": [[[0.559833, 0.45341, 0.693546], [-0.681583, -0.223994, 0.696614], [0.471202, -0.862697, 0.183637]], [[0.380582, 0.704587, 0.598928], [-0.722047, -0.178232, 0.668492], [0.577759, -0.68687, 0.440913]], [[0.380582, 0.704587, 0.598928], [-0.855994, 0.0233537, 0.516458], [0.349903, -0.709233, 0.61201]], [[0.380582, 0.704587, 0.598928], [-0.911797, 0.177905, 0.370101], [0.154216, -0.686955, 0.710148]]], "btipPosition": [19.7551, 201.483, 40.7843], "carpPosition": [-20.1285, 134.432, 94.3201], "dipPosition": [16.5021, 186.993, 55.7641], "direction": [0.349903, 0.709233, -0.61201], "extended": true, "handId": 49, "id": 490, "length": 46.973, "mcpPosition": [-20.1285, 134.432, 94.3201], "pipPosition": [5.74936, 165.197, 74.5716], "stabilizedTipPosition": [15.681, 197.152, 44.2025], "timeVisible": 4.21457, "tipPosition": [20.4122, 197.85, 44.324], "tipVelocity": [37.7531, -84.7827, -13.4488], "tool": false, "touchDistance": 0.288896, "touchZone": "hovering", "type": 0, "width": 18.6007}, {"bases": [[[0.95732, 0.14636, -0.249231], [0.162227, 0.441567, 0.88244], [0.239206, -0.88521, 0.398978]], [[0.974188, 0.0705906, -0.214417], [0.199786, 0.172567, 0.964524], [0.105088, -0.982465, 0.15401]], [[0.974188, 0.0705906, -0.214417], [0.177721, 0.345823, 0.921315], [0.139187, -0.935641, 0.324351]], [[0.974188, 0.0705906, -0.214417], [0.148504, 0.514961, 0.844252], [0.170013, -0.854302, 0.491186]]], "btipPosition": [-4.6755, 278.85, 59.3833], "carpPosition": [-30.1857, 148.833, 106.314], "dipPosition": [-7.2936, 265.694, 66.9473], "direction": [0.139187, 0.935641, -0.324351], "extended": true, "handId": 49, "id": 491, "length": 53.0038, "mcpPosition": [-14.395, 207.268, 79.9769], "pipPosition": [-10.3258, 245.311, 74.0133], "stabilizedTipPosition": [-9.60249, 275.335, 62.9924], "timeVisible": 4.21457, "tipPosition": [-3.46915, 276.193, 61.9195], "tipVelocity": [24.8186, -67.168, 6.28741], "tool": false, "touchDistance": 0.27598, "touchZone": "hovering", "type": 1, "width": 17.7674}, {"bases": [[[0.93906, -0.0520157, -0.339795], [0.326951, 0.440412, 0.836146], [0.106157, -0.896288, 0.43058]], [[0.941924, -0.0800551, -0.326146], [0.335606, 0.189152, 0.922817], [-0.0121852, -0.978679, 0.205033]], [[0.941924, -0.0800551, -0.326146], [0.333014, 0.348094, 0.876317], [0.0433757, -0.934035, 0.354538]], [[0.941924, -0.0800551, -0.326146], [0.319824, 0.510057, 0.79847], [0.102431, -0.856407, 0.506038]]], "btipPosition": [-31.8073, 288.645, 51.2073], "carpPosition": [-40.7702, 151.575, 104.727], "dipPosition": [-33.5422, 274.14, 59.7783], "direction": [0.0433757, 0.934035, -0.354538], "extended": true, "handId": 49, "id": 492, "length": 60.3936, "mcpPosition": [-34.1246, 207.684, 77.7725], "pipPosition": [-34.6539, 250.201, 68.8651], "stabilizedTipPosition": [-36.0444, 284.417, 54.4914], "timeVisible": 4.21457, "tipPosition": [-32.0939, 287.397, 54.6527], "tipVelocity": [28.3978, -67.4272, 2.36137], "tool": false, "touchDistance": 0.287333, "touchZone": "hovering", "type": 2, "width": 17.45}, {"bases": [[[0.91711, -0.216396, -0.334787], [0.396424, 0.406774, 0.823032], [-0.0419183, -0.887529, 0.458841]], [[0.917172, -0.215056, -0.335479], [0.369867, 0.146109, 0.917524], [-0.148302, -0.96561, 0.213549]], [[0.917172, -0.215056, -0.335479], [0.389474, 0.305699, 0.868826], [-0.0842905, -0.927523, 0.364137]], [[0.917172, -0.215056, -0.335479], [0.398408, 0.477734, 0.782969], [-0.00811252, -0.851775, 0.523844]]], "btipPosition": [-61.8262, 278.292, 49.0562], "carpPosition": [-51.2568, 152.02, 101.359], "dipPosition": [-61.6895, 263.948, 57.8778], "direction": [-0.0842905, 0.927523, -0.364137], "extended": true, "handId": 49, "id": 493, "length": 58.0701, "mcpPosition": [-53.6128, 201.904, 75.5692], "pipPosition": [-59.585, 240.789, 66.9696], "stabilizedTipPosition": [-64.9232, 274.154, 53.0782], "timeVisible": 4.21457, "tipPosition": [-64.9462, 276.127, 53.3619], "tipVelocity": [33.4541, -64.7429, 5.8632], "tool": false, "touchDistance": 0.286854, "touchZone": "hovering", "type": 3, "width": 16.6047}, {"bases": [[[0.827902, -0.38188, -0.410786], [0.528971, 0.288145, 0.798224], [-0.18646, -0.878146, 0.440559]], [[0.828402, -0.379509, -0.411973], [0.455619, 0.0287162, 0.889712], [-0.325824, -0.924742, 0.1967]], [[0.828402, -0.379509, -0.411973], [0.508827, 0.202356, 0.836748], [-0.234188, -0.902787, 0.360737]], [[0.828402, -0.379509, -0.411973], [0.541327, 0.35344, 0.762919], [-0.143927, -0.855016, 0.498229]]], "btipPosition": [-86.9381, 252.185, 50.3047], "carpPosition": [-60.4885, 147.827, 93.5949], "dipPosition": [-84.7021, 238.902, 58.045], "direction": [-0.234188, 0.902787, -0.360737], "extended": true, "handId": 49, "id": 494, "length": 45.5259, "mcpPosition": [-70.1898, 193.516, 70.673], "pipPosition": [-80.5737, 222.987, 64.4043], "stabilizedTipPosition": [-89.7144, 248.203, 54.6261], "timeVisible": 4.21457, "tipPosition": [-90.1353, 249.174, 54.1292], "tipVelocity": [28.3874, -63.0477, 10.4152], "tool": false, "touchDistance": 0.279533, "touchZone": "hovering", "type": 4, "width": 14.7496}], "r": [[0.416594, -0.241711, 0.87637], [-0.80297, 0.354163, 0.479384], [-0.42625, -0.903407, -0.0465445]], "s": 1.39407, "t": [33.6468, 38.7254, -53.5576], "timestamp": 17299913914}, {"currentFrameRate": 111.349, "devices": [], "gestures": [], "hands": [{"armBasis": [[0.974567, 0.0321623, -0.221775], [0.188111, 0.420437, 0.887607], [0.12179, -0.906751, 0.403694]], "armWidth": 58.1167, "confidence": 1, "direction": [0.0493425, 0.952347, -0.300998], "elbow": [-77.8128, -98.562, 201.778], "grabAngle": 0.0782154, "grabStrength": 0, "id": 49, "palmNormal": [0.195737, -0.304742, -0.932105], "palmPosition": [-36.7968, 184.22, 80.3136], "palmVelocity": [36.1244, -90.8443, -11.7525], "palmWidth": 81.6435, "pinchDistance": 66.9128, "pinchStrength": 0, "r": [[0.415992, -0.241724, 0.876653], [-0.803529, 0.353667, 0.478811], [-0.425783, -0.903598, -0.0471095]], "s": 1.39477, "sphereCenter": [-36.3409, 258.96, 156.465], "sphereRadius": 107.822, "stabilizedPalmPosition": [-40.1496, 184.197, 81.098], "t": [-33.3756, 38.0918, -53.6233], "timeVisible": 4.22326, "type": "left", "wrist": [-48.3073, 121.113, 103.977]}], "id": 26575, "interactionBox": {"center": [0, 200, 0], "size": [235.247, 235.247, 147.751]}, "pointables": [{"bases": [[[0.559558, 0.453203, 0.693904], [-0.681434, -0.224981, 0.696442], [0.471745, -0.862549, 0.182938]], [[0.379259, 0.705299, 0.598929], [-0.721274, -0.180106, 0.668824], [0.579592, -0.68565, 0.440407]], [[0.379259, 0.705299, 0.598929], [-0.856213, 0.022104, 0.51615], [0.350801, -0.708565, 0.612269]], [[0.379259, 0.705299, 0.598929], [-0.912609, 0.178327, 0.367892], [0.152669, -0.686114, 0.711294]]], "btipPosition": [20.1139, 200.58, 40.6323], "carpPosition": [-19.8468, 133.622, 94.1776], "dipPosition": [16.8935, 186.107, 55.6363], "direction": [0.350801, 0.708565, -0.612269], "extended": true, "handId": 49, "id": 490, "length": 46.973, "mcpPosition": [-19.8468, 133.622, 94.1776], "pipPosition": [6.11317, 164.332, 74.4517], "stabilizedTipPosition": [15.743, 197.153, 44.2005], "timeVisible": 4.22326, "tipPosition": [20.7229, 197.056, 44.2318], "tipVelocity": [42.1982, -103.59, -16.868], "tool": false, "touchDistance": 0.286952, "touchZone": "hovering", "type": 0, "width": 18.6007}, {"bases": [[[0.957226, 0.14716, -0.249124], [0.161962, 0.440958, 0.882793], [0.239766, -0.885381, 0.398262]], [[0.974347, 0.0701973, -0.213822], [0.199578, 0.16955, 0.965102], [0.104001, -0.983018, 0.15119]], [[0.974347, 0.0701973, -0.213822], [0.177744, 0.342733, 0.922465], [0.138039, -0.936806, 0.321464]], [[0.974347, 0.0701973, -0.213822], [0.148695, 0.512381, 0.845787], [0.16893, -0.855885, 0.488799]]], "btipPosition": [-4.43176, 278.119, 59.5083], "carpPosition": [-29.8951, 148.019, 106.183], "dipPosition": [-7.03319, 264.938, 67.0355], "direction": [0.138039, 0.936806, -0.321464], "extended": true, "handId": 49, "id": 491, "length": 53.0038, "mcpPosition": [-14.0675, 206.465, 79.8931], "pipPosition": [-10.0404, 244.53, 74.0386], "stabilizedTipPosition": [-9.56811, 275.333, 62.9792], "timeVisible": 4.22326, "tipPosition": [-3.12346, 275.394, 61.8828], "tipVelocity": [28.5225, -84.8879, 13.4254], "tool": false, "touchDistance": 0.277922, "touchZone": "hovering", "type": 1, "width": 17.7674}, {"bases": [[[0.939088, -0.0511542, -0.339847], [0.326685, 0.439944, 0.836496], [0.106724, -0.896567, 0.429858]], [[0.942027, -0.0798655, -0.325895], [0.3353, 0.187525, 0.92326], [-0.0126233, -0.979008, 0.203432]], [[0.942027, -0.0798655, -0.325895], [0.332786, 0.346525, 0.877025], [0.0428867, -0.934634, 0.353014]], [[0.942027, -0.0798655, -0.325895], [0.319711, 0.508422, 0.799557], [0.101835, -0.857396, 0.504481]]], "btipPosition": [-31.5212, 287.904, 51.2585], "carpPosition": [-40.4778, 150.769, 104.598], "dipPosition": [-33.246, 273.381, 59.8032], "direction": [0.0428867, 0.934635, -0.353014], "extended": true, "handId": 49, "id": 492, "length": 60.3936, "mcpPosition": [-33.7968, 206.895, 77.6887], "pipPosition": [-34.3452, 249.427, 68.8509], "stabilizedTipPosition": [-36.0174, 284.418, 54.4831], "timeVisible": 4.22326, "tipPosition": [-31.7174, 286.611, 54.6226], "tipVelocity": [33.2315, -85.9154, 5.20653], "tool": false, "touchDistance": 0.288086, "touchZone": "hovering", "type": 2, "width": 17.45}, {"bases": [[[0.917241, -0.215552, -0.334971], [0.396179, 0.40636, 0.823355], [-0.0413569, -0.887924, 0.458128]], [[0.917298, -0.214319, -0.335607], [0.36961, 0.14466, 0.917857], [-0.148166, -0.965992, 0.211911]], [[0.917298, -0.214319, -0.335607], [0.389192, 0.304262, 0.869456], [-0.0842287, -0.928166, 0.36251]], [[0.917298, -0.214319, -0.335607], [0.398117, 0.476181, 0.784063], [-0.00823028, -0.85283, 0.522123]]], "btipPosition": [-61.4969, 277.566, 49.1031], "carpPosition": [-50.9641, 151.223, 101.23], "dipPosition": [-61.3583, 263.205, 57.8957], "direction": [-0.0842287, 0.928166, -0.36251], "extended": true, "handId": 49, "id": 493, "length": 58.0701, "mcpPosition": [-53.2886, 201.129, 75.4806], "pipPosition": [-59.2552, 240.03, 66.9469], "stabilizedTipPosition": [-64.9049, 274.155, 53.0679], "timeVisible": 4.22326, "tipPosition": [-64.5581, 275.372, 53.3206], "tipVelocity": [37.9879, -84.0094, 4.64252], "tool": false, "touchDistance": 0.287525, "touchZone": "hovering", "type": 3, "width": 16.6047}, {"bases": [[[0.828136, -0.381031, -0.411103], [0.5288, 0.287834, 0.79845], [-0.185904, -0.878617, 0.439855]], [[0.82858, -0.37892, -0.412158], [0.454929, 0.0265777, 0.890131], [-0.326334, -0.925048, 0.194404]], [[0.82858, -0.37892, -0.412158], [0.508163, 0.199993, 0.837719], [-0.235, -0.903561, 0.358263]], [[0.82858, -0.37892, -0.412158], [0.540808, 0.351227, 0.764308], [-0.14485, -0.856189, 0.495942]]], "btipPosition": [-86.664, 251.467, 50.3614], "carpPosition": [-60.1984, 147.042, 93.4627], "dipPosition": [-84.4136, 238.165, 58.0663], "direction": [-0.235, 0.903561, -0.358263], "extended": true, "handId": 49, "id": 494, "length": 45.5259, "mcpPosition": [-69.8708, 192.756, 70.5775], "pipPosition": [-80.2709, 222.237, 64.3819], "stabilizedTipPosition": [-89.6992, 248.204, 54.6155], "timeVisible": 4.22326, "tipPosition": [-89.7509, 248.439, 54.0619], "tipVelocity": [31.9584, -83.2449, 5.59993], "tool": false, "touchDistance": 0.280343, "touchZone": "hovering", "type": 4, "width": 14.7496}], "r": [[0.415992, -0.241724, 0.876653], [-0.803529, 0.353667, 0.478811], [-0.425783, -0.903598, -0.0471095]], "s": 1.39477, "t": [33.3756, 38.0918, -53.6233], "timestamp": 17299922594}, {"currentFrameRate": 111.527, "devices": [], "gestures": [], "hands": [{"armBasis": [[0.974677, 0.0316073, -0.221372], [0.188093, 0.419509, 0.88805], [0.120936, -0.907201, 0.40294]], "armWidth": 58.1167, "confidence": 1, "direction": [0.0504231, 0.952338, -0.300849], "elbow": [-77.3154, -99.6322, 201.433], "grabAngle": 0.0762245, "grabStrength": 0, "id": 49, "palmNormal": [0.195771, -0.304813, -0.932074], "palmPosition": [-36.452, 183.254, 80.1694], "palmVelocity": [39.8369, -111.582, -16.6596], "palmWidth": 81.6435, "pinchDistance": 67.0872, "pinchStrength": 0, "r": [[0.415624, -0.241674, 0.876841], [-0.804013, 0.353094, 0.478422], [-0.425229, -0.903836, -0.0475546]], "s": 1.39543, "sphereCenter": [-35.9162, 257.89, 156.163], "sphereRadius": 107.637, "stabilizedPalmPosition": [-40.0822, 184.18, 81.0811], "t": [-33.0675, 37.2922, -53.7283], "timeVisible": 4.23191, "type": "left", "wrist": [-48.0167, 120.151, 103.814]}], "id": 26576, "interactionBox": {"center": [0, 200, 0], "size": [235.247, 235.247, 147.751]}, "pointables": [{"bases": [[[0.559353, 0.453676, 0.69376], [-0.680947, -0.225771, 0.696663], [0.47269, -0.862093, 0.182644]], [[0.377868, 0.70656, 0.598322], [-0.720293, -0.181688, 0.669454], [0.581717, -0.683932, 0.440276]], [[0.377868, 0.70656, 0.598322], [-0.85625, 0.0208489, 0.516141], [0.35221, -0.707346, 0.61287]], [[0.377868, 0.70656, 0.598322], [-0.913253, 0.178161, 0.366371], [0.152265, -0.684859, 0.712589]]], "btipPosition": [20.532, 199.454, 40.4474], "carpPosition": [-19.5586, 132.637, 94.0327], "dipPosition": [17.3202, 185.008, 55.4787], "direction": [0.35221, 0.707346, -0.61287], "extended": true, "handId": 49, "id": 490, "length": 46.973, "mcpPosition": [-19.5586, 132.637, 94.0327], "pipPosition": [6.4965, 163.271, 74.3127], "stabilizedTipPosition": [15.8501, 197.126, 44.1927], "timeVisible": 4.23191, "tipPosition": [21.0832, 196.037, 44.1089], "tipVelocity": [48.5358, -129.368, -20.6296], "tool": false, "touchDistance": 0.285784, "touchZone": "hovering", "type": 0, "width": 18.6007}, {"bases": [[[0.956983, 0.148169, -0.249458], [0.161839, 0.441001, 0.882794], [0.240814, -0.885191, 0.398051]], [[0.974452, 0.0697536, -0.213488], [0.199531, 0.167487, 0.965472], [0.103102, -0.983403, 0.14929]], [[0.974452, 0.0697536, -0.213488], [0.177926, 0.340316, 0.923324], [0.137059, -0.93772, 0.319211]], [[0.974452, 0.0697536, -0.213488], [0.14905, 0.510216, 0.847033], [0.168009, -0.857213, 0.486784]]], "btipPosition": [-4.13456, 277.185, 59.5292], "carpPosition": [-29.5967, 147.043, 106.037], "dipPosition": [-6.7218, 263.984, 67.0254], "direction": [0.137059, 0.93772, -0.319211], "extended": true, "handId": 49, "id": 491, "length": 53.0038, "mcpPosition": [-13.7, 205.476, 79.7604], "pipPosition": [-9.70762, 243.556, 73.9795], "stabilizedTipPosition": [-9.50604, 275.318, 62.9571], "timeVisible": 4.23191, "tipPosition": [-2.70663, 274.393, 61.7568], "tipVelocity": [34.7159, -108.407, 1.59873], "tool": false, "touchDistance": 0.278915, "touchZone": "hovering", "type": 1, "width": 17.7674}, {"bases": [[[0.939014, -0.0501514, -0.340202], [0.326546, 0.440161, 0.836436], [0.107795, -0.896517, 0.429694]], [[0.942057, -0.0796734, -0.325854], [0.335212, 0.186793, 0.92344], [-0.0127064, -0.979163, 0.202677]], [[0.942057, -0.0796734, -0.325854], [0.332722, 0.345624, 0.877405], [0.0427172, -0.934985, 0.352107]], [[0.942057, -0.0796734, -0.325854], [0.319731, 0.507162, 0.800349], [0.101494, -0.85816, 0.503249]]], "btipPosition": [-31.1661, 286.964, 51.1955], "carpPosition": [-40.1761, 149.804, 104.448], "dipPosition": [-32.8851, 272.429, 59.7193], "direction": [0.0427172, 0.934985, -0.352107], "extended": true, "handId": 49, "id": 492, "length": 60.3936, "mcpPosition": [-33.428, 205.927, 77.5488], "pipPosition": [-33.98, 248.465, 68.7438], "stabilizedTipPosition": [-35.9661, 284.409, 54.4678], "timeVisible": 4.23191, "tipPosition": [-31.2613, 285.628, 54.4838], "tipVelocity": [41.1829, -108.926, -7.8357], "tool": false, "touchDistance": 0.287706, "touchZone": "hovering", "type": 2, "width": 17.45}, {"bases": [[[0.917336, -0.214572, -0.33534], [0.39607, 0.40665, 0.823264], [-0.0402836, -0.888028, 0.45802]], [[0.917389, -0.213393, -0.335948], [0.369698, 0.144332, 0.917873], [-0.147379, -0.966246, 0.2113]], [[0.917389, -0.213393, -0.335948], [0.389126, 0.303744, 0.869667], [-0.0835383, -0.928549, 0.361688]], [[0.917389, -0.213393, -0.335948], [0.397915, 0.475147, 0.784792], [-0.00784406, -0.853638, 0.520807]]], "btipPosition": [-61.0777, 276.652, 49.0225], "carpPosition": [-50.6606, 150.269, 101.076], "dipPosition": [-60.9456, 262.276, 57.7929], "direction": [-0.0835382, 0.928549, -0.361688], "extended": true, "handId": 49, "id": 493, "length": 58.0701, "mcpPosition": [-52.9248, 200.181, 75.3327], "pipPosition": [-58.8598, 239.092, 66.8236], "stabilizedTipPosition": [-64.8679, 274.147, 53.0484], "timeVisible": 4.23191, "tipPosition": [-64.0972, 274.433, 53.1695], "tipVelocity": [48.2613, -106.069, -9.90656], "tool": false, "touchDistance": 0.286857, "touchZone": "hovering", "type": 3, "width": 16.6047}, {"bases": [[[0.828372, -0.380131, -0.411462], [0.528802, 0.288262, 0.798294], [-0.184847, -0.878866, 0.439802]], [[0.828802, -0.378074, -0.412489], [0.454829, 0.0258238, 0.890204], [-0.325911, -0.925415, 0.193362]], [[0.828802, -0.378074, -0.412489], [0.507864, 0.198853, 0.838172], [-0.234866, -0.904167, 0.35682]], [[0.828802, -0.378074, -0.412489], [0.540431, 0.34986, 0.765201], [-0.144989, -0.857122, 0.494287]]], "btipPosition": [-86.2932, 250.573, 50.2905], "carpPosition": [-59.8963, 146.099, 93.3047], "dipPosition": [-84.0407, 237.257, 57.9697], "direction": [-0.234866, 0.904167, -0.35682], "extended": true, "handId": 49, "id": 494, "length": 45.5259, "mcpPosition": [-69.5137, 191.825, 70.4223], "pipPosition": [-79.9004, 221.318, 64.2599], "stabilizedTipPosition": [-89.6684, 248.199, 54.5954], "timeVisible": 4.23191, "tipPosition": [-89.3092, 247.531, 53.8957], "tipVelocity": [42.8947, -103.663, -8.87542], "tool": false, "touchDistance": 0.279705, "touchZone": "hovering", "type": 4, "width": 14.7496}], "r": [[0.415624, -0.241674, 0.876841], [-0.804013, 0.353094, 0.478422], [-0.425229, -0.903836, -0.0475546]], "s": 1.39543, "t": [33.0675, 37.2922, -53.7283], "timestamp": 17299931249}, {"currentFrameRate": 111.74, "devices": [], "gestures": [], "hands": [{"armBasis": [[0.974249, 0.0298746, -0.223486], [0.190936, 0.417875, 0.888214], [0.119924, -0.908013, 0.401411]], "armWidth": 58.1167, "confidence": 1, "direction": [0.0513165, 0.952636, -0.299753], "elbow": [-76.7447, -101.005, 200.753], "grabAngle": 0.0753406, "grabStrength": 0, "id": 49, "palmNormal": [0.198684, -0.303887, -0.93176], "palmPosition": [-36.0774, 182.105, 79.9613], "palmVelocity": [43.6649, -133.966, -24.261], "palmWidth": 81.6435, "pinchDistance": 67.2667, "pinchStrength": 0, "r": [[0.415873, -0.241809, 0.876686], [-0.804099, 0.352547, 0.47868], [-0.424823, -0.904012, -0.0478238]], "s": 1.3961, "sphereCenter": [-35.7538, 256.466, 155.565], "sphereRadius": 107.189, "stabilizedPalmPosition": [-39.9706, 184.122, 81.0499], "t": [-32.7263, 36.3178, -53.8848], "timeVisible": 4.24049, "type": "left", "wrist": [-47.6912, 118.975, 103.505]}], "id": 26577, "interactionBox": {"center": [0, 200, 0], "size": [235.247, 235.247, 147.751]}, "pointables": [{"bases": [[[0.561529, 0.45297, 0.692462], [-0.678786, -0.226428, 0.698556], [0.473218, -0.862293, 0.180324]], [[0.378624, 0.707165, 0.597128], [-0.718006, -0.182696, 0.671633], [0.584048, -0.683037, 0.438575]], [[0.378624, 0.707165, 0.597128], [-0.855127, 0.0204344, 0.518015], [0.35412, -0.706753, 0.612453]], [[0.378624, 0.707165, 0.597128], [-0.912976, 0.179372, 0.36647], [0.152047, -0.683918, 0.713539]]], "btipPosition": [21.0241, 198.214, 40.311], "carpPosition": [-19.2251, 131.475, 93.8272], "dipPosition": [17.8168, 183.788, 55.3623], "direction": [0.35412, 0.706753, -0.612453], "extended": true, "handId": 49, "id": 490, "length": 46.973, "mcpPosition": [-19.2251, 131.475, 93.8272], "pipPosition": [6.93445, 162.068, 74.1834], "stabilizedTipPosition": [16.0226, 197.04, 44.1764], "timeVisible": 4.24049, "tipPosition": [21.555, 194.926, 44.0891], "tipVelocity": [57.4936, -144.051, -15.375], "tool": false, "touchDistance": 0.286289, "touchZone": "hovering", "type": 0, "width": 18.6007}, {"bases": [[[0.956209, 0.148375, -0.252289], [0.164605, 0.440126, 0.88272], [0.242012, -0.885593, 0.396429]], [[0.973972, 0.0688594, -0.215955], [0.202411, 0.164594, 0.96537], [0.10202, -0.983955, 0.