{"frames": 66, "data": [{"currentFrameRate": 110.492, "devices": [], "gestures": [], "hands": [{"armBasis": [[0.746935, -0.0271336, -0.664343], [0.664615, 0.0595867, 0.744806], [0.0193767, -0.997854, 0.0625408]], "armWidth": 48.9085, "confidence": 1, "direction": [0.239889, 0.902252, -0.35832], "elbow": [-64.5832, -116.319, 152.555], "grabAngle": 2.69202, "grabStrength": 1, "id": 61, "palmNormal": [0.619867, -0.426419, -0.658735], "palmPosition": [-41.0574, 153.8, 121.625], "palmVelocity": [-2.69993, -3.3135, 0.706918], "palmWidth": 72.7825, "pinchDistance": 13.5346, "pinchStrength": 1, "r": [[0.984166, -0.114623, -0.1352], [0.106601, 0.992164, -0.0651701], [0.14161, 0.0497258, 0.988673]], "s": 0.865078, "sphereCenter": [-12.4372, 151.752, 103.851], "sphereRadius": 28.5231, "stabilizedPalmPosition": [-39.3403, 155.461, 122.35], "t": [-13.039, -9.53003, 8.31544], "timeVisible": 5.82748, "type": "left", "wrist": [-60.3984, 99.1895, 139.048]}], "id": 39806, "interactionBox": {"center": [0, 200, 0], "size": [235.247, 235.247, 147.751]}, "pointables": [{"bases": [[[0.636644, -0.281749, -0.717846], [0.733916, 0.507155, 0.451842], [0.236753, -0.814501, 0.529657]], [[0.649695, -0.330082, -0.684794], [-0.14574, 0.830021, -0.538354], [0.746094, 0.449568, 0.491154]], [[0.649695, -0.330082, -0.684794], [-0.727615, -0.0091228, -0.685925], [0.220164, 0.943908, -0.2461]], [[0.649695, -0.330082, -0.684794], [-0.740341, -0.479263, -0.471383], [-0.172601, 0.813236, -0.555748]]], "btipPosition": [-23.2061, 120.828, 104.956], "carpPosition": [-62.7423, 126.965, 135.12], "dipPosition": [-20.7414, 132.44, 97.0199], "direction": [0.220164, -0.943908, 0.2461], "extended": false, "handId": 61, "id": 613, "length": 49.2406, "mcpPosition": [-50.8797, 167.776, 108.581], "pipPosition": [-25.4027, 152.424, 91.8095], "stabilizedTipPosition": [-25.4006, 124.831, 104.865], "timeVisible": 5.82748, "tipPosition": [-26.7631, 125.226, 105.158], "tipVelocity": [-8.70197, -2.6413, 4.89595], "tool": false, "touchDistance": 0.552175, "touchZone": "none", "type": 3, "width": 13.6184}, {"bases": [[[0.808263, 0.531671, 0.253056], [-0.23046, -0.109839, 0.966863], [0.541848, -0.839798, 0.0337499]], [[0.553219, 0.802621, 0.223045], [-0.659118, 0.258002, 0.706398], [0.509423, -0.537806, 0.671754]], [[0.553219, 0.802621, 0.223045], [-0.723257, 0.329924, 0.606671], [0.413338, -0.496941, 0.763021]], [[0.553219, 0.802621, 0.223045], [-0.796836, 0.431784, 0.42263], [0.242904, -0.411537, 0.878427]]], "btipPosition": [-0.924859, 153.003, 83.3036], "carpPosition": [-36.3811, 111.219, 145.721], "dipPosition": [-5.26959, 145.642, 99.0157], "direction": [0.413338, 0.496941, -0.763021], "extended": false, "handId": 61, "id": 610, "length": 39.8308, "mcpPosition": [-36.3811, 111.219, 145.721], "pipPosition": [-16.0404, 132.693, 118.899], "stabilizedTipPosition": [1.72692, 154.829, 91.7677], "timeVisible": 5.82748, "tipPosition": [1.69174, 154.229, 91.7742], "tipVelocity": [-1.76588, -3.88016, 1.69712], "tool": false, "touchDistance": 0.281956, "touchZone": "hovering", "type": 0, "width": 15.2554}, {"bases": [[[0.696255, 0.0883122, -0.712341], [0.55932, 0.555238, 0.615526], [0.449877, -0.82699, 0.337193]], [[0.697016, 0.0869116, -0.711769], [-0.114693, 0.99336, 0.00897977], [0.707823, 0.075376, 0.702356]], [[0.697016, 0.0869116, -0.711769], [-0.575993, 0.659079, -0.483577], [0.427083, 0.747035, 0.509449]], [[0.697016, 0.0869116, -0.711769], [-0.695359, 0.324255, -0.641353], [0.175054, 0.941969, 0.286446]]], "btipPosition": [11.0477, 145.289, 92.6329], "carpPosition": [-48.8431, 125.197, 148.689], "dipPosition": [8.76183, 157.589, 96.3733], "direction": [0.427083, -0.747035, -0.509449], "extended": false, "handId": 61, "id": 611, "length": 44.9446, "mcpPosition": [-22.3687, 173.864, 128.846], "pipPosition": [0.872479, 171.389, 105.784], "stabilizedTipPosition": [10.8248, 148.317, 93.444], "timeVisible": 5.82748, "tipPosition": [12.3852, 154.837, 92.8308], "tipVelocity": [-3.04242, -3.05394, -1.17858], "tool": false, "touchDistance": 0.391553, "touchZone": "hovering", "type": 1, "width": 14.572}, {"bases": [[[0.645014, -0.120186, -0.754661], [0.678719, 0.543884, 0.493488], [0.351137, -0.830509, 0.432385]], [[0.64106, -0.110922, -0.759433], [-0.100143, 0.968953, -0.226057], [0.760929, 0.220968, 0.610049]], [[0.64106, -0.110922, -0.759433], [-0.654826, 0.437054, -0.616593], [0.400307, 0.892569, 0.207543]], [[0.64106, -0.110922, -0.759433], [-0.750355, 0.117348, -0.650536], [0.161277, 0.986877, -0.00800363]]], "btipPosition": [2.46659, 131.84, 91.4288], "carpPosition": [-56.1766, 127.203, 142.428], "dipPosition": [0.150316, 146.014, 91.3139], "direction": [0.400307, -0.892569, -0.207543], "extended": false, "handId": 61, "id": 612, "length": 51.2108, "mcpPosition": [-36.5806, 173.552, 118.297], "pipPosition": [-8.54955, 165.412, 95.8244], "stabilizedTipPosition": [2.6538, 135.321, 91.6413], "timeVisible": 5.82748, "tipPosition": [0.892115, 137.231, 91.9475], "tipVelocity": [-6.86309, -6.4509, 2.21528], "tool": false, "touchDistance": 0.356707, "touchZone": "hovering", "type": 2, "width": 14.3116}, {"bases": [[[0.529692, -0.454022, -0.716443], [0.842017, 0.383194, 0.379697], [0.102145, -0.804379, 0.585269]], [[0.512776, -0.349947, -0.783963], [-0.0699192, 0.893098, -0.444396], [0.855671, 0.282689, 0.433491]], [[0.512776, -0.349947, -0.783963], [-0.762417, 0.234188, -0.603221], [0.39469, 0.907024, -0.146719]], [[0.512776, -0.349947, -0.783963], [-0.857321, -0.257018, -0.44603], [-0.0454062, 0.900821, -0.43181]]], "btipPosition": [-33.4243, 126.362, 94.5843], "carpPosition": [-66.5873, 122.118, 125.563], "dipPosition": [-32.8262, 138.229, 88.8959], "direction": [0.39469, -0.907024, 0.146719], "extended": false, "handId": 61, "id": 614, "length": 38.6037, "mcpPosition": [-61.8496, 159.427, 98.4173], "pipPosition": [-38.7261, 151.787, 86.7027], "stabilizedTipPosition": [-32.08, 129.094, 93.0999], "timeVisible": 5.82748, "tipPosition": [-34.3367, 130.233, 95.3924], "tipVelocity": [-8.36232, -5.17439, 4.51683], "tool": false, "touchDistance": 0.387933, "touchZone": "none", "type": 4, "width": 12.0969}], "r": [[0.984166, -0.114623, -0.1352], [0.106601, 0.992164, -0.0651701], [0.14161, 0.0497258, 0.988673]], "s": 0.865078, "t": [13.039, -9.53003, 8.31544], "timestamp": 17416622188}, {"currentFrameRate": 110.641, "devices": [], "gestures": [], "hands": [{"armBasis": [[0.746926, -0.0274632, -0.664339], [0.66463, 0.059665, 0.744787], [0.0191836, -0.997841, 0.0628182]], "armWidth": 48.9085, "confidence": 1, "direction": [0.239732, 0.902264, -0.358396], "elbow": [-64.5453, -116.331, 152.621], "grabAngle": 2.69359, "grabStrength": 1, "id": 61, "palmNormal": [0.619945, -0.426366, -0.658696], "palmPosition": [-41.0709, 153.787, 121.624], "palmVelocity": [-1.53998, -1.53606, -0.0883085], "palmWidth": 72.7825, "pinchDistance": 13.52, "pinchStrength": 1, "r": [[0.984218, -0.114469, -0.134948], [0.106396, 0.992157, -0.0656082], [0.1414, 0.0502148, 0.988678]], "s": 0.865863, "sphereCenter": [-12.4613, 151.743, 103.845], "sphereRadius": 28.519, "stabilizedPalmPosition": [-39.3426, 155.459, 122.349], "t": [-13.0558, -9.54514, 8.31858], "timeVisible": 5.83626, "type": "left", "wrist": [-60.4022, 99.1744, 139.054]}], "id": 39807, "interactionBox": {"center": [0, 200, 0], "size": [235.247, 235.247, 147.751]}, "pointables": [{"bases": [[[0.636591, -0.281922, -0.717825], [0.734008, 0.507064, 0.451795], [0.236612, -0.814497, 0.529725]], [[0.649633, -0.330255, -0.684769], [-0.145596, 0.830001, -0.538424], [0.746176, 0.449478, 0.491112]], [[0.649633, -0.330255, -0.684769], [-0.727841, -0.00999822, -0.685673], [0.219601, 0.943839, -0.246868]], [[0.649633, -0.330255, -0.684769], [-0.739968, -0.481328, -0.469862], [-0.174424, 0.811945, -0.557065]]], "btipPosition": [-23.2572, 120.834, 104.99], "carpPosition": [-62.7511, 126.949, 135.121], "dipPosition": [-20.7665, 132.428, 97.0356], "direction": [0.219601, -0.943839, 0.246868], "extended": false, "handId": 61, "id": 613, "length": 49.2406, "mcpPosition": [-50.8956, 167.76, 108.579], "pipPosition": [-25.4158, 152.411, 91.8089], "stabilizedTipPosition": [-25.3926, 124.827, 104.86], "timeVisible": 5.83626, "tipPosition": [-26.7583, 125.209, 105.154], "tipVelocity": [-5.13974, 0.274562, 3.43692], "tool": false, "touchDistance": 0.552677, "touchZone": "none", "type": 3, "width": 13.6184}, {"bases": [[[0.808358, 0.53155, 0.253007], [-0.230475, -0.109716, 0.966873], [0.5417, -0.839891, 0.0338188]], [[0.553432, 0.80249, 0.222985], [-0.658944, 0.258118, 0.706518], [0.509418, -0.537945, 0.671647]], [[0.553432, 0.80249, 0.222985], [-0.723039, 0.330005, 0.606887], [0.413434, -0.497098, 0.762867]], [[0.553432, 0.80249, 0.222985], [-0.796672, 0.431945, 0.422773], [0.242954, -0.411623, 0.878374]]], "btipPosition": [-0.927798, 153.004, 83.3157], "carpPosition": [-36.3872, 111.208, 145.724], "dipPosition": [-5.27342, 145.641, 99.0268], "direction": [0.413434, 0.497098, -0.762867], "extended": false, "handId": 61, "id": 610, "length": 39.8308, "mcpPosition": [-36.3872, 111.208, 145.724], "pipPosition": [-16.0468, 132.688, 118.906], "stabilizedTipPosition": [1.71896, 154.821, 91.7571], "timeVisible": 5.83626, "tipPosition": [1.67386, 154.217, 91.7676], "tipVelocity": [-0.358397, 0.0245976, 1.35638], "tool": false, "touchDistance": 0.282154, "touchZone": "hovering", "type": 0, "width": 15.2554}, {"bases": [[[0.696268, 0.0881287, -0.712352], [0.559421, 0.555192, 0.615476], [0.449733, -0.82704, 0.337261]], [[0.697051, 0.0866868, -0.711762], [-0.114343, 0.9934, 0.00900811], [0.707846, 0.0751061, 0.702362]], [[0.697051, 0.0866868, -0.711762], [-0.575867, 0.659106, -0.48369], [0.427197, 0.747037, 0.50935]], [[0.697051, 0.0866868, -0.711762], [-0.695373, 0.323815, -0.641561], [0.174864, 0.942141, 0.285995]]], "btipPosition": [11.031, 145.286, 92.638], "carpPosition": [-48.8517, 125.185, 148.691], "dipPosition": [8.7476, 157.589, 96.3725], "direction": [0.427197, -0.747037, -0.50935], "extended": false, "handId": 61, "id": 611, "length": 44.9446, "mcpPosition": [-22.3858, 173.854, 128.843], "pipPosition": [0.856137, 171.388, 105.782], "stabilizedTipPosition": [10.8084, 148.306, 93.4467], "timeVisible": 5.83626, "tipPosition": [12.3708, 154.827, 92.8305], "tipVelocity": [-1.83929, -0.282512, 0.430096], "tool": false, "touchDistance": 0.391615, "touchZone": "hovering", "type": 1, "width": 14.572}, {"bases": [[[0.644989, -0.120364, -0.754653], [0.678818, 0.543806, 0.493439], [0.350992, -0.830535, 0.432454]], [[0.640993, -0.110998, -0.759479], [-0.100134, 0.968938, -0.226123], [0.760987, 0.220993, 0.609968]], [[0.640993, -0.110998, -0.759479], [-0.655294, 0.436068, -0.616794], [0.399647, 0.893042, 0.20678]], [[0.640993, -0.110998, -0.759479], [-0.750556, 0.116398, -0.650474], [0.160603, 0.986981, -0.00869997]]], "btipPosition": [2.4277, 131.814, 91.456], "carpPosition": [-56.1855, 127.189, 142.429], "dipPosition": [0.121111, 145.989, 91.331], "direction": [0.399647, -0.893042, -0.20678], "extended": false, "handId": 61, "id": 612, "length": 51.2108, "mcpPosition": [-36.5976, 173.539, 118.295], "pipPosition": [-8.56442, 165.398, 95.825], "stabilizedTipPosition": [2.64047, 135.317, 91.6375], "timeVisible": 5.83626, "tipPosition": [0.884329, 137.217, 91.947], "tipVelocity": [-4.1775, -2.88483, 2.82906], "tool": false, "touchDistance": 0.357121, "touchZone": "hovering", "type": 2, "width": 14.3116}, {"bases": [[[0.529609, -0.454177, -0.716406], [0.842086, 0.383078, 0.379661], [0.102006, -0.804348, 0.585337]], [[0.512713, -0.350117, -0.783928], [-0.0698677, 0.89303, -0.44454], [0.855712, 0.282693, 0.433406]], [[0.512713, -0.350117, -0.783928], [-0.762694, 0.233531, -0.603125], [0.394236, 0.907128, -0.147298]], [[0.512713, -0.350117, -0.783928], [-0.857272, -0.258756, -0.445117], [-0.0470028, 0.900257, -0.432814]]], "btipPosition": [-33.4654, 126.349, 94.6071], "carpPosition": [-66.5953, 122.1, 125.565], "dipPosition": [-32.8462, 138.208, 88.9054], "direction": [0.394236, -0.907128, 0.147298], "extended": false, "handId": 61, "id": 614, "length": 38.6037, "mcpPosition": [-61.864, 159.408, 98.4159], "pipPosition": [-38.7393, 151.768, 86.7036], "stabilizedTipPosition": [-32.1055, 129.093, 93.1039], "timeVisible": 5.83626, "tipPosition": [-34.3437, 130.216, 95.3891], "tipVelocity": [-4.13051, -1.7142, 2.25382], "tool": false, "touchDistance": 0.388262, "touchZone": "none", "type": 4, "width": 12.0969}], "r": [[0.984218, -0.114469, -0.134948], [0.106396, 0.992157, -0.0656082], [0.1414, 0.0502148, 0.988678]], "s": 0.865863, "t": [13.0558, -9.54514, 8.31858], "timestamp": 17416630963}, {"currentFrameRate": 110.829, "devices": [], "gestures": [], "hands": [{"armBasis": [[0.747062, -0.0277135, -0.664177], [0.664484, 0.0596386, 0.744919], [0.0189663, -0.997835, 0.0629689]], "armWidth": 48.9085, "confidence": 1, "direction": [0.239434, 0.902626, -0.357683], "elbow": [-64.4961, -116.344, 152.645], "grabAngle": 2.69433, "grabStrength": 1, "id": 61, "palmNormal": [0.619901, -0.425656, -0.659196], "palmPosition": [-41.0856, 153.79, 121.65], "palmVelocity": [-1.68977, 0.43096, 2.94385], "palmWidth": 72.7825, "pinchDistance": 13.4862, "pinchStrength": 1, "r": [[0.984261, -0.11437, -0.134723], [0.106284, 0.992157, -0.0657854], [0.14119, 0.0504312, 0.988697]], "s": 0.866361, "sphereCenter": [-12.4856, 151.769, 103.861], "sphereRadius": 28.5149, "stabilizedPalmPosition": [-39.3445, 155.457, 122.348], "t": [-13.0715, -9.55083, 8.33295], "timeVisible": 5.84495, "type": "left", "wrist": [-60.3999, 99.1606, 139.046]}], "id": 39808, "interactionBox": {"center": [0, 200, 0], "size": [235.247, 235.247, 147.751]}, "pointables": [{"bases": [[[0.636683, -0.281466, -0.717922], [0.734029, 0.506503, 0.45239], [0.236297, -0.815004, 0.529086]], [[0.649707, -0.32983, -0.684904], [-0.145275, 0.830493, -0.537751], [0.746174, 0.44888, 0.491661]], [[0.649707, -0.32983, -0.684904], [-0.727634, -0.00899924, -0.685907], [0.220069, 0.943997, -0.245842]], [[0.649707, -0.32983, -0.684904], [-0.73974, -0.48186, -0.469675], [-0.175115, 0.811802, -0.557057]]], "btipPosition": [-23.2782, 120.866, 104.989], "carpPosition": [-62.7563, 126.936, 135.129], "dipPosition": [-20.7776, 132.458, 97.0348], "direction": [0.220069, -0.943997, 0.245842], "extended": false, "handId": 61, "id": 613, "length": 49.2406, "mcpPosition": [-50.9166, 167.772, 108.619], "pipPosition": [-25.4368, 152.444, 91.8299], "stabilizedTipPosition": [-25.3835, 124.823, 104.854], "timeVisible": 5.84495, "tipPosition": [-26.7669, 125.229, 105.15], "tipVelocity": [-2.15185, 3.57519, -0.100914], "tool": false, "touchDistance": 0.552663, "touchZone": "none", "type": 3, "width": 13.6184}, {"bases": [[[0.808429, 0.531139, 0.25364], [-0.230718, -0.110482, 0.966728], [0.54149, -0.840051, 0.0332262]], [[0.553514, 0.802212, 0.223781], [-0.659007, 0.257579, 0.706656], [0.509247, -0.538617, 0.671237]], [[0.553514, 0.802212, 0.223781], [-0.722942, 0.3294, 0.607331], [0.413495, -0.497947, 0.76228]], [[0.553514, 0.802212, 0.223781], [-0.796514, 0.431413, 0.423614], [0.243286, -0.412721, 0.877766]]], "btipPosition": [-0.926133, 153.057, 83.3466], "carpPosition": [-36.3862, 111.192, 145.712], "dipPosition": [-5.2777, 145.674, 99.0468], "direction": [0.413495, 0.497947, -0.76228], "extended": false, "handId": 61, "id": 610, "length": 39.8308, "mcpPosition": [-36.3862, 111.192, 145.712], "pipPosition": [-16.0526, 132.699, 118.91], "stabilizedTipPosition": [1.71069, 154.814, 91.7463], "timeVisible": 5.84495, "tipPosition": [1.64604, 154.251, 91.7754], "tipVelocity": [0.0344062, 5.58396, 3.26314], "tool": false, "touchDistance": 0.282627, "touchZone": "hovering", "type": 0, "width": 15.2554}, {"bases": [[[0.696448, 0.0885656, -0.712121], [0.559417, 0.554533, 0.616072], [0.449458, -0.827435, 0.336659]], [[0.697354, 0.0868956, -0.71144], [-0.114186, 0.993415, 0.0094106], [0.707573, 0.0746742, 0.702684]], [[0.697354, 0.0868956, -0.71144], [-0.575631, 0.659301, -0.483706], [0.427021, 0.746841, 0.509786]], [[0.697354, 0.0868956, -0.71144], [-0.69513, 0.323839, -0.641813], [0.174621, 0.942113, 0.286234]]], "btipPosition": [10.9976, 145.306, 92.6547], "carpPosition": [-48.8534, 125.164, 148.694], "dipPosition": [8.71744, 157.608, 96.3924], "direction": [0.427021, -0.746841, -0.509786], "extended": false, "handId": 61, "id": 611, "length": 44.9446, "mcpPosition": [-22.4037, 173.857, 128.882], "pipPosition": [0.829242, 171.405, 105.809], "stabilizedTipPosition": [10.7913, 148.298, 93.4502], "timeVisible": 5.84495, "tipPosition": [12.3462, 154.857, 92.8461], "tipVelocity": [-3.75071, 2.32393, 2.00907], "tool": false, "touchDistance": 0.391907, "touchZone": "hovering", "type": 1, "width": 14.572}, {"bases": [[[0.645129, -0.119879, -0.754611], [0.678839, 0.543222, 0.494052], [0.350695, -0.830986, 0.431827]], [[0.641222, -0.110708, -0.759327], [-0.0999307, 0.969064, -0.225675], [0.76082, 0.220588, 0.610322]], [[0.641222, -0.110708, -0.759327], [-0.655139, 0.436234, -0.616841], [0.399534, 0.892997, 0.207193]], [[0.641222, -0.110708, -0.759327], [-0.750318, 0.1169, -0.650659], [0.160799, 0.986954, -0.00810776]]], "btipPosition": [2.40172, 131.838, 91.4668], "carpPosition": [-56.1891, 127.171, 142.435], "dipPosition": [0.0923081, 146.013, 91.3504], "direction": [0.399534, -0.892997, -0.207193], "extended": false, "handId": 61, "id": 612, "length": 51.2108, "mcpPosition": [-36.6178, 173.546, 118.336], "pipPosition": [-8.59075, 165.42, 95.8533], "stabilizedTipPosition": [2.62646, 135.313, 91.6339], "timeVisible": 5.84495, "tipPosition": [0.868513, 137.252, 91.9484], "tipVelocity": [-3.06443, 2.7422, 1.4723], "tool": false, "touchDistance": 0.357334, "touchZone": "hovering", "type": 2, "width": 14.3116}, {"bases": [[[0.529659, -0.453696, -0.716674], [0.842094, 0.382551, 0.380174], [0.101681, -0.804869, 0.584676]], [[0.512807, -0.349589, -0.784102], [-0.0696618, 0.89338, -0.443869], [0.855673, 0.282241, 0.433778]], [[0.512807, -0.349589, -0.784102], [-0.762285, 0.234714, -0.603184], [0.394907, 0.907026, -0.146124]], [[0.512807, -0.349589, -0.784102], [-0.857205, -0.258723, -0.445266], [-0.0472049, 0.900472, -0.432344]]], "btipPosition": [-33.4804, 126.378, 94.6084], "carpPosition": [-66.6014, 122.094, 125.569], "dipPosition": [-32.8585, 138.24, 88.9129], "direction": [0.394907, -0.907026, 0.146124], "extended": false, "handId": 61, "id": 614, "length": 38.6037, "mcpPosition": [-61.8852, 159.426, 98.4509], "pipPosition": [-38.7616, 151.799, 86.7286], "stabilizedTipPosition": [-32.1324, 129.094, 93.1082], "timeVisible": 5.84495, "tipPosition": [-34.3585, 130.244, 95.393], "tipVelocity": [-1.64811, 3.44945, 0.305878], "tool": false, "touchDistance": 0.388307, "touchZone": "none", "type": 4, "width": 12.0969}], "r": [[0.984261, -0.11437, -0.134723], [0.106284, 0.992157, -0.0657854], [0.14119, 0.0504312, 0.988697]], "s": 0.866361, "t": [13.0715, -9.55083, 8.33295], "timestamp": 17416639655}, {"currentFrameRate": 111.033, "devices": [], "gestures": [], "hands": [{"armBasis": [[0.747416, -0.0277929, -0.663775], [0.664094, 0.0593563, 0.74529], [0.0186855, -0.99785, 0.0628209]], "armWidth": 48.9085, "confidence": 1, "direction": [0.239222, 0.902789, -0.357415], "elbow": [-64.4329, -116.356, 152.624], "grabAngle": 2.69496, "grabStrength": 1, "id": 61, "palmNormal": [0.619564, -0.425352, -0.659708], "palmPosition": [-41.0956, 153.79, 121.672], "palmVelocity": [-1.15791, -0.0861511, 2.52736], "palmWidth": 72.7825, "pinchDistance": 13.4448, "pinchStrength": 1, "r": [[0.984308, -0.114285, -0.134448], [0.106205, 0.992163, -0.0658294], [0.140918, 0.0505173, 0.988732]], "s": 0.866695, "sphereCenter": [-12.5156, 151.776, 103.859], "sphereRadius": 28.5097, "stabilizedPalmPosition": [-39.346, 155.455, 122.347], "t": [-13.0844, -9.55404, 8.35106], "timeVisible": 5.8536, "type": "left", "wrist": [-60.3974, 99.152, 139.056]}], "id": 39809, "interactionBox": {"center": [0, 200, 0], "size": [235.247, 235.247, 147.751]}, "pointables": [{"bases": [[[0.637054, -0.281169, -0.717709], [0.733803, 0.506286, 0.452998], [0.235997, -0.815241, 0.528855]], [[0.650059, -0.329549, -0.684705], [-0.14497, 0.830731, -0.537466], [0.745927, 0.448646, 0.49225]], [[0.650059, -0.329549, -0.684705], [-0.727284, -0.00872963, -0.686282], [0.220186, 0.944098, -0.24535]], [[0.650059, -0.329549, -0.684705], [-0.739311, -0.482538, -0.469656], [-0.175621, 0.811514, -0.557317]]], "btipPosition": [-23.3086, 120.88, 104.996], "carpPosition": [-62.7585, 126.929, 135.15], "dipPosition": [-20.8008, 132.468, 97.0374], "direction": [0.220186, -0.944098, 0.24535], "extended": false, "handId": 61, "id": 613, "length": 49.2406, "mcpPosition": [-50.9338, 167.777, 108.652], "pipPosition": [-25.4625, 152.457, 91.8429], "stabilizedTipPosition": [-25.3735, 124.818, 104.848], "timeVisible": 5.8536, "tipPosition": [-26.7813, 125.234, 105.15], "tipVelocity": [-3.33012, 1.58376, 0.631446], "tool": false, "touchDistance": 0.552754, "touchZone": "none", "type": 3, "width": 13.6184}, {"bases": [[[0.808309, 0.531007, 0.254297], [-0.23123, -0.110898, 0.966558], [0.54145, -0.840079, 0.0331453]], [[0.553329, 0.802165, 0.224409], [-0.659281, 0.257101, 0.706574], [0.509093, -0.538916, 0.671114]], [[0.553329, 0.802165, 0.224409], [-0.723035, 0.328779, 0.607557], [0.413579, -0.498434, 0.761916]], [[0.553329, 0.802165, 0.224409], [-0.796554, 0.430796, 0.424166], [0.243576, -0.413457, 0.877339]]], "btipPosition": [-0.921112, 153.083, 83.3694], "carpPosition": [-36.3825, 111.181, 145.713], "dipPosition": [-5.27786, 145.688, 99.062], "direction": [0.413579, 0.498434, -0.761916], "extended": false, "handId": 61, "id": 610, "length": 39.8308, "mcpPosition": [-36.3825, 111.181, 145.713], "pipPosition": [-16.055, 132.7, 118.916], "stabilizedTipPosition": [1.70294, 154.806, 91.7361], "timeVisible": 5.8536, "tipPosition": [1.61104, 154.257, 91.7625], "tipVelocity": [0.442658, 2.73685, 2.44025], "tool": false, "touchDistance": 0.282979, "touchZone": "hovering", "type": 0, "width": 15.2554}, {"bases": [[[0.696826, 0.0888579, -0.711715], [0.559107, 0.55425, 0.616609], [0.449259, -0.827594, 0.336535]], [[0.697729, 0.0871914, -0.711036], [-0.114321, 0.993397, 0.00963491], [0.707181, 0.0745636, 0.70309]], [[0.697729, 0.0871914, -0.711036], [-0.575527, 0.659237, -0.483916], [0.426548, 0.746863, 0.51015]], [[0.697729, 0.0871914, -0.711036], [-0.694918, 0.323416, -0.642254], [0.173962, 0.942231, 0.286248]]], "btipPosition": [10.9607, 145.305, 92.6553], "carpPosition": [-48.8484, 125.151, 148.707], "dipPosition": [8.68913, 157.608, 96.3931], "direction": [0.426548, -0.746863, -0.51015], "extended": false, "handId": 61, "id": 611, "length": 44.9446, "mcpPosition": [-22.4104, 173.853, 128.903], "pipPosition": [0.809662, 171.405, 105.817], "stabilizedTipPosition": [10.7721, 148.289, 93.4537], "timeVisible": 5.8536, "tipPosition": [12.3186, 154.861, 92.8412], "tipVelocity": [-4.04082, -0.156903, 0.0642529], "tool": false, "touchDistance": 0.391916, "touchZone": "hovering", "type": 1, "width": 14.572}, {"bases": [[[0.645523, -0.119567, -0.754323], [0.678592, 0.542989, 0.494647], [0.350446, -0.831184, 0.431649]], [[0.641632, -0.110423, -0.759023], [-0.10002, 0.969087, -0.225534], [0.760463, 0.220627, 0.610753]], [[0.641632, -0.110423, -0.759023], [-0.655055, 0.435908, -0.61716], [0.399012, 0.893192, 0.207359]], [[0.641632, -0.110423, -0.759023], [-0.749994, 0.11698, -0.651018], [0.160678, 0.986976, -0.00775841]]], "btipPosition": [2.36322, 131.833, 91.4704], "carpPosition": [-56.1875, 127.161, 142.454], "dipPosition": [0.0555551, 146.008, 91.359], "direction": [0.399012, -0.893192, -0.207359], "extended": false, "handId": 61, "id": 612, "length": 51.2108, "mcpPosition": [-36.6301, 173.547, 118.364], "pipPosition": [-8.61618, 165.42, 95.8655], "stabilizedTipPosition": [2.61102, 135.308, 91.6302], "timeVisible": 5.8536, "tipPosition": [0.845002, 137.262, 91.94], "tipVelocity": [-4.40507, -0.589853, 0.551937], "tool": false, "touchDistance": 0.357413, "touchZone": "hovering", "type": 2, "width": 14.3116}, {"bases": [[[0.530025, -0.453397, -0.716592], [0.841903, 0.382364, 0.380785], [0.101352, -0.805127, 0.584379]], [[0.513211, -0.349262, -0.783984], [-0.069414, 0.893571, -0.443523], [0.855451, 0.28204, 0.434347]], [[0.513211, -0.349262, -0.783984], [-0.761923, 0.235082, -0.603498], [0.395079, 0.907057, -0.145464]], [[0.513211, -0.349262, -0.783984], [-0.856957, -0.258893, -0.445645], [-0.0473209, 0.90055, -0.432169]]], "btipPosition": [-33.5077, 126.391, 94.6161], "carpPosition": [-66.6085, 122.091, 125.591], "dipPosition": [-32.8843, 138.254, 88.9229], "direction": [0.395079, -0.907057, 0.145464], "extended": false, "handId": 61, "id": 614, "length": 38.6037, "mcpPosition": [-61.9076, 159.435, 98.4862], "pipPosition": [-38.79, 151.813, 86.7485], "stabilizedTipPosition": [-32.16, 129.094, 93.1126], "timeVisible": 5.8536, "tipPosition": [-34.3816, 130.254, 95.4006], "tipVelocity": [-3.12169, 1.50369, 0.956661], "tool": false, "touchDistance": 0.388444, "touchZone": "none", "type": 4, "width": 12.0969}], "r": [[0.984308, -0.114285, -0.134448], [0.106205, 0.992163, -0.0658294], [0.140918, 0.0505173, 0.988732]], "s": 0.866695, "t": [13.0844, -9.55404, 8.35106], "timestamp": 17416648302}, {"currentFrameRate": 111.256, "devices": [], "gestures": [], "hands": [{"armBasis": [[0.747858, -0.0277929, -0.663277], [0.663606, 0.0588901, 0.745761], [0.0183336, -0.997877, 0.062485]], "armWidth": 48.9085, "confidence": 1, "direction": [0.239006, 0.902874, -0.357344], "elbow": [-64.3678, -116.358, 152.576], "grabAngle": 2.69546, "grabStrength": 1, "id": 61, "palmNormal": [0.619128, -0.425198, -0.660217], "palmPosition": [-41.1196, 153.798, 121.699], "palmVelocity": [-2.79065, 0.926728, 3.13837], "palmWidth": 72.7825, "pinchDistance": 13.405, "pinchStrength": 1, "r": [[0.984364, -0.114207, -0.134107], [0.106148, 0.992171, -0.065801], [0.140572, 0.050537, 0.98878]], "s": 0.866998, "sphereCenter": [-12.5627, 151.786, 103.857], "sphereRadius": 28.5052, "stabilizedPalmPosition": [-39.3474, 155.454, 122.347], "t": [-13.1028, -9.55166, 8.3736], "timeVisible": 5.86219, "type": "left", "wrist": [-60.4082, 99.1554, 139.081]}], "id": 39810, "interactionBox": {"center": [0, 200, 0], "size": [235.247, 235.247, 147.751]}, "pointables": [{"bases": [[[0.637525, -0.280978, -0.717365], [0.7335, 0.506185, 0.453601], [0.235668, -0.81537, 0.528803]], [[0.65051, -0.329365, -0.684365], [-0.144636, 0.830863, -0.537351], [0.745599, 0.448536, 0.492847]], [[0.65051, -0.329365, -0.684365], [-0.726859, -0.00866273, -0.686732], [0.220257, 0.944163, -0.245037]], [[0.65051, -0.329365, -0.684365], [-0.738778, -0.483445, -0.469562], [-0.176196, 0.811048, -0.557814]]], "btipPosition": [-23.3587, 120.901, 105.013], "carpPosition": [-62.7742, 126.934, 135.185], "dipPosition": [-20.8427, 132.482, 97.0472], "direction": [0.220257, -0.944163, 0.245037], "extended": false, "handId": 61, "id": 613, "length": 49.2406, "mcpPosition": [-50.966, 167.788, 108.689], "pipPosition": [-25.5059, 152.472, 91.8594], "stabilizedTipPosition": [-25.363, 124.813, 104.841], "timeVisible": 5.86219, "tipPosition": [-26.8123, 125.244, 105.159], "tipVelocity": [-5.60693, 2.20244, 1.78423], "tool": false, "touchDistance": 0.553009, "touchZone": "none", "type": 3, "width": 13.6184}, {"bases": [[[0.808135, 0.530958, 0.254955], [-0.231856, -0.111144, 0.96638], [0.541444, -0.840078, 0.0332862]], [[0.553119, 0.802154, 0.224962], [-0.659608, 0.256717, 0.706409], [0.508898, -0.539115, 0.671102]], [[0.553119, 0.802154, 0.224962], [-0.723151, 0.328207, 0.607728], [0.413658, -0.498827, 0.761616]], [[0.553119, 0.802154, 0.224962], [-0.79659, 0.430165, 0.424738], [0.243935, -0.414133, 0.87692]]], "btipPosition": [-0.929568, 153.115, 83.3984], "carpPosition": [-36.3916, 111.183, 145.726], "dipPosition": [-5.29274, 145.708, 99.0835], "direction": [0.413658, 0.498827, -0.761616], "extended": false, "handId": 61, "id": 610, "length": 39.8308, "mcpPosition": [-36.3916, 111.183, 145.726], "pipPosition": [-16.0719, 132.709, 118.93], "stabilizedTipPosition": [1.6956, 154.799, 91.7265], "timeVisible": 5.86219, "tipPosition": [1.55668, 154.263, 91.747], "tipVelocity": [-1.15554, 3.4122, 3.17119], "tool": false, "touchDistance": 0.283433, "touchZone": "hovering", "type": 0, "width": 15.2554}, {"bases": [[[0.697286, 0.0890488, -0.71124], [0.558697, 0.554105, 0.617111], [0.449055, -0.82767, 0.336619]], [[0.698221, 0.0873235, -0.710537], [-0.114367, 0.993391, 0.00970148], [0.706688, 0.074488, 0.703593]], [[0.698221, 0.0873235, -0.710537], [-0.57512, 0.659454, -0.484105], [0.426292, 0.746656, 0.510666]], [[0.698221, 0.0873235, -0.710537], [-0.694466, 0.323579, -0.642661], [0.173795, 0.942163, 0.286573]]], "btipPosition": [10.9187, 145.318, 92.6448], "carpPosition": [-48.8554, 125.152, 148.732], "dipPosition": [8.64928, 157.62, 96.3869], "direction": [0.426292, -0.746656, -0.510666], "extended": false, "handId": 61, "id": 611, "length": 44.9446, "mcpPosition": [-22.4294, 173.859, 128.923], "pipPosition": [0.77454, 171.413, 105.82], "stabilizedTipPosition": [10.7513, 148.281, 93.4566], "timeVisible": 5.86219, "tipPosition": [12.2756, 154.875, 92.8338], "tipVelocity": [-4.83093, 1.48926, -1.0997], "tool": false, "touchDistance": 0.391758, "touchZone": "hovering", "type": 1, "width": 14.572}, {"bases": [[[0.646015, -0.119366, -0.753934], [0.678261, 0.542877, 0.495224], [0.35018, -0.831286, 0.431668]], [[0.642186, -0.11036, -0.758563], [-0.0999865, 0.969068, -0.225632], [0.76, 0.220744, 0.611288]], [[0.642186, -0.11036, -0.758563], [-0.654762, 0.435606, -0.617685], [0.398602, 0.893347, 0.207481]], [[0.642186, -0.11036, -0.758563], [-0.749505, 0.117116, -0.651557], [0.160746, 0.986967, -0.00750469]]], "btipPosition": [2.31242, 131.834, 91.4735], "carpPosition": [-56.1985, 127.164, 142.484], "dipPosition": [0.00377018, 146.009, 91.3657], "direction": [0.398602, -0.893347, -0.207481], "extended": false, "handId": 61, "id": 612, "length": 51.2108, "mcpPosition": [-36.6559, 173.556, 118.393], "pipPosition": [-8.65904, 165.424, 95.8749], "stabilizedTipPosition": [2.594, 135.304, 91.6265], "timeVisible": 5.86219, "tipPosition": [0.802583, 137.274, 91.935], "tipVelocity": [-5.9374, 0.133431, 0.45279], "tool": false, "touchDistance": 0.357478, "touchZone": "hovering", "type": 2, "width": 14.3116}, {"bases": [[[0.530499, -0.453208, -0.716362], [0.841649, 0.382283, 0.381427], [0.100987, -0.805272, 0.584243]], [[0.513729, -0.349072, -0.783729], [-0.0692603, 0.893633, -0.443422], [0.855152, 0.28208, 0.434909]], [[0.513729, -0.349072, -0.783729], [-0.761517, 0.235243, -0.603947], [0.395188, 0.907089, -0.144973]], [[0.513729, -0.349072, -0.783729], [-0.856625, -0.259486, -0.445937], [-0.0477029, 0.900453, -0.432329]]], "btipPosition": [-33.5581, 126.405, 94.6376], "carpPosition": [-66.6305, 122.099, 125.627], "dipPosition": [-32.9297, 138.267, 88.9423], "direction": [0.395188, -0.907089, 0.144973], "extended": false, "handId": 61, "id": 614, "length": 38.6037, "mcpPosition": [-61.9465, 159.449, 98.5281], "pipPosition": [-38.837, 151.826, 86.7752], "stabilizedTipPosition": [-32.1877, 129.095, 93.1174], "timeVisible": 5.86219, "tipPosition": [-34.4225, 130.268, 95.4162], "tipVelocity": [-5.73105, 1.57992, 2.44412], "tool": false, "touchDistance": 0.388795, "touchZone": "none", "type": 4, "width": 12.0969}], "r": [[0.984364, -0.114207, -0.134107], [0.106148, 0.992171, -0.065801], [0.140572, 0.050537, 0.98878]], "s": 0.866998, "t": [13.1028, -9.55166, 8.3736], "timestamp": 17416656897}, {"currentFrameRate": 111.378, "devices": [], "gestures": [], "hands": [{"armBasis": [[0.748271, -0.0277491, -0.662812], [0.663146, 0.0585195, 0.746199], [0.0180811, -0.997901, 0.0621902]], "armWidth": 48.9085, "confidence": 1, "direction": [0.238586, 0.903071, -0.357127], "elbow": [-64.306, -116.391, 152.522], "grabAngle": 2.69632, "grabStrength": 1, "id": 61, "palmNormal": [0.618801, -0.424796, -0.660783], "palmPosition": [-41.1351, 153.781, 121.717], "palmVelocity": [-1.7695, -1.88699, 2.13941], "palmWidth": 72.7825, "pinchDistance": 13.3658, "pinchStrength": 1, "r": [[0.98442, -0.114175, -0.133718], [0.106152, 0.992178, -0.0656839], [0.140172, 0.0504661, 0.98884]], "s": 0.867301, "sphereCenter": [-12.6022, 151.781, 103.847], "sphereRadius": 28.5006, "stabilizedPalmPosition": [-39.3489, 155.453, 122.346], "t": [-13.1198, -9.55875, 8.39425], "timeVisible": 5.87095, "type": "left", "wrist": [-60.401, 99.1278, 139.091]}], "id": 39811, "interactionBox": {"center": [0, 200, 0], "size": [235.247, 235.247, 147.751]}, "pointables": [{"bases": [[[0.637919, -0.280822, -0.717076], [0.733321, 0.505843, 0.454272], [0.235158, -0.815636, 0.52862]], [[0.650873, -0.329225, -0.684087], [-0.144118, 0.831113, -0.537104], [0.745382, 0.448175, 0.493502]], [[0.650873, -0.329225, -0.684087], [-0.726554, -0.0087756, -0.687054], [0.220192, 0.944211, -0.244912]], [[0.650873, -0.329225, -0.684087], [-0.738336, -0.484235, -0.469443], [-0.176707, 0.810634, -0.558254]]], "btipPosition": [-23.4015, 120.905, 105.025], "carpPosition": [-62.7755, 126.907, 135.206], "dipPosition": [-20.8782, 132.48, 97.0529], "direction": [0.220192, -0.944211, 0.244912], "extended": false, "handId": 61, "id": 613, "length": 49.2406, "mcpPosition": [-50.9927, 167.775, 108.719], "pipPosition": [-25.54, 152.471, 91.8677], "stabilizedTipPosition": [-25.3519, 124.808, 104.834], "timeVisible": 5.87095, "tipPosition": [-26.8251, 125.234, 105.153], "tipVelocity": [-4.69309, 0.28756, 1.1993], "tool": false, "touchDistance": 0.553185, "touchZone": "none", "type": 3, "width": 13.6184}, {"bases": [[[0.808086, 0.530681, 0.255684], [-0.232492, -0.111489, 0.966187], [0.541243, -0.840207, 0.0332864]], [[0.55309, 0.801987, 0.225631], [-0.659842, 0.256342, 0.706327], [0.508626, -0.539543, 0.670964]], [[0.55309, 0.801987, 0.225631], [-0.723158, 0.327669, 0.608009], [0.413683, -0.49945, 0.761194]], [[0.55309, 0.801987, 0.225631], [-0.79654, 0.429671, 0.425332], [0.244164, -0.41497, 0.876461]]], "btipPosition": [-0.926839, 153.138, 83.4215], "carpPosition": [-36.3828, 111.158, 145.725], "dipPosition": [-5.29409, 145.716, 99.0984], "direction": [0.413683, 0.49945, -0.761194], "extended": false, "handId": 61, "id": 610, "length": 39.8308, "mcpPosition": [-36.3828, 111.158, 145.725], "pipPosition": [-16.0739, 132.701, 118.934], "stabilizedTipPosition": [1.68889, 154.793, 91.7178], "timeVisible": 5.87095, "tipPosition": [1.51066, 154.258, 91.7233], "tipVelocity": [0.204168, 2.2275, 2.41884], "tool": false, "touchDistance": 0.283786, "touchZone": "hovering", "type": 0, "width": 15.2554}, {"bases": [[[0.697756, 0.0891897, -0.710762], [0.558424, 0.553734, 0.617691], [0.448664, -0.827903, 0.336565]], [[0.698555, 0.0877123, -0.71016], [-0.114213, 0.993402, 0.010349], [0.706382, 0.0738803, 0.703964]], [[0.698555, 0.0877123, -0.71016], [-0.574805, 0.659871, -0.483911], [0.426169, 0.746242, 0.511374]], [[0.698555, 0.0877123, -0.71016], [-0.6942, 0.32373, -0.642872], [0.173512, 0.942075, 0.287033]]], "btipPosition": [10.8875, 145.331, 92.6286], "carpPosition": [-48.8476, 125.123, 148.744], "dipPosition": [8.62174, 157.633, 96.3767], "direction": [0.426169, -0.746242, -0.511374], "extended": false, "handId": 61, "id": 611, "length": 44.9446, "mcpPosition": [-22.4446, 173.843, 128.938], "pipPosition": [0.749276, 171.418, 105.823], "stabilizedTipPosition": [10.7301, 148.274, 93.4584], "timeVisible": 5.87095, "tipPosition": [12.2406, 154.878, 92.8195], "tipVelocity": [-3.46708, 1.48401, -1.68913], "tool": false, "touchDistance": 0.391512, "touchZone": "hovering", "type": 1, "width": 14.572}, {"bases": [[[0.646467, -0.119197, -0.753573], [0.678063, 0.54253, 0.495875], [0.349729, -0.831537, 0.431551]], [[0.642588, -0.110059, -0.758266], [-0.0999105, 0.969145, -0.225336], [0.75967, 0.220557, 0.611765]], [[0.642588, -0.110059, -0.758266], [-0.654814, 0.434999, -0.618057], [0.397868, 0.893679, 0.207457]], [[0.642588, -0.110059, -0.758266], [-0.749268, 0.116708, -0.651902], [0.160244, 0.987049, -0.0074685]]], "btipPosition": [2.25529, 131.818, 91.4799], "carpPosition": [-56.1951, 127.136, 142.501], "dipPosition": [-0.0461499, 145.995, 91.3726], "direction": [0.397868, -0.893679, -0.207457], "extended": false, "handId": 61, "id": 612, "length": 51.2108, "mcpPosition": [-36.6777, 173.542, 118.417], "pipPosition": [-8.69302, 165.417, 95.8813], "stabilizedTipPosition": [2.57503, 135.299, 91.6228], "timeVisible": 5.87095, "tipPosition": [0.77423, 137.273, 91.9193], "tipVelocity": [-6.3293, -1.76748, 0.744237], "tool": false, "touchDistance": 0.357587, "touchZone": "hovering", "type": 2, "width": 14.3116}, {"bases": [[[0.530855, -0.453029, -0.71621], [0.841489, 0.381947, 0.382116], [0.100445, -0.805531, 0.583978]], [[0.514153, -0.34887, -0.783541], [-0.0688517, 0.893803, -0.443143], [0.854931, 0.281792, 0.435531]], [[0.514153, -0.34887, -0.783541], [-0.761284, 0.235185, -0.604264], [0.395087, 0.907181, -0.144668]], [[0.514153, -0.34887, -0.783541], [-0.856354, -0.259941, -0.446194], [-0.048011, 0.9004, -0.432406]]], "btipPosition": [-33.6011, 126.4, 94.6515], "carpPosition": [-66.6368, 122.075, 125.649], "dipPosition": [-32.9686, 138.262, 88.9552], "direction": [0.395087, -0.907181, 0.144668], "extended": false, "handId": 61, "id": 614, "length": 38.6037, "mcpPosition": [-61.9779, 159.437, 98.5624], "pipPosition": [-38.8744, 151.822, 86.7927], "stabilizedTipPosition": [-32.2165, 129.096, 93.1224], "timeVisible": 5.87095, "tipPosition": [-34.4485, 130.263, 95.4187], "tipVelocity": [-4.79373, -0.523116, 1.55846], "tool": false, "touchDistance": 0.389022, "touchZone": "none", "type": 4, "width": 12.0969}], "r": [[0.98442, -0.114175, -0.133718], [0.106152, 0.992178, -0.0656839], [0.140172, 0.0504661, 0.98884]], "s": 0.867301, "t": [13.1198, -9.55875, 8.39425], "timestamp": 17416665661}, {"currentFrameRate": 111.618, "devices": [], "gestures": [], "hands": [{"armBasis": [[0.748143, -0.0277152, -0.662959], [0.663299, 0.0580186, 0.746102], [0.0177856, -0.997931, 0.0617896]], "armWidth": 48.9085, "confidence": 1, "direction": [0.238034, 0.903279, -0.356969], "elbow": [-64.2325, -116.396, 152.465], "grabAngle": 2.69719, "grabStrength": 1, "id": 61, "palmNormal": [0.619186, -0.424292, -0.660746], "palmPosition": [-41.1562, 153.797, 121.759], "palmVelocity": [-2.46919, 1.90821, 4.93556], "palmWidth": 72.7825, "pinchDistance": 13.338, "pinchStrength": 1, "r": [[0.984446, -0.114278, -0.13344], [0.106287, 0.992171, -0.0655668], [0.139889, 0.050364, 0.988886]], "s": 0.86758, "sphereCenter": [-12.6269, 151.819, 103.889], "sphereRadius": 28.4975, "stabilizedPalmPosition": [-39.3501, 155.452, 122.346], "t": [-13.1388, -9.55414, 8.42564], "timeVisible": 5.87949, "type": "left", "wrist": [-60.3913, 99.1288, 139.12]}], "id": 39812, "interactionBox": {"center": [0, 200, 0], "size": [235.247, 235.247, 147.751]}, "pointables": [{"bases": [[[0.637622, -0.281153, -0.717211], [0.733729, 0.50529, 0.454229], [0.234691, -0.815864, 0.528474]], [[0.650548, -0.32957, -0.684231], [-0.143642, 0.831282, -0.53697], [0.745758, 0.447609, 0.493449]], [[0.650548, -0.32957, -0.684231], [-0.726775, -0.0086709, -0.686821], [0.220423, 0.944091, -0.245164]], [[0.650548, -0.32957, -0.684231], [-0.738446, -0.484988, -0.468492], [-0.177443, 0.810043, -0.558877]]], "btipPosition": [-23.4228, 120.946, 105.083], "carpPosition": [-62.7805, 126.907, 135.241], "dipPosition": [-20.889, 132.514, 97.1026], "direction": [0.220423, -0.944091, 0.245164], "extended": false, "handId": 61, "id": 613, "length": 49.2406, "mcpPosition": [-51.0212, 167.786, 108.762], "pipPosition": [-25.5557, 152.502, 91.9121], "stabilizedTipPosition": [-25.3429, 124.803, 104.829], "timeVisible": 5.87949, "tipPosition": [-26.8172, 125.259, 105.19], "tipVelocity": [-2.21144, 4.65998, 6.62068], "tool": false, "touchDistance": 0.554127, "touchZone": "none", "type": 3, "width": 13.6184}, {"bases": [[[0.808481, 0.530104, 0.255632], [-0.23242, -0.111463, 0.966208], [0.540684, -0.