{"frames": 52, "data": [{"currentFrameRate": 114.713, "devices": [], "gestures": [], "hands": [{"armBasis": [[0.921204, 0.332548, -0.201977], [0.20793, 0.017991, 0.977978], [0.328859, -0.942915, -0.0525735]], "armWidth": 48.4718, "confidence": 1, "direction": [0.211398, -0.146534, -0.966353], "elbow": [-120.587, -118.512, 96.0308], "grabAngle": 0.39506, "grabStrength": 0, "id": 105, "palmNormal": [0.0132406, -0.988178, 0.15274], "palmPosition": [-23.7531, 94.0198, 53.9552], "palmVelocity": [10.3703, 26.2572, -11.4134], "palmWidth": 75.6254, "pinchDistance": 68.5345, "pinchStrength": 0, "r": [[-0.465152, -0.129787, 0.875665], [0.78397, 0.399013, 0.475584], [-0.411126, 0.907714, -0.0838529]], "s": 1.47308, "sphereCenter": [-9.82458, 90.8738, 20.1395], "sphereRadius": 48.7831, "stabilizedPalmPosition": [-25.0889, 92.8689, 54.8624], "t": [-51.5991, -78.4092, -101.932], "timeVisible": 7.25049, "type": "left", "wrist": [-46.789, 93.0854, 107.829]}], "id": 70969, "interactionBox": {"center": [0, 200, 0], "size": [235.247, 235.247, 147.751]}, "pointables": [{"bases": [[[0.363859, 0.837118, -0.408461], [-0.698111, 0.535397, 0.475386], [0.616643, 0.112178, 0.77921]], [[0.262597, 0.809147, -0.525665], [-0.403197, 0.586958, 0.702077], [0.876627, 0.0275837, 0.480379]], [[0.262597, 0.809147, -0.525665], [-0.561075, 0.571261, 0.599046], [0.785008, 0.13763, 0.604003]], [[0.262597, 0.809147, -0.525665], [-0.600678, 0.563432, 0.567212], [0.755135, 0.166807, 0.633993]]], "btipPosition": [55.1983, 88.4359, 56.1477], "carpPosition": [-16.8062, 96.4737, 104.49], "dipPosition": [41.0266, 91.5664, 68.0459], "direction": [0.785008, -0.13763, -0.604003], "extended": true, "handId": 105, "id": 1050, "length": 41.7916, "mcpPosition": [-16.8062, 96.4737, 104.49], "pipPosition": [19.5637, 95.3293, 84.5599], "stabilizedTipPosition": [50.5263, 89.8822, 60.7597], "timeVisible": 7.25049, "tipPosition": [50.2215, 91.2188, 56.7574], "tipVelocity": [7.40848, -13.1563, 1.47095], "tool": false, "touchDistance": 0.288462, "touchZone": "hovering", "type": 0, "width": 14.778}, {"bases": [[[0.927942, -0.0690473, -0.366274], [-0.0421611, 0.95694, -0.287209], [0.370333, 0.281956, 0.885073]], [[0.943768, -0.0562019, -0.325798], [-0.00246635, 0.984221, -0.176928], [0.3306, 0.167782, 0.928737]], [[0.943768, -0.0562019, -0.325798], [-0.0894138, 0.905331, -0.415188], [0.318289, 0.420971, 0.849397]], [[0.943768, -0.0562019, -0.325798], [-0.193759, 0.704446, -0.682799], [0.267881, 0.707529, 0.653943]]], "btipPosition": [22.1808, 70.0538, -19.5116], "carpPosition": [-21.6926, 110.928, 92.0262], "dipPosition": [18.5106, 79.7475, -10.5521], "direction": [0.318289, -0.420971, -0.849397], "extended": true, "handId": 105, "id": 1051, "length": 47.1572, "mcpPosition": [0.951957, 93.6871, 37.907], "pipPosition": [12.3415, 87.9068, 5.91097], "stabilizedTipPosition": [21.0015, 73.1362, -17.3576], "timeVisible": 7.25049, "tipPosition": [19.2841, 73.4917, -19.1176], "tipVelocity": [-7.64384, -46.6506, 3.7234], "tool": false, "touchDistance": 0.331785, "touchZone": "hovering", "type": 1, "width": 14.1159}, {"bases": [[[0.962944, -0.192436, -0.188965], [0.123466, 0.937448, -0.325496], [0.239782, 0.290104, 0.926469]], [[0.972636, -0.179372, -0.147664], [0.150921, 0.971001, -0.185418], [0.176641, 0.158059, 0.971502]], [[0.972636, -0.179372, -0.147664], [0.103582, 0.903691, -0.415467], [0.207966, 0.388803, 0.897543]], [[0.972636, -0.179372, -0.147664], [0.0296161, 0.726105, -0.686945], [0.230439, 0.663774, 0.711549]]], "btipPosition": [-1.89974, 69.6448, -34.9836], "carpPosition": [-30.8461, 111.445, 87.4784], "dipPosition": [-5.37225, 79.6473, -24.2612], "direction": [0.207966, -0.388803, -0.897543], "extended": true, "handId": 105, "id": 1052, "length": 53.7318, "mcpPosition": [-16.9419, 94.6223, 33.7553], "pipPosition": [-10.1145, 88.5131, -3.79464], "stabilizedTipPosition": [-3.01971, 72.6322, -32.5315], "timeVisible": 7.25049, "tipPosition": [-3.53326, 73.887, -33.9495], "tipVelocity": [-1.25827, -42.7273, 7.28945], "tool": false, "touchDistance": 0.334534, "touchZone": "hovering", "type": 2, "width": 13.8637}, {"bases": [[[0.975668, -0.217765, -0.0254889], [0.19953, 0.930074, -0.308465], [0.0908794, 0.295874, 0.950894]], [[0.972386, -0.226822, -0.0549215], [0.21742, 0.965983, -0.140019], [0.0848126, 0.124211, 0.988624]], [[0.972386, -0.226822, -0.0549215], [0.1954, 0.919964, -0.339832], [0.127607, 0.319717, 0.938881]], [[0.972386, -0.226822, -0.0549215], [0.160108, 0.819589, -0.550127], [0.169794, 0.526143, 0.833273]]], "btipPosition": [-27.4103, 75.1537, -33.5843], "carpPosition": [-40.559, 109.993, 84.6831], "dipPosition": [-29.9542, 83.0366, -21.0997], "direction": [0.127607, -0.319717, -0.938881], "extended": true, "handId": 105, "id": 1053, "length": 51.6646, "mcpPosition": [-35.8276, 94.589, 35.1771], "pipPosition": [-32.7889, 90.1388, -0.243457], "stabilizedTipPosition": [-28.6485, 77.7775, -30.7437], "timeVisible": 7.25049, "tipPosition": [-29.3405, 78.2169, -31.25], "tipVelocity": [17.7114, -48.8223, 10.8612], "tool": false, "touchDistance": 0.313736, "touchZone": "hovering", "type": 3, "width": 13.1922}, {"bases": [[[0.93316, -0.332718, 0.136058], [0.356092, 0.907342, -0.223445], [-0.049107, 0.256959, 0.965174]], [[0.931543, -0.325836, 0.161428], [0.330617, 0.943761, -0.00292378], [-0.151397, 0.0560943, 0.98688]], [[0.931543, -0.325836, 0.161428], [0.358525, 0.897137, -0.25808], [-0.0607311, 0.298288, 0.952542]], [[0.931543, -0.325836, 0.161428], [0.358012, 0.744074, -0.564075], [0.0636817, 0.583253, 0.80979]]], "btipPosition": [-57.2723, 76.9795, -15.1634], "carpPosition": [-50.5406, 103.694, 85.4669], "dipPosition": [-58.1525, 85.0412, -3.97042], "direction": [-0.0607311, -0.298288, -0.952542], "extended": true, "handId": 105, "id": 1054, "length": 40.5041, "mcpPosition": [-52.9073, 91.3101, 38.9515], "pipPosition": [-57.2, 89.7196, 10.9693], "stabilizedTipPosition": [-58.5965, 78.9962, -12.2441], "timeVisible": 7.25049, "tipPosition": [-58.5433, 80.612, -13.642], "tipVelocity": [23.2827, -11.0703, -0.995635], "tool": false, "touchDistance": 0.3041, "touchZone": "hovering", "type": 4, "width": 11.7183}], "r": [[-0.465152, -0.129787, 0.875665], [0.78397, 0.399013, 0.475584], [-0.411126, 0.907714, -0.0838529]], "s": 1.47308, "t": [51.5991, -78.4092, -101.932], "timestamp": 17691587483}, {"currentFrameRate": 115.053, "devices": [], "gestures": [], "hands": [{"armBasis": [[0.919148, 0.337043, -0.203887], [0.20852, 0.0228182, 0.977752], [0.334197, -0.941213, -0.0493067]], "armWidth": 48.4718, "confidence": 1, "direction": [0.211453, -0.151326, -0.965602], "elbow": [-121.75, -117.508, 96.6248], "grabAngle": 0.401649, "grabStrength": 0, "id": 105, "palmNormal": [0.00908782, -0.987595, 0.156762], "palmPosition": [-23.6576, 94.3208, 53.8339], "palmVelocity": [11.7728, 37.1064, -14.9441], "palmWidth": 75.6254, "pinchDistance": 68.5991, "pinchStrength": 0, "r": [[-0.464176, -0.128452, 0.87638], [0.783517, 0.401899, 0.473897], [-0.413089, 0.90663, -0.0859075]], "s": 1.47153, "sphereCenter": [-9.7276, 89.1878, 20.552], "sphereRadius": 48.7023, "stabilizedPalmPosition": [-25.0051, 92.9539, 54.8022], "t": [-51.496, -78.1563, -102.055], "timeVisible": 7.25861, "type": "left", "wrist": [-46.7539, 93.7077, 107.69]}], "id": 70970, "interactionBox": {"center": [0, 200, 0], "size": [235.247, 235.247, 147.751]}, "pointables": [{"bases": [[[0.360148, 0.836933, -0.412112], [-0.699975, 0.534463, 0.473692], [0.616707, 0.117869, 0.778318]], [[0.259099, 0.808138, -0.528943], [-0.404611, 0.588092, 0.700312], [0.877016, 0.0325655, 0.479356]], [[0.259099, 0.808138, -0.528943], [-0.563427, 0.571274, 0.596822], [0.784485, 0.143385, 0.603344]], [[0.259099, 0.808138, -0.528943], [-0.601993, 0.56338, 0.565869], [0.755296, 0.171804, 0.632465]]], "btipPosition": [55.2743, 88.4561, 56.1101], "carpPosition": [-16.7351, 96.9517, 104.363], "dipPosition": [41.0996, 91.6803, 67.9796], "direction": [0.784485, -0.143385, -0.603344], "extended": true, "handId": 105, "id": 1050, "length": 41.7916, "mcpPosition": [-16.7351, 96.9517, 104.363], "pipPosition": [19.651, 95.6006, 84.4756], "stabilizedTipPosition": [50.5784, 89.8582, 60.6925], "timeVisible": 7.25861, "tipPosition": [50.3065, 91.2242, 56.7035], "tipVelocity": [9.28509, 5.14707, -5.44944], "tool": false, "touchDistance": 0.287725, "touchZone": "hovering", "type": 0, "width": 14.778}, {"bases": [[[0.927968, -0.0667358, -0.366636], [-0.0462769, 0.955583, -0.291065], [0.369776, 0.287066, 0.883662]], [[0.94476, -0.0527789, -0.323485], [-0.00765264, 0.983129, -0.182755], [0.327673, 0.175135, 0.928417]], [[0.94476, -0.0527789, -0.323485], [-0.0936488, 0.902339, -0.420731], [0.314098, 0.427784, 0.847551]], [[0.94476, -0.0527789, -0.323485], [-0.195871, 0.700415, -0.686333], [0.262797, 0.711782, 0.651387]]], "btipPosition": [22.0339, 69.7448, -19.5323], "carpPosition": [-21.5537, 111.375, 91.8374], "dipPosition": [18.4334, 79.4968, -10.6078], "direction": [0.314098, -0.427784, -0.847551], "extended": true, "handId": 105, "id": 1051, "length": 47.1572, "mcpPosition": [1.05679, 93.8217, 37.8045], "pipPosition": [12.3455, 87.7881, 5.81946], "stabilizedTipPosition": [21.0349, 72.9486, -17.3775], "timeVisible": 7.25861, "tipPosition": [19.3721, 73.3002, -19.1007], "tipVelocity": [-16.1347, -36.4393, -3.54594], "tool": false, "touchDistance": 0.331306, "touchZone": "hovering", "type": 1, "width": 14.1159}, {"bases": [[[0.963596, -0.189258, -0.188852], [0.119403, 0.936614, -0.329388], [0.239221, 0.294847, 0.925115]], [[0.973579, -0.175495, -0.146098], [0.146551, 0.970861, -0.189612], [0.175117, 0.163191, 0.970929]], [[0.973579, -0.175495, -0.146098], [0.0994657, 0.901837, -0.420472], [0.205548, 0.394831, 0.895466]], [[0.973579, -0.175495, -0.146098], [0.0256992, 0.719947, -0.693553], [0.226898, 0.671474, 0.705436]]], "btipPosition": [-1.95549, 69.3839, -34.9408], "carpPosition": [-30.7019, 111.911, 87.2811], "dipPosition": [-5.37465, 79.5025, -24.3105], "direction": [0.205548, -0.394831, -0.895466], "extended": true, "handId": 105, "id": 1052, "length": 53.7318, "mcpPosition": [-16.8303, 94.8133, 33.6366], "pipPosition": [-10.0617, 88.5057, -3.89126], "stabilizedTipPosition": [-2.96496, 72.4507, -32.5245], "timeVisible": 7.25861, "tipPosition": [-3.45356, 73.728, -33.9595], "tipVelocity": [-5.35991, -28.8681, 2.67115], "tool": false, "touchDistance": 0.334739, "touchZone": "hovering", "type": 2, "width": 13.8637}, {"bases": [[[0.976535, -0.21387, -0.0252835], [0.195507, 0.929621, -0.31238], [0.0903128, 0.300107, 0.949621]], [[0.973263, -0.223078, -0.054735], [0.213309, 0.966186, -0.144858], [0.0851989, 0.12931, 0.987937]], [[0.973263, -0.223078, -0.054735], [0.190604, 0.91734, -0.34951], [0.128179, 0.329732, 0.935333]], [[0.973263, -0.223078, -0.054735], [0.153926, 0.810297, -0.565443], [0.170489, 0.541899, 0.822969]]], "btipPosition": [-27.2626, 74.7865, -33.4582], "carpPosition": [-40.4188, 110.487, 84.485], "dipPosition": [-29.817, 82.9055, -21.1281], "direction": [0.128179, -0.329732, -0.935333], "extended": true, "handId": 105, "id": 1053, "length": 51.6646, "mcpPosition": [-35.7169, 94.8631, 35.0453], "pipPosition": [-32.6644, 90.2302, -0.350625], "stabilizedTipPosition": [-28.4837, 77.5455, -30.7186], "timeVisible": 7.25861, "tipPosition": [-29.2219, 78.1617, -31.2955], "tipVelocity": [17.9069, -38.5646, 11.1591], "tool": false, "touchDistance": 0.315245, "touchZone": "hovering", "type": 3, "width": 13.1922}, {"bases": [[[0.934607, -0.328339, 0.136759], [0.35222, 0.907877, -0.227378], [-0.0495032, 0.260678, 0.964156]], [[0.933066, -0.321676, 0.160975], [0.32719, 0.944923, -0.00826718], [-0.14945, 0.0603833, 0.986924]], [[0.933066, -0.321676, 0.160975], [0.354857, 0.896399, -0.265602], [-0.0588605, 0.304948, 0.950548]], [[0.933066, -0.321676, 0.160975], [0.353758, 0.739571, -0.572617], [0.0651443, 0.591236, 0.803863]]], "btipPosition": [-57.0727, 77.0025, -15.1818], "carpPosition": [-50.4267, 104.233, 85.2874], "dipPosition": [-57.9731, 85.1746, -4.07078], "direction": [-0.0588605, -0.304948, -0.950548], "extended": true, "handId": 105, "id": 1054, "length": 40.5041, "mcpPosition": [-52.8124, 91.6695, 38.8211], "pipPosition": [-57.05, 89.9574, 10.8376], "stabilizedTipPosition": [-58.3953, 78.9788, -12.3025], "timeVisible": 7.25861, "tipPosition": [-58.443, 80.7592, -13.7198], "tipVelocity": [24.0321, 5.96707, -4.59648], "tool": false, "touchDistance": 0.303479, "touchZone": "hovering", "type": 4, "width": 11.7183}], "r": [[-0.464176, -0.128452, 0.87638], [0.783517, 0.401899, 0.473897], [-0.413089, 0.90663, -0.0859075]], "s": 1.47153, "t": [51.496, -78.1563, -102.055], "timestamp": 17691595595}, {"currentFrameRate": 115.098, "devices": [], "gestures": [], "hands": [{"armBasis": [[0.917575, 0.339877, -0.20625], [0.209627, 0.0271913, 0.977403], [0.337805, -0.940077, -0.0462973]], "armWidth": 48.4718, "confidence": 1, "direction": [0.211964, -0.155667, -0.9648], "elbow": [-122.545, -116.545, 97.176], "grabAngle": 0.409555, "grabStrength": 0, "id": 105, "palmNormal": [0.00442527, -0.987069, 0.160233], "palmPosition": [-23.5812, 94.7382, 53.735], "palmVelocity": [8.868, 48.459, -11.4889], "palmWidth": 75.6254, "pinchDistance": 68.6946, "pinchStrength": 0, "r": [[-0.463061, -0.127185, 0.877153], [0.782901, 0.405243, 0.472063], [-0.415499, 0.905319, -0.088079]], "s": 1.47002, "sphereCenter": [-9.65964, 87.5134, 21.0385], "sphereRadius": 48.6981, "stabilizedPalmPosition": [-24.9147, 93.0672, 54.7344], "t": [-51.4063, -77.8212, -102.166], "timeVisible": 7.26722, "type": "left", "wrist": [-46.739, 94.4154, 107.565]}], "id": 70971, "interactionBox": {"center": [0, 200, 0], "size": [235.247, 235.247, 147.751]}, "pointables": [{"bases": [[[0.355847, 0.837101, -0.415494], [-0.701798, 0.532952, 0.472696], [0.617132, 0.123385, 0.777125]], [[0.255319, 0.807643, -0.531532], [-0.405439, 0.588516, 0.699477], [0.877742, 0.0369142, 0.477709]], [[0.255319, 0.807643, -0.531532], [-0.564946, 0.570759, 0.595878], [0.784632, 0.148148, 0.602]], [[0.255319, 0.807643, -0.531532], [-0.602226, 0.562927, 0.566071], [0.756397, 0.175574, 0.630109]]], "btipPosition": [55.3547, 88.638, 56.1595], "carpPosition": [-16.7095, 97.515, 104.264], "dipPosition": [41.1593, 91.933, 67.9849], "direction": [0.784632, -0.148148, -0.602], "extended": true, "handId": 105, "id": 1050, "length": 41.7916, "mcpPosition": [-16.7095, 97.515, 104.264], "pipPosition": [19.7067, 95.9835, 84.4441], "stabilizedTipPosition": [50.6376, 89.8401, 60.6214], "timeVisible": 7.26722, "tipPosition": [50.3773, 91.3031, 56.7244], "tipVelocity": [8.77768, 23.0129, 4.55938], "tool": false, "touchDistance": 0.28838, "touchZone": "hovering", "type": 0, "width": 14.778}, {"bases": [[[0.927805, -0.063827, -0.367565], [-0.0509605, 0.954337, -0.294353], [0.369569, 0.291833, 0.882186]], [[0.945705, -0.0486223, -0.321368], [-0.0135255, 0.982004, -0.188377], [0.324744, 0.182496, 0.928028]], [[0.945705, -0.0486223, -0.321368], [-0.0986581, 0.899154, -0.426366], [0.30969, 0.434922, 0.845538]], [[0.945705, -0.0486223, -0.321368], [-0.1987, 0.695979, -0.690023], [0.257216, 0.716414, 0.64853]]], "btipPosition": [21.8648, 69.5388, -19.5068], "carpPosition": [-21.4473, 111.916, 91.6811], "dipPosition": [18.3407, 79.3542, -10.6214], "direction": [0.30969, -0.434922, -0.845538], "extended": true, "handId": 105, "id": 1051, "length": 47.1572, "mcpPosition": [1.15052, 94.0711, 37.7384], "pipPosition": [12.3383, 87.7839, 5.76679], "stabilizedTipPosition": [21.0381, 72.7564, -17.3918], "timeVisible": 7.26722, "tipPosition": [19.4714, 73.2418, -19.0435], "tipVelocity": [-17.5884, -22.2197, 1.91461], "tool": false, "touchDistance": 0.331581, "touchZone": "hovering", "type": 1, "width": 14.1159}, {"bases": [[[0.964207, -0.185562, -0.189398], [0.114756, 0.935983, -0.332817], [0.239031, 0.29917, 0.923776]], [[0.97457, -0.170987, -0.144835], [0.14162, 0.970876, -0.193246], [0.173659, 0.16782, 0.970401]], [[0.97457, -0.170987, -0.144835], [0.094695, 0.900048, -0.425379], [0.203093, 0.400846, 0.893351]], [[0.97457, -0.170987, -0.144835], [0.0209112, 0.712917, -0.700937], [0.223106, 0.680083, 0.698363]]], "btipPosition": [-2.02139, 69.2537, -34.8575], "carpPosition": [-30.5874, 112.477, 87.1115], "dipPosition": [-5.38341, 79.502, -24.3338], "direction": [0.203093, -0.400846, -0.893351], "extended": true, "handId": 105, "id": 1052, "length": 53.7318, "mcpPosition": [-16.7267, 95.1289, 33.5446], "pipPosition": [-10.0145, 88.6424, -3.96284], "stabilizedTipPosition": [-2.9333, 72.2946, -32.5082], "timeVisible": 7.26722, "tipPosition": [-3.35472, 73.72, -33.9415], "tipVelocity": [-6.12559, -11.6519, 6.81724], "tool": false, "touchDistance": 0.335479, "touchZone": "hovering", "type": 2, "width": 13.8637}, {"bases": [[[0.97746, -0.209541, -0.0257604], [0.190912, 0.929393, -0.315881], [0.0901315, 0.303843, 0.948449]], [[0.974234, -0.218768, -0.0548569], [0.20866, 0.966577, -0.148964], [0.0856119, 0.133679, 0.98732]], [[0.974234, -0.218768, -0.0548569], [0.185194, 0.914756, -0.35906], [0.128731, 0.339649, 0.931701]], [[0.974234, -0.218768, -0.0548569], [0.146853, 0.799893, -0.581898], [0.17118, 0.558849, 0.811409]]], "btipPosition": [-27.123, 74.5617, -33.2981], "carpPosition": [-40.3071, 111.088, 84.3082], "dipPosition": [-29.6877, 82.9346, -21.1412], "direction": [0.128731, -0.339649, -0.931701], "extended": true, "handId": 105, "id": 1053, "length": 51.6646, "mcpPosition": [-35.6146, 95.2691, 34.9295], "pipPosition": [-32.5473, 90.4796, -0.44437], "stabilizedTipPosition": [-28.3341, 77.3402, -30.6766], "timeVisible": 7.26722, "tipPosition": [-29.0812, 78.2646, -31.3251], "tipVelocity": [15.9416, -19.3245, 13.9661], "tool": false, "touchDistance": 0.31725, "touchZone": "hovering", "type": 3, "width": 13.1922}, {"bases": [[[0.936252, -0.323629, 0.136735], [0.347827, 0.908656, -0.230999], [-0.0494865, 0.263833, 0.963298]], [[0.934761, -0.317079, 0.160257], [0.323215, 0.946235, -0.0130915], [-0.14749, 0.064035, 0.986988]], [[0.934761, -0.317079, 0.160257], [0.350665, 0.895874, -0.272846], [-0.0570569, 0.311242, 0.948616]], [[0.934761, -0.317079, 0.160257], [0.348995, 0.73506, -0.581282], [0.0665132, 0.599289, 0.797765]]], "btipPosition": [-56.8866, 77.1855, -15.1952], "carpPosition": [-50.3442, 104.881, 85.1199], "dipPosition": [-57.806, 85.4688, -4.16849], "direction": [-0.0570569, -0.311242, -0.948616], "extended": true, "handId": 105, "id": 1054, "length": 40.5041, "mcpPosition": [-52.7291, 92.166, 38.6949], "pipPosition": [-56.9111, 90.3504, 10.7096], "stabilizedTipPosition": [-58.1908, 78.9964, -12.3587], "timeVisible": 7.26722, "tipPosition": [-58.3302, 81.0749, -13.8017], "tipVelocity": [21.1013, 24.2126, -3.80778], "tool": false, "touchDistance": 0.302932, "touchZone": "hovering", "type": 4, "width": 11.7183}], "r": [[-0.463061, -0.127185, 0.877153], [0.782901, 0.405243, 0.472063], [-0.415499, 0.905319, -0.088079]], "s": 1.47002, "t": [51.4063, -77.8212, -102.166], "timestamp": 17691604208}, {"currentFrameRate": 115.075, "devices": [], "gestures": [], "hands": [{"armBasis": [[0.920538, 0.338482, -0.19504], [0.197469, 0.0276126, 0.97992], [0.337071, -0.940568, -0.0414211]], "armWidth": 48.4718, "confidence": 1, "direction": [0.199103, -0.156114, -0.967464], "elbow": [-121.676, -116.272, 98.6827], "grabAngle": 0.400396, "grabStrength": 0, "id": 105, "palmNormal": [-0.000198297, -0.987236, 0.159263], "palmPosition": [-23.6359, 95.0608, 53.844], "palmVelocity": [-6.26173, 36.9616, 12.485], "palmWidth": 75.6254, "pinchDistance": 68.6767, "pinchStrength": 0, "r": [[-0.464149, -0.126951, 0.876612], [0.780704, 0.408864, 0.47258], [-0.41841, 0.903722, -0.090663]], "s": 1.47006, "sphereCenter": [-10.1019, 94.2124, 19.1347], "sphereRadius": 49.0131, "stabilizedPalmPosition": [-24.833, 93.1945, 54.6776], "t": [-51.3888, -77.4923, -102.167], "timeVisible": 7.27595, "type": "left", "wrist": [-46.0348, 94.7982, 107.978]}], "id": 70972, "interactionBox": {"center": [0, 200, 0], "size": [235.247, 235.247, 147.751]}, "pointables": [{"bases": [[[0.355312, 0.839865, -0.410341], [-0.711067, 0.527797, 0.464558], [0.606743, 0.126717, 0.784733]], [[0.25805, 0.810493, -0.525843], [-0.413949, 0.58454, 0.697824], [0.872958, 0.037599, 0.486344]], [[0.25805, 0.810493, -0.525843], [-0.576256, 0.565982, 0.589571], [0.775461, 0.150882, 0.613103]], [[0.25805, 0.810493, -0.525843], [-0.610184, 0.558709, 0.561711], [0.749056, 0.175912, 0.638725]]], "btipPosition": [55.349, 88.755, 55.3596], "carpPosition": [-16.1282, 97.7415, 104.287], "dipPosition": [41.2913, 92.0564, 67.3467], "direction": [0.775461, -0.150882, -0.613103], "extended": true, "handId": 105, "id": 1050, "length": 41.7916, "mcpPosition": [-16.1282, 97.7415, 104.287], "pipPosition": [20.0895, 96.1816, 84.1095], "stabilizedTipPosition": [50.6782, 89.8312, 60.5527], "timeVisible": 7.27595, "tipPosition": [50.366, 91.0971, 55.97], "tipVelocity": [2.9757, 13.5716, -87.3771], "tool": false, "touchDistance": 0.275668, "touchZone": "hovering", "type": 0, "width": 14.778}, {"bases": [[[0.932637, -0.0572823, -0.35624], [-0.0537198, 0.954269, -0.294082], [0.356795, 0.293409, 0.88691]], [[0.948467, -0.0433421, -0.313897], [-0.0159547, 0.982813, -0.183912], [0.316474, 0.179443, 0.931474]], [[0.948467, -0.0433421, -0.313897], [-0.0980743, 0.901809, -0.420859], [0.301316, 0.429956, 0.851085]], [[0.948467, -0.0433421, -0.313897], [-0.194002, 0.70382, -0.683375], [0.250546, 0.709055, 0.659142]]], "btipPosition": [21.069, 70.015, -20.0716], "carpPosition": [-20.9235, 112.186, 91.7768], "dipPosition": [17.6363, 79.7296, -11.0408], "direction": [0.301316, -0.429956, -0.851085], "extended": true, "handId": 105, "id": 1051, "length": 47.1572, "mcpPosition": [0.893327, 94.245, 37.5453], "pipPosition": [11.7962, 88.063, 5.45495], "stabilizedTipPosition": [20.9192, 72.6769, -17.4863], "timeVisible": 7.27595, "tipPosition": [18.4374, 73.3169, -19.43], "tipVelocity": [-88.761, 51.8939, -60.8669], "tool": false, "touchDistance": 0.322726, "touchZone": "hovering", "type": 1, "width": 14.1159}, {"bases": [[[0.967668, -0.17895, -0.177752], [0.112573, 0.937057, -0.330531], [0.225712, 0.299834, 0.926905]], [[0.976691, -0.165536, -0.13665], [0.139082, 0.972937, -0.184527], [0.163497, 0.161221, 0.973281]], [[0.976691, -0.165536, -0.13665], [0.0957817, 0.905816, -0.412703], [0.192097, 0.389994, 0.900557]], [[0.976691, -0.165536, -0.13665], [0.0240668, 0.717049, -0.696608], [0.213298, 0.677081, 0.704319]]], "btipPosition": [-3.11242, 70.0986, -35.196], "carpPosition": [-30.1148, 112.813, 87.3199], "dipPosition": [-6.32663, 80.3016, -24.5825], "direction": [0.192097, -0.389995, -0.900557], "extended": true, "handId": 105, "id": 1052, "length": 53.7318, "mcpPosition": [-17.0264, 95.426, 33.5716], "pipPosition": [-10.707, 89.1946, -4.04719], "stabilizedTipPosition": [-3.11329, 72.3241, -32.5566], "timeVisible": 7.27595, "tipPosition": [-4.59342, 73.9343, -34.0397], "tipVelocity": [-121.094, 95.5987, -36.4056], "tool": false, "touchDistance": 0.33034, "touchZone": "hovering", "type": 2, "width": 13.8637}, {"bases": [[[0.979078, -0.203003, -0.0139868], [0.188559, 0.930958, -0.31267], [0.0764941, 0.303491, 0.949759]], [[0.976319, -0.212084, -0.0426887], [0.204566, 0.969246, -0.136804], [0.0703898, 0.124832, 0.989678]], [[0.976319, -0.212084, -0.0426887], [0.185426, 0.922011, -0.339871], [0.111441, 0.323907, 0.939503]], [[0.976319, -0.212084, -0.0426887], [0.15041, 0.807275, -0.570687], [0.155495, 0.550751, 0.820058]]], "btipPosition": [-28.5674, 75.7712, -33.4273], "carpPosition": [-39.8771, 111.491, 84.6345], "dipPosition": [-30.8971, 84.0228, -21.1408], "direction": [0.111441, -0.323907, -0.939503], "extended": true, "handId": 105, "id": 1053, "length": 51.6646, "mcpPosition": [-35.8946, 95.6906, 35.1876], "pipPosition": [-33.3727, 91.2181, -0.270693], "stabilizedTipPosition": [-28.5049, 77.4132, -30.6599], "timeVisible": 7.27595, "tipPosition": [-30.2255, 78.6559, -31.1292], "tipVelocity": [-159.287, 135.363, -11.3871], "tool": false, "touchDistance": 0.317522, "touchZone": "hovering", "type": 3, "width": 13.1922}, {"bases": [[[0.936647, -0.317525, 0.147887], [0.344558, 0.911181, -0.225894], [-0.0630252, 0.262538, 0.962861]], [[0.934717, -0.31067, 0.172595], [0.316324, 0.948635, -0.00556792], [-0.162, 0.0598002, 0.984977]], [[0.934717, -0.31067, 0.172595], [0.347562, 0.900474, -0.261434], [-0.0741973, 0.304354, 0.949665]], [[0.934717, -0.31067, 0.172595], [0.352107, 0.743637, -0.568353], [0.0482223, 0.592021, 0.804479]]], "btipPosition": [-58.0726, 78.0458, -14.7829], "carpPosition": [-49.9446, 105.35, 85.5633], "dipPosition": [-58.7392, 86.2287, -3.6634], "direction": [-0.0741973, -0.304354, -0.949665], "extended": true, "handId": 105, "id": 1054, "length": 40.5041, "mcpPosition": [-52.9821, 92.6978, 39.1594], "pipPosition": [-57.5754, 91.0022, 11.2312], "stabilizedTipPosition": [-58.1967, 79.1534, -12.3362], "timeVisible": 7.27595, "tipPosition": [-59.2787, 81.6634, -13.2552], "tipVelocity": [-129.209, 95.9101, 49.6773], "tool": false, "touchDistance": 0.311389, "touchZone": "hovering", "type": 4, "width": 11.7183}], "r": [[-0.464149, -0.126951, 0.876612], [0.780704, 0.408864, 0.47258], [-0.41841, 0.903722, -0.090663]], "s": 1.47006, "t": [51.3888, -77.4923, -102.167], "timestamp": 17691612937}, {"currentFrameRate": 115.107, "devices": [], "gestures": [], "hands": [{"armBasis": [[0.919446, 0.339777, -0.197916], [0.200419, 0.0280958, 0.979307], [0.338307, -0.940086, -0.0422654]], "armWidth": 48.4718, "confidence": 1, "direction": [0.202051, -0.15659, -0.966776], "elbow": [-122.011, -115.561, 98.2368], "grabAngle": 0.40569, "grabStrength": 0, "id": 105, "palmNormal": [-0.000407829, -0.987149, 0.159804], "palmPosition": [-23.5095, 95.6321, 53.6603], "palmVelocity": [14.6373, 66.1779, -21.2759], "palmWidth": 75.6254, "pinchDistance": 68.7635, "pinchStrength": 0, "r": [[-0.4645, -0.126644, 0.876471], [0.779243, 0.411767, 0.47247], [-0.420737, 0.902446, -0.0925795]], "s": 1.4696, "sphereCenter": [-9.8612, 92.6367, 19.6089], "sphereRadius": 48.8118, "stabilizedPalmPosition": [-24.748, 93.3512, 54.6122], "t": [-51.3168, -77.0422, -102.259], "timeVisible": 7.28458, "type": "left", "wrist": [-46.0924, 95.4017, 107.722]}], "id": 70973, "interactionBox": {"center": [0, 200, 0], "size": [235.247, 235.247, 147.751]}, "pointables": [{"bases": [[[0.354306, 0.839543, -0.411868], [-0.709524, 0.528246, 0.466403], [0.609133, 0.126981, 0.782837]], [[0.257125, 0.810302, -0.52659], [-0.411174, 0.584859, 0.699197], [0.874541, 0.0367389, 0.483557]], [[0.257125, 0.810302, -0.52659], [-0.573726, 0.566485, 0.591552], [0.777641, 0.150015, 0.610549]], [[0.257125, 0.810302, -0.52659], [-0.607566, 0.559294, 0.563963], [0.751499, 0.174929, 0.636121]]], "btipPosition": [55.4941, 89.4339, 55.4311], "carpPosition": [-16.1542, 98.3426, 104.124], "dipPosition": [41.3907, 92.7168, 67.3693], "direction": [0.777641, -0.150015, -0.610549], "extended": true, "handId": 105, "id": 1050, "length": 41.7916, "mcpPosition": [-16.1542, 98.3426, 104.124], "pipPosition": [20.1292, 96.8183, 84.0623], "stabilizedTipPosition": [50.728, 89.8425, 60.4774], "timeVisible": 7.28458, "tipPosition": [50.4965, 91.6816, 56.0228], "tipVelocity": [15.5949, 78.1427, 6.97983], "tool": false, "touchDistance": 0.276672, "touchZone": "hovering", "type": 0, "width": 14.778}, {"bases": [[[0.931547, -0.0577333, -0.359009], [-0.0543431, 0.954123, -0.294443], [0.359538, 0.293797, 0.885672]], [[0.948561, -0.0427785, -0.31369], [-0.0176101, 0.982166, -0.187191], [0.316103, 0.183086, 0.930891]], [[0.948561, -0.0427785, -0.31369], [-0.099924, 0.899729, -0.424857], [0.30041, 0.434348, 0.849173]], [[0.948561, -0.0427785, -0.31369], [-0.194606, 0.702752, -0.684301], [0.249719, 0.710148, 0.658278]]], "btipPosition": [21.2028, 70.3585, -20.112], "carpPosition": [-20.9158, 112.779, 91.5917], "dipPosition": [17.7814, 80.0881, -11.0931], "direction": [0.30041, -0.434348, -0.849173], "extended": true, "handId": 105, "id": 1051, "length": 47.1572, "mcpPosition": [1.06877, 94.8141, 37.4359], "pipPosition": [11.9589, 88.5066, 5.36559], "stabilizedTipPosition": [20.8431, 72.6647, -17.5697], "timeVisible": 7.28458, "tipPosition": [18.8203, 73.8357, -19.4478], "tipVelocity": [15.8004, 40.1892, -5.00396], "tool": false, "touchDistance": 0.322006, "touchZone": "hovering", "type": 1, "width": 14.1159}, {"bases": [[[0.967081, -0.179313, -0.18056], [0.111835, 0.936845, -0.331383], [0.228578, 0.300281, 0.926058]], [[0.976531, -0.165377, -0.137974], [0.138407, 0.972697, -0.18629], [0.165015, 0.162821, 0.972759]], [[0.976531, -0.165377, -0.137974], [0.0944149, 0.904495, -0.415901], [0.193578, 0.393114, 0.898882]], [[0.976531, -0.165377, -0.137974], [0.0223122, 0.714857, -0.698915], [0.214216, 0.679434, 0.70177]]], "btipPosition": [-2.81898, 70.4922, -35.2631], "carpPosition": [-30.0938, 113.4, 87.1069], "dipPosition": [-6.04704, 80.7307, -24.688], "direction": [0.193578, -0.393114, -0.898882], "extended": true, "handId": 105, "id": 1052, "length": 53.7318, "mcpPosition": [-16.8393, 95.9881, 33.4076], "pipPosition": [-10.4612, 89.6948, -4.19091], "stabilizedTipPosition": [-3.19746, 72.4223, -32.6081], "timeVisible": 7.28458, "tipPosition": [-4.19032, 74.4449, -34.1395], "tipVelocity": [33.6207, 46.5323, -8.79723], "tool": false, "touchDistance": 0.329074, "touchZone": "hovering", "type": 2, "width": 13.8637}, {"bases": [[[0.978976, -0.203279, -0.0168168], [0.187872, 0.930735, -0.313746], [0.0794301, 0.303991, 0.949358]], [[0.976089, -0.212482, -0.0458459], [0.204425, 0.969006, -0.138701], [0.0738963, 0.126012, 0.989273]], [[0.976089, -0.212482, -0.0458459], [0.183879, 0.919601, -0.347164], [0.115926, 0.330433, 0.936683]], [[0.976089, -0.212482, -0.0458459], [0.147543, 0.80251, -0.578108], [0.159629, 0.55752, 0.814672]]], "btipPosition": [-28.0979, 76.0402, -33.4902], "carpPosition": [-39.8476, 112.075, 84.3929], "dipPosition": [-30.4896, 84.3933, -21.2844], "direction": [0.115926, -0.330433, -0.936683], "extended": true, "handId": 105, "id": 1053, "length": 51.6646, "mcpPosition": [-35.7123, 96.2483, 34.9669], "pipPosition": [-33.0647, 91.7335, -0.476937], "stabilizedTipPosition": [-28.5355, 77.5303, -30.6648], "timeVisible": 7.28458, "tipPosition": [-29.8187, 79.1578, -31.3121], "tipVelocity": [52.7352, 33.8677, -9.43789], "tool": false, "touchDistance": 0.316164, "touchZone": "hovering", "type": 3, "width": 13.1922}, {"bases": [[[0.937, -0.3177, 0.145247], [0.344126, 0.910963, -0.227428], [-0.0600604, 0.263084, 0.962902]], [[0.935269, -0.311229, 0.168547], [0.317043, 0.948377, -0.00805522], [-0.157339, 0.0609704, 0.985661]], [[0.935269, -0.311229, 0.168547], [0.347399, 0.89833, -0.268918], [-0.0677154, 0.310064, 0.948301]], [[0.935269, -0.311229, 0.168547], [0.349562, 0.7376, -0.577713], [0.055481, 0.599235, 0.798649]]], "btipPosition": [-57.5672, 78.3785, -14.9708], "carpPosition": [-49.9163, 105.932, 85.2948], "dipPosition": [-58.3341, 86.6612, -3.93187], "direction": [-0.0677154, -0.310064, -0.948301], "extended": true, "handId": 105, "id": 1054, "length": 40.5041, "mcpPosition": [-52.8108, 93.253, 38.8889], "pipPosition": [-57.272, 91.5242, 10.9413], "stabilizedTipPosition": [-58.1242, 79.3342, -12.3515], "timeVisible": 7.28458, "tipPosition": [-58.928, 82.1582, -13.5209], "tipVelocity": [55.87, 41.2035, -23.9107], "tool": false, "touchDistance": 0.307949, "touchZone": "hovering", "type": 4, "width": 11.7183}], "r": [[-0.4645, -0.126644, 0.876471], [0.779243, 0.411767, 0.47247], [-0.420737, 0.902446, -0.0925795]], "s": 1.4696, "t": [51.3168, -77.0422, -102.259], "timestamp": 17691621570}, {"currentFrameRate": 115.083, "devices": [], "gestures": [], "hands": [{"armBasis": [[0.918272, 0.342148, -0.199276], [0.203644, 0.02351, 0.978763], [0.339567, -0.939352, -0.0480878]], "armWidth": 48.4718, "confidence": 1, "direction": [0.204586, -0.15208, -0.966962], "elbow": [-122.369, -114.889, 96.6281], "grabAngle": 0.411389, "grabStrength": 0, "id": 105, "palmNormal": [-0.00591996, -0.988031, 0.154141], "palmPosition": [-23.4422, 96.3524, 53.4268], "palmVelocity": [7.71875, 82.5177, -26.7485], "palmWidth": 75.6254, "pinchDistance": 68.7974, "pinchStrength": 0, "r": [[-0.464052, -0.127871, 0.87653], [0.777975, 0.414331, 0.472318], [-0.42357, 0.901099, -0.0927908]], "s": 1.46882, "sphereCenter": [-9.78772, 90.2686, 20.2935], "sphereRadius": 48.6913, "stabilizedPalmPosition": [-24.6605, 93.5521, 54.5328], "t": [-51.2472, -76.457, -102.422], "timeVisible": 7.29331, "type": "left", "wrist": [-46.1677, 95.9091, 107.419]}], "id": 70974, "interactionBox": {"center": [0, 200, 0], "size": [235.247, 235.247, 147.751]}, "pointables": [{"bases": [[[0.348662, 0.84366, -0.408256], [-0.710562, 0.521985, 0.471841], [0.611177, 0.125578, 0.781469]], [[0.252661, 0.815133, -0.521269], [-0.411958, 0.578105, 0.704333], [0.875473, 0.0367836, 0.481865]], [[0.252661, 0.815133, -0.521269], [-0.573454, 0.560085, 0.597875], [0.779303, 0.147864, 0.608953]], [[0.252661, 0.815133, -0.521269], [-0.604766, 0.553587, 0.572538], [0.755262, 0.170588, 0.632834]]], "btipPosition": [55.5561, 89.967, 55.4127], "carpPosition": [-16.2469, 98.7373, 103.93], "dipPosition": [41.382, 93.1684, 67.2891], "direction": [0.779303, -0.147864, -0.608953], "extended": true, "handId": 105, "id": 1050, "length": 41.7916, "mcpPosition": [-16.2469, 98.7373, 103.93], "pipPosition": [20.0751, 97.2112, 83.9385], "stabilizedTipPosition": [50.7839, 89.8732, 60.3942], "timeVisible": 7.29331, "tipPosition": [50.5582, 91.9973, 56.0478], "tipVelocity": [5.23484, 58.9297, -3.74054], "tool": false, "touchDistance": 0.276128, "touchZone": "hovering", "type": 0, "width": 14.778}, {"bases": [[[0.930584, -0.0509789, -0.36251], [-0.0601515, 0.955503, -0.288782], [0.361102, 0.290542, 0.88611]], [[0.948911, -0.0350402, -0.313591], [-0.0250366, 0.982321, -0.185523], [0.314548, 0.183896, 0.931258]], [[0.948911, -0.0350402, -0.313591], [-0.10722, 0.898877, -0.424881], [0.296768, 0.436797, 0.849198]], [[0.948911, -0.0350402, -0.313591], [-0.198904, 0.705081, -0.68066], [0.244957, 0.708261, 0.662089]]], "btipPosition": [21.132, 70.998, -20.3313], "carpPosition": [-20.8927, 113.269, 91.4645], "dipPosition": [17.7759, 80.7017, -11.2602], "direction": [0.296768, -0.436797, -0.849198], "extended": true, "handId": 105, "id": 1051, "length": 47.1572, "mcpPosition": [1.1874, 95.5031, 37.2819], "pipPosition": [12.0239, 89.1677, 5.19898], "stabilizedTipPosition": [20.772, 72.7479, -17.6691], "timeVisible": 7.29331, "tipPosition": [19.0613, 74.7236, -19.6258], "tipVelocity": [-6.392, 72.5779, -23.7469], "tool": false, "touchDistance": 0.318551, "touchZone": "hovering", "type": 1, "width": 14.1159}, {"bases": [[[0.967343, -0.173395, -0.184883], [0.105983, 0.939276, -0.326387], [0.23025, 0.296133, 0.926979]], [[0.97728, -0.15898, -0.140173], [0.132186, 0.97414, -0.183244], [0.16568, 0.160552, 0.973023]], [[0.97728, -0.15898, -0.140173], [0.087857, 0.90571, -0.414694], [0.192884, 0.392957, 0.8991]], [[0.97728, -0.15898, -0.140173], [0.0163885, 0.716047, -0.69786], [0.211316, 0.679708, 0.702384]]], "btipPosition": [-2.71411, 71.3817, -35.4957], "carpPosition": [-30.052, 113.962, 86.952], "dipPosition": [-5.89846, 81.6243, -24.9114], "direction": [0.192884, -0.392957, -0.8991], "extended": true, "handId": 105, "id": 1052, "length": 53.7318, "mcpPosition": [-16.7005, 96.7904, 33.1994], "pipPosition": [-10.2968, 90.5848, -4.40935], "stabilizedTipPosition": [-3.24397, 72.668, -32.6927], "timeVisible": 7.29331, "tipPosition": [-3.91925, 75.5378, -34.4025], "tipVelocity": [13.1658, 102.012, -26.4107], "tool": false, "touchDistance": 0.325232, "touchZone": "hovering", "type": 2, "width": 13.8637}, {"bases": [[[0.979922, -0.198237, -0.0213217], [0.182111, 0.933449, -0.309045], [0.0811669, 0.298958, 0.950808]], [[0.977018, -0.207189, -0.0500742], [0.198822, 0.970508, -0.13632], [0.0768416, 0.123232, 0.989398]], [[0.977018, -0.207189, -0.0500742], [0.176975, 0.919421, -0.351204], [0.118805, 0.334271, 0.934959]], [[0.977018, -0.207189, -0.0500742], [0.139744, 0.799998, -0.583502], [0.160955, 0.563095, 0.810566]]], "btipPosition": [-27.7736, 76.8597, -33.6661], "carpPosition": [-39.803, 112.701, 84.1972], "dipPosition": [-30.1851, 85.2963, -21.5218], "direction": [0.118805, -0.334271, -0.934959], "extended": true, "handId": 105, "id": 1053, "length": 51.6646, "mcpPosition": [-35.5773, 97.137, 34.6957], "pipPosition": [-32.8242, 92.7218, -0.752621], "stabilizedTipPosition": [-28.4914, 77.8005, -30.7091], "timeVisible": 7.29331, "tipPosition": [-29.5083, 80.3521, -31.6381], "tipVelocity": [36.6355, 96.0869, -21.7694], "tool": false, "touchDistance": 0.313007, "touchZone": "hovering", "type": 3, "width": 13.1922}, {"bases": [[[0.93908, -0.313793, 0.140226], [0.338758, 0.913973, -0.223376], [-0.0580687, 0.25727, 0.964593]], [[0.937381, -0.307415, 0.163743], [0.312545, 0.949885, -0.00589423], [-0.153725, 0.0567024, 0.986485]], [[0.937381, -0.307415, 0.163743], [0.342241, 0.900274, -0.269031], [-0.0647097, 0.308224, 0.94911]], [[0.937381, -0.307415, 0.163743], [0.343569, 0.738826, -0.579738], [0.0572427, 0.599693, 0.79818]]], "btipPosition": [-57.2865, 79.4747, -15.3472], "carpPosition": [-49.9055, 106.604, 85.0296], "dipPosition": [-58.0777, 87.7637, -4.31471], "direction": [-0.0647097, -0.308224, -0.94911], "extended": true, "handId": 105, "id": 1054, "length": 40.5041, "mcpPosition": [-52.704, 94.2056, 38.5422], "pipPosition": [-57.0628, 92.5979, 10.5712], "stabilizedTipPosition": [-58.0169, 79.6692, -12.4265], "timeVisible": 7.29331, "tipPosition": [-58.681, 83.4156, -13.9366], "tipVelocity": [31.5197, 125.747, -43.2873], "tool": false, "touchDistance": 0.302354, "touchZone": "hovering", "type": 4, "width": 11.7183}], "r": [[-0.464052, -0.127871, 0.87653], [0.777975, 0.414331, 0.472318], [-0.42357, 0.901099, -0.0927908]], "s": 1.46882, "t": [51.2472, -76.457, -102.422], "timestamp": 17691630299}, {"currentFrameRate": 115.148, "devices": [], "gestures": [], "hands": [{"armBasis": [[0.918491, 0.342548, -0.197575], [0.203221, 0.0197226, 0.978934], [0.339229, -0.939293, -0.051498]], "armWidth": 48.4718, "confidence": 1, "direction": [0.203874, -0.148345, -0.967693], "elbow": [-122.222, -114.161, 95.7441], "grabAngle": 0.419885, "grabStrength": 0, "id": 105, "palmNormal": [-0.00812458, -0.988675, 0.149849], "palmPosition": [-23.4241, 97.2633, 53.2935], "palmVelocity": [2.10862, 106.219, -15.5439], "palmWidth": 75.6254, "pinchDistance": 68.9094, "pinchStrength": 0, "r": [[-0.463696, -0.129825, 0.876431], [0.776729, 0.416325, 0.472617], [-0.426237, 0.899899, -0.0922093]], "s": 1.46789, "sphereCenter": [-9.80209, 88.4623, 20.9232], "sphereRadius": 48.7809, "stabilizedPalmPosition": [-24.5718, 93.8184, 54.4439], "t": [-51.2033, -75.709, -102.57], "timeVisible": 7.30189, "type": "left", "wrist": [-46.0968, 96.6239, 107.301]}], "id": 70975, "interactionBox": {"center": [0, 200, 0], "size": [235.247, 235.247, 147.751]}, "pointables": [{"bases": [[[0.346883, 0.846222, -0.404452], [-0.711933, 0.518302, 0.47383], [0.610593, 0.123579, 0.782243]], [[0.252762, 0.818638, -0.515697], [-0.411609, 0.573349, 0.708413], [0.875608, 0.033206, 0.48188]], [[0.252762, 0.818638, -0.515697], [-0.573662, 0.556014, 0.601466], [0.779117, 0.143808, 0.61016]], [[0.252762, 0.818638, -0.515697], [-0.60383, 0.549934, 0.577028], [0.755977, 0.165543, 0.633321]]], "btipPosition": [55.6125, 90.9959, 55.2437], "carpPosition": [-16.2044, 99.4121, 103.804], "dipPosition": [41.425, 94.1026, 67.1293], "direction": [0.779117, -0.143808, -0.61016], "extended": true, "handId": 105, "id": 1050, "length": 41.7916, "mcpPosition": [-16.2044, 99.4121, 103.804], "pipPosition": [20.1232, 98.0345, 83.8117], "stabilizedTipPosition": [50.8495, 89.9501, 60.293], "timeVisible": 7.30189, "tipPosition": [50.6014, 92.7079, 55.9075], "tipVelocity": [6.22582, 117.446, -19.4546], "tool": false, "touchDistance": 0.274307, "touchZone": "hovering", "type": 0, "width": 