{"frames": 73, "data": [{"currentFrameRate": 115.082, "devices": [], "gestures": [], "hands": [{"armBasis": [[0.950781, -0.290441, -0.107981], [-0.0654381, -0.528823, 0.846206], [-0.302876, -0.79749, -0.521801]], "armWidth": 48.9085, "confidence": 1, "direction": [-0.041004, 0.417885, -0.907574], "elbow": [-12.3362, 8.66812, 50.5971], "grabAngle": 2.72486, "grabStrength": 0, "id": 68, "palmNormal": [0.192293, -0.888057, -0.417586], "palmPosition": [-77.3759, 212.954, 117.867], "palmVelocity": [2.51021, -1.05806, -2.34421], "palmWidth": 72.7825, "pinchDistance": 42.3995, "pinchStrength": 0.565163, "r": [[0.925632, 0.167027, 0.339571], [-0.140002, 0.984803, -0.102771], [-0.351576, 0.0475876, 0.934949]], "s": 0.968356, "sphereCenter": [-85.2937, 184.703, 90.9679], "sphereRadius": 39.1598, "stabilizedPalmPosition": [-76.2013, 213.163, 117.451], "t": [-54.3458, 49.0761, -15.7924], "timeVisible": 5.85363, "type": "left", "wrist": [-77.7488, 180.904, 163.291]}], "id": 44746, "interactionBox": {"center": [0, 200, 0], "size": [235.247, 235.247, 147.751]}, "pointables": [{"bases": [[[0.973446, -0.118759, -0.195702], [0.171741, 0.944114, 0.281342], [0.151353, -0.307481, 0.93944]], [[0.983797, -0.179285, 0.00109226], [0.179193, 0.983452, 0.0266861], [-0.0058586, -0.026058, 0.999643]], [[0.983797, -0.179285, 0.00109226], [0.178904, 0.98127, -0.0714299], [0.0117345, 0.0704679, 0.997445]], [[0.983797, -0.179285, 0.00109226], [0.178277, 0.977582, -0.112026], [0.0190169, 0.110406, 0.993705]]], "btipPosition": [-58.6203, 224.795, 37.0946], "carpPosition": [-67.7999, 208.588, 156.603], "dipPosition": [-58.8686, 226.237, 50.0703], "direction": [0.0117345, -0.0704679, -0.997445], "extended": true, "handId": 68, "id": 681, "length": 44.9446, "mcpPosition": [-58.893, 226.683, 101.319], "pipPosition": [-59.0854, 227.539, 68.4958], "stabilizedTipPosition": [-58.7897, 223.039, 40.1012], "timeVisible": 5.85363, "tipPosition": [-59.3594, 226.478, 40.112], "tipVelocity": [5.75454, -13.763, -2.69541], "tool": false, "touchDistance": 0.285958, "touchZone": "hovering", "type": 1, "width": 14.572}, {"bases": [[[0.574536, 0.798728, 0.178721], [-0.719091, 0.388299, 0.576309], [0.390917, -0.459627, 0.79745]], [[0.459506, 0.887827, -0.0248405], [-0.840911, 0.443885, 0.309572], [0.285872, -0.121361, 0.950552]], [[0.459506, 0.887827, -0.0248405], [-0.885456, 0.455733, -0.0909689], [-0.069444, 0.0637959, 0.995544]], [[0.459506, 0.887827, -0.0248405], [-0.784104, 0.392369, -0.480861], [-0.417175, 0.240436, 0.876445]]], "btipPosition": [-55.9726, 191.241, 78.5502], "carpPosition": [-58.1158, 192.358, 158.123], "dipPosition": [-48.5108, 195.541, 94.2268], "direction": [-0.069444, -0.0637959, -0.995544], "extended": false, "handId": 68, "id": 680, "length": 39.8308, "mcpPosition": [-58.1158, 192.358, 158.123], "pipPosition": [-46.7012, 197.204, 120.169], "stabilizedTipPosition": [-53.7155, 191.892, 82.2955], "timeVisible": 5.85363, "tipPosition": [-53.1263, 193.186, 82.2424], "tipVelocity": [-0.811266, -5.15805, -1.02657], "tool": false, "touchDistance": 0.305164, "touchZone": "hovering", "type": 0, "width": 15.2554}, {"bases": [[[0.941308, -0.318405, -0.112056], [0.337123, 0.903465, 0.264763], [0.0169371, -0.287, 0.957781]], [[0.941192, -0.33014, -0.071865], [0.0909588, 0.452428, -0.88715], [0.325398, 0.828442, 0.455851]], [[0.941192, -0.33014, -0.071865], [-0.306142, -0.7433, -0.594795], [0.142949, 0.581818, -0.800658]], [[0.941192, -0.33014, -0.071865], [-0.326007, -0.943232, 0.0635014], [-0.0887497, -0.0363385, -0.995391]]], "btipPosition": [-62.6828, 182.237, 116.09], "carpPosition": [-77.4471, 208.862, 154.637], "dipPosition": [-61.4082, 181.715, 101.794], "direction": [0.142949, -0.581818, 0.800658], "extended": false, "handId": 68, "id": 682, "length": 51.2108, "mcpPosition": [-76.5018, 224.878, 101.186], "pipPosition": [-64.5149, 194.36, 84.393], "stabilizedTipPosition": [-62.5415, 180.92, 112.724], "timeVisible": 5.85363, "tipPosition": [-63.0389, 181.71, 112.104], "tipVelocity": [-0.813597, -2.29128, 0.448886], "tool": false, "touchDistance": 0.713359, "touchZone": "none", "type": 2, "width": 14.3116}, {"bases": [[[0.905431, -0.424364, 0.0104723], [0.403882, 0.868798, 0.286477], [-0.130669, -0.255156, 0.95803]], [[0.908211, -0.418349, -0.0116898], [0.174872, 0.404718, -0.897565], [0.380226, 0.813134, 0.440727]], [[0.908211, -0.418349, -0.0116898], [-0.351451, -0.74722, -0.564043], [0.227232, 0.516379, -0.825662]], [[0.908211, -0.418349, -0.0116898], [-0.415711, -0.905006, 0.0902734], [-0.0483451, -0.0771277, -0.995848]]], "btipPosition": [-76.3264, 181.774, 121.752], "carpPosition": [-86.8834, 206.587, 153.103], "dipPosition": [-75.6361, 180.673, 107.532], "direction": [0.227232, -0.516379, 0.825662], "extended": false, "handId": 68, "id": 683, "length": 49.2406, "mcpPosition": [-93.4306, 219.372, 105.1], "pipPosition": [-80.447, 191.606, 90.0509], "stabilizedTipPosition": [-75.8047, 180.772, 118.468], "timeVisible": 5.85363, "tipPosition": [-76.3699, 181.535, 118.106], "tipVelocity": [-1.15215, -0.598849, 0.496026], "tool": false, "touchDistance": 0.80802, "touchZone": "none", "type": 3, "width": 13.6184}, {"bases": [[[0.804959, -0.588722, 0.0738042], [0.526651, 0.766239, 0.368125], [-0.273275, -0.257457, 0.926842]], [[0.819065, -0.573297, 0.0215197], [0.304075, 0.40201, -0.86367], [0.486489, 0.713945, 0.503598]], [[0.819065, -0.573297, 0.0215197], [-0.4323, -0.641413, -0.633803], [0.377161, 0.509823, -0.773195]], [[0.819065, -0.573297, 0.0215197], [-0.573147, -0.819346, -0.0132162], [0.0252089, -0.00150904, -0.999681]]], "btipPosition": [-88.5354, 183.721, 120.016], "carpPosition": [-94.9771, 198.674, 151.887], "dipPosition": [-88.8675, 183.701, 106.847], "direction": [0.377161, -0.509823, 0.773195], "extended": false, "handId": 68, "id": 684, "length": 38.6037, "mcpPosition": [-107.652, 210.615, 108.898], "pipPosition": [-94.5054, 191.322, 95.289], "stabilizedTipPosition": [-88.4525, 182.683, 117.027], "timeVisible": 5.85363, "tipPosition": [-89.0584, 183.429, 116.716], "tipVelocity": [-0.752662, 0.181248, 0.337486], "tool": false, "touchDistance": 0.783121, "touchZone": "none", "type": 4, "width": 12.0969}], "r": [[0.925632, 0.167027, 0.339571], [-0.140002, 0.984803, -0.102771], [-0.351576, 0.0475876, 0.934949]], "s": 0.968356, "t": [54.3458, 49.0761, -15.7924], "timestamp": 17460208019}, {"currentFrameRate": 115.114, "devices": [], "gestures": [], "hands": [{"armBasis": [[0.950826, -0.290208, -0.108209], [-0.0651461, -0.528945, 0.846152], [-0.302796, -0.797494, -0.52184]], "armWidth": 48.9085, "confidence": 1, "direction": [-0.0407592, 0.418002, -0.907531], "elbow": [-12.3386, 8.67203, 50.5652], "grabAngle": 2.72573, "grabStrength": 0, "id": 68, "palmNormal": [0.191911, -0.8881, -0.417671], "palmPosition": [-77.3471, 212.962, 117.847], "palmVelocity": [3.33458, 0.985173, -2.33573], "palmWidth": 72.7825, "pinchDistance": 42.3795, "pinchStrength": 0.565034, "r": [[0.925624, 0.167133, 0.339539], [-0.140082, 0.984782, -0.102863], [-0.351564, 0.0476487, 0.934951]], "s": 0.968168, "sphereCenter": [-85.2768, 184.71, 90.9478], "sphereRadius": 39.1571, "stabilizedPalmPosition": [-76.2026, 213.163, 117.452], "t": [-54.319, 49.0744, -15.8123], "timeVisible": 5.86226, "type": "left", "wrist": [-77.7341, 180.908, 163.268]}], "id": 44747, "interactionBox": {"center": [0, 200, 0], "size": [235.247, 235.247, 147.751]}, "pointables": [{"bases": [[[0.973489, -0.118291, -0.195772], [0.171325, 0.944162, 0.281434], [0.151549, -0.307514, 0.939398]], [[0.983889, -0.178778, 0.000817077], [0.178695, 0.983554, 0.0262675], [-0.00549967, -0.0256983, 0.999655]], [[0.983889, -0.178778, 0.000817077], [0.178368, 0.981305, -0.0722874], [0.0121216, 0.0712686, 0.997384]], [[0.983889, -0.178778, 0.000817077], [0.177696, 0.977413, -0.114402], [0.0196539, 0.112704, 0.993434]]], "btipPosition": [-58.557, 224.74, 37.0813], "carpPosition": [-67.7753, 208.588, 156.583], "dipPosition": [-58.8136, 226.212, 50.0535], "direction": [0.0121216, -0.0712686, -0.997384], "extended": true, "handId": 68, "id": 681, "length": 44.9446, "mcpPosition": [-58.857, 226.685, 101.301], "pipPosition": [-59.0375, 227.529, 68.4778], "stabilizedTipPosition": [-58.7889, 223.048, 40.101], "timeVisible": 5.86226, "tipPosition": [-59.317, 226.481, 40.0942], "tipVelocity": [7.11127, -5.54689, -1.63393], "tool": false, "touchDistance": 0.285723, "touchZone": "hovering", "type": 1, "width": 14.572}, {"bases": [[[0.574181, 0.798972, 0.178774], [-0.719235, 0.387907, 0.576393], [0.391175, -0.459534, 0.797377]], [[0.45918, 0.888001, -0.0246413], [-0.841148, 0.443539, 0.309424], [0.285699, -0.121355, 0.950605]], [[0.45918, 0.888001, -0.0246413], [-0.885596, 0.455405, -0.0912436], [-0.0698027, 0.0637195, 0.995524]], [[0.45918, 0.888001, -0.0246413], [-0.784103, 0.392105, -0.481078], [-0.417536, 0.240223, 0.876331]]], "btipPosition": [-55.9784, 191.242, 78.5294], "carpPosition": [-58.0988, 192.353, 158.102], "dipPosition": [-48.5101, 195.538, 94.204], "direction": [-0.0698027, -0.0637195, -0.995524], "extended": false, "handId": 68, "id": 680, "length": 39.8308, "mcpPosition": [-58.0988, 192.353, 158.102], "pipPosition": [-46.6912, 197.199, 120.145], "stabilizedTipPosition": [-53.7161, 191.892, 82.2953], "timeVisible": 5.86226, "tipPosition": [-53.1064, 193.185, 82.2213], "tipVelocity": [-0.496905, -0.00281115, -2.4666], "tool": false, "touchDistance": 0.304809, "touchZone": "hovering", "type": 0, "width": 15.2554}, {"bases": [[[0.941448, -0.317962, -0.112146], [0.336724, 0.903591, 0.264841], [0.0171249, -0.287096, 0.957749]], [[0.941341, -0.329674, -0.0720528], [0.090525, 0.45239, -0.887214], [0.325087, 0.828648, 0.455697]], [[0.941341, -0.329674, -0.0720528], [-0.30591, -0.743525, -0.594634], [0.142462, 0.581796, -0.800761]], [[0.941341, -0.329674, -0.0720528], [-0.325516, -0.943389, 0.0636821], [-0.0889682, -0.0364922, -0.995366]]], "btipPosition": [-62.6727, 182.242, 116.078], "carpPosition": [-77.4223, 208.866, 154.616], "dipPosition": [-61.3949, 181.718, 101.783], "direction": [0.142462, -0.581796, 0.800761], "extended": false, "handId": 68, "id": 682, "length": 51.2108, "mcpPosition": [-76.4666, 224.888, 101.167], "pipPosition": [-64.4911, 194.362, 84.3798], "stabilizedTipPosition": [-62.5412, 180.922, 112.724], "timeVisible": 5.86226, "tipPosition": [-63.0236, 181.713, 112.082], "tipVelocity": [1.25114, 0.519605, -1.29728], "tool": false, "touchDistance": 0.713172, "touchZone": "none", "type": 2, "width": 14.3116}, {"bases": [[[0.905626, -0.423951, 0.0103731], [0.4035, 0.868952, 0.286548], [-0.130496, -0.25532, 0.95801]], [[0.908443, -0.417832, -0.0121489], [0.174199, 0.404841, -0.897641], [0.379981, 0.813339, 0.440561]], [[0.908443, -0.417832, -0.0121489], [-0.351323, -0.747447, -0.563822], [0.226502, 0.516469, -0.825807]], [[0.908443, -0.417832, -0.0121489], [-0.415145, -0.905235, 0.0905781], [-0.0488441, -0.0772415, -0.995815]]], "btipPosition": [-76.3249, 181.784, 121.74], "carpPosition": [-86.8596, 206.596, 153.082], "dipPosition": [-75.6274, 180.681, 107.52], "direction": [0.226502, -0.516469, 0.825807], "extended": false, "handId": 68, "id": 683, "length": 49.2406, "mcpPosition": [-93.3981, 219.389, 105.08], "pipPosition": [-80.4229, 191.616, 90.0362], "stabilizedTipPosition": [-75.8052, 180.774, 118.468], "timeVisible": 5.86226, "tipPosition": [-76.3553, 181.543, 118.083], "tipVelocity": [0.366268, 1.11198, -1.39382], "tool": false, "touchDistance": 0.80782, "touchZone": "none", "type": 3, "width": 13.6184}, {"bases": [[[0.805233, -0.588361, 0.073693], [0.526321, 0.76644, 0.368178], [-0.273103, -0.257683, 0.92683]], [[0.819497, -0.572709, 0.0207191], [0.303099, 0.402459, -0.863804], [0.48637, 0.714165, 0.503402]], [[0.819497, -0.572709, 0.0207191], [-0.43237, -0.641605, -0.633561], [0.376139, 0.510243, -0.773415]], [[0.819497, -0.572709, 0.0207191], [-0.572564, -0.819758, -0.0129146], [0.0243809, -0.00127959, -0.999702]]], "btipPosition": [-88.5366, 183.729, 120.003], "carpPosition": [-94.9569, 198.687, 151.864], "dipPosition": [-88.8578, 183.712, 106.833], "direction": [0.376139, -0.510243, 0.773415], "extended": false, "handId": 68, "id": 684, "length": 38.6037, "mcpPosition": [-107.624, 210.639, 108.876], "pipPosition": [-94.4804, 191.339, 95.2721], "stabilizedTipPosition": [-88.4527, 182.685, 117.027], "timeVisible": 5.86226, "tipPosition": [-89.0426, 183.444, 116.692], "tipVelocity": [0.156801, 1.02, -1.55118], "tool": false, "touchDistance": 0.782898, "touchZone": "none", "type": 4, "width": 12.0969}], "r": [[0.925624, 0.167133, 0.339539], [-0.140082, 0.984782, -0.102863], [-0.351564, 0.0476487, 0.934951]], "s": 0.968168, "t": [54.319, 49.0744, -15.8123], "timestamp": 17460216651}, {"currentFrameRate": 115.094, "devices": [], "gestures": [], "hands": [{"armBasis": [[0.950941, -0.289672, -0.108632], [-0.0644501, -0.528925, 0.846218], [-0.302584, -0.797702, -0.521646]], "armWidth": 48.9085, "confidence": 1, "direction": [-0.0401867, 0.417947, -0.907582], "elbow": [-12.3908, 8.65816, 50.6137], "grabAngle": 2.72588, "grabStrength": 0, "id": 68, "palmNormal": [0.190915, -0.88837, -0.417553], "palmPosition": [-77.3205, 212.985, 117.849], "palmVelocity": [3.04962, 2.59996, 0.222782], "palmWidth": 72.7825, "pinchDistance": 42.362, "pinchStrength": 0.564837, "r": [[0.925585, 0.167441, 0.339492], [-0.140378, 0.984731, -0.102955], [-0.351547, 0.0476368, 0.934957]], "s": 0.96807, "sphereCenter": [-85.2911, 184.731, 90.9522], "sphereRadius": 39.1638, "stabilizedPalmPosition": [-76.204, 213.163, 117.452], "t": [-54.2923, 49.0848, -15.8213], "timeVisible": 5.87099, "type": "left", "wrist": [-77.7404, 180.939, 163.275]}], "id": 44748, "interactionBox": {"center": [0, 200, 0], "size": [235.247, 235.247, 147.751]}, "pointables": [{"bases": [[[0.973607, -0.117179, -0.195851], [0.170252, 0.944393, 0.281312], [0.151996, -0.307231, 0.939418]], [[0.9841, -0.177614, 0.000685045], [0.177539, 0.98378, 0.0256384], [-0.00522768, -0.0251091, 0.999671]], [[0.9841, -0.177614, 0.000685045], [0.177201, 0.981531, -0.0720849], [0.0121309, 0.0710601, 0.997398]], [[0.9841, -0.177614, 0.000685045], [0.17652, 0.977597, -0.114655], [0.0196946, 0.112953, 0.993405]]], "btipPosition": [-58.5032, 224.721, 37.083], "carpPosition": [-67.7575, 208.604, 156.586], "dipPosition": [-58.7604, 226.196, 50.0549], "direction": [0.0121309, -0.0710601, -0.997398], "extended": true, "handId": 68, "id": 681, "length": 44.9446, "mcpPosition": [-58.8128, 226.684, 101.303], "pipPosition": [-58.9845, 227.508, 68.4794], "stabilizedTipPosition": [-58.7879, 223.057, 40.1009], "timeVisible": 5.87099, "tipPosition": [-59.2668, 226.473, 40.0963], "tipVelocity": [6.14996, -2.1468, 0.185784], "tool": false, "touchDistance": 0.28575, "touchZone": "hovering", "type": 1, "width": 14.572}, {"bases": [[[0.573266, 0.799661, 0.17863], [-0.719632, 0.387134, 0.576418], [0.391785, -0.458988, 0.797392]], [[0.458197, 0.888508, -0.0247011], [-0.841617, 0.442619, 0.309467], [0.285897, -0.121008, 0.950589]], [[0.458197, 0.888508, -0.0247011], [-0.886103, 0.45442, -0.0912382], [-0.0698411, 0.0636928, 0.995523]], [[0.458197, 0.888508, -0.0247011], [-0.784525, 0.391198, -0.481129], [-0.417824, 0.239831, 0.876302]]], "btipPosition": [-55.9778, 191.24, 78.5367], "carpPosition": [-58.1, 192.358, 158.108], "dipPosition": [-48.5044, 195.53, 94.2107], "direction": [-0.0698411, -0.0636928, -0.995523], "extended": false, "handId": 68, "id": 680, "length": 39.8308, "mcpPosition": [-58.1, 192.358, 158.108], "pipPosition": [-46.6845, 197.19, 120.152], "stabilizedTipPosition": [-53.7166, 191.892, 82.2952], "timeVisible": 5.87099, "tipPosition": [-53.1, 193.175, 82.2278], "tipVelocity": [0.201004, -0.335077, 0.818149], "tool": false, "touchDistance": 0.304928, "touchZone": "hovering", "type": 0, "width": 15.2554}, {"bases": [[[0.941807, -0.316878, -0.112199], [0.335696, 0.904012, 0.264707], [0.0175496, -0.286968, 0.957779]], [[0.94172, -0.328558, -0.072198], [0.0897657, 0.452276, -0.887349], [0.324199, 0.829154, 0.45541]], [[0.94172, -0.328558, -0.072198], [-0.305128, -0.743918, -0.594544], [0.141633, 0.581923, -0.800815]], [[0.94172, -0.328558, -0.072198], [-0.324378, -0.94377, 0.0638509], [-0.0891171, -0.0367102, -0.995344]]], "btipPosition": [-62.6835, 182.244, 116.09], "carpPosition": [-77.4039, 208.893, 154.618], "dipPosition": [-61.4036, 181.717, 101.795], "direction": [0.141633, -0.581923, 0.800815], "extended": false, "handId": 68, "id": 682, "length": 51.2108, "mcpPosition": [-76.4245, 224.908, 101.167], "pipPosition": [-64.4817, 194.364, 84.3911], "stabilizedTipPosition": [-62.541, 180.924, 112.724], "timeVisible": 5.87099, "tipPosition": [-63.0326, 181.719, 112.089], "tipVelocity": [-1.18064, 0.0896389, 1.39784], "tool": false, "touchDistance": 0.713375, "touchZone": "none", "type": 2, "width": 14.3116}, {"bases": [[[0.90612, -0.422894, 0.0103354], [0.402515, 0.869454, 0.286412], [-0.130108, -0.255363, 0.958051]], [[0.908952, -0.416715, -0.0124024], [0.173342, 0.40482, -0.897816], [0.379154, 0.813922, 0.440197]], [[0.908952, -0.416715, -0.0124024], [-0.350599, -0.747965, -0.563586], [0.225578, 0.516621, -0.825964]], [[0.908952, -0.416715, -0.0124024], [-0.413995, -0.905726, 0.0909274], [-0.049124, -0.0775142, -0.99578]]], "btipPosition": [-76.3414, 181.805, 121.755], "carpPosition": [-86.8437, 206.634, 153.083], "dipPosition": [-75.6399, 180.698, 107.535], "direction": [0.225578, -0.516621, 0.825964], "extended": false, "handId": 68, "id": 683, "length": 49.2406, "mcpPosition": [-93.3628, 219.429, 105.08], "pipPosition": [-80.4158, 191.636, 90.0483], "stabilizedTipPosition": [-75.8058, 180.775, 118.468], "timeVisible": 5.87099, "tipPosition": [-76.3652, 181.564, 118.089], "tipVelocity": [-1.78549, 2.26974, 1.72906], "tool": false, "touchDistance": 0.808071, "touchZone": "none", "type": 3, "width": 13.6184}, {"bases": [[[0.805925, -0.587414, 0.0736834], [0.525463, 0.767095, 0.368042], [-0.272715, -0.257896, 0.926885]], [[0.820334, -0.571534, 0.0200134], [0.301799, 0.402922, -0.864044], [0.485767, 0.714845, 0.503019]], [[0.820334, -0.571534, 0.0200134], [-0.431946, -0.642157, -0.633291], [0.374799, 0.510865, -0.773655]], [[0.820334, -0.571534, 0.0200134], [-0.571398, -0.820577, -0.0125513], [0.0235961, -0.00113935, -0.999721]]], "btipPosition": [-88.5585, 183.756, 120.016], "carpPosition": [-94.9501, 198.734, 151.866], "dipPosition": [-88.8693, 183.741, 106.847], "direction": [0.374799, -0.510865, 0.773655], "extended": false, "handId": 68, "id": 684, "length": 38.6037, "mcpPosition": [-107.599, 210.696, 108.875], "pipPosition": [-94.4719, 191.378, 95.2818], "stabilizedTipPosition": [-88.453, 182.687, 117.027], "timeVisible": 5.87099, "tipPosition": [-89.0498, 183.48, 116.697], "tipVelocity": [-2.23799, 3.19239, 1.54423], "tool": false, "touchDistance": 0.783122, "touchZone": "none", "type": 4, "width": 12.0969}], "r": [[0.925585, 0.167441, 0.339492], [-0.140378, 0.984731, -0.102955], [-0.351547, 0.0476368, 0.934957]], "s": 0.96807, "t": [54.2923, 49.0848, -15.8213], "timestamp": 17460225374}, {"currentFrameRate": 115.181, "devices": [], "gestures": [], "hands": [{"armBasis": [[0.951122, -0.28904, -0.108736], [-0.0637883, -0.528391, 0.846601], [-0.302157, -0.798285, -0.521002]], "armWidth": 48.9085, "confidence": 1, "direction": [-0.0396194, 0.417347, -0.907883], "elbow": [-12.4901, 8.59986, 50.776], "grabAngle": 2.72533, "grabStrength": 0, "id": 68, "palmNormal": [0.190145, -0.888845, -0.416893], "palmPosition": [-77.2916, 213.019, 117.849], "palmVelocity": [3.3797, 4.01103, 0.0397479], "palmWidth": 72.7825, "pinchDistance": 42.3414, "pinchStrength": 0.564643, "r": [[0.925535, 0.167912, 0.339397], [-0.140806, 0.984648, -0.103163], [-0.351509, 0.0476915, 0.934969]], "s": 0.968086, "sphereCenter": [-85.2994, 184.748, 90.9696], "sphereRadius": 39.1736, "stabilizedPalmPosition": [-76.2057, 213.163, 117.453], "t": [-54.2645, 49.1072, -15.8256], "timeVisible": 5.87952, "type": "left", "wrist": [-77.7474, 181.007, 163.298]}], "id": 44749, "interactionBox": {"center": [0, 200, 0], "size": [235.247, 235.247, 147.751]}, "pointables": [{"bases": [[[0.973683, -0.116388, -0.19595], [0.169402, 0.944753, 0.280616], [0.152464, -0.306425, 0.939605]], [[0.984271, -0.176663, 0.000588927], [0.176597, 0.983981, 0.0243988], [-0.00488987, -0.023911, 0.999702]], [[0.984271, -0.176663, 0.000588927], [0.176249, 0.981723, -0.0718022], [0.0121067, 0.0707767, 0.997419]], [[0.984271, -0.176663, 0.000588927], [0.175598, 0.97796, -0.112958], [0.0193796, 0.111285, 0.9936]]], "btipPosition": [-58.4517, 224.713, 37.0732], "carpPosition": [-67.74, 208.656, 156.591], "dipPosition": [-58.7048, 226.167, 50.0476], "direction": [0.0121067, -0.0707767, -0.997419], "extended": true, "handId": 68, "id": 681, "length": 44.9446, "mcpPosition": [-58.7678, 226.689, 101.298], "pipPosition": [-58.9284, 227.474, 68.4726], "stabilizedTipPosition": [-58.7866, 223.066, 40.1007], "timeVisible": 5.87952, "tipPosition": [-59.2094, 226.433, 40.0905], "tipVelocity": [6.14692, -1.45453, -1.0773], "tool": false, "touchDistance": 0.285597, "touchZone": "hovering", "type": 1, "width": 14.572}, {"bases": [[[0.572536, 0.800333, 0.177961], [-0.719894, 0.386852, 0.576279], [0.392371, -0.458054, 0.797642]], [[0.457431, 0.888886, -0.0252749], [-0.841939, 0.442068, 0.309376], [0.286173, -0.120238, 0.950604]], [[0.457431, 0.888886, -0.0252749], [-0.886502, 0.453604, -0.0914171], [-0.0697945, 0.0642232, 0.995492]], [[0.457431, 0.888886, -0.0252749], [-0.784814, 0.390183, -0.481481], [-0.41812, 0.24008, 0.876092]]], "btipPosition": [-55.9692, 191.236, 78.559], "carpPosition": [-58.0983, 192.402, 158.127], "dipPosition": [-48.4905, 195.53, 94.2293], "direction": [-0.0697945, -0.0642232, -0.995492], "extended": false, "handId": 68, "id": 680, "length": 39.8308, "mcpPosition": [-58.0983, 192.402, 158.127], "pipPosition": [-46.6718, 197.203, 120.17], "stabilizedTipPosition": [-53.7169, 191.893, 82.2951], "timeVisible": 5.87952, "tipPosition": [-53.0844, 193.161, 82.2465], "tipVelocity": [1.15253, -0.446102, 2.52039], "tool": false, "touchDistance": 0.305286, "touchZone": "hovering", "type": 0, "width": 15.2554}, {"bases": [[[0.942088, -0.316057, -0.112152], [0.334882, 0.904518, 0.26401], [0.0180011, -0.286278, 0.957978]], [[0.942021, -0.327699, -0.0721815], [0.0890693, 0.45159, -0.887769], [0.323517, 0.829867, 0.454595]], [[0.942021, -0.327699, -0.0721815], [-0.304552, -0.744664, -0.593905], [0.140871, 0.581453, -0.801291]], [[0.942021, -0.327699, -0.0721815], [-0.323441, -0.944033, 0.0647034], [-0.089345, -0.0376055, -0.995291]]], "btipPosition": [-62.6851, 182.262, 116.122], "carpPosition": [-77.3858, 208.953, 154.622], "dipPosition": [-61.402, 181.722, 101.828], "direction": [0.140871, -0.581454, 0.801291], "extended": false, "handId": 68, "id": 682, "length": 51.2108, "mcpPosition": [-76.3812, 224.93, 101.16], "pipPosition": [-64.4635, 194.359, 84.4132], "stabilizedTipPosition": [-62.5408, 180.925, 112.725], "timeVisible": 5.87952, "tipPosition": [-63.0322, 181.736, 112.114], "tipVelocity": [-0.104896, 1.81213, 3.73969], "tool": false, "touchDistance": 0.713907, "touchZone": "none", "type": 2, "width": 14.3116}, {"bases": [[[0.906525, -0.422022, 0.010464], [0.401738, 0.870039, 0.285726], [-0.129687, -0.254814, 0.958254]], [[0.909396, -0.415738, -0.0127064], [0.172323, 0.404395, -0.898203], [0.378556, 0.814633, 0.439396]], [[0.909396, -0.415738, -0.0127064], [-0.350129, -0.748676, -0.562933], [0.22452, 0.516378, -0.826405]], [[0.909396, -0.415738, -0.0127064], [-0.412961, -0.906123, 0.0916745], [-0.0496262, -0.0781212, -0.995708]]], "btipPosition": [-76.354, 181.835, 121.783], "carpPosition": [-86.8275, 206.702, 153.086], "dipPosition": [-75.6454, 180.719, 107.565], "direction": [0.22452, -0.516378, 0.826405], "extended": false, "handId": 68, "id": 683, "length": 49.2406, "mcpPosition": [-93.3255, 219.469, 105.073], "pipPosition": [-80.3989, 191.652, 90.0685], "stabilizedTipPosition": [-75.8064, 180.776, 118.468], "timeVisible": 5.87952, "tipPosition": [-76.3662, 181.598, 118.112], "tipVelocity": [-1.29017, 3.29411, 3.36059], "tool": false, "touchDistance": 0.808549, "touchZone": "none", "type": 3, "width": 13.6184}, {"bases": [[[0.806499, -0.586593, 0.0739462], [0.524799, 0.767854, 0.367405], [-0.272297, -0.257505, 0.927117]], [[0.821127, -0.570421, 0.0192539], [0.300272, 0.403065, -0.864509], [0.485373, 0.715653, 0.502249]], [[0.821127, -0.570421, 0.0192539], [-0.431771, -0.642893, -0.632663], [0.373262, 0.511183, -0.774188]], [[0.821127, -0.570421, 0.0192539], [-0.570301, -0.821351, -0.0117866], [0.0225375, -0.00130224, -0.999745]]], "btipPosition": [-88.5777, 183.789, 120.042], "carpPosition": [-94.9411, 198.809, 151.873], "dipPosition": [-88.8746, 183.772, 106.872], "direction": [0.373262, -0.511183, 0.774188], "extended": false, "handId": 68, "id": 684, "length": 38.6037, "mcpPosition": [-107.571, 210.752, 108.872], "pipPosition": [-94.4542, 191.413, 95.299], "stabilizedTipPosition": [-88.4533, 182.688, 117.027], "timeVisible": 5.87952, "tipPosition": [-89.0483, 183.525, 116.716], "tipVelocity": [-1.87626, 3.73615, 2.96895], "tool": false, "touchDistance": 0.783544, "touchZone": "none", "type": 4, "width": 12.0969}], "r": [[0.925535, 0.167912, 0.339397], [-0.140806, 0.984648, -0.103163], [-0.351509, 0.0476915, 0.934969]], "s": 0.968086, "t": [54.2645, 49.1072, -15.8256], "timestamp": 17460233907}, {"currentFrameRate": 115.174, "devices": [], "gestures": [], "hands": [{"armBasis": [[0.951294, -0.288387, -0.108966], [-0.0631034, -0.528125, 0.846819], [-0.301759, -0.798697, -0.5206]], "armWidth": 48.9085, "confidence": 1, "direction": [-0.0390474, 0.417031, -0.908053], "elbow": [-12.5873, 8.55851, 50.8862], "grabAngle": 2.72492, "grabStrength": 0, "id": 68, "palmNormal": [0.189232, -0.889216, -0.416517], "palmPosition": [-77.2675, 213.047, 117.86], "palmVelocity": [2.77562, 3.16083, 1.19991], "palmWidth": 72.7825, "pinchDistance": 42.3176, "pinchStrength": 0.56434, "r": [[0.925467, 0.168517, 0.339283], [-0.141366, 0.984542, -0.103403], [-0.351464, 0.0477328, 0.934984]], "s": 0.968173, "sphereCenter": [-85.3135, 184.77, 90.9898], "sphereRadius": 39.181, "stabilizedPalmPosition": [-76.2075, 213.162, 117.453], "t": [-54.2385, 49.1321, -15.8225], "timeVisible": 5.88821, "type": "left", "wrist": [-77.7588, 181.055, 163.321]}], "id": 44750, "interactionBox": {"center": [0, 200, 0], "size": [235.247, 235.247, 147.751]}, "pointables": [{"bases": [[[0.973783, -0.115406, -0.196031], [0.168411, 0.945047, 0.280221], [0.152919, -0.305888, 0.939707]], [[0.984464, -0.175587, 0.000509693], [0.175526, 0.984193, 0.0235464], [-0.00463607, -0.0230911, 0.999723]], [[0.984464, -0.175587, 0.000509693], [0.175171, 0.981923, -0.0717086], [0.0120906, 0.0706838, 0.997425]], [[0.984464, -0.175587, 0.000509693], [0.174562, 0.978398, -0.110751], [0.0189477, 0.109119, 0.993848]]], "btipPosition": [-58.4082, 224.717, 37.0766], "carpPosition": [-67.7257, 208.689, 156.605], "dipPosition": [-58.6556, 226.142, 50.0543], "direction": [0.0120906, -0.0706838, -0.997425], "extended": true, "handId": 68, "id": 681, "length": 44.9446, "mcpPosition": [-58.7267, 226.69, 101.305], "pipPosition": [-58.8789, 227.448, 68.4793], "stabilizedTipPosition": [-58.7851, 223.076, 40.1005], "timeVisible": 5.88821, "tipPosition": [-59.1596, 226.408, 40.098], "tipVelocity": [5.15672, -0.304991, 0.477355], "tool": false, "touchDistance": 0.285666, "touchZone": "hovering", "type": 1, "width": 14.572}, {"bases": [[[0.571688, 0.801025, 0.17757], [-0.72024, 0.386297, 0.57622], [0.392972, -0.457311, 0.797771]], [[0.45661, 0.889303, -0.0254522], [-0.842294, 0.44133, 0.309464], [0.28644, -0.119866, 0.950571]], [[0.45661, 0.889303, -0.0254522], [-0.886918, 0.452766, -0.0915393], [-0.0698823, 0.0643718, 0.995476]], [[0.45661, 0.889303, -0.0254522], [-0.785028, 0.389279, -0.481863], [-0.418614, 0.240004, 0.875877]]], "btipPosition": [-55.9733, 191.241, 78.5857], "carpPosition": [-58.1019, 192.425, 158.148], "dipPosition": [-48.4857, 195.534, 94.2522], "direction": [-0.0698823, -0.0643718, -0.995476], "extended": false, "handId": 68, "id": 680, "length": 39.8308, "mcpPosition": [-58.1019, 192.425, 158.148], "pipPosition": [-46.6647, 197.211, 120.192], "stabilizedTipPosition": [-53.7172, 191.893, 82.295], "timeVisible": 5.88821, "tipPosition": [-53.0787, 193.147, 82.2678], "tipVelocity": [-0.228775, 0.55972, 2.96596], "tool": false, "touchDistance": 0.305716, "touchZone": "hovering", "type": 0, "width": 15.2554}, {"bases": [[[0.942417, -0.315077, -0.11215], [0.333933, 0.904986, 0.263608], [0.0184371, -0.285879, 0.958088]], [[0.942365, -0.326731, -0.0720757], [0.08847, 0.451077, -0.888089], [0.322678, 0.830528, 0.453985]], [[0.942365, -0.326731, -0.0720757], [-0.303843, -0.745484, -0.59324], [0.140099, 0.580948, -0.801793]], [[0.942365, -0.326731, -0.0720757], [-0.322391, -0.944328, 0.0656398], [-0.0895097, -0.0386201, -0.995237]]], "btipPosition": [-62.696, 182.283, 116.161], "carpPosition": [-77.3709, 208.995, 154.634], "dipPosition": [-61.4104, 181.729, 101.867], "direction": [0.140099, -0.580948, 0.801793], "extended": false, "handId": 68, "id": 682, "length": 51.2108, "mcpPosition": [-76.342, 224.949, 101.165], "pipPosition": [-64.4552, 194.354, 84.4416], "stabilizedTipPosition": [-62.5407, 180.926, 112.725], "timeVisible": 5.88821, "tipPosition": [-63.0406, 181.746, 112.14], "tipVelocity": [-1.1814, 2.0417, 4.44268], "tool": false, "touchDistance": 0.714551, "touchZone": "none", "type": 2, "width": 14.3116}, {"bases": [[[0.906985, -0.421031, 0.0105126], [0.400828, 0.870588, 0.285329], [-0.129285, -0.254576, 0.958372]], [[0.909884, -0.414659, -0.0130019], [0.171387, 0.404245, -0.89845], [0.377807, 0.815257, 0.438884]], [[0.909884, -0.414659, -0.0130019], [-0.349544, -0.749368, -0.562376], [0.223451, 0.516241, -0.82678]], [[0.909884, -0.414659, -0.0130019], [-0.41183, -0.906571, 0.0923327], [-0.0500738, -0.0786575, -0.995643]]], "btipPosition": [-76.3758, 181.864, 121.813], "carpPosition": [-86.8148, 206.754, 153.098], "dipPosition": [-75.6608, 180.741, 107.596], "direction": [0.223451, -0.516241, 0.82678], "extended": false, "handId": 68, "id": 683, "length": 49.2406, "mcpPosition": [-93.2926, 219.509, 105.078], "pipPosition": [-80.3916, 191.671, 90.0918], "stabilizedTipPosition": [-75.8069, 180.777, 118.469], "timeVisible": 5.88821, "tipPosition": [-76.3762, 181.625, 118.135], "tipVelocity": [-2.33501, 3.14575, 3.5105], "tool": false, "touchDistance": 0.809058, "touchZone": "none", "type": 3, "width": 13.6184}, {"bases": [[[0.807146, -0.585686, 0.0740729], [0.524011, 0.76857, 0.367032], [-0.271896, -0.257434, 0.927254]], [[0.821992, -0.569203, 0.018362], [0.298784, 0.40358, -0.864784], [0.484827, 0.716332, 0.501808]], [[0.821992, -0.569203, 0.018362], [-0.431529, -0.643568, -0.632141], [0.371634, 0.511691, -0.774636]], [[0.821992, -0.569203, 0.018362], [-0.569095, -0.822196, -0.0111423], [0.0214394, -0.00129084, -0.999769]]], "btipPosition": [-88.6084, 183.819, 120.068], "carpPosition": [-94.9369, 198.869, 151.887], "dipPosition": [-88.8909, 183.802, 106.898], "direction": [0.371634, -0.511691, 0.774636], "extended": false, "handId": 68, "id": 684, "length": 38.6037, "mcpPosition": [-107.548, 210.809, 108.879], "pipPosition": [-94.4461, 191.451, 95.3182], "stabilizedTipPosition": [-88.4536, 182.69, 117.027], "timeVisible": 5.88821, "tipPosition": [-89.0555, 183.565, 116.737], "tipVelocity": [-3.15031, 3.54266, 3.01528], "tool": false, "touchDistance": 0.783981, "touchZone": "none", "type": 4, "width": 12.0969}], "r": [[0.925467, 0.168517, 0.339283], [-0.141366, 0.984542, -0.103403], [-0.351464, 0.0477328, 0.934984]], "s": 0.968173, "t": [54.2385, 49.1321, -15.8225], "timestamp": 17460242602}, {"currentFrameRate": 115.154, "devices": [], "gestures": [], "hands": [{"armBasis": [[0.951404, -0.28807, -0.108841], [-0.0628375, -0.527613, 0.847158], [-0.301467, -0.79915, -0.520075]], "armWidth": 48.9085, "confidence": 1, "direction": [-0.0388015, 0.416474, -0.908319], "elbow": [-12.6396, 8.50465, 51.001], "grabAngle": 2.72369, "grabStrength": 0, "id": 68, "palmNormal": [0.189061, -0.889526, -0.415933], "palmPosition": [-77.2393, 213.063, 117.841], "palmVelocity": [3.23579, 1.84557, -2.1228], "palmWidth": 72.7825, "pinchDistance": 42.3194, "pinchStrength": 0.564705, "r": [[0.925413, 0.169092, 0.339143], [-0.141868, 0.984437, -0.103714], [-0.351403, 0.0478642, 0.935]], "s": 0.968322, "sphereCenter": [-85.3042, 184.772, 90.985], "sphereRadius": 39.1897, "stabilizedPalmPosition": [-76.2092, 213.162, 117.454], "t": [-54.2114, 49.1526, -15.8302], "timeVisible": 5.89693, "type": "left", "wrist": [-77.7479, 181.099, 163.322]}], "id": 44751, "interactionBox": {"center": [0, 200, 0], "size": [235.247, 235.247, 147.751]}, "pointables": [{"bases": [[[0.973784, -0.115273, -0.196105], [0.168205, 0.945266, 0.279605], [0.15314, -0.305261, 0.939874]], [[0.984511, -0.175322, 0.000451568], [0.175265, 0.984253, 0.0229933], [-0.00447568, -0.022558, 0.999736]], [[0.984511, -0.175322, 0.000451568], [0.174911, 0.982021, -0.0710055], [0.0120054, 0.0699847, 0.997476]], [[0.984511, -0.175322, 0.000451568], [0.174362, 0.978846, -0.107045], [0.0183253, 0.105465, 0.994254]]], "btipPosition": [-58.3783, 224.761, 37.0457], "carpPosition": [-67.7044, 208.727, 156.59], "dipPosition": [-58.6176, 226.138, 50.0287], "direction": [0.0120054, -0.0699847, -0.997476], "extended": true, "handId": 68, "id": 681, "length": 44.9446, "mcpPosition": [-58.6924, 226.691, 101.281], "pipPosition": [-58.8394, 227.431, 68.4547], "stabilizedTipPosition": [-58.7835, 223.084, 40.1002], "timeVisible": 5.89693, "tipPosition": [-59.113, 226.365, 40.0736], "tipVelocity": [3.63765, 3.78771, -3.40371], "tool": false, "touchDistance": 0.285172, "touchZone": "hovering", "type": 1, "width": 14.572}, {"bases": [[[0.571504, 0.801286, 0.176983], [-0.720255, 0.386467, 0.576087], [0.393212, -0.456709, 0.797998]], [[0.456388, 0.889399, -0.0260513], [-0.842382, 0.441319, 0.309241], [0.286536, -0.119189, 0.950627]], [[0.456388, 0.889399, -0.0260513], [-0.887023, 0.452475, -0.0919569], [-0.0699988, 0.0650762, 0.995422]], [[0.456388, 0.889399, -0.0260513], [-0.784908, 0.388634, -0.48258], [-0.419082, 0.240692, 0.875464]]], "btipPosition": [-55.9641, 191.219, 78.5895], "carpPosition": [-58.0851, 192.461, 158.145], "dipPosition": [-48.4681, 195.524, 94.2486], "direction": [-0.0699988, -0.0650762, -0.995422], "extended": false, "handId": 68, "id": 680, "length": 39.8308, "mcpPosition": [-58.0851, 192.461, 158.145], "pipPosition": [-46.6441, 197.22, 120.187], "stabilizedTipPosition": [-53.7176, 191.893, 82.295], "timeVisible": 5.89693, "tipPosition": [-53.0519, 193.133, 82.2653], "tipVelocity": [1.27291, -2.13779, 0.23939], "tool": false, "touchDistance": 0.305751, "touchZone": "hovering", "type": 0, "width": 15.2554}, {"bases": [[[0.942482, -0.314899, -0.112095], [0.333735, 0.905238, 0.262993], [0.018656, -0.285276, 0.958264]], [[0.942447, -0.326436, -0.0723384], [0.0879344, 0.450726, -0.888321], [0.322585, 0.830834, 0.45349]], [[0.942447, -0.326436, -0.0723384], [-0.303826, -0.745789, -0.592865], [0.139584, 0.580722, -0.802046]], [[0.942447, -0.326436, -0.0723384], [-0.322041, -0.944413, 0.0661401], [-0.0899078, -0.0390377, -0.995185]]], "btipPosition": [-62.6825, 182.288, 116.158], "carpPosition": [-77.3493, 209.034, 154.618], "dipPosition": [-61.3912, 181.728, 101.865], "direction": [0.139584, -0.580722, 0.802046], "extended": false, "handId": 68, "id": 682, "length": 51.2108, "mcpPosition": [-76.3081, 224.955, 101.14], "pipPosition": [-64.4248, 194.349, 84.434], "stabilizedTipPosition": [-62.5405, 180.928, 112.725], "timeVisible": 5.89693, "tipPosition": [-63.0194, 181.755, 112.143], "tipVelocity": [1.70061, 0.419255, -0.301476], "tool": false, "touchDistance": 0.714507, "touchZone": "none", "type": 2, "width": 14.3116}, {"bases": [[[0.907097, -0.420786, 0.0106392], [0.400642, 0.870871, 0.284725], [-0.129074, -0.254011, 0.95855]], [[0.910061, -0.414254, -0.0135115], [0.170576, 0.404044, -0.898695], [0.377747, 0.815562, 0.438367]], [[0.910061, -0.414254, -0.0135115], [-0.34957, -0.749628, -0.562014], [0.222688, 0.51619, -0.827018]], [[0.910061, -0.414254, -0.0135115], [-0.411366, -0.906742, 0.0927217], [-0.0506618, -0.0788242, -0.9956]]], "btipPosition": [-76.3706, 181.869, 121.811], "carpPosition": [-86.7935, 206.794, 153.082], "dipPosition": [-75.6472, 180.744, 107.594], "direction": [0.222688, -0.51619, 0.827018], "extended": false, "handId": 68, "id": 683, "length": 49.2406, "mcpPosition": [-93.2608, 219.522, 105.053], "pipPosition": [-80.3618, 191.673, 90.0845], "stabilizedTipPosition": [-75.8075, 180.778, 118.469], "timeVisible": 5.89693, "tipPosition": [-76.3561, 181.641, 118.137], "tipVelocity": [0.822769, 0.55036, -0.311527], "tool": false, "touchDistance": 0.809013, "touchZone": "none", "type": 3, "width": 13.6184}, {"bases": [[[0.807311, -0.585428, 0.0743174], [0.523864, 0.768937, 0.366474], [-0.271689, -0.256926, 0.927456]], [[0.822413, -0.568622, 0.0174687], [0.29757, 0.403807, -0.865097], [0.484859, 0.716665, 0.501301]], [[0.822413, -0.568622, 0.0174687], [-0.431698, -0.643786, -0.631804], [0.370504, 0.512063, -0.774931]], [[0.822413, -0.568622, 0.0174687], [-0.568522, -0.822598, -0.0107532], [0.0204842, -0.00108779, -0.99979]]], "btipPosition": [-88.6081, 183.821, 120.065], "carpPosition": [-94.9175, 198.911, 151.875], "dipPosition": [-88.8779, 183.806, 106.894], "direction": [0.370504, -0.512063, 0.774931], "extended": false, "handId": 68, "id": 684, "length": 38.6037, "mcpPosition": [-107.519, 210.828, 108.857], "pipPosition": [-94.4163, 191.461, 95.3103], "stabilizedTipPosition": [-88.4539, 182.692, 117.027], "timeVisible": 5.89693, "tipPosition": [-89.0343, 183.584, 116.736], "tipVelocity": [0.374726, 0.207809, -0.381847], "tool": false, "touchDistance": 0.783926, "touchZone": "none", "type": 4, "width": 12.0969}], "r": [[0.925413, 0.169092, 0.339143], [-0.141868, 0.984437, -0.103714], [-0.351403, 0.0478642, 0.935]], "s": 0.968322, "t": [54.2114, 49.1526, -15.8302], "timestamp": 17460251320}, {"currentFrameRate": 115.186, "devices": [], "gestures": [], "hands": [{"armBasis": [[0.951671, -0.287092, -0.10909], [-0.0619952, -0.527468, 0.84731], [-0.300798, -0.799597, -0.519775]], "armWidth": 48.9085, "confidence": 1, "direction": [-0.0381763, 0.416266, -0.908441], "elbow": [-12.787, 8.45525, 51.0766], "grabAngle": 2.72262, "grabStrength": 0, "id": 68, "palmNormal": [0.187335, -0.890004, -0.41569], "palmPosition": [-77.2021, 213.091, 117.841], "palmVelocity": [4.31199, 3.29747, -0.0468387], "palmWidth": 72.7825, "pinchDistance": 42.2988, "pinchStrength": 0.564514, "r": [[0.925296, 0.169917, 0.339051], [-0.142633, 0.984294, -0.104027], [-0.351402, 0.0478961, 0.934999]], "s": 0.968554, "sphereCenter": [-85.352, 184.798, 90.9895], "sphereRadius": 39.209, "stabilizedPalmPosition": [-76.2111, 213.162, 117.455], "t": [-54.1793, 49.1771, -15.8343], "timeVisible": 5.90556, "type": "left", "wrist": [-77.7509, 181.146, 163.333]}], "id": 44752, "interactionBox": {"center": [0, 200, 0], "size": [235.247, 235.247, 147.751]}, "pointables": [{"bases": [[[0.974029, -0.11352, -0.195909], [0.166398, 0.945664, 0.279342], [0.153553, -0.304686, 0.939994]], [[0.984838, -0.173476, 0.000624976], [0.173419, 0.984596, 0.0223043], [-0.00448461, -0.0218578, 0.999751]], [[0.984838, -0.173476, 0.000624976], [0.173093, 0.982409, -0.0700773], [0.0115427, 0.069123, 0.997541]], [[0.984838, -0.173476, 0.000624976], [0.17262, 0.979607, -0.102821], [0.0172248, 0.10137, 0.9947]]], "btipPosition": [-58.3417, 224.796, 37.0305], "carpPosition": [-67.6689, 208.749, 156.59], "dipPosition": [-58.5666, 226.12, 50.0193], "direction": [0.0115427, -0.069123, -0.997541], "extended": true, "handId": 68, "id": 681, "length": 44.9446, "mcpPosition": [-58.6326, 226.679, 101.273], "pipPosition": [-58.7799, 227.397, 68.4465], "stabilizedTipPosition":