{"frames": 76, "data": [{"currentFrameRate": 106.052, "devices": [], "gestures": [], "hands": [{"armBasis": [[0.951264, 0.207078, -0.228507], [0.111429, 0.460113, 0.88084], [0.287541, -0.863374, 0.414614]], "armWidth": 48.9085, "confidence": 1, "direction": [-0.0489941, 0.44238, -0.895488], "elbow": [-144.595, 4.27398, 248.598], "grabAngle": 2.72296, "grabStrength": 0, "id": 68, "palmNormal": [0.171624, -0.879501, -0.443872], "palmPosition": [-75.808, 219.974, 106.903], "palmVelocity": [-3.58862, 11.739, 8.73992], "palmWidth": 72.7825, "pinchDistance": 42.5703, "pinchStrength": 0.595356, "r": [[0.918221, 0.169411, 0.358007], [-0.150807, 0.985362, -0.0794878], [-0.366233, 0.0189974, 0.930329]], "s": 0.954511, "sphereCenter": [-82.5737, 193.44, 79.6906], "sphereRadius": 37.8455, "stabilizedPalmPosition": [-75.5934, 219.706, 106.615], "t": [-52.699, 55.9381, -26.8849], "timeVisible": 7.44056, "type": "left", "wrist": [-82.4942, 190.739, 159.053]}], "id": 44924, "interactionBox": {"center": [0, 200, 0], "size": [235.247, 235.247, 147.751]}, "pointables": [{"bases": [[[0.978201, -0.0986678, -0.182721], [0.152384, 0.938832, 0.308828], [0.141073, -0.329939, 0.933402]], [[0.986761, -0.162075, 0.00581178], [0.161745, 0.986108, 0.037805], [-0.0118583, -0.0363645, 0.999268]], [[0.986761, -0.162075, 0.00581178], [0.162111, 0.984679, -0.0642482], [0.00469027, 0.0643398, 0.997917]], [[0.986761, -0.162075, 0.00581178], [0.162111, 0.984679, -0.0642482], [0.00469027, 0.0643398, 0.997917]]], "btipPosition": [-57.6213, 233.019, 26.143], "carpPosition": [-65.6817, 214.438, 145.347], "dipPosition": [-57.6826, 233.859, 39.1738], "direction": [0.00469027, -0.0643398, -0.997917], "extended": true, "handId": 68, "id": 681, "length": 44.9446, "mcpPosition": [-57.3798, 233.854, 90.4186], "pipPosition": [-57.7692, 235.048, 57.6079], "stabilizedTipPosition": [-57.4151, 232.873, 28.8732], "timeVisible": 7.44056, "tipPosition": [-59.2084, 234.319, 29.3318], "tipVelocity": [-4.56166, 15.8593, 9.97815], "tool": false, "touchDistance": 0.310092, "touchZone": "hovering", "type": 1, "width": 14.572}, {"bases": [[[0.559002, 0.802378, 0.209061], [-0.73424, 0.361869, 0.574407], [0.385239, -0.474595, 0.791423]], [[0.439485, 0.898241, -0.00410553], [-0.859633, 0.421912, 0.288134], [0.260545, -0.123101, 0.957581]], [[0.439485, 0.898241, -0.00410553], [-0.892611, 0.43621, -0.113875], [-0.100497, 0.0537112, 0.993487]], [[0.439485, 0.898241, -0.00410553], [-0.778857, 0.378789, -0.4999], [-0.447476, 0.222896, 0.866073]]], "btipPosition": [-56.4495, 197.556, 66.6669], "carpPosition": [-56.2302, 198.027, 146.282], "dipPosition": [-48.4456, 201.543, 82.158], "direction": [-0.100497, -0.0537112, -0.993487], "extended": false, "handId": 68, "id": 680, "length": 39.8308, "mcpPosition": [-56.2302, 198.027, 146.282], "pipPosition": [-45.8269, 202.942, 108.046], "stabilizedTipPosition": [-54.3039, 198.143, 70.0054], "timeVisible": 7.44056, "tipPosition": [-51.2069, 201.198, 70.1939], "tipVelocity": [-6.46478, 17.2364, 5.67136], "tool": false, "touchDistance": 0.331885, "touchZone": "hovering", "type": 0, "width": 15.2554}, {"bases": [[[0.947861, -0.300929, -0.104887], [0.318627, 0.901163, 0.293908], [0.00607513, -0.312004, 0.950061]], [[0.947389, -0.31275, -0.0681303], [0.0981633, 0.48648, -0.86816], [0.304661, 0.815797, 0.491586]], [[0.947389, -0.31275, -0.0681303], [-0.284767, -0.726346, -0.625563], [0.146159, 0.612053, -0.777193]], [[0.947389, -0.31275, -0.0681303], [-0.31169, -0.949829, 0.0259498], [-0.072828, -0.00334901, -0.997339]]], "btipPosition": [-61.6611, 189.016, 103.633], "carpPosition": [-75.3537, 214.91, 143.548], "dipPosition": [-60.6151, 188.968, 89.3093], "direction": [0.146159, -0.612053, 0.777193], "extended": false, "handId": 68, "id": 682, "length": 51.2108, "mcpPosition": [-75.0147, 232.322, 90.5276], "pipPosition": [-63.7916, 202.27, 72.4186], "stabilizedTipPosition": [-61.2315, 188.867, 100.21], "timeVisible": 7.44056, "tipPosition": [-62.0166, 188.929, 100.096], "tipVelocity": [-4.20986, 12.2206, 4.96157], "tool": false, "touchDistance": 0.505646, "touchZone": "none", "type": 2, "width": 14.3116}, {"bases": [[[0.911689, -0.410635, 0.0142096], [0.385564, 0.866955, 0.315799], [-0.141997, -0.282432, 0.94872]], [[0.910482, -0.41296, 0.0220679], [0.211798, 0.419803, -0.882557], [0.355197, 0.808226, 0.469687]], [[0.910482, -0.41296, 0.0220679], [-0.321432, -0.740241, -0.590529], [0.260201, 0.530572, -0.806715]], [[0.910482, -0.41296, 0.0220679], [-0.413495, -0.908196, 0.0648288], [-0.00672972, -0.0681504, -0.997652]]], "btipPosition": [-74.421, 189.114, 109.861], "carpPosition": [-84.8479, 212.821, 142.11], "dipPosition": [-74.3249, 188.141, 95.6154], "direction": [0.260201, -0.530572, 0.806715], "extended": false, "handId": 68, "id": 683, "length": 49.2406, "mcpPosition": [-91.9628, 226.973, 94.5744], "pipPosition": [-79.8338, 199.374, 78.5359], "stabilizedTipPosition": [-74.1061, 188.736, 106.439], "timeVisible": 7.44056, "tipPosition": [-75.451, 188.981, 106.473], "tipVelocity": [-5.28376, 11.8189, 5.16828], "tool": false, "touchDistance": 0.609748, "touchZone": "none", "type": 3, "width": 13.6184}, {"bases": [[[0.812804, -0.578127, 0.0715422], [0.508601, 0.764151, 0.396733], [-0.284031, -0.28608, 0.915142]], [[0.817572, -0.573118, 0.0557826], [0.342149, 0.405588, -0.847604], [0.463153, 0.712063, 0.527689]], [[0.817572, -0.573118, 0.0557826], [-0.40162, -0.636969, -0.658005], [0.412647, 0.515563, -0.750944]], [[0.817572, -0.573118, 0.0557826], [-0.572312, -0.819447, -0.031083], [0.0635251, -0.00651245, -0.997959]]], "btipPosition": [-86.7358, 191.473, 108.486], "carpPosition": [-93.0832, 205.067, 140.82], "dipPosition": [-87.5727, 191.387, 95.3392], "direction": [0.412647, -0.515563, 0.750944], "extended": false, "handId": 68, "id": 684, "length": 38.6037, "mcpPosition": [-106.257, 218.336, 98.3741], "pipPosition": [-93.741, 199.094, 84.114], "stabilizedTipPosition": [-86.5658, 191.253, 105.283], "timeVisible": 7.44056, "tipPosition": [-88.2652, 190.818, 105.342], "tipVelocity": [-6.51322, 11.9273, 5.78084], "tool": false, "touchDistance": 0.591035, "touchZone": "none", "type": 4, "width": 12.0969}], "r": [[0.918221, 0.169411, 0.358007], [-0.150807, 0.985362, -0.0794878], [-0.366233, 0.0189974, 0.930329]], "s": 0.954511, "t": [52.699, 55.9381, -26.8849], "timestamp": 17461794948}, {"currentFrameRate": 106.487, "devices": [], "gestures": [], "hands": [{"armBasis": [[0.951407, 0.207717, -0.227328], [0.110453, 0.458912, 0.881589], [0.287444, -0.863859, 0.41367]], "armWidth": 48.9085, "confidence": 1, "direction": [-0.0494461, 0.444348, -0.894489], "elbow": [-144.604, 4.28124, 248.502], "grabAngle": 2.72432, "grabStrength": 0, "id": 68, "palmNormal": [0.170625, -0.878661, -0.445917], "palmPosition": [-75.8657, 220.19, 107.063], "palmVelocity": [-6.72197, 25.1642, 18.667], "palmWidth": 72.7825, "pinchDistance": 42.5411, "pinchStrength": 0.593259, "r": [[0.917977, 0.169885, 0.35841], [-0.151459, 0.985293, -0.0791029], [-0.366577, 0.0183304, 0.930207]], "s": 0.954627, "sphereCenter": [-82.759, 193.671, 79.7873], "sphereRadius": 37.9024, "stabilizedPalmPosition": [-75.6128, 219.741, 106.647], "t": [-52.7549, 56.1194, -26.7506], "timeVisible": 7.44915, "type": "left", "wrist": [-82.5245, 190.851, 159.16]}], "id": 44925, "interactionBox": {"center": [0, 200, 0], "size": [235.247, 235.247, 147.751]}, "pointables": [{"bases": [[[0.978426, -0.0975845, -0.182097], [0.151458, 0.938269, 0.310985], [0.140509, -0.331856, 0.932807]], [[0.986883, -0.161325, 0.00609364], [0.160955, 0.986141, 0.0402492], [-0.0125024, -0.0387405, 0.999171]], [[0.986883, -0.161325, 0.00609364], [0.161382, 0.984814, -0.0640124], [0.00432567, 0.0641561, 0.99793]], [[0.986883, -0.161325, 0.00609364], [0.161382, 0.984814, -0.0640124], [0.00432567, 0.0641561, 0.99793]]], "btipPosition": [-57.716, 233.342, 26.3204], "carpPosition": [-65.7106, 214.564, 145.487], "dipPosition": [-57.7725, 234.18, 39.3514], "direction": [0.00432567, -0.0641561, -0.997931], "extended": true, "handId": 68, "id": 681, "length": 44.9446, "mcpPosition": [-57.4419, 234.093, 90.5933], "pipPosition": [-57.8524, 235.365, 57.7858], "stabilizedTipPosition": [-57.4497, 232.946, 28.9222], "timeVisible": 7.44915, "tipPosition": [-59.3165, 234.687, 29.5085], "tipVelocity": [-10.893, 37.4866, 20.6546], "tool": false, "touchDistance": 0.31305, "touchZone": "hovering", "type": 1, "width": 14.572}, {"bases": [[[0.558257, 0.802318, 0.211271], [-0.734985, 0.36011, 0.574559], [0.384898, -0.476033, 0.790725]], [[0.439155, 0.89841, -0.00131369], [-0.859788, 0.420699, 0.289441], [0.260589, -0.12598, 0.957195]], [[0.439155, 0.89841, -0.00131369], [-0.892786, 0.436241, -0.112365], [-0.100377, 0.0505185, 0.993666]], [[0.439155, 0.89841, -0.00131369], [-0.779138, 0.380124, -0.498447], [-0.44731, 0.219919, 0.866919]]], "btipPosition": [-56.4813, 197.925, 66.7586], "carpPosition": [-56.2698, 198.144, 146.378], "dipPosition": [-48.4804, 201.858, 82.2649], "direction": [-0.100377, -0.0505185, -0.993666], "extended": false, "handId": 68, "id": 680, "length": 39.8308, "mcpPosition": [-56.2698, 198.144, 146.378], "pipPosition": [-45.8648, 203.175, 108.158], "stabilizedTipPosition": [-54.3474, 198.231, 70.0466], "timeVisible": 7.44915, "tipPosition": [-51.3322, 201.458, 70.293], "tipVelocity": [-3.78306, 41.5008, 11.0837], "tool": false, "touchDistance": 0.333458, "touchZone": "hovering", "type": 0, "width": 15.2554}, {"bases": [[[0.948162, -0.300035, -0.104727], [0.31774, 0.90075, 0.296126], [0.0054846, -0.314051, 0.94939]], [[0.947685, -0.311761, -0.0685456], [0.097839, 0.488096, -0.867289], [0.303844, 0.81521, 0.493063]], [[0.947685, -0.311761, -0.0685456], [-0.284075, -0.725768, -0.626548], [0.145585, 0.613242, -0.776363]], [[0.947685, -0.311761, -0.0685456], [-0.310773, -0.950158, 0.0249164], [-0.0728971, -0.00231083, -0.997337]]], "btipPosition": [-61.7677, 189.248, 103.747], "carpPosition": [-75.3838, 215.047, 143.697], "dipPosition": [-60.7207, 189.215, 89.4233], "direction": [0.145585, -0.613242, 0.776363], "extended": false, "handId": 68, "id": 682, "length": 51.2108, "mcpPosition": [-75.0777, 232.573, 90.7141], "pipPosition": [-63.8847, 202.542, 72.5506], "stabilizedTipPosition": [-61.2593, 188.902, 100.233], "timeVisible": 7.44915, "tipPosition": [-62.1005, 189.15, 100.179], "tipVelocity": [-12.3805, 27.3858, 13.262], "tool": false, "touchDistance": 0.507544, "touchZone": "none", "type": 2, "width": 14.3116}, {"bases": [[[0.911966, -0.410023, 0.0141019], [0.384683, 0.866542, 0.318001], [-0.142607, -0.284581, 0.947986]], [[0.910917, -0.412058, 0.0209179], [0.211121, 0.421955, -0.881693], [0.354482, 0.807565, 0.471361]], [[0.910917, -0.412058, 0.0209179], [-0.320948, -0.739539, -0.591672], [0.259273, 0.53225, -0.805908]], [[0.910917, -0.412058, 0.0209179], [-0.412527, -0.908729, 0.063512], [-0.00716194, -0.0664834, -0.997762]]], "btipPosition": [-74.5345, 189.331, 109.978], "carpPosition": [-84.8807, 212.968, 142.263], "dipPosition": [-74.4323, 188.382, 95.7305], "direction": [0.259273, -0.53225, 0.805908], "extended": false, "handId": 68, "id": 683, "length": 49.2406, "mcpPosition": [-92.0261, 227.227, 94.7637], "pipPosition": [-79.9215, 199.651, 78.6681], "stabilizedTipPosition": [-74.145, 188.772, 106.464], "timeVisible": 7.44915, "tipPosition": [-75.5283, 189.197, 106.567], "tipVelocity": [-13.0489, 25.9433, 13.5385], "tool": false, "touchDistance": 0.611687, "touchZone": "none", "type": 3, "width": 13.6184}, {"bases": [[[0.813151, -0.577708, 0.0709881], [0.507723, 0.76365, 0.398817], [-0.28461, -0.288256, 0.914279]], [[0.81848, -0.572051, 0.0533725], [0.34086, 0.408706, -0.846625], [0.462499, 0.711138, 0.529507]], [[0.81848, -0.572051, 0.0533725], [-0.401492, -0.635939, -0.659079], [0.410969, 0.518014, -0.750178]], [[0.81848, -0.572051, 0.0533725], [-0.57116, -0.820207, -0.0321841], [0.0621875, -0.00414219, -0.998056]]], "btipPosition": [-86.8624, 191.686, 108.609], "carpPosition": [-93.1225, 205.223, 140.963], "dipPosition": [-87.6816, 191.632, 95.4615], "direction": [0.410969, -0.518014, 0.750178], "extended": false, "handId": 68, "id": 684, "length": 38.6037, "mcpPosition": [-106.323, 218.593, 98.557], "pipPosition": [-93.8248, 199.375, 84.2477], "stabilizedTipPosition": [-86.6152, 191.295, 105.314], "timeVisible": 7.44915, "tipPosition": [-88.3408, 191.048, 105.451], "tipVelocity": [-14.2557, 25.6525, 14.3487], "tool": false, "touchDistance": 0.593089, "touchZone": "none", "type": 4, "width": 12.0969}], "r": [[0.917977, 0.169885, 0.35841], [-0.151459, 0.985293, -0.0791029], [-0.366577, 0.0183304, 0.930207]], "s": 0.954627, "t": [52.7549, 56.1194, -26.7506], "timestamp": 17461803539}, {"currentFrameRate": 106.804, "devices": [], "gestures": [], "hands": [{"armBasis": [[0.951419, 0.208038, -0.226983], [0.110324, 0.457913, 0.882125], [0.287454, -0.864312, 0.412716]], "armWidth": 48.9085, "confidence": 1, "direction": [-0.0496582, 0.445577, -0.893865], "elbow": [-144.587, 4.25331, 248.359], "grabAngle": 2.72572, "grabStrength": 0, "id": 68, "palmNormal": [0.170574, -0.878038, -0.447163], "palmPosition": [-75.8577, 220.331, 107.164], "palmVelocity": [0.912566, 15.9832, 11.489], "palmWidth": 72.7825, "pinchDistance": 42.5329, "pinchStrength": 0.591307, "r": [[0.917767, 0.170157, 0.358817], [-0.151967, 0.985261, -0.0785303], [-0.366891, 0.0175441, 0.930098]], "s": 0.954843, "sphereCenter": [-82.8308, 193.806, 79.8422], "sphereRadius": 37.9531, "stabilizedPalmPosition": [-75.629, 219.78, 106.681], "t": [-52.7788, 56.2803, -26.6331], "timeVisible": 7.45793, "type": "left", "wrist": [-82.5052, 190.92, 159.224]}], "id": 44926, "interactionBox": {"center": [0, 200, 0], "size": [235.247, 235.247, 147.751]}, "pointables": [{"bases": [[[0.97846, -0.0973825, -0.182024], [0.151438, 0.937833, 0.312309], [0.140294, -0.333147, 0.932379]], [[0.986885, -0.161319, 0.00588541], [0.160931, 0.986058, 0.0423266], [-0.0126314, -0.0408244, 0.999086]], [[0.986885, -0.161319, 0.00588541], [0.161356, 0.984731, -0.0653354], [0.00474428, 0.0654282, 0.997846]], [[0.986885, -0.161319, 0.00588541], [0.161356, 0.984731, -0.0653354], [0.00474428, 0.0654282, 0.997846]]], "btipPosition": [-57.7032, 233.534, 26.442], "carpPosition": [-65.6941, 214.652, 145.578], "dipPosition": [-57.7652, 234.388, 39.4719], "direction": [0.00474428, -0.0654282, -0.997846], "extended": true, "handId": 68, "id": 681, "length": 44.9446, "mcpPosition": [-57.4381, 234.257, 90.7094], "pipPosition": [-57.8528, 235.597, 57.9047], "stabilizedTipPosition": [-57.4781, 233.029, 28.9771], "timeVisible": 7.45793, "tipPosition": [-59.3197, 234.931, 29.6252], "tipVelocity": [1.31267, 22.3274, 13.8156], "tool": false, "touchDistance": 0.315072, "touchZone": "hovering", "type": 1, "width": 14.572}, {"bases": [[[0.558252, 0.801998, 0.212494], [-0.735089, 0.359356, 0.574898], [0.384707, -0.47714, 0.790151]], [[0.439422, 0.89828, 0.000369541], [-0.859503, 0.420334, 0.290816], [0.261079, -0.128109, 0.956779]], [[0.439422, 0.89828, 0.000369541], [-0.892734, 0.436755, -0.110777], [-0.0996706, 0.0483482, 0.993845]], [[0.439422, 0.89828, 0.000369541], [-0.779438, 0.381491, -0.496931], [-0.446524, 0.218075, 0.86779]]], "btipPosition": [-56.4118, 198.186, 66.8214], "carpPosition": [-56.2524, 198.232, 146.444], "dipPosition": [-48.425, 202.087, 82.3432], "direction": [-0.0996706, -0.0483482, -0.993845], "extended": false, "handId": 68, "id": 680, "length": 39.8308, "mcpPosition": [-56.2524, 198.232, 146.444], "pipPosition": [-45.8278, 203.347, 108.241], "stabilizedTipPosition": [-54.3766, 198.341, 70.091], "timeVisible": 7.45793, "tipPosition": [-51.3504, 201.635, 70.3631], "tipVelocity": [7.54383, 28.9435, 7.5502], "tool": false, "touchDistance": 0.33444, "touchZone": "hovering", "type": 0, "width": 15.2554}, {"bases": [[[0.948169, -0.299938, -0.104939], [0.317722, 0.900326, 0.297434], [0.0052673, -0.315359, 0.948958]], [[0.947706, -0.311496, -0.0694571], [0.0971923, 0.488992, -0.866856], [0.303986, 0.814774, 0.493696]], [[0.947706, -0.311496, -0.0694571], [-0.284362, -0.725374, -0.626874], [0.144886, 0.613843, -0.776019]], [[0.947706, -0.311496, -0.0694571], [-0.310528, -0.950246, 0.0246004], [-0.0736642, -0.00174558, -0.997282]]], "btipPosition": [-61.7847, 189.406, 103.833], "carpPosition": [-75.3677, 215.137, 143.79], "dipPosition": [-60.7267, 189.381, 89.5103], "direction": [0.144886, -0.613843, 0.776019], "extended": false, "handId": 68, "id": 682, "length": 51.2108, "mcpPosition": [-75.0738, 232.736, 90.8319], "pipPosition": [-63.8755, 202.721, 72.6451], "stabilizedTipPosition": [-61.2843, 188.946, 100.26], "timeVisible": 7.45793, "tipPosition": [-62.091, 189.301, 100.235], "tipVelocity": [-1.65124, 18.1785, 9.83902], "tool": false, "touchDistance": 0.508985, "touchZone": "none", "type": 2, "width": 14.3116}, {"bases": [[[0.911943, -0.410087, 0.013731], [0.384658, 0.866084, 0.319275], [-0.142823, -0.285879, 0.947563]], [[0.911036, -0.41186, 0.0196322], [0.2103, 0.423176, -0.881304], [0.354666, 0.807028, 0.472142]], [[0.911036, -0.41186, 0.0196322], [-0.321316, -0.738979, -0.592171], [0.258399, 0.533181, -0.805573]], [[0.911036, -0.41186, 0.0196322], [-0.412248, -0.90889, 0.0630066], [-0.00810635, -0.0654946, -0.99782]]], "btipPosition": [-74.5552, 189.472, 110.059], "carpPosition": [-84.8648, 213.059, 142.356], "dipPosition": [-74.4395, 188.537, 95.8108], "direction": [0.258399, -0.533181, 0.805573], "extended": false, "handId": 68, "id": 683, "length": 49.2406, "mcpPosition": [-92.021, 227.383, 94.8777], "pipPosition": [-79.9102, 199.826, 78.7554], "stabilizedTipPosition": [-74.1794, 188.815, 106.493], "timeVisible": 7.45793, "tipPosition": [-75.5164, 189.338, 106.625], "tipVelocity": [-1.99934, 16.426, 9.21101], "tool": false, "touchDistance": 0.613035, "touchZone": "none", "type": 3, "width": 13.6184}, {"bases": [[[0.813107, -0.577846, 0.0703652], [0.507676, 0.763075, 0.399976], [-0.284819, -0.289501, 0.91382]], [[0.818844, -0.571712, 0.0513814], [0.339732, 0.410537, -0.846192], [0.462684, 0.710355, 0.530395]], [[0.818844, -0.571712, 0.0513814], [-0.402058, -0.635127, -0.659518], [0.409688, 0.519384, -0.749931]], [[0.818844, -0.571712, 0.0513814], [-0.570797, -0.82045, -0.0324417], [0.0607032, -0.00276368, -0.998152]]], "btipPosition": [-86.8898, 191.819, 108.688], "carpPosition": [-93.1065, 205.315, 141.047], "dipPosition": [-87.6895, 191.783, 95.5389], "direction": [0.409688, -0.519384, 0.749931], "extended": false, "handId": 68, "id": 684, "length": 38.6037, "mcpPosition": [-106.317, 218.743, 98.6622], "pipPosition": [-93.8135, 199.547, 84.3289], "stabilizedTipPosition": [-86.6586, 191.344, 105.347], "timeVisible": 7.45793, "tipPosition": [-88.3288, 191.192, 105.514], "tipVelocity": [-2.60869, 15.6286, 8.93397], "tool": false, "touchDistance": 0.594397, "touchZone": "none", "type": 4, "width": 12.0969}], "r": [[0.917767, 0.170157, 0.358817], [-0.151967, 0.985261, -0.0785303], [-0.366891, 0.0175441, 0.930098]], "s": 0.954843, "t": [52.7788, 56.2803, -26.6331], "timestamp": 17461812322}, {"currentFrameRate": 107.143, "devices": [], "gestures": [], "hands": [{"armBasis": [[0.951493, 0.208559, -0.226194], [0.109758, 0.456723, 0.882812], [0.287426, -0.864817, 0.411678]], "armWidth": 48.9085, "confidence": 1, "direction": [-0.0494157, 0.447522, -0.892907], "elbow": [-144.585, 4.19085, 248.196], "grabAngle": 2.72676, "grabStrength": 0, "id": 68, "palmNormal": [0.169596, -0.877256, -0.449064], "palmPosition": [-75.852, 220.478, 107.282], "palmVelocity": [0.657736, 16.891, 13.5276], "palmWidth": 72.7825, "pinchDistance": 42.5113, "pinchStrength": 0.589179, "r": [[0.917549, 0.170404, 0.359258], [-0.152567, 0.985237, -0.0776612], [-0.367188, 0.0164469, 0.930001]], "s": 0.955211, "sphereCenter": [-82.9528, 193.972, 79.8939], "sphereRadius": 38.0134, "stabilizedPalmPosition": [-75.642, 219.821, 106.716], "t": [-52.7879, 56.4343, -26.5154], "timeVisible": 7.46665, "type": "left", "wrist": [-82.5092, 190.967, 159.285]}], "id": 44927, "interactionBox": {"center": [0, 200, 0], "size": [235.247, 235.247, 147.751]}, "pointables": [{"bases": [[[0.978598, -0.0960194, -0.182006], [0.150431, 0.937318, 0.314333], [0.140416, -0.334985, 0.931702]], [[0.987048, -0.160325, 0.00570486], [0.159919, 0.986131, 0.0444058], [-0.0127451, -0.0429184, 0.998997]], [[0.987048, -0.160325, 0.00570486], [0.160359, 0.984974, -0.0641142], [0.00465997, 0.0641986, 0.997926]], [[0.987048, -0.160325, 0.00570486], [0.160359, 0.984974, -0.0641142], [0.00465997, 0.0641986, 0.997926]]], "btipPosition": [-57.6937, 233.805, 26.5857], "carpPosition": [-65.6853, 214.707, 145.682], "dipPosition": [-57.7546, 234.644, 39.6165], "direction": [0.00465997, -0.0641986, -0.997926], "extended": true, "handId": 68, "id": 681, "length": 44.9446, "mcpPosition": [-57.4222, 234.42, 90.8527], "pipPosition": [-57.8406, 235.829, 58.0509], "stabilizedTipPosition": [-57.5015, 233.128, 29.0387], "timeVisible": 7.46665, "tipPosition": [-59.314, 235.224, 29.7701], "tipVelocity": [1.12036, 30.7019, 16.5137], "tool": false, "touchDistance": 0.31747, "touchZone": "hovering", "type": 1, "width": 14.572}, {"bases": [[[0.557403, 0.802102, 0.214323], [-0.735577, 0.357401, 0.575492], [0.385004, -0.478432, 0.789224]], [[0.438687, 0.898636, 0.00263323], [-0.859675, 0.418811, 0.2925], [0.261748, -0.13058, 0.956262]], [[0.438687, 0.898636, 0.00263323], [-0.893177, 0.436341, -0.10882], [-0.0989388, 0.0453862, 0.994058]], [[0.438687, 0.898636, 0.00263323], [-0.780145, 0.382295, -0.495201], [-0.446012, 0.215184, 0.868774]]], "btipPosition": [-56.3643, 198.458, 66.8853], "carpPosition": [-56.2598, 198.276, 146.51], "dipPosition": [-48.3867, 202.307, 82.4247], "direction": [-0.0989388, -0.0453862, -0.994058], "extended": false, "handId": 68, "id": 680, "length": 39.8308, "mcpPosition": [-56.2598, 198.276, 146.51], "pipPosition": [-45.8085, 203.49, 108.328], "stabilizedTipPosition": [-54.3956, 198.466, 70.1367], "timeVisible": 7.46665, "tipPosition": [-51.3903, 201.821, 70.4359], "tipVelocity": [5.20899, 29.8355, 7.79727], "tool": false, "touchDistance": 0.335349, "touchZone": "hovering", "type": 0, "width": 15.2554}, {"bases": [[[0.948492, -0.298768, -0.105358], [0.316755, 0.900009, 0.299416], [0.00536724, -0.317367, 0.948288]], [[0.948052, -0.310193, -0.07055], [0.096024, 0.490477, -0.866148], [0.303276, 0.814379, 0.494784]], [[0.948052, -0.310193, -0.07055], [-0.28389, -0.724916, -0.627617], [0.143539, 0.615042, -0.775319]], [[0.948052, -0.310193, -0.07055], [-0.309282, -0.950673, 0.0237676], [-0.0744425, -0.000713053, -0.997225]]], "btipPosition": [-61.8369, 189.56, 103.921], "carpPosition": [-75.3589, 215.206, 143.897], "dipPosition": [-60.7677, 189.55, 89.5991], "direction": [0.143539, -0.615042, 0.775319], "extended": false, "handId": 68, "id": 682, "length": 51.2108, "mcpPosition": [-75.0594, 232.917, 90.9759], "pipPosition": [-63.8873, 202.917, 72.7491], "stabilizedTipPosition": [-61.3095, 188.997, 100.29], "timeVisible": 7.46665, "tipPosition": [-62.1162, 189.45, 100.285], "tipVelocity": [-5.69422, 18.146, 10.1172], "tool": false, "touchDistance": 0.510454, "touchZone": "none", "type": 2, "width": 14.3116}, {"bases": [[[0.912349, -0.409205, 0.0130692], [0.383721, 0.865788, 0.3212], [-0.142752, -0.288032, 0.946921]], [[0.911618, -0.410651, 0.0178376], [0.208789, 0.425245, -0.880666], [0.354061, 0.806556, 0.473401]], [[0.911618, -0.410651, 0.0178376], [-0.320993, -0.738348, -0.593132], [0.25674, 0.534984, -0.804908]], [[0.911618, -0.410651, 0.0178376], [-0.410935, -0.909561, 0.0618964], [-0.0091934, -0.063756, -0.997923]]], "btipPosition": [-74.6165, 189.615, 110.14], "carpPosition": [-84.8584, 213.141, 142.46], "dipPosition": [-74.4852, 188.704, 95.8903], "direction": [0.25674, -0.534984, 0.804908], "extended": false, "handId": 68, "id": 683, "length": 49.2406, "mcpPosition": [-92.011, 227.573, 95.0143], "pipPosition": [-79.9209, 200.031, 78.849], "stabilizedTipPosition": [-74.2131, 188.864, 106.523], "timeVisible": 7.46665, "tipPosition": [-75.539, 189.486, 106.678], "tipVelocity": [-6.62712, 17.008, 9.25398], "tool": false, "touchDistance": 0.614379, "touchZone": "none", "type": 3, "width": 13.6184}, {"bases": [[[0.813668, -0.577182, 0.0693247], [0.506824, 0.762731, 0.401711], [-0.284736, -0.291724, 0.913139]], [[0.819996, -0.570325, 0.0483207], [0.337544, 0.413673, -0.845541], [0.462244, 0.709651, 0.53172]], [[0.819996, -0.570325, 0.0483207], [-0.402181, -0.634192, -0.660342], [0.407254, 0.522044, -0.749409]], [[0.819996, -0.570325, 0.0483207], [-0.569359, -0.821419, -0.033182], [0.058616, -0.000302742, -0.998281]]], "btipPosition": [-86.9633, 191.962, 108.768], "carpPosition": [-93.1081, 205.408, 141.137], "dipPosition": [-87.7355, 191.958, 95.6168], "direction": [0.407254, -0.522044, 0.749409], "extended": false, "handId": 68, "id": 684, "length": 38.6037, "mcpPosition": [-106.315, 218.939, 98.7837], "pipPosition": [-93.8232, 199.761, 84.4146], "stabilizedTipPosition": [-86.7009, 191.398, 105.382], "timeVisible": 7.46665, "tipPosition": [-88.3485, 191.357, 105.574], "tipVelocity": [-7.71323, 17.2071, 9.08837], "tool": false, "touchDistance": 0.595717, "touchZone": "none", "type": 4, "width": 12.0969}], "r": [[0.917549, 0.170404, 0.359258], [-0.152567, 0.985237, -0.0776612], [-0.367188, 0.0164469, 0.930001]], "s": 0.955211, "t": [52.7879, 56.4343, -26.5154], "timestamp": 17461821035}, {"currentFrameRate": 107.527, "devices": [], "gestures": [], "hands": [{"armBasis": [[0.951443, 0.2088, -0.226183], [0.109968, 0.455736, 0.883296], [0.287512, -0.865278, 0.410646]], "armWidth": 48.9085, "confidence": 1, "direction": [-0.0495544, 0.44947, -0.89192], "elbow": [-144.569, 4.08205, 248.011], "grabAngle": 2.7277, "grabStrength": 0, "id": 68, "palmNormal": [0.169763, -0.876232, -0.450996], "palmPosition": [-75.8235, 220.578, 107.379], "palmVelocity": [3.30744, 11.6235, 11.273], "palmWidth": 72.7825, "pinchDistance": 42.5035, "pinchStrength": 0.587552, "r": [[0.917378, 0.170404, 0.359693], [-0.153005, 0.985257, -0.076535], [-0.367433, 0.0151768, 0.929926]], "s": 0.955603, "sphereCenter": [-82.9978, 194.091, 79.9227], "sphereRadius": 38.0625, "stabilizedPalmPosition": [-75.6511, 219.859, 106.749], "t": [-52.7783, 56.5613, -26.408], "timeVisible": 7.47525, "type": "left", "wrist": [-82.4743, 190.958, 159.324]}], "id": 44928, "interactionBox": {"center": [0, 200, 0], "size": [235.247, 235.247, 147.751]}, "pointables": [{"bases": [[[0.978586, -0.0958301, -0.18217], [0.150617, 0.936594, 0.316396], [0.140299, -0.337059, 0.930971]], [[0.987017, -0.160525, 0.00532538], [0.160104, 0.985986, 0.0468867], [-0.0127772, -0.0454254, 0.998886]], [[0.987017, -0.160525, 0.00532538], [0.160538, 0.98499, -0.0634152], [0.00493427, 0.0634468, 0.997973]], [[0.987017, -0.160525, 0.00532538], [0.160538, 0.98499, -0.0634152], [0.00493427, 0.0634468, 0.997973]]], "btipPosition": [-57.6614, 234.051, 26.7146], "carpPosition": [-65.6538, 214.725, 145.765], "dipPosition": [-57.7259, 234.88, 39.7461], "direction": [0.00493427, -0.0634468, -0.997973], "extended": true, "handId": 68, "id": 681, "length": 44.9446, "mcpPosition": [-57.3975, 234.56, 90.9794], "pipPosition": [-57.817, 236.052, 58.1813], "stabilizedTipPosition": [-57.5185, 233.236, 29.1043], "timeVisible": 7.47525, "tipPosition": [-59.2889, 235.495, 29.8984], "tipVelocity": [3.65514, 28.3342, 15.0031], "tool": false, "touchDistance": 0.319621, "touchZone": "hovering", "type": 1, "width": 14.572}, {"bases": [[[0.557565, 0.80151, 0.216109], [-0.735528, 0.356295, 0.57624], [0.384863, -0.480245, 0.788191]], [[0.439012, 0.898468, 0.00483484], [-0.859337, 0.418309, 0.294205], [0.262312, -0.133315, 0.95573]], [[0.439012, 0.898468, 0.00483484], [-0.89309, 0.436961, -0.107031], [-0.0982764, 0.0426699, 0.994244]], [[0.439012, 0.898468, 0.00483484], [-0.78028, 0.38392, -0.493729], [-0.445456, 0.21298, 0.869603]]], "btipPosition": [-56.2795, 198.696, 66.9341], "carpPosition": [-56.2247, 198.294, 146.558], "dipPosition": [-48.3118, 202.505, 82.4883], "direction": [-0.0982764, -0.0426699, -0.994244], "extended": false, "handId": 68, "id": 680, "length": 39.8308, "mcpPosition": [-56.2247, 198.294, 146.558], "pipPosition": [-45.7509, 203.617, 108.396], "stabilizedTipPosition": [-54.4018, 198.598, 70.1817], "timeVisible": 7.47525, "tipPosition": [-51.3734, 201.997, 70.491], "tipVelocity": [9.59247, 26.5628, 6.07], "tool": false, "touchDistance": 0.33593, "touchZone": "hovering", "type": 0, "width": 15.2554}, {"bases": [[[0.948433, -0.29874, -0.105969], [0.316934, 0.899282, 0.301405], [0.00525388, -0.319448, 0.947589]], [[0.948015, -0.309961, -0.0720509], [0.0951358, 0.492117, -0.865315], [0.303671, 0.813477, 0.496023]], [[0.948015, -0.309961, -0.0720509], [-0.284448, -0.723872, -0.628569], [0.142676, 0.616388, -0.774409]], [[0.948015, -0.309961, -0.0720509], [-0.309136, -0.950749, 0.022608], [-0.0755099, 0.000840783, -0.997145]]], "btipPosition": [-61.8314, 189.678, 103.979], "carpPosition": [-75.3276, 215.225, 143.982], "dipPosition": [-60.747, 189.69, 89.6579], "direction": [0.142676, -0.616388, 0.774409], "extended": false, "handId": 68, "id": 682, "length": 51.2108, "mcpPosition": [-75.0344, 233.053, 91.1002], "pipPosition": [-63.8477, 203.086, 72.8277], "stabilizedTipPosition": [-61.3304, 189.049, 100.321], "timeVisible": 7.47525, "tipPosition": [-62.0801, 189.568, 100.314], "tipVelocity": [1.04385, 14.2621, 6.73742], "tool": false, "touchDistance": 0.51142, "touchZone": "none", "type": 2, "width": 14.3116}, {"bases": [[[0.91226, -0.409429, 0.0122142], [0.383891, 0.864998, 0.323118], [-0.142859, -0.290078, 0.94628]], [[0.911687, -0.410574, 0.0159602], [0.207802, 0.427221, -0.879944], [0.354464, 0.80555, 0.47481]], [[0.911687, -0.410574, 0.0159602], [-0.321547, -0.737105, -0.594377], [0.2558, 0.536754, -0.804028]], [[0.911687, -0.410574, 0.0159602], [-0.410755, -0.909737, 0.0604824], [-0.0103129, -0.0616968, -0.998042]]], "btipPosition": [-74.6123, 189.706, 110.188], "carpPosition": [-84.8267, 213.161, 142.541], "dipPosition": [-74.465, 188.825, 95.9369], "direction": [0.2558, -0.536754, 0.804028], "extended": false, "handId": 68, "id": 683, "length": 49.2406, "mcpPosition": [-91.9847, 227.696, 95.1276], "pipPosition": [-79.8808, 200.189, 78.9142], "stabilizedTipPosition": [-74.2411, 188.913, 106.553], "timeVisible": 7.47525, "tipPosition": [-75.5019, 189.588, 106.707], "tipVelocity": [0.916356, 11.3516, 5.56776], "tool": false, "touchDistance": 0.615177, "touchZone": "none", "type": 3, "width": 13.6184}, {"bases": [[[0.81354, -0.577508, 0.0680963], [0.506968, 0.761738, 0.403408], [-0.284843, -0.293666, 0.912483]], [[0.820281, -0.570133, 0.0457], [0.336318, 0.416162, -0.844807], [0.462634, 0.708349, 0.533115]], [[0.820281, -0.570133, 0.0457], [-0.40286, -0.632633, -0.661422], [0.40601, 0.524141, -0.74862]], [[0.820281, -0.570133, 0.0457], [-0.569106, -0.82155, -0.0342718], [0.0570842, 0.00210435, -0.998367]]], "btipPosition": [-86.9632, 192.046, 108.814], "carpPosition": [-93.0748, 205.43, 141.202], "dipPosition": [-87.7152, 192.074, 95.6624], "direction": [0.40601, -0.524141, 0.74862], "extended": false, "handId": 68, "id": 684, "length": 38.6037, "mcpPosition": [-106.286, 219.051, 98.8787], "pipPosition": [-93.7843, 199.908, 84.4719], "stabilizedTipPosition": [-86.7359, 191.451, 105.414], "timeVisible": 7.47525, "tipPosition": [-88.3113, 191.459, 105.608], "tipVelocity": [0.554127, 10.6384, 5.3969], "tool": false, "touchDistance": 0.59649, "touchZone": "none", "type": 4, "width": 12.0969}], "r": [[0.917378, 0.170404, 0.359693], [-0.153005, 0.985257, -0.076535], [-0.367433, 0.0151768, 0.929926]], "s": 0.955603, "t": [52.7783, 56.5613, -26.408], "timestamp": 17461829637}, {"currentFrameRate": 107.893, "devices": [], "gestures": [], "hands": [{"armBasis": [[0.951507, 0.208973, -0.225753], [0.1099, 0.454512, 0.883935], [0.287326, -0.865881, 0.409505]], "armWidth": 48.9085, "confidence": 1, "direction": [-0.0497781, 0.451407, -0.890929], "elbow": [-144.486, 3.98596, 247.804], "grabAngle": 2.72858, "grabStrength": 0, "id": 68, "palmNormal": [0.169701, -0.875241, -0.45294], "palmPosition": [-75.795, 220.721, 107.476], "palmVelocity": [3.31667, 16.5914, 11.2663], "palmWidth": 72.7825, "pinchDistance": 42.4729, "pinchStrength": 0.585444, "r": [[0.917227, 0.170239, 0.360158], [-0.153342, 0.985307, -0.0752123], [-0.36767, 0.0137594, 0.929855]], "s": 0.95611, "sphereCenter": [-83.0719, 194.248, 79.9528], "sphereRadius": 38.1227, "stabilizedPalmPosition": [-75.6579, 219.899, 106.784], "t": [-52.7592, 56.6962, -26.3059], "timeVisible": 7.48385, "type": "left", "wrist": [-82.4318, 190.992, 159.362]}], "id": 44929, "interactionBox": {"center": [0, 200, 0], "size": [235.247, 235.247, 147.751]}, "pointables": [{"bases": [[[0.978623, -0.0954791, -0.182156], [0.150588, 0.935896, 0.318467], [0.140072, -0.33909, 0.930268]], [[0.987015, -0.160547, 0.00509389], [0.160115, 0.985902, 0.0485889], [-0.0128229, -0.0471423, 0.998806]], [[0.987015, -0.160547, 0.00509389], [0.160556, 0.985126, -0.0612299], [0.00481214, 0.0612527, 0.998111]], [[0.987015, -0.160547, 0.00509389], [0.160556, 0.985126, -0.0612299], [0.00481214, 0.0612527, 0.998111]]], "btipPosition": [-57.6426, 234.356, 26.8361], "carpPosition": [-65.6163, 214.785, 145.847], "dipPosition": [-57.7055, 235.156, 39.8694], "direction": [0.00481214, -0.0612527, -0.998111], "extended": true, "handId": 68, "id": 681, "length": 44.9446, "mcpPosition": [-57.3733, 234.74, 91.1026], "pipPosition": [-57.7944, 236.287, 58.3071], "stabilizedTipPosition": [-57.532, 233.363, 29.1752], "timeVisible": 7.48385, "tipPosition": [-59.2769, 235.805, 30.024], "tipVelocity": [2.2289, 34.6612, 14.1689], "tool": false, "touchDistance": 0.321653, "touchZone": "hovering", "type": 1, "width": 14.572}, {"bases": [[[0.557553, 0.801012, 0.217979], [-0.735643, 0.355075, 0.576846], [0.384662, -0.481977, 0.787231]], [[0.43921, 0.898356, 0.00713819], [-0.859094, 0.417663, 0.295829], [0.262778, -0.136063, 0.955214]], [[0.43921, 0.898356, 0.00713819], [-0.893049, 0.437452, -0.105352], [-0.0977662, 0.0398968, 0.994409]], [[0.43921, 0.898356, 0.00713819], [-0.780349, 0.385428, -0.492444], [-0.445142, 0.210716, 0.870315]]], "btipPosition": [-56.2035, 198.977, 66.9815], "carpPosition": [-56.1862, 198.353, 146.602], "dipPosition": [-48.2414, 202.746, 82.5485], "direction": [-0.0977662, -0.0398968, -0.994409], "extended": false, "handId": 68, "id": 680, "length": 39.8308, "mcpPosition": [-56.1862, 198.353, 146.602], "pipPosition": [-45.6938, 203.785, 108.461], "stabilizedTipPosition": [-54.3983, 198.745, 70.2265], "timeVisible": 7.48385, "tipPosition": [-51.3668, 202.209, 70.5421], "tipVelocity": [8.68683, 31.5755, 5.85438], "tool": false, "touchDistance": 0.336426, "touchZone": "hovering", "type": 0, "width": 15.2554}, {"bases": [[[0.948443, -0.298553, -0.106403], [0.316907, 0.898609, 0.303433], [0.00502345, -0.321509, 0.946893]], [[0.948046, -0.309538, -0.0734545], [0.0941437, 0.493519, -0.864625], [0.303885, 0.812788, 0.49702]], [[0.948046, -0.309538, -0.0734545], [-0.284875, -0.723213, -0.629133], [0.141618, 0.617373, -0.773819]], [[0.948046, -0.309538, -0.0734545], [-0.308761, -0.950885, 0.02199], [-0.0766535, 0.00183239, -0.997056]]], "btipPosition": [-61.8387, 189.846, 104.052], "carpPosition": [-75.2904, 215.289, 144.068], "dipPosition": [-60.7378, 189.872, 89.7323], "direction": [0.141618, -0.617373, 0.773819], "extended": false, "handId": 68, "id": 682, "length": 51.2108, "mcpPosition": [-75.0101, 233.231, 91.2241], "pipPosition": [-63.8156, 203.29, 72.9149], "stabilizedTipPosition": [-61.3492, 189.108, 100.353], "timeVisible": 7.48385, "tipPosition": [-62.0499, 189.728, 100.342], "tipVelocity": [-0.406255, 19.8964, 8.53009], "tool": false, "touchDistance": 0.512643, "touchZone": "none", "type": 2, "width": 14.3116}, {"bases": [[[0.912239, -0.409497, 0.0115309], [0.383858, 0.864275, 0.325086], [-0.143088, -0.29213, 0.945614]], [[0.911892, -0.410198, 0.0138042], [0.206389, 0.429223, -0.879301], [0.354763, 0.804677, 0.476066]], [[0.911892, -0.410198, 0.0138042], [-0.322106, -0.736092, -0.595329], [0.254364, 0.53843, -0.803363]], [[0.911892, -0.410198, 0.0138042], [-0.410261, -0.910035, 0.0593524], [-0.0117839, -0.0597863, -0.998142]]], "btipPosition": [-74.6281, 189.841, 110.249], "carpPosition": [-84.7898, 213.227, 142.624], "dipPosition": [-74.4598, 188.988, 95.996], "direction": [0.254364, -0.53843, 0.803363], "extended": false, "handId": 68, "id": 683, "length": 49.2406, "mcpPosition": [-91.9593, 227.865, 95.2438], "pipPosition": [-79.8451, 200.387, 78.9875], "stabilizedTipPosition": [-74.2665, 188.967, 106.584], "timeVisible": 7.48385, "tipPosition": [-75.4691, 189.732, 106.738], "tipVelocity": [-1.27116, 16.5011, 7.00378], "tool": false, "touchDistance": 0.616181, "touchZone": "none", "type": 3, "width": 13.6184}, {"bases": [[[0.813498, -0.577692, 0.0670247], [0.506912, 0.760835, 0.405179], [-0.285064, -0.295637, 0.911777]], [[0.820924, -0.569469, 0.0422933], [0.334233, 0.419122, -0.844171], [0.463003, 0.707136, 0.534403]], [[0.820924, -0.569469, 0.0422933], [-0.403714, -0.631165, -0.662303], [0.403855, 0.526626, -0.748041]], [[0.820924, -0.569469, 0.0422933], [-0.568405, -0.821999, -0.0351315], [0.0547713, 0.00480056, -0.998487]]], "btipPosition": [-86.9892, 192.166, 108.873], "carpPosition": [-93.0379, 205.498, 141.269], "dipPosition": [-87.7107, 192.229, 95.7195], "direction": [0.403855, -0.526626, 0.748041], "extended": false, "handId": 68, "id": 684, "length": 38.6037, "mcpPosition": [-106.26, 219.211, 98.9793], "pipPosition": [-93.7476, 200.101, 84.5377], "stabilizedTipPosition": [-86.7678, 191.506, 105.447], "timeVisible": 7.48385, "tipPosition": [-88.2776, 191.607, 105.645], "tipVelocity": [-2.20908, 14.8896, 6.77957], "tool": false, "touchDistance": 0.597463, "touchZone": "none", "type": 4, "width": 12.0969}], "r": [[0.917227, 0.170239, 0.360158], [-0.153342, 0.985307, -0.0752123], [-0.36767, 0.0137594, 0.929855]], "s": 0.95611, "t": [52.7592, 56.6962, -26.3059], "timestamp": 17461838241}, {"currentFrameRate": 108.163, "devices": [], "gestures": [], "hands": [{"armBasis": [[0.951571, 0.208865, -0.225583], [0.110125, 0.453499, 0.884427], [0.287028, -0.866437, 0.408536]], "armWidth": 48.9085, "confidence": 1, "direction": [-0.0499907, 0.45241, -0.890408], "elbow": [-144.379, 3.89802, 247.651], "grabAngle": 2.72903, "grabStrength": 0, "id": 68, "palmNormal": [0.170115, -0.874638, -0.453949], "palmPosition": [-75.7656, 220.815, 107.567], "palmVelocity": [3.36009, 10.8243, 10.3987], "palmWidth": 72.7825, "pinchDistance": 42.4441, "pinchStrength": 0.583574, "r": [[0.917122, 0.169937, 0.360568], [-0.153519, 0.985376, -0.0739269], [-0.367858, 0.0124459, 0.929799]], "s": 0.956669, "sphereCenter": [-83.1109, 194.333, 80.0021], "sphereRadius": 38.1755, "stabilizedPalmPosition": [-75.6624, 219.938, 106.817], "t": [-52.7349, 56.811, -26.2093], "timeVisible": 7.49261, "type": "left", "wrist": [-82.3894, 191.024, 159.419]}], "id": 44930, "interactionBox": {"center": [0, 200, 0], "size": [235.247, 235.247, 147.751]}, "pointables": [{"bases": [[[0.978578, -0.0957314, -0.182267], [0.151031, 0.935457, 0.319546], [0.139913, -0.340228, 0.929876]], [[0.986945, -0.160988, 0.00481534], [0.160558, 0.985787, 0.0494438], [-0.0127068, -0.0480251, 0.998765]], [[0.986945, -0.160988, 0.00481534], [0.160987, 0.985153, -0.0596308], [0.00485601, 0.0596275, 0.998209]], [[0.986945, -0.160988, 0.00481534], [0.160987, 0.985153, -0.0596308], [0.00485601, 0.0596275, 0.998209]]], "btipPosition": [-57.6146, 234.559, 26.9416], "carpPosition": [-65.5841, 214.84, 145.931], "dipPosition": [-57.678, 235.337, 39.9761], "direction": [0.00485601, -0.0596275, -0.998209], "extended": true, "handId": 68, "id": 681, "length": 44.9446, "mcpPosition": [-57.3505, 234.862, 91.2099], "pipPosition": [-57.7677, 236.439, 58.4157], "stabilizedTipPosition": [-57.5412, 233.493, 29.2476], "timeVisible": 7.49261, "tipPosition": [-59.2538, 