{"frames": 48, "data": [{"currentFrameRate": 114.937, "devices": [], "gestures": [], "hands": [{"armBasis": [[-0.307297, -0.496727, -0.811684], [0.907902, 0.102506, -0.406455], [0.2851, -0.861832, 0.41948]], "armWidth": 57.4912, "confidence": 1, "direction": [-0.139976, 0.248677, -0.958419], "elbow": [-169.464, -122.739, 220.496], "grabAngle": 0.181255, "grabStrength": 0, "id": 77, "palmNormal": [0.990149, 0.0384495, -0.134634], "palmPosition": [-102.965, 112.787, 61.4315], "palmVelocity": [233.456, -32.9906, -66.0891], "palmWidth": 80.2111, "pinchDistance": 62.7966, "pinchStrength": 0, "r": [[0.97274, -0.225503, 0.0540886], [0.228137, 0.88873, -0.397635], [0.0415975, 0.399135, 0.915948]], "s": 0.839166, "sphereCenter": [-140.603, 97.501, 21.7566], "sphereRadius": 61.6352, "stabilizedPalmPosition": [-104.957, 113.037, 62.0033], "t": [-26.9199, -36.2207, -70.3069], "timeVisible": 7.14565, "type": "left", "wrist": [-101.606, 82.3903, 120.653]}], "id": 53213, "interactionBox": {"center": [0, 200, 0], "size": [235.247, 235.247, 147.751]}, "pointables": [{"bases": [[[0.911574, -0.375315, -0.167845], [0.390893, 0.664653, 0.636741], [-0.12742, -0.646046, 0.752588]], [[0.920433, -0.280394, -0.272365], [0.387121, 0.557184, 0.734632], [-0.0542288, -0.781617, 0.621396]], [[0.920433, -0.280394, -0.272365], [0.377226, 0.819813, 0.430822], [0.102489, -0.499286, 0.860354]], [[0.920433, -0.280394, -0.272365], [0.355758, 0.889607, 0.28642], [0.161987, -0.360527, 0.918575]]], "btipPosition": [-86.4491, 174.378, 43.049], "carpPosition": [-90.2854, 118.237, 113.81], "dipPosition": [-89.6871, 167.172, 61.4107], "direction": [0.102489, 0.499286, -0.860354], "extended": true, "handId": 77, "id": 770, "length": 44.5133, "mcpPosition": [-90.2854, 118.237, 113.81], "pipPosition": [-92.6717, 152.632, 86.4655], "stabilizedTipPosition": [-87.9539, 172.816, 47.4821], "timeVisible": 7.14565, "tipPosition": [-87.3906, 170.867, 47.0198], "tipVelocity": [211.406, -29.6612, -51.5615], "tool": false, "touchDistance": 0.295086, "touchZone": "hovering", "type": 0, "width": 18.4546}, {"bases": [[[0.0201799, -0.91233, -0.408958], [0.999748, 0.0224463, -0.000742409], [0.00985691, -0.40884, 0.912553]], [[0.022331, -0.997043, -0.0735328], [0.967804, 0.00311411, 0.251685], [-0.250712, -0.0767857, 0.965012]], [[0.022331, -0.997043, -0.0735328], [0.974434, 0.00525907, 0.224614], [-0.223563, -0.0766687, 0.971669]], [[0.022331, -0.997043, -0.0735328], [0.994558, 0.0146679, 0.103149], [-0.101766, -0.0754361, 0.991944]]], "btipPosition": [-123.31, 145.055, -23.8281], "carpPosition": [-108.649, 113.039, 105.301], "dipPosition": [-121.825, 143.954, -9.35264], "direction": [-0.223563, 0.0766687, -0.971669], "extended": true, "handId": 77, "id": 771, "length": 50.2283, "mcpPosition": [-108.01, 139.554, 46.1177], "pipPosition": [-117.21, 142.372, 10.7068], "stabilizedTipPosition": [-123.591, 144.885, -20.3182], "timeVisible": 7.14565, "tipPosition": [-119.556, 147.138, -20.2744], "tipVelocity": [305.675, -31.7638, -85.2395], "tool": false, "touchDistance": 0.287439, "touchZone": "hovering", "type": 1, "width": 17.6278}, {"bases": [[[-0.376111, -0.926569, -0.00320189], [0.92613, -0.376035, 0.0296651], [-0.0286908, 0.00819201, 0.999555]], [[-0.363698, -0.911061, -0.194141], [0.931243, -0.350551, -0.0995052], [0.022599, -0.216983, 0.975914]], [[-0.363698, -0.911061, -0.194141], [0.904468, -0.295524, -0.307575], [0.222846, -0.287459, 0.931508]], [[-0.363698, -0.911061, -0.194141], [0.871729, -0.259417, -0.415682], [0.328348, -0.320421, 0.888548]]], "btipPosition": [-94.9089, 98.6016, -14.0267], "carpPosition": [-102.682, 82.9478, 95.1827], "dipPosition": [-99.7429, 93.8843, -0.945341], "direction": [0.222846, 0.287459, -0.931508], "extended": true, "handId": 77, "id": 774, "length": 43.1419, "mcpPosition": [-104.148, 82.5291, 44.0893], "pipPosition": [-103.466, 89.0821, 14.6159], "stabilizedTipPosition": [-99.7123, 98.4255, -9.90143], "timeVisible": 7.14565, "tipPosition": [-98.8832, 96.2692, -10.9075], "tipVelocity": [246.097, -74.86, -92.579], "tool": false, "touchDistance": 0.281233, "touchZone": "hovering", "type": 4, "width": 14.6338}, {"bases": [[[-0.149404, -0.949548, -0.27575], [0.98874, -0.141099, -0.0498358], [0.00841355, -0.280091, 0.959937]], [[-0.145211, -0.985132, -0.0918054], [0.978943, -0.156512, 0.131053], [-0.143474, -0.0708418, 0.987115]], [[-0.145211, -0.985132, -0.0918054], [0.989291, -0.145948, 0.00133115], [-0.0147102, -0.090629, 0.995776]], [[-0.145211, -0.985132, -0.0918054], [0.978544, -0.12929, -0.160425], [0.146171, -0.113131, 0.982769]]], "btipPosition": [-113.761, 127.648, -39.2022], "carpPosition": [-110.361, 103.488, 100.434], "dipPosition": [-116.107, 125.833, -23.4282], "direction": [-0.0147102, 0.090629, -0.995776], "extended": true, "handId": 77, "id": 772, "length": 57.2312, "mcpPosition": [-109.843, 120.715, 41.3953], "pipPosition": [-115.75, 123.631, 0.757109], "stabilizedTipPosition": [-114.909, 127.328, -35.4043], "timeVisible": 7.14565, "tipPosition": [-114.305, 131.39, -34.8405], "tipVelocity": [282.361, -32.1822, -78.4456], "tool": false, "touchDistance": 0.290365, "touchZone": "hovering", "type": 2, "width": 17.3129}, {"bases": [[[-0.220645, -0.967059, -0.126935], [0.975304, -0.217436, -0.0387834], [0.00990568, -0.132357, 0.991153]], [[-0.220855, -0.961963, -0.160781], [0.973865, -0.226472, 0.0172616], [-0.0530174, -0.152766, 0.986839]], [[-0.220855, -0.961963, -0.160781], [0.965858, -0.192831, -0.173019], [0.135434, -0.193503, 0.971707]], [[-0.220855, -0.961963, -0.160781], [0.944447, -0.169801, -0.281401], [0.243397, -0.213998, 0.946025]]], "btipPosition": [-103.917, 114.478, -33.7494], "carpPosition": [-109.53, 93.3461, 96.729], "dipPosition": [-107.801, 111.063, -18.6525], "direction": [0.135434, 0.193503, -0.971707], "extended": true, "handId": 77, "id": 773, "length": 55.0293, "mcpPosition": [-108.983, 100.655, 41.998], "pipPosition": [-111.006, 106.485, 4.33877], "stabilizedTipPosition": [-105.715, 113.884, -30.0296], "timeVisible": 7.14565, "tipPosition": [-109.217, 113.318, -30.2373], "tipVelocity": [274.833, -41.9401, -78.5389], "tool": false, "touchDistance": 0.288826, "touchZone": "hovering", "type": 3, "width": 16.4743}], "r": [[0.97274, -0.225503, 0.0540886], [0.228137, 0.88873, -0.397635], [0.0415975, 0.399135, 0.915948]], "s": 0.839166, "t": [26.9199, -36.2207, -70.3069], "timestamp": 17534900227}, {"currentFrameRate": 114.858, "devices": [], "gestures": [], "hands": [{"armBasis": [[-0.311423, -0.500542, -0.807758], [0.903538, 0.107319, -0.414852], [0.294338, -0.859035, 0.418837]], "armWidth": 57.4912, "confidence": 1, "direction": [-0.134177, 0.251239, -0.95858], "elbow": [-169.972, -122.393, 219.964], "grabAngle": 0.163596, "grabStrength": 0, "id": 77, "palmNormal": [0.990956, 0.0355945, -0.129379], "palmPosition": [-100.822, 112.567, 61.0911], "palmVelocity": [242.386, -24.8957, -38.498], "palmWidth": 80.2111, "pinchDistance": 62.6107, "pinchStrength": 0, "r": [[0.973351, -0.223857, 0.0497547], [0.224825, 0.888796, -0.399368], [0.0451796, 0.399911, 0.91544]], "s": 0.839243, "sphereCenter": [-144.729, 97.7217, 21.3638], "sphereRadius": 65.2436, "stabilizedPalmPosition": [-102.803, 112.792, 61.5282], "t": [-24.9293, -36.4481, -70.7398], "timeVisible": 7.15449, "type": "left", "wrist": [-99.9146, 82.0705, 120.274]}], "id": 53214, "interactionBox": {"center": [0, 200, 0], "size": [235.247, 235.247, 147.751]}, "pointables": [{"bases": [[[0.91187, -0.372039, -0.173435], [0.392105, 0.664485, 0.636171], [-0.121435, -0.64811, 0.751802]], [[0.9199, -0.278569, -0.276014], [0.388757, 0.55536, 0.735148], [-0.0515025, -0.783565, 0.619171]], [[0.9199, -0.278569, -0.276014], [0.377066, 0.82167, 0.427411], [0.107729, -0.497251, 0.860893]], [[0.9199, -0.278569, -0.276014], [0.355466, 0.88957, 0.286894], [0.165614, -0.362027, 0.917338]]], "btipPosition": [-84.2178, 174.058, 42.8931], "carpPosition": [-88.3992, 117.861, 113.547], "dipPosition": [-87.5283, 166.822, 61.23], "direction": [0.107729, 0.497251, -0.860893], "extended": true, "handId": 77, "id": 770, "length": 44.5133, "mcpPosition": [-88.3992, 117.861, 113.547], "pipPosition": [-90.6655, 152.341, 86.3006], "stabilizedTipPosition": [-85.7665, 172.506, 47.2089], "timeVisible": 7.15449, "tipPosition": [-84.9883, 170.654, 46.8934], "tipVelocity": [250.5, -36.959, -18.2802], "tool": false, "touchDistance": 0.298638, "touchZone": "hovering", "type": 0, "width": 18.4546}, {"bases": [[[0.0209365, -0.911355, -0.411088], [0.999654, 0.0256306, -0.0059096], [0.0159222, -0.410822, 0.911576]], [[0.0250937, -0.996653, -0.0778062], [0.969922, 0.00542256, 0.243355], [-0.242118, -0.0815726, 0.966812]], [[0.0250937, -0.996653, -0.0778062], [0.975844, 0.00752469, 0.218338], [-0.217021, -0.0814056, 0.972767]], [[0.0250937, -0.996653, -0.0778062], [0.994657, 0.0170953, 0.101811], [-0.100141, -0.0799453, 0.991756]]], "btipPosition": [-120.528, 145.224, -24.2209], "carpPosition": [-106.734, 112.74, 104.931], "dipPosition": [-119.067, 144.057, -9.74817], "direction": [-0.217021, 0.0814056, -0.972767], "extended": true, "handId": 77, "id": 771, "length": 50.2283, "mcpPosition": [-105.702, 139.384, 45.8109], "pipPosition": [-114.586, 142.377, 10.3339], "stabilizedTipPosition": [-120.771, 144.944, -20.7945], "timeVisible": 7.15449, "tipPosition": [-116.913, 147.127, -20.6265], "tipVelocity": [314.06, 17.3871, -44.4991], "tool": false, "touchDistance": 0.291969, "touchZone": "hovering", "type": 1, "width": 17.6278}, {"bases": [[[-0.373181, -0.927753, -0.00330253], [0.927461, -0.373149, 0.0239942], [-0.023493, 0.00589123, 0.999707]], [[-0.36201, -0.912135, -0.192245], [0.931822, -0.348429, -0.10151], [0.0256073, -0.215886, 0.976083]], [[-0.36201, -0.912135, -0.192245], [0.908489, -0.299033, -0.291939], [0.2088, -0.280337, 0.936917]], [[-0.36201, -0.912135, -0.192245], [0.880964, -0.267353, -0.390417], [0.304716, -0.310696, 0.900342]]], "btipPosition": [-93.263, 98.1285, -14.7095], "carpPosition": [-100.81, 82.6525, 94.7768], "dipPosition": [-97.7491, 93.5544, -1.45445], "direction": [0.2088, 0.280337, -0.936917], "extended": true, "handId": 77, "id": 774, "length": 43.1419, "mcpPosition": [-102.011, 82.3513, 43.6757], "pipPosition": [-101.237, 88.8712, 14.1972], "stabilizedTipPosition": [-97.3698, 97.8422, -10.6622], "timeVisible": 7.15449, "tipPosition": [-96.2973, 96.2449, -11.2843], "tipVelocity": [195.216, -49.7819, -72.7072], "tool": false, "touchDistance": 0.27604, "touchZone": "hovering", "type": 4, "width": 14.6338}, {"bases": [[[-0.14783, -0.949407, -0.27708], [0.988909, -0.13784, -0.0553089], [0.0143181, -0.282183, 0.959254]], [[-0.142634, -0.985211, -0.0949414], [0.980204, -0.153911, 0.124548], [-0.137319, -0.0752971, 0.987661]], [[-0.142634, -0.985211, -0.0949414], [0.989648, -0.1435, 0.00231572], [-0.0159055, -0.0936282, 0.99548]], [[-0.142634, -0.985211, -0.0949414], [0.980169, -0.127267, -0.151891], [0.137562, -0.114723, 0.983827]]], "btipPosition": [-111.402, 127.776, -39.5927], "carpPosition": [-108.451, 103.206, 100.034], "dipPosition": [-113.61, 125.935, -23.8018], "direction": [-0.0159055, 0.0936282, -0.99548], "extended": true, "handId": 77, "id": 772, "length": 57.2312, "mcpPosition": [-107.571, 120.561, 41.037], "pipPosition": [-113.224, 123.661, 0.376376], "stabilizedTipPosition": [-112.443, 127.348, -35.8618], "timeVisible": 7.15449, "tipPosition": [-111.606, 131.334, -35.213], "tipVelocity": [270.43, 13.7957, -43.73], "tool": false, "touchDistance": 0.292184, "touchZone": "hovering", "type": 2, "width": 17.3129}, {"bases": [[[-0.218237, -0.967474, -0.127935], [0.975773, -0.214243, -0.0443566], [0.0155047, -0.134516, 0.99079]], [[-0.218644, -0.962203, -0.162356], [0.974671, -0.223363, 0.0111749], [-0.0470169, -0.1558, 0.986669]], [[-0.218644, -0.962203, -0.162356], [0.966923, -0.191237, -0.168787], [0.131359, -0.19389, 0.972189]], [[-0.218644, -0.962203, -0.162356], [0.947951, -0.169974, -0.269253], [0.23148, -0.212776, 0.949286]]], "btipPosition": [-101.769, 114.426, -34.2048], "carpPosition": [-107.633, 93.069, 96.3105], "dipPosition": [-105.463, 111.03, -19.0559], "direction": [0.131359, 0.19389, -0.972189], "extended": true, "handId": 77, "id": 773, "length": 55.0293, "mcpPosition": [-106.776, 100.497, 41.5996], "pipPosition": [-108.571, 106.443, 3.9468], "stabilizedTipPosition": [-103.379, 113.703, -30.5509], "timeVisible": 7.15449, "tipPosition": [-106.479, 113.33, -30.6108], "tipVelocity": [247.963, -5.42546, -50.1584], "tool": false, "touchDistance": 0.288851, "touchZone": "hovering", "type": 3, "width": 16.4743}], "r": [[0.973351, -0.223857, 0.0497547], [0.224825, 0.888796, -0.399368], [0.0451796, 0.399911, 0.91544]], "s": 0.839243, "t": [24.9293, -36.4481, -70.7398], "timestamp": 17534909068}, {"currentFrameRate": 114.894, "devices": [], "gestures": [], "hands": [{"armBasis": [[-0.309792, -0.503546, -0.806518], [0.901147, 0.115048, -0.417969], [0.303254, -0.856274, 0.418128]], "armWidth": 57.4912, "confidence": 1, "direction": [-0.128657, 0.25433, -0.958521], "elbow": [-170.268, -122.038, 219.483], "grabAngle": 0.147346, "grabStrength": 0, "id": 77, "palmNormal": [0.991678, 0.0283733, -0.125579], "palmPosition": [-98.5344, 112.378, 60.8267], "palmVelocity": [264.687, -21.8554, -30.5938], "palmWidth": 80.2111, "pinchDistance": 62.3994, "pinchStrength": 0, "r": [[0.974193, -0.22109, 0.0454547], [0.220524, 0.889356, -0.400519], [0.0481255, 0.400207, 0.91516]], "s": 0.838973, "sphereCenter": [-149.086, 98.094, 21.0395], "sphereRadius": 69.4585, "stabilizedPalmPosition": [-100.473, 112.566, 61.1453], "t": [-22.7901, -36.6562, -71.0885], "timeVisible": 7.16314, "type": "left", "wrist": [-98.0888, 81.7687, 119.962]}], "id": 53215, "interactionBox": {"center": [0, 200, 0], "size": [235.247, 235.247, 147.751]}, "pointables": [{"bases": [[[0.913997, -0.364748, -0.177676], [0.389465, 0.66605, 0.636156], [-0.113695, -0.650643, 0.750824]], [[0.920973, -0.273253, -0.277742], [0.386755, 0.554778, 0.736642], [-0.0472049, -0.785846, 0.616618]], [[0.920973, -0.273253, -0.277742], [0.372829, 0.825097, 0.424515], [0.113164, -0.494517, 0.86177]], [[0.920973, -0.273253, -0.277742], [0.350811, 0.891716, 0.285962], [0.169526, -0.360799, 0.917107]]], "btipPosition": [-81.6627, 173.658, 42.7779], "carpPosition": [-86.2697, 117.464, 113.34], "dipPosition": [-85.0514, 166.445, 61.1102], "direction": [0.113164, 0.494517, -0.86177], "extended": true, "handId": 77, "id": 770, "length": 44.5133, "mcpPosition": [-86.2697, 117.464, 113.34], "pipPosition": [-88.3469, 152.044, 86.2063], "stabilizedTipPosition": [-83.22, 172.117, 47.0445], "timeVisible": 7.16314, "tipPosition": [-82.2127, 170.404, 46.8197], "tipVelocity": [293.539, -45.7313, -13.45], "tool": false, "touchDistance": 0.303909, "touchZone": "hovering", "type": 0, "width": 18.4546}, {"bases": [[[0.0262766, -0.910275, -0.413169], [0.999402, 0.0332098, -0.00960668], [0.022466, -0.41267, 0.910604]], [[0.0323148, -0.996126, -0.0817822], [0.971834, 0.0122046, 0.235348], [-0.233438, -0.087084, 0.968464]], [[0.0323148, -0.996126, -0.0817822], [0.97721, 0.0143131, 0.21179], [-0.209799, -0.0867624, 0.973887]], [[0.0323148, -0.996126, -0.0817822], [0.994649, 0.0240177, 0.100477], [-0.0981238, -0.0845916, 0.991572]]], "btipPosition": [-117.483, 145.485, -24.5256], "carpPosition": [-104.611, 112.501, 104.644], "dipPosition": [-116.051, 144.251, -10.0555], "direction": [-0.209799, 0.0867624, -0.973887], "extended": true, "handId": 77, "id": 771, "length": 50.2283, "mcpPosition": [-103.154, 139.264, 45.5873], "pipPosition": [-111.72, 142.46, 10.0497], "stabilizedTipPosition": [-117.739, 145.16, -21.1322], "timeVisible": 7.16314, "tipPosition": [-114.102, 147.206, -20.8793], "tipVelocity": [351.56, 28.3992, -35.3199], "tool": false, "touchDistance": 0.298538, "touchZone": "hovering", "type": 1, "width": 17.6278}, {"bases": [[[-0.366165, -0.930541, -0.00394394], [0.93034, -0.366169, 0.0196899], [-0.0197664, 0.00354056, 0.999798]], [[-0.355936, -0.914645, -0.191664], [0.93413, -0.342377, -0.100889], [0.0266558, -0.214949, 0.976261]], [[-0.355936, -0.914645, -0.191664], [0.914356, -0.298491, -0.273597], [0.193034, -0.272632, 0.942555]], [[-0.355936, -0.914645, -0.191664], [0.890704, -0.269981, -0.365727], [0.282764, -0.300891, 0.910774]]], "btipPosition": [-91.693, 97.6861, -15.2979], "carpPosition": [-98.8752, 82.3912, 94.4463], "dipPosition": [-95.8559, 93.2563, -1.88926], "direction": [0.193034, 0.272633, -0.942555], "extended": true, "handId": 77, "id": 774, "length": 43.1419, "mcpPosition": [-99.8856, 82.2102, 43.3404], "pipPosition": [-99.0806, 88.7018, 13.8565], "stabilizedTipPosition": [-95.2818, 97.3223, -11.3487], "timeVisible": 7.16314, "tipPosition": [-93.7914, 96.2073, -11.6038], "tipVelocity": [190.257, -47.3513, -63.9905], "tool": false, "touchDistance": 0.272497, "touchZone": "hovering", "type": 4, "width": 14.6338}, {"bases": [[[-0.141691, -0.949894, -0.278613], [0.989707, -0.130229, -0.0593251], [0.020069, -0.284151, 0.958569]], [[-0.135598, -0.985916, -0.0978944], [0.982025, -0.146839, 0.118599], [-0.131304, -0.0800528, 0.988105]], [[-0.135598, -0.985916, -0.0978944], [0.990611, -0.13665, 0.00408273], [-0.0174025, -0.0964217, 0.995188]], [[-0.135598, -0.985916, -0.0978944], [0.982302, -0.120896, -0.143062], [0.129212, -0.115561, 0.98486]]], "btipPosition": [-108.901, 127.959, -39.8925], "carpPosition": [-106.381, 102.99, 99.7201], "dipPosition": [-110.975, 126.104, -24.0849], "direction": [-0.0174025, 0.0964217, -0.995188], "extended": true, "handId": 77, "id": 772, "length": 57.2312, "mcpPosition": [-105.147, 120.466, 40.7651], "pipPosition": [-110.552, 123.762, 0.0861335], "stabilizedTipPosition": [-109.899, 127.501, -36.1896], "timeVisible": 7.16314, "tipPosition": [-108.822, 131.372, -35.4883], "tipVelocity": [292.963, 20.769, -34.2393], "tool": false, "touchDistance": 0.296086, "touchZone": "hovering", "type": 2, "width": 17.3129}, {"bases": [[[-0.211396, -0.968818, -0.129244], [0.977191, -0.206754, -0.0484918], [0.0202579, -0.136547, 0.990426]], [[-0.211976, -0.963437, -0.163877], [0.976406, -0.215859, 0.00604984], [-0.0412028, -0.158728, 0.986462]], [[-0.211976, -0.963437, -0.163877], [0.969085, -0.18556, -0.162609], [0.126255, -0.19328, 0.972986]], [[-0.211976, -0.963437, -0.163877], [0.952285, -0.165952, -0.256151], [0.219589, -0.210355, 0.952644]]], "btipPosition": [-99.5871, 114.383, -34.5826], "carpPosition": [-105.625, 92.8558, 95.9773], "dipPosition": [-103.091, 111.026, -19.38], "direction": [0.126255, 0.19328, -0.972986], "extended": true, "handId": 77, "id": 773, "length": 55.0293, "mcpPosition": [-104.506, 100.396, 41.2864], "pipPosition": [-106.079, 106.453, 3.64152], "stabilizedTipPosition": [-101.096, 113.633, -30.96], "timeVisible": 7.16314, "tipPosition": [-103.743, 113.389, -30.8993], "tipVelocity": [257.452, -3.88271, -42.2789], "tool": false, "touchDistance": 0.290548, "touchZone": "hovering", "type": 3, "width": 16.4743}], "r": [[0.974193, -0.22109, 0.0454547], [0.220524, 0.889356, -0.400519], [0.0481255, 0.400207, 0.91516]], "s": 0.838973, "t": [22.7901, -36.6562, -71.0885], "timestamp": 17534917711}, {"currentFrameRate": 114.93, "devices": [], "gestures": [], "hands": [{"armBasis": [[-0.30609, -0.5077, -0.805326], [0.899193, 0.123649, -0.419719], [0.312669, -0.852614, 0.418673]], "armWidth": 57.4912, "confidence": 1, "direction": [-0.123317, 0.26467, -0.956422], "elbow": [-170.27, -121.888, 219.381], "grabAngle": 0.128784, "grabStrength": 0, "id": 77, "palmNormal": [0.99233, 0.0245786, -0.121145], "palmPosition": [-95.8605, 112.157, 60.8316], "palmVelocity": [309.479, -25.4796, 0.562602], "palmWidth": 80.2111, "pinchDistance": 62.086, "pinchStrength": 0, "r": [[0.975104, -0.217972, 0.0407498], [0.21584, 0.890825, -0.399804], [0.050845, 0.398646, 0.915694]], "s": 0.837774, "sphereCenter": [-154.994, 98.245, 20.7734], "sphereRadius": 75.5277, "stabilizedPalmPosition": [-97.7224, 112.322, 60.9582], "t": [-20.3836, -36.8704, -71.2604], "timeVisible": 7.17178, "type": "left", "wrist": [-95.8502, 81.0474, 119.731]}], "id": 53216, "interactionBox": {"center": [0, 200, 0], "size": [235.247, 235.247, 147.751]}, "pointables": [{"bases": [[[0.915073, -0.358259, -0.185179], [0.388772, 0.661559, 0.641246], [-0.107226, -0.658779, 0.744656]], [[0.921245, -0.269439, -0.280555], [0.386223, 0.547825, 0.742105], [-0.0462568, -0.792017, 0.608744]], [[0.921245, -0.269439, -0.280555], [0.371016, 0.825321, 0.425668], [0.116856, -0.496234, 0.860288]], [[0.921245, -0.269439, -0.280555], [0.348382, 0.89234, 0.286982], [0.173026, -0.362121, 0.915932]]], "btipPosition": [-78.966, 173.191, 43.2954], "carpPosition": [-83.7922, 116.649, 113.445], "dipPosition": [-82.4246, 165.952, 61.6043], "direction": [0.116856, 0.496234, -0.860288], "extended": true, "handId": 77, "id": 770, "length": 44.5133, "mcpPosition": [-83.7922, 116.649, 113.445], "pipPosition": [-85.8277, 151.501, 86.6572], "stabilizedTipPosition": [-80.4472, 171.643, 47.4149], "timeVisible": 7.17178, "tipPosition": [-79.2045, 170.28, 47.4827], "tipVelocity": [310.26, -54.6945, 59.2786], "tool": false, "touchDistance": 0.316819, "touchZone": "hovering", "type": 0, "width": 18.4546}, {"bases": [[[0.0291398, -0.905902, -0.422485], [0.999172, 0.0384079, -0.0134399], [0.028402, -0.421743, 0.90627]], [[0.037046, -0.995249, -0.0900377], [0.973923, 0.0157768, 0.226329], [-0.223833, -0.0960744, 0.969881]], [[0.037046, -0.995249, -0.0900377], [0.978952, 0.0180483, 0.203289], [-0.200699, -0.0956737, 0.97497]], [[0.037046, -0.995249, -0.0900377], [0.994878, 0.0282521, 0.0970527], [-0.0940479, -0.093172, 0.991198]]], "btipPosition": [-114.008, 146.08, -24.3353], "carpPosition": [-102.121, 111.868, 104.622], "dipPosition": [-112.636, 144.72, -9.87069], "direction": [-0.200699, 0.0956737, -0.97497], "extended": true, "handId": 77, "id": 771, "length": 50.2283, "mcpPosition": [-100.279, 139.22, 45.8464], "pipPosition": [-108.493, 142.745, 10.2569], "stabilizedTipPosition": [-114.285, 145.678, -21.0266], "timeVisible": 7.17178, "tipPosition": [-110.963, 147.846, -20.5901], "tipVelocity": [400.537, 65.5325, 21.8766], "tool": false, "touchDistance": 0.311349, "touchZone": "hovering", "type": 1, "width": 17.6278}, {"bases": [[[-0.138055, -0.947737, -0.287637], [0.990095, -0.124567, -0.0647722], [0.0255569, -0.29373, 0.955547]], [[-0.130966, -0.985668, -0.106332], [0.983474, -0.142696, 0.111427], [-0.125004, -0.0899817, 0.988068]], [[-0.130966, -0.985668, -0.106332], [0.991211, -0.132209, 0.00469454], [-0.0186853, -0.104783, 0.99432]], [[-0.130966, -0.985668, -0.106332], [0.983931, -0.116103, -0.135645], [0.121355, -0.122388, 0.985035]]], "btipPosition": [-105.999, 128.696, -39.8121], "carpPosition": [-103.919, 102.417, 99.5947], "dipPosition": [-107.947, 126.732, -24.0018], "direction": [-0.0186853, 0.104783, -0.99432], "extended": true, "handId": 77, "id": 772, "length": 57.2312, "mcpPosition": [-102.347, 120.483, 40.8256], "pipPosition": [-107.493, 124.187, 0.14816], "stabilizedTipPosition": [-106.975, 128.131, -36.1779], "timeVisible": 7.17178, "tipPosition": [-105.658, 132.112, -35.3421], "tipVelocity": [339.22, 82.4431, 9.37159], "tool": false, "touchDistance": 0.306373, "touchZone": "hovering", "type": 2, "width": 17.3129}, {"bases": [[[-0.207032, -0.968527, -0.138178], [0.978011, -0.20126, -0.0546633], [0.025133, -0.146457, 0.988898]], [[-0.207768, -0.962973, -0.171802], [0.977482, -0.211018, 0.000669755], [-0.0368983, -0.167795, 0.985131]], [[-0.207768, -0.962973, -0.171802], [0.971026, -0.181842, -0.155054], [0.118072, -0.19904, 0.972853]], [[-0.207768, -0.962973, -0.171802], [0.95649, -0.163223, -0.241837], [0.20484, -0.214573, 0.954986]]], "btipPosition": [-97.1559, 114.942, -34.7064], "carpPosition": [-103.198, 92.3174, 95.7525], "dipPosition": [-100.425, 111.517, -19.4664], "direction": [0.118072, 0.19904, -0.972853], "extended": true, "handId": 77, "id": 773, "length": 55.0293, "mcpPosition": [-101.81, 100.405, 41.146], "pipPosition": [-103.218, 106.808, 3.55193], "stabilizedTipPosition": [-98.5866, 114.043, -31.1498], "timeVisible": 7.17178, "tipPosition": [-100.566, 114.125, -30.9124], "tipVelocity": [287.653, 62.8427, -13.3329], "tool": false, "touchDistance": 0.297307, "touchZone": "hovering", "type": 3, "width": 16.4743}, {"bases": [[[-0.361462, -0.932311, -0.0118515], [0.932257, -0.361595, 0.0120934], [-0.0155602, -0.00667734, 0.999857]], [[-0.352214, -0.914699, -0.198171], [0.935637, -0.338922, -0.0985658], [0.0229935, -0.220133, 0.975199]], [[-0.352214, -0.914699, -0.198171], [0.92055, -0.300359, -0.249744], [0.168918, -0.27039, 0.947817]], [[-0.352214, -0.914699, -0.198171], [0.901114, -0.27422, -0.335851], [0.25286, -0.296867, 0.920832]]], "btipPosition": [-90.0517, 97.7115, -15.8074], "carpPosition": [-96.4952, 81.8345, 94.1436], "dipPosition": [-93.7743, 93.341, -2.25071], "direction": [0.168918, 0.27039, -0.947817], "extended": true, "handId": 77, "id": 774, "length": 43.1419, "mcpPosition": [-97.2906, 82.1758, 43.0348], "pipPosition": [-96.5962, 88.824, 13.583], "stabilizedTipPosition": [-93.2559, 97.037, -11.9697], "timeVisible": 7.17178, "tipPosition": [-90.8946, 96.6976, -11.8137], "tipVelocity": [201.685, 4.52387, -55.0309], "tool": false, "touchDistance": 0.271042, "touchZone": "hovering", "type": 4, "width": 14.6338}], "r": [[0.975104, -0.217972, 0.0407498], [0.21584, 0.890825, -0.399804], [0.050845, 0.398646, 0.915694]], "s": 0.837774, "t": [20.3836, -36.8704, -71.2604], "timestamp": 17534926351}, {"currentFrameRate": 114.961, "devices": [], "gestures": [], "hands": [{"armBasis": [[-0.311201, -0.51522, -0.798563], [0.894135, 0.125963, -0.429716], [0.321988, -0.847751, 0.421476]], "armWidth": 57.4912, "confidence": 1, "direction": [-0.121321, 0.275889, -0.953502], "elbow": [-169.566, -121.592, 219.432], "grabAngle": 0.110268, "grabStrength": 0, "id": 77, "palmNormal": [0.992612, 0.0319172, -0.117062], "palmPosition": [-92.7726, 111.869, 60.4943], "palmVelocity": [357.187, -33.4009, -39.0083], "palmWidth": 80.2111, "pinchDistance": 61.8334, "pinchStrength": 0, "r": [[0.975582, -0.216713, 0.0357024], [0.212843, 0.892732, -0.397148], [0.0541946, 0.39505, 0.91706]], "s": 0.835984, "sphereCenter": [-162.565, 97.9101, 20.1718], "sphereRadius": 83.7236, "stabilizedPalmPosition": [-94.4344, 112.021, 60.6501], "t": [-17.6364, -37.1218, -71.515], "timeVisible": 7.18042, "type": "left", "wrist": [-92.9282, 80.1858, 119.114]}], "id": 53217, "interactionBox": {"center": [0, 200, 0], "size": [235.247, 235.247, 147.751]}, "pointables": [{"bases": [[[0.912242, -0.361279, -0.193111], [0.395063, 0.651189, 0.64798], [-0.10835, -0.667405, 0.73677]], [[0.91863, -0.274974, -0.283739], [0.391315, 0.533754, 0.749653], [-0.0546881, -0.799685, 0.597924]], [[0.91863, -0.274974, -0.283739], [0.378263, 0.819533, 0.430445], [0.114172, -0.502748, 0.85686]], [[0.91863, -0.274974, -0.283739], [0.355216, 0.889216, 0.2883], [0.17303, -0.365629, 0.914536]]], "btipPosition": [-76.5498, 172.912, 43.6595], "carpPosition": [-80.927, 115.773, 113.205], "dipPosition": [-80.0086, 165.603, 61.9405], "direction": [0.114172, 0.502748, -0.85686], "extended": true, "handId": 77, "id": 770, "length": 44.5133, "mcpPosition": [-80.927, 115.773, 113.205], "pipPosition": [-83.3335, 150.962, 86.8936], "stabilizedTipPosition": [-77.8855, 171.302, 47.7859], "timeVisible": 7.18042, "tipPosition": [-76.4394, 170.28, 47.9337], "tipVelocity": [279.481, -34.1929, 41.3735], "tool": false, "touchDistance": 0.324664, "touchZone": "hovering", "type": 0, "width": 18.4546}, {"bases": [[[0.0222067, -0.900699, -0.433875], [0.999325, 0.0327073, -0.0167509], [0.0292784, -0.43321, 0.900817]], [[0.0308522, -0.994402, -0.101059], [0.976128, 0.00822812, 0.217039], [-0.214992, -0.105343, 0.970918]], [[0.0308522, -0.994402, -0.101059], [0.981097, 0.0108037, 0.193213], [-0.191039, -0.10511, 0.975938]], [[0.0308522, -0.994402, -0.101059], [0.995636, 0.0216657, 0.0907711], [-0.0880734, -0.103418, 0.990731]]], "btipPosition": [-110.414, 146.635, -24.4012], "carpPosition": [-99.1943, 110.995, 104.254], "dipPosition": [-109.128, 145.126, -9.94341], "direction": [-0.191039, 0.10511, -0.975938], "extended": true, "handId": 77, "id": 771, "length": 50.2283, "mcpPosition": [-97.2954, 139.09, 45.8318], "pipPosition": [-105.185, 142.956, 10.2041], "stabilizedTipPosition": [-110.666, 146.208, -21.0694], "timeVisible": 7.18042, "tipPosition": [-107.845, 148.427, -20.5462], "tipVelocity": [413.488, 60.183, -7.80368], "tool": false, "touchDistance": 0.317568, "touchZone": "hovering", "type": 1, "width": 17.6278}, {"bases": [[[-0.14473, -0.943237, -0.298927], [0.989092, -0.129556, -0.0700802], [0.0273743, -0.305809, 0.951699]], [[-0.137178, -0.983506, -0.117895], [0.983295, -0.149581, 0.103717], [-0.119641, -0.101698, 0.987595]], [[-0.137178, -0.983506, -0.117895], [0.990314, -0.138748, 0.0051807], [-0.021453, -0.116042, 0.993013]], [[-0.137178, -0.983506, -0.117895], [0.984119, -0.121783, -0.129145], [0.112657, -0.133738, 0.984592]]], "btipPosition": [-102.872, 129.557, -40.01], "carpPosition": [-100.917, 101.597, 99.1019], "dipPosition": [-104.68, 127.41, -24.2068], "direction": [-0.021453, 0.116042, -0.993013], "extended": true, "handId": 77, "id": 772, "length": 57.2312, "mcpPosition": [-99.2335, 120.405, 40.5694], "pipPosition": [-104.159, 124.592, -0.0885242], "stabilizedTipPosition": [-103.798, 128.934, -36.3479], "timeVisible": 7.18042, "tipPosition": [-102.343, 132.916, -35.4712], "tipVelocity": [365.446, 94.7137, -23.0735], "tool": false, "touchDistance": 0.311432, "touchZone": "hovering", "type": 2, "width": 17.3129}, {"bases": [[[-0.213272, -0.96549, -0.14948], [0.976593, -0.206298, -0.0608843], [0.0279459, -0.158966, 0.986889]], [[-0.214093, -0.959576, -0.182699], [0.976147, -0.217078, -0.003741], [-0.0360701, -0.179142, 0.983162]], [[-0.214093, -0.959576, -0.182699], [0.97121, -0.189104, -0.144883], [0.104478, -0.208457, 0.972435]], [[-0.214093, -0.959576, -0.182699], [0.959066, -0.171003, -0.225724], [0.185358, -0.223546, 0.956906]]], "btipPosition": [-94.526, 115.664, -35.1569], "carpPosition": [-100.123, 91.5505, 95.1366], "dipPosition": [-97.484, 112.097, -19.8863], "direction": [0.104478, 0.208457, -0.972435], "extended": true, "handId": 77, "id": 773, "length": 55.0293, "mcpPosition": [-98.5795, 100.328, 40.6411], "pipPosition": [-99.956, 107.165, 3.12214], "stabilizedTipPosition": [-95.8759, 114.685, -31.5466], "timeVisible": 7.18042, "tipPosition": [-97.0565, 114.951, -31.2544], "tipVelocity": [312.478, 79.8017, -51.302], "tool": false, "touchDistance": 0.299398, "touchZone": "hovering", "type": 3, "width": 16.4743}, {"bases": [[[-0.367014, -0.929952, -0.0221249], [0.93014, -0.367184, 0.00403744], [-0.0118785, -0.0190975, 0.999747]], [[-0.358421, -0.910222, -0.207439], [0.933461, -0.34618, -0.0938635], [0.0136255, -0.227278, 0.973735]], [[-0.358421, -0.910222, -0.207439], [0.923322, -0.312811, -0.222768], [0.137879, -0.271377, 0.952546]], [[-0.358421, -0.910222, -0.207439], [0.908081, -0.288365, -0.303701], [0.216617, -0.297224, 0.929911]]], "btipPosition": [-88.0551, 97.8775, -16.6915], "carpPosition": [-93.3519, 81.1281, 93.4223], "dipPosition": [-91.2442, 93.5017, -3.00115], "direction": [0.137879, 0.271377, -0.952546], "extended": true, "handId": 77, "id": 774, "length": 43.1419, "mcpPosition": [-93.959, 82.1043, 42.3191], "pipPosition": [-93.5475, 88.9683, 12.9116], "stabilizedTipPosition": [-91.1219, 96.9577, -12.7211], "timeVisible": 7.18042, "tipPosition": [-87.5638, 97.3064, -12.4272], "tipVelocity": [245.144, 19.0605, -98.7116], "tool": false, "touchDistance": 0.266399, "touchZone": "hovering", "type": 4, "width": 14.6338}], "r": [[0.975582, -0.216713, 0.0357024], [0.212843, 0.892732, -0.397148], [0.0541946, 0.39505, 0.91706]], "s": 0.835984, "t": [17.6364, -37.1218, -71.515], "timestamp": 17534934996}, {"currentFrameRate": 114.958, "devices": [], "gestures": [], "hands": [{"armBasis": [[-0.319418, -0.526131, -0.788136], [0.888572, 0.12269, -0.442026], [0.32926, -0.841507, 0.428316]], "armWidth": 57.4912, "confidence": 1, "direction": [-0.114498, 0.282632, -0.95237], "elbow": [-168.281, -120.622, 220.142], "grabAngle": 0.0936229, "grabStrength": 0, "id": 77, "palmNormal": [0.993376, 0.0419699, -0.106973], "palmPosition": [-89.3647, 111.659, 59.7121], "palmVelocity": [391.539, -24.0666, -89.8685], "palmWidth": 80.2111, "pinchDistance": 61.6899, "pinchStrength": 0, "r": [[0.97561, -0.217534, 0.0293823], [0.211315, 0.894504, -0.393965], [0.0594182, 0.390565, 0.918656]], "s": 0.834434, "sphereCenter": [-170.332, 97.3272, 18.7164], "sphereRadius": 93.0515, "stabilizedPalmPosition": [-90.6826, 111.753, 59.9559], "t": [-14.5588, -37.3523, -72.0334], "timeVisible": 7.18913, "type": "left", "wrist": [-89.9121, 79.6699, 118.196]}], "id": 53218, "interactionBox": {"center": [0, 200, 0], "size": [235.247, 235.247, 147.751]}, "pointables": [{"bases": [[[0.906926, -0.36801, -0.205069], [0.407403, 0.642171, 0.649337], [-0.107273, -0.672447, 0.73233]], [[0.913242, -0.283887, -0.292227], [0.402748, 0.520784, 0.752714], [-0.0614985, -0.805104, 0.589937]], [[0.913242, -0.283887, -0.292227], [0.390755, 0.813345, 0.431022], [0.115319, -0.507817, 0.853711]], [[0.913242, -0.283887, -0.292227], [0.36669, 0.88533, 0.285884], [0.177558, -0.368238, 0.912619]]], "btipPosition": [-73.8722, 172.813, 43.5035], "carpPosition": [-78.0736, 115.236, 112.567], "dipPosition": [-77.4215, 165.452, 61.7461], "direction": [0.115319, 0.507817, -0.853711], "extended": true, "handId": 77, "id": 770, "length": 44.5133, "mcpPosition": [-78.0736, 115.236, 112.567], "pipPosition": [-80.7798, 150.664, 86.6075], "stabilizedTipPosition": [-75.1351, 171.146, 47.7114], "timeVisible": 7.18913, "tipPosition": [-73.4778, 170.338, 47.7891], "tipVelocity": [305.24, -12.685, -18.941], "tool": false, "touchDistance": 0.324256, "touchZone": "hovering", "type": 0, "width": 18.4546}, {"bases": [[[0.00962585, -0.897251, -0.441416], [0.999371, 0.0236933, -0.0263675], [0.0341168, -0.440885, 0.896915]], [[0.0206809, -0.993807, -0.109175], [0.979072, -0.00198163, 0.203504], [-0.20246, -0.111099, 0.972968]], [[0.0206809, -0.993807, -0.109175], [0.983778, 0.000765693, 0.179386], [-0.178192, -0.111114, 0.977702]], [[0.0206809, -0.993807, -0.109175], [0.996682, 0.011895, 0.080522], [-0.0787248, -0.110478, 0.990756]]], "btipPosition": [-106.251, 146.941, -25.1166], "carpPosition": [-96.2072, 110.365, 103.397], "dipPosition": [-105.102, 145.329, -10.6585], "direction": [-0.178192, 0.111114, -0.977702], "extended": true, "handId": 77, "id": 771, "length": 50.2283, "mcpPosition": [-93.9946, 138.958, 45.2284], "pipPosition": [-101.424, 143.035, 9.5255], "stabilizedTipPosition": [-106.568, 146.525, -21.7017], "timeVisible": 7.18913, "tipPosition": [-104.01, 148.711, -21.1822], "tipVelocity": [474.609, 32.4699, -82.1849], "tool": false, "touchDistance": 0.31585, "touchZone": "hovering", "type": 1, "width": 17.6278}, {"bases": [[[-0.156364, -0.939371, -0.305175], [0.987118, -0.138024, -0.0809165], [0.0338891, -0.313896, 0.948852]], [[-0.147466, -0.981072, -0.125501], [0.982956, -0.159454, 0.0915002], [-0.10978, -0.109869, 0.987865]], [[-0.147466, -0.981072, -0.125501], [0.988897, -0.148605, -0.000294828], [-0.0183608, -0.124151, 0.992093]], [[-0.147466, -0.981072, -0.125501], [0.982802, -0.131089, -0.13006], [0.111147, -0.142522, 0.983531]]], "btipPosition": [-98.8897, 130.127, -40.7565], "carpPosition": [-97.7925, 100.995, 98.1521], "dipPosition": [-100.674, 127.839, -24.9703], "direction": [-0.0183608, 0.124151, -0.992094], "extended": true, "handId": 77, "id": 772, "length": 57.2312, "mcpPosition": [-95.7083, 120.301, 39.7947], "pipPosition": [-100.228, 124.824, -0.874406], "stabilizedTipPosition": [-99.8915, 129.513, -37.0234], "timeVisible": 7.18913, "tipPosition": [-98.2024, 133.355, -36.182], "tipVelocity": [458.145, 61.7137, -86.2182], "tool": false, "touchDistance": 0.311111, "touchZone": "hovering", "type": 2, "width": 17.3129}, {"bases": [[[-0.223638, -0.962229, -0.155244], [0.974001, -0.214721, -0.0722246], [0.0361625, -0.16736, 0.985232]], [[-0.224734, -0.956012, -0.188511], [0.97392, -0.22657, -0.012037], [-0.0312035, -0.1863, 0.981997]], [[-0.224734, -0.956012, -0.188511], [0.969656, -0.200303, -0.140166], [0.0962408, -0.214291, 0.972017]], [[-0.224734, -0.956012, -0.188511], [0.958818, -0.182477, -0.217646], [0.173674, -0.22966, 0.95765]]], "btipPosition": [-91.0117, 116.075, -36.0467], "carpPosition": [-96.8664, 90.9892, 94.1129], "dipPosition": [-93.7832, 112.41, -20.7643], "direction": [0.0962408, 0.214291, -0.972017], "extended": true, "handId": 77, "id": 773, "length": 55.0293, "mcpPosition": [-94.8696, 100.231, 39.7088], "pipPosition": [-96.0603, 107.34, 2.2343], "stabilizedTipPosition": [-92.4577, 115.128, -32.3433], "timeVisible": 7.18913, "tipPosition": [-92.7225, 115.449, -32.0693], "tipVelocity": [408.688, 44.6381, -101.917], "tool": false, "touchDistance": 0.299146, "touchZone": "hovering", "type": 3, "width": 16.4743}, {"bases": [[[-0.375788, -0.926339, -0.0260883], [0.926703, -0.375706, -0.00816272], [-0.00224008, -0.0272436, 0.999626]], [[-0.368963, -0.905518, -0.20953], [0.929409, -0.357487, -0.0916641], [0.00809924, -0.22856, 0.973496]], [[-0.368963, -0.905518, -0.20953], [0.922469, -0.3292, -0.201687], [0.113654, -0.2677, 0.956775]], [[-0.368963, -0.905518, -0.20953], [0.909868, -0.305868, -0.280331], [0.189756, -0.294076, 0.936756]]], "btipPosition": [-85.1608, 97.7405, -17.8913], "carpPosition": [-89.9831, 80.6437, 92.3806], "dipPosition": [-87.9544, 93.411, -4.10017], "direction": [0.113654, 0.2677, -0.956775], "extended": true, "handId": 77, "id": 774, "length": 43.1419, "mcpPosition": [-90.0976, 82.0363, 41.2836], "pipPosition": [-89.853, 88.939, 11.8832], "stabilizedTipPosition": [-88.3588, 96.8471, -13.7592], "timeVisible": 7.18913, "tipPosition": [-83.5236, 97.6605, -13.3971], "tipVelocity": [342.982, -14.5192, -135.181], "tool": false, "touchDistance": 0.265444, "touchZone": "hovering", "type": 4, "width": 14.6338}], "r": [[0.97561, -0.217534, 0.0293823], [0.211315, 0.894504, -0.393965], [0.0594182, 0.390565, 0.918656]], "s": 0.834434, "t": [14.5588, -37.3523, -72.0334], "timestamp": 17534943700}, {"currentFrameRate": 114.977, "devices": [], "gestures": [], "hands": [{"armBasis": [[-0.345093, -0.542332, -0.76602], [0.876245, 0.106287, -0.469998], [0.336313, -0.833414, 0.438536]], "armWidth": 57.4912, "confidence": 1, "direction": [-0.107284, 0.27872, -0.954361], "elbow": [-166.616, -118.693, 221.626], "grabAngle": 0.0788524, "grabStrength": 0, "id": 77, "palmNormal": [0.993575, 0.0648566, -0.0927513], "palmPosition": [-85.7073, 111.409, 58.6127], "palmVelocity": [422.087, -28.8426, -126.879], "palmWidth": 80.2111, "pinchDistance": 61.6474, "pinchStrength": 0, "r": [[0.974653, -0.22268, 0.0215866], [0.213127, 0.894811, -0.392289], [0.068039, 0.386946, 0.919589]], "s": 0.83405, "sphereCenter": [-177.015, 95.1055, 16.5292], "sphereRadius": 102.436, "stabilizedPalmPosition": [-86.6727, 111.476, 58.8733], "t": [-11.1913, -37.5925, -72.8423], "timeVisible": 7.19779, "type": "left", "wrist": [-86.5685, 79.6719, 117.248]}], "id": 53219, "interactionBox": {"center": [0, 200, 0], "size": [235.247, 235.247, 147.751]}, "pointables": [{"bases": [[[0.89511, -0.389191, -0.217503], [0.43148, 0.633358, 0.642404], [-0.112261, -0.66887, 0.734854]], [[0.902113, -0.306257, -0.303973], [0.425116, 0.510068, 0.747735], [-0.0739521, -0.803765, 0.590333]], [[0.902113, -0.306257, -0.303973], [0.415849, 0.805061, 0.423021], [0.115163, -0.50802, 0.853612]], [[0.902113, -0.306257, -0.303973], [0.391209, 0.877725, 0.276686], [0.182067, -0.368519, 0.911617]]], "btipPosition": [-71.5256, 172.842, 42.5607], "carpPosition": [-75.2646, 115.312, 111.619], "dipPosition": [-75.165, 165.476, 60.7833], "direction": [0.115163, 0.50802, -0.853612], "extended": true, "handId": 77, "id": 770, "length": 44.5133,