{"frames": 76, "data": [{"currentFrameRate": 115.071, "devices": [], "gestures": [], "hands": [{"armBasis": [[-0.683436, 0.719465, 0.123632], [-0.238349, -0.0598442, -0.969334], [-0.690004, -0.691945, 0.212383]], "armWidth": 50.3226, "confidence": 1, "direction": [0.240138, -0.187829, -0.952394], "elbow": [140.921, -78.2844, 189.504], "grabAngle": 0.162711, "grabStrength": 0, "id": 105, "palmNormal": [0.00164629, 0.981179, -0.193091], "palmPosition": [-15.5239, 78.7632, 81.2163], "palmVelocity": [45.4466, 9.6959, 9.99277], "palmWidth": 75.741, "pinchDistance": 56.5952, "pinchStrength": 0, "r": [[0.582501, 0.353647, 0.731865], [0.360927, 0.694223, -0.622725], [-0.728302, 0.626888, 0.276745]], "s": 1.06398, "sphereCenter": [-31.2187, -50.8115, 56.9044], "sphereRadius": 131.72, "stabilizedPalmPosition": [-15.4097, 78.493, 80.9986], "t": [-43.0126, -93.5929, -74.9134], "timeVisible": 2.74051, "type": "left", "wrist": [-14.1576, 77.2308, 141.771]}], "id": 70459, "interactionBox": {"center": [0, 200, 0], "size": [235.247, 235.247, 147.751]}, "pointables": [{"bases": [[[-0.436008, -0.896217, 0.0817999], [0.875697, -0.401549, 0.268165], [-0.207488, 0.188554, 0.959894]], [[-0.394162, -0.915253, -0.0833539], [0.909109, -0.401593, 0.110651], [-0.134748, -0.0321632, 0.990358]], [[-0.394162, -0.915253, -0.0833539], [0.853063, -0.398102, 0.337341], [-0.341936, 0.0618608, 0.937685]], [[-0.394162, -0.915253, -0.0833539], [0.614148, -0.329785, 0.716983], [-0.68371, 0.231416, 0.692089]]], "btipPosition": [-71.3212, 87.646, 42.39], "carpPosition": [-43.8697, 92.2548, 121.596], "dipPosition": [-58.6795, 91.9249, 55.1866], "direction": [-0.341936, -0.0618608, -0.937685], "extended": true, "handId": 105, "id": 1050, "length": 41.1741, "mcpPosition": [-43.8697, 92.2548, 121.596], "pipPosition": [-49.4688, 93.5912, 80.445], "stabilizedTipPosition": [-63.3605, 89.3515, 45.8394], "timeVisible": 2.74051, "tipPosition": [-58.8198, 93.2155, 44.3618], "tipVelocity": [-681.047, -477.165, 84.8658], "tool": false, "touchDistance": -0.279946, "touchZone": "hovering", "type": 0, "width": 15.6131}, {"bases": [[[-0.904654, 0.266161, 0.332806], [-0.237693, -0.963351, 0.124324], [0.3537, 0.0333647, 0.934764]], [[-0.962003, 0.251176, 0.107052], [-0.223073, -0.949115, 0.222303], [0.157442, 0.189976, 0.969083]], [[-0.962003, 0.251176, 0.107052], [-0.244809, -0.9671, 0.0691791], [0.120907, 0.0403432, 0.991844]], [[-0.962003, 0.251176, 0.107052], [-0.266262, -0.94982, -0.164153], [0.0604492, -0.18642, 0.980609]]], "btipPosition": [12.5225, 68.1827, 0.427144], "carpPosition": [-15.0161, 74.7595, 119.557], "dipPosition": [11.6302, 65.4309, 14.9021], "direction": [0.120907, -0.0403432, -0.991844], "extended": true, "handId": 105, "id": 1053, "length": 50.9012, "mcpPosition": [3.42652, 73.0198, 70.8167], "pipPosition": [8.98404, 66.3139, 36.6093], "stabilizedTipPosition": [11.0017, 68.0937, 3.54135], "timeVisible": 2.74051, "tipPosition": [12.7987, 73.3779, 4.49075], "tipVelocity": [643.918, -264.267, 92.3604], "tool": false, "touchDistance": 0.368935, "touchZone": "hovering", "type": 3, "width": 13.9377}, {"bases": [[[-0.805844, 0.423724, 0.413611], [-0.343318, -0.903468, 0.256667], [0.48244, 0.0648335, 0.873526]], [[-0.912423, 0.385639, 0.136993], [-0.335995, -0.896999, 0.28723], [0.23365, 0.216046, 0.948015]], [[-0.912423, 0.385639, 0.136993], [-0.335995, -0.896999, 0.28723], [0.23365, 0.216046, 0.948015]], [[-0.912423, 0.385639, 0.136993], [-0.335995, -0.896999, 0.28723], [0.23365, 0.216046, 0.948015]]], "btipPosition": [30.7344, 66.2279, 26.3397], "carpPosition": [-5.87098, 81.673, 122.544], "dipPosition": [27.5527, 69.1699, 39.2496], "direction": [0.23365, -0.216046, -0.948015], "extended": true, "handId": 105, "id": 1054, "length": 39.9056, "mcpPosition": [17.4152, 78.5436, 80.3816], "pipPosition": [23.9422, 72.5083, 53.8986], "stabilizedTipPosition": [26.7707, 67.9498, 29.2842], "timeVisible": 2.74051, "tipPosition": [27.0343, 73.8584, 32.0959], "tipVelocity": [194.047, -212.302, 162.964], "tool": false, "touchDistance": 0.426053, "touchZone": "hovering", "type": 4, "width": 12.3805}, {"bases": [[[-0.997276, 0.0126278, 0.0726698], [-0.00931062, -0.998907, 0.045806], [0.0731688, 0.0450046, 0.996304]], [[-0.943546, 0.0239443, 0.330375], [0.0680023, -0.962137, 0.263945], [0.324186, 0.271511, 0.906193]], [[-0.943546, 0.0239443, 0.330375], [0.0117462, -0.994338, 0.105613], [0.331033, 0.103531, 0.937922]], [[-0.943546, 0.0239443, 0.330375], [-0.0635271, -0.99195, -0.10954], [0.325093, -0.124344, 0.937472]]], "btipPosition": [-9.04643, 62.6422, -4.49647], "carpPosition": [-35.2404, 74.9125, 117.84], "dipPosition": [-13.4346, 60.9637, 8.15785], "direction": [0.331033, -0.103531, -0.937922], "extended": true, "handId": 105, "id": 1051, "length": 46.4604, "mcpPosition": [-30.7595, 72.1564, 56.8262], "pipPosition": [-19.7559, 62.9407, 26.0681], "stabilizedTipPosition": [-8.70297, 62.9099, -0.946023], "timeVisible": 2.74051, "tipPosition": [-7.01404, 66.4609, -0.186172], "tipVelocity": [-500.798, -202.573, -283.526], "tool": false, "touchDistance": 0.330536, "touchZone": "hovering", "type": 1, "width": 14.9136}, {"bases": [[[-0.961925, 0.188695, 0.197725], [-0.176169, -0.981161, 0.0792948], [0.208963, 0.0414425, 0.977045]], [[-0.981193, 0.181488, 0.0657392], [-0.157074, -0.948654, 0.27456], [0.112193, 0.259071, 0.95932]], [[-0.981193, 0.181488, 0.0657392], [-0.170907, -0.975122, 0.141165], [0.0897235, 0.127275, 0.987801]], [[-0.981193, 0.181488, 0.0657392], [-0.189399, -0.97092, -0.146432], [0.0372519, -0.156129, 0.987034]]], "btipPosition": [-6.10269, 60.7893, -11.9665], "carpPosition": [-25.0795, 73.603, 118.153], "dipPosition": [-6.65575, 58.4713, 2.68747], "direction": [0.0897235, -0.127275, -0.987801], "extended": true, "handId": 105, "id": 1052, "length": 52.9379, "mcpPosition": [-12.9438, 71.1962, 61.4106], "pipPosition": [-8.67147, 61.3307, 24.8794], "stabilizedTipPosition": [-5.67168, 59.8417, -8.52422], "timeVisible": 2.74051, "tipPosition": [1.81264, 61.1064, -6.95115], "tipVelocity": [-264.974, 263.021, -47.0012], "tool": false, "touchDistance": 0.320799, "touchZone": "hovering", "type": 2, "width": 14.6471}], "r": [[0.582501, 0.353647, 0.731865], [0.360927, 0.694223, -0.622725], [-0.728302, 0.626888, 0.276745]], "s": 1.06398, "t": [43.0126, -93.5929, -74.9134], "timestamp": 17687077501}, {"currentFrameRate": 115.1, "devices": [], "gestures": [], "hands": [{"armBasis": [[-0.667456, 0.734039, 0.125256], [-0.241218, -0.0539926, -0.968968], [-0.704498, -0.676957, 0.213101]], "armWidth": 50.3226, "confidence": 1, "direction": [0.238663, -0.182194, -0.953858], "elbow": [144.389, -75.0705, 189.861], "grabAngle": 0.540869, "grabStrength": 0, "id": 105, "palmNormal": [0.0352717, 0.983221, -0.178977], "palmPosition": [-15.4524, 78.9521, 81.3794], "palmVelocity": [8.27888, 21.8738, 18.8858], "palmWidth": 75.741, "pinchDistance": 54.4988, "pinchStrength": 0, "r": [[0.570997, 0.295494, 0.765928], [0.458956, 0.65866, -0.596261], [-0.680678, 0.69199, 0.240474]], "s": 1.11237, "sphereCenter": [-31.0513, 26.4691, 50.5488], "sphereRadius": 66.008, "stabilizedPalmPosition": [-15.4134, 78.533, 81.0317], "t": [-43.1001, -93.4325, -74.7728], "timeVisible": 2.74915, "type": "left", "wrist": [-13.9469, 77.0761, 141.966]}], "id": 70460, "interactionBox": {"center": [0, 200, 0], "size": [235.247, 235.247, 147.751]}, "pointables": [{"bases": [[[-0.405534, -0.911321, 0.0709649], [0.889937, -0.375906, 0.258275], [-0.208695, 0.167894, 0.963461]], [[-0.374785, -0.925446, -0.0555473], [0.909641, -0.378638, 0.170842], [-0.179137, 0.0135007, 0.983731]], [[-0.374785, -0.925446, -0.0555473], [0.889305, -0.37579, 0.260612], [-0.262057, 0.0482748, 0.963844]], [[-0.374785, -0.925446, -0.0555473], [0.694343, -0.319886, 0.64464], [-0.614348, 0.203032, 0.762466]]], "btipPosition": [-69.4032, 87.1912, 40.879], "carpPosition": [-43.5415, 92.8066, 121.816], "dipPosition": [-58.044, 90.9452, 54.9769], "direction": [-0.262057, -0.0482748, -0.963844], "extended": true, "handId": 105, "id": 1050, "length": 41.1741, "mcpPosition": [-43.5415, 92.8066, 121.816], "pipPosition": [-50.985, 92.2456, 80.9399], "stabilizedTipPosition": [-65.6561, 88.4836, 44.6898], "timeVisible": 2.74915, "tipPosition": [-59.6605, 94.0169, 44.4582], "tipVelocity": [187.869, -66.625, -140.252], "tool": false, "touchDistance": -0.29846, "touchZone": "hovering", "type": 0, "width": 15.6131}, {"bases": [[[-0.911278, 0.231113, 0.34082], [-0.204879, -0.972405, 0.111593], [0.357206, 0.0318654, 0.933482]], [[-0.968188, 0.218073, 0.122704], [-0.188362, -0.957985, 0.216296], [0.164717, 0.186303, 0.968586]], [[-0.968188, 0.218073, 0.122704], [-0.205489, -0.972749, 0.107394], [0.14278, 0.0787632, 0.986615]], [[-0.968188, 0.218073, 0.122704], [-0.235181, -0.960523, -0.148613], [0.085452, -0.172743, 0.981253]]], "btipPosition": [13.5504, 66.9784, 0.720099], "carpPosition": [-15.2756, 74.3901, 119.661], "dipPosition": [12.2891, 64.4285, 15.2045], "direction": [0.14278, -0.0787632, -0.986615], "extended": true, "handId": 105, "id": 1053, "length": 50.9012, "mcpPosition": [3.34988, 72.7286, 70.9872], "pipPosition": [9.1642, 66.1523, 36.7973], "stabilizedTipPosition": [12.706, 66.8096, 3.9263], "timeVisible": 2.74915, "tipPosition": [13.0902, 72.9529, 4.64845], "tipVelocity": [109.163, -134.03, 34.164], "tool": false, "touchDistance": 0.369802, "touchZone": "hovering", "type": 3, "width": 13.9377}, {"bases": [[[-0.817348, 0.390719, 0.423415], [-0.311754, -0.91796, 0.245274], [0.484511, 0.0684733, 0.872101]], [[-0.924026, 0.353033, 0.146781], [-0.297292, -0.904841, 0.304764], [0.240405, 0.237973, 0.94105]], [[-0.924026, 0.353033, 0.146781], [-0.240641, -0.238694, -0.940807], [-0.2971, -0.904651, 0.305514]], [[-0.924026, 0.353033, 0.146781], [-0.240641, -0.238694, -0.940807], [-0.2971, -0.904651, 0.305514]]], "btipPosition": [15.5441, 97.2972, 45.526], "carpPosition": [-5.92109, 80.9519, 122.79], "dipPosition": [19.5899, 84.9779, 49.6864], "direction": [-0.2971, 0.904651, -0.305514], "extended": false, "handId": 105, "id": 1054, "length": 39.9056, "mcpPosition": [17.465, 77.6468, 80.6957], "pipPosition": [24.1808, 70.999, 54.4073], "stabilizedTipPosition": [21.2919, 82.0584, 38.436], "timeVisible": 2.74915, "tipPosition": [19.8974, 87.7014, 41.9746], "tipVelocity": [-1565.92, 3190.1, 1987.95], "tool": false, "touchDistance": 0.674389, "touchZone": "hovering", "type": 4, "width": 12.3805}, {"bases": [[[-0.996757, -0.0216486, 0.0775071], [0.0241517, -0.999212, 0.0315052], [0.076764, 0.033275, 0.996494]], [[-0.953423, -0.013544, 0.301331], [0.0982363, -0.958469, 0.267743], [0.28519, 0.284874, 0.915158]], [[-0.953423, -0.013544, 0.301331], [0.055195, -0.989958, 0.130143], [0.296542, 0.140713, 0.944596]], [[-0.953423, -0.013544, 0.301331], [-0.0223256, -0.993083, -0.115275], [0.300808, -0.116634, 0.946526]]], "btipPosition": [-11.3704, 62.4217, -5.05058], "carpPosition": [-35.4744, 75.2413, 117.851], "dipPosition": [-15.4308, 60.8473, 7.72595], "direction": [0.296542, -0.140713, -0.944596], "extended": true, "handId": 105, "id": 1051, "length": 46.4604, "mcpPosition": [-30.7734, 73.2036, 56.826], "pipPosition": [-21.0934, 63.5344, 25.7636], "stabilizedTipPosition": [-11.1757, 62.3261, -1.74661], "timeVisible": 2.74915, "tipPosition": [-7.73215, 66.7192, -0.441099], "tipVelocity": [-260.278, -22.7494, -60.8866], "tool": false, "touchDistance": 0.323551, "touchZone": "hovering", "type": 1, "width": 14.9136}, {"bases": [[[-0.966636, 0.153707, 0.20491], [-0.14303, -0.987514, 0.0660254], [0.2125, 0.0345142, 0.976551]], [[-0.987687, 0.14669, 0.0543717], [-0.12606, -0.952074, 0.278684], [0.0926462, 0.268398, 0.958842]], [[-0.987687, 0.14669, 0.0543717], [-0.139575, -0.983243, 0.117271], [0.0706632, 0.108239, 0.99161]], [[-0.987687, 0.14669, 0.0543717], [-0.153964, -0.973064, -0.171587], [0.027737, -0.177845, 0.983667]]], "btipPosition": [-7.49606, 61.5732, -11.9151], "carpPosition": [-25.3645, 73.5896, 118.193], "dipPosition": [-7.90786, 58.9328, 2.68893], "direction": [0.0706632, -0.108239, -0.99161], "extended": true, "handId": 105, "id": 1052, "length": 52.9379, "mcpPosition": [-13.0234, 71.5852, 61.4795], "pipPosition": [-9.49538, 61.3645, 24.9664], "stabilizedTipPosition": [-7.20176, 60.738, -8.54967], "timeVisible": 2.74915, "tipPosition": [0.972329, 61.8968, -7.08266], "tipVelocity": [-157.528, 82.1557, 4.62408], "tool": false, "touchDistance": 0.322385, "touchZone": "hovering", "type": 2, "width": 14.6471}], "r": [[0.570997, 0.295494, 0.765928], [0.458956, 0.65866, -0.596261], [-0.680678, 0.69199, 0.240474]], "s": 1.11237, "t": [43.1001, -93.4325, -74.7728], "timestamp": 17687086140}, {"currentFrameRate": 115.157, "devices": [], "gestures": [], "hands": [{"armBasis": [[-0.653651, 0.746967, 0.121576], [-0.241505, -0.053635, -0.968916], [-0.717227, -0.662695, 0.215455]], "armWidth": 50.3226, "confidence": 1, "direction": [0.237936, -0.181847, -0.954106], "elbow": [147.414, -71.6645, 190.515], "grabAngle": 0.528619, "grabStrength": 0, "id": 105, "palmNormal": [0.0430947, 0.983326, -0.176669], "palmPosition": [-15.4628, 79.0259, 81.4846], "palmVelocity": [-1.21455, 8.58428, 12.2487], "palmWidth": 75.741, "pinchDistance": 53.2549, "pinchStrength": 0, "r": [[0.556212, 0.250002, 0.792545], [0.532502, 0.624956, -0.570851], [-0.63802, 0.739546, 0.214482]], "s": 1.12939, "sphereCenter": [-26.0722, 30.7603, 51.4197], "sphereRadius": 61.2663, "stabilizedPalmPosition": [-15.4169, 78.5674, 81.0634], "t": [-43.1491, -93.3155, -74.65], "timeVisible": 2.75774, "type": "left", "wrist": [-13.7837, 77.2765, 142.091]}], "id": 70461, "interactionBox": {"center": [0, 200, 0], "size": [235.247, 235.247, 147.751]}, "pointables": [{"bases": [[[-0.39834, -0.914628, 0.0691424], [0.893042, -0.369528, 0.256759], [-0.209289, 0.164024, 0.963999]], [[-0.373992, -0.92684, -0.0331176], [0.905165, -0.372558, 0.204641], [-0.202007, 0.0465571, 0.978277]], [[-0.373992, -0.92684, -0.0331176], [0.901588, -0.37171, 0.221293], [-0.217413, 0.0529032, 0.974645]], [[-0.373992, -0.92684, -0.0331176], [0.920412, -0.36654, -0.135979], [0.113892, -0.0813368, 0.990158]]], "btipPosition": [-55.617, 91.1503, 36.7217], "carpPosition": [-43.4726, 93.006, 121.933], "dipPosition": [-57.7229, 89.6464, 55.0296], "direction": [-0.217413, -0.0529032, -0.974645], "extended": true, "handId": 105, "id": 1050, "length": 41.1741, "mcpPosition": [-43.4726, 93.006, 121.933], "pipPosition": [-51.8664, 91.0715, 81.2835], "stabilizedTipPosition": [-59.1616, 90.0611, 42.1359], "timeVisible": 2.75774, "tipPosition": [-58.0938, 92.9681, 43.0478], "tipVelocity": [1244.67, 320.191, -371.336], "tool": false, "touchDistance": -0.344782, "touchZone": "hovering", "type": 0, "width": 15.6131}, {"bases": [[[-0.912806, 0.223186, 0.342014], [-0.197184, -0.974234, 0.109484], [0.357637, 0.0324982, 0.933295]], [[-0.969597, 0.210305, 0.125114], [-0.180177, -0.959506, 0.216527], [0.165585, 0.187401, 0.968227]], [[-0.969597, 0.210305, 0.125114], [-0.195109, -0.972981, 0.123454], [0.147697, 0.0952899, 0.984432]], [[-0.969597, 0.210305, 0.125114], [-0.225978, -0.965681, -0.128041], [0.0938927, -0.152421, 0.983846]]], "btipPosition": [13.7612, 66.2288, 0.846684], "carpPosition": [-15.3501, 74.3739, 119.756], "dipPosition": [12.3753, 63.9789, 15.3694], "direction": [0.147697, -0.0952899, -0.984432], "extended": true, "handId": 105, "id": 1053, "length": 50.9012, "mcpPosition": [3.29788, 72.6794, 71.0916], "pipPosition": [9.14281, 66.0644, 36.9144], "stabilizedTipPosition": [13.2711, 65.9668, 4.12628], "timeVisible": 2.75774, "tipPosition": [13.1055, 72.6372, 4.73341], "tipVelocity": [21.2092, -79.2467, 15.7646], "tool": false, "touchDistance": 0.368186, "touchZone": "hovering", "type": 3, "width": 13.9377}, {"bases": [[[-0.820066, 0.38333, 0.424911], [-0.304382, -0.920936, 0.243368], [0.484606, 0.0702431, 0.871907]], [[-0.92665, 0.345451, 0.148267], [-0.283805, -0.901509, 0.326705], [0.246524, 0.260662, 0.933424]], [[-0.92665, 0.345451, 0.148267], [-0.24675, -0.26138, -0.933164], [-0.283609, -0.901301, 0.327448]], [[-0.92665, 0.345451, 0.148267], [-0.24675, -0.26138, -0.933164], [-0.283609, -0.901301, 0.327448]]], "btipPosition": [16.0861, 96.3838, 45.2273], "carpPosition": [-5.94683, 80.8551, 122.906], "dipPosition": [19.9482, 84.1101, 49.6864], "direction": [-0.283609, 0.901301, -0.327448], "extended": false, "handId": 105, "id": 1054, "length": 39.9056, "mcpPosition": [17.4439, 77.4646, 80.8217], "pipPosition": [24.3306, 70.1829, 54.7462], "stabilizedTipPosition": [18.872, 88.5053, 42.8172], "timeVisible": 2.75774, "tipPosition": [19.8017, 87.9501, 42.375], "tipVelocity": [58.19, -105.136, -26.7801], "tool": false, "touchDistance": 0.636834, "touchZone": "hovering", "type": 4, "width": 12.3805}, {"bases": [[[-0.996499, -0.0296265, 0.0781764], [0.031991, -0.999062, 0.0291687], [0.0772389, 0.0315675, 0.996513]], [[-0.957734, -0.0222945, 0.286789], [0.104274, -0.956089, 0.2739], [0.268089, 0.292228, 0.918004]], [[-0.957734, -0.0222945, 0.286789], [0.0664352, -0.987181, 0.145119], [0.279877, 0.158038, 0.946938]], [[-0.957734, -0.0222945, 0.286789], [-0.0117267, -0.993137, -0.116366], [0.287415, -0.114811, 0.9509]]], "btipPosition": [-12.4866, 62.0673, -5.17009], "carpPosition": [-35.5403, 75.3874, 117.933], "dipPosition": [-16.3662, 60.5175, 7.66549], "direction": [0.279877, -0.158038, -0.946938], "extended": true, "handId": 105, "id": 1051, "length": 46.4604, "mcpPosition": [-30.8102, 73.4542, 56.9068], "pipPosition": [-21.7106, 63.5354, 25.7479], "stabilizedTipPosition": [-12.7442, 61.8881, -2.08213], "timeVisible": 2.75774, "tipPosition": [-8.18077, 66.5476, -0.492213], "tipVelocity": [-125.131, -40.6104, -12.3348], "tool": false, "touchDistance": 0.322144, "touchZone": "hovering", "type": 1, "width": 14.9136}, {"bases": [[[-0.967657, 0.145664, 0.205964], [-0.135252, -0.988753, 0.0638366], [0.212947, 0.0339149, 0.976475]], [[-0.989273, 0.13835, 0.046883], [-0.119422, -0.9508, 0.285864], [0.0841254, 0.277198, 0.957123]], [[-0.989273, 0.13835, 0.046883], [-0.132179, -0.984425, 0.115911], [0.062189, 0.108471, 0.992153]], [[-0.989273, 0.13835, 0.046883], [-0.1445, -0.973863, -0.175243], [0.0214128, -0.180138, 0.983408]]], "btipPosition": [-8.15821, 61.3679, -11.768], "carpPosition": [-25.4438, 73.6559, 118.279], "dipPosition": [-8.47612, 58.6935, 2.83214], "direction": [0.062189, -0.108471, -0.992153], "extended": true, "handId": 105, "id": 1052, "length": 52.9379, "mcpPosition": [-13.0768, 71.6862, 61.5694], "pipPosition": [-9.87325, 61.1304, 25.1218], "stabilizedTipPosition": [-7.99045, 60.7494, -8.44265], "timeVisible": 2.75774, "tipPosition": [0.482915, 61.9891, -7.06814], "tipVelocity": [-74.5871, -24.8118, 17.0211], "tool": false, "touchDistance": 0.324822, "touchZone": "hovering", "type": 2, "width": 14.6471}], "r": [[0.556212, 0.250002, 0.792545], [0.532502, 0.624956, -0.570851], [-0.63802, 0.739546, 0.214482]], "s": 1.12939, "t": [43.1491, -93.3155, -74.65], "timestamp": 17687094728}, {"currentFrameRate": 115.09, "devices": [], "gestures": [], "hands": [{"armBasis": [[-0.639915, 0.759606, 0.116222], [-0.240186, -0.0540462, -0.969221], [-0.729945, -0.648134, 0.217032]], "armWidth": 50.3226, "confidence": 1, "direction": [0.236833, -0.182251, -0.954303], "elbow": [150.447, -68.1015, 190.967], "grabAngle": 0.517643, "grabStrength": 0, "id": 105, "palmNormal": [0.0413438, 0.983249, -0.177519], "palmPosition": [-15.5236, 79.0826, 81.5699], "palmVelocity": [-6.9036, 6.44575, 9.68902], "palmWidth": 75.741, "pinchDistance": 54.1227, "pinchStrength": 0, "r": [[0.540996, 0.214154, 0.813302], [0.588902, 0.593934, -0.54812], [-0.60043, 0.775487, 0.1952]], "s": 1.14294, "sphereCenter": [-26.9514, 28.4915, 51.5189], "sphereRadius": 63.1186, "stabilizedPalmPosition": [-15.4236, 78.5997, 81.0951], "t": [-43.204, -93.2286, -74.5459], "timeVisible": 2.76654, "type": "left", "wrist": [-13.6087, 77.5671, 142.189]}], "id": 70462, "interactionBox": {"center": [0, 200, 0], "size": [235.247, 235.247, 147.751]}, "pointables": [{"bases": [[[-0.39983, -0.913966, 0.069299], [0.892107, -0.370679, 0.258346], [-0.210432, 0.165117, 0.963564]], [[-0.371169, -0.927283, -0.0487804], [0.901268, -0.372404, 0.221431], [-0.223495, 0.0382241, 0.973955]], [[-0.371169, -0.927283, -0.0487804], [0.906563, -0.373242, 0.197063], [-0.200941, 0.0289213, 0.979176]], [[-0.371169, -0.927283, -0.0487804], [0.926216, -0.365983, -0.0904461], [0.0660163, -0.0787519, 0.994706]]], "btipPosition": [-56.9749, 92.1414, 36.8097], "carpPosition": [-43.4961, 93.0526, 122.047], "dipPosition": [-58.1955, 90.6853, 55.2016], "direction": [-0.200941, -0.0289213, -0.979176], "extended": true, "handId": 105, "id": 1050, "length": 41.1741, "mcpPosition": [-43.4961, 93.0526, 122.047], "pipPosition": [-52.7828, 91.4644, 81.5776], "stabilizedTipPosition": [-57.7932, 91.3142, 41.349], "timeVisible": 2.76654, "tipPosition": [-58.1455, 92.8304, 42.9952], "tipVelocity": [-131.136, 113.848, 12.1894], "tool": false, "touchDistance": -0.337028, "touchZone": "hovering", "type": 0, "width": 15.6131}, {"bases": [[[-0.912959, 0.224848, 0.340514], [-0.198823, -0.973845, 0.109979], [0.356337, 0.0327044, 0.933785]], [[-0.970354, 0.21135, 0.117235], [-0.182758, -0.959068, 0.216306], [0.158153, 0.188468, 0.969261]], [[-0.970354, 0.21135, 0.117235], [-0.195904, -0.971886, 0.130609], [0.141543, 0.10377, 0.984478]], [[-0.970354, 0.21135, 0.117235], [-0.223266, -0.96962, -0.0999503], [0.0925489, -0.123162, 0.988062]]], "btipPosition": [13.2782, 65.6506, 0.810153], "carpPosition": [-15.3485, 74.4616, 119.844], "dipPosition": [11.9121, 63.8326, 15.3951], "direction": [0.141543, -0.10377, -0.984478], "extended": true, "handId": 105, "id": 1053, "length": 50.9012, "mcpPosition": [3.2317, 72.7563, 71.1548], "pipPosition": [8.8143, 66.1036, 36.9411], "stabilizedTipPosition": [13.026, 65.3806, 4.15694], "timeVisible": 2.76654, "tipPosition": [12.9443, 72.3827, 4.75827], "tipVelocity": [-54.3576, -54.4115, -2.52409], "tool": false, "touchDistance": 0.364367, "touchZone": "hovering", "type": 3, "width": 13.9377}, {"bases": [[[-0.820095, 0.384917, 0.423417], [-0.306133, -0.920277, 0.243666], [0.483452, 0.0702069, 0.872551]], [[-0.926337, 0.346978, 0.14665], [-0.281864, -0.896722, 0.341236], [0.249905, 0.274764, 0.928468]], [[-0.926337, 0.346978, 0.14665], [-0.25013, -0.275478, -0.928196], [-0.281665, -0.896503, 0.341975]], [[-0.926337, 0.346978, 0.14665], [-0.25013, -0.275478, -0.928196], [-0.281665, -0.896503, 0.341975]]], "btipPosition": [16.1776, 95.9566, 44.9824], "carpPosition": [-5.95054, 80.9595, 122.976], "dipPosition": [20.0133, 83.7482, 49.6393], "direction": [-0.281665, 0.896503, -0.341975], "extended": false, "handId": 105, "id": 1054, "length": 39.9056, "mcpPosition": [17.3845, 77.5708, 80.8606], "pipPosition": [24.3656, 69.8952, 54.9236], "stabilizedTipPosition": [17.8411, 91.1469, 44.6583], "timeVisible": 2.76654, "tipPosition": [19.5735, 88.2199, 42.5384], "tipVelocity": [9.70779, -46.8279, -22.653], "tool": false, "touchDistance": 0.603493, "touchZone": "hovering", "type": 4, "width": 12.3805}, {"bases": [[[-0.996655, -0.0280492, 0.0767588], [0.0304293, -0.999086, 0.0300153], [0.0758468, 0.0322506, 0.996598]], [[-0.957501, -0.0205195, 0.287699], [0.104202, -0.954706, 0.278707], [0.268949, 0.296842, 0.91627]], [[-0.957501, -0.0205195, 0.287699], [0.0661005, -0.98653, 0.149629], [0.280753, 0.162287, 0.94596]], [[-0.957501, -0.0205195, 0.287699], [-0.0144342, -0.992807, -0.118849], [0.288068, -0.117951, 0.950318]]], "btipPosition": [-12.5196, 61.8856, -4.97275], "carpPosition": [-35.5428, 75.4429, 118.051], "dipPosition": [-16.4081, 60.2935, 7.85497], "direction": [0.280753, -0.162287, -0.94596], "extended": true, "handId": 105, "id": 1051, "length": 46.4604, "mcpPosition": [-30.8979, 73.4679, 57.0188], "pipPosition": [-21.7692, 63.3925, 25.9187], "stabilizedTipPosition": [-13.1649, 61.6565, -2.04459], "timeVisible": 2.76654, "tipPosition": [-8.42126, 66.47, -0.432892], "tipVelocity": [-3.98653, -21.7456, 22.2148], "tool": false, "touchDistance": 0.325402, "touchZone": "hovering", "type": 1, "width": 14.9136}, {"bases": [[[-0.967731, 0.147299, 0.204448], [-0.136847, -0.988494, 0.064433], [0.211587, 0.0343757, 0.976755]], [[-0.98918, 0.139835, 0.044379], [-0.121056, -0.948865, 0.291549], [0.0828784, 0.283022, 0.955526]], [[-0.98918, 0.139835, 0.044379], [-0.133531, -0.983451, 0.122451], [0.0607674, 0.1152, 0.991482]], [[-0.98918, 0.139835, 0.044379], [-0.145424, -0.974518, -0.170782], [0.0193668, -0.175388, 0.984309]]], "btipPosition": [-8.3464, 60.9689, -11.6178], "carpPosition": [-25.4432, 73.727, 118.383], "dipPosition": [-8.63393, 58.365, 2.99576], "direction": [0.0607674, -0.1152, -0.991482], "extended": true, "handId": 105, "id": 1052, "length": 52.9379, "mcpPosition": [-13.1552, 71.7306, 61.6571], "pipPosition": [-9.99913, 60.953, 25.2703], "stabilizedTipPosition": [-8.2967, 60.4741, -8.30769], "timeVisible": 2.76654, "tipPosition": [0.102366, 61.9584, -7.02368], "tipVelocity": [-20.5864, -43.4971, 17.4188], "tool": false, "touchDistance": 0.327377, "touchZone": "hovering", "type": 2, "width": 14.6471}], "r": [[0.540996, 0.214154, 0.813302], [0.588902, 0.593934, -0.54812], [-0.60043, 0.775487, 0.1952]], "s": 1.14294, "t": [43.204, -93.2286, -74.5459], "timestamp": 17687103530}, {"currentFrameRate": 115.187, "devices": [], "gestures": [], "hands": [{"armBasis": [[-0.625694, 0.772015, 0.111805], [-0.239981, -0.054125, -0.969268], [-0.742237, -0.633296, 0.219135]], "armWidth": 50.3226, "confidence": 1, "direction": [0.236627, -0.182329, -0.954339], "elbow": [153.357, -64.5564, 191.463], "grabAngle": 0.508573, "grabStrength": 0, "id": 105, "palmNormal": [0.0413355, 0.983234, -0.1776], "palmPosition": [-15.5444, 79.0849, 81.5806], "palmVelocity": [-2.4396, 0.274945, 1.25073], "palmWidth": 75.741, "pinchDistance": 54.9923, "pinchStrength": 0, "r": [[0.52675, 0.185987, 0.829423], [0.632042, 0.566766, -0.528487], [-0.568381, 0.802611, 0.180992]], "s": 1.15376, "sphereCenter": [-28.1698, 26.4624, 51.3822], "sphereRadius": 64.9598, "stabilizedPalmPosition": [-15.4311, 78.63, 81.1254], "t": [-43.2419, -93.1839, -74.4885], "timeVisible": 2.77506, "type": "left", "wrist": [-13.4609, 77.7773, 142.212]}], "id": 70463, "interactionBox": {"center": [0, 200, 0], "size": [235.247, 235.247, 147.751]}, "pointables": [{"bases": [[[-0.399818, -0.913973, 0.0692826], [0.892063, -0.370633, 0.258561], [-0.210639, 0.165182, 0.963507]], [[-0.366433, -0.928091, -0.066134], [0.899848, -0.371565, 0.228501], [-0.236643, 0.0242199, 0.971295]], [[-0.366433, -0.928091, -0.066134], [0.910927, -0.372322, 0.177734], [-0.189576, 0.00488447, 0.981854]], [[-0.366433, -0.928091, -0.066134], [0.928756, -0.360564, -0.0860538], [0.0560202, -0.0929553, 0.994093]]], "btipPosition": [-57.4118, 93.6396, 36.8749], "carpPosition": [-43.508, 93.0588, 122.063], "dipPosition": [-58.4476, 91.9208, 55.2555], "direction": [-0.189576, -0.00488447, -0.981854], "extended": true, "handId": 105, "id": 1050, "length": 41.1741, "mcpPosition": [-43.508, 93.0588, 122.063], "pipPosition": [-53.341, 92.0524, 81.7037], "stabilizedTipPosition": [-57.6882, 92.7291, 41.1682], "timeVisible": 2.77506, "tipPosition": [-58.1272, 92.8681, 42.8431], "tipVelocity": [-46.3044, 168.81, 7.3553], "tool": false, "touchDistance": -0.330719, "touchZone": "hovering", "type": 0, "width": 15.6131}, {"bases": [[[-0.913037, 0.224846, 0.340306], [-0.198817, -0.973843, 0.110009], [0.35614, 0.032784, 0.933857]], [[-0.970977, 0.210962, 0.112687], [-0.183156, -0.958858, 0.2169], [0.153809, 0.189966, 0.969668]], [[-0.970977, 0.210962, 0.112687], [-0.195875, -0.971773, 0.13149], [0.137246, 0.105601, 0.984892]], [[-0.970977, 0.210962, 0.112687], [-0.220274, -0.972339, -0.0776872], [0.0931814, -0.100255, 0.990589]]], "btipPosition": [13.017, 65.2205, 0.756623], "carpPosition": [-15.3613, 74.4668, 119.855], "dipPosition": [11.6415, 63.7406, 15.3788], "direction": [0.137246, -0.105601, -0.984892], "extended": true, "handId": 105, "id": 1053, "length": 50.9012, "mcpPosition": [3.20855, 72.7573, 71.162], "pipPosition": [8.63782, 66.0518, 36.9339], "stabilizedTipPosition": [12.764, 64.9776, 4.12698], "timeVisible": 2.77506, "tipPosition": [12.9016, 72.1757, 4.74603], "tipVelocity": [-30.9193, -41.3611, -5.27766], "tool": false, "touchDistance": 0.36059, "touchZone": "hovering", "type": 3, "width": 13.9377}, {"bases": [[[-0.820196, 0.384925, 0.423217], [-0.306157, -0.920268, 0.243669], [0.483267, 0.0702857, 0.872647]], [[-0.926378, 0.346962, 0.146429], [-0.279657, -0.894203, 0.34956], [0.252221, 0.282874, 0.925401]], [[-0.926378, 0.346962, 0.146429], [-0.252444, -0.283586, -0.925122], [-0.279456, -0.893978, 0.350297]], [[-0.926378, 0.346962, 0.146429], [-0.252444, -0.283586, -0.925122], [-0.279456, -0.893978, 0.350297]]], "btipPosition": [16.2855, 95.658, 44.83], "carpPosition": [-5.96257, 80.9647, 122.985], "dipPosition": [20.0911, 83.484, 49.6003], "direction": [-0.279456, 0.893978, -0.350297], "extended": false, "handId": 105, "id": 1054, "length": 39.9056, "mcpPosition": [17.3635, 77.5721, 80.8645], "pipPosition": [24.4094, 69.67, 55.0132], "stabilizedTipPosition": [17.457, 92.113, 45.3747], "timeVisible": 2.77506, "tipPosition": [19.4917, 88.3216, 42.6163], "tipVelocity": [11.8595, -34.1372, -14.8311], "tool": false, "touchDistance": 0.574582, "touchZone": "hovering", "type": 4, "width": 12.3805}, {"bases": [[[-0.99667, -0.028073, 0.0765516], [0.0304525, -0.999083, 0.0300956], [0.0756365, 0.0323266, 0.996611]], [[-0.956905, -0.0204407, 0.289681], [0.105621, -0.9537, 0.281604], [0.270512, 0.300065, 0.914759]], [[-0.956905, -0.0204407, 0.289681], [0.0674567, -0.98588, 0.153264], [0.282458, 0.1662, 0.944773]], [[-0.956905, -0.0204407, 0.289681], [-0.0144495, -0.992933, -0.117795], [0.290041, -0.116905, 0.949847]]], "btipPosition": [-12.4335, 61.6884, -4.87812], "carpPosition": [-35.556, 75.4485, 118.066], "dipPosition": [-16.3486, 60.1104, 7.94324], "direction": [0.282458, -0.1662, -0.944773], "extended": true, "handId": 105, "id": 1051, "length": 46.4604, "mcpPosition": [-30.924, 73.4689, 57.0331], "pipPosition": [-21.7423, 63.284, 25.9843], "stabilizedTipPosition": [-13.2686, 61.4534, -1.9738], "timeVisible": 2.77506, "tipPosition": [-8.53585, 66.3857, -0.446352], "tipVelocity": [9.39645, -22.7776, 10.9389], "tool": false, "touchDistance": 0.326955, "touchZone": "hovering", "type": 1, "width": 14.9136}, {"bases": [[[-0.967779, 0.147286, 0.204234], [-0.136832, -0.988494, 0.0644774], [0.211381, 0.0344542, 0.976796]], [[-0.989177, 0.139827, 0.0444658], [-0.120731, -0.947868, 0.294906], [0.0833835, 0.286346, 0.954491]], [[-0.989177, 0.139827, 0.0444658], [-0.133264, -0.982976, 0.126489], [0.0613954, 0.119195, 0.990971]], [[-0.989177, 0.139827, 0.0444658], [-0.145356, -0.975185, -0.166993], [0.0200123, -0.171649, 0.984955]]], "btipPosition": [-8.32866, 60.6978, -11.5658], "carpPosition": [-25.4564, 73.7324, 118.396], "dipPosition": [-8.62577, 58.1494, 3.05734], "direction": [0.0613954, -0.119195, -0.990971], "extended": true, "handId": 105, "id": 1052, "length": 52.9379, "mcpPosition": [-13.1803, 71.7314, 61.6678], "pipPosition": [-10.0051, 60.8273, 25.3204], "stabilizedTipPosition": [-8.36545, 60.2257, -8.23554], "timeVisible": 2.77506, "tipPosition": [-0.0833183, 61.922, -7.0355], "tipVelocity": [1.82497, -30.3239, 6.36388], "tool": false, "touchDistance": 0.32828, "touchZone": "hovering", "type": 2, "width": 14.6471}], "r": [[0.52675, 0.185987, 0.829423], [0.632042, 0.566766, -0.528487], [-0.568381, 0.802611, 0.180992]], "s": 1.15376, "t": [43.2419, -93.1839, -74.4885], "timestamp": 17687112047}, {"currentFrameRate": 115.142, "devices": [], "gestures": [], "hands": [{"armBasis": [[-0.611128, 0.784292, 0.106807], [-0.239083, -0.0542695, -0.969481], [-0.75456, -0.618013, 0.220677]], "armWidth": 50.3226, "confidence": 1, "direction": [0.236113, -0.18247, -0.95444], "elbow": [156.291, -60.8445, 191.875], "grabAngle": 0.501702, "grabStrength": 0, "id": 105, "palmNormal": [0.0383298, 0.983196, -0.178485], "palmPosition": [-15.5802, 79.1268, 81.6371], "palmVelocity": [-4.09113, 4.77962, 6.45685], "palmWidth": 75.741, "pinchDistance": 55.1243, "pinchStrength": 0, "r": [[0.513993, 0.163686, 0.842032], [0.665596, 0.543112, -0.511871], [-0.541103, 0.823551, 0.170207]], "s": 1.15984, "sphereCenter": [-28.4578, 25.3553, 51.4955], "sphereRadius": 65.8648, "stabilizedPalmPosition": [-15.4395, 78.6579, 81.1542], "t": [-43.2787, -93.1407, -74.4316], "timeVisible": 2.78382, "type": "left", "wrist": [-13.2971, 78.0544, 142.277]}], "id": 70464, "interactionBox": {"center": [0, 200, 0], "size": [235.247, 235.247, 147.751]}, "pointables": [{"bases": [[[-0.402506, -0.912766, 0.0696287], [0.890718, -0.372961, 0.259847], [-0.211211, 0.16661, 0.963136]], [[-0.366853, -0.927368, -0.0735422], [0.899235, -0.373753, 0.227344], [-0.238319, 0.0172702, 0.971033]], [[-0.366853, -0.927368, -0.0735422], [0.915449, -0.373934, 0.148751], [-0.165446, -0.0127546, 0.986136]], [[-0.366853, -0.927368, -0.0735422], [0.927045, -0.357847, -0.111949], [0.0775014, -0.109246, 0.990989]]], "btipPosition": [-56.466, 94.7012, 36.9028], "carpPosition": [-43.5398, 93.0554, 122.138], "dipPosition": [-57.899, 92.6813, 55.226], "direction": [-0.165446, 0.0127546, -0.986136], "extended": true, "handId": 105, "id": 1050, "length": 41.1741, "mcpPosition": [-43.5398, 93.0554, 122.138], "pipPosition": [-53.4424, 92.3377, 81.7895], "stabilizedTipPosition": [-57.0021, 93.8879, 41.129], "timeVisible": 2.78382, "tipPosition": [-58.1153, 92.8868, 42.7724], "tipVelocity": [97.5139, 113.262, 1.67724], "tool": false, "touchDistance": -0.32576, "touchZone": "hovering", "type": 0, "width": 15.6131}, {"bases": [[[-0.912758, 0.227748, 0.339121], [-0.201722, -0.973175, 0.110625], [0.355219, 0.032566, 0.934216]], [[-0.971365, 0.213254, 0.104748], [-0.186955, -0.958121, 0.216915], [0.146619, 0.191121, 0.970554]], [[-0.971365, 0.213254, 0.104748], [-0.198956, -0.971078, 0.132001], [0.129868, 0.107381, 0.9857]], [[-0.971365, 0.213254, 0.104748], [-0.219951, -0.97384, -0.0570686], [0.089838, -0.078474, 0.99286]]], "btipPosition": [12.5233, 64.9059, 0.715736], "carpPosition": [-15.3424, 74.542, 119.916], "dipPosition": [11.1972, 63.7475, 15.3715], "direction": [0.129868, -0.107381, -0.9857], "extended": true, "handId": 105, "id": 1053, "length": 50.9012, "mcpPosition": [3.17942, 72.8439, 71.2036], "pipPosition": [8.3549, 66.0976, 36.9443], "stabilizedTipPosition": [12.3098, 64.6961, 4.09333], "timeVisible": 2.78382, "tipPosition": [12.783, 71.986, 4.75517], "tipVelocity": [-55.0537, -27.4684, -3.78638], "tool": false, "touchDistance": 0.357366, "touchZone": "hovering", "type": 3, "width": 13.9377}, {"bases": [[[-0.81955, 0.387631, 0.421996], [-0.309053, -0.919179, 0.244122], [0.482519, 0.0696516, 0.873112]], [[-0.92554, 0.349735, 0.145126], [-0.281577, -0.891954, 0.353742], [0.253161, 0.286538, 0.924016]], [[-0.92554, 0.349735, 0.145126], [-0.253385, -0.287248, -0.923734], [-0.281375, -0.891725, 0.354477]], [[-0.92554, 0.349735, 0.145126], [-0.253385, -0.287248, -0.923734], [-0.281375, -0.891725, 0.354477]]], "btipPosition": [16.2236, 95.6255, 44.7693], "carpPosition": [-5.95892, 81.0694, 123.029], "dipPosition": [20.0553, 83.4822, 49.5965], "direction": [-0.281375, 0.891725, -0.354477], "extended": false, "handId": 105, "id": 1054, "length": 39.9056, "mcpPosition": [17.331, 77.7075, 80.8866], "pipPosition": [24.4032, 69.703, 55.0739], "stabilizedTipPosition": [17.2692, 92.4967, 45.6439], "timeVisible": 2.78382, "tipPosition": [19.3639, 88.4748, 42.6599], "tipVelocity": [-6.38645, -2.89794, -5.44037], "tool": false, "touchDistance": 0.549742, "touchZone": "hovering", "type": 4, "width": 12.3805}, {"bases": [[[-0.996829, -0.0251568, 0.0754919], [0.0275615, -0.99914, 0.0309822], [0.0746476, 0.0329646, 0.996665]], [[-0.954532, -0.0171021, 0.297619], [0.105606, -0.953009, 0.283938], [0.278778, 0.302458, 0.911484]], [[-0.954532, -0.0171021, 0.297619], [0.0650333, -0.986254, 0.151903], [0.29093, 0.164352, 0.942522]], [[-0.954532, -0.0171021, 0.297619], [-0.0191678, -0.992766, -0.118523], [0.297493, -0.118838, 0.947299]]], "btipPosition": [-11.9369, 61.6454, -4.61145], "carpPosition": [-35.5418, 75.4645, 118.147], "dipPosition": [-15.9526, 60.0413, 8.17551], "direction": [0.29093, -0.164352, -0.942522], "extended": true, "handId": 105, "id": 1051, "length": 46.4604, "mcpPosition": [-30.9704, 73.4457, 57.1112], "pipPosition": [-21.5081, 63.1797, 26.1736], "stabilizedTipPosition": [-13.0208, 61.3459, -1.78957], "timeVisible": 2.78382, "tipPosition": [-8.78203, 66.1875, -0.434253], "tipVelocity": [54.0332, -5.58958, 29.5314], "tool": false, "touchDistance": 0.331268, "touchZone": "hovering", "type": 1, "width": 14.9136}, {"bases": [[[-0.967574, 0.150228, 0.203056], [-0.139729, -0.988043, 0.0651731], [0.210419, 0.034687, 0.976996]], [[-0.988685, 0.142841, 0.0458016], [-0.123024, -0.946837, 0.297261], [0.0858277, 0.288263, 0.953697]], [[-0.988685, 0.142841, 0.0458016], [-0.135757, -0.98193, 0.131845], [0.0638069, 0.124136, 0.990212]], [[-0.988685, 0.142841, 0.0458016], [-0.148431, -0.975706, -0.161139], [0.0216717, -0.166114, 0.985868]]], "btipPosition": [-8.19318, 60.4632, -11.4717], "carpPosition": [-25.4369, 73.7775, 118.468], "dipPosition": [-8.51493, 57.997, 3.16494], "direction": [0.0638069, -0.124136, -0.990212], "extended": true, "handId": 105, "id": 1052, "length": 52.9379, "mcpPosition": [-13.2168, 71.763, 61.7281], "pipPosition": [-9.94842, 60.7859, 25.411], "stabilizedTipPosition": [-8.30175, 60.012, -8.15111], "timeVisible": 2.78382, "tipPosition": [-0.320567, 61.8934, -7.0024], "tipVelocity": [14.8144, -24.6152, 11.0884], "tool": false, "touchDistance": 0.3299, "touchZone": "hovering", "type": 2, "width": 14.6471}], "r": [[0.513993, 0.163686, 0.842032], [0.665596, 0.543112, -0.511871], [-0.541103, 0.823551, 0.170207]], "s": 1.15984, "t": [43.2787, -93.1407, -74.4316], "timestamp": 17687120809}, {"currentFrameRate": 115.14, "devices": [], "gestures": [], "hands": [{"armBasis": [[-0.596699, 0.796025, 0.101457], [-0.238321, -0.0550625, -0.969624], [-0.766259, -0.602753, 0.222565]], "armWidth": 50.3226, "confidence": 1, "direction": [0.23595, -0.183246, -0.954332], "elbow": [159.052, -57.038, 192.411], "grabAngle": 0.497598, "grabStrength": 0, "id": 105, "palmNormal": [0.0336688, 0.983012, -0.180428], "palmPosition": [-15.6254, 79.2201, 81.7421], "palmVelocity": [-5.20349, 10.7365, 12.0756], "palmWidth": 75.741, "pinchDistance": 54.5976, "pinchStrength": 0, "r": [[0.502936, 0.145999, 0.851904], [0.692059, 0.522442, -0.498105], [-0.517793, 0.840083, 0.161715]], "s": 1.16054, "sphereCenter": [-28.1901, 24.9504, 51.7859], "sphereRadius": 66.115, "stabilizedPalmPosition": [-15.4487, 78.6857, 81.1832], "t": [-43.3197, -93.0724, -74.3506], "timeVisible": 2.79251, "type": "left", "wrist": [-13.1652, 78.4312, 142.389]}], "id": 70465, "interactionBox": {"center": [0, 200, 0], "size": [235.247, 235.247, 147.751]}, "pointables": [{"bases": [[[-0.406728, -0.910788, 0.0709739], [0.888741, -0.376505, 0.261502], [-0.211451, 0.169438, 0.96259]], [[-0.370834, -0.925849, -0.0727012], [0.900347, -0.377605, 0.216312], [-0.227724, 0.0147594, 0.973614]], [[-0.370834, -0.925849, -0.0727012], [0.919383, -0.377048, 0.112116], [-0.131215, -0.0252638, 0.991032]], [[-0.370834, -0.925849, -0.0727012], [0.921264, -0.35685, -0.154697], [0.117282, -0.124344, 0.985283]]], "btipPosition": [-54.4344, 95.4662, 36.8763], "carpPosition": [-43.606, 93.0998, 122.245], "dipPosition": [-56.6029, 93.1671, 55.0941], "direction": [-0.131215, 0.0252638, -0.991032], "extended": true, "handId": 105, "id": 1050, "length": 41.1741, "mcpPosition": [-43.606, 93.0998, 122.245], "pipPosition": [-53.0684, 92.4866, 81.7895], "stabilizedTipPosition": [-55.3701, 94.7157, 41.0796], "timeVisible": 2.79251, "tipPosition": [-57.84, 92.9938, 42.663], "tipVelocity": [214