{"frames": 59, "data": [{"currentFrameRate": 115.173, "devices": [], "gestures": [], "hands": [{"armBasis": [[0.95355, 0.300626, -0.0191244], [-0.220215, 0.652359, -0.725212], [-0.205542, 0.695738, 0.68826]], "armWidth": 66.825, "confidence": 1, "direction": [0.126978, -0.027859, -0.991514], "elbow": [42.8718, 329.873, 355.668], "grabAngle": 2.85124, "grabStrength": 0.0305805, "id": 95, "palmNormal": [-0.186463, -0.982455, 0.00372505], "palmPosition": [-1.27112, 120.658, 90.2857], "palmVelocity": [-0.749536, -8.04888, -2.76586], "palmWidth": 93.5265, "pinchDistance": 46.699, "pinchStrength": 0.516088, "r": [[0.359953, -0.0726661, 0.930136], [0.797949, 0.540574, -0.266566], [-0.483437, 0.838152, 0.252565]], "s": 1.02496, "sphereCenter": [-32.9219, 79.748, 73.3343], "sphereRadius": 50.3009, "stabilizedPalmPosition": [-1.70495, 121.152, 90.317], "t": [-24.7638, -23.5822, -6.46985], "timeVisible": 4.98636, "type": "left", "wrist": [-14.1716, 136.787, 164.657]}], "id": 64582, "interactionBox": {"center": [0, 200, 0], "size": [235.247, 235.247, 147.751]}, "pointables": [{"bases": [[[0.939072, 0.177112, -0.294577], [-0.227233, 0.962918, -0.145441], [0.257895, 0.203517, 0.944495]], [[0.968304, 0.239309, 0.0715373], [-0.165513, 0.829269, -0.533778], [-0.187062, 0.50502, 0.842593]], [[0.968304, 0.239309, 0.0715373], [-0.118039, 0.690845, -0.713302], [-0.220121, 0.682249, 0.697196]], [[0.968304, 0.239309, 0.0715373], [-0.118039, 0.690845, -0.713302], [-0.220121, 0.682249, 0.697196]]], "btipPosition": [10.3302, 67.4522, 3.07094], "carpPosition": [7.9742, 132.768, 139.564], "dipPosition": [14.0973, 79.128, 15.0026], "direction": [-0.220121, -0.682249, -0.697196], "extended": true, "handId": 95, "id": 951, "length": 58.9043, "mcpPosition": [27.4763, 117.378, 68.1412], "pipPosition": [19.4265, 95.6454, 31.8818], "stabilizedTipPosition": [10.7761, 68.3074, 7.54765], "timeVisible": 4.98636, "tipPosition": [11.4663, 68.5616, 7.26082], "tipVelocity": [11.0259, 99.1357, -95.8153], "tool": false, "touchDistance": 0.24932, "touchZone": "hovering", "type": 1, "width": 20.4624}, {"bases": [[[0.200469, 0.947503, -0.249098], [-0.817882, 0.30183, 0.489866], [0.539335, 0.10553, 0.835453]], [[0.0781209, 0.901735, -0.425171], [-0.966598, 0.172932, 0.189165], [0.244103, 0.396192, 0.885125]], [[0.0781209, 0.901735, -0.425171], [-0.976257, -0.0172341, -0.215929], [-0.202038, 0.431945, 0.878979]], [[0.0781209, 0.901735, -0.425171], [-0.822018, -0.18304, -0.539243], [-0.564078, 0.391624, 0.726943]]], "btipPosition": [3.30801, 67.5395, 59.1472], "carpPosition": [10.9065, 111.8, 151.622], "dipPosition": [16.5312, 76.72, 76.1883], "direction": [-0.202038, -0.431945, -0.878979], "extended": false, "handId": 95, "id": 950, "length": 52.2022, "mcpPosition": [10.9065, 111.8, 151.622], "pipPosition": [23.4312, 91.4716, 106.207], "stabilizedTipPosition": [6.56335, 69.6922, 62.8483], "timeVisible": 4.98636, "tipPosition": [6.96844, 69.5962, 62.2602], "tipVelocity": [-12.7675, -3.14563, 14.6165], "tool": false, "touchDistance": 0.340213, "touchZone": "hovering", "type": 0, "width": 21.4221}, {"bases": [[[0.990167, 0.0362132, -0.135125], [-0.0594835, 0.983233, -0.172377], [0.126617, 0.17872, 0.975719]], [[0.995977, 0.0468648, -0.076374], [-0.0767572, 0.0064286, -0.997029], [-0.0462346, 0.998881, 0.00999995]], [[0.995977, 0.0468648, -0.076374], [0.0461735, -0.998875, -0.0107939], [-0.076794, 0.00722404, -0.997021]], [[0.995977, 0.0468648, -0.076374], [0.0771531, -0.881976, 0.464937], [-0.0455709, -0.468959, -0.882043]]], "btipPosition": [0.573183, 84.1264, 109.596], "carpPosition": [-3.2296, 136.547, 135.05], "dipPosition": [1.43096, 75.2992, 92.9937], "direction": [-0.076794, -0.00722404, 0.997021], "extended": false, "handId": 95, "id": 952, "length": 67.1168, "mcpPosition": [5.85049, 123.731, 65.0782], "pipPosition": [3.6183, 75.505, 64.5954], "stabilizedTipPosition": [0.291206, 82.4846, 105.95], "timeVisible": 4.98636, "tipPosition": [-0.36983, 80.5579, 103.655], "tipVelocity": [17.1708, -17.9039, -9.14646], "tool": false, "touchDistance": 0.596296, "touchZone": "none", "type": 2, "width": 20.0968}, {"bases": [[[0.999655, -0.0121054, 0.0233143], [0.015478, 0.988504, -0.150399], [-0.0212256, 0.150708, 0.98835]], [[0.999129, -0.0211207, -0.0359931], [-0.035061, 0.0429578, -0.998461], [0.0226344, 0.998854, 0.0421799]], [[0.999129, -0.0211207, -0.0359931], [-0.0226623, -0.998819, -0.0429749], [-0.0350429, 0.0437532, -0.998428]], [[0.999129, -0.0211207, -0.0359931], [0.00955367, -0.723812, 0.689931], [-0.0406241, -0.689674, -0.72298]]], "btipPosition": [-17.5961, 95.0491, 108.08], "carpPosition": [-15.5098, 137.761, 132.37], "dipPosition": [-16.8358, 82.142, 94.5497], "direction": [-0.0350429, -0.0437532, 0.998428], "extended": false, "handId": 95, "id": 953, "length": 64.5346, "mcpPosition": [-16.8764, 128.058, 68.7334], "pipPosition": [-15.8635, 83.3561, 66.8458], "stabilizedTipPosition": [-17.6006, 92.0614, 105.066], "timeVisible": 4.98636, "tipPosition": [-17.1411, 83.7279, 102.095], "tipVelocity": [13.1706, 4.47674, -11.1152], "tool": false, "touchDistance": 0.582802, "touchZone": "none", "type": 3, "width": 19.1234}, {"bases": [[[0.974089, -0.157743, 0.162076], [0.168836, 0.983993, -0.057029], [-0.150486, 0.0829156, 0.985129]], [[0.985566, -0.167811, 0.0223499], [0.0526942, 0.178622, -0.982506], [0.160883, 0.969502, 0.184886]], [[0.985566, -0.167811, 0.0223499], [-0.15781, -0.95847, -0.237552], [0.0612854, 0.230596, -0.971118]], [[0.985566, -0.167811, 0.0223499], [-0.159938, -0.879677, 0.44787], [-0.0554966, -0.44498, -0.893819]]], "btipPosition": [-32.1763, 96.4191, 102.389], "carpPosition": [-29.1477, 132.533, 133.195], "dipPosition": [-31.2182, 88.7364, 86.9569], "direction": [0.0612854, -0.230596, 0.971118], "extended": false, "handId": 95, "id": 954, "length": 50.5939, "mcpPosition": [-38.1169, 127.591, 74.4799], "pipPosition": [-32.4188, 93.254, 67.9317], "stabilizedTipPosition": [-32.1784, 95.0318, 98.8691], "timeVisible": 4.98636, "tipPosition": [-31.2463, 89.3479, 90.542], "tipVelocity": [11.32, -20.4407, -4.62789], "tool": false, "touchDistance": 0.480658, "touchZone": "none", "type": 4, "width": 16.9869}], "r": [[0.359953, -0.0726661, 0.930136], [0.797949, 0.540574, -0.266566], [-0.483437, 0.838152, 0.252565]], "s": 1.02496, "t": [24.7638, -23.5822, -6.46985], "timestamp": 17635235863}, {"currentFrameRate": 115.18, "devices": [], "gestures": [], "hands": [{"armBasis": [[0.954171, 0.298524, -0.0209817], [-0.220636, 0.654382, -0.723259], [-0.20218, 0.694742, 0.690258]], "armWidth": 66.825, "confidence": 1, "direction": [0.126587, -0.0276646, -0.99157], "elbow": [41.9291, 329.503, 356.211], "grabAngle": 2.849, "grabStrength": 0.0186546, "id": 95, "palmNormal": [-0.187298, -0.982297, 0.0034947], "palmPosition": [-1.27058, 120.589, 90.2563], "palmVelocity": [0.0630452, -7.92507, -3.38838], "palmWidth": 93.5265, "pinchDistance": 45.6367, "pinchStrength": 0.521608, "r": [[0.358806, -0.0738574, 0.930486], [0.800548, 0.53696, -0.266079], [-0.479981, 0.840369, 0.251791]], "s": 1.02651, "sphereCenter": [-33.0294, 79.7568, 73.231], "sphereRadius": 50.402, "stabilizedPalmPosition": [-1.67267, 121.11, 90.3125], "t": [-24.7619, -23.6506, -6.49248], "timeVisible": 4.99503, "type": "left", "wrist": [-14.1814, 136.694, 164.646]}], "id": 64583, "interactionBox": {"center": [0, 200, 0], "size": [235.247, 235.247, 147.751]}, "pointables": [{"bases": [[[0.939029, 0.178002, -0.294175], [-0.227999, 0.962769, -0.145232], [0.257371, 0.203449, 0.944653]], [[0.967939, 0.240272, 0.0732402], [-0.166862, 0.833003, -0.527506], [-0.187754, 0.498372, 0.846388]], [[0.967939, 0.240272, 0.0732402], [-0.122256, 0.705347, -0.69824], [-0.219427, 0.666899, 0.712108]], [[0.967939, 0.240272, 0.0732402], [-0.122256, 0.705347, -0.69824], [-0.219427, 0.666899, 0.712108]]], "btipPosition": [10.3186, 68.2861, 2.25039], "carpPosition": [8.00331, 132.676, 139.535], "dipPosition": [14.0738, 79.6993, 14.4372], "direction": [-0.219427, -0.666899, -0.712107], "extended": true, "handId": 95, "id": 951, "length": 58.9043, "mcpPosition": [27.4659, 117.292, 68.1002], "pipPosition": [19.3862, 95.845, 31.6775], "stabilizedTipPosition": [10.8584, 68.8349, 7.04236], "timeVisible": 4.99503, "tipPosition": [11.3776, 68.6698, 7.06503], "tipVelocity": [-1.65076, 89.2292, -87.8829], "tool": false, "touchDistance": 0.236623, "touchZone": "hovering", "type": 1, "width": 20.4624}, {"bases": [[[0.199754, 0.94775, -0.248735], [-0.81832, 0.300984, 0.489655], [0.538935, 0.105734, 0.835685]], [[0.0775117, 0.901932, -0.424865], [-0.96628, 0.172917, 0.190793], [0.245549, 0.39575, 0.884922]], [[0.0775117, 0.901932, -0.424865], [-0.974675, -0.0211084, -0.222628], [-0.209764, 0.431362, 0.877454]], [[0.0775117, 0.901932, -0.424865], [-0.818921, -0.185462, -0.543114], [-0.568648, 0.390029, 0.724235]]], "btipPosition": [3.02696, 67.5216, 59.2366], "carpPosition": [10.9222, 111.702, 151.585], "dipPosition": [16.3573, 76.6647, 76.2142], "direction": [-0.209764, -0.431362, -0.877454], "extended": false, "handId": 95, "id": 950, "length": 52.2022, "mcpPosition": [10.9222, 111.702, 151.585], "pipPosition": [23.5211, 91.3965, 106.181], "stabilizedTipPosition": [6.40391, 69.6692, 62.9476], "timeVisible": 4.99503, "tipPosition": [6.90213, 69.5305, 62.2269], "tipVelocity": [-29.5785, -3.04818, 8.62303], "tool": false, "touchDistance": 0.340647, "touchZone": "hovering", "type": 0, "width": 21.4221}, {"bases": [[[0.990185, 0.0370977, -0.134747], [-0.0602571, 0.983235, -0.1721], [0.126103, 0.17853, 0.97582]], [[0.995965, 0.0477364, -0.0759905], [-0.0764716, 0.00833237, -0.997037], [-0.0469617, 0.998825, 0.0119492]], [[0.995965, 0.0477364, -0.0759905], [0.0469008, -0.998818, -0.0127432], [-0.076509, 0.00912775, -0.997027]], [[0.995965, 0.0477364, -0.0759905], [0.0775768, -0.883664, 0.461648], [-0.0451127, -0.465681, -0.883802]]], "btipPosition": [0.548639, 83.946, 109.504], "carpPosition": [-3.19893, 136.467, 135.026], "dipPosition": [1.39779, 75.1806, 92.8687], "direction": [-0.076509, -0.00912775, 0.997027], "extended": false, "handId": 95, "id": 952, "length": 67.1168, "mcpPosition": [5.84432, 123.664, 65.0471], "pipPosition": [3.57702, 75.4406, 64.4702], "stabilizedTipPosition": [0.397004, 82.355, 105.887], "timeVisible": 4.99503, "tipPosition": [-0.390349, 80.4947, 103.628], "tipVelocity": [-3.06003, -19.1657, -11.4793], "tool": false, "touchDistance": 0.594638, "touchZone": "none", "type": 2, "width": 20.0968}, {"bases": [[[0.999656, -0.0112611, 0.0236812], [0.0146917, 0.988563, -0.150092], [-0.0217201, 0.150389, 0.988388]], [[0.99916, -0.0202588, -0.0356292], [-0.0347336, 0.0429623, -0.998473], [0.0217585, 0.998871, 0.0422225]], [[0.99916, -0.0202588, -0.0356292], [-0.0217862, -0.998837, -0.0430176], [-0.0347162, 0.0437577, -0.998439]], [[0.99916, -0.0202588, -0.0356292], [0.0101922, -0.71918, 0.694749], [-0.0396985, -0.694528, -0.71837]]], "btipPosition": [-17.61, 95.0902, 107.971], "carpPosition": [-15.4791, 137.692, 132.351], "dipPosition": [-16.8671, 82.0923, 94.5268], "direction": [-0.0347162, -0.0437577, 0.998439], "extended": false, "handId": 95, "id": 953, "length": 64.5346, "mcpPosition": [-16.8776, 128.009, 68.7121], "pipPosition": [-15.9038, 83.3064, 66.8225], "stabilizedTipPosition": [-17.5641, 92.0703, 105.024], "timeVisible": 4.99503, "tipPosition": [-17.1694, 83.7239, 102.079], "tipVelocity": [-2.06741, 2.32988, -10.3085], "tool": false, "touchDistance": 0.581313, "touchZone": "none", "type": 3, "width": 19.1234}, {"bases": [[[0.974162, -0.156963, 0.162389], [0.168019, 0.984154, -0.0566665], [-0.150921, 0.0824868, 0.985098]], [[0.985698, -0.166967, 0.0228465], [0.0528372, 0.17746, -0.982709], [0.160026, 0.969861, 0.183744]], [[0.985698, -0.166967, 0.0228465], [-0.156522, -0.957297, -0.243069], [0.0624555, 0.236017, -0.96974]], [[0.985698, -0.166967, 0.0228465], [-0.158952, -0.876097, 0.455179], [-0.055984, -0.4523, -0.890107]]], "btipPosition": [-32.1916, 96.3941, 102.325], "carpPosition": [-29.1211, 132.475, 133.18], "dipPosition": [-31.225, 88.585, 86.9567], "direction": [0.0624555, -0.236017, 0.96974], "extended": false, "handId": 95, "id": 954, "length": 50.5939, "mcpPosition": [-38.1163, 127.559, 74.4663], "pipPosition": [-32.4486, 93.2088, 67.9586], "stabilizedTipPosition": [-32.1201, 94.9107, 98.8471], "timeVisible": 4.99503, "tipPosition": [-31.2735, 89.3137, 90.5284], "tipVelocity": [-1.53439, -6.2408, -5.70977], "tool": false, "touchDistance": 0.479833, "touchZone": "none", "type": 4, "width": 16.9869}], "r": [[0.358806, -0.0738574, 0.930486], [0.800548, 0.53696, -0.266079], [-0.479981, 0.840369, 0.251791]], "s": 1.02651, "t": [24.7619, -23.6506, -6.49248], "timestamp": 17635244532}, {"currentFrameRate": 115.129, "devices": [], "gestures": [], "hands": [{"armBasis": [[0.954978, 0.295825, -0.0224734], [-0.220347, 0.656519, -0.721409], [-0.198656, 0.693881, 0.692145]], "armWidth": 66.825, "confidence": 1, "direction": [0.125711, -0.0268334, -0.991704], "elbow": [40.9588, 329.148, 356.739], "grabAngle": 2.84411, "grabStrength": 0.00799277, "id": 95, "palmNormal": [-0.18765, -0.982232, 0.00279016], "palmPosition": [-1.27999, 120.542, 90.2293], "palmVelocity": [-1.07312, -5.37945, -3.08401], "palmWidth": 93.5265, "pinchDistance": 44.8208, "pinchStrength": 0.526589, "r": [[0.357726, -0.0749451, 0.930814], [0.802623, 0.534165, -0.265451], [-0.477314, 0.842052, 0.251237]], "s": 1.02825, "sphereCenter": [-33.1079, 79.7765, 73.1319], "sphereRadius": 50.4904, "stabilizedPalmPosition": [-1.64595, 121.071, 90.3069], "t": [-24.7657, -23.7084, -6.51732], "timeVisible": 5.0038, "type": "left", "wrist": [-14.1736, 136.578, 164.65]}], "id": 64584, "interactionBox": {"center": [0, 200, 0], "size": [235.247, 235.247, 147.751]}, "pointables": [{"bases": [[[0.939222, 0.1786, -0.293197], [-0.22822, 0.962815, -0.14458], [0.256473, 0.202706, 0.945057]], [[0.967665, 0.240697, 0.0754344], [-0.167467, 0.836684, -0.521454], [-0.188627, 0.49196, 0.849938]], [[0.967665, 0.240697, 0.0754344], [-0.125519, 0.718891, -0.683696], [-0.218793, 0.65212, 0.725857]], [[0.967665, 0.240697, 0.0754344], [-0.125519, 0.718891, -0.683696], [-0.218793, 0.65212, 0.725857]]], "btipPosition": [10.2773, 69.1348, 1.47436], "carpPosition": [8.0413, 132.582, 139.511], "dipPosition": [14.0217, 80.2951, 13.8965], "direction": [-0.218793, -0.65212, -0.725857], "extended": true, "handId": 95, "id": 951, "length": 58.9043, "mcpPosition": [27.4359, 117.254, 68.0451], "pipPosition": [19.3187, 96.083, 31.4696], "stabilizedTipPosition": [10.9104, 69.3664, 6.53975], "timeVisible": 5.0038, "tipPosition": [11.2682, 68.8791, 6.8161], "tipVelocity": [-4.99415, 90.1005, -82.2776], "tool": false, "touchDistance": 0.224591, "touchZone": "hovering", "type": 1, "width": 20.4624}, {"bases": [[[0.19963, 0.948041, -0.247722], [-0.818856, 0.300256, 0.489205], [0.538167, 0.105189, 0.836249]], [[0.0775666, 0.90234, -0.423988], [-0.965919, 0.173353, 0.192224], [0.246951, 0.394628, 0.885034]], [[0.0775666, 0.90234, -0.423988], [-0.97303, -0.024152, -0.229412], [-0.217248, 0.430347, 0.87613]], [[0.0775666, 0.90234, -0.423988], [-0.815882, -0.186962, -0.547158], [-0.572992, 0.388365, 0.721701]]], "btipPosition": [2.78242, 67.5471, 59.2899], "carpPosition": [10.9631, 111.596, 151.54], "dipPosition": [16.2146, 76.6512, 76.2081], "direction": [-0.217248, -0.430347, -0.87613], "extended": false, "handId": 95, "id": 950, "length": 52.2022, "mcpPosition": [10.9631, 111.596, 151.54], "pipPosition": [23.634, 91.3483, 106.129], "stabilizedTipPosition": [6.1979, 69.6583, 63.038], "timeVisible": 5.0038, "tipPosition": [6.83625, 69.5071, 62.1619], "tipVelocity": [-25.202, 1.87636, 4.51657], "tool": false, "touchDistance": 0.34051, "touchZone": "hovering", "type": 0, "width": 21.4221}, {"bases": [[[0.990289, 0.0375733, -0.133849], [-0.0604615, 0.983365, -0.171283], [0.125187, 0.177713, 0.976087]], [[0.996014, 0.048162, -0.075078], [-0.0756681, 0.0105457, -0.997077], [-0.0472295, 0.998784, 0.014148]], [[0.996014, 0.048162, -0.075078], [0.0471693, -0.998775, -0.014942], [-0.0757056, 0.0113411, -0.997066]], [[0.996014, 0.048162, -0.075078], [0.0773725, -0.885298, 0.458541], [-0.0443821, -0.462523, -0.885496]]], "btipPosition": [0.542015, 83.7981, 109.401], "carpPosition": [-3.16351, 136.38, 135.015], "dipPosition": [1.37742, 75.092, 92.7331], "direction": [-0.0757056, -0.0113411, 0.997066], "extended": false, "handId": 95, "id": 952, "length": 67.1168, "mcpPosition": [5.81399, 123.636, 65.0166], "pipPosition": [3.53376, 75.4151, 64.3335], "stabilizedTipPosition": [0.464872, 82.2424, 105.822], "timeVisible": 5.0038, "tipPosition": [-0.395982, 80.4432, 103.576], "tipVelocity": [-1.11545, -15.3054, -12.6565], "tool": false, "touchDistance": 0.592787, "touchZone": "none", "type": 2, "width": 20.0968}, {"bases": [[[0.999639, -0.0109222, 0.0245447], [0.0144662, 0.9887, -0.149206], [-0.0226377, 0.149507, 0.988502]], [[0.999198, -0.0198676, -0.034774], [-0.0338873, 0.0433451, -0.998485], [0.0213448, 0.998863, 0.0426371]], [[0.999198, -0.0198676, -0.034774], [-0.0213718, -0.998828, -0.0434322], [-0.0338703, 0.0441405, -0.998451]], [[0.999198, -0.0198676, -0.034774], [0.00987423, -0.719263, 0.694667], [-0.038813, -0.694453, -0.71849]]], "btipPosition": [-17.6141, 95.056, 107.948], "carpPosition": [-15.4456, 137.613, 132.351], "dipPosition": [-16.8877, 82.0595, 94.5017], "direction": [-0.0338703, -0.0441405, 0.998451], "extended": false, "handId": 95, "id": 953, "length": 64.5346, "mcpPosition": [-16.9031, 127.987, 68.7053], "pipPosition": [-15.9479, 83.2843, 66.7971], "stabilizedTipPosition": [-17.5393, 92.0696, 104.988], "timeVisible": 5.0038, "tipPosition": [-17.1822, 83.6861, 102.038], "tipVelocity": [-0.892869, -3.85764, -2.65824], "tool": false, "touchDistance": 0.580924, "touchZone": "none", "type": 3, "width": 19.1234}, {"bases": [[[0.974077, -0.156756, 0.163101], [0.167713, 0.984264, -0.0556498], [-0.151811, 0.0815615, 0.985039]], [[0.985734, -0.166617, 0.0238151], [0.0535365, 0.176243, -0.98289], [0.159569, 0.970143, 0.182649]], [[0.985734, -0.166617, 0.0238151], [-0.155849, -0.957, -0.244667], [0.0635568, 0.237465, -0.969315]], [[0.985734, -0.166617, 0.0238151], [-0.159036, -0.875719, 0.455877], [-0.0551016, -0.45316, -0.889724]]], "btipPosition": [-32.1916, 96.3506, 102.36], "carpPosition": [-29.0887, 132.4, 133.188], "dipPosition": [-31.2403, 88.5267, 86.9985], "direction": [0.0635568, -0.237465, 0.969315], "extended": false, "handId": 95, "id": 954, "length": 50.5939, "mcpPosition": [-38.1369, 127.539, 74.4776], "pipPosition": [-32.4854, 93.1788, 68.0087], "stabilizedTipPosition": [-32.0842, 94.8231, 98.8421], "timeVisible": 5.0038, "tipPosition": [-31.2967, 89.2983, 90.5333], "tipVelocity": [-0.40267, -5.34481, 4.18239], "tool": false, "touchDistance": 0.480445, "touchZone": "none", "type": 4, "width": 16.9869}], "r": [[0.357726, -0.0749451, 0.930814], [0.802623, 0.534165, -0.265451], [-0.477314, 0.842052, 0.251237]], "s": 1.02825, "t": [24.7657, -23.7084, -6.51732], "timestamp": 17635253306}, {"currentFrameRate": 115.179, "devices": [], "gestures": [], "hands": [{"armBasis": [[0.955608, 0.293652, -0.0241155], [-0.220466, 0.65834, -0.719711], [-0.195468, 0.693078, 0.693855]], "armWidth": 66.825, "confidence": 1, "direction": [0.12532, -0.0250725, -0.991799], "elbow": [40.0557, 328.812, 357.24], "grabAngle": 2.83712, "grabStrength": 0, "id": 95, "palmNormal": [-0.188173, -0.982135, 0.00105142], "palmPosition": [-1.28862, 120.555, 90.2214], "palmVelocity": [-1.00364, 1.45573, -0.911945], "palmWidth": 93.5265, "pinchDistance": 44.3208, "pinchStrength": 0.531086, "r": [[0.356795, -0.0761177, 0.931076], [0.804239, 0.532108, -0.264689], [-0.475285, 0.843248, 0.25107]], "s": 1.03002, "sphereCenter": [-33.1312, 79.8644, 73.0151], "sphereRadius": 50.5413, "stabilizedPalmPosition": [-1.624, 121.039, 90.3016], "t": [-24.7719, -23.7311, -6.53367], "timeVisible": 5.0124, "type": "left", "wrist": [-14.192, 136.465, 164.676]}], "id": 64585, "interactionBox": {"center": [0, 200, 0], "size": [235.247, 235.247, 147.751]}, "pointables": [{"bases": [[[0.939238, 0.179641, -0.29251], [-0.228679, 0.962958, -0.142892], [0.256006, 0.2011, 0.945526]], [[0.967411, 0.241181, 0.0771237], [-0.168313, 0.84005, -0.515739], [-0.189174, 0.485951, 0.853267]], [[0.967411, 0.241181, 0.0771237], [-0.128581, 0.7303, -0.670916], [-0.218135, 0.639135, 0.737511]], [[0.967411, 0.241181, 0.0771237], [-0.128581, 0.7303, -0.670916], [-0.218135, 0.639135, 0.737511]]], "btipPosition": [10.2621, 69.9681, 0.824718], "carpPosition": [8.05781, 132.499, 139.522], "dipPosition": [13.9952, 80.9061, 13.4463], "direction": [-0.218135, -0.639135, -0.737511], "extended": true, "handId": 95, "id": 951, "length": 58.9043, "mcpPosition": [27.4171, 117.292, 68.0203], "pipPosition": [19.2763, 96.3797, 31.3016], "stabilizedTipPosition": [10.9466, 69.9043, 6.05457], "timeVisible": 5.0124, "tipPosition": [11.1963, 69.2119, 6.5586], "tipVelocity": [-2.06798, 90.9831, -70.2305], "tool": false, "touchDistance": 0.214528, "touchZone": "hovering", "type": 1, "width": 20.4624}, {"bases": [[[0.199217, 0.948602, -0.245899], [-0.819202, 0.298917, 0.489446], [0.537793, 0.103934, 0.836646]], [[0.077264, 0.903171, -0.42227], [-0.96546, 0.173482, 0.194399], [0.248832, 0.392665, 0.885379]], [[0.077264, 0.903171, -0.42227], [-0.971575, -0.0268527, -0.235205], [-0.22377, 0.42844, 0.875423]], [[0.077264, 0.903171, -0.42227], [-0.813187, -0.187963, -0.550815], [-0.576851, 0.385943, 0.719924]]], "btipPosition": [2.57561, 67.6627, 59.3088], "carpPosition": [10.973, 111.489, 151.511], "dipPosition": [16.0982, 76.71, 76.1854], "direction": [-0.22377, -0.42844, -0.875423], "extended": false, "handId": 95, "id": 950, "length": 52.2022, "mcpPosition": [10.973, 111.489, 151.511], "pipPosition": [23.7404, 91.342, 106.083], "stabilizedTipPosition": [5.97864, 69.6948, 63.1033], "timeVisible": 5.0124, "tipPosition": [6.77625, 69.5692, 62.0708], "tipVelocity": [-21.6347, 11.9306, 1.09166], "tool": false, "touchDistance": 0.339933, "touchZone": "hovering", "type": 0, "width": 21.4221}, {"bases": [[[0.99032, 0.0383479, -0.133402], [-0.0609213, 0.983647, -0.169494], [0.124721, 0.17598, 0.976461]], [[0.996017, 0.0488313, -0.0746099], [-0.0753482, 0.0134551, -0.997067], [-0.0476842, 0.998716, 0.0170809]], [[0.996017, 0.0488313, -0.0746099], [0.0476242, -0.998705, -0.0178749], [-0.0753861, 0.0142504, -0.997053]], [[0.996017, 0.0488313, -0.0746099], [0.0775633, -0.887229, 0.454762], [-0.0439894, -0.458738, -0.887482]]], "btipPosition": [0.520005, 83.7024, 109.291], "carpPosition": [-3.14668, 136.311, 135.037], "dipPosition": [1.34801, 75.0676, 92.5864], "direction": [-0.0753861, -0.0142504, 0.997053], "extended": false, "handId": 95, "id": 952, "length": 67.1168, "mcpPosition": [5.79743, 123.691, 65.0118], "pipPosition": [3.49525, 75.4735, 64.1871], "stabilizedTipPosition": [0.502719, 82.1613, 105.765], "timeVisible": 5.0124, "tipPosition": [-0.415461, 80.437, 103.504], "tipVelocity": [-2.75805, -9.22078, -13.7234], "tool": false, "touchDistance": 0.590821, "touchZone": "none", "type": 2, "width": 20.0968}, {"bases": [[[0.999635, -0.0104345, 0.0249051], [0.0139951, 0.988981, -0.147378], [-0.0230929, 0.147673, 0.988767]], [[0.999221, -0.0192708, -0.0344301], [-0.0335444, 0.0445378, -0.998444], [0.0207742, 0.998822, 0.0438566]], [[0.999221, -0.0192708, -0.0344301], [-0.0208009, -0.998786, -0.0446517], [-0.0335278, 0.0453331, -0.998409]], [[0.999221, -0.0192708, -0.0344301], [0.00980745, -0.723921, 0.689813], [-0.0382179, -0.689613, -0.723168]]], "btipPosition": [-17.6318, 94.9947, 107.992], "carpPosition": [-15.4291, 137.555, 132.38], "dipPosition": [-16.9165, 82.0887, 94.4579], "direction": [-0.0335278, -0.0453331, 0.998409], "extended": false, "handId": 95, "id": 953, "length": 64.5346, "mcpPosition": [-16.9159, 128.047, 68.7171], "pipPosition": [-15.9862, 83.3466, 66.7544], "stabilizedTipPosition": [-17.5249, 92.0609, 104.966], "timeVisible": 5.0124, "tipPosition": [-17.2075, 83.7324, 101.985], "tipVelocity": [-2.35894, -4.7121, 2.73832], "tool": false, "touchDistance": 0.581317, "touchZone": "none", "type": 3, "width": 19.1234}, {"bases": [[[0.974098, -0.156537, 0.163183], [0.167209, 0.984454, -0.0537719], [-0.152229, 0.0796648, 0.985129]], [[0.98581, -0.166121, 0.024141], [0.0537209, 0.175955, -0.982931], [0.159037, 0.97028, 0.182382]], [[0.98581, -0.166121, 0.024141], [-0.155249, -0.956938, -0.245289], [0.063849, 0.23806, -0.969149]], [[0.98581, -0.166121, 0.024141], [-0.159111, -0.878851, 0.449783], [-0.053502, -0.447242, -0.892811]]], "btipPosition": [-32.188, 96.293, 102.438], "carpPosition": [-29.0747, 132.348, 133.212], "dipPosition": [-31.2642, 88.5713, 87.0239], "direction": [0.063849, -0.23806, 0.969149], "extended": false, "handId": 95, "id": 954, "length": 50.5939, "mcpPosition": [-38.1478, 127.6, 74.4967], "pipPosition": [-32.5151, 93.2352, 68.0372], "stabilizedTipPosition": [-32.0648, 94.7685, 98.8512], "timeVisible": 5.0124, "tipPosition": [-31.3271, 89.3679, 90.5467], "tipVelocity": [-0.315103, -3.95939, 7.72028], "tool": false, "touchDistance": 0.481551, "touchZone": "none", "type": 4, "width": 16.9869}], "r": [[0.356795, -0.0761177, 0.931076], [0.804239, 0.532108, -0.264689], [-0.475285, 0.843248, 0.25107]], "s": 1.03002, "t": [24.7719, -23.7311, -6.53367], "timestamp": 17635261903}, {"currentFrameRate": 115.083, "devices": [], "gestures": [{"center": [7.01909, 68.5972, 6.76967], "duration": 0, "handIds": [95], "id": 1, "normal": [0.0994321, -0.656351, -0.747875], "pointableIds": [951], "progress": 0.864707, "radius": 5.31545, "state": "start", "type": "circle"}], "hands": [{"armBasis": [[0.955629, 0.293333, -0.0269815], [-0.222719, 0.659547, -0.717909], [-0.192791, 0.692064, 0.695614]], "armWidth": 66.825, "confidence": 1, "direction": [0.125448, -0.0238065, -0.991814], "elbow": [39.2634, 328.474, 357.743], "grabAngle": 2.82885, "grabStrength": 0, "id": 95, "palmNormal": [-0.191237, -0.981544, -0.000628379], "palmPosition": [-1.31496, 120.576, 90.2127], "palmVelocity": [-2.97569, 2.34812, -0.988512], "palmWidth": 93.5265, "pinchDistance": 44.0945, "pinchStrength": 0.534822, "r": [[0.356134, -0.0771432, 0.931245], [0.805186, 0.53105, -0.263934], [-0.474177, 0.843822, 0.25124]], "s": 1.03167, "sphereCenter": [-33.2434, 80.0303, 72.8984], "sphereRadius": 50.5692, "stabilizedPalmPosition": [-1.60502, 121.011, 90.2961], "t": [-24.7882, -23.732, -6.54621], "timeVisible": 5.02125, "type": "left", "wrist": [-14.2413, 136.407, 164.691]}], "id": 64586, "interactionBox": {"center": [0, 200, 0], "size": [235.247, 235.247, 147.751]}, "pointables": [{"bases": [[[0.938611, 0.18306, -0.292401], [-0.231713, 0.962477, -0.141236], [0.255574, 0.200319, 0.945809]], [[0.966586, 0.244161, 0.0780892], [-0.171568, 0.842515, -0.510621], [-0.190465, 0.480161, 0.856253]], [[0.966586, 0.244161, 0.0780892], [-0.133371, 0.739143, -0.660212], [-0.218917, 0.627736, 0.747009]], [[0.966586, 0.244161, 0.0780892], [-0.133371, 0.739143, -0.660212], [-0.218917, 0.627736, 0.747009]]], "btipPosition": [10.1422, 70.6567, 0.295441], "carpPosition": [8.0584, 132.408, 139.535], "dipPosition": [13.8887, 81.3996, 13.0795], "direction": [-0.218917, -0.627736, -0.747009], "extended": true, "handId": 95, "id": 951, "length": 58.9043, "mcpPosition": [27.3851, 117.26, 68.012], "pipPosition": [19.1888, 96.5972, 31.1648], "stabilizedTipPosition": [10.9563, 70.4467, 5.58019], "timeVisible": 5.02125, "tipPosition": [11.0262, 69.4929, 6.33126], "tipVelocity": [-13.1933, 72.712, -55.5686], "tool": false, "touchDistance": 0.20633, "touchZone": "hovering", "type": 1, "width": 20.4624}, {"bases": [[[0.196205, 0.949629, -0.244354], [-0.820028, 0.295541, 0.490112], [0.537641, 0.104214, 0.836709]], [[0.0743791, 0.904124, -0.420746], [-0.965423, 0.170993, 0.196773], [0.249852, 0.391562, 0.885581]], [[0.0743791, 0.904124, -0.420746], [-0.970275, -0.031822, -0.239905], [-0.230293, 0.426083, 0.874882]], [[0.0743791, 0.904124, -0.420746], [-0.81068, -0.190886, -0.553498], [-0.580746, 0.382259, 0.718757]]], "btipPosition": [2.24637, 67.7663, 59.3229], "carpPosition": [10.9055, 111.369, 151.489], "dipPosition": [15.8603, 76.7273, 76.1721], "direction": [-0.230293, -0.426083, -0.874882], "extended": false, "handId": 95, "id": 950, "length": 52.2022, "mcpPosition": [10.9055, 111.369, 151.489], "pipPosition": [23.7252, 91.2788, 106.051], "stabilizedTipPosition": [5.68712, 69.7591, 63.1493], "timeVisible": 5.02125, "tipPosition": [6.58316, 69.6146, 61.992], "tipVelocity": [-34.8219, 9.45945, 0.874211], "tool": false, "touchDistance": 0.339389, "touchZone": "hovering", "type": 0, "width": 21.4221}, {"bases": [[[0.990167, 0.0416612, -0.13354], [-0.064026, 0.983733, -0.167837], [0.124375, 0.174737, 0.976728]], [[0.995844, 0.0520642, -0.074731], [-0.0756373, 0.0156581, -0.997012], [-0.0507385, 0.998521, 0.019531]], [[0.995844, 0.0520642, -0.074731], [0.0506783, -0.998508, -0.0203249], [-0.0756777, 0.0164532, -0.996997]], [[0.995844, 0.0520642, -0.074731], [0.0803554, -0.8885, 0.451785], [-0.0428767, -0.455913, -0.888991]]], "btipPosition": [0.37386, 83.6367, 109.198], "carpPosition": [-3.1332, 136.263, 135.054], "dipPosition": [1.18093, 75.0551, 92.4645], "direction": [-0.0756777, -0.0164532, 0.996997], "extended": false, "handId": 95, "id": 952, "length": 67.1168, "mcpPosition": [5.78611, 123.732, 65.0097], "pipPosition": [3.33647, 75.5237, 64.0668], "stabilizedTipPosition": [0.510946, 82.0891, 105.705], "timeVisible": 5.02125, "tipPosition": [-0.565984, 80.4372, 103.435], "tipVelocity": [-17.054, -6.04183, -11.302], "tool": false, "touchDistance": 0.589153, "touchZone": "none", "type": 2, "width": 20.0968}, {"bases": [[[0.999668, -0.00735621, 0.0246841], [0.010878, 0.989265, -0.145728], [-0.0233471, 0.145948, 0.989017]], [[0.999269, -0.0160946, -0.0346658], [-0.033897, 0.0458052, -0.998375], [0.0176563, 0.998821, 0.0452262]], [[0.999269, -0.0160946, -0.0346658], [-0.0176833, -0.998784, -0.0460212], [-0.0338829, 0.0466006, -0.998339]], [[0.999269, -0.0160946, -0.0346658], [0.0118871, -0.731151, 0.682112], [-0.0363242, -0.682026, -0.730425]]], "btipPosition": [-17.7441, 94.923, 108.065], "carpPosition": [-15.4111, 137.55, 132.397], "dipPosition": [-17.0643, 82.1591, 94.3952], "direction": [-0.0338829, -0.0466006, 0.998339], "extended": false, "handId": 95, "id": 953, "length": 64.5346, "mcpPosition": [-16.9143, 128.152, 68.7178], "pipPosition": [-16.1242, 83.4521, 66.6937], "stabilizedTipPosition": [-17.5379, 92.0457, 104.957], "timeVisible": 5.02125, "tipPosition": [-17.3532, 83.8556, 101.937], "tipVelocity": [-13.6119, -4.408, 4.73874], "tool": false, "touchDistance": 0.582016, "touchZone": "none", "type": 3, "width": 19.1234}, {"bases": [[[0.974616, -0.153768, 0.162723], [0.164125, 0.98506, -0.0521606], [-0.152271, 0.0775434, 0.985292]], [[0.986326, -0.163074, 0.023834], [0.0529075, 0.176347, -0.982905], [0.156083, 0.970726, 0.182563]], [[0.986326, -0.163074, 0.023834], [-0.152343, -0.95732, -0.245623], [0.0628714, 0.238634, -0.969072]], [[0.986326, -0.163074, 0.023834], [-0.156848, -0.884428, 0.439529], [-0.0505962, -0.437257, -0.897912]]], "btipPosition": [-32.2625, 96.2557, 102.514], "carpPosition": [-29.0731, 132.384, 133.217], "dipPosition": [-31.3889, 88.7064, 87.0115], "direction": [0.0628714, -0.238634, 0.969072], "extended": false, "handId": 95, "id": 954, "length": 50.5939, "mcpPosition": [-38.1487, 127.762, 74.4923], "pipPosition": [-32.6206, 93.3814, 68.0264], "stabilizedTipPosition": [-32.0643, 94.7266, 98.8675], "timeVisible": 5.02125, "tipPosition": [-31.4569, 89.533, 90.5654], "tipVelocity": [-9.72114, 0.259588, 6.26007], "tool": false, "touchDistance": 0.482475, "touchZone": "none", "type": 4, "width": 16.9869}], "r": [[0.356134, -0.0771432, 0.931245], [0.805186, 0.53105, -0.263934], [-0.474177, 0.843822, 0.25124]], "s": 1.03167, "t": [24.7882, -23.732, -6.54621], "timestamp": 17635270755}, {"currentFrameRate": 115.149, "devices": [], "gestures": [{"center": [7.06947, 68.7552, 6.6379], "duration": 8573, "handIds": [95], "id": 1, "normal": [0.0994471, -0.656327, -0.747894], "pointableIds": [951], "progress": 0.875653, "radius": 5.44604, "state": "update", "type": "circle"}], "hands": [{"armBasis": [[0.955527, 0.293403, -0.0297], [-0.225034, 0.660347, -0.71645], [-0.190596, 0.691272, 0.697006]], "armWidth": 66.825, "confidence": 1, "direction": [0.12562, -0.0217441, -0.99184], "elbow": [38.6115, 328.156, 358.139], "grabAngle": 2.82143, "grabStrength": 0, "id": 95, "palmNormal": [-0.194441, -0.980909, -0.00312219], "palmPosition": [-1.33887, 120.602, 90.1921], "palmVelocity": [-2.78948, 3.12945, -2.40742], "palmWidth": 93.5265, "pinchDistance": 44.1381, "pinchStrength": 0.538002, "r": [[0.3557, -0.0781951, 0.931323], [0.805583, 0.53086, -0.263104], [-0.473829, 0.843844, 0.25182]], "s": 1.03311, "sphereCenter": [-33.3117, 80.2115, 72.7492], "sphereRadius": 50.5618, "stabilizedPalmPosition": [-1.59061, 120.989, 90.2905], "t": [-24.8083, -23.7191, -6.56281], "timeVisible": 5.02982, "type": "left", "wrist": [-14.284, 136.309, 164.701]}], "id": 64587, "interactionBox": {"center": [0, 200, 0], "size": [235.247, 235.247, 147.751]}, "pointables": [{"bases": [[[0.937935, 0.186853, -0.292172], [-0.23489, 0.962064, -0.138779], [0.255157, 0.198794, 0.946243]], [[0.965756, 0.24717, 0.0788813], [-0.174742, 0.844385, -0.506438], [-0.191783, 0.475312, 0.858661]], [[0.965756, 0.24717, 0.0788813], [-0.137818, 0.746304, -0.651181], [-0.219822, 0.618011, 0.754812]], [[0.965756, 0.24717, 0.0788813], [-0.137818, 0.746304, -0.651181], [-0.219822, 0.618011, 0.754812]]], "btipPosition": [10.0188, 71.2557, -0.15246], "carpPosition": [8.06064, 132.281, 139.546], "dipPosition": [13.7808, 81.8321, 12.7652], "direction": [-0.219822, -0.618011, -0.754812], "extended": true, "handId": 95, "id": 951, "length": 58.9043, "mcpPosition": [27.3558, 117.248, 67.9902], "pipPosition": [19.1027, 96.7943, 31.0393], "stabilizedTipPosition": [10.945, 70.9541, 5.14796], "timeVisible": 5.02982, "tipPosition": [10.8573, 69.8066, 6.08738], "tipVelocity": [-13.9801, 65.4065, -48.6629], "tool": false, "touchDistance": 0.199377, "touchZone": "hovering", "type": 1, "width": 20.4624}, {"bases": [[[0.193041, 0.950871, -0.242033], [-0.820865, 0.291638, 0.491047], [0.537508, 0.103884, 0.836835]], [[0.0713533, 0.905426, -0.418464], [-0.965306, 0.168332, 0.199622], [0.251184, 0.389702, 0.886024]], [[0.0713533, 0.905426, -0.418464], [-0.969072, -0.0364349, -0.244073], [-0.236237, 0.422937, 0.874824]], [[0.0713533, 0.905426, -0.418464], [-0.808135, -0.193434, -0.556328], [-0.584659, 0.377871, 0.717905]]], "btipPosition": [1.95051, 67.9063, 59.2813], "carpPosition": [10.836, 111.204, 151.448], "dipPosition": [15.6562, 76.7644, 76.1105], "direction": [-0.236237, -0.422937, -0.874824], "extended": false, "handId": 95, "id": 950, "length": 52.2022, "mcpPosition": [10.836, 111.204, 151.448], "pipPosition": [23.724, 91.2085, 105.987], "stabilizedTipPosition": [5.3967, 69.8508, 63.1506], "timeVisible": 5.02982, "tipPosition": [6.38773, 69.6888, 61.8586], "tipVelocity": [-32.0499, 13.5752, -5.38821], "tool": false, "touchDistance": 0.33809, "touchZone": "hovering", "type": 0, "width": 21.4221}, {"bases": [[[0.989992, 0.045228, -0.133677], [-0.0672807, 0.983934, -0.165368], [0.12405, 0.172707, 0.97713]], [[0.995649, 0.0555028, -0.074844], [-0.0759594, 0.0182638, -0.996944], [-0.0539663, 0.998291, 0.0224003]], [[0.995649, 0.0555028, -0.074844], [0.0539058, -0.998277, -0.0231942], [-0.0760023, 0.0190587, -0.996925]], [[0.995649, 0.0555028, -0.074844], [0.0833359, -0.889734, 0.448808], [-0.0416811, -0.453092, -0.890489]]], "btipPosition": [0.223994, 83.5869, 109.075], "carpPosition": [-3.11718, 136.184, 135.072], "dipPosition": [1.00856, 75.0584, 92.313], "direction": [-0.0760023, -0.0190587, 0.996925], "extended": false, "handId": 95, "id": 952, "length": 67.1168, "mcpPosition": [5.77882, 123.799, 64.9988], "pipPosition": [3.17335, 75.6012, 63.9173], "stabilizedTipPosition": [0.497765, 82.0317, 105.645], "timeVisible": 5.02982, "tipPosition": [-0.722487, 80.431, 103.317], "tipVelocity": [-18.0849, -4.38469, -15.1412], "tool": false, "touchDistance": 0.58699, "touchZone": "none", "type": 2, "width": 20.0968}, {"bases": [[[0.999693, -0.00415235, 0.0244217], [0.00761047, 0.989655, -0.143263], [-0.0235742, 0.143405, 0.989383]], [[0.999308, -0.012744, -0.0349496], [-0.0343045, 0.047739, -0.998271], [0.0143905, 0.998779, 0.0472688]], [[0.999308, -0.012744, -0.0349496], [-0.0144178, -0.99874, -0.0480637], [-0.0342931, 0.0485343, -0.998233]], [[0.999308, -0.012744, -0.0349496], [0.0141154, -0.739335, 0.67319], [-0.0344186, -0.673217, -0.738643]]], "btipPosition": [-17.8597, 94.8377, 108.119], "carpPosition": [-15.3901, 137.517, 132.415], "dipPosition": [-17.2155, 82.2386, 94.2954], "direction": [-0.0342931, -0.0485343, 0.998233], "extended": false, "handId": 95, "id": 953, "length": 64.5346, "mcpPosition": [-16.908, 128.284, 68.7123], "pipPosition": [-16.264, 83.5853, 66.5968], "stabilizedTipPosition": [-17.574, 92.0237, 104.953], "timeVisible": 5.02982, "tipPosition": [-17.502, 83.9835, 101.851], "tipVelocity": [-14.4341, -5.53054, 2.16721], "tool": false, "touchDistance": 0.582325, "touchZone": "none", "type": 3, "width": 19.1234}, {"bases": [[[0.975154, -0.150989, 0.162101], [0.160894, 0.985717, -0.0497445], [-0.152275, 0.0745897, 0.985519]], [[0.986857, -0.159902, 0.023337], [0.0520361, 0.177726, -0.982703], [0.152989, 0.971002, 0.183711]], [[0.986857, -0.159902, 0.023337], [-0.149315, -0.957521, -0.246696], [0.0617928, 0.239969, -0.968812]], [[0.986857, -0.159902, 0.023337], [-0.154376, -0.890197, 0.428623], [-0.0477633, -0.426593, -0.903182]]], "btipPosition": [-32.3406, 96.2219, 102.548], "carpPosition": [-29.0691, 132.394, 133.219], "dipPosition": [-31.5159, 88.8567, 86.954], "direction": [0.0617928, -0.239969, 0.968812], "extended": false, "handId": 95, "id": 954, "length": 50.5939, "mcpPosition": [-38.145, 127.948, 74.4806], "pipPosition": [-32.7265, 93.5579, 67.9741], "stabilizedTipPosition": [-32.0788, 94.6933, 98.8833], "timeVisible": 5.02982, "tipPosition": [-31.5875, 89.7043, 90.5414], "tipVelocity": [-10.4217, 0.998507, 1.47448], "tool": false, "touchDistance": 0.482685, "touchZone": "none", "type": 4, "width": 16.9869}], "r": [[0.3557, -0.0781951, 0.931323], [0.805583, 0.53086, -0.263104], [-0.473829, 0.843844, 0.25182]], "s": 1.03311, "t": [24.8083, -23.7191, -6.56281], "timestamp": 17635279328}, {"currentFrameRate": 115.197, "devices": [], "gestures": [{"center": [7.07043, 68.9174, 6.50489], "duration": 17172, "handIds": [95], "id": 1, "normal": [0.0999771, -0.654849, -0.749118], "pointableIds": [951], "progress": 0.888472, "radius": 5.58258, "state": "update", "type": "circle"}], "hands": [{"armBasis": [[0.954798, 0.295346, -0.0336438], [-0.22947, 0.660387, -0.715005], [-0.188956, 0.690405, 0.69831]], "armWidth": 66.825, "confidence": 1, "direction": [0.125813, -0.0194517, -0.991863], "elbow": [38.0885, 327.934, 358.528], "grabAngle": 2.81596, "grabStrength": 0, "id": 95, "palmNormal": [-0.200762, -0.97962, -0.00625395], "palmPosition": [-1.41208, 120.74, 90.1851], "palmVelocity": [-8.51376, 16.0417, -0.811288], "palmWidth": 93.5265, "pinchDistance": 44.1959, "pinchStrength": 0.539233, "r": [[0.355514, -0.0791609, 0.931313], [0.805198, 0.531911, -0.262159], [-0.474623, 0.843092, 0.252842]], "s": 1.0344, "sphereCenter": [-33.5479, 80.6139, 72.5948], "sphereRadius": 50.5457, "stabilizedPalmPosition": [-1.58092, 120.975, 90.2848], "t": [-24.8549, -23.6436, -6.57459], "timeVisible": 5.03842, "type": "left", "wrist": [-14.3518, 136.328, 164.728]}], "id": 64588, "interactionBox": {"center": [0, 200, 0], "size": [235.247, 235.247, 147.751]}, "pointables": [{"bases": [[[0.936611, 0.193811, -0.291884], [-0.241136, 0.960958, -0.135693], [0.25419, 0.197475, 0.946779]], [[0.964158, 0.253157, 0.0794439], [-0.180425, 0.84508