{"frames": 63, "data": [{"currentFrameRate": 114.433, "devices": [], "gestures": [], "hands": [{"armBasis": [[0.781989, -0.555747, -0.282202], [0.0692909, -0.372442, 0.925465], [-0.619429, -0.743258, -0.252737]], "armWidth": 57.4912, "confidence": 1, "direction": [0.196617, 0.377849, -0.904749], "elbow": [193.138, -94.4771, 23.4004], "grabAngle": 0.745268, "grabStrength": 0, "id": 81, "palmNormal": [0.975498, 0.0175237, 0.21931], "palmPosition": [52.2134, 122.353, 34.6745], "palmVelocity": [0.846049, -5.2088, -0.38036], "palmWidth": 80.2111, "pinchDistance": 58.4856, "pinchStrength": 0, "r": [[0.90785, 0.398478, 0.130474], [0.0411452, 0.225009, -0.973488], [-0.417271, 0.889149, 0.187879]], "s": 1.10114, "sphereCenter": [68.9169, 139.258, 6.49386], "sphereRadius": 49.6975, "stabilizedPalmPosition": [47.2494, 125.846, 35.2567], "t": [41.3486, -27.8634, -23.6303], "timeVisible": 3.28677, "type": "left", "wrist": [45.7042, 82.4296, 83.5558]}], "id": 57696, "interactionBox": {"center": [0, 200, 0], "size": [235.247, 235.247, 147.751]}, "pointables": [{"bases": [[[0.79442, -0.314443, -0.519637], [0.592439, 0.589701, 0.54888], [0.133839, -0.743894, 0.654758]], [[0.675761, 0.00716403, -0.737086], [0.602757, 0.570221, 0.55815], [0.424301, -0.82146, 0.381015]], [[0.675761, 0.00716403, -0.737086], [0.492837, 0.739198, 0.459018], [0.548141, -0.67345, 0.495991]], [[0.675761, 0.00716403, -0.737086], [0.143154, 0.979639, 0.140766], [0.723086, -0.200641, 0.660976]]], "btipPosition": [95.1033, 180.14, 44.0254], "carpPosition": [46.0155, 120.37, 88.4482], "dipPosition": [80.6493, 176.129, 57.2378], "direction": [0.548141, 0.67345, -0.495991], "extended": true, "handId": 81, "id": 810, "length": 44.5133, "mcpPosition": [46.0155, 120.37, 88.4482], "pipPosition": [64.6865, 156.517, 71.6819], "stabilizedTipPosition": [85.5516, 184.801, 47.6167], "timeVisible": 3.28677, "tipPosition": [86.4067, 182.659, 47.7381], "tipVelocity": [5.62983, -8.23862, -5.71914], "tool": false, "touchDistance": 0.051999, "touchZone": "hovering", "type": 0, "width": 18.4546}, {"bases": [[[-0.130332, -0.849118, -0.511871], [0.938412, 0.0609809, -0.340095], [0.319995, -0.524671, 0.788875]], [[-0.158041, -0.799546, -0.579439], [0.950876, 0.034962, -0.307592], [0.266193, -0.599586, 0.754744]], [[-0.158041, -0.799546, -0.579439], [0.556968, 0.412371, -0.720928], [0.815359, -0.436664, 0.38015]], [[-0.158041, -0.799546, -0.579439], [-0.0920331, 0.596186, -0.797554], [0.983134, -0.0727184, -0.167806]]], "btipPosition": [93.4578, 183.155, -10.7189], "carpPosition": [31.7574, 117.05, 73.5374], "dipPosition": [79.1109, 182.094, -13.1677], "direction": [0.815359, 0.436664, -0.38015], "extended": true, "handId": 81, "id": 811, "length": 50.2283, "mcpPosition": [52.5105, 151.077, 22.3754], "pipPosition": [62.2784, 173.079, -5.3198], "stabilizedTipPosition": [83.9749, 188.059, -15.2845], "timeVisible": 3.28677, "tipPosition": [85.8803, 185.435, -15.3035], "tipVelocity": [5.33537, -11.2639, -2.52092], "tool": false, "touchDistance": 0.328683, "touchZone": "hovering", "type": 1, "width": 17.6278}, {"bases": [[[-0.243955, -0.910067, -0.335057], [0.909666, -0.0949843, -0.404335], [0.336147, -0.403429, 0.851029]], [[-0.261371, -0.887486, -0.379545], [0.953366, -0.175878, -0.245276], [0.150926, -0.425954, 0.892068]], [[-0.261371, -0.887486, -0.379545], [0.849479, -0.0247822, -0.52704], [0.458335, -0.460169, 0.760377]], [[-0.261371, -0.887486, -0.379545], [0.571248, 0.174733, -0.801963], [0.77805, -0.426424, 0.461304]]], "btipPosition": [82.4224, 168.665, -47.8174], "carpPosition": [31.9148, 108.296, 67.1209], "dipPosition": [69.9343, 161.821, -40.4132], "direction": [0.458335, 0.460169, -0.760377], "extended": true, "handId": 81, "id": 812, "length": 57.2312, "mcpPosition": [52.5889, 133.109, 14.78], "pipPosition": [58.8023, 150.644, -21.9452], "stabilizedTipPosition": [73.7853, 169.868, -47.8982], "timeVisible": 3.28677, "tipPosition": [77.6756, 166.42, -47.5506], "tipVelocity": [6.8422, -10.1381, 0.257802], "tool": false, "touchDistance": 0.137455, "touchZone": "hovering", "type": 2, "width": 17.3129}, {"bases": [[[-0.259705, -0.949749, -0.174729], [0.900164, -0.172574, -0.399905], [0.349656, -0.261142, 0.899748]], [[-0.275463, -0.936777, -0.215797], [0.953396, -0.237474, -0.186124], [0.123111, -0.25701, 0.958535]], [[-0.275463, -0.936777, -0.215797], [0.861148, -0.140693, -0.488498], [0.427252, -0.320396, 0.84546]], [[-0.275463, -0.936777, -0.215797], [0.6314, -0.00703759, -0.775426], [0.724883, -0.349855, 0.593419]]], "btipPosition": [79.7478, 136.097, -53.1631], "carpPosition": [34.065, 98.7053, 62.5738], "dipPosition": [68.18, 130.514, -43.6932], "direction": [0.427252, 0.320396, -0.84546], "extended": true, "handId": 81, "id": 813, "length": 55.0293, "mcpPosition": [53.3728, 113.125, 12.8901], "pipPosition": [58.0709, 122.933, -23.689], "stabilizedTipPosition": [69.8968, 136.558, -53.4804], "timeVisible": 3.28677, "tipPosition": [73.9365, 133.407, -52.7084], "tipVelocity": [0.762351, -9.15572, -0.594658], "tool": false, "touchDistance": 0.186477, "touchZone": "hovering", "type": 3, "width": 16.4743}, {"bases": [[[-0.36263, -0.931933, -0.000924771], [0.876143, -0.340582, -0.341141], [0.317606, -0.124518, 0.940012]], [[-0.348796, -0.936385, 0.0390495], [0.931093, -0.350971, -0.0994222], [0.106803, 0.00168073, 0.994279]], [[-0.348796, -0.936385, 0.0390495], [0.818839, -0.32475, -0.473328], [0.455899, -0.133119, 0.88002]], [[-0.348796, -0.936385, 0.0390495], [0.579489, -0.248227, -0.776257], [0.736569, -0.248126, 0.629206]]], "btipPosition": [79.0412, 100.535, -39.9828], "carpPosition": [41.121, 88.344, 62.0595], "dipPosition": [68.1973, 96.882, -30.7195], "direction": [0.455899, 0.133119, -0.88002], "extended": true, "handId": 81, "id": 814, "length": 43.1419, "mcpPosition": [57.3558, 94.7089, 14.0097], "pipPosition": [60.5813, 94.6581, -16.0183], "stabilizedTipPosition": [69.2018, 98.945, -40.613], "timeVisible": 3.28677, "tipPosition": [72.1059, 96.3215, -39.7644], "tipVelocity": [-5.43452, -9.41203, -1.09865], "tool": false, "touchDistance": 0.265013, "touchZone": "hovering", "type": 4, "width": 14.6338}], "r": [[0.90785, 0.398478, 0.130474], [0.0411452, 0.225009, -0.973488], [-0.417271, 0.889149, 0.187879]], "s": 1.10114, "t": [-41.3486, -27.8634, -23.6303], "timestamp": 17574470964}, {"currentFrameRate": 114.56, "devices": [], "gestures": [], "hands": [{"armBasis": [[0.782179, -0.55552, -0.282122], [0.0695465, -0.37213, 0.925571], [-0.61916, -0.743583, -0.252438]], "armWidth": 57.4912, "confidence": 1, "direction": [0.196873, 0.377493, -0.904843], "elbow": [193.058, -94.5688, 23.4743], "grabAngle": 0.745996, "grabStrength": 0, "id": 81, "palmNormal": [0.975479, 0.0172, 0.219417], "palmPosition": [52.2197, 122.321, 34.6656], "palmVelocity": [0.738514, -3.73651, -1.04324], "palmWidth": 80.2111, "pinchDistance": 58.4685, "pinchStrength": 0, "r": [[0.90758, 0.399057, 0.130583], [0.0411929, 0.224878, -0.973516], [-0.417853, 0.888923, 0.187657]], "s": 1.10087, "sphereCenter": [69.0766, 139.158, 6.51805], "sphereRadius": 49.7067, "stabilizedPalmPosition": [47.2639, 125.835, 35.2549], "t": [41.359, -27.8935, -23.6359], "timeVisible": 3.29528, "type": "left", "wrist": [45.6889, 82.4154, 83.5584]}], "id": 57697, "interactionBox": {"center": [0, 200, 0], "size": [235.247, 235.247, 147.751]}, "pointables": [{"bases": [[[0.794486, -0.314284, -0.519632], [0.592265, 0.590107, 0.548631], [0.134212, -0.74364, 0.654971]], [[0.675759, 0.00705047, -0.737089], [0.602693, 0.570433, 0.558003], [0.424394, -0.821314, 0.381226]], [[0.675759, 0.00705047, -0.737089], [0.492734, 0.739397, 0.458809], [0.548236, -0.673233, 0.49618]], [[0.675759, 0.00705047, -0.737089], [0.142811, 0.979756, 0.1403], [0.723156, -0.200073, 0.661072]]], "btipPosition": [95.1108, 180.103, 43.9997], "carpPosition": [46.0148, 120.357, 88.4392], "dipPosition": [80.6554, 176.104, 57.2141], "direction": [0.548236, 0.673233, -0.49618], "extended": true, "handId": 81, "id": 810, "length": 44.5133, "mcpPosition": [46.0148, 120.357, 88.4392], "pipPosition": [64.69, 156.498, 71.6636], "stabilizedTipPosition": [85.5658, 184.788, 47.6154], "timeVisible": 3.29528, "tipPosition": [86.4438, 182.613, 47.7136], "tipVelocity": [0.849352, -4.02705, -2.96835], "tool": false, "touchDistance": 0.0515779, "touchZone": "hovering", "type": 0, "width": 18.4546}, {"bases": [[[-0.13005, -0.849327, -0.511595], [0.938348, 0.0612527, -0.340222], [0.320296, -0.524301, 0.788999]], [[-0.157794, -0.799773, -0.579193], [0.950799, 0.0353086, -0.307789], [0.266612, -0.599264, 0.754852]], [[-0.157794, -0.799773, -0.579193], [0.556504, 0.412502, -0.721211], [0.815723, -0.436126, 0.379986]], [[-0.157794, -0.799773, -0.579193], [-0.0930223, 0.595972, -0.797599], [0.983081, -0.0719786, -0.168438]]], "btipPosition": [93.4992, 183.085, -10.728], "carpPosition": [31.7571, 117.038, 73.5278], "dipPosition": [79.153, 182.035, -13.186], "direction": [0.815723, 0.436126, -0.379986], "extended": true, "handId": 81, "id": 811, "length": 50.2283, "mcpPosition": [52.5297, 151.042, 22.3577], "pipPosition": [62.313, 173.032, -5.34143], "stabilizedTipPosition": [83.9888, 188.048, -15.2756], "timeVisible": 3.29528, "tipPosition": [85.9217, 185.372, -15.324], "tipVelocity": [4.87877, -7.86664, -1.31062], "tool": false, "touchDistance": 0.328497, "touchZone": "hovering", "type": 1, "width": 17.6278}, {"bases": [[[-0.243629, -0.910268, -0.33475], [0.909657, -0.0947438, -0.40441], [0.336406, -0.403033, 0.851114]], [[-0.261045, -0.887726, -0.379206], [0.953315, -0.175296, -0.24589], [0.151809, -0.425691, 0.892043]], [[-0.261045, -0.887726, -0.379206], [0.849005, -0.0241874, -0.527831], [0.459397, -0.459736, 0.759998]], [[-0.261045, -0.887726, -0.379206], [0.569885, 0.175347, -0.802798], [0.779157, -0.425671, 0.460129]]], "btipPosition": [82.5153, 168.594, -47.8004], "carpPosition": [31.9118, 108.283, 67.114], "dipPosition": [70.0094, 161.762, -40.4151], "direction": [0.459397, 0.459736, -0.759998], "extended": true, "handId": 81, "id": 812, "length": 57.2312, "mcpPosition": [52.6018, 133.07, 14.7679], "pipPosition": [58.8516, 150.596, -21.9564], "stabilizedTipPosition": [73.8108, 169.856, -47.8903], "timeVisible": 3.29528, "tipPosition": [77.7172, 166.356, -47.5639], "tipVelocity": [10.4283, -8.06982, 1.4828], "tool": false, "touchDistance": 0.137666, "touchZone": "hovering", "type": 2, "width": 17.3129}, {"bases": [[[-0.259344, -0.949907, -0.174407], [0.900187, -0.172336, -0.399955], [0.349864, -0.260725, 0.899788]], [[-0.27511, -0.936955, -0.215473], [0.953411, -0.237026, -0.186616], [0.123778, -0.256775, 0.958512]], [[-0.27511, -0.936955, -0.215473], [0.860899, -0.140312, -0.489045], [0.42798, -0.320042, 0.845225]], [[-0.27511, -0.936955, -0.215473], [0.63096, -0.00685483, -0.775785], [0.725399, -0.349381, 0.593067]]], "btipPosition": [79.8038, 136.033, -53.157], "carpPosition": [34.0586, 98.6894, 62.5701], "dipPosition": [68.2277, 130.458, -43.6927], "direction": [0.42798, 0.320042, -0.845225], "extended": true, "handId": 81, "id": 813, "length": 55.0293, "mcpPosition": [53.3779, 113.086, 12.8842], "pipPosition": [58.1014, 122.885, -23.6941], "stabilizedTipPosition": [69.9281, 136.55, -53.4696], "timeVisible": 3.29528, "tipPosition": [73.965, 133.343, -52.7139], "tipVelocity": [6.35678, -7.2991, 0.56686], "tool": false, "touchDistance": 0.186557, "touchZone": "hovering", "type": 3, "width": 16.4743}, {"bases": [[[-0.362256, -0.932078, -0.000596924], [0.87624, -0.340336, -0.341137], [0.317764, -0.124102, 0.940013]], [[-0.348416, -0.936513, 0.039376], [0.931234, -0.350628, -0.0993114], [0.106813, 0.00206656, 0.994277]], [[-0.348416, -0.936513, 0.039376], [0.819082, -0.324615, -0.473], [0.455753, -0.132549, 0.880182]], [[-0.348416, -0.936513, 0.039376], [0.579338, -0.248178, -0.776386], [0.736867, -0.247693, 0.629027]]], "btipPosition": [79.0411, 100.467, -39.9826], "carpPosition": [41.1105, 88.3251, 62.0597], "dipPosition": [68.1928, 96.8206, -30.7219], "direction": [0.455753, 0.132549, -0.880182], "extended": true, "handId": 81, "id": 814, "length": 43.1419, "mcpPosition": [57.3534, 94.6687, 14.0099], "pipPosition": [60.5792, 94.6063, -16.0181], "stabilizedTipPosition": [69.2406, 98.9487, -40.5984], "timeVisible": 3.29528, "tipPosition": [72.1124, 96.2605, -39.7621], "tipVelocity": [-0.13796, -7.78951, -0.0489146], "tool": false, "touchDistance": 0.265006, "touchZone": "hovering", "type": 4, "width": 14.6338}], "r": [[0.90758, 0.399057, 0.130583], [0.0411929, 0.224878, -0.973516], [-0.417853, 0.888923, 0.187657]], "s": 1.10087, "t": [-41.359, -27.8935, -23.6359], "timestamp": 17574479476}, {"currentFrameRate": 114.526, "devices": [], "gestures": [], "hands": [{"armBasis": [[0.782621, -0.554969, -0.281983], [0.069722, -0.371988, 0.925615], [-0.618582, -0.744066, -0.252432]], "armWidth": 57.4912, "confidence": 1, "direction": [0.197054, 0.377258, -0.904901], "elbow": [192.903, -94.6998, 23.4915], "grabAngle": 0.746675, "grabStrength": 0, "id": 81, "palmNormal": [0.975516, 0.0164992, 0.21931], "palmPosition": [52.226, 122.295, 34.6769], "palmVelocity": [0.715975, -2.92558, 1.2778], "palmWidth": 80.2111, "pinchDistance": 58.4936, "pinchStrength": 0, "r": [[0.907302, 0.399657, 0.130683], [0.0412189, 0.22476, -0.973542], [-0.418455, 0.888683, 0.187452]], "s": 1.10069, "sphereCenter": [69.1635, 139.09, 6.53983], "sphereRadius": 49.7167, "stabilizedPalmPosition": [47.2786, 125.825, 35.2532], "t": [41.3673, -27.9215, -23.6331], "timeVisible": 3.30407, "type": "left", "wrist": [45.6709, 82.3993, 83.5742]}], "id": 57698, "interactionBox": {"center": [0, 200, 0], "size": [235.247, 235.247, 147.751]}, "pointables": [{"bases": [[[0.794775, -0.313746, -0.519515], [0.591769, 0.590599, 0.548637], [0.134692, -0.743476, 0.655058]], [[0.675939, 0.00728521, -0.736922], [0.602578, 0.570214, 0.55835], [0.424271, -0.821464, 0.38104]], [[0.675939, 0.00728521, -0.736922], [0.492473, 0.739434, 0.459029], [0.548249, -0.67319, 0.496225]], [[0.675939, 0.00728521, -0.736922], [0.142165, 0.97988, 0.140087], [0.723115, -0.199455, 0.661303]]], "btipPosition": [95.1157, 180.08, 44.014], "carpPosition": [46.0255, 120.341, 88.4513], "dipPosition": [80.6611, 176.093, 57.233], "direction": [0.548249, 0.67319, -0.496225], "extended": true, "handId": 81, "id": 810, "length": 44.5133, "mcpPosition": [46.0255, 120.341, 88.4513], "pipPosition": [64.6952, 156.489, 71.6839], "stabilizedTipPosition": [85.5796, 184.776, 47.6142], "timeVisible": 3.30407, "tipPosition": [86.5164, 182.55, 47.7127], "tipVelocity": [0.570241, -2.28344, 1.75447], "tool": false, "touchDistance": 0.0518349, "touchZone": "hovering", "type": 0, "width": 18.4546}, {"bases": [[[-0.129366, -0.849473, -0.511527], [0.938339, 0.0619141, -0.340126], [0.320599, -0.523986, 0.789085]], [[-0.157142, -0.79994, -0.579139], [0.950927, 0.0357101, -0.307347], [0.266541, -0.599016, 0.755073]], [[-0.157142, -0.79994, -0.579139], [0.556738, 0.412602, -0.720973], [0.815689, -0.435725, 0.38052]], [[-0.157142, -0.79994, -0.579139], [-0.09335, 0.595831, -0.797666], [0.983154, -0.0712846, -0.168305]]], "btipPosition": [93.5231, 183.031, -10.7406], "carpPosition": [31.7637, 117.032, 73.5417], "dipPosition": [79.1759, 181.991, -13.1967], "direction": [0.815689, 0.435725, -0.38052], "extended": true, "handId": 81, "id": 811, "length": 50.2283, "mcpPosition": [52.5559, 151.015, 22.3661], "pipPosition": [62.3366, 172.995, -5.34116], "stabilizedTipPosition": [84.0048, 188.034, -15.2654], "timeVisible": 3.30407, "tipPosition": [85.9769, 185.312, -15.3154], "tipVelocity": [2.69896, -5.95167, -1.3927], "tool": false, "touchDistance": 0.328293, "touchZone": "hovering", "type": 1, "width": 17.6278}, {"bases": [[[-0.242918, -0.910481, -0.334687], [0.909771, -0.0941098, -0.404303], [0.336613, -0.402701, 0.85119]], [[-0.260305, -0.888014, -0.37904], [0.953426, -0.174451, -0.24606], [0.152381, -0.425438, 0.892066]], [[-0.260305, -0.888014, -0.37904], [0.848729, -0.0232825, -0.528316], [0.460327, -0.459226, 0.759744]], [[-0.260305, -0.888014, -0.37904], [0.568587, 0.176299, -0.803509], [0.780352, -0.424675, 0.459022]]], "btipPosition": [82.5927, 168.527, -47.7673], "carpPosition": [31.9112, 108.275, 67.1288], "dipPosition": [70.0676, 161.711, -40.3998], "direction": [0.460327, 0.459226, -0.759744], "extended": true, "handId": 81, "id": 812, "length": 57.2312, "mcpPosition": [52.6139, 133.043, 14.778], "pipPosition": [58.8872, 150.557, -21.9472], "stabilizedTipPosition": [73.8375, 169.842, -47.8821], "timeVisible": 3.30407, "tipPosition": [77.7537, 166.305, -47.5547], "tipVelocity": [8.30411, -7.17489, 3.30244], "tool": false, "touchDistance": 0.138149, "touchZone": "hovering", "type": 2, "width": 17.3129}, {"bases": [[[-0.258622, -0.950115, -0.174343], [0.900357, -0.171708, -0.399841], [0.349959, -0.260379, 0.899851]], [[-0.274342, -0.937226, -0.215277], [0.953595, -0.236261, -0.18665], [0.124071, -0.256493, 0.95855]], [[-0.274342, -0.937226, -0.215277], [0.860878, -0.139607, -0.489284], [0.428515, -0.319559, 0.845137]], [[-0.274342, -0.937226, -0.215277], [0.630553, -0.00630168, -0.776121], [0.726044, -0.348667, 0.592699]]], "btipPosition": [79.8351, 135.971, -53.1384], "carpPosition": [34.0504, 98.6798, 62.5856], "dipPosition": [68.2487, 130.407, -43.68], "direction": [0.428515, 0.319559, -0.845137], "extended": true, "handId": 81, "id": 813, "length": 55.0293, "mcpPosition": [53.375, 113.058, 12.8962], "pipPosition": [58.1097, 122.846, -23.6835], "stabilizedTipPosition": [69.9604, 136.542, -53.4585], "timeVisible": 3.30407, "tipPosition": [73.9755, 133.295, -52.7031], "tipVelocity": [3.28588, -6.78595, 1.9568], "tool": false, "touchDistance": 0.186844, "touchZone": "hovering", "type": 3, "width": 16.4743}, {"bases": [[[-0.361566, -0.932346, -0.000545034], [0.876529, -0.33972, -0.341009], [0.317754, -0.123775, 0.94006]], [[-0.347649, -0.936786, 0.03965], [0.931569, -0.349893, -0.0987593], [0.10639, 0.00260315, 0.994321]], [[-0.347649, -0.936786, 0.03965], [0.819557, -0.324143, -0.472502], [0.455486, -0.131769, 0.880437]], [[-0.347649, -0.936786, 0.03965], [0.579194, -0.247814, -0.77661], [0.737343, -0.247023, 0.628733]]], "btipPosition": [79.0144, 100.397, -39.9705], "carpPosition": [41.0946, 88.3102, 62.0755], "dipPosition": [68.1591, 96.7598, -30.7141], "direction": [0.455486, 0.131769, -0.880437], "extended": true, "handId": 81, "id": 814, "length": 43.1419, "mcpPosition": [57.337, 94.6372, 14.0233], "pipPosition": [60.55, 94.5585, -16.006], "stabilizedTipPosition": [69.2806, 98.952, -40.5832], "timeVisible": 3.30407, "tipPosition": [72.0973, 96.2173, -39.7479], "tipVelocity": [-3.21503, -7.77606, 1.26399], "tool": false, "touchDistance": 0.265191, "touchZone": "hovering", "type": 4, "width": 14.6338}], "r": [[0.907302, 0.399657, 0.130683], [0.0412189, 0.22476, -0.973542], [-0.418455, 0.888683, 0.187452]], "s": 1.10069, "t": [-41.3673, -27.9215, -23.6331], "timestamp": 17574488266}, {"currentFrameRate": 114.567, "devices": [], "gestures": [], "hands": [{"armBasis": [[0.782855, -0.554636, -0.281989], [0.0698502, -0.372003, 0.9256], [-0.618271, -0.744307, -0.252483]], "armWidth": 57.4912, "confidence": 1, "direction": [0.197185, 0.377221, -0.904888], "elbow": [192.806, -94.7884, 23.486], "grabAngle": 0.747384, "grabStrength": 0, "id": 81, "palmNormal": [0.975528, 0.0160904, 0.219286], "palmPosition": [52.2177, 122.264, 34.6852], "palmVelocity": [-0.952653, -3.65671, 0.964989], "palmWidth": 80.2111, "pinchDistance": 58.5114, "pinchStrength": 0, "r": [[0.907045, 0.40021, 0.13077], [0.0412264, 0.224679, -0.97356], [-0.419009, 0.888455, 0.187295]], "s": 1.10055, "sphereCenter": [69.2246, 139.028, 6.56086], "sphereRadius": 49.7252, "stabilizedPalmPosition": [47.2933, 125.814, 35.2515], "t": [41.3674, -27.9513, -23.6275], "timeVisible": 3.31273, "type": "left", "wrist": [45.6476, 82.368, 83.5809]}], "id": 57699, "interactionBox": {"center": [0, 200, 0], "size": [235.247, 235.247, 147.751]}, "pointables": [{"bases": [[[0.794916, -0.313397, -0.51951], [0.591514, 0.590814, 0.54868], [0.134979, -0.743452, 0.655027]], [[0.676068, 0.00738888, -0.736802], [0.602639, 0.569829, 0.558678], [0.423979, -0.82173, 0.38079]], [[0.676068, 0.00738888, -0.736802], [0.49246, 0.739287, 0.45928], [0.548102, -0.67335, 0.496169]], [[0.676068, 0.00738888, -0.736802], [0.141785, 0.979958, 0.139925], [0.72307, -0.199066, 0.661471]]], "btipPosition": [95.09, 180.057, 44.0317], "carpPosition": [46.0178, 120.309, 88.4597], "dipPosition": [80.6363, 176.078, 57.2541], "direction": [0.548102, 0.67335, -0.496169], "extended": true, "handId": 81, "id": 810, "length": 44.5133, "mcpPosition": [46.0178, 120.309, 88.4597], "pipPosition": [64.6747, 156.469, 71.7033], "stabilizedTipPosition": [85.5931, 184.763, 47.613], "timeVisible": 3.31273, "tipPosition": [86.5504, 182.492, 47.7209], "tipVelocity": [-2.94495, -2.45341, 2.13362], "tool": false, "touchDistance": 0.0521428, "touchZone": "hovering", "type": 0, "width": 18.4546}, {"bases": [[[-0.129006, -0.849502, -0.51157], [0.938323, 0.0623135, -0.340099], [0.320793, -0.523893, 0.789068]], [[-0.156809, -0.799961, -0.5792], [0.951028, 0.0358687, -0.307015], [0.266375, -0.598979, 0.755161]], [[-0.156809, -0.799961, -0.5792], [0.557048, 0.412631, -0.720717], [0.815542, -0.435658, 0.380913]], [[-0.156809, -0.799961, -0.5792], [-0.0936646, 0.595858, -0.797609], [0.983177, -0.0708217, -0.168364]]], "btipPosition": [93.5175, 182.99, -10.7414], "carpPosition": [31.7543, 117.007, 73.5503], "dipPosition": [79.17, 181.957, -13.1984], "direction": [0.815542, 0.435658, -0.380913], "extended": true, "handId": 81, "id": 811, "length": 50.2283, "mcpPosition": [52.5591, 150.983, 22.3758], "pipPosition": [62.3337, 172.963, -5.33469], "stabilizedTipPosition": [84.0222, 188.019, -15.2543], "timeVisible": 3.31273, "tipPosition": [-86, 185.265, -15.2985], "tipVelocity": [-0.655741, -4.52537, -0.112419], "tool": false, "touchDistance": 0.328277, "touchZone": "hovering", "type": 1, "width": 17.6278}, {"bases": [[[-0.242538, -0.910564, -0.334736], [0.909819, -0.0937191, -0.404284], [0.336755, -0.402604, 0.851179]], [[-0.259902, -0.888145, -0.37901], [0.953459, -0.173897, -0.246325], [0.152864, -0.425391, 0.892006]], [[-0.259902, -0.888145, -0.37901], [0.848429, -0.0226066, -0.528826], [0.461106, -0.459006, 0.759404]], [[-0.259902, -0.888145, -0.37901], [0.567327, 0.177171, -0.804208], [0.781403, -0.424038, 0.457822]]], "btipPosition": [82.644, 168.479, -47.7285], "carpPosition": [31.898, 108.25, 67.137], "dipPosition": [70.1021, 161.673, -40.3802], "direction": [0.461106, 0.459006, -0.759404], "extended": true, "handId": 81, "id": 812, "length": 57.2312, "mcpPosition": [52.6095, 133.012, 14.7868], "pipPosition": [58.9027, 150.524, -21.9358], "stabilizedTipPosition": [73.8625, 169.83, -47.8743], "timeVisible": 3.31273, "tipPosition": [77.7676, 166.269, -47.5403], "tipVelocity": [5.47481, -5.313, 3.97558], "tool": false, "touchDistance": 0.138723, "touchZone": "hovering", "type": 2, "width": 17.3129}, {"bases": [[[-0.258229, -0.950213, -0.174394], [0.900438, -0.171322, -0.399826], [0.350043, -0.260278, 0.899847]], [[-0.27391, -0.937367, -0.215211], [0.953681, -0.235788, -0.186806], [0.124362, -0.256411, 0.958534]], [[-0.27391, -0.937367, -0.215211], [0.860764, -0.139112, -0.489625], [0.42902, -0.319359, 0.844957]], [[-0.27391, -0.937367, -0.215211], [0.630014, -0.00580556, -0.776562], [0.726675, -0.348294, 0.592145]]], "btipPosition": [79.8556, 135.926, -53.1168], "carpPosition": [34.0332, 98.6543, 62.5933], "dipPosition": [68.2591, 130.368, -43.6672], "direction": [0.42902, 0.319359, -0.844957], "extended": true, "handId": 81, "id": 813, "length": 55.0293, "mcpPosition": [53.3624, 113.027, 12.9041], "pipPosition": [58.1082, 122.812, -23.675], "stabilizedTipPosition": [69.9911, 136.534, -53.4478], "timeVisible": 3.31273, "tipPosition": [73.9752, 133.261, -52.6917], "tipVelocity": [2.1035, -5.03035, 2.25985], "tool": false, "touchDistance": 0.18717, "touchZone": "hovering", "type": 3, "width": 16.4743}, {"bases": [[[-0.361185, -0.932494, -0.000598335], [0.876676, -0.339346, -0.341003], [0.31778, -0.12369, 0.940062]], [[-0.347189, -0.936949, 0.0398174], [0.931782, -0.349452, -0.0983093], [0.106025, 0.00296926, 0.994359]], [[-0.347189, -0.936949, 0.0398174], [0.819895, -0.323877, -0.472097], [0.455227, -0.131261, 0.880647]], [[-0.347189, -0.936949, 0.0398174], [0.578933, -0.247541, -0.776892], [0.737765, -0.246677, 0.628374]]], "btipPosition": [78.9852, 100.339, -39.9629], "carpPosition": [41.0732, 88.2818, 62.0825], "dipPosition": [68.1237, 96.7075, -30.7119], "direction": [0.455227, 0.131261, -0.880647], "extended": true, "handId": 81, "id": 814, "length": 43.1419, "mcpPosition": [57.3169, 94.6044, 14.0302], "pipPosition": [60.5189, 94.5147, -16.0003], "stabilizedTipPosition": [69.3199, 98.955, -40.5682], "timeVisible": 3.31273, "tipPosition": [72.0828, 96.1857, -39.7386], "tipVelocity": [-3.53662, -6.49601, 0.732176], "tool": false, "touchDistance": 0.265297, "touchZone": "hovering", "type": 4, "width": 14.6338}], "r": [[0.907045, 0.40021, 0.13077], [0.0412264, 0.224679, -0.97356], [-0.419009, 0.888455, 0.187295]], "s": 1.10055, "t": [-41.3674, -27.9513, -23.6275], "timestamp": 17574496924}, {"currentFrameRate": 114.547, "devices": [], "gestures": [], "hands": [{"armBasis": [[0.783083, -0.554429, -0.281762], [0.069863, -0.371765, 0.925694], [-0.617981, -0.74458, -0.252389]], "armWidth": 57.4912, "confidence": 1, "direction": [0.197202, 0.376943, -0.905], "elbow": [192.716, -94.8785, 23.5048], "grabAngle": 0.748449, "grabStrength": 0, "id": 81, "palmNormal": [0.975561, 0.0158024, 0.21916], "palmPosition": [52.2044, 122.225, 34.6714], "palmVelocity": [-1.51441, -4.41783, -1.57673], "palmWidth": 80.2111, "pinchDistance": 58.5074, "pinchStrength": 0, "r": [[0.906809, 0.400721, 0.130845], [0.0412413, 0.224571, -0.973585], [-0.419519, 0.888251, 0.187117]], "s": 1.10043, "sphereCenter": [69.2554, 138.971, 6.55635], "sphereRadius": 49.7299, "stabilizedPalmPosition": [47.308, 125.803, 35.2498], "t": [41.3607, -27.9855, -23.6316], "timeVisible": 3.32149, "type": "left", "wrist": [45.6266, 82.3429, 83.5771]}], "id": 57700, "interactionBox": {"center": [0, 200, 0], "size": [235.247, 235.247, 147.751]}, "pointables": [{"bases": [[[0.79509, -0.313241, -0.519337], [0.59124, 0.591146, 0.548618], [0.135155, -0.743254, 0.655215]], [[0.676247, 0.00728979, -0.736639], [0.602593, 0.56973, 0.558828], [0.423759, -0.8218, 0.380885]], [[0.676247, 0.00728979, -0.736639], [0.492331, 0.739369, 0.459285], [0.547996, -0.673261, 0.496407]], [[0.676247, 0.00728979, -0.736639], [0.141115, 0.980152, 0.139246], [0.723033, -0.198116, 0.661796]]], "btipPosition": [95.0693, 180.014, 44.0015], "carpPosition": [46.0106, 120.285, 88.4471], "dipPosition": [80.6163, 176.054, 57.2304], "direction": [0.547996, 0.673261, -0.496407], "extended": true, "handId": 81, "id": 810, "length": 44.5133, "mcpPosition": [46.0106, 120.285, 88.4471], "pipPosition": [64.6578, 156.448, 71.6865], "stabilizedTipPosition": [85.6063, 184.751, 47.6118], "timeVisible": 3.32149, "tipPosition": [86.5703, 182.438, 47.6875], "tipVelocity": [-2.33999, -4.37197, -3.27648], "tool": false, "touchDistance": 0.0516642, "touchZone": "hovering", "type": 0, "width": 18.4546}, {"bases": [[[-0.128647, -0.849665, -0.51139], [0.938344, 0.0625606, -0.339996], [0.320876, -0.523599, 0.78923]], [[-0.156506, -0.800058, -0.579149], [0.95113, 0.0359493, -0.30669], [0.266189, -0.598845, 0.755333]], [[-0.156506, -0.800058, -0.579149], [0.557151, 0.412658, -0.720622], [0.815529, -0.435455, 0.38117]], [[-0.156506, -0.800058, -0.579149], [-0.0945442, 0.595818, -0.797535], [0.983142, -0.0700638, -0.16889]]], "btipPosition": [93.5051, 182.928, -10.7659], "carpPosition": [31.7441, 116.984, 73.5403], "dipPosition": [79.1581, 181.906, -13.2305], "direction": [0.815529, 0.435455, -0.38117], "extended": true, "handId": 81, "id": 811, "length": 50.2283, "mcpPosition": [52.5543, 150.942, 22.3553], "pipPosition": [62.322, 172.916, -5.3615], "stabilizedTipPosition": [84.0401, 188.004, -15.243], "timeVisible": 3.32149, "tipPosition": [86.0068, 185.2, -15.3268], "tipVelocity": [-1.40652, -6.76518, -2.98987], "tool": false, "touchDistance": 0.32784, "touchZone": "hovering", "type": 1, "width": 17.6278}, {"bases": [[[-0.24218, -0.910726, -0.334556], [0.909903, -0.0934967, -0.404148], [0.336788, -0.40229, 0.851315]], [[-0.259552, -0.888315, -0.378852], [0.953505, -0.173502, -0.246426], [0.153173, -0.425197, 0.892046]], [[-0.259552, -0.888315, -0.378852], [0.848146, -0.0220759, -0.529303], [0.461824, -0.458703, 0.759151]], [[-0.259552, -0.888315, -0.378852], [0.565924, 0.177973, -0.805019], [0.782536, -0.423345, 0.456525]]], "btipPosition": [82.6803, 168.409, -47.7195], "carpPosition": [31.884, 108.226, 67.129], "dipPosition": [70.1202, 161.614, -40.392], "direction": [0.461824, 0.458703, -0.759151], "extended": true, "handId": 81, "id": 812, "length": 57.2312, "mcpPosition": [52.5975, 132.968, 14.7705], "pipPosition": [58.9034, 150.473, -21.9538], "stabilizedTipPosition": [73.8885, 169.817, -47.8663], "timeVisible": 3.32149, "tipPosition": [77.7662, 166.205, -47.5622], "tipVelocity": [3.66597, -7.68646, 0.479101], "tool": false, "touchDistance": 0.138793, "touchZone": "hovering", "type": 2, "width": 17.3129}, {"bases": [[[-0.257878, -0.950343, -0.174207], [0.900547, -0.171102, -0.399674], [0.35002, -0.259948, 0.899952]], [[-0.273544, -0.937524, -0.214995], [0.953771, -0.235455, -0.186766], [0.124475, -0.256145, 0.95859]], [[-0.273544, -0.937524, -0.214995], [0.860671, -0.13878, -0.489882], [0.429439, -0.319045, 0.844862]], [[-0.273544, -0.937524, -0.214995], [0.629429, -0.00545781, -0.777039], [0.727319, -0.347879, 0.591597]]], "btipPosition": [79.8609, 135.858, -53.1198], "carpPosition": [34.0152, 98.6283, 62.5872], "dipPosition": [68.2542, 130.306, -43.679], "direction": [0.429439, 0.319045, -0.844862], "extended": true, "handId": 81, "id": 813, "length": 55.0293, "mcpPosition": [53.3432, 112.983, 12.8923], "pipPosition": [58.0933, 122.757, -23.689], "stabilizedTipPosition": [70.0227, 136.525, -53.4368], "timeVisible": 3.32149, "tipPosition": [73.9606, 133.197, -52.7076], "tipVelocity": [0.335699, -7.62366, -0.572191], "tool": false, "touchDistance": 0.187087, "touchZone": "hovering", "type": 3, "width": 16.4743}, {"bases": [[[-0.360861, -0.932619, -0.000428055], [0.876837, -0.339121, -0.340814], [0.317705, -0.123362, 0.940131]], [[-0.346834, -0.937069, 0.0400887], [0.931978, -0.349126, -0.0976146], [0.105468, 0.00350567, 0.994417]], [[-0.346834, -0.937069, 0.0400887], [0.82025, -0.32377, -0.471554], [0.454858, -0.130668, 0.880925]], [[-0.346834, -0.937069, 0.0400887], [0.578608, -0.247406, -0.777176], [0.738186, -0.246356, 0.628005]]], "btipPosition": [78.943, 100.263, -39.9719], "carpPosition": [41.0516, 88.2533, 62.078], "dipPosition": [68.0753, 96.6361, -30.7263], "direction": [0.454858, 0.130668, -0.880925], "extended": true, "handId": 81, "id": 814, "length": 43.1419, "mcpPosition": [57.2914, 94.5591, 14.0221], "pipPosition": [60.4766, 94.4532, -16.0101], "stabilizedTipPosition": [69.3596, 98.9577, -40.5531], "timeVisible": 3.32149, "tipPosition": [72.0562, 96.1267, -39.7467], "tipVelocity": [-4.98413, -8.5574, -1.17132], "tool": false, "touchDistance": 0.265126, "touchZone": "hovering", "type": 4, "width": 14.6338}], "r": [[0.906809, 0.400721, 0.130845], [0.0412413, 0.224571, -0.973585], [-0.419519, 0.888251, 0.187117]], "s": 1.10043, "t": [-41.3607, -27.9855, -23.6316], "timestamp": 17574505689}, {"currentFrameRate": 114.634, "devices": [], "gestures": [], "hands": [{"armBasis": [[0.783101, -0.554436, -0.281699], [0.0698702, -0.371664, 0.925734], [-0.617958, -0.744626, -0.252311]], "armWidth": 57.4912, "confidence": 1, "direction": [0.19721, 0.37684, -0.905041], "elbow": [192.698, -94.9055, 23.5169], "grabAngle": 0.749294, "grabStrength": 0, "id": 81, "palmNormal": [0.975562, 0.0157966, 0.219154], "palmPosition": [52.1932, 122.203, 34.6608], "palmVelocity": [-1.3069, -2.51075, -1.22962], "palmWidth": 80.2111, "pinchDistance": 58.507, "pinchStrength": 0, "r": [[0.906617, 0.401138, 0.130896], [0.0412528, 0.224465, -0.973609], [-0.419933, 0.88809, 0.186955]], "s": 1.10031, "sphereCenter": [69.2718, 138.941, 6.55376], "sphereRadius": 49.7323, "stabilizedPalmPosition": [47.3221, 125.793, 35.2481], "t": [41.3518, -28.0134, -23.6389], "timeVisible": 3.33007, "type": "left", "wrist": [45.6144, 82.3268, 83.5709]}], "id": 57701, "interactionBox": {"center": [0, 200, 0], "size": [235.247, 235.247, 147.751]}, "pointables": [{"bases": [[[0.795102, -0.313273, -0.5193], [0.59122, 0.591223, 0.548557], [0.135174, -0.743179, 0.655296]], [[0.676344, 0.00705834, -0.736552], [0.602752, 0.569455, 0.558938], [0.423378, -0.821992, 0.380893]], [[0.676344, 0.00705834, -0.736552], [0.492452, 0.739291, 0.459282], [0.547768, -0.673349, 0.496539]], [[0.676344, 0.00705834, -0.736552], [0.140732, 0.980295, 0.138622], [0.723017, -0.197412, 0.662023]]], "btipPosition": [95.0345, 179.996, 43.9825], "carpPosition": [45.9996, 120.27, 88.4368], "dipPosition": [80.5819, 176.05, 57.2159], "direction": [0.547768, 0.673349, -0.496539], "extended": true, "handId": 81, "id": 810, "length": 44.5133, "mcpPosition": [45.9996, 120.27, 88.4368], "pipPosition": [64.63, 156.441, 71.6759], "stabilizedTipPosition": [85.6194, 184.739, 47.6105], "timeVisible": 3.33007, "tipPosition": [86.5698, 182.411, 47.6692], "tipVelocity": [-4.04313, -1.78986, -2.09861], "tool": false, "touchDistance": 0.0513643, "touchZone": "hovering", "type": 0, "width": 18.4546}, {"bases": [[[-0.128619, -0.849724, -0.511299], [0.938343, 0.0625523, -0.339999], [0.320888, -0.523504, 0.789287]], [[-0.156504, -0.800076, -0.579124], [0.951224, 0.0357316, -0.306426], [0.265857, -0.598833, 0.755459]], [[-0.156504, -0.800076, -0.579124], [0.557406, 0.4125, -0.720515], [0.815356, -0.435571, 0.381409]], [[-0.156504, -0.800076, -0.579124], [-0.0950735, 0.59583, -0.797463], [0.983091, -0.069747, -0.169316]]], "btipPosition": [93.4782, 182.903, -10.7828], "carpPosition": [31.7329, 116.967, 73.5304], "dipPosition": [79.1319, 181.885, -13.2537], "direction": [0.815356, 0.435571, -0.381409], "extended": true, "handId": 81, "id": 811, "length": 50.2283, "mcpPosition": [52.5439, 150.919, 22.3417], "pipPosition": [62.2994, 172.893, -5.37976], "stabilizedTipPosition": [84.0575, 187.989, -15.2319], "timeVisible": 3.33007, "tipPosition": [86.0021, 185.169, -15.3396], "tipVelocity": [-3.11971, -2.85215, -2.14732], "tool": false, "touchDistance": 0.327533, "touchZone": "hovering", "type": 1, "width": 17.6278}, {"bases": [[[-0.242151, -0.910769, -0.334459], [0.909907, -0.0935127, -0.404134], [0.336796, -0.402188, 0.851359]], [[-0.259525, -0.888362, -0.378762], [0.953474, -0.173399, -0.246618], [0.153409, -0.425143, 0.892031]], [[-0.259525, -0.888362, -0.378762], [0.847852, -0.0218122, -0.529783], [0.462378, -0.458626, 0.75886]], [[-0.259525, -0.888362, -0.378762], [0.564682, 0.178577, -0.805757], [0.783442, -0.422994, 0.455296]]], "btipPosition": [82.707, 168.375, -47.7038], "carpPosition": [31.8725, 108.209, 67.1201], "dipPosition": [70.1324, 161.586, -40.3961], "direction": [0.462378, 0.458626, -0.75886], "extended": true, "handId": 81, "id": 812, "length": 57.2312, "mcpPosition": [52.5865, 132.945, 14.7588], "pipPosition": [58.9022, 150.447, -21.9649], "stabilizedTipPosition": [73.9137, 169.804, -47.8584], "timeVisible": 3.33007, "tipPosition": [77.7618, 166.175, -47.5732], "tipVelocity": [2.72777, -3.74808, 1.29939], "tool": false, "touchDistance": 0.138979, "touchZone": "hovering", "type": 2, "width": 17.3129}, {"bases": [[[-0.257848, -0.950369, -0.174106], [0.900554, -0.171117, -0.399651], [0.350024, -0.259841, 0.899981]], [[-0.273504, -0.937565, -0.214865], [0.953763, -0.235402, -0.186875], [0.124627, -0.256041, 0.958598]], [[-0.273504, -0.937565, -0.214865], [0.860492, -0.138673, -0.490228], [0.429825, -0.318969, 0.844695]], [[-0.273504, -0.937565, -0.214865], [0.628864, -0.00526824, -0.777498], [0.727823, -0.347769, 0.591042]]], "btipPosition": [79.8723, 135.826, -53.1169], "carpPosition": [34.0034, 98.6103, 62.5793], "dipPosition": [68.2575, 130.277, -43.6849], "direction": [0.429825, 0.318969, -0.844695], "extended": true, "handId": 81, "id": 813, "length": 55.0293, "mcpPosition": [53.3316, 112.959, 12.8827], "pipPosition": [58.0876, 122.73, -23.6988], "stabilizedTipPosition": [70.054, 136.516, -53.4259], "timeVisible": 3.33007, "tipPosition": [73.9546, 133.168, -52.7165], "tipVelocity": [1.11103, -3.61591, 0.107485], "tool": false, "touchDistance": 0.187102, "touchZone": "hovering", "type": 3, "width": 16.4743}, {"bases": [[[-0.360833, -0.93263, -0.000329489], [0.876848, -0.339131, -0.340774], [0.317705, -0.123252, 0.940145]], [[-0.346782, -0.937082, 0.0402558], [0.932041, -0.34909, -0.0971375], [0.105079, 0.00383453, 0.994457]], [[-0.346782, -0.937082, 0.0402558], [0.820431, -0.323855, -0.471181], [0.454572, -0.13037, 0.881117]], [[-0.346782, -0.937082, 0.0402558], [0.578248, -0.247388, -0.77745], [0.738493, -0.246328, 0.627655]]], "btipPosition": [78.9188, 100.224, -39.9788], "carpPosition": [41.0395, 88.2351, 62.0711], "dipPosition": [68.0466, 96.5973, -30.7383], "direction": [0.454572, 0.13037, -0.881117], "extended": true, "handId": 81, "id": 814, "length": 43.1419, "mcpPosition": [57.2793, 94.5352, 14.0145], "pipPosition": [60.4528, 94.4194, -16.0189], "stabilizedTipPosition": [69.3978, 98.96, -40.5384], "timeVisible": 3.33007, "tipPosition": [72.0485, 96.1001, -39.7525], "tipVelocity": [-2.93726, -4.56331, -0.938363], "tool": false, "touchDistance": 0.264992, "touchZone": "hovering", "type": 4, "width": 14.6338}], "r": [[0.906617, 0.401138, 0.130896], [0.0412528, 0.224465, -0.973609], [-0.419933, 0.88809, 0.186955]], "s": 1.10031, "t": [-41.3518, -28.0134, -23.6389], "timestamp": 17574514264}, {"currentFrameRate": 114.59, "devices": [], "gestures": [], "hands": [{"armBasis": [[0.783102, -0.554581, -0.281408], [0.0697041, -0.371379, 0.925861], [-0.617974, -0.744659, -0.252171]], "armWidth": 57.4912, "confidence": 1, "direction": [0.197046, 0.376571, -0.905189], "elbow": [192.622, -95.002, 23.5407], "grabAngle": 0.750156, "grabStrength": 0, "id": 81, "palmNormal": [0.975594, 0.0159367, 0.219003], "palmPosition": [52.1029, 122.1, 34.6377], "palmVelocity": [-10.2641, -11.7375, -2.62812], "palmWidth": 80.2111, "pinchDistance": 58.5095, "pinchStrength": 0, "r": [[0.906466, 0.401466, 0.13094], [0.0412945, 0.224318, -0.973641], [-0.420256, 0.887979, 0.186758]], "s": 1.10019, "sphereCenter": [69.1833, 138.836, 6.52899], "sphereRadius": 49.7342, "stabilizedPalmPosition": [47.3374, 125.781, 35.2462], "t": [41.3022, -28.079, -23.6541], "timeVisible": 3.33887, "type": "left", "wrist": [45.5343, 82.2383, 83.5612]}], "id": 57702, "interactionBox": {"center": [0, 200, 0], "size": [235.247, 235.247, 147.751]}, "pointables": [{"bases": [[[0.795157, -0.313494, -0.519083], [0.591181, 0.591351, 0.54846], [0.135021, -0.742984, 0.655549]], [[0.676533, 0.00663397, -0.736382], [0.602926, 0.569158, 0.559052], [0.422826, -0.822201, 0.381055]], [[0.676533, 0.00663397, -0.736382], [0.492611, 0.739215, 0.459234], [0.547391, -0.673437, 0.496836]], [[0.676533, 0.00663397, -0.736382], [0.140417, 0.980451, 0.137837], [0.722901, -0.196652, 0.662376]]], "btipPosition": [94.9148, 179.905, 43.9381], "carpPosition": [45.9174, 120.183, 88.4152], "dipPosition": [80.4645, 175.975, 57.1785], "direction": [0.547391, 0.673437, -0.496836], "extended": true, "handId": 81, "id": 810, "length": 44.5133, "mcpPosition": [45.9174, 120.183, 88.4152], "pipPosition": [64.5236, 156.363, 71.6472], "stabilizedTipPosition": [85.6341, 184.725, 47.609], "timeVisible": 3.33887, "tipPosition": [86.4867, 182.308, 47.6209], "tipVelocity": [-13.5419, -9.86963, -4.86058], "tool": false, "touchDistance": 0.0506512, "touchZone": "hovering", "type": 0, "width": 18.4546}, {"ba