{"frames": 72, "data": [{"currentFrameRate": 113.27, "devices": [], "gestures": [], "hands": [{"armBasis": [[0.93631, -0.348186, -0.0457129], [-0.0952599, -0.377114, 0.921255], [-0.338007, -0.858226, -0.386264]], "armWidth": 50.6296, "confidence": 1, "direction": [-0.0929915, 0.254792, -0.962514], "elbow": [-11.2815, -8.69776, 41.1599], "grabAngle": 0.28308, "grabStrength": 0, "id": 70, "palmNormal": [0.0236211, -0.965867, -0.257961], "palmPosition": [-89.7668, 204.554, 74.9541], "palmVelocity": [-6.13529, -13.4078, 4.60985], "palmWidth": 74.6866, "pinchDistance": 51.3034, "pinchStrength": 0, "r": [[0.804897, 0.0354757, 0.592353], [-0.033486, 0.999336, -0.0143485], [-0.592469, -0.00828646, 0.805551]], "s": 1.56025, "sphereCenter": [-106.272, 155.384, 34.5308], "sphereRadius": 74.1855, "stabilizedPalmPosition": [-88.5611, 204.143, 74.7176], "t": [-91.7667, 73.3827, -22.8973], "timeVisible": 6.5473, "type": "left", "wrist": [-86.1913, 181.504, 126.765]}], "id": 47064, "interactionBox": {"center": [0, 200, 0], "size": [235.247, 235.247, 147.751]}, "pointables": [{"bases": [[[0.439814, 0.894814, 0.0766301], [-0.826809, 0.370116, 0.423558], [0.350644, -0.249645, 0.902622]], [[0.362845, 0.926342, -0.101167], [-0.802288, 0.365774, 0.471745], [0.474001, -0.0900052, 0.875912]], [[0.362845, 0.926342, -0.101167], [-0.834513, 0.371332, 0.407064], [0.414647, -0.063276, 0.90778]], [[0.362845, 0.926342, -0.101167], [-0.813332, 0.36781, 0.450785], [0.454791, -0.0812827, 0.886881]]], "btipPosition": [-28.5466, 195.21, 39.4203], "carpPosition": [-68.1941, 188.208, 117.512], "dipPosition": [-37.2338, 193.657, 56.361], "direction": [0.414647, 0.063276, -0.90778], "extended": true, "handId": 70, "id": 700, "length": 42.5361, "mcpPosition": [-68.1941, 188.208, 117.512], "pipPosition": [-48.7726, 191.896, 81.6227], "stabilizedTipPosition": [-29.3635, 195.193, 43.2511], "timeVisible": 6.5473, "tipPosition": [-29.1635, 198.484, 43.9621], "tipVelocity": [-7.67624, -11.0136, 4.02792], "tool": false, "touchDistance": -0.279717, "touchZone": "touching", "type": 0, "width": 15.8565}, {"bases": [[[0.996869, -0.00328055, -0.0789987], [0.0121666, 0.993604, 0.112267], [0.0781251, -0.112877, 0.990533]], [[0.989412, 0.00427639, -0.145072], [0.00277546, 0.998826, 0.0483721], [0.145109, -0.0482625, 0.988238]], [[0.989412, 0.00427639, -0.145072], [-0.0393475, 0.970034, -0.239761], [0.1397, 0.24293, 0.959932]], [[0.989412, 0.00427639, -0.145072], [-0.0649982, 0.906779, -0.416567], [0.129767, 0.421585, 0.897455]]], "btipPosition": [-61.6082, 203.476, -12.1671], "carpPosition": [-75.9796, 205.639, 113.753], "dipPosition": [-63.4177, 209.355, 0.347804], "direction": [0.1397, -0.24293, -0.959932], "extended": true, "handId": 70, "id": 701, "length": 47.9972, "mcpPosition": [-71.2618, 212.455, 53.937], "pipPosition": [-66.1736, 214.147, 19.2846], "stabilizedTipPosition": [-60.7694, 203.972, -9.25088], "timeVisible": 6.5473, "tipPosition": [-64.065, 203.2, -10.0054], "tipVelocity": [-6.74823, -19.1791, 5.92076], "tool": false, "touchDistance": 0.268954, "touchZone": "hovering", "type": 1, "width": 15.1461}, {"bases": [[[0.981481, -0.187837, 0.0375787], [0.182236, 0.976025, 0.119015], [-0.0590332, -0.109963, 0.992181]], [[0.982977, -0.18372, 0.00152177], [0.181875, 0.974213, 0.133531], [-0.0260149, -0.130981, 0.991043]], [[0.982977, -0.18372, 0.00152177], [0.182306, 0.974315, -0.132194], [0.0228039, 0.130221, 0.991223]], [[0.982977, -0.18372, 0.00152177], [0.173708, 0.926648, -0.333391], [0.0598404, 0.32798, 0.942788]]], "btipPosition": [-88.8829, 210.446, -20.6314], "carpPosition": [-85.9259, 207.049, 112.641], "dipPosition": [-89.8007, 215.477, -6.17136], "direction": [0.0228039, -0.130221, -0.991223], "extended": true, "handId": 70, "id": 702, "length": 54.689, "mcpPosition": [-89.3065, 213.346, 55.8216], "pipPosition": [-90.3299, 218.499, 16.834], "stabilizedTipPosition": [-88.1966, 212.495, -17.5047], "timeVisible": 6.5473, "tipPosition": [-90.441, 213.449, -18.212], "tipVelocity": [-4.21224, -28.3893, 5.46688], "tool": false, "touchDistance": 0.2843, "touchZone": "hovering", "type": 2, "width": 14.8755}, {"bases": [[[0.945547, -0.275011, 0.174097], [0.249918, 0.956108, 0.152963], [-0.208522, -0.101124, 0.972776]], [[0.94378, -0.275842, 0.182184], [0.204969, 0.920678, 0.332175], [-0.25936, -0.276158, 0.925456]], [[0.94378, -0.275842, 0.182184], [0.233463, 0.946347, 0.223432], [-0.234041, -0.168337, 0.957542]], [[0.94378, -0.275842, 0.182184], [0.274623, 0.961006, 0.0323986], [-0.184016, 0.0194547, 0.982731]]], "btipPosition": [-124.226, 224.739, -7.96247], "carpPosition": [-95.9488, 205.959, 112.438], "dipPosition": [-121.42, 225.035, 7.0236], "direction": [-0.234041, 0.168337, -0.957542], "extended": true, "handId": 70, "id": 703, "length": 52.5849, "mcpPosition": [-106.67, 211.159, 62.4214], "pipPosition": [-116.128, 221.229, 28.6733], "stabilizedTipPosition": [-122.801, 225.536, -4.4748], "timeVisible": 6.5473, "tipPosition": [-123.769, 224.747, -5.16816], "tipVelocity": [-6.07698, -27.8506, 1.84369], "tool": false, "touchDistance": 0.275158, "touchZone": "hovering", "type": 3, "width": 14.155}, {"bases": [[[0.860679, -0.439037, 0.257832], [0.374532, 0.888979, 0.263517], [-0.344901, -0.130238, 0.92956]], [[0.829887, -0.44815, 0.332338], [0.249579, 0.830928, 0.497261], [-0.498996, -0.329726, 0.801426]], [[0.829887, -0.44815, 0.332338], [0.283207, 0.851582, 0.441138], [-0.480709, -0.271975, 0.833636]], [[0.829887, -0.44815, 0.332338], [0.375191, 0.889128, 0.262073], [-0.412939, -0.092801, 0.906018]]], "btipPosition": [-149.634, 220.45, 20.0958], "carpPosition": [-105.335, 199.089, 113.521], "dipPosition": [-143.825, 219.145, 32.8419], "direction": [-0.480709, 0.271975, -0.833636], "extended": true, "handId": 70, "id": 704, "length": 41.2256, "mcpPosition": [-121.75, 205.288, 69.2781], "pipPosition": [-136.151, 214.803, 46.1495], "stabilizedTipPosition": [-147.356, 220.421, 22.9654], "timeVisible": 6.5473, "tipPosition": [-148.345, 218.331, 21.6186], "tipVelocity": [-7.61932, -23.5843, 3.20028], "tool": false, "touchDistance": 0.292108, "touchZone": "hovering", "type": 4, "width": 12.5735}], "r": [[0.804897, 0.0354757, 0.592353], [-0.033486, 0.999336, -0.0143485], [-0.592469, -0.00828646, 0.805551]], "s": 1.56025, "t": [91.7667, 73.3827, -22.8973], "timestamp": 17480682610}, {"currentFrameRate": 113.317, "devices": [], "gestures": [], "hands": [{"armBasis": [[0.936232, -0.348425, -0.0454912], [-0.0954077, -0.376668, 0.921422], [-0.338181, -0.858325, -0.385891]], "armWidth": 50.6296, "confidence": 1, "direction": [-0.0929571, 0.254334, -0.962639], "elbow": [-11.2915, -8.85348, 41.2964], "grabAngle": 0.285206, "grabStrength": 0, "id": 70, "palmNormal": [0.0250331, -0.965922, -0.257619], "palmPosition": [-89.8112, 204.404, 74.9991], "palmVelocity": [-5.07845, -17.192, 5.14319], "palmWidth": 74.6866, "pinchDistance": 51.2873, "pinchStrength": 0, "r": [[0.804976, 0.0349084, 0.592279], [-0.0326686, 0.999361, -0.0145009], [-0.592407, -0.00767608, 0.805602]], "s": 1.56, "sphereCenter": [-106.45, 154.211, 34.5139], "sphereRadius": 74.9353, "stabilizedPalmPosition": [-88.5673, 204.144, 74.719], "t": [-91.812, 73.2606, -22.8582], "timeVisible": 6.55604, "type": "left", "wrist": [-86.24, 181.37, 126.818]}], "id": 47065, "interactionBox": {"center": [0, 200, 0], "size": [235.247, 235.247, 147.751]}, "pointables": [{"bases": [[[0.441058, 0.894242, 0.0761483], [-0.826139, 0.371383, 0.423756], [0.350661, -0.24981, 0.90257]], [[0.363921, 0.925836, -0.101922], [-0.801848, 0.367088, 0.471473], [0.473921, -0.0898527, 0.875971]], [[0.363921, 0.925836, -0.101922], [-0.834139, 0.372642, 0.406633], [0.414456, -0.062965, 0.907889]], [[0.363921, 0.925836, -0.101922], [-0.812994, 0.369139, 0.450308], [0.454535, -0.0810146, 0.887037]]], "btipPosition": [-28.5992, 195.083, 39.471], "carpPosition": [-68.2331, 188.102, 117.571], "dipPosition": [-37.2815, 193.536, 56.4147], "direction": [0.414456, 0.062965, -0.907889], "extended": true, "handId": 70, "id": 700, "length": 42.5361, "mcpPosition": [-68.2331, 188.102, 117.571], "pipPosition": [-48.8149, 191.783, 81.6794], "stabilizedTipPosition": [-29.3743, 195.189, 43.2521], "timeVisible": 6.55604, "tipPosition": [-29.193, 198.39, 44.0305], "tipVelocity": [-5.88387, -14.3232, 5.87302], "tool": false, "touchDistance": -0.278862, "touchZone": "touching", "type": 0, "width": 15.8565}, {"bases": [[[0.996833, -0.00466011, -0.0793906], [0.0135587, 0.993625, 0.11192], [0.0783629, -0.112642, 0.990541]], [[0.989393, 0.00285831, -0.145238], [0.00405122, 0.998875, 0.0472558], [0.145209, -0.047343, 0.988268]], [[0.989393, 0.00285831, -0.145238], [-0.0382998, 0.969564, -0.241826], [0.140126, 0.244823, 0.959389]], [[0.989393, 0.00285831, -0.145238], [-0.0641032, 0.905786, -0.418859], [0.130357, 0.423727, 0.896361]]], "btipPosition": [-61.6348, 203.244, -12.0926], "carpPosition": [-76.0408, 205.521, 113.803], "dipPosition": [-63.4526, 209.153, 0.407016], "direction": [0.140126, -0.244823, -0.959389], "extended": true, "handId": 70, "id": 701, "length": 47.9972, "mcpPosition": [-71.3087, 212.323, 53.9866], "pipPosition": [-66.2169, 213.983, 19.3331], "stabilizedTipPosition": [-60.779, 203.976, -9.25063], "timeVisible": 6.55604, "tipPosition": [-64.0625, 203.064, -9.94562], "tipVelocity": [-3.26641, -25.7376, 8.11757], "tool": false, "touchDistance": 0.270137, "touchZone": "hovering", "type": 1, "width": 15.1461}, {"bases": [[[0.98124, -0.189156, 0.0372564], [0.183607, 0.975818, 0.118607], [-0.0587906, -0.109541, 0.992242]], [[0.982726, -0.185061, 0.00126617], [0.183274, 0.974142, 0.13213], [-0.0256855, -0.129615, 0.991232]], [[0.982726, -0.185061, 0.00126617], [0.183539, 0.97372, -0.134844], [0.0237214, 0.132747, 0.990866]], [[0.982726, -0.185061, 0.00126617], [0.174683, 0.925315, -0.336569], [0.0611141, 0.330976, 0.941658]]], "btipPosition": [-88.8779, 210.132, -20.5711], "carpPosition": [-85.9885, 206.917, 112.687], "dipPosition": [-89.8152, 215.208, -6.12837], "direction": [0.0237214, -0.132747, -0.990866], "extended": true, "handId": 70, "id": 702, "length": 54.689, "mcpPosition": [-89.3553, 213.19, 55.8637], "pipPosition": [-90.3658, 218.289, 16.8687], "stabilizedTipPosition": [-88.2049, 212.484, -17.5024], "timeVisible": 6.55604, "tipPosition": [-90.4494, 213.249, -18.1627], "tipVelocity": [0.059788, -34.7758, 6.44383], "tool": false, "touchDistance": 0.285239, "touchZone": "hovering", "type": 2, "width": 14.8755}, {"bases": [[[0.945242, -0.276233, 0.173819], [0.251275, 0.955821, 0.152535], [-0.208275, -0.100506, 0.972893]], [[0.943482, -0.277058, 0.181884], [0.206549, 0.92072, 0.331077], [-0.259191, -0.274797, 0.925908]], [[0.943482, -0.277058, 0.181884], [0.235317, 0.94645, 0.22104], [-0.233385, -0.165747, 0.958154]], [[0.943482, -0.277058, 0.181884], [0.276392, 0.960592, 0.0295174], [-0.182894, 0.022422, 0.982877]]], "btipPosition": [-124.236, 224.408, -7.959], "carpPosition": [-96.0099, 205.814, 112.48], "dipPosition": [-121.447, 224.75, 7.02929], "direction": [-0.233385, 0.165747, -0.958154], "extended": true, "handId": 70, "id": 703, "length": 52.5849, "mcpPosition": [-106.719, 210.981, 62.4574], "pipPosition": [-116.17, 221.002, 28.6929], "stabilizedTipPosition": [-122.81, 225.524, -4.47521], "timeVisible": 6.55604, "tipPosition": [-123.808, 224.523, -5.13926], "tipVelocity": [-1.62577, -36.6714, 0.454891], "tool": false, "touchDistance": 0.275224, "touchZone": "hovering", "type": 3, "width": 14.155}, {"bases": [[[0.860185, -0.440116, 0.257644], [0.375842, 0.888561, 0.263063], [-0.344711, -0.12945, 0.92974]], [[0.829352, -0.449174, 0.332291], [0.250899, 0.830796, 0.496818], [-0.499223, -0.328666, 0.80172]], [[0.829352, -0.449174, 0.332291], [0.284813, 0.85153, 0.440202], [-0.480683, -0.270442, 0.83415]], [[0.829352, -0.449174, 0.332291], [0.376849, 0.888786, 0.260853], [-0.412504, -0.0911159, 0.906388]]], "btipPosition": [-149.677, 220.176, 20.106], "carpPosition": [-105.387, 198.931, 113.562], "dipPosition": [-143.874, 218.894, 32.8573], "direction": [-0.480683, 0.270442, -0.834149], "extended": true, "handId": 70, "id": 704, "length": 41.2256, "mcpPosition": [-121.794, 205.092, 69.3102], "pipPosition": [-136.201, 214.577, 46.1731], "stabilizedTipPosition": [-147.365, 220.416, 22.9661], "timeVisible": 6.55604, "tipPosition": [-148.387, 218.086, 21.6378], "tipVelocity": [-5.09509, -30.7678, 1.30521], "tool": false, "touchDistance": 0.292298, "touchZone": "hovering", "type": 4, "width": 12.5735}], "r": [[0.804976, 0.0349084, 0.592279], [-0.0326686, 0.999361, -0.0145009], [-0.592407, -0.00767608, 0.805602]], "s": 1.56, "t": [91.812, 73.2606, -22.8582], "timestamp": 17480691352}, {"currentFrameRate": 113.448, "devices": [], "gestures": [], "hands": [{"armBasis": [[0.936172, -0.348588, -0.0454863], [-0.0954199, -0.376503, 0.921488], [-0.338346, -0.858331, -0.385734]], "armWidth": 50.6296, "confidence": 1, "direction": [-0.0928259, 0.254169, -0.962695], "elbow": [-11.3195, -9.00688, 41.3929], "grabAngle": 0.288476, "grabStrength": 0, "id": 70, "palmNormal": [0.0261379, -0.965914, -0.257539], "palmPosition": [-89.8665, 204.249, 75.058], "palmVelocity": [-6.44546, -18.0172, 6.85736], "palmWidth": 74.6866, "pinchDistance": 51.2678, "pinchStrength": 0, "r": [[0.805095, 0.0342964, 0.592154], [-0.0318092, 0.999387, -0.0146346], [-0.592292, -0.00705366, 0.805692]], "s": 1.55964, "sphereCenter": [-106.733, 152.493, 34.4533], "sphereRadius": 76.1149, "stabilizedPalmPosition": [-88.5738, 204.145, 74.7207], "t": [-91.8623, 73.1221, -22.8092], "timeVisible": 6.56463, "type": "left", "wrist": [-86.3044, 181.218, 126.88]}], "id": 47066, "interactionBox": {"center": [0, 200, 0], "size": [235.247, 235.247, 147.751]}, "pointables": [{"bases": [[[0.442014, 0.893791, 0.0759031], [-0.82558, 0.372268, 0.424068], [0.350772, -0.250108, 0.902444]], [[0.364677, 0.925478, -0.102473], [-0.801546, 0.368022, 0.471258], [0.473852, -0.0897201, 0.876022]], [[0.364677, 0.925478, -0.102473], [-0.833926, 0.373579, 0.406209], [0.414219, -0.0626799, 0.908016]], [[0.364677, 0.925478, -0.102473], [-0.812807, 0.370091, 0.449864], [0.454263, -0.0807638, 0.887199]]], "btipPosition": [-28.6698, 194.936, 39.5312], "carpPosition": [-68.2891, 187.973, 117.64], "dipPosition": [-37.3468, 193.393, 56.4779], "direction": [0.414219, 0.0626799, -0.908016], "extended": true, "handId": 70, "id": 700, "length": 42.5361, "mcpPosition": [-68.2891, 187.973, 117.64], "pipPosition": [-48.8737, 191.649, 81.7462], "stabilizedTipPosition": [-29.386, 195.184, 43.2537], "timeVisible": 6.56463, "tipPosition": [-29.2358, 198.28, 44.1116], "tipVelocity": [-8.07472, -17.0474, 7.08839], "tool": false, "touchDistance": -0.277847, "touchZone": "touching", "type": 0, "width": 15.8565}, {"bases": [[[0.996795, -0.00569714, -0.0797985], [0.0146325, 0.993618, 0.111843], [0.078652, -0.112652, 0.990517]], [[0.989373, 0.00179495, -0.145388], [0.00497814, 0.998919, 0.0462092], [0.145314, -0.0464419, 0.988295]], [[0.989373, 0.00179495, -0.145388], [-0.0376255, 0.969025, -0.24408], [0.140446, 0.246957, 0.958795]], [[0.989373, 0.00179495, -0.145388], [-0.0635792, 0.9046, -0.421492], [0.130761, 0.426257, 0.895101]]], "btipPosition": [-61.6742, 202.998, -11.9984], "carpPosition": [-76.1133, 205.383, 113.867], "dipPosition": [-63.4976, 208.942, 0.483681], "direction": [0.140446, -0.246957, -0.958795], "extended": true, "handId": 70, "id": 701, "length": 47.9972, "mcpPosition": [-71.3636, 212.186, 54.0525], "pipPosition": [-66.2682, 213.814, 19.3981], "stabilizedTipPosition": [-60.7889, 203.979, -9.2497], "timeVisible": 6.56463, "tipPosition": [-64.0673, 202.94, -9.87065], "tipVelocity": [-4.73271, -27.7063, 10.4993], "tool": false, "touchDistance": 0.27164, "touchZone": "hovering", "type": 1, "width": 15.1461}, {"bases": [[[0.981059, -0.190168, 0.0368682], [0.184665, 0.975636, 0.118461], [-0.0584975, -0.109409, 0.992274]], [[0.982534, -0.186079, 0.000893359], [0.184378, 0.974179, 0.130306], [-0.0251176, -0.127866, 0.991473]], [[0.982534, -0.186079, 0.000893359], [0.184402, 0.973012, -0.138723], [0.0249443, 0.136465, 0.990331]], [[0.982534, -0.186079, 0.000893359], [0.175202, 0.923462, -0.341354], [0.062694, 0.335549, 0.939934]]], "btipPosition": [-88.8595, 209.751, -20.4833], "carpPosition": [-86.0619, 206.769, 112.747], "dipPosition": [-89.8211, 214.897, -6.067], "direction": [0.0249443, -0.136465, -0.990331], "extended": true, "handId": 70, "id": 702, "length": 54.689, "mcpPosition": [-89.4119, 213.034, 55.9222], "pipPosition": [-90.4, 218.064, 16.9177], "stabilizedTipPosition": [-88.2137, 212.469, -17.499], "timeVisible": 6.56463, "tipPosition": [-90.4566, 213.058, -18.0918], "tipVelocity": [1.48575, -42.4691, 9.5141], "tool": false, "touchDistance": 0.286601, "touchZone": "hovering", "type": 2, "width": 14.8755}, {"bases": [[[0.945027, -0.277199, 0.173452], [0.252327, 0.955571, 0.152364], [-0.207981, -0.100221, 0.972985]], [[0.943274, -0.278018, 0.181492], [0.207976, 0.920882, 0.329729], [-0.258803, -0.273279, 0.926466]], [[0.943274, -0.278018, 0.181492], [0.237118, 0.946735, 0.217874], [-0.232397, -0.16248, 0.958954]], [[0.943274, -0.278018, 0.181492], [0.278054, 0.96022, 0.0257706], [-0.181437, 0.0261558, 0.983055]]], "btipPosition": [-124.235, 224.048, -7.94861], "carpPosition": [-96.0821, 205.655, 112.536], "dipPosition": [-121.468, 224.447, 7.0424], "direction": [-0.232397, 0.16248, -0.958953], "extended": true, "handId": 70, "id": 703, "length": 52.5849, "mcpPosition": [-106.776, 210.808, 62.5089], "pipPosition": [-116.213, 220.774, 28.724], "stabilizedTipPosition": [-122.82, 225.508, -4.47552], "timeVisible": 6.56463, "tipPosition": [-123.848, 224.325, -5.08947], "tipVelocity": [-0.400183, -40.3044, 1.28251], "tool": false, "touchDistance": 0.275408, "touchZone": "hovering", "type": 3, "width": 14.155}, {"bases": [[[0.859834, -0.440987, 0.257323], [0.376868, 0.888191, 0.262845], [-0.344464, -0.129026, 0.929891]], [[0.828913, -0.450033, 0.332225], [0.252053, 0.830702, 0.49639], [-0.499371, -0.327726, 0.802012]], [[0.828913, -0.450033, 0.332225], [0.28644, 0.851633, 0.438946], [-0.480473, -0.268686, 0.834837]], [[0.828913, -0.450033, 0.332225], [0.378551, 0.888561, 0.259148], [-0.411827, -0.0890473, 0.906901]]], "btipPosition": [-149.722, 219.903, 20.1251], "carpPosition": [-105.452, 198.763, 113.615], "dipPosition": [-143.929, 218.651, 32.8836], "direction": [-0.480473, 0.268686, -0.834837], "extended": true, "handId": 70, "id": 704, "length": 41.2256, "mcpPosition": [-121.847, 204.904, 69.356], "pipPosition": [-136.259, 214.362, 46.2104], "stabilizedTipPosition": [-147.375, 220.408, 22.967], "timeVisible": 6.56463, "tipPosition": [-148.435, 217.872, 21.6762], "tipVelocity": [-5.50943, -30.9462, 2.41877], "tool": false, "touchDistance": 0.292645, "touchZone": "hovering", "type": 4, "width": 12.5735}], "r": [[0.805095, 0.0342964, 0.592154], [-0.0318092, 0.999387, -0.0146346], [-0.592292, -0.00705366, 0.805692]], "s": 1.55964, "t": [91.8623, 73.1221, -22.8092], "timestamp": 17480699942}, {"currentFrameRate": 113.465, "devices": [], "gestures": [], "hands": [{"armBasis": [[0.935964, -0.349177, -0.0452368], [-0.0958302, -0.37626, 0.921545], [-0.338803, -0.858198, -0.385628]], "armWidth": 50.6296, "confidence": 1, "direction": [-0.0930268, 0.253927, -0.962739], "elbow": [-11.2505, -9.18102, 41.4709], "grabAngle": 0.292144, "grabStrength": 0, "id": 70, "palmNormal": [0.0277764, -0.965894, -0.257443], "palmPosition": [-89.9113, 204.04, 75.11], "palmVelocity": [-5.09544, -23.7643, 5.92783], "palmWidth": 74.6866, "pinchDistance": 51.2499, "pinchStrength": 0, "r": [[0.805227, 0.0335542, 0.592017], [-0.0307951, 0.999417, -0.014759], [-0.592167, -0.00634687, 0.805791]], "s": 1.55922, "sphereCenter": [-106.993, 150.667, 34.3903], "sphereRadius": 77.3394, "stabilizedPalmPosition": [-88.5811, 204.144, 74.7228], "t": [-91.9099, 72.9486, -22.7587], "timeVisible": 6.57341, "type": "left", "wrist": [-86.3367, 181.015, 126.935]}], "id": 47067, "interactionBox": {"center": [0, 200, 0], "size": [235.247, 235.247, 147.751]}, "pointables": [{"bases": [[[0.443493, 0.893074, 0.0757208], [-0.824875, 0.373658, 0.424217], [0.350564, -0.250598, 0.902389]], [[0.366021, 0.924895, -0.10295], [-0.801095, 0.369445, 0.470911], [0.473578, -0.0898908, 0.876153]], [[0.366021, 0.924895, -0.10295], [-0.833512, 0.375019, 0.405733], [0.413868, -0.0626968, 0.908175]], [[0.366021, 0.924895, -0.10295], [-0.812337, 0.371515, 0.44954], [0.454024, -0.0809111, 0.887308]]], "btipPosition": [-28.723, 194.776, 39.5777], "carpPosition": [-68.3167, 187.803, 117.698], "dipPosition": [-37.3955, 193.231, 56.5265], "direction": [0.413868, 0.0626968, -0.908175], "extended": true, "handId": 70, "id": 700, "length": 42.5361, "mcpPosition": [-68.3167, 187.803, 117.698], "pipPosition": [-48.9126, 191.486, 81.7992], "stabilizedTipPosition": [-29.3994, 195.176, 43.256], "timeVisible": 6.57341, "tipPosition": [-29.2695, 198.153, 44.1751], "tipVelocity": [-5.94125, -18.1921, 5.35317], "tool": false, "touchDistance": -0.277063, "touchZone": "touching", "type": 0, "width": 15.8565}, {"bases": [[[0.996766, -0.00733614, -0.0800204], [0.0162839, 0.993603, 0.111746], [0.0786888, -0.112688, 0.99051]], [[0.98938, 0.000132348, -0.145351], [0.00649829, 0.998959, 0.0451424], [0.145206, -0.0456076, 0.98835]], [[0.98938, 0.000132348, -0.145351], [-0.0363613, 0.968429, -0.246623], [0.140729, 0.249289, 0.958149]], [[0.98938, 0.000132348, -0.145351], [-0.0625056, 0.9032, -0.424643], [0.131225, 0.429219, 0.893617]]], "btipPosition": [-61.719, 202.701, -11.9114], "carpPosition": [-76.1685, 205.2, 113.922], "dipPosition": [-63.5489, 208.687, 0.549947], "direction": [0.140729, -0.249289, -0.958149], "extended": true, "handId": 70, "id": 701, "length": 47.9972, "mcpPosition": [-71.4167, 212.005, 54.1079], "pipPosition": [-66.3251, 213.604, 19.4516], "stabilizedTipPosition": [-60.8001, 203.98, -9.24801], "timeVisible": 6.57341, "tipPosition": [-64.0754, 202.776, -9.80659], "tipVelocity": [-5.27132, -32.7314, 9.35965], "tool": false, "touchDistance": 0.27301, "touchZone": "hovering", "type": 1, "width": 15.1461}, {"bases": [[[0.980755, -0.19177, 0.036667], [0.186288, 0.975344, 0.118328], [-0.0584548, -0.109221, 0.992297]], [[0.982227, -0.187696, 0.000768447], [0.186045, 0.974114, 0.128409], [-0.0248504, -0.125984, 0.991721]], [[0.982227, -0.187696, 0.000768447], [0.185876, 0.972116, -0.142974], [0.0260886, 0.140575, 0.989726]], [[0.982227, -0.187696, 0.000768447], [0.176325, 0.921301, -0.346576], [0.064343, 0.340552, 0.938022]]], "btipPosition": [-88.852, 209.295, -20.3983], "carpPosition": [-86.1192, 206.57, 112.8], "dipPosition": [-89.8389, 214.518, -6.01137], "direction": [0.0260886, -0.140575, -0.989726], "extended": true, "handId": 70, "id": 702, "length": 54.689, "mcpPosition": [-89.4668, 212.824, 55.9735], "pipPosition": [-90.4444, 217.781, 16.9593], "stabilizedTipPosition": [-88.224, 212.445, -17.4942], "timeVisible": 6.57341, "tipPosition": [-90.4739, 212.804, -18.0266], "tipVelocity": [0.191839, -49.9022, 8.90626], "tool": false, "touchDistance": 0.287905, "touchZone": "hovering", "type": 2, "width": 14.8755}, {"bases": [[[0.94461, -0.278729, 0.173267], [0.253924, 0.955171, 0.152218], [-0.207927, -0.0997898, 0.973041]], [[0.942834, -0.279556, 0.181417], [0.209872, 0.92093, 0.328393], [-0.258876, -0.271546, 0.926955]], [[0.942834, -0.279556, 0.181417], [0.23948, 0.946901, 0.21454], [-0.23176, -0.158829, 0.959719]], [[0.942834, -0.279556, 0.181417], [0.280377, 0.959646, 0.02164], [-0.180146, 0.0304621, 0.983168]]], "btipPosition": [-124.256, 223.599, -7.93781], "carpPosition": [-96.1375, 205.44, 112.587], "dipPosition": [-121.509, 224.064, 7.05493], "direction": [-0.23176, 0.158829, -0.959719], "extended": true, "handId": 70, "id": 703, "length": 52.5849, "mcpPosition": [-106.828, 210.571, 62.5566], "pipPosition": [-116.269, 220.473, 28.7539], "stabilizedTipPosition": [-122.831, 225.483, -4.47571], "timeVisible": 6.57341, "tipPosition": [-123.905, 224.049, -5.04066], "tipVelocity": [-2.93268, -49.4011, 1.27511], "tool": false, "touchDistance": 0.275594, "touchZone": "hovering", "type": 3, "width": 14.155}, {"bases": [[[0.859169, -0.44237, 0.257173], [0.37838, 0.887597, 0.262678], [-0.344467, -0.128376, 0.92998]], [[0.828046, -0.451403, 0.332528], [0.253515, 0.83046, 0.49605], [-0.50007, -0.326452, 0.802097]], [[0.828046, -0.451403, 0.332528], [0.28845, 0.851582, 0.437727], [-0.480766, -0.26654, 0.835356]], [[0.828046, -0.451403, 0.332528], [0.380794, 0.888118, 0.257375], [-0.411504, -0.0864932, 0.907294]]], "btipPosition": [-149.787, 219.535, 20.1537], "carpPosition": [-105.497, 198.532, 113.664], "dipPosition": [-143.998, 218.318, 32.9178], "direction": [-0.480766, 0.26654, -0.835356], "extended": true, "handId": 70, "id": 704, "length": 41.2256, "mcpPosition": [-121.892, 204.642, 69.4008], "pipPosition": [-136.323, 214.063, 46.2529], "stabilizedTipPosition": [-147.386, 220.396, 22.9683], "timeVisible": 6.57341, "tipPosition": [-148.489, 217.569, 21.7187], "tipVelocity": [-7.49764, -41.0212, 3.40245], "tool": false, "touchDistance": 0.293143, "touchZone": "hovering", "type": 4, "width": 12.5735}], "r": [[0.805227, 0.0335542, 0.592017], [-0.0307951, 0.999417, -0.014759], [-0.592167, -0.00634687, 0.805791]], "s": 1.55922, "t": [91.9099, 72.9486, -22.7587], "timestamp": 17480708725}, {"currentFrameRate": 113.611, "devices": [], "gestures": [], "hands": [{"armBasis": [[0.935746, -0.349766, -0.0452014], [-0.0964231, -0.377012, 0.921175], [-0.339237, -0.857628, -0.386513]], "armWidth": 50.6296, "confidence": 1, "direction": [-0.0933362, 0.254729, -0.962498], "elbow": [-11.1676, -9.33916, 41.289], "grabAngle": 0.297716, "grabStrength": 0, "id": 70, "palmNormal": [0.0299964, -0.965559, -0.258448], "palmPosition": [-89.9412, 203.81, 75.1483], "palmVelocity": [-3.50192, -26.8556, 4.4738], "palmWidth": 74.6866, "pinchDistance": 51.2163, "pinchStrength": 0, "r": [[0.805378, 0.0324774, 0.591871], [-0.0295393, 0.999456, -0.0146474], [-0.592025, -0.00568679, 0.8059]], "s": 1.55864, "sphereCenter": [-107.311, 147.888, 34.1775], "sphereRadius": 79.322, "stabilizedPalmPosition": [-88.589, 204.142, 74.7253], "t": [-91.9486, 72.747, -22.7143], "timeVisible": 6.58196, "type": "left", "wrist": [-86.35, 180.73, 126.949]}], "id": 47068, "interactionBox": {"center": [0, 200, 0], "size": [235.247, 235.247, 147.751]}, "pointables": [{"bases": [[[0.445501, 0.892004, 0.0765382], [-0.823928, 0.375049, 0.42483], [0.350244, -0.252324, 0.902032]], [[0.367954, 0.924201, -0.102285], [-0.800385, 0.370792, 0.47106], [0.47328, -0.0914608, 0.876151]], [[0.367954, 0.924201, -0.102285], [-0.832832, 0.376485, 0.405771], [0.413523, -0.0641189, 0.908233]], [[0.367954, 0.924201, -0.102285], [-0.811596, 0.372896, 0.449734], [0.453787, -0.0824673, 0.887286]]], "btipPosition": [-28.7544, 194.684, 39.6036], "carpPosition": [-68.3219, 187.577, 117.725], "dipPosition": [-37.4224, 193.109, 56.552], "direction": [0.413523, 0.0641189, -0.908233], "extended": true, "handId": 70, "id": 700, "length": 42.5361, "mcpPosition": [-68.3219, 187.577, 117.725], "pipPosition": [-48.9299, 191.324, 81.8263], "stabilizedTipPosition": [-29.4129, 195.168, 43.2584], "timeVisible": 6.58196, "tipPosition": [-29.2831, 198.079, 44.2211], "tipVelocity": [-3.55751, -11.6202, 3.0155], "tool": false, "touchDistance": -0.276634, "touchZone": "touching", "type": 0, "width": 15.8565}, {"bases": [[[0.996726, -0.00947225, -0.0802954], [0.0185268, 0.993447, 0.112784], [0.0787009, -0.113902, 0.99037]], [[0.98939, -0.00195886, -0.145271], [0.00845118, 0.998992, 0.0440873], [0.145039, -0.0448473, 0.988409]], [[0.98939, -0.00195886, -0.145271], [-0.0347846, 0.967633, -0.249953], [0.141059, 0.252354, 0.957298]], [[0.98939, -0.00195886, -0.145271], [-0.061202, 0.90124, -0.428976], [0.131765, 0.433316, 0.891558]]], "btipPosition": [-61.753, 202.391, -11.8164], "carpPosition": [-76.2114, 204.961, 113.966], "dipPosition": [-63.5904, 208.433, 0.616231], "direction": [0.141059, -0.252354, -0.957298], "extended": true, "handId": 70, "id": 701, "length": 47.9972, "mcpPosition": [-71.4589, 211.839, 54.1595], "pipPosition": [-66.3731, 213.411, 19.5011], "stabilizedTipPosition": [-60.8119, 203.979, -9.24551], "timeVisible": 6.58196, "tipPosition": [-64.0521, 202.709, -9.75085], "tipVelocity": [-4.17566, -34.7977, 10.3383], "tool": false, "touchDistance": 0.274484, "touchZone": "hovering", "type": 1, "width": 15.1461}, {"bases": [[[0.980335, -0.193993, 0.0362029], [0.188492, 0.974802, 0.119301], [-0.0584342, -0.110131, 0.992198]], [[0.981808, -0.189876, 0.00023698], [0.188326, 0.973953, 0.126288], [-0.0242099, -0.123946, 0.991994]], [[0.981808, -0.189876, 0.00023698], [0.187808, 0.970932, -0.148388], [0.0279452, 0.145733, 0.988929]], [[0.981808, -0.189876, 0.00023698], [0.177729, 0.918557, -0.353081], [0.0668238, 0.3467, 0.935593]]], "btipPosition": [-88.7901, 208.792, -20.3057], "carpPosition": [-86.1648, 206.309, 112.841], "dipPosition": [-89.815, 214.11, -5.956], "direction": [0.0279452, -0.145733, -0.988929], "extended": true, "handId": 70, "id": 702, "length": 54.689, "mcpPosition": [-89.5112, 212.616, 56.0211], "pipPosition": [-90.4636, 217.492, 16.9961], "stabilizedTipPosition": [-88.2347, 212.413, -17.4876], "timeVisible": 6.58196, "tipPosition": [-90.4642, 212.609, -17.9565], "tipVelocity": [6.21771, -56.2615, 9.83082], "tool": false, "touchDistance": 0.289306, "touchZone": "hovering", "type": 2, "width": 14.8755}, {"bases": [[[0.944033, -0.281014, 0.172721], [0.256092, 0.954443, 0.153151], [-0.20789, -0.100347, 0.972991]], [[0.942288, -0.281831, 0.180735], [0.212664, 0.920766, 0.327053], [-0.258589, -0.269742, 0.927562]], [[0.942288, -0.281831, 0.180735], [0.242893, 0.946978, 0.210325], [-0.230428, -0.154287, 0.96078]], [[0.942288, -0.281831, 0.180735], [0.283552, 0.95881, 0.016794], [-0.178024, 0.0354231, 0.983388]]], "btipPosition": [-124.224, 223.101, -7.94671], "carpPosition": [-96.1805, 205.157, 112.625], "dipPosition": [-121.509, 223.641, 7.04938], "direction": [-0.230428, 0.154287, -0.96078], "extended": true, "handId": 70, "id": 703, "length": 52.5849, "mcpPosition": [-106.869, 210.316, 62.5971], "pipPosition": [-116.299, 220.153, 28.7723], "stabilizedTipPosition": [-122.843, 225.447, -4.47606], "timeVisible": 6.58196, "tipPosition": [-123.951, 223.817, -4.98158], "tipVelocity": [2.85319, -56.2422, -0.950888], "tool": false, "touchDistance": 0.275459, "touchZone": "hovering", "type": 3, "width": 14.155}, {"bases": [[[0.85825, -0.444552, 0.256478], [0.380427, 0.886476, 0.263507], [-0.344505, -0.128584, 0.929937]], [[0.826975, -0.453629, 0.332165], [0.255751, 0.829637, 0.49628], [-0.500703, -0.32546, 0.802105]], [[0.826975, -0.453629, 0.332165], [0.291402, 0.851062, 0.436783], [-0.48083, -0.264415, 0.835995]], [[0.826975, -0.453629, 0.332165], [0.383908, 0.887217, 0.255852], [-0.410764, -0.0840625, 0.907858]]], "btipPosition": [-149.826, 219.143, 20.1657], "carpPosition": [-105.525, 198.227, 113.692], "dipPosition": [-144.047, 217.961, 32.9376], "direction": [-0.48083, 0.264415, -0.835995], "extended": true, "handId": 70, "id": 704, "length": 41.2256, "mcpPosition": [-121.921, 204.347, 69.4311], "pipPosition": [-136.371, 213.74, 46.283], "stabilizedTipPosition": [-147.399, 220.378, 22.9699], "timeVisible": 6.58196, "tipPosition": [-148.535, 217.273, 21.7628], "tipVelocity": [-4.78999, -44.8814, 1.61135], "tool": false, "touchDistance": 0.293372, "touchZone": "hovering", "type": 4, "width": 12.5735}], "r": [[0.805378, 0.0324774, 0.591871], [-0.0295393, 0.999456, -0.0146474], [-0.592025, -0.00568679, 0.8059]], "s": 1.55864, "t": [91.9486, 72.747, -22.7143], "timestamp": 17480717275}, {"currentFrameRate": 113.617, "devices": [], "gestures": [], "hands": [{"armBasis": [[0.935375, -0.350727, -0.045429], [-0.0968619, -0.377608, 0.920885], [-0.340133, -0.856973, -0.387177]], "armWidth": 50.6296, "confidence": 1, "direction": [-0.0935572, 0.255364, -0.962308], "elbow": [-10.9717, -9.55032, 41.1529], "grabAngle": 0.303718, "grabStrength": 0, "id": 70, "palmNormal": [0.0317013, -0.965293, -0.259238], "palmPosition": [-89.9632, 203.494, 75.1779], "palmVelocity": [-2.4963, -35.955, 3.36931], "palmWidth": 74.6866, "pinchDistance": 51.1648, "pinchStrength": 0, "r": [[0.805535, 0.0312432, 0.591724], [-0.0281943, 0.999499, -0.014392], [-0.591877, -0.00508995, 0.806012]], "s": 1.55804, "sphereCenter": [-107.635, 145.039, 33.9745], "sphereRadius": 81.3151, "stabilizedPalmPosition": [-88.5984, 204.138, 74.7284], "t": [-91.979, 72.4881, -22.6773], "timeVisible": 6.59075, "type": "left", "wrist": [-86.3527, 180.374, 126.96]}], "id": 47069, "interactionBox": {"center": [0, 200, 0], "size": [235.247, 235.247, 147.751]}, "pointables": [{"bases": [[[0.44704, 0.891179, 0.077175], [-0.823193, 0.376104, 0.425324], [0.350013, -0.253666, 0.901745]], [[0.369559, 0.923647, -0.101496], [-0.799818, 0.371796, 0.471232], [0.472988, -0.0929699, 0.87615]], [[0.369559, 0.923647, -0.101496], [-0.832112, 0.377575, 0.406235], [0.41354, -0.065672, 0.908114]], [[0.369559, 0.923647, -0.101496], [-0.810709, 0.373877, 0.450518], [0.454066, -0.0842092, 0.886979]]], "btipPosition": [-28.7643, 194.508, 39.6338], "carpPosition": [-68.3256, 187.263, 117.746], "dipPosition": [-37.4376, 192.899, 56.5764], "direction": [0.41354, 0.065672, -0.908114], "extended": true, "handId": 70, "id": 700, "length": 42.5361, "mcpPosition": [-68.3256, 187.263, 117.746], "pipPosition": [-48.9456, 191.072, 81.8474], "stabilizedTipPosition": [-29.4282, 195.156, 43.2615], "timeVisible": 6.59075, "tipPosition": [-29.2899, 197.888, 44.2588], "tipVelocity": [-1.26351, -20.8929, 3.28629], "tool": false, "touchDistance": -0.276152, "touchZone": "touching", "type": 0, "width": 15.8565}, {"bases": [[[0.996691, -0.0111066, -0.0805257], [0.0202471, 0.99332, 0.1136], [0.0787261, -0.114854, 0.990258]], [[0.989373, -0.00354323, -0.145356], [0.0097342, 0.999074, 0.0419027], [0.145073, -0.0428724, 0.988492]], [[0.989373, -0.00354323, -0.145356], [-0.0340053, 0.966339, -0.255015], [0.141367, 0.257248, 0.955949]], [[0.989373, -0.00354323, -0.145356], [-0.0607022, 0.898347, -0.435071], [0.132122, 0.439271, 0.888586]]], "btipPosition": [-61.7717, 201.874, -11.7109], "carpPosition": [-76.244, 204.636, 113.999], "dipPosition": [-63.6142, 208, 0.680327], "direction": [0.141367, -0.257248, -0.955949], "extended": true, "handId": 70, "id": 701, "length": 47.9972, "mcpPosition": [-71.4899, 211.572, 54.1999], "pipPosition": [-66.4029, 213.075, 19.5386], "stabilizedTipPosition": [-60.8269, 203.971, -9.24135], "timeVisible": 6.59075, "tipPosition": [-64.0165, 202.523, -9.69934], "tipVelocity": [-2.26587, -56.5285, 10.9202], "tool": false, "touchDistance": 0.276084, "touchZone": "hovering", "type": 1, "width": 15.1461}, {"bases": [[[0.98001, -0.195695, 0.0358239], [0.190182, 0.97438, 0.120064], [-0.0584019, -0.110851, 0.99212]], [[0.981483, -0.191551, -0.000138862], [0.190095, 0.973936, 0.123745], [-0.0235683, -0.12148, 0.992314]], [[0.981483, -0.191551, -0.000138862], [0.189239, 0.969748, -0.1542], [0.0296719, 0.151319, 0.98804]], [[0.981483, -0.191551, -0.000138862], [0.178662, 0.915706, -0.359948], [0.0690756, 0.353258, 0.932972]]], "btipPosition": [-88.723, 208.165, -20.2205], "carpPosition": [-86.1994, 205.968, 112.874], "dipPosition": [-89.7824, 213.583, -5.91096], "direction": [0.0296719, -0.151319, -0.98804], "extended": true, "handId": 70, "id": 702, "length": 54.689, "mcpPosition": [-89.5439, 212.316, 56.0581], "pipPosition": [-90.4711, 217.095, 17.0205], "stabilizedTipPosition": [-88.2471, 212.362, -17.4782], "timeVisible": 6.59075, "tipPosition": [-90.4437, 212.297, -17.8956], "tipVelocity": [6.73102, -68.6658, 8.64233], "tool": false, "touchDistance": 0.290572, "touchZone": "hovering", "type": 2, "width": 14.8755}, {"bases": [[[0.943591, -0.282767, 0.172279], [0.257754, 0.953878, 0.153882], [-0.207845, -0.100796, 0.972955]], [[0.941835, -0.283593, 0.180341], [0.214907, 0.920766, 0.325584], [-0.258385, -0.26789, 0.928155]], [[0.941835, -0.283593, 0.180341], [0.245685, 0.947139, 0.206316], [-0.229317, -0.150008, 0.961723]], [[0.941835, -0.283593, 0.180341], [0.286218, 0.958091, 0.0118523], [-0.176144, 0.0404539, 0.983533]]], "btipPosition": [-124.193, 222.526, -7.96065], "carpPosition": [-96.2131, 204.799, 112.654], "dipPosition": [-121.507, 223.142, 7.03764], "direction": [-0.229317, 0.150008, -0.961723], "extended": true, "handId": 70, "id": 703, "length": 52.5849, "mcpPosition": [-106.9, 209.982, 62.6283], "pipPosition": [-116.322, 219.751, 28.7819], "stabilizedTipPosition": [-122.857, 225.395, -4.47671], "timeVisible": 6.59075, "tipPosition": [-123.982, 223.495, -4.93558], "tipVelocity": [2.7748, -63.466, -1.5282], "tool": false, "touchDistance": 0.275235, "touchZone": "hovering", "type": 3, "width": 14.155}, {"bases": [[[0.857547, -0.446227, 0.25592], [0.381997, 0.885608, 0.264154], [-0.344517, -0.128763, 0.929907]], [[0.825989, -0.455376, 0.332226], [0.257511, 0.829122, 0.496231], [-0.501428, -0.32433, 0.80211]], [[0.825989, -0.455376, 0.332226], [0.293718, 0.850744, 0.435848], [-0.481114, -0.262425, 0.836458]], [[0.825989, -0.455376, 0.332226], [0.386485, 0.886548, 0.254286], [-0.41033, -0.0816374, 0.908275]]], "btipPosition": [-149.867, 218.679, 20.1752], "carpPosition": [-105.546, 197.853, 113.714], "dipPosition": [-144.094, 217.53, 32.953], "direction": [-0.481114, 0.262425, -0.836458], "extended": true, "handId": 70, "id": 704, "length": 41.2256, "mcpPosition": [-121.943, 203.981, 69.4541], "pipPosition": [-136.414, 213.341, 46.3057], "stabilizedTipPosition": [-147.415, 220.35, 22.9719], "timeVisible": 6.59075, "tipPosition": [-148.568, 216.91, 21.798], "tipVelocity": [-4.81073, -51.9353, 1.2352], "tool": false, "touchDistance": 0.293553, "touchZone": "hovering", "type": 4, "width": 12.5735}], "r": [[0.805535, 0.0312432, 0.591724], [-0.0281943, 0.999499, -0.014392], [-0.591877, -0.00508995, 0.806012]], "s": 1.55804, "t": [91.979, 72.4881, -22.6773], "timestamp": 17480726067}, {"currentFrameRate": 113.479, "devices": [], "gestures": [], "hands": [{"armBasis": [[0.934981, -0.351704, -0.0459772], [-0.0970834, -0.378427, 0.920526], [-0.341152, -0.856211, -0.387967]], "armWidth": 50.6296, "confidence": 1, "direction": [-0.0935896, 0.256231, -0.962074], "elbow": [-10.7362, -9.83763, 40.9874], "grabAngle": 0.309284, "grabStrength": 0, "id": 70, "palmNormal": [0.0331706, -0.964977, -0.260231], "palmPosition": [-89.9641, 203.089, 75.2103], "palmVelocity": [-0.102906, -44.8332, 3.58316], "palmWidth": 74.6866, "pinchDistance": 51.1022, "pinchStrength": 0, "r": [[0.805709, 0.0299024, 0.591556], [-0.0268334, 0.999542, -0.013978], [-0.591703, -0.00461121, 0.806143]], "s": 1.5574, "sphereCenter": [-107.927, 142.166, 33.7642], "sphereRadius": 83.2893, "stabilizedPalmPosition": [-88.61, 204.129, 74.7325], "t": [-91.9946, 72.1558, -22.6426], "timeVisible": 6.5998, "type": "left", "wrist": [-86.343, 179.918, 126.969]}], "id": 47070, "interactionBox": {"center": [0, 200, 0], "size": [235.247, 235.247, 147.751]}, "pointables": [{"bases": [[[0.44834, 0.890458, 0.0779465], [-0.822507, 0.376837, 0.426], [0.349962, -0.255104, 0.901359]], [[0.370965, 0.923202, -0.100411], [-0.799316, 0.372472, 0.471549], [0.472735, -0.0946682, 0.876105]], [[0.370965, 0.923202, -0.100411], [-0.831487, 0.378356, 0.406788], [0.413538, -0.0674139, 0.907988]], [[0.370965, 0.923202, -0.100411], [-0.809908, 0.374538, 0.451409], [0.454349, -0.0861334, 0.88665]]], "btipPosition": [-28.7618, 194.244, 39.6685], "carpPosition": [-68.3181, 186.844, 117.769], "dipPosition": [-37.4405, 192.598, 56.6048], "direction": [0.413538, 0.0674139, -0.907988], "extended": true, "handId": 70, "id": 700, "length": 42.5361, "mcpPosition": [-68.3181, 186.844, 117.769], "pipPosition": [-48.9485, 190.722, 81.8723], "stabilizedTipPosition": [-29.4469, 195.138, 43.2658], "timeVisible": 6.5998, "tipPosition": [-29.2751, 197.594, 44.305], "tipVeloci