{"frames": 95, "data": [{"currentFrameRate": 115.282, "devices": [], "gestures": [], "hands": [{"armBasis": [[0.10971, 0.99281, -0.04788], [-0.295285, 0.0785505, 0.952175], [0.949089, -0.0903246, 0.301779]], "armWidth": 62.7773, "confidence": 1, "direction": [0.216278, -0.164526, -0.962369], "elbow": [-230.596, 141.167, 189.353], "grabAngle": 0.106507, "grabStrength": 0, "id": 88, "palmNormal": [-0.962835, 0.127388, -0.238161], "palmPosition": [35.2177, 148.52, 46.1245], "palmVelocity": [5.26342, -9.34453, -2.25624], "palmWidth": 87.2628, "pinchDistance": 62.9347, "pinchStrength": 0, "r": [[0.486085, 0.734909, 0.472895], [-0.866449, 0.475845, 0.151123], [-0.113963, -0.483198, 0.868063]], "s": 1.1488, "sphereCenter": [148.897, 122.035, 18.3535], "sphereRadius": 121.619, "stabilizedPalmPosition": [33.8973, 152.336, 46.3743], "t": [-15.767, 17.6853, -91.5166], "timeVisible": 3.65094, "type": "left", "wrist": [15.1612, 164.556, 111.21]}], "id": 60368, "interactionBox": {"center": [0, 200, 0], "size": [235.247, 235.247, 147.751]}, "pointables": [{"bases": [[[-0.968488, 0.247546, -0.0274298], [-0.215989, -0.77994, 0.587403], [0.124016, 0.574817, 0.808829]], [[-0.973482, 0.125575, -0.191216], [-0.220664, -0.735899, 0.640125], [-0.0603317, 0.665345, 0.744094]], [[-0.973482, 0.125575, -0.191216], [-0.188327, -0.914434, 0.358249], [-0.129867, 0.384761, 0.913835]], [[-0.973482, 0.125575, -0.191216], [-0.130823, -0.991292, 0.0150236], [-0.187664, 0.0396407, 0.981433]]], "btipPosition": [2.52783, 93.125, 11.4512], "carpPosition": [14.0834, 138.78, 100.263], "dipPosition": [6.84384, 94.0367, 34.0227], "direction": [-0.129867, -0.384761, -0.913835], "extended": true, "handId": 88, "id": 880, "length": 51.2144, "mcpPosition": [14.0834, 138.78, 100.263], "pipPosition": [11.1951, 106.928, 64.6412], "stabilizedTipPosition": [1.89118, 96.6445, 16.5699], "timeVisible": 3.65094, "tipPosition": [1.8963, 95.5064, 16.9875], "tipVelocity": [15.8439, -20.4985, -0.76618], "tool": false, "touchDistance": 0.317965, "touchZone": "hovering", "type": 0, "width": 20.183}, {"bases": [[[-0.195795, 0.936602, -0.290586], [-0.979781, -0.1744, 0.0980536], [0.041159, 0.303909, 0.951811]], [[-0.191799, 0.958217, -0.21221], [-0.972729, -0.156866, 0.170853], [0.130426, 0.239193, 0.962172]], [[-0.191799, 0.958217, -0.21221], [-0.980776, -0.17922, 0.0771875], [0.0359299, 0.222935, 0.974171]], [[-0.191799, 0.958217, -0.21221], [-0.976705, -0.207562, -0.0544652], [-0.0962362, 0.196821, 0.975705]]], "btipPosition": [43.2577, 102.128, -53.4574], "carpPosition": [35.6096, 142.269, 93.841], "dipPosition": [44.8735, 105.432, -37.0754], "direction": [0.0359299, -0.222935, -0.974171], "extended": true, "handId": 88, "id": 881, "length": 57.7897, "mcpPosition": [38.5137, 120.826, 26.685], "pipPosition": [44.0201, 110.728, -13.9368], "stabilizedTipPosition": [43.0843, 106.223, -49.5702], "timeVisible": 3.65094, "tipPosition": [43.5442, 103.121, -49.6985], "tipVelocity": [2.20004, -14.0286, 0.283268], "tool": false, "touchDistance": 0.325517, "touchZone": "hovering", "type": 1, "width": 19.2788}, {"bases": [[[-0.0185176, 0.984966, -0.171751], [-0.997635, -0.00683084, 0.068388], [0.0661867, 0.172611, 0.982764]], [[-0.0189736, 0.983753, -0.178524], [-0.986134, 0.0110296, 0.165585], [0.164864, 0.17919, 0.969902]], [[-0.0189736, 0.983753, -0.178524], [-0.996086, -0.00318095, 0.0883359], [0.0863327, 0.179501, 0.979962]], [[-0.0189736, 0.983753, -0.178524], [-0.997426, -0.0309727, -0.0646675], [-0.0691462, 0.176838, 0.981808]]], "btipPosition": [52.8928, 124.435, -67.1438], "carpPosition": [39.5197, 152.754, 90.0687], "dipPosition": [54.1697, 127.701, -49.013], "direction": [0.0863327, -0.179501, -0.979962], "extended": true, "handId": 88, "id": 882, "length": 65.8467, "mcpPosition": [43.9483, 141.204, 24.3119], "pipPosition": [51.7572, 132.717, -21.6287], "stabilizedTipPosition": [51.8903, 128.29, -62.6651], "timeVisible": 3.65094, "tipPosition": [52.7393, 127.324, -63.3808], "tipVelocity": [9.6475, -16.3744, -0.0710326], "tool": false, "touchDistance": 0.31905, "touchZone": "hovering", "type": 2, "width": 18.9344}, {"bases": [[[0.0666832, 0.997325, -0.0299206], [-0.993791, 0.069064, 0.0872359], [0.089069, 0.0239177, 0.995738]], [[0.0615209, 0.994361, -0.0863819], [-0.980164, 0.0765242, 0.182817], [0.188396, 0.0734214, 0.979345]], [[0.0615209, 0.994361, -0.0863819], [-0.991102, 0.0710947, 0.112527], [0.118033, 0.0786905, 0.989887]], [[0.0615209, 0.994361, -0.0863819], [-0.998098, 0.0609581, -0.00914078], [-0.00382356, 0.08678, 0.99622]]], "btipPosition": [57.4158, 155.764, -60.715], "carpPosition": [40.6503, 164.16, 87.341], "dipPosition": [57.486, 157.357, -42.4238], "direction": [0.118033, -0.0786905, -0.989887], "extended": true, "handId": 88, "id": 883, "length": 63.3134, "mcpPosition": [46.001, 162.723, 27.5229], "pipPosition": [54.2728, 159.499, -15.4765], "stabilizedTipPosition": [55.7213, 158.879, -55.8928], "timeVisible": 3.65094, "tipPosition": [56.2584, 158.418, -56.6963], "tipVelocity": [11.945, -14.6992, -1.39328], "tool": false, "touchDistance": 0.308077, "touchZone": "hovering", "type": 3, "width": 18.0173}, {"bases": [[[0.239824, 0.968178, 0.0715265], [-0.959522, 0.225184, 0.169146], [0.147657, -0.109197, 0.982992]], [[0.228774, 0.973478, 0.00178989], [-0.935794, 0.219411, 0.27595], [0.268239, -0.0648054, 0.96117]], [[0.228774, 0.973478, 0.00178989], [-0.9496, 0.222757, 0.220544], [0.214296, -0.0521545, 0.975375]], [[0.228774, 0.973478, 0.00178989], [-0.965015, 0.226543, 0.132001], [0.128095, -0.0319257, 0.991248]]], "btipPosition": [58.9275, 186.457, -37.2978], "carpPosition": [35.1071, 176.589, 86.3016], "dipPosition": [56.7577, 185.916, -20.5075], "direction": [0.214296, 0.0521545, -0.975375], "extended": true, "handId": 88, "id": 884, "length": 49.6365, "mcpPosition": [43.3184, 182.662, 31.6375], "pipPosition": [52.6389, 184.914, -1.76054], "stabilizedTipPosition": [57.1275, 186.808, -33.0891], "timeVisible": 3.65094, "tipPosition": [55.7949, 188.791, -33.5861], "tipVelocity": [8.52835, -13.7596, -3.02161], "tool": false, "touchDistance": -0.21462, "touchZone": "touching", "type": 4, "width": 16.0043}], "r": [[0.486085, 0.734909, 0.472895], [-0.866449, 0.475845, 0.151123], [-0.113963, -0.483198, 0.868063]], "s": 1.1488, "t": [15.767, 17.6853, -91.5166], "timestamp": 17598032775}, {"currentFrameRate": 115.224, "devices": [], "gestures": [], "hands": [{"armBasis": [[0.110125, 0.992733, -0.0485043], [-0.294585, 0.0792092, 0.952337], [0.949259, -0.0905877, 0.301167]], "armWidth": 62.7773, "confidence": 1, "direction": [0.216648, -0.164629, -0.962269], "elbow": [-230.636, 141.04, 189.187], "grabAngle": 0.106466, "grabStrength": 0, "id": 88, "palmNormal": [-0.962899, 0.126419, -0.238418], "palmPosition": [35.255, 148.452, 46.1297], "palmVelocity": [4.25149, -7.68056, 0.58948], "palmWidth": 87.2628, "pinchDistance": 62.9065, "pinchStrength": 0, "r": [[0.486978, 0.73459, 0.472473], [-0.865949, 0.47665, 0.151449], [-0.113951, -0.48289, 0.868235]], "s": 1.14898, "sphereCenter": [148.188, 122.19, 18.289], "sphereRadius": 120.915, "stabilizedPalmPosition": [33.9018, 152.323, 46.3735], "t": [-15.7202, 17.6149, -91.5154], "timeVisible": 3.65972, "type": "left", "wrist": [15.1654, 164.497, 111.202]}], "id": 60369, "interactionBox": {"center": [0, 200, 0], "size": [235.247, 235.247, 147.751]}, "pointables": [{"bases": [[[-0.968264, 0.248437, -0.0272899], [-0.216581, -0.779553, 0.587698], [0.124732, 0.574957, 0.80862]], [[-0.973404, 0.126385, -0.191079], [-0.221177, -0.735821, 0.640037], [-0.0597089, 0.665277, 0.744205]], [[-0.973404, 0.126385, -0.191079], [-0.189149, -0.913948, 0.359057], [-0.129257, 0.38565, 0.913546]], [[-0.973404, 0.126385, -0.191079], [-0.132062, -0.991092, 0.0172168], [-0.187201, 0.0419932, 0.981424]]], "btipPosition": [2.6229, 92.9744, 11.4592], "carpPosition": [14.1175, 138.71, 100.267], "dipPosition": [6.92826, 93.9402, 34.0305], "direction": [-0.129257, -0.38565, -0.913546], "extended": true, "handId": 88, "id": 880, "length": 51.2144, "mcpPosition": [14.1175, 138.71, 100.267], "pipPosition": [11.2591, 106.862, 64.6394], "stabilizedTipPosition": [1.90145, 96.624, 16.5704], "timeVisible": 3.65972, "tipPosition": [1.993, 95.394, 17.0011], "tipVelocity": [10.5519, -15.7427, 0.913243], "tool": false, "touchDistance": 0.318099, "touchZone": "hovering", "type": 0, "width": 20.183}, {"bases": [[[-0.194991, 0.936692, -0.290838], [-0.97992, -0.173459, 0.0983292], [0.0416559, 0.304171, 0.951706]], [[-0.190966, 0.958292, -0.212624], [-0.973005, -0.156204, 0.169884], [0.129586, 0.239327, 0.962253]], [[-0.190966, 0.958292, -0.212624], [-0.980993, -0.178723, 0.0755652], [0.0344126, 0.223013, 0.974208]], [[-0.190966, 0.958292, -0.212624], [-0.976741, -0.207028, -0.0558234], [-0.0975144, 0.197018, 0.975538]]], "btipPosition": [43.2321, 102.047, -53.4442], "carpPosition": [35.642, 142.217, 93.8482], "dipPosition": [44.8694, 105.354, -37.065], "direction": [0.0344126, -0.223013, -0.974208], "extended": true, "handId": 88, "id": 881, "length": 57.7897, "mcpPosition": [38.5811, 120.756, 26.6996], "pipPosition": [44.052, 110.652, -13.9256], "stabilizedTipPosition": [43.086, 106.212, -49.5705], "timeVisible": 3.65972, "tipPosition": [43.645, 103.03, -49.6771], "tipVelocity": [-2.34943, -9.1744, 1.42973], "tool": false, "touchDistance": 0.325726, "touchZone": "hovering", "type": 1, "width": 19.2788}, {"bases": [[[-0.0176414, 0.984929, -0.172058], [-0.997626, -0.00588249, 0.0686147], [0.0665685, 0.17286, 0.982694]], [[-0.0181104, 0.983685, -0.178983], [-0.986169, 0.0119229, 0.165313], [0.16475, 0.179502, 0.969864]], [[-0.0181104, 0.983685, -0.178983], [-0.9961, -0.00229048, 0.0882019], [0.086353, 0.179883, 0.97989]], [[-0.0181104, 0.983685, -0.178983], [-0.997468, -0.0300877, -0.064432], [-0.068766, 0.177363, 0.98174]]], "btipPosition": [52.944, 124.334, -67.1293], "carpPosition": [39.5432, 152.704, 90.0735], "dipPosition": [54.2139, 127.609, -48.9997], "direction": [0.086353, -0.179883, -0.97989], "extended": true, "handId": 88, "id": 882, "length": 65.8467, "mcpPosition": [43.9973, 141.138, 24.3213], "pipPosition": [51.8008, 132.636, -21.6174], "stabilizedTipPosition": [51.8974, 128.273, -62.6666], "timeVisible": 3.65972, "tipPosition": [52.822, 127.233, -63.364], "tipVelocity": [5.65121, -11.2855, 1.62153], "tool": false, "touchDistance": 0.319287, "touchZone": "hovering", "type": 2, "width": 18.9344}, {"bases": [[[0.0676028, 0.997254, -0.0302504], [-0.993706, 0.0700146, 0.0874378], [0.0893156, 0.024149, 0.995711]], [[0.0624142, 0.994266, -0.0868254], [-0.980035, 0.0775096, 0.183093], [0.188773, 0.0736643, 0.979254]], [[0.0624142, 0.994266, -0.0868254], [-0.990957, 0.0720892, 0.113171], [0.118781, 0.0789767, 0.989775]], [[0.0624142, 0.994266, -0.0868254], [-0.998046, 0.0619176, -0.00840327], [-0.00297907, 0.0871802, 0.996188]]], "btipPosition": [57.4965, 155.675, -60.7043], "carpPosition": [40.6638, 164.11, 87.3424], "dipPosition": [57.5512, 157.275, -42.4136], "direction": [0.118781, -0.0789767, -0.989775], "extended": true, "handId": 88, "id": 883, "length": 63.3134, "mcpPosition": [46.0294, 162.66, 27.526], "pipPosition": [54.3177, 159.425, -15.4694], "stabilizedTipPosition": [55.7335, 158.86, -55.8969], "timeVisible": 3.65972, "tipPosition": [56.3117, 158.334, -56.6892], "tipVelocity": [8.78951, -9.95656, 1.20933], "tool": false, "touchDistance": 0.308254, "touchZone": "hovering", "type": 3, "width": 18.0173}, {"bases": [[[0.240739, 0.967977, 0.0711669], [-0.959274, 0.226128, 0.169291], [0.147777, -0.109024, 0.982993]], [[0.229622, 0.973279, 0.00108993], [-0.935473, 0.220393, 0.276256], [0.268634, -0.0644541, 0.961083]], [[0.229622, 0.973279, 0.00108993], [-0.949179, 0.223688, 0.221409], [0.215249, -0.051875, 0.97518]], [[0.229622, 0.973279, 0.00108993], [-0.964606, 0.227426, 0.133462], [0.129647, -0.0316971, 0.991053]]], "btipPosition": [58.9947, 186.371, -37.2915], "carpPosition": [35.1093, 176.534, 86.2979], "dipPosition": [56.7987, 185.834, -20.5045], "direction": [0.215249, 0.051875, -0.97518], "extended": true, "handId": 88, "id": 884, "length": 49.6365, "mcpPosition": [43.3272, 182.597, 31.6337], "pipPosition": [52.6615, 184.837, -1.7613], "stabilizedTipPosition": [57.1464, 186.8, -33.0939], "timeVisible": 3.65972, "tipPosition": [55.8205, 188.711, -33.5885], "tipVelocity": [6.97036, -9.68807, 0.629394], "tool": false, "touchDistance": -0.214528, "touchZone": "touching", "type": 4, "width": 16.0043}], "r": [[0.486978, 0.73459, 0.472473], [-0.865949, 0.47665, 0.151449], [-0.113951, -0.48289, 0.868235]], "s": 1.14898, "t": [15.7202, 17.6149, -91.5154], "timestamp": 17598041552}, {"currentFrameRate": 115.287, "devices": [], "gestures": [], "hands": [{"armBasis": [[0.110719, 0.992612, -0.049625], [-0.293846, 0.0803943, 0.952466], [0.949419, -0.0908738, 0.300576]], "armWidth": 62.7773, "confidence": 1, "direction": [0.217035, -0.165226, -0.962079], "elbow": [-230.671, 140.953, 189.037], "grabAngle": 0.106162, "grabStrength": 0, "id": 88, "palmNormal": [-0.962969, 0.125261, -0.238748], "palmPosition": [35.2958, 148.399, 46.1547], "palmVelocity": [4.75555, -6.22026, 2.92199], "palmWidth": 87.2628, "pinchDistance": 62.8758, "pinchStrength": 0, "r": [[0.487859, 0.734316, 0.471988], [-0.865447, 0.477491, 0.15167], [-0.113996, -0.482474, 0.86846]], "s": 1.14907, "sphereCenter": [147.697, 122.272, 18.2963], "sphereRadius": 120.411, "stabilizedPalmPosition": [33.9063, 152.31, 46.3728], "t": [-15.6764, 17.553, -91.5023], "timeVisible": 3.66829, "type": "left", "wrist": [15.1714, 164.483, 111.205]}], "id": 60370, "interactionBox": {"center": [0, 200, 0], "size": [235.247, 235.247, 147.751]}, "pointables": [{"bases": [[[-0.968023, 0.249375, -0.0272751], [-0.217218, -0.778842, 0.588406], [0.125491, 0.575515, 0.808105]], [[-0.973321, 0.127175, -0.19098], [-0.221727, -0.735434, 0.640292], [-0.0590233, 0.665555, 0.744011]], [[-0.973321, 0.127175, -0.19098], [-0.190022, -0.913288, 0.360272], [-0.128602, 0.386951, 0.913089]], [[-0.973321, 0.127175, -0.19098], [-0.133345, -0.990873, 0.0197546], [-0.186724, 0.0446937, 0.981395]]], "btipPosition": [2.72648, 92.8269, 11.5128], "carpPosition": [14.1553, 138.682, 100.295], "dipPosition": [7.02086, 93.8548, 34.0835], "direction": [-0.128602, -0.386951, -0.913089], "extended": true, "handId": 88, "id": 880, "length": 51.2144, "mcpPosition": [14.1553, 138.682, 100.295], "pipPosition": [11.3297, 106.82, 64.677], "stabilizedTipPosition": [1.91225, 96.6028, 16.5712], "timeVisible": 3.66829, "tipPosition": [2.09603, 95.2793, 17.0626], "tipVelocity": [11.7965, -15.5573, 6.23837], "tool": false, "touchDistance": 0.318989, "touchZone": "hovering", "type": 0, "width": 20.183}, {"bases": [[[-0.194128, 0.936639, -0.291583], [-0.980069, -0.172403, 0.0987029], [0.0421793, 0.304933, 0.951439]], [[-0.190067, 0.958288, -0.213446], [-0.973288, -0.1554, 0.168999], [0.12878, 0.239865, 0.962227]], [[-0.190067, 0.958288, -0.213446], [-0.98122, -0.178135, 0.0739927], [0.0328842, 0.223501, 0.974149]], [[-0.190067, 0.958288, -0.213446], [-0.976823, -0.206386, -0.0567575], [-0.0984421, 0.197711, 0.975305]]], "btipPosition": [43.219, 101.934, -53.3886], "carpPosition": [35.6778, 142.204, 93.8786], "dipPosition": [44.8719, 105.254, -37.0133], "direction": [0.0328842, -0.223501, -0.974149], "extended": true, "handId": 88, "id": 881, "length": 57.7897, "mcpPosition": [38.6538, 120.689, 26.7488], "pipPosition": [44.0908, 110.562, -13.8753], "stabilizedTipPosition": [43.0877, 106.2, -49.5707], "timeVisible": 3.66829, "tipPosition": [43.7519, 102.902, -49.6118], "tipVelocity": [-1.11319, -12.7982, 6.38647], "tool": false, "touchDistance": 0.326638, "touchZone": "hovering", "type": 1, "width": 19.2788}, {"bases": [[[-0.0167037, 0.9848, -0.172885], [-0.997615, -0.00483404, 0.068851], [0.0669688, 0.173623, 0.982533]], [[-0.0171893, 0.983514, -0.180011], [-0.986201, 0.0129712, 0.165043], [0.164657, 0.180364, 0.96972]], [[-0.0171893, 0.983514, -0.180011], [-0.996097, -0.00125477, 0.0882619], [0.0865809, 0.180825, 0.979697]], [[-0.0171893, 0.983514, -0.180011], [-0.99754, -0.0291063, -0.0637713], [-0.0679594, 0.178472, 0.981595]]], "btipPosition": [53.014, 124.183, -67.0811], "carpPosition": [39.5695, 152.692, 90.096], "dipPosition": [54.269, 127.479, -48.9542], "direction": [0.0865809, -0.180825, -0.979697], "extended": true, "handId": 88, "id": 882, "length": 65.8467, "mcpPosition": [44.0504, 141.075, 24.3546], "pipPosition": [51.8495, 132.532, -21.5773], "stabilizedTipPosition": [51.9049, 128.255, -62.6679], "timeVisible": 3.66829, "tipPosition": [52.91, 127.101, -63.3162], "tipVelocity": [7.76365, -17.0342, 5.54907], "tool": false, "touchDistance": 0.320079, "touchZone": "hovering", "type": 2, "width": 18.9344}, {"bases": [[[0.0685857, 0.99716, -0.0311081], [-0.993616, 0.071075, 0.0876091], [0.0895713, 0.0249008, 0.995669]], [[0.0633537, 0.994106, -0.0879693], [-0.97989, 0.0786748, 0.183376], [0.189216, 0.0745826, 0.979099]], [[0.0633537, 0.994106, -0.0879693], [-0.990791, 0.0732211, 0.113896], [0.119666, 0.0799434, 0.98959]], [[0.0633537, 0.994106, -0.0879693], [-0.997989, 0.0629422, -0.00744635], [-0.00186549, 0.0882642, 0.996095]]], "btipPosition": [57.5915, 155.53, -60.6752], "carpPosition": [40.6794, 164.097, 87.3555], "dipPosition": [57.6257, 157.15, -42.3863], "direction": [0.119666, -0.0799434, -0.98959], "extended": true, "handId": 88, "id": 883, "length": 63.3134, "mcpPosition": [46.0603, 162.601, 27.5415], "pipPosition": [54.3681, 159.327, -15.4471], "stabilizedTipPosition": [55.7461, 158.84, -55.9007], "timeVisible": 3.66829, "tipPosition": [56.3699, 158.209, -56.667], "tipVelocity": [10.5349, -16.3729, 3.3474], "tool": false, "touchDistance": 0.308732, "touchZone": "hovering", "type": 3, "width": 18.0173}, {"bases": [[[0.241717, 0.967797, 0.0702937], [-0.95901, 0.227223, 0.169323], [0.147898, -0.10834, 0.983051]], [[0.230477, 0.973078, -0.000451977], [-0.935102, 0.221611, 0.276538], [0.269193, -0.063313, 0.961003]], [[0.230477, 0.973078, -0.000451977], [-0.948714, 0.22481, 0.222265], [0.216383, -0.0507982, 0.974986]], [[0.230477, 0.973078, -0.000451977], [-0.964171, 0.22843, 0.134883], [0.131354, -0.0306515, 0.990861]]], "btipPosition": [59.075, 186.235, -37.2836], "carpPosition": [35.1128, 176.515, 86.2992], "dipPosition": [56.8501, 185.716, -20.4999], "direction": [0.216383, 0.0507982, -0.974986], "extended": true, "handId": 88, "id": 884, "length": 49.6365, "mcpPosition": [43.3374, 182.54, 31.6318], "pipPosition": [52.6911, 184.74, -1.76042], "stabilizedTipPosition": [57.1664, 186.791, -33.0985], "timeVisible": 3.66829, "tipPosition": [55.8512, 188.6, -33.5919], "tipVelocity": [8.60145, -15.3525, 0.830471], "tool": false, "touchDistance": -0.214409, "touchZone": "touching", "type": 4, "width": 16.0043}], "r": [[0.487859, 0.734316, 0.471988], [-0.865447, 0.477491, 0.15167], [-0.113996, -0.482474, 0.86846]], "s": 1.14907, "t": [15.6764, 17.553, -91.5023], "timestamp": 17598050119}, {"currentFrameRate": 115.28, "devices": [], "gestures": [], "hands": [{"armBasis": [[0.111076, 0.992538, -0.0503064], [-0.293179, 0.0810929, 0.952612], [0.949583, -0.091064, 0.299998]], "armWidth": 62.7773, "confidence": 1, "direction": [0.217371, -0.165158, -0.962015], "elbow": [-230.727, 140.867, 188.918], "grabAngle": 0.106179, "grabStrength": 0, "id": 88, "palmNormal": [-0.963106, 0.123926, -0.238893], "palmPosition": [35.3161, 148.362, 46.1963], "palmVelocity": [2.34163, -4.19831, 4.7823], "palmWidth": 87.2628, "pinchDistance": 62.8561, "pinchStrength": 0, "r": [[0.488771, 0.733989, 0.471555], [-0.864913, 0.478401, 0.151845], [-0.11414, -0.482072, 0.868665]], "s": 1.14912, "sphereCenter": [146.993, 122.46, 18.2638], "sphereRadius": 119.728, "stabilizedPalmPosition": [33.9102, 152.299, 46.3723], "t": [-15.6444, 17.5039, -91.475], "timeVisible": 3.67697, "type": "left", "wrist": [15.1583, 164.447, 111.236]}], "id": 60371, "interactionBox": {"center": [0, 200, 0], "size": [235.247, 235.247, 147.751]}, "pointables": [{"bases": [[[-0.967694, 0.250655, -0.0272157], [-0.218183, -0.778417, 0.588611], [0.126353, 0.575533, 0.807958]], [[-0.973158, 0.128297, -0.191057], [-0.222601, -0.735454, 0.639966], [-0.0584079, 0.665318, 0.744272]], [[-0.973158, 0.128297, -0.191057], [-0.191205, -0.91276, 0.360985], [-0.128076, 0.387826, 0.912791]], [[-0.973158, 0.128297, -0.191057], [-0.134895, -0.990618, 0.0218828], [-0.186457, 0.047068, 0.981335]]], "btipPosition": [2.80647, 92.7021, 11.5529], "carpPosition": [14.1821, 138.63, 100.336], "dipPosition": [7.0947, 93.7846, 34.1222], "direction": [-0.128076, -0.387826, -0.912791], "extended": true, "handId": 88, "id": 880, "length": 51.2144, "mcpPosition": [14.1821, 138.63, 100.336], "pipPosition": [11.3859, 106.779, 64.7057], "stabilizedTipPosition": [1.92375, 96.5804, 16.5723], "timeVisible": 3.67697, "tipPosition": [2.19423, 95.1869, 17.1115], "tipVelocity": [9.04548, -12.9142, 4.57763], "tool": false, "touchDistance": 0.319652, "touchZone": "hovering", "type": 0, "width": 20.183}, {"bases": [[[-0.192918, 0.93683, -0.291775], [-0.980285, -0.171077, 0.0988605], [0.0426995, 0.305095, 0.951364]], [[-0.188824, 0.958469, -0.213733], [-0.973617, -0.154326, 0.168088], [0.128122, 0.239833, 0.962323]], [[-0.188824, 0.958469, -0.213733], [-0.981517, -0.177304, 0.0720219], [0.031135, 0.223382, 0.974234]], [[-0.188824, 0.958469, -0.213733], [-0.976922, -0.205471, -0.0583492], [-0.0998419, 0.197783, 0.975148]]], "btipPosition": [43.1857, 101.901, -53.3437], "carpPosition": [35.7006, 142.179, 93.9216], "dipPosition": [44.8621, 105.222, -36.9711], "direction": [0.031135, -0.223382, -0.974234], "extended": true, "handId": 88, "id": 881, "length": 57.7897, "mcpPosition": [38.7134, 120.653, 26.7971], "pipPosition": [44.1225, 110.527, -13.831], "stabilizedTipPosition": [43.0891, 106.19, -49.5707], "timeVisible": 3.67697, "tipPosition": [43.8421, 102.854, -49.559], "tipVelocity": [-3.21229, -3.81853, 5.09621], "tool": false, "touchDistance": 0.327375, "touchZone": "hovering", "type": 1, "width": 19.2788}, {"bases": [[[-0.0154152, 0.984782, -0.173109], [-0.997612, -0.00349185, 0.0689722], [0.0673181, 0.173759, 0.982485]], [[-0.0159154, 0.983463, -0.18041], [-0.98623, 0.0142642, 0.164761], [0.16461, 0.180548, 0.969694]], [[-0.0159154, 0.983463, -0.18041], [-0.996107, 5.10225e-05, 0.0881526], [0.086704, 0.181111, 0.979633]], [[-0.0159154, 0.983463, -0.18041], [-0.997599, -0.0277823, -0.0634429], [-0.0674059, 0.178967, 0.981543]]], "btipPosition": [53.0581, 124.127, -67.0329], "carpPosition": [39.5788, 152.671, 90.137], "dipPosition": [54.3029, 127.432, -48.9069], "direction": [0.086704, -0.181111, -0.979633], "extended": true, "handId": 88, "id": 882, "length": 65.8467, "mcpPosition": [44.083, 141.045, 24.3989], "pipPosition": [51.88, 132.493, -21.5318], "stabilizedTipPosition": [51.9119, 128.239, -62.6689], "timeVisible": 3.67697, "tipPosition": [52.9726, 127.059, -63.2669], "tipVelocity": [4.80839, -6.16657, 5.53], "tool": false, "touchDistance": 0.32088, "touchZone": "hovering", "type": 2, "width": 18.9344}, {"bases": [[[0.0699076, 0.997061, -0.031345], [-0.99351, 0.0724161, 0.0877124], [0.0897245, 0.0250098, 0.995653]], [[0.0646421, 0.993981, -0.0884451], [-0.979726, 0.0800564, 0.183651], [0.189626, 0.0747805, 0.979005]], [[0.0646421, 0.993981, -0.0884451], [-0.99063, 0.0746031, 0.114395], [0.120305, 0.0802217, 0.98949]], [[0.0646421, 0.993981, -0.0884451], [-0.997908, 0.0642933, -0.00678994], [-0.00106265, 0.088699, 0.996058]]], "btipPosition": [57.6453, 155.479, -60.6281], "carpPosition": [40.6739, 164.077, 87.394], "dipPosition": [57.6648, 157.108, -42.3398], "direction": [0.120305, -0.0802217, -0.98949], "extended": true, "handId": 88, "id": 883, "length": 63.3134, "mcpPosition": [46.064, 162.575, 27.5811], "pipPosition": [54.3898, 159.291, -15.4034], "stabilizedTipPosition": [55.7579, 158.822, -55.904], "timeVisible": 3.67697, "tipPosition": [56.3924, 158.171, -56.6248], "tipVelocity": [5.80346, -5.62302, 5.40762], "tool": false, "touchDistance": 0.309514, "touchZone": "hovering", "type": 3, "width": 18.0173}, {"bases": [[[0.243012, 0.967491, 0.0700427], [-0.958686, 0.228537, 0.169386], [0.147872, -0.108312, 0.983058]], [[0.231692, 0.972788, -0.00116826], [-0.934686, 0.22295, 0.276868], [0.269595, -0.0630564, 0.960907]], [[0.231692, 0.972788, -0.00116826], [-0.948235, 0.226112, 0.222986], [0.217183, -0.0505564, 0.974821]], [[0.231692, 0.972788, -0.00116826], [-0.963724, 0.229697, 0.135923], [0.132492, -0.0303664, 0.990719]]], "btipPosition": [59.1003, 186.188, -37.24], "carpPosition": [35.091, 176.487, 86.3343], "dipPosition": [56.8561, 185.673, -20.4588], "direction": [0.217183, 0.0505564, -0.974821], "extended": true, "handId": 88, "id": 884, "length": 49.6365, "mcpPosition": [43.3141, 182.511, 31.6664], "pipPosition": [52.6818, 184.702, -1.72241], "stabilizedTipPosition": [57.1839, 186.782, -33.102], "timeVisible": 3.67697, "tipPosition": [55.8364, 188.565, -33.5566], "tipVelocity": [2.40186, -5.34366, 4.95551], "tool": false, "touchDistance": -0.213692, "touchZone": "touching", "type": 4, "width": 16.0043}], "r": [[0.488771, 0.733989, 0.471555], [-0.864913, 0.478401, 0.151845], [-0.11414, -0.482072, 0.868665]], "s": 1.14912, "t": [15.6444, 17.5039, -91.475], "timestamp": 17598058805}, {"currentFrameRate": 115.266, "devices": [], "gestures": [], "hands": [{"armBasis": [[0.11158, 0.992432, -0.0512761], [-0.292651, 0.0821256, 0.952686], [0.949687, -0.0912948, 0.299599]], "armWidth": 62.7773, "confidence": 1, "direction": [0.217385, -0.165539, -0.961946], "elbow": [-230.731, 140.817, 188.834], "grabAngle": 0.106038, "grabStrength": 0, "id": 88, "palmNormal": [-0.963275, 0.122762, -0.238811], "palmPosition": [35.3499, 148.345, 46.2278], "palmVelocity": [3.88289, -2.02971, 3.62755], "palmWidth": 87.2628, "pinchDistance": 62.8378, "pinchStrength": 0, "r": [[0.489638, 0.733682, 0.471131], [-0.86439, 0.47933, 0.151896], [-0.114384, -0.481615, 0.868886]], "s": 1.14908, "sphereCenter": [146.427, 122.658, 18.2115], "sphereRadius": 119.16, "stabilizedPalmPosition": [33.9139, 152.289, 46.3719], "t": [-15.6115, 17.4705, -91.4455], "timeVisible": 3.68567, "type": "left", "wrist": [15.1809, 164.457, 111.256]}], "id": 60372, "interactionBox": {"center": [0, 200, 0], "size": [235.247, 235.247, 147.751]}, "pointables": [{"bases": [[[-0.967425, 0.251656, -0.0275355], [-0.219099, -0.777814, 0.589068], [0.126825, 0.575912, 0.807614]], [[-0.972986, 0.129153, -0.191358], [-0.223454, -0.735166, 0.639999], [-0.0580224, 0.66547, 0.744166]], [[-0.972986, 0.129153, -0.191358], [-0.192213, -0.912309, 0.361589], [-0.127878, 0.388603, 0.912489]], [[-0.972986, 0.129153, -0.191358], [-0.136093, -0.990417, 0.0235206], [-0.186487, 0.0489276, 0.981238]]], "btipPosition": [2.88386, 92.6205, 11.6116], "carpPosition": [14.2351, 138.624, 100.377], "dipPosition": [7.17278, 93.7458, 34.1786], "direction": [-0.127878, -0.388603, -0.912489], "extended": true, "handId": 88, "id": 880, "length": 51.2144, "mcpPosition": [14.2351, 138.624, 100.377], "pipPosition": [11.4574, 106.766, 64.752], "stabilizedTipPosition": [1.93504, 96.559, 16.5736], "timeVisible": 3.68567, "tipPosition": [2.28095, 95.1135, 17.1818], "tipVelocity": [8.91429, -8.25189, 6.68444], "tool": false, "touchDistance": 0.320621, "touchZone": "hovering", "type": 0, "width": 20.183}, {"bases": [[[-0.191884, 0.936847, -0.292401], [-0.980481, -0.169983, 0.0988059], [0.0428629, 0.305653, 0.951178]], [[-0.187763, 0.958601, -0.214078], [-0.973925, -0.153445, 0.167108], [0.127341, 0.239872, 0.962417]], [[-0.187763, 0.958601, -0.214078], [-0.981766, -0.176578, 0.0703985], [0.0296825, 0.223393, 0.974277]], [[-0.187763, 0.958601, -0.214078], [-0.976981, -0.204741, -0.059904], [-0.101255, 0.197902, 0.974978]]], "btipPosition": [43.1542, 101.871, -53.2973], "carpPosition": [35.7488, 142.192, 93.957], "dipPosition": [44.8543, 105.193, -36.9275], "direction": [0.0296825, -0.223393, -0.974277], "extended": true, "handId": 88, "id": 881, "length": 57.7897, "mcpPosition": [38.7731, 120.626, 26.8457], "pipPosition": [44.1493, 110.499, -13.7864], "stabilizedTipPosition": [43.0902, 106.182, -49.5706], "timeVisible": 3.68567, "tipPosition": [43.9054, 102.783, -49.5002], "tipVelocity": [-2.99376, -3.42722, 5.26131], "tool": false, "touchDistance": 0.328138, "touchZone": "hovering", "type": 1, "width": 19.2788}, {"bases": [[[-0.0143506, 0.984688, -0.173736], [-0.997627, -0.00239874, 0.0688086], [0.0673382, 0.174311, 0.982386]], [[-0.0148528, 0.983359, -0.181064], [-0.986305, 0.0153393, 0.164215], [0.16426, 0.181024, 0.969664]], [[-0.0148528, 0.983359, -0.181064], [-0.996135, 0.00112643, 0.0878314], [0.0865738, 0.181669, 0.979541]], [[-0.0148528, 0.983359, -0.181064], [-0.997643, -0.0267064, -0.0632049], [-0.0669887, 0.179699, 0.981438]]], "btipPosition": [53.0835, 124.053, -66.9922], "carpPosition": [39.6153, 152.686, 90.1651], "dipPosition": [54.3205, 127.372, -48.8682], "direction": [0.0865737, -0.181669, -0.979541], "extended": true, "handId": 88, "id": 882, "length": 65.8467, "mcpPosition": [44.1209, 141.023, 24.4336], "pipPosition": [51.9013, 132.448, -21.4957], "stabilizedTipPosition": [51.9187, 128.223, -62.6696], "timeVisible": 3.68567, "tipPosition": [53.011, 126.988, -63.2243], "tipVelocity": [2.71245, -8.13524, 4.62036], "tool": false, "touchDistance": 0.32155, "touchZone": "hovering", "type": 2, "width": 18.9344}, {"bases": [[[0.0709617, 0.996967, -0.0319654], [-0.993448, 0.0735168, 0.0875014], [0.0895859, 0.0255467, 0.995651]], [[0.0656797, 0.993836, -0.0893047], [-0.979647, 0.0812359, 0.183555], [0.189678, 0.0754313, 0.978944]], [[0.0656797, 0.993836, -0.0893047], [-0.990529, 0.0757511, 0.114512], [0.120572, 0.0809378, 0.9894]], [[0.0656797, 0.993836, -0.0893047], [-0.997841, 0.065366, -0.00643612], [-0.000558963, 0.0895346, 0.995984]]], "btipPosition": [57.6798, 155.397, -60.6008], "carpPosition": [40.698, 164.091, 87.4147], "dipPosition": [57.6901, 157.041, -42.3139], "direction": [0.120572, -0.0809378, -0.9894], "extended": true, "handId": 88, "id": 883, "length": 63.3134, "mcpPosition": [46.0798, 162.557, 27.6019], "pipPosition": [54.4078, 159.245, -15.38], "stabilizedTipPosition": [55.7696, 158.803, -55.907], "timeVisible": 3.68567, "tipPosition": [56.4014, 158.106, -56.6025], "tipVelocity": [3.72866, -8.97088, 3.09551], "tool": false, "touchDistance": 0.309963, "touchZone": "hovering", "type": 3, "width": 18.0173}, {"bases": [[[0.244018, 0.967279, 0.0694699], [-0.958473, 0.229653, 0.169082], [0.147595, -0.107844, 0.983151]], [[0.232613, 0.972567, -0.00236218], [-0.934432, 0.224164, 0.276743], [0.269681, -0.0621667, 0.960941]], [[0.232613, 0.972567, -0.00236218], [-0.947879, 0.227251, 0.223343], [0.217753, -0.0497134, 0.974737]], [[0.232613, 0.972567, -0.00236218], [-0.963355, 0.230742, 0.136767], [0.13356, -0.0295382, 0.9906]]], "btipPosition": [59.1278, 186.108, -37.229], "carpPosition": [35.1018, 176.495, 86.348], "dipPosition": [56.8655, 185.608, -20.4497], "direction": [0.217753, 0.0497134, -0.974737], "extended": true, "handId": 88, "id": 884, "length": 49.6365, "mcpPosition": [43.3096, 182.492, 31.675], "pipPosition": [52.6802, 184.652, -1.715], "stabilizedTipPosition": [57.2016, 186.772, -33.1053], "timeVisible": 3.68567, "tipPosition": [55.8247, 188.509, -33.5532], "tipVelocity": [2.6795, -8.78201, 1.21435], "tool": false, "touchDistance": -0.213516, "touchZone": "touching", "type": 4, "width": 16.0043}], "r": [[0.489638, 0.733682, 0.471131], [-0.86439, 0.47933, 0.151896], [-0.114384, -0.481615, 0.868886]], "s": 1.14908, "t": [15.6115, 17.4705, -91.4455], "timestamp": 17598067505}, {"currentFrameRate": 115.236, "devices": [], "gestures": [], "hands": [{"armBasis": [[0.111699, 0.99239, -0.0518134], [-0.292381, 0.0826514, 0.952723], [0.949756, -0.0912687, 0.299388]], "armWidth": 62.7773, "confidence": 1, "direction": [0.218015, -0.165827, -0.961754], "elbow": [-230.756, 140.788, 188.777], "grabAngle": 0.106103, "grabStrength": 0, "id": 88, "palmNormal": [-0.963216, 0.122086, -0.239396], "palmPosition": [35.3869, 148.288, 46.2416], "palmVelocity": [4.23444, -6.5216, 1.57733], "palmWidth": 87.2628, "pinchDistance": 62.8174, "pinchStrength": 0, "r": [[0.490471, 0.733419, 0.470674], [-0.863897, 0.480188, 0.151989], [-0.11454, -0.481161, 0.869117]], "s": 1.14899, "sphereCenter": [145.546, 122.887, 18.1606], "sphereRadius": 118.288, "stabilizedPalmPosition": [33.918, 152.278, 46.3716], "t": [-15.5765, 17.4253, -91.4239], "timeVisible": 3.6944, "type": "left", "wrist": [15.1744, 164.421, 111.253]}], "id": 60373, "interactionBox": {"center": [0, 200, 0], "size": [235.247, 235.247, 147.751]}, "pointables": [{"bases": [[[-0.96729, 0.252219, -0.0271105], [-0.219235, -0.777428, 0.589526], [0.127613, 0.576187, 0.807294]], [[-0.973012, 0.129628, -0.190902], [-0.223514, -0.735046, 0.640116], [-0.0573448, 0.66551, 0.744183]], [[-0.973012, 0.129628, -0.190902], [-0.192567, -0.911977, 0.362238], [-0.127142, 0.389223, 0.912327]], [[-0.973012, 0.129628, -0.190902], [-0.136847, -0.990275, 0.0250735], [-0.185795, 0.0505213, 0.981289]]], "btipPosition": [2.96967, 92.5152, 11.6213], "carpPosition": [14.2479, 138.578, 100.384], "dipPosition": [7.24269, 93.6771, 34.1895], "direction": [-0.127142, -0.389223, -0.912327], "extended": true, "handId": 88, "id": 880, "length": 51.2144, "mcpPosition": [14.2479, 138.578, 100.384], "pipPosition": [11.5027, 106.718, 64.7575], "stabilizedTipPosition": [1.94724, 96.5361, 16.575], "timeVisible": 3.6944, "tipPosition": [2.36707, 95.0222, 17.2001], "tipVelocity": [9.4113, -11.1022, 1.14973], "tool": false, "touchDistance": 0.320789, "touchZone": "hovering", "type": 0, "width": 20.183}, {"bases": [[[-0.191489, 0.936834, -0.292701], [-0.980527, -0.169357, 0.0994211], [0.0435699, 0.30604, 0.951021]], [[-0.187298, 0.958671, -0.21417], [-0.974054, -0.153061, 0.166705], [0.127034, 0.239837, 0.962466]], [[-0.187298, 0.958671, -0.21417], [-0.981879, -0.176311, 0.0694793], [0.0288473, 0.223303, 0.974322]], [[-0.187298, 0.958671, -0.21417], [-0.977009, -0.204413, -0.0605731], [-0.101849, 0.197901, 0.974916]]], "btipPosition": [43.1756, 101.811, -53.2717], "carpPosition": [35.7631, 142.156, 93.9736], "dipPosition": [44.8856, 105.134, -36.903], "direction": [0.0288473, -0.223303, -0.974322], "extended": true, "handId": 88, "id": 881, "length": 57.7897, "mcpPosition": [38.8372, 120.563, 26.8734], "pipPosition": [44.2004, 110.438, -13.7608], "stabilizedTipPosition": [43.0914, 106.172, -49.5705], "timeVisible": 3.6944, "tipPosition": [44.0193, 102.689, -49.4622], "tipVelocity": [2.70778, -6.83455, 2.90085], "tool": false, "touchDistance": 0.32856, "touchZone": "hovering", "type": 1, "width": 19.2788}, {"bases": [[[-0.0138618, 0.984621, -0.174155], [-0.99759, -0.00177622, 0.0693605], [0.0679844, 0.174697, 0.982272]], [[-0.0143681, 0.983291, -0.181472], [-0.986288, 0.0159043, 0.164266], [0.164408, 0.181343, 0.96958]], [[-0.0143681, 0.983291, -0.181472], [-0.996123, 0.00167783, 0.0879598], [0.0867946, 0.182032, 0.979455]], [[-0.0143681, 0.983291, -0.181472], [-0.997694, -0.0261382, -0.0626352], [-0.066332, 0.180153, 0.981399]]], "btipPosition": [53.1621, 123.959, -66.9633], "carpPosition": [39.6254, 152.651, 90.1794], "dipPosition": [54.387, 127.285, -48.84], "direction": [0.0867946, -0.182032, -0.979455], "extended": true, "handId": 88, "id": 882, "length": 65.8467, "mcpPosition": [44.1743, 140.962, 24.4554], "pipPosition": [51.9616, 132.372, -21.4699], "stabilizedTipPosition": [51.926, 128.206, -62.6702], "timeVisible": 3.6944, "tipPosition": [53.1219, 126.889, -63.1905], "tipVelocity": [8.69094, -10.6453, 3.2986], "tool": false, "touchDistance": 0.32203, "touchZone": "hovering", "type": 2, "width": 18.9344}, {"bases": [[[0.0715361, 0.99691, -0.0324372], [-0.993356, 0.0741449, 0.088018], [0.0901511, 0.0259253, 0.995591]], [[0.0662092, 0.993748, -0.089892], [-0.979497, 0.081909, 0.184058], [0.19027, 0.0758626, 0.978796]], [[0.0662092, 0.993748, -0.089892], [-0.990415, 0.0763964, 0.115074], [0.121222, 0.0814114, 0.989281]], [[0.0662092, 0.993748, -0.089892], [-0.997806, 0.0659718, -0.00561281], [0.000352608, 0.0900663, 0.995936]]], "btipPosition": [57.7791, 155.297, -60.5767], "carpPosition": [40.7028, 164.055, 87.4246], "dipPosition": [57.7726, 156.951, -42.2907], "direction": [0.121222, -0.0814114, -0.989281], "extended": true, "handId": 88, "id": 883, "length": 63.3134, "mcpPosition": [46.1186, 162.498, 27.6154], "pipPosition": [54.4726, 159.167, -15.3599], "stabilizedTipPosition": [55.7821, 158.784, -55.9099], "timeVisible": 3.6944, "tipPosition": [56.4904, 158.015, -56.5811], "tipVelocity": [10.9281, -11.2246, 2.74203], "tool": false, "touchDistance": 0.310362, "touchZone": "hovering", "type": 3, "width": 18.0173}, {"bases": [[[0.24463, 0.967164, 0.0689153], [-0.958243, 0.230295, 0.169511], [0.148074, -0.107505, 0.983116]], [[0.233118, 0.972443, -0.00333792], [-0.934091, 0.224876, 0.277317], [0.270426, -0.0615296, 0.960773]], [[0.233118, 0.972443, -0.00333792], [-0.947521, 0.227913, 0.224188], [0.218771, -0.0490994, 0.97454]], [[0.233118, 0.972443, -0.00333792], [-0.963044, 0.231338, 0.137946], [0.134917, -0.0289431, 0.990434]]], "btipPosition": [59.221, 186.005, -37.2132], "carpPosition": [35.0999, 176.455, 86.3494], "dipPosition": [56.9357, 185.515, -20.4367], "direction": [0.218771, 0.0490994, -0.97454], "extended": true, "handId": 88, "id": 884, "length": 49.6365, "mcpPosition": [43.3343, 182.434, 31.6784], "pipPosition": [52.7308, 184.572, -1.7058], "stabilizedTipPosition": [57.221, 186.761, -33.1086], "timeVisible": 3.6944, "tipPosition": [55.8888, 188.423, -33.5451], "tipVelocity": [10.0663, -11.4812, 1.73572], "tool": false, "touchDistance": -0.213263, "touchZone": "touching", "type": 4, "width": 16.0043}], "r": [[0.490471, 0.733419, 0.470674], [-0.863897, 0.480188, 0.151989], [-0.11454, -0.481161, 0.869117]], "s": 1.14899, "t": [15.5765, 17.4253, -91.4239], "timestamp": 17598076234}, {"currentFrameRate": 115.281, "devices": [], "gestures": [], "hands": [{"armBasis": [[0.111782, 0.992363, -0.0521598], [-0.292094, 0.0829814, 0.952783], [0.949835, -0.0912679, 0.299139]], "armWidth": 62.7773, "confidence": 1, "direction": [0.218268, -0.165717, -0.961716], "elbow": [-230.78, 140.769, 188.732], "grabAngle": 0.106319, "grabStrength": 0, "id": 88, "palmNormal": [-0.963287, 0.121275, -0.239522], "palmPosition": [35.4055, 148.271, 46.2667], "palmVelocity": [2.16477, -1.94062, 2.91615], "palmWidth": 87.2628, "pinchDistance": 62.8118, "pinchStrength": 0, "r": [[0.491269, 0.733134, 0.470286], [-0.86342, 0.481019, 0.152078], [-0.114723, -0.480766, 0.869312]], "s": 1.14891, "sphereCenter": [144.735, 123.094, 18.0905], "sphereRadius": 117.517, "stabilizedPalmPosition": [33.9215, 152.269, 46.3713], "t": [-15.5498, 17.3944, -91.4006], "timeVisible": 3.703, "type": "left", "wrist": [15.1705, 164.402, 111.273]}], "id": 60374, "interactionBox": {"center": [0, 200, 0], "size": [235.247, 235.247, 147.751]}, "pointables": [{"bases": [[[-0.967086, 0.253013, -0.0270115], [-0.219804, -0.777205, 0.589609], [0.128185, 0.57614, 0.807237]], [[-0.972911, 0.130265, -0.190986], [-0.22403, -0.735134, 0.639835], [-0.0570521, 0.665289, 0.744403]], [[-0.972911, 0.130265, -0.190986], [-0.19326, -0.911651, 0.362689], [-0.126867, 0.389774, 0.91213]], [[-0.972911, 0.130265, -0.190986], [-0.13778, -0.990107, 0.0265535], [-0.185637, 0.0521482, 0.981234]]], "btipPosition": [3.01659, 92.4397, 11.6419], "carpPosition": [14.268, 138.548, 100.407], "dipPosition": [7.28598, 93.639, 34.2088], "direction": [-0.126867, -0.389774, -0.91213], "extended": true, "handId": 88, "id": 880, "length": 51.2144, "mcpPosition": [14.268, 138.548, 100.407], "pipPosition": [11.5367, 106.699, 64.7702], "stabilizedTipPosition": [1.95948, 96.5133, 16.5766], "timeVisible": 3.703, "tipPosition": [2.43635, 94.9715, 17.2242], "tipVelocity": [5.36039, -7.7773, 2.35472], "tool": false, "touchDistance": 0.321126