{"frames": 51, "data": [{"currentFrameRate": 113.559, "devices": [], "gestures": [], "hands": [{"armBasis": [[0.97135, 0.213392, -0.104612], [0.0306694, 0.323949, 0.945577], [0.235667, -0.921695, 0.308123]], "armWidth": 50.6296, "confidence": 1, "direction": [-0.122968, 0.407092, -0.905072], "elbow": [-113.424, -49.3318, 248.278], "grabAngle": 2.82216, "grabStrength": 0.0958537, "id": 74, "palmNormal": [0.171846, -0.889482, -0.423427], "palmPosition": [-58.8119, 184.193, 126.195], "palmVelocity": [82.4978, -62.3449, -44.1681], "palmWidth": 74.6866, "pinchDistance": 35.2894, "pinchStrength": 0.476885, "r": [[0.534918, -0.631848, 0.56092], [0.844585, 0.418126, -0.334435], [-0.0232231, 0.652639, 0.757313]], "s": 1.38768, "sphereCenter": [-74.8879, 149.366, 100.035], "sphereRadius": 43.923, "stabilizedPalmPosition": [-56.3408, 185.764, 126.956], "t": [-43.3776, 7.78486, -36.1846], "timeVisible": 3.52955, "type": "left", "wrist": [-61.1947, 154.936, 179.991]}], "id": 50565, "interactionBox": {"center": [0, 200, 0], "size": [235.247, 235.247, 147.751]}, "pointables": [{"bases": [[[0.98419, -0.136302, -0.113102], [0.163582, 0.944343, 0.285408], [0.0679058, -0.299397, 0.951709]], [[0.965858, -0.212219, 0.148595], [0.235497, 0.958249, -0.16217], [-0.107975, 0.191627, 0.97551]], [[0.965858, -0.212219, 0.148595], [0.241472, 0.945236, -0.219591], [-0.093856, 0.247975, 0.964209]], [[0.965858, -0.212219, 0.148595], [0.256567, 0.863083, -0.435041], [-0.0359257, 0.458313, 0.888065]]], "btipPosition": [-47.6928, 180.388, 41.951], "carpPosition": [-45.6548, 180.31, 165.034], "dipPosition": [-47.1918, 186.779, 54.335], "direction": [-0.093856, -0.247975, -0.964209], "extended": true, "handId": 74, "id": 741, "length": 47.9972, "mcpPosition": [-41.5541, 198.39, 107.562], "pipPosition": [-45.3403, 191.671, 73.3562], "stabilizedTipPosition": [-47.72, 184.979, 44.163], "timeVisible": 3.52955, "tipPosition": [-48.9541, 185.884, 44.0625], "tipVelocity": [109.702, -141.647, -37.1823], "tool": false, "touchDistance": 0.295043, "touchZone": "hovering", "type": 1, "width": 15.1461}, {"bases": [[[0.571009, 0.791476, 0.217979], [-0.757759, 0.405991, 0.510855], [0.315832, -0.456878, 0.831572]], [[0.457437, 0.888806, -0.0278356], [-0.858691, 0.44964, 0.245915], [0.231087, -0.0885885, 0.968892]], [[0.457437, 0.888806, -0.0278356], [-0.879758, 0.447777, -0.159754], [-0.129526, 0.0975661, 0.986764]], [[0.457437, 0.888806, -0.0278356], [-0.75082, 0.36927, -0.54764], [-0.476467, 0.27141, 0.836251]]], "btipPosition": [-38.5832, 159.564, 82.7941], "carpPosition": [-35.346, 163.833, 165.926], "dipPosition": [-29.482, 164.748, 98.7677], "direction": [-0.129526, -0.0975661, -0.986764], "extended": false, "handId": 74, "id": 740, "length": 42.5361, "mcpPosition": [-35.346, 163.833, 165.926], "pipPosition": [-25.8775, 167.463, 126.227], "stabilizedTipPosition": [-36.8814, 160.201, 86.535], "timeVisible": 3.52955, "tipPosition": [-37.0824, 162.412, 86.3993], "tipVelocity": [137.042, -69.1887, -15.4791], "tool": false, "touchDistance": 0.27773, "touchZone": "hovering", "type": 0, "width": 15.8565}, {"bases": [[[0.941912, -0.334475, -0.0304701], [0.329068, 0.900902, 0.283003], [-0.0672071, -0.276591, 0.958635]], [[0.941429, -0.336364, -0.0238947], [0.130764, 0.429465, -0.893566], [0.310826, 0.838104, 0.448295]], [[0.941429, -0.336364, -0.0238947], [-0.278057, -0.73424, -0.619335], [0.190778, 0.589704, -0.784763]], [[0.941429, -0.336364, -0.0238947], [-0.335345, -0.941309, 0.0384909], [-0.0354392, -0.0282235, -0.998973]]], "btipPosition": [-43.4274, 150.027, 124.843], "carpPosition": [-55.6908, 180.412, 163.841], "dipPosition": [-42.8839, 149.594, 109.521], "direction": [0.190778, -0.589704, 0.784763], "extended": false, "handId": 74, "id": 742, "length": 54.689, "mcpPosition": [-59.5395, 196.251, 108.943], "pipPosition": [-47.3117, 163.28, 91.3073], "stabilizedTipPosition": [-43.6095, 150.883, 123.299], "timeVisible": 3.52955, "tipPosition": [-43.5715, 150.815, 121.796], "tipVelocity": [108.169, -53.1458, -11.3274], "tool": false, "touchDistance": 0.855312, "touchZone": "none", "type": 2, "width": 14.8755}, {"bases": [[[0.894251, -0.438488, 0.0896863], [0.393212, 0.865426, 0.310518], [-0.213775, -0.242415, 0.946327]], [[0.90546, -0.423163, 0.0327793], [0.206811, 0.37244, -0.90472], [0.370635, 0.825967, 0.424745]], [[0.90546, -0.423163, 0.0327793], [-0.337704, -0.765073, -0.548287], [0.257093, 0.485383, -0.835647]], [[0.90546, -0.423163, 0.0327793], [-0.42435, -0.901082, 0.0893199], [-0.00825997, -0.0947855, -0.995463]]], "btipPosition": [-57.2197, 150.723, 133.028], "carpPosition": [-65.4307, 177.908, 163.099], "dipPosition": [-57.0937, 149.277, 117.848], "direction": [0.257093, -0.485383, 0.835647], "extended": false, "handId": 74, "id": 743, "length": 52.5849, "mcpPosition": [-76.4223, 190.372, 114.443], "pipPosition": [-62.9065, 160.252, 98.9538], "stabilizedTipPosition": [-57.7033, 152.476, 130.91], "timeVisible": 3.52955, "tipPosition": [-56.932, 150.972, 128.803], "tipVelocity": [104.03, -55.5191, -13.4964], "tool": false, "touchDistance": 0.992271, "touchZone": "none", "type": 3, "width": 14.155}, {"bases": [[[0.786153, -0.600524, 0.146063], [0.507072, 0.761851, 0.403065], [-0.353328, -0.242807, 0.90344]], [[0.81678, -0.574073, 0.0575384], [0.320359, 0.368325, -0.872758], [0.479834, 0.731284, 0.48475]], [[0.81678, -0.574073, 0.0575384], [-0.419959, -0.659949, -0.622978], [0.395607, 0.484672, -0.78012]], [[0.81678, -0.574073, 0.0575384], [-0.573293, -0.818767, -0.0308975], [0.0648479, -0.00774992, -0.997865]]], "btipPosition": [-69.416, 152.468, 132.126], "carpPosition": [-73.6744, 169.644, 162.624], "dipPosition": [-70.3283, 152.359, 118.088], "direction": [0.395607, -0.484672, 0.78012], "extended": false, "handId": 74, "id": 744, "length": 41.2256, "mcpPosition": [-90.4912, 181.2, 119.624], "pipPosition": [-76.6436, 160.096, 105.635], "stabilizedTipPosition": [-70.5533, 154.763, 129.776], "timeVisible": 3.52955, "tipPosition": [-69.3051, 153.444, 127.835], "tipVelocity": [102.794, -64.7952, -18.0969], "tool": false, "touchDistance": 0.981628, "touchZone": "none", "type": 4, "width": 12.5735}], "r": [[0.534918, -0.631848, 0.56092], [0.844585, 0.418126, -0.334435], [-0.0232231, 0.652639, 0.757313]], "s": 1.38768, "t": [43.3776, 7.78486, -36.1846], "timestamp": 17511546530}, {"currentFrameRate": 113.631, "devices": [], "gestures": [], "hands": [{"armBasis": [[0.970683, 0.213918, -0.109606], [0.0346978, 0.326517, 0.944554], [0.237846, -0.920666, 0.309522]], "armWidth": 50.6296, "confidence": 1, "direction": [-0.12347, 0.396514, -0.909688], "elbow": [-113.039, -49.231, 248.333], "grabAngle": 2.82068, "grabStrength": 0.0917607, "id": 74, "palmNormal": [0.180573, -0.892421, -0.413496], "palmPosition": [-57.9269, 183.552, 125.688], "palmVelocity": [101.98, -73.8706, -58.48], "palmWidth": 74.6866, "pinchDistance": 35.5653, "pinchStrength": 0.4757, "r": [[0.533567, -0.631111, 0.563032], [0.845491, 0.414746, -0.33635], [-0.0212415, 0.655504, 0.754893]], "s": 1.38801, "sphereCenter": [-73.7061, 148.261, 99.8098], "sphereRadius": 44.0286, "stabilizedPalmPosition": [-56.365, 185.731, 126.937], "t": [-42.6627, 7.26037, -36.575], "timeVisible": 3.53823, "type": "left", "wrist": [-60.3274, 154.809, 179.736]}], "id": 50566, "interactionBox": {"center": [0, 200, 0], "size": [235.247, 235.247, 147.751]}, "pointables": [{"bases": [[[0.982659, -0.145687, -0.114699], [0.172327, 0.945894, 0.274932], [0.068439, -0.28993, 0.954598]], [[0.964555, -0.218662, 0.147717], [0.242623, 0.955002, -0.170605], [-0.103765, 0.200397, 0.974204]], [[0.964555, -0.218662, 0.147717], [0.248646, 0.940575, -0.231286], [-0.0883652, 0.259817, 0.961606]], [[0.964555, -0.218662, 0.147717], [0.262105, 0.85873, -0.440322], [-0.0305674, 0.463432, 0.885605]]], "btipPosition": [-46.5366, 179.081, 41.4798], "carpPosition": [-44.8615, 180.188, 164.605], "dipPosition": [-46.1103, 185.544, 53.8294], "direction": [-0.0883652, -0.259817, -0.961606], "extended": true, "handId": 74, "id": 741, "length": 47.9972, "mcpPosition": [-40.7286, 197.696, 106.96], "pipPosition": [-44.3671, 190.669, 72.7993], "stabilizedTipPosition": [-47.6315, 184.674, 44.1738], "timeVisible": 3.53823, "tipPosition": [-47.8116, 184.431, 43.5785], "tipVelocity": [131.256, -148.698, -55.2146], "tool": false, "touchDistance": 0.291245, "touchZone": "hovering", "type": 1, "width": 15.1461}, {"bases": [[[0.578254, 0.788934, 0.20786], [-0.752734, 0.417645, 0.508885], [0.314665, -0.450728, 0.835362]], [[0.465049, 0.884469, -0.0379968], [-0.853235, 0.459244, 0.247154], [0.23605, -0.0825186, 0.968231]], [[0.465049, 0.884469, -0.0379968], [-0.876681, 0.454135, -0.15872], [-0.123128, 0.107124, 0.986592]], [[0.465049, 0.884469, -0.0379968], [-0.750733, 0.371257, -0.546414], [-0.46918, 0.282635, 0.836653]]], "btipPosition": [-37.1356, 158.809, 82.5955], "carpPosition": [-34.419, 163.807, 165.703], "dipPosition": [-28.1736, 164.207, 98.5767], "direction": [-0.123128, -0.107124, -0.986592], "extended": false, "handId": 74, "id": 740, "length": 42.5361, "mcpPosition": [-34.419, 163.807, 165.703], "pipPosition": [-24.7472, 167.188, 126.032], "stabilizedTipPosition": [-36.8104, 160.195, 86.5247], "timeVisible": 3.53823, "tipPosition": [-35.8766, 161.51, 86.1923], "tipVelocity": [163.124, -81.3026, -22.6849], "tool": false, "touchDistance": 0.279209, "touchZone": "hovering", "type": 0, "width": 15.8565}, {"bases": [[[0.938999, -0.342621, -0.0298521], [0.337437, 0.901052, 0.272474], [-0.0664571, -0.265926, 0.9617]], [[0.938472, -0.344616, -0.0226014], [0.132498, 0.419713, -0.897934], [0.318928, 0.839691, 0.43955]], [[0.938472, -0.344616, -0.0226014], [-0.285774, -0.738151, -0.61112], [0.193918, 0.579977, -0.791216]], [[0.938472, -0.344616, -0.0226014], [-0.343231, -0.937947, 0.0494785], [-0.03825, -0.0386767, -0.998519]]], "btipPosition": [-42.2393, 149.521, 124.694], "carpPosition": [-54.8941, 180.193, 163.381], "dipPosition": [-41.6526, 148.928, 109.379], "direction": [0.193918, -0.579977, 0.791216], "extended": false, "handId": 74, "id": 742, "length": 54.689, "mcpPosition": [-58.6999, 195.422, 108.307], "pipPosition": [-46.1533, 162.388, 91.0155], "stabilizedTipPosition": [-43.5893, 150.863, 123.27], "timeVisible": 3.53823, "tipPosition": [-42.3949, 150.255, 121.686], "tipVelocity": [138.06, -62.5518, -16.9808], "tool": false, "touchDistance": 0.852856, "touchZone": "none", "type": 2, "width": 14.8755}, {"bases": [[[0.890858, -0.444963, 0.0915406], [0.401371, 0.865334, 0.300163], [-0.212775, -0.230661, 0.949485]], [[0.902014, -0.430331, 0.0344409], [0.207476, 0.362159, -0.908732], [0.378583, 0.826835, 0.415956]], [[0.902014, -0.430331, 0.0344409], [-0.345692, -0.767777, -0.539459], [0.258589, 0.474694, -0.841307]], [[0.902014, -0.430331, 0.0344409], [-0.43154, -0.896571, 0.0996668], [-0.012011, -0.104763, -0.994425]]], "btipPosition": [-56.0816, 150.173, 132.834], "carpPosition": [-64.6105, 177.6, 162.635], "dipPosition": [-55.8984, 148.575, 117.67], "direction": [0.258589, -0.474694, 0.841307], "extended": false, "handId": 74, "id": 743, "length": 52.5849, "mcpPosition": [-75.5506, 189.46, 113.816], "pipPosition": [-61.745, 159.308, 98.648], "stabilizedTipPosition": [-57.6782, 152.435, 130.887], "timeVisible": 3.53823, "tipPosition": [-55.7802, 150.375, 128.653], "tipVelocity": [132.665, -67.3934, -21.8977], "tool": false, "touchDistance": 0.989104, "touchZone": "none", "type": 3, "width": 14.155}, {"bases": [[[0.781598, -0.60549, 0.149956], [0.514661, 0.761791, 0.393445], [-0.352462, -0.230339, 0.907036]], [[0.813117, -0.579218, 0.0578577], [0.318347, 0.359272, -0.877256], [0.487336, 0.731731, 0.476523]], [[0.813117, -0.579218, 0.0578577], [-0.428046, -0.662321, -0.614905], [0.394484, 0.475224, -0.786476]], [[0.813117, -0.579218, 0.0578577], [-0.579088, -0.815002, -0.0206978], [0.0591427, -0.016675, -0.99811]]], "btipPosition": [-68.3658, 151.758, 131.895], "carpPosition": [-72.7837, 169.263, 162.222], "dipPosition": [-69.1978, 151.523, 117.854], "direction": [0.394484, -0.475224, 0.786476], "extended": false, "handId": 74, "id": 744, "length": 41.2256, "mcpPosition": [-89.5593, 180.226, 119.051], "pipPosition": [-75.4951, 159.109, 105.299], "stabilizedTipPosition": [-70.5031, 154.686, 129.748], "timeVisible": 3.53823, "tipPosition": [-68.1717, 152.73, 127.625], "tipVelocity": [123.154, -85.2077, -26.7172], "tool": false, "touchDistance": 0.977763, "touchZone": "none", "type": 4, "width": 12.5735}], "r": [[0.533567, -0.631111, 0.563032], [0.845491, 0.414746, -0.33635], [-0.0212415, 0.655504, 0.754893]], "s": 1.38801, "t": [42.6627, 7.26037, -36.575], "timestamp": 17511555208}, {"currentFrameRate": 113.753, "devices": [], "gestures": [], "hands": [{"armBasis": [[0.969836, 0.21232, -0.119738], [0.043995, 0.330686, 0.942715], [0.239753, -0.919547, 0.31137]], "armWidth": 50.6296, "confidence": 1, "direction": [-0.124825, 0.382277, -0.915578], "elbow": [-112.305, -49.1068, 248.391], "grabAngle": 2.81766, "grabStrength": 0.0773844, "id": 74, "palmNormal": [0.198303, -0.894564, -0.400539], "palmPosition": [-56.7806, 182.782, 125.022], "palmVelocity": [133.601, -89.7261, -77.6169], "palmWidth": 74.6866, "pinchDistance": 36.4749, "pinchStrength": 0.477141, "r": [[0.530972, -0.63084, 0.565783], [0.847229, 0.40822, -0.339941], [-0.0165155, 0.659847, 0.751219]], "s": 1.3884, "sphereCenter": [-71.8528, 146.826, 99.4839], "sphereRadius": 44.1226, "stabilizedPalmPosition": [-56.3752, 185.657, 126.889], "t": [-41.7321, 6.6132, -37.1031], "timeVisible": 3.54681, "type": "left", "wrist": [-59.1704, 154.685, 179.384]}], "id": 50567, "interactionBox": {"center": [0, 200, 0], "size": [235.247, 235.247, 147.751]}, "pointables": [{"bases": [[[0.979317, -0.164087, -0.118379], [0.19015, 0.946336, 0.261326], [0.069146, -0.27843, 0.957964]], [[0.96166, -0.233118, 0.14445], [0.256835, 0.950232, -0.176339], [-0.096153, 0.206678, 0.973673]], [[0.96166, -0.233118, 0.14445], [0.263717, 0.930604, -0.25383], [-0.0752532, 0.282192, 0.956402]], [[0.96166, -0.233118, 0.14445], [0.273608, 0.851403, -0.447494], [-0.0186659, 0.46986, 0.882543]]], "btipPosition": [-44.8324, 177.605, 40.8901], "carpPosition": [-43.8916, 180.158, 164.055], "dipPosition": [-44.5721, 184.158, 53.197], "direction": [-0.0752532, -0.282192, -0.956402], "extended": true, "handId": 74, "id": 741, "length": 47.9972, "mcpPosition": [-39.716, 196.972, 106.206], "pipPosition": [-43.0876, 189.724, 72.0642], "stabilizedTipPosition": [-47.3271, 184.082, 44.1256], "timeVisible": 3.54681, "tipPosition": [-46.1744, 182.703, 42.9772], "tipVelocity": [194.17, -169.591, -69.8744], "tool": false, "touchDistance": 0.288969, "touchZone": "hovering", "type": 1, "width": 15.1461}, {"bases": [[[0.59292, 0.781538, 0.194023], [-0.742419, 0.43723, 0.507586], [0.311865, -0.445005, 0.839471]], [[0.480182, 0.875631, -0.0519239], [-0.843173, 0.477082, 0.247897], [0.241838, -0.0752546, 0.967394]], [[0.480182, 0.875631, -0.0519239], [-0.869661, 0.467509, -0.158507], [-0.114519, 0.121268, 0.985992]], [[0.480182, 0.875631, -0.0519239], [-0.748009, 0.37784, -0.545636], [-0.458157, 0.300844, 0.836412]]], "btipPosition": [-35.2059, 157.938, 82.3784], "carpPosition": [-33.1765, 163.976, 165.431], "dipPosition": [-26.4544, 163.684, 98.3551], "direction": [-0.114519, -0.121268, -0.985992], "extended": false, "handId": 74, "id": 740, "length": 42.5361, "mcpPosition": [-33.1765, 163.976, 165.431], "pipPosition": [-23.2676, 167.059, 125.793], "stabilizedTipPosition": [-36.5635, 160.131, 86.4925], "timeVisible": 3.54681, "tipPosition": [-34.1121, 160.59, 85.9512], "tipVelocity": [219.262, -92.1799, -25.4187], "tool": false, "touchDistance": 0.283458, "touchZone": "hovering", "type": 0, "width": 15.8565}, {"bases": [[[0.932794, -0.359102, -0.0306696], [0.35445, 0.898629, 0.258519], [-0.0652741, -0.252015, 0.965519]], [[0.93219, -0.361285, -0.0222533], [0.136084, 0.406766, -0.90334], [0.335415, 0.839056, 0.428348]], [[0.93219, -0.361285, -0.0222533], [-0.301258, -0.740289, -0.601012], [0.200663, 0.566961, -0.79893]], [[0.93219, -0.361285, -0.0222533], [-0.359368, -0.931097, 0.0625547], [-0.0433201, -0.0503157, -0.997793]]], "btipPosition": [-40.4654, 149.011, 124.476], "carpPosition": [-53.9153, 179.974, 162.773], "dipPosition": [-39.8009, 148.239, 109.172], "direction": [0.200663, -0.566961, 0.79893], "extended": false, "handId": 74, "id": 742, "length": 54.689, "mcpPosition": [-57.6534, 194.406, 107.481], "pipPosition": [-44.4581, 161.398, 90.6297], "stabilizedTipPosition": [-43.4938, 150.804, 123.203], "timeVisible": 3.54681, "tipPosition": [-40.6543, 149.702, 121.549], "tipVelocity": [208.832, -64.2215, -25.1048], "tool": false, "touchDistance": 0.849266, "touchZone": "none", "type": 2, "width": 14.8755}, {"bases": [[[0.88363, -0.458988, 0.0923484], [0.417926, 0.862184, 0.286314], [-0.211036, -0.2144, 0.953675]], [[0.894694, -0.445306, 0.0349961], [0.20913, 0.348367, -0.913731], [0.394699, 0.824829, 0.404809]], [[0.894694, -0.445306, 0.0349961], [-0.361461, -0.767808, -0.528978], [0.262427, 0.460623, -0.847914]], [[0.894694, -0.445306, 0.0349961], [-0.446283, -0.887854, 0.112011], [-0.018808, -0.115834, -0.99309]]], "btipPosition": [-54.3921, 149.502, 132.525], "carpPosition": [-63.5812, 177.205, 162.007], "dipPosition": [-54.1053, 147.735, 117.381], "direction": [0.262427, -0.460623, 0.847914], "extended": false, "handId": 74, "id": 743, "length": 52.5849, "mcpPosition": [-74.4319, 188.228, 112.972], "pipPosition": [-60.0387, 158.15, 98.2101], "stabilizedTipPosition": [-57.5706, 152.328, 130.827], "timeVisible": 3.54681, "tipPosition": [-54.0849, 149.685, 128.445], "tipVelocity": [199.687, -82.7795, -35.4477], "tool": false, "touchDistance": 0.984035, "touchZone": "none", "type": 3, "width": 14.155}, {"bases": [[[0.771984, -0.616824, 0.15352], [0.529978, 0.757947, 0.380314], [-0.350947, -0.212234, 0.912027]], [[0.804213, -0.591492, 0.0581232], [0.317833, 0.345367, -0.883008], [0.502219, 0.7286, 0.465745]], [[0.804213, -0.591492, 0.0581232], [-0.44286, -0.66159, -0.605124], [0.39638, 0.460908, -0.794007]], [[0.804213, -0.591492, 0.0581232], [-0.592072, -0.80584, -0.00854387], [0.0518916, -0.027542, -0.998273]]], "btipPosition": [-66.76, 150.828, 131.527], "carpPosition": [-71.6077, 168.724, 161.657], "dipPosition": [-67.49, 150.44, 117.483], "direction": [0.39638, -0.460908, 0.794007], "extended": false, "handId": 74, "id": 744, "length": 41.2256, "mcpPosition": [-88.3112, 178.825, 118.249], "pipPosition": [-73.8176, 157.798, 104.808], "stabilizedTipPosition": [-70.3242, 154.489, 129.676], "timeVisible": 3.54681, "tipPosition": [-66.5098, 151.81, 127.317], "tipVelocity": [189.891, -112.447, -43.0348], "tool": false, "touchDistance": 0.971609, "touchZone": "none", "type": 4, "width": 12.5735}], "r": [[0.530972, -0.63084, 0.565783], [0.847229, 0.40822, -0.339941], [-0.0165155, 0.659847, 0.751219]], "s": 1.3884, "t": [41.7321, 6.6132, -37.1031], "timestamp": 17511563788}, {"currentFrameRate": 113.786, "devices": [], "gestures": [], "hands": [{"armBasis": [[0.968745, 0.210835, -0.130697], [0.0537641, 0.335898, 0.940363], [0.242163, -0.917999, 0.314064]], "armWidth": 50.6296, "confidence": 1, "direction": [-0.123706, 0.369082, -0.921127], "elbow": [-111.51, -48.9982, 248.425], "grabAngle": 2.81571, "grabStrength": 0.0634507, "id": 74, "palmNormal": [0.213682, -0.896573, -0.38794], "palmPosition": [-55.3293, 181.926, 124.168], "palmVelocity": [166.207, -97.9892, -97.7862], "palmWidth": 74.6866, "pinchDistance": 37.4548, "pinchStrength": 0.477383, "r": [[0.52791, -0.630676, 0.568823], [0.849244, 0.399723, -0.344972], [-0.00980602, 0.665184, 0.746615]], "s": 1.38903, "sphereCenter": [-69.8847, 145.346, 98.9529], "sphereRadius": 44.2758, "stabilizedPalmPosition": [-56.334, 185.511, 126.782], "t": [-40.5411, 5.8618, -37.7942], "timeVisible": 3.55554, "type": "left", "wrist": [-57.8417, 154.45, 178.822]}], "id": 50568, "interactionBox": {"center": [0, 200, 0], "size": [235.247, 235.247, 147.751]}, "pointables": [{"bases": [[[0.976053, -0.179374, -0.123068], [0.205272, 0.946723, 0.24815], [0.0720001, -0.26747, 0.960872]], [[0.959199, -0.244975, 0.141152], [0.268361, 0.946004, -0.181822], [-0.0889883, 0.212283, 0.973148]], [[0.959199, -0.244975, 0.141152], [0.275754, 0.920822, -0.275766], [-0.06242, 0.303437, 0.950805]], [[0.959199, -0.244975, 0.141152], [0.28263, 0.844181, -0.455499], [-0.00757162, 0.476808, 0.878975]]], "btipPosition": [-42.7904, 176.042, 40.1569], "carpPosition": [-42.681, 179.969, 163.319], "dipPosition": [-42.6848, 182.691, 52.4141], "direction": [-0.06242, -0.303437, -0.950805], "extended": true, "handId": 74, "id": 741, "length": 47.9972, "mcpPosition": [-38.3331, 196.121, 105.294], "pipPosition": [-41.4535, 188.677, 71.1709], "stabilizedTipPosition": [-46.6112, 183.06, 43.9452], "timeVisible": 3.55554, "tipPosition": [-44.1275, 180.941, 42.2145], "tipVelocity": [229.776, -176.44, -85.2741], "tool": false, "touchDistance": 0.2866, "touchZone": "hovering", "type": 1, "width": 15.1461}, {"bases": [[[0.605201, 0.775424, 0.180138], [-0.732594, 0.453949, 0.507185], [0.311511, -0.438917, 0.842801]], [[0.49239, 0.867901, -0.0655786], [-0.834161, 0.492069, 0.249086], [0.248451, -0.0679445, 0.966259]], [[0.49239, 0.867901, -0.0655786], [-0.863983, 0.478271, -0.157451], [-0.105288, 0.134186, 0.985347]], [[0.49239, 0.867901, -0.0655786], [-0.746506, 0.382374, -0.544535], [-0.447526, 0.317078, 0.836171]]], "btipPosition": [-33.0481, 156.952, 81.9875], "carpPosition": [-31.7497, 163.958, 164.971], "dipPosition": [-24.4997, 163.008, 97.9596], "direction": [-0.105288, -0.134186, -0.985347], "extended": false, "handId": 74, "id": 740, "length": 42.5361, "mcpPosition": [-31.7497, 163.958, 164.971], "pipPosition": [-21.5698, 166.742, 125.38], "stabilizedTipPosition": [-35.9742, 159.939, 86.4031], "timeVisible": 3.55554, "tipPosition": [-32.0686, 159.566, 85.5361], "tipVelocity": [241.764, -104.77, -44.8845], "tool": false, "touchDistance": 0.28593, "touchZone": "hovering", "type": 0, "width": 15.8565}, {"bases": [[[0.927416, -0.372608, -0.0326076], [0.368861, 0.896667, 0.244807], [-0.0619788, -0.239065, 0.969023]], [[0.926702, -0.375136, -0.0222733], [0.137446, 0.393504, -0.90899], [0.34976, 0.839302, 0.416222]], [[0.926702, -0.375136, -0.0222733], [-0.315235, -0.743727, -0.589489], [0.204573, 0.553302, -0.807469]], [[0.926702, -0.375136, -0.0222733], [-0.372517, -0.924813, 0.0771457], [-0.0495388, -0.0631939, -0.996771]]], "btipPosition": [-38.4935, 148.428, 124.132], "carpPosition": [-52.6919, 179.628, 161.971], "dipPosition": [-37.7337, 147.459, 108.844], "direction": [0.204573, -0.553302, 0.807469], "extended": false, "handId": 74, "id": 742, "length": 54.689, "mcpPosition": [-56.2412, 193.319, 106.477], "pipPosition": [-42.4817, 160.3, 90.1032], "stabilizedTipPosition": [-43.2253, 150.669, 123.068], "timeVisible": 3.55554, "tipPosition": [-38.7139, 149.034, 121.218], "tipVelocity": [228.328, -71.9545, -38.9769], "tool": false, "touchDistance": 0.843593, "touchZone": "none", "type": 2, "width": 14.8755}, {"bases": [[[0.877724, -0.470255, 0.0919865], [0.432015, 0.859676, 0.272617], [-0.207278, -0.199543, 0.957715]], [[0.888574, -0.457443, 0.0343925], [0.208184, 0.335313, -0.918817], [0.408774, 0.823596, 0.393183]], [[0.888574, -0.457443, 0.0343925], [-0.375712, -0.768728, -0.517589], [0.263206, 0.446994, -0.854938]], [[0.888574, -0.457443, 0.0343925], [-0.457947, -0.880165, 0.124875], [-0.0268523, -0.126711, -0.991576]]], "btipPosition": [-52.5217, 148.765, 132.042], "carpPosition": [-62.3123, 176.713, 161.172], "dipPosition": [-52.1122, 146.833, 116.921], "direction": [0.263206, -0.446994, 0.854938], "extended": false, "handId": 74, "id": 743, "length": 52.5849, "mcpPosition": [-72.9697, 186.973, 111.93], "pipPosition": [-58.0632, 156.939, 97.5916], "stabilizedTipPosition": [-57.286, 152.107, 130.702], "timeVisible": 3.55554, "tipPosition": [-52.194, 148.913, 128.026], "tipVelocity": [217.432, -88.7428, -54.6861], "tool": false, "touchDistance": 0.976077, "touchZone": "none", "type": 3, "width": 14.155}, {"bases": [[[0.764307, -0.625725, 0.155896], [0.543253, 0.75504, 0.367139], [-0.347436, -0.195916, 0.917009]], [[0.79915, -0.599085, 0.0495528], [0.30828, 0.337668, -0.88935], [0.516064, 0.726001, 0.454534]], [[0.79915, -0.599085, 0.0495528], [-0.458244, -0.660473, -0.594801], [0.389065, 0.452628, -0.802345]], [[0.79915, -0.599085, 0.0495528], [-0.599975, -0.800009, 0.00397494], [0.0372613, -0.032907, -0.998764]]], "btipPosition": [-65.1243, 149.726, 130.969], "carpPosition": [-70.2161, 168.115, 160.873], "dipPosition": [-65.6485, 149.263, 116.918], "direction": [0.389065, -0.452628, 0.802345], "extended": false, "handId": 74, "id": 744, "length": 41.2256, "mcpPosition": [-86.7525, 177.44, 117.228], "pipPosition": [-71.8593, 156.488, 104.11], "stabilizedTipPosition": [-69.9212, 154.102, 129.522], "timeVisible": 3.55554, "tipPosition": [-64.6486, 150.829, 126.8], "tipVelocity": [192.743, -128.206, -64.0383], "tool": false, "touchDistance": 0.96229, "touchZone": "none", "type": 4, "width": 12.5735}], "r": [[0.52791, -0.630676, 0.568823], [0.849244, 0.399723, -0.344972], [-0.00980602, 0.665184, 0.746615]], "s": 1.38903, "t": [40.5411, 5.8618, -37.7942], "timestamp": 17511572520}, {"currentFrameRate": 113.882, "devices": [], "gestures": [], "hands": [{"armBasis": [[0.966931, 0.207175, -0.148737], [0.0703463, 0.343917, 0.936361], [0.245144, -0.91586, 0.31797]], "armWidth": 50.6296, "confidence": 1, "direction": [-0.11995, 0.351358, -0.928525], "elbow": [-110.591, -48.751, 248.598], "grabAngle": 2.81106, "grabStrength": 0.0462941, "id": 74, "palmNormal": [0.236646, -0.8982, -0.370454], "palmPosition": [-53.4605, 180.874, 123.103], "palmVelocity": [216.897, -122.14, -123.598], "palmWidth": 74.6866, "pinchDistance": 38.1628, "pinchStrength": 0.483347, "r": [[0.524245, -0.630784, 0.572083], [0.851568, 0.388235, -0.352287], [0.000114729, 0.671852, 0.740685]], "s": 1.3894, "sphereCenter": [-67.1071, 143.511, 98.3045], "sphereRadius": 44.389, "stabilizedPalmPosition": [-56.1552, 185.222, 126.553], "t": [-39.0112, 4.95992, -38.6721], "timeVisible": 3.56416, "type": "left", "wrist": [-56.2613, 154.224, 178.129]}], "id": 50569, "interactionBox": {"center": [0, 200, 0], "size": [235.247, 235.247, 147.751]}, "pointables": [{"bases": [[[0.970615, -0.201424, -0.131659], [0.227555, 0.946222, 0.22996], [0.078259, -0.253163, 0.964253]], [[0.955195, -0.262802, 0.136151], [0.285566, 0.93923, -0.190522], [-0.0778074, 0.220865, 0.972196]], [[0.955195, -0.262802, 0.136151], [0.292474, 0.908648, -0.298022], [-0.0453924, 0.32449, 0.944799]], [[0.955195, -0.262802, 0.136151], [0.295824, 0.832966, -0.467607], [0.00947897, 0.486932, 0.873388]]], "btipPosition": [-40.0197, 174.169, 39.2921], "carpPosition": [-41.254, 179.818, 162.428], "dipPosition": [-40.1519, 180.96, 51.4714], "direction": [-0.0453924, -0.32449, -0.944799], "extended": true, "handId": 74, "id": 741, "length": 47.9972, "mcpPosition": [-36.5282, 195.106, 104.2], "pipPosition": [-39.2565, 187.361, 70.1097], "stabilizedTipPosition": [-45.039, 181.304, 43.5014], "timeVisible": 3.56416, "tipPosition": [-41.2127, 178.708, 41.3345], "tipVelocity": [315.227, -213.615, -102.452], "tool": false, "touchDistance": 0.288278, "touchZone": "hovering", "type": 1, "width": 15.1461}, {"bases": [[[0.623046, 0.765635, 0.160054], [-0.716933, 0.477166, 0.508252], [0.312763, -0.431412, 0.846205]], [[0.509482, 0.856252, -0.0852115], [-0.820812, 0.513327, 0.250526], [0.258255, -0.0576961, 0.964352]], [[0.509482, 0.856252, -0.0852115], [-0.855628, 0.493616, -0.155707], [-0.0912624, 0.152239, 0.984121]], [[0.509482, 0.856252, -0.0852115], [-0.744491, 0.388984, -0.542609], [-0.431464, 0.339889, 0.835652]]], "btipPosition": [-30.219, 155.7, 81.6142], "carpPosition": [-30.0194, 164.065, 164.475], "dipPosition": [-21.9774, 162.192, 97.5764], "direction": [-0.0912624, -0.152239, -0.984121], "extended": false, "handId": 74, "id": 740, "length": 42.5361, "mcpPosition": [-30.0194, 164.065, 164.475], "pipPosition": [-19.4378, 166.429, 124.962], "stabilizedTipPosition": [-34.6478, 159.463, 86.2093], "timeVisible": 3.56416, "tipPosition": [-29.2748, 158.365, 85.1269], "tipVelocity": [320.163, -133.672, -43.592], "tool": false, "touchDistance": 0.292775, "touchZone": "hovering", "type": 0, "width": 15.8565}, {"bases": [[[0.919155, -0.392112, -0.0374348], [0.390036, 0.892759, 0.225505], [-0.0550031, -0.221875, 0.973522]], [[0.918181, -0.395541, -0.0221742], [0.14022, 0.376826, -0.915609], [0.370517, 0.837585, 0.401457]], [[0.918181, -0.395541, -0.0221742], [-0.335031, -0.745409, -0.576298], [0.211421, 0.536575, -0.816939]], [[0.918181, -0.395541, -0.0221742], [-0.392, -0.915202, 0.093492], [-0.0572738, -0.0771502, -0.995373]]], "btipPosition": [-35.7839, 147.734, 123.65], "carpPosition": [-51.2386, 179.248, 160.967], "dipPosition": [-34.9055, 146.55, 108.383], "direction": [0.211421, -0.536575, 0.816939], "extended": false, "handId": 74, "id": 742, "length": 54.689, "mcpPosition": [-54.3885, 191.954, 105.216], "pipPosition": [-39.8124, 159.004, 89.423], "stabilizedTipPosition": [-42.501, 150.365, 122.791], "timeVisible": 3.56416, "tipPosition": [-36.1347, 148.274, 120.885], "tipVelocity": [317.652, -86.2945, -55.3504], "tool": false, "touchDistance": 0.835645, "touchZone": "none", "type": 2, "width": 14.8755}, {"bases": [[[0.869007, -0.486666, 0.0893428], [0.452757, 0.854935, 0.253173], [-0.199593, -0.179559, 0.963287]], [[0.879412, -0.475023, 0.0314195], [0.205393, 0.319049, -0.925214], [0.429474, 0.820098, 0.378142]], [[0.879412, -0.475023, 0.0314195], [-0.396579, -0.767502, -0.503653], [0.263361, 0.430458, -0.863335]], [[0.879412, -0.475023, 0.0314195], [-0.474436, -0.86905, 0.140227], [-0.0393058, -0.138223, -0.989621]]], "btipPosition": [-50.0329, 147.824, 131.395], "carpPosition": [-60.7871, 176.123, 160.103], "dipPosition": [-49.4336, 145.717, 116.304], "direction": [0.263361, -0.430458, 0.863335], "extended": false, "handId": 74, "id": 743, "length": 52.5849, "mcpPosition": [-71.0494, 185.355, 110.574], "pipPosition": [-55.3881, 155.449, 96.7845], "stabilizedTipPosition": [-56.5727, 151.646, 130.434], "timeVisible": 3.56416, "tipPosition": [-49.7022, 147.992, 127.549], "tipVelocity": [293.923, -113.825, -74.3015], "tool": false, "touchDistance": 0.965407, "touchZone": "none", "type": 3, "width": 14.155}, {"bases": [[[0.753232, -0.638703, 0.157164], [0.562983, 0.749589, 0.34809], [-0.340135, -0.173712, 0.924193]], [[0.789166, -0.612674, 0.0429949], [0.300192, 0.323701, -0.897275], [0.535819, 0.721005, 0.439374]], [[0.789166, -0.612674, 0.0429949], [-0.478875, -0.657635, -0.581545], [0.384572, 0.438347, -0.812377]], [[0.789166, -0.612674, 0.0429949], [-0.613792, -0.789221, 0.0197287], [0.0218452, -0.0419591, -0.99888]]], "btipPosition": [-62.7888, 148.414, 130.206], "carpPosition": [-68.5097, 167.361, 159.853], "dipPosition": [-63.0961, 147.824, 116.154], "direction": [0.384572, -0.438347, 0.812377], "extended": false, "handId": 74, "id": 744, "length": 41.2256, "mcpPosition": [-84.6986, 175.629, 115.865], "pipPosition": [-69.2352, 154.821, 103.185], "stabilizedTipPosition": [-68.9903, 153.335, 129.186], "timeVisible": 3.56416, "tipPosition": [-62.1848, 149.619, 126.151], "tipVelocity": [276.85, -155.659, -88.5926], "tool": false, "touchDistance": 0.949568, "touchZone": "none", "type": 4, "width": 12.5735}], "r": [[0.524245, -0.630784, 0.572083], [0.851568, 0.388235, -0.352287], [0.000114729, 0.671852, 0.740685]], "s": 1.3894, "t": [39.0112, 4.95992, -38.6721], "timestamp": 17511581136}, {"currentFrameRate": 113.91, "devices": [], "gestures": [], "hands": [{"armBasis": [[0.964623, 0.203216, -0.167947], [0.0876523, 0.35359, 0.931285], [0.248637, -0.913059, 0.323268]], "armWidth": 50.6296, "confidence": 1, "direction": [-0.116063, 0.335112, -0.935002], "elbow": [-109.428, -48.4621, 248.921], "grabAngle": 2.80567, "grabStrength": 0.0205736, "id": 74, "palmNormal": [0.259258, -0.898508, -0.354215], "palmPosition": [-51.2285, 179.785, 121.917], "palmVelocity": [255.637, -124.73, -135.821], "palmWidth": 74.6866, "pinchDistance": 39.028, "pinchStrength": 0.490524, "r": [[0.520079, -0.631247, 0.575365], [0.854025, 0.374415, -0.361184], [0.0125709, 0.679221, 0.733827]], "s": 1.38947, "sphereCenter": [-63.8824, 141.749, 97.4893], "sphereRadius": 44.463, "stabilizedPalmPosition": [-55.6895, 184.708, 126.115], "t": [-37.1303, 3.96447, -39.704], "timeVisible": 3.57289, "type": "left", "wrist": [-54.3251, 153.892, 177.278]}], "id": 50570, "interactionBox": {"center": [0, 200, 0], "size": [235.247, 235.247, 147.751]}, "pointables": [{"bases": [[[0.964685, -0.223227, -0.139833], [0.249481, 0.944634, 0.213133], [0.0845136, -0.240492, 0.966965]], [[0.950889, -0.28061, 0.130646], [0.301998, 0.933616, -0.192765], [-0.0678811, 0.222752, 0.972509]], [[0.950889, -0.28061, 0.130646], [0.308315, 0.896049, -0.319435], [-0.0274279, 0.344027, 0.938559]], [[0.950889, -0.28061, 0.130646], [0.308356, 0.822002, -0.478778], [0.0269591, 0.49555, 0.868161]]], "btipPosition": [-36.9119, 172.573, 38.2773], "carpPosition": [-39.4701, 179.559, 161.392], "dipPosition": [-37.2878, 179.484, 50.3837], "direction": [-0.0274279, -0.344027, -0.938559], "extended": true, "handId": 74, "id": 741, "length": 47.9972, "mcpPosition": [-34.3665, 194.081, 103], "pipPosition": [-36.7468, 186.271, 68.8989], "stabilizedTipPosition": [-42.3859, 178.948, 42.6964], "timeVisible": 3.57289, "tipPosition": [-37.939, 176.586, 40.3607], "tipVelocity": [349.533, -179.631, -118.151], "tool": false, "touchDistance": 0.288192, "touchZone": "hovering", "type": 1, "width": 15.1461}, {"bases": [[[0.640357, 0.754954, 0.141373], [-0.700995, 0.499217, 0.509302], [0.313924, -0.425237, 0.848896]], [[0.526339, 0.844029, -0.10287], [-0.807219, 0.534027, 0.251422], [0.267143, -0.0492943, 0.962395]], [[0.526339, 0.844029, -0.10287], [-0.846709, 0.509213, -0.154225], [-0.0777873, 0.168276, 0.982666]], [[0.526339, 0.844029, -0.10287], [-0.741741, 0.396635, -0.540834], [-0.415678, 0.360965, 0.834815]]], "btipPosition": [-27.1011, 154.513, 81.0799], "carpPosition": [-27.9421, 164.071, 163.804], "dipPosition": [-19.161, 161.408, 97.0261], "direction": [-0.0777873, -0.168276, -0.982666], "extended": false, "handId": 74, "id": 740, "length": 42.5361, "mcpPosition": [-27.9421, 164.071, 163.804], "pipPosition": [-16.9964, 166.091, 124.372], "stabilizedTipPosition": [-32.2605, 158.606, 85.837], "timeVisible": 3.57289, "tipPosition": [-26.1348, 157.212, 84.5654], "tipVelocity": [349.169, -125.271, -61.6169], "tool": false, "touchDistance": 0.296973, "touchZone": "hovering", "type": 0, "width": 15.8565}, {"bases": [[[0.910474, -0.411411, -0.0421779], [0.410776, 0.887786, 0.207602], [-0.0479647, -0.206342, 0.977304]], [[0.909212, -0.41581, -0.0208673], [0.144146, 0.36142, -0.921193], [0.390583, 0.834552, 0.388545]], [[0.909212, -0.41581, -0.0208673], [-0.353775, -0.745199, -0.565263], [0.219492, 0.521326, -0.824647]], [[0.909212, -0.41581, -0.0208673], [-0.411484, -0.905121, 0.106946], [-0.0633567, -0.0886501, -0.994046]]], "btipPosition": [-32.6818, 147.008, 122.957], "carpPosition": [-49.423, 178.763, 159.825], "dipPosition": [-31.7101, 145.649, 107.711], "direction": [0.219492, -0.521326, 0.824647], "extended": false, "handId": 74, "id": 742, "length": 54.689, "mcpPosition": [-52.1698, 190.58, 103.857], "pipPosition": [-36.8043, 157.748, 88.5718], "stabilizedTipPosition": [-40.9399, 149.795, 122.272], "timeVisible": 3.57289, "tipPosition": [-33.2038, 147.504, 120.371], "tipVelocity": [357.755, -87.7236, -78.7964], "tool": false, "touchDistance": 0.824179, "touchZone": "none", "type": 2, "width": 14.8755}, {"bases": [[[0.859918, -0.503038, 0.086571], [0.473037, 0.849094, 0.235107], [-0.191774, -0.161221, 0.968107]], [[0.86987, -0.492465, 0.0283637], [0.202857, 0.30472, -0.930588], [0.44964, 0.815245, 0.364967]], [[0.86987, -0.492465, 0.0283637], [-0.416735, -0.764434, -0.491906], [0.263929, 0.416074, -0.870186]], [[0.86987, -0.492465, 0.0283637], [-0.490627, -0.857799, 0.153184], [-0.0511077, -0.147167, -0.98779]]], "btipPosition": [-47.1706, 146.827, 130.549], "carpPosition": [-58.895, 175.43, 158.897], "dipPosition": [-46.3912, 144.583, 115.486], "direction": [0.263929, -0.416074, 0.870186], "extended": false, "handId": 74, "id": 743, "length": 52.5849, "mcpPosition": [-68.7553, 183.719, 109.12], "pipPosition": [-52.3586, 153.99, 95.8112], "stabilizedTipPosition": [-55.1013, 150.827, 129.92], "timeVisible": 3.57289, "tipPosition": [-46.8566, 147.045, 126.901], "tipVelocity": [332.581, -117.839, -96.2021], "tool": false, "touchDistance": 0.951408, "touchZone": "none", "type": 3, "width": 14.155}, {"bases": [[[0.741883, -0.65165, 0.157993], [0.582214, 0.742915, 0.33031], [-0.332621, -0.153066, 0.930556]], [[0.777308, -0.627733, 0.0417562], [0.297249, 0.307959, -0.903773], [0.554468, 0.714922, 0.425971]], [[0.777308, -0.627733, 0.0417562], [-0.497318, -0.653757, -0.57033], [0.385313, 0.422556, -0.820353]], [[0.777308, -0.627733, 0.0417562], [-0.629006, -0.776714, 0.0326416], [0.0119425, -0.0516375, -0.998594]]], "btipPosition": [-59.9449, 147.142, 129.249], "carpPosition": [-66.4341, 166.508, 158.689], "dipPosition": [-60.1129, 146.416, 115.201], "direction": [0.385313, -0.422556, 0.820353], "extended": false, "handId": 74, "id": 744, "length": 41.2256, "mcpPosition": [-82.2654, 173.794, 114.398], "pipPosition": [-66.2638, 153.161, 102.105], "stabilizedTipPosition": [-67.1541, 152.038, 128.54], "timeVisible": 3.57289, "tipPosition": [-59.3575, 148.39, 125.34], "tipVelocity": [329.398, -149.217, -109.482], "tool": false, "touchDistance": 0.933636, "touchZone": "none", "type": 4, "width": 12.5735}], "r": [[0.520079, -0.631247, 0.575365], [0.854025, 0.374415, -0.361184], [0.0125709, 0.679221, 0.733827]], "s": 1.38947, "t": [37.1303, 3.96447, -39.704], "timestamp": 17511589867}, {"currentFrameRate": 114.042, "devices": [], "gestures": [], "hands": [{"armBasis": [[0.961636, 0.199991, -0.187777], [0.105141, 0.363536, 0.925628], [0.253381, -0.90986, 0.328562]], "armWidth": 50.6296, "confidence": 1, "direction": [-0.113986, 0.318915, -0.940904], "elbow": [-108.076, -48.0855, 249.18], "grabAngle": 2.79648, "grabStrength": 0, "id": 74, "palmNormal": [0.283636, -0.897213, -0.338467], "palmPosition": [-48.6159, 178.718, 120.685], "palmVelocity": [305.859, -124.949, -144.29], "palmWidth": 74.6866, "pinchDistance": 39.4493, "pinchStrength": 0.501826, "r": [[0.515012, -0.632279, 0.57878], [0.85675, 0.358235, -0.371009], [0.0272419, 0.686944, 0.7262]], "s": 1.38942, "sphereCenter": [-60.1739, 140.046, 96.6307], "sphereRadius": 44.5347, "stabilizedPalmPosition": [-54.7372, 183.902, 125.384], "t": [-34.8835, 2.93308, -40.8362], "timeVisible": 3.58143, "type": "left", "wrist": [-51.9212, 153.559, 176.364]}], "id": 50571, "interactionBox": {"center": [0, 200, 0], "size": [235.247, 235.247, 147.751]}, "pointables": [{"bases": [[[0.957755, -0.247572, -0.146333], [0.273452, 0.941531, 0.196835], [0.0890463, -0.228535, 0.969455]], [[0.945307, -0.300881, 0.125959], [0.320568, 0.928312, -0.188342], [-0.0602605, 0.218419, 0.973993]], [[0.945307, -0.300881, 0.125959], [0.325998, 0.884495, -0.333758], [-0.0109883, 0.356566, 0.934206]], [[0.945307, -0.300881, 0.125959], [0.323378, 0.813952, -0.482606], [0.0426828, 0.496943, 0.866733]]], "btipPosition": [-33.6263, 171.507, 37.0643], "carpPosition": [-37.269, 179.329, 160.276], "dipPosition": [-34.2215, 178.437, 49.1508], "direction": [-0.0109883, -0.356566, -0.934206], "extended": true, "handId": 74, "id": 741, "length": 47.9972, "mcpPosition": [-31.8917, 193.13, 101.733], "pipPosition": [-34.0047, 185.471, 67.5801], "stabilizedTipPosition": [-38.9098, 176.591, 41.5466], "timeVisible": 3.58143, "tipPosition": [-34.3665, 174.571, 39.3524], "tipVelocity": [378.743, -124.276, -142.536], "tool": false, "touchDistance": 0.285714, "touchZone":