{"frames": 58, "data": [{"currentFrameRate": 112.194, "devices": [], "gestures": [], "hands": [{"armBasis": [[0.672296, -0.562383, -0.481397], [0.359076, -0.320934, 0.876394], [-0.647365, -0.762054, -0.0138244]], "armWidth": 57.4912, "confidence": 1, "direction": [0.474039, 0.326181, -0.817859], "elbow": [222.351, -133.76, 101.874], "grabAngle": 2.59717, "grabStrength": 0, "id": 79, "palmNormal": [0.861595, 0.0196261, 0.507217], "palmPosition": [90.4756, 84.764, 58.7664], "palmVelocity": [-45.7471, -3.7499, -13.1036], "palmWidth": 80.2111, "pinchDistance": 55.021, "pinchStrength": 0.769139, "r": [[0.633553, 0.436686, 0.638684], [0.414616, 0.50533, -0.756793], [-0.653226, 0.744277, 0.139096]], "s": 0.998845, "sphereCenter": [134.174, 68.0155, 57.9671], "sphereRadius": 47.4657, "stabilizedPalmPosition": [92.5119, 85.1486, 59.7988], "t": [67.0018, -60.9254, -61.8168], "timeVisible": 5.93167, "type": "left", "wrist": [68.2678, 47.6207, 105.165]}], "id": 56437, "interactionBox": {"center": [0, 200, 0], "size": [235.247, 235.247, 147.751]}, "pointables": [{"bases": [[[-0.258511, -0.87692, -0.405195], [0.787262, 0.0518294, -0.614436], [0.559812, -0.477834, 0.676968]], [[-0.0615763, -0.984872, -0.161973], [0.797398, 0.0490609, -0.601456], [0.600304, -0.166192, 0.782314]], [[-0.0615763, -0.984872, -0.161973], [0.776917, 0.0545807, -0.627233], [0.626585, -0.164462, 0.761803]], [[-0.0615763, -0.984872, -0.161973], [0.73725, 0.0645109, -0.672533], [0.672808, -0.160827, 0.722125]]], "btipPosition": [140.059, 124.615, -9.19934], "carpPosition": [58.9708, 81.7844, 89.6768], "dipPosition": [130.24, 122.268, 1.33867], "direction": [0.626585, 0.164462, -0.761803], "extended": true, "handId": 79, "id": 791, "length": 50.2283, "mcpPosition": [95.2771, 112.774, 45.7724], "pipPosition": [117.305, 118.872, 17.0655], "stabilizedTipPosition": [139.456, 123.514, -6.18951], "timeVisible": 5.93167, "tipPosition": [137.414, 126.568, -6.06624], "tipVelocity": [-54.6586, 37.3584, -2.52988], "tool": false, "touchDistance": 0.316112, "touchZone": "hovering", "type": 1, "width": 17.6278}, {"bases": [[[0.6051, -0.334213, -0.722603], [0.716385, 0.62454, 0.311036], [0.347342, -0.70587, 0.617334]], [[0.495985, -0.142324, -0.856588], [0.532785, 0.828839, 0.170782], [0.685667, -0.541082, 0.48692]], [[0.495985, -0.142324, -0.856588], [0.218865, 0.975117, -0.0352898], [0.840296, -0.169973, 0.514793]], [[0.495985, -0.142324, -0.856588], [-0.0693076, 0.97684, -0.202435], [0.865561, 0.159773, 0.474634]]], "btipPosition": [140.005, 111.331, 62.1606], "carpPosition": [68.0602, 85.7654, 108.066], "dipPosition": [122.703, 114.525, 71.6483], "direction": [0.840296, 0.169973, -0.514793], "extended": false, "handId": 79, "id": 790, "length": 44.5133, "mcpPosition": [68.0602, 85.7654, 108.066], "pipPosition": [98.2324, 109.575, 86.6398], "stabilizedTipPosition": [137.845, 112.784, 64.3296], "timeVisible": 5.93167, "tipPosition": [134.911, 116.696, 63.6742], "tipVelocity": [-42.8403, -33.4656, 20.0033], "tool": false, "touchDistance": 0.338457, "touchZone": "hovering", "type": 0, "width": 18.4546}, {"bases": [[[-0.310898, -0.929316, -0.199286], [0.744324, -0.107674, -0.659082], [0.591037, -0.35324, 0.725187]], [[-0.274898, -0.948825, -0.155442], [-0.257888, 0.22851, -0.938763], [0.926242, -0.217977, -0.307508]], [[-0.274898, -0.948825, -0.155442], [-0.939397, 0.230606, 0.253682], [-0.204854, 0.215758, -0.954716]], [[-0.274898, -0.948825, -0.155442], [-0.540214, 0.018683, 0.84132], [-0.795362, 0.315249, -0.517705]]], "btipPosition": [117.597, 93.093, 83.6081], "carpPosition": [60.856, 72.694, 84.0522], "dipPosition": [130.363, 98.1529, 75.2987], "direction": [-0.204854, -0.215758, 0.954716], "extended": false, "handId": 79, "id": 792, "length": 57.2312, "mcpPosition": [97.2066, 94.4194, 39.4509], "pipPosition": [135.339, 103.393, 52.1106], "stabilizedTipPosition": [122.611, 92.9255, 84.8516], "timeVisible": 5.93167, "tipPosition": [118.226, 92.2933, 83.998], "tipVelocity": [-27.1933, 11.7483, -71.3739], "tool": false, "touchDistance": 0.333333, "touchZone": "none", "type": 2, "width": 17.3129}, {"bases": [[[-0.275753, -0.96039, -0.0401413], [0.738671, -0.185, -0.648182], [0.615082, -0.208389, 0.760426]], [[-0.26017, -0.965335, -0.0209717], [-0.421241, 0.13302, -0.897141], [0.868831, -0.224575, -0.441247]], [[-0.26017, -0.965335, -0.0209717], [-0.916051, 0.239905, 0.321396], [-0.305224, 0.102829, -0.946712]], [[-0.26017, -0.965335, -0.0209717], [-0.507378, 0.118201, 0.853578], [-0.82151, 0.232716, -0.520542]]], "btipPosition": [110.832, 76.7797, 86.4121], "carpPosition": [64.0431, 62.8491, 80.857], "dipPosition": [123.942, 80.4934, 78.1051], "direction": [-0.305224, -0.102829, 0.946712], "extended": false, "handId": 79, "id": 793, "length": 55.0293, "mcpPosition": [98.0076, 74.3563, 38.8666], "pipPosition": [131.163, 82.9264, 55.7053], "stabilizedTipPosition": [115.602, 77.5268, 84.8924], "timeVisible": 5.93167, "tipPosition": [112.445, 76.8719, 83.9698], "tipVelocity": [-49.65, -16.1688, -8.89851], "tool": false, "touchDistance": 0.333333, "touchZone": "none", "type": 3, "width": 16.4743}, {"bases": [[[-0.320945, -0.934196, 0.155794], [0.738209, -0.349802, -0.57679], [0.593332, -0.0701093, 0.801899]], [[-0.342256, -0.931039, 0.126603], [-0.389679, 0.0180411, -0.920774], [0.854992, -0.364475, -0.368981]], [[-0.342256, -0.931039, 0.126603], [-0.904877, 0.362894, 0.222499], [-0.253099, -0.0384088, -0.966678]], [[-0.342256, -0.931039, 0.126603], [-0.549066, 0.307517, 0.777149], [-0.762488, 0.19647, -0.616451]]], "btipPosition": [111.34, 64.7453, 78.4169], "carpPosition": [70.6437, 52.405, 83.0391], "dipPosition": [122.566, 67.6378, 69.3414], "direction": [-0.253099, 0.0384088, 0.966678], "extended": false, "handId": 79, "id": 794, "length": 43.1419, "mcpPosition": [100.972, 55.9887, 42.0491], "pipPosition": [126.794, 66.9961, 53.1926], "stabilizedTipPosition": [115.488, 64.9668, 76.7041], "timeVisible": 5.93167, "tipPosition": [113.676, 64.4945, 75.8246], "tipVelocity": [-48.7697, -1.60057, -13.1311], "tool": false, "touchDistance": 0.333333, "touchZone": "none", "type": 4, "width": 14.6338}], "r": [[0.633553, 0.436686, 0.638684], [0.414616, 0.50533, -0.756793], [-0.653226, 0.744277, 0.139096]], "s": 0.998845, "t": [-67.0018, -60.9254, -61.8168], "timestamp": 17563353322}, {"currentFrameRate": 112.388, "devices": [], "gestures": [], "hands": [{"armBasis": [[0.672403, -0.562278, -0.481371], [0.358516, -0.321557, 0.876395], [-0.647565, -0.761869, -0.0146304]], "armWidth": 57.4912, "confidence": 1, "direction": [0.473509, 0.326801, -0.817918], "elbow": [222.013, -133.738, 101.555], "grabAngle": 2.59703, "grabStrength": 0, "id": 79, "palmNormal": [0.861863, 0.0195571, 0.506763], "palmPosition": [90.055, 84.776, 58.6491], "palmVelocity": [-49.1364, 1.40767, -13.6959], "palmWidth": 80.2111, "pinchDistance": 55.1853, "pinchStrength": 0.79161, "r": [[0.635987, 0.43527, 0.637229], [0.414268, 0.504106, -0.757799], [-0.651078, 0.745934, 0.140287]], "s": 0.996256, "sphereCenter": [133.596, 68.4248, 57.7605], "sphereRadius": 47.2067, "stabilizedPalmPosition": [92.2245, 85.105, 59.6644], "t": [66.5973, -60.9474, -61.9385], "timeVisible": 5.94023, "type": "left", "wrist": [67.8824, 47.5989, 105.037]}], "id": 56438, "interactionBox": {"center": [0, 200, 0], "size": [235.247, 235.247, 147.751]}, "pointables": [{"bases": [[[-0.258532, -0.876606, -0.40586], [0.787608, 0.0519829, -0.61398], [0.559317, -0.478392, 0.676983]], [[-0.0627759, -0.984481, -0.16388], [0.79998, 0.0485437, -0.598059], [0.596733, -0.168644, 0.784518]], [[-0.0627759, -0.984481, -0.16388], [0.77991, 0.054067, -0.623552], [0.622735, -0.166955, 0.764413]], [[-0.0627759, -0.984481, -0.16388], [0.739561, 0.0643727, -0.670005], [0.670156, -0.163259, 0.724042]]], "btipPosition": [139.374, 124.813, -9.46509], "carpPosition": [58.5677, 81.7693, 89.5747], "dipPosition": [129.595, 122.43, 1.1009], "direction": [0.622735, 0.166955, -0.764413], "extended": true, "handId": 79, "id": 791, "length": 50.2283, "mcpPosition": [94.8418, 112.795, 45.6694], "pipPosition": [116.739, 118.983, 16.8817], "stabilizedTipPosition": [138.898, 123.694, -6.39174], "timeVisible": 5.94023, "tipPosition": [136.95, 126.588, -6.19935], "tipVelocity": [-78.9172, 22.1871, -30.2939], "tool": false, "touchDistance": 0.31179, "touchZone": "hovering", "type": 1, "width": 17.6278}, {"bases": [[[0.605399, -0.333945, -0.722477], [0.716387, 0.624158, 0.311796], [0.346817, -0.706334, 0.617098]], [[0.495908, -0.141162, -0.856825], [0.532368, 0.828948, 0.171552], [0.686046, -0.54122, 0.486232]], [[0.495908, -0.141162, -0.856825], [0.214827, 0.975972, -0.0364548], [0.841383, -0.165991, 0.514317]], [[0.495908, -0.141162, -0.856825], [-0.0785976, 0.975353, -0.206179], [0.864811, 0.16959, 0.47259]]], "btipPosition": [139.644, 111.002, 62.1411], "carpPosition": [67.6659, 85.7418, 107.962], "dipPosition": [122.357, 114.392, 71.5879], "direction": [0.841383, 0.165991, -0.514317], "extended": false, "handId": 79, "id": 790, "length": 44.5133, "mcpPosition": [67.6659, 85.7418, 107.962], "pipPosition": [97.8548, 109.558, 86.5656], "stabilizedTipPosition": [137.465, 112.609, 64.3269], "timeVisible": 5.94023, "tipPosition": [134.51, 116.612, 63.5684], "tipVelocity": [-41.7616, -33.2515, -3.38341], "tool": false, "touchDistance": 0.33751, "touchZone": "hovering", "type": 0, "width": 18.4546}, {"bases": [[[-0.311044, -0.929111, -0.200011], [0.74465, -0.107482, -0.658745], [0.59055, -0.353836, 0.725294]], [[-0.275072, -0.948657, -0.156159], [-0.242073, 0.225532, -0.943682], [0.930449, -0.221779, -0.291681]], [[-0.275072, -0.948657, -0.156159], [-0.940168, 0.231454, 0.250024], [-0.201044, 0.215591, -0.955564]], [[-0.275072, -0.948657, -0.156159], [-0.538243, 0.0173658, 0.842611], [-0.796637, 0.31583, -0.515385]]], "btipPosition": [117.409, 93.2697, 82.8249], "carpPosition": [60.4523, 72.6828, 83.9437], "dipPosition": [130.195, 98.3389, 74.5527], "direction": [-0.201044, -0.215591, 0.955564], "extended": false, "handId": 79, "id": 792, "length": 57.2312, "mcpPosition": [96.7729, 94.4449, 39.3359], "pipPosition": [135.078, 103.575, 51.344], "stabilizedTipPosition": [122.552, 92.965, 84.7487], "timeVisible": 5.94023, "tipPosition": [117.931, 92.3936, 83.7381], "tipVelocity": [-21.4583, 20.8949, -90.5036], "tool": false, "touchDistance": 0.333333, "touchZone": "none", "type": 2, "width": 17.3129}, {"bases": [[[-0.275993, -0.960291, -0.0408657], [0.73897, -0.184813, -0.647895], [0.614615, -0.209013, 0.760633]], [[-0.262055, -0.964762, -0.0236934], [-0.419778, 0.136061, -0.89737], [0.868973, -0.225215, -0.440641]], [[-0.262055, -0.964762, -0.0236934], [-0.915923, 0.240906, 0.321013], [-0.303994, 0.105825, -0.946778]], [[-0.262055, -0.964762, -0.0236934], [-0.508165, 0.117076, 0.853265], [-0.820424, 0.235643, -0.520939]]], "btipPosition": [110.455, 76.7125, 86.2693], "carpPosition": [63.6404, 62.8407, 80.7409], "dipPosition": [123.548, 80.473, 77.9561], "direction": [-0.303994, -0.105825, 0.946778], "extended": false, "handId": 79, "id": 793, "length": 55.0293, "mcpPosition": [97.5791, 74.3823, 38.7391], "pipPosition": [130.74, 82.9769, 55.5546], "stabilizedTipPosition": [115.293, 77.5341, 84.8151], "timeVisible": 5.94023, "tipPosition": [112.047, 76.8779, 83.8382], "tipVelocity": [-44.468, -6.58877, -16.8459], "tool": false, "touchDistance": 0.333333, "touchZone": "none", "type": 3, "width": 16.4743}, {"bases": [[[-0.321283, -0.934202, 0.15506], [0.738424, -0.349658, -0.576601], [0.59288, -0.0707518, 0.802177]], [[-0.341031, -0.931296, 0.128007], [-0.389582, 0.0160894, -0.920851], [0.855525, -0.363909, -0.368303]], [[-0.341031, -0.931296, 0.128007], [-0.905329, 0.362043, 0.222047], [-0.253136, -0.0401636, -0.966597]], [[-0.341031, -0.931296, 0.128007], [-0.549578, 0.307994, 0.776598], [-0.762668, 0.194494, -0.616855]]], "btipPosition": [110.931, 64.8115, 78.2609], "carpPosition": [70.245, 52.3971, 82.9131], "dipPosition": [122.16, 67.6749, 69.1794], "direction": [-0.253136, 0.0401636, 0.966597], "extended": false, "handId": 79, "id": 794, "length": 43.1419, "mcpPosition": [100.551, 56.0136, 41.9089], "pipPosition": [126.388, 67.004, 53.032], "stabilizedTipPosition": [115.203, 65.0394, 76.6273], "timeVisible": 5.94023, "tipPosition": [113.271, 64.5062, 75.6844], "tipVelocity": [-47.7016, 6.95684, -18.3875], "tool": false, "touchDistance": 0.333333, "touchZone": "none", "type": 4, "width": 14.6338}], "r": [[0.635987, 0.43527, 0.637229], [0.414268, 0.504106, -0.757799], [-0.651078, 0.745934, 0.140287]], "s": 0.996256, "t": [-66.5973, -60.9474, -61.9385], "timestamp": 17563361882}, {"currentFrameRate": 112.441, "devices": [], "gestures": [], "hands": [{"armBasis": [[0.670727, -0.563204, -0.482625], [0.358997, -0.322885, 0.875709], [-0.649036, -0.760622, -0.0143789]], "armWidth": 57.4912, "confidence": 1, "direction": [0.473907, 0.328305, -0.817085], "elbow": [221.901, -133.467, 101.418], "grabAngle": 2.59684, "grabStrength": 0, "id": 79, "palmNormal": [0.86119, 0.0208276, 0.507856], "palmPosition": [89.5807, 84.8259, 58.5079], "palmVelocity": [-53.8993, 5.66738, -16.0471], "palmWidth": 80.2111, "pinchDistance": 55.3759, "pinchStrength": 0.815421, "r": [[0.638255, 0.433795, 0.635966], [0.413989, 0.503081, -0.758632], [-0.649033, 0.747483, 0.141507]], "s": 0.993581, "sphereCenter": [132.961, 69.0164, 57.6069], "sphereRadius": 46.905, "stabilizedPalmPosition": [91.9043, 85.0712, 59.5243], "t": [66.158, -60.9335, -62.07], "timeVisible": 5.94903, "type": "left", "wrist": [67.4211, 47.5724, 104.841]}], "id": 56439, "interactionBox": {"center": [0, 200, 0], "size": [235.247, 235.247, 147.751]}, "pointables": [{"bases": [[[-0.260711, -0.875813, -0.406179], [0.786937, 0.0509328, -0.614927], [0.559249, -0.479956, 0.675931]], [[-0.0661686, -0.983875, -0.166169], [0.801287, 0.0468459, -0.596443], [0.59461, -0.172615, 0.785267]], [[-0.0661686, -0.983875, -0.166169], [0.78188, 0.0523371, -0.621228], [0.619907, -0.17103, 0.765809]], [[-0.0661686, -0.983875, -0.166169], [0.741064, 0.0630604, -0.668467], [0.668167, -0.167374, 0.724941]]], "btipPosition": [138.697, 125.171, -9.64915], "carpPosition": [58.0605, 81.7364, 89.3919], "dipPosition": [128.947, 122.728, 0.929953], "direction": [0.619907, 0.17103, -0.765809], "extended": true, "handId": 79, "id": 791, "length": 50.2283, "mcpPosition": [94.3303, 112.864, 45.5547], "pipPosition": [116.149, 119.198, 16.7395], "stabilizedTipPosition": [138.285, 123.924, -6.59862], "timeVisible": 5.94903, "tipPosition": [136.477, 126.735, -6.26918], "tipVelocity": [-76.1613, 39.1544, -20.5736], "tool": false, "touchDistance": 0.308772, "touchZone": "hovering", "type": 1, "width": 17.6278}, {"bases": [[[0.603857, -0.334567, -0.723479], [0.717966, 0.622561, 0.311358], [0.34624, -0.707449, 0.616145]], [[0.493781, -0.140243, -0.858203], [0.533608, 0.828121, 0.171693], [0.686617, -0.542723, 0.483745]], [[0.493781, -0.140243, -0.858203], [0.211177, 0.976705, -0.0381044], [0.843555, -0.162417, 0.511895]], [[0.493781, -0.140243, -0.858203], [-0.0878504, 0.973815, -0.209682], [0.865137, 0.178931, 0.468531]]], "btipPosition": [139.201, 110.748, 62.2336], "carpPosition": [67.1281, 85.7127, 107.793], "dipPosition": [121.908, 114.325, 71.5992], "direction": [0.843555, 0.162417, -0.511895], "extended": false, "handId": 79, "id": 790, "length": 44.5133, "mcpPosition": [67.1281, 85.7127, 107.793], "pipPosition": [97.3422, 109.595, 86.5064], "stabilizedTipPosition": [137.058, 112.421, 64.3379], "timeVisible": 5.94903, "tipPosition": [133.999, 116.615, 63.528], "tipVelocity": [-50.4951, -23.9568, 8.39474], "tool": false, "touchDistance": 0.338201, "touchZone": "hovering", "type": 0, "width": 18.4546}, {"bases": [[[-0.313065, -0.928369, -0.200303], [0.743619, -0.108417, -0.659755], [0.590779, -0.355495, 0.724295]], [[-0.277076, -0.948015, -0.156511], [-0.226564, 0.222756, -0.948182], [0.933755, -0.227259, -0.276506]], [[-0.277076, -0.948015, -0.156511], [-0.939999, 0.233696, 0.248574], [-0.199076, 0.215994, -0.955885]], [[-0.277076, -0.948015, -0.156511], [-0.536327, 0.017442, 0.84383], [-0.797234, 0.317746, -0.513279]]], "btipPosition": [117.115, 93.5317, 82.0484], "carpPosition": [59.9695, 72.6577, 83.7566], "dipPosition": [129.911, 98.6317, 73.81], "direction": [-0.199076, -0.215994, 0.955885], "extended": false, "handId": 79, "id": 792, "length": 57.2312, "mcpPosition": [96.3043, 94.5217, 39.2102], "pipPosition": [134.746, 103.878, 50.5936], "stabilizedTipPosition": [122.499, 93.0023, 84.6502], "timeVisible": 5.94903, "tipPosition": [117.533, 92.5815, 83.4757], "tipVelocity": [-33.1998, 30.5709, -87.3469], "tool": false, "touchDistance": 0.333333, "touchZone": "none", "type": 2, "width": 17.3129}, {"bases": [[[-0.277875, -0.959732, -0.0412248], [0.737806, -0.185745, -0.648954], [0.615165, -0.210744, 0.75971]], [[-0.26577, -0.963677, -0.0263333], [-0.420152, 0.140371, -0.896531], [0.867663, -0.227207, -0.442197]], [[-0.26577, -0.963677, -0.0263333], [-0.914556, 0.243396, 0.323026], [-0.304883, 0.109934, -0.946024]], [[-0.26577, -0.963677, -0.0263333], [-0.506318, 0.116287, 0.85447], [-0.820371, 0.240426, -0.518832]]], "btipPosition": [109.955, 76.6939, 86.1378], "carpPosition": [63.1803, 62.824, 80.5505], "dipPosition": [123.047, 80.5307, 77.8582], "direction": [-0.304883, -0.109934, 0.946024], "extended": false, "handId": 79, "id": 793, "length": 55.0293, "mcpPosition": [97.1495, 74.4612, 38.5997], "pipPosition": [130.261, 83.1318, 55.4746], "stabilizedTipPosition": [114.953, 77.5403, 84.73], "timeVisible": 5.94903, "tipPosition": [111.563, 76.9544, 83.7213], "tipVelocity": [-56.8198, -0.121706, -14.0651], "tool": false, "touchDistance": 0.333333, "touchZone": "none", "type": 3, "width": 16.4743}, {"bases": [[[-0.322871, -0.933702, 0.154777], [0.737035, -0.350641, -0.577781], [0.593746, -0.0724725, 0.801382]], [[-0.34136, -0.930965, 0.129531], [-0.391401, 0.0154984, -0.92009], [0.854563, -0.36478, -0.369671]], [[-0.34136, -0.930965, 0.129531], [-0.904564, 0.362828, 0.223873], [-0.255415, -0.040748, -0.965972]], [[-0.34136, -0.930965, 0.129531], [-0.547439, 0.308942, 0.777731], [-0.764058, 0.194576, -0.615107]]], "btipPosition": [110.445, 64.9287, 78.1169], "carpPosition": [69.8021, 52.3914, 82.7233], "dipPosition": [121.694, 67.7933, 69.0611], "direction": [-0.255415, 0.040748, 0.965972], "extended": false, "handId": 79, "id": 794, "length": 43.1419, "mcpPosition": [100.152, 56.0959, 41.7598], "pipPosition": [125.961, 67.1126, 52.9241], "stabilizedTipPosition": [114.888, 65.1188, 76.5413], "timeVisible": 5.94903, "tipPosition": [112.815, 64.5907, 75.5587], "tipVelocity": [-54.7084, 13.3441, -15.6915], "tool": false, "touchDistance": 0.333333, "touchZone": "none", "type": 4, "width": 14.6338}], "r": [[0.638255, 0.433795, 0.635966], [0.413989, 0.503081, -0.758632], [-0.649033, 0.747483, 0.141507]], "s": 0.993581, "t": [-66.158, -60.9335, -62.07], "timestamp": 17563370682}, {"currentFrameRate": 112.601, "devices": [], "gestures": [], "hands": [{"armBasis": [[0.66799, -0.567698, -0.481154], [0.35903, -0.320487, 0.876576], [-0.651834, -0.758292, -0.010262]], "armWidth": 57.4912, "confidence": 1, "direction": [0.473837, 0.326577, -0.817818], "elbow": [222.099, -132.751, 102.313], "grabAngle": 2.59607, "grabStrength": 0, "id": 79, "palmNormal": [0.860402, 0.0261342, 0.508946], "palmPosition": [89.0401, 84.8723, 58.2953], "palmVelocity": [-62.8422, 5.39268, -24.7132], "palmWidth": 80.2111, "pinchDistance": 55.5406, "pinchStrength": 0.838641, "r": [[0.640557, 0.432681, 0.634408], [0.413919, 0.501314, -0.759839], [-0.646806, 0.749314, 0.142025]], "s": 0.990823, "sphereCenter": [132.281, 69.6798, 57.455], "sphereRadius": 46.6049, "stabilizedPalmPosition": [91.5688, 85.0479, 59.3803], "t": [65.668, -60.9033, -62.242], "timeVisible": 5.95764, "type": "left", "wrist": [66.9525, 47.7344, 104.755]}], "id": 56440, "interactionBox": {"center": [0, 200, 0], "size": [235.247, 235.247, 147.751]}, "pointables": [{"bases": [[[-0.264478, -0.876564, -0.402104], [0.786263, 0.0454438, -0.616218], [0.558428, -0.479136, 0.677191]], [[-0.0712922, -0.983959, -0.163528], [0.803058, 0.0406199, -0.594515], [0.591621, -0.173707, 0.787281]], [[-0.0712922, -0.983959, -0.163528], [0.784149, 0.0460364, -0.618863], [0.616464, -0.172351, 0.768289]], [[-0.0712922, -0.983959, -0.163528], [0.74274, 0.0570608, -0.667144], [0.665774, -0.169021, 0.726758]]], "btipPosition": [137.857, 125.271, -10.1256], "carpPosition": [57.4885, 81.7981, 89.1487], "dipPosition": [128.141, 122.804, 0.480038], "direction": [0.616464, 0.172351, -0.768289], "extended": true, "handId": 79, "id": 791, "length": 50.2283, "mcpPosition": [93.705, 112.872, 45.2299], "pipPosition": [115.414, 119.246, 16.3408], "stabilizedTipPosition": [137.662, 124.106, -6.85324], "timeVisible": 5.95764, "tipPosition": [135.867, 126.636, -6.61734], "tipVelocity": [-96.8159, 10.9675, -54.6704], "tool": false, "touchDistance": 0.300934, "touchZone": "hovering", "type": 1, "width": 17.6278}, {"bases": [[[0.601623, -0.339838, -0.722883], [0.720671, 0.621238, 0.307728], [0.344505, -0.706097, 0.618662]], [[0.491664, -0.145043, -0.85862], [0.53626, 0.827302, 0.167321], [0.68607, -0.542709, 0.484536]], [[0.491664, -0.145043, -0.85862], [0.21016, 0.976647, -0.0446392], [0.845044, -0.1585, 0.510665]], [[0.491664, -0.145043, -0.85862], [-0.094937, 0.971224, -0.218428], [0.865594, 0.188908, 0.463746]]], "btipPosition": [138.618, 110.607, 62.0826], "carpPosition": [66.5159, 85.8855, 107.546], "dipPosition": [121.315, 114.383, 71.3526], "direction": [0.845044, 0.1585, -0.510665], "extended": false, "handId": 79, "id": 790, "length": 44.5133, "mcpPosition": [66.5159, 85.8855, 107.546], "pipPosition": [96.7059, 109.767, 86.2239], "stabilizedTipPosition": [136.631, 112.254, 64.3162], "timeVisible": 5.95764, "tipPosition": [133.365, 116.723, 63.2638], "tipVelocity": [-68.0999, -11.0965, -20.1138], "tool": false, "touchDistance": 0.335118, "touchZone": "hovering", "type": 0, "width": 18.4546}, {"bases": [[[-0.316738, -0.928055, -0.195935], [0.7423, -0.113934, -0.66031], [0.590481, -0.354588, 0.724983]], [[-0.280761, -0.947648, -0.152109], [-0.210184, 0.215344, -0.953651], [0.936481, -0.235777, -0.259641]], [[-0.280761, -0.947648, -0.152109], [-0.939239, 0.238669, 0.246715], [-0.197495, 0.212135, -0.957076]], [[-0.280761, -0.947648, -0.152109], [-0.534815, 0.0228721, 0.84466], [-0.796961, 0.318498, -0.513238]]], "btipPosition": [116.72, 93.9532, 81.1381], "carpPosition": [59.4385, 72.7026, 83.5546], "dipPosition": [129.512, 99.0652, 72.9004], "direction": [-0.197495, -0.212135, 0.957076], "extended": false, "handId": 79, "id": 792, "length": 57.2312, "mcpPosition": [95.755, 94.5109, 38.9659], "pipPosition": [134.309, 104.218, 49.6549], "stabilizedTipPosition": [122.447, 93.0407, 84.5527], "timeVisible": 5.95764, "tipPosition": [117.059, 92.9446, 83.0776], "tipVelocity": [-45.9536, 49.3175, -105.8], "tool": false, "touchDistance": 0.333333, "touchZone": "none", "type": 2, "width": 17.3129}, {"bases": [[[-0.281443, -0.958873, -0.0367736], [0.736218, -0.191194, -0.649174], [0.615445, -0.209779, 0.75975]], [[-0.271147, -0.962236, -0.0241075], [-0.420019, 0.140818, -0.896523], [0.866062, -0.232964, -0.44234]], [[-0.271147, -0.962236, -0.0241075], [-0.912735, 0.249085, 0.323838], [-0.305604, 0.109812, -0.945805]], [[-0.271147, -0.962236, -0.0241075], [-0.504676, 0.120796, 0.854816], [-0.819623, 0.243948, -0.518371]]], "btipPosition": [109.414, 76.8503, 85.9727], "carpPosition": [62.6898, 62.8673, 80.3947], "dipPosition": [122.494, 80.7433, 77.7004], "direction": [-0.305604, -0.109812, 0.945805], "extended": false, "handId": 79, "id": 793, "length": 55.0293, "mcpPosition": [96.6744, 74.4512, 38.4416], "pipPosition": [129.725, 83.3415, 55.322], "stabilizedTipPosition": [114.597, 77.5692, 84.6372], "timeVisible": 5.95764, "tipPosition": [111.023, 77.191, 83.5745], "tipVelocity": [-63.2379, 19.68, -18.9995], "tool": false, "touchDistance": 0.333333, "touchZone": "none", "type": 3, "width": 16.4743}, {"bases": [[[-0.32607, -0.931848, 0.159178], [0.734943, -0.355784, -0.577302], [0.59459, -0.0712541, 0.800865]], [[-0.342736, -0.929463, 0.13649], [-0.393196, 0.00997724, -0.9194], [0.853187, -0.36878, -0.368881]], [[-0.342736, -0.929463, 0.13649], [-0.903325, 0.36596, 0.223779], [-0.257945, -0.0465977, -0.965035]], [[-0.342736, -0.929463, 0.13649], [-0.54505, 0.315079, 0.776947], [-0.765149, 0.191894, -0.614593]]], "btipPosition": [109.933, 65.2013, 77.9937], "carpPosition": [69.3467, 52.4683, 82.6208], "dipPosition": [121.198, 68.0265, 68.9455], "direction": [-0.257945, 0.0465977, 0.965035], "extended": false, "handId": 79, "id": 794, "length": 43.1419, "mcpPosition": [99.7399, 56.1106, 41.6837], "pipPosition": [125.507, 67.248, 52.8242], "stabilizedTipPosition": [114.555, 65.2222, 76.4526], "timeVisible": 5.95764, "tipPosition": [112.325, 64.7992, 75.4655], "tipVelocity": [-59.1061, 30.6377, -14.118], "tool": false, "touchDistance": 0.333333, "touchZone": "none", "type": 4, "width": 14.6338}], "r": [[0.640557, 0.432681, 0.634408], [0.413919, 0.501314, -0.759839], [-0.646806, 0.749314, 0.142025]], "s": 0.990823, "t": [-65.668, -60.9033, -62.242], "timestamp": 17563379285}, {"currentFrameRate": 112.666, "devices": [], "gestures": [], "hands": [{"armBasis": [[0.662455, -0.573798, -0.481569], [0.3609, -0.318869, 0.876398], [-0.656433, -0.754373, -0.0041529]], "armWidth": 57.4912, "confidence": 1, "direction": [0.475412, 0.325906, -0.817171], "elbow": [222.609, -131.673, 103.567], "grabAngle": 2.59398, "grabStrength": 0, "id": 79, "palmNormal": [0.858007, 0.0335333, 0.512543], "palmPosition": [88.4326, 84.9496, 58.0308], "palmVelocity": [-69.3302, 8.82488, -30.1863], "palmWidth": 80.2111, "pinchDistance": 55.7368, "pinchStrength": 0.863045, "r": [[0.643464, 0.431556, 0.632229], [0.413802, 0.498741, -0.761594], [-0.643989, 0.751676, 0.142343]], "s": 0.988104, "sphereCenter": [131.491, 70.6291, 57.3693], "sphereRadius": 46.2153, "stabilizedPalmPosition": [91.2026, 85.0365, 59.2228], "t": [65.1192, -60.8496, -62.4603], "timeVisible": 5.9664, "type": "left", "wrist": [66.3675, 47.8796, 104.556]}], "id": 56441, "interactionBox": {"center": [0, 200, 0], "size": [235.247, 235.247, 147.751]}, "pointables": [{"bases": [[[-0.271505, -0.876674, -0.397149], [0.783835, 0.0380284, -0.619803], [0.558468, -0.479579, 0.676843]], [[-0.0795799, -0.983741, -0.160999], [0.803288, 0.0323484, -0.594712], [0.590251, -0.176656, 0.787653]], [[-0.0795799, -0.983741, -0.160999], [0.78571, 0.037493, -0.617458], [0.613455, -0.175636, 0.769951]], [[-0.0795799, -0.983741, -0.160999], [0.743676, 0.0489597, -0.666746], [0.663787, -0.172791, 0.727688]]], "btipPosition": [136.995, 125.55, -10.5528], "carpPosition": [56.7662, 81.8177, 88.7606], "dipPosition": [127.309, 123.029, 0.0664287], "direction": [0.613455, 0.175636, -0.769951], "extended": true, "handId": 79, "id": 791, "length": 50.2283, "mcpPosition": [92.9853, 112.921, 44.8643], "pipPosition": [114.644, 119.403, 15.9615], "stabilizedTipPosition": [136.99, 124.307, -7.14492], "timeVisible": 5.9664, "tipPosition": [135.275, 126.671, -6.89178], "tipVelocity": [-97.4997, 30.444, -48.3921], "tool": false, "touchDistance": 0.293866, "touchZone": "hovering", "type": 1, "width": 17.6278}, {"bases": [[[0.596413, -0.346586, -0.723996], [0.725735, 0.618189, 0.301911], [0.342928, -0.705493, 0.620226]], [[0.48647, -0.15081, -0.860583], [0.541203, 0.825275, 0.161308], [0.685891, -0.544222, 0.48309]], [[0.48647, -0.15081, -0.860583], [0.210178, 0.976265, -0.0522724], [0.84804, -0.155447, 0.50662]], [[0.48647, -0.15081, -0.860583], [-0.102116, 0.968425, -0.227432], [0.867709, 0.198518, 0.455709]]], "btipPosition": [137.912, 110.546, 62.0574], "carpPosition": [65.6887, 86.039, 107.178], "dipPosition": [120.567, 114.514, 71.1667], "direction": [0.84804, 0.155447, -0.50662], "extended": false, "handId": 79, "id": 790, "length": 44.5133, "mcpPosition": [65.6887, 86.039, 107.178], "pipPosition": [95.8708, 109.987, 85.9203], "stabilizedTipPosition": [136.134, 112.108, 64.2862], "timeVisible": 5.9664, "tipPosition": [132.58, 116.936, 63.0825], "tipVelocity": [-81.6247, -1.91066, -7.08855], "tool": false, "touchDistance": 0.334008, "touchZone": "hovering", "type": 0, "width": 18.4546}, {"bases": [[[-0.323178, -0.926959, -0.190534], [0.738721, -0.12127, -0.663012], [0.591479, -0.355022, 0.723955]], [[-0.287129, -0.946579, -0.14678], [-0.196484, 0.208175, -0.958153], [0.937524, -0.246274, -0.245761]], [[-0.287129, -0.946579, -0.14678], [-0.93768, 0.246439, 0.244998], [-0.195737, 0.207978, -0.958349]], [[-0.287129, -0.946579, -0.14678], [-0.535334, 0.0315028, 0.844053], [-0.794339, 0.320928, -0.515781]]], "btipPosition": [116.266, 94.4815, 80.3614], "carpPosition": [58.7953, 72.7102, 83.2145], "dipPosition": [129.016, 99.6326, 72.0829], "direction": [-0.195737, -0.207978, 0.958349], "extended": false, "handId": 79, "id": 792, "length": 57.2312, "mcpPosition": [95.1732, 94.5452, 38.6889], "pipPosition": [133.77, 104.684, 48.8066], "stabilizedTipPosition": [122.389, 93.0881, 84.4425], "timeVisible": 5.9664, "tipPosition": [116.424, 93.4037, 82.7006], "tipVelocity": [-52.9213, 61.3193, -89.7], "tool": false, "touchDistance": 0.333333, "touchZone": "none", "type": 2, "width": 17.3129}, {"bases": [[[-0.287377, -0.957303, -0.0313947], [0.732222, -0.198442, -0.651515], [0.617467, -0.210218, 0.757986]], [[-0.278532, -0.960207, -0.0205702], [-0.422616, 0.141767, -0.895152], [0.862447, -0.240635, -0.445285]], [[-0.278532, -0.960207, -0.0205702], [-0.909097, 0.256677, 0.328116], [-0.309779, 0.110091, -0.944414]], [[-0.278532, -0.960207, -0.0205702], [-0.499265, 0.126462, 0.857171], [-0.82046, 0.24902, -0.514622]]], "btipPosition": [108.705, 77.0936, 85.8064], "carpPosition": [62.1195, 62.8812, 80.1113], "dipPosition": [121.799, 81.0676, 77.5939], "direction": [-0.309779, -0.110091, 0.944414], "extended": false, "handId": 79, "id": 793, "length": 55.0293, "mcpPosition": [96.2158, 74.4894, 38.2557], "pipPosition": [129.128, 83.6724, 55.2485], "stabilizedTipPosition": [114.182, 77.6324, 84.5334], "timeVisible": 5.9664, "tipPosition": [110.358, 77.513, 83.4403], "tipVelocity": [-80.5157, 29.8938, -17.4053], "tool": false, "touchDistance": 0.333333, "touchZone": "none", "type": 3, "width": 16.4743}, {"bases": [[[-0.330987, -0.929163, 0.164629], [0.730266, -0.36271, -0.578924], [0.597627, -0.0713938, 0.798589]], [[-0.345032, -0.927215, 0.145692], [-0.398265, 0.00407347, -0.917261], [0.849905, -0.374508, -0.370683]], [[-0.345032, -0.927215, 0.145692], [-0.900522, 0.370785, 0.227111], [-0.2646, -0.052838, -0.96291]], [[-0.345032, -0.927215, 0.145692], [-0.538602, 0.322717, 0.778307], [-0.768675, 0.190071, -0.610747]]], "btipPosition": [109.309, 65.5766, 77.8628], "carpPosition": [68.8293, 52.5324, 82.4113], "dipPosition": [120.625, 68.3749, 68.8713], "direction": [-0.2646, 0.052838, 0.96291], "extended": false, "handId": 79, "id": 794, "length": 43.1419, "mcpPosition": [99.3777, 56.1818, 41.5905], "pipPosition": [125.046, 67.4922, 52.7854], "stabilizedTipPosition": [114.172, 65.3665, 76.3575], "timeVisible": 5.9664, "tipPosition": [111.764, 65.0989, 75.391], "tipVelocity": [-69.8907, 42.1218, -13.4456], "tool": false, "touchDistance": 0.333333, "touchZone": "none", "type": 4, "width": 14.6338}], "r": [[0.643464, 0.431556, 0.632229], [0.413802, 0.498741, -0.761594], [-0.643989, 0.751676, 0.142343]], "s": 0.988104, "t": [-65.1192, -60.8496, -62.4603], "timestamp": 17563388048}, {"currentFrameRate": 112.773, "devices": [], "gestures": [], "hands": [{"armBasis": [[0.659436, -0.578967, -0.479522], [0.359351, -0.317505, 0.877529], [-0.660311, -0.750991, -0.00132166]], "armWidth": 57.4912, "confidence": 1, "direction": [0.473819, 0.325349, -0.818318], "elbow": [222.945, -130.757, 104.06], "grabAngle": 2.58881, "grabStrength": 0, "id": 79, "palmNormal": [0.857765, 0.039834, 0.512497], "palmPosition": [87.6599, 85.0031, 57.7158], "palmVelocity": [-88.9925, 6.15521, -36.2792], "palmWidth": 80.2111, "pinchDistance": 55.9156, "pinchStrength": 0.891961, "r": [[0.64624, 0.430444, 0.630152], [0.414194, 0.495695, -0.763368], [-0.64095, 0.754324, 0.14205]], "s": 0.985472, "sphereCenter": [130.556, 71.4605, 57.0674], "sphereRadius": 45.8678, "stabilizedPalmPosition": [90.7934, 85.0326, 59.0487], "t": [64.4585, -60.796, -62.727], "timeVisible": 5.97508, "type": "left", "wrist": [65.7808, 47.9908, 104.374]}], "id": 56442, "interactionBox": {"center": [0, 200, 0], "size": [235.247, 235.247, 147.751]}, "pointables": [{"bases": [[[-0.276062, -0.876716, -0.393902], [0.783951, 0.0317147, -0.620012], [0.556067, -0.479962, 0.678547]], [[-0.0859074, -0.983545, -0.158932], [0.805404, 0.0253441, -0.592185], [0.586468, -0.178878, 0.789973]], [[-0.0859074, -0.983545, -0.158932], [0.788935, 0.0302643, -0.613731], [0.608442, -0.178111, 0.773353]], [[-0.0859074, -0.983545, -0.158932], [0.746606, 0.0420741, -0.663935], [0.659697, -0.175697, 0.730706]]], "btipPosition": [135.778, 125.753, -11.1693], "carpPosition": [56.0066, 81.8209, 88.4539], "dipPosition": [126.151, 123.189, -0.506096], "direction": [0.608442, 0.178111, -0.773353], "extended": true, "handId": 79, "id": 791, "length": 50.2283, "mcpPosition": [92.07, 112.949, 44.4471], "pipPosition": [113.59, 119.512, 15.4592], "stabilizedTipPosition": [136.212, 124.501, -7.50209], "timeVisible": 5.97508, "tipPosition": [134.28, 126.695, -7.3827], "tipVelocity": [-138.626, 22.265, -69.8495], "tool": false, "touchDistance": 0.284839, "touchZone": "hovering", "type": 1, "width": 17.6278}, {"bases": [[[0.594538, -0.352309, -0.722775], [0.728944, 0.615546, 0.299571], [0.33936, -0.704969, 0.622779]], [[0.485028, -0.155574, -0.860549], [0.544566, 0.823697, 0.15802], [0.684248, -0.54527, 0.484236]], [[0.485028, -0.155574, -0.860549], [0.208926, 0.976167, -0.0587193], [0.849175, -0.151311, 0.505972]], [[0.485028, -0.155574, -0.860549], [-0.109938, 0.965394, -0.236492], [0.867561, 0.209313, 0.451139]]], "btipPosition": [137.086, 110.372, 61.7958], "carpPosition": [64.9052, 86.1557, 106.857], "dipPosition": [119.744, 114.556, 70.8137], "direction": [0.849175, 0.151311, -0.505972], "extended": false, "handId": 79, "id": 790, "length": 44.5133, "mcpPosition": [64.9052, 86.1557, 106.857], "pipPosition": [95.015, 110.15, 85.5484], "stabilizedTipPosition": [135.588, 111.969, 64.2113], "timeVisible": 5.97508, "tipPosition": [131.685, 117.059, 62.6903], "tipVelocity": [-95.0305, -14.2606, -32.5576], "tool": false, "touchDistance": 0.329297, "touchZone": "hovering", "type": 0, "width": 18.4546}, {"bases": [[[-0.32797, -0.925975, -0.187099], [0.738011, -0.127506, -0.662632], [0.589725, -0.355405, 0.725198]], [[-0.292018, -0.94562, -0.143277], [-0.178942, 0.20118, -0.963071], [0.939524, -0.255596, -0.227959]], [[-0.292018, -0.94562, -0.143277], [-0.939666, 0.255756, 0.227192], [-0.178194, 0.200977, -0.963253]], [[-0.292018, -0.94562, -0.143277], [-0.550782, 0.0437989, 0.833499], [-0.781898, 0.322311, -0.533621]]], "btipPosition": [116.154, 95.0302, 79.6846], "carpPosition": [58.0833, 72.7037, 82.9414], "dipPosition": [128.704, 100.203, 71.1197], "direction": [-0.178194, -0.200977, 0.963252], "extended": false, "handId": 79, "id": 792, "length": 57.2312, "mcpPosition": [94.3532, 94.5622, 38.3395], "pipPosition": [133.032, 105.085, 47.7243], "stabilizedTipPosition": [122.333, 93.1399, 84.3312], "timeVisible": 5.97508, "tipPosition": [115.782, 93.8227, 82.1166], "tipVelocity": [-18.1711, 63.7788, -85.5459], "tool": false, "touchDistance": 0.333333, "touchZone": "none", "type": 2, "width": 17.3129}, {"bases": [[[-0.292308, -0.955919, -0.027853], [0.731116, -0.204602, -0.650851], [0.616462, -0.210613, 0.758694]], [[-0.284879, -0.95838, -0.0187342], [-0.421827, 0.14289, -0.895346], [0.860759, -0.247162, -0.444977]], [[-0.284879, -0.95838, -0.0187342], [-0.90686, 0.263129, 0.329192], [-0.310562, 0.110769, -0.944077]], [[-0.284879, -0.95838, -0.0187342], [-0.497029, 0.130974, 0.857793], [-0.819638, 0.253678, -0.513654]]], "btipPosition": [107.919, 77.2735, 85.4955], "carpPosition": [61.4584, 62.8806, 79.8748], "dipPosition": [120.999, 81.3218, 77.2985], "direction": [-0.310562, -0.110769, 0.944077], "extended": false, "handId": 79, "id": 793, "length": 55.0293, "mcpPosition": [95.4992, 74.5105, 37.98], "pipPosition": [128.347, 83.9426, 54.961], "stabilizedTipPosition": [113.725, 77.7127, 84.404], "timeVisible": 5.97508, "tipPosition": [109.628, 77.7754, 83.1572], "tipVelocity": [-90.9337, 22.6847, -35.3966], "tool": false, "touchDistance": 0.333333, "touchZone": "none", "type": 3, "width": 16.4743}, {"bases": [[[-0.335751, -0.926835, 0.16807], [0.728323, -0.368589, -0.577657], [0.597342, -0.0715398, 0.79879]], [[-0.346841, -0.925339, 0.153131], [-0.399918, -0.00177726, -0.916549], [0.848391, -0.379137, -0.369443]], [[-0.346841, -0.925339, 0.153131], [-0.898926, 0.374549, 0.227257], [-0.267645, -0.0588315, -0.96172]], [[-0.346841, -0.925339, 0.153131], [-0.535299, 0.32936, 0.777803], [-0.770166, 0.187803, -0.609569]]], "btipPosition": [108.567, 65.9, 77.5799], "carpPosition": [68.2212, 52.575, 82.2133], "dipPosition": [119.906, 68.6649, 68.6057], "direction": [-0.267645, 0.0588315, 0.96172], "extended": false, "handId": 79, "id": 794, "length": 43.1419, "mcpPosition": [98.755, 56.2318, 41.3823], "pipPosition": [124.377, 67.6821, 52.5398], "stabilizedTipPosition": [113.749, 65.5315, 76.2387], "timeVisible": 5.97508, "tipPosition": [111.092, 65.3447, 75.1534], "tipVelocity": [-84.7986, 36.361, -32.1242], "tool": false, "touchDistance": 0.333333, "touchZone": "none", "type": 4, "width": 14.6338}], "r": [[0.64624, 0.430444, 0.630152], [0.414194, 0.495695, -0.763368], [-0.64095, 0.754324, 0.14205]], "s": 0.985472, "t": [-64.4585, -60.796, -62.727], "timestamp": 17563396730}, {"currentFrameRate": 112.886, "devices": [], "gestures": [], "hands": [{"armBasis": [[0.659712, -0.581374, -0.476219], [0.356037, -0.316266, 0.879325], [-0.661829, -0.749653, -0.00165388]], "armWidth": 57.4912, "confidence": 1, "direction": [0.470668, 0.324475, -0.82048], "elbow": [222.605, -130.332, 103.776], "grabAngle": 2.58365, "grabStrength": 0, "id": 79, "palmNormal": [0.859235, 0.0427195, 0.509794], "palmPosition": [86.7414, 85.0489, 57.3622], "palmVelocity": [-106.045, 5.28818, -40.8206], "palmWidth": 80.2111, "pinchDistance": 56.0826, "pinchStrength": 0.918764, "r": [[0.648247, 0.429565, 0.62869], [0.415162, 0.492742, -0.764752], [-0.638292, 0.756756, 0.141079]], "s": 0.983051, "sphereCenter": [129.416, 72.1675, 56.5668], "sphereRadius": 45.5198, "stabilizedPalmPosition": [90.3193, 85.0345, 58.8514], "t": [63.6688, -60.7463, -63.0371], "timeVisible": 5.98374, "type": "left", "wrist": [65.0794, 48.097, 104.17]}], "id": 56443, "interactionBox": {"center": [0, 200, 0], "size": [235.247, 235.247, 147.751]}, "pointables": [{"bases": [[[-0.276646, -0.877035, -0.392781], [0.785894, 0.0287376, -0.617693], [0.553026, -0.479567, 0.681306]], [[-0.0889438, -0.983279, -0.15891], [0.809124, 0.0217142, -0.587237], [0.580868, -0.180809, 0.793663]], [[-0.0889438, -0.983279, -0.15891], [0.79404, 0.0263203, -0.607295], [0.601323, -0.180196, 0.778422]], [[-0.0889438, -0.983279, -0.15891], [0.751507, 0.0384598, -0.658604], [0.653702, -0.178, 0.735519]]], "btipPosition": [134.323, 125.926, -11.9089], "carpPosition": [55.1881, 81.8714, 88.2035], "dipPosition": [124.783, 123.328, -1.17543], "direction": [0.601323, 0.180196, -0.778422], "extended": true, "handId": 79, "id": 791, "length": 50.2283, "mcpPosition": [91.0543, 112.973, 44.0178], "pipPosition": [112.369, 119.608, 14.8945], "stabilizedTipPosition": [135.283, 124.689, -7.94273], "timeVisible": 5.98374, "tipPosition": [133.058, 126.66, -8.00178], "tipVelocity": [-165.728, 19.0126, -83.5169], "tool": false, "touchDistance": 0.275471, "touchZone": "hovering", "type": 1, "width": 17.6278}, {"bases": [[[0.596013, -0.355131, -0.720174], [0.729281, 0.614737,