{"frames": 63, "data": [{"currentFrameRate": 107.436, "devices": [], "gestures": [], "hands": [{"armBasis": [[-0.809, -0.328312, 0.487577], [-0.11365, -0.726466, -0.67774], [0.576718, -0.603704, 0.550398]], "armWidth": 56.1572, "confidence": 1, "direction": [0.13451, 0.121115, -0.983483], "elbow": [-135.212, -83.0297, 178.128], "grabAngle": 0.484767, "grabStrength": 0, "id": 109, "palmNormal": [-0.0419746, 0.992308, 0.116461], "palmPosition": [9.10014, 77.6388, -16.1806], "palmVelocity": [12.8942, 1.37244, -2.45721], "palmWidth": 80.246, "pinchDistance": 52.8399, "pinchStrength": 0, "r": [[0.971786, -0.112299, 0.207414], [0.184294, 0.910328, -0.370591], [-0.147197, 0.39836, 0.905341]], "s": 1.00336, "sphereCenter": [-6.88718, 157.572, -25.9888], "sphereRadius": 84.9292, "stabilizedPalmPosition": [8.31426, 77.8141, -15.8959], "t": [-18.2763, -18.397, -40.7807], "timeVisible": 6.89432, "type": "left", "wrist": [2.14326, 60.7532, 47.0413]}], "id": 73123, "interactionBox": {"center": [0, 200, 0], "size": [235.247, 235.247, 147.751]}, "pointables": [{"bases": [[[-0.462173, -0.853606, -0.240319], [0.830487, -0.511656, 0.220224], [-0.310945, -0.0978003, 0.945383]], [[-0.351771, -0.788271, -0.504862], [0.895005, -0.441246, 0.0653342], [-0.274269, -0.428871, 0.860724]], [[-0.351771, -0.788271, -0.504862], [0.932123, -0.245396, -0.266321], [0.0860418, -0.564278, 0.821089]], [[-0.351771, -0.788271, -0.504862], [0.805302, 0.0201204, -0.592523], [0.477227, -0.614999, 0.627719]]], "btipPosition": [-15.9964, 124.857, -43.2994], "carpPosition": [-16.1922, 76.7042, 31.7478], "dipPosition": [-25.716, 112.331, -30.5148], "direction": [0.0860418, 0.564278, -0.821089], "extended": false, "handId": 109, "id": 1090, "length": 45.3538, "mcpPosition": [-16.1922, 76.7042, 31.7478], "pipPosition": [-28.269, 95.5885, -6.15197], "stabilizedTipPosition": [-20.0287, 122.586, -40.0524], "timeVisible": 6.89432, "tipPosition": [-16.4794, 120.789, -39.8372], "tipVelocity": [30.397, -7.8179, -9.28785], "tool": false, "touchDistance": 0.297786, "touchZone": "hovering", "type": 0, "width": 17.8395}, {"bases": [[[-0.930495, 0.203532, 0.304556], [-0.271503, -0.941339, -0.200419], [0.245898, -0.269177, 0.93117]], [[-0.961167, 0.254503, 0.106704], [-0.275203, -0.912717, -0.302012], [0.0205278, -0.31965, 0.947313]], [[-0.961167, 0.254503, 0.106704], [-0.274233, -0.837557, -0.472541], [-0.0308922, -0.483453, 0.874825]], [[-0.961167, 0.254503, 0.106704], [-0.265633, -0.748401, -0.607729], [-0.0748114, -0.612474, 0.786943]]], "btipPosition": [26.7669, 110.319, -101.229], "carpPosition": [14.3456, 61.4066, 20.9303], "dipPosition": [27.9833, 100.36, -88.4341], "direction": [-0.0308922, 0.483453, -0.874825], "extended": true, "handId": 109, "id": 1093, "length": 56.0683, "mcpPosition": [27.9299, 76.2769, -30.5108], "pipPosition": [28.7281, 88.7056, -67.3443], "stabilizedTipPosition": [26.0667, 107.425, -99.0404], "timeVisible": 6.89432, "tipPosition": [27.7874, 106.86, -96.5195], "tipVelocity": [27.8348, 12.0527, 12.6724], "tool": false, "touchDistance": 0.254606, "touchZone": "hovering", "type": 3, "width": 15.9252}, {"bases": [[[-0.838044, 0.32373, 0.439182], [-0.390125, -0.918281, -0.0675507], [0.381424, -0.227947, 0.895855]], [[-0.897508, 0.362864, 0.250619], [-0.42176, -0.872299, -0.247414], [0.128837, -0.327757, 0.935936]], [[-0.897508, 0.362864, 0.250619], [-0.440943, -0.747458, -0.496866], [0.00703245, -0.55645, 0.830851]], [[-0.897508, 0.362864, 0.250619], [-0.435078, -0.635759, -0.637588], [-0.0720241, -0.681279, 0.728472]]], "btipPosition": [46.6797, 109.4, -74.5], "carpPosition": [24.1705, 67.9669, 25.1814], "dipPosition": [47.76, 99.1804, -63.5728], "direction": [0.00703245, 0.55645, -0.830851], "extended": true, "handId": 109, "id": 1094, "length": 43.9565, "mcpPosition": [43.6759, 79.6237, -20.6312], "pipPosition": [47.6403, 89.7091, -49.4309], "stabilizedTipPosition": [46.7318, 106.132, -73.0596], "timeVisible": 6.89432, "tipPosition": [46.2998, 106.355, -71.2186], "tipVelocity": [19.1636, 25.9014, 23.9605], "tool": false, "touchDistance": 0.270356, "touchZone": "hovering", "type": 4, "width": 14.146}, {"bases": [[[-0.998553, 0.0455879, -0.0285364], [-0.0365221, -0.964256, -0.262442], [-0.0394806, -0.26102, 0.964526]], [[-0.999284, 0.0326489, 0.0191055], [-0.0373029, -0.934364, -0.354361], [0.00628203, -0.35482, 0.934914]], [[-0.999284, 0.0326489, 0.0191055], [-0.037811, -0.846884, -0.530431], [-0.00113782, -0.530774, 0.847513]], [[-0.999284, 0.0326489, 0.0191055], [-0.0372136, -0.757789, -0.651438], [-0.00679076, -0.651682, 0.758461]]], "btipPosition": [-9.60727, 111.973, -105.21], "carpPosition": [-7.15563, 60.9178, 21.429], "dipPosition": [-9.5063, 102.284, -93.9328], "direction": [-0.00113782, 0.530774, -0.847513], "extended": true, "handId": 109, "id": 1091, "length": 51.1767, "mcpPosition": [-9.71724, 77.8534, -41.1519], "pipPosition": [-9.48237, 91.1193, -76.1062], "stabilizedTipPosition": [-11.5885, 110.562, -102.377], "timeVisible": 6.89432, "tipPosition": [-7.43431, 107.397, -102.185], "tipVelocity": [33.1867, -16.5242, -9.51965], "tool": false, "touchDistance": 0.299884, "touchZone": "hovering", "type": 1, "width": 17.0403}, {"bases": [[[-0.973751, 0.173614, 0.147198], [-0.205671, -0.948164, -0.242249], [0.0975099, -0.266164, 0.958983]], [[-0.977957, 0.208255, 0.0151828], [-0.203986, -0.937313, -0.282549], [-0.0446111, -0.279418, 0.959133]], [[-0.977957, 0.208255, 0.0151828], [-0.192119, -0.868928, -0.45613], [-0.0817985, -0.448992, 0.889784]], [[-0.977957, 0.208255, 0.0151828], [-0.176379, -0.784971, -0.593894], [-0.111763, -0.583481, 0.8044]]], "btipPosition": [3.88621, 108.846, -114.184], "carpPosition": [3.60965, 60.0952, 20.2278], "dipPosition": [5.71394, 99.3037, -101.029], "direction": [-0.0817985, 0.448992, -0.889784], "extended": true, "handId": 109, "id": 1092, "length": 58.3118, "mcpPosition": [9.60943, 76.4723, -38.7783], "pipPosition": [7.73817, 88.1927, -79.01], "stabilizedTipPosition": [2.736, 106.65, -111.415], "timeVisible": 6.89432, "tipPosition": [7.40596, 104.771, -109.487], "tipVelocity": [34.1332, -4.90108, 0.378445], "tool": false, "touchDistance": 0.274897, "touchZone": "hovering", "type": 2, "width": 16.7359}], "r": [[0.971786, -0.112299, 0.207414], [0.184294, 0.910328, -0.370591], [-0.147197, 0.39836, 0.905341]], "s": 1.00336, "t": [18.2763, -18.397, -40.7807], "timestamp": 17710587467}, {"currentFrameRate": 107.689, "devices": [], "gestures": [], "hands": [{"armBasis": [[-0.80779, -0.328178, 0.489667], [-0.115875, -0.726078, -0.677779], [0.577969, -0.604243, 0.548491]], "armWidth": 56.1623, "confidence": 1, "direction": [0.136633, 0.122922, -0.982966], "elbow": [-135.521, -83.2197, 177.553], "grabAngle": 0.483874, "grabStrength": 0, "id": 109, "palmNormal": [-0.0433067, 0.992064, 0.11804], "palmPosition": [9.19256, 77.6471, -16.2202], "palmVelocity": [10.471, 0.936688, -4.48201], "palmWidth": 80.2328, "pinchDistance": 52.8321, "pinchStrength": 0, "r": [[0.971951, -0.113076, 0.206215], [0.18446, 0.910468, -0.370167], [-0.145896, 0.397822, 0.905788]], "s": 1.0021, "sphereCenter": [-7.51355, 156.513, -26.3397], "sphereRadius": 84.1218, "stabilizedPalmPosition": [8.34019, 77.8092, -15.9055], "t": [-18.1827, -18.3902, -40.822], "timeVisible": 6.90315, "type": "left", "wrist": [2.10465, 60.6619, 46.9467]}], "id": 73124, "interactionBox": {"center": [0, 200, 0], "size": [235.247, 235.247, 147.751]}, "pointables": [{"bases": [[[-0.463639, -0.852703, -0.2407], [0.83044, -0.512916, 0.217454], [-0.308883, -0.0990664, 0.945927]], [[-0.353907, -0.787146, -0.505125], [0.895131, -0.441608, 0.0610087], [-0.27109, -0.430562, 0.860887]], [[-0.353907, -0.787146, -0.505125], [0.930852, -0.243944, -0.272041], [0.0909139, -0.566473, 0.81905]], [[-0.353907, -0.787146, -0.505125], [0.804307, 0.0194897, -0.593895], [0.477327, -0.616459, 0.626209]]], "btipPosition": [-15.7254, 124.906, -43.296], "carpPosition": [-16.2033, 76.6046, 31.6386], "dipPosition": [-25.4416, 112.358, -30.5493], "direction": [0.0909139, 0.566473, -0.81905], "extended": false, "handId": 109, "id": 1090, "length": 45.3284, "mcpPosition": [-16.2033, 76.6046, 31.6386], "pipPosition": [-28.1376, 95.5594, -6.26054], "stabilizedTipPosition": [-19.8869, 122.547, -40.0738], "timeVisible": 6.90315, "tipPosition": [-16.3971, 120.824, -39.8682], "tipVelocity": [30.7919, 5.00048, -0.599062], "tool": false, "touchDistance": 0.297698, "touchZone": "hovering", "type": 0, "width": 17.8435}, {"bases": [[[-0.929575, 0.204012, 0.307032], [-0.272972, -0.940707, -0.201386], [0.247742, -0.271014, 0.930148]], [[-0.960697, 0.255574, 0.108363], [-0.276778, -0.911849, -0.303192], [0.0213224, -0.321268, 0.946748]], [[-0.960697, 0.255574, 0.108363], [-0.275935, -0.836522, -0.473382], [-0.0303366, -0.484678, 0.874166]], [[-0.960697, 0.255574, 0.108363], [-0.267413, -0.747254, -0.60836], [-0.0745065, -0.613427, 0.786229]]], "btipPosition": [26.9396, 110.461, -101.136], "carpPosition": [14.3688, 61.3605, 20.8697], "dipPosition": [28.1503, 100.492, -88.3595], "direction": [-0.0303366, 0.484678, -0.874166], "extended": true, "handId": 109, "id": 1093, "length": 56.0369, "mcpPosition": [28.0527, 76.3298, -30.5065], "pipPosition": [28.8813, 88.8144, -67.2974], "stabilizedTipPosition": [26.1228, 107.461, -98.9993], "timeVisible": 6.90315, "tipPosition": [28.0277, 107.031, -96.4766], "tipVelocity": [19.4147, 15.8061, 10.0866], "tool": false, "touchDistance": 0.25609, "touchZone": "hovering", "type": 3, "width": 15.9287}, {"bases": [[[-0.836687, 0.323883, 0.441649], [-0.391265, -0.917747, -0.0682066], [0.383231, -0.229869, 0.894591]], [[-0.896641, 0.363477, 0.252824], [-0.4233, -0.871159, -0.248797], [0.129817, -0.330102, 0.934976]], [[-0.896641, 0.363477, 0.252824], [-0.442702, -0.745133, -0.49879], [0.00708876, -0.559161, 0.829029]], [[-0.896641, 0.363477, 0.252824], [-0.436796, -0.632775, -0.639379], [-0.0724189, -0.683726, 0.726137]]], "btipPosition": [46.7964, 109.59, -74.3303], "carpPosition": [24.1745, 67.9229, 25.1532], "dipPosition": [47.8821, 99.34, -63.4442], "direction": [0.00708876, 0.559161, -0.829029], "extended": true, "handId": 109, "id": 1094, "length": 43.9319, "mcpPosition": [43.7692, 79.6761, -20.5872], "pipPosition": [47.7615, 89.828, -49.3413], "stabilizedTipPosition": [46.7441, 106.175, -73.0111], "timeVisible": 6.90315, "tipPosition": [46.4912, 106.501, -71.1289], "tipVelocity": [13.3684, 20.7889, 18.1539], "tool": false, "touchDistance": 0.273026, "touchZone": "hovering", "type": 4, "width": 14.1492}, {"bases": [[[-0.998566, 0.0467043, -0.0261693], [-0.0381586, -0.963771, -0.263986], [-0.0375505, -0.262609, 0.964171]], [[-0.999212, 0.0339128, 0.0206237], [-0.0390238, -0.934279, -0.354401], [0.0072495, -0.354927, 0.934866]], [[-0.999212, 0.0339128, 0.0206237], [-0.0396885, -0.847309, -0.529615], [-0.000486111, -0.530016, 0.847988]], [[-0.999212, 0.0339128, 0.0206237], [-0.0391766, -0.75924, -0.649631], [-0.00637251, -0.649927, 0.75997]]], "btipPosition": [-9.39794, 111.946, -105.282], "carpPosition": [-7.12794, 60.8478, 21.3186], "dipPosition": [-9.30324, 102.288, -93.9886], "direction": [-0.000486111, 0.530016, -0.847988], "extended": true, "handId": 109, "id": 1091, "length": 51.1481, "mcpPosition": [-9.56391, 77.8838, -41.229], "pipPosition": [-9.29302, 91.1462, -76.1619], "stabilizedTipPosition": [-11.4389, 110.505, -102.398], "timeVisible": 6.90315, "tipPosition": [-7.20081, 107.557, -102.217], "tipVelocity": [23.5542, -2.21638, -7.72513], "tool": false, "touchDistance": 0.298747, "touchZone": "hovering", "type": 1, "width": 17.0441}, {"bases": [[[-0.973224, 0.174406, 0.149724], [-0.207244, -0.947532, -0.243377], [0.0994214, -0.26789, 0.958306]], [[-0.977654, 0.20956, 0.0166343], [-0.205627, -0.93685, -0.282896], [-0.0436996, -0.279995, 0.959006]], [[-0.977654, 0.20956, 0.0166343], [-0.193951, -0.868651, -0.455881], [-0.0810848, -0.44892, 0.889885]], [[-0.977654, 0.20956, 0.0166343], [-0.178341, -0.784911, -0.593388], [-0.111294, -0.583095, 0.804745]]], "btipPosition": [4.09829, 108.891, -114.18], "carpPosition": [3.63838, 60.039, 20.1409], "dipPosition": [5.91732, 99.3606, -101.027], "direction": [-0.0810848, 0.44892, -0.889885], "extended": true, "handId": 109, "id": 1092, "length": 58.2791, "mcpPosition": [9.75476, 76.5195, -38.8139], "pipPosition": [7.92277, 88.2576, -79.0178], "stabilizedTipPosition": [2.8648, 106.654, -111.396], "timeVisible": 6.90315, "tipPosition": [7.65489, 104.951, -109.499], "tipVelocity": [23.8022, 5.43196, 0.377115], "tool": false, "touchDistance": 0.274952, "touchZone": "hovering", "type": 2, "width": 16.7396}], "r": [[0.971951, -0.113076, 0.206215], [0.18446, 0.910468, -0.370167], [-0.145896, 0.397822, 0.905788]], "s": 1.0021, "t": [18.1827, -18.3902, -40.822], "timestamp": 17710596293}, {"currentFrameRate": 108.17, "devices": [], "gestures": [], "hands": [{"armBasis": [[-0.807054, -0.331398, 0.488712], [-0.115189, -0.723395, -0.680758], [0.579134, -0.605703, 0.545645]], "armWidth": 56.1663, "confidence": 1, "direction": [0.134352, 0.119482, -0.983704], "elbow": [-135.652, -83.432, 176.842], "grabAngle": 0.484391, "grabStrength": 0, "id": 109, "palmNormal": [-0.043387, 0.992462, 0.11462], "palmPosition": [9.20442, 77.5796, -16.258], "palmVelocity": [1.41645, -8.05865, -4.51607], "palmWidth": 80.2223, "pinchDistance": 52.7312, "pinchStrength": 0, "r": [[0.97198, -0.113617, 0.20578], [0.184823, 0.910304, -0.370389], [-0.145239, 0.398043, 0.905796]], "s": 1.00077, "sphereCenter": [-7.1798, 157.124, -26.2878], "sphereRadius": 84.6536, "stabilizedPalmPosition": [8.36298, 77.8031, -15.9148], "t": [-18.13, -18.4205, -40.8615], "timeVisible": 6.91152, "type": "left", "wrist": [2.22832, 60.7735, 46.9347]}], "id": 73125, "interactionBox": {"center": [0, 200, 0], "size": [235.247, 235.247, 147.751]}, "pointables": [{"bases": [[[-0.46339, -0.853392, -0.238731], [0.829762, -0.512427, 0.221163], [-0.311071, -0.0956051, 0.945566]], [[-0.353576, -0.789237, -0.502085], [0.895262, -0.44108, 0.0628855], [-0.271092, -0.427263, 0.862529]], [[-0.353576, -0.789237, -0.502085], [0.930657, -0.242791, -0.273736], [0.0941406, -0.564055, 0.820353]], [[-0.353576, -0.789237, -0.502085], [0.805069, 0.0165456, -0.59295], [0.476285, -0.613866, 0.62954]]], "btipPosition": [-15.5292, 124.714, -43.4364], "carpPosition": [-16.0779, 76.6983, 31.6541], "dipPosition": [-25.2198, 112.224, -30.6276], "direction": [0.0941406, 0.564055, -0.820353], "extended": false, "handId": 109, "id": 1090, "length": 45.3081, "mcpPosition": [-16.0779, 76.6983, 31.6541], "pipPosition": [-28.0103, 95.5047, -6.31113], "stabilizedTipPosition": [-19.7572, 122.504, -40.0992], "timeVisible": 6.91152, "tipPosition": [-16.4765, 120.684, -40.009], "tipVelocity": [24.1341, -21.3526, -15.0636], "tool": false, "touchDistance": 0.295595, "touchZone": "hovering", "type": 0, "width": 17.8466}, {"bases": [[[-0.9302, 0.20542, 0.304189], [-0.272844, -0.941322, -0.198671], [0.245528, -0.267799, 0.931665]], [[-0.960765, 0.2559, 0.106984], [-0.276621, -0.912238, -0.302163], [0.0202719, -0.319902, 0.947234]], [[-0.960765, 0.2559, 0.106984], [-0.275566, -0.836842, -0.473031], [-0.0315194, -0.483953, 0.874526]], [[-0.960765, 0.2559, 0.106984], [-0.266917, -0.748175, -0.607445], [-0.0754019, -0.612168, 0.787125]]], "btipPosition": [26.8329, 110.243, -101.22], "carpPosition": [14.4695, 61.4286, 20.8731], "dipPosition": [28.0576, 100.299, -88.4348], "direction": [-0.0315194, 0.483953, -0.874526], "extended": true, "handId": 109, "id": 1093, "length": 56.0119, "mcpPosition": [28.0293, 76.2184, -30.5801], "pipPosition": [28.8167, 88.6443, -67.3734], "stabilizedTipPosition": [26.1676, 107.483, -98.9668], "timeVisible": 6.91152, "tipPosition": [27.8371, 106.701, -96.6814], "tipVelocity": [-12.3558, -25.3137, -9.79976], "tool": false, "touchDistance": 0.254722, "touchZone": "hovering", "type": 3, "width": 15.9316}, {"bases": [[[-0.837577, 0.325735, 0.438591], [-0.391431, -0.917849, -0.0658435], [0.381112, -0.226827, 0.896272]], [[-0.896654, 0.364349, 0.251519], [-0.423454, -0.871592, -0.24701], [0.129224, -0.32799, 0.935801]], [[-0.896654, 0.364349, 0.251519], [-0.442697, -0.745084, -0.498868], [0.00564066, -0.558659, 0.829378]], [[-0.896654, 0.364349, 0.251519], [-0.436492, -0.632458, -0.639899], [-0.0740713, -0.683554, 0.726132]]], "btipPosition": [46.7229, 109.429, -74.4605], "carpPosition": [24.2809, 68.0085, 25.1101], "dipPosition": [47.8328, 99.1863, -63.5793], "direction": [0.00564066, 0.558659, -0.829378], "extended": true, "handId": 109, "id": 1094, "length": 43.9123, "mcpPosition": [43.7646, 79.6046, -20.7102], "pipPosition": [47.7369, 89.6871, -49.4768], "stabilizedTipPosition": [46.7521, 106.206, -72.9751], "timeVisible": 6.91152, "tipPosition": [46.3737, 106.259, -71.3594], "tipVelocity": [-8.11683, -19.013, -15.6824], "tool": false, "touchDistance": 0.270837, "touchZone": "hovering", "type": 4, "width": 14.1517}, {"bases": [[[-0.998487, 0.0469545, -0.0286095], [-0.0378966, -0.964688, -0.260654], [-0.0398381, -0.259175, 0.965008]], [[-0.999223, 0.0337645, 0.0203141], [-0.0387601, -0.935053, -0.352383], [0.00709668, -0.352897, 0.935635]], [[-0.999223, 0.0337645, 0.0203141], [-0.0394007, -0.849058, -0.526828], [-0.000540267, -0.527219, 0.849729]], [[-0.999223, 0.0337645, 0.0203141], [-0.0389005, -0.763072, -0.645141], [-0.00628179, -0.645431, 0.763793]]], "btipPosition": [-9.44553, 111.567, -105.367], "carpPosition": [-7.02189, 60.9101, 21.3731], "dipPosition": [-9.35222, 101.98, -94.0219], "direction": [-0.000540267, 0.527219, -0.849729], "extended": true, "handId": 109, "id": 1091, "length": 51.1252, "mcpPosition": [-9.60593, 77.7211, -41.2206], "pipPosition": [-9.34087, 90.9018, -76.1666], "stabilizedTipPosition": [-11.3105, 110.433, -102.421], "timeVisible": 6.91152, "tipPosition": [-7.41577, 107.201, -102.327], "tipVelocity": [-5.7215, -43.3355, -8.73352], "tool": false, "touchDistance": 0.297529, "touchZone": "hovering", "type": 1, "width": 17.0471}, {"bases": [[[-0.973501, 0.175271, 0.146887], [-0.207023, -0.948318, -0.240488], [0.0971449, -0.264524, 0.959474]], [[-0.977686, 0.209497, 0.0155259], [-0.205348, -0.937506, -0.280917], [-0.0442955, -0.277837, 0.959606]], [[-0.977686, 0.209497, 0.0155259], [-0.19356, -0.869659, -0.454122], [-0.0816347, -0.446994, 0.890804]], [[-0.977686, 0.209497, 0.0155259], [-0.177968, -0.786744, -0.591068], [-0.111612, -0.580642, 0.806472]]], "btipPosition": [4.01779, 108.551, -114.254], "carpPosition": [3.73995, 60.101, 20.1738], "dipPosition": [5.8412, 99.0651, -101.078], "direction": [-0.0816347, 0.446994, -0.890804], "extended": true, "handId": 109, "id": 1092, "length": 58.2531, "mcpPosition": [9.71549, 76.3723, -38.8451], "pipPosition": [7.85935, 88.0147, -79.0562], "stabilizedTipPosition": [2.97043, 106.635, -111.384], "timeVisible": 6.91152, "tipPosition": [7.41175, 104.571, -109.647], "tipVelocity": [-9.49277, -39.3619, -8.16754], "tool": false, "touchDistance": 0.273813, "touchZone": "hovering", "type": 2, "width": 16.7425}], "r": [[0.97198, -0.113617, 0.20578], [0.184823, 0.910304, -0.370389], [-0.145239, 0.398043, 0.905796]], "s": 1.00077, "t": [18.13, -18.4205, -40.8615], "timestamp": 17710604667}, {"currentFrameRate": 108.267, "devices": [], "gestures": [], "hands": [{"armBasis": [[-0.806287, -0.332624, 0.489145], [-0.115503, -0.722474, -0.681682], [0.580138, -0.606129, 0.544103]], "armWidth": 56.1696, "confidence": 1, "direction": [0.135829, 0.120792, -0.983341], "elbow": [-135.88, -83.5927, 176.367], "grabAngle": 0.483569, "grabStrength": 0, "id": 109, "palmNormal": [-0.0426697, 0.992332, 0.116002], "palmPosition": [9.29559, 77.5859, -16.3068], "palmVelocity": [10.061, 0.691417, -5.38469], "palmWidth": 80.2138, "pinchDistance": 52.7155, "pinchStrength": 0, "r": [[0.972081, -0.113938, 0.205127], [0.184849, 0.910313, -0.370353], [-0.144532, 0.397931, 0.905959]], "s": 0.999754, "sphereCenter": [-7.44966, 156.431, -26.53], "sphereRadius": 84.1084, "stabilizedPalmPosition": [8.38805, 77.7973, -15.9253], "t": [-18.058, -18.4325, -40.9057], "timeVisible": 6.92059, "type": "left", "wrist": [2.22072, 60.6952, 46.8442]}], "id": 73126, "interactionBox": {"center": [0, 200, 0], "size": [235.247, 235.247, 147.751]}, "pointables": [{"bases": [[[-0.462968, -0.853454, -0.239325], [0.830522, -0.512013, 0.219261], [-0.309667, -0.0972539, 0.945858]], [[-0.353775, -0.788975, -0.502357], [0.896014, -0.439956, 0.0599715], [-0.268331, -0.428902, 0.862578]], [[-0.353775, -0.788975, -0.502357], [0.93018, -0.240489, -0.277362], [0.0980203, -0.565406, 0.818968]], [[-0.353775, -0.788975, -0.502357], [0.804393, 0.0174228, -0.593842], [0.477278, -0.614179, 0.628482]]], "btipPosition": [-15.2485, 124.779, -43.4495], "carpPosition": [-16.0509, 76.6575, 31.5624], "dipPosition": [-24.9559, 112.287, -30.6668], "direction": [0.0980203, 0.565406, -0.818968], "extended": false, "handId": 109, "id": 1090, "length": 45.2919, "mcpPosition": [-16.0509, 76.6575, 31.5624], "pipPosition": [-27.8603, 95.5336, -6.40002], "stabilizedTipPosition": [-19.6086, 122.465, -40.126], "timeVisible": 6.92059, "tipPosition": [-16.3228, 120.756, -40.0344], "tipVelocity": [30.5491, 7.10299, -2.09996], "tool": false, "touchDistance": 0.295278, "touchZone": "hovering", "type": 0, "width": 17.8491}, {"bases": [[[-0.929956, 0.204153, 0.305783], [-0.272288, -0.941273, -0.199658], [0.247064, -0.268935, 0.930931]], [[-0.960873, 0.255031, 0.108087], [-0.27617, -0.912094, -0.303009], [0.0213086, -0.321004, 0.946838]], [[-0.960873, 0.255031, 0.108087], [-0.275329, -0.836717, -0.47339], [-0.030291, -0.484627, 0.874196]], [[-0.960873, 0.255031, 0.108087], [-0.266895, -0.748061, -0.607595], [-0.0741, -0.612669, 0.786858]]], "btipPosition": [27.0317, 110.309, -101.19], "carpPosition": [14.4935, 61.3781, 20.8046], "dipPosition": [28.2349, 100.36, -88.4134], "direction": [-0.030291, 0.484627, -0.874196], "extended": true, "handId": 109, "id": 1093, "length": 55.9918, "mcpPosition": [28.1368, 76.229, -30.6028], "pipPosition": [28.9641, 88.6932, -67.3675], "stabilizedTipPosition": [26.2234, 107.509, -98.9318], "timeVisible": 6.92059, "tipPosition": [28.0632, 106.813, -96.668], "tipVelocity": [21.3943, 7.11685, 3.11734], "tool": false, "touchDistance": 0.255193, "touchZone": "hovering", "type": 3, "width": 15.9338}, {"bases": [[[-0.837252, 0.324356, 0.440231], [-0.390711, -0.918098, -0.0666321], [0.382563, -0.227791, 0.895409]], [[-0.896674, 0.363227, 0.253066], [-0.423077, -0.871397, -0.248342], [0.130317, -0.329748, 0.935031]], [[-0.896674, 0.363227, 0.253066], [-0.442644, -0.744098, -0.500384], [0.00655339, -0.560699, 0.827994]], [[-0.896674, 0.363227, 0.253066], [-0.43655, -0.630615, -0.641676], [-0.0734866, -0.68585, 0.724023]]], "btipPosition": [46.8743, 109.524, -74.3595], "carpPosition": [24.3034, 67.9423, 25.0641], "dipPosition": [47.9751, 99.2499, -63.5139], "direction": [0.00655339, 0.560699, -0.827994], "extended": true, "handId": 109, "id": 1094, "length": 43.8965, "mcpPosition": [43.8592, 79.5865, -20.7073], "pipPosition": [47.8637, 89.7193, -49.4399], "stabilizedTipPosition": [46.7656, 106.24, -72.9352], "timeVisible": 6.92059, "tipPosition": [46.5697, 106.316, -71.3172], "tipVelocity": [16.4717, 9.62424, 10.237], "tool": false, "touchDistance": 0.272383, "touchZone": "hovering", "type": 4, "width": 14.1536}, {"bases": [[[-0.998567, 0.0461116, -0.0271497], [-0.0374076, -0.964342, -0.262003], [-0.038263, -0.260612, 0.964685]], [[-0.99923, 0.0329857, 0.0212567], [-0.0383663, -0.934968, -0.352652], [0.00824183, -0.353196, 0.935513]], [[-0.99923, 0.0329857, 0.0212567], [-0.0392357, -0.849164, -0.52667], [0.000677826, -0.527098, 0.849804]], [[-0.99923, 0.0329857, 0.0212567], [-0.0389202, -0.763863, -0.644204], [-0.00501236, -0.644535, 0.764558]]], "btipPosition": [-9.22978, 111.61, -105.424], "carpPosition": [-6.99571, 60.8779, 21.2741], "dipPosition": [-9.15535, 102.039, -94.0715], "direction": [0.000677826, 0.527098, -0.849804], "extended": true, "handId": 109, "id": 1091, "length": 51.1069, "mcpPosition": [-9.47731, 77.7803, -41.2921], "pipPosition": [-9.16959, 90.9674, -76.221], "stabilizedTipPosition": [-11.1709, 110.364, -102.447], "timeVisible": 6.92059, "tipPosition": [-7.19307, 107.362, -102.359], "tipVelocity": [23.3289, 5.09853, -6.09038], "tool": false, "touchDistance": 0.296609, "touchZone": "hovering", "type": 1, "width": 17.0495}, {"bases": [[[-0.97345, 0.174195, 0.148498], [-0.20652, -0.948151, -0.241578], [0.0987169, -0.265831, 0.958952]], [[-0.977823, 0.208785, 0.0164755], [-0.204915, -0.937505, -0.281237], [-0.0432721, -0.278376, 0.959497]], [[-0.977823, 0.208785, 0.0164755], [-0.193368, -0.869796, -0.453942], [-0.0804458, -0.44706, 0.890879]], [[-0.977823, 0.208785, 0.0164755], [-0.178031, -0.7872, -0.590442], [-0.110306, -0.580281, 0.806912]]], "btipPosition": [4.23495, 108.597, -114.278], "carpPosition": [3.76543, 60.0611, 20.0886], "dipPosition": [6.03638, 99.12, -101.1], "direction": [-0.0804458, 0.44706, -0.890879], "extended": true, "handId": 109, "id": 1092, "length": 58.2322, "mcpPosition": [9.83703, 76.4111, -38.8919], "pipPosition": [8.02442, 88.0719, -79.084], "stabilizedTipPosition": [3.08881, 106.619, -111.375], "timeVisible": 6.92059, "tipPosition": [7.6356, 104.727, -109.67], "tipVelocity": [23.4059, 5.26365, -2.61483], "tool": false, "touchDistance": 0.273418, "touchZone": "hovering", "type": 2, "width": 16.7449}], "r": [[0.972081, -0.113938, 0.205127], [0.184849, 0.910313, -0.370353], [-0.144532, 0.397931, 0.905959]], "s": 0.999754, "t": [18.058, -18.4325, -40.9057], "timestamp": 17710613729}, {"currentFrameRate": 108.776, "devices": [], "gestures": [], "hands": [{"armBasis": [[-0.805524, -0.333892, 0.489538], [-0.115434, -0.721889, -0.682313], [0.581211, -0.606129, 0.542957]], "armWidth": 56.1722, "confidence": 1, "direction": [0.137549, 0.12367, -0.982744], "elbow": [-136.156, -83.741, 175.995], "grabAngle": 0.481494, "grabStrength": 0, "id": 109, "palmNormal": [-0.0415118, 0.992023, 0.119028], "palmPosition": [9.37264, 77.595, -16.3317], "palmVelocity": [9.30981, 1.10538, -3.00865], "palmWidth": 80.2071, "pinchDistance": 52.7386, "pinchStrength": 0, "r": [[0.972256, -0.114058, 0.204227], [0.184507, 0.910601, -0.369816], [-0.143788, 0.397237, 0.906382]], "s": 0.99905, "sphereCenter": [-7.85584, 155.337, -26.8117], "sphereRadius": 83.2443, "stabilizedPalmPosition": [8.41214, 77.7923, -15.9353], "t": [-17.9835, -18.434, -40.9402], "timeVisible": 6.92886, "type": "left", "wrist": [2.1852, 60.5317, 46.759]}], "id": 73127, "interactionBox": {"center": [0, 200, 0], "size": [235.247, 235.247, 147.751]}, "pointables": [{"bases": [[[-0.462192, -0.853332, -0.241253], [0.83156, -0.511566, 0.216352], [-0.308037, -0.10062, 0.946038]], [[-0.353559, -0.78793, -0.504146], [0.89703, -0.438397, 0.0560816], [-0.265204, -0.432406, 0.861796]], [[-0.353559, -0.78793, -0.504146], [0.929913, -0.23771, -0.280633], [0.101279, -0.568032, 0.816751]], [[-0.353559, -0.78793, -0.504146], [0.803777, 0.0197778, -0.594602], [0.478475, -0.615448, 0.626327]]], "btipPosition": [-14.9897, 124.921, -43.3641], "carpPosition": [-16.0482, 76.552, 31.4892], "dipPosition": [-24.7186, 112.407, -30.6289], "direction": [0.101279, 0.568032, -0.816751], "extended": false, "handId": 109, "id": 1090, "length": 45.2789, "mcpPosition": [-16.0482, 76.552, 31.4892], "pipPosition": [-27.7187, 95.5803, -6.43473], "stabilizedTipPosition": [-19.4698, 122.441, -40.144], "timeVisible": 6.92886, "tipPosition": [-16.1555, 120.88, -39.9675], "tipVelocity": [30.673, 16.5307, 8.99799], "tool": false, "touchDistance": 0.296519, "touchZone": "hovering", "type": 0, "width": 17.8511}, {"bases": [[[-0.929746, 0.201938, 0.307886], [-0.271332, -0.941015, -0.202162], [0.248901, -0.271498, 0.929697]], [[-0.961105, 0.253652, 0.10926], [-0.27528, -0.91177, -0.30479], [0.0223093, -0.323013, 0.946132]], [[-0.961105, 0.253652, 0.10926], [-0.274663, -0.836394, -0.474347], [-0.0289344, -0.485907, 0.873532]], [[-0.961105, 0.253652, 0.10926], [-0.266467, -0.747638, -0.608303], [-0.0726101, -0.613757, 0.786149]]], "btipPosition": [27.2235, 110.454, -101.113], "carpPosition": [14.4891, 61.266, 20.7343], "dipPosition": [28.4022, 100.491, -88.3512], "direction": [-0.0289344, 0.485907, -0.873532], "extended": true, "handId": 109, "id": 1093, "length": 55.9758, "mcpPosition": [28.2326, 76.2573, -30.6005], "pipPosition": [29.0986, 88.7959, -67.3273], "stabilizedTipPosition": [26.279, 107.538, -98.8988], "timeVisible": 6.92886, "tipPosition": [28.3005, 107.055, -96.5843], "tipVelocity": [22.4954, 17.1046, 8.92716], "tool": false, "touchDistance": 0.256424, "touchZone": "hovering", "type": 3, "width": 15.9356}, {"bases": [[[-0.836991, 0.321846, 0.442561], [-0.389575, -0.918416, -0.0688772], [0.384287, -0.23006, 0.894089]], [[-0.897023, 0.361421, 0.254411], [-0.422087, -0.871257, -0.250505], [0.13112, -0.332093, 0.934089]], [[-0.897023, 0.361421, 0.254411], [-0.441914, -0.743651, -0.501692], [0.0078711, -0.562457, 0.826789]], [[-0.897023, 0.361421, 0.254411], [-0.436007, -0.629255, -0.643379], [-0.072441, -0.68805, 0.722038]]], "btipPosition": [47.0191, 109.626, -74.2286], "carpPosition": [24.2999, 67.803, 25.0292], "dipPosition": [48.1039, 99.3219, -63.4158], "direction": [0.0078711, 0.562457, -0.826789], "extended": true, "handId": 109, "id": 1094, "length": 43.884, "mcpPosition": [43.9422, 79.5622, -20.6709], "pipPosition": [47.9702, 89.7642, -49.3664], "stabilizedTipPosition": [46.7809, 106.271, -72.8988], "timeVisible": 6.92886, "tipPosition": [46.775, 106.45, -71.196], "tipVelocity": [17.0592, 11.4943, 14.9068], "tool": false, "touchDistance": 0.27444, "touchZone": "hovering", "type": 4, "width": 14.1552}, {"bases": [[[-0.99867, 0.0448411, -0.0254291], [-0.0365187, -0.963571, -0.264948], [-0.0363833, -0.263668, 0.963927]], [[-0.999248, 0.0317563, 0.0222375], [-0.037573, -0.934615, -0.353671], [0.00955223, -0.354241, 0.935105]], [[-0.999248, 0.0317563, 0.0222375], [-0.0387084, -0.849088, -0.526831], [0.00215139, -0.527296, 0.849679]], [[-0.999248, 0.0317563, 0.0222375], [-0.0386173, -0.764784, -0.643129], [-0.00341652, -0.643504, 0.765435]]], "btipPosition": [-9.00742, 111.74, -105.452], "carpPosition": [-6.99894, 60.7936, 21.1685], "dipPosition": [-8.95671, 102.188, -94.0896], "direction": [0.00215139, 0.527296, -0.849679], "extended": true, "handId": 109, "id": 1091, "length": 51.0922, "mcpPosition": [-9.35843, 77.8927, -41.3433], "pipPosition": [-9.00189, 91.1151, -76.2469], "stabilizedTipPosition": [-11.0399, 110.315, -102.47], "timeVisible": 6.92886, "tipPosition": [-6.96487, 107.684, -102.323], "tipVelocity": [26.2085, 16.2816, -3.10537], "tool": false, "touchDistance": 0.29618, "touchZone": "hovering", "type": 1, "width": 17.0514}, {"bases": [[[-0.973448, 0.17241, 0.150577], [-0.20562, -0.947673, -0.244206], [0.100594, -0.268684, 0.957961]], [[-0.978041, 0.207664, 0.0176384], [-0.204107, -0.937288, -0.282544], [-0.0421419, -0.27994, 0.959092]], [[-0.978041, 0.207664, 0.0176384], [-0.192842, -0.869631, -0.454481], [-0.0790404, -0.447903, 0.890582]], [[-0.978041, 0.207664, 0.0176384], [-0.177789, -0.787182, -0.590539], [-0.108749, -0.580707, 0.806817]]], "btipPosition": [4.45518, 108.76, -114.256], "carpPosition": [3.76164, 59.966, 19.9975], "dipPosition": [6.23068, 99.2787, -101.083], "direction": [-0.0790404, 0.447903, -0.890582], "extended": true, "handId": 109, "id": 1092, "length": 58.2155, "mcpPosition": [9.94819, 76.49, -38.9171], "pipPosition": [8.18342, 88.213, -79.0807], "stabilizedTipPosition": [3.20117, 106.617, -111.365], "timeVisible": 6.92886, "tipPosition": [7.86473, 105.046, -109.63], "tipVelocity": [25.8897, 19.5726, 2.54215], "tool": false, "touchDistance": 0.273768, "touchZone": "hovering", "type": 2, "width": 16.7467}], "r": [[0.972256, -0.114058, 0.204227], [0.184507, 0.910601, -0.369816], [-0.143788, 0.397237, 0.906382]], "s": 0.99905, "t": [17.9835, -18.434, -40.9402], "timestamp": 17710622005}, {"currentFrameRate": 108.974, "devices": [], "gestures": [], "hands": [{"armBasis": [[-0.805345, -0.339968, 0.485635], [-0.111032, -0.71821, -0.686911], [0.582315, -0.607121, 0.54066]], "armWidth": 56.1742, "confidence": 1, "direction": [0.134697, 0.121565, -0.983402], "elbow": [-136.256, -83.9442, 175.422], "grabAngle": 0.48047, "grabStrength": 0, "id": 109, "palmNormal": [-0.0373472, 0.992364, 0.117557], "palmPosition": [9.39213, 77.538, -16.361], "palmVelocity": [2.20928, -6.46404, -3.31658], "palmWidth": 80.2017, "pinchDistance": 52.6826, "pinchStrength": 0, "r": [[0.972345, -0.11335, 0.204199], [0.18379, 0.910851, -0.369556], [-0.144106, 0.396866, 0.906494]], "s": 0.99825, "sphereCenter": [-7.21314, 155.74, -26.726], "sphereRadius": 83.5288, "stabilizedPalmPosition": [8.43646, 77.786, -15.9458], "t": [-17.9366, -18.4632, -40.9721], "timeVisible": 6.93769, "type": "left", "wrist": [2.33699, 60.5526, 46.743]}], "id": 73128, "interactionBox": {"center": [0, 200, 0], "size": [235.247, 235.247, 147.751]}, "pointables": [{"bases": [[[-0.458135, -0.855468, -0.241425], [0.832758, -0.508056, 0.219984], [-0.310847, -0.100267, 0.945156]], [[-0.349319, -0.790441, -0.503169], [0.898857, -0.434346, 0.0583041], [-0.264636, -0.431911, 0.862219]], [[-0.349319, -0.790441, -0.503169], [0.931256, -0.233483, -0.27973], [0.103628, -0.566294, 0.817663]], [[-0.349319, -0.790441, -0.503169], [0.805331, 0.0212318, -0.592445], [0.478976, -0.61217, 0.62915]]], "btipPosition": [-14.7073, 124.889, -43.4016], "carpPosition": [-15.8687, 76.6685, 31.543], "dipPosition": [-24.4442, 112.445, -30.612], "direction": [0.103628, 0.566294, -0.817663], "extended": false, "handId": 109, "id": 1090, "length": 45.2686, "mcpPosition": [-15.8687, 76.6685, 31.543], "pipPosition": [-27.5132, 95.6735, -6.39639], "stabilizedTipPosition": [-19.3151, 122.415, -40.1634], "timeVisible": 6.93769, "tipPosition": [-16.0617, 120.894, -39.9863], "tipVelocity": [31.8014, -1.77581, -2.83864], "tool": false, "touchDistance": 0.296102, "touchZone": "hovering", "type": 0, "width": 17.8527}, {"bases": [[[-0.93154, 0.198901, 0.304421], [-0.267077, -0.942363, -0.201549], [0.246787, -0.269054, 0.93097]], [[-0.962346, 0.24983, 0.107119], [-0.270964, -0.913029, -0.304887], [0.0216334, -0.322432, 0.946345]], [[-0.962346, 0.24983, 0.107119], [-0.270295, -0.837724, -0.474509], [-0.02881, -0.485596, 0.873708]], [[-0.962346, 0.24983, 0.107119], [-0.262236, -0.749517, -0.607829], [-0.0715658, -0.613032, 0.78681]]], "btipPosition": [27.1819, 110.252, -101.209], "carpPosition": [14.5711, 61.2505, 20.7118], "dipPosition": [28.3433, 100.304, -88.4399], "direction": [-0.02881, 0.485596, -0.873708], "extended": true, "handId": 109, "id": 1093, "length": 55.9629, "mcpPosition": [28.197, 76.1058, -30.6899], "pipPosition": [29.0365, 88.619, -67.4166], "stabilizedTipPosition": [26.3303, 107.557, -98.8713], "timeVisible": 6.93769, "tipPosition": [28.1547, 106.806, -96.737], "tipVelocity": [-5.1716, -22.4277, -10.7332], "tool": false, "touchDistance": 0.254846, "touchZone": "hovering", "type": 3, "width": 15.937}, {"bases": [[[-0.839696, 0.319377, 0.439214], [-0.385854, -0.919998, -0.0687001], [0.382135, -0.22716, 0.895752]], [[-0.898968, 0.358211, 0.252075], [-0.418149, -0.873186, -0.250395], [0.130415, -0.330502, 0.934752]], [[-0.898968, 0.358211, 0.252075], [-0.437934, -0.746088, -0.501564], [0.00840487, -0.561283, 0.827582]], [[-0.898968, 0.358211, 0.252075], [-0.432072, -0.630728, -0.644589], [-0.0719076, -0.68838, 0.721777]]], "btipPosition": [47.0227, 109.36, -74.3949], "carpPosition": [24.4201, 67.7566, 24.9624], "dipPosition": [48.0993, 99.0531, -63.5884], "direction": [0.00840487, 0.561283, -0.827582], "extended": true, "handId": 109, "id": 1094, "length": 43.8739, "mcpPosition": [43.9511, 79.3668, -20.8195], "pipPosition": [47.9565, 89.5175, -49.5287], "stabilizedTipPosition": [46.7961, 106.293, -72.8681], "timeVisible": 6.93769, "tipPosition": [46.7208, 106.167, -71.4003], "tipVelocity": [0.196729, -30.2461, -19.01], "tool": false, "touchDistance": 0.271644, "touchZone": "hovering", "type": 4, "width": 14.1565}, {"bases": [[[-0.998742, 0.041007, -0.0288687], [-0.0319692, -0.964128, -0.263506], [-0.0386387, -0.262252, 0.964226]], [[-0.999403, 0.02737, 0.0211073], [-0.0330575, -0.935219, -0.352524], [0.0100914, -0.353011, 0.935565]], [[-0.999403, 0.02737, 0.0211073], [-0.0343776, -0.850393, -0.525024], [0.00357957, -0.525436, 0.850826]], [[-0.999403, 0.02737, 0.0211073], [-0.0345406, -0.768667, -0.638716], [-0.00125717, -0.639063, 0.769153]]], "btipPosition": [-8.98739, 111.555, -105.498], "carpPosition": [-6.91487, 60.8603, 21.2193], "dipPosition": [-8.96873, 102.071, -94.0831], "direction": [0.00357957, 0.525436, -0.850826], "extended": true, "handId": 109, "id": 1091, "length": 51.0805, "mcpPosition": [-9.42047, 77.8665, -41.3076], "pipPosition": [-9.04388, 91.04, -76.2204], "stabilizedTipPosition": [-10.912, 110.256, -102.495], "timeVisible": 6.93769, "tipPosition": [-7.14236, 107.571, -102.351], "tipVelocity": [1.43522, -19.1713, -3.84562], "tool": false, "touchDistance": 0.295615, "touchZone": "hovering", "type": 1, "width": 17.0529}, {"bases": [[[-0.974598, 0.168954, 0.147014], [-0.201199, -0.948839, -0.24336], [0.0983762, -0.266757, 0.95873]], [[-0.978948, 0.203486, 0.0159747], [-0.199678, -0.938517, -0.281629], [-0.042315, -0.27889, 0.95939]], [[-0.978948, 0.203486, 0.0159747], [-0.188447, -0.870973, -0.453755], [-0.0784192, -0.447213, 0.890983]], [[-0.978948, 0.203486, 0.0159747], [-0.173668, -0.78926, -0.588989], [-0.107243, -0.579363, 0.807983]]], "btipPosition": [4.42809, 108.574, -114.307], "carpPosition": [3.83742, 59.9901, 20.0135], "dipPosition": [6.17859, 99.117, -101.119], "direction": [-0.0784192, 0.447213, -0.890983], "extended": true, "handId": 109, "id": 1092, "length": 58.2022, "mcpPosition": [9.88715, 76.3945, -38.9444], "pipPosition": [8.11555, 88.0709, -79.1114], "stabilizedTipPosition": [3.30563, 106.603, -111.359], "timeVisible": 6.93769, "tipPosition": [7.64338, 104.86, -109.714], "tipVelocity": [-3.72259, -20.4323, -5.42381], "tool": false, "touchDistance": 0.272971, "touchZone": "hovering", "type": 2, "width": 16.7483}], "r": [[0.972345, -0.11335, 0.204199], [0.18379, 0.910851, -0.369556], [-0.144106, 0.396866, 0.906494]], "s": 0.99825, "t": [17.9366, -18.4632, -40.9721], "timestamp": 17710630827}, {"currentFrameRate": 109.271, "devices": [], "gestures": [], "hands": [{"armBasis": [[-0.804973, -0.342017, 0.484811], [-0.110432, -0.71648, -0.688811], [0.582943, -0.608014, 0.538978]], "armWidth": 56.1759, "confidence": 1, "direction": [0.134591, 0.118562, -0.983783], "elbow": [-136.356, -84.0872, 175.024], "grabAngle": 0.481027, "grabStrength": 0, "id": 109, "palmNormal": [-0.0360837, 0.992744, 0.114705], "palmPosition": [9.44369, 77.4457, -16.3741], "palmVelocity": [5.98254, -10.7063, -1.52034], "palmWidth": 80.1973, "pinchDistance": 52.6264, "pinchStrength": 0, "r": [[0.972433, -0.112423, 0.204292], [0.18301, 0.910883, -0.369865], [-0.144505, 0.397056, 0.906347]], "s": 0.997417, "sphereCenter": [-6.66277, 156.194, -26.7056], "sphereRadius": 83.918, "stabilizedPalmPosition": [8.46141, 77.7776, -15.9565], "t": [-17.8873, -18.524, -40.9946], "timeVisible": 6.9463, "type": "left", "wrist": [2.37728, 60.6122, 46.7538]}], "id": 73129, "interactionBox": {"center": [0, 200, 0], "size": [235.247, 235.247, 147.751]}, "pointables": [{"bases": [[[-0.457009, -0.85673, -0.239076], [0.833331, -0.506384, 0.221662], [-0.310969, -0.0979276, 0.945362]], [[-0.348492, -0.792549, -0.500419], [0.899779, -0.432437, 0.0582737], [-0.262585, -0.429959, 0.86382]], [[-0.348492, -0.792549, -0.500419], [0.931226, -0.232016, -0.281046], [0.106637, -0.563946, 0.818898]], [[-0.348492, -0.792549, -0.500419], [0.805163, 0.0202013, -0.59271], [0.479861, -0.609474, 0.631091]]], "btipPosition": [-14.4469, 124.75, -43.5463], "carpPosition": [-15.804, 76.7458, 31.5355], "dipPosition": [-24.1999, 112.362, -30.7195], "direction": [0.106637, 0.563946, -