{"frames": 61, "data": [{"currentFrameRate": 106.464, "devices": [], "gestures": [], "hands": [{"armBasis": [[-0.394645, -0.167816, -0.903379], [0.918823, -0.0673107, -0.388888], [0.00445427, -0.983518, 0.180757]], "armWidth": 57.4912, "confidence": 1, "direction": [0.493195, 0.395933, -0.774594], "elbow": [59.6268, -175.543, 159.208], "grabAngle": 2.53806, "grabStrength": 0, "id": 79, "palmNormal": [0.844321, -0.00345022, 0.535827], "palmPosition": [91.3864, 98.5621, 73.2169], "palmVelocity": [-20.9469, 12.919, -0.409783], "palmWidth": 80.2111, "pinchDistance": 58.7198, "pinchStrength": 1, "r": [[0.673099, 0.36209, 0.644847], [0.391983, 0.564718, -0.726253], [-0.627126, 0.741609, 0.238178]], "s": 0.933584, "sphereCenter": [131.795, 93.5351, 73.2272], "sphereRadius": 41.5516, "stabilizedPalmPosition": [91.6033, 98.4872, 73.2903], "t": [67.6862, -47.2307, -47.4305], "timeVisible": 4.45738, "type": "left", "wrist": [60.687, 58.5494, 116.185]}], "id": 56270, "interactionBox": {"center": [0, 200, 0], "size": [235.247, 235.247, 147.751]}, "pointables": [{"bases": [[[-0.289314, -0.838759, -0.461282], [0.768075, 0.0841823, -0.634803], [0.571278, -0.537956, 0.619874]], [[-0.118519, -0.955506, -0.270113], [0.78141, 0.0780926, -0.619112], [0.612659, -0.284446, 0.737387]], [[-0.118519, -0.955506, -0.270113], [0.760145, 0.0877109, -0.643806], [0.638852, -0.281629, 0.715928]], [[-0.118519, -0.955506, -0.270113], [0.705087, 0.110553, -0.70045], [0.699146, -0.27347, 0.660612]]], "btipPosition": [141.898, 147.804, 11.0619], "carpPosition": [58.9754, 92.6723, 102.742], "dipPosition": [131.695, 143.813, 20.7023], "direction": [0.638852, 0.281629, -0.715928], "extended": true, "handId": 79, "id": 791, "length": 50.2283, "mcpPosition": [96.0254, 127.561, 62.5404], "pipPosition": [118.507, 137.999, 35.4821], "stabilizedTipPosition": [139.727, 146.813, 13.3545], "timeVisible": 4.45738, "tipPosition": [138.021, 146.873, 12.2435], "tipVelocity": [-14.3736, 36.0644, 20.1193], "tool": false, "touchDistance": 0.345228, "touchZone": "hovering", "type": 1, "width": 17.6278}, {"bases": [[[0.574651, -0.289165, -0.765611], [0.738656, 0.586045, 0.333075], [0.352368, -0.756925, 0.550365]], [[0.438077, -0.0418028, -0.897965], [0.538727, 0.811872, 0.225026], [0.719626, -0.582337, 0.378183]], [[0.438077, -0.0418028, -0.897965], [0.12043, 0.992643, 0.012542], [0.890834, -0.113636, 0.439888]], [[0.438077, -0.0418028, -0.897965], [-0.280823, 0.942561, -0.18088], [0.853948, 0.331409, 0.401175]]], "btipPosition": [142.066, 117.717, 84.2025], "carpPosition": [67.3874, 95.4069, 121.674], "dipPosition": [124.996, 124.341, 92.2217], "direction": [0.890834, 0.113636, -0.439888], "extended": false, "handId": 79, "id": 790, "length": 44.5133, "mcpPosition": [67.3874, 95.4069, 121.674], "pipPosition": [99.054, 121.032, 105.032], "stabilizedTipPosition": [138.253, 119.513, 86.4384], "timeVisible": 4.45738, "tipPosition": [135.167, 128.817, 83.333], "tipVelocity": [-32.3568, 31.7406, 13.5444], "tool": false, "touchDistance": 0.346135, "touchZone": "hovering", "type": 0, "width": 18.4546}, {"bases": [[[-0.336143, -0.905706, -0.258271], [0.720461, -0.0706629, -0.689886], [0.606584, -0.417975, 0.676279]], [[-0.307057, -0.924473, -0.225975], [0.0691974, 0.215129, -0.974131], [0.949172, -0.314751, -0.00208592]], [[-0.307057, -0.924473, -0.225975], [-0.949117, 0.314922, 0.0013102], [0.0699532, 0.214879, -0.974132]], [[-0.307057, -0.924473, -0.225975], [-0.686185, 0.0505313, 0.72567], [-0.659444, 0.377883, -0.649876]]], "btipPosition": [128.724, 111.452, 89.0973], "carpPosition": [61.2261, 84.0715, 96.5142], "dipPosition": [139.308, 117.517, 78.6665], "direction": [0.0699532, -0.214879, 0.974132], "extended": false, "handId": 79, "id": 792, "length": 57.2312, "mcpPosition": [98.5329, 109.778, 54.921], "pipPosition": [137.609, 122.736, 55.0068], "stabilizedTipPosition": [129.127, 111.212, 89.2853], "timeVisible": 4.45738, "tipPosition": [123.85, 108.368, 94.0743], "tipVelocity": [32.9905, 64.6303, -55.5173], "tool": false, "touchDistance": 0.333333, "touchZone": "none", "type": 2, "width": 17.3129}, {"bases": [[[-0.296564, -0.949422, -0.10319], [0.713574, -0.148479, -0.684665], [0.634715, -0.276681, 0.721516]], [[-0.264311, -0.96212, -0.0668223], [-0.424974, 0.178385, -0.887455], [0.865758, -0.206167, -0.456025]], [[-0.264311, -0.96212, -0.0668223], [-0.906584, 0.224223, 0.357532], [-0.329006, 0.15508, -0.931507]], [[-0.264311, -0.96212, -0.0668223], [-0.483678, 0.0722939, 0.872255], [-0.834383, 0.262867, -0.484464]]], "btipPosition": [111.703, 89.8389, 100.026], "carpPosition": [64.7155, 74.5573, 92.6943], "dipPosition": [125.018, 94.0338, 92.2952], "direction": [-0.329006, -0.15508, 0.931507], "extended": false, "handId": 79, "id": 793, "length": 55.0293, "mcpPosition": [99.7641, 89.8354, 52.8525], "pipPosition": [132.803, 97.703, 70.2551], "stabilizedTipPosition": [115.167, 90.4833, 98.3803], "timeVisible": 4.45738, "tipPosition": [113.258, 89.4372, 98.4601], "tipVelocity": [-33.842, 11.8873, 8.2537], "tool": false, "touchDistance": 0.470804, "touchZone": "none", "type": 3, "width": 16.4743}, {"bases": [[[-0.334908, -0.937392, 0.0955656], [0.712014, -0.318198, -0.625928], [0.617149, -0.141584, 0.774003]], [[-0.33478, -0.937421, 0.0957259], [-0.395753, 0.047682, -0.917118], [0.855162, -0.344917, -0.38695]], [[-0.33478, -0.937421, 0.0957259], [-0.899024, 0.348186, 0.265562], [-0.282274, 0.00284515, -0.95933]], [[-0.33478, -0.937421, 0.0957259], [-0.520278, 0.268588, 0.810661], [-0.785642, 0.221589, -0.577637]]], "btipPosition": [112.547, 78.4425, 90.9547], "carpPosition": [71.4559, 64.0983, 94.3024], "dipPosition": [124.113, 81.7048, 82.4506], "direction": [-0.282274, -0.00284515, 0.95933], "extended": false, "handId": 79, "id": 794, "length": 43.1419, "mcpPosition": [103.002, 71.3355, 54.7383], "pipPosition": [128.829, 81.7523, 66.4245], "stabilizedTipPosition": [115.551, 78.936, 89.014], "timeVisible": 4.45738, "tipPosition": [115.327, 78.1246, 89.0923], "tipVelocity": [-25.9652, 12.2768, 8.19304], "tool": false, "touchDistance": 0.333333, "touchZone": "none", "type": 4, "width": 14.6338}], "r": [[0.673099, 0.36209, 0.644847], [0.391983, 0.564718, -0.726253], [-0.627126, 0.741609, 0.238178]], "s": 0.933584, "t": [-67.6862, -47.2307, -47.4305], "timestamp": 17561879031}, {"currentFrameRate": 106.802, "devices": [], "gestures": [], "hands": [{"armBasis": [[-0.412989, -0.167567, -0.895188], [0.910574, -0.0574376, -0.409336], [0.0171739, -0.984186, 0.176304]], "armWidth": 57.4912, "confidence": 1, "direction": [0.491851, 0.394942, -0.775953], "elbow": [56.2692, -175.57, 158.127], "grabAngle": 2.535, "grabStrength": 0, "id": 79, "palmNormal": [0.8453, -0.00299428, 0.534283], "palmPosition": [91.1209, 98.6369, 73.1617], "palmVelocity": [-30.3688, 8.5575, -6.31172], "palmWidth": 80.2111, "pinchDistance": 58.7491, "pinchStrength": 1, "r": [[0.673237, 0.36327, 0.644039], [0.393105, 0.561874, -0.727851], [-0.626275, 0.743191, 0.235471]], "s": 0.932108, "sphereCenter": [131.443, 93.9013, 73.0626], "sphereRadius": 41.4685, "stabilizedPalmPosition": [91.4744, 98.5272, 73.2559], "t": [67.4725, -47.1696, -47.4891], "timeVisible": 4.46613, "type": "left", "wrist": [60.3568, 58.6818, 116.164]}], "id": 56271, "interactionBox": {"center": [0, 200, 0], "size": [235.247, 235.247, 147.751]}, "pointables": [{"bases": [[[-0.288308, -0.839347, -0.460841], [0.76922, 0.0835971, -0.633492], [0.570245, -0.537129, 0.621541]], [[-0.118916, -0.955357, -0.270465], [0.782912, 0.0773116, -0.61731], [0.610661, -0.285158, 0.738768]], [[-0.118916, -0.955357, -0.270465], [0.761091, 0.0872308, -0.642753], [0.637651, -0.282282, 0.716741]], [[-0.118916, -0.955357, -0.270465], [0.70584, 0.110242, -0.699741], [0.698319, -0.274115, 0.66122]]], "btipPosition": [141.508, 147.914, 10.8884], "carpPosition": [58.7629, 92.7875, 102.753], "dipPosition": [131.318, 143.914, 20.5376], "direction": [0.637652, 0.282282, -0.716741], "extended": true, "handId": 79, "id": 791, "length": 50.2283, "mcpPosition": [95.7458, 127.623, 62.4432], "pipPosition": [118.154, 138.087, 35.3342], "stabilizedTipPosition": [139.513, 146.882, 13.2605], "timeVisible": 4.46613, "tipPosition": [137.665, 146.869, 12.0554], "tipVelocity": [-44.2536, 12.4027, -19.6077], "tool": false, "touchDistance": 0.341467, "touchZone": "hovering", "type": 1, "width": 17.6278}, {"bases": [[[0.576108, -0.289939, -0.764222], [0.737933, 0.586572, 0.33375], [0.351504, -0.75622, 0.551884]], [[0.439592, -0.0425394, -0.89719], [0.537278, 0.812921, 0.224704], [0.719786, -0.580818, 0.380209]], [[0.439592, -0.0425394, -0.89719], [0.120409, 0.992653, 0.0119307], [0.89009, -0.113275, 0.441484]], [[0.439592, -0.0425394, -0.89719], [-0.281407, 0.942065, -0.182547], [0.852976, 0.332722, 0.402153]]], "btipPosition": [141.855, 117.749, 84.0395], "carpPosition": [67.21, 95.5424, 121.666], "dipPosition": [124.804, 124.4, 92.0783], "direction": [0.89009, 0.113275, -0.441484], "extended": false, "handId": 79, "id": 790, "length": 44.5133, "mcpPosition": [67.21, 95.5424, 121.666], "pipPosition": [98.8837, 121.101, 104.935], "stabilizedTipPosition": [138.216, 119.485, 86.3746], "timeVisible": 4.46613, "tipPosition": [134.936, 128.861, 83.1723], "tipVelocity": [-23.6663, 4.33383, -18.1162], "tool": false, "touchDistance": 0.342478, "touchZone": "hovering", "type": 0, "width": 18.4546}, {"bases": [[[-0.335496, -0.906069, -0.25784], [0.721737, -0.0713208, -0.688483], [0.605424, -0.417075, 0.677872]], [[-0.310469, -0.92236, -0.229917], [0.0932697, 0.211144, -0.972995], [0.945997, -0.323529, 0.0204745]], [[-0.310469, -0.92236, -0.229917], [-0.945922, 0.323697, -0.0212494], [0.0940229, 0.210886, -0.972978]], [[-0.310469, -0.92236, -0.229917], [-0.700247, 0.0583468, 0.711512], [-0.642855, 0.381901, -0.663995]]], "btipPosition": [129.147, 111.898, 88.2859], "carpPosition": [61.0005, 84.1791, 96.531], "dipPosition": [139.465, 118.028, 77.6285], "direction": [0.0940229, -0.210886, 0.972978], "extended": false, "handId": 79, "id": 792, "length": 57.2312, "mcpPosition": [98.236, 109.831, 54.8397], "pipPosition": [137.181, 123.15, 53.9968], "stabilizedTipPosition": [129.38, 111.433, 88.9203], "timeVisible": 4.46613, "tipPosition": [124.12, 108.765, 93.4387], "tipVelocity": [41.3885, 52.7165, -98.7449], "tool": false, "touchDistance": 0.333333, "touchZone": "none", "type": 2, "width": 17.3129}, {"bases": [[[-0.296192, -0.949598, -0.102635], [0.714855, -0.149132, -0.683185], [0.633445, -0.275724, 0.722997]], [[-0.266472, -0.961372, -0.0689666], [-0.422907, 0.180919, -0.887929], [0.866108, -0.207441, -0.454781]], [[-0.266472, -0.961372, -0.0689666], [-0.905864, 0.225358, 0.358642], [-0.329246, 0.158042, -0.930924]], [[-0.266472, -0.961372, -0.0689666], [-0.483488, 0.0714261, 0.872432], [-0.833806, 0.265823, -0.483845]]], "btipPosition": [111.415, 89.8199, 99.8948], "carpPosition": [64.481, 74.6598, 92.7157], "dipPosition": [124.721, 94.062, 92.1735], "direction": [-0.329246, -0.158042, 0.930924], "extended": false, "handId": 79, "id": 793, "length": 55.0293, "mcpPosition": [99.4596, 89.8851, 52.7921], "pipPosition": [132.512, 97.8014, 70.1472], "stabilizedTipPosition": [115.059, 90.5322, 98.3394], "timeVisible": 4.46613, "tipPosition": [113.05, 89.5481, 98.3731], "tipVelocity": [-33.1389, -0.923231, -14.7865], "tool": false, "touchDistance": 0.468649, "touchZone": "none", "type": 3, "width": 16.4743}, {"bases": [[[-0.334903, -0.937346, 0.0960356], [0.71322, -0.318784, -0.624255], [0.615757, -0.14057, 0.775295]], [[-0.33663, -0.936948, 0.0938597], [-0.393541, 0.0494335, -0.917977], [0.855457, -0.345956, -0.385368]], [[-0.33663, -0.936948, 0.0938597], [-0.898123, 0.349426, 0.266976], [-0.28294, 0.0055746, -0.959121]], [[-0.33663, -0.936948, 0.0938597], [-0.519019, 0.267791, 0.811731], [-0.785684, 0.224538, -0.57644]]], "btipPosition": [112.239, 78.4361, 90.8408], "carpPosition": [71.2224, 64.2014, 94.3235], "dipPosition": [123.806, 81.7418, 82.3544], "direction": [-0.28294, -0.0055746, 0.959121], "extended": false, "handId": 79, "id": 794, "length": 43.1419, "mcpPosition": [102.698, 71.3868, 54.6934], "pipPosition": [128.533, 81.8349, 66.3318], "stabilizedTipPosition": [115.427, 78.9854, 88.9903], "timeVisible": 4.46613, "tipPosition": [115.086, 78.2205, 89.0159], "tipVelocity": [-35.1465, 0.412953, -12.5532], "tool": false, "touchDistance": 0.333333, "touchZone": "none", "type": 4, "width": 14.6338}], "r": [[0.673237, 0.36327, 0.644039], [0.393105, 0.561874, -0.727851], [-0.626275, 0.743191, 0.235471]], "s": 0.932108, "t": [-67.4725, -47.1696, -47.4891], "timestamp": 17561887776}, {"currentFrameRate": 107.215, "devices": [], "gestures": [], "hands": [{"armBasis": [[-0.437764, -0.169766, -0.882917], [0.89862, -0.0508872, -0.435766], [0.029049, -0.98417, 0.174832]], "armWidth": 57.4912, "confidence": 1, "direction": [0.490923, 0.3922, -0.777929], "elbow": [53.0081, -175.346, 157.792], "grabAngle": 2.53132, "grabStrength": 0, "id": 79, "palmNormal": [0.844995, 0.00301566, 0.534766], "palmPosition": [90.7328, 98.7157, 73.0516], "palmVelocity": [-45.2681, 9.18618, -12.8484], "palmWidth": 80.2111, "pinchDistance": 58.7254, "pinchStrength": 1, "r": [[0.673676, 0.364479, 0.642896], [0.394307, 0.558482, -0.729808], [-0.625046, 0.745153, 0.232519]], "s": 0.931192, "sphereCenter": [131.034, 94.2679, 72.9418], "sphereRadius": 41.447, "stabilizedPalmPosition": [91.2828, 98.5759, 73.2031], "t": [67.1716, -47.0997, -47.5734], "timeVisible": 4.4747, "type": "left", "wrist": [59.9221, 58.9015, 116.18]}], "id": 56272, "interactionBox": {"center": [0, 200, 0], "size": [235.247, 235.247, 147.751]}, "pointables": [{"bases": [[[-0.291497, -0.840965, -0.455858], [0.769138, 0.0772819, -0.634392], [0.568731, -0.535542, 0.624291]], [[-0.122921, -0.956238, -0.265519], [0.783835, 0.0705491, -0.616949], [0.608682, -0.283959, 0.74086]], [[-0.122921, -0.956238, -0.265519], [0.761314, 0.08077, -0.643332], [0.636625, -0.281222, 0.718069]], [[-0.122921, -0.956238, -0.265519], [0.705648, 0.103911, -0.700902], [0.697819, -0.273518, 0.661994]]], "btipPosition": [140.924, 147.872, 10.4993], "carpPosition": [58.3782, 92.9232, 102.658], "dipPosition": [130.741, 143.881, 20.1598], "direction": [0.636625, 0.281222, -0.718069], "extended": true, "handId": 79, "id": 791, "length": 50.2283, "mcpPosition": [95.263, 127.655, 62.1696], "pipPosition": [117.598, 138.075, 34.9838], "stabilizedTipPosition": [139.189, 146.907, 13.0728], "timeVisible": 4.4747, "tipPosition": [137.153, 146.76, 11.7018], "tipVelocity": [-67.9255, -4.6472, -45.09], "tool": false, "touchDistance": 0.334856, "touchZone": "hovering", "type": 1, "width": 17.6278}, {"bases": [[[0.57465, -0.296322, -0.76287], [0.740165, 0.5859, 0.329966], [0.349189, -0.754265, 0.556014]], [[0.439409, -0.0499922, -0.896895], [0.539679, 0.812862, 0.219093], [0.718099, -0.580307, 0.384159]], [[0.439409, -0.0499922, -0.896895], [0.126009, 0.992008, 0.0064411], [0.889405, -0.115847, 0.442197]], [[0.439409, -0.0499922, -0.896895], [-0.276141, 0.942585, -0.187827], [0.85479, 0.330203, 0.400376]]], "btipPosition": [141.392, 118.125, 83.7739], "carpPosition": [66.8047, 95.8159, 121.559], "dipPosition": [124.305, 124.726, 91.7771], "direction": [0.889405, 0.115847, -0.442197], "extended": false, "handId": 79, "id": 790, "length": 44.5133, "mcpPosition": [66.8047, 95.8159, 121.559], "pipPosition": [98.4041, 121.352, 104.655], "stabilizedTipPosition": [138.123, 119.505, 86.2809], "timeVisible": 4.4747, "tipPosition": [134.454, 129.094, 82.9288], "tipVelocity": [-55.0125, 42.5472, -31.9439], "tool": false, "touchDistance": 0.337457, "touchZone": "hovering", "type": 0, "width": 18.4546}, {"bases": [[[-0.338799, -0.906357, -0.252451], [0.721084, -0.0777823, -0.688468], [0.604361, -0.415291, 0.679913]], [[-0.316721, -0.920783, -0.227697], [0.111995, 0.202073, -0.972946], [0.941884, -0.333653, 0.0391224]], [[-0.316721, -0.920783, -0.227697], [-0.941794, 0.333814, -0.0398971], [0.112745, 0.201807, -0.972914]], [[-0.316721, -0.920783, -0.227697], [-0.710131, 0.0710455, 0.700475], [-0.628809, 0.38355, -0.676379]]], "btipPosition": [129.241, 112.507, 87.5454], "carpPosition": [60.6494, 84.2871, 96.4865], "dipPosition": [139.334, 118.663, 76.6892], "direction": [0.112745, -0.201807, 0.972914], "extended": false, "handId": 79, "id": 792, "length": 57.2312, "mcpPosition": [97.8196, 109.829, 54.6697], "pipPosition": [136.596, 123.565, 53.0591], "stabilizedTipPosition": [129.574, 111.654, 88.5765], "timeVisible": 4.4747, "tipPosition": [124.105, 109.334, 92.849], "tipVelocity": [4.96549, 71.7665, -91.7217], "tool": false, "touchDistance": 0.333333, "touchZone": "none", "type": 2, "width": 17.3129}, {"bases": [[[-0.299558, -0.949132, -0.0970218], [0.713934, -0.155538, -0.68272], [0.632901, -0.273781, 0.72421]], [[-0.27203, -0.96004, -0.0657501], [-0.421817, 0.180377, -0.888557], [0.864911, -0.213979, -0.454029]], [[-0.27203, -0.96004, -0.0657501], [-0.904056, 0.231562, 0.359252], [-0.329671, 0.157169, -0.930922]], [[-0.27203, -0.96004, -0.0657501], [-0.483018, 0.0771297, 0.872207], [-0.832282, 0.269025, -0.484698]]], "btipPosition": [111.038, 90.0302, 99.8248], "carpPosition": [64.1653, 74.7583, 92.7278], "dipPosition": [124.32, 94.3234, 92.0899], "direction": [-0.329671, -0.157169, 0.930922], "extended": false, "handId": 79, "id": 793, "length": 55.0293, "mcpPosition": [99.1138, 89.8764, 52.7372], "pipPosition": [132.12, 98.0421, 70.0636], "stabilizedTipPosition": [114.901, 90.6112, 98.2916], "timeVisible": 4.4747, "tipPosition": [112.686, 89.8546, 98.3254], "tipVelocity": [-44.6546, 25.9054, -8.53634], "tool": false, "touchDistance": 0.467429, "touchZone": "none", "type": 3, "width": 16.4743}, {"bases": [[[-0.33811, -0.935606, 0.101597], [0.711743, -0.324842, -0.622817], [0.615714, -0.138269, 0.775743]], [[-0.341644, -0.934796, 0.0971365], [-0.392828, 0.048141, -0.918351], [0.853795, -0.351907, -0.383661]], [[-0.341644, -0.934796, 0.0971365], [-0.89576, 0.355158, 0.26735], [-0.284416, 0.0043273, -0.958691]], [[-0.341644, -0.934796, 0.0971365], [-0.516694, 0.273155, 0.811427], [-0.785052, 0.227029, -0.576326]]], "btipPosition": [111.891, 78.6138, 90.8334], "carpPosition": [70.9421, 64.3328, 94.3993], "dipPosition": [123.449, 81.9562, 82.3486], "direction": [-0.284416, -0.0043273, 0.958691], "extended": false, "handId": 79, "id": 794, "length": 43.1419, "mcpPosition": [102.415, 71.4006, 54.7463], "pipPosition": [128.2, 82.0285, 66.3332], "stabilizedTipPosition": [115.256, 79.0627, 88.9692], "timeVisible": 4.4747, "tipPosition": [114.758, 78.4785, 89.0353], "tipVelocity": [-40.8485, 21.7169, -0.826728], "tool": false, "touchDistance": 0.333333, "touchZone": "none", "type": 4, "width": 14.6338}], "r": [[0.673676, 0.364479, 0.642896], [0.394307, 0.558482, -0.729808], [-0.625046, 0.745153, 0.232519]], "s": 0.931192, "t": [-67.1716, -47.0997, -47.5734], "timestamp": 17561896348}, {"currentFrameRate": 107.589, "devices": [], "gestures": [], "hands": [{"armBasis": [[-0.454851, -0.171758, -0.873848], [0.889731, -0.0451175, -0.45425], [0.0385952, -0.984106, 0.17334]], "armWidth": 57.4912, "confidence": 1, "direction": [0.487948, 0.389735, -0.781033], "elbow": [50.2865, -175.109, 157.507], "grabAngle": 2.52787, "grabStrength": 0, "id": 79, "palmNormal": [0.846415, 0.00737065, 0.532473], "palmPosition": [90.2078, 98.8089, 72.9279], "palmVelocity": [-60.9474, 10.8186, -14.3548], "palmWidth": 80.2111, "pinchDistance": 58.6565, "pinchStrength": 1, "r": [[0.673849, 0.365728, 0.642005], [0.395909, 0.554913, -0.731661], [-0.623846, 0.747204, 0.229133]], "s": 0.930739, "sphereCenter": [130.585, 94.3237, 72.6546], "sphereRadius": 41.5347, "stabilizedPalmPosition": [91.0064, 98.6358, 73.1324], "t": [66.7586, -47.0181, -47.6774], "timeVisible": 4.48331, "type": "left", "wrist": [59.4728, 59.1233, 116.249]}], "id": 56273, "interactionBox": {"center": [0, 200, 0], "size": [235.247, 235.247, 147.751]}, "pointables": [{"bases": [[[-0.29218, -0.842387, -0.452786], [0.771008, 0.0726401, -0.632669], [0.565843, -0.533955, 0.628263]], [[-0.123855, -0.957398, -0.260861], [0.786889, 0.0653951, -0.613619], [0.604537, -0.281268, 0.745267]], [[-0.123855, -0.957398, -0.260861], [0.763705, 0.0758792, -0.64109], [0.633572, -0.278622, 0.721772]], [[-0.123855, -0.957398, -0.260861], [0.707639, 0.0990728, -0.699594], [0.695634, -0.271243, 0.665222]]], "btipPosition": [140.058, 147.74, 9.94588], "carpPosition": [57.9458, 93.0793, 102.647], "dipPosition": [129.906, 143.782, 19.6535], "direction": [0.633572, 0.278623, -0.721772], "extended": true, "handId": 79, "id": 791, "length": 50.2283, "mcpPosition": [94.6432, 127.709, 61.9014], "pipPosition": [116.827, 138.03, 34.554], "stabilizedTipPosition": [138.705, 146.881, 12.7775], "timeVisible": 4.48331, "tipPosition": [136.364, 146.677, 11.2409], "tipVelocity": [-99.7613, -14.4878, -62.9817], "tool": false, "touchDistance": 0.325813, "touchZone": "hovering", "type": 1, "width": 17.6278}, {"bases": [[[0.576019, -0.301109, -0.759958], [0.740604, 0.585736, 0.32927], [0.345989, -0.752493, 0.560398]], [[0.442567, -0.0564849, -0.894955], [0.540613, 0.813063, 0.216024], [0.715452, -0.579429, 0.390371]], [[0.442567, -0.0564849, -0.894955], [0.132452, 0.991185, 0.00294063], [0.8869, -0.11984, 0.446147]], [[0.442567, -0.0564849, -0.894955], [-0.267906, 0.944105, -0.19207], [0.855781, 0.324768, 0.402697]]], "btipPosition": [140.834, 118.573, 83.2923], "carpPosition": [66.4163, 96.0775, 121.512], "dipPosition": [123.727, 125.065, 91.342], "direction": [0.8869, 0.11984, -0.446147], "extended": false, "handId": 79, "id": 790, "length": 44.5133, "mcpPosition": [66.4163, 96.0775, 121.512], "pipPosition": [97.8993, 121.575, 104.334], "stabilizedTipPosition": [137.972, 119.574, 86.1403], "timeVisible": 4.48331, "tipPosition": [133.928, 129.203, 82.5843], "tipVelocity": [-65.3037, 49.0951, -54.6573], "tool": false, "touchDistance": 0.329609, "touchZone": "hovering", "type": 0, "width": 18.4546}, {"bases": [[[-0.340174, -0.906739, -0.24921], [0.722748, -0.0825616, -0.686163], [0.601596, -0.413531, 0.683429]], [[-0.320595, -0.919605, -0.227038], [0.128009, 0.195428, -0.972328], [0.938527, -0.340786, 0.0550645]], [[-0.320595, -0.919605, -0.227038], [-0.938425, 0.340942, -0.0558388], [0.128756, 0.195156, -0.972284]], [[-0.320595, -0.919605, -0.227038], [-0.719183, 0.0803315, 0.690162], [-0.616438, 0.384544, -0.687117]]], "btipPosition": [129.091, 112.971, 86.8528], "carpPosition": [60.22, 84.4202, 96.5094], "dipPosition": [138.985, 119.143, 75.8242], "direction": [0.128756, -0.195156, 0.972284], "extended": false, "handId": 79, "id": 792, "length": 57.2312, "mcpPosition": [97.22, 109.854, 54.4764], "pipPosition": [135.858, 123.883, 52.2095], "stabilizedTipPosition": [129.707, 111.858, 88.2601], "timeVisible": 4.48331, "tipPosition": [123.901, 109.773, 92.2756], "tipVelocity": [-22.7434, 54.2862, -84.9962], "tool": false, "touchDistance": 0.333333, "touchZone": "none", "type": 2, "width": 17.3129}, {"bases": [[[-0.301446, -0.94889, -0.0934814], [0.715406, -0.160273, -0.680079], [0.630337, -0.271884, 0.727155]], [[-0.276471, -0.958831, -0.0648655], [-0.417356, 0.180592, -0.890618], [0.865666, -0.219158, -0.450103]], [[-0.276471, -0.958831, -0.0648655], [-0.904056, 0.236596, 0.355956], [-0.325954, 0.157053, -0.932249]], [[-0.276471, -0.958831, -0.0648655], [-0.487042, 0.0816084, 0.869557], [-0.828465, 0.271999, -0.489553]]], "btipPosition": [110.656, 90.2022, 99.6784], "carpPosition": [63.7474, 74.8821, 92.7849], "dipPosition": [123.877, 94.5428, 91.866], "direction": [-0.325954, -0.157053, 0.932249], "extended": false, "handId": 79, "id": 793, "length": 55.0293, "mcpPosition": [98.5543, 89.8954, 52.6317], "pipPosition": [131.589, 98.2588, 69.8083], "stabilizedTipPosition": [114.704, 90.7079, 98.2243], "timeVisible": 4.48331, "tipPosition": [112.258, 90.1197, 98.1811], "tipVelocity": [-45.9462, 21.2284, -19.0644], "tool": false, "touchDistance": 0.464692, "touchZone": "none", "type": 3, "width": 16.4743}, {"bases": [[[-0.3405, -0.934367, 0.104969], [0.71267, -0.329296, -0.619407], [0.613319, -0.136099, 0.778021]], [[-0.346134, -0.933074, 0.0977999], [-0.388679, 0.0477407, -0.920136], [0.853885, -0.356503, -0.379191]], [[-0.346134, -0.933074, 0.0977999], [-0.89497, 0.359665, 0.26395], [-0.28146, 0.00383395, -0.959565]], [[-0.346134, -0.933074, 0.0977999], [-0.518811, 0.277221, 0.808692], [-0.781682, 0.229176, -0.580045]]], "btipPosition": [111.481, 78.7653, 90.7379], "carpPosition": [70.5522, 64.4797, 94.486], "dipPosition": [122.989, 82.1392, 82.1984], "direction": [-0.28146, -0.00383395, 0.959565], "extended": false, "handId": 79, "id": 794, "length": 43.1419, "mcpPosition": [101.903, 71.4366, 54.7165], "pipPosition": [127.691, 82.2033, 66.1684], "stabilizedTipPosition": [115.033, 79.1575, 88.9305], "timeVisible": 4.48331, "tipPosition": [114.321, 78.7029, 88.9387], "tipVelocity": [-48.9785, 18.4193, -12.5422], "tool": false, "touchDistance": 0.333333, "touchZone": "none", "type": 4, "width": 14.6338}], "r": [[0.673849, 0.365728, 0.642005], [0.395909, 0.554913, -0.731661], [-0.623846, 0.747204, 0.229133]], "s": 0.930739, "t": [-66.7586, -47.0181, -47.6774], "timestamp": 17561904963}, {"currentFrameRate": 107.836, "devices": [], "gestures": [], "hands": [{"armBasis": [[-0.459957, -0.175524, -0.87042], [0.886727, -0.0395458, -0.460599], [0.0464249, -0.983681, 0.173831]], "armWidth": 57.4912, "confidence": 1, "direction": [0.483272, 0.385735, -0.785911], "elbow": [47.8173, -174.74, 157.823], "grabAngle": 2.52444, "grabStrength": 0, "id": 79, "palmNormal": [0.850046, 0.0080215, 0.526647], "palmPosition": [89.452, 98.8484, 72.8014], "palmVelocity": [-85.6483, 4.48426, -14.336], "palmWidth": 80.2111, "pinchDistance": 58.5752, "pinchStrength": 1, "r": [[0.672985, 0.367478, 0.641912], [0.397993, 0.551598, -0.733035], [-0.623452, 0.748798, 0.224964]], "s": 0.930744, "sphereCenter": [129.868, 94.1656, 72.2121], "sphereRadius": 41.6158, "stabilizedPalmPosition": [90.597, 98.6918, 73.0452], "t": [66.1742, -46.9576, -47.7927], "timeVisible": 4.49214, "type": "left", "wrist": [58.8671, 59.3912, 116.448]}], "id": 56274, "interactionBox": {"center": [0, 200, 0], "size": [235.247, 235.247, 147.751]}, "pointables": [{"bases": [[[-0.287619, -0.844712, -0.451372], [0.775187, 0.0714533, -0.627678], [0.562459, -0.53043, 0.634258]], [[-0.119838, -0.958909, -0.257161], [0.7928, 0.0634832, -0.606167], [0.597584, -0.276519, 0.752616]], [[-0.119838, -0.958909, -0.257161], [0.769315, 0.0740344, -0.634566], [0.62753, -0.273883, 0.728831]], [[-0.119838, -0.958909, -0.257161], [0.712839, 0.097182, -0.694562], [0.691013, -0.266549, 0.671902]]], "btipPosition": [138.829, 147.387, 9.16012], "carpPosition": [57.384, 93.2951, 102.763], "dipPosition": [128.745, 143.497, 18.9652], "direction": [0.62753, 0.273883, -0.728831], "extended": true, "handId": 79, "id": 791, "length": 50.2283, "mcpPosition": [93.862, 127.696, 61.6285], "pipPosition": [115.79, 137.843, 34.0114], "stabilizedTipPosition": [137.994, 146.755, 12.3363], "timeVisible": 4.49214, "tipPosition": [135.283, 146.388, 10.6179], "tipVelocity": [-137.466, -38.2662, -86.5069], "tool": false, "touchDistance": 0.313363, "touchZone": "hovering", "type": 1, "width": 17.6278}, {"bases": [[[0.58172, -0.303147, -0.754787], [0.737321, 0.588357, 0.331955], [0.343453, -0.749626, 0.565775]], [[0.449939, -0.0611711, -0.890962], [0.537618, 0.815177, 0.215531], [0.713107, -0.575973, 0.399667]], [[0.449939, -0.0611711, -0.890962], [0.135832, 0.990732, 0.000574583], [0.882669, -0.121279, 0.454078]], [[0.449939, -0.0611711, -0.890962], [-0.260947, 0.945108, -0.196668], [0.854085, 0.320983, 0.409279]]], "btipPosition": [140.145, 118.815, 82.5662], "carpPosition": [65.9885, 96.3542, 121.558], "dipPosition": [123.073, 125.231, 90.7474], "direction": [0.882669, 0.121279, -0.454078], "extended": false, "handId": 79, "id": 790, "length": 44.5133, "mcpPosition": [65.9885, 96.3542, 121.558], "pipPosition": [97.3682, 121.699, 103.971], "stabilizedTipPosition": [137.77, 119.657, 85.9459], "timeVisible": 4.49214, "tipPosition": [133.343, 129.043, 82.0802], "tipVelocity": [-77.1023, 25.4709, -78.8648], "tool": false, "touchDistance": 0.31801, "touchZone": "hovering", "type": 0, "width": 18.4546}, {"bases": [[[-0.336893, -0.90833, -0.24787], [0.727562, -0.0840468, -0.680874], [0.597626, -0.409722, 0.689181]], [[-0.31952, -0.919767, -0.227894], [0.139761, 0.192127, -0.971367], [0.937216, -0.342222, 0.0671588]], [[-0.31952, -0.919767, -0.227894], [-0.937104, 0.342375, -0.0679323], [0.140507, 0.191855, -0.971313]], [[-0.31952, -0.919767, -0.227894], [-0.729268, 0.0851254, 0.678913], [-0.605042, 0.383122, -0.697956]]], "btipPosition": [128.642, 113.086, 86.287], "carpPosition": [59.6013, 84.6074, 96.6449], "dipPosition": [138.354, 119.236, 75.0844], "direction": [0.140507, -0.191855, 0.971313], "extended": false, "handId": 79, "id": 792, "length": 57.2312, "mcpPosition": [96.3571, 109.807, 54.2581], "pipPosition": [134.941, 123.895, 51.4932], "stabilizedTipPosition": [129.785, 112.034, 87.9561], "timeVisible": 4.49214, "tipPosition": [123.411, 109.902, 91.7501], "tipVelocity": [-55.6032, 12.4495, -68.6585], "tool": false, "touchDistance": 0.333333, "touchZone": "none", "type": 2, "width": 17.3129}, {"bases": [[[-0.299157, -0.949786, -0.0917123], [0.720314, -0.161746, -0.674527], [0.625822, -0.267851, 0.732532]], [[-0.275836, -0.959032, -0.0645916], [-0.410399, 0.178271, -0.894311], [0.869187, -0.220175, -0.44276]], [[-0.275836, -0.959032, -0.0645916], [-0.906748, 0.237324, 0.348548], [-0.318939, 0.15471, -0.935063]], [[-0.275836, -0.959032, -0.0645916], [-0.495582, 0.0843169, 0.864459], [-0.823598, 0.27046, -0.498536]]], "btipPosition": [110.124, 90.2645, 99.4612], "carpPosition": [63.0866, 75.0482, 92.9349], "dipPosition": [123.267, 94.5805, 91.5054], "direction": [-0.318939, -0.15471, 0.935063], "extended": false, "handId": 79, "id": 793, "length": 55.0293, "mcpPosition": [97.6442, 89.8389, 52.4848], "pipPosition": [130.814, 98.2411, 69.3812], "stabilizedTipPosition": [114.447, 90.7985, 98.1265], "timeVisible": 4.49214, "tipPosition": [111.665, 90.2265, 97.9369], "tipVelocity": [-62.3233, 6.4141, -28.3527], "tool": false, "touchDistance": 0.460522, "touchZone": "none", "type": 3, "width": 16.4743}, {"bases": [[[-0.339591, -0.934535, 0.106407], [0.717456, -0.330528, -0.613195], [0.608222, -0.131893, 0.782732]], [[-0.345642, -0.933173, 0.0985936], [-0.38211, 0.0440053, -0.923068], [0.857044, -0.356725, -0.371785]], [[-0.345642, -0.933173, 0.0985936], [-0.897212, 0.359428, 0.256556], [-0.274848, 0.000217074, -0.961488]], [[-0.345642, -0.933173, 0.0985936], [-0.526, 0.279687, 0.80318], [-0.777081, 0.225752, -0.587521]]], "btipPosition": [110.826, 78.8289, 90.561], "carpPosition": [69.8849, 64.6408, 94.6313], "dipPosition": [122.267, 82.1524, 81.9114], "direction": [-0.274848, -0.000217074, 0.961488], "extended": false, "handId": 79, "id": 794, "length": 43.1419, "mcpPosition": [100.975, 71.3827, 54.6211], "pipPosition": [126.858, 82.1561, 65.8493], "stabilizedTipPosition": [114.713, 79.2459, 88.8576], "timeVisible": 4.49214, "tipPosition": [113.639, 78.7656, 88.7279], "tipVelocity": [-75.9213, 5.89438, -22.9216], "tool": false, "touchDistance": 0.333333, "touchZone": "none", "type": 4, "width": 14.6338}], "r": [[0.672985, 0.367478, 0.641912], [0.397993, 0.551598, -0.733035], [-0.623452, 0.748798, 0.224964]], "s": 0.930744, "t": [-66.1742, -46.9576, -47.7927], "timestamp": 17561913787}, {"currentFrameRate": 108.161, "devices": [], "gestures": [], "hands": [{"armBasis": [[-0.455196, -0.184974, -0.870965], [0.888691, -0.0339597, -0.457248], [0.0550013, -0.982156, 0.179843]], "armWidth": 57.4912, "confidence": 1, "direction": [0.476058, 0.376486, -0.79475], "elbow": [45.0675, -173.851, 159.712], "grabAngle": 2.52475, "grabStrength": 0, "id": 79, "palmNormal": [0.856448, 0.00669863, 0.516189], "palmPosition": [88.5043, 98.8364, 72.6071], "palmVelocity": [-109.451, -1.39312, -22.4404], "palmWidth": 80.2111, "pinchDistance": 58.4067, "pinchStrength": 1, "r": [[0.670261, 0.370749, 0.64288], [0.400746, 0.548293, -0.734015], [-0.624622, 0.749613, 0.218923]], "s": 0.931651, "sphereCenter": [129.011, 93.5117, 71.5519], "sphereRadius": 41.8059, "stabilizedPalmPosition": [90.0519, 98.7295, 72.9311], "t": [65.4082, -46.9333, -47.9475], "timeVisible": 4.5008, "type": "left", "wrist": [58.1586, 59.9176, 116.906]}], "id": 56275, "interactionBox": {"center": [0, 200, 0], "size": [235.247, 235.247, 147.751]}, "pointables": [{"bases": [[[-0.276758, -0.850034, -0.44816], [0.78233, 0.0715042, -0.618747], [0.558001, -0.521852, 0.645218]], [[-0.11022, -0.961819, -0.25051], [0.802984, 0.0623608, -0.592729], [0.58572, -0.266486, 0.765452]], [[-0.11022, -0.961819, -0.25051], [0.779448, 0.0727414, -0.622229], [0.616694, -0.263842, 0.741671]], [[-0.11022, -0.961819, -0.25051], [0.722332, 0.095611, -0.684905], [0.682707, -0.256442, 0.684214]]], "btipPosition": [137.146, 146.535, 7.76999], "carpPosition": [56.7703, 93.7224, 102.999], "dipPosition": [127.183, 142.792, 17.7548], "direction": [0.616694, 0.263842, -0.741671], "extended": true, "handId": 79, "id": 791, "length": 50.2283, "mcpPosition": [92.9591, 127.567, 61.1542], "pipPosition": [114.452, 137.345, 33.066], "stabilizedTipPosition": [137.033, 146.424, 11.6414], "timeVisible": 4.5008, "tipPosition": [133.892, 145.596, 9.50992], "tipVelocity": [-191.163, -94.4728, -155.769], "tool": false, "touchDistance": 0.29282, "touchZone": "hovering", "type": 1, "width": 17.6278}, {"bases": [[[0.592793, -0.305307, -0.745241], [0.729491, 0.595635, 0.336248], [0.341233, -0.742972, 0.575807]], [[0.46333, -0.0686889, -0.88352], [0.530242, 0.820319, 0.214291], [0.710049, -0.567766, 0.4165]], [[0.46333, -0.0686889, -0.88352], [0.140467, 0.99008, -0.00331046], [0.874982, -0.122572, 0.468382]], [[0.46333, -0.0686889, -0.88352], [-0.248172, 0.947041, -0.203772], [0.850727, 0.313679, 0.421746]]], "btipPosition": [139.354, 119.157, 81.2653], "carpPosition": [65.6227, 96.8732, 121.664], "dipPosition": [122.349, 125.427, 89.6957], "direction": [0.874982, 0.122572, -0.468382], "extended": false, "handId": 79, "id": 790, "length": 44.5133, "mcpPosition": [65.6227, 96.8732, 121.664], "pipPosition": [96.8679, 121.857, 103.336], "stabilizedTipPosition": [137.554, 119.744, 85.6906], "timeVisible": 4.5008, "tipPosition": [132.804, 128.495, 81.1958], "tipVelocity": [-89.602, 35.5568, -143.612], "tool": false, "touchDistance": 0.297285, "touchZone": "hovering", "type": 0, "width": 18.4546}, {"bases": [[[-0.328112, -0.912374, -0.244776], [0.736339, -0.0847081, -0.67129], [0.591733, -0.400496, 0.69961]], [[-0.313456, -0.92195, -0.227492], [0.132431, 0.194783, -0.971865], [0.940323, -0.334764, 0.0610383]], [[-0.313456, -0.92195, -0.227492], [-0.940217, 0.334919, -0.0618122], [0.133179, 0.194517, -0.971816]], [[-0.313456, -0.92195, -0.227492], [-0.732122, 0.0820597, 0.676213], [-0.604767, 0.378515, -0.700702]]], "btipPosition": [127.491, 112.587, 86.2325], "carpPosition": [58.8578, 84.9732, 96.9235], "dipPosition": [137.198, 118.662, 74.9858], "direction": [0.133179, -0.194517, 0.971816], "extended": false, "handId": 79, "id": 792, "length": 57.2312, "mcpPosition": [95.2513, 109.605, 53.8953], "pipPosition": [133.963, 123.387, 51.3824], "stabilizedTipPosition": [129.78, 112.199, 87.5929], "timeVisible": 4.5008, "tipPosition": [123.166, 110.063, 90.6226], "tipVelocity": [-133.099, -59.6343, -7.46794], "tool": false, "touchDistance": 0.333333, "touchZone": "none", "type": 2, "width": 17.3129}, {"bases": [[[-0.292026, -0.952367, -0.0878492], [0.729503, -0.1624, -0.664418], [0.618504, -0.258113, 0.74218]], [[-0.271081, -0.960502, -0.0628646], [-0.398464, 0.171429, -0.901021], [0.876209, -0.2192, -0.429196]], [[-0.271081, -0.960502, -0.0628646], [-0.912312, 0.235557, 0.334963], [-0.306924, 0.148154, -0.940132]], [[-0.271081, -0.960502, -0.0628646], [-0.509688, 0.0878325, 0.855864], [-0.816537, 0.26405, -0.513366]]], "btipPosition": [109.536, 90.262, 99.0794], "carpPosition": [62.2373, 75.3633, 93.2469], "dipPosition": [122.566, 94.4758, 90.887], "direction": [-0.306924, -0.148154, 0.940132], "extended": false, "handId": 79, "id": 793, "length": 55.0293, "mcpPosition": [96.3908, 89.6162, 52.2641], "pipPosition": [129.828, 97.9812, 68.6428], "stabilizedTipPosition": [114.161, 90.8631, 97.9874], "timeVisible": 4.5008, "tipPosition": [110.978, 90.2755, 97.5355], "tipVelocity": [-70.9579, -3.00282, -50.3724], "tool": false, "touchDistance": 0.453253, "touchZone": "none", "type": 3, "width": 16.4743}, {"bases": [[[-0.334972, -0.935828, 0.109637], [0.72696, -0.330713, -0.601796], [0.599436, -0.121883, 0.791089]], [[-0.341352, -0.934473, 0.101186], [-0.370549, 0.0348547, -0.928159], [0.863813, -0.354323, -0.358166]], [[-0.341352, -0.934473, 0.101186], [-0.902587, 0.355928, 0.242181], [-0.262327, -0.00866022, -0.96494]], [[-0.341352, -0.934473, 0.101186], [-0.539651, 0.282985, 0.792904], [-0.769582, 0.216054, -0.600887]]], "btipPosition": [110.007, 78.8211, 90.2882], "carpPosition": [68.9901, 64.9262, 94.9426], "dipPosition": [121.337, 82.0018, 81.4418], "direction": [-0.262327, 0.00866022, 0.96494], "extended": false, "handId": 79, "id": 794, "length": 43.1419, "mcpPosition": [99.631, 71.1563, 54.5052], "pipPosition": [125.719, 81.8572, 65.3221], "stabilizedTipPosition": [114.297, 79.3067, 88.738], "timeVisible": 4.5008, "tipPosition": [112.757, 78.7264, 88.3958], "tipVelocity": [-97.6157, -4.69438, -36.7254], "tool": false, "touchDistance": 0.333333, "touchZone": "none", "type": 4, "width": 14.6338}], "r": [[0.670261, 0.370749, 0.64288], [0.400746, 0.548293, -0.734015], [-0.624622, 0.749613, 0.218923]], "s": 0.931651, "t": [-65.4082, -46.9333, -47.9475], "timestamp": 17561922446}, {"currentFrameRate": 108.498, "devices": [], "gestures": [], "hands": [{"armBasis": [[-0.437458, -0.19251, -0.878391], [0.897279, -0.0289927, -0.440511], [0.0593357, -0.980867, 0.185418]], "armWidth": 57.4912, "confidence": 1, "direction": [0.470176, 0.369113, -0.801679], "elbow": [43.0304, -173.074, 161.473], "grabAngle": 2.52561, "grabStrength": 0, "id": 79, "palmNormal": [0.862658, -0.000327881, 0.505788], "palmPosition": [87.3151, 98.8554, 72.5305], "palmVelocity": [-138.142, 2.20693, -8.90256], "palmWidth": 80.2111, "pinchDistance": 58.2578, "pinchStrength": 1, "r": [[0.665765, 0.375142, 0.645], [0.403621, 0.545978, -0.734165], [-0.627572, 0.749117, 0.212078]], "s": 0.933463, "sphereCenter": [127.867, 92.7592, 71.0008], "sphereRadius": 41.9971, "stabilizedPalmPosition": [89.3201, 98.7631, 72.824], "t": [64.4306, -46.9117, -48.0632], "timeVisible": 4.50941, "type": "left", "wrist": [57.1532, 60.3869, 117.341]}], "id": 56276, "interactionBox": {"center": [0, 200, 0], "size": [235.247, 235.247, 147.751]}, "pointables": [{"bases": [[[-0.262727, -0.854216, -0.448654], [0.789001, 0.0774492, -0.609491], [0.555385, -0.514118, 0.653629]], [[-0.0974507, -0.963689, -0.24861], [0.812897, 0.0670467, -0.578535], [0.574196, -0.258473, 0.776847]], [[-0.0974507, -0.963689, -0.24861], [0.789318, 0.0773154, -0.609097], [0.606201, -0.255589, 0.753123]], [[-0.0974507, -0.963689, -0.24861], [0.731663, 0.0999656, -0.674296], [0.674664, -0.24761, 0.695354]]], "btipPosition": [135.351, 145.877, 6.72835], "carpPosition": [55.9014, 94.1598, 103.32], "dipPosition": [125.505, 142.264, 16.8757], "direction": [0.606201, 0.255589, -0.753123], "extended": true, "handId": 79, "id": 791, "length": 50.2283, "mcpPosition": [91.9205, 127.503, 60.9296], "pipPosition": [112.991, 136.987, 32.4234], "stabilizedTipPosition": [135.809, 145.997, 10.8417], "timeVisible": 4.50941, "tipPosition": [132.421, 144.954, 8.74337], "tipVelocity": [-205.44, -72.9369, -116.664], "tool": false, "touchDistance": 0.2809, "touchZone": "hovering", "type": 1, "width": 17.6278}, {"bases": [[[0.604819, -0.301663, -0.737017], [0.719324, 0.604058, 0.343057], [0.341713, -0.