{"frames": 69, "data": [{"currentFrameRate": 111.537, "devices": [], "gestures": [], "hands": [{"armBasis": [[0.609676, 0.745467, 0.269397], [0.0327664, 0.315875, -0.948235], [-0.791973, 0.586943, 0.168155]], "armWidth": 50.6296, "confidence": 1, "direction": [-0.0333415, 0.276772, -0.960357], "elbow": [78.5128, 368.617, 191.707], "grabAngle": 0.246151, "grabStrength": 0, "id": 70, "palmNormal": [-0.0133689, -0.960929, -0.276473], "palmPosition": [-102.496, 243.535, 96.6979], "palmVelocity": [-12.9462, -20.5904, 14.1299], "palmWidth": 74.6866, "pinchDistance": 59.3368, "pinchStrength": 0, "r": [[0.832335, 0.0661297, 0.550313], [-0.0840211, 0.996437, 0.00734073], [-0.547867, -0.0523479, 0.834926]], "s": 1.63599, "sphereCenter": [-98.5156, 273.364, 64.641], "sphereRadius": 53.6002, "stabilizedPalmPosition": [-102.165, 243.537, 96.2295], "t": [-104.455, 112.38, -1.22218], "timeVisible": 9.72138, "type": "left", "wrist": [-97.0059, 238.538, 154.44]}], "id": 47424, "interactionBox": {"center": [0, 200, 0], "size": [235.247, 235.247, 147.751]}, "pointables": [{"bases": [[[0.396686, 0.914945, 0.0742689], [-0.823265, 0.318812, 0.469673], [0.406047, -0.247456, 0.879711]], [[0.294081, 0.947238, -0.127502], [-0.725679, 0.308103, 0.615193], [0.622018, -0.0883907, 0.777998]], [[0.294081, 0.947238, -0.127502], [-0.750087, 0.311406, 0.583434], [0.592356, -0.0759389, 0.80209]], [[0.294081, 0.947238, -0.127502], [-0.764248, 0.313158, 0.563788], [0.57397, -0.0683559, 0.816018]]], "btipPosition": [-30.9295, 232.357, 70.0945], "carpPosition": [-83.8634, 225.317, 139.879], "dipPosition": [-41.8931, 231.052, 85.6816], "direction": [0.592356, 0.0759389, -0.80209], "extended": true, "handId": 70, "id": 700, "length": 42.5361, "mcpPosition": [-83.8634, 225.317, 139.879], "pipPosition": [-58.3772, 228.939, 108.002], "stabilizedTipPosition": [-32.6842, 232.47, 73.3339], "timeVisible": 9.72138, "tipPosition": [-34.5858, 234.078, 73.5046], "tipVelocity": [-12.5571, -6.08626, 12.0429], "tool": false, "touchDistance": 0.241319, "touchZone": "hovering", "type": 0, "width": 15.8565}, {"bases": [[[0.990766, 0.05004, -0.126014], [-0.0332359, 0.990681, 0.132086], [0.131449, -0.126678, 0.983196]], [[0.975687, 0.0608069, -0.210562], [-0.0325833, 0.990309, 0.135003], [0.216731, -0.12486, 0.968214]], [[0.975687, 0.0608069, -0.210562], [-0.0972037, 0.98114, -0.167078], [0.196432, 0.183483, 0.963197]], [[0.975687, 0.0608069, -0.210562], [-0.141257, 0.909044, -0.392027], [0.167573, 0.412239, 0.895532]]], "btipPosition": [-68.8083, 245.854, 11.306], "carpPosition": [-90.5576, 243.195, 136.118], "dipPosition": [-71.145, 251.603, 23.7941], "direction": [0.196432, -0.183483, -0.963197], "extended": true, "handId": 70, "id": 701, "length": 47.9972, "mcpPosition": [-82.6197, 250.844, 76.7456], "pipPosition": [-75.0201, 255.223, 42.7953], "stabilizedTipPosition": [-69.0925, 246.84, 13.72], "timeVisible": 9.72138, "tipPosition": [-76.483, 251.02, 13.0614], "tipVelocity": [-17.3851, -0.782723, 12.952], "tool": false, "touchDistance": 0.265077, "touchZone": "hovering", "type": 1, "width": 15.1461}, {"bases": [[[0.990468, -0.13716, -0.012681], [0.137637, 0.981857, 0.130434], [-0.00543939, -0.130936, 0.991376]], [[0.990461, -0.135568, -0.0246575], [0.137444, 0.959294, 0.246706], [-0.00979153, -0.247741, 0.968777]], [[0.990461, -0.135568, -0.0246575], [0.135811, 0.990699, 0.00844297], [0.0232836, -0.0117112, 0.99966]], [[0.990461, -0.135568, -0.0246575], [0.126737, 0.96652, -0.223107], [0.0540781, 0.217853, 0.974482]]], "btipPosition": [-99.6805, 259.315, 1.53534], "carpPosition": [-100.354, 245.14, 134.568], "dipPosition": [-100.51, 262.657, 16.4815], "direction": [0.0232836, 0.0117112, -0.99966], "extended": true, "handId": 70, "id": 702, "length": 54.689, "mcpPosition": [-100.665, 252.639, 77.7943], "pipPosition": [-101.05, 262.385, 39.6827], "stabilizedTipPosition": [-99.6309, 260.043, 4.51374], "timeVisible": 9.72138, "tipPosition": [-102.629, 259.229, 4.76459], "tipVelocity": [-17.8125, -8.7203, 16.3789], "tool": false, "touchDistance": 0.251824, "touchZone": "hovering", "type": 2, "width": 14.8755}, {"bases": [[[0.965659, -0.228557, 0.12355], [0.207807, 0.964874, 0.160731], [-0.155946, -0.129537, 0.979235]], [[0.960221, -0.232554, 0.154575], [0.148516, 0.894089, 0.422549], [-0.236469, -0.382783, 0.893062]], [[0.960221, -0.232554, 0.154575], [0.177343, 0.935461, 0.305717], [-0.215694, -0.266143, 0.939491]], [[0.960221, -0.232554, 0.154575], [0.222984, 0.971788, 0.076853], [-0.168086, -0.0393283, 0.984987]]], "btipPosition": [-134.479, 271.814, 14.6917], "carpPosition": [-110.398, 244.578, 133.869], "dipPosition": [-131.916, 271.214, 29.7122], "direction": [-0.215694, 0.266143, -0.939491], "extended": true, "handId": 70, "id": 703, "length": 52.5849, "mcpPosition": [-118.416, 251.238, 83.5205], "pipPosition": [-127.039, 265.197, 50.9538], "stabilizedTipPosition": [-133.654, 271.81, 17.7744], "timeVisible": 9.72138, "tipPosition": [-132.063, 266.416, 16.5957], "tipVelocity": [-18.2712, -13.4589, 18.5151], "tool": false, "touchDistance": 0.266848, "touchZone": "hovering", "type": 3, "width": 14.155}, {"bases": [[[0.893421, -0.398276, 0.207788], [0.340873, 0.902319, 0.263869], [-0.292584, -0.164916, 0.941912]], [[0.860597, -0.412471, 0.298732], [0.197911, 0.811324, 0.550078], [-0.469259, -0.414273, 0.779855]], [[0.860597, -0.412471, 0.298732], [0.23971, 0.845594, 0.476979], [-0.449346, -0.338878, 0.82659]], [[0.860597, -0.412471, 0.298732], [0.33897, 0.901679, 0.268467], [-0.380095, -0.12978, 0.915797]]], "btipPosition": [-160.152, 265.227, 40.9501], "carpPosition": [-120.164, 238.186, 134.366], "dipPosition": [-154.805, 263.401, 53.8337], "direction": [-0.449346, 0.338878, -0.82659], "extended": true, "handId": 70, "id": 704, "length": 41.2256, "mcpPosition": [-134.089, 246.036, 89.535], "pipPosition": [-147.632, 257.991, 67.0289], "stabilizedTipPosition": [-158.675, 264.93, 43.5565], "timeVisible": 9.72138, "tipPosition": [-156.022, 258.751, 41.0751], "tipVelocity": [-16.1291, -17.609, 18.3887], "tool": false, "touchDistance": 0.255831, "touchZone": "hovering", "type": 4, "width": 12.5735}], "r": [[0.832335, 0.0661297, 0.550313], [-0.0840211, 0.996437, 0.00734073], [-0.547867, -0.0523479, 0.834926]], "s": 1.63599, "t": [104.455, 112.38, -1.22218], "timestamp": 17483856688}, {"currentFrameRate": 111.7, "devices": [], "gestures": [], "hands": [{"armBasis": [[0.610927, 0.744714, 0.268645], [0.0330944, 0.315013, -0.94851], [-0.790995, 0.588361, 0.167804]], "armWidth": 50.6296, "confidence": 1, "direction": [-0.0335921, 0.276897, -0.960312], "elbow": [78.1578, 368.71, 191.737], "grabAngle": 0.24731, "grabStrength": 0, "id": 70, "palmNormal": [-0.0118041, -0.960897, -0.276653], "palmPosition": [-102.634, 243.312, 96.808], "palmVelocity": [-15.9176, -25.7369, 12.7008], "palmWidth": 74.6866, "pinchDistance": 59.3566, "pinchStrength": 0, "r": [[0.832483, 0.065504, 0.550165], [-0.0835108, 0.996477, 0.00772152], [-0.547721, -0.0523727, 0.83502]], "s": 1.63574, "sphereCenter": [-98.8804, 272.551, 64.6569], "sphereRadius": 53.3516, "stabilizedPalmPosition": [-102.195, 243.523, 96.2662], "t": [-104.567, 112.214, -1.11621], "timeVisible": 9.73004, "type": "left", "wrist": [-97.1441, 238.316, 154.547]}], "id": 47425, "interactionBox": {"center": [0, 200, 0], "size": [235.247, 235.247, 147.751]}, "pointables": [{"bases": [[[0.398139, 0.914306, 0.074362], [-0.822672, 0.32002, 0.469891], [0.405827, -0.248258, 0.879587]], [[0.295666, 0.946789, -0.127168], [-0.724927, 0.309066, 0.615597], [0.622144, -0.089824, 0.777733]], [[0.295666, 0.946789, -0.127168], [-0.749604, 0.31246, 0.583491], [0.592178, -0.0771932, 0.802101]], [[0.295666, 0.946789, -0.127168], [-0.763933, 0.314263, 0.5636], [0.573575, -0.0694901, 0.8162]]], "btipPosition": [-31.0544, 232.271, 70.2118], "carpPosition": [-83.981, 225.115, 139.99], "dipPosition": [-42.0105, 230.944, 85.8024], "direction": [0.592178, 0.0771932, -0.802101], "extended": true, "handId": 70, "id": 700, "length": 42.5361, "mcpPosition": [-83.981, 225.115, 139.99], "pipPosition": [-58.4896, 228.796, 108.123], "stabilizedTipPosition": [-32.7029, 232.46, 73.3437], "timeVisible": 9.73004, "tipPosition": [-34.703, 233.963, 73.6262], "tipVelocity": [-14.2184, -10.5471, 13.6317], "tool": false, "touchDistance": 0.243288, "touchZone": "hovering", "type": 0, "width": 15.8565}, {"bases": [[[0.990819, 0.0485048, -0.126196], [-0.031652, 0.990707, 0.132276], [0.131439, -0.127067, 0.983147]], [[0.975925, 0.0592074, -0.209919], [-0.0308909, 0.990269, 0.135691], [0.21591, -0.12594, 0.968257]], [[0.975925, 0.0592074, -0.209919], [-0.0953157, 0.981456, -0.16631], [0.196179, 0.182314, 0.96347]], [[0.975925, 0.0592074, -0.209919], [-0.139414, 0.909503, -0.391622], [0.167735, 0.411459, 0.895861]]], "btipPosition": [-68.9854, 245.738, 11.4098], "carpPosition": [-90.7027, 242.983, 136.231], "dipPosition": [-71.3244, 251.476, 23.9024], "direction": [0.196179, -0.182314, -0.96347], "extended": true, "handId": 70, "id": 701, "length": 47.9972, "mcpPosition": [-82.7654, 250.656, 76.8608], "pipPosition": [-75.1945, 255.072, 42.909], "stabilizedTipPosition": [-69.1269, 246.857, 13.7649], "timeVisible": 9.73004, "tipPosition": [-76.5869, 250.837, 13.1825], "tipVelocity": [-20.5006, -13.7043, 12.0934], "tool": false, "touchDistance": 0.266824, "touchZone": "hovering", "type": 1, "width": 15.1461}, {"bases": [[[0.990248, -0.138715, -0.0128973], [0.139207, 0.981615, 0.13059], [-0.00545461, -0.131112, 0.991353]], [[0.990244, -0.137171, -0.0245021], [0.138964, 0.95923, 0.246101], [-0.0102548, -0.247106, 0.968934]], [[0.990244, -0.137171, -0.0245021], [0.137362, 0.990501, 0.00628565], [0.0234072, -0.00959, 0.99968]], [[0.990244, -0.137171, -0.0245021], [0.128183, 0.965699, -0.225818], [0.0546374, 0.220475, 0.973861]]], "btipPosition": [-99.8359, 258.984, 1.65031], "carpPosition": [-100.501, 244.914, 134.678], "dipPosition": [-100.674, 262.366, 16.587], "direction": [0.0234072, 0.00959, -0.99968], "extended": true, "handId": 70, "id": 702, "length": 54.689, "mcpPosition": [-100.814, 252.422, 77.9065], "pipPosition": [-101.217, 262.143, 39.7886], "stabilizedTipPosition": [-99.6616, 260.021, 4.55783], "timeVisible": 9.73004, "tipPosition": [-102.752, 259.029, 4.87919], "tipVelocity": [-18.1602, -37.1411, 13.0141], "tool": false, "touchDistance": 0.253704, "touchZone": "hovering", "type": 2, "width": 14.8755}, {"bases": [[[0.965322, -0.230099, 0.123322], [0.209355, 0.964516, 0.16087], [-0.155962, -0.129473, 0.979241]], [[0.959828, -0.23413, 0.154641], [0.149996, 0.893912, 0.422401], [-0.237132, -0.382236, 0.89312]], [[0.959828, -0.23413, 0.154641], [0.179109, 0.935477, 0.304637], [-0.215988, -0.264701, 0.939831]], [[0.959828, -0.23413, 0.154641], [0.224838, 0.971481, 0.0753158], [-0.167865, -0.037521, 0.985096]]], "btipPosition": [-134.654, 271.488, 14.7887], "carpPosition": [-110.544, 244.335, 133.978], "dipPosition": [-132.094, 270.916, 29.8108], "direction": [-0.215988, 0.264701, -0.939831], "extended": true, "handId": 70, "id": 703, "length": 52.5849, "mcpPosition": [-118.563, 250.993, 83.6289], "pipPosition": [-127.211, 264.931, 51.0601], "stabilizedTipPosition": [-133.697, 271.762, 17.8242], "timeVisible": 9.73004, "tipPosition": [-132.229, 266.183, 16.7108], "tipVelocity": [-20.2779, -36.8579, 11.2324], "tool": false, "touchDistance": 0.26847, "touchZone": "hovering", "type": 3, "width": 14.155}, {"bases": [[[0.892833, -0.399719, 0.207542], [0.342342, 0.901732, 0.26397], [-0.292661, -0.164631, 0.941937]], [[0.859891, -0.413917, 0.298764], [0.198984, 0.810752, 0.550533], [-0.470098, -0.413949, 0.779522]], [[0.859891, -0.413917, 0.298764], [0.241025, 0.845123, 0.477151], [-0.449993, -0.338289, 0.826478]], [[0.859891, -0.413917, 0.298764], [0.340564, 0.901138, 0.268264], [-0.380267, -0.12893, 0.915846]]], "btipPosition": [-160.33, 264.925, 41.0652], "carpPosition": [-120.301, 237.929, 134.471], "dipPosition": [-154.98, 263.111, 53.9496], "direction": [-0.449993, 0.338289, -0.826478], "extended": true, "handId": 70, "id": 704, "length": 41.2256, "mcpPosition": [-134.23, 245.764, 89.6394], "pipPosition": [-147.797, 257.711, 67.143], "stabilizedTipPosition": [-158.714, 264.891, 43.6003], "timeVisible": 9.73004, "tipPosition": [-156.177, 258.462, 41.1815], "tipVelocity": [-20.4106, -34.5456, 13.306], "tool": false, "touchDistance": 0.257753, "touchZone": "hovering", "type": 4, "width": 12.5735}], "r": [[0.832483, 0.065504, 0.550165], [-0.0835108, 0.996477, 0.00772152], [-0.547721, -0.0523727, 0.83502]], "s": 1.63574, "t": [104.567, 112.214, -1.11621], "timestamp": 17483865354}, {"currentFrameRate": 111.917, "devices": [], "gestures": [], "hands": [{"armBasis": [[0.61325, 0.743274, 0.267336], [0.0332161, 0.313882, -0.948881], [-0.789191, 0.590781, 0.167799]], "armWidth": 50.6296, "confidence": 1, "direction": [-0.0335906, 0.276376, -0.960462], "elbow": [77.5984, 368.92, 191.839], "grabAngle": 0.24839, "grabStrength": 0, "id": 70, "palmNormal": [-0.00888231, -0.961049, -0.276234], "palmPosition": [-102.762, 242.943, 96.9067], "palmVelocity": [-15.0142, -43.2029, 11.5328], "palmWidth": 74.6866, "pinchDistance": 59.3574, "pinchStrength": 0, "r": [[0.832726, 0.0645848, 0.549905], [-0.0825416, 0.996556, 0.00795074], [-0.547498, -0.0520109, 0.835189]], "s": 1.63554, "sphereCenter": [-99.2503, 271.62, 64.6542], "sphereRadius": 53.1274, "stabilizedPalmPosition": [-102.233, 243.484, 96.3084], "t": [-104.688, 111.946, -1.01388], "timeVisible": 9.7386, "type": "left", "wrist": [-97.3036, 237.99, 154.651]}], "id": 47426, "interactionBox": {"center": [0, 200, 0], "size": [235.247, 235.247, 147.751]}, "pointables": [{"bases": [[[0.400764, 0.913218, 0.073632], [-0.82139, 0.322537, 0.470414], [0.405841, -0.249006, 0.879369]], [[0.298313, 0.945892, -0.127661], [-0.72359, 0.311345, 0.616021], [0.622436, -0.0913933, 0.777316]], [[0.298313, 0.945892, -0.127661], [-0.748425, 0.31482, 0.583737], [0.592342, -0.0785921, 0.801844]], [[0.298313, 0.945892, -0.127661], [-0.76293, 0.316678, 0.563607], [0.573538, -0.0707352, 0.816119]]], "btipPosition": [-31.1511, 232.1, 70.3595], "carpPosition": [-84.0935, 224.817, 140.112], "dipPosition": [-42.1065, 230.749, 85.9485], "direction": [0.592342, 0.0785921, -0.801844], "extended": true, "handId": 70, "id": 700, "length": 42.5361, "mcpPosition": [-84.0935, 224.817, 140.112], "pipPosition": [-58.5902, 228.562, 108.262], "stabilizedTipPosition": [-32.7237, 232.445, 73.3566], "timeVisible": 9.7386, "tipPosition": [-34.7849, 233.771, 73.7843], "tipVelocity": [-11.2753, -20.6301, 17.2152], "tool": false, "touchDistance": 0.245743, "touchZone": "hovering", "type": 0, "width": 15.8565}, {"bases": [[[0.990848, 0.0456669, -0.12702], [-0.0287635, 0.990851, 0.13186], [0.131879, -0.127, 0.983097]], [[0.976072, 0.0562854, -0.210035], [-0.0280541, 0.990442, 0.135047], [0.215628, -0.125924, 0.968322]], [[0.976072, 0.0562854, -0.210035], [-0.0926926, 0.981463, -0.167747], [0.1967, 0.183202, 0.963196]], [[0.976072, 0.0562854, -0.210035], [-0.137093, 0.90905, -0.39349], [0.168784, 0.412869, 0.895015]]], "btipPosition": [-69.1034, 245.378, 11.5362], "carpPosition": [-90.8622, 242.664, 136.339], "dipPosition": [-71.457, 251.135, 24.017], "direction": [0.1967, -0.183202, -0.963196], "extended": true, "handId": 70, "id": 701, "length": 47.9972, "mcpPosition": [-82.8984, 250.333, 76.9723], "pipPosition": [-75.3374, 254.749, 43.0183], "stabilizedTipPosition": [-69.1698, 246.844, 13.8181], "timeVisible": 9.7386, "tipPosition": [-76.6385, 250.487, 13.3037], "tipVelocity": [-14.1799, -41.6034, 14.4603], "tool": false, "touchDistance": 0.268886, "touchZone": "hovering", "type": 1, "width": 15.1461}, {"bases": [[[0.989844, -0.141501, -0.0136371], [0.142068, 0.981278, 0.130039], [-0.00501881, -0.130656, 0.991415]], [[0.989838, -0.14001, -0.0248766], [0.141817, 0.959048, 0.245184], [-0.0104703, -0.24622, 0.969157]], [[0.989838, -0.14001, -0.0248766], [0.140155, 0.990121, 0.00414743], [0.0240502, -0.00759185, 0.999682]], [[0.989838, -0.14001, -0.0248766], [0.130719, 0.964742, -0.228441], [0.0559836, 0.222868, 0.97324]]], "btipPosition": [-99.9475, 258.493, 1.74712], "carpPosition": [-100.665, 244.567, 134.778], "dipPosition": [-100.806, 261.912, 16.6742], "direction": [0.0240502, 0.00759185, -0.999682], "extended": true, "handId": 70, "id": 702, "length": 54.689, "mcpPosition": [-100.952, 252.049, 78.0026], "pipPosition": [-101.364, 261.735, 39.8759], "stabilizedTipPosition": [-99.7023, 259.959, 4.61025], "timeVisible": 9.7386, "tipPosition": [-102.836, 258.621, 4.97193], "tipVelocity": [-13.6015, -56.3852, 11.0581], "tool": false, "touchDistance": 0.255281, "touchZone": "hovering", "type": 2, "width": 14.8755}, {"bases": [[[0.964772, -0.232753, 0.122643], [0.212192, 0.963996, 0.16027], [-0.15553, -0.128601, 0.979424]], [[0.959224, -0.236799, 0.154325], [0.152689, 0.893599, 0.422098], [-0.237858, -0.381322, 0.893318]], [[0.959224, -0.236799, 0.154325], [0.182017, 0.935226, 0.303682], [-0.216241, -0.263209, 0.940192]], [[0.959224, -0.236799, 0.154325], [0.227796, 0.970902, 0.073881], [-0.16733, -0.0357137, 0.985254]]], "btipPosition": [-134.817, 270.973, 14.8533], "carpPosition": [-110.706, 243.96, 134.07], "dipPosition": [-132.266, 270.429, 29.8778], "direction": [-0.216241, 0.263209, -0.940192], "extended": true, "handId": 70, "id": 703, "length": 52.5849, "mcpPosition": [-118.703, 250.572, 83.7113], "pipPosition": [-127.376, 264.478, 51.1352], "stabilizedTipPosition": [-133.757, 271.659, 17.8789], "timeVisible": 9.7386, "tipPosition": [-132.36, 265.704, 16.7781], "tipVelocity": [-19.3026, -59.4366, 7.61192], "tool": false, "touchDistance": 0.269556, "touchZone": "hovering", "type": 3, "width": 14.155}, {"bases": [[[0.891876, -0.402132, 0.206998], [0.345086, 0.900885, 0.263291], [-0.292359, -0.163391, 0.942247]], [[0.858816, -0.416246, 0.29862], [0.201238, 0.810179, 0.550557], [-0.471103, -0.412733, 0.77956]], [[0.858816, -0.416246, 0.29862], [0.243408, 0.844477, 0.477086], [-0.450763, -0.337042, 0.826568]], [[0.858816, -0.416246, 0.29862], [0.343183, 0.900256, 0.267889], [-0.380342, -0.127586, 0.916003]]], "btipPosition": [-160.501, 264.389, 41.1325], "carpPosition": [-120.444, 237.526, 134.558], "dipPosition": [-155.151, 262.594, 54.019], "direction": [-0.450763, 0.337042, -0.826568], "extended": true, "handId": 70, "id": 704, "length": 41.2256, "mcpPosition": [-134.359, 245.303, 89.7114], "pipPosition": [-147.955, 257.214, 67.2139], "stabilizedTipPosition": [-158.77, 264.799, 43.65], "timeVisible": 9.7386, "tipPosition": [-156.311, 257.934, 41.238], "tipVelocity": [-20.0441, -62.0714, 7.92089], "tool": false, "touchDistance": 0.258882, "touchZone": "hovering", "type": 4, "width": 12.5735}], "r": [[0.832726, 0.0645848, 0.549905], [-0.0825416, 0.996556, 0.00795074], [-0.547498, -0.0520109, 0.835189]], "s": 1.63554, "t": [104.688, 111.946, -1.01388], "timestamp": 17483873910}, {"currentFrameRate": 112.002, "devices": [], "gestures": [], "hands": [{"armBasis": [[0.614515, 0.742496, 0.266592], [0.0335701, 0.313009, -0.949157], [-0.788191, 0.59222, 0.167423]], "armWidth": 50.6296, "confidence": 1, "direction": [-0.0338755, 0.276226, -0.960495], "elbow": [77.2272, 368.817, 191.877], "grabAngle": 0.250824, "grabStrength": 0, "id": 70, "palmNormal": [-0.00728321, -0.96109, -0.27614], "palmPosition": [-102.912, 242.503, 97.0295], "palmVelocity": [-17.0955, -50.0314, 13.9974], "palmWidth": 74.6866, "pinchDistance": 59.345, "pinchStrength": 0, "r": [[0.832959, 0.0635912, 0.549668], [-0.0814439, 0.996645, 0.00811688], [-0.547308, -0.0515281, 0.835344]], "s": 1.63534, "sphereCenter": [-99.7995, 269.743, 64.5362], "sphereRadius": 52.5832, "stabilizedPalmPosition": [-102.281, 243.415, 96.3593], "t": [-104.823, 111.592, -0.90127], "timeVisible": 9.74738, "type": "left", "wrist": [-97.4532, 237.568, 154.773]}], "id": 47427, "interactionBox": {"center": [0, 200, 0], "size": [235.247, 235.247, 147.751]}, "pointables": [{"bases": [[[0.402252, 0.912576, 0.073474], [-0.820788, 0.32391, 0.47052], [0.405586, -0.249574, 0.879325]], [[0.300194, 0.945368, -0.127132], [-0.722718, 0.312401, 0.61651], [0.622545, -0.0931918, 0.777015]], [[0.300194, 0.945368, -0.127132], [-0.747787, 0.31598, 0.583927], [0.592198, -0.0802235, 0.801789]], [[0.300194, 0.945368, -0.127132], [-0.762593, 0.317916, 0.563366], [0.573006, -0.0721689, 0.816368]]], "btipPosition": [-31.2889, 231.842, 70.4964], "carpPosition": [-84.2216, 224.412, 140.239], "dipPosition": [-42.2341, 230.463, 86.0902], "direction": [0.592198, 0.0802235, -0.801789], "extended": true, "handId": 70, "id": 700, "length": 42.5361, "mcpPosition": [-84.2216, 224.412, 140.239], "pipPosition": [-58.7138, 228.231, 108.402], "stabilizedTipPosition": [-32.7509, 232.422, 73.3748], "timeVisible": 9.74738, "tipPosition": [-34.9116, 233.431, 73.9203], "tipVelocity": [-15.4305, -30.1409, 15.7226], "tool": false, "touchDistance": 0.248043, "touchZone": "hovering", "type": 0, "width": 15.8565}, {"bases": [[[0.9909, 0.0440535, -0.127191], [-0.0271406, 0.990909, 0.131766], [0.131839, -0.127115, 0.983087]], [[0.976251, 0.0546167, -0.209645], [-0.0266493, 0.990626, 0.13398], [0.214997, -0.125211, 0.968555]], [[0.976251, 0.0546167, -0.209645], [-0.0913493, 0.981244, -0.169752], [0.196442, 0.184871, 0.96293]], [[0.976251, 0.0546167, -0.209645], [-0.135859, 0.908113, -0.396071], [0.168749, 0.415147, 0.893967]]], "btipPosition": [-69.2898, 244.879, 11.6734], "carpPosition": [-91.0185, 242.248, 136.464], "dipPosition": [-71.643, 250.668, 24.1396], "direction": [0.196442, -0.184871, -0.96293], "extended": true, "handId": 70, "id": 701, "length": 47.9972, "mcpPosition": [-83.0571, 249.924, 77.0978], "pipPosition": [-75.5182, 254.315, 43.1356], "stabilizedTipPosition": [-69.2295, 246.787, 13.8834], "timeVisible": 9.74738, "tipPosition": [-76.7374, 250.054, 13.4381], "tipVelocity": [-21.2189, -55.9834, 15.2447], "tool": false, "touchDistance": 0.271116, "touchZone": "hovering", "type": 1, "width": 15.1461}, {"bases": [[[0.989612, -0.143101, -0.0137894], [0.143675, 0.98106, 0.129918], [-0.00506312, -0.13055, 0.991429]], [[0.989608, -0.141652, -0.0247248], [0.143388, 0.959198, 0.243679], [-0.0108017, -0.244692, 0.969541]], [[0.989608, -0.141652, -0.0247248], [0.141717, 0.989907, 0.000896661], [0.0243482, -0.00439127, 0.999694]], [[0.989608, -0.141652, -0.0247248], [0.132127, 0.963617, -0.232347], [0.0567376, 0.226665, 0.972319]]], "btipPosition": [-100.104, 257.862, 1.86819], "carpPosition": [-100.824, 244.135, 134.901], "dipPosition": [-100.974, 261.339, 16.7812], "direction": [0.0243482, 0.00439127, -0.999694], "extended": true, "handId": 70, "id": 702, "length": 54.689, "mcpPosition": [-101.114, 251.611, 78.1248], "pipPosition": [-101.539, 261.237, 39.9832], "stabilizedTipPosition": [-99.7591, 259.836, 4.67525], "timeVisible": 9.74738, "tipPosition": [-102.965, 258.178, 5.0956], "tipVelocity": [-18.0921, -70.3272, 13.419], "tool": false, "touchDistance": 0.257245, "touchZone": "hovering", "type": 2, "width": 14.8755}, {"bases": [[[0.964415, -0.234299, 0.122504], [0.213776, 0.963668, 0.160139], [-0.155573, -0.128252, 0.979463]], [[0.958763, -0.238399, 0.154721], [0.154189, 0.893636, 0.421474], [-0.238744, -0.380238, 0.893544]], [[0.958763, -0.238399, 0.154721], [0.183882, 0.935441, 0.301891], [-0.216703, -0.260992, 0.940703]], [[0.958763, -0.238399, 0.154721], [0.229811, 0.970608, 0.0714698], [-0.167212, -0.0329659, 0.98537]]], "btipPosition": [-135.018, 270.375, 14.9512], "carpPosition": [-110.864, 243.512, 134.191], "dipPosition": [-132.469, 269.873, 29.9775], "direction": [-0.216703, 0.260992, -0.940704], "extended": true, "handId": 70, "id": 703, "length": 52.5849, "mcpPosition": [-118.863, 250.106, 83.8308], "pipPosition": [-127.569, 263.972, 51.2465], "stabilizedTipPosition": [-133.84, 271.487, 17.9438], "timeVisible": 9.74738, "tipPosition": [-132.545, 265.241, 16.9032], "tipVelocity": [-22.958, -67.0021, 11.1964], "tool": false, "touchDistance": 0.271194, "touchZone": "hovering", "type": 3, "width": 14.155}, {"bases": [[[0.89126, -0.403552, 0.206888], [0.346586, 0.900352, 0.263143], [-0.292464, -0.162825, 0.942313]], [[0.858024, -0.417658, 0.298926], [0.202336, 0.809814, 0.550692], [-0.472075, -0.412024, 0.779347]], [[0.858024, -0.417658, 0.298926], [0.244877, 0.844262, 0.476715], [-0.451476, -0.335833, 0.826672]], [[0.858024, -0.417658, 0.298926], [0.344979, 0.899827, 0.267021], [-0.380505, -0.125987, 0.916157]]], "btipPosition": [-160.696, 263.836, 41.2522], "carpPosition": [-120.592, 237.062, 134.679], "dipPosition": [-155.343, 262.063, 54.1409], "direction": [-0.451476, 0.335833, -0.826672], "extended": true, "handId": 70, "id": 704, "length": 41.2256, "mcpPosition": [-134.512, 244.812, 89.8288], "pipPosition": [-148.136, 256.702, 67.3374], "stabilizedTipPosition": [-158.845, 264.65, 43.7117], "timeVisible": 9.74738, "tipPosition": [-156.481, 257.413, 41.355], "tipVelocity": [-22.0784, -62.4302, 13.6878], "tool": false, "touchDistance": 0.260885, "touchZone": "hovering", "type": 4, "width": 12.5735}], "r": [[0.832959, 0.0635912, 0.549668], [-0.0814439, 0.996645, 0.00811688], [-0.547308, -0.0515281, 0.835344]], "s": 1.63534, "t": [104.823, 111.592, -0.90127], "timestamp": 17483882690}, {"currentFrameRate": 112.146, "devices": [], "gestures": [], "hands": [{"armBasis": [[0.616994, 0.740339, 0.266864], [0.0346886, 0.313189, -0.949057], [-0.786203, 0.59482, 0.167555]], "armWidth": 50.6296, "confidence": 1, "direction": [-0.0348671, 0.277283, -0.960155], "elbow": [76.6342, 368.827, 192.015], "grabAngle": 0.254441, "grabStrength": 0, "id": 70, "palmNormal": [-0.00409593, -0.960771, -0.277312], "palmPosition": [-103.088, 241.986, 97.1468], "palmVelocity": [-20.2647, -59.6458, 13.531], "palmWidth": 74.6866, "pinchDistance": 59.3112, "pinchStrength": 0, "r": [[0.833179, 0.0621059, 0.549505], [-0.0799004, 0.996767, 0.00849168], [-0.547201, -0.0509808, 0.835447]], "s": 1.63504, "sphereCenter": [-100.555, 267.001, 64.3091], "sphereRadius": 51.8001, "stabilizedPalmPosition": [-102.34, 243.311, 96.4169], "t": [-104.979, 111.157, -0.786342], "timeVisible": 9.75604, "type": "left", "wrist": [-97.6056, 237.002, 154.881]}], "id": 47428, "interactionBox": {"center": [0, 200, 0], "size": [235.247, 235.247, 147.751]}, "pointables": [{"bases": [[[0.405289, 0.911138, 0.0746154], [-0.819737, 0.326073, 0.470858], [0.404687, -0.251999, 0.879048]], [[0.303829, 0.944476, -0.125107], [-0.721559, 0.313865, 0.617124], [0.622126, -0.097228, 0.776857]], [[0.303829, 0.944476, -0.125107], [-0.746616, 0.317609, 0.584542], [0.591822, -0.0841939, 0.80166]], [[0.303829, 0.944476, -0.125107], [-0.761721, 0.319687, 0.563543], [0.572248, -0.0759239, 0.816558]]], "btipPosition": [-31.4432, 231.682, 70.5967], "carpPosition": [-84.3338, 223.905, 140.333], "dipPosition": [-42.3739, 230.232, 86.1942], "direction": [0.591822, 0.0841939, -0.80166], "extended": true, "handId": 70, "id": 700, "length": 42.5361, "mcpPosition": [-84.3338, 223.905, 140.333], "pipPosition": [-58.8431, 227.889, 108.503], "stabilizedTipPosition": [-32.7841, 232.393, 73.3971], "timeVisible": 9.75604, "tipPosition": [-35.0529, 233.159, 74.0227], "tipVelocity": [-17.4234, -20.3085, 11.6722], "tool": false, "touchDistance": 0.249729, "touchZone": "hovering", "type": 0, "width": 15.8565}, {"bases": [[[0.99105, 0.0409015, -0.127069], [-0.0238431, 0.990833, 0.132974], [0.131342, -0.128754, 0.98294]], [[0.97654, 0.0515576, -0.209073], [-0.0237723, 0.990791, 0.133295], [0.21402, -0.125197, 0.968773]], [[0.97654, 0.0515576, -0.209073], [-0.0885966, 0.981127, -0.171871], [0.196266, 0.186362, 0.962678]], [[0.97654, 0.0515576, -0.209073], [-0.133262, 0.907354, -0.398685], [0.169148, 0.417193, 0.892938]]], "btipPosition": [-69.5239, 244.394, 11.81], "carpPosition": [-91.1904, 241.723, 136.58], "dipPosition": [-71.8826, 250.212, 24.2619], "direction": [0.196266, -0.186362, -0.962678], "extended": true, "handId": 70, "id": 701, "length": 47.9972, "mcpPosition": [-83.259, 249.498, 77.2228], "pipPosition": [-75.7544, 253.888, 43.2529], "stabilizedTipPosition": [-69.3079, 246.688, 13.9574], "timeVisible": 9.75604, "tipPosition": [-76.8639, 249.68, 13.5759], "tipVelocity": [-27.1647, -55.1829, 15.3843], "tool": false, "touchDistance": 0.273338, "touchZone": "hovering", "type": 1, "width": 15.1461}, {"bases": [[[0.98913, -0.146386, -0.013896], [0.146938, 0.980416, 0.131125], [-0.00557102, -0.131742, 0.991268]], [[0.989132, -0.144952, -0.0246198], [0.146572, 0.958968, 0.242687], [-0.0115683, -0.243658, 0.969792]], [[0.989132, -0.144952, -0.0246198], [0.144945, 0.989438, -0.00209341], [0.0246632, -0.00149785, 0.999695]], [[0.989132, -0.144952, -0.0246198], [0.135147, 0.962308, -0.236005], [0.0579012, 0.230113, 0.97144]]], "btipPosition": [-100.316, 257.214, 2], "carpPosition": [-101.002, 243.579, 135.02], "dipPosition": [-101.204, 260.743, 16.8995], "direction": [0.0246632, 0.00149785, -0.999695], "extended": true, "handId": 70, "id": 702, "length": 54.689, "mcpPosition": [-101.321, 251.123, 78.2531], "pipPosition": [-101.777, 260.709, 40.1015], "stabilizedTipPosition": [-99.8356, 259.654, 4.7508], "timeVisible": 9.75604, "tipPosition": [-103.157, 257.777, 5.23513], "tipVelocity": [-24.9834, -73.4412, 14.8549], "tool": false, "touchDistance": 0.25939, "touchZone": "hovering", "type": 2, "width": 14.8755}, {"bases": [[[0.963619, -0.237666, 0.122284], [0.216979, 0.962753, 0.16133], [-0.156072, -0.128927, 0.979295]], [[0.957891, -0.241825, 0.15481], [0.157409, 0.893182, 0.421246], [-0.240142, -0.379139, 0.893636]], [[0.957891, -0.241825, 0.15481], [0.187623, 0.935285, 0.300066], [-0.217355, -0.258385, 0.941273]], [[0.957891, -0.241825, 0.15481], [0.233668, 0.969854, 0.0691601], [-0.166868, -0.0300736, 0.98552]]], "btipPosition": [-135.281, 269.678, 15.0603], "carpPosition": [-111.04, 242.923, 134.31], "dipPosition": [-132.736, 269.22, 30.0889], "direction": [-0.217355, 0.258385, -0.941273], "extended": true, "handId": 70, "id": 703, "length": 52.5849, "mcpPosition": [-119.065, 249.552, 83.9584], "pipPosition": [-127.822, 263.378, 51.3707], "stabilizedTipPosition": [-133.95, 271.242, 18.0173], "timeVisible": 9.75604, "tipPosition": [-132.823, 264.776, 17.0664], "tipVelocity": [-30.4126, -79.2817, 12.6523], "tool": false, "touchDistance": 0.273021, "touchZone": "hovering", "type": 3, "width": 14.155}, {"bases": [[[0.889893, -0.406776, 0.206456], [0.349569, 0.898869, 0.264266], [-0.293074, -0.162998, 0.942093]], [[0.856478, -0.420924, 0.298777], [0.205219, 0.808781, 0.551143], [-0.473635, -0.410727, 0.779085]], [[0.856478, -0.420924, 0.298777], [0.248327, 0.843435, 0.476393], [-0.452525, -0.333826, 0.826911]], [[0.856478, -0.420924, 0.298777], [0.348654, 0.898573, 0.266471], [-0.380637, -0.124057, 0.916365]]], "btipPosition": [-160.943, 263.126, 41.3752], "carpPosition": [-120.747, 236.44, 134.79], "dipPosition": [-155.588, 261.38, 54.2669], "direction": [-0.452525, 0.333826, -0.826911], "extended": true, "handId": 70, "id": 704, "length": 41.2256, "mcpPosition": [-134.696, 244.198, 89.951], "pipPosition": [-148.364, 256.051, 67.4672], "stabilizedTipPosition": [-158.945, 264.429, 43.7838], "timeVisible": 9.75604, "tipPosition": [-156.723, 256.811, 41.5068], "tipVelocity": [-28.4865, -81.2314, 14.2793], "tool": false, "touchDistance": 0.262947, "touchZone": "hovering", "type": 4, "width": 12.5735}], "r": [[0.833179, 0.0621059, 0.549505], [-0.0799004, 0.996767, 0.00849168], [-0.547201, -0.0509808, 0.835447]], "s": 1.63504, "t": [104.979, 111.157, -0.786342], "timestamp": 17483891355}, {"currentFrameRate": 112.264, "devices": [], "gestures": [], "hands": [{"armBasis": [[0.618286, 0.738873, 0.267935], [0.0361496, 0.31381, -0.948798], [-0.785121, 0.596314, 0.167314]], "armWidth": 50.6296, "confidence": 1, "direction": [-0.0362659, 0.277068, -0.960166], "elbow": [76.2531, 368.514, 192.054], "grabAngle": 0.255587, "grabStrength": 0, "id": 70, "palmNormal": [-0.0023263, -0.960819, -0.277168], "palmPosition": [-103.287, 241.325, 97.2406], "palmVelocity": [-22.8351, -76.0072, 10.7813], "palmWidth": 74.6866, "pinchDistance": 59.2884, "pinchStrength": 0, "r": [[0.833284, 0.0605856, 0.549515], [-0.0782505, 0.996895, 0.00874846], [-0.547279, -0.0502898, 0.835438]], "s": 1.63571, "sphereCenter": [-100.742, 265.657, 64.2711], "sphereRadius": 51.6314, "stabilizedPalmPosition": [-102.414, 243.155, 96.4813], "t": [-105.156, 110.608, -0.681968], "timeVisible": 9.76474, "type": "left", "wrist": [-97.7471, 236.358, 154.973]}], "id": 47429, "interactionBox": {"center": [0, 200, 0], "size": [235.247, 235.247, 147.751]}, "pointables": [{"bases": [[[0.407127, 0.910301, 0.0748282], [-0.819456, 0.327854, 0.47011], [0.403409, -0.252713, 0.87943]], [[0.30663, 0.943759, -0.123683], [-0.721051, 0.315141, 0.617067], [0.62134, -0.100029, 0.77713]], [[0.30663, 0.943759, -0.123683], [-0.745984, 0.318987, 0.584598], [0.591173, -0.0869897, 0.80184]], [[0.30663, 0.943759, -0.123683], [-0.729539, 0.316488, 0.606307], [0.611352, -0.0956801, 0.785554]]], "btipPosition": [-30.8706, 231.636, 71.2532], "carpPosition": [-84.4579, 223.289, 140.414], "dipPosition": [-42.5483, 229.809, 86.2584], "direction": [0.591173, 0.0869897, -0.80184], "extended": true, "handId": 70, "id": 700, "length": 42.5361, "mcpPosition": [-84.4579, 223.289, 140.414], "pipPosition": [-58.9995, 227.388, 108.572], "stabilizedTipPosition": [-32.8027, 232.364, 73.4286], "timeVisible": 9.76474, "tipPosition": [-35.1614, 232.56, 74.0946], "tipVelocity": [46.0549, -15.2443, 59.7853], "tool": false, "touchDistance": 0.2584, "touchZone": "hovering", "type": 0, "width": 15.8565}, {"bases": [[[0.991242, 0.0388131, -0.126228], [-0.0218874, 0.9909, 0.132808], [0.130234, -0.128882, 0.983071]], [[0.97698, 0.0493954, -0.207535], [-0.0221736, 0.991068, 0.131501], [0.212176, -0.123872, 0.969349]], [[0.97698, 0.0493954, -0.207535], [-0.0863802, 0.981104, -0.173126], [0.195062, 0.187067, 0.962786]], [[0.97698, 0.0493954, -0.207535], [-0.130701, 0.907456, -0.399299], [0.168605, 0.417232, 0.893023]]], "btipPosition": [-69.8513, 243.71, 11.8623], "carpPosition": [-91.355, 241.092, 136.664], "dipPosition": [-72.2025, 249.528, 24.3154], "direction": [0.195062, -0.187067, -0.962786], "extended": true, "handId": 70, "id": 701, "length": 47.9972, "mcpPosition": [-83.4904, 248.875, 77.2986], "pipPosition": [-76.0505, 253.219, 43.3085], "stabilizedTipPosition": [-69.4179, 246.522, 14.0355], "timeVisible": 9.76474, "tipPosition": [-77.1082, 249.036, 13.6529], "tipVelocity": [-37.4268, -78.5787, 6.04112], "tool": false, "touchDistance": 0.274214, "touchZone": "hovering", "type": 1, "width": 15.1461}, {"bases": [[[0.988834, -0.148453, -0.0130297], [0.148873, 0.980126, 0.131107], [-0.00669249, -0.131583, 0.991283]], [[0.988849, -0.147061, -0.0234571], [0.148366, 0.9593, 0.240274], [-0.0128324, -0.241075, 0.970422]], [[0.988849, -0.147061, -0.0234571], [0.146972, 0.989126, -0.00547321], [0.0240069, 0.00196465, 0.99971]], [[0.988849, -0.147061, -0.0234571], [0.137293, 0.961283, -0.238926], [0.0576856, 0.233042, 0.970754]]], "btipPosition": [-100.618, 256.326, 2.07638], "carpPosition": [-101.172, 242.927, 135.112], "dipPosition": [-101.503, 259.901, 16.9654], "direction": [0.0240069, -0.00196465, -0.99971], "extended": true, "handId": 70, "id": 702, "length": 54.689, "mcpPosition": [-101.555, 250.462, 78.3441], "pipPosition": [-102.06, 259.946, 40.1677], "stabilizedTipPosition": [-99.9448, 259.377, 4.83382], "timeVisible": 9.76474, "tipPosition": [-103.431, 257.103, 5.32911], "tipVelocity": [-34.6396, -100.795, 8.49916], "tool": false, "touchDistance": 0.261076, "touchZone": "hovering", "type": 2, "width": 14.8755}, {"bases": [[[0.963016, -0.239659, 0.123142], [0.218851, 0.962321, 0.161374], [-0.157177, -0.128456, 0.979181]], [[0.95713, -0.243879, 0.156288], [0.159107, 0.893518, 0.419893], [-0.242049, -0.377025, 0.894016]], [[0.95713, -0.243879, 0.156288], [0.189639, 0.935436, 0.298324], [-0.218952, -0.255896, 0.941582]], [[0.95713, -0.243879, 0.156288], [0.235962, 0.969405, 0.0676434], [-0.168003, -0.0278656, 0.985393]]], "btipPosition": [-135.629, 268.815, 15.1477], "carpPosition": [-111.209, 242.25, 134.411], "dipPosition": [-133.068, 268.39, 30.1744], "direction": [-0.218952, 0.255896, -0.941582], "extended": true, "handId": 70, "id": 703, "length": 52.5849, "mcpPosition": [-119.29, 248.855, 84.0648], "pipPosition": [-128.117, 262.604, 51.4632], "stabilizedTipPosition": [-134.1, 270.895, 18.0979], "timeVisible": 9.76474, "tipPosition": [-133.153, 264.078, 17.1938], "tipVelocity": [-39.6131, -98.3715, 9.99934], "tool": false, "touchDistance": 0.2748, "touchZone": "hovering", "type": 3, "width": 14.155}, {"bases": [[[0.888865, -0.408603, 0.207276], [0.35122, 0.898176, 0.264433], [-0.294218, -0.162246, 0.941866]], [[0.855056, -0.422758, 0.300258], [0.206311, 0.80861, 0.550986], [-0.475725, -0.409178, 0.778626]], [[0.855056, -0.422758, 0.300258], [0.249481, 0.843028, 0.476512], [-0.454575, -0.332536, 0.826306]], [[0.855056, -0.422758, 0.300258], [0.350177, 0.897843, 0.266934], [-0.382433, -0.1231, 0.915746]]], "btipPosition": [-161.271, 262.318, 41.5273], "carpPosition": [-120.902, 235.747, 134.9], "dipPosition": [-155.891, 260.587, 54.4103], "direction": [-0.454575, 0.332536, -0.826306], "extended": true, "handId": 70, "id": 704, "length": 41.2256, "mcpPosition": [-134.905, 243.47, 90.0715], "pipPosition": [-148.634, 255.278, 67.6009], "stabilizedTipPosition": [-159.078, 264.122, 43.8703], "timeVisible": 9.76474, "tipPosition": [-157.008, 256.045, 41.6519], "tipVelocity": [-36.993, -92.4131, 17.247], "tool": false, "touchDistance": 0.265449, "touchZone": "hovering", "type": 4, "width": 12.5735}], "r": [[0.833284, 0.0605856, 0.549515], [-0.0782505, 0.996895, 0.00874846], [-0.547279, -0.0502898, 0.835438]], "s": 1.63571, "t": [105.156, 110.608, -0.681968], "timestamp": 17483900057}, {"currentFrameRate": 112.398, "devices": [], "gestures": [], "hands": [{"armBasis": [[0.619876, 0.737505, 0.268032], [0.0368809, 0.313813, -0.948768], [-0.783833, 0.598003, 0.167325]], "armWidth": 50.6296, "confidence": 1, "direction": [-0.0369179, 0.277333, -0.960064], "elbow": [75.8268, 368.008, 192.093], "grabAngle": 0.257756, "grabStrength": 0, "id": 70, "palmNormal": [-0.000263739, -0.960722, -0.277512], "palmPosition": [-103.442, 240.453, 97.2807], "palmVelocity": [-17.9387, -100.685, 4.62472], "palmWidth": 74.6866, "pinchDistance": 59.2459, "pinchStrength": 0, "r": [[0.833386, 0.0589695, 0.549536], [-0.0764994, 0.997029, 0.00902447], [-0.547371, -0.04956, 0.835421]], "s": 1.63615, "sphereCenter": [-101.333, 263.194, 64.0555], "sphereRadius": 51.1533, "stabilizedPalmPosition": [-102.501, 242.927, 96.549], "t": [-105.322, 109.898, -0.609747], "timeVisible": 9.77341, "type": "left", "wrist": [-97.8878, 235.478, 155.01]}], "id": 47430, "interactionBox": {"center": [0, 200, 0], "size": [235.247, 235.247, 147.751]}, "pointables": [{"bases": [[[0.409091, 0.909392, 0.0751764], [-0.818771, 0.329457, 0.470183], [0.402813, -0.2539, 0.879361]], [[0.309159, 0.943093, -0.122458], [-0.720341, 0.316293, 0.617306], [0.62091, -0.102635, 0.777134]], [[0.309159, 0.943093, -0.122458], [-0.745278, 0.320248, 0.584809], [0.590747, -0.0895344, 0.801874]], [[0.309159, 0.943093, -0.122458], [-0.728468, 0.31762, 0.607003], [0.611355, -0.0984544, 0.785208]]], "btipPosition": [-31.0141, 231.02, 71.2913], "carpPosition": [-84.572, 222.442, 140.446], "dipPosition": [-42.6919, 229.139, 86.2899], "direction": [0.590747, 0.0895344, -0.801874], "extended": true, "handId": 70, "id": 700, "length": 42.5361, "mcpPosition": [-84.572, 222.442, 140.446], "pipPosition": [-59.1312, 226.648, 108.604], "stabilizedTipPosition": [-32.8294, 232.311, 73.4676], "timeVisible": 9.77341, "tipPosition": [-35.2902, 231.836, 74.1312], "tipVelocity": [-16.5654, -72.5601, 4.21837], "tool": false, "touchDistance": 0.259009, "touchZone": "hovering", "type": 0, "width": 15.8565}, {"bases": [