{"frames": 66, "data": [{"currentFrameRate": 111.727, "devices": [], "gestures": [{"center": [104.026, 86.6407, -63.662], "duration": 8779, "handIds": [81], "id": 1, "normal": [0.187963, 0.0908528, 0.977965], "pointableIds": [814], "progress": 0.808461, "radius": 8.80005, "state": "update", "type": "circle"}], "hands": [{"armBasis": [[0.659173, -0.714079, -0.235759], [0.0821756, -0.243234, 0.96648], [-0.747488, -0.656452, -0.101654]], "armWidth": 57.4912, "confidence": 1, "direction": [0.207231, 0.264015, -0.941993], "elbow": [226.363, -80.4243, 32.0054], "grabAngle": 0.615224, "grabStrength": 0, "id": 81, "palmNormal": [0.957187, 0.144207, 0.250991], "palmPosition": [53.0282, 108.249, 2.03283], "palmVelocity": [-364.404, -17.3691, -31.0418], "palmWidth": 80.2111, "pinchDistance": 61.2317, "pinchStrength": 0, "r": [[0.9283, 0.370822, 0.0273827], [-0.00171625, 0.0779152, -0.996959], [-0.371828, 0.92543, 0.0729651]], "s": 1.03109, "sphereCenter": [71.4629, 119.439, -27.6312], "sphereRadius": 48.6642, "stabilizedPalmPosition": [53.3116, 108.263, 2.0594], "t": [45.1431, -41.8782, -55.9372], "timeVisible": 6.29588, "type": "left", "wrist": [48.4491, 75.8212, 56.2006]}], "id": 58037, "interactionBox": {"center": [0, 200, 0], "size": [235.247, 235.247, 147.751]}, "pointables": [{"bases": [[[0.734369, -0.461222, -0.497972], [0.671597, 0.599987, 0.43471], [0.0982788, -0.653675, 0.750367]], [[0.648747, -0.19279, -0.736179], [0.684697, 0.570086, 0.454084], [0.332142, -0.798645, 0.501844]], [[0.648747, -0.19279, -0.736179], [0.532968, 0.805619, 0.258695], [0.543206, -0.560187, 0.625394]], [[0.648747, -0.19279, -0.736179], [0.192663, 0.977472, -0.0861986], [0.736213, -0.0859134, 0.671275]]], "btipPosition": [89.4361, 166.441, 1.53842], "carpPosition": [44.285, 113.267, 55.2525], "dipPosition": [74.7197, 164.724, 14.9568], "direction": [0.543206, 0.560187, -0.625394], "extended": true, "handId": 81, "id": 810, "length": 44.5133, "mcpPosition": [44.285, 113.267, 55.2525], "pipPosition": [58.9007, 148.411, 33.1692], "stabilizedTipPosition": [86.7393, 165.946, 4.68216], "timeVisible": 6.29588, "tipPosition": [88.0776, 165.048, 5.22341], "tipVelocity": [-585.305, 80.5191, -44.618], "tool": false, "touchDistance": 0.325993, "touchZone": "hovering", "type": 0, "width": 18.4546}, {"bases": [[[-0.234033, -0.89581, -0.377827], [0.921327, -0.0802501, -0.380416], [0.31046, -0.437132, 0.844115]], [[-0.226405, -0.906187, -0.357164], [0.956678, -0.137969, -0.256381], [0.183052, -0.399737, 0.898166]], [[-0.226405, -0.906187, -0.357164], [0.779336, 0.0514257, -0.624493], [0.584275, -0.419739, 0.694581]], [[-0.226405, -0.906187, -0.357164], [0.398845, 0.248285, -0.882767], [0.88863, -0.342315, 0.305215]]], "btipPosition": [83.0592, 163.17, -66.0396], "carpPosition": [31.1777, 106.491, 40.4562], "dipPosition": [70.0914, 158.174, -61.5856], "direction": [0.584275, 0.419739, -0.694581], "extended": true, "handId": 81, "id": 811, "length": 50.2283, "mcpPosition": [51.3124, 134.841, -14.2884], "pipPosition": [58.0294, 149.509, -47.2464], "stabilizedTipPosition": [83.2882, 161.998, -64.465], "timeVisible": 6.29588, "tipPosition": [85.3061, 163.767, -58.9828], "tipVelocity": [-510.291, -2.97499, -62.5773], "tool": false, "touchDistance": 0.333333, "touchZone": "hovering", "type": 1, "width": 17.6278}, {"bases": [[[-0.343548, -0.919738, -0.189886], [0.87509, -0.24012, -0.420191], [0.34087, -0.310523, 0.887346]], [[-0.351851, -0.9118, -0.211712], [0.920573, -0.296097, -0.254698], [0.169546, -0.284512, 0.943561]], [[-0.351851, -0.9118, -0.211712], [0.827, -0.196853, -0.526612], [0.438489, -0.360375, 0.823321]], [[-0.351851, -0.9118, -0.211712], [0.61231, -0.0531217, -0.788831], [0.70801, -0.407184, 0.576995]]], "btipPosition": [82.4279, 143.078, -87.2876], "carpPosition": [32.4693, 96.9785, 35.3899], "dipPosition": [71.0639, 136.542, -78.0266], "direction": [0.438489, 0.360375, -0.823321], "extended": true, "handId": 81, "id": 812, "length": 57.2312, "mcpPosition": [53.434, 116.077, -19.1847], "pipPosition": [60.4139, 127.79, -58.0298], "stabilizedTipPosition": [80.2244, 141.533, -85.1455], "timeVisible": 6.29588, "tipPosition": [80.343, 143.924, -83.9667], "tipVelocity": [-387.761, 42.316, -5.72127], "tool": false, "touchDistance": 0.31886, "touchZone": "hovering", "type": 2, "width": 17.3129}, {"bases": [[[-0.354626, -0.934674, -0.025016], [0.858729, -0.314994, -0.404183], [0.369899, -0.164816, 0.914336]], [[-0.375579, -0.923481, -0.0782562], [0.901199, -0.344198, -0.263379], [0.21629, -0.169444, 0.961513]], [[-0.375579, -0.923481, -0.0782562], [0.784086, -0.271596, -0.558072], [0.494115, -0.27096, 0.826094]], [[-0.375579, -0.923481, -0.0782562], [0.559211, -0.158474, -0.813738], [0.73907, -0.349385, 0.57594]]], "btipPosition": [87.8886, 114.655, -83.5506], "carpPosition": [35.7236, 87.1008, 32.3683], "dipPosition": [76.0943, 109.079, -74.3596], "direction": [0.494115, 0.27096, -0.826094], "extended": true, "handId": 81, "id": 813, "length": 55.0293, "mcpPosition": [56.1493, 96.2019, -18.1209], "pipPosition": [64.4032, 102.668, -54.8137], "stabilizedTipPosition": [85.5206, 113.292, -81.4359], "timeVisible": 6.29588, "tipPosition": [83.7495, 114.591, -81.8642], "tipVelocity": [-324.292, 77.3342, 2.68754], "tool": false, "touchDistance": 0.327045, "touchZone": "hovering", "type": 3, "width": 16.4743}, {"bases": [[[-0.44641, -0.882487, 0.148106], [0.822401, -0.46985, -0.320776], [0.352668, -0.0213953, 0.935504]], [[-0.446724, -0.882467, 0.147271], [0.851049, -0.469919, -0.234291], [0.275959, 0.0206712, 0.960947]], [[-0.446724, -0.882467, 0.147271], [0.698576, -0.446893, -0.558818], [0.558953, -0.146758, 0.816109]], [[-0.446724, -0.882467, 0.147271], [0.472141, -0.372353, -0.799022], [0.759948, -0.28741, 0.582988]]], "btipPosition": [90.6071, 84.6682, -65.4266], "carpPosition": [43.7202, 77.5159, 33.6305], "dipPosition": [79.419, 80.4369, -56.8437], "direction": [0.558953, 0.146758, -0.816109], "extended": true, "handId": 81, "id": 814, "length": 43.1419, "mcpPosition": [61.7472, 78.6095, -14.1889], "pipPosition": [70.0814, 77.9853, -43.2103], "stabilizedTipPosition": [88.4365, 83.5819, -63.4001], "timeVisible": 6.29588, "tipPosition": [86.9007, 83.5515, -64.1261], "tipVelocity": [-328.521, 90.4596, -40.5479], "tool": false, "touchDistance": 0.331521, "touchZone": "hovering", "type": 4, "width": 14.6338}], "r": [[0.9283, 0.370822, 0.0273827], [-0.00171625, 0.0779152, -0.996959], [-0.371828, 0.92543, 0.0729651]], "s": 1.03109, "t": [-45.1431, -41.8782, -55.9372], "timestamp": 17577480077}, {"currentFrameRate": 111.77, "devices": [], "gestures": [{"center": [104.026, 86.6407, -63.662], "duration": 8779, "handIds": [81], "id": 1, "normal": [0.187963, 0.0908528, 0.977965], "pointableIds": [814], "progress": 0.808461, "radius": 8.80005, "state": "update", "type": "circle"}], "hands": [{"armBasis": [[0.653699, -0.720359, -0.231864], [0.0725175, -0.245354, 0.966718], [-0.753272, -0.648756, -0.108149]], "armWidth": 57.4912, "confidence": 1, "direction": [0.197523, 0.267424, -0.943117], "elbow": [225.001, -78.9147, 30.1142], "grabAngle": 0.636786, "grabStrength": 0, "id": 81, "palmNormal": [0.957424, 0.15399, 0.244184], "palmPosition": [49.5554, 108.049, 1.70253], "palmVelocity": [-391.483, -22.5105, -37.2337], "palmWidth": 80.2111, "pinchDistance": 62.9465, "pinchStrength": 0, "r": [[0.932376, 0.36023, 0.0301619], [0.00202131, 0.078241, -0.996932], [-0.361485, 0.929577, 0.0722219]], "s": 1.02657, "sphereCenter": [72.3905, 118.968, -26.3353], "sphereRadius": 49.4734, "stabilizedPalmPosition": [49.8173, 108.064, 1.72742], "t": [41.9241, -42.0368, -56.2709], "timeVisible": 6.30475, "type": "left", "wrist": [45.7111, 75.4991, 55.8553]}], "id": 58038, "interactionBox": {"center": [0, 200, 0], "size": [235.247, 235.247, 147.751]}, "pointables": [{"bases": [[[0.733086, -0.468308, -0.493226], [0.674694, 0.592283, 0.440441], [0.0858675, -0.655658, 0.750159]], [[0.653134, -0.201127, -0.730044], [0.690255, 0.554575, 0.464752], [0.31139, -0.807462, 0.501041]], [[0.653134, -0.201127, -0.730044], [0.54196, 0.797477, 0.26516], [0.528862, -0.568839, 0.629862]], [[0.653134, -0.201127, -0.730044], [0.205353, 0.974999, -0.0848932], [0.728866, -0.0944698, 0.678107]]], "btipPosition": [84.8232, 166.89, 1.04618], "carpPosition": [41.1499, 112.905, 54.9916], "dipPosition": [70.2536, 165.002, 14.6011], "direction": [0.528862, 0.568839, -0.629862], "extended": true, "handId": 81, "id": 810, "length": 44.5133, "mcpPosition": [41.1499, 112.905, 54.9916], "pipPosition": [54.8523, 148.437, 32.9437], "stabilizedTipPosition": [82.0028, 166.405, 4.21603], "timeVisible": 6.30475, "tipPosition": [83.9307, 165.257, 4.69495], "tipVelocity": [-516.191, 46.1724, -51.9472], "tool": false, "touchDistance": 0.324556, "touchZone": "hovering", "type": 0, "width": 18.4546}, {"bases": [[[-0.240707, -0.892791, -0.380769], [0.923191, -0.0894889, -0.373779], [0.299632, -0.441494, 0.845757]], [[-0.232169, -0.904876, -0.356787], [0.956284, -0.145289, -0.253795], [0.177816, -0.400113, 0.89905]], [[-0.232169, -0.904876, -0.356787], [0.768056, 0.0545182, -0.638057], [0.596814, -0.422169, 0.682338]], [[-0.232169, -0.904876, -0.356787], [0.38108, 0.252866, -0.88929], [0.894917, -0.34243, 0.286122]]], "btipPosition": [79.3445, 163.038, -65.8211], "carpPosition": [28.0068, 106.01, 40.2822], "dipPosition": [66.2849, 158.04, -61.6457], "direction": [0.596814, 0.422169, -0.682338], "extended": true, "handId": 81, "id": 811, "length": 50.2283, "mcpPosition": [47.4392, 134.643, -14.5689], "pipPosition": [53.9641, 149.325, -47.5593], "stabilizedTipPosition": [78.7906, 161.927, -64.7212], "timeVisible": 6.30475, "tipPosition": [80.5073, 163.849, -59.821], "tipVelocity": [-421.127, -14.9614, 17.4028], "tool": false, "touchDistance": 0.333333, "touchZone": "hovering", "type": 1, "width": 17.6278}, {"bases": [[[-0.351844, -0.915805, -0.193667], [0.87556, -0.248809, -0.414112], [0.33106, -0.31527, 0.889384]], [[-0.35944, -0.908233, -0.214278], [0.917879, -0.302707, -0.256645], [0.16823, -0.288929, 0.942453]], [[-0.35944, -0.908233, -0.214278], [0.821049, -0.198674, -0.53517], [0.443488, -0.368294, 0.817116]], [[-0.35944, -0.908233, -0.214278], [0.598596, -0.0482514, -0.799597], [0.715881, -0.415673, 0.561008]]], "btipPosition": [78.9104, 143.42, -87.1566], "carpPosition": [29.3617, 96.5184, 35.1934], "dipPosition": [67.4201, 136.748, -78.1521], "direction": [0.443488, 0.368294, -0.817116], "extended": true, "handId": 81, "id": 812, "length": 57.2312, "mcpPosition": [49.7229, 115.909, -19.5065], "pipPosition": [56.6487, 127.803, -58.3061], "stabilizedTipPosition": [76.6226, 141.854, -85.0909], "timeVisible": 6.30475, "tipPosition": [75.888, 143.974, -84.4877], "tipVelocity": [-399.786, 35.0603, 8.12216], "tool": false, "touchDistance": 0.324059, "touchZone": "hovering", "type": 2, "width": 17.3129}, {"bases": [[[-0.364286, -0.930838, -0.0289038], [0.858292, -0.323526, -0.398328], [0.361428, -0.169913, 0.916788]], [[-0.384683, -0.919385, -0.0821573], [0.897456, -0.35172, -0.266205], [0.215849, -0.176137, 0.960409]], [[-0.384683, -0.919385, -0.0821573], [0.778583, -0.27538, -0.563892], [0.49581, -0.280886, 0.821752]], [[-0.384683, -0.919385, -0.0821573], [0.547414, -0.155566, -0.822275], [0.743207, -0.36129, 0.563128]]], "btipPosition": [84.4843, 115.195, -83.5705], "carpPosition": [32.6979, 86.6797, 32.1344], "dipPosition": [72.624, 109.43, -74.584], "direction": [0.49581, 0.280886, -0.821752], "extended": true, "handId": 81, "id": 813, "length": 55.0293, "mcpPosition": [52.6557, 96.0622, -18.4901], "pipPosition": [60.8929, 102.784, -55.1408], "stabilizedTipPosition": [82.0994, 113.817, -81.4975], "timeVisible": 6.30475, "tipPosition": [79.7152, 114.771, -82.3567], "tipVelocity": [-385.459, 56.0195, -7.54592], "tool": false, "touchDistance": 0.328073, "touchZone": "hovering", "type": 3, "width": 16.4743}, {"bases": [[[-0.45678, -0.877911, 0.143614], [0.819721, -0.478099, -0.315403], [0.345557, -0.0263465, 0.938028]], [[-0.45852, -0.877766, 0.138872], [0.847133, -0.478936, -0.230186], [0.26856, 0.012098, 0.963187]], [[-0.45852, -0.877766, 0.138872], [0.696322, -0.451951, -0.557563], [0.552173, -0.158954, 0.818437]], [[-0.45852, -0.877766, 0.138872], [0.468512, -0.371548, -0.801529], [0.755153, -0.302454, 0.581606]]], "btipPosition": [86.9204, 85.2678, -65.9475], "carpPosition": [40.8043, 77.1782, 33.3248], "dipPosition": [75.8029, 80.815, -57.385], "direction": [0.552173, 0.158954, -0.818437], "extended": true, "handId": 81, "id": 814, "length": 43.1419, "mcpPosition": [58.4679, 78.5249, -14.6236], "pipPosition": [66.5786, 78.1596, -43.7126], "stabilizedTipPosition": [84.8141, 84.1704, -63.9141], "timeVisible": 6.30475, "tipPosition": [83.2244, 83.8068, -64.7214], "tipVelocity": [-413.758, 61.8424, -59.2443], "tool": false, "touchDistance": 0.326082, "touchZone": "hovering", "type": 4, "width": 14.6338}], "r": [[0.932376, 0.36023, 0.0301619], [0.00202131, 0.078241, -0.996932], [-0.361485, 0.929577, 0.0722219]], "s": 1.02657, "t": [-41.9241, -42.0368, -56.2709], "timestamp": 17577488948}, {"currentFrameRate": 112.094, "devices": [], "gestures": [{"center": [104.026, 86.6407, -63.662], "duration": 8779, "handIds": [81], "id": 1, "normal": [0.187963, 0.0908528, 0.977965], "pointableIds": [814], "progress": 0.808461, "radius": 8.80005, "state": "update", "type": "circle"}], "hands": [{"armBasis": [[0.64689, -0.726585, -0.231532], [0.0646957, -0.25023, 0.966022], [-0.759834, -0.63989, -0.114865]], "armWidth": 57.4912, "confidence": 1, "direction": [0.189797, 0.272595, -0.943223], "elbow": [223.525, -77.501, 28.6035], "grabAngle": 0.67834, "grabStrength": 0, "id": 81, "palmNormal": [0.958671, 0.155942, 0.237974], "palmPosition": [45.9403, 107.548, 1.89005], "palmVelocity": [-432.629, -59.9623, 22.4418], "palmWidth": 80.2111, "pinchDistance": 66.3429, "pinchStrength": 0, "r": [[0.935724, 0.351082, 0.0340917], [0.00651993, 0.0794187, -0.99682], [-0.352673, 0.932971, 0.072025]], "s": 1.02145, "sphereCenter": [73.683, 118.769, -24.0625], "sphereRadius": 50.7743, "stabilizedPalmPosition": [46.2279, 107.587, 1.87799], "t": [38.507, -42.3666, -56.344], "timeVisible": 6.31311, "type": "left", "wrist": [42.6725, 74.8025, 55.9431]}], "id": 58039, "interactionBox": {"center": [0, 200, 0], "size": [235.247, 235.247, 147.751]}, "pointables": [{"bases": [[[0.735134, -0.468326, -0.490151], [0.673385, 0.587954, 0.448177], [0.0782935, -0.659531, 0.747589]], [[0.657496, -0.199115, -0.726672], [0.687567, 0.55299, 0.470589], [0.308141, -0.809046, 0.500494]], [[0.657496, -0.199115, -0.726672], [0.543946, 0.792803, 0.274929], [0.521365, -0.576035, 0.629573]], [[0.657496, -0.199115, -0.726672], [0.21005, 0.974653, -0.0770094], [0.723587, -0.102004, 0.682655]]], "btipPosition": [81.1132, 166.536, 1.25768], "carpPosition": [37.9067, 112.12, 55.2615], "dipPosition": [66.6492, 164.497, 14.9035], "direction": [0.521365, 0.576035, -0.629573], "extended": true, "handId": 81, "id": 810, "length": 44.5133, "mcpPosition": [37.9067, 112.12, 55.2615], "pipPosition": [51.4662, 147.722, 33.2376], "stabilizedTipPosition": [78.2294, 166.102, 4.37729], "timeVisible": 6.31311, "tipPosition": [80.1353, 164.861, 4.9057], "tipVelocity": [-441.084, -46.5948, 27.8131], "tool": false, "touchDistance": 0.33011, "touchZone": "hovering", "type": 0, "width": 18.4546}, {"bases": [[[-0.240817, -0.89016, -0.386811], [0.925589, -0.0907074, -0.367501], [0.292048, -0.446528, 0.845766]], [[-0.235322, -0.898341, -0.370954], [0.953512, -0.139463, -0.267143], [0.188251, -0.416573, 0.889398]], [[-0.235322, -0.898341, -0.370954], [0.730448, 0.0883092, -0.677235], [0.641146, -0.430331, 0.635411]], [[-0.235322, -0.898341, -0.370954], [0.27358, 0.305014, -0.912206], [0.932618, -0.316148, 0.173992]]], "btipPosition": [77.3736, 162.996, -62.5299], "carpPosition": [24.6794, 105.253, 40.6147], "dipPosition": [63.7639, 158.383, -59.9909], "direction": [0.641146, 0.430331, -0.635411], "extended": true, "handId": 81, "id": 811, "length": 50.2283, "mcpPosition": [43.62, 134.213, -14.237], "pipPosition": [50.5279, 149.499, -46.8733], "stabilizedTipPosition": [76.4298, 161.931, -63.2804], "timeVisible": 6.31311, "tipPosition": [75.8933, 163.412, -60.019], "tipVelocity": [-251.007, 5.61816, 348.83], "tool": false, "touchDistance": 0.333333, "touchZone": "hovering", "type": 1, "width": 17.6278}, {"bases": [[[-0.353384, -0.91371, -0.200633], [0.877738, -0.249675, -0.408947], [0.323566, -0.320618, 0.89023]], [[-0.361811, -0.904919, -0.224087], [0.916566, -0.301386, -0.262817], [0.170291, -0.300481, 0.938463]], [[-0.361811, -0.904919, -0.224087], [0.815741, -0.190951, -0.545989], [0.451286, -0.380342, 0.807268]], [[-0.361811, -0.904919, -0.224087], [0.582975, -0.032047, -0.811858], [0.727484, -0.424376, 0.53914]]], "btipPosition": [75.5763, 143.929, -86.1771], "carpPosition": [26.028, 95.7908, 35.4705], "dipPosition": [63.8998, 137.118, -77.5236], "direction": [0.451286, 0.380342, -0.807268], "extended": true, "handId": 81, "id": 812, "length": 57.2312, "mcpPosition": [45.9283, 115.51, -19.2815], "pipPosition": [52.939, 127.88, -57.9167], "stabilizedTipPosition": [73.3059, 142.306, -84.2874], "timeVisible": 6.31311, "tipPosition": [71.6385, 143.844, -84.3042], "tipVelocity": [-404.137, 57.0834, 107.563], "tool": false, "touchDistance": 0.338469, "touchZone": "hovering", "type": 2, "width": 17.3129}, {"bases": [[[-0.367072, -0.929494, -0.0360383], [0.860115, -0.324411, -0.39365], [0.354204, -0.175495, 0.918554]], [[-0.388509, -0.916697, -0.0934228], [0.895976, -0.352151, -0.270584], [0.215145, -0.188829, 0.958153]], [[-0.388509, -0.916697, -0.0934228], [0.777378, -0.271643, -0.567357], [0.494717, -0.293048, 0.818155]], [[-0.388509, -0.916697, -0.0934228], [0.544331, -0.146518, -0.825976], [0.743482, -0.371752, 0.555909]]], "btipPosition": [80.7128, 115.741, -83.1762], "carpPosition": [29.3736, 85.9778, 32.3399], "dipPosition": [68.8482, 109.808, -74.3048], "direction": [0.494717, 0.293048, -0.818155], "extended": true, "handId": 81, "id": 813, "length": 55.0293, "mcpPosition": [48.9326, 95.6685, -18.3822], "pipPosition": [57.1428, 102.875, -54.9467], "stabilizedTipPosition": [78.3837, 114.322, -81.1709], "timeVisible": 6.31311, "tipPosition": [75.5913, 114.753, -82.292], "tipVelocity": [-451.474, 60.6672, 44.0205], "tool": false, "touchDistance": 0.334116, "touchZone": "hovering", "type": 3, "width": 16.4743}, {"bases": [[[-0.460646, -0.877094, 0.136058], [0.820442, -0.479253, -0.311754], [0.338643, -0.0319808, 0.940371]], [[-0.465058, -0.876597, 0.123683], [0.846547, -0.481223, -0.227557], [0.258995, -0.00112339, 0.965878]], [[-0.465058, -0.876597, 0.123683], [0.701827, -0.450226, -0.552028], [0.539592, -0.169921, 0.824602]], [[-0.465058, -0.876597, 0.123683], [0.478669, -0.366517, -0.797836], [0.744713, -0.311837, 0.590052]]], "btipPosition": [82.6291, 85.5954, -66.2751], "carpPosition": [37.5191, 76.4972, 33.4255], "dipPosition": [71.6652, 81.0045, -57.5883], "direction": [0.539592, 0.169921, -0.824602], "extended": true, "handId": 81, "id": 814, "length": 43.1419, "mcpPosition": [54.8293, 78.1319, -14.6426], "pipPosition": [62.6511, 78.1659, -43.8129], "stabilizedTipPosition": [80.6485, 84.497, -64.2354], "timeVisible": 6.31311, "tipPosition": [79.2304, 83.7589, -64.8745], "tipVelocity": [-509.335, 35.4059, -35.7856], "tool": false, "touchDistance": 0.326106, "touchZone": "hovering", "type": 4, "width": 14.6338}], "r": [[0.935724, 0.351082, 0.0340917], [0.00651993, 0.0794187, -0.99682], [-0.352673, 0.932971, 0.072025]], "s": 1.02145, "t": [-38.507, -42.3666, -56.344], "timestamp": 17577497304}, {"currentFrameRate": 112.125, "devices": [], "gestures": [{"center": [104.026, 86.6407, -63.662], "duration": 8779, "handIds": [81], "id": 1, "normal": [0.187963, 0.0908528, 0.977965], "pointableIds": [814], "progress": 0.808461, "radius": 8.80005, "state": "update", "type": "circle"}], "hands": [{"armBasis": [[0.640502, -0.733553, -0.227283], [0.0552836, -0.251148, 0.966369], [-0.765964, -0.631526, -0.120307]], "armWidth": 57.4912, "confidence": 1, "direction": [0.180826, 0.272455, -0.945024], "elbow": [221.68, -76.2849, 28.0278], "grabAngle": 0.721398, "grabStrength": 0, "id": 81, "palmNormal": [0.962671, 0.147743, 0.226797], "palmPosition": [42.0751, 106.64, 2.54566], "palmVelocity": [-436.061, -102.533, 73.9631], "palmWidth": 80.2111, "pinchDistance": 61.3902, "pinchStrength": 0, "r": [[0.937673, 0.34526, 0.0395566], [0.0123623, 0.0806148, -0.996669], [-0.347299, 0.935038, 0.0713221]], "s": 1.01537, "sphereCenter": [74.6864, 118.374, -21.1255], "sphereRadius": 52.3099, "stabilizedPalmPosition": [42.3392, 106.7, 2.5032], "t": [34.8659, -42.9859, -56.0527], "timeVisible": 6.32197, "type": "left", "wrist": [39.369, 74.0279, 56.6628]}], "id": 58040, "interactionBox": {"center": [0, 200, 0], "size": [235.247, 235.247, 147.751]}, "pointables": [{"bases": [[[0.744706, -0.461563, -0.482051], [0.663186, 0.592762, 0.456966], [0.0748222, -0.659994, 0.747535]], [[0.666706, -0.190404, -0.72059], [0.67112, 0.573901, 0.469292], [0.324193, -0.796482, 0.510407]], [[0.666706, -0.190404, -0.72059], [0.526312, 0.804835, 0.274291], [0.52773, -0.562127, 0.6368]], [[0.666706, -0.190404, -0.72059], [0.193285, 0.977911, -0.0795655], [0.719823, -0.0862322, 0.688781]]], "btipPosition": [78.7356, 164.339, 1.24211], "carpPosition": [34.7126, 111.197, 56.0151], "dipPosition": [64.3468, 162.615, 15.0104], "direction": [0.52773, 0.562127, -0.6368], "extended": true, "handId": 81, "id": 810, "length": 44.5133, "mcpPosition": [34.7126, 111.197, 56.0151], "pipPosition": [48.9785, 146.245, 33.555], "stabilizedTipPosition": [75.655, 164.119, 4.40624], "timeVisible": 6.32197, "tipPosition": [76.6558, 163.69, 5.16474], "tipVelocity": [-266.287, -239.663, 1.421], "tool": false, "touchDistance": 0.331098, "touchZone": "hovering", "type": 0, "width": 18.4546}, {"bases": [[[-0.228915, -0.891515, -0.390895], [0.930594, -0.0825863, -0.356616], [0.285646, -0.445399, 0.848543]], [[-0.230651, -0.888784, -0.396059], [0.949006, -0.115576, -0.293308], [0.214913, -0.443514, 0.870119]], [[-0.230651, -0.888784, -0.396059], [0.641609, 0.167089, -0.748611], [0.731531, -0.426783, 0.531713]], [[-0.230651, -0.888784, -0.396059], [0.144625, 0.371199, -0.917221], [0.962228, -0.268838, 0.0429231]]], "btipPosition": [76.8121, 162.355, -57.0472], "carpPosition": [21.2568, 104.46, 41.5166], "dipPosition": [62.7703, 158.432, -56.4208], "direction": [0.731531, 0.426783, -0.531713], "extended": true, "handId": 81, "id": 811, "length": 50.2283, "mcpPosition": [39.7822, 133.346, -13.5151], "pipPosition": [47.6683, 149.621, -45.444], "stabilizedTipPosition": [75.3111, 161.743, -60.7748], "timeVisible": 6.32197, "tipPosition": [72.255, 162.102, -58.8809], "tipVelocity": [-74.5583, -54.4643, 568.911], "tool": false, "touchDistance": 0.333333, "touchZone": "hovering", "type": 1, "width": 17.6278}, {"bases": [[[-0.343485, -0.916264, -0.2061], [0.884541, -0.241877, -0.398851], [0.315602, -0.319304, 0.893555]], [[-0.354666, -0.904128, -0.238255], [0.918712, -0.289639, -0.268474], [0.173727, -0.314106, 0.933358]], [[-0.354666, -0.904128, -0.238255], [0.813267, -0.172583, -0.555709], [0.461313, -0.390856, 0.796506]], [[-0.354666, -0.904128, -0.238255], [0.575273, -0.0101322, -0.817899], [0.737071, -0.427142, 0.523714]]], "btipPosition": [72.064, 143.913, -84.7894], "carpPosition": [22.4667, 94.9945, 36.3434], "dipPosition": [60.2337, 137.057, -76.3835], "direction": [0.461313, 0.390856, -0.796506], "extended": true, "handId": 81, "id": 812, "length": 57.2312, "mcpPosition": [41.8772, 114.633, -18.613], "pipPosition": [49.0293, 127.564, -57.0381], "stabilizedTipPosition": [69.8197, 142.332, -83.0282], "timeVisible": 6.32197, "tipPosition": [67.2802, 142.801, -83.7902], "tipVelocity": [-400.23, -3.00572, 150.122], "tool": false, "touchDistance": 0.357915, "touchZone": "hovering", "type": 2, "width": 17.3129}, {"bases": [[[-0.358995, -0.932408, -0.0417024], [0.86735, -0.316777, -0.383869], [0.344712, -0.173978, 0.922445]], [[-0.383323, -0.917126, -0.109283], [0.89908, -0.343429, -0.271499], [0.211468, -0.202326, 0.956214]], [[-0.383323, -0.917126, -0.109283], [0.782757, -0.259776, -0.565515], [0.49026, -0.302317, 0.817466]], [[-0.383323, -0.917126, -0.109283], [0.553028, -0.133142, -0.822456], [0.739745, -0.375703, 0.558233]]], "btipPosition": [76.2042, 115.636, -82.5182], "carpPosition": [25.6945, 85.1592, 33.1596], "dipPosition": [64.3991, 109.64, -73.6097], "direction": [0.49026, 0.302317, -0.817466], "extended": true, "handId": 81, "id": 813, "length": 55.0293, "mcpPosition": [44.7293, 94.7661, -17.7774], "pipPosition": [52.7993, 102.487, -54.268], "stabilizedTipPosition": [73.8853, 114.262, -80.5261], "timeVisible": 6.32197, "tipPosition": [70.9591, 113.762, -81.8747], "tipVelocity": [-507.098, -13.4737, 75.1972], "tool": false, "touchDistance": 0.344036, "touchZone": "hovering", "type": 3, "width": 16.4743}, {"bases": [[[-0.455028, -0.881033, 0.129344], [0.827979, -0.472062, -0.302668], [0.327719, -0.0306283, 0.944278]], [[-0.463638, -0.879897, 0.10402], [0.851512, -0.474945, -0.22216], [0.244882, -0.0144278, 0.969446]], [[-0.463638, -0.879897, 0.10402], [0.715972, -0.441221, -0.541025], [0.521943, -0.176365, 0.834549]], [[-0.463638, -0.879897, 0.10402], [0.502074, -0.357641, -0.78741], [0.730042, -0.312848, 0.60759]]], "btipPosition": [77.3889, 85.1641, -66.2974], "carpPosition": [33.7744, 75.6107, 34.1351], "dipPosition": [66.6411, 80.5583, -57.3523], "direction": [0.521943, 0.176365, -0.834549], "extended": true, "handId": 81, "id": 814, "length": 43.1419, "mcpPosition": [50.5261, 77.1764, -14.1328], "pipPosition": [57.9218, 77.6121, -43.4108], "stabilizedTipPosition": [75.4322, 84.1401, -64.2396], "timeVisible": 6.32197, "tipPosition": [74.4013, 82.7481, -64.6233], "tipVelocity": [-585.569, -49.0375, 4.18699], "tool": false, "touchDistance": 0.329947, "touchZone": "hovering", "type": 4, "width": 14.6338}], "r": [[0.937673, 0.34526, 0.0395566], [0.0123623, 0.0806148, -0.996669], [-0.347299, 0.935038, 0.0713221]], "s": 1.01537, "t": [-34.8659, -42.9859, -56.0527], "timestamp": 17577506168}, {"currentFrameRate": 112.287, "devices": [], "gestures": [{"center": [104.026, 86.6407, -63.662], "duration": 8779, "handIds": [81], "id": 1, "normal": [0.187963, 0.0908528, 0.977965], "pointableIds": [814], "progress": 0.808461, "radius": 8.80005, "state": "update", "type": "circle"}], "hands": [{"armBasis": [[0.635856, -0.740879, -0.216298], [0.0369855, -0.250677, 0.967364], [-0.770921, -0.623104, -0.131993]], "armWidth": 57.4912, "confidence": 1, "direction": [0.163492, 0.26899, -0.949165], "elbow": [219.846, -74.88, 26.1687], "grabAngle": 0.745347, "grabStrength": 0, "id": 81, "palmNormal": [0.971276, 0.124726, 0.202647], "palmPosition": [38.1311, 105.674, 3.29803], "palmVelocity": [-457.38, -112.018, 87.251], "palmWidth": 80.2111, "pinchDistance": 57.6109, "pinchStrength": 0, "r": [[0.937332, 0.345024, 0.0486551], [0.0216508, 0.0816959, -0.996422], [-0.347765, 0.935032, 0.0691061]], "s": 1.00678, "sphereCenter": [75.3801, 116.96, -18.7574], "sphereRadius": 54.0825, "stabilizedPalmPosition": [38.4283, 105.746, 3.24188], "t": [31.0733, -43.7786, -55.5309], "timeVisible": 6.3306, "type": "left", "wrist": [36.3553, 73.4283, 57.585]}], "id": 58041, "interactionBox": {"center": [0, 200, 0], "size": [235.247, 235.247, 147.751]}, "pointables": [{"bases": [[[0.76726, -0.443373, -0.463392], [0.637319, 0.607848, 0.473651], [0.0716684, -0.658742, 0.748947]], [[0.687815, -0.171557, -0.705322], [0.638982, 0.604115, 0.476181], [0.344403, -0.778212, 0.525141]], [[0.687815, -0.171557, -0.705322], [0.488605, 0.828008, 0.275078], [0.536821, -0.533826, 0.65334]], [[0.687815, -0.171557, -0.705322], [0.150527, 0.984258, -0.0926126], [0.710107, -0.04247, 0.702811]]], "btipPosition": [77.2031, 160.993, 0.753337], "carpPosition": [32.2202, 110.353, 56.9368], "dipPosition": [63.0085, 160.144, 14.8021], "direction": [0.536821, 0.533826, -0.65334], "extended": true, "handId": 81, "id": 810, "length": 44.5133, "mcpPosition": [32.2202, 110.353, 56.9368], "pipPosition": [47.3754, 144.598, 33.8283], "stabilizedTipPosition": [74.0798, 161.071, 4.0193], "timeVisible": 6.3306, "tipPosition": [74.0891, 161.773, 4.95514], "tipVelocity": [-172.54, -364.725, -49.2021], "tool": false, "touchDistance": 0.326823, "touchZone": "hovering", "type": 0, "width": 18.4546}, {"bases": [[[-0.197892, -0.896311, -0.396819], [0.940928, -0.060224, -0.333207], [0.274759, -0.439317, 0.855282]], [[-0.201376, -0.890643, -0.40768], [0.948358, -0.0731432, -0.308653], [0.24508, -0.448782, 0.859378]], [[-0.201376, -0.890643, -0.40768], [0.570186, 0.231834, -0.788125], [0.796452, -0.391163, 0.461146]], [[-0.201376, -0.890643, -0.40768], [0.0751666, 0.400928, -0.913021], [0.976626, -0.214504, -0.0137905]]], "btipPosition": [75.7564, 160.116, -53.5445], "carpPosition": [18.2498, 103.95, 42.7778], "dipPosition": [61.5045, 156.985, -53.7457], "direction": [0.796452, 0.391163, -0.461146], "extended": true, "handId": 81, "id": 811, "length": 50.2283, "mcpPosition": [36.0691, 132.442, -12.691], "pipPosition": [45.0623, 148.91, -44.2257], "stabilizedTipPosition": [74.3927, 160.982, -58.4454], "timeVisible": 6.3306, "tipPosition": [69.0714, 160.221, -57.6497], "tipVelocity": [-128.03, -238.516, 384.13], "tool": false, "touchDistance": 0.333333, "touchZone": "hovering", "type": 1, "width": 17.6278}, {"bases": [[[-0.316438, -0.923936, -0.214962], [0.89973, -0.22052, -0.376638], [0.300587, -0.312591, 0.901074]], [[-0.329789, -0.908754, -0.255744], [0.927697, -0.261746, -0.266209], [0.174979, -0.325046, 0.929369]], [[-0.329789, -0.908754, -0.255744], [0.819325, -0.140938, -0.555737], [0.468984, -0.392813, 0.791045]], [[-0.329789, -0.908754, -0.255744], [0.585253, 0.0157591, -0.810698], [0.740755, -0.417034, 0.526654]]], "btipPosition": [68.0763, 143.305, -83.773], "carpPosition": [19.1054, 94.4637, 37.5727], "dipPosition": [56.1868, 136.611, -75.32], "direction": [0.468984, 0.392813, -0.791045], "extended": true, "handId": 81, "id": 812, "length": 57.2312, "mcpPosition": [37.5925, 113.689, -17.8462], "pipPosition": [44.7961, 127.071, -56.1071], "stabilizedTipPosition": [65.9279, 141.84, -81.9859], "timeVisible": 6.3306, "tipPosition": [62.3733, 141.359, -83.4355], "tipVelocity": [-464.034, -66.1783, 119.126], "tool": false, "touchDistance": 0.370866, "touchZone": "hovering", "type": 2, "width": 17.3129}, {"bases": [[[-0.335674, -0.940596, -0.0510102], [0.883947, -0.295819, -0.362118], [0.325517, -0.166644, 0.930736]], [[-0.362592, -0.92264, -0.131386], [0.909802, -0.319889, -0.264446], [0.201959, -0.215421, 0.955409]], [[-0.362592, -0.92264, -0.131386], [0.798216, -0.234693, -0.554771], [0.481018, -0.30603, 0.821564]], [[-0.362592, -0.92264, -0.131386], [0.579075, -0.112588, -0.807463], [0.730205, -0.368862, 0.575101]]], "btipPosition": [70.7348, 115.108, -82.1655], "carpPosition": [22.0188, 84.5579, 34.3055], "dipPosition": [59.082, 109.222, -72.9879], "direction": [0.481018, 0.30603, -0.821564], "extended": true, "handId": 81, "id": 813, "length": 55.0293, "mcpPosition": [39.9937, 93.7598, -17.0893], "pipPosition": [47.7008, 101.981, -53.5491], "stabilizedTipPosition": [68.5171, 113.794, -80.092], "timeVisible": 6.3306, "tipPosition": [65.2864, 112.313, -81.6796], "tipVelocity": [-630.219, -58.3055, 48.0799], "tool": false, "touchDistance": 0.349185, "touchZone": "hovering", "type": 3, "width": 16.4743}, {"bases": [[[-0.437152, -0.891667, 0.117593], [0.846239, -0.452068, -0.281983], [0.304595, -0.0237571, 0.952186]], [[-0.450885, -0.889588, 0.0730449], [0.864573, -0.455612, -0.211971], [0.221847, -0.0324219, 0.974542]], [[-0.450885, -0.889588, 0.0730449], [0.740374, -0.418452, -0.526065], [0.498547, -0.183115, 0.847302]], [[-0.450885, -0.889588, 0.0730449], [0.540589, -0.337281, -0.770717], [0.710257, -0.308018, 0.632977]]], "btipPosition": [70.9471, 84.6074, -66.5025], "carpPosition": [29.8925, 74.8201, 35.0749], "dipPosition": [60.4906, 80.0727, -57.1837], "direction": [0.498547, 0.183115, -0.847302], "extended": true, "handId": 81, "id": 814, "length": 43.1419, "mcpPosition": [45.4622, 76.0345, -13.5972], "pipPosition": [52.1621, 77.0137, -43.0292], "stabilizedTipPosition": [69.1359, 83.614, -64.3489], "timeVisible": 6.3306, "tipPosition": [68.2152, 81.2634, -64.6464], "tipVelocity": [-739.273, -62.6718, -13.8209], "tool": false, "touchDistance": 0.331409, "touchZone": "hovering", "type": 4, "width": 14.6338}], "r": [[0.937332, 0.345024, 0.0486551], [0.0216508, 0.0816959, -0.996422], [-0.347765, 0.935032, 0.0691061]], "s": 1.00678, "t": [-31.0733, -43.7786, -55.5309], "timestamp": 17577514791}, {"currentFrameRate": 112.472, "devices": [], "gestures": [{"center": [104.026, 86.6407, -63.662], "duration": 8779, "handIds": [81], "id": 1, "normal": [0.187963, 0.0908528, 0.977965], "pointableIds": [814], "progress": 0.808461, "radius": 8.80005, "state": "update", "type": "circle"}], "hands": [{"armBasis": [[0.631344, -0.742687, -0.223205], [0.0289753, -0.265028, 0.963805], [-0.774962, -0.61496, -0.145804]], "armWidth": 57.4912, "confidence": 1, "direction": [0.146613, 0.276561, -0.949746], "elbow": [217.981, -73.283, 23.2228], "grabAngle": 0.781037, "grabStrength": 0, "id": 81, "palmNormal": [0.981277, 0.0805701, 0.174942], "palmPosition": [34.575, 105.522, 3.82844], "palmVelocity": [-414.94, -17.6714, 61.8918], "palmWidth": 80.2111, "pinchDistance": 54.0625, "pinchStrength": 0.0846117, "r": [[0.933693, 0.352562, 0.062582], [0.0343831, 0.0856909, -0.995728], [-0.356419, 0.931857, 0.0678869]], "s": 0.995741, "sphereCenter": [76.768, 114.738, -17.0911], "sphereRadius": 56.211, "stabilizedPalmPosition": [34.8466, 105.538, 3.7871], "t": [27.399, -44.2506, -55.0048], "timeVisible": 6.33917, "type": "left", "wrist": [33.5283, 73.0868, 57.9265]}], "id": 58042, "interactionBox": {"center": [0, 200, 0], "size": [235.247, 235.247, 147.751]}, "pointables": [{"bases": [[[0.79881, -0.403439, -0.44625], [0.59658, 0.626717, 0.501317], [0.0774217, -0.666681, 0.741312]], [[0.713954, -0.129141, -0.68818], [0.593347, 0.633422, 0.496704], [0.371764, -0.762954, 0.52886]], [[0.713954, -0.129141, -0.68818], [0.435631, 0.851386, 0.292179], [0.548175, -0.508395, 0.664108]], [[0.713954, -0.129141, -0.68818], [0.0950746, 0.991622, -0.0874479], [0.693708, -0.00299466, 0.720251]]], "btipPosition": [76.649, 158.052, 0.673327], "carpPosition": [30.4593, 109.614, 57.6826], "dipPosition": [62.7822, 157.992, 15.0707], "direction": [0.548175, 0.508395, -0.664108], "extended": true, "handId": 81, "id": 810, "length": 44.5133, "mcpPosition": [30.4593, 109.614, 57.6826], "pipPosition": [46.8185, 143.187, 34.4105], "stabilizedTipPosition": [73.5062, 158.266, 3.98731], "timeVisible": 6.33917, "tipPosition": [72.9632, 159.868, 5.10024], "tipVelocity": [-55.8601, -321.944, 0.019554], "tool": false, "touchDistance": 0.328301, "touchZone": "hovering", "type": 0, "width": 18.4546}, {"bases": [[[-0.147747, -0.897583, -0.41535], [0.952091, -0.015385, -0.305427], [0.267756, -0.440577, 0.856854]], [[-0.149876, -0.894044, -0.422164], [0.94889, -0.0101183, -0.315445], [0.27775, -0.447865, 0.849866]], [[-0.149876, -0.894044, -0.422164], [0.496857, 0.301048, -0.813943], [0.854792, -0.331746, 0.399093]], [[-0.149876, -0.894044, -0.422164], [-0.0349005, 0.431505, -0.901435], [0.988089, -0.120369, -0.0958747]]], "btipPosition": [75.439, 157.638, -49.7335], "carpPosition": [15.8161, 104.025, 43.8628], "dipPosition": [61.0198, 155.881, -51.1326], "direction": [0.854792, 0.331746, -0.399093], "extended": true, "handId": 81, "id": 811, "length": 50.2283, "mcpPosition": [33.1812, 132.599, -11.708], "pipPosition": [43.3732, 149.033, -42.8936], "stabilizedTipPosition": [73.7854, 159.979, -56.2011], "timeVisible": 6.33917, "tipPosition": [67.3603, 159.116, -55.6372], "tipVelocity": [-41.5273, -252.229, 412.541], "tool": false, "touchDistance": 0.333333, "touchZone": "hovering", "type": 1, "width": 17.6278}, {"bases": [[[-0.270343, -0.932992, -0.237573], [0.919053, -0.17658, -0.352364], [0.286802, -0.313601, 0.905207]], [[-0.283764, -0.916907, -0.28064], [0.94103, -0.210055, -0.265215], [0.184228, -0.339349, 0.922444]], [[-0.283764, -0.916907, -0.28064], [0.825918, -0.085018, -0.557343], [0.487172, -0.389939, 0.781416]], [[-0.283764, -0.916907, -0.28064], [0.590988, 0.0632436, -0.804197], [0.755123, -0.394057, 0.523935]]], "btipPosition": [65.2891, 143.646, -82.5377], "carpPosition": [16.1129, 94.5928, 38.4995], "dipPosition": [53.1689, 137.322, -74.1283], "direction": [0.487172, 0.389939, -0.781416], "extended": true, "handId": 81, "id": 812, "length": 57.2312, "mcpPosition": [33.7521, 113.88, -17.1735], "pipPosition": [41.3365, 127.851, -55.1493], "stabilizedTipPosition": [63.0522, 142.135, -80.8257], "timeVisible": 6.33917, "tipPosition": [58.2979, 141.579, -82.7886], "tipVelocity": [-331.417, 49.7386, 142.976], "tool": false, "touchDistance": 0.385492, "touchZone": "hovering", "type": 2, "width": 17.3129}, {"bases": [[[-0.293699, -0.952988, -0.0745313], [0.906064, -0.252693, -0.339401], [0.304612, -0.167212, 0.937684]], [[-0.321306, -0.932796, -0.163265], [0.926248, -0.273692, -0.259149], [0.197049, -0.234489, 0.951938]], [[-0.321306, -0.932796, -0.163265], [0.81566, -0.185017, -0.548149], [0.481104, -0.309292, 0.820291]], [[-0.321306, -0.932796, -0.163265], [0.60345, -0.0688148, -0.794426], [0.729802, -0.353775, 0.585006]]], "btipPosition": [65.874, 115.77, -81.8453], "carpPosition": [18.5042, 84.6249, 35.005], "dipPosition": [54.2277, 110.125, -72.5096], "direction": [0.481104, 0.309292, -0.820291], "extended": true, "handId": 81, "id": 813, "length": 55.0293, "mcpPosition": [35.3247, 93.8583, -16.7735], "pipPosition": [42.8444, 102.807, -53.1009], "stabilizedTipPosition": [63.5878, 114.422, -79.7271], "timeVisible": 6.33917, "tipPosition": [59.7632, 112.504, -81.6555], "tipVelocity": [-567.012, 83.7643, 41.611], "tool": false, "touchDistance": 0.352949, "touchZone": "hovering", "type": 3, "width": 16.4743}, {"bases": [[[-0.402113, -0.910996, 0.0916067], [0.872682, -0.411615, -0.262678], [0.277005, -0.0256825, 0.960525]], [[-0.419543, -0.907306, 0.0279167], [0.885014, -0.415686, -0.209654], [0.201825, -0.0632523, 0.977377]], [[-0.419543, -0.907306, 0.0279167], [0.769754, -0.371902, -0.518814], [0.481105, -0.196176, 0.854431]], [[-0.419543, -0.907306, 0.0279167], [0.587051, -0.294656, -0.754022], [0.692355, -0.299956, 0.656256]]], "btipPosition": [64.4605, 85.4699, -67.154], "carpPosition": [25.9758, 74.5536, 35.3971], "dipPosition": [54.2675, 81.0539, -57.4925], "direction": [0.481105, 0.196176, -0.854431], "extended": true, "handId": 81, "id": 814, "length": 43.1419, "mcpPosition": [40.1352, 75.8664, -13.7013], "pipPosition": [46.2305, 77.7766, -43.2188], "stabilizedTipPosition": [62.6825, 84.3864, -64.8848], "timeVisible": 6.33917, "tipPosition": [61.6108, 81.1956, -65.3044], "tipVelocity": [-749.824, 103.827, -66.8222], "tool": false, "touchDistance": 0.329365, "touchZone": "hovering", "type": 4, "width": 14.6338}], "r": [[0.933693, 0.352562, 0.062582], [0.0343831, 0.0856909, -0.995728], [-0.356419, 0.931857, 0.0678869]], "s": 0.995741, "t": [-27.399, -44.2506, -55.0048], "timestamp": 17577523361}, {"currentFrameRate": 112.626, "devices": [], "gestures": [{"center": [104.026, 86.6407, -63.662], "duration": 8779, "handIds": [81], "id": 1, "normal": [0.187963, 0.0908528, 0.977965], "pointableIds": [814], "progress": 0.808461, "radius": 8.80005, "state": "update", "type": "circle"}], "hands": [{"armBasis": [[0.626222, -0.741643, -0.240441], [0.0322909, -0.283461, 0.95844], [-0.778976, -0.60796, -0.153561]], "armWidth": 57.4912, "confidence": 1, "direction": [0.133839, 0.288208, -0.948168], "elbow": [215.906, -71.8736, 21.0193], "grabAngle": 0.825876, "grabStrength": 0, "id": 81, "palmNormal": [0.988301, 0.0317851, 0.149166], "palmPosition": [31