{"frames": 65, "data": [{"currentFrameRate": 112.72, "devices": [], "gestures": [], "hands": [{"armBasis": [[0.120668, 0.966347, -0.227183], [-0.167736, 0.245413, 0.954797], [0.978419, -0.0771069, 0.191705]], "armWidth": 62.7773, "confidence": 1, "direction": [0.489908, -0.0228302, -0.871475], "elbow": [-177.036, 136.544, 144.919], "grabAngle": 0.248116, "grabStrength": 0, "id": 88, "palmNormal": [-0.820997, -0.348269, -0.452408], "palmPosition": [117.2, 147.654, 37.5136], "palmVelocity": [-106.778, -30.3543, -40.5565], "palmWidth": 87.2628, "pinchDistance": 66.4619, "pinchStrength": 0, "r": [[0.87648, 0.38807, 0.28493], [-0.464294, 0.837872, 0.287056], [-0.127337, -0.38389, 0.914556]], "s": 1.14458, "sphereCenter": [138.512, 131.289, 3.21126], "sphereRadius": 54.6633, "stabilizedPalmPosition": [117.418, 147.722, 37.5965], "t": [67.0661, 17.0554, -99.8178], "timeVisible": 8.49003, "type": "left", "wrist": [76.316, 156.51, 95.2791]}], "id": 60916, "interactionBox": {"center": [0, 200, 0], "size": [235.247, 235.247, 147.751]}, "pointables": [{"bases": [[[-0.711944, 0.68414, 0.158393], [-0.411916, -0.589525, 0.694827], [0.568736, 0.429433, 0.701517]], [[-0.891871, 0.417143, -0.174807], [-0.447183, -0.755369, 0.479005], [0.0677699, 0.505381, 0.860231]], [[-0.891871, 0.417143, -0.174807], [-0.451057, -0.848836, 0.275727], [-0.0333647, 0.32476, 0.945208]], [[-0.891871, 0.417143, -0.174807], [-0.392025, -0.905721, -0.1612], [-0.225569, -0.0752407, 0.971317]]], "btipPosition": [87.9301, 94.6316, -8.70331], "carpPosition": [90.9914, 127.976, 86.4869], "dipPosition": [93.1178, 92.9012, 13.6356], "direction": [-0.0333647, -0.32476, -0.945208], "extended": false, "handId": 88, "id": 880, "length": 51.2144, "mcpPosition": [90.9914, 127.976, 86.4869], "pipPosition": [94.2357, 103.782, 45.3052], "stabilizedTipPosition": [89.2624, 94.2365, -3.53143], "timeVisible": 8.49003, "tipPosition": [96.1901, 95.6184, -2.69445], "tipVelocity": [-116.753, 0.500828, -27.6474], "tool": false, "touchDistance": 0.275536, "touchZone": "hovering", "type": 0, "width": 20.183}, {"bases": [[[0.206761, 0.91998, -0.332998], [-0.890857, 0.317737, 0.324679], [0.404504, 0.229522, 0.885266]], [[0.241322, 0.936519, -0.254353], [-0.948346, 0.283198, 0.142965], [0.205922, 0.206714, 0.956486]], [[0.241322, 0.936519, -0.254353], [-0.948346, 0.283198, 0.142965], [0.205922, 0.206714, 0.956486]], [[0.241322, 0.936519, -0.254353], [-0.96255, 0.197627, -0.185582], [-0.123534, 0.289613, 0.949139]]], "btipPosition": [149.198, 106.828, -56.9343], "carpPosition": [109.147, 141.522, 84.5627], "dipPosition": [151.272, 111.69, -40.9984], "direction": [0.205922, -0.206714, -0.956486], "extended": true, "handId": 88, "id": 881, "length": 57.7897, "mcpPosition": [137.687, 125.327, 22.1019], "pipPosition": [146.381, 116.6, -18.2798], "stabilizedTipPosition": [149.988, 107.926, -53.0277], "timeVisible": 8.49003, "tipPosition": [144.371, 106.316, -52.6261], "tipVelocity": [-73.5517, 11.594, -55.935], "tool": false, "touchDistance": 0.311869, "touchZone": "hovering", "type": 1, "width": 19.2788}, {"bases": [[[0.40833, 0.874794, -0.260771], [-0.83398, 0.473658, 0.283065], [0.37114, 0.101894, 0.922969]], [[0.389244, 0.868599, -0.306636], [-0.826659, 0.476251, 0.299701], [0.406356, 0.136827, 0.903412]], [[0.389244, 0.868599, -0.306636], [-0.884631, 0.445283, 0.13839], [0.256745, 0.217393, 0.941712]], [[0.389244, 0.868599, -0.306636], [-0.912701, 0.408626, -0.00107966], [0.124362, 0.280288, 0.951826]]], "btipPosition": [161.966, 128.108, -67.7371], "carpPosition": [108.414, 152.658, 80.7026], "dipPosition": [159.669, 133.284, -50.16], "direction": [0.256745, -0.217393, -0.941712], "extended": true, "handId": 88, "id": 882, "length": 65.8467, "mcpPosition": [133.247, 145.84, 18.9466], "pipPosition": [152.495, 139.359, -23.8446], "stabilizedTipPosition": [161.688, 129.332, -63.5693], "timeVisible": 8.49003, "tipPosition": [165.155, 132.434, -62.7858], "tipVelocity": [-106.2, -11.1879, -52.3262], "tool": false, "touchDistance": 0.303254, "touchZone": "hovering", "type": 2, "width": 18.9344}, {"bases": [[[0.520195, 0.842042, -0.142698], [-0.790419, 0.537955, 0.292988], [0.323474, -0.0396196, 0.945407]], [[0.465616, 0.83842, -0.283289], [-0.748758, 0.543855, 0.378925], [0.471766, 0.0356814, 0.881001]], [[0.465616, 0.83842, -0.283289], [-0.785568, 0.53897, 0.303966], [0.407535, 0.0810113, 0.909589]], [[0.465616, 0.83842, -0.283289], [-0.838357, 0.520409, 0.162269], [0.283476, 0.161942, 0.945207]]], "btipPosition": [161.084, 158.877, -60.4284], "carpPosition": [104.639, 163.243, 77.1636], "dipPosition": [155.879, 161.851, -43.0738], "direction": [0.407535, -0.0810113, -0.909589], "extended": true, "handId": 88, "id": 883, "length": 63.3134, "mcpPosition": [124.072, 165.623, 20.3691], "pipPosition": [144.785, 164.056, -18.3125], "stabilizedTipPosition": [160.218, 159.643, -56.2915], "timeVisible": 8.49003, "tipPosition": [157.583, 162.62, -57.2914], "tipVelocity": [-125.284, -27.0079, -54.7011], "tool": false, "touchDistance": 0.301445, "touchZone": "hovering", "type": 3, "width": 18.0173}, {"bases": [[[0.677538, 0.731259, -0.078754], [-0.668183, 0.656747, 0.349593], [0.307364, -0.18424, 0.933586]], [[0.61805, 0.751559, -0.230593], [-0.610768, 0.64373, 0.461057], [0.494951, -0.144117, 0.856886]], [[0.61805, 0.751559, -0.230593], [-0.631365, 0.649302, 0.424012], [0.468394, -0.116472, 0.875809]], [[0.61805, 0.751559, -0.230593], [-0.673699, 0.657522, 0.337336], [0.405148, -0.0531402, 0.912706]]], "btipPosition": [144.47, 189.87, -40.2664], "carpPosition": [94.3138, 171.478, 73.7178], "dipPosition": [137.607, 188.97, -24.8066], "direction": [0.468394, 0.116472, -0.875809], "extended": true, "handId": 88, "id": 884, "length": 49.6365, "mcpPosition": [111.406, 181.723, 21.8011], "pipPosition": [128.604, 186.731, -7.97329], "stabilizedTipPosition": [143.359, 189.846, -36.4917], "timeVisible": 8.49003, "tipPosition": [138.864, 190.07, -38.0395], "tipVelocity": [-115.942, -37.81, -52.9852], "tool": false, "touchDistance": 0.288285, "touchZone": "hovering", "type": 4, "width": 16.0043}], "r": [[0.87648, 0.38807, 0.28493], [-0.464294, 0.837872, 0.287056], [-0.127337, -0.38389, 0.914556]], "s": 1.14458, "t": [-67.0661, 17.0554, -99.8178], "timestamp": 17602871864}, {"currentFrameRate": 112.837, "devices": [], "gestures": [], "hands": [{"armBasis": [[0.121876, 0.966928, -0.224044], [-0.166866, 0.242475, 0.9557], [0.978418, -0.0790911, 0.190899]], "armWidth": 62.7773, "confidence": 1, "direction": [0.489756, -0.0224365, -0.871571], "elbow": [-178.07, 135.735, 144.4], "grabAngle": 0.24302, "grabStrength": 0, "id": 88, "palmNormal": [-0.822058, -0.344909, -0.453054], "palmPosition": [116.136, 147.411, 37.1856], "palmVelocity": [-122.942, -28.0086, -37.8734], "palmWidth": 87.2628, "pinchDistance": 66.5139, "pinchStrength": 0, "r": [[0.875114, 0.390498, 0.285808], [-0.466822, 0.836823, 0.286014], [-0.127482, -0.383717, 0.914609]], "s": 1.14362, "sphereCenter": [137.547, 132.285, 2.7547], "sphereRadius": 54.4005, "stabilizedPalmPosition": [116.39, 147.473, 37.2672], "t": [66.1368, 16.7795, -100.138], "timeVisible": 8.49869, "type": "left", "wrist": [75.2813, 156.215, 94.9684]}], "id": 60917, "interactionBox": {"center": [0, 200, 0], "size": [235.247, 235.247, 147.751]}, "pointables": [{"bases": [[[-0.713963, 0.681715, 0.159757], [-0.410252, -0.592189, 0.693546], [0.567407, 0.429625, 0.702475]], [[-0.892505, 0.417002, -0.171882], [-0.445553, -0.755884, 0.479709], [0.0701167, 0.504726, 0.860427]], [[-0.892505, 0.417002, -0.171882], [-0.44981, -0.851, 0.271053], [-0.0332421, 0.319231, 0.947094]], [[-0.892505, 0.417002, -0.171882], [-0.38967, -0.904799, -0.171746], [-0.227137, -0.086307, 0.970031]]], "btipPosition": [86.8931, 94.8344, -9.113], "carpPosition": [89.874, 127.708, 86.1202], "dipPosition": [92.1169, 92.8494, 13.1963], "direction": [-0.0332421, -0.319231, -0.947094], "extended": false, "handId": 88, "id": 880, "length": 51.2144, "mcpPosition": [89.874, 127.708, 86.1202], "pipPosition": [93.2307, 103.545, 44.9291], "stabilizedTipPosition": [88.2671, 94.357, -3.91531], "timeVisible": 8.49869, "tipPosition": [94.8374, 95.5004, -3.14576], "tipVelocity": [-118.811, 16.6608, -48.1052], "tool": false, "touchDistance": 0.269235, "touchZone": "hovering", "type": 0, "width": 20.183}, {"bases": [[[0.204094, 0.921279, -0.331044], [-0.891816, 0.314441, 0.325255], [0.403744, 0.228848, 0.885787]], [[0.240114, 0.938329, -0.248764], [-0.947669, 0.282121, 0.149435], [0.210401, 0.199864, 0.956967]], [[0.240114, 0.938329, -0.248764], [-0.947669, 0.282121, 0.149435], [0.210401, 0.199864, 0.956967]], [[0.240114, 0.938329, -0.248764], [-0.964655, 0.201981, -0.169245], [-0.108562, 0.280609, 0.953663]]], "btipPosition": [148.613, 107.161, -57.4188], "carpPosition": [108.069, 141.204, 84.2226], "dipPosition": [150.436, 111.872, -41.4069], "direction": [0.210401, -0.199864, -0.956967], "extended": true, "handId": 88, "id": 881, "length": 57.7897, "mcpPosition": [136.556, 125.057, 21.725], "pipPosition": [145.438, 116.619, -18.677], "stabilizedTipPosition": [149.419, 108.116, -53.4499], "timeVisible": 8.49869, "tipPosition": [143.439, 106.275, -53.0745], "tipVelocity": [-74.199, 34.4454, -53.9457], "tool": false, "touchDistance": 0.304085, "touchZone": "hovering", "type": 1, "width": 19.2788}, {"bases": [[[0.405787, 0.876534, -0.258892], [-0.835392, 0.470615, 0.283974], [0.370751, 0.101044, 0.923219]], [[0.387503, 0.870666, -0.302954], [-0.827521, 0.473351, 0.301906], [0.406263, 0.133711, 0.90392]], [[0.387503, 0.870666, -0.302954], [-0.885028, 0.44333, 0.14207], [0.258004, 0.21307, 0.942356]], [[0.387503, 0.870666, -0.302954], [-0.913002, 0.407929, 0.00455066], [0.127546, 0.274834, 0.952994]]], "btipPosition": [160.984, 128.227, -68.1341], "carpPosition": [107.369, 152.35, 80.386], "dipPosition": [158.629, 133.302, -50.5354], "direction": [0.258004, -0.21307, -0.942356], "extended": true, "handId": 88, "id": 882, "length": 65.8467, "mcpPosition": [132.176, 145.589, 18.6133], "pipPosition": [151.419, 139.256, -24.2019], "stabilizedTipPosition": [160.745, 129.379, -63.9608], "timeVisible": 8.49869, "tipPosition": [163.968, 132.207, -63.1679], "tipVelocity": [-114.984, 11.0114, -45.2724], "tool": false, "touchDistance": 0.296951, "touchZone": "hovering", "type": 2, "width": 18.9344}, {"bases": [[[0.517736, 0.843862, -0.140877], [-0.792022, 0.535018, 0.294037], [0.323498, -0.0406563, 0.945355]], [[0.464008, 0.840554, -0.279582], [-0.750405, 0.540698, 0.380182], [0.470733, 0.0333925, 0.881644]], [[0.464008, 0.840554, -0.279582], [-0.787313, 0.535978, 0.304739], [0.405999, 0.0787175, 0.910477]], [[0.464008, 0.840554, -0.279582], [-0.839998, 0.517716, 0.162396], [0.281246, 0.159496, 0.946288]]], "btipPosition": [159.943, 158.859, -60.7915], "carpPosition": [103.624, 162.954, 76.8696], "dipPosition": [154.779, 161.787, -43.417], "direction": [0.405999, -0.0787175, -0.910477], "extended": true, "handId": 88, "id": 883, "length": 63.3134, "mcpPosition": [123.058, 165.396, 20.0782], "pipPosition": [143.726, 163.93, -18.6315], "stabilizedTipPosition": [159.117, 159.56, -56.6706], "timeVisible": 8.49869, "tipPosition": [156.579, 162.424, -57.5825], "tipVelocity": [-130.762, -3.37613, -41.4077], "tool": false, "touchDistance": 0.296381, "touchZone": "hovering", "type": 3, "width": 18.0173}, {"bases": [[[0.675398, 0.733407, -0.0771492], [-0.67014, 0.654048, 0.350903], [0.307814, -0.185299, 0.933228]], [[0.616695, 0.753724, -0.227127], [-0.613173, 0.64087, 0.461849], [0.493666, -0.145551, 0.857385]], [[0.616695, 0.753724, -0.227127], [-0.633798, 0.646527, 0.42462], [0.46689, -0.117908, 0.876419]], [[0.616695, 0.753724, -0.227127], [-0.676213, 0.654931, 0.337343], [0.403016, -0.0544512, 0.913571]]], "btipPosition": [143.394, 189.777, -40.5659], "carpPosition": [93.3228, 171.226, 73.4422], "dipPosition": [136.568, 188.854, -25.0914], "direction": [0.46689, 0.117908, -0.876419], "extended": true, "handId": 88, "id": 884, "length": 49.6365, "mcpPosition": [110.44, 181.531, 21.5454], "pipPosition": [127.594, 186.588, -8.24637], "stabilizedTipPosition": [142.315, 189.655, -36.8419], "timeVisible": 8.49869, "tipPosition": [137.954, 189.919, -38.2681], "tipVelocity": [-123.279, -11.3407, -34.2], "tool": false, "touchDistance": 0.284298, "touchZone": "hovering", "type": 4, "width": 16.0043}], "r": [[0.875114, 0.390498, 0.285808], [-0.466822, 0.836823, 0.286014], [-0.127482, -0.383717, 0.914609]], "s": 1.14362, "t": [-66.1368, 16.7795, -100.138], "timestamp": 17602880522}, {"currentFrameRate": 112.935, "devices": [], "gestures": [], "hands": [{"armBasis": [[0.122723, 0.967663, -0.220381], [-0.165736, 0.238924, 0.95679], [0.978504, -0.0808954, 0.189698]], "armWidth": 62.7773, "confidence": 1, "direction": [0.489528, -0.0212806, -0.871728], "elbow": [-179.216, 134.965, 143.807], "grabAngle": 0.237889, "grabStrength": 0, "id": 88, "palmNormal": [-0.823016, -0.341581, -0.453835], "palmPosition": [114.984, 147.207, 36.8806], "palmVelocity": [-132.561, -23.4889, -35.1222], "palmWidth": 87.2628, "pinchDistance": 66.5391, "pinchStrength": 0, "r": [[0.873807, 0.392724, 0.286757], [-0.469277, 0.835584, 0.28562], [-0.12744, -0.384145, 0.914435]], "s": 1.14243, "sphereCenter": [136.555, 133.416, 2.32827], "sphereRadius": 54.1585, "stabilizedPalmPosition": [115.258, 147.259, 36.9557], "t": [65.0964, 16.5395, -100.451], "timeVisible": 8.50738, "type": "left", "wrist": [74.1585, 155.912, 94.6863]}], "id": 60918, "interactionBox": {"center": [0, 200, 0], "size": [235.247, 235.247, 147.751]}, "pointables": [{"bases": [[[-0.715717, 0.679464, 0.161486], [-0.408886, -0.595129, 0.691834], [0.566181, 0.429128, 0.703767]], [[-0.892924, 0.417421, -0.168661], [-0.444286, -0.756447, 0.479997], [0.0727776, 0.503535, 0.860904]], [[-0.892924, 0.417421, -0.168661], [-0.448998, -0.853116, 0.265697], [-0.0329802, 0.312975, 0.949188]], [[-0.892924, 0.417421, -0.168661], [-0.387731, -0.903402, -0.183112], [-0.228803, -0.0981099, 0.968516]]], "btipPosition": [85.7992, 95.1005, -9.52529], "carpPosition": [88.6823, 127.436, 85.7661], "dipPosition": [91.0614, 92.8442, 12.7492], "direction": [-0.0329802, -0.312975, -0.949188], "extended": false, "handId": 88, "id": 880, "length": 51.2144, "mcpPosition": [88.6823, 127.436, 85.7661], "pipPosition": [92.1664, 103.331, 44.5522], "stabilizedTipPosition": [87.2179, 94.5444, -4.32151], "timeVisible": 8.50738, "tipPosition": [93.4161, 95.4439, -3.60528], "tipVelocity": [-124.92, 23.4549, -48.3879], "tool": false, "touchDistance": 0.263477, "touchZone": "hovering", "type": 0, "width": 20.183}, {"bases": [[[0.201825, 0.922699, -0.32847], [-0.892673, 0.311287, 0.325938], [0.402992, 0.227434, 0.886494]], [[0.239356, 0.94019, -0.242387], [-0.946978, 0.281169, 0.155488], [0.21434, 0.192318, 0.957639]], [[0.239356, 0.94019, -0.242387], [-0.946978, 0.281169, 0.155488], [0.21434, 0.192318, 0.957639]], [[0.239356, 0.94019, -0.242387], [-0.966124, 0.205815, -0.15571], [-0.0965101, 0.271446, 0.957603]]], "btipPosition": [147.864, 107.599, -57.8999], "carpPosition": [106.911, 140.891, 83.902], "dipPosition": [149.485, 112.157, -41.8218], "direction": [0.21434, -0.192318, -0.957639], "extended": true, "handId": 88, "id": 881, "length": 57.7897, "mcpPosition": [135.344, 124.844, 21.3545], "pipPosition": [144.394, 116.725, -19.0759], "stabilizedTipPosition": [148.725, 108.428, -53.891], "timeVisible": 8.50738, "tipPosition": [142.417, 106.35, -53.5268], "tipVelocity": [-91.5753, 46.4223, -53.6272], "tool": false, "touchDistance": 0.296322, "touchZone": "hovering", "type": 1, "width": 19.2788}, {"bases": [[[0.403617, 0.878266, -0.256401], [-0.836636, 0.467717, 0.285098], [0.370315, 0.0994441, 0.923568]], [[0.386158, 0.872763, -0.298607], [-0.828167, 0.470589, 0.304442], [0.406227, 0.129734, 0.904516]], [[0.386158, 0.872763, -0.298607], [-0.885059, 0.441774, 0.146652], [0.259909, 0.207654, 0.943041]], [[0.386158, 0.872763, -0.298607], [-0.912963, 0.407879, 0.0114991], [0.131832, 0.268177, 0.954307]]], "btipPosition": [159.955, 128.496, -68.5189], "carpPosition": [106.238, 152.05, 80.0961], "dipPosition": [157.521, 133.448, -50.8959], "direction": [0.259909, -0.207654, -0.943041], "extended": true, "handId": 88, "id": 882, "length": 65.8467, "mcpPosition": [131.016, 145.396, 18.3001], "pipPosition": [150.258, 139.251, -24.5434], "stabilizedTipPosition": [159.727, 129.572, -64.3415], "timeVisible": 8.50738, "tipPosition": [162.687, 132.105, -63.544], "tipVelocity": [-120.564, 27.727, -43.6624], "tool": false, "touchDistance": 0.291302, "touchZone": "hovering", "type": 2, "width": 18.9344}, {"bases": [[[0.515626, 0.845553, -0.138453], [-0.79343, 0.532202, 0.295347], [0.323416, -0.0424353, 0.945305]], [[0.462756, 0.842663, -0.275276], [-0.751777, 0.537593, 0.381871], [0.469775, 0.0302329, 0.882268]], [[0.462756, 0.842663, -0.275276], [-0.788729, 0.533125, 0.306077], [0.404676, 0.0754792, 0.91134]], [[0.462756, 0.842663, -0.275276], [-0.841173, 0.515404, 0.163666], [0.279794, 0.155817, 0.947331]]], "btipPosition": [158.729, 158.978, -61.1185], "carpPosition": [102.52, 162.672, 76.6096], "dipPosition": [153.591, 161.839, -43.7249], "direction": [0.404676, -0.0754792, -0.91134], "extended": true, "handId": 88, "id": 883, "length": 63.3134, "mcpPosition": [121.949, 165.221, 19.8212], "pipPosition": [142.575, 163.894, -18.9159], "stabilizedTipPosition": [157.922, 159.618, -57.011], "timeVisible": 8.50738, "tipPosition": [155.472, 162.346, -57.8455], "tipVelocity": [-139.057, 12.0001, -37.1448], "tool": false, "touchDistance": 0.292466, "touchZone": "hovering", "type": 3, "width": 18.0173}, {"bases": [[[0.673555, 0.735323, -0.0749978], [-0.671862, 0.651383, 0.352564], [0.308101, -0.187083, 0.932778]], [[0.615716, 0.755761, -0.222978], [-0.615105, 0.637858, 0.463447], [0.492483, -0.148197, 0.857612]], [[0.615716, 0.755761, -0.222978], [-0.635612, 0.643615, 0.42633], [0.465716, -0.120771, 0.876654]], [[0.615716, 0.755761, -0.222978], [-0.678059, 0.652333, 0.338669], [0.401409, -0.0573318, 0.914103]]], "btipPosition": [142.235, 189.825, -40.7974], "carpPosition": [92.2387, 170.98, 73.207], "dipPosition": [135.436, 188.854, -25.3139], "direction": [0.465716, 0.120771, -0.876655], "extended": true, "handId": 88, "id": 884, "length": 49.6365, "mcpPosition": [109.372, 181.384, 21.3353], "pipPosition": [126.485, 186.533, -8.46436], "stabilizedTipPosition": [141.161, 189.618, -37.1188], "timeVisible": 8.50738, "tipPosition": [136.931, 189.864, -38.4489], "tipVelocity": [-132.708, 4.33421, -26.4151], "tool": false, "touchDistance": 0.282067, "touchZone": "hovering", "type": 4, "width": 16.0043}], "r": [[0.873807, 0.392724, 0.286757], [-0.469277, 0.835584, 0.28562], [-0.12744, -0.384145, 0.914435]], "s": 1.14243, "t": [-65.0964, 16.5395, -100.451], "timestamp": 17602889208}, {"currentFrameRate": 113.055, "devices": [], "gestures": [], "hands": [{"armBasis": [[0.122757, 0.968903, -0.214844], [-0.164731, 0.233371, 0.958333], [0.97867, -0.0822505, 0.188257]], "armWidth": 62.7773, "confidence": 1, "direction": [0.489343, -0.0183297, -0.871899], "elbow": [-180.519, 134.288, 143.227], "grabAngle": 0.236669, "grabStrength": 0, "id": 88, "palmNormal": [-0.82398, -0.3372, -0.45536], "palmPosition": [113.697, 147.089, 36.6356], "palmVelocity": [-149.007, -13.6759, -28.3654], "palmWidth": 87.2628, "pinchDistance": 66.5429, "pinchStrength": 0, "r": [[0.872539, 0.394683, 0.287925], [-0.471687, 0.834061, 0.286099], [-0.127229, -0.385444, 0.913918]], "s": 1.14102, "sphereCenter": [134.693, 134.644, 1.69582], "sphereRadius": 53.8225, "stabilizedPalmPosition": [113.987, 147.121, 36.695], "t": [63.9327, 16.3605, -100.73], "timeVisible": 8.51601, "type": "left", "wrist": [72.8974, 155.586, 94.4798]}], "id": 60919, "interactionBox": {"center": [0, 200, 0], "size": [235.247, 235.247, 147.751]}, "pointables": [{"bases": [[[-0.717529, 0.676782, 0.164675], [-0.407418, -0.599562, 0.688866], [0.564945, 0.42719, 0.705936]], [[-0.893396, 0.418064, -0.164517], [-0.442849, -0.757773, 0.479234], [0.0756841, 0.501002, 0.86213]], [[-0.893396, 0.418064, -0.164517], [-0.448101, -0.855582, 0.259202], [-0.0323945, 0.305291, 0.951708]], [[-0.893396, 0.418064, -0.164517], [-0.386073, -0.901674, -0.194763], [-0.229764, -0.110485, 0.966955]]], "btipPosition": [84.604, 95.4776, -9.97007], "carpPosition": [87.3504, 127.15, 85.4286], "dipPosition": [89.8882, 92.9366, 12.2685], "direction": [-0.0323945, -0.305291, -0.951708], "extended": false, "handId": 88, "id": 880, "length": 51.2144, "mcpPosition": [87.3504, 127.15, 85.4286], "pipPosition": [90.9736, 103.165, 44.1559], "stabilizedTipPosition": [86.074, 94.8296, -4.75802], "timeVisible": 8.51601, "tipPosition": [91.87, 95.5673, -4.11249], "tipVelocity": [-137.788, 36.0674, -52.4479], "tool": false, "touchDistance": 0.258436, "touchZone": "hovering", "type": 0, "width": 20.183}, {"bases": [[[0.199441, 0.924815, -0.323946], [-0.893538, 0.307345, 0.327306], [0.402261, 0.22418, 0.887654]], [[0.238208, 0.942439, -0.234662], [-0.946456, 0.279465, 0.161618], [0.217895, 0.183599, 0.958547]], [[0.238208, 0.942439, -0.234662], [-0.946456, 0.279465, 0.161618], [0.217895, 0.183599, 0.958547]], [[0.238208, 0.942439, -0.234662], [-0.967113, 0.207994, -0.146392], [-0.0891574, 0.261817, 0.960991]]], "btipPosition": [146.874, 108.24, -58.3735], "carpPosition": [105.614, 140.566, 83.627], "dipPosition": [148.371, 112.636, -42.2386], "direction": [0.217895, -0.183599, -0.958547], "extended": true, "handId": 88, "id": 881, "length": 57.7897, "mcpPosition": [133.996, 124.748, 20.9976], "pipPosition": [143.195, 116.997, -19.4711], "stabilizedTipPosition": [147.832, 108.916, -54.3484], "timeVisible": 8.51601, "tipPosition": [141.22, 106.69, -53.9973], "tipVelocity": [-117.941, 69.8999, -53.3203], "tool": false, "touchDistance": 0.289821, "touchZone": "hovering", "type": 1, "width": 19.2788}, {"bases": [[[0.401339, 0.880563, -0.252062], [-0.837908, 0.464119, 0.287236], [0.369916, 0.0959258, 0.9241]], [[0.384564, 0.875452, -0.292737], [-0.82938, 0.466912, 0.306792], [0.405264, 0.124809, 0.90564]], [[0.384564, 0.875452, -0.292737], [-0.885955, 0.439092, 0.149273], [0.25922, 0.201946, 0.94447]], [[0.384564, 0.875452, -0.292737], [-0.91372, 0.406098, 0.0141272], [0.131248, 0.262046, 0.956089]]], "btipPosition": [158.585, 128.932, -68.9012], "carpPosition": [104.97, 151.744, 79.8755], "dipPosition": [156.161, 133.771, -51.2453], "direction": [0.25922, -0.201946, -0.94447], "extended": true, "handId": 88, "id": 882, "length": 65.8467, "mcpPosition": [129.721, 145.326, 18.0439], "pipPosition": [148.917, 139.414, -24.8528], "stabilizedTipPosition": [158.435, 129.931, -64.7206], "timeVisible": 8.51601, "tipPosition": [161.311, 132.325, -63.879], "tipVelocity": [-158.358, 47.4658, -43.3763], "tool": false, "touchDistance": 0.287931, "touchZone": "hovering", "type": 2, "width": 18.9344}, {"bases": [[[0.513416, 0.847572, -0.134257], [-0.794873, 0.528667, 0.297805], [0.323389, -0.0461807, 0.945139]], [[0.461398, 0.84537, -0.269187], [-0.753512, 0.533567, 0.384091], [0.468328, 0.0256165, 0.883183]], [[0.461398, 0.84537, -0.269187], [-0.790966, 0.529393, 0.306784], [0.401851, 0.0713682, 0.91292]], [[0.461398, 0.84537, -0.269187], [-0.843174, 0.51222, 0.163367], [0.275988, 0.151594, 0.949131]]], "btipPosition": [157.276, 159.317, -61.393], "carpPosition": [101.28, 162.393, 76.4413], "dipPosition": [152.209, 162.1, -43.9664], "direction": [0.401851, -0.0713682, -0.91292], "extended": true, "handId": 88, "id": 883, "length": 63.3134, "mcpPosition": [120.707, 165.168, 19.6629], "pipPosition": [141.269, 164.043, -19.1144], "stabilizedTipPosition": [156.519, 159.88, -57.3006], "timeVisible": 8.51601, "tipPosition": [154.236, 162.546, -58.0135], "tipVelocity": [-166.286, 37.1066, -30.9005], "tool": false, "touchDistance": 0.291079, "touchZone": "hovering", "type": 3, "width": 18.0173}, {"bases": [[[0.671625, 0.737451, -0.0713132], [-0.673628, 0.647888, 0.355621], [0.308456, -0.190806, 0.931906]], [[0.614882, 0.75826, -0.216709], [-0.617153, 0.633742, 0.466361], [0.490961, -0.153014, 0.857639]], [[0.614882, 0.75826, -0.216709], [-0.637974, 0.639811, 0.428521], [0.463584, -0.125235, 0.877158]], [[0.614882, 0.75826, -0.216709], [-0.680832, 0.649081, 0.339354], [0.39798, -0.0611199, 0.915356]]], "btipPosition": [140.884, 190.115, -40.907], "carpPosition": [91.0197, 170.745, 73.0808], "dipPosition": [134.143, 189.079, -25.4022], "direction": [0.463584, 0.125235, -0.877158], "extended": true, "handId": 88, "id": 884, "length": 49.6365, "mcpPosition": [108.173, 181.355, 21.2575], "pipPosition": [125.232, 186.672, -8.54301], "stabilizedTipPosition": [139.832, 189.806, -37.2803], "timeVisible": 8.51601, "tipPosition": [135.791, 190.052, -38.4745], "tipVelocity": [-154.888, 31.7599, -12.1181], "tool": false, "touchDistance": 0.283378, "touchZone": "hovering", "type": 4, "width": 16.0043}], "r": [[0.872539, 0.394683, 0.287925], [-0.471687, 0.834061, 0.286099], [-0.127229, -0.385444, 0.913918]], "s": 1.14102, "t": [-63.9327, 16.3605, -100.73], "timestamp": 17602897846}, {"currentFrameRate": 113.139, "devices": [], "gestures": [], "hands": [{"armBasis": [[0.122212, 0.970438, -0.208123], [-0.163329, 0.2265, 0.960219], [0.978973, -0.0833573, 0.186182]], "armWidth": 62.7773, "confidence": 1, "direction": [0.489643, -0.0152398, -0.87179], "elbow": [-181.931, 133.71, 142.499], "grabAngle": 0.24063, "grabStrength": 0, "id": 88, "palmNormal": [-0.825196, -0.331019, -0.457687], "palmPosition": [112.358, 147.015, 36.4221], "palmVelocity": [-154.08, -8.51674, -24.5591], "palmWidth": 87.2628, "pinchDistance": 66.4455, "pinchStrength": 0, "r": [[0.87121, 0.396642, 0.289255], [-0.474291, 0.832099, 0.287506], [-0.126652, -0.387669, 0.913056]], "s": 1.13962, "sphereCenter": [131.494, 135.683, 0.679628], "sphereRadius": 53.3826, "stabilizedPalmPosition": [112.637, 147.033, 36.4689], "t": [62.6811, 16.234, -100.976], "timeVisible": 8.52471, "type": "left", "wrist": [71.5643, 155.294, 94.2894]}], "id": 60920, "interactionBox": {"center": [0, 200, 0], "size": [235.247, 235.247, 147.751]}, "pointables": [{"bases": [[[-0.720306, 0.672761, 0.168972], [-0.404582, -0.60534, 0.685476], [0.563447, 0.42539, 0.708217]], [[-0.894763, 0.41692, -0.159928], [-0.439705, -0.76019, 0.4783], [0.0778374, 0.498286, 0.863512]], [[-0.894763, 0.41692, -0.159928], [-0.445429, -0.858596, 0.253783], [-0.0315061, 0.298312, 0.953948]], [[-0.894763, 0.41692, -0.159928], [-0.383039, -0.900694, -0.205018], [-0.229522, -0.122184, 0.965604]]], "btipPosition": [83.2976, 95.8597, -10.4234], "carpPosition": [85.9056, 126.899, 85.0854], "dipPosition": [88.5763, 93.0496, 11.7841], "direction": [-0.0315061, -0.298312, -0.953948], "extended": false, "handId": 88, "id": 880, "length": 51.2144, "mcpPosition": [85.9056, 126.899, 85.0854], "pipPosition": [89.6319, 103.045, 43.7466], "stabilizedTipPosition": [84.8077, 95.1406, -5.20999], "timeVisible": 8.52471, "tipPosition": [90.2372, 95.8178, -4.64997], "tipVelocity": [-150.419, 36.8375, -52.9669], "tool": false, "touchDistance": 0.254521, "touchZone": "hovering", "type": 0, "width": 20.183}, {"bases": [[[0.195394, 0.927548, -0.318553], [-0.894683, 0.301629, 0.329488], [0.401701, 0.220624, 0.888798]], [[0.234627, 0.944975, -0.227974], [-0.947268, 0.274915, 0.164637], [0.218252, 0.177324, 0.959647]], [[0.234627, 0.944975, -0.227974], [-0.947268, 0.274915, 0.164637], [0.218252, 0.177324, 0.959647]], [[0.234627, 0.944975, -0.227974], [-0.9684, 0.206815, -0.13939], [-0.0845715, 0.253475, 0.963638]]], "btipPosition": [145.547, 108.728, -58.8275], "carpPosition": [104.227, 140.248, 83.3707], "dipPosition": [146.967, 112.983, -42.6481], "direction": [0.218252, -0.177324, -0.959647], "extended": true, "handId": 88, "id": 881, "length": 57.7897, "mcpPosition": [132.569, 124.682, 20.6607], "pipPosition": [141.783, 117.195, -19.8545], "stabilizedTipPosition": [146.633, 109.4, -54.8123], "timeVisible": 8.52471, "tipPosition": [139.82, 107.067, -54.4445], "tipVelocity": [-154.633, 52.3504, -51.0444], "tool": false, "touchDistance": 0.285229, "touchZone": "hovering", "type": 1, "width": 19.2788}, {"bases": [[[0.397509, 0.883725, -0.247015], [-0.839733, 0.45887, 0.290323], [0.369913, 0.0920209, 0.924498]], [[0.381096, 0.878904, -0.286868], [-0.8318, 0.461392, 0.308587], [0.403577, 0.121016, 0.906907]], [[0.381096, 0.878904, -0.286868], [-0.888751, 0.433754, 0.148254], [0.254732, 0.198456, 0.946429]], [[0.381096, 0.878904, -0.286868], [-0.916441, 0.400083, 0.00830611], [0.122071, 0.259733, 0.957934]]], "btipPosition": [156.871, 129.22, -69.267], "carpPosition": [103.632, 151.451, 79.6852], "dipPosition": [154.617, 134.016, -51.577], "direction": [0.254732, -0.198456, -0.946429], "extended": true, "handId": 88, "id": 882, "length": 65.8467, "mcpPosition": [128.383, 145.294, 17.8269], "pipPosition": [147.498, 139.562, -25.1298], "stabilizedTipPosition": [156.821, 130.235, -65.0907], "timeVisible": 8.52471, "tipPosition": [159.878, 132.597, -64.18], "tipVelocity": [-192.641, 32.0237, -41.178], "tool": false, "touchDistance": 0.286634, "touchZone": "hovering", "type": 2, "width": 18.9344}, {"bases": [[[0.509776, 0.850512, -0.129454], [-0.796967, 0.523535, 0.301256], [0.323995, -0.0504027, 0.944715]], [[0.458458, 0.849024, -0.262628], [-0.755999, 0.527931, 0.386982], [0.467207, 0.0211309, 0.883896]], [[0.458458, 0.849024, -0.262628], [-0.794876, 0.523904, 0.306098], [0.397476, 0.0684236, 0.915058]], [[0.458458, 0.849024, -0.262628], [-0.847185, 0.506797, 0.159481], [0.268503, 0.149379, 0.951626]]], "btipPosition": [155.715, 159.631, -61.6317], "carpPosition": [99.9873, 162.136, 76.3125], "dipPosition": [150.785, 162.373, -44.1592], "direction": [0.397476, -0.0684236, -0.915058], "extended": true, "handId": 88, "id": 883, "length": 63.3134, "mcpPosition": [119.451, 165.164, 19.5596], "pipPosition": [139.964, 164.236, -19.249], "stabilizedTipPosition": [154.981, 160.183, -57.5485], "timeVisible": 8.52471, "tipPosition": [153.035, 162.808, -58.1071], "tipVelocity": [-175.995, 35.049, -26.2429], "tool": false, "touchDistance": 0.290847, "touchZone": "hovering", "type": 3, "width": 18.0173}, {"bases": [[[0.668476, 0.740689, -0.0672278], [-0.6762, 0.642924, 0.359726], [0.309667, -0.195009, 0.930633]], [[0.613118, 0.761826, -0.209065], [-0.619823, 0.627978, 0.470599], [0.489803, -0.15895, 0.857221]], [[0.613118, 0.761826, -0.209065], [-0.641521, 0.634575, 0.431005], [0.461018, -0.130138, 0.877796]], [[0.613118, 0.761826, -0.209065], [-0.685391, 0.644571, 0.338773], [0.392843, -0.0644166, 0.917347]]], "btipPosition": [139.519, 190.51, -40.9513], "carpPosition": [89.7643, 170.55, 72.9972], "dipPosition": [132.865, 189.419, -25.4128], "direction": [0.461018, 0.130138, -0.877796], "extended": true, "handId": 88, "id": 884, "length": 49.6365, "mcpPosition": [106.985, 181.395, 21.2447], "pipPosition": [124.004, 186.918, -8.54134], "stabilizedTipPosition": [138.439, 190.149, -37.3537], "timeVisible": 8.52471, "tipPosition": [134.723, 190.327, -38.4051], "tipVelocity": [-154.673, 44.0339, -4.20493], "tool": false, "touchDistance": 0.285841, "touchZone": "hovering", "type": 4, "width": 16.0043}], "r": [[0.87121, 0.396642, 0.289255], [-0.474291, 0.832099, 0.287506], [-0.126652, -0.387669, 0.913056]], "s": 1.13962, "t": [-62.6811, 16.234, -100.976], "timestamp": 17602906539}, {"currentFrameRate": 113.275, "devices": [], "gestures": [], "hands": [{"armBasis": [[0.120956, 0.972251, -0.200241], [-0.162574, 0.218401, 0.962222], [0.979254, -0.0838328, 0.18448]], "armWidth": 62.7773, "confidence": 1, "direction": [0.490183, -0.0106828, -0.871554], "elbow": [-183.445, 133.165, 141.753], "grabAngle": 0.302789, "grabStrength": 0, "id": 88, "palmNormal": [-0.826199, -0.324271, -0.460699], "palmPosition": [110.924, 146.898, 36.0858], "palmVelocity": [-166.843, -13.6861, -39.1329], "palmWidth": 87.2628, "pinchDistance": 66.2472, "pinchStrength": 0, "r": [[0.869862, 0.398468, 0.290799], [-0.476999, 0.829705, 0.289934], [-0.125748, -0.390913, 0.911797]], "s": 1.13997, "sphereCenter": [115.998, 138.653, -4.71934], "sphereRadius": 53.0664, "stabilizedPalmPosition": [111.218, 146.921, 36.1515], "t": [61.3385, 16.1119, -101.267], "timeVisible": 8.5333, "type": "left", "wrist": [70.1237, 154.873, 93.9834]}], "id": 60921, "interactionBox": {"center": [0, 200, 0], "size": [235.247, 235.247, 147.751]}, "pointables": [{"bases": [[[-0.72288, 0.668582, 0.17448], [-0.401677, -0.61207, 0.681195], [0.562228, 0.422338, 0.711007]], [[-0.896194, 0.415742, -0.1549], [-0.436433, -0.763344, 0.476269], [0.0797633, 0.494433, 0.865548]], [[-0.896194, 0.415742, -0.1549], [-0.44262, -0.861732, 0.248001], [-0.0303778, 0.290819, 0.956296]], [[-0.896194, 0.415742, -0.1549], [-0.380013, -0.899504, -0.215598], [-0.228966, -0.134354, 0.964118]]], "btipPosition": [81.8927, 96.2003, -11.071], "carpPosition": [84.3579, 126.524, 84.5797], "dipPosition": [87.1586, 93.1104, 11.1023], "direction": [-0.0303778, -0.290819, -0.956296], "extended": false, "handId": 88, "id": 880, "length": 51.2144, "mcpPosition": [84.3579, 126.524, 84.5797], "pipPosition": [88.1764, 102.854, 43.1434], "stabilizedTipPosition": [83.477, 95.4132, -5.80452], "timeVisible": 8.5333, "tipPosition": [88.5461, 96.0891, -5.39149], "tipVelocity": [-163.856, 32.1577, -76.2962], "tool": false, "touchDistance": 0.24795, "touchZone": "hovering", "type": 0, "width": 20.183}, {"bases": [[[0.191454, 0.930682, -0.311732], [-0.895656, 0.295562, 0.33233], [0.40143, 0.215579, 0.890157]], [[0.230506, 0.947533, -0.22147], [-0.948882, 0.269308, 0.164606], [0.215614, 0.172206, 0.961174]], [[0.230506, 0.947533, -0.22147], [-0.973052, 0.225866, -0.0464131], [0.00604456, 0.2262, 0.974062]], [[0.230506, 0.947533, -0.22147], [-0.927952, 0.145548, -0.343104], [-0.292867, 0.284601, 0.912815]]], "btipPosition": [135.386, 107.18, -58.8705], "carpPosition": [102.733, 139.812, 82.9771], "dipPosition": [140.303, 111.959, -43.5445], "direction": [0.00604456, -0.2262, -0.974062], "extended": true, "handId": 88, "id": 881, "length": 57.7897, "mcpPosition": [131.057, 124.602, 20.1712], "pipPosition": [140.16, 117.331, -20.4085], "stabilizedTipPosition": [140.128, 108.679, -55.1552], "timeVisible": 8.5333, "tipPosition": [137.685, 107.78, -55.1567], "tipVelocity": [-1089.02, -166.111, -27.8535], "tool": false, "touchDistance": 0.333333, "touchZone": "hovering", "type": 1, "width": 19.2788}, {"bases": [[[0.393792, 0.887137, -0.240659], [-0.841364, 0.453311, 0.294306], [0.370183, 0.0865863, 0.924915]], [[0.377454, 0.882575, -0.280339], [-0.834539, 0.455404, 0.310084], [0.40134, 0.116912, 0.908437]], [[0.377454, 0.882575, -0.280339], [-0.892204, 0.427675, 0.145143], [0.247993, 0.195335, 0.948864]], [[0.377454, 0.882575, -0.280339], [-0.919692, 0.392633, -0.00218575], [0.108142, 0.258651, 0.959898]]], "btipPosition": [154.892, 129.479, -69.7817], "carpPosition": [102.186, 151.045, 79.3752], "dipPosition": [152.895, 134.255, -52.0555], "direction": [0.247993, -0.195335, -0.948864], "extended": true, "handId": 88, "id": 882, "length": 65.8467, "mcpPosition": [126.955, 145.251, 17.489], "pipPosition": [145.965, 139.714, -25.5402], "stabilizedTipPosition": [154.966, 130.501, -65.5677], "timeVisible": 8.5333, "tipPosition": [158.316, 132.956, -64.6284], "tipVelocity": [-223.459, 29.5901, -58.9387], "tool": false, "touchDistance": 0.284677, "touchZone": "hovering", "type": 2, "width": 18.9344}, {"bases": [[[0.506273, 0.853496, -0.123423], [-0.79885, 0.518064, 0.305694], [0.32485, -0.0561678, 0.944096]], [[0.455457, 0.852896, -0.255201], [-0.758353, 0.521847, 0.390611], [0.466327, 0.015626, 0.884474]], [[0.455457, 0.852896, -0.255201], [-0.799015, 0.518037, 0.305307], [0.392599, 0.0648558, 0.91742]], [[0.455457, 0.852896, -0.255201], [-0.851499, 0.501008, 0.154728], [0.259824, 0.146832, 0.954427]]], "btipPosition": [154.035, 159.996, -61.9681], "carpPosition": [98.5869, 161.769, 76.0801], "dipPosition": [149.264, 162.692, -44.4442], "direction": [0.392599, -0.0648558, -0.91742], "extended": true, "handId": 88, "id": 883, "length": 63.3134, "mcpPosition": [118.102, 165.143, 19.3643], "pipPosition": [138.577, 164.457, -19.4697], "stabilizedTipPosition": [153.344, 160.53, -57.8601], "timeVisible": 8.5333, "tipPosition": [151.758, 163.173, -58.2873], "tipVelocity": [-191.251, 41.2312, -37.775], "tool": false, "touchDistance": 0.289842, "touchZone": "hovering", "type": 3, "width": 18.0173}, {"bases": [[[0.665455, 0.743848, -0.0621266], [-0.678522, 0.637496, 0.364976], [0.311092, -0.200721, 0.928942]], [[0.611544, 0.76548, -0.200136], [-0.622128, 0.621502, 0.476122], [0.488847, -0.166659, 0.856302]], [[0.611544, 0.76548, -0.200136], [-0.64493, 0.628802, 0.434366], [0.458345, -0.13656, 0.878221]], [[0.611544, 0.76548, -0.200136], [-0.690036, 0.639762, 0.33846], [0.387124, -0.0688823, 0.919451]]], "btipPosition": [138.053, 190.993, -41.0452], "carpPosition": [88.3999, 170.249, 72.8211], "dipPosition": [131.495, 189.827, -25.4711], "direction": [0.458345, 0.13656, -0.878221], "extended": true, "handId": 88, "id": 884, "length": 49.6365, "mcpPosition": [105.7, 181.411, 21.1626], "pipPosition": [122.686, 187.202, -8.59148], "stabilizedTipPosition": [136.971, 190.595, -37.4386], "timeVisible": 8.5333, "tipPosition": [133.572, 190.678, -38.3827], "tipVelocity": [-168.099, 54.2199, -9.97952], "tool": false, "touchDistance": 0.288147, "touchZone": "hovering", "type": 4, "width": 16.0043}], "r": [[0.869862, 0.398468, 0.290799], [-0.476999, 0.829705, 0.289934], [-0.125748, -0.390913, 0.911797]], "s": 1.13997, "t": [-61.3385, 16.1119, -101.267], "timestamp": 17602915131}, {"currentFrameRate": 113.27, "devices": [], "gestures": [], "hands": [{"armBasis": [[0.119159, 0.973732, -0.19403], [-0.163011, 0.211957, 0.963588], [0.979402, -0.0831913, 0.183986]], "armWidth": 62.7773, "confidence": 1, "direction": [0.488101, -0.00816692, -0.872749], "elbow": [-184.93, 133.052, 141.384], "grabAngle": 0.307729, "grabStrength": 0, "id": 88, "palmNormal": [-0.828639, -0.318341, -0.460453], "palmPosition": [109.321, 146.781, 35.7282], "palmVelocity": [-181.453, -13.2016, -40.4694], "palmWidth": 87.2628, "pinchDistance": 66.0071, "pinchStrength": 0, "r": [[0.868303, 0.40035, 0.292865], [-0.479997, 0.827065, 0.292516], [-0.12511, -0.394567, 0.91031]], "s": 1.14005, "sphereCenter": [112.121, 139.446, -5.91638], "sphereRadius": 53.3717, "stabilizedPalmPosition": [109.622, 146.803, 35.7953], "t": [59.8655, 15.9925, -101.591], "timeVisible": 8.54214, "type": "left", "wrist": [68.6767, 154.594, 93.743]}], "id": 60922, "interactionBox": {"center": [0, 200, 0], "size": [235.247, 235.247, 147.751]}, "pointables": [{"bases": [[[-0.726116, 0.664588, 0.176291], [-0.400661, -0.617343, 0.677021], [0.558772, 0.420963, 0.714537]], [[-0.897136, 0.414389, -0.153064], [-0.434519, -0.765325, 0.474838], [0.0796243, 0.492503, 0.866661]], [[-0.897136, 0.414389, -0.153064], [-0.440633, -0.864097, 0.243267], [-0.0314546, 0.285688, 0.957806]], [[-0.897136, 0.414389, -0.153064], [-0.376999, -0.898803, -0.223664], [-0.230258, -0.142952, 0.962573]]], "btipPosition": [80.2436, 96.4032, -11.5424], "carpPosition": [82.7813, 126.265, 84.1766], "dipPosition": [85.5392, 93.1155, 10.5954], "direction": [-0.0314546, -0.285688, -0.957806], "extended": false, "handId": 88, "id": 880, "length": 51.2144, "mcpPosition": [82.7813, 126.265, 84.1766], "pipPosition": [86.5931, 102.688, 42.6871], "stabilizedTipPosition": [81.8815, 95.5983, -6.31609], "timeVisible": 8.54214, "tipPosition": [86.5305, 96.2744, -5.97231], "tipVelocity": [-185.841, 17.8109, -54.2637], "tool": false, "touchDistance": 0.247301, "touchZone": "hovering", "type": 0, "width": 20.183}, {"bases": [[[0.188227, 0.933113, -0.306384], [-0.897674, 0.290015, 0.331771], [0.398436, 0.212585, 0.89222]], [[0.226817, 0.949596, -0.216381], [-0.951037, 0.263844, 0.160983], [0.20996, 0.169273, 0.962945]], [[0.226817, 0.949596, -0.216381], [-