{"frames": 62, "data": [{"currentFrameRate": 110.437, "devices": [], "gestures": [{"center": [-116.159, 139.033, -10.8041], "duration": 26076, "handIds": [77], "id": 2, "normal": [-0.281589, 0.489338, -0.825382], "pointableIds": [771], "progress": 0.797098, "radius": 10.1954, "state": "update", "type": "circle"}], "hands": [{"armBasis": [[-0.490702, -0.671651, -0.555064], [0.64966, 0.142493, -0.746751], [0.580649, -0.727035, 0.366423]], "armWidth": 57.4912, "confidence": 1, "direction": [-0.120581, 0.162626, -0.979292], "elbow": [-235.847, -98.5504, 215.839], "grabAngle": 0.400888, "grabStrength": 0, "id": 77, "palmNormal": [0.992165, -0.0127507, -0.124283], "palmPosition": [-94.1633, 98.916, 67.3332], "palmVelocity": [-44.7749, -0.68995, -10.4549], "palmWidth": 80.2111, "pinchDistance": 69.7633, "pinchStrength": 0, "r": [[0.976837, -0.209913, 0.0415356], [0.203333, 0.850089, -0.485804], [0.0666677, 0.482997, 0.873081]], "s": 1.12602, "sphereCenter": [-123.818, 98.7971, 29.2487], "sphereRadius": 57.8457, "stabilizedPalmPosition": [-93.7609, 98.9252, 67.4399], "t": [-15.9477, -50.3198, -64.8434], "timeVisible": 5.60208, "type": "left", "wrist": [-97.6435, 74.4951, 128.625]}], "id": 53037, "interactionBox": {"center": [0, 200, 0], "size": [235.247, 235.247, 147.751]}, "pointables": [{"bases": [[[0.924106, -0.353869, -0.144238], [0.370336, 0.736249, 0.566382], [-0.0942297, -0.576813, 0.811423]], [[0.92321, -0.22436, -0.312004], [0.383428, 0.592319, 0.70862], [0.0258196, -0.773836, 0.63286]], [[0.92321, -0.22436, -0.312004], [0.378645, 0.66978, 0.638766], [0.0656602, -0.707854, 0.7033]], [[0.92321, -0.22436, -0.312004], [0.381952, 0.446167, 0.80935], [-0.0423801, -0.86637, 0.4976]]], "btipPosition": [-79.5887, 180.76, 60.8606], "carpPosition": [-81.7899, 108.776, 119.137], "dipPosition": [-78.7416, 163.442, 70.8073], "direction": [0.0656602, 0.707854, -0.7033], "extended": true, "handId": 77, "id": 770, "length": 44.5133, "mcpPosition": [-81.7899, 108.776, 119.137], "pipPosition": [-80.6537, 142.828, 91.2885], "stabilizedTipPosition": [-79.4591, 176.849, 63.2203], "timeVisible": 5.60208, "tipPosition": [-75.4319, 171.913, 59.5526], "tipVelocity": [7.40057, -19.439, -24.4583], "tool": false, "touchDistance": 0.333333, "touchZone": "hovering", "type": 0, "width": 18.4546}, {"bases": [[[0.0524799, -0.945294, -0.321971], [0.998007, 0.0609642, -0.0163177], [0.0350538, -0.320472, 0.946609]], [[0.0557818, -0.973053, -0.223732], [0.9656, -0.004425, 0.259993], [-0.253977, -0.230539, 0.939334]], [[0.0557818, -0.973053, -0.223732], [0.998364, 0.0571698, 0.000273949], [0.0125242, -0.223381, 0.974651]], [[0.0557818, -0.973053, -0.223732], [0.961178, 0.112982, -0.251737], [0.270231, -0.201004, 0.94158]]], "btipPosition": [-103.106, 140.303, -18.8164], "carpPosition": [-100.262, 103.515, 110.906], "dipPosition": [-107.049, 137.37, -5.07588], "direction": [0.0125242, 0.223381, -0.974651], "extended": true, "handId": 77, "id": 771, "length": 50.2283, "mcpPosition": [-97.9884, 124.299, 49.5137], "pipPosition": [-107.308, 132.758, 15.0451], "stabilizedTipPosition": [-103.871, 139.68, -15.6267], "timeVisible": 5.60208, "tipPosition": [-102.436, 139.509, -15.4361], "tipVelocity": [-59.0375, -29.8418, -15.1911], "tool": false, "touchDistance": -0.292536, "touchZone": "touching", "type": 1, "width": 17.6278}, {"bases": [[[-0.114177, -0.97635, -0.183589], [0.993039, -0.106777, -0.0497292], [0.0289499, -0.187989, 0.981744]], [[-0.109959, -0.991718, -0.0663623], [0.968026, -0.121999, 0.219186], [-0.225466, -0.0401391, 0.973424]], [[-0.109959, -0.991718, -0.0663623], [0.992946, -0.106624, -0.0518611], [0.0443558, -0.0715968, 0.996447]], [[-0.109959, -0.991718, -0.0663623], [0.934801, -0.0804994, -0.34593], [0.337723, -0.100073, 0.935911]]], "btipPosition": [-103.308, 110.182, -32.7462], "carpPosition": [-102.305, 93.6223, 106.932], "dipPosition": [-108.729, 108.576, -17.7244], "direction": [0.0443558, 0.0715967, -0.996447], "extended": true, "handId": 77, "id": 772, "length": 57.2312, "mcpPosition": [-100.524, 105.184, 46.5518], "pipPosition": [-109.806, 106.837, 6.47726], "stabilizedTipPosition": [-104.421, 109.867, -29.2729], "timeVisible": 5.60208, "tipPosition": [-104.998, 111.916, -29.1614], "tipVelocity": [-68.4187, -36.6357, -10.3862], "tool": false, "touchDistance": 0.333333, "touchZone": "hovering", "type": 2, "width": 17.3129}, {"bases": [[[-0.183204, -0.982526, -0.0328417], [0.98276, -0.182199, -0.0313976], [0.0248652, -0.0380277, 0.998967]], [[-0.179701, -0.981264, 0.0694849], [0.968879, -0.164324, 0.185125], [-0.170238, 0.10059, 0.980255]], [[-0.179701, -0.981264, 0.0694849], [0.968034, -0.188958, -0.164942], [0.174981, 0.0376235, 0.983853]], [[-0.179701, -0.981264, 0.0694849], [0.84624, -0.190216, -0.49769], [0.501582, -0.0306345, 0.864567]]], "btipPosition": [-94.8204, 81.0117, -25.4419], "carpPosition": [-101.841, 83.1518, 104.204], "dipPosition": [-102.825, 80.5228, -11.6449], "direction": [0.174981, -0.0376235, -0.983853], "extended": true, "handId": 77, "id": 773, "length": 55.0293, "mcpPosition": [-100.468, 85.2517, 49.0417], "pipPosition": [-106.965, 81.413, 11.6337], "stabilizedTipPosition": [-96.4636, 80.9609, -22.2481], "timeVisible": 5.60208, "tipPosition": [-100.636, 82.3252, -22.7121], "tipVelocity": [-74.3091, -32.861, -6.38485], "tool": false, "touchDistance": 0.333333, "touchZone": "hovering", "type": 3, "width": 16.4743}, {"bases": [[[-0.33894, -0.936623, 0.0886409], [0.940612, -0.335438, 0.0522572], [-0.0192117, 0.101089, 0.994692]], [[-0.336859, -0.903104, 0.266324], [0.94015, -0.30717, 0.14753], [-0.0514287, 0.300081, 0.952526]], [[-0.336859, -0.903104, 0.266324], [0.906824, -0.3873, -0.166342], [0.253371, 0.185475, 0.949422]], [[-0.336859, -0.903104, 0.266324], [0.772394, -0.426812, -0.47036], [0.538454, 0.0472625, 0.841328]]], "btipPosition": [-85.7735, 54.3726, -4.12781], "carpPosition": [-95.3982, 72.3969, 103.731], "dipPosition": [-93.7007, 55.0684, 8.25839], "direction": [0.253371, -0.185475, -0.949422], "extended": true, "handId": 77, "id": 774, "length": 43.1419, "mcpPosition": [-96.3802, 67.2296, 52.886], "pipPosition": [-97.9334, 58.1669, 24.1189], "stabilizedTipPosition": [-87.2005, 54.6188, -1.2438], "timeVisible": 5.60208, "tipPosition": [-92.5817, 54.2565, -1.84682], "tipVelocity": [-66.5888, -22.865, -0.926129], "tool": false, "touchDistance": 0.278672, "touchZone": "hovering", "type": 4, "width": 14.6338}], "r": [[0.976837, -0.209913, 0.0415356], [0.203333, 0.850089, -0.485804], [0.0666677, 0.482997, 0.873081]], "s": 1.12602, "t": [15.9477, -50.3198, -64.8434], "timestamp": 17533356658}, {"currentFrameRate": 110.607, "devices": [], "gestures": [{"center": [-116.159, 139.033, -10.8041], "duration": 26076, "handIds": [77], "id": 2, "normal": [-0.281589, 0.489338, -0.825382], "pointableIds": [771], "progress": 0.797098, "radius": 10.1954, "state": "update", "type": "circle"}], "hands": [{"armBasis": [[-0.504896, -0.660268, -0.555991], [0.640237, 0.14556, -0.75426], [0.578944, -0.736789, 0.349236]], "armWidth": 57.4912, "confidence": 1, "direction": [-0.121323, 0.162162, -0.979277], "elbow": [-235.806, -101.01, 211.629], "grabAngle": 0.403111, "grabStrength": 0, "id": 77, "palmNormal": [0.991913, -0.0172427, -0.125743], "palmPosition": [-94.5325, 98.9026, 67.3115], "palmVelocity": [-42.2459, -1.54057, -2.48072], "palmWidth": 80.2111, "pinchDistance": 69.8076, "pinchStrength": 0, "r": [[0.978296, -0.202462, 0.0441229], [0.198192, 0.852095, -0.484411], [0.0604778, 0.482642, 0.873727]], "s": 1.12665, "sphereCenter": [-122.946, 98.1274, 29.1377], "sphereRadius": 57.3519, "stabilizedPalmPosition": [-94.094, 98.9154, 67.3845], "t": [-16.2984, -50.3296, -64.8979], "timeVisible": 5.61082, "type": "left", "wrist": [-98.0089, 74.3574, 128.505]}], "id": 53038, "interactionBox": {"center": [0, 200, 0], "size": [235.247, 235.247, 147.751]}, "pointables": [{"bases": [[[0.925868, -0.349945, -0.142505], [0.36625, 0.738445, 0.56618], [-0.0928998, -0.5764, 0.81187]], [[0.924845, -0.2218, -0.308978], [0.379445, 0.593905, 0.709435], [0.0261509, -0.773357, 0.633431]], [[0.924845, -0.2218, -0.308978], [0.374513, 0.672769, 0.638061], [0.0663486, -0.705824, 0.705274]], [[0.924845, -0.2218, -0.308978], [0.378291, 0.452094, 0.807779], [-0.0394783, -0.863953, 0.502022]]], "btipPosition": [-79.7449, 180.616, 60.6394], "carpPosition": [-82.0387, 108.76, 119.087], "dipPosition": [-78.9558, 163.346, 70.6745], "direction": [0.0663486, 0.705824, -0.705274], "extended": true, "handId": 77, "id": 770, "length": 44.5133, "mcpPosition": [-82.0387, 108.76, 119.087], "pipPosition": [-80.888, 142.791, 91.2132], "stabilizedTipPosition": [-79.5179, 176.733, 63.0666], "timeVisible": 5.61082, "tipPosition": [-75.536, 171.861, 59.4668], "tipVelocity": [-19.3987, -15.2058, -22.98], "tool": false, "touchDistance": 0.333333, "touchZone": "hovering", "type": 0, "width": 18.4546}, {"bases": [[[0.0571173, -0.94538, -0.320928], [0.997752, 0.0653389, -0.014898], [0.0350533, -0.319355, 0.946986]], [[0.0605463, -0.97417, -0.217546], [0.964802, 0.00123821, 0.262974], [-0.255912, -0.225811, 0.939957]], [[0.0605463, -0.97417, -0.217546], [0.998127, 0.0609902, 0.00467982], [0.00870925, -0.217422, 0.976039]], [[0.0605463, -0.97417, -0.217546], [0.961903, 0.115156, -0.247957], [0.266604, -0.194245, 0.944029]]], "btipPosition": [-103.593, 139.893, -18.9455], "carpPosition": [-100.546, 103.572, 110.888], "dipPosition": [-107.483, 137.059, -5.16926], "direction": [0.00870925, 0.217422, -0.976039], "extended": true, "handId": 77, "id": 771, "length": 50.2283, "mcpPosition": [-98.2724, 124.284, 49.4719], "pipPosition": [-107.663, 132.57, 14.9804], "stabilizedTipPosition": [-104.363, 139.33, -15.7465], "timeVisible": 5.61082, "tipPosition": [-102.793, 139.442, -15.4938], "tipVelocity": [-54.3017, -44.3239, -13.8331], "tool": false, "touchDistance": -0.293429, "touchZone": "touching", "type": 1, "width": 17.6278}, {"bases": [[[-0.109607, -0.977028, -0.182762], [0.993572, -0.102457, -0.0481456], [0.0283144, -0.186865, 0.981978]], [[-0.105287, -0.992602, -0.0604634], [0.968525, -0.116143, 0.220159], [-0.225553, -0.0353805, 0.973588]], [[-0.105287, -0.992602, -0.0604634], [0.993483, -0.10232, -0.0502267], [0.0436685, -0.0653575, 0.996906]], [[-0.105287, -0.992602, -0.0604634], [0.935214, -0.0781629, -0.345348], [0.338067, -0.0929067, 0.936525]]], "btipPosition": [-103.696, 109.713, -32.7926], "carpPosition": [-102.638, 93.6849, 106.928], "dipPosition": [-109.122, 108.222, -17.7609], "direction": [0.0436685, 0.0653575, -0.996906], "extended": true, "handId": 77, "id": 772, "length": 57.2312, "mcpPosition": [-100.897, 105.178, 46.5332], "pipPosition": [-110.182, 106.634, 6.45189], "stabilizedTipPosition": [-104.863, 109.447, -29.3257], "timeVisible": 5.61082, "tipPosition": [-105.441, 111.79, -29.184], "tipVelocity": [-44.4531, -50.6423, -5.04761], "tool": false, "touchDistance": 0.333333, "touchZone": "hovering", "type": 2, "width": 17.3129}, {"bases": [[[-0.178831, -0.983356, -0.0321114], [0.983598, -0.177904, -0.0297523], [0.0235444, -0.0369054, 0.999041]], [[-0.175302, -0.981685, 0.0745885], [0.96991, -0.159204, 0.184196], [-0.168948, 0.104634, 0.980055]], [[-0.175302, -0.981685, 0.0745885], [0.968653, -0.185526, -0.165203], [0.176015, 0.0432901, 0.983435]], [[-0.175302, -0.981685, 0.0745885], [0.845508, -0.18893, -0.499421], [0.504366, -0.0244841, 0.863143]]], "btipPosition": [-95.1588, 80.621, -25.4], "carpPosition": [-102.225, 83.2096, 104.21], "dipPosition": [-103.208, 80.2303, -11.6257], "direction": [0.176015, -0.0432901, -0.983435], "extended": true, "handId": 77, "id": 773, "length": 55.0293, "mcpPosition": [-100.925, 85.2475, 49.0434], "pipPosition": [-107.372, 81.2545, 11.643], "stabilizedTipPosition": [-96.9073, 80.6119, -22.235], "timeVisible": 5.61082, "tipPosition": [-101.114, 82.2087, -22.6959], "tipVelocity": [-39.8847, -42.1177, 4.19568], "tool": false, "touchDistance": 0.333333, "touchZone": "hovering", "type": 3, "width": 16.4743}, {"bases": [[[-0.334948, -0.938015, 0.0890929], [0.941999, -0.331243, 0.053996], [-0.0211377, 0.102011, 0.994559]], [[-0.333085, -0.903006, 0.271358], [0.941717, -0.304203, 0.143631], [-0.0471523, 0.303384, 0.951701]], [[-0.333085, -0.903006, 0.271358], [0.907116, -0.385417, -0.169099], [0.257283, 0.189828, 0.947508]], [[-0.333085, -0.903006, 0.271358], [0.770269, -0.426576, -0.474045], [0.54382, 0.0511209, 0.837643]]], "btipPosition": [-86.0301, 54.1253, -4.00271], "carpPosition": [-95.8298, 72.426, 103.738], "dipPosition": [-94.0363, 54.878, 8.32924], "direction": [0.257283, -0.189828, -0.947508], "extended": true, "handId": 77, "id": 774, "length": 43.1419, "mcpPosition": [-96.9103, 67.2116, 52.8999], "pipPosition": [-98.3344, 58.0491, 24.1578], "stabilizedTipPosition": [-87.6135, 54.4216, -1.19614], "timeVisible": 5.61082, "tipPosition": [-93.1034, 54.1701, -1.80718], "tipVelocity": [-31.4401, -26.7978, 12.8863], "tool": false, "touchDistance": 0.280549, "touchZone": "hovering", "type": 4, "width": 14.6338}], "r": [[0.978296, -0.202462, 0.0441229], [0.198192, 0.852095, -0.484411], [0.0604778, 0.482642, 0.873727]], "s": 1.12665, "t": [16.2984, -50.3296, -64.8979], "timestamp": 17533365398}, {"currentFrameRate": 110.849, "devices": [], "gestures": [{"center": [-116.159, 139.033, -10.8041], "duration": 26076, "handIds": [77], "id": 2, "normal": [-0.281589, 0.489338, -0.825382], "pointableIds": [771], "progress": 0.797098, "radius": 10.1954, "state": "update", "type": "circle"}], "hands": [{"armBasis": [[-0.519375, -0.650181, -0.55454], [0.630192, 0.146864, -0.762423], [0.577155, -0.74545, 0.333461]], "armWidth": 57.4912, "confidence": 1, "direction": [-0.121872, 0.161002, -0.979401], "elbow": [-235.763, -103.134, 207.796], "grabAngle": 0.40576, "grabStrength": 0, "id": 77, "palmNormal": [0.991752, -0.019702, -0.126648], "palmPosition": [-94.9244, 98.9179, 67.3113], "palmVelocity": [-45.6088, 1.78558, -0.0242918], "palmWidth": 80.2111, "pinchDistance": 69.8531, "pinchStrength": 0, "r": [[0.979497, -0.196033, 0.0464449], [0.193767, 0.853617, -0.48352], [0.0551397, 0.482606, 0.8741]], "s": 1.1271, "sphereCenter": [-122.122, 97.4688, 29.0479], "sphereRadius": 56.8961, "stabilizedPalmPosition": [-94.4437, 98.9165, 67.3537], "t": [-16.6697, -50.3269, -64.9252], "timeVisible": 5.61942, "type": "left", "wrist": [-98.3918, 74.2947, 128.427]}], "id": 53039, "interactionBox": {"center": [0, 200, 0], "size": [235.247, 235.247, 147.751]}, "pointables": [{"bases": [[[0.926801, -0.34803, -0.141122], [0.364023, 0.740114, 0.565437], [-0.0923423, -0.575419, 0.812629]], [[0.925769, -0.220926, -0.306827], [0.377197, 0.595381, 0.709397], [0.0259549, -0.772472, 0.634519]], [[0.925769, -0.220926, -0.306827], [0.372153, 0.675693, 0.63635], [0.0667347, -0.703299, 0.707754]], [[0.925769, -0.220926, -0.306827], [0.376168, 0.456511, 0.806285], [-0.0380594, -0.861852, 0.505729]]], "btipPosition": [-80.0346, 180.524, 60.4187], "carpPosition": [-82.3594, 108.823, 119.06], "dipPosition": [-79.2739, 163.296, 70.5279], "direction": [0.0667347, 0.703299, -0.707754], "extended": true, "handId": 77, "id": 770, "length": 44.5133, "mcpPosition": [-82.3594, 108.823, 119.06], "pipPosition": [-81.2173, 142.815, 91.1388], "stabilizedTipPosition": [-79.69, 176.647, 62.9041], "timeVisible": 5.61942, "tipPosition": [-75.8013, 171.859, 59.369], "tipVelocity": [-34.4694, -9.55731, -23.6971], "tool": false, "touchDistance": 0.333333, "touchZone": "hovering", "type": 0, "width": 18.4546}, {"bases": [[[0.0595859, -0.945716, -0.319484], [0.997613, 0.067605, -0.0140585], [0.0348941, -0.317884, 0.947487]], [[0.0631248, -0.975412, -0.211155], [0.964034, 0.00486291, 0.265734], [-0.258174, -0.220335, 0.940637]], [[0.0631248, -0.975412, -0.211155], [0.997993, 0.0627398, 0.00852938], [0.00492817, -0.21127, 0.977415]], [[0.0631248, -0.975412, -0.211155], [0.962614, 0.115352, -0.245087], [0.263418, -0.18779, 0.946227]]], "btipPosition": [-104.151, 139.469, -19.065], "carpPosition": [-100.886, 103.665, 110.887], "dipPosition": [-107.995, 136.728, -5.25666], "direction": [0.00492817, 0.21127, -0.977415], "extended": true, "handId": 77, "id": 771, "length": 50.2283, "mcpPosition": [-98.623, 124.282, 49.4379], "pipPosition": [-108.097, 132.367, 14.9214], "stabilizedTipPosition": [-104.904, 138.934, -15.8613], "timeVisible": 5.61942, "tipPosition": [-103.214, 139.343, -15.554], "tipVelocity": [-63.6959, -46.8758, -13.0434], "tool": false, "touchDistance": -0.294101, "touchZone": "touching", "type": 1, "width": 17.6278}, {"bases": [[[-0.107195, -0.977544, -0.181428], [0.993849, -0.100248, -0.0470634], [0.0278186, -0.185357, 0.982277]], [[-0.102757, -0.993223, -0.0543092], [0.968791, -0.112312, 0.220974], [-0.225576, -0.0299077, 0.973767]], [[-0.102757, -0.993223, -0.0543092], [0.993748, -0.100108, -0.0494371], [0.0436653, -0.0590497, 0.9973]], [[-0.102757, -0.993223, -0.0543092], [0.934971, -0.0778064, -0.346087], [0.339516, -0.0863404, 0.936629]]], "btipPosition": [-104.071, 109.228, -32.8146], "carpPosition": [-103.005, 93.777, 106.943], "dipPosition": [-109.52, 107.843, -17.7812], "direction": [0.0436653, 0.0590497, -0.9973], "extended": true, "handId": 77, "id": 772, "length": 57.2312, "mcpPosition": [-101.294, 105.177, 46.5298], "pipPosition": [-110.58, 106.408, 6.44112], "stabilizedTipPosition": [-105.258, 108.987, -29.3524], "timeVisible": 5.61942, "tipPosition": [-105.88, 111.623, -29.1967], "tipVelocity": [-44.2434, -53.5551, -2.5156], "tool": false, "touchDistance": 0.333333, "touchZone": "hovering", "type": 2, "width": 17.3129}, {"bases": [[[-0.176547, -0.983809, -0.0308333], [0.984031, -0.175691, -0.0285685], [0.0226889, -0.0353846, 0.999116]], [[-0.172948, -0.981676, 0.0800017], [0.970625, -0.156079, 0.183103], [-0.167261, 0.109319, 0.979833]], [[-0.172948, -0.981676, 0.0800017], [0.968729, -0.184213, -0.166223], [0.177914, 0.0487521, 0.982838]], [[-0.172948, -0.981676, 0.0800017], [0.843731, -0.18957, -0.502177], [0.508141, -0.0193507, 0.861056]]], "btipPosition": [-95.4297, 80.2343, -25.3182], "carpPosition": [-102.618, 83.2969, 104.24], "dipPosition": [-103.539, 79.9255, -11.5772], "direction": [0.177914, -0.0487521, -0.982838], "extended": true, "handId": 77, "id": 773, "length": 55.0293, "mcpPosition": [-101.365, 85.2508, 49.0693], "pipPosition": [-107.748, 81.079, 11.6774], "stabilizedTipPosition": [-97.2248, 80.2443, -22.1717], "timeVisible": 5.61942, "tipPosition": [-101.53, 82.0628, -22.6537], "tipVelocity": [-33.134, -42.8045, 8.62721], "tool": false, "touchDistance": 0.333333, "touchZone": "hovering", "type": 3, "width": 16.4743}, {"bases": [[[-0.332881, -0.938649, 0.0901578], [0.942705, -0.329002, 0.0553661], [-0.0223073, 0.103423, 0.994387]], [[-0.331095, -0.902164, 0.276542], [0.94265, -0.303112, 0.139763], [-0.0422659, 0.306957, 0.950784]], [[-0.331095, -0.902164, 0.276542], [0.906621, -0.38539, -0.171791], [0.26156, 0.19384, 0.945522]], [[-0.331095, -0.902164, 0.276542], [0.767223, -0.427998, -0.477689], [0.549313, 0.054009, 0.833869]]], "btipPosition": [-86.2084, 53.9076, -3.83766], "carpPosition": [-96.2482, 72.4979, 103.778], "dipPosition": [-94.2954, 54.7028, 8.43873], "direction": [0.26156, -0.19384, -0.945522], "extended": true, "handId": 77, "id": 774, "length": 43.1419, "mcpPosition": [-97.3885, 67.2113, 52.9486], "pipPosition": [-98.6649, 57.941, 24.2341], "stabilizedTipPosition": [-87.8676, 54.2367, -1.09443], "timeVisible": 5.61942, "tipPosition": [-93.5219, 54.0811, -1.72448], "tipVelocity": [-22.9066, -24.1933, 17.7183], "tool": false, "touchDistance": 0.283087, "touchZone": "hovering", "type": 4, "width": 14.6338}], "r": [[0.979497, -0.196033, 0.0464449], [0.193767, 0.853617, -0.48352], [0.0551397, 0.482606, 0.8741]], "s": 1.1271, "t": [16.6697, -50.3269, -64.9252], "timestamp": 17533373992}, {"currentFrameRate": 111.014, "devices": [], "gestures": [{"center": [-116.159, 139.033, -10.8041], "duration": 26076, "handIds": [77], "id": 2, "normal": [-0.281589, 0.489338, -0.825382], "pointableIds": [771], "progress": 0.797098, "radius": 10.1954, "state": "update", "type": "circle"}], "hands": [{"armBasis": [[-0.532946, -0.641091, -0.552241], [0.620324, 0.147848, -0.770285], [0.575471, -0.753089, 0.318889]], "armWidth": 57.4912, "confidence": 1, "direction": [-0.122303, 0.160701, -0.979396], "elbow": [-235.692, -105.024, 204.267], "grabAngle": 0.408298, "grabStrength": 0, "id": 77, "palmNormal": [0.99167, -0.0203817, -0.12718], "palmPosition": [-95.2683, 98.9641, 67.3409], "palmVelocity": [-39.4528, 5.29871, 3.3955], "palmWidth": 80.2111, "pinchDistance": 69.8917, "pinchStrength": 0, "r": [[0.980442, -0.190757, 0.048429], [0.190163, 0.8548, -0.482861], [0.0507118, 0.482626, 0.874357]], "s": 1.12733, "sphereCenter": [-121.325, 96.8793, 28.989], "sphereRadius": 56.4928, "stabilizedPalmPosition": [-94.7877, 98.9364, 67.3483], "t": [-17.0273, -50.3024, -64.9241], "timeVisible": 5.62813, "type": "left", "wrist": [-98.7207, 74.2222, 128.366]}], "id": 53040, "interactionBox": {"center": [0, 200, 0], "size": [235.247, 235.247, 147.751]}, "pointables": [{"bases": [[[0.927099, -0.347495, -0.140483], [0.363245, 0.740564, 0.565348], [-0.092419, -0.575163, 0.812801]], [[0.926155, -0.220944, -0.305649], [0.376292, 0.595787, 0.709537], [0.0253337, -0.772154, 0.63493]], [[0.926155, -0.220944, -0.305649], [0.371134, 0.678025, 0.634462], [0.0670571, -0.701046, 0.709956]], [[0.926155, -0.220944, -0.305649], [0.375266, 0.459097, 0.805236], [-0.0375895, -0.860473, 0.508108]]], "btipPosition": [-80.3526, 180.475, 60.3079], "carpPosition": [-82.6688, 108.881, 119.079], "dipPosition": [-79.6012, 163.275, 70.4646], "direction": [0.0670571, 0.701046, -0.709956], "extended": true, "handId": 77, "id": 770, "length": 44.5133, "mcpPosition": [-82.6688, 108.881, 119.079], "pipPosition": [-81.554, 142.859, 91.1396], "stabilizedTipPosition": [-79.9353, 176.583, 62.7738], "timeVisible": 5.62813, "tipPosition": [-76.136, 171.927, 59.3864], "tipVelocity": [-36.7271, -4.8912, -11.4644], "tool": false, "touchDistance": 0.333333, "touchZone": "hovering", "type": 0, "width": 18.4546}, {"bases": [[[0.0603611, -0.945802, -0.319085], [0.997577, 0.0682339, -0.0135417], [0.0345802, -0.317495, 0.947629]], [[0.0639974, -0.97649, -0.205842], [0.963305, 0.00656967, 0.26833], [-0.26067, -0.215461, 0.941078]], [[0.0639974, -0.97649, -0.205842], [0.997949, 0.062856, 0.0120862], [0.00113638, -0.206194, 0.978511]], [[0.0639974, -0.97649, -0.205842], [0.963348, 0.114294, -0.242686], [0.260508, -0.182767, 0.948015]]], "btipPosition": [-104.701, 139.153, -19.1081], "carpPosition": [-101.203, 103.732, 110.918], "dipPosition": [-108.502, 136.486, -5.27364], "direction": [0.00113638, 0.206194, -0.97851], "extended": true, "handId": 77, "id": 771, "length": 50.2283, "mcpPosition": [-98.9605, 124.323, 49.4597], "pipPosition": [-108.526, 132.23, 14.927], "stabilizedTipPosition": [-105.46, 138.608, -15.915], "timeVisible": 5.62813, "tipPosition": [-103.625, 139.342, -15.5448], "tipVelocity": [-61.9605, -34.2428, -4.25234], "tool": false, "touchDistance": -0.29358, "touchZone": "touching", "type": 1, "width": 17.6278}, {"bases": [[[-0.106475, -0.977682, -0.181109], [0.993938, -0.0996345, -0.0464836], [0.0274015, -0.18496, 0.982364]], [[-0.101911, -0.993562, -0.0494805], [0.968913, -0.110409, 0.221399], [-0.225437, -0.0253793, 0.973927]], [[-0.101911, -0.993562, -0.0494805], [0.993801, -0.0994614, -0.0496766], [0.0444354, -0.0542364, 0.997539]], [[-0.101911, -0.993562, -0.0494805], [0.934253, -0.0785037, -0.347861], [0.341738, -0.0816782, 0.936239]]], "btipPosition": [-104.362, 108.892, -32.7901], "carpPosition": [-103.33, 93.8436, 106.979], "dipPosition": [-109.847, 107.581, -17.763], "direction": [0.0444354, 0.0542364, -0.997539], "extended": true, "handId": 77, "id": 772, "length": 57.2312, "mcpPosition": [-101.645, 105.219, 46.5604], "pipPosition": [-110.926, 106.264, 6.46515], "stabilizedTipPosition": [-105.577, 108.641, -29.3362], "timeVisible": 5.62813, "tipPosition": [-106.254, 111.57, -29.1698], "tipVelocity": [-34.3446, -36.5713, 2.64337], "tool": false, "touchDistance": 0.333333, "touchZone": "hovering", "type": 2, "width": 17.3129}, {"bases": [[[-0.175904, -0.983933, -0.0305487], [0.984158, -0.175076, -0.0279649], [0.0221673, -0.0349839, 0.999142]], [[-0.172209, -0.981467, 0.0840587], [0.971082, -0.154821, 0.181745], [-0.165362, 0.112926, 0.979746]], [[-0.172209, -0.981467, 0.0840587], [0.968436, -0.184297, -0.16783], [0.180212, 0.0525035, 0.982226]], [[-0.172209, -0.981467, 0.0840587], [0.841561, -0.190937, -0.50529], [0.511976, -0.016275, 0.858846]]], "btipPosition": [-95.6042, 80.002, -25.2268], "carpPosition": [-102.952, 83.3622, 104.28], "dipPosition": [-103.774, 79.7423, -11.5211], "direction": [0.180212, -0.0525035, -0.982226], "extended": true, "handId": 77, "id": 773, "length": 55.0293, "mcpPosition": [-101.728, 85.294, 49.1076], "pipPosition": [-108.038, 80.9846, 11.7191], "stabilizedTipPosition": [-97.4316, 80.0027, -22.0939], "timeVisible": 5.62813, "tipPosition": [-101.84, 82.0336, -22.6027], "tipVelocity": [-21.6316, -25.3521, 9.56236], "tool": false, "touchDistance": 0.333333, "touchZone": "hovering", "type": 3, "width": 16.4743}, {"bases": [[[-0.332334, -0.938825, 0.0903398], [0.942884, -0.328381, 0.0560066], [-0.0229145, 0.103793, 0.994335]], [[-0.33052, -0.901224, 0.280272], [0.943056, -0.303582, 0.135952], [-0.0374374, 0.309247, 0.950244]], [[-0.33052, -0.901224, 0.280272], [0.905764, -0.386345, -0.174152], [0.265232, 0.1963, 0.943991]], [[-0.33052, -0.901224, 0.280272], [0.763975, -0.429841, -0.481227], [0.554165, 0.0550661, 0.830583]]], "btipPosition": [-86.3016, 53.824, -3.70418], "carpPosition": [-96.589, 72.559, 103.818], "dipPosition": [-94.4601, 54.6347, 8.52383], "direction": [0.265232, -0.1963, -0.943991], "extended": true, "handId": 77, "id": 774, "length": 43.1419, "mcpPosition": [-97.7603, 67.2535, 52.9918], "pipPosition": [-98.891, 57.914, 24.2936], "stabilizedTipPosition": [-88.0157, 54.1288, -0.997774], "timeVisible": 5.62813, "tipPosition": [-93.8102, 54.0978, -1.66165], "tipVelocity": [-12.5836, -9.18323, 14.0379], "tool": false, "touchDistance": 0.285126, "touchZone": "hovering", "type": 4, "width": 14.6338}], "r": [[0.980442, -0.190757, 0.048429], [0.190163, 0.8548, -0.482861], [0.0507118, 0.482626, 0.874357]], "s": 1.12733, "t": [17.0273, -50.3024, -64.9241], "timestamp": 17533382708}, {"currentFrameRate": 111.225, "devices": [], "gestures": [{"center": [-116.159, 139.033, -10.8041], "duration": 26076, "handIds": [77], "id": 2, "normal": [-0.281589, 0.489338, -0.825382], "pointableIds": [771], "progress": 0.797098, "radius": 10.1954, "state": "update", "type": "circle"}], "hands": [{"armBasis": [[-0.544257, -0.63343, -0.550047], [0.612127, 0.148497, -0.776691], [0.573659, -0.759418, 0.306919]], "armWidth": 57.4912, "confidence": 1, "direction": [-0.123423, 0.160931, -0.979218], "elbow": [-235.505, -106.6, 201.337], "grabAngle": 0.411408, "grabStrength": 0, "id": 77, "palmNormal": [0.991547, -0.0197844, -0.128229], "palmPosition": [-95.5824, 99.0266, 67.3462], "palmVelocity": [-36.4347, 7.2453, 0.609964], "palmWidth": 80.2111, "pinchDistance": 69.927, "pinchStrength": 0, "r": [[0.981143, -0.186646, 0.0502136], [0.187471, 0.855741, -0.482247], [0.0470397, 0.482567, 0.874595]], "s": 1.12735, "sphereCenter": [-120.415, 96.3589, 28.9257], "sphereRadius": 56.0683, "stabilizedPalmPosition": [-95.1097, 98.9729, 67.3475], "t": [-17.3631, -50.2589, -64.9209], "timeVisible": 5.63675, "type": "left", "wrist": [-98.9656, 74.1528, 128.286]}], "id": 53041, "interactionBox": {"center": [0, 200, 0], "size": [235.247, 235.247, 147.751]}, "pointables": [{"bases": [[[0.92705, -0.347974, -0.139615], [0.363067, 0.740186, 0.565956], [-0.0935972, -0.575359, 0.812528]], [[0.926377, -0.221537, -0.304543], [0.375826, 0.595541, 0.70999], [0.0240789, -0.772174, 0.634955]], [[0.926377, -0.221537, -0.304543], [0.370617, 0.679833, 0.632827], [0.0668441, -0.699105, 0.711888]], [[0.926377, -0.221537, -0.304543], [0.374676, 0.460594, 0.804656], [-0.0379904, -0.85952, 0.509688]]], "btipPosition": [-80.6873, 180.454, 60.2139], "carpPosition": [-82.9341, 108.935, 119.074], "dipPosition": [-79.9279, 163.273, 70.4023], "direction": [0.0668441, 0.699105, -0.711888], "extended": true, "handId": 77, "id": 770, "length": 44.5133, "mcpPosition": [-82.9341, 108.935, 119.074], "pipPosition": [-81.8745, 142.914, 91.1335], "stabilizedTipPosition": [-80.2193, 176.543, 62.6673], "timeVisible": 5.63675, "tipPosition": [-76.5358, 172.044, 59.4225], "tipVelocity": [-38.6132, -1.92477, -10.0535], "tool": false, "touchDistance": 0.333333, "touchZone": "hovering", "type": 0, "width": 18.4546}, {"bases": [[[0.0601643, -0.945738, -0.319311], [0.997629, 0.0676764, -0.0124721], [0.0334052, -0.317804, 0.947568]], [[0.0637871, -0.977421, -0.201443], [0.962479, 0.00690467, 0.271268], [-0.263752, -0.211188, 0.941188]], [[0.0637871, -0.977421, -0.201443], [0.99796, 0.0619269, 0.0155296], [-0.00270425, -0.202023, 0.979377]], [[0.0637871, -0.977421, -0.201443], [0.963966, 0.112584, -0.24103], [0.258267, -0.178809, 0.949382]]], "btipPosition": [-105.273, 138.919, -19.133], "carpPosition": [-101.474, 103.778, 110.931], "dipPosition": [-109.042, 136.309, -5.27865], "direction": [-0.00270425, 0.202023, -0.979377], "extended": true, "handId": 77, "id": 771, "length": 50.2283, "mcpPosition": [-99.3076, 124.389, 49.4766], "pipPosition": [-108.986, 132.139, 14.9399], "stabilizedTipPosition": [-106.032, 138.364, -15.9415], "timeVisible": 5.63675, "tipPosition": [-104.095, 139.401, -15.5278], "tipVelocity": [-65.5118, -25.7027, -2.36293], "tool": false, "touchDistance": -0.292861, "touchZone": "touching", "type": 1, "width": 17.6278}, {"bases": [[[-0.106835, -0.977567, -0.18152], [0.99393, -0.10018, -0.0454692], [0.0262646, -0.185275, 0.982336]], [[-0.102255, -0.9937, -0.0458627], [0.968798, -0.109944, 0.22213], [-0.225774, -0.0217177, 0.973938]], [[-0.102255, -0.9937, -0.0458627], [0.993722, -0.0999361, -0.05029], [0.0453898, -0.0507171, 0.997681]], [[-0.102255, -0.9937, -0.0458627], [0.933207, -0.0798599, -0.350353], [0.344483, -0.0786247, 0.935494]]], "btipPosition": [-104.648, 108.672, -32.7682], "carpPosition": [-103.6, 93.8895, 106.991], "dipPosition": [-110.177, 107.41, -17.753], "direction": [0.0453898, 0.0507171, -0.997681], "extended": true, "handId": 77, "id": 772, "length": 57.2312, "mcpPosition": [-101.984, 105.284, 46.5743], "pipPosition": [-111.279, 106.179, 6.4786], "stabilizedTipPosition": [-105.88, 108.412, -29.3172], "timeVisible": 5.63675, "tipPosition": [-106.661, 111.587, -29.1525], "tipVelocity": [-34.3574, -24.2163, 2.2283], "tool": false, "touchDistance": 0.333333, "touchZone": "hovering", "type": 2, "width": 17.3129}, {"bases": [[[-0.176426, -0.983825, -0.0310347], [0.984088, -0.175622, -0.0269839], [0.0210971, -0.0353015, 0.999154]], [[-0.172713, -0.981135, 0.0868545], [0.971233, -0.154964, 0.180813], [-0.163942, 0.115585, 0.979675]], [[-0.172713, -0.981135, 0.0868545], [0.96795, -0.18539, -0.169423], [0.182329, 0.0548092, 0.981709]], [[-0.172713, -0.981135, 0.0868545], [0.839241, -0.192746, -0.508453], [0.515602, -0.0149248, 0.856698]]], "btipPosition": [-95.7676, 79.8889, -25.1697], "carpPosition": [-103.218, 83.4091, 104.288], "dipPosition": [-103.996, 79.6507, -11.4982], "direction": [0.182329, -0.0548092, -0.981709], "extended": true, "handId": 77, "id": 773, "length": 55.0293, "mcpPosition": [-102.053, 85.3584, 49.1155], "pipPosition": [-108.31, 80.9475, 11.7297], "stabilizedTipPosition": [-97.6054, 79.8744, -22.0417], "timeVisible": 5.63675, "tipPosition": [-102.15, 82.0751, -22.5845], "tipVelocity": [-20.4985, -12.5542, 5.70965], "tool": false, "touchDistance": 0.333333, "touchZone": "hovering", "type": 3, "width": 16.4743}, {"bases": [[[-0.332957, -0.938666, 0.0897031], [0.942639, -0.328929, 0.0568972], [-0.0239015, 0.103502, 0.994342]], [[-0.331189, -0.900213, 0.282719], [0.942973, -0.30517, 0.132939], [-0.0333966, 0.310624, 0.949946]], [[-0.331189, -0.900213, 0.282719], [0.904733, -0.388042, -0.175733], [0.267904, 0.197584, 0.942968]], [[-0.331189, -0.900213, 0.282719], [0.760934, -0.431988, -0.484114], [0.557937, 0.0547968, 0.828072]]], "btipPosition": [-86.3907, 53.8304, -3.64293], "carpPosition": [-96.8499, 72.6096, 103.817], "dipPosition": [-94.6048, 54.6371, 8.54812], "direction": [0.267904, -0.197584, -0.942968], "extended": true, "handId": 77, "id": 774, "length": 43.1419, "mcpPosition": [-98.0716, 67.319, 52.99], "pipPosition": [-99.0802, 57.9379, 24.3008], "stabilizedTipPosition": [-88.1322, 54.079, -0.927757], "timeVisible": 5.63675, "tipPosition": [-94.0638, 54.1791, -1.65639], "tipVelocity": [-11.8193, 0.634319, 6.11907], "tool": false, "touchDistance": 0.286005, "touchZone": "hovering", "type": 4, "width": 14.6338}], "r": [[0.981143, -0.186646, 0.0502136], [0.187471, 0.855741, -0.482247], [0.0470397, 0.482567, 0.874595]], "s": 1.12735, "t": [17.3631, -50.2589, -64.9209], "timestamp": 17533391328}, {"currentFrameRate": 111.358, "devices": [], "gestures": [{"center": [-116.159, 139.033, -10.8041], "duration": 26076, "handIds": [77], "id": 2, "normal": [-0.281589, 0.489338, -0.825382], "pointableIds": [771], "progress": 0.797098, "radius": 10.1954, "state": "update", "type": "circle"}], "hands": [{"armBasis": [[-0.55214, -0.62683, -0.54975], [0.606764, 0.150126, -0.780577], [0.57182, -0.764556, 0.297447]], "armWidth": 57.4912, "confidence": 1, "direction": [-0.125931, 0.162355, -0.978663], "elbow": [-235.193, -107.894, 198.985], "grabAngle": 0.414502, "grabStrength": 0, "id": 77, "palmNormal": [0.991224, -0.0193848, -0.130763], "palmPosition": [-95.8604, 99.1342, 67.3427], "palmVelocity": [-31.7913, 12.302, -0.389982], "palmWidth": 80.2111, "pinchDistance": 69.9596, "pinchStrength": 0, "r": [[0.981655, -0.183412, 0.0520839], [0.185593, 0.85662, -0.481411], [0.0436805, 0.482246, 0.874946]], "s": 1.12722, "sphereCenter": [-119.594, 95.9865, 28.8913], "sphereRadius": 55.6901, "stabilizedPalmPosition": [-95.4098, 99.0374, 67.3456], "t": [-17.67, -50.1834, -64.921], "timeVisible": 5.6455, "type": "left", "wrist": [-99.0907, 74.0818, 128.188]}], "id": 53042, "interactionBox": {"center": [0, 200, 0], "size": [235.247, 235.247, 147.751]}, "pointables": [{"bases": [[[0.927328, -0.347963, -0.137786], [0.361789, 0.739271, 0.567968], [-0.0957703, -0.576542, 0.811435]], [[0.927107, -0.221338, -0.302461], [0.374133, 0.594561, 0.711703], [0.0223046, -0.772986, 0.634031]], [[0.927107, -0.221338, -0.302461], [0.368935, 0.681122, 0.632424], [0.0660334, -0.697913, 0.713132]], [[0.927107, -0.221338, -0.302461], [0.372801, 0.461403, 0.805063], [-0.0386348, -0.859137, 0.510284]]], "btipPosition": [-80.9512, 180.481, 60.1855], "carpPosition": [-83.0835, 108.968, 119.053], "dipPosition": [-80.179, 163.307, 70.3858], "direction": [0.0660334, 0.697913, -0.713132], "extended": true, "handId": 77, "id": 770, "length": 44.5133, "mcpPosition": [-83.0835, 108.968, 119.053], "pipPosition": [-82.102, 142.983, 91.1533], "stabilizedTipPosition": [-80.4958, 176.537, 62.5996], "timeVisible": 5.6455, "tipPosition": [-76.8855, 172.207, 59.5075], "tipVelocity": [-29.8418, 3.29219, -2.9368], "tool": false, "touchDistance": 0.333333, "touchZone": "hovering", "type": 0, "width": 18.4546}, {"bases": [[[0.0607746, -0.945277, -0.320559], [0.997672, 0.0674837, -0.00985037], [0.0309438, -0.319214, 0.947177]], [[0.0641935, -0.978001, -0.198477], [0.961286, 0.00719423, 0.27546], [-0.267972, -0.208476, 0.9406]], [[0.0641935, -0.978001, -0.198477], [0.997909, 0.0614016, 0.0201958], [-0.00756474, -0.199358, 0.979897]], [[0.0641935, -0.978001, -0.198477], [0.964719, 0.111705, -0.238411], [0.255337, -0.17617, 0.950667]]], "btipPosition": [-105.899, 138.859, -19.0973], "carpPosition": [-101.643, 103.82, 110.949], "dipPosition": [-109.625, 136.288, -5.22418], "direction": [-0.00756474, 0.199358, -0.979897], "extended": true, "handId": 77, "id": 771, "length": 50.2283, "mcpPosition": [-99.6361, 124.522, 49.5202], "pipPosition": [-109.469, 132.172, 15.0051], "stabilizedTipPosition": [-106.656, 138.281, -15.9114], "timeVisible": 5.6455, "tipPosition": [-104.634, 139.602, -15.4587], "tipVelocity": [-70.4987, -5.82671, 4.57631], "tool": false, "touchDistance": -0.291308, "touchZone": "touching", "type": 1, "width": 17.6278}, {"bases": [[[-0.106579, -0.977274, -0.183237], [0.994021, -0.100323, -0.0431053], [0.0237429, -0.186735, 0.982123]], [[-0.102207, -0.993791, -0.0439744], [0.968383, -0.109512, 0.224148], [-0.227572, -0.0196747, 0.973563]], [[-0.102207, -0.993791, -0.0439744], [0.993743, -0.1, -0.0497451], [0.0450388, -0.0487835, 0.997793]], [[-0.102207, -0.993791, -0.0439744], [0.932626, -0.0803498, -0.351785], [0.346068, -0.0769664, 0.935047]]], "btipPosition": [-105.037, 108.652, -32.7262], "carpPosition": [-103.777, 93.9367, 107], "dipPosition": [-110.591, 107.416, -17.7182], "direction": [0.0450388, 0.0487835, -0.997793], "extended": true, "handId": 77, "id": 772, "length": 57.2312, "mcpPosition": [-102.316, 105.421, 46.5964], "pipPosition": [-111.685, 106.231, 6.51618], "stabilizedTipPosition": [-106.269, 108.372, -29.2788], "timeVisible": 5.6455, "tipPosition": [-107.169, 111.769, -29.1121], "tipVelocity": [-45.1413, -1.66709, 4.61544], "tool": false, "touchDistance": 0.333333, "touchZone": "hovering", "type": 2, "width": 17.3129}, {"bases": [[[-0.176551, -0.98374, -0.0329377], [0.984116, -0.17579, -0.0247567], [0.018564, -0.0367853, 0.999151]], [[-0.173018, -0.980984, 0.0879444], [0.971124, -0.155021, 0.181347], [-0.164265, 0.116781, 0.979479]], [[-0.173018, -0.980984, 0.0879444], [0.967822, -0.185901, -0.169595], [0.182719, 0.0557715, 0.981582]], [[-0.173018, -0.980984, 0.0879444], [0.837928, -0.193536, -0.510314], [0.517631, -0.0146025, 0.85548]]], "btipPosition": [-96.0595, 79.9485, -25.147], "carpPosition": [-103.4, 83.4604, 104.281], "dipPosition": [-104.32, 79.7155, -11.495], "direction": [0.182719, -0.0557715, -0.981582], "extended": true, "handId": 77, "id": 773, "length": 55.0293, "mcpPosition": [-102.375, 85.4916, 49.1083], "pipPosition": [-108.643, 81.0351, 11.7299], "stabilizedTipPosition": [-97.8685, 79.8897, -22.0159], "timeVisible": 5.6455, "tipPosition": [-102.568, 82.2715, -22.5856], "tipVelocity": [-34.2362, 6.95655, 2.08429], "tool": false, "touchDistance": 0.333333, "touchZone": "hovering", "type": 3, "width": 16.4743}, {"bases": [[[-0.333377, -0.938727, 0.0874709], [0.942424, -0.329212, 0.0587922], [-0.0263934, 0.102035, 0.994431]], [[-0.331966, -0.899677, 0.283512], [0.942765, -0.306403, 0.131572], [-0.0315036, 0.310962, 0.9499]], [[-0.331966, -0.899677, 0.283512], [0.904273, -0.389069, -0.175826], [0.268492, 0.198004, 0.942712]], [[-0.331966, -0.899677, 0.283512], [0.759114, -0.433212, -0.485874], [0.559951, 0.0539239, 0.826769]]], "btipPosition": [-86.6018, 53.9544, -3.66211], "carpPosition": [-97.0302, 72.6629, 103.777], "dipPosition": [-94.8455, 54.7483, 8.50975], "direction": [0.268492, -0.198004, -0.942712], "extended": true, "handId": 77, "id": 774, "length": 43.1419, "mcpPosition": [-98.3794, 67.4473, 52.9459], "pipPosition": [-99.3308, 58.056, 24.2582], "stabilizedTipPosition": [-88.2961, 54.105, -0.898537], "timeVisible": 5.6455, "tipPosition": [-94.409, 54.3851, -1.71563], "tipVelocity": [-24.9154, 13.8366, -2.69741], "tool": false, "touchDistance": 0.285612, "touchZone": "hovering", "type": 4, "width": 14.6338}], "r": [[0.981655, -0.183412, 0.0520839], [0.185593, 0.85662, -0.481411], [0.0436805, 0.482246, 0.874946]], "s": 1.12722, "t": [17.67, -50.1834, -64.921], "timestamp": 17533400074}, {"currentFrameRate": 111.514, "devices": [], "gestures": [{"center": [-116.159, 139.033, -10.8041], "duration": 26076, "handIds": [77], "id": 2, "normal": [-0.281589, 0.489338, -0.825382], "pointableIds": [771], "progress": 0.797098, "radius": 10.1954, "state": "update", "type": "circle"}], "hands": [{"armBasis": [[-0.559228, -0.621