{"frames": 74, "data": [{"currentFrameRate": 115.2, "devices": [], "gestures": [], "hands": [{"armBasis": [[-0.620066, -0.781343, 0.0708548], [-0.409254, 0.24508, -0.87889], [0.669349, -0.573967, -0.471734]], "armWidth": 57.4912, "confidence": 1, "direction": [0.290732, 0.231703, -0.928326], "elbow": [-103.523, -58.355, -52.8591], "grabAngle": 0.382651, "grabStrength": 0, "id": 81, "palmNormal": [0.938693, 0.118812, 0.323634], "palmPosition": [85.6662, 107.729, 11.1738], "palmVelocity": [-144.203, 36.8631, -43.529], "palmWidth": 80.2111, "pinchDistance": 66.6849, "pinchStrength": 0, "r": [[0.929249, 0.363367, -0.0667811], [-0.0896051, 0.0463028, -0.9949], [-0.358422, 0.930495, 0.0755864]], "s": 1.02758, "sphereCenter": [64.4662, 128.22, -34.1088], "sphereRadius": 61.3767, "stabilizedPalmPosition": [87.0747, 107.514, 11.5646], "t": [76.0416, -42.7113, -46.7891], "timeVisible": 8.03894, "type": "left", "wrist": [55.7919, 78.258, 59.4207]}], "id": 58236, "interactionBox": {"center": [0, 200, 0], "size": [235.247, 235.247, 147.751]}, "pointables": [{"bases": [[[0.708304, -0.449572, -0.544234], [0.682374, 0.633472, 0.3648], [0.180753, -0.62976, 0.755467]], [[0.586407, -0.176404, -0.790575], [0.662661, 0.66577, 0.342972], [0.46584, -0.725005, 0.507308]], [[0.586407, -0.176404, -0.790575], [0.484853, 0.858284, 0.168127], [0.64888, -0.481903, 0.588833]], [[0.586407, -0.176404, -0.790575], [0.146423, 0.983005, -0.110732], [0.796673, -0.0508241, 0.60227]]], "btipPosition": [128.221, 161.408, 11.872], "carpPosition": [72.9003, 114.455, 63.3824], "dipPosition": [112.296, 160.392, 23.911], "direction": [0.64888, 0.481903, -0.588833], "extended": true, "handId": 81, "id": 810, "length": 44.5133, "mcpPosition": [72.9003, 114.455, 63.3824], "pipPosition": [93.3992, 146.358, 41.0587], "stabilizedTipPosition": [125.486, 160.875, 14.8331], "timeVisible": 8.03894, "tipPosition": [125.059, 161.055, 15.2464], "tipVelocity": [-177.72, 72.3033, -25.6387], "tool": false, "touchDistance": 0.305704, "touchZone": "hovering", "type": 0, "width": 18.4546}, {"bases": [[[-0.231467, -0.912894, -0.336225], [0.890408, -0.0595673, -0.45125], [0.391915, -0.403827, 0.826636]], [[-0.211677, -0.931859, -0.294672], [0.944704, -0.117824, -0.306025], [0.250453, -0.343157, 0.905272]], [[-0.211677, -0.931859, -0.294672], [0.761067, 0.031993, -0.647884], [0.613164, -0.361408, 0.702435]], [[-0.211677, -0.931859, -0.294672], [0.469814, 0.167364, -0.866755], [0.857011, -0.321914, 0.402373]]], "btipPosition": [120.552, 158.669, -59.4565], "carpPosition": [60.7798, 107.728, 47.7464], "dipPosition": [108.046, 153.971, -53.5846], "direction": [0.613164, 0.361408, -0.702435], "extended": true, "handId": 81, "id": 811, "length": 50.2283, "mcpPosition": [86.1972, 133.918, -5.86457], "pipPosition": [95.3875, 146.51, -39.0833], "stabilizedTipPosition": [119.381, 157.158, -57.8823], "timeVisible": 8.03894, "tipPosition": [121.382, 158.419, -53.1957], "tipVelocity": [-120.223, 85.4694, 24.6183], "tool": false, "touchDistance": 0.23479, "touchZone": "hovering", "type": 1, "width": 17.6278}, {"bases": [[[-0.324769, -0.935439, -0.139566], [0.846845, -0.221897, -0.483338], [0.421164, -0.275164, 0.864237]], [[-0.3352, -0.928265, -0.161137], [0.918149, -0.283493, -0.276829], [0.21129, -0.240741, 0.947312]], [[-0.3352, -0.928265, -0.161137], [0.840608, -0.217431, -0.496087], [0.425464, -0.301741, 0.85319]], [[-0.3352, -0.928265, -0.161137], [0.708153, -0.135428, -0.692949], [0.621418, -0.346386, 0.702749]]], "btipPosition": [117.042, 137.768, -81.125], "carpPosition": [62.1326, 98.0457, 43.0296], "dipPosition": [107.068, 132.209, -69.8455], "direction": [0.425464, 0.301741, -0.85319], "extended": true, "handId": 81, "id": 812, "length": 57.2312, "mcpPosition": [88.0355, 114.969, -10.1237], "pipPosition": [96.734, 124.88, -49.1233], "stabilizedTipPosition": [115.204, 136.161, -78.5117], "timeVisible": 8.03894, "tipPosition": [116.285, 137.783, -77.0147], "tipVelocity": [-121.718, 102.631, -1.31378], "tool": false, "touchDistance": 0.337281, "touchZone": "hovering", "type": 2, "width": 17.3129}, {"bases": [[[-0.32216, -0.946329, 0.0259703], [0.834472, -0.296821, -0.464278], [0.447068, -0.1279, 0.885309]], [[-0.370902, -0.92565, -0.0748577], [0.904117, -0.341506, -0.256799], [0.212142, -0.162927, 0.963561]], [[-0.370902, -0.92565, -0.0748577], [0.823584, -0.290614, -0.487086], [0.429117, -0.242313, 0.87014]], [[-0.370902, -0.92565, -0.0748577], [0.693429, -0.22243, -0.685333], [0.617728, -0.3061, 0.724372]]], "btipPosition": [118.059, 111.886, -77.2882], "carpPosition": [65.265, 87.9877, 40.5169], "dipPosition": [108.201, 107.001, -65.7285], "direction": [0.429117, 0.242313, -0.87014], "extended": true, "handId": 81, "id": 813, "length": 55.0293, "mcpPosition": [89.9519, 95.0503, -8.36943], "pipPosition": [98.0475, 101.268, -45.1404], "stabilizedTipPosition": [116.349, 110.456, -74.5359], "timeVisible": 8.03894, "tipPosition": [116.692, 110.689, -74.0318], "tipVelocity": [-111.676, 76.2676, -18.1903], "tool": false, "touchDistance": 0.339118, "touchZone": "hovering", "type": 3, "width": 16.4743}, {"bases": [[[-0.401672, -0.892633, 0.204613], [0.810403, -0.450522, -0.374535], [0.426506, 0.015379, 0.904354]], [[-0.439179, -0.890267, 0.12061], [0.862162, -0.455394, -0.222021], [0.252583, 0.00647842, 0.967553]], [[-0.439179, -0.890267, 0.12061], [0.761326, -0.440078, -0.476146], [0.476975, -0.11729, 0.871056]], [[-0.439179, -0.890267, 0.12061], [0.63072, -0.401138, -0.66429], [0.639776, -0.215671, 0.73768]]], "btipPosition": [119.608, 82.331, -58.2125], "carpPosition": [72.7913, 78.1782, 42.6472], "dipPosition": [110.189, 79.1558, -47.3522], "direction": [0.476975, 0.11729, -0.871056], "extended": true, "handId": 81, "id": 814, "length": 43.1419, "mcpPosition": [94.5926, 77.3921, -3.57992], "pipPosition": [102.221, 77.1964, -32.8008], "stabilizedTipPosition": [117.983, 81.3483, -55.55], "timeVisible": 8.03894, "tipPosition": [119.903, 80.0749, -54.2546], "tipVelocity": [-119.311, 68.6579, -36.865], "tool": false, "touchDistance": 0.323157, "touchZone": "hovering", "type": 4, "width": 14.6338}], "r": [[0.929249, 0.363367, -0.0667811], [-0.0896051, 0.0463028, -0.9949], [-0.358422, 0.930495, 0.0755864]], "s": 1.02758, "t": [-76.0416, -42.7113, -46.7891], "timestamp": 17579223132}, {"currentFrameRate": 115.176, "devices": [], "gestures": [], "hands": [{"armBasis": [[-0.625299, -0.777514, 0.0668846], [-0.402042, 0.247501, -0.881536], [0.668852, -0.578114, -0.467356]], "armWidth": 57.4912, "confidence": 1, "direction": [0.283127, 0.234215, -0.930044], "elbow": [-104.205, -59.0487, -52.0874], "grabAngle": 0.406042, "grabStrength": 0, "id": 81, "palmNormal": [0.94125, 0.11827, 0.316323], "palmPosition": [84.4035, 108.228, 10.7354], "palmVelocity": [-144.74, 57.2357, -50.2503], "palmWidth": 80.2111, "pinchDistance": 66.6205, "pinchStrength": 0, "r": [[0.929967, 0.362322, -0.0623245], [-0.0850734, 0.0471582, -0.995258], [-0.357665, 0.930859, 0.0746796]], "s": 1.02653, "sphereCenter": [67.3455, 128.258, -32.493], "sphereRadius": 58.6539, "stabilizedPalmPosition": [85.8717, 107.836, 11.1912], "t": [74.7974, -42.364, -47.1804], "timeVisible": 8.04766, "type": "left", "wrist": [54.9924, 78.5512, 59.1504]}], "id": 58237, "interactionBox": {"center": [0, 200, 0], "size": [235.247, 235.247, 147.751]}, "pointables": [{"bases": [[[0.712557, -0.44838, -0.539646], [0.679584, 0.632299, 0.371971], [0.174433, -0.631786, 0.755261]], [[0.591638, -0.172603, -0.78751], [0.661568, 0.662197, 0.351883], [0.460751, -0.72918, 0.50597]], [[0.591638, -0.172603, -0.78751], [0.486286, 0.855513, 0.177828], [0.643032, -0.488165, 0.590089]], [[0.591638, -0.172603, -0.78751], [0.145244, 0.98365, -0.106474], [0.793012, -0.0513867, 0.607034]]], "btipPosition": [126.912, 162.144, 11.4798], "carpPosition": [72.0592, 114.814, 63.0632], "dipPosition": [111.06, 161.117, 23.614], "direction": [0.643032, 0.488165, -0.590089], "extended": true, "handId": 81, "id": 810, "length": 44.5133, "mcpPosition": [72.0592, 114.814, 63.0632], "pipPosition": [92.3342, 146.901, 40.7983], "stabilizedTipPosition": [124.074, 161.532, 14.4754], "timeVisible": 8.04766, "tipPosition": [123.8, 161.564, 14.6198], "tipVelocity": [-148.056, 84.1159, -42.4419], "tool": false, "touchDistance": 0.301727, "touchZone": "hovering", "type": 0, "width": 18.4546}, {"bases": [[[-0.229008, -0.91194, -0.340472], [0.894018, -0.0586769, -0.444171], [0.38508, -0.406107, 0.828729]], [[-0.211715, -0.929043, -0.303406], [0.944191, -0.114273, -0.308943], [0.25235, -0.351881, 0.901388]], [[-0.211715, -0.929043, -0.303406], [0.752276, 0.0432684, -0.657425], [0.623905, -0.367432, 0.689737]], [[-0.211715, -0.929043, -0.303406], [0.451584, 0.182325, -0.873401], [0.866746, -0.321926, 0.38094]]], "btipPosition": [119.577, 159.657, -59.1127], "carpPosition": [59.8144, 108.124, 47.5084], "dipPosition": [106.928, 154.959, -53.5537], "direction": [0.623905, 0.367432, -0.689737], "extended": true, "handId": 81, "id": 811, "length": 50.2283, "mcpPosition": [84.7885, 134.462, -6.2383], "pipPosition": [94.0484, 147.374, -39.3145], "stabilizedTipPosition": [117.94, 157.912, -57.8567], "timeVisible": 8.04766, "tipPosition": [119.364, 159.059, -54.0911], "tipVelocity": [-115.539, 113.301, 31.1521], "tool": false, "touchDistance": 0.244847, "touchZone": "hovering", "type": 1, "width": 17.6278}, {"bases": [[[-0.323907, -0.934968, -0.144635], [0.850669, -0.220908, -0.477035], [0.414061, -0.277551, 0.866902]], [[-0.335237, -0.926933, -0.168559], [0.9189, -0.282206, -0.27565], [0.20794, -0.247297, 0.946364]], [[-0.335237, -0.926933, -0.168559], [0.839356, -0.212589, -0.500287], [0.427899, -0.309196, 0.849294]], [[-0.335237, -0.926933, -0.168559], [0.699232, -0.124884, -0.703902], [0.631419, -0.353836, 0.690007]]], "btipPosition": [115.686, 138.895, -81.2247], "carpPosition": [61.1318, 98.4544, 42.7556], "dipPosition": [105.551, 133.215, -70.1497], "direction": [0.427899, 0.309196, -0.849294], "extended": true, "handId": 81, "id": 812, "length": 57.2312, "mcpPosition": [86.5979, 115.525, -10.5616], "pipPosition": [95.1585, 125.706, -49.5221], "stabilizedTipPosition": [113.903, 137.165, -78.6283], "timeVisible": 8.04766, "tipPosition": [114.248, 138.473, -77.6752], "tipVelocity": [-159.647, 125.931, -16.827], "tool": false, "touchDistance": 0.334685, "touchZone": "hovering", "type": 2, "width": 17.3129}, {"bases": [[[-0.322644, -0.94629, 0.0208887], [0.838119, -0.295878, -0.458272], [0.439838, -0.130351, 0.888567]], [[-0.36981, -0.925775, -0.078618], [0.905219, -0.339946, -0.254981], [0.209329, -0.165461, 0.963745]], [[-0.36981, -0.925775, -0.078618], [0.822965, -0.287113, -0.490198], [0.431241, -0.24598, 0.868058]], [[-0.36981, -0.925775, -0.078618], [0.686113, -0.215056, -0.694982], [0.62649, -0.310952, 0.714716]]], "btipPosition": [116.724, 112.699, -77.5973], "carpPosition": [64.2467, 88.404, 40.1913], "dipPosition": [106.726, 107.736, -66.1917], "direction": [0.431241, 0.24598, -0.868058], "extended": true, "handId": 81, "id": 813, "length": 55.0293, "mcpPosition": [88.5344, 95.602, -8.87493], "pipPosition": [96.5227, 101.916, -45.6529], "stabilizedTipPosition": [115.145, 111.145, -74.81], "timeVisible": 8.04766, "tipPosition": [114.724, 111.426, -74.7223], "tipVelocity": [-156.682, 91.1019, -39.4994], "tool": false, "touchDistance": 0.333371, "touchZone": "hovering", "type": 3, "width": 16.4743}, {"bases": [[[-0.403585, -0.893034, 0.199021], [0.813277, -0.449805, -0.369128], [0.419165, 0.0128843, 0.907819]], [[-0.43862, -0.890752, 0.119052], [0.863178, -0.454446, -0.220004], [0.250072, 0.00626505, 0.968207]], [[-0.43862, -0.890752, 0.119052], [0.759794, -0.438314, -0.480201], [0.479922, -0.120171, 0.869042]], [[-0.43862, -0.890752, 0.119052], [0.622807, -0.3968, -0.674286], [0.647862, -0.221609, 0.728811]]], "btipPosition": [118.327, 83.0137, -58.6573], "carpPosition": [71.793, 78.5915, 42.2349], "dipPosition": [108.789, 79.7511, -47.9276], "direction": [0.479922, 0.120171, -0.869042], "extended": true, "handId": 81, "id": 814, "length": 43.1419, "mcpPosition": [93.2191, 77.9329, -4.16928], "pipPosition": [100.771, 77.7436, -33.4099], "stabilizedTipPosition": [116.803, 81.932, -55.958], "timeVisible": 8.04766, "tipPosition": [118.045, 80.8107, -55.0821], "tipVelocity": [-149.984, 75.9559, -54.4368], "tool": false, "touchDistance": 0.31631, "touchZone": "hovering", "type": 4, "width": 14.6338}], "r": [[0.929967, 0.362322, -0.0623245], [-0.0850734, 0.0471582, -0.995258], [-0.357665, 0.930859, 0.0746796]], "s": 1.02653, "t": [-74.7974, -42.364, -47.1804], "timestamp": 17579231856}, {"currentFrameRate": 115.251, "devices": [], "gestures": [], "hands": [{"armBasis": [[-0.631516, -0.772764, 0.0634301], [-0.394739, 0.250016, -0.884123], [0.66736, -0.583376, -0.462929]], "armWidth": 57.4912, "confidence": 1, "direction": [0.275429, 0.236851, -0.931687], "elbow": [-104.602, -59.8308, -51.3669], "grabAngle": 0.428934, "grabStrength": 0, "id": 81, "palmNormal": [0.943813, 0.117503, 0.308885], "palmPosition": [83.1684, 108.926, 10.2395], "palmVelocity": [-144.485, 81.669, -58.0065], "palmWidth": 80.2111, "pinchDistance": 66.572, "pinchStrength": 0, "r": [[0.930629, 0.361494, -0.0570215], [-0.0798037, 0.0483966, -0.995635], [-0.357157, 0.931117, 0.0738879]], "s": 1.02634, "sphereCenter": [69.9428, 128.598, -31.1033], "sphereRadius": 56.3844, "stabilizedPalmPosition": [84.6938, 108.311, 10.7765], "t": [73.5578, -41.8412, -47.624], "timeVisible": 8.05621, "type": "left", "wrist": [54.2398, 79.0215, 58.8173]}], "id": 58238, "interactionBox": {"center": [0, 200, 0], "size": [235.247, 235.247, 147.751]}, "pointables": [{"bases": [[[0.716934, -0.446958, -0.535008], [0.676561, 0.631171, 0.379326], [0.168138, -0.633917, 0.754903]], [[0.596743, -0.168106, -0.784626], [0.659712, 0.659432, 0.360457], [0.456812, -0.732728, 0.504413]], [[0.596743, -0.168106, -0.784626], [0.487598, 0.852546, 0.188182], [0.637295, -0.494879, 0.59072]], [[0.596743, -0.168106, -0.784626], [0.143685, 0.984391, -0.101627], [0.789463, -0.0520935, 0.611583]]], "btipPosition": [125.697, 163.06, 11.0614], "carpPosition": [71.2551, 115.364, 62.6855], "dipPosition": [109.916, 162.019, 23.2865], "direction": [0.637295, 0.494879, -0.59072], "extended": true, "handId": 81, "id": 810, "length": 44.5133, "mcpPosition": [71.2551, 115.364, 62.6855], "pipPosition": [91.3568, 147.607, 40.4892], "stabilizedTipPosition": [122.814, 162.341, 14.0973], "timeVisible": 8.05621, "tipPosition": [122.578, 162.269, 13.9467], "tipVelocity": [-140.279, 106.778, -46.508], "tool": false, "touchDistance": 0.297779, "touchZone": "hovering", "type": 0, "width": 18.4546}, {"bases": [[[-0.226288, -0.910955, -0.344897], [0.897642, -0.0575471, -0.436951], [0.378195, -0.408471, 0.830735]], [[-0.211675, -0.925895, -0.312909], [0.943746, -0.110419, -0.311691], [0.254042, -0.361284, 0.897183]], [[-0.211675, -0.925895, -0.312909], [0.74581, 0.0538882, -0.663976], [0.631634, -0.373918, 0.679135]], [[-0.211675, -0.925895, -0.312909], [0.439662, 0.195728, -0.876577], [0.872864, -0.323124, 0.36565]]], "btipPosition": [118.51, 160.899, -58.9414], "carpPosition": [58.8832, 108.716, 47.2135], "dipPosition": [105.773, 156.184, -53.6055], "direction": [0.631634, 0.373918, -0.679135], "extended": true, "handId": 81, "id": 811, "length": 50.2283, "mcpPosition": [83.4109, 135.207, -6.66329], "pipPosition": [92.7329, 148.464, -39.5852], "stabilizedTipPosition": [116.61, 158.984, -57.7764], "timeVisible": 8.05621, "tipPosition": [117.453, 159.934, -54.9308], "tipVelocity": [-127.193, 144.819, 14.0373], "tool": false, "touchDistance": 0.254824, "touchZone": "hovering", "type": 1, "width": 17.6278}, {"bases": [[[-0.322801, -0.934519, -0.149914], [0.854548, -0.21968, -0.470625], [0.406875, -0.280027, 0.869504]], [[-0.335067, -0.925538, -0.176379], [0.91992, -0.280898, -0.273575], [0.20366, -0.253921, 0.945541]], [[-0.335067, -0.925538, -0.176379], [0.838407, -0.207474, -0.504012], [0.429888, -0.316755, 0.845495]], [[-0.335067, -0.925538, -0.176379], [0.689122, -0.113075, -0.715769], [0.642527, -0.361377, 0.675696]]], "btipPosition": [114.325, 140.23, -81.3616], "carpPosition": [60.1625, 99.0601, 42.4229], "dipPosition": [104.012, 134.43, -70.5163], "direction": [0.429888, 0.316755, -0.845495], "extended": true, "handId": 81, "id": 812, "length": 57.2312, "mcpPosition": [85.1865, 116.283, -11.0543], "pipPosition": [93.5709, 126.736, -49.9809], "stabilizedTipPosition": [112.528, 138.385, -78.7967], "timeVisible": 8.05621, "tipPosition": [112.263, 139.395, -78.3567], "tipVelocity": [-164.015, 152.947, -22.1887], "tool": false, "touchDistance": 0.331746, "touchZone": "hovering", "type": 2, "width": 17.3129}, {"bases": [[[-0.322902, -0.946304, 0.015582], [0.841837, -0.294701, -0.452175], [0.432487, -0.132891, 0.891793]], [[-0.368328, -0.926056, -0.0821865], [0.906732, -0.338297, -0.25178], [0.205359, -0.167259, 0.964288]], [[-0.368328, -0.926056, -0.0821865], [0.822794, -0.283543, -0.492558], [0.432833, -0.249046, 0.86639]], [[-0.368328, -0.926056, -0.0821865], [0.678217, -0.20718, -0.705052], [0.63589, -0.315431, 0.704377]]], "btipPosition": [115.365, 113.665, -77.9781], "carpPosition": [63.2572, 89.0173, 39.805], "dipPosition": [105.217, 108.631, -66.7374], "direction": [0.432833, 0.249046, -0.86639], "extended": true, "handId": 81, "id": 813, "length": 55.0293, "mcpPosition": [87.1389, 96.3555, -9.43939], "pipPosition": [94.9757, 102.738, -46.2381], "stabilizedTipPosition": [113.848, 111.98, -75.1675], "timeVisible": 8.05621, "tipPosition": [112.793, 112.372, -75.4533], "tipVelocity": [-163.06, 111.099, -48.9816], "tool": false, "touchDistance": 0.327025, "touchZone": "hovering", "type": 3, "width": 16.4743}, {"bases": [[[-0.405304, -0.893536, 0.193189], [0.816245, -0.448873, -0.363671], [0.411671, 0.0102929, 0.911275]], [[-0.437288, -0.891439, 0.118813], [0.864535, -0.453078, -0.217485], [0.247706, 0.00761411, 0.968805]], [[-0.437288, -0.891439, 0.118813], [0.75799, -0.436434, -0.484744], [0.483973, -0.121914, 0.866549]], [[-0.437288, -0.891439, 0.118813], [0.613033, -0.392133, -0.685874], [0.658005, -0.227088, 0.717956]]], "btipPosition": [117.117, 83.8238, -59.1266], "carpPosition": [70.821, 79.2, 41.7589], "dipPosition": [107.43, 80.4805, -48.5567], "direction": [0.483973, 0.121914, -0.866549], "extended": true, "handId": 81, "id": 814, "length": 43.1419, "mcpPosition": [91.864, 78.6739, -4.82195], "pipPosition": [99.345, 78.4439, -34.0806], "stabilizedTipPosition": [115.633, 82.6185, -56.4089], "timeVisible": 8.05621, "tipPosition": [116.213, 81.7524, -55.9605], "tipVelocity": [-145.513, 92.5955, -59.2], "tool": false, "touchDistance": 0.309455, "touchZone": "hovering", "type": 4, "width": 14.6338}], "r": [[0.930629, 0.361494, -0.0570215], [-0.0798037, 0.0483966, -0.995635], [-0.357157, 0.931117, 0.0738879]], "s": 1.02634, "t": [-73.5578, -41.8412, -47.624], "timestamp": 17579240404}, {"currentFrameRate": 115.229, "devices": [], "gestures": [], "hands": [{"armBasis": [[-0.638649, -0.76712, 0.0604588], [-0.388764, 0.253855, -0.885675], [0.664071, -0.589139, -0.460353]], "armWidth": 57.4912, "confidence": 1, "direction": [0.269138, 0.240886, -0.93249], "elbow": [-104.696, -60.7758, -51.0625], "grabAngle": 0.45125, "grabStrength": 0, "id": 81, "palmNormal": [0.945867, 0.116234, 0.303025], "palmPosition": [81.867, 109.67, 9.86084], "palmVelocity": [-149.3, 85.3097, -43.4452], "palmWidth": 80.2111, "pinchDistance": 66.1197, "pinchStrength": 0, "r": [[0.931212, 0.360863, -0.0512112], [-0.074243, 0.0502434, -0.995974], [-0.356837, 0.931265, 0.0735788]], "s": 1.02701, "sphereCenter": [72.0549, 128.929, -29.8869], "sphereRadius": 54.5787, "stabilizedPalmPosition": [83.4412, 108.913, 10.3708], "t": [72.2872, -41.208, -48.0351], "timeVisible": 8.06493, "type": "left", "wrist": [53.3634, 79.4483, 58.5085]}], "id": 58239, "interactionBox": {"center": [0, 200, 0], "size": [235.247, 235.247, 147.751]}, "pointables": [{"bases": [[[0.720504, -0.444696, -0.53209], [0.674015, 0.629483, 0.386594], [0.163025, -0.637179, 0.753277]], [[0.600973, -0.162928, -0.782487], [0.659213, 0.654636, 0.369988], [0.451962, -0.738178, 0.500823]], [[0.600973, -0.162928, -0.782487], [0.489619, 0.848855, 0.199294], [0.631747, -0.50289, 0.589912]], [[0.600973, -0.162928, -0.782487], [0.1423, 0.985173, -0.0958408], [0.7865, -0.0537499, 0.615247]]], "btipPosition": [124.314, 164.083, 10.8972], "carpPosition": [70.307, 115.881, 62.4131], "dipPosition": [108.593, 163.009, 23.1956], "direction": [0.631747, 0.50289, -0.589912], "extended": true, "handId": 81, "id": 810, "length": 44.5133, "mcpPosition": [70.307, 115.881, 62.4131], "pipPosition": [90.1952, 148.364, 40.3748], "stabilizedTipPosition": [121.439, 163.313, 13.8558], "timeVisible": 8.06493, "tipPosition": [121.283, 163.02, 13.5375], "tipVelocity": [-157.021, 116.457, -16.895], "tool": false, "touchDistance": 0.298926, "touchZone": "hovering", "type": 0, "width": 18.4546}, {"bases": [[[-0.223996, -0.909444, -0.35034], [0.900563, -0.0557232, -0.431139], [0.372575, -0.412077, 0.831493]], [[-0.211827, -0.922297, -0.323261], [0.943615, -0.106911, -0.313306], [0.254401, -0.371401, 0.89294]], [[-0.211827, -0.922297, -0.323261], [0.739966, 0.0647147, -0.669524], [0.63842, -0.381026, 0.66876]], [[-0.211827, -0.922297, -0.323261], [0.428485, 0.209637, -0.878893], [0.878368, -0.324686, 0.350783]]], "btipPosition": [117.327, 162.256, -58.621], "carpPosition": [57.8314, 109.299, 46.9963], "dipPosition": [104.509, 157.518, -53.502], "direction": [0.63842, 0.381026, -0.66876], "extended": true, "handId": 81, "id": 811, "length": 50.2283, "mcpPosition": [81.9945, 136.024, -6.92971], "pipPosition": [91.3297, 149.652, -39.696], "stabilizedTipPosition": [115.262, 160.303, -57.5753], "timeVisible": 8.06493, "tipPosition": [115.634, 160.972, -55.4395], "tipVelocity": [-137.804, 155.084, 31.0313], "tool": false, "touchDistance": 0.267112, "touchZone": "hovering", "type": 1, "width": 17.6278}, {"bases": [[[-0.32182, -0.933841, -0.156115], [0.85769, -0.217707, -0.465802], [0.400998, -0.283803, 0.871009]], [[-0.33469, -0.924119, -0.184356], [0.920974, -0.279372, -0.271583], [0.199472, -0.260683, 0.944593]], [[-0.33469, -0.924119, -0.184356], [0.837481, -0.202018, -0.507754], [0.431982, -0.324334, 0.841546]], [[-0.33469, -0.924119, -0.184356], [0.677858, -0.100203, -0.728333], [0.654593, -0.368732, 0.659958]]], "btipPosition": [112.952, 141.646, -81.3339], "carpPosition": [59.0787, 99.6634, 42.1556], "dipPosition": [102.445, 135.728, -70.7412], "direction": [0.431982, 0.324334, -0.841546], "extended": true, "handId": 81, "id": 812, "length": 57.2312, "mcpPosition": [83.7413, 117.118, -11.4142], "pipPosition": [91.9533, 127.85, -50.3018], "stabilizedTipPosition": [111.086, 139.76, -78.8697], "timeVisible": 8.06493, "tipPosition": [110.371, 140.512, -78.8015], "tipVelocity": [-162.633, 159.339, -3.49027], "tool": false, "touchDistance": 0.331507, "touchZone": "hovering", "type": 2, "width": 17.3129}, {"bases": [[[-0.323037, -0.94634, 0.00932403], [0.844852, -0.292805, -0.447762], [0.426465, -0.136766, 0.894104]], [[-0.366496, -0.926467, -0.0856719], [0.908377, -0.33637, -0.248407], [0.201323, -0.168863, 0.96486]], [[-0.366496, -0.926467, -0.0856719], [0.822721, -0.279694, -0.494875], [0.434523, -0.251854, 0.864731]], [[-0.366496, -0.926467, -0.0856719], [0.669689, -0.19875, -0.715553], [0.645908, -0.319621, 0.693286]]], "btipPosition": [113.977, 114.688, -78.2427], "carpPosition": [62.1561, 89.6322, 39.4736], "dipPosition": [103.669, 109.588, -67.179], "direction": [0.434523, 0.251854, -0.864731], "extended": true, "handId": 81, "id": 813, "length": 55.0293, "mcpPosition": [85.7053, 97.1844, -9.89844], "pipPosition": [93.3881, 103.628, -46.7189], "stabilizedTipPosition": [112.452, 112.936, -75.4979], "timeVisible": 8.06493, "tipPosition": [110.937, 113.489, -76.0031], "tipVelocity": [-163.416, 115.643, -35.0236], "tool": false, "touchDistance": 0.323043, "touchZone": "hovering", "type": 3, "width": 16.4743}, {"bases": [[[-0.406631, -0.894333, 0.186598], [0.818659, -0.447356, -0.360098], [0.405523, 0.00633349, 0.914063]], [[-0.435241, -0.892395, 0.119148], [0.865815, -0.451165, -0.216367], [0.24684, 0.00898883, 0.969015]], [[-0.435241, -0.892395, 0.119148], [0.755024, -0.43388, -0.491617], [0.490413, -0.124012, 0.862622]], [[-0.435241, -0.892395, 0.119148], [0.600774, -0.386446, -0.699807], [0.670549, -0.233003, 0.704325]]], "btipPosition": [115.981, 84.7139, -59.434], "carpPosition": [69.7333, 79.8071, 41.3341], "dipPosition": [106.109, 81.2836, -49.0648], "direction": [0.490413, 0.124012, -0.862622], "extended": true, "handId": 81, "id": 814, "length": 43.1419, "mcpPosition": [90.4621, 79.4834, -5.38927], "pipPosition": [97.9169, 79.2119, -34.6543], "stabilizedTipPosition": [114.461, 83.4152, -56.7993], "timeVisible": 8.06493, "tipPosition": [114.433, 82.8342, -56.6932], "tipVelocity": [-135.171, 99.8147, -40.5539], "tool": false, "touchDistance": 0.30544, "touchZone": "hovering", "type": 4, "width": 14.6338}], "r": [[0.931212, 0.360863, -0.0512112], [-0.074243, 0.0502434, -0.995974], [-0.356837, 0.931265, 0.0735788]], "s": 1.02701, "t": [-72.2872, -41.208, -48.0351], "timestamp": 17579249121}, {"currentFrameRate": 115.241, "devices": [], "gestures": [], "hands": [{"armBasis": [[-0.646789, -0.760603, 0.0561052], [-0.379762, 0.257392, -0.888555], [0.661396, -0.596014, -0.455327]], "armWidth": 57.4912, "confidence": 1, "direction": [0.259572, 0.24512, -0.934098], "elbow": [-104.819, -61.7702, -50.0539], "grabAngle": 0.475583, "grabStrength": 0, "id": 81, "palmNormal": [0.949622, 0.111107, 0.293042], "palmPosition": [80.5226, 110.642, 9.51759], "palmVelocity": [-155.295, 112.257, -39.6498], "palmWidth": 80.2111, "pinchDistance": 63.2858, "pinchStrength": 0, "r": [[0.931493, 0.36108, -0.0440721], [-0.0675962, 0.0527738, -0.996316], [-0.357424, 0.93104, 0.0735661]], "s": 1.02854, "sphereCenter": [74.3151, 129.536, -28.5042], "sphereRadius": 52.8881, "stabilizedPalmPosition": [82.1308, 109.689, 9.98771], "t": [70.9797, -40.4056, -48.4123], "timeVisible": 8.07358, "type": "left", "wrist": [52.6039, 80.0902, 58.3208]}], "id": 58240, "interactionBox": {"center": [0, 200, 0], "size": [235.247, 235.247, 147.751]}, "pointables": [{"bases": [[[0.728049, -0.439098, -0.526439], [0.66732, 0.629751, 0.397615], [0.156934, -0.640786, 0.751508]], [[0.608971, -0.154024, -0.778095], [0.653668, 0.653117, 0.382305], [0.449303, -0.741428, 0.498409]], [[0.608971, -0.154024, -0.778095], [0.487484, 0.846511, 0.21396], [0.625711, -0.509604, 0.590584]], [[0.608971, -0.154024, -0.778095], [0.13723, 0.986631, -0.0879012], [0.781232, -0.0532486, 0.621966]]], "btipPosition": [123.184, 165.131, 10.6663], "carpPosition": [69.5744, 116.6, 62.2299], "dipPosition": [107.567, 164.067, 23.099], "direction": [0.625711, 0.509604, -0.590584], "extended": true, "handId": 81, "id": 810, "length": 44.5133, "mcpPosition": [69.5744, 116.6, 62.2299], "pipPosition": [89.3456, 149.226, 40.2977], "stabilizedTipPosition": [120.231, 164.342, 13.6401], "timeVisible": 8.07358, "tipPosition": [120.16, 163.853, 13.0597], "tipVelocity": [-127.812, 121.349, -23.1068], "tool": false, "touchDistance": 0.298412, "touchZone": "hovering", "type": 0, "width": 18.4546}, {"bases": [[[-0.216705, -0.908276, -0.357872], [0.905531, -0.0500455, -0.421318], [0.364764, -0.415366, 0.833318]], [[-0.207535, -0.918359, -0.336966], [0.944329, -0.0981875, -0.314009], [0.255287, -0.383375, 0.887611]], [[-0.207535, -0.918359, -0.336966], [0.733748, 0.0816709, -0.674495], [0.646949, -0.38723, 0.656894]], [[-0.207535, -0.918359, -0.336966], [0.414375, 0.229503, -0.880694], [0.886128, -0.322405, 0.332915]]], "btipPosition": [116.214, 163.855, -58.1168], "carpPosition": [56.9029, 110.15, 46.9175], "dipPosition": [103.283, 159.15, -53.2586], "direction": [0.646949, 0.38723, -0.656894], "extended": true, "handId": 81, "id": 811, "length": 50.2283, "mcpPosition": [80.5594, 137.088, -7.12678], "pipPosition": [89.9271, 151.156, -39.6975], "stabilizedTipPosition": [113.994, 161.852, -57.2141], "timeVisible": 8.07358, "tipPosition": [113.708, 162.229, -55.9555], "tipVelocity": [-131.605, 185.57, 51.3131], "tool": false, "touchDistance": 0.28167, "touchZone": "hovering", "type": 1, "width": 17.6278}, {"bases": [[[-0.316607, -0.934115, -0.164895], [0.863646, -0.211987, -0.457358], [0.392269, -0.287213, 0.873861]], [[-0.330113, -0.923514, -0.195313], [0.924145, -0.274042, -0.26619], [0.192306, -0.268371, 0.943926]], [[-0.330113, -0.923514, -0.195313], [0.839185, -0.192389, -0.508679], [0.432196, -0.331826, 0.838509]], [[-0.330113, -0.923514, -0.195313], [0.668945, -0.0828947, -0.738675], [0.665986, -0.3745, 0.645145]]], "btipPosition": [111.29, 143.321, -81.3162], "carpPosition": [58.0604, 100.538, 42.0098], "dipPosition": [100.6, 137.31, -70.9613], "direction": [0.432196, 0.331826, -0.83851], "extended": true, "handId": 81, "id": 812, "length": 57.2312, "mcpPosition": [82.1862, 118.202, -11.7355], "pipPosition": [90.1032, 129.25, -50.5956], "stabilizedTipPosition": [109.398, 141.391, -78.9183], "timeVisible": 8.07358, "tipPosition": [108.178, 141.879, -79.2695], "tipVelocity": [-196.847, 191.007, -4.27001], "tool": false, "touchDistance": 0.331316, "touchZone": "hovering", "type": 2, "width": 17.3129}, {"bases": [[[-0.319629, -0.947543, 0.0004484], [0.850884, -0.287231, -0.43988], [0.416934, -0.140217, 0.898056]], [[-0.360781, -0.928118, -0.0918393], [0.912532, -0.33094, -0.240341], [0.192671, -0.170517, 0.966334]], [[-0.360781, -0.928118, -0.0918393], [0.826403, -0.272483, -0.492759], [0.432313, -0.253674, 0.865306]], [[-0.360781, -0.928118, -0.0918393], [0.665452, -0.187174, -0.722593], [0.653461, -0.321812, 0.685146]]], "btipPosition": [112.103, 115.898, -78.6367], "carpPosition": [61.0706, 90.5104, 39.2378], "dipPosition": [101.675, 110.762, -67.703], "direction": [0.432313, 0.253674, -0.865306], "extended": true, "handId": 81, "id": 813, "length": 55.0293, "mcpPosition": [84.0935, 98.2531, -10.3525], "pipPosition": [91.4461, 104.76, -47.2292], "stabilizedTipPosition": [110.693, 114.076, -75.8975], "timeVisible": 8.07358, "tipPosition": [108.676, 114.832, -76.6285], "tipVelocity": [-219.65, 138.822, -48.9681], "tool": false, "touchDistance": 0.318671, "touchZone": "hovering", "type": 3, "width": 16.4743}, {"bases": [[[-0.405392, -0.896832, 0.17706], [0.824282, -0.442364, -0.353375], [0.395243, 0.0026923, 0.918573]], [[-0.429989, -0.895146, 0.117576], [0.870014, -0.445623, -0.210938], [0.241215, 0.0115919, 0.970403]], [[-0.429989, -0.895146, 0.117576], [0.756031, -0.428188, -0.495048], [0.493485, -0.123974, 0.860874]], [[-0.429989, -0.895146, 0.117576], [0.592489, -0.378043, -0.711365], [0.681224, -0.236216, 0.692918]]], "btipPosition": [114.393, 85.7085, -59.8848], "carpPosition": [68.6318, 80.6476, 40.9587], "dipPosition": [104.364, 82.2309, -49.6835], "direction": [0.493485, 0.123974, -0.860874], "extended": true, "handId": 81, "id": 814, "length": 43.1419, "mcpPosition": [88.8351, 80.5099, -5.99525], "pipPosition": [96.12, 80.1599, -35.3022], "stabilizedTipPosition": [113.011, 84.3272, -57.2507], "timeVisible": 8.07358, "tipPosition": [112.235, 84.0988, -57.545], "tipVelocity": [-187.657, 113.638, -56.5314], "tool": false, "touchDistance": 0.30132, "touchZone": "hovering", "type": 4, "width": 14.6338}], "r": [[0.931493, 0.36108, -0.0440721], [-0.0675962, 0.0527738, -0.996316], [-0.357424, 0.93104, 0.0735661]], "s": 1.02854, "t": [-70.9797, -40.4056, -48.4123], "timestamp": 17579257778}, {"currentFrameRate": 115.236, "devices": [], "gestures": [], "hands": [{"armBasis": [[-0.654792, -0.754092, 0.0509187], [-0.37419, 0.264908, -0.88871], [0.65668, -0.600974, -0.455633]], "armWidth": 57.4912, "confidence": 1, "direction": [0.253505, 0.254212, -0.933333], "elbow": [-104.888, -62.5428, -50.2387], "grabAngle": 0.5026, "grabStrength": 0, "id": 81, "palmNormal": [0.953068, 0.0994572, 0.285955], "palmPosition": [78.9583, 111.621, 9.52448], "palmVelocity": [-180.117, 112.714, 0.793674], "palmWidth": 80.2111, "pinchDistance": 62.3025, "pinchStrength": 0, "r": [[0.931127, 0.362929, -0.0358411], [-0.0606137, 0.0570977, -0.996527], [-0.359623, 0.930066, 0.0751637]], "s": 1.03118, "sphereCenter": [76.4559, 130.219, -26.8207], "sphereRadius": 51.497, "stabilizedPalmPosition": [80.6414, 110.596, 9.77024], "t": [69.5439, -39.5148, -48.5974], "timeVisible": 8.08227, "type": "left", "wrist": [51.4122, 80.4981, 58.2089]}], "id": 58241, "interactionBox": {"center": [0, 200, 0], "size": [235.247, 235.247, 147.751]}, "pointables": [{"bases": [[[0.736378, -0.426467, -0.525237], [0.658369, 0.63054, 0.411059], [0.15588, -0.648494, 0.745088]], [[0.615724, -0.137042, -0.775953], [0.646265, 0.651227, 0.397801], [0.450806, -0.746407, 0.489542]], [[0.615724, -0.137042, -0.775953], [0.481736, 0.844754, 0.233068], [0.623549, -0.51731, 0.586154]], [[0.615724, -0.137042, -0.775953], [0.127165, 0.989133, -0.0737861], [0.777633, -0.0532421, 0.62646]]], "btipPosition": [122.063, 166.007, 11.2653], "carpPosition": [68.5228, 117.033, 62.3995], "dipPosition": [106.519, 164.943, 23.7878], "direction": [0.623549, 0.51731, -0.586154], "extended": true, "handId": 81, "id": 810, "length": 44.5133, "mcpPosition": [68.5228, 117.033, 62.3995], "pipPosition": [88.3601, 149.878, 40.8575], "stabilizedTipPosition": [119.142, 165.229, 13.9558], "timeVisible": 8.08227, "tipPosition": [119.066, 164.481, 13.3785], "tipVelocity": [-127.097, 100.815, 71.3479], "tool": false, "touchDistance": 0.309864, "touchZone": "hovering", "type": 0, "width": 18.4546}, {"bases": [[[-0.205734, -0.905681, -0.370695], [0.909575, -0.0372216, -0.41387], [0.361036, -0.422322, 0.831443]], [[-0.199812, -0.912455, -0.357072], [0.944509, -0.0823941, -0.317985], [0.260727, -0.400795, 0.878285]], [[-0.199812, -0.912455, -0.357072], [0.720025, 0.11043, -0.685106], [0.66456, -0.393993, 0.634925]], [[-0.199812, -0.912455, -0.357072], [0.381747, 0.263131, -0.88602], [0.90241, -0.313349, 0.295751]]], "btipPosition": [115.533, 165.679, -56.4516], "carpPosition": [55.6628, 110.876, 47.1231], "dipPosition": [102.364, 161.107, -52.1357], "direction": [0.66456, 0.393993, -0.634925], "extended": true, "handId": 81, "id": 811, "length": 50.2283, "mcpPosition": [79.0776, 138.266, -6.7996], "pipPosition": [88.645, 152.973, -39.0281], "stabilizedTipPosition": [113.131, 163.46, -56.1973], "timeVisible": 8.08227, "tipPosition": [112.06, 163.8, -55.5984], "tipVelocity": [-84.7027, 213.548, 177.377], "tool": false, "touchDistance": 0.308541, "touchZone": "hovering", "type": 1, "width": 17.6278}, {"bases": [[[-0.307091, -0.934707, -0.178934], [0.869404, -0.199065, -0.452228], [0.387081, -0.294441, 0.873769]], [[-0.32109, -0.923272, -0.210881], [0.928199, -0.262593, -0.263611], [0.188009, -0.280382, 0.941296]], [[-0.32109, -0.923272, -0.210881], [0.841056, -0.175636, -0.511641], [0.435346, -0.341646, 0.832918]], [[-0.32109, -0.923272, -0.210881], [0.658401, -0.0575644, -0.750463], [0.680742, -0.37981, 0.626366]]], "btipPosition": [109.741, 145.361, -80.685], "carpPosition": [56.6945, 101.315, 42.0898], "dipPosition": [98.815, 139.265, -70.6315], "direction": [0.435346, 0.341646, -0.832918], "extended": true, "handId": 81, "id": 812, "length": 57.2312, "mcpPosition": [80.5012, 119.424, -11.6498], "pipPosition": [88.2413, 130.967, -50.4017], "stabilizedTipPosition": [107.717, 143.38, -78.4956], "timeVisible": 8.08227, "tipPosition": [106.153, 143.706, -79.0892], "tipVelocity": [-184.57, 232.622, 64.6894], "tool": false, "touchDistance": 0.339945, "touchZone": "hovering", "type": 2, "width": 17.3129}, {"bases": [[[-0.311441, -0.950165, -0.0137975], [0.857138, -0.274621, -0.435772], [0.410266, -0.147544, 0.899952]], [[-0.350366, -0.930994, -0.102441], [0.918088, -0.31973, -0.234282], [0.185361, -0.176134, 0.966756]], [[-0.350366, -0.930994, -0.102441], [0.83163, -0.258914, -0.49128], [0.430855, -0.257321, 0.864957]], [[-0.350366, -0.930994, -0.102441], [0.661812, -0.168689, -0.730445], [0.662759, -0.32372, 0.675245]]], "btipPosition": [110.093, 117.42, -78.6583], "carpPosition": [59.5938, 91.2966, 39.1707], "dipPosition": [99.5165, 112.254, -67.8826], "direction": [0.430855, 0.257321, -0.864957], "extended": true, "handId": 81, "id": 813, "length": 55.0293, "mcpPosition": [82.2485, 99.4439, -10.5243], "pipPosition": [89.3222, 106.165, -47.4171], "stabilizedTipPosition": [108.628, 115.544, -76.0898], "timeVisible": 8.08227, "tipPosition": [106.424, 116.606, -76.7952], "tipVelocity": [-235.365, 174.433, -6.67224], "tool": false, "touchDistance": 0.32072, "touchZone": "hovering", "type": 3, "width": 16.4743}, {"bases": [[[-0.399179, -0.902332, 0.162648], [0.83112, -0.431013, -0.351381], [0.387165, -0.00508385, 0.921996]], [[-0.419625, -0.900722, 0.112312], [0.876711, -0.434239, -0.206917], [0.235145, 0.0116379, 0.971891]], [[-0.419625, -0.900722, 0.112312], [0.75966, -0.416213, -0.499683], [0.496822, -0.124361, 0.858896]], [[-0.419625, -0.900722, 0.112312], [0.586002, -0.363317, -0.724294], [0.693193, -0.238117, 0.680282]]], "btipPosition": [112.481, 86.8412, -60.1386], "carpPosition": [67.0846, 81.3497, 40.7056], "dipPosition": [102.276, 83.3356, -50.1234], "direction": [0.496822, 0.124361, -0.858896], "extended": true, "handId": 81, "id": 814, "length": 43.1419, "mcpPosition": [86.875, 81.6096, -6.42328], "pipPosition": [93.9765, 81.2581, -35.7752], "stabilizedTipPosition": [111.178, 85.4151, -57.623], "timeVisible": 8.08227, "tipPosition": [109.865, 85.6409, -58.1187], "tipVelocity": [-224.762, 129.674, -34.1608], "tool": false, "touchDistance": 0.302186, "touchZone": "hovering", "type": 4, "width": 14.6338}], "r": [[0.931127, 0.362929, -0.0358411], [-0.0606137, 0.0570977, -0.996527], [-0.359623, 0.930066, 0.0751637]], "s": 1.03118, "t": [-69.5439, -39.5148, -48.5974], "timestamp": 17579266463}, {"currentFrameRate": 115.234, "devices": [], "gestures": [], "hands": [{"armBasis": [[-0.661953, -0.747937, 0.0490704], [-0.376112, 0.274819, -0.884881], [0.64835, -0.604206, -0.463226]], "armWidth": 57.4912, "confidence": 1, "direction": [0.255362, 0.265589, -0.929652], "elbow": [-104.806, -63.2886, -52.0876], "grabAngle": 0.532162, "grabStrength": 0, "id": 81, "palmNormal": [0.9537, 0.088823, 0.287343], "palmPosition": [77.0904, 112.33, 9.92009], "palmVelocity": [-215.145, 81.6814, 45.5665], "palmWidth": 80.2111, "pinchDistance": 66.0725, "pinchStrength": 0, "r": [[0.93028, 0.365762, -0.028231], [-0.0551272, 0.063299, -0.996471], [-0.362684, 0.928553, 0.0790493]], "s": 1.03522, "sphereCenter": [77.4827, 130.702, -25.2281], "sphereRadius": 50.7051, "stabilizedPalmPosition": [78.9126, 111.44, 9.84319], "t": [67.892, -38.7149, -48.4922], "timeVisible": 8.09095, "type": "left", "wrist": [49.5113, 80.5216, 58.1672]}], "id": 58242, "interactionBox": {"center": [0, 200, 0], "size": [235.247, 235.247, 147.751]}, "pointables": [{"bases": [[[0.739249, -0.413917, -0.53121], [0.65404, 0.629218, 0.4199], [0.160443, -0.657843, 0.735867]], [[0.615343, -0.119682, -0.779121], [0.645187, 0.644322, 0.410588], [0.452865, -0.755331, 0.473696]], [[0.615343, -0.119682, -0.779121], [0.480174, 0.840768, 0.250086], [0.625129, -0.528002, 0.574828]], [[0.615343, -0.119682, -0.779121], [0.118975, 0.991185, -0.0582914], [0.779229, -0.056827, 0.624157]]], "btipPosition": [120.396, 166.818, 12.8049], "carpPosition": [66.6866, 117.068, 62.866], "dipPosition": [104.819, 165.682, 25.2814], "direction": [0.625129, 0.528002, -0.574828], "extended": true, "handId": 81, "id": 810, "length": 44.5133, "mcpPosition": [66.6866, 117.068, 62.866], "pipPosition": [86.6146, 150.305, 42.0213], "stabilizedTipPosition": [117.84, 165.971, 14.9166], "timeVisible": 8.09095, "tipPosition": [117.534, 164.917, 14.5637], "tipVelocity": [-192.927, 91.4887, 176.116], "tool": false, "touchDistance": 0.335146, "touchZone": "hovering", "type": 0, "width": 18.4546}, {"bases": [[[-0.199