{"frames": 60, "data": [{"currentFrameRate": 113.195, "devices": [], "gestures": [], "hands": [{"armBasis": [[0.784504, 0.593861, -0.17856], [-0.515778, 0.465006, -0.719543], [-0.344277, 0.656581, 0.671099]], "armWidth": 66.825, "confidence": 1, "direction": [0.169239, -0.0868977, -0.981737], "elbow": [98.6457, 326.379, 355.185], "grabAngle": 2.63348, "grabStrength": 0.292098, "id": 95, "palmNormal": [-0.590384, -0.80655, -0.0303838], "palmPosition": [13.9207, 122.108, 95.6276], "palmVelocity": [8.54442, -68.5634, -11.3384], "palmWidth": 93.5265, "pinchDistance": 39.4967, "pinchStrength": 0.597395, "r": [[0.462639, 0.0759703, 0.883286], [0.424054, 0.855992, -0.29573], [-0.778552, 0.511377, 0.3638]], "s": 0.882383, "sphereCenter": [-29.7032, 95.0162, 76.8698], "sphereRadius": 47.5505, "stabilizedPalmPosition": [15.8356, 124.002, 95.7311], "t": [-9.62394, -21.6151, -1.03794], "timeVisible": 3.53836, "type": "left", "wrist": [3.09952, 144.16, 168.937]}], "id": 64417, "interactionBox": {"center": [0, 200, 0], "size": [235.247, 235.247, 147.751]}, "pointables": [{"bases": [[[0.749561, 0.561853, -0.349972], [-0.628257, 0.770355, -0.108839], [0.208452, 0.301454, 0.930416]], [[0.775807, 0.630832, -0.0132422], [-0.495336, 0.595903, -0.632093], [-0.390853, 0.496941, 0.774779]], [[0.775807, 0.630832, -0.0132422], [-0.38134, 0.452051, -0.806368], [-0.502696, 0.630635, 0.591266]], [[0.775807, 0.630832, -0.0132422], [-0.258957, 0.29919, -0.918383], [-0.575383, 0.715916, 0.395472]]], "btipPosition": [1.05219, 57.713, 20.8752], "carpPosition": [24.1259, 129.414, 145.658], "dipPosition": [10.8991, 69.965, 27.6432], "direction": [-0.502696, -0.630635, -0.591266], "extended": true, "handId": 95, "id": 951, "length": 58.9043, "mcpPosition": [39.8892, 106.618, 75.2991], "pipPosition": [23.0695, 85.2328, 41.9579], "stabilizedTipPosition": [0.510884, 67.8622, 19.1151], "timeVisible": 3.53836, "tipPosition": [2.88935, 59.2447, 24.0165], "tipVelocity": [200.036, -288.169, 85.8203], "tool": false, "touchDistance": 0.335401, "touchZone": "hovering", "type": 1, "width": 20.4624}, {"bases": [[[-0.243516, 0.939743, -0.239964], [-0.833107, -0.075985, 0.547868], [0.496621, 0.33333, 0.80141]], [[-0.34429, 0.846472, -0.40614], [-0.936992, -0.282491, 0.205535], [0.0592492, 0.451313, 0.890396]], [[-0.34429, 0.846472, -0.40614], [-0.919875, -0.390693, -0.0344891], [-0.18787, 0.361723, 0.91316]], [[-0.34429, 0.846472, -0.40614], [-0.723902, -0.514803, -0.459287], [-0.597855, 0.135878, 0.790004]]], "btipPosition": [-0.449914, 70.6164, 62.0108], "carpPosition": [16.9411, 109.312, 157.402], "dipPosition": [13.5651, 73.8016, 80.5302], "direction": [-0.18787, -0.361723, -0.91316], "extended": false, "handId": 95, "id": 950, "length": 52.2022, "mcpPosition": [16.9411, 109.312, 157.402], "pipPosition": [19.9812, 86.1551, 111.716], "stabilizedTipPosition": [1.14178, 75.2759, 61.8751], "timeVisible": 3.53836, "tipPosition": [2.59069, 71.3465, 65.7137], "tipVelocity": [-45.4609, -80.6946, 196.834], "tool": false, "touchDistance": 0.344554, "touchZone": "hovering", "type": 0, "width": 21.4221}, {"bases": [[[0.866878, 0.4578, -0.197336], [-0.487761, 0.860684, -0.145985], [0.103012, 0.222804, 0.969405]], [[0.859141, 0.443616, -0.25511], [-0.28962, 0.0105111, -0.957084], [-0.421896, 0.896155, 0.137511]], [[0.859141, 0.443616, -0.25511], [0.421666, -0.896147, -0.138273], [-0.289956, 0.0112247, -0.956974]], [[0.859141, 0.443616, -0.25511], [0.510532, -0.777226, 0.367798], [-0.0351169, -0.446233, -0.894228]]], "btipPosition": [-5.93504, 86.4495, 108.454], "carpPosition": [15.9666, 137.614, 140.522], "dipPosition": [-5.27404, 78.0501, 91.6218], "direction": [-0.289956, -0.0112247, 0.956974], "extended": false, "handId": 95, "id": 952, "length": 67.1168, "mcpPosition": [23.3539, 121.636, 71.0031], "pipPosition": [2.98484, 78.3698, 64.3641], "stabilizedTipPosition": [-7.02813, 86.9157, 101.964], "timeVisible": 3.53836, "tipPosition": [-3.60352, 85.0282, 104.39], "tipVelocity": [161.747, -119.158, 122.558], "tool": false, "touchDistance": 0.576374, "touchZone": "none", "type": 2, "width": 20.0968}, {"bases": [[[0.906875, 0.419405, -0.0409586], [-0.421048, 0.897856, -0.128734], [-0.0172167, 0.133991, 0.990833]], [[0.906275, 0.410615, -0.100299], [-0.180963, 0.162475, -0.969976], [-0.381991, 0.897216, 0.221554]], [[0.906275, 0.410615, -0.100299], [0.381847, -0.897087, -0.222326], [-0.181268, 0.16319, -0.9698]], [[0.906275, 0.410615, -0.100299], [0.422671, -0.882426, 0.206575], [-0.00368392, -0.229607, -0.973276]]], "btipPosition": [-17.6904, 94.9635, 108.503], "carpPosition": [5.61207, 143.975, 137.09], "dipPosition": [-17.6215, 90.6665, 90.2882], "direction": [-0.181268, -0.16319, 0.9698], "extended": false, "handId": 95, "id": 953, "length": 64.5346, "mcpPosition": [4.50355, 135.348, 73.2938], "pipPosition": [-12.5917, 95.1946, 63.3785], "stabilizedTipPosition": [-19.7618, 97.5592, 103.215], "timeVisible": 3.53836, "tipPosition": [-17.5237, 94.4661, 105.305], "tipVelocity": [124.728, -162.467, 112.067], "tool": false, "touchDistance": 0.57189, "touchZone": "none", "type": 3, "width": 19.1234}, {"bases": [[[0.955807, 0.277938, 0.0958322], [-0.274726, 0.960446, -0.0454905], [-0.104685, 0.0171525, 0.994357]], [[0.960967, 0.272651, -0.0469464], [-0.103043, 0.195243, -0.975327], [-0.256758, 0.942094, 0.215717]], [[0.960967, 0.272651, -0.0469464], [0.256676, -0.941938, -0.216494], [-0.103248, 0.195993, -0.975155]], [[0.960967, 0.272651, -0.0469464], [0.256676, -0.941938, -0.216494], [-0.103248, 0.195993, -0.975155]]], "btipPosition": [-28.1088, 103.518, 105.958], "carpPosition": [-8.97033, 145.13, 136.923], "dipPosition": [-26.3262, 106.902, 89.1219], "direction": [-0.103248, -0.195993, 0.975155], "extended": false, "handId": 95, "id": 954, "length": 50.5939, "mcpPosition": [-15.2097, 144.108, 77.6578], "pipPosition": [-24.3034, 110.741, 70.0176], "stabilizedTipPosition": [-29.0258, 109.145, 100.067], "timeVisible": 3.53836, "tipPosition": [-26.3766, 108.879, 100.296], "tipVelocity": [83.4455, -202.955, 100.787], "tool": false, "touchDistance": 0.534763, "touchZone": "none", "type": 4, "width": 16.9869}], "r": [[0.462639, 0.0759703, 0.883286], [0.424054, 0.855992, -0.29573], [-0.778552, 0.511377, 0.3638]], "s": 0.882383, "t": [9.62394, -21.6151, -1.03794], "timestamp": 17633787864}, {"currentFrameRate": 113.426, "devices": [], "gestures": [], "hands": [{"armBasis": [[0.797038, 0.580751, -0.165707], [-0.498719, 0.478182, -0.722925], [-0.340602, 0.65884, 0.670761]], "armWidth": 66.825, "confidence": 1, "direction": [0.162918, -0.105209, -0.981014], "elbow": [97.7339, 327.484, 354.668], "grabAngle": 2.62559, "grabStrength": 0.288172, "id": 95, "palmNormal": [-0.562326, -0.826902, -0.0047052], "palmPosition": [13.9484, 121.521, 95.5056], "palmVelocity": [3.28507, -69.6768, -14.4969], "palmWidth": 93.5265, "pinchDistance": 40.9777, "pinchStrength": 0.621946, "r": [[0.458446, 0.0807265, 0.885048], [0.443298, 0.84236, -0.306457], [-0.770269, 0.532834, 0.350391]], "s": 0.879068, "sphereCenter": [-28.0225, 92.1806, 78.0351], "sphereRadius": 46.9769, "stabilizedPalmPosition": [15.8134, 123.973, 95.7285], "t": [-9.58253, -22.2011, -1.15188], "timeVisible": 3.54678, "type": "left", "wrist": [3.20777, 144.638, 168.514]}], "id": 64418, "interactionBox": {"center": [0, 200, 0], "size": [235.247, 235.247, 147.751]}, "pointables": [{"bases": [[[0.771844, 0.526909, -0.355841], [-0.600121, 0.78861, -0.133976], [0.210026, 0.316956, 0.924893]], [[0.797274, 0.603279, -0.0202174], [-0.46913, 0.598214, -0.64966], [-0.379832, 0.527441, 0.759956]], [[0.797274, 0.603279, -0.0202174], [-0.372919, 0.465948, -0.802386], [-0.474643, 0.647261, 0.596463]], [[0.797274, 0.603279, -0.0202174], [-0.255987, 0.307591, -0.916438], [-0.546649, 0.735827, 0.399666]]], "btipPosition": [3.05431, 55.4774, 21.3114], "carpPosition": [24.3638, 130.406, 145.236], "dipPosition": [12.4095, 68.0701, 28.1512], "direction": [-0.474643, -0.647261, -0.596463], "extended": true, "handId": 95, "id": 951, "length": 58.9043, "mcpPosition": [40.2461, 106.438, 75.295], "pipPosition": [23.9007, 83.7404, 42.5916], "stabilizedTipPosition": [1.47709, 65.9095, 19.8908], "timeVisible": 3.54678, "tipPosition": [4.49023, 56.7071, 25.3561], "tipVelocity": [224.429, -256.304, 53.7841], "tool": false, "touchDistance": 0.341985, "touchZone": "hovering", "type": 1, "width": 20.4624}, {"bases": [[[-0.208524, 0.941365, -0.265236], [-0.840351, -0.0337199, 0.540992], [0.500327, 0.335701, 0.798109]], [[-0.31045, 0.84809, -0.429377], [-0.948697, -0.247935, 0.196219], [0.0599541, 0.468264, 0.881552]], [[-0.31045, 0.84809, -0.429377], [-0.927126, -0.369877, -0.060235], [-0.209901, 0.379386, 0.901115]], [[-0.31045, 0.84809, -0.429377], [-0.709625, -0.50731, -0.488946], [-0.632498, 0.152903, 0.75932]]], "btipPosition": [-0.928481, 69.797, 63.7321], "carpPosition": [17.9909, 110.364, 157.539], "dipPosition": [13.8986, 73.3814, 81.5322], "direction": [-0.209901, -0.379386, -0.901115], "extended": false, "handId": 95, "id": 950, "length": 52.2022, "mcpPosition": [17.9909, 110.364, 157.539], "pipPosition": [21.0671, 86.3381, 112.307], "stabilizedTipPosition": [1.19772, 75.0816, 62.1236], "timeVisible": 3.54678, "tipPosition": [3.91092, 69.7902, 67.0572], "tipVelocity": [-34.6663, -86.4372, 184.844], "tool": false, "touchDistance": 0.36677, "touchZone": "hovering", "type": 0, "width": 21.4221}, {"bases": [[[0.884045, 0.422676, -0.199525], [-0.456235, 0.873104, -0.171868], [0.101561, 0.242969, 0.964703]], [[0.878901, 0.411915, -0.240537], [-0.266166, 0.00504122, -0.963914], [-0.395839, 0.911208, 0.114069]], [[0.878901, 0.411915, -0.240537], [0.395626, -0.911204, -0.114836], [-0.266481, 0.00576684, -0.963823]], [[0.878901, 0.411915, -0.240537], [0.476157, -0.787658, 0.390985], [-0.0284081, -0.458171, -0.88841]]], "btipPosition": [-4.0755, 85.2342, 109.473], "carpPosition": [15.8772, 138.191, 139.986], "dipPosition": [-3.54077, 76.6101, 92.7501], "direction": [-0.266481, -0.00576684, 0.963823], "extended": false, "handId": 95, "id": 952, "length": 67.1168, "mcpPosition": [23.1604, 120.767, 70.8045], "pipPosition": [4.04946, 76.7744, 65.2973], "stabilizedTipPosition": [-6.82624, 86.6751, 102.204], "timeVisible": 3.54678, "tipPosition": [-2.25104, 84.0619, 105.355], "tipVelocity": [217.477, -150.521, 124.03], "tool": false, "touchDistance": 0.593773, "touchZone": "none", "type": 2, "width": 20.0968}, {"bases": [[[0.921215, 0.386795, -0.0418582], [-0.388438, 0.908372, -0.154844], [-0.02187, 0.158904, 0.987052]], [[0.920869, 0.376571, -0.100971], [-0.166206, 0.144911, -0.975385], [-0.35267, 0.914984, 0.196032]], [[0.920869, 0.376571, -0.100971], [0.352537, -0.914868, -0.196809], [-0.166487, 0.145639, -0.975229]], [[0.920869, 0.376571, -0.100971], [0.389862, -0.891357, 0.231279], [-0.00290794, -0.252342, -0.967634]]], "btipPosition": [-16.5887, 93.6074, 109.35], "carpPosition": [5.27653, 144.106, 136.506], "dipPosition": [-16.5343, 88.8848, 91.2411], "direction": [-0.166487, -0.145639, 0.975229], "extended": false, "handId": 95, "id": 953, "length": 64.5346, "mcpPosition": [3.8684, 133.874, 72.9539], "pipPosition": [-11.9147, 92.926, 64.1808], "stabilizedTipPosition": [-19.526, 97.1863, 103.361], "timeVisible": 3.54678, "tipPosition": [-16.4267, 93.0597, 106.173], "tipVelocity": [130.494, -172.749, 103.556], "tool": false, "touchDistance": 0.586418, "touchZone": "none", "type": 3, "width": 19.1234}, {"bases": [[[0.963926, 0.247145, 0.0988275], [-0.240823, 0.967921, -0.0716532], [-0.113366, 0.0452685, 0.992522]], [[0.970245, 0.238179, -0.0435338], [-0.0865172, 0.173114, -0.981094], [-0.226139, 0.955669, 0.18857]], [[0.970245, 0.238179, -0.0435338], [0.22607, -0.95553, -0.189351], [-0.0866973, 0.173875, -0.980944]], [[0.970245, 0.238179, -0.0435338], [0.22607, -0.95553, -0.189351], [-0.0866973, 0.173875, -0.980944]]], "btipPosition": [-27.2995, 101.8, 106.78], "carpPosition": [-9.33807, 144.754, 136.461], "dipPosition": [-25.8026, 104.802, 89.8442], "direction": [-0.0866973, -0.173875, 0.980944], "extended": false, "handId": 95, "id": 954, "length": 50.5939, "mcpPosition": [-16.0949, 142.055, 77.3052], "pipPosition": [-24.1041, 108.208, 70.6265], "stabilizedTipPosition": [-28.6785, 108.029, 100.54], "timeVisible": 3.54678, "tipPosition": [-25.8261, 107.01, 100.917], "tipVelocity": [88.3427, -214.544, 94.96], "tool": false, "touchDistance": 0.548084, "touchZone": "none", "type": 4, "width": 16.9869}], "r": [[0.458446, 0.0807265, 0.885048], [0.443298, 0.84236, -0.306457], [-0.770269, 0.532834, 0.350391]], "s": 0.879068, "t": [9.58253, -22.2011, -1.15188], "timestamp": 17633796281}, {"currentFrameRate": 113.455, "devices": [], "gestures": [], "hands": [{"armBasis": [[0.805138, 0.571432, -0.158804], [-0.487661, 0.485453, -0.725618], [-0.33755, 0.661665, 0.669522]], "armWidth": 66.825, "confidence": 1, "direction": [0.159372, -0.121627, -0.979698], "elbow": [96.9121, 328.708, 353.86], "grabAngle": 2.61725, "grabStrength": 0.284298, "id": 95, "palmNormal": [-0.543035, -0.83956, 0.0158908], "palmPosition": [13.971, 120.971, 95.3478], "palmVelocity": [2.5865, -62.7972, -18.0022], "palmWidth": 93.5265, "pinchDistance": 39.09, "pinchStrength": 0.640709, "r": [[0.454435, 0.0861496, 0.886604], [0.462772, 0.827624, -0.317616], [-0.761137, 0.554632, 0.336234]], "s": 0.876171, "sphereCenter": [-26.5198, 90.0421, 78.9324], "sphereRadius": 46.4381, "stabilizedPalmPosition": [15.7873, 123.93, 95.7231], "t": [-9.5505, -22.7693, -1.28775], "timeVisible": 3.55554, "type": "left", "wrist": [3.23303, 145.079, 168.05]}], "id": 64419, "interactionBox": {"center": [0, 200, 0], "size": [235.247, 235.247, 147.751]}, "pointables": [{"bases": [[[0.785985, 0.501539, -0.361506], [-0.580867, 0.799298, -0.154003], [0.211712, 0.331031, 0.919563]], [[0.811116, 0.584264, -0.0269436], [-0.451884, 0.596758, -0.663084], [-0.371338, 0.550014, 0.74806]], [[0.811116, 0.584264, -0.0269436], [-0.36914, 0.475645, -0.798434], [-0.453681, 0.657569, 0.601479]], [[0.811116, 0.584264, -0.0269436], [-0.257124, 0.314824, -0.913659], [-0.525336, 0.748012, 0.405587]]], "btipPosition": [4.53439, 53.694, 21.5845], "carpPosition": [24.4786, 131.117, 144.817], "dipPosition": [13.5248, 66.4952, 28.5257], "direction": [-0.453681, -0.657569, -0.601479], "extended": true, "handId": 95, "id": 951, "length": 58.9043, "mcpPosition": [40.4884, 106.084, 75.2789], "pipPosition": [24.5085, 82.4151, 43.0876], "stabilizedTipPosition": [2.76585, 63.5782, 20.7182], "timeVisible": 3.55554, "tipPosition": [5.66077, 54.6662, 26.3723], "tipVelocity": [159.291, -197.995, 33.822], "tool": false, "touchDistance": 0.345567, "touchZone": "hovering", "type": 1, "width": 20.4624}, {"bases": [[[-0.185048, 0.940252, -0.285803], [-0.844166, -0.00319056, 0.536073], [0.503132, 0.340464, 0.794319]], [[-0.287705, 0.846467, -0.448017], [-0.955823, -0.224362, 0.189903], [0.0602289, 0.482862, 0.873623]], [[-0.287705, 0.846467, -0.448017], [-0.929516, -0.359484, -0.0822849], [-0.230707, 0.392766, 0.89023]], [[-0.287705, 0.846467, -0.448017], [-0.697819, -0.505677, -0.507286], [-0.655953, 0.166687, 0.736167]]], "btipPosition": [-1.51932, 69.0947, 65.0833], "carpPosition": [18.6463, 111.191, 157.568], "dipPosition": [13.8576, 73.0022, 82.3406], "direction": [-0.230707, -0.392766, -0.89023], "extended": false, "handId": 95, "id": 950, "length": 52.2022, "mcpPosition": [18.6463, 111.191, 157.568], "pipPosition": [21.7366, 86.4159, 112.744], "stabilizedTipPosition": [1.22724, 74.8983, 62.3732], "timeVisible": 3.55554, "tipPosition": [4.66638, 68.6025, 68.1332], "tipVelocity": [-52.9808, -71.6442, 139.916], "tool": false, "touchDistance": 0.381821, "touchZone": "hovering", "type": 0, "width": 21.4221}, {"bases": [[[0.894792, 0.397993, -0.20236], [-0.434835, 0.879656, -0.192677], [0.101323, 0.260399, 0.96017]], [[0.894017, 0.396055, -0.209459], [-0.23066, 0.00607996, -0.973015], [-0.384094, 0.918207, 0.0967899]], [[0.894017, 0.396055, -0.209459], [0.383911, -0.918201, -0.0975647], [-0.230966, 0.00681115, -0.972938]], [[0.894017, 0.396055, -0.209459], [0.448011, -0.794773, 0.409416], [-0.00432049, -0.459865, -0.887978]]], "btipPosition": [-2.15551, 84.0515, 110.361], "carpPosition": [15.7823, 138.594, 139.464], "dipPosition": [-2.07419, 75.3955, 93.6471], "direction": [-0.230966, -0.00681115, 0.972938], "extended": false, "handId": 95, "id": 952, "length": 67.1168, "mcpPosition": [23.0485, 119.92, 70.6077], "pipPosition": [4.50447, 75.5895, 65.9347], "stabilizedTipPosition": [-6.41445, 86.2699, 102.583], "timeVisible": 3.55554, "tipPosition": [-1.34688, 83.2809, 106.095], "tipVelocity": [207.154, -135.772, 101.631], "tool": false, "touchDistance": 0.608619, "touchZone": "none", "type": 2, "width": 20.0968}, {"bases": [[[0.930166, 0.364523, -0.0437529], [-0.366344, 0.913695, -0.175936], [-0.0241557, 0.179678, 0.983429]], [[0.929941, 0.353092, -0.102645], [-0.156933, 0.128661, -0.979193], [-0.332539, 0.9267, 0.175059]], [[0.929941, 0.353092, -0.102645], [0.332414, -0.926597, -0.175839], [-0.157197, 0.129399, -0.979053]], [[0.929941, 0.353092, -0.102645], [0.36769, -0.895788, 0.249735], [-0.00376815, -0.26998, -0.962858]]], "btipPosition": [-15.8433, 92.6103, 109.966], "carpPosition": [5.02657, 144.19, 135.934], "dipPosition": [-15.7728, 87.5577, 91.9462], "direction": [-0.157197, -0.129399, 0.979053], "extended": false, "handId": 95, "id": 953, "length": 64.5346, "mcpPosition": [3.47127, 132.621, 72.6143], "pipPosition": [-11.4109, 91.1482, 64.7798], "stabilizedTipPosition": [-19.2163, 96.7058, 103.567], "timeVisible": 3.55554, "tipPosition": [-15.6717, 92.0415, 106.791], "tipVelocity": [85.4697, -122.412, 72.5938], "tool": false, "touchDistance": 0.597022, "touchZone": "none", "type": 3, "width": 19.1234}, {"bases": [[[0.968777, 0.226855, 0.100037], [-0.217894, 0.971529, -0.0930196], [-0.118291, 0.0683177, 0.990626]], [[0.975746, 0.214797, -0.0422222], [-0.0769594, 0.156029, -0.98475], [-0.204934, 0.964115, 0.168775]], [[0.975746, 0.214797, -0.0422222], [0.204872, -0.96399, -0.169559], [-0.0771226, 0.156796, -0.984615]], [[0.975746, 0.214797, -0.0422222], [0.204872, -0.96399, -0.169559], [-0.0771226, 0.156796, -0.984615]]], "btipPosition": [-26.7502, 100.503, 107.239], "carpPosition": [-9.59913, 144.5, 135.97], "dipPosition": [-25.4186, 103.21, 90.2394], "direction": [-0.0771226, -0.156796, 0.984615], "extended": false, "handId": 95, "id": 954, "length": 50.5939, "mcpPosition": [-16.6495, 140.428, 76.9274], "pipPosition": [-23.9077, 106.281, 70.9498], "stabilizedTipPosition": [-28.2568, 106.726, 101.066], "timeVisible": 3.55554, "tipPosition": [-25.4273, 105.642, 101.323], "tipVelocity": [58.3334, -155.743, 50.6596], "tool": false, "touchDistance": 0.555485, "touchZone": "none", "type": 4, "width": 16.9869}], "r": [[0.454435, 0.0861496, 0.886604], [0.462772, 0.827624, -0.317616], [-0.761137, 0.554632, 0.336234]], "s": 0.876171, "t": [9.5505, -22.7693, -1.28775], "timestamp": 17633805046}, {"currentFrameRate": 113.52, "devices": [], "gestures": [], "hands": [{"armBasis": [[0.808668, 0.566607, -0.158156], [-0.483379, 0.486795, -0.727582], [-0.335263, 0.664822, 0.667541]], "armWidth": 66.825, "confidence": 1, "direction": [0.157668, -0.135113, -0.978205], "elbow": [96.2918, 330.005, 352.878], "grabAngle": 2.60863, "grabStrength": 0.280503, "id": 95, "palmNormal": [-0.534199, -0.844805, 0.0305844], "palmPosition": [13.9893, 120.531, 95.1922], "palmVelocity": [2.09595, -50.5595, -17.8943], "palmWidth": 93.5265, "pinchDistance": 38.3843, "pinchStrength": 0.65285, "r": [[0.450951, 0.0923681, 0.887756], [0.480075, 0.8134, -0.328494], [-0.752443, 0.574324, 0.32246]], "s": 0.873758, "sphereCenter": [-25.4846, 88.7059, 79.5234], "sphereRadius": 46.0114, "stabilizedPalmPosition": [15.7599, 123.879, 95.715], "t": [-9.52536, -23.2733, -1.43349], "timeVisible": 3.56424, "type": "left", "wrist": [3.24725, 145.499, 167.618]}], "id": 64420, "interactionBox": {"center": [0, 200, 0], "size": [235.247, 235.247, 147.751]}, "pointables": [{"bases": [[[0.792262, 0.487698, -0.366703], [-0.572031, 0.802806, -0.168178], [0.212371, 0.343007, 0.915011]], [[0.817214, 0.57539, -0.032976], [-0.444284, 0.592496, -0.671982], [-0.367113, 0.563804, 0.739833]], [[0.817214, 0.57539, -0.032976], [-0.371032, 0.481461, -0.79406], [-0.441017, 0.661152, 0.606944]], [[0.817214, 0.57539, -0.032976], [-0.262975, 0.321362, -0.909709], [-0.51284, 0.752099, 0.413935]]], "btipPosition": [5.34784, 52.4714, 21.6557], "carpPosition": [24.54, 131.55, 144.465], "dipPosition": [14.1244, 65.3427, 28.7397], "direction": [-0.441017, -0.661152, -0.606944], "extended": true, "handId": 95, "id": 951, "length": 58.9043, "mcpPosition": [40.5996, 105.612, 75.2712], "pipPosition": [24.8015, 81.3493, 43.4339], "stabilizedTipPosition": [4.03509, 61.3307, 21.4263], "timeVisible": 3.56424, "tipPosition": [6.23163, 53.2193, 27.0461], "tipVelocity": [87.8863, -138.736, 11.9622], "tool": false, "touchDistance": 0.345904, "touchZone": "hovering", "type": 1, "width": 20.4624}, {"bases": [[[-0.174367, 0.937587, -0.300878], [-0.845771, 0.0138694, 0.533366], [0.50425, 0.347475, 0.790565]], [[-0.277222, 0.842708, -0.46151], [-0.958977, -0.213063, 0.186993], [0.0592498, 0.494416, 0.867204]], [[-0.277222, 0.842708, -0.46151], [-0.927352, -0.360329, -0.100907], [-0.251331, 0.400008, 0.881377]], [[-0.277222, 0.842708, -0.46151], [-0.688103, -0.509373, -0.516772], [-0.670569, 0.174306, 0.721079]]], "btipPosition": [-2.30841, 68.6494, 66.0415], "carpPosition": [18.9545, 111.765, 157.541], "dipPosition": [13.4111, 72.7355, 82.9451], "direction": [-0.251331, -0.400008, -0.881377], "extended": false, "handId": 95, "id": 950, "length": 52.2022, "mcpPosition": [18.9545, 111.765, 157.541], "pipPosition": [21.9945, 86.3965, 113.046], "stabilizedTipPosition": [1.22988, 74.723, 62.6226], "timeVisible": 3.56424, "tipPosition": [4.83961, 67.81, 68.9087], "tipVelocity": [-81.6798, -46.4857, 100.832], "tool": false, "touchDistance": 0.390125, "touchZone": "hovering", "type": 0, "width": 21.4221}, {"bases": [[[0.899502, 0.385503, -0.205631], [-0.425053, 0.881035, -0.207623], [0.101129, 0.274161, 0.956352]], [[0.901407, 0.391113, -0.18573], [-0.203765, 0.00471542, -0.979008], [-0.382027, 0.920331, 0.0839457]], [[0.901407, 0.391113, -0.18573], [0.381864, -0.920327, -0.0847253], [-0.204069, 0.00544831, -0.978941]], [[0.901407, 0.391113, -0.18573], [0.432629, -0.796553, 0.422298], [0.0172222, -0.461014, -0.887225]]], "btipPosition": [-0.930263, 83.2813, 110.973], "carpPosition": [15.75, 138.853, 139.025], "dipPosition": [-1.25443, 74.6036, 94.273], "direction": [-0.204069, -0.00544831, 0.978941], "extended": false, "handId": 95, "id": 952, "length": 67.1168, "mcpPosition": [23.0023, 119.192, 70.4425], "pipPosition": [4.55812, 74.7588, 66.3896], "stabilizedTipPosition": [-5.89514, 85.7914, 103.02], "timeVisible": 3.56424, "tipPosition": [-0.907165, 82.779, 106.596], "tipVelocity": [130.173, -89.1458, 70.7197], "tool": false, "touchDistance": 0.618869, "touchZone": "none", "type": 2, "width": 20.0968}, {"bases": [[[0.934045, 0.354126, -0.0464142], [-0.356261, 0.914617, -0.191192], [-0.0252547, 0.195117, 0.980455]], [[0.933879, 0.341789, -0.105123], [-0.152493, 0.114747, -0.981621], [-0.323445, 0.932745, 0.15928]], [[0.933879, 0.341789, -0.105123], [0.323323, -0.932653, -0.160062], [-0.152751, 0.11549, -0.981493]], [[0.933879, 0.341789, -0.105123], [0.357551, -0.89685, 0.260418], [-0.00527116, -0.280786, -0.959756]]], "btipPosition": [-15.5124, 92.0254, 110.382], "carpPosition": [4.92592, 144.281, 135.443], "dipPosition": [-15.4138, 86.7706, 92.4208], "direction": [-0.152751, -0.11549, 0.981493], "extended": false, "handId": 95, "id": 953, "length": 64.5346, "mcpPosition": [3.29986, 131.718, 72.315], "pipPosition": [-11.1753, 89.9752, 65.1867], "stabilizedTipPosition": [-18.9109, 96.2233, 103.787], "timeVisible": 3.56424, "tipPosition": [-15.3162, 91.4734, 107.171], "tipVelocity": [38.7923, -72.6088, 49.4359], "tool": false, "touchDistance": 0.604187, "touchZone": "none", "type": 3, "width": 19.1234}, {"bases": [[[0.970783, 0.218307, 0.0996074], [-0.207468, 0.972183, -0.108706], [-0.120568, 0.0848647, 0.989071]], [[0.978047, 0.203922, -0.0429057], [-0.0735904, 0.145362, -0.986638], [-0.19496, 0.968135, 0.157177]], [[0.978047, 0.203922, -0.0429057], [0.194902, -0.968019, -0.157963], [-0.0737456, 0.146133, -0.986512]], [[0.978047, 0.203922, -0.0429057], [0.194902, -0.968019, -0.157963], [-0.0737456, 0.146133, -0.986512]]], "btipPosition": [-26.511, 99.7072, 107.363], "carpPosition": [-9.70203, 144.44, 135.521], "dipPosition": [-25.2378, 102.23, 90.3311], "direction": [-0.0737456, -0.146133, 0.986512], "extended": false, "handId": 95, "id": 954, "length": 50.5939, "mcpPosition": [-16.8881, 139.382, 76.5711], "pipPosition": [-23.7931, 105.093, 71.0043], "stabilizedTipPosition": [-27.85, 105.441, 101.541], "timeVisible": 3.56424, "tipPosition": [-25.2415, 104.83, 101.554], "tipVelocity": [25.954, -96.3321, 13.4409], "tool": false, "touchDistance": 0.557433, "touchZone": "none", "type": 4, "width": 16.9869}], "r": [[0.450951, 0.0923681, 0.887756], [0.480075, 0.8134, -0.328494], [-0.752443, 0.574324, 0.32246]], "s": 0.873758, "t": [9.52536, -23.2733, -1.43349], "timestamp": 17633813742}, {"currentFrameRate": 113.625, "devices": [], "gestures": [], "hands": [{"armBasis": [[0.807445, 0.566815, -0.163564], [-0.48637, 0.482675, -0.728333], [-0.333882, 0.667642, 0.665415]], "armWidth": 66.825, "confidence": 1, "direction": [0.158475, -0.145691, -0.976555], "elbow": [95.8627, 331.184, 351.898], "grabAngle": 2.64977, "grabStrength": 0.276705, "id": 95, "palmNormal": [-0.535297, -0.843762, 0.0390118], "palmPosition": [14.0056, 120.205, 95.0511], "palmVelocity": [1.89292, -37.8841, -16.3754], "palmWidth": 93.5265, "pinchDistance": 38.4104, "pinchStrength": 0.661331, "r": [[0.448405, 0.0993906, 0.888287], [0.493497, 0.801069, -0.338748], [-0.745248, 0.590263, 0.310154]], "s": 0.873697, "sphereCenter": [-24.8509, 88.1643, 79.7971], "sphereRadius": 45.6727, "stabilizedPalmPosition": [15.7327, 123.822, 95.7047], "t": [-9.50464, -23.6885, -1.57694], "timeVisible": 3.57286, "type": "left", "wrist": [3.20138, 145.895, 167.228]}], "id": 64421, "interactionBox": {"center": [0, 200, 0], "size": [235.247, 235.247, 147.751]}, "pointables": [{"bases": [[[0.791278, 0.48477, -0.372663], [-0.573214, 0.800256, -0.176114], [0.212851, 0.35297, 0.911102]], [[0.816424, 0.5761, -0.0395079], [-0.44636, 0.586196, -0.676119], [-0.366353, 0.569634, 0.735732]], [[0.816424, 0.5761, -0.0395079], [-0.377616, 0.480874, -0.791307], [-0.436873, 0.660961, 0.610141]], [[0.816424, 0.5761, -0.0395079], [-0.272289, 0.323736, -0.90612], [-0.509226, 0.750536, 0.421171]]], "btipPosition": [5.56006, 51.6813, 21.6763], "carpPosition": [24.521, 131.733, 144.215], "dipPosition": [14.2748, 64.5258, 28.8841], "direction": [-0.436873, -0.660961, -0.610141], "extended": true, "handId": 95, "id": 951, "length": 58.9043, "mcpPosition": [40.6169, 105.041, 75.3166], "pipPosition": [24.8516, 80.5278, 43.6557], "stabilizedTipPosition": [5.06187, 59.3829, 21.9813], "timeVisible": 3.57286, "tipPosition": [6.28237, 52.2773, 27.4505], "tipVelocity": [22.9691, -92.3771, 5.69011], "tool": false, "touchDistance": 0.345382, "touchZone": "hovering", "type": 1, "width": 20.4624}, {"bases": [[[-0.175853, 0.934119, -0.31064], [-0.845254, 0.0184717, 0.534045], [0.5046, 0.356483, 0.78632]], [[-0.278527, 0.837676, -0.46981], [-0.958736, -0.213479, 0.187753], [0.0569819, 0.502718, 0.86257]], [[-0.278527, 0.837676, -0.46981], [-0.9213, -0.371234, -0.115721], [-0.271347, 0.400604, 0.87515]], [[-0.278527, 0.837676, -0.46981], [-0.679013, -0.517699, -0.520509], [-0.679237, 0.174031, 0.712987]]], "btipPosition": [-3.36866, 68.5394, 66.635], "carpPosition": [18.8974, 112.094, 157.495], "dipPosition": [12.5541, 72.619, 83.3489], "direction": [-0.271347, -0.400604, -0.87515], "extended": false, "handId": 95, "id": 950, "length": 52.2022, "mcpPosition": [18.8974, 112.094, 157.495], "pipPosition": [21.8211, 86.3004, 113.237], "stabilizedTipPosition": [1.1955, 74.5304, 62.9111], "timeVisible": 3.57286, "tipPosition": [4.50665, 67.3731, 69.3988], "tipVelocity": [-117.576, -12.938, 63.7926], "tool": false, "touchDistance": 0.392694, "touchZone": "hovering", "type": 0, "width": 21.4221}, {"bases": [[[0.898807, 0.384426, -0.210624], [-0.426374, 0.878247, -0.216535], [0.101738, 0.284428, 0.953284]], [[0.902495, 0.396922, -0.167201], [-0.183862, 0.00399445, -0.982944], [-0.389484, 0.917844, 0.0765839]], [[0.902495, 0.396922, -0.167201], [0.389338, -0.91784, -0.0773667], [-0.184172, 0.00472535, -0.982883]], [[0.902495, 0.396922, -0.167201], [0.429058, -0.794667, 0.429435], [0.0375832, -0.459301, -0.887485]]], "btipPosition": [-0.300976, 82.7891, 111.329], "carpPosition": [15.7457, 138.989, 138.689], "dipPosition": [-1.0084, 74.1437, 94.6243], "direction": [-0.184172, -0.00472535, 0.982883], "extended": false, "handId": 95, "id": 952, "length": 67.1168, "mcpPosition": [23.0416, 118.592, 70.3261], "pipPosition": [4.23742, 74.2783, 66.6286], "stabilizedTipPosition": [-5.36692, 85.306, 103.454], "timeVisible": 3.57286, "tipPosition": [-0.929311, 82.5181, 106.868], "tipVelocity": [62.7771, -56.2378, 41.1889], "tool": false, "touchDistance": 0.624787, "touchZone": "none", "type": 2, "width": 20.0968}, {"bases": [[[0.93355, 0.354785, -0.0511177], [-0.357609, 0.912087, -0.200531], [-0.0245216, 0.205486, 0.978353]], [[0.93334, 0.341825, -0.109692], [-0.153176, 0.102852, -0.982832], [-0.324674, 0.934119, 0.148355]], [[0.93334, 0.341825, -0.109692], [0.324552, -0.934036, -0.149138], [-0.153435, 0.103595, -0.982713]], [[0.93334, 0.341825, -0.109692], [0.358903, -0.895343, 0.263722], [-0.00806508, -0.285511, -0.958342]]], "btipPosition": [-15.5854, 91.8257, 110.609], "carpPosition": [4.93207, 144.392, 135.038], "dipPosition": [-15.4344, 86.4824, 92.6741], "direction": [-0.153435, -0.103595, 0.982713], "extended": false, "handId": 95, "id": 953, "length": 64.5346, "mcpPosition": [3.35321, 131.162, 72.0455], "pipPosition": [-11.177, 89.357, 65.4062], "stabilizedTipPosition": [-18.6752, 95.8285, 103.976], "timeVisible": 3.57286, "tipPosition": [-15.35, 91.3075, 107.303], "tipVelocity": [-7.06832, -25.5297, 27.0248], "tool": false, "touchDistance": 0.60807, "touchZone": "none", "type": 3, "width": 19.1234}, {"bases": [[[0.970605, 0.22057, 0.0963005], [-0.208806, 0.970713, -0.118812], [-0.119687, 0.0952119, 0.988236]], [[0.977729, 0.204589, -0.0467891], [-0.0766542, 0.140583, -0.987097], [-0.195371, 0.9687, 0.153135]], [[0.977729, 0.204589, -0.0467891], [0.19531, -0.968588, -0.153921], [-0.0768098, 0.141354, -0.986975]], [[0.977729, 0.204589, -0.0467891], [0.206494, -0.977617, 0.0403148], [-0.0374939, -0.0490786, -0.998091]]], "btipPosition": [-25.9009, 102.664, 107.344], "carpPosition": [-9.69575, 144.57, 135.1], "dipPosition": [-25.2536, 101.817, 90.1118], "direction": [-0.0768098, -0.141354, 0.986975], "extended": false, "handId": 95, "id": 954, "length": 50.5939, "mcpPosition": [-16.8293, 138.895, 76.1996], "pipPosition": [-23.7488, 104.586, 70.776], "stabilizedTipPosition": [-27.3589, 104.746, 101.972], "timeVisible": 3.57286, "tipPosition": [-25.3202, 104.325, 101.792], "tipVelocity": [54.0794, 253.147, -7.58318], "tool": false, "touchDistance": 0.556343, "touchZone": "none", "type": 4, "width": 16.9869}], "r": [[0.448405, 0.0993906, 0.888287], [0.493497, 0.801069, -0.338748], [-0.745248, 0.590263, 0.310154]], "s": 0.873697, "t": [9.50464, -23.6885, -1.57694], "timestamp": 17633822362}, {"currentFrameRate": 113.643, "devices": [], "gestures": [], "hands": [{"armBasis": [[0.803836, 0.569543, -0.171663], [-0.492404, 0.475176, -0.72921], [-0.333746, 0.670693, 0.662409]], "armWidth": 66.825, "confidence": 1, "direction": [0.160339, -0.15376, -0.975012], "elbow": [95.7729, 332.436, 350.754], "grabAngle": 2.6555, "grabStrength": 0.272247, "id": 95, "palmNormal": [-0.541395, -0.839649, 0.0433817], "palmPosition": [14.0211, 120.016, 94.9568], "palmVelocity": [1.77441, -21.4702, -10.7454], "palmWidth": 93.5265, "pinchDistance": 38.7732, "pinchStrength": 0.667371, "r": [[0.446827, 0.106925, 0.888208], [0.502803, 0.791174, -0.348186], [-0.739956, 0.602172, 0.299755]], "s": 0.873558, "sphereCenter": [-24.4612, 87.9842, 79.919], "sphereRadius": 45.3513, "stabilizedPalmPosition": [15.7062, 123.763, 95.6931], "t": [-9.4865, -23.9903, -1.69577], "timeVisible": 3.58162, "type": "left", "wrist": [3.14949, 146.301, 166.918]}], "id": 64422, "interactionBox": {"center": [0, 200, 0], "size": [235.247, 235.247, 147.751]}, "pointables": [{"bases": [[[0.7867, 0.487699, -0.378487], [-0.579408, 0.7949, -0.180056], [0.213046, 0.360948, 0.907925]], [[0.812155, 0.581658, -0.0455931], [-0.453299, 0.579867, -0.67696], [-0.367321, 0.570463, 0.734606]], [[0.812155, 0.581658, -0.0455931], [-0.386137, 0.47728, -0.789368], [-0.437382, 0.658694, 0.612225]], [[0.812155, 0.581658, -0.0455931], [-0.282676, 0.323923, -0.902866], [-0.510391, 0.746155, 0.427497]]], "btipPosition": [5.45183, 51.2589, 21.6605], "carpPosition": [24.4719, 131.819, 144.069], "dipPosition": [14.1865, 64.0284, 28.9766], "direction": [-0.437382, -0.658694, -0.612225], "extended": true, "handId": 95, "id": 951, "length": 58.9043, "mcpPosition": [40.5826, 104.524, 75.4111], "pipPosition": [24.7756, 79.9755, 43.7987], "stabilizedTipPosition": [5.79911, 57.7888, 22.3999], "timeVisible": 3.58162, "tipPosition": [6.05617, 51.7355, 27.6941], "tipVelocity": [-11.8192, -50.1393, 1.04433], "tool": false, "touchDistance": 0.344315, "touchZone": "hovering", "type": 1, "width": 20.4624}, {"bases": [[[-0.183411, 0.930614, -0.31673], [-0.843772, 0.0162839, 0.536455], [0.50439, 0.36564, 0.782239]], [[-0.285694, 0.832529, -0.47463], [-0.956796, -0.219867, 0.190265], [0.0540455, 0.508481, 0.859375]], [[-0.285694, 0.832529, -0.47463], [-0.913211, -0.386675, -0.128562], [-0.290559, 0.396708, 0.870746]], [[-0.285694, 0.832529, -0.47463], [-0.670837, -0.527428, -0.521342], [-0.684366, 0.169455, 0.709175]]], "btipPosition": [-4.52363, 68.7061, 67.015], "carpPosition": [18.6694, 112.316, 157.471], "dipPosition": [11.5194, 72.6785, 83.6396], "direction": [-0.290559, -0.396708, -0.870746], "extended": false, "handId": 95, "id": 950, "length": 52.2022, "mcpPosition": [18.6694, 112.316, 157.471], "pipPosition": [21.4425, 86.2267, 113.377], "stabilizedTipPosition": [1.1044, 74.31, 63.267], "timeVisible": 3.58162, "tipPosition": [3.92138, 67.2242, 69.7225], "tipVelocity": [-128.557, 16.1995, 40.9907], "tool": false, "touchDistance": 0.39215, "touchZone": "hovering", "type": 0, "width": 21.4221}, {"bases": [[[0.895422, 0.389276, -0.216065], [-0.433248, 0.873639, -0.221474], [0.102548, 0.291923, 0.950928]], [[0.89996, 0.40608, -0.158655], [-0.174361, 0.00170793, -0.98468], [-0.399588, 0.913836, 0.0723417]], [[0.89996, 0.40608, -0.158655], [0.399449, -0.913834, -0.0731258], [-0.174679, 0.00243564, -0.984622]], [[0.89996, 0.40608, -0.158655], [0.433041, -0.790481, 0.433145], [0.050478, -0.458517, -0.887251]]], "btipPosition": [-0.198312, 82.6048, 111.525], "carpPosition": [15.7649, 139.098, 138.465], "dipPosition": [-1.14846, 73.9741, 94.8239], "direction": [-0.174679, -0.00243564, 0.984622], "extended": false, "handId": 95, "id": 952, "length": 67.1168, "mcpPosition": [23.119, 118.163, 70.2714], "pipPosition": [3.82697, 74.0435, 66.7787], "stabilizedTipPosition": [-4.94784, 84.9093, 103.812], "timeVisible": 3.58162, "tipPosition": [-1.19567, 82.4726, 107.013], "tipVelocity": [5.34135, -20.6333, 22.3819], "tool": false, "touchDistance": 0.628058, "touchZone": "none", "type": 2, "width": 20.0968}, {"bases": [[[0.930848, 0.361018, -0.0564587], [-0.364677, 0.908079, -0.205919], [-0.0230715, 0.212268, 0.976939]], [[0.930557, 0.34764, -0.114938], [-0.156015, 0.0924765, -0.983416], [-0.331246, 0.933057, 0.140292]], [[0.930557, 0.34764, -0.114938], [0.331121, -0.932983, -0.141075], [-0.156279, 0.0932195, -0.983304]], [[0.930557, 0.34764, -0.114938], [0.365949, -0.89338, 0.260679], [-0.0120611, -0.284638, -0.958559]]], "btipPosition": [-15.871, 91.8677, 110.787], "carpPosition": [5.00088, 144.552, 134.743], "dipPosition": [-15.6453, 86.5407, 92.8478], "direction": [-0.156279, -0.0932195, 0.983304], "extended": false, "handId": 95, "id": 953, "length": 64.5346, "mcpPosition": [3.51539, 130.885, 71.842], "pipPosition": [-11.3089, 89.1273, 65.5635], "stabilizedTipPosition": [-18.4797, 95.4736, 104.16], "timeVisible": 3.58162, "tipPosition": [-15.578, 91.4074, 107.317], "tipVelocity": [-30.6095, 5.21187, 20.1664], "tool": false, "touchDistance": 0.611017, "touchZone": "none", "type": 3, "width": 19.1234}, {"bases": [[[0.969295, 0.228123, 0.0917959], [-0.216053, 0.968338, -0.125069], [-0.117421, 0.101396, 0.987892]], [[0.976087, 0.211061, -0.052038], [-0.0828073, 0.139674, -0.986729], [-0.200991, 0.967442, 0.153811]], [[0.976087, 0.211061, -0.052038], [0.200925, -0.967331, -0.154597], [-0.0829673, 0.140444, -0.986606]], [[0.976087, 0.211061, -0.052038], [0.215089, -0.972385, 0.0905753], [-0.0314842, -0.0996022, -0.994529]]], "btipPosition": [-25.9115, 103.494, 106.932], "carpPosition": [-9.62542, 144.834, 134.76], "dipPosition": [-25.3679, 101.775, 89.761], "direction": [-0.0829673, -0.140444, 0.986606], "extended": false, "handId": 95, "id": 954, "length": 50.5939, "mcpPosition": [-16.6239, 138.79, 75.88], "pipPosition": [-23.7425, 104.526, 70.4324], "stabilizedTipPosition": [-27.0123, 104.383, 102.195], "timeVisible": 3.58162, "tipPosition": [-25.4493, 104.414, 101.739], "tipVelocity": [-3.92266, 71.7409, -45.4052], "tool": false, "touchDistance": 0.549707, "touchZone": "none", "type": 4, "width": 16.9869}], "r": [[0.446827, 0.106925, 0.888208], [0.502803, 0.791174, -0.348186], [-0.739956, 0.602172, 0.299755]], "s": 0.873558, "t": [9.4865, -23.9903, -1.69577], "timestamp": 17633831131}, {"currentFrameRate": 113.768, "devices": [], "gestures": [], "hands": [{"armBasis": [[0.800082, 0.572586, -0.178927], [-0.497615, 0.466886, -0.731025], [-0.335036, 0.673916, 0.658474]], "armWidth": 66.825, "confidence": 1, "direction": [0.162073, -0.159116, -0.973866], "elbow": [96.113, 333.702, 349.452], "grabAngle": 2.69113, "grabStrength": 0.268588, "id": 95, "palmNormal": [-0.547897, -0.835319, 0.0452969], "palmPosition": [14.0386, 119.961, 94.9102], "palmVelocity": [2.03945, -6.48383, -5.43989], "palmWidth": 93.5265, "pinchDistance": 39.2102, "pinchStrength": 0.671596, "r": [[0.445979, 0.114386, 0.887704], [0.508788, 0.783572, -0.35658], [-0.736368, 0.610681, 0.291258]], "s": 0.874424, "sphereCenter": [-24.3644, 88.173, 79.9285], "sphereRadius": 45.1789, "stabilizedPalmPosition": [15.6837, 123.712, 95.6825], "t": [-9.46868, -24.169, -1.77851], "timeVisible": 3.5902, "type": "left", "wrist": [3.13142, 146.673, 166.708]}], "id": 64423, "interactionBox": {"center": [0, 200, 0], "size": [235.247, 235.247, 147.751]}, "pointables": [{"bases": [[[0.781833, 0.49205, -0.382916], [-0.585976, 0.789702, -0.181665], [0.213001, 0.366412, 0.905745]], [[0.807538, 0.587683, -0.0501124], [-0.460357, 0.574899, -0.676433], [-0.368719, 0.569315, 0.734797]], [[0.807538, 0.587683, -0.0501124], [-0.392616, 0.472197, -0.789229], [-0.440154, 0.657008, 0.61205]], [[0.807538, 0.587683, -0.0501124], [-0.29006, 0.321717, -0.901312], [-0.513564, 0.742379, 0.430262]]], "btipPosition": [5.22728, 51.0738, 21.7085], "carpPosition": [24.4324, 131.893, 144.003], "dipPosition": [14.0163, 63.7787, 29.0718], "direction": [-0.440154, -0.657008, -0.61205], "extended": true, "handId": 95, "id": 951, "length": 58.9043, "mcpPosition": [40.5396, 104.184, 75.5103], "pipPosition": [24.6725, 79.685, 43.8897], "stabilizedTipPosition": [6.2416, 56.6311, 22.7058], "timeVisible": 3.5902, "tipPosition": [5.77423, 51.49, 27.8546], "tipVelocity": [-24.7327, -23.3127, 6.85825], "tool": false, "touchDistance": 0.344099, "touchZone": "hovering", "type": 1, "width": 20.4624}, {"bases": [[