{"frames": 61, "data": [{"currentFrameRate": 115.016, "devices": [], "gestures": [], "hands": [{"armBasis": [[-0.038822, -0.941765, -0.334024], [0.949739, 0.0691371, -0.305312], [0.310626, -0.329088, 0.891747]], "armWidth": 57.4912, "confidence": 1, "direction": [0.177943, 0.357587, -0.91677], "elbow": [-56.1246, 10.8061, 344.603], "grabAngle": 2.73992, "grabStrength": 0, "id": 79, "palmNormal": [0.982955, -0.0208322, 0.182664], "palmPosition": [34.375, 118.904, 74.5359], "palmVelocity": [0.168609, 8.83269, 2.35531], "palmWidth": 80.2111, "pinchDistance": 51.8255, "pinchStrength": 0.518635, "r": [[0.376544, 0.402064, 0.834601], [0.628464, 0.551031, -0.548997], [-0.680623, 0.731238, -0.0451952]], "s": 1.03918, "sphereCenter": [74.4236, 101.855, 58.7608], "sphereRadius": 47.5007, "stabilizedPalmPosition": [27.9293, 122.32, 76.0849], "t": [10.5064, -26.8781, -46.164], "timeVisible": 2.92244, "type": "left", "wrist": [17.809, 89.1342, 132.354]}], "id": 56097, "interactionBox": {"center": [0, 200, 0], "size": [235.247, 235.247, 147.751]}, "pointables": [{"bases": [[[-0.0754407, -0.860354, -0.504084], [0.947209, 0.0961473, -0.30586], [0.311614, -0.500547, 0.807682]], [[0.00942781, -0.961916, -0.273182], [0.94421, 0.0985055, -0.314267], [0.329208, -0.254979, 0.90918]], [[0.00942781, -0.961916, -0.273182], [0.919474, 0.11572, -0.375734], [0.393037, -0.247642, 0.885548]], [[0.00942781, -0.961916, -0.273182], [0.845358, 0.153591, -0.511643], [0.534116, -0.226113, 0.814612]]], "btipPosition": [63.3937, 165.199, -1.70928], "carpPosition": [15.1956, 114.968, 114.204], "dipPosition": [55.5993, 161.899, 10.1784], "direction": [0.393037, 0.247642, -0.885548], "extended": true, "handId": 79, "id": 791, "length": 50.2283, "mcpPosition": [35.4051, 147.43, 61.8221], "pipPosition": [47.4853, 156.787, 28.4599], "stabilizedTipPosition": [55.7339, 166.269, 2.85817], "timeVisible": 2.92244, "tipPosition": [60.4185, 164.672, 0.559432], "tipVelocity": [-1.65683, 0.302002, -2.55949], "tool": false, "touchDistance": 0.271931, "touchZone": "hovering", "type": 1, "width": 17.6278}, {"bases": [[[0.82586, -0.287288, -0.485202], [0.546233, 0.621157, 0.561955], [0.139944, -0.72913, 0.669915]], [[0.775375, -0.12115, -0.619771], [0.404253, 0.849205, 0.33975], [0.485152, -0.513978, 0.707428]], [[0.775375, -0.12115, -0.619771], [0.228886, 0.968607, 0.0970136], [0.588561, -0.217079, 0.778764]], [[0.775375, -0.12115, -0.619771], [0.0350645, 0.988171, -0.149294], [0.630526, 0.0940272, 0.770451]]], "btipPosition": [81.224, 144.933, 59.3161], "carpPosition": [30.1316, 117.874, 128.526], "dipPosition": [68.6202, 146.813, 74.7169], "direction": [0.588561, 0.217079, -0.778764], "extended": false, "handId": 79, "id": 790, "length": 44.5133, "mcpPosition": [30.1316, 117.874, 128.526], "pipPosition": [51.4804, 140.491, 97.3957], "stabilizedTipPosition": [73.9558, 146.728, 65.3279], "timeVisible": 2.92244, "tipPosition": [80.0271, 142.666, 64.3904], "tipVelocity": [-4.91013, 11.302, -5.36562], "tool": false, "touchDistance": 0.227939, "touchZone": "hovering", "type": 0, "width": 18.4546}, {"bases": [[[-0.19301, -0.92377, -0.330751], [0.92743, -0.0617027, -0.368871], [0.320344, -0.377945, 0.868641]], [[-0.19772, -0.918087, -0.343544], [-0.0743577, 0.3635, -0.928622], [0.977434, -0.158062, -0.140138]], [[-0.19772, -0.918087, -0.343544], [-0.979981, 0.176794, 0.0915455], [-0.0233103, 0.354767, -0.934664]], [[-0.19772, -0.918087, -0.343544], [-0.743136, -0.0881634, 0.663306], [-0.639261, 0.386449, -0.664832]]], "btipPosition": [63.8612, 121.066, 93.6297], "carpPosition": [14.746, 106.134, 107.913], "dipPosition": [74.1217, 127.269, 82.9588], "direction": [-0.0233103, -0.354767, 0.934664], "extended": false, "handId": 79, "id": 792, "length": 57.2312, "mcpPosition": [34.4482, 129.378, 54.4884], "pipPosition": [74.6878, 135.886, 60.2577], "stabilizedTipPosition": [67.6422, 129.281, 86.1634], "timeVisible": 2.92244, "tipPosition": [69.5571, 124.158, 87.0487], "tipVelocity": [-6.50608, 5.36071, 15.3359], "tool": false, "touchDistance": 0.352923, "touchZone": "none", "type": 2, "width": 17.3129}, {"bases": [[[-0.213126, -0.962021, -0.170564], [0.92101, -0.139561, -0.363681], [0.326065, -0.234601, 0.915775]], [[-0.232295, -0.946223, -0.225171], [-0.158161, 0.265169, -0.951142], [0.9597, -0.185332, -0.211253]], [[-0.232295, -0.946223, -0.225171], [-0.967918, 0.20209, 0.14931], [-0.0957756, 0.252631, -0.962811]], [[-0.232295, -0.946223, -0.225171], [-0.686909, -0.00430459, 0.726731], [-0.688618, 0.323488, -0.648969]]], "btipPosition": [57.6951, 105.29, 94.0574], "carpPosition": [16.3216, 96.4029, 103.427], "dipPosition": [68.6842, 110.453, 83.701], "direction": [-0.0957756, -0.252631, 0.962811], "extended": false, "handId": 79, "id": 793, "length": 55.0293, "mcpPosition": [34.3267, 109.357, 52.8585], "pipPosition": [70.9503, 116.43, 60.9203], "stabilizedTipPosition": [55.6106, 110.105, 92.8324], "timeVisible": 2.92244, "tipPosition": [59.7052, 109.054, 90.64], "tipVelocity": [0.811739, 8.45351, 0.845112], "tool": false, "touchDistance": 0.361258, "touchZone": "none", "type": 3, "width": 16.4743}, {"bases": [[[-0.323184, -0.946336, -0.0009758], [0.901813, -0.307666, -0.303437], [0.286853, -0.098946, 0.952851]], [[-0.357691, -0.925479, -0.12468], [-0.0995805, 0.170554, -0.980304], [0.928515, -0.33823, -0.153165]], [[-0.357691, -0.925479, -0.12468], [-0.933822, 0.353652, 0.0539181], [-0.00580656, 0.135715, -0.990731]], [[-0.357691, -0.925479, -0.12468], [-0.701836, 0.178345, 0.689651], [-0.616021, 0.334188, -0.713328]]], "btipPosition": [56.4539, 93.8328, 85.7725], "carpPosition": [22.9153, 85.7474, 102.8], "dipPosition": [65.5231, 98.7528, 75.2707], "direction": [-0.00580656, -0.135715, 0.990731], "extended": false, "handId": 79, "id": 794, "length": 43.1419, "mcpPosition": [37.5782, 90.8051, 54.0944], "pipPosition": [65.6201, 101.02, 58.7201], "stabilizedTipPosition": [54.2156, 98.0613, 84.5385], "timeVisible": 2.92244, "tipPosition": [58.7682, 96.303, 81.7271], "tipVelocity": [-0.144139, 8.08166, 2.07177], "tool": false, "touchDistance": 0.333333, "touchZone": "none", "type": 4, "width": 14.6338}], "r": [[0.376544, 0.402064, 0.834601], [0.628464, 0.551031, -0.548997], [-0.680623, 0.731238, -0.0451952]], "s": 1.03918, "t": [-10.5064, -26.8781, -46.164], "timestamp": 17560344087}, {"currentFrameRate": 115, "devices": [], "gestures": [], "hands": [{"armBasis": [[-0.0377675, -0.941704, -0.334317], [0.949796, 0.070153, -0.304905], [0.310583, -0.329048, 0.891777]], "armWidth": 57.4912, "confidence": 1, "direction": [0.177506, 0.357286, -0.916972], "elbow": [-56.1401, 10.8762, 344.631], "grabAngle": 2.74006, "grabStrength": 0, "id": 79, "palmNormal": [0.983089, -0.021743, 0.181833], "palmPosition": [34.3326, 118.944, 74.541], "palmVelocity": [-4.86664, 4.59836, 0.586864], "palmWidth": 80.2111, "pinchDistance": 51.7911, "pinchStrength": 0.514373, "r": [[0.376057, 0.402513, 0.834605], [0.628355, 0.551197, -0.548955], [-0.680993, 0.730867, -0.0456399]], "s": 1.03993, "sphereCenter": [74.3614, 101.785, 58.7203], "sphereRadius": 47.5464, "stabilizedPalmPosition": [27.945, 122.312, 76.0811], "t": [10.4884, -26.8396, -46.1662], "timeVisible": 2.93116, "type": "left", "wrist": [17.7834, 89.1946, 132.375]}], "id": 56098, "interactionBox": {"center": [0, 200, 0], "size": [235.247, 235.247, 147.751]}, "pointables": [{"bases": [[[-0.074193, -0.860497, -0.504024], [0.947376, 0.0970064, -0.30507], [0.311405, -0.500134, 0.808018]], [[0.0107008, -0.962045, -0.272681], [0.944398, 0.0993448, -0.313436], [0.328629, -0.254166, 0.909617]], [[0.0107008, -0.962045, -0.272681], [0.919717, 0.116492, -0.374901], [0.392436, -0.246778, 0.886055]], [[0.0107008, -0.962045, -0.272681], [0.845694, 0.154216, -0.5109], [0.533561, -0.225138, 0.815246]]], "btipPosition": [63.3259, 165.174, -1.74489], "carpPosition": [15.183, 115.032, 114.226], "dipPosition": [55.5396, 161.889, 10.152], "direction": [0.392436, 0.246778, -0.886055], "extended": true, "handId": 79, "id": 791, "length": 50.2283, "mcpPosition": [35.379, 147.468, 61.8222], "pipPosition": [47.438, 156.794, 28.444], "stabilizedTipPosition": [55.7465, 166.265, 2.85412], "timeVisible": 2.93116, "tipPosition": [60.3589, 164.676, 0.536729], "tipVelocity": [-7.55912, -2.44413, -3.83784], "tool": false, "touchDistance": 0.271373, "touchZone": "hovering", "type": 1, "width": 17.6278}, {"bases": [[[0.826545, -0.28657, -0.48446], [0.545164, 0.621757, 0.562329], [0.14007, -0.7289, 0.670138]], [[0.776198, -0.120944, -0.61878], [0.403364, 0.849556, 0.33993], [0.484576, -0.513447, 0.708208]], [[0.776198, -0.120944, -0.61878], [0.228705, 0.968594, 0.0975714], [0.587546, -0.217253, 0.779481]], [[0.776198, -0.120944, -0.61878], [0.0356164, 0.988273, -0.148486], [0.629482, 0.0932157, 0.771403]]], "btipPosition": [81.1506, 144.983, 59.2507], "carpPosition": [30.134, 117.926, 128.534], "dipPosition": [68.5676, 146.846, 74.6705], "direction": [0.587546, 0.217253, -0.779481], "extended": false, "handId": 79, "id": 790, "length": 44.5133, "mcpPosition": [30.134, 117.926, 128.534], "pipPosition": [51.4574, 140.519, 97.3702], "stabilizedTipPosition": [73.9584, 146.728, 65.3264], "timeVisible": 2.93116, "tipPosition": [79.9906, 142.673, 64.3462], "tipVelocity": [-7.86561, 5.27852, -6.99826], "tool": false, "touchDistance": 0.226921, "touchZone": "hovering", "type": 0, "width": 18.4546}, {"bases": [[[-0.191849, -0.924001, -0.330782], [0.927801, -0.0608713, -0.368075], [0.319966, -0.377515, 0.868967]], [[-0.19604, -0.918956, -0.342181], [-0.0771935, 0.362332, -0.928847], [0.977553, -0.155677, -0.141969]], [[-0.19604, -0.918956, -0.342181], [-0.980278, 0.174774, 0.0922454], [-0.0249652, 0.353516, -0.935095]], [[-0.19604, -0.918956, -0.342181], [-0.743005, -0.0885201, 0.663406], [-0.639931, 0.384297, -0.665436]]], "btipPosition": [63.7657, 121.07, 93.7288], "carpPosition": [14.7198, 106.197, 107.936], "dipPosition": [74.0369, 127.238, 83.0482], "direction": [-0.0249652, -0.353516, 0.935095], "extended": false, "handId": 79, "id": 792, "length": 57.2312, "mcpPosition": [34.3987, 129.416, 54.492], "pipPosition": [74.6432, 135.825, 60.3367], "stabilizedTipPosition": [67.6419, 129.28, 86.1645], "timeVisible": 2.93116, "tipPosition": [69.4992, 124.151, 87.062], "tipVelocity": [-10.6697, -0.463402, 11.1039], "tool": false, "touchDistance": 0.354537, "touchZone": "none", "type": 2, "width": 17.3129}, {"bases": [[[-0.212064, -0.962248, -0.170607], [0.921451, -0.138735, -0.362879], [0.325511, -0.234159, 0.916085]], [[-0.231202, -0.946476, -0.225232], [-0.157424, 0.264848, -0.951354], [0.960085, -0.184498, -0.210231]], [[-0.231202, -0.946476, -0.225232], [-0.968242, 0.201203, 0.148406], [-0.0951454, 0.252391, -0.962936]], [[-0.231202, -0.946476, -0.225232], [-0.687463, -0.0048827, 0.726203], [-0.688433, 0.322738, -0.649538]]], "btipPosition": [57.6577, 105.313, 94.037], "carpPosition": [16.2822, 96.4643, 103.451], "dipPosition": [68.6439, 110.463, 83.6715], "direction": [-0.0951454, -0.252391, 0.962936], "extended": false, "handId": 79, "id": 793, "length": 55.0293, "mcpPosition": [34.2568, 109.395, 52.8651], "pipPosition": [70.8951, 116.435, 60.8878], "stabilizedTipPosition": [55.6175, 110.099, 92.8306], "timeVisible": 2.93116, "tipPosition": [59.6673, 109.071, 90.6256], "tipVelocity": [-4.36345, 2.30662, -2.57923], "tool": false, "touchDistance": 0.360883, "touchZone": "none", "type": 3, "width": 16.4743}, {"bases": [[[-0.322281, -0.946644, -0.00111414], [0.902363, -0.306849, -0.302628], [0.286139, -0.0985365, 0.953108]], [[-0.356707, -0.925834, -0.124867], [-0.0987726, 0.170286, -0.980432], [0.92898, -0.337394, -0.152189]], [[-0.356707, -0.925834, -0.124867], [-0.934203, 0.352788, 0.0529724], [-0.00499202, 0.135547, -0.990758]], [[-0.356707, -0.925834, -0.124867], [-0.702729, 0.177841, 0.688872], [-0.615575, 0.333474, -0.714047]]], "btipPosition": [56.4015, 93.855, 85.7605], "carpPosition": [22.8653, 85.8025, 102.82], "dipPosition": [65.4641, 98.7645, 75.2481], "direction": [-0.00499202, -0.135547, 0.990758], "extended": false, "handId": 79, "id": 794, "length": 43.1419, "mcpPosition": [37.4916, 90.8393, 54.1008], "pipPosition": [65.5475, 101.029, 58.6971], "stabilizedTipPosition": [54.2225, 98.0563, 84.5365], "timeVisible": 2.93116, "tipPosition": [58.7103, 96.3204, 81.7153], "tipVelocity": [-6.17614, 2.26919, -1.65263], "tool": false, "touchDistance": 0.333333, "touchZone": "none", "type": 4, "width": 14.6338}], "r": [[0.376057, 0.402513, 0.834605], [0.628355, 0.551197, -0.548955], [-0.680993, 0.730867, -0.0456399]], "s": 1.03993, "t": [-10.4884, -26.8396, -46.1662], "timestamp": 17560352810}, {"currentFrameRate": 115.058, "devices": [], "gestures": [], "hands": [{"armBasis": [[-0.0365685, -0.941694, -0.334477], [0.949881, 0.071228, -0.304388], [0.310465, -0.328844, 0.891893]], "armWidth": 57.4912, "confidence": 1, "direction": [0.177471, 0.358258, -0.9166], "elbow": [-56.1478, 10.9504, 344.652], "grabAngle": 2.74018, "grabStrength": 0, "id": 79, "palmNormal": [0.983134, -0.0227359, 0.181466], "palmPosition": [34.2995, 119.017, 74.5602], "palmVelocity": [-3.84367, 8.47729, 2.23642], "palmWidth": 80.2111, "pinchDistance": 51.7903, "pinchStrength": 0.511924, "r": [[0.375546, 0.402728, 0.834731], [0.62822, 0.551561, -0.548745], [-0.6814, 0.730473, -0.0458655]], "s": 1.04057, "sphereCenter": [74.2967, 101.849, 58.7068], "sphereRadius": 47.5459, "stabilizedPalmPosition": [27.9612, 122.304, 76.0772], "t": [10.4629, -26.784, -46.1577], "timeVisible": 2.93975, "type": "left", "wrist": [17.7476, 89.2203, 132.368]}], "id": 56099, "interactionBox": {"center": [0, 200, 0], "size": [235.247, 235.247, 147.751]}, "pointables": [{"bases": [[[-0.0733426, -0.859943, -0.505092], [0.947405, 0.0981206, -0.304624], [0.31152, -0.500869, 0.807518]], [[0.0115623, -0.961714, -0.273812], [0.944449, 0.10045, -0.312931], [0.328454, -0.254983, 0.909451]], [[0.0115623, -0.961714, -0.273812], [0.919741, 0.117674, -0.374471], [0.392355, -0.247506, 0.885888]], [[0.0115623, -0.961714, -0.273812], [0.8457, 0.155512, -0.510497], [0.533534, -0.22566, 0.815119]]], "btipPosition": [63.3024, 165.314, -1.68008], "carpPosition": [15.1606, 115.072, 114.247], "dipPosition": [55.5165, 162.021, 10.215], "direction": [0.392355, 0.247506, -0.885888], "extended": true, "handId": 79, "id": 791, "length": 50.2283, "mcpPosition": [35.364, 147.555, 61.8757], "pipPosition": [47.4166, 156.912, 28.5035], "stabilizedTipPosition": [55.7597, 166.261, 2.84999], "timeVisible": 2.93975, "tipPosition": [60.3365, 164.818, 0.602513], "tipVelocity": [-2.72335, 16.0953, 7.49331], "tool": false, "touchDistance": 0.272446, "touchZone": "hovering", "type": 1, "width": 17.6278}, {"bases": [[[0.826937, -0.285332, -0.484521], [0.544481, 0.621503, 0.563271], [0.140412, -0.729602, 0.669302]], [[0.776507, -0.119585, -0.618657], [0.402618, 0.849419, 0.341155], [0.484702, -0.513991, 0.707727]], [[0.776507, -0.119585, -0.618657], [0.22815, 0.968565, 0.0991413], [0.587353, -0.218131, 0.779381]], [[0.776507, -0.119585, -0.618657], [0.0353108, 0.988541, -0.146763], [0.629118, 0.0921169, 0.771832]]], "btipPosition": [81.1281, 145.065, 59.2856], "carpPosition": [30.1188, 117.936, 128.554], "dipPosition": [68.5524, 146.906, 74.714], "direction": [0.587353, 0.218131, -0.779381], "extended": false, "handId": 79, "id": 790, "length": 44.5133, "mcpPosition": [30.1188, 117.936, 128.554], "pipPosition": [51.4477, 140.554, 97.4108], "stabilizedTipPosition": [73.9615, 146.727, 65.3246], "timeVisible": 2.93975, "tipPosition": [79.9698, 142.727, 64.3759], "tipVelocity": [-2.42835, 8.97339, 4.29284], "tool": false, "touchDistance": 0.227536, "touchZone": "hovering", "type": 0, "width": 18.4546}, {"bases": [[[-0.191009, -0.923749, -0.331968], [0.927976, -0.0596959, -0.367828], [0.319963, -0.378317, 0.868619]], [[-0.194539, -0.919504, -0.341564], [-0.0794683, 0.361847, -0.928844], [0.97767, -0.153553, -0.143465]], [[-0.194539, -0.919504, -0.341564], [-0.980524, 0.172727, 0.0934738], [-0.0269522, 0.353096, -0.935199]], [[-0.194539, -0.919504, -0.341564], [-0.742844, -0.0892977, 0.663482], [-0.640576, 0.382802, -0.665677]]], "btipPosition": [63.6802, 121.114, 93.8286], "carpPosition": [14.6882, 106.245, 107.947], "dipPosition": [73.9618, 127.258, 83.1442], "direction": [-0.0269522, -0.353096, 0.935199], "extended": false, "handId": 79, "id": 792, "length": 57.2312, "mcpPosition": [34.367, 129.513, 54.5239], "pipPosition": [74.6164, 135.834, 60.4301], "stabilizedTipPosition": [67.6415, 129.278, 86.1657], "timeVisible": 2.93975, "tipPosition": [69.4507, 124.17, 87.1052], "tipVelocity": [-9.67104, 4.4575, 11.5188], "tool": false, "touchDistance": 0.356187, "touchZone": "none", "type": 2, "width": 17.3129}, {"bases": [[[-0.211249, -0.962207, -0.171846], [0.921685, -0.137571, -0.362728], [0.325379, -0.235014, 0.915913]], [[-0.23038, -0.946383, -0.226459], [-0.157236, 0.265864, -0.951101], [0.960313, -0.183507, -0.210055]], [[-0.23038, -0.946383, -0.226459], [-0.968458, 0.20028, 0.148247], [-0.0949433, 0.253469, -0.962673]], [[-0.23038, -0.946383, -0.226459], [-0.687647, -0.00633261, 0.726017], [-0.688525, 0.322984, -0.649319]]], "btipPosition": [57.6217, 105.345, 94.0283], "carpPosition": [16.2415, 96.5163, 103.449], "dipPosition": [68.6094, 110.499, 83.6663], "direction": [-0.0949433, -0.253469, 0.962673], "extended": false, "handId": 79, "id": 793, "length": 55.0293, "mcpPosition": [34.2088, 109.494, 52.8728], "pipPosition": [70.8558, 116.497, 60.8888], "stabilizedTipPosition": [55.6251, 110.093, 92.8287], "timeVisible": 2.93975, "tipPosition": [59.6322, 109.104, 90.6243], "tipVelocity": [-4.14801, 3.82323, -0.92562], "tool": false, "touchDistance": 0.36075, "touchZone": "none", "type": 3, "width": 16.4743}, {"bases": [[[-0.321536, -0.946894, -0.00237308], [0.902709, -0.305773, -0.302688], [0.285888, -0.0994671, 0.953087]], [[-0.355938, -0.92596, -0.12612], [-0.0985069, 0.171383, -0.980267], [0.929303, -0.336491, -0.152215]], [[-0.355938, -0.92596, -0.12612], [-0.934498, 0.352, 0.0530097], [-0.00469065, 0.136727, -0.990598]], [[-0.355938, -0.92596, -0.12612], [-0.703073, 0.176432, 0.688883], [-0.615626, 0.333871, -0.713817]]], "btipPosition": [56.3534, 93.8973, 85.7393], "carpPosition": [22.816, 85.8501, 102.803], "dipPosition": [65.4168, 98.8127, 75.2303], "direction": [-0.00469065, -0.136727, 0.990598], "extended": false, "handId": 79, "id": 794, "length": 43.1419, "mcpPosition": [37.4294, 90.9344, 54.0849], "pipPosition": [65.4951, 101.097, 58.6819], "stabilizedTipPosition": [54.2299, 98.051, 84.5344], "timeVisible": 2.93975, "tipPosition": [58.6619, 96.3652, 81.6989], "tipVelocity": [-5.58184, 5.08369, -2.37985], "tool": false, "touchDistance": 0.333333, "touchZone": "none", "type": 4, "width": 14.6338}], "r": [[0.375546, 0.402728, 0.834731], [0.62822, 0.551561, -0.548745], [-0.6814, 0.730473, -0.0458655]], "s": 1.04057, "t": [-10.4629, -26.784, -46.1577], "timestamp": 17560361402}, {"currentFrameRate": 115.009, "devices": [], "gestures": [], "hands": [{"armBasis": [[-0.0340305, -0.941533, -0.335197], [0.950042, 0.0736437, -0.30331], [0.310261, -0.328773, 0.89199]], "armWidth": 57.4912, "confidence": 1, "direction": [0.176974, 0.359691, -0.916135], "elbow": [-56.1468, 10.9963, 344.67], "grabAngle": 2.74034, "grabStrength": 0, "id": 79, "palmNormal": [0.983318, -0.0248752, 0.180185], "palmPosition": [34.2369, 119.115, 74.5887], "palmVelocity": [-7.1394, 11.1806, 3.24311], "palmWidth": 80.2111, "pinchDistance": 51.7867, "pinchStrength": 0.511002, "r": [[0.37478, 0.402717, 0.83508], [0.628047, 0.552291, -0.548207], [-0.68198, 0.729927, -0.0459377]], "s": 1.04108, "sphereCenter": [74.1597, 101.953, 58.667], "sphereRadius": 47.5159, "stabilizedPalmPosition": [27.9788, 122.295, 76.073], "t": [10.4188, -26.7071, -46.1392], "timeVisible": 2.94853, "type": "left", "wrist": [17.7001, 89.2493, 132.363]}], "id": 56100, "interactionBox": {"center": [0, 200, 0], "size": [235.247, 235.247, 147.751]}, "pointables": [{"bases": [[[-0.0711397, -0.859105, -0.50683], [0.947606, 0.100431, -0.303243], [0.311419, -0.501848, 0.806949]], [[0.01362, -0.961132, -0.275755], [0.944614, 0.102805, -0.311666], [0.327901, -0.256237, 0.909299]], [[0.01362, -0.961132, -0.275755], [0.919947, 0.120108, -0.373192], [0.391807, -0.248597, 0.885826]], [[0.01362, -0.961132, -0.275755], [0.846011, 0.158079, -0.509192], [0.532991, -0.226356, 0.815281]]], "btipPosition": [63.2363, 165.513, -1.59372], "carpPosition": [15.1406, 115.129, 114.292], "dipPosition": [55.4583, 162.21, 10.3037], "direction": [0.391807, 0.248597, -0.885826], "extended": true, "handId": 79, "id": 791, "length": 50.2283, "mcpPosition": [35.3375, 147.676, 61.9575], "pipPosition": [47.3698, 157.078, 28.591], "stabilizedTipPosition": [55.7747, 166.257, 2.8455], "timeVisible": 2.94853, "tipPosition": [60.2655, 165.011, 0.686511], "tipVelocity": [-7.31866, 22.4172, 9.90093], "tool": false, "touchDistance": 0.273895, "touchZone": "hovering", "type": 1, "width": 17.6278}, {"bases": [[[0.828063, -0.282895, -0.484026], [0.542639, 0.621413, 0.565145], [0.140903, -0.730627, 0.66808]], [[0.7775, -0.116984, -0.617906], [0.40067, 0.849463, 0.343332], [0.484724, -0.514517, 0.70733]], [[0.7775, -0.116984, -0.617906], [0.226251, 0.96879, 0.101272], [0.586774, -0.218541, 0.779703]], [[0.7775, -0.116984, -0.617906], [0.0337606, 0.988893, -0.144741], [0.627976, 0.0916753, 0.772814]]], "btipPosition": [81.0924, 145.111, 59.3056], "carpPosition": [30.1219, 117.939, 128.585], "dipPosition": [68.5396, 146.944, 74.7537], "direction": [0.586774, 0.218541, -0.779703], "extended": false, "handId": 79, "id": 790, "length": 44.5133, "mcpPosition": [30.1219, 117.939, 128.585], "pipPosition": [51.4518, 140.579, 97.4598], "stabilizedTipPosition": [73.9652, 146.726, 65.3224], "timeVisible": 2.94853, "tipPosition": [79.9371, 142.762, 64.3919], "tipVelocity": [-3.45882, 5.02307, 2.7933], "tool": false, "touchDistance": 0.227945, "touchZone": "hovering", "type": 0, "width": 18.4546}, {"bases": [[[-0.188906, -0.923457, -0.333978], [0.928544, -0.0572994, -0.366773], [0.319563, -0.379399, 0.868295]], [[-0.191559, -0.920268, -0.341192], [-0.0803803, 0.361171, -0.929029], [0.978184, -0.150539, -0.143157]], [[-0.191559, -0.920268, -0.341192], [-0.98107, 0.169473, 0.0937058], [-0.0284116, 0.352683, -0.935311]], [[-0.191559, -0.920268, -0.341192], [-0.743283, -0.0910007, 0.662758], [-0.640964, 0.380559, -0.666588]]], "btipPosition": [63.591, 121.172, 93.8819], "carpPosition": [14.6442, 106.315, 107.975], "dipPosition": [73.8788, 127.281, 83.1828], "direction": [-0.0284116, -0.352683, 0.935311], "extended": false, "handId": 79, "id": 792, "length": 57.2312, "mcpPosition": [34.2983, 129.649, 54.5724], "pipPosition": [74.5689, 135.847, 60.466], "stabilizedTipPosition": [67.6409, 129.276, 86.1675], "timeVisible": 2.94853, "tipPosition": [69.3932, 124.171, 87.1241], "tipVelocity": [-9.99765, 5.7052, 5.68195], "tool": false, "touchDistance": 0.357018, "touchZone": "none", "type": 2, "width": 17.3129}, {"bases": [[[-0.209277, -0.962259, -0.173955], [0.922388, -0.135195, -0.361831], [0.324657, -0.236177, 0.91587]], [[-0.228368, -0.946365, -0.228561], [-0.156578, 0.26741, -0.950776], [0.960901, -0.18134, -0.209248]], [[-0.228368, -0.946365, -0.228561], [-0.969005, 0.198225, 0.147429], [-0.0942155, 0.255145, -0.962302]], [[-0.228368, -0.946365, -0.228561], [-0.688401, -0.00904527, 0.725273], [-0.688441, 0.322971, -0.649414]]], "btipPosition": [57.5554, 105.363, 94.0006], "carpPosition": [16.1741, 96.592, 103.457], "dipPosition": [68.5418, 110.517, 83.6371], "direction": [-0.0942155, -0.255145, 0.962302], "extended": false, "handId": 79, "id": 793, "length": 55.0293, "mcpPosition": [34.1015, 109.634, 52.8832], "pipPosition": [70.771, 116.554, 60.8684], "stabilizedTipPosition": [55.6332, 110.087, 92.8265], "timeVisible": 2.94853, "tipPosition": [59.5716, 109.125, 90.6021], "tipVelocity": [-7.58519, 2.01785, -3.19114], "tool": false, "touchDistance": 0.360284, "touchZone": "none", "type": 3, "width": 16.4743}, {"bases": [[[-0.319804, -0.947472, -0.00459156], [0.903644, -0.303547, -0.302137], [0.284872, -0.100774, 0.953254]], [[-0.35409, -0.926363, -0.128344], [-0.0975643, 0.173077, -0.980064], [0.930108, -0.33451, -0.151665]], [[-0.35409, -0.926363, -0.128344], [-0.935204, 0.350197, 0.0524963], [-0.00368485, 0.138616, -0.990339]], [[-0.35409, -0.926363, -0.128344], [-0.70408, 0.173731, 0.688541], [-0.615541, 0.33417, -0.71375]]], "btipPosition": [56.2562, 93.9333, 85.6881], "carpPosition": [22.7282, 85.9151, 102.782], "dipPosition": [65.3183, 98.8531, 75.1802], "direction": [-0.00368485, -0.138616, 0.990339], "extended": false, "handId": 79, "id": 794, "length": 43.1419, "mcpPosition": [37.2898, 91.0663, 54.0557], "pipPosition": [65.3798, 101.169, 58.6361], "stabilizedTipPosition": [54.2376, 98.0454, 84.5321], "timeVisible": 2.94853, "tipPosition": [58.5667, 96.4051, 81.6537], "tipVelocity": [-11.1109, 4.21638, -5.79896], "tool": false, "touchDistance": 0.333333, "touchZone": "none", "type": 4, "width": 14.6338}], "r": [[0.37478, 0.402717, 0.83508], [0.628047, 0.552291, -0.548207], [-0.68198, 0.729927, -0.0459377]], "s": 1.04108, "t": [-10.4188, -26.7071, -46.1392], "timestamp": 17560370180}, {"currentFrameRate": 115.104, "devices": [], "gestures": [], "hands": [{"armBasis": [[-0.0313451, -0.94126, -0.336225], [0.950233, 0.0762558, -0.302064], [0.30996, -0.328961, 0.892026]], "armWidth": 57.4912, "confidence": 1, "direction": [0.175935, 0.361239, -0.915726], "elbow": [-56.1412, 11.0008, 344.692], "grabAngle": 2.74049, "grabStrength": 0, "id": 79, "palmNormal": [0.983603, -0.0270296, 0.178313], "palmPosition": [34.1257, 119.242, 74.6301], "palmVelocity": [-13.0368, 14.889, 4.85904], "palmWidth": 80.2111, "pinchDistance": 51.8045, "pinchStrength": 0.511321, "r": [[0.373712, 0.402503, 0.835662], [0.627911, 0.553327, -0.547319], [-0.682692, 0.72926, -0.0459509]], "s": 1.04144, "sphereCenter": [73.9636, 102.098, 58.6157], "sphereRadius": 47.478, "stabilizedPalmPosition": [27.9972, 122.285, 76.0687], "t": [10.3412, -26.6052, -46.1092], "timeVisible": 2.95706, "type": "left", "wrist": [17.634, 89.2984, 132.376]}], "id": 56101, "interactionBox": {"center": [0, 200, 0], "size": [235.247, 235.247, 147.751]}, "pointables": [{"bases": [[[-0.0686386, -0.858197, -0.508712], [0.94798, 0.102771, -0.301283], [0.310841, -0.502928, 0.806499]], [[0.0158309, -0.960501, -0.277827], [0.944938, 0.105207, -0.309877], [0.326867, -0.257623, 0.909279]], [[0.0158309, -0.960501, -0.277827], [0.920316, 0.122615, -0.371461], [0.390854, -0.249808, 0.885906]], [[0.0158309, -0.960501, -0.277827], [0.84648, 0.160767, -0.507568], [0.532185, -0.22714, 0.81559]]], "btipPosition": [63.0844, 165.751, -1.5015], "carpPosition": [15.0956, 115.209, 114.36], "dipPosition": [55.3182, 162.437, 10.4005], "direction": [0.390854, 0.249808, -0.885906], "extended": true, "handId": 79, "id": 791, "length": 50.2283, "mcpPosition": [35.255, 147.826, 62.0552], "pipPosition": [47.2493, 157.28, 28.6893], "stabilizedTipPosition": [55.7915, 166.253, 2.84059], "timeVisible": 2.95706, "tipPosition": [60.1027, 165.241, 0.77416], "tipVelocity": [-17.4944, 27.5977, 10.9366], "tool": false, "touchDistance": 0.275449, "touchZone": "hovering", "type": 1, "width": 17.6278}, {"bases": [[[0.82947, -0.280402, -0.483067], [0.540461, 0.621243, 0.567414], [0.140998, -0.731733, 0.666849]], [[0.778728, -0.114007, -0.616916], [0.3984, 0.849484, 0.345912], [0.484623, -0.51515, 0.706937]], [[0.778728, -0.114007, -0.616916], [0.223926, 0.969087, 0.103571], [0.586037, -0.218797, 0.780185]], [[0.778728, -0.114007, -0.616916], [0.0317643, 0.989253, -0.142719], [0.626557, 0.0915438, 0.773981]]], "btipPosition": [81.0247, 145.173, 59.332], "carpPosition": [30.1084, 117.963, 128.632], "dipPosition": [68.5002, 147.003, 74.8033], "direction": [0.586037, 0.218797, -0.780185], "extended": false, "handId": 79, "id": 790, "length": 44.5133, "mcpPosition": [30.1084, 117.963, 128.632], "pipPosition": [51.4339, 140.632, 97.5235], "stabilizedTipPosition": [73.9695, 146.724, 65.32], "timeVisible": 2.95706, "tipPosition": [79.8465, 142.833, 64.3938], "tipVelocity": [-7.17772, 7.21736, 3.72035], "tool": false, "touchDistance": 0.228473, "touchZone": "hovering", "type": 0, "width": 18.4546}, {"bases": [[[-0.186607, -0.923115, -0.336208], [0.929323, -0.0548633, -0.365169], [0.318648, -0.380589, 0.86811]], [[-0.18849, -0.920846, -0.341341], [-0.0798369, 0.360788, -0.929224], [0.978825, -0.147898, -0.141522]], [[-0.18849, -0.920846, -0.341341], [-0.981649, 0.16642, 0.0931136], [-0.0289374, 0.352628, -0.935316]], [[-0.18849, -0.920846, -0.341341], [-0.744259, -0.0928283, 0.661409], [-0.640742, 0.378715, -0.667851]]], "btipPosition": [63.4792, 121.262, 93.8978], "carpPosition": [14.5715, 106.409, 108.027], "dipPosition": [73.7634, 127.341, 83.1785], "direction": [-0.0289374, -0.352628, 0.935316], "extended": false, "handId": 79, "id": 792, "length": 57.2312, "mcpPosition": [34.1693, 129.817, 54.6353], "pipPosition": [74.4662, 135.906, 60.4616], "stabilizedTipPosition": [67.6399, 129.272, 86.1704], "timeVisible": 2.95706, "tipPosition": [69.2993, 124.201, 87.1294], "tipVelocity": [-13.2089, 9.74362, 1.32498], "tool": false, "touchDistance": 0.357206, "touchZone": "none", "type": 2, "width": 17.3129}, {"bases": [[[-0.207203, -0.962281, -0.176303], [0.9233, -0.13278, -0.360397], [0.323394, -0.237456, 0.915986]], [[-0.226222, -0.94631, -0.230912], [-0.155333, 0.269071, -0.950512], [0.961611, -0.179159, -0.207863]], [[-0.226222, -0.94631, -0.230912], [-0.969628, 0.196142, 0.146117], [-0.0929805, 0.256954, -0.96194]], [[-0.226222, -0.94631, -0.230912], [-0.689623, -0.011824, 0.724072], [-0.687927, 0.323044, -0.649922]]], "btipPosition": [57.4514, 105.407, 93.9698], "carpPosition": [16.0753, 96.693, 103.486], "dipPosition": [68.4295, 110.562, 83.5981], "direction": [-0.0929805, -0.256954, 0.96194], "extended": false, "handId": 79, "id": 793, "length": 55.0293, "mcpPosition": [33.933, 109.805, 52.9056], "pipPosition": [70.6295, 116.642, 60.838], "stabilizedTipPosition": [55.6416, 110.08, 92.8241], "timeVisible": 2.95706, "tipPosition": [59.4719, 109.172, 90.5764], "tipVelocity": [-12.4234, 5.23555, -3.8366], "tool": false, "touchDistance": 0.359738, "touchZone": "none", "type": 3, "width": 16.4743}, {"bases": [[[-0.31807, -0.948041, -0.00711517], [0.904752, -0.301287, -0.301081], [0.283293, -0.102202, 0.953572]], [[-0.352168, -0.926738, -0.130897], [-0.0959868, 0.174882, -0.979899], [0.931002, -0.332525, -0.150542]], [[-0.352168, -0.926738, -0.130897], [-0.935934, 0.348391, 0.0514829], [-0.00210783, 0.140642, -0.990058]], [[-0.352168, -0.926738, -0.130897], [-0.705514, 0.170957, 0.687768], [-0.615003, 0.334559, -0.714032]]], "btipPosition": [56.1172, 93.9973, 85.6324], "carpPosition": [22.6088, 86.0055, 102.777], "dipPosition": [65.1714, 98.9227, 75.1202], "direction": [-0.00210783, -0.140642, 0.990058], "extended": false, "handId": 79, "id": 794, "length": 43.1419, "mcpPosition": [37.0896, 91.2297, 54.0344], "pipPosition": [65.2066, 101.272, 58.5809], "stabilizedTipPosition": [54.2457, 98.0395, 84.5294], "timeVisible": 2.95706, "tipPosition": [58.4271, 96.473, 81.6043], "tipVelocity": [-16.5064, 7.65244, -6.65127], "tool": false, "touchDistance": 0.333333, "touchZone": "none", "type": 4, "width": 14.6338}], "r": [[0.373712, 0.402503, 0.835662], [0.627911, 0.553327, -0.547319], [-0.682692, 0.72926, -0.0459509]], "s": 1.04144, "t": [-10.3412, -26.6052, -46.1092], "timestamp": 17560378707}, {"currentFrameRate": 115.101, "devices": [], "gestures": [], "hands": [{"armBasis": [[-0.0288566, -0.940937, -0.33735], [0.950515, 0.0786115, -0.300569], [0.309336, -0.329329, 0.892106]], "armWidth": 57.4912, "confidence": 1, "direction": [0.174765, 0.362702, -0.915371], "elbow": [-56.1042, 10.9778, 344.721], "grabAngle": 2.74056, "grabStrength": 0, "id": 79, "palmNormal": [0.983899, -0.0290052, 0.176355], "palmPosition": [33.9578, 119.383, 74.6649], "palmVelocity": [-19.311, 16.1467, 3.99609], "palmWidth": 80.2111, "pinchDistance": 51.838, "pinchStrength": 0.513929, "r": [[0.3724, 0.402134, 0.836425], [0.627827, 0.554573, -0.546152], [-0.683485, 0.728517, -0.0459476]], "s": 1.0416, "sphereCenter": [73.7017, 102.301, 58.5667], "sphereRadius": 47.4122, "stabilizedPalmPosition": [28.0181, 122.275, 76.0638], "t": [10.2184, -26.4841, -46.0769], "timeVisible": 2.96575, "type": "left", "wrist": [17.5226, 89.3633, 132.387]}], "id": 56102, "interactionBox": {"center": [0, 200, 0], "size": [235.247, 235.247, 147.751]}, "pointables": [{"bases": [[[-0.0662259, -0.857332, -0.510485], [0.948389, 0.104923, -0.299249], [0.310117, -0.503957, 0.806136]], [[0.0178992, -0.959883, -0.279829], [0.945267, 0.107445, -0.308099], [0.325806, -0.258999, 0.909269]], [[0.0178992, -0.959883, -0.279829], [0.920669, 0.124973, -0.369797], [0.389932, -0.251011, 0.885972]], [[0.0178992, -0.959883, -0.279829], [0.846908, 0.163315, -0.506038], [0.531437, -0.227932, 0.815856]]], "btipPosition": [62.8709, 166.001, -1.41907], "carpPosition": [14.9979, 115.305, 114.424], "dipPosition": [55.1157, 162.675, 10.4868], "direction": [0.389932, 0.251011, -0.885972], "extended": true, "handId": 79, "id": 791, "length": 50.2283, "mcpPosition": [35.1104, 147.989, 62.1425], "pipPosition": [47.0658, 157.493, 28.777], "stabilizedTipPosition": [55.8118, 166.249, 2.83478], "timeVisible": 2.96575, "tipPosition": [59.8708, 165.479, 0.847804], "tipVelocity": [-24.27, 28.3824, 9.58454], "tool": false, "touchDistance": 0.276838, "touchZone": "hovering", "type": 1, "width": 17.6278}, {"bases": [[[0.830869, -0.278097, -0.481996], [0.538328, 0.62105, 0.569648], [0.140926, -0.732775, 0.665719]], [[0.779893, -0.111006, -0.615991], [0.396145, 0.849495, 0.348466], [0.484599, -0.515787, 0.706489]], [[0.779893, -0.111006, -0.615991], [0.221315, 0.96948, 0.105494], [0.58548, -0.218602, 0.780658]], [[0.779893, -0.111006, -0.615991], [0.0291061, 0.989515, -0.141467], [0.625236, 0.0924003, 0.774947]]], "btipPosition": [80.9154, 145.222, 59.3585], "carpPosition": [30.0429, 118.006, 128.672], "dipPosition": [68.4174, 147.069, 74.8491], "direction": [0.58548, 0.218602, -0.780658], "extended": false, "handId": 79, "id": 790, "length": 44.5133, "mcpPosition": [30.0429, 118.006, 128.672], "pipPosition": [51.3673, 140.703, 97.5831], "stabilizedTipPosition": [73.9746, 146.723, 65.3169], "timeVisible": 2.96575, "tipPosition": [79.6908, 142.929, 64.3789], "tipVelocity": [-11.8715, 6.05853, 3.55896], "tool": false, "touchDistance": 0.228989, "touchZone": "hovering", "type": 0, "width": 18.4546}, {"bases": [[[-0.184419, -0.922778, -0.338336], [0.930118, -0.0526193, -0.363473], [0.317602, -0.381723, 0.867996]], [[-0.185313, -0.921699, -0.340778], [-0.0777691, 0.359453, -0.929917], [0.979597, -0.145824, -0.138291]], [[-0.185313, -0.921699, -0.340778], [-0.982246, 0.163436, 0.0920958], [-0.0291893, 0.351795, -0.935622]], [[-0.185313, -0.921699, -0.340778], [-0.745555, -0.0940395, 0.659775], [-0.640161, 0.376334, -0.669751]]], "btipPosition": [63.3253, 121.414, 93.8577], "carpPosition": [14.4469, 106.518, 108.075], "dipPosition": [73.6002, 127.454, 83.1078], "direction": [-0.0291893, -0.351795, 0.935622], "extended": false, "handId": 79, "id": 792, "length": 57.2312, "mcpPosition": [33.9804, 129.995, 54.6903], "pipPosition": [74.3091, 135.999, 60.3835], "stabilizedTipPosition": [67.6383, 129.266, 86.1748], "timeVisible": 2.96575, "tipPosition": [69.1418, 124.25, 87.1325], "tipVelocity": [-17.9523, 16.4351, -5.42454], "tool": false, "touchDistance": 0.35642, "touchZone": "none", "type": 2, "width": 17.3129}, {"bases": [[[-0.20526, -0.962284, -0.178546], [0.924215, -0.130555, -0.358862], [0.322017, -0.238675, 0.916155]], [[-0.2242, -0.94624, -0.233161], [-0.153995, 0.270644, -0.950283], [0.962299, -0.177147, -0.206395]], [[-0.2242, -0.94624, -0.233161], [-0.970218, 0.194207, 0.144778], [-0.0917133, 0.258676, -0.9616]], [[-0.2242, -0.94624, -0.233161], [-0.690958, -0.0143782, 0.722752], [-0.68725, 0.323145, -0.650588]]], "btipPosition": [57.2929, 105.47, 93.9334], "carpPosition": [15.9258, 96.808, 103.512], "dipPosition": [68.2602, 110.627, 83.5512], "direction": [-0.0917133, -0.258676, 0.9616], "extended": false, "handId": 79, "id": 793, "length": 55.0293, "mcpPosition": [33.7074, 109.988, 52.9227], "pipPosition": [70.4302, 116.748, 60.7991], "stabilizedTipPosition": [55.6512, 110.072, 92.8211], "timeVisible": 2.96575, "tipPosition": [59.3182, 109.239, 90.543], "tipVelocity": [-18.5204, 7.31863, -4.46075], "tool": false, "touchDistance": 0.359092, "touchZone": "none", "type": 3, "width": 16.4743}, {"bases": [[[-0.316477, -0.948552, -0.00954598], [0.905833, -0.299206, -0.299904], [0.281618, -0.10356, 0.953922]], [[-0.350373, -0.927067, -0.133363], [-0.0942949, 0.176581, -0.979759], [0.931851, -0.330706, -0.149287]], [[-0.350373, -0.927067, -0.133363], [-0.93661, 0.346715, 0.0505015], [-0.000579249, 0.142604, -0.98978]], [[-0.350373, -0.927067, -0.133363], [-0.706939, 0.168358, 0.686945], [-0.614391, 0.334967, -0.714368]]], "btipPosition": [55.9231, 94.0786, 85.5702], "carpPosition": [22.44, 86.1111, 102.771], "dipPosition": [64.9683, 99.01, 75.0531], "direction": [-0.000579249, -0.142604, 0.98978], "extended": false, "handId": 79, "id": 794, "length": 43.1419, "mcpPosition": [36.8353, 91.4047, 54.0098], "pipPosition": [64.978, 101.392, 58.5184], "stabilizedTipPosition": [54.2548, 98.0326, 84.526], "timeVisible": 2.96575, "tipPosition": [58.2346, 96.5591, 81.5491], "tipVelocity": [-22.5714, 9.51431, -7.28341], "tool": false, "touchDistance": 0.333333, "touchZone": "none", "type": 4, "width": 14.6338}], "r": [[0.3724, 0.402134, 0.836425], [0.627827, 0.554573, -0.546152], [-0.683485, 0.728517, -0.0459476]], "s": 1.0416, "t": [-10.2184, -26.4841, -46.0769], "timestamp": 17560387400}, {"currentFrameRate": 115.091, "devices": [], "gestures": [], "hands": [{"armBasis": [[-0.0275965, -0.940759, -0.33795], [0.950906, 0.0795458, -0.299083], [0.308248, -0.329612, 0.892378]], "armWidth": 57.4912, "confidence": 1, "direction": [0.174262, 0.365593, -0.914316], "elbow": [-56.0461, 10.9334, 344.747], "grabAngle": 2.74075, "grabStrength": 0, "id": 79, "palmNormal": [0.984005, -0.0298017, 0.175628], "palmPosition": [33.7211, 119.562, 74.701], "palmVelocity": [-27.2013, 20.6728, 4.1562], "palmWidth": 80.2111, "pinchDistance": 51.926, "pinchStrength": 0.52017, "r": [[0.371223, 0.401318, 0.837339], [0.627802, 0.555948, -0.544781], [-0.684148, 0.727919, -0.0455669]], "s": 1.04153, "sphereCenter": [73.3622, 102.801, 58.5981], "sphereRadius": 47.2319, "stabilizedPalmPosition": [28.0426, 122.264, 76.0579], "t": [10.0387, -26.3335, -46.0426], "timeVisible": 2.97446, "type": "left", "wrist": [17.3215, 89.3861, 132.348]}], "id": 56103, "interactionBox": {"center": [0, 200, 0], "size": [235.247, 235.247, 147.751]}, "pointables": [{"bases": [[[-0.0656946, -0.855707, -0.513274], [0.948556, 0.106105, -0.2983], [0.309719, -0.506465, 0.804716]], [[0.0179858, -0.958709, -0.283819], [0.945242, 0.108823, -0.307693], [0.325874, -0.262743, 0.90817]], [[0.0179858, -0.958709, -0.283819], [0.920386, 0.12677, -0.369891], [0.390598, -0.25457, 0.884662]], [[0.0179858, -0.958709, -0.283819], [0.846534, 0.165651, -0.505905], [0.53203, -0.231163, 0.81456]]], "btipPosition": [62.6578, 166.479, -1.20557], "carpPosition": [14.7857, 115.362, 114.459], "dipPosition": [54.8938, 163.105, 10.6813], "direction": [0.390598, 0.25457, -0.884662], "extended": true, "handId": 79, "id": 791, "length": 50.2283, "mcpPosition": [34.8723, 148.208, 62.2697], "pipPosition": [46.8302, 157.85, 28.9446], "stabilizedTipPosition": [55.8384, 166.247, 2.8279], "timeVisible": 2.97446, "tipPosition": [59.6054, 165.888, 1.01863], "tipVelocity": [-24.7165, 53.6299, 24.026], "tool": false, "touchDistance": 0.280324, "touchZone": "hovering", "type": 1, "width": 17.6278}, {"bases": [[[0.831244, -0.276355, -0.48235], [0.537815, 0