{"frames": 57, "data": [{"currentFrameRate": 114.066, "devices": [], "gestures": [], "hands": [{"armBasis": [[0.0580371, -0.789178, -0.611416], [0.978493, 0.166404, -0.121904], [0.197946, -0.591191, 0.781863]], "armWidth": 57.4912, "confidence": 1, "direction": [-0.112977, 0.28796, -0.950955], "elbow": [-155.413, -42.1577, 332.818], "grabAngle": 0.297355, "grabStrength": 0, "id": 77, "palmNormal": [0.985311, -0.0908791, -0.144578], "palmPosition": [-108.232, 126.93, 85.7771], "palmVelocity": [0.210582, -8.28282, 1.36463], "palmWidth": 80.2111, "pinchDistance": 66.1954, "pinchStrength": 0, "r": [[0.994603, -0.0845528, 0.060127], [0.100871, 0.92367, -0.369674], [-0.0242805, 0.373744, 0.927214]], "s": 1.05703, "sphereCenter": [-157.714, 132.893, 49.0024], "sphereRadius": 67.4927, "stabilizedPalmPosition": [-107.752, 129.287, 88.5172], "t": [-30.3531, -22.2647, -46.5154], "timeVisible": 2.5755, "type": "left", "wrist": [-108.298, 98.5548, 146.723]}], "id": 52695, "interactionBox": {"center": [0, 200, 0], "size": [235.247, 235.247, 147.751]}, "pointables": [{"bases": [[[0.954863, -0.246138, -0.166289], [0.293497, 0.695488, 0.655863], [-0.045781, -0.675064, 0.736337]], [[0.949599, -0.133092, -0.28381], [0.31003, 0.532465, 0.787631], [0.0462912, -0.835923, 0.546891]], [[0.949599, -0.133092, -0.28381], [0.2944, 0.689604, 0.661645], [0.107657, -0.711851, 0.69403]], [[0.949599, -0.133092, -0.28381], [0.30697, 0.578199, 0.755947], [0.0634879, -0.804967, 0.589913]]], "btipPosition": [-88.0857, 202.991, 82.0542], "carpPosition": [-94.5269, 129.386, 138.123], "dipPosition": [-89.3548, 186.9, 93.8462], "direction": [0.107657, 0.711851, -0.69403], "extended": true, "handId": 77, "id": 770, "length": 44.5133, "mcpPosition": [-94.5269, 129.386, 138.123], "pipPosition": [-92.4899, 166.17, 114.057], "stabilizedTipPosition": [-88.7679, 202.497, 88.5269], "timeVisible": 2.5755, "tipPosition": [-87.9319, 201.081, 87.1986], "tipVelocity": [4.60196, -11.6617, -7.80866], "tool": false, "touchDistance": 0.246106, "touchZone": "hovering", "type": 0, "width": 18.4546}, {"bases": [[[0.145206, -0.891438, -0.429248], [0.987742, 0.155727, 0.0107266], [0.0572837, -0.425544, 0.903123]], [[0.151897, -0.943068, -0.295887], [0.972905, 0.0898667, 0.213025], [-0.174307, -0.320228, 0.931167]], [[0.151897, -0.943068, -0.295887], [0.987164, 0.159692, -0.00220593], [0.0493312, -0.291754, 0.95522]], [[0.151897, -0.943068, -0.295887], [0.961302, 0.210571, -0.177648], [0.229839, -0.257453, 0.938558]]], "btipPosition": [-111.795, 176.02, 3.54378], "carpPosition": [-113.487, 126.891, 129.701], "dipPosition": [-115.15, 172.263, 17.2402], "direction": [0.0493312, 0.291754, -0.95522], "extended": true, "handId": 77, "id": 771, "length": 50.2283, "mcpPosition": [-109.772, 154.489, 71.129], "pipPosition": [-116.168, 166.24, 36.9601], "stabilizedTipPosition": [-116.077, 177.144, 8.46178], "timeVisible": 2.5755, "tipPosition": [-116.955, 176.677, 7.73597], "tipVelocity": [20.7375, -23.41, -7.18904], "tool": false, "touchDistance": -0.108803, "touchZone": "touching", "type": 1, "width": 17.6278}, {"bases": [[[-0.0189179, -0.954133, -0.298784], [0.999089, -0.00660315, -0.0421721], [0.0382649, -0.299309, 0.953389]], [[-0.0146192, -0.981146, -0.192715], [0.981322, -0.0510524, 0.185474], [-0.191816, -0.186404, 0.963566]], [[-0.0146192, -0.981146, -0.192715], [0.99896, -0.00600483, -0.0452085], [0.0431989, -0.193176, 0.980213]], [[-0.0146192, -0.981146, -0.192715], [0.958989, 0.0408044, -0.28049], [0.283065, -0.188913, 0.940312]]], "btipPosition": [-116.449, 151.58, -12.5665], "carpPosition": [-116.499, 117.773, 124.638], "dipPosition": [-120.993, 148.547, 2.52595], "direction": [0.0431989, 0.193176, -0.980213], "extended": true, "handId": 77, "id": 772, "length": 57.2312, "mcpPosition": [-114.145, 136.182, 66.002], "pipPosition": [-122.042, 143.856, 26.3333], "stabilizedTipPosition": [-122.317, 150.458, -7.41847], "timeVisible": 2.5755, "tipPosition": [-123.222, 150.478, -8.68326], "tipVelocity": [20.8633, -22.7471, -3.7527], "tool": false, "touchDistance": 0.0732789, "touchZone": "hovering", "type": 2, "width": 17.3129}, {"bases": [[[-0.088342, -0.984549, -0.151193], [0.995895, -0.0842928, -0.0329976], [0.0197433, -0.153488, 0.987953]], [[-0.0872301, -0.991053, -0.10102], [0.975846, -0.105397, 0.191356], [-0.200291, -0.081888, 0.976308]], [[-0.0872301, -0.991053, -0.10102], [0.993604, -0.0792565, -0.0804285], [0.0717024, -0.10739, 0.991628]], [[-0.0872301, -0.991053, -0.10102], [0.925993, -0.0432738, -0.375053], [0.367326, -0.12626, 0.921483]]], "btipPosition": [-116.055, 123.858, -9.284], "carpPosition": [-117.06, 107.702, 120.696], "dipPosition": [-121.917, 121.843, 5.42127], "direction": [0.0717024, 0.10739, -0.991628], "extended": true, "handId": 77, "id": 773, "length": 55.0293, "mcpPosition": [-115.97, 116.177, 66.1412], "pipPosition": [-123.613, 119.302, 28.8839], "stabilizedTipPosition": [-122.636, 120.38, -4.2985], "timeVisible": 2.5755, "tipPosition": [-123.786, 121.193, -5.80231], "tipVelocity": [19.5672, -17.8296, 0.250113], "tool": false, "touchDistance": 0.168441, "touchZone": "hovering", "type": 3, "width": 16.4743}, {"bases": [[[-0.248791, -0.968144, -0.0282878], [0.967836, -0.249627, 0.0313019], [-0.0373661, -0.0195903, 0.99911]], [[-0.251024, -0.966468, 0.0540949], [0.951319, -0.235993, 0.19824], [-0.178827, 0.101224, 0.97866]], [[-0.251024, -0.966468, 0.0540949], [0.96597, -0.253711, -0.0503336], [0.0623703, 0.0396191, 0.997266]], [[-0.251024, -0.966468, 0.0540949], [0.901223, -0.25374, -0.351301], [0.353248, -0.0394333, 0.934698]]], "btipPosition": [-112.745, 94.3855, 7.79186], "carpPosition": [-111.676, 96.5225, 118.839], "dipPosition": [-117.945, 93.8049, 21.5527], "direction": [0.0623703, -0.0396191, -0.997266], "extended": true, "handId": 77, "id": 774, "length": 43.1419, "mcpPosition": [-113.586, 97.5239, 67.7688], "pipPosition": [-118.987, 94.4668, 38.2125], "stabilizedTipPosition": [-116.615, 89.5893, 13.57], "timeVisible": 2.5755, "tipPosition": [-118.967, 90.3935, 11.4956], "tipVelocity": [15.9672, -11.4927, 3.87502], "tool": false, "touchDistance": 0.205548, "touchZone": "hovering", "type": 4, "width": 14.6338}], "r": [[0.994603, -0.0845528, 0.060127], [0.100871, 0.92367, -0.369674], [-0.0242805, 0.373744, 0.927214]], "s": 1.05703, "t": [30.3531, -22.2647, -46.5154], "timestamp": 17530330073}, {"currentFrameRate": 114.142, "devices": [], "gestures": [], "hands": [{"armBasis": [[0.0583508, -0.789181, -0.611382], [0.978659, 0.166095, -0.120994], [0.197034, -0.591274, 0.782031]], "armWidth": 57.4912, "confidence": 1, "direction": [-0.111781, 0.287331, -0.951286], "elbow": [-155.276, -42.1745, 332.916], "grabAngle": 0.29787, "grabStrength": 0, "id": 77, "palmNormal": [0.985445, -0.0913268, -0.14338], "palmPosition": [-108.252, 126.896, 85.8169], "palmVelocity": [-2.37303, -3.9351, 4.61241], "palmWidth": 80.2111, "pinchDistance": 66.1814, "pinchStrength": 0, "r": [[0.994682, -0.0840638, 0.0595023], [0.100206, 0.923381, -0.370575], [-0.0237913, 0.374567, 0.926894]], "s": 1.05631, "sphereCenter": [-157.154, 132.697, 48.9256], "sphereRadius": 67.1508, "stabilizedPalmPosition": [-107.753, 129.285, 88.5154], "t": [-30.361, -22.3055, -46.4812], "timeVisible": 2.58413, "type": "left", "wrist": [-108.379, 98.5578, 146.781]}], "id": 52696, "interactionBox": {"center": [0, 200, 0], "size": [235.247, 235.247, 147.751]}, "pointables": [{"bases": [[[0.954758, -0.24592, -0.167215], [0.294006, 0.696052, 0.655036], [-0.0446961, -0.674563, 0.736863]], [[0.949325, -0.132997, -0.28477], [0.310715, 0.53353, 0.78664], [0.0473127, -0.835259, 0.547817]], [[0.949325, -0.132997, -0.28477], [0.294889, 0.690366, 0.660633], [0.108733, -0.711131, 0.694601]], [[0.949325, -0.132997, -0.28477], [0.307536, 0.579993, 0.754341], [0.0648397, -0.803692, 0.591503]]], "btipPosition": [-88.0622, 202.913, 82.0189], "carpPosition": [-94.6068, 129.384, 138.177], "dipPosition": [-89.3583, 186.848, 93.8426], "direction": [0.108733, 0.711131, -0.694601], "extended": true, "handId": 77, "id": 770, "length": 44.5133, "mcpPosition": [-94.6068, 129.384, 138.177], "pipPosition": [-92.5248, 166.139, 114.07], "stabilizedTipPosition": [-88.7669, 202.489, 88.5174], "timeVisible": 2.58413, "tipPosition": [-87.9294, 201.035, 87.2012], "tipVelocity": [1.99953, -8.31842, -3.24798], "tool": false, "touchDistance": 0.245639, "touchZone": "hovering", "type": 0, "width": 18.4546}, {"bases": [[[0.145025, -0.891688, -0.428789], [0.987699, 0.156082, 0.0094803], [0.0584726, -0.424889, 0.903355]], [[0.151916, -0.943437, -0.294701], [0.973274, 0.0908352, 0.21092], [-0.172221, -0.318867, 0.932021]], [[0.151916, -0.943437, -0.294701], [0.987066, 0.160261, -0.00422604], [0.0512162, -0.290247, 0.95558]], [[0.151916, -0.943437, -0.294701], [0.960878, 0.210833, -0.179621], [0.231594, -0.255884, 0.938556]]], "btipPosition": [-111.648, 175.872, 3.5237], "carpPosition": [-113.558, 126.889, 129.734], "dipPosition": [-115.028, 172.138, 17.2201], "direction": [0.0512162, 0.290247, -0.95558], "extended": true, "handId": 77, "id": 771, "length": 50.2283, "mcpPosition": [-109.766, 154.445, 71.1477], "pipPosition": [-116.085, 166.146, 36.9474], "stabilizedTipPosition": [-115.993, 177.095, 8.42072], "timeVisible": 2.58413, "tipPosition": [-116.845, 176.583, 7.72529], "tipVelocity": [16.3655, -16.5002, -2.32731], "tool": false, "touchDistance": -0.109138, "touchZone": "touching", "type": 1, "width": 17.6278}, {"bases": [[[-0.0189258, -0.95435, -0.298091], [0.999042, -0.00628195, -0.0433173], [0.0394673, -0.298625, 0.953554]], [[-0.0144752, -0.981381, -0.191525], [0.98169, -0.050333, 0.183714], [-0.189933, -0.185359, 0.964141]], [[-0.0144752, -0.981381, -0.191525], [0.998884, -0.0055798, -0.0469032], [0.0449613, -0.19199, 0.980366]], [[-0.0144752, -0.981381, -0.191525], [0.958513, 0.0409155, -0.282096], [0.28468, -0.187662, 0.940075]]], "btipPosition": [-116.298, 151.442, -12.5636], "carpPosition": [-116.567, 117.769, 124.675], "dipPosition": [-120.867, 148.43, 2.52508], "direction": [0.0449613, 0.19199, -0.980366], "extended": true, "handId": 77, "id": 772, "length": 57.2312, "mcpPosition": [-114.14, 136.136, 66.0285], "pipPosition": [-121.959, 143.767, 26.3362], "stabilizedTipPosition": [-122.268, 150.461, -7.43504], "timeVisible": 2.58413, "tipPosition": [-123.102, 150.384, -8.67886], "tipVelocity": [16.8929, -15.4223, 0.239355], "tool": false, "touchDistance": 0.0733133, "touchZone": "hovering", "type": 2, "width": 17.3129}, {"bases": [[[-0.0881694, -0.984686, -0.150399], [0.995885, -0.0839662, -0.0340846], [0.0209341, -0.152786, 0.988038]], [[-0.0869978, -0.991153, -0.100236], [0.976272, -0.104853, 0.189469], [-0.198303, -0.0813747, 0.976757]], [[-0.0869978, -0.991153, -0.100236], [0.993487, -0.0788873, -0.0822238], [0.073589, -0.106737, 0.99156]], [[-0.0869978, -0.991153, -0.100236], [0.925496, -0.0431804, -0.376288], [0.368631, -0.125505, 0.921065]]], "btipPosition": [-115.915, 123.766, -9.25437], "carpPosition": [-117.127, 107.696, 120.739], "dipPosition": [-121.798, 121.763, 5.44423], "direction": [0.073589, 0.106737, -0.99156], "extended": true, "handId": 77, "id": 773, "length": 55.0293, "mcpPosition": [-115.971, 116.132, 66.1797], "pipPosition": [-123.539, 119.238, 28.9052], "stabilizedTipPosition": [-122.588, 120.407, -4.31259], "timeVisible": 2.58413, "tipPosition": [-123.681, 121.108, -5.77663], "tipVelocity": [15.6245, -10.3539, 3.25571], "tool": false, "touchDistance": 0.168909, "touchZone": "hovering", "type": 3, "width": 16.4743}, {"bases": [[[-0.248483, -0.968251, -0.027321], [0.967959, -0.249265, 0.0303634], [-0.0362095, -0.0189008, 0.999165]], [[-0.250612, -0.966554, 0.0544655], [0.951807, -0.235732, 0.196201], [-0.176799, 0.101011, 0.97905]], [[-0.250612, -0.966554, 0.0544655], [0.965946, -0.253401, -0.0523098], [0.0643619, 0.0395013, 0.997145]], [[-0.250612, -0.966554, 0.0544655], [0.900738, -0.253425, -0.352771], [0.354776, -0.0393495, 0.934123]]], "btipPosition": [-112.638, 94.3479, 7.84491], "carpPosition": [-111.746, 96.513, 118.897], "dipPosition": [-117.861, 93.7686, 21.5973], "direction": [0.0643619, -0.0395013, -0.997145], "extended": true, "handId": 77, "id": 774, "length": 43.1419, "mcpPosition": [-113.597, 97.4791, 67.8231], "pipPosition": [-118.936, 94.4285, 38.255], "stabilizedTipPosition": [-116.603, 89.6085, 13.5594], "timeVisible": 2.58413, "tipPosition": [-118.892, 90.3285, 11.5464], "tipVelocity": [11.7843, -4.31796, 5.92058], "tool": false, "touchDistance": 0.2064, "touchZone": "hovering", "type": 4, "width": 14.6338}], "r": [[0.994682, -0.0840638, 0.0595023], [0.100206, 0.923381, -0.370575], [-0.0237913, 0.374567, 0.926894]], "s": 1.05631, "t": [30.361, -22.3055, -46.4812], "timestamp": 17530338704}, {"currentFrameRate": 114.113, "devices": [], "gestures": [], "hands": [{"armBasis": [[0.0594237, -0.78904, -0.611461], [0.978745, 0.166498, -0.119735], [0.196283, -0.591349, 0.782163]], "armWidth": 57.4912, "confidence": 1, "direction": [-0.110847, 0.287276, -0.951412], "elbow": [-155.171, -42.2227, 332.971], "grabAngle": 0.298593, "grabStrength": 0, "id": 77, "palmNormal": [0.985456, -0.0922993, -0.142682], "palmPosition": [-108.275, 126.858, 85.8364], "palmVelocity": [-2.51746, -4.32498, 2.21753], "palmWidth": 80.2111, "pinchDistance": 66.162, "pinchStrength": 0, "r": [[0.994769, -0.0834795, 0.0588675], [0.0994447, 0.923156, -0.371341], [-0.0233444, 0.375253, 0.926628]], "s": 1.05554, "sphereCenter": [-156.533, 132.507, 48.8465], "sphereRadius": 66.7604, "stabilizedPalmPosition": [-107.753, 129.283, 88.5132], "t": [-30.376, -22.345, -46.4543], "timeVisible": 2.59294, "type": "left", "wrist": [-108.452, 98.5274, 146.804]}], "id": 52697, "interactionBox": {"center": [0, 200, 0], "size": [235.247, 235.247, 147.751]}, "pointables": [{"bases": [[[0.954878, -0.24503, -0.167833], [0.293789, 0.696447, 0.654713], [-0.0435374, -0.674479, 0.737009]], [[0.94928, -0.13229, -0.285247], [0.31068, 0.534332, 0.786109], [0.0484222, -0.834858, 0.548331]], [[0.94928, -0.13229, -0.285247], [0.294627, 0.6911, 0.659982], [0.109825, -0.710549, 0.695024]], [[0.94928, -0.13229, -0.285247], [0.307363, 0.581677, 0.753113], [0.0662923, -0.80259, 0.592836]]], "btipPosition": [-88.0086, 202.814, 81.9858], "carpPosition": [-94.6628, 129.342, 138.205], "dipPosition": [-89.3337, 186.771, 93.8362], "direction": [0.109825, 0.710549, -0.695024], "extended": true, "handId": 77, "id": 770, "length": 44.5133, "mcpPosition": [-94.6628, 129.342, 138.205], "pipPosition": [-92.532, 166.079, 114.076], "stabilizedTipPosition": [-88.7656, 202.479, 88.5067], "timeVisible": 2.59294, "tipPosition": [-87.8829, 200.97, 87.2122], "tipVelocity": [5.32913, -10.6476, -3.05589], "tool": false, "touchDistance": 0.24519, "touchZone": "hovering", "type": 0, "width": 18.4546}, {"bases": [[[0.145587, -0.891622, -0.428737], [0.987554, 0.157034, 0.00877054], [0.0595061, -0.424678, 0.903387]], [[0.152656, -0.943619, -0.293733], [0.973466, 0.0923054, 0.209388], [-0.17047, -0.317904, 0.932672]], [[0.152656, -0.943619, -0.293733], [0.986872, 0.161405, -0.00562795], [0.0527208, -0.289018, 0.955871]], [[0.152656, -0.943619, -0.293733], [0.96039, 0.211754, -0.181136], [0.233123, -0.254447, 0.938568]]], "btipPosition": [-111.516, 175.751, 3.50745], "carpPosition": [-113.61, 126.864, 129.75], "dipPosition": [-114.918, 172.038, 17.204], "direction": [0.0527208, 0.289018, -0.955871], "extended": true, "handId": 77, "id": 771, "length": 50.2283, "mcpPosition": [-109.751, 154.406, 71.1615], "pipPosition": [-116.007, 166.071, 36.9373], "stabilizedTipPosition": [-115.904, 177.042, 8.37815], "timeVisible": 2.59294, "tipPosition": [-116.739, 176.53, 7.72425], "tipVelocity": [14.4073, -13.1679, -1.83925], "tool": false, "touchDistance": -0.109408, "touchZone": "touching", "type": 1, "width": 17.6278}, {"bases": [[[-0.0182137, -0.954418, -0.297915], [0.999017, -0.00532818, -0.0440072], [0.040414, -0.298424, 0.953577]], [[-0.0136369, -0.981547, -0.190733], [0.982005, -0.0490804, 0.182366], [-0.188362, -0.184814, 0.964554]], [[-0.0136369, -0.981547, -0.190733], [0.998822, -0.00448797, -0.0483172], [0.0465696, -0.191167, 0.980452]], [[-0.0136369, -0.981547, -0.190733], [0.958053, 0.0417847, -0.28353], [0.286267, -0.186599, 0.939804]]], "btipPosition": [-116.168, 151.347, -12.5644], "carpPosition": [-116.625, 117.746, 124.69], "dipPosition": [-120.763, 148.352, 2.51992], "direction": [0.0465696, 0.191167, -0.980452], "extended": true, "handId": 77, "id": 772, "length": 57.2312, "mcpPosition": [-114.139, 136.1, 66.0424], "pipPosition": [-121.894, 143.708, 26.3331], "stabilizedTipPosition": [-122.217, 150.463, -7.45183], "timeVisible": 2.59294, "tipPosition": [-123.008, 150.346, -8.67564], "tipVelocity": [14.0427, -10.3676, -0.207155], "tool": false, "touchDistance": 0.0732829, "touchZone": "hovering", "type": 2, "width": 17.3129}, {"bases": [[[-0.0873259, -0.984796, -0.150171], [0.995942, -0.0830139, -0.0347591], [0.0217644, -0.152597, 0.988049]], [[-0.0861135, -0.991253, -0.100012], [0.976681, -0.103809, 0.187931], [-0.196669, -0.0814965, 0.977077]], [[-0.0861135, -0.991253, -0.100012], [0.993442, -0.0778554, -0.083734], [0.0752151, -0.106567, 0.991457]], [[-0.0861135, -0.991253, -0.100012], [0.925085, -0.0422879, -0.377397], [0.369867, -0.125019, 0.920635]]], "btipPosition": [-115.814, 123.725, -9.24123], "carpPosition": [-117.192, 107.672, 120.755], "dipPosition": [-121.716, 121.73, 5.45051], "direction": [0.0752151, 0.106567, -0.991457], "extended": true, "handId": 77, "id": 773, "length": 55.0293, "mcpPosition": [-115.99, 116.098, 66.1958], "pipPosition": [-123.496, 119.208, 28.909], "stabilizedTipPosition": [-122.539, 120.432, -4.3266], "timeVisible": 2.59294, "tipPosition": [-123.62, 121.078, -5.76712], "tipVelocity": [11.0145, -4.46973, 1.31128], "tool": false, "touchDistance": 0.169102, "touchZone": "hovering", "type": 3, "width": 16.4743}, {"bases": [[[-0.24757, -0.968494, -0.0269842], [0.968219, -0.248328, 0.0297363], [-0.0355004, -0.0187648, 0.999193]], [[-0.249632, -0.966831, 0.0540466], [0.95234, -0.23502, 0.194461], [-0.175309, 0.100014, 0.97942]], [[-0.249632, -0.966831, 0.0540466], [0.966102, -0.25246, -0.0539535], [0.0658086, 0.038746, 0.99708]], [[-0.249632, -0.966831, 0.0540466], [0.90053, -0.252308, -0.354101], [0.355992, -0.0397243, 0.933644]]], "btipPosition": [-112.589, 94.3601, 7.86272], "carpPosition": [-111.82, 96.4839, 118.919], "dipPosition": [-117.83, 93.7753, 21.608], "direction": [0.0658086, -0.038746, -0.99708], "extended": true, "handId": 77, "id": 774, "length": 43.1419, "mcpPosition": [-113.635, 97.4431, 67.844], "pipPosition": [-118.929, 94.4226, 38.2647], "stabilizedTipPosition": [-116.591, 89.6282, 13.5486], "timeVisible": 2.59294, "tipPosition": [-118.873, 90.3071, 11.5622], "tipVelocity": [5.09678, 1.23895, 1.83709], "tool": false, "touchDistance": 0.20667, "touchZone": "hovering", "type": 4, "width": 14.6338}], "r": [[0.994769, -0.0834795, 0.0588675], [0.0994447, 0.923156, -0.371341], [-0.0233444, 0.375253, 0.926628]], "s": 1.05554, "t": [30.376, -22.345, -46.4543], "timestamp": 17530347517}, {"currentFrameRate": 114.227, "devices": [], "gestures": [], "hands": [{"armBasis": [[0.0606974, -0.788771, -0.611683], [0.978804, 0.167121, -0.118377], [0.195597, -0.591532, 0.782196]], "armWidth": 57.4912, "confidence": 1, "direction": [-0.110128, 0.287491, -0.951431], "elbow": [-155.081, -42.31, 333], "grabAngle": 0.299036, "grabStrength": 0, "id": 77, "palmNormal": [0.985414, -0.0933665, -0.142274], "palmPosition": [-108.307, 126.822, 85.8609], "palmVelocity": [-3.84627, -4.17787, 2.86425], "palmWidth": 80.2111, "pinchDistance": 66.1378, "pinchStrength": 0, "r": [[0.994861, -0.0827953, 0.0582733], [0.0986014, 0.923003, -0.371944], [-0.0229912, 0.375779, 0.926424]], "s": 1.05473, "sphereCenter": [-156.051, 132.341, 48.7928], "sphereRadius": 66.4474, "stabilizedPalmPosition": [-107.754, 129.281, 88.5108], "t": [-30.4, -22.3826, -46.4287], "timeVisible": 2.6015, "type": "left", "wrist": [-108.526, 98.4838, 146.826]}], "id": 52698, "interactionBox": {"center": [0, 200, 0], "size": [235.247, 235.247, 147.751]}, "pointables": [{"bases": [[[0.955075, -0.243966, -0.168262], [0.293302, 0.696705, 0.654657], [-0.0424851, -0.674599, 0.736961]], [[0.949346, -0.131485, -0.2854], [0.310333, 0.534936, 0.785835], [0.0493452, -0.834599, 0.548644]], [[0.949346, -0.131485, -0.2854], [0.294096, 0.691678, 0.659613], [0.110676, -0.710136, 0.695311]], [[0.949346, -0.131485, -0.2854], [0.30688, 0.583253, 0.752091], [0.0675717, -0.801578, 0.594059]]], "btipPosition": [-87.97, 202.715, 81.9698], "carpPosition": [-94.7152, 129.286, 138.236], "dipPosition": [-89.3207, 186.692, 93.8447], "direction": [0.110676, 0.710136, -0.695311], "extended": true, "handId": 77, "id": 770, "length": 44.5133, "mcpPosition": [-94.7152, 129.286, 138.236], "pipPosition": [-92.5438, 166.012, 114.093], "stabilizedTipPosition": [-88.7641, 202.469, 88.4951], "timeVisible": 2.6015, "tipPosition": [-87.837, 200.904, 87.2417], "tipVelocity": [3.81805, -11.0791, -1.21627], "tool": false, "touchDistance": 0.245017, "touchZone": "hovering", "type": 0, "width": 18.4546}, {"bases": [[[0.146383, -0.891419, -0.428886], [0.987385, 0.158116, 0.0083677], [0.0603547, -0.424701, 0.90332]], [[0.153604, -0.943703, -0.292969], [0.973573, 0.093827, 0.208212], [-0.169002, -0.317209, 0.933176]], [[0.153604, -0.943703, -0.292969], [0.986673, 0.162588, -0.00641032], [0.0536828, -0.28808, 0.9561]], [[0.153604, -0.943703, -0.292969], [0.960014, 0.212749, -0.181964], [0.234048, -0.253304, 0.938647]]], "btipPosition": [-111.425, 175.657, 3.50969], "carpPosition": [-113.662, 126.83, 129.772], "dipPosition": [-114.841, 171.96, 17.2074], "direction": [0.0536828, 0.28808, -0.9561], "extended": true, "handId": 77, "id": 771, "length": 50.2283, "mcpPosition": [-109.748, 154.373, 71.1881], "pipPosition": [-115.949, 166.013, 36.9454], "stabilizedTipPosition": [-115.816, 176.989, 8.33745], "timeVisible": 2.6015, "tipPosition": [-116.661, 176.502, 7.74436], "tipVelocity": [10.24, -10.5623, 0.292434], "tool": false, "touchDistance": -0.109366, "touchZone": "touching", "type": 1, "width": 17.6278}, {"bases": [[[-0.0172928, -0.954409, -0.298002], [0.999004, -0.00422779, -0.0444309], [0.0411453, -0.298473, 0.953531]], [[-0.0126136, -0.981664, -0.190201], [0.982274, -0.0477434, 0.181271], [-0.187028, -0.184543, 0.964865]], [[-0.0126136, -0.981664, -0.190201], [0.99878, -0.00328515, -0.0492812], [0.0477527, -0.19059, 0.980507]], [[-0.0126136, -0.981664, -0.190201], [0.957752, 0.0427962, -0.284395], [0.28732, -0.185753, 0.939651]]], "btipPosition": [-116.082, 151.28, -12.5532], "carpPosition": [-116.684, 117.715, 124.711], "dipPosition": [-120.694, 148.299, 2.52869], "direction": [0.0477527, 0.19059, -0.980507], "extended": true, "handId": 77, "id": 772, "length": 57.2312, "mcpPosition": [-114.154, 136.073, 66.0654], "pipPosition": [-121.853, 143.67, 26.3432], "stabilizedTipPosition": [-122.168, 150.464, -7.46761], "timeVisible": 2.6015, "tipPosition": [-122.948, 150.337, -8.65699], "tipVelocity": [9.61289, -7.36457, 1.2469], "tool": false, "touchDistance": 0.0734607, "touchZone": "hovering", "type": 2, "width": 17.3129}, {"bases": [[[-0.086309, -0.984876, -0.150231], [0.996018, -0.0819177, -0.0351891], [0.0223504, -0.152669, 0.988025]], [[-0.0850684, -0.991336, -0.100078], [0.977045, -0.102685, 0.186652], [-0.195312, -0.0819023, 0.977315]], [[-0.0850684, -0.991336, -0.100078], [0.993439, -0.076684, -0.0848405], [0.0764311, -0.106639, 0.991356]], [[-0.0850684, -0.991336, -0.100078], [0.924854, -0.0411949, -0.378084], [0.370686, -0.12472, 0.920346]]], "btipPosition": [-115.756, 123.712, -9.22314], "carpPosition": [-117.261, 107.643, 120.774], "dipPosition": [-121.672, 121.722, 5.46399], "direction": [0.0764311, 0.106639, -0.991356], "extended": true, "handId": 77, "id": 773, "length": 55.0293, "mcpPosition": [-116.027, 116.073, 66.216], "pipPosition": [-123.48, 119.199, 28.9201], "stabilizedTipPosition": [-122.493, 120.456, -4.33937], "timeVisible": 2.6015, "tipPosition": [-123.597, 121.076, -5.75], "tipVelocity": [6.33617, -1.38353, 1.99002], "tool": false, "touchDistance": 0.169386, "touchZone": "hovering", "type": 3, "width": 16.4743}, {"bases": [[[-0.246519, -0.968763, -0.0269746], [0.968504, -0.247269, 0.0293018], [-0.0350564, -0.0189016, 0.999207]], [[-0.248537, -0.967155, 0.0532914], [0.952838, -0.234225, 0.192971], [-0.174151, 0.0987385, 0.979756]], [[-0.248537, -0.967155, 0.0532914], [0.966314, -0.251365, -0.0552511], [0.066832, 0.0377643, 0.997049]], [[-0.248537, -0.967155, 0.0532914], [0.900522, -0.250978, -0.355064], [0.356777, -0.0402565, 0.933322]]], "btipPosition": [-112.583, 94.3948, 7.87718], "carpPosition": [-111.9, 96.4488, 118.939], "dipPosition": [-117.835, 93.8021, 21.6177], "direction": [0.066832, -0.0377643, -0.997049], "extended": true, "handId": 77, "id": 774, "length": 43.1419, "mcpPosition": [-113.692, 97.415, 67.8633], "pipPosition": [-118.952, 94.433, 38.2739], "stabilizedTipPosition": [-116.58, 89.6472, 13.5383], "timeVisible": 2.6015, "tipPosition": [-118.892, 90.3084, 11.5762], "tipVelocity": [0.398182, 3.84042, 1.56222], "tool": false, "touchDistance": 0.206893, "touchZone": "hovering", "type": 4, "width": 14.6338}], "r": [[0.994861, -0.0827953, 0.0582733], [0.0986014, 0.923003, -0.371944], [-0.0229912, 0.375779, 0.926424]], "s": 1.05473, "t": [30.4, -22.3826, -46.4287], "timestamp": 17530356076}, {"currentFrameRate": 114.234, "devices": [], "gestures": [], "hands": [{"armBasis": [[0.0620383, -0.788474, -0.611931], [0.978827, 0.167889, -0.117091], [0.19506, -0.591711, 0.782196]], "armWidth": 57.4912, "confidence": 1, "direction": [-0.109617, 0.287949, -0.951352], "elbow": [-154.997, -42.4281, 333.005], "grabAngle": 0.299579, "grabStrength": 0, "id": 77, "palmNormal": [0.985336, -0.0944262, -0.142113], "palmPosition": [-108.32, 126.768, 85.8757], "palmVelocity": [-1.47069, -6.20882, 1.69057], "palmWidth": 80.2111, "pinchDistance": 66.116, "pinchStrength": 0, "r": [[0.994955, -0.0820282, 0.0577527], [0.0977042, 0.922929, -0.372364], [-0.0227572, 0.376129, 0.926288]], "s": 1.05391, "sphereCenter": [-155.547, 132.161, 48.741], "sphereRadius": 66.13, "stabilizedPalmPosition": [-107.754, 129.278, 88.5079], "t": [-30.4184, -22.4286, -46.4084], "timeVisible": 2.61024, "type": "left", "wrist": [-108.569, 98.4081, 146.831]}], "id": 52699, "interactionBox": {"center": [0, 200, 0], "size": [235.247, 235.247, 147.751]}, "pointables": [{"bases": [[[0.955316, -0.242831, -0.168535], [0.292647, 0.696804, 0.654845], [-0.0415803, -0.674905, 0.736732]], [[0.949483, -0.130601, -0.28535], [0.309785, 0.535352, 0.785768], [0.0501405, -0.834471, 0.548766]], [[0.949483, -0.130601, -0.28535], [0.29341, 0.691994, 0.659586], [0.111318, -0.709991, 0.695357]], [[0.949483, -0.130601, -0.28535], [0.306211, 0.584547, 0.751358], [0.0686721, -0.80078, 0.595009]]], "btipPosition": [-87.9147, 202.601, 81.9624], "carpPosition": [-94.7356, 129.198, 138.254], "dipPosition": [-89.2874, 186.594, 93.8562], "direction": [0.111318, 0.709991, -0.695357], "extended": true, "handId": 77, "id": 770, "length": 44.5133, "mcpPosition": [-94.7356, 129.198, 138.254], "pipPosition": [-92.5292, 165.918, 114.106], "stabilizedTipPosition": [-88.7623, 202.457, 88.482], "timeVisible": 2.61024, "tipPosition": [-87.7686, 200.818, 87.2761], "tipVelocity": [5.74523, -12.6, -0.348859], "tool": false, "touchDistance": 0.244966, "touchZone": "hovering", "type": 0, "width": 18.4546}, {"bases": [[[0.147302, -0.891103, -0.429228], [0.987208, 0.159225, 0.00822913], [0.0610109, -0.42495, 0.903159]], [[0.154647, -0.94371, -0.292398], [0.973602, 0.0952801, 0.207414], [-0.167879, -0.316755, 0.933532]], [[0.154647, -0.94371, -0.292398], [0.986479, 0.163746, -0.00674915], [0.0542484, -0.287401, 0.956273]], [[0.154647, -0.94371, -0.292398], [0.959692, 0.213793, -0.18244], [0.234683, -0.252399, 0.938733]]], "btipPosition": [-111.342, 175.566, 3.51597], "carpPosition": [-113.683, 126.766, 129.786], "dipPosition": [-114.767, 171.882, 17.2149], "direction": [0.0542484, 0.287401, -0.956273], "extended": true, "handId": 77, "id": 771, "length": 50.2283, "mcpPosition": [-109.727, 154.326, 71.2123], "pipPosition": [-115.887, 165.949, 36.9565], "stabilizedTipPosition": [-115.727, 176.934, 8.2969], "timeVisible": 2.61024, "tipPosition": [-116.58, 176.476, 7.76948], "tipVelocity": [9.27213, -10.1101, 0.750984], "tool": false, "touchDistance": -0.109257, "touchZone": "touching", "type": 1, "width": 17.6278}, {"bases": [[[-0.0162767, -0.954323, -0.298334], [0.998999, -0.00308716, -0.0446288], [0.0416693, -0.298761, 0.953418]], [[-0.0115157, -0.981743, -0.189863], [0.982489, -0.0464217, 0.180447], [-0.185966, -0.18446, 0.965086]], [[-0.0115157, -0.981743, -0.189863], [0.998744, -0.0020339, -0.0500596], [0.0487595, -0.190201, 0.980534]], [[-0.0115157, -0.981743, -0.189863], [0.957465, 0.0439226, -0.285188], [0.28832, -0.185071, 0.939479]]], "btipPosition": [-115.996, 151.216, -12.5433], "carpPosition": [-116.715, 117.657, 124.72], "dipPosition": [-120.624, 148.245, 2.53584], "direction": [0.0487595, 0.190201, -0.980534], "extended": true, "handId": 77, "id": 772, "length": 57.2312, "mcpPosition": [-114.152, 136.032, 66.0823], "pipPosition": [-121.808, 143.626, 26.351], "stabilizedTipPosition": [-122.118, 150.465, -7.48323], "timeVisible": 2.61024, "tipPosition": [-122.888, 150.333, -8.63891], "tipVelocity": [9.37839, -7.09692, 1.0607], "tool": false, "touchDistance": 0.0736153, "touchZone": "hovering", "type": 2, "width": 17.3129}, {"bases": [[[-0.0852295, -0.98492, -0.15056], [0.996102, -0.0807836, -0.0354137], [0.0227169, -0.152991, 0.987966]], [[-0.0839704, -0.991402, -0.100359], [0.977363, -0.101569, 0.185597], [-0.194194, -0.0825021, 0.977488]], [[-0.0839704, -0.991402, -0.100359], [0.993449, -0.0754555, -0.0858272], [0.0775166, -0.106908, 0.991243]], [[-0.0839704, -0.991402, -0.100359], [0.924637, -0.0399754, -0.378746], [0.371478, -0.124599, 0.920043]]], "btipPosition": [-115.696, 123.701, -9.21272], "carpPosition": [-117.302, 107.586, 120.78], "dipPosition": [-121.625, 121.712, 5.46959], "direction": [0.0775166, 0.106908, -0.991243], "extended": true, "handId": 77, "id": 773, "length": 55.0293, "mcpPosition": [-116.048, 116.034, 66.2254], "pipPosition": [-123.459, 119.183, 28.9231], "stabilizedTipPosition": [-122.447, 120.48, -4.35195], "timeVisible": 2.61024, "tipPosition": [-123.574, 121.079, -5.74059], "tipVelocity": [6.51578, -1.24775, 1.06548], "tool": false, "touchDistance": 0.169541, "touchZone": "hovering", "type": 3, "width": 16.4743}, {"bases": [[[-0.245433, -0.96903, -0.0272667], [0.968787, -0.246188, 0.0290244], [-0.0348383, -0.019292, 0.999207]], [[-0.247426, -0.967495, 0.0522871], [0.953303, -0.233441, 0.191623], [-0.173189, 0.0972581, 0.980075]], [[-0.247426, -0.967495, 0.0522871], [0.96654, -0.250232, -0.0564384], [0.0676877, 0.0365732, 0.997036]], [[-0.247426, -0.967495, 0.0522871], [0.900544, -0.249545, -0.356017], [0.357493, -0.0410011, 0.933016]]], "btipPosition": [-112.571, 94.4285, 7.87568], "carpPosition": [-111.954, 96.387, 118.942], "dipPosition": [-117.834, 93.8249, 21.6117], "direction": [0.0676877, -0.0365732, -0.997036], "extended": true, "handId": 77, "id": 774, "length": 43.1419, "mcpPosition": [-113.735, 97.3731, 67.8667], "pipPosition": [-118.965, 94.4358, 38.2677], "stabilizedTipPosition": [-116.567, 89.6676, 13.5273], "timeVisible": 2.61024, "tipPosition": [-118.907, 90.3104, 11.5736], "tipVelocity": [1.0347, 3.56634, -0.291053], "tool": false, "touchDistance": 0.20685, "touchZone": "hovering", "type": 4, "width": 14.6338}], "r": [[0.994955, -0.0820282, 0.0577527], [0.0977042, 0.922929, -0.372364], [-0.0227572, 0.376129, 0.926288]], "s": 1.05391, "t": [30.4184, -22.4286, -46.4084], "timestamp": 17530364818}, {"currentFrameRate": 114.264, "devices": [], "gestures": [], "hands": [{"armBasis": [[0.0631087, -0.788112, -0.612289], [0.97887, 0.168446, -0.115925], [0.1945, -0.592035, 0.782089]], "armWidth": 57.4912, "confidence": 1, "direction": [-0.109131, 0.288198, -0.951332], "elbow": [-154.924, -42.5561, 332.99], "grabAngle": 0.299554, "grabStrength": 0, "id": 77, "palmNormal": [0.985282, -0.0953103, -0.141899], "palmPosition": [-108.353, 126.729, 85.8906], "palmVelocity": [-3.80254, -4.41017, 1.71661], "palmWidth": 80.2111, "pinchDistance": 66.0837, "pinchStrength": 0, "r": [[0.995047, -0.0812334, 0.0572871], [0.0967992, 0.922899, -0.372676], [-0.0225965, 0.376376, 0.926191]], "s": 1.05309, "sphereCenter": [-155.212, 131.97, 48.687], "sphereRadius": 65.909, "stabilizedPalmPosition": [-107.755, 129.275, 88.5046], "t": [-30.4442, -22.4707, -46.3908], "timeVisible": 2.61894, "type": "left", "wrist": [-108.63, 98.3574, 146.84]}], "id": 52700, "interactionBox": {"center": [0, 200, 0], "size": [235.247, 235.247, 147.751]}, "pointables": [{"bases": [[[0.9555, -0.241926, -0.168795], [0.292158, 0.696971, 0.654886], [-0.0407886, -0.675058, 0.736636]], [[0.949601, -0.13008, -0.285197], [0.30934, 0.535937, 0.785545], [0.0506637, -0.834177, 0.549165]], [[0.949601, -0.13008, -0.285197], [0.292876, 0.69246, 0.659335], [0.111721, -0.709632, 0.695658]], [[0.949601, -0.13008, -0.285197], [0.305668, 0.585887, 0.750535], [0.0694635, -0.799884, 0.596121]]], "btipPosition": [-87.9072, 202.501, 81.9323], "carpPosition": [-94.7786, 129.139, 138.273], "dipPosition": [-89.2957, 186.512, 93.8484], "direction": [0.111721, 0.709632, -0.695658], "extended": true, "handId": 77, "id": 770, "length": 44.5133, "mcpPosition": [-94.7786, 129.139, 138.273], "pipPosition": [-92.5492, 165.846, 114.107], "stabilizedTipPosition": [-88.7604, 202.444, 88.4683], "timeVisible": 2.61894, "tipPosition": [-87.7364, 200.751, 87.2944], "tipVelocity": [0.452904, -11.0557, -2.8687], "tool": false, "touchDistance": 0.24455, "touchZone": "hovering", "type": 0, "width": 18.4546}, {"bases": [[[0.148022, -0.890901, -0.429402], [0.987063, 0.160132, 0.00802504], [0.0616113, -0.425034, 0.903078]], [[0.155488, -0.943829, -0.291566], [0.973647, 0.0965767, 0.206604], [-0.16684, -0.316007, 0.933972]], [[0.155488, -0.943829, -0.291566], [0.98634, 0.164581, -0.00676253], [0.0543689, -0.286532, 0.956527]], [[0.155488, -0.943829, -0.291566], [0.95957, 0.214414, -0.182354], [0.234627, -0.251424, 0.939008]]], "btipPosition": [-111.307, 175.471, 3.50948], "carpPosition": [-113.727, 126.726, 129.8], "dipPosition": [-114.731, 171.802, 17.2125], "direction": [0.0543689, 0.286532, -0.956527], "extended": true, "handId": 77, "id": 771, "length": 50.2283, "mcpPosition": [-109.731, 154.291, 71.2312], "pipPosition": [-115.853, 165.887, 36.9593], "stabilizedTipPosition": [-115.639, 176.878, 8.25765], "timeVisible": 2.61894, "tipPosition": [-116.528, 176.448, 7.78472], "tipVelocity": [4.09732, -10.4769, -0.639275], "tool": false, "touchDistance": -0.10935, "touchZone": "touching", "type": 1, "width": 17.6278}, {"bases": [[[-0.0154682, -0.954291, -0.298479], [0.998991, -0.00216137, -0.044861], [0.0421653, -0.298872, 0.953361]], [[-0.0106223, -0.981874, -0.189238], [0.982709, -0.0452353, 0.179545], [-0.184851, -0.184059, 0.965377]], [[-0.0106223, -0.981874, -0.189238], [0.998717, -0.00104528, -0.0506365], [0.0495209, -0.189533, 0.980625]], [[-0.0106223, -0.981874, -0.189238], [0.957366, 0.0446495, -0.285406], [0.288682, -0.184202, 0.939538]]], "btipPosition": [-115.946, 151.139, -12.5434], "carpPosition": [-116.765, 117.62, 124.732], "dipPosition": [-120.579, 148.183, 2.53668], "direction": [0.0495209, 0.189533, -0.980625], "extended": true, "handId": 77, "id": 772, "length": 57.2312, "mcpPosition": [-114.172, 136.002, 66.0973], "pipPosition": [-121.782, 143.579, 26.354], "stabilizedTipPosition": [-122.069, 150.465, -7.49837], "timeVisible": 2.61894, "tipPosition": [-122.85, 150.323, -8.62581], "tipVelocity": [5.62338, -8.43825, 0.0114605], "tool": false, "touchDistance": 0.0736169, "touchZone": "hovering", "type": 2, "width": 17.3129}, {"bases": [[[-0.0843585, -0.984975, -0.150694], [0.996168, -0.0798619, -0.0356574], [0.0230869, -0.153124, 0.987937]], [[-0.083077, -0.991481, -0.100319], [0.977682, -0.100583, 0.184449], [-0.192968, -0.0827565, 0.977709]], [[-0.083077, -0.991481, -0.100319], [0.993452, -0.0744763, -0.0866358], [0.0784264, -0.10686, 0.991176]], [[-0.083077, -0.991481, -0.100319], [0.924574, -0.0391245, -0.378988], [0.371835, -0.124238, 0.919948]]], "btipPosition": [-115.661, 123.675, -9.2066], "carpPosition": [-117.361, 107.551, 120.79], "dipPosition": [-121.595, 121.693, 5.47418], "direction": [0.0784264, 0.10686, -0.991176], "extended": true, "handId": 77, "id": 773, "length": 55.0293, "mcpPosition": [-116.086, 116.006, 66.2369], "pipPosition": [-123.45, 119.164, 28.9261], "stabilizedTipPosition": [-122.403, 120.502, -4.36404], "timeVisible": 2.61894, "tipPosition": [-123.569, 121.076, -5.73042], "tipVelocity": [3.94537, -2.76639, 0.66224], "tool": false, "touchDistance": 0.169637, "touchZone": "hovering", "type": 3, "width": 16.4743}, {"bases": [[[-0.244548, -0.969251, -0.027361], [0.96902, -0.245302, 0.0287613], [-0.0345886, -0.0194799, 0.999212]], [[-0.246516, -0.967763, 0.0516248], [0.953742, -0.232797, 0.190214], [-0.172064, 0.0961275, 0.980384]], [[-0.246516, -0.967763, 0.0516248], [0.966717, -0.249314, -0.0574588], [0.0684773, 0.0357421, 0.997012]], [[-0.246516, -0.967763, 0.0516248], [0.900645, -0.248438, -0.356535], [0.357867, -0.0413957, 0.932855]]], "btipPosition": [-112.574, 94.4518, 7.87818], "carpPosition": [-112.022, 96.3468, 118.952], "dipPosition": [-117.843, 93.8423, 21.6119], "direction": [0.0684773, -0.0357421, -0.997012], "extended": true, "handId": 77, "id": 774, "length": 43.1419, "mcpPosition": [-113.791, 97.3425, 67.8758], "pipPosition": [-118.987, 94.4394, 38.2674], "stabilizedTipPosition": [-116.555, 89.6885, 13.5161], "timeVisible": 2.61894, "tipPosition": [-118.936, 90.3094, 11.5782], "tipVelocity": [-0.522649, 2.52109, 0.225537], "tool": false, "touchDistance": 0.206883, "touchZone": "hovering", "type": 4, "width": 14.6338}], "r": [[0.995047, -0.0812334, 0.0572871], [0.0967992, 0.922899, -0.372676], [-0.0225965, 0.376376, 0.926191]], "s": 1.05309, "t": [30.4442, -22.4707, -46.3908], "timestamp": 17530373518}, {"currentFrameRate": 114.288, "devices": [], "gestures": [], "hands": [{"armBasis": [[0.0643323, -0.787733, -0.612648], [0.97889, 0.169161, -0.114715], [0.194001, -0.592335, 0.781986]], "armWidth": 57.4912, "confidence": 1, "direction": [-0.108638, 0.288395, -0.951329], "elbow": [-154.871, -42.7033, 332.972], "grabAngle": 0.299341, "grabStrength": 0, "id": 77, "palmNormal": [0.985204, -0.0963757, -0.141723], "palmPosition": [-108.389, 126.662, 85.9016], "palmVelocity": [-4.13207, -7.73404, 1.26038], "palmWidth": 80.2111, "pinchDistance": 66.0349, "pinchStrength": 0, "r": [[0.99514, -0.080381, 0.0568759], [0.0958593, 0.922901, -0.372914], [-0.0225157, 0.376553, 0.926121]], "s": 1.05222, "sphereCenter": [-155.003, 131.745, 48.6334], "sphereRadius": 65.7627, "stabilizedPalmPosition": [-107.756, 129.271, 88.5007], "t": [-30.475, -22.5255, -46.3765], "timeVisible": 2.62765, "type": "left", "wrist": [-108.696, 98.2815, 146.848]}], "id": 52701, "interactionBox": {"center": [0, 200, 0], "size": [235.247, 235.247, 147.751]}, "pointables": [{"bases": [[[0.955732, -0.240867, -0.168994], [0.291518, 0.697237, 0.654888], [-0.0399126, -0.675162, 0.736589]], [[0.949762, -0.129469, -0.284937], [0.308738, 0.536831, 0.785171], [0.0513078, -0.833697, 0.549834]], [[0.949762, -0.129469, -0.284937], [0.292141, 0.693344, 0.658732], [0.112274, -0.708881, 0.696335]], [[0.949762, -0.129469, -0.284937], [0.304952, 0.587613, 0.749477], [0.0703986, -0.798717, 0.597574]]], "btipPosition": [-87.8872, 202.348, 81.8678], "carpPosition": [-94.8218, 129.052, 138.286], "dipPosition": [-89.2944, 186.382, 93.8129], "direction": [0.112274, 0.708881, -0.696335], "extended": true, "handId": 77, "id": 770, "length": 44.5133, "mcpPosition":