{"frames": 74, "data": [{"currentFrameRate": 115.153, "devices": [], "gestures": [], "hands": [{"armBasis": [[0.975182, 0.166176, -0.146307], [0.0361224, 0.532544, 0.845631], [0.218439, -0.829929, 0.513324]], "armWidth": 48.9085, "confidence": 1, "direction": [-0.122873, 0.487729, -0.864305], "elbow": [-138.598, 1.21201, 265.601], "grabAngle": 2.80003, "grabStrength": 0, "id": 68, "palmNormal": [0.105684, -0.859521, -0.500054], "palmPosition": [-89.4812, 211.41, 102.876], "palmVelocity": [4.48105, 29.0267, 24.2484], "palmWidth": 72.7825, "pinchDistance": 42.6168, "pinchStrength": 0.567871, "r": [[0.874594, 0.178539, 0.450788], [-0.173282, 0.983429, -0.0533035], [-0.452835, -0.0314946, 0.891038]], "s": 0.959786, "sphereCenter": [-101.675, 185.711, 75.4553], "sphereRadius": 38.6513, "stabilizedPalmPosition": [-89.39, 210.68, 101.753], "t": [-66.4375, 47.2992, -31.017], "timeVisible": 9.07957, "type": "left", "wrist": [-91.4209, 180.453, 154.737]}], "id": 45111, "interactionBox": {"center": [0, 200, 0], "size": [235.247, 235.247, 147.751]}, "pointables": [{"bases": [[[0.993401, -0.0687265, -0.0918192], [0.0979055, 0.92514, 0.366784], [0.0597379, -0.373353, 0.925764]], [[0.986469, -0.138916, 0.0870703], [0.128315, 0.984762, 0.117381], [-0.10205, -0.10462, 0.989263]], [[0.986469, -0.138916, 0.0870703], [0.143695, 0.988295, -0.0512311], [-0.0789343, 0.0630495, 0.994884]], [[0.986469, -0.138916, 0.0870703], [0.148882, 0.98143, -0.120952], [-0.0686512, 0.132278, 0.988832]]], "btipPosition": [-78.0652, 226.251, 21.6002], "carpPosition": [-75.8753, 203.737, 139.852], "dipPosition": [-77.1687, 227.979, 34.5124], "direction": [-0.0789343, -0.0630495, -0.994884], "extended": true, "handId": 68, "id": 681, "length": 44.9446, "mcpPosition": [-72.3598, 225.708, 85.3727], "pipPosition": [-75.7106, 229.143, 52.8905], "stabilizedTipPosition": [-77.6381, 225.983, 23.9439], "timeVisible": 9.07957, "tipPosition": [-78.748, 225.025, 24.9305], "tipVelocity": [-4.21641, 40.6633, 29.5403], "tool": false, "touchDistance": 0.354738, "touchZone": "hovering", "type": 1, "width": 14.572}, {"bases": [[[0.51558, 0.80247, 0.300365], [-0.794844, 0.317008, 0.517426], [0.320001, -0.505518, 0.801281]], [[0.420674, 0.902396, 0.0933529], [-0.895438, 0.396485, 0.202463], [0.145688, -0.168762, 0.97483]], [[0.420674, 0.902396, 0.0933529], [-0.876883, 0.430836, -0.213203], [-0.232614, 0.0078294, 0.972538]], [[0.420674, 0.902396, 0.0933529], [-0.704987, 0.389931, -0.592408], [-0.570988, 0.183398, 0.800211]]], "btipPosition": [-77.2618, 190.359, 60.5004], "carpPosition": [-66.8045, 187.105, 139.08], "dipPosition": [-67.0488, 193.639, 74.8135], "direction": [-0.232614, -0.0078294, -0.972538], "extended": false, "handId": 68, "id": 680, "length": 39.8308, "mcpPosition": [-66.8045, 187.105, 139.08], "pipPosition": [-60.9873, 193.843, 100.156], "stabilizedTipPosition": [-74.9274, 190.118, 63.2574], "timeVisible": 9.07957, "tipPosition": [-72.1742, 193.253, 63.3762], "tipVelocity": [7.63768, 46.2818, 15.7648], "tool": false, "touchDistance": 0.350847, "touchZone": "hovering", "type": 0, "width": 15.2554}, {"bases": [[[0.960995, -0.275236, -0.0270744], [0.26573, 0.891781, 0.366217], [-0.0766516, -0.359127, 0.930136]], [[0.962736, -0.265283, -0.0525733], [0.0987648, 0.525851, -0.844823], [0.251763, 0.808149, 0.532457]], [[0.962736, -0.265283, -0.0525733], [-0.2375, -0.736354, -0.633543], [0.129356, 0.622421, -0.771919]], [[0.962736, -0.265283, -0.0525733], [-0.264344, -0.964125, 0.0242125], [-0.0571104, -0.00941283, -0.998323]]], "btipPosition": [-78.6717, 181.382, 98.6119], "carpPosition": [-85.6596, 204.503, 139.021], "dipPosition": [-77.8515, 181.247, 84.2739], "direction": [0.129356, -0.622421, 0.771919], "extended": false, "handId": 68, "id": 682, "length": 51.2108, "mcpPosition": [-89.9373, 224.545, 87.1124], "pipPosition": [-80.6628, 194.774, 67.4978], "stabilizedTipPosition": [-78.7608, 180.558, 94.5794], "timeVisible": 9.07957, "tipPosition": [-77.1721, 181.448, 94.0575], "tipVelocity": [14.0694, 33.9015, 15.0686], "tool": false, "touchDistance": 0.421903, "touchZone": "none", "type": 2, "width": 14.3116}, {"bases": [[[0.916457, -0.391523, 0.0825684], [0.331131, 0.857935, 0.392811], [-0.224632, -0.332653, 0.915905]], [[0.928277, -0.370871, 0.0274985], [0.215505, 0.476191, -0.852525], [0.303082, 0.797306, 0.521962]], [[0.928277, -0.370871, 0.0274985], [-0.276476, -0.737679, -0.615947], [0.248722, 0.564167, -0.787308]], [[0.928277, -0.370871, 0.0274985], [-0.371683, -0.927683, 0.0354451], [0.0123643, -0.0431236, -0.998993]]], "btipPosition": [-90.7619, 180.803, 105.628], "carpPosition": [-95.2984, 202.69, 138.409], "dipPosition": [-90.9385, 180.187, 91.3625], "direction": [0.248722, -0.564166, 0.787308], "extended": false, "handId": 68, "id": 683, "length": 49.2406, "mcpPosition": [-106.554, 219.357, 92.5174], "pipPosition": [-96.2043, 192.132, 74.6939], "stabilizedTipPosition": [-90.8944, 179.994, 101.435], "timeVisible": 9.07957, "tipPosition": [-90.0221, 181.204, 101.639], "tipVelocity": [10.6714, 28.273, 16.2631], "tool": false, "touchDistance": 0.539112, "touchZone": "none", "type": 3, "width": 13.6184}, {"bases": [[[0.816904, -0.56373, 0.121973], [0.448487, 0.753812, 0.480236], [-0.362668, -0.337603, 0.868617]], [[0.856405, -0.516199, 0.0104761], [0.313357, 0.503537, -0.805145], [0.41034, 0.692812, 0.592986]], [[0.856405, -0.516199, 0.0104761], [-0.367243, -0.623289, -0.690394], [0.36291, 0.587409, -0.723358]], [[0.856405, -0.516199, 0.0104761], [-0.51462, -0.855072, -0.0633912], [0.0416802, 0.0488973, -0.997934]]], "btipPosition": [-103.575, 182.697, 105.197], "carpPosition": [-103.817, 195.186, 137.551], "dipPosition": [-104.124, 183.341, 92.0507], "direction": [0.36291, -0.587409, 0.723358], "extended": false, "handId": 68, "id": 684, "length": 38.6037, "mcpPosition": [-120.638, 210.844, 97.2626], "pipPosition": [-109.549, 192.122, 81.2379], "stabilizedTipPosition": [-103.709, 182.292, 101.225], "timeVisible": 9.07957, "tipPosition": [-103.04, 182.981, 101.486], "tipVelocity": [10.5276, 25.1753, 16.6802], "tool": false, "touchDistance": 0.536223, "touchZone": "none", "type": 4, "width": 12.0969}], "r": [[0.874594, 0.178539, 0.450788], [-0.173282, 0.983429, -0.0533035], [-0.452835, -0.0314946, 0.891038]], "s": 0.959786, "t": [66.4375, 47.2992, -31.017], "timestamp": 17463433964}, {"currentFrameRate": 115.153, "devices": [], "gestures": [], "hands": [{"armBasis": [[0.975344, 0.164979, -0.146583], [0.0371937, 0.531818, 0.846041], [0.217535, -0.830633, 0.51257]], "armWidth": 48.9085, "confidence": 1, "direction": [-0.123924, 0.489283, -0.863276], "elbow": [-138.278, 1.2138, 265.58], "grabAngle": 2.80035, "grabStrength": 0, "id": 68, "palmNormal": [0.107213, -0.858287, -0.501846], "palmPosition": [-89.4166, 211.666, 103.075], "palmVelocity": [7.43984, 29.5281, 22.851], "palmWidth": 72.7825, "pinchDistance": 42.5911, "pinchStrength": 0.567555, "r": [[0.874675, 0.176829, 0.451304], [-0.172237, 0.983702, -0.0516197], [-0.453077, -0.0325807, 0.890876]], "s": 0.959604, "sphereCenter": [-101.621, 185.967, 75.6092], "sphereRadius": 38.6743, "stabilizedPalmPosition": [-89.3915, 210.737, 101.83], "t": [-66.3996, 47.5378, -30.8109], "timeVisible": 9.08826, "type": "left", "wrist": [-91.2966, 180.607, 154.879]}], "id": 45112, "interactionBox": {"center": [0, 200, 0], "size": [235.247, 235.247, 147.751]}, "pointables": [{"bases": [[[0.993285, -0.0703972, -0.0918062], [0.0995793, 0.924195, 0.36871], [0.0588907, -0.375377, 0.925]], [[0.986084, -0.141235, 0.0876984], [0.130473, 0.984374, 0.118254], [-0.10303, -0.105166, 0.989103]], [[0.986084, -0.141235, 0.0876984], [0.146094, 0.98792, -0.0516703], [-0.0793414, 0.0637634, 0.994806]], [[0.986084, -0.141235, 0.0876984], [0.151282, 0.981047, -0.121079], [-0.0689356, 0.132662, 0.988761]]], "btipPosition": [-78.0736, 226.576, 21.8332], "carpPosition": [-75.7904, 203.943, 140.032], "dipPosition": [-77.1734, 228.308, 34.7444], "direction": [-0.0793414, -0.0637634, -0.994806], "extended": true, "handId": 68, "id": 681, "length": 44.9446, "mcpPosition": [-72.3248, 226.033, 85.598], "pipPosition": [-75.7078, 229.486, 53.1211], "stabilizedTipPosition": [-77.6815, 226.172, 24.1073], "timeVisible": 9.08826, "tipPosition": [-78.7147, 225.475, 25.1527], "tipVelocity": [-0.870992, 37.484, 26.8022], "tool": false, "touchDistance": 0.356089, "touchZone": "hovering", "type": 1, "width": 14.572}, {"bases": [[[0.517034, 0.800881, 0.302103], [-0.794331, 0.317426, 0.517956], [0.318926, -0.507771, 0.800285]], [[0.422288, 0.901453, 0.0951656], [-0.894692, 0.397638, 0.203495], [0.145599, -0.171077, 0.97444]], [[0.422288, 0.901453, 0.0951656], [-0.87611, 0.432832, -0.212339], [-0.232604, 0.00629269, 0.972551]], [[0.422288, 0.901453, 0.0951656], [-0.704254, 0.392371, -0.591668], [-0.570701, 0.182833, 0.800545]]], "btipPosition": [-77.1441, 190.725, 60.6542], "carpPosition": [-66.6886, 187.329, 139.224], "dipPosition": [-66.9362, 193.996, 74.9733], "direction": [-0.232604, -0.00629269, -0.972551], "extended": false, "handId": 68, "id": 680, "length": 39.8308, "mcpPosition": [-66.6886, 187.329, 139.224], "pipPosition": [-60.875, 194.16, 100.316], "stabilizedTipPosition": [-74.9048, 190.353, 63.3767], "timeVisible": 9.08826, "tipPosition": [-72.0856, 193.621, 63.535], "tipVelocity": [13.4162, 41.968, 17.8752], "tool": false, "touchDistance": 0.351424, "touchZone": "hovering", "type": 0, "width": 15.2554}, {"bases": [[[0.960483, -0.276979, -0.0274933], [0.267341, 0.890523, 0.3681], [-0.0774726, -0.360904, 0.92938]], [[0.962138, -0.267739, -0.0510495], [0.10172, 0.526477, -0.844082], [0.25287, 0.806931, 0.533778]], [[0.962138, -0.267739, -0.0510495], [-0.238139, -0.734637, -0.635294], [0.13259, 0.623397, -0.770581]], [[0.962138, -0.267739, -0.0510495], [-0.266942, -0.963462, 0.0219686], [-0.0550662, -0.00750952, -0.998454]]], "btipPosition": [-78.4938, 181.667, 98.7617], "carpPosition": [-85.5763, 204.692, 139.204], "dipPosition": [-77.703, 181.559, 84.4218], "direction": [0.13259, -0.623397, 0.770581], "extended": false, "handId": 68, "id": 682, "length": 51.2108, "mcpPosition": [-89.8998, 224.833, 87.3381], "pipPosition": [-80.5846, 195.107, 67.6748], "stabilizedTipPosition": [-78.7138, 180.672, 94.672], "timeVisible": 9.08826, "tipPosition": [-77.0573, 181.746, 94.1967], "tipVelocity": [19.7117, 33.4749, 17.1997], "tool": false, "touchDistance": 0.424392, "touchZone": "none", "type": 2, "width": 14.3116}, {"bases": [[[0.915709, -0.393408, 0.081902], [0.332674, 0.8565, 0.394634], [-0.225401, -0.334123, 0.915181]], [[0.927577, -0.372665, 0.0268767], [0.216339, 0.477041, -0.851839], [0.304629, 0.79596, 0.523114]], [[0.927577, -0.372665, 0.0268767], [-0.277767, -0.735906, -0.617485], [0.249894, 0.565299, -0.786124]], [[0.927577, -0.372665, 0.0268767], [-0.373423, -0.927063, 0.0333037], [0.0125053, -0.0409281, -0.999084]]], "btipPosition": [-90.6342, 181.039, 105.782], "carpPosition": [-95.2118, 202.862, 138.59], "dipPosition": [-90.8127, 180.455, 91.5156], "direction": [0.249894, -0.565299, 0.786124], "extended": false, "handId": 68, "id": 683, "length": 49.2406, "mcpPosition": [-106.506, 219.603, 92.7349], "pipPosition": [-96.1034, 192.423, 74.872], "stabilizedTipPosition": [-90.8786, 180.06, 101.511], "timeVisible": 9.08826, "tipPosition": [-89.9023, 181.461, 101.776], "tipVelocity": [14.6582, 28.0568, 17.7484], "tool": false, "touchDistance": 0.54168, "touchZone": "none", "type": 3, "width": 13.6184}, {"bases": [[[0.815827, -0.56551, 0.120935], [0.449821, 0.751977, 0.481862], [-0.363438, -0.338717, 0.867861]], [[0.855416, -0.517852, 0.00960569], [0.314242, 0.504162, -0.804408], [0.411722, 0.691122, 0.593999]], [[0.855416, -0.517852, 0.00960569], [-0.368195, -0.621039, -0.691912], [0.364274, 0.588336, -0.721918]], [[0.855416, -0.517852, 0.00960569], [-0.516215, -0.853932, -0.065745], [0.0422488, 0.0512808, -0.99779]]], "btipPosition": [-103.445, 182.907, 105.348], "carpPosition": [-103.716, 195.344, 137.718], "dipPosition": [-104.002, 183.583, 92.2039], "direction": [0.364274, -0.588336, 0.721918], "extended": false, "handId": 68, "id": 684, "length": 38.6037, "mcpPosition": [-120.573, 211.054, 97.4648], "pipPosition": [-109.447, 192.377, 81.4126], "stabilizedTipPosition": [-103.701, 182.341, 101.295], "timeVisible": 9.08826, "tipPosition": [-102.923, 183.215, 101.629], "tipVelocity": [14.7766, 25.0225, 17.4765], "tool": false, "touchDistance": 0.538752, "touchZone": "none", "type": 4, "width": 12.0969}], "r": [[0.874675, 0.176829, 0.451304], [-0.172237, 0.983702, -0.0516197], [-0.453077, -0.0325807, 0.890876]], "s": 0.959604, "t": [66.3996, 47.5378, -30.8109], "timestamp": 17463442647}, {"currentFrameRate": 115.144, "devices": [], "gestures": [], "hands": [{"armBasis": [[0.975486, 0.164928, -0.145693], [0.03672, 0.530778, 0.846715], [0.216978, -0.831308, 0.511711]], "armWidth": 48.9085, "confidence": 1, "direction": [-0.124811, 0.490837, -0.862265], "elbow": [-138.048, 1.30477, 265.566], "grabAngle": 2.80077, "grabStrength": 0, "id": 68, "palmNormal": [0.107029, -0.857329, -0.503519], "palmPosition": [-89.3592, 211.995, 103.299], "palmVelocity": [6.59933, 37.8062, 25.7472], "palmWidth": 72.7825, "pinchDistance": 42.5503, "pinchStrength": 0.566968, "r": [[0.87467, 0.175244, 0.451931], [-0.171335, 0.983946, -0.0499392], [-0.453427, -0.033751, 0.890654]], "s": 0.959397, "sphereCenter": [-101.624, 186.305, 75.7994], "sphereRadius": 38.6966, "stabilizedPalmPosition": [-89.3897, 210.81, 101.915], "t": [-66.3519, 47.8216, -30.5958], "timeVisible": 9.09696, "type": "left", "wrist": [-91.1865, 180.844, 155.051]}], "id": 45113, "interactionBox": {"center": [0, 200, 0], "size": [235.247, 235.247, 147.751]}, "pointables": [{"bases": [[[0.993344, -0.0705175, -0.0910792], [0.0995291, 0.923485, 0.370499], [0.0579837, -0.377098, 0.924357]], [[0.985907, -0.141844, 0.0887032], [0.13093, 0.984263, 0.118674], [-0.10414, -0.105388, 0.988963]], [[0.985907, -0.141844, 0.0887032], [0.14687, 0.987739, -0.0529276], [-0.0801081, 0.0652094, 0.994651]], [[0.985907, -0.141844, 0.0887032], [0.152053, 0.980874, -0.121515], [-0.0697705, 0.13329, 0.988618]]], "btipPosition": [-78.097, 226.914, 22.0783], "carpPosition": [-75.6989, 204.207, 140.23], "dipPosition": [-77.1859, 228.655, 34.9876], "direction": [-0.0801081, -0.0652094, -0.994651], "extended": true, "handId": 68, "id": 681, "length": 44.9446, "mcpPosition": [-72.2867, 226.399, 85.8338], "pipPosition": [-75.7061, 229.859, 53.3614], "stabilizedTipPosition": [-77.718, 226.374, 24.2737], "timeVisible": 9.09696, "tipPosition": [-78.7209, 225.963, 25.39], "tipVelocity": [-2.39906, 39.1169, 28.1239], "tool": false, "touchDistance": 0.357483, "touchZone": "hovering", "type": 1, "width": 14.572}, {"bases": [[[0.517006, 0.800172, 0.304024], [-0.794686, 0.316703, 0.517855], [0.318088, -0.509338, 0.799622]], [[0.422429, 0.901178, 0.0971168], [-0.894659, 0.397371, 0.20416], [0.145393, -0.173129, 0.974108]], [[0.422429, 0.901178, 0.0971168], [-0.875964, 0.433426, -0.211729], [-0.232899, 0.00436966, 0.972491]], [[0.422429, 0.901178, 0.0971168], [-0.703977, 0.393693, -0.59112], [-0.570939, 0.181338, 0.800716]]], "btipPosition": [-77.0686, 191.153, 60.8255], "carpPosition": [-66.593, 187.598, 139.384], "dipPosition": [-66.8565, 194.397, 75.1476], "direction": [-0.232899, -0.00436966, -0.972491], "extended": false, "handId": 68, "id": 680, "length": 39.8308, "mcpPosition": [-66.593, 187.598, 139.384], "pipPosition": [-60.7876, 194.511, 100.489], "stabilizedTipPosition": [-74.8734, 190.616, 63.5028], "timeVisible": 9.09696, "tipPosition": [-72.0659, 194.021, 63.7123], "tipVelocity": [8.78944, 48.4606, 19.7622], "tool": false, "touchDistance": 0.352194, "touchZone": "hovering", "type": 0, "width": 15.2554}, {"bases": [[[0.960426, -0.277208, -0.0271755], [0.267282, 0.889765, 0.369971], [-0.0783791, -0.362593, 0.928646]], [[0.962001, -0.268616, -0.0489767], [0.104275, 0.527205, -0.843316], [0.252349, 0.806164, 0.535182]], [[0.962001, -0.268616, -0.0489767], [-0.237247, -0.73353, -0.636904], [0.135157, 0.624322, -0.769386]], [[0.962001, -0.268616, -0.0489767], [-0.267948, -0.963229, 0.0198587], [-0.0525102, -0.00598088, -0.998602]]], "btipPosition": [-78.3805, 182.011, 98.9349], "carpPosition": [-85.4856, 204.955, 139.412], "dipPosition": [-77.6264, 181.925, 84.5928], "direction": [0.135157, -0.624322, 0.769386], "extended": false, "handId": 68, "id": 682, "length": 51.2108, "mcpPosition": [-89.8598, 225.191, 87.5868], "pipPosition": [-80.5637, 195.493, 67.8718], "stabilizedTipPosition": [-78.6611, 180.809, 94.7723], "timeVisible": 9.09696, "tipPosition": [-77.0026, 182.094, 94.3589], "tipVelocity": [12.0543, 40.1142, 19.8467], "tool": false, "touchDistance": 0.42727, "touchZone": "none", "type": 2, "width": 14.3116}, {"bases": [[[0.915523, -0.393825, 0.0819664], [0.332582, 0.855674, 0.396499], [-0.226288, -0.335743, 0.914369]], [[0.927445, -0.372984, 0.0269897], [0.217094, 0.478239, -0.850974], [0.304492, 0.795091, 0.524513]], [[0.927445, -0.372984, 0.0269897], [-0.277485, -0.734771, -0.618961], [0.250694, 0.566563, -0.784958]], [[0.927445, -0.372984, 0.0269897], [-0.373719, -0.92702, 0.0311108], [0.0134161, -0.0389401, -0.999151]]], "btipPosition": [-90.5627, 181.357, 105.964], "carpPosition": [-95.1212, 203.123, 138.803], "dipPosition": [-90.7542, 180.801, 91.6966], "direction": [0.250694, -0.566563, 0.784958], "extended": false, "handId": 68, "id": 683, "length": 49.2406, "mcpPosition": [-106.459, 219.946, 92.9883], "pipPosition": [-96.0619, 192.796, 75.0777], "stabilizedTipPosition": [-90.8588, 180.145, 101.597], "timeVisible": 9.09696, "tipPosition": [-89.838, 181.792, 101.945], "tipVelocity": [7.87272, 37.2438, 20.8818], "tool": false, "touchDistance": 0.544708, "touchZone": "none", "type": 3, "width": 13.6184}, {"bases": [[[0.815558, -0.565969, 0.120596], [0.449623, 0.750957, 0.483635], [-0.364285, -0.34021, 0.866922]], [[0.855153, -0.518283, 0.00974218], [0.315357, 0.50523, -0.803301], [0.411416, 0.690018, 0.595493]], [[0.855153, -0.518283, 0.00974218], [-0.36764, -0.61963, -0.693469], [0.36545, 0.589441, -0.72042]], [[0.855153, -0.518283, 0.00974218], [-0.516532, -0.853546, -0.0682115], [0.0436683, 0.0532992, -0.997623]]], "btipPosition": [-103.364, 183.224, 105.533], "carpPosition": [-103.624, 195.605, 137.924], "dipPosition": [-103.939, 183.926, 92.3909], "direction": [0.36545, -0.589441, 0.72042], "extended": false, "handId": 68, "id": 684, "length": 38.6037, "mcpPosition": [-120.52, 211.384, 97.7145], "pipPosition": [-109.402, 192.737, 81.622], "stabilizedTipPosition": [-103.687, 182.408, 101.374], "timeVisible": 9.09696, "tipPosition": [-102.859, 183.542, 101.813], "tipVelocity": [8.79156, 37.1289, 21.2992], "tool": false, "touchDistance": 0.54184, "touchZone": "none", "type": 4, "width": 12.0969}], "r": [[0.87467, 0.175244, 0.451931], [-0.171335, 0.983946, -0.0499392], [-0.453427, -0.033751, 0.890654]], "s": 0.959397, "t": [66.3519, 47.8216, -30.5958], "timestamp": 17463451347}, {"currentFrameRate": 115.167, "devices": [], "gestures": [], "hands": [{"armBasis": [[0.975529, 0.165176, -0.145119], [0.0362996, 0.529975, 0.847236], [0.216853, -0.831771, 0.51101]], "armWidth": 48.9085, "confidence": 1, "direction": [-0.126619, 0.492943, -0.860799], "elbow": [-137.825, 1.39882, 265.53], "grabAngle": 2.80159, "grabStrength": 0, "id": 68, "palmNormal": [0.107189, -0.855903, -0.505906], "palmPosition": [-89.2597, 212.315, 103.482], "palmVelocity": [11.5067, 36.9839, 21.2711], "palmWidth": 72.7825, "pinchDistance": 42.5216, "pinchStrength": 0.565736, "r": [[0.874568, 0.173553, 0.452781], [-0.170389, 0.984201, -0.0481335], [-0.453981, -0.0350529, 0.890322]], "s": 0.95924, "sphereCenter": [-101.547, 186.669, 75.9389], "sphereRadius": 38.7028, "stabilizedPalmPosition": [-89.3819, 210.9, 102.008], "t": [-66.2784, 48.1233, -30.3964], "timeVisible": 9.1056, "type": "left", "wrist": [-90.9904, 181.038, 155.166]}], "id": 45114, "interactionBox": {"center": [0, 200, 0], "size": [235.247, 235.247, 147.751]}, "pointables": [{"bases": [[[0.993403, -0.0713399, -0.0897825], [0.0999573, 0.922412, 0.373047], [0.0562033, -0.379561, 0.923458]], [[0.98561, -0.143157, 0.0898845], [0.131954, 0.983942, 0.120195], [-0.105648, -0.106605, 0.988673]], [[0.98561, -0.143157, 0.0898845], [0.148235, 0.987554, -0.0525782], [-0.0812388, 0.0651455, 0.994563]], [[0.98561, -0.143157, 0.0898845], [0.153483, 0.980711, -0.12103], [-0.0708244, 0.133084, 0.988571]]], "btipPosition": [-78.123, 227.341, 22.286], "carpPosition": [-75.5361, 204.446, 140.373], "dipPosition": [-77.1982, 229.079, 35.1948], "direction": [-0.0812388, -0.0651455, -0.994563], "extended": true, "handId": 68, "id": 681, "length": 44.9446, "mcpPosition": [-72.2286, 226.782, 86.0298], "pipPosition": [-75.6975, 230.282, 53.567], "stabilizedTipPosition": [-77.7517, 226.614, 24.4458], "timeVisible": 9.1056, "tipPosition": [-78.7465, 226.505, 25.5923], "tipVelocity": [-2.64924, 49.334, 24.016], "tool": false, "touchDistance": 0.358183, "touchZone": "hovering", "type": 1, "width": 14.572}, {"bases": [[[0.517401, 0.798827, 0.306874], [-0.795121, 0.316203, 0.517493], [0.316353, -0.511753, 0.798768]], [[0.423165, 0.900524, 0.0999412], [-0.894465, 0.397619, 0.204528], [0.144443, -0.175943, 0.973745]], [[0.423165, 0.900524, 0.0999412], [-0.875337, 0.434802, -0.211502], [-0.233917, 0.00201788, 0.972255]], [[0.423165, 0.900524, 0.0999412], [-0.702945, 0.395897, -0.590875], [-0.571664, 0.179785, 0.800549]]], "btipPosition": [-76.9668, 191.605, 60.9355], "carpPosition": [-66.4137, 187.848, 139.47], "dipPosition": [-66.7417, 194.821, 75.2546], "direction": [-0.233917, -0.00201788, -0.972255], "extended": false, "handId": 68, "id": 680, "length": 39.8308, "mcpPosition": [-66.4137, 187.848, 139.47], "pipPosition": [-60.6463, 194.873, 100.59], "stabilizedTipPosition": [-74.8293, 190.911, 63.6267], "timeVisible": 9.1056, "tipPosition": [-72.0139, 194.456, 63.825], "tipVelocity": [12.1215, 51.5144, 12.6466], "tool": false, "touchDistance": 0.351948, "touchZone": "hovering", "type": 0, "width": 15.2554}, {"bases": [[[0.96017, -0.278161, -0.0264656], [0.267675, 0.888515, 0.372682], [-0.0801502, -0.364922, 0.927582]], [[0.961711, -0.270004, -0.0470196], [0.107102, 0.528173, -0.842355], [0.252273, 0.805066, 0.536867]], [[0.961711, -0.270004, -0.0470196], [-0.236784, -0.732174, -0.638635], [0.138007, 0.625316, -0.768072]], [[0.961711, -0.270004, -0.0470196], [-0.269461, -0.96285, 0.0176371], [-0.0500348, -0.00429185, -0.998738]]], "btipPosition": [-78.2238, 182.365, 99.0652], "carpPosition": [-85.3248, 205.185, 139.572], "dipPosition": [-77.5052, 182.304, 84.7212], "direction": [0.138007, -0.625316, 0.768072], "extended": false, "handId": 68, "id": 682, "length": 51.2108, "mcpPosition": [-89.7978, 225.551, 87.8058], "pipPosition": [-80.5045, 195.894, 68.0287], "stabilizedTipPosition": [-78.5973, 180.972, 94.8775], "timeVisible": 9.1056, "tipPosition": [-76.8887, 182.45, 94.4511], "tipVelocity": [17.1818, 41.659, 15.0229], "tool": false, "touchDistance": 0.429435, "touchZone": "none", "type": 2, "width": 14.3116}, {"bases": [[[0.914981, -0.395013, 0.0823057], [0.332899, 0.854285, 0.399218], [-0.228009, -0.337877, 0.913154]], [[0.927007, -0.374042, 0.0274012], [0.218641, 0.479615, -0.849803], [0.30472, 0.793764, 0.526388]], [[0.927007, -0.374042, 0.0274012], [-0.277479, -0.733173, -0.620856], [0.252316, 0.567935, -0.783446]], [[0.927007, -0.374042, 0.0274012], [-0.374753, -0.926689, 0.028403], [0.0147685, -0.0365985, -0.999221]]], "btipPosition": [-90.4256, 181.668, 106.099], "carpPosition": [-94.9593, 203.345, 138.972], "dipPosition": [-90.6365, 181.145, 91.8306], "direction": [0.252316, -0.567935, 0.783446], "extended": false, "handId": 68, "id": 683, "length": 49.2406, "mcpPosition": [-106.384, 220.274, 93.2184], "pipPosition": [-95.9784, 193.169, 75.2437], "stabilizedTipPosition": [-90.8297, 180.251, 101.689], "timeVisible": 9.1056, "tipPosition": [-89.7099, 182.113, 102.053], "tipVelocity": [15.3439, 36.8756, 15.5958], "tool": false, "touchDistance": 0.546955, "touchZone": "none", "type": 3, "width": 13.6184}, {"bases": [[[0.814775, -0.56715, 0.120339], [0.449699, 0.749217, 0.486256], [-0.36594, -0.342073, 0.865491]], [[0.85427, -0.519719, 0.010733], [0.31789, 0.505961, -0.801841], [0.411302, 0.6884, 0.597441]], [[0.85427, -0.519719, 0.010733], [-0.367087, -0.617748, -0.695438], [0.368063, 0.590152, -0.718506]], [[0.85427, -0.519719, 0.010733], [-0.517778, -0.852548, -0.0711865], [0.0461474, 0.0552551, -0.997405]]], "btipPosition": [-103.204, 183.532, 105.678], "carpPosition": [-103.455, 195.819, 138.087], "dipPosition": [-103.812, 184.26, 92.5384], "direction": [0.368063, -0.590152, 0.718506], "extended": false, "handId": 68, "id": 684, "length": 38.6037, "mcpPosition": [-120.428, 211.685, 97.9433], "pipPosition": [-109.314, 193.082, 81.7981], "stabilizedTipPosition": [-103.664, 182.496, 101.461], "timeVisible": 9.1056, "tipPosition": [-102.733, 183.851, 101.944], "tipVelocity": [17.6947, 36.3519, 16.8046], "tool": false, "touchDistance": 0.544262, "touchZone": "none", "type": 4, "width": 12.0969}], "r": [[0.874568, 0.173553, 0.452781], [-0.170389, 0.984201, -0.0481335], [-0.453981, -0.0350529, 0.890322]], "s": 0.95924, "t": [66.2784, 48.1233, -30.3964], "timestamp": 17463459992}, {"currentFrameRate": 115.081, "devices": [], "gestures": [], "hands": [{"armBasis": [[0.975502, 0.164948, -0.145561], [0.0369258, 0.529512, 0.847498], [0.216869, -0.832111, 0.51045]], "armWidth": 48.9085, "confidence": 1, "direction": [-0.127891, 0.494117, -0.859937], "elbow": [-137.634, 1.5464, 265.472], "grabAngle": 2.80195, "grabStrength": 0, "id": 68, "palmNormal": [0.108347, -0.854907, -0.507341], "palmPosition": [-89.1294, 212.614, 103.59], "palmVelocity": [14.7557, 33.9059, 12.1421], "palmWidth": 72.7825, "pinchDistance": 42.5115, "pinchStrength": 0.564812, "r": [[0.874494, 0.171762, 0.453605], [-0.169301, 0.984472, -0.0463886], [-0.45453, -0.0362292, 0.889994]], "s": 0.959127, "sphereCenter": [-101.382, 186.989, 76.0126], "sphereRadius": 38.703, "stabilizedPalmPosition": [-89.3652, 211.013, 102.113], "t": [-66.1764, 48.424, -30.243], "timeVisible": 9.11444, "type": "left", "wrist": [-90.796, 181.259, 155.23]}], "id": 45115, "interactionBox": {"center": [0, 200, 0], "size": [235.247, 235.247, 147.751]}, "pointables": [{"bases": [[[0.99333, -0.0728489, -0.0893787], [0.101296, 0.921642, 0.374585], [0.0550871, -0.381141, 0.922874]], [[0.985318, -0.144955, 0.0902008], [0.133601, 0.98359, 0.121247], [-0.106296, -0.107416, 0.988515]], [[0.985318, -0.144955, 0.0902008], [0.150023, 0.987305, -0.0521669], [-0.0814938, 0.0649332, 0.994556]], [[0.985318, -0.144955, 0.0902008], [0.155302, 0.980447, -0.120848], [-0.0709196, 0.133082, 0.988564]]], "btipPosition": [-78.0531, 227.728, 22.4132], "carpPosition": [-75.3732, 204.709, 140.461], "dipPosition": [-77.1271, 229.466, 35.3218], "direction": [-0.0814938, -0.0649332, -0.994556], "extended": true, "handId": 68, "id": 681, "length": 44.9446, "mcpPosition": [-72.1315, 227.138, 86.1515], "pipPosition": [-75.6217, 230.665, 53.6939], "stabilizedTipPosition": [-77.768, 226.893, 24.6185], "timeVisible": 9.11444, "tipPosition": [-78.6774, 226.952, 25.7158], "tipVelocity": [7.94185, 43.7529, 14.3841], "tool": false, "touchDistance": 0.357604, "touchZone": "hovering", "type": 1, "width": 14.572}, {"bases": [[[0.518569, 0.797469, 0.308431], [-0.794865, 0.316692, 0.517586], [0.315082, -0.513565, 0.798107]], [[0.424519, 0.899719, 0.101434], [-0.893855, 0.39861, 0.205266], [0.144249, -0.177806, 0.973436]], [[0.424519, 0.899719, 0.101434], [-0.874657, 0.436468, -0.210883], [-0.234008, 0.000803882, 0.972234]], [[0.424519, 0.899719, 0.101434], [-0.702233, 0.397897, -0.590379], [-0.571535, 0.179396, 0.800727]]], "btipPosition": [-76.7847, 191.998, 61.0011], "carpPosition": [-66.2238, 188.128, 139.526], "dipPosition": [-66.5619, 195.206, 75.3233], "direction": [-0.234008, -0.000803882, -0.972234], "extended": false, "handId": 68, "id": 680, "length": 39.8308, "mcpPosition": [-66.2238, 188.128, 139.526], "pipPosition": [-60.4641, 195.227, 100.658], "stabilizedTipPosition": [-74.7593, 191.233, 63.7449], "timeVisible": 9.11444, "tipPosition": [-71.8813, 194.842, 63.8956], "tipVelocity": [20.5489, 44.2621, 7.50344], "tool": false, "touchDistance": 0.351081, "touchZone": "hovering", "type": 0, "width": 15.2554}, {"bases": [[[0.95972, -0.279716, -0.0264126], [0.268957, 0.887467, 0.374253], [-0.0812441, -0.366282, 0.92695]], [[0.961243, -0.271783, -0.0463187], [0.108892, 0.528604, -0.841855], [0.253286, 0.804184, 0.537712]], [[0.961243, -0.271783, -0.0463187], [-0.237505, -0.730981, -0.639733], [0.14001, 0.62594, -0.7672]], [[0.961243, -0.271783, -0.0463187], [-0.271318, -0.962354, 0.0161578], [-0.0489664, -0.00296443, -0.998796]]], "btipPosition": [-78.0275, 182.689, 99.1449], "carpPosition": [-85.1636, 205.433, 139.665], "dipPosition": [-77.3242, 182.646, 84.8001], "direction": [0.14001, -0.62594, 0.7672], "extended": false, "handId": 68, "id": 682, "length": 51.2108, "mcpPosition": [-89.6976, 225.875, 87.9347], "pipPosition": [-80.3671, 196.25, 68.1265], "stabilizedTipPosition": [-78.5152, 181.164, 94.9862], "timeVisible": 9.11444, "tipPosition": [-76.7158, 182.785, 94.5066], "tipVelocity": [21.8184, 37.1395, 8.99864], "tool": false, "touchDistance": 0.43076, "touchZone": "none", "type": 2, "width": 14.3116}, {"bases": [[[0.914279, -0.396668, 0.0821466], [0.33411, 0.853086, 0.400768], [-0.22905, -0.338968, 0.912489]], [[0.926369, -0.375628, 0.0272823], [0.219694, 0.480123, -0.849245], [0.305902, 0.792707, 0.527294]], [[0.926369, -0.375628, 0.0272823], [-0.278415, -0.731804, -0.622051], [0.253625, 0.568653, -0.782501]], [[0.926369, -0.375628, 0.0272823], [-0.376309, -0.92611, 0.0266779], [0.0152454, -0.0349801, -0.999272]]], "btipPosition": [-90.2389, 181.953, 106.178], "carpPosition": [-94.7953, 203.578, 139.068], "dipPosition": [-90.4566, 181.454, 91.9087], "direction": [0.253625, -0.568653, 0.782501], "extended": false, "handId": 68, "id": 683, "length": 49.2406, "mcpPosition": [-106.272, 220.562, 93.3474], "pipPosition": [-95.8263, 193.493, 75.3419], "stabilizedTipPosition": [-90.785, 180.382, 101.789], "timeVisible": 9.11444, "tipPosition": [-89.5312, 182.414, 102.113], "tipVelocity": [20.9471, 32.8972, 8.90508], "tool": false, "touchDistance": 0.548267, "touchZone": "none", "type": 3, "width": 13.6184}, {"bases": [[[0.813767, -0.568699, 0.11985], [0.450689, 0.747683, 0.487697], [-0.366963, -0.342857, 0.864747]], [[0.852855, -0.522007, 0.0121453], [0.320685, 0.505296, -0.801147], [0.412067, 0.687157, 0.598344]], [[0.852855, -0.522007, 0.0121453], [-0.367266, -0.616248, -0.696673], [0.371153, 0.589701, -0.717286]], [[0.852855, -0.522007, 0.0121453], [-0.519893, -0.851101, -0.0730592], [0.0484743, 0.0559946, -0.997254]]], "btipPosition": [-102.978, 183.82, 105.756], "carpPosition": [-103.279, 196.039, 138.175], "dipPosition": [-103.616, 184.557, 92.6183], "direction": [0.371153, -0.589701, 0.717286], "extended": false, "handId": 68, "id": 684, "length": 38.6037, "mcpPosition": [-120.3, 211.942, 98.0658], "pipPosition": [-109.164, 193.372, 81.8962], "stabilizedTipPosition": [-103.623, 182.61, 101.558], "timeVisible": 9.11444, "tipPosition": [-102.558, 184.13, 102.014], "tipVelocity": [24.7906, 32.759, 8.87125], "tool": false, "touchDistance": 0.545568, "touchZone": "none", "type": 4, "width": 12.0969}], "r": [[0.874494, 0.171762, 0.453605], [-0.169301, 0.984472, -0.0463886], [-0.45453, -0.0362292, 0.889994]], "s": 0.959127, "t": [66.1764, 48.424, -30.243], "timestamp": 17463468828}, {"currentFrameRate": 115.163, "devices": [], "gestures": [], "hands": [{"armBasis": [[0.97541, 0.164693, -0.146463], [0.0379321, 0.529179, 0.847662], [0.21711, -0.832374, 0.509919]], "armWidth": 48.9085, "confidence": 1, "direction": [-0.128536, 0.494947, -0.859364], "elbow": [-137.514, 1.70215, 265.417], "grabAngle": 2.80188, "grabStrength": 0, "id": 68, "palmNormal": [0.109657, -0.854145, -0.508343], "palmPosition": [-88.9864, 212.885, 103.682], "palmVelocity": [16.7297, 31.6529, 10.8026], "palmWidth": 72.7825, "pinchDistance": 42.5356, "pinchStrength": 0.563966, "r": [[0.874493, 0.169962, 0.454286], [-0.168141, 0.984746, -0.0447551], [-0.454963, -0.0372461, 0.889731]], "s": 0.959139, "sphereCenter": [-101.188, 187.287, 76.0713], "sphereRadius": 38.7059, "stabilizedPalmPosition": [-89.339, 211.143, 102.221], "t": [-66.0539, 48.7095, -30.1202], "timeVisible": 9.12298, "type": "left", "wrist": [-90.6247, 181.471, 155.289]}], "id": 45116, "interactionBox": {"center": [0, 200, 0], "size": [235.247, 235.247, 147.751]}, "pointables": [{"bases": [[[0.993213, -0.0742073, -0.0895629], [0.102691, 0.921048, 0.375667], [0.0546145, -0.382315, 0.922417]], [[0.985105, -0.146532, 0.0899766], [0.134993, 0.983161, 0.123169], [-0.10651, -0.109188, 0.988298]], [[0.985105, -0.146532, 0.0899766], [0.15143, 0.987191, -0.050228], [-0.0814641, 0.063105, 0.994677]], [[0.985105, -0.146532, 0.0899766], [0.156759, 0.980356, -0.119702], [-0.0706689, 0.132024, 0.988724]]], "btipPosition": [-77.9332, 228.15, 22.5272], "carpPosition": [-75.2223, 204.956, 140.545], "dipPosition": [-77.0104, 229.874, 35.4379], "direction": [-0.0814641, -0.063105, -0.994677], "extended": true, "handId": 68, "id": 681, "length": 44.9446, "mcpPosition": [-72.0083, 227.454, 86.2627], "pipPosition": [-75.5055, 231.039, 53.8122], "stabilizedTipPosition": [-77.7593, 227.199, 24.7811], "timeVisible": 9.12298, "tipPosition": [-78.5459, 227.334, 25.8252], "tipVelocity": [13.9566, 49.0114, 13.402], "tool": false, "touchDistance": 0.356894, "touchZone": "hovering", "type": 1, "width": 14.572}, {"bases": [[[0.519774, 0.796338, 0.309325], [-0.794347, 0.31725, 0.51804], [0.314401, -0.514974, 0.797467]], [[0.425779, 0.899024, 0.10231], [-0.89317, 0.399507, 0.206499], [0.144774, -0.179303, 0.973083]], [[0.425779, 0.899024, 0.10231], [-0.874172, 0.437899, -0.209923], [-0.233527, -5.56566e-05, 0.97235]], [[0.425779, 0.899024, 0.10231], [-0.701853, 0.399512, -0.58974], [-0.571064, 0.179292, 0.801087]]], "btipPosition": [-76.5673, 192.343, 61.0712], "carpPosition": [-66.0483, 188.389, 139.592], "dipPosition": [-66.3529, 195.55, 75.3999], "direction": [-0.233527, 5.56566e-05, -0.97235], "extended": false, "handId": 68, "id": 680, "length": 39.8308, "mcpPosition": [-66.0483, 188.389, 139.592], "pipPosition": [-60.2676, 195.549, 100.738], "stabilizedTipPosition": [-74.666, 191.552, 63.8521], "timeVisible": 9.12298, "tipPosition": [-71.715, 195.18, 63.9696], "tipVelocity": [25.2236, 40.4112, 8.3829], "tool": false, "touchDistance": 0.35038, "touchZone": "hovering", "type": 0, "width": 15.2554}, {"bases": [[[0.959303, -0.281099, -0.0268387], [0.270301, 0.886625, 0.375278], [-0.0816943, -0.36726, 0.926524]], [[0.960812, -0.273298, -0.0463541], [0.10982, 0.528829, -0.841594], [0.25452, 0.803522, 0.538119]], [[0.960812, -0.273298, -0.0463541], [-0.238583, -0.730171, -0.640257], [0.141135, 0.626225, -0.766761]], [[0.960812, -0.273298, -0.0463541], [-0.272873, -0.961927, 0.0153931], [-0.0487961, -0.00214112, -0.998806]]], "btipPosition": [-77.8303, 182.984, 99.2285], "carpPosition": [-85.0136, 205.667, 139.749], "dipPosition": [-77.1295, 182.953, 84.8835], "direction": [0.141135, -0.626225, 0.766761], "extended": false, "handId": 68, "id": 682, "length": 51.2108, "mcpPosition": [-89.5727, 226.163, 88.0427], "pipPosition": [-80.1968, 196.563, 68.2195], "stabilizedTipPosition": [-78.421, 181.366, 95.0912], "timeVisible": 9.12298, "tipPosition": [-76.53, 183.084, 94.5672], "tipVelocity": [23.018, 34.7861, 9.78005], "tool": false, "touchDistance": 0.432152, "touchZone": "none", "type": 2, "width": 14.3116}, {"bases": [[[0.913701, -0.398113, 0.0815863], [0.335407, 0.852117, 0.401746], [-0.229461, -0.339711, 0.91211]], [[0.925817, -0.377026, 0.0267457], [0.220206, 0.480513, -0.848891], [0.307202, 0.791807, 0.52789]], [[0.925817, -0.377026, 0.0267457], [-0.279562, -0.730672, -0.622868], [0.25438, 0.569184, -0.78187]], [[0.925817, -0.377026, 0.0267457], [-0.377668, -0.925593, 0.0253931], [0.0151818, -0.0336104, -0.99932]]], "btipPosition": [-90.0472, 182.21, 106.245], "carpPosition": [-94.6425, 203.798, 139.149], "dipPosition": [-90.264, 181.731, 91.9751], "direction": [0.25438, -0.569184, 0.78187], "extended": false, "handId": 68, "id": 683, "length": 49.2406, "mcpPosition": [-106.14, 220.819, 93.4475], "pipPosition": [-95.6497, 193.781, 75.4215], "stabilizedTipPosition": [-90.7267, 180.528, 101.888], "timeVisible": 9.12298, "tipPosition": [-89.3443, 182.685, 102.17], "tipVelocity": [22.4631, 30.6319, 7.82346], "tool": false, "touchDistance": 0.549381, "touchZone": "none", "type": 3, "width": 13.6184}, {"bases": [[[0.81294, -0.57004, 0.119096], [0.451839, 0.74644, 0.488538], [-0.367384, -0.34334, 0.864376]], [[0.851643, -0.523963, 0.0128983], [0.322698, 0.5048, -0.800652], [0.413001, 0.686032, 0.598991]], [[0.851643, -0.523963, 0.0128983], [-0.367785, -0.614965, -0.697532], [0.373413, 0.589305, -0.716437]], [[0.851643, -0.523963, 0.0128983], [-0.521736, -0.849856, -0.0744086], [0.0499491, 0.0566401, -0.997144]]], "btipPosition": [-102.755, 184.079, 105.812], "carpPosition": [-103.115, 196.248, 138.246], "dipPosition": [-103.413, 184.825, 92.6766], "direction": [0.373413, -0.589305, 0.716437], "extended": false, "handId": 68, "id": 684, "length": 38.6037, "mcpPosition": [-120.155, 212.173, 98.1542], "pipPosition": [-108.995, 193.634, 81.9672], "stabilizedTipPosition": [-103.566, 182.741, 101.656], "timeVisible": 9.12298, "tipPosition": [-102.374, 184.383, 102.073], "tipVelocity": [25.5705, 30.5254, 6.68696], "tool": false, "touchDistance": 0.54652, "touchZone": "none", "type": 4, "width": 12.0969}], "r": [[0.874493, 0.169962, 0.454286], [-0.168141, 0.984746, -0.0447551], [-0.454963, -0.0372461, 0.889731]], "s": 0.959139, "t": [66.0539, 48.7095, -30.1202], "timestamp": 17463477371}, {"currentFrameRate": 115.182, "devices": [], "gestures": [], "hands": [{"armBasis": [[0.975349, 0.16522, -0.146279], [0.0376423, 0.5286, 0.848036], [0.217435, -0.832637, 0.50935]], "armWidth": 48.9085, "confidence": 1, "direction": [-0.12732, 0.49514, -0.859434], "elbow": [-137.45, 1.86313, 265.328], "grabAngle": 2.80196, "grabStrength": 0, "id": 68, "palmNormal": [0.108832, -0.85428, -0.508293], "palmPosition": [-88.7863, 213.106, 103.721], "palmVelocity": [23.143, 25.6097, 4.54141], "palmWidth": 72.7825, "pinchDistance": 42.4942, "pinchStrength": 0.563114, "r": [[0.874502, 0.168755, 0.454717], [-0.167484, 0.984918, -0.0434213], [-0.455186, -0.0381859, 0.889577]], "s": 0.95913, "sphereCenter": [-101.008, 187.505, 76.0988], "sphereRadius": 38.7147, "stabilizedPalmPosition": [-89.2969, 211.292, 102.336], "t": [-65.8926, 48.963, -30.0391], "timeVisible": 9.13163, "type": "left", "wrist": [-90.4897, 181.689, 155.323]}], "id": 45117, "interactionBox": {"center": [0, 200, 0], "size": [235.247, 235.247, 147.751]}, "pointables": [{"bases": [[[0.993254, -0.0728677, -0.0902], [0.101691, 0.921176, 0.375624], [0.0557193, -0.382262, 0.922372]], [[0.985409, -0.145076, 0.0890079], [0.133869, 0.983574, 0.121087], [-0.105113, -0.107404, 0.988643]], [[0.985409, -0.145076, 0.0890079], [0.15008, 0.987288, -0.0523325], [-0.0802842, 0.0649272, 0.994655]], [[0.985409, -0.145076, 0.0890079], [0.155207, 0.980559, -0.120064], [-0.0698591, 0.132127, 0.988768]]], "btipPosition": [-77.624, 228.255, 22.5662], "carpPosition": [-75.0563, 205.158, 140.593], "dipPosition": [-76.7118, 229.98, 35.4775], "direction": [-0.0802842, -0.0649273, -0.994655], "extended": true, "handId": 68, "id": 681, "length": 44.9446, "mcpPosition": [-71.7774, 227.653, 86.3132], "pipPosition": [-75.2287, 231.18, 53.8514], "stabilizedTipPosition": [-77.6919, 227.483, 24.9285], "timeVisible": 9.13163, "tipPosition": [-78.2702, 227.551, 25.8692], "tipVelocity": [35.4614, 12.2288, 4.5227], "tool": false, "touchDistance": 0.355125, "