{"frames": 61, "data": [{"currentFrameRate": 115.453, "devices": [], "gestures": [], "hands": [{"armBasis": [[0.855885, 0.487483, -0.17269], [-0.412432, 0.441912, -0.796626], [-0.312028, 0.753043, 0.579279]], "armWidth": 66.825, "confidence": 1, "direction": [0.163304, -0.042153, -0.985675], "elbow": [72.2345, 350.758, 315.298], "grabAngle": 2.66677, "grabStrength": 0.339248, "id": 95, "palmNormal": [-0.500576, -0.864472, -0.0459646], "palmPosition": [-2.73328, 121.643, 81.1674], "palmVelocity": [-8.73281, -5.23619, -3.36416], "palmWidth": 93.5265, "pinchDistance": 39.143, "pinchStrength": 0.486207, "r": [[0.418355, 0.0200731, 0.908062], [0.572767, 0.770085, -0.280904], [-0.704923, 0.637626, 0.310672]], "s": 0.989992, "sphereCenter": [-46.3455, 91.7769, 61.7024], "sphereRadius": 49.8028, "stabilizedPalmPosition": [-2.58977, 121.766, 81.3878], "t": [-26.1631, -22.6331, -15.5853], "timeVisible": 6.38257, "type": "left", "wrist": [-14.3616, 141.768, 154.533]}], "id": 64741, "interactionBox": {"center": [0, 200, 0], "size": [235.247, 235.247, 147.751]}, "pointables": [{"bases": [[[0.810662, 0.486722, -0.325466], [-0.540093, 0.836267, -0.094642], [0.226112, 0.252504, 0.940805]], [[0.839582, 0.543169, 0.00826716], [-0.411572, 0.645956, -0.642922], [-0.354556, 0.536384, 0.765887]], [[0.839582, 0.543169, 0.00826716], [-0.345716, 0.545992, -0.763134], [-0.419025, 0.637856, 0.646188]], [[0.839582, 0.543169, 0.00826716], [-0.263053, 0.419825, -0.868648], [-0.475294, 0.727127, 0.495361]]], "btipPosition": [-9.08411, 58.6202, 3.03487], "carpPosition": [7.35356, 128.683, 131.259], "dipPosition": [-0.95006, 71.064, 11.5123], "direction": [-0.419025, -0.637856, -0.646187], "extended": true, "handId": 95, "id": 951, "length": 58.9043, "mcpPosition": [24.4523, 109.589, 60.1152], "pipPosition": [9.19461, 86.5066, 27.1567], "stabilizedTipPosition": [-7.31261, 61.5474, 4.97952], "timeVisible": 6.38257, "tipPosition": [-6.95919, 61.2713, 7.29323], "tipVelocity": [12.9059, -5.25469, -3.79987], "tool": false, "touchDistance": -0.235793, "touchZone": "touching", "type": 1, "width": 20.4624}, {"bases": [[[-0.137496, 0.966547, -0.216523], [-0.844328, -7.5651e-05, 0.535826], [0.517884, 0.256491, 0.816093]], [[-0.246975, 0.887495, -0.389045], [-0.959424, -0.167587, 0.226761], [0.13605, 0.429263, 0.892874]], [[-0.246975, 0.887495, -0.389045], [-0.95411, -0.292877, -0.062425], [-0.169344, 0.355775, 0.919101]], [[-0.246975, 0.887495, -0.389045], [-0.821692, -0.404615, -0.401384], [-0.513639, 0.220544, 0.829177]]], "btipPosition": [-8.29906, 68.2744, 45.8828], "carpPosition": [2.54453, 107.62, 142.522], "dipPosition": [3.74174, 73.4444, 65.3205], "direction": [-0.169344, -0.355775, -0.919101], "extended": false, "handId": 95, "id": 950, "length": 52.2022, "mcpPosition": [2.54453, 107.62, 142.522], "pipPosition": [9.52515, 85.5947, 96.7094], "stabilizedTipPosition": [-5.59876, 69.4961, 50.3553], "timeVisible": 6.38257, "tipPosition": [-7.23792, 71.9022, 54.1909], "tipVelocity": [17.3574, -8.96854, -2.14016], "tool": false, "touchDistance": 0.334595, "touchZone": "hovering", "type": 0, "width": 21.4221}, {"bases": [[[0.913873, 0.366619, -0.174432], [-0.39017, 0.911855, -0.127625], [0.112267, 0.184691, 0.976363]], [[0.905496, 0.354885, -0.232665], [-0.241498, -0.0198804, -0.970198], [-0.348934, 0.934699, 0.0677025]], [[0.905496, 0.354885, -0.232665], [0.348741, -0.934714, -0.068475], [-0.241776, -0.0191361, -0.970143]], [[0.905496, 0.354885, -0.232665], [0.419491, -0.83135, 0.364532], [-0.0640593, -0.427683, -0.901656]]], "btipPosition": [-18.6021, 86.3113, 97.7672], "carpPosition": [-1.71432, 136.088, 126.449], "dipPosition": [-17.3963, 78.261, 80.7954], "direction": [-0.241776, 0.0191361, 0.970143], "extended": false, "handId": 95, "id": 952, "length": 67.1168, "mcpPosition": [6.33668, 122.843, 56.4313], "pipPosition": [-10.5098, 77.716, 53.1626], "stabilizedTipPosition": [-18.8143, 84.5869, 93.5747], "timeVisible": 6.38257, "tipPosition": [-17.755, 85.9344, 94.539], "tipVelocity": [3.09435, -1.46253, 3.45235], "tool": false, "touchDistance": 0.397729, "touchZone": "none", "type": 2, "width": 20.0968}, {"bases": [[[0.947228, 0.320013, -0.0187306], [-0.320103, 0.941141, -0.108572], [-0.0171163, 0.108838, 0.993912]], [[0.94655, 0.31291, -0.0782959], [-0.132434, 0.155675, -0.97889], [-0.294116, 0.936938, 0.188795]], [[0.94655, 0.31291, -0.0782959], [0.294011, -0.936813, -0.189574], [-0.132668, 0.156421, -0.97874]], [[0.94655, 0.31291, -0.0782959], [0.322507, -0.922398, 0.212537], [-0.00571488, -0.226428, -0.974011]]], "btipPosition": [-30.7948, 92.3413, 96.2585], "carpPosition": [-12.7419, 141.383, 123.316], "dipPosition": [-30.6878, 88.1037, 78.0301], "direction": [-0.132668, -0.156421, 0.97874], "extended": false, "handId": 95, "id": 953, "length": 64.5346, "mcpPosition": [-13.844, 134.375, 59.3216], "pipPosition": [-27.0066, 92.4441, 50.8725], "stabilizedTipPosition": [-30.9063, 92.2377, 92.1707], "timeVisible": 6.38257, "tipPosition": [-30.0574, 93.9326, 93.7035], "tipVelocity": [-2.51475, -19.6873, -3.12934], "tool": false, "touchDistance": 0.367767, "touchZone": "none", "type": 3, "width": 19.1234}, {"bases": [[[0.978663, 0.170526, 0.114628], [-0.169124, 0.985351, -0.0219245], [-0.116688, 0.00207031, 0.993166]], [[0.98442, 0.167794, -0.0525632], [-0.119065, 0.416138, -0.901473], [-0.129389, 0.893686, 0.429633]], [[0.98442, 0.167794, -0.0525632], [0.129294, -0.893354, -0.43035], [-0.119168, 0.416849, -0.90113]], [[0.98442, 0.167794, -0.0525632], [0.16512, -0.984918, -0.051689], [-0.0604436, 0.0422045, -0.997279]]], "btipPosition": [-42.2804, 100.291, 83.8122], "carpPosition": [-27.3648, 140.961, 123.351], "dipPosition": [-41.2368, 101.019, 66.594], "direction": [-0.119168, -0.416849, 0.90113], "extended": false, "handId": 95, "id": 954, "length": 50.5939, "mcpPosition": [-34.3196, 140.838, 64.1565], "pipPosition": [-38.9022, 109.186, 48.94], "stabilizedTipPosition": [-42.2853, 101.056, 80.2191], "timeVisible": 6.38257, "tipPosition": [-41.3414, 103.859, 83.1813], "tipVelocity": [-2.3112, -15.9623, -11.4887], "tool": false, "touchDistance": 0.333333, "touchZone": "none", "type": 4, "width": 16.9869}], "r": [[0.418355, 0.0200731, 0.908062], [0.572767, 0.770085, -0.280904], [-0.704923, 0.637626, 0.310672]], "s": 0.989992, "t": [26.1631, -22.6331, -15.5853], "timestamp": 17636632079}, {"currentFrameRate": 115.436, "devices": [], "gestures": [], "hands": [{"armBasis": [[0.856448, 0.487017, -0.171205], [-0.411314, 0.443354, -0.796403], [-0.311958, 0.752497, 0.580026]], "armWidth": 66.825, "confidence": 1, "direction": [0.163567, -0.0418634, -0.985644], "elbow": [72.1038, 350.489, 315.443], "grabAngle": 2.66743, "grabStrength": 0.335944, "id": 95, "palmNormal": [-0.497883, -0.866032, -0.0458406], "palmPosition": [-2.80149, 121.568, 81.1021], "palmVelocity": [-7.84655, -8.61295, -7.5054], "palmWidth": 93.5265, "pinchDistance": 39.2425, "pinchStrength": 0.485306, "r": [[0.418648, 0.0188619, 0.907953], [0.575098, 0.768262, -0.281132], [-0.702848, 0.639858, 0.310784]], "s": 0.990474, "sphereCenter": [-46.4027, 91.5904, 61.6182], "sphereRadius": 49.8769, "stabilizedPalmPosition": [-2.60481, 121.752, 81.3675], "t": [-26.227, -22.6866, -15.6273], "timeVisible": 6.39126, "type": "left", "wrist": [-14.4728, 141.651, 154.47]}], "id": 64742, "interactionBox": {"center": [0, 200, 0], "size": [235.247, 235.247, 147.751]}, "pointables": [{"bases": [[[0.812126, 0.484131, -0.325682], [-0.537506, 0.837919, -0.0947544], [0.227022, 0.252009, 0.940719]], [[0.841245, 0.540589, 0.00838944], [-0.41018, 0.648263, -0.641489], [-0.35222, 0.536208, 0.767087]], [[0.841245, 0.540589, 0.00838944], [-0.345045, 0.548764, -0.761447], [-0.416234, 0.637669, 0.648173]], [[0.841245, 0.540589, 0.00838944], [-0.259749, 0.417724, -0.870653], [-0.47417, 0.730254, 0.491825]]], "btipPosition": [-8.92485, 58.5837, 2.93676], "carpPosition": [7.25669, 128.651, 131.194], "dipPosition": [-0.810037, 71.0811, 11.3537], "direction": [-0.416234, -0.637669, -0.648173], "extended": true, "handId": 95, "id": 951, "length": 58.9043, "mcpPosition": [24.4242, 109.594, 60.0563], "pipPosition": [9.26706, 86.5191, 27.0461], "stabilizedTipPosition": [-7.17741, 61.4999, 4.92268], "timeVisible": 6.39126, "tipPosition": [-6.83153, 61.1693, 7.2245], "tipVelocity": [17.8133, -2.78177, -12.8877], "tool": false, "touchDistance": -0.23766, "touchZone": "touching", "type": 1, "width": 20.4624}, {"bases": [[[-0.134524, 0.966921, -0.216719], [-0.844252, 0.00266409, 0.535939], [0.518789, 0.255062, 0.815967]], [[-0.244269, 0.888173, -0.389205], [-0.959928, -0.164616, 0.226803], [0.137371, 0.42901, 0.892793]], [[-0.244269, 0.888173, -0.389205], [-0.955553, -0.288791, -0.0593124], [-0.165079, 0.357418, 0.919239]], [[-0.244269, 0.888173, -0.389205], [-0.822726, -0.402265, -0.401627], [-0.513278, 0.222105, 0.828984]]], "btipPosition": [-8.11009, 68.1498, 45.8253], "carpPosition": [2.51156, 107.575, 142.461], "dipPosition": [3.92224, 73.3564, 65.2585], "direction": [-0.165079, -0.357418, -0.919239], "extended": false, "handId": 95, "id": 950, "length": 52.2022, "mcpPosition": [2.51156, 107.575, 142.461], "pipPosition": [9.55996, 85.5629, 96.6521], "stabilizedTipPosition": [-5.41844, 69.3914, 50.3128], "timeVisible": 6.39126, "tipPosition": [-7.13692, 71.7925, 54.1125], "tipVelocity": [21.516, -13.367, -6.73435], "tool": false, "touchDistance": 0.333591, "touchZone": "hovering", "type": 0, "width": 21.4221}, {"bases": [[[0.914983, 0.363742, -0.174636], [-0.387354, 0.913034, -0.127774], [0.112972, 0.184558, 0.976307]], [[0.906562, 0.35202, -0.232865], [-0.241129, -0.0208617, -0.970269], [-0.346412, 0.93576, 0.0659698]], [[0.906562, 0.35202, -0.232865], [0.34622, -0.935776, -0.0667424], [-0.241404, -0.0201165, -0.970216]], [[0.906562, 0.35202, -0.232865], [0.417136, -0.831386, 0.367143], [-0.0643591, -0.429975, -0.900544]]], "btipPosition": [-18.5441, 86.2789, 97.7677], "carpPosition": [-1.83349, 136.026, 126.381], "dipPosition": [-17.3326, 78.1855, 80.8169], "direction": [-0.241404, 0.0201165, 0.970216], "extended": false, "handId": 95, "id": 952, "length": 67.1168, "mcpPosition": [6.26805, 122.791, 56.367], "pipPosition": [-10.4567, 77.6125, 53.182], "stabilizedTipPosition": [-18.777, 84.5754, 93.5947], "timeVisible": 6.39126, "tipPosition": [-17.7178, 85.8066, 94.4755], "tipVelocity": [6.82785, -4.86305, 0.61331], "tool": false, "touchDistance": 0.397817, "touchZone": "none", "type": 2, "width": 20.0968}, {"bases": [[[0.948215, 0.317066, -0.0189287], [-0.317194, 0.942106, -0.108737], [-0.0166441, 0.10911, 0.99389]], [[0.947506, 0.309953, -0.0784922], [-0.132154, 0.156101, -0.97886], [-0.291148, 0.937849, 0.188869]], [[0.947506, 0.309953, -0.0784922], [0.291042, -0.937725, -0.189648], [-0.132386, 0.156848, -0.97871]], [[0.947506, 0.309953, -0.0784922], [0.319642, -0.924214, 0.208943], [-0.00778126, -0.223064, -0.974773]]], "btipPosition": [-30.7975, 92.1114, 96.1991], "carpPosition": [-12.877, 141.286, 123.245], "dipPosition": [-30.6519, 87.9368, 77.9564], "direction": [-0.132386, -0.156848, 0.97871], "extended": false, "handId": 95, "id": 953, "length": 64.5346, "mcpPosition": [-13.9487, 134.261, 59.2521], "pipPosition": [-26.9785, 92.289, 50.7996], "stabilizedTipPosition": [-30.8843, 92.0696, 92.1448], "timeVisible": 6.39126, "tipPosition": [-30.0439, 93.7655, 93.6344], "tipVelocity": [0.710589, -24.7775, -7.21603], "tool": false, "touchDistance": 0.366721, "touchZone": "none", "type": 3, "width": 19.1234}, {"bases": [[[0.979203, 0.167512, 0.114459], [-0.166067, 0.985866, -0.0221197], [-0.116547, 0.00265183, 0.993182]], [[0.984918, 0.164719, -0.0529613], [-0.118337, 0.417979, -0.900716], [-0.126228, 0.893399, 0.431167]], [[0.984918, 0.164719, -0.0529613], [0.126134, -0.893066, -0.431884], [-0.118437, 0.41869, -0.900373]], [[0.984918, 0.164719, -0.0529613], [0.162023, -0.98543, -0.0517302], [-0.0607106, 0.0423691, -0.997256]]], "btipPosition": [-42.2841, 100.085, 83.6689], "carpPosition": [-27.4986, 140.819, 123.278], "dipPosition": [-41.2359, 100.817, 66.4511], "direction": [-0.118437, -0.41869, 0.900373], "extended": false, "handId": 95, "id": 954, "length": 50.5939, "mcpPosition": [-34.445, 140.661, 64.0827], "pipPosition": [-38.9156, 109.019, 48.8119], "stabilizedTipPosition": [-42.2613, 100.976, 80.1686], "timeVisible": 6.39126, "tipPosition": [-41.358, 103.648, 83.0973], "tipVelocity": [-0.304264, -23.5698, -16.4774], "tool": false, "touchDistance": 0.333333, "touchZone": "none", "type": 4, "width": 16.9869}], "r": [[0.418648, 0.0188619, 0.907953], [0.575098, 0.768262, -0.281132], [-0.702848, 0.639858, 0.310784]], "s": 0.990474, "t": [26.227, -22.6866, -15.6273], "timestamp": 17636640771}, {"currentFrameRate": 115.4, "devices": [], "gestures": [], "hands": [{"armBasis": [[0.857986, 0.485372, -0.168148], [-0.408297, 0.445774, -0.796604], [-0.311694, 0.75213, 0.580644]], "armWidth": 66.825, "confidence": 1, "direction": [0.163585, -0.0409465, -0.985679], "elbow": [71.9011, 350.215, 315.575], "grabAngle": 2.66821, "grabStrength": 0.330275, "id": 95, "palmNormal": [-0.492445, -0.869147, -0.0456213], "palmPosition": [-2.87753, 121.491, 81.0516], "palmVelocity": [-8.71469, -8.86684, -5.78888], "palmWidth": 93.5265, "pinchDistance": 39.397, "pinchStrength": 0.483581, "r": [[0.418857, 0.0173864, 0.907886], [0.577936, 0.766067, -0.281304], [-0.700392, 0.642526, 0.310825]], "s": 0.991133, "sphereCenter": [-46.4119, 91.2771, 61.5548], "sphereRadius": 49.9786, "stabilizedPalmPosition": [-2.62376, 121.734, 81.3455], "t": [-26.297, -22.7521, -15.6736], "timeVisible": 6.39999, "type": "left", "wrist": [-14.6022, 141.478, 154.43]}], "id": 64743, "interactionBox": {"center": [0, 200, 0], "size": [235.247, 235.247, 147.751]}, "pointables": [{"bases": [[[0.81523, 0.478984, -0.325536], [-0.53221, 0.841268, -0.0949804], [0.228369, 0.250684, 0.940747]], [[0.844586, 0.535341, 0.00914627], [-0.406836, 0.652767, -0.639046], [-0.348078, 0.536009, 0.769114]], [[0.844586, 0.535341, 0.00914627], [-0.342556, 0.553407, -0.759207], [-0.411497, 0.638083, 0.650785]], [[0.844586, 0.535341, 0.00914627], [-0.25447, 0.41638, -0.872853], [-0.471083, 0.734872, 0.487897]]], "btipPosition": [-8.58566, 58.5947, 2.79763], "carpPosition": [7.14828, 128.642, 131.14], "dipPosition": [-0.523671, 71.1711, 11.1474], "direction": [-0.411497, -0.638083, -0.650785], "extended": true, "handId": 95, "id": 951, "length": 58.9043, "mcpPosition": [24.4176, 109.685, 60.0004], "pipPosition": [9.43875, 86.6192, 26.903], "stabilizedTipPosition": [-6.93809, 61.4931, 4.81289], "timeVisible": 6.39999, "tipPosition": [-6.54855, 61.0646, 7.1517], "tipVelocity": [37.4794, 3.34483, -17.7172], "tool": false, "touchDistance": -0.240237, "touchZone": "touching", "type": 1, "width": 20.4624}, {"bases": [[[-0.128395, 0.967722, -0.216859], [-0.844351, 0.00802729, 0.535731], [0.52018, 0.25189, 0.816066]], [[-0.238585, 0.889651, -0.389357], [-0.96105, -0.158708, 0.226263], [0.1395, 0.428174, 0.892864]], [[-0.238585, 0.889651, -0.389357], [-0.957894, -0.281541, -0.0563353], [-0.159739, 0.359522, 0.919363]], [[-0.238585, 0.889651, -0.389357], [-0.825091, -0.397149, -0.401867], [-0.512154, 0.225376, 0.828797]]], "btipPosition": [-7.7653, 68.0074, 45.7716], "carpPosition": [2.53839, 107.538, 142.41], "dipPosition": [4.24069, 73.2907, 65.2004], "direction": [-0.159739, -0.359522, -0.919362], "extended": false, "handId": 95, "id": 950, "length": 52.2022, "mcpPosition": [2.53839, 107.538, 142.41], "pipPosition": [9.69605, 85.569, 96.5982], "stabilizedTipPosition": [-5.11643, 69.2683, 50.2599], "timeVisible": 6.39999, "tipPosition": [-6.89437, 71.6697, 54.0434], "tipVelocity": [38.8187, -14.3018, -6.27156], "tool": false, "touchDistance": 0.332679, "touchZone": "hovering", "type": 0, "width": 21.4221}, {"bases": [[[0.917293, 0.357968, -0.174451], [-0.38158, 0.915434, -0.127972], [0.113889, 0.183955, 0.976315]], [[0.908813, 0.346293, -0.232681], [-0.240486, -0.0209163, -0.970427], [-0.340919, 0.937893, 0.0642696]], [[0.908813, 0.346293, -0.232681], [0.340727, -0.93791, -0.0650424], [-0.240757, -0.0201694, -0.970376]], [[0.908813, 0.346293, -0.232681], [0.411982, -0.832865, 0.369603], [-0.0658007, -0.431761, -0.899585]]], "btipPosition": [-18.3775, 86.1878, 97.7834], "carpPosition": [-1.98922, 135.96, 126.328], "dipPosition": [-17.139, 78.0608, 80.8506], "direction": [-0.240757, 0.0201694, 0.970376], "extended": false, "handId": 95, "id": 952, "length": 67.1168, "mcpPosition": [6.17807, 122.768, 56.3141], "pipPosition": [-10.2814, 77.4863, 53.2112], "stabilizedTipPosition": [-18.7256, 84.5561, 93.6168], "timeVisible": 6.39999, "tipPosition": [-17.569, 85.6292, 94.4292], "tipVelocity": [19.7997, -11.3263, 2.27398], "tool": false, "touchDistance": 0.398148, "touchZone": "none", "type": 2, "width": 20.0968}, {"bases": [[[0.950192, 0.311102, -0.0187301], [-0.311244, 0.944068, -0.10892], [-0.0162029, 0.109325, 0.993874]], [[0.949454, 0.303987, -0.078293], [-0.130945, 0.156867, -0.978901], [-0.285291, 0.939673, 0.188743]], [[0.949454, 0.303987, -0.078293], [0.285187, -0.939548, -0.189523], [-0.131172, 0.157615, -0.97875]], [[0.949454, 0.303987, -0.078293], [0.313748, -0.926913, 0.205897], [-0.00998081, -0.220054, -0.975437]]], "btipPosition": [-30.7038, 91.8021, 96.1691], "carpPosition": [-13.0664, 141.15, 123.195], "dipPosition": [-30.517, 87.6839, 77.914], "direction": [-0.131172, -0.157615, 0.97875], "extended": false, "handId": 95, "id": 953, "length": 64.5346, "mcpPosition": [-14.1096, 134.111, 59.2029], "pipPosition": [-26.8773, 92.0573, 50.756], "stabilizedTipPosition": [-30.8499, 91.8825, 92.1179], "timeVisible": 6.39999, "tipPosition": [-29.944, 93.5104, 93.5885], "tipVelocity": [11.8231, -33.9615, -3.76743], "tool": false, "touchDistance": 0.366173, "touchZone": "none", "type": 3, "width": 19.1234}, {"bases": [[[0.980208, 0.161372, 0.114682], [-0.159866, 0.986888, -0.0222705], [-0.116772, 0.00349598, 0.993153]], [[0.985936, 0.158517, -0.0529461], [-0.115883, 0.420145, -0.900027], [-0.120424, 0.893504, 0.432606]], [[0.985936, 0.158517, -0.0529461], [0.120332, -0.89317, -0.433322], [-0.115979, 0.420857, -0.899682]], [[0.985936, 0.158517, -0.0529461], [0.155806, -0.986422, -0.0519262], [-0.0604584, 0.0429465, -0.997246]]], "btipPosition": [-42.2256, 99.7505, 83.5594], "carpPosition": [-27.6847, 140.591, 123.231], "dipPosition": [-41.1817, 100.492, 66.3418], "direction": [-0.115979, -0.420857, 0.899682], "extended": false, "handId": 95, "id": 954, "length": 50.5939, "mcpPosition": [-34.6445, 140.383, 64.0379], "pipPosition": [-38.9096, 108.737, 48.7161], "stabilizedTipPosition": [-42.233, 100.868, 80.1102], "timeVisible": 6.39999, "tipPosition": [-41.3234, 103.312, 83.0418], "tipVelocity": [6.59453, -38.0802, -12.5413], "tool": false, "touchDistance": 0.333333, "touchZone": "none", "type": 4, "width": 16.9869}], "r": [[0.418857, 0.0173864, 0.907886], [0.577936, 0.766067, -0.281304], [-0.700392, 0.642526, 0.310825]], "s": 0.991133, "t": [26.297, -22.7521, -15.6736], "timestamp": 17636649497}, {"currentFrameRate": 115.391, "devices": [], "gestures": [], "hands": [{"armBasis": [[0.859946, 0.483151, -0.164493], [-0.404531, 0.448706, -0.79688], [-0.311204, 0.751816, 0.581313]], "armWidth": 66.825, "confidence": 1, "direction": [0.163197, -0.0404435, -0.985764], "elbow": [71.645, 349.949, 315.728], "grabAngle": 2.62644, "grabStrength": 0.323377, "id": 95, "palmNormal": [-0.48587, -0.872891, -0.044625], "palmPosition": [-2.95873, 121.387, 81.011], "palmVelocity": [-9.3511, -11.9255, -4.67942], "palmWidth": 93.5265, "pinchDistance": 42.8013, "pinchStrength": 0.438193, "r": [[0.418917, 0.0157057, 0.907889], [0.581398, 0.76338, -0.281473], [-0.697485, 0.645759, 0.310661]], "s": 0.999472, "sphereCenter": [-47.6514, 91.3428, 61.1168], "sphereRadius": 51.3375, "stabilizedPalmPosition": [-2.64714, 121.709, 81.3222], "t": [-26.3726, -22.8366, -15.717], "timeVisible": 6.40867, "type": "left", "wrist": [-14.7226, 141.3, 154.398]}], "id": 64744, "interactionBox": {"center": [0, 200, 0], "size": [235.247, 235.247, 147.751]}, "pointables": [{"bases": [[[0.819069, 0.472543, -0.325314], [-0.525746, 0.845209, -0.0959841], [0.229601, 0.24965, 0.940722]], [[0.848572, 0.528984, 0.0100886], [-0.402492, 0.657801, -0.636631], [-0.343404, 0.536166, 0.771103]], [[0.848572, 0.528984, 0.0100886], [-0.402492, 0.657801, -0.636631], [-0.343404, 0.536166, 0.771103]], [[0.848572, 0.528984, 0.0100886], [-0.323534, 0.533897, -0.781204], [-0.418631, 0.659644, 0.624194]]], "btipPosition": [-5.84555, 62.4308, -2.58464], "carpPosition": [7.04781, 128.652, 131.087], "dipPosition": [1.31878, 73.7198, 8.09764], "direction": [-0.343404, -0.536166, -0.771103], "extended": true, "handId": 95, "id": 951, "length": 58.9043, "mcpPosition": [24.4104, 109.773, 59.9492], "pipPosition": [9.63265, 86.7005, 26.7662], "stabilizedTipPosition": [-5.66377, 63.1366, 2.51538], "timeVisible": 6.40867, "tipPosition": [-5.62252, 62.1099, 4.99743], "tipVelocity": [291.793, 407.693, -558.077], "tool": false, "touchDistance": -0.317233, "touchZone": "touching", "type": 1, "width": 20.4624}, {"bases": [[[-0.120898, 0.968506, -0.217671], [-0.844642, 0.0148326, 0.535125], [0.521501, 0.24855, 0.816248]], [[-0.231549, 0.891149, -0.390178], [-0.962454, -0.151443, 0.225273], [0.141662, 0.42769, 0.892756]], [[-0.231549, 0.891149, -0.390178], [-0.960531, -0.272986, -0.0534642], [-0.154157, 0.362399, 0.919186]], [[-0.231549, 0.891149, -0.390178], [-0.827756, -0.391189, -0.402231], [-0.511081, 0.229836, 0.828234]]], "btipPosition": [-7.37094, 67.8133, 45.7623], "carpPosition": [2.60606, 107.522, 142.376], "dipPosition": [4.60989, 73.2012, 65.1778], "direction": [-0.154157, -0.362399, -0.919186], "extended": false, "handId": 95, "id": 950, "length": 52.2022, "mcpPosition": [2.60606, 107.522, 142.376], "pipPosition": [9.87464, 85.5777, 96.5696], "stabilizedTipPosition": [-4.73902, 69.1058, 50.2358], "timeVisible": 6.40867, "tipPosition": [-6.60333, 71.5006, 54.0175], "tipVelocity": [44.7507, -19.5751, -1.42552], "tool": false, "touchDistance": 0.332472, "touchZone": "hovering", "type": 0, "width": 21.4221}, {"bases": [[[0.920104, 0.35087, -0.174066], [-0.374536, 0.918206, -0.128924], [0.114593, 0.183817, 0.976258]], [[0.911577, 0.339216, -0.232294], [-0.239473, -0.0211752, -0.970672], [-0.334186, 0.94047, 0.0619302]], [[0.911577, 0.339216, -0.232294], [0.333995, -0.940487, -0.0627031], [-0.239739, -0.0204262, -0.970622]], [[0.911577, 0.339216, -0.232294], [0.405542, -0.834739, 0.372487], [-0.0675511, -0.433755, -0.898495]]], "btipPosition": [-18.165, 86.0548, 97.8349], "carpPosition": [-2.14831, 135.896, 126.276], "dipPosition": [-16.8934, 77.8903, 80.9226], "direction": [-0.239739, 0.0204262, 0.970622], "extended": false, "handId": 95, "id": 952, "length": 67.1168, "mcpPosition": [6.06951, 122.714, 56.2661], "pipPosition": [-10.0649, 77.3085, 53.2761], "stabilizedTipPosition": [-18.6577, 84.5259, 93.643], "timeVisible": 6.40867, "tipPosition": [-17.3714, 85.418, 94.4228], "tipVelocity": [25.3533, -16.3128, 6.47066], "tool": false, "touchDistance": 0.399085, "touchZone": "none", "type": 2, "width": 20.0968}, {"bases": [[[0.952537, 0.303872, -0.0182874], [-0.303997, 0.946319, -0.109844], [-0.0160728, 0.11019, 0.993781]], [[0.951787, 0.296718, -0.0778455], [-0.129089, 0.157211, -0.979092], [-0.278276, 0.941936, 0.187934]], [[0.951787, 0.296718, -0.0778455], [0.278173, -0.94181, -0.188714], [-0.12931, 0.157961, -0.978942]], [[0.951787, 0.296718, -0.0778455], [0.30653, -0.929763, 0.203913], [-0.0118732, -0.217944, -0.975889]]], "btipPosition": [-30.5656, 91.4463, 96.177], "carpPosition": [-13.2667, 141, 123.147], "dipPosition": [-30.3434, 87.3675, 77.9135], "direction": [-0.12931, -0.157961, 0.978942], "extended": false, "handId": 95, "id": 953, "length": 64.5346, "mcpPosition": [-14.3016, 133.905, 59.1608], "pipPosition": [-26.7553, 91.7505, 50.7502], "stabilizedTipPosition": [-30.7987, 91.673, 92.0963], "timeVisible": 6.40867, "tipPosition": [-29.8055, 93.2039, 93.5832], "tipVelocity": [16.8568, -39.9373, 0.692525], "tool": false, "touchDistance": 0.366274, "touchZone": "none", "type": 3, "width": 19.1234}, {"bases": [[[0.981323, 0.154019, 0.115257], [-0.15236, 0.988055, -0.0231184], [-0.117441, 0.00512601, 0.993067]], [[0.987136, 0.150988, -0.0525851], [-0.112463, 0.421955, -0.899615], [-0.113642, 0.893956, 0.433507]], [[0.987136, 0.150988, -0.0525851], [0.113553, -0.893619, -0.434223], [-0.112554, 0.422666, -0.899269]], [[0.987136, 0.150988, -0.0525851], [0.14829, -0.98758, -0.0519261], [-0.0597722, 0.0434603, -0.997266]]], "btipPosition": [-42.142, 99.3324, 83.4876], "carpPosition": [-27.8803, 140.33, 123.194], "dipPosition": [-41.11, 100.083, 66.2696], "direction": [-0.112554, -0.422666, 0.899269], "extended": false, "handId": 95, "id": 954, "length": 50.5939, "mcpPosition": [-34.88, 140.025, 64.0058], "pipPosition": [-38.9049, 108.363, 48.6521], "stabilizedTipPosition": [-42.1976, 100.721, 80.0474], "timeVisible": 6.40867, "tipPosition": [-41.2675, 102.902, 83.0242], "tipVelocity": [9.3148, -47.9155, -8.28156], "tool": false, "touchDistance": 0.333333, "touchZone": "none", "type": 4, "width": 16.9869}], "r": [[0.418917, 0.0157057, 0.907889], [0.581398, 0.76338, -0.281473], [-0.697485, 0.645759, 0.310661]], "s": 0.999472, "t": [26.3726, -22.8366, -15.717], "timestamp": 17636658180}, {"currentFrameRate": 115.397, "devices": [], "gestures": [], "hands": [{"armBasis": [[0.860801, 0.482273, -0.162587], [-0.402936, 0.45064, -0.796597], [-0.310909, 0.751224, 0.582236]], "armWidth": 66.825, "confidence": 1, "direction": [0.164319, -0.0389729, -0.985637], "elbow": [71.3559, 349.64, 315.974], "grabAngle": 2.62733, "grabStrength": 0.318004, "id": 95, "palmNormal": [-0.481696, -0.875146, -0.0457011], "palmPosition": [-3.05089, 121.369, 80.9929], "palmVelocity": [-10.6486, -2.07485, -2.08557], "palmWidth": 93.5265, "pinchDistance": 42.9435, "pinchStrength": 0.434913, "r": [[0.419144, 0.0138361, 0.907815], [0.584825, 0.760707, -0.281611], [-0.694477, 0.648948, 0.310754]], "s": 1.0057, "sphereCenter": [-47.7043, 91.1749, 61.0062], "sphereRadius": 51.4454, "stabilizedPalmPosition": [-2.67583, 121.685, 81.2988], "t": [-26.4565, -22.8878, -15.7478], "timeVisible": 6.41733, "type": "left", "wrist": [-14.9298, 141.155, 154.388]}], "id": 64745, "interactionBox": {"center": [0, 200, 0], "size": [235.247, 235.247, 147.751]}, "pointables": [{"bases": [[[0.820986, 0.468897, -0.325758], [-0.521835, 0.847752, -0.0948896], [0.231669, 0.247895, 0.940679]], [[0.851038, 0.525004, 0.0102333], [-0.400799, 0.662045, -0.63329], [-0.339254, 0.534853, 0.773847]], [[0.851038, 0.525004, 0.0102333], [-0.400799, 0.662045, -0.63329], [-0.339254, 0.534853, 0.773847]], [[0.851038, 0.525004, 0.0102333], [-0.320598, 0.534931, -0.781707], [-0.415873, 0.661982, 0.623562]]], "btipPosition": [-5.53701, 62.6056, -2.75858], "carpPosition": [6.87382, 128.646, 131.084], "dipPosition": [1.58013, 73.9346, 7.91288], "direction": [-0.339254, -0.534853, -0.773847], "extended": true, "handId": 95, "id": 951, "length": 58.9043, "mcpPosition": [24.3927, 109.9, 59.9489], "pipPosition": [9.79355, 86.8835, 26.6479], "stabilizedTipPosition": [-4.83556, 64.1108, 1.19137], "timeVisible": 6.41733, "tipPosition": [-5.34368, 62.1735, 4.86767], "tipVelocity": [34.3956, 21.259, -20.3844], "tool": false, "touchDistance": -0.31649, "touchZone": "touching", "type": 1, "width": 20.4624}, {"bases": [[[-0.116524, 0.96922, -0.216874], [-0.844056, 0.0184454, 0.535937], [0.523442, 0.245503, 0.815927]], [[-0.227697, 0.892515, -0.389321], [-0.963004, -0.14722, 0.225718], [0.144141, 0.426313, 0.893018]], [[-0.227697, 0.892515, -0.389321], [-0.962433, -0.267015, -0.0492442], [-0.147906, 0.363483, 0.919785]], [[-0.227697, 0.892515, -0.389321], [-0.829762, -0.387077, -0.402079], [-0.509559, 0.231492, 0.828711]]], "btipPosition": [-7.07929, 67.7732, 45.6946], "carpPosition": [2.52133, 107.487, 142.354], "dipPosition": [4.86585, 73.1998, 65.1214], "direction": [-0.147906, -0.363483, -0.919785], "extended": false, "handId": 95, "id": 950, "length": 52.2022, "mcpPosition": [2.52133, 107.487, 142.354], "pipPosition": [9.91708, 85.6134, 96.5336], "stabilizedTipPosition": [-4.43976, 69.0437, 50.1821], "timeVisible": 6.41733, "tipPosition": [-6.41972, 71.4682, 53.9349], "tipVelocity": [32.7486, -3.61227, -7.51859], "tool": false, "touchDistance": 0.331388, "touchZone": "hovering", "type": 0, "width": 21.4221}, {"bases": [[[0.921587, 0.34664, -0.174693], [-0.370313, 0.920057, -0.127921], [0.116385, 0.182582, 0.976278]], [[0.91295, 0.335068, -0.23292], [-0.239855, -0.0211646, -0.970578], [-0.330139, 0.941956, 0.0610453]], [[0.91295, 0.335068, -0.23292], [0.329948, -0.941973, -0.0618182], [-0.240117, -0.0204145, -0.970529]], [[0.91295, 0.335068, -0.23292], [0.402161, -0.83556, 0.374306], [-0.0692006, -0.435394, -0.897576]]], "btipPosition": [-18.0865, 86.0558, 97.8491], "carpPosition": [-2.3519, 135.85, 126.269], "dipPosition": [-16.784, 77.8604, 80.9541], "direction": [-0.240117, 0.0204145, 0.970529], "extended": false, "handId": 95, "id": 952, "length": 67.1168, "mcpPosition": [5.99438, 122.756, 56.2576], "pipPosition": [-9.94466, 77.279, 53.3103], "stabilizedTipPosition": [-18.5854, 84.4964, 93.6695], "timeVisible": 6.41733, "tipPosition": [-17.3098, 85.3137, 94.3626], "tipVelocity": [9.88664, -0.702178, 2.10483], "tool": false, "touchDistance": 0.399388, "touchZone": "none", "type": 2, "width": 20.0968}, {"bases": [[[0.953945, 0.299379, -0.0189776], [-0.299624, 0.947823, -0.108889], [-0.0146116, 0.10956, 0.993873]], [[0.953105, 0.292271, -0.07854], [-0.129215, 0.158322, -0.978896], [-0.273668, 0.943139, 0.188663]], [[0.953105, 0.292271, -0.07854], [0.273565, -0.943013, -0.189442], [-0.129433, 0.159073, -0.978746]], [[0.953105, 0.292271, -0.07854], [0.302308, -0.931591, 0.201863], [-0.0141686, -0.21614, -0.97626]]], "btipPosition": [-30.5363, 91.2716, 96.1259], "carpPosition": [-13.4913, 140.903, 123.133], "dipPosition": [-30.2711, 87.2266, 77.8555], "direction": [-0.129433, -0.159073, 0.978746], "extended": false, "handId": 95, "id": 953, "length": 64.5346, "mcpPosition": [-14.4321, 133.849, 59.1409], "pipPosition": [-26.6796, 91.6404, 50.6976], "stabilizedTipPosition": [-30.7518, 91.4796, 92.0713], "timeVisible": 6.41733, "tipPosition": [-29.7768, 93.0472, 93.5178], "tipVelocity": [4.52913, -19.2879, -6.08918], "tool": false, "touchDistance": 0.365395, "touchZone": "none", "type": 3, "width": 19.1234}, {"bases": [[[0.982148, 0.149297, 0.114434], [-0.147709, 0.98878, -0.0222778], [-0.116476, 0.00497711, 0.993181]], [[0.987779, 0.146352, -0.053598], [-0.111644, 0.424455, -0.89854], [-0.108753, 0.893543, 0.435607]], [[0.987779, 0.146352, -0.053598], [0.108664, -0.893205, -0.436322], [-0.111731, 0.425166, -0.898193]], [[0.987779, 0.146352, -0.053598], [0.143536, -0.988219, -0.0531044], [-0.0607385, 0.0447622, -0.99715]]], "btipPosition": [-42.1332, 99.1186, 83.3549], "carpPosition": [-28.1017, 140.164, 123.166], "dipPosition": [-41.0845, 99.8914, 66.139], "direction": [-0.111731, -0.425166, 0.898193], "extended": false, "handId": 95, "id": 954, "length": 50.5939, "mcpPosition": [-35.0438, 139.868, 63.9706], "pipPosition": [-38.8956, 108.221, 48.5425], "stabilizedTipPosition": [-42.167, 100.578, 79.9821], "timeVisible": 6.41733, "tipPosition": [-41.2763, 102.688, 82.942], "tipVelocity": [1.4584, -24.1088, -15.2764], "tool": false, "touchDistance": 0.333333, "touchZone": "none", "type": 4, "width": 16.9869}], "r": [[0.419144, 0.0138361, 0.907815], [0.584825, 0.760707, -0.281611], [-0.694477, 0.648948, 0.310754]], "s": 1.0057, "t": [26.4565, -22.8878, -15.7478], "timestamp": 17636666835}, {"currentFrameRate": 115.483, "devices": [], "gestures": [], "hands": [{"armBasis": [[0.861676, 0.481387, -0.160565], [-0.401328, 0.452809, -0.796179], [-0.310565, 0.750487, 0.583368]], "armWidth": 66.825, "confidence": 1, "direction": [0.16502, -0.0374642, -0.985578], "elbow": [71.0433, 349.329, 316.266], "grabAngle": 2.62907, "grabStrength": 0.311752, "id": 95, "palmNormal": [-0.477882, -0.877184, -0.0466703], "palmPosition": [-3.18329, 121.393, 80.9553], "palmVelocity": [-15.5507, 2.74928, -4.41813], "palmWidth": 93.5265, "pinchDistance": 43.1032, "pinchStrength": 0.43107, "r": [[0.419428, 0.0118301, 0.907712], [0.588183, 0.758094, -0.281663], [-0.691463, 0.652038, 0.311007]], "s": 1.01059, "sphereCenter": [-47.8321, 91.085, 60.8885], "sphereRadius": 51.5655, "stabilizedPalmPosition": [-2.7113, 121.665, 81.2748], "t": [-26.5646, -22.9017, -15.782], "timeVisible": 6.42584, "type": "left", "wrist": [-15.1467, 141.048, 154.366]}], "id": 64746, "interactionBox": {"center": [0, 200, 0], "size": [235.247, 235.247, 147.751]}, "pointables": [{"bases": [[[0.822829, 0.465605, -0.325828], [-0.518215, 0.850078, -0.0939204], [0.233249, 0.246129, 0.940752]], [[0.853268, 0.52136, 0.0108643], [-0.399216, 0.666484, -0.629623], [-0.335501, 0.5329, 0.776825]], [[0.853268, 0.52136, 0.0108643], [-0.399216, 0.666484, -0.629623], [-0.335501, 0.5329, 0.776825]], [[0.853268, 0.52136, 0.0108643], [-0.317651, 0.536171, -0.782061], [-0.41356, 0.663856, 0.623108]]], "btipPosition": [-5.31669, 62.8641, -2.98293], "carpPosition": [6.68267, 128.672, 131.057], "dipPosition": [1.76087, 74.2251, 7.68077], "direction": [-0.335501, -0.5329, -0.776825], "extended": true, "handId": 95, "id": 951, "length": 58.9043, "mcpPosition": [24.3211, 110.059, 59.917], "pipPosition": [9.88342, 87.1267, 26.4878], "stabilizedTipPosition": [-4.3195, 64.7257, 0.416573], "timeVisible": 6.42584, "tipPosition": [-5.15563, 62.2992, 4.69875], "tipVelocity": [24.8077, 31.2264, -26.5596], "tool": false, "touchDistance": -0.316566, "touchZone": "touching", "type": 1, "width": 20.4624}, {"bases": [[[-0.112449, 0.96989, -0.216028], [-0.843678, 0.0216618, 0.536413], [0.524941, 0.242577, 0.815839]], [[-0.224033, 0.893818, -0.388457], [-0.963629, -0.14357, 0.225404], [0.145699, 0.424827, 0.893473]], [[-0.224033, 0.893818, -0.388457], [-0.964176, -0.261364, -0.0453194], [-0.142036, 0.364388, 0.920352]], [[-0.224033, 0.893818, -0.388457], [-0.831816, -0.383064, -0.401678], [-0.507831, 0.233136, 0.829311]]], "btipPosition": [-6.86409, 67.778, 45.5921], "carpPosition": [2.41563, 107.485, 142.308], "dipPosition": [5.04054, 73.2432, 65.0329], "direction": [-0.142036, -0.364388, -0.920352], "extended": false, "handId": 95, "id": 950, "length": 52.2022, "mcpPosition": [2.41563, 107.485, 142.308], "pipPosition": [9.89132, 85.6876, 96.4645], "stabilizedTipPosition": [-4.22924, 69.0378, 50.1025], "timeVisible": 6.42584, "tipPosition": [-6.30684, 71.4829, 53.8298], "tipVelocity": [24.1817, 1.60517, -11.6698], "tool": false, "touchDistance": 0.329732, "touchZone": "hovering", "type": 0, "width": 21.4221}, {"bases": [[[0.922983, 0.342792, -0.174916], [-0.366399, 0.921753, -0.126977], [0.117703, 0.181286, 0.976361]], [[0.914264, 0.331305, -0.233148], [-0.239747, -0.0214334, -0.970599], [-0.326561, 0.94328, 0.0598335]], [[0.914264, 0.331305, -0.233148], [0.32637, -0.943297, -0.0606064], [-0.240007, -0.0206822, -0.970551]], [[0.914264, 0.331305, -0.233148], [0.398991, -0.836091, 0.376508], [-0.0701941, -0.437251, -0.896596]]], "btipPosition": [-18.0544, 86.117, 97.8583], "carpPosition": [-2.5715, 135.839, 126.244], "dipPosition": [-16.7331, 77.8867, 80.9817], "direction": [-0.240007, 0.0206822, 0.970551], "extended": false, "handId": 95, "id": 952, "length": 67.1168, "mcpPosition": [5.86932, 122.839, 56.226], "pipPosition": [-9.89698, 77.2976, 53.3373], "stabilizedTipPosition": [-18.515, 84.4735, 93.6954], "timeVisible": 6.42584, "tipPosition": [-17.2975, 85.2555, 94.2852], "tipVelocity": [4.27825, 6.24226, 1.57008], "tool": false, "touchDistance": 0.399611, "touchZone": "none", "type": 2, "width": 20.0968}, {"bases": [[[0.955221, 0.295266, -0.0192569], [-0.295581, 0.949198, -0.10796], [-0.0135983, 0.108818, 0.993969]], [[0.954317, 0.28821, -0.0788246], [-0.128825, 0.158848, -0.978862], [-0.269597, 0.9443, 0.18872]], [[0.954317, 0.28821, -0.0788246], [0.269494, -0.944173, -0.1895], [-0.12904, 0.1596, -0.978712]], [[0.954317, 0.28821, -0.0788246], [0.298398, -0.93288, 0.201725], [-0.0153949, -0.216031, -0.976265]]], "btipPosition": [-30.5405, 91.1947, 96.0888], "carpPosition": [-13.731, 140.847, 123.105], "dipPosition": [-30.2524, 87.1517, 77.8182], "direction": [-0.12904, -0.1596, 0.978712], "extended": false, "handId": 95, "id": 953, "length": 64.5346, "mcpPosition": [-14.6065, 133.841, 59.1071], "pipPosition": [-26.6718, 91.5803, 50.6613], "stabilizedTipPosition": [-30.7152, 91.3197, 92.047], "timeVisible": 6.42584, "tipPosition": [-29.7955, 92.9365, 93.4377], "tipVelocity": [0.123323, -8.97266, -4.36842], "tool": false, "touchDistance": 0.364775, "touchZone": "none", "type": 3, "width": 19.1234}, {"bases": [[[0.982847, 0.144955, 0.114018], [-0.143443, 0.989427, -0.0213992], [-0.115915, 0.00467695, 0.993248]], [[0.988371, 0.142121, -0.0540713], [-0.110386, 0.426041, -0.897944], [-0.10458, 0.893471, 0.436775]], [[0.988371, 0.142121, -0.0540713], [0.104492, -0.893131, -0.43749], [-0.110469, 0.426753, -0.897596]], [[0.988371, 0.142121, -0.0540713], [0.139298, -0.98884, -0.0528252], [-0.0609754, 0.0446789, -0.997139]]], "btipPosition": [-42.1676, 98.9902, 83.2615], "carpPosition": [-28.338, 140.045, 123.13], "dipPosition": [-41.1149, 99.7615, 66.0458], "direction": [-0.110469, -0.426753, 0.897596], "extended": false, "handId": 95, "id": 954, "length": 50.5939, "mcpPosition": [-35.2467, 139.766, 63.9304], "pipPosition": [-38.9506, 108.122, 48.4609], "stabilizedTipPosition": [-42.1452, 100.451, 79.9206], "timeVisible": 6.42584, "tipPosition": [-41.3294, 102.539, 82.8632], "tipVelocity": [-3.93344, -15.1252, -10.9656], "tool": false, "touchDistance": 0.333333, "touchZone": "none", "type": 4, "width": 16.9869}], "r": [[0.419428, 0.0118301, 0.907712], [0.588183, 0.758094, -0.281663], [-0.691463, 0.652038, 0.311007]], "s": 1.01059, "t": [26.5646, -22.9017, -15.782], "timestamp": 17636675349}, {"currentFrameRate": 115.439, "devices": [], "gestures": [], "hands": [{"armBasis": [[0.861755, 0.48162, -0.159437], [-0.401151, 0.45449, -0.795309], [-0.310574, 0.74932, 0.584862]], "armWidth": 66.825, "confidence": 1, "direction": [0.166499, -0.035811, -0.985391], "elbow": [70.7627, 348.938, 316.634], "grabAngle": 2.63178, "grabStrength": 0.301119, "id": 95, "palmNormal": [-0.475574, -0.878341, -0.0484358], "palmPosition": [-3.34826, 121.463, 80.8969], "palmVelocity": [-18.8818, 7.9949, -6.68061], "palmWidth": 93.5265, "pinchDistance": 43.3937, "pinchStrength": 0.427196, "r": [[0.419909, 0.00978302, 0.907514], [0.591168, 0.755762, -0.281682], [-0.68862, 0.654774, 0.311567]], "s": 1.01467, "sphereCenter": [-48.0671, 91.1527, 60.688], "sphereRadius": 51.7196, "stabilizedPalmPosition": [-2.7563, 121.651, 81.2481], "t": [-26.7012, -22.8738, -15.8282], "timeVisible": 6.43458, "type": "left", "wrist": [-15.43, 140.981, 154.319]}], "id": 64747, "interactionBox": {"center": [0, 200, 0], "size": [235.247, 235.247, 147.751]}, "pointables": [{"bases": [[[0.823557, 0.463911, -0.326405], [-0.516174, 0.851514, -0.0921318], [0.235197, 0.244357, 0.940729]], [[0.854545, 0.519251, 0.011457], [-0.399974, 0.672, -0.623247], [-0.331321, 0.52801, 0.781941]], [[0.854545, 0.519251, 0.011457], [-0.399974, 0.672, -0.623247], [-0.331321, 0.52801, 0.781941]], [[0.854545, 0.519251, 0.011457], [-0.315333, 0.536228, -0.782959], [-0.412695, 0.665461, 0.621968]]], "btipPosition": [-5.12736, 63.3318, -3.34123], "carpPosition": [6.42874, 128.704, 131.022], "dipPosition": [1.9354, 74.7203, 7.30297], "direction": [-0.331321, -0.52801, -0.781941], "extended": true, "handId": 95, "id": 951, "length": 58.9043, "mcpPosition": [24.2145, 110.225, 59.8833], "pipPosition": [9.95673, 87.5036, 26.2339], "stabilizedTipPosition": [-3.95987, 65.2654, -0.160207], "timeVisible": 6.43458, "tipPosition": [-5.02272, 62.5489, 4.42449], "tipVelocity": [21.2803, 54.