{"frames": 130, "data": [{"currentFrameRate": 42.1312, "devices": [], "gestures": [], "hands": [{"armBasis": [[0.874486, 0.445369, -0.192146], [0.0336464, 0.339484, 0.94001], [0.483882, -0.828491, 0.281889]], "armWidth": 54.0083, "confidence": 1, "direction": [0.158177, 0.347551, -0.924223], "elbow": [-146.002, -15.5524, 263.779], "grabAngle": 2.92649, "grabStrength": 0, "id": 15, "palmNormal": [-0.131338, -0.920284, -0.368548], "palmPosition": [-10.2659, 206.185, 139.055], "palmVelocity": [-0.361814, 0.368508, 1.78226], "palmWidth": 80.3162, "pinchDistance": 37.147, "pinchStrength": 0.0100478, "r": [[0.989454, 0.144733, -0.00574431], [-0.143062, 0.970287, -0.195134], [-0.0226687, 0.193898, 0.98076]], "s": 1.01163, "sphereCenter": [-16.2271, 178.018, 110.223], "sphereRadius": 42.8859, "stabilizedPalmPosition": [-9.72255, 203.505, 132.393], "t": [23.2459, 22.8887, -16.6885], "timeVisible": 13.2845, "type": "left", "wrist": [-30.6798, 181.899, 196.597]}], "id": 4716, "interactionBox": {"center": [0, 200, 0], "size": [235.247, 235.247, 147.751]}, "pointables": [{"bases": [[[0.245463, 0.963249, 0.109086], [-0.784607, 0.13132, 0.605927], [0.569333, -0.234322, 0.788006]], [[0.183813, 0.982642, 0.0250531], [-0.81534, 0.138183, 0.56225], [0.549029, -0.123776, 0.826587]], [[0.183813, 0.982642, 0.0250531], [-0.877458, 0.152543, 0.454751], [0.443036, -0.105572, 0.890266]], [[0.183813, 0.982642, 0.0250531], [-0.892509, 0.156165, 0.423131], [0.411874, -0.100137, 0.905722]]], "btipPosition": [43.7769, 190.389, 106.341], "carpPosition": [-0.993013, 179.993, 185.634], "dipPosition": [35.7605, 188.44, 123.969], "direction": [0.443036, 0.105572, -0.890266], "extended": true, "handId": 15, "id": 150, "length": 43.3417, "mcpPosition": [-0.993013, 179.993, 185.634], "pipPosition": [23.1982, 185.446, 149.213], "stabilizedTipPosition": [41.9071, 186.706, 104.475], "timeVisible": 13.2845, "tipPosition": [41.612, 189.089, 110.107], "tipVelocity": [-1.28, -0.803804, 1.54215], "tool": false, "touchDistance": 0.673262, "touchZone": "hovering", "type": 0, "width": 16.8516}, {"bases": [[[0.938186, 0.235485, -0.253681], [-0.177391, 0.956451, 0.231806], [0.297221, -0.172476, 0.939102]], [[0.966827, 0.213355, -0.14045], [-0.228966, 0.967617, -0.106266], [0.113229, 0.134899, 0.984369]], [[0.966827, 0.213355, -0.14045], [-0.247613, 0.917849, -0.310228], [0.0627231, 0.334714, 0.94023]], [[0.966827, 0.213355, -0.14045], [-0.25463, 0.848588, -0.463747], [0.0202415, 0.484126, 0.874764]]], "btipPosition": [20.696, 193.212, 55.0701], "carpPosition": [-4.19928, 200.438, 182.554], "dipPosition": [20.4084, 200.091, 67.4996], "direction": [0.0627231, -0.334714, -0.94023], "extended": true, "handId": 15, "id": 151, "length": 48.9063, "mcpPosition": [15.102, 211.639, 121.57], "pipPosition": [19.1476, 206.819, 86.3991], "stabilizedTipPosition": [20.2828, 192.427, 52.7029], "timeVisible": 13.2845, "tipPosition": [19.9972, 195.934, 57.6138], "tipVelocity": [-0.997932, 0.279355, 1.29736], "tool": false, "touchDistance": 0.340525, "touchZone": "hovering", "type": 1, "width": 16.0966}, {"bases": [[[0.986118, 0.0434932, -0.160248], [-0.00965703, 0.978474, 0.206142], [0.165765, -0.201733, 0.965311]], [[0.993595, 0.0326007, -0.108196], [-0.112971, 0.308279, -0.944564], [0.00256104, 0.950737, 0.309987]], [[0.993595, 0.0326007, -0.108196], [-0.0137487, -0.91549, -0.402107], [-0.112161, 0.401019, -0.909178]], [[0.993595, 0.0326007, -0.108196], [0.0593864, -0.965241, 0.254526], [-0.0961372, -0.259321, -0.960994]]], "btipPosition": [-7.70934, 173.379, 144.333], "carpPosition": [-13.8655, 204.497, 179.687], "dipPosition": [-6.2069, 169.326, 129.314], "direction": [-0.112161, -0.401019, 0.909178], "extended": false, "handId": 15, "id": 152, "length": 55.7248, "mcpPosition": [-3.6571, 216.92, 120.239], "pipPosition": [-3.55444, 178.81, 107.813], "stabilizedTipPosition": [-6.06341, 167.716, 126.83], "timeVisible": 13.2845, "tipPosition": [-7.26891, 171.616, 139.377], "tipVelocity": [1.48899, 0.414083, 2.72443], "tool": false, "touchDistance": 1, "touchZone": "none", "type": 2, "width": 15.809}, {"bases": [[[0.997667, -0.0605537, -0.0315291], [0.0661105, 0.972152, 0.224834], [0.0170365, -0.226393, 0.973887]], [[0.99485, -0.0468693, -0.0898705], [-0.071961, 0.297809, -0.951909], [0.0713796, 0.953474, 0.292903]], [[0.99485, -0.0468693, -0.0898705], [-0.0746423, -0.938626, -0.336764], [-0.0685709, 0.341737, -0.937291]], [[0.99485, -0.0468693, -0.0898705], [-0.0137417, -0.940847, 0.338553], [-0.100422, -0.335574, -0.936646]]], "btipPosition": [-23.9246, 180.321, 148.838], "carpPosition": [-24.3787, 205.89, 177.422], "dipPosition": [-22.3642, 175.106, 134.284], "direction": [-0.0685709, -0.341737, 0.937291], "extended": false, "handId": 15, "id": 153, "length": 53.5809, "mcpPosition": [-23.4367, 218.408, 123.574], "pipPosition": [-20.7845, 182.979, 112.691], "stabilizedTipPosition": [-22.4599, 175.35, 135.033], "timeVisible": 13.2845, "tipPosition": [-23.3891, 178.091, 144.539], "tipVelocity": [-0.834909, 0.65994, 2.07398], "tool": false, "touchDistance": 1, "touchZone": "none", "type": 3, "width": 15.0433}, {"bases": [[[0.968204, -0.246139, 0.044687], [0.221723, 0.927053, 0.302344], [-0.115846, -0.282823, 0.952151]], [[0.975109, -0.210509, -0.0696251], [0.0147993, 0.375108, -0.926863], [0.22123, 0.902762, 0.368887]], [[0.975109, -0.210509, -0.0696251], [-0.218329, -0.856859, -0.467038], [0.038657, 0.470614, -0.881492]], [[0.975109, -0.210509, -0.0696251], [-0.192517, -0.959612, 0.205139], [-0.109997, -0.186629, -0.976253]]], "btipPosition": [-36.2092, 183.935, 144.602], "carpPosition": [-35.8373, 200.986, 175.851], "dipPosition": [-34.6324, 181.26, 130.608], "direction": [0.038657, -0.470614, 0.881492], "extended": false, "handId": 15, "id": 154, "length": 42.0064, "mcpPosition": [-41.7667, 215.461, 127.117], "pipPosition": [-35.2612, 188.915, 116.27], "stabilizedTipPosition": [-34.9871, 180.013, 132.88], "timeVisible": 13.2845, "tipPosition": [-35.7095, 182.578, 140.841], "tipVelocity": [-0.776814, 0.840886, 2.08684], "tool": false, "touchDistance": 1, "touchZone": "none", "type": 4, "width": 13.3626}], "r": [[0.989454, 0.144733, -0.00574431], [-0.143062, 0.970287, -0.195134], [-0.0226687, 0.193898, 0.98076]], "s": 1.01163, "t": [-23.2459, 22.8887, -16.6885], "timestamp": 196665255}, {"currentFrameRate": 42.0832, "devices": [], "gestures": [], "hands": [{"armBasis": [[0.874409, 0.445911, -0.191236], [0.0328735, 0.338794, 0.940286], [0.484074, -0.828482, 0.281586]], "armWidth": 54.0083, "confidence": 1, "direction": [0.158272, 0.348334, -0.923912], "elbow": [-146.109, -15.5779, 263.722], "grabAngle": 2.9263, "grabStrength": 0, "id": 15, "palmNormal": [-0.132543, -0.919742, -0.369468], "palmPosition": [-10.3263, 206.195, 139.086], "palmVelocity": [-2.5187, 0.427432, 1.30353], "palmWidth": 80.3162, "pinchDistance": 37.1798, "pinchStrength": 0.00872948, "r": [[0.989476, 0.144591, -0.00554848], [-0.142874, 0.970225, -0.195576], [-0.0228952, 0.19431, 0.980673]], "s": 1.01178, "sphereCenter": [-16.249, 178.073, 110.234], "sphereRadius": 42.8749, "stabilizedPalmPosition": [-9.72338, 203.509, 132.403], "t": [23.214, 22.8989, -16.6475], "timeVisible": 13.3085, "type": "left", "wrist": [-30.7413, 181.872, 196.613]}], "id": 4717, "interactionBox": {"center": [0, 200, 0], "size": [235.247, 235.247, 147.751]}, "pointables": [{"bases": [[[0.244295, 0.963421, 0.110178], [-0.784965, 0.129764, 0.605798], [0.569342, -0.23448, 0.787953]], [[0.182759, 0.982806, 0.0262903], [-0.815555, 0.136615, 0.562322], [0.549062, -0.12421, 0.826501]], [[0.182759, 0.982806, 0.0262903], [-0.877244, 0.150939, 0.455698], [0.443895, -0.106346, 0.889746]], [[0.182759, 0.982806, 0.0262903], [-0.892543, 0.154642, 0.423618], [0.412269, -0.100885, 0.905459]]], "btipPosition": [43.735, 190.395, 106.366], "carpPosition": [-1.06841, 179.943, 185.635], "dipPosition": [35.7109, 188.432, 123.989], "direction": [0.443895, 0.106346, -0.889746], "extended": true, "handId": 15, "id": 150, "length": 43.3417, "mcpPosition": [-1.06841, 179.943, 185.635], "pipPosition": [23.1243, 185.416, 149.217], "stabilizedTipPosition": [41.9071, 186.715, 104.493], "timeVisible": 13.3085, "tipPosition": [41.5232, 189.072, 110.104], "tipVelocity": [-1.82142, 0.119197, 0.965217], "tool": false, "touchDistance": 0.673648, "touchZone": "hovering", "type": 0, "width": 16.8516}, {"bases": [[[0.937994, 0.236852, -0.253116], [-0.178592, 0.955999, 0.232748], [0.297105, -0.173112, 0.939021]], [[0.966562, 0.214703, -0.140219], [-0.230111, 0.967509, -0.104763], [0.11317, 0.133526, 0.984562]], [[0.966562, 0.214703, -0.140219], [-0.248667, 0.918316, -0.307993], [0.0626386, 0.332562, 0.940999]], [[0.966562, 0.214703, -0.140219], [-0.255644, 0.849666, -0.461209], [0.0201165, 0.481633, 0.876142]]], "btipPosition": [20.6305, 193.338, 55.0565], "carpPosition": [-4.25172, 200.396, 182.577], "dipPosition": [20.3447, 200.182, 67.5056], "direction": [0.0626386, -0.332562, -0.940999], "extended": true, "handId": 15, "id": 151, "length": 48.9063, "mcpPosition": [15.0421, 211.637, 121.598], "pipPosition": [19.0856, 206.867, 86.4205], "stabilizedTipPosition": [20.2841, 192.439, 52.7279], "timeVisible": 13.3085, "tipPosition": [19.9004, 195.989, 57.6255], "tipVelocity": [-2.71462, 4.93788, -0.378965], "tool": false, "touchDistance": 0.339669, "touchZone": "hovering", "type": 1, "width": 16.0966}, {"bases": [[[0.98612, 0.0448184, -0.159868], [-0.0108753, 0.978246, 0.207165], [0.165675, -0.202551, 0.965155]], [[0.993664, 0.0337489, -0.107201], [-0.112381, 0.309296, -0.944302], [0.00128768, 0.950367, 0.311129]], [[0.993664, 0.0337489, -0.107201], [-0.0124116, -0.915062, -0.403123], [-0.111701, 0.401899, -0.908845]], [[0.993664, 0.0337489, -0.107201], [0.0601674, -0.965389, 0.253779], [-0.0949261, -0.258621, -0.961303]]], "btipPosition": [-7.78472, 173.384, 144.324], "carpPosition": [-13.9141, 204.469, 179.717], "dipPosition": [-6.30121, 169.343, 129.301], "direction": [-0.111701, -0.401899, 0.908845], "extended": false, "handId": 15, "id": 152, "length": 55.7248, "mcpPosition": [-3.71125, 216.943, 120.279], "pipPosition": [-3.65964, 178.847, 107.808], "stabilizedTipPosition": [-6.06599, 167.725, 126.857], "timeVisible": 13.3085, "tipPosition": [-7.36987, 171.624, 139.373], "tipVelocity": [-3.32559, 0.32567, -0.401122], "tool": false, "touchDistance": 1, "touchZone": "none", "type": 2, "width": 15.809}, {"bases": [[[0.997748, -0.0593498, -0.031254], [0.0648932, 0.971992, 0.225875], [0.016973, -0.227394, 0.973655]], [[0.994935, -0.0456076, -0.089582], [-0.0719887, 0.298723, -0.951621], [0.0701613, 0.95325, 0.293926]], [[0.994935, -0.0456076, -0.089582], [-0.0734184, -0.9384, -0.337662], [-0.0686637, 0.342529, -0.936995]], [[0.994935, -0.0456076, -0.089582], [-0.0127021, -0.94105, 0.338028], [-0.0997178, -0.335178, -0.936863]]], "btipPosition": [-24.0123, 180.347, 148.845], "carpPosition": [-24.4265, 205.877, 177.458], "dipPosition": [-22.4629, 175.139, 134.288], "direction": [-0.0686637, -0.342529, 0.936995], "extended": false, "handId": 15, "id": 153, "length": 53.5809, "mcpPosition": [-23.488, 218.45, 123.623], "pipPosition": [-20.881, 183.03, 112.701], "stabilizedTipPosition": [-22.4619, 175.356, 135.051], "timeVisible": 13.3085, "tipPosition": [-23.4807, 178.111, 144.545], "tipVelocity": [-3.76398, 1.13846, 0.26276], "tool": false, "touchDistance": 1, "touchZone": "none", "type": 3, "width": 15.0433}, {"bases": [[[0.968477, -0.245049, 0.0447575], [0.220532, 0.926995, 0.303391], [-0.115836, -0.283957, 0.951814]], [[0.975379, -0.209286, -0.0695323], [0.0146882, 0.37624, -0.926406], [0.220045, 0.902576, 0.37005]], [[0.975379, -0.209286, -0.0695323], [-0.217178, -0.856738, -0.467797], [0.0383324, 0.47138, -0.881097]], [[0.975379, -0.209286, -0.0695323], [-0.191398, -0.959965, 0.204532], [-0.109554, -0.186188, -0.976387]]], "btipPosition": [-36.2965, 183.982, 144.615], "carpPosition": [-35.8914, 200.987, 175.886], "dipPosition": [-34.7261, 181.313, 130.619], "direction": [0.0383324, -0.47138, 0.881097], "extended": false, "handId": 15, "id": 154, "length": 42.0064, "mcpPosition": [-41.8202, 215.521, 127.169], "pipPosition": [-35.3496, 188.98, 116.287], "stabilizedTipPosition": [-34.9888, 180.019, 132.895], "timeVisible": 13.3085, "tipPosition": [-35.7971, 182.616, 140.857], "tipVelocity": [-3.70249, 1.99691, 0.522278], "tool": false, "touchDistance": 1, "touchZone": "none", "type": 4, "width": 13.3626}], "r": [[0.989476, 0.144591, -0.00554848], [-0.142874, 0.970225, -0.195576], [-0.0228952, 0.19431, 0.980673]], "s": 1.01178, "t": [-23.214, 22.8989, -16.6475], "timestamp": 196689232}, {"currentFrameRate": 42.0193, "devices": [], "gestures": [], "hands": [{"armBasis": [[0.87381, 0.447297, -0.19074], [0.0323767, 0.337866, 0.940637], [0.485189, -0.828113, 0.280748]], "armWidth": 54.0083, "confidence": 1, "direction": [0.158183, 0.350809, -0.922991], "elbow": [-146.437, -15.5947, 263.567], "grabAngle": 2.92681, "grabStrength": 0, "id": 15, "palmNormal": [-0.132658, -0.918734, -0.371926], "palmPosition": [-10.3843, 206.228, 139.184], "palmVelocity": [-2.40817, 1.38022, 4.04277], "palmWidth": 80.3162, "pinchDistance": 37.1973, "pinchStrength": 0.00854256, "r": [[0.989491, 0.144495, -0.00528905], [-0.142734, 0.970279, -0.19541], [-0.0231039, 0.194111, 0.980707]], "s": 1.01191, "sphereCenter": [-16.266, 178.179, 110.264], "sphereRadius": 42.864, "stabilizedPalmPosition": [-9.72406, 203.512, 132.41], "t": [23.1691, 22.9206, -16.5783], "timeVisible": 13.3326, "type": "left", "wrist": [-30.8033, 181.767, 196.657]}], "id": 4718, "interactionBox": {"center": [0, 200, 0], "size": [235.247, 235.247, 147.751]}, "pointables": [{"bases": [[[0.244209, 0.963139, 0.112802], [-0.785051, 0.128074, 0.606047], [0.56926, -0.236558, 0.78739]], [[0.182712, 0.982739, 0.0289988], [-0.815599, 0.135034, 0.562641], [0.549013, -0.126452, 0.826193]], [[0.182712, 0.982739, 0.0289988], [-0.876734, 0.149514, 0.457147], [0.444921, -0.10895, 0.888918]], [[0.182712, 0.982739, 0.0289988], [-0.892016, 0.153297, 0.425214], [0.413429, -0.103559, 0.904628]]], "btipPosition": [43.7304, 190.527, 106.444], "carpPosition": [-1.12253, 179.85, 185.66], "dipPosition": [35.6838, 188.511, 124.051], "direction": [0.444921, 0.10895, -0.888918], "extended": true, "handId": 15, "id": 150, "length": 43.3417, "mcpPosition": [-1.12253, 179.85, 185.66], "pipPosition": [23.068, 185.422, 149.256], "stabilizedTipPosition": [41.907, 186.726, 104.513], "timeVisible": 13.3326, "tipPosition": [41.4619, 189.183, 110.151], "tipVelocity": [-0.405915, 4.9841, 3.10834], "tool": false, "touchDistance": 0.674896, "touchZone": "hovering", "type": 0, "width": 16.8516}, {"bases": [[[0.938008, 0.237602, -0.25236], [-0.178692, 0.955355, 0.235299], [0.297001, -0.175617, 0.938589]], [[0.966445, 0.215282, -0.140137], [-0.230465, 0.967624, -0.102901], [0.113448, 0.131745, 0.984771]], [[0.966445, 0.215282, -0.140137], [-0.249128, 0.918497, -0.307079], [0.0626074, 0.331687, 0.94131]], [[0.966445, 0.215282, -0.140137], [-0.25609, 0.85009, -0.46018], [0.020061, 0.480626, 0.876696]]], "btipPosition": [20.5792, 193.512, 55.1438], "carpPosition": [-4.3047, 200.311, 182.658], "dipPosition": [20.2942, 200.342, 67.6008], "direction": [0.0626074, -0.331687, -0.94131], "extended": true, "handId": 15, "id": 151, "length": 48.9063, "mcpPosition": [14.9823, 211.716, 121.707], "pipPosition": [19.0357, 207.009, 86.522], "stabilizedTipPosition": [20.2853, 192.453, 52.7554], "timeVisible": 13.3326, "tipPosition": [19.8352, 196.233, 57.6936], "tipVelocity": [-2.12234, 7.08593, 3.70161], "tool": false, "touchDistance": 0.340373, "touchZone": "hovering", "type": 1, "width": 16.0966}, {"bases": [[[0.986137, 0.045322, -0.159623], [-0.0109744, 0.977684, 0.209796], [0.165569, -0.205136, 0.964627]], [[0.993496, 0.0344419, -0.108535], [-0.113861, 0.311731, -0.943323], [0.00134395, 0.949546, 0.313626]], [[0.993496, 0.0344419, -0.108535], [-0.0126475, -0.913884, -0.405778], [-0.113164, 0.404512, -0.907504]], [[0.993496, 0.0344419, -0.108535], [0.0609113, -0.96607, 0.250996], [-0.0962077, -0.255974, -0.961884]]], "btipPosition": [-7.89666, 173.398, 144.327], "carpPosition": [-13.9672, 204.393, 179.81], "dipPosition": [-6.39312, 169.397, 129.295], "direction": [-0.113164, -0.404512, 0.907504], "extended": false, "handId": 15, "id": 152, "length": 55.7248, "mcpPosition": [-3.77081, 217.026, 120.405], "pipPosition": [-3.71694, 178.963, 107.833], "stabilizedTipPosition": [-6.07102, 167.741, 126.904], "timeVisible": 13.3326, "tipPosition": [-7.4308, 171.659, 139.382], "tipVelocity": [-4.4566, 0.939714, 0.0305819], "tool": false, "touchDistance": 1, "touchZone": "none", "type": 2, "width": 15.809}, {"bases": [[[0.997756, -0.0591912, -0.0312883], [0.0647922, 0.971386, 0.228499], [0.0168678, -0.230014, 0.973041]], [[0.994949, -0.0452922, -0.0895794], [-0.0718917, 0.301278, -0.950822], [0.0700531, 0.95246, 0.2965]], [[0.994949, -0.0452922, -0.0895794], [-0.0733004, -0.937521, -0.340121], [-0.0685777, 0.344969, -0.936105]], [[0.994949, -0.0452922, -0.0895794], [-0.0126563, -0.941898, 0.33566], [-0.0995775, -0.332831, -0.937714]]], "btipPosition": [-24.0712, 180.359, 148.874], "carpPosition": [-24.4797, 205.808, 177.556], "dipPosition": [-22.5239, 175.187, 134.304], "direction": [-0.0685777, -0.344969, 0.936105], "extended": false, "handId": 15, "id": 153, "length": 53.5809, "mcpPosition": [-23.547, 218.525, 123.755], "pipPosition": [-20.9441, 183.135, 112.738], "stabilizedTipPosition": [-22.4652, 175.366, 135.078], "timeVisible": 13.3326, "tipPosition": [-23.5401, 178.131, 144.569], "tipVelocity": [-2.46552, 0.865666, 1.08459], "tool": false, "touchDistance": 1, "touchZone": "none", "type": 3, "width": 15.0433}, {"bases": [[[0.96849, -0.245097, 0.0442193], [0.220425, 0.926191, 0.305913], [-0.115934, -0.286527, 0.951032]], [[0.975404, -0.209034, -0.0699488], [0.0147545, 0.378537, -0.925468], [0.219932, 0.901673, 0.372311]], [[0.975404, -0.209034, -0.0699488], [-0.217068, -0.855706, -0.469732], [0.0383341, 0.473362, -0.880034]], [[0.975404, -0.209034, -0.0699488], [-0.191308, -0.96043, 0.202423], [-0.109494, -0.184062, -0.976797]]], "btipPosition": [-36.3577, 184.013, 144.664], "carpPosition": [-35.9451, 200.923, 175.972], "dipPosition": [-34.7882, 181.375, 130.662], "direction": [0.0383341, -0.473362, 0.880033], "extended": false, "handId": 15, "id": 154, "length": 42.0064, "mcpPosition": [-41.879, 215.589, 127.295], "pipPosition": [-35.4117, 189.074, 116.347], "stabilizedTipPosition": [-34.991, 180.026, 132.914], "timeVisible": 13.3326, "tipPosition": [-35.8567, 182.647, 140.895], "tipVelocity": [-2.54992, 1.59762, 1.96092], "tool": false, "touchDistance": 1, "touchZone": "none", "type": 4, "width": 13.3626}], "r": [[0.989491, 0.144495, -0.00528905], [-0.142734, 0.970279, -0.19541], [-0.0231039, 0.194111, 0.980707]], "s": 1.01191, "t": [-23.1691, 22.9206, -16.5783], "timestamp": 196713317}, {"currentFrameRate": 41.9084, "devices": [], "gestures": [], "hands": [{"armBasis": [[0.873265, 0.448429, -0.190579], [0.0316912, 0.338034, 0.9406], [0.486214, -0.827433, 0.280981]], "armWidth": 54.0083, "confidence": 1, "direction": [0.157344, 0.352598, -0.922452], "elbow": [-146.703, -15.5614, 263.686], "grabAngle": 2.92668, "grabStrength": 0, "id": 15, "palmNormal": [-0.132107, -0.918176, -0.373497], "palmPosition": [-10.4425, 206.199, 139.268], "palmVelocity": [-2.38825, -1.21444, 3.46407], "palmWidth": 80.3162, "pinchDistance": 37.1954, "pinchStrength": 0.00896166, "r": [[0.989529, 0.144254, -0.00491322], [-0.142436, 0.970417, -0.194946], [-0.0233538, 0.193604, 0.980802]], "s": 1.01201, "sphereCenter": [-16.2965, 178.191, 110.307], "sphereRadius": 42.8554, "stabilizedPalmPosition": [-9.7247, 203.514, 132.416], "t": [23.1176, 22.9167, -16.5015], "timeVisible": 13.3569, "type": "left", "wrist": [-30.8248, 181.638, 196.72]}], "id": 4719, "interactionBox": {"center": [0, 200, 0], "size": [235.247, 235.247, 147.751]}, "pointables": [{"bases": [[[0.24495, 0.96273, 0.114675], [-0.7853, 0.127645, 0.605814], [0.568597, -0.238448, 0.787299]], [[0.183304, 0.982581, 0.0305825], [-0.816089, 0.134752, 0.561997], [0.548087, -0.127974, 0.826573]], [[0.183304, 0.982581, 0.0305825], [-0.876716, 0.149323, 0.457243], [0.444712, -0.110627, 0.888816]], [[0.183304, 0.982581, 0.0305825], [-0.891723, 0.153098, 0.425901], [0.4138, -0.10534, 0.904253]]], "btipPosition": [43.6822, 190.571, 106.469], "carpPosition": [-1.1312, 179.745, 185.692], "dipPosition": [35.6284, 188.521, 124.069], "direction": [0.444712, 0.110627, -0.888816], "extended": true, "handId": 15, "id": 150, "length": 43.3417, "mcpPosition": [-1.1312, 179.745, 185.692], "pipPosition": [23.0185, 185.384, 149.271], "stabilizedTipPosition": [41.9066, 186.741, 104.539], "timeVisible": 13.3569, "tipPosition": [41.4018, 189.251, 110.175], "tipVelocity": [-2.047, 1.48188, 0.954015], "tool": false, "touchDistance": 0.675283, "touchZone": "hovering", "type": 0, "width": 16.8516}, {"bases": [[[0.938356, 0.237268, -0.251381], [-0.17803, 0.955081, 0.236908], [0.2963, -0.177551, 0.938447]], [[0.966614, 0.214825, -0.139669], [-0.229832, 0.96788, -0.101909], [0.11329, 0.130607, 0.98494]], [[0.966614, 0.214825, -0.139669], [-0.248469, 0.919025, -0.306035], [0.0626154, 0.330521, 0.941719]], [[0.966614, 0.214825, -0.139669], [-0.255433, 0.850987, -0.458884], [0.0202768, 0.47924, 0.87745]]], "btipPosition": [20.5037, 193.619, 55.1982], "carpPosition": [-4.33228, 200.209, 182.728], "dipPosition": [20.2156, 200.429, 67.6658], "direction": [0.0626154, -0.330521, -0.941719], "extended": true, "handId": 15, "id": 151, "length": 48.9063, "mcpPosition": [14.9092, 211.739, 121.786], "pipPosition": [18.957, 207.073, 86.5953], "stabilizedTipPosition": [20.2862, 192.468, 52.7857], "timeVisible": 13.3569, "tipPosition": [19.7395, 196.371, 57.7434], "tipVelocity": [-3.12785, 4.2007, 2.33196], "tool": false, "touchDistance": 0.340521, "touchZone": "hovering", "type": 1, "width": 16.0966}, {"bases": [[[0.986269, 0.0447809, -0.158961], [-0.0102787, 0.977314, 0.211545], [0.164828, -0.207006, 0.964355]], [[0.993555, 0.033864, -0.108172], [-0.113332, 0.313288, -0.942871], [0.00195967, 0.949054, 0.315107]], [[0.993555, 0.033864, -0.108172], [-0.0132545, -0.913071, -0.407584], [-0.112571, 0.406391, -0.906738]], [[0.993555, 0.033864, -0.108172], [0.0600619, -0.966625, 0.249057], [-0.0961278, -0.253949, -0.962429]]], "btipPosition": [-7.93502, 173.351, 144.358], "carpPosition": [-13.9998, 204.287, 179.893], "dipPosition": [-6.43272, 169.382, 129.317], "direction": [-0.112571, -0.406391, 0.906738], "extended": false, "handId": 15, "id": 152, "length": 55.7248, "mcpPosition": [-3.84911, 217.036, 120.505], "pipPosition": [-3.77056, 178.993, 107.874], "stabilizedTipPosition": [-6.07692, 167.76, 126.959], "timeVisible": 13.3569, "tipPosition": [-7.46002, 171.632, 139.404], "tipVelocity": [-1.58621, -1.62016, 1.1891], "tool": false, "touchDistance": 1, "touchZone": "none", "type": 2, "width": 15.809}, {"bases": [[[0.997725, -0.0599722, -0.0308076], [0.0654716, 0.970919, 0.230281], [0.0161012, -0.231774, 0.972636]], [[0.994964, -0.0459662, -0.0890753], [-0.0710784, 0.303045, -0.950322], [0.0706765, 0.951867, 0.298251]], [[0.994964, -0.0459662, -0.0890753], [-0.0738998, -0.936773, -0.342044], [-0.0677209, 0.346904, -0.935452]], [[0.994964, -0.0459662, -0.0890753], [-0.0136574, -0.942534, 0.333832], [-0.0993015, -0.330934, -0.938415]]], "btipPosition": [-24.1016, 180.294, 148.919], "carpPosition": [-24.5149, 205.697, 177.648], "dipPosition": [-22.5586, 175.152, 134.338], "direction": [-0.0677209, -0.346904, 0.935452], "extended": false, "handId": 15, "id": 153, "length": 53.5809, "mcpPosition": [-23.6246, 218.512, 123.869], "pipPosition": [-20.9985, 183.144, 112.787], "stabilizedTipPosition": [-22.469, 175.377, 135.109], "timeVisible": 13.3569, "tipPosition": [-23.5716, 178.081, 144.611], "tipVelocity": [-1.28777, -2.39015, 1.74525], "tool": false, "touchDistance": 1, "touchZone": "none", "type": 3, "width": 15.0433}, {"bases": [[[0.968258, -0.245989, 0.0443488], [0.221021, 0.925455, 0.307705], [-0.116735, -0.288136, 0.950448]], [[0.975269, -0.209726, -0.0697503], [0.0156175, 0.380185, -0.924778], [0.220468, 0.900819, 0.374058]], [[0.975269, -0.209726, -0.0697503], [-0.217496, -0.854539, -0.471656], [0.0393142, 0.475161, -0.87902]], [[0.975269, -0.209726, -0.0697503], [-0.192263, -0.960682, 0.200313], [-0.109019, -0.181949, -0.977246]]], "btipPosition": [-36.3922, 183.944, 144.722], "carpPosition": [-35.9772, 200.806, 176.062], "dipPosition": [-34.8295, 181.336, 130.713], "direction": [0.0393142, -0.475161, 0.87902], "extended": false, "handId": 15, "id": 154, "length": 42.0064, "mcpPosition": [-41.952, 215.554, 127.415], "pipPosition": [-35.4689, 189.065, 116.416], "stabilizedTipPosition": [-34.9935, 180.034, 132.935], "timeVisible": 13.3569, "tipPosition": [-35.8942, 182.594, 140.952], "tipVelocity": [-1.48046, -2.55181, 2.33231], "tool": false, "touchDistance": 1, "touchZone": "none", "type": 4, "width": 13.3626}], "r": [[0.989529, 0.144254, -0.00491322], [-0.142436, 0.970417, -0.194946], [-0.0233538, 0.193604, 0.980802]], "s": 1.01201, "t": [-23.1176, 22.9167, -16.5015], "timestamp": 196737676}, {"currentFrameRate": 41.791, "devices": [], "gestures": [], "hands": [{"armBasis": [[0.872654, 0.449462, -0.190941], [0.0310227, 0.339188, 0.940207], [0.487353, -0.826399, 0.282051]], "armWidth": 54.0083, "confidence": 1, "direction": [0.158176, 0.353897, -0.921812], "elbow": [-147.032, -15.4554, 263.946], "grabAngle": 2.92703, "grabStrength": 0, "id": 15, "palmNormal": [-0.133184, -0.917387, -0.375052], "palmPosition": [-10.4509, 206.108, 139.303], "palmVelocity": [-0.344399, -3.70124, 1.41463], "palmWidth": 80.3162, "pinchDistance": 37.1924, "pinchStrength": 0.00981873, "r": [[0.989519, 0.144326, -0.00464266], [-0.142471, 0.970552, -0.194245], [-0.0235287, 0.192871, 0.980942]], "s": 1.01201, "sphereCenter": [-16.3638, 178.144, 110.293], "sphereRadius": 42.8538, "stabilizedPalmPosition": [-9.72604, 203.519, 132.428], "t": [23.0876, 22.8695, -16.4458], "timeVisible": 13.3814, "type": "left", "wrist": [-30.8833, 181.498, 196.726]}], "id": 4720, "interactionBox": {"center": [0, 200, 0], "size": [235.247, 235.247, 147.751]}, "pointables": [{"bases": [[[0.243712, 0.962867, 0.116156], [-0.785232, 0.125606, 0.606328], [0.569224, -0.238979, 0.786685]], [[0.18161, 0.982863, 0.0315881], [-0.81655, 0.132824, 0.561786], [0.547963, -0.127819, 0.826679]], [[0.18161, 0.982863, 0.0315881], [-0.876434, 0.14721, 0.458467], [0.44596, -0.110947, 0.88815]], [[0.18161, 0.982863, 0.0315881], [-0.891457, 0.15099, 0.427209], [0.415118, -0.105745, 0.903601]]], "btipPosition": [43.676, 190.402, 106.491], "carpPosition": [-1.1931, 179.566, 185.686], "dipPosition": [35.5964, 188.344, 124.078], "direction": [0.44596, 0.110947, -0.88815], "extended": true, "handId": 15, "id": 150, "length": 43.3417, "mcpPosition": [-1.1931, 179.566, 185.686], "pipPosition": [22.9512, 185.198, 149.261], "stabilizedTipPosition": [41.9061, 186.759, 104.574], "timeVisible": 13.3814, "tipPosition": [41.3839, 189.142, 110.203], "tipVelocity": [-0.498224, -6.97357, 0.769795], "tool": false, "touchDistance": 0.675597, "touchZone": "hovering", "type": 0, "width": 16.8516}, {"bases": [[[0.93794, 0.23893, -0.251358], [-0.17921, 0.954454, 0.238542], [0.296904, -0.178692, 0.938039]], [[0.966204, 0.216418, -0.140049], [-0.231432, 0.96754, -0.101519], [0.113532, 0.1305, 0.984927]], [[0.966204, 0.216418, -0.140049], [-0.250095, 0.918655, -0.305819], [0.0624716, 0.330509, 0.941733]], [[0.966204, 0.216418, -0.140049], [-0.25701, 0.850706, -0.458524], [0.0199075, 0.479022, 0.877577]]], "btipPosition": [20.51, 193.531, 55.2502], "carpPosition": [-4.36575, 200.039, 182.755], "dipPosition": [20.2271, 200.337, 67.7196], "direction": [0.0624716, -0.330509, -0.941733], "extended": true, "handId": 15, "id": 151, "length": 48.9063, "mcpPosition": [14.915, 211.643, 121.84], "pipPosition": [18.9714, 206.981, 86.6493], "stabilizedTipPosition": [20.2871, 192.483, 52.8149], "timeVisible": 13.3814, "tipPosition": [19.7543, 196.366, 57.776], "tipVelocity": [0.306812, -3.65014, 2.14304], "tool": false, "touchDistance": 0.340589, "touchZone": "hovering", "type": 1, "width": 16.0966}, {"bases": [[[0.986146, 0.0463558, -0.159273], [-0.0114979, 0.976952, 0.213149], [0.165482, -0.208365, 0.96395]], [[0.993227, 0.0358066, -0.110539], [-0.116189, 0.314645, -0.942071], [0.0010482, 0.948534, 0.316674]], [[0.993227, 0.0358066, -0.110539], [-0.0126855, -0.912231, -0.409479], [-0.115499, 0.408108, -0.905598]], [[0.993227, 0.0358066, -0.110539], [0.062379, -0.966935, 0.247277], [-0.09803, -0.252498, -0.962619]]], "btipPosition": [-8.05715, 173.24, 144.326], "carpPosition": [-14.0267, 204.135, 179.923], "dipPosition": [-6.52513, 169.294, 129.282], "direction": [-0.115499, -0.408108, 0.905598], "extended": false, "handId": 15, "id": 152, "length": 55.7248, "mcpPosition": [-3.83574, 216.967, 120.56], "pipPosition": [-3.79372, 178.945, 107.866], "stabilizedTipPosition": [-6.08548, 167.784, 127.032], "timeVisible": 13.3814, "tipPosition": [-7.51536, 171.541, 139.389], "tipVelocity": [-4.71421, -4.32684, -1.33103], "tool": false, "touchDistance": 1, "touchZone": "none", "type": 2, "width": 15.809}, {"bases": [[[0.997791, -0.0585916, -0.0312952], [0.0642682, 0.970627, 0.231845], [0.0167918, -0.233344, 0.972249]], [[0.994989, -0.0444939, -0.0895389], [-0.0718552, 0.304505, -0.949797], [0.0695252, 0.951471, 0.299782]], [[0.994989, -0.0444939, -0.0895389], [-0.0727948, -0.936264, -0.343672], [-0.0685407, 0.348468, -0.934811]], [[0.994989, -0.0444939, -0.0895389], [-0.0122576, -0.943054, 0.332414], [-0.0992304, -0.32965, -0.938874]]], "btipPosition": [-24.1481, 180.205, 148.904], "carpPosition": [-24.539, 205.563, 177.676], "dipPosition": [-22.6062, 175.083, 134.316], "direction": [-0.0685407, -0.348468, 0.934811], "extended": false, "handId": 15, "id": 153, "length": 53.5809, "mcpPosition": [-23.6106, 218.465, 123.919], "pipPosition": [-21.0272, 183.111, 112.78], "stabilizedTipPosition": [-22.4747, 175.393, 135.154], "timeVisible": 13.3814, "tipPosition": [-23.6196, 178, 144.595], "tipVelocity": [-1.91251, -3.45148, -0.675243], "tool": false, "touchDistance": 1, "touchZone": "none", "type": 3, "width": 15.0433}, {"bases": [[[0.968602, -0.24477, 0.043568], [0.219908, 0.925244, 0.309134], [-0.115978, -0.289847, 0.95002]], [[0.97552, -0.208311, -0.0704743], [0.0147479, 0.381719, -0.924161], [0.219415, 0.900498, 0.375447]], [[0.97552, -0.208311, -0.0704743], [-0.216539, -0.854012, -0.473048], [0.0383554, 0.476729, -0.878213]], [[0.97552, -0.208311, -0.0704743], [-0.190904, -0.961264, 0.198813], [-0.109159, -0.180492, -0.9775]]], "btipPosition": [-36.4321, 183.878, 144.709], "carpPosition": [-36.0072, 200.69, 176.078], "dipPosition": [-34.8673, 181.29, 130.697], "direction": [0.0383554, -0.476729, 0.878213], "extended": false, "handId": 15, "id": 154, "length": 42.0064, "mcpPosition": [-41.9433, 215.525, 127.453], "pipPosition": [-35.4912, 189.045, 116.412], "stabilizedTipPosition": [-34.9975, 180.046, 132.966], "timeVisible": 13.3814, "tipPosition": [-35.9347, 182.535, 140.938], "tipVelocity": [-1.6113, -2.50548, -0.552447], "tool": false, "touchDistance": 1, "touchZone": "none", "type": 4, "width": 13.3626}], "r": [[0.989519, 0.144326, -0.00464266], [-0.142471, 0.970552, -0.194245], [-0.0235287, 0.192871, 0.980942]], "s": 1.01201, "t": [-23.0876, 22.8695, -16.4458], "timestamp": 196762133}, {"currentFrameRate": 41.6949, "devices": [], "gestures": [], "hands": [{"armBasis": [[0.872149, 0.450308, -0.191256], [0.0302824, 0.340487, 0.939761], [0.488302, -0.825404, 0.283319]], "armWidth": 54.0083, "confidence": 1, "direction": [0.156856, 0.351374, -0.923002], "elbow": [-147.199, -15.281, 264.277], "grabAngle": 2.92643, "grabStrength": 0, "id": 15, "palmNormal": [-0.133248, -0.918496, -0.372303], "palmPosition": [-10.454, 205.894, 139.248], "palmVelocity": [-0.126767, -8.77609, -2.22276], "palmWidth": 80.3162, "pinchDistance": 37.1678, "pinchStrength": 0.0108237, "r": [[0.989526, 0.144294, -0.00425764], [-0.142365, 0.970563, -0.194267], [-0.0238992, 0.192838, 0.98094]], "s": 1.012, "sphereCenter": [-16.4371, 177.844, 110.316], "sphereRadius": 42.8661, "stabilizedPalmPosition": [-9.72836, 203.527, 132.45], "t": [23.071, 22.7387, -16.4451], "timeVisible": 13.4058, "type": "left", "wrist": [-30.8237, 181.435, 196.755]}], "id": 4721, "interactionBox": {"center": [0, 200, 0], "size": [235.247, 235.247, 147.751]}, "pointables": [{"bases": [[[0.243994, 0.963082, 0.113756], [-0.785939, 0.127657, 0.604982], [0.568125, -0.237017, 0.788071]], [[0.181706, 0.982936, 0.0286473], [-0.817582, 0.134823, 0.559805], [0.54639, -0.125141, 0.828129]], [[0.181706, 0.982936, 0.0286473], [-0.87726, 0.148871, 0.456346], [0.444294, -0.108052, 0.889341]], [[0.181706, 0.982936, 0.0286473], [-0.892285, 0.152564, 0.424913], [0.413292, -0.102771, 0.904781]]], "btipPosition": [43.591, 190.065, 106.379], "carpPosition": [-1.12592, 179.487, 185.695], "dipPosition": [35.547, 188.065, 123.989], "direction": [0.444294, 0.108052, -0.889341], "extended": true, "handId": 15, "id": 150, "length": 43.3417, "mcpPosition": [-1.12592, 179.487, 185.695], "pipPosition": [22.949, 185.001, 149.206], "stabilizedTipPosition": [41.9049, 186.779, 104.615], "timeVisible": 13.4058, "tipPosition": [41.3536, 188.872, 110.133], "tipVelocity": [-3.1435, -13.2828, -4.37765], "tool": false, "touchDistance": 0.673815, "touchZone": "hovering", "type": 0, "width": 16.8516}, {"bases": [[[0.938362, 0.237808, -0.250845], [-0.179085, 0.9552, 0.235631], [0.295642, -0.176185, 0.938911]], [[0.966408, 0.21567, -0.13979], [-0.230913, 0.96742, -0.103818], [0.112845, 0.13261, 0.984724]], [[0.966408, 0.21567, -0.13979], [-0.249405, 0.918304, -0.307434], [0.062065, 0.331971, 0.941246]], [[0.966408, 0.21567, -0.13979], [-0.256257, 0.850218, -0.45985], [0.0196758, 0.480225, 0.876925]]], "btipPosition": [20.4464, 193.157, 55.1747], "carpPosition": [-4.31138, 199.95, 182.71], "dipPosition": [20.1668, 199.98, 67.6349], "direction": [0.062065, -0.331971, -0.941246], "extended": true, "handId": 15, "id": 151, "length": 48.9063, "mcpPosition": [14.8874, 211.391, 121.738], "pipPosition": [18.9193, 206.653, 86.5548], "stabilizedTipPosition": [20.2878, 192.499, 52.8533], "timeVisible": 13.4058, "tipPosition": [19.6562, 195.93, 57.7129], "tipVelocity": [-2.57441, -15.1588, -3.17696], "tool": false, "touchDistance": 0.338699, "touchZone": "hovering", "type": 1, "width": 16.0966}, {"bases": [[[0.986366, 0.045472, -0.158158], [-0.0113314, 0.977553, 0.210387], [0.164174, -0.205726, 0.96474]], [[0.99326, 0.0352747, -0.110405], [-0.115897, 0.312578, -0.942795], [0.00125347, 0.949237, 0.31456]], [[0.99326, 0.0352747, -0.110405], [-0.012872, -0.913097, -0.40754], [-0.115186, 0.406214, -0.906489]], [[0.99326, 0.0352747, -0.110405], [0.0620331, -0.966437, 0.249303], [-0.0979054, -0.254472, -0.962112]]], "btipPosition": [-8.07113, 173.023, 144.331], "carpPosition": [-13.9778, 204.034, 179.879], "dipPosition": [-6.54106, 169.046, 129.295], "direction": [-0.115186, -0.406214, 0.906489], "extended": false, "handId": 15, "id": 152, "length": 55.7248, "mcpPosition": [-3.8673, 216.703, 120.467], "pipPosition": [-3.81705, 178.653, 107.858], "stabilizedTipPosition": [-6.09665, 167.813, 127.126], "timeVisible": 13.4058, "tipPosition": [-7.50359, 171.331, 139.433], "tipVelocity": [-0.590915, -9.16351, 0.272281], "tool": false, "touchDistance": 1, "touchZone": "none", "type": 2, "width": 15.809}, {"bases": [[[0.997804, -0.0591202, -0.0298716], [0.0644082, 0.971247, 0.229196], [0.0154625, -0.230617, 0.972922]], [[0.995081, -0.0451851, -0.0881581], [-0.0705224, 0.301865, -0.950739], [0.0695711, 0.952279, 0.297193]], [[0.995081, -0.0451851, -0.0881581], [-0.0727769, -0.937204, -0.341105], [-0.0672092, 0.345843, -0.935882]], [[0.995081, -0.0451851, -0.0881581], [-0.0131053, -0.94214, 0.334964], [-0.0981926, -0.332161, -0.938098]]], "btipPosition": [-24.1276, 180.011, 148.941], "carpPosition": [-24.4935, 205.45, 177.641], "dipPosition": [-22.6018, 174.85, 134.364], "direction": [-0.0672092, -0.345843, 0.935882], "extended": false, "handId": 15, "id": 153, "length": 53.5809, "mcpPosition": [-23.6385, 218.201, 123.846], "pipPosition": [-21.0535, 182.817, 112.804], "stabilizedTipPosition": [-22.4821, 175.412, 135.214], "timeVisible": 13.4058, "tipPosition": [-23.6035, 177.795, 144.636], "tipVelocity": [0.688916, -8.31159, 1.60652], "tool": false, "touchDistance": 1, "touchZone": "none", "type": 3, "width": 15.0433}, {"bases": [[[0.968437, -0.245074, 0.0454778], [0.21993, 0.926012, 0.306809], [-0.117304, -0.287123, 0.950684]], [[0.975515, -0.20894, -0.0686577], [0.0160826, 0.379113, -0.925211], [0.219342, 0.901453, 0.373191]], [[0.975515, -0.20894, -0.0686577], [-0.216329, -0.855319, -0.470777], [0.0396399, 0.474103, -0.879576]], [[0.975515, -0.20894, -0.0686577], [-0.191582, -0.960616, 0.201281], [-0.108009, -0.183199, -0.977124]]], "btipPosition": [-36.419, 183.67, 144.751], "carpPosition": [-35.9615, 200.567, 176.071], "dipPosition": [-34.8708, 181.044, 130.745], "direction": [0.0396399, -0.474103, 0.879576], "extended": false, "handId": 15, "id": 154, "length": 42.0064, "mcpPosition": [-41.9655, 215.263, 127.412], "pipPosition": [-35.5155, 188.755, 116.438], "stabilizedTipPosition": [-35.003, 180.062, 133.011], "timeVisible": 13.4058, "tipPosition": [-35.9252, 182.314, 140.982], "tipVelocity": [0.379548, -8.88998, 1.77833], "tool": false, "touchDistance": 1, "touchZone": "none", "type": 4, "width": 13.3626}], "r": [[0.989526, 0.144294, -0.00425764], [-0.142365, 0.970563, -0.194267], [-0.0238992, 0.192838, 0.98094]], "s": 1.012, "t": [-23.071, 22.7387, -16.4451], "timestamp": 196786550}, {"currentFrameRate": 41.5989, "devices": [], "gestures": [], "hands": [{"armBasis": [[0.872223, 0.449637, -0.192494], [0.0308855, 0.342143, 0.93914], [0.488133, -0.825085, 0.284537]], "armWidth": 54.0083, "confidence": 1, "direction": [0.15595, 0.350135, -0.923626], "elbow": [-147.14, -15.2758, 264.573], "grabAngle": 2.92581, "grabStrength": 0, "id": 15, "palmNormal": [-0.13126, -0.919428, -0.370706], "palmPosition": [-10.4789, 205.761, 139.21], "palmVelocity": [-1.01856, -5.43, -1.5536], "palmWidth": 80.3162, "pinchDistance": 37.1594, "pinchStrength": 0.0114671, "r": [[0.989595, 0.143827, -0.00397139], [-0.141843, 0.970569, -0.194621], [-0.0241373, 0.193159, 0.980871]], "s": 1.01197, "sphereCenter": [-16.4739, 177.645, 110.313], "sphereRadius": 42.8849, "stabilizedPalmPosition": [-9.73168, 203.536, 132.48], "t": [23.0503, 22.6069, -16.4638], "timeVisible": 13.4303, "type": "left", "wrist": [-30.805, 181.364, 196.76]}], "id": 4722, "interactionBox": {"center": [0, 200, 0], "size": [235.247, 235.247, 147.751]}, "pointables": [{"bases": [[[0.246115, 0.962732, 0.112136], [-0.785737, 0.13044, 0.604651], [0.56749, -0.236924, 0.788557]], [[0.183499, 0.982664, 0.026467], [-0.817436, 0.137579, 0.559348], [0.54601, -0.124275, 0.82851]], [[0.183499, 0.982664, 0.026467], [-0.877471, 0.151599, 0.455041], [0.44314, -0.106723, 0.890077]], [[0.183499, 0.982664, 0.026467], [-0.892591, 0.155278, 0.423285], [0.411837, -0.101297, 0.90561]]], "btipPosition": [43.5532, 189.928, 106.331], "carpPosition": [-1.08592, 179.454, 185.701], "dipPosition": [35.5375, 187.956, 123.957], "direction": [0.44314, 0.106723, -0.890077], "extended": true, "handId": 15, "id": 150, "length": 43.3417, "mcpPosition": [-1.08592, 179.454, 185.701], "pipPosition": [22.9723, 184.93, 149.195], "stabilizedTipPosition": [41.9035, 186.8, 104.659], "timeVisible": 13.4303, "tipPosition": [41.3642, 188.808, 110.118], "tipVelocity": [-1.27811, -5.3227, -1.80401], "tool": false, "touchDistance": 0.673079, "touchZone": "hovering", "type": 0, "width": 16.8516}, {"bases": [[[0.938922, 0.235293, -0.251121], [-0.176997, 0.955998, 0.233965], [0.2951