{"frames": 86, "data": [{"currentFrameRate": 57.6644, "devices": [], "gestures": [], "hands": [{"armBasis": [[0.887035, 0.0648919, -0.45712], [0.418754, 0.303926, 0.85573], [0.194461, -0.950483, 0.242419]], "armWidth": 62.9279, "confidence": 1, "direction": [-0.18205, 0.91581, -0.357981], "elbow": [-87.5184, -23.5971, 231.547], "grabAngle": 3.14159, "grabStrength": 1, "id": 36, "palmNormal": [0.41045, -0.260052, -0.874016], "palmPosition": [-37.8222, 293.424, 141.939], "palmVelocity": [3.95144, 2.74996, 3.51674], "palmWidth": 87.9831, "pinchDistance": 17.5, "pinchStrength": 1, "r": [[0.928975, -0.160338, 0.333612], [0.295723, 0.863557, -0.408434], [-0.222605, 0.478081, 0.849638]], "s": 0.810155, "sphereCenter": [-29.4711, 293.697, 97.2398], "sphereRadius": 38.9617, "stabilizedPalmPosition": [-35.2091, 269.004, 98.6385], "t": [6.61193, 12.4481, -135.709], "timeVisible": 3.91974, "type": "left", "wrist": [-36.7491, 224.552, 168.256]}], "id": 33798, "interactionBox": {"center": [0, 200, 0], "size": [235.247, 235.247, 147.751]}, "pointables": [{"bases": [[[0.762194, 0.288149, 0.579682], [-0.606593, 0.00519618, 0.794995], [0.226065, -0.957571, 0.17875]], [[0.658986, 0.562672, 0.499138], [-0.641951, 0.0749208, 0.763077], [0.391966, -0.823279, 0.410579]], [[0.658986, 0.562672, 0.499138], [-0.747699, 0.417921, 0.516031], [0.0817558, -0.713262, 0.696113]], [[0.658986, 0.562672, 0.499138], [-0.723298, 0.656114, 0.215304], [-0.206346, -0.502907, 0.839348]]], "btipPosition": [9.84885, 321.742, 101.232], "carpPosition": [-7.09727, 247.125, 162.974], "dipPosition": [14.5162, 310.367, 120.218], "direction": [0.0817558, 0.713262, -0.696113], "extended": false, "handId": 36, "id": 360, "length": 50.369, "mcpPosition": [-7.09727, 247.125, 162.974], "pipPosition": [11.8221, 286.863, 143.156], "stabilizedTipPosition": [8.14243, 306.562, 83.5766], "timeVisible": 3.91974, "tipPosition": [8.49884, 318.641, 104.665], "tipVelocity": [1.2186, 1.50911, 1.91957], "tool": false, "touchDistance": 0.593318, "touchZone": "hovering", "type": 0, "width": 20.1816}, {"bases": [[[0.911408, -0.147937, -0.383993], [0.410276, 0.398721, 0.82018], [0.031771, -0.905062, 0.424092]], [[0.908682, -0.25493, -0.330616], [0.335158, 0.917628, 0.213606], [0.248928, -0.304909, 0.919274]], [[0.908682, -0.25493, -0.330616], [-0.136456, 0.567063, -0.812292], [0.394558, 0.78323, 0.480494]], [[0.908682, -0.25493, -0.330616], [-0.334777, 0.0282143, -0.941875], [0.24944, 0.966548, -0.0597069]]], "btipPosition": [2.22215, 301.919, 94.6553], "carpPosition": [-23.7098, 259.131, 173.233], "dipPosition": [-1.8968, 317.88, 93.6693], "direction": [0.394558, -0.78323, -0.480494], "extended": false, "handId": 36, "id": 361, "length": 56.8358, "mcpPosition": [-21.4497, 323.515, 143.064], "pipPosition": [-11.1137, 336.176, 104.894], "stabilizedTipPosition": [-1.4416, 305.384, 70.8696], "timeVisible": 3.91974, "tipPosition": [1.16947, 306.844, 93.8674], "tipVelocity": [1.29955, -1.32372, -2.04789], "tool": false, "touchDistance": 0.407142, "touchZone": "hovering", "type": 1, "width": 19.2774}, {"bases": [[[0.823935, -0.334644, -0.457323], [0.559052, 0.348003, 0.752566], [-0.0926919, -0.875733, 0.473815]], [[0.821218, -0.357518, -0.444727], [0.293189, 0.933007, -0.208656], [0.489532, 0.0409635, 0.871023]], [[0.821218, -0.357518, -0.444727], [-0.427186, 0.131509, -0.894549], [0.378303, 0.924601, -0.0447295]], [[0.821218, -0.357518, -0.444727], [-0.570051, -0.479397, -0.667248], [0.0253524, 0.801473, -0.597493]]], "btipPosition": [-7.69322, 275.764, 109.359], "carpPosition": [-35.1019, 258.56, 169.819], "dipPosition": [-8.15367, 290.32, 98.5072], "direction": [0.378303, -0.924601, 0.0447295], "extended": false, "handId": 36, "id": 362, "length": 64.7599, "mcpPosition": [-41.3551, 317.639, 137.854], "pipPosition": [-18.5506, 315.731, 97.2779], "stabilizedTipPosition": [-9.005, 272.562, 96.5052], "timeVisible": 3.91974, "tipPosition": [-8.62898, 277.772, 109.247], "tipVelocity": [-0.954121, 0.649295, 1.01454], "tool": false, "touchDistance": 0.614384, "touchZone": "none", "type": 2, "width": 18.933}, {"bases": [[[0.756811, -0.485143, -0.438034], [0.61325, 0.295111, 0.73269], [-0.226191, -0.823132, 0.520857]], [[0.757802, -0.481504, -0.440329], [0.38542, 0.874864, -0.293369], [0.526486, 0.0526038, 0.848555]], [[0.757802, -0.481504, -0.440329], [-0.468704, 0.0677793, -0.880751], [0.453931, 0.873819, -0.17432]], [[0.757802, -0.481504, -0.440329], [-0.651778, -0.527212, -0.545191], [0.0303648, 0.700144, -0.713356]]], "btipPosition": [-23.666, 267.15, 114.05], "carpPosition": [-45.4017, 255.602, 164.692], "dipPosition": [-24.2143, 279.793, 101.169], "direction": [0.453931, -0.873819, 0.17432], "extended": false, "handId": 36, "id": 363, "length": 62.2683, "mcpPosition": [-59.102, 305.459, 133.144], "pipPosition": [-36.3675, 303.188, 96.5018], "stabilizedTipPosition": [-24.8844, 264.582, 103.069], "timeVisible": 3.91974, "tipPosition": [-24.6006, 269.022, 112.779], "tipVelocity": [-1.02522, 2.35052, 1.43087], "tool": false, "touchDistance": 0.684795, "touchZone": "none", "type": 3, "width": 18.0159}, {"bases": [[[0.613745, -0.619198, -0.489806], [0.701087, 0.142172, 0.698759], [-0.363033, -0.772257, 0.521369]], [[0.619073, -0.607652, -0.497501], [0.524409, 0.791419, -0.314089], [0.584588, -0.0664501, 0.808604]], [[0.619073, -0.607652, -0.497501], [-0.514074, 0.165352, -0.841657], [0.593698, 0.7768, -0.210013]], [[0.619073, -0.607652, -0.497501], [-0.780952, -0.409514, -0.471606], [0.0828391, 0.680483, -0.728066]]], "btipPosition": [-40.0655, 267.685, 114.643], "carpPosition": [-52.2908, 248.134, 155.41], "dipPosition": [-41.4455, 279.021, 102.514], "direction": [0.593698, -0.7768, 0.210013], "extended": false, "handId": 36, "id": 364, "length": 48.8172, "mcpPosition": [-72.6457, 291.434, 126.177], "pipPosition": [-52.6682, 293.705, 98.5442], "stabilizedTipPosition": [-41.4544, 264.446, 103.782], "timeVisible": 3.91974, "tipPosition": [-40.6996, 269.451, 112.738], "tipVelocity": [-1.38965, 3.6935, 2.74152], "tool": false, "touchDistance": 0.697554, "touchZone": "none", "type": 4, "width": 16.0032}], "r": [[0.928975, -0.160338, 0.333612], [0.295723, 0.863557, -0.408434], [-0.222605, 0.478081, 0.849638]], "s": 0.810155, "t": [-6.61193, 12.4481, -135.709], "timestamp": 230349470361}, {"currentFrameRate": 57.6597, "devices": [], "gestures": [], "hands": [{"armBasis": [[0.888341, 0.0665389, -0.454338], [0.415617, 0.304157, 0.857176], [0.195226, -0.950295, 0.242541]], "armWidth": 62.9279, "confidence": 1, "direction": [-0.182452, 0.916558, -0.355856], "elbow": [-87.6166, -23.5367, 231.569], "grabAngle": 3.14159, "grabStrength": 1, "id": 36, "palmNormal": [0.407072, -0.259036, -0.875895], "palmPosition": [-37.7411, 293.475, 142.033], "palmVelocity": [4.67093, 2.95064, 5.44988], "palmWidth": 87.9831, "pinchDistance": 17.533, "pinchStrength": 1, "r": [[0.928703, -0.160121, 0.334473], [0.295767, 0.86391, -0.407654], [-0.223681, 0.477516, 0.849674]], "s": 0.810389, "sphereCenter": [-29.5084, 293.827, 97.3271], "sphereRadius": 38.9385, "stabilizedPalmPosition": [-35.2179, 269.089, 98.7892], "t": [6.67435, 12.4556, -135.656], "timeVisible": 3.9371, "type": "left", "wrist": [-36.6476, 224.564, 168.247]}], "id": 33799, "interactionBox": {"center": [0, 200, 0], "size": [235.247, 235.247, 147.751]}, "pointables": [{"bases": [[[0.759839, 0.287942, 0.582867], [-0.609437, 0.00333946, 0.792827], [0.226342, -0.957642, 0.17802]], [[0.656995, 0.561865, 0.502658], [-0.644407, 0.0724908, 0.761239], [0.391275, -0.824047, 0.409696]], [[0.656995, 0.561865, 0.502658], [-0.74963, 0.416059, 0.514733], [0.0800751, -0.714985, 0.694539]], [[0.656995, 0.561865, 0.502658], [-0.724535, 0.654836, 0.215032], [-0.20834, -0.505468, 0.837315]]], "btipPosition": [9.82677, 321.882, 101.283], "carpPosition": [-6.98553, 247.113, 162.884], "dipPosition": [14.5392, 310.449, 120.222], "direction": [0.0800751, 0.714985, -0.694539], "extended": false, "handId": 36, "id": 360, "length": 50.369, "mcpPosition": [-6.98553, 247.113, 162.884], "pipPosition": [11.9005, 286.888, 143.109], "stabilizedTipPosition": [8.1546, 306.618, 83.6736], "timeVisible": 3.9371, "tipPosition": [8.48691, 318.712, 104.641], "tipVelocity": [-0.674629, 7.29647, 2.31025], "tool": false, "touchDistance": 0.593986, "touchZone": "hovering", "type": 0, "width": 20.1816}, {"bases": [[[0.912917, -0.146451, -0.380967], [0.406958, 0.397791, 0.822282], [0.0311213, -0.905712, 0.422749]], [[0.910056, -0.254054, -0.327497], [0.333208, 0.91836, 0.213514], [0.246516, -0.303434, 0.920412]], [[0.910056, -0.254054, -0.327497], [-0.13464, 0.566083, -0.813278], [0.392007, 0.784223, 0.480962]], [[0.910056, -0.254054, -0.327497], [-0.331668, 0.0275184, -0.942995], [0.248584, 0.966799, -0.0592181]]], "btipPosition": [2.16206, 301.864, 94.6734], "carpPosition": [-23.5498, 259.118, 173.222], "dipPosition": [-1.94274, 317.829, 93.6955], "direction": [0.392007, -0.784223, -0.480962], "extended": false, "handId": 36, "id": 361, "length": 56.8358, "mcpPosition": [-21.3358, 323.549, 143.148], "pipPosition": [-11.1, 336.148, 104.931], "stabilizedTipPosition": [-1.43624, 305.384, 70.9171], "timeVisible": 3.9371, "tipPosition": [1.09251, 306.922, 93.8506], "tipVelocity": [-3.27389, -3.10264, 1.14969], "tool": false, "touchDistance": 0.407474, "touchZone": "hovering", "type": 1, "width": 19.2774}, {"bases": [[[0.825886, -0.333123, -0.454909], [0.556023, 0.347324, 0.755119], [-0.0935467, -0.876582, 0.472074]], [[0.823059, -0.356668, -0.441998], [0.293658, 0.933373, -0.20635], [0.486147, 0.0400421, 0.872959]], [[0.823059, -0.356668, -0.441998], [-0.423786, 0.132449, -0.896026], [0.378126, 0.924795, -0.042138]], [[0.823059, -0.356668, -0.441998], [-0.567299, -0.478858, -0.669975], [0.0273045, 0.802174, -0.596466]]], "btipPosition": [-7.73062, 275.85, 109.325], "carpPosition": [-34.9545, 258.564, 169.847], "dipPosition": [-8.22652, 290.419, 98.492], "direction": [0.378126, -0.924795, 0.042138], "extended": false, "handId": 36, "id": 362, "length": 64.7599, "mcpPosition": [-41.2654, 317.7, 138], "pipPosition": [-18.6185, 315.835, 97.3339], "stabilizedTipPosition": [-9.00214, 272.578, 96.5307], "timeVisible": 3.9371, "tipPosition": [-8.67905, 277.849, 109.21], "tipVelocity": [-2.62406, 5.12149, -1.70778], "tool": false, "touchDistance": 0.613889, "touchZone": "none", "type": 2, "width": 18.933}, {"bases": [[[0.758837, -0.483717, -0.436102], [0.610343, 0.294516, 0.735352], [-0.227263, -0.824184, 0.518722]], [[0.759642, -0.480778, -0.437947], [0.386564, 0.875339, -0.290431], [0.522985, 0.0513294, 0.850795]], [[0.759642, -0.480778, -0.437947], [-0.464972, 0.069312, -0.882608], [0.454693, 0.874099, -0.170896]], [[0.759642, -0.480778, -0.437947], [-0.64948, -0.526165, -0.548933], [0.0334822, 0.70143, -0.711952]]], "btipPosition": [-23.6792, 267.26, 114.027], "carpPosition": [-45.2754, 255.624, 164.753], "dipPosition": [-24.2838, 279.926, 101.171], "direction": [0.454693, -0.874099, 0.170896], "extended": false, "handId": 36, "id": 363, "length": 62.2683, "mcpPosition": [-59.0407, 305.545, 133.334], "pipPosition": [-36.4574, 303.328, 96.5952], "stabilizedTipPosition": [-24.8809, 264.6, 103.095], "timeVisible": 3.9371, "tipPosition": [-24.6447, 269.111, 112.783], "tipVelocity": [-1.50533, 6.64053, -1.02559], "tool": false, "touchDistance": 0.684498, "touchZone": "none", "type": 3, "width": 18.0159}, {"bases": [[[0.616086, -0.617825, -0.488601], [0.698447, 0.141715, 0.70149], [-0.364156, -0.77344, 0.518827]], [[0.621095, -0.606999, -0.495776], [0.525847, 0.79181, -0.310679], [0.581142, -0.0677411, 0.810978]], [[0.621095, -0.606999, -0.495776], [-0.510345, 0.166849, -0.843628], [0.594801, 0.77699, -0.20615]], [[0.621095, -0.606999, -0.495776], [-0.778984, -0.40857, -0.475663], [0.0861676, 0.681633, -0.726603]]], "btipPosition": [-40.0839, 267.816, 114.68], "carpPosition": [-52.2049, 248.178, 155.483], "dipPosition": [-41.5194, 279.171, 102.576], "direction": [0.594801, -0.77699, 0.20615], "extended": false, "handId": 36, "id": 364, "length": 48.8172, "mcpPosition": [-72.6227, 291.544, 126.393], "pipPosition": [-52.7629, 293.859, 98.6792], "stabilizedTipPosition": [-41.4501, 264.471, 103.816], "timeVisible": 3.9371, "tipPosition": [-40.7449, 269.555, 112.802], "tipVelocity": [-1.7966, 7.80652, 2.4886], "tool": false, "touchDistance": 0.698274, "touchZone": "none", "type": 4, "width": 16.0032}], "r": [[0.928703, -0.160121, 0.334473], [0.295767, 0.86391, -0.407654], [-0.223681, 0.477516, 0.849674]], "s": 0.810389, "t": [-6.67435, 12.4556, -135.656], "timestamp": 230349487720}, {"currentFrameRate": 57.6498, "devices": [], "gestures": [], "hands": [{"armBasis": [[0.888955, 0.067873, -0.452937], [0.413826, 0.304693, 0.857852], [0.196231, -0.950029, 0.24277]], "armWidth": 62.9279, "confidence": 1, "direction": [-0.182578, 0.917398, -0.353619], "elbow": [-87.7567, -23.4758, 231.667], "grabAngle": 3.14159, "grabStrength": 1, "id": 36, "palmNormal": [0.404924, -0.257583, -0.877318], "palmPosition": [-37.6178, 293.513, 142.193], "palmVelocity": [7.0948, 2.22162, 9.21207], "palmWidth": 87.9831, "pinchDistance": 17.59, "pinchStrength": 1, "r": [[0.928357, -0.159947, 0.335514], [0.295858, 0.864397, -0.406553], [-0.224991, 0.476691, 0.849791]], "s": 0.810453, "sphereCenter": [-29.4867, 293.939, 97.4668], "sphereRadius": 38.9359, "stabilizedPalmPosition": [-35.2242, 269.154, 98.9032], "t": [6.76721, 12.4786, -135.549], "timeVisible": 3.95448, "type": "left", "wrist": [-36.5251, 224.555, 168.285]}], "id": 33800, "interactionBox": {"center": [0, 200, 0], "size": [235.247, 235.247, 147.751]}, "pointables": [{"bases": [[[0.758324, 0.287329, 0.585138], [-0.61121, 0.00131544, 0.791467], [0.226642, -0.957831, 0.176616]], [[0.655877, 0.560557, 0.505569], [-0.645895, 0.0700965, 0.760201], [0.390698, -0.825144, 0.408036]], [[0.655877, 0.560557, 0.505569], [-0.750693, 0.414013, 0.514834], [0.0792814, -0.717195, 0.692348]], [[0.655877, 0.560557, 0.505569], [-0.725387, 0.653371, 0.216612], [-0.208901, -0.508804, 0.835152]]], "btipPosition": [9.89607, 322.058, 101.483], "carpPosition": [-6.84954, 247.088, 162.883], "dipPosition": [14.6212, 310.549, 120.373], "direction": [0.0792814, 0.717195, -0.692348], "extended": false, "handId": 36, "id": 360, "length": 50.369, "mcpPosition": [-6.84954, 247.088, 162.883], "pipPosition": [12.0087, 286.916, 143.188], "stabilizedTipPosition": [8.16443, 306.662, 83.7506], "timeVisible": 3.95448, "tipPosition": [8.56427, 318.797, 104.757], "tipVelocity": [4.15532, 9.1296, 10.8618], "tool": false, "touchDistance": 0.597132, "touchZone": "hovering", "type": 0, "width": 20.1816}, {"bases": [[[0.913873, -0.145028, -0.379214], [0.404828, 0.396445, 0.823982], [0.0308372, -0.906531, 0.421011]], [[0.910876, -0.253794, -0.325411], [0.332046, 0.918962, 0.212732], [0.24505, -0.301824, 0.921332]], [[0.910876, -0.253794, -0.325411], [-0.1327, 0.566525, -0.81329], [0.390762, 0.783989, 0.482356]], [[0.910876, -0.253794, -0.325411], [-0.329106, 0.0290134, -0.943847], [0.248984, 0.966823, -0.0570977]]], "btipPosition": [2.22646, 301.827, 94.7509], "carpPosition": [-23.3818, 259.085, 173.281], "dipPosition": [-1.88496, 317.792, 93.8081], "direction": [0.390762, -0.783989, -0.482356], "extended": false, "handId": 36, "id": 361, "length": 56.8358, "mcpPosition": [-21.1881, 323.574, 143.331], "pipPosition": [-11.0132, 336.106, 105.076], "stabilizedTipPosition": [-1.43167, 305.384, 70.9569], "timeVisible": 3.95448, "tipPosition": [1.11939, 307.013, 93.9565], "tipVelocity": [3.61784, -2.14313, 4.92655], "tool": false, "touchDistance": 0.408901, "touchZone": "hovering", "type": 1, "width": 19.2774}, {"bases": [[[0.827144, -0.331615, -0.453723], [0.55408, 0.34622, 0.757052], [-0.093962, -0.877589, 0.470115]], [[0.824305, -0.355192, -0.440863], [0.293371, 0.933988, -0.203959], [0.484206, 0.038788, 0.874094]], [[0.824305, -0.355192, -0.440863], [-0.422057, 0.133485, -0.896688], [0.377345, 0.925214, -0.039879]], [[0.824305, -0.355192, -0.440863], [-0.565465, -0.478346, -0.671888], [0.0277644, 0.803133, -0.595152]]], "btipPosition": [-7.70217, 275.929, 109.402], "carpPosition": [-34.7945, 258.545, 169.931], "dipPosition": [-8.20642, 290.515, 98.5933], "direction": [0.377345, -0.925214, 0.039879], "extended": false, "handId": 36, "id": 362, "length": 64.7599, "mcpPosition": [-41.1334, 317.75, 138.216], "pipPosition": [-18.577, 315.943, 97.4973], "stabilizedTipPosition": [-8.99955, 272.593, 96.5534], "timeVisible": 3.95448, "tipPosition": [-8.63952, 277.934, 109.271], "tipVelocity": [1.5263, 4.7556, 4.77417], "tool": false, "touchDistance": 0.615272, "touchZone": "none", "type": 2, "width": 18.933}, {"bases": [[[0.760163, -0.482295, -0.435367], [0.608482, 0.293491, 0.737301], [-0.227821, -0.825382, 0.516568]], [[0.76102, -0.479166, -0.43732], [0.386695, 0.876328, -0.287257], [0.520879, 0.0494986, 0.852194]], [[0.76102, -0.479166, -0.43732], [-0.462853, 0.0712893, -0.883564], [0.45455, 0.874825, -0.167531]], [[0.76102, -0.479166, -0.43732], [-0.647788, -0.525011, -0.552027], [0.0349148, 0.703394, -0.709942]]], "btipPosition": [-23.6354, 267.355, 114.072], "carpPosition": [-45.1289, 255.623, 164.854], "dipPosition": [-24.2659, 280.057, 101.252], "direction": [0.45455, -0.874825, 0.167531], "extended": false, "handId": 36, "id": 363, "length": 62.2683, "mcpPosition": [-58.928, 305.616, 133.566], "pipPosition": [-36.4356, 303.479, 96.7667], "stabilizedTipPosition": [-24.877, 264.62, 103.124], "timeVisible": 3.95448, "tipPosition": [-24.6029, 269.201, 112.861], "tipVelocity": [2.17811, 5.96676, 3.07167], "tool": false, "touchDistance": 0.685388, "touchZone": "none", "type": 3, "width": 18.0159}, {"bases": [[[0.617628, -0.616401, -0.488452], [0.696774, 0.140822, 0.703332], [-0.36475, -0.774738, 0.516468]], [[0.62255, -0.605766, -0.495458], [0.526609, 0.792596, -0.307367], [0.578891, -0.0695612, 0.812433]], [[0.62255, -0.605766, -0.495458], [-0.50796, 0.168827, -0.844674], [0.595321, 0.777525, -0.202602]], [[0.62255, -0.605766, -0.495458], [-0.777593, -0.407462, -0.478878], [0.0882073, 0.68339, -0.724705]]], "btipPosition": [-40.03, 267.934, 114.766], "carpPosition": [-52.0845, 248.2, 155.585], "dipPosition": [-41.4995, 279.318, 102.694], "direction": [0.595321, -0.777525, 0.202602], "extended": false, "handId": 36, "id": 364, "length": 48.8172, "mcpPosition": [-72.5357, 291.639, 126.628], "pipPosition": [-52.7528, 294.016, 98.8638], "stabilizedTipPosition": [-41.4459, 264.494, 103.847], "timeVisible": 3.95448, "tipPosition": [-40.7036, 269.656, 112.919], "tipVelocity": [2.65242, 7.17416, 5.36498], "tool": false, "touchDistance": 0.699827, "touchZone": "none", "type": 4, "width": 16.0032}], "r": [[0.928357, -0.159947, 0.335514], [0.295858, 0.864397, -0.406553], [-0.224991, 0.476691, 0.849791]], "s": 0.810453, "t": [-6.76721, 12.4786, -135.549], "timestamp": 230349505099}, {"currentFrameRate": 57.6418, "devices": [], "gestures": [], "hands": [{"armBasis": [[0.890599, 0.0701245, -0.44935], [0.40974, 0.305021, 0.859695], [0.197347, -0.94976, 0.242919]], "armWidth": 62.9279, "confidence": 1, "direction": [-0.182194, 0.917918, -0.352466], "elbow": [-87.9389, -23.407, 231.813], "grabAngle": 3.14159, "grabStrength": 1, "id": 36, "palmNormal": [0.400869, -0.257979, -0.879062], "palmPosition": [-37.4756, 293.527, 142.338], "palmVelocity": [8.18288, 0.759943, 8.33043], "palmWidth": 87.9831, "pinchDistance": 17.6473, "pinchStrength": 1, "r": [[0.927871, -0.159472, 0.337081], [0.295916, 0.86494, -0.405354], [-0.226912, 0.475864, 0.849743]], "s": 0.810125, "sphereCenter": [-29.5079, 293.962, 97.6188], "sphereRadius": 38.9056, "stabilizedPalmPosition": [-35.2293, 269.209, 99.0016], "t": [6.88473, 12.4968, -135.423], "timeVisible": 3.97186, "type": "left", "wrist": [-36.4161, 224.554, 168.392]}], "id": 33801, "interactionBox": {"center": [0, 200, 0], "size": [235.247, 235.247, 147.751]}, "pointables": [{"bases": [[[0.755387, 0.288555, 0.588325], [-0.614402, -0.000252072, 0.788993], [0.227816, -0.957463, 0.177099]], [[0.652926, 0.561239, 0.508624], [-0.648709, 0.0677317, 0.758017], [0.390979, -0.824877, 0.408305]], [[0.652926, 0.561239, 0.508624], [-0.753321, 0.411405, 0.513082], [0.0787116, -0.718162, 0.69141]], [[0.652926, 0.561239, 0.508624], [-0.7278, 0.65085, 0.216107], [-0.20975, -0.511278, 0.833426]]], "btipPosition": [10.0054, 322.076, 101.54], "carpPosition": [-6.71573, 247.031, 162.882], "dipPosition": [14.7498, 310.512, 120.391], "direction": [0.0787116, 0.718162, -0.69141], "extended": false, "handId": 36, "id": 360, "length": 50.369, "mcpPosition": [-6.71573, 247.031, 162.882], "pipPosition": [12.156, 286.846, 143.174], "stabilizedTipPosition": [8.1757, 306.711, 83.8356], "timeVisible": 3.97186, "tipPosition": [8.62638, 318.742, 104.737], "tipVelocity": [6.54953, 0.303163, 2.72722], "tool": false, "touchDistance": 0.597922, "touchZone": "hovering", "type": 0, "width": 20.1816}, {"bases": [[[0.915681, -0.143053, -0.375586], [0.400715, 0.396864, 0.825788], [0.0309256, -0.906661, 0.420724]], [[0.912483, -0.254003, -0.320713], [0.32936, 0.921106, 0.207572], [0.242687, -0.295036, 0.924152]], [[0.912483, -0.254003, -0.320713], [-0.131278, 0.560678, -0.817561], [0.38748, 0.788113, 0.478264]], [[0.912483, -0.254003, -0.320713], [-0.325485, 0.0242158, -0.945237], [0.24786, 0.9669, -0.0605777]]], "btipPosition": [2.239, 301.428, 94.8788], "carpPosition": [-23.1822, 259.056, 173.353], "dipPosition": [-1.85385, 317.394, 93.8785], "direction": [0.38748, -0.788113, -0.478264], "extended": false, "handId": 36, "id": 361, "length": 56.8358, "mcpPosition": [-20.9822, 323.554, 143.423], "pipPosition": [-10.9054, 335.804, 105.051], "stabilizedTipPosition": [-1.42392, 305.383, 71.0241], "timeVisible": 3.97186, "tipPosition": [1.09814, 306.926, 93.9686], "tipVelocity": [0.967596, -22.9623, 6.59896], "tool": false, "touchDistance": 0.410812, "touchZone": "hovering", "type": 1, "width": 19.2774}, {"bases": [[[0.829621, -0.329776, -0.450529], [0.550335, 0.346964, 0.759439], [-0.0941277, -0.877988, 0.469336]], [[0.826698, -0.353951, -0.437366], [0.292421, 0.934395, -0.203459], [0.480687, 0.0403048, 0.875965]], [[0.826698, -0.353951, -0.437366], [-0.419105, 0.131251, -0.898401], [0.375394, 0.926009, -0.039838]], [[0.826698, -0.353951, -0.437366], [-0.561941, -0.480509, -0.673301], [0.0281571, 0.80239, -0.596135]]], "btipPosition": [-7.73859, 275.871, 109.502], "carpPosition": [-34.6093, 258.54, 170.049], "dipPosition": [-8.24998, 290.444, 98.6749], "direction": [0.375394, -0.926009, 0.039838], "extended": false, "handId": 36, "id": 362, "length": 64.7599, "mcpPosition": [-40.9594, 317.771, 138.386], "pipPosition": [-18.5669, 315.894, 97.58], "stabilizedTipPosition": [-8.99766, 272.604, 96.5707], "timeVisible": 3.97186, "tipPosition": [-8.65683, 277.912, 109.279], "tipVelocity": [-2.19054, -3.46527, 5.48713], "tool": false, "touchDistance": 0.616861, "touchZone": "none", "type": 2, "width": 18.933}, {"bases": [[[0.762864, -0.480596, -0.432511], [0.60492, 0.294351, 0.739884], [-0.228276, -0.826066, 0.515272]], [[0.76363, -0.477807, -0.434246], [0.386125, 0.877, -0.285968], [0.517471, 0.0507, 0.854197]], [[0.76363, -0.477807, -0.434246], [-0.459835, 0.0696534, -0.885269], [0.453235, 0.875699, -0.166523]], [[0.76363, -0.477807, -0.434246], [-0.644656, -0.526858, -0.55393], [0.0358858, 0.702937, -0.710346]]], "btipPosition": [-23.6688, 267.347, 114.202], "carpPosition": [-44.9699, 255.641, 165.012], "dipPosition": [-24.3168, 280.041, 101.375], "direction": [0.453235, -0.875699, 0.166523], "extended": false, "handId": 36, "id": 363, "length": 62.2683, "mcpPosition": [-58.7966, 305.675, 133.802], "pipPosition": [-36.4513, 303.486, 96.9165], "stabilizedTipPosition": [-24.875, 264.631, 103.14], "timeVisible": 3.97186, "tipPosition": [-24.6245, 269.205, 112.937], "tipVelocity": [-2.15334, -0.563534, 7.3938], "tool": false, "touchDistance": 0.687529, "touchZone": "none", "type": 3, "width": 18.0159}, {"bases": [[[0.620809, -0.614959, -0.486232], [0.693649, 0.141873, 0.706203], [-0.365303, -0.775692, 0.514642]], [[0.625726, -0.60434, -0.493194], [0.526134, 0.793772, -0.305139], [0.575891, -0.0685528, 0.814647]], [[0.625726, -0.60434, -0.493194], [-0.505351, 0.167573, -0.846487], [0.594212, 0.778904, -0.200549]], [[0.625726, -0.60434, -0.493194], [-0.77494, -0.409407, -0.481512], [0.0890799, 0.68349, -0.724504]]], "btipPosition": [-40.063, 267.961, 114.934], "carpPosition": [-51.9775, 248.236, 155.768], "dipPosition": [-41.547, 279.347, 102.864], "direction": [0.594212, -0.778904, 0.200549], "extended": false, "handId": 36, "id": 364, "length": 48.8172, "mcpPosition": [-72.4597, 291.728, 126.913], "pipPosition": [-52.7794, 294.071, 99.0732], "stabilizedTipPosition": [-41.4437, 264.507, 103.864], "timeVisible": 3.97186, "tipPosition": [-40.7261, 269.69, 113.064], "tipVelocity": [-2.08948, 1.57405, 9.66708], "tool": false, "touchDistance": 0.702627, "touchZone": "none", "type": 4, "width": 16.0032}], "r": [[0.927871, -0.159472, 0.337081], [0.295916, 0.86494, -0.405354], [-0.226912, 0.475864, 0.849743]], "s": 0.810125, "t": [-6.88473, 12.4968, -135.423], "timestamp": 230349522474}, {"currentFrameRate": 57.6803, "devices": [], "gestures": [], "hands": [{"armBasis": [[0.891593, 0.0715872, -0.447143], [0.407209, 0.305213, 0.860829], [0.198098, -0.94959, 0.242974]], "armWidth": 62.9279, "confidence": 1, "direction": [-0.181566, 0.917899, -0.352838], "elbow": [-88.0186, -23.2643, 232.074], "grabAngle": 3.14159, "grabStrength": 1, "id": 36, "palmNormal": [0.398571, -0.259319, -0.879713], "palmPosition": [-37.313, 293.609, 142.542], "palmVelocity": [9.45179, 4.75703, 11.8555], "palmWidth": 87.9831, "pinchDistance": 17.7106, "pinchStrength": 1, "r": [[0.927381, -0.158757, 0.338764], [0.295873, 0.865396, -0.404411], [-0.228962, 0.475275, 0.849524]], "s": 0.809078, "sphereCenter": [-29.3946, 294.012, 97.8765], "sphereRadius": 38.8476, "stabilizedPalmPosition": [-35.2333, 269.256, 99.0853], "t": [7.02482, 12.5468, -135.258], "timeVisible": 3.98907, "type": "left", "wrist": [-36.2997, 224.652, 168.639]}], "id": 33802, "interactionBox": {"center": [0, 200, 0], "size": [235.247, 235.247, 147.751]}, "pointables": [{"bases": [[[0.753672, 0.290191, 0.589719], [-0.61611, -0.000526908, 0.78766], [0.228882, -0.956969, 0.178392]], [[0.651211, 0.562205, 0.509755], [-0.649671, 0.0658186, 0.757361], [0.392241, -0.824375, 0.40811]], [[0.651211, 0.562205, 0.509755], [-0.754753, 0.409696, 0.512345], [0.0791981, -0.718384, 0.691124]], [[0.651211, 0.562205, 0.509755], [-0.72934, 0.649274, 0.215651], [-0.209731, -0.51222, 0.832853]]], "btipPosition": [10.2195, 322.133, 101.748], "carpPosition": [-6.57909, 247.084, 163.059], "dipPosition": [14.9633, 310.547, 120.586], "direction": [0.0791981, 0.718384, -0.691124], "extended": false, "handId": 36, "id": 360, "length": 50.369, "mcpPosition": [-6.57909, 247.084, 163.059], "pipPosition": [12.3536, 286.875, 143.36], "stabilizedTipPosition": [8.18617, 306.754, 83.9099], "timeVisible": 3.98907, "tipPosition": [8.77498, 318.731, 104.834], "tipVelocity": [12.43, 3.01282, 11.915], "tool": false, "touchDistance": 0.601339, "touchZone": "hovering", "type": 0, "width": 20.1816}, {"bases": [[[0.916708, -0.141976, -0.373482], [0.398322, 0.398159, 0.826322], [0.031387, -0.906263, 0.421548]], [[0.913256, -0.256089, -0.316833], [0.327333, 0.924259, 0.196465], [0.242523, -0.283133, 0.927911]], [[0.913256, -0.256089, -0.316833], [-0.132269, 0.549195, -0.825161], [0.385317, 0.79549, 0.467682]], [[0.913256, -0.256089, -0.316833], [-0.324095, 0.0145067, -0.945913], [0.246834, 0.966544, -0.0697486]]], "btipPosition": [2.37517, 300.825, 95.2645], "carpPosition": [-23.0046, 259.142, 173.555], "dipPosition": [-1.70074, 316.785, 94.1128], "direction": [0.385317, -0.79549, -0.467682], "extended": false, "handId": 36, "id": 361, "length": 56.8358, "mcpPosition": [-20.7718, 323.612, 143.567], "pipPosition": [-10.7018, 335.368, 105.038], "stabilizedTipPosition": [-1.41182, 305.379, 71.1255], "timeVisible": 3.98907, "tipPosition": [1.18686, 306.809, 94.1159], "tipVelocity": [8.13899, -35.1162, 20.39], "tool": false, "touchDistance": 0.41666, "touchZone": "hovering", "type": 1, "width": 19.2774}, {"bases": [[[0.831095, -0.328893, -0.448454], [0.548161, 0.348431, 0.760339], [-0.0938147, -0.877739, 0.469865]], [[0.828112, -0.353565, -0.434997], [0.291518, 0.93444, -0.204544], [0.478798, 0.0425759, 0.876892]], [[0.828112, -0.353565, -0.434997], [-0.417679, 0.128368, -0.899481], [0.373865, 0.92656, -0.0413733]], [[0.828112, -0.353565, -0.434997], [-0.559873, -0.483173, -0.673117], [0.0278118, 0.800959, -0.598073]]], "btipPosition": [-7.68403, 275.86, 109.727], "carpPosition": [-34.4396, 258.641, 170.276], "dipPosition": [-8.18915, 290.407, 98.8652], "direction": [0.373865, -0.92656, 0.0413733], "extended": false, "handId": 36, "id": 362, "length": 64.7599, "mcpPosition": [-40.7686, 317.855, 138.578], "pipPosition": [-18.4641, 315.872, 97.7282], "stabilizedTipPosition": [-8.99655, 272.61, 96.5806], "timeVisible": 3.98907, "tipPosition": [-8.58591, 277.929, 109.423], "tipVelocity": [3.25393, -0.994009, 12.6354], "tool": false, "touchDistance": 0.620485, "touchZone": "none", "type": 2, "width": 18.933}, {"bases": [[[0.764527, -0.479798, -0.430455], [0.602868, 0.295885, 0.740947], [-0.22814, -0.825982, 0.515467]], [[0.765241, -0.4772, -0.432073], [0.38522, 0.877204, -0.286563], [0.515764, 0.0528465, 0.855099]], [[0.765241, -0.4772, -0.432073], [-0.458583, 0.0669428, -0.886127], [0.451784, 0.876241, -0.167608]], [[0.765241, -0.4772, -0.432073], [-0.64276, -0.529304, -0.553802], [0.0355766, 0.701511, -0.71177]]], "btipPosition": [-23.6243, 267.373, 114.458], "carpPosition": [-44.8155, 255.753, 165.264], "dipPosition": [-24.2667, 280.041, 101.605], "direction": [0.451784, -0.876241, 0.167608], "extended": false, "handId": 36, "id": 363, "length": 62.2683, "mcpPosition": [-58.6339, 305.782, 134.042], "pipPosition": [-36.3624, 303.5, 97.1176], "stabilizedTipPosition": [-24.8738, 264.637, 103.148], "timeVisible": 3.98907, "tipPosition": [-24.5593, 269.247, 113.127], "tipVelocity": [2.65841, 1.14441, 14.526], "tool": false, "touchDistance": 0.691695, "touchZone": "none", "type": 3, "width": 18.0159}, {"bases": [[[0.622793, -0.614421, -0.484371], [0.691901, 0.143513, 0.707586], [-0.365242, -0.775816, 0.514497]], [[0.627993, -0.603174, -0.491737], [0.524812, 0.794814, -0.304702], [0.574628, -0.0667184, 0.815691]], [[0.627993, -0.603174, -0.491737], [-0.504705, 0.165302, -0.847318], [0.592366, 0.780292, -0.200616]], [[0.627993, -0.603174, -0.491737], [-0.77323, -0.412184, -0.481892], [0.0879785, 0.682851, -0.725241]]], "btipPosition": [-40.0328, 268.005, 115.193], "carpPosition": [-51.8543, 248.351, 156.041], "dipPosition": [-41.4984, 279.38, 103.111], "direction": [0.592366, -0.780292, 0.200616], "extended": false, "handId": 36, "id": 364, "length": 48.8172, "mcpPosition": [-72.3331, 291.85, 127.194], "pipPosition": [-52.6959, 294.13, 99.3189], "stabilizedTipPosition": [-41.4425, 264.514, 103.874], "timeVisible": 3.98907, "tipPosition": [-40.6622, 269.755, 113.292], "tipVelocity": [1.99998, 2.40383, 14.901], "tool": false, "touchDistance": 0.706901, "touchZone": "none", "type": 4, "width": 16.0032}], "r": [[0.927381, -0.158757, 0.338764], [0.295873, 0.865396, -0.404411], [-0.228962, 0.475275, 0.849524]], "s": 0.809078, "t": [-7.02482, 12.5468, -135.258], "timestamp": 230349539683}, {"currentFrameRate": 57.6668, "devices": [], "gestures": [], "hands": [{"armBasis": [[0.892276, 0.072897, -0.445567], [0.405315, 0.305444, 0.86164], [0.198907, -0.949416, 0.242994]], "armWidth": 62.9279, "confidence": 1, "direction": [-0.181678, 0.918819, -0.350378], "elbow": [-88.0507, -23.0904, 232.211], "grabAngle": 3.14159, "grabStrength": 1, "id": 36, "palmNormal": [0.396342, -0.257666, -0.881204], "palmPosition": [-37.1346, 293.79, 142.812], "palmVelocity": [10.2577, 10.4299, 15.511], "palmWidth": 87.9831, "pinchDistance": 17.8231, "pinchStrength": 1, "r": [[0.926853, -0.158195, 0.340466], [0.295892, 0.865985, -0.403136], [-0.231065, 0.474389, 0.849449]], "s": 0.807798, "sphereCenter": [-29.2641, 294.306, 98.1886], "sphereRadius": 38.8045, "stabilizedPalmPosition": [-35.2368, 269.3, 99.1645], "t": [7.18403, 12.6624, -135.041], "timeVisible": 4.00645, "type": "left", "wrist": [-36.1208, 224.781, 168.771]}], "id": 33803, "interactionBox": {"center": [0, 200, 0], "size": [235.247, 235.247, 147.751]}, "pointables": [{"bases": [[[0.752087, 0.289452, 0.592101], [-0.617926, -0.00274521, 0.786232], [0.229202, -0.957189, 0.176795]], [[0.649824, 0.56115, 0.512678], [-0.65057, 0.0618331, 0.756925], [0.393048, -0.825401, 0.405248]], [[0.649824, 0.56115, 0.512678], [-0.755947, 0.406853, 0.51285], [0.079201, -0.720819, 0.688583]], [[0.649824, 0.56115, 0.512678], [-0.730503, 0.647419, 0.217288], [-0.209986, -0.515711, 0.830631]]], "btipPosition": [10.4428, 322.454, 102.115], "carpPosition": [-6.38908, 247.196, 163.154], "dipPosition": [15.1924, 310.789, 120.903], "direction": [0.079201, 0.720819, -0.688583], "extended": false, "handId": 36, "id": 360, "length": 50.369, "mcpPosition": [-6.38908, 247.196, 163.154], "pipPosition": [12.5826, 287.037, 143.593], "stabilizedTipPosition": [8.19728, 306.797, 83.9846], "timeVisible": 4.00645, "tipPosition": [8.91955, 318.971, 105.072], "tipVelocity": [12.9208, 17.4346, 20.4665], "tool": false, "touchDistance": 0.60727, "touchZone": "hovering", "type": 0, "width": 20.1816}, {"bases": [[[0.917676, -0.140449, -0.371678], [0.39611, 0.396625, 0.828122], [0.0311074, -0.907173, 0.419606]], [[0.913951, -0.257004, -0.314073], [0.325545, 0.926388, 0.189278], [0.242309, -0.275235, 0.93034]], [[0.913951, -0.257004, -0.314073], [-0.131888, 0.543805, -0.828784], [0.383795, 0.79889, 0.463115]], [[0.913951, -0.257004, -0.314073], [-0.32292, 0.00818127, -0.946391], [0.245795, 0.966376, -0.0755144]]], "btipPosition": [2.51717, 300.587, 95.6637], "carpPosition": [-22.7811, 259.243, 173.715], "dipPosition": [-1.54159, 316.544, 94.4167], "direction": [0.383795, -0.79889, -0.463115], "extended": false, "handId": 36, "id": 361, "length": 56.8358, "mcpPosition": [-20.5682, 323.778, 143.865], "pipPosition": [-10.507, 335.206, 105.235], "stabilizedTipPosition": [-1.40212, 305.376, 71.204], "timeVisible": 4.00645, "tipPosition": [1.27444, 306.972, 94.3623], "tipVelocity": [8.39467, -13.7358, 21.6973], "tool": false, "touchDistance": 0.422948, "touchZone": "hovering", "type": 1, "width": 19.2774}, {"bases": [[[0.832379, -0.327264, -0.447263], [0.546138, 0.347157, 0.762375], [-0.0942273, -0.878852, 0.467697]], [[0.829365, -0.352109, -0.43379], [0.291248, 0.935047, -0.202143], [0.47679, 0.0413098, 0.878046]], [[0.829365, -0.352109, -0.43379], [-0.416078, 0.128918, -0.900144], [0.372872, 0.927038, -0.0395846]], [[0.829365, -0.352109, -0.43379], [-0.558005, -0.483107, -0.674713], [0.0280056, 0.80164, -0.597151]]], "btipPosition": [-7.61361, 276.086, 109.939], "carpPosition": [-34.224, 258.759, 170.461], "dipPosition": [-8.12224, 290.646, 99.0938], "direction": [0.372872, -0.927038, 0.0395846], "extended": false, "handId": 36, "id": 362, "length": 64.7599, "mcpPosition": [-40.5808, 318.048, 138.909], "pipPosition": [-18.3699, 316.124, 98.0059], "stabilizedTipPosition": [-8.99518, 272.617, 96.5923], "timeVisible": 4.00645, "tipPosition": [-8.49356, 278.166, 109.585], "tipVelocity": [4.00418, 13.1724, 12.4059], "tool": false, "touchDistance": 0.62408, "touchZone": "none", "type": 2, "width": 18.933}, {"bases": [[[0.765886, -0.47826, -0.429752], [0.60093, 0.294696, 0.742992], [-0.228697, -0.827298, 0.513104]], [[0.766641, -0.475508, -0.431455], [0.384968, 0.878203, -0.28383], [0.513868, 0.0514995, 0.856322]], [[0.766641, -0.475508, -0.431455], [-0.45716, 0.0675953, -0.886812], [0.450851, 0.877111, -0.165562]], [[0.766641, -0.475508, -0.431455], [-0.641075, -0.529367, -0.555692], [0.0358379, 0.702611, -0.710671]]], "btipPosition": [-23.5583, 267.604, 114.676], "carpPosition": [-44.6137, 255.889, 165.467], "dipPosition": [-24.2055, 280.292, 101.843], "direction": [0.450851, -0.877111, 0.165562], "extended": false, "handId": 36, "id": 363, "length": 62.2683, "mcpPosition": [-58.4658, 305.999, 134.388], "pipPosition": [-36.2762, 303.775, 97.4108], "stabilizedTipPosition": [-24.8724, 264.644, 103.158], "timeVisible": 4.00645, "tipPosition": [-24.4653, 269.488, 113.309], "tipVelocity": [3.73284, 13.5731, 12.8332], "tool": false, "touchDistance": 0.695414, "touchZone": "none", "type": 3, "width": 18.0159}, {"bases": [[[0.624379, -0.61287, -0.484294], [0.690156, 0.142466, 0.709498], [-0.365835, -0.777235, 0.511929]], [[0.630178, -0.600299, -0.49246], [0.523927, 0.796846, -0.300894], [0.573041, -0.0683959, 0.816668]], [[0.630178, -0.600299, -0.49246], [-0.503998, 0.166218, -0.84756], [0.590645, 0.782312, -0.197803]], [[0.630178, -0.600299, -0.49246], [-0.771545, -0.412947, -0.483935], [0.0871462, 0.68492, -0.723388]]], "btipPosition": [-39.9917, 268.231, 115.422], "carpPosition": [-51.6794, 248.513, 156.244], "dipPosition": [-41.4435, 279.641, 103.371], "direction": [0.590645, -0.782312, 0.197803], "extended": false, "handId": 36, "id": 364, "length": 48.8172, "mcpPosition": [-72.1914, 292.092, 127.541], "pipPosition": [-52.6085, 294.429, 99.6322], "stabilizedTipPosition": [-41.4412, 264.521, 103.885], "timeVisible": 4.00645, "tipPosition": [-40.5687, 270.007, 113.514], "tipVelocity": [2.54469, 13.4962, 13.596], "tool": false, "touchDistance": 0.71084, "touchZone": "none", "type": 4, "width": 16.0032}], "r": [[0.926853, -0.158195, 0.340466], [0.295892, 0.865985, -0.403136], [-0.231065, 0.474389, 0.849449]], "s": 0.807798, "t": [-7.18403, 12.6624, -135.041], "timestamp": 230349557069}, {"currentFrameRate": 57.6593, "devices": [], "gestures": [], "hands": [{"armBasis": [[0.893016, 0.0747018, -0.443782], [0.403196, 0.3052, 0.86272], [0.199889, -0.949354, 0.242429]], "armWidth": 62.9279, "confidence": 1, "direction": [-0.179668, 0.919917, -0.348529], "elbow": [-88.1849, -23.1029, 232.171], "grabAngle": 3.14159, "grabStrength": 1, "id": 36, "palmNormal": [0.394305, -0.257244, -0.882241], "palmPosition": [-36.8743, 293.806, 143.031], "palmVelocity": [14.9872, 0.933616, 12.6356], "palmWidth": 87.9831, "pinchDistance": 17.8806, "pinchStrength": 1, "r": [[0.926412, -0.157352, 0.342053], [0.295547, 0.866756, -0.401729], [-0.233264, 0.473259, 0.849478]], "s": 0.807167, "sphereCenter": [-29.0705, 294.366, 98.3885], "sphereRadius": 38.8111, "stabilizedPalmPosition": [-35.24, 269.348, 99.2496], "t": [7.39379, 12.7284, -134.823], "timeVisible": 4.02382, "type": "left", "wrist": [-35.9983, 224.752, 168.878]}], "id": 33804, "interactionBox": {"center": [0, 200, 0], "size": [235.247, 235.247, 147.751]}, "pointables": [{"bases": [[[0.750395, 0.290507, 0.593728], [-0.619096, -0.00579955, 0.785294], [0.231577, -0.956855, 0.1755]], [[0.647882, 0.561352, 0.514911], [-0.651699, 0.0584996, 0.756218], [0.394382, -0.825507, 0.403733]], [[0.647882, 0.561352, 0.514911], [-0.757518, 0.403718, 0.513009], [0.0800996, -0.722424, 0.686795]], [[0.647882, 0.561352, 0.514911], [-0.7323, 0.645104, 0.218122], [-0.209728, -0.518387, 0.829029]]], "btipPosition": [10.7047, 322.469, 102.376], "carpPosition": [-6.22697, 247.093, 163.247], "dipPosition": [15.4485, 310.744, 121.128], "direction": [0.0800996, 0.722424, -0.686795], "extended": false, "handId": 36, "id": 360, "length": 50.369, "mcpPosition": [-6.22697, 247.093, 163.247], "pipPosition": [12.8091, 286.938, 143.76], "stabilizedTipPosition": [8.20802, 306.836, 84.0524], "timeVisible": 4.02382, "tipPosition": [9.20729, 318.93, 105.273], "tipVelocity": [15.005, 0.0769961, 14.5756], "tool": false, "touchDistance": 0.611489, "touchZone": "hovering", "type": 0, "width": 20.1816}, {"bases": [[[0.918618, -0.13728, -0.370535], [0.393769, 0.396292, 0.829396], [0.0329805, -0.907803, 0.418098]], [[0.915071, -0.254527, -0.312829], [0.322668, 0.92739, 0.189299], [0.24193