{"frames": 55, "data": [{"currentFrameRate": 107.536, "devices": [], "gestures": [], "hands": [{"armBasis": [[0.263683, 0.903442, -0.338028], [-0.756015, 0.411201, 0.509269], [0.599093, 0.121269, 0.791443]], "armWidth": 66.9139, "confidence": 1, "direction": [0.405631, -0.414628, -0.814584], "elbow": [-180.389, 238.541, 280.795], "grabAngle": 3.14159, "grabStrength": 1, "id": 134, "palmNormal": [-0.904902, -0.307849, -0.293908], "palmPosition": [9.33155, 170.402, 10.9354], "palmVelocity": [4.26001, 3.65521, 2.94023], "palmWidth": 90.0241, "pinchDistance": 37.6316, "pinchStrength": 0.302597, "r": [[0.451193, 0.839951, -0.301507], [-0.88553, 0.463301, -0.0344783], [0.110729, 0.28255, 0.95284]], "s": 0.847662, "sphereCenter": [-17.1846, 149.457, -11.9643], "sphereRadius": 38.394, "stabilizedPalmPosition": [9.33067, 170.216, 11.0661], "t": [26.3962, -38.6733, -22.1677], "timeVisible": 9.42644, "type": "left", "wrist": [-20.3507, 206.146, 69.3741]}], "id": 91223, "interactionBox": {"center": [0, 200, 0], "size": [235.247, 235.247, 147.751]}, "pointables": [{"bases": [[[-0.836648, 0.539029, -0.0972997], [-0.350125, -0.389685, 0.851797], [0.421227, 0.746722, 0.514757]], [[-0.922759, 0.299811, -0.242134], [-0.3366, -0.321066, 0.885221], [0.187658, 0.898348, 0.397183]], [[-0.922759, 0.299811, -0.242134], [-0.37658, -0.56801, 0.731814], [0.0818711, 0.766471, 0.637039]], [[-0.922759, 0.299811, -0.242134], [-0.385333, -0.727273, 0.567973], [-0.00581304, 0.617404, 0.786624]]], "btipPosition": [-5.10596, 92.0629, 8.60979], "carpPosition": [-16.8511, 174.29, 65.6628], "dipPosition": [-4.97905, 105.543, 25.7842], "direction": [0.0818711, -0.766471, -0.637039], "extended": true, "handId": 134, "id": 1340, "length": 48.619, "mcpPosition": [-16.8511, 174.29, 65.6628], "pipPosition": [-7.58316, 129.922, 46.0468], "stabilizedTipPosition": [-5.35559, 96.6311, 11.1464], "timeVisible": 9.42644, "tipPosition": [-4.67559, 94.7524, 13.3584], "tipVelocity": [3.05846, 8.35698, 15.4365], "tool": false, "touchDistance": -0.240435, "touchZone": "touching", "type": 0, "width": 21.805}, {"bases": [[[0.0589706, 0.774563, -0.629742], [-0.957418, 0.222482, 0.183991], [0.282619, 0.592076, 0.7547]], [[0.0421493, 0.738183, -0.673283], [-0.526711, -0.556216, -0.642806], [-0.848999, 0.381719, 0.365365]], [[0.0421493, 0.738183, -0.673283], [0.83319, -0.397864, -0.384056], [-0.551379, -0.544784, -0.631816]], [[0.0421493, 0.738183, -0.673283], [0.985832, 0.0787779, 0.148087], [0.162355, -0.669985, -0.724404]]], "btipPosition": [-19.3801, 147.256, 14.9499], "carpPosition": [3.9206, 182.689, 58.7344], "dipPosition": [-21.9679, 136.577, 3.40363], "direction": [-0.551379, 0.544784, 0.631816], "extended": false, "handId": 134, "id": 1341, "length": 54.8611, "mcpPosition": [24.492, 139.592, 3.80077], "pipPosition": [-9.53523, 124.293, -10.8428], "stabilizedTipPosition": [-19.6038, 144.909, 10.8441], "timeVisible": 9.42644, "tipPosition": [-19.9046, 145.469, 12.0332], "tipVelocity": [3.60245, 3.03647, 14.0849], "tool": false, "touchDistance": 0.333333, "touchZone": "none", "type": 1, "width": 20.8281}, {"bases": [[[0.258958, 0.79808, -0.544067], [-0.927228, 0.363173, 0.0914015], [0.270536, 0.480804, 0.834049]], [[0.242269, 0.767813, -0.5931], [-0.504118, -0.42269, -0.753126], [-0.828958, 0.481452, 0.284663]], [[0.242269, 0.767813, -0.5931], [0.828556, -0.481788, -0.285263], [-0.504778, -0.422306, -0.752899]], [[0.242269, 0.767813, -0.5931], [0.954441, -0.0788505, 0.287792], [0.174204, -0.635803, -0.751936]]], "btipPosition": [-23.95, 159.565, 13.7978], "carpPosition": [4.98713, 192.053, 51.015], "dipPosition": [-27.004, 148.419, 0.615695], "direction": [-0.504778, 0.422306, 0.752899], "extended": false, "handId": 134, "id": 1342, "length": 62.5098, "mcpPosition": [23.6615, 158.865, -6.55717], "pipPosition": [-13.6132, 137.216, -19.3573], "stabilizedTipPosition": [-24.5759, 157.006, 10.1915], "timeVisible": 9.42644, "tipPosition": [-24.5882, 156.932, 10.7266], "tipVelocity": [5.97192, 6.16014, 14.5714], "tool": false, "touchDistance": 0.333333, "touchZone": "none", "type": 2, "width": 20.456}, {"bases": [[[0.365104, 0.830473, -0.420731], [-0.89726, 0.434406, 0.078838], [0.248241, 0.348721, 0.903753]], [[0.349561, 0.808067, -0.474167], [-0.507607, -0.262038, -0.820775], [-0.787491, 0.527601, 0.318583]], [[0.349561, 0.808067, -0.474167], [0.787087, -0.52781, -0.319236], [-0.508234, -0.261618, -0.820521]], [[0.349561, 0.808067, -0.474167], [0.921733, -0.205869, 0.328674], [0.167975, -0.551947, -0.816786]]], "btipPosition": [-24.7447, 174.418, 9.99132], "carpPosition": [2.90059, 201.639, 43.839], "dipPosition": [-27.6726, 164.797, -4.2454], "direction": [-0.508234, 0.261618, 0.820521], "extended": false, "handId": 134, "id": 1343, "length": 60.1048, "mcpPosition": [18.2853, 180.027, -12.1712], "pipPosition": [-14.5383, 158.036, -25.4501], "stabilizedTipPosition": [-25.2597, 172.724, 6.59014], "timeVisible": 9.42644, "tipPosition": [-25.6465, 172.093, 6.69123], "tipVelocity": [4.66541, 4.70344, 11.4159], "tool": false, "touchDistance": 0.333333, "touchZone": "none", "type": 3, "width": 19.4652}, {"bases": [[[0.534582, 0.781983, -0.320508], [-0.80407, 0.587377, 0.0919719], [0.260179, 0.208544, 0.94277]], [[0.490393, 0.742702, -0.455969], [-0.561146, -0.131221, -0.817249], [-0.666806, 0.656638, 0.352415]], [[0.490393, 0.742702, -0.455969], [0.666359, -0.656743, -0.353065], [-0.561677, -0.130698, -0.816968]], [[0.490393, 0.742702, -0.455969], [0.871444, -0.411876, 0.266352], [0.0100171, -0.527969, -0.849205]]], "btipPosition": [-23.4021, 187.641, 0.522079], "carpPosition": [-6.24557, 210.391, 37.6715], "dipPosition": [-23.5631, 179.151, -13.1332], "direction": [-0.561677, 0.130698, 0.816968], "extended": false, "handId": 134, "id": 1344, "length": 47.1211, "mcpPosition": [8.68084, 198.427, -16.4149], "pipPosition": [-13.3146, 176.767, -28.0398], "stabilizedTipPosition": [-23.0284, 186.532, -2.39796], "timeVisible": 9.42644, "tipPosition": [-23.4016, 185.537, -2.73987], "tipVelocity": [1.85189, 1.93378, 7.96034], "tool": false, "touchDistance": 0.333333, "touchZone": "none", "type": 4, "width": 17.2905}], "r": [[0.451193, 0.839951, -0.301507], [-0.88553, 0.463301, -0.0344783], [0.110729, 0.28255, 0.95284]], "s": 0.847662, "t": [-26.3962, -38.6733, -22.1677], "timestamp": 17870283093}, {"currentFrameRate": 107.853, "devices": [], "gestures": [], "hands": [{"armBasis": [[0.26448, 0.903009, -0.338564], [-0.755428, 0.412215, 0.509321], [0.599482, 0.121056, 0.79118]], "armWidth": 66.9139, "confidence": 1, "direction": [0.404894, -0.415351, -0.814582], "elbow": [-180.407, 238.568, 280.727], "grabAngle": 3.14159, "grabStrength": 1, "id": 134, "palmNormal": [-0.905158, -0.308169, -0.292782], "palmPosition": [9.37862, 170.444, 10.9481], "palmVelocity": [5.41304, 4.76474, 1.46486], "palmWidth": 90.0241, "pinchDistance": 37.5702, "pinchStrength": 0.303694, "r": [[0.451533, 0.839472, -0.30233], [-0.885468, 0.463302, -0.0360193], [0.109833, 0.283968, 0.952522]], "s": 0.847589, "sphereCenter": [-17.1614, 149.512, -11.9223], "sphereRadius": 38.3895, "stabilizedPalmPosition": [9.33079, 170.217, 11.0658], "t": [26.4438, -38.6304, -22.1442], "timeVisible": 9.43514, "type": "left", "wrist": [-20.2648, 206.23, 69.3763]}], "id": 91224, "interactionBox": {"center": [0, 200, 0], "size": [235.247, 235.247, 147.751]}, "pointables": [{"bases": [[[-0.836527, 0.538986, -0.0985731], [-0.350941, -0.388886, 0.851827], [0.420789, 0.747169, 0.514466]], [[-0.9225, 0.299727, -0.243222], [-0.337503, -0.320558, 0.885062], [0.18731, 0.898558, 0.396874]], [[-0.9225, 0.299727, -0.243222], [-0.37739, -0.568027, 0.731384], [0.0810588, 0.766491, 0.637119]], [[-0.9225, 0.299727, -0.243222], [-0.385935, -0.72749, 0.567285], [-0.00691114, 0.617188, 0.786785]]], "btipPosition": [-5.07504, 92.1467, 8.65259], "carpPosition": [-16.7533, 174.38, 65.6964], "dipPosition": [-4.92415, 105.622, 25.8305], "direction": [0.0810588, -0.766491, -0.637119], "extended": true, "handId": 134, "id": 1340, "length": 48.619, "mcpPosition": [-16.7533, 174.38, 65.6964], "pipPosition": [-7.50243, 130.002, 46.0957], "stabilizedTipPosition": [-5.35532, 96.6299, 11.1477], "timeVisible": 9.43514, "tipPosition": [-4.62385, 94.7974, 13.4497], "tipVelocity": [4.18916, 9.51177, 5.01476], "tool": false, "touchDistance": -0.239709, "touchZone": "touching", "type": 0, "width": 21.805}, {"bases": [[[0.0596015, 0.773983, -0.630395], [-0.957576, 0.222704, 0.182895], [0.281949, 0.592751, 0.754421]], [[0.0429173, 0.737784, -0.673671], [-0.526056, -0.556562, -0.643043], [-0.849366, 0.381986, 0.36423]], [[0.0429173, 0.737784, -0.673671], [0.833717, -0.398002, -0.382766], [-0.550521, -0.545224, -0.632185]], [[0.0429173, 0.737784, -0.673671], [0.985742, 0.0785365, 0.148809], [0.162697, -0.670452, -0.723895]]], "btipPosition": [-19.3279, 147.299, 15.0224], "carpPosition": [4.01155, 182.774, 58.7409], "dipPosition": [-21.9212, 136.612, 3.48425], "direction": [-0.550521, 0.545224, 0.632185], "extended": false, "handId": 134, "id": 1341, "length": 54.8611, "mcpPosition": [24.5342, 139.628, 3.82758], "pipPosition": [-9.5078, 124.319, -10.7705], "stabilizedTipPosition": [-19.6041, 144.909, 10.8453], "timeVisible": 9.43514, "tipPosition": [-19.8551, 145.509, 12.0962], "tipVelocity": [5.85942, 4.68006, 8.55146], "tool": false, "touchDistance": 0.333333, "touchZone": "none", "type": 1, "width": 20.8281}, {"bases": [[[0.25951, 0.797568, -0.544555], [-0.927292, 0.363308, 0.0902044], [0.269786, 0.481553, 0.83386]], [[0.242866, 0.767257, -0.593577], [-0.50289, -0.42367, -0.753396], [-0.829529, 0.481478, 0.282951]], [[0.242866, 0.767257, -0.593577], [0.829128, -0.481815, -0.283551], [-0.503551, -0.423286, -0.75317]], [[0.242866, 0.767257, -0.593577], [0.953983, -0.0779687, 0.289546], [0.175876, -0.636583, -0.750886]]], "btipPosition": [-23.8824, 159.63, 13.8736], "carpPosition": [5.07036, 192.131, 51.012], "dipPosition": [-26.9657, 148.47, 0.709837], "direction": [-0.503551, 0.423286, 0.75317], "extended": false, "handId": 134, "id": 1342, "length": 62.5098, "mcpPosition": [23.6929, 158.891, -6.54722], "pipPosition": [-13.6075, 137.241, -19.2703], "stabilizedTipPosition": [-24.5759, 157.006, 10.1924], "timeVisible": 9.43514, "tipPosition": [-24.5406, 156.971, 10.7834], "tipVelocity": [6.99733, 7.07952, 9.19484], "tool": false, "touchDistance": 0.333333, "touchZone": "none", "type": 2, "width": 20.456}, {"bases": [[[0.365543, 0.830067, -0.42115], [-0.897309, 0.434528, 0.0776036], [0.247418, 0.349535, 0.903665]], [[0.350049, 0.807614, -0.47458], [-0.50635, -0.2631, -0.821211], [-0.788084, 0.527767, 0.316837]], [[0.350049, 0.807614, -0.47458], [0.78768, -0.527977, -0.317491], [-0.506977, -0.26268, -0.820959]], [[0.350049, 0.807614, -0.47458], [0.921283, -0.205189, 0.330356], [0.169421, -0.552863, -0.815867]]], "btipPosition": [-24.6868, 174.475, 10.055], "carpPosition": [2.97659, 201.71, 43.8291], "dipPosition": [-27.6398, 164.838, -4.16572], "direction": [-0.506977, 0.26268, 0.820959], "extended": false, "handId": 134, "id": 1343, "length": 60.1048, "mcpPosition": [18.3103, 180.048, -12.1756], "pipPosition": [-14.538, 158.05, -25.3818], "stabilizedTipPosition": [-25.2598, 172.723, 6.59045], "timeVisible": 9.43514, "tipPosition": [-25.6029, 172.129, 6.73515], "tipVelocity": [5.99896, 6.16363, 7.74269], "tool": false, "touchDistance": 0.333333, "touchZone": "none", "type": 3, "width": 19.4652}, {"bases": [[[0.534925, 0.781659, -0.320725], [-0.804122, 0.587506, 0.0906844], [0.259312, 0.209393, 0.942821]], [[0.490888, 0.742285, -0.456117], [-0.559883, -0.13234, -0.817934], [-0.667502, 0.656886, 0.350629]], [[0.490888, 0.742285, -0.456117], [0.667056, -0.656992, -0.35128], [-0.560415, -0.131816, -0.817655]], [[0.490888, 0.742285, -0.456117], [0.871151, -0.411507, 0.267875], [0.0111438, -0.528843, -0.848646]]], "btipPosition": [-23.3639, 187.684, 0.572251], "carpPosition": [-6.17582, 210.456, 37.6621], "dipPosition": [-23.5431, 179.18, -13.074], "direction": [-0.560415, 0.131816, 0.817655], "extended": false, "handId": 134, "id": 1344, "length": 47.1211, "mcpPosition": [8.70083, 198.443, -16.4272], "pipPosition": [-13.3176, 176.775, -27.9932], "stabilizedTipPosition": [-23.029, 186.531, -2.39819], "timeVisible": 9.43514, "tipPosition": [-23.3682, 185.565, -2.7102], "tipVelocity": [3.90827, 4.53089, 6.00642], "tool": false, "touchDistance": 0.333333, "touchZone": "none", "type": 4, "width": 17.2905}], "r": [[0.451533, 0.839472, -0.30233], [-0.885468, 0.463302, -0.0360193], [0.109833, 0.283968, 0.952522]], "s": 0.847589, "t": [-26.4438, -38.6304, -22.1442], "timestamp": 17870291790}, {"currentFrameRate": 108.158, "devices": [], "gestures": [], "hands": [{"armBasis": [[0.265351, 0.902585, -0.339012], [-0.754837, 0.413235, 0.50937], [0.599841, 0.120737, 0.790957]], "armWidth": 66.9139, "confidence": 1, "direction": [0.404664, -0.416125, -0.814301], "elbow": [-180.45, 238.571, 280.659], "grabAngle": 3.14159, "grabStrength": 1, "id": 134, "palmNormal": [-0.90521, -0.308648, -0.292116], "palmPosition": [9.42395, 170.487, 10.9671], "palmVelocity": [5.21447, 4.96071, 2.18002], "palmWidth": 90.0241, "pinchDistance": 37.5044, "pinchStrength": 0.304872, "r": [[0.451861, 0.839008, -0.303129], [-0.885397, 0.463327, -0.0374163], [0.109055, 0.285296, 0.952215]], "s": 0.847483, "sphereCenter": [-17.1241, 149.565, -11.8869], "sphereRadius": 38.3845, "stabilizedPalmPosition": [9.33103, 170.217, 11.0655], "t": [26.4903, -38.5873, -22.123], "timeVisible": 9.44383, "type": "left", "wrist": [-20.2122, 206.318, 69.3675]}], "id": 91225, "interactionBox": {"center": [0, 200, 0], "size": [235.247, 235.247, 147.751]}, "pointables": [{"bases": [[[-0.836386, 0.539043, -0.0994548], [-0.351339, -0.387928, 0.852099], [0.420737, 0.747626, 0.513844]], [[-0.922337, 0.29972, -0.243849], [-0.33797, -0.319927, 0.885112], [0.187272, 0.898785, 0.396376]], [[-0.922337, 0.29972, -0.243849], [-0.377873, -0.567945, 0.731198], [0.0806617, 0.766555, 0.637093]], [[-0.922337, 0.29972, -0.243849], [-0.386312, -0.727689, 0.566773], [-0.0075733, 0.616957, 0.78696]]], "btipPosition": [-5.03863, 92.2338, 8.6989], "carpPosition": [-16.6879, 174.475, 65.7211], "dipPosition": [-4.87328, 105.704, 25.8806], "direction": [0.0806617, -0.766555, -0.637093], "extended": true, "handId": 134, "id": 1340, "length": 48.619, "mcpPosition": [-16.6879, 174.475, 65.7211], "pipPosition": [-7.43893, 130.086, 46.145], "stabilizedTipPosition": [-5.35494, 96.6285, 11.1493], "timeVisible": 9.44383, "tipPosition": [-4.5652, 94.8429, 13.5486], "tipVelocity": [4.57165, 9.8924, 5.42776], "tool": false, "touchDistance": -0.238922, "touchZone": "touching", "type": 0, "width": 21.805}, {"bases": [[[0.0599897, 0.773312, -0.631181], [-0.957603, 0.223078, 0.182297], [0.281776, 0.593485, 0.753908]], [[0.043443, 0.737358, -0.674104], [-0.525733, -0.556888, -0.643025], [-0.84954, 0.382334, 0.363461]], [[0.043443, 0.737358, -0.674104], [0.833949, -0.39831, -0.381941], [-0.550129, -0.545575, -0.632222]], [[0.043443, 0.737358, -0.674104], [0.985741, 0.0781587, 0.149019], [0.162568, -0.670965, -0.723448]]], "btipPosition": [-19.2796, 147.34, 15.0924], "carpPosition": [4.07269, 182.866, 58.7489], "dipPosition": [-21.8707, 136.645, 3.56134], "direction": [-0.550129, 0.545575, 0.632222], "extended": false, "handId": 134, "id": 1341, "length": 54.8611, "mcpPosition": [24.5827, 139.667, 3.87299], "pipPosition": [-9.46621, 124.343, -10.6943], "stabilizedTipPosition": [-19.6043, 144.909, 10.8465], "timeVisible": 9.44383, "tipPosition": [-19.8046, 145.547, 12.1526], "tipVelocity": [5.618, 4.47434, 8.23729], "tool": false, "touchDistance": 0.333333, "touchZone": "none", "type": 1, "width": 20.8281}, {"bases": [[[0.25987, 0.796948, -0.54529], [-0.927256, 0.36358, 0.0894718], [0.269561, 0.482372, 0.833459]], [[0.243239, 0.766589, -0.594286], [-0.502062, -0.424723, -0.753355], [-0.829921, 0.481614, 0.281566]], [[0.243239, 0.766589, -0.594286], [0.829521, -0.481952, -0.282166], [-0.502723, -0.424339, -0.753131]], [[0.243239, 0.766589, -0.594286], [0.953648, -0.0770911, 0.290882], [0.177172, -0.637494, -0.749808]]], "btipPosition": [-23.8145, 159.695, 13.9415], "carpPosition": [5.12676, 192.215, 51.0099], "dipPosition": [-26.9205, 148.519, 0.796661], "direction": [-0.502723, 0.424339, 0.753131], "extended": false, "handId": 134, "id": 1342, "length": 62.5098, "mcpPosition": [23.7338, 158.918, -6.52163], "pipPosition": [-13.5842, 137.262, -19.1825], "stabilizedTipPosition": [-24.5759, 157.007, 10.1934], "timeVisible": 9.44383, "tipPosition": [-24.4929, 157.008, 10.8296], "tipVelocity": [7.21482, 7.09833, 8.31381], "tool": false, "touchDistance": 0.333333, "touchZone": "none", "type": 2, "width": 20.456}, {"bases": [[[0.365862, 0.829556, -0.421879], [-0.897255, 0.434781, 0.0768079], [0.247141, 0.350432, 0.903393]], [[0.350384, 0.80705, -0.475291], [-0.505514, -0.264246, -0.821358], [-0.788471, 0.528057, 0.315387]], [[0.350384, 0.80705, -0.475291], [0.788068, -0.528267, -0.316041], [-0.506142, -0.263826, -0.821107]], [[0.350384, 0.80705, -0.475291], [0.920954, -0.204488, 0.331704], [0.170511, -0.553945, -0.814905]]], "btipPosition": [-24.6276, 174.532, 10.108], "carpPosition": [3.02842, 201.787, 43.8178], "dipPosition": [-27.5997, 164.877, -4.09595], "direction": [-0.506142, 0.263826, 0.821107], "extended": false, "handId": 134, "id": 1343, "length": 60.1048, "mcpPosition": [18.345, 180.069, -12.1701], "pipPosition": [-14.5194, 158.059, -25.3158], "stabilizedTipPosition": [-25.2599, 172.722, 6.59084], "timeVisible": 9.44383, "tipPosition": [-25.559, 172.161, 6.76582], "tipVelocity": [6.3003, 6.06365, 6.54161], "tool": false, "touchDistance": 0.333333, "touchZone": "none", "type": 3, "width": 19.4652}, {"bases": [[[0.535196, 0.781221, -0.321338], [-0.804044, 0.587755, 0.0897642], [0.258994, 0.210329, 0.9427]], [[0.491235, 0.741743, -0.456624], [-0.559036, -0.133532, -0.81832], [-0.667957, 0.657257, 0.349066]], [[0.491235, 0.741743, -0.456624], [0.667512, -0.657363, -0.349718], [-0.559568, -0.133008, -0.818042]], [[0.491235, 0.741743, -0.456624], [0.870946, -0.411126, 0.269126], [0.0118925, -0.529898, -0.847978]]], "btipPosition": [-23.3219, 187.725, 0.610069], "carpPosition": [-6.12801, 210.524, 37.6451], "dipPosition": [-23.5131, 179.204, -13.0255], "direction": [-0.559568, 0.133008, 0.818042], "extended": false, "handId": 134, "id": 1344, "length": 47.1211, "mcpPosition": [8.73038, 198.457, -16.4373], "pipPosition": [-13.3031, 176.777, -27.9517], "stabilizedTipPosition": [-23.0294, 186.53, -2.39837], "timeVisible": 9.44383, "tipPosition": [-23.331, 185.588, -2.69428], "tipVelocity": [4.51776, 4.25088, 4.63474], "tool": false, "touchDistance": 0.333333, "touchZone": "none", "type": 4, "width": 17.2905}], "r": [[0.451861, 0.839008, -0.303129], [-0.885397, 0.463327, -0.0374163], [0.109055, 0.285296, 0.952215]], "s": 0.847483, "t": [-26.4903, -38.5873, -22.123], "timestamp": 17870300483}, {"currentFrameRate": 108.455, "devices": [], "gestures": [], "hands": [{"armBasis": [[0.266363, 0.902081, -0.339558], [-0.75418, 0.414428, 0.509374], [0.600219, 0.12041, 0.79072]], "armWidth": 66.9139, "confidence": 1, "direction": [0.404255, -0.417235, -0.813937], "elbow": [-180.498, 238.57, 280.576], "grabAngle": 3.14159, "grabStrength": 1, "id": 134, "palmNormal": [-0.905347, -0.309107, -0.291203], "palmPosition": [9.45847, 170.508, 10.9827], "palmVelocity": [3.97465, 2.44612, 1.79667], "palmWidth": 90.0241, "pinchDistance": 37.4294, "pinchStrength": 0.305784, "r": [[0.452166, 0.838546, -0.303952], [-0.88533, 0.463345, -0.0387573], [0.108335, 0.286623, 0.951899]], "s": 0.847328, "sphereCenter": [-17.1045, 149.596, -11.8464], "sphereRadius": 38.3793, "stabilizedPalmPosition": [9.33135, 170.218, 11.0653], "t": [26.5308, -38.5552, -22.1046], "timeVisible": 9.45252, "type": "left", "wrist": [-20.1589, 206.405, 69.3473]}], "id": 91226, "interactionBox": {"center": [0, 200, 0], "size": [235.247, 235.247, 147.751]}, "pointables": [{"bases": [[[-0.836301, 0.538953, -0.100652], [-0.351816, -0.38672, 0.852451], [0.420507, 0.748316, 0.513027]], [[-0.922171, 0.299534, -0.244705], [-0.338545, -0.31912, 0.885183], [0.187052, 0.899134, 0.395689]], [[-0.922171, 0.299534, -0.244705], [-0.378399, -0.567655, 0.731151], [0.0800966, 0.766842, 0.636818]], [[-0.922171, 0.299534, -0.244705], [-0.386692, -0.727687, 0.566516], [-0.00837765, 0.61705, 0.786879]]], "btipPosition": [-5.02152, 92.3014, 8.76727], "carpPosition": [-16.6244, 174.571, 65.745], "dipPosition": [-4.83861, 105.774, 25.9472], "direction": [0.0800966, -0.766842, -0.636818], "extended": true, "handId": 134, "id": 1340, "length": 48.619, "mcpPosition": [-16.6244, 174.571, 65.745], "pipPosition": [-7.38628, 130.165, 46.2029], "stabilizedTipPosition": [-5.35453, 96.6272, 11.151], "timeVisible": 9.45252, "tipPosition": [-4.52719, 94.8697, 13.6721], "tipVelocity": [2.43496, 7.83712, 7.82557], "tool": false, "touchDistance": -0.237789, "touchZone": "touching", "type": 0, "width": 21.805}, {"bases": [[[0.0603717, 0.772429, -0.632226], [-0.957687, 0.223387, 0.181476], [0.281408, 0.594518, 0.753231]], [[0.0438048, 0.736324, -0.67521], [-0.525195, -0.55796, -0.642534], [-0.849853, 0.382763, 0.362273]], [[0.0438048, 0.736324, -0.67521], [0.834315, -0.398734, -0.380696], [-0.549545, -0.546661, -0.631792]], [[0.0438048, 0.736324, -0.67521], [0.985708, 0.0781931, 0.149219], [0.16267, -0.672096, -0.722375]]], "btipPosition": [-19.2448, 147.377, 15.1637], "carpPosition": [4.13197, 182.953, 58.7501], "dipPosition": [-21.8376, 136.665, 3.64971], "direction": [-0.549545, 0.546661, 0.631792], "extended": false, "handId": 134, "id": 1341, "length": 54.8611, "mcpPosition": [24.6153, 139.679, 3.92344], "pipPosition": [-9.44625, 124.338, -10.5962], "stabilizedTipPosition": [-19.6044, 144.909, 10.8476], "timeVisible": 9.45252, "tipPosition": [-19.7681, 145.568, 12.2189], "tipVelocity": [3.96158, 3.84855, 8.65801], "tool": false, "touchDistance": 0.333333, "touchZone": "none", "type": 1, "width": 20.8281}, {"bases": [[[0.260208, 0.796173, -0.546261], [-0.927283, 0.363758, 0.0884707], [0.269145, 0.483517, 0.83293]], [[0.243601, 0.765747, -0.595223], [-0.500989, -0.426146, -0.753266], [-0.830463, 0.481696, 0.279821]], [[0.243601, 0.765747, -0.595223], [0.830064, -0.482036, -0.280421], [-0.50165, -0.425763, -0.753043]], [[0.243601, 0.765747, -0.595223], [0.953263, -0.0759332, 0.292444], [0.178741, -0.638644, -0.748455]]], "btipPosition": [-23.757, 159.747, 14.018], "carpPosition": [5.18136, 192.292, 50.9975], "dipPosition": [-26.8905, 148.551, 0.89688], "direction": [-0.50165, 0.425763, 0.753043], "extended": false, "handId": 134, "id": 1342, "length": 62.5098, "mcpPosition": [23.7597, 158.916, -6.49752], "pipPosition": [-13.5827, 137.256, -19.0799], "stabilizedTipPosition": [-24.5757, 157.007, 10.1943], "timeVisible": 9.45252, "tipPosition": [-24.4577, 157.027, 10.8824], "tipVelocity": [5.88648, 5.44562, 9.43709], "tool": false, "touchDistance": 0.333333, "touchZone": "none", "type": 2, "width": 20.456}, {"bases": [[[0.366136, 0.828946, -0.422839], [-0.89727, 0.434939, 0.0757237], [0.24668, 0.351675, 0.903036]], [[0.350685, 0.806367, -0.476227], [-0.504419, -0.265811, -0.821527], [-0.789038, 0.528315, 0.313531]], [[0.350685, 0.806367, -0.476227], [0.788637, -0.528527, -0.314185], [-0.505047, -0.26539, -0.821277]], [[0.350685, 0.806367, -0.476227], [0.920567, -0.203438, 0.33342], [0.171976, -0.555325, -0.813658]]], "btipPosition": [-24.5758, 174.575, 10.1655], "carpPosition": [3.07862, 201.853, 43.7932], "dipPosition": [-27.5734, 164.896, -4.01664], "direction": [-0.505047, 0.26539, 0.821277], "extended": false, "handId": 134, "id": 1343, "length": 60.1048, "mcpPosition": [18.3666, 180.058, -12.1725], "pipPosition": [-14.5215, 158.037, -25.2409], "stabilizedTipPosition": [-25.2599, 172.722, 6.59129], "timeVisible": 9.45252, "tipPosition": [-25.526, 172.175, 6.79805], "tipVelocity": [5.28708, 4.34409, 7.20362], "tool": false, "touchDistance": 0.333333, "touchZone": "none", "type": 3, "width": 19.4652}, {"bases": [[[0.535414, 0.780742, -0.322141], [-0.804057, 0.587926, 0.0885167], [0.258503, 0.211626, 0.942545]], [[0.491559, 0.741114, -0.457297], [-0.557947, -0.135161, -0.818796], [-0.66863, 0.657634, 0.347062]], [[0.491559, 0.741114, -0.457297], [0.668185, -0.657741, -0.347714], [-0.558479, -0.134637, -0.818519]], [[0.491559, 0.741114, -0.457297], [0.870747, -0.410428, 0.27083], [0.0130283, -0.531319, -0.847072]]], "btipPosition": [-23.2877, 187.748, 0.647357], "carpPosition": [-6.08161, 210.581, 37.6132], "dipPosition": [-23.4971, 179.204, -12.9736], "direction": [-0.558479, 0.134637, 0.818519], "extended": false, "handId": 134, "id": 1344, "length": 47.1211, "mcpPosition": [8.74864, 198.44, -16.4602], "pipPosition": [-13.307, 176.747, -27.9085], "stabilizedTipPosition": [-23.0298, 186.529, -2.39847], "timeVisible": 9.45252, "tipPosition": [-23.3048, 185.588, -2.68177], "tipVelocity": [3.45522, 2.0591, 4.67922], "tool": false, "touchDistance": 0.333333, "touchZone": "none", "type": 4, "width": 17.2905}], "r": [[0.452166, 0.838546, -0.303952], [-0.88533, 0.463345, -0.0387573], [0.108335, 0.286623, 0.951899]], "s": 0.847328, "t": [-26.5308, -38.5552, -22.1046], "timestamp": 17870309168}, {"currentFrameRate": 108.735, "devices": [], "gestures": [], "hands": [{"armBasis": [[0.266944, 0.901771, -0.339927], [-0.753688, 0.415167, 0.5095], [0.600579, 0.120191, 0.79048]], "armWidth": 66.9139, "confidence": 1, "direction": [0.404133, -0.417847, -0.813683], "elbow": [-180.553, 238.567, 280.495], "grabAngle": 3.14159, "grabStrength": 1, "id": 134, "palmNormal": [-0.905377, -0.309416, -0.290782], "palmPosition": [9.49721, 170.528, 10.9901], "palmVelocity": [4.45565, 2.25623, 0.853415], "palmWidth": 90.0241, "pinchDistance": 37.3731, "pinchStrength": 0.306774, "r": [[0.452437, 0.838119, -0.304726], [-0.885266, 0.463367, -0.039938], [0.107727, 0.287833, 0.951602]], "s": 0.847165, "sphereCenter": [-17.0721, 149.628, -11.8309], "sphereRadius": 38.3755, "stabilizedPalmPosition": [9.33181, 170.219, 11.0651], "t": [26.5704, -38.5293, -22.0917], "timeVisible": 9.46121, "type": "left", "wrist": [-20.1184, 206.46, 69.3306]}], "id": 91227, "interactionBox": {"center": [0, 200, 0], "size": [235.247, 235.247, 147.751]}, "pointables": [{"bases": [[[-0.836235, 0.538944, -0.101241], [-0.352014, -0.386013, 0.85269], [0.420472, 0.748688, 0.512513]], [[-0.922097, 0.299423, -0.245118], [-0.338808, -0.3187, 0.885234], [0.18694, 0.89932, 0.395319]], [[-0.922097, 0.299423, -0.245118], [-0.378656, -0.567678, 0.731], [0.0797299, 0.766868, 0.636833]], [[-0.922097, 0.299423, -0.245118], [-0.386856, -0.727938, 0.566082], [-0.00893306, 0.616808, 0.787063]]], "btipPosition": [-5.00188, 92.3576, 8.79027], "carpPosition": [-16.5754, 174.632, 65.7542], "dipPosition": [-4.80685, 105.824, 25.9743], "direction": [0.0797299, -0.766868, -0.636833], "extended": true, "handId": 134, "id": 1340, "length": 48.619, "mcpPosition": [-16.5754, 174.632, 65.7542], "pipPosition": [-7.34286, 130.217, 46.2303], "stabilizedTipPosition": [-5.354, 96.6256, 11.1531], "timeVisible": 9.46121, "tipPosition": [-4.4834, 94.8926, 13.7382], "tipVelocity": [2.57953, 6.32056, 2.75205], "tool": false, "touchDistance": -0.237391, "touchZone": "touching", "type": 0, "width": 21.805}, {"bases": [[[0.0605602, 0.771921, -0.632828], [-0.957703, 0.223614, 0.181113], [0.281314, 0.595093, 0.752813]], [[0.0440568, 0.735914, -0.67564], [-0.525063, -0.558301, -0.642346], [-0.849922, 0.383053, 0.361804]], [[0.0440568, 0.735914, -0.67564], [0.834454, -0.398967, -0.380147], [-0.549314, -0.547042, -0.631664]], [[0.0440568, 0.735914, -0.67564], [0.985737, 0.0779332, 0.149163], [0.162426, -0.672574, -0.721984]]], "btipPosition": [-19.2062, 147.397, 15.2023], "carpPosition": [4.17885, 183.01, 58.7486], "dipPosition": [-21.7951, 136.677, 3.69456], "direction": [-0.549314, 0.547042, 0.631664], "extended": false, "handId": 134, "id": 1341, "length": 54.8611, "mcpPosition": [24.6553, 139.694, 3.95243], "pipPosition": [-9.40898, 124.342, -10.5484], "stabilizedTipPosition": [-19.6046, 144.909, 10.8488], "timeVisible": 9.46121, "tipPosition": [-19.727, 145.586, 12.2519], "tipVelocity": [4.54025, 2.08752, 4.60832], "tool": false, "touchDistance": 0.333333, "touchZone": "none", "type": 1, "width": 20.8281}, {"bases": [[[0.260382, 0.795716, -0.546843], [-0.927268, 0.363908, 0.0880026], [0.269025, 0.484156, 0.832597]], [[0.243781, 0.765252, -0.595785], [-0.500427, -0.426965, -0.753176], [-0.830749, 0.481757, 0.278867]], [[0.243781, 0.765252, -0.595785], [0.83035, -0.482097, -0.279467], [-0.501088, -0.426581, -0.752954]], [[0.243781, 0.765252, -0.595785], [0.953057, -0.0752725, 0.293285], [0.179591, -0.639314, -0.747679]]], "btipPosition": [-23.7037, 159.785, 14.0588], "carpPosition": [5.22594, 192.343, 50.9884], "dipPosition": [-26.8521, 148.577, 0.951308], "direction": [-0.501088, 0.426581, 0.752954], "extended": false, "handId": 134, "id": 1342, "length": 62.5098, "mcpPosition": [23.7961, 158.923, -6.48365], "pipPosition": [-13.5592, 137.26, -19.0231], "stabilizedTipPosition": [-24.5756, 157.007, 10.1954], "timeVisible": 9.46121, "tipPosition": [-24.4178, 157.044, 10.9074], "tipVelocity": [5.73825, 4.02571, 5.05606], "tool": false, "touchDistance": 0.333333, "touchZone": "none", "type": 2, "width": 20.456}, {"bases": [[[0.366289, 0.828579, -0.423427], [-0.897247, 0.435077, 0.0752048], [0.246536, 0.352372, 0.902804]], [[0.350846, 0.805958, -0.4768], [-0.503811, -0.266737, -0.8216], [-0.789355, 0.528472, 0.312467]], [[0.350846, 0.805958, -0.4768], [0.788954, -0.528685, -0.313121], [-0.504439, -0.266316, -0.82135]], [[0.350846, 0.805958, -0.4768], [0.920355, -0.202831, 0.334374], [0.172782, -0.556139, -0.81293]]], "btipPosition": [-24.5259, 174.609, 10.1972], "carpPosition": [3.12099, 201.898, 43.7769], "dipPosition": [-27.5375, 164.915, -3.97228], "direction": [-0.504439, 0.266316, 0.82135], "extended": false, "handId": 134, "id": 1343, "length": 60.1048, "mcpPosition": [18.4001, 180.06, -12.1744], "pipPosition": [-14.5012, 158.033, -25.1984], "stabilizedTipPosition": [-25.2599, 172.721, 6.59179], "timeVisible": 9.46121, "tipPosition": [-25.4877, 172.189, 6.81115], "tipVelocity": [5.37893, 3.48268, 3.98017], "tool": false, "touchDistance": 0.333333, "touchZone": "none", "type": 3, "width": 19.4652}, {"bases": [[[0.535543, 0.78044, -0.322657], [-0.804024, 0.588065, 0.0878942], [0.25834, 0.212353, 0.942426]], [[0.491737, 0.740734, -0.457721], [-0.55732, -0.136143, -0.81906], [-0.669021, 0.657859, 0.345879]], [[0.491737, 0.740734, -0.457721], [0.668577, -0.657967, -0.346531], [-0.557852, -0.13562, -0.818785]], [[0.491737, 0.740734, -0.457721], [0.870638, -0.410063, 0.271732], [0.0135868, -0.53213, -0.846554]]], "btipPosition": [-23.2491, 187.769, 0.668282], "carpPosition": [-6.04118, 210.621, 37.5918], "dipPosition": [-23.4676, 179.212, -12.9444], "direction": [-0.557852, 0.13562, 0.818785], "extended": false, "handId": 134, "id": 1344, "length": 47.1211, "mcpPosition": [8.77968, 198.438, -16.4749], "pipPosition": [-13.2889, 176.738, -27.8841], "stabilizedTipPosition": [-23.0301, 186.528, -2.39855], "timeVisible": 9.46121, "tipPosition": [-23.27, 185.595, -2.67965], "tipVelocity": [4.19539, 2.10078, 2.62745], "tool": false, "touchDistance": 0.333333, "touchZone": "none", "type": 4, "width": 17.2905}], "r": [[0.452437, 0.838119, -0.304726], [-0.885266, 0.463367, -0.039938], [0.107727, 0.287833, 0.951602]], "s": 0.847165, "t": [-26.5704, -38.5293, -22.0917], "timestamp": 17870317861}, {"currentFrameRate": 109.024, "devices": [], "gestures": [], "hands": [{"armBasis": [[0.267416, 0.901557, -0.340123], [-0.753265, 0.415713, 0.509681], [0.6009, 0.119906, 0.790279]], "armWidth": 66.9139, "confidence": 1, "direction": [0.404306, -0.418516, -0.813254], "elbow": [-180.631, 238.562, 280.421], "grabAngle": 3.14159, "grabStrength": 1, "id": 134, "palmNormal": [-0.90532, -0.309625, -0.290737], "palmPosition": [9.5204, 170.56, 11.0043], "palmVelocity": [2.68088, 3.76364, 1.64594], "palmWidth": 90.0241, "pinchDistance": 37.3032, "pinchStrength": 0.307784, "r": [[0.452635, 0.83773, -0.305501], [-0.885219, 0.463372, -0.0409173], [0.107283, 0.288956, 0.951312]], "s": 0.846965, "sphereCenter": [-17.0503, 149.681, -11.8233], "sphereRadius": 38.371, "stabilizedPalmPosition": [9.33232, 170.22, 11.065], "t": [26.6018, -38.5001, -22.0781], "timeVisible": 9.46986, "type": "left", "wrist": [-20.1098, 206.531, 69.3109]}], "id": 91228, "interactionBox": {"center": [0, 200, 0], "size": [235.247, 235.247, 147.751]}, "pointables": [{"bases": [[[-0.836273, 0.538839, -0.101487], [-0.35181, -0.385333, 0.853081], [0.420567, 0.749114, 0.511813]], [[-0.922149, 0.299265, -0.245116], [-0.338671, -0.318371, 0.885405], [0.186933, 0.899489, 0.394938]], [[-0.922149, 0.299265, -0.245116], [-0.378565, -0.567812, 0.730943], [0.079566, 0.766831, 0.636899]], [[-0.922149, 0.299265, -0.245116], [-0.386726, -0.728307, 0.565696], [-0.00922687, 0.616448, 0.787341]]], "btipPosition": [-5.00294, 92.4358, 8.80596], "carpPosition": [-16.5645, 174.709, 65.7592], "dipPosition": [-4.80149, 105.895, 25.996], "direction": [0.079566, -0.766831, -0.636899], "extended": true, "handId": 134, "id": 1340, "length": 48.619, "mcpPosition": [-16.5645, 174.709, 65.7592], "pipPosition": [-7.33229, 130.286, 46.2542], "stabilizedTipPosition": [-5.35332, 96.6238, 11.1559], "timeVisible": 9.46986, "tipPosition": [-4.46533, 94.9307, 13.8054], "tipVelocity": [0.0484656, 8.8337, 1.97434], "tool": false, "touchDistance": -0.237106, "touchZone": "touching", "type": 0, "width": 21.805}, {"bases": [[[0.0603949, 0.771411, -0.633465], [-0.957668, 0.223733, 0.181149], [0.281467, 0.595709, 0.752268]], [[0.0438489, 0.735293, -0.676329], [-0.525155, -0.558939, -0.641716], [-0.849876, 0.383316, 0.361634]], [[0.0438489, 0.735293, -0.676329], [0.834489, -0.399165, -0.379862], [-0.549277, -0.547733, -0.631097]], [[0.0438489, 0.735293, -0.676329], [0.985821, 0.0779118, 0.148619], [0.161972, -0.673256, -0.721451]]], "btipPosition": [-19.1869, 147.439, 15.2304], "carpPosition": [4.19159, 183.082, 58.7516], "dipPosition": [-21.7685, 136.708, 3.73122], "direction": [-0.549277, 0.547733, 0.631097], "extended": false, "handId": 134, "id": 1341, "length": 54.8611, "mcpPosition": [24.6792, 139.721, 3.99502], "pipPosition": [-9.38323, 124.358, -10.499], "stabilizedTipPosition": [-19.6047, 144.909, 10.85], "timeVisible": 9.46986, "tipPosition": [-19.7048, 145.62, 12.2798], "tipVelocity": [2.42977, 4.60852, 3.47968], "tool": false, "touchDistance": 0.333333, "touchZone": "none", "type": 1, "width": 20.8281}, {"bases": [[[0.260235, 0.795282, -0.547544], [-0.927259, 0.363952, 0.0879185], [0.2692, 0.484836, 0.832145]], [[0.243625, 0.764778, -0.596458], [-0.500163, -0.427832, -0.752859], [-0.830954, 0.481741, 0.278283]], [[0.243625, 0.764778, -0.596458], [0.830555, -0.482082, -0.278882], [-0.500825, -0.427449, -0.752637]], [[0.243625, 0.764778, -0.596458], [0.952997, -0.0745527, 0.293663], [0.180119, -0.639966, -0.746994]]], "btipPosition": [-23.6699, 159.838, 14.0915], "carpPosition": [5.24071, 192.408, 50.984], "dipPosition": [-26.8275, 148.619, 0.99603], "direction": [-0.500825, 0.427449, 0.752637], "extended": false, "handId": 134, "id": 1342, "length": 62.5098, "mcpPosition": [23.8229, 158.941, -6.45679], "pipPosition": [-13.5416, 137.279, -18.97], "stabilizedTipPosition": [-24.5753, 157.007, 10.1965], "timeVisible": 9.46986, "tipPosition": [-24.395, 157.078, 10.9251], "tipVelocity": [3.66729, 5.84449, 4.09953], "tool": false, "touchDistance": 0.333333, "touchZone": "none", "type": 2, "width": 20.456}, {"bases": [[[0.366169, 0.828247, -0.424179], [-0.897243, 0.435112, 0.0750564], [0.24673, 0.353108, 0.902463]], [[0.350715, 0.805583, -0.477531], [-0.503492, -0.267748, -0.821466], [-0.789617, 0.528534, 0.311701]], [[0.350715, 0.805583, -0.477531], [0.789216, -0.528747, -0.312355], [-0.50412, -0.267327, -0.821218]], [[0.350715, 0.805583, -0.477531], [0.920296, -0.202083, 0.334988], [0.17336, -0.556955, -0.812248]]], "btipPosition": [-24.4897, 174.66, 10.2224], "carpPosition": [3.13766, 201.958, 43.7643], "dipPosition": [-27.5114, 164.952, -3.93521], "direction": [-0.50412, 0.267327, 0.821218], "extended": false, "handId": 134, "id": 1343, "length": 60.1048, "mcpPosition": [18.4288, 180.074, -12.1658], "pipPosition": [-14.4834, 158.044, -25.1579], "stabilizedTipPosition": [-25.2598, 172.721, 6.59238], "timeVisible": 9.46986, "tipPosition": [-25.463, 172.22, 6.81644], "tipVelocity": [3.90676, 5.5611, 3.22612], "tool": false, "touchDistance": 0.333333, "touchZone": "none", "type": 3, "width": 19.4652}, {"bases": [[[0.535448, 0.780194, -0.323409], [-0.804021, 0.588113, 0.087601], [0.258547, 0.213122, 0.942196]], [[0.491641, 0.740406, -0.458354], [-0.556977, -0.137235, -0.819111], [-0.669377, 0.658002, 0.344919]], [[0.491641, 0.740406, -0.458354], [0.668933, -0.658111, -0.345571], [-0.55751, -0.136711, -0.818836]], [[0.491641, 0.740406, -0.458354], [0.870686, -0.409527, 0.272386], [0.0139675, -0.532998, -0.846001]]], "btipPosition": [-23.2183, 187.809, 0.683536], "carpPosition": [-6.02286, 210.675, 37.5701], "dipPosition": [-23.4429, 179.238, -12.9202], "direction": [-0.55751, 0.136711, 0.818836], "extended": false, "handId": 134, "id": 1344, "length": 47.1211, "mcpPosition": [8.80989, 198.449, -16.4833], "pipPosition": [-13.2704, 176.743, -27.8609], "stabilizedTipPosition": [-23.0305, 186.527, -2.39862], "timeVisible": 9.46986, "tipPosition": [-23.2433, 185.618, -2.68457], "tipVelocity": [3.40252, 4.20137, 1.99912], "tool": false, "touchDistance": 0.333333, "touchZone": "none", "type": 4, "width": 17.2905}], "r": [[0.452635, 0.83773, -0.305501], [-0.885219, 0.463372, -0.0409173], [0.107283, 0.288956, 0.951312]], "s": 0.846965, "t": [-26.6018, -38.5001, -22.0781], "timestamp": 17870326514}, {"currentFrameRate": 109.294, "devices": [], "gestures": [], "hands": [{"armBasis": [[0.267235, 0.901597, -0.340159], [-0.753062, 0.41564, 0.51004], [0.601234, 0.11986, 0.790032]], "armWidth": 66.9139, "confidence": 1, "direction": [0.404519, -0.418719, -0.813043], "elbow": [-180.706, 238.574, 280.32], "grabAngle": 3.14159, "grabStrength": 1, "id": 134, "palmNormal": [-0.905284, -0.309434, -0.291053], "palmPosition": [9.54937, 170.573, 10.9843], "palmVelocity": [3.3422, 1.49398, -2.312], "palmWidth": 90.0241, "pinchDistance": 37.2436, "pinchStrength": 0.308716, "r": [[0.452727, 0.837433, -0.306177], [-0.885207, 0.46333, -0.0416429], [0.106988, 0.289883, 0.951063]], "s": 0.84674, "sphereCenter": [-17.0234, 149.726, -11.865], "sphereRadius": 38.3674, "stabilizedPalmPosition": [9.33289, 170.221, 11.0648], "t": [26.632, -38.479, -22.0813], "timeVisible": 9.47853, "type": "left", "wrist": [-20.0955, 206.555, 69.2752]}], "id": 91229, "interactionBox": {"center": [0, 200, 0], "size": [235.247, 235.247, 147.751]}, "pointables": [{"bases": [[[-0.836449, 0.538616, -0.101227], [-0.351379, -0.385315, 0.853267], [0.420579, 0.749283, 0.511554]], [[-0.922307, 0.299071, -0.244756], [-0.338285, -0.318571, 0.885481], [0.18685, 0.899482, 0.394992]], [[-0.922307, 0.299071, -0.244756], [-0.378216, -0.568438, 0.730638], [0.0793842, 0.766443, 0.637388]], [[-0.922307, 0.299071, -0.244756], [-0.386341, -0.7291, 0.564938], [-0.00949494, 0.615606, 0.787997]]], "btipPosition": [-5.01017, 92.4932, 8.7426], "carpPosition": [-16.5559, 174.736, 65.7285], "dipPosition": [-4.80286, 105.934, 25.947], "direction": [0.0793842, -0.766443, -0.637388], "extended": true, "handId": 134, "id": 1340, "length": 48.619, "mcpPosition": [-16.5559, 174.736, 65.7285], "pipPosition": [-7.32788, 130.312, 46.2207], "stabilizedTipPosition": [-5.35272, 96.6221, 11.1583], "timeVisible": 9.47853, "tipPosition": [-4.45844, 94.95, 13.785], "tipVelocity": [-0.67827, 6.13591, -6.93025], "tool": false, "touchDistance": -0.238107, "touchZone": "touching", "type": 0, "width": 21.805}, {"bases": [[[0