{"frames": 49, "data": [{"currentFrameRate": 115.143, "devices": [], "gestures": [], "hands": [{"armBasis": [[-0.863807, -0.462459, 0.199924], [0.331428, -0.82045, -0.46585], [0.379465, -0.336144, 0.861982]], "armWidth": 66.9139, "confidence": 1, "direction": [0.0471667, 0.883664, -0.46574], "elbow": [-129.035, 23.4937, 249.735], "grabAngle": 3.14159, "grabStrength": 1, "id": 131, "palmNormal": [0.360043, 0.419878, 0.83311], "palmPosition": [-25.7146, 177.926, -14.916], "palmVelocity": [4.08667, 74.3281, -7.48446], "palmWidth": 90.0241, "pinchDistance": 20.3516, "pinchStrength": 1, "r": [[0.444952, 0.119256, 0.887578], [0.621686, 0.672248, -0.401982], [-0.644612, 0.730658, 0.224979]], "s": 1.17193, "sphereCenter": [-2.79857, 207.335, 9.2878], "sphereRadius": 38.8536, "stabilizedPalmPosition": [-23.8489, 173.939, -15.4442], "t": [-21.7103, -20.6482, -43.5364], "timeVisible": 6.61681, "type": "left", "wrist": [-27.6673, 113.289, 19.4706]}], "id": 86823, "interactionBox": {"center": [0, 200, 0], "size": [235.247, 235.247, 147.751]}, "pointables": [{"bases": [[[-0.0621024, -0.286407, -0.956093], [0.929285, -0.36606, 0.049296], [-0.364106, -0.885421, 0.288887]], [[0.0999547, 0.120745, -0.987639], [0.98256, -0.168401, 0.0788527], [-0.156799, -0.978295, -0.135471]], [[0.0999547, 0.120745, -0.987639], [0.994243, 0.0263905, 0.10385], [0.0386035, -0.992333, -0.117412]], [[0.0999547, 0.120745, -0.987639], [0.894363, 0.424085, 0.142362], [0.436032, -0.897537, -0.0656001]]], "btipPosition": [-42.3352, 234.167, 34.9076], "carpPosition": [-45.3391, 134.692, 23.0502], "dipPosition": [-51.8551, 214.571, 33.4753], "direction": [0.0386035, 0.992333, 0.117412], "extended": false, "handId": 131, "id": 1310, "length": 48.619, "mcpPosition": [-45.3391, 134.692, 23.0502], "pipPosition": [-53.083, 183.008, 29.7408], "stabilizedTipPosition": [-42.9489, 230.356, 30.7981], "timeVisible": 6.61681, "tipPosition": [-46.7809, 228.916, 36.1873], "tipVelocity": [-92.1176, 65.0981, -33.4987], "tool": false, "touchDistance": 0.333333, "touchZone": "none", "type": 0, "width": 21.805}, {"bases": [[[-0.926435, -0.0556743, -0.372316], [0.372369, -0.280855, -0.884569], [-0.055319, -0.958134, 0.280925]], [[-0.921007, 0.00565939, -0.389505], [0.318153, 0.587889, -0.74375], [0.224777, -0.808921, -0.543251]], [[-0.921007, 0.00565939, -0.389505], [-0.176417, 0.885418, 0.430014], [0.347308, 0.464761, -0.814478]], [[-0.921007, 0.00565939, -0.389505], [-0.336444, 0.492424, 0.802698], [0.196344, 0.870337, -0.451622]]], "btipPosition": [-28.4269, 212.083, 26.51], "carpPosition": [-44.37, 134.272, -0.378511], "dipPosition": [-31.5564, 225.955, 19.3116], "direction": [0.347308, -0.464761, 0.814478], "extended": false, "handId": 131, "id": 1311, "length": 54.8611, "mcpPosition": [-48.3966, 204.014, -20.8267], "pipPosition": [-39.3877, 236.435, 0.946452], "stabilizedTipPosition": [-27.7735, 213.088, 25.4769], "timeVisible": 6.61681, "tipPosition": [-29.2753, 211.719, 29.1396], "tipVelocity": [-108.913, 55.3667, -58.9033], "tool": false, "touchDistance": 0.333333, "touchZone": "none", "type": 1, "width": 20.8281}, {"bases": [[[-0.975206, -0.13591, -0.17465], [0.209078, -0.307191, -0.928396], [0.0725272, -0.941893, 0.327991]], [[-0.977497, -0.0928629, -0.189409], [0.0445525, 0.786757, -0.615653], [0.20619, -0.610238, -0.764915]], [[-0.977497, -0.0928629, -0.189409], [-0.186278, 0.801347, 0.568457], [0.0989939, 0.590948, -0.800613]], [[-0.977497, -0.0928629, -0.189409], [-0.202025, 0.153716, 0.967242], [-0.0607056, 0.983742, -0.169018]]], "btipPosition": [-18.0246, 193.221, 29.4374], "carpPosition": [-33.8644, 133.687, -6.51902], "dipPosition": [-16.9604, 210.466, 26.4744], "direction": [0.0989939, -0.590948, 0.800613], "extended": false, "handId": 131, "id": 1312, "length": 62.5098, "mcpPosition": [-28.858, 198.703, -29.1594], "pipPosition": [-19.5865, 226.143, 5.23566], "stabilizedTipPosition": [-18.7635, 193.141, 26.3736], "timeVisible": 6.61681, "tipPosition": [-20.7357, 191.691, 27.2741], "tipVelocity": [-69.089, 130.61, 20.1684], "tool": false, "touchDistance": 0.333333, "touchZone": "none", "type": 2, "width": 20.456}, {"bases": [[[-0.966871, -0.249489, -0.0539927], [0.141075, -0.345986, -0.927573], [0.212739, -0.904461, 0.36972]], [[-0.977221, -0.198714, -0.074506], [-0.115672, 0.793074, -0.598042], [0.177928, -0.575801, -0.797994]], [[-0.977221, -0.198714, -0.074506], [-0.199508, 0.740504, 0.641756], [-0.0723539, 0.642003, -0.763281]], [[-0.977221, -0.198714, -0.074506], [-0.0950923, 0.0961409, 0.990815], [-0.189726, 0.975331, -0.112847]]], "btipPosition": [-6.77269, 178.997, 22.3157], "carpPosition": [-22.1966, 132.534, -9.72465], "dipPosition": [-3.46574, 195.997, 20.3488], "direction": [-0.0723539, -0.642003, 0.763281], "extended": false, "handId": 131, "id": 1313, "length": 60.1048, "mcpPosition": [-9.01217, 188.588, -32.6381], "pipPosition": [-1.5959, 212.588, 0.623325], "stabilizedTipPosition": [-7.7627, 179.301, 19.359], "timeVisible": 6.61681, "tipPosition": [-9.71028, 179.252, 19.6998], "tipVelocity": [-24.9698, 127.954, 49.0446], "tool": false, "touchDistance": 0.333333, "touchZone": "none", "type": 3, "width": 19.4652}, {"bases": [[[-0.945681, -0.291874, 0.14317], [0.00721124, -0.459117, -0.888347], [0.325017, -0.83906, 0.436283]], [[-0.981845, -0.171644, 0.080739], [-0.182389, 0.737367, -0.650403], [0.0521033, -0.653321, -0.755286]], [[-0.981845, -0.171644, 0.080739], [-0.100338, 0.831192, 0.546856], [-0.160974, 0.528827, -0.833324]], [[-0.981845, -0.171644, 0.080739], [0.037332, 0.242465, 0.969442], [-0.185975, 0.954856, -0.231655]]], "btipPosition": [5.74876, 175.844, 12.8211], "carpPosition": [-8.68842, 131.16, -5.99373], "dipPosition": [8.73925, 191.198, 9.09604], "direction": [-0.160974, -0.528827, 0.833324], "extended": false, "handId": 131, "id": 1314, "length": 47.1211, "mcpPosition": [9.95773, 179.297, -31.0231], "pipPosition": [11.6764, 200.847, -6.10901], "stabilizedTipPosition": [3.1363, 174.906, 10.1319], "timeVisible": 6.61681, "tipPosition": [2.09891, 177.161, 10.3519], "tipVelocity": [-36.7938, 135.598, 63.5461], "tool": false, "touchDistance": 0.333333, "touchZone": "none", "type": 4, "width": 17.2905}], "r": [[0.444952, 0.119256, 0.887578], [0.621686, 0.672248, -0.401982], [-0.644612, 0.730658, 0.224979]], "s": 1.17193, "t": [21.7103, -20.6482, -43.5364], "timestamp": 17831458481}, {"currentFrameRate": 115.176, "devices": [], "gestures": [], "hands": [{"armBasis": [[-0.862891, -0.468491, 0.189566], [0.336569, -0.812506, -0.475979], [0.377016, -0.346916, 0.858783]], "armWidth": 66.9139, "confidence": 1, "direction": [0.044322, 0.885648, -0.462238], "elbow": [-128.032, 20.5172, 248.555], "grabAngle": 3.14159, "grabStrength": 1, "id": 131, "palmNormal": [0.36591, 0.416148, 0.832425], "palmPosition": [-25.5438, 178.038, -14.905], "palmVelocity": [19.7905, 13.0357, 1.27004], "palmWidth": 90.0241, "pinchDistance": 20.2219, "pinchStrength": 1, "r": [[0.443843, 0.11513, 0.888678], [0.623327, 0.672813, -0.39848], [-0.643791, 0.730799, 0.226859]], "s": 1.17179, "sphereCenter": [-2.3504, 207.373, 9.31068], "sphereRadius": 38.9068, "stabilizedPalmPosition": [-23.8939, 174.048, -15.4298], "t": [-21.5924, -20.4101, -43.5515], "timeVisible": 6.62544, "type": "left", "wrist": [-27.3184, 113.19, 19.1452]}], "id": 86824, "interactionBox": {"center": [0, 200, 0], "size": [235.247, 235.247, 147.751]}, "pointables": [{"bases": [[[-0.0554353, -0.282302, -0.957723], [0.929069, -0.365931, 0.0540863], [-0.365729, -0.886792, 0.282563]], [[0.105362, 0.121627, -0.986968], [0.981623, -0.171516, 0.0836548], [-0.159106, -0.977645, -0.137463]], [[0.105362, 0.121627, -0.986968], [0.993638, 0.0268329, 0.10938], [0.0397868, -0.992213, -0.118026]], [[0.105362, 0.121627, -0.986968], [0.893087, 0.424944, 0.147707], [0.437372, -0.897011, -0.0638504]]], "btipPosition": [-41.9679, 234.076, 34.9451], "carpPosition": [-44.9247, 134.648, 23.008], "dipPosition": [-51.5171, 214.491, 33.551], "direction": [0.0397868, 0.992213, 0.118026], "extended": false, "handId": 131, "id": 1310, "length": 48.619, "mcpPosition": [-44.9247, 134.648, 23.008], "pipPosition": [-52.7826, 182.932, 29.7969], "stabilizedTipPosition": [-42.9691, 230.343, 30.8618], "timeVisible": 6.62544, "tipPosition": [-46.191, 228.833, 36.5158], "tipVelocity": [41.7919, -10.2671, 5.36535], "tool": false, "touchDistance": 0.333333, "touchZone": "none", "type": 0, "width": 21.805}, {"bases": [[[-0.923839, -0.0544051, -0.378895], [0.378533, -0.2769, -0.883198], [-0.0568653, -0.959357, 0.276405]], [[-0.917747, 0.011653, -0.396994], [0.327044, 0.589323, -0.738742], [0.225349, -0.807813, -0.544661]], [[-0.917747, 0.011653, -0.396994], [-0.176317, 0.883717, 0.433539], [0.355882, 0.467876, -0.808974]], [[-0.917747, 0.011653, -0.396994], [-0.339919, 0.493931, 0.800304], [0.205414, 0.869423, -0.449343]]], "btipPosition": [-27.925, 212.129, 26.6853], "carpPosition": [-44.1164, 134.329, -0.428392], "dipPosition": [-31.1991, 225.986, 19.5232], "direction": [0.355882, -0.467876, 0.808974], "extended": false, "handId": 131, "id": 1311, "length": 54.8611, "mcpPosition": [-48.2555, 204.16, -20.5475], "pipPosition": [-39.2237, 236.536, 1.28211], "stabilizedTipPosition": [-27.8392, 213.25, 25.445], "timeVisible": 6.62544, "tipPosition": [-28.7884, 211.667, 29.2904], "tipVelocity": [54.3236, 4.93229, 21.2809], "tool": false, "touchDistance": 0.333333, "touchZone": "none", "type": 1, "width": 20.8281}, {"bases": [[[-0.973932, -0.13551, -0.181915], [0.215557, -0.303106, -0.928257], [0.0706489, -0.943273, 0.324415]], [[-0.976416, -0.0787042, -0.201041], [0.0622877, 0.788898, -0.611359], [0.206717, -0.609463, -0.76539]], [[-0.976416, -0.0787042, -0.201041], [-0.181972, 0.801113, 0.570179], [0.116181, 0.593316, -0.796542]], [[-0.976416, -0.0787042, -0.201041], [-0.210912, 0.148765, 0.966118], [-0.0461296, 0.985736, -0.161857]]], "btipPosition": [-17.2081, 193.263, 29.3478], "carpPosition": [-33.6534, 133.767, -6.64324], "dipPosition": [-16.3994, 210.544, 26.5103], "direction": [0.116181, -0.593316, 0.796542], "extended": false, "handId": 131, "id": 1312, "length": 62.5098, "mcpPosition": [-28.7767, 198.878, -29.0368], "pipPosition": [-19.4814, 226.283, 5.3796], "stabilizedTipPosition": [-18.6262, 193.464, 26.5565], "timeVisible": 6.62544, "tipPosition": [-20.2019, 191.738, 27.3382], "tipVelocity": [87.8397, 5.83153, -7.03824], "tool": false, "touchDistance": 0.333333, "touchZone": "none", "type": 2, "width": 20.456}, {"bases": [[[-0.96638, -0.249606, -0.061695], [0.147566, -0.341928, -0.928068], [0.210556, -0.90597, 0.367266]], [[-0.977267, -0.194831, -0.0836067], [-0.107378, 0.794874, -0.597198], [0.18281, -0.574644, -0.797725]], [[-0.977267, -0.194831, -0.0836067], [-0.202391, 0.739862, 0.641593], [-0.0631451, 0.643929, -0.762475]], [[-0.977267, -0.194831, -0.0836067], [-0.103188, 0.0926093, 0.990341], [-0.185207, 0.976455, -0.110608]]], "btipPosition": [-6.19939, 179.062, 22.1877], "carpPosition": [-22.0083, 132.623, -9.93372], "dipPosition": [-2.9712, 196.082, 20.2597], "direction": [-0.0631451, -0.643929, 0.762475], "extended": false, "handId": 131, "id": 1313, "length": 60.1048, "mcpPosition": [-8.95908, 188.771, -32.6951], "pipPosition": [-1.33934, 212.723, 0.55511], "stabilizedTipPosition": [-7.63702, 179.502, 19.489], "timeVisible": 6.62544, "tipPosition": [-9.25652, 179.254, 19.631], "tipVelocity": [64.3549, 8.07289, -13.8035], "tool": false, "touchDistance": 0.333333, "touchZone": "none", "type": 3, "width": 19.4652}, {"bases": [[[-0.946524, -0.292834, 0.135424], [0.0134804, -0.455277, -0.890248], [0.32235, -0.840816, 0.434878]], [[-0.982399, -0.171922, 0.0730457], [-0.177516, 0.737528, -0.651568], [0.0581453, -0.653066, -0.755065]], [[-0.982399, -0.171922, 0.0730457], [-0.104836, 0.831104, 0.546146], [-0.154603, 0.528875, -0.834499]], [[-0.982399, -0.171922, 0.0730457], [0.0301376, 0.240044, 0.970294], [-0.184349, 0.955417, -0.230637]]], "btipPosition": [6.1505, 175.995, 12.5917], "carpPosition": [-8.47537, 131.228, -6.30146], "dipPosition": [9.11484, 191.358, 8.88305], "direction": [-0.154603, -0.528875, 0.834499], "extended": false, "handId": 131, "id": 1314, "length": 47.1211, "mcpPosition": [10.0178, 179.465, -31.2503], "pipPosition": [11.9358, 201.008, -6.34343], "stabilizedTipPosition": [3.28004, 175.086, 10.1944], "timeVisible": 6.62544, "tipPosition": [2.49222, 177.181, 10.1861], "tipVelocity": [45.871, 17.6988, -26.149], "tool": false, "touchDistance": 0.333333, "touchZone": "none", "type": 4, "width": 17.2905}], "r": [[0.443843, 0.11513, 0.888678], [0.623327, 0.672813, -0.39848], [-0.643791, 0.730799, 0.226859]], "s": 1.17179, "t": [21.5924, -20.4101, -43.5515], "timestamp": 17831467108}, {"currentFrameRate": 115.214, "devices": [], "gestures": [], "hands": [{"armBasis": [[-0.862881, -0.473267, 0.177357], [0.341756, -0.804902, -0.485114], [0.372344, -0.357982, 0.856276]], "armWidth": 66.9139, "confidence": 1, "direction": [0.0426797, 0.886286, -0.461167], "elbow": [-126.467, 17.4673, 247.7], "grabAngle": 3.14159, "grabStrength": 1, "id": 131, "palmNormal": [0.370831, 0.414561, 0.831038], "palmPosition": [-25.3618, 178.081, -14.9259], "palmVelocity": [21.1253, 4.89478, -2.42527], "palmWidth": 90.0241, "pinchDistance": 20.1275, "pinchStrength": 1, "r": [[0.441962, 0.111653, 0.890058], [0.624935, 0.673491, -0.394799], [-0.643527, 0.730714, 0.227881]], "s": 1.17185, "sphereCenter": [-2.09312, 207.402, 9.25648], "sphereRadius": 38.8976, "stabilizedPalmPosition": [-23.9326, 174.154, -15.4165], "t": [-21.4424, -20.27, -43.5695], "timeVisible": 6.63406, "type": "left", "wrist": [-27.0012, 113.097, 18.9601]}], "id": 86825, "interactionBox": {"center": [0, 200, 0], "size": [235.247, 235.247, 147.751]}, "pointables": [{"bases": [[[-0.0499589, -0.28094, -0.958424], [0.92912, -0.365107, 0.0585913], [-0.366388, -0.887564, 0.279267]], [[0.109332, 0.119875, -0.98675], [0.980837, -0.174061, 0.0875308], [-0.161262, -0.977411, -0.136609]], [[0.109332, 0.119875, -0.98675], [0.99321, 0.0265199, 0.113269], [0.0397467, -0.992435, -0.116162]], [[0.109332, 0.119875, -0.98675], [0.892667, 0.42484, 0.150519], [0.437254, -0.897296, -0.0605604]]], "btipPosition": [-41.7327, 234.083, 34.7916], "carpPosition": [-44.5791, 134.653, 23.0278], "dipPosition": [-51.2793, 214.492, 33.4694], "direction": [0.0397467, 0.992435, 0.116162], "extended": false, "handId": 131, "id": 1310, "length": 48.619, "mcpPosition": [-44.5791, 134.653, 23.0278], "pipPosition": [-52.5435, 182.925, 29.7746], "stabilizedTipPosition": [-42.9855, 230.33, 30.9237], "timeVisible": 6.63406, "tipPosition": [-45.6349, 228.838, 36.6248], "tipVelocity": [27.3779, 0.620746, -15.8931], "tool": false, "touchDistance": 0.333333, "touchZone": "none", "type": 0, "width": 21.805}, {"bases": [[[-0.921715, -0.0547427, -0.383985], [0.383593, -0.275226, -0.881537], [-0.057425, -0.95982, 0.274679]], [[-0.915011, 0.0158741, -0.403115], [0.334039, 0.590104, -0.73498], [0.226213, -0.807171, -0.545255]], [[-0.915011, 0.0158741, -0.403115], [-0.175451, 0.884123, 0.433063], [0.363278, 0.466985, -0.806197]], [[-0.915011, 0.0158741, -0.403115], [-0.342797, 0.496248, 0.797639], [0.212707, 0.868036, -0.448631]]], "btipPosition": [-27.4301, 212.218, 26.7761], "carpPosition": [-43.8983, 134.368, -0.413027], "dipPosition": [-30.8204, 226.053, 19.6253], "direction": [0.363278, -0.466985, 0.806197], "extended": false, "handId": 131, "id": 1311, "length": 54.8611, "mcpPosition": [-48.0782, 204.232, -20.4065], "pipPosition": [-39.0118, 236.583, 1.44688], "stabilizedTipPosition": [-27.8659, 213.405, 25.4224], "timeVisible": 6.63406, "tipPosition": [-28.3326, 211.674, 29.3048], "tipVelocity": [54.345, 9.74032, 10.8436], "tool": false, "touchDistance": 0.333333, "touchZone": "none", "type": 1, "width": 20.8281}, {"bases": [[[-0.972797, -0.136188, -0.1874], [0.22089, -0.301525, -0.927518], [0.0698109, -0.943682, 0.323405]], [[-0.975233, -0.0793557, -0.206456], [0.0651975, 0.78881, -0.611169], [0.211354, -0.609493, -0.764099]], [[-0.975233, -0.0793557, -0.206456], [-0.185839, 0.800142, 0.570295], [0.119938, 0.594538, -0.795072]], [[-0.975233, -0.0793557, -0.206456], [-0.21623, 0.145659, 0.965416], [-0.0465391, 0.986147, -0.159211]]], "btipPosition": [-16.7814, 193.291, 29.232], "carpPosition": [-33.4698, 133.804, -6.68542], "dipPosition": [-15.9655, 210.579, 26.4409], "direction": [0.119938, -0.594538, 0.795072], "extended": false, "handId": 131, "id": 1312, "length": 62.5098, "mcpPosition": [-28.6509, 198.944, -29.0092], "pipPosition": [-19.1472, 226.351, 5.34912], "stabilizedTipPosition": [-18.4676, 193.761, 26.7153], "timeVisible": 6.63406, "tipPosition": [-19.7584, 191.746, 27.3154], "tipVelocity": [49.7225, 3.42549, -12.209], "tool": false, "touchDistance": 0.333333, "touchZone": "none", "type": 2, "width": 20.456}, {"bases": [[[-0.965786, -0.250454, -0.0673089], [0.152936, -0.340413, -0.927755], [0.209447, -0.906307, 0.36707]], [[-0.976607, -0.195657, -0.0891987], [-0.104454, 0.794247, -0.598548], [0.187956, -0.57523, -0.796105]], [[-0.976607, -0.195657, -0.0891987], [-0.206671, 0.739531, 0.640611], [-0.0593749, 0.64406, -0.762668]], [[-0.976607, -0.195657, -0.0891987], [-0.108746, 0.0915349, 0.989846], [-0.185506, 0.976391, -0.110671]]], "btipPosition": [-5.79697, 179.136, 22.0314], "carpPosition": [-21.8439, 132.655, -10.0408], "dipPosition": [-2.56357, 196.155, 20.1023], "direction": [-0.0593749, -0.64406, 0.762668], "extended": false, "handId": 131, "id": 1313, "length": 60.1048, "mcpPosition": [-8.8634, 188.823, -32.7899], "pipPosition": [-1.02915, 212.799, 0.39274], "stabilizedTipPosition": [-7.49909, 179.691, 19.6011], "timeVisible": 6.63406, "tipPosition": [-8.85763, 179.258, 19.5382], "tipVelocity": [46.8504, 8.61347, -18.1731], "tool": false, "touchDistance": 0.333333, "touchZone": "none", "type": 3, "width": 19.4652}, {"bases": [[[-0.946958, -0.293954, 0.129851], [0.0187589, -0.453947, -0.890831], [0.320809, -0.841144, 0.435384]], [[-0.982697, -0.172579, 0.0672489], [-0.174013, 0.735873, -0.654378], [0.0634452, -0.654758, -0.753171]], [[-0.982697, -0.172579, 0.0672489], [-0.108789, 0.831653, 0.544535], [-0.149903, 0.527798, -0.836038]], [[-0.982697, -0.172579, 0.0672489], [0.0242817, 0.239907, 0.970492], [-0.18362, 0.955333, -0.231566]]], "btipPosition": [6.51692, 176.103, 12.3606], "carpPosition": [-8.29279, 131.241, -6.4841], "dipPosition": [9.46955, 191.465, 8.637], "direction": [-0.149903, -0.527798, 0.836038], "extended": false, "handId": 131, "id": 1314, "length": 47.1211, "mcpPosition": [10.1119, 179.497, -31.4619], "pipPosition": [12.2047, 201.095, -6.61755], "stabilizedTipPosition": [3.42756, 175.257, 10.2437], "timeVisible": 6.63406, "tipPosition": [2.85172, 177.183, 10.0258], "tipVelocity": [42.22, 12.5699, -27.2256], "tool": false, "touchDistance": 0.333333, "touchZone": "none", "type": 4, "width": 17.2905}], "r": [[0.441962, 0.111653, 0.890058], [0.624935, 0.673491, -0.394799], [-0.643527, 0.730714, 0.227881]], "s": 1.17185, "t": [21.4424, -20.27, -43.5695], "timestamp": 17831475723}, {"currentFrameRate": 115.241, "devices": [], "gestures": [], "hands": [{"armBasis": [[-0.863403, -0.476718, 0.165155], [0.346431, -0.798178, -0.492846], [0.366772, -0.36831, 0.854299]], "armWidth": 66.9139, "confidence": 1, "direction": [0.0425089, 0.885922, -0.461882], "elbow": [-124.712, 14.6783, 247.095], "grabAngle": 3.14159, "grabStrength": 1, "id": 131, "palmNormal": [0.374333, 0.414502, 0.829496], "palmPosition": [-25.1568, 178.123, -14.9738], "palmVelocity": [23.7465, 4.88953, -5.54937], "palmWidth": 90.0241, "pinchDistance": 20.0831, "pinchStrength": 1, "r": [[0.439807, 0.109124, 0.891438], [0.62627, 0.674171, -0.391509], [-0.643705, 0.730469, 0.228164]], "s": 1.17203, "sphereCenter": [-1.82191, 207.457, 9.15106], "sphereRadius": 38.8953, "stabilizedPalmPosition": [-23.9645, 174.257, -15.405], "t": [-21.265, -20.1789, -43.6025], "timeVisible": 6.64269, "type": "left", "wrist": [-26.7352, 113.066, 18.8828]}], "id": 86826, "interactionBox": {"center": [0, 200, 0], "size": [235.247, 235.247, 147.751]}, "pointables": [{"bases": [[[-0.0462298, -0.281632, -0.958408], [0.929493, -0.36359, 0.0620073], [-0.365931, -0.887967, 0.278583]], [[0.111463, 0.116641, -0.9869], [0.980348, -0.175561, 0.0899742], [-0.162766, -0.977534, -0.133917]], [[0.111463, 0.116641, -0.9869], [0.992981, 0.0264678, 0.115278], [0.0395673, -0.992821, -0.112872]], [[0.111463, 0.116641, -0.9869], [0.892762, 0.424471, 0.150999], [0.436523, -0.897897, -0.0568195]]], "btipPosition": [-41.5625, 234.211, 34.518], "carpPosition": [-44.3131, 134.75, 23.0735], "dipPosition": [-51.0932, 214.607, 33.2775], "direction": [0.0395673, 0.992821, 0.112872], "extended": false, "handId": 131, "id": 1310, "length": 48.619, "mcpPosition": [-44.3131, 134.75, 23.0735], "pipPosition": [-52.3517, 183.028, 29.6873], "stabilizedTipPosition": [-42.9968, 230.321, 30.9723], "timeVisible": 6.64269, "tipPosition": [-45.1385, 228.964, 36.5562], "tipVelocity": [20.1328, 14.5524, -29.5195], "tool": false, "touchDistance": 0.333333, "touchZone": "none", "type": 0, "width": 21.805}, {"bases": [[[-0.920307, -0.0564554, -0.387103], [0.387047, -0.275179, -0.880041], [-0.0568395, -0.959734, 0.2751]], [[-0.913155, 0.0179288, -0.407217], [0.338186, 0.591026, -0.732338], [0.227546, -0.806454, -0.545761]], [[-0.913155, 0.0179288, -0.407217], [-0.174901, 0.885154, 0.431175], [0.36818, 0.464952, -0.805148]], [[-0.913155, 0.0179288, -0.407217], [-0.34501, 0.498008, 0.795586], [0.217061, 0.866987, -0.448573]]], "btipPosition": [-26.9688, 212.326, 26.7848], "carpPosition": [-43.713, 134.449, -0.36937], "dipPosition": [-30.4285, 226.145, 19.635], "direction": [0.36818, -0.464952, 0.805148], "extended": false, "handId": 131, "id": 1311, "length": 54.8611, "mcpPosition": [-47.8503, 204.307, -20.3935], "pipPosition": [-38.7304, 236.629, 1.48024], "stabilizedTipPosition": [-27.8586, 213.557, 25.4019], "timeVisible": 6.64269, "tipPosition": [-27.9218, 211.772, 29.2207], "tipVelocity": [51.5913, 12.1381, 1.03903], "tool": false, "touchDistance": 0.333333, "touchZone": "none", "type": 1, "width": 20.8281}, {"bases": [[[-0.971932, -0.137856, -0.190642], [0.224544, -0.301766, -0.926562], [0.070203, -0.943363, 0.32425]], [[-0.974393, -0.08104, -0.209742], [0.0662993, 0.787775, -0.612385], [0.214857, -0.610609, -0.762229]], [[-0.974393, -0.08104, -0.209742], [-0.189174, 0.799664, 0.569868], [0.121541, 0.594953, -0.794518]], [[-0.974393, -0.08104, -0.209742], [-0.219688, 0.144318, 0.964836], [-0.0479208, 0.986207, -0.158426]]], "btipPosition": [-16.4156, 193.367, 29.0694], "carpPosition": [-33.3069, 133.865, -6.67707], "dipPosition": [-15.5755, 210.656, 26.2921], "direction": [0.121541, -0.594953, 0.794518], "extended": false, "handId": 131, "id": 1312, "length": 62.5098, "mcpPosition": [-28.461, 198.983, -29.0592], "pipPosition": [-18.7998, 226.439, 5.21501], "stabilizedTipPosition": [-18.3002, 194.028, 26.8431], "timeVisible": 6.64269, "tipPosition": [-19.3718, 191.833, 27.245], "tipVelocity": [43.0193, 8.89275, -18.4679], "tool": false, "touchDistance": 0.333333, "touchZone": "none", "type": 2, "width": 20.456}, {"bases": [[[-0.96515, -0.252034, -0.0704534], [0.156654, -0.340762, -0.927006], [0.209629, -0.905737, 0.368369]], [[-0.975984, -0.197269, -0.0924155], [-0.103228, 0.79238, -0.60123], [0.191832, -0.577251, -0.793714]], [[-0.975984, -0.197269, -0.0924155], [-0.210078, 0.740043, 0.638908], [-0.0576449, 0.642978, -0.763712]], [[-0.975984, -0.197269, -0.0924155], [-0.112317, 0.0921836, 0.989387], [-0.186656, 0.976006, -0.112126]]], "btipPosition": [-5.45, 179.26, 21.8729], "carpPosition": [-21.6944, 132.694, -10.0715], "dipPosition": [-2.19656, 196.272, 19.9185], "direction": [-0.0576449, -0.642978, 0.763712], "extended": false, "handId": 131, "id": 1313, "length": 60.1048, "mcpPosition": [-8.70264, 188.828, -32.9011], "pipPosition": [-0.706838, 212.888, 0.181869], "stabilizedTipPosition": [-7.35493, 179.87, 19.695], "timeVisible": 6.64269, "tipPosition": [-8.50759, 179.321, 19.446], "tipVelocity": [40.7303, 14.1196, -19.0382], "tool": false, "touchDistance": 0.333333, "touchZone": "none", "type": 3, "width": 19.4652}, {"bases": [[[-0.946929, -0.295377, 0.126798], [0.0225311, -0.454487, -0.890469], [0.320652, -0.840354, 0.437022]], [[-0.982728, -0.173714, 0.0637965], [-0.172273, 0.732835, -0.658236], [0.0675927, -0.657857, -0.750103]], [[-0.982728, -0.173714, 0.0637965], [-0.112042, 0.832882, 0.541991], [-0.147286, 0.525481, -0.83796]], [[-0.982728, -0.173714, 0.0637965], [0.0202521, 0.241713, 0.970136], [-0.183947, 0.954672, -0.23402]]], "btipPosition": [6.84657, 176.233, 12.1638], "carpPosition": [-8.13348, 131.262, -6.56028], "dipPosition": [9.80445, 191.585, 8.40071], "direction": [-0.147286, -0.525481, 0.83796], "extended": false, "handId": 131, "id": 1314, "length": 47.1211, "mcpPosition": [10.2622, 179.472, -31.6321], "pipPosition": [12.4919, 201.173, -6.88891], "stabilizedTipPosition": [3.57893, 175.423, 10.2827], "timeVisible": 6.64269, "tipPosition": [3.17905, 177.219, 9.89413], "tipVelocity": [38.3287, 14.8111, -23.8532], "tool": false, "touchDistance": 0.333333, "touchZone": "none", "type": 4, "width": 17.2905}], "r": [[0.439807, 0.109124, 0.891438], [0.62627, 0.674171, -0.391509], [-0.643705, 0.730469, 0.228164]], "s": 1.17203, "t": [21.265, -20.1789, -43.6025], "timestamp": 17831484355}, {"currentFrameRate": 115.202, "devices": [], "gestures": [], "hands": [{"armBasis": [[-0.864003, -0.479316, 0.154127], [0.350636, -0.792502, -0.498994], [0.361322, -0.37709, 0.852789]], "armWidth": 66.9139, "confidence": 1, "direction": [0.0434863, 0.885121, -0.463324], "elbow": [-123.075, 12.3105, 246.657], "grabAngle": 3.14159, "grabStrength": 1, "id": 131, "palmNormal": [0.376929, 0.414953, 0.828093], "palmPosition": [-24.9655, 178.136, -15.0437], "palmVelocity": [21.8771, 1.51705, -7.99739], "palmWidth": 90.0241, "pinchDistance": 20.0871, "pinchStrength": 1, "r": [[0.437669, 0.107563, 0.892679], [0.627198, 0.674862, -0.388824], [-0.644258, 0.730063, 0.227903]], "s": 1.17228, "sphereCenter": [-1.55651, 207.48, 9.01826], "sphereRadius": 38.901, "stabilizedPalmPosition": [-23.9896, 174.355, -15.3959], "t": [-21.0806, -20.1267, -43.6539], "timeVisible": 6.65143, "type": "left", "wrist": [-26.5534, 113.044, 18.8481]}], "id": 86827, "interactionBox": {"center": [0, 200, 0], "size": [235.247, 235.247, 147.751]}, "pointables": [{"bases": [[[-0.0436563, -0.283195, -0.958068], [0.930151, -0.361474, 0.0644636], [-0.364572, -0.888334, 0.279195]], [[0.112379, 0.113123, -0.987205], [0.980094, -0.176258, 0.0913726], [-0.163667, -0.977822, -0.130679]], [[0.112379, 0.113123, -0.987205], [0.992871, 0.0269338, 0.116111], [0.039724, -0.993216, -0.109289]], [[0.112379, 0.113123, -0.987205], [0.892954, 0.424325, 0.150273], [0.435895, -0.898416, -0.0533281]]], "btipPosition": [-41.4406, 234.363, 34.2035], "carpPosition": [-44.1379, 134.863, 23.109], "dipPosition": [-50.9575, 214.747, 33.0391], "direction": [0.039724, 0.993216, 0.109289], "extended": false, "handId": 131, "id": 1310, "length": 48.619, "mcpPosition": [-44.1379, 134.863, 23.109], "pipPosition": [-52.221, 183.156, 29.5629], "stabilizedTipPosition": [-43.0044, 230.315, 31.0082], "timeVisible": 6.65143, "tipPosition": [-44.7072, 229.115, 36.3941], "tipVelocity": [14.3044, 16.9992, -33.9695], "tool": false, "touchDistance": 0.333333, "touchZone": "none", "type": 0, "width": 21.805}, {"bases": [[[-0.919387, -0.059047, -0.388896], [0.389444, -0.27568, -0.878825], [-0.0553191, -0.959434, 0.276453]], [[-0.912002, 0.0179963, -0.409791], [0.339818, 0.592676, -0.730246], [0.229732, -0.80524, -0.546637]], [[-0.912002, 0.0179963, -0.409791], [-0.17541, 0.88597, 0.429289], [0.370788, 0.463394, -0.804849]], [[-0.912002, 0.0179963, -0.409791], [-0.346972, 0.499, 0.79411], [0.218777, 0.866415, -0.448844]]], "btipPosition": [-26.5579, 212.376, 26.7539], "carpPosition": [-43.5865, 134.525, -0.334539], "dipPosition": [-30.045, 226.186, 19.5997], "direction": [0.370788, -0.463394, 0.804849], "extended": false, "handId": 131, "id": 1311, "length": 54.8611, "mcpPosition": [-47.6131, 204.361, -20.4571], "pipPosition": [-38.4056, 236.635, 1.45167], "stabilizedTipPosition": [-27.8222, 213.703, 25.3805], "timeVisible": 6.65143, "tipPosition": [-27.5655, 211.885, 29.0762], "tipVelocity": [46.2691, 5.46089, -3.65397], "tool": false, "touchDistance": 0.333333, "touchZone": "none", "type": 1, "width": 20.8281}, {"bases": [[[-0.971238, -0.140259, -0.192416], [0.227095, -0.302692, -0.925638], [0.0715866, -0.942712, 0.325838]], [[-0.973783, -0.0834782, -0.211609], [0.0659765, 0.786605, -0.613922], [0.217701, -0.611788, -0.760475]], [[-0.973783, -0.0834782, -0.211609], [-0.192274, 0.799156, 0.569545], [0.121564, 0.5953, -0.794255]], [[-0.973783, -0.0834782, -0.211609], [-0.22188, 0.143432, 0.964467], [-0.0501605, 0.986133, -0.158194]]], "btipPosition": [-16.1186, 193.411, 28.8844], "carpPosition": [-33.1946, 133.909, -6.66259], "dipPosition": [-15.2392, 210.699, 26.1111], "direction": [0.121564, -0.5953, 0.794255], "extended": false, "handId": 131, "id": 1312, "length": 62.5098, "mcpPosition": [-28.2532, 198.982, -29.1543], "pipPosition": [-18.4641, 226.491, 5.04103], "stabilizedTipPosition": [-18.1361, 194.259, 26.9398], "timeVisible": 6.65143, "tipPosition": [-19.0497, 191.923, 27.1473], "tipVelocity": [34.9956, 4.99529, -21.0503], "tool": false, "touchDistance": 0.333333, "touchZone": "none", "type": 2, "width": 20.456}, {"bases": [[[-0.964455, -0.254238, -0.0720397], [0.15929, -0.341836, -0.926161], [0.21084, -0.904716, 0.370183]], [[-0.975362, -0.199531, -0.0941077], [-0.103398, 0.790287, -0.60395], [0.194879, -0.579339, -0.791447]], [[-0.975362, -0.199531, -0.0941077], [-0.212998, 0.740638, 0.63725], [-0.0574512, 0.641594, -0.76489]], [[-0.975362, -0.199531, -0.0941077], [-0.114522, 0.0933473, 0.989025], [-0.188556, 0.975435, -0.113898]]], "btipPosition": [-5.17335, 179.342, 21.7198], "carpPosition": [-21.5917, 132.708, -10.0789], "dipPosition": [-1.88678, 196.344, 19.7345], "direction": [-0.0574512, -0.641594, 0.76489], "extended": false, "handId": 131, "id": 1313, "length": 60.1048, "mcpPosition": [-8.52486, 188.778, -33.021], "pipPosition": [-0.402074, 212.925, -0.0325152], "stabilizedTipPosition": [-7.21165, 180.035, 19.7715], "timeVisible": 6.65143, "tipPosition": [-8.22559, 179.369, 19.349], "tipVelocity": [32.5062, 9.20932, -18.3163], "tool": false, "touchDistance": 0.333333, "touchZone": "none", "type": 3, "width": 19.4652}, {"bases": [[[-0.946543, -0.297241, 0.125315], [0.0253404, -0.455796, -0.889724], [0.32158, -0.838986, 0.438963]], [[-0.982534, -0.175479, 0.0619122], [-0.172032, 0.729783, -0.661681], [0.0709287, -0.660775, -0.747225]], [[-0.982534, -0.175479, 0.0619122], [-0.114961, 0.834055, 0.53957], [-0.146321, 0.523029, -0.839661]], [[-0.982534, -0.175479, 0.0619122], [0.0174688, 0.244265, 0.969551], [-0.185259, 0.953699, -0.236933]]], "btipPosition": [7.11311, 176.301, 12.0024], "carpPosition": [-8.02674, 131.251, -6.59326], "dipPosition": [10.0921, 191.636, 8.19247], "direction": [-0.146321, -0.523029, 0.839661], "extended": false, "handId": 131, "id": 1314, "length": 47.1211, "mcpPosition": [10.4222, 179.383, -31.7764], "pipPosition": [12.7619, 201.18, -7.1282], "stabilizedTipPosition": [3.73057, 175.582, 10.313], "timeVisible": 6.65143, "tipPosition": [3.44553, 177.224, 9.77576], "tipVelocity": [31.0341, 7.30428, -19.6879], "tool": false, "touchDistance": 0.333333, "touchZone": "none", "type": 4, "width": 17.2905}], "r": [[0.437669, 0.107563, 0.892679], [0.627198, 0.674862, -0.388824], [-0.644258, 0.730063, 0.227903]], "s": 1.17228, "t": [21.0806, -20.1267, -43.6539], "timestamp": 17831493100}, {"currentFrameRate": 115.208, "devices": [], "gestures": [], "hands": [{"armBasis": [[-0.864195, -0.481782, 0.145099], [0.354729, -0.787896, -0.503376], [0.356841, -0.383544, 0.851798]], "armWidth": 66.9139, "confidence": 1, "direction": [0.0455099, 0.883381, -0.466441], "elbow": [-121.746, 10.6171, 246.457], "grabAngle": 3.14159, "grabStrength": 1, "id": 131, "palmNormal": [0.37897, 0.416754, 0.826255], "palmPosition": [-24.7483, 178.131, -15.1426], "palmVelocity": [25.0532, -0.550646, -11.4019], "palmWidth": 90.0241, "pinchDistance": 20.12, "pinchStrength": 0.998246, "r": [[0.43571, 0.107179, 0.893683], [0.627635, 0.675497, -0.387012], [-0.64516, 0.729531, 0.227051]], "s": 1.17264, "sphereCenter": [-1.25004, 207.502, 8.80961], "sphereRadius": 38.9133, "stabilizedPalmPosition": [-24.0075, 174.444, -15.39], "t": [-20.8798, -20.1029, -43.7291], "timeVisible": 6.6601, "type": "left", "wrist": [-26.4217, 113.075, 18.9128]}], "id": 86828, "interactionBox": {"center": [0, 200, 0], "size": [235.247, 235.247, 147.751]}, "pointables": [{"bases": [[[-0.0418506, -0.286642, -0.957123], [0.931104, -0.358607, 0.0666837], [-0.362345, -0.88839, 0.281901]], [[0.112417, 0.108211, -0.987751], [0.980056, -0.176007, 0.0922592], [-0.163868, -0.978423, -0.125839]], [[0.112417, 0.108211, -0.987751], [0.992837, 0.028254, 0.116091], [0.0404702, -0.993726, -0.104259]], [[0.112417, 0.108211, -0.987751], [0.892963, 0.425037, 0.148193], [0.435867, -0.898685, -0.0488467]]], "btipPosition": [-41.2928, 234.597, 33.7777], "carpPosition": [-44.0033, 135.046, 23.1801], "dipPosition": [-50.8091, 214.976, 32.7112], "direction": [0.0404702, 0.993726, 0.104259], "extended": false, "handId": 131, "id": 1310, "length": 48.619, "mcpPosition": [-44.0033, 135.046, 23.1801], "pipPosition": [-52.0964, 183.368, 29.395], "stabilizedTipPosition": [-43.0092, 230.313, 31.0336], "timeVisible": 6.6601, "tipPosition": [-44.2755, 229.359, 36.0865], "tipVelocity": [17.0621, 26.8665, -46.5067], "tool": false, "touchDistance": 0.333333, "touchZone": "none", "type": 0, "width": 21.805}, {"bases": [[[-0.918809, -0.0630057, -0.389642], [0.391143, -0.277623, -0.877458], [-0.0528888, -0.958622, 0.279727]], [[-0.911383, 0.0157714, -0.411256], [0.339334, 0.594228, -0.729209], [0.232879, -0.804142, -0.546921]], [[-0.911383, 0.0157714, -0.411256], [-0.176734, 0.887441, 0.425692], [0.371679, 0.460652, -0.806011]], [[-0.911383, 0.0157714, -0.411256], [-0.349045, 0.499818, 0.792685], [0.218055, 0.865987, -0.450021]]], "btipPosition": [-26.1371, 212.441, 26.6438], "carpPosition": [-43.4774, 134.625, -0.262663], "dipPosition": [-29.6127, 226.244, 19.4709], "direction": [0.371679, -0.460652, 0.806011], "extended": false, "handId": 131, "id": 1311, "length": 54.8611, "mcpPosition": [-47.3271, 204.402, -20.6236], "pipPosition": [-37.9935, 236.631, 1.29661], "stabilizedTipPosition": [-27.7598, 213.837, 25.3533], "timeVisible": 6.6601, "tipPosition": [-27.2037, 212.075, 28.8247], "tipVelocity": [48.8311, 7.32388, -13.1963], "tool": false, "touchDistance": 0.333333, "touchZone": "none", "type": 1, "width": 20.8281}, {"bases": [[[-0.970635, -0.143682, -0.192935], [0.228921, -0.305257, -0.924345], [0.0739173, -0.941368, 0.329185]], [[-0.97332, -0.0869756, -0.212327], [0.0642643, 0.785001, -0.616152], [0.220267, -0.613359, -0.758468]], [[-0.97332, -0.0869756, -0.212327], [-0.195488, 0.798832, 0.568904], [0.120133, 0.595234, -0.794522]], [[-0.97332, -0.0869756, -0.212327], [-0.223144, 0.143342, 0.964189], [-0.0534255, 0.985844, -0.158926]]], "btipPosition": [-15.8369, 193.444, 28.6463], "carpPosition": [-33.094, 133.957, -6.5993], "dipPosition": [-14.9003, 210.727, 25.8602], "direction": [0.120133, -0.595234, 0.794522], "extended": false, "handId": 131, "id": 1312, "length": 62.5098, "mcpPosition": [-27.9916, 198.937, -29.3221], "pipPosition": [-18.0872, 226.517, 4.783], "stabilizedTipPosition": [-17.9864, 194.447, 27.0032], "timeVisible": 6.6601, "tipPosition": [-18.726, 192.088, 27.0016], "tipVelocity": [34.0094, 3.65049, -27.8004], "tool": false, "touchDistance": 0.333333, "touchZone": "none", "type": 2, "width": 20.456}, {"bases": [[[-0.963654, -0.257223, -0.0721559], [0.161228, -0.344596, -0.924802], [0.213016, -0.902823, 0.373543]], [[-0.974694, -0.202623, -0.0944252], [-0.104844, 0.787415, -0.607442], [0.197434, -0.58217, -0.788732]], [[-0.974694, -0.202623, -0.0944252], [-0.215711, 0.741663, 0.635141], [-0.0586628, 0.639437, -0.766603]], [[-0.974694, -0.202623, -0.0944252], [-0.115656, 0.0956117, 0.988677], [-0.191301, 0.974578, -0.116627]]], "btipPosition": [-4.91749, 179.417, 21.5457], "carpPosition": [-21.498, 132.711, -10.0235], "dipPosition": [-1.58309, 196.404, 19.5128], "direction": [-0.0586628, -0.639437, 0.766603], "extended": false, "handId": 131, "id": 1313, "length": 60.1048, "mcpPosition": [-8.29635, 188.664, -33.1738], "pipPosition": [-0.0670654, 212.929, -0.298458], "stabilizedTipPosition": [-7.07715, 180.18, 19.8289], "timeVisible": 6.6601, "tipPosition": [-7.95684, 179.449, 19.2341], "tipVelocity": [30.7759, 8.22381, -21.3415], "tool": false, "touchDistance": 0.333333, "touchZone": "none", "type": 3, "width": 19.4652}, {"bases": [[[-0.945827, -0.29949, 0.125365], [0.0275636, -0.458808, -0.888108], [0.323498, -0.836541, 0.442208]], [[-0.982133, -0.177887, 0.0614169], [-0.173113, 0.72598, -0.665571], [0.0738087, -0.664311, -0.743803]], [[-0.982133, -0.177887, 0.0614169], [-0.117761, 0.835486, 0.536746], [-0.146793, 0.519923, -0.841506]], [[-0.982133, -0.177887, 0.0614169], [0.0156805, 0.247867, 0.968667], [-0.187536, 0.952323, -0.240649]]], "btipPosition": [7.36598, 176.333, 11.8431], "carpPosition": [-7.93363, 131.228, -6.54684], "dipPosition": [10.3816, 191.646, 7.97349], "direction": [-0.146793, -0.519923, 0.841506], "extended": false, "handId": 131, "id": 1314, "length": 47.1211, "mcpPosition": [10.6253, 179.22, -31.9162], "pipPosition": [13.06, 201.133, -7.38084], "stabilizedTipPosition": [3.8771, 175.726, 10.3347], "timeVisible": 6.6601, "tipPosition": [3.70043, 177.234, 9.65473], "tipVelocity": [30.1344, 3.11512, -19.9502], "tool": false, "touchDistance": 0.333333, "touchZone": "none", "type": 4, "width": 17.2905}], "r": [[0.43571, 0.107179, 0.893683], [0.627635, 0.675497, -0.387012], [-0.64516, 0.729531, 0.227051]], "s": 1.17264, "t": [20.8798, -20.1029, -43.7291], "timestamp": 17831501771}, {"currentFrameRate": 115.253, "devices": [], "gestures": [], "hands": [{"armBasis": [[-0.863777, -0.484679, 0.137754], [0.359385, -0.784235, -0.505784], [0.353174, -0.387378, 0.851591]], "armWidth": 66.9139, "confidence": 1, "direction": [0.0482154, 0.880836, -0.470961], "elbow": [-120.719, 9.72326, 246.569], "grabAngle": 3.14159, "grabStrength": 1, "id": 131, "palmNormal": [0.381468, 0.419529, 0.823697], "palmPosition": [-24.5565, 178.161, -15.2472], "palmVelocity": [22.3003, 3.50046, -12.1639], "palmWidth": 90.0241, "pinchDistance": 20.2015, "pinchStrength": 0.992018, "r": [[0.433856, 0.108096, 0.894474], [0.627573, 0.676076, -0.386101], [-0.646468, 0.72886, 0.225481]], "s": 1.17305, "sphereCenter": [-0.928172, 207.569, 8.53679], "sphereRadius": 38.9287, "stabilizedPalmPosition": [-24.0194, 174.524, -15.3869], "t": [-20.6835, -20.076, -43.8189], "timeVisible": 6.6687, "type": "left", "wrist": [-26.3739, 113.205, 19.0802]}], "id": 86829, "interactionBox": {"center": [0, 200, 0], "size": [235.247, 235.247, 147.751]}, "pointables": [{"bases": [[[-0.0396754, -0.291633, -0.955707], [0.932339, -0.35483, 0.0695707], [-0.359402, -0.888283, 0.285979]], [[0.112683, 0.102298, -0.988351], [0.980156, -0.174701, 0.0936664], [-0.163084, -0.979293, -0.119954]], [[0.112683, 0.102298, -0.988351], [0.992747, 0.0303538, 0.116326], [0.0419002, -0.994291, -0.0981361]], [[0.112683, 0.102298, -0.988351], [0.892654, 0.426471, 0.145914], [0.43643, -0.898698, -0.0432611]]], "btipPosition": [-41.1182, 234.954, 33.3056], "carpPosition": [-43.9252, 135.342, 23.3153], "dipPosition": [-50.6468, 215.333, 32.3611], "direction": [0.0419002, 0.994291, 0.0981361], "extended": false, "handId": 131, "id": 1310, "length": 48.619, "mcpPosition": [-43.9252, 135.342, 23.3153], "pipPosition": [-51.9795, 183.707, 29.2396], "stabilizedTipPosition": [-43.012, 230.314, 31.0525], "time