{"frames": 71, "data": [{"currentFrameRate": 112.165, "devices": [], "gestures": [], "hands": [{"armBasis": [[0.230945, 0.914844, -0.331249], [-0.797286, 0.373076, 0.474499], [0.557673, 0.154517, 0.815552]], "armWidth": 66.9139, "confidence": 1, "direction": [0.457468, -0.30977, -0.833526], "elbow": [-185.058, 240.725, 297.824], "grabAngle": 3.14159, "grabStrength": 1, "id": 134, "palmNormal": [-0.873638, -0.33131, -0.356356], "palmPosition": [-3.23319, 169.778, 19.3934], "palmVelocity": [44.6904, -8.55528, -27.4575], "palmWidth": 90.0241, "pinchDistance": 41.0234, "pinchStrength": 0.202911, "r": [[0.50272, 0.83347, -0.229348], [-0.852417, 0.52207, 0.0287875], [0.143729, 0.181028, 0.972919]], "s": 0.854481, "sphereCenter": [-26.5664, 147.061, -5.13985], "sphereRadius": 38.7608, "stabilizedPalmPosition": [-6.12574, 172.644, 19.7533], "t": [13.5011, -39.0825, -13.4863], "timeVisible": 6.3046, "type": "left", "wrist": [-36.0846, 199.448, 79.9624]}], "id": 90869, "interactionBox": {"center": [0, 200, 0], "size": [235.247, 235.247, 147.751]}, "pointables": [{"bases": [[[-0.803968, 0.594512, -0.0138022], [-0.345578, -0.448191, 0.82444], [0.483953, 0.667593, 0.565781]], [[-0.911248, 0.370058, -0.18079], [-0.316555, -0.348485, 0.882242], [0.263478, 0.861171, 0.4347]], [[-0.911248, 0.370058, -0.18079], [-0.379101, -0.58208, 0.719351], [0.160967, 0.724044, 0.670708]], [[-0.911248, 0.370058, -0.18079], [-0.405799, -0.731694, 0.547678], [0.0703896, 0.572435, 0.816923]]], "btipPosition": [-11.7295, 88.7775, 12.549], "carpPosition": [-31.3988, 166.837, 73.1873], "dipPosition": [-13.2663, 101.276, 30.3849], "direction": [0.160967, -0.724044, -0.670708], "extended": true, "handId": 134, "id": 1340, "length": 48.619, "mcpPosition": [-31.3988, 166.837, 73.1873], "pipPosition": [-18.3862, 124.306, 51.7185], "stabilizedTipPosition": [-12.3621, 91.9617, 16.5485], "timeVisible": 6.3046, "tipPosition": [-13.4047, 94.9825, 13.1606], "tipVelocity": [25.0287, -17.4683, 5.25819], "tool": false, "touchDistance": -0.0918629, "touchZone": "touching", "type": 0, "width": 21.805}, {"bases": [[[0.0866041, 0.826559, -0.556148], [-0.934999, 0.260148, 0.241038], [0.343913, 0.499123, 0.795361]], [[0.0436569, 0.75891, -0.64973], [-0.55973, -0.520114, -0.645123], [-0.827524, 0.391838, 0.402078]], [[0.0436569, 0.75891, -0.64973], [0.815176, -0.403039, -0.415991], [-0.577566, -0.511484, -0.63624]], [[0.0436569, 0.75891, -0.64973], [0.985866, 0.0725678, 0.151005], [0.161748, -0.647139, -0.745015]]], "btipPosition": [-29.5559, 146.891, 20.1006], "carpPosition": [-10.9772, 177.078, 67.8879], "dipPosition": [-32.134, 136.577, 8.22581], "direction": [-0.577566, 0.511484, 0.63624], "extended": false, "handId": 134, "id": 1341, "length": 54.8611, "mcpPosition": [14.0558, 140.748, 9.99462], "pipPosition": [-19.1108, 125.043, -6.12039], "stabilizedTipPosition": [-34.3001, 146.216, 18.1225], "timeVisible": 6.3046, "tipPosition": [-31.0986, 141.5, 16.6676], "tipVelocity": [45.8872, 32.8159, -32.4851], "tool": false, "touchDistance": 0.333333, "touchZone": "none", "type": 1, "width": 20.8281}, {"bases": [[[0.290389, 0.829852, -0.476467], [-0.89912, 0.407038, 0.160948], [0.327503, 0.381663, 0.864335]], [[0.270228, 0.805472, -0.527438], [-0.559434, -0.314493, -0.766895], [-0.783588, 0.502303, 0.365624]], [[0.270228, 0.805472, -0.527438], [0.783143, -0.502554, -0.366234], [-0.560058, -0.314093, -0.766604]], [[0.270228, 0.805472, -0.527438], [0.957801, -0.169165, 0.232382], [0.0979531, -0.567977, -0.817195]]], "btipPosition": [-36.0138, 156.545, 19.6872], "carpPosition": [-10.2457, 187.187, 61.1279], "dipPosition": [-37.731, 146.588, 5.36104], "direction": [-0.560058, 0.314093, 0.766604], "extended": false, "handId": 134, "id": 1342, "length": 62.5098, "mcpPosition": [12.361, 160.842, 1.46506], "pipPosition": [-22.8737, 138.255, -14.9755], "stabilizedTipPosition": [-39.5058, 157.006, 17.1527], "timeVisible": 6.3046, "tipPosition": [-36.4879, 153.462, 15.4727], "tipVelocity": [39.6546, 6.00175, -20.7889], "tool": false, "touchDistance": 0.333333, "touchZone": "none", "type": 2, "width": 20.456}, {"bases": [[[0.402366, 0.84391, -0.354847], [-0.865177, 0.477246, 0.153967], [0.299284, 0.245055, 0.922159]], [[0.383696, 0.827697, -0.409505], [-0.551544, -0.150265, -0.8205], [-0.74066, 0.540683, 0.398856]], [[0.383696, 0.827697, -0.409505], [0.74022, -0.540802, -0.399509], [-0.552134, -0.149834, -0.820182]], [[0.383696, 0.827697, -0.409505], [0.917544, -0.29159, 0.27035], [0.10436, -0.479471, -0.87133]]], "btipPosition": [-37.4645, 171.783, 17.4145], "carpPosition": [-12.6912, 197.277, 54.8068], "dipPosition": [-39.2835, 163.425, 2.22706], "direction": [-0.552134, 0.149834, 0.820182], "extended": false, "handId": 134, "id": 1343, "length": 60.1048, "mcpPosition": [5.85689, 182.09, -2.34408], "pipPosition": [-25.0147, 159.553, -18.9689], "stabilizedTipPosition": [-41.203, 172.644, 15.1582], "timeVisible": 6.3046, "tipPosition": [-38.6977, 168.857, 12.6468], "tipVelocity": [48.6606, 6.14393, -26.1072], "tool": false, "touchDistance": 0.333333, "touchZone": "none", "type": 3, "width": 19.4652}, {"bases": [[[0.571685, 0.776068, -0.266262], [-0.762199, 0.622457, 0.177762], [0.303692, 0.101321, 0.947367]], [[0.520792, 0.752721, -0.402724], [-0.593235, -0.0201282, -0.804777], [-0.613879, 0.658032, 0.436058]], [[0.520792, 0.752721, -0.402724], [0.613406, -0.658048, -0.436699], [-0.593724, -0.0196042, -0.80443]], [[0.520792, 0.752721, -0.402724], [0.852782, -0.480383, 0.204925], [-0.0392106, -0.45016, -0.892087]]], "btipPosition": [-36.4502, 186.1, 9.42555], "carpPosition": [-22.1596, 206.022, 49.137], "dipPosition": [-35.8197, 178.861, -4.91928], "direction": [-0.593724, 0.0196042, 0.80443], "extended": false, "handId": 134, "id": 1344, "length": 47.1211, "mcpPosition": [-4.73685, 200.21, -5.21316], "pipPosition": [-24.9865, 178.504, -19.5971], "stabilizedTipPosition": [-39.8237, 187.332, 7.59866], "timeVisible": 6.3046, "tipPosition": [-36.7018, 183.02, 4.2095], "tipVelocity": [53.0442, 1.549, -32.4797], "tool": false, "touchDistance": 0.333333, "touchZone": "none", "type": 4, "width": 17.2905}], "r": [[0.50272, 0.83347, -0.229348], [-0.852417, 0.52207, 0.0287875], [0.143729, 0.181028, 0.972919]], "s": 0.854481, "t": [-13.5011, -39.0825, -13.4863], "timestamp": 17867161248}, {"currentFrameRate": 112.311, "devices": [], "gestures": [], "hands": [{"armBasis": [[0.22857, 0.914817, -0.332964], [-0.797511, 0.372104, 0.474884], [0.558329, 0.156998, 0.814629]], "armWidth": 66.9139, "confidence": 1, "direction": [0.457614, -0.314577, -0.831644], "elbow": [-184.82, 241.613, 297.198], "grabAngle": 3.14159, "grabStrength": 1, "id": 134, "palmNormal": [-0.8743, -0.32943, -0.356476], "palmPosition": [-2.83523, 169.683, 19.17], "palmVelocity": [46.0015, -10.9258, -25.8206], "palmWidth": 90.0241, "pinchDistance": 41.0679, "pinchStrength": 0.195815, "r": [[0.500307, 0.833902, -0.233023], [-0.853349, 0.520456, 0.0303527], [0.146589, 0.183665, 0.971997]], "s": 0.853939, "sphereCenter": [-26.1907, 146.941, -5.3012], "sphereRadius": 38.7689, "stabilizedPalmPosition": [-5.82601, 172.375, 19.7002], "t": [13.8893, -39.2151, -13.6926], "timeVisible": 6.31325, "type": "left", "wrist": [-35.6715, 199.674, 79.5835]}], "id": 90870, "interactionBox": {"center": [0, 200, 0], "size": [235.247, 235.247, 147.751]}, "pointables": [{"bases": [[[-0.806174, 0.591495, -0.0147744], [-0.342648, -0.446361, 0.826652], [0.482366, 0.671488, 0.562519]], [[-0.912803, 0.366318, -0.180559], [-0.313935, -0.346582, 0.883926], [0.261219, 0.863535, 0.431361]], [[-0.912803, 0.366318, -0.180559], [-0.375566, -0.579238, 0.723487], [0.160439, 0.728213, 0.666307]], [[-0.912803, 0.366318, -0.180559], [-0.402049, -0.728349, 0.554856], [0.0717434, 0.579068, 0.812117]]], "btipPosition": [-11.5241, 88.5944, 12.702], "carpPosition": [-31.0947, 167.048, 72.9305], "dipPosition": [-13.0905, 101.237, 30.433], "direction": [0.160439, -0.728213, -0.666307], "extended": true, "handId": 134, "id": 1340, "length": 48.619, "mcpPosition": [-31.0947, 167.048, 72.9305], "pipPosition": [-18.1937, 124.4, 51.6266], "stabilizedTipPosition": [-12.1636, 91.7708, 16.6447], "timeVisible": 6.31325, "tipPosition": [-13.26, 94.8724, 13.2339], "tipVelocity": [22.9464, -17.3198, 14.9023], "tool": false, "touchDistance": -0.0897142, "touchZone": "touching", "type": 0, "width": 21.805}, {"bases": [[[0.0826974, 0.824778, -0.559376], [-0.935577, 0.25761, 0.241522], [0.343303, 0.503366, 0.792947]], [[0.0366231, 0.751057, -0.659221], [-0.557939, -0.53191, -0.637006], [-0.829074, 0.391134, 0.399563]], [[0.0366231, 0.751057, -0.659221], [0.817943, -0.401517, -0.412011], [-0.574132, -0.524116, -0.629027]], [[0.0366231, 0.751057, -0.659221], [0.985441, 0.0824521, 0.148685], [0.166025, -0.655069, -0.737103]]], "btipPosition": [-29.167, 147.138, 19.8251], "carpPosition": [-10.6273, 177.194, 67.6247], "dipPosition": [-31.8132, 136.697, 8.07643], "direction": [-0.574132, 0.524116, 0.629027], "extended": false, "handId": 134, "id": 1341, "length": 54.8611, "mcpPosition": [14.3612, 140.555, 9.90711], "pipPosition": [-18.8675, 124.879, -6.10711], "stabilizedTipPosition": [-33.9805, 146.111, 18.0519], "timeVisible": 6.31325, "tipPosition": [-30.7842, 141.55, 16.5164], "tipVelocity": [43.1451, 25.128, -28.4925], "tool": false, "touchDistance": 0.333333, "touchZone": "none", "type": 1, "width": 20.8281}, {"bases": [[[0.286592, 0.82912, -0.480026], [-0.900363, 0.404329, 0.160826], [0.327432, 0.386106, 0.862386]], [[0.266442, 0.804476, -0.530874], [-0.558545, -0.320007, -0.765261], [-0.785517, 0.500414, 0.364072]], [[0.266442, 0.804476, -0.530874], [0.785072, -0.500669, -0.364682], [-0.55917, -0.319608, -0.76497]], [[0.266442, 0.804476, -0.530874], [0.958749, -0.16461, 0.231742], [0.0990439, -0.570721, -0.815149]]], "btipPosition": [-35.6652, 156.605, 19.5124], "carpPosition": [-9.84818, 187.275, 60.8279], "dipPosition": [-37.4015, 146.6, 5.22209], "direction": [-0.55917, 0.319608, 0.76497], "extended": false, "handId": 134, "id": 1342, "length": 62.5098, "mcpPosition": [12.7536, 160.623, 1.29967], "pipPosition": [-22.5678, 138.121, -15.0711], "stabilizedTipPosition": [-39.2244, 156.785, 17.0769], "timeVisible": 6.31325, "tipPosition": [-36.1434, 153.479, 15.2624], "tipVelocity": [39.7902, 5.69261, -19.2547], "tool": false, "touchDistance": 0.333333, "touchZone": "none", "type": 2, "width": 20.456}, {"bases": [[[0.398705, 0.844047, -0.358635], [-0.86669, 0.474635, 0.153528], [0.299806, 0.249613, 0.920766]], [[0.38001, 0.82756, -0.413203], [-0.551243, -0.156107, -0.819611], [-0.742781, 0.539235, 0.396865]], [[0.38001, 0.82756, -0.413203], [0.742342, -0.539359, -0.397517], [-0.551834, -0.155677, -0.819294]], [[0.38001, 0.82756, -0.413203], [0.918776, -0.286043, 0.272085], [0.106973, -0.483036, -0.869042]]], "btipPosition": [-37.0228, 171.846, 17.1795], "carpPosition": [-12.2467, 197.35, 54.4653], "dipPosition": [-38.8873, 163.427, 2.03198], "direction": [-0.551834, 0.155677, 0.819294], "extended": false, "handId": 134, "id": 1343, "length": 60.1048, "mcpPosition": [6.33378, 181.88, -2.59921], "pipPosition": [-24.6263, 159.404, -19.141], "stabilizedTipPosition": [-40.8908, 172.417, 15.0364], "timeVisible": 6.31325, "tipPosition": [-38.2886, 168.873, 12.3776], "tipVelocity": [49.8515, 5.7185, -26.1009], "tool": false, "touchDistance": 0.333333, "touchZone": "none", "type": 3, "width": 19.4652}, {"bases": [[[0.568409, 0.77716, -0.270061], [-0.764211, 0.620312, 0.176619], [0.304783, 0.105992, 0.946506]], [[0.517443, 0.753144, -0.406236], [-0.593656, -0.0259618, -0.8043], [-0.6163, 0.657344, 0.433674]], [[0.517443, 0.753144, -0.406236], [0.615827, -0.657364, -0.434315], [-0.594146, -0.0254383, -0.803955]], [[0.517443, 0.753144, -0.406236], [0.854899, -0.475742, 0.206922], [-0.0374217, -0.454361, -0.890031]]], "btipPosition": [-35.9608, 186.115, 9.12289], "carpPosition": [-21.674, 206.109, 48.748], "dipPosition": [-35.3591, 178.809, -5.18888], "direction": [-0.594146, 0.0254383, 0.803955], "extended": false, "handId": 134, "id": 1344, "length": 47.1211, "mcpPosition": [-4.18867, 200.028, -5.55272], "pipPosition": [-24.5182, 178.345, -19.858], "stabilizedTipPosition": [-39.4966, 187.095, 7.45416], "timeVisible": 6.31325, "tipPosition": [-36.2301, 182.996, 3.88986], "tipVelocity": [55.8023, -0.0667047, -34.1061], "tool": false, "touchDistance": 0.333333, "touchZone": "none", "type": 4, "width": 17.2905}], "r": [[0.500307, 0.833902, -0.233023], [-0.853349, 0.520456, 0.0303527], [0.146589, 0.183665, 0.971997]], "s": 0.853939, "t": [-13.8893, -39.2151, -13.6926], "timestamp": 17867169899}, {"currentFrameRate": 112.5, "devices": [], "gestures": [], "hands": [{"armBasis": [[0.226874, 0.914335, -0.335439], [-0.79751, 0.372106, 0.474884], [0.559021, 0.159777, 0.813613]], "armWidth": 66.9139, "confidence": 1, "direction": [0.453754, -0.320638, -0.831443], "elbow": [-184.262, 242.779, 296.433], "grabAngle": 3.14159, "grabStrength": 1, "id": 134, "palmNormal": [-0.876832, -0.327095, -0.352384], "palmPosition": [-2.36142, 169.707, 18.7411], "palmVelocity": [55.3521, 2.71095, -50.1037], "palmWidth": 90.0241, "pinchDistance": 41.1093, "pinchStrength": 0.189948, "r": [[0.497733, 0.834473, -0.236467], [-0.854585, 0.518408, 0.0306227], [0.14814, 0.186839, 0.971157]], "s": 0.853514, "sphereCenter": [-25.8706, 146.956, -5.5458], "sphereRadius": 38.7735, "stabilizedPalmPosition": [-5.5582, 172.168, 19.6261], "t": [14.3204, -39.2698, -14.0101], "timeVisible": 6.32181, "type": "left", "wrist": [-34.9279, 200.097, 79.0894]}], "id": 90871, "interactionBox": {"center": [0, 200, 0], "size": [235.247, 235.247, 147.751]}, "pointables": [{"bases": [[[-0.808834, 0.5877, -0.0199161], [-0.342988, -0.443992, 0.827786], [0.477647, 0.676373, 0.56069]], [[-0.913833, 0.361681, -0.18465], [-0.314992, -0.344339, 0.884427], [0.256298, 0.866382, 0.428595]], [[-0.913833, 0.361681, -0.18465], [-0.374813, -0.576225, 0.726278], [0.156281, 0.732906, 0.662136]], [[-0.913833, 0.361681, -0.18465], [-0.400175, -0.724727, 0.560919], [0.0690532, 0.586479, 0.807015]]], "btipPosition": [-11.3404, 88.5521, 12.7468], "carpPosition": [-30.4769, 167.457, 72.5946], "dipPosition": [-12.848, 101.357, 30.3664], "direction": [0.156281, -0.732906, -0.662136], "extended": true, "handId": 134, "id": 1340, "length": 48.619, "mcpPosition": [-30.4769, 167.457, 72.5946], "pipPosition": [-17.8189, 124.669, 51.4273], "stabilizedTipPosition": [-11.9707, 91.66, 16.7073], "timeVisible": 6.32181, "tipPosition": [-13.1353, 94.8903, 13.2205], "tipVelocity": [23.0473, -0.591974, 2.23144], "tool": false, "touchDistance": -0.0893959, "touchZone": "touching", "type": 0, "width": 21.805}, {"bases": [[[0.0805301, 0.822477, -0.563069], [-0.937445, 0.254447, 0.237599], [0.338691, 0.508712, 0.791518]], [[0.0327265, 0.743882, -0.66751], [-0.552466, -0.543096, -0.63232], [-0.832893, 0.38947, 0.393195]], [[0.0327265, 0.743882, -0.66751], [0.822797, -0.399198, -0.404532], [-0.567392, -0.535986, -0.625128]], [[0.0327265, 0.743882, -0.66751], [0.984169, 0.0924099, 0.151234], [0.174185, -0.661892, -0.729081]]], "btipPosition": [-28.725, 147.481, 19.5255], "carpPosition": [-9.97862, 177.484, 67.1815], "dipPosition": [-31.5013, 136.932, 7.90469], "direction": [-0.567392, 0.535986, 0.625128], "extended": false, "handId": 134, "id": 1341, "length": 54.8611, "mcpPosition": [14.6742, 140.456, 9.56806], "pipPosition": [-18.7075, 124.846, -6.19094], "stabilizedTipPosition": [-33.6726, 146.041, 17.9719], "timeVisible": 6.32181, "tipPosition": [-30.433, 141.732, 16.3093], "tipVelocity": [48.1395, 37.2231, -31.5647], "tool": false, "touchDistance": 0.333333, "touchZone": "none", "type": 1, "width": 20.8281}, {"bases": [[[0.284172, 0.828135, -0.483155], [-0.902671, 0.400941, 0.156305], [0.323158, 0.391713, 0.86147]], [[0.264283, 0.803156, -0.533942], [-0.553776, -0.326895, -0.765815], [-0.789612, 0.498076, 0.358376]], [[0.264283, 0.803156, -0.533942], [0.789171, -0.498336, -0.358986], [-0.554404, -0.326498, -0.765529]], [[0.264283, 0.803156, -0.533942], [0.958749, -0.158704, 0.235824], [0.104665, -0.574241, -0.811968]]], "btipPosition": [-35.2441, 156.821, 19.2975], "carpPosition": [-9.17287, 187.528, 60.3346], "dipPosition": [-37.079, 146.754, 5.06291], "direction": [-0.554404, 0.326498, 0.765529], "extended": false, "handId": 134, "id": 1342, "length": 62.5098, "mcpPosition": [13.1339, 160.489, 0.869532], "pipPosition": [-22.3717, 138.093, -15.2451], "stabilizedTipPosition": [-38.951, 156.61, 16.996], "timeVisible": 6.32181, "tipPosition": [-35.7544, 153.641, 15.0115], "tipVelocity": [46.5409, 23.5945, -23.6121], "tool": false, "touchDistance": 0.333333, "touchZone": "none", "type": 2, "width": 20.456}, {"bases": [[[0.395863, 0.844156, -0.361515], [-0.8693, 0.471365, 0.148768], [0.295989, 0.255373, 0.920421]], [[0.377402, 0.827324, -0.416057], [-0.546934, -0.163417, -0.821072], [-0.747283, 0.537429, 0.390817]], [[0.377402, 0.827324, -0.416057], [0.746847, -0.537559, -0.391471], [-0.547529, -0.162989, -0.82076]], [[0.377402, 0.827324, -0.416057], [0.919001, -0.279276, 0.278283], [0.114035, -0.487381, -0.865711]]], "btipPosition": [-36.5094, 172.063, 16.8983], "carpPosition": [-11.5435, 197.584, 53.9308], "dipPosition": [-38.4971, 163.568, 1.80877], "direction": [-0.547529, 0.162989, 0.82076], "extended": false, "handId": 134, "id": 1343, "length": 60.1048, "mcpPosition": [6.8004, 181.757, -3.11237], "pipPosition": [-24.3473, 159.356, -19.4021], "stabilizedTipPosition": [-40.5846, 172.237, 14.9109], "timeVisible": 6.32181, "tipPosition": [-37.833, 169.033, 12.0618], "tipVelocity": [56.6643, 23.3146, -31.2985], "tool": false, "touchDistance": 0.333333, "touchZone": "none", "type": 3, "width": 19.4652}, {"bases": [[[0.565615, 0.778474, -0.272135], [-0.767559, 0.617621, 0.171457], [0.301551, 0.111901, 0.946861]], [[0.51522, 0.753613, -0.408185], [-0.590219, -0.0333465, -0.806554], [-0.621442, 0.656471, 0.427616]], [[0.51522, 0.753613, -0.408185], [0.620972, -0.656498, -0.428258], [-0.590713, -0.0328238, -0.806214]], [[0.51522, 0.753613, -0.408185], [0.8565, -0.469924, 0.213495], [-0.0309228, -0.459607, -0.887584]]], "btipPosition": [-35.4218, 186.274, 8.75506], "carpPosition": [-20.947, 206.359, 48.1988], "dipPosition": [-34.9245, 178.883, -5.51736], "direction": [-0.590713, 0.0328238, 0.806214], "extended": false, "handId": 134, "id": 1344, "length": 47.1211, "mcpPosition": [-3.64715, 199.939, -6.12226], "pipPosition": [-24.1462, 178.284, -20.2277], "stabilizedTipPosition": [-39.1857, 186.908, 7.30709], "timeVisible": 6.32181, "tipPosition": [-35.7374, 183.105, 3.50082], "tipVelocity": [60.1669, 16.2975, -41.9134], "tool": false, "touchDistance": 0.333333, "touchZone": "none", "type": 4, "width": 17.2905}], "r": [[0.497733, 0.834473, -0.236467], [-0.854585, 0.518408, 0.0306227], [0.14814, 0.186839, 0.971157]], "s": 0.853514, "t": [-14.3204, -39.2698, -14.0101], "timestamp": 17867178459}, {"currentFrameRate": 112.538, "devices": [], "gestures": [], "hands": [{"armBasis": [[0.223134, 0.914433, -0.337675], [-0.797969, 0.370311, 0.475516], [0.559872, 0.16335, 0.812318]], "armWidth": 66.9139, "confidence": 1, "direction": [0.450777, -0.325486, -0.831179], "elbow": [-183.683, 244.18, 295.533], "grabAngle": 3.14159, "grabStrength": 1, "id": 134, "palmNormal": [-0.87909, -0.323478, -0.350089], "palmPosition": [-1.77615, 169.822, 18.2431], "palmVelocity": [66.3649, 13.0525, -56.4725], "palmWidth": 90.0241, "pinchDistance": 41.191, "pinchStrength": 0.187584, "r": [[0.494855, 0.835302, -0.239561], [-0.856127, 0.515877, 0.0302807], [0.148878, 0.19011, 0.970409]], "s": 0.853513, "sphereCenter": [-25.429, 147.132, -5.93576], "sphereRadius": 38.7768, "stabilizedPalmPosition": [-5.29215, 172.003, 19.5288], "t": [14.8285, -39.2396, -14.418], "timeVisible": 6.33063, "type": "left", "wrist": [-34.1223, 200.544, 78.5355]}], "id": 90872, "interactionBox": {"center": [0, 200, 0], "size": [235.247, 235.247, 147.751]}, "pointables": [{"bases": [[[-0.811905, 0.583342, -0.0228758], [-0.341897, -0.443365, 0.828573], [0.473199, 0.680544, 0.559413]], [[-0.915302, 0.356871, -0.186724], [-0.314686, -0.344283, 0.884557], [0.251387, 0.868396, 0.427426]], [[-0.915302, 0.356871, -0.186724], [-0.37271, -0.574737, 0.728536], [0.152676, 0.736424, 0.659067]], [[-0.915302, 0.356871, -0.186724], [-0.397115, -0.722204, 0.566323], [0.0672514, 0.592507, 0.802753]]], "btipPosition": [-11.0808, 88.6319, 12.5461], "carpPosition": [-29.8207, 167.88, 72.1455], "dipPosition": [-12.5491, 101.568, 30.0726], "direction": [0.152676, -0.736424, -0.659067], "extended": true, "handId": 134, "id": 1340, "length": 48.619, "mcpPosition": [-29.8207, 167.88, 72.1455], "pipPosition": [-17.4053, 124.992, 51.0359], "stabilizedTipPosition": [-11.7725, 91.6411, 16.6606], "timeVisible": 6.33063, "tipPosition": [-12.9428, 95.0211, 12.9876], "tipVelocity": [30.4626, 12.4808, -25.1818], "tool": false, "touchDistance": -0.0930972, "touchZone": "touching", "type": 0, "width": 21.805}, {"bases": [[[0.0770332, 0.821231, -0.565372], [-0.939142, 0.250172, 0.235427], [0.33478, 0.512829, 0.790524]], [[0.0298393, 0.742136, -0.669585], [-0.547941, -0.548117, -0.631925], [-0.835985, 0.385749, 0.390291]], [[0.0298393, 0.742136, -0.669585], [0.826991, -0.394586, -0.400486], [-0.561423, -0.54179, -0.625513]], [[0.0298393, 0.742136, -0.669585], [0.983044, 0.0994642, 0.15405], [0.180925, -0.662828, -0.726584]]], "btipPosition": [-28.1909, 147.775, 19.1734], "carpPosition": [-9.27794, 177.782, 66.6718], "dipPosition": [-31.0746, 137.21, 7.59238], "direction": [-0.561423, 0.54179, 0.625513], "extended": false, "handId": 134, "id": 1341, "length": 54.8611, "mcpPosition": [15.0903, 140.454, 9.13065], "pipPosition": [-18.4154, 124.993, -6.51194], "stabilizedTipPosition": [-33.3597, 145.995, 17.877], "timeVisible": 6.33063, "tipPosition": [-29.9932, 142.007, 15.9394], "tipVelocity": [57.7632, 32.8625, -38.8872], "tool": false, "touchDistance": 0.333333, "touchZone": "none", "type": 1, "width": 20.8281}, {"bases": [[[0.28052, 0.828204, -0.485167], [-0.905021, 0.396608, 0.153753], [0.31976, 0.395955, 0.860798]], [[0.260841, 0.802971, -0.535911], [-0.550109, -0.332551, -0.766022], [-0.793311, 0.494619, 0.354979]], [[0.260841, 0.802971, -0.535911], [0.792872, -0.494884, -0.355589], [-0.550741, -0.332157, -0.765739]], [[0.260841, 0.802971, -0.535911], [0.959206, -0.152881, 0.237804], [0.109019, -0.576078, -0.810092]]], "btipPosition": [-34.728, 157.14, 18.9287], "carpPosition": [-8.42947, 187.802, 59.794], "dipPosition": [-36.6392, 147.04, 4.72707], "direction": [-0.550741, 0.332157, 0.765739], "extended": false, "handId": 134, "id": 1342, "length": 62.5098, "mcpPosition": [13.6427, 160.47, 0.375354], "pipPosition": [-22.0291, 138.229, -15.5865], "stabilizedTipPosition": [-38.6734, 156.479, 16.8982], "timeVisible": 6.33063, "tipPosition": [-35.2592, 153.925, 14.6149], "tipVelocity": [56.5279, 35.2485, -40.9533], "tool": false, "touchDistance": 0.333333, "touchZone": "none", "type": 2, "width": 20.456}, {"bases": [[[0.391938, 0.845175, -0.363406], [-0.872012, 0.467186, 0.146059], [0.293224, 0.259648, 0.92011]], [[0.37365, 0.828084, -0.417926], [-0.543937, -0.169348, -0.82186], [-0.751344, 0.534413, 0.387149]], [[0.37365, 0.828084, -0.417926], [0.750911, -0.534548, -0.387803], [-0.544535, -0.168922, -0.821551]], [[0.37365, 0.828084, -0.417926], [0.919857, -0.27282, 0.281837], [0.119367, -0.48974, -0.863658]]], "btipPosition": [-35.8929, 172.386, 16.4885], "carpPosition": [-10.7566, 197.851, 53.3641], "dipPosition": [-37.9735, 163.849, 1.43477], "direction": [-0.544535, 0.168922, 0.821552], "extended": false, "handId": 134, "id": 1343, "length": 60.1048, "mcpPosition": [7.41594, 181.759, -3.65973], "pipPosition": [-23.901, 159.484, -19.7966], "stabilizedTipPosition": [-40.2652, 172.099, 14.768], "timeVisible": 6.33063, "tipPosition": [-37.2577, 169.32, 11.6248], "tipVelocity": [67.4864, 35.4574, -45.532], "tool": false, "touchDistance": 0.333333, "touchZone": "none", "type": 3, "width": 19.4652}, {"bases": [[[0.561899, 0.780657, -0.273575], [-0.771081, 0.614045, 0.16847], [0.299505, 0.116285, 0.946982]], [[0.511888, 0.755156, -0.409524], [-0.588144, -0.0393938, -0.807796], [-0.626145, 0.654361, 0.423975]], [[0.511888, 0.755156, -0.409524], [0.625676, -0.654392, -0.424618], [-0.588642, -0.0388727, -0.807459]], [[0.511888, 0.755156, -0.409524], [0.858656, -0.464245, 0.217224], [-0.026082, -0.462835, -0.886061]]], "btipPosition": [-34.7539, 186.554, 8.28818], "carpPosition": [-20.1222, 206.658, 47.6206], "dipPosition": [-34.3345, 179.111, -5.95975], "direction": [-0.588642, 0.0388727, 0.807459], "extended": false, "handId": 134, "id": 1344, "length": 47.1211, "mcpPosition": [-2.93973, 199.987, -6.70747], "pipPosition": [-23.594, 178.402, -20.6928], "stabilizedTipPosition": [-38.8604, 186.76, 7.14217], "timeVisible": 6.33063, "tipPosition": [-35.1029, 183.356, 3.01861], "tipVelocity": [73.705, 30.403, -52.3017], "tool": false, "touchDistance": 0.333333, "touchZone": "none", "type": 4, "width": 17.2905}], "r": [[0.494855, 0.835302, -0.239561], [-0.856127, 0.515877, 0.0302807], [0.148878, 0.19011, 0.970409]], "s": 0.853513, "t": [-14.8285, -39.2396, -14.418], "timestamp": 17867187278}, {"currentFrameRate": 112.618, "devices": [], "gestures": [], "hands": [{"armBasis": [[0.221874, 0.913598, -0.340751], [-0.797202, 0.371188, 0.476119], [0.561463, 0.166009, 0.810679]], "armWidth": 66.9139, "confidence": 1, "direction": [0.444915, -0.333399, -0.831201], "elbow": [-183.077, 245.585, 294.394], "grabAngle": 3.14159, "grabStrength": 1, "id": 134, "palmNormal": [-0.882602, -0.320623, -0.343824], "palmPosition": [-1.13763, 170.004, 17.6143], "palmVelocity": [73.0485, 20.8441, -71.9317], "palmWidth": 90.0241, "pinchDistance": 41.2079, "pinchStrength": 0.186219, "r": [[0.491812, 0.83621, -0.242638], [-0.857977, 0.512895, 0.0285383], [0.148312, 0.194142, 0.969697]], "s": 0.853731, "sphereCenter": [-25.0357, 147.348, -6.3212], "sphereRadius": 38.7717, "stabilizedPalmPosition": [-5.03711, 171.881, 19.4113], "t": [15.4018, -39.1334, -14.9362], "timeVisible": 6.33937, "type": "left", "wrist": [-33.0915, 201.238, 77.8342]}], "id": 90873, "interactionBox": {"center": [0, 200, 0], "size": [235.247, 235.247, 147.751]}, "pointables": [{"bases": [[[-0.815128, 0.578479, -0.0304795], [-0.343302, -0.440023, 0.829773], [0.466594, 0.686835, 0.557268]], [[-0.916224, 0.351216, -0.192822], [-0.317213, -0.341869, 0.884591], [0.244763, 0.87165, 0.424639]], [[-0.916224, 0.351216, -0.192822], [-0.372904, -0.571475, 0.730999], [0.146546, 0.741663, 0.654569]], [[-0.916224, 0.351216, -0.192822], [-0.395735, -0.717988, 0.572615], [0.0626677, 0.60095, 0.796826]]], "btipPosition": [-10.8169, 88.8096, 12.4714], "carpPosition": [-28.9347, 168.569, 71.6607], "dipPosition": [-12.1851, 101.93, 29.8685], "direction": [0.146546, -0.741663, -0.654569], "extended": true, "handId": 134, "id": 1340, "length": 48.619, "mcpPosition": [-28.9347, 168.569, 71.6607], "pipPosition": [-16.8464, 125.521, 50.6887], "stabilizedTipPosition": [-11.55, 91.7057, 16.5954], "timeVisible": 6.33937, "tipPosition": [-12.7476, 95.2124, 12.9186], "tipVelocity": [32.8216, 25.1846, -11.953], "tool": false, "touchDistance": -0.0948385, "touchZone": "touching", "type": 0, "width": 21.805}, {"bases": [[[0.075013, 0.818028, -0.570266], [-0.941682, 0.246239, 0.229352], [0.328038, 0.519805, 0.788793]], [[0.0287956, 0.738036, -0.674146], [-0.541298, -0.555467, -0.631231], [-0.840338, 0.383091, 0.383502]], [[0.0287956, 0.738036, -0.674146], [0.832105, -0.391398, -0.392948], [-0.553869, -0.549646, -0.625394]], [[0.0287956, 0.738036, -0.674146], [0.981534, 0.106717, 0.158756], [0.18911, -0.666269, -0.721334]]], "btipPosition": [-27.639, 148.141, 18.8393], "carpPosition": [-8.36166, 178.317, 66.026], "dipPosition": [-30.6532, 137.521, 7.34196], "direction": [-0.553869, 0.549646, 0.625394], "extended": false, "handId": 134, "id": 1341, "length": 54.8611, "mcpPosition": [15.5158, 140.481, 8.61084], "pipPosition": [-18.1644, 125.127, -6.75967], "stabilizedTipPosition": [-33.0436, 145.977, 17.7712], "timeVisible": 6.33937, "tipPosition": [-29.521, 142.35, 15.6253], "tipVelocity": [59.7007, 40.4234, -36.0207], "tool": false, "touchDistance": 0.333333, "touchZone": "none", "type": 1, "width": 20.8281}, {"bases": [[[0.27807, 0.826691, -0.489142], [-0.908012, 0.392343, 0.146902], [0.313354, 0.403298, 0.859744]], [[0.258779, 0.80102, -0.539816], [-0.543399, -0.34131, -0.766959], [-0.798593, 0.491808, 0.346949]], [[0.258779, 0.80102, -0.539816], [0.79816, -0.49208, -0.34756], [-0.544034, -0.340918, -0.766682]], [[0.258779, 0.80102, -0.539816], [0.95874, -0.144909, 0.244579], [0.117688, -0.580835, -0.805469]]], "btipPosition": [-34.1369, 157.561, 18.5924], "carpPosition": [-7.4885, 188.287, 59.0799], "dipPosition": [-36.2001, 147.378, 4.47184], "direction": [-0.544034, 0.340918, 0.766682], "extended": false, "handId": 134, "id": 1342, "length": 62.5098, "mcpPosition": [14.1415, 160.449, -0.265945], "pipPosition": [-21.7679, 138.334, -15.8668], "stabilizedTipPosition": [-38.3834, 156.389, 16.7872], "timeVisible": 6.33937, "tipPosition": [-34.7279, 154.283, 14.2527], "tipVelocity": [63.6301, 45.9981, -36.3384], "tool": false, "touchDistance": 0.333333, "touchZone": "none", "type": 2, "width": 20.456}, {"bases": [[[0.388805, 0.845084, -0.366965], [-0.875373, 0.463061, 0.138911], [0.287319, 0.267222, 0.919804]], [[0.370876, 0.82754, -0.42146], [-0.537944, -0.1785, -0.823865], [-0.757012, 0.532274, 0.378969]], [[0.370876, 0.82754, -0.42146], [0.756583, -0.532416, -0.379624], [-0.538546, -0.178076, -0.823563]], [[0.370876, 0.82754, -0.42146], [0.919756, -0.264538, 0.289945], [0.128449, -0.495174, -0.859246]]], "btipPosition": [-35.2139, 172.794, 16.0561], "carpPosition": [-9.78856, 198.308, 52.5968], "dipPosition": [-37.4528, 164.164, 1.0793], "direction": [-0.538546, 0.178076, 0.823563], "extended": false, "handId": 134, "id": 1343, "length": 60.1048, "mcpPosition": [8.01804, 181.747, -4.40815], "pipPosition": [-23.5352, 159.561, -20.204], "stabilizedTipPosition": [-39.9344, 172.005, 14.6108], "timeVisible": 6.33937, "tipPosition": [-36.6484, 169.671, 11.1747], "tipVelocity": [73.5075, 44.2833, -47.442], "tool": false, "touchDistance": 0.333333, "touchZone": "none", "type": 3, "width": 19.4652}, {"bases": [[[0.558702, 0.782127, -0.275915], [-0.775398, 0.610642, 0.160857], [0.294296, 0.124073, 0.947626]], [[0.509545, 0.755502, -0.411803], [-0.583192, -0.0486539, -0.810876], [-0.632654, 0.653338, 0.415811]], [[0.509545, 0.755502, -0.411803], [0.632189, -0.653376, -0.416457], [-0.583696, -0.0481336, -0.810544]], [[0.509545, 0.755502, -0.411803], [0.860257, -0.457293, 0.225481], [-0.0179631, -0.469149, -0.882937]]], "btipPosition": [-34.0551, 186.886, 7.74723], "carpPosition": [-19.1307, 207.133, 46.8412], "dipPosition": [-33.7663, 179.342, -6.45046], "direction": [-0.583696, 0.0481336, 0.810544], "extended": false, "handId": 134, "id": 1344, "length": 47.1211, "mcpPosition": [-2.24708, 200.015, -7.52377], "pipPosition": [-23.116, 178.464, -21.2399], "stabilizedTipPosition": [-38.5356, 186.652, 6.96476], "timeVisible": 6.33937, "tipPosition": [-34.457, 183.637, 2.46772], "tipVelocity": [76.5042, 35.3551, -60.5647], "tool": false, "touchDistance": 0.333333, "touchZone": "none", "type": 4, "width": 17.2905}], "r": [[0.491812, 0.83621, -0.242638], [-0.857977, 0.512895, 0.0285383], [0.148312, 0.194142, 0.969697]], "s": 0.853731, "t": [-15.4018, -39.1334, -14.9362], "timestamp": 17867196019}, {"currentFrameRate": 112.764, "devices": [], "gestures": [], "hands": [{"armBasis": [[0.224487, 0.911355, -0.345019], [-0.795351, 0.375925, 0.475496], [0.563047, 0.167669, 0.809238]], "armWidth": 66.9139, "confidence": 1, "direction": [0.438702, -0.344128, -0.830131], "elbow": [-182.346, 247.055, 293.131], "grabAngle": 3.14159, "grabStrength": 1, "id": 134, "palmNormal": [-0.885895, -0.320602, -0.335267], "palmPosition": [-0.380091, 170.353, 16.9112], "palmVelocity": [87.9327, 40.4851, -81.6192], "palmWidth": 90.0241, "pinchDistance": 41.0699, "pinchStrength": 0.187604, "r": [[0.488962, 0.836803, -0.246326], [-0.859905, 0.509839, 0.0250627], [0.146559, 0.199563, 0.968863]], "s": 0.853849, "sphereCenter": [-24.5407, 147.672, -6.69988], "sphereRadius": 38.7499, "stabilizedPalmPosition": [-4.77362, 171.794, 19.2698], "t": [16.0673, -38.9059, -15.547], "timeVisible": 6.34798, "type": "left", "wrist": [-31.9366, 202.265, 76.9566]}], "id": 90874, "interactionBox": {"center": [0, 200, 0], "size": [235.247, 235.247, 147.751]}, "pointables": [{"bases": [[[-0.817305, 0.574717, -0.0413853], [-0.346311, -0.432545, 0.83245], [0.460522, 0.694698, 0.552552]], [[-0.916271, 0.346353, -0.201215], [-0.321391, -0.335867, 0.885382], [0.239074, 0.875918, 0.41906]], [[-0.916271, 0.346353, -0.201215], [-0.37518, -0.566112, 0.734001], [0.140314, 0.748035, 0.648657]], [[-0.916271, 0.346353, -0.201215], [-0.396434, -0.712201, 0.579319], [0.0573437, 0.610581, 0.789875]]], "btipPosition": [-10.3457, 89.229, 12.5554], "carpPosition": [-27.8681, 169.613, 71.1293], "dipPosition": [-11.5977, 102.56, 29.8007], "direction": [0.140314, -0.748035, -0.648657], "extended": true, "handId": 134, "id": 1340, "length": 48.619, "mcpPosition": [-27.8681, 169.613, 71.1293], "pipPosition": [-16.0608, 126.353, 50.4329], "stabilizedTipPosition": [-11.2259, 91.9142, 16.5693], "timeVisible": 6.34798, "tipPosition": [-12.3041, 95.5255, 13.1258], "tipVelocity": [57.793, 54.2923, 5.69799], "tool": false, "touchDistance": -0.0940204, "touchZone": "touching", "type": 0, "width": 21.805}, {"bases": [[[0.0749676, 0.812183, -0.578566], [-0.944002, 0.244752, 0.22126], [0.321309, 0.52958, 0.785051]], [[0.0296852, 0.730895, -0.681844], [-0.535305, -0.564453, -0.628364], [-0.844137, 0.383648, 0.374496]], [[0.0296852, 0.730895, -0.681844], [0.836998, -0.391064, -0.382757], [-0.5464, -0.55934, -0.623367]], [[0.0296852, 0.730895, -0.681844], [0.980138, 0.11253, 0.163297], [0.196081, -0.673149, -0.713038]]], "btipPosition": [-26.9282, 148.631, 18.5404], "carpPosition": [-7.28832, 179.214, 65.2718], "dipPosition": [-30.0535, 137.902, 7.17529], "direction": [-0.5464, 0.55934, 0.623367], "extended": false, "handId": 134, "id": 1341, "length": 54.8611, "mcpPosition": [16.0993, 140.666, 8.12893], "pipPosition": [-17.7331, 125.29, -6.88062], "stabilizedTipPosition": [-32.6921, 145.989, 17.6511], "timeVisible": 6.34798, "tipPosition": [-28.8843, 142.807, 15.3842], "tipVelocity": [79.5405, 54.0513, -31.1649], "tool": false, "touchDistance": 0.333333, "touchZone": "none", "type": 1, "width": 20.8281}, {"bases": [[[0.277512, 0.82256, -0.496369], [-0.910455, 0.390105, 0.137443], [0.306691, 0.413779, 0.857163]], [[0.258622, 0.796268, -0.546874], [-0.536361, -0.352473, -0.766864], [-0.803388, 0.49165, 0.33593]], [[0.258622, 0.796268, -0.546874], [0.80296, -0.49193, -0.33654], [-0.537, -0.352081, -0.766596]], [[0.258622, 0.796268, -0.546874], [0.957677, -0.137293, 0.252991], [0.126367, -0.589158, -0.798075]]], "btipPosition": [-33.3998, 158.104, 18.2685], "carpPosition": [-6.41463, 189.105, 58.2143], "dipPosition": [-35.6151, 147.776, 4.27755], "direction": [-0.537, 0.352081, 0.766596], "extended": false, "handId": 134, "id": 1342, "length": 62.5098, "mcpPosition": [14.7555, 160.543, -0.953438], "pipPosition": [-21.3695, 138.436, -16.0588], "stabilizedTipPosition": [-38.0554, 156.34, 16.6599], "timeVisible": 6.34798, "tipPosition": [-34.0529, 154.742, 13.9179], "tipVelocity": [81.4991, 59.197, -34.1375], "tool": false, "touchDistance": 0.333333, "touchZone": "none", "type": 2, "width": 20.456}, {"bases": [[[0.387458, 0.842722, -0.373759], [-0.87806, 0.460868, 0.128883], [0.280866, 0.278246, 0.918528]], [[0.369919, 0.824521, -0.428165], [-0.531304, -0.19032, -0.825527], [-0.762152, 0.532864, 0.367668]], [[0.369919, 0.824521, -0.428165], [0.761729, -0.533016, -0.368325], [-0.531911, -0.189895, -0.825234]], [[0.369919, 0.824521, -0.428165], [0.918858, -0.256567, 0.299787], [0.137327, -0.50432, -0.852527]]], "btipPosition": [-34.4245, 173.309, 15.5729], "carpPosition": [-8.71117, 199.066, 51.6374], "dipPosition": [-36.8181, 164.519, 0.713187], "direction": [-0.53191, 0.189895, 0.825234], "extended": false, "handId": 134, "id": 1343, "length": 60.1048, "mcpPosition": [8.69553, 181.822, -5.28846], "pipPosition": [-23.0719, 159.611, -20.6133], "stabilizedTipPosition": [-39.5752, 171.953, 14.4329], "timeVisible": 6.34798, "tipPosition": [-35.9243, 170.104, 10.6874], "tipVelocity": [87.5082, 55.4557, -52.9643], "tool": false, "touchDistance": 0.333333, "touchZone": "none", "type": 3, "width": 19.4652}, {"bases": [[[0.557081, 0.781451, -0.281061], [-0.778821, 0.609091, 0.149821], [0.288269, 0.135433, 0.947923]], [[0.508879, 0.753206, -0.4168], [-0.577388, -0.0604746, -0.814227], [-0.638487, 0.654999, 0.404118]], [[0.508879, 0.753206, -0.4168], [0.638027, -0.655047, -0.404766], [-0.577896, -0.0599529, -0.813905]], [[0.508879, 0.753206, -0.4168], [0.860778, -0.45094, 0.236039], [-0.0101658, -0.478888, -0.877817]]], "btipPosition": [-33.2817, 187.286, 7.09518], "carpPosition": [-18.0504, 207.867, 45.8415], "dipPosition": [-33.1182, 179.586, -7.02019], "direction": [-0.577896, 0.0599529, 0.813905], "extended": false, "handId": 134, "id": 1344, "length": 47.1211, "mcpPosition": [-1.51243, 200.098, -8.54056], "pipPosition": [-22.5738, 178.492, -21.8709], "stabilizedTipPosition": [-38.2064, 186.582, 6.77089], "timeVisible": 6.34798, "tipPosition": [-33.7292, 183.967, 1.81799], "tipVelocity": [86.4314, 42.234, -73.4899], "tool": false, "touchDistance": 0.333333, "touchZone": "none", "type": 4, "width": 17.2905}], "r": [[0.488962, 0.836803, -0.246326], [-0.859905, 0.509839, 0.0250627], [0.146559, 0.199563, 0.968863]], "s": 0.853849, "t": [-16.0673, -38.9059, -15.547], "timestamp": 17867204634}, {"currentFrameRate": 112.842, "devices": [], "gestures": [], "hands": [{"armBasis": [[0.230676, 0.90776, -0.350372], [-0.792627, 0.384161, 0.473458], [0.564385, 0.168499, 0.808132]], "armWidth": 66.9139, "confidence": 1, "direction": [0.433709, -0.35432, -0.828465], "elbow": [-181.508, 248.422, 291.855], "grabAngle": 3.14159, "grabStrength": 1, "id": 134, "palmNormal": [-0.887944, -0.324331, -0.326136], "palmPosition": [0.525333, 170.856, 16.1502], "palmVelocity": [103.762, 57.6955, -87.21], "palmWidth": 90.0241, "pinchDistance": 40.8002, "pinchStrength": 0.191561, "r": [[0.486924, 0.836683, -0.250732], [-0.861495, 0.50737, 0.0200441], [0.143985, 0.206245, 0.967849]], "s": 0.853655, "sphereCenter": [-23.8344, 148.088, -7.13161], "sphereRadius": 38.7166, "stabilizedPalmPosition": [-4.47064, 171.741, 19.0914], "t": [16.8527, -38.5404, -16.2328], "timeVisible": 6.35671, "type": "left", "wrist": [-30.7411, 203.411, 75.9752]}], "id": 90875, "interactionBox": {"center": [0, 200, 0], "size": [235.247, 235.247, 147.751]}, "pointables": [{"bases": [[[-0.817209, 0.573885, -0.0531596], [-0.351086, -0.422544, 0.835581], [0.457065, 0.701507, 0.54679]], [[-0.91497, 0.344397, -0.210285], [-0.327085, -0.327799, 0.88632], [0.236315, 0.879738, 0.412574]], [[-0.91497, 0.344397, -0.210285], [-0.379931, -0.559686, 0.736481], [0.135948, 0.753752, 0.642944]], [[-0.91497, 0.344397, -0.210285], [-0.400069, -0.706206, 0.584139], [0.0526711, 0.618598, 0.78394]]], "btipPosition": [-9.49786, 89.8539, 12.5918], "carpPosition": [-26.6431, 170.783, 70.5341], "dipPosition": [-10.6478, 103.36, 29.7076], "direction": [0.135948, -0.753752, -0.642944], "extended": true, "handId": 134, "id": 1340, "length": 48.619, "mcpPosition": [-26.6431, 170.783, 70.5341], "pipPosition": [-14.972, 127.335, 50.1581], "stabilizedTipPosition": [-10.6527, 92.3239, 16.5533], "timeVisible": 6.35671, "tipPosition": [-11.4104, 95.936, 13.4021], "tipVelocity": [99.8564, 76.2304, 0.76263], "tool": false, "touchDistance": -0.0987636, "touchZone": "touching", "type": 0, "width": 21.805}, {"bases": [[[0.0781458,