{"frames": 67, "data": [{"currentFrameRate": 114.82, "devices": [], "gestures": [], "hands": [{"armBasis": [[0.325636, 0.881748, -0.341293], [-0.681596, 0.46909, 0.561589], [0.655277, 0.0497501, 0.753748]], "armWidth": 66.9139, "confidence": 1, "direction": [0.333479, -0.39351, -0.856704], "elbow": [-177.208, 236.436, 266.891], "grabAngle": 3.14159, "grabStrength": 1, "id": 134, "palmNormal": [-0.921026, -0.329972, -0.20695], "palmPosition": [24.1228, 189.361, 4.71606], "palmVelocity": [15.0734, 12.9796, -2.83982], "palmWidth": 90.0241, "pinchDistance": 35.083, "pinchStrength": 0.347247, "r": [[0.50459, 0.827223, -0.247166], [-0.863193, 0.488987, -0.125656], [0.0169156, 0.276757, 0.960791]], "s": 0.838459, "sphereCenter": [-3.72877, 169.112, -15.87], "sphereRadius": 38.1952, "stabilizedPalmPosition": [24.6035, 191.781, 6.267], "t": [41.0809, -19.7892, -28.32], "timeVisible": 4.69217, "type": "left", "wrist": [-2.16116, 223.147, 65.5391]}], "id": 90687, "interactionBox": {"center": [0, 200, 0], "size": [235.247, 235.247, 147.751]}, "pointables": [{"bases": [[[-0.80788, 0.563631, -0.17219], [-0.443717, -0.389421, 0.807135], [0.387872, 0.728472, 0.564698]], [[-0.886686, 0.321436, -0.332366], [-0.433283, -0.326693, 0.839963], [0.161412, 0.888792, 0.428947]], [[-0.886686, 0.321436, -0.332366], [-0.462233, -0.598572, 0.654257], [0.0113564, 0.733751, 0.679324]], [[-0.886686, 0.321436, -0.332366], [-0.445775, -0.785151, 0.42991], [-0.122769, 0.529355, 0.83947]]], "btipPosition": [9.08337, 113.079, 0.703163], "carpPosition": [3.43078, 191.871, 61.8237], "dipPosition": [11.7638, 124.637, 19.0314], "direction": [0.0113564, -0.733751, -0.679324], "extended": true, "handId": 134, "id": 1340, "length": 48.619, "mcpPosition": [3.43078, 191.871, 61.8237], "pipPosition": [11.4026, 147.975, 40.639], "stabilizedTipPosition": [10.1102, 117.111, 6.94036], "timeVisible": 4.69217, "tipPosition": [10.1343, 114.497, 6.53744], "tipVelocity": [18.8652, 12.4093, -0.540506], "tool": false, "touchDistance": -0.189011, "touchZone": "touching", "type": 0, "width": 21.805}, {"bases": [[[0.142403, 0.779808, -0.609607], [-0.964615, 0.247406, 0.0911487], [0.221899, 0.575056, 0.787446]], [[0.136632, 0.764717, -0.629714], [-0.428499, -0.527506, -0.73357], [-0.893152, 0.370061, 0.255606]], [[0.136632, 0.764717, -0.629714], [0.867045, -0.399771, -0.297349], [-0.479129, -0.505363, -0.717665]], [[0.136632, 0.764717, -0.629714], [0.954864, 0.0675814, 0.289252], [0.263753, -0.640813, -0.720967]]], "btipPosition": [-3.0715, 165.855, 13.0993], "carpPosition": [23.1733, 200.935, 52.9873], "dipPosition": [-7.27546, 155.641, 1.60782], "direction": [-0.479129, 0.505363, 0.717665], "extended": false, "handId": 134, "id": 1341, "length": 54.8611, "mcpPosition": [39.325, 159.078, -4.32987], "pipPosition": [3.52812, 144.246, -14.5744], "stabilizedTipPosition": [-4.29441, 166.634, 10.7393], "timeVisible": 4.69217, "tipPosition": [-4.9802, 161.863, 7.52385], "tipVelocity": [14.6379, 12.6558, -2.46649], "tool": false, "touchDistance": 0.333333, "touchZone": "none", "type": 1, "width": 20.8281}, {"bases": [[[0.333416, 0.796652, -0.504162], [-0.921547, 0.388245, 0.00404133], [0.198958, 0.463262, 0.8636]], [[0.320886, 0.767439, -0.55504], [-0.395447, -0.423944, -0.814797], [-0.860613, 0.480945, 0.167444]], [[0.320886, 0.767439, -0.55504], [0.8486, -0.493215, -0.191354], [-0.420607, -0.409604, -0.809515]], [[0.320886, 0.767439, -0.55504], [0.897667, -0.0595478, 0.436634], [0.302038, -0.63835, -0.708013]]], "btipPosition": [-7.61638, 178.868, 12.0809], "carpPosition": [23.2111, 210.415, 45.3351], "dipPosition": [-12.9114, 167.677, -0.331237], "direction": [-0.420607, 0.409604, 0.809515], "extended": false, "handId": 134, "id": 1342, "length": 62.5098, "mcpPosition": [36.9446, 178.437, -14.2769], "pipPosition": [-1.75349, 156.811, -21.8061], "stabilizedTipPosition": [-8.58256, 179.323, 9.91385], "timeVisible": 4.69217, "tipPosition": [-10.057, 173.193, 6.11044], "tipVelocity": [15.6445, 11.875, -0.372662], "tool": false, "touchDistance": 0.333333, "touchZone": "none", "type": 2, "width": 20.456}, {"bases": [[[0.427575, 0.824592, -0.370442], [-0.888559, 0.45874, -0.00446149], [0.166257, 0.331067, 0.928845]], [[0.416836, 0.803256, -0.425472], [-0.394443, -0.261866, -0.880818], [-0.818939, 0.534982, 0.207684]], [[0.416836, 0.803256, -0.425472], [0.813111, -0.538737, -0.220484], [-0.406323, -0.25405, -0.877702]], [[0.416836, 0.803256, -0.425472], [0.871973, -0.221155, 0.436753], [0.25673, -0.553055, -0.792603]]], "btipPosition": [-9.69555, 193.409, 8.8158], "carpPosition": [20.1608, 220.02, 38.5399], "dipPosition": [-14.1704, 183.769, -4.99941], "direction": [-0.406323, 0.25405, 0.877702], "extended": false, "handId": 134, "id": 1343, "length": 60.1048, "mcpPosition": [30.4646, 199.502, -19.0253], "pipPosition": [-3.66979, 177.204, -27.6818], "stabilizedTipPosition": [-10.1434, 193.945, 6.09934], "timeVisible": 4.69217, "tipPosition": [-12.5908, 188.29, 1.97339], "tipVelocity": [14.6366, 11.5015, -0.647893], "tool": false, "touchDistance": 0.333333, "touchZone": "none", "type": 3, "width": 19.4652}, {"bases": [[[0.584843, 0.770159, -0.254585], [-0.793036, 0.608844, 0.0200546], [0.170448, 0.190166, 0.966842]], [[0.554916, 0.735592, -0.388551], [-0.440695, -0.136214, -0.887262], [-0.705589, 0.663589, 0.248584]], [[0.554916, 0.735592, -0.388551], [0.705238, -0.663697, -0.249291], [-0.441256, -0.135686, -0.887064]], [[0.554916, 0.735592, -0.388551], [0.823941, -0.421497, 0.378762], [0.114841, -0.530325, -0.83998]]], "btipPosition": [-9.48906, 206.784, -0.537322], "carpPosition": [10.2118, 228.579, 33.4374], "dipPosition": [-11.3357, 198.256, -14.0443], "direction": [-0.441256, 0.135686, 0.887064], "extended": false, "handId": 134, "id": 1344, "length": 47.1211, "mcpPosition": [19.9904, 217.67, -22.03], "pipPosition": [-3.28443, 195.78, -30.2299], "stabilizedTipPosition": [-9.01473, 207.257, -3.31046], "timeVisible": 4.69217, "tipPosition": [-11.1786, 201.51, -8.08239], "tipVelocity": [14.2982, 11.3195, -1.5016], "tool": false, "touchDistance": 0.333333, "touchZone": "none", "type": 4, "width": 17.2905}], "r": [[0.50459, 0.827223, -0.247166], [-0.863193, 0.488987, -0.125656], [0.0169156, 0.276757, 0.960791]], "s": 0.838459, "t": [-41.0809, -19.7892, -28.32], "timestamp": 17865548819}, {"currentFrameRate": 115.159, "devices": [], "gestures": [], "hands": [{"armBasis": [[0.326143, 0.881653, -0.341054], [-0.681166, 0.469341, 0.5619], [0.655471, 0.0490548, 0.753625]], "armWidth": 66.9139, "confidence": 1, "direction": [0.334117, -0.39418, -0.856147], "elbow": [-177.149, 236.338, 266.798], "grabAngle": 3.14159, "grabStrength": 1, "id": 134, "palmNormal": [-0.920925, -0.329906, -0.207505], "palmPosition": [24.2735, 189.415, 4.69593], "palmVelocity": [18.582, 6.66481, -2.48286], "palmWidth": 90.0241, "pinchDistance": 35.0682, "pinchStrength": 0.346758, "r": [[0.504302, 0.8273, -0.247496], [-0.863347, 0.488906, -0.124914], [0.0176607, 0.276669, 0.960803]], "s": 0.838389, "sphereCenter": [-3.57132, 169.172, -15.9072], "sphereRadius": 38.1968, "stabilizedPalmPosition": [24.6019, 191.77, 6.25936], "t": [41.2336, -19.7028, -28.3464], "timeVisible": 4.70028, "type": "left", "wrist": [-2.0505, 223.234, 65.4797]}], "id": 90688, "interactionBox": {"center": [0, 200, 0], "size": [235.247, 235.247, 147.751]}, "pointables": [{"bases": [[[-0.808155, 0.563327, -0.171894], [-0.442942, -0.388962, 0.807782], [0.388185, 0.728952, 0.563863]], [[-0.88703, 0.321081, -0.331791], [-0.432535, -0.32647, 0.840435], [0.161528, 0.889002, 0.428467]], [[-0.88703, 0.321081, -0.331791], [-0.461558, -0.598054, 0.655207], [0.0119463, 0.734329, 0.678689]], [[-0.88703, 0.321081, -0.331791], [-0.44529, -0.784865, 0.430934], [-0.122046, 0.529994, 0.839173]]], "btipPosition": [9.22635, 113.135, 0.714035], "carpPosition": [3.53348, 191.969, 61.7842], "dipPosition": [11.891, 124.706, 19.0357], "direction": [0.0119463, -0.734329, -0.678689], "extended": true, "handId": 134, "id": 1340, "length": 48.619, "mcpPosition": [3.53348, 191.969, 61.7842], "pipPosition": [11.511, 148.063, 40.6231], "stabilizedTipPosition": [10.1078, 117.1, 6.92241], "timeVisible": 4.70028, "tipPosition": [10.266, 114.556, 6.55612], "tipVelocity": [17.1867, 7.25847, 1.15669], "tool": false, "touchDistance": -0.188855, "touchZone": "touching", "type": 0, "width": 21.805}, {"bases": [[[0.141707, 0.779418, -0.610268], [-0.964594, 0.247249, 0.0917972], [0.222437, 0.575653, 0.786858]], [[0.135674, 0.763657, -0.631205], [-0.429167, -0.528923, -0.732159], [-0.892977, 0.370228, 0.255975]], [[0.135674, 0.763657, -0.631205], [0.866534, -0.400333, -0.298081], [-0.480324, -0.506519, -0.71605]], [[0.135674, 0.763657, -0.631205], [0.955376, 0.0678869, 0.287485], [0.262391, -0.642043, -0.720369]]], "btipPosition": [-2.96172, 165.938, 13.0524], "carpPosition": [23.2856, 201.023, 52.9583], "dipPosition": [-7.14398, 155.705, 1.57038], "direction": [-0.480324, 0.506519, 0.71605], "extended": false, "handId": 134, "id": 1341, "length": 54.8611, "mcpPosition": [39.4765, 159.122, -4.31608], "pipPosition": [3.68656, 144.284, -14.5754], "stabilizedTipPosition": [-4.29329, 166.624, 10.7383], "timeVisible": 4.70028, "tipPosition": [-4.8361, 161.929, 7.5047], "tipVelocity": [14.1556, 9.71852, -5.52186], "tool": false, "touchDistance": 0.333333, "touchZone": "none", "type": 1, "width": 20.8281}, {"bases": [[[0.332805, 0.796378, -0.504997], [-0.921632, 0.388038, 0.00455564], [0.199586, 0.463906, 0.863109]], [[0.320239, 0.767127, -0.555844], [-0.395788, -0.424741, -0.814215], [-0.860697, 0.48074, 0.167602]], [[0.320239, 0.767127, -0.555844], [0.848521, -0.493182, -0.191788], [-0.421258, -0.410228, -0.80886]], [[0.320239, 0.767127, -0.555844], [0.898052, -0.0590431, 0.435909], [0.301579, -0.638772, -0.707828]]], "btipPosition": [-7.4812, 178.939, 12.0515], "carpPosition": [23.332, 210.497, 45.2996], "dipPosition": [-12.7681, 167.741, -0.357365], "direction": [-0.421258, 0.410228, 0.80886], "extended": false, "handId": 134, "id": 1342, "length": 62.5098, "mcpPosition": [37.1089, 178.475, -14.2785], "pipPosition": [-1.59296, 156.858, -21.8149], "stabilizedTipPosition": [-8.58298, 179.312, 9.91125], "timeVisible": 4.70028, "tipPosition": [-9.91011, 173.258, 6.07524], "tipVelocity": [16.9014, 8.56186, -3.52952], "tool": false, "touchDistance": 0.333333, "touchZone": "none", "type": 2, "width": 20.456}, {"bases": [[[0.427072, 0.824433, -0.371377], [-0.888668, 0.458534, -0.00402409], [0.166971, 0.331749, 0.928474]], [[0.416291, 0.803056, -0.426383], [-0.394873, -0.262736, -0.880367], [-0.81901, 0.534856, 0.20773]], [[0.416291, 0.803056, -0.426383], [0.813064, -0.538693, -0.220763], [-0.406975, -0.254775, -0.877189]], [[0.416291, 0.803056, -0.426383], [0.872429, -0.220727, 0.436059], [0.256066, -0.553517, -0.792496]]], "btipPosition": [-9.55374, 193.477, 8.777], "carpPosition": [20.2897, 220.099, 38.4951], "dipPosition": [-14.017, 183.829, -5.03633], "direction": [-0.406975, 0.254775, 0.877189], "extended": false, "handId": 134, "id": 1343, "length": 60.1048, "mcpPosition": [30.6378, 199.538, -19.0471], "pipPosition": [-3.49957, 177.245, -27.7055], "stabilizedTipPosition": [-10.1452, 193.934, 6.09729], "timeVisible": 4.70028, "tipPosition": [-12.4363, 188.354, 1.92633], "tipVelocity": [17.818, 8.17798, -4.73218], "tool": false, "touchDistance": 0.333333, "touchZone": "none", "type": 3, "width": 19.4652}, {"bases": [[[0.58445, 0.770116, -0.255616], [-0.793158, 0.608677, 0.0203067], [0.171226, 0.190875, 0.966565]], [[0.554429, 0.735462, -0.389493], [-0.44114, -0.137138, -0.886898], [-0.705694, 0.663543, 0.248409]], [[0.554429, 0.735462, -0.389493], [0.705342, -0.663652, -0.249115], [-0.441702, -0.136609, -0.8867]], [[0.554429, 0.735462, -0.389493], [0.824299, -0.420827, 0.37873], [0.114633, -0.531038, -0.839559]]], "btipPosition": [-9.32414, 206.85, -0.588215], "carpPosition": [10.347, 228.657, 33.3783], "dipPosition": [-11.1674, 198.311, -14.0884], "direction": [-0.441702, 0.136609, 0.8867], "extended": false, "handId": 134, "id": 1344, "length": 47.1211, "mcpPosition": [20.1702, 217.706, -22.0732], "pipPosition": [-3.10802, 195.818, -30.2673], "stabilizedTipPosition": [-9.01815, 207.246, -3.31225], "timeVisible": 4.70028, "tipPosition": [-11.0131, 201.566, -8.13691], "tipVelocity": [20.4357, 7.84569, -6.08446], "tool": false, "touchDistance": 0.333333, "touchZone": "none", "type": 4, "width": 17.2905}], "r": [[0.504302, 0.8273, -0.247496], [-0.863347, 0.488906, -0.124914], [0.0176607, 0.276669, 0.960803]], "s": 0.838389, "t": [-41.2336, -19.7028, -28.3464], "timestamp": 17865556927}, {"currentFrameRate": 115.192, "devices": [], "gestures": [], "hands": [{"armBasis": [[0.326421, 0.881683, -0.340711], [-0.680842, 0.46935, 0.562285], [0.65567, 0.0484285, 0.753493]], "armWidth": 66.9139, "confidence": 1, "direction": [0.334879, -0.394698, -0.855611], "elbow": [-177.112, 236.28, 266.721], "grabAngle": 3.14159, "grabStrength": 1, "id": 134, "palmNormal": [-0.920818, -0.329699, -0.208309], "palmPosition": [24.4097, 189.499, 4.69038], "palmVelocity": [15.7933, 9.8285, -0.643707], "palmWidth": 90.0241, "pinchDistance": 35.0646, "pinchStrength": 0.346089, "r": [[0.503964, 0.827372, -0.247943], [-0.863528, 0.488771, -0.124187], [0.0184389, 0.276692, 0.960782]], "s": 0.838339, "sphereCenter": [-3.42362, 169.265, -15.9368], "sphereRadius": 38.1994, "stabilizedPalmPosition": [24.6008, 191.757, 6.25079], "t": [41.378, -19.6173, -28.3625], "timeVisible": 4.7089, "type": "left", "wrist": [-1.96064, 223.343, 65.4377]}], "id": 90689, "interactionBox": {"center": [0, 200, 0], "size": [235.247, 235.247, 147.751]}, "pointables": [{"bases": [[[-0.808521, 0.562977, -0.171318], [-0.44197, -0.388725, 0.808428], [0.388531, 0.729349, 0.563111]], [[-0.88747, 0.320707, -0.330973], [-0.431581, -0.326421, 0.840944], [0.16166, 0.889155, 0.4281]], [[-0.88747, 0.320707, -0.330973], [-0.460691, -0.597607, 0.656224], [0.0126636, 0.734856, 0.678105]], [[-0.88747, 0.320707, -0.330973], [-0.444665, -0.784598, 0.432063], [-0.121116, 0.530616, 0.838915]]], "btipPosition": [9.35349, 113.216, 0.727938], "carpPosition": [3.61101, 192.088, 61.7557], "dipPosition": [11.9978, 124.801, 19.044], "direction": [0.0126637, -0.734856, -0.678105], "extended": true, "handId": 134, "id": 1340, "length": 48.619, "mcpPosition": [3.61101, 192.088, 61.7557], "pipPosition": [11.595, 148.175, 40.6128], "stabilizedTipPosition": [10.1063, 117.087, 6.90168], "timeVisible": 4.7089, "tipPosition": [10.375, 114.648, 6.57015], "tipVelocity": [14.1994, 9.7401, 1.46164], "tool": false, "touchDistance": -0.188645, "touchZone": "touching", "type": 0, "width": 21.805}, {"bases": [[[0.140811, 0.779175, -0.610786], [-0.96458, 0.246972, 0.0926862], [0.223066, 0.5761, 0.786352]], [[0.134522, 0.76277, -0.632524], [-0.429892, -0.530203, -0.730806], [-0.892803, 0.370226, 0.256585]], [[0.134522, 0.76277, -0.632524], [0.865964, -0.400778, -0.299136], [-0.481674, -0.507503, -0.714445]], [[0.134522, 0.76277, -0.632524], [0.955947, 0.0681718, 0.285514], [0.260902, -0.643067, -0.719996]]], "btipPosition": [-2.87335, 166.052, 13.0105], "carpPosition": [23.3753, 201.131, 52.9461], "dipPosition": [-7.03188, 155.803, 1.53444], "direction": [-0.481674, 0.507503, 0.714445], "extended": false, "handId": 134, "id": 1341, "length": 54.8611, "mcpPosition": [39.612, 159.198, -4.29138], "pipPosition": [3.82908, 144.359, -14.5751], "stabilizedTipPosition": [-4.2917, 166.614, 10.737], "timeVisible": 4.7089, "tipPosition": [-4.70984, 162.029, 7.48868], "tipVelocity": [10.8783, 12.7838, -4.6975], "tool": false, "touchDistance": 0.333333, "touchZone": "none", "type": 1, "width": 20.8281}, {"bases": [[[0.332014, 0.796249, -0.505723], [-0.921756, 0.387734, 0.00533294], [0.200332, 0.464382, 0.86268]], [[0.319403, 0.76697, -0.556542], [-0.396148, -0.425454, -0.813668], [-0.860842, 0.480361, 0.167942]], [[0.319403, 0.76697, -0.556542], [0.848482, -0.492994, -0.192444], [-0.421971, -0.410749, -0.808224]], [[0.319403, 0.76697, -0.556542], [0.898467, -0.0584129, 0.435138], [0.301228, -0.639019, -0.707754]]], "btipPosition": [-7.3604, 179.046, 12.0311], "carpPosition": [23.4329, 210.602, 45.283], "dipPosition": [-12.6412, 167.843, -0.376478], "direction": [-0.421971, 0.410749, 0.808224], "extended": false, "handId": 134, "id": 1342, "length": 62.5098, "mcpPosition": [37.2613, 178.546, -14.2655], "pipPosition": [-1.44712, 156.947, -21.8171], "stabilizedTipPosition": [-8.58295, 179.3, 9.90815], "timeVisible": 4.7089, "tipPosition": [-9.77936, 173.359, 6.04514], "tipVelocity": [14.1695, 12.2531, -2.33206], "tool": false, "touchDistance": 0.333333, "touchZone": "none", "type": 2, "width": 20.456}, {"bases": [[[0.42641, 0.824398, -0.372213], [-0.888824, 0.458237, -0.00331465], [0.167829, 0.332246, 0.928141]], [[0.415579, 0.802991, -0.427199], [-0.395388, -0.263491, -0.879909], [-0.819123, 0.534581, 0.207992]], [[0.415579, 0.802991, -0.427199], [0.813055, -0.538502, -0.221264], [-0.40772, -0.255383, -0.876666]], [[0.415579, 0.802991, -0.427199], [0.872977, -0.220274, 0.43519], [0.255353, -0.553791, -0.792535]]], "btipPosition": [-9.42579, 193.58, 8.74955], "carpPosition": [20.4009, 220.201, 38.4708], "dipPosition": [-13.8766, 183.928, -5.06446], "direction": [-0.40772, 0.255383, 0.876666], "extended": false, "handId": 134, "id": 1343, "length": 60.1048, "mcpPosition": [30.8021, 199.61, -19.0508], "pipPosition": [-3.33993, 177.328, -27.7201], "stabilizedTipPosition": [-10.1466, 193.922, 6.09483], "timeVisible": 4.7089, "tipPosition": [-12.2954, 188.452, 1.88714], "tipVelocity": [15.1666, 11.8511, -3.20074], "tool": false, "touchDistance": 0.333333, "touchZone": "none", "type": 3, "width": 19.4652}, {"bases": [[[0.583927, 0.770188, -0.256591], [-0.793339, 0.608424, 0.0208452], [0.172171, 0.191392, 0.966295]], [[0.55379, 0.735476, -0.390374], [-0.441693, -0.137951, -0.886497], [-0.70585, 0.663359, 0.248458]], [[0.55379, 0.735476, -0.390374], [0.705498, -0.663468, -0.249164], [-0.442255, -0.137423, -0.886299]], [[0.55379, 0.735476, -0.390374], [0.824764, -0.420126, 0.378494], [0.114367, -0.531573, -0.839256]]], "btipPosition": [-9.17006, 206.953, -0.625283], "carpPosition": [10.4664, 228.76, 33.3395], "dipPosition": [-11.0091, 198.405, -14.1206], "direction": [-0.442255, 0.137423, 0.886299], "extended": false, "handId": 134, "id": 1344, "length": 47.1211, "mcpPosition": [20.3438, 217.78, -22.0965], "pipPosition": [-2.93961, 195.898, -30.2922], "stabilizedTipPosition": [-9.02119, 207.234, -3.31445], "timeVisible": 4.7089, "tipPosition": [-10.8581, 201.66, -8.18027], "tipVelocity": [17.9773, 11.7051, -4.1679], "tool": false, "touchDistance": 0.333333, "touchZone": "none", "type": 4, "width": 17.2905}], "r": [[0.503964, 0.827372, -0.247943], [-0.863528, 0.488771, -0.124187], [0.0184389, 0.276692, 0.960782]], "s": 0.838339, "t": [-41.378, -19.6173, -28.3625], "timestamp": 17865565552}, {"currentFrameRate": 115.173, "devices": [], "gestures": [], "hands": [{"armBasis": [[0.326297, 0.881965, -0.3401], [-0.680715, 0.468878, 0.562832], [0.655864, 0.0478608, 0.75336]], "armWidth": 66.9139, "confidence": 1, "direction": [0.335204, -0.394775, -0.855448], "elbow": [-177.083, 236.224, 266.675], "grabAngle": 3.14159, "grabStrength": 1, "id": 134, "palmNormal": [-0.920877, -0.329124, -0.208957], "palmPosition": [24.5084, 189.597, 4.68791], "palmVelocity": [11.3307, 11.1554, -0.282815], "palmWidth": 90.0241, "pinchDistance": 35.0703, "pinchStrength": 0.34542, "r": [[0.503563, 0.827496, -0.248343], [-0.863746, 0.488565, -0.123478], [0.0191541, 0.276685, 0.96077]], "s": 0.838326, "sphereCenter": [-3.32352, 169.384, -15.9611], "sphereRadius": 38.2026, "stabilizedPalmPosition": [24.6003, 191.745, 6.24181], "t": [41.4996, -19.5259, -28.3717], "timeVisible": 4.71762, "type": "left", "wrist": [-1.87906, 223.439, 65.4268]}], "id": 90690, "interactionBox": {"center": [0, 200, 0], "size": [235.247, 235.247, 147.751]}, "pointables": [{"bases": [[[-0.808966, 0.562522, -0.17071], [-0.441211, -0.389101, 0.808661], [0.388466, 0.729499, 0.562961]], [[-0.88787, 0.320272, -0.330323], [-0.430859, -0.326926, 0.841118], [0.161396, 0.889126, 0.42826]], [[-0.88787, 0.320272, -0.330323], [-0.459913, -0.59758, 0.656794], [0.0129583, 0.735067, 0.677871]], [[-0.88787, 0.320272, -0.330323], [-0.443977, -0.78476, 0.432477], [-0.120714, 0.530639, 0.838958]]], "btipPosition": [9.42161, 113.311, 0.710843], "carpPosition": [3.67403, 192.189, 61.74], "dipPosition": [12.0572, 124.897, 19.0278], "direction": [0.0129583, -0.735067, -0.677871], "extended": true, "handId": 134, "id": 1340, "length": 48.619, "mcpPosition": [3.67403, 192.189, 61.74], "pipPosition": [11.645, 148.277, 40.5892], "stabilizedTipPosition": [10.1054, 117.074, 6.87942], "timeVisible": 4.71762, "tipPosition": [10.4278, 114.754, 6.5462], "tipVelocity": [7.58435, 10.9956, -1.93669], "tool": false, "touchDistance": -0.188926, "touchZone": "touching", "type": 0, "width": 21.805}, {"bases": [[[0.13995, 0.779344, -0.610767], [-0.964665, 0.246387, 0.093351], [0.223238, 0.576121, 0.786288]], [[0.133463, 0.76243, -0.633158], [-0.430159, -0.530991, -0.730077], [-0.892833, 0.369797, 0.257098]], [[0.133463, 0.76243, -0.633158], [0.865595, -0.4008, -0.300173], [-0.482631, -0.507996, -0.713447]], [[0.133463, 0.76243, -0.633158], [0.95638, 0.0684303, 0.283997], [0.259855, -0.643443, -0.72004]]], "btipPosition": [-2.82621, 166.176, 12.9713], "carpPosition": [23.4495, 201.222, 52.9446], "dipPosition": [-6.96804, 155.92, 1.49457], "direction": [-0.482631, 0.507996, 0.713447], "extended": false, "handId": 134, "id": 1341, "length": 54.8611, "mcpPosition": [39.6986, 159.287, -4.28821], "pipPosition": [3.91451, 144.466, -14.5925], "stabilizedTipPosition": [-4.2898, 166.604, 10.7355], "timeVisible": 4.71762, "tipPosition": [-4.62729, 162.147, 7.46973], "tipVelocity": [5.85022, 14.0492, -4.51375], "tool": false, "touchDistance": 0.333333, "touchZone": "none", "type": 1, "width": 20.8281}, {"bases": [[[0.331211, 0.796517, -0.505826], [-0.921982, 0.387187, 0.00598982], [0.20062, 0.464379, 0.862614]], [[0.318585, 0.767237, -0.556642], [-0.396044, -0.425787, -0.813545], [-0.861192, 0.479638, 0.168211]], [[0.318585, 0.767237, -0.556642], [0.84864, -0.492472, -0.193084], [-0.422272, -0.410875, -0.808002]], [[0.318585, 0.767237, -0.556642], [0.898699, -0.0577573, 0.434747], [0.301404, -0.638757, -0.707916]]], "btipPosition": [-7.27645, 179.169, 12.0204], "carpPosition": [23.5177, 210.694, 45.2829], "dipPosition": [-12.5603, 167.971, -0.390055], "direction": [-0.422272, 0.410875, 0.808002], "extended": false, "handId": 134, "id": 1342, "length": 62.5098, "mcpPosition": [37.3659, 178.639, -14.2611], "pipPosition": [-1.35826, 157.071, -21.8248], "stabilizedTipPosition": [-8.58253, 179.288, 9.90475], "timeVisible": 4.71762, "tipPosition": [-9.68965, 173.48, 6.02172], "tipVelocity": [9.55109, 14.2976, -1.30764], "tool": false, "touchDistance": 0.333333, "touchZone": "none", "type": 2, "width": 20.456}, {"bases": [[[0.425678, 0.824703, -0.372375], [-0.889097, 0.457711, -0.00266929], [0.168239, 0.332214, 0.928078]], [[0.414824, 0.803298, -0.427356], [-0.395465, -0.263824, -0.879775], [-0.819469, 0.533956, 0.208235]], [[0.414824, 0.803298, -0.427356], [0.813256, -0.537972, -0.221814], [-0.408088, -0.255536, -0.87645]], [[0.414824, 0.803298, -0.427356], [0.873401, -0.219839, 0.434559], [0.255131, -0.553519, -0.792796]]], "btipPosition": [-9.33334, 193.702, 8.74152], "carpPosition": [20.4958, 220.296, 38.4701], "dipPosition": [-13.7803, 184.054, -5.07704], "direction": [-0.408088, 0.255536, 0.87645], "extended": false, "handId": 134, "id": 1343, "length": 60.1048, "mcpPosition": [30.9224, 199.707, -19.0476], "pipPosition": [-3.2341, 177.451, -27.7271], "stabilizedTipPosition": [-10.1477, 193.91, 6.09213], "timeVisible": 4.71762, "tipPosition": [-12.1933, 188.575, 1.86494], "tipVelocity": [10.7102, 14.1295, -1.04114], "tool": false, "touchDistance": 0.333333, "touchZone": "none", "type": 3, "width": 19.4652}, {"bases": [[[0.583303, 0.770571, -0.256863], [-0.793685, 0.60795, 0.0214494], [0.172688, 0.191357, 0.96621]], [[0.553114, 0.735876, -0.390577], [-0.441815, -0.138369, -0.886371], [-0.706303, 0.662827, 0.248587]], [[0.553114, 0.735876, -0.390577], [0.705951, -0.662937, -0.249293], [-0.442377, -0.137841, -0.886173]], [[0.553114, 0.735876, -0.390577], [0.825171, -0.419359, 0.378459], [0.114707, -0.531624, -0.839177]]], "btipPosition": [-9.04879, 207.082, -0.634206], "carpPosition": [10.5697, 228.861, 33.3335], "dipPosition": [-10.8933, 198.534, -14.1282], "direction": [-0.442377, 0.137841, 0.886173], "extended": false, "handId": 134, "id": 1344, "length": 47.1211, "mcpPosition": [20.4768, 217.883, -22.0976], "pipPosition": [-2.82157, 196.019, -30.2976], "stabilizedTipPosition": [-9.02377, 207.222, -3.31687], "timeVisible": 4.71762, "tipPosition": [-10.7421, 201.784, -8.1985], "tipVelocity": [13.7706, 14.8257, -0.990407], "tool": false, "touchDistance": 0.333333, "touchZone": "none", "type": 4, "width": 17.2905}], "r": [[0.503563, 0.827496, -0.248343], [-0.863746, 0.488565, -0.123478], [0.0191541, 0.276685, 0.96077]], "s": 0.838326, "t": [-41.4996, -19.5259, -28.3717], "timestamp": 17865574267}, {"currentFrameRate": 115.244, "devices": [], "gestures": [], "hands": [{"armBasis": [[0.325813, 0.882406, -0.33942], [-0.680686, 0.468091, 0.563522], [0.656135, 0.0474353, 0.753151]], "armWidth": 66.9139, "confidence": 1, "direction": [0.33589, -0.394781, -0.855176], "elbow": [-177.076, 236.175, 266.606], "grabAngle": 3.14159, "grabStrength": 1, "id": 134, "palmNormal": [-0.920893, -0.328331, -0.210132], "palmPosition": [24.6252, 189.667, 4.68928], "palmVelocity": [13.6385, 8.23406, 0.159594], "palmWidth": 90.0241, "pinchDistance": 35.0702, "pinchStrength": 0.344791, "r": [[0.503052, 0.82769, -0.24873], [-0.864027, 0.48827, -0.12268], [0.019907, 0.276624, 0.960772]], "s": 0.838324, "sphereCenter": [-3.20105, 169.488, -16.001], "sphereRadius": 38.2056, "stabilizedPalmPosition": [24.6005, 191.733, 6.23273], "t": [41.6188, -19.4449, -28.3756], "timeVisible": 4.72617, "type": "left", "wrist": [-1.80024, 223.504, 65.4136]}], "id": 90691, "interactionBox": {"center": [0, 200, 0], "size": [235.247, 235.247, 147.751]}, "pointables": [{"bases": [[[-0.80961, 0.561933, -0.169594], [-0.439958, -0.389696, 0.809058], [0.388546, 0.729636, 0.562729]], [[-0.888491, 0.319782, -0.329125], [-0.429634, -0.327668, 0.841456], [0.161239, 0.889029, 0.42852]], [[-0.888491, 0.319782, -0.329125], [-0.458695, -0.597789, 0.657455], [0.0134953, 0.735111, 0.677813]], [[-0.888491, 0.319782, -0.329125], [-0.442942, -0.785084, 0.43295], [-0.119941, 0.530456, 0.839185]]], "btipPosition": [9.49995, 113.388, 0.672679], "carpPosition": [3.72615, 192.259, 61.7178], "dipPosition": [12.1186, 124.97, 18.9946], "direction": [0.0134953, -0.735111, -0.677813], "extended": true, "handId": 134, "id": 1340, "length": 48.619, "mcpPosition": [3.72615, 192.259, 61.7178], "pipPosition": [11.6894, 148.352, 40.5542], "stabilizedTipPosition": [10.1053, 117.063, 6.85706], "timeVisible": 4.72617, "tipPosition": [10.4827, 114.837, 6.50647], "tipVelocity": [8.70142, 8.89542, -4.32675], "tool": false, "touchDistance": -0.189543, "touchZone": "touching", "type": 0, "width": 21.805}, {"bases": [[[0.138619, 0.77964, -0.610693], [-0.96475, 0.245595, 0.0945528], [0.2237, 0.576059, 0.786202]], [[0.131905, 0.762164, -0.633804], [-0.430734, -0.531802, -0.729147], [-0.892787, 0.369179, 0.258143]], [[0.131905, 0.762164, -0.633804], [0.865154, -0.400612, -0.301692], [-0.483849, -0.508543, -0.712232]], [[0.131905, 0.762164, -0.633804], [0.956941, 0.0688848, 0.281991], [0.258583, -0.643709, -0.720259]]], "btipPosition": [-2.76891, 166.279, 12.9154], "carpPosition": [23.519, 201.279, 52.9483], "dipPosition": [-6.89047, 156.019, 1.43519], "direction": [-0.483849, 0.508543, 0.712232], "extended": false, "handId": 134, "id": 1341, "length": 54.8611, "mcpPosition": [39.8018, 159.348, -4.27831], "pipPosition": [4.01954, 144.552, -14.6245], "stabilizedTipPosition": [-4.28771, 166.594, 10.7338], "timeVisible": 4.72617, "tipPosition": [-4.53367, 162.243, 7.43519], "tipVelocity": [7.24132, 11.8609, -6.62412], "tool": false, "touchDistance": 0.333333, "touchZone": "none", "type": 1, "width": 20.8281}, {"bases": [[[0.329989, 0.796932, -0.505971], [-0.922281, 0.386454, 0.00718462], [0.20126, 0.464276, 0.862521]], [[0.317327, 0.767658, -0.55678], [-0.396363, -0.426017, -0.813269], [-0.86151, 0.478759, 0.169085]], [[0.317327, 0.767658, -0.55678], [0.848714, -0.491828, -0.194396], [-0.42307, -0.41086, -0.807593]], [[0.317327, 0.767658, -0.55678], [0.899246, -0.0571671, 0.433691], [0.301097, -0.638305, -0.708455]]], "btipPosition": [-7.18712, 179.266, 11.9927], "carpPosition": [23.6036, 210.753, 45.2895], "dipPosition": [-12.4656, 168.076, -0.427169], "direction": [-0.42307, 0.41086, 0.807593], "extended": false, "handId": 134, "id": 1342, "length": 62.5098, "mcpPosition": [37.4961, 178.705, -14.248], "pipPosition": [-1.24238, 157.177, -21.8511], "stabilizedTipPosition": [-8.58167, 179.276, 9.90113], "timeVisible": 4.72617, "tipPosition": [-9.58597, 173.58, 5.98159], "tipVelocity": [10.584, 11.5739, -3.48715], "tool": false, "touchDistance": 0.333333, "touchZone": "none", "type": 2, "width": 20.456}, {"bases": [[[0.42459, 0.825153, -0.372621], [-0.889462, 0.457007, -0.00149144], [0.16906, 0.332065, 0.927982]], [[0.413688, 0.803756, -0.427596], [-0.395985, -0.264064, -0.879469], [-0.819791, 0.533148, 0.209035]], [[0.413688, 0.803756, -0.427596], [0.813388, -0.537281, -0.222999], [-0.408977, -0.255549, -0.876032]], [[0.413688, 0.803756, -0.427596], [0.874123, -0.219368, 0.433344], [0.254502, -0.553041, -0.793331]]], "btipPosition": [-9.22827, 193.801, 8.71867], "carpPosition": [20.5973, 220.359, 38.4761], "dipPosition": [-13.6643, 184.161, -5.10922], "direction": [-0.408976, 0.255549, 0.876032], "extended": false, "handId": 134, "id": 1343, "length": 60.1048, "mcpPosition": [31.0748, 199.779, -19.0357], "pipPosition": [-3.09511, 177.557, -27.7485], "stabilizedTipPosition": [-10.1482, 193.898, 6.08925], "timeVisible": 4.72617, "tipPosition": [-12.072, 188.679, 1.82733], "tipVelocity": [12.5734, 11.7087, -2.92084], "tool": false, "touchDistance": 0.333333, "touchZone": "none", "type": 3, "width": 19.4652}, {"bases": [[[0.582392, 0.77111, -0.25731], [-0.794141, 0.607315, 0.0225615], [0.173666, 0.191201, 0.966066]], [[0.552089, 0.736449, -0.390948], [-0.442387, -0.138714, -0.886032], [-0.706747, 0.662119, 0.249213]], [[0.552089, 0.736449, -0.390948], [0.706395, -0.662229, -0.249918], [-0.442949, -0.138187, -0.885833]], [[0.552089, 0.736449, -0.390948], [0.825851, -0.418465, 0.377965], [0.114753, -0.531535, -0.839227]]], "btipPosition": [-8.90275, 207.192, -0.654965], "carpPosition": [10.684, 228.934, 33.3305], "dipPosition": [-10.748, 198.645, -14.1498], "direction": [-0.442949, 0.138187, 0.885833], "extended": false, "handId": 134, "id": 1344, "length": 47.1211, "mcpPosition": [20.6472, 217.965, -22.0923], "pipPosition": [-2.66582, 196.124, -30.3129], "stabilizedTipPosition": [-9.02557, 207.21, -3.31949], "timeVisible": 4.72617, "tipPosition": [-10.5992, 201.891, -8.22928], "tipVelocity": [17.0475, 12.8958, -2.44755], "tool": false, "touchDistance": 0.333333, "touchZone": "none", "type": 4, "width": 17.2905}], "r": [[0.503052, 0.82769, -0.24873], [-0.864027, 0.48827, -0.12268], [0.019907, 0.276624, 0.960772]], "s": 0.838324, "t": [-41.6188, -19.4449, -28.3756], "timestamp": 17865582824}, {"currentFrameRate": 115.187, "devices": [], "gestures": [], "hands": [{"armBasis": [[0.325436, 0.882693, -0.339034], [-0.680528, 0.46758, 0.564137], [0.656486, 0.0471317, 0.752864]], "armWidth": 66.9139, "confidence": 1, "direction": [0.335897, -0.394727, -0.855198], "elbow": [-177.052, 236.149, 266.552], "grabAngle": 3.14159, "grabStrength": 1, "id": 134, "palmNormal": [-0.921034, -0.327695, -0.210504], "palmPosition": [24.7425, 189.729, 4.70942], "palmVelocity": [13.372, 7.03459, 2.2941], "palmWidth": 90.0241, "pinchDistance": 35.0764, "pinchStrength": 0.343951, "r": [[0.502527, 0.827923, -0.249019], [-0.864318, 0.487935, -0.12196], [0.0205316, 0.276519, 0.960789]], "s": 0.838335, "sphereCenter": [-3.09061, 169.575, -15.9961], "sphereRadius": 38.2088, "stabilizedPalmPosition": [24.6013, 191.721, 6.2234], "t": [41.7371, -19.3736, -28.3675], "timeVisible": 4.73495, "type": "left", "wrist": [-1.68217, 223.558, 65.4363]}], "id": 90692, "interactionBox": {"center": [0, 200, 0], "size": [235.247, 235.247, 147.751]}, "pointables": [{"bases": [[[-0.810009, 0.561483, -0.169183], [-0.439478, -0.390217, 0.809067], [0.388259, 0.729704, 0.562839]], [[-0.888775, 0.319405, -0.328724], [-0.429199, -0.32831, 0.841428], [0.160833, 0.888928, 0.428882]], [[-0.888775, 0.319405, -0.328724], [-0.458143, -0.597874, 0.657762], [0.0135571, 0.735205, 0.677709]], [[-0.888775, 0.319405, -0.328724], [-0.442411, -0.785281, 0.433134], [-0.119795, 0.53039, 0.839247]]], "btipPosition": [9.58723, 113.449, 0.671525], "carpPosition": [3.82834, 192.316, 61.7326], "dipPosition": [12.2027, 125.029, 18.9948], "direction": [0.0135571, -0.735205, -0.677709], "extended": true, "handId": 134, "id": 1340, "length": 48.619, "mcpPosition": [3.82834, 192.316, 61.7326], "pipPosition": [11.7715, 148.414, 40.5511], "stabilizedTipPosition": [10.1064, 117.051, 6.83317], "timeVisible": 4.73495, "tipPosition": [10.5526, 114.908, 6.49739], "tipVelocity": [9.86074, 6.86587, -0.0960435], "tool": false, "touchDistance": -0.189557, "touchZone": "touching", "type": 0, "width": 21.805}, {"bases": [[[0.137956, 0.779914, -0.610494], [-0.964874, 0.244968, 0.0949123], [0.223575, 0.575956, 0.786313]], [[0.131017, 0.761836, -0.634382], [-0.430632, -0.532643, -0.728593], [-0.892968, 0.368643, 0.258286]], [[0.131017, 0.761836, -0.634382], [0.864982, -0.400504, -0.302328], [-0.484397, -0.509119, -0.711447]], [[0.131017, 0.761836, -0.634382], [0.957199, 0.0693706, 0.280995], [0.258079, -0.644045, -0.72014]]], "btipPosition": [-2.6953, 166.374, 12.9054], "carpPosition": [23.6293, 201.326, 52.9716], "dipPosition": [-6.80884, 156.108, 1.42705], "direction": [-0.484397, 0.509119, 0.711447], "extended": false, "handId": 134, "id": 1341, "length": 54.8611, "mcpPosition": [39.903, 159.403, -4.26303], "pipPosition": [4.11353, 144.628, -14.6149], "stabilizedTipPosition": [-4.2851, 166.584, 10.7319], "timeVisible": 4.73495, "tipPosition": [-4.4324, 162.326, 7.44436], "tipVelocity": [8.59518, 10.6773, -1.09464], "tool": false, "touchDistance": 0.333333, "touchZone": "none", "type": 1, "width": 20.8281}, {"bases": [[[0.329346, 0.797292, -0.505823], [-0.922518, 0.38588, 0.0075749], [0.201226, 0.464136, 0.862604]], [[0.316687, 0.768026, -0.556638], [-0.39602, -0.426189, -0.813345], [-0.861903, 0.478016, 0.169185]], [[0.316687, 0.768026, -0.556638], [0.848889, -0.491313, -0.194936], [-0.423199, -0.41079, -0.807561]], [[0.316687, 0.768026, -0.556638], [0.899417, -0.0567581, 0.433391], [0.301262, -0.637899, -0.70875]]], "btipPosition": [-7.08917, 179.35, 12.0131], "carpPosition": [23.7221, 210.802, 45.3158], "dipPosition": [-12.3706, 168.168, -0.411971], "direction": [-0.423199, 0.41079, 0.807561], "extended": false, "handId": 134, "id": 1342, "length": 62.5098, "mcpPosition": [37.6123, 178.764, -14.2275], "pipPosition": [-1.1439, 157.27, -21.835], "stabilizedTipPosition": [-8.58027, 179.263, 9.89737], "timeVisible": 4.73495, "tipPosition": [-9.47758, 173.666, 5.99038], "tipVelocity": [11.0832, 9.76125, 2.18539], "tool": false, "touchDistance": 0.333333, "touchZone": "none", "type": 2, "width": 20.456}, {"bases": [[[0.423968, 0.82553, -0.372492], [-0.889745, 0.456456, -0.00108913], [0.169127, 0.331885, 0.928035]], [[0.413064, 0.804144, -0.427471], [-0.39577, -0.264241, -0.879513], [-0.82021, 0.532475, 0.209107]], [[0.413064, 0.804144, -0.427471], [0.813637, -0.53672, -0.223443], [-0.409113, -0.25551, -0.87598]], [[0.413064, 0.804144, -0.427471], [0.874427, -0.219048, 0.432892], [0.254471, -0.552604, -0.793646]]], "btipPosition": [-9.11916, 193.885, 8.74496], "carpPosition": [20.7238, 220.413, 38.5045], "dipPosition": [-13.5546, 184.253, -5.08841], "direction": [-0.409113, 0.25551, 0.87598], "extended": false, "handId": 134, "id": 1343, "length": 60.1048, "mcpPosition": [31.2055, 199.844, -19.0105], "pipPosition": [-2.98193, 177.65, -27.7264], "stabilizedTipPosition": [-10.1482, 193.885, 6.08634], "timeVisible": 4.73495, "tipPosition": [-11.9522, 188.768, 1.84069], "tipVelocity": [12.4444, 9.81892, 2.85106], "tool": false, "touchDistance": 0.333333, "touchZone": "none", "type": 3, "width": 19.4652}, {"bases": [[[0.581838, 0.77155, -0.257244], [-0.79451, 0.606815, 0.022982], [0.173832, 0.191012, 0.966073]], [[0.55153, 0.736927, -0.390837], [-0.442229, -0.138964, -0.886071], [-0.707282, 0.661534, 0.249248]], [[0.55153, 0.736927, -0.390837], [0.70693, -0.661645, -0.249953], [-0.442792, -0.138438, -0.885872]], [[0.55153, 0.736927, -0.390837], [0.826136, -0.417748, 0.378134], [0.115386, -0.531437, -0.839202]]], "btipPosition": [-8.76453, 207.287, -0.628117], "carpPosition": [10.8173, 228.995, 33.3586], "dipPosition": [-10.6199, 198.742, -14.1226], "direction": [-0.442792, 0.138438, 0.885872], "extended": false, "handId": 134, "id": 1344, "length": 47.1211, "mcpPosition": [20.79, 218.037, -22.0647], "pipPosition": [-2.54064, 196.216, -30.2864], "stabilizedTipPosition": [-9.02662, 207.198, -3.32211], "timeVisible": 4.73495, "tipPosition": [-10.469, 201.982, -8.21077], "tipVelocity": [15.4794, 10.8307, 3.06883], "tool": false, "touchDistance": 0.333333, "touchZone": "none", "type": 4, "width": 17.2905}], "r": [[0.502527, 0.827923, -0.249019], [-0.864318, 0.487935, -0.12196], [0.0205316, 0.276519, 0.960789]], "s": 0.838335, "t": [-41.7371, -19.3736, -28.3675], "timestamp": 17865591602}, {"currentFrameRate": 115.267, "devices": [], "gestures": [], "hands": [{"armBasis": [[0.326106, 0.882347, -0.339291], [-0.680003, 0.468273, 0.564195], [0.656697, 0.0467315, 0.752706]], "armWidth": 66.9139, "confidence": 1, "direction": [0.336117, -0.394848, -0.855056], "elbow": [-177.023, 236.126, 266.561], "grabAngle": 3.14159, "grabStrength": 1, "id": 134, "palmNormal": [-0.920843, -0.328321, -0.210365], "palmPosition": [24.8489, 189.809, 4.77381], "palmVelocity": [12.4496, 9.34531, 7.53953], "palmWidth": 90.0241, "pinchDistance": 35.0584, "pinchStrength": 0.343719, "r": [[0.502205, 0.828031, -0.249309], [-0.864492, 0.48776, -0.121423], [0.0210607, 0.276505, 0.960782]], "s": 0.838308, "sphereCenter": [-2.97805, 169.642, -15.9296], "sphereRadius": 38.2097, "stabilizedPalmPosition": [24.6028, 191.71, 6.21507], "t": [41.8494, -19.298, -28.3313], "timeVisible": 4.74349, "type": "left", "wrist": [-1.59756, 223.642, 65.4876]}], "id": 90693, "interactionBox": {"center": [0, 200, 0], "size": [235.247, 235.247, 147.751]}, "pointables": [{"bases": [[[-0.809672, 0.5619, -0.169408], [-0.439724, -0.389652, 0.809206], [0.388683, 0.729684, 0.562571]], [[-0.888577, 0.319826, -0.32885], [-0.429444, -0.32794, 0.841447], [0.161274, 0.888913, 0.428748]], [[-0.888577, 0.319826, -0.32885], [-0.458513, -0.597297, 0.65803], [0.0140343, 0.735492, 0.677388]], [[-0.888577, 0.319826, -0.32885], [-0.442869, -0.784966, 0.433238], [-0.119575, 0.530603, 0.839144]]], "btipPosition": [9.73478, 113.525, 0.754382], "carpPosition": [3.93413, 192.405, 61.7964], "dipPosition": [12.3455, 125.109, 19.0754], "direction": [0.0140343, -0.735492, -0.677388], "extended": true, "handId": 134, "id": 1340, "length": 48.619, "mcpPosition": [3.93413, 192.405, 61.7964], "pipPosition": [11.8991, 148.504, 40.6215], "stabilizedTipPosition": [10.1091, 117.041, 6.81099], "timeVisible": 4.74349, "tipPosition": [10.7031, 114.981, 6.58882], "tipVelocity": [17.1477, 8.99935, 9.64172], "tool": false, "touchDistance": -0.188185, "touchZone": "touching", "type": 0, "width": 21.805}, {"bases": [[[0.13843, 0.779602, -0.610784], [-0.96473, 0.