{"frames": 47, "data": [{"currentFrameRate": 114.722, "devices": [], "gestures": [], "hands": [{"armBasis": [[0.891247, -0.10425, -0.441374], [0.29728, 0.869266, 0.394969], [0.342496, -0.483227, 0.805722]], "armWidth": 46.2573, "confidence": 1, "direction": [-0.151827, 0.600762, -0.784878], "elbow": [-72.1642, -12.4116, 257.563], "grabAngle": 0.528536, "grabStrength": 0, "id": 140, "palmNormal": [0.267207, -0.739568, -0.617769], "palmPosition": [2.82496, 125.316, 36.1123], "palmVelocity": [-57.2465, 36.5176, -10.8075], "palmWidth": 71.9658, "pinchDistance": 72.7404, "pinchStrength": 0, "r": [[-0.720956, -0.50085, -0.478928], [0.360431, -0.861293, 0.35814], [-0.591872, 0.0855828, 0.801476]], "s": 1.17481, "sphereCenter": [-7.33904, 126.348, -2.03896], "sphereRadius": 50.9862, "stabilizedPalmPosition": [5.45786, 122.421, 33.9117], "t": [0.438372, -44.9715, 2.94331], "timeVisible": 14.9506, "type": "left", "wrist": [0.975235, 90.7807, 85.5026]}], "id": 95403, "interactionBox": {"center": [0, 200, 0], "size": [235.247, 235.247, 147.751]}, "pointables": [{"bases": [[[0.651546, 0.656583, 0.379982], [-0.705599, 0.34056, 0.621409], [0.2786, -0.672992, 0.685174]], [[0.434399, 0.900721, -0.000382972], [-0.65643, 0.316873, 0.68461], [0.616764, -0.297142, 0.728909]], [[0.434399, 0.900721, -0.000382972], [-0.72744, 0.35108, 0.589554], [0.531158, -0.255823, 0.807729]], [[0.434399, 0.900721, -0.000382972], [-0.778488, 0.375662, 0.502827], [0.45305, -0.218129, 0.864387]]], "btipPosition": [73.4245, 121.709, 3.569], "carpPosition": [26.809, 99.255, 69.3892], "dipPosition": [65.2025, 117.75, 19.2558], "direction": [0.531158, 0.255823, -0.807729], "extended": true, "handId": 140, "id": 1400, "length": 40.4127, "mcpPosition": [26.809, 99.255, 69.3892], "pipPosition": [51.1593, 110.986, 40.6112], "stabilizedTipPosition": [72.7491, 114.007, 6.15087], "timeVisible": 14.9506, "tipPosition": [70.453, 120.126, 6.75148], "tipVelocity": [-17.4347, 283.768, 61.9996], "tool": false, "touchDistance": 0.323266, "touchZone": "hovering", "type": 0, "width": 14.1228}, {"bases": [[[0.963586, -0.198341, -0.179339], [0.262752, 0.826798, 0.49736], [0.04963, -0.526371, 0.848805]], [[0.964473, -0.239723, -0.111015], [0.252563, 0.713444, 0.653613], [-0.0774832, -0.65843, 0.748643]], [[0.964473, -0.239723, -0.111015], [0.262583, 0.916045, 0.303171], [0.0290178, -0.321551, 0.946448]], [[0.964473, -0.239723, -0.111015], [0.234293, 0.970324, -0.0598104], [0.122059, 0.0316754, 0.992017]]], "btipPosition": [17.7889, 172.011, -33.2196], "carpPosition": [15.3214, 113.841, 71.9927], "dipPosition": [16.1718, 172.431, -20.0767], "direction": [0.0290178, 0.321551, -0.946448], "extended": true, "handId": 140, "id": 1401, "length": 45.6013, "mcpPosition": [18.2092, 144.469, 22.6027], "pipPosition": [15.6279, 166.404, -2.33787], "stabilizedTipPosition": [19.1623, 168.086, -32.325], "timeVisible": 14.9506, "tipPosition": [19.3576, 172.842, -29.0091], "tipVelocity": [-85.9605, 179.733, 87.6131], "tool": false, "touchDistance": -0.191013, "touchZone": "touching", "type": 1, "width": 13.4901}, {"bases": [[[0.902426, -0.405656, -0.145156], [0.422901, 0.769606, 0.478395], [-0.0823509, -0.493103, 0.866065]], [[0.885893, -0.462199, -0.0395784], [0.359343, 0.62978, 0.688658], [-0.293371, -0.624299, 0.724006]], [[0.885893, -0.462199, -0.0395784], [0.444962, 0.822524, 0.354209], [-0.131161, -0.331402, 0.934328]], [[0.885893, -0.462199, -0.0395784], [0.461895, 0.886771, -0.0170523], [0.0429785, -0.00317459, 0.999071]]], "btipPosition": [-12.0677, 171.186, -39.4724], "carpPosition": [5.70747, 113.288, 70.5391], "dipPosition": [-12.694, 171.14, -24.914], "direction": [-0.131161, 0.331402, -0.934328], "extended": true, "handId": 140, "id": 1402, "length": 51.959, "mcpPosition": [1.16328, 140.498, 22.7489], "pipPosition": [-9.8018, 163.832, -4.31164], "stabilizedTipPosition": [-9.46781, 167.305, -38.4685], "timeVisible": 14.9506, "tipPosition": [-10.9901, 172.985, -35.3916], "tipVelocity": [-98.7293, 84.3529, 43.4662], "tool": false, "touchDistance": 0.0673296, "touchZone": "hovering", "type": 2, "width": 13.249}, {"bases": [[[0.846007, -0.530653, -0.0517728], [0.483454, 0.722546, 0.494166], [-0.224822, -0.443098, 0.867824]], [[0.823376, -0.567009, 0.0235257], [0.389177, 0.594339, 0.703777], [-0.41303, -0.570318, 0.710031]], [[0.823376, -0.567009, 0.0235257], [0.515874, 0.765109, 0.385334], [-0.236488, -0.305138, 0.922477]], [[0.823376, -0.567009, 0.0235257], [0.566699, 0.823709, 0.0188679], [-0.0300766, -0.00220332, 0.999545]]], "btipPosition": [-34.3365, 158.532, -32.9776], "carpPosition": [-3.37252, 110.234, 68.9143], "dipPosition": [-33.9008, 158.501, -18.496], "direction": [-0.236488, 0.305138, -0.922477], "extended": true, "handId": 140, "id": 1403, "length": 49.9599, "mcpPosition": [-14.5109, 132.187, 25.9195], "pipPosition": [-28.8208, 151.946, 1.3198], "stabilizedTipPosition": [-31.9661, 156.245, -30.9797], "timeVisible": 14.9506, "tipPosition": [-34.4351, 159.941, -28.8961], "tipVelocity": [-56.4537, -2.83117, -11.219], "tool": false, "touchDistance": -0.024946, "touchZone": "touching", "type": 3, "width": 12.6073}, {"bases": [[[0.722712, -0.690412, -0.0319177], [0.587379, 0.58921, 0.554814], [-0.364244, -0.419718, 0.831362]], [[0.647553, -0.753367, 0.114511], [0.44843, 0.49824, 0.74207], [-0.616105, -0.429179, 0.660469]], [[0.647553, -0.753367, 0.114511], [0.644823, 0.621813, 0.444468], [-0.406052, -0.213977, 0.888445]], [[0.647553, -0.753367, 0.114511], [0.750336, 0.656598, 0.0766508], [-0.132934, 0.0362863, 0.99046]]], "btipPosition": [-51.9889, 135.675, -16.6886], "carpPosition": [-10.4561, 101.898, 66.2613], "dipPosition": [-50.2121, 136.16, -3.45018], "direction": [-0.406052, 0.213977, -0.888445], "extended": true, "handId": 140, "id": 1404, "length": 39.1677, "mcpPosition": [-27.1609, 121.147, 28.1336], "pipPosition": [-44.0537, 132.914, 10.0245], "stabilizedTipPosition": [-50.0802, 133.499, -13.7935], "timeVisible": 14.9506, "tipPosition": [-52.3399, 135.275, -13.1954], "tipVelocity": [-14.9606, -72.5161, -66.7821], "tool": false, "touchDistance": 0.324704, "touchZone": "hovering", "type": 4, "width": 11.1988}], "r": [[-0.720956, -0.50085, -0.478928], [0.360431, -0.861293, 0.35814], [-0.591872, 0.0855828, 0.801476]], "s": 1.17481, "t": [-0.438372, -44.9715, 2.94331], "timestamp": 17907156757}, {"currentFrameRate": 114.756, "devices": [], "gestures": [], "hands": [{"armBasis": [[0.87859, -0.143841, -0.4554], [0.339011, 0.859484, 0.38257], [0.33638, -0.490508, 0.803897]], "armWidth": 46.2573, "confidence": 1, "direction": [-0.159831, 0.591339, -0.790425], "elbow": [-70.9321, -13.4416, 257.313], "grabAngle": 0.541295, "grabStrength": 0, "id": 140, "palmNormal": [0.308046, -0.730856, -0.609063], "palmPosition": [2.34067, 125.672, 36.1189], "palmVelocity": [-55.9485, 41.0778, 0.768292], "palmWidth": 71.9658, "pinchDistance": 72.7807, "pinchStrength": 0, "r": [[-0.73348, -0.48441, -0.476817], [0.347854, -0.870191, 0.348949], [-0.583956, 0.0900841, 0.806772]], "s": 1.17382, "sphereCenter": [-7.62675, 126.027, -2.1873], "sphereRadius": 51.0171, "stabilizedPalmPosition": [5.40333, 122.478, 33.9503], "t": [-0.0352518, -44.6661, 2.90615], "timeVisible": 14.9592, "type": "left", "wrist": [0.901314, 91.3055, 85.6424]}], "id": 95404, "interactionBox": {"center": [0, 200, 0], "size": [235.247, 235.247, 147.751]}, "pointables": [{"bases": [[[0.684101, 0.631936, 0.36423], [-0.67939, 0.370372, 0.633446], [0.265397, -0.680795, 0.682702]], [[0.468246, 0.883482, -0.0143584], [-0.629788, 0.345098, 0.695898], [0.619768, -0.316809, 0.717997]], [[0.468246, 0.883482, -0.0143584], [-0.706878, 0.384297, 0.593834], [0.53016, -0.267911, 0.804459]], [[0.468246, 0.883482, -0.0143584], [-0.76454, 0.413246, 0.494679], [0.442973, -0.220654, 0.868957]]], "btipPosition": [73.1951, 124.295, 4.58909], "carpPosition": [26.6703, 100.7, 69.9749], "dipPosition": [65.1561, 120.291, 20.3588], "direction": [0.53016, 0.267911, -0.804459], "extended": true, "handId": 140, "id": 1400, "length": 40.4127, "mcpPosition": [26.6703, 100.7, 69.9749], "pipPosition": [51.1393, 113.207, 41.6278], "stabilizedTipPosition": [72.4335, 116.114, 6.61552], "timeVisible": 14.9592, "tipPosition": [70.7094, 123.043, 8.10735], "tipVelocity": [-21.633, 297.582, 120.051], "tool": false, "touchDistance": 0.33986, "touchZone": "hovering", "type": 0, "width": 14.1228}, {"bases": [[[0.951372, -0.236709, -0.197132], [0.304652, 0.817733, 0.488365], [0.0456012, -0.524673, 0.850082]], [[0.951932, -0.278542, -0.127435], [0.292703, 0.704571, 0.646456], [-0.0902784, -0.652682, 0.752234]], [[0.951932, -0.278542, -0.127435], [0.304278, 0.907731, 0.28886], [0.0352168, -0.313751, 0.948852]], [[0.951932, -0.278542, -0.127435], [0.26971, 0.959415, -0.0823312], [0.145196, 0.0440032, 0.988424]]], "btipPosition": [16.8007, 172.404, -33.116], "carpPosition": [14.5711, 114.833, 72.2878], "dipPosition": [14.877, 172.986, -20.0206], "direction": [0.0352168, 0.313751, -0.948852], "extended": true, "handId": 140, "id": 1401, "length": 45.6013, "mcpPosition": [17.2245, 145.362, 22.8235], "pipPosition": [14.217, 167.106, -2.23672], "stabilizedTipPosition": [18.2643, 169.512, -31.6138], "timeVisible": 14.9592, "tipPosition": [18.2456, 173.548, -28.9025], "tipVelocity": [-122.31, 49.6535, 10.7138], "tool": false, "touchDistance": -0.192431, "touchZone": "touching", "type": 1, "width": 13.4901}, {"bases": [[[0.882817, -0.44133, -0.160817], [0.462034, 0.754225, 0.466551], [-0.0846108, -0.486182, 0.869752]], [[0.86589, -0.497371, -0.0534585], [0.395977, 0.616195, 0.680813], [-0.305675, -0.610677, 0.730504]], [[0.86589, -0.497371, -0.0534585], [0.484162, 0.806394, 0.339582], [-0.125789, -0.319923, 0.939056]], [[0.86589, -0.497371, -0.0534585], [0.495519, 0.867454, -0.0445501], [0.0685307, 0.0120857, 0.997576]]], "btipPosition": [-12.8523, 170.429, -39.8903], "carpPosition": [5.01661, 113.898, 70.65], "dipPosition": [-13.851, 170.605, -25.3537], "direction": [-0.125789, 0.319923, -0.939056], "extended": true, "handId": 140, "id": 1402, "length": 51.959, "mcpPosition": [0.347712, 140.726, 22.6564], "pipPosition": [-11.0773, 163.55, -4.64705], "stabilizedTipPosition": [-9.94827, 167.726, -38.2131], "timeVisible": 14.9592, "tipPosition": [-11.9399, 172.465, -35.8654], "tipVelocity": [-100.544, -81.5576, -48.8554], "tool": false, "touchDistance": 0.0657126, "touchZone": "hovering", "type": 2, "width": 13.249}, {"bases": [[[0.823385, -0.563658, -0.0657832], [0.520994, 0.704883, 0.481357], [-0.224951, -0.430615, 0.874052]], [[0.800128, -0.599705, 0.0121748], [0.422717, 0.578158, 0.697885], [-0.425564, -0.553251, 0.716107]], [[0.800128, -0.599705, 0.0121748], [0.553536, 0.746044, 0.370158], [-0.231069, -0.289435, 0.928889]], [[0.800128, -0.599705, 0.0121748], [0.599795, 0.800135, -0.00556934], [-0.00640153, 0.0117586, 0.99991]]], "btipPosition": [-34.8484, 157.032, -33.691], "carpPosition": [-3.90311, 110.483, 68.863], "dipPosition": [-34.7556, 157.202, -19.2041], "direction": [-0.231069, 0.289435, -0.928889], "extended": true, "handId": 140, "id": 1403, "length": 49.9599, "mcpPosition": [-15.0479, 131.817, 25.5597], "pipPosition": [-29.792, 150.985, 0.749416], "stabilizedTipPosition": [-32.4497, 156.385, -30.8748], "timeVisible": 14.9592, "tipPosition": [-34.9637, 158.539, -29.7678], "tipVelocity": [-68.2436, -167.951, -82.2775], "tool": false, "touchDistance": -0.0519865, "touchZone": "touching", "type": 3, "width": 12.6073}, {"bases": [[[0.694337, -0.718376, -0.0428028], [0.620783, 0.567801, 0.540583], [-0.364038, -0.401918, 0.840201]], [[0.618421, -0.778461, 0.107487], [0.479076, 0.481888, 0.733669], [-0.622929, -0.402222, 0.670952]], [[0.618421, -0.778461, 0.107487], [0.678562, 0.597964, 0.426606], [-0.39637, -0.190886, 0.898028]], [[0.618421, -0.778461, 0.107487], [0.779073, 0.625249, 0.0459237], [-0.102956, 0.0553398, 0.993145]]], "btipPosition": [-51.7641, 133.481, -17.713], "carpPosition": [-10.6012, 101.865, 66.1109], "dipPosition": [-50.388, 134.221, -4.43868], "direction": [-0.39637, 0.190886, -0.898028], "extended": true, "handId": 140, "id": 1404, "length": 39.1677, "mcpPosition": [-27.2965, 120.298, 27.5779], "pipPosition": [-44.3764, 131.326, 9.18128], "stabilizedTipPosition": [-50.1412, 133.506, -13.8322], "timeVisible": 14.9592, "tipPosition": [-52.1861, 133.273, -14.3014], "tipVelocity": [15.3221, -246.596, -117.392], "tool": false, "touchDistance": 0.310769, "touchZone": "hovering", "type": 4, "width": 11.1988}], "r": [[-0.73348, -0.48441, -0.476817], [0.347854, -0.870191, 0.348949], [-0.583956, 0.0900841, 0.806772]], "s": 1.17382, "t": [0.0352518, -44.6661, 2.90615], "timestamp": 17907165413}, {"currentFrameRate": 114.772, "devices": [], "gestures": [], "hands": [{"armBasis": [[0.861966, -0.187605, -0.470977], [0.384895, 0.846809, 0.36711], [0.329956, -0.497713, 0.802129]], "armWidth": 46.2573, "confidence": 1, "direction": [-0.171122, 0.58007, -0.796389], "elbow": [-69.4933, -14.3465, 257.205], "grabAngle": 0.558703, "grabStrength": 0, "id": 140, "palmNormal": [0.352159, -0.718903, -0.599301], "palmPosition": [1.81322, 126.085, 36.2233], "palmVelocity": [-60.724, 47.593, 12.0143], "palmWidth": 71.9658, "pinchDistance": 72.8233, "pinchStrength": 0, "r": [[-0.749288, -0.464864, -0.471666], [0.331025, -0.879769, 0.341216], [-0.573576, 0.0995362, 0.813082]], "s": 1.17229, "sphereCenter": [-7.82038, 125.725, -2.20666], "sphereRadius": 50.9986, "stabilizedPalmPosition": [5.32775, 122.554, 33.9982], "t": [-0.535788, -44.3066, 2.93974], "timeVisible": 14.9679, "type": "left", "wrist": [0.968186, 91.9392, 85.9117]}], "id": 95405, "interactionBox": {"center": [0, 200, 0], "size": [235.247, 235.247, 147.751]}, "pointables": [{"bases": [[[0.718644, 0.602075, 0.347932], [-0.649835, 0.403366, 0.644213], [0.24752, -0.689058, 0.681126]], [[0.506122, 0.861968, -0.0291729], [-0.59987, 0.376126, 0.706176], [0.619674, -0.339911, 0.707435]], [[0.506122, 0.861968, -0.0291729], [-0.682916, 0.421188, 0.596847], [0.526751, -0.282155, 0.801824]], [[0.506122, 0.861968, -0.0291729], [-0.747754, 0.455412, 0.483181], [0.429772, -0.222734, 0.875035]]], "btipPosition": [72.781, 127.305, 5.65351], "carpPosition": [26.5896, 102.383, 70.663], "dipPosition": [64.9815, 123.263, 21.5336], "direction": [0.526751, 0.282155, -0.801824], "extended": true, "handId": 140, "id": 1400, "length": 40.4127, "mcpPosition": [26.5896, 102.383, 70.663], "pipPosition": [51.0549, 115.803, 42.7329], "stabilizedTipPosition": [72.0079, 119.134, 7.40718], "timeVisible": 14.9679, "tipPosition": [70.7632, 126.414, 9.51287], "tipVelocity": [-41.333, 345.485, 125.465], "tool": false, "touchDistance": 0.355554, "touchZone": "hovering", "type": 0, "width": 14.1228}, {"bases": [[[0.935832, -0.280177, -0.213818], [0.350369, 0.805316, 0.478235], [0.0382006, -0.522463, 0.851806]], [[0.935811, -0.322102, -0.143205], [0.33599, 0.692176, 0.638751], [-0.10662, -0.645866, 0.755969]], [[0.935811, -0.322102, -0.143205], [0.350142, 0.896311, 0.272081], [0.0407182, -0.304758, 0.951559]], [[0.935811, -0.322102, -0.143205], [0.308129, 0.944788, -0.111501], [0.171213, 0.0602183, 0.983392]]], "btipPosition": [15.5278, 172.798, -32.9397], "carpPosition": [13.8254, 115.967, 72.6729], "dipPosition": [13.2594, 173.596, -19.911], "direction": [0.0407182, 0.304758, -0.951559], "extended": true, "handId": 140, "id": 1401, "length": 45.6013, "mcpPosition": [16.0482, 146.368, 23.1083], "pipPosition": [12.4963, 167.884, -2.07637], "stabilizedTipPosition": [17.0295, 170.827, -30.9806], "timeVisible": 14.9679, "tipPosition": [16.7582, 174.32, -28.7571], "tipVelocity": [-155.673, 51.1423, 18.5304], "tool": false, "touchDistance": -0.195626, "touchZone": "touching", "type": 1, "width": 13.4901}, {"bases": [[[0.858857, -0.481342, -0.175144], [0.504292, 0.734689, 0.453787], [-0.0897504, -0.478061, 0.873729]], [[0.841314, -0.536449, -0.0664298], [0.43503, 0.59901, 0.672262], [-0.320842, -0.594482, 0.737327]], [[0.841314, -0.536449, -0.0664298], [0.526897, 0.786411, 0.322392], [-0.120706, -0.306235, 0.944272]], [[0.841314, -0.536449, -0.0664298], [0.531761, 0.843433, -0.0764888], [0.0970614, 0.0290264, 0.994855]]], "btipPosition": [-13.8359, 169.524, -40.2303], "carpPosition": [4.35565, 114.595, 70.86], "dipPosition": [-15.2503, 169.947, -25.7333], "direction": [-0.120706, 0.306235, -0.944272], "extended": true, "handId": 140, "id": 1402, "length": 51.959, "mcpPosition": [-0.596855, 140.975, 22.6468], "pipPosition": [-12.5887, 163.194, -4.91162], "stabilizedTipPosition": [-10.5578, 168, -38.0225], "timeVisible": 14.9679, "tipPosition": [-13.1927, 171.84, -36.2711], "tipVelocity": [-124.248, -97.6293, -40.1867], "tool": false, "touchDistance": 0.0743381, "touchZone": "hovering", "type": 2, "width": 13.249}, {"bases": [[[0.795812, -0.600451, -0.0783652], [0.561247, 0.682807, 0.467735], [-0.227344, -0.416211, 0.880388]], [[0.772013, -0.635605, 0.00150883], [0.458839, 0.558951, 0.690682], [-0.439844, -0.532523, 0.723157]], [[0.772013, -0.635605, 0.00150883], [0.594648, 0.723101, 0.351451], [-0.224475, -0.270428, 0.936205]], [[0.772013, -0.635605, 0.00150883], [0.635288, 0.771549, -0.0334764], [0.0201136, 0.0268028, 0.999438]]], "btipPosition": [-35.3986, 155.265, -34.3397], "carpPosition": [-4.36583, 110.774, 68.9227], "dipPosition": [-35.69, 155.654, -19.8596], "direction": [-0.224475, 0.270428, -0.936205], "extended": true, "handId": 140, "id": 1403, "length": 49.9599, "mcpPosition": [-15.6292, 131.395, 25.3055], "pipPosition": [-30.868, 149.845, 0.250997], "stabilizedTipPosition": [-33.228, 156.119, -30.9095], "timeVisible": 14.9679, "tipPosition": [-35.6633, 156.932, -30.5326], "tipVelocity": [-73.5151, -197.624, -74.8683], "tool": false, "touchDistance": -0.0842397, "touchZone": "touching", "type": 3, "width": 12.6073}, {"bases": [[[0.660404, -0.749098, -0.0521421], [0.655887, 0.541631, 0.525783], [-0.365621, -0.381428, 0.849019]], [[0.583871, -0.805487, 0.101417], [0.512037, 0.462309, 0.72394], [-0.63001, -0.370758, 0.682368]], [[0.583871, -0.805487, 0.101417], [0.716081, 0.569823, 0.40315], [-0.382522, -0.162765, 0.909497]], [[0.583871, -0.805487, 0.101417], [0.809137, 0.587561, 0.00829455], [-0.06627, 0.0772175, 0.994809]]], "btipPosition": [-51.3453, 130.947, -18.6477], "carpPosition": [-10.616, 101.851, 66.0898], "dipPosition": [-50.4595, 131.979, -5.3511], "direction": [-0.382522, 0.162765, -0.909497], "extended": true, "handId": 140, "id": 1404, "length": 39.1677, "mcpPosition": [-27.384, 119.344, 27.1524], "pipPosition": [-44.658, 129.51, 8.44281], "stabilizedTipPosition": [-50.2211, 133.32, -13.9726], "timeVisible": 14.9679, "tipPosition": [-52.0111, 131.006, -15.2628], "tipVelocity": [35.2291, -284.098, -107.016], "tool": false, "touchDistance": 0.301576, "touchZone": "hovering", "type": 4, "width": 11.1988}], "r": [[-0.749288, -0.464864, -0.471666], [0.331025, -0.879769, 0.341216], [-0.573576, 0.0995362, 0.813082]], "s": 1.17229, "t": [0.535788, -44.3066, 2.93974], "timestamp": 17907174099}, {"currentFrameRate": 114.84, "devices": [], "gestures": [], "hands": [{"armBasis": [[0.843049, -0.231182, -0.485616], [0.430408, 0.831426, 0.351398], [0.322517, -0.505259, 0.800435]], "armWidth": 46.2573, "confidence": 1, "direction": [-0.183252, 0.569712, -0.801154], "elbow": [-67.728, -15.4411, 257.153], "grabAngle": 0.580315, "grabStrength": 0.0210888, "id": 140, "palmNormal": [0.395547, -0.703345, -0.590634], "palmPosition": [1.32585, 126.444, 36.4201], "palmVelocity": [-56.7235, 41.8039, 22.9061], "palmWidth": 71.9658, "pinchDistance": 72.8693, "pinchStrength": 0, "r": [[-0.76734, -0.442221, -0.46436], [0.310381, -0.889817, 0.334498], [-0.561118, 0.112545, 0.820049]], "s": 1.17022, "sphereCenter": [-7.84042, 125.392, -2.15198], "sphereRadius": 50.9781, "stabilizedPalmPosition": [5.23569, 122.644, 34.0539], "t": [-1.02974, -43.9473, 3.05494], "timeVisible": 14.9765, "type": "left", "wrist": [1.14482, 92.456, 86.2217]}], "id": 95406, "interactionBox": {"center": [0, 200, 0], "size": [235.247, 235.247, 147.751]}, "pointables": [{"bases": [[[0.751695, 0.569189, 0.333134], [-0.61892, 0.434348, 0.654431], [0.227799, -0.698115, 0.67878]], [[0.543862, 0.838127, -0.0419169], [-0.568446, 0.40469, 0.716306], [0.617319, -0.365744, 0.696526]], [[0.543862, 0.838127, -0.0419169], [-0.656832, 0.456244, 0.600345], [0.522289, -0.298972, 0.798642]], [[0.543862, 0.838127, -0.0419169], [-0.728623, 0.496406, 0.4719], [0.416319, -0.226107, 0.880655]]], "btipPosition": [72.2784, 130.436, 6.77505], "carpPosition": [26.5421, 103.988, 71.3717], "dipPosition": [64.7231, 126.332, 22.7571], "direction": [0.522289, 0.298972, -0.798642], "extended": true, "handId": 140, "id": 1400, "length": 40.4127, "mcpPosition": [26.5421, 103.988, 71.3717], "pipPosition": [50.9143, 118.428, 43.8723], "stabilizedTipPosition": [71.4768, 122.883, 8.50897], "timeVisible": 14.9765, "tipPosition": [70.6527, 129.868, 10.9259], "tipVelocity": [-51.9647, 362.755, 133.263], "tool": false, "touchDistance": 0.370507, "touchZone": "hovering", "type": 0, "width": 14.1228}, {"bases": [[[0.917971, -0.323438, -0.229604], [0.395553, 0.789463, 0.469346], [0.0294597, -0.521666, 0.852641]], [[0.917276, -0.365331, -0.158551], [0.378427, 0.67551, 0.632835], [-0.124091, -0.640484, 0.75788]], [[0.917276, -0.365331, -0.158551], [0.395608, 0.881667, 0.257209], [0.0458228, -0.298656, 0.95326]], [[0.917276, -0.365331, -0.158551], [0.345493, 0.927998, -0.139479], [0.198091, 0.0731622, 0.977449]]], "btipPosition": [14.1965, 173.295, -32.5677], "carpPosition": [13.133, 116.975, 73.1103], "dipPosition": [11.572, 174.264, -19.6177], "direction": [0.0458228, 0.298656, -0.95326], "extended": true, "handId": 140, "id": 1401, "length": 45.6013, "mcpPosition": [14.8472, 147.329, 23.4971], "pipPosition": [10.7132, 168.667, -1.75122], "stabilizedTipPosition": [15.5317, 172, -30.3742], "timeVisible": 14.9765, "tipPosition": [15.1791, 175.137, -28.4538], "tipVelocity": [-164.481, 62.3912, 41.1882], "tool": false, "touchDistance": -0.196376, "touchZone": "touching", "type": 1, "width": 13.4901}, {"bases": [[[0.832539, -0.520757, -0.188923], [0.545603, 0.711772, 0.442377], [-0.0959005, -0.471373, 0.876704]], [[0.814318, -0.574991, -0.0791896], [0.473052, 0.578423, 0.664567], [-0.336315, -0.57863, 0.743021]], [[0.814318, -0.574991, -0.0791896], [0.568983, 0.763861, 0.304589], [-0.114646, -0.29309, 0.949186]], [[0.814318, -0.574991, -0.0791896], [0.566151, 0.816938, -0.109929], [0.127901, 0.0446839, 0.99078]]], "btipPosition": [-14.7559, 168.614, -40.3833], "carpPosition": [3.7704, 115.165, 71.1329], "dipPosition": [-16.6196, 169.265, -25.9457], "direction": [-0.114646, 0.29309, -0.949186], "extended": true, "handId": 140, "id": 1402, "length": 51.959, "mcpPosition": [-1.52147, 141.176, 22.7556], "pipPosition": [-14.0916, 162.802, -5.01564], "stabilizedTipPosition": [-11.28, 168.119, -37.8727], "timeVisible": 14.9765, "tipPosition": [-14.4751, 171.241, -36.4869], "tipVelocity": [-119.098, -99.7925, -19.3959], "tool": false, "touchDistance": 0.0857394, "touchZone": "hovering", "type": 2, "width": 13.249}, {"bases": [[[0.765837, -0.636612, -0.090657], [0.600355, 0.657359, 0.455471], [-0.230364, -0.403243, 0.885623]], [[0.741547, -0.670838, -0.00924349], [0.494461, 0.537163, 0.683348], [-0.45345, -0.511305, 0.730034]], [[0.741547, -0.670838, -0.00924349], [0.635503, 0.697938, 0.330179], [-0.215045, -0.250717, 0.943873]], [[0.741547, -0.670838, -0.00924349], [0.668947, 0.740367, -0.0660788], [0.0511718, 0.0428171, 0.997772]]], "btipPosition": [-35.7313, 153.4, -34.8482], "carpPosition": [-4.73003, 110.942, 69.0524], "dipPosition": [-36.4726, 154.021, -20.3923], "direction": [-0.215045, 0.250717, -0.943873], "extended": true, "handId": 140, "id": 1403, "length": 49.9599, "mcpPosition": [-16.143, 130.92, 25.1758], "pipPosition": [-31.8533, 148.635, -0.116936], "stabilizedTipPosition": [-34.1645, 155.217, -31.1245], "timeVisible": 14.9765, "tipPosition": [-36.314, 155.341, -31.1004], "tipVelocity": [-50.767, -210.866, -59.8299], "tool": false, "touchDistance": -0.113475, "touchZone": "touching", "type": 3, "width": 12.6073}, {"bases": [[[0.624234, -0.778809, -0.061549], [0.689435, 0.512114, 0.512267], [-0.367438, -0.362209, 0.856618]], [[0.546801, -0.831784, 0.0956234], [0.544396, 0.43998, 0.714178], [-0.636115, -0.338456, 0.693401]], [[0.546801, -0.831784, 0.0956234], [0.753808, 0.538783, 0.376148], [-0.364394, -0.133596, 0.921612]], [[0.546801, -0.831784, 0.0956234], [0.836921, 0.546262, -0.0340588], [-0.0239059, 0.0986527, 0.994835]]], "btipPosition": [-50.6504, 128.334, -19.436], "carpPosition": [-10.5115, 101.735, 66.1367], "dipPosition": [-50.3309, 129.652, -6.13902], "direction": [-0.364394, 0.133596, -0.921612], "extended": true, "handId": 140, "id": 1404, "length": 39.1677, "mcpPosition": [-27.3629, 118.346, 26.8508], "pipPosition": [-44.8043, 127.626, 7.83864], "stabilizedTipPosition": [-50.2638, 132.759, -14.2609], "timeVisible": 14.9765, "tipPosition": [-51.6996, 128.759, -16.0441], "tipVelocity": [65.7216, -296.431, -91.7342], "tool": false, "touchDistance": 0.296944, "touchZone": "hovering", "type": 4, "width": 11.1988}], "r": [[-0.76734, -0.442221, -0.46436], [0.310381, -0.889817, 0.334498], [-0.561118, 0.112545, 0.820049]], "s": 1.17022, "t": [1.02974, -43.9473, 3.05494], "timestamp": 17907182691}, {"currentFrameRate": 114.826, "devices": [], "gestures": [], "hands": [{"armBasis": [[0.819582, -0.278355, -0.500803], [0.479751, 0.811257, 0.334218], [0.313248, -0.51418, 0.798433]], "armWidth": 46.2573, "confidence": 1, "direction": [-0.193541, 0.558947, -0.8063], "elbow": [-65.5814, -16.9178, 257.085], "grabAngle": 0.601651, "grabStrength": 0.0448958, "id": 140, "palmNormal": [0.443506, -0.683228, -0.580088], "palmPosition": [0.894914, 126.734, 36.6859], "palmVelocity": [-49.3456, 33.1538, 30.4382], "palmWidth": 71.9658, "pinchDistance": 72.9378, "pinchStrength": 0, "r": [[-0.78753, -0.416052, -0.45464], [0.286073, -0.90022, 0.328277], [-0.545856, 0.128467, 0.827972]], "s": 1.16796, "sphereCenter": [-7.64283, 125.537, -1.79735], "sphereRadius": 50.7659, "stabilizedPalmPosition": [5.13304, 122.74, 34.1161], "t": [-1.49218, -43.6229, 3.24545], "timeVisible": 14.9852, "type": "left", "wrist": [1.31221, 92.8844, 86.5813]}], "id": 95407, "interactionBox": {"center": [0, 200, 0], "size": [235.247, 235.247, 147.751]}, "pointables": [{"bases": [[[0.786598, 0.531092, 0.314968], [-0.581486, 0.46556, 0.667179], [0.207697, -0.707951, 0.675031]], [[0.583544, 0.8101, -0.0566985], [-0.530237, 0.432968, 0.728963], [0.615082, -0.395318, 0.682201]], [[0.583544, 0.8101, -0.0566985], [-0.62383, 0.491876, 0.607367], [0.519916, -0.319055, 0.792396]], [[0.583544, 0.8101, -0.0566985], [-0.703087, 0.538928, 0.463923], [0.40638, -0.230855, 0.884059]]], "btipPosition": [71.8186, 133.841, 8.31484], "carpPosition": [26.4137, 105.608, 72.2425], "dipPosition": [64.4436, 129.651, 24.3587], "direction": [0.519916, 0.319055, -0.792396], "extended": true, "handId": 140, "id": 1400, "length": 40.4127, "mcpPosition": [26.4137, 105.608, 72.2425], "pipPosition": [50.6976, 121.216, 45.3087], "stabilizedTipPosition": [70.8848, 127.251, 10.0369], "timeVisible": 14.9852, "tipPosition": [70.5047, 133.581, 12.7181], "tipVelocity": [-47.9032, 387.666, 177.946], "tool": false, "touchDistance": 0.3901, "touchZone": "hovering", "type": 0, "width": 14.1228}, {"bases": [[[0.895198, -0.369351, -0.249401], [0.445105, 0.769109, 0.458642], [0.0224166, -0.521585, 0.852905]], [[0.893996, -0.41112, -0.178191], [0.425285, 0.653328, 0.626335], [-0.141082, -0.635723, 0.758915]], [[0.893996, -0.41112, -0.178191], [0.444889, 0.861771, 0.243772], [0.0533401, -0.297206, 0.953322]], [[0.893996, -0.41112, -0.178191], [0.385064, 0.908265, -0.16365], [0.229124, 0.0776875, 0.970292]]], "btipPosition": [12.974, 173.977, -31.9822], "carpPosition": [12.3344, 117.908, 73.652], "dipPosition": [9.93842, 175.007, -19.1271], "direction": [0.0533401, 0.297206, -0.953322], "extended": true, "handId": 140, "id": 1401, "length": 45.6013, "mcpPosition": [13.6388, 148.258, 24.0234], "pipPosition": [8.93869, 169.436, -1.2594], "stabilizedTipPosition": [13.9539, 173.073, -29.7206], "timeVisible": 14.9852, "tipPosition": [13.73, 175.976, -27.9772], "tipVelocity": [-150.808, 79.729, 64.545], "tool": false, "touchDistance": -0.192561, "touchZone": "touching", "type": 1, "width": 13.4901}, {"bases": [[[0.800912, -0.56209, -0.206386], [0.590425, 0.683956, 0.428489], [-0.0996905, -0.465037, 0.87966]], [[0.782315, -0.615523, -0.0954712], [0.514724, 0.552519, 0.655577], [-0.350773, -0.562009, 0.749069]], [[0.782315, -0.615523, -0.0954712], [0.613791, 0.735695, 0.286378], [-0.106035, -0.282637, 0.953348]], [[0.782315, -0.615523, -0.0954712], [0.600918, 0.786154, -0.144425], [0.163952, 0.0556159, 0.984899]]], "btipPosition": [-15.4394, 167.717, -40.4421], "carpPosition": [3.12117, 115.628, 71.4693], "dipPosition": [-17.8285, 168.527, -26.0902], "direction": [-0.106035, 0.282637, -0.953348], "extended": true, "handId": 140, "id": 1402, "length": 51.959, "mcpPosition": [-2.37984, 141.289, 22.9289], "pipPosition": [-15.4904, 162.295, -5.06837], "stabilizedTipPosition": [-12.074, 168.083, -37.7493], "timeVisible": 14.9852, "tipPosition": [-15.4976, 170.563, -36.6616], "tipVelocity": [-92.1049, -98.5655, -8.99131], "tool": false, "touchDistance": 0.0930432, "touchZone": "hovering", "type": 2, "width": 13.249}, {"bases": [[[0.730709, -0.674347, -0.106397], [0.642659, 0.626876, 0.440472], [-0.230333, -0.390234, 0.891439]], [[0.706231, -0.707595, -0.0233647], [0.533661, 0.510366, 0.674339], [-0.465234, -0.488708, 0.738052]], [[0.706231, -0.707595, -0.0233647], [0.678879, 0.667468, 0.305957], [-0.200898, -0.231938, 0.951759]], [[0.706231, -0.707595, -0.0233647], [0.70192, 0.704113, -0.107394], [0.0924426, 0.0594446, 0.993942]]], "btipPosition": [-35.614, 151.368, -35.3723], "carpPosition": [-5.10784, 110.982, 69.2082], "dipPosition": [-36.9533, 152.229, -20.9719], "direction": [-0.200898, 0.231938, -0.951759], "extended": true, "handId": 140, "id": 1403, "length": 49.9599, "mcpPosition": [-16.5193, 130.315, 25.0434], "pipPosition": [-32.6378, 147.247, -0.527144], "stabilizedTipPosition": [-34.9731, 153.537, -31.555], "timeVisible": 14.9852, "tipPosition": [-36.6035, 153.586, -31.7314], "tipVelocity": [-2.31676, -226.345, -61.4769], "tool": false, "touchDistance": -0.141386, "touchZone": "touching", "type": 3, "width": 12.6073}, {"bases": [[[0.582842, -0.809226, -0.0738141], [0.725597, 0.477404, 0.495576], [-0.365794, -0.342402, 0.865423]], [[0.504574, -0.858815, 0.0885526], [0.579631, 0.41298, 0.702478], [-0.639869, -0.303124, 0.706175]], [[0.504574, -0.858815, 0.0885526], [0.792563, 0.501429, 0.347006], [-0.342417, -0.104906, 0.933673]], [[0.504574, -0.858815, 0.0885526], [0.863044, 0.498912, -0.0790033], [0.0236693, 0.116288, 0.992933]]], "btipPosition": [-49.5504, 125.544, -20.3004], "carpPosition": [-10.3532, 101.493, 66.1838], "dipPosition": [-49.8667, 127.098, -7.02884], "direction": [-0.342417, 0.104906, -0.933673], "extended": true, "handId": 140, "id": 1404, "length": 39.1677, "mcpPosition": [-27.1291, 117.196, 26.4941], "pipPosition": [-44.6735, 125.507, 7.13174], "stabilizedTipPosition": [-50.1528, 131.571, -14.7784], "timeVisible": 14.9852, "tipPosition": [-50.9492, 126.316, -16.9658], "tipVelocity": [109.214, -313.274, -99.6519], "tool": false, "touchDistance": 0.293456, "touchZone": "hovering", "type": 4, "width": 11.1988}], "r": [[-0.78753, -0.416052, -0.45464], [0.286073, -0.90022, 0.328277], [-0.545856, 0.128467, 0.827972]], "s": 1.16796, "t": [1.49218, -43.6229, 3.24545], "timestamp": 17907191424}, {"currentFrameRate": 114.912, "devices": [], "gestures": [], "hands": [{"armBasis": [[0.788184, -0.330922, -0.5189], [0.535044, 0.785091, 0.312024], [0.304128, -0.523567, 0.795854]], "armWidth": 46.2573, "confidence": 1, "direction": [-0.203833, 0.545643, -0.81285], "elbow": [-63.3791, -18.4695, 256.895], "grabAngle": 0.614244, "grabStrength": 0.0512855, "id": 140, "palmNormal": [0.497658, -0.657258, -0.565993], "palmPosition": [0.530372, 126.974, 36.9121], "palmVelocity": [-42.6115, 28.0844, 26.4398], "palmWidth": 71.9658, "pinchDistance": 72.9881, "pinchStrength": 0, "r": [[-0.809867, -0.38555, -0.442115], [0.257541, -0.910844, 0.322545], [-0.527056, 0.147355, 0.836958]], "s": 1.16628, "sphereCenter": [-7.40721, 126.32, -1.1479], "sphereRadius": 50.3294, "stabilizedPalmPosition": [5.0279, 122.837, 34.18], "t": [-1.90568, -43.3406, 3.4538], "timeVisible": 14.9938, "type": "left", "wrist": [1.56684, 93.3373, 86.9419]}], "id": 95408, "interactionBox": {"center": [0, 200, 0], "size": [235.247, 235.247, 147.751]}, "pointables": [{"bases": [[[0.824147, 0.48514, 0.292267], [-0.535497, 0.499394, 0.681065], [0.184455, -0.717806, 0.671365]], [[0.627146, 0.775248, -0.0753514], [-0.484213, 0.463819, 0.741896], [0.610103, -0.428791, 0.666267]], [[0.627146, 0.775248, -0.0753514], [-0.581654, 0.530473, 0.616666], [0.518041, -0.342911, 0.783611]], [[0.627146, 0.775248, -0.0753514], [-0.666822, 0.584381, 0.462437], [0.402537, -0.239769, 0.883445]]], "btipPosition": [71.3538, 137.759, 10.1452], "carpPosition": [26.2648, 107.412, 73.2004], "dipPosition": [64.0486, 133.407, 26.1778], "direction": [0.518041, 0.342911, -0.783611], "extended": true, "handId": 140, "id": 1400, "length": 40.4127, "mcpPosition": [26.2648, 107.412, 73.2004], "pipPosition": [50.3522, 124.341, 46.8956], "stabilizedTipPosition": [70.2498, 132.235, 12.027], "timeVisible": 14.9938, "tipPosition": [70.2284, 137.771, 14.7615], "tipVelocity": [-52.4537, 453.614, 213.648], "tool": false, "touchDistance": 0.411839, "touchZone": "hovering", "type": 0, "width": 14.1228}, {"bases": [[[0.865338, -0.420894, -0.272099], [0.500961, 0.742727, 0.444291], [0.0150959, -0.520773, 0.853562]], [[0.863709, -0.461766, -0.201937], [0.478302, 0.624726, 0.617207], [-0.15885, -0.629674, 0.760445]], [[0.863709, -0.461766, -0.201937], [0.500089, 0.834978, 0.229612], [0.0625856, -0.299305, 0.952103]], [[0.863709, -0.461766, -0.201937], [0.42923, 0.883952, -0.185447], [0.264135, 0.0734946, 0.961681]]], "btipPosition": [11.7242, 174.794, -31.3898], "carpPosition": [11.4653, 118.878, 74.1966], "dipPosition": [8.22473, 175.768, -18.6487], "direction": [0.0625856, 0.299305, -0.952103], "extended": true, "handId": 140, "id": 1401, "length": 45.6013, "mcpPosition": [12.3437, 149.181, 24.5299], "pipPosition": [7.05171, 170.158, -0.80393], "stabilizedTipPosition": [12.3447, 174.104, -29.0518], "timeVisible": 14.9938, "tipPosition": [12.2122, 176.762, -27.5433], "tipVelocity": [-158.565, 93.9679, 66.1795], "tool": false, "touchDistance": -0.190342, "touchZone": "touching", "type": 1, "width": 13.4901}, {"bases": [[[0.761256, -0.607792, -0.226005], [0.640255, 0.649264, 0.410525], [-0.102777, -0.457216, 0.883397]], [[0.742532, -0.659998, -0.114237], [0.561102, 0.519764, 0.644213], [-0.365803, -0.542447, 0.756267]], [[0.742532, -0.659998, -0.114237], [0.662591, 0.698791, 0.269564], [-0.0980842, -0.275852, 0.956183]], [[0.742532, -0.659998, -0.114237], [0.639582, 0.749291, -0.171752], [0.198952, 0.0544674, 0.978494]]], "btipPosition": [-16.1461, 166.859, -40.5802], "carpPosition": [2.46116, 116.066, 71.7757], "dipPosition": [-19.0452, 167.653, -26.3216], "direction": [-0.0980842, 0.275852, -0.956183], "extended": true, "handId": 140, "id": 1402, "length": 51.959, "mcpPosition": [-3.21014, 141.296, 23.0291], "pipPosition": [-16.8824, 161.57, -5.2373], "stabilizedTipPosition": [-12.9015, 167.901, -37.671], "timeVisible": 14.9938, "tipPosition": [-16.4005, 169.642, -36.982], "tipVelocity": [-96.3219, -100.698, -18.6517], "tool": false, "touchDistance": 0.0996388, "touchZone": "hovering", "type": 2, "width": 13.249}, {"bases": [[[0.687389, -0.715653, -0.123843], [0.689404, 0.589275, 0.42128], [-0.228513, -0.374961, 0.898435]], [[0.663039, -0.747549, -0.0393809], [0.576964, 0.476804, 0.663152], [-0.476961, -0.462417, 0.747448]], [[0.663039, -0.747549, -0.0393809], [0.724855, 0.627991, 0.283219], [-0.186989, -0.216331, 0.958246]], [[0.663039, -0.747549, -0.0393809], [0.736391, 0.660792, -0.145199], [0.134566, 0.0672731, 0.988618]]], "btipPosition": [-35.3351, 149.218, -36.0052], "carpPosition": [-5.42191, 110.948, 69.3096], "dipPosition": [-37.2847, 150.193, -21.6819], "direction": [-0.186989, 0.216331, -0.958246], "extended": true, "handId": 140, "id": 1403, "length": 49.9599, "mcpPosition": [-16.7432, 129.525, 24.7983], "pipPosition": [-33.268, 145.546, -1.09782], "stabilizedTipPosition": [-35.4379, 151.189, -32.218], "timeVisible": 14.9938, "tipPosition": [-36.5992, 151.488, -32.5637], "tipVelocity": [16.1865, -248.247, -76.055], "tool": false, "touchDistance": -0.170173, "touchZone": "touching", "type": 3, "width": 12.6073}, {"bases": [[[0.532899, -0.841703, -0.08692], [0.765011, 0.435333, 0.474598], [-0.361632, -0.319408, 0.8759]], [[0.453616, -0.887347, 0.0827448], [0.617932, 0.38007, 0.688264], [-0.642178, -0.261077, 0.720726]], [[0.453616, -0.887347, 0.0827448], [0.83108, 0.454713, 0.320222], [-0.321773, -0.0764902, 0.943722]], [[0.453616, -0.887347, 0.0827448], [0.888611, 0.443279, -0.117789], [0.0678406, 0.126959, 0.989585]]], "btipPosition": [-48.1931, 122.437, -21.2966], "carpPosition": [-10.027, 101.167, 66.1747], "dipPosition": [-49.0998, 124.134, -8.06981], "direction": [-0.321773, 0.0764902, -0.943722], "extended": true, "handId": 140, "id": 1404, "length": 39.1677, "mcpPosition": [-26.612, 115.815, 26.0045], "pipPosition": [-44.2196, 122.974, 6.24318], "stabilizedTipPosition": [-49.7348, 129.483, -15.6082], "timeVisible": 14.9938, "tipPosition": [-49.7166, 123.466, -18.1061], "tipVelocity": [142.785, -359.299, -117.651], "tool": false, "touchDistance": 0.29188, "touchZone": "hovering", "type": 4, "width": 11.1988}], "r": [[-0.809867, -0.38555, -0.442115], [0.257541, -0.910844, 0.322545], [-0.527056, 0.147355, 0.836958]], "s": 1.16628, "t": [1.90568, -43.3406, 3.4538], "timestamp": 17907199979}, {"currentFrameRate": 114.858, "devices": [], "gestures": [], "hands": [{"armBasis": [[0.747641, -0.387284, -0.539485], [0.595099, 0.75127, 0.285394], [0.294771, -0.534419, 0.792153]], "armWidth": 46.2573, "confidence": 1, "direction": [-0.212628, 0.524865, -0.8242], "elbow": [-61.1308, -20.1228, 256.552], "grabAngle": 0.62489, "grabStrength": 0.0563609, "id": 140, "palmNormal": [0.557596, -0.627495, -0.543449], "palmPosition": [0.20414, 127.097, 37.0148], "palmVelocity": [-37.076, 14.0388, 11.668], "palmWidth": 71.9658, "pinchDistance": 73.2315, "pinchStrength": 0, "r": [[-0.834174, -0.350451, -0.425837], [0.224373, -0.921008, 0.318436], [-0.503796, 0.170084, 0.846913]], "s": 1.16579, "sphereCenter": [-6.97357, 127.102, -0.515135], "sphereRadius": 49.8495, "stabilizedPalmPosition": [4.91368, 122.938, 34.2471], "t": [-2.27554, -43.1377, 3.60931], "timeVisible": 15.0026, "type": "left", "wrist": [1.81694, 94.0015, 87.3888]}], "id": 95409, "interactionBox": {"center": [0, 200, 0], "size": [235.247, 235.247, 147.751]}, "pointables": [{"bases": [[[0.863111, 0.432239, 0.261169], [-0.479398, 0.538644, 0.692849], [0.158799, -0.72321, 0.672124]], [[0.67228, 0.732871, -0.104591], [-0.427388, 0.499588, 0.753493], [0.604466, -0.461858, 0.649083]], [[0.67228, 0.732871, -0.104591], [-0.526965, 0.572979, 0.627697], [0.519949, -0.366872, 0.7714]], [[0.67228, 0.732871, -0.104591], [-0.617287, 0.632939, 0.467274], [0.408652, -0.249577, 0.877904]]], "btipPosition": [71.0013, 142.008, 12.3386], "carpPosition": [25.9735, 109.544, 74.292], "dipPosition": [63.5851, 137.479, 28.2707], "direction": [0.519949, 0.366872, -0.7714], "extended": true, "handId": 140, "id": 1400, "length": 40.4127, "mcpPosition": [25.9735, 109.544, 74.292], "pipPosition": [49.8383, 127.779, 48.6656], "stabilizedTipPosition": [69.6509, 137.715, 14.5224], "timeVisible": 15.0026, "tipPosition": [69.7209, 142.253, 16.9708], "tipVelocity": [-42.9602, 478.252, 246.653], "too