{"frames": 58, "data": [{"currentFrameRate": 115.488, "devices": [], "gestures": [], "hands": [{"armBasis": [[0.937181, -0.00793042, -0.348752], [0.156131, 0.903554, 0.399016], [0.311952, -0.428401, 0.848032]], "armWidth": 46.2573, "confidence": 1, "direction": [-0.0890639, 0.608981, -0.788168], "elbow": [-72.198, 3.33483, 263.007], "grabAngle": 0.506898, "grabStrength": 0, "id": 140, "palmNormal": [0.138274, -0.776091, -0.615275], "palmPosition": [-1.01324, 128.252, 31.9036], "palmVelocity": [0.159387, -4.13489, -1.73954], "palmWidth": 71.9658, "pinchDistance": 71.6982, "pinchStrength": 0, "r": [[-0.674617, -0.554876, -0.486831], [0.440548, -0.831827, 0.337612], [-0.592292, 0.0132864, 0.805614]], "s": 1.14335, "sphereCenter": [-18.4015, 126.112, -7.23835], "sphereRadius": 52.9311, "stabilizedPalmPosition": [-2.36471, 125.61, 30.6558], "t": [-3.85173, -41.772, -1.32952], "timeVisible": 13.2593, "type": "left", "wrist": [-5.58126, 94.8191, 81.9111]}], "id": 95213, "interactionBox": {"center": [0, 200, 0], "size": [235.247, 235.247, 147.751]}, "pointables": [{"bases": [[[0.537972, 0.747083, 0.390451], [-0.766754, 0.241226, 0.594894], [0.350248, -0.619416, 0.702602]], [[0.300558, 0.953763, 0.000642297], [-0.760166, 0.239143, 0.604118], [0.576032, -0.182061, 0.796895]], [[0.300558, 0.953763, 0.000642297], [-0.817605, 0.257304, 0.515089], [0.491108, -0.155339, 0.857136]], [[0.300558, 0.953763, 0.000642297], [-0.856624, 0.26965, 0.439868], [0.419357, -0.132756, 0.898062]]], "btipPosition": [63.371, 113.027, -5.62668], "carpPosition": [20.034, 99.3224, 64.795], "dipPosition": [55.7605, 110.617, 10.6713], "direction": [0.491108, 0.155339, -0.857136], "extended": true, "handId": 140, "id": 1400, "length": 40.4127, "mcpPosition": [20.034, 99.3224, 64.795], "pipPosition": [42.7762, 106.51, 33.333], "stabilizedTipPosition": [62.0971, 111.333, -1.49878], "timeVisible": 13.2593, "tipPosition": [60.4601, 111.847, -2.39624], "tipVelocity": [-8.29172, 2.99542, -26.0846], "tool": false, "touchDistance": 0.250139, "touchZone": "hovering", "type": 0, "width": 14.1228}, {"bases": [[[0.987332, -0.0592076, -0.147205], [0.125201, 0.860638, 0.493586], [0.0974665, -0.505764, 0.857148]], [[0.991983, -0.117208, -0.0472528], [0.119055, 0.741334, 0.660493], [-0.0423849, -0.660823, 0.749344]], [[0.991983, -0.117208, -0.0472528], [0.126321, 0.930505, 0.343807], [0.00367212, -0.347019, 0.937851]], [[0.991983, -0.117208, -0.0472528], [0.118014, 0.992904, 0.0146423], [0.0452013, -0.0201015, 0.998776]]], "btipPosition": [15.7767, 173.648, -38.106], "carpPosition": [10.8497, 115.434, 67.5436], "dipPosition": [15.1778, 173.382, -24.8735], "direction": [0.00367212, 0.347019, -0.937851], "extended": true, "handId": 140, "id": 1401, "length": 45.6013, "mcpPosition": [16.521, 144.863, 17.6682], "pipPosition": [15.109, 166.878, -7.29578], "stabilizedTipPosition": [15.839, 171.389, -35.9794], "timeVisible": 13.2593, "tipPosition": [16.5254, 174.204, -34.5839], "tipVelocity": [10.0925, 76.1535, 46.0599], "tool": false, "touchDistance": -0.168175, "touchZone": "touching", "type": 1, "width": 13.4901}, {"bases": [[[0.955516, -0.272838, -0.112021], [0.292428, 0.826925, 0.480292], [-0.0384089, -0.491685, 0.869926]], [[0.942401, -0.334478, 0.00209033], [0.243655, 0.690759, 0.680797], [-0.229156, -0.641074, 0.73247]], [[0.942401, -0.334478, 0.00209033], [0.312341, 0.88223, 0.352298], [-0.11968, -0.331353, 0.935886]], [[0.942401, -0.334478, 0.00209033], [0.334484, 0.942362, -0.00858786], [0.000902607, 0.00879239, 0.999961]]], "btipPosition": [-12.0958, 174.529, -44.1976], "carpPosition": [1.21449, 116.258, 66.3906], "dipPosition": [-12.1089, 174.657, -29.6263], "direction": [-0.11968, 0.331353, -0.935886], "extended": true, "handId": 140, "id": 1402, "length": 51.959, "mcpPosition": [-0.904948, 143.389, 18.3874], "pipPosition": [-9.4699, 167.35, -8.98951], "stabilizedTipPosition": [-11.4788, 172.474, -41.7554], "timeVisible": 13.2593, "tipPosition": [-11.0328, 174.621, -40.9112], "tipVelocity": [-3.26509, 80.9584, 52.5359], "tool": false, "touchDistance": -0.0715574, "touchZone": "touching", "type": 2, "width": 13.249}, {"bases": [[[0.914668, -0.403776, -0.018669], [0.358575, 0.789224, 0.498548], [-0.186567, -0.4627, 0.866661]], [[0.894261, -0.443627, 0.0590951], [0.281291, 0.659841, 0.696768], [-0.348098, -0.606469, 0.714858]], [[0.894261, -0.443627, 0.0590951], [0.392864, 0.841373, 0.371147], [-0.214372, -0.308686, 0.926692]], [[0.894261, -0.443627, 0.0590951], [0.443511, 0.89613, 0.0157804], [-0.0599575, 0.0120975, 0.998128]]], "btipPosition": [-35.0344, 164.919, -36.9864], "carpPosition": [-8.25739, 114.528, 65.0851], "dipPosition": [-34.1657, 165.094, -22.5254], "direction": [-0.214372, 0.308686, -0.926692], "extended": true, "handId": 140, "id": 1403, "length": 49.9599, "mcpPosition": [-17.5005, 137.451, 22.1479], "pipPosition": [-29.5608, 158.463, -2.61907], "stabilizedTipPosition": [-34.2556, 163.301, -34.3545], "timeVisible": 13.2593, "tipPosition": [-33.7654, 164.597, -33.9891], "tipVelocity": [-1.08895, 76.8399, 45.7085], "tool": false, "touchDistance": -0.116276, "touchZone": "touching", "type": 3, "width": 12.6073}, {"bases": [[[0.815022, -0.579429, -0.000353082], [0.478573, 0.672815, 0.564171], [-0.326659, -0.459981, 0.825658]], [[0.753613, -0.644474, 0.12931], [0.355644, 0.565218, 0.744342], [-0.552798, -0.514958, 0.655159]], [[0.753613, -0.644474, 0.12931], [0.538425, 0.718083, 0.440972], [-0.37705, -0.262698, 0.888157]], [[0.753613, -0.644474, 0.12931], [0.637436, 0.764555, 0.0955549], [-0.160447, 0.0104154, 0.986989]]], "btipPosition": [-54.5473, 146.334, -19.7275], "carpPosition": [-16.5462, 107.274, 62.7645], "dipPosition": [-52.4028, 146.473, -6.53539], "direction": [-0.37705, 0.262698, -0.888157], "extended": true, "handId": 140, "id": 1404, "length": 39.1677, "mcpPosition": [-31.5273, 128.369, 24.8985], "pipPosition": [-46.6843, 142.489, 6.93487], "stabilizedTipPosition": [-53.0011, 144.649, -17.3741], "timeVisible": 13.2593, "tipPosition": [-53.5713, 144.96, -17.339], "tipVelocity": [4.70623, 86.1605, 33.2617], "tool": false, "touchDistance": 0.34031, "touchZone": "hovering", "type": 4, "width": 11.1988}], "r": [[-0.674617, -0.554876, -0.486831], [0.440548, -0.831827, 0.337612], [-0.592292, 0.0132864, 0.805614]], "s": 1.14335, "t": [3.85173, -41.772, -1.32952], "timestamp": 17905465540}, {"currentFrameRate": 106.083, "devices": [], "gestures": [], "hands": [{"armBasis": [[0.939034, -0.000783287, -0.343823], [0.148692, 0.902573, 0.404045], [0.310009, -0.430536, 0.847664]], "armWidth": 46.2573, "confidence": 1, "direction": [-0.0871435, 0.617632, -0.781625], "elbow": [-71.8661, 2.48279, 262.584], "grabAngle": 0.502487, "grabStrength": 0, "id": 140, "palmNormal": [0.130816, -0.770721, -0.6236], "palmPosition": [-1.03275, 128.295, 31.8621], "palmVelocity": [-0.749381, 1.64553, -1.59416], "palmWidth": 71.9658, "pinchDistance": 71.6461, "pinchStrength": 0, "r": [[-0.672851, -0.554675, -0.489496], [0.442148, -0.832018, 0.335038], [-0.593107, 0.0090011, 0.805073]], "s": 1.14379, "sphereCenter": [-18.3337, 127.811, -6.64663], "sphereRadius": 52.413, "stabilizedPalmPosition": [-2.35454, 125.631, 30.6651], "t": [-3.86701, -41.7546, -1.35868], "timeVisible": 13.2854, "type": "left", "wrist": [-5.66429, 94.4229, 81.5669]}], "id": 95214, "interactionBox": {"center": [0, 200, 0], "size": [235.247, 235.247, 147.751]}, "pointables": [{"bases": [[[0.531405, 0.746861, 0.399759], [-0.770296, 0.229661, 0.594894], [0.352495, -0.624063, 0.697347]], [[0.295145, 0.955359, 0.0133471], [-0.762794, 0.227197, 0.605414], [0.575356, -0.188866, 0.795799]], [[0.295145, 0.955359, 0.0133471], [-0.819897, 0.246074, 0.51693], [0.49057, -0.163513, 0.855923]], [[0.295145, 0.955359, 0.0133471], [-0.857929, 0.258845, 0.443797], [0.420531, -0.142435, 0.896028]]], "btipPosition": [63.2261, 113.246, -5.91978], "carpPosition": [19.9087, 98.8811, 64.3896], "dipPosition": [55.5943, 110.661, 10.3413], "direction": [0.49057, 0.163513, -0.855923], "extended": true, "handId": 140, "id": 1400, "length": 40.4127, "mcpPosition": [19.9087, 98.8811, 64.3896], "pipPosition": [42.6242, 106.338, 32.9709], "stabilizedTipPosition": [62.0863, 111.356, -1.51057], "timeVisible": 13.2854, "tipPosition": [60.2376, 111.82, -2.78692], "tipVelocity": [-5.75557, 6.86527, -11.5836], "tool": false, "touchDistance": 0.245112, "touchZone": "hovering", "type": 0, "width": 14.1228}, {"bases": [[[0.988181, -0.050667, -0.144675], [0.117515, 0.856413, 0.50274], [0.0984296, -0.5138, 0.852245]], [[0.992937, -0.109661, -0.0452903], [0.111573, 0.73321, 0.670787], [-0.0403522, -0.671102, 0.740266]], [[0.992937, -0.109661, -0.0452903], [0.118626, 0.924511, 0.362225], [0.00214921, -0.36504, 0.93099]], [[0.992937, -0.109661, -0.0452903], [0.111469, 0.992982, 0.0395088], [0.0406399, -0.0442782, 0.998192]]], "btipPosition": [15.8101, 174.711, -37.5938], "carpPosition": [10.8484, 115.029, 67.3317], "dipPosition": [15.2717, 174.125, -24.3691], "direction": [0.00214921, 0.36504, -0.93099], "extended": true, "handId": 140, "id": 1401, "length": 45.6013, "mcpPosition": [16.5757, 144.925, 17.7416], "pipPosition": [15.2314, 167.283, -6.91999], "stabilizedTipPosition": [15.817, 171.849, -35.7733], "timeVisible": 13.2854, "tipPosition": [16.6031, 174.793, -34.2172], "tipVelocity": [1.8195, 37.9925, 19.6015], "tool": false, "touchDistance": -0.159669, "touchZone": "touching", "type": 1, "width": 13.4901}, {"bases": [[[0.957785, -0.264867, -0.111775], [0.285019, 0.824029, 0.489632], [-0.0375819, -0.50082, 0.864735]], [[0.944381, -0.328834, 0.00367995], [0.235405, 0.683791, 0.690663], [-0.229629, -0.651382, 0.723168]], [[0.944381, -0.328834, 0.00367995], [0.304716, 0.879217, 0.366232], [-0.123665, -0.344742, 0.930516]], [[0.944381, -0.328834, 0.00367995], [0.328811, 0.944379, 0.00553784], [-0.0052963, -0.00401982, 0.999978]]], "btipPosition": [-12.2447, 175.575, -43.6184], "carpPosition": [1.2158, 115.933, 66.2177], "dipPosition": [-12.1675, 175.516, -29.0467], "direction": [-0.123665, 0.344742, -0.930516], "extended": true, "handId": 140, "id": 1402, "length": 51.959, "mcpPosition": [-0.858004, 143.569, 18.5008], "pipPosition": [-9.44067, 167.915, -8.5284], "stabilizedTipPosition": [-11.5939, 172.949, -41.5265], "timeVisible": 13.2854, "tipPosition": [-10.9691, 175.478, -40.4402], "tipVelocity": [-4.92348, 38.5405, 22.2511], "tool": false, "touchDistance": -0.0619018, "touchZone": "touching", "type": 2, "width": 13.249}, {"bases": [[[0.917585, -0.397041, -0.0198939], [0.351377, 0.786615, 0.507711], [-0.185933, -0.472859, 0.861298]], [[0.896661, -0.438742, 0.0591962], [0.273132, 0.653455, 0.705971], [-0.348421, -0.616849, 0.705762]], [[0.896661, -0.438742, 0.0591962], [0.385908, 0.840113, 0.381163], [-0.216963, -0.31893, 0.922611]], [[0.896661, -0.438742, 0.0591962], [0.437991, 0.898609, 0.0258095], [-0.0645179, 0.00278501, 0.997913]]], "btipPosition": [-35.1507, 165.893, -36.4753], "carpPosition": [-8.27221, 114.284, 64.9245], "dipPosition": [-34.2159, 165.933, -22.0174], "direction": [-0.216963, 0.31893, -0.922611], "extended": true, "handId": 140, "id": 1403, "length": 49.9599, "mcpPosition": [-17.4839, 137.711, 22.2531], "pipPosition": [-29.5553, 159.082, -2.19876], "stabilizedTipPosition": [-34.3816, 163.783, -34.1314], "timeVisible": 13.2854, "tipPosition": [-33.7403, 165.549, -33.5479], "tipVelocity": [-3.88367, 36.2144, 19.6025], "tool": false, "touchDistance": -0.10777, "touchZone": "touching", "type": 3, "width": 12.6073}, {"bases": [[[0.819143, -0.573577, -0.00368767], [0.472001, 0.670398, 0.572522], [-0.325914, -0.470718, 0.819881]], [[0.758348, -0.639924, 0.124122], [0.347417, 0.557898, 0.753692], [-0.551552, -0.528439, 0.645401]], [[0.758348, -0.639924, 0.124122], [0.530856, 0.716789, 0.452112], [-0.378286, -0.276968, 0.883283]], [[0.758348, -0.639924, 0.124122], [0.631136, 0.768436, 0.105699], [-0.163019, -0.00181879, 0.986621]]], "btipPosition": [-54.6057, 147.415, -19.3244], "carpPosition": [-16.6198, 107.113, 62.5562], "dipPosition": [-52.4268, 147.391, -6.13722], "direction": [-0.378286, 0.276968, -0.883283], "extended": true, "handId": 140, "id": 1404, "length": 39.1677, "mcpPosition": [-31.5667, 128.701, 24.9552], "pipPosition": [-46.6895, 143.19, 7.25912], "stabilizedTipPosition": [-53.0967, 144.888, -17.2803], "timeVisible": 13.2854, "tipPosition": [-53.627, 145.896, -17.033], "tipVelocity": [-1.93879, 40.0878, 15.4385], "tool": false, "touchDistance": 0.345642, "touchZone": "hovering", "type": 4, "width": 11.1988}], "r": [[-0.672851, -0.554675, -0.489496], [0.442148, -0.832018, 0.335038], [-0.593107, 0.0090011, 0.805073]], "s": 1.14379, "t": [3.86701, -41.7546, -1.35868], "timestamp": 17905491576}, {"currentFrameRate": 106.407, "devices": [], "gestures": [], "hands": [{"armBasis": [[0.939465, 0.000123882, -0.342644], [0.147498, 0.902458, 0.404739], [0.309272, -0.430777, 0.84781]], "armWidth": 46.2573, "confidence": 1, "direction": [-0.0867924, 0.621263, -0.778781], "elbow": [-71.7641, 2.18363, 262.462], "grabAngle": 0.500844, "grabStrength": 0, "id": 140, "palmNormal": [0.129476, -0.768066, -0.627145], "palmPosition": [-1.07945, 128.238, 31.841], "palmVelocity": [-5.30634, -6.4155, -2.39734], "palmWidth": 71.9658, "pinchDistance": 71.5826, "pinchStrength": 0, "r": [[-0.67124, -0.554233, -0.492203], [0.443606, -0.832349, 0.332279], [-0.593844, 0.00469472, 0.804566]], "s": 1.14419, "sphereCenter": [-18.3073, 128.449, -6.38796], "sphereRadius": 52.1863, "stabilizedPalmPosition": [-2.35103, 125.638, 30.6683], "t": [-3.898, -41.7742, -1.38382], "timeVisible": 13.2942, "type": "left", "wrist": [-5.7195, 94.1754, 81.4135]}], "id": 95215, "interactionBox": {"center": [0, 200, 0], "size": [235.247, 235.247, 147.751]}, "pointables": [{"bases": [[[0.530221, 0.745729, 0.403426], [-0.770925, 0.225989, 0.595485], [0.352901, -0.626751, 0.694726]], [[0.295182, 0.955239, 0.0196309], [-0.762922, 0.223285, 0.606707], [0.575167, -0.194066, 0.794683]], [[0.295182, 0.955239, 0.0196309], [-0.819332, 0.242508, 0.519505], [0.491491, -0.169433, 0.854242]], [[0.295182, 0.955239, 0.0196309], [-0.856159, 0.255333, 0.449217], [0.424098, -0.149408, 0.893207]]], "btipPosition": [63.2416, 113.504, -5.94614], "carpPosition": [19.8426, 98.6514, 64.2236], "dipPosition": [55.5451, 110.793, 10.2637], "direction": [0.491491, 0.169433, -0.854242], "extended": true, "handId": 140, "id": 1400, "length": 40.4127, "mcpPosition": [19.8426, 98.6514, 64.2236], "pipPosition": [42.5507, 106.313, 32.8489], "stabilizedTipPosition": [62.0821, 111.366, -1.51544], "timeVisible": 13.2942, "tipPosition": [60.1714, 111.858, -2.90563], "tipVelocity": [0.0734148, 26.0833, -4.3335], "tool": false, "touchDistance": 0.244477, "touchZone": "hovering", "type": 0, "width": 14.1228}, {"bases": [[[0.988327, -0.0487491, -0.144339], [0.116133, 0.854286, 0.506665], [0.0986076, -0.517513, 0.849975]], [[0.993101, -0.108198, -0.0451973], [0.110163, 0.728864, 0.675738], [-0.0401708, -0.676055, 0.735755]], [[0.993101, -0.108198, -0.0451973], [0.117251, 0.920797, 0.372002], [0.0013677, -0.374735, 0.927131]], [[0.993101, -0.108198, -0.0451973], [0.110603, 0.992363, 0.0546125], [0.0389432, -0.0592347, 0.997484]]], "btipPosition": [15.7457, 175.241, -37.3178], "carpPosition": [10.8046, 114.797, 67.2436], "dipPosition": [15.2297, 174.456, -24.1024], "direction": [0.0013677, 0.374735, -0.927131], "extended": true, "handId": 140, "id": 1401, "length": 45.6013, "mcpPosition": [16.5424, 144.91, 17.7856], "pipPosition": [15.2041, 167.432, -6.72568], "stabilizedTipPosition": [15.8068, 172.022, -35.693], "timeVisible": 13.2942, "tipPosition": [16.5612, 175.013, -34.0424], "tipVelocity": [-6.73456, 54.9752, 31.1161], "tool": false, "touchDistance": -0.155105, "touchZone": "touching", "type": 1, "width": 13.4901}, {"bases": [[[0.958186, -0.263135, -0.112423], [0.283686, 0.822176, 0.493506], [-0.0374274, -0.504764, 0.862446]], [[0.944488, -0.328516, 0.00437581], [0.233394, 0.680266, 0.694814], [-0.231234, -0.655222, 0.719177]], [[0.944488, -0.328516, 0.00437581], [0.303423, 0.877298, 0.371864], [-0.126002, -0.349894, 0.928277]], [[0.944488, -0.328516, 0.00437581], [0.328454, 0.944456, 0.0109547], [-0.00773154, -0.00890929, 0.99993]]], "btipPosition": [-12.4264, 175.907, -43.3713], "carpPosition": [1.17262, 115.719, 66.1392], "dipPosition": [-12.3137, 175.777, -28.8004], "direction": [-0.126002, 0.349894, -0.928277], "extended": true, "handId": 140, "id": 1402, "length": 51.959, "mcpPosition": [-0.892657, 143.572, 18.5487], "pipPosition": [-9.53529, 168.062, -8.33138], "stabilizedTipPosition": [-11.6361, 173.102, -41.4477], "timeVisible": 13.2942, "tipPosition": [-11.0107, 175.762, -40.2397], "tipVelocity": [-19.7122, 35.8384, 28.0563], "tool": false, "touchDistance": -0.0577865, "touchZone": "touching", "type": 2, "width": 13.249}, {"bases": [[[0.918105, -0.395772, -0.0211619], [0.350082, 0.784766, 0.511455], [-0.185812, -0.476977, 0.85905]], [[0.896707, -0.43864, 0.0592608], [0.271342, 0.650536, 0.70935], [-0.349701, -0.619998, 0.702361]], [[0.896707, -0.43864, 0.0592608], [0.38525, 0.839368, 0.383463], [-0.217944, -0.321024, 0.921653]], [[0.896707, -0.43864, 0.0592608], [0.437805, 0.898661, 0.0271121], [-0.0651479, 0.00163307, 0.997874]]], "btipPosition": [-35.2652, 166.071, -36.3055], "carpPosition": [-8.31822, 114.088, 64.844], "dipPosition": [-34.3214, 166.095, -21.8481], "direction": [-0.217944, 0.321024, -0.921653], "extended": true, "handId": 140, "id": 1403, "length": 49.9599, "mcpPosition": [-17.524, 137.719, 22.2839], "pipPosition": [-29.6397, 159.199, -2.05008], "stabilizedTipPosition": [-34.4209, 163.918, -34.0635], "timeVisible": 13.2942, "tipPosition": [-33.7871, 165.831, -33.3782], "tipVelocity": [-12.7778, 19.861, 19.2797], "tool": false, "touchDistance": -0.104942, "touchZone": "touching", "type": 3, "width": 12.6073}, {"bases": [[[0.81988, -0.572506, -0.00580831], [0.470818, 0.668412, 0.575809], [-0.325772, -0.474829, 0.817563]], [[0.7594, -0.639251, 0.121122], [0.34563, 0.554085, 0.757318], [-0.551228, -0.533243, 0.641716]], [[0.7594, -0.639251, 0.121122], [0.529781, 0.71561, 0.455231], [-0.377683, -0.281534, 0.882096]], [[0.7594, -0.639251, 0.121122], [0.630155, 0.76898, 0.107588], [-0.161916, -0.0053765, 0.98679]]], "btipPosition": [-54.623, 147.677, -19.2094], "carpPosition": [-16.6763, 106.938, 62.4482], "dipPosition": [-52.4588, 147.605, -6.01997], "direction": [-0.377683, 0.281534, -0.882096], "extended": true, "handId": 140, "id": 1404, "length": 39.1677, "mcpPosition": [-31.6168, 128.715, 24.9534], "pipPosition": [-46.7307, 143.335, 7.35837], "stabilizedTipPosition": [-53.126, 144.967, -17.2489], "timeVisible": 13.2942, "tipPosition": [-53.6799, 146.131, -16.9421], "tipVelocity": [-2.34696, 28.5635, 13.1245], "tool": false, "touchDistance": 0.346143, "touchZone": "hovering", "type": 4, "width": 11.1988}], "r": [[-0.67124, -0.554233, -0.492203], [0.443606, -0.832349, 0.332279], [-0.593844, 0.00469472, 0.804566]], "s": 1.14419, "t": [3.898, -41.7742, -1.38382], "timestamp": 17905500377}, {"currentFrameRate": 106.858, "devices": [], "gestures": [], "hands": [{"armBasis": [[0.93935, -0.0016865, -0.342956], [0.149318, 0.902247, 0.404543], [0.308749, -0.431217, 0.847777]], "armWidth": 46.2573, "confidence": 1, "direction": [-0.0870403, 0.623912, -0.776633], "elbow": [-71.6417, 1.91567, 262.318], "grabAngle": 0.49897, "grabStrength": 0, "id": 140, "palmNormal": [0.131107, -0.765636, -0.629771], "palmPosition": [-1.08188, 128.222, 31.8125], "palmVelocity": [-0.284694, -1.88895, -3.34512], "palmWidth": 71.9658, "pinchDistance": 71.5587, "pinchStrength": 0, "r": [[-0.670192, -0.553323, -0.494647], [0.444591, -0.832966, 0.329403], [-0.594291, 0.000847787, 0.80425]], "s": 1.14464, "sphereCenter": [-18.1621, 129.238, -6.04559], "sphereRadius": 51.8801, "stabilizedPalmPosition": [-2.34835, 125.643, 30.6707], "t": [-3.91471, -41.792, -1.41065], "timeVisible": 13.3027, "type": "left", "wrist": [-5.70896, 94.0014, 81.2765]}], "id": 95216, "interactionBox": {"center": [0, 200, 0], "size": [235.247, 235.247, 147.751]}, "pointables": [{"bases": [[[0.531634, 0.743521, 0.405639], [-0.770102, 0.224974, 0.596934], [0.352575, -0.629733, 0.69219]], [[0.297287, 0.954491, 0.0237984], [-0.7621, 0.222202, 0.608136], [0.575173, -0.198928, 0.793476]], [[0.297287, 0.954491, 0.0237984], [-0.817992, 0.241759, 0.521959], [0.492452, -0.174639, 0.852638]], [[0.297287, 0.954491, 0.0237984], [-0.853995, 0.254675, 0.453688], [0.426981, -0.155199, 0.890843]]], "btipPosition": [63.3328, 113.838, -5.92991], "carpPosition": [19.8559, 98.5501, 64.1069], "dipPosition": [55.584, 111.021, 10.237], "direction": [0.492452, 0.174639, -0.852638], "extended": true, "handId": 140, "id": 1400, "length": 40.4127, "mcpPosition": [19.8559, 98.5501, 64.1069], "pipPosition": [42.5642, 106.404, 32.7798], "stabilizedTipPosition": [62.0779, 111.381, -1.5209], "timeVisible": 13.3027, "tipPosition": [60.2324, 112.064, -2.93504], "tipVelocity": [9.28455, 36.2447, 0.746063], "tool": false, "touchDistance": 0.244583, "touchZone": "hovering", "type": 0, "width": 14.1228}, {"bases": [[[0.988135, -0.049658, -0.145341], [0.117789, 0.852304, 0.509611], [0.0985686, -0.520684, 0.848041]], [[0.99291, -0.10934, -0.0466286], [0.111716, 0.724362, 0.680308], [-0.0406091, -0.680694, 0.731441]], [[0.99291, -0.10934, -0.0466286], [0.118863, 0.916903, 0.380999], [0.00109536, -0.38384, 0.923399]], [[0.99291, -0.10934, -0.0466286], [0.112369, 0.991322, 0.0682153], [0.0387653, -0.0729713, 0.99658]]], "btipPosition": [15.7088, 175.807, -37.0464], "carpPosition": [10.7921, 114.672, 67.1768], "dipPosition": [15.1952, 174.84, -23.843], "direction": [0.00109536, 0.38384, -0.923399], "extended": true, "handId": 140, "id": 1401, "length": 45.6013, "mcpPosition": [16.5276, 144.969, 17.8314], "pipPosition": [15.1747, 167.646, -6.53617], "stabilizedTipPosition": [15.7946, 172.222, -35.5983], "timeVisible": 13.3027, "tipPosition": [16.5271, 175.263, -33.8913], "tipVelocity": [-4.2587, 61.4894, 31.4897], "tool": false, "touchDistance": -0.150627, "touchZone": "touching", "type": 1, "width": 13.4901}, {"bases": [[[0.957711, -0.264112, -0.114164], [0.285284, 0.82, 0.496198], [-0.0374375, -0.507783, 0.860671]], [[0.943743, -0.330659, 0.0038401], [0.234112, 0.676296, 0.698437], [-0.233542, -0.658246, 0.715661]], [[0.943743, -0.330659, 0.0038401], [0.304946, 0.874729, 0.376639], [-0.127898, -0.354279, 0.926352]], [[0.943743, -0.330659, 0.0038401], [0.330569, 0.943661, 0.0151045], [-0.00861819, -0.0129854, 0.999879]]], "btipPosition": [-12.5808, 176.207, -43.1703], "carpPosition": [1.15968, 115.584, 66.0676], "dipPosition": [-12.4552, 176.018, -28.6001], "direction": [-0.127898, 0.354279, -0.926352], "extended": true, "handId": 140, "id": 1402, "length": 51.959, "mcpPosition": [-0.906149, 143.604, 18.5751], "pipPosition": [-9.63503, 168.206, -8.17358], "stabilizedTipPosition": [-11.6811, 173.253, -41.3677], "timeVisible": 13.3027, "tipPosition": [-11.0386, 175.99, -40.1034], "tipVelocity": [-17.7559, 33.6289, 23.5368], "tool": false, "touchDistance": -0.0544395, "touchZone": "touching", "type": 2, "width": 13.249}, {"bases": [[[0.917514, -0.397017, -0.0233432], [0.351641, 0.782431, 0.513957], [-0.185785, -0.479771, 0.857499]], [[0.895699, -0.440825, 0.058275], [0.272166, 0.647146, 0.712129], [-0.351637, -0.621993, 0.699626]], [[0.895699, -0.440825, 0.058275], [0.387222, 0.837696, 0.385129], [-0.218591, -0.322394, 0.921021]], [[0.895699, -0.440825, 0.058275], [0.439971, 0.897592, 0.0274492], [-0.0644075, 0.00105312, 0.997923]]], "btipPosition": [-35.3436, 166.172, -36.2063], "carpPosition": [-8.32771, 113.943, 64.7587], "dipPosition": [-34.4105, 166.188, -21.7483], "direction": [-0.218591, 0.322394, -0.921021], "extended": true, "handId": 140, "id": 1403, "length": 49.9599, "mcpPosition": [-17.5321, 137.713, 22.2755], "pipPosition": [-29.7149, 159.262, -1.96377], "stabilizedTipPosition": [-34.4569, 164.033, -34.0034], "timeVisible": 13.3027, "tipPosition": [-33.7987, 166.001, -33.2967], "tipVelocity": [-9.47663, 11.6283, 11.643], "tool": false, "touchDistance": -0.103286, "touchZone": "touching", "type": 3, "width": 12.6073}, {"bases": [[[0.819047, -0.573663, -0.00853764], [0.472263, 0.665674, 0.577794], [-0.325776, -0.477273, 0.816138]], [[0.758748, -0.640626, 0.117897], [0.346142, 0.54986, 0.760158], [-0.551804, -0.535959, 0.638953]], [[0.758748, -0.640626, 0.117897], [0.531065, 0.713186, 0.457533], [-0.37719, -0.284541, 0.881342]], [[0.758748, -0.640626, 0.117897], [0.631404, 0.767811, 0.108602], [-0.160096, -0.00796117, 0.987069]]], "btipPosition": [-54.6043, 147.796, -19.1783], "carpPosition": [-16.6735, 106.791, 62.3304], "dipPosition": [-52.4645, 147.69, -5.98518], "direction": [-0.37719, 0.284541, -0.881342], "extended": true, "handId": 140, "id": 1404, "length": 39.1677, "mcpPosition": [-31.6141, 128.679, 24.901], "pipPosition": [-46.7438, 143.374, 7.38172], "stabilizedTipPosition": [-53.1523, 145.042, -17.2194], "timeVisible": 13.3027, "tipPosition": [-53.6688, 146.218, -16.948], "tipVelocity": [1.53287, 13.0221, 3.741], "tool": false, "touchDistance": 0.345341, "touchZone": "hovering", "type": 4, "width": 11.1988}], "r": [[-0.670192, -0.553323, -0.494647], [0.444591, -0.832966, 0.329403], [-0.594291, 0.000847787, 0.80425]], "s": 1.14464, "t": [3.91471, -41.792, -1.41065], "timestamp": 17905508909}, {"currentFrameRate": 107.135, "devices": [], "gestures": [], "hands": [{"armBasis": [[0.938923, -0.00593717, -0.344075], [0.153569, 0.902, 0.403501], [0.30796, -0.431696, 0.84782]], "armWidth": 46.2573, "confidence": 1, "direction": [-0.087337, 0.62685, -0.77423], "elbow": [-71.472, 1.6641, 262.204], "grabAngle": 0.497073, "grabStrength": 0, "id": 140, "palmNormal": [0.135187, -0.762552, -0.632644], "palmPosition": [-1.09218, 128.26, 31.8193], "palmVelocity": [-1.16594, 4.25153, 0.775979], "palmWidth": 71.9658, "pinchDistance": 71.5713, "pinchStrength": 0, "r": [[-0.669963, -0.551721, -0.496744], [0.444969, -0.834025, 0.326197], [-0.594266, -0.00249609, 0.804264]], "s": 1.1452, "sphereCenter": [-17.9451, 130.369, -5.51509], "sphereRadius": 51.4611, "stabilizedPalmPosition": [-2.34533, 125.649, 30.6735], "t": [-3.92822, -41.7822, -1.42065], "timeVisible": 13.3115, "type": "left", "wrist": [-5.70777, 93.8521, 81.1536]}], "id": 95217, "interactionBox": {"center": [0, 200, 0], "size": [235.247, 235.247, 147.751]}, "pointables": [{"bases": [[[0.535108, 0.740015, 0.407476], [-0.767929, 0.225089, 0.599683], [0.352056, -0.633808, 0.688726]], [[0.300758, 0.953309, 0.0273179], [-0.760404, 0.222414, 0.610178], [0.575613, -0.204289, 0.791793]], [[0.300758, 0.953309, 0.0273179], [-0.816173, 0.242464, 0.524474], [0.493362, -0.180036, 0.850988]], [[0.300758, 0.953309, 0.0273179], [-0.851911, 0.255672, 0.457033], [0.428709, -0.160729, 0.88903]]], "btipPosition": [63.4202, 114.267, -5.85464], "carpPosition": [19.8704, 98.5242, 64.0392], "dipPosition": [55.64, 111.35, 10.2794], "direction": [0.493362, 0.180036, -0.850988], "extended": true, "handId": 140, "id": 1400, "length": 40.4127, "mcpPosition": [19.8704, 98.5242, 64.0392], "pipPosition": [42.5961, 106.59, 32.7785], "stabilizedTipPosition": [62.0736, 111.402, -1.52685], "timeVisible": 13.3115, "tipPosition": [60.3622, 112.458, -2.84801], "tipVelocity": [9.07632, 45.9559, 7.66804], "tool": false, "touchDistance": 0.245711, "touchZone": "hovering", "type": 0, "width": 14.1228}, {"bases": [[[0.987616, -0.0523995, -0.14788], [0.121881, 0.849766, 0.512878], [0.0987887, -0.52455, 0.845629]], [[0.992431, -0.112164, -0.050003], [0.11576, 0.718518, 0.685807], [-0.0409947, -0.686405, 0.726063]], [[0.992431, -0.112164, -0.050003], [0.122792, 0.912236, 0.39083], [0.00177761, -0.394011, 0.919104]], [[0.992431, -0.112164, -0.050003], [0.115991, 0.989886, 0.0816773], [0.0403361, -0.086859, 0.995404]]], "btipPosition": [15.695, 176.527, -36.6528], "carpPosition": [10.7447, 114.602, 67.1549], "dipPosition": [15.1606, 175.377, -23.465], "direction": [0.00177761, 0.394011, -0.919104], "extended": true, "handId": 140, "id": 1401, "length": 45.6013, "mcpPosition": [16.493, 145.125, 17.9498], "pipPosition": [15.1273, 167.992, -6.23864], "stabilizedTipPosition": [15.78, 172.488, -35.4683], "timeVisible": 13.3115, "tipPosition": [16.4901, 175.648, -33.6455], "tipVelocity": [-2.10427, 76.7803, 44.1771], "tool": false, "touchDistance": -0.144126, "touchZone": "touching", "type": 1, "width": 13.4901}, {"bases": [[[0.956538, -0.266878, -0.117525], [0.289234, 0.816951, 0.498934], [-0.0371426, -0.511242, 0.858634]], [[0.94237, -0.334569, 0.00152506], [0.236981, 0.670702, 0.70285], [-0.236175, -0.661983, 0.711337]], [[0.94237, -0.334569, 0.00152506], [0.308623, 0.871032, 0.382172], [-0.129191, -0.359677, 0.92409]], [[0.94237, -0.334569, 0.00152506], [0.334481, 0.942209, 0.0191134], [-0.00783166, -0.0175018, 0.999816]]], "btipPosition": [-12.7278, 176.625, -42.8864], "carpPosition": [1.11191, 115.486, 66.0267], "dipPosition": [-12.6137, 176.37, -28.3171], "direction": [-0.129191, 0.359677, -0.92409], "extended": true, "handId": 140, "id": 1402, "length": 51.959, "mcpPosition": [-0.937649, 143.697, 18.6466], "pipPosition": [-9.76495, 168.439, -7.94046], "stabilizedTipPosition": [-11.7325, 173.42, -41.2753], "timeVisible": 13.3115, "tipPosition": [-11.0649, 176.297, -39.915], "tipVelocity": [-16.9448, 45.595, 32.1344], "tool": false, "touchDistance": -0.0497109, "touchZone": "touching", "type": 2, "width": 13.249}, {"bases": [[[0.916102, -0.400023, -0.0271638], [0.355504, 0.779082, 0.51638], [-0.185401, -0.482714, 0.855929]], [[0.893939, -0.444732, 0.0555493], [0.274996, 0.642137, 0.715568], [-0.353907, -0.624398, 0.696331]], [[0.893939, -0.444732, 0.0555493], [0.391177, 0.834705, 0.387618], [-0.218754, -0.324778, 0.920145]], [[0.893939, -0.444732, 0.0555493], [0.443854, 0.895663, 0.0279469], [-0.0621823, -0.000327115, 0.998065]]], "btipPosition": [-35.4135, 166.348, -36.0678], "carpPosition": [-8.36675, 113.819, 64.6886], "dipPosition": [-34.5126, 166.344, -21.6076], "direction": [-0.218754, 0.324778, -0.920145], "extended": true, "handId": 140, "id": 1403, "length": 49.9599, "mcpPosition": [-17.5521, 137.734, 22.2831], "pipPosition": [-29.8136, 159.367, -1.84196], "stabilizedTipPosition": [-34.4926, 164.143, -33.9433], "timeVisible": 13.3115, "tipPosition": [-33.7943, 166.2, -33.2057], "tipVelocity": [-8.75806, 19.4138, 15.7501], "tool": false, "touchDistance": -0.100969, "touchZone": "touching", "type": 3, "width": 12.6073}, {"bases": [[[0.81707, -0.576395, -0.0128618], [0.475877, 0.661652, 0.579446], [-0.325479, -0.479569, 0.814909]], [[0.756818, -0.6437, 0.113474], [0.348325, 0.544095, 0.763302], [-0.553078, -0.538155, 0.635998]], [[0.756818, -0.6437, 0.113474], [0.534122, 0.709124, 0.460278], [-0.376749, -0.287738, 0.880493]], [[0.756818, -0.6437, 0.113474], [0.634384, 0.765199, 0.109672], [-0.157426, -0.0110155, 0.987469]]], "btipPosition": [-54.5923, 147.909, -19.153], "carpPosition": [-16.6824, 106.648, 62.2108], "dipPosition": [-52.4881, 147.761, -5.95454], "direction": [-0.376749, 0.287738, -0.880493], "extended": true, "handId": 140, "id": 1404, "length": 39.1677, "mcpPosition": [-31.6094, 128.642, 24.8377], "pipPosition": [-46.7741, 143.397, 7.39948], "stabilizedTipPosition": [-53.1779, 145.118, -17.1899], "timeVisible": 13.3115, "tipPosition": [-53.6281, 146.29, -16.985], "tipVelocity": [0.437681, 11.6719, 3.00386], "tool": false, "touchDistance": 0.344538, "touchZone": "hovering", "type": 4, "width": 11.1988}], "r": [[-0.669963, -0.551721, -0.496744], [0.444969, -0.834025, 0.326197], [-0.594266, -0.00249609, 0.804264]], "s": 1.1452, "t": [3.92822, -41.7822, -1.42065], "timestamp": 17905517738}, {"currentFrameRate": 107.538, "devices": [], "gestures": [], "hands": [{"armBasis": [[0.937918, -0.0138497, -0.346579], [0.161402, 0.901859, 0.40075], [0.307015, -0.431809, 0.848105]], "armWidth": 46.2573, "confidence": 1, "direction": [-0.08768, 0.631004, -0.770809], "elbow": [-71.2622, 1.40229, 262.101], "grabAngle": 0.494193, "grabStrength": 0, "id": 140, "palmNormal": [0.142828, -0.757831, -0.636626], "palmPosition": [-1.09008, 128.291, 31.8458], "palmVelocity": [0.244387, 3.66773, 3.08724], "palmWidth": 71.9658, "pinchDistance": 71.6072, "pinchStrength": 0, "r": [[-0.670922, -0.548997, -0.498464], [0.444536, -0.835807, 0.322203], [-0.593508, -0.00541181, 0.80481]], "s": 1.14591, "sphereCenter": [-17.6611, 131.786, -4.82412], "sphereRadius": 50.9634, "stabilizedPalmPosition": [-2.34264, 125.655, 30.676], "t": [-3.93392, -41.7615, -1.41242], "timeVisible": 13.3201, "type": "left", "wrist": [-5.6996, 93.6143, 80.9898]}], "id": 95218, "interactionBox": {"center": [0, 200, 0], "size": [235.247, 235.247, 147.751]}, "pointables": [{"bases": [[[0.541565, 0.734191, 0.409478], [-0.763755, 0.22618, 0.604584], [0.351264, -0.640162, 0.683232]], [[0.306466, 0.951369, 0.0312361], [-0.757408, 0.223846, 0.613373], [0.576552, -0.211637, 0.789175]], [[0.306466, 0.951369, 0.0312361], [-0.813436, 0.244709, 0.527674], [0.494369, -0.187123, 0.848872]], [[0.306466, 0.951369, 0.0312361], [-0.849335, 0.258487, 0.460232], [0.429777, -0.167576, 0.887249]]], "btipPosition": [63.5418, 114.834, -5.72091], "carpPosition": [19.909, 98.4902, 63.9813], "dipPosition": [55.7423, 111.793, 10.3808], "direction": [0.494369, 0.187123, -0.848872], "extended": true, "handId": 140, "id": 1400, "length": 40.4127, "mcpPosition": [19.909, 98.4902, 63.9813], "pipPosition": [42.6717, 106.846, 32.824], "stabilizedTipPosition": [62.07, 111.432, -1.53235], "timeVisible": 13.3201, "tipPosition": [60.6337, 113.095, -2.6245], "tipVelocity": [13.681, 62.9424, 14.746], "tool": false, "touchDistance": 0.247816, "touchZone": "hovering", "type": 0, "width": 14.1228}, {"bases": [[[0.986582, -0.0576107, -0.152763], [0.129516, 0.845853, 0.517454], [0.0994041, -0.530296, 0.841965]], [[0.991488, -0.117485, -0.056117], [0.123395, 0.710392, 0.692905], [-0.041541, -0.693931, 0.718842]], [[0.991488, -0.117485, -0.056117], [0.130152, 0.90596, 0.40286], [0.00350956, -0.406735, 0.913539]], [[0.991488, -0.117485, -0.056117], [0.122541, 0.987683, 0.0972898], [0.0439957, -0.103338, 0.993673]]], "btipPosition": [15.7181, 177.459, -36.0745], "carpPosition": [10.6693, 114.492, 67.1522], "dipPosition": [15.1352, 176.09, -22.9096], "direction": [0.00350956, 0.406735, -0.913539], "extended": true, "handId": 140, "id": 1401, "length": 45.6013, "mcpPosition": [16.4533, 145.349, 18.1603], "pipPosition": [15.0694, 168.467, -5.78756], "stabilizedTipPosition": [15.7648, 172.849, -35.2802], "timeVisible": 13.3201, "tipPosition": [16.4742, 176.21, -33.2432], "tipVelocity": [1.39216, 102.919, 66.9032], "tool": false, "touchDistance": -0.134576, "touchZone": "touching", "type": 1, "width": 13.4901}, {"bases": [[[0.95431, -0.272073, -0.123566], [0.296596, 0.812088, 0.502537], [-0.0363808, -0.516225, 0.85568]], [[0.940027, -0.34108, -0.00362367], [0.243065, 0.662366, 0.708654], [-0.239307, -0.667035, 0.705547]], [[0.940027, -0.34108, -0.00362367], [0.315443, 0.865232, 0.389704], [-0.129785, -0.367475, 0.920933]], [[0.940027, -0.34108, -0.00362367], [0.341061, 0.93971, 0.0249461], [-0.00510341, -0.0246859, 0.999682]]], "btipPosition": [-12.8517, 177.203, -42.4772], "carpPosition": [1.03641, 115.323, 65.9849], "dipPosition": [-12.7773, 176.843, -27.9099], "direction": [-0.129785, 0.367475, -0.920933], "extended": true, "handId": 140, "id": 1402, "length": 51.959, "mcpPosition": [-0.971116, 143.809, 18.7677], "pipPosition": [-9.9155, 168.74, -7.60289], "stabilizedTipPosition": [-11.789, 173.609, -41.1651], "timeVisible": 13.3201, "tipPosition": [-11.0638, 176.709, -39.6322], "tipVelocity": [-15.5318, 64.6162, 47.7151], "tool": false, "touchDistance": -0.0428996, "touchZone": "touching", "type": 2, "width": 13.249}, {"bases": [[[0.913463, -0.405514, -0.0338281], [0.362708, 0.773705, 0.519446], [-0.18447, -0.486764, 0.853833]], [[0.891043, -0.451174, 0.0498356], [0.280926, 0.634363, 0.720183], [-0.356542, -0.627715, 0.691992]], [[0.891043, -0.451174, 0.0498356], [0.398018, 0.829371, 0.392078], [-0.218228, -0.329523, 0.918581]], [[0.891043, -0.451174, 0.0498356], [0.450167, 0.892423, 0.0304904], [-0.058231, -0.00473392, 0.998292]]], "btipPosition": [-35.4489, 166.616, -35.8791], "carpPosition": [-8.42546, 113.606, 64.5928], "dipPosition": [-34.6052, 166.548, -21.4157], "direction": [-0.218228, 0.329523, -0.918581], "extended": true, "handId": 140, "id": 1403, "length": 49.9599, "mcpPosition": [-17.5647, 137.721, 22.2912], "pipPosition": [-29.9174, 159.469, -1.68358], "stabilizedTipPosition": [-34.5255, 164.249, -33.8834], "timeVisible": 13.3201, "tipPosition": [-33.7436, 166.426, -33.0932], "tipVelocity": [-5.66229, 29.5686, 22.1167], "tool": false, "touchDistance": -0.0978114, "touchZone": "touching", "type": 3, "width": 12.6073}, {"bases": [[[0.813402, -0.581353, -0.0201382], [0.482637, 0.655149, 0.581241], [-0.324713, -0.482502, 0.813482]], [[0.753117, -0.649223, 0.10642], [0.353283, 0.535553, 0.767055], [-0.554983, -0.540085, 0.632694]], [[0.753117, -0.649223, 0.10642], [0.539801, 0.702267, 0.464151], [-0.376073, -0.292114, 0.87934]], [[0.753117, -0.649223, 0.10642], [0.639707, 0.760425, 0.111928], [-0.153591, -0.0162171, 0.988001]]], "btipPosition": [-54.5503, 147.983, -19.1643], "carpPosition": [-16.6849, 106.399, 62.0331], "dipPosition": [-52.4974, 147.766, -5.95869], "direction": [-0.376073, 0.292114, -0.87934], "extended": true, "handId": 140, "id": 1404, "length": 39.1677, "mcpPosition": [-31.5768, 128.527, 24.7255], "pipPosition": [-46.7937, 143.335, 7.37784], "stabilizedTipPosition": [-53.2008, 145.189, -17.1629], "timeVisible": 13.3201, "tipPosition": [-53.5175, 146.307, -17.0825], "tipVelocity": [3.52176, 6.75307, -1.12415], "tool": false, "touchDistance": 0.343273, "touchZone": "hovering", "type": 4, "width": 11.1988}], "r": [[-0.670922, -0.548997, -0.498464], [0.444536, -0.835807, 0.322203], [-0.593508, -0.00541181, 0.80481]], "s": 1.14591, "t": [3.93392, -41.7615, -1.41242], "timestamp": 17905526303}, {"currentFrameRate": 107.872, "devices": [], "gestures": [], "hands": [{"armBasis": [[0.935859, -0.0271811, -0.351325], [0.174761, 0.901565, 0.395777], [0.305984, -0.431789, 0.848488]], "armWidth": 46.2573, "confidence": 1, "direction": [-0.088322, 0.636419, -0.766271], "elbow": [-70.9884, 1.0927, 261.951], "grabAngle": 0.489905, "grabStrength": 0, "id": 140, "palmNormal": [0.156021, -0.750943, -0.641672], "palmPosition": [-1.04523, 128.345, 31.8779], "palmVelocity": [5.17657, 6.20488, 3.70417], "palmWidth": 71.9658, "pinchDistance": 71.6928, "pinchStrength": 0, "r": [[-0.673657, -0.544551, -0.49965], [0.442905, -0.838691, 0.31691], [-0.591626, -0.00780861, 0.806175]], "s": 1.1469, "sphereCenter": [-17.2291, 133.736, -3.85087], "sphereRadius": 50.327, "stabilizedPalmPosition": [-2.33972, 125.661, 30.6787], "t": [-3.91435, -41.7243, -1.39226], "timeVisible": 13.3288, "type": "left", "wrist": [-5.646, 93.3005, 80.7578]}], "id": 95219, "interactionBox": {"center": [0, 200, 0], "size": [235.247, 235.247, 147.751]}, "pointables": [{"bases": [[[0.552661, 0.724936, 0.411137], [-0.756448, 0.229288, 0.612547], [0.349788, -0.649535, 0.675095]], [[0.315711, 0.948212, 0.0349458], [-0.75224, 0.227674, 0.618304], [0.578327, -0.221493, 0.785162]], [[0.315711, 0.948212, 0.0349458], [-0.80912, 0.249797, 0.531908], [0.495632, -0.196204, 0.846081]], [[0.315711, 0.948212, 0.0349458], [-0.84587, 0.264567, 0.46315], [0.429919, -0.175781, 0.885591]]], "btipPosition": [63.7555, 115.626, -5.50496], "carpPosition": [20.0166, 98.5037, 63.9349], "dipPosition": [55.9533, 112.436, 10.5667], "direction": [0.495632, 0.196204, -0.846081], "extended": true, "handId": 140, "id": 1400, "length": 40.4127, "mcpPosition": [20.0166, 98.5037, 63.9349], "pipPosition": [42.8494, 107.248, 32.9361], "stabilizedTipPosition": [62.0684, 111.484, -1.53646], "timeVisible": 13.3288, "tipPosition": [61.13