{"frames": 53, "data": [{"currentFrameRate": 115.065, "devices": [], "gestures": [], "hands": [{"armBasis": [[0.0670376, -0.842164, -0.535038], [0.979328, 0.158111, -0.126166], [0.190847, -0.51552, 0.835354]], "armWidth": 48.8135, "confidence": 1, "direction": [-0.246933, 0.421581, -0.872522], "elbow": [-40.5959, -3.6435, 270.596], "grabAngle": 0.708587, "grabStrength": 0.000130768, "id": 140, "palmNormal": [0.964527, 0.020204, -0.263209], "palmPosition": [-4.86189, 147.319, 26.8275], "palmVelocity": [17.0035, -241.248, -44.5836], "palmWidth": 76.5927, "pinchDistance": 74.4014, "pinchStrength": 0, "r": [[0.292671, -0.825038, -0.483379], [0.743048, 0.514403, -0.428099], [0.60185, -0.233882, 0.763594]], "s": 1.05666, "sphereCenter": [12.5141, 159.513, -8.68643], "sphereRadius": 52.3865, "stabilizedPalmPosition": [-0.537331, 149.873, 30.6078], "t": [-7.64963, -21.1998, -6.18408], "timeVisible": 5.18577, "type": "left", "wrist": [2.77949, 113.523, 80.7382]}], "id": 94298, "interactionBox": {"center": [0, 200, 0], "size": [235.247, 235.247, 147.751]}, "pointables": [{"bases": [[[0.948442, -0.300607, -0.100469], [0.259865, 0.556035, 0.789491], [-0.181462, -0.774894, 0.605484]], [[0.922796, 0.0978467, -0.372656], [0.269783, 0.526434, 0.806278], [0.275071, -0.844567, 0.459395]], [[0.922796, 0.0978467, -0.372656], [0.221726, 0.656139, 0.721331], [0.315094, -0.74827, 0.583788]], [[0.922796, 0.0978467, -0.372656], [0.165043, 0.773595, 0.61181], [0.348149, -0.626081, 0.697722]]], "btipPosition": [41.0904, 211.552, 25.6621], "carpPosition": [13.9759, 142.99, 74.8025], "dipPosition": [34.3809, 199.486, 39.1086], "direction": [0.315094, 0.74827, -0.583788], "extended": true, "handId": 140, "id": 1400, "length": 42.9157, "mcpPosition": [13.9759, 142.99, 74.8025], "pipPosition": [25.5342, 178.478, 55.4992], "stabilizedTipPosition": [40.0411, 208.633, 28.8197], "timeVisible": 5.18577, "tipPosition": [36.6457, 209.328, 28.357], "tipVelocity": [-455.35, 114.232, -77.1056], "tool": false, "touchDistance": 0.408907, "touchZone": "hovering", "type": 0, "width": 14.8397}, {"bases": [[[0.133471, -0.822912, -0.55227], [0.987641, 0.0642487, 0.142956], [-0.0821579, -0.564525, 0.821317]], [[0.132611, -0.82873, -0.54371], [0.930014, -0.0856649, 0.357401], [-0.342766, -0.553053, 0.75937]], [[0.132611, -0.82873, -0.54371], [0.990075, 0.136509, 0.0334098], [0.0465336, -0.542745, 0.838608]], [[0.132611, -0.82873, -0.54371], [0.899616, 0.330901, -0.284948], [0.41606, -0.451343, 0.78942]]], "btipPosition": [-15.1919, 211.978, -37.0443], "carpPosition": [-4.75748, 140.3, 68.4812], "dipPosition": [-21.0455, 205.628, -25.9378], "direction": [0.0465336, 0.542745, -0.838608], "extended": true, "handId": 140, "id": 1401, "length": 48.4255, "mcpPosition": [-9.84541, 175.26, 17.6181], "pipPosition": [-21.9717, 194.826, -9.24669], "stabilizedTipPosition": [-16.5088, 212.685, -33.0518], "timeVisible": 5.18577, "tipPosition": [-16.5721, 206.91, -36.4763], "tipVelocity": [42.3773, -565.825, -377.5], "tool": false, "touchDistance": 0.27201, "touchZone": "hovering", "type": 1, "width": 14.1749}, {"bases": [[[-0.0491935, -0.89043, -0.452454], [0.993944, -0.0882089, 0.0655277], [-0.0982583, -0.44649, 0.889377]], [[-0.0515566, -0.900973, -0.430801], [0.961142, -0.161909, 0.223589], [-0.271198, -0.402534, 0.87431]], [[-0.0515566, -0.900973, -0.430801], [0.990003, 0.0105994, -0.140647], [0.131286, -0.433746, 0.891419]], [[-0.0515566, -0.900973, -0.430801], [0.851223, 0.185947, -0.490758], [0.522266, -0.39201, 0.757342]]], "btipPosition": [-12.9607, 190.656, -56.9111], "carpPosition": [-7.58198, 132.234, 62.6161], "dipPosition": [-21.0425, 184.589, -45.1917], "direction": [0.131286, 0.433746, -0.891419], "extended": true, "handId": 140, "id": 1402, "length": 55.177, "mcpPosition": [-13.3526, 158.456, 10.3842], "pipPosition": [-24.1167, 174.433, -24.318], "stabilizedTipPosition": [-15.744, 192.696, -52.7223], "timeVisible": 5.18577, "tipPosition": [-18.4515, 186.063, -55.2641], "tipVelocity": [221.154, -629.385, -269.549], "tool": false, "touchDistance": 0.287037, "touchZone": "hovering", "type": 2, "width": 13.9216}, {"bases": [[[-0.137904, -0.937229, -0.320287], [0.984251, -0.165789, 0.0613525], [-0.110601, -0.306782, 0.945332]], [[-0.138347, -0.938456, -0.316483], [0.968426, -0.195103, 0.155194], [-0.207389, -0.285019, 0.935817]], [[-0.138347, -0.938456, -0.316483], [0.962336, -0.0518691, -0.26687], [0.23403, -0.341483, 0.910285]], [[-0.138347, -0.938456, -0.316483], [0.785652, 0.0905698, -0.612004], [0.603002, -0.333314, 0.724769]]], "btipPosition": [-6.74293, 162.893, -58.7965], "carpPosition": [-7.89691, 123.313, 57.3956], "dipPosition": [-16.0204, 157.765, -47.6456], "direction": [0.23403, 0.341483, -0.910285], "extended": true, "handId": 140, "id": 1403, "length": 53.0542, "mcpPosition": [-13.7288, 139.489, 7.54973], "pipPosition": [-21.359, 149.975, -26.8807], "stabilizedTipPosition": [-11.139, 165.676, -55.1982], "timeVisible": 5.18577, "tipPosition": [-14.7619, 158.923, -57.3874], "tipVelocity": [344.864, -606.866, -120.281], "tool": false, "touchDistance": 0.303605, "touchZone": "hovering", "type": 3, "width": 13.2473}, {"bases": [[[-0.310496, -0.926074, -0.214427], [0.937156, -0.335992, 0.0940645], [-0.159157, -0.171745, 0.9722]], [[-0.33359, -0.941841, -0.0406595], [0.936529, -0.336026, 0.100003], [-0.10785, -0.00471867, 0.994156]], [[-0.33359, -0.941841, -0.0406595], [0.877844, -0.294622, -0.377609], [0.343668, -0.161659, 0.925072]], [[-0.33359, -0.941841, -0.0406595], [0.660516, -0.202739, -0.722921], [0.672634, -0.268016, 0.689733]]], "btipPosition": [1.8977, 128.469, -47.7486], "carpPosition": [-2.27588, 113.541, 53.3404], "dipPosition": [-7.64952, 124.665, -37.9586], "direction": [0.343668, 0.161659, -0.925072], "extended": true, "handId": 140, "id": 1404, "length": 41.5935, "mcpPosition": [-10.0443, 121.924, 5.88711], "pipPosition": [-13.1846, 122.061, -23.0596], "stabilizedTipPosition": [-2.62258, 130.147, -45.6645], "timeVisible": 5.18577, "tipPosition": [-7.56987, 127.306, -46.629], "tipVelocity": [439.551, -536.533, 49.1283], "tool": false, "touchDistance": -0.334264, "touchZone": "touching", "type": 4, "width": 11.7673}], "r": [[0.292671, -0.825038, -0.483379], [0.743048, 0.514403, -0.428099], [0.60185, -0.233882, 0.763594]], "s": 1.05666, "t": [7.64963, -21.1998, -6.18408], "timestamp": 17897391971}, {"currentFrameRate": 115.121, "devices": [], "gestures": [], "hands": [{"armBasis": [[0.0239916, -0.860452, -0.508966], [0.980552, 0.119452, -0.155723], [0.194789, -0.495331, 0.846584]], "armWidth": 48.8134, "confidence": 1, "direction": [-0.235024, 0.40104, -0.885398], "elbow": [-41.3759, -0.527339, 272.361], "grabAngle": 0.723878, "grabStrength": 0.00782674, "id": 140, "palmNormal": [0.970822, 0.0522132, -0.234049], "palmPosition": [-4.32683, 144.694, 25.2866], "palmVelocity": [62.2739, -305.56, -179.345], "palmWidth": 76.5927, "pinchDistance": 73.7904, "pinchStrength": 0, "r": [[0.24514, -0.841964, -0.480627], [0.754767, 0.476887, -0.450451], [0.608468, -0.252338, 0.752391]], "s": 1.05319, "sphereCenter": [16.7816, 156.87, -10.0572], "sphereRadius": 53.5064, "stabilizedPalmPosition": [-1.16152, 149.02, 29.7313], "t": [-7.413, -23.2691, -7.07373], "timeVisible": 5.19436, "type": "left", "wrist": [2.89539, 112.051, 79.9514]}], "id": 94299, "interactionBox": {"center": [0, 200, 0], "size": [235.247, 235.247, 147.751]}, "pointables": [{"bases": [[[0.933358, -0.336466, -0.125037], [0.304108, 0.556179, 0.773423], [-0.190688, -0.759905, 0.621436]], [[0.915718, 0.0531631, -0.398288], [0.315642, 0.518215, 0.794873], [0.248657, -0.853597, 0.457758]], [[0.915718, 0.0531631, -0.398288], [0.270464, 0.651506, 0.708795], [0.297169, -0.756779, 0.582217]], [[0.915718, 0.0531631, -0.398288], [0.212663, 0.776888, 0.592638], [0.340932, -0.627391, 0.700105]]], "btipPosition": [38.5284, 210.879, 24.7937], "carpPosition": [13.1663, 141.673, 73.8672], "dipPosition": [31.958, 198.788, 38.2861], "direction": [0.297169, 0.756779, -0.582217], "extended": true, "handId": 140, "id": 1400, "length": 42.9157, "mcpPosition": [13.1663, 141.673, 73.8672], "pipPosition": [23.6146, 177.54, 54.6326], "stabilizedTipPosition": [37.4022, 208.166, 28.0144], "timeVisible": 5.19436, "tipPosition": [34.9494, 208.193, 27.2487], "tipVelocity": [-294.452, -79.0697, -99.8442], "tool": false, "touchDistance": 0.388482, "touchZone": "hovering", "type": 0, "width": 14.8397}, {"bases": [[[0.0864185, -0.834252, -0.544569], [0.993263, 0.0297893, 0.111987], [-0.0772029, -0.550578, 0.831206]], [[0.0860431, -0.836913, -0.540531], [0.942082, -0.108179, 0.317458], [-0.324159, -0.536539, 0.779132]], [[0.0860431, -0.836913, -0.540531], [0.993616, 0.111816, -0.0149603], [0.0729605, -0.535793, 0.841191]], [[0.0860431, -0.836913, -0.540531], [0.885381, 0.313007, -0.343696], [0.456833, -0.449003, 0.767919]]], "btipPosition": [-13.6229, 208.276, -39.5682], "carpPosition": [-5.25323, 138.216, 67.0179], "dipPosition": [-20.0502, 201.959, -28.7641], "direction": [0.0729605, 0.535793, -0.841191], "extended": true, "handId": 140, "id": 1401, "length": 48.4256, "mcpPosition": [-10.0343, 172.313, 15.5423], "pipPosition": [-21.5023, 191.294, -12.0216], "stabilizedTipPosition": [-15.652, 209.117, -35.5057], "timeVisible": 5.19436, "tipPosition": [-16.142, 203.306, -39], "tipVelocity": [167.256, -430.056, -301.846], "tool": false, "touchDistance": 0.254819, "touchZone": "hovering", "type": 1, "width": 14.1749}, {"bases": [[[-0.0954082, -0.89374, -0.438322], [0.991638, -0.123775, 0.0365306], [-0.086902, -0.431171, 0.898076]], [[-0.0971, -0.902053, -0.420562], [0.964146, -0.190108, 0.185153], [-0.24697, -0.387505, 0.88817]], [[-0.0971, -0.902053, -0.420562], [0.983178, -0.0212549, -0.181409], [0.154701, -0.431102, 0.888942]], [[-0.0971, -0.902053, -0.420562], [0.833799, 0.157008, -0.529271], [0.543462, -0.402057, 0.736885]]], "btipPosition": [-10.4747, 186.997, -59.0313], "carpPosition": [-7.60088, 129.978, 61.1825], "dipPosition": [-18.8845, 180.775, -47.6284], "direction": [0.154701, 0.431102, -0.888942], "extended": true, "handId": 140, "id": 1402, "length": 55.1771, "mcpPosition": [-12.7045, 155.3, 8.43969], "pipPosition": [-22.507, 170.681, -26.8127], "stabilizedTipPosition": [-13.8911, 188.735, -54.7704], "timeVisible": 5.19436, "tipPosition": [-16.5083, 182.085, -57.6317], "tipVelocity": [280.552, -429.974, -255.231], "tool": false, "touchDistance": 0.279109, "touchZone": "hovering", "type": 2, "width": 13.9216}, {"bases": [[[-0.181637, -0.935558, -0.302883], [0.979012, -0.200994, 0.0337312], [-0.0924352, -0.290399, 0.952431]], [[-0.181671, -0.935665, -0.302535], [0.966303, -0.226914, 0.121527], [-0.182358, -0.270262, 0.945359]], [[-0.181671, -0.935665, -0.302535], [0.949778, -0.087243, -0.300517], [0.254789, -0.341936, 0.904523]], [[-0.181671, -0.935665, -0.302535], [0.764852, 0.0589169, -0.641506], [0.618059, -0.347938, 0.704942]]], "btipPosition": [-3.69266, 159.394, -60.4017], "carpPosition": [-7.43066, 120.985, 56.0794], "dipPosition": [-13.2018, 154.041, -49.5558], "direction": [0.254789, 0.341936, -0.904523], "extended": true, "handId": 140, "id": 1403, "length": 53.0542, "mcpPosition": [-12.3046, 136.297, 5.85917], "pipPosition": [-19.0139, 146.241, -28.9223], "stabilizedTipPosition": [-8.3001, 161.62, -56.6605], "timeVisible": 5.19436, "tipPosition": [-11.8283, 154.961, -59.2946], "tipVelocity": [348.812, -413.264, -194.989], "tool": false, "touchDistance": 0.298998, "touchZone": "hovering", "type": 3, "width": 13.2473}, {"bases": [[[-0.350362, -0.916724, -0.191996], [0.926804, -0.368922, 0.0702228], [-0.135206, -0.153339, 0.97888]], [[-0.368419, -0.929435, -0.020455], [0.926103, -0.368844, 0.0792888], [-0.0812385, 0.0102681, 0.996642]], [[-0.368419, -0.929435, -0.020455], [0.855998, -0.330562, -0.397488], [0.362677, -0.163952, 0.917379]], [[-0.368419, -0.929435, -0.020455], [0.630206, -0.233511, -0.740481], [0.683453, -0.285698, 0.671765]]], "btipPosition": [5.24086, 125.256, -48.7755], "carpPosition": [-1.3363, 111.375, 52.3331], "dipPosition": [-4.45994, 121.201, -39.2406], "direction": [0.362677, 0.163952, -0.917379], "extended": true, "handId": 140, "id": 1404, "length": 41.5935, "mcpPosition": [-7.93576, 118.86, 4.55371], "pipPosition": [-10.3012, 118.561, -24.4654], "stabilizedTipPosition": [0.943396, 126.46, -46.2457], "timeVisible": 5.19436, "tipPosition": [-3.94806, 123.665, -47.9154], "tipVelocity": [384.99, -380.636, -126.345], "tool": false, "touchDistance": -0.345454, "touchZone": "touching", "type": 4, "width": 11.7673}], "r": [[0.24514, -0.841964, -0.480627], [0.754767, 0.476887, -0.450451], [0.608468, -0.252338, 0.752391]], "s": 1.05319, "t": [7.413, -23.2691, -7.07373], "timestamp": 17897400563}, {"currentFrameRate": 115.043, "devices": [], "gestures": [], "hands": [{"armBasis": [[-0.0316299, -0.871528, -0.489324], [0.978886, 0.0719033, -0.191341], [0.201943, -0.485045, 0.850853]], "armWidth": 48.8134, "confidence": 1, "direction": [-0.213534, 0.389406, -0.895972], "elbow": [-43.0282, 0.0155946, 273.002], "grabAngle": 0.726089, "grabStrength": 0.00246464, "id": 140, "palmNormal": [0.976873, 0.0954826, -0.191317], "palmPosition": [-3.46365, 142.321, 24.5122], "palmVelocity": [97.8108, -268.898, -87.7506], "palmWidth": 76.5927, "pinchDistance": 73.4481, "pinchStrength": 0, "r": [[0.194791, -0.85591, -0.479035], [0.762425, 0.43938, -0.47503], [0.617061, -0.272696, 0.738154]], "s": 1.05136, "sphereCenter": [16.8206, 156.141, -9.64139], "sphereRadius": 52.9986, "stabilizedPalmPosition": [-1.63909, 147.631, 28.6487], "t": [-6.8631, -25.4903, -7.90575], "timeVisible": 5.20319, "type": "left", "wrist": [2.86912, 110.256, 79.6217]}], "id": 94300, "interactionBox": {"center": [0, 200, 0], "size": [235.247, 235.247, 147.751]}, "pointables": [{"bases": [[[0.910963, -0.378054, -0.164991], [0.362429, 0.542602, 0.757778], [-0.196957, -0.750105, 0.631308]], [[0.901549, 0.00206595, -0.432671], [0.377294, 0.485745, 0.78848], [0.211797, -0.874098, 0.437143]], [[0.901549, 0.00206595, -0.432671], [0.335609, 0.627807, 0.7023], [0.273085, -0.778366, 0.565306]], [[0.901549, 0.00206595, -0.432671], [0.266078, 0.785904, 0.558174], [0.341191, -0.618345, 0.707981]]], "btipPosition": [35.1342, 210.624, 25.9383], "carpPosition": [11.992, 140.125, 73.8226], "dipPosition": [28.5588, 198.707, 39.5825], "direction": [0.273085, 0.778366, -0.565306], "extended": true, "handId": 140, "id": 1400, "length": 42.9157, "mcpPosition": [11.992, 140.125, 73.8226], "pipPosition": [20.8916, 176.854, 55.4542], "stabilizedTipPosition": [34.138, 207.922, 28.9314], "timeVisible": 5.20319, "tipPosition": [32.8734, 207.548, 28.1073], "tipVelocity": [-384.747, -24.2874, 133.653], "tool": false, "touchDistance": 0.400659, "touchZone": "hovering", "type": 0, "width": 14.8397}, {"bases": [[[0.0249598, -0.837716, -0.545535], [0.997567, -0.0146645, 0.0681603], [-0.065099, -0.545909, 0.835312]], [[0.0249362, -0.837914, -0.545232], [0.949414, -0.150933, 0.275376], [-0.313035, -0.524518, 0.791764]], [[0.0249362, -0.837914, -0.545232], [0.996248, 0.0660397, -0.0559265], [0.0828686, -0.541792, 0.836417]], [[0.0249362, -0.837914, -0.545232], [0.872261, 0.284697, -0.39763], [0.488405, -0.465669, 0.737979]]], "btipPosition": [-12.5202, 205.54, -40.5908], "carpPosition": [-5.9351, 135.841, 66.1802], "dipPosition": [-19.3917, 198.988, -30.208], "direction": [0.0828686, 0.541792, -0.836417], "extended": true, "handId": 140, "id": 1401, "length": 48.4256, "mcpPosition": [-9.9666, 169.649, 14.4504], "pipPosition": [-21.0411, 188.205, -13.5605], "stabilizedTipPosition": [-14.6809, 205.935, -37.1939], "timeVisible": 5.20319, "tipPosition": [-15.0277, 200.375, -40.3452], "tipVelocity": [113.371, -316.098, -126.855], "tool": false, "touchDistance": 0.256658, "touchZone": "hovering", "type": 1, "width": 14.1749}, {"bases": [[[-0.154494, -0.888912, -0.431238], [0.985754, -0.168061, -0.00672754], [-0.0664942, -0.426134, 0.902213]], [[-0.155582, -0.895902, -0.416117], [0.960301, -0.235917, 0.148883], [-0.231553, -0.376434, 0.89704]], [[-0.155582, -0.895902, -0.416117], [0.974206, -0.0694563, -0.214707], [0.163454, -0.438788, 0.883599]], [[-0.155582, -0.895902, -0.416117], [0.81303, 0.123117, -0.569055], [0.561049, -0.42685, 0.709241]]], "btipPosition": [-8.23906, 184.349, -59.9859], "carpPosition": [-7.65275, 127.501, 60.2701], "dipPosition": [-16.921, 177.744, -49.0108], "direction": [0.163454, 0.438788, -0.883599], "extended": true, "handId": 140, "id": 1402, "length": 55.1771, "mcpPosition": [-11.5579, 152.528, 7.28429], "pipPosition": [-20.7485, 167.469, -28.3202], "stabilizedTipPosition": [-11.7459, 185.269, -56.3498], "timeVisible": 5.20319, "tipPosition": [-13.5354, 179.184, -58.916], "tipVelocity": [246.243, -310.077, -119.321], "tool": false, "touchDistance": 0.28148, "touchZone": "hovering", "type": 2, "width": 13.9216}, {"bases": [[[-0.236463, -0.926717, -0.292028], [0.969575, -0.244639, -0.00875637], [-0.0633267, -0.285213, 0.95637]], [[-0.236474, -0.926766, -0.291864], [0.957899, -0.2727, 0.0898059], [-0.16282, -0.258339, 0.952234]], [[-0.236474, -0.926766, -0.291864], [0.934665, -0.134895, -0.328945], [0.265484, -0.350582, 0.898115]], [[-0.236474, -0.926766, -0.291864], [0.739642, 0.0230945, -0.672604], [0.630087, -0.374928, 0.680014]]], "btipPosition": [-0.435236, 156.83, -61.2079], "carpPosition": [-6.85595, 118.521, 55.2043], "dipPosition": [-10.1295, 151.062, -50.7455], "direction": [0.265484, 0.350582, -0.898115], "extended": true, "handId": 140, "id": 1403, "length": 53.0543, "mcpPosition": [-10.1951, 133.56, 4.77629], "pipPosition": [-16.1855, 143.065, -30.2582], "stabilizedTipPosition": [-5.027, 158.068, -57.9041], "timeVisible": 5.20319, "tipPosition": [-7.45486, 152.329, -60.2735], "tipVelocity": [364.289, -301.319, -101.347], "tool": false, "touchDistance": 0.301905, "touchZone": "hovering", "type": 3, "width": 13.2473}, {"bases": [[[-0.399132, -0.900254, -0.173888], [0.911564, -0.41003, 0.0304569], [-0.098718, -0.146353, 0.984294]], [[-0.41017, -0.912007, -0.00177975], [0.910333, -0.409533, 0.0598049], [-0.0552714, 0.02291, 0.998208]], [[-0.41017, -0.912007, -0.00177975], [0.83195, -0.373363, -0.410438], [0.373658, -0.16983, 0.911887]], [[-0.41017, -0.912007, -0.00177975], [0.596444, -0.26677, -0.757026], [0.689939, -0.311571, 0.653382]]], "btipPosition": [9.20435, 122.825, -49.3133], "carpPosition": [-0.178815, 109.191, 51.7558], "dipPosition": [-0.588504, 118.403, -40.0393], "direction": [0.373658, 0.16983, -0.911887], "extended": true, "handId": 140, "id": 1404, "length": 41.5936, "mcpPosition": [-4.99727, 116.334, 3.71215], "pipPosition": [-6.6066, 115.667, -25.3526], "stabilizedTipPosition": [4.99, 123.327, -46.8751], "timeVisible": 5.20319, "tipPosition": [1.47878, 121.309, -48.4509], "tipVelocity": [446.722, -285.079, -67.7423], "tool": false, "touchDistance": -0.348209, "touchZone": "touching", "type": 4, "width": 11.7673}], "r": [[0.194791, -0.85591, -0.479035], [0.762425, 0.43938, -0.47503], [0.617061, -0.272696, 0.738154]], "s": 1.05136, "t": [6.8631, -25.4903, -7.90575], "timestamp": 17897409388}, {"currentFrameRate": 115.075, "devices": [], "gestures": [], "hands": [{"armBasis": [[-0.0858498, -0.875826, -0.47493], [0.973949, 0.0266484, -0.225197], [0.20989, -0.48189, 0.850722]], "armWidth": 48.8134, "confidence": 1, "direction": [-0.198144, 0.385128, -0.901341], "elbow": [-44.8678, -1.51497, 272.878], "grabAngle": 0.718606, "grabStrength": 0, "id": 140, "palmNormal": [0.977768, 0.142048, -0.15425], "palmPosition": [-2.94672, 139.946, 24.2964], "palmVelocity": [59.8637, -275.004, -24.9883], "palmWidth": 76.5928, "pinchDistance": 73.4288, "pinchStrength": 0, "r": [[0.142524, -0.866257, -0.478837], [0.766996, 0.402442, -0.499757], [0.625622, -0.296039, 0.721774]], "s": 1.05077, "sphereCenter": [12.6869, 155.859, -8.57313], "sphereRadius": 51.3886, "stabilizedPalmPosition": [-1.96071, 145.74, 27.5782], "t": [-6.32968, -27.7882, -8.42965], "timeVisible": 5.21182, "type": "left", "wrist": [2.83552, 108.008, 79.5273]}], "id": 94301, "interactionBox": {"center": [0, 200, 0], "size": [235.247, 235.247, 147.751]}, "pointables": [{"bases": [[[0.88559, -0.418833, -0.200771], [0.415174, 0.520036, 0.746454], [-0.208231, -0.744407, 0.634427]], [[0.885367, -0.0423041, -0.462965], [0.430649, 0.449762, 0.782468], [0.175122, -0.892146, 0.416422]], [[0.885367, -0.0423041, -0.462965], [0.391214, 0.605794, 0.692796], [0.251153, -0.794496, 0.552899]], [[0.885367, -0.0423041, -0.462965], [0.315495, 0.786099, 0.531517], [0.341451, -0.616651, 0.709333]]], "btipPosition": [31.748, 209.814, 27.4461], "carpPosition": [10.7576, 138.136, 74.1375], "dipPosition": [25.1676, 197.93, 41.1164], "direction": [0.251153, 0.794496, -0.552899], "extended": true, "handId": 140, "id": 1400, "length": 42.9158, "mcpPosition": [10.7576, 138.136, 74.1375], "pipPosition": [18.1161, 175.624, 56.6398], "stabilizedTipPosition": [30.9006, 207.225, 30.3072], "timeVisible": 5.21182, "tipPosition": [30.152, 206.777, 29.6134], "tipVelocity": [-392.278, -92.9114, 175.315], "tool": false, "touchDistance": 0.416634, "touchZone": "hovering", "type": 0, "width": 14.8397}, {"bases": [[[-0.034385, -0.834257, -0.550303], [0.997635, -0.0614461, 0.0308159], [-0.0595224, -0.547942, 0.834396]], [[-0.0342893, -0.833375, -0.551643], [0.947363, -0.202909, 0.24765], [-0.318319, -0.514115, 0.796467]], [[-0.0342893, -0.833375, -0.551643], [0.996626, 0.0126705, -0.0810903], [0.0745682, -0.552563, 0.830129]], [[-0.0342893, -0.833375, -0.551643], [0.861193, 0.25544, -0.439427], [0.50712, -0.490139, 0.708938]]], "btipPosition": [-12.9833, 203.092, -40.537], "carpPosition": [-6.65468, 133.077, 65.81], "dipPosition": [-20.1181, 196.196, -30.5627], "direction": [0.0745682, 0.552563, -0.830129], "extended": true, "handId": 140, "id": 1401, "length": 48.4256, "mcpPosition": [-10.3408, 167.01, 14.1369], "pipPosition": [-21.6022, 185.198, -14.0404], "stabilizedTipPosition": [-14.6439, 203.044, -37.8787], "timeVisible": 5.21182, "tipPosition": [-14.7913, 197.967, -40.5692], "tipVelocity": [-60.6391, -292.671, -4.64547], "tool": false, "touchDistance": 0.271369, "touchZone": "hovering", "type": 1, "width": 14.1748}, {"bases": [[[-0.211676, -0.877835, -0.42965], [0.97591, -0.213618, -0.0443515], [-0.0528475, -0.428688, 0.901906]], [[-0.212434, -0.884075, -0.416273], [0.949645, -0.287186, 0.125295], [-0.230318, -0.368694, 0.900566]], [[-0.212434, -0.884075, -0.416273], [0.965025, -0.122835, -0.231599], [0.153618, -0.450913, 0.879249]], [[-0.212434, -0.884075, -0.416273], [0.802528, 0.0852016, -0.590499], [0.557513, -0.459512, 0.691395]]], "btipPosition": [-7.78203, 182.186, -60.202], "carpPosition": [-7.76117, 124.706, 59.7979], "dipPosition": [-16.4092, 175.075, -49.503], "direction": [0.153618, 0.450913, -0.879249], "extended": true, "handId": 140, "id": 1402, "length": 55.1771, "mcpPosition": [-10.8648, 149.883, 6.83017], "pipPosition": [-20.0064, 164.516, -28.9143], "stabilizedTipPosition": [-10.5316, 182.375, -57.2033], "timeVisible": 5.21182, "tipPosition": [-11.4924, 177.139, -59.1495], "tipVelocity": [54.3842, -263.954, -32.3781], "tool": false, "touchDistance": 0.286289, "touchZone": "hovering", "type": 2, "width": 13.9216}, {"bases": [[[-0.290108, -0.912734, -0.28767], [0.956111, -0.289346, -0.0461614], [-0.0411031, -0.288436, 0.956616]], [[-0.290002, -0.911999, -0.290096], [0.94422, -0.322083, 0.0686445], [-0.156039, -0.254007, 0.954532]], [[-0.290002, -0.911999, -0.290096], [0.920983, -0.183545, -0.34366], [0.260172, -0.366836, 0.893164]], [[-0.290002, -0.911999, -0.290096], [0.725973, -0.0121258, -0.687617], [0.623588, -0.410012, 0.665603]]], "btipPosition": [1.26183, 155.038, -61.4549], "carpPosition": [-6.35906, 115.807, 54.7201], "dipPosition": [-8.3324, 148.729, -51.2143], "direction": [0.260172, 0.366836, -0.893164], "extended": true, "handId": 140, "id": 1403, "length": 53.0543, "mcpPosition": [-8.52636, 131.016, 4.27916], "pipPosition": [-14.2673, 140.361, -30.8399], "stabilizedTipPosition": [-2.54493, 155.343, -58.631], "timeVisible": 5.21182, "tipPosition": [-3.99605, 150.589, -60.4149], "tipVelocity": [199.197, -221.995, -34.5162], "tool": false, "touchDistance": 0.304081, "touchZone": "hovering", "type": 3, "width": 13.2473}, {"bases": [[[-0.446878, -0.879544, -0.163411], [0.891937, -0.452125, -0.00564522], [-0.0689169, -0.148275, 0.986542]], [[-0.452112, -0.891954, 0.00354025], [0.891089, -0.451491, 0.045998], [-0.0394297, 0.0239509, 0.998935]], [[-0.452112, -0.891954, 0.00354025], [0.808691, -0.411576, -0.420266], [0.376316, -0.187144, 0.907394]], [[-0.452112, -0.891954, 0.00354025], [0.569298, -0.291616, -0.768674], [0.686654, -0.345511, 0.639631]]], "btipPosition": [12.1646, 121.279, -49.4562], "carpPosition": [0.869371, 106.821, 51.4762], "dipPosition": [2.41835, 116.375, -40.3774], "direction": [0.376316, 0.187144, -0.907394], "extended": true, "handId": 140, "id": 1404, "length": 41.5936, "mcpPosition": [-2.49448, 114.058, 3.32287], "pipPosition": [-3.64255, 113.361, -25.763], "stabilizedTipPosition": [8.42382, 121.116, -47.2183], "timeVisible": 5.21182, "tipPosition": [5.98614, 119.716, -48.4496], "tipVelocity": [344.06, -191.876, -21.7511], "tool": false, "touchDistance": -0.344539, "touchZone": "touching", "type": 4, "width": 11.7673}], "r": [[0.142524, -0.866257, -0.478837], [0.766996, 0.402442, -0.499757], [0.625622, -0.296039, 0.721774]], "s": 1.05077, "t": [6.32968, -27.7882, -8.42965], "timestamp": 17897418023}, {"currentFrameRate": 115.124, "devices": [], "gestures": [], "hands": [{"armBasis": [[-0.148569, -0.874303, -0.462084], [0.964899, -0.025838, -0.261346], [0.216557, -0.484692, 0.847453]], "armWidth": 48.8134, "confidence": 1, "direction": [-0.186308, 0.377409, -0.907112], "elbow": [-46.4954, -3.86563, 272.871], "grabAngle": 0.718684, "grabStrength": 0, "id": 140, "palmNormal": [0.973359, 0.196495, -0.118162], "palmPosition": [-2.78226, 137.988, 24.876], "palmVelocity": [19.1168, -227.571, 67.3659], "palmWidth": 76.5928, "pinchDistance": 73.6145, "pinchStrength": 0, "r": [[0.0872801, -0.873585, -0.478782], [0.769248, 0.36448, -0.524798], [0.632962, -0.322497, 0.703815]], "s": 1.0508, "sphereCenter": [5.64391, 155.795, -6.83965], "sphereRadius": 49.721, "stabilizedPalmPosition": [-2.17956, 143.675, 26.8584], "t": [-5.98074, -29.916, -8.40182], "timeVisible": 5.22043, "type": "left", "wrist": [2.7232, 106.294, 80.2638]}], "id": 94302, "interactionBox": {"center": [0, 200, 0], "size": [235.247, 235.247, 147.751]}, "pointables": [{"bases": [[[0.853174, -0.466259, -0.233874], [0.470149, 0.493141, 0.731964], [-0.225952, -0.734448, 0.639946]], [[0.864834, -0.0919032, -0.493575], [0.484364, 0.411428, 0.772087], [0.132113, -0.906797, 0.400331]], [[0.864834, -0.0919032, -0.493575], [0.448517, 0.583184, 0.677296], [0.225599, -0.807125, 0.545577]], [[0.864834, -0.0919032, -0.493575], [0.364663, 0.790713, 0.491726], [0.345085, -0.605249, 0.717349]]], "btipPosition": [27.7187, 209.156, 29.2155], "carpPosition": [9.18291, 136.727, 75.1797], "dipPosition": [21.0682, 197.491, 43.0403], "direction": [0.225599, 0.807125, -0.545577], "extended": true, "handId": 140, "id": 1400, "length": 42.9158, "mcpPosition": [9.18291, 136.727, 75.1797], "pipPosition": [14.7342, 174.83, 58.3581], "stabilizedTipPosition": [27.1197, 206.621, 31.9828], "timeVisible": 5.22043, "tipPosition": [26.3468, 206.521, 31.5686], "tipVelocity": [-470.238, -70.6838, 209.804], "tool": false, "touchDistance": 0.435378, "touchZone": "hovering", "type": 0, "width": 14.8396}, {"bases": [[[-0.100469, -0.828745, -0.550534], [0.993163, -0.116591, -0.00573539], [-0.0594344, -0.547347, 0.834793]], [[-0.100166, -0.825953, -0.554769], [0.936838, -0.266088, 0.227008], [-0.335115, -0.49699, 0.800437]], [[-0.100166, -0.825953, -0.554769], [0.993235, -0.0500808, -0.104771], [0.0587525, -0.56151, 0.825382]], [[-0.100166, -0.825953, -0.554769], [0.846209, 0.222563, -0.484144], [0.523351, -0.517945, 0.676636]]], "btipPosition": [-14.6126, 200.691, -39.7518], "carpPosition": [-7.60882, 130.749, 66.2113], "dipPosition": [-21.9758, 193.404, -30.232], "direction": [0.0587525, 0.56151, -0.825382], "extended": true, "handId": 140, "id": 1401, "length": 48.4257, "mcpPosition": [-11.2895, 164.645, 14.5136], "pipPosition": [-23.1452, 182.228, -13.8041], "stabilizedTipPosition": [-15.7612, 200.336, -37.666], "timeVisible": 5.22043, "tipPosition": [-15.5015, 195.719, -40.1115], "tipVelocity": [-195.499, -289.585, 79.1194], "tool": false, "touchDistance": 0.294879, "touchZone": "hovering", "type": 1, "width": 14.1748}, {"bases": [[[-0.275403, -0.862974, -0.423591], [0.960334, -0.267011, -0.0803981], [-0.0437219, -0.428931, 0.902279]], [[-0.275926, -0.868245, -0.412328], [0.931406, -0.34747, 0.108384], [-0.237376, -0.354139, 0.904565]], [[-0.275926, -0.868245, -0.412328], [0.951528, -0.186106, -0.244867], [0.135868, -0.459907, 0.877511]], [[-0.275926, -0.868245, -0.412328], [0.7875, 0.0417491, -0.614899], [0.551097, -0.494375, 0.672224]]], "btipPosition": [-8.31125, 180.022, -59.6989], "carpPosition": [-8.03128, 122.356, 60.1443], "dipPosition": [-16.8392, 172.372, -49.2966], "direction": [0.135868, 0.459907, -0.877511], "extended": true, "handId": 140, "id": 1402, "length": 55.1772, "mcpPosition": [-10.599, 147.546, 7.1546], "pipPosition": [-20.0207, 161.602, -28.7486], "stabilizedTipPosition": [-10.366, 179.744, -57.2692], "timeVisible": 5.22043, "tipPosition": [-10.3332, 175.289, -58.6186], "tipVelocity": [-58.8613, -265.968, 50.5402], "tool": false, "touchDistance": 0.300209, "touchZone": "hovering", "type": 2, "width": 13.9216}, {"bases": [[[-0.350441, -0.894088, -0.278922], [0.93632, -0.341521, -0.0816527], [-0.0222532, -0.289775, 0.956836]], [[-0.35031, -0.89245, -0.284282], [0.923508, -0.379742, 0.0541241], [-0.156257, -0.243576, 0.957212]], [[-0.35031, -0.89245, -0.284282], [0.902786, -0.240867, -0.356315], [0.249519, -0.381467, 0.890069]], [[-0.35031, -0.89245, -0.284282], [0.706094, -0.0522104, -0.70619], [0.615397, -0.448116, 0.648444]]], "btipPosition": [2.28247, 153.406, -60.8494], "carpPosition": [-5.95527, 113.569, 55.1013], "dipPosition": [-7.18574, 146.512, -50.8728], "direction": [0.249519, 0.381467, -0.890069], "extended": true, "handId": 140, "id": 1403, "length": 53.0543, "mcpPosition": [-7.12865, 128.848, 4.64869], "pipPosition": [-12.8776, 137.81, -30.5689], "stabilizedTipPosition": [-0.882697, 153.133, -58.5832], "timeVisible": 5.22043, "tipPosition": [-1.219, 149.165, -59.687], "tipVelocity": [122.007, -205.291, 63.3273], "tool": false, "touchDistance": 0.315789, "touchZone": "hovering", "type": 3, "width": 13.2473}, {"bases": [[[-0.500519, -0.852815, -0.148953], [0.864747, -0.500677, -0.0391841], [-0.0411606, -0.148419, 0.988068]], [[-0.500727, -0.865556, 0.00924301], [0.865156, -0.500095, 0.0375607], [-0.0278885, 0.0268043, 0.999252]], [[-0.500727, -0.865556, 0.00924301], [0.778298, -0.45487, -0.432833], [0.378846, -0.209538, 0.901427]], [[-0.500727, -0.865556, 0.00924301], [0.531363, -0.315789, -0.786086], [0.68332, -0.388703, 0.618048]]], "btipPosition": [14.852, 120.365, -48.5105], "carpPosition": [1.87253, 105.009, 52.1033], "dipPosition": [5.15309, 114.848, -39.738], "direction": [0.378846, 0.209538, -0.901427], "extended": true, "handId": 140, "id": 1404, "length": 41.5936, "mcpPosition": [-0.136536, 112.254, 3.87541], "pipPosition": [-0.948563, 111.473, -25.2197], "stabilizedTipPosition": [11.3758, 119.696, -46.7081], "timeVisible": 5.22043, "tipPosition": [10.0862, 118.627, -47.4658], "tipVelocity": [313.647, -122.583, 101.744], "tool": false, "touchDistance": -0.325289, "touchZone": "touching", "type": 4, "width": 11.7672}], "r": [[0.0872801, -0.873585, -0.478782], [0.769248, 0.36448, -0.524798], [0.632962, -0.322497, 0.703815]], "s": 1.0508, "t": [5.98074, -29.916, -8.40182], "timestamp": 17897426626}, {"currentFrameRate": 115.068, "devices": [], "gestures": [], "hands": [{"armBasis": [[-0.192006, -0.870712, -0.452763], [0.956399, -0.0625551, -0.285285], [0.220079, -0.487799, 0.844759]], "armWidth": 48.8134, "confidence": 1, "direction": [-0.179113, 0.368012, -0.912406], "elbow": [-47.375, -5.30331, 272.991], "grabAngle": 0.718069, "grabStrength": 0, "id": 140, "palmNormal": [0.967673, 0.233277, -0.0958721], "palmPosition": [-2.73702, 136.874, 25.383], "palmVelocity": [5.14874, -126.762, 57.704], "palmWidth": 76.5928, "pinchDistance": 73.82, "pinchStrength": 0, "r": [[0.0339406, -0.878135, -0.477207], [0.769175, 0.327825, -0.548544], [0.638136, -0.348438, 0.686567]], "s": 1.05127, "sphereCenter": [-1.37156, 155.515, -5.75062], "sphereRadius": 49.005, "stabilizedPalmPosition": [-2.32638, 141.884, 26.4698], "t": [-5.78365, -31.5369, -8.13439], "timeVisible": 5.22921, "type": "left", "wrist": [2.64412, 105.563, 80.9955]}], "id": 94303, "interactionBox": {"center": [0, 200, 0], "size": [235.247, 235.247, 147.751]}, "pointables": [{"bases": [[[0.829013, -0.499029, -0.252403], [0.505755, 0.476435, 0.719181], [-0.238639, -0.723865, 0.647357]], [[0.849344, -0.128996, -0.511835], [0.518761, 0.383073, 0.764292], [0.0974797, -0.914667, 0.392278]], [[0.849344, -0.128996, -0.511835], [0.486194, 0.568708, 0.663466], [0.205501, -0.812362, 0.545746]], [[0.849344, -0.128996, -0.511835], [0.393748, 0.800633, 0.451609], [0.351536, -0.585105, 0.730804]]], "btipPosition": [24.7178, 208.701, 30.0678], "carpPosition": [8.07732, 136.183, 75.9576], "dipPosition": [17.9431, 197.424, 44.1518], "direction": [0.205501, 0.812362, -0.545746], "extended": true, "handId": 140, "id": 1400, "length": 42.9158, "mcpPosition": [8.07732, 136.183, 75.9576], "pipPosition": [12.1733, 174.616, 59.4744], "stabilizedTipPosition": [23.9227, 206.206, 33.0519], "timeVisible": 5.22921, "tipPosition": [23.5792, 206.474, 32.5658], "tipVelocity": [-344.762, -41.6456, 103.779], "tool": false, "touchDistance": 0.438852, "touchZone": "hovering", "type": 0, "width": 14.8396}, {"bases": [[[-0.144967, -0.825515, -0.545444], [0.987582, -0.154462, -0.0287037], [-0.0605549, -0.542832, 0.837655]], [[-0.144533, -0.821639, -0.55138], [0.924715, -0.31047, 0.220252], [-0.352154, -0.478035, 0.804655]], [[-0.144533, -0.821639, -0.55138], [0.988772, -0.0985532, -0.112328], [0.0379526, -0.561424, 0.826658]], [[-0.144533, -0.821639, -0.55138], [0.83469, 0.198025, -0.513885], [0.531415, -0.534505, 0.657193]]], "btipPosition": [-16.2344, 198.77, -39.4256], "carpPosition": [-8.25787, 129.547, 66.6159], "dipPosition": [-23.7111, 191.25, -30.1794], "direction": [0.0379526, 0.561424, -0.826658], "extended": true, "handId": 140, "id": 1401, "length": 48.4257, "mcpPosition": [-12.008, 163.164, 14.7409], "pipPosition": [-24.4664, 180.076, -13.7261], "stabilizedTipPosition": [-17.3148, 198.001, -37.406], "timeVisible": 5.22921, "tipPosition": [-16.2161, 194.109, -39.9083], "tipVelocity": [-187.536, -224.668, 29.9581], "tool": false, "touchDistance": 0.305777, "touchZone": "hovering", "type": 1, "width": 14.1748}, {"bases": [[[-0.318036, -0.852755, -0.414321], [0.947287, -0.303681, -0.102107], [-0.0387493, -0.424954, 0.904385]], [[-0.318435, -0.857284, -0.404553], [0.91492, -0.389613, 0.105465], [-0.248033, -0.33655, 0.908413]], [[-0.318435, -0.857284, -0.404553], [0.940847, -0.233695, -0.245345], [0.115788, -0.458749, 0.88099]], [[-0.318435, -0.857284, -0.404553], [0.778234, 0.00724992, -0.627933], [0.54125, -0.514792, 0.664859]]], "btipPosition": [-9.25015, 178.154, -59.5205], "carpPosition": [-8.21663, 121.13, 60.5667], "dipPosition": [-17.6257, 170.188, -49.2321], "direction": [0.115788, 0.458749, -0.88099], "extended": true, "handId": 140, "id": 1402, "length": 55.1772, "mcpPosition": [-10.4923, 146.087, 7.45328], "pipPosition": [-20.337, 159.446, -28.6027], "stabilizedTipPosition": [-10.9171, 177.417, -57.191], "timeVisible": 5.22921, "tipPosition": [-9.85564, 173.899, -58.2772], "tipVelocity": [-102.862, -220.85, 17.324], "tool": false, "touchDistance": 0.30712, "touchZone": "hovering", "type": 2, "width": 13.9216}, {"bases": [[[-0.390771, -0.880661, -0.267833], [0.920426, -0.377223, -0.102565], [-0.0107074, -0.2866, 0.957991]], [[-0.390668, -0.878243, -0.275802], [0.905933, -0.419958, 0.0540474], [-0.163292, -0.228744, 0.959694]], [[-0.390668, -0.878243, -0.275802], [0.889713, -0.283366, -0.357931], [0.236197, -0.385217, 0.892087]], [[-0.390668, -0.878243, -0.275802], [0.692, -0.0826072, -0.717156], [0.607054, -0.471025, 0.640016]]], "btipPosition": [2.46685, 151.981, -60.4181], "carpPosition": [-5.68859, 112.419, 55.6012], "dipPosition": [-6.873, 144.734, -50.5711], "direction": [0.236197, 0.385217, -0.892087], "extended": true, "handId": 140, "id": 1403, "length": 53.0543, "mcpPosition": [-6.25317, 127.531, 5.0877], "pipPosition": [-12.261, 135.946, -30.2213], "stabilizedTipPosition": [-0.096355, 151.288, -58.3018], "timeVisible": 5.22921, "tipPosition": [0.387574, 148.108, -59.074], "tipVelocity": [24.3429, -171.461, 45.6921], "tool": false, "touchDistance": 0.323208, "touchZone": "hovering", "type": 3, "width": 13.2472}, {"bases": [[[-0.536057, -0.833398, -0.134503], [0.843855, -0.533434, -0.0579327], [-0.0234674, -0.144556, 0.989218]], [[-0.533518, -0.84565, 0.0153123], [0.845364, -0.532588, 0.0413529], [-0.0268149, 0.035007, 0.999027]], [[-0.533518, -0.84565, 0.0153123], [0.757073, -0.48555, -0.437129], [0.377093, -0.221624, 0.899268]], [[-0.533518, -0.84565, 0.0153123], [0.505326, -0.333222, -0.795996], [0.678236, -0.41694, 0.605109]]], "btipPosition": [16.3025, 119.682, -47.6305], "carpPosition": [2.52854, 104.158, 52.8145], "dipPosition": [6.67576, 113.764, -39.0416], "direction": [0.377093, 0.221624, -0.899268], "extended": true, "handId": 140, "id": 1404, "length": 41.5936, "mcpPosition": [1.38309, 111.214, 4.53047], "pipPosition": [0.602325, 110.194, -24.5581], "stabilizedTipPosition": [13.2467, 118.747, -45.9818], "timeVisible": 5.22921, "tipPosition": [12.6568, 117.887, -46.5198], "tipVelocity": [166.963, -88.2982, 95.3403], "tool": false, "touchDistance": -0.308527, "touchZone": "touching", "type": 4, "width": 11.7672}], "r": [[0.0339406, -0.878135, -0.477207], [0.769175, 0.327825, -0.548544], [0.638136, -0.348438, 0.686567]], "s": 1.05127, "t": [5.78365, -31.5369, -8.13439], "timestamp": 17897435413}, {"currentFrameRate": 115.087, "devices": [], "gestures": [], "hands": [{"armBasis": [[-0.212068, -0.870144, -0.444832], [0.952472, -0.082177, -0.293331], [0.218686, -0.485897, 0.846216]], "armWidth": 48.8134, "confidence": 1, "direction": [-0.182535, 0.357834, -0.915771], "elbow": [-46.9046, -4.73683, 272.896], "grabAngle": 0.712009, "grabStrength": 0, "id": 140, "palmNormal": [0.963078, 0.252544, -0.0932837], "palmPosition": [-2.93061, 136.501, 24.714], "palmVelocity": [-22.3619, -43.1622, -77.2808], "palmWidth": 76.5928, "pinchDistance": 73.8368, "pinchStrength": 0, "r": [[-0.0128491, -0.880703, -0.473495], [0.768129, 0.294472, -0.568563], [0.640166, -0.371011, 0.67271]], "s": 1.05149, "sphereCenter": [-6.50453, 155.136, -6.26931], "sphereRadius": 48.9737, "stabilizedPalmPosition": [-2.44734, 140.807, 26.1183], "t": [-5.7819, -32.5342, -8.33518], "timeVisible": 5.23787, "type": "left", "wrist": [2.79783, 105.697, 80.5693]}], "id": 94304, "interactionBox": {"center": [0, 200, 0], "size": [235.247, 235.247, 147.751]}, "pointables": [{"bases": [[[0.817391, -0.517806, -0.252486], [0.518727, 0.470908, 0.71356], [-0.250588, -0.714229, 0.653516]], [[0.844752, -0.153849, -0.512567], [0.530377, 0.368425, 0.76352], [0.071376, -0.916839, 0.392826]], [[0.844752, -0.153849, -0.512567], [0.500649, 0.565562, 0.655355], [0.189063, -0.810229, 0.554784]], [[0.844752, -0.153849, -0.512567], [0.400634, 0.816809, 0.415109], [0.354805, -0.556016, 0.751638]]], "btipPosition": [22.8118, 208.375, 28.7711], "carpPosition": [7.66664, 136.387, 75.3391], "dipPosition": [15.974, 197.66, 43.2566], "direction": [0.189063, 0.810229, -0.554784], "extended": true, "handId": 140, "id": 1400, "length": 42.9158, "mcp