{"frames":74,"data":[{"currentFrameRate":108.968,"devices":[],"gestures":[],"hands":[{"armBasis":[[0.945665,0.177896,-0.272161],[0.204044,0.327012,0.922729],[0.253149,-0.928125,0.272945]],"armWidth":59.4655,"confidence":1,"direction":[-0.212887,-0.0828887,-0.973554],"elbow":[117.173,-162.3,156.179],"grabAngle":0.561737,"grabStrength":0,"id":166,"palmNormal":[0.00895439,-0.996519,0.0828859],"palmPosition":[31.5409,69.4845,26.9048],"palmVelocity":[3.49137,-2.61352,-2.18608],"palmWidth":83.2033,"pinchDistance":44.0073,"pinchStrength":0,"r":[[0.974202,0.0727402,0.213636],[0.0435147,0.868324,-0.494085],[-0.221445,0.490635,0.842757]],"s":1.07081,"sphereCenter":[5.9419,-62.0539,31.3254],"sphereRadius":137.7,"stabilizedPalmPosition":[31.6384,69.6694,26.9678],"t":[-6.33715,-77.4007,70.5511],"timeVisible":3.64232,"type":"right","wrist":[54.6681,66.8619,88.7869]}],"id":111933,"interactionBox":{"center":[0,200,0],"size":[235.247,235.247,147.751]},"pointables":[{"bases":[[[0.343606,0.871547,-0.349773],[-0.707235,0.485191,0.514208],[0.617863,0.0706868,0.783102]],[[0.364387,0.873444,-0.322982],[-0.530344,0.479726,0.698998],[0.765479,-0.0834141,0.638032]],[[0.364387,0.873444,-0.322982],[-0.91402,0.40185,0.0555343],[0.178296,0.274976,0.944774]],[[0.364387,0.873444,-0.322982],[-0.895948,0.234229,-0.377377],[-0.253966,0.426887,0.867911]]],"btipPosition":[-10.9506,54.7282,6.85834],"carpPosition":[24.1124,68.1024,82.5841],"dipPosition":[-16.2239,63.5921,24.8796],"direction":[-0.178296,-0.274976,-0.944774],"extended":true,"handId":166,"id":1660,"length":46.2383,"mcpPosition":[24.1124,68.1024,82.5841],"pipPosition":[-10.8305,71.9101,53.4591],"stabilizedTipPosition":[-12.3046,57.2729,11.0249],"timeVisible":3.64232,"tipPosition":[-9.96822,55.8723,9.72897],"tipVelocity":[33.5326,-69.2722,-7.64374],"tool":false,"touchDistance":0.346077,"touchZone":"hovering","type":0,"width":19.0647},{"bases":[[[0.927421,-0.0227182,-0.373328],[-0.0643215,0.973595,-0.219034],[0.368446,0.22715,0.901471]],[[0.996782,0.0732027,0.0326673],[-0.057427,0.93643,-0.346124],[-0.0559278,0.343134,0.93762]],[[0.996782,0.0732027,0.0326673],[-0.057427,0.93643,-0.346124],[-0.0559278,0.343134,0.93762]],[[0.996782,0.0732027,0.0326673],[-0.0345359,0.759928,-0.649089],[-0.0723398,0.645872,0.76001]]],"btipPosition":[8.71481,39.5343,-58.0096],"carpPosition":[29.0739,85.0434,70.0019],"dipPosition":[7.61824,49.3248,-46.489],"direction":[0.0559278,-0.343134,-0.93762],"extended":true,"handId":166,"id":1661,"length":52.1748,"mcpPosition":[4.28712,69.7622,9.35666],"pipPosition":[6.41891,56.683,-26.3824],"stabilizedTipPosition":[8.41349,41.7794,-55.2939],"timeVisible":3.64232,"tipPosition":[5.91715,44.086,-57.3601],"tipVelocity":[21.5091,3.31598,-10.197],"tool":false,"touchDistance":0.35801,"touchZone":"hovering","type":1,"width":18.2106},{"bases":[[[0.965959,-0.15746,-0.205257],[0.101501,0.960489,-0.259151],[0.237953,0.229496,0.943774]],[[0.993671,-0.110482,-0.02029],[0.0945268,0.920015,-0.380312],[0.0606846,0.375987,0.924636]],[[0.993671,-0.110482,-0.02029],[0.0866819,0.869061,-0.487051],[0.0714435,0.482209,0.873138]],[[0.993671,-0.110482,-0.02029],[0.0357414,0.48221,-0.875326],[0.106492,0.869061,0.483107]]],"btipPosition":[17.7526,28.8085,-64.8177],"carpPosition":[39.1064,86.1836,65.0168],"dipPosition":[19.528,43.2979,-56.7631],"direction":[-0.0714436,-0.482209,-0.873138],"extended":true,"handId":166,"id":1662,"length":59.4489,"mcpPosition":[23.9256,71.5423,4.80649],"pipPosition":[21.3305,55.4637,-34.7346],"stabilizedTipPosition":[18.1635,32.3028,-62.9691],"timeVisible":3.64232,"tipPosition":[16.9921,38.321,-67.7757],"tipVelocity":[16.1164,-23.2898,-3.90609],"tool":false,"touchDistance":0.333306,"touchZone":"hovering","type":2,"width":17.8852},{"bases":[[[0.980028,-0.193926,-0.0440118],[0.177789,0.953611,-0.242936],[0.0890817,0.23026,0.969043]],[[0.962989,-0.219419,-0.156551],[0.156568,0.928124,-0.337746],[0.219406,0.300735,0.928127]],[[0.962989,-0.219419,-0.156551],[0.123054,0.874626,-0.468921],[0.239814,0.432302,0.869255]],[[0.962989,-0.219419,-0.156551],[0.034025,0.675113,-0.736929],[0.267386,0.704328,0.657592]]],"btipPosition":[25.6844,37.6313,-62.7612],"carpPosition":[49.8107,85.042,61.8011],"dipPosition":[30.1168,49.3068,-51.8605],"direction":[-0.239814,-0.432302,-0.869255],"extended":true,"handId":166,"id":1663,"length":57.1617,"mcpPosition":[44.7082,71.8529,6.29485],"pipPosition":[36.0108,59.9317,-30.4964],"stabilizedTipPosition":[26.7164,40.4938,-60.314],"timeVisible":3.64232,"tipPosition":[28.2478,44.1914,-63.3444],"tipVelocity":[7.29714,-40.4279,14.8461],"tool":false,"touchDistance":0.376074,"touchZone":"hovering","type":3,"width":17.0189},{"bases":[[[0.940814,-0.320853,0.109189],[0.335221,0.928411,-0.160251],[-0.0499557,0.187369,0.981019]],[[0.915479,-0.361166,-0.177362],[0.329371,0.925852,-0.185237],[0.231112,0.111163,0.966556]],[[0.915479,-0.361166,-0.177362],[0.284595,0.892823,-0.349102],[0.284436,0.269119,0.920147]],[[0.915479,-0.361166,-0.177362],[0.234339,0.836908,-0.494641],[0.327083,0.411271,0.850807]]],"btipPosition":[46.4063,53.9298,-49.1796],"carpPosition":[60.9455,78.3113,62.1371],"dipPosition":[51.4083,60.2192,-36.1685],"direction":[-0.284436,-0.269119,-0.920147],"extended":true,"handId":166,"id":1664,"length":44.8137,"mcpPosition":[63.5943,68.3765,10.1206],"pipPosition":[56.3441,64.8892,-20.2013],"stabilizedTipPosition":[47.6258,55.5579,-46.2562],"timeVisible":3.64232,"tipPosition":[49.0651,56.862,-47.1907],"tipVelocity":[-12.1343,-47.3773,22.0525],"tool":false,"touchDistance":0.353738,"touchZone":"hovering","type":4,"width":15.1176}],"r":[[0.974202,0.0727402,0.213636],[0.0435147,0.868324,-0.494085],[-0.221445,0.490635,0.842757]],"s":1.07081,"t":[-6.33715,-77.4007,70.5511],"timestamp":18053150741},{"currentFrameRate":109.28,"devices":[],"gestures":[],"hands":[{"armBasis":[[0.946846,0.178859,-0.26738],[0.201081,0.319713,0.925932],[0.251097,-0.93048,0.266754]],"armWidth":59.4622,"confidence":1,"direction":[-0.2098,-0.0847771,-0.974062],"elbow":[116.528,-162.775,154.687],"grabAngle":0.561141,"grabStrength":0,"id":166,"palmNormal":[0.0112438,-0.996377,0.0842976],"palmPosition":[31.608,69.5143,26.9226],"palmVelocity":[7.80978,3.47302,2.07384],"palmWidth":83.1995,"pinchDistance":41.6272,"pinchStrength":0,"r":[[0.9741,0.0730483,0.213991],[0.0437389,0.867633,-0.495278],[-0.221845,0.49181,0.841966]],"s":1.06656,"sphereCenter":[6.57014,-63.2382,31.8694],"sphereRadius":138.717,"stabilizedPalmPosition":[31.6255,69.6033,26.9485],"t":[-6.3161,-77.4375,70.5387],"timeVisible":3.65091,"type":"right","wrist":[54.5337,66.9552,88.8266]}],"id":111934,"interactionBox":{"center":[0,200,0],"size":[235.247,235.247,147.751]},"pointables":[{"bases":[[[0.34242,0.871934,-0.34997],[-0.709981,0.484098,0.511444],[0.615366,0.0733433,0.784822]],[[0.360867,0.873753,-0.326084],[-0.536833,0.480521,0.693476],[0.762617,-0.0751995,0.642464]],[[0.360867,0.873753,-0.326084],[-0.916843,0.396407,0.0475447],[0.170804,0.281811,0.944144]],[[0.360867,0.873753,-0.326084],[-0.894839,0.225887,-0.385018],[-0.262753,0.430733,0.863383]]],"btipPosition":[-10.5022,54.1548,6.76614],"carpPosition":[24.0191,68.1904,82.5785],"dipPosition":[-15.9579,63.0983,24.693],"direction":[-0.170804,-0.281811,-0.944144],"extended":true,"handId":166,"id":1660,"length":46.2373,"mcpPosition":[24.0191,68.1904,82.5785],"pipPosition":[-10.7912,71.6229,53.2528],"stabilizedTipPosition":[-11.9635,56.612,10.9404],"timeVisible":3.65091,"tipPosition":[-9.88052,55.7874,9.68512],"tipVelocity":[47.3037,-64.6024,-13.2586],"tool":false,"touchDistance":0.343094,"touchZone":"hovering","type":0,"width":19.0636},{"bases":[[[0.928574,-0.0208722,-0.370559],[-0.0661502,0.973124,-0.220576],[0.365204,0.229334,0.902237]],[[0.996484,0.0758189,0.0356502],[-0.0588157,0.936087,-0.346817],[-0.059667,0.343501,0.937255]],[[0.996484,0.0758189,0.0356502],[-0.0588157,0.936087,-0.346817],[-0.059667,0.343501,0.937255]],[[0.996484,0.0758189,0.0356502],[-0.0343705,0.757997,-0.651351],[-0.0764075,0.647836,0.757938]]],"btipPosition":[9.11904,39.4194,-58.0168],"carpPosition":[28.9746,85.1257,69.9888],"dipPosition":[7.96084,49.2395,-46.5279],"direction":[0.059667,-0.343501,-0.937255],"extended":true,"handId":166,"id":1661,"length":52.1736,"mcpPosition":[4.40709,69.6983,9.2948],"pipPosition":[6.68135,56.6054,-26.4295],"stabilizedTipPosition":[8.68309,41.7172,-55.3433],"timeVisible":3.65091,"tipPosition":[6.30396,43.9288,-57.3773],"tipVelocity":[45.3975,-12.5744,-1.68802],"tool":false,"touchDistance":0.355325,"touchZone":"hovering","type":1,"width":18.2096},{"bases":[[[0.966958,-0.155282,-0.202188],[0.0998227,0.960385,-0.260186],[0.234581,0.231406,0.944152]],[[0.993968,-0.108187,-0.0179906],[0.0931563,0.919411,-0.382105],[0.0578797,0.378124,0.923944]],[[0.993968,-0.108187,-0.0179906],[0.0854926,0.867074,-0.490789],[0.0686963,0.48629,0.871093]],[[0.993968,-0.108187,-0.0179906],[0.037493,0.489351,-0.87128],[0.103065,0.86535,0.490456]]],"btipPosition":[18.1267,28.6567,-64.8636],"carpPosition":[39.0182,86.2845,65.0321],"dipPosition":[19.845,43.0839,-56.6867],"direction":[-0.0686963,-0.48629,-0.871093],"extended":true,"handId":166,"id":1662,"length":59.4476,"mcpPosition":[24.0532,71.5221,4.80036],"pipPosition":[21.5781,55.3523,-34.7103],"stabilizedTipPosition":[18.4128,32.0748,-62.9787],"timeVisible":3.65091,"tipPosition":[17.4247,38.1458,-67.7283],"tipVelocity":[42.0133,-19.3342,-2.06883],"tool":false,"touchDistance":0.333317,"touchZone":"hovering","type":2,"width":17.8842},{"bases":[[[0.980644,-0.19149,-0.0408515],[0.176079,0.953723,-0.243737],[0.0856341,0.231826,0.968981]],[[0.96381,-0.217381,-0.154323],[0.154672,0.927459,-0.340435],[0.217133,0.304245,0.927517]],[[0.96381,-0.217381,-0.154323],[0.121008,0.872539,-0.473321],[0.237544,0.437517,0.867267]],[[0.96381,-0.217381,-0.154323],[0.0348073,0.676535,-0.735587],[0.264308,0.703595,0.659618]]],"btipPosition":[26.0028,37.4116,-62.6656],"carpPosition":[49.7341,85.1658,61.8496],"dipPosition":[30.3841,49.0746,-51.7316],"direction":[-0.237544,-0.437517,-0.867267],"extended":true,"handId":166,"id":1663,"length":57.1605,"mcpPosition":[44.8292,71.8876,6.34949],"pipPosition":[36.2222,59.8275,-30.4168],"stabilizedTipPosition":[26.9284,40.2058,-60.1964],"timeVisible":3.65091,"tipPosition":[28.6283,44.0455,-63.2671],"tipVelocity":[35.6907,-25.901,12.0196],"tool":false,"touchDistance":0.373349,"touchZone":"hovering","type":3,"width":17.018},{"bases":[[[0.9413,-0.318304,0.11241],[0.333331,0.929039,-0.160552],[-0.0533285,0.188598,0.980605]],[[0.916554,-0.359224,-0.175749],[0.32683,0.926103,-0.188456],[0.23046,0.11529,0.966228]],[[0.916554,-0.359224,-0.175749],[0.281296,0.891481,-0.355153],[0.284257,0.276079,0.918139]],[[0.916554,-0.359224,-0.175749],[0.230273,0.833368,-0.502466],[0.326962,0.420067,0.846546]]],"btipPosition":[46.5495,53.6337,-48.9531],"carpPosition":[60.8842,78.4643,62.2278],"dipPosition":[51.5495,60.0575,-36.0074],"direction":[-0.284257,-0.276079,-0.918139],"extended":true,"handId":166,"id":1664,"length":44.8128,"mcpPosition":[63.7117,68.4648,10.2355],"pipPosition":[56.4821,64.8481,-20.0755],"stabilizedTipPosition":[47.6751,55.2591,-46.0685],"timeVisible":3.65091,"tipPosition":[49.3479,56.7982,-47.0798],"tipVelocity":[16.6179,-30.8636,24.6132],"tool":false,"touchDistance":0.35487,"touchZone":"hovering","type":4,"width":15.1167}],"r":[[0.9741,0.0730483,0.213991],[0.0437389,0.867633,-0.495278],[-0.221845,0.49181,0.841966]],"s":1.06656,"t":[-6.3161,-77.4375,70.5387],"timestamp":18053159333},{"currentFrameRate":109.492,"devices":[],"gestures":[],"hands":[{"armBasis":[[0.948269,0.182866,-0.259511],[0.19422,0.312455,0.929866],[0.251126,-0.932165,0.260775]],"armWidth":59.4594,"confidence":1,"direction":[-0.204239,-0.0856961,-0.975163],"elbow":[116.145,-163.057,153.34],"grabAngle":0.562366,"grabStrength":0,"id":166,"palmNormal":[0.0197821,-0.996319,0.0834121],"palmPosition":[31.5735,69.5733,26.978],"palmVelocity":[-3.94118,6.74232,6.32416],"palmWidth":83.1965,"pinchDistance":41.4674,"pinchStrength":0,"r":[[0.973675,0.0750039,0.215248],[0.0428493,0.86725,-0.496025],[-0.223878,0.49219,0.841206]],"s":1.06268,"sphereCenter":[8.03373,-64.1553,31.9235],"sphereRadius":139.346,"stabilizedPalmPosition":[31.6057,69.5919,26.9598],"t":[-6.32283,-77.4264,70.5602],"timeVisible":3.65967,"type":"right","wrist":[54.146,67.0782,88.9594]}],"id":111935,"interactionBox":{"center":[0,200,0],"size":[235.247,235.247,147.751]},"pointables":[{"bases":[[[0.336288,0.87532,-0.347457],[-0.716808,0.477197,0.508398],[0.610816,0.078092,0.787912]],[[0.353036,0.877143,-0.325554],[-0.548141,0.475896,0.687797],[0.758226,-0.0643679,0.648807]],[[0.353036,0.877143,-0.325554],[-0.921776,0.385696,0.0395936],[0.160294,0.28611,0.944694]],[[0.353036,0.877143,-0.325554],[-0.894338,0.214169,-0.392799],[-0.274818,0.429827,0.860072]]],"btipPosition":[-10.0272,53.4854,6.54441],"carpPosition":[23.7236,68.1264,82.592],"dipPosition":[-15.7333,62.4099,24.4022],"direction":[-0.160294,-0.28611,-0.944694],"extended":true,"handId":166,"id":1660,"length":46.2365,"mcpPosition":[23.7236,68.1264,82.592],"pipPosition":[-10.8846,71.0644,52.9781],"stabilizedTipPosition":[-11.5678,55.9307,10.7573],"timeVisible":3.65967,"tipPosition":[-9.75165,55.4927,9.5558],"tipVelocity":[47.6753,-76.9624,-27.1403],"tool":false,"touchDistance":0.338554,"touchZone":"hovering","type":0,"width":19.0628},{"bases":[[[0.930535,-0.0121658,-0.366001],[-0.0738067,0.972708,-0.219981],[0.358689,0.231714,0.904241]],[[0.995571,0.0847467,0.0407036],[-0.0655379,0.936009,-0.34582],[-0.067406,0.34162,0.937418]],[[0.995571,0.0847467,0.0407036],[-0.0655379,0.936009,-0.34582],[-0.067406,0.34162,0.937418]],[[0.995571,0.0847467,0.0407036],[-0.0374296,0.754445,-0.655295],[-0.0862427,0.650869,0.754275]]],"btipPosition":[9.78213,39.3181,-58.0472],"carpPosition":[28.5886,85.1174,70.044],"dipPosition":[8.47486,49.184,-46.614],"direction":[0.067406,-0.34162,-0.937418],"extended":true,"handId":166,"id":1661,"length":52.1727,"mcpPosition":[4.46025,69.5304,9.21741],"pipPosition":[7.02945,56.5095,-26.5125],"stabilizedTipPosition":[9.20622,41.6321,-55.392],"timeVisible":3.65967,"tipPosition":[6.92335,43.8376,-57.463],"tipVelocity":[71.8221,-10.3655,-4.93422],"tool":false,"touchDistance":0.352478,"touchZone":"hovering","type":1,"width":18.2087},{"bases":[[[0.969296,-0.146392,-0.19757],[0.0924667,0.961499,-0.258785],[0.227847,0.232571,0.945514]],[[0.994919,-0.09961,-0.0145989],[0.0865719,0.920527,-0.380965],[0.0513866,0.377766,0.924474]],[[0.994919,-0.09961,-0.0145989],[0.0796171,0.867255,-0.491456],[0.0616149,0.487797,0.87078]],[[0.994919,-0.09961,-0.0145989],[0.0371326,0.497874,-0.866454],[0.0935759,0.86151,0.499043]]],"btipPosition":[18.7982,28.7117,-64.999],"carpPosition":[38.645,86.3712,65.1381],"dipPosition":[20.3583,43.0746,-56.6791],"direction":[-0.0616149,-0.487797,-0.87078],"extended":true,"handId":166,"id":1662,"length":59.4466,"mcpPosition":[24.1102,71.535,4.8217],"pipPosition":[21.9128,55.3808,-34.7109],"stabilizedTipPosition":[18.9525,32.0315,-63.0561],"timeVisible":3.65967,"tipPosition":[18.1466,38.1211,-67.7323],"tipVelocity":[72.5492,4.58773,-11.7075],"tool":false,"touchDistance":0.333247,"touchZone":"hovering","type":2,"width":17.8834},{"bases":[[[0.982514,-0.182634,-0.0362021],[0.168698,0.955507,-0.241967],[0.0787828,0.231629,0.969609]],[[0.966291,-0.208757,-0.15067],[0.147727,0.928898,-0.339596],[0.21085,0.30589,0.928425]],[[0.966291,-0.208757,-0.15067],[0.114797,0.873211,-0.473629],[0.23044,0.440367,0.867741]],[[0.966291,-0.208757,-0.15067],[0.032169,0.678554,-0.733846],[0.255433,0.704262,0.662396]]],"btipPosition":[26.6179,37.4638,-62.6342],"carpPosition":[49.3855,85.3519,62.0075],"dipPosition":[30.852,49.1377,-51.6543],"direction":[-0.23044,-0.440367,-0.867741],"extended":true,"handId":166,"id":1663,"length":57.1595,"mcpPosition":[44.8733,72.0855,6.4734],"pipPosition":[36.5154,59.9604,-30.3282],"stabilizedTipPosition":[27.4279,40.1629,-60.1305],"timeVisible":3.65967,"tipPosition":[29.2552,44.1416,-63.2288],"tipVelocity":[66.3897,6.24236,4.79423],"tool":false,"touchDistance":0.369977,"touchZone":"hovering","type":3,"width":17.0172},{"bases":[[[0.943559,-0.309948,0.116744],[0.325755,0.932153,-0.158032],[-0.0598413,0.187143,0.980508]],[[0.920503,-0.350843,-0.171997],[0.318996,0.928978,-0.187726],[0.225644,0.117936,0.967045]],[[0.920503,-0.350843,-0.171997],[0.273897,0.893312,-0.356335],[0.278665,0.280898,0.918391]],[[0.920503,-0.350843,-0.171997],[0.222338,0.832289,-0.5078],[0.321309,0.42919,0.84413]]],"btipPosition":[46.9382,53.6917,-48.7317],"carpPosition":[60.5928,78.7508,62.4342],"dipPosition":[51.8517,60.2549,-35.8231],"direction":[-0.278665,-0.280898,-0.918391],"extended":true,"handId":166,"id":1664,"length":44.812,"mcpPosition":[63.7655,68.8287,10.449],"pipPosition":[56.6871,65.1291,-19.8871],"stabilizedTipPosition":[47.9289,55.2218,-45.8711],"timeVisible":3.65967,"tipPosition":[49.7653,57.0625,-46.9308],"tipVelocity":[42.1178,10.2885,24.314],"tool":false,"touchDistance":0.355909,"touchZone":"hovering","type":4,"width":15.116}],"r":[[0.973675,0.0750039,0.215248],[0.0428493,0.86725,-0.496025],[-0.223878,0.49219,0.841206]],"s":1.06268,"t":[-6.32283,-77.4264,70.5602],"timestamp":18053168088},{"currentFrameRate":109.737,"devices":[],"gestures":[],"hands":[{"armBasis":[[0.94926,0.189204,-0.251213],[0.186294,0.30527,0.933866],[0.253379,-0.93328,0.254532]],"armWidth":59.4573,"confidence":1,"direction":[-0.198884,-0.0832855,-0.976478],"elbow":[116.237,-163.165,152.104],"grabAngle":0.565204,"grabStrength":0,"id":166,"palmNormal":[0.0333168,-0.996381,0.0781973],"palmPosition":[31.4536,69.8131,27.2055],"palmVelocity":[-13.8149,27.6352,26.2279],"palmWidth":83.194,"pinchDistance":41.1901,"pinchStrength":0,"r":[[0.972927,0.0790485,0.217172],[0.04015,0.867586,-0.495663],[-0.227597,0.490964,0.840924]],"s":1.05909,"sphereCenter":[10.3308,-64.8428,31.4681],"sphereRadius":139.789,"stabilizedPalmPosition":[31.555,69.6656,27.0417],"t":[-6.38612,-77.301,70.6847],"timeVisible":3.66834,"type":"right","wrist":[53.6839,67.2377,89.2661]}],"id":111936,"interactionBox":{"center":[0,200,0],"size":[235.247,235.247,147.751]},"pointables":[{"bases":[[[0.325522,0.881771,-0.341342],[-0.725543,0.464433,0.507829],[0.606319,0.0823485,0.790946]],[[0.340928,0.88359,-0.320994],[-0.563205,0.465365,0.682814],[0.752707,-0.052005,0.656298]],[[0.340928,0.88359,-0.320994],[-0.928058,0.370791,0.0349731],[0.149924,0.285978,0.946435]],[[0.340928,0.88359,-0.320994],[-0.896201,0.202368,-0.394804],[-0.283886,0.422275,0.860867]]],"btipPosition":[-9.60671,52.9137,6.31769],"carpPosition":[23.389,67.9581,82.7747],"dipPosition":[-15.501,61.6813,24.1917],"direction":[-0.149924,-0.285978,-0.946435],"extended":true,"handId":166,"id":1660,"length":46.2358,"mcpPosition":[23.389,67.9581,82.7747],"pipPosition":[-10.966,70.3317,52.8199],"stabilizedTipPosition":[-11.1958,55.3159,10.5554],"timeVisible":3.66834,"tipPosition":[-9.63667,55.2431,9.55662],"tipVelocity":[43.4808,-70.0516,-25.7005],"tool":false,"touchDistance":0.334687,"touchZone":"hovering","type":0,"width":19.0621},{"bases":[[[0.932159,0.002756,-0.362039],[-0.0864269,0.972755,-0.215122],[0.351583,0.231818,0.907001]],[[0.994125,0.0983303,0.0452402],[-0.07705,0.936444,-0.342251],[-0.0760186,0.336755,0.938519]],[[0.994125,0.0983303,0.0452402],[-0.07705,0.936444,-0.342251],[-0.0760186,0.336755,0.938519]],[[0.994125,0.0983303,0.0452402],[-0.0440959,0.74964,-0.660375],[-0.0988488,0.654501,0.749572]]],"btipPosition":[10.446,39.5112,-57.9292],"carpPosition":[28.0699,85.0819,70.3392],"dipPosition":[8.94772,49.432,-46.5674],"direction":[0.0760186,-0.336755,-0.938519],"extended":true,"handId":166,"id":1661,"length":52.172,"mcpPosition":[4.42022,69.4883,9.32873],"pipPosition":[7.31764,56.653,-26.4427],"stabilizedTipPosition":[9.81404,41.7413,-55.3404],"timeVisible":3.66834,"tipPosition":[7.5585,44.1584,-57.4472],"tipVelocity":[71.4581,23.7085,11.7045],"tool":false,"touchDistance":0.352087,"touchZone":"hovering","type":1,"width":18.2081},{"bases":[[[0.972073,-0.131822,-0.194158],[0.0801497,0.96407,-0.253267],[0.220569,0.230632,0.947712]],[[0.996196,-0.0861909,-0.0128294],[0.0750765,0.923668,-0.375766],[0.0442378,0.373374,0.926626]],[[0.996196,-0.0861909,-0.0128294],[0.0690759,0.870827,-0.486713],[0.0531224,0.483975,0.873468]],[[0.996196,-0.0861909,-0.0128294],[0.0329189,0.508548,-0.860404],[0.0806834,0.856709,0.509451]]],"btipPosition":[19.4811,29.3313,-65.1243],"carpPosition":[38.1282,86.5018,65.4837],"dipPosition":[20.8262,43.614,-56.6309],"direction":[-0.0531224,-0.483975,-0.873468],"extended":true,"handId":166,"id":1662,"length":59.4458,"mcpPosition":[24.058,71.7897,5.02879],"pipPosition":[22.1664,55.8236,-34.5953],"stabilizedTipPosition":[19.578,32.4681,-63.1418],"timeVisible":3.66834,"tipPosition":[18.879,38.618,-67.6762],"tipVelocity":[73.0046,69.2896,-9.84135],"tool":false,"touchDistance":0.333258,"touchZone":"hovering","type":2,"width":17.8828},{"bases":[[[0.98511,-0.168744,-0.0329301],[0.156386,0.95905,-0.236152],[0.0714306,0.227485,0.971158]],[[0.969653,-0.194567,-0.14804],[0.13616,0.932691,-0.333988],[0.203058,0.303696,0.930879]],[[0.969653,-0.194567,-0.14804],[0.104599,0.877457,-0.468111],[0.220977,0.438421,0.871181]],[[0.969653,-0.194567,-0.14804],[0.0256369,0.683101,-0.729873],[0.243135,0.703929,0.66736]]],"btipPosition":[27.2937,38.1394,-62.5977],"carpPosition":[48.8945,85.649,62.3941],"dipPosition":[31.3238,49.8076,-51.5357],"direction":[-0.220977,-0.438421,-0.871181],"extended":true,"handId":166,"id":1663,"length":57.1587,"mcpPosition":[44.8035,72.6203,6.77296],"pipPosition":[36.7546,60.5823,-30.1254],"stabilizedTipPosition":[28.041,40.6735,-60.0709],"timeVisible":3.66834,"tipPosition":[29.869,44.8273,-63.1368],"tipVelocity":[72.4795,77.7179,6.37796],"tool":false,"touchDistance":0.367143,"touchZone":"hovering","type":3,"width":17.0166},{"bases":[[[0.947284,-0.297408,0.119167],[0.313395,0.937434,-0.151665],[-0.0666047,0.181016,0.981222]],[[0.92625,-0.336973,-0.168847],[0.306772,0.934279,-0.181699],[0.218977,0.116502,0.96875]],[[0.92625,-0.336973,-0.168847],[0.263568,0.89932,-0.348934],[0.269429,0.278698,0.921811]],[[0.92625,-0.336973,-0.168847],[0.211342,0.835267,-0.507606],[0.312081,0.434486,0.844883]]],"btipPosition":[47.405,54.4709,-48.4916],"carpPosition":[60.1904,79.2025,62.8341],"dipPosition":[52.1773,61.115,-35.5717],"direction":[-0.269429,-0.278698,-0.921811],"extended":true,"handId":166,"id":1664,"length":44.8113,"mcpPosition":[63.7216,69.6055,10.8126],"pipPosition":[56.8524,65.9509,-19.5766],"stabilizedTipPosition":[48.2915,55.713,-45.6492],"timeVisible":3.66834,"tipPosition":[50.1227,57.9437,-46.6831],"tipVelocity":[50.0627,91.9587,27.9715],"tool":false,"touchDistance":0.357292,"touchZone":"hovering","type":4,"width":15.1155}],"r":[[0.972927,0.0790485,0.217172],[0.04015,0.867586,-0.495663],[-0.227597,0.490964,0.840924]],"s":1.05909,"t":[-6.38612,-77.301,70.6847],"timestamp":18053176764},{"currentFrameRate":110.043,"devices":[],"gestures":[],"hands":[{"armBasis":[[0.948779,0.193228,-0.249962],[0.185584,0.299435,0.935894],[0.255688,-0.934345,0.248238]],"armWidth":59.4555,"confidence":1,"direction":[-0.19939,-0.0817589,-0.976503],"elbow":[116.746,-162.881,150.772],"grabAngle":0.558748,"grabStrength":0,"id":166,"palmNormal":[0.0403605,-0.996353,0.0751797],"palmPosition":[31.355,70.428,27.4774],"palmVelocity":[-11.5461,71.9846,31.8279],"palmWidth":83.1921,"pinchDistance":40.8781,"pinchStrength":0,"r":[[0.972247,0.0835101,0.218545],[0.0366657,0.868194,-0.494868],[-0.231066,0.489147,0.841037]],"s":1.05635,"sphereCenter":[11.186,-65.9771,31.7428],"sphereRadius":141.363,"stabilizedPalmPosition":[31.4897,69.9144,27.1838],"t":[-6.46708,-76.9308,70.8829],"timeVisible":3.67689,"type":"right","wrist":[53.6248,67.7777,89.4898]}],"id":111937,"interactionBox":{"center":[0,200,0],"size":[235.247,235.247,147.751]},"pointables":[{"bases":[[[0.318976,0.885039,-0.33906],[-0.728199,0.457836,0.510012],[0.606614,0.0842217,0.790523]],[[0.334304,0.886895,-0.31884],[-0.570247,0.459698,0.680805],[0.750373,-0.0457776,0.659428]],[[0.334304,0.886895,-0.31884],[-0.931308,0.36277,0.0326161],[0.144593,0.286035,0.947247]],[[0.334304,0.886895,-0.31884],[-0.897863,0.196863,-0.39381],[-0.2865,0.417927,0.862122]]],"btipPosition":[-9.30672,53.111,6.39889],"carpPosition":[23.366,68.351,83.048],"dipPosition":[-15.2552,61.7883,24.2988],"direction":[-0.144593,-0.286035,-0.947247],"extended":true,"handId":166,"id":1660,"length":46.2353,"mcpPosition":[23.366,68.351,83.048],"pipPosition":[-10.8816,70.4403,52.9512],"stabilizedTipPosition":[-10.8861,55.1916,10.5319],"timeVisible":3.67689,"tipPosition":[-9.67894,55.6106,9.84799],"tipVelocity":[33.6606,20.6681,10.2018],"tool":false,"touchDistance":0.335859,"touchZone":"hovering","type":0,"width":19.0615},{"bases":[[[0.931711,0.0103479,-0.363053],[-0.0934576,0.972765,-0.212116],[0.35097,0.231561,0.907303]],[[0.993481,0.105083,0.0441868],[-0.0838917,0.93641,-0.340733],[-0.0771822,0.334805,0.939121]],[[0.993481,0.105083,0.0441868],[-0.0838917,0.93641,-0.340733],[-0.0771822,0.334805,0.939121]],[[0.993481,0.105083,0.0441868],[-0.0492841,0.745459,-0.664727],[-0.102791,0.658217,0.745778]]],"btipPosition":[10.4601,40.0507,-57.6057],"carpPosition":[27.9132,85.5436,70.6594],"dipPosition":[8.90208,50.0277,-46.3015],"direction":[0.0771822,-0.334805,-0.939121],"extended":true,"handId":166,"id":1661,"length":52.1714,"mcpPosition":[4.30532,69.9678,9.62992],"pipPosition":[7.24707,57.2069,-26.164],"stabilizedTipPosition":[10.0003,42.1324,-55.1237],"timeVisible":3.67689,"tipPosition":[7.57654,44.8286,-57.198],"tipVelocity":[0.0416915,64.6766,36.3285],"tool":false,"touchDistance":0.354866,"touchZone":"hovering","type":1,"width":18.2075},{"bases":[[[0.972752,-0.124448,-0.195619],[0.0731329,0.965358,-0.25047],[0.220013,0.229339,0.948155]],[[0.996691,-0.0796789,-0.0160811],[0.0679821,0.925551,-0.372471],[0.0445619,0.370145,0.927904]],[[0.996691,-0.0796789,-0.0160811],[0.0621457,0.874465,-0.481091],[0.0523951,0.478499,0.876523]],[[0.996691,-0.0796789,-0.0160811],[0.028332,0.525958,-0.850039],[0.0761881,0.84677,0.526475]]],"btipPosition":[19.4237,30.4029,-65.2524],"carpPosition":[37.9556,87.0482,65.7972],"dipPosition":[20.6939,44.5198,-56.4754],"direction":[-0.0523951,-0.478499,-0.876523],"extended":true,"handId":166,"id":1662,"length":59.4451,"mcpPosition":[23.9212,72.419,5.31545],"pipPosition":[22.0157,56.5911,-34.3629],"stabilizedTipPosition":[19.6834,33.3718,-63.2121],"timeVisible":3.67689,"tipPosition":[18.9114,39.2953,-67.385],"tipVelocity":[-8.73265,120.991,-7.36062],"tool":false,"touchDistance":0.333278,"touchZone":"hovering","type":2,"width":17.8822},{"bases":[[[0.986227,-0.161759,-0.0345162],[0.149421,0.960819,-0.233453],[0.0709269,0.22508,0.971755]],[[0.970891,-0.187271,-0.149334],[0.12958,0.935014,-0.330089],[0.201446,0.30113,0.932063]],[[0.970891,-0.187271,-0.149334],[0.0993952,0.882251,-0.460167],[0.217926,0.431929,0.875183]],[[0.970891,-0.187271,-0.149334],[0.0236131,0.695262,-0.718369],[0.238356,0.693931,0.679445]]],"btipPosition":[27.3702,39.3357,-62.6762],"carpPosition":[48.7238,86.2799,62.6934],"dipPosition":[31.3211,50.8381,-51.414],"direction":[-0.217926,-0.431929,-0.875183],"extended":true,"handId":166,"id":1663,"length":57.158,"mcpPosition":[44.6617,73.3892,7.03928],"pipPosition":[36.6768,61.4531,-29.9056],"stabilizedTipPosition":[28.229,41.7071,-60.0828],"timeVisible":3.67689,"tipPosition":[29.8052,45.6096,-62.8671],"tipVelocity":[6.82439,135.588,-3.79945],"tool":false,"touchDistance":0.363275,"touchZone":"hovering","type":3,"width":17.0161},{"bases":[[[0.949471,-0.291138,0.117237],[0.306672,0.940048,-0.149204],[-0.0667693,0.177618,0.981832]],[[0.928873,-0.32979,-0.168625],[0.300518,0.937133,-0.177399],[0.216528,0.114106,0.969585]],[[0.928873,-0.32979,-0.168625],[0.259366,0.904128,-0.339533],[0.264433,0.271647,0.925356]],[[0.928873,-0.32979,-0.168625],[0.206829,0.839477,-0.502495],[0.307274,0.431877,0.847977]]],"btipPosition":[47.5249,55.5977,-48.3895],"carpPosition":[60.0645,79.9113,63.1016],"dipPosition":[52.2237,62.2018,-35.4225],"direction":[-0.264433,-0.271647,-0.925356],"extended":true,"handId":166,"id":1664,"length":44.8108,"mcpPosition":[63.6043,70.4948,11.049],"pipPosition":[56.812,66.9154,-19.366],"stabilizedTipPosition":[48.4896,56.598,-45.4966],"timeVisible":3.67689,"tipPosition":[49.9989,58.8782,-46.4482],"tipVelocity":[12.0624,130.834,13.2153],"tool":false,"touchDistance":0.356589,"touchZone":"hovering","type":4,"width":15.115}],"r":[[0.972247,0.0835101,0.218545],[0.0366657,0.868194,-0.494868],[-0.231066,0.489147,0.841037]],"s":1.05635,"t":[-6.46708,-76.9308,70.8829],"timestamp":18053185306},{"currentFrameRate":110.189,"devices":[],"gestures":[],"hands":[{"armBasis":[[0.947729,0.197908,-0.250285],[0.186241,0.293809,0.937545],[0.259083,-0.935152,0.241592]],"armWidth":59.4542,"confidence":1,"direction":[-0.200033,-0.0768619,-0.97677],"elbow":[117.614,-162.257,149.404],"grabAngle":0.537546,"grabStrength":0,"id":166,"palmNormal":[0.0405903,-0.996713,0.0701187],"palmPosition":[31.304,71.5549,27.7979],"palmVelocity":[-5.78061,127.814,36.3542],"palmWidth":83.1906,"pinchDistance":40.5421,"pinchStrength":0,"r":[[0.971713,0.0868911,0.219599],[0.0337746,0.869168,-0.493363],[-0.233738,0.486824,0.841647]],"s":1.05467,"sphereCenter":[10.5639,-68.8487,32.3834],"sphereRadius":145.411,"stabilizedPalmPosition":[31.4253,70.4832,27.3968],"t":[-6.53304,-76.1823,71.1422],"timeVisible":3.6857,"type":"right","wrist":[53.6568,68.5957,89.7644]}],"id":111938,"interactionBox":{"center":[0,200,0],"size":[235.247,235.247,147.751]},"pointables":[{"bases":[[[0.318588,0.886798,-0.334799],[-0.727938,0.45512,0.512807],[0.607131,0.0803387,0.79053]],[[0.334459,0.888606,-0.313874],[-0.574382,0.456254,0.679645],[0.747143,-0.0470297,0.662997]],[[0.334459,0.888606,-0.313874],[-0.931975,0.361298,0.029771],[0.139857,0.282566,0.948998]],[[0.334459,0.888606,-0.313874],[-0.898028,0.199507,-0.3921],[-0.285803,0.413009,0.86472]]],"btipPosition":[-9.04277,54.2202,6.44362],"carpPosition":[23.353,69.1958,83.3614],"dipPosition":[-14.9767,62.7952,24.3973],"direction":[-0.139857,-0.282566,-0.948998],"extended":true,"handId":166,"id":1660,"length":46.2349,"mcpPosition":[23.353,69.1958,83.3614],"pipPosition":[-10.7464,71.3422,53.1024],"stabilizedTipPosition":[-10.5938,55.803,10.557],"timeVisible":3.6857,"tipPosition":[-9.7568,56.8026,10.1334],"tipVelocity":[30.3153,123.13,6.47631],"tool":false,"touchDistance":0.336463,"touchZone":"hovering","type":0,"width":19.0611},{"bases":[[[0.931465,0.0123523,-0.363622],[-0.0937752,0.973807,-0.207137],[0.351539,0.22704,0.908225]],[[0.993498,0.105022,0.0439616],[-0.0842632,0.937938,-0.336411],[-0.0765639,0.330519,0.940689]],[[0.993498,0.105022,0.0439616],[-0.0842632,0.937938,-0.336411],[-0.0765639,0.330519,0.940689]],[[0.993498,0.105022,0.0439616],[-0.0499826,0.749261,-0.660386],[-0.102294,0.653895,0.749639]]],"btipPosition":[10.3535,41.5839,-57.4199],"carpPosition":[27.8888,86.4513,71.0573],"dipPosition":[8.80295,51.4953,-46.0573],"direction":[0.0765639,-0.330519,-0.940689],"extended":true,"handId":166,"id":1661,"length":52.1709,"mcpPosition":[4.24306,71.1799,9.96696],"pipPosition":[7.16121,58.5825,-25.8864],"stabilizedTipPosition":[9.99793,43.3234,-54.9055],"timeVisible":3.6857,"tipPosition":[7.47702,46.3754,-56.9863],"tipVelocity":[-11.902,172.176,22.5946],"tool":false,"touchDistance":0.355701,"touchZone":"hovering","type":1,"width":18.2071},{"bases":[[[0.972642,-0.12328,-0.196899],[0.0727907,0.966624,-0.245639],[0.22061,0.224587,0.949153]],[[0.996614,-0.0799377,-0.0192374],[0.0673581,0.927979,-0.366494],[0.0471486,0.363957,0.930221]],[[0.996614,-0.0799377,-0.0192374],[0.0615281,0.880301,-0.470408],[0.054538,0.467632,0.882239]],[[0.996614,-0.0799377,-0.0192374],[0.0292539,0.563417,-0.825654],[0.0768395,0.822296,0.563848]]],"btipPosition":[19.1822,32.5875,-65.7817],"carpPosition":[37.9273,87.9823,66.1961],"dipPosition":[20.4632,46.2962,-56.3817],"direction":[-0.054538,-0.467632,-0.882239],"extended":true,"handId":166,"id":1662,"length":59.4446,"mcpPosition":[23.8551,73.6564,5.65184],"pipPosition":[21.839,58.0933,-34.1252],"stabilizedTipPosition":[19.5202,35.2431,-63.5341],"timeVisible":3.6857,"tipPosition":[18.8341,40.656,-67.0425],"tipVelocity":[-27.1136,237.123,-43.7816],"tool":false,"touchDistance":0.333053,"touchZone":"hovering","type":2,"width":17.8818},{"bases":[[[0.986232,-0.161402,-0.0359958],[0.149091,0.962013,-0.228697],[0.0715406,0.220182,0.972832]],[[0.971,-0.186149,-0.150023],[0.129704,0.937294,-0.323506],[0.200836,0.294666,0.934257]],[[0.971,-0.186149,-0.150023],[0.101628,0.889367,-0.445756],[0.216403,0.417583,0.882493]],[[0.971,-0.186149,-0.150023],[0.032165,0.723518,-0.689556],[0.236904,0.664734,0.708524]]],"btipPosition":[27.3904,41.6612,-63.097],"carpPosition":[48.6933,87.2317,63.0813],"dipPosition":[31.3172,52.6795,-51.3529],"direction":[-0.216403,-0.417583,-0.882493],"extended":true,"handId":166,"id":1663,"length":57.1575,"mcpPosition":[44.5961,74.6217,7.36656],"pipPosition":[36.6355,62.9419,-29.6649],"stabilizedTipPosition":[28.2817,43.7379,-60.3383],"timeVisible":3.6857,"tipPosition":[29.6254,47.0383,-62.5524],"tipVelocity":[1.66674,251.125,-35.1449],"tool":false,"touchDistance":0.355633,"touchZone":"hovering","type":3,"width":17.0157},{"bases":[[[0.949602,-0.291552,0.115126],[0.306402,0.940846,-0.14466],[-0.0661403,0.172644,0.982761]],[[0.929319,-0.328564,-0.168557],[0.300917,0.938364,-0.170063],[0.214044,0.107321,0.97091]],[[0.929319,-0.328564,-0.168557],[0.261997,0.908315,-0.326071],[0.260238,0.258863,0.930197]],[[0.929319,-0.328564,-0.168557],[0.209601,0.845123,-0.491768],[0.304029,0.421679,0.854256]]],"btipPosition":[47.6626,57.4042,-48.3108],"carpPosition":[60.0351,80.8633,63.4497],"dipPosition":[52.3117,63.8524,-35.2479],"direction":[-0.260238,-0.258863,-0.930197],"extended":true,"handId":166,"id":1664,"length":44.8104,"mcpPosition":[63.5415,71.7106,11.3487],"pipPosition":[56.8272,68.344,-19.1076],"stabilizedTipPosition":[48.6493,58.1069,-45.3712],"timeVisible":3.6857,"tipPosition":[49.8714,60.3453,-46.1756],"tipVelocity":[14.3181,200.826,11.431],"tool":false,"touchDistance":0.355776,"touchZone":"hovering","type":4,"width":15.1147}],"r":[[0.971713,0.0868911,0.219599],[0.0337746,0.869168,-0.493363],[-0.233738,0.486824,0.841647]],"s":1.05467,"t":[-6.53304,-76.1823,71.1422],"timestamp":18053194123},{"currentFrameRate":110.449,"devices":[],"gestures":[],"hands":[{"armBasis":[[0.94482,0.203857,-0.256431],[0.18745,0.30553,0.933549],[0.268658,-0.930104,0.250458]],"armWidth":59.453,"confidence":1,"direction":[-0.202938,-0.065719,-0.976984],"elbow":[120.237,-159.8,152.181],"grabAngle":0.497294,"grabStrength":0,"id":166,"palmNormal":[0.0389338,-0.997498,0.0590116],"palmPosition":[31.3144,73.2844,28.3762],"palmVelocity":[1.21016,201.291,67.2984],"palmWidth":83.1893,"pinchDistance":40.1699,"pinchStrength":0,"r":[[0.971435,0.0887533,0.220084],[0.0314929,0.871007,-0.49026],[-0.235207,0.483186,0.843332]],"s":1.05364,"sphereCenter":[8.38277,-75.3006,33.7338],"sphereRadius":153.791,"stabilizedPalmPosition":[31.3859,71.478,27.7446],"t":[-6.56083,-74.9433,71.561],"timeVisible":3.6943,"type":"right","wrist":[53.9174,69.8025,90.3537]}],"id":111939,"interactionBox":{"center":[0,200,0],"size":[235.247,235.247,147.751]},"pointables":[{"bases":[[[0.319289,0.889852,-0.32591],[-0.725636,0.450768,0.519865],[0.609513,0.0705047,0.789635]],[[0.336593,0.891505,-0.30319],[-0.57632,0.449666,0.68239],[0.744688,-0.0549525,0.665147]],[[0.336593,0.891505,-0.30319],[-0.931186,0.362994,0.0335767],[0.13999,0.271025,0.952338]],[[0.336593,0.891505,-0.30319],[-0.898828,0.208183,-0.385705],[-0.280739,0.402341,0.871382]]],"btipPosition":[-8.87586,56.2839,6.6773],"carpPosition":[23.5164,70.3273,83.9316],"dipPosition":[-14.7046,64.6374,24.7692],"direction":[-0.13999,-0.271025,-0.952338],"extended":false,"handId":166,"id":1660,"length":46.2345,"mcpPosition":[23.5164,70.3273,83.9316],"pipPosition":[-10.4703,72.8353,53.5751],"stabilizedTipPosition":[-10.3585,57.3008,10.7325],"timeVisible":3.6943,"tipPosition":[-9.83301,58.7887,10.6713],"tipVelocity":[22.241,234.258,30.8971],"tool":false,"touchDistance":0.340132,"touchZone":"hovering","type":0,"width":19.0607},{"bases":[[[0.930454,0.0146577,-0.366116],[-0.0925488,0.976202,-0.196122],[0.354529,0.216366,0.909667]],[[0.993829,0.102661,0.0420165],[-0.0833944,0.94125,-0.327252],[-0.073144,0.321728,0.944003]],[[0.993829,0.102661,0.0420165],[-0.0833944,0.94125,-0.327252],[-0.073144,0.321728,0.944003]],[[0.993829,0.102661,0.0420165],[-0.0515409,0.762772,-0.64461],[-0.0982253,0.638466,0.763356]]],"btipPosition":[10.048,44.3172,-57.172],"carpPosition":[28.0494,87.7089,71.8061],"dipPosition":[8.55915,53.9946,-45.6016],"direction":[0.073144,-0.321728,-0.944003],"extended":true,"handId":166,"id":1661,"length":52.1705,"mcpPosition":[4.20297,73.1556,10.6197],"pipPosition":[6.99076,60.8933,-25.3598],"stabilizedTipPosition":[9.79159,45.5956,-54.6269],"timeVisible":3.6943,"tipPosition":[7.20856,49.0772,-56.6058],"tipVelocity":[-33.9025,311.858,34.4145],"tool":false,"touchDistance":0.3579,"touchZone":"hovering","type":1,"width":18.2068},{"bases":[[[0.97185,-0.12288,-0.201017],[0.0738939,0.96914,-0.235176],[0.223712,0.213702,0.950939]],[[0.996332,-0.0819466,-0.0246404],[0.0678334,0.931889,-0.356346],[0.0521634,0.353367,0.934029]],[[0.996332,-0.0819466,-0.0246404],[0.0617106,0.887568,-0.456525],[0.0592806,0.45333,0.889369]],[[0.996332,-0.0819466,-0.0246404],[0.0319202,0.623085,-0.781503],[0.0793945,0.77785,0.623415]]],"btipPosition":[18.7574,36.1296,-66.4925],"carpPosition":[38.0768,89.2749,66.9336],"dipPosition":[20.081,49.0972,-56.0995],"direction":[-0.0592806,-0.45333,-0.889369],"extended":true,"handId":166,"id":1662,"length":59.4441,"mcpPosition":[23.807,75.6436,6.27631],"pipPosition":[21.5764,60.5334,-33.6633],"stabilizedTipPosition":[19.1545,38.3295,-63.9872],"timeVisible":3.6943,"tipPosition":[18.5505,43.2017,-66.6073],"tipVelocity":[-48.3019,392.416,-56.1424],"tool":false,"touchDistance":0.327437,"touchZone":"hovering","type":2,"width":17.8815},{"bases":[[[0.985824,-0.162799,-0.0405829],[0.150233,0.964203,-0.218503],[0.0747021,0.209308,0.974992]],[[0.970282,-0.186201,-0.154537],[0.130461,0.94042,-0.31399],[0.203795,0.284498,0.936765]],[[0.970282,-0.186201,-0.154537],[0.104366,0.898218,-0.42698],[0.218312,0.398163,0.890958]],[[0.970282,-0.186201,-0.154537],[0.0491018,0.776866,-0.627749],[0.236942,0.601505,0.762922]]],"btipPosition":[27.1837,45.5201,-63.7297],"carpPosition":[48.8323,88.539,63.78],"dipPosition":[31.1111,55.4902,-51.084],"direction":[-0.218312,-0.398163,-0.890958],"extended":true,"handId":166,"id":1663,"length":57.1571,"mcpPosition":[44.5541,76.5519,7.94243],"pipPosition":[36.4762,65.2753,-29.1882],"stabilizedTipPosition":[28.1214,47.0936,-60.7359],"timeVisible":3.6943,"tipPosition":[29.2455,49.6292,-62.133],"tipVelocity":[-24.0456,421.062,-49.5068],"tool":false,"touchDistance":0.347022,"touchZone":"hovering","type":3,"width":17.0154},{"bases":[[[0.949379,-0.294541,0.109199],[0.307742,0.941822,-0.135152],[-0.0630383,0.161916,0.984789]],[[0.927572,-0.328606,-0.177844],[0.302065,0.93964,-0.160728],[0.219926,0.0953659,0.970844]],[[0.927572,-0.328606,-0.177844],[0.263929,0.913141,-0.310668],[0.264484,0.241229,0.933733]],[[0.927572,-0.328606,-0.177844],[0.213359,0.856559,-0.469877],[0.306739,0.3979,0.864631]]],"btipPosition":[47.3265,60.3009,-48.0388],"carpPosition":[60.163,82.1463,64.0459],"dipPosition":[52.017,66.3853,-34.8174],"direction":[-0.264484,-0.241229,-0.933733],"extended":true,"handId":166,"id":1664,"length":44.8101,"mcpPosition":[63.5049,73.5625,11.8382],"pipPosition":[56.6061,70.571,-18.6158],"stabilizedTipPosition":[48.4778,60.6323,-45.1088],"timeVisible":3.6943,"tipPosition":[49.6242,62.8319,-45.7521],"tipVelocity":[-38.0128,327.394,35.8987],"tool":false,"touchDistance":0.358158,"touchZone":"hovering","type":4,"width":15.1144}],"r":[[0.971435,0.0887533,0.220084],[0.0314929,0.871007,-0.