{"frames":114,"data":[{"currentFrameRate":109.814,"devices":[],"gestures":[],"hands":[{"armBasis":[[-0.646143,0.635299,0.42296],[0.635779,0.754632,-0.162221],[0.422238,-0.164091,0.89151]],"armWidth":59.424,"confidence":0.349629,"direction":[0.0134152,0.248484,-0.968543],"elbow":[307.934,78.9352,303.456],"grabAngle":2.61674,"grabStrength":0,"id":49,"palmNormal":[-0.674504,-0.712809,-0.192217],"palmPosition":[200.895,129.356,9.89811],"palmVelocity":[-37.6994,-14.2088,-27.4902],"palmWidth":84.4115,"pinchDistance":68.5679,"pinchStrength":0.579008,"r":[[0.486915,-0.873449,-0.00086265],[0.783025,0.436945,-0.442663],[0.38702,0.214864,0.896688]],"s":1.02058,"sphereCenter":[189.392,105.792,-16.4701],"sphereRadius":42.574,"stabilizedPalmPosition":[203.533,129.289,11.856],"t":[-15.0848,4.21181,-8.22821],"timeVisible":11.0985,"type":"left","wrist":[201.913,120.137,79.6041]}],"id":61165,"interactionBox":{"center":[0,200,0],"size":[235.247,235.247,147.751]},"pointables":[{"bases":[[[-0.725418,0.688275,-0.0068229],[0.687388,0.724924,0.0445193],[-0.0355876,-0.0276051,0.998985]],[[-0.71985,0.671867,0.174388],[0.692668,0.679,0.243248],[-0.0450212,-0.295895,0.954159]],[[-0.71985,0.671867,0.174388],[0.685076,0.728119,0.0226622],[0.111749,-0.135782,0.984416]],[[-0.71985,0.671867,0.174388],[0.664162,0.739703,-0.108296],[0.201756,-0.0378649,0.978704]]],"btipPosition":[215.78,136.965,-92.6679],"carpPosition":[217.319,119.411,52.2667],"dipPosition":[219.026,136.356,-76.9217],"direction":[-0.111749,0.135782,-0.984416],"extended":true,"handId":49,"id":491,"length":55.3767,"mcpPosition":[219.748,121.295,-15.9146],"pipPosition":[221.57,133.265,-54.5161],"stabilizedTipPosition":[216.717,136.707,-89.0205],"timeVisible":11.0985,"tipPosition":[222.283,137.053,-89.8769],"tipVelocity":[-49.0763,-17.7808,10.107],"tool":false,"touchDistance":0.333404,"touchZone":"hovering","type":1,"width":18.0608},{"bases":[[[0.308884,0.949961,0.0465248],[0.89047,-0.306033,0.33676],[-0.334147,0.0625905,0.940441]],[[0.368308,0.91934,-0.138433],[0.887891,-0.391974,-0.240845],[0.27568,0.0342088,0.96064]],[[0.368308,0.91934,-0.138433],[0.697034,-0.371588,-0.613242],[0.615218,-0.129369,0.77767]],[[0.368308,0.91934,-0.138433],[0.493233,-0.319437,-0.809123],[0.78808,-0.229726,0.5711]]],"btipPosition":[160.533,106.68,-24.7579],"carpPosition":[210.451,99.0521,57.3914],"dipPosition":[177.901,101.618,-12.1719],"direction":[-0.615218,0.129369,-0.77767],"extended":false,"handId":49,"id":490,"length":49.0759,"mcpPosition":[210.451,99.0521,57.3914],"pipPosition":[197.654,97.4641,12.7964],"stabilizedTipPosition":[166.569,107.069,-18.989],"timeVisible":11.0985,"tipPosition":[170.107,103.211,-22.0487],"tipVelocity":[82.1829,-13.4923,-104.76],"tool":false,"touchDistance":0.333333,"touchZone":"hovering","type":0,"width":18.9079},{"bases":[[[-0.830039,0.544484,0.120718],[0.553904,0.830067,0.0646466],[0.0650047,-0.120525,0.99058]],[[-0.832443,0.550731,0.0611012],[0.073079,0.218423,-0.973114],[0.54927,0.805597,0.222072]],[[-0.832443,0.550731,0.0611012],[-0.535288,-0.770767,-0.34552],[0.143194,0.320333,-0.93642]],[[-0.832443,0.550731,0.0611012],[-0.501209,-0.795398,0.34078],[-0.236278,-0.253056,-0.938155]]],"btipPosition":[181.402,95.521,19.2052],"carpPosition":[210.193,128.385,51.7226],"dipPosition":[177.221,91.043,2.60392],"direction":[-0.143194,-0.320333,0.93642],"extended":false,"handId":49,"id":492,"length":63.0973,"mcpPosition":[205.986,136.185,-12.3915],"pipPosition":[181.056,99.6207,-22.471],"stabilizedTipPosition":[180.643,98.0455,3.81505],"timeVisible":11.0985,"tipPosition":[183.13,94.8512,4.20783],"tipVelocity":[-15.4724,-5.0472,-36.5029],"tool":false,"touchDistance":0.333333,"touchZone":"none","type":2,"width":17.7381},{"bases":[[[-0.850804,0.456679,0.259955],[0.494976,0.862582,0.104651],[0.17644,-0.217709,0.959933]],[[-0.859853,0.468912,0.201925],[0.0328593,0.445522,-0.894668],[0.509483,0.762648,0.398491]],[[-0.859853,0.468912,0.201925],[-0.505782,-0.728501,-0.462029],[0.069548,0.499407,-0.863571]],[[-0.859853,0.468912,0.201925],[-0.46111,-0.883057,0.0871054],[-0.219156,0.0182121,-0.97552]]],"btipPosition":[171.509,102.59,19.5555],"carpPosition":[201.156,135.374,52.4138],"dipPosition":[167.653,102.911,2.39225],"direction":[-0.069548,-0.499407,0.863571],"extended":false,"handId":49,"id":493,"length":60.6698,"mcpPosition":[190.903,148.025,-3.36904],"pipPosition":[169.468,115.938,-20.1348],"stabilizedTipPosition":[171.394,101.854,11.5369],"timeVisible":11.0985,"tipPosition":[173.723,108.816,5.49073],"tipVelocity":[7.22956,8.95925,-20.2711],"tool":false,"touchDistance":0.333333,"touchZone":"none","type":3,"width":16.879},{"bases":[[[-0.894675,0.279569,0.348421],[0.37025,0.900466,0.228203],[0.249942,-0.33317,0.909135]],[[-0.921224,0.324342,0.214824],[-0.0176448,0.516796,-0.855927],[0.388633,0.792291,0.470361]],[[-0.921224,0.324342,0.214824],[-0.388558,-0.739787,-0.549307],[0.0192396,0.589506,-0.807535]],[[-0.921224,0.324342,0.214824],[-0.323387,-0.945396,0.0405944],[-0.21626,0.0320746,-0.975809]]],"btipPosition":[165.044,117.303,21.0936],"carpPosition":[188.273,137.14,54.9484],"dipPosition":[161.534,117.824,5.25506],"direction":[-0.0192396,-0.589506,0.807535],"extended":false,"handId":49,"id":494,"length":47.564,"mcpPosition":[174.828,155.062,6.0434],"pipPosition":[161.888,128.681,-9.61792],"stabilizedTipPosition":[166.535,114.873,14.997],"timeVisible":11.0985,"tipPosition":[164.455,123.917,7.02802],"tipVelocity":[-12.2213,-18.115,-37.6951],"tool":false,"touchDistance":0.333333,"touchZone":"none","type":4,"width":14.9932}],"r":[[0.486915,-0.873449,-0.00086265],[0.783025,0.436945,-0.442663],[0.38702,0.214864,0.896688]],"s":1.02058,"t":[-15.0848,4.21181,-8.22821],"timestamp":7311818032},{"currentFrameRate":110.277,"devices":[],"gestures":[],"hands":[{"armBasis":[[-0.645007,0.633337,0.427609],[0.629541,0.757584,-0.172466],[0.43318,-0.157956,0.887359]],"armWidth":59.4124,"confidence":0.38717,"direction":[0.0209274,0.253755,-0.967042],"elbow":[309.794,80.1954,301.418],"grabAngle":2.61923,"grabStrength":0,"id":49,"palmNormal":[-0.66988,-0.714469,-0.201975],"palmPosition":[200.654,129.242,9.68562],"palmVelocity":[-29.2822,-13.7809,-25.7649],"palmWidth":84.2458,"pinchDistance":67.7401,"pinchStrength":0.568009,"r":[[0.444663,-0.895627,0.0112357],[0.802096,0.392581,-0.450024],[0.398643,0.209121,0.892946]],"s":1.0174,"sphereCenter":[188.115,106.23,-16.5077],"sphereRadius":42.1048,"stabilizedPalmPosition":[202.871,129.278,11.3573],"t":[-15.4404,4.09525,-8.52337],"timeVisible":11.1068,"type":"left","wrist":[201.292,119.76,79.1532]}],"id":61166,"interactionBox":{"center":[0,200,0],"size":[235.247,235.247,147.751]},"pointables":[{"bases":[[[-0.728124,0.685379,-0.00953597],[0.684014,0.727433,0.0544644],[-0.0442656,-0.0331341,0.99847]],[[-0.72391,0.667708,0.173551],[0.688838,0.685642,0.235366],[-0.0381619,-0.289932,0.956286]],[[-0.72391,0.667708,0.173551],[0.679162,0.73393,0.00922717],[0.121213,-0.124549,0.984782]],[[-0.72391,0.667708,0.173551],[0.663211,0.742818,-0.091503],[0.190014,-0.0488608,0.980565]]],"btipPosition":[215.46,136.718,-92.5797],"carpPosition":[216.704,119.158,52.0727],"dipPosition":[218.508,135.935,-76.8523],"direction":[-0.121213,0.124549,-0.984782],"extended":true,"handId":49,"id":491,"length":55.2056,"mcpPosition":[219.719,121.415,-15.9397],"pipPosition":[221.258,133.109,-54.5076],"stabilizedTipPosition":[216.367,136.601,-88.9839],"timeVisible":11.1068,"tipPosition":[222.378,137.486,-89.7867],"tipVelocity":[-44.3267,-34.7829,10.1699],"tool":false,"touchDistance":0.333399,"touchZone":"hovering","type":1,"width":18.0751},{"bases":[[[0.304594,0.950931,0.0543359],[0.88871,-0.30426,0.342959],[-0.342662,0.0561742,0.937778]],[[0.366195,0.921173,-0.131692],[0.89316,-0.387655,-0.228012],[0.261089,0.034125,0.964711]],[[0.366195,0.921173,-0.131692],[0.705158,-0.36705,-0.606652],[0.607168,-0.129289,0.783984]],[[0.366195,0.921173,-0.131692],[0.502523,-0.314878,-0.805185],[0.783181,-0.228676,0.578217]]],"btipPosition":[161.161,106.378,-25.4888],"carpPosition":[209.892,98.7962,56.9823],"dipPosition":[178.368,101.354,-12.7852],"direction":[-0.607168,0.129289,-0.783984],"extended":false,"handId":49,"id":490,"length":48.9242,"mcpPosition":[209.892,98.7962,56.9823],"pipPosition":[197.801,97.2159,12.3079],"stabilizedTipPosition":[166.296,106.721,-19.6623],"timeVisible":11.1068,"tipPosition":[170.089,103.213,-22.6678],"tipVelocity":[71.6267,-35.5743,-85.3419],"tool":false,"touchDistance":0.333333,"touchZone":"hovering","type":0,"width":18.9228},{"bases":[[[-0.833278,0.540482,0.116304],[0.549931,0.831928,0.0739762],[0.0567741,-0.125602,0.990455]],[[-0.835183,0.547041,0.0567035],[0.0788004,0.221067,-0.97207],[0.544297,0.807388,0.227738]],[[-0.835183,0.547041,0.0567035],[-0.529606,-0.772172,-0.351095],[0.148279,0.32326,-0.934621]],[[-0.835183,0.547041,0.0567035],[-0.500879,-0.799158,0.332364],[-0.227132,-0.249183,-0.941445]]],"btipPosition":[181.32,95.429,18.7857],"carpPosition":[209.567,128.082,51.5133],"dipPosition":[177.313,91.0332,2.17769],"direction":[-0.148279,-0.32326,0.934621],"extended":false,"handId":49,"id":492,"length":62.9023,"mcpPosition":[205.9,136.195,-12.467],"pipPosition":[181.271,99.6625,-22.7717],"stabilizedTipPosition":[180.611,97.5781,5.25167],"timeVisible":11.1068,"tipPosition":[183.037,94.6931,3.83437],"tipVelocity":[-5.12054,-8.86387,-51.0554],"tool":false,"touchDistance":0.333333,"touchZone":"none","type":2,"width":17.7521},{"bases":[[[-0.85491,0.451845,0.254881],[0.490521,0.863989,0.113632],[0.16887,-0.22217,0.960273]],[[-0.863498,0.464354,0.19684],[0.0348719,0.444318,-0.89519],[0.503145,0.766131,0.399861]],[[-0.863498,0.464354,0.19684],[-0.49936,-0.732377,-0.462886],[0.070782,0.497996,-0.864286]],[[-0.863498,0.464354,0.19684],[-0.455382,-0.885585,0.0914628],[-0.21679,0.0106595,-0.97616]]],"btipPosition":[171.586,102.625,19.2895],"carpPosition":[200.521,135.011,52.1565],"dipPosition":[167.783,102.812,2.16807],"direction":[-0.070782,-0.497996,0.864286],"extended":false,"handId":49,"id":493,"length":60.4822,"mcpPosition":[190.727,147.896,-3.53654],"pipPosition":[169.624,115.763,-20.3079],"stabilizedTipPosition":[171.255,102.019,12.3117],"timeVisible":11.1068,"tipPosition":[173.506,108.415,5.28275],"tipVelocity":[10.7405,0.528971,-31.0882],"tool":false,"touchDistance":0.333333,"touchZone":"none","type":3,"width":16.8923},{"bases":[[[-0.898837,0.274086,0.342006],[0.364559,0.900704,0.236281],[0.243285,-0.33706,0.909507]],[[-0.924315,0.319274,0.209057],[-0.0149384,0.517113,-0.855787],[0.381337,0.79414,0.473206]],[[-0.924315,0.319274,0.209057],[-0.38104,-0.741674,-0.552021],[0.0211938,0.589901,-0.807197]],[[-0.924315,0.319274,0.209057],[-0.319037,-0.947066,0.0357928],[-0.209419,0.0336133,-0.977248]]],"btipPosition":[164.923,117.066,20.6749],"carpPosition":[187.642,136.705,54.5775],"dipPosition":[161.534,117.609,4.86197],"direction":[-0.0211938,-0.589901,0.807197],"extended":false,"handId":49,"id":494,"length":47.417,"mcpPosition":[174.581,154.801,5.74849],"pipPosition":[161.923,128.441,-9.95884],"stabilizedTipPosition":[166.087,115.308,15.3796],"timeVisible":11.1068,"tipPosition":[164.26,123.563,6.64401],"tipVelocity":[-11.2993,-28.1882,-50.0612],"tool":false,"touchDistance":0.333333,"touchZone":"none","type":4,"width":15.005}],"r":[[0.444663,-0.895627,0.0112357],[0.802096,0.392581,-0.450024],[0.398643,0.209121,0.892946]],"s":1.0174,"t":[-15.4404,4.09525,-8.52337],"timestamp":7311826279},{"currentFrameRate":110.523,"devices":[],"gestures":[],"hands":[{"armBasis":[[-0.647899,0.629301,0.429194],[0.62529,0.761171,-0.17214],[0.435018,-0.156841,0.886657]],"armWidth":59.4026,"confidence":0.425046,"direction":[0.0260881,0.256866,-0.966095],"elbow":[309.513,80.267,300.498],"grabAngle":2.62377,"grabStrength":0,"id":49,"palmNormal":[-0.664785,-0.7173,-0.208668],"palmPosition":[200.467,129.138,9.55382],"palmVelocity":[-21.7412,-12.0519,-15.3047],"palmWidth":84.1133,"pinchDistance":66.9534,"pinchStrength":0.557082,"r":[[0.411058,-0.911361,0.0212663],[0.816082,0.357486,-0.454108],[0.406254,0.20402,0.890693]],"s":1.01397,"sphereCenter":[187.031,106.48,-16.4489],"sphereRadius":41.7445,"stabilizedPalmPosition":[202.265,129.243,10.9025],"t":[-15.7118,3.98507,-8.73686],"timeVisible":11.1154,"type":"left","wrist":[200.764,119.475,78.8446]}],"id":61167,"interactionBox":{"center":[0,200,0],"size":[235.247,235.247,147.751]},"pointables":[{"bases":[[[-0.7316,0.681622,-0.0123203],[0.679839,0.730795,0.0612956],[-0.050784,-0.0364681,0.998044]],[[-0.728371,0.663117,0.172487],[0.684514,0.693098,0.225955],[-0.0302841,-0.282649,0.958745]],[[-0.728371,0.663117,0.172487],[0.672344,0.740209,-0.00654765],[0.132019,-0.111202,0.98499]],[[-0.728371,0.663117,0.172487],[0.659587,0.746745,-0.0855438],[0.185529,-0.0514628,0.98129]]],"btipPosition":[214.968,136.217,-92.4821],"carpPosition":[216.252,119.025,51.9597],"dipPosition":[217.936,135.394,-76.782],"direction":[-0.132019,0.111202,-0.98499],"extended":true,"handId":49,"id":491,"length":55.0688,"mcpPosition":[219.706,121.505,-15.9167],"pipPosition":[220.924,132.877,-54.488],"stabilizedTipPosition":[215.883,136.214,-88.9077],"timeVisible":11.1154,"tipPosition":[222.271,137.669,-89.6782],"tipVelocity":[-59.3013,-59.2956,10.6052],"tool":false,"touchDistance":0.333333,"touchZone":"hovering","type":1,"width":18.0862},{"bases":[[[0.29927,0.952324,0.059305],[0.887962,-0.300715,0.347985],[-0.349228,0.051481,0.935623]],[[0.362184,0.923536,-0.126109],[0.89802,-0.381984,-0.218284],[0.249765,0.0341895,0.967703]],[[0.362184,0.923536,-0.126109],[0.713266,-0.3617,-0.600354],[0.600063,-0.127489,0.789729]],[[0.362184,0.923536,-0.126109],[0.510367,-0.309699,-0.802254],[0.779967,-0.226202,0.58351]]],"btipPosition":[161.732,106.101,-26.0025],"carpPosition":[209.528,98.6537,56.725],"dipPosition":[178.826,101.144,-13.2145],"direction":[-0.600063,0.127489,-0.789729],"extended":false,"handId":49,"id":490,"length":48.803,"mcpPosition":[209.528,98.6537,56.725],"pipPosition":[197.984,97.0735,11.9999],"stabilizedTipPosition":[166.171,106.372,-20.336],"timeVisible":11.1154,"tipPosition":[170.136,103.101,-23.0835],"tipVelocity":[63.305,-30.3591,-57.3977],"tool":false,"touchDistance":0.333333,"touchZone":"hovering","type":0,"width":18.9345},{"bases":[[[-0.83684,0.535792,0.112365],[0.545086,0.834532,0.0802272],[0.0507869,-0.128386,0.990423]],[[-0.83838,0.542526,0.0527727],[0.0817999,0.220942,-0.971851],[0.538914,0.810463,0.229611]],[[-0.83838,0.542526,0.0527727],[-0.523955,-0.775396,-0.352465],[0.150302,0.32315,-0.934336]],[[-0.83838,0.542526,0.0527727],[-0.498179,-0.801925,0.329748],[-0.221217,-0.250164,-0.942593]]],"btipPosition":[181.38,95.3897,18.6051],"carpPosition":[209.09,127.893,51.3794],"dipPosition":[177.487,90.9875,2.01806],"direction":[-0.150302,-0.32315,0.934336],"extended":false,"handId":49,"id":492,"length":62.7465,"mcpPosition":[205.814,136.174,-12.4982],"pipPosition":[181.49,99.5925,-22.8619],"stabilizedTipPosition":[180.597,97.2176,6.32612],"timeVisible":11.1154,"tipPosition":[183.019,94.5141,3.69923],"tipVelocity":[10.0448,-4.7313,-20.4094],"tool":false,"touchDistance":0.333333,"touchZone":"none","type":2,"width":17.7631},{"bases":[[[-0.858939,0.446614,0.250519],[0.485246,0.866162,0.119582],[0.163583,-0.224277,0.960698]],[[-0.867203,0.459258,0.192461],[0.0348351,0.441507,-0.896581],[0.496735,0.770813,0.398875]],[[-0.867203,0.459258,0.192461],[-0.493034,-0.737702,-0.461208],[0.0698347,0.494851,-0.866167]],[[-0.867203,0.459258,0.192461],[-0.449124,-0.888297,0.0959983],[-0.215051,0.003189,-0.976598]]],"btipPosition":[171.719,102.603,19.2159],"carpPosition":[200.024,134.758,51.9787],"dipPosition":[167.957,102.658,2.1292],"direction":[-0.0698347,-0.494851,0.866167],"extended":false,"handId":49,"id":493,"length":60.3324,"mcpPosition":[190.551,147.745,-3.65136],"pipPosition":[169.768,115.495,-20.3399],"stabilizedTipPosition":[171.159,102.163,13.0266],"timeVisible":11.1154,"tipPosition":[173.379,108.015,5.22159],"tipVelocity":[16.6138,-6.11599,-7.62185],"tool":false,"touchDistance":0.333333,"touchZone":"none","type":3,"width":16.9027},{"bases":[[[-0.902524,0.268359,0.336801],[0.358276,0.901842,0.241493],[0.238934,-0.338621,0.91008]],[[-0.927276,0.31364,0.204422],[-0.0144243,0.515694,-0.856651],[0.3741,0.797301,0.473667]],[[-0.927276,0.31364,0.204422],[-0.373788,-0.74498,-0.552528],[0.0210052,0.588757,-0.808037]],[[-0.927276,0.31364,0.204422],[-0.313497,-0.948982,0.0339558],[-0.204642,0.0325991,-0.978294]]],"btipPosition":[164.871,116.815,20.4345],"carpPosition":[187.147,136.373,54.3111],"dipPosition":[161.568,117.341,4.6439],"direction":[-0.0210052,-0.588757,0.808037],"extended":false,"handId":49,"id":494,"length":47.2995,"mcpPosition":[174.34,154.524,5.52812],"pipPosition":[161.953,128.124,-10.1556],"stabilizedTipPosition":[165.708,115.62,15.6524],"timeVisible":11.1154,"tipPosition":[164.124,123.182,6.41331],"tipVelocity":[-3.70926,-29.6057,-27.3143],"tool":false,"touchDistance":0.333333,"touchZone":"none","type":4,"width":15.0143}],"r":[[0.411058,-0.911361,0.0212663],[0.816082,0.357486,-0.454108],[0.406254,0.20402,0.890693]],"s":1.01397,"t":[-15.7118,3.98507,-8.73686],"timestamp":7311834891},{"currentFrameRate":110.76,"devices":[],"gestures":[],"hands":[{"armBasis":[[-0.653237,0.623798,0.429135],[0.622087,0.765267,-0.165453],[0.431612,-0.158879,0.887958]],"armWidth":59.3944,"confidence":0.461482,"direction":[0.0299611,0.259094,-0.965387],"elbow":[307.98,79.5481,300.124],"grabAngle":2.62822,"grabStrength":0,"id":49,"palmNormal":[-0.659358,-0.720759,-0.213903],"palmPosition":[200.278,129.026,9.34057],"palmVelocity":[-21.9183,-13.0596,-24.7674],"palmWidth":84.0073,"pinchDistance":66.4261,"pinchStrength":0.552174,"r":[[0.384821,-0.92252,0.029497],[0.826467,0.330173,-0.456003],[0.410932,0.199857,0.88949]],"s":1.01041,"sphereCenter":[186.036,106.697,-16.4872],"sphereRadius":41.4512,"stabilizedPalmPosition":[201.805,129.193,10.5412],"t":[-15.9419,3.87377,-8.95022],"timeVisible":11.124,"type":"left","wrist":[200.252,119.203,78.4947]}],"id":61168,"interactionBox":{"center":[0,200,0],"size":[235.247,235.247,147.751]},"pointables":[{"bases":[[[-0.735537,0.677319,-0.0149684],[0.675155,0.734659,0.0666462],[-0.0561374,-0.0389148,0.997664]],[[-0.733091,0.658157,0.171485],[0.67971,0.700105,0.218738],[-0.0239061,-0.276915,0.960597]],[[-0.733091,0.658157,0.171485],[0.665232,0.746351,-0.0206467],[0.141577,-0.0989416,0.98497]],[[-0.733091,0.658157,0.171485],[0.654631,0.751202,-0.0845799],[0.184487,-0.0502548,0.981549]]],"btipPosition":[214.489,135.729,-92.4895],"carpPosition":[215.86,118.93,51.767],"dipPosition":[217.435,134.927,-76.8165],"direction":[-0.141577,0.0989416,-0.98497],"extended":true,"handId":49,"id":491,"length":54.9595,"mcpPosition":[219.673,121.573,-15.9981],"pipPosition":[220.633,132.692,-54.5672],"stabilizedTipPosition":[215.378,135.742,-88.8915],"timeVisible":11.124,"tipPosition":[222.101,137.745,-89.6933],"tipVelocity":[-56.1841,-56.1085,-1.5906],"tool":false,"touchDistance":0.333333,"touchZone":"hovering","type":1,"width":18.0951},{"bases":[[[0.2933,0.953943,0.0629961],[0.887768,-0.29622,0.352309],[-0.354743,0.0474062,0.933761]],[[0.35802,0.925436,-0.124057],[0.902312,-0.377079,-0.208912],[0.240114,0.037143,0.970034]],[[0.35802,0.925436,-0.124057],[0.719081,-0.358029,-0.595599],[0.595604,-0.124029,0.793645]],[[0.35802,0.925436,-0.124057],[0.508418,-0.304657,-0.805416],[0.783156,-0.225282,0.579582]]],"btipPosition":[162.054,105.707,-26.3053],"carpPosition":[209.242,98.5418,56.4228],"dipPosition":[179.183,100.78,-13.6286],"direction":[-0.595604,0.124029,-0.793645],"extended":false,"handId":49,"id":490,"length":48.7062,"mcpPosition":[209.242,98.5418,56.4228],"pipPosition":[198.162,96.8279,11.6606],"stabilizedTipPosition":[166.133,105.991,-20.9836],"timeVisible":11.124,"tipPosition":[170.208,102.911,-23.5187],"tipVelocity":[38.3036,-44.9559,-38.1436],"tool":false,"touchDistance":0.333333,"touchZone":"hovering","type":0,"width":18.9437},{"bases":[[[-0.840607,0.530602,0.108817],[0.539687,0.837559,0.0850435],[0.046016,-0.130215,0.990417]],[[-0.841862,0.537227,0.0515356],[0.0829581,0.22317,-0.971243],[0.533279,0.813377,0.232446]],[[-0.841862,0.537227,0.0515356],[-0.518411,-0.778417,-0.354],[0.150062,0.324736,-0.933824]],[[-0.841862,0.537227,0.0515356],[-0.494145,-0.805684,0.326639],[-0.217001,-0.249519,-0.943743]]],"btipPosition":[181.499,95.2412,18.2889],"carpPosition":[208.662,127.741,51.1651],"dipPosition":[177.688,90.859,1.71457],"direction":[-0.150062,-0.324736,0.933824],"extended":false,"handId":49,"id":492,"length":62.6219,"mcpPosition":[205.698,136.129,-12.6316],"pipPosition":[181.676,99.4891,-23.1024],"stabilizedTipPosition":[180.599,96.9212,7.13569],"timeVisible":11.124,"tipPosition":[183.036,94.311,3.46002],"tipVelocity":[15.972,-16.7169,-36.3865],"tool":false,"touchDistance":0.333333,"touchZone":"none","type":2,"width":17.7717},{"bases":[[[-0.862949,0.440998,0.246656],[0.479443,0.86875,0.12413],[0.159541,-0.225375,0.961121]],[[-0.870963,0.453719,0.18858],[0.0341704,0.438802,-0.897934],[0.490159,0.775623,0.397684]],[[-0.870963,0.453719,0.18858],[-0.486568,-0.743027,-0.459525],[0.0683756,0.491986,-0.867914]],[[-0.870963,0.453719,0.18858],[-0.442478,-0.891136,0.100453],[-0.213627,-0.00404852,-0.976907]]],"btipPosition":[171.835,102.52,19.0626],"carpPosition":[199.569,134.539,51.7248],"dipPosition":[168.105,102.449,2.00439],"direction":[-0.0683756,-0.491986,0.867914],"extended":false,"handId":49,"id":493,"length":60.2126,"mcpPosition":[190.342,147.573,-3.85961],"pipPosition":[169.875,115.186,-20.4653],"stabilizedTipPosition":[171.116,102.242,13.5209],"timeVisible":11.124,"tipPosition":[173.28,107.619,5.07395],"tipVelocity":[14.3234,-12.9957,-17.0464],"tool":false,"touchDistance":0.333333,"touchZone":"none","type":3,"width":16.9109},{"bases":[[[-0.90596,0.262304,0.332314],[0.351585,0.903418,0.245404],[0.235848,-0.339163,0.910683]],[[-0.930193,0.307587,0.20033],[-0.0145043,0.514526,-0.857352],[0.366785,0.800408,0.474147]],[[-0.930193,0.307587,0.20033],[-0.366507,-0.747976,-0.553357],[0.0203636,0.588151,-0.808495]],[[-0.930193,0.307587,0.20033],[-0.307388,-0.951015,0.0328963],[-0.200635,0.0309791,-0.979176]]],"btipPosition":[164.805,116.526,20.1126],"carpPosition":[186.692,136.068,53.9828],"dipPosition":[161.573,117.025,4.33911],"direction":[-0.0203636,-0.588151,0.808495],"extended":false,"handId":49,"id":494,"length":47.2056,"mcpPosition":[174.065,154.226,5.22906],"pipPosition":[161.945,127.776,-10.4393],"stabilizedTipPosition":[165.409,115.805,15.8034],"timeVisible":11.124,"tipPosition":[163.99,122.792,6.10184],"tipVelocity":[-5.82134,-34.2647,-36.9327],"tool":false,"touchDistance":0.333333,"touchZone":"none","type":4,"width":15.0216}],"r":[[0.384821,-0.92252,0.029497],[0.826467,0.330173,-0.456003],[0.410932,0.199857,0.88949]],"s":1.01041,"t":[-15.9419,3.87377,-8.95022],"timestamp":7311843501},{"currentFrameRate":110.923,"devices":[],"gestures":[],"hands":[{"armBasis":[[-0.656709,0.620145,0.429131],[0.621241,0.767452,-0.158357],[0.427542,-0.1626,0.889252]],"armWidth":59.3877,"confidence":0.496893,"direction":[0.0314956,0.255237,-0.966365],"elbow":[306.394,78.6998,299.96],"grabAngle":2.62841,"grabStrength":0,"id":49,"palmNormal":[-0.655779,-0.724372,-0.212695],"palmPosition":[200.015,128.85,9.19574],"palmVelocity":[-30.1631,-20.1243,-16.5939],"palmWidth":83.9225,"pinchDistance":66.3694,"pinchStrength":0.55741,"r":[[0.364356,-0.930521,0.0370977],[0.834202,0.308416,-0.457151],[0.413947,0.197513,0.888615]],"s":1.0074,"sphereCenter":[185.177,106.75,-16.3726],"sphereRadius":41.2341,"stabilizedPalmPosition":[201.363,129.108,10.2088],"t":[-16.1885,3.73029,-9.12932],"timeVisible":11.1327,"type":"left","wrist":[199.817,119.233,78.2873]}],"id":61169,"interactionBox":{"center":[0,200,0],"size":[235.247,235.247,147.751]},"pointables":[{"bases":[[[-0.738299,0.674185,-0.0197423],[0.671917,0.737731,0.0654248],[-0.0586729,-0.0350379,0.997662]],[[-0.735893,0.65504,0.171417],[0.676832,0.70455,0.213326],[-0.0189652,-0.273006,0.961825]],[[-0.735893,0.65504,0.171417],[0.660225,0.750344,-0.0329618],[0.150213,-0.0889176,0.984647]],[[-0.735893,0.65504,0.171417],[0.650361,0.754248,-0.0902259],[0.188393,-0.0450864,0.981058]]],"btipPosition":[213.854,135.052,-92.4318],"carpPosition":[215.503,119.006,51.6687],"dipPosition":[216.857,134.333,-76.7916],"direction":[-0.150213,0.0889176,-0.984647],"extended":true,"handId":49,"id":491,"length":54.8721,"mcpPosition":[219.485,121.383,-16.0279],"pipPosition":[220.245,132.327,-54.5849],"stabilizedTipPosition":[214.763,135.111,-88.8495],"timeVisible":11.1327,"tipPosition":[221.762,137.156,-89.7743],"tipVelocity":[-71.2914,-75.4118,5.748],"tool":false,"touchDistance":0.333333,"touchZone":"hovering","type":1,"width":18.102},{"bases":[[[0.289166,0.955407,0.059843],[0.888034,-0.291068,0.355913],[-0.35746,0.0497754,0.932601]],[[0.357142,0.924202,-0.135281],[0.904825,-0.378266,-0.195468],[0.231824,0.0525962,0.971335]],[[0.357142,0.924202,-0.135281],[0.718787,-0.364427,-0.592063],[0.596486,-0.114212,0.794456]],[[0.357142,0.924202,-0.135281],[0.502117,-0.31209,-0.806522],[0.787609,-0.220115,0.575518]]],"btipPosition":[162.106,104.652,-26.2405],"carpPosition":[208.966,98.6361,56.3679],"dipPosition":[179.306,99.8456,-13.6727],"direction":[-0.596486,0.114212,-0.794456],"extended":false,"handId":49,"id":490,"length":48.6287,"mcpPosition":[208.966,98.6361,56.3679],"pipPosition":[198.282,96.2121,11.6021],"stabilizedTipPosition":[166.114,105.345,-21.6087],"timeVisible":11.1327,"tipPosition":[169.982,102.517,-23.6248],"tipVelocity":[7.88372,-117.701,4.55857],"tool":false,"touchDistance":0.333333,"touchZone":"hovering","type":0,"width":18.951},{"bases":[[[-0.843093,0.527543,0.104365],[0.535974,0.840141,0.0830329],[0.0438779,-0.125941,0.991067]],[[-0.843882,0.53031,0.0814511],[0.0560726,0.238152,-0.969608],[0.533591,0.813667,0.230708]],[[-0.843882,0.53031,0.0814511],[-0.522361,-0.777419,-0.35037],[0.122483,0.338218,-0.933063]],[[-0.843882,0.53031,0.0814511],[-0.480576,-0.814615,0.32473],[-0.238559,-0.23489,-0.942293]]],"btipPosition":[182.393,94.4263,18.1406],"carpPosition":[208.281,127.772,51.0108],"dipPosition":[178.21,90.3077,1.61808],"direction":[-0.122483,-0.338218,0.933063],"extended":false,"handId":49,"id":492,"length":62.5223,"mcpPosition":[205.458,135.876,-12.7632],"pipPosition":[181.46,99.2817,-23.1393],"stabilizedTipPosition":[180.717,96.435,8.15327],"timeVisible":11.1327,"tipPosition":[182.833,94.0026,4.14124],"tipVelocity":[92.624,-86.4181,-15.6232],"tool":false,"touchDistance":0.333333,"touchZone":"none","type":2,"width":17.7786},{"bases":[[[-0.865436,0.438415,0.242513],[0.475495,0.871242,0.121828],[0.157876,-0.220748,0.962468]],[[-0.873346,0.450863,0.184363],[0.034303,0.434478,-0.900029],[0.485891,0.779712,0.394916]],[[-0.873346,0.450863,0.184363],[-0.481959,-0.744995,-0.461192],[0.0705851,0.491636,-0.867936]],[[-0.873346,0.450863,0.184363],[-0.439218,-0.892555,0.102142],[-0.210606,-0.00822985,-0.977536]]],"btipPosition":[171.641,102.208,18.9219],"carpPosition":[199.172,134.525,51.5154],"dipPosition":[167.969,102.065,1.87983],"direction":[-0.0705851,-0.491636,0.867936],"extended":false,"handId":49,"id":493,"length":60.1169,"mcpPosition":[190.05,147.278,-4.09082],"pipPosition":[169.794,114.772,-20.5547],"stabilizedTipPosition":[171.03,102.224,13.9225],"timeVisible":11.1327,"tipPosition":[173.108,107.293,4.98586],"tipVelocity":[-20.7189,-37.645,-15.696],"tool":false,"touchDistance":0.333333,"touchZone":"none","type":3,"width":16.9174},{"bases":[[[-0.907936,0.259898,0.328793],[0.347167,0.905877,0.242614],[0.234791,-0.334424,0.912707]],[[-0.931998,0.304532,0.19657],[-0.0143719,0.510843,-0.859554],[0.362178,0.803928,0.471728]],[[-0.931998,0.304532,0.19657],[-0.361902,-0.751689,-0.551353],[0.0201448,0.584999,-0.810784]],[[-0.931998,0.304532,0.19657],[-0.303465,-0.952152,0.0362771],[-0.198212,0.0258419,-0.979819]]],"btipPosition":[164.613,116.276,19.9069],"carpPosition":[186.299,136.006,53.7279],"dipPosition":[161.425,116.692,4.1482],"direction":[-0.0201448,-0.584999,0.810784],"extended":false,"handId":49,"id":494,"length":47.1305,"mcpPosition":[173.742,153.892,4.91516],"pipPosition":[161.793,127.368,-10.6485],"stabilizedTipPosition":[165.103,115.919,15.8994],"timeVisible":11.1327,"tipPosition":[163.762,122.429,5.92516],"tipVelocity":[-20.7801,-30.8118,-23.1739],"tool":false,"touchDistance":0.333333,"touchZone":"none","type":4,"width":15.0274}],"r":[[0.364356,-0.930521,0.0370977],[0.834202,0.308416,-0.457151],[0.413947,0.197513,0.888615]],"s":1.0074,"t":[-16.1885,3.73029,-9.12932],"timestamp":7311852229},{"currentFrameRate":111.126,"devices":[],"gestures":[],"hands":[{"armBasis":[[-0.655649,0.620151,0.43074],[0.622203,0.766932,-0.157095],[0.427771,-0.165008,0.888698]],"armWidth":59.3822,"confidence":0.53039,"direction":[0.0321865,0.249797,-0.967763],"elbow":[305.911,78.2298,299.399],"grabAngle":2.62748,"grabStrength":0,"id":49,"palmNormal":[-0.655364,-0.725783,-0.209135],"palmPosition":[199.625,128.618,9.03244],"palmVelocity":[-45.075,-26.9058,-18.9002],"palmWidth":83.8547,"pinchDistance":66.3609,"pinchStrength":0.567143,"r":[[0.347909,-0.936481,0.0443077],[0.840095,0.290425,-0.458141],[0.416172,0.196614,0.887775]],"s":1.00466,"sphereCenter":[184.264,106.716,-16.2924],"sphereRadius":41.0724,"stabilizedPalmPosition":[200.907,128.98,9.9004],"t":[-16.5066,3.54232,-9.30052],"timeVisible":11.1413,"type":"left","wrist":[199.384,119.321,78.0881]}],"id":61170,"interactionBox":{"center":[0,200,0],"size":[235.247,235.247,147.751]},"pointables":[{"bases":[[[-0.73851,0.67381,-0.0241339],[0.671615,0.738318,0.0618047],[-0.0594632,-0.0294347,0.997796]],[[-0.735871,0.655027,0.171563],[0.676924,0.705529,0.209768],[-0.0163612,-0.270497,0.962582]],[[-0.735871,0.655027,0.171563],[0.658991,0.751038,-0.0409047],[0.155644,-0.0829579,0.984324]],[[-0.735871,0.655027,0.171563],[0.649001,0.754555,-0.0971848],[0.193112,-0.039829,0.980368]]],"btipPosition":[213.173,134.356,-92.4263],"carpPosition":[215.067,119.027,51.5433],"dipPosition":[216.248,133.721,-76.817],"direction":[-0.155644,0.0829579,-0.984324],"extended":true,"handId":49,"id":491,"length":54.8022,"mcpPosition":[219.098,121.023,-16.1077],"pipPosition":[219.753,131.853,-54.6459],"stabilizedTipPosition":[214.092,134.426,-88.8394],"timeVisible":11.1413,"tipPosition":[221.249,136.315,-89.9354],"tipVelocity":[-76.9081,-78.2964,-0.185601],"tool":false,"touchDistance":0.333333,"touchZone":"hovering","type":1,"width":18.1075},{"bases":[[[0.288796,0.955827,0.0546892],[0.887846,-0.288754,0.35826],[-0.358227,0.0549085,0.932019]],[[0.358987,0.921736,-0.146736],[0.905736,-0.381991,-0.183645],[0.225324,0.0669782,0.971979]],[[0.358987,0.921736,-0.146736],[0.717263,-0.373043,-0.588535],[0.597213,-0.106028,0.795044]],[[0.358987,0.921736,-0.146736],[0.491725,-0.320405,-0.809659],[0.793307,-0.218503,0.568261]]],"btipPosition":[161.889,103.754,-26.0716],"carpPosition":[208.54,98.7033,56.3335],"dipPosition":[179.191,98.9884,-13.678],"direction":[-0.597213,0.106028,-0.795044],"extended":false,"handId":49,"id":490,"length":48.5668,"mcpPosition":[208.54,98.7033,56.3335],"pipPosition":[198.166,95.6196,11.5832],"stabilizedTipPosition":[166.038,104.516,-22.1065],"timeVisible":11.1413,"tipPosition":[169.502,102.109,-23.6485],"tipVelocity":[-22.4436,-102.895,14.9112],"tool":false,"touchDistance":0.333333,"touchZone":"hovering","type":0,"width":18.9568},{"bases":[[[-0.843355,0.527834,0.100714],[0.535624,0.840779,0.0787263],[0.0431235,-0.120339,0.991796]],[[-0.842937,0.526742,0.109544],[0.0325813,0.253214,-0.966862],[0.537024,0.811435,0.230605]],[[-0.842937,0.526742,0.109544],[-0.528837,-0.773764,-0.348741],[0.0989352,0.351898,-0.930795]],[[-0.842937,0.526742,0.109544],[-0.470718,-0.820656,0.323958],[-0.26054,-0.221512,-0.939708]]],"btipPosition":[182.897,93.6211,17.8246],"carpPosition":[207.851,127.777,50.8302],"dipPosition":[178.335,89.742,1.36831],"direction":[-0.0989352,-0.351898,0.930795],"extended":false,"handId":49,"id":492,"length":62.4427,"mcpPosition":[205.078,135.515,-12.9392],"pipPosition":[180.957,99.0672,-23.2974],"stabilizedTipPosition":[180.914,95.7894,9.17869],"timeVisible":11.1413,"tipPosition":[182.421,93.6727,4.78483],"tipVelocity":[48.2779,-86.8165,-34.8186],"tool":false,"touchDistance":0.333333,"touchZone":"none","type":2,"width":17.784},{"bases":[[[-0.865779,0.439479,0.239344],[0.475103,0.872077,0.117297],[0.157177,-0.215266,0.963824]],[[-0.873646,0.451596,0.181118],[0.0360377,0.431275,-0.9015],[0.485226,0.781065,0.393056]],[[-0.873646,0.451596,0.181118],[-0.480781,-0.744013,-0.463998],[0.0747855,0.492448,-0.867123]],[[-0.873646,0.451596,0.181118],[-0.439286,-0.892134,0.105475],[-0.209214,-0.0125854,-0.977789]]],"btipPosition":[171.185,101.934,18.692],"carpPosition":[198.749,134.522,51.2872],"dipPosition":[167.542,101.715,1.66725],"direction":[-0.0747855,-0.492448,0.867123],"extended":false,"handId":49,"id":493,"length":60.0403,"mcpPosition":[189.676,146.949,-4.35224],"pipPosition":[169.472,114.428,-20.7177],"stabilizedTipPosition":[170.827,102.123,14.1761],"timeVisible":11.1413,"tipPosition":[172.695,106.955,5.06241],"tipVelocity":[-52.0609,-33.686,-26.1458],"tool":false,"touchDistance":0.333333,"touchZone":"none","type":3,"width":16.9226},{"bases":[[[-0.908288,0.261436,0.326594],[0.346666,0.907349,0.237783],[0.23417,-0.329195,0.914765]],[[-0.932287,0.305396,0.19384],[-0.012771,0.50776,-0.861404],[0.361493,0.805551,0.469478]],[[-0.932287,0.305396,0.19384],[-0.361049,-0.753077,-0.550017],[0.0219967,0.582759,-0.812347]],[[-0.932287,0.305396,0.19384],[-0.303597,-0.951974,0.0396688],[-0.196645,0.0218664,-0.980231]]],"btipPosition":[164.22,116.084,19.6761],"carpPosition":[185.888,136.009,53.4775],"dipPosition":[161.062,116.435,3.93084],"direction":[-0.0219967,-0.582759,0.812347],"extended":false,"handId":49,"id":494,"length":47.0705,"mcpPosition":[173.374,153.601,4.5942],"pipPosition":[161.463,127.057,-10.8755],"stabilizedTipPosition":[164.746,115.973,15.9339],"timeVisible":11.1413,"tipPosition":[163.379,122.124,5.84102],"tipVelocity":[-44.6687,-23.9518,-26.3555],"tool":false,"touchDistance":0.333333,"touchZone":"none","type":4,"width":15.032}],"r":[[0.347909,-0.936481,0.0443077],[0.840095,0.290425,-0.458141],[0.416172,0.196614,0.887775]],"s":1.00466,"t":[-16.5066,3.54232,-9.30052],"timestamp":7311860869},{"currentFrameRate":111.135,"devices":[],"gestures":[],"hands":[{"armBasis":[[-0.654524,0.61968,0.433122],[0.62279,0.766716,-0.155816],[0.428638,-0.167759,0.887765]],"armWidth":59.3778,"confidence":0.563543,"direction":[0.0344693,0.246224,-0.9686],"elbow":[305.545,77.5227,298.832],"grabAngle":2.63179,"grabStrength":0,"id":49,"palmNormal":[-0.654522,-0.72685,-0.208062],"palmPosition":[199.264,128.364,8.92005],"palmVelocity":[-40.1934,-28.2507,-12.5114],"palmWidth":83.8004,"pinchDistance":66.4466,"pinchStrength":0.578975,"r":[[0.334731,-0.940935,0.050957],[0.844785,0.275689,-0.458622],[0.417485,0.196563,0.887169]],"s":1.00214,"sphereCenter":[183.621,106.669,-16.2769],"sphereRadius":40.9462,"stabilizedPalmPosition":[200.426,128.799,9.61312],"t":[-16.8461,3.32144,-9.44232],"timeVisible":11.1503,"type":"left","wrist":[198.889,119.266,77.9319]}],"id":61171,"interactionBox":{"center":[0,200,0],"size":[235.247,235.247,147.751]},"pointables":[{"bases":[[[-0.738747,0.673382,-0.0284568],[0.671132,0.738846,0.0607274],[-0.0619179,-0.0257639,0.997749]],[[-0.736173,0.654565,0.172029],[0.676585,0.705474,0.211041],[-0.0167784,-0.271755,0.96222]],[[-0.736173,0.654565,0.172029],[0.658212,0.751599,-0.0430891],[0.157501,-0.0815104,0.984149]],[[-0.736173,0.654565,0.172029],[0.647388,0.755169,-0.102992],[0.197326,-0.0355497,0.979693]]],"btipPosition":[212.775,133.96,-92.335],"carpPosition":[214.592,118.946,51.4806],"dipPosition":[215.914,133.394,-76.7523],"direction":[-0.157501,0.0815104,-0.984149],"extended":true,"handId":49,"id":491,"length":54.7463,"mcpPosition":[218.787,120.691,-16.1233],"pipPosition":[219.458,131.56,-54.6077],"stabilizedTipPosition":[213.622,133.955,-88.7695],"timeVisible":11.1503,"tipPosition":[220.935,135.657,-89.9895],"tipVelocity":[-42.6085,-42.2993,9.48461],"tool":false,"touchDistance":0.333333,"touchZone":"hovering","type":1,"width":18.1119},{"bases":[[[0.288235,0.956154,0.0518594],[0.887085,-0.287022,0.361522],[-0.360555,0.0581996,0.93092]],[[0.360508,0.919913,-0.154254],[0.906728,-0.384418,-0.173402],[0.218812,0.0773534,0.972696]],[[0.360508,0.919913,-0.154254],[0.716337,-0.378969,-0.58587],[0.597407,-0.100713,0.795589]],[[0.360508,0.919913,-0.154254],[0.482037,-0.32532,-0.813516],[0.798545,-0.218923,0.560712]]],"btipPosition":[161.642,103.061,-25.9011],"carpPosition":[208.068,98.653,56.3152],"dipPosition":[179.04,98.2913,-13.6847],"direction":[-0.597407,0.100713,-0.795589],"extended":false,"handId":49,"id":490,"length":48.5173,"mcpPosition":[208.068,98.653,56.3152],"pipPosition":[198.002,95.0945,11.5681],"stabilizedTipPosition":[165.894,103.581,-22.4672],"timeVisible":11.1503,"tipPosition":[169.144,101.727,-23.7206],"tipVelocity":[-25.0574,-77.2356,14.442],"tool":false,"touchDistance":0.333333,"touchZone":"hovering","type":0,"width":18.9614},{"bases":[[[-0.843836,0.527822,0.0966715],[0.535054,0.841308,0.0769328],[0.0407236,-0.116643,0.992339]],[[-0.841462,0.522606,0.137203],[0.0104429,0.269613,-0.962912],[0.540215,0.808821,0.232327]],[[-0.841462,0.522606,0.137203],[-0.534957,-0.770133,-0.347443],[0.0759114,0.365757,-0.927609]],[[-0.841462,0.522606,0.137203],[-0.461499,-0.827218,0.320515],[-0.280999,-0.206382,-0.937254]]],"btipPosition":[183.43,92.8112,17.4822],"carpPosition":[207.381,127.682,50.7173],"dipPosition":[178.514,89.2008,1.08564],"direction":[-0.0759114,-0.365757,0.927609],"extended":false,"handId":49,"id":492,"length":62.3791,"mcpPosition":[204.764,135.177,-13.0457],"pipPosition":[180.524,98.8833,-23.4706],"stabilizedTipPosition":[181.214,94.9653,10.1593],"timeVisible":11.1503,"tipPosition":[182.099,93.3074,5.31768],"tipVelocity":[50.2446,-83.279,-36.5842],"tool":false,"touchDistance":0.333333,"touchZone":"none","type":2,"width":17.7883},{"bases":[[[-0.866563,0.439971,0.235572],[0.474424,0.872721,0.115237],[0.154888,-0.211622,0.965001]],[[-0.874291,0.451869,0.177283],[0.0394705,0.430202,-0.901869],[0.483794,0.781499,0.393957]],[[-0.874291,0.451869,0.177283],[-0.478677,-0.742038,-0.469306],[0.080514,0.495172,-0.865056]],[[-0.874291,0.451869,0.177283],[-0.43527,-0.891484,0.125682],[-0.214837,-0.0327167,-0.976102]]],"btipPosition":[170.885,101.919,18.3545],"carpPosition":[198.283,134.417,51.1252],"dipPosition":[167.148,101.35,1.37644],"direction":[-0.080514,-0.495172,0.865056],"extended":false,"handId":49,"id":493,"length":59.9791,"mcpPosition":[189.348,146.626,-4.54614],"pipPosition":[169.225,114.12,-20.9324],"stabilizedTipPosition":[170.598,102.028,14.2542],"timeVisible":11.1503,"tipPosition":[172.31,106.583,5.14172],"tipVelocity":[-35.7547,-10.6327,-36.3763],"tool":false,"touchDistance":0.333333,"touchZone":"none","type":3,"width":16.9267},{"bases":[[[-0.909209,0.262234,0.323377],[0.345674,0.908381,0.235274],[0.232052,-0.325697,0.916555]],[[-0.932941,0.305806,0.190012],[-0.00927113,0.507185,-0.861787],[0.359911,0.805758,0.470338]],[[-0.932941,0.305806,0.190012],[-0.359141,-0.753396,-0.550828],[0.0252925,0.582131,-0.812702]],[[-0.932941,0.305806,0.190012],[-0.303762,-0.951886,0.0405259],[-0.193263,0.0199102,-0.980945]]],"btipPosition":[163.828,115.856,19.3842],"carpPosition":[185.427,135.905,53.2753],"dipPosition":[160.727,116.175,3.64355],"direction":[-0.0252925,-0.582131,0.812702],"extended":false,"handId":49,"id":494,"length":47.0225,"mcpPosition":[173.034,153.298,4.32808],"pipPosition":[161.187,126.775,-11.1542],"stabilizedTipPosition":[164.351,115.963,15.8927],"timeVisible":11.1503,"tipPosition":[163.029,121.789,5.75362],"tipVelocity":[-42.2482,-26.2145,-32.3751],"tool":false,"touchDistance":0.333333,"touchZone":"none","type":4,"width":15.0356}],"r":[[0.334731,-0.940935,0.050957],[0.844785,0.275689,-0.458622],[0.417485,0.196563,0.887169]],"s":1.002