{"frames":65,"data":[{"currentFrameRate":114.552,"devices":[],"gestures":[],"hands":[{"armBasis":[[0.680295,0.190341,-0.707791],[0.418327,0.692115,0.588201],[0.601831,-0.696238,0.391218]],"armWidth":60.538,"confidence":1,"direction":[-0.32911,0.584706,-0.741489],"elbow":[248.8,28.1707,197.951],"grabAngle":2.69529,"grabStrength":0,"id":84,"palmNormal":[-0.367963,-0.802573,-0.469553],"palmPosition":[68.0762,238.338,55.5901],"palmVelocity":[0.668946,-25.9184,-15.875],"palmWidth":82.711,"pinchDistance":53.9788,"pinchStrength":0.545516,"r":[[0.961803,-0.014305,-0.273367],[-0.000109661,0.998613,-0.0526421],[0.273741,0.0506614,0.960468]],"s":1.0617,"sphereCenter":[72.7671,214.002,12.6083],"sphereRadius":51.0622,"stabilizedPalmPosition":[69.5605,238.718,57.8794],"t":[-98.2401,71.9487,107.196],"timeVisible":3.97203,"type":"right","wrist":[101.091,199.051,101.934]}],"id":109976,"interactionBox":{"center":[0,200,0],"size":[235.247,235.247,147.751]},"pointables":[{"bases":[[[0.802045,-0.0184535,-0.596978],[0.294105,0.882144,0.367864],[0.519833,-0.470618,0.712947]],[[0.92214,-0.160693,-0.351902],[0.297692,0.87568,0.380215],[0.247056,-0.45537,0.855337]],[[0.92214,-0.160693,-0.351902],[0.283045,0.900337,0.330574],[0.263709,-0.40444,0.87572]],[[0.92214,-0.160693,-0.351902],[0.270428,0.918232,0.289341],[0.276632,-0.361977,0.890195]]],"btipPosition":[22.7833,286.56,-12.5537],"carpPosition":[76.292,224.422,98.2469],"dipPosition":[26.8633,281.221,0.575503],"direction":[-0.263709,0.40444,-0.87572],"extended":true,"handId":84,"id":841,"length":50.764,"mcpPosition":[41.5278,255.895,50.5681],"pipPosition":[32.3655,272.783,18.8469],"stabilizedTipPosition":[23.1599,285.714,-8.90018],"timeVisible":3.97203,"tipPosition":[21.3924,282.303,-9.64604],"tipVelocity":[6.80029,-41.3707,-30.122],"tool":false,"touchDistance":-0.285634,"touchZone":"touching","type":1,"width":18.7255},{"bases":[[[0.614841,0.784332,0.0824294],[-0.40689,0.225944,0.885093],[0.675582,-0.577731,0.458056]],[[0.451358,0.892113,-0.0202402],[-0.616856,0.328323,0.715327],[0.644798,-0.310383,0.698496]],[[0.451358,0.892113,-0.0202402],[-0.80294,0.415928,0.426955],[0.389311,-0.176458,0.904046]],[[0.451358,0.892113,-0.0202402],[-0.89042,0.451758,0.0553798],[0.0585487,-0.0069738,0.99826]]],"btipPosition":[24.6778,224.755,22.157],"carpPosition":[66.5771,205.337,100.627],"dipPosition":[25.8606,224.614,42.3244],"direction":[-0.389311,0.176458,-0.904046],"extended":false,"handId":84,"id":840,"length":44.9881,"mcpPosition":[66.5771,205.337,100.627],"pipPosition":[37.3189,219.421,68.9324],"stabilizedTipPosition":[25.2425,225.742,27.4609],"timeVisible":3.97203,"tipPosition":[24.7635,224.886,27.2388],"tipVelocity":[6.98878,-39.6597,-13.3452],"tool":false,"touchDistance":0.265483,"touchZone":"hovering","type":0,"width":19.6037},{"bases":[[[0.802934,-0.231978,-0.549074],[0.436808,0.855778,0.277205],[0.40558,-0.462418,0.788463]],[[0.796576,-0.224811,-0.561183],[-0.299172,0.660049,-0.68908],[0.525321,0.716795,0.458523]],[[0.796576,-0.224811,-0.561183],[-0.557846,-0.631073,-0.539031],[-0.232967,0.742433,-0.628108]],[[0.796576,-0.224811,-0.561183],[-0.262979,-0.964711,0.0131761],[-0.544342,0.137084,-0.827587]]],"btipPosition":[52.3189,204.889,51.5849],"carpPosition":[85.3494,225.835,91.8243],"dipPosition":[43.4887,207.113,38.16],"direction":[0.232967,-0.742433,0.628108],"extended":false,"handId":84,"id":842,"length":57.8415,"mcpPosition":[59.6275,255.161,41.82],"pipPosition":[37.7701,225.337,22.7419],"stabilizedTipPosition":[51.8012,206.16,50.41],"timeVisible":3.97203,"tipPosition":[49.2762,204.341,48.5173],"tipVelocity":[-0.816283,-29.3787,-8.29502],"tool":false,"touchDistance":0.333333,"touchZone":"none","type":2,"width":18.3909},{"bases":[[[0.818639,-0.361346,-0.446385],[0.505764,0.821841,0.262261],[0.27209,-0.440463,0.855546]],[[0.80085,-0.334284,-0.496884],[-0.230151,0.594191,-0.770693],[0.552874,0.731568,0.398922]],[[0.80085,-0.334284,-0.496884],[-0.577786,-0.64949,-0.494294],[-0.157487,0.682948,-0.713288]],[[0.80085,-0.334284,-0.496884],[-0.321978,-0.939931,0.113402],[-0.504945,0.0691677,-0.860376]]],"btipPosition":[69.4205,203.72,52.1939],"carpPosition":[94.327,224.302,85.3616],"dipPosition":[61.2765,204.836,38.3174],"direction":[0.157487,-0.682948,0.713288],"extended":false,"handId":84,"id":843,"length":55.6162,"mcpPosition":[78.834,249.382,36.6463],"pipPosition":[57.5105,221.167,21.2605],"stabilizedTipPosition":[69.2183,204.509,50.3227],"timeVisible":3.97203,"tipPosition":[67.6709,203.421,49.6533],"tipVelocity":[0.81469,-28.0846,-6.99022],"tool":false,"touchDistance":0.333333,"touchZone":"none","type":3,"width":17.5001},{"bases":[[[0.749733,-0.540687,-0.381521],[0.648974,0.713469,0.264188],[0.12936,-0.445667,0.885803]],[[0.727017,-0.479216,-0.49173],[-0.131448,0.605775,-0.784703],[0.67392,0.635129,0.377417]],[[0.727017,-0.479216,-0.49173],[-0.685559,-0.54642,-0.481076],[-0.0381515,0.686861,-0.725787]],[[0.727017,-0.479216,-0.49173],[-0.476435,-0.867782,0.141294],[-0.494425,0.131554,-0.859208]]],"btipPosition":[82.5335,206.879,45.3992],"carpPosition":[101.921,216.328,78.5708],"dipPosition":[75.1768,208.836,32.6148],"direction":[0.0381515,-0.686861,0.725787],"extended":false,"handId":84,"id":844,"length":43.6021,"mcpPosition":[95.1027,239.819,31.8808],"pipPosition":[74.5327,220.433,20.3609],"stabilizedTipPosition":[82.3297,208.121,43.5137],"timeVisible":3.97203,"tipPosition":[79.5848,206.384,41.6093],"tipVelocity":[1.45385,-30.3025,-6.17333],"tool":false,"touchDistance":0.333333,"touchZone":"none","type":4,"width":15.545}],"r":[[0.961803,-0.014305,-0.273367],[-0.000109661,0.998613,-0.0526421],[0.273741,0.0506614,0.960468]],"s":1.0617,"t":[-98.2401,71.9487,107.196],"timestamp":7742966666},{"currentFrameRate":114.853,"devices":[],"gestures":[],"hands":[{"armBasis":[[0.679293,0.188308,-0.709296],[0.420087,0.692724,0.586226],[0.601737,-0.696185,0.391456]],"armWidth":60.538,"confidence":1,"direction":[-0.329617,0.581933,-0.743442],"elbow":[248.773,27.9335,197.926],"grabAngle":2.6943,"grabStrength":0,"id":84,"palmNormal":[-0.369113,-0.804205,-0.465843],"palmPosition":[68.0419,237.938,55.4041],"palmVelocity":[-4.18843,-48.9286,-22.693],"palmWidth":82.711,"pinchDistance":54.027,"pinchStrength":0.547815,"r":[[0.961663,-0.0150218,-0.273821],[0.0000200994,0.998502,-0.0547073],[0.274232,0.0526045,0.960224]],"s":1.06142,"sphereCenter":[72.6631,213.464,12.5331],"sphereRadius":51.0427,"stabilizedPalmPosition":[69.5525,238.714,57.8664],"t":[-98.2598,71.6553,107.046],"timeVisible":3.98023,"type":"right","wrist":[101.087,198.801,101.849]}],"id":109977,"interactionBox":{"center":[0,200,0],"size":[235.247,235.247,147.751]},"pointables":[{"bases":[[[0.80129,-0.0214406,-0.597892],[0.295184,0.883417,0.363924],[0.520385,-0.468097,0.714202]],[[0.921759,-0.163068,-0.351808],[0.299293,0.876048,0.378105],[0.246544,-0.453815,0.856311]],[[0.921759,-0.163068,-0.351808],[0.284857,0.900332,0.329026],[0.26309,-0.403497,0.876341]],[[0.921759,-0.163068,-0.351808],[0.271842,0.918738,0.286395],[0.276517,-0.359624,0.891184]]],"btipPosition":[22.7888,286.045,-12.8415],"carpPosition":[76.3008,224.188,98.1067],"dipPosition":[26.8671,280.741,0.302336],"direction":[-0.26309,0.403497,-0.876341],"extended":true,"handId":84,"id":841,"length":50.764,"mcpPosition":[41.4997,255.492,50.344],"pipPosition":[32.3563,272.323,18.5867],"stabilizedTipPosition":[23.2005,285.651,-8.96586],"timeVisible":3.98023,"tipPosition":[21.3334,281.704,-9.95024],"tipVelocity":[0.617459,-61.8223,-34.7083],"tool":false,"touchDistance":-0.28967,"touchZone":"touching","type":1,"width":18.7255},{"bases":[[[0.615496,0.784222,0.078491],[-0.405631,0.229815,0.884674],[0.675742,-0.576352,0.459555]],[[0.45205,0.89166,-0.0243602],[-0.616005,0.331818,0.714447],[0.645127,-0.30796,0.699265]],[[0.45205,0.89166,-0.0243602],[-0.802454,0.418447,0.425406],[0.389511,-0.172757,0.904675]],[[0.45205,0.89166,-0.0243602],[-0.890085,0.4527,0.0530191],[0.0583029,-0.00228466,0.998296]]],"btipPosition":[24.6602,224.224,22.0521],"carpPosition":[66.5753,205.12,100.576],"dipPosition":[25.8381,224.178,42.2202],"direction":[-0.389511,0.172757,-0.904675],"extended":false,"handId":84,"id":840,"length":44.9881,"mcpPosition":[66.5753,205.12,100.576],"pipPosition":[37.3022,219.094,68.8467],"stabilizedTipPosition":[25.2396,225.728,27.4538],"timeVisible":3.98023,"tipPosition":[24.6857,224.4,27.159],"tipVelocity":[-2.28123,-62.1269,-12.7886],"tool":false,"touchDistance":0.263736,"touchZone":"hovering","type":0,"width":19.6037},{"bases":[[[0.802088,-0.23477,-0.549124],[0.437756,0.856583,0.273196],[0.406232,-0.45951,0.789827]],[[0.796175,-0.228151,-0.560403],[-0.298257,0.657859,-0.691566],[0.526448,0.717752,0.455724]],[[0.796175,-0.228151,-0.560403],[-0.559007,-0.631799,-0.536974],[-0.231551,0.740795,-0.630561]],[[0.796175,-0.228151,-0.560403],[-0.26468,-0.964195,0.0165073],[-0.544104,0.135185,-0.828055]]],"btipPosition":[52.1938,204.469,51.5257],"carpPosition":[85.3512,225.568,91.6673],"dipPosition":[43.3675,206.662,38.0932],"direction":[0.231551,-0.740795,0.630561],"extended":false,"handId":84,"id":842,"length":57.8415,"mcpPosition":[59.5879,254.711,41.5765],"pipPosition":[37.6836,224.846,22.6148],"stabilizedTipPosition":[51.7942,206.155,50.4016],"timeVisible":3.98023,"tipPosition":[49.2133,203.93,48.4921],"tipVelocity":[-15.1529,-52.0759,-7.43928],"tool":false,"touchDistance":0.333333,"touchZone":"none","type":2,"width":18.3909},{"bases":[[[0.817829,-0.363732,-0.445932],[0.506669,0.822536,0.258304],[0.272841,-0.437189,0.856985]],[[0.799997,-0.336862,-0.496517],[-0.230405,0.591603,-0.772605],[0.554003,0.732482,0.395666]],[[0.799997,-0.336862,-0.496517],[-0.57904,-0.650286,-0.491773],[-0.157218,0.68092,-0.715283]],[[0.799997,-0.336862,-0.496517],[-0.322895,-0.939183,0.116935],[-0.505712,0.066775,-0.860114]]],"btipPosition":[69.3329,203.286,52.1192],"carpPosition":[94.3197,224.003,85.1997],"dipPosition":[61.1765,204.363,38.2468],"direction":[0.157219,-0.68092,0.715283],"extended":false,"handId":84,"id":843,"length":55.6162,"mcpPosition":[78.784,248.897,36.4025],"pipPosition":[57.4169,220.646,21.1423],"stabilizedTipPosition":[69.2076,204.503,50.3142],"timeVisible":3.98023,"tipPosition":[67.6042,202.998,49.6075],"tipVelocity":[-11.0413,-53.9906,-9.00591],"tool":false,"touchDistance":0.333333,"touchZone":"none","type":3,"width":17.5001},{"bases":[[[0.748877,-0.542761,-0.380256],[0.649805,0.714071,0.260492],[0.130145,-0.442169,0.88744]],[[0.726069,-0.481723,-0.490679],[-0.13203,0.602644,-0.787012],[0.674827,0.636209,0.37396]],[[0.726069,-0.481723,-0.490679],[-0.686581,-0.547134,-0.478801],[-0.0378177,0.684534,-0.728]],[[0.726069,-0.481723,-0.490679],[-0.477153,-0.86679,0.144915],[-0.495125,0.128911,-0.859205]]],"btipPosition":[82.4478,206.408,45.3168],"carpPosition":[101.9,215.996,78.4319],"dipPosition":[75.0807,208.326,32.5325],"direction":[0.0378177,-0.684534,0.728],"extended":false,"handId":84,"id":844,"length":43.6021,"mcpPosition":[95.0399,239.303,31.6556],"pipPosition":[74.4423,219.884,20.2413],"stabilizedTipPosition":[82.3168,208.111,43.5044],"timeVisible":3.98023,"tipPosition":[79.5125,205.92,41.54],"tipVelocity":[-10.7453,-58.5256,-10.0492],"tool":false,"touchDistance":0.333333,"touchZone":"none","type":4,"width":15.545}],"r":[[0.961663,-0.0150218,-0.273821],[0.0000200994,0.998502,-0.0547073],[0.274232,0.0526045,0.960224]],"s":1.06142,"t":[-98.2598,71.6553,107.046],"timestamp":7742974860},{"currentFrameRate":114.704,"devices":[],"gestures":[],"hands":[{"armBasis":[[0.685988,0.199993,-0.699588],[0.408869,0.68937,0.597993],[0.601869,-0.696256,0.391129]],"armWidth":60.538,"confidence":1,"direction":[-0.328268,0.58514,-0.74152],"elbow":[248.819,27.5544,197.646],"grabAngle":2.69305,"grabStrength":0,"id":84,"palmNormal":[-0.357128,-0.803635,-0.476057],"palmPosition":[68.1444,237.681,55.234],"palmVelocity":[11.4329,-28.5531,-18.9652],"palmWidth":82.711,"pinchDistance":54.0258,"pinchStrength":0.5458,"r":[[0.962087,-0.0133159,-0.272418],[-0.00165917,0.998503,-0.0546669],[0.272738,0.0530463,0.960625]],"s":1.06163,"sphereCenter":[73.2311,213.648,12.2883],"sphereRadius":50.9727,"stabilizedPalmPosition":[69.5443,238.708,57.851],"t":[-98.2184,71.3805,106.885],"timeVisible":3.9892,"type":"right","wrist":[101.101,198.439,101.65]}],"id":109978,"interactionBox":{"center":[0,200,0],"size":[235.247,235.247,147.751]},"pointables":[{"bases":[[[0.80694,-0.00875666,-0.590568],[0.283393,0.883015,0.374129],[0.518205,-0.469263,0.715022]],[[0.925936,-0.150378,-0.346453],[0.286665,0.877068,0.385455],[0.245898,-0.456222,0.855216]],[[0.925936,-0.150378,-0.346453],[0.273324,0.899866,0.339904],[0.260647,-0.409423,0.87432]],[[0.925936,-0.150378,-0.346453],[0.260041,0.91909,0.29606],[0.2739,-0.364225,0.890123]]],"btipPosition":[22.8868,285.861,-13.0111],"carpPosition":[76.1395,223.645,97.8936],"dipPosition":[26.9265,280.49,0.117091],"direction":[-0.260647,0.409423,-0.87432],"extended":true,"handId":84,"id":841,"length":50.764,"mcpPosition":[41.4842,255.028,50.076],"pipPosition":[32.3648,271.947,18.3593],"stabilizedTipPosition":[23.2435,285.579,-9.03761],"timeVisible":3.9892,"tipPosition":[21.6539,281.601,-10.1767],"tipVelocity":[9.93792,-22.2483,-19.3062],"tool":false,"touchDistance":-0.291634,"touchZone":"touching","type":1,"width":18.7255},{"bases":[[[0.607255,0.789295,0.0908591],[-0.415945,0.218393,0.882777],[0.676928,-0.573862,0.460923]],[[0.44249,0.896674,-0.0133392],[-0.625328,0.31918,0.712102],[0.642781,-0.306757,0.701949]],[[0.44249,0.896674,-0.0133392],[-0.809713,0.405881,0.423822],[0.385445,-0.176736,0.905647]],[[0.44249,0.896674,-0.0133392],[-0.895193,0.442544,0.0527749],[0.053225,-0.0114112,0.998517]]],"btipPosition":[24.9872,223.817,21.4317],"carpPosition":[66.5736,204.466,100.111],"dipPosition":[26.0625,223.587,41.6043],"direction":[-0.385445,0.176736,-0.905647],"extended":false,"handId":84,"id":840,"length":44.9881,"mcpPosition":[66.5736,204.466,100.111],"pipPosition":[37.407,218.385,68.2594],"stabilizedTipPosition":[25.2395,225.709,27.4404],"timeVisible":3.9892,"tipPosition":[25.1822,223.975,26.4673],"tipVelocity":[33.818,-50.1193,-69.038],"tool":false,"touchDistance":0.253414,"touchZone":"hovering","type":0,"width":19.6037},{"bases":[[[0.809318,-0.222479,-0.543606],[0.427044,0.858305,0.284508],[0.403283,-0.462401,0.789651]],[[0.805994,-0.21869,-0.550044],[-0.293913,0.658742,-0.692585],[0.513799,0.719885,0.466666]],[[0.805994,-0.21869,-0.550044],[-0.546479,-0.631991,-0.549498],[-0.227453,0.74348,-0.62889]],[[0.805994,-0.21869,-0.550044],[-0.259084,-0.965845,0.00436537],[-0.532212,0.138989,-0.835124]]],"btipPosition":[52.4978,204.034,51.0385],"carpPosition":[85.2354,225.166,91.5505],"dipPosition":[43.8645,206.289,37.4914],"direction":[0.227453,-0.74348,0.62889],"extended":false,"handId":84,"id":842,"length":57.8415,"mcpPosition":[59.6592,254.492,41.4709],"pipPosition":[38.2812,224.539,22.054],"stabilizedTipPosition":[51.7877,206.147,50.3889],"timeVisible":3.9892,"tipPosition":[49.7144,203.569,47.8599],"tipVelocity":[38.8376,-46.9348,-57.2462],"tool":false,"touchDistance":0.333333,"touchZone":"none","type":2,"width":18.3909},{"bases":[[[0.825333,-0.352165,-0.441367],[0.496413,0.825039,0.26997],[0.269071,-0.441916,0.855752]],[[0.807713,-0.325033,-0.491887],[-0.229961,0.594544,-0.770478],[0.542879,0.73544,0.405476]],[[0.807713,-0.325033,-0.491887],[-0.568403,-0.650877,-0.503266],[-0.15658,0.686085,-0.710472]],[[0.807713,-0.325033,-0.491887],[-0.315533,-0.943082,0.105049],[-0.498035,0.0703568,-0.864298]]],"btipPosition":[69.7954,202.998,51.7174],"carpPosition":[94.2777,223.741,85.1537],"dipPosition":[61.7629,204.133,37.7776],"direction":[0.15658,-0.686085,0.710472],"extended":false,"handId":84,"id":843,"length":55.6162,"mcpPosition":[78.9566,248.904,36.4267],"pipPosition":[58.0186,220.539,20.7881],"stabilizedTipPosition":[69.1982,204.494,50.3008],"timeVisible":3.9892,"tipPosition":[68.092,202.793,49.134],"tipVelocity":[54.7375,-30.6569,-46.5095],"tool":false,"touchDistance":0.333333,"touchZone":"none","type":3,"width":17.5001},{"bases":[[[0.757485,-0.532392,-0.377856],[0.640548,0.717916,0.272571],[0.126154,-0.448503,0.884833]],[[0.735143,-0.47069,-0.487869],[-0.13105,0.607417,-0.783499],[0.665125,0.639919,0.384854]],[[0.735143,-0.47069,-0.487869],[-0.676895,-0.549069,-0.490241],[-0.0371231,0.690633,-0.722252]],[[0.735143,-0.47069,-0.487869],[-0.47096,-0.872243,0.131866],[-0.487609,0.132827,-0.862899]]],"btipPosition":[82.9267,206.336,45.0368],"carpPosition":[101.996,215.864,78.3891],"dipPosition":[75.6715,208.312,32.1975],"direction":[0.0371231,-0.690633,0.722252],"extended":false,"handId":84,"id":844,"length":43.6021,"mcpPosition":[95.3462,239.504,31.7502],"pipPosition":[75.0447,219.972,20.0033],"stabilizedTipPosition":[82.3064,208.098,43.4905],"timeVisible":3.9892,"tipPosition":[80.0503,205.896,41.209],"tipVelocity":[56.2496,-6.59561,-32.6244],"tool":false,"touchDistance":0.333333,"touchZone":"none","type":4,"width":15.545}],"r":[[0.962087,-0.0133159,-0.272418],[-0.00165917,0.998503,-0.0546669],[0.272738,0.0530463,0.960625]],"s":1.06163,"t":[-98.2184,71.3805,106.885],"timestamp":7742983831},{"currentFrameRate":114.861,"devices":[],"gestures":[],"hands":[{"armBasis":[[0.691197,0.210572,-0.691308],[0.399399,0.685924,0.608267],[0.602268,-0.69654,0.390007]],"armWidth":60.538,"confidence":1,"direction":[-0.326819,0.586718,-0.740912],"elbow":[248.905,27.0276,197.196],"grabAngle":2.69236,"grabStrength":0,"id":84,"palmNormal":[-0.346559,-0.803752,-0.483612],"palmPosition":[68.2205,237.254,55.0288],"palmVelocity":[9.01144,-50.6758,-24.3185],"palmWidth":82.711,"pinchDistance":53.9876,"pinchStrength":0.542539,"r":[[0.962894,-0.0100767,-0.26969],[-0.00453515,0.998557,-0.0535023],[0.26984,0.0527402,0.96146]],"s":1.06226,"sphereCenter":[73.6401,213.529,12.1017],"sphereRadius":50.8794,"stabilizedPalmPosition":[69.5359,238.698,57.833],"t":[-98.1597,71.0293,106.702],"timeVisible":3.99764,"type":"right","wrist":[101.088,197.982,101.475]}],"id":109979,"interactionBox":{"center":[0,200,0],"size":[235.247,235.247,147.751]},"pointables":[{"bases":[[[0.811898,0.00119589,-0.583798],[0.273033,0.883116,0.381521],[0.516018,-0.469152,0.716674]],[[0.929303,-0.139599,-0.341917],[0.2751,0.879346,0.388677],[0.246405,-0.455261,0.855583]],[[0.929303,-0.139599,-0.341917],[0.262901,0.900272,0.346978],[0.259381,-0.412338,0.873326]],[[0.929303,-0.139599,-0.341917],[0.249245,0.920244,0.301707],[0.272529,-0.365599,0.88998]]],"btipPosition":[22.8941,285.292,-13.3324],"carpPosition":[75.9726,223.038,97.6735],"dipPosition":[26.9135,279.9,-0.206305],"direction":[-0.259381,0.412338,-0.873326],"extended":true,"handId":84,"id":841,"length":50.764,"mcpPosition":[41.4636,254.413,49.7455],"pipPosition":[32.3254,271.296,18.0152],"stabilizedTipPosition":[23.2834,285.473,-9.12612],"timeVisible":3.99764,"tipPosition":[21.9575,281.225,-10.5158],"tipVelocity":[0.307624,-68.0716,-38.1297],"tool":false,"touchDistance":-0.29563,"touchZone":"touching","type":1,"width":18.7255},{"bases":[[[0.600008,0.793662,0.100457],[-0.425086,0.20992,0.880475],[0.677711,-0.570994,0.463328]],[[0.433978,0.900908,-0.00527089],[-0.632954,0.309054,0.709827],[0.641118,-0.304713,0.704356]],[[0.433978,0.900908,-0.00527089],[-0.815799,0.395449,0.42201],[0.382277,-0.178843,0.906576]],[[0.433978,0.900908,-0.00527089],[-0.899588,0.433646,0.0518905],[0.0490343,-0.0177777,0.998639]]],"btipPosition":[25.2125,223.218,20.8828],"carpPosition":[66.5455,203.768,99.701],"dipPosition":[26.2031,222.859,41.0579],"direction":[-0.382277,0.178843,-0.906576],"extended":false,"handId":84,"id":840,"length":44.9881,"mcpPosition":[66.5455,203.768,99.701],"pipPosition":[37.4543,217.595,67.7403],"stabilizedTipPosition":[25.2415,225.683,27.4211],"timeVisible":3.99764,"tipPosition":[25.611,223.361,25.8191],"tipVelocity":[24.3834,-74.5315,-64.9688],"tool":false,"touchDistance":0.244276,"touchZone":"hovering","type":0,"width":19.6037},{"bases":[[[0.815628,-0.212767,-0.538035],[0.417626,0.86009,0.292972],[0.400424,-0.463654,0.790371]],[[0.814888,-0.211911,-0.539492],[-0.289558,0.657469,-0.695623],[0.502109,0.723069,0.474403]],[[0.814888,-0.211911,-0.539492],[-0.534958,-0.633245,-0.559303],[-0.223108,0.744375,-0.629387]],[[0.814888,-0.211911,-0.539492],[-0.254418,-0.967084,-0.00442267],[-0.520797,0.14086,-0.841979]]],"btipPosition":[52.7469,203.431,50.6598],"carpPosition":[85.1086,224.669,91.416],"dipPosition":[44.2987,205.716,37.0014],"direction":[0.223108,-0.744375,0.629387],"extended":false,"handId":84,"id":842,"length":57.8415,"mcpPosition":[59.7137,254.074,41.2907],"pipPosition":[38.8221,223.988,21.5519],"stabilizedTipPosition":[51.7816,206.133,50.3711],"timeVisible":3.99764,"tipPosition":[50.1405,203.048,47.3085],"tipVelocity":[34.5625,-70.6142,-47.9094],"tool":false,"touchDistance":0.333333,"touchZone":"none","type":2,"width":18.3909},{"bases":[[[0.831845,-0.342906,-0.436405],[0.487384,0.827473,0.278829],[0.265501,-0.44464,0.855456]],[[0.814428,-0.315627,-0.486916],[-0.229994,0.594812,-0.77026],[0.532739,0.739309,0.411839]],[[0.814428,-0.315627,-0.486916],[-0.558926,-0.652176,-0.512122],[-0.155916,0.689236,-0.707562]],[[0.814428,-0.315627,-0.486916],[-0.309027,-0.946152,0.0964241],[-0.491131,0.07194,-0.86811]]],"btipPosition":[70.2003,202.516,51.4145],"carpPosition":[94.2154,223.354,85.0874],"dipPosition":[62.2792,203.676,37.4132],"direction":[0.155916,-0.689236,0.707562],"extended":false,"handId":84,"id":843,"length":55.6162,"mcpPosition":[79.0976,248.672,36.3773],"pipPosition":[58.5507,220.158,20.4933],"stabilizedTipPosition":[69.1911,204.479,50.2825],"timeVisible":3.99764,"tipPosition":[68.5029,202.405,48.7257],"tipVelocity":[51.0149,-56.4465,-37.5713],"tool":false,"touchDistance":0.333333,"touchZone":"none","type":3,"width":17.5001},{"bases":[[[0.764942,-0.524041,-0.374494],[0.632362,0.72151,0.282033],[0.122404,-0.452554,0.883296]],[[0.743073,-0.462019,-0.484129],[-0.13064,0.609367,-0.782052],[0.656335,0.644368,0.392446]],[[0.743073,-0.462019,-0.484129],[-0.668229,-0.551423,-0.499402],[-0.0362266,0.694602,-0.718482]],[[0.743073,-0.462019,-0.484129],[-0.465682,-0.876537,0.121745],[-0.480606,0.134985,-0.866485]]],"btipPosition":[83.3315,206.029,44.83],"carpPosition":[102.054,215.579,78.3433],"dipPosition":[76.1804,208.037,31.9374],"direction":[0.0362266,-0.694602,0.718482],"extended":false,"handId":84,"id":844,"length":43.6021,"mcpPosition":[95.602,239.433,31.7854],"pipPosition":[75.5688,219.765,19.8068],"stabilizedTipPosition":[82.2999,208.081,43.4733],"timeVisible":3.99764,"tipPosition":[80.5084,205.651,40.9284],"tipVelocity":[50.8028,-35.4543,-25.9577],"tool":false,"touchDistance":0.333333,"touchZone":"none","type":4,"width":15.545}],"r":[[0.962894,-0.0100767,-0.26969],[-0.00453515,0.998557,-0.0535023],[0.26984,0.0527402,0.96146]],"s":1.06226,"t":[-98.1597,71.0293,106.702],"timestamp":7742992270},{"currentFrameRate":114.866,"devices":[],"gestures":[],"hands":[{"armBasis":[[0.696403,0.221569,-0.682591],[0.389889,0.681722,0.619065],[0.602503,-0.697253,0.388366]],"armWidth":60.538,"confidence":1,"direction":[-0.325438,0.586379,-0.741788],"elbow":[248.943,26.3628,196.675],"grabAngle":2.69167,"grabStrength":0,"id":84,"palmNormal":[-0.335113,-0.805098,-0.489404],"palmPosition":[68.2873,236.686,54.7966],"palmVelocity":[7.68703,-65.3058,-26.6992],"palmWidth":82.711,"pinchDistance":53.9328,"pinchStrength":0.538254,"r":[[0.964013,-0.00559614,-0.265796],[-0.00851433,0.998616,-0.0519056],[0.265719,0.0523007,0.962631]],"s":1.06323,"sphereCenter":[74.0601,213.178,11.9511],"sphereRadius":50.7858,"stabilizedPalmPosition":[69.5256,238.682,57.8079],"t":[-98.0969,70.5697,106.495],"timeVisible":4.00633,"type":"right","wrist":[101.068,197.492,101.358]}],"id":109980,"interactionBox":{"center":[0,200,0],"size":[235.247,235.247,147.751]},"pointables":[{"bases":[[[0.816994,0.0104097,-0.576551],[0.261793,0.884164,0.386934],[0.513794,-0.467061,0.719632]],[[0.932773,-0.128861,-0.336645],[0.262623,0.882652,0.389813],[0.246909,-0.452018,0.857155]],[[0.932773,-0.128861,-0.336645],[0.251735,0.901318,0.3525],[0.258001,-0.413547,0.873163]],[[0.932773,-0.128861,-0.336645],[0.23757,0.922154,0.305274],[0.271101,-0.364728,0.890774]]],"btipPosition":[22.8887,284.397,-13.8104],"carpPosition":[75.7873,222.39,97.4599],"dipPosition":[26.8871,279.018,-0.672633],"direction":[-0.258001,0.413547,-0.873163],"extended":true,"handId":84,"id":841,"length":50.764,"mcpPosition":[41.427,253.625,49.334],"pipPosition":[32.2701,270.389,17.5454],"stabilizedTipPosition":[23.3278,285.277,-9.26678],"timeVisible":4.00633,"tipPosition":[22.2484,280.525,-11.0025],"tipVelocity":[-1.17709,-102.558,-54.6552],"tool":false,"touchDistance":-0.301531,"touchZone":"touching","type":1,"width":18.7255},{"bases":[[[0.592026,0.798584,0.108485],[-0.434715,0.203086,0.87737],[0.678622,-0.566586,0.467389]],[[0.424907,0.905236,0.000994887],[-0.640728,0.299974,0.706742],[0.63947,-0.300937,0.707471]],[[0.424907,0.905236,0.000994887],[-0.822004,0.385379,0.419276],[0.37916,-0.178971,0.907858]],[[0.424907,0.905236,0.000994887],[-0.904125,0.424331,0.0500139],[0.0448522,-0.0221508,0.998748]]],"btipPosition":[25.432,222.402,20.3385],"carpPosition":[66.514,203.032,99.338],"dipPosition":[26.3381,221.954,40.5158],"direction":[-0.37916,0.178971,-0.907858],"extended":false,"handId":84,"id":840,"length":44.9881,"mcpPosition":[66.514,203.032,99.338],"pipPosition":[37.4976,216.687,67.236],"stabilizedTipPosition":[25.2467,225.639,27.3893],"timeVisible":4.00633,"tipPosition":[26.0555,222.514,25.1589],"tipVelocity":[23.0075,-96.1555,-62.5273],"tool":false,"touchDistance":0.235213,"touchZone":"hovering","type":0,"width":19.6037},{"bases":[[[0.822218,-0.20367,-0.531484],[0.407364,0.862726,0.299597],[0.397507,-0.462841,0.792317]],[[0.824005,-0.205758,-0.5279],[-0.285429,0.65411,-0.700479],[0.489434,0.727876,0.480261]],[[0.824005,-0.205758,-0.5279],[-0.522505,-0.636264,-0.567589],[-0.219098,0.743527,-0.631794]],[[0.824005,-0.205758,-0.5279],[-0.248735,-0.968512,-0.0107604],[-0.509064,0.140174,-0.849238]]],"btipPosition":[53.0255,202.667,50.3429],"carpPosition":[84.9635,224.124,91.2894],"dipPosition":[44.7676,204.941,36.5668],"direction":[0.219098,-0.743527,0.631794],"extended":false,"handId":84,"id":842,"length":57.8415,"mcpPosition":[59.7536,253.477,41.0407],"pipPosition":[39.3894,223.192,21.0581],"stabilizedTipPosition":[51.7756,206.106,50.3419],"timeVisible":4.00633,"tipPosition":[50.5881,202.36,46.8046],"tipVelocity":[37.0599,-88.1669,-39.5506],"tool":false,"touchDistance":0.333333,"touchZone":"none","type":2,"width":18.3909},{"bases":[[[0.838689,-0.334013,-0.430158],[0.477531,0.830776,0.285963],[0.26185,-0.445248,0.856265]],[[0.821478,-0.306713,-0.480729],[-0.230028,0.59316,-0.771523],[0.521786,0.744371,0.416716]],[[0.821478,-0.306713,-0.480729],[-0.548687,-0.65473,-0.519877],[-0.155294,0.690837,-0.706136]],[[0.821478,-0.306713,-0.480729],[-0.301899,-0.949114,0.0896609],[-0.483767,0.071477,-0.872273]]],"btipPosition":[70.619,201.883,51.1637],"carpPosition":[94.1374,222.912,85.0376],"dipPosition":[62.8166,203.035,37.0952],"direction":[0.155294,-0.690837,0.706136],"extended":false,"handId":84,"id":843,"length":55.6162,"mcpPosition":[79.2275,248.265,36.2815],"pipPosition":[59.103,219.555,20.2094],"stabilizedTipPosition":[69.1867,204.451,50.2542],"timeVisible":4.00633,"tipPosition":[68.934,201.865,48.374],"tipVelocity":[51.2789,-73.0258,-30.6206],"tool":false,"touchDistance":0.333333,"touchZone":"none","type":3,"width":17.5001},{"bases":[[[0.77285,-0.515947,-0.36946],[0.623409,0.726089,0.290095],[0.118588,-0.454525,0.882805]],[[0.751459,-0.453872,-0.478863],[-0.130299,0.609408,-0.782077],[0.646785,0.650094,0.398807]],[[0.751459,-0.453872,-0.478863],[-0.658829,-0.555141,-0.507703],[-0.0354043,0.697007,-0.71619]],[[0.751459,-0.453872,-0.478863],[-0.45981,-0.880768,0.113241],[-0.473163,0.13509,-0.870556]]],"btipPosition":[83.7496,205.567,44.6774],"carpPosition":[102.104,215.23,78.337],"dipPosition":[76.7093,207.577,31.7242],"direction":[0.0354043,-0.697007,0.71619],"extended":false,"handId":84,"id":844,"length":43.6021,"mcpPosition":[95.8533,239.188,31.805],"pipPosition":[76.1115,219.345,19.6323],"stabilizedTipPosition":[82.2976,208.053,43.4494],"timeVisible":4.00633,"tipPosition":[80.9857,205.247,40.7038],"tipVelocity":[51.0034,-53.0664,-19.1532],"tool":false,"touchDistance":0.333333,"touchZone":"none","type":4,"width":15.545}],"r":[[0.964013,-0.00559614,-0.265796],[-0.00851433,0.998616,-0.0519056],[0.265719,0.0523007,0.962631]],"s":1.06323,"t":[-98.0969,70.5697,106.495],"timestamp":7743000967},{"currentFrameRate":114.879,"devices":[],"gestures":[],"hands":[{"armBasis":[[0.700546,0.231309,-0.675079],[0.381068,0.678576,0.62795],[0.603343,-0.697159,0.387229]],"armWidth":60.538,"confidence":1,"direction":[-0.322842,0.588719,-0.741068],"elbow":[249.032,25.532,196.206],"grabAngle":2.69181,"grabStrength":0,"id":84,"palmNormal":[-0.325954,-0.804256,-0.496916],"palmPosition":[68.3196,235.919,54.5797],"palmVelocity":[3.71675,-88.3296,-24.9791],"palmWidth":82.711,"pinchDistance":53.8478,"pinchStrength":0.532273,"r":[[0.965326,-0.000505909,-0.261048],[-0.0128592,0.998692,-0.0494871],[0.260732,0.051128,0.964056]],"s":1.06449,"sphereCenter":[74.3578,212.704,11.762],"sphereRadius":50.6933,"stabilizedPalmPosition":[69.5114,238.649,57.7701],"t":[-98.0494,69.9565,106.283],"timeVisible":4.01502,"type":"right","wrist":[100.952,196.638,101.167]}],"id":109981,"interactionBox":{"center":[0,200,0],"size":[235.247,235.247,147.751]},"pointables":[{"bases":[[[0.821733,0.0188699,-0.56956],[0.253007,0.88347,0.394295],[0.510629,-0.468108,0.721202]],[[0.93562,-0.119731,-0.332085],[0.252354,0.884666,0.392026],[0.246846,-0.45059,0.857925]],[[0.93562,-0.119731,-0.332085],[0.242828,0.901091,0.359264],[0.256223,-0.416773,0.872152]],[[0.93562,-0.119731,-0.332085],[0.228218,0.922853,0.310255],[0.269318,-0.366068,0.890765]]],"btipPosition":[22.9283,283.529,-14.1621],"carpPosition":[75.5497,221.419,97.2205],"dipPosition":[26.9004,278.13,-1.02448],"direction":[-0.256223,0.416773,-0.872152],"extended":true,"handId":84,"id":841,"length":50.764,"mcpPosition":[41.401,252.724,48.9896],"pipPosition":[32.2464,269.434,17.1725],"stabilizedTipPosition":[23.379,284.98,-9.45339],"timeVisible":4.01502,"tipPosition":[22.5913,279.913,-11.3438],"tipVelocity":[3.87027,-100.439,-40.5098],"tool":false,"touchDistance":-0.304987,"touchZone":"touching","type":1,"width":18.7255},{"bases":[[[0.586097,0.80158,0.118149],[-0.443337,0.19521,0.87484],[0.678191,-0.565121,0.469782]],[[0.418208,0.908304,0.00925483],[-0.647325,0.290867,0.704533],[0.637238,-0.300632,0.709611]],[[0.418208,0.908304,0.00925483],[-0.826799,0.376421,0.417985],[0.376173,-0.182456,0.908407]],[[0.418208,0.908304,0.00925483],[-0.907403,0.417284,0.0499492],[0.0415072,-0.029287,0.998709]]],"btipPosition":[25.5566,221.595,19.7951],"carpPosition":[66.3819,201.992,98.907],"dipPosition":[26.3952,221.004,39.9715],"direction":[-0.376173,0.182456,-0.908407],"extended":false,"handId":84,"id":840,"length":44.9881,"mcpPosition":[66.3819,201.992,98.907],"pipPosition":[37.4667,215.634,66.7079],"stabilizedTipPosition":[25.2545,225.575,27.344],"timeVisible":4.01502,"tipPosition":[26.4149,221.658,24.5027],"tipVelocity":[12.5603,-96.7159,-62.6122],"tool":false,"touchDistance":0.226152,"touchZone":"hovering","type":0,"width":19.6037},{"bases":[[[0.827914,-0.195435,-0.525703],[0.399437,0.863449,0.308066],[0.393711,-0.465038,0.792926]],[[0.832317,-0.200686,-0.516695],[-0.280077,0.652148,-0.704457],[0.478336,0.731046,0.486586]],[[0.832317,-0.200686,-0.516695],[-0.511501,-0.637244,-0.576443],[-0.213577,0.744074,-0.63304]],[[0.832317,-0.200686,-0.516695],[-0.245032,-0.969344,-0.0182128],[-0.4972,0.141766,-0.855976]]],"btipPosition":[53.2029,201.757,50.0295],"carpPosition":[84.7664,223.245,91.138],"dipPosition":[45.1374,204.056,36.1441],"direction":[0.213577,-0.744074,0.63304],"extended":false,"handId":84,"id":842,"length":57.8415,"mcpPosition":[59.7972,252.738,40.8507],"pipPosition":[39.8948,222.321,20.6049],"stabilizedTipPosition":[51.7701,206.057,50.2968],"timeVisible":4.01502,"tipPosition":[50.91,201.544,46.2476],"tipVelocity":[25.5263,-104.165,-38.9834],"tool":false,"touchDistance":0.333333,"touchZone":"none","type":2,"width":18.3909},{"bases":[[[0.844345,-0.32627,-0.425005],[0.469914,0.832016,0.29484],[0.257414,-0.448662,0.855827]],[[0.82739,-0.298779,-0.475559],[-0.229074,0.593585,-0.77148],[0.512787,0.747253,0.422684]],[[0.82739,-0.298779,-0.475559],[-0.540255,-0.654782,-0.52857],[-0.153462,0.694257,-0.703177]],[[0.82739,-0.298779,-0.475559],[-0.296857,-0.951456,0.0812898],[-0.476761,0.073915,-0.87592]]],"btipPosition":[70.9243,201.06,50.8657],"carpPosition":[93.9999,222.127,84.9569],"dipPosition":[63.2349,202.252,36.7385],"direction":[0.153462,-0.694257,0.703177],"extended":false,"handId":84,"id":843,"length":55.6162,"mcpPosition":[79.3426,247.674,36.2257],"pipPosition":[59.5652,218.854,19.9234],"stabilizedTipPosition":[69.1862,204.402,50.2122],"timeVisible":4.01502,"tipPosition":[69.2368,201.143,47.9562],"tipVelocity":[38.159,-93.7036,-35.8724],"tool":false,"touchDistance":0.333333,"touchZone":"none","type":3,"width":17.5001},{"bases":[[[0.779135,-0.508963,-0.365931],[0.616404,0.728211,0.299591],[0.113994,-0.458983,0.881102]],[[0.758349,-0.446551,-0.474867],[-0.129054,0.611219,-0.780869],[0.638946,0.653455,0.405888]],[[0.758349,-0.446551,-0.474867],[-0.650998,-0.556036,-0.516745],[-0.0332903,0.70101,-0.712374]],[[0.758349,-0.446551,-0.474867],[-0.455764,-0.884062,0.103504],[-0.466032,0.137935,-0.87395]]],"btipPosition":[84.0555,204.894,44.4791],"carpPosition":[102.07,214.535,78.279],"dipPosition":[77.1213,206.946,31.4754],"direction":[0.0332903,-0.70101,0.712374],"extended":false,"handId":84,"id":844,"length":43.6021,"mcpPosition":[96.0618,238.727,31.8368],"pipPosition":[76.5593,218.782,19.4479],"stabilizedTipPosition":[82.3003,208.008,43.4164],"timeVisible":4.01502,"tipPosition":[81.3388,204.647,40.4176],"tipVelocity":[38.0474,-76.4136,-24.1764],"tool":false,"touchDistance":0.333333,"touchZone":"none","type":4,"width":15.545}],"r":[[0.965326,-0.000505909,-0.261048],[-0.0128592,0.998692,-0.0494871],[0.260732,0.051128,0.964056]],"s":1.06449,"t":[-98.0494,69.9565,106.283],"timestamp":7743009650},{"currentFrameRate":114.789,"devices":[],"gestures":[],"hands":[{"armBasis":[[0.703918,0.239634,-0.668636],[0.373659,0.675642,0.635521],[0.604051,-0.697197,0.386055]],"armWidth":60.538,"confidence":1,"direction":[-0.32157,0.586541,-0.743346],"elbow":[249.113,24.68,195.86],"grabAngle":2.69134,"grabStrength":0,"id":84,"palmNormal":[-0.316703,-0.806454,-0.499331],"palmPosition":[68.2992,234.902,54.3383],"palmVelocity":[-2.30078,-114.654,-27.231],"palmWidth":82.711,"pinchDistance":53.7411,"pinchStrength":0.526753,"r":[[0.966709,0.00491939,-0.255833],[-0.0176719,0.998711,-0.0475722],[0.255269,0.0505095,0.96555]],"s":1.06592,"sphereCenter":[74.5619,211.732,11.6729],"sphereRadius":50.6012,"stabilizedPalmPosition":[69.4893,238.581,57.7073],"t":[-98.0358,69.1416,106.056],"timeVisible":4.02388,"type":"right","wrist":[100.858,195.795,101.109]}],"id":109982,"interactionBox":{"center":[0,200,0],"size":[235.247,235.247,147.751]},"pointables":[{"bases":[[[0.825692,0.0246941,-0.563581],[0.243949,0.885168,0.39619],[0.508647,-0.464615,0.724852]],[[0.938101,-0.111809,-0.327819],[0.241708,0.88923,0.388392],[0.248081,-0.443587,0.861212]],[[0.938101,-0.111809,-0.327819],[0.233798,0.902721,0.361156],[0.255549,-0.415444,0.872984]],[[0.938101,-0.111809,-0.327819],[0.218694,0.925147,0.310285],[0.268588,-0.36277,0.892333]]],"btipPosition":[22.8113,281.989,-14.7598],"carpPosition":[75.321,220.448,97.0293],"dipPosition":[26.7726,276.638,-1.59902],"direction":[-0.255549,0.415444,-0.872984],"extended":true,"handId":84,"id":841,"length":50.764,"mcpPosition":[41.3049,251.519,48.5544],"pipPosition":[32.1045,267.97,16.6153],"stabilizedTipPosition":[23.4313,284.337,-9.80031],"timeVisible":4.02388,"tipPosition":[22.7647,278.631,-11.908],"tipVelocity":[-13.4841,-172.523,-66.8192],"tool":false,"touchDistance":-0.311707,"touchZone":"touching","type":1,"width":18.7255},{"bases":[[[0.579599,0.805648,0.122462],[-0.451029,0.19199,0.871615],[0.678703,-0.560421,0.474647]],[[0.410924,0.911593,0.011842],[-0.653042,0.285262,0.701542],[0.636143,-0.296014,0.71253]],[[0.410924,0.911593,0.011842],[-0.831222,0.369296,0.41556],[0.374449,-0.180607,0.909489]],[[0.410924,0.911593,0.011842],[-0.910817,0.409943,0.0485595],[0.039412,-0.0307401,0.99875]]],"btipPosition":[25.595,220.326,19.3707],"carpPosition":[66.2774,200.957,98.6477],"dipPosition":[26.3912,219.705,39.548],"direction":[-0.374449,0.180607,-0.909489],"extended":false,"handId":84,"id":840,"length":44.9881,"mcpPosition":[66.2774,200.957,98.6477],"pipPosition":[37.412,214.389,66.3161],"stabilizedTipPosition":[25.2668,225.448,27.2655],"timeVisible":4.02388,"tipPosition":[26.6962,220.349,23.958],"tipVelocity":[3.22879,-143.964,-47.8493],"tool":false,"touchDistance":0.223174,"touchZone":"hovering","type":0,"width":19.6037},{"bases":[[[0.833054,-0.189568,-0.519697],[0.391138,0.866184,0.311024],[0.391193,-0.462373,0.795726]],[[0.839933,-0.197827,-0.505348],[-0.275777,0.646405,-0.711412],[0.467396,0.736902,0.488381]],[[0.839933,-0.197827,-0.505348],[-0.500763,-0.641423,-0.581217],[-0.209162,0.741243,-0.637817]],[[0.839933,-0.197827,-0.505348],[-0.240736,-0.970379,-0.0202537],[-0.486372,0.138667,-0.862678]]],"btipPosition":[53.336,200.558,49.8792],"carpPosition":[84.5686,222.34,91.014],"dipPosition":[45.4462,202.807,35.8851],"direction":[0.209162,-0.741243,0.637817],"extended":false,"handId":84,"id":842,"length":57.8415,"mcpPosition":[59.7592,251.663,40.5491],"pipPosition":[40.3119,221.003,20.2287],"stabilizedTipPosition":[51.7649,205.954,50.2215],"timeVisible":4.02388,"tipPosition":[51.1965,200.417,45.8891],"tipVelocity":[19.5725,-136.512,-19.7722],"tool":false,"touchDistance":0.333333,"touchZone":"none","type":2,"width":18.3909},{"bases":[[[0.84967,-0.320297,-0.418892],[0.461927,0.835246,0.298307],[0.254331,-0.44696,0.857638]],[[0.83289,-0.29292,-0.469566],[-0.229216,0.589687,-0.774422],[0.50374,0.75264,0.424003]],[[0.83289,-0.29292,-0.469566],[-0.531952,-0.657827,-0.533189],[-0.152711,0.693875,-0.703717]],[[0.83289,-0.29292,-0.469566],[-0.291197,-0.953456,0.0782652],[-0.470636,0.07155,-0.879422]]],"btipPosition":[71.1865,199.962,50.7242],"carpPosition":[93.8543,221.287,84.9],"dipPosition":[63.5958,201.116,36.5405],"direction":[0.152711,-0.693875,0.703717],"extended":false,"handId":84,"id":843,"length":55.6162,"mcpPosition":[79.3725,246.737,36.0657],"pipPosition":[59.944,217.709,19.7125],"stabilizedTipPosition":[69.1923,204.301,50.1462],"timeVisible":4.02388,"tipPosition":[69.5073,200.136,47.7167],"tipVelocity":[32.1318,-124.812,-17.4236],"tool":false,"touchDistance":0.333333,"touchZone":"none","type":3,"width":17.5001},{"bases":[[[0.785313,-0.50345,-0.360307],[0.609101,0.732469,0.304113],[0.110808,-0.458287,0.88187]],[[0.764947,-0.441332,-0.469129],[-0.129058,0.608561,-0.782942],[0.631031,0.659454,0.408559]],[[0.764947,-0.441332,-0.469129],[-0.643286,-0.559929,-0.522171],[-0.0322279,0.701217,-0.712219]],[[0.764947,-0.441332,-0.469129],[-0.451069,-0.886989,0.0989348],[-0.459775,0.135929,-0.877571]]],"btipPosition":[84.3096,203.918,44.4095],"carpPosition":[102.026,213.752,78.2803],"dipPosition":[77.4686,205.94,31.352],"direction":[0.0322279,-0.701217,0.712219],"extended":false,"handId":84,"id":844,"length":43.6021,"mcpPosition":[96.1853,237.908,31.7975],"pipPosition":[76.9244,217.779,19.3271],"stabilizedTipPosition":[82.3109,207.92,43.3674],"timeVisible":4.02388,"tipPosition":[81.646,203.728,40.2755],"tipVelocity":[31.0799,-110.885,-9.24079],"tool":false,"touchDistance":0.333333,"touchZone":"none","type":4,"width":15.545}],"r":[[0.966709,0.00491939,-0.255833],[-0.0176719,0.998711,-0.0475722],[0.255269,0.0505095,0.96555]],"s":1.06592,"t":[-98.0358,69.1416,106.056],"timestamp":7743018515},{"currentFrameRate":115.014,"devices":[],"gestures":[],"hands":[{"armBasis":[