{"frames":91,"data":[{"currentFrameRate":114.04,"devices":[],"gestures":[],"hands":[{"armBasis":[[0.690034,0.186124,-0.699436],[0.395501,0.712369,0.579749],[0.606162,-0.676674,0.417947]],"armWidth":59.7098,"confidence":1,"direction":[-0.236004,0.573187,-0.784703],"elbow":[218.473,79.1736,173.512],"grabAngle":0.394207,"grabStrength":0,"id":80,"palmNormal":[-0.366074,-0.800464,-0.474601],"palmPosition":[48.7601,276.183,27.0191],"palmVelocity":[4.89492,-18.4697,-10.6954],"palmWidth":79.482,"pinchDistance":47.7154,"pinchStrength":0,"r":[[0.997685,-0.02134,-0.0645658],[0.0281384,0.993937,0.106289],[0.0619061,-0.10786,0.992237]],"s":0.909119,"sphereCenter":[-40.9366,156.499,-34.9454],"sphereRadius":163.338,"stabilizedPalmPosition":[48.1191,277.096,27.5091],"t":[-129.538,134.522,95.1349],"timeVisible":8.30252,"type":"right","wrist":[75.5089,238.768,74.9383]}],"id":103653,"interactionBox":{"center":[0,200,0],"size":[235.247,235.247,147.751]},"pointables":[{"bases":[[[0.643598,0.757284,0.110922],[-0.468627,0.275326,0.839395],[0.605121,-0.592214,0.532083]],[[0.67399,0.725688,0.138254],[-0.372906,0.172656,0.911664],[0.637714,-0.666008,0.386982]],[[0.67399,0.725688,0.138254],[-0.680525,0.537088,0.49842],[0.287443,-0.430015,0.855841]],[[0.67399,0.725688,0.138254],[-0.738547,0.666187,0.103647],[-0.0168875,-0.171964,0.984959]]],"btipPosition":[6.48989,290.649,10.7403],"carpPosition":[42.1034,246.098,70.9675],"dipPosition":[6.16184,287.308,29.8734],"direction":[-0.287443,0.430015,-0.855841],"extended":false,"handId":80,"id":800,"length":43.2572,"mcpPosition":[42.1034,246.098,70.9675],"pipPosition":[14.2964,275.139,54.0934],"stabilizedTipPosition":[5.67775,291.236,15.9674],"timeVisible":8.30252,"tipPosition":[6.2412,289.773,14.711],"tipVelocity":[6.34054,-25.3305,-14.77],"tool":false,"touchDistance":0.299185,"touchZone":"hovering","type":0,"width":19.5405},{"bases":[[[0.847757,-0.0765245,-0.524835],[0.305092,0.879793,0.364531],[0.43385,-0.469157,0.769198]],[[0.9358,-0.205972,-0.286102],[0.265774,0.945386,0.188704],[0.231609,-0.252627,0.939434]],[[0.9358,-0.205972,-0.286102],[0.242132,0.965384,0.0969787],[0.256224,-0.160027,0.953279]],[[0.9358,-0.205972,-0.286102],[0.225718,0.973472,0.0374655],[0.270795,-0.0996385,0.957466]]],"btipPosition":[7.37118,307.676,-46.7046],"carpPosition":[52.492,263.893,68.9299],"dipPosition":[11.2114,306.263,-33.1265],"direction":[-0.256224,0.160027,-0.953279],"extended":true,"handId":80,"id":801,"length":48.8109,"mcpPosition":[24.6107,294.044,19.4975],"pipPosition":[16.3517,303.052,-14.0021],"stabilizedTipPosition":[7.73191,308.212,-43.0642],"timeVisible":8.30252,"tipPosition":[8.17248,308.216,-45.9678],"tipVelocity":[7.07786,-29.0246,-17.0764],"tool":false,"touchDistance":0.29549,"touchZone":"hovering","type":1,"width":18.665},{"bases":[[[0.834062,-0.28806,-0.47049],[0.453475,0.843676,0.287353],[0.314166,-0.453025,0.834307]],[[0.86246,-0.334075,-0.380206],[0.409695,0.901893,0.136889],[0.297174,-0.27383,0.914716]],[[0.86246,-0.334075,-0.380206],[0.374004,0.926802,0.0340402],[0.341004,-0.171557,0.924275]],[[0.86246,-0.334075,-0.380206],[0.35169,0.935796,-0.0244798],[0.363973,-0.112602,0.924578]]],"btipPosition":[16.9816,308.999,-60.1856],"carpPosition":[61.7428,264.629,63.4917],"dipPosition":[22.6587,307.242,-45.7645],"direction":[-0.341004,0.171557,-0.924275],"extended":true,"handId":80,"id":802,"length":55.6161,"mcpPosition":[42.5962,292.238,12.6457],"pipPosition":[30.7072,303.193,-23.9492],"stabilizedTipPosition":[17.7328,309.227,-56.4422],"timeVisible":8.30252,"tipPosition":[15.9514,307.304,-59.1704],"tipVelocity":[9.58617,-26.1476,-16.327],"tool":false,"touchDistance":0.298401,"touchZone":"hovering","type":2,"width":18.3316},{"bases":[[[0.83463,-0.414362,-0.362901],[0.52169,0.806068,0.279453],[0.176728,-0.422562,0.888937]],[[0.822585,-0.388386,-0.415343],[0.464831,0.87999,0.0977217],[0.327544,-0.273449,0.904401]],[[0.822585,-0.388386,-0.415343],[0.417953,0.908214,-0.0215138],[0.385576,-0.155897,0.909411]],[[0.822585,-0.388386,-0.415343],[0.38893,0.91712,-0.0873202],[0.414833,-0.0897111,0.905464]]],"btipPosition":[33.6653,300.779,-59.0361],"carpPosition":[70.781,262.541,58.0956],"dipPosition":[40.0985,299.388,-44.9942],"direction":[-0.385576,0.155897,-0.90941],"extended":true,"handId":80,"id":803,"length":53.4764,"mcpPosition":[61.1108,285.662,9.45517],"pipPosition":[48.964,295.803,-24.0842],"stabilizedTipPosition":[34.5455,300.944,-55.461],"timeVisible":8.30252,"tipPosition":[32.9934,298.626,-57.6641],"tipVelocity":[10.7895,-22.0922,-13.8602],"tool":false,"touchDistance":0.304772,"touchZone":"hovering","type":3,"width":17.4436},{"bases":[[[0.751727,-0.587935,-0.298729],[0.658705,0.691287,0.297037],[0.0318687,-0.420065,0.906934]],[[0.728282,-0.48664,-0.482481],[0.607443,0.784337,0.125808],[0.317204,-0.384704,0.866824]],[[0.728282,-0.48664,-0.482481],[0.541637,0.840086,-0.0297524],[0.419804,-0.239661,0.875401]],[[0.728282,-0.48664,-0.482481],[0.499402,0.859022,-0.112603],[0.469259,-0.158945,0.868638]]],"btipPosition":[53.7651,293.056,-45.5549],"carpPosition":[78.2175,254.324,52.4614],"dipPosition":[60.4787,290.782,-33.1275],"direction":[-0.419804,0.239661,-0.875401],"extended":true,"handId":80,"id":804,"length":41.9245,"mcpPosition":[76.6033,275.601,6.52385],"pipPosition":[67.2938,286.891,-18.9162],"stabilizedTipPosition":[54.6459,292.987,-42.4149],"timeVisible":8.30252,"tipPosition":[54.3217,292.373,-44.664],"tipVelocity":[11.3597,-18.6038,-10.9281],"tool":false,"touchDistance":0.308841,"touchZone":"hovering","type":4,"width":15.4948}],"r":[[0.997685,-0.02134,-0.0645658],[0.0281384,0.993937,0.106289],[0.0619061,-0.10786,0.992237]],"s":0.909119,"t":[-129.538,134.522,95.1349],"timestamp":7687112805},{"currentFrameRate":115.797,"devices":[],"gestures":[],"hands":[{"armBasis":[[0.690835,0.186725,-0.698485],[0.394425,0.712329,0.580532],[0.60595,-0.676551,0.418452]],"armWidth":59.7098,"confidence":1,"direction":[-0.23684,0.572319,-0.785085],"elbow":[218.588,79.0648,173.558],"grabAngle":0.393191,"grabStrength":0,"id":80,"palmNormal":[-0.36458,-0.801377,-0.474211],"palmPosition":[48.8834,275.981,26.9198],"palmVelocity":[21.8467,-35.7767,-17.5777],"palmWidth":79.482,"pinchDistance":47.7253,"pinchStrength":0,"r":[[0.997758,-0.0202435,-0.0637857],[0.0269283,0.994028,0.10575],[0.061264,-0.107231,0.992345]],"s":0.909158,"sphereCenter":[-40.8596,155.796,-35.1098],"sphereRadius":163.773,"stabilizedPalmPosition":[48.1697,277.022,27.4701],"t":[-129.429,134.334,95.0349],"timeVisible":8.30817,"type":"right","wrist":[75.6739,238.631,74.8651]}],"id":103654,"interactionBox":{"center":[0,200,0],"size":[235.247,235.247,147.751]},"pointables":[{"bases":[[[0.642254,0.758469,0.110615],[-0.469281,0.274996,0.839138],[0.606041,-0.590849,0.532552]],[[0.672852,0.72677,0.138115],[-0.373237,0.172308,0.911594],[0.638721,-0.664917,0.387196]],[[0.672852,0.72677,0.138115],[-0.681561,0.536406,0.497738],[0.287656,-0.429038,0.85626]],[[0.672852,0.72677,0.138115],[-0.739564,0.665314,0.10199],[-0.0177664,-0.170769,0.985151]]],"btipPosition":[6.62363,290.362,10.6323],"carpPosition":[42.27,245.91,70.8844],"dipPosition":[6.27851,287.045,29.7691],"direction":[-0.287656,0.429038,-0.85626],"extended":false,"handId":80,"id":800,"length":43.2572,"mcpPosition":[42.27,245.91,70.8844],"pipPosition":[14.4191,274.903,54.001],"stabilizedTipPosition":[5.73803,291.122,15.9025],"timeVisible":8.30817,"tipPosition":[6.34383,289.49,14.596],"tipVelocity":[23,-49.7902,-18.9881],"tool":false,"touchDistance":0.297399,"touchZone":"hovering","type":0,"width":19.5405},{"bases":[[[0.847999,-0.0753517,-0.524615],[0.303483,0.880535,0.364082],[0.434507,-0.467953,0.769561]],[[0.936202,-0.204471,-0.285862],[0.264347,0.945661,0.189329],[0.231616,-0.252817,0.939381]],[[0.936202,-0.204471,-0.285862],[0.240761,0.965645,0.0977913],[0.256046,-0.160377,0.953268]],[[0.936202,-0.204471,-0.285862],[0.224253,0.973794,0.0378979],[0.270621,-0.0995855,0.957521]]],"btipPosition":[7.47076,307.44,-46.8178],"carpPosition":[52.628,263.722,68.8386],"dipPosition":[11.3085,306.028,-33.239],"direction":[-0.256046,0.160377,-0.953268],"extended":true,"handId":80,"id":801,"length":48.8109,"mcpPosition":[24.7045,293.795,19.3829],"pipPosition":[16.4452,302.81,-14.1148],"stabilizedTipPosition":[7.79667,308.098,-43.1299],"timeVisible":8.30817,"tipPosition":[8.25573,307.896,-46.0812],"tipVelocity":[17.5425,-41.6734,-20.0367],"tool":false,"touchDistance":0.293605,"touchZone":"hovering","type":1,"width":18.665},{"bases":[[[0.834661,-0.286879,-0.47015],[0.451944,0.844632,0.286956],[0.314782,-0.451992,0.834635]],[[0.863087,-0.332729,-0.379964],[0.408362,0.902428,0.137348],[0.29719,-0.273706,0.914748]],[[0.863087,-0.332729,-0.379964],[0.372734,0.927291,0.0346489],[0.340808,-0.171531,0.924352]],[[0.863087,-0.332729,-0.379964],[0.350394,0.936295,-0.0239824],[0.363738,-0.112438,0.92469]]],"btipPosition":[17.0875,308.769,-60.3003],"carpPosition":[61.8786,264.471,63.4019],"dipPosition":[22.761,307.016,-45.8774],"direction":[-0.340808,0.171531,-0.924352],"extended":true,"handId":80,"id":802,"length":55.6161,"mcpPosition":[42.6946,292.017,12.5359],"pipPosition":[30.8049,302.967,-24.0603],"stabilizedTipPosition":[17.8069,309.131,-56.503],"timeVisible":8.30817,"tipPosition":[16.0507,307.002,-59.2825],"tipVelocity":[18.6213,-40.504,-20.2442],"tool":false,"touchDistance":0.296496,"touchZone":"hovering","type":2,"width":18.3316},{"bases":[[[0.835426,-0.413117,-0.362487],[0.520226,0.807138,0.279093],[0.17728,-0.421737,0.889219]],[[0.823302,-0.387104,-0.415119],[0.463544,0.880621,0.0981535],[0.327566,-0.273236,0.904457]],[[0.823302,-0.387104,-0.415119],[0.416697,0.908802,-0.0210384],[0.385405,-0.155658,0.909524]],[[0.823302,-0.387104,-0.415119],[0.387655,0.917696,-0.0869312],[0.414604,-0.0893522,0.905604]]],"btipPosition":[33.7823,300.569,-59.1451],"carpPosition":[70.9216,262.395,58.0089],"dipPosition":[40.212,299.184,-45.1011],"direction":[-0.385405,0.155658,-0.909524],"extended":true,"handId":80,"id":803,"length":53.4764,"mcpPosition":[61.2213,285.472,9.35301],"pipPosition":[49.0736,295.605,-24.1884],"stabilizedTipPosition":[34.6264,300.866,-55.5123],"timeVisible":8.30817,"tipPosition":[33.105,298.356,-57.7711],"tipVelocity":[20.5967,-36.9054,-19.229],"tool":false,"touchDistance":0.302963,"touchZone":"hovering","type":3,"width":17.4436},{"bases":[[[0.752812,-0.586798,-0.298232],[0.657437,0.692606,0.296772],[0.0324122,-0.419482,0.907185]],[[0.729173,-0.485492,-0.482291],[0.606342,0.78509,0.126423],[0.317264,-0.384618,0.86684]],[[0.729173,-0.485492,-0.482291],[0.540592,0.840783,-0.0290457],[0.419604,-0.239543,0.875529]],[[0.729173,-0.485492,-0.482291],[0.498371,0.859708,-0.111929],[0.46897,-0.158744,0.868831]]],"btipPosition":[53.8992,292.884,-45.6533],"carpPosition":[78.3735,254.188,52.381],"dipPosition":[60.6087,290.612,-33.2231],"direction":[-0.419604,0.239543,-0.875529],"extended":true,"handId":80,"id":804,"length":41.9245,"mcpPosition":[76.7318,275.436,6.43075],"pipPosition":[67.4205,286.724,-19.0098],"stabilizedTipPosition":[54.7296,292.921,-42.4548],"timeVisible":8.30817,"tipPosition":[54.436,292.14,-44.763],"tipVelocity":[23.6018,-30.4646,-17.3246],"tool":false,"touchDistance":0.307211,"touchZone":"hovering","type":4,"width":15.4948}],"r":[[0.997758,-0.0202435,-0.0637857],[0.0269283,0.994028,0.10575],[0.061264,-0.107231,0.992345]],"s":0.909158,"t":[-129.429,134.334,95.0349],"timestamp":7687118449},{"currentFrameRate":115.619,"devices":[],"gestures":[],"hands":[{"armBasis":[[0.691272,0.187095,-0.697953],[0.393547,0.712595,0.5808],[0.606022,-0.676168,0.418967]],"armWidth":59.7098,"confidence":1,"direction":[-0.237555,0.571755,-0.78528],"elbow":[218.766,78.97,173.611],"grabAngle":0.393048,"grabStrength":0,"id":80,"palmNormal":[-0.36347,-0.802014,-0.473986],"palmPosition":[49.0059,275.749,26.8365],"palmVelocity":[13.6888,-25.8971,-9.30994],"palmWidth":79.482,"pinchDistance":47.7273,"pinchStrength":0,"r":[[0.997821,-0.0191016,-0.063147],[0.0256918,0.994113,0.105256],[0.0607647,-0.106649,0.992438]],"s":0.909251,"sphereCenter":[-40.6433,155.284,-35.2381],"sphereRadius":163.953,"stabilizedPalmPosition":[48.2531,276.895,27.4068],"t":[-129.313,134.125,94.9433],"timeVisible":8.31712,"type":"right","wrist":[75.8346,238.445,74.7968]}],"id":103655,"interactionBox":{"center":[0,200,0],"size":[235.247,235.247,147.751]},"pointables":[{"bases":[[[0.641226,0.759366,0.110422],[-0.469708,0.274627,0.83902],[0.606798,-0.589867,0.532778]],[[0.671889,0.72769,0.137957],[-0.373541,0.172092,0.91151],[0.639556,-0.663967,0.387449]],[[0.671889,0.72769,0.137957],[-0.682353,0.535736,0.497374],[0.288025,-0.428315,0.856497]],[[0.671889,0.72769,0.137957],[-0.740427,0.664515,0.100935],[-0.0182249,-0.169964,0.985282]]],"btipPosition":[6.74557,290.058,10.5376],"carpPosition":[42.4299,245.683,70.81],"dipPosition":[6.39155,286.756,29.6769],"direction":[-0.288025,0.428315,-0.856497],"extended":false,"handId":80,"id":800,"length":43.2572,"mcpPosition":[42.4299,245.683,70.81],"pipPosition":[14.5426,274.635,53.9156],"stabilizedTipPosition":[5.83806,290.925,15.7985],"timeVisible":8.31712,"tipPosition":[6.44933,289.197,14.506],"tipVelocity":[13.3964,-33.6118,-10.513],"tool":false,"touchDistance":0.29583,"touchZone":"hovering","type":0,"width":19.5405},{"bases":[[[0.848135,-0.0743756,-0.524533],[0.302273,0.881056,0.363828],[0.435083,-0.467128,0.769737]],[[0.93645,-0.203191,-0.285962],[0.263312,0.945763,0.190262],[0.231793,-0.253468,0.939162]],[[0.93645,-0.203191,-0.285962],[0.239695,0.965821,0.0986703],[0.256139,-0.160944,0.953147]],[[0.93645,-0.203191,-0.285962],[0.223016,0.974066,0.0381922],[0.270786,-0.0995392,0.957479]]],"btipPosition":[7.55935,307.207,-46.8976],"carpPosition":[52.7641,263.509,68.7593],"dipPosition":[11.3994,305.796,-33.3193],"direction":[-0.256139,0.160944,-0.953147],"extended":true,"handId":80,"id":801,"length":48.8109,"mcpPosition":[24.8036,293.529,19.2923],"pipPosition":[16.538,302.567,-14.1975],"stabilizedTipPosition":[7.89751,307.908,-43.2305],"timeVisible":8.31712,"tipPosition":[8.34095,307.583,-46.1649],"tipVelocity":[9.95833,-25.987,-8.92372],"tool":false,"touchDistance":0.292274,"touchZone":"hovering","type":1,"width":18.665},{"bases":[[[0.835079,-0.285904,-0.470003],[0.450788,0.845328,0.286723],[0.315332,-0.451308,0.834798]],[[0.86352,-0.331614,-0.379956],[0.407342,0.902819,0.137807],[0.297332,-0.273771,0.914682]],[[0.86352,-0.331614,-0.379956],[0.371704,0.927687,0.0351109],[0.340837,-0.17155,0.924338]],[[0.86352,-0.331614,-0.379956],[0.349244,0.936729,-0.023825],[0.363816,-0.112124,0.924698]]],"btipPosition":[17.1819,308.523,-60.3862],"carpPosition":[62.0141,264.268,63.3231],"dipPosition":[22.8566,306.774,-45.9632],"direction":[-0.340837,0.17155,-0.924338],"extended":true,"handId":80,"id":802,"length":55.6161,"mcpPosition":[42.7965,291.772,12.4471],"pipPosition":[30.9012,302.725,-24.1464],"stabilizedTipPosition":[17.9205,308.962,-56.5976],"timeVisible":8.31712,"tipPosition":[16.1462,306.704,-59.3693],"tipVelocity":[10.5766,-27.4081,-9.59621],"tool":false,"touchDistance":0.295065,"touchZone":"hovering","type":2,"width":18.3316},{"bases":[[[0.836006,-0.412107,-0.362301],[0.519121,0.807924,0.278876],[0.177785,-0.42122,0.889363]],[[0.823844,-0.386113,-0.414968],[0.462453,0.881189,0.0982013],[0.327749,-0.272806,0.904521]],[[0.823844,-0.386113,-0.414968],[0.415486,0.909352,-0.0212472],[0.385556,-0.154909,0.909588]],[[0.823844,-0.386113,-0.414968],[0.386322,0.918214,-0.0873924],[0.414773,-0.0883139,0.905629]]],"btipPosition":[33.8804,300.299,-59.2348],"carpPosition":[71.0602,262.203,57.9314],"dipPosition":[40.3127,298.93,-45.1903],"direction":[-0.385556,0.154909,-0.909588],"extended":true,"handId":80,"id":803,"length":53.4764,"mcpPosition":[61.3322,285.251,9.26757],"pipPosition":[49.1778,295.368,-24.2762],"stabilizedTipPosition":[34.7489,300.719,-55.5945],"timeVisible":8.31712,"tipPosition":[33.2048,298.077,-57.8612],"tipVelocity":[11.0266,-29.7494,-10.0066],"tool":false,"touchDistance":0.301471,"touchZone":"hovering","type":3,"width":17.4436},{"bases":[[[0.753621,-0.585878,-0.297996],[0.656485,0.693582,0.2966],[0.0329133,-0.419154,0.907318]],[[0.729911,-0.484809,-0.481862],[0.605401,0.785817,0.126421],[0.317365,-0.383996,0.86708]],[[0.729911,-0.484809,-0.481862],[0.539519,0.841462,-0.0293605],[0.419702,-0.238543,0.875755]],[[0.729911,-0.484809,-0.481862],[0.497212,0.860316,-0.112415],[0.469053,-0.157534,0.869006]]],"btipPosition":[54.0182,292.631,-45.7477],"carpPosition":[78.5235,254.004,52.3065],"dipPosition":[60.7288,290.377,-33.3151],"direction":[-0.419702,0.238543,-0.875755],"extended":true,"handId":80,"id":804,"length":41.9245,"mcpPosition":[76.8564,275.235,6.34951],"pipPosition":[67.5422,286.505,-19.098],"stabilizedTipPosition":[54.8572,292.797,-42.5213],"timeVisible":8.31712,"tipPosition":[54.5428,291.894,-44.8489],"tipVelocity":[13.3162,-27.7744,-10.4867],"tool":false,"touchDistance":0.305647,"touchZone":"hovering","type":4,"width":15.4948}],"r":[[0.997821,-0.0191016,-0.063147],[0.0256918,0.994113,0.105256],[0.0607647,-0.106649,0.992438]],"s":0.909251,"t":[-129.313,134.125,94.9433],"timestamp":7687127399},{"currentFrameRate":115.955,"devices":[],"gestures":[],"hands":[{"armBasis":[[0.691991,0.187866,-0.697033],[0.392201,0.712786,0.581476],[0.606075,-0.675754,0.41956]],"armWidth":59.7098,"confidence":1,"direction":[-0.237617,0.572519,-0.784704],"elbow":[218.905,78.8423,173.64],"grabAngle":0.39344,"grabStrength":0,"id":80,"palmNormal":[-0.362242,-0.801794,-0.475297],"palmPosition":[49.1313,275.552,26.7469],"palmVelocity":[15.5655,-24.4631,-11.1205],"palmWidth":79.482,"pinchDistance":47.7213,"pinchStrength":0,"r":[[0.997884,-0.0179514,-0.062497],[0.0244683,0.994158,0.105124],[0.0602447,-0.106431,0.992493]],"s":0.909326,"sphereCenter":[-40.3158,155.035,-35.5895],"sphereRadius":163.984,"stabilizedPalmPosition":[48.3292,276.779,27.3497],"t":[-129.192,133.921,94.8526],"timeVisible":8.32517,"type":"right","wrist":[75.9614,238.22,74.6862]}],"id":103656,"interactionBox":{"center":[0,200,0],"size":[235.247,235.247,147.751]},"pointables":[{"bases":[[[0.640308,0.759927,0.111879],[-0.470617,0.273013,0.839037],[0.607062,-0.589895,0.532447]],[[0.670914,0.728328,0.139328],[-0.374471,0.170601,0.911409],[0.640035,-0.663652,0.387197]],[[0.670914,0.728328,0.139328],[-0.683483,0.534501,0.497152],[0.287619,-0.428774,0.856404]],[[0.670914,0.728328,0.139328],[-0.741276,0.663699,0.10007],[-0.0195879,-0.170418,0.985177]]],"btipPosition":[6.88938,289.804,10.4196],"carpPosition":[42.5567,245.422,70.6763],"dipPosition":[6.50888,286.494,29.5569],"direction":[-0.287619,0.428774,-0.856404],"extended":false,"handId":80,"id":800,"length":43.2572,"mcpPosition":[42.5567,245.422,70.6763],"pipPosition":[14.6484,274.36,53.7929],"stabilizedTipPosition":[5.92971,290.746,15.7055],"timeVisible":8.32517,"tipPosition":[6.56942,288.969,14.4042],"tipVelocity":[17.0952,-31.7445,-14.7076],"tool":false,"touchDistance":0.293856,"touchZone":"hovering","type":0,"width":19.5405},{"bases":[[[0.848596,-0.0727556,-0.524015],[0.301039,0.880912,0.365198],[0.435041,-0.467654,0.769441]],[[0.936841,-0.201693,-0.285741],[0.262298,0.945586,0.192529],[0.231361,-0.255318,0.938768]],[[0.936841,-0.201693,-0.285741],[0.238663,0.965865,0.100725],[0.255672,-0.162559,0.952999]],[[0.936841,-0.201693,-0.285741],[0.2219,0.974255,0.039844],[0.270349,-0.100734,0.957478]]],"btipPosition":[7.70158,307.109,-46.9644],"carpPosition":[52.8727,263.261,68.6564],"dipPosition":[11.5355,305.68,-33.3861],"direction":[-0.255672,0.162559,-0.952999],"extended":true,"handId":80,"id":801,"length":48.8109,"mcpPosition":[24.9149,293.315,19.2084],"pipPosition":[16.6647,302.419,-14.2673],"stabilizedTipPosition":[7.99105,307.754,-43.3138],"timeVisible":8.32517,"tipPosition":[8.48439,307.435,-46.2346],"tipVelocity":[17.4786,-12.7193,-8.29241],"tool":false,"touchDistance":0.29116,"touchZone":"hovering","type":1,"width":18.665},{"bases":[[[0.835733,-0.284369,-0.469771],[0.449648,0.845449,0.288154],[0.315225,-0.452051,0.834436]],[[0.864126,-0.330104,-0.379892],[0.40639,0.902942,0.139798],[0.296872,-0.275188,0.914406]],[[0.864126,-0.330104,-0.379892],[0.370703,0.928021,0.0368289],[0.34039,-0.172652,0.924298]],[[0.864126,-0.330104,-0.379892],[0.348148,0.937171,-0.0224279],[0.363427,-0.112878,0.924759]]],"btipPosition":[17.3351,308.432,-60.4483],"carpPosition":[62.1258,264.037,63.2279],"dipPosition":[23.0037,306.672,-46.0243],"direction":[-0.34039,0.172652,-0.924298],"extended":true,"handId":80,"id":802,"length":55.6161,"mcpPosition":[42.9147,291.587,12.374],"pipPosition":[31.0377,302.597,-24.2086],"stabilizedTipPosition":[18.0259,308.825,-56.6758],"timeVisible":8.32517,"tipPosition":[16.3043,306.586,-59.4377],"tipVelocity":[18.8387,-11.594,-7.68181],"tool":false,"touchDistance":0.294033,"touchZone":"hovering","type":2,"width":18.3316},{"bases":[[[0.836721,-0.410712,-0.362233],[0.518028,0.80813,0.280307],[0.177606,-0.422186,0.88894]],[[0.82456,-0.384646,-0.414907],[0.461475,0.881512,0.0998871],[0.327325,-0.273832,0.904364]],[[0.82456,-0.384646,-0.414907],[0.414335,0.909902,-0.0201162],[0.385263,-0.155323,0.909641]],[[0.82456,-0.384646,-0.414907],[0.385016,0.918832,-0.0866595],[0.414563,-0.0882901,0.905727]]],"btipPosition":[34.0338,300.186,-59.2999],"carpPosition":[71.178,261.99,57.84],"dipPosition":[40.4628,298.817,-45.254],"direction":[-0.385263,0.155323,-0.909641],"extended":true,"handId":80,"id":803,"length":53.4764,"mcpPosition":[61.4598,285.091,9.19935],"pipPosition":[49.3211,295.246,-24.3386],"stabilizedTipPosition":[34.8601,300.595,-55.6637],"timeVisible":8.32517,"tipPosition":[33.3685,297.975,-57.9316],"tipVelocity":[18.9426,-14.0559,-8.04687],"tool":false,"touchDistance":0.30039,"touchZone":"hovering","type":3,"width":17.4436},{"bases":[[[0.754482,-0.584658,-0.298216],[0.655505,0.693916,0.297982],[0.0327193,-0.420304,0.906793]],[[0.730839,-0.483504,-0.481765],[0.604548,0.786208,0.128055],[0.316853,-0.384838,0.866893]],[[0.730839,-0.483504,-0.481765],[0.538477,0.842164,-0.0283327],[0.419424,-0.238713,0.875842]],[[0.730839,-0.483504,-0.481765],[0.496034,0.861087,-0.11171],[0.468854,-0.15733,0.869151]]],"btipPosition":[54.1813,292.516,-45.8158],"carpPosition":[78.6545,253.806,52.2099],"dipPosition":[60.8891,290.265,-33.3811],"direction":[-0.419424,0.238713,-0.875842],"extended":true,"handId":80,"id":804,"length":41.9245,"mcpPosition":[76.9972,275.095,6.27945],"pipPosition":[67.698,286.39,-19.1626],"stabilizedTipPosition":[54.9723,292.691,-42.5789],"timeVisible":8.32517,"tipPosition":[54.7034,291.797,-44.9111],"tipVelocity":[20.1692,-14.1991,-8.3906],"tool":false,"touchDistance":0.30452,"touchZone":"hovering","type":4,"width":15.4948}],"r":[[0.997884,-0.0179514,-0.062497],[0.0244683,0.994158,0.105124],[0.0602447,-0.106431,0.992493]],"s":0.909326,"t":[-129.192,133.921,94.8526],"timestamp":7687135455},{"currentFrameRate":115.722,"devices":[],"gestures":[],"hands":[{"armBasis":[[0.692737,0.188658,-0.696078],[0.391085,0.712675,0.582363],[0.605945,-0.67565,0.419915]],"armWidth":59.7098,"confidence":1,"direction":[-0.236316,0.574111,-0.783933],"elbow":[218.98,78.5598,173.618],"grabAngle":0.393879,"grabStrength":0,"id":80,"palmNormal":[-0.361599,-0.800799,-0.477459],"palmPosition":[49.3114,275.333,26.6662],"palmVelocity":[19.928,-24.1968,-8.93908],"palmWidth":79.482,"pinchDistance":47.7192,"pinchStrength":0,"r":[[0.997951,-0.0170321,-0.0616717],[0.0234821,0.99415,0.105421],[0.0595154,-0.106654,0.992513]],"s":0.90939,"sphereCenter":[-40.0237,155.084,-35.9996],"sphereRadius":163.852,"stabilizedPalmPosition":[48.4218,276.643,27.2852],"t":[-129.041,133.71,94.7669],"timeVisible":8.33421,"type":"right","wrist":[76.0673,237.913,74.5799]}],"id":103657,"interactionBox":{"center":[0,200,0],"size":[235.247,235.247,147.751]},"pointables":[{"bases":[[[0.640228,0.75962,0.114394],[-0.471896,0.271402,0.838841],[0.606154,-0.591032,0.532221]],[[0.670965,0.727767,0.141991],[-0.37579,0.168675,0.911225],[0.639209,-0.664759,0.386663]],[[0.670965,0.727767,0.141991],[-0.684125,0.533746,0.49708],[0.285971,-0.430663,0.856008]],[[0.670965,0.727767,0.141991],[-0.741172,0.663867,0.099722],[-0.021689,-0.17215,0.984832]]],"btipPosition":[7.12038,289.634,10.3095],"carpPosition":[42.6642,245.116,70.5251],"dipPosition":[6.69906,286.29,29.4401],"direction":[-0.285971,0.430663,-0.856008],"extended":false,"handId":80,"id":800,"length":43.2572,"mcpPosition":[42.6642,245.116,70.5251],"pipPosition":[14.792,274.103,53.665],"stabilizedTipPosition":[6.04219,290.553,15.6031],"timeVisible":8.33421,"tipPosition":[6.771,288.781,14.2843],"tipVelocity":[24.525,-19.6539,-12.349],"tool":false,"touchDistance":0.291996,"touchZone":"hovering","type":0,"width":19.5405},{"bases":[[[0.849406,-0.0718216,-0.522829],[0.300578,0.880144,0.367422],[0.433776,-0.469242,0.769188]],[[0.937213,-0.201124,-0.284923],[0.262116,0.945121,0.195041],[0.23006,-0.257477,0.938498]],[[0.937213,-0.201124,-0.284923],[0.238589,0.965624,0.103179],[0.254377,-0.164681,0.952981]],[[0.937213,-0.201124,-0.284923],[0.221836,0.974178,0.0420358],[0.269112,-0.102603,0.957628]]],"btipPosition":[7.98565,307.054,-47.0398],"carpPosition":[52.9856,262.958,68.5569],"dipPosition":[11.802,305.599,-33.4594],"direction":[-0.254377,0.164681,-0.952981],"extended":true,"handId":80,"id":801,"length":48.8109,"mcpPosition":[25.109,293.114,19.1251],"pipPosition":[16.9052,302.296,-14.341],"stabilizedTipPosition":[8.12108,307.6,-43.4036],"timeVisible":8.33421,"tipPosition":[8.78293,307.366,-46.312],"tipVelocity":[30.9913,-6.70354,-8.29459],"tool":false,"touchDistance":0.289911,"touchZone":"hovering","type":1,"width":18.665},{"bases":[[[0.836432,-0.283541,-0.469027],[0.449303,0.844815,0.29054],[0.313861,-0.453753,0.834026]],[[0.864626,-0.329361,-0.379398],[0.406295,0.902581,0.142381],[0.295543,-0.277254,0.914213]],[[0.864626,-0.329361,-0.379398],[0.37073,0.927907,0.0393428],[0.339089,-0.174671,0.924397]],[[0.864626,-0.329361,-0.379398],[0.348203,0.937204,-0.0200656],[0.362183,-0.114758,0.925016]]],"btipPosition":[17.643,308.403,-60.5054],"carpPosition":[62.2472,263.744,63.1444],"dipPosition":[23.2922,306.613,-46.0774],"direction":[-0.339089,0.174671,-0.924397],"extended":true,"handId":80,"id":802,"length":55.6161,"mcpPosition":[43.1193,291.398,12.3155],"pipPosition":[31.2955,302.49,-24.2593],"stabilizedTipPosition":[18.1739,308.69,-56.7584],"timeVisible":8.33421,"tipPosition":[16.6261,306.545,-59.505],"tipVelocity":[33.5816,-4.02181,-6.2195],"tool":false,"touchDistance":0.293097,"touchZone":"hovering","type":2,"width":18.3316},{"bases":[[[0.837236,-0.410098,-0.36174],[0.517691,0.807503,0.282727],[0.17616,-0.423979,0.888375]],[[0.825137,-0.38388,-0.414469],[0.461363,0.881301,0.102237],[0.326026,-0.27558,0.904302]],[[0.825137,-0.38388,-0.414469],[0.414277,0.909972,-0.0180576],[0.384087,-0.156805,0.909884]],[[0.825137,-0.38388,-0.414469],[0.384992,0.919021,-0.0847403],[0.413436,-0.089645,0.906109]]],"btipPosition":[34.3352,300.121,-59.3516],"carpPosition":[71.3076,261.706,57.7666],"dipPosition":[40.7467,298.73,-45.2997],"direction":[-0.384087,0.156805,-0.909884],"extended":true,"handId":80,"id":803,"length":53.4764,"mcpPosition":[61.6686,284.905,9.15693],"pipPosition":[49.578,295.125,-24.3787],"stabilizedTipPosition":[35.0115,300.469,-55.7364],"timeVisible":8.33421,"tipPosition":[33.6874,297.93,-57.9891],"tipVelocity":[32.9125,-7.77538,-5.5643],"tool":false,"touchDistance":0.299552,"touchZone":"hovering","type":3,"width":17.4436},{"bases":[[[0.754874,-0.58416,-0.298198],[0.655125,0.693237,0.300389],[0.0312462,-0.422113,0.906005]],[[0.731543,-0.48267,-0.481534],[0.604426,0.785902,0.130484],[0.315458,-0.386506,0.86666]],[[0.731543,-0.48267,-0.481534],[0.538336,0.842314,-0.0264648],[0.418377,-0.239867,0.876028]],[[0.731543,-0.48267,-0.481534],[0.495889,0.861383,-0.110063],[0.467909,-0.158272,0.869489]]],"btipPosition":[54.4648,292.416,-45.8548],"carpPosition":[78.7919,253.533,52.132],"dipPosition":[61.159,290.151,-33.4152],"direction":[-0.418377,0.239867,-0.876028],"extended":true,"handId":80,"id":804,"length":41.9245,"mcpPosition":[77.2092,274.914,6.24147],"pipPosition":[67.951,286.257,-19.1937],"stabilizedTipPosition":[55.1218,292.576,-42.639],"timeVisible":8.33421,"tipPosition":[54.9994,291.72,-44.9473],"tipVelocity":[31.0302,-11.444,-4.19128],"tool":false,"touchDistance":0.303889,"touchZone":"hovering","type":4,"width":15.4948}],"r":[[0.997951,-0.0170321,-0.0616717],[0.0234821,0.99415,0.105421],[0.0595154,-0.106654,0.992513]],"s":0.90939,"t":[-129.041,133.71,94.7669],"timestamp":7687144491},{"currentFrameRate":115.841,"devices":[],"gestures":[],"hands":[{"armBasis":[[0.693599,0.189635,-0.694952],[0.389909,0.712361,0.583535],[0.605715,-0.675708,0.420152]],"armWidth":59.7098,"confidence":1,"direction":[-0.236072,0.574223,-0.783925],"elbow":[219.021,78.241,173.622],"grabAngle":0.393139,"grabStrength":0,"id":80,"palmNormal":[-0.360326,-0.800943,-0.47818],"palmPosition":[49.4237,275.027,26.6046],"palmVelocity":[13.32,-36.2979,-7.30699],"palmWidth":79.482,"pinchDistance":47.7253,"pinchStrength":0,"r":[[0.99802,-0.0160963,-0.0608078],[0.0224769,0.994139,0.10575],[0.0587492,-0.106908,0.992532]],"s":0.9095,"sphereCenter":[-39.9412,154.675,-36.1924],"sphereRadius":164.007,"stabilizedPalmPosition":[48.5095,276.501,27.2257],"t":[-128.91,133.452,94.6933],"timeVisible":8.34264,"type":"right","wrist":[76.1623,237.608,74.5282]}],"id":103658,"interactionBox":{"center":[0,200,0],"size":[235.247,235.247,147.751]},"pointables":[{"bases":[[[0.639368,0.760195,0.115383],[-0.473022,0.270573,0.838475],[0.606185,-0.590673,0.532584]],[[0.670584,0.727835,0.143437],[-0.376624,0.167444,0.911108],[0.639118,-0.664996,0.386405]],[[0.670584,0.727835,0.143437],[-0.684893,0.53314,0.496672],[0.285023,-0.431299,0.856004]],[[0.670584,0.727835,0.143437],[-0.741465,0.663695,0.0986821],[-0.0233739,-0.172528,0.984727]]],"btipPosition":[7.28073,289.338,10.2413],"carpPosition":[42.761,244.785,70.4434],"dipPosition":[6.82669,285.987,29.3698],"direction":[-0.285023,0.431299,-0.856004],"extended":false,"handId":80,"id":800,"length":43.2572,"mcpPosition":[42.761,244.785,70.4434],"pipPosition":[14.8928,273.781,53.5945],"stabilizedTipPosition":[6.15211,290.36,15.5098],"timeVisible":8.34264,"tipPosition":[6.88422,288.439,14.1869],"tipVelocity":[18.1266,-35.3126,-8.15288],"tool":false,"touchDistance":0.29085,"touchZone":"hovering","type":0,"width":19.5405},{"bases":[[[0.850012,-0.0707626,-0.521989],[0.29934,0.880276,0.368115],[0.433445,-0.469155,0.769428]],[[0.93768,-0.200033,-0.284152],[0.261016,0.945245,0.195914],[0.229404,-0.257873,0.93855]],[[0.93768,-0.200033,-0.284152],[0.237661,0.965718,0.104431],[0.253521,-0.165455,0.953075]],[[0.93768,-0.200033,-0.284152],[0.220995,0.974309,0.0433877],[0.268173,-0.10348,0.957797]]],"btipPosition":[8.14221,306.77,-47.1246],"carpPosition":[53.067,262.638,68.4936],"dipPosition":[11.9452,305.303,-33.5418],"direction":[-0.253521,0.165455,-0.953075],"extended":true,"handId":80,"id":801,"length":48.8109,"mcpPosition":[25.2117,292.788,19.0465],"pipPosition":[17.0313,301.983,-14.4215],"stabilizedTipPosition":[8.24421,307.44,-43.4857],"timeVisible":8.34264,"tipPosition":[8.93898,307.051,-46.3967],"tipVelocity":[18.2057,-34.0606,-9.9935],"tool":false,"touchDistance":0.288507,"touchZone":"hovering","type":1,"width":18.665},{"bases":[[[0.837189,-0.282518,-0.468292],[0.448179,0.845127,0.291371],[0.313449,-0.453811,0.83415]],[[0.865317,-0.328312,-0.378732],[0.405348,0.902831,0.143489],[0.294822,-0.277681,0.914316]],[[0.865317,-0.328312,-0.378732],[0.370004,0.928134,0.0408011],[0.338118,-0.175438,0.924607]],[[0.865317,-0.328312,-0.378732],[0.347571,0.93747,-0.0185456],[0.361139,-0.115588,0.925321]]],"btipPosition":[17.8223,308.145,-60.5802],"carpPosition":[62.3334,263.435,63.091],"dipPosition":[23.4552,306.342,-46.1475],"direction":[-0.338118,0.175438,-0.924607],"extended":true,"handId":80,"id":802,"length":55.6161,"mcpPosition":[43.2306,291.092,12.2545],"pipPosition":[31.4357,302.201,-24.3244],"stabilizedTipPosition":[18.3144,308.547,-56.8331],"timeVisible":8.34264,"tipPosition":[16.8024,306.249,-59.5803],"tipVelocity":[20.8299,-30.9127,-8.73867],"tool":false,"touchDistance":0.291869,"touchZone":"hovering","type":2,"width":18.3316},{"bases":[[[0.838007,-0.409121,-0.361059],[0.516611,0.807885,0.283611],[0.175663,-0.424195,0.88837]],[[0.825912,-0.382841,-0.413887],[0.460494,0.881617,0.103429],[0.325293,-0.276015,0.904433]],[[0.825912,-0.382841,-0.413887],[0.413637,0.910291,-0.0165963],[0.383111,-0.157492,0.910177]],[[0.825912,-0.382841,-0.413887],[0.38448,0.919378,-0.0831843],[0.412365,-0.0904286,0.90652]]],"btipPosition":[34.5223,299.878,-59.4143],"carpPosition":[71.4013,261.408,57.7216],"dipPosition":[40.9172,298.476,-45.356],"direction":[-0.383111,0.157492,-0.910177],"extended":true,"handId":80,"id":803,"length":53.4764,"mcpPosition":[61.7895,284.619,9.1122],"pipPosition":[49.7261,294.855,-24.4283],"stabilizedTipPosition":[35.1553,300.335,-55.8015],"timeVisible":8.34264,"tipPosition":[33.8701,297.651,-58.0519],"tipVelocity":[21.7391,-29.0575,-7.25996],"tool":false,"touchDistance":0.298532,"touchZone":"hovering","type":3,"width":17.4436},{"bases":[[[0.75575,-0.583292,-0.297678],[0.654139,0.693745,0.301364],[0.0307292,-0.422479,0.905852]],[[0.732493,-0.481701,-0.481059],[0.603678,0.786239,0.131913],[0.314684,-0.387031,0.866707]],[[0.732493,-0.481701,-0.481059],[0.537799,0.842704,-0.0249393],[0.417404,-0.240445,0.876333]],[[0.732493,-0.481701,-0.481059],[0.495424,0.861834,-0.108619],[0.466915,-0.158766,0.869933]]],"btipPosition":[54.6511,292.178,-45.9006],"carpPosition":[78.8993,253.245,52.0911],"dipPosition":[61.3312,289.906,-33.4547],"direction":[-0.417404,0.240445,-0.876333],"extended":true,"handId":80,"id":804,"length":41.9245,"mcpPosition":[77.3428,274.644,6.20832],"pipPosition":[68.1073,286.003,-19.2283],"stabilizedTipPosition":[55.2634,292.453,-42.692],"timeVisible":8.34264,"tipPosition":[55.1714,291.451,-44.9916],"tipVelocity":[21.7154,-28.4187,-5.26354],"tool":false,"touchDistance":0.30315,"touchZone":"hovering","type":4,"width":15.4948}],"r":[[0.99802,-0.0160963,-0.0608078],[0.0224769,0.994139,0.10575],[0.0587492,-0.106908,0.992532]],"s":0.9095,"t":[-128.91,133.452,94.6933],"timestamp":7687152922},{"currentFrameRate":115.962,"devices":[],"gestures":[],"hands":[{"armBasis":[[0.694358,0.190117,-0.694062],[0.388627,0.712673,0.584008],[0.60567,-0.675242,0.420966]],"armWidth":59.7098,"confidence":1,"direction":[-0.23548,0.575158,-0.783417],"elbow":[219.089,77.9872,173.694],"grabAngle":0.39341,"grabStrength":0,"id":80,"palmNormal":[-0.359359,-0.800485,-0.479672],"palmPosition":[49.5375,274.706,26.4966],"palmVelocity":[13.5177,-38.1476,-12.8226],"palmWidth":79.482,"pinchDistance":47.7312,"pinchStrength":0,"r":[[0.998089,-0.0152267,-0.059893],[0.0215439,0.994102,0.106286],[0.0579214,-0.107374,0.99253]],"s":0.909629,"sphereCenter":[-39.7933,154.492,-36.5114],"sphereRadius":163.977,"stabilizedPalmPosition":[48.5967,276.349,27.1638],"t":[-128.788,133.162,94.6025],"timeVisible":8.35106,"type":"right","wrist":[76.241,237.244,74.4089]}],"id":103659,"interactionBox":{"center":[0,200,0],"size":[235.247,235.247,147.751]},"pointables":[{"bases":[[[0.638836,0.760373,0.11714],[-0.47412,0.269192,0.8383],[0.605888,-0.591074,0.532477]],[[0.670465,0.727519,0.145579],[-0.377467,0.16555,0.911105],[0.638745,-0.665815,0.38561]],[[0.670465,0.727519,0.145579],[-0.685499,0.532353,0.496681],[0.283845,-0.432801,0.855637]],[[0.670465,0.727519,0.145579],[-0.741517,0.66369,0.0983281],[-0.0250835,-0.173875,0.984448]]],"btipPosition":[7.44326,289.059,10.1352],"carpPosition":[42.8408,244.401,70.2869],"dipPosition":[6.95601,285.681,29.2584],"direction":[-0.283845,0.432801,-0.855637],"extended":false,"handId":80,"id":800,"length":43.2572,"mcpPosition":[42.8408,244.401,70.2869],"pipPosition":[14.9888,273.433,53.4727],"stabilizedTipPosition":[6.26402,290.163,15.4172],"timeVisible":8.35106,"tipPosition":[7.00652,288.113,14.0506],"tipVelocity":[18.3953,-33.9142,-12.7382],"tool":false,"touchDistance":0.289063,"touchZone":"hovering","type":0,"width":19.5405},{"bases":[[[0.850644,-0.0696111,-0.521114],[0.298457,0.879935,0.369646],[0.432815,-0.469967,0.769287]],[[0.938055,-0.199026,-0.283621],[0.260293,0.94507,0.197711],[0.228692,-0.259289,0.938333]],[[0.938055,-0.199026,-0.283621],[0.236905,0.96575,0.105846],[0.25284,-0.166481,0.953077]],[[0.938055,-0.199026,-0.283621],[0.220277,0.974409,0.0447762],[0.267451,-0.104478,0.957891]]],"btipPosition":[8.30462,306.532,-47.2298],"carpPosition":[53.1396,262.262,68.373],"dipPosition":[12.0974,305.05,-33.6458],"direction":[-0.25284,0.166481,-0.953077],"extended":true,"handId":80,"id":801,"length":48.8109,"mcpPosition":[25.3248,292.464,18.9349],"pipPosition":[17.1698,301.71,-14.5254],"stabilizedTipPosition":[8.36729,307.275,-43.5675],"timeVisible":8.35106,"tipPosition":[9.11929,306.806,-46.5043],"tipVelocity":[19.0092,-28.7116,-12.4628],"tool":false,"touchDistance":0.286758,"touchZone":"hovering","type":1,"width":18.665},{"bases":[[[0.837871,-0.281446,-0.467718],[0.447402,0.844967,0.293023],[0.312736,-0.454774,0.833893]],[[0.865873,-0.327256,-0.378374],[0.40481,0.902735,0.145593],[0.293925,-0.279234,0.914131]],[[0.865873,-0.327256,-0.378374],[0.369437,0.928281,0.0425495],[0.337313,-0.176628,0.924675]],[[0.865873,-0.327256,-0.378374],[0.346999,0.937712,-0.0169554],[0.360354,-0.116614,0.925498]]],"btipPosition":[18.0112,307.946,-60.6705],"carpPosition":[62.4117,263.071,62.982],"dipPosition":[23.6319,306.127,-46.235],"direction":[-0.337313,0.176628,-0.924675],"extended":true,"handId":80,"id":802,"length":55.6161,"mcpPosition":[43.3523,290.787,12.1612],"pipPosition":[31.5933,301.958,-24.4103],"stabilizedTipPosition":[18.4561,308.401,-56.9072],"timeVisible":8.35106,"tipPosition":[17.0018,306.029,-59.6795],"tipVelocity":[22.0959,-24.0554,-10.6482],"tool":false,"touchDistance":0.290375,"touchZone":"hovering","type":2,"width":18.3316},{"bases":[[[0.838633,-0.408193,-0.360656],[0.515862,0.807772,0.285292],[0.174873,-0.425304,0.887996]],[[0.826533,-0.381746,-0.413658],[0.460031,0.881601,0.105601],[0.324368,-0.277578,0.904287]],[[0.826533,-0.381746,-0.413658],[0.413129,0.910552,-0.0148307],[0.382319,-0.158636,0.910311]],[[0.826533,-0.381746,-0.413658],[0.383944,0.919741,-0.0816263],[0.411619,-0.0913547,0.906766]]],"btipPosition":[34.7151,299.686,-59.4966],"carpPosition":[71.4868,261.056,57.6203],"dipPosition":[41.0985,298.269,-45.4346],"direction":[-0.382319,0.158636,-0.910312],"extended":true,"handId":80,"id":803,"length":53.4764,"mcpPosition":[61.9182,284.328,9.03133],"pipPosition":[49.8891,294.622,-24.5038],"stabilizedTipPosition":[35.3,300.198,-55.8663],"timeVisible":8.35106,"tipPosition":[34.0718,297.439,-58.144],"tipVelocity":[22.582,-23.2485,-9.67731],"tool":false,"touchDistance":0.297174,"touchZone":"hovering","type":3,"width":17.4436},{"bases":[[[0.756396,-0.582493,-0.297603],[0.65343,0.69368,0.303048],[0.0299186,-0.423687,0.905315]],[[0.733282,-0.480632,-0.480927],[0.603312,0.786125,0.134244],[0.313547,-0.388587,0.866423]],[[0.733282,-0.480632,-0.480927],[0.53733,0.843052,-0.0232527],[0.416622,-0.241365,0.876452]],[[0.733282,-0.480632,-0.480927],[0.494801,0.862346,-0.10738],[0.466336,-0.159223,0.87016]]],"btipPosition":[54.8428,291.966,-45.974],"carpPosition":[78.9955,252.905,51.9873],"dipPosition":[61.5145,289.688,-33.5249],"direction":[-0.416622,0.241365,-0.876452],"extended":true,"handId":80,"id":804,"length":41.9245,"mcpPosition":[77.4801,274.365,6.13172],"pipPosition":[68.278,285.77,-19.2965],"stabilizedTipPosition":[55.4059,292.324,-42.7456],"timeVisible":8.35106,"tipPosition":[55.3591,291.23,-45.069],"tipVelocity":[22.5311,-25.3356,-8.63294],"tool":false,"touchDistance":0.301938,"touchZone":"hovering","type":4,"width":15.4948}],"r":[[0.998089,-0.0152267,-0.059893],[0.0215439,0.994102,0.106286],[0.0579214,-0.107374,0.99253]],"s":0.909629,"t":[-128.788,133.162,94.6025],"timestamp":7687161342},{"currentFrameRate":115.768,"devices":[],"gestures":[],"hands":[{"armBasis":[[0.69