{"frames":115,"data":[{"currentFrameRate":110.412,"devices":[],"gestures":[],"hands":[{"armBasis":[[-0.237367,-0.931737,-0.274816],[0.72139,0.0203934,-0.692228],[0.650579,-0.362561,0.667305]],"armWidth":59.3592,"confidence":1,"direction":[-0.367484,0.220553,-0.9035],"elbow":[77.337,38.1642,286.531],"grabAngle":2.50357,"grabStrength":0,"id":55,"palmNormal":[-0.918785,0.0645171,0.38945],"palmPosition":[-115.189,152,63.1087],"palmVelocity":[0.706656,0.0165483,2.52485],"palmWidth":83.5833,"pinchDistance":58.2706,"pinchStrength":0.694205,"r":[[0.969825,0.0660346,-0.234691],[-0.103481,0.983102,-0.151005],[0.220753,0.170734,0.96027]],"s":1.31482,"sphereCenter":[-160.901,136.397,57.7029],"sphereRadius":50.2636,"stabilizedPalmPosition":[-114.959,151.402,62.5457],"t":[-216.059,21.4282,106.071],"timeVisible":6.86829,"type":"right","wrist":[-84.0207,128.087,121.025]}],"id":69530,"interactionBox":{"center":[0,200,0],"size":[235.247,235.247,147.751]},"pointables":[{"bases":[[[-0.20384,-0.922391,-0.328091],[0.858472,-0.00731072,-0.512808],[0.470611,-0.386188,0.793338]],[[-0.0726902,-0.991539,-0.107552],[0.915648,-0.0235989,-0.401288],[0.395354,-0.12765,0.909616]],[[-0.0726902,-0.991539,-0.107552],[0.904628,-0.0201401,-0.425727],[0.419958,-0.128241,0.898437]],[[-0.0726902,-0.991539,-0.107552],[0.861859,-0.00818017,-0.507081],[0.501911,-0.129555,0.855161]]],"btipPosition":[-151.599,189.33,-24.211],"carpPosition":[-86.6854,153.221,99.3156],"dipPosition":[-143.649,187.278,-10.6645],"direction":[-0.419958,0.128241,-0.898437],"extended":true,"handId":55,"id":551,"length":54.5231,"mcpPosition":[-118.49,179.32,45.7011],"pipPosition":[-134.238,184.404,9.46895],"stabilizedTipPosition":[-147.675,190.976,-21.5318],"timeVisible":6.86829,"tipPosition":[-150.913,189.338,-20.3686],"tipVelocity":[-5.30912,4.96341,7.5133],"tool":false,"touchDistance":-0.160953,"touchZone":"touching","type":1,"width":18.1291},{"bases":[[[0.692058,-0.406298,-0.596639],[0.670349,0.66833,0.32244],[0.267745,-0.623103,0.734884]],[[0.614106,-0.255741,-0.74664],[0.511348,0.849546,0.129592],[0.601163,-0.461376,0.652484]],[[0.614106,-0.255741,-0.74664],[0.290597,0.952849,-0.0873581],[0.733776,-0.163324,0.659468]],[[0.614106,-0.255741,-0.74664],[0.00417643,0.947083,-0.320962],[0.789213,0.193986,0.582677]]],"btipPosition":[-166.394,181.532,53.1081],"carpPosition":[-98.508,159.422,116.517],"dipPosition":[-149.27,185.741,65.7514],"direction":[-0.733776,0.163324,-0.659468],"extended":false,"handId":55,"id":550,"length":48.3194,"mcpPosition":[-98.508,159.422,116.517],"pipPosition":[-126.074,180.578,86.5982],"stabilizedTipPosition":[-162.226,180.192,54.8175],"timeVisible":6.86829,"tipPosition":[-163.417,179.92,56.9988],"tipVelocity":[-1.63057,-2.93871,10.392],"tool":false,"touchDistance":0.327922,"touchZone":"hovering","type":0,"width":18.9794},{"bases":[[[-0.281727,-0.951234,-0.125631],[0.821776,-0.171624,-0.543351],[0.495293,-0.256317,0.830052]],[[-0.299419,-0.941364,-0.155507],[-0.0756351,0.185889,-0.979655],[0.951119,-0.281565,-0.126859]],[[-0.299419,-0.941364,-0.155507],[-0.950665,0.308206,-0.0352841],[0.0811432,0.13727,-0.987205]],[[-0.299419,-0.941364,-0.155507],[-0.795199,0.156142,0.5859],[-0.527264,0.299088,-0.795323]]],"btipPosition":[-155.078,163.277,86.7696],"carpPosition":[-87.8785,143.097,94.4133],"dipPosition":[-164.265,168.488,72.9128],"direction":[-0.0811432,-0.13727,0.987204],"extended":false,"handId":55,"id":552,"length":62.1247,"mcpPosition":[-119.621,159.524,41.2163],"pipPosition":[-162.126,172.107,46.8854],"stabilizedTipPosition":[-155.9,162.102,82.5688],"timeVisible":6.86829,"tipPosition":[-156.086,164.587,82.3512],"tipVelocity":[0.826122,0.734339,4.78302],"tool":false,"touchDistance":0.333333,"touchZone":"none","type":2,"width":17.8052},{"bases":[[[-0.266911,-0.962923,0.039207],[0.814918,-0.24723,-0.524201],[0.514458,-0.107965,0.850692]],[[-0.295076,-0.955439,-0.00810687],[-0.226408,0.0781613,-0.970892],[0.928262,-0.284651,-0.239382]],[[-0.295076,-0.955439,-0.00810687],[-0.946757,0.29123,0.137246],[-0.128769,0.0481733,-0.990504]],[[-0.295076,-0.955439,-0.00810687],[-0.643194,0.192354,0.741148],[-0.706563,0.223909,-0.671292]]],"btipPosition":[-143.244,145.354,89.9627],"carpPosition":[-90.7358,132.466,91.9276],"dipPosition":[-155.484,149.233,78.3341],"direction":[0.128769,-0.0481733,0.990504],"extended":false,"handId":55,"id":553,"length":59.7345,"mcpPosition":[-120.338,138.679,42.9779],"pipPosition":[-158.791,150.47,52.8942],"stabilizedTipPosition":[-145.443,144.176,86.1382],"timeVisible":6.86829,"tipPosition":[-144.788,147.222,87.0036],"tipVelocity":[2.05767,-1.35571,4.76667],"tool":false,"touchDistance":0.333333,"touchZone":"none","type":3,"width":16.9428},{"bases":[[[-0.336529,-0.914772,0.223472],[0.805711,-0.40255,-0.434492],[0.48742,0.0338352,0.872512]],[[-0.392072,-0.91231,0.118194],[-0.194167,-0.043519,-0.980003],[0.89921,-0.407181,-0.160078]],[[-0.392072,-0.91231,0.118194],[-0.9171,0.397702,0.0275679],[-0.0721564,-0.0975871,-0.992608]],[[-0.392072,-0.91231,0.118194],[-0.664055,0.369587,0.649951],[-0.63664,0.17634,-0.750729]]],"btipPosition":[-141.787,132.309,83.3605],"carpPosition":[-97.8283,121.811,94.5899],"dipPosition":[-151.961,135.127,71.3631],"direction":[0.0721564,0.0975871,0.992608],"extended":false,"handId":55,"id":554,"length":46.8308,"mcpPosition":[-123.791,120.009,48.1154],"pipPosition":[-153.27,133.358,53.3633],"stabilizedTipPosition":[-143.379,131.102,79.545],"timeVisible":6.86829,"tipPosition":[-142.901,133.269,80.2853],"tipVelocity":[1.58332,-0.458094,3.5673],"tool":false,"touchDistance":0.333333,"touchZone":"none","type":4,"width":15.0499}],"r":[[0.969825,0.0660346,-0.234691],[-0.103481,0.983102,-0.151005],[0.220753,0.170734,0.96027]],"s":1.31482,"t":[-216.059,21.4282,106.071],"timestamp":7385642762},{"currentFrameRate":110.59,"devices":[],"gestures":[],"hands":[{"armBasis":[[-0.237275,-0.931548,-0.275533],[0.72135,0.0210189,-0.692252],[0.650658,-0.36301,0.666985]],"armWidth":59.3592,"confidence":1,"direction":[-0.367943,0.221582,-0.903061],"elbow":[77.4345,38.0038,286.428],"grabAngle":2.50343,"grabStrength":0,"id":55,"palmNormal":[-0.918578,0.0641323,0.390001],"palmPosition":[-115.137,152.013,63.1244],"palmVelocity":[5.99214,1.55013,1.80007],"palmWidth":83.5833,"pinchDistance":58.2869,"pinchStrength":0.696142,"r":[[0.96971,0.0659426,-0.23519],[-0.103381,0.983176,-0.150588],[0.221303,0.170341,0.960213]],"s":1.31461,"sphereCenter":[-160.843,136.424,57.7229],"sphereRadius":50.2514,"stabilizedPalmPosition":[-114.96,151.404,62.5478],"t":[-216.037,21.4301,106.088],"timeVisible":6.87702,"type":"right","wrist":[-83.9427,128.038,121.001]}],"id":69531,"interactionBox":{"center":[0,200,0],"size":[235.247,235.247,147.751]},"pointables":[{"bases":[[[-0.204062,-0.922013,-0.329015],[0.858205,-0.00678485,-0.513263],[0.471003,-0.387099,0.79266]],[[-0.0726919,-0.991442,-0.108439],[0.915431,-0.0231711,-0.401808],[0.395856,-0.128477,0.909281]],[[-0.0726919,-0.991442,-0.108439],[0.904464,-0.0197105,-0.426095],[0.420311,-0.129053,0.898156]],[[-0.0726919,-0.991442,-0.108439],[0.8617,-0.00768673,-0.50736],[0.502185,-0.130323,0.854884]]],"btipPosition":[-151.587,189.427,-24.139],"carpPosition":[-86.6142,153.192,99.3178],"dipPosition":[-143.632,187.362,-10.597],"direction":[-0.420311,0.129053,-0.898156],"extended":true,"handId":55,"id":551,"length":54.5231,"mcpPosition":[-118.445,179.353,45.7491],"pipPosition":[-134.213,184.47,9.53024],"stabilizedTipPosition":[-147.703,190.949,-21.5251],"timeVisible":6.87702,"tipPosition":[-150.901,189.446,-20.2933],"tipVelocity":[1.54414,10.726,8.1324],"tool":false,"touchDistance":-0.15977,"touchZone":"touching","type":1,"width":18.1291},{"bases":[[[0.691725,-0.405669,-0.597453],[0.670554,0.667933,0.322836],[0.268094,-0.623938,0.734048]],[[0.613619,-0.2548,-0.747361],[0.511326,0.849465,0.130212],[0.601679,-0.462045,0.651534]],[[0.613619,-0.2548,-0.747361],[0.28989,0.953104,-0.0869312],[0.734463,-0.16331,0.658707]],[[0.613619,-0.2548,-0.747361],[0.00291844,0.947229,-0.320546],[0.789597,0.194512,0.581981]]],"btipPosition":[-166.368,181.504,53.2061],"carpPosition":[-98.4274,159.375,116.533],"dipPosition":[-149.234,185.724,65.8343],"direction":[-0.734463,0.16331,-0.658707],"extended":false,"handId":55,"id":550,"length":48.3194,"mcpPosition":[-98.4274,159.375,116.533],"pipPosition":[-126.017,180.562,86.657],"stabilizedTipPosition":[-162.226,180.195,54.8191],"timeVisible":6.87702,"tipPosition":[-163.363,179.953,57.0672],"tipVelocity":[3.29543,-2.92727,10.8301],"tool":false,"touchDistance":0.329497,"touchZone":"hovering","type":0,"width":18.9794},{"bases":[[[-0.281844,-0.951078,-0.126547],[0.821483,-0.171061,-0.54397],[0.495711,-0.257271,0.829507]],[[-0.299212,-0.941377,-0.155826],[-0.0756291,0.186191,-0.979598],[0.951185,-0.281323,-0.126906]],[[-0.299212,-0.941377,-0.155826],[-0.950785,0.30792,-0.0345386],[0.0804957,0.137822,-0.987181]],[[-0.299212,-0.941377,-0.155826],[-0.794998,0.155636,0.586307],[-0.527683,0.299311,-0.794961]]],"btipPosition":[-155.016,163.286,86.7912],"carpPosition":[-87.8104,143.074,94.4048],"dipPosition":[-164.209,168.501,72.9407],"direction":[-0.0804957,-0.137822,0.987181],"extended":false,"handId":55,"id":552,"length":62.1247,"mcpPosition":[-119.58,159.563,41.2427],"pipPosition":[-162.087,172.134,46.914],"stabilizedTipPosition":[-155.904,162.11,82.5724],"timeVisible":6.87702,"tipPosition":[-156.026,164.581,82.4049],"tipVelocity":[6.99799,1.12636,2.64233],"tool":false,"touchDistance":0.333333,"touchZone":"none","type":2,"width":17.8052},{"bases":[[[-0.266944,-0.962952,0.0382709],[0.814631,-0.246689,-0.524901],[0.514896,-0.108943,0.850302]],[[-0.295165,-0.955403,-0.00907544],[-0.226933,0.0793299,-0.970674],[0.928105,-0.28445,-0.240228]],[[-0.295165,-0.955403,-0.00907544],[-0.946671,0.291157,0.137988],[-0.129192,0.0493207,-0.990392]],[[-0.295165,-0.955403,-0.00907544],[-0.642824,0.191551,0.741677],[-0.706862,0.224751,-0.670696]]],"btipPosition":[-143.181,145.338,89.9881],"carpPosition":[-90.6696,132.446,91.9087],"dipPosition":[-155.425,149.232,78.3698],"direction":[0.129192,-0.0493207,0.990392],"extended":false,"handId":55,"id":553,"length":59.7345,"mcpPosition":[-120.297,138.715,42.9815],"pipPosition":[-158.743,150.498,52.9328],"stabilizedTipPosition":[-145.444,144.181,86.1409],"timeVisible":6.87702,"tipPosition":[-144.723,147.21,87.0294],"tipVelocity":[7.14952,-1.46055,3.17841],"tool":false,"touchDistance":0.333333,"touchZone":"none","type":3,"width":16.9428},{"bases":[[[-0.336463,-0.915003,0.222626],[0.805462,-0.402109,-0.435361],[0.487876,0.0328343,0.872295]],[[-0.392014,-0.912428,0.117473],[-0.194736,-0.0424982,-0.979935],[0.899112,-0.407024,-0.161023]],[[-0.392014,-0.912428,0.117473],[-0.917092,0.397667,0.0283469],[-0.0725796,-0.0966211,-0.992671]],[[-0.392014,-0.912428,0.117473],[-0.663754,0.368941,0.650625],[-0.636989,0.177081,-0.750258]]],"btipPosition":[-141.728,132.305,83.3696],"carpPosition":[-97.7612,121.789,94.5628],"dipPosition":[-151.908,135.135,71.3797],"direction":[0.0725796,0.0966211,0.992671],"extended":false,"handId":55,"id":554,"length":46.8308,"mcpPosition":[-123.748,120.04,48.0999],"pipPosition":[-153.224,133.383,53.3787],"stabilizedTipPosition":[-143.381,131.107,79.5482],"timeVisible":6.87702,"tipPosition":[-142.841,133.265,80.2946],"tipVelocity":[6.6339,-0.115339,1.23814],"tool":false,"touchDistance":0.333333,"touchZone":"none","type":4,"width":15.0499}],"r":[[0.96971,0.0659426,-0.23519],[-0.103381,0.983176,-0.150588],[0.221303,0.170341,0.960213]],"s":1.31461,"t":[-216.037,21.4301,106.088],"timestamp":7385651490},{"currentFrameRate":110.845,"devices":[],"gestures":[],"hands":[{"armBasis":[[-0.236337,-0.931405,-0.27682],[0.721713,0.0224863,-0.691827],[0.650596,-0.363289,0.666893]],"armWidth":59.3592,"confidence":1,"direction":[-0.368336,0.222995,-0.902553],"elbow":[77.5148,37.8814,286.351],"grabAngle":2.50357,"grabStrength":0,"id":55,"palmNormal":[-0.918501,0.062898,0.390385],"palmPosition":[-115.066,152.04,63.1167],"palmVelocity":[8.22309,3.13325,-0.898788],"palmWidth":83.5833,"pinchDistance":58.3142,"pinchStrength":0.699836,"r":[[0.969596,0.0660661,-0.235623],[-0.103424,0.983278,-0.149893],[0.22178,0.169705,0.960215]],"s":1.31429,"sphereCenter":[-160.745,136.454,57.6952],"sphereRadius":50.2245,"stabilizedPalmPosition":[-114.96,151.407,62.5499],"t":[-215.991,21.4444,106.093],"timeVisible":6.88559,"type":"right","wrist":[-83.8471,127.985,120.947]}],"id":69532,"interactionBox":{"center":[0,200,0],"size":[235.247,235.247,147.751]},"pointables":[{"bases":[[[-0.203625,-0.921537,-0.330615],[0.858058,-0.00536357,-0.513526],[0.471459,-0.388254,0.791824]],[[-0.0720115,-0.991323,-0.109971],[0.915294,-0.021872,-0.402192],[0.396297,-0.129618,0.908927]],[[-0.0720115,-0.991323,-0.109971],[0.904415,-0.0184122,-0.426256],[0.420533,-0.130155,0.897893]],[[-0.0720115,-0.991323,-0.109971],[0.861702,-0.00631049,-0.507376],[0.502279,-0.131299,0.854679]]],"btipPosition":[-151.561,189.568,-24.0732],"carpPosition":[-86.5338,153.17,99.3038],"dipPosition":[-143.605,187.489,-10.5344],"direction":[-0.420533,0.130155,-0.897893],"extended":true,"handId":55,"id":551,"length":54.5231,"mcpPosition":[-118.395,179.409,45.7916],"pipPosition":[-134.181,184.572,9.58689],"stabilizedTipPosition":[-147.729,190.925,-21.5178],"timeVisible":6.88559,"tipPosition":[-150.875,189.602,-20.224],"tipVelocity":[3.02354,16.132,7.58705],"tool":false,"touchDistance":-0.158686,"touchZone":"touching","type":1,"width":18.1291},{"bases":[[[0.691784,-0.404191,-0.598385],[0.670262,0.667738,0.323843],[0.26867,-0.625104,0.732845]],[[0.613397,-0.252847,-0.748206],[0.510689,0.849642,0.131549],[0.602446,-0.462792,0.650294]],[[0.613397,-0.252847,-0.748206],[0.288107,0.95372,-0.086101],[0.73535,-0.162749,0.657855]],[[0.613397,-0.252847,-0.748206],[0.000321887,0.947447,-0.319914],[0.789775,0.195993,0.581242]]],"btipPosition":[-166.353,181.428,53.3065],"carpPosition":[-98.3455,159.315,116.533],"dipPosition":[-149.216,185.681,65.9186],"direction":[-0.73535,0.162749,-0.657855],"extended":false,"handId":55,"id":550,"length":48.3194,"mcpPosition":[-98.3455,159.315,116.533],"pipPosition":[-125.97,180.536,86.7145],"stabilizedTipPosition":[-162.227,180.197,54.8205],"timeVisible":6.88559,"tipPosition":[-163.305,179.978,57.1182],"tipVelocity":[1.83664,-7.92261,11.2811],"tool":false,"touchDistance":0.331109,"touchZone":"hovering","type":0,"width":18.9794},{"bases":[[[-0.281332,-0.951012,-0.128177],[0.821422,-0.169606,-0.544518],[0.496103,-0.258478,0.828897]],[[-0.298176,-0.94159,-0.156522],[-0.0747161,0.186502,-0.979609],[0.951582,-0.280401,-0.125962]],[[-0.298176,-0.94159,-0.156522],[-0.951211,0.306747,-0.0332333],[0.0793047,0.138976,-0.987115]],[[-0.298176,-0.94159,-0.156522],[-0.794557,0.15398,0.58734],[-0.528933,0.299496,-0.794061]]],"btipPosition":[-154.921,163.275,86.7389],"carpPosition":[-87.7256,143.061,94.373],"dipPosition":[-164.136,168.493,72.904],"direction":[-0.0793047,-0.138976,0.987115],"extended":false,"handId":55,"id":552,"length":62.1247,"mcpPosition":[-119.52,159.626,41.2499],"pipPosition":[-162.045,172.157,46.879],"stabilizedTipPosition":[-155.908,162.118,82.5757],"timeVisible":6.88559,"tipPosition":[-155.963,164.549,82.4379],"tipVelocity":[10.5098,-1.21295,-5.68615],"tool":false,"touchDistance":0.333333,"touchZone":"none","type":2,"width":17.8052},{"bases":[[[-0.266376,-0.963174,0.0366141],[0.814619,-0.245271,-0.525583],[0.515208,-0.110176,0.849954]],[[-0.294716,-0.955523,-0.0108806],[-0.227343,0.0811706,-0.970426],[0.928147,-0.283526,-0.241154]],[[-0.294716,-0.955523,-0.0108806],[-0.946767,0.290434,0.138854],[-0.129518,0.0512239,-0.990253]],[[-0.294716,-0.955523,-0.0108806],[-0.642601,0.189747,0.742334],[-0.707253,0.225769,-0.669941]]],"btipPosition":[-143.095,145.294,89.9797],"carpPosition":[-90.5793,132.436,91.8586],"dipPosition":[-155.346,149.205,78.3745],"direction":[0.129518,-0.0512239,0.990253],"extended":false,"handId":55,"id":553,"length":59.7345,"mcpPosition":[-120.225,138.775,42.9513],"pipPosition":[-158.673,150.52,52.941],"stabilizedTipPosition":[-145.445,144.186,86.1438],"timeVisible":6.88559,"tipPosition":[-144.644,147.177,87.0219],"tipVelocity":[9.81112,-4.73026,-0.628682],"tool":false,"touchDistance":0.333333,"touchZone":"none","type":3,"width":16.9428},{"bases":[[[-0.335868,-0.915597,0.221076],[0.805567,-0.400858,-0.43632],[0.488114,0.0315451,0.87221]],[[-0.391455,-0.912864,0.115937],[-0.195088,-0.0407978,-0.979937],[0.89928,-0.406219,-0.162118]],[[-0.391455,-0.912864,0.115937],[-0.917318,0.397079,0.0292452],[-0.0727331,-0.0949029,-0.992826]],[[-0.391455,-0.912864,0.115937],[-0.663761,0.367377,0.651502],[-0.637326,0.178079,-0.749736]]],"btipPosition":[-141.641,132.281,83.3372],"carpPosition":[-97.664,121.769,94.4955],"dipPosition":[-151.826,135.127,71.3556],"direction":[0.0727331,0.0949029,0.992826],"extended":false,"handId":55,"id":554,"length":46.8308,"mcpPosition":[-123.663,120.089,48.0371],"pipPosition":[-153.145,133.406,53.3519],"stabilizedTipPosition":[-143.383,131.113,79.5513],"timeVisible":6.88559,"tipPosition":[-142.755,133.244,80.2613],"tipVelocity":[10.0334,-2.43069,-3.55483],"tool":false,"touchDistance":0.333333,"touchZone":"none","type":4,"width":15.0499}],"r":[[0.969596,0.0660661,-0.235623],[-0.103424,0.983278,-0.149893],[0.22178,0.169705,0.960215]],"s":1.31429,"t":[-215.991,21.4444,106.093],"timestamp":7385660062},{"currentFrameRate":111.032,"devices":[],"gestures":[],"hands":[{"armBasis":[[-0.235687,-0.931274,-0.277813],[0.722061,0.0235243,-0.69143],[0.650446,-0.363559,0.666892]],"armWidth":59.3592,"confidence":1,"direction":[-0.369326,0.224417,-0.901795],"elbow":[77.6489,37.7635,286.31],"grabAngle":2.50426,"grabStrength":0,"id":55,"palmNormal":[-0.918121,0.0619488,0.391429],"palmPosition":[-114.95,152.07,63.1391],"palmVelocity":[13.3796,3.45349,2.57875],"palmWidth":83.5833,"pinchDistance":58.349,"pinchStrength":0.703593,"r":[[0.969453,0.0663054,-0.236145],[-0.103549,0.983403,-0.148982],[0.222347,0.168883,0.960229]],"s":1.3139,"sphereCenter":[-160.593,136.538,57.7268],"sphereRadius":50.1765,"stabilizedPalmPosition":[-114.96,151.409,62.5522],"t":[-215.91,21.4666,106.107],"timeVisible":6.89427,"type":"right","wrist":[-83.6758,127.934,120.907]}],"id":69533,"interactionBox":{"center":[0,200,0],"size":[235.247,235.247,147.751]},"pointables":[{"bases":[[[-0.203679,-0.921036,-0.331976],[0.857534,-0.0042236,-0.51441],[0.472388,-0.389455,0.79068]],[[-0.0717825,-0.991166,-0.111525],[0.914935,-0.0209097,-0.40306],[0.397167,-0.130971,0.908353]],[[-0.0717825,-0.991166,-0.111525],[0.904119,-0.0174411,-0.426925],[0.421208,-0.131478,0.897384]],[[-0.0717825,-0.991166,-0.111525],[0.86141,-0.00523862,-0.507884],[0.502813,-0.132526,0.854176]]],"btipPosition":[-151.53,189.73,-23.9586],"carpPosition":[-86.3811,153.148,99.2989],"dipPosition":[-143.565,187.63,-10.4277],"direction":[-0.421208,0.131478,-0.897384],"extended":true,"handId":55,"id":551,"length":54.5231,"mcpPosition":[-118.305,179.467,45.864],"pipPosition":[-134.126,184.684,9.68216],"stabilizedTipPosition":[-147.753,190.904,-21.5095],"timeVisible":6.89427,"tipPosition":[-150.855,189.762,-20.1018],"tipVelocity":[3.8781,18.0786,13.0022],"tool":false,"touchDistance":-0.156806,"touchZone":"touching","type":1,"width":18.1291},{"bases":[[[0.691297,-0.402958,-0.599778],[0.670387,0.667393,0.324295],[0.269611,-0.626267,0.731505]],[[0.612529,-0.251081,-0.749511],[0.510435,0.849643,0.132523],[0.603543,-0.463751,0.648592]],[[0.612529,-0.251081,-0.749511],[0.28666,0.95422,-0.0853868],[0.736637,-0.162553,0.656462]],[[0.612529,-0.251081,-0.749511],[-0.00203941,0.947705,-0.319141],[0.790445,0.197012,0.579985]]],"btipPosition":[-166.29,181.388,53.4735],"carpPosition":[-98.1771,159.26,116.551],"dipPosition":[-149.138,185.663,66.0583],"direction":[-0.736637,0.162553,-0.656462],"extended":false,"handId":55,"id":550,"length":48.3194,"mcpPosition":[-98.1771,159.26,116.551],"pipPosition":[-125.852,180.525,86.8101],"stabilizedTipPosition":[-162.227,180.199,54.8218],"timeVisible":6.89427,"tipPosition":[-163.199,180.016,57.2328],"tipVelocity":[7.63425,-4.03992,18.5155],"tool":false,"touchDistance":0.333741,"touchZone":"hovering","type":0,"width":18.9794},{"bases":[[[-0.281169,-0.950879,-0.129509],[0.820917,-0.168424,-0.545645],[0.49703,-0.259735,0.827949]],[[-0.297561,-0.941705,-0.157002],[-0.0743079,0.186797,-0.979584],[0.951807,-0.27982,-0.12556]],[[-0.297561,-0.941705,-0.157002],[-0.951583,0.305835,-0.0309041],[0.0771191,0.140204,-0.987115]],[[-0.297561,-0.941705,-0.157002],[-0.792436,0.151907,0.590737],[-0.53245,0.300194,-0.791442]]],"btipPosition":[-154.72,163.27,86.7151],"carpPosition":[-87.5748,143.046,94.3521],"dipPosition":[-163.997,168.5,72.9259],"direction":[-0.0771191,-0.140204,0.987115],"extended":false,"handId":55,"id":552,"length":62.1247,"mcpPosition":[-119.429,159.692,41.2898],"pipPosition":[-161.964,172.197,46.9009],"stabilizedTipPosition":[-155.911,162.127,82.5795],"timeVisible":6.89427,"tipPosition":[-155.838,164.533,82.531],"tipVelocity":[21.4595,-0.223603,-1.52883],"tool":false,"touchDistance":0.333333,"touchZone":"none","type":2,"width":17.8052},{"bases":[[[-0.266042,-0.963317,0.0352463],[0.814157,-0.244124,-0.526832],[0.51611,-0.111463,0.849238]],[[-0.294491,-0.955575,-0.0123067],[-0.228395,0.0828803,-0.970034],[0.92796,-0.282856,-0.242657]],[[-0.294491,-0.955575,-0.0123067],[-0.946686,0.289943,0.140424],[-0.130617,0.0530041,-0.990015]],[[-0.294491,-0.955575,-0.0123067],[-0.641758,0.188204,0.743456],[-0.708111,0.226839,-0.668672]]],"btipPosition":[-142.944,145.264,90.0189],"carpPosition":[-90.4278,132.424,91.8225],"dipPosition":[-155.211,149.194,78.4357],"direction":[0.130617,-0.0530041,0.990015],"extended":false,"handId":55,"id":553,"length":59.7345,"mcpPosition":[-120.125,138.838,42.9564],"pipPosition":[-158.566,150.555,53.0084],"stabilizedTipPosition":[-145.446,144.192,86.1472],"timeVisible":6.89427,"tipPosition":[-144.502,147.156,87.0662],"tipVelocity":[16.9425,-2.8865,5.10478],"tool":false,"touchDistance":0.333333,"touchZone":"none","type":3,"width":16.9428},{"bases":[[[-0.33536,-0.916076,0.21986],[0.805244,-0.399865,-0.437824],[0.488995,0.0302117,0.871763]],[[-0.391003,-0.913191,0.114887],[-0.196149,-0.0392798,-0.979787],[0.899245,-0.405635,-0.163763]],[[-0.391003,-0.913191,0.114887],[-0.917436,0.396691,0.0307688],[-0.0736725,-0.0933709,-0.992902]],[[-0.391003,-0.913191,0.114887],[-0.663148,0.366076,0.652858],[-0.638241,0.179082,-0.748717]]],"btipPosition":[-141.497,132.271,83.353],"carpPosition":[-97.5066,121.751,94.4485],"dipPosition":[-151.697,135.133,71.3877],"direction":[0.0736725,0.0933709,0.992902],"extended":false,"handId":55,"id":554,"length":46.8308,"mcpPosition":[-123.553,120.142,48.0139],"pipPosition":[-153.033,133.44,53.3826],"stabilizedTipPosition":[-143.385,131.119,79.5547],"timeVisible":6.89427,"tipPosition":[-142.616,133.237,80.28],"tipVelocity":[16.13,-0.722749,2.2549],"tool":false,"touchDistance":0.333333,"touchZone":"none","type":4,"width":15.0499}],"r":[[0.969453,0.0663054,-0.236145],[-0.103549,0.983403,-0.148982],[0.222347,0.168883,0.960229]],"s":1.3139,"t":[-215.91,21.4666,106.107],"timestamp":7385668739},{"currentFrameRate":111.24,"devices":[],"gestures":[],"hands":[{"armBasis":[[-0.233942,-0.931169,-0.279634],[0.722991,0.0256832,-0.69038],[0.650042,-0.363681,0.667219]],"armWidth":59.3592,"confidence":1,"direction":[-0.370489,0.226234,-0.900864],"elbow":[77.8115,37.6563,286.284],"grabAngle":2.50467,"grabStrength":0,"id":55,"palmNormal":[-0.917824,0.0597388,0.392466],"palmPosition":[-114.757,152.091,63.1092],"palmVelocity":[22.4321,2.39977,-3.47183],"palmWidth":83.5833,"pinchDistance":58.404,"pinchStrength":0.70922,"r":[[0.969275,0.0668733,-0.236714],[-0.103936,0.983551,-0.147729],[0.222941,0.167794,0.960283]],"s":1.31341,"sphereCenter":[-160.33,136.584,57.6843],"sphereRadius":50.1114,"stabilizedPalmPosition":[-114.959,151.412,62.5546],"t":[-215.773,21.488,106.099],"timeVisible":6.90289,"type":"right","wrist":[-83.4131,127.857,120.8]}],"id":69534,"interactionBox":{"center":[0,200,0],"size":[235.247,235.247,147.751]},"pointables":[{"bases":[[[-0.202787,-0.920452,-0.334134],[0.857043,-0.00177932,-0.515241],[0.47366,-0.390852,0.789228]],[[-0.0705201,-0.990989,-0.11388],[0.914542,-0.0186472,-0.404062],[0.398297,-0.132642,0.907615]],[[-0.0705201,-0.990989,-0.11388],[0.903829,-0.0151771,-0.427625],[0.422043,-0.133084,0.896754]],[[-0.0705201,-0.990989,-0.11388],[0.861126,-0.00285792,-0.508384],[0.503477,-0.133916,0.853568]]],"btipPosition":[-151.463,189.915,-23.8621],"carpPosition":[-86.1543,153.113,99.2442],"dipPosition":[-143.488,187.793,-10.3409],"direction":[-0.422043,0.133084,-0.896754],"extended":true,"handId":55,"id":551,"length":54.5231,"mcpPosition":[-118.165,179.528,45.9074],"pipPosition":[-134.03,184.811,9.75493],"stabilizedTipPosition":[-147.777,190.886,-21.4999],"timeVisible":6.90289,"tipPosition":[-150.79,189.947,-20.0012],"tipVelocity":[7.99876,20.8538,10.9348],"tool":false,"touchDistance":-0.155234,"touchZone":"touching","type":1,"width":18.1291},{"bases":[[[0.691248,-0.400513,-0.601469],[0.669821,0.667445,0.325357],[0.271138,-0.627779,0.729642]],[[0.611817,-0.247823,-0.751174],[0.509243,0.850077,0.134316],[0.60527,-0.464707,0.646294]],[[0.611817,-0.247823,-0.751174],[0.283391,0.955288,-0.0843468],[0.738491,-0.161271,0.654693]],[[0.611817,-0.247823,-0.751174],[-0.00656622,0.948029,-0.318116],[0.790972,0.199562,0.578393]]],"btipPosition":[-166.204,181.242,53.6415],"carpPosition":[-97.9417,159.166,116.523],"dipPosition":[-149.041,185.573,66.1917],"direction":[-0.738491,0.161271,-0.654693],"extended":false,"handId":55,"id":550,"length":48.3194,"mcpPosition":[-97.9417,159.166,116.523],"pipPosition":[-125.696,180.475,86.8876],"stabilizedTipPosition":[-162.227,180.201,54.8233],"timeVisible":6.90289,"tipPosition":[-163.041,180.009,57.3133],"tipVelocity":[10.2936,-15.4275,18.5608],"tool":false,"touchDistance":0.336101,"touchZone":"hovering","type":0,"width":18.9794},{"bases":[[[-0.280043,-0.950915,-0.13167],[0.820612,-0.165948,-0.546861],[0.498168,-0.261195,0.826805]],[[-0.295517,-0.942263,-0.157515],[-0.072919,0.186645,-0.979717],[0.952551,-0.278037,-0.123866]],[[-0.295517,-0.942263,-0.157515],[-0.952629,0.303053,-0.0256346],[0.07189,0.142478,-0.987184]],[[-0.295517,-0.942263,-0.157515],[-0.792067,0.149474,0.59185],[-0.534134,0.299664,-0.790508]]],"btipPosition":[-154.424,163.21,86.6189],"carpPosition":[-87.3395,143.023,94.2727],"dipPosition":[-163.73,168.431,72.8459],"direction":[-0.07189,-0.142478,0.987184],"extended":false,"handId":55,"id":552,"length":62.1247,"mcpPosition":[-119.266,159.763,41.2837],"pipPosition":[-161.835,172.188,46.8192],"stabilizedTipPosition":[-155.914,162.137,82.5834],"timeVisible":6.90289,"tipPosition":[-155.653,164.45,82.5817],"tipVelocity":[33.5837,-7.1757,-10.7251],"tool":false,"touchDistance":0.333333,"touchZone":"none","type":2,"width":17.8052},{"bases":[[[-0.264741,-0.963753,0.0330382],[0.81397,-0.241704,-0.528235],[0.517074,-0.112953,0.848455]],[[-0.29354,-0.95583,-0.0149643],[-0.22986,0.0857682,-0.969437],[0.9279,-0.281129,-0.244883]],[[-0.29354,-0.95583,-0.0149643],[-0.946738,0.288509,0.143005],[-0.132372,0.056145,-0.989609]],[[-0.29354,-0.95583,-0.0149643],[-0.640497,0.185031,0.745337],[-0.709646,0.22837,-0.66652]]],"btipPosition":[-142.679,145.151,90.0047],"carpPosition":[-90.181,132.404,91.7187],"dipPosition":[-154.972,149.107,78.4587],"direction":[0.132372,-0.056145,0.989609],"extended":false,"handId":55,"id":553,"length":59.7345,"mcpPosition":[-119.934,138.904,42.8977],"pipPosition":[-158.372,150.549,53.0419],"stabilizedTipPosition":[-145.447,144.198,86.1514],"timeVisible":6.90289,"tipPosition":[-144.283,147.074,87.0528],"tipVelocity":[30.0849,-12.4241,-0.653618],"tool":false,"touchDistance":0.333333,"touchZone":"none","type":3,"width":16.9428},{"bases":[[[-0.333944,-0.917076,0.217838],[0.805347,-0.397684,-0.439618],[0.489793,0.0286279,0.871368]],[[-0.389778,-0.91398,0.112753],[-0.197472,-0.0366371,-0.979624],[0.899488,-0.404101,-0.166205]],[[-0.389778,-0.91398,0.112753],[-0.917856,0.395524,0.033175],[-0.0749179,-0.0905605,-0.993069]],[[-0.389778,-0.91398,0.112753],[-0.662437,0.363323,0.655113],[-0.639726,0.180657,-0.74707]]],"btipPosition":[-141.238,132.193,83.3065],"carpPosition":[-97.2431,121.715,94.3242],"dipPosition":[-151.462,135.08,71.3675],"direction":[0.0749179,0.0905605,0.993069],"extended":false,"handId":55,"id":554,"length":46.8308,"mcpPosition":[-123.332,120.19,47.9107],"pipPosition":[-152.82,133.438,53.3594],"stabilizedTipPosition":[-143.385,131.126,79.5586],"timeVisible":6.90289,"tipPosition":[-142.383,133.177,80.2289],"tipVelocity":[29.4308,-8.40229,-4.6911],"tool":false,"touchDistance":0.333333,"touchZone":"none","type":4,"width":15.0499}],"r":[[0.969275,0.0668733,-0.236714],[-0.103936,0.983551,-0.147729],[0.222941,0.167794,0.960283]],"s":1.31341,"t":[-215.773,21.488,106.099],"timestamp":7385677362},{"currentFrameRate":111.349,"devices":[],"gestures":[],"hands":[{"armBasis":[[-0.233372,-0.931122,-0.280266],[0.723837,0.0261122,-0.689476],[0.649305,-0.363772,0.667887]],"armWidth":59.3592,"confidence":1,"direction":[-0.371653,0.226908,-0.900215],"elbow":[77.9722,37.6082,286.342],"grabAngle":2.50487,"grabStrength":0,"id":55,"palmNormal":[-0.917393,0.0589225,0.393597],"palmPosition":[-114.473,152.101,63.0469],"palmVelocity":[32.3056,1.1404,-7.08433],"palmWidth":83.5833,"pinchDistance":58.4639,"pinchStrength":0.713017,"r":[[0.969071,0.0674669,-0.237383],[-0.104375,0.983686,-0.146517],[0.223625,0.166762,0.960303]],"s":1.31287,"sphereCenter":[-159.962,136.717,57.6369],"sphereRadius":50.0079,"stabilizedPalmPosition":[-114.957,151.416,62.5571],"t":[-215.562,21.5038,106.064],"timeVisible":6.91168,"type":"right","wrist":[-83.0695,127.831,120.692]}],"id":69535,"interactionBox":{"center":[0,200,0],"size":[235.247,235.247,147.751]},"pointables":[{"bases":[[[-0.202734,-0.920233,-0.334768],[0.85644,-0.000876328,-0.516246],[0.474773,-0.391369,0.788302]],[[-0.0703122,-0.990878,-0.114964],[0.914163,-0.0178848,-0.404953],[0.399203,-0.133569,0.907081]],[[-0.0703122,-0.990878,-0.114964],[0.903432,-0.0143927,-0.428489],[0.422926,-0.133991,0.896203]],[[-0.0703122,-0.990878,-0.114964],[0.860687,-0.00200324,-0.50913],[0.504256,-0.134746,0.852977]]],"btipPosition":[-151.281,190.01,-23.8514],"carpPosition":[-85.8286,153.103,99.1494],"dipPosition":[-143.293,187.875,-10.3395],"direction":[-0.422926,0.133991,-0.896203],"extended":true,"handId":55,"id":551,"length":54.5231,"mcpPosition":[-117.914,179.552,45.8751],"pipPosition":[-133.815,184.873,9.74393],"stabilizedTipPosition":[-147.801,190.866,-21.4889],"timeVisible":6.91168,"tipPosition":[-150.619,190.017,-19.9867],"tipVelocity":[21.0664,10.4694,0.974359],"tool":false,"touchDistance":-0.155092,"touchZone":"touching","type":1,"width":18.1291},{"bases":[[[0.690737,-0.399608,-0.602657],[0.669879,0.667461,0.325204],[0.272296,-0.628338,0.728729]],[[0.610725,-0.246263,-0.752575],[0.508846,0.850252,0.13471],[0.606705,-0.465216,0.64458]],[[0.610725,-0.246263,-0.752575],[0.281309,0.955889,-0.0845066],[0.740189,-0.160096,0.653062]],[[0.610725,-0.246263,-0.752575],[-0.00985642,0.947972,-0.318201],[0.791781,0.201751,0.576523]]],"btipPosition":[-165.998,181.149,53.7369],"carpPosition":[-97.5987,159.133,116.448],"dipPosition":[-148.817,185.526,66.2466],"direction":[-0.740189,0.160096,-0.653062],"extended":false,"handId":55,"id":550,"length":48.3194,"mcpPosition":[-97.5987,159.133,116.448],"pipPosition":[-125.419,180.466,86.8909],"stabilizedTipPosition":[-162.226,180.203,54.8254],"timeVisible":6.91168,"tipPosition":[-162.772,180.017,57.3286],"tipVelocity":[23.9,-9.42001,9.79472],"tool":false,"touchDistance":0.337116,"touchZone":"hovering","type":0,"width":18.9794},{"bases":[[[-0.279738,-0.950925,-0.132243],[0.820051,-0.165032,-0.547978],[0.499262,-0.261736,0.825973]],[[-0.294657,-0.942606,-0.157074],[-0.0715606,0.185675,-0.980002],[0.95292,-0.277524,-0.122164]],[[-0.294657,-0.942606,-0.157074],[-0.953516,0.300871,-0.0168259],[0.0631192,0.144815,-0.987443]],[[-0.294657,-0.942606,-0.157074],[-0.7918,0.148802,0.592377],[-0.535005,0.298919,-0.790201]]],"btipPosition":[-153.939,163.167,86.4946],"carpPosition":[-87.0147,143.017,94.1697],"dipPosition":[-163.261,168.375,72.727],"direction":[-0.0631192,-0.144815,0.987443],"extended":false,"handId":55,"id":552,"length":62.1247,"mcpPosition":[-119.012,159.791,41.2341],"pipPosition":[-161.597,172.193,46.6934],"stabilizedTipPosition":[-155.915,162.151,82.5879],"timeVisible":6.91168,"tipPosition":[-155.362,164.421,82.5896],"tipVelocity":[54.7361,-5.24382,-13.997],"tool":false,"touchDistance":0.333333,"touchZone":"none","type":2,"width":17.8052},{"bases":[[[-0.264236,-0.963912,0.0324354],[0.813467,-0.240809,-0.529416],[0.518122,-0.113506,0.847742]],[[-0.293277,-0.955896,-0.0158331],[-0.231331,0.0870241,-0.968975],[0.927618,-0.280515,-0.246651]],[[-0.293277,-0.955896,-0.0158331],[-0.946563,0.288009,0.14515],[-0.134189,0.0575562,-0.989283]],[[-0.293277,-0.955896,-0.0158331],[-0.639033,0.183689,0.746923],[-0.711073,0.229173,-0.664722]]],"btipPosition":[-142.329,145.102,89.9698],"carpPosition":[-89.8541,132.399,91.609],"dipPosition":[-154.647,149.072,78.4549],"direction":[0.134189,-0.0575562,0.989283],"extended":false,"handId":55,"id":553,"length":59.7345,"mcpPosition":[-119.667,138.93,42.829],"pipPosition":[-158.093,150.55,53.0464],"stabilizedTipPosition":[-145.445,144.206,86.1566],"timeVisible":6.91168,"tipPosition":[-143.971,147.045,87.0211],"tipVelocity":[39.1455,-5.20051,-3.16197],"tool":false,"touchDistance":0.333333,"touchZone":"none","type":3,"width":16.9428},{"bases":[[[-0.333245,-0.917443,0.21736],[0.805024,-0.396877,-0.440937],[0.4908,0.0280404,0.870821]],[[-0.389149,-0.914285,0.112453],[-0.198994,-0.0357568,-0.979348],[0.899425,-0.40349,-0.168022]],[[-0.389149,-0.914285,0.112453],[-0.917997,0.395038,0.0350337],[-0.0764538,-0.0895977,-0.993039]],[[-0.389149,-0.914285,0.112453],[-0.661301,0.36226,0.656848],[-0.641283,0.181247,-0.74559]]],"btipPosition":[-140.902,132.166,83.2594],"carpPosition":[-96.908,121.704,94.2126],"dipPosition":[-151.15,135.063,71.3442],"direction":[0.0764538,0.0895977,0.993039],"extended":false,"handId":55,"id":554,"length":46.8308,"mcpPosition":[-123.05,120.21,47.8282],"pipPosition":[-152.536,133.438,53.3365],"stabilizedTipPosition":[-143.385,131.134,79.5633],"timeVisible":6.91168,"tipPosition":[-142.071,133.157,80.1814],"tipVelocity":[37.6197,-2.78704,-4.73263],"tool":false,"touchDistance":0.333333,"touchZone":"none","type":4,"width":15.0499}],"r":[[0.969071,0.0674669,-0.237383],[-0.104375,0.983686,-0.146517],[0.223625,0.166762,0.960303]],"s":1.31287,"t":[-215.562,21.5038,106.064],"timestamp":7385686151},{"currentFrameRate":111.611,"devices":[],"gestures":[],"hands":[{"armBasis":[[-0.231633,-0.931188,-0.281487],[0.725438,0.0274426,-0.687741],[0.64814,-0.363505,0.669162]],"armWidth":59.3592,"confidence":1,"direction":[-0.371388,0.22758,-0.900155],"elbow":[78.0809,37.6274,286.547],"grabAngle":2.50621,"grabStrength":0,"id":55,"palmNormal":[-0.917702,0.057305,0.393115],"palmPosition":[-114.056,152.084,62.9361],"palmVelocity":[49.0071,-2.05534,-13.0287],"palmWidth":83.5833,"pinchDistance":58.4819,"pinchStrength":0.713292,"r":[[0.968918,0.0682393,-0.237783],[-0.104949,0.983804,-0.145312],[0.224016,0.165751,0.960387]],"s":1.31242,"sphereCenter":[-159.492,136.711,57.4679],"sphereRadius":49.966,"stabilizedPalmPosition":[-114.951,151.42,62.5595],"t":[-215.249,21.5029,105.991],"timeVisible":6.92018,"type":"right","wrist":[-82.672,127.784,120.58]}],"id":69536,"interactionBox":{"center":[0,200,0],"size":[235.247,235.247,147.751]},"pointables":[{"bases":[[[-0.201403,-0.920061,-0.336043],[0.856752,0.000820021,-0.515728],[0.474777,-0.391774,0.788099]],[[-0.0692516,-0.990759,-0.116619],[0.9142,-0.0162362,-0.404938],[0.399302,-0.134656,0.906877]],[[-0.0692516,-0.990759,-0.116619],[0.903396,-0.0126934,-0.42862],[0.423179,-0.135036,0.895927]],[[-0.0692516,-0.990759,-0.116619],[0.8607,-0.000234552,-0.509113],[0.504381,-0.135631,0.852763]]],"btipPosition":[-150.899,190.09,-23.9121],"carpPosition":[-85.435,153.076,99.0572],"dipPosition":[-142.909,187.942,-10.4036],"direction":[-0.423179,0.135036,-0.895927],"extended":true,"handId":55,"id":551,"length":54.5231,"mcpPosition":[-117.521,179.552,45.7967],"pipPosition":[-133.426,184.916,9.67363],"stabilizedTipPosition":[-147.824,190.843,-21.4764],"timeVisible":6.92018,"tipPosition":[-150.195,190.058,-20.0745],"tipVelocity":[44.9537,9.09219,-7.23372],"tool":false,"touchDistance":-0.156116,"touchZone":"touching","type":1,"width":18.1291},{"bases":[[[0.69159,-0.398006,-0.602739],[0.668863,0.667874,0.326445],[0.272626,-0.628916,0.728106]],[[0.611256,-0.244197,-0.752817],[0.507917,0.85052,0.136517],[0.606949,-0.465815,0.643917]],[[0.611256,-0.244197,-0.752817],[0.279816,0.956454,-0.0830534],[0.740317,-0.159884,0.652969]],[[0.611256,-0.244197,-0.752817],[-0.0117438,0.948304,-0.317145],[0.791346,0.202697,0.576789]]],"btipPosition":[-165.628,181.085,53.6727],"carpPosition":[-97.2229,159.07,116.356],"dipPosition":[-148.457,185.484,66.1881],"direction":[-0.740317,0.159884,-0.652969],"extended":false,"handId":55,"id":550,"length":48.3194,"mcpPosition":[-97.2229,159.07,116.356],"pipPosition":[-125.054,180.429,86.8295],"stabilizedTipPosition":[-162.226,180.206,54.8283],"timeVisible":6.92018,"tipPosition":[-162.384,179.954,57.2217],"tipVelocity":[43.2619,-6.90804,-7.39715],"tool":false,"touchDistance":0.335794,"touchZone":"hovering","type":0,"width":18.9794},{"bases":[[[-0.278492,-0.951101,-0.133602],[0.820584,-0.163341,-0.547688],[0.499083,-0.262158,0.825947]],[[-0.293301,-0.942831,-0.158257],[-0.069759,0.186202,-0.980032],[0.953472,-0.276404,-0.120384]],[[-0.293301,-0.942831,-0.158257],[-0.954455,0.298248,-0.00793121],[0.0546776,0.148723,-0.987366]],[[-0.293301,-0.942831,-0.158257],[-0.79124,0.146489,0.5937],[-0.536576,0.299352,-0.788971]]],"btipPosition":[-153.294,163.011,86.2878],"carpPosition":[-86.6058,142.994,94.0642],"dipPosition":[-162.642,168.227,72.5416],"direction":[-0.0546776,-0.148723,0.987366],"extended":false,"handId":55,"id":552,"length":62.1247,"mcpPosition":[-118.591,159.795,41.1302],"pipPosition":[-161.201,172.148,46.51],"stabilizedTipPosition":[-155.911,162.169,82.5925],"timeVisible":6.92018,"tipPosition":[-154.981,164.326,82.4811],"tipVelocity":[75.207,-18.1846,-23.7534],"tool":false,"touchDistance":0.333333,"touchZone":"none","type":2,"width":17.8052},{"bases":[[[-0.263073,-0.964275,0.0310684],[0.814082,-0.239149,-0.529225],[0.517748,-0.113933,0.847913]],[[-0.292362,-0.956145,-0.0176589],[-0.231377,0.0886415,-0.968817],[0.927895,-0.279159,-0.247145]],[[-0.292362,-0.956145,-0.0176589],[-0.946786,0.286802,0.146083],[-0.134612,0.0594283,-0.989115]],[[-0.292362,-0.956145,-0.0176589],[-0.638722,0.181493,0.747727],[-0.71173,0.229886,-0.663772]]],"btipPosition":[-141.873,144.987,89.8391],"carpPosition":[-89.4306,132.376,91.4884],"dipPosition":[-154.203,148.969,78.3407],"direction":[0.134612,-0.0594283,0.989115],"extended":false,"handId":55,"id":553,"length":59.7345,"mcpPosition":[-119.222,138.932,42.6987],"pipPosition":[-157.66,150.496,52.9365],"stabilizedTipPosition":[-145.441,144.216,86.1626],"timeVisible":6.92018,"tipPosition":[-143.567,146.957,86.8872],"tipVelocity":[53.3024,-13.2033,-14.9256],"tool":false,"touchDistance":0.333333,"touchZone":"none","type":3,"width":16.9428},{"bases":[[[-0.332251,-0.918123,0.21601],[0.805776,-0.395337,-0.440946],[0.490239,0.0275508,0.871153]],[[-0.388328,-0.914859,0.110608],[-0.198772,-0.0340453,-0.979454],[0.899828,-0.402336,-0.168628]],[[-0.388328,-0.914859,0.110608],[-0.918358,0.394134,0.0357363],[-0.0762881,-0.0877005,-0.993221]],[[-0.388328,-0.914859,0.110608],[-0.661379,0.360271,0.657862],[-0.641699,0.182312,-0.744972]]],"btipPosition":[-140.446,132.068,83.1169],"carpPosition":[-96.4729,121.669,94.0744],"dipPosition":[-150.701,134.982,71.2114],"direction":[0.0762881,0.0877005,0.993221],"extended":false,"handId":55,"id":554,"length":46.8308,"mcpPosition":[