{"frames":106,"data":[{"currentFrameRate":113.914,"devices":[],"gestures":[],"hands":[{"armBasis":[[0.121764,0.960069,-0.251876],[-0.225535,0.273888,0.934943],[0.966596,-0.0570358,0.249879]],"armWidth":61.343,"confidence":1,"direction":[-0.685704,-0.0718061,-0.72433],"elbow":[214.644,185.319,209.597],"grabAngle":0.13938,"grabStrength":0,"id":57,"palmNormal":[0.710921,-0.279628,-0.64529],"palmPosition":[-88.6339,188.065,95.4216],"palmVelocity":[15.9578,11.9106,-6.01782],"palmWidth":87.6779,"pinchDistance":47.3387,"pinchStrength":0,"r":[[-0.279122,0.959024,0.0486118],[-0.937689,-0.261303,-0.229043],[-0.206955,-0.109514,0.972202]],"s":1.215,"sphereCenter":[32.8965,134.483,-24.8685],"sphereRadius":182.055,"stabilizedPalmPosition":[-79.9293,190.002,92.876],"t":[-344.328,-13.2055,135.336],"timeVisible":5.99256,"type":"right","wrist":[-36.8369,200.158,144.585]}],"id":73792,"interactionBox":{"center":[0,200,0],"size":[235.247,235.247,147.751]},"pointables":[{"bases":[[[-0.706813,0.621358,0.338126],[-0.176042,-0.617448,0.766659],[0.685146,0.48236,0.545806]],[[-0.789758,0.553499,0.264428],[-0.140884,-0.583215,0.800007],[0.597021,0.594558,0.538578]],[[-0.789758,0.553499,0.264428],[-0.465306,-0.821444,0.329727],[0.399716,0.137364,0.906288]],[[-0.789758,0.553499,0.264428],[-0.606123,-0.770426,-0.197634],[0.094332,-0.316359,0.943938]]],"btipPosition":[-93.9734,145.15,57.3825],"carpPosition":[-49.3973,171.024,136.357],"dipPosition":[-91.7626,137.735,79.506],"direction":[-0.399716,-0.137364,-0.906288],"extended":false,"handId":57,"id":570,"length":52.1916,"mcpPosition":[-49.3973,171.024,136.357],"pipPosition":[-78.1143,142.425,110.451],"stabilizedTipPosition":[-90.1715,144.403,60.1238],"timeVisible":5.99256,"tipPosition":[-95.5554,141.462,63.9533],"tipVelocity":[9.75984,13.8103,-5.35632],"tool":false,"touchDistance":-0.125252,"touchZone":"touching","type":0,"width":19.4866},{"bases":[[[0.0388585,0.931771,-0.36096],[-0.80722,0.242188,0.538276],[0.58897,0.270458,0.761555]],[[0.208824,0.970144,-0.123338],[-0.86251,0.242147,0.444344],[0.460944,0.0135903,0.887325]],[[0.208824,0.970144,-0.123338],[-0.891145,0.240715,0.3846],[0.402807,0.0295981,0.914806]],[[0.208824,0.970144,-0.123338],[-0.901328,0.239863,0.360657],[0.379473,0.0358541,0.924508]]],"btipPosition":[-146.476,161.905,9.03351],"carpPosition":[-68.6484,182.993,139.16],"dipPosition":[-139.983,162.519,24.8521],"direction":[-0.402807,-0.0295981,-0.914806],"extended":true,"handId":57,"id":571,"length":58.8924,"mcpPosition":[-110.401,163.82,85.1719],"pipPosition":[-130.233,163.235,46.9952],"stabilizedTipPosition":[-140.346,163.904,9.4524],"timeVisible":5.99256,"tipPosition":[-146.184,162.513,13.2933],"tipVelocity":[15.2906,11.1263,-5.33735],"tool":false,"touchDistance":0.0981312,"touchZone":"hovering","type":1,"width":18.6136},{"bases":[[[0.255111,0.904714,-0.341191],[-0.775903,0.402107,0.486091],[0.576969,0.140724,0.804552]],[[0.294859,0.912343,-0.284058],[-0.838107,0.389711,0.381709],[0.45895,0.125521,0.879551]],[[0.294859,0.912343,-0.284058],[-0.858035,0.383626,0.341478],[0.420517,0.143044,0.895938]],[[0.294859,0.912343,-0.284058],[-0.858035,0.383626,0.341478],[0.420517,0.143044,0.895938]]],"btipPosition":[-150.682,171.888,-3.54573],"carpPosition":[-69.8507,194.173,135.374],"dipPosition":[-142.768,174.58,13.315],"direction":[-0.420517,-0.143044,-0.895938],"extended":true,"handId":57,"id":572,"length":67.1031,"mcpPosition":[-108.639,184.713,81.2849],"pipPosition":[-130.793,178.654,38.829],"stabilizedTipPosition":[-146.606,174.998,-0.831691],"timeVisible":5.99256,"tipPosition":[-149.789,173.154,0.755171],"tipVelocity":[9.58542,12.3143,-1.9791],"tool":false,"touchDistance":-0.159698,"touchZone":"touching","type":2,"width":18.281},{"bases":[[[0.394997,0.882657,-0.254743],[-0.736906,0.469998,0.485872],[0.548587,-0.00419669,0.836083]],[[0.322126,0.876043,-0.358864],[-0.781607,0.459988,0.421309],[0.534158,0.144776,0.832896]],[[0.322126,0.876043,-0.358864],[-0.781607,0.459988,0.421309],[0.534158,0.144776,0.832896]],[[0.322126,0.876043,-0.358864],[-0.781607,0.459988,0.421309],[0.534158,0.144776,0.832896]]],"btipPosition":[-149.801,192.119,4.71674],"carpPosition":[-67.9748,205.068,131.14],"dipPosition":[-139.806,194.827,20.301],"direction":[-0.534158,-0.144776,-0.832896],"extended":true,"handId":57,"id":573,"length":64.5215,"mcpPosition":[-101.087,205.322,80.6744],"pipPosition":[-124.988,198.844,43.4072],"stabilizedTipPosition":[-146.686,194.156,8.33344],"timeVisible":5.99256,"tipPosition":[-147.612,193.513,8.293],"tipVelocity":[11.071,12.002,-1.88189],"tool":false,"touchDistance":-0.163782,"touchZone":"touching","type":3,"width":17.3955},{"bases":[[[0.572127,0.786367,-0.233018],[-0.615118,0.599333,0.51228],[0.542495,-0.149756,0.826603]],[[0.391837,0.796202,-0.461005],[-0.660077,0.592339,0.461988],[0.640907,0.123275,0.757655]],[[0.391837,0.796202,-0.461005],[-0.660077,0.592339,0.461988],[0.640907,0.123275,0.757655]],[[0.391837,0.796202,-0.461005],[-0.686165,0.586699,0.430072],[0.612895,0.147808,0.776217]]],"btipPosition":[-135.66,213.216,24.0916],"carpPosition":[-59.5201,214.18,125.345],"dipPosition":[-125.08,215.768,37.4904],"direction":[-0.640907,-0.123275,-0.757655],"extended":true,"handId":57,"id":574,"length":50.5836,"mcpPosition":[-89.8318,222.547,79.1594],"pipPosition":[-112.526,218.182,52.3306],"stabilizedTipPosition":[-124.896,215.566,23.8632],"timeVisible":5.99256,"tipPosition":[-133.478,214.439,27.3817],"tipVelocity":[14.9753,12.3117,-4.50596],"tool":false,"touchDistance":0.242205,"touchZone":"hovering","type":4,"width":15.4521}],"r":[[-0.279122,0.959024,0.0486118],[-0.937689,-0.261303,-0.229043],[-0.206955,-0.109514,0.972202]],"s":1.215,"t":[-344.328,-13.2055,135.336],"timestamp":7423314220},{"currentFrameRate":114.038,"devices":[],"gestures":[],"hands":[{"armBasis":[[0.122472,0.960011,-0.251752],[-0.225534,0.273946,0.934927],[0.966507,-0.0577232,0.250066]],"armWidth":61.343,"confidence":1,"direction":[-0.68621,-0.0712507,-0.723906],"elbow":[214.889,185.245,209.565],"grabAngle":0.140042,"grabStrength":0,"id":57,"palmNormal":[0.710334,-0.279968,-0.645789],"palmPosition":[-88.3998,188.211,95.3647],"palmVelocity":[27.3607,17.0376,-6.64652],"palmWidth":87.6779,"pinchDistance":47.157,"pinchStrength":0,"r":[[-0.279223,0.958994,0.0486242],[-0.937745,-0.261443,-0.228652],[-0.206564,-0.109442,0.972293]],"s":1.21488,"sphereCenter":[33.5062,134.175,-25.2385],"sphereRadius":182.641,"stabilizedPalmPosition":[-79.9534,189.997,92.8831],"t":[-344.164,-13.1031,135.279],"timeVisible":6.00111,"type":"right","wrist":[-36.5684,200.263,144.505]}],"id":73793,"interactionBox":{"center":[0,200,0],"size":[235.247,235.247,147.751]},"pointables":[{"bases":[[[-0.706205,0.621748,0.33868],[-0.175945,-0.617466,0.766667],[0.685797,0.481835,0.545451]],[[-0.789029,0.554153,0.265232],[-0.140625,-0.58317,0.800086],[0.598046,0.593992,0.538065]],[[-0.789029,0.554153,0.265232],[-0.465778,-0.821102,0.329914],[0.400606,0.136772,0.905985]],[[-0.789029,0.554153,0.265232],[-0.606985,-0.769846,-0.197246],[0.094884,-0.316625,0.943793]]],"btipPosition":[-93.8167,145.318,57.3362],"carpPosition":[-49.1479,171.138,136.272],"dipPosition":[-91.5928,137.897,79.4563],"direction":[-0.400606,-0.136772,-0.905985],"extended":false,"handId":57,"id":570,"length":52.1916,"mcpPosition":[-49.1479,171.138,136.272],"pipPosition":[-77.9142,142.567,110.391],"stabilizedTipPosition":[-90.1936,144.398,60.14],"timeVisible":6.00111,"tipPosition":[-95.3664,141.621,63.8899],"tipVelocity":[18.6685,19.4345,-5.50102],"tool":false,"touchDistance":-0.126036,"touchZone":"touching","type":0,"width":19.4866},{"bases":[[[0.039218,0.931807,-0.360828],[-0.806725,0.242607,0.53883],[0.589625,0.269957,0.761226]],[[0.209225,0.970036,-0.123509],[-0.862615,0.242576,0.443906],[0.460565,0.0136646,0.887521]],[[0.209225,0.970036,-0.123509],[-0.891173,0.241142,0.384268],[0.402537,0.0296696,0.914923]],[[0.209225,0.970036,-0.123509],[-0.90126,0.240296,0.360539],[0.379415,0.03588,0.924531]]],"btipPosition":[-146.24,162.061,8.97478],"carpPosition":[-68.3897,183.119,139.089],"dipPosition":[-139.748,162.675,24.7937],"direction":[-0.402537,-0.0296696,-0.914923],"extended":true,"handId":57,"id":571,"length":58.8924,"mcpPosition":[-110.189,163.981,85.1247],"pipPosition":[-130.005,163.393,46.9397],"stabilizedTipPosition":[-140.37,163.895,9.46986],"timeVisible":6.00111,"tipPosition":[-146.011,162.706,13.2649],"tipVelocity":[27.5669,18.232,-6.85383],"tool":false,"touchDistance":0.0971537,"touchZone":"hovering","type":1,"width":18.6136},{"bases":[[[0.255466,0.90461,-0.341201],[-0.775339,0.402515,0.486652],[0.577569,0.140224,0.804209]],[[0.295122,0.912186,-0.284288],[-0.837824,0.390096,0.381936],[0.459297,0.125466,0.879378]],[[0.295122,0.912186,-0.284288],[-0.857697,0.384037,0.341865],[0.421021,0.142942,0.895717]],[[0.295122,0.912186,-0.284288],[-0.857697,0.384037,0.341865],[0.421021,0.142942,0.895717]]],"btipPosition":[-150.499,172.057,-3.57164],"carpPosition":[-69.5874,194.301,135.306],"dipPosition":[-142.576,174.747,13.285],"direction":[-0.421021,-0.142942,-0.895717],"extended":true,"handId":57,"id":572,"length":67.1031,"mcpPosition":[-108.416,184.874,81.2402],"pipPosition":[-130.587,178.817,38.7927],"stabilizedTipPosition":[-146.637,174.963,-0.814425],"timeVisible":6.00111,"tipPosition":[-149.622,173.353,0.733573],"tipVelocity":[21.572,19.6124,-3.13926],"tool":false,"touchDistance":-0.160146,"touchZone":"touching","type":2,"width":18.281},{"bases":[[[0.395392,0.88245,-0.254845],[-0.736299,0.470382,0.486419],[0.549116,-0.00468435,0.835733]],[[0.322354,0.875882,-0.359052],[-0.781112,0.460383,0.421796],[0.534745,0.144493,0.832568]],[[0.322354,0.875882,-0.359052],[-0.781112,0.460383,0.421796],[0.534745,0.144493,0.832568]],[[0.322354,0.875882,-0.359052],[-0.781112,0.460383,0.421796],[0.534745,0.144493,0.832568]]],"btipPosition":[-149.619,192.301,4.70055],"carpPosition":[-67.7073,205.195,131.073],"dipPosition":[-139.613,195.004,20.2787],"direction":[-0.534745,-0.144493,-0.832568],"extended":true,"handId":57,"id":573,"length":64.5215,"mcpPosition":[-100.852,205.478,80.6283],"pipPosition":[-124.778,199.013,43.3758],"stabilizedTipPosition":[-146.707,194.115,8.33178],"timeVisible":6.00111,"tipPosition":[-147.429,193.709,8.27456],"tipVelocity":[21.5792,21.1271,-2.05593],"tool":false,"touchDistance":-0.164075,"touchZone":"touching","type":3,"width":17.3955},{"bases":[[[0.572476,0.786045,-0.233249],[-0.614413,0.599635,0.512772],[0.542926,-0.150238,0.826233]],[[0.392091,0.796037,-0.461074],[-0.659746,0.592617,0.462104],[0.641093,0.123005,0.757542]],[[0.392091,0.796037,-0.461074],[-0.659746,0.592617,0.462104],[0.641093,0.123005,0.757542]],[[0.392091,0.796037,-0.461074],[-0.686426,0.586846,0.429454],[0.612441,0.148108,0.776518]]],"btipPosition":[-135.416,213.375,24.0423],"carpPosition":[-59.2505,214.302,125.274],"dipPosition":[-124.845,215.932,37.4463],"direction":[-0.641093,-0.123005,-0.757542],"extended":true,"handId":57,"id":574,"length":50.5836,"mcpPosition":[-89.5862,222.697,79.1091],"pipPosition":[-112.287,218.341,52.2843],"stabilizedTipPosition":[-124.936,215.558,23.8792],"timeVisible":6.00111,"tipPosition":[-133.269,214.623,27.357],"tipVelocity":[28.2142,18.712,-5.62071],"tool":false,"touchDistance":0.241403,"touchZone":"hovering","type":4,"width":15.4521}],"r":[[-0.279223,0.958994,0.0486242],[-0.937745,-0.261443,-0.228652],[-0.206564,-0.109442,0.972293]],"s":1.21488,"t":[-344.164,-13.1031,135.279],"timestamp":7423322777},{"currentFrameRate":113.774,"devices":[],"gestures":[],"hands":[{"armBasis":[[0.123534,0.959778,-0.252121],[-0.225469,0.27457,0.934759],[0.966386,-0.0586294,0.250319]],"armWidth":61.343,"confidence":1,"direction":[-0.686861,-0.0700139,-0.723409],"elbow":[215.228,185.055,209.494],"grabAngle":0.140673,"grabStrength":0,"id":57,"palmNormal":[0.709339,-0.281377,-0.64627],"palmPosition":[-88.0822,188.341,95.2568],"palmVelocity":[34.3568,14.069,-11.6724],"palmWidth":87.6779,"pinchDistance":47.0752,"pinchStrength":0,"r":[[-0.278932,0.959077,0.048656],[-0.937922,-0.261203,-0.2282],[-0.206153,-0.109288,0.972398]],"s":1.2147,"sphereCenter":[33.9513,133.824,-25.5389],"sphereRadius":182.983,"stabilizedPalmPosition":[-79.9845,189.99,92.8922],"t":[-343.924,-12.9869,135.197],"timeVisible":6.01036,"type":"right","wrist":[-36.1979,200.308,144.367]}],"id":73794,"interactionBox":{"center":[0,200,0],"size":[235.247,235.247,147.751]},"pointables":[{"bases":[[[-0.704781,0.623119,0.339126],[-0.17657,-0.61706,0.766851],[0.687101,0.480582,0.544916]],[[-0.787804,0.555657,0.265725],[-0.141367,-0.58303,0.800057],[0.599483,0.592724,0.537865]],[[-0.787804,0.555657,0.265725],[-0.467365,-0.820289,0.32969],[0.401166,0.135541,0.905922]],[[-0.787804,0.555657,0.265725],[-0.608641,-0.768467,-0.197521],[0.0944468,-0.317339,0.943597]]],"btipPosition":[-93.5804,145.497,57.2183],"carpPosition":[-48.8336,171.197,136.138],"dipPosition":[-91.3668,138.059,79.3337],"direction":[-0.401166,-0.135541,-0.905922],"extended":false,"handId":57,"id":570,"length":52.1916,"mcpPosition":[-48.8336,171.197,136.138],"pipPosition":[-77.6691,142.687,110.266],"stabilizedTipPosition":[-90.2212,144.392,60.1608],"timeVisible":6.01036,"tipPosition":[-95.1529,141.768,63.7865],"tipVelocity":[25.3059,18.9607,-12.8755],"tool":false,"touchDistance":-0.12802,"touchZone":"touching","type":0,"width":19.4866},{"bases":[[[0.0407301,0.931698,-0.360943],[-0.805877,0.244189,0.539383],[0.59068,0.268907,0.76078]],[[0.210998,0.969625,-0.123722],[-0.862375,0.244243,0.443457],[0.460205,0.0131263,0.887715]],[[0.210998,0.969625,-0.123722],[-0.890877,0.242844,0.383882],[0.402267,0.0292227,0.915056]],[[0.210998,0.969625,-0.123722],[-0.900806,0.242023,0.360518],[0.37951,0.0353811,0.924511]]],"btipPosition":[-145.955,162.274,8.87346],"carpPosition":[-68.0506,183.215,138.968],"dipPosition":[-139.462,162.88,24.6921],"direction":[-0.402267,-0.0292227,-0.915056],"extended":true,"handId":57,"id":571,"length":58.8924,"mcpPosition":[-109.925,164.152,85.0347],"pipPosition":[-129.725,163.587,46.8413],"stabilizedTipPosition":[-140.398,163.884,9.49079],"timeVisible":6.01036,"tipPosition":[-145.793,162.935,13.1966],"tipVelocity":[30.8374,22.8364,-10.9696],"tool":false,"touchDistance":0.0954639,"touchZone":"hovering","type":1,"width":18.6136},{"bases":[[[0.25694,0.904091,-0.341469],[-0.774226,0.404033,0.487168],[0.578408,0.139201,0.803783]],[[0.296551,0.911584,-0.284732],[-0.837108,0.391623,0.381944],[0.459682,0.125085,0.87923]],[[0.296551,0.911584,-0.284732],[-0.856982,0.385585,0.341914],[0.421472,0.142615,0.895557]],[[0.296551,0.911584,-0.284732],[-0.856982,0.385585,0.341914],[0.421472,0.142615,0.895557]]],"btipPosition":[-150.238,172.257,-3.65025],"carpPosition":[-69.2297,194.399,135.184],"dipPosition":[-142.306,174.941,13.2033],"direction":[-0.421472,-0.142615,-0.895557],"extended":true,"handId":57,"id":572,"length":67.1031,"mcpPosition":[-108.115,185.04,81.1469],"pipPosition":[-130.304,179.002,38.7065],"stabilizedTipPosition":[-146.672,174.922,-0.793978],"timeVisible":6.01036,"tipPosition":[-149.396,173.588,0.669098],"tipVelocity":[28.4764,21.5478,-8.57961],"tool":false,"touchDistance":-0.161467,"touchZone":"touching","type":2,"width":18.281},{"bases":[[[0.396886,0.881674,-0.25521],[-0.735057,0.471825,0.486901],[0.549703,-0.0056502,0.835341]],[[0.323704,0.875225,-0.359441],[-0.780265,0.46181,0.421802],[0.535165,0.14392,0.832397]],[[0.323704,0.875225,-0.359441],[-0.780265,0.46181,0.421802],[0.535165,0.14392,0.832397]],[[0.323704,0.875225,-0.359441],[-0.780265,0.46181,0.421802],[0.535165,0.14392,0.832397]]],"btipPosition":[-149.317,192.505,4.61553],"carpPosition":[-67.332,205.289,130.949],"dipPosition":[-139.304,195.198,20.1905],"direction":[-0.535165,-0.14392,-0.832397],"extended":true,"handId":57,"id":573,"length":64.5215,"mcpPosition":[-100.512,205.63,80.5277],"pipPosition":[-124.457,199.191,43.2828],"stabilizedTipPosition":[-146.719,194.076,8.32654],"timeVisible":6.01036,"tipPosition":[-147.163,193.941,8.2083],"tipVelocity":[32.8187,21.8588,-9.27857],"tool":false,"touchDistance":-0.165504,"touchZone":"touching","type":3,"width":17.3955},{"bases":[[[0.573801,0.784934,-0.233732],[-0.612906,0.600848,0.513154],[0.54323,-0.151193,0.825859]],[[0.39331,0.795253,-0.461389],[-0.658579,0.593859,0.462174],[0.641545,0.122084,0.757308]],[[0.39331,0.795253,-0.461389],[-0.658579,0.593859,0.462174],[0.641545,0.122084,0.757308]],[[0.39331,0.795253,-0.461389],[-0.685379,0.588103,0.429407],[0.612831,0.147337,0.776357]]],"btipPosition":[-135.076,213.57,23.9477],"carpPosition":[-58.8621,214.379,125.143],"dipPosition":[-124.498,216.113,37.3489],"direction":[-0.641545,-0.122084,-0.757308],"extended":true,"handId":57,"id":574,"length":50.5836,"mcpPosition":[-89.2147,222.827,78.9988],"pipPosition":[-111.932,218.504,52.1823],"stabilizedTipPosition":[-124.985,215.549,23.8994],"timeVisible":6.01036,"tipPosition":[-132.949,214.83,27.2782],"tipVelocity":[36.9341,20.7343,-10.3054],"tool":false,"touchDistance":0.239816,"touchZone":"hovering","type":4,"width":15.4521}],"r":[[-0.278932,0.959077,0.048656],[-0.937922,-0.261203,-0.2282],[-0.206153,-0.109288,0.972398]],"s":1.2147,"t":[-343.924,-12.9869,135.197],"timestamp":7423332020},{"currentFrameRate":114.153,"devices":[],"gestures":[],"hands":[{"armBasis":[[0.125065,0.959493,-0.252451],[-0.225038,0.27525,0.934663],[0.96629,-0.0600828,0.250347]],"armWidth":61.343,"confidence":1,"direction":[-0.686632,-0.0699777,-0.72363],"elbow":[215.582,184.823,209.361],"grabAngle":0.140663,"grabStrength":0,"id":57,"palmNormal":[0.709389,-0.282279,-0.645822],"palmPosition":[-87.6954,188.504,95.1079],"palmVelocity":[47.6996,20.0727,-18.3665],"palmWidth":87.6779,"pinchDistance":47.0577,"pinchStrength":0,"r":[[-0.278568,0.959189,0.0485409],[-0.938083,-0.260906,-0.227879],[-0.205914,-0.109015,0.972479]],"s":1.21454,"sphereCenter":[34.1721,133.853,-25.4828],"sphereRadius":182.773,"stabilizedPalmPosition":[-80.0187,189.984,92.902],"t":[-343.61,-12.8474,135.081],"timeVisible":6.01847,"type":"right","wrist":[-35.8196,200.455,144.228]}],"id":73795,"interactionBox":{"center":[0,200,0],"size":[235.247,235.247,147.751]},"pointables":[{"bases":[[[-0.704471,0.623827,0.338468],[-0.177301,-0.616459,0.767165],[0.68723,0.480435,0.544883]],[[-0.787528,0.556364,0.265062],[-0.142246,-0.582589,0.800223],[0.599638,0.592494,0.537946]],[[-0.787528,0.556364,0.265062],[-0.468341,-0.819856,0.329383],[0.40057,0.135259,0.906228]],[[-0.787528,0.556364,0.265062],[-0.609165,-0.767919,-0.198035],[0.0933668,-0.317425,0.943676]]],"btipPosition":[-93.1833,145.68,57.0789],"carpPosition":[-48.4747,171.358,136.015],"dipPosition":[-90.995,138.24,79.1962],"direction":[-0.40057,-0.135259,-0.906228],"extended":false,"handId":57,"id":570,"length":52.1916,"mcpPosition":[-48.4747,171.358,136.015],"pipPosition":[-77.3176,142.859,110.139],"stabilizedTipPosition":[-90.2537,144.386,60.1873],"timeVisible":6.01847,"tipPosition":[-94.7804,141.923,63.6591],"tipVelocity":[48.2593,22.5247,-17.1329],"tool":false,"touchDistance":-0.130335,"touchZone":"touching","type":0,"width":19.4866},{"bases":[[[0.0415271,0.931445,-0.361506],[-0.805912,0.245092,0.538921],[0.590577,0.268962,0.76084]],[[0.211818,0.969397,-0.12411],[-0.86274,0.245134,0.442255],[0.459144,0.0133968,0.888261]],[[0.211818,0.969397,-0.12411],[-0.89101,0.243726,0.383013],[0.40154,0.0294537,0.915368]],[[0.211818,0.969397,-0.12411],[-0.900762,0.242915,0.360029],[0.379159,0.0355325,0.924649]]],"btipPosition":[-145.513,162.426,8.69773],"carpPosition":[-67.6843,183.391,138.83],"dipPosition":[-139.025,163.034,24.5187],"direction":[-0.40154,-0.0294537,-0.915368],"extended":true,"handId":57,"id":571,"length":58.8924,"mcpPosition":[-109.551,164.324,84.8924],"pipPosition":[-129.306,163.747,46.6755],"stabilizedTipPosition":[-140.426,163.874,9.51236],"timeVisible":6.01847,"tipPosition":[-145.388,163.086,13.0391],"tipVelocity":[54.452,18.8232,-21.6035],"tool":false,"touchDistance":0.0925441,"touchZone":"hovering","type":1,"width":18.6136},{"bases":[[[0.25771,0.903697,-0.34193],[-0.774127,0.404881,0.486619],[0.578197,0.139291,0.803919]],[[0.297235,0.911188,-0.285286],[-0.836964,0.392442,0.38142],[0.459503,0.125403,0.879279]],[[0.297235,0.911188,-0.285286],[-0.856747,0.386417,0.341564],[0.421469,0.142893,0.895514]],[[0.297235,0.911188,-0.285286],[-0.856747,0.386417,0.341564],[0.421469,0.142893,0.895514]]],"btipPosition":[-149.84,172.397,-3.80515],"carpPosition":[-68.854,194.573,135.039],"dipPosition":[-141.908,175.086,13.0476],"direction":[-0.421469,-0.142893,-0.895514],"extended":true,"handId":57,"id":572,"length":67.1031,"mcpPosition":[-107.725,185.209,80.9923],"pipPosition":[-129.906,179.155,38.5496],"stabilizedTipPosition":[-146.702,174.879,-0.774455],"timeVisible":6.01847,"tipPosition":[-148.983,173.734,0.505245],"tipVelocity":[49.1631,17.3788,-19.1256],"tool":false,"touchDistance":-0.164052,"touchZone":"touching","type":2,"width":18.281},{"bases":[[[0.397607,0.881235,-0.255604],[-0.734911,0.472646,0.486325],[0.549377,-0.00552003,0.835556]],[[0.324402,0.874762,-0.359936],[-0.780073,0.462624,0.421266],[0.535023,0.144117,0.832455]],[[0.324402,0.874762,-0.359936],[-0.780073,0.462624,0.421266],[0.535023,0.144117,0.832455]],[[0.324402,0.874762,-0.359936],[-0.780073,0.462624,0.421266],[0.535023,0.144117,0.832455]]],"btipPosition":[-148.9,192.649,4.44585],"carpPosition":[-66.947,205.459,130.797],"dipPosition":[-138.889,195.346,20.0219],"direction":[-0.535023,-0.144117,-0.832455],"extended":true,"handId":57,"id":573,"length":64.5215,"mcpPosition":[-100.107,205.793,80.3633],"pipPosition":[-124.046,199.344,43.1158],"stabilizedTipPosition":[-146.714,194.045,8.31486],"timeVisible":6.01847,"tipPosition":[-146.738,194.091,8.03316],"tipVelocity":[51.4289,17.9187,-20.8936],"tool":false,"touchDistance":-0.168328,"touchZone":"touching","type":3,"width":17.3955},{"bases":[[[0.574445,0.784384,-0.233997],[-0.612679,0.601599,0.512545],[0.542805,-0.151064,0.826161]],[[0.394042,0.794687,-0.461739],[-0.658276,0.594622,0.461625],[0.641408,0.122053,0.757429]],[[0.394042,0.794687,-0.461739],[-0.658276,0.594622,0.461625],[0.641408,0.122053,0.757429]],[[0.394042,0.794687,-0.461739],[-0.685295,0.588812,0.428568],[0.612456,0.147554,0.776612]]],"btipPosition":[-134.645,213.721,23.7659],"carpPosition":[-58.4684,214.54,124.989],"dipPosition":[-124.073,216.268,37.1715],"direction":[-0.641408,-0.122053,-0.757429],"extended":true,"handId":57,"id":574,"length":50.5836,"mcpPosition":[-88.7973,222.981,78.828],"pipPosition":[-111.51,218.659,52.0073],"stabilizedTipPosition":[-125.036,215.54,23.9201],"timeVisible":6.01847,"tipPosition":[-132.517,214.982,27.0955],"tipVelocity":[53.023,18.7806,-22.2993],"tool":false,"touchDistance":0.236802,"touchZone":"hovering","type":4,"width":15.4521}],"r":[[-0.278568,0.959189,0.0485409],[-0.938083,-0.260906,-0.227879],[-0.205914,-0.109015,0.972479]],"s":1.21454,"t":[-343.61,-12.8474,135.081],"timestamp":7423340129},{"currentFrameRate":114.095,"devices":[],"gestures":[],"hands":[{"armBasis":[[0.125945,0.959633,-0.251481],[-0.224867,0.274517,0.93492],[0.966216,-0.0611986,0.250364]],"armWidth":61.343,"confidence":1,"direction":[-0.686626,-0.0702522,-0.723609],"elbow":[216.059,184.697,209.178],"grabAngle":0.140187,"grabStrength":0,"id":57,"palmNormal":[0.709602,-0.281271,-0.646028],"palmPosition":[-87.1901,188.665,94.9169],"palmVelocity":[57.0078,18.1597,-21.5399],"palmWidth":87.6779,"pinchDistance":47.0885,"pinchStrength":0,"r":[[-0.278458,0.95922,0.0485531],[-0.938165,-0.260823,-0.227633],[-0.205687,-0.108937,0.972536]],"s":1.21445,"sphereCenter":[34.024,134.511,-25.3515],"sphereRadius":181.985,"stabilizedPalmPosition":[-80.0657,189.975,92.9152],"t":[-343.201,-12.6972,134.928],"timeVisible":6.02733,"type":"right","wrist":[-35.3225,200.619,144.041]}],"id":73796,"interactionBox":{"center":[0,200,0],"size":[235.247,235.247,147.751]},"pointables":[{"bases":[[[-0.705033,0.622984,0.338851],[-0.176653,-0.617026,0.766859],[0.68682,0.480802,0.545075]],[[-0.787965,0.555544,0.265484],[-0.141583,-0.583105,0.799964],[0.59922,0.592756,0.538122]],[[-0.787965,0.555544,0.265484],[-0.467868,-0.820531,0.328372],[0.400263,0.134535,0.906471]],[[-0.787965,0.555544,0.265484],[-0.608637,-0.767987,-0.199389],[0.0931191,-0.318695,0.943272]]],"btipPosition":[-92.6219,145.898,56.8685],"carpPosition":[-47.9497,171.535,135.812],"dipPosition":[-90.4394,138.429,78.9763],"direction":[-0.400263,-0.134535,-0.906471],"extended":false,"handId":57,"id":570,"length":52.1916,"mcpPosition":[-47.9497,171.535,135.812],"pipPosition":[-76.7725,143.023,109.928],"stabilizedTipPosition":[-90.2977,144.381,60.2289],"timeVisible":6.02733,"tipPosition":[-94.2278,142.099,63.4405],"tipVelocity":[63.1786,23.9086,-23.988],"tool":false,"touchDistance":-0.133879,"touchZone":"touching","type":0,"width":19.4866},{"bases":[[[0.0406143,0.931671,-0.361025],[-0.806099,0.244049,0.539115],[0.590386,0.269126,0.760931]],[[0.211203,0.969653,-0.123151],[-0.863046,0.244144,0.442205],[0.458852,0.0128902,0.888419]],[[0.211203,0.969653,-0.123151],[-0.891178,0.242781,0.383222],[0.401491,0.028812,0.91541]],[[0.211203,0.969653,-0.123151],[-0.900806,0.241997,0.360535],[0.379396,0.0347893,0.92458]]],"btipPosition":[-144.975,162.622,8.48941],"carpPosition":[-67.1705,183.548,138.634],"dipPosition":[-138.484,163.217,24.3092],"direction":[-0.401491,-0.028812,-0.91541],"extended":true,"handId":57,"id":571,"length":58.8924,"mcpPosition":[-109.024,164.469,84.6907],"pipPosition":[-128.766,163.915,46.467],"stabilizedTipPosition":[-140.458,163.863,9.53998],"timeVisible":6.02733,"tipPosition":[-144.862,163.233,12.8376],"tipVelocity":[60.696,21.7399,-23.5331],"tool":false,"touchDistance":0.0890675,"touchZone":"hovering","type":1,"width":18.6136},{"bases":[[[0.256825,0.904119,-0.341482],[-0.77447,0.403895,0.486894],[0.578132,0.139421,0.803943]],[[0.296508,0.911639,-0.2846],[-0.836864,0.391599,0.382503],[0.460154,0.124756,0.87903]],[[0.296508,0.911639,-0.2846],[-0.856552,0.385646,0.342923],[0.422377,0.142095,0.895213]],[[0.296508,0.911639,-0.2846],[-0.856552,0.385646,0.342923],[0.422377,0.142095,0.895213]]],"btipPosition":[-149.407,172.615,-3.96992],"carpPosition":[-68.3511,194.731,134.849],"dipPosition":[-141.458,175.289,12.8772],"direction":[-0.422377,-0.142095,-0.895213],"extended":true,"handId":57,"id":572,"length":67.1031,"mcpPosition":[-107.218,185.358,80.8014],"pipPosition":[-129.43,179.336,38.3706],"stabilizedTipPosition":[-146.73,174.827,-0.753052],"timeVisible":6.02733,"tipPosition":[-148.465,173.882,0.309029],"tipVelocity":[49.2853,24.2314,-18.7347],"tool":false,"touchDistance":-0.16682,"touchZone":"touching","type":2,"width":18.281},{"bases":[[[0.39675,0.881744,-0.255179],[-0.735318,0.471696,0.486632],[0.549452,-0.00543368,0.835508]],[[0.323749,0.875293,-0.359233],[-0.779829,0.461861,0.422554],[0.535774,0.143339,0.832106]],[[0.323749,0.875293,-0.359233],[-0.779829,0.461861,0.422554],[0.535774,0.143339,0.832106]],[[0.323749,0.875293,-0.359233],[-0.779829,0.461861,0.422554],[0.535774,0.143339,0.832106]]],"btipPosition":[-148.481,192.877,4.29676],"carpPosition":[-66.4547,205.621,130.613],"dipPosition":[-138.456,195.559,19.8663],"direction":[-0.535774,-0.143339,-0.832106],"extended":true,"handId":57,"id":573,"length":64.5215,"mcpPosition":[-99.6196,205.949,80.1823],"pipPosition":[-123.592,199.536,42.9505],"stabilizedTipPosition":[-146.688,194.018,8.29368],"timeVisible":6.02733,"tipPosition":[-146.245,194.235,7.85026],"tipVelocity":[47.6563,25.3246,-16.9891],"tool":false,"touchDistance":-0.170838,"touchZone":"touching","type":3,"width":17.3955},{"bases":[[[0.573682,0.785049,-0.233637],[-0.613206,0.600752,0.512909],[0.543017,-0.150979,0.826038]],[[0.393207,0.795295,-0.461405],[-0.658467,0.593818,0.462386],[0.641724,0.122006,0.757169]],[[0.393207,0.795295,-0.461405],[-0.658467,0.593818,0.462386],[0.641724,0.122006,0.757169]],[[0.393207,0.795295,-0.461405],[-0.686347,0.587807,0.428265],[0.611814,0.148287,0.776978]]],"btipPosition":[-134.18,213.879,23.601],"carpPosition":[-57.9853,214.713,124.81],"dipPosition":[-123.619,216.439,37.0129],"direction":[-0.641724,-0.122006,-0.757169],"extended":true,"handId":57,"id":574,"length":50.5836,"mcpPosition":[-88.326,223.149,78.6551],"pipPosition":[-111.05,218.829,51.8436],"stabilizedTipPosition":[-125.098,215.53,23.9458],"timeVisible":6.02733,"tipPosition":[-132.043,215.135,26.9218],"tipVelocity":[52.1679,18.1845,-18.4402],"tool":false,"touchDistance":0.234078,"touchZone":"hovering","type":4,"width":15.4521}],"r":[[-0.278458,0.95922,0.0485531],[-0.938165,-0.260823,-0.227633],[-0.205687,-0.108937,0.972536]],"s":1.21445,"t":[-343.201,-12.6972,134.928],"timestamp":7423348993},{"currentFrameRate":114.225,"devices":[],"gestures":[],"hands":[{"armBasis":[[0.126301,0.959722,-0.250962],[-0.224939,0.274106,0.935023],[0.966152,-0.0616432,0.250499]],"armWidth":61.343,"confidence":1,"direction":[-0.6864,-0.0712008,-0.72373],"elbow":[216.67,184.689,208.952],"grabAngle":0.139435,"grabStrength":0,"id":57,"palmNormal":[0.710115,-0.280226,-0.645918],"palmPosition":[-86.5373,188.72,94.6459],"palmVelocity":[76.5114,6.55366,-31.773],"palmWidth":87.6779,"pinchDistance":47.1708,"pinchStrength":0,"r":[[-0.278645,0.959166,0.048562],[-0.938149,-0.261023,-0.227471],[-0.205507,-0.108942,0.972573]],"s":1.21439,"sphereCenter":[33.889,135.175,-25.1354],"sphereRadius":180.966,"stabilizedPalmPosition":[-80.1228,189.964,92.9305],"t":[-342.67,-12.5942,134.716],"timeVisible":6.03586,"type":"right","wrist":[-34.6954,200.727,143.779]}],"id":73797,"interactionBox":{"center":[0,200,0],"size":[235.247,235.247,147.751]},"pointables":[{"bases":[[[-0.705982,0.621959,0.338758],[-0.175902,-0.617313,0.766801],[0.686038,0.481759,0.545215]],[[-0.788746,0.55446,0.265432],[-0.140942,-0.583407,0.799858],[0.598344,0.593474,0.538306]],[[-0.788746,0.55446,0.265432],[-0.467158,-0.821308,0.32744],[0.399554,0.134268,0.906823]],[[-0.788746,0.55446,0.265432],[-0.607707,-0.768346,-0.200838],[0.0925873,-0.319716,0.942979]]],"btipPosition":[-91.8729,146.007,56.5893],"carpPosition":[-47.2795,171.645,135.546],"dipPosition":[-89.7029,138.514,78.6903],"direction":[-0.399554,-0.134268,-0.906823],"extended":false,"handId":57,"id":570,"length":52.1916,"mcpPosition":[-47.2795,171.645,135.546],"pipPosition":[-76.0602,143.098,109.654],"stabilizedTipPosition":[-90.3379,144.378,60.2828],"timeVisible":6.03586,"tipPosition":[-93.4947,142.155,63.1602],"tipVelocity":[87.4564,12.0941,-32.9026],"tool":false,"touchDistance":-0.138558,"touchZone":"touching","type":0,"width":19.4866},{"bases":[[[0.0393437,0.931745,-0.360975],[-0.806539,0.242871,0.538988],[0.58987,0.269935,0.761045]],[[0.210346,0.969947,-0.122301],[-0.863554,0.242987,0.44185],[0.458289,0.0126725,0.888713]],[[0.210346,0.969947,-0.122301],[-0.891425,0.241656,0.383358],[0.401392,0.0283846,0.915466]],[[0.210346,0.969947,-0.122301],[-0.900877,0.240898,0.361093],[0.379703,0.0342241,0.924475]]],"btipPosition":[-144.265,162.676,8.20124],"carpPosition":[-66.5179,183.63,138.366],"dipPosition":[-137.768,163.262,24.0192],"direction":[-0.401392,-0.0283846,-0.915466],"extended":true,"handId":57,"id":571,"length":58.8924,"mcpPosition":[-108.335,164.494,84.4147],"pipPosition":[-128.052,163.949,46.1784],"stabilizedTipPosition":[-140.489,163.848,9.57148],"timeVisible":6.03586,"tipPosition":[-144.151,163.209,12.5519],"tipVelocity":[83.4237,6.13486,-33.8239],"tool":false,"touchDistance":0.0842578,"touchZone":"hovering","type":1,"width":18.6136},{"bases":[[[0.255591,0.904501,-0.341396],[-0.77513,0.402764,0.486779],[0.577794,0.14021,0.804049]],[[0.295453,0.912103,-0.284211],[-0.837058,0.390538,0.383164],[0.46048,0.124694,0.878868]],[[0.295453,0.912103,-0.284211],[-0.856752,0.384591,0.343606],[0.422709,0.141979,0.895075]],[[0.295453,0.912103,-0.284211],[-0.856752,0.384591,0.343606],[0.422709,0.141979,0.895075]]],"btipPosition":[-148.778,172.652,-4.23022],"carpPosition":[-67.7139,194.812,134.582],"dipPosition":[-140.823,175.324,12.6143],"direction":[-0.422709,-0.141979,-0.895075],"extended":true,"handId":57,"id":572,"length":67.1031,"mcpPosition":[-106.558,185.386,80.5267],"pipPosition":[-128.785,179.367,38.1037],"stabilizedTipPosition":[-146.739,174.762,-0.736441],"timeVisible":6.03586,"tipPosition":[-147.77,173.851,0.0244595],"tipVelocity":[73.83,4.21378,-30.5793],"tool":false,"touchDistance":-0.171168,"touchZone":"touching","type":2,"width":18.281},{"bases":[[[0.395532,0.882323,-0.25507],[-0.736075,0.470622,0.486527],[0.549316,-0.00468642,0.835602]],[[0.322723,0.875802,-0.358917],[-0.779899,0.46092,0.42345],[0.536291,0.143262,0.831786]],[[0.322723,0.875802,-0.358917],[-0.779899,0.46092,0.42345],[0.536291,0.143262,0.831786]],[[0.322723,0.875802,-0.358917],[-0.779899,0.46092,0.42345],[0.536291,0.143262,0.831786]]],"btipPosition":[-147.897,192.923,4.05349],"carpPosition":[-65.8323,205.705,130.347],"dipPosition":[-137.863,195.604,19.617],"direction":[-0.536291,-0.143262,-0.831786],"extended":true,"handId":57,"id":573,"length":64.5215,"mcpPosition":[-98.9889,205.988,79.9099],"pipPosition":[-122.985,199.578,42.6924],"stabilizedTipPosition":[-146.627,193.992,8.25724],"timeVisible":6.03586,"tipPosition":[-145.585,194.206,7.56974],"tipVelocity":[68.6496,5.3292,-28.6741],"tool":false,"touchDistance":-0.174916,"touchZone":"touching","type":3,"width":17.3955},{"bases":[[[0.572599,0.78588,-0.233503],[-0.614153,0.599851,0.512831],[0.54309,-0.15024,0.826124]],[[0.392088,0.795871,-0.461364],[-0.658927,0.59294,0.462858],[0.641937,0.122524,0.756905]],[[0.392088,0.795871,-0.461364],[-0.658927,0.59294,0.462858],[0.641937,0.122524,0.756905]],[[0.392088,0.795871,-0.461364],[-0.687219,0.586808,0.428237],[0.611553,0.149151,0.777018]]],"btipPosition":[-133.581,213.891,23.3451],"carpPosition":[-57.3749,214.81,124.545],"dipPosition":[-123.025,216.466,36.7577],"direction":[-0.641937,-0.122524,-0.756905],"extended":true,"handId":57,"id":574,"length":50.5836,"mcpPosition":[-87.7198,223.204,78.3854],"pipPosition":[-110.451,218.866,51.5832],"stabilizedTipPosition":[-125.166,215.519,23.9735],"timeVisible":6.03586,"tipPosition":[-131.415,215.129,26.6437],"tipVelocity":[70.0943,1.7617,-29.9714],"tool":false,"touchDistance":0.229816,"touchZone":"hovering","type":4,"width":15.4521}],"r":[[-0.278645,0.959166,0.048562],[-0.938149,-0.261023,-0.227471],[-0.205507,-0.108942,0.972573]],"s":1.21439,"t":[-342.67,-12.5942,134.716],"timestamp":7423357525},{"currentFrameRate":114.267,"devices":[],"gestures":[],"hands":[{"armBasis":[[0.126218,0.959939,-0.250174],[-0.22533,0.273342,0.935153],[0.966072,-0.061662,0.250803]],"armWidth":61.343,"confidence":1,"direction":[-0.686682,-0.0705977,-0.723522],"elbow":[217.401,184.754,208.741],"grabAngle":0.139137,"grabStrength":0,"id":57,"palmNormal":[0.709874,-0.27962,-0.646445],"palmPosition":[-85.7999,188.829,94.3585],"palmVelocity":[84.9594,12.4571,-33.1142],"palmWidth":87.6779,"pinchDistance":47.1793,"pinchStrength":0,"r":[[-0.278801,0.95911,0.0487603],[-0.938151,-0.261152,-0.227314],[-0.205285,-0.10912,0.9726]],"s":1.21429,"sphereCenter":[34.0292,135.619,-25.2176],"sphereRadius":180.338,"stabilizedPalmPosition":[-80.1926,189.95,92.9481],"t":[-342.035,-12.4886,134.466],"timeVisible":6.04454,"type":"right","wrist":[-33.9433,200.796,143.489]}],"id":73798,"interactionBox":{"center":[0,200,0],"size":[235.247,235.247,147.751]},"pointables":[{"bases":[[[-0.705879,0.621624,0.339585],[-0.175568,-0.617998,0.766326],[0.686229,0.481313,0.545369]],[[-0.788513,0.554334,0.266387],[-0.140735,-0.584276,0.799259],[0.5987,0.592736,0.538723]],[[-0.788513,0.554334,0.266387],[-0.46746,-0.82166,0.326123],[0.399661,0.132627,0.907018]],[[-0.788513,0.554334,0.266387],[-0.608032,-0.767737,-0.202181],[0.0924395,-0.321394,0.942423]]],"btipPosition":[-91.1358,146.212,56.2578],"carpPosition":[-46.5252,171.719,135.228],"dipPosition":[-88.9693,138.679,78.3457],"direction":[-0.399661,-0.132627,-0.907018],"extended":false,"handId":57,"id":570,"length":52.1916,"mcpPosition":[-46.5252,171.719,135.228],"pipPosition":[-75.3229,143.208,109.316],"stabilizedTipPosition":[-90.3534,144.383,60.3374],"timeVisible":6.04454,"tipPosition":[-92.7589,142.299,62.8285],"tipVelocity":[84.8323,22.5663,-38.5514],"tool":false,"touchDistance":-0.144134,"touchZone":"touching","type":0,"width":19.4866},{"bases":[[[0.0391544,0.932065,-0.360169],[-0.806339,0.242354,0.53952],[0.590156,0.269294,0.76105]],[[0.210661,0.970053,-0.120908],[-0.863636,0.242628,0.441888],[0.45799,0.011332,0.888885]],[[0.210661,0.970053,-0.120908],[-0.891325,0.241396,0.383754],[0.401449,0.0269264,0.915486]],[[0.210661,0.970053,-0.120908],[-0.900593,0.240689,0.36194],[0.380202,0.0326424,0.924327]]],"btipPosition":[-143.527,162.913,7.89575],"carpPosition":[-65.763,183.701,138.067],"dipPosition":[-137.022,163.471,23.7112],"direction":[-0.401449,-0.0269263,-0.915486],"extended":true,"handId":57,"id":571,"length":58.8924,"mcpPosition":[-107.6,164.61,84.1146],"pipPosition":[-127.305,164.123,45.8708],"stabilizedTipPosition":[-140.517,163.834,9.60667],"timeVisible":6.04454,"tipPosition":[-143.439,163.385,12.2617],"tipVelocity":[85.1991,26.4828,-35.2651],"tool":false,"touchDistance":0.0791567,"touchZone":"hovering","type":1,"width":18.6136},{"bases":[[[0.25541,0.904815,-0.3407],[-0.774959,0.402296,0.487439],[0.578104,0.139531,0.803944]],[[0.295385,0.91238,-0.28339],[-0.836585,0.390265,0.384471],[0.461381,0.123513,0.878563]],[[0.295385,0.91238,-0.28339],[-0.856351,0.384361,0.344861],[0.423569,0.140814,0.894853]],[[0.295385,0.91238,-0.28339],[-0.856351,0.384361,0.344861],[0.423569,0.140814,0.894853]]],"btipPosition":[-148.13,172.883,-4.48738],"carpPosition":[-66.9611,194.886,134.292],"dipPosition":[-140.159,175.533,12.353],"direction":[-0.423569,-0.140814,-0.894853],"extended":true,"handId":57,"id":572,"length":67.1031,"mcpPosition":[-105.826,185.505,80.2443],"pipPosition":[-128.097,179.543,37.8361],"stabilizedTipPosition":[-146.714,174.691,-0.72959],"timeVisible":6.04454,"tipPosition":[-147.066,174.037,-0.253421],"tipVelocity":[75.0724,26.1093,-29.7416],"tool":false,"touchDistance":-0.17547,"touchZone":"touching","type":2,"width":18.281},{"bases":[[[0.395387,0.882567,-0.254448],[-0.735907,0.470155,0.487232],[0.549645,-0.00539501,0.835381]],[[0.322621,0.876149,-0.358161],[-0.779192,0.460665,0.425027],[0.537379,0.141953,0.831308]],[[0.322621,0.876149,-0.358161],[-0.779192,0.460665,0.425027],[0.537379,0.141953,0.831308]],[[0.322621,0.876149,-0.358161],[-0.779192,0.460665,0.425027],[0.537379,0.141953,0.831308]]],"btipPosition":[-147.266,193.163,3.82982],"carpPosition":[-65.0818,205.783,130.066],"dipPosition":[-137.211,195.819,19.3844],"direction":[-0.537379,-0.141953,-0.831308],"extended":true,"handId":57,"id":573,"length":64.5215,"mcpPosition":[-98.2583,206.109,79.6427],"pipPosition":[-122.303,199.757,42.4465],"stabilizedTipPosition":[-146.512,193.977,8.19888],"timeVisible":6.04454,"tipPosition":[-144.883,194.384,7.31108],"tipVelocity":[73.2967,26.9806,-26.0085],"tool":false,"touchDistance":-0.178678,"touchZone":"touching","type":3,"width":17.3955},{"bases":[[[0.572467,0.786114,-0.233036],[-0.613981,0.599367,0.513602],[0.543424,-0.150941,0.825777]],[[0.391833,0.796293,-0.460852],[-0.65852,0.592544,0.463943],[0.64251,0.121691,0.756553]],[[0.391833,0.796293,-0.460852],[-0.65852,0.592544,0.463943],[0.64251,0.121691,0.756553]],[[0.391833,0.796293,-0.460852],[-0.687586,0.586268,0.428386],[0.611304,0.149019,0.777239]]],"btipPosition":[-132.879,214.061,23.1041],"carpPosition":[-56.627,214.893,124.269],"dipPosition":[-122.327,216.634,36.5206],"direction":[-0.64251,-0.121691,-0.756553],"extended":true,"handId":57,"id":574,"length":50.5836,"mcpPosition":[-86.9906,223.327,78.1289],"pipPosition":[-109.742,219.017,51.3392],"stabilizedTipPosition":[-125.245,215.506,24.0066],"timeVisible":6.04454,"tipPosition":[-130.706,215.294,26.3971],"tipVelocity":[80.7704,19.5786,-27.666],"tool":false,"touchDistance":0.225814,"touchZone":"hovering","type":4,"width":15.4521}],"r":[[-0.278801,0.95911,0.0487603],[-0.938151,-0.261152,-0.227314],[-0.205285,-0.10912,0.9726]],"s":1.21429,"t":[-342.035,-12.4886,134