{"frames":103,"data":[{"currentFrameRate":115.073,"devices":[],"gestures":[],"hands":[{"armBasis":[[0.679298,0.20029,-0.706002],[0.0670657,0.941066,0.331506],[0.730792,-0.27254,0.625831]],"armWidth":56.1785,"confidence":1,"direction":[-0.331398,0.0603211,-0.941561],"elbow":[252.863,59.9906,262.354],"grabAngle":2.64699,"grabStrength":0,"id":76,"palmNormal":[0.0259476,-0.996994,-0.0730051],"palmPosition":[46.0179,127.024,54.6106],"palmVelocity":[-5.38776,-2.68521,10.5867],"palmWidth":80.3549,"pinchDistance":48.72,"pinchStrength":0.620403,"r":[[0.273116,0.207194,0.939403],[-0.0712735,0.978204,-0.19503],[-0.959337,-0.0136888,0.28193]],"s":0.947852,"sphereCenter":[71.0074,87.0675,30.348],"sphereRadius":49.8273,"stabilizedPalmPosition":[46.5307,127.385,53.8213],"t":[23.8126,-28.4537,-40.2754],"timeVisible":8.67215,"type":"right","wrist":[78.6112,124.975,113.129]}],"id":98632,"interactionBox":{"center":[0,200,0],"size":[235.247,235.247,147.751]},"pointables":[{"bases":[[[0.874103,0.0580627,-0.482258],[-0.0976126,0.993574,-0.0573011],[0.475832,0.0971615,0.874153]],[[0.991764,0.0923148,-0.0887794],[-0.111762,0.962327,-0.247861],[0.0625537,0.255742,0.964719]],[[0.991764,0.0923148,-0.0887794],[-0.118026,0.927917,-0.353609],[0.0497366,0.361175,0.931171]],[[0.991764,0.0923148,-0.0887794],[-0.123284,0.875939,-0.466402],[0.0347096,0.473506,0.880106]]],"btipPosition":[13.8215,104.508,-28.861],"carpPosition":[48.7142,135.495,98.0258],"dipPosition":[14.3477,111.687,-15.5177],"direction":[-0.0497366,-0.361175,-0.931171],"extended":true,"handId":76,"id":761,"length":52.183,"mcpPosition":[17.7992,129.183,41.2315],"pipPosition":[15.4144,119.433,4.4537],"stabilizedTipPosition":[14.2749,106.322,-26.1638],"timeVisible":8.67215,"tipPosition":[14.2419,99.9554,-20.9098],"tipVelocity":[-9.12136,-2.91977,10.2926],"tool":false,"touchDistance":0.333333,"touchZone":"hovering","type":1,"width":17.041},{"bases":[[[0.29164,0.923076,-0.250754],[-0.6413,0.383195,0.664752],[0.709704,-0.0330597,0.703724]],[[0.122305,0.906338,-0.404467],[-0.898771,0.274013,0.342239],[0.421014,0.321666,0.848103]],[[0.122305,0.906338,-0.404467],[-0.990028,0.140111,0.0145932],[0.0698965,0.398649,0.914436]],[[0.122305,0.906338,-0.404467],[-0.941155,-0.0234601,-0.33716],[-0.31507,0.421902,0.850135]]],"btipPosition":[31.4451,82.36,25.2968],"carpPosition":[45.5763,117.363,108.005],"dipPosition":[24.902,91.1217,42.9517],"direction":[-0.0698965,-0.398649,-0.914436],"extended":false,"handId":76,"id":760,"length":46.2456,"mcpPosition":[45.5763,117.363,108.005],"pipPosition":[27.0167,103.183,70.6178],"stabilizedTipPosition":[30.6682,84.9081,28.2993],"timeVisible":8.67215,"tipPosition":[23.5686,84.1243,31.0063],"tipVelocity":[-13.1701,-5.35273,18.4313],"tool":false,"touchDistance":0.346167,"touchZone":"hovering","type":0,"width":17.8402},{"bases":[[[0.934101,-0.0995808,-0.342841],[0.0620407,0.990978,-0.118802],[0.351578,0.0897028,0.931851]],[[0.946822,-0.0960894,-0.307074],[-0.287061,0.178826,-0.941073],[0.14534,0.979177,0.141733]],[[0.946822,-0.0960894,-0.307074],[-0.213807,-0.901081,-0.37728],[-0.240446,0.422872,-0.873708]],[[0.946822,-0.0960894,-0.307074],[-0.0079239,-0.96104,0.276296],[-0.321659,-0.25917,-0.910696]]],"btipPosition":[41.2755,83.8071,66.053],"carpPosition":[57.7228,137.563,92.2972],"dipPosition":[35.9118,79.4855,50.8671],"direction":[0.240446,-0.422872,0.873708],"extended":false,"handId":76,"id":762,"length":59.4584,"mcpPosition":[36.0609,132.036,34.8827],"pipPosition":[29.8446,90.1558,28.8207],"stabilizedTipPosition":[39.9489,83.1102,61.4598],"timeVisible":8.67215,"tipPosition":[42.0066,83.0945,62.637],"tipVelocity":[-0.385429,1.5778,14.8222],"tool":false,"touchDistance":0.333333,"touchZone":"none","type":2,"width":16.7365},{"bases":[[[0.968304,-0.159714,-0.192037],[0.139795,0.983685,-0.113227],[0.206988,0.0827922,0.974834]],[[0.95415,-0.164391,-0.250146],[-0.236492,0.098274,-0.966651],[0.183491,0.981488,0.054891]],[[0.95415,-0.164391,-0.250146],[-0.214017,-0.958929,-0.186151],[-0.209271,0.231151,-0.950145]],[[0.95415,-0.164391,-0.250146],[-0.0486892,-0.909799,0.412183],[-0.295342,-0.381105,-0.876089]]],"btipPosition":[58.9176,94.3546,69.6046],"carpPosition":[67.6019,137.211,87.8263],"dipPosition":[54.021,88.0362,55.0796],"direction":[0.209271,-0.231151,0.950145],"extended":false,"handId":76,"id":763,"length":57.1708,"mcpPosition":[56.1516,132.631,33.8999],"pipPosition":[48.8768,93.7182,31.7237],"stabilizedTipPosition":[58.1573,93.376,65.319],"timeVisible":8.67215,"tipPosition":[57.9992,93.2404,67.0401],"tipVelocity":[-4.36902,-3.17689,12.0818],"tool":false,"touchDistance":0.333333,"touchZone":"none","type":3,"width":15.9259},{"bases":[[[0.949255,-0.309381,-0.0565537],[0.306434,0.950293,-0.055145],[0.0708034,0.0350167,0.996875]],[[0.931022,-0.311277,-0.19054],[-0.133876,0.194405,-0.971743],[0.339523,0.930222,0.139323]],[[0.931022,-0.311277,-0.19054],[-0.358914,-0.875569,-0.323357],[-0.0661772,0.369439,-0.926895]],[[0.931022,-0.311277,-0.19054],[-0.250138,-0.924406,0.28793],[-0.265762,-0.220408,-0.938505]]],"btipPosition":[69.2905,96.9951,60.8609],"carpPosition":[78.3557,131.016,85.8387],"dipPosition":[65.2256,93.624,46.5063],"direction":[0.0661772,-0.369439,0.926895],"extended":false,"handId":76,"id":764,"length":44.8208,"mcpPosition":[74.73,129.223,34.791],"pipPosition":[64.0771,100.036,30.4195],"stabilizedTipPosition":[68.7017,96.4048,56.5614],"timeVisible":8.67215,"tipPosition":[68.7104,97.3176,58.5557],"tipVelocity":[-3.66781,-0.243806,12.2444],"tool":false,"touchDistance":0.333333,"touchZone":"none","type":4,"width":14.1466}],"r":[[0.273116,0.207194,0.939403],[-0.0712735,0.978204,-0.19503],[-0.959337,-0.0136888,0.28193]],"s":0.947852,"t":[23.8126,-28.4537,-40.2754],"timestamp":7642656499},{"currentFrameRate":114.112,"devices":[],"gestures":[],"hands":[{"armBasis":[[0.680285,0.201776,-0.704627],[0.0661668,0.940528,0.333209],[0.729955,-0.2733,0.626476]],"armWidth":56.1785,"confidence":1,"direction":[-0.332475,0.0603743,-0.941177],"elbow":[252.656,59.7727,262.527],"grabAngle":2.64771,"grabStrength":0,"id":76,"palmNormal":[0.0276312,-0.996897,-0.0737094],"palmPosition":[45.9688,126.985,54.6537],"palmVelocity":[-4.7151,-3.76627,4.1429],"palmWidth":80.3549,"pinchDistance":48.7001,"pinchStrength":0.61976,"r":[[0.273373,0.207539,0.939252],[-0.0723502,0.978117,-0.195069],[-0.959183,-0.0146285,0.282407]],"s":0.94808,"sphereCenter":[71.0642,87.0808,30.3108],"sphereRadius":49.8801,"stabilizedPalmPosition":[46.5097,127.37,53.8525],"t":[23.7616,-28.4794,-40.2087],"timeVisible":8.68255,"type":"right","wrist":[78.604,124.939,113.149]}],"id":98633,"interactionBox":{"center":[0,200,0],"size":[235.247,235.247,147.751]},"pointables":[{"bases":[[[0.873501,0.0599323,-0.483119],[-0.0994246,0.993438,-0.0565252],[0.476562,0.0974087,0.873728]],[[0.991504,0.0941226,-0.089782],[-0.113739,0.962235,-0.24732],[0.0631129,0.255431,0.964765]],[[0.991504,0.0941226,-0.089782],[-0.119907,0.928899,-0.350384],[0.0504194,0.358172,0.932293]],[[0.991504,0.0941226,-0.089782],[-0.125309,0.876311,-0.465164],[0.0348945,0.472462,0.88066]]],"btipPosition":[13.7161,104.52,-28.8215],"carpPosition":[48.695,135.431,98.0718],"dipPosition":[14.2451,111.683,-15.4699],"direction":[-0.0504194,-0.358172,-0.932293],"extended":true,"handId":76,"id":761,"length":52.183,"mcpPosition":[17.7325,129.103,41.3052],"pipPosition":[15.3265,119.365,4.52562],"stabilizedTipPosition":[14.193,106.293,-26.0864],"timeVisible":8.68255,"tipPosition":[14.1615,99.9341,-20.8701],"tipVelocity":[-10.0673,0.818948,3.97834],"tool":false,"touchDistance":0.333333,"touchZone":"hovering","type":1,"width":17.041},{"bases":[[[0.289752,0.923759,-0.250427],[-0.641289,0.381612,0.665673],[0.710488,-0.0322839,0.702969]],[[0.120338,0.906838,-0.403936],[-0.898558,0.272477,0.344021],[0.422034,0.321561,0.847635]],[[0.120338,0.906838,-0.403936],[-0.990187,0.138768,0.0165446],[0.0710564,0.397981,0.914638]],[[0.120338,0.906838,-0.403936],[-0.941479,-0.024801,-0.336157],[-0.314858,0.420749,0.850785]]],"btipPosition":[31.3838,82.3326,25.3347],"carpPosition":[45.5994,117.287,108.042],"dipPosition":[24.845,91.0704,43.0032],"direction":[-0.0710564,-0.397981,-0.914638],"extended":false,"handId":76,"id":760,"length":46.2456,"mcpPosition":[45.5994,117.287,108.042],"pipPosition":[26.9948,103.111,70.6754],"stabilizedTipPosition":[30.6264,84.8782,28.3576],"timeVisible":8.68255,"tipPosition":[23.5977,84.0627,31.0365],"tipVelocity":[-5.80073,-3.15672,3.94725],"tool":false,"touchDistance":0.345499,"touchZone":"hovering","type":0,"width":17.8402},{"bases":[[[0.93392,-0.0976995,-0.343872],[0.0601694,0.991166,-0.118192],[0.352381,0.0896916,0.931549]],[[0.94627,-0.0943283,-0.309313],[-0.289545,0.178789,-0.940318],[0.144,0.979355,0.14187]],[[0.94627,-0.0943283,-0.309313],[-0.212884,-0.901718,-0.376278],[-0.24342,0.421908,-0.87335]],[[0.94627,-0.0943283,-0.309313],[-0.00488461,-0.960571,0.277992],[-0.32334,-0.261545,-0.90942]]],"btipPosition":[41.3576,83.8201,66.0736],"carpPosition":[57.694,137.519,92.3353],"dipPosition":[35.9659,79.4588,50.9089],"direction":[0.24342,-0.421908,0.87335],"extended":false,"handId":76,"id":762,"length":59.4584,"mcpPosition":[35.9826,131.993,34.9395],"pipPosition":[29.8236,90.1048,28.8716],"stabilizedTipPosition":[39.9535,83.1023,61.4904],"timeVisible":8.68255,"tipPosition":[42.0343,83.0418,62.654],"tipVelocity":[7.27302,0.365362,2.45018],"tool":false,"touchDistance":0.333333,"touchZone":"none","type":2,"width":16.7365},{"bases":[[[0.968386,-0.157874,-0.193144],[0.137943,0.984007,-0.112702],[0.207848,0.0824966,0.974676]],[[0.95418,-0.162537,-0.251242],[-0.237616,0.0987639,-0.966325],[0.181877,0.981747,0.0556172]],[[0.95418,-0.162537,-0.251242],[-0.212608,-0.959078,-0.186993],[-0.210567,0.231841,-0.94969]],[[0.95418,-0.162537,-0.251242],[-0.0466183,-0.910111,0.411733],[-0.29558,-0.381155,-0.875987]]],"btipPosition":[58.937,94.3209,69.5994],"carpPosition":[67.5691,137.187,87.854],"dipPosition":[54.0365,88.0017,55.0762],"direction":[0.210567,-0.231841,0.94969],"extended":false,"handId":76,"id":763,"length":57.1708,"mcpPosition":[56.0713,132.624,33.9364],"pipPosition":[48.8605,93.7007,31.7314],"stabilizedTipPosition":[58.1479,93.3622,65.3445],"timeVisible":8.68255,"tipPosition":[58.0223,93.2137,67.0471],"tipVelocity":[1.78318,-3.25586,-0.459921],"tool":false,"touchDistance":0.333333,"touchZone":"none","type":3,"width":15.9259},{"bases":[[[0.94974,-0.307667,-0.0577429],[0.3047,0.95087,-0.0548151],[0.0717707,0.0344659,0.996825]],[[0.931366,-0.309503,-0.191743],[-0.13516,0.195092,-0.971427],[0.338068,0.93067,0.139869]],[[0.931366,-0.309503,-0.191743],[-0.357699,-0.876056,-0.323383],[-0.0678896,0.369774,-0.926638]],[[0.931366,-0.309503,-0.191743],[-0.248021,-0.924894,0.288195],[-0.26654,-0.220859,-0.938178]]],"btipPosition":[69.3043,97.0071,60.8493],"carpPosition":[78.3317,131.012,85.8512],"dipPosition":[65.2275,93.629,46.4997],"direction":[0.0678896,-0.369774,0.926638],"extended":false,"handId":76,"id":764,"length":44.8208,"mcpPosition":[74.6565,129.247,34.806],"pipPosition":[64.0493,100.047,30.4174],"stabilizedTipPosition":[68.6931,96.4004,56.5866],"timeVisible":8.68255,"tipPosition":[68.7174,97.3147,58.5542],"tipVelocity":[1.06498,0.996271,-1.00354],"tool":false,"touchDistance":0.333333,"touchZone":"none","type":4,"width":14.1466}],"r":[[0.273373,0.207539,0.939252],[-0.0723502,0.978117,-0.195069],[-0.959183,-0.0146285,0.282407]],"s":0.94808,"t":[23.7616,-28.4794,-40.2087],"timestamp":7642666903},{"currentFrameRate":115.146,"devices":[],"gestures":[],"hands":[{"armBasis":[[0.680785,0.202489,-0.703939],[0.0659234,0.940193,0.334203],[0.729511,-0.273926,0.626721]],"armWidth":56.1785,"confidence":1,"direction":[-0.332201,0.0600445,-0.941296],"elbow":[252.499,59.6069,262.644],"grabAngle":2.64837,"grabStrength":0,"id":76,"palmNormal":[0.0282323,-0.996891,-0.0735547],"palmPosition":[45.9401,126.952,54.7014],"palmVelocity":[-4.14856,-4.70332,6.88493],"palmWidth":80.3549,"pinchDistance":48.6845,"pinchStrength":0.619103,"r":[[0.273493,0.207874,0.939143],[-0.0733119,0.978033,-0.195133],[-0.959076,-0.0154829,0.282725]],"s":0.948317,"sphereCenter":[71.1448,87.0448,30.3396],"sphereRadius":49.9473,"stabilizedPalmPosition":[46.4966,127.36,53.872],"t":[23.7218,-28.5085,-40.1515],"timeVisible":8.68947,"type":"right","wrist":[78.5536,124.922,113.208]}],"id":98634,"interactionBox":{"center":[0,200,0],"size":[235.247,235.247,147.751]},"pointables":[{"bases":[[[0.873625,0.0603673,-0.482841],[-0.0999809,0.993372,-0.056703],[0.476218,0.097812,0.87387]],[[0.991482,0.0946855,-0.0894354],[-0.114196,0.962183,-0.247313],[0.0626363,0.25542,0.964799]],[[0.991482,0.0946855,-0.0894354],[-0.120198,0.929646,-0.348296],[0.0501648,0.356079,0.933108]],[[0.991482,0.0946855,-0.0894354],[-0.125658,0.876045,-0.465571],[0.0342667,0.472843,0.88048]]],"btipPosition":[13.7237,104.509,-28.7995],"carpPosition":[48.6472,135.407,98.1191],"dipPosition":[14.2432,111.677,-15.4506],"direction":[-0.0501648,-0.356079,-0.933108],"extended":true,"handId":76,"id":761,"length":52.183,"mcpPosition":[17.707,129.052,41.3432],"pipPosition":[15.3191,119.314,4.56238],"stabilizedTipPosition":[14.157,106.279,-26.0497],"timeVisible":8.68947,"tipPosition":[14.1721,99.8956,-20.8473],"tipVelocity":[0.783286,-1.43864,3.08834],"tool":false,"touchDistance":0.333333,"touchZone":"hovering","type":1,"width":17.041},{"bases":[[[0.2893,0.92389,-0.250467],[-0.641728,0.381338,0.665407],[0.710275,-0.0317702,0.703207]],[[0.120097,0.906884,-0.403903],[-0.898499,0.272326,0.344293],[0.422228,0.321557,0.84754]],[[0.120097,0.906884,-0.403903],[-0.990173,0.138786,0.0171971],[0.0716519,0.397868,0.91464]],[[0.120097,0.906884,-0.403903],[-0.941632,-0.0248248,-0.335726],[-0.314492,0.420648,0.85097]]],"btipPosition":[31.309,82.3133,25.3839],"carpPosition":[45.5588,117.262,108.091],"dipPosition":[24.7779,91.049,43.0562],"direction":[-0.0716519,-0.397868,-0.91464],"extended":false,"handId":76,"id":760,"length":46.2456,"mcpPosition":[45.5588,117.262,108.091],"pipPosition":[26.9457,103.086,70.7285],"stabilizedTipPosition":[30.5973,84.8584,28.3963],"timeVisible":8.68947,"tipPosition":[23.6351,84.0155,31.0742],"tipVelocity":[-10.5565,-2.86094,7.23766],"tool":false,"touchDistance":0.345034,"touchZone":"hovering","type":0,"width":17.8402},{"bases":[[[0.93409,-0.0972091,-0.34355],[0.0596347,0.991183,-0.118317],[0.352023,0.0900314,0.931651]],[[0.94605,-0.0939364,-0.310105],[-0.290426,0.178534,-0.940095],[0.143673,0.979439,0.141621]],[[0.94605,-0.0939364,-0.310105],[-0.212615,-0.902169,-0.375349],[-0.244508,0.421032,-0.873469]],[[0.94605,-0.0939364,-0.310105],[-0.00353662,-0.959991,0.280009],[-0.324001,-0.263806,-0.908532]]],"btipPosition":[41.3849,83.8351,66.1161],"carpPosition":[57.6468,137.499,92.3853],"dipPosition":[35.9822,79.4361,50.9663],"direction":[0.244508,-0.421032,0.873469],"extended":false,"handId":76,"id":762,"length":59.4584,"mcpPosition":[35.9575,131.951,34.9831],"pipPosition":[29.8125,90.06,28.9259],"stabilizedTipPosition":[39.9564,83.098,61.5079],"timeVisible":8.68947,"tipPosition":[42.0219,83.0075,62.7066],"tipVelocity":[3.58527,0.916666,6.63421],"tool":false,"touchDistance":0.333333,"touchZone":"none","type":2,"width":16.7365},{"bases":[[[0.968541,-0.157342,-0.192802],[0.13741,0.98407,-0.112801],[0.207479,0.0827591,0.974732]],[[0.954356,-0.162021,-0.250904],[-0.237301,0.0987775,-0.966401],[0.181361,0.981831,0.0558211]],[[0.954356,-0.162021,-0.250904],[-0.212125,-0.959081,-0.187526],[-0.210255,0.232189,-0.949674]],[[0.954356,-0.162021,-0.250904],[-0.046223,-0.910073,0.411862],[-0.295072,-0.381466,-0.876023]]],"btipPosition":[58.9162,94.2845,69.6417],"carpPosition":[67.5236,137.172,87.9073],"dipPosition":[54.0241,87.9601,55.1178],"direction":[0.210255,-0.232189,0.949674],"extended":false,"handId":76,"id":763,"length":57.1708,"mcpPosition":[56.0461,132.594,33.9866],"pipPosition":[48.8558,93.6676,31.7735],"stabilizedTipPosition":[58.1417,93.3529,65.3612],"timeVisible":8.68947,"tipPosition":[58.0088,93.1894,67.1025],"tipVelocity":[-2.7286,-5.43865,6.08767],"tool":false,"touchDistance":0.333333,"touchZone":"none","type":3,"width":15.9259},{"bases":[[[0.949937,-0.307126,-0.0573858],[0.304168,0.951038,-0.0548539],[0.0714231,0.0346529,0.996844]],[[0.931602,-0.308992,-0.19142],[-0.134899,0.195103,-0.971461],[0.337521,0.930838,0.140076]],[[0.931602,-0.308992,-0.19142],[-0.357111,-0.876225,-0.323575],[-0.0677451,0.369801,-0.926638]],[[0.931602,-0.308992,-0.19142],[-0.247513,-0.924947,0.288462],[-0.266186,-0.221352,-0.938162]]],"btipPosition":[69.29,96.9901,60.8993],"carpPosition":[78.2904,131.003,85.9088],"dipPosition":[65.2187,93.6045,46.55],"direction":[0.0677451,-0.369801,0.926638],"extended":false,"handId":76,"id":764,"length":44.8208,"mcpPosition":[74.633,129.229,34.8627],"pipPosition":[64.0429,100.023,30.4677],"stabilizedTipPosition":[68.6884,96.3977,56.6007],"timeVisible":8.68947,"tipPosition":[68.7043,97.2952,58.613],"tipVelocity":[-1.88038,-2.70903,7.23585],"tool":false,"touchDistance":0.333333,"touchZone":"none","type":4,"width":14.1466}],"r":[[0.273493,0.207874,0.939143],[-0.0733119,0.978033,-0.195133],[-0.959076,-0.0154829,0.282725]],"s":0.948317,"t":[23.7218,-28.5085,-40.1515],"timestamp":7642673823},{"currentFrameRate":113.387,"devices":[],"gestures":[],"hands":[{"armBasis":[[0.681791,0.202627,-0.702925],[0.0664001,0.939767,0.335304],[0.728527,-0.275281,0.62727]],"armWidth":56.1785,"confidence":1,"direction":[-0.331815,0.0587153,-0.941516],"elbow":[252.221,59.303,262.803],"grabAngle":2.64892,"grabStrength":0,"id":76,"palmNormal":[0.0285152,-0.996981,-0.0722237],"palmPosition":[45.9281,126.91,54.7129],"palmVelocity":[-1.01903,-3.60903,0.973711],"palmWidth":80.3549,"pinchDistance":48.6849,"pinchStrength":0.618781,"r":[[0.273498,0.208405,0.939024],[-0.0741141,0.977909,-0.195449],[-0.959013,-0.01614,0.282902]],"s":0.948566,"sphereCenter":[71.2164,86.9717,30.3847],"sphereRadius":50.002,"stabilizedPalmPosition":[46.4696,127.339,53.9119],"t":[23.6958,-28.5444,-40.1171],"timeVisible":8.7013,"type":"right","wrist":[78.51,124.942,113.236]}],"id":98635,"interactionBox":{"center":[0,200,0],"size":[235.247,235.247,147.751]},"pointables":[{"bases":[[[0.873815,0.0599495,-0.482548],[-0.100207,0.993271,-0.0580597],[0.475821,0.0990884,0.873943]],[[0.991501,0.0948219,-0.0890782],[-0.114301,0.961913,-0.248312],[0.0621401,0.256383,0.964576]],[[0.991501,0.0948219,-0.0890782],[-0.120125,0.930167,-0.346929],[0.0499611,0.354681,0.933652]],[[0.991501,0.0948219,-0.0890782],[-0.125634,0.875698,-0.466229],[0.0337969,0.473458,0.880168]]],"btipPosition":[13.7472,104.425,-28.8012],"carpPosition":[48.6145,135.422,98.1206],"dipPosition":[14.2596,111.603,-15.457],"direction":[-0.0499611,-0.354681,-0.933652],"extended":true,"handId":76,"id":761,"length":52.183,"mcpPosition":[17.7001,128.984,41.34],"pipPosition":[15.3312,119.21,4.56763],"stabilizedTipPosition":[14.101,106.24,-25.9888],"timeVisible":8.7013,"tipPosition":[14.1973,99.779,-20.8399],"tipVelocity":[1.84972,-6.8834,-0.233063],"tool":false,"touchDistance":0.333333,"touchZone":"hovering","type":1,"width":17.041},{"bases":[[[0.289173,0.923631,-0.251566],[-0.642108,0.382056,0.664628],[0.709983,-0.0306603,0.703551]],[[0.12006,0.906384,-0.405035],[-0.89844,0.272773,0.344095],[0.422364,0.322588,0.84708]],[[0.12006,0.906384,-0.405035],[-0.990155,0.138901,0.0173312],[0.0719683,0.398967,0.914137]],[[0.12006,0.906384,-0.405035],[-0.941566,-0.0253711,-0.335872],[-0.314705,0.421692,0.850374]]],"btipPosition":[31.2654,82.2408,25.4559],"carpPosition":[45.5264,117.29,108.115],"dipPosition":[24.7299,90.9982,43.1159],"direction":[-0.0719683,-0.398967,-0.914137],"extended":false,"handId":76,"id":760,"length":46.2456,"mcpPosition":[45.5264,117.29,108.115],"pipPosition":[26.9073,103.069,70.7729],"stabilizedTipPosition":[30.5517,84.8255,28.4576],"timeVisible":8.7013,"tipPosition":[23.6667,83.9371,31.127],"tipVelocity":[-3.76691,-5.70766,5.84592],"tool":false,"touchDistance":0.344901,"touchZone":"hovering","type":0,"width":17.8402},{"bases":[[[0.934261,-0.0974273,-0.343023],[0.059435,0.991041,-0.119603],[0.351603,0.0913528,0.931681]],[[0.945896,-0.0941993,-0.310494],[-0.290962,0.177262,-0.94017],[0.143602,0.979645,0.140263]],[[0.945896,-0.0941993,-0.310494],[-0.212431,-0.903119,-0.373161],[-0.245262,0.41893,-0.874268]],[[0.945896,-0.0941993,-0.310494],[-0.0025021,-0.959019,0.28333],[-0.32446,-0.267224,-0.907368]]],"btipPosition":[41.4097,83.865,66.1757],"carpPosition":[57.616,137.509,92.3878],"dipPosition":[35.9993,79.409,51.0452],"direction":[0.245262,-0.41893,0.874268],"extended":false,"handId":76,"id":762,"length":59.4584,"mcpPosition":[35.9526,131.88,34.9838],"pipPosition":[29.8106,89.9799,28.9847],"stabilizedTipPosition":[39.9602,83.0933,61.5296],"timeVisible":8.7013,"tipPosition":[42.0105,82.974,62.7742],"tipVelocity":[1.94752,1.41975,5.4067],"tool":false,"touchDistance":0.333333,"touchZone":"none","type":2,"width":16.7365},{"bases":[[[0.968662,-0.157352,-0.192181],[0.13721,0.983955,-0.114044],[0.207043,0.0841009,0.97471]],[[0.954504,-0.162112,-0.250283],[-0.236842,0.0978329,-0.96661],[0.181185,0.981911,0.0549871]],[[0.954504,-0.162112,-0.250283],[-0.211905,-0.95927,-0.186808],[-0.209805,0.231345,-0.94998]],[[0.954504,-0.162112,-0.250283],[-0.0461706,-0.909541,0.413041],[-0.294602,-0.382694,-0.875646]]],"btipPosition":[58.8997,94.2549,69.6844],"carpPosition":[67.4948,137.179,87.9145],"dipPosition":[54.0154,87.9101,55.1668],"direction":[0.209805,-0.231345,0.94998],"extended":false,"handId":76,"id":763,"length":57.1708,"mcpPosition":[56.0415,132.526,33.9949],"pipPosition":[48.8581,93.5969,31.8149],"stabilizedTipPosition":[58.1322,93.3385,65.3867],"timeVisible":8.7013,"tipPosition":[57.9996,93.1657,67.1627],"tipVelocity":[-1.24173,-2.89779,3.7301],"tool":false,"touchDistance":0.333333,"touchZone":"none","type":3,"width":15.9259},{"bases":[[[0.950039,-0.306961,-0.0565748],[0.303951,0.951041,-0.0559825],[0.0709894,0.0359896,0.996828]],[[0.931754,-0.309009,-0.190652],[-0.134461,0.194094,-0.971724],[0.337276,0.931043,0.139298]],[[0.931754,-0.309009,-0.190652],[-0.356756,-0.87679,-0.322435],[-0.0675264,0.368446,-0.927193]],[[0.931754,-0.309009,-0.190652],[-0.247258,-0.924516,0.290058],[-0.265891,-0.223122,-0.937826]]],"btipPosition":[69.2852,96.9725,60.949],"carpPosition":[78.264,131.01,85.9287],"dipPosition":[65.2184,93.5599,46.6048],"direction":[0.0675264,-0.368446,0.927193],"extended":false,"handId":76,"id":764,"length":44.8208,"mcpPosition":[74.6288,129.167,34.8835],"pipPosition":[64.0464,99.9544,30.5128],"stabilizedTipPosition":[68.6826,96.3941,56.6186],"timeVisible":8.7013,"tipPosition":[68.6977,97.2625,58.6724],"tipVelocity":[-0.318738,-2.00913,4.29711],"tool":false,"touchDistance":0.333333,"touchZone":"none","type":4,"width":14.1466}],"r":[[0.273498,0.208405,0.939024],[-0.0741141,0.977909,-0.195449],[-0.959013,-0.01614,0.282902]],"s":0.948566,"t":[23.6958,-28.5444,-40.1171],"timestamp":7642685654},{"currentFrameRate":115.2,"devices":[],"gestures":[],"hands":[{"armBasis":[[0.681948,0.200253,-0.703453],[0.0683709,0.940123,0.333907],[0.728198,-0.275803,0.627424]],"armWidth":56.1785,"confidence":1,"direction":[-0.331463,0.0576132,-0.941707],"elbow":[252.069,59.1567,262.883],"grabAngle":2.64932,"grabStrength":0,"id":76,"palmNormal":[0.0264966,-0.997172,-0.0703328],"palmPosition":[45.8677,126.846,54.7481],"palmVelocity":[-10.8186,-11.3798,6.31821],"palmWidth":80.3549,"pinchDistance":48.6963,"pinchStrength":0.618666,"r":[[0.27354,0.209072,0.938863],[-0.0743467,0.977767,-0.196075],[-0.958983,-0.0161671,0.283002]],"s":0.948791,"sphereCenter":[71.1192,86.8108,30.4836],"sphereRadius":50.0351,"stabilizedPalmPosition":[46.4552,127.327,53.9319],"t":[23.6527,-28.5941,-40.0823],"timeVisible":8.70688,"type":"right","wrist":[78.4361,124.92,113.279]}],"id":98636,"interactionBox":{"center":[0,200,0],"size":[235.247,235.247,147.751]},"pointables":[{"bases":[[[0.874054,0.057253,-0.482443],[-0.0981642,0.993362,-0.0599613],[0.475808,0.0997681,0.873873]],[[0.991727,0.0926393,-0.0888544],[-0.112191,0.961901,-0.24932],[0.0623723,0.257226,0.964336]],[[0.991727,0.0926393,-0.0888544],[-0.117983,0.930542,-0.346658],[0.0505686,0.354274,0.933774]],[[0.991727,0.0926393,-0.0888544],[-0.12369,0.87474,-0.468541],[0.0343191,0.475656,0.878962]]],"btipPosition":[13.6647,104.337,-28.7521],"carpPosition":[48.5609,135.435,98.1403],"dipPosition":[14.185,111.549,-15.4262],"direction":[-0.0505686,-0.354274,-0.933774],"extended":true,"handId":76,"id":761,"length":52.183,"mcpPosition":[17.6473,128.953,41.3643],"pipPosition":[15.2695,119.147,4.60108],"stabilizedTipPosition":[14.0705,106.217,-25.9597],"timeVisible":8.70688,"tipPosition":[14.0986,99.6684,-20.785],"tipVelocity":[-14.4769,-14.3712,8.05109],"tool":false,"touchDistance":0.333333,"touchZone":"hovering","type":1,"width":17.041},{"bases":[[[0.291121,0.922561,-0.253239],[-0.641489,0.384621,0.663745],[0.709747,-0.0307802,0.703784]],[[0.12216,0.905406,-0.406592],[-0.897947,0.275337,0.343337],[0.422809,0.323156,0.846642]],[[0.12216,0.905406,-0.406592],[-0.989819,0.141283,0.01722],[0.0730356,0.400349,0.913447]],[[0.12216,0.905406,-0.406592],[-0.941763,-0.0235748,-0.335449],[-0.313303,0.423892,0.849798]]],"btipPosition":[31.0913,82.1665,25.5613],"carpPosition":[45.4333,117.328,108.168],"dipPosition":[24.5849,90.9696,43.2093],"direction":[-0.0730356,-0.400349,-0.913447],"extended":false,"handId":76,"id":760,"length":46.2456,"mcpPosition":[45.4333,117.328,108.168],"pipPosition":[26.7946,103.082,70.8455],"stabilizedTipPosition":[30.5261,84.8085,28.4886],"timeVisible":8.70688,"tipPosition":[23.537,83.8753,31.2346],"tipVelocity":[-30.0092,-11.4319,18.3988],"tool":false,"touchDistance":0.345284,"touchZone":"hovering","type":0,"width":17.8402},{"bases":[[[0.934144,-0.0999829,-0.342606],[0.0614883,0.99069,-0.121461],[0.351561,0.0923954,0.931594]],[[0.945863,-0.0966918,-0.30983],[-0.290095,0.176267,-0.940625],[0.145563,0.979582,0.138674]],[[0.945863,-0.0966918,-0.30983],[-0.214031,-0.903444,-0.371456],[-0.243997,0.417659,-0.875229]],[[0.945863,-0.0966918,-0.30983],[-0.00417723,-0.958141,0.286265],[-0.32454,-0.269473,-0.906674]]],"btipPosition":[41.2499,83.8568,66.2797],"carpPosition":[57.5681,137.492,92.4059],"dipPosition":[35.8382,79.3633,51.1608],"direction":[0.243997,-0.417659,0.875229],"extended":false,"handId":76,"id":762,"length":59.4584,"mcpPosition":[35.9072,131.8,35.0072],"pipPosition":[29.6814,89.9022,29.076],"stabilizedTipPosition":[39.9607,83.0907,61.5419],"timeVisible":8.70688,"tipPosition":[41.8555,82.9337,62.8914],"tipVelocity":[-28.7021,-3.00425,19.1273],"tool":false,"touchDistance":0.333333,"touchZone":"none","type":2,"width":16.7365},{"bases":[[[0.968386,-0.159692,-0.191643],[0.139247,0.983455,-0.115869],[0.206975,0.08552,0.974601]],[[0.954232,-0.164533,-0.249739],[-0.236345,0.0968053,-0.966835],[0.183252,0.98161,0.0534881]],[[0.954232,-0.164533,-0.249739],[-0.21393,-0.959063,-0.185558],[-0.208985,0.230492,-0.950368]],[[0.954232,-0.164533,-0.249739],[-0.0481761,-0.908723,0.414609],[-0.29516,-0.383602,-0.87506]]],"btipPosition":[58.763,94.1796,69.7708],"carpPosition":[67.4472,137.134,87.9356],"dipPosition":[53.8695,87.8197,55.2629],"direction":[0.208985,-0.230492,0.950368],"extended":false,"handId":76,"id":763,"length":57.1708,"mcpPosition":[55.9976,132.403,34.0221],"pipPosition":[48.7323,93.4855,31.9015],"stabilizedTipPosition":[58.1256,93.3301,65.4008],"timeVisible":8.70688,"tipPosition":[57.867,93.1007,67.2636],"tipVelocity":[-24.889,-14.1274,15.8985],"tool":false,"touchDistance":0.333333,"touchZone":"none","type":3,"width":15.9259},{"bases":[[[0.949424,-0.309007,-0.0557582],[0.305906,0.950311,-0.0577036],[0.0708184,0.0377284,0.996775]],[[0.931162,-0.311271,-0.189862],[-0.133774,0.19275,-0.972086],[0.339178,0.930568,0.137842]],[[0.931162,-0.311271,-0.189862],[-0.358504,-0.876516,-0.321238],[-0.0664255,0.367191,-0.927771]],[[0.931162,-0.311271,-0.189862],[-0.249248,-0.923493,0.29161],[-0.266106,-0.224213,-0.937505]]],"btipPosition":[69.1588,96.8663,61.0379],"carpPosition":[78.2044,130.939,85.9642],"dipPosition":[65.0887,93.437,46.6987],"direction":[0.0664255,-0.367191,0.927771],"extended":false,"handId":76,"id":764,"length":44.8208,"mcpPosition":[74.5779,129.007,34.9216],"pipPosition":[63.9358,99.8098,30.5967],"stabilizedTipPosition":[68.6783,96.3912,56.6292],"timeVisible":8.70688,"tipPosition":[68.5756,97.1593,58.7686],"tipVelocity":[-22.8022,-19.7299,16.1496],"tool":false,"touchDistance":0.333333,"touchZone":"none","type":4,"width":14.1466}],"r":[[0.27354,0.209072,0.938863],[-0.0743467,0.977767,-0.196075],[-0.958983,-0.0161671,0.283002]],"s":0.948791,"t":[23.6527,-28.5941,-40.0823],"timestamp":7642691232},{"currentFrameRate":115.177,"devices":[],"gestures":[],"hands":[{"armBasis":[[0.68274,0.198802,-0.703096],[0.0697157,0.940159,0.333529],[0.727328,-0.27673,0.628024]],"armWidth":56.1785,"confidence":1,"direction":[-0.330712,0.0568486,-0.942018],"elbow":[251.796,58.9185,263.074],"grabAngle":2.64972,"grabStrength":0,"id":76,"palmNormal":[0.0251753,-0.997297,-0.0690228],"palmPosition":[45.8468,126.805,54.7724],"palmVelocity":[-2.39769,-4.65971,2.77758],"palmWidth":80.3549,"pinchDistance":48.7088,"pinchStrength":0.618302,"r":[[0.273497,0.209774,0.938719],[-0.074236,0.977621,-0.196839],[-0.959004,-0.0158519,0.28295]],"s":0.948999,"sphereCenter":[71.0844,86.712,30.5643],"sphereRadius":50.0544,"stabilizedPalmPosition":[46.432,127.307,53.9639],"t":[23.6206,-28.6392,-40.0528],"timeVisible":8.7156,"type":"right","wrist":[78.371,124.903,113.327]}],"id":98637,"interactionBox":{"center":[0,200,0],"size":[235.247,235.247,147.751]},"pointables":[{"bases":[[[0.874476,0.0554265,-0.481892],[-0.0967551,0.993418,-0.0613174],[0.475321,0.100246,0.874082]],[[0.991931,0.0911729,-0.0880936],[-0.110598,0.961981,-0.249722],[0.0619764,0.25745,0.964302]],[[0.991931,0.0911729,-0.0880936],[-0.116284,0.931117,-0.345687],[0.0505082,0.353141,0.934206]],[[0.991931,0.0911729,-0.0880936],[-0.12208,0.874327,-0.469733],[0.0341957,0.476697,0.878402]]],"btipPosition":[13.6745,104.318,-28.7502],"carpPosition":[48.5208,135.447,98.1553],"dipPosition":[14.1929,111.545,-15.4328],"direction":[-0.0505082,-0.353141,-0.934206],"extended":true,"handId":76,"id":761,"length":52.183,"mcpPosition":[17.6389,128.934,41.3656],"pipPosition":[15.2762,119.119,4.60373],"stabilizedTipPosition":[14.0273,106.18,-25.9172],"timeVisible":8.7156,"tipPosition":[14.0924,99.6117,-20.7776],"tipVelocity":[1.07682,-1.79133,-0.00976781],"tool":false,"touchDistance":0.333333,"touchZone":"hovering","type":1,"width":17.041},{"bases":[[[0.29257,0.921831,-0.254225],[-0.641433,0.386362,0.662788],[0.709202,-0.0308439,0.704331]],[[0.123912,0.904761,-0.407497],[-0.897887,0.277054,0.34211],[0.422426,0.323495,0.846704]],[[0.123912,0.904761,-0.407497],[-0.989596,0.142934,0.0164372],[0.0731168,0.401221,0.913059]],[[0.123912,0.904761,-0.407497],[-0.941606,-0.0223622,-0.335974],[-0.313089,0.425333,0.849157]]],"btipPosition":[31.0292,82.1245,25.6199],"carpPosition":[45.3612,117.357,108.204],"dipPosition":[24.5272,90.9575,43.2545],"direction":[-0.0731168,-0.401221,-0.913059],"extended":false,"handId":76,"id":760,"length":46.2456,"mcpPosition":[45.3612,117.357,108.204],"pipPosition":[26.7394,103.096,70.8789],"stabilizedTipPosition":[30.4871,84.7829,28.5353],"timeVisible":8.7156,"tipPosition":[23.4818,83.8354,31.2964],"tipVelocity":[-7.00557,-4.02868,6.36135],"tool":false,"touchDistance":0.344921,"touchZone":"hovering","type":0,"width":17.8402},{"bases":[[[0.934249,-0.101711,-0.341809],[0.0629374,0.990446,-0.122699],[0.351023,0.093119,0.931725]],[[0.946014,-0.0983735,-0.308837],[-0.289,0.175407,-0.941123],[0.146754,0.979569,0.137507]],[[0.946014,-0.0983735,-0.308837],[-0.214729,-0.903953,-0.369811],[-0.242794,0.416163,-0.876276]],[[0.946014,-0.0983735,-0.308837],[-0.00514435,-0.957267,0.289159],[-0.324085,-0.27196,-0.906094]]],"btipPosition":[41.1611,83.8841,66.3571],"carpPosition":[57.5349,137.484,92.4246],"dipPosition":[35.7569,79.3491,51.2478],"direction":[0.242794,-0.416163,0.876276],"extended":false,"handId":76,"id":762,"length":59.4584,"mcpPosition":[35.9072,131.747,35.0179],"pipPosition":[29.6305,89.8502,29.1366],"stabilizedTipPosition":[39.96,83.0868,61.5625],"timeVisible":8.7156,"tipPosition":[41.7635,82.909,62.9693],"tipVelocity":[-9.98767,2.03168,9.12741],"tool":false,"touchDistance":0.333333,"touchZone":"none","type":2,"width":16.7365},{"bases":[[[0.968302,-0.161271,-0.190743],[0.140682,0.983112,-0.117042],[0.206398,0.0864981,0.974637]],[[0.954183,-0.166168,-0.248843],[-0.235467,0.0961711,-0.967112],[0.184635,0.981397,0.0526377]],[[0.954183,-0.166168,-0.248843],[-0.215202,-0.958914,-0.18486],[-0.207902,0.229941,-0.950739]],[[0.954183,-0.166168,-0.248843],[-0.0497533,-0.90816,0.415657],[-0.295058,-0.384232,-0.874818]]],"btipPosition":[58.6814,94.1305,69.8339],"carpPosition":[67.4168,137.106,87.9619],"dipPosition":[53.7895,87.7603,55.3301],"direction":[0.207902,-0.229941,0.950739],"extended":false,"handId":76,"id":763,"length":57.1708,"mcpPosition":[55.9991,132.322,34.0464],"pipPosition":[48.679,93.4125,31.9595],"stabilizedTipPosition":[58.1129,93.3153,65.4252],"timeVisible":8.7156,"tipPosition":[57.7905,93.0594,67.3391],"tipVelocity":[-9.3146,-5.89481,7.3429],"tool":false,"touchDistance":0.333333,"touchZone":"none","type":3,"width":15.9259},{"bases":[[[0.949038,-0.310383,-0.0546795],[0.307254,0.949814,-0.0587152],[0.0701596,0.0389224,0.996776]],[[0.93086,-0.312796,-0.188832],[-0.13274,0.19199,-0.972378],[0.34041,0.930214,0.137195]],[[0.93086,-0.312796,-0.188832],[-0.359514,-0.876319,-0.320646],[-0.0651804,0.366365,-0.928186]],[[0.93086,-0.312796,-0.188832],[-0.250737,-0.92279,0.292556],[-0.265763,-0.224981,-0.937419]]],"btipPosition":[69.0894,96.7977,61.106],"carpPosition":[78.1668,130.895,86.0062],"dipPosition":[65.0246,93.3566,46.7681],"direction":[0.0651804,-0.366365,0.928186],"extended":false,"handId":76,"id":764,"length":44.8208,"mcpPosition":[74.5741,128.902,34.9636],"pipPosition":[63.8933,99.7151,30.6589],"stabilizedTipPosition":[68.6696,96.3848,56.6488],"timeVisible":8.7156,"tipPosition":[68.5106,97.0918,58.8466],"tipVelocity":[-7.8132,-8.17342,7.84801],"tool":false,"touchDistance":0.333333,"touchZone":"none","type":4,"width":14.1466}],"r":[[0.273497,0.209774,0.938719],[-0.074236,0.977621,-0.196839],[-0.959004,-0.0158519,0.28295]],"s":0.948999,"t":[23.6206,-28.6392,-40.0528],"timestamp":7642699953},{"currentFrameRate":115.244,"devices":[],"gestures":[],"hands":[{"armBasis":[[0.683426,0.197755,-0.702724],[0.0710941,0.940005,0.333671],[0.72655,-0.277999,0.628365]],"armWidth":56.1785,"confidence":1,"direction":[-0.330026,0.0562986,-0.942292],"elbow":[251.532,58.5867,263.203],"grabAngle":2.65014,"grabStrength":0,"id":76,"palmNormal":[0.0239417,-0.9974,-0.0679764],"palmPosition":[45.8074,126.767,54.7991],"palmVelocity":[-4.60055,-4.45197,3.12506],"palmWidth":80.3549,"pinchDistance":48.7162,"pinchStrength":0.618011,"r":[[0.273394,0.210459,0.938596],[-0.0738711,0.977483,-0.197662],[-0.959061,-0.0152955,0.282785]],"s":0.949176,"sphereCenter":[71.0303,86.6225,30.6371],"sphereRadius":50.0715,"stabilizedPalmPosition":[46.408,127.286,53.996],"t":[23.5849,-28.6809,-40.0246],"timeVisible":8.72416,"type":"right","wrist":[78.2919,124.873,113.374]}],"id":98638,"interactionBox":{"center":[0,200,0],"size":[235.247,235.247,147.751]},"pointables":[{"bases":[[[0.87486,0.0538079,-0.481378],[-0.0954416,0.993477,-0.0624064],[0.47488,0.10054,0.874288]],[[0.992118,0.0898224,-0.0873764],[-0.109114,0.962102,-0.249906],[0.0616179,0.25747,0.96432]],[[0.992118,0.0898224,-0.0873764],[-0.114715,0.931632,-0.344823],[0.0504298,0.352128,0.934592]],[[0.992118,0.0898224,-0.0873764],[-0.120592,0.873917,-0.470879],[0.0340642,0.477704,0.87786]]],"btipPosition":[13.6639,104.308,-28.7448],"carpPosition":[48.4643,135.45,98.1748],"dipPosition":[14.1804,111.55,-15.4356],"direction":[-0.0504298,-0.352128,-0.934592],"extended":true,"handId":76,"id":761,"length":52.183,"mcpPosition":[17.611,128.918,41.3718],"pipPosition":[15.262,119.103,4.60922],"stabilizedTipPosition":[13.9891,106.148,-25.8807],"timeVisible":8.72416,"tipPosition":[14.0659,99.5693,-20.7687],"tipVelocity":[-1.28732,-0.7739,0.412813],"tool":false,"touchDistance":0.333333,"touchZone":"hovering","type":1,"width":17.041},{"bases":[[[0.293917,0.921192,-0.254985],[-0.641368,0.387869,0.66197],[0.708703,-0.0310246,0.704825]],[[0.12561,0.904244,-0.408123],[-0.897797,0.278646,0.341053],[0.422117,0.323572,0.846828]],[[0.12561,0.904244,-0.408123],[-0.989376,0.144526,0.0157075],[0.0731878,0.401814,0.912792]],[[0.12561,0.904244,-0.408123],[-0.941431,-0.0211201,-0.336544],[-0.312937,0.426493,0.848631]]],"btipPosition":[30.9513,82.0968,25.6695],"carpPosition":[45.2749,117.375,108.24],"dipPosition":[24.4524,90.9539,43.2932],"direction":[-0.0731878,-0.401814,-0.912792],"extended":false,"handId":76,"id":760,"length":46.2456,"mcpPosition":[45.2749,117.375,108.24],"pipPosition":[26.6667,103.111,70.9096],"stabilizedTipPosition":[30.4467,84.7575,28.5818],"timeVisible":8.72416,"tipPosition":[23.4126,83.8023,31.3503],"tipVelocity":[-9.02048,-2.58897,5.50595],"tool":false,"touchDistance":0.344469,"touchZone":"hovering","type":0,"width":17.8402},{"bases":[[[0.93434,-0.103261,-0.341094],[0.0642869,0.990237,-0.123681],[0.350535,0.093632,0.931857]],[[0.946153,-0.0998847,-0.307924],[-0.287968,0.174834,-0.941545],[0.147882,0.979518,0.136656]],[[0.946153,-0.0998847,-0.307924],[-0.215389,-0.904344,-0.368469],[-0.241665,0.414952,-0.877162]],[[0.946153,-0.0998847,-0.307924],[-0.00604234,-0.956491,0.291701],[-0.323663,-0.274133,-0.90559]]],"btipPosition":[41.0571,83.9073,66.4226],"carpPosition":[57.4847,137.47,92.448],"dipPosition":[35.66,79.3361,51.3218],"direction":[0.241665,-0.414952,0.877162],"extended":false,"handId":76,"id":762,"length":59.4584,"mcpPosition":[35.8871,131.701,35.0331],"pipPosition":[29.562,89.8066,29.1882],"stabilizedTipPosition":[39.9576,83.0829,61.5861],"timeVisible":8.72416,"tipPosition":[41.658,82.8846,63.0385],"tipVelocity":[-11.9523,1.73031,7.87904],"tool":false,"touchDistance":0.333333,"touchZone":"none","type":2,"width":16.7365},{"bases":[[[0.968218,-0.162709,-0.189945],[0.142019,0.98281,-0.117966],[0.205874,0.0872408,0.974682]],[[0.954131,-0.167648,-0.248049],[-0.234661,0.0957557,-0.96735],[0.185926,0.981186,0.0520232]],[[0.954131,-0.167648,-0.248049],[-0.216375,-0.958756,-0.184308],[-0.20692,0.229526,-0.951053]],[[0.954131,-0.167648,-0.248049],[-0.0512123,-0.907697,0.41649],[-0.294977,-0.384683,-0.874647]]],"btipPosition":[58.5859,94.0841,69.8909],"carpPosition":[67.3689,137.075,87.9921],"dipPosition":[53.6954,87.7063,55.3899],"direction":[0.20692,-0.229526,0.951053],"extended":false,"handId":76,"id":763,"length":57.1708,"mcpPosition":[55.9803,132.249,34.0741],"pipPosition":[48.609,93.3484,32.0116],"stabilizedTipPosition":[58.0972,93.2985,65.4524],"timeVisible":8.72416,"tipPosition":[57.6994,93.0186,67.4077],"tipVelocity":[-11.1185,-5.63042,6.72877],"tool":false,"touchDistance":0.333333,"touchZone":"none","type":3,"width":15.9259},{"bases":[[[0.948674,-0.311655,-0.0537397],[0.30851,0.949359,-0.0594956],[0.0695604,0.0398627,0.996781]],[[0.930574,-0.314183,-0.187938],[-0.13179,0.191449,-0.972614],[0.34156,0.929858,0.136751]],[[0.930574,-0.314183,-0.187938],[-0.360461,-0.876074,-0.320253],[-0.064029,0.365763,-0.928503]],[[0.930574,-0.314183,-0.187938],[-0.252139,-0.9222,0.293212],[-0.265438,-0.225469,-0.937393]]],"btipPosition":[69.0046,96.7314,61.1684],"carpPosition":[78.1123,130.847,86.0498],"dipPosition":[64.9447,93.2828,46.8309],"direction":[0.064029,-0.365763,0.928503],"extended":false,"handId":76,"id":764,"length":44.8208,"mcpPosition":[74.5502,128.806,35.0069],"pipPosition":[63.8334,99.6309,30.7162],"stabilizedTipPosition":[68.6583,96.3764,56.6717],"timeVisible":8.72416,"tipPosition":[68.4302,97.028,58.918],"tipVelocity":[-9.77682,-7.9472,7.29685],"tool":false,"touchDistance":0.333333,"touchZone":"none","type":4,"width":14.1466}],"r":[[0.273394,0.210459,0.938596],[-0.0738711,0.977483