{"frames":107,"data":[{"currentFrameRate":110.364,"devices":[],"gestures":[],"hands":[{"armBasis":[[-0.312261,-0.923084,-0.224518],[0.597918,-0.00731284,-0.801524],[0.738232,-0.384528,0.554213]],"armWidth":59.3592,"confidence":1,"direction":[-0.427227,0.16549,-0.88887],"elbow":[99.8525,86.7281,254.809],"grabAngle":2.37526,"grabStrength":0,"id":55,"palmNormal":[-0.890527,0.09296,0.445331],"palmPosition":[-118.829,203.193,60.982],"palmVelocity":[31.4797,-2.91395,-0.792018],"palmWidth":83.5833,"pinchDistance":60.2187,"pinchStrength":1,"r":[[0.960965,0.0285249,-0.275196],[-0.0978303,0.965446,-0.241545],[0.258796,0.259039,0.93055]],"s":1.31508,"sphereCenter":[-160.214,202.062,58.2845],"sphereRadius":43.8737,"stabilizedPalmPosition":[-120.152,208.322,58.3881],"t":[-219.989,72.6347,103.967],"timeVisible":16.7813,"type":"right","wrist":[-83.245,182.099,117.352]}],"id":70649,"interactionBox":{"center":[0,200,0],"size":[235.247,235.247,147.751]},"pointables":[{"bases":[[[-0.22584,-0.940096,-0.255373],[0.822093,-0.0432772,-0.567706],[0.522646,-0.338152,0.78262]],[[-0.106109,-0.991283,-0.0780891],[0.899768,-0.0622898,-0.4319],[0.423271,-0.116091,0.898535]],[[-0.106109,-0.991283,-0.0780891],[0.873872,-0.0554942,-0.482978],[0.474435,-0.119488,0.872143]],[[-0.106109,-0.991283,-0.0780891],[0.833302,-0.0457995,-0.550918],[0.542539,-0.123529,0.830898]]],"btipPosition":[-159.364,238.648,-26.3368],"carpPosition":[-87.9575,206.536,95.0506],"dipPosition":[-150.77,236.691,-13.1747],"direction":[-0.474435,0.119488,-0.872143],"extended":true,"handId":55,"id":551,"length":54.5231,"mcpPosition":[-123.278,229.389,42.1603],"pipPosition":[-140.138,234.013,6.36957],"stabilizedTipPosition":[-157.744,240.867,-23.6915],"timeVisible":16.7813,"tipPosition":[-159.48,241.269,-20.6298],"tipVelocity":[42.6048,3.37894,-3.98678],"tool":false,"touchDistance":0.318589,"touchZone":"hovering","type":1,"width":18.1291},{"bases":[[[0.65024,-0.445935,-0.615085],[0.690799,0.684005,0.23438],[0.316203,-0.577303,0.752819]],[[0.556919,-0.296618,-0.775796],[0.503731,0.863284,0.0315445],[0.660376,-0.408361,0.630195]],[[0.556919,-0.296618,-0.775796],[0.211765,0.953896,-0.212693],[0.803117,-0.0458342,0.594056]],[[0.556919,-0.296618,-0.775796],[-0.121713,0.894826,-0.429502],[0.821601,0.333622,0.462243]]],"btipPosition":[-172.092,226.788,54.878],"carpPosition":[-98.5953,213.853,112.584],"dipPosition":[-154.264,234.027,64.908],"direction":[-0.803117,0.0458342,-0.594056],"extended":false,"handId":55,"id":550,"length":48.3194,"mcpPosition":[-98.5953,213.853,112.584],"pipPosition":[-128.876,232.579,83.6871],"stabilizedTipPosition":[-168.112,230.894,55.7861],"timeVisible":16.7813,"tipPosition":[-164.337,237.153,56.27],"tipVelocity":[29.4172,-6.47572,0.0770044],"tool":false,"touchDistance":0.333334,"touchZone":"hovering","type":0,"width":18.9794},{"bases":[[[-0.289968,-0.955894,-0.0467439],[0.783352,-0.209002,-0.585387],[0.549798,-0.20636,0.809406]],[[-0.319206,-0.943369,-0.0903412],[0.128099,0.0515027,-0.990423],[0.938988,-0.327722,0.104404]],[[-0.319206,-0.943369,-0.0903412],[-0.854592,0.327742,-0.402813],[0.40961,-0.0513756,-0.910813]],[[-0.319206,-0.943369,-0.0903412],[-0.921967,0.287071,0.259938],[-0.219283,0.166265,-0.96139]]],"btipPosition":[-173.659,222.461,75.1058],"carpPosition":[-89.4818,196.133,90.8819],"dipPosition":[-177.479,225.358,58.3556],"direction":[-0.40961,0.0513756,0.910813],"extended":false,"handId":55,"id":552,"length":62.1247,"mcpPosition":[-124.718,209.358,39.008],"pipPosition":[-166.68,224.003,34.3423],"stabilizedTipPosition":[-177.816,225.249,69.8978],"timeVisible":16.7813,"tipPosition":[-174.224,222.921,71.7842],"tipVelocity":[18.0119,1.44844,-29.3041],"tool":false,"touchDistance":0.333333,"touchZone":"none","type":2,"width":17.8052},{"bases":[[[-0.264122,-0.957349,0.117139],[0.777761,-0.283234,-0.56113],[0.570375,-0.0571006,0.819397]],[[-0.297849,-0.952203,0.067794],[-0.270511,0.0160828,-0.962582],[0.915483,-0.305043,-0.262372]],[[-0.297849,-0.952203,0.067794],[-0.940601,0.304859,0.149437],[-0.162962,-0.0192575,-0.986444]],[[-0.297849,-0.952203,0.067794],[-0.626809,0.24864,0.738436],[-0.719997,0.177448,-0.670907]]],"btipPosition":[-146.59,198.723,89.9401],"carpPosition":[-92.5045,185.381,89.2628],"dipPosition":[-159.062,201.797,78.3181],"direction":[0.162962,0.0192575,0.986444],"extended":false,"handId":55,"id":553,"length":59.7345,"mcpPosition":[-125.325,188.666,42.1139],"pipPosition":[-163.248,201.303,52.9825],"stabilizedTipPosition":[-150.194,201.287,86.6479],"timeVisible":16.7813,"tipPosition":[-152.865,200.292,82.7677],"tipVelocity":[28.6465,-5.47901,-6.44417],"tool":false,"touchDistance":0.333333,"touchZone":"none","type":3,"width":16.9428},{"bases":[[[-0.321186,-0.897477,0.302282],[0.774527,-0.432614,-0.461469],[0.544929,0.0859086,0.83407]],[[-0.373478,-0.901574,0.218355],[-0.23037,-0.13787,-0.963287],[0.898579,-0.410069,-0.156204]],[[-0.373478,-0.901574,0.218355],[-0.919354,0.391132,0.0424794],[-0.123704,-0.18488,-0.974944]],[[-0.373478,-0.901574,0.218355],[-0.641176,0.421,0.641601],[-0.670378,0.0996203,-0.735302]]],"btipPosition":[-144.934,185.574,83.1798],"carpPosition":[-99.4071,174.946,93.0554],"dipPosition":[-155.648,187.166,71.4289],"direction":[0.123704,0.18488,0.974944],"extended":false,"handId":55,"id":554,"length":46.8308,"mcpPosition":[-128.433,170.37,48.6285],"pipPosition":[-157.891,183.813,53.7494],"stabilizedTipPosition":[-148.035,187.81,79.8628],"timeVisible":16.7813,"tipPosition":[-151.505,185.524,75.0408],"tipVelocity":[29.7737,-3.52499,-7.12017],"tool":false,"touchDistance":0.333333,"touchZone":"none","type":4,"width":15.0499}],"r":[[0.960965,0.0285249,-0.275196],[-0.0978303,0.965446,-0.241545],[0.258796,0.259039,0.93055]],"s":1.31508,"t":[-219.989,72.6347,103.967],"timestamp":7395555815},{"currentFrameRate":111.021,"devices":[],"gestures":[],"hands":[{"armBasis":[[-0.311516,-0.923063,-0.225637],[0.599153,-0.00649908,-0.800608],[0.737546,-0.384593,0.55508]],"armWidth":59.3592,"confidence":1,"direction":[-0.426552,0.165839,-0.889129],"elbow":[99.9342,86.6938,255.053],"grabAngle":2.37494,"grabStrength":0,"id":55,"palmNormal":[-0.890977,0.0920814,0.444613],"palmPosition":[-118.536,203.193,60.9905],"palmVelocity":[37.3857,-0.0331533,1.08683],"palmWidth":83.5833,"pinchDistance":60.2555,"pinchStrength":1,"r":[[0.961061,0.0287602,-0.274835],[-0.0978122,0.965586,-0.240992],[0.258446,0.25849,0.9308]],"s":1.31493,"sphereCenter":[-159.87,202.162,58.2284],"sphereRadius":43.8421,"stabilizedPalmPosition":[-120.139,208.279,58.4099],"t":[-219.702,72.6229,103.97],"timeVisible":16.7892,"type":"right","wrist":[-82.9932,182.081,117.381]}],"id":70650,"interactionBox":{"center":[0,200,0],"size":[235.247,235.247,147.751]},"pointables":[{"bases":[[[-0.225016,-0.940061,-0.256228],[0.822619,-0.0423568,-0.567014],[0.522175,-0.338365,0.782843]],[[-0.105578,-0.991258,-0.0791226],[0.900382,-0.0615176,-0.430729],[0.422096,-0.116716,0.899006]],[[-0.105578,-0.991258,-0.0791226],[0.8745,-0.0546736,-0.481934],[0.473396,-0.120074,0.872628]],[[-0.105578,-0.991258,-0.0791226],[0.833798,-0.0448863,-0.550241],[0.54188,-0.124065,0.831249]]],"btipPosition":[-158.991,238.704,-26.3491],"carpPosition":[-87.6963,206.532,95.0885],"dipPosition":[-150.407,236.739,-13.1814],"direction":[-0.473396,0.120074,-0.872627],"extended":true,"handId":55,"id":551,"length":54.5231,"mcpPosition":[-122.985,229.399,42.1832],"pipPosition":[-139.798,234.048,6.37368],"stabilizedTipPosition":[-157.733,240.828,-23.6859],"timeVisible":16.7892,"tipPosition":[-159.135,241.292,-20.6366],"tipVelocity":[47.3242,6.9612,-1.40339],"tool":false,"touchDistance":0.318405,"touchZone":"hovering","type":1,"width":18.1291},{"bases":[[[0.651064,-0.445091,-0.614825],[0.690157,0.684281,0.235463],[0.31591,-0.577627,0.752694]],[[0.557597,-0.295444,-0.775757],[0.503375,0.863438,0.0329782],[0.660075,-0.408886,0.630169]],[[0.557597,-0.295444,-0.775757],[0.210936,0.954275,-0.211816],[0.802865,-0.0455272,0.59442]],[[0.557597,-0.295444,-0.775757],[-0.123116,0.894752,-0.429256],[0.820931,0.33486,0.462537]]],"btipPosition":[-171.814,226.752,54.895],"carpPosition":[-98.3541,213.83,112.618],"dipPosition":[-154.001,234.018,64.9314],"direction":[-0.802865,0.0455272,-0.59442],"extended":false,"handId":55,"id":550,"length":48.3194,"mcpPosition":[-98.3541,213.83,112.618],"pipPosition":[-128.621,232.579,83.7219],"stabilizedTipPosition":[-168.108,230.87,55.8001],"timeVisible":16.7892,"tipPosition":[-164.07,237.106,56.2645],"tipVelocity":[34.9439,-3.78792,2.35067],"tool":false,"touchDistance":0.333347,"touchZone":"hovering","type":0,"width":18.9794},{"bases":[[[-0.289317,-0.956046,-0.0476655],[0.783999,-0.208094,-0.584844],[0.549219,-0.206575,0.809744]],[[-0.318753,-0.943399,-0.0916253],[0.132015,0.0515376,-0.989907],[0.938599,-0.327632,0.108115]],[[-0.318753,-0.943399,-0.0916253],[-0.85268,0.327624,-0.406939],[0.413924,-0.0515861,-0.908848]],[[-0.318753,-0.943399,-0.0916253],[-0.922829,0.28683,0.257128],[-0.216293,0.166515,-0.962024]]],"btipPosition":[-173.498,222.47,74.907],"carpPosition":[-89.2103,196.13,90.9112],"dipPosition":[-177.267,225.371,58.1457],"direction":[-0.413924,0.0515861,0.908848],"extended":false,"handId":55,"id":552,"length":62.1247,"mcpPosition":[-124.409,209.369,39.0157],"pipPosition":[-166.354,224.011,34.1842],"stabilizedTipPosition":[-177.795,225.236,69.905],"timeVisible":16.7892,"tipPosition":[-173.959,222.882,71.7482],"tipVelocity":[21.9467,1.21379,-25.6715],"tool":false,"touchDistance":0.333333,"touchZone":"none","type":2,"width":17.8052},{"bases":[[[-0.263614,-0.957599,0.116239],[0.778433,-0.282346,-0.560644],[0.569692,-0.0573093,0.819857]],[[-0.297301,-0.952439,0.066868],[-0.269428,0.0165002,-0.962879],[0.915981,-0.304281,-0.26152]],[[-0.297301,-0.952439,0.066868],[-0.940862,0.304163,0.149213],[-0.162455,-0.0185523,-0.986541]],[[-0.297301,-0.952439,0.066868],[-0.627195,0.247621,0.738451],[-0.719888,0.177603,-0.670983]]],"btipPosition":[-146.306,198.68,89.9013],"carpPosition":[-92.2247,185.378,89.282],"dipPosition":[-158.777,201.756,78.278],"direction":[0.162455,0.0185523,0.986541],"extended":false,"handId":55,"id":553,"length":59.7345,"mcpPosition":[-125.005,188.675,42.1066],"pipPosition":[-162.949,201.28,52.9399],"stabilizedTipPosition":[-150.183,201.265,86.6544],"timeVisible":16.7892,"tipPosition":[-152.584,200.253,82.7509],"tipVelocity":[36.2085,-5.47633,-4.98069],"tool":false,"touchDistance":0.333333,"touchZone":"none","type":3,"width":16.9428},{"bases":[[[-0.320878,-0.897893,0.301374],[0.775208,-0.431797,-0.46109],[0.544142,0.0856733,0.834608]],[[-0.372685,-0.901966,0.218088],[-0.229455,-0.138149,-0.963465],[0.899142,-0.409111,-0.155474]],[[-0.372685,-0.901966,0.218088],[-0.919754,0.390226,0.0421499],[-0.123122,-0.184879,-0.975018]],[[-0.372685,-0.901966,0.218088],[-0.641669,0.420264,0.641592],[-0.670349,0.0991712,-0.73539]]],"btipPosition":[-144.639,185.552,83.1358],"carpPosition":[-99.1239,174.935,93.0612],"dipPosition":[-155.352,187.136,71.3835],"direction":[0.123122,0.184879,0.975018],"extended":false,"handId":55,"id":554,"length":46.8308,"mcpPosition":[-128.108,170.372,48.6057],"pipPosition":[-157.584,183.784,53.7027],"stabilizedTipPosition":[-148.025,187.79,79.8689],"timeVisible":16.7892,"tipPosition":[-151.207,185.493,75.0154],"tipVelocity":[37.6915,-3.01511,-5.64587],"tool":false,"touchDistance":0.333333,"touchZone":"none","type":4,"width":15.0499}],"r":[[0.961061,0.0287602,-0.274835],[-0.0978122,0.965586,-0.240992],[0.258446,0.25849,0.9308]],"s":1.31493,"t":[-219.702,72.6229,103.97],"timestamp":7395563661},{"currentFrameRate":110.99,"devices":[],"gestures":[],"hands":[{"armBasis":[[-0.312301,-0.922978,-0.2249],[0.599618,-0.00789411,-0.800247],[0.736835,-0.384772,0.5559]],"armWidth":59.3592,"confidence":1,"direction":[-0.426833,0.165985,-0.888967],"elbow":[100.101,86.5781,255.275],"grabAngle":2.37461,"grabStrength":0,"id":55,"palmNormal":[-0.890603,0.0934706,0.445072],"palmPosition":[-118.189,203.135,61.0109],"palmVelocity":[38.2721,-6.33321,2.2572],"palmWidth":83.5833,"pinchDistance":60.2817,"pinchStrength":1,"r":[[0.961115,0.0286678,-0.274657],[-0.0975691,0.965701,-0.240629],[0.258338,0.25807,0.930946]],"s":1.3148,"sphereCenter":[-159.504,202.215,58.2591],"sphereRadius":43.8263,"stabilizedPalmPosition":[-120.118,208.224,58.4378],"t":[-219.385,72.5883,103.981],"timeVisible":16.7983,"type":"right","wrist":[-82.6497,182.01,117.4]}],"id":70651,"interactionBox":{"center":[0,200,0],"size":[235.247,235.247,147.751]},"pointables":[{"bases":[[[-0.226405,-0.939883,-0.255658],[0.822242,-0.0437132,-0.567457],[0.522168,-0.338688,0.782708]],[[-0.106933,-0.991155,-0.0785926],[0.900242,-0.0629634,-0.430813],[0.422054,-0.11682,0.899012]],[[-0.106933,-0.991155,-0.0785926],[0.874215,-0.0560735,-0.482291],[0.473618,-0.120279,0.872479]],[[-0.106933,-0.991155,-0.0785926],[0.833365,-0.046235,-0.550787],[0.542281,-0.124393,0.830938]]],"btipPosition":[-158.629,238.658,-26.3305],"carpPosition":[-87.3257,206.45,95.09],"dipPosition":[-150.039,236.687,-13.1677],"direction":[-0.473618,0.120279,-0.872479],"extended":true,"handId":55,"id":551,"length":54.5231,"mcpPosition":[-122.614,229.339,42.1939],"pipPosition":[-139.426,233.992,6.38406],"stabilizedTipPosition":[-157.714,240.78,-23.679],"timeVisible":16.7983,"tipPosition":[-158.781,241.246,-20.6146],"tipVelocity":[40.0245,-5.25525,1.9311],"tool":false,"touchDistance":0.318697,"touchZone":"hovering","type":1,"width":18.1291},{"bases":[[[0.650127,-0.446242,-0.614981],[0.691195,0.683477,0.234752],[0.31557,-0.57769,0.752788]],[[0.556663,-0.296396,-0.776064],[0.504631,0.862724,0.0324727],[0.659905,-0.409702,0.629818]],[[0.556663,-0.296396,-0.776064],[0.211731,0.953954,-0.212464],[0.803303,-0.0460458,0.593788]],[[0.556663,-0.296396,-0.776064],[-0.123216,0.894395,-0.429971],[0.82155,0.334973,0.461356]]],"btipPosition":[-171.444,226.744,54.9608],"carpPosition":[-97.964,213.77,112.622],"dipPosition":[-153.617,234.012,64.9715],"direction":[-0.803303,0.0460458,-0.593788],"extended":false,"handId":55,"id":550,"length":48.3194,"mcpPosition":[-97.964,213.77,112.622],"pipPosition":[-128.223,232.557,83.7421],"stabilizedTipPosition":[-168.099,230.839,55.8184],"timeVisible":16.7983,"tipPosition":[-163.687,237.091,56.2964],"tipVelocity":[41.2311,-0.871802,6.60966],"tool":false,"touchDistance":0.333379,"touchZone":"hovering","type":0,"width":18.9794},{"bases":[[[-0.29061,-0.955684,-0.0470517],[0.783392,-0.209407,-0.585188],[0.549402,-0.206921,0.809532]],[[-0.320406,-0.942848,-0.091533],[0.132919,0.0509234,-0.989818],[0.937909,-0.32931,0.109006]],[[-0.320406,-0.942848,-0.091533],[-0.851474,0.328998,-0.408354],[0.41513,-0.052901,-0.908223]],[[-0.320406,-0.942848,-0.091533],[-0.922518,0.288621,0.25624],[-0.215177,0.166541,-0.96227]]],"btipPosition":[-173.176,222.519,74.8758],"carpPosition":[-88.8559,196.048,90.9185],"dipPosition":[-176.925,225.42,58.1102],"direction":[-0.41513,0.052901,0.908223],"extended":false,"handId":55,"id":552,"length":62.1247,"mcpPosition":[-124.066,209.309,39.0366],"pipPosition":[-165.98,224.026,34.1652],"stabilizedTipPosition":[-177.763,225.219,69.9143],"timeVisible":16.7983,"tipPosition":[-173.583,222.904,71.7857],"tipVelocity":[36.0537,5.43972,-3.54963],"tool":false,"touchDistance":0.333333,"touchZone":"none","type":2,"width":17.8052},{"bases":[[[-0.264816,-0.957194,0.116839],[0.777742,-0.283641,-0.56095],[0.570078,-0.0576779,0.819563]],[[-0.298524,-0.952013,0.0674845],[-0.269539,0.0162667,-0.962852],[0.91555,-0.305624,-0.261461]],[[-0.298524,-0.952013,0.0674845],[-0.940383,0.305478,0.149545],[-0.162984,-0.0188184,-0.986449]],[[-0.298524,-0.952013,0.0674845],[-0.626504,0.248813,0.738638],[-0.719984,0.178222,-0.670716]]],"btipPosition":[-145.956,198.674,89.9228],"carpPosition":[-91.8854,185.299,89.2961],"dipPosition":[-158.428,201.761,78.3041],"direction":[0.162984,0.0188184,0.986449],"extended":false,"handId":55,"id":553,"length":59.7345,"mcpPosition":[-124.688,188.618,42.1375],"pipPosition":[-162.615,201.278,52.9684],"stabilizedTipPosition":[-150.164,201.239,86.6627],"timeVisible":16.7983,"tipPosition":[-152.225,200.25,82.7973],"tipVelocity":[38.5835,-0.384541,2.4897],"tool":false,"touchDistance":0.333333,"touchZone":"none","type":3,"width":16.9428},{"bases":[[[-0.321897,-0.897325,0.301978],[0.774375,-0.433041,-0.461323],[0.544725,0.0853454,0.83426]],[[-0.373528,-0.90137,0.219108],[-0.230005,-0.138832,-0.963236],[0.898652,-0.410191,-0.155462]],[[-0.373528,-0.90137,0.219108],[-0.919301,0.391264,0.0423952],[-0.123943,-0.185591,-0.974779]],[[-0.373528,-0.90137,0.219108],[-0.640713,0.421506,0.641732],[-0.670794,0.0993195,-0.734964]]],"btipPosition":[-144.304,185.547,83.1656],"carpPosition":[-98.7964,174.867,93.0841],"dipPosition":[-155.024,187.134,71.4201],"direction":[0.123943,0.185591,0.974779],"extended":false,"handId":55,"id":554,"length":46.8308,"mcpPosition":[-127.811,170.321,48.6471],"pipPosition":[-157.272,183.769,53.7436],"stabilizedTipPosition":[-148.009,187.765,79.8769],"timeVisible":16.7983,"tipPosition":[-150.872,185.486,75.068],"tipVelocity":[36.7287,-0.443183,3.45823],"tool":false,"touchDistance":0.333333,"touchZone":"none","type":4,"width":15.0499}],"r":[[0.961115,0.0286678,-0.274657],[-0.0975691,0.965701,-0.240629],[0.258338,0.25807,0.930946]],"s":1.3148,"t":[-219.385,72.5883,103.981],"timestamp":7395572725},{"currentFrameRate":111.457,"devices":[],"gestures":[],"hands":[{"armBasis":[[-0.312578,-0.92287,-0.224959],[0.600375,-0.00841933,-0.799674],[0.736101,-0.385021,0.5567]],"armWidth":59.3592,"confidence":1,"direction":[-0.427037,0.166505,-0.888772],"elbow":[100.247,86.4842,255.453],"grabAngle":2.37391,"grabStrength":0,"id":55,"palmNormal":[-0.890369,0.0940358,0.445421],"palmPosition":[-117.857,203.137,60.9989],"palmVelocity":[40.6472,0.221174,-1.47783],"palmWidth":83.5833,"pinchDistance":60.3343,"pinchStrength":1,"r":[[0.961142,0.0284625,-0.274585],[-0.097248,0.965818,-0.240288],[0.25836,0.257654,0.931056]],"s":1.31467,"sphereCenter":[-159.125,202.368,58.233],"sphereRadius":43.7933,"stabilizedPalmPosition":[-120.094,208.17,58.4648],"t":[-219.061,72.5719,103.981],"timeVisible":16.8064,"type":"right","wrist":[-82.3222,181.978,117.379]}],"id":70652,"interactionBox":{"center":[0,200,0],"size":[235.247,235.247,147.751]},"pointables":[{"bases":[[[-0.227202,-0.939656,-0.255786],[0.822,-0.0441996,-0.56777],[0.522203,-0.339255,0.782439]],[[-0.107718,-0.991054,-0.0787999],[0.900236,-0.0635994,-0.430731],[0.421866,-0.117336,0.899033]],[[-0.107718,-0.991054,-0.0787999],[0.874181,-0.0566685,-0.482283],[0.473503,-0.120836,0.872464]],[[-0.107718,-0.991054,-0.0787999],[0.833163,-0.0467425,-0.551049],[0.542436,-0.125011,0.830744]]],"btipPosition":[-158.278,238.71,-26.3324],"carpPosition":[-86.9794,206.421,95.0673],"dipPosition":[-149.685,236.73,-13.1727],"direction":[-0.473503,0.120836,-0.872464],"extended":true,"handId":55,"id":551,"length":54.5231,"mcpPosition":[-122.27,229.348,42.1894],"pipPosition":[-139.074,234.022,6.37873],"stabilizedTipPosition":[-157.689,240.737,-23.6726],"timeVisible":16.8064,"tipPosition":[-158.447,241.291,-20.6082],"tipVelocity":[43.2018,6.12358,-0.324868],"tool":false,"touchDistance":0.318653,"touchZone":"hovering","type":1,"width":18.1291},{"bases":[[[0.649567,-0.446589,-0.615322],[0.691792,0.682908,0.234651],[0.315415,-0.578096,0.752541]],[[0.555896,-0.296262,-0.776665],[0.505269,0.862342,0.0327013],[0.660063,-0.410603,0.629065]],[[0.555896,-0.296262,-0.776665],[0.211384,0.953999,-0.21261],[0.803926,-0.0459853,0.592949]],[[0.555896,-0.296262,-0.776665],[-0.124425,0.894149,-0.430134],[0.821887,0.335746,0.460192]]],"btipPosition":[-171.119,226.742,55.03],"carpPosition":[-97.6057,213.745,112.605],"dipPosition":[-153.286,234.027,65.0155],"direction":[-0.803926,0.0459853,-0.592949],"extended":false,"handId":55,"id":550,"length":48.3194,"mcpPosition":[-97.6057,213.745,112.605],"pipPosition":[-127.872,232.573,83.7595],"stabilizedTipPosition":[-168.086,230.81,55.8365],"timeVisible":16.8064,"tipPosition":[-163.349,237.088,56.3134],"tipVelocity":[39.9638,0.183965,7.77119],"tool":false,"touchDistance":0.333383,"touchZone":"hovering","type":0,"width":18.9794},{"bases":[[[-0.291341,-0.955456,-0.0471601],[0.78302,-0.209861,-0.585524],[0.549545,-0.207515,0.809282]],[[-0.321508,-0.94241,-0.0921772],[0.136261,0.0502868,-0.989396],[0.937052,-0.330658,0.112246]],[[-0.321508,-0.94241,-0.0921772],[-0.849294,0.330042,-0.412034],[0.418727,-0.0541864,-0.906494]],[[-0.321508,-0.94241,-0.0921772],[-0.92279,0.290001,0.253687],[-0.212346,0.166623,-0.962884]]],"btipPosition":[-172.954,222.623,74.6876],"carpPosition":[-88.5188,196.021,90.894],"dipPosition":[-176.654,225.526,57.9114],"direction":[-0.418727,0.0541864,0.906494],"extended":false,"handId":55,"id":552,"length":62.1247,"mcpPosition":[-123.738,209.32,39.0281],"pipPosition":[-165.614,224.097,34.0119],"stabilizedTipPosition":[-177.734,225.204,69.9211],"timeVisible":16.8064,"tipPosition":[-173.242,222.951,71.7832],"tipVelocity":[28.6262,12.787,-23.3822],"tool":false,"touchDistance":0.333333,"touchZone":"none","type":2,"width":17.8052},{"bases":[[[-0.265489,-0.957022,0.116721],[0.777323,-0.284096,-0.561301],[0.570337,-0.0582892,0.81934]],[[-0.299211,-0.951805,0.0673799],[-0.269749,0.0166415,-0.962787],[0.915264,-0.306252,-0.261728]],[[-0.299211,-0.951805,0.0673799],[-0.940077,0.306149,0.150093],[-0.163488,-0.0184329,-0.986373]],[[-0.299211,-0.951805,0.0673799],[-0.62587,0.249071,0.739087],[-0.72025,0.178972,-0.670231]]],"btipPosition":[-145.613,198.688,89.9106],"carpPosition":[-91.557,185.274,89.2703],"dipPosition":[-158.09,201.788,78.3003],"direction":[0.163488,0.0184329,0.986373],"extended":false,"handId":55,"id":553,"length":59.7345,"mcpPosition":[-124.375,188.628,42.1246],"pipPosition":[-162.289,201.315,52.9666],"stabilizedTipPosition":[-150.142,201.215,86.6705],"timeVisible":16.8064,"tipPosition":[-151.885,200.272,82.8],"tipVelocity":[41.9374,2.0883,-1.25882],"tool":false,"touchDistance":0.333333,"touchZone":"none","type":3,"width":16.9428},{"bases":[[[-0.322456,-0.897152,0.301894],[0.773881,-0.433515,-0.461707],[0.545097,0.0847497,0.834079]],[[-0.373765,-0.901142,0.219641],[-0.230566,-0.139102,-0.963063],[0.898409,-0.410601,-0.155782]],[[-0.373765,-0.901142,0.219641],[-0.919112,0.391661,0.0428447],[-0.124634,-0.185861,-0.97464]],[[-0.373765,-0.901142,0.219641],[-0.640026,0.421968,0.642113],[-0.671317,0.0994235,-0.734471]]],"btipPosition":[-143.973,185.575,83.1497],"carpPosition":[-98.4743,174.847,93.0585],"dipPosition":[-154.702,187.164,71.4121],"direction":[0.124634,0.185861,0.97464],"extended":false,"handId":55,"id":554,"length":46.8308,"mcpPosition":[-127.509,170.333,48.6312],"pipPosition":[-156.962,183.794,53.7382],"stabilizedTipPosition":[-147.989,187.741,79.8842],"timeVisible":16.8064,"tipPosition":[-150.545,185.51,75.069],"tipVelocity":[40.3805,3.538,-1.7188],"tool":false,"touchDistance":0.333333,"touchZone":"none","type":4,"width":15.0499}],"r":[[0.961142,0.0284625,-0.274585],[-0.097248,0.965818,-0.240288],[0.25836,0.257654,0.931056]],"s":1.31467,"t":[-219.061,72.5719,103.981],"timestamp":7395580877},{"currentFrameRate":111.496,"devices":[],"gestures":[],"hands":[{"armBasis":[[-0.312017,-0.922686,-0.226487],[0.601548,-0.00734209,-0.798803],[0.735381,-0.385483,0.557331]],"armWidth":59.3592,"confidence":1,"direction":[-0.425623,0.166234,-0.889501],"elbow":[100.394,86.3923,255.644],"grabAngle":2.37337,"grabStrength":0,"id":55,"palmNormal":[-0.8913,0.0927709,0.443821],"palmPosition":[-117.455,203.145,60.9794],"palmVelocity":[45.202,0.882258,-2.18829],"palmWidth":83.5833,"pinchDistance":60.3685,"pinchStrength":1,"r":[[0.961256,0.0285586,-0.274174],[-0.0971484,0.965901,-0.239993],[0.257971,0.25733,0.931253]],"s":1.31455,"sphereCenter":[-158.7,202.391,58.1274],"sphereRadius":43.7783,"stabilizedPalmPosition":[-120.06,208.106,58.4973],"t":[-218.697,72.5677,103.971],"timeVisible":16.8153,"type":"right","wrist":[-81.9968,182,117.413]}],"id":70653,"interactionBox":{"center":[0,200,0],"size":[235.247,235.247,147.751]},"pointables":[{"bases":[[[-0.225542,-0.939865,-0.256485],[0.823091,-0.0429842,-0.56628],[0.521202,-0.33883,0.78329]],[[-0.106214,-0.991189,-0.0791448],[0.901066,-0.0622866,-0.429186],[0.420474,-0.1169,0.899742]],[[-0.106214,-0.991189,-0.0791448],[0.875025,-0.0553667,-0.480901],[0.472282,-0.120332,0.873195]],[[-0.106214,-0.991189,-0.0791448],[0.833989,-0.0454595,-0.549905],[0.541461,-0.124413,0.831469]]],"btipPosition":[-157.776,238.68,-26.4081],"carpPosition":[-86.6435,206.457,95.1052],"dipPosition":[-149.199,236.709,-13.2369],"direction":[-0.472282,0.120332,-0.873195],"extended":true,"handId":55,"id":551,"length":54.5231,"mcpPosition":[-121.867,229.356,42.1698],"pipPosition":[-138.615,234.012,6.3309],"stabilizedTipPosition":[-157.651,240.685,-23.6665],"timeVisible":16.8153,"tipPosition":[-157.941,241.268,-20.6937],"tipVelocity":[55.9684,-3.14691,-8.20809],"tool":false,"touchDistance":0.317435,"touchZone":"hovering","type":1,"width":18.1291},{"bases":[[[0.651256,-0.445578,-0.614268],[0.690495,0.683713,0.236121],[0.314773,-0.577925,0.752942]],[[0.557481,-0.295017,-0.776003],[0.504112,0.862966,0.0340764],[0.659611,-0.410189,0.629809]],[[0.557481,-0.295017,-0.776003],[0.209437,0.954473,-0.212407],[0.803337,-0.0441109,0.593888]],[[0.557481,-0.295017,-0.776003],[-0.126787,0.893509,-0.430774],[0.820451,0.338536,0.46071]]],"btipPosition":[-170.754,226.621,54.9756],"carpPosition":[-97.3112,213.763,112.625],"dipPosition":[-152.952,233.966,64.9723],"direction":[-0.803337,0.0441109,-0.593888],"extended":false,"handId":55,"id":550,"length":48.3194,"mcpPosition":[-97.3112,213.763,112.625],"pipPosition":[-127.557,232.572,83.7461],"stabilizedTipPosition":[-168.065,230.775,55.8568],"timeVisible":16.8153,"tipPosition":[-162.999,236.996,56.2263],"tipVelocity":[40.1994,-12.0214,-5.81691],"tool":false,"touchDistance":0.333293,"touchZone":"hovering","type":0,"width":18.9794},{"bases":[[[-0.290042,-0.95581,-0.0479812],[0.784354,-0.208689,-0.584155],[0.548328,-0.207064,0.810223]],[[-0.32063,-0.94255,-0.0937889],[0.141421,0.0502708,-0.988672],[0.936588,-0.330261,0.117178]],[[-0.32063,-0.94255,-0.0937889],[-0.846537,0.329566,-0.418045],[0.424938,-0.054642,-0.903572]],[[-0.32063,-0.94255,-0.0937889],[-0.924286,0.289684,0.248554],[-0.207105,0.166381,-0.964067]]],"btipPosition":[-172.754,222.628,74.3825],"carpPosition":[-88.1621,196.057,90.926],"dipPosition":[-176.362,225.527,57.5856],"direction":[-0.424938,0.054642,0.903572],"extended":false,"handId":55,"id":552,"length":62.1247,"mcpPosition":[-123.304,209.328,38.9998],"pipPosition":[-165.159,224.087,33.7632],"stabilizedTipPosition":[-177.706,225.192,69.925],"timeVisible":16.8153,"tipPosition":[-172.895,222.892,71.6497],"tipVelocity":[24.8657,0.513947,-34.816],"tool":false,"touchDistance":0.333333,"touchZone":"none","type":2,"width":17.8052},{"bases":[[[-0.264487,-0.957394,0.115946],[0.778708,-0.282939,-0.559964],[0.568912,-0.057815,0.820364]],[[-0.298125,-0.952204,0.0665454],[-0.268115,0.0166273,-0.963243],[0.916098,-0.305009,-0.260257]],[[-0.298125,-0.952204,0.0665454],[-0.940659,0.30492,0.148946],[-0.162118,-0.0181918,-0.986604]],[[-0.298125,-0.952204,0.0665454],[-0.627092,0.247942,0.738431],[-0.719636,0.178415,-0.671038]]],"btipPosition":[-145.238,198.645,89.8338],"carpPosition":[-91.1837,185.307,89.2934],"dipPosition":[-157.705,201.736,78.2096],"direction":[0.162118,0.0181918,0.986604],"extended":false,"handId":55,"id":553,"length":59.7345,"mcpPosition":[-123.92,188.634,42.0889],"pipPosition":[-161.868,201.269,52.8699],"stabilizedTipPosition":[-150.11,201.186,86.6781],"timeVisible":16.8153,"tipPosition":[-151.515,200.229,82.7232],"tipVelocity":[42.3967,-5.0443,-8.98616],"tool":false,"touchDistance":0.333333,"touchZone":"none","type":3,"width":16.9428},{"bases":[[[-0.321869,-0.897652,0.301033],[0.775273,-0.432393,-0.460422],[0.543463,0.0851872,0.835099]],[[-0.37271,-0.901684,0.219211],[-0.228937,-0.13958,-0.963382],[0.899264,-0.409248,-0.154406]],[[-0.37271,-0.901684,0.219211],[-0.919749,0.390295,0.041616],[-0.123081,-0.186108,-0.97479]],[[-0.37271,-0.901684,0.219211],[-0.64136,0.421037,0.641394],[-0.67063,0.0984608,-0.735228]]],"btipPosition":[-143.574,185.55,83.0725],"carpPosition":[-98.0947,174.87,93.0658],"dipPosition":[-154.291,187.124,71.3228],"direction":[0.123081,0.186108,0.97479],"extended":false,"handId":55,"id":554,"length":46.8308,"mcpPosition":[-127.042,170.333,48.5842],"pipPosition":[-156.523,183.749,53.6461],"stabilizedTipPosition":[-147.959,187.714,79.8915],"timeVisible":16.8153,"tipPosition":[-150.142,185.472,74.9897],"tipVelocity":[45.1619,-3.21419,-8.99511],"tool":false,"touchDistance":0.333333,"touchZone":"none","type":4,"width":15.0499}],"r":[[0.961256,0.0285586,-0.274174],[-0.0971484,0.965901,-0.239993],[0.257971,0.25733,0.931253]],"s":1.31455,"t":[-218.697,72.5677,103.971],"timestamp":7395589778},{"currentFrameRate":111.688,"devices":[],"gestures":[],"hands":[{"armBasis":[[-0.311873,-0.922578,-0.227125],[0.602756,-0.00732973,-0.797892],[0.734452,-0.385742,0.558375]],"armWidth":59.3592,"confidence":1,"direction":[-0.426065,0.166924,-0.88916],"elbow":[100.569,86.3197,255.888],"grabAngle":2.37341,"grabStrength":0,"id":55,"palmNormal":[-0.891042,0.0926604,0.444362],"palmPosition":[-117.061,203.178,60.9841],"palmVelocity":[45.7602,3.84613,0.5462],"palmWidth":83.5833,"pinchDistance":60.381,"pinchStrength":1,"r":[[0.961319,0.0286316,-0.273944],[-0.0970536,0.966005,-0.239615],[0.257771,0.256934,0.931418]],"s":1.31444,"sphereCenter":[-158.277,202.493,58.1386],"sphereRadius":43.7587,"stabilizedPalmPosition":[-120.019,208.038,58.5316],"t":[-218.318,72.5821,103.968],"timeVisible":16.8239,"type":"right","wrist":[-81.5916,181.992,117.398]}],"id":70654,"interactionBox":{"center":[0,200,0],"size":[235.247,235.247,147.751]},"pointables":[{"bases":[[[-0.225879,-0.939644,-0.256998],[0.822778,-0.0427767,-0.56675],[0.52155,-0.339469,0.782781]],[[-0.10644,-0.991118,-0.0797172],[0.901066,-0.0622484,-0.429191],[0.420417,-0.117514,0.899689]],[[-0.10644,-0.991118,-0.0797172],[0.875117,-0.0553155,-0.48074],[0.47206,-0.120932,0.873232]],[[-0.10644,-0.991118,-0.0797172],[0.83381,-0.0452934,-0.55019],[0.541693,-0.125031,0.831225]]],"btipPosition":[-157.383,238.774,-26.3782],"carpPosition":[-86.2302,206.461,95.0956],"dipPosition":[-148.802,236.793,-13.2109],"direction":[-0.47206,0.120932,-0.873232],"extended":true,"handId":55,"id":551,"length":54.5231,"mcpPosition":[-121.477,229.403,42.1945],"pipPosition":[-138.223,234.083,6.35779],"stabilizedTipPosition":[-157.604,240.635,-23.6599],"timeVisible":16.8239,"tipPosition":[-157.576,241.357,-20.6493],"tipVelocity":[45.7471,10.698,3.36982],"tool":false,"touchDistance":0.317919,"touchZone":"hovering","type":1,"width":18.1291},{"bases":[[[0.650832,-0.445301,-0.614918],[0.690767,0.683407,0.236212],[0.315054,-0.5785,0.752383]],[[0.557025,-0.294645,-0.776471],[0.504436,0.86276,0.0344839],[0.659747,-0.410889,0.629209]],[[0.557025,-0.294645,-0.776471],[0.209382,0.954571,-0.212021],[0.803668,-0.0444781,0.593414]],[[0.557025,-0.294645,-0.776471],[-0.127824,0.893392,-0.430711],[0.8206,0.339168,0.459979]]],"btipPosition":[-170.35,226.645,55.035],"carpPosition":[-96.8869,213.757,112.627],"dipPosition":[-152.544,234.004,65.0159],"direction":[-0.803668,0.0444781,-0.593414],"extended":false,"handId":55,"id":550,"length":48.3194,"mcpPosition":[-96.8869,213.757,112.627],"pipPosition":[-127.139,232.598,83.7746],"stabilizedTipPosition":[-168.038,230.738,55.8788],"timeVisible":16.8239,"tipPosition":[-162.606,237.029,56.2798],"tipVelocity":[47.0083,3.14628,6.46999],"tool":false,"touchDistance":0.333373,"touchZone":"hovering","type":0,"width":18.9794},{"bases":[[[-0.290271,-0.955716,-0.0484705],[0.783997,-0.208461,-0.584716],[0.548719,-0.207727,0.809788]],[[-0.321467,-0.942129,-0.0951421],[0.141162,0.0516724,-0.988637],[0.93634,-0.331244,0.116382]],[[-0.321467,-0.942129,-0.0951421],[-0.846435,0.330942,-0.417162],[0.424507,-0.0535722,-0.903838]],[[-0.321467,-0.942129,-0.0951421],[-0.923876,0.290024,0.249679],[-0.207636,0.168163,-0.963643]]],"btipPosition":[-172.338,222.662,74.4297],"carpPosition":[-87.7533,196.064,90.9102],"dipPosition":[-175.956,225.592,57.6402],"direction":[-0.424507,0.0535722,0.903838],"extended":false,"handId":55,"id":552,"length":62.1247,"mcpPosition":[-122.92,209.377,39.0118],"pipPosition":[-164.764,224.18,33.8108],"stabilizedTipPosition":[-177.671,225.177,69.9301],"timeVisible":16.8239,"tipPosition":[-172.491,222.93,71.6967],"tipVelocity":[47.9748,4.76224,5.67829],"tool":false,"touchDistance":0.333333,"touchZone":"none","type":2,"width":17.8052},{"bases":[[[-0.264628,-0.957416,0.115442],[0.778347,-0.282726,-0.560573],[0.56934,-0.0584894,0.820019]],[[-0.298292,-0.952186,0.0660627],[-0.268113,0.0171627,-0.963235],[0.916044,-0.305037,-0.260413]],[[-0.298292,-0.952186,0.0660627],[-0.940521,0.305018,0.149616],[-0.162613,-0.0175041,-0.986535]],[[-0.298292,-0.952186,0.0660627],[-0.626689,0.247588,0.738892],[-0.719919,0.179005,-0.670578]]],"btipPosition":[-144.838,198.666,89.8289],"carpPosition":[-90.778,185.316,89.272],"dipPosition":[-157.309,201.767,78.2127],"direction":[0.162613,0.0175041,0.986535],"extended":false,"handId":55,"id":553,"length":59.7345,"mcpPosition":[-123.538,188.681,42.0873],"pipPosition":[-161.485,201.317,52.8747],"stabilizedTipPosition":[-150.071,201.156,86.6859],"timeVisible":16.8239,"tipPosition":[-151.104,200.253,82.7509],"tipVelocity":[46.3944,2.65883,-0.357148],"tool":false,"touchDistance":0.333333,"touchZone":"none","type":3,"width":16.9428},{"bases":[[[-0.321898,-0.897787,0.3006],[0.774934,-0.432247,-0.46113],[0.543929,0.0845082,0.834865]],[[-0.372754,-0.901753,0.218854],[-0.229144,-0.139096,-0.963403],[0.899193,-0.409261,-0.154783]],[[-0.372754,-0.901753,0.218854],[-0.919665,0.390421,0.0422889],[-0.123579,-0.185509,-0.974841]],[[-0.372754,-0.901753,0.218854],[-0.640884,0.420746,0.642059],[-0.671061,0.0990701,-0.734754]]],"btipPosition":[-143.175,185.574,83.0659],"carpPosition":[-97.6892,174.878,93.0411],"dipPosition":[-153.899,187.157,71.3238],"direction":[0.123579,0.185509,0.974841],"extended":false,"handId":55,"id":554,"length":46.8308,"mcpPosition":[-126.662,170.376,48.5719],"pipPosition":[-156.14,183.793,53.6461],"stabilizedTipPosition":[-147.922,187.686,79.899],"timeVisible":16.8239,"tipPosition":[-149.74,185.503,75.0049],"tipVelocity":[46.111,2.97224,-0.563053],"tool":false,"touchDistance":0.333333,"touchZone":"none","type":4,"width":15.0499}],"r":[[0.961319,0.0286316,-0.273944],[-0.0970536,0.966005,-0.239615],[0.257771,0.256934,0.931418]],"s":1.31444,"t":[-218.318,72.5821,103.968],"timestamp":7395598395},{"currentFrameRate":111.902,"devices":[],"gestures":[],"hands":[{"armBasis":[[-0.312531,-0.922494,-0.226558],[0.60359,-0.00869178,-0.797247],[0.733487,-0.385913,0.559525]],"armWidth":59.3592,"confidence":1,"direction":[-0.425279,0.165934,-0.889721],"elbow":[100.768,86.2657,256.196],"grabAngle":2.37496,"grabStrength":0,"id":55,"palmNormal":[-0.891358,0.093632,0.443524],"palmPosition":[-116.564,203.113,60.9507],"palmVelocity":[58.0201,-7.57349,-3.90367],"palmWidth":83.5833,"pinchDistance":60.3269,"pinchStrength":1,"r":[[0.961416,0.0285346,-0.273614],[-0.0968558,0.966032,-0.239584],[0.257483,0.256841,0.931523]],"s":1.31441,"sphereCenter":[-157.829,202.268,58.0998],"sphereRadius":43.8003,"stabilizedPalmPosition":[-119.964,207.959,58.5701],"t":[-217.881,72.5569,103.95],"timeVisible":16.8325,"type":"right","wrist":[-81.1529,181.98,117.422]}],"id":70655,"interactionBox":{"center":[0,200,0],"size":[235.247,235.247,147.751]},"pointables":[{"bases":[[[-0.22608,-0.939885,-0.255938],[0.823214,-0.0438804,-0.566033],[0.520775,-0.338661,0.783647]],[[-0.106548,-0.991234,-0.0781164],[0.901477,-0.0631554,-0.428196],[0.419509,-0.116044,0.900304]],[[-0.106548,-0.991234,-0.0781164],[0.875719,-0.0563418,-0.479522],[0.470918,-0.1195,0.874046]],[[-0.106548,-0.991234,-0.0781164],[0.8343,-0.0463863,-0.549356],[0.540916,-0.123705,0.831929]]],"btipPosition":[-156.786,238.575,-26.5036],"carpPosition":[-85.7594,206.428,95.0826],"dipPosition":[-148.217,236.615,-13.3252],"direction":[-0.470918,0.1195,-0.874046],"extended":true,"handId":55,"id":551,"length":54.5231,"mcpPosition":[-120.954,229.315,42.123],"pipPosition":[-137.664,233.937,6.26174],"stabilizedTipPosition":[-157.537,240.575,-23.6554],"timeVisible":16.8325,"tipPosition":[-156.992,241.193,-20.7727],"tipVelocity":[69.4315,-22.7268,-14.3514],"tool":false,"touchDistance":0.315872,"touchZone":"hovering","type":1,"width":18.1291},{"bases":[[[0.651132,-0.446394,-0.613807],[0.690873,0.68342,0.235864],[0.3142,-0.577642,0.753398]],[[0.557891,-0.296448,-0.775163],[0.504975,0.86248,0.0335934],[0.658604,-0.410179,0.630868]],[[0.557891,-0.296448,-0.775163],[0.21147,0.953974,-0.212634],[0.80252,-0.0452972,0.594903]],[[0.557891,-0.296448,-0.775163],[-0.125494,0.893153,-0.43189],[0.820371,0.338226,0.461079]]],"btipPosition":[-169.797,226.653,54.8567],"carpPosition":[-96.427,213.752,112.595],"dipPosition":[-151.996,233.992,64.8615],"direction":[-0.80252,0.0452972,-0.594903],"extended":false,"handId":55,"id":550,"length":48.3194,"mcpPosition":[-96.427,213.752,112.595],"pipPosition":[-126.627,232.56,83.6673],"stabilizedTipPosition":[-167.999,230.698,55.9003],"timeVisible":16.8325,"tipPosition":[-162.113,236.924,56.1714],"tipVelocity":[64.5251,0.435848,-20.1839],"tool":false,"touchDistance":0.333191,"touchZone":"hovering","type":0,"width":18.9794},{"bases":[[[-0.290646,-0.955654,-0.0474418],[0.784375,-0.209572,-0.583811],[0.547979,-0.206894,0.810502]],[[-0.322149,-0.941941,-0.0946902],[0.135608,0.0530764,-0.98934],[0.936926,-0.331556,0.110636]],[[-0.322149,-0.941941,-0.0946902],[-0.849501,0.331771,-0.410215],[0.417814,-0.051711,-0.90706]],[[-0.322149,-0.941941,-0.0946902],[-0.922562,0.289927,0.254602],[-0.212367,0.169377,-0.962399]]],"btipPosition":[-171.589,222.515,74.7034],"carpPosition":[-87.2836,196.026,90.9096],"dipPosition":[-175.289,225.466,57.9356],"direction":[-0.417814,0.051711,0.90706],"extended":false,"handId":55,"id":552,"length":62.1247,"mcpPosition":[-122.403,209.285,38.9655],"pipPosition":[-164.273,224.102,34.0213],"stabilizedTipPosition":[-177.617,225.157,69.9395],"timeVisible":16.8325,"tipPosition":[-172.008,222.912,71.5704],"tipVelocity":[85.3588,-16.6769,32.5593],"tool":false,"touchDistance":0.333333,"touchZone":"none","type":2,"width":17.8052},{"bases":[[[-0.265135,-0.957148,0.116493],[0.778674,-0.283802,-0.559574],[0.568656,-0.0576524,0.820552]],[[-0.298757,-0.951969,0.0670802],[-0.267021,0.0159026,-0.963559],[0.916212,-0.305782,-0.258947]],[[-0.298757,-0.951969,0.0670802],[-0.940518,0.30562,0.148397],[-0.161771,-0.0187554,-0.98665]],[[-0.298757,-0.951969,0.0670802],[-0.627245,0.248851,0.737995],[-0.719242,0.178406,-0.671463]]],"btipPosition":[-144.372,198.652,89.7671],"carpPosition":[-90.3117,185.277,89.2832],"dipPosition":[-156.832,201.743,78.1354],"direction":[0.161771,0.0187554,0.98665],"extended":false,"handId":55,"id":553,"length":59.7345,"mcpPosition":[-123.033,188.594,42.0678],"pipPosition":[-160.986,201.261,52.7945],"stabilizedTipPosition":[-150.02,201.124,86.6931],"timeVisible":16.8325,"tipPosition":[-150.623,200.231,82.6981],"tipVelocity":[54.6679,-1.86925,-7.63959],"tool":false,"touchDistance":0.333333,"touchZone":"none","type":3,"width":16.9428},{"bases":[[[-0.322528,-0.89725,0.301526],[0.775116,-0.43319,-0.459936],[0.543296,0.0853757,0.835189]],[[-0.373653,-0.901301,0.219181],[-0.228225,-0.1397,-0.963534],[0.899053,-0.41005,-0.1535]],[[-0.373653,-0.901301,0.219181],[-0.919419,0.391136,0.0410055],[-0.122688,-0.186197,-0.974822]],[[-0.373653,-0.901301,0.219181],[-0.641165,0.421722,0.641138],[-0.670292,0.0990322,-0.73546]]],"btipPosition":[-142.706,185.536,83.037],"carpPosition":[-97.2305,174.847,93.0605],"dipPosition":[-153.418,187.118,71.2836],"direction":[0.122688,0.186197,0.974822],"extended":false,"handId":55,"id":554,"length":46.8308,"mcpPosition":[-126.169,170.299,48.5741],"pipPosition":[-155.643,183.742,53.6063],"stabilizedTipPosition":[-147.874,187.654,79.