{"frames":124,"data":[{"currentFrameRate":115.079,"devices":[],"gestures":[],"hands":[{"armBasis":[[0.199893,-0.837278,-0.508929],[0.901155,0.361012,-0.23998],[0.384659,-0.410654,0.826681]],"armWidth":59.5212,"confidence":1,"direction":[0.166515,0.23735,-0.957046],"elbow":[303.41,14.0342,329.767],"grabAngle":3.14159,"grabStrength":0.727039,"id":48,"palmNormal":[-0.930587,-0.283073,-0.232114],"palmPosition":[202.391,147.199,43.0375],"palmVelocity":[2.05952,2.87736,2.29253],"palmWidth":88.5196,"pinchDistance":20.3301,"pinchStrength":1,"r":[[0.986723,0.157791,0.0384684],[-0.127777,0.900417,-0.415839],[-0.100253,0.405402,0.908624]],"s":1.30144,"sphereCenter":[168.554,124.975,18.0625],"sphereRadius":39.9184,"stabilizedPalmPosition":[203.556,147.004,43.3911],"t":[17.6154,-32.2892,22.6802],"timeVisible":8.49658,"type":"right","wrist":[202.372,121.9,112.623]}],"id":60871,"interactionBox":{"center":[0,200,0],"size":[235.247,235.247,147.751]},"pointables":[{"bases":[[[0.349337,-0.876222,-0.331962],[0.936522,0.337795,0.0939204],[0.0298401,-0.3437,0.938605]],[[0.340465,-0.94016,-0.0135342],[0.777209,0.289497,-0.558692],[0.529178,0.179696,0.829265]],[[0.340465,-0.94016,-0.0135342],[0.128228,0.0606858,-0.989886],[0.931473,0.335286,0.141216]],[[0.340465,-0.94016,-0.0135342],[-0.530099,-0.180039,-0.828602],[0.776582,0.289284,-0.559675]]],"btipPosition":[142.103,155.491,-4.91681],"carpPosition":[202.592,151.601,91.6571],"dipPosition":[155.334,160.42,-14.4525],"direction":[-0.931473,-0.335286,-0.141216],"extended":false,"handId":48,"id":481,"length":58.6436,"mcpPosition":[200.457,176.2,24.4791],"pipPosition":[177.785,168.501,-11.0488],"stabilizedTipPosition":[157.428,161.382,-9.71482],"timeVisible":8.49658,"tipPosition":[149.506,157.593,-7.78582],"tipVelocity":[-253.481,-172.29,214.03],"tool":false,"touchDistance":0.295763,"touchZone":"hovering","type":1,"width":17.7392},{"bases":[[[0.996019,-0.0744309,-0.0490534],[0.0888184,0.781832,0.61713],[-0.007582,-0.61903,0.785331]],[[0.952469,0.114595,-0.282259],[-0.0172578,0.94536,0.325571],[0.304145,-0.305226,0.902404]],[[0.952469,0.114595,-0.282259],[-0.156776,0.978822,-0.131641],[0.261196,0.169635,0.950263]],[[0.952469,0.114595,-0.282259],[-0.269067,0.75093,-0.603082],[0.142847,0.650363,0.746071]]],"btipPosition":[153.614,144.913,5.02331],"carpPosition":[180.599,151.037,98.5678],"dipPosition":[156.948,160.091,22.4354],"direction":[-0.261196,-0.169635,-0.950263],"extended":false,"handId":48,"id":480,"length":51.9712,"mcpPosition":[180.599,151.037,98.5678],"pipPosition":[165.829,165.859,54.7449],"stabilizedTipPosition":[155.183,149.227,9.78267],"timeVisible":8.49658,"tipPosition":[154.811,148.882,8.27377],"tipVelocity":[-22.9554,-83.3734,19.6127],"tool":false,"touchDistance":0.305422,"touchZone":"hovering","type":0,"width":18.5712},{"bases":[[[0.18535,-0.959263,-0.213216],[0.982527,0.177169,0.0570302],[-0.0169318,-0.220061,0.975339]],[[0.184001,-0.970732,-0.154347],[0.510558,0.228572,-0.828906],[0.839925,0.0737162,0.537672]],[[0.184001,-0.970732,-0.154347],[-0.839518,-0.0735342,-0.538332],[0.511227,0.228631,-0.828478]],[[0.184001,-0.970732,-0.154347],[-0.96263,-0.209711,0.171359],[-0.198712,0.117049,-0.973043]]],"btipPosition":[158.27,144.69,37.025],"carpPosition":[208.266,141.974,87.341],"dipPosition":[154.546,146.884,18.7905],"direction":[-0.511227,-0.228631,0.828478],"extended":false,"handId":48,"id":482,"length":66.8197,"mcpPosition":[209.415,156.91,21.141],"pipPosition":[169.043,153.367,-4.70279],"stabilizedTipPosition":[161.419,147.29,38.8122],"timeVisible":8.49658,"tipPosition":[157.608,144.887,35.0149],"tipVelocity":[-33.4597,-46.1862,-173.545],"tool":false,"touchDistance":0.333333,"touchZone":"none","type":2,"width":17.4223},{"bases":[[[0.10624,-0.991799,-0.0710511],[0.992218,0.101075,0.0727138],[-0.0649359,-0.0782233,0.994819]],[[0.109942,-0.985324,-0.130577],[0.170042,0.148082,-0.974247],[0.979285,0.0849075,0.183827]],[[0.109942,-0.985324,-0.130577],[-0.938664,-0.0597288,-0.339622],[0.326838,0.159906,-0.931454]],[[0.109942,-0.985324,-0.130577],[-0.915508,-0.151539,0.372668],[-0.386986,0.0785718,-0.918732]]],"btipPosition":[169.851,125.999,58.1118],"carpPosition":[211.344,130.896,84.0767],"dipPosition":[162.641,127.463,40.994],"direction":[-0.326838,-0.159906,0.931454],"extended":false,"handId":48,"id":483,"length":64.249,"mcpPosition":[215.302,135.663,23.4532],"pipPosition":[171.669,131.88,15.2628],"stabilizedTipPosition":[168.458,129.073,54.9979],"timeVisible":8.49658,"tipPosition":[167.697,128.2,53.5108],"tipVelocity":[20.2137,-32.3916,-5.79827],"tool":false,"touchDistance":0.333333,"touchZone":"none","type":3,"width":16.5784},{"bases":[[[-0.0674033,-0.997162,0.0335347],[0.987002,-0.0617265,0.14838],[-0.145889,0.0431001,0.988362]],[[-0.0487625,-0.994795,-0.0894762],[0.25906,0.0739205,-0.963028],[0.96463,-0.0701394,0.254107]],[[-0.0487625,-0.994795,-0.0894762],[-0.892139,0.0836611,-0.443946],[0.449121,0.0581773,-0.891575]],[[-0.0487625,-0.994795,-0.0894762],[-0.968712,0.0252769,0.246898],[-0.243351,0.098716,-0.964902]]],"btipPosition":[177.607,114.765,51.8193],"carpPosition":[207.968,117.554,82.5586],"dipPosition":[173.424,116.462,35.2338],"direction":[-0.449121,-0.0581773,0.891575],"extended":false,"handId":48,"id":484,"length":50.37,"mcpPosition":[216.198,115.123,26.8042],"pipPosition":[182.184,117.596,17.8443],"stabilizedTipPosition":[176.44,116.224,48.6283],"timeVisible":8.49658,"tipPosition":[176.008,116.369,44.8122],"tipVelocity":[47.6613,-28.9546,-0.649676],"tool":false,"touchDistance":0.333333,"touchZone":"none","type":4,"width":14.7262}],"r":[[0.986723,0.157791,0.0384684],[-0.127777,0.900417,-0.415839],[-0.100253,0.405402,0.908624]],"s":1.30144,"t":[17.6154,-32.2892,22.6802],"timestamp":7309216102},{"currentFrameRate":115.183,"devices":[],"gestures":[],"hands":[{"armBasis":[[0.207063,-0.833302,-0.512575],[0.899656,0.368032,-0.234886],[0.384375,-0.412505,0.825891]],"armWidth":59.5212,"confidence":1,"direction":[0.163046,0.233403,-0.958613],"elbow":[303.565,13.873,329.701],"grabAngle":3.14159,"grabStrength":0.697408,"id":48,"palmNormal":[-0.927949,-0.293777,-0.229359],"palmPosition":[202.347,147.23,43.0664],"palmVelocity":[-5.23045,3.63977,3.39599],"palmWidth":88.5196,"pinchDistance":19.5324,"pinchStrength":1,"r":[[0.985622,0.164437,0.0388538],[-0.133312,0.898093,-0.419115],[-0.103812,0.407909,0.907102]],"s":1.29159,"sphereCenter":[168.487,125.108,18.3333],"sphereRadius":39.5357,"stabilizedPalmPosition":[203.55,147.005,43.3895],"t":[17.5949,-32.2757,22.6932],"timeVisible":8.50508,"type":"right","wrist":[202.601,122.225,112.765]}],"id":60872,"interactionBox":{"center":[0,200,0],"size":[235.247,235.247,147.751]},"pointables":[{"bases":[[[0.996662,-0.0646911,-0.0497907],[0.0816323,0.786288,0.612444],[-0.000469816,-0.614464,0.788945]],[[0.950126,0.124183,-0.286074],[-0.026374,0.94601,0.323061],[0.310748,-0.299404,0.902105]],[[0.950126,0.124183,-0.286074],[-0.16904,0.975931,-0.137781],[0.262079,0.179268,0.94825]],[[0.950126,0.124183,-0.286074],[-0.280548,0.740979,-0.610118],[0.136209,0.659946,0.738863]]],"btipPosition":[153.399,144.216,5.30567],"carpPosition":[180.579,151.173,98.5989],"dipPosition":[156.578,159.618,22.5495],"direction":[-0.262079,-0.179268,-0.94825],"extended":false,"handId":48,"id":480,"length":51.9712,"mcpPosition":[180.579,151.173,98.5989],"pipPosition":[165.488,165.713,54.7906],"stabilizedTipPosition":[155.174,149.215,9.77826],"timeVisible":8.50508,"tipPosition":[154.705,148.223,8.36333],"tipVelocity":[-29.542,-75.9343,28.6537],"tool":false,"touchDistance":0.309483,"touchZone":"hovering","type":0,"width":18.5712},{"bases":[[[0.35777,-0.874592,-0.327246],[0.933178,0.347746,0.0908407],[0.0343497,-0.337878,0.940563]],[[0.350581,-0.93638,-0.0168674],[0.745957,0.290085,-0.599499],[0.566252,0.197591,0.800198]],[[0.350581,-0.93638,-0.0168674],[0.0963434,0.0539742,-0.993884],[0.931564,0.346812,0.109136]],[[0.350581,-0.93638,-0.0168674],[-0.537747,-0.186522,-0.822215],[0.76676,0.297323,-0.568927]]],"btipPosition":[140.322,154.211,-2.87869],"carpPosition":[202.558,151.918,91.6592],"dipPosition":[153.386,159.276,-12.5721],"direction":[-0.931564,-0.346812,-0.109136],"extended":false,"handId":48,"id":481,"length":58.6436,"mcpPosition":[200.1,176.101,24.3411],"pipPosition":[175.84,167.636,-9.94155],"stabilizedTipPosition":[157.257,161.309,-9.65917],"timeVisible":8.50508,"tipPosition":[148.437,156.588,-7.37088],"tipVelocity":[-213.881,-146.887,235.402],"tool":false,"touchDistance":0.329165,"touchZone":"hovering","type":1,"width":17.7392},{"bases":[[[0.19476,-0.958581,-0.207823],[0.980756,0.187377,0.054836],[-0.0136237,-0.214503,0.976628]],[[0.193593,-0.969719,-0.148886],[0.535812,0.23163,-0.811944],[0.821844,0.0774114,0.564429]],[[0.193593,-0.969719,-0.148886],[-0.821417,-0.0772269,-0.565076],[0.536466,0.231692,-0.811494]],[[0.193593,-0.969719,-0.148886],[-0.96559,-0.215191,0.146045],[-0.173661,0.11549,-0.97801]]],"btipPosition":[157.787,144.428,35.3146],"carpPosition":[208.323,142.324,87.3927],"dipPosition":[154.533,146.592,16.987],"direction":[-0.536466,-0.231692,0.811494],"extended":false,"handId":48,"id":482,"length":66.8197,"mcpPosition":[209.248,156.883,21.1052],"pipPosition":[169.745,153.162,-6.02465],"stabilizedTipPosition":[161.415,147.288,38.8052],"timeVisible":8.50508,"tipPosition":[157.521,144.476,34.6698],"tipVelocity":[-44.1222,-31.6576,-203.646],"tool":false,"touchDistance":0.333333,"touchZone":"none","type":2,"width":17.4223},{"bases":[[[0.116141,-0.991079,-0.065377],[0.991231,0.111478,0.0709528],[-0.0630316,-0.0730442,0.995335]],[[0.119712,-0.984915,-0.124944],[0.172816,0.1446,-0.974282],[0.977652,0.0950406,0.18752]],[[0.119712,-0.984915,-0.124944],[-0.937847,-0.0708934,-0.339731],[0.325749,0.157848,-0.932187]],[[0.119712,-0.984915,-0.124944],[-0.916126,-0.158086,0.368406],[-0.3826,0.0703616,-0.921231]]],"btipPosition":[169.921,125.804,58.0955],"carpPosition":[211.51,131.259,84.1897],"dipPosition":[162.793,127.115,40.9312],"direction":[-0.325749,-0.157848,0.932187],"extended":false,"handId":48,"id":483,"length":64.249,"mcpPosition":[215.351,135.71,23.5346],"pipPosition":[171.791,131.475,15.1797],"stabilizedTipPosition":[168.456,129.033,54.9864],"timeVisible":8.50508,"tipPosition":[167.864,127.916,53.6985],"tipVelocity":[10.4665,-27.0346,-3.17376],"tool":false,"touchDistance":0.333333,"touchZone":"none","type":3,"width":16.5784},{"bases":[[[-0.0573221,-0.997576,0.0394429],[0.987739,-0.0509219,0.147575],[-0.145209,0.0474186,0.988264]],[[-0.0387092,-0.995673,-0.0844786],[0.264412,0.0713223,-0.961769],[0.963633,-0.0595664,0.260507]],[[-0.0387092,-0.995673,-0.0844786],[-0.893089,0.0723939,-0.444017],[0.448212,0.0582594,-0.892027]],[[-0.0387092,-0.995673,-0.0844786],[-0.969429,0.0169196,0.244789],[-0.2423,0.0913716,-0.965889]]],"btipPosition":[177.902,114.594,51.8198],"carpPosition":[208.266,117.875,82.7535],"dipPosition":[173.737,116.164,35.2174],"direction":[-0.448212,-0.0582594,0.892027],"extended":false,"handId":48,"id":484,"length":50.37,"mcpPosition":[216.457,115.2,27.0047],"pipPosition":[182.479,117.3,17.819],"stabilizedTipPosition":[176.444,116.216,48.624],"timeVisible":8.50508,"tipPosition":[176.288,116.127,45.1007],"tipVelocity":[35.1114,-23.5472,-0.396662],"tool":false,"touchDistance":0.333333,"touchZone":"none","type":4,"width":14.7262}],"r":[[0.985622,0.164437,0.0388538],[-0.133312,0.898093,-0.419115],[-0.103812,0.407909,0.907102]],"s":1.29159,"t":[17.5949,-32.2757,22.6932],"timestamp":7309224606},{"currentFrameRate":115.173,"devices":[],"gestures":[],"hands":[{"armBasis":[[0.20842,-0.831204,-0.515422],[0.899247,0.370093,-0.23321],[0.384599,-0.414886,0.824593]],"armWidth":59.5212,"confidence":1,"direction":[0.159712,0.227304,-0.960638],"elbow":[303.731,13.6089,329.582],"grabAngle":3.14159,"grabStrength":0.707359,"id":48,"palmNormal":[-0.927097,-0.299734,-0.225058],"palmPosition":[202.214,147.203,43.147],"palmVelocity":[-15.2501,-3.12985,9.26218],"palmWidth":88.5196,"pinchDistance":18.7599,"pinchStrength":1,"r":[[0.984569,0.170723,0.0384409],[-0.138759,0.895466,-0.42295],[-0.10663,0.411089,0.905337]],"s":1.28079,"sphereCenter":[168.31,125.176,18.6868],"sphereRadius":39.2398,"stabilizedPalmPosition":[203.543,147.006,43.3882],"t":[17.5183,-32.2825,22.7399],"timeVisible":8.51379,"type":"right","wrist":[202.708,122.587,112.987]}],"id":60873,"interactionBox":{"center":[0,200,0],"size":[235.247,235.247,147.751]},"pointables":[{"bases":[[[0.996835,-0.0603958,-0.0516883],[0.0793806,0.791017,0.606622],[0.0042489,-0.608805,0.793308]],[[0.94805,0.128152,-0.291166],[-0.0302031,0.947395,0.318639],[0.316683,-0.293292,0.902049]],[[0.94805,0.128152,-0.291166],[-0.175989,0.973736,-0.144453],[0.265006,0.188191,0.945704]],[[0.94805,0.128152,-0.291166],[-0.288395,0.732544,-0.61661],[0.134271,0.668548,0.731447]]],"btipPosition":[153.035,143.683,5.67047],"carpPosition":[180.558,151.441,98.7013],"dipPosition":[156.169,159.286,22.7413],"direction":[-0.265006,-0.188191,-0.945704],"extended":false,"handId":48,"id":480,"length":51.9712,"mcpPosition":[180.558,151.441,98.7013],"pipPosition":[165.179,165.684,54.8957],"stabilizedTipPosition":[155.159,149.195,9.7764],"timeVisible":8.51379,"tipPosition":[154.477,147.719,8.565],"tipVelocity":[-43.0022,-55.9538,37.3548],"tool":false,"touchDistance":0.314899,"touchZone":"hovering","type":0,"width":18.5712},{"bases":[[[0.361095,-0.87523,-0.321842],[0.931749,0.352735,0.0861464],[0.0381272,-0.330984,0.942866]],[[0.355328,-0.934598,-0.0163788],[0.72457,0.286462,-0.626847],[0.590542,0.210869,0.77897]],[[0.355328,-0.934598,-0.0163788],[0.0584258,0.0396943,-0.997502],[0.932914,0.353483,0.0687091]],[[0.355328,-0.934598,-0.0163788],[-0.547683,-0.193962,-0.813893],[0.757486,0.298169,-0.580783]]],"btipPosition":[139.096,153.294,-0.912412],"carpPosition":[202.517,152.239,91.7044],"dipPosition":[152.002,158.374,-10.8078],"direction":[-0.932914,-0.353483,-0.0687091],"extended":false,"handId":48,"id":481,"length":58.6436,"mcpPosition":[199.788,175.928,24.2215],"pipPosition":[174.488,166.894,-9.15169],"stabilizedTipPosition":[157.053,161.217,-9.57195],"timeVisible":8.51379,"tipPosition":[147.425,155.773,-6.75071],"tipVelocity":[-145.179,-104.984,220.669],"tool":false,"touchDistance":0.358379,"touchZone":"hovering","type":1,"width":17.7392},{"bases":[[[0.198759,-0.959123,-0.201437],[0.979994,0.192337,0.0511744],[-0.0103388,-0.207579,0.978164]],[[0.197782,-0.969845,-0.14242],[0.551436,0.230202,-0.801827],[0.810433,0.080051,0.580337]],[[0.197782,-0.969845,-0.14242],[-0.809993,-0.0798677,-0.580975],[0.552081,0.230266,-0.801364]],[[0.197782,-0.969845,-0.14242],[-0.967121,-0.216759,0.133012],[-0.159872,0.11143,-0.980828]]],"btipPosition":[157.405,144.265,34.3115],"carpPosition":[208.317,142.641,87.4929],"dipPosition":[154.409,146.353,15.9311],"direction":[-0.552081,-0.230266,0.801364],"extended":false,"handId":48,"id":482,"length":66.8197,"mcpPosition":[209.019,156.73,21.1012],"pipPosition":[170.064,152.883,-6.79329],"stabilizedTipPosition":[161.412,147.286,38.7985],"timeVisible":8.51379,"tipPosition":[157.331,144.222,34.5124],"tipVelocity":[-37.0692,-20.7137,-116.693],"tool":false,"touchDistance":0.333333,"touchZone":"none","type":2,"width":17.4223},{"bases":[[[0.120626,-0.990968,-0.0585778],[0.990861,0.116605,0.0678075],[-0.0603646,-0.0662218,0.995977]],[[0.124029,-0.985214,-0.118195],[0.175101,0.138976,-0.974692],[0.976707,0.100194,0.189749]],[[0.124029,-0.985214,-0.118195],[-0.937784,-0.0774518,-0.33847],[0.324311,0.152822,-0.933524]],[[0.124029,-0.985214,-0.118195],[-0.916954,-0.159321,0.365804],[-0.379227,0.0630092,-0.923156]]],"btipPosition":[169.816,125.744,58.2015],"carpPosition":[211.548,131.569,84.3613],"dipPosition":[162.75,126.918,41.0013],"direction":[-0.324311,-0.152822,0.933524],"extended":false,"handId":48,"id":483,"length":64.249,"mcpPosition":[215.226,135.604,23.6672],"pipPosition":[171.709,131.14,15.2129],"stabilizedTipPosition":[168.452,128.996,54.9772],"timeVisible":8.51379,"tipPosition":[167.852,127.777,54.002],"tipVelocity":[-10.4743,-10.4628,11.239],"tool":false,"touchDistance":0.333333,"touchZone":"none","type":3,"width":16.5784},{"bases":[[[-0.0525593,-0.997525,0.0466963],[0.988309,-0.0452581,0.145595],[-0.143121,0.0538028,0.988242]],[[-0.034136,-0.996369,-0.078003],[0.267746,0.0660783,-0.961221],[0.962885,-0.0536972,0.264518]],[[-0.034136,-0.996369,-0.078003],[-0.894221,0.0653048,-0.442836],[0.446322,0.0546353,-0.893203]],[[-0.034136,-0.996369,-0.078003],[-0.96942,0.0140317,0.245007],[-0.243023,0.0839812,-0.966378]]],"btipPosition":[177.957,114.509,51.9859],"carpPosition":[208.363,118.16,83.0284],"dipPosition":[173.78,115.953,35.375],"direction":[-0.446322,-0.0546353,0.893203],"extended":false,"handId":48,"id":484,"length":50.37,"mcpPosition":[216.437,115.125,27.2808],"pipPosition":[182.485,117.018,17.9537],"stabilizedTipPosition":[176.447,116.208,48.6214],"timeVisible":8.51379,"tipPosition":[176.316,115.979,45.5017],"tipVelocity":[6.01921,-13.0455,18.8697],"tool":false,"touchDistance":0.333333,"touchZone":"none","type":4,"width":14.7262}],"r":[[0.984569,0.170723,0.0384409],[-0.138759,0.895466,-0.42295],[-0.10663,0.411089,0.905337]],"s":1.28079,"t":[17.5183,-32.2825,22.7399],"timestamp":7309233306},{"currentFrameRate":115.197,"devices":[],"gestures":[],"hands":[{"armBasis":[[0.208979,-0.829512,-0.517916],[0.898986,0.371409,-0.23212],[0.384905,-0.417091,0.823337]],"armWidth":59.5212,"confidence":1,"direction":[0.15707,0.222369,-0.962227],"elbow":[303.84,13.3342,329.382],"grabAngle":3.14159,"grabStrength":0.742165,"id":48,"palmNormal":[-0.926539,-0.304068,-0.221514],"palmPosition":[202.053,147.199,43.1675],"palmVelocity":[-18.6343,-0.424179,2.36836],"palmWidth":88.5196,"pinchDistance":17.8597,"pinchStrength":1,"r":[[0.983597,0.176438,0.0375045],[-0.143861,0.892749,-0.426971],[-0.108816,0.414572,0.903487]],"s":1.26928,"sphereCenter":[168.131,125.335,18.9198],"sphereRadius":38.9486,"stabilizedPalmPosition":[203.535,147.007,43.387],"t":[17.3996,-32.2878,22.7735],"timeVisible":8.52242,"type":"right","wrist":[202.737,122.891,113.116]}],"id":60874,"interactionBox":{"center":[0,200,0],"size":[235.247,235.247,147.751]},"pointables":[{"bases":[[[0.996926,-0.0573958,-0.0533225],[0.0779508,0.794709,0.601965],[0.00782558,-0.604271,0.79674]],[[0.946296,0.13105,-0.295551],[-0.0326372,0.948214,0.31595],[0.321651,-0.289336,0.901568]],[[0.946296,0.13105,-0.295551],[-0.181363,0.971953,-0.149715],[0.267641,0.195277,0.943523]],[[0.946296,0.13105,-0.295551],[-0.294798,0.725078,-0.622379],[0.132734,0.676083,0.724772]]],"btipPosition":[152.674,143.314,5.96212],"carpPosition":[180.492,151.682,98.7397],"dipPosition":[155.772,159.093,22.8771],"direction":[-0.267641,-0.195277,-0.943523],"extended":false,"handId":48,"id":480,"length":51.9712,"mcpPosition":[180.492,151.682,98.7397],"pipPosition":[164.872,165.732,54.9575],"stabilizedTipPosition":[155.14,149.17,9.77725],"timeVisible":8.52242,"tipPosition":[154.235,147.356,8.69335],"tipVelocity":[-42.6983,-37.9748,29.6089],"tool":false,"touchDistance":0.319163,"touchZone":"hovering","type":0,"width":18.5712},{"bases":[[[0.36336,-0.875847,-0.317587],[0.930743,0.356294,0.0822945],[0.0410769,-0.325494,0.944651]],[[0.358712,-0.933307,-0.0162404],[0.706318,0.282762,-0.648968],[0.610279,0.221322,0.760642]],[[0.358712,-0.933307,-0.0162404],[0.0120554,0.0220288,-0.999685],[0.93337,0.358403,0.0191533]],[[0.358712,-0.933307,-0.0162404],[-0.562811,-0.202368,-0.80143],[0.744694,0.296623,-0.597867]]],"btipPosition":[138.163,152.634,1.22095],"carpPosition":[202.435,152.512,91.6948],"dipPosition":[150.852,157.688,-8.96551],"direction":[-0.93337,-0.358403,-0.0191533],"extended":false,"handId":48,"id":481,"length":58.6436,"mcpPosition":[199.495,175.808,24.0841],"pipPosition":[173.349,166.326,-8.50385],"stabilizedTipPosition":[156.858,161.126,-9.46877],"timeVisible":8.52242,"tipPosition":[146.401,155.121,-5.99436],"tipVelocity":[-113.672,-77.0762,239.168],"tool":false,"touchDistance":0.333333,"touchZone":"none","type":1,"width":17.7392},{"bases":[[[0.201541,-0.959591,-0.196386],[0.97945,0.19586,0.0481376],[-0.00772836,-0.202051,0.979344]],[[0.200714,-0.96998,-0.137307],[0.565107,0.229128,-0.792562],[0.80023,0.0814857,0.594131]],[[0.200714,-0.96998,-0.137307],[-0.79978,-0.0813032,-0.594762],[0.565744,0.229193,-0.792089]],[[0.200714,-0.96998,-0.137307],[-0.968337,-0.217677,0.122227],[-0.148446,0.108427,-0.982958]]],"btipPosition":[157.058,144.176,33.3786],"carpPosition":[208.258,142.91,87.5263],"dipPosition":[154.276,146.208,14.9583],"direction":[-0.565744,-0.229193,0.792089],"extended":false,"handId":48,"id":482,"length":66.8197,"mcpPosition":[208.783,156.624,21.0545],"pipPosition":[170.319,152.707,-7.50306],"stabilizedTipPosition":[161.409,147.285,38.7925],"timeVisible":8.52242,"tipPosition":[157.114,144.063,34.2714],"tipVelocity":[-34.4753,-11.7853,-109.033],"tool":false,"touchDistance":0.333333,"touchZone":"none","type":2,"width":17.4223},{"bases":[[[0.123794,-0.990881,-0.0531928],[0.9906,0.12026,0.0651786],[-0.0581873,-0.0607615,0.996455]],[[0.127061,-0.985455,-0.112848],[0.17766,0.134541,-0.974852],[0.975855,0.103817,0.192171]],[[0.127061,-0.985455,-0.112848],[-0.937586,-0.0821945,-0.337899],[0.323709,0.148739,-0.934393]],[[0.127061,-0.985455,-0.112848],[-0.917904,-0.159936,0.363143],[-0.37591,0.0574429,-0.924874]]],"btipPosition":[169.647,125.728,58.2104],"carpPosition":[211.519,131.83,84.4513],"dipPosition":[162.643,126.799,40.9782],"direction":[-0.323709,-0.148739,0.934393],"extended":false,"handId":48,"id":483,"length":64.249,"mcpPosition":[215.065,135.533,23.728],"pipPosition":[171.586,130.908,15.1658],"stabilizedTipPosition":[168.447,128.957,54.9678],"timeVisible":8.52242,"tipPosition":[167.781,127.696,54.2014],"tipVelocity":[-17.813,-4.6147,0.177784],"tool":false,"touchDistance":0.333333,"touchZone":"none","type":3,"width":16.5784},{"bases":[[[-0.0491613,-0.997412,0.0524603],[0.988737,-0.0411658,0.143888],[-0.141356,0.0589432,0.988202]],[[-0.0308828,-0.996855,-0.0729823],[0.271368,0.0619123,-0.960482],[0.96198,-0.0494674,0.268602]],[[-0.0308828,-0.996855,-0.0729823],[-0.894897,0.0600993,-0.442208],[0.445203,0.051655,-0.893938]],[[-0.0308828,-0.996855,-0.0729823],[-0.969418,0.0120871,0.245118],[-0.243465,0.0783203,-0.966742]]],"btipPosition":[177.932,114.469,52.037],"carpPosition":[208.377,118.404,83.2008],"dipPosition":[173.747,115.816,35.4199],"direction":[-0.445203,-0.051655,0.893938],"extended":false,"handId":48,"id":484,"length":50.37,"mcpPosition":[216.351,115.079,27.4554],"pipPosition":[182.431,116.823,17.9843],"stabilizedTipPosition":[176.45,116.2,48.6191],"timeVisible":8.52242,"tipPosition":[176.273,115.888,45.7839],"tipVelocity":[-3.05754,-7.20218,5.75228],"tool":false,"touchDistance":0.333333,"touchZone":"none","type":4,"width":14.7262}],"r":[[0.983597,0.176438,0.0375045],[-0.143861,0.892749,-0.426971],[-0.108816,0.414572,0.903487]],"s":1.26928,"t":[17.3996,-32.2878,22.7735],"timestamp":7309241946},{"currentFrameRate":115.211,"devices":[],"gestures":[],"hands":[{"armBasis":[[0.212711,-0.826198,-0.521682],[0.898118,0.37562,-0.228678],[0.384887,-0.41989,0.821921]],"armWidth":59.5212,"confidence":1,"direction":[0.154498,0.221091,-0.962938],"elbow":[303.874,12.7675,329.134],"grabAngle":3.14159,"grabStrength":0.808133,"id":48,"palmNormal":[-0.925104,-0.309802,-0.219558],"palmPosition":[201.898,147.281,43.2605],"palmVelocity":[-17.9831,9.41817,10.752],"palmWidth":88.5196,"pinchDistance":16.5368,"pinchStrength":1,"r":[[0.982601,0.182132,0.0363853],[-0.149058,0.89018,-0.430537],[-0.110804,0.417622,0.901839]],"s":1.25645,"sphereCenter":[168.05,125.675,19.1202],"sphereRadius":38.5899,"stabilizedPalmPosition":[203.526,147.009,43.3863],"t":[17.2623,-32.2496,22.8369],"timeVisible":8.53108,"type":"right","wrist":[202.776,123.06,113.241]}],"id":60875,"interactionBox":{"center":[0,200,0],"size":[235.247,235.247,147.751]},"pointables":[{"bases":[[[0.997162,-0.0518746,-0.0545646],[0.0742712,0.796488,0.600076],[0.0123313,-0.602425,0.79808]],[[0.944576,0.136769,-0.298445],[-0.0373693,0.947971,0.316155],[0.326158,-0.28748,0.900542]],[[0.944576,0.136769,-0.298445],[-0.188621,0.970154,-0.152391],[0.268695,0.200238,0.942182]],[[0.944576,0.136769,-0.298445],[-0.301964,0.718662,-0.626372],[0.128813,0.681776,0.720131]]],"btipPosition":[152.406,143.007,6.27831],"carpPosition":[180.387,151.766,98.8522],"dipPosition":[155.413,158.918,23.085],"direction":[-0.268695,-0.200238,-0.942182],"extended":false,"handId":48,"id":480,"length":51.9712,"mcpPosition":[180.387,151.766,98.8522],"pipPosition":[164.548,165.727,55.1198],"stabilizedTipPosition":[155.117,149.142,9.78131],"timeVisible":8.53108,"tipPosition":[154.023,147.085,8.86548],"tipVelocity":[-33.4094,-31.9741,33.6512],"tool":false,"touchDistance":0.324018,"touchZone":"hovering","type":0,"width":18.5712},{"bases":[[[0.367879,-0.874489,-0.316124],[0.928822,0.361738,0.0802164],[0.0442056,-0.323133,0.945321]],[[0.364299,-0.931078,-0.0194856],[0.685812,0.282373,-0.670766],[0.630038,0.230996,0.741413]],[[0.364299,-0.931078,-0.0194856],[-0.0531666,0.0000961114,-0.998586],[0.929763,0.36482,-0.0494672]],[[0.364299,-0.931078,-0.0194856],[-0.590708,-0.214847,-0.777756],[0.719966,0.294847,-0.628264]]],"btipPosition":[137.482,152.119,4.24921],"carpPosition":[202.315,152.705,91.7753],"dipPosition":[149.748,157.142,-6.45514],"direction":[-0.929763,-0.36482,0.0494672],"extended":false,"handId":48,"id":481,"length":58.6436,"mcpPosition":[199.151,175.832,24.1167],"pipPosition":[172.159,165.936,-7.64745],"stabilizedTipPosition":[156.7,161.052,-9.36181],"timeVisible":8.53108,"tipPosition":[145.227,154.543,-4.65531],"tipVelocity":[-89.9615,-60.3303,336.085],"tool":false,"touchDistance":0.333333,"touchZone":"none","type":1,"width":17.7392},{"bases":[[[0.206701,-0.958874,-0.194513],[0.97839,0.201505,0.046352],[-0.0052503,-0.199891,0.979804]],[[0.206014,-0.969135,-0.13541],[0.582333,0.232628,-0.778956],[0.786414,0.0816226,0.612284]],[[0.206014,-0.969135,-0.13541],[-0.78595,-0.0814373,-0.612904],[0.582959,0.232692,-0.778468]],[[0.206014,-0.969135,-0.13541],[-0.969746,-0.220717,0.104295],[-0.130963,0.109827,-0.985285]]],"btipPosition":[156.667,144.114,32.2263],"carpPosition":[208.187,143.126,87.6203],"dipPosition":[154.213,146.172,13.7624],"direction":[-0.582959,-0.232692,0.778468],"extended":false,"handId":48,"id":482,"length":66.8197,"mcpPosition":[208.544,156.694,21.1173],"pipPosition":[170.744,152.77,-8.31278],"stabilizedTipPosition":[161.406,147.283,38.7872],"timeVisible":8.53108,"tipPosition":[156.894,143.929,33.9067],"tipVelocity":[-36.4605,-6.50506,-134.287],"tool":false,"touchDistance":0.333333,"touchZone":"none","type":2,"width":17.4223},{"bases":[[[0.129328,-0.990282,-0.0511437],[0.989992,0.126009,0.0635469],[-0.0564848,-0.0588502,0.996668]],[[0.132483,-0.984971,-0.110816],[0.180098,0.133861,-0.974498],[0.974686,0.109146,0.195126]],[[0.132483,-0.984971,-0.110816],[-0.9369,-0.0879499,-0.338354],[0.323522,0.148649,-0.934471]],[[0.132483,-0.984971,-0.110816],[-0.918656,-0.163999,0.35941],[-0.372182,0.054186,-0.926577]]],"btipPosition":[169.519,125.666,58.214],"carpPosition":[211.507,132.058,84.5656],"dipPosition":[162.584,126.675,40.9501],"direction":[-0.323523,-0.148649,0.934471],"extended":false,"handId":48,"id":483,"length":64.249,"mcpPosition":[214.949,135.645,23.8294],"pipPosition":[171.522,130.782,15.1355],"stabilizedTipPosition":[168.44,128.916,54.9581],"timeVisible":8.53108,"tipPosition":[167.754,127.585,54.3832],"tipVelocity":[-13.0082,-8.85074,-0.423847],"tool":false,"touchDistance":0.333333,"touchZone":"none","type":3,"width":16.5784},{"bases":[[[-0.0434433,-0.997554,0.0547614],[0.98915,-0.0352481,0.142621],[-0.140341,0.0603632,0.988261]],[[-0.0252375,-0.997128,-0.0714003],[0.27535,0.0617267,-0.95936],[0.961013,-0.043872,0.273002]],[[-0.0252375,-0.997128,-0.0714003],[-0.895411,0.0543068,-0.441915],[0.444524,0.0527798,-0.894211]],[[-0.0252375,-0.997128,-0.0714003],[-0.969655,0.00704347,0.244375],[-0.24317,0.0754011,-0.967049]]],"btipPosition":[177.979,114.428,52.0379],"carpPosition":[208.438,118.612,83.3495],"dipPosition":[173.799,115.724,35.4155],"direction":[-0.444524,-0.0527798,0.894211],"extended":false,"handId":48,"id":484,"length":50.37,"mcpPosition":[216.355,115.207,27.6008],"pipPosition":[182.469,116.754,17.9746],"stabilizedTipPosition":[176.453,116.191,48.6166],"timeVisible":8.53108,"tipPosition":[176.308,115.816,46.0121],"tipVelocity":[5.5415,-6.11236,-0.0414803],"tool":false,"touchDistance":0.333333,"touchZone":"none","type":4,"width":14.7262}],"r":[[0.982601,0.182132,0.0363853],[-0.149058,0.89018,-0.430537],[-0.110804,0.417622,0.901839]],"s":1.25645,"t":[17.2623,-32.2496,22.8369],"timestamp":7309250602},{"currentFrameRate":115.224,"devices":[],"gestures":[],"hands":[{"armBasis":[[0.218363,-0.821765,-0.526326],[0.896707,0.381752,-0.224012],[0.385012,-0.423045,0.820243]],"armWidth":59.5212,"confidence":1,"direction":[0.152772,0.2212,-0.963188],"elbow":[303.869,12.0083,328.801],"grabAngle":3.14159,"grabStrength":0.907482,"id":48,"palmNormal":[-0.92278,-0.316939,-0.21915],"palmPosition":[201.708,147.344,43.3647],"palmVelocity":[-21.8746,7.27864,12.0384],"palmWidth":88.5196,"pinchDistance":14.8465,"pinchStrength":1,"r":[[0.981501,0.188153,0.0354167],[-0.15454,0.88777,-0.433569],[-0.113019,0.420075,0.900424]],"s":1.24234,"sphereCenter":[168.031,126.043,19.2359],"sphereRadius":38.191,"stabilizedPalmPosition":[203.515,147.01,43.3862],"t":[17.099,-32.1991,22.9206],"timeVisible":8.53974,"type":"right","wrist":[202.739,123.129,113.348]}],"id":60876,"interactionBox":{"center":[0,200,0],"size":[235.247,235.247,147.751]},"pointables":[{"bases":[[[0.997517,-0.0444853,-0.0545889],[0.0683644,0.797667,0.599211],[0.0168877,-0.601455,0.798728]],[[0.943131,0.144176,-0.299529],[-0.0439191,0.947195,0.317636],[0.329508,-0.286417,0.899661]],[[0.943131,0.144176,-0.299529],[-0.19707,0.968137,-0.15451],[0.267708,0.204751,0.941493]],[[0.943131,0.144176,-0.299529],[-0.309067,0.712084,-0.630407],[0.1224,0.687131,0.716149]]],"btipPosition":[152.209,142.639,6.53856],"carpPosition":[180.169,151.728,98.9533],"dipPosition":[155.065,158.676,23.2523],"direction":[-0.267708,-0.204751,-0.941493],"extended":false,"handId":48,"id":480,"length":51.9712,"mcpPosition":[180.169,151.728,98.9533],"pipPosition":[164.167,165.637,55.2636],"stabilizedTipPosition":[155.091,149.11,9.78823],"timeVisible":8.53974,"tipPosition":[153.825,146.749,8.98662],"tipVelocity":[-26.8142,-39.169,27.5932],"tool":false,"touchDistance":0.327999,"touchZone":"hovering","type":0,"width":18.5712},{"bases":[[[0.374377,-0.872058,-0.31521],[0.926101,0.368751,0.0797515],[0.046686,-0.321773,0.945665]],[[0.371604,-0.928082,-0.0239747],[0.662658,0.283238,-0.693297],[0.650227,0.241745,0.720253]],[[0.371604,-0.928082,-0.0239747],[-0.138391,-0.0298394,-0.989928],[0.918019,0.371179,-0.139526]],[[0.371604,-0.928082,-0.0239747],[-0.632598,-0.234222,-0.738214],[0.679507,0.28949,-0.674141]]],"btipPosition":[137.185,151.617,8.18177],"carpPosition":[202.089,152.823,91.8736],"dipPosition":[148.763,156.55,-3.30423],"direction":[-0.918019,-0.371179,0.139526],"extended":false,"handId":48,"id":481,"length":58.6436,"mcpPosition":[198.747,175.853,24.1903],"pipPosition":[170.89,165.496,-6.66725],"stabilizedTipPosition":[156.585,160.995,-9.25955],"timeVisible":8.53974,"tipPosition":[143.989,153.864,-2.60289],"tipVelocity":[-52.5578,-60.3517,433.496],"tool":false,"touchDistance":0.333333,"touchZone":"none","type":1,"width":17.7392},{"bases":[[[0.213842,-0.957513,-0.193495],[0.976861,0.208856,0.0460559],[-0.00368641,-0.198867,0.98002]],[[0.213236,-0.967715,-0.134381],[0.605809,0.238875,-0.758903],[0.766502,0.0804165,0.637187]],[[0.213236,-0.967715,-0.134381],[-0.76602,-0.0802262,-0.637791],[0.606419,0.238939,-0.758396]],[[0.213236,-0.967715,-0.134381],[-0.971265,-0.224852,0.078016],[-0.105713,0.113884,-0.987854]]],"btipPosition":[156.224,144.007,30.6017],"carpPosition":[208.032,143.284,87.7285],"dipPosition":[154.243,146.141,12.0897],"direction":[-0.606419,-0.238939,0.758396],"extended":false,"handId":48,"id":482,"length":66.8197,"mcpPosition":[208.282,156.782,21.2108],"pipPosition":[171.439,152.917,-9.41625],"stabilizedTipPosition":[161.404,147.282,38.7825],"timeVisible":8.53974,"tipPosition":[156.63,143.735,33.216],"tipVelocity":[-38.581,-10.306,-188.935],"tool":false,"touchDistance":0.333333,"touchZone":"none","type":2,"width":17.4223},{"bases":[[[0.136717,-0.989343,-0.0500861],[0.989028,0.133467,0.0633313],[-0.0559715,-0.058195,0.996735]],[[0.139827,-0.984073,-0.109764],[0.182769,0.134599,-0.973899],[0.973162,0.116116,0.198679]],[[0.139827,-0.984073,-0.109764],[-0.935635,-0.0950273,-0.339938],[0.324093,0.150232,-0.93402]],[[0.139827,-0.984073,-0.109764],[-0.919413,-0.170188,0.354564],[-0.367597,0.0513412,-0.928567]]],"btipPosition":[169.381,125.504,58.1961],"carpPosition":[211.434,132.238,84.6854],"dipPosition":[162.532,126.461,40.8951],"direction":[-0.324093,-0.150232,0.93402],"extended":false,"handId":48,"id":483,"length":64.249,"mcpPosition":[214.845,135.785,23.9451],"pipPosition":[171.485,130.611,15.0929],"stabilizedTipPosition":[168.431,128.872,54.9478],"timeVisible":8.53974,"tipPosition":[167.714,127.386,54.5079],"tipVelocity":[-13.6151,-20.0493,-3.05966],"tool":false,"touchDistance":0.333333,"touchZone":"none","type":3,"width":16.5784},{"bases":[[[-0.0359884,-0.997791,0.0558407],[0.989396,-0.0277062,0.142579],[-0.140717,0.0603797,0.988207]],[[-0.0177011,-0.997321,-0.0709685],[0.280058,0.0631927,-0.957901],[0.95982,-0.0368312,0.278189]],[[-0.0177011,-0.997321,-0.0709685],[-0.895336,0.0474046,-0.442861],[0.445039,0.0557015,-0.893777]],[[-0.0177011,-0.997321,-0.0709685],[-0.970275,1.79329e-7,0.242006],[-0.241358,0.0731427,-0.967676]]],"btipPosition":[178.028,114.317,51.995],"carpPosition":[208.466,118.768,83.4841],"dipPosition":[173.88,115.574,35.3618],"direction":[-0.445039,-0.0557015,0.893777],"extended":false,"handId":48,"id":484,"length":50.37,"mcpPosition":[216.404,115.362,27.7384],"pipPosition":[182.56,116.66,17.9293],"stabilizedTipPosition":[176.457,116.18,48.6137],"timeVisible":8.53974,"tipPosition":[176.363,115.678,46.177],"tipVelocity":[6.54174,-13.9032,-5.2445],"tool":false,"touchDistance":0.333333,"touchZone":"none","type":4,"width":14.7262}],"r":[[0.981501,0.188153,0.0354167],[-0.15454,0.88777,-0.433569],[-0.113019,0.420075,0.900424]],"s":1.24234,"t":[17.099,-32.1991,22.9206],"timestamp":7309259259},{"currentFrameRate":115.205,"devices":[],"gestures":[],"hands":[{"armBasis":[[0.219762,-0.819139,-0.529827],[0.895947,0.384352,-0.222605],[0.385984,-0.425776,0.818371]],"armWidth":59.5212,"confidence":1,"direction":[0.153684,0.222422,-0.962762],"elbow":[303.892,11.2767,328.348],"grabAngle":3.14159,"grabStrength":1,"id":48,"palmNormal":[-0.921588,-0.319213,-0.220858],"palmPosition":[201.506,147.423,43.4378],"palmVelocity":[-23.1513,9.06754,8.38672],"palmWidth":88.5196,"pinchDistance":13.4319,"pinchStrength":1,"r":[[0.980481,0.19348,0.0349638],[-0.159252,0.8858,-0.435887],[-0.115306,0.421811,0.899322]],"s":1.22836,"sphereCenter":[167.953,126.575,19.1923],"sphereRadius":37.8544,"stabilizedPalmPosition":[203.503,147.013,43.3865],"t":[16.9165,-32.1343,22.9991],"timeVisible":8.54845,"type":"right","wrist":[202.506,123.115,113.387]}],"id":60877,"interactionBox":{"center":[0,200,0],"size":[235.247,235.247,147.751]},"pointables":[{"bases":[[[0.997717,-0.0417785,-0.0530683],[0.0653012,0.797339,0.599989],[0.0172468,-0.602084,0.798246]],[[0.942796,0.147684,-0.298872],[-0.0468537,0.946321,0.319813],[0.330061,-0.287515,0.899108]],[[0.942796,0.147684,-0.298872],[-0.200902,0.967135,-0.155848],[0.266034,0.206977,0.941481]],[[0.942796,0.147684,-0.298872],[-0.311871,0.707465,-0.634216],[0.117778,0.691146,0.713054]]],"btipPosition":[152.047,142.497,6.6811],"carpPosition":[179.869,151.703,98.9963],"dipPosition":[154.795,158.628,23.3226],"direction":[-0.266034,-0.206977,-0.941481],"extended":false,"handId":48,"id":480,"length":51.9712,"mcpPosition":[179.869,151.703,98.9963],"pipPosition":[163.841,165.665,55.3335],"stabilizedTipPosition":[155.063,149.076,9.79657],"timeVisible":8.54845,"tipPosition":[153.668,146.724,9.00121],"tipVelocity":[-21.4449,-13.7782,14.4527],"tool":false,"touchDistance":0.330098,"touchZone":"hovering","type":0,"width":18.5712},{"bases":[[[0.377193,-0.870789,-0.31536],[0.924988,0.371152,0.0815086],[0.0460695,-0.322449,0.945465]],[[0.374432,-0.926802,-0.0289651],[0.644053,0.282419,-0.71094],[0.667081,0.247543,0.702656]],[[0.374432,-0.926802,-0.0289651],[-0.216755,-0.0571126,-0.974554],[0.901564,0.371182,-0.222274]],[[0.374432,-0.926802,-0.0289651],[-0.680453,-0.253417,-0.687578],[0.629909,0.277161,-0.725532]]],"btipPosition":[137.457,151.666,11.8983],"carpPosition":[201.797,152.862,91.9518],"dipPosition":[148.189,156.388,-0.463357],"direction":[-0.901564,-0.371182,0.222274],"extended":false,"handId":48,"id":481,"length":58.6436,"mcpPosition":[198.499,175.94,24.2828],"pipPosition":[169.92,165.335,-5.82084],"stabilizedTipPosition":[156.506,160.956,-9.17327],"timeVisible":8.54845,"tipPosition":[143.104,153.625,-0.413849],"tipVelocity":[8.87973,0.0563038,403.432],"tool":false,"touchDistance":0.333333,"touchZone":"none","type":1,"width":17.7392},{"bases":[[[0.216698,-0.956775,-0.193968],[0.976227,0.211422,0.0477576],[-0.00468417,-0.199706,0.979845]],[[0.216027,-0.967028,-0.134864],[0.632426,0.243819,-0.735248],[0.743888,0.0735421,0.664246]],[[0.216027,-0.967028,-0.134864],[-0.743384,-0.0733479,-0.664831],[0.633019,0.243877,-0.734719]],[[0.216027,-0.967028,-0.134864],[-0.973423,-0.224063,0.0473756],[-0.0760315,0.121045,-0.989731]]],"btipPosition":[155.808,144.178,28.7562],"carpPosition":[207.772,143.342,87.8079],"dipPosition":[154.383,146.447,10.209],"direction":[-0.633019,-0.243877,0.734719],"extended":false,"handId":48,"id":482,"length":66.8197,"mcpPosition":[208.09,156.897,21.3022],"pipPosition":[172.334,153.362,-10.6255],"stabilizedTipPosition":[161.402,147.282,38.7784],"timeVisible":8.54845,"tipPosition":[156.347,143.812,32.2556],"tipVelocity":[-33.0507,23.2219,-212.741],"tool":false,"touchDistance":0.333333,"touchZone":"none","type":2,"width":17.4223},{"bases":[[[0.139434,-0.988932,-0.0507064],[0.988568,0.13605,0.0649884],[-0.0573705,-0.0591883,0.996597]],[[0.142623,-0.983604,-0.110375],[0.187943,0.136399,-0.972663],[0.97177,0.11798,0.204315]],[[0.142623,-0.983604,-0.110375],[-0.934205,-0.0969353,-0.343314],[0.326986,0.152077,-0.932713]],[[0.142623,-0.983604,-0.110375],[-0.921526,-0.172653,0.347823],[-0.361176,0.0521059,-0.931041]]],"btipPosition":[169.103,125.487,58.0388],"carpPosition":[211.208,132.308,84.7609],"dipPosition":[162.374,126.457,40.6917],"direction":[-0.326986,-0.152077,0.932713],"extended":false,"handId":48,"id":483,"length":64.249,"mcpPosition":[214.704,135.915,24.029],"pipPosition":[171.407,130.659,14.9257],"stabilizedTipPosition":[168.42,128.831,54.9362],"timeVisible":8.54845,"tipPosition":[167.549,127.344,54.5052],"tipVelocity":[-28.7671,-1.66361,-19.2679],"tool":false,"touchDistance":0.333333,"touchZone":"none","type":3,"width":16.5784},{"bases":[[[-0.0334129,-0.99793,0.0549434],[0.989242,-0.0251882,0.144101],[-0.142418,0.0591672,0.988037]],[[-0.0148376,-0.997261,-0.072458],[0.286422,0.0651901,-0.955883],[0.957989,-0.0349366,0.28467]],[[-0.0148376,-0.997261,-0.072458],[-0.894117,0.0456716,-0.445498],[0.447587,0.0581758,-0.892346]],[[-0.0148376,-0.997261,-0.072458],[-0.97123,-0.00285137,0.238128],[-0.237682,0.0739066,-0.968527]]],"btipPosition":[177.888,114.32,51.8223],"carpPosition":[208.278,118.831,83.5435],"dipPosition":[173.803,115.59,35.1745],"direction":[-0.447587,-0.0581758,0.892346],"extended":false,"handId":48,"id":484,"length":50.37,"mcpPosition":[216.312,115.493,27.8075],"pipPosition":[182.532,116.725,17.7699],"stabilizedTipPosition":[176.46,116.172,48.6104],"timeVisible":8.54845,"tipPosition":[176.25,115.674,46.2057],"tipVelocity":[-14.4439,0.732442,-20.209],"tool":false,"touchDistance":0.333333,"touchZone":"none","type":4,"width":14.7262}],"r