{"frames":73,"data":[{"currentFrameRate":57.6491,"devices":[],"gestures":[],"hands":[{"armBasis":[[0.147832,-0.455927,-0.877654],[-0.906586,0.292202,-0.3045],[-0.395281,-0.840683,0.370141]],"armWidth":68.9788,"confidence":1,"direction":[0.233259,0.951423,0.200958],"elbow":[-70.0374,420.342,707.986],"grabAngle":1.24914,"grabStrength":0,"id":37,"palmNormal":[0.907846,-0.287119,0.305578],"palmPosition":[62.0703,727.134,622.553],"palmVelocity":[136.207,20.8068,81.8969],"palmWidth":94.1244,"pinchDistance":73.5574,"pinchStrength":0,"r":[[0.18966,-0.813977,0.549064],[0.912063,0.353119,0.208444],[-0.363553,0.461247,0.80937]],"s":0.918278,"sphereCenter":[117.473,737.018,649.862],"sphereRadius":67.4395,"stabilizedPalmPosition":[56.6174,724.508,618.28],"t":[80.0282,45.5672,27.301],"timeVisible":14.2914,"type":"left","wrist":[40.3651,655.146,604.606]}],"id":46584,"interactionBox":{"center":[0,200,0],"size":[235.247,235.247,147.751]},"pointables":[{"bases":[[[0.481106,0.0741611,-0.87352],[-0.801586,0.440661,-0.404075],[-0.35496,-0.894605,-0.271451]],[[0.434895,-0.0340315,-0.899838],[-0.649766,0.679981,-0.339751],[-0.623434,-0.73244,-0.273608]],[[0.434895,-0.0340315,-0.899838],[-0.649766,0.679981,-0.339751],[-0.623434,-0.73244,-0.273608]],[[0.434895,-0.0340315,-0.899838],[0.161091,0.986106,0.0405619],[-0.885955,0.162596,-0.434335]]],"btipPosition":[129.31,807.425,659.296],"carpPosition":[37.3692,688.222,609.717],"dipPosition":[112.171,810.57,650.893],"direction":[0.623434,0.73244,0.273608],"extended":true,"handId":37,"id":372,"length":68.9786,"mcpPosition":[62.9872,752.787,629.308],"pipPosition":[93.9214,789.13,642.884],"stabilizedTipPosition":[120.583,808.855,656.597],"timeVisible":14.2914,"tipPosition":[126.232,809.092,652.493],"tipVelocity":[258.606,-88.944,188.783],"tool":false,"touchDistance":0.806136,"touchZone":"none","type":2,"width":20.9661},{"bases":[[[0.482676,-0.091727,-0.870982],[-0.776072,0.416091,-0.473899],[-0.405877,-0.904685,-0.12965]],[[0.55387,0.0903748,-0.827684],[-0.487418,0.841139,-0.234327],[-0.67502,-0.533215,-0.509932]],[[0.55387,0.0903748,-0.827684],[-0.302494,0.948005,-0.0989101],[-0.77571,-0.305152,-0.552409]],[[0.55387,0.0903748,-0.827684],[0.217509,0.943865,0.248613],[-0.80369,0.317728,-0.503121]]],"btipPosition":[137.934,776.067,655.81],"carpPosition":[43.0079,690.329,598.524],"dipPosition":[122.476,782.178,646.133],"direction":[0.77571,0.305152,0.552409],"extended":true,"handId":37,"id":373,"length":66.3247,"mcpPosition":[69.3079,748.951,606.925],"pipPosition":[100.355,773.476,630.38],"stabilizedTipPosition":[132.013,777.951,655.081],"timeVisible":14.2914,"tipPosition":[136.644,777.96,646.862],"tipVelocity":[193.695,-38.9517,-197.906],"tool":false,"touchDistance":0.802987,"touchZone":"none","type":3,"width":19.9505},{"bases":[[[0.554006,-0.263299,-0.789779],[-0.72434,0.315186,-0.61318],[-0.410377,-0.911774,0.0161028]],[[0.633968,-0.0450368,-0.772047],[-0.474139,0.766037,-0.434027],[-0.610964,-0.641217,-0.464289]],[[0.633968,-0.0450368,-0.772047],[-0.193099,0.957464,-0.214417],[-0.748864,-0.285015,-0.598305]],[[0.633968,-0.0450368,-0.772047],[0.252153,0.955786,0.151301],[-0.731097,0.290594,-0.617294]]],"btipPosition":[128.651,765.786,627.893],"carpPosition":[53.7459,687.173,588.959],"dipPosition":[115.678,770.943,616.94],"direction":[0.748864,0.285015,0.598305],"extended":true,"handId":37,"id":374,"length":51.9974,"mcpPosition":[78.3614,741.864,587.993],"pipPosition":[100.6,765.204,604.894],"stabilizedTipPosition":[124.187,768.473,628.152],"timeVisible":14.2914,"tipPosition":[122.75,770.46,623.527],"tipVelocity":[79.0183,-117.807,-346.482],"tool":false,"touchDistance":0.779478,"touchZone":"none","type":4,"width":17.7216},{"bases":[[[-0.626277,0.487191,-0.608623],[-0.777451,-0.332364,0.533951],[-0.0578519,-0.807576,-0.586919]],[[-0.611671,0.201966,-0.764898],[-0.694823,-0.599441,0.397356],[0.378258,-0.77452,-0.506991]],[[-0.611671,0.201966,-0.764898],[-0.787378,-0.0615835,0.613387],[-0.0767781,-0.977455,-0.196692]],[[-0.611671,0.201966,-0.764898],[-0.617642,0.482252,0.62125],[-0.494344,-0.852434,0.170237]]],"btipPosition":[41.845,761.133,661.755],"carpPosition":[46.7724,666.294,632.773],"dipPosition":[29.935,740.595,665.856],"direction":[0.0767781,0.977454,0.196692],"extended":true,"handId":37,"id":370,"length":53.6503,"mcpPosition":[46.7724,666.294,632.773],"pipPosition":[27.2402,706.288,658.952],"stabilizedTipPosition":[33.5941,757.685,657.851],"timeVisible":14.2914,"tipPosition":[44.4779,755.498,664.432],"tipVelocity":[642.224,-149.974,469.284],"tool":false,"touchDistance":0.810582,"touchZone":"none","type":0,"width":22.3487},{"bases":[[[0.382651,0.269328,-0.883765],[-0.87237,0.420305,-0.249629],[-0.304218,-0.866491,-0.395784]],[[0.221223,-0.115939,-0.968307],[-0.892074,0.377123,-0.248961],[-0.394035,-0.918878,0.0199975]],[[0.221223,-0.115939,-0.968307],[-0.892074,0.377123,-0.248961],[-0.394035,-0.918878,0.0199975]],[[0.221223,-0.115939,-0.968307],[-0.377842,0.905167,-0.194702],[-0.899053,-0.40894,-0.156437]]],"btipPosition":[100.095,820.198,652.541],"carpPosition":[33.8985,683.56,621.051],"dipPosition":[84.2819,813.006,649.79],"direction":[0.394035,0.918878,-0.0199975],"extended":true,"handId":37,"id":371,"length":60.5383,"mcpPosition":[57.0507,749.503,651.172],"pipPosition":[74.4776,790.142,650.287],"stabilizedTipPosition":[95.1914,817.297,653.035],"timeVisible":14.2914,"tipPosition":[102.244,811.65,658.407],"tipVelocity":[169.211,220.443,-188.943],"tool":false,"touchDistance":0.80159,"touchZone":"none","type":1,"width":21.3475}],"r":[[0.18966,-0.813977,0.549064],[0.912063,0.353119,0.208444],[-0.363553,0.461247,0.80937]],"s":0.918278,"t":[80.0282,45.5672,27.301],"timestamp":237474414885},{"currentFrameRate":57.6785,"devices":[],"gestures":[],"hands":[{"armBasis":[[-0.13061,-0.335597,-0.932907],[-0.932404,0.361418,0.000525968],[-0.336993,-0.869915,0.360117]],"armWidth":68.9788,"confidence":1,"direction":[0.290155,0.924068,0.248816],"elbow":[-55.7511,414.045,703.983],"grabAngle":1.40696,"grabStrength":0,"id":37,"palmNormal":[0.952774,-0.303294,0.0153206],"palmPosition":[65.4914,726.498,623.7],"palmVelocity":[198.44,-36.9134,66.512],"palmWidth":94.1244,"pinchDistance":54.5427,"pinchStrength":0,"r":[[0.235741,-0.834256,0.498441],[0.930159,0.342254,0.132916],[-0.281479,0.432296,0.856674]],"s":0.921532,"sphereCenter":[127.931,726.314,658.696],"sphereRadius":75.2098,"stabilizedPalmPosition":[58.8001,724.998,619.613],"t":[82.6366,45.4748,28.4955],"timeVisible":14.3086,"type":"left","wrist":[38.3713,657.013,603.403]}],"id":46585,"interactionBox":{"center":[0,200,0],"size":[235.247,235.247,147.751]},"pointables":[{"bases":[[[-0.759504,0.545196,-0.354845],[-0.611458,-0.412204,0.675431],[-0.221973,-0.729965,-0.646435]],[[-0.788899,0.251442,-0.560728],[-0.557685,-0.676201,0.481395],[0.258122,-0.692481,-0.673679]],[[-0.788899,0.251442,-0.560728],[-0.606301,-0.169705,0.776917],[-0.100192,-0.952878,-0.286329]],[[-0.788899,0.251442,-0.560728],[-0.487082,0.300494,0.820033],[-0.374686,-0.920044,0.114586]]],"btipPosition":[51.9217,755.919,672.022],"carpPosition":[52.7066,664.55,629.946],"dipPosition":[42.8946,733.753,674.782],"direction":[0.100192,0.952878,0.286329],"extended":true,"handId":37,"id":370,"length":53.6503,"mcpPosition":[52.7066,664.55,629.946],"pipPosition":[39.3779,700.307,664.732],"stabilizedTipPosition":[40.5899,754.73,664.224],"timeVisible":14.3086,"tipPosition":[57.4874,749.524,672.122],"tipVelocity":[622.953,-324.165,577.661],"tool":false,"touchDistance":0.818881,"touchZone":"none","type":0,"width":22.3487},{"bases":[[[0.232379,0.0268083,-0.972256],[-0.868933,0.454836,-0.195143],[-0.436985,-0.890172,-0.128989]],[[0.3161,0.206617,-0.925954],[-0.589845,0.807237,-0.0212335],[-0.743077,-0.552881,-0.37704]],[[0.3161,0.206617,-0.925954],[-0.332422,0.938245,0.0958781],[-0.888581,-0.2775,-0.365263]],[[0.3161,0.206617,-0.925954],[0.284747,0.910338,0.300339],[-0.904986,0.3586,-0.228924]]],"btipPosition":[145.506,776.672,641.719],"carpPosition":[40.2661,692.545,601.2],"dipPosition":[128.099,783.569,637.316],"direction":[0.888581,0.2775,0.365263],"extended":true,"handId":37,"id":373,"length":66.3247,"mcpPosition":[68.5818,750.226,609.558],"pipPosition":[102.759,775.656,626.9],"stabilizedTipPosition":[135.755,778.072,649.412],"timeVisible":14.3086,"tipPosition":[143.71,776.213,635.334],"tipVelocity":[413.176,45.5892,-746.956],"tool":false,"touchDistance":0.792255,"touchZone":"none","type":3,"width":19.9505},{"bases":[[[0.320598,-0.151923,-0.934953],[-0.857381,0.373025,-0.354612],[-0.402634,-0.915299,0.0106645]],[[0.410449,0.079856,-0.90838],[-0.661794,0.711408,-0.236489],[-0.627344,-0.698227,-0.344845]],[[0.410449,0.079856,-0.90838],[-0.338972,0.938137,-0.0706915],[-0.84654,-0.336931,-0.412126]],[[0.410449,0.079856,-0.90838],[0.376832,0.892267,0.24871],[-0.830379,0.44439,-0.336138]]],"btipPosition":[126.797,770.039,614.986],"carpPosition":[48.0322,690.823,588.811],"dipPosition":[112.063,777.925,609.022],"direction":[0.84654,0.336931,0.412126],"extended":true,"handId":37,"id":374,"length":51.9974,"mcpPosition":[72.1833,745.725,588.172],"pipPosition":[95.0185,771.141,600.724],"stabilizedTipPosition":[123.917,769.646,623.107],"timeVisible":14.3086,"tipPosition":[124.327,771.047,613.821],"tipVelocity":[-131.019,283.095,-682.121],"tool":false,"touchDistance":0.769679,"touchZone":"none","type":4,"width":17.7216},{"bases":[[[0.137067,0.38447,-0.912905],[-0.902034,0.429275,0.0453546],[-0.409325,-0.817255,-0.405644]],[[-0.0110697,0.0820307,-0.996568],[-0.867047,0.495667,0.0504309],[-0.498103,-0.86463,-0.0656376]],[[-0.0110697,0.0820307,-0.996568],[-0.747617,0.661161,0.0627267],[-0.664038,-0.745746,-0.0540087]],[[-0.0110697,0.0820307,-0.996568],[0.137184,0.98733,0.0797465],[-0.990484,0.135831,0.0221828]]],"btipPosition":[124.519,799.456,659.038],"carpPosition":[37.3944,682.854,624.31],"dipPosition":[107.098,801.845,659.428],"direction":[0.664038,0.745746,0.0540087],"extended":true,"handId":37,"id":371,"length":60.5383,"mcpPosition":[68.5456,745.05,655.181],"pipPosition":[90.5751,783.29,658.084],"stabilizedTipPosition":[114.544,804.081,657.692],"timeVisible":14.3086,"tipPosition":[118.381,802.533,658.65],"tipVelocity":[1395.24,-1075.3,418.752],"tool":false,"touchDistance":0.807606,"touchZone":"none","type":1,"width":21.3475},{"bases":[[[0.232258,0.191669,-0.953582],[-0.874643,0.470048,-0.118553],[-0.425506,-0.861579,-0.276815]],[[0.251993,0.231937,-0.939524],[-0.752954,0.656869,-0.0397942],[-0.607914,-0.717446,-0.340164]],[[0.251993,0.231937,-0.939524],[-0.752954,0.656869,-0.0397942],[-0.607914,-0.717446,-0.340164]],[[0.251993,0.231937,-0.939524],[0.120783,0.955725,0.268332],[-0.960162,0.181096,-0.212822]]],"btipPosition":[135.026,804.231,664.066],"carpPosition":[37.7825,688.952,613.134],"dipPosition":[116.452,807.734,659.949],"direction":[0.607914,0.717446,0.340164],"extended":true,"handId":37,"id":372,"length":68.9786,"mcpPosition":[68.4919,751.133,633.112],"pipPosition":[98.656,786.732,649.991],"stabilizedTipPosition":[125.094,807.162,659.49],"timeVisible":14.3086,"tipPosition":[133.369,805.243,654.848],"tipVelocity":[312.39,-180.489,333.857],"tool":false,"touchDistance":0.810932,"touchZone":"none","type":2,"width":20.9661}],"r":[[0.235741,-0.834256,0.498441],[0.930159,0.342254,0.132916],[-0.281479,0.432296,0.856674]],"s":0.921532,"t":[82.6366,45.4748,28.4955],"timestamp":237474432125},{"currentFrameRate":57.6675,"devices":[],"gestures":[],"hands":[{"armBasis":[[-0.250438,-0.274055,-0.928534],[-0.920511,0.364508,0.14069],[-0.299901,-0.889959,0.343557]],"armWidth":68.9788,"confidence":1,"direction":[0.361472,0.893359,0.266924],"elbow":[-47.8097,409.863,699.909],"grabAngle":1.4232,"grabStrength":0,"id":37,"palmNormal":[0.93195,-0.33746,-0.132624],"palmPosition":[68.2968,725.418,624.898],"palmVelocity":[161.444,-62.1681,68.9763],"palmWidth":94.1244,"pinchDistance":60.8991,"pinchStrength":0.0940382,"r":[[0.273973,-0.857317,0.435829],[0.94365,0.327108,0.0502505],[-0.185644,0.397503,0.898626]],"s":0.88548,"sphereCenter":[145.598,718.847,628.509],"sphereRadius":78.9713,"stabilizedPalmPosition":[61.5129,725.118,621.123],"t":[85.3435,44.8884,29.692],"timeVisible":14.326,"type":"left","wrist":[35.953,658.429,603.953]}],"id":46586,"interactionBox":{"center":[0,200,0],"size":[235.247,235.247,147.751]},"pointables":[{"bases":[[[-0.774456,0.595548,-0.2134],[-0.534991,-0.436512,0.723355],[-0.337641,-0.674374,-0.656672]],[[-0.766841,0.61024,-0.198902],[-0.550088,-0.465201,0.693535],[-0.330693,-0.641245,-0.692421]],[[-0.766841,0.61024,-0.198902],[-0.463723,-0.312508,0.829035],[-0.443751,-0.727974,-0.522626]],[[-0.766841,0.61024,-0.198902],[-0.212229,0.0513838,0.975868],[-0.605734,-0.790549,-0.0901073]]],"btipPosition":[100.931,741.39,685.046],"carpPosition":[53.6861,663.68,628.777],"dipPosition":[86.3374,722.343,682.875],"direction":[0.443751,0.727974,0.522626],"extended":true,"handId":37,"id":370,"length":53.6503,"mcpPosition":[53.6861,663.68,628.777],"pipPosition":[70.7622,696.792,664.532],"stabilizedTipPosition":[72.1003,744.931,675.462],"timeVisible":14.326,"tipPosition":[91.5336,738.681,682.682],"tipVelocity":[2746.68,-794.816,684.25],"tool":false,"touchDistance":0.828789,"touchZone":"none","type":0,"width":22.3487},{"bases":[[[0.103249,0.0866978,-0.99087],[-0.865828,0.498164,-0.0466319],[-0.489572,-0.862738,-0.1265]],[[0.20092,0.260819,-0.944248],[-0.601762,0.79346,0.0911237],[-0.77299,-0.549904,-0.316373]],[[0.20092,0.260819,-0.944248],[-0.285286,0.937703,0.198307],[-0.937146,-0.229537,-0.262812]],[[0.20092,0.260819,-0.944248],[0.411542,0.852244,0.322975],[-0.888968,0.45349,-0.0638954]]],"btipPosition":[149.933,773.071,635.313],"carpPosition":[38.8332,694.051,603.841],"dipPosition":[132.835,781.793,634.084],"direction":[0.937146,0.229537,0.262812],"extended":true,"handId":37,"id":373,"length":66.3247,"mcpPosition":[70.5564,749.955,612.038],"pipPosition":[106.11,775.247,626.589],"stabilizedTipPosition":[139.43,776.998,644.253],"timeVisible":14.326,"tipPosition":[148.924,771.989,630.101],"tipVelocity":[258.859,-183.082,-326.649],"tool":false,"touchDistance":0.787525,"touchZone":"none","type":3,"width":19.9505},{"bases":[[[0.032691,0.442485,-0.89618],[-0.868072,0.456977,0.193964],[-0.49536,-0.771608,-0.399048]],[[-0.0850609,0.24802,-0.965013],[-0.863156,0.465466,0.195713],[-0.497721,-0.849605,-0.174487]],[[-0.0850609,0.24802,-0.965013],[-0.460558,0.84906,0.258814],[-0.883545,-0.466459,-0.0420055]],[[-0.0850609,0.24802,-0.965013],[0.45555,0.871047,0.183715],[-0.886137,0.423985,0.187078]]],"btipPosition":[135.881,783.317,662.291],"carpPosition":[38.5998,682.87,626.45],"dipPosition":[120.295,790.774,665.581],"direction":[0.883545,0.466459,0.0420055],"extended":true,"handId":37,"id":371,"length":60.5383,"mcpPosition":[76.2987,741.592,656.819],"pipPosition":[98.3113,779.168,664.536],"stabilizedTipPosition":[129.193,788.362,662.111],"timeVisible":14.326,"tipPosition":[130.332,791.463,659.912],"tipVelocity":[678.178,-861.71,225.598],"tool":false,"touchDistance":0.810873,"touchZone":"none","type":1,"width":21.3475},{"bases":[[[0.112969,0.249739,-0.961701],[-0.860713,0.508154,0.0308541],[-0.496398,-0.824263,-0.272359]],[[0.17339,0.349593,-0.920718],[-0.764205,0.637465,0.0981275],[-0.62123,-0.686603,-0.37769]],[[0.17339,0.349593,-0.920718],[-0.764205,0.637465,0.0981275],[-0.62123,-0.686603,-0.37769]],[[0.17339,0.349593,-0.920718],[0.142091,0.916217,0.374642],[-0.974549,0.195785,-0.109189]]],"btipPosition":[141.474,799.589,667.308],"carpPosition":[37.785,689.72,615.743],"dipPosition":[122.621,803.376,665.196],"direction":[0.62123,0.686603,0.37769],"extended":true,"handId":37,"id":372,"length":68.9786,"mcpPosition":[73.6107,749.208,635.399],"pipPosition":[104.436,783.277,654.14],"stabilizedTipPosition":[131.308,803.704,663.273],"timeVisible":14.326,"tipPosition":[140.867,799.743,657.416],"tipVelocity":[367.364,-263.401,213.14],"tool":false,"touchDistance":0.814019,"touchZone":"none","type":2,"width":20.9661},{"bases":[[[0.187523,-0.0972482,-0.977434],[-0.879057,0.427393,-0.211172],[-0.438284,-0.89882,0.00534063]],[[0.295449,0.140794,-0.944927],[-0.751984,0.644334,-0.139116],[-0.589262,-0.751672,-0.296242]],[[0.295449,0.140794,-0.944927],[-0.292884,0.954803,0.0506895],[-0.909356,-0.261778,-0.323332]],[[0.295449,0.140794,-0.944927],[0.251311,0.942793,0.219053],[-0.921712,0.30219,-0.243164]]],"btipPosition":[127.218,774.11,611.723],"carpPosition":[44.8148,692.927,590.435],"dipPosition":[110.863,779.473,607.408],"direction":[0.909356,0.261778,0.323332],"extended":true,"handId":37,"id":374,"length":51.9974,"mcpPosition":[71.1043,746.841,590.115],"pipPosition":[92.5534,774.202,600.898],"stabilizedTipPosition":[123.753,771.679,618.691],"timeVisible":14.326,"tipPosition":[126,770.706,610.313],"tipVelocity":[2.73314,200.89,-165.955],"tool":false,"touchDistance":0.767276,"touchZone":"none","type":4,"width":17.7216}],"r":[[0.273973,-0.857317,0.435829],[0.94365,0.327108,0.0502505],[-0.185644,0.397503,0.898626]],"s":0.88548,"t":[85.3435,44.8884,29.692],"timestamp":237474449502},{"currentFrameRate":57.6661,"devices":[],"gestures":[],"hands":[{"armBasis":[[-0.293127,-0.235769,-0.926547],[-0.911394,0.361705,0.196294],[-0.288856,-0.901988,0.320904]],"armWidth":68.9788,"confidence":1,"direction":[0.416801,0.866135,0.275838],"elbow":[-46.4715,407.58,694.733],"grabAngle":1.44992,"grabStrength":0,"id":37,"palmNormal":[0.906279,-0.372508,-0.199741],"palmPosition":[70.3728,724.343,626.505],"palmVelocity":[119.681,-61.9522,92.6065],"palmWidth":94.1244,"pinchDistance":53.0047,"pinchStrength":0.33042,"r":[[0.296148,-0.879423,0.372709],[0.95068,0.309072,-0.0261233],[-0.0922205,0.362063,0.927581]],"s":0.854191,"sphereCenter":[132.736,722.302,631.973],"sphereRadius":64.7923,"stabilizedPalmPosition":[63.8759,724.911,622.558],"t":[87.735,44.058,31.0934],"timeVisible":14.3434,"type":"left","wrist":[34.2063,659.506,605.104]}],"id":46587,"interactionBox":{"center":[0,200,0],"size":[235.247,235.247,147.751]},"pointables":[{"bases":[[[-0.757537,0.636287,-0.145864],[-0.511426,-0.439619,0.738362],[-0.405685,-0.633936,-0.658442]],[[-0.649336,0.760496,0.00303553],[-0.445062,-0.383239,0.80935],[-0.616671,-0.524189,-0.587318]],[[-0.649336,0.760496,0.00303553],[-0.321711,-0.2783,0.905014],[-0.689105,-0.586681,-0.42537]],[[-0.649336,0.760496,0.00303553],[-0.00680992,-0.00980575,0.999929],[-0.760472,-0.649269,-0.0115461]]],"btipPosition":[127.559,726.5,674.63],"carpPosition":[53.2075,663.198,629.094],"dipPosition":[109.238,710.858,674.352],"direction":[0.689105,0.586681,0.42537],"extended":true,"handId":37,"id":370,"length":53.6503,"mcpPosition":[53.2075,663.198,629.094],"pipPosition":[85.0506,690.266,659.422],"stabilizedTipPosition":[104.57,730.973,674.894],"timeVisible":14.3434,"tipPosition":[115.075,726.585,677.338],"tipVelocity":[1485.69,-813.241,-575.392],"tool":false,"touchDistance":0.820472,"touchZone":"none","type":0,"width":22.3487},{"bases":[[[0.000728722,0.473933,-0.88056],[-0.833552,0.486746,0.261286],[-0.552441,-0.733802,-0.395403]],[[-0.0881095,0.349776,-0.932681],[-0.839509,0.477899,0.25853],[-0.536155,-0.805772,-0.251533]],[[-0.0881095,0.349776,-0.932681],[-0.0745789,0.931378,0.356333],[-0.993315,-0.100955,0.0559773]],[[-0.0881095,0.349776,-0.932681],[0.445111,0.851468,0.27727],[-0.89113,0.390716,0.230712]]],"btipPosition":[145.048,770.222,664.109],"carpPosition":[38.9038,683.1,628.343],"dipPosition":[129.375,777.094,668.167],"direction":[0.993315,0.100955,-0.0559773],"extended":false,"handId":37,"id":371,"length":60.5383,"mcpPosition":[80.9467,738.946,658.435],"pipPosition":[104.659,774.582,669.56],"stabilizedTipPosition":[139.921,773.861,664.678],"timeVisible":14.3434,"tipPosition":[138.896,780.674,661.969],"tipVelocity":[527.312,-762.657,114.977],"tool":false,"touchDistance":0.812535,"touchZone":"none","type":1,"width":21.3475},{"bases":[[[0.0493392,0.119213,-0.991642],[-0.843415,0.536788,0.0225672],[-0.534992,-0.835253,-0.127031]],[[0.159632,0.290483,-0.943471],[-0.58009,0.800912,0.148441],[-0.798757,-0.523602,-0.296357]],[[0.159632,0.290483,-0.943471],[-0.265158,0.933222,0.242463],[-0.950899,-0.211464,-0.225996]],[[0.159632,0.290483,-0.943471],[0.623333,0.711442,0.32451],[-0.765489,0.639899,0.0674984]]],"btipPosition":[151.579,767.029,633.173],"carpPosition":[38.3333,695.101,606.164],"dipPosition":[136.855,779.337,634.471],"direction":[0.950899,0.211464,0.225996],"extended":true,"handId":37,"id":373,"length":66.3247,"mcpPosition":[72.9996,749.223,614.395],"pipPosition":[109.738,773.306,628.026],"stabilizedTipPosition":[143.64,773.568,639.073],"timeVisible":14.3434,"tipPosition":[152.456,767.541,629.248],"tipVelocity":[126.353,-300.771,-89.869],"tool":false,"touchDistance":0.786226,"touchZone":"none","type":3,"width":19.9505},{"bases":[[[0.125762,-0.0686025,-0.989686],[-0.869403,0.47288,-0.143256],[-0.47783,-0.878452,0.000172953]],[[0.229902,0.130516,-0.964422],[-0.773135,0.626382,-0.0995338],[-0.591106,-0.768512,-0.244913]],[[0.229902,0.130516,-0.964422],[-0.214954,0.973303,0.0804764],[-0.949178,-0.188805,-0.25182]],[[0.229902,0.130516,-0.964422],[0.320085,0.925695,0.201578],[-0.91907,0.355041,-0.171043]]],"btipPosition":[129.065,772.388,609.404],"carpPosition":[43.4681,694.221,592.394],"dipPosition":[112.757,778.688,606.369],"direction":[0.949178,0.188805,0.25182],"extended":true,"handId":37,"id":374,"length":51.9974,"mcpPosition":[72.1296,746.913,592.384],"pipPosition":[93.6458,774.887,601.299],"stabilizedTipPosition":[124.312,772.453,615.111],"timeVisible":14.3434,"tipPosition":[128.477,768.673,609.848],"tipVelocity":[107.121,-86.8445,-116.729],"tool":false,"touchDistance":0.765588,"touchZone":"none","type":4,"width":17.7216},{"bases":[[[0.0681747,0.280468,-0.957439],[-0.833355,0.543634,0.0999103],[-0.548518,-0.791075,-0.270791]],[[0.154711,0.402944,-0.902054],[-0.758586,0.633395,0.15283],[-0.632939,-0.660641,-0.403661]],[[0.154711,0.402944,-0.902054],[-0.758586,0.633395,0.15283],[-0.632939,-0.660641,-0.403661]],[[0.154711,0.402944,-0.902054],[0.190123,0.883838,0.427415],[-0.969493,0.237627,-0.0601308]]],"btipPosition":[146.058,794.992,670.501],"carpPosition":[37.7818,690.376,617.949],"dipPosition":[127.303,799.589,669.338],"direction":[0.632939,0.660641,0.403661],"extended":true,"handId":37,"id":372,"length":68.9786,"mcpPosition":[77.3691,747.469,637.492],"pipPosition":[108.775,780.25,657.522],"stabilizedTipPosition":[137.129,799.434,667.156],"timeVisible":14.3434,"tipPosition":[146.422,794.648,660.532],"tipVelocity":[265.582,-254.265,196.665],"tool":false,"touchDistance":0.816862,"touchZone":"none","type":2,"width":20.9661}],"r":[[0.296148,-0.879423,0.372709],[0.95068,0.309072,-0.0261233],[-0.0922205,0.362063,0.927581]],"s":0.854191,"t":[87.735,44.058,31.0934],"timestamp":237474466848},{"currentFrameRate":57.6695,"devices":[],"gestures":[],"hands":[{"armBasis":[[-0.357675,-0.176553,-0.917005],[-0.891716,0.356189,0.279234],[-0.277327,-0.917583,0.284835]],"armWidth":68.9788,"confidence":1,"direction":[0.4921,0.822258,0.285883],"elbow":[-46.8911,405.851,685.766],"grabAngle":1.30748,"grabStrength":0,"id":37,"palmNormal":[0.861069,-0.411445,-0.298786],"palmPosition":[71.9503,723.56,628.037],"palmVelocity":[91.0328,-45.212,88.4251],"palmWidth":94.1244,"pinchDistance":60.4602,"pinchStrength":0.12753,"r":[[0.303658,-0.902737,0.304725],[0.952772,0.286316,-0.101237],[0.00414258,0.321075,0.947045]],"s":0.861422,"sphereCenter":[126.318,719.612,644.422],"sphereRadius":60.6582,"stabilizedPalmPosition":[65.6795,724.609,623.782],"t":[89.7195,43.251,32.5603],"timeVisible":14.3607,"type":"left","wrist":[30.5667,662.132,606.211]}],"id":46588,"interactionBox":{"center":[0,200,0],"size":[235.247,235.247,147.751]},"pointables":[{"bases":[[[-0.725668,0.686678,-0.0433525],[-0.474074,-0.453337,0.754811],[-0.498659,-0.568294,-0.654508]],[[-0.501125,0.843798,0.192041],[-0.383125,-0.415312,0.825064],[-0.775944,-0.339884,-0.531403]],[[-0.501125,0.843798,0.192041],[-0.16999,-0.313577,0.934223],[-0.848515,-0.435517,-0.300578]],[[-0.501125,0.843798,0.192041],[0.193001,-0.10735,0.975308],[-0.843579,-0.525815,0.109058]]],"btipPosition":[141.432,708.97,664.087],"carpPosition":[51.2581,663.464,628.724],"dipPosition":[121.108,696.301,666.714],"direction":[0.848515,0.435517,0.300578],"extended":false,"handId":37,"id":370,"length":53.6503,"mcpPosition":[51.2581,663.464,628.724],"pipPosition":[91.3257,681.015,656.164],"stabilizedTipPosition":[126.191,714.236,668.04],"timeVisible":14.3607,"tipPosition":[129.362,712.585,669.383],"tipVelocity":[773.957,-972.158,-569.87],"tool":false,"touchDistance":0.812242,"touchZone":"none","type":0,"width":22.3487},{"bases":[[[-0.0436122,0.525674,-0.849567],[-0.776391,0.517342,0.359964],[-0.628741,-0.675295,-0.385566]],[[-0.087206,0.477468,-0.874311],[-0.779088,0.514261,0.35855],[-0.62082,-0.712432,-0.327143]],[[-0.087206,0.477468,-0.874311],[0.0892731,0.877869,0.470507],[-0.992182,0.0370214,0.11918]],[[-0.087206,0.477468,-0.874311],[0.0892731,0.877869,0.470507],[-0.992182,0.0370214,0.11918]]],"btipPosition":[155.665,765.498,669.085],"carpPosition":[38.22,684.169,630.335],"dipPosition":[138.214,766.149,671.182],"direction":[0.992182,-0.0370214,-0.11918],"extended":false,"handId":37,"id":371,"length":60.5383,"mcpPosition":[86.0697,735.562,659.679],"pipPosition":[113.527,767.07,674.147],"stabilizedTipPosition":[150.246,766.632,668.982],"timeVisible":14.3607,"tipPosition":[148.399,770.772,663.664],"tipVelocity":[589.06,-355.194,261.143],"tool":false,"touchDistance":0.816306,"touchZone":"none","type":1,"width":21.3475},{"bases":[[[-0.0268932,0.176135,-0.983999],[-0.803146,0.582269,0.126176],[-0.595176,-0.793687,-0.125803]],[[0.0944762,0.333572,-0.937979],[-0.543225,0.806834,0.232218],[-0.834255,-0.487595,-0.257431]],[[0.0944762,0.333572,-0.937979],[-0.140875,0.937191,0.319103],[-0.985509,-0.10199,-0.135534]],[[0.0944762,0.333572,-0.937979],[0.563283,0.758958,0.326643],[-0.820845,0.559207,0.116192]]],"btipPosition":[157.369,763.515,630.614],"carpPosition":[36.5399,697.506,608.992],"dipPosition":[141.581,774.271,632.849],"direction":[0.985509,0.10199,0.135534],"extended":true,"handId":37,"id":373,"length":66.3247,"mcpPosition":[75.106,748.936,617.144],"pipPosition":[113.477,771.362,628.984],"stabilizedTipPosition":[149.42,769.23,634.526],"timeVisible":14.3607,"tipPosition":[156.149,762.272,626.66],"tipVelocity":[320.037,-223.37,-135.204],"tool":false,"touchDistance":0.784274,"touchZone":"none","type":3,"width":19.9505},{"bases":[[[0.0374775,-0.0155545,-0.999176],[-0.846957,0.530153,-0.0400211],[-0.530338,-0.84776,-0.00669486]],[[0.13642,0.143951,-0.980137],[-0.738816,0.673897,-0.00385802],[-0.659955,-0.724666,-0.198286]],[[0.13642,0.143951,-0.980137],[-0.201844,0.972671,0.114761],[-0.96987,-0.182179,-0.161747]],[[0.13642,0.143951,-0.980137],[0.415133,0.890019,0.188495],[-0.899474,0.432602,-0.0616577]]],"btipPosition":[131.754,770.39,606.767],"carpPosition":[40.4323,697.169,594.797],"dipPosition":[115.794,778.066,605.673],"direction":[0.96987,0.182179,0.161747],"extended":true,"handId":37,"id":374,"length":51.9974,"mcpPosition":[72.2434,748.02,595.199],"pipPosition":[96.2657,774.398,602.417],"stabilizedTipPosition":[125.8,772.335,611.72],"timeVisible":14.3607,"tipPosition":[130.713,766.285,608.529],"tipVelocity":[159.781,-97.0824,-126.388],"tool":false,"touchDistance":0.763763,"touchZone":"none","type":4,"width":17.7216},{"bases":[[[0.00484267,0.333658,-0.942682],[-0.786202,0.583814,0.2026],[-0.61795,-0.740157,-0.26515]],[[0.125219,0.47155,-0.872904],[-0.733349,0.636576,0.238684],[-0.668221,-0.610255,-0.425522]],[[0.125219,0.47155,-0.872904],[-0.733349,0.636576,0.238684],[-0.668221,-0.610255,-0.425522]],[[0.125219,0.47155,-0.872904],[0.32509,0.811754,0.485151],[-0.937356,0.344522,0.051649]]],"btipPosition":[152.136,787.013,672.207],"carpPosition":[36.6865,692.115,620.499],"dipPosition":[134.002,793.678,673.206],"direction":[0.668221,0.610255,0.425522],"extended":true,"handId":37,"id":372,"length":68.9786,"mcpPosition":[81.2848,745.533,639.636],"pipPosition":[114.441,775.814,660.75],"stabilizedTipPosition":[144.267,792.262,670.634],"timeVisible":14.3607,"tipPosition":[153.196,787.492,662.328],"tipVelocity":[358.966,-433,127.121],"tool":false,"touchDistance":0.818697,"touchZone":"none","type":2,"width":20.9661}],"r":[[0.303658,-0.902737,0.304725],[0.952772,0.286316,-0.101237],[0.00414258,0.321075,0.947045]],"s":0.861422,"t":[89.7195,43.251,32.5603],"timestamp":237474484177},{"currentFrameRate":57.6588,"devices":[],"gestures":[],"hands":[{"armBasis":[[-0.327356,-0.145096,-0.933694],[-0.898012,0.355185,0.259649],[-0.29396,-0.923466,0.24657]],"armWidth":68.9788,"confidence":1,"direction":[0.53631,0.789794,0.297653],"elbow":[-53.0447,405.488,675.406],"grabAngle":1.3097,"grabStrength":0,"id":37,"palmNormal":[0.838062,-0.456477,-0.298799],"palmPosition":[73.2925,722.361,629.579],"palmVelocity":[77.2317,-68.9925,88.7158],"palmWidth":94.1244,"pinchDistance":61.7896,"pinchStrength":0.123489,"r":[[0.294047,-0.923121,0.247759],[0.952125,0.260224,-0.160443],[0.0836357,0.283076,0.955444]],"s":0.87991,"sphereCenter":[122.916,713.686,660.383],"sphereRadius":62.8818,"stabilizedPalmPosition":[67.1506,724.175,624.902],"t":[91.3828,42.248,34.0646],"timeVisible":14.3781,"type":"left","wrist":[29.0588,663.413,606.538]}],"id":46589,"interactionBox":{"center":[0,200,0],"size":[235.247,235.247,147.751]},"pointables":[{"bases":[[[-0.685221,0.727262,-0.0395222],[-0.503521,-0.43381,0.747178],[-0.526249,-0.531883,-0.663448]],[[-0.399404,0.883727,0.243933],[-0.391863,-0.405112,0.826031],[-0.828806,-0.234332,-0.508103]],[[-0.399404,0.883727,0.243933],[-0.135782,-0.320165,0.937581],[-0.906664,-0.341352,-0.24787]],[[-0.399404,0.883727,0.243933],[0.247395,-0.152311,0.956868],[-0.882764,-0.442525,0.157796]]],"btipPosition":[145.105,698.278,660.62],"carpPosition":[49.2165,663.535,629.485],"dipPosition":[123.837,687.617,664.422],"direction":[0.906664,0.341352,0.24787],"extended":false,"handId":37,"id":370,"length":53.6503,"mcpPosition":[49.2165,663.535,629.485],"pipPosition":[92.0136,675.636,655.722],"stabilizedTipPosition":[136.549,700.637,663.205],"timeVisible":14.3781,"tipPosition":[133.56,703.366,667.6],"tipVelocity":[198.855,-588.625,-183.926],"tool":false,"touchDistance":0.809579,"touchZone":"none","type":0,"width":22.3487},{"bases":[[[-0.00864924,0.536492,-0.843861],[-0.74787,0.556717,0.361603],[-0.663789,-0.634226,-0.396411]],[[0.00387953,0.548366,-0.83623],[-0.727968,0.574877,0.373603],[-0.6856,-0.607299,-0.401423]],[[0.00387953,0.548366,-0.83623],[0.187509,0.821004,0.539251],[-0.982255,0.158892,0.0996382]],[[0.00387953,0.548366,-0.83623],[0.187509,0.821004,0.539251],[-0.982255,0.158892,0.0996382]]],"btipPosition":[159.922,753.307,674.949],"carpPosition":[37.3662,684.929,631.258],"dipPosition":[142.645,756.102,676.701],"direction":[0.982255,-0.158892,-0.0996382],"extended":false,"handId":37,"id":371,"length":60.5383,"mcpPosition":[87.8831,733.196,661.427],"pipPosition":[118.205,760.055,679.18],"stabilizedTipPosition":[155.201,755.611,674.517],"timeVisible":14.3781,"tipPosition":[153.321,761.306,669.081],"tipVelocity":[247.256,-673.111,332.834],"tool":false,"touchDistance":0.821127,"touchZone":"none","type":1,"width":21.3475},{"bases":[[[0.0293711,0.343053,-0.938857],[-0.752957,0.625343,0.204942],[-0.657414,-0.700899,-0.276671]],[[0.181293,0.496496,-0.848896],[-0.706564,0.666166,0.238725],[-0.684032,-0.55652,-0.471577]],[[0.181293,0.496496,-0.848896],[-0.706564,0.666166,0.238725],[-0.684032,-0.55652,-0.471577]],[[0.181293,0.496496,-0.848896],[0.380257,0.76067,0.526104],[-0.906938,0.418178,0.0508917]]],"btipPosition":[155.301,779.456,677.691],"carpPosition":[36.3448,693.056,621.504],"dipPosition":[137.756,787.546,678.675],"direction":[0.684032,0.55652,0.471577],"extended":true,"handId":37,"id":372,"length":68.9786,"mcpPosition":[83.7912,743.641,641.471],"pipPosition":[117.732,771.255,664.871],"stabilizedTipPosition":[148.719,785.299,675.267],"timeVisible":14.3781,"tipPosition":[156.601,781.217,667.434],"tipVelocity":[189.923,-415.958,315.352],"tool":false,"touchDistance":0.823264,"touchZone":"none","type":2,"width":20.9661},{"bases":[[[-0.011016,0.188047,-0.982098],[-0.769508,0.625593,0.128417],[-0.638542,-0.757147,-0.137812]],[[0.117076,0.335858,-0.934608],[-0.511043,0.827295,0.233277],[-0.851545,-0.450313,-0.268495]],[[0.117076,0.335858,-0.934608],[-0.0660743,0.941629,0.330104],[-0.990922,-0.0231061,-0.132434]],[[0.117076,0.335858,-0.934608],[0.547867,0.763083,0.34285],[-0.828333,0.552181,0.0946665]]],"btipPosition":[161.306,758.383,633.292],"carpPosition":[36.5728,698.571,610.057],"dipPosition":[145.374,769.004,635.113],"direction":[0.990922,0.0231061,0.132434],"extended":true,"handId":37,"id":373,"length":66.3247,"mcpPosition":[77.949,747.633,618.987],"pipPosition":[117.115,768.345,631.336],"stabilizedTipPosition":[154.665,763.868,634.006],"timeVisible":14.3781,"tipPosition":[159.456,756.487,629.334],"tipVelocity":[224.611,-297.085,148.573],"tool":false,"touchDistance":0.786425,"touchZone":"none","type":3,"width":19.9505},{"bases":[[[0.0424512,-0.00681664,-0.999075],[-0.815224,0.577859,-0.0385819],[-0.577588,-0.816108,-0.0189737]],[[0.142595,0.135708,-0.980434],[-0.686285,0.727332,0.000860577],[-0.713218,-0.672734,-0.196848]],[[0.142595,0.135708,-0.980434],[-0.228946,0.968215,0.100718],[-0.962938,-0.210104,-0.169132]],[[0.142595,0.135708,-0.980434],[0.472481,0.861077,0.187905],[-0.869729,0.490031,-0.058666]]],"btipPosition":[135.951,767.142,608.63],"carpPosition":[40.5238,698.167,595.88],"dipPosition":[120.518,775.837,607.589],"direction":[0.962938,0.210104,0.169132],"extended":true,"handId":37,"id":374,"length":51.9974,"mcpPosition":[75.1691,747.119,597.018],"pipPosition":[101.13,771.607,604.183],"stabilizedTipPosition":[129.09,770.744,610.06],"timeVisible":14.3781,"tipPosition":[134.326,762.489,610.654],"tipVelocity":[248.484,-173.376,107.865],"tool":false,"touchDistance":0.765325,"touchZone":"none","type":4,"width":17.7216}],"r":[[0.294047,-0.923121,0.247759],[0.952125,0.260224,-0.160443],[0.0836357,0.283076,0.955444]],"s":0.87991,"t":[91.3828,42.248,34.0646],"timestamp":237474501556},{"currentFrameRate":57.6404,"devices":[],"gestures":[],"hands":[{"armBasis":[[-0.285023,-0.122343,-0.950681],[-0.899323,0.377286,0.221072],[-0.331632,-0.91798,0.217561]],"armWidth":68.9788,"confidence":1,"direction":[0.549874,0.774104,0.31369],"elbow":[-63.674,406.892,667.685],"grabAngle":1.33251,"grabStrength":0,"id":37,"palmNormal":[0.833548,-0.484638,-0.265187],"palmPosition":[74.1224,720.94,631.571],"palmVelocity":[47.6663,-81.5693,114.446],"palmWidth":94.1244,"pinchDistance":61.1424,"pinchStrength":0.138735,"r":[[0.275704,-0.939007,0.205558],[0.950828,0.235014,-0.201729],[0.141115,0.251068,0.957628]],"s":0.895312,"sphereCenter":[124.441,708.397,662.885],"sphereRadius":63.6825,"stabilizedPalmPosition":[68.1606,723.706,625.868],"t":[92.6294,41.0364,35.813],"timeVisible":14.3955,"type":"left","wrist":[28.951,663.285,606.92]}],"id":46590,"interactionBox":{"center":[0,200,0],"size":[235.247,235.247,147.751]},"pointables":[{"bases":[[[-0.659679,0.748421,-0.0684814],[-0.54451,-0.413157,0.729938],[-0.518007,-0.518814,-0.680074]],[[-0.359719,0.901198,0.241754],[-0.420028,-0.387763,0.820498],[-0.833174,-0.193605,-0.518014]],[[-0.359719,0.901198,0.241754],[-0.215996,-0.332488,0.91804],[-0.907716,-0.278019,-0.314257]],[[-0.359719,0.901198,0.241754],[0.185332,-0.184925,0.965119],[-0.914469,-0.391977,0.1005]]],"btipPosition":[145.112,692.11,666.216],"carpPosition":[48.1979,662.911,630.859],"dipPosition":[123.081,682.666,668.638],"direction":[0.907716,0.278019,0.314257],"extended":false,"handId":37,"id":370,"length":53.6503,"mcpPosition":[48.1979,662.911,630.859],"pipPosition":[91.2206,672.908,657.607],"stabilizedTipPosition":[138.833,693.646,665.537],"timeVisible":14.3955,"tipPosition":[133.582,698.555,671.053],"tipVelocity":[-9.64753,-338.231,303.203],"tool":false,"touchDistance":0.813978,"touchZone":"none","type":0,"width":22.3487},{"bases":[[[0.0398249,0.531486,-0.84613],[-0.742589,0.582332,0.330834],[-0.668563,-0.615151,-0.417867]],[[0.0802725,0.567793,-0.819248],[-0.660765,0.645672,0.382749],[-0.746288,-0.510606,-0.427008]],[[0.0802725,0.567793,-0.819248],[0.18694,0.798741,0.571897],[-0.979086,0.199058,0.0420264]],[[0.0802725,0.567793,-0.819248],[0.18694,0.798741,0.571897],[-0.979086,0.199058,0.0420264]]],"btipPosition":[162.448,745.624,680.99],"carpPosition":[36.9801,684.68,632.088],"dipPosition":[145.228,749.125,681.729],"direction":[0.979086,-0.199058,-0.0420264],"extended":false,"handId":37,"id":371,"length":60.5383,"mcpPosition":[87.8603,731.495,663.889],"pipPosition":[120.866,754.078,682.774],"stabilizedTipPosition":[157.836,748.249,679.843],"timeVisible":14.3955,"tipPosition":[154.975,754.828,675.638],"tipVelocity":[145.858,-431.963,333.588],"tool":false,"touchDistance":0.825966,"touchZone":"none","type":1,"width":21.3475},{"bases":[[[0.0751393,0.336378,-0.938725],[-0.739663,0.650156,0.173768],[-0.668769,-0.681283,-0.297659]],[[0.22359,0.480953,-0.847757],[-0.682291,0.698366,0.21625],[-0.696051,-0.530065,-0.484297]],[[0.22359,0.480953,-0.847757],[-0.682291,0.698366,0.21625],[-0.696051,-0.530065,-0.484297]],[[0.22359,0.480953,-0.847757],[0.453185,0.718745,0.527285],[-0.86292,0.502086,0.0572561]]],"btipPosition":[156.454,774.052,680.846],"carpPosition":[36.5816,692.777,622.264],"dipPosition":[139.761,783.765,681.953],"direction":[0.696051,0.530065,0.484297],"extended":true,"handId":37,"id":372,"length":68.9786,"mcpPosition":[84.8476,741.946,643.746],"pipPosition":[119.385,768.248,667.776],"stabilizedTipPosition":[151.201,779.555,678.984],"timeVisible":14.3955,"tipPosition":[157.17,777.213,673.316],"tipVelocity":[77.4809,-288.992,182.842],"tool":false,"touchDistance":0.825917,"touchZone":"none","type":2,"width":20.9661},{"bases":[[[0.0314491,0.18248,-0.982706],[-0.753347,0.650478,0.0966791],[-0.656871,-0.737278,-0.157928]],[[0.16231,0.32638,-0.931199],[-0.485661,0.847916,0.212538],[-0.858946,-0.417751,-0.296135]],[[0.16231,0.32638,-0.931199],[-0.0475839,0.945204,0.322994],[-0.985592,0.00811493,-0.168946]],[[0.16231,0.32638,-0.931199],[0.558044,0.747936,0.359415],[-0.813783,0.577987,0.060737]]],"btipPosition":[163.24,753.855,638.311],"carpPosition":[37.4105,698.215,610.807],"dipPosition":[147.588,764.972,639.479],"direction":[0.985592,-0.00811493,0.168946],"extended":true,"handId":37,"id":373,"length":66.3247,"mcpPosition":[79.9743,745.989,621.04],"pipPosition":[119.481,765.203,634.661],"stabilizedTipPosition":[157.402,759.766,636.522],"timeVisible":14.3955,"tipPosition":[161.242,752.412,634.481],"tipVelocity":[114.777,-253.549,279.655],"tool":false,"touchDistance":0.790483,"touchZone":"none","type":3,"width":19.9505},{"bases":[[[0.0792515,-0.0140815,-0.996755],[-0.794338,0.603233,-0.0716795],[-0.602285,-0.797441,-0.0366216]],[[0.198875,0.14674,-0.968977],[-0.649606,0.760053,-0.0182259],[-0.733799,-0.633078,-0.246479]],[[0.198875,0.14674,-0.968977],[-0.285658,0.954473,0.0859142],[-0.937469,-0.25971,-0.231738]],[[0.198875,0.14674,-0.968977],[0.504591,0.832269,0.2296],[-0.840141,0.534598,-0.0914741]]],"btipPosition":[138.49,764.221,614.247],"carpPosition":[41.8698,697.601,596.789],"dipPosition":[123.582,773.707,612.624],"direction":[0.937469,0.25971,0.231738],"extended":true,"handId":37,"id":374,"length":51.9974,"mcpPosition":[77.9964,745.434,598.986],"pipPosition":[104.707,768.478,607.958],"stabilizedTipPosition":[131.373,769.084,611.518],"timeVisible":14.3955,"tipPosition":[136.86,759.766,614.655],"tipVelocity":[152.754,-157.337,314.959],"tool":false,"touchDistance":0.769895,"touchZone":"none","type":4,"width":17.7216}],"r":[[0.275704,-0.939007,0.205558],[0.950828,0.235014,-0.201729],[0.141115,0.251068,0.957628]],"s":0.895312,"t":[92.6294,41.0364,35.813],"timestamp":237474518966},{"currentFrameRate":57.6724,"devices":[],"gestures":[],"hands":[{"armBasis":[[-0.199875,-0.133563,-0.970676],[-0.904364,0.406383,0.130303],[-0