{"frames": 420, "data": [{"currentFrameRate": 57.6352, "devices": [], "gestures": [], "hands": [{"armBasis": [[0.832975, 0.317919, -0.452857], [0.205079, 0.582767, 0.786337], [0.513902, -0.747871, 0.420232]], "armWidth": 59, "confidence": 1, "direction": [0.00847734, 0.756627, -0.653792], "elbow": [-168.076, -27.3246, 235.233], "grabAngle": 2.01979, "grabStrength": 0.229755, "id": 2, "palmNormal": [0.20502, -0.641241, -0.739444], "palmPosition": [-26.0101, 211.476, 84.479], "palmVelocity": [-2.31673, -1.79833, 5.01802], "palmWidth": 84.25, "pinchDistance": 56.3151, "pinchStrength": 0.665848, "r": [[0.999748, 0.0203757, 0.00947003], [-0.0207345, 0.999005, 0.0394776], [-0.00865622, -0.039664, 0.999176]], "s": 1.13442, "sphereCenter": [-10.1176, 197.581, 40.353], "sphereRadius": 45.0357, "stabilizedPalmPosition": [-29.0684, 209.937, 89.8411], "t": [4.97991, 1.43769, -8.97772], "timeVisible": 2.09873, "type": "left", "wrist": [-39.6009, 159.643, 130.175]}], "id": 572, "interactionBox": {"center": [0, 200, 0], "size": [235.247, 235.247, 147.751]}, "pointables": [{"bases": [[[0.575556, 0.669771, 0.469194], [-0.692673, 0.0943172, 0.715059], [0.434672, -0.736554, 0.518217]], [[0.329883, 0.923066, 0.197802], [-0.873127, 0.218671, 0.435698], [0.358925, -0.316436, 0.87809]], [[0.329883, 0.923066, 0.197802], [-0.931119, 0.283628, 0.229285], [0.155543, -0.259815, 0.953049]], [[0.329883, 0.923066, 0.197802], [-0.940545, 0.339339, -0.0149757], [-0.0809455, -0.181102, 0.980128]]], "btipPosition": [13.4419, 196.623, 25.9959], "carpPosition": [-6.30399, 169.87, 117.908], "dipPosition": [15.196, 192.698, 47.2353], "direction": [0.155543, 0.259815, -0.953049], "extended": false, "handId": 2, "id": 20, "length": 48.2559, "mcpPosition": [-6.30399, 169.87, 117.908], "pipPosition": [10.2855, 184.496, 77.3231], "stabilizedTipPosition": [12.9982, 193.713, 32.882], "timeVisible": 2.09873, "tipPosition": [10.7286, 196.678, 30.7259], "tipVelocity": [-3.15716, -1.03253, 3.93189], "tool": false, "touchDistance": 0.251547, "touchZone": "hovering", "type": 0, "width": 18.75}, {"bases": [[[0.963404, 0.00108129, -0.268053], [0.177135, 0.747974, 0.639655], [0.201188, -0.663727, 0.720409]], [[0.956787, 0.0214161, -0.289999], [0.118551, 0.881914, 0.45626], [0.265526, -0.470924, 0.841265]], [[0.956787, 0.0214161, -0.289999], [-0.0342142, 0.998648, -0.0391332], [0.288769, 0.0473643, 0.956227]], [[0.956787, 0.0214161, -0.289999], [-0.095377, 0.965227, -0.243394], [0.274702, 0.260536, 0.925559]]], "btipPosition": [17.8351, 246.787, 5.03674], "carpPosition": [-17.2409, 188.022, 123.619], "dipPosition": [13.4893, 250.909, 19.6791], "direction": [0.288769, -0.0473643, -0.956227], "extended": true, "handId": 2, "id": 21, "length": 54.4514, "mcpPosition": [-3.53593, 233.235, 74.545], "pipPosition": [7.02668, 251.969, 41.0794], "stabilizedTipPosition": [17.4828, 249.579, 6.49411], "timeVisible": 2.09873, "tipPosition": [16.0914, 243.804, 9.44635], "tipVelocity": [-4.50895, -9.08115, 6.93005], "tool": false, "touchDistance": 0.240236, "touchZone": "hovering", "type": 1, "width": 17.91}, {"bases": [[[0.93732, -0.216128, -0.27335], [0.341834, 0.722635, 0.60079], [0.0676851, -0.656572, 0.75122]], [[0.933688, -0.188597, -0.304398], [0.278024, 0.917535, 0.28431], [0.225676, -0.350086, 0.909126]], [[0.933688, -0.188597, -0.304398], [0.023253, 0.880203, -0.474027], [0.357332, 0.435515, 0.826221]], [[0.933688, -0.188597, -0.304398], [-0.189768, 0.460278, -0.867256], [0.30367, 0.867511, 0.393966]]], "btipPosition": [0.860662, 221.053, 3.49877], "carpPosition": [-28.2761, 189.576, 121.211], "dipPosition": [-4.42319, 236.147, 10.3538], "direction": [0.357332, -0.435515, -0.826221], "extended": false, "handId": 2, "id": 22, "length": 62.043, "mcpPosition": [-23.9037, 231.99, 72.6825], "pipPosition": [-13.8318, 247.614, 32.1082], "stabilizedTipPosition": [0.281498, 225.744, 2.90521], "timeVisible": 2.09873, "tipPosition": [-0.0610272, 221.648, 5.78806], "tipVelocity": [-3.19747, -0.631379, 4.205], "tool": false, "touchDistance": 0.190026, "touchZone": "hovering", "type": 2, "width": 17.59}, {"bases": [[[0.90861, -0.364248, -0.20433], [0.409911, 0.684049, 0.603366], [-0.0800035, -0.631981, 0.770843]], [[0.907145, -0.374769, -0.191406], [0.331171, 0.916409, -0.224767], [0.259642, 0.140508, 0.955428]], [[0.907145, -0.374769, -0.191406], [-0.104135, 0.240782, -0.964977], [0.407731, 0.895306, 0.179398]], [[0.907145, -0.374769, -0.191406], [-0.310107, -0.287867, -0.906072], [0.284468, 0.881295, -0.377356]]], "btipPosition": [-17.6387, 180.861, 35.7391], "carpPosition": [-39.1194, 188.23, 118.047], "dipPosition": [-22.56, 196.108, 29.2108], "direction": [0.407731, -0.895306, -0.179398], "extended": false, "handId": 2, "id": 23, "length": 59.656, "mcpPosition": [-43.7597, 224.885, 73.3385], "pipPosition": [-33.0183, 219.072, 33.8124], "stabilizedTipPosition": [-19.7041, 182.553, 36.4912], "timeVisible": 2.09873, "tipPosition": [-18.4195, 183.589, 34.3128], "tipVelocity": [-2.54739, -1.36121, 4.31645], "tool": false, "touchDistance": 0.232397, "touchZone": "hovering", "type": 3, "width": 16.738}, {"bases": [[[0.812941, -0.542929, -0.210606], [0.537554, 0.560528, 0.629956], [-0.223971, -0.625329, 0.74753]], [[0.802666, -0.569066, -0.178582], [0.521977, 0.815105, -0.251283], [0.28856, 0.108481, 0.951296]], [[0.802666, -0.569066, -0.178582], [-0.0328372, 0.256801, -0.965906], [0.595524, 0.781164, 0.187439]], [[0.802666, -0.569066, -0.178582], [-0.344987, -0.198731, -0.917327], [0.48653, 0.797916, -0.355835]]], "btipPosition": [-32.5158, 183.888, 43.5838], "carpPosition": [-48.4882, 180.748, 112.58], "dipPosition": [-40.2808, 196.623, 37.9047], "direction": [0.595524, -0.781164, -0.187439], "extended": false, "handId": 2, "id": 24, "length": 46.7692, "mcpPosition": [-60.5132, 214.322, 72.4446], "pipPosition": [-51.0657, 210.77, 41.2992], "stabilizedTipPosition": [-35.7957, 185.027, 44.5645], "timeVisible": 2.09873, "tipPosition": [-34.0076, 186.536, 41.8093], "tipVelocity": [-2.42466, -1.58978, 4.46367], "tool": false, "touchDistance": 0.240206, "touchZone": "hovering", "type": 4, "width": 14.868}], "r": [[0.999748, 0.0203757, 0.00947003], [-0.0207345, 0.999005, 0.0394776], [-0.00865622, -0.039664, 0.999176]], "s": 1.13442, "t": [-4.97991, 1.43769, -8.97772], "timestamp": 145064159821}, {"currentFrameRate": 57.6583, "devices": [], "gestures": [], "hands": [{"armBasis": [[0.833056, 0.317226, -0.453195], [0.205988, 0.582441, 0.78634], [0.513407, -0.748418, 0.419861]], "armWidth": 59, "confidence": 1, "direction": [0.00801184, 0.756307, -0.654168], "elbow": [-167.97, -27.5499, 235.163], "grabAngle": 2.02217, "grabStrength": 0.23348, "id": 2, "palmNormal": [0.205972, -0.641409, -0.739033], "palmPosition": [-26.0585, 211.381, 84.4859], "palmVelocity": [-2.80231, -5.48485, 0.400801], "palmWidth": 84.25, "pinchDistance": 56.3168, "pinchStrength": 0.666498, "r": [[0.99975, 0.0202521, 0.00951217], [-0.0206096, 0.999022, 0.0391204], [-0.00871059, -0.0393066, 0.999189]], "s": 1.13395, "sphereCenter": [-10.0532, 197.529, 40.418], "sphereRadius": 45.0154, "stabilizedPalmPosition": [-29.0668, 209.937, 89.8383], "t": [4.93386, 1.3772, -8.93113], "timeVisible": 2.11599, "type": "left", "wrist": [-39.6186, 159.555, 130.198]}], "id": 573, "interactionBox": {"center": [0, 200, 0], "size": [235.247, 235.247, 147.751]}, "pointables": [{"bases": [[[0.576419, 0.669437, 0.468609], [-0.692271, 0.0953601, 0.715309], [0.434168, -0.736723, 0.518399]], [[0.330814, 0.922877, 0.197128], [-0.872812, 0.219787, 0.435768], [0.358834, -0.316214, 0.878207]], [[0.330814, 0.922877, 0.197128], [-0.93082, 0.284713, 0.229156], [0.155358, -0.259299, 0.95322]], [[0.330814, 0.922877, 0.197128], [-0.940185, 0.340314, -0.0154308], [-0.0813262, -0.180232, 0.980256]]], "btipPosition": [13.4019, 196.519, 26.0186], "carpPosition": [-6.32571, 169.812, 117.945], "dipPosition": [15.1643, 192.613, 47.2608], "direction": [0.155358, 0.259299, -0.95322], "extended": false, "handId": 2, "id": 20, "length": 48.2559, "mcpPosition": [-6.32571, 169.812, 117.945], "pipPosition": [10.2596, 184.427, 77.3539], "stabilizedTipPosition": [12.9995, 193.716, 32.8789], "timeVisible": 2.11599, "tipPosition": [10.725, 196.59, 30.7564], "tipVelocity": [-2.20612, -5.76309, 1.3518], "tool": false, "touchDistance": 0.251936, "touchZone": "hovering", "type": 0, "width": 18.75}, {"bases": [[[0.963289, -4.96144e-06, -0.268468], [0.17815, 0.748119, 0.639203], [0.200843, -0.663564, 0.720656]], [[0.956673, 0.0203535, -0.290452], [0.119791, 0.881702, 0.456346], [0.26538, -0.471367, 0.841062]], [[0.956673, 0.0203535, -0.290452], [-0.0337211, 0.998586, -0.0410926], [0.289205, 0.0491065, 0.956007]], [[0.956673, 0.0203535, -0.290452], [-0.0973955, 0.962459, -0.253351], [0.274392, 0.270663, 0.922741]]], "btipPosition": [17.7686, 246.528, 5.09998], "carpPosition": [-17.283, 187.956, 123.642], "dipPosition": [13.4277, 250.81, 19.6977], "direction": [0.289205, -0.0491065, -0.956007], "extended": true, "handId": 2, "id": 21, "length": 54.4514, "mcpPosition": [-3.60154, 233.158, 74.5506], "pipPosition": [6.95529, 251.909, 41.0932], "stabilizedTipPosition": [17.4798, 249.57, 6.50249], "timeVisible": 2.11599, "tipPosition": [16.0502, 243.749, 9.44594], "tipVelocity": [-3.78844, -12.8685, 3.06864], "tool": false, "touchDistance": 0.241119, "touchZone": "hovering", "type": 1, "width": 17.91}, {"bases": [[[0.936988, -0.217191, -0.273645], [0.342806, 0.722598, 0.600279], [0.0673604, -0.656262, 0.75152]], [[0.933338, -0.189471, -0.304929], [0.279062, 0.917248, 0.284221], [0.225844, -0.350368, 0.908976]], [[0.933338, -0.189471, -0.304929], [0.0241957, 0.880652, -0.473145], [0.358184, 0.434226, 0.82653]], [[0.933338, -0.189471, -0.304929], [-0.189387, 0.461714, -0.866575], [0.304981, 0.866557, 0.395052]]], "btipPosition": [0.849806, 221.017, 3.47596], "carpPosition": [-28.3187, 189.497, 121.228], "dipPosition": [-4.45686, 236.095, 10.3499], "direction": [0.358184, -0.434226, -0.82653], "extended": false, "handId": 2, "id": 22, "length": 62.043, "mcpPosition": [-23.9672, 231.892, 72.68], "pipPosition": [-13.8878, 247.528, 32.1124], "stabilizedTipPosition": [0.279948, 225.741, 2.91032], "timeVisible": 2.11599, "tipPosition": [-0.0870068, 221.554, 5.79727], "tipVelocity": [-0.93263, -2.27476, -1.06923], "tool": false, "touchDistance": 0.189718, "touchZone": "hovering", "type": 2, "width": 17.59}, {"bases": [[[0.908162, -0.365248, -0.204538], [0.410847, 0.683946, 0.602846], [-0.0802954, -0.631515, 0.771195]], [[0.906707, -0.375658, -0.191737], [0.331662, 0.915909, -0.226078], [0.260542, 0.141394, 0.955053]], [[0.906707, -0.375658, -0.191737], [-0.10474, 0.239813, -0.965153], [0.408548, 0.895193, 0.178094]], [[0.906707, -0.375658, -0.191737], [-0.310994, -0.288411, -0.905595], [0.284894, 0.880738, -0.378332]]], "btipPosition": [-17.6299, 180.719, 35.7975], "carpPosition": [-39.1593, 188.139, 118.06], "dipPosition": [-22.5586, 195.956, 29.2524], "direction": [0.408548, -0.895193, -0.178094], "extended": false, "handId": 2, "id": 23, "length": 59.656, "mcpPosition": [-43.8165, 224.767, 73.331], "pipPosition": [-33.0379, 218.918, 33.8205], "stabilizedTipPosition": [-19.7029, 182.555, 36.4884], "timeVisible": 2.11599, "tipPosition": [-18.4198, 183.479, 34.3368], "tipVelocity": [0.406833, -8.35291, 3.15852], "tool": false, "touchDistance": 0.233306, "touchZone": "hovering", "type": 3, "width": 16.738}, {"bases": [[[0.812313, -0.543838, -0.210683], [0.538379, 0.560313, 0.629443], [-0.224266, -0.624732, 0.74794]], [[0.802034, -0.56993, -0.178664], [0.522522, 0.814427, -0.252349], [0.28933, 0.109036, 0.950999]], [[0.802034, -0.56993, -0.178664], [-0.0332653, 0.256043, -0.966093], [0.596351, 0.780783, 0.186396]], [[0.802034, -0.56993, -0.178664], [-0.345871, -0.199301, -0.916871], [0.486944, 0.797157, -0.356968]]], "btipPosition": [-32.5149, 183.754, 43.6212], "carpPosition": [-48.5183, 180.645, 112.592], "dipPosition": [-40.2866, 196.477, 37.9239], "direction": [0.596351, -0.780783, -0.186396], "extended": false, "handId": 2, "id": 24, "length": 46.7692, "mcpPosition": [-60.5592, 214.187, 72.4353], "pipPosition": [-51.0865, 210.617, 41.2996], "stabilizedTipPosition": [-35.794, 185.029, 44.5619], "timeVisible": 2.11599, "tipPosition": [-34.0134, 186.412, 41.826], "tipVelocity": [-0.0404419, -7.92095, 1.92166], "tool": false, "touchDistance": 0.240759, "touchZone": "hovering", "type": 4, "width": 14.868}], "r": [[0.99975, 0.0202521, 0.00951217], [-0.0206096, 0.999022, 0.0391204], [-0.00871059, -0.0393066, 0.999189]], "s": 1.13395, "t": [-4.93386, 1.3772, -8.93113], "timestamp": 145064177088}, {"currentFrameRate": 57.7048, "devices": [], "gestures": [], "hands": [{"armBasis": [[0.833861, 0.318783, -0.450614], [0.203731, 0.580976, 0.78801], [0.513, -0.748895, 0.419508]], "armWidth": 59, "confidence": 1, "direction": [0.00768838, 0.755801, -0.654756], "elbow": [-167.924, -27.6997, 235.137], "grabAngle": 2.02477, "grabStrength": 0.237304, "id": 2, "palmNormal": [0.203756, -0.642223, -0.738941], "palmPosition": [-26.1425, 211.315, 84.5019], "palmVelocity": [-4.88759, -3.86397, 0.932618], "palmWidth": 84.25, "pinchDistance": 56.2547, "pinchStrength": 0.665869, "r": [[0.999743, 0.0204023, 0.00992746], [-0.0207719, 0.999036, 0.0386749], [-0.00912883, -0.0388712, 0.999203]], "s": 1.13314, "sphereCenter": [-10.2854, 197.378, 40.406], "sphereRadius": 44.9988, "stabilizedPalmPosition": [-29.0636, 209.939, 89.8325], "t": [4.86886, 1.31377, -8.89983], "timeVisible": 2.13317, "type": "left", "wrist": [-39.6735, 159.524, 130.26]}], "id": 574, "interactionBox": {"center": [0, 200, 0], "size": [235.247, 235.247, 147.751]}, "pointables": [{"bases": [[[0.574688, 0.670505, 0.469209], [-0.693764, 0.0950443, 0.713904], [0.43408, -0.735792, 0.519793]], [[0.32922, 0.923477, 0.196987], [-0.873827, 0.218906, 0.434173], [0.357828, -0.315071, 0.879028]], [[0.32922, 0.923477, 0.196987], [-0.93155, 0.28354, 0.227638], [0.154365, -0.258446, 0.953613]], [[0.32922, 0.923477, 0.196987], [-0.940644, 0.338968, -0.01701], [-0.0824807, -0.179694, 0.980259]]], "btipPosition": [13.228, 196.362, 25.9778], "carpPosition": [-6.39673, 169.746, 117.954], "dipPosition": [15.0154, 192.468, 47.22], "direction": [0.154365, 0.258446, -0.953613], "extended": false, "handId": 2, "id": 20, "length": 48.2559, "mcpPosition": [-6.39673, 169.746, 117.954], "pipPosition": [10.1421, 184.309, 77.3256], "stabilizedTipPosition": [13.0011, 193.72, 32.874], "timeVisible": 2.13317, "tipPosition": [10.5275, 196.435, 30.7134], "tipVelocity": [-9.7907, -8.97375, -2.37671], "tool": false, "touchDistance": 0.251256, "touchZone": "hovering", "type": 0, "width": 18.75}, {"bases": [[[0.963803, 0.000984705, -0.266615], [0.175994, 0.748823, 0.638976], [0.200277, -0.662769, 0.721545]], [[0.957201, 0.0213289, -0.288638], [0.117763, 0.882293, 0.455731], [0.264383, -0.470217, 0.84202]], [[0.957201, 0.0213289, -0.288638], [-0.0356069, 0.998383, -0.0443065], [0.287226, 0.0526877, 0.956413]], [[0.957201, 0.0213289, -0.288638], [-0.101869, 0.958294, -0.267012], [0.270905, 0.284988, 0.919452]]], "btipPosition": [17.5533, 246.074, 5.06115], "carpPosition": [-17.3206, 187.908, 123.659], "dipPosition": [13.2676, 250.582, 19.6069], "direction": [0.287226, -0.0526877, -0.956413], "extended": true, "handId": 2, "id": 21, "length": 54.4514, "mcpPosition": [-3.67772, 233.056, 74.5069], "pipPosition": [6.83945, 251.761, 41.0114], "stabilizedTipPosition": [17.4741, 249.555, 6.5143], "timeVisible": 2.13317, "tipPosition": [15.8724, 243.627, 9.34215], "tipVelocity": [-11.7959, -23.4128, -2.95753], "tool": false, "touchDistance": 0.240273, "touchZone": "hovering", "type": 1, "width": 17.91}, {"bases": [[[0.937781, -0.216238, -0.271677], [0.340756, 0.723477, 0.600389], [0.0667257, -0.655609, 0.752147]], [[0.934108, -0.188242, -0.303327], [0.276832, 0.918442, 0.282537], [0.225403, -0.347891, 0.910036]], [[0.934108, -0.188242, -0.303327], [0.0232466, 0.879949, -0.4745], [0.356233, 0.436183, 0.826343]], [[0.934108, -0.188242, -0.303327], [-0.188445, 0.461645, -0.866817], [0.303201, 0.866861, 0.395753]]], "btipPosition": [0.666536, 220.772, 3.41783], "carpPosition": [-28.359, 189.461, 121.265], "dipPosition": [-4.60917, 235.855, 10.3039], "direction": [0.356233, -0.436183, -0.826343], "extended": false, "handId": 2, "id": 22, "length": 62.043, "mcpPosition": [-24.0485, 231.814, 72.6764], "pipPosition": [-13.9888, 247.34, 32.0615], "stabilizedTipPosition": [0.276969, 225.735, 2.91786], "timeVisible": 2.13317, "tipPosition": [-0.311404, 221.414, 5.7509], "tipVelocity": [-10.2561, -14.2099, -3.22136], "tool": false, "touchDistance": 0.188796, "touchZone": "hovering", "type": 2, "width": 17.59}, {"bases": [[[0.909005, -0.364278, -0.202513], [0.408839, 0.684911, 0.603115], [-0.0809982, -0.63103, 0.771518]], [[0.907577, -0.374427, -0.190021], [0.330687, 0.916271, -0.226039], [0.258745, 0.14231, 0.955405]], [[0.907577, -0.374427, -0.190021], [-0.103206, 0.239744, -0.965335], [0.407004, 0.895727, 0.178943]], [[0.907577, -0.374427, -0.190021], [-0.308615, -0.287986, -0.906543], [0.284711, 0.881402, -0.376923]]], "btipPosition": [-17.8358, 180.604, 35.7768], "carpPosition": [-39.2074, 188.115, 118.119], "dipPosition": [-22.7613, 195.852, 29.256], "direction": [0.407004, -0.895727, -0.178943], "extended": false, "handId": 2, "id": 23, "length": 59.656, "mcpPosition": [-43.9053, 224.715, 73.371], "pipPosition": [-33.201, 218.827, 33.8459], "stabilizedTipPosition": [-19.7013, 182.559, 36.4835], "timeVisible": 2.13317, "tipPosition": [-18.6356, 183.367, 34.3592], "tipVelocity": [-11.9464, -6.59393, -0.879165], "tool": false, "touchDistance": 0.233055, "touchZone": "hovering", "type": 3, "width": 16.738}, {"bases": [[[0.813389, -0.542991, -0.208707], [0.536473, 0.561455, 0.630051], [-0.224932, -0.624443, 0.747982]], [[0.803179, -0.568845, -0.176973], [0.521831, 0.815087, -0.251645], [0.287396, 0.109765, 0.951502]], [[0.803179, -0.568845, -0.176973], [-0.0315663, 0.256012, -0.966158], [0.594902, 0.781584, 0.187667]], [[0.803179, -0.568845, -0.176973], [-0.343548, -0.19957, -0.917686], [0.486702, 0.797864, -0.355716]]], "btipPosition": [-32.712, 183.672, 43.642], "carpPosition": [-48.5861, 180.628, 112.675], "dipPosition": [-40.4797, 196.406, 37.9648], "direction": [0.594902, -0.781584, -0.187667], "extended": false, "handId": 2, "id": 24, "length": 46.7692, "mcpPosition": [-60.6627, 214.154, 72.5156], "pipPosition": [-51.2534, 210.56, 41.3634], "stabilizedTipPosition": [-35.7914, 185.032, 44.5575], "timeVisible": 2.13317, "tipPosition": [-34.2108, 186.324, 41.8772], "tipVelocity": [-11.4204, -4.64858, 1.47978], "tool": false, "touchDistance": 0.241183, "touchZone": "hovering", "type": 4, "width": 14.868}], "r": [[0.999743, 0.0204023, 0.00992746], [-0.0207719, 0.999036, 0.0386749], [-0.00912883, -0.0388712, 0.999203]], "s": 1.13314, "t": [-4.86886, 1.31377, -8.89983], "timestamp": 145064194263}, {"currentFrameRate": 57.6788, "devices": [], "gestures": [], "hands": [{"armBasis": [[0.833922, 0.318471, -0.450721], [0.20393, 0.581075, 0.787886], [0.512822, -0.748952, 0.419625]], "armWidth": 59, "confidence": 1, "direction": [0.00666914, 0.755398, -0.655232], "elbow": [-167.931, -27.9085, 235.126], "grabAngle": 2.02965, "grabStrength": 0.243673, "id": 2, "palmNormal": [0.204038, -0.64249, -0.738631], "palmPosition": [-26.2569, 211.105, 84.4283], "palmVelocity": [-6.56542, -12.0512, -4.22414], "palmWidth": 84.25, "pinchDistance": 56.0697, "pinchStrength": 0.665618, "r": [[0.99974, 0.0203324, 0.0103473], [-0.0207137, 0.999056, 0.0381917], [-0.00956103, -0.0383961, 0.999217]], "s": 1.13193, "sphereCenter": [-10.4766, 197.133, 40.3377], "sphereRadius": 44.9571, "stabilizedPalmPosition": [-29.0585, 209.941, 89.8226], "t": [4.77916, 1.17707, -8.92098], "timeVisible": 2.15059, "type": "left", "wrist": [-39.7259, 159.329, 130.22]}], "id": 575, "interactionBox": {"center": [0, 200, 0], "size": [235.247, 235.247, 147.751]}, "pointables": [{"bases": [[[0.575118, 0.670248, 0.469049], [-0.693994, 0.0961554, 0.713531], [0.433141, -0.735882, 0.520449]], [[0.329729, 0.923451, 0.196257], [-0.873901, 0.219903, 0.43352], [0.357177, -0.314453, 0.879513]], [[0.329729, 0.923451, 0.196257], [-0.931419, 0.284276, 0.227258], [0.15407, -0.257731, 0.953854]], [[0.329729, 0.923451, 0.196257], [-0.940443, 0.339504, -0.0174442], [-0.0827389, -0.178817, 0.980397]]], "btipPosition": [13.1235, 196.122, 25.8882], "carpPosition": [-6.45623, 169.576, 117.898], "dipPosition": [14.9165, 192.247, 47.1334], "direction": [0.15407, 0.257731, -0.953854], "extended": false, "handId": 2, "id": 20, "length": 48.2559, "mcpPosition": [-6.45623, 169.576, 117.898], "pipPosition": [10.0525, 184.11, 77.2466], "stabilizedTipPosition": [13.0028, 193.725, 32.867], "timeVisible": 2.15059, "tipPosition": [10.4108, 196.224, 30.6329], "tipVelocity": [-5.92314, -13.5379, -5.10312], "tool": false, "touchDistance": 0.249774, "touchZone": "hovering", "type": 0, "width": 18.75}, {"bases": [[[0.963923, -0.000105201, -0.26618], [0.176423, 0.749054, 0.638587], [0.199316, -0.662509, 0.722049]], [[0.957365, 0.0201888, -0.288173], [0.118177, 0.882894, 0.454459], [0.263601, -0.469138, 0.842866]], [[0.957365, 0.0201888, -0.288173], [-0.0359445, 0.998128, -0.049488], [0.286634, 0.0577364, 0.956299]], [[0.957365, 0.0201888, -0.288173], [-0.1058, 0.952748, -0.284741], [0.268808, 0.30309, 0.914264]]], "btipPosition": [17.336, 245.437, 5.01477], "carpPosition": [-17.3949, 187.731, 123.596], "dipPosition": [13.0835, 250.232, 19.4784], "direction": [0.286635, -0.0577364, -0.956299], "extended": true, "handId": 2, "id": 21, "length": 54.4514, "mcpPosition": [-3.81747, 232.861, 74.4096], "pipPosition": [6.66859, 251.524, 40.8804], "stabilizedTipPosition": [17.4638, 249.527, 6.53122], "timeVisible": 2.15059, "tipPosition": [15.7088, 243.484, 9.20855], "tipVelocity": [-12.0324, -32.78, -3.7455], "tool": false, "touchDistance": 0.239185, "touchZone": "hovering", "type": 1, "width": 17.91}, {"bases": [[[0.937696, -0.217306, -0.271119], [0.341179, 0.723525, 0.60009], [0.0657585, -0.655202, 0.752587]], [[0.934057, -0.189283, -0.302837], [0.277248, 0.918843, 0.280824], [0.225104, -0.346266, 0.910729]], [[0.934057, -0.189283, -0.302837], [0.0237473, 0.879029, -0.476176], [0.356334, 0.437584, 0.825558]], [[0.934057, -0.189283, -0.302837], [-0.187906, 0.460626, -0.867476], [0.303693, 0.867177, 0.394683]]], "btipPosition": [0.525042, 220.442, 3.3388], "carpPosition": [-28.4359, 189.272, 121.206], "dipPosition": [-4.75921, 235.531, 10.2063], "direction": [0.356334, -0.437584, -0.825558], "extended": false, "handId": 2, "id": 22, "length": 62.043, "mcpPosition": [-24.1879, 231.598, 72.5891], "pipPosition": [-14.1415, 247.052, 31.9432], "stabilizedTipPosition": [0.272075, 225.726, 2.92798], "timeVisible": 2.15059, "tipPosition": [-0.472389, 221.197, 5.65462], "tipVelocity": [-8.2335, -18.8831, -4.78117], "tool": false, "touchDistance": 0.187408, "touchZone": "hovering", "type": 2, "width": 17.59}, {"bases": [[[0.908747, -0.365275, -0.201875], [0.409223, 0.684896, 0.602871], [-0.0819505, -0.630469, 0.771876]], [[0.907335, -0.375213, -0.189627], [0.331282, 0.91582, -0.226994], [0.258835, 0.14314, 0.955257]], [[0.907335, -0.375213, -0.189627], [-0.102944, 0.23903, -0.96554], [0.40761, 0.895589, 0.178254]], [[0.907335, -0.375213, -0.189627], [-0.308466, -0.287704, -0.906683], [0.285643, 0.881159, -0.376785]]], "btipPosition": [-17.9327, 180.343, 35.7243], "carpPosition": [-39.2844, 187.913, 118.066], "dipPosition": [-22.8743, 195.587, 29.2059], "direction": [0.40761, -0.895589, -0.178254], "extended": false, "handId": 2, "id": 23, "length": 59.656, "mcpPosition": [-44.0375, 224.481, 73.2971], "pipPosition": [-33.3295, 218.559, 33.7781], "stabilizedTipPosition": [-19.6992, 182.563, 36.476], "timeVisible": 2.15059, "tipPosition": [-18.7465, 183.134, 34.2996], "tipVelocity": [-5.77075, -15.009, -2.98396], "tool": false, "touchDistance": 0.232188, "touchZone": "hovering", "type": 3, "width": 16.738}, {"bases": [[[0.812963, -0.5439, -0.208], [0.536726, 0.561335, 0.629942], [-0.225868, -0.623759, 0.74827]], [[0.802742, -0.569658, -0.17634], [0.522486, 0.814417, -0.252453], [0.287426, 0.110519, 0.951405]], [[0.802742, -0.569658, -0.17634], [-0.0314333, 0.254877, -0.966462], [0.595498, 0.781363, 0.186694]], [[0.802742, -0.569658, -0.17634], [-0.343701, -0.200328, -0.917463], [0.487314, 0.797094, -0.356604]]], "btipPosition": [-32.8129, 183.413, 43.6171], "carpPosition": [-48.6584, 180.414, 112.63], "dipPosition": [-40.5905, 196.134, 37.9257], "direction": [0.595498, -0.781363, -0.186694], "extended": false, "handId": 2, "id": 24, "length": 46.7692, "mcpPosition": [-60.7852, 213.903, 72.4558], "pipPosition": [-51.3749, 210.285, 41.3068], "stabilizedTipPosition": [-35.7877, 185.036, 44.5504], "timeVisible": 2.15059, "tipPosition": [-34.3211, 186.08, 41.8239], "tipVelocity": [-5.92312, -15.0227, -1.61378], "tool": false, "touchDistance": 0.240714, "touchZone": "hovering", "type": 4, "width": 14.868}], "r": [[0.99974, 0.0203324, 0.0103473], [-0.0207137, 0.999056, 0.0381917], [-0.00956103, -0.0383961, 0.999217]], "s": 1.13193, "t": [-4.77916, 1.17707, -8.92098], "timestamp": 145064211687}, {"currentFrameRate": 57.6529, "devices": [], "gestures": [], "hands": [{"armBasis": [[0.83378, 0.318745, -0.45079], [0.203441, 0.581671, 0.787572], [0.513247, -0.748372, 0.42014]], "armWidth": 59, "confidence": 1, "direction": [0.00707673, 0.753433, -0.657487], "elbow": [-168.204, -28.0192, 235.259], "grabAngle": 2.03467, "grabStrength": 0.250966, "id": 2, "palmNormal": [0.203537, -0.644825, -0.736732], "palmPosition": [-26.3946, 210.715, 84.2936], "palmVelocity": [-7.89914, -22.3282, -7.72954], "palmWidth": 84.25, "pinchDistance": 55.7238, "pinchStrength": 0.665433, "r": [[0.999734, 0.0204113, 0.0106945], [-0.0207962, 0.999091, 0.0372076], [-0.00992532, -0.0374201, 0.99925]], "s": 1.13088, "sphereCenter": [-10.6664, 196.633, 40.2602], "sphereRadius": 44.9266, "stabilizedPalmPosition": [-29.0506, 209.943, 89.8062], "t": [4.66546, 0.914118, -8.99892], "timeVisible": 2.16802, "type": "left", "wrist": [-39.892, 159.074, 130.224]}], "id": 576, "interactionBox": {"center": [0, 200, 0], "size": [235.247, 235.247, 147.751]}, "pointables": [{"bases": [[[0.574632, 0.672016, 0.467111], [-0.694141, 0.0978405, 0.713159], [0.433552, -0.734045, 0.522696]], [[0.328757, 0.92445, 0.193162], [-0.874178, 0.220474, 0.43267], [0.357395, -0.311101, 0.880616]], [[0.328757, 0.92445, 0.193162], [-0.931711, 0.284044, 0.226349], [0.154382, -0.254385, 0.954701]], [[0.328757, 0.92445, 0.193162], [-0.940801, 0.33845, -0.0185594], [-0.0825328, -0.175625, 0.980991]]], "btipPosition": [12.9875, 195.49, 25.7845], "carpPosition": [-6.61664, 169.275, 117.885], "dipPosition": [14.776, 191.685, 47.0425], "direction": [0.154382, 0.254385, -0.954701], "extended": false, "handId": 2, "id": 20, "length": 48.2559, "mcpPosition": [-6.61664, 169.275, 117.885], "pipPosition": [9.90215, 183.654, 77.1825], "stabilizedTipPosition": [13.0052, 193.731, 32.854], "timeVisible": 2.16802, "tipPosition": [10.2666, 195.648, 30.539], "tipVelocity": [-7.86284, -35.3152, -5.78084], "tool": false, "touchDistance": 0.248094, "touchZone": "hovering", "type": 0, "width": 18.75}, {"bases": [[[0.963955, -0.000280613, -0.266066], [0.175865, 0.751072, 0.636367], [0.199656, -0.66022, 0.724049]], [[0.957419, 0.0198503, -0.288019], [0.117507, 0.884465, 0.451569], [0.263707, -0.466185, 0.844471]], [[0.957419, 0.0198503, -0.288019], [-0.0378243, 0.997659, -0.056975], [0.286214, 0.0654431, 0.955928]], [[0.957419, 0.0198503, -0.288019], [-0.112318, 0.944649, -0.308257], [0.265958, 0.327481, 0.906654]]], "btipPosition": [17.1608, 244.327, 4.8773], "carpPosition": [-17.5429, 187.454, 123.529], "dipPosition": [12.9534, 249.508, 19.2206], "direction": [0.286214, -0.0654431, -0.955928], "extended": true, "handId": 2, "id": 21, "length": 54.4514, "mcpPosition": [-3.94237, 232.428, 74.2073], "pipPosition": [6.54788, 250.973, 40.6142], "stabilizedTipPosition": [17.4429, 249.461, 6.55829], "timeVisible": 2.16802, "tipPosition": [15.5984, 242.91, 8.95235], "tipVelocity": [-9.45612, -58.5603, -9.47502], "tool": false, "touchDistance": 0.236432, "touchZone": "hovering", "type": 1, "width": 17.91}, {"bases": [[[0.937867, -0.217512, -0.270359], [0.340642, 0.725534, 0.597965], [0.0660901, -0.652908, 0.754549]], [[0.934262, -0.189888, -0.301822], [0.277296, 0.919036, 0.280143], [0.224189, -0.345421, 0.911276]], [[0.934262, -0.189888, -0.301822], [0.0249939, 0.879209, -0.47578], [0.355709, 0.436959, 0.826158]], [[0.934262, -0.189888, -0.301822], [-0.186672, 0.460729, -0.867688], [0.303822, 0.86699, 0.394995]]], "btipPosition": [0.34405, 219.998, 3.09702], "carpPosition": [-28.5833, 188.994, 121.137], "dipPosition": [-4.94245, 235.083, 9.96993], "direction": [0.355709, -0.436959, -0.826158], "extended": false, "handId": 2, "id": 22, "length": 62.043, "mcpPosition": [-24.3138, 231.172, 72.3929], "pipPosition": [-14.3083, 246.588, 31.7227], "stabilizedTipPosition": [0.265, 225.712, 2.9388], "timeVisible": 2.16802, "tipPosition": [-0.616603, 220.597, 5.47569], "tipVelocity": [-10.4129, -25.5166, -13.7991], "tool": false, "touchDistance": 0.183399, "touchZone": "hovering", "type": 2, "width": 17.59}, {"bases": [[[0.909005, -0.365292, -0.200677], [0.408711, 0.686957, 0.60087], [-0.081637, -0.628213, 0.773747]], [[0.907612, -0.375107, -0.188508], [0.330447, 0.915293, -0.230314], [0.258932, 0.146744, 0.954683]], [[0.907612, -0.375107, -0.188508], [-0.103387, 0.235484, -0.966363], [0.406881, 0.896572, 0.174947]], [[0.907612, -0.375107, -0.188508], [-0.308102, -0.290171, -0.906021], [0.285156, 0.880395, -0.378935]]], "btipPosition": [-18.0862, 179.771, 35.6974], "carpPosition": [-39.433, 187.633, 118.002], "dipPosition": [-23.0194, 195.002, 29.1419], "direction": [0.406881, -0.896572, -0.174947], "extended": false, "handId": 2, "id": 23, "length": 59.656, "mcpPosition": [-44.1679, 224.069, 73.1245], "pipPosition": [-33.4559, 217.999, 33.6293], "stabilizedTipPosition": [-19.6964, 182.567, 36.4627], "timeVisible": 2.16802, "tipPosition": [-18.9089, 182.592, 34.2476], "tipVelocity": [-8.69803, -32.9994, -2.03029], "tool": false, "touchDistance": 0.231598, "touchZone": "hovering", "type": 3, "width": 16.738}, {"bases": [[[0.813337, -0.543996, -0.206279], [0.536291, 0.56356, 0.628325], [-0.225556, -0.621666, 0.750104]], [[0.803113, -0.569702, -0.174496], [0.521748, 0.813854, -0.255774], [0.28773, 0.114372, 0.950858]], [[0.803113, -0.569702, -0.174496], [-0.0322979, 0.250808, -0.967498], [0.594951, 0.782646, 0.183027]], [[0.803113, -0.569702, -0.174496], [-0.344027, -0.204267, -0.916472], [0.486472, 0.796062, -0.360043]]], "btipPosition": [-32.9636, 182.877, 43.6173], "carpPosition": [-48.8125, 180.123, 112.59], "dipPosition": [-40.7277, 195.582, 37.8711], "direction": [0.594951, -0.782646, -0.183027], "extended": false, "handId": 2, "id": 24, "length": 46.7692, "mcpPosition": [-60.9225, 213.501, 72.3168], "pipPosition": [-51.5023, 209.756, 41.1857], "stabilizedTipPosition": [-35.782, 185.04, 44.5382], "timeVisible": 2.16802, "tipPosition": [-34.4809, 185.57, 41.7671], "tipVelocity": [-8.46744, -30.95, -0.711381], "tool": false, "touchDistance": 0.240508, "touchZone": "hovering", "type": 4, "width": 14.868}], "r": [[0.999734, 0.0204113, 0.0106945], [-0.0207962, 0.999091, 0.0372076], [-0.00992532, -0.0374201, 0.99925]], "s": 1.13088, "t": [-4.66546, 0.914118, -8.99892], "timestamp": 145064229118}, {"currentFrameRate": 57.6455, "devices": [], "gestures": [], "hands": [{"armBasis": [[0.83388, 0.319436, -0.450117], [0.202448, 0.581658, 0.787838], [0.513477, -0.748088, 0.420364]], "armWidth": 59, "confidence": 1, "direction": [0.00755034, 0.752496, -0.658554], "elbow": [-168.458, -28.2011, 235.197], "grabAngle": 2.03875, "grabStrength": 0.253973, "id": 2, "palmNormal": [0.202517, -0.646076, -0.735916], "palmPosition": [-26.5631, 210.393, 84.1077], "palmVelocity": [-9.70088, -18.578, -10.7014], "palmWidth": 84.25, "pinchDistance": 55.4463, "pinchStrength": 0.664737, "r": [[0.999725, 0.0206861, 0.0110607], [-0.0210735, 0.999125, 0.0361362], [-0.0103035, -0.0363593, 0.999286]], "s": 1.12984, "sphereCenter": [-10.8965, 196.25, 40.0956], "sphereRadius": 44.909, "stabilizedPalmPosition": [-29.0413, 209.945, 89.785], "t": [4.52435, 0.621272, -9.13084], "timeVisible": 2.1854, "type": "left", "wrist": [-40.089, 158.821, 130.106]}], "id": 577, "interactionBox": {"center": [0, 200, 0], "size": [235.247, 235.247, 147.751]}, "pointables": [{"bases": [[[0.573711, 0.673273, 0.466433], [-0.694579, 0.0981236, 0.712693], [0.434069, -0.732854, 0.523936]], [[0.327539, 0.925157, 0.191839], [-0.874606, 0.22006, 0.432017], [0.357468, -0.309285, 0.881226]], [[0.327539, 0.925157, 0.191839], [-0.932064, 0.283107, 0.226067], [0.154837, -0.252852, 0.955035]], [[0.327539, 0.925157, 0.191839], [-0.941278, 0.337117, -0.0186699], [-0.0819446, -0.174458, 0.981249]]], "btipPosition": [12.8222, 195.037, 25.6034], "carpPosition": [-6.81244, 168.979, 117.748], "dipPosition": [14.5979, 191.256, 46.8671], "direction": [0.154837, 0.252852, -0.955035], "extended": false, "handId": 2, "id": 20, "length": 48.2559, "mcpPosition": [-6.81244, 168.979, 117.748], "pipPosition": [9.70974, 183.274, 77.0175], "stabilizedTipPosition": [13.0069, 193.734, 32.8366], "timeVisible": 2.1854, "tipPosition": [10.066, 195.208, 30.3575], "tipVelocity": [-9.68392, -25.7691, -10.3475], "tool": false, "touchDistance": 0.245099, "touchZone": "hovering", "type": 0, "width": 18.75}, {"bases": [[[0.96408, 0.00034836, -0.265611], [0.174782, 0.752152, 0.635388], [0.200001, -0.658989, 0.725074]], [[0.95755, 0.0203961, -0.287546], [0.116453, 0.885109, 0.450578], [0.2637, -0.464936, 0.845161]], [[0.95755, 0.0203961, -0.287546], [-0.0392348, 0.997433, -0.0599052], [0.285586, 0.068644, 0.955892]], [[0.95755, 0.0203961, -0.287546], [-0.118704, 0.936897, -0.328836], [0.262694, 0.349009, 0.899547]]], "btipPosition": [16.9442, 243.505, 4.73597], "carpPosition": [-17.7171, 187.177, 123.372], "dipPosition": [12.7883, 249.026, 18.9668], "direction": [0.285586, -0.068644, -0.955891], "extended": true, "handId": 2, "id": 21, "length": 54.4514, "mcpPosition": [-4.09307, 232.067, 73.9801], "pipPosition": [6.39691, 250.563, 40.3596], "stabilizedTipPosition": [17.4128, 249.364, 6.58831], "timeVisible": 2.1854, "tipPosition": [15.4382, 242.481, 8.68829], "tipVelocity": [-11.7881, -42.8252, -9.62437], "tool": false, "touchDistance": 0.233646, "touchZone": "hovering", "type": 1, "width": 17.91}, {"bases": [[[0.938221, -0.216915, -0.269609], [0.339604, 0.726732, 0.597101], [0.0664131, -0.651773, 0.755501]], [[0.934638, -0.189563, -0.300862], [0.27652, 0.919392, 0.279742], [0.223581, -0.344652, 0.911716]], [[0.934638, -0.189563, -0.300862], [0.0254227, 0.879521, -0.475181], [0.354691, 0.436474, 0.826853]], [[0.934638, -0.189563, -0.300862], [-0.185776, 0.461134, -0.867665], [0.303215, 0.866846, 0.395777]]], "btipPosition": [0.126682, 219.637, 2.82971], "carpPosition": [-28.757, 188.726, 120.983], "dipPosition": [-5.14926, 234.72, 9.71623], "direction": [0.354691, -0.436474, -0.826853], "extended": false, "handId": 2, "id": 22, "length": 62.043, "mcpPosition": [-24.4667, 230.83, 72.1772], "pipPosition": [-14.4883, 246.212, 31.4873], "stabilizedTipPosition": [0.25616, 225.695, 2.94844], "timeVisible": 2.1854, "tipPosition": [-0.814203, 220.159, 5.25737], "tipVelocity": [-12.3728, -20.8004, -15.2075], "tool": false, "touchDistance": 0.178996, "touchZone": "hovering", "type": 2, "width": 17.59}, {"bases": [[[0.90948, -0.364628, -0.199732], [0.407712, 0.68823, 0.600092], [-0.0813488, -0.627205, 0.774594]], [[0.908094, -0.374405, -0.187577], [0.329552, 0.915306, -0.23154], [0.25838, 0.148444, 0.95457]], [[0.908094, -0.374405, -0.187577], [-0.102958, 0.234565, -0.966633], [0.405912, 0.897106, 0.17446]], [[0.908094, -0.374405, -0.187577], [-0.306905, -0.290273, -0.906395], [0.284911, 0.88066, -0.378502]]], "btipPosition": [-18.2981, 179.362, 35.5108], "carpPosition": [-39.6096, 187.372, 117.855], "dipPosition": [-23.227, 194.598, 28.9627], "direction": [0.405912, -0.897106, -0.17446], "extended": false, "handId": 2, "id": 23, "length": 59.656, "mcpPosition": [-44.3278, 223.749, 72.9281], "pipPosition": [-33.6386, 217.608, 33.4376], "stabilizedTipPosition": [-19.6945, 182.569, 36.4453], "timeVisible": 2.1854, "tipPosition": [-19.1311, 182.193, 34.0977], "tipVelocity": [-12.1371, -23.4608, -10.6457], "tool": false, "touchDistance": 0.228516, "touchZone": "hovering", "type": 3, "width": 16.738}, {"bases": [[[0.814001, -0.543439, -0.205127], [0.535406, 0.565005, 0.627782], [-0.225263, -0.620841, 0.750875]], [[0.803814, -0.569052, -0.173387], [0.520961, 0.814082, -0.256651], [0.2872, 0.115972, 0.950824]], [[0.803814, -0.569052, -0.173387], [-0.0318787, 0.249842, -0.967762], [0.594027, 0.783427, 0.182686]], [[0.803814, -0.569052, -0.173387], [-0.342913, -0.205063, -0.916711], [0.486101, 0.796322, -0.359968]]], "btipPosition": [-33.1749, 182.503, 43.4499], "carpPosition": [-48.9994, 179.864, 112.458], "dipPosition": [-40.9331, 195.212, 37.7048], "direction": [0.594027, -0.783427, -0.182686], "extended": false, "handId": 2, "id": 24, "length": 46.7692, "mcpPosition": [-61.0938, 213.197, 72.1432], "pipPosition": [-51.6909, 209.4, 41.0132], "stabilizedTipPosition": [-35.7766, 185.043, 44.5223], "timeVisible": 2.1854, "tipPosition": [-34.6961, 185.196, 41.6212], "tipVelocity": [-12.0838, -21.4932, -9.62347], "tool": false, "touchDistance": 0.237721, "touchZone": "hovering", "type": 4, "width": 14.868}], "r": [[0.999725, 0.0206861, 0.0110607], [-0.0210735, 0.999125, 0.0361362], [-0.0103035, -0.0363593, 0.999286]], "s": 1.12984, "t": [-4.52435, 0.621272, -9.13084], "timestamp": 145064246490}, {"currentFrameRate": 57.642, "devices": [], "gestures": [], "hands": [{"armBasis": [[0.834109, 0.321122, -0.44849], [0.200657, 0.580721, 0.788986], [0.513808, -0.748093, 0.419949]], "armWidth": 59, "confidence": 1, "direction": [0.00773556, 0.751525, -0.65966], "elbow": [-168.798, -28.4072, 234.967], "grabAngle": 2.04431, "grabStrength": 0.259547, "id": 2, "palmNormal": [0.200732, -0.647419, -0.735225], "palmPosition": [-26.8095, 210.118, 83.9096], "palmVelocity": [-14.1931, -15.8115, -11.4097], "palmWidth": 84.25, "pinchDistance": 55.038, "pinchStrength": 0.663237, "r": [[0.999708, 0.0211777, 0.0115967], [-0.0215717, 0.999155, 0.0349821], [-0.0108461, -0.0352221, 0.999321]], "s": 1.12843, "sphereCenter": [-11.3385, 195.856, 39.8805], "sphereRadius": 44.8775, "stabilizedPalmPosition": [-29.0315, 209.946, 89.7591], "t": [4.3306, 0.337606, -9.29584], "timeVisible": 2.20276, "type": "left", "wrist": [-40.3461, 158.616, 129.979]}], "id": 578, "interactionBox": {"center": [0, 200, 0], "size": [235.247, 235.247, 147.751]}, "pointables": [{"bases": [[[0.572225, 0.674721, 0.466165], [-0.6956, 0.0982306, 0.711682], [0.434395, -0.731507, 0.525546]], [[0.325804, 0.92602, 0.190627], [-0.875327, 0.219251, 0.430967], [0.357288, -0.307272, 0.882003]], [[0.325804, 0.92602, 0.190627], [-0.932631, 0.281717, 0.225467], [0.155084, -0.251243, 0.955419]], [[0.325804, 0.92602, 0.190627], [-0.941896, 0.335352, -0.0192481], [-0.0817514, -0.17328, 0.981474]]], "btipPosition": [12.566, 194.616, 25.3882], "carpPosition": [-7.07231, 168.727, 117.585], "dipPosition": [14.3375, 190.861, 46.6567], "direction": [0.155084, 0.251243, -0.955419], "extended": false, "handId": 2, "id": 20, "length": 48.2559, "mcpPosition": [-7.07231, 168.727, 117.585], "pipPosition": [9.44156, 182.929, 76.8193], "stabilizedTipPosition": [13.0066, 193.734, 32.8145], "timeVisible": 2.20276, "tipPosition": [9.74912, 194.8, 30.1368], "tipVelocity": [-14.8136, -23.928, -12.3353], "tool": false, "touchDistance": 0.241529, "touchZone": "hovering", "type": 0, "width": 18.75}, {"bases": [[[0.96441, 0.0012542, -0.264408], [0.172981, 0.753311, 0.634508], [0.1