{"frames":58,"data":[{"currentFrameRate":55.2484,"devices":[],"gestures":[],"hands":[{"armBasis":[[0.848846,-0.0755523,-0.523214],[0.368337,0.794467,0.482856],[0.379195,-0.602589,0.702209]],"armWidth":55.9977,"confidence":1,"direction":[0.0107458,0.889528,-0.456755],"elbow":[128.221,4.54574,255.419],"grabAngle":0,"grabStrength":0,"id":187,"palmNormal":[-0.416527,-0.411284,-0.810772],"palmPosition":[22.9391,213.169,46.0973],"palmVelocity":[-0.566683,-15.0442,1.2417],"palmWidth":83.544,"pinchDistance":59.7621,"pinchStrength":0,"r":[[-0.436138,-0.841618,0.318533],[0.185256,-0.430364,-0.88344],[0.880604,-0.326292,0.343613]],"s":1.16351,"sphereCenter":[89.8588,336.197,164.318],"sphereRadius":181.545,"stabilizedPalmPosition":[18.1131,219.852,53.2627],"t":[-44.5996,-75.3876,-75.4469],"timeVisible":2.62113,"type":"right","wrist":[34.217,153.931,81.338]}],"id":61298,"interactionBox":{"center":[0,200,0],"size":[235.247,235.247,147.751]},"pointables":[{"bases":[[[0.740453,0.461377,0.488734],[-0.549523,-0.00309483,0.835473],[0.38698,-0.887199,0.251245]],[[0.656372,0.617101,0.434007],[-0.532897,-0.0279828,0.845717],[0.534037,-0.786387,0.310484]],[[0.656372,0.617101,0.434007],[-0.707399,0.303461,0.638356],[0.262226,-0.726015,0.63572]],[[0.656372,0.617101,0.434007],[-0.751194,0.481294,0.451735],[0.0698807,-0.62253,0.77947]]],"btipPosition":[-31.7077,239.721,21.5596],"carpPosition":[2.46197,167.639,72.3752],"dipPosition":[-30.2087,226.368,38.2791],"direction":[-0.262226,0.726015,-0.63572],"extended":true,"handId":187,"id":1870,"length":47.7656,"mcpPosition":[2.46197,167.639,72.3752],"pipPosition":[-22.0144,203.681,58.1449],"stabilizedTipPosition":[-31.7799,239.274,26.2224],"timeVisible":2.62113,"tipPosition":[-31.4155,237.752,26.714],"tipVelocity":[-0.474436,-16.1299,-3.10181],"tool":false,"touchDistance":-0.291508,"touchZone":"touching","type":0,"width":17.446},{"bases":[[[0.897959,-0.0467854,-0.437586],[0.390849,0.541769,0.744126],[0.202256,-0.839225,0.504772]],[[0.919453,-0.192092,-0.343083],[0.392509,0.396715,0.829792],[-0.0232905,-0.897618,0.440159]],[[0.919453,-0.192092,-0.343083],[0.393185,0.456489,0.798137],[0.00329766,-0.868745,0.495248]],[[0.919453,-0.192092,-0.343083],[0.391398,0.530557,0.751876],[0.0375954,-0.825597,0.563007]]],"btipPosition":[3.37054,306.495,8.51674],"carpPosition":[16.7774,182.288,79.7326],"dipPosition":[3.95926,293.567,17.333],"direction":[-0.00329766,0.868745,-0.495248],"extended":true,"handId":187,"id":1871,"length":53.8982,"mcpPosition":[3.11523,238.977,45.6357],"pipPosition":[4.03231,274.322,28.3041],"stabilizedTipPosition":[1.63966,306.682,12.417],"timeVisible":2.62113,"tipPosition":[1.30466,303.13,10.274],"tipVelocity":[-0.708042,-16.0427,-3.2704],"tool":false,"touchDistance":-0.277192,"touchZone":"touching","type":1,"width":16.6644},{"bases":[[[0.837153,-0.251406,-0.485767],[0.541378,0.507503,0.670336],[0.0780018,-0.824158,0.560963]],[[0.839517,-0.282617,-0.464046],[0.540726,0.351005,0.764468],[-0.053169,-0.892705,0.447493]],[[0.839517,-0.282617,-0.464046],[0.542874,0.401186,0.737792],[-0.0223441,-0.871308,0.490228]],[[0.839517,-0.282617,-0.464046],[0.543328,0.440515,0.714662],[0.0024436,-0.8521,0.523374]]],"btipPosition":[25.2141,312.681,-1.76536],"carpPosition":[27.3217,183.066,75.7286],"dipPosition":[25.2562,298.005,7.24881],"direction":[0.0223441,0.871308,-0.490228],"extended":true,"handId":187,"id":1872,"length":61.4127,"mcpPosition":[22.3251,235.86,39.7941],"pipPosition":[24.6739,275.297,20.0254],"stabilizedTipPosition":[18.8791,316.647,9.00584],"timeVisible":2.62113,"tipPosition":[24.1265,308.601,-0.645009],"tipVelocity":[2.04516,-17.0248,-2.99844],"tool":false,"touchDistance":-0.0946898,"touchZone":"touching","type":2,"width":16.3667},{"bases":[[[0.796298,-0.407485,-0.447063],[0.602016,0.461713,0.651458],[-0.0590442,-0.787894,0.612974]],[[0.79845,-0.34056,-0.496484],[0.595714,0.327458,0.733414],[-0.0871944,-0.881357,0.464335]],[[0.79845,-0.34056,-0.496484],[0.598394,0.358024,0.716759],[-0.0663467,-0.869389,0.489653]],[[0.79845,-0.34056,-0.496484],[0.598394,0.358024,0.716759],[-0.0663467,-0.869389,0.489653]]],"btipPosition":[46.8942,299.651,-4.67805],"carpPosition":[37.1071,181.284,70.4078],"dipPosition":[45.758,284.764,3.70689],"direction":[0.0663467,0.869389,-0.489653],"extended":true,"handId":187,"id":1873,"length":59.0499,"mcpPosition":[40.5029,226.599,35.1533],"pipPosition":[44.0735,262.691,16.1389],"stabilizedTipPosition":[45.1057,299.8,0.202039],"timeVisible":2.62113,"tipPosition":[45.8923,295.357,-4.07969],"tipVelocity":[3.87673,-17.7621,-1.77856],"tool":false,"touchDistance":-0.0856116,"touchZone":"touching","type":3,"width":15.5739},{"bases":[[[0.673622,-0.566586,-0.474567],[0.710943,0.321279,0.625571],[-0.201971,-0.758789,0.619231]],[[0.695732,-0.451036,-0.559037],[0.694593,0.224143,0.683593],[-0.183021,-0.863902,0.469231]],[[0.695732,-0.451036,-0.559037],[0.701566,0.259669,0.663609],[-0.154147,-0.853896,0.497092]],[[0.695732,-0.451036,-0.559037],[0.703853,0.272763,0.65589],[-0.143346,-0.849804,0.507233]]],"btipPosition":[65.8564,271.507,-3.26805],"carpPosition":[44.1444,174.38,61.8305],"dipPosition":[63.5918,258.082,4.74514],"direction":[0.154147,0.853896,-0.497092],"extended":true,"handId":187,"id":1874,"length":46.294,"mcpPosition":[54.8974,214.778,28.8625],"pipPosition":[60.8286,242.775,13.656],"stabilizedTipPosition":[63.9837,271.933,0.872884],"timeVisible":2.62113,"tipPosition":[64.2901,266.314,-3.9924],"tipVelocity":[2.98866,-18.8655,-1.08056],"tool":false,"touchDistance":-0.0760094,"touchZone":"touching","type":4,"width":13.834}],"r":[[-0.436138,-0.841618,0.318533],[0.185256,-0.430364,-0.88344],[0.880604,-0.326292,0.343613]],"s":1.16351,"t":[-44.5996,-75.3876,-75.4469],"timestamp":630343351100},{"currentFrameRate":55.2645,"devices":[],"gestures":[],"hands":[{"armBasis":[[0.849374,-0.0754888,-0.522365],[0.367586,0.794826,0.482838],[0.37874,-0.602124,0.702853]],"armWidth":55.9977,"confidence":1,"direction":[0.0105861,0.88979,-0.456247],"elbow":[128.094,4.46619,255.602],"grabAngle":0,"grabStrength":0,"id":187,"palmNormal":[-0.415939,-0.411008,-0.811214],"palmPosition":[22.9197,212.983,46.1396],"palmVelocity":[-1.07153,-10.3184,2.34677],"palmWidth":83.544,"pinchDistance":59.7505,"pinchStrength":0,"r":[[-0.436051,-0.84148,0.319016],[0.185017,-0.430747,-0.883304],[0.880698,-0.326142,0.343516]],"s":1.16388,"sphereCenter":[89.6296,335.891,164.324],"sphereRadius":181.37,"stabilizedPalmPosition":[18.1849,219.75,53.1563],"t":[-44.6055,-75.6091,-75.4241],"timeVisible":2.63917,"type":"right","wrist":[34.2024,153.736,81.3616]}],"id":61299,"interactionBox":{"center":[0,200,0],"size":[235.247,235.247,147.751]},"pointables":[{"bases":[[[0.740005,0.461424,0.489367],[-0.549942,-0.00380747,0.835194],[0.387242,-0.887171,0.250939]],[[0.6558,0.617269,0.434632],[-0.533542,-0.0283458,0.845299],[0.534097,-0.786241,0.310749]],[[0.6558,0.617269,0.434632],[-0.708033,0.303138,0.637806],[0.261944,-0.726007,0.635845]],[[0.6558,0.617269,0.434632],[-0.751738,0.481016,0.451126],[0.0694013,-0.622578,0.779475]]],"btipPosition":[-31.7039,239.505,21.5497],"carpPosition":[2.44936,167.429,72.3815],"dipPosition":[-30.2153,226.151,38.2693],"direction":[-0.261944,0.726007,-0.635845],"extended":true,"handId":187,"id":1870,"length":47.7656,"mcpPosition":[2.44936,167.429,72.3815],"pipPosition":[-22.0297,203.464,58.139],"stabilizedTipPosition":[-31.7564,239.114,26.1759],"timeVisible":2.63917,"tipPosition":[-31.4356,237.55,26.7387],"tipVelocity":[0.0762894,-11.9767,-0.545845],"tool":false,"touchDistance":-0.290838,"touchZone":"touching","type":0,"width":17.446},{"bases":[[[0.898199,-0.0461451,-0.43716],[0.390237,0.541519,0.744629],[0.202369,-0.839421,0.504399]],[[0.919694,-0.191205,-0.342932],[0.391974,0.396479,0.830157],[-0.0227648,-0.897911,0.439587]],[[0.919694,-0.191205,-0.342932],[0.392616,0.456472,0.798427],[0.00387546,-0.86895,0.494885]],[[0.919694,-0.191205,-0.342932],[0.390795,0.530223,0.752425],[0.0379629,-0.826017,0.562365]]],"btipPosition":[3.30089,306.323,8.60426],"carpPosition":[16.7547,182.081,79.7544],"dipPosition":[3.89536,293.388,17.4105],"direction":[-0.00387546,0.86895,-0.494885],"extended":true,"handId":187,"id":1871,"length":53.8982,"mcpPosition":[3.08483,238.783,45.6826],"pipPosition":[3.98121,274.139,28.3735],"stabilizedTipPosition":[1.71098,306.549,12.3461],"timeVisible":2.63917,"tipPosition":[1.26792,302.955,10.3568],"tipVelocity":[-3.78777,-9.61246,4.72395],"tool":false,"touchDistance":-0.275771,"touchZone":"touching","type":1,"width":16.6644},{"bases":[[[0.837508,-0.250765,-0.485487],[0.540818,0.507361,0.670895],[0.0780804,-0.82444,0.560537]],[[0.83987,-0.281917,-0.463833],[0.540199,0.350772,0.764947],[-0.0529515,-0.893018,0.446894]],[[0.83987,-0.281917,-0.463833],[0.542341,0.401186,0.738184],[-0.0220229,-0.871535,0.489839]],[[0.83987,-0.281917,-0.463833],[0.542781,0.440502,0.715085],[0.00272526,-0.852338,0.522984]]],"btipPosition":[25.1652,312.522,-1.66719],"carpPosition":[27.3007,182.865,75.7562],"dipPosition":[25.2121,297.842,7.34027],"direction":[0.0220229,0.871535,-0.489839],"extended":true,"handId":187,"id":1872,"length":61.4127,"mcpPosition":[22.299,235.677,39.8489],"pipPosition":[24.6382,275.128,20.1067],"stabilizedTipPosition":[19.0283,316.47,8.80208],"timeVisible":2.63917,"tipPosition":[24.0895,308.442,-0.54755],"tipVelocity":[-2.65028,-8.86629,5.35652],"tool":false,"touchDistance":-0.0930793,"touchZone":"touching","type":2,"width":16.3667},{"bases":[[[0.796701,-0.406884,-0.446893],[0.601486,0.461608,0.652022],[-0.0590075,-0.788266,0.612499]],[[0.79885,-0.340025,-0.496208],[0.595158,0.327022,0.73406],[-0.0873282,-0.881725,0.46361]],[[0.79885,-0.340025,-0.496208],[0.597885,0.358136,0.717128],[-0.0661318,-0.869552,0.489393]],[[0.79885,-0.340025,-0.496208],[0.597885,0.358136,0.717128],[-0.0661318,-0.869552,0.489393]]],"btipPosition":[46.8708,299.501,-4.57851],"carpPosition":[37.0895,181.091,70.4393],"dipPosition":[45.7383,284.611,3.80197],"direction":[0.0661318,0.869552,-0.489393],"extended":true,"handId":187,"id":1873,"length":59.0499,"mcpPosition":[40.4832,226.427,35.212],"pipPosition":[44.0593,262.533,16.2274],"stabilizedTipPosition":[45.1867,299.6,0.0485112],"timeVisible":2.63917,"tipPosition":[45.8627,295.21,-3.97853],"tipVelocity":[-1.24839,-8.36447,5.46116],"tool":false,"touchDistance":-0.0839697,"touchZone":"touching","type":3,"width":15.5739},{"bases":[[[0.674109,-0.566023,-0.474548],[0.710488,0.321237,0.62611],[-0.20195,-0.759227,0.618701]],[[0.696177,-0.45069,-0.558763],[0.694097,0.223946,0.684162],[-0.183212,-0.864133,0.468729]],[[0.696177,-0.45069,-0.558763],[0.701062,0.259389,0.664251],[-0.154434,-0.854164,0.496542]],[[0.696177,-0.45069,-0.558763],[0.703476,0.273219,0.656104],[-0.143035,-0.849841,0.507259]]],"btipPosition":[65.8514,271.357,-3.18302],"carpPosition":[44.1341,174.194,61.8615],"dipPosition":[63.5918,257.932,4.83057],"direction":[0.154434,0.854164,-0.496542],"extended":true,"handId":187,"id":1874,"length":46.294,"mcpPosition":[54.886,214.616,28.9219],"pipPosition":[60.8234,242.62,13.7316],"stabilizedTipPosition":[64.0415,271.776,0.777984],"timeVisible":2.63917,"tipPosition":[64.2741,266.177,-3.8957],"tipVelocity":[-0.211513,-8.29596,4.71858],"tool":false,"touchDistance":-0.0745908,"touchZone":"touching","type":4,"width":13.834}],"r":[[-0.436051,-0.84148,0.319016],[0.185017,-0.430747,-0.883304],[0.880698,-0.326142,0.343516]],"s":1.16388,"t":[-44.6055,-75.6091,-75.4241],"timestamp":630343369139},{"currentFrameRate":55.274,"devices":[],"gestures":[],"hands":[{"armBasis":[[0.850002,-0.0751534,-0.521391],[0.366572,0.795205,0.482985],[0.378315,-0.601666,0.703474]],"armWidth":55.9977,"confidence":1,"direction":[0.0104798,0.889849,-0.456134],"elbow":[127.944,4.36438,255.768],"grabAngle":0,"grabStrength":0,"id":187,"palmNormal":[-0.414917,-0.411166,-0.811656],"palmPosition":[22.8734,212.762,46.1436],"palmVelocity":[-2.56372,-12.2313,0.21815],"palmWidth":83.544,"pinchDistance":59.729,"pinchStrength":0,"r":[[-0.435939,-0.84143,0.319299],[0.185046,-0.431009,-0.88317],[0.880747,-0.325923,0.343598]],"s":1.16417,"sphereCenter":[89.434,335.647,164.295],"sphereRadius":181.284,"stabilizedPalmPosition":[18.255,219.645,53.0515],"t":[-44.6316,-75.8302,-75.4108],"timeVisible":2.65723,"type":"right","wrist":[34.1574,153.52,81.3732]}],"id":61300,"interactionBox":{"center":[0,200,0],"size":[235.247,235.247,147.751]},"pointables":[{"bases":[[[0.739259,0.461817,0.490124],[-0.550734,-0.00423785,0.83467],[0.387542,-0.886965,0.251205]],[[0.655084,0.617506,0.435374],[-0.534297,-0.0288205,0.844805],[0.53422,-0.786038,0.311052]],[[0.655084,0.617506,0.435374],[-0.708847,0.302831,0.637048],[0.261536,-0.725934,0.636097]],[[0.655084,0.617506,0.435374],[-0.752453,0.481025,0.449922],[0.0684035,-0.622335,0.779756]]],"btipPosition":[-31.719,239.252,21.5012],"carpPosition":[2.40577,167.192,72.3607],"dipPosition":[-30.2518,225.903,38.2268],"direction":[-0.261536,0.725934,-0.636097],"extended":true,"handId":187,"id":1870,"length":47.7656,"mcpPosition":[2.40577,167.192,72.3607],"pipPosition":[-22.079,203.218,58.1044],"stabilizedTipPosition":[-31.7362,238.956,26.1313],"timeVisible":2.65723,"tipPosition":[-31.4782,237.296,26.6918],"tipVelocity":[-1.10744,-13.9524,-2.61217],"tool":false,"touchDistance":-0.290796,"touchZone":"touching","type":0,"width":17.446},{"bases":[[[0.898643,-0.0455492,-0.43631],[0.389199,0.54167,0.745062],[0.202399,-0.839356,0.504495]],[[0.920127,-0.190426,-0.342206],[0.39099,0.397115,0.830317],[-0.0222182,-0.897796,0.439851]],[[0.920127,-0.190426,-0.342206],[0.391596,0.457268,0.798473],[0.00443019,-0.868703,0.495314]],[[0.920127,-0.190426,-0.342206],[0.38975,0.53059,0.752708],[0.0382361,-0.825962,0.562428]]],"btipPosition":[3.20128,306.079,8.57141],"carpPosition":[16.6952,181.852,79.7489],"dipPosition":[3.80003,293.145,17.3786],"direction":[-0.00443019,0.868703,-0.495314],"extended":true,"handId":187,"id":1871,"length":53.8982,"mcpPosition":[3.02331,238.55,45.6706],"pipPosition":[3.89817,273.901,28.3511],"stabilizedTipPosition":[1.77645,306.411,12.2758],"timeVisible":2.65723,"tipPosition":[1.20742,302.727,10.3513],"tipVelocity":[-5.46123,-13.4877,-1.80643],"tool":false,"touchDistance":-0.276315,"touchZone":"touching","type":1,"width":16.6644},{"bases":[[[0.838121,-0.2502,-0.484719],[0.539872,0.507612,0.671468],[0.0780478,-0.824458,0.560516]],[[0.84049,-0.281492,-0.462967],[0.539247,0.351285,0.765383],[-0.0528158,-0.892951,0.447046]],[[0.84049,-0.281492,-0.462967],[0.541386,0.401815,0.738543],[-0.021867,-0.871382,0.490118]],[[0.84049,-0.281492,-0.462967],[0.54182,0.441073,0.715462],[0.00280545,-0.852183,0.523236]]],"btipPosition":[25.0997,312.292,-1.67953],"carpPosition":[27.2445,182.643,75.7608],"dipPosition":[25.148,297.615,7.33227],"direction":[0.021867,0.871382,-0.490118],"extended":true,"handId":187,"id":1872,"length":61.4127,"mcpPosition":[22.2449,235.457,39.8549],"pipPosition":[24.5781,274.904,20.106],"stabilizedTipPosition":[19.1797,316.281,8.59269],"timeVisible":2.65723,"tipPosition":[24.032,308.229,-0.529498],"tipVelocity":[-3.61132,-12.7124,-0.627975],"tool":false,"touchDistance":-0.0932683,"touchZone":"touching","type":2,"width":16.3667},{"bases":[[[0.797373,-0.406348,-0.446181],[0.600585,0.461898,0.652647],[-0.0591115,-0.788372,0.612352]],[[0.79953,-0.33973,-0.495313],[0.594209,0.327176,0.73476],[-0.0875658,-0.881782,0.463458]],[[0.79953,-0.33973,-0.495313],[0.596984,0.358817,0.717538],[-0.0660427,-0.869387,0.489699]],[[0.79953,-0.33973,-0.495313],[0.596984,0.358817,0.717538],[-0.0660427,-0.869387,0.489699]]],"btipPosition":[46.8327,299.288,-4.56308],"carpPosition":[37.0394,180.876,70.453],"dipPosition":[45.7017,284.4,3.82263],"direction":[0.0660426,0.869387,-0.489699],"extended":true,"handId":187,"id":1873,"length":59.0499,"mcpPosition":[40.4391,226.218,35.2342],"pipPosition":[44.0249,262.327,16.2558],"stabilizedTipPosition":[45.2628,299.394,-0.0988353],"timeVisible":2.65723,"tipPosition":[45.8155,295.01,-3.94101],"tipVelocity":[-2.09228,-11.7967,0.920799],"tool":false,"touchDistance":-0.0836926,"touchZone":"touching","type":3,"width":15.5739},{"bases":[[[0.674904,-0.565558,-0.473971],[0.709697,0.321596,0.626823],[-0.202078,-0.759421,0.618421]],[[0.696937,-0.450567,-0.557914],[0.693206,0.223986,0.685052],[-0.183697,-0.864187,0.46844]],[[0.696937,-0.450567,-0.557914],[0.700208,0.259525,0.665098],[-0.154879,-0.854187,0.496363]],[[0.696937,-0.450567,-0.557914],[0.702754,0.27409,0.656515],[-0.142885,-0.849626,0.507662]]],"btipPosition":[65.8419,271.157,-3.14226],"carpPosition":[44.0964,173.985,61.8812],"dipPosition":[63.5846,257.734,4.8777],"direction":[0.154879,0.854187,-0.496363],"extended":true,"handId":187,"id":1874,"length":46.294,"mcpPosition":[54.8551,214.416,28.9564],"pipPosition":[60.8082,242.422,13.7755],"stabilizedTipPosition":[64.0962,271.618,0.689252],"timeVisible":2.65723,"tipPosition":[64.2452,265.991,-3.84137],"tipVelocity":[-0.501179,-11.0717,2.33845],"tool":false,"touchDistance":-0.0738869,"touchZone":"touching","type":4,"width":13.834}],"r":[[-0.435939,-0.84143,0.319299],[0.185046,-0.431009,-0.88317],[0.880747,-0.325923,0.343598]],"s":1.16417,"t":[-44.6316,-75.8302,-75.4108],"timestamp":630343387198},{"currentFrameRate":55.2646,"devices":[],"gestures":[],"hands":[{"armBasis":[[0.849756,-0.0761919,-0.521641],[0.367623,0.794854,0.482763],[0.377846,-0.601998,0.703442]],"armWidth":55.9977,"confidence":1,"direction":[0.00997465,0.888906,-0.457981],"elbow":[127.754,4.18257,255.897],"grabAngle":0,"grabStrength":0,"id":187,"palmNormal":[-0.415888,-0.412823,-0.810317],"palmPosition":[22.7755,212.603,46.1837],"palmVelocity":[-5.40418,-8.74873,2.21186],"palmWidth":83.544,"pinchDistance":59.7164,"pinchStrength":0,"r":[[-0.435781,-0.841255,0.319976],[0.184858,-0.431585,-0.882928],[0.880864,-0.325613,0.34359]],"s":1.16435,"sphereCenter":[89.4601,335.674,163.912],"sphereRadius":181.184,"stabilizedPalmPosition":[18.32,219.544,52.9527],"t":[-44.6937,-76.0201,-75.3841],"timeVisible":2.67536,"type":"right","wrist":[34.0844,153.421,81.5097]}],"id":61301,"interactionBox":{"center":[0,200,0],"size":[235.247,235.247,147.751]},"pointables":[{"bases":[[[0.739853,0.462798,0.488299],[-0.54975,-0.00249513,0.835326],[0.387806,-0.88646,0.252577]],[[0.655598,0.618409,0.433314],[-0.533481,-0.0267931,0.845388],[0.534405,-0.785399,0.312344]],[[0.655598,0.618409,0.433314],[-0.7083,0.304731,0.636749],[0.261728,-0.724368,0.6378]],[[0.655598,0.618409,0.433314],[-0.752016,0.482822,0.448726],[0.0682831,-0.620043,0.781591]]],"btipPosition":[-31.7996,239.021,21.5075],"carpPosition":[2.33706,167.089,72.5188],"dipPosition":[-30.3349,225.722,38.2725],"direction":[-0.261728,0.724368,-0.6378],"extended":true,"handId":187,"id":1870,"length":47.7656,"mcpPosition":[2.33706,167.089,72.5188],"pipPosition":[-22.1562,203.086,58.2033],"stabilizedTipPosition":[-31.7218,238.799,26.091],"timeVisible":2.67536,"tipPosition":[-31.5976,237.095,26.7399],"tipVelocity":[-4.47948,-12.1181,0.848147],"tool":false,"touchDistance":-0.289819,"touchZone":"touching","type":0,"width":17.446},{"bases":[[[0.898126,-0.0464838,-0.437274],[0.390097,0.54319,0.743484],[0.202963,-0.838322,0.505986]],[[0.919708,-0.191019,-0.343],[0.392008,0.398709,0.829072],[-0.0216116,-0.896963,0.441576]],[[0.919708,-0.191019,-0.343],[0.392571,0.458729,0.797155],[0.00507246,-0.867801,0.496886]],[[0.919708,-0.191019,-0.343],[0.390681,0.531649,0.751477],[0.0388093,-0.825143,0.563589]]],"btipPosition":[3.05662,305.855,8.46078],"carpPosition":[16.6357,181.763,79.8599],"dipPosition":[3.66435,292.934,17.2862],"direction":[-0.00507246,0.867801,-0.496886],"extended":true,"handId":187,"id":1871,"length":53.8982,"mcpPosition":[2.92574,238.391,45.6809],"pipPosition":[3.77672,273.71,28.2935],"stabilizedTipPosition":[1.82958,306.279,12.209],"timeVisible":2.67536,"tipPosition":[1.07343,302.495,10.2318],"tipVelocity":[-7.86632,-12.2178,-5.87264],"tool":false,"touchDistance":-0.278089,"touchZone":"touching","type":1,"width":16.6644},{"bases":[[[0.83754,-0.251232,-0.485189],[0.540681,0.508974,0.669783],[0.0786782,-0.823303,0.562123]],[[0.839932,-0.282455,-0.463393],[0.540168,0.352872,0.764003],[-0.052278,-0.89202,0.448962]],[[0.839932,-0.282455,-0.463393],[0.542273,0.403301,0.737081],[-0.0213056,-0.870383,0.491913]],[[0.839932,-0.282455,-0.463393],[0.542682,0.442329,0.714032],[0.00329004,-0.851213,0.52481]]],"btipPosition":[24.9484,312.037,-1.84405],"carpPosition":[27.1803,182.546,75.8578],"dipPosition":[25.0051,297.376,7.19486],"direction":[0.0213056,0.870384,-0.491913],"extended":true,"handId":187,"id":1872,"length":61.4127,"mcpPosition":[22.1403,235.285,39.8489],"pipPosition":[24.4498,274.692,20.0153],"stabilizedTipPosition":[19.3137,316.105,8.39894],"timeVisible":2.67536,"tipPosition":[23.8828,307.974,-0.687334],"tipVelocity":[-8.23982,-13.8781,-8.73204],"tool":false,"touchDistance":-0.0959064,"touchZone":"touching","type":2,"width":16.3667},{"bases":[[[0.796832,-0.407298,-0.446281],[0.60137,0.46322,0.650985],[-0.0584185,-0.787106,0.614046]],[[0.798933,-0.340767,-0.495564],[0.595082,0.328603,0.733415],[-0.0870797,-0.880851,0.465316]],[[0.798933,-0.340767,-0.495564],[0.597869,0.3606,0.715905],[-0.0652566,-0.868243,0.491829]],[[0.798933,-0.340767,-0.495564],[0.597869,0.3606,0.715905],[-0.0652566,-0.868243,0.491829]]],"btipPosition":[46.669,299.019,-4.73811],"carpPosition":[36.9689,180.767,70.5421],"dipPosition":[45.5515,284.151,3.68409],"direction":[0.0652566,0.868243,-0.491829],"extended":true,"handId":187,"id":1873,"length":59.0499,"mcpPosition":[40.3288,226.036,35.2259],"pipPosition":[43.8947,262.107,16.1713],"stabilizedTipPosition":[45.319,299.209,-0.230905],"timeVisible":2.67536,"tipPosition":[45.662,294.748,-4.09642],"tipVelocity":[-8.85804,-14.5677,-9.19256],"tool":false,"touchDistance":-0.0864698,"touchZone":"touching","type":3,"width":15.5739},{"bases":[[[0.674324,-0.566561,-0.473598],[0.710446,0.32286,0.625322],[-0.201377,-0.758136,0.620224]],[[0.696254,-0.451815,-0.557758],[0.694031,0.225456,0.683733],[-0.183171,-0.863153,0.470548]],[[0.696254,-0.451815,-0.557758],[0.700954,0.260637,0.663877],[-0.154577,-0.853189,0.498171]],[[0.696254,-0.451815,-0.557758],[0.703525,0.275371,0.655151],[-0.142417,-0.848548,0.509591]]],"btipPosition":[65.6938,270.893,-3.27441],"carpPosition":[44.0156,173.858,61.9762],"dipPosition":[63.4439,257.488,4.77603],"direction":[0.154577,0.853189,-0.498171],"extended":true,"handId":187,"id":1874,"length":46.294,"mcpPosition":[54.7369,214.221,28.9555],"pipPosition":[60.673,242.194,13.7062],"stabilizedTipPosition":[64.1402,271.463,0.603285],"timeVisible":2.67536,"tipPosition":[64.0907,265.728,-3.95867],"tipVelocity":[-8.07393,-14.3314,-6.90376],"tool":false,"touchDistance":-0.0759727,"touchZone":"touching","type":4,"width":13.834}],"r":[[-0.435781,-0.841255,0.319976],[0.184858,-0.431585,-0.882928],[0.880864,-0.325613,0.34359]],"s":1.16435,"t":[-44.6937,-76.0201,-75.3841],"timestamp":630343405325},{"currentFrameRate":55.2374,"devices":[],"gestures":[],"hands":[{"armBasis":[[0.84999,-0.0764871,-0.521217],[0.367486,0.795001,0.482625],[0.377453,-0.601767,0.703851]],"armWidth":55.9977,"confidence":1,"direction":[0.0101481,0.888529,-0.458709],"elbow":[127.497,4.00118,256.01],"grabAngle":0,"grabStrength":0,"id":187,"palmNormal":[-0.415533,-0.413501,-0.810154],"palmPosition":[22.6307,212.338,46.1459],"palmVelocity":[-7.95505,-14.5775,-2.07545],"palmWidth":83.544,"pinchDistance":59.7186,"pinchStrength":0,"r":[[-0.435678,-0.841064,0.320619],[0.184785,-0.432191,-0.882647],[0.880931,-0.325304,0.343712]],"s":1.16438,"sphereCenter":[89.2907,335.388,163.616],"sphereRadius":180.995,"stabilizedPalmPosition":[18.3835,219.438,52.8524],"t":[-44.7971,-76.2477,-75.3896],"timeVisible":2.69355,"type":"right","wrist":[33.9247,153.182,81.5223]}],"id":61302,"interactionBox":{"center":[0,200,0],"size":[235.247,235.247,147.751]},"pointables":[{"bases":[[[0.739633,0.463219,0.488232],[-0.550106,-0.00182033,0.835093],[0.38772,-0.886242,0.253473]],[[0.655458,0.618693,0.433122],[-0.533796,-0.0261798,0.845208],[0.534263,-0.785197,0.313096]],[[0.655458,0.618693,0.433122],[-0.708669,0.305595,0.635925],[0.261082,-0.723762,0.638753]],[[0.655458,0.618693,0.433122],[-0.752252,0.483946,0.447116],[0.0670198,-0.618883,0.782619]]],"btipPosition":[-31.9007,238.724,21.4122],"carpPosition":[2.18219,166.845,72.5098],"dipPosition":[-30.4631,225.449,38.1993],"direction":[-0.261082,0.723762,-0.638753],"extended":false,"handId":187,"id":1870,"length":47.7656,"mcpPosition":[2.18219,166.845,72.5098],"pipPosition":[-22.3045,202.832,58.1598],"stabilizedTipPosition":[-31.7142,238.642,26.05],"timeVisible":2.69355,"tipPosition":[-31.7343,236.81,26.6558],"tipVelocity":[-5.89665,-16.0166,-4.9565],"tool":false,"touchDistance":-0.290523,"touchZone":"touching","type":0,"width":17.446},{"bases":[[[0.898313,-0.0468219,-0.436853],[0.389767,0.543812,0.743203],[0.202768,-0.8379,0.506764]],[[0.919874,-0.191574,-0.342243],[0.391583,0.399141,0.829065],[-0.0222241,-0.896653,0.442177]],[[0.919874,-0.191574,-0.342243],[0.392188,0.459235,0.797052],[0.00447553,-0.867412,0.497571]],[[0.919874,-0.191574,-0.342243],[0.39035,0.532114,0.75132],[0.0381791,-0.824715,0.564259]]],"btipPosition":[2.95866,305.561,8.34399],"carpPosition":[16.4774,181.525,79.8449],"dipPosition":[3.55651,292.647,17.1799],"direction":[-0.00447553,0.867412,-0.497571],"extended":true,"handId":187,"id":1871,"length":53.8982,"mcpPosition":[2.78057,238.125,45.6135],"pipPosition":[3.65566,273.431,28.2024],"stabilizedTipPosition":[1.87585,306.144,12.142],"timeVisible":2.69355,"tipPosition":[0.946418,302.201,10.1113],"tipVelocity":[-5.50807,-16.058,-6.28479],"tool":false,"touchDistance":-0.279996,"touchZone":"touching","type":1,"width":16.6644},{"bases":[[[0.837753,-0.251611,-0.484625],[0.540383,0.50954,0.669593],[0.0784588,-0.822837,0.562835]],[[0.840146,-0.282985,-0.462682],[0.5398,0.353495,0.763974],[-0.0526374,-0.891606,0.449743]],[[0.840146,-0.282985,-0.462682],[0.541935,0.404229,0.736821],[-0.0214799,-0.869781,0.492971]],[[0.840146,-0.282985,-0.462682],[0.542351,0.443251,0.713711],[0.0031145,-0.850558,0.525873]]],"btipPosition":[24.8292,311.721,-1.98115],"carpPosition":[27.0237,182.305,75.8466],"dipPosition":[24.8829,297.072,7.07607],"direction":[0.0214799,0.869781,-0.492971],"extended":true,"handId":187,"id":1872,"length":61.4127,"mcpPosition":[21.9977,235.015,39.7922],"pipPosition":[24.323,274.403,19.9241],"stabilizedTipPosition":[19.4472,315.918,8.19862],"timeVisible":2.69355,"tipPosition":[23.7572,307.671,-0.801934],"tipVelocity":[-6.5872,-17.2132,-7.30221],"tool":false,"touchDistance":-0.0981212,"touchZone":"touching","type":2,"width":16.3667},{"bases":[[[0.797032,-0.407646,-0.445606],[0.601082,0.463771,0.650859],[-0.0586609,-0.786601,0.614669]],[[0.799152,-0.341153,-0.494944],[0.594756,0.32916,0.73343],[-0.0872959,-0.880493,0.465952]],[[0.799152,-0.341153,-0.494944],[0.597572,0.361418,0.715741],[-0.0652953,-0.867751,0.492691]],[[0.799152,-0.341153,-0.494944],[0.597572,0.361418,0.715741],[-0.0652953,-0.867751,0.492691]]],"btipPosition":[46.5391,298.71,-4.84213],"carpPosition":[36.8146,180.522,70.5366],"dipPosition":[45.4209,283.85,3.59483],"direction":[0.0652953,0.867751,-0.492691],"extended":true,"handId":187,"id":1873,"length":59.0499,"mcpPosition":[40.1884,225.762,35.1845],"pipPosition":[43.7631,261.818,16.104],"stabilizedTipPosition":[45.3665,299.016,-0.36272],"timeVisible":2.69355,"tipPosition":[45.537,294.442,-4.19154],"tipVelocity":[-7.14793,-16.8967,-5.5297],"tool":false,"touchDistance":-0.088147,"touchZone":"touching","type":3,"width":15.5739},{"bases":[[[0.67454,-0.566934,-0.472844],[0.710172,0.323393,0.625358],[-0.201622,-0.75763,0.620762]],[[0.696526,-0.452068,-0.557213],[0.693793,0.226217,0.683723],[-0.183039,-0.862821,0.471208]],[[0.696526,-0.452068,-0.557213],[0.700745,0.261572,0.663729],[-0.1543,-0.852768,0.498976]],[[0.696526,-0.452068,-0.557213],[0.70331,0.276289,0.654996],[-0.142151,-0.848115,0.510387]]],"btipPosition":[65.5429,270.589,-3.34829],"carpPosition":[43.865,173.606,61.9794],"dipPosition":[63.2972,257.191,4.71472],"direction":[0.1543,0.852768,-0.498976],"extended":true,"handId":187,"id":1874,"length":46.294,"mcpPosition":[54.5994,213.942,28.93],"pipPosition":[60.5312,241.904,13.6594],"stabilizedTipPosition":[64.1781,271.294,0.513556],"timeVisible":2.69355,"tipPosition":[63.9677,265.426,-4.01842],"tipVelocity":[-8.23977,-16.61,-3.90084],"tool":false,"touchDistance":-0.0771558,"touchZone":"touching","type":4,"width":13.834}],"r":[[-0.435678,-0.841064,0.320619],[0.184785,-0.432191,-0.882647],[0.880931,-0.325304,0.343712]],"s":1.16438,"t":[-44.7971,-76.2477,-75.3896],"timestamp":630343423523},{"currentFrameRate":55.2885,"devices":[],"gestures":[],"hands":[{"armBasis":[[0.850643,-0.0755277,-0.52029],[0.366476,0.794756,0.483796],[0.376964,-0.602212,0.703732]],"armWidth":55.9977,"confidence":1,"direction":[0.00984625,0.887786,-0.460152],"elbow":[127.257,3.70303,255.947],"grabAngle":0,"grabStrength":0,"id":187,"palmNormal":[-0.413995,-0.415263,-0.81004],"palmPosition":[22.5006,212.096,46.0191],"palmVelocity":[-7.26683,-13.4793,-7.08244],"palmWidth":83.544,"pinchDistance":59.7685,"pinchStrength":0,"r":[[-0.435507,-0.840896,0.32129],[0.185058,-0.432925,-0.88223],[0.880958,-0.32476,0.344157]],"s":1.16441,"sphereCenter":[88.7998,335.312,163.267],"sphereRadius":180.83,"stabilizedPalmPosition":[18.4378,219.341,52.7623],"t":[-44.9138,-76.4822,-75.4558],"timeVisible":2.71146,"type":"right","wrist":[33.8054,152.994,81.4878]}],"id":61303,"interactionBox":{"center":[0,200,0],"size":[235.247,235.247,147.751]},"pointables":[{"bases":[[[0.738482,0.464792,0.488479],[-0.551242,-0.00102698,0.834344],[0.388298,-0.885419,0.255455]],[[0.654076,0.620305,0.432905],[-0.534696,-0.0256698,0.844655],[0.535056,-0.783941,0.314884]],[[0.654076,0.620305,0.432905],[-0.709866,0.305663,0.634555],[0.261295,-0.722352,0.64026]],[[0.654076,0.620305,0.432905],[-0.753484,0.48383,0.445164],[0.0666853,-0.617358,0.783851]]],"btipPosition":[-32.0551,238.37,21.1766],"carpPosition":[2.0636,166.625,72.4297],"dipPosition":[-30.6247,225.128,37.99],"direction":[-0.261295,0.722352,-0.64026],"extended":true,"handId":187,"id":1870,"length":47.7656,"mcpPosition":[2.0636,166.625,72.4297],"pipPosition":[-22.4594,202.555,57.9977],"stabilizedTipPosition":[-31.7147,238.497,26.0059],"timeVisible":2.71146,"tipPosition":[-31.863,236.477,26.4116],"tipVelocity":[-8.71434,-19.3378,-12.8174],"tool":false,"touchDistance":-0.293248,"touchZone":"touching","type":0,"width":17.446},{"bases":[[[0.898957,-0.046598,-0.435551],[0.388184,0.545437,0.74284],[0.202951,-0.836855,0.508414]],[[0.92056,-0.191541,-0.340414],[0.389943,0.400074,0.829389],[-0.0226714,-0.896244,0.442982]],[[0.92056,-0.191541,-0.340414],[0.390582,0.460205,0.797281],[0.00394788,-0.866905,0.498458]],[[0.92056,-0.191541,-0.340414],[0.388795,0.53306,0.751455],[0.0375266,-0.824111,0.565184]]],"btipPosition":[2.84186,305.261,8.08194],"carpPosition":[16.3334,181.333,79.7602],"dipPosition":[3.42949,292.356,16.9323],"direction":[-0.00394788,0.866905,-0.498458],"extended":true,"handId":187,"id":1871,"length":53.8982,"mcpPosition":[2.62425,237.862,45.4173],"pipPosition":[3.51695,273.152,27.9745],"stabilizedTipPosition":[1.90825,306.031,12.0825],"timeVisible":2.71146,"tipPosition":[0.782538,301.879,9.80905],"tipVelocity":[-6.65287,-16.6226,-14.4457],"tool":false,"touchDistance":-0.28421,"touchZone":"touching","type":1,"width":16.6644},{"bases":[[[0.838676,-0.251528,-0.48307],[0.538937,0.511202,0.669492],[0.0785498,-0.821831,0.56429]],[[0.841087,-0.283134,-0.460877],[0.538313,0.354925,0.764361],[-0.0528404,-0.89099,0.450937]],[[0.841087,-0.283134,-0.460877],[0.540463,0.405684,0.737103],[-0.0217288,-0.869055,0.494239]],[[0.841087,-0.283134,-0.460877],[0.540893,0.444667,0.713937],[0.00279643,-0.849768,0.527149]]],"btipPosition":[24.705,311.409,-2.25384],"carpPosition":[26.8843,182.117,75.775],"dipPosition":[24.7532,296.773,6.82536],"direction":[0.0217288,0.869054,-0.494239],"extended":true,"handId":187,"id":1872,"length":61.4127,"mcpPosition":[21.8525,234.762,39.6273],"pipPosition":[24.1868,274.123,19.7065],"stabilizedTipPosition":[19.5566,315.754,8.02503],"timeVisible":2.71146,"tipPosition":[23.5949,307.356,-1.08083],"tipVelocity":[-7.00641,-17.2593,-14.9433],"tool":false,"touchDistance":-0.102582,"touchZone":"touching","type":2,"width":16.3667},{"bases":[[[0.798064,-0.407542,-0.44385],[0.599708,0.465466,0.650916],[-0.0586783,-0.785653,0.615878]],[[0.800183,-0.341136,-0.493289],[0.593392,0.330812,0.733791],[-0.0871363,-0.87988,0.467138]],[[0.800183,-0.341136,-0.493289],[0.596201,0.363022,0.716072],[-0.0652031,-0.867088,0.49387]],[[0.800183,-0.341136,-0.493289],[0.596201,0.363022,0.716072],[-0.0652031,-0.867088,0.49387]]],"btipPosition":[46.3994,298.415,-5.06572],"carpPosition":[36.6843,180.335,70.4812],"dipPosition":[45.2828,283.567,3.39142],"direction":[0.0652031,0.867088,-0.49387],"extended":true,"handId":187,"id":1873,"length":59.0499,"mcpPosition":[40.0591,225.521,35.0596],"pipPosition":[43.6274,261.552,15.9305],"stabilizedTipPosition":[45.3985,298.85,-0.476588],"timeVisible":2.71146,"tipPosition":[45.3906,294.143,-4.42032],"tipVelocity":[-7.77933,-16.2878,-12.2247],"tool":false,"touchDistance":-0.091796,"touchZone":"touching","type":3,"width":15.5739},{"bases":[[[0.675776,-0.567002,-0.470994],[0.70898,0.325161,0.625794],[-0.201678,-0.756821,0.621729]],[[0.697781,-0.452058,-0.555649],[0.692651,0.228098,0.684255],[-0.18258,-0.862331,0.472281]],[[0.697781,-0.452058,-0.555649],[0.699659,0.263842,0.663976],[-0.153552,-0.852075,0.500391]],[[0.697781,-0.452058,-0.555649],[0.702188,0.278406,0.655303],[-0.141539,-0.847428,0.511696]]],"btipPosition":[65.3966,270.314,-3.51498],"carpPosition":[43.7537,173.413,61.945],"dipPosition":[63.1606,256.926,4.56872],"direction":[0.153552,0.852075,-0.500391],"extended":true,"handId":187,"id":1874,"length":46.294,"mcpPosition":[54.491,213.706,28.8441],"pipPosition":[60.408,241.652,13.5387],"stabilizedTipPosition":[64.2051,271.138,0.430391],"timeVisible":2.71146,"tipPosition":[63.852,265.149,-4.1723],"tipVelocity":[-8.04497,-15.2348,-9.04122],"tool":false,"touchDistance":-0.0798546,"touchZone":"touching","type":4,"width":13.834}],"r":[[-0.435507,-0.840896,0.32129],[0.185058,-0.432925,-0.88223],[0.880958,-0.32476,0.344157]],"s":1.16441,"t":[-44.9138,-76.4822,-75.4558],"timestamp":630343441433},{"currentFrameRate":55.2869,"devices":[],"gestures":[],"hands":[{"armBasis":[[0.851472,-0.0748785,-0.519026],[0.365193,0.794968,0.484417],[0.376337,-0.602013,0.704238]],"armWidth":55.9977,"confidence":1,"direction":[0.00971484,0.887646,-0.460424],"elbow":[126.963,3.61592,255.913],"grabAngle":0,"grabStrength":0,"id":187,"palmNormal":[-0.412498,-0.415885,-0.810484],"palmPosition":[22.3626,211.941,45.8282],"palmVelocity":[-7.62455,-8.56861,-10.5494],"palmWidth":83.544,"pinchDistance":59.8107,"pinchStrength":0,"r":[[-0.435313,-0.840817,0.321759],[0.185599,-0.433537,-0.881815],[0.88094,-0.324148,0.344779]],"s":1.16435,"sphereCenter":[88.5124,335.162,163.022],"sphereRadius":180.737,"stabilizedPalmPosition":[18.4767,219.268,52.6935],"t":[-45.0412,-76.677,-75.5843],"timeVisible":2.72956,"type":"right","wrist":[33.6674,152.858,81.3288]}],"id":61304,"interactionBox":{"center":[0,200,0],"size":[235.247,235.247,147.751]},"pointables":[{"bases":[[[0.737392,0.465594,0.489362],[-0.552409,-0.0012406,0.833573],[0.388714,-0.884997,0.256283]],[[0.653037,0.62085,0.433691],[-0.535222,-0.0268013,0.844286],[0.535799,-0.783471,0.314791]],[[0.653037,0.62085,0.433691],[-0.710889,0.305085,0.633687],[0.261112,-0.722128,0.640587]],[[0.653037,0.62085,0.433691],[-0.754483,0.483763,0.443542],[0.0655695,-0.616862,0.784336]]],"btipPosition":[-32.1947,238.167,20.9554],"carpPosition":[1.92843,166.461,72.2249],"dipPosition":[-30.7882,224.935,37.7793],"direction":[-0.261112,0.722128,-0.640587],"extended":true,"handId":187,"id":1870,"length":47.7656,"mcpPosition":[1.92843,166.461,72.2249],"pipPosition":[-22.6287,202.369,57.7972],"stabilizedTipPosition":[-31.7199,238.385,25.9668],"timeVisible":2.72956,"tipPosition":[-31.9943,236.264,26.1318],"tipVelocity":[-8.01813,-11.115,-12.0907],"tool":false,"touchDistance":-0.295537,"touchZone":"touching","type":0,"width":17.446},{"bases":[[[0.899606,-0.0459523,-0.434278],[0.386668,0.546015,0.743206],[0.20297,-0.836514,0.508967]],[[0.921242,-0.191608,-0.338525],[0.388271,0.40008,0.83017],[-0.0236301,-0.896227,0.442966]],[[0.921242,-0.191608,-0.338525],[0.388978,0.460312,0.798003],[0.00292316,-0.866833,0.49859]],[[0.921242,-0.191608,-0.338525],[0.387276,0.533364,0.752024],[0.0364631,-0.823899,0.565562]]],"btipPosition":[2.75937,305.083,7.84672],"carpPosition":[16.1751,181.183,79.5705],"dipPosition":[3.33036,292.181,16.703],"direction":[-0.00292316,0.866833,-0.49859],"extended":true,"handId":187,"id":1871,"length":53.8982,"mcpPosition":[2.46466,237.689,45.1903],"pipPosition":[3.39512,272.979,27.7481],"stabilizedTipPosition":[1.92816,305.952,12.0379],"timeVisible":2.72956,"tipPosition":[0.629178,301.696,9.56062],"tipVelocity":[-4.77041,-9.80604,-12.9255],"tool":false,"touchDistance":-0.28763,"touchZone":"touching","type":1,"width":16.6644},{"bases":[[[0.839571,-0.25095,-0.481814],[0.537552,0.511888,0.670081],[0.0784778,-0.821581,0.564665]],[[0.842004,-0.283014,-0.459273],[0.536831,0.355457,0.765155],[-0.0532979,-0.890816,0.451227]],[[0.842004,-0.283014,-0.459273],[0.53901,0.406175,0.737896],[-0.0222895,-0.868864,0.494549]],[[0.842004,-0.283014,-0.459273],[0.539466,0.445114,0.714737],[0.0021481,-0.849574,0.527465]]],"btipPosition":[24.6022,311.235,-2.47925],"carpPosition":[26.7309,181.975,75.5999],"dipPosition":[24.6392,296.603,6.60539],"direction":[0.0222895,0.868864,-0.494549],"extended":true,"handId":187,"id":1872,"length":61.4127,"mcpPosition":[21.7037,234.605,39.4282],"pipPosition":[24.0583,273.958,19.4946],"stabilizedTipPosition":[19.6329,315.635,7.89792],"timeVisible":2.72956,"tipPosition":[23.4437,307.189,-1.29768],"tipVelocity":[-5.82413,-9.55574,-12.3892],"tool":false,"touchDistance":-0.106318,"touchZone":"touching","type":2,"width":16.3667},{"bases":[[[0.79904,-0.406987,-0.442601],[0.59839,0.466199,0.651604],[-0.058854,-0.785506,0.616049]],[[0.80117,-0.340612,-0.492046],[0.592077,0.33161,0.734493],[-0.0870099,-0.879783,0.467345]],[[0.80117,-0.340612,-0.492046],[0.59486,0.36352,0.716934],[-0.065328,-0.867085,0.493859]],[[0.80117,-0.340612,-0.492046],[0.59486,0.36352,0.716934],[-0.065328,-0.867085,0.493859]]],"btipPosition":[46.2651,298.268,-5.24435],"carpPosition":[36.5399,180.201,70.3204],"dipPosition":[45.1465,283.42,3.2126],"direction":[0.065328,0.867085,-0.493859],"extended":true,"handId":187,"id":1873,"length":59.0499,"mcpPosition":[39.9248,225.378,34.889],"pipPosition":[43.4878,261.405,15.7514],"stabilizedTipPosition":[45.4177,298.724,-0.565308],"timeVisible":2.72956,"tipPosition":[45.2521,293.992,-4.60475],"tipVelocity":[-7.44602,-8.14288,-9.87562],"tool":false,"touchDistance":-0.094774,"touchZone":"touching","type":3,"width":15.5739},{"bases":[[[0.67693,-0.566563,-0.469865],[0.707819,0.325981,0.62668],[-0.201887,-0.756798,0.62169]],[[0.699005,-0.451202,-0.554805],[0.691561,0.229024,0.685048],[-0.182031,-0.862534,0.472123]],[[0.699005,-0.451202,-0.554805],[0.698559,0.264843,0.664735],[-0.152994,-0.852218,0.500318]],[[0.699005,-0.451202,-0.554805],[0.701011,0.279004,0.656308],[-0.141335,-0.847687,0.511323]]],"btipPosition":[65.2502,270.194,-3.64926],"carpPosition":[43.6272,173.282,61.7964],"dipPosition":[63.0174,256.803,4.42854],"direction":[0.152994,0.852218,-0.500318],"extended":true,"handId":187,"id":1874,"length":46.294,"mcpPosition":[54.3757,213.574,28.6975],"pipPosition":[60.2748,241.526,13.3972],"stabilizedTipPosition":[64.2217,271.013,0.36117],"timeVisible":2.72956,"tipPosition":[63.7401,265.018,-4.31692],"tipVelocity":[-8.05045,-6.64918,-7.49652],"tool":false,"touchDistance":-0.0821152,"touchZone":"touching","type":4,"width":13.834}],"r":[[-0.435313,-0.840817,0.321759],[0.185599,-0.433537,-0.881815],[0