{"frames":53,"data":[{"currentFrameRate":55.2459,"devices":[],"gestures":[],"hands":[{"armBasis":[[0.848502,0.169339,-0.501367],[0.156033,0.825243,0.542796],[0.505666,-0.538793,0.673798]],"armWidth":68.5066,"confidence":1,"direction":[-0.0887707,0.353221,-0.931319],"elbow":[174.784,182.13,196.285],"grabAngle":2.79529,"grabStrength":0,"id":22,"palmNormal":[-0.139474,-0.930206,-0.339504],"palmPosition":[17.0984,355.146,-56.9071],"palmVelocity":[0.267853,0.304217,-1.72996],"palmWidth":91.9162,"pinchDistance":54.4125,"pinchStrength":0.509118,"r":[[0.246016,-0.696611,0.67395],[0.580937,-0.450618,-0.677832],[0.775879,0.55828,0.293828]],"s":1.18048,"sphereCenter":[9.84516,324.148,-86.5485],"sphereRadius":43.2471,"stabilizedPalmPosition":[16.3294,354.382,-56.1521],"t":[-210.808,206.192,-84.0174],"timeVisible":7.86365,"type":"right","wrist":[36.8639,329.085,12.5079]}],"id":12097,"interactionBox":{"center":[0,200,0],"size":[235.247,235.247,147.751]},"pointables":[{"bases":[[[0.957333,-0.0390341,-0.286339],[0.100386,0.974053,0.202841],[0.270991,-0.222931,0.936411]],[[0.984327,-0.0675187,-0.162914],[0.0664378,0.997717,-0.0120804],[0.163357,0.00106742,0.986566]],[[0.984327,-0.0675187,-0.162914],[0.03503,0.980255,-0.19461],[0.172837,0.185853,0.967257]],[[0.984327,-0.0675187,-0.162914],[0.0194816,0.959782,-0.280069],[0.175271,0.272505,0.946055]]],"btipPosition":[-23.656,359.63,-156.456],"carpPosition":[10.3579,352.051,-6.76058],"dipPosition":[-20.7281,364.182,-140.652],"direction":[-0.172837,-0.185853,-0.967257],"extended":true,"handId":22,"id":221,"length":57.4972,"mcpPosition":[-9.7818,368.619,-76.3532],"pipPosition":[-16.6436,368.574,-117.794],"stabilizedTipPosition":[-23.3565,357.084,-153.315],"timeVisible":7.86365,"tipPosition":[-22.7757,360.75,-152.827],"tipVelocity":[-6.3977,9.49817,1.26918],"tool":false,"touchDistance":0.332805,"touchZone":"hovering","type":1,"width":21.3473},{"bases":[[[0.504287,0.860785,0.0688792],[-0.6967,0.358435,0.621396],[0.510199,-0.36135,0.780463]],[[0.372973,0.92093,-0.113041],[-0.882987,0.389721,0.261631],[0.284999,0.00223214,0.958525]],[[0.372973,0.92093,-0.113041],[-0.927704,0.368037,-0.0625655],[-0.0160152,0.128204,0.991619]],[[0.372973,0.92093,-0.113041],[-0.877428,0.310468,-0.36569],[-0.30168,0.235578,0.923846]]],"btipPosition":[-6.40716,320.895,-104.856],"carpPosition":[0.527145,330.672,-2.32545],"dipPosition":[-13.3102,326.286,-83.7162],"direction":[0.0160152,-0.128204,-0.991619],"extended":false,"handId":22,"id":220,"length":50.9551,"mcpPosition":[0.527145,330.672,-2.32545],"pipPosition":[-13.8441,330.56,-50.6598],"stabilizedTipPosition":[-9.82431,320.139,-100.312],"timeVisible":7.86365,"tipPosition":[-8.33221,322.19,-99.6878],"tipVelocity":[3.38181,-0.032987,-0.681719],"tool":false,"touchDistance":0.241395,"touchZone":"hovering","type":0,"width":22.3485},{"bases":[[[0.953909,-0.23427,-0.187549],[0.266714,0.9483,0.172021],[0.137554,-0.214115,0.967075]],[[0.960441,-0.246688,-0.129222],[-0.0265578,0.38077,-0.924288],[0.277215,0.891156,0.359156]],[[0.960441,-0.246688,-0.129222],[-0.278459,-0.856919,-0.433762],[-0.00372914,0.452586,-0.891713]],[[0.960441,-0.246688,-0.129222],[-0.212754,-0.949383,0.231101],[-0.179691,-0.194466,-0.96431]]],"btipPosition":[2.79556,317.462,-53.0661],"carpPosition":[22.149,353.379,-10.4923],"dipPosition":[-0.505959,313.889,-70.7836],"direction":[0.00372914,-0.452586,0.891713],"extended":false,"handId":22,"id":222,"length":65.5134,"mcpPosition":[12.4545,368.469,-78.65],"pipPosition":[-0.60964,326.472,-95.5757],"stabilizedTipPosition":[1.80524,315.268,-57.1971],"timeVisible":7.86365,"tipPosition":[2.70137,316.299,-56.9868],"tipVelocity":[-3.04933,0.537928,-2.51306],"tool":false,"touchDistance":0.333333,"touchZone":"none","type":2,"width":20.9659},{"bases":[[[0.940916,-0.334042,-0.0556227],[0.338434,0.92183,0.188923],[-0.0118333,-0.196585,0.980415]],[[0.93919,-0.34332,-0.00725631],[0.110901,0.323244,-0.939795],[0.324996,0.881842,0.341662]],[[0.93919,-0.34332,-0.00725631],[-0.313411,-0.84835,-0.426703],[0.14034,0.40303,-0.904363]],[[0.93919,-0.34332,-0.00725631],[-0.331645,-0.912327,0.240149],[-0.0890681,-0.223139,-0.970709]]],"btipPosition":[18.4353,318.603,-48.1899],"carpPosition":[34.0577,351.525,-13.4534],"dipPosition":[16.8082,314.526,-65.9225],"direction":[-0.14034,-0.40303,0.904362],"extended":false,"handId":22,"id":223,"length":62.9929,"mcpPosition":[34.8064,363.965,-75.4918],"pipPosition":[20.6093,325.442,-90.417],"stabilizedTipPosition":[18.2122,316.386,-52.2002],"timeVisible":7.86365,"tipPosition":[19.0914,317.126,-52.1132],"tipVelocity":[-6.13052,0.488953,-4.21855],"tool":false,"touchDistance":0.333333,"touchZone":"none","type":3,"width":19.9504},{"bases":[[[0.864282,-0.502239,0.0277778],[0.478277,0.837639,0.263842],[-0.155779,-0.214748,0.964166]],[[0.84756,-0.518939,0.111108],[0.29618,0.288811,-0.91042],[0.440363,0.804544,0.398484]],[[0.84756,-0.518939,0.111108],[-0.402654,-0.765192,-0.502345],[0.345705,0.38103,-0.857499]],[[0.84756,-0.518939,0.111108],[-0.530478,-0.834479,0.149124],[0.015331,-0.185331,-0.982556]]],"btipPosition":[32.0854,323.072,-52.6943],"carpPosition":[45.0537,342.47,-15.3985],"dipPosition":[32.3437,319.948,-69.2531],"direction":[-0.345705,-0.38103,0.857499],"extended":false,"handId":22,"id":224,"length":49.3853,"mcpPosition":[54.1786,355.049,-71.8749],"pipPosition":[38.9546,327.235,-85.6511],"stabilizedTipPosition":[32.0334,321.201,-56.3309],"timeVisible":7.86365,"tipPosition":[32.8952,321.836,-56.3762],"tipVelocity":[-3.80225,-0.676543,-5.28493],"tool":false,"touchDistance":0.333333,"touchZone":"none","type":4,"width":17.7215}],"r":[[0.246016,-0.696611,0.67395],[0.580937,-0.450618,-0.677832],[0.775879,0.55828,0.293828]],"s":1.18048,"t":[-210.808,206.192,-84.0174],"timestamp":629389045166},{"currentFrameRate":55.2498,"devices":[],"gestures":[],"hands":[{"armBasis":[[0.846504,0.162102,-0.507103],[0.158338,0.832756,0.530515],[0.508291,-0.529376,0.679265]],"armWidth":68.5066,"confidence":1,"direction":[-0.0884882,0.357462,-0.929726],"elbow":[175.535,184.897,197.567],"grabAngle":2.79725,"grabStrength":0,"id":22,"palmNormal":[-0.142968,-0.928281,-0.343299],"palmPosition":[17.1169,355.539,-57.0645],"palmVelocity":[1.02003,21.7537,-8.70235],"palmWidth":91.9162,"pinchDistance":54.4099,"pinchStrength":0.512005,"r":[[0.246012,-0.697241,0.6733],[0.580017,-0.450648,-0.6786],[0.776569,0.557469,0.293547]],"s":1.18011,"sphereCenter":[9.84081,324.625,-86.8217],"sphereRadius":43.2242,"stabilizedPalmPosition":[16.332,354.386,-56.1552],"t":[-210.799,206.394,-84.1204],"timeVisible":7.88173,"type":"right","wrist":[36.8995,329.284,12.2984]}],"id":12098,"interactionBox":{"center":[0,200,0],"size":[235.247,235.247,147.751]},"pointables":[{"bases":[[[0.956912,-0.0410691,-0.287459],[0.103894,0.972838,0.206862],[0.271155,-0.227814,0.935188]],[[0.984112,-0.0704432,-0.162978],[0.0699544,0.997512,-0.00874355],[0.163188,-0.00279638,0.986591]],[[0.984112,-0.0704432,-0.162978],[0.037698,0.979898,-0.195904],[0.173502,0.186648,0.966985]],[[0.984112,-0.0704432,-0.162978],[0.0217074,0.958776,-0.283332],[0.176218,0.275292,0.945072]]],"btipPosition":[-23.6352,360.294,-156.507],"carpPosition":[10.4153,352.255,-6.9248],"dipPosition":[-20.6915,364.893,-140.72],"direction":[-0.173502,-0.186648,-0.966985],"extended":true,"handId":22,"id":221,"length":57.4972,"mcpPosition":[-9.73657,369.186,-76.4265],"pipPosition":[-16.5913,369.303,-117.868],"stabilizedTipPosition":[-23.3478,357.178,-153.305],"timeVisible":7.88173,"tipPosition":[-22.8348,361.679,-152.919],"tipVelocity":[1.35093,37.294,-3.05446],"tool":false,"touchDistance":0.331884,"touchZone":"hovering","type":1,"width":21.3473},{"bases":[[[0.507276,0.858769,0.0720178],[-0.694865,0.358162,0.623604],[0.509738,-0.366382,0.778416]],[[0.376556,0.919983,-0.108798],[-0.881845,0.391949,0.262154],[0.28382,-0.00277318,0.958874]],[[0.376556,0.919983,-0.108798],[-0.926204,0.3715,-0.0642906],[-0.018728,0.124978,0.991983]],[[0.376556,0.919983,-0.108798],[-0.874813,0.314488,-0.368508],[-0.304806,0.233942,0.923236]]],"btipPosition":[-6.19656,321.511,-105.116],"carpPosition":[0.516355,330.891,-2.57038],"dipPosition":[-13.1712,326.865,-83.9909],"direction":[0.018728,-0.124978,-0.991983],"extended":false,"handId":22,"id":220,"length":50.9551,"mcpPosition":[0.516355,330.891,-2.57038],"pipPosition":[-13.7955,331.031,-50.9222],"stabilizedTipPosition":[-9.79965,320.171,-100.312],"timeVisible":7.88173,"tipPosition":[-8.45312,322.849,-99.9654],"tipVelocity":[10.735,33.5938,-14.5899],"tool":false,"touchDistance":0.236997,"touchZone":"hovering","type":0,"width":22.3485},{"bases":[[[0.952922,-0.236709,-0.189493],[0.270104,0.946652,0.175767],[0.137779,-0.218675,0.966022]],[[0.959469,-0.249396,-0.131226],[-0.0259626,0.385443,-0.922366],[0.280615,0.888389,0.363346]],[[0.959469,-0.249396,-0.131226],[-0.281797,-0.854102,-0.43715],[-0.00305699,0.456411,-0.889764]],[[0.959469,-0.249396,-0.131226],[-0.215869,-0.949749,0.226665],[-0.181161,-0.189151,-0.965092]]],"btipPosition":[2.68596,317.889,-53.3995],"carpPosition":[22.2072,353.558,-10.6627],"dipPosition":[-0.642561,314.414,-71.1314],"direction":[0.00305699,-0.456411,0.889764],"extended":false,"handId":22,"id":222,"length":65.5134,"mcpPosition":[12.4968,368.97,-78.7461],"pipPosition":[-0.727554,327.103,-95.8693],"stabilizedTipPosition":[1.80613,315.282,-57.1993],"timeVisible":7.88173,"tipPosition":[2.58643,316.743,-57.2946],"tipVelocity":[-6.40316,24.8794,-18.6181],"tool":false,"touchDistance":0.333333,"touchZone":"none","type":2,"width":20.9659},{"bases":[[[0.93972,-0.336994,-0.0579773],[0.34175,0.919868,0.192484],[-0.0115346,-0.200695,0.979586]],[[0.938077,-0.34626,-0.0107795],[0.110062,0.327394,-0.938456],[0.328479,0.879157,0.34523]],[[0.938077,-0.34626,-0.0107795],[-0.317066,-0.845619,-0.429415],[0.139574,0.406242,-0.903043]],[[0.938077,-0.34626,-0.0107795],[-0.334056,-0.91238,0.236577],[-0.0917522,-0.218327,-0.971553]]],"btipPosition":[18.3829,318.957,-48.5037],"carpPosition":[34.1065,351.677,-13.6435],"dipPosition":[16.7068,314.969,-66.2517],"direction":[-0.139574,-0.406242,0.903043],"extended":false,"handId":22,"id":223,"length":62.9929,"mcpPosition":[34.8364,364.377,-75.6294],"pipPosition":[20.4871,325.972,-90.7104],"stabilizedTipPosition":[18.2106,316.399,-52.2033],"timeVisible":7.88173,"tipPosition":[18.9827,317.494,-52.434],"tipVelocity":[-3.51768,20.7078,-17.5465],"tool":false,"touchDistance":0.333333,"touchZone":"none","type":3,"width":19.9504},{"bases":[[[0.862598,-0.505283,0.0247871],[0.48138,0.834886,0.266906],[-0.155558,-0.218301,0.963404]],[[0.846772,-0.52161,0.104401],[0.292925,0.293388,-0.91001],[0.44404,0.801153,0.401225]],[[0.846772,-0.52161,0.104401],[-0.406987,-0.761626,-0.50427],[0.342547,0.384512,-0.857212]],[[0.846772,-0.52161,0.104401],[-0.531856,-0.833945,0.147191],[0.0102886,-0.180164,-0.983583]]],"btipPosition":[32.1067,323.366,-52.972],"carpPosition":[45.0699,342.593,-15.6379],"dipPosition":[32.2801,320.33,-69.5481],"direction":[-0.342547,-0.384512,0.857212],"extended":false,"handId":22,"id":224,"length":49.3853,"mcpPosition":[54.1817,355.38,-72.0697],"pipPosition":[38.8307,327.683,-85.9406],"stabilizedTipPosition":[32.034,321.208,-56.3332],"timeVisible":7.88173,"tipPosition":[32.7964,322.177,-56.6911],"tipVelocity":[0.101453,17.3939,-15.5746],"tool":false,"touchDistance":0.333333,"touchZone":"none","type":4,"width":17.7215}],"r":[[0.246012,-0.697241,0.6733],[0.580017,-0.450648,-0.6786],[0.776569,0.557469,0.293547]],"s":1.18011,"t":[-210.799,206.394,-84.1204],"timestamp":629389063252},{"currentFrameRate":55.3213,"devices":[],"gestures":[],"hands":[{"armBasis":[[0.84443,0.158376,-0.511717],[0.158212,0.838934,0.520729],[0.511768,-0.520679,0.683364]],"armWidth":68.5066,"confidence":1,"direction":[-0.085748,0.356629,-0.930303],"elbow":[176.456,187.568,198.805],"grabAngle":2.7993,"grabStrength":0,"id":22,"palmNormal":[-0.144039,-0.92837,-0.342611],"palmPosition":[17.2245,355.701,-57.0457],"palmVelocity":[6.03379,9.08604,1.0558],"palmWidth":91.9162,"pinchDistance":54.3099,"pinchStrength":0.512962,"r":[[0.245439,-0.697696,0.673038],[0.579401,-0.451045,-0.678862],[0.777209,0.556578,0.293541]],"s":1.17971,"sphereCenter":[10.2482,324.602,-86.8096],"sphereRadius":43.2629,"stabilizedPalmPosition":[16.3361,354.392,-56.1592],"t":[-210.741,206.576,-84.1625],"timeVisible":7.89956,"type":"right","wrist":[36.8721,329.582,12.4181]}],"id":12099,"interactionBox":{"center":[0,200,0],"size":[235.247,235.247,147.751]},"pointables":[{"bases":[[[0.957457,-0.0432581,-0.285315],[0.105352,0.972856,0.20604],[0.268657,-0.227333,0.936025]],[[0.984155,-0.0722851,-0.16191],[0.0711467,0.997383,-0.0128258],[0.162413,0.00110323,0.986722]],[[0.984155,-0.0722851,-0.16191],[0.0384988,0.978458,-0.202824],[0.173083,0.193377,0.965737]],[[0.984155,-0.0722851,-0.16191],[0.0224556,0.956588,-0.290577],[0.175885,0.282337,0.943054]]],"btipPosition":[-23.4102,360.047,-156.504],"carpPosition":[10.4065,352.485,-6.91728],"dipPosition":[-20.4721,364.763,-140.751],"direction":[-0.173083,-0.193377,-0.965737],"extended":true,"handId":22,"id":221,"length":57.4972,"mcpPosition":[-9.55964,369.38,-76.4812],"pipPosition":[-16.3818,369.333,-117.929],"stabilizedTipPosition":[-23.3338,357.268,-153.295],"timeVisible":7.89956,"tipPosition":[-22.5106,361.798,-152.992],"tipVelocity":[12.5461,-12.3247,-0.268539],"tool":false,"touchDistance":0.331804,"touchZone":"hovering","type":1,"width":21.3473},{"bases":[[[0.508804,0.857849,0.0722046],[-0.695525,0.360199,0.621692],[0.50731,-0.366539,0.779927]],[[0.378682,0.919102,-0.108859],[-0.881485,0.39401,0.260268],[0.282105,-0.0026009,0.95938]],[[0.378682,0.919102,-0.108859],[-0.925266,0.373158,-0.0680865],[-0.0219567,0.126507,0.991723]],[[0.378682,0.919102,-0.108859],[-0.872004,0.314889,-0.374771],[-0.310174,0.236845,0.920704]]],"btipPosition":[-5.93978,321.639,-105.067],"carpPosition":[0.456153,331.145,-2.56156],"dipPosition":[-13.0372,327.058,-83.9989],"direction":[0.0219567,-0.126507,-0.991723],"extended":false,"handId":22,"id":220,"length":50.9551,"mcpPosition":[0.456153,331.145,-2.56156],"pipPosition":[-13.7692,331.276,-50.939],"stabilizedTipPosition":[-9.77028,320.207,-100.31],"timeVisible":7.89956,"tipPosition":[-8.31072,323.014,-99.969],"tipVelocity":[12.8174,8.009,2.04968],"tool":false,"touchDistance":0.237606,"touchZone":"hovering","type":0,"width":22.3485},{"bases":[[[0.952868,-0.238784,-0.187148],[0.271578,0.94631,0.175338],[0.135231,-0.2179,0.966557]],[[0.959159,-0.251152,-0.130139],[-0.0244709,0.384672,-0.922729],[0.281806,0.888229,0.362816]],[[0.959159,-0.251152,-0.130139],[-0.282862,-0.854336,-0.436004],[-0.00167885,0.455008,-0.890486]],[[0.959159,-0.251152,-0.130139],[-0.2176,-0.949075,0.22783],[-0.180732,-0.190207,-0.964965]]],"btipPosition":[2.7651,318.103,-53.3625],"carpPosition":[22.2092,353.76,-10.6307],"dipPosition":[-0.555535,314.608,-71.0921],"direction":[0.00167885,-0.455008,0.890486],"extended":false,"handId":22,"id":222,"length":65.5134,"mcpPosition":[12.6783,369.118,-78.7519],"pipPosition":[-0.602212,327.259,-95.8501],"stabilizedTipPosition":[1.8079,315.3,-57.2015],"timeVisible":7.89956,"tipPosition":[2.6162,316.935,-57.2664],"tipVelocity":[4.54026,11.7263,2.10553],"tool":false,"touchDistance":0.333333,"touchZone":"none","type":2,"width":20.9659},{"bases":[[[0.939181,-0.3389,-0.0555526],[0.343134,0.919403,0.192242],[-0.0140756,-0.199612,0.979774]],[[0.937845,-0.346689,-0.0159197],[0.105562,0.328657,-0.938531],[0.33061,0.878517,0.344826]],[[0.937845,-0.346689,-0.0159197],[-0.319759,-0.845345,-0.427955],[0.13491,0.406446,-0.90366]],[[0.937845,-0.346689,-0.0159197],[-0.333333,-0.91259,0.236787],[-0.0966194,-0.216763,-0.971431]]],"btipPosition":[18.6706,319.058,-48.4234],"carpPosition":[34.1113,351.853,-13.5834],"dipPosition":[16.9056,315.098,-66.1692],"direction":[-0.13491,-0.406446,0.90366],"extended":false,"handId":22,"id":223,"length":62.9929,"mcpPosition":[35.002,364.484,-75.5811],"pipPosition":[20.5596,326.107,-90.6446],"stabilizedTipPosition":[18.2111,316.414,-52.206],"timeVisible":7.89956,"tipPosition":[18.9931,317.666,-52.3723],"tipVelocity":[14.9876,6.03274,4.53504],"tool":false,"touchDistance":0.333333,"touchZone":"none","type":3,"width":19.9504},{"bases":[[[0.861547,-0.506947,0.0272238],[0.482434,0.834228,0.267062],[-0.158097,-0.216952,0.963295]],[[0.846714,-0.522228,0.101749],[0.291005,0.294465,-0.910278],[0.445411,0.800355,0.401298]],[[0.846714,-0.522228,0.101749],[-0.409105,-0.761312,-0.503028],[0.340158,0.384295,-0.85826]],[[0.846714,-0.522228,0.101749],[-0.531993,-0.833732,0.147896],[0.00759628,-0.179356,-0.983755]]],"btipPosition":[32.2904,323.457,-52.8513],"carpPosition":[45.0611,342.745,-15.5439],"dipPosition":[32.4184,320.435,-69.4303],"direction":[-0.340158,-0.384295,0.85826],"extended":false,"handId":22,"id":224,"length":49.3853,"mcpPosition":[54.3217,355.453,-71.9693],"pipPosition":[38.9233,327.783,-85.8428],"stabilizedTipPosition":[32.0354,321.216,-56.3348],"timeVisible":7.89956,"tipPosition":[32.8328,322.313,-56.6025],"tipVelocity":[9.71542,5.28641,6.7357],"tool":false,"touchDistance":0.333333,"touchZone":"none","type":4,"width":17.7215}],"r":[[0.245439,-0.697696,0.673038],[0.579401,-0.451045,-0.678862],[0.777209,0.556578,0.293541]],"s":1.17971,"t":[-210.741,206.576,-84.1625],"timestamp":629389081081},{"currentFrameRate":55.3293,"devices":[],"gestures":[],"hands":[{"armBasis":[[0.84171,0.147957,-0.519262],[0.168235,0.841976,0.512614],[0.513051,-0.51883,0.683808]],"armWidth":68.5066,"confidence":1,"direction":[-0.0854336,0.357042,-0.930173],"elbow":[176.736,188.176,198.941],"grabAngle":2.80276,"grabStrength":0,"id":22,"palmNormal":[-0.15479,-0.927007,-0.34161],"palmPosition":[17.1259,355.897,-56.9965],"palmVelocity":[-5.45939,10.8498,2.72387],"palmWidth":91.9162,"pinchDistance":54.2337,"pinchStrength":0.5124,"r":[[0.244032,-0.698492,0.672724],[0.577491,-0.452618,-0.679441],[0.779071,0.554298,0.29292]],"s":1.17913,"sphereCenter":[9.75529,324.814,-86.6896],"sphereRadius":43.2328,"stabilizedPalmPosition":[16.3405,354.4,-56.1639],"t":[-210.761,206.765,-84.1589],"timeVisible":7.91761,"type":"right","wrist":[36.8022,329.687,12.4334]}],"id":12100,"interactionBox":{"center":[0,200,0],"size":[235.247,235.247,147.751]},"pointables":[{"bases":[[[0.955929,-0.053219,-0.288733],[0.11607,0.971822,0.205156],[0.269679,-0.229628,0.935171]],[[0.982849,-0.0825779,-0.164891],[0.0808416,0.996578,-0.0172254],[0.165749,0.0036,0.986161]],[[0.982849,-0.0825779,-0.164891],[0.047091,0.976881,-0.208535],[0.178299,0.197193,0.964015]],[[0.982849,-0.0825779,-0.164891],[0.0300143,0.953848,-0.298788],[0.181954,0.288714,0.939967]]],"btipPosition":[-23.8015,360.206,-156.25],"carpPosition":[10.4559,352.775,-6.84228],"dipPosition":[-20.762,365.029,-140.548],"direction":[-0.178299,-0.197193,-0.964015],"extended":true,"handId":22,"id":221,"length":57.4972,"mcpPosition":[-9.5862,369.84,-76.3427],"pipPosition":[-16.5485,369.689,-117.767],"stabilizedTipPosition":[-23.3291,357.351,-153.282],"timeVisible":7.91761,"tipPosition":[-22.895,362.33,-152.798],"tipVelocity":[-20.3929,10.1697,13.4363],"tool":false,"touchDistance":0.335594,"touchZone":"hovering","type":1,"width":21.3473},{"bases":[[[0.517836,0.852617,0.0699305],[-0.68955,0.367617,0.624002],[0.506327,-0.371351,0.778287]],[[0.387746,0.915103,-0.110637],[-0.876748,0.403194,0.262196],[0.284544,-0.00466459,0.958652]],[[0.387746,0.915103,-0.110637],[-0.921555,0.382283,-0.0677925],[-0.0197424,0.128244,0.991546]],[[0.387746,0.915103,-0.110637],[-0.868637,0.322594,-0.376036],[-0.30842,0.241909,0.919976]]],"btipPosition":[-6.33005,321.965,-104.886],"carpPosition":[0.302844,331.54,-2.43976],"dipPosition":[-13.3874,327.5,-83.8345],"direction":[0.0197424,-0.128244,-0.991546],"extended":false,"handId":22,"id":220,"length":50.9551,"mcpPosition":[0.302844,331.54,-2.43976],"pipPosition":[-14.0455,331.775,-50.7804],"stabilizedTipPosition":[-9.74344,320.252,-100.306],"timeVisible":7.91761,"tipPosition":[-8.88376,323.45,-99.8142],"tipVelocity":[-21.115,19.5221,9.8224],"tool":false,"touchDistance":0.240561,"touchZone":"hovering","type":0,"width":22.3485},{"bases":[[[0.949688,-0.24864,-0.190449],[0.281903,0.943557,0.173871],[0.136468,-0.218811,0.966177]],[[0.956162,-0.261314,-0.13217],[-0.0232069,0.382307,-0.923744],[0.291917,0.886316,0.359483]],[[0.956162,-0.261314,-0.13217],[-0.292837,-0.852593,-0.432818],[0.000413598,0.452548,-0.89174]],[[0.956162,-0.261314,-0.13217],[-0.226631,-0.946159,0.231132],[-0.185452,-0.191046,-0.963903]]],"btipPosition":[2.27845,318.508,-53.1314],"carpPosition":[22.2576,353.928,-10.5988],"dipPosition":[-1.12892,314.998,-70.8415],"direction":[-0.000413598,-0.452548,0.89174],"extended":false,"handId":22,"id":222,"length":65.5134,"mcpPosition":[12.6396,369.349,-78.6932],"pipPosition":[-1.11742,327.58,-95.6343],"stabilizedTipPosition":[1.80424,315.329,-57.2015],"timeVisible":7.91761,"tipPosition":[2.11491,317.286,-57.1451],"tipVelocity":[-28.0727,22.2585,13.0555],"tool":false,"touchDistance":0.333333,"touchZone":"none","type":2,"width":20.9659},{"bases":[[[0.935448,-0.348547,-0.0587538],[0.35324,0.915925,0.190531],[-0.0125949,-0.198986,0.979921]],[[0.934142,-0.356423,-0.018475],[0.105435,0.325047,-0.939802],[0.340972,0.875961,0.341219]],[[0.934142,-0.356423,-0.018475],[-0.330075,-0.84308,-0.424578],[0.135753,0.402715,-0.905203]],[[0.934142,-0.356423,-0.018475],[-0.341895,-0.908519,0.24021],[-0.102401,-0.218074,-0.970545]]],"btipPosition":[18.2245,319.299,-48.2594],"carpPosition":[34.1288,351.897,-13.5933],"dipPosition":[16.3539,315.315,-65.989],"direction":[-0.135753,-0.402715,0.905203],"extended":false,"handId":22,"id":223,"length":62.9929,"mcpPosition":[34.9258,364.488,-75.6003],"pipPosition":[20.0307,326.222,-90.5062],"stabilizedTipPosition":[18.2064,316.436,-52.2075],"timeVisible":7.91761,"tipPosition":[18.5156,317.851,-52.3101],"tipVelocity":[-26.0645,13.0297,9.29293],"tool":false,"touchDistance":0.333333,"touchZone":"none","type":3,"width":19.9504},{"bases":[[[0.856392,-0.515749,0.0243882],[0.491926,0.829361,0.264893],[-0.156845,-0.214855,0.963969]],[[0.841667,-0.530845,0.0989971],[0.289936,0.289589,-0.912182],[0.455558,0.796456,0.397649]],[[0.841667,-0.530845,0.0989971],[-0.4194,-0.7581,-0.499388],[0.340147,0.378799,-0.860704]],[[0.841667,-0.530845,0.0989971],[-0.539995,-0.827804,0.152134],[0.00119059,-0.181504,-0.983389]]],"btipPosition":[31.8907,323.541,-52.7685],"carpPosition":[44.9774,342.675,-15.5884],"dipPosition":[31.9108,320.482,-69.3413],"direction":[-0.340147,-0.378799,0.860704],"extended":false,"handId":22,"id":224,"length":49.3853,"mcpPosition":[54.1647,355.261,-72.0533],"pipPosition":[38.4154,327.726,-85.8006],"stabilizedTipPosition":[32.0344,321.227,-56.3365],"timeVisible":7.91761,"tipPosition":[32.3897,322.353,-56.5921],"tipVelocity":[-23.5218,4.19526,4.66364],"tool":false,"touchDistance":0.333333,"touchZone":"none","type":4,"width":17.7215}],"r":[[0.244032,-0.698492,0.672724],[0.577491,-0.452618,-0.679441],[0.779071,0.554298,0.29292]],"s":1.17913,"t":[-210.761,206.765,-84.1589],"timestamp":629389099127},{"currentFrameRate":55.3319,"devices":[],"gestures":[],"hands":[{"armBasis":[[0.841598,0.148498,-0.519289],[0.167419,0.842377,0.512222],[0.513501,-0.518024,0.684082]],"armWidth":68.5066,"confidence":1,"direction":[-0.0853466,0.358392,-0.929662],"elbow":[176.901,188.526,198.894],"grabAngle":2.8054,"grabStrength":0,"id":22,"palmNormal":[-0.154089,-0.926588,-0.343061],"palmPosition":[17.1711,356.101,-57.0934],"palmVelocity":[2.50083,11.2763,-5.36215],"palmWidth":91.9162,"pinchDistance":54.2396,"pinchStrength":0.51112,"r":[[0.242946,-0.699298,0.672279],[0.576064,-0.453595,-0.680001],[0.780466,0.55248,0.292641]],"s":1.17891,"sphereCenter":[10.4762,324.839,-86.9113],"sphereRadius":43.3298,"stabilizedPalmPosition":[16.3454,354.411,-56.1695],"t":[-210.749,206.961,-84.2056],"timeVisible":7.93567,"type":"right","wrist":[36.844,329.816,12.312]}],"id":12101,"interactionBox":{"center":[0,200,0],"size":[235.247,235.247,147.751]},"pointables":[{"bases":[[[0.95606,-0.0521791,-0.288491],[0.115387,0.971585,0.206662],[0.26951,-0.23087,0.934914]],[[0.983111,-0.0819483,-0.16364],[0.0803672,0.996633,-0.0162706],[0.164422,0.00284455,0.986386]],[[0.983111,-0.0819483,-0.16364],[0.0464497,0.976596,-0.210005],[0.17702,0.198857,0.963909]],[[0.983111,-0.0819483,-0.16364],[0.0293816,0.953222,-0.300841],[0.180639,0.290952,0.93953]]],"btipPosition":[-23.6508,360.377,-156.334],"carpPosition":[10.4862,352.898,-6.94616],"dipPosition":[-20.6332,365.237,-140.64],"direction":[-0.17702,-0.198857,-0.963909],"extended":true,"handId":22,"id":221,"length":57.4972,"mcpPosition":[-9.54333,370.056,-76.4275],"pipPosition":[-16.4499,369.937,-117.861],"stabilizedTipPosition":[-23.3217,357.432,-153.271],"timeVisible":7.93567,"tipPosition":[-22.8231,362.64,-152.897],"tipVelocity":[8.06711,9.94453,-4.76661],"tool":false,"touchDistance":0.334077,"touchZone":"hovering","type":1,"width":21.3473},{"bases":[[[0.517273,0.852837,0.071392],[-0.689992,0.366239,0.624324],[0.5063,-0.372206,0.777896]],[[0.387214,0.915511,-0.109112],[-0.877181,0.402252,0.262195],[0.283933,-0.00581485,0.958827]],[[0.387214,0.915511,-0.109112],[-0.921734,0.381598,-0.0692073],[-0.0217232,0.12737,0.991617]],[[0.387214,0.915511,-0.109112],[-0.86767,0.32182,-0.378922],[-0.311793,0.241397,0.918974]]],"btipPosition":[-6.11378,322.174,-105.013],"carpPosition":[0.345082,331.651,-2.57912],"dipPosition":[-13.2483,327.698,-83.9851],"direction":[0.0217232,-0.12737,-0.991617],"extended":false,"handId":22,"id":220,"length":50.9551,"mcpPosition":[0.345082,331.651,-2.57912],"pipPosition":[-13.9724,331.944,-50.9286],"stabilizedTipPosition":[-9.7156,320.296,-100.305],"timeVisible":7.93567,"tipPosition":[-8.79473,323.7,-99.9706],"tipVelocity":[10.9899,11.4541,-7.35725],"tool":false,"touchDistance":0.238346,"touchZone":"hovering","type":0,"width":22.3485},{"bases":[[[0.949909,-0.247753,-0.190504],[0.281248,0.943471,0.17539],[0.136282,-0.220183,0.965892]],[[0.955728,-0.258909,-0.13982],[-0.0308527,0.384379,-0.92266],[0.292629,0.886126,0.359374]],[[0.955728,-0.258909,-0.13982],[-0.294155,-0.85281,-0.431495],[-0.00752165,0.453521,-0.891214]],[[0.955728,-0.258909,-0.13982],[-0.222522,-0.946851,0.232288],[-0.19253,-0.190891,-0.962545]]],"btipPosition":[2.6395,318.721,-53.2439],"carpPosition":[22.2884,354.064,-10.697],"dipPosition":[-0.897905,315.213,-70.929],"direction":[0.00752165,-0.453521,0.891214],"extended":false,"handId":22,"id":222,"length":65.5134,"mcpPosition":[12.6835,369.583,-78.7712],"pipPosition":[-1.10703,327.823,-95.7072],"stabilizedTipPosition":[1.80452,315.362,-57.203],"timeVisible":7.93567,"tipPosition":[2.17823,317.488,-57.3055],"tipVelocity":[18.3319,11.8115,-5.90775],"tool":false,"touchDistance":0.333333,"touchZone":"none","type":2,"width":20.9659},{"bases":[[[0.935688,-0.347867,-0.0589645],[0.352597,0.91586,0.192032],[-0.0127985,-0.200473,0.979616]],[[0.934809,-0.354058,-0.0278263],[0.0964691,0.328546,-0.939548],[0.341797,0.875614,0.341284]],[[0.934809,-0.354058,-0.0278263],[-0.331893,-0.843021,-0.423277],[0.126406,0.404919,-0.905573]],[[0.934809,-0.354058,-0.0278263],[-0.337581,-0.910172,0.240053],[-0.110319,-0.21501,-0.970361]]],"btipPosition":[18.6323,319.441,-48.3334],"carpPosition":[34.1619,352.045,-13.6905],"dipPosition":[16.617,315.513,-66.0597],"direction":[-0.126406,-0.404919,0.905573],"extended":false,"handId":22,"id":223,"length":62.9929,"mcpPosition":[34.9718,364.731,-75.6782],"pipPosition":[20.0407,326.481,-90.5869],"stabilizedTipPosition":[18.2059,316.464,-52.2101],"timeVisible":7.93567,"tipPosition":[18.5746,318.059,-52.4628],"tipVelocity":[20.7316,8.6006,-4.05448],"tool":false,"touchDistance":0.333333,"touchZone":"none","type":3,"width":19.9504},{"bases":[[[0.85671,-0.515244,0.0238983],[0.491313,0.829271,0.266311],[-0.157033,-0.21641,0.963591]],[[0.843293,-0.529396,0.092717],[0.284429,0.293219,-0.912756],[0.456023,0.796092,0.397845]],[[0.843293,-0.529396,0.092717],[-0.421181,-0.75811,-0.497871],[0.333861,0.380801,-0.862281]],[[0.843293,-0.529396,0.092717],[-0.537437,-0.829282,0.153145],[-0.00418564,-0.178975,-0.983845]]],"btipPosition":[32.1362,323.723,-52.8228],"carpPosition":[45.017,342.834,-15.6959],"dipPosition":[32.0656,320.707,-69.4033],"direction":[-0.333861,-0.380801,0.862281],"extended":false,"handId":22,"id":224,"length":49.3853,"mcpPosition":[54.2153,355.511,-72.1387],"pipPosition":[38.45,327.989,-85.8927],"stabilizedTipPosition":[32.0352,321.242,-56.3391],"timeVisible":7.93567,"tipPosition":[32.4519,322.572,-56.7333],"tipVelocity":[12.4317,10.591,-3.10335],"tool":false,"touchDistance":0.333333,"touchZone":"none","type":4,"width":17.7215}],"r":[[0.242946,-0.699298,0.672279],[0.576064,-0.453595,-0.680001],[0.780466,0.55248,0.292641]],"s":1.17891,"t":[-210.749,206.961,-84.2056],"timestamp":629389117191},{"currentFrameRate":55.3178,"devices":[],"gestures":[],"hands":[{"armBasis":[[0.843588,0.149879,-0.51565],[0.168503,0.837876,0.519203],[0.509868,-0.524882,0.681567]],"armWidth":68.5066,"confidence":1,"direction":[-0.0870523,0.351189,-0.932249],"elbow":[176.017,186.879,198.442],"grabAngle":2.80435,"grabStrength":0,"id":22,"palmNormal":[-0.153957,-0.929301,-0.335703],"palmPosition":[17.2066,355.922,-56.9711],"palmVelocity":[1.9581,-9.862,6.7497],"palmWidth":91.9162,"pinchDistance":54.3243,"pinchStrength":0.508756,"r":[[0.242388,-0.698876,0.67292],[0.574771,-0.455335,-0.679933],[0.781593,0.551582,0.291325]],"s":1.17948,"sphereCenter":[10.3288,324.548,-86.5285],"sphereRadius":43.3505,"stabilizedPalmPosition":[16.3502,354.419,-56.1739],"t":[-210.725,206.97,-84.1678],"timeVisible":7.9538,"type":"right","wrist":[36.9516,330.04,12.5456]}],"id":12102,"interactionBox":{"center":[0,200,0],"size":[235.247,235.247,147.751]},"pointables":[{"bases":[[[0.955647,-0.0537148,-0.289576],[0.11501,0.973223,0.199023],[0.271132,-0.2235,0.936235]],[[0.982573,-0.0820015,-0.166814],[0.0798457,0.996615,-0.0196006],[0.167857,0.00593955,0.985793]],[[0.982573,-0.0820015,-0.166814],[0.046231,0.977041,-0.207977],[0.180039,0.19664,0.963804]],[[0.982573,-0.0820015,-0.166814],[0.0285179,0.95331,-0.300645],[0.183679,0.290648,0.939034]]],"btipPosition":[-23.9218,359.958,-156.241],"carpPosition":[10.6021,353.1,-6.79034],"dipPosition":[-20.8535,364.813,-140.555],"direction":[-0.180039,-0.19664,-0.963804],"extended":true,"handId":22,"id":221,"length":57.4972,"mcpPosition":[-9.54795,369.71,-76.3699],"pipPosition":[-16.5988,369.46,-117.778],"stabilizedTipPosition":[-23.3195,357.51,-153.257],"timeVisible":7.9538,"tipPosition":[-22.9512,361.676,-152.755],"tipVelocity":[-14.3074,-23.1762,5.04112],"tool":false,"touchDistance":0.335373,"touchZone":"hovering","type":1,"width":21.3473},{"bases":[[[0.51677,0.853725,0.0640395],[-0.689281,0.37053,0.622574],[0.507779,-0.365869,0.779936]],[[0.387438,0.914644,-0.115406],[-0.877294,0.40426,0.258708],[0.28328,0.00101212,0.959037]],[[0.387438,0.914644,-0.115406],[-0.921643,0.381356,-0.0717009],[-0.0215698,0.134143,0.990727]],[[0.387438,0.914644,-0.115406],[-0.868031,0.319768,-0.379829],[-0.310505,0.247337,0.91783]]],"btipPosition":[-5.97742,321.697,-104.633],"carpPosition":[0.483098,331.879,-2.2446],"dipPosition":[-13.0824,327.356,-83.6315],"direction":[0.0215698,-0.134143,-0.990727],"extended":false,"handId":22,"id":220,"length":50.9551,"mcpPosition":[0.483098,331.879,-2.2446],"pipPosition":[-13.8015,331.828,-50.6047],"stabilizedTipPosition":[-9.6899,320.329,-100.298],"timeVisible":7.9538,"tipPosition":[-8.7889,323.172,-99.5606],"tipVelocity":[7.89684,-24.6282,20.6197],"tool":false,"touchDistance":0.244575,"touchZone":"hovering","type":0,"width":22.3485},{"bases":[[[0.949789,-0.248535,-0.190083],[0.280842,0.944988,0.167708],[0.137944,-0.21267,0.967338]],[[0.955031,-0.257846,-0.146398],[-0.0397333,0.377997,-0.924954],[0.293833,0.889176,0.350754]],[[0.955031,-0.257846,-0.146398],[-0.296054,-0.856522,-0.422755],[-0.0163878,0.447086,-0.894341]],[[0.955031,-0.257846,-0.146398],[-0.218132,-0.945407,0.242122],[-0.200836,-0.1993,-0.959137]]],"btipPosition":[2.9739,318.562,-52.7867],"carpPosition":[22.3976,354.245,-10.5684],"dipPosition":[-0.716117,314.9,-70.4092],"direction":[0.0163878,-0.447086,0.894341],"extended":false,"handId":22,"id":222,"length":65.5134,"mcpPosition":[12.6756,369.234,-78.7446],"pipPosition":[-1.17174,327.33,-95.2744],"stabilizedTipPosition":[1.80742,315.384,-57.1997],"timeVisible":7.9538,"tipPosition":[2.23936,317.305,-56.8631],"tipVelocity":[16.5121,-10.7304,26.0151],"tool":false,"touchDistance":0.333333,"touchZone":"none","type":2,"width":20.9659},{"bases":[[[0.935845,-0.347648,-0.057757],[0.352237,0.917555,0.18445],[-0.0111284,-0.192961,0.981143]],[[0.93532,-0.352113,-0.0345443],[0.0873268,0.324372,-0.94189],[0.342856,0.877952,0.33414]],[[0.93532,-0.352113,-0.0345443],[-0.333848,-0.846022,-0.415682],[0.117142,0.400329,-0.908854]],[[0.93532,-0.352113,-0.0345443],[-0.333242,-0.909555,0.248315],[-0.118855,-0.220742,-0.968063]]],"btipPosition":[18.9932,319.259,-47.9456],"carpPosition":[34.2679,352.212,-13.5649],"dipPosition":[16.822,315.227,-65.6299],"direction":[-0.117142,-0.400329,0.908854],"extended":false,"handId":22,"id":223,"length":62.9929,"mcpPosition":[34.9721,364.422,-75.6493],"pipPosition":[19.9947,326.069,-90.2459],"stabilizedTipPosition":[18.2088,316.482,-52.2081],"timeVisible":7.9538,"tipPosition":[18.642,317.925,-52.0503],"tipVelocity":[17.9305,-11.3744,21.9284],"tool":false,"touchDistance":0.333333,"touchZone":"none","type":3,"width":19.9504},{"bases":[[[0.857116,-0.51444,0.0265106],[0.491131,0.831637,0.259174],[-0.155376,-0.209122,0.965467]],[[0.845109,-0.527024,0.0896447],[0.27814,0.290265,-0.915633],[0.45654,0.798744,0.391892]],[[0.845109,-0.527024,0.0896447],[-0.422622,-0.76133,-0.491698],[0.327386,0.377652,-0.866139]],[[0.845109,-0.527024,0.0896447],[-0.534496,-0.829776,0.16058],[-0.0102443,-0.183622,-0.982944]]],"btipPosition":[32.3566,323.502,-52.489],"carpPosition":[45.1265,342.993,-15.5166],"dipPosition":[32.184,320.407,-69.0543],"direction":[-0.327386,-0.377652,0.866139],"extended":false,"handId":22,"id":224,"length":49.3853,"mcpPosition":[54.2278,355.243,-72.0692],"pipPosition":[38.4446,327.629,-85.6175],"stabilizedTipPosition":[32.037,321.252,-56.3388],"timeVisible":7.9538,"tipPosition":[32.51,322.411,-56.3768],"tipVelocity":[10.8667,-13.1931,18.6099],"tool":false,"touchDistance":0.333333,"touchZone":"none","type":4,"width":17.7215}],"r":[[0.242388,-0.698876,0.67292],[0.574771,-0.455335,-0.679933],[0.781593,0.551582,0.291325]],"s":1.17948,"t":[-210.725,206.97,-84.1678],"timestamp":629389135317},{"currentFrameRate":55.3314,"devices":[],"gestures":[],"hands":[{"armBasis":[[0.845283,0.149876,-0.512868],[0.171963,0.832478,0.526697],[0.50589,-0.533402,0.677906]],"armWidth":68.5066,"confidence":1,"direction":[-0.0881299,0.350924,-0.932248],"elbow":[174.938,184.297,197.468],"grabAngle":2.80206,"grabStrength":0,"id":22,"palmNormal":[-0.156732,-0.929117,-0.334929],"palmPosition":[17.1778,355.762,-56.8886],"palmVelocity":[-1.60017,-8.8474,4.57461],"palmWidth":91.9162,"pinchDistance":54.3698,"pinchStrength":0.508264,"r":[[0.241897,-0.698579,0.673405],[0.573254,-0.457053,-0.68006],[0.782857,0.550536,0.289903]],"s":1.18004,"sphereCenter":[9.5561,324.655,-86.3324],"sphereRadius":43.2636,"stabilizedPalmPosition":[16.3548,354.426,-56.1778],"t":[-210.727,206.894,-84.1076],"timeVisible":7.97183,"type":"right","wrist":[36.9575,329.782,12.5702]}],"id":12103,"interactionBox":{"center":[0,200,0],"size":[235.247,235.247,147.751]},"pointables":[{"bases":[[[0.954939,-0.0560202,-0.291467],[0.11761,0.973058,0.198306],[0.272505,-0.223649,0.9358]],[[0.981996,-0.0842326,-0.16908],[0.0824217,0.99644,-0.0177132],[0.16997,0.00345845,0.985443]],[[0.981996,-0.0842326,-0.16908],[0.0493217,0.97836,-0.200947],[0.182347,0.18899,0.9649]],[[0.981996,-0.0842326,-0.16908],[0.0312085,0.95512,-0.294569],[0.186304,0.283989,0.940554]]],"btipPosition":[-24.1454,360.246,-156.148],"carpPosition":[10.6677,352.98,-6.69332],"dipPosition":[-21.0333,364.99,-140.437],"direction":[-0.182347,-0.18899,-0.9649],"extended":true,"handId":22,"id":221,"length":57.4972,"mcpPosition":[-9.58445,369.601,-76.2405],"pipPosition":[-16.7241,369.456,-117.634],"stabilizedTipPosition":[-23.3218,357.591,-153.242],"timeVisible":7.97183,"tipPosition":[-23.1659,361.555,-152.593],"tipVelocity":[-11.8479,14.5387,5.46939],"tool":false,"touchDistance":0.336648,"touchZone":"hovering","type":1,"width":21.3473},{"bases":[[[0.518828,0.852586,0.0625756],[-0.68719,0.372397,0.623771],[0.508516,-0.366631,0.779098]],[[0.390109,0.913485,-0.115587],[-0.876271,0.406872,0.258077],[0.282779,0.000607215,0.959185]],[[0.390109,0.913485,-0.115587],[-0.920543,0.384151,-0.070907],[-0.0203696,0.134064,0.990763]],[[0.390109,0.913485,-0.115587],[-0.868085,0.323026,-0.376938],[-0.30699,0.247386,0.918998]]],"btipPosition":[-6.04584,321.624,-104.541],"carpPosition":[0.509861,331.784,-2.11668],"dipPosition":[-13.0704,327.285,-83.5122],"direction":[0.0203696,-0.134064,-0.990763],"extended":false,"handId":22,"id":220,"length":50.9551,"mcpPosition":[0.509861,331.784,-2.11668],"pipPosition":[-13.7495,331.754,-50.4843],"stabilizedTipPosition":[-9.67263,320.352,-100.293],"timeVisible":7.97183,"tipPosition":[-8.96356,323.049,-99.4126],"tipVelocity":[-2.76912,-4.01139,5.47331],"tool":false,"touchDistance":0.246219,"touchZone":"hovering","type":0,"width":22.3485},{"bases":[[[0.948841,-0.250777,-0.191864],[0.283315,0.944433,0.166672],[0.139405,-0.212503,0.967165]],[[0.954591,-0.261017,-0.143619],[-0.0364356,0.376168,-0.925835],[0.295683,0.889026,0.349577]],[[0.954591,-0.261017,-0.143619],[-0.297647,-0.856185,-0.42232],[-0.0127318,0.44589,-0.894997]],[[0.954591,-0.261017,-0.143619],[-0.221666,-0.944367,0.242972],[-0.199049,-0.200103,-0.959343]]],"btipPosition":[2.70979,318.457,-52.6243],"carpPosition":[22.4582,354.097,-10.4956],"dipPosition":[-0.947388,314.78,-70.2505],"direction":[0.0127318,-0.44589,0.894997],"extended":false,"handId":22,"id":222,"length":65.5134,"mcpPosition":[12.6331,369.074,-78.6596],"pipPosition":[-1.30137,327.177,-95.1339],"stabilizedTipPosition":[1.80796,315.403,-57.1951],"timeVisible":7.97183,"tipPosition":[2.121,317.183,-56.7308],"tipVelocity":[-14.2327,-6.01339,8.96371],"tool":false,"touchDistance":0.333333,"touchZone":"none","type":2,"width":20.9659},{"bases":[[[0.934938,-0.349793,-0.0594616],[0.354681,0.916847,0.183284],[-0.0095943,-0.192449,0.98126]],[[0.934323,-0.354943,-0.032505],[0.0898236,0.32273,-0.942219],[0.344925,0.877417,0.333416]],[[0.934323,-0.354943,-0.032505],[-0.335575,-0.845255,-0.415854],[0.12013,0.39945,-0.90885]],[[0.934323,-0.354943,-0.032505],[-0.336364,-0.908219,0.248994],[-0.1179,-0.221707,-0.96796]]],"btipPosition":[18.7572,319.115,-47.8733],"carpPosition":[34.3178,352.035,-13.5149],"dipPosition":[16.6035,315.065,-65.5557],"direction":[-0.12013,-0.39945,0.90885],"extended":false,"handId":22,"id":223,"length":62.9929,"mcpPosition":[34.9249,364.213,-75.6067],"pipPosition":[19.8571,325.884,-90.1717],"stabilizedTipPosition":[18.2094,316.501,-52.2051],"timeVisible":7.97183,"tipPosition":[18.5347,317.769,-51.9517],"tipVelocity":[-12.8658,-8.22128,4.0318],"tool":false,"touchDistance":0.333333,"touchZone":"none","type":3,"width":19.9504},{"bases":[[[0.856002,-0.516365,0.0250472],[0.49353,0.830652,0.257772],[-0.15391,-0.208292,0.965881]],[[0.843413,-0.529449,0.0913158],[0.280023,0.288137,-0.915732],[0.458522,0.79791,0.391276]],[[0.843413,-0.529449,0.0913158],[-0.424159,-0.760486,-0.49168],[0.329764,0.375957,-0.865974]],[[0.843413,-0.529449,0.0913158],[-0.537183,-0.828019,0.160685],[-0.00946319,-0.184577,-0.982773]]],"btipPosition":[32.1686,323.328,-52.4652],"carpPosition":[45.1516,342.791,-15.4838],"dipPosition":[32.0091,320.218,-69.0276],"direction":[-0.329764,-0.375957,0.865974],"extended":false,"handId":22,"id":224,"length":49.3853,"mcpPosition":[54.1669,354.992,-72.0607],"pipPosition":[38.3152,327.407,-85.5876],"stabilizedTipPosition":[32.0377,321.263,-56.3383],"timeVisible":7.97183,"tipPosition":[32.4048,322.22,-56.3081],