{"frames":40,"data":[{"currentFrameRate":55.3275,"devices":[],"gestures":[],"hands":[{"armBasis":[[0.249945,-0.680062,-0.689234],[0.964769,0.235312,0.117685],[0.0821515,-0.694366,0.714917]],"armWidth":68.3654,"confidence":1,"direction":[0.306864,0.520682,-0.796696],"elbow":[144.27,52.9668,319.105],"grabAngle":0.579166,"grabStrength":0,"id":47,"palmNormal":[-0.914692,-0.0699805,-0.398048],"palmPosition":[134.969,293.909,61.9743],"palmVelocity":[-369.312,-36.2535,-86.6625],"palmWidth":93.2028,"pinchDistance":54.7585,"pinchStrength":0.0436827,"r":[[-0.171071,0.906792,-0.385309],[-0.478514,-0.418321,-0.772031],[-0.861254,0.0523034,0.505476]],"s":0.841598,"sphereCenter":[-11.9538,271.526,-10.7698],"sphereRadius":164.839,"stabilizedPalmPosition":[140.574,294.01,63.3052],"t":[8.34999,-1.4644,38.7629],"timeVisible":9.59868,"type":"right","wrist":[121.55,245.005,121.383]}],"id":21805,"interactionBox":{"center":[0,200,0],"size":[235.247,235.247,147.751]},"pointables":[{"bases":[[[0.983838,-0.178196,0.0175575],[0.0776362,0.512874,0.854946],[-0.161353,-0.839766,0.518419]],[[0.995411,-0.0879954,-0.037604],[0.0805596,0.558487,0.825592],[-0.051647,-0.824833,0.563013]],[[0.995411,-0.0879954,-0.037604],[0.0936538,0.815121,0.57167],[-0.0196525,-0.572568,0.819622]],[[0.995411,-0.0879954,-0.037604],[0.0956935,0.915855,0.389939],[0.000126996,-0.391748,0.920073]]],"btipPosition":[108.536,352.199,37.1193],"carpPosition":[105.221,281.022,115.922],"dipPosition":[108.539,342.931,58.8858],"direction":[0.0196525,0.572568,-0.819622],"extended":false,"handId":47,"id":470,"length":52.6816,"mcpPosition":[105.221,281.022,115.922],"pipPosition":[107.862,323.197,87.1343],"stabilizedTipPosition":[113.48,350.326,43.2901],"timeVisible":9.59868,"tipPosition":[108.909,352.376,44.4723],"tipVelocity":[-320.555,-23.8837,-78.2642],"tool":false,"touchDistance":0.205166,"touchZone":"hovering","type":0,"width":22.1582},{"bases":[[[0.310799,-0.751375,-0.5821],[0.942895,0.166541,0.288467],[-0.119803,-0.638514,0.760228]],[[0.284865,-0.852015,-0.439229],[0.958403,0.26166,0.114012],[0.017789,-0.453436,0.891111]],[[0.284865,-0.852015,-0.439229],[0.936175,0.345749,-0.0635194],[0.205982,-0.393101,0.896127]],[[0.284865,-0.852015,-0.439229],[0.894219,0.401258,-0.198406],[0.345289,-0.336248,0.876192]]],"btipPosition":[126.337,364.323,-21.6116],"carpPosition":[129.078,281.101,111.405],"dipPosition":[132.301,358.515,-6.47902],"direction":[-0.205982,0.393101,-0.896127],"extended":true,"handId":47,"id":471,"length":59.4453,"mcpPosition":[138.106,329.219,54.1151],"pipPosition":[137.334,348.911,15.4156],"stabilizedTipPosition":[130.272,363.111,-17.6317],"timeVisible":9.59868,"tipPosition":[126.798,362.115,-17.0411],"tipVelocity":[-387.437,-50.9669,-88.4252],"tool":false,"touchDistance":0.288798,"touchZone":"hovering","type":1,"width":21.1655},{"bases":[[[0.126431,-0.84804,-0.514629],[0.979006,0.0230552,0.202524],[-0.159883,-0.52943,0.833151]],[[0.109661,-0.897112,-0.427978],[0.993964,0.100371,0.0442888],[0.00322472,-0.430251,0.902704]],[[0.109661,-0.897112,-0.427978],[0.974736,0.181352,-0.130387],[0.194586,-0.402867,0.894335]],[[0.109661,-0.897112,-0.427978],[0.942239,0.230919,-0.242614],[0.31648,-0.376652,0.870617]]],"btipPosition":[134.336,349.936,-41.5827],"carpPosition":[134.672,272.402,104.186],"dipPosition":[140.348,342.781,-25.0446],"direction":[-0.194586,0.402867,-0.894335],"extended":true,"handId":47,"id":472,"length":67.7331,"mcpPosition":[146.098,310.237,44.6454],"pipPosition":[145.941,331.201,0.662846],"stabilizedTipPosition":[137.031,348.348,-37.526],"timeVisible":9.59868,"tipPosition":[135.231,346.705,-37.4145],"tipVelocity":[-435.89,-47.684,-89.7838],"tool":false,"touchDistance":0.294169,"touchZone":"hovering","type":2,"width":20.7874},{"bases":[[[0.0273606,-0.916016,-0.400207],[0.979941,-0.0544811,0.191694],[-0.197399,-0.397425,0.896151]],[[0.0251628,-0.920381,-0.390213],[0.999617,0.0276704,-0.000805033],[0.0115383,-0.390043,0.920724]],[[0.0251628,-0.920381,-0.390213],[0.974419,0.109781,-0.196101],[0.223325,-0.375296,0.899599]],[[0.0251628,-0.920381,-0.390213],[0.932811,0.161982,-0.321908],[0.359486,-0.355895,0.862618]]],"btipPosition":[136.394,322.596,-43.338],"carpPosition":[137.293,262.249,97.2287],"dipPosition":[143.184,315.874,-27.046],"direction":[-0.223325,0.375296,-0.899599],"extended":true,"handId":47,"id":473,"length":65.1272,"mcpPosition":[149.958,287.749,39.7286],"pipPosition":[149.437,305.365,-1.85509],"stabilizedTipPosition":[139.084,321.083,-39.3695],"timeVisible":9.59868,"tipPosition":[136.548,319.915,-38.9001],"tipVelocity":[-462.138,-43.3634,-90.8355],"tool":false,"touchDistance":0.293044,"touchZone":"hovering","type":3,"width":19.7805},{"bases":[[[-0.157963,-0.934179,-0.319933],[0.950952,-0.231188,0.205528],[-0.265965,-0.271775,0.924879]],[[-0.153765,-0.929794,-0.334425],[0.987251,-0.158653,-0.0128281],[-0.0411301,-0.332134,0.942335]],[[-0.153765,-0.929794,-0.334425],[0.957849,-0.0571438,-0.281533],[0.242657,-0.363619,0.899388]],[[-0.153765,-0.929794,-0.334425],[0.899261,0.00858089,-0.437328],[0.409494,-0.367981,0.834808]]],"btipPosition":[138.09,291.722,-30.3878],"carpPosition":[132.756,250.108,90.5545],"dipPosition":[145.225,285.31,-15.8423],"direction":[-0.242657,0.363618,-0.899388],"extended":true,"handId":47,"id":474,"length":51.0585,"mcpPosition":[148.553,266.25,35.621],"pipPosition":[150.023,278.121,1.9394],"stabilizedTipPosition":[141.054,290.263,-26.771],"timeVisible":9.59868,"tipPosition":[136.932,289.635,-25.935],"tipVelocity":[-491.779,-42.4139,-90.8415],"tool":false,"touchDistance":0.297585,"touchZone":"hovering","type":4,"width":17.5706}],"r":[[-0.171071,0.906792,-0.385309],[-0.478514,-0.418321,-0.772031],[-0.861254,0.0523034,0.505476]],"s":0.841598,"t":[8.34999,-1.4644,38.7629],"timestamp":629572830890},{"currentFrameRate":55.3307,"devices":[],"gestures":[],"hands":[{"armBasis":[[0.248523,-0.675736,-0.693986],[0.964002,0.242472,0.109122],[0.0945346,-0.696123,0.711671]],"armWidth":68.3654,"confidence":1,"direction":[0.27519,0.514323,-0.812245],"elbow":[141.894,51.7019,317.832],"grabAngle":0.569045,"grabStrength":0,"id":47,"palmNormal":[-0.924028,-0.0917415,-0.371154],"palmPosition":[126.855,292.629,60.7005],"palmVelocity":[-449.215,-70.8712,-70.5245],"palmWidth":93.2028,"pinchDistance":54.7977,"pinchStrength":0.0381674,"r":[[-0.172475,0.907115,-0.38392],[-0.489657,-0.41715,-0.765652],[-0.854686,0.0559332,0.516123]],"s":0.839667,"sphereCenter":[-24.5551,268.666,-6.79007],"sphereRadius":166.921,"stabilizedPalmPosition":[128.589,292.804,61.0297],"t":[1.57811,-2.28009,37.4531],"timeVisible":9.61674,"type":"right","wrist":[115.749,244.226,121.008]}],"id":21806,"interactionBox":{"center":[0,200,0],"size":[235.247,235.247,147.751]},"pointables":[{"bases":[[[0.986974,-0.160697,-0.00760477],[0.0922411,0.526534,0.845135],[-0.131807,-0.834828,0.534499]],[[0.995168,-0.077434,-0.0603735],[0.0936441,0.563596,0.820725],[-0.0295258,-0.822413,0.568124]],[[0.995168,-0.077434,-0.0603735],[0.0979982,0.821559,0.561637],[0.00611057,-0.56484,0.825178]],[[0.995168,-0.077434,-0.0603735],[0.0944044,0.923623,0.371495],[0.026996,-0.3754,0.92647]]],"btipPosition":[99.5177,350.41,36.2319],"carpPosition":[98.8572,280.01,115.639],"dipPosition":[100.156,341.529,58.1498],"direction":[-0.00611057,0.56484,-0.825178],"extended":false,"handId":47,"id":470,"length":52.6816,"mcpPosition":[98.8572,280.01,115.639],"pipPosition":[100.367,322.061,86.5899],"stabilizedTipPosition":[100.916,348.544,41.4557],"timeVisible":9.61674,"tipPosition":[99.3003,350.247,43.0045],"tipVelocity":[-491.227,-94.1136,-47.1993],"tool":false,"touchDistance":0.247613,"touchZone":"hovering","type":0,"width":22.1582},{"bases":[[[0.307847,-0.754215,-0.579992],[0.947437,0.187176,0.259478],[-0.0871416,-0.629385,0.772192]],[[0.287892,-0.852558,-0.436191],[0.956058,0.282227,0.0793846],[0.0554249,-0.439878,0.896346]],[[0.287892,-0.852558,-0.436191],[0.929269,0.358785,-0.087934],[0.231468,-0.380023,0.895547]],[[0.287892,-0.852558,-0.436191],[0.884914,0.410958,-0.219183],[0.366122,-0.32289,0.872752]]],"btipPosition":[114.755,361.835,-23.6197],"carpPosition":[122.573,280.44,110.452],"dipPosition":[121.078,356.258,-8.54646],"direction":[-0.231468,0.380023,-0.895547],"extended":true,"handId":47,"id":471,"length":59.4453,"mcpPosition":[129.14,327.87,52.2608],"pipPosition":[126.733,346.973,13.334],"stabilizedTipPosition":[116.529,360.61,-20.0956],"timeVisible":9.61674,"tipPosition":[115.279,359.537,-19.0178],"tipVelocity":[-636.693,-134.793,-111.931],"tool":false,"touchDistance":0.297434,"touchZone":"hovering","type":1,"width":21.1655},{"bases":[[[0.127188,-0.853097,-0.506013],[0.983699,0.0431085,0.174578],[-0.127118,-0.519969,0.844674]],[[0.113692,-0.90127,-0.418074],[0.992678,0.120334,0.0105403],[0.0408087,-0.416211,0.908352]],[[0.113692,-0.90127,-0.418074],[0.968613,0.194176,-0.155192],[0.22105,-0.387308,0.895058]],[[0.113692,-0.90127,-0.418074],[0.9339,0.24052,-0.264538],[0.338976,-0.360364,0.869042]]],"btipPosition":[122.422,347.153,-43.6563],"carpPosition":[128.119,271.736,103.202],"dipPosition":[128.861,340.308,-27.1482],"direction":[-0.22105,0.387308,-0.895058],"extended":true,"handId":47,"id":472,"length":67.7331,"mcpPosition":[137.204,308.896,42.8378],"pipPosition":[135.215,329.175,-1.41991],"stabilizedTipPosition":[124.112,345.623,-39.8224],"timeVisible":9.61674,"tipPosition":[123.408,343.979,-39.3912],"tipVelocity":[-654.162,-150.114,-115.188],"tool":false,"touchDistance":0.300933,"touchZone":"hovering","type":2,"width":20.7874},{"bases":[[[0.0325751,-0.921122,-0.387908],[0.985719,-0.034549,0.164817],[-0.165218,-0.387737,0.906842]],[[0.0305366,-0.925831,-0.376703],[0.998449,0.0458053,-0.0316398],[0.0465481,-0.375152,0.925794]],[[0.0305366,-0.925831,-0.376703],[0.968661,0.120356,-0.217279],[0.246502,-0.358262,0.900491]],[[0.0305366,-0.925831,-0.376703],[0.924513,0.169414,-0.341429],[0.379924,-0.337841,0.861116]]],"btipPosition":[125.146,319.765,-45.1612],"carpPosition":[130.726,261.53,96.317],"dipPosition":[132.322,313.385,-28.8976],"direction":[-0.246502,0.358262,-0.900491],"extended":true,"handId":47,"id":473,"length":65.1272,"mcpPosition":[141.327,286.409,38.131],"pipPosition":[139.224,303.352,-3.68169],"stabilizedTipPosition":[126.972,318.337,-41.3913],"timeVisible":9.61674,"tipPosition":[125.191,317.211,-40.5519],"tipVelocity":[-617.814,-152.37,-101.304],"tool":false,"touchDistance":0.299938,"touchZone":"hovering","type":3,"width":19.7805},{"bases":[[[-0.150086,-0.941352,-0.302208],[0.960291,-0.211516,0.181942],[-0.235194,-0.262901,0.935718]],[[-0.147246,-0.938122,-0.313442],[0.989078,-0.141764,-0.0403463],[-0.00658497,-0.31596,0.94875]],[[-0.147246,-0.938122,-0.313442],[0.952592,-0.0491997,-0.300247],[0.266247,-0.342793,0.900892]],[[-0.147246,-0.938122,-0.313442],[0.890442,0.0122378,-0.454931],[0.430617,-0.346089,0.833541]]],"btipPosition":[127.661,288.932,-31.8788],"carpPosition":[126.223,249.216,89.9442],"dipPosition":[135.164,282.902,-17.3554],"direction":[-0.266247,0.342793,-0.900892],"extended":true,"handId":47,"id":474,"length":51.0585,"mcpPosition":[140.192,264.831,34.3669],"pipPosition":[140.427,276.125,0.456093],"stabilizedTipPosition":[129.61,287.597,-28.5045],"timeVisible":9.61674,"tipPosition":[126.509,287.121,-27.1909],"tipVelocity":[-572.766,-149.617,-82.8283],"tool":false,"touchDistance":0.302152,"touchZone":"hovering","type":4,"width":17.5706}],"r":[[-0.172475,0.907115,-0.38392],[-0.489657,-0.41715,-0.765652],[-0.854686,0.0559332,0.516123]],"s":0.839667,"t":[1.57811,-2.28009,37.4531],"timestamp":629572848952},{"currentFrameRate":55.3175,"devices":[],"gestures":[],"hands":[{"armBasis":[[0.224922,-0.676074,-0.701665],[0.966964,0.243531,0.0753154],[0.119958,-0.695425,0.708515]],"armWidth":68.3654,"confidence":1,"direction":[0.269962,0.524937,-0.807194],"elbow":[138.666,49.9713,314.56],"grabAngle":0.548257,"grabStrength":0,"id":47,"palmNormal":[-0.929864,-0.075484,-0.360077],"palmPosition":[116.056,291.458,58.8362],"palmVelocity":[-595.846,-64.5961,-102.868],"palmWidth":93.2028,"pinchDistance":55.0452,"pinchStrength":0.0262359,"r":[[-0.172615,0.909035,-0.379289],[-0.501473,-0.412532,-0.760488],[-0.847779,0.0589312,0.527065]],"s":0.837108,"sphereCenter":[-40.9461,272.246,-6.29596],"sphereRadius":170.541,"stabilizedPalmPosition":[116.462,291.502,58.9073],"t":[-7.2071,-3.27327,35.866],"timeVisible":9.63487,"type":"right","wrist":[105.49,242.302,118.609]}],"id":21807,"interactionBox":{"center":[0,200,0],"size":[235.247,235.247,147.751]},"pointables":[{"bases":[[[0.984952,-0.1712,-0.0236648],[0.109335,0.511187,0.852487],[-0.133849,-0.842246,0.522213]],[[0.993032,-0.0941164,-0.0709238],[0.110763,0.539852,0.834441],[-0.0402462,-0.836482,0.546515]],[[0.993032,-0.0941164,-0.0709238],[0.117796,0.810568,0.573676],[0.00349627,-0.578033,0.816006]],[[0.993032,-0.0941164,-0.0709238],[0.113995,0.919761,0.375558],[0.0298868,-0.381026,0.924081]]],"btipPosition":[89.8886,349.925,36.0011],"carpPosition":[88.6583,278.218,113.931],"dipPosition":[90.5956,340.911,57.8625],"direction":[-0.00349627,0.578033,-0.816006],"extended":false,"handId":47,"id":470,"length":52.6816,"mcpPosition":[88.6583,278.218,113.931],"pipPosition":[90.7161,320.989,85.9864],"stabilizedTipPosition":[90.3908,347.874,41.0426],"timeVisible":9.63487,"tipPosition":[88.9696,349.559,42.3985],"tipVelocity":[-530.451,-28.4221,-13.4541],"tool":false,"touchDistance":0.28225,"touchZone":"hovering","type":0,"width":22.1582},{"bases":[[[0.291727,-0.747614,-0.596631],[0.952828,0.172528,0.249704],[-0.0837464,-0.641332,0.762679]],[[0.271591,-0.85193,-0.44772],[0.960201,0.271382,0.0660763],[0.0652105,-0.447847,0.891729]],[[0.271591,-0.85193,-0.44772],[0.935715,0.342557,-0.0842121],[0.225113,-0.396067,0.8902]],[[0.271591,-0.85193,-0.44772],[0.895394,0.394234,-0.207002],[0.352858,-0.344665,0.869883]]],"btipPosition":[104.191,361.889,-24.5435],"carpPosition":[112.306,278.48,108.431],"dipPosition":[110.285,355.936,-9.51981],"direction":[-0.225113,0.396067,-0.8902],"extended":true,"handId":47,"id":471,"length":59.4453,"mcpPosition":[118.617,326.81,50.9563],"pipPosition":[115.785,346.259,12.23],"stabilizedTipPosition":[105.756,360.521,-21.0732],"timeVisible":9.63487,"tipPosition":[104.22,359.853,-19.6573],"tipVelocity":[-585.791,-1.79617,-51.6029],"tool":false,"touchDistance":0.306742,"touchZone":"hovering","type":1,"width":21.1655},{"bases":[[[0.110993,-0.845771,-0.521873],[0.986361,0.0295293,0.161925],[-0.121541,-0.532728,0.837513]],[[0.0980734,-0.89551,-0.434101],[0.993627,0.112468,-0.00752749],[0.0555634,-0.430597,0.900833]],[[0.0980734,-0.89551,-0.434101],[0.970333,0.18291,-0.158105],[0.220986,-0.405717,0.886881]],[[0.0980734,-0.89551,-0.434101],[0.938817,0.227967,-0.258174],[0.330158,-0.382222,0.863077]]],"btipPosition":[111.013,347.814,-44.6702],"carpPosition":[117.658,269.84,100.962],"dipPosition":[117.285,340.553,-28.2754],"direction":[-0.220986,0.405717,-0.886881],"extended":true,"handId":47,"id":472,"length":67.7331,"mcpPosition":[126.344,307.911,41.1092],"pipPosition":[123.637,328.891,-2.78217],"stabilizedTipPosition":[112.579,346.138,-40.888],"timeVisible":9.63487,"tipPosition":[111.845,344.541,-40.334],"tipVelocity":[-631.66,31.1818,-57.3844],"tool":false,"touchDistance":0.30995,"touchZone":"hovering","type":2,"width":20.7874},{"bases":[[[0.0172237,-0.914752,-0.40365],[0.987393,-0.0479699,0.150842],[-0.157346,-0.401159,0.902393]],[[0.0160025,-0.917836,-0.396637],[0.998166,0.0378284,-0.0472651],[0.0583858,-0.395153,0.916758]],[[0.0160025,-0.917836,-0.396637],[0.970118,0.110305,-0.21611],[0.242104,-0.381326,0.892175]],[[0.0160025,-0.917836,-0.396637],[0.930008,0.159342,-0.331204],[0.367192,-0.363575,0.856144]]],"btipPosition":[113.804,320.855,-46.5855],"carpPosition":[120.06,259.724,93.8725],"dipPosition":[120.739,313.988,-30.4158],"direction":[-0.242104,0.381326,-0.892175],"extended":true,"handId":47,"id":473,"length":65.1272,"mcpPosition":[130.156,285.464,35.9719],"pipPosition":[127.519,303.31,-5.43273],"stabilizedTipPosition":[115.518,319.266,-42.8512],"timeVisible":9.63487,"tipPosition":[113.398,317.824,-41.9974],"tipVelocity":[-628.891,53.9659,-79.7792],"tool":false,"touchDistance":0.30609,"touchZone":"hovering","type":3,"width":19.7805},{"bases":[[[-0.164487,-0.934449,-0.315832],[0.960246,-0.224915,0.165351],[-0.225547,-0.276078,0.934296]],[[-0.159807,-0.928564,-0.335008],[0.987136,-0.14861,-0.0589748],[0.00497623,-0.340123,0.940368]],[[-0.159807,-0.928564,-0.335008],[0.951732,-0.0548423,-0.30199],[0.262045,-0.367098,0.892509]],[[-0.159807,-0.928564,-0.335008],[0.894461,0.00736196,-0.447086],[0.417615,-0.371099,0.829388]]],"btipPosition":[116.098,289.847,-33.8444],"carpPosition":[115.336,247.568,87.3564],"dipPosition":[123.374,283.381,-19.3934],"direction":[-0.262045,0.367098,-0.892509],"extended":true,"handId":47,"id":474,"length":51.0585,"mcpPosition":[128.733,263.966,31.8635],"pipPosition":[128.555,276.123,-1.74771],"stabilizedTipPosition":[117.95,288.348,-30.4902],"timeVisible":9.63487,"tipPosition":[114.616,287.476,-29.1823],"tipVelocity":[-640.894,44.9353,-109.382],"tool":false,"touchDistance":0.303348,"touchZone":"hovering","type":4,"width":17.5706}],"r":[[-0.172615,0.909035,-0.379289],[-0.501473,-0.412532,-0.760488],[-0.847779,0.0589312,0.527065]],"s":0.837108,"t":[-7.2071,-3.27327,35.866],"timestamp":629572867075},{"currentFrameRate":55.3375,"devices":[],"gestures":[],"hands":[{"armBasis":[[0.193143,-0.676717,-0.710457],[0.97042,0.238649,0.0364997],[0.14485,-0.696491,0.702793]],"armWidth":68.3654,"confidence":1,"direction":[0.251413,0.526619,-0.812074],"elbow":[135.107,49.9085,311.79],"grabAngle":0.54146,"grabStrength":0,"id":47,"palmNormal":[-0.941,-0.0633671,-0.332421],"palmPosition":[104.23,291.881,57.588],"palmVelocity":[-656.955,23.4561,-69.3365],"palmWidth":93.2028,"pinchDistance":54.9752,"pinchStrength":0.0240048,"r":[[-0.172944,0.911353,-0.373531],[-0.516273,-0.406851,-0.753614],[-0.83878,0.0625106,0.54087]],"s":0.832503,"sphereCenter":[-55.9404,276.828,-1.71157],"sphereRadius":170.961,"stabilizedPalmPosition":[104.506,291.872,57.6178],"t":[-17.5129,-3.55873,34.4484],"timeVisible":9.65287,"type":"right","wrist":[95.0468,242.534,117.421]}],"id":21808,"interactionBox":{"center":[0,200,0],"size":[235.247,235.247,147.751]},"pointables":[{"bases":[[[0.981865,-0.181689,-0.0541325],[0.14041,0.505071,0.85158],[-0.127382,-0.843737,0.521422]],[[0.989085,-0.110354,-0.0976315],[0.141493,0.526514,0.838309],[-0.0411067,-0.842974,0.536382]],[[0.989085,-0.110354,-0.0976315],[0.146475,0.808229,0.57036],[0.0159669,-0.578435,0.815572]],[[0.989085,-0.110354,-0.0976315],[0.13834,0.923595,0.35754],[0.0507158,-0.367144,0.92878]]],"btipPosition":[78.7019,350.345,35.8995],"carpPosition":[78.3501,278.621,113.407],"dipPosition":[79.9017,341.66,57.872],"direction":[-0.0159669,0.578435,-0.815572],"extended":false,"handId":47,"id":470,"length":52.6816,"mcpPosition":[78.3501,278.621,113.407],"pipPosition":[80.452,321.724,85.981],"stabilizedTipPosition":[79.2086,348.338,40.955],"timeVisible":9.65287,"tipPosition":[77.3801,350.27,42.2233],"tipVelocity":[-615.12,27.5289,-4.22566],"tool":false,"touchDistance":0.307981,"touchZone":"hovering","type":0,"width":22.1582},{"bases":[[[0.0860352,-0.843909,-0.529543],[0.991032,0.0179441,0.132417],[-0.102246,-0.536187,0.837884]],[[0.0756628,-0.89214,-0.445379],[0.993531,0.105384,-0.0423107],[0.084683,-0.439296,0.894342]],[[0.0756628,-0.89214,-0.445379],[0.966774,0.175013,-0.18633],[0.244179,-0.416482,0.875739]],[[0.0756628,-0.89214,-0.445379],[0.934187,0.219606,-0.281191],[0.34867,-0.394791,0.850041]]],"btipPosition":[96.3939,349.198,-45.2455],"carpPosition":[106.855,270.004,99.5289],"dipPosition":[103.017,341.698,-29.0983],"direction":[-0.244179,0.416482,-0.875739],"extended":true,"handId":47,"id":472,"length":67.7331,"mcpPosition":[114.162,308.323,39.6497],"pipPosition":[110.036,329.727,-3.9254],"stabilizedTipPosition":[98.0192,347.464,-41.5272],"timeVisible":9.65287,"tipPosition":[97.6418,345.632,-41.1347],"tipVelocity":[-807.595,73.82,-35.1219],"tool":false,"touchDistance":0.323503,"touchZone":"hovering","type":2,"width":20.7874},{"bases":[[[-0.00490343,-0.91255,-0.408935],[0.990882,-0.0594968,0.120887],[-0.134646,-0.404614,0.904521]],[[-0.00468778,-0.911901,-0.410383],[0.996311,0.0309056,-0.0800552],[0.0856856,-0.409245,0.908392]],[[-0.00468778,-0.911901,-0.410383],[0.965024,0.103446,-0.240888],[0.262118,-0.397159,0.879522]],[[-0.00468778,-0.911901,-0.410383],[0.924993,0.151977,-0.348269],[0.379956,-0.381234,0.842789]]],"btipPosition":[99.1857,322.67,-47.2942],"carpPosition":[108.932,259.904,92.3159],"dipPosition":[106.362,315.47,-31.3767],"direction":[-0.262118,0.397159,-0.879522],"extended":true,"handId":47,"id":473,"length":65.1272,"mcpPosition":[117.572,285.865,34.2788],"pipPosition":[113.702,304.348,-6.74796],"stabilizedTipPosition":[100.937,321.002,-43.6278],"timeVisible":9.65287,"tipPosition":[98.9417,318.959,-43.0087],"tipVelocity":[-808.968,96.5676,-42.5902],"tool":false,"touchDistance":0.321871,"touchZone":"hovering","type":3,"width":19.7805},{"bases":[[[-0.184109,-0.930788,-0.315814],[0.962242,-0.236219,0.135246],[-0.200486,-0.278989,0.939133]],[[-0.176629,-0.919924,-0.350059],[0.983704,-0.152845,-0.0946833],[0.0335968,-0.361079,0.93193]],[[-0.176629,-0.919924,-0.350059],[0.942792,-0.0559568,-0.328653],[0.282748,-0.388083,0.877181]],[[-0.176629,-0.919924,-0.350059],[0.885325,0.00693098,-0.464921],[0.430118,-0.392035,0.813208]]],"btipPosition":[101.506,291.818,-34.7228],"carpPosition":[103.883,247.838,85.8787],"dipPosition":[109,284.987,-20.5537],"direction":[-0.282748,0.388083,-0.877181],"extended":true,"handId":47,"id":474,"length":51.0585,"mcpPosition":[115.791,264.408,30.0986],"pipPosition":[114.59,277.314,-3.21107],"stabilizedTipPosition":[103.379,290.227,-31.4541],"timeVisible":9.65287,"tipPosition":[100.314,288.538,-30.4391],"tipVelocity":[-807.805,104.83,-52.3967],"tool":false,"touchDistance":0.320211,"touchZone":"hovering","type":4,"width":17.5706},{"bases":[[[0.265515,-0.747281,-0.609157],[0.961713,0.16079,0.221936],[-0.0679017,-0.644761,0.761362]],[[0.24844,-0.853364,-0.458309],[0.96439,0.262223,0.0345205],[0.0907208,-0.450565,0.888122]],[[0.24844,-0.853364,-0.458309],[0.937496,0.33086,-0.107859],[0.24368,-0.402867,0.882224]],[[0.24844,-0.853364,-0.458309],[0.896229,0.382014,-0.225477],[0.367494,-0.354733,0.859717]]],"btipPosition":[90.7008,362.784,-25.1462],"carpPosition":[101.824,278.659,107.202],"dipPosition":[97.0478,356.658,-10.2981],"direction":[-0.24368,0.402867,-0.882224],"extended":true,"handId":47,"id":471,"length":59.4453,"mcpPosition":[106.941,327.247,49.8265],"pipPosition":[103.001,346.814,11.2569],"stabilizedTipPosition":[92.2946,361.367,-21.7246],"timeVisible":9.65287,"tipPosition":[90.816,360.855,-20.1624],"tipVelocity":[-746.149,47.5113,-35.7231],"tool":false,"touchDistance":0.320156,"touchZone":"hovering","type":1,"width":21.1655}],"r":[[-0.172944,0.911353,-0.373531],[-0.516273,-0.406851,-0.753614],[-0.83878,0.0625106,0.54087]],"s":0.832503,"t":[-17.5129,-3.55873,34.4484],"timestamp":629572885077},{"currentFrameRate":55.3245,"devices":[],"gestures":[],"hands":[{"armBasis":[[0.127912,-0.695515,-0.707034],[0.975167,0.218155,-0.0381793],[0.180797,-0.684593,0.706148]],"armWidth":68.3654,"confidence":1,"direction":[0.224667,0.515264,-0.827059],"elbow":[132.219,51.8098,312.068],"grabAngle":0.537747,"grabStrength":0,"id":47,"palmNormal":[-0.959041,-0.0333527,-0.281298],"palmPosition":[89.5508,289.817,56.1591],"palmVelocity":[-810.097,-113.874,-78.8605],"palmWidth":93.2028,"pinchDistance":54.8992,"pinchStrength":0.0239605,"r":[[-0.171053,0.91398,-0.367942],[-0.538627,-0.399447,-0.741838],[-0.824998,0.0712897,0.560621]],"s":0.826148,"sphereCenter":[-73.3549,280.658,6.31175],"sphereRadius":170.07,"stabilizedPalmPosition":[89.7736,289.848,56.1808],"t":[-30.0054,-4.73316,33.0251],"timeVisible":9.67099,"type":"right","wrist":[82.2162,241.145,116.771]}],"id":21809,"interactionBox":{"center":[0,200,0],"size":[235.247,235.247,147.751]},"pointables":[{"bases":[[[0.971056,-0.21423,-0.105619],[0.202368,0.503037,0.840238],[-0.126874,-0.837293,0.531831]],[[0.978201,-0.144653,-0.148994],[0.20334,0.521596,0.828607],[-0.0421455,-0.840841,0.53964]],[[0.978201,-0.144653,-0.148994],[0.203431,0.811606,0.547642],[0.0417065,-0.566014,0.82334]],[[0.978201,-0.144653,-0.148994],[0.186264,0.928392,0.32155],[0.0918117,-0.342293,0.935097]]],"btipPosition":[64.8251,348.209,35.2584],"carpPosition":[66.2796,277.61,113.35],"dipPosition":[66.9971,340.111,57.3803],"direction":[-0.0417065,0.566014,-0.82334],"extended":false,"handId":47,"id":470,"length":52.6816,"mcpPosition":[66.2796,277.61,113.35],"pipPosition":[68.4346,320.603,85.757],"stabilizedTipPosition":[65.4985,346.371,40.354],"timeVisible":9.67099,"tipPosition":[63.9169,348.884,41.8756],"tipVelocity":[-753.484,-110.443,-33.4846],"tool":false,"touchDistance":0.321304,"touchZone":"hovering","type":0,"width":22.1582},{"bases":[[[0.0297717,-0.848082,-0.529028],[0.99676,-0.0143773,0.0791419],[-0.0747248,-0.52967,0.844906]],[[0.0221796,-0.896628,-0.442229],[0.991932,0.0749607,-0.102235],[0.124816,-0.436393,0.891057]],[[0.0221796,-0.896628,-0.442229],[0.959979,0.142627,-0.241033],[0.279191,-0.419185,0.863908]],[[0.0221796,-0.896628,-0.442229],[0.924897,0.186342,-0.331424],[0.37957,-0.401665,0.833422]]],"btipPosition":[77.7245,346.803,-46.4486],"carpPosition":[93.7013,268.008,98.0118],"dipPosition":[84.9347,339.173,-30.6171],"direction":[-0.279191,0.419185,-0.863908],"extended":true,"handId":47,"id":472,"length":67.7331,"mcpPosition":[99.0415,305.861,37.6308],"pipPosition":[92.96,327.124,-5.78422],"stabilizedTipPosition":[79.466,345.059,-42.8016],"timeVisible":9.67099,"tipPosition":[79.4459,343.468,-42.359],"tipVelocity":[-1022.87,-133.821,-70.4003],"tool":false,"touchDistance":0.331131,"touchZone":"hovering","type":2,"width":20.7874},{"bases":[[[-0.0567745,-0.91327,-0.403378],[0.99345,-0.0918095,0.0680364],[-0.0991696,-0.396873,0.912501]],[[-0.0561739,-0.910855,-0.408887],[0.99076,-0.000217751,-0.135628],[0.123448,-0.412727,0.90245]],[[-0.0561739,-0.910855,-0.408887],[0.954192,0.0715647,-0.29051],[0.293874,-0.406476,0.86511]],[[-0.0561739,-0.910855,-0.408887],[0.91187,0.119982,-0.392553],[0.406618,-0.394903,0.823841]]],"btipPosition":[79.9349,320.766,-48.342],"carpPosition":[95.0561,257.82,90.7502],"dipPosition":[87.6146,313.308,-32.7825],"direction":[-0.293874,0.406476,-0.86511],"extended":true,"handId":47,"id":473,"length":65.1272,"mcpPosition":[101.419,283.285,32.2011],"pipPosition":[95.8438,301.926,-8.55728],"stabilizedTipPosition":[81.7843,319.059,-44.7584],"timeVisible":9.67099,"tipPosition":[79.8155,316.771,-44.164],"tipVelocity":[-1056.02,-108.345,-62.3727],"tool":false,"touchDistance":0.332113,"touchZone":"hovering","type":3,"width":19.7805},{"bases":[[[-0.231232,-0.925258,-0.300714],[0.959835,-0.267439,0.0848164],[-0.1589,-0.269024,0.949935]],[[-0.223555,-0.911678,-0.344769],[0.971956,-0.182036,-0.148875],[0.0729657,-0.368383,0.926807]],[[-0.223555,-0.911678,-0.344769],[0.922839,-0.0841445,-0.375882],[0.313673,-0.402197,0.860144]],[[-0.223555,-0.911678,-0.344769],[0.863557,-0.0212318,-0.503803],[0.451986,-0.410356,0.792033]]],"btipPosition":[82.0285,290.153,-35.6997],"carpPosition":[89.2754,245.906,84.6545],"dipPosition":[89.9038,283.003,-21.8996],"direction":[-0.313673,0.402197,-0.860144],"extended":true,"handId":47,"id":474,"length":51.0585,"mcpPosition":[98.7133,261.885,28.2328],"pipPosition":[96.1054,275.052,-4.89374],"stabilizedTipPosition":[83.9635,288.52,-32.5189],"timeVisible":9.67099,"tipPosition":[80.9367,286.397,-31.5554],"tipVelocity":[-1070.06,-95.8981,-58.595],"tool":false,"touchDistance":0.332493,"touchZone":"hovering","type":4,"width":17.5706},{"bases":[[[0.2078,-0.757711,-0.618622],[0.976987,0.129663,0.169363],[-0.0481156,-0.63958,0.767218]],[[0.194592,-0.866988,-0.458765],[0.972437,0.231766,-0.0255251],[0.128456,-0.441153,0.888191]],[[0.194592,-0.866988,-0.458765],[0.94042,0.297851,-0.163995],[0.278825,-0.39952,0.873293]],[[0.194592,-0.866988,-0.458765],[0.896166,0.347285,-0.276187],[0.398773,-0.357386,0.844544]]],"btipPosition":[73.7237,360.141,-26.414],"carpPosition":[89.3759,276.85,105.898],"dipPosition":[80.6108,353.968,-11.8279],"direction":[-0.278825,0.39952,-0.873293],"extended":true,"handId":47,"id":471,"length":59.4453,"mcpPosition":[93.0019,325.048,48.0814],"pipPosition":[87.4232,344.207,9.5088],"stabilizedTipPosition":[75.4164,358.738,-23.0506],"timeVisible":9.67099,"tipPosition":[74.3119,358.923,-21.2144],"tipVelocity":[-930.071,-146.473,-73.2932],"tool":false,"touchDistance":0.327637,"touchZone":"hovering","type":1,"width":21.1655}],"r":[[-0.171053,0.91398,-0.367942],[-0.538627,-0.399447,-0.741838],[-0.824998,0.0712897,0.560621]],"s":0.826148,"t":[-30.0054,-4.73316,33.0251],"timestamp":629572903197},{"currentFrameRate":55.3301,"devices":[],"gestures":[],"hands":[{"armBasis":[[0.0646789,-0.718519,-0.692493],[0.972541,0.200852,-0.117566],[0.223562,-0.665874,0.711781]],"armWidth":68.3654,"confidence":1,"direction":[0.196786,0.518665,-0.832023],"elbow":[129.741,53.8721,312.058],"grabAngle":0.539895,"grabStrength":0,"id":47,"palmNormal":[-0.973626,0.00345576,-0.228123],"palmPosition":[73.2818,286.878,54.5689],"palmVelocity":[-901.131,-162.825,-88.0779],"palmWidth":93.2028,"pinchDistance":55.5542,"pinchStrength":0.0099634,"r":[[-0.167071,0.91813,-0.359339],[-0.567009,-0.387635,-0.726801],[-0.80659,0.0823206,0.585351]],"s":0.818711,"sphereCenter":[-88.33,283.674,14.1686],"sphereRadius":165.922,"stabilizedPalmPosition":[73.4528,286.908,54.5856],"t":[-44.3861,-6.7902,31.5184],"timeVisible":9.68904,"type":"right","wrist":[67.9111,238.03,115.204]}],"id":21810,"interactionBox":{"center":[0,200,0],"size":[235.247,235.247,147.751]},"pointables":[{"bases":[[[0.955691,-0.245921,-0.161794],[0.265712,0.484113,0.833685],[-0.126694,-0.839736,0.528007]],[[0.963421,-0.164633,-0.211461],[0.26616,0.495701,0.826704],[-0.0312814,-0.852746,0.521388]],[[0.963421,-0.164633,-0.211461],[0.255791,0.800281,0.54233],[0.0799425,-0.576582,0.813119]],[[0.963421,-0.164633,-0.211461],[0.223503,0.928982,0.295025],[0.147872,-0.331495,0.931796]]],"btipPosition":[48.1209,346.001,36.0832],"carpPosition":[52.7749,274.684,112.811],"dipPosition":[51.6192,338.159,58.1271],"direction":[-0.0799424,0.576582,-0.813119],"extended":false,"handId":47,"id":470,"length":52.6816,"mcpPosition":[52.7749,274.684,112.811],"pipPosition":[54.3744,318.286,86.1515],"stabilizedTipPosition":[49.0604,344.215,41.1468],"timeVisible":9.68904,"tipPosition":[48.9802,346.746,42.3253],"tipVelocity":[-908.341,-119.043,44.6918],"tool":false,"touchDistance":0.33461,"touchZone":"hovering","type":0,"width":22.1582},{"bases":[[[-0.0290457,-0.841194,-0.539953],[0.998487,-0.049646,0.023632],[-0.0466856,-0.53845,0.841363]],[[-0.0336847,-0.892023,-0.450732],[0.984552,0.0479173,-0.16841],[0.171823,-0.449442,0.876629]],[[-0.0336847,-0.892023,-0.450732],[0.945728,0.117398,-0.303013],[0.32321,-0.436477,0.839657]],[[-0.0336847,-0.892023,-0.450732],[0.905516,0.163624,-0.391493],[0.422972,-0.421333,0.80223]]],"btipPosition":[56.5989,345.29,-46.3505],"carpPosition":[78.9595,264.362,95.8641],"dipPosition":[64.6336,337.286,-31.1115],"direction":[-0.32321,0.436477,-0.839657],"extended":true,"handId":47,"id":472,"length":67.7331,"mcpPosition":[82.2959,302.842,35.7363],"pipPosition":[73.9242,324.74,-6.9758],"stabilizedTipPosition":[58.506,343.454,-42.8455],"timeVisible":9.68904,"tipPosition":[59.5687,342.3,-42.6104],"tipVelocity":[-1159.63,-88.5611,-2.11845],"tool":false,"touchDistance":0.333333,"touchZone":"hovering","type":2,"width":20.7874},{"bases":[[[-0.110786,-0.905111,-0.410489],[0.991863,-0.126758,0.0118032],[-0.0627159,-0.405841,0.911789]],[[-0.110039,-0.90026,-0.421216],[0.979868,-0.0272325,-0.197778],[0.166581,-0.434499,0.885133]],[[-0.110039,-0.90026,-0.421216],[0.937355,0.0469388,-0.345198],[0.330539,-0.432814,0.838699]],[[-0.110039,-0.90026,-0.421216],[0.892221,0.0972785,-0.440997],[0.437988,-0.424344,0.792527]]],"btipPosition":[58.5285,320.033,-48.516],"carpPosition":[79.5559,254.235,88.4175],"dipPosition":[66.8006,312.018,-33.5478],"direction":[-0.330539,0.432814,-0.838699],"extended":true,"handId":47,"id":473,"length":65.1272,"mcpPosition":[83.58,280.275,29.9141],"pipPosition":[76.0565,299.899,-10.0622],"stabilizedTipPosition":[60.4893,318.192,-45.0725],"timeVisible":9.68904,"tipPosition":[59.0664,315.662,-44.7481],"tipVelocity":[-1178.14,-47.7061,-17.1699],"tool":false,"touchDistance":0.333333,"touchZone":"hovering","type":3,"width":19.7805},{"bases":[[[-0.279652,-0.91253,-0.29847],[0.953094,-0.301346,0.0283212],[-0.115787,-0.27655,0.953999]],[[-0.272227,-0.894357,-0.35499],[0.955408,-0.207365,-0.210229],[0.114407,-0.39639,0.910926]],[[-0.272227,-0.894357,-0.35499],[0.898832,-0.104653,-0.425616],[0.343502,-0.43494,0.832366]],[[-0.272227,-0.894357,-0.35499],[0.83908,-0.0400588,-0.542531],[0.470996,-0.445556,0.761342]]],"btipPosition":[60.8256,289.567,-36.4345],"carpPosition":[73.0355,242.611,82.5096],"dipPosition":[69.0322,281.804,-23.1691],"direction":[-0.343502,0.43494,-0.832366],"extended":true,"handId":47,"id":474,"length":51.0585,"mcpPosition":[79.9127,259.037,25.8465],"pipPosition":[75.8235,273.205,-6.71243],"stabilizedTipPosition":[62.8002,287.785,-33.3799],"timeVisible":9.68904,"tipPosition":[59.9061,285.121,-32.6121],"tipVelocity":[-1170.19,-40.2786,-47.5106],"tool":false,"touchDistance":0.333333,"touchZone":"hovering","type":4,"width":17.5706},{"bases":[[[0.146846,-0.755749,-0.638185],[0.988756,0.0937236,0.116523],[-0.0282488,-0.64812,0.761014]],[[0.137954,-0.87241,-0.468903],[0.975196,0.202383,-0.0896305],[0.173092,-0.444908,0.87869]],[[0.137954,-0.87241,-0.468903],[0.937502,0.267725,-0.222291],[0.319466,-0.408932,0.854819]],[[0.137954,-0.87241,-0.468903],[0.891589,0.315558,-0.324794],[0.43132,-0.373262,0.821364]]],"btipPosition":[54.7433,357.837,-26.4974],"carpPosition":[75.3862,273.237,104.083],"dipPosition":[62.1925,351.391,-12.3117],"direction":[-0.319466,0.408932,-0.854819],"extended":true,"handId":47,"id":471,"length":59.4453,"mcpPosition":[77.515,322.078,46.7337],"pipPosition":[69.9979,341.4,8.5737],"stabilizedTipPosition":[56.5332,356.364,-23.2339],"timeVisible":9.68904,"tipPosition":[56.2595,357.441,-21.1811],"tipVelocity":[-1044.15,-131.056,-9.7199],"tool":false,"touchDistance":0.332922,"touchZone":"hovering","type":1,"width":21.1655}],"r":[[-0.167071,0.91813,-0.359339],[-0.567009,-0.387635,-0.726801],[-0.80659,0.0823206,0.585351]],"s":0.818711,"t":[-44.3861,-6.7902,31.5184],"timestamp":629572921251},{"currentFrameRate":55.3008,"devices":[],"gestures":[],"hands":[{"armBasis":[[0.0247049,-0.736173,-0.676342],[0.960968,0.20397,-0.186912],[0.275553,-0.645326,0.712478]],"armWidth":68.3654,"confidence":1,"direction":[0.150499,0.542662,-0.826358],"elbow":[129.209,55.4093,312.052],"grabAngle":0.549877,"grabStrength":0,"id":47,"palmNormal":[-0.985868,0.0201664,-0.166306],"palmPosition":[54.9679,284.04,55.2836],"palmVelocity":[-1007.15,-156.08,39.3028],"palmWidth":93.2028,"pinchDistance":55.7788,"pinchStrength":0.0085845,"r":[[-0.166032,0.92393,-0.344656],[-0.598931,-0.372139,-0.70908],[-0.7834,0.088695,0.615157]],"s":0.808787,"sphereCenter":[-102.306,283.097,25.2318],"sphereRadius":159.192,"stabilizedPalmPosition":[55.0845,284.058,55.2792],"t":[-60.7334,-9.2378,31.1224],"timeVisible":9.70723,"type":"right","wrist":[53.0006,233.885,115.005]}],"id":21811,"interactionBox":{"center":[0,200,0],"size":[235.247,235.247,147.751]},"pointables":[{"bases":[[[0.940764,-0.250043,-0.229001],[0.32294,0.454992,0.829875],[-0.103311,-0.85467,0.508789]],[[0.946417,-0.153112,-0.284345],[0.322899,0.464062,0.824853],[0.00565874,-0.87247,0.488636]],[[0.946417,-0.153112,-0.284345],[0.289961,0.790529,0.539431],[0.14219,-0.592976,0.792566]],[[0.946417,-0.153112,-0.284345],[0.232017,0.934812,0.268878],[0.224641,-0.320443,0.920246]]],"btipPosition":[27.4934,342.848,40.2236],"carpPosition":[37.9978,270.219,114.295],"dipPosition":[32.8078,335.267,61.9942],"direction":[-0.14219,0.592976,-0.792566],"extended":false,"handId":47,"id":470,"length":52.6816,"mcpPosition":[37.9978,270.219,114.295],"pipPosition":[37.7084,314.83,89.3103],"stabilizedTipPosition":[28.8769,341.129,45.1985],"timeVisible":9.70723,"tipPosition":[30.4207,344.091,46.2961],"tipVelocity":[-1111.4,-170.098,224.238],"tool":false,"touchDistance":0.395645,"touchZone":"hovering","type":0,"width":22.1582},{"bases":[[[-0.146832,-0.890605,-0.430421],[0.989107,-0.136767,-0.0544287],[-0.0103929,-0.433724,0.900986]],[[-0.146635,-0.883136,-0.445611],[0.962962,-0.0243939,-0.268532],[0.22628,-0.468483,0.854003]],[[-0.146635,-0.883136,-0.445611],[0.912795,0.0527902,-0.404991],[0.381186,-0.466138,0.798381]],[[-0.146635,-0.883136,-0.445611],[0.862166,0.106741,-0.495253],[0.48494,-0.456813,0.745758]]],"btipPosition":[33.5747,320.955,-45.1729],"carpPosition":[62.9606,250.287,87.6491],"dipPosition":[42.7336,312.328,-31.0881],"direction":[-0.381186,0.466138,-0.798381],"extended":true,"handId":47,"id":473,"length":65.1272,"mcpPosition":[63.6275,278.116,29.8388],"pipPosition":[53.4077,299.275,-8.73147],"stabilizedTipPosition":[35.7381,318.969,-41.9406],"timeVisible":9.70723,"tipPosition":[34.9548,316.227,-42.0061],"tipVelocity":[-1361.08,42.9691,172.674],"tool":false,"touchDistance":0.380432,"touchZone":"hovering","type":3,"width":19.7805},{"bases":[[[-0.308445,-0.899896,-0.308299],[0.949398,-0.311401,-0.040897],[-0.0592017,-0.305313,0.95041]],[[-0.303164,-0.874589,-0.378399],[0.938074,-0.204037,-0.279974],[0.167654,-0.439845,0.882286]],[[-0.303164,-0.874589,-0.378399],[0.874177,-0.097167,-0.475788],[0.379351,-0.47503,0.794002]],[[-0.303164,-0.874589,-0.378399],[0.811564,-0.0288384,-0.583551],[0.499455,-0.484007,0.718528]]],"btipPosition":[37.2693,290.6,-34.3958],"carpPosition":[55.9479,238.919,81.8069],"dipPosition":[45.9717,282.167,-21.8764],"direction":[-0.379351,0.47503,-0.794002],"extended":true,"handId":47,"id":474,"length":51.0585,"mcpPosition":[59.4642,257.054,25.357],"pipPosition":[53.4718,272.775,-6.17825],"stabilizedTipPosition":[39.3352,288.658,-31.5215],"timeVisible":9.70723,"tipPosition":[36.3386,285.37,-30.9348],"tipVelocity":[-1289.17,48.3055,102.677],"tool":false,"touchDistance":0.36134,"touchZone":"hovering","type":4,"width":17.5706},{"bases":[[[0.097808,-0.736674,-0.669137],[0.995136,0.080327,0.0570248],[0.0117411,-0.67146,0.740948]],[[0.0979962,-0.866275,-0.489861],[0.964969,0.203088,-0.166101],[0.243374,-0.456424,0.855831]],[[0.0979962,-0.866275,-0.489861],[0.916614,0.270267,-0.294576],[0.387577,-0.420146,0.820525]],[[0.0979962,-0.866275,-0.489861],[0.862172,0.319746,-0.392965],[0.497047,-0.383836,0.778212]]],"btipPosition":[30.493,356.142,-22.3686],"carpPosition":[60.0011,268.826,104.124],"dipPosition":[39.0775,349.513,-8.92815],"direction":[-0.387577,0.420146,-0.820525],"extended":true,"handId":47,"id":471,"length":59.4453,"mcpPosition":[59.1163,319.426,48.2866],"pipPosition":[48.547,339.248,11.1193],"stabilizedTipPosition":[32.5601,354.624,-19.2925],"timeVisible":9.70723,"tipPosition":[33.862,356.784,-17.3352],"tipVelocity":[-1319.24,-95.5358,217.631],"tool":false,"touchDistance":0.392324,"touchZone":"hovering","type":1,"width":21.1655},{"bases":[[[-0.0725941,-0.823446,-0.562732],[0.997362,-0.0601342,-0.0406682],[-0.000351345,-0.564199,0.825639]],[[-0.0722228,-0.878587,-0.472089],[0.967845,0.0526128,-0.245982],[0.240955,-0.474675,0.846537]],[[-0.0722228,-0.878587,-0.472089],[0.917952,0.126557,-0.375963],[0.390063,-0.460508,0.79736]],[[-0.0722228,-0.878587,-0.472089],[0.870215,0.17577,-0.46025],[0.487349,-0.444059,0.751866]]],"btipPosition":[30.7647,345.3,-42.0252],"carpPosition":[62.9495,260.179,95.427],"dipPosition":[40.0223,336.865,-27.7429],"direction":[-0.390063,0.460508,-0.79736],"extended":true,"handId":47,"id":472,"length":67.7331,"mcpPosition":[62.9746,300.5,36.423],"pipPosition":[51.2346,323.627,-4.82292],"stabilizedTipPosition":[32.9664,343.36,-38.75