{"frames":39,"data":[{"currentFrameRate":55.3242,"devices":[],"gestures":[],"hands":[{"armBasis":[[0.373852,0.794602,-0.478376],[-0.442546,0.6061,0.660905],[0.8151,-0.0353772,0.578239]],"armWidth":68.8427,"confidence":1,"direction":[-0.683181,0.195745,-0.703525],"elbow":[136.6,217.828,253.691],"grabAngle":1.13433,"grabStrength":0,"id":60,"palmNormal":[0.473053,-0.615305,-0.630572],"palmPosition":[-144.664,232.284,41.0211],"palmVelocity":[333.327,73.6431,-167.35],"palmWidth":92.9048,"pinchDistance":18.0629,"pinchStrength":1,"r":[[0.520266,0.589786,0.617638],[-0.345087,0.806738,-0.479676],[-0.781178,0.0364204,0.623245]],"s":1.54455,"sphereCenter":[-143.419,188.146,-3.91197],"sphereRadius":64.3673,"stabilizedPalmPosition":[-163.039,229.233,59.7868],"t":[-292.666,63.1962,35.6784],"timeVisible":6.6884,"type":"right","wrist":[-88.108,227.581,94.2808]}],"id":24572,"interactionBox":{"center":[0,200,0],"size":[235.247,235.247,147.751]},"pointables":[{"bases":[[[0.615452,0.665122,-0.422885],[-0.484632,0.742472,0.462457],[0.621571,-0.0796763,0.779295]],[[0.568338,0.669168,-0.478755],[-0.676407,0.711278,0.191199],[0.468472,0.215167,0.856876]],[[0.568338,0.669168,-0.478755],[-0.821281,0.496656,-0.280767],[0.0498964,0.552762,0.831844]],[[0.568338,0.669168,-0.478755],[-0.767923,0.222464,-0.60067],[-0.295443,0.70903,0.640304]]],"btipPosition":[-184.495,198.109,-50.5023],"carpPosition":[-121.7,231.993,82.2856],"dipPosition":[-190.067,211.482,-38.4251],"direction":[-0.0498964,-0.552762,-0.831844],"extended":true,"handId":60,"id":602,"length":67.2543,"mcpPosition":[-165.979,237.669,26.7716],"pipPosition":[-188.643,227.259,-14.683],"stabilizedTipPosition":[-195.386,200.334,-41.6243],"timeVisible":6.6884,"tipPosition":[-185.71,200.487,-46.7932],"tipVelocity":[444.049,38.3661,-238.061],"tool":false,"touchDistance":0.330643,"touchZone":"hovering","type":2,"width":21.0194},{"bases":[[[0.734984,0.588272,-0.337247],[-0.419361,0.785176,0.455669],[0.532856,-0.193481,0.82379]],[[0.654805,0.609275,-0.447229],[-0.443404,0.78888,0.425513],[0.612065,-0.0803252,0.786718]],[[0.654805,0.609275,-0.447229],[-0.490238,0.792756,0.362223],[0.575237,-0.0179368,0.81779]],[[0.654805,0.609275,-0.447229],[-0.606499,0.776677,0.170094],[0.450987,0.159865,0.878097]]],"btipPosition":[-200.965,254.522,-50.3942],"carpPosition":[-114.985,241.044,76.7795],"dipPosition":[-192.507,257.52,-33.9271],"direction":[-0.575237,0.0179368,-0.81779],"extended":true,"handId":60,"id":603,"length":64.6668,"mcpPosition":[-149.065,253.419,24.0914],"pipPosition":[-176.513,257.021,-11.1889],"stabilizedTipPosition":[-210.905,254.177,-37.4037],"timeVisible":6.6884,"tipPosition":[-198.575,253.648,-45.1982],"tipVelocity":[426.897,56.7897,-247.385],"tool":false,"touchDistance":0.330422,"touchZone":"hovering","type":3,"width":20.0013},{"bases":[[[0.850836,0.42405,-0.310258],[-0.251204,0.846917,0.468645],[0.461492,-0.320802,0.82711]],[[0.794719,0.456858,-0.399628],[-0.364542,0.885673,0.287563],[0.485315,-0.0828504,0.870405]],[[0.794719,0.456858,-0.399628],[-0.513792,0.856878,-0.0421594],[0.323172,0.23883,0.915707]],[[0.794719,0.456858,-0.399628],[-0.575174,0.777147,-0.255377],[0.193898,0.432809,0.880386]]],"btipPosition":[-157.238,254.903,-43.3969],"carpPosition":[-102.992,245.146,69.6708],"dipPosition":[-153.883,262.391,-28.1657],"direction":[-0.323172,-0.23883,-0.915707],"extended":true,"handId":60,"id":604,"length":50.6976,"mcpPosition":[-130.315,264.139,20.7014],"pipPosition":[-147.539,267.08,-10.1893],"stabilizedTipPosition":[-168.651,252.519,-30.0648],"timeVisible":6.6884,"tipPosition":[-153.592,251.366,-37.773],"tipVelocity":[363.077,156.359,-200.378],"tool":false,"touchDistance":0.330948,"touchZone":"hovering","type":4,"width":17.7668},{"bases":[[[-0.332563,0.895812,0.294828],[-0.392653,-0.41576,0.820346],[0.857453,0.157052,0.490009]],[[-0.60186,0.790621,0.112619],[-0.658001,-0.570854,0.491082],[0.452548,0.221459,0.863803]],[[-0.60186,0.790621,0.112619],[-0.727215,-0.600862,0.331849],[0.330035,0.117828,0.936586]],[[-0.60186,0.790621,0.112619],[-0.792406,-0.608754,0.0388627],[0.0992829,-0.0658501,0.992878]]],"btipPosition":[-150.035,186.68,-14.3143],"carpPosition":[-113.342,200.453,85.0865],"dipPosition":[-147.702,185.133,9.00858],"direction":[-0.330035,-0.117828,-0.936586],"extended":false,"handId":60,"id":600,"length":52.3092,"mcpPosition":[-113.342,200.453,85.0865],"pipPosition":[-136.408,189.165,41.0602],"stabilizedTipPosition":[-167.206,185.893,7.69089],"timeVisible":6.6884,"tipPosition":[-147.286,188.214,-8.65769],"tipVelocity":[347.185,36.8193,-148.12],"tool":false,"touchDistance":0.331514,"touchZone":"hovering","type":0,"width":22.4056},{"bases":[[[0.433709,0.785625,-0.441237],[-0.58158,0.618103,0.528879],[0.688231,0.0272349,0.72498]],[[0.428611,0.785402,-0.446583],[-0.878674,0.477407,-0.00369981],[0.210296,0.393986,0.894735]],[[0.428611,0.785402,-0.446583],[-0.708619,-0.0144095,-0.705444],[-0.560492,0.618818,0.550375]],[[0.428611,0.785402,-0.446583],[-0.331221,-0.323281,-0.886444],[-0.840587,0.527857,0.12158]]],"btipPosition":[-158.424,178.064,-21.1879],"carpPosition":[-125.67,221.164,87.2901],"dipPosition":[-172.839,187.116,-19.1029],"direction":[0.560492,-0.618818,-0.550375],"extended":false,"handId":60,"id":601,"length":59.0251,"mcpPosition":[-177.368,219.118,32.8312],"pipPosition":[-186.436,202.129,-5.75093],"stabilizedTipPosition":[-179.095,176.946,-0.0105791],"timeVisible":6.6884,"tipPosition":[-156.976,180.392,-15.6228],"tipVelocity":[457.589,42.5207,-162.334],"tool":false,"touchDistance":0.331623,"touchZone":"hovering","type":1,"width":21.4018}],"r":[[0.520266,0.589786,0.617638],[-0.345087,0.806738,-0.479676],[-0.781178,0.0364204,0.623245]],"s":1.54455,"t":[-292.666,63.1962,35.6784],"timestamp":629626301821},{"currentFrameRate":55.3113,"devices":[],"gestures":[],"hands":[{"armBasis":[[0.370058,0.816207,-0.443693],[-0.455063,0.575635,0.679383],[0.809922,-0.0495027,0.584444]],"armWidth":68.8427,"confidence":1,"direction":[-0.661104,0.188961,-0.72611],"elbow":[142.059,215.199,254.427],"grabAngle":1.08523,"grabStrength":0,"id":60,"palmNormal":[0.512188,-0.593531,-0.620793],"palmPosition":[-136.028,233.208,38.2697],"palmVelocity":[476.483,50.9879,-151.814],"palmWidth":92.9048,"pinchDistance":17.3361,"pinchStrength":1,"r":[[0.509838,0.590142,0.625937],[-0.33953,0.806576,-0.483896],[-0.790433,0.0341843,0.611594]],"s":1.54757,"sphereCenter":[-128.422,191.388,-9.54763],"sphereRadius":65.2484,"stabilizedPalmPosition":[-152.145,230.836,51.109],"t":[-285.878,64.1883,32.912],"timeVisible":6.70653,"type":"right","wrist":[-81.2215,228.846,93.3068]}],"id":24573,"interactionBox":{"center":[0,200,0],"size":[235.247,235.247,147.751]},"pointables":[{"bases":[[[0.613475,0.686813,-0.389789],[-0.520732,0.722887,0.454173],[0.593706,-0.0756483,0.801119]],[[0.568259,0.690512,-0.447521],[-0.699703,0.691699,0.178795],[0.43301,0.21153,0.876218]],[[0.568259,0.690512,-0.447521],[-0.821776,0.504025,-0.265788],[0.0420314,0.518798,0.853863]],[[0.568259,0.690512,-0.447521],[-0.773003,0.26156,-0.577973],[-0.282044,0.674373,0.682402]]],"btipPosition":[-173.753,200.505,-56.333],"carpPosition":[-114.632,232.876,80.3676],"dipPosition":[-179.073,213.224,-43.4619],"direction":[-0.0420314,-0.518798,-0.853863],"extended":true,"handId":60,"id":602,"length":67.2543,"mcpPosition":[-156.925,238.265,23.299],"pipPosition":[-177.873,228.032,-19.0913],"stabilizedTipPosition":[-182.68,202.262,-48.9385],"timeVisible":6.70653,"tipPosition":[-173.208,201.96,-51.7542],"tipVelocity":[595.864,123.883,-311.64],"tool":false,"touchDistance":0.330539,"touchZone":"hovering","type":2,"width":21.0194},{"bases":[[[0.731655,0.611733,-0.300771],[-0.45638,0.767329,0.45047],[0.506358,-0.192323,0.840603]],[[0.656271,0.632156,-0.411932],[-0.479417,0.770937,0.419305],[0.582639,-0.0776904,0.809009]],[[0.656271,0.632156,-0.411932],[-0.534085,0.774839,0.338199],[0.532975,-0.00194341,0.846129]],[[0.656271,0.632156,-0.411932],[-0.62293,0.762001,0.176953],[0.425754,0.140476,0.893868]]],"btipPosition":[-189.268,255.381,-55.0836],"carpPosition":[-107.95,242.177,75.2487],"dipPosition":[-181.283,258.016,-38.3208],"direction":[-0.532975,0.00194341,-0.846129],"extended":true,"handId":60,"id":603,"length":64.6668,"mcpPosition":[-140.336,254.478,21.4853],"pipPosition":[-166.464,257.962,-14.7947],"stabilizedTipPosition":[-197.838,255.185,-45.0995],"timeVisible":6.70653,"tipPosition":[-187.202,254.527,-49.6541],"tipVelocity":[639.383,42.8158,-254.99],"tool":false,"touchDistance":0.331287,"touchZone":"hovering","type":3,"width":20.0013},{"bases":[[[0.850625,0.450112,-0.271727],[-0.290484,0.833109,0.470689],[0.438241,-0.321448,0.839414]],[[0.794972,0.483897,-0.365873],[-0.39083,0.869795,0.301179],[0.463974,-0.0964349,0.880584]],[[0.794972,0.483897,-0.365873],[-0.517087,0.855891,0.00845702],[0.31724,0.182465,0.930626]],[[0.794972,0.483897,-0.365873],[-0.57179,0.799172,-0.18542],[0.202671,0.356607,0.912007]]],"btipPosition":[-147.956,259.391,-46.3385],"carpPosition":[-95.8096,246.689,68.6588],"dipPosition":[-144.45,265.56,-30.5602],"direction":[-0.31724,-0.182465,-0.930627],"extended":true,"handId":60,"id":604,"length":50.6976,"mcpPosition":[-121.756,265.72,18.961],"pipPosition":[-138.222,269.142,-12.291],"stabilizedTipPosition":[-155.126,257.734,-38.0186],"timeVisible":6.70653,"tipPosition":[-143.27,254.523,-40.8977],"tipVelocity":[514.035,230.872,-155.36],"tool":false,"touchDistance":0.305799,"touchZone":"hovering","type":4,"width":17.7668},{"bases":[[[-0.366493,0.882544,0.294617],[-0.4123,-0.43791,0.798901],[0.834081,0.171321,0.524364]],[[-0.622817,0.775472,0.103642],[-0.65481,-0.589176,0.473387],[0.428162,0.226968,0.874736]],[[-0.622817,0.775472,0.103642],[-0.716388,-0.618513,0.322846],[0.314462,0.126827,0.94076]],[[-0.622817,0.775472,0.103642],[-0.775552,-0.629398,0.0487608],[0.103045,-0.0500105,0.993419]]],"btipPosition":[-140.575,186.786,-17.0756],"carpPosition":[-105.571,201.519,83.038],"dipPosition":[-138.155,185.611,6.25997],"direction":[-0.314462,-0.126827,-0.94076],"extended":false,"handId":60,"id":600,"length":52.3092,"mcpPosition":[-105.571,201.519,83.038],"pipPosition":[-127.393,189.951,38.4544],"stabilizedTipPosition":[-155.88,186.152,-0.390591],"timeVisible":6.70653,"tipPosition":[-136.339,189.31,-12.0293],"tipVelocity":[523.042,10.5716,-152.195],"tool":false,"touchDistance":0.304683,"touchZone":"hovering","type":0,"width":22.4056},{"bases":[[[0.429491,0.802934,-0.413321],[-0.616853,0.595113,0.515105],[0.659568,0.0337255,0.750888]],[[0.423449,0.802593,-0.420162],[-0.890372,0.45427,-0.0295907],[0.167118,0.386631,0.906967]],[[0.423449,0.802593,-0.420162],[-0.68947,-0.015333,-0.724152],[-0.587642,0.59633,0.546871]],[[0.423449,0.802593,-0.420162],[-0.301766,-0.312344,-0.900765],[-0.854183,0.508219,0.109934]]],"btipPosition":[-146.352,179.488,-25.6024],"carpPosition":[-118.504,221.876,85.0645],"dipPosition":[-161,188.204,-23.7171],"direction":[0.587642,-0.59633,-0.546871],"extended":false,"handId":60,"id":601,"length":59.0251,"mcpPosition":[-168.05,219.343,28.6595],"pipPosition":[-175.256,202.671,-10.4501],"stabilizedTipPosition":[-166.729,178.86,-10.6022],"timeVisible":6.70653,"tipPosition":[-145.011,181.869,-19.7088],"tipVelocity":[663.132,74.2989,-246.106],"tool":false,"touchDistance":0.331509,"touchZone":"hovering","type":1,"width":21.4018}],"r":[[0.509838,0.590142,0.625937],[-0.33953,0.806576,-0.483896],[-0.790433,0.0341843,0.611594]],"s":1.54757,"t":[-285.878,64.1883,32.912],"timestamp":629626319945},{"currentFrameRate":55.3173,"devices":[],"gestures":[],"hands":[{"armBasis":[[0.374162,0.836237,-0.400888],[-0.454184,0.542136,0.706969],[0.80853,-0.0824438,0.582652]],"armWidth":68.8427,"confidence":1,"direction":[-0.640389,0.204613,-0.740294],"elbow":[149.768,206.715,252.536],"grabAngle":1.02817,"grabStrength":0,"id":60,"palmNormal":[0.53602,-0.571251,-0.621574],"palmPosition":[-126.47,235.212,35.6303],"palmVelocity":[529.32,110.963,-146.171],"palmWidth":92.9048,"pinchDistance":17.3845,"pinchStrength":1,"r":[[0.496538,0.587589,0.638897],[-0.333422,0.808689,-0.484616],[-0.801424,0.0276076,0.59746]],"s":1.55801,"sphereCenter":[-112.935,198.607,-15.8772],"sphereRadius":66.125,"stabilizedPalmPosition":[-136.736,233.462,41.8192],"t":[-277.705,65.6861,30.2091],"timeVisible":6.72459,"type":"right","wrist":[-73.1294,229.444,91.9096]}],"id":24574,"interactionBox":{"center":[0,200,0],"size":[235.247,235.247,147.751]},"pointables":[{"bases":[[[0.618947,0.702645,-0.350991],[-0.540641,0.705297,0.458545],[0.569747,-0.0940546,0.81642]],[[0.574345,0.707729,-0.411398],[-0.705803,0.682704,0.189099],[0.414694,0.181758,0.891624]],[[0.574345,0.707729,-0.411398],[-0.816543,0.53101,-0.226462],[0.0581827,0.465992,0.882874]],[[0.574345,0.707729,-0.411398],[-0.784026,0.33103,-0.525093],[-0.235438,0.624131,0.745003]]],"btipPosition":[-164.229,206.668,-62.2081],"carpPosition":[-106.36,233.833,78.3366],"dipPosition":[-168.669,218.44,-48.1563],"direction":[-0.0581827,-0.465992,-0.882874],"extended":true,"handId":60,"id":602,"length":67.2543,"mcpPosition":[-146.946,240.533,20.178],"pipPosition":[-167.009,231.74,-22.9576],"stabilizedTipPosition":[-171.204,206.945,-55.5472],"timeVisible":6.72459,"tipPosition":[-161.523,206.886,-56.8596],"tipVelocity":[538.665,329.254,-310.325],"tool":false,"touchDistance":0.330687,"touchZone":"hovering","type":2,"width":21.0194},{"bases":[[[0.735026,0.625965,-0.260584],[-0.476601,0.750338,0.458088],[0.482273,-0.212512,0.849853]],[[0.665583,0.648394,-0.369573],[-0.491419,0.753441,0.436845],[0.561699,-0.109142,0.820111]],[[0.665583,0.648394,-0.369573],[-0.54624,0.760649,0.350763],[0.508548,-0.0315868,0.860454]],[[0.665583,0.648394,-0.369573],[-0.629699,0.753687,0.188242],[0.400597,0.107429,0.909935]]],"btipPosition":[-177.295,260.681,-58.4282],"carpPosition":[-99.6084,243.331,73.6932],"dipPosition":[-169.783,262.695,-41.3641],"direction":[-0.508548,0.0315868,-0.860454],"extended":true,"handId":60,"id":603,"length":64.6668,"mcpPosition":[-130.454,256.923,19.3381],"pipPosition":[-155.643,261.817,-17.4396],"stabilizedTipPosition":[-183.154,259.114,-51.3002],"timeVisible":6.72459,"tipPosition":[-175.164,258.818,-53.259],"tipVelocity":[657.011,285.59,-181.386],"tool":false,"touchDistance":0.332181,"touchZone":"hovering","type":3,"width":20.0013},{"bases":[[[0.854481,0.464522,-0.232555],[-0.311983,0.816821,0.485252],[0.415366,-0.342086,0.842881]],[[0.801827,0.50034,-0.326701],[-0.396723,0.854584,0.335108],[0.446861,-0.139089,0.883725]],[[0.801827,0.50034,-0.326701],[-0.50347,0.860147,0.0816364],[0.321857,0.0990256,0.941596]],[[0.801827,0.50034,-0.326701],[-0.552684,0.828825,-0.0871197],[0.227188,0.250417,0.941104]]],"btipPosition":[-138.014,267.04,-48.4228],"carpPosition":[-87.3136,248.127,67.61],"dipPosition":[-134.083,271.373,-32.1411],"direction":[-0.321857,-0.0990256,-0.941596],"extended":true,"handId":60,"id":604,"length":50.6976,"mcpPosition":[-111.906,268.381,17.7069],"pipPosition":[-127.765,273.317,-13.6565],"stabilizedTipPosition":[-141.969,265.258,-42.8818],"timeVisible":6.72459,"tipPosition":[-132.587,260.559,-43.3903],"tipVelocity":[556.041,400.23,-109.016],"tool":false,"touchDistance":0.307771,"touchZone":"hovering","type":4,"width":17.7668},{"bases":[[[-0.383043,0.87072,0.308425],[-0.432492,-0.464082,0.773032],[0.816228,0.162713,0.554343]],[[-0.63525,0.76527,0.104015],[-0.653114,-0.604196,0.456497],[0.412189,0.222056,0.883624]],[[-0.63525,0.76527,0.104015],[-0.708273,-0.630968,0.316589],[0.307906,0.127442,0.942843]],[[-0.63525,0.76527,0.104015],[-0.761846,-0.643028,0.0781405],[0.126683,-0.0296049,0.991501]]],"btipPosition":[-131.629,187.502,-20.2092],"carpPosition":[-97.108,202.485,80.3836],"dipPosition":[-128.654,186.806,3.08135],"direction":[-0.307906,-0.127442,-0.942843],"extended":false,"handId":60,"id":600,"length":52.3092,"mcpPosition":[-97.108,202.485,80.3836],"pipPosition":[-118.116,191.167,35.3471],"stabilizedTipPosition":[-141.652,186.831,-8.64247],"timeVisible":6.72459,"tipPosition":[-126.113,191.668,-15.6785],"tipVelocity":[502.497,45.7453,-174.112],"tool":false,"touchDistance":0.282562,"touchZone":"hovering","type":0,"width":22.4056},{"bases":[[[0.434744,0.817933,-0.376807],[-0.637438,0.575055,0.51282],[0.636137,0.0172452,0.771383]],[[0.424682,0.81756,-0.388896],[-0.893886,0.446772,-0.0369121],[0.14357,0.363305,0.920542]],[[0.424682,0.81756,-0.388896],[-0.684339,0.00865736,-0.729112],[-0.592727,0.575778,0.563165]],[[0.424682,0.81756,-0.388896],[-0.294997,-0.281152,-0.913198],[-0.855933,0.502542,0.121778]]],"btipPosition":[-135.195,183.123,-30.7945],"carpPosition":[-110.276,222.671,82.5957],"dipPosition":[-149.873,191.741,-28.7062],"direction":[0.592727,-0.575778,-0.563165],"extended":false,"handId":60,"id":601,"length":59.0251,"mcpPosition":[-158.062,221.376,24.6511],"pipPosition":[-164.252,205.71,-15.0439],"stabilizedTipPosition":[-152.445,182.028,-20.6017],"timeVisible":6.72459,"tipPosition":[-133.588,185.474,-24.4575],"tipVelocity":[617.49,200.071,-284.955],"tool":false,"touchDistance":0.288071,"touchZone":"hovering","type":1,"width":21.4018}],"r":[[0.496538,0.587589,0.638897],[-0.333422,0.808689,-0.484616],[-0.801424,0.0276076,0.59746]],"s":1.55801,"t":[-277.705,65.6861,30.2091],"timestamp":629626338002},{"currentFrameRate":55.3037,"devices":[],"gestures":[],"hands":[{"armBasis":[[0.394308,0.844359,-0.362739],[-0.436395,0.519417,0.734687],[0.808752,-0.131395,0.573284]],"armWidth":68.8427,"confidence":1,"direction":[-0.610914,0.219037,-0.760794],"elbow":[158.393,194.663,248.435],"grabAngle":0.989945,"grabStrength":0,"id":60,"palmNormal":[0.5544,-0.567656,-0.608611],"palmPosition":[-116.02,238.187,32.6488],"palmVelocity":[576.45,164.129,-164.46],"palmWidth":92.9048,"pinchDistance":17.876,"pinchStrength":1,"r":[[0.481828,0.583013,0.65417],[-0.323671,0.812161,-0.485419],[-0.814296,0.0221523,0.580026]],"s":1.56911,"sphereCenter":[-98.515,202.563,-20.0464],"sphereRadius":67.2607,"stabilizedPalmPosition":[-122.382,236.736,35.4652],"t":[-268.393,67.9228,27.3669],"timeVisible":6.74271,"type":"right","wrist":[-64.565,230.886,90.3911]}],"id":24575,"interactionBox":{"center":[0,200,0],"size":[235.247,235.247,147.751]},"pointables":[{"bases":[[[0.636824,0.702029,-0.318765],[-0.551957,0.703775,0.447262],[0.53833,-0.108883,0.835671]],[[0.589334,0.708696,-0.38786],[-0.709911,0.683441,0.170105],[0.385632,0.175098,0.905886]],[[0.589334,0.708696,-0.38786],[-0.806242,0.546564,-0.226366],[0.0515659,0.446115,0.893489]],[[0.589334,0.708696,-0.38786],[-0.781627,0.378754,-0.495585],[-0.204316,0.595228,0.777148]]],"btipPosition":[-152.142,211.436,-67.4664],"carpPosition":[-97.5192,236.11,76.049],"dipPosition":[-155.996,222.663,-52.8082],"direction":[-0.0515659,-0.446115,-0.893489],"extended":true,"handId":60,"id":602,"length":67.2543,"mcpPosition":[-135.868,243.867,16.519],"pipPosition":[-154.524,235.396,-27.3066],"stabilizedTipPosition":[-158.233,211.993,-61.6476],"timeVisible":6.74271,"tipPosition":[-148.353,211.583,-61.7007],"tipVelocity":[674.142,256.09,-282.353],"tool":false,"touchDistance":0.294945,"touchZone":"hovering","type":2,"width":21.0194},{"bases":[[[0.748887,0.62329,-0.225118],[-0.487606,0.748304,0.449757],[0.448785,-0.227048,0.864315]],[[0.681197,0.648299,-0.340116],[-0.510742,0.753676,0.41366],[0.524513,-0.108073,0.844516]],[[0.681197,0.648299,-0.340116],[-0.567355,0.76109,0.314405],[0.462687,-0.0212055,0.886268]],[[0.681197,0.648299,-0.340116],[-0.628006,0.756226,0.183659],[0.37627,0.0884867,0.922275]]],"btipPosition":[-162.675,263.91,-63.3087],"carpPosition":[-90.5287,245.611,71.7813],"dipPosition":[-155.619,265.569,-46.0132],"direction":[-0.462687,0.0212055,-0.886268],"extended":true,"handId":60,"id":603,"length":64.6668,"mcpPosition":[-119.232,260.133,16.5013],"pipPosition":[-142.754,264.979,-21.3709],"stabilizedTipPosition":[-167.041,262.888,-57.1546],"timeVisible":6.74271,"tipPosition":[-161.188,263.392,-57.8248],"tipVelocity":[800.684,173.588,-266.271],"tool":false,"touchDistance":0.332006,"touchZone":"hovering","type":3,"width":20.0013},{"bases":[[[0.865999,0.460555,-0.194767],[-0.323613,0.81312,0.483849],[0.381208,-0.355983,0.853203]],[[0.816467,0.498405,-0.291503],[-0.401002,0.852712,0.334784],[0.415426,-0.156447,0.896072]],[[0.816467,0.498405,-0.291503],[-0.493748,0.8644,0.0949983],[0.299323,0.066366,0.951841]],[[0.816467,0.498405,-0.291503],[-0.53147,0.846032,-0.0420604],[0.225658,0.189266,0.955645]]],"btipPosition":[-125.074,272.436,-51.3152],"carpPosition":[-77.9808,250.385,66.2196],"dipPosition":[-121.17,275.711,-34.782],"direction":[-0.299323,-0.066366,-0.951841],"extended":true,"handId":60,"id":604,"length":50.6976,"mcpPosition":[-100.55,271.461,15.7054],"pipPosition":[-115.294,277.014,-16.0963],"stabilizedTipPosition":[-127.667,271.633,-46.604],"timeVisible":6.74271,"tipPosition":[-119.435,265.285,-46.3184],"tipVelocity":[713.416,284.218,-156.357],"tool":false,"touchDistance":0.307987,"touchZone":"hovering","type":4,"width":17.7668},{"bases":[[[-0.387654,0.869807,0.305221],[-0.464369,-0.470298,0.750454],[0.796295,0.149182,0.586224]],[[-0.642722,0.761933,0.0797857],[-0.663019,-0.605394,0.440345],[0.383815,0.23012,0.894277]],[[-0.642722,0.761933,0.0797857],[-0.711847,-0.632453,0.305413],[0.283165,0.139501,0.948871]],[[-0.642722,0.761933,0.0797857],[-0.759899,-0.647277,0.0598826],[0.09727,-0.0221412,0.995012]]],"btipPosition":[-120.124,188.683,-23.3913],"carpPosition":[-88.5861,204.666,78.0332],"dipPosition":[-117.839,188.163,-0.0183313],"direction":[-0.283165,-0.139501,-0.948871],"extended":false,"handId":60,"id":600,"length":52.3092,"mcpPosition":[-88.5861,204.666,78.0332],"pipPosition":[-108.148,192.937,32.4537],"stabilizedTipPosition":[-126.899,187.99,-14.9126],"timeVisible":6.74271,"tipPosition":[-114.919,194.275,-18.9939],"tipVelocity":[625.887,67.4056,-174.481],"tool":false,"touchDistance":0.282089,"touchZone":"hovering","type":0,"width":22.4056},{"bases":[[[0.45458,0.819104,-0.349894],[-0.65168,0.57364,0.496236],[0.607182,0.00243981,0.794559]],[[0.432243,0.818475,-0.378502],[-0.893949,0.444042,-0.060674],[0.118411,0.364588,0.92361]],[[0.432243,0.818475,-0.378502],[-0.671287,0.0117889,-0.741104],[-0.602113,0.57442,0.554527]],[[0.432243,0.818475,-0.378502],[-0.287852,-0.272545,-0.918074],[-0.85458,0.505783,0.117794]]],"btipPosition":[-123.129,186.414,-34.9695],"carpPosition":[-101.675,224.927,80.0161],"dipPosition":[-137.784,195.087,-32.9494],"direction":[0.602113,-0.57442,-0.554527],"extended":false,"handId":60,"id":601,"length":59.0251,"mcpPosition":[-147.285,224.744,20.3306],"pipPosition":[-152.391,209.023,-19.4967],"stabilizedTipPosition":[-136.722,185.895,-29.0268],"timeVisible":6.74271,"tipPosition":[-121.537,189.225,-28.6057],"tipVelocity":[665.844,182.194,-231.157],"tool":false,"touchDistance":0.281589,"touchZone":"hovering","type":1,"width":21.4018}],"r":[[0.481828,0.583013,0.65417],[-0.323671,0.812161,-0.485419],[-0.814296,0.0221523,0.580026]],"s":1.56911,"t":[-268.393,67.9228,27.3669],"timestamp":629626356131},{"currentFrameRate":55.2421,"devices":[],"gestures":[],"hands":[{"armBasis":[[0.421908,0.843668,-0.331992],[-0.422474,0.506939,0.751352],[0.802191,-0.176743,0.570309]],"armWidth":68.8427,"confidence":1,"direction":[-0.582155,0.212768,-0.784745],"elbow":[166.911,184.038,245.556],"grabAngle":0.960917,"grabStrength":0,"id":60,"palmNormal":[0.575998,-0.57328,-0.582732],"palmPosition":[-103.713,240.155,29.0128],"palmVelocity":[671.953,107.444,-198.522],"palmWidth":92.9048,"pinchDistance":17.8161,"pinchStrength":1,"r":[[0.464987,0.580333,0.668582],[-0.312112,0.814158,-0.489626],[-0.828477,0.0189973,0.559701]],"s":1.58148,"sphereCenter":[-83.3602,203.694,-23.1467],"sphereRadius":68.0225,"stabilizedPalmPosition":[-108.113,239.349,30.5335],"t":[-257.584,70.025,24.1279],"timeVisible":6.76103,"type":"right","wrist":[-54.2379,232.763,88.3321]}],"id":24576,"interactionBox":{"center":[0,200,0],"size":[235.247,235.247,147.751]},"pointables":[{"bases":[[[0.648832,0.698833,-0.301081],[-0.567462,0.707986,0.420407],[0.506955,-0.101922,0.855925]],[[0.59711,0.705393,-0.381942],[-0.721153,0.680566,0.129492],[0.351279,0.198118,0.91507]],[[0.59711,0.705393,-0.381942],[-0.801437,0.544803,-0.246755],[0.0340237,0.453442,0.890636]],[[0.59711,0.705393,-0.381942],[-0.776969,0.390206,-0.494022],[-0.199443,0.591742,0.781065]]],"btipPosition":[-137.149,212.018,-72.3109],"carpPosition":[-86.832,238.445,73.0841],"dipPosition":[-140.911,223.179,-57.5788],"direction":[-0.0340237,-0.453442,-0.890636],"extended":true,"handId":60,"id":602,"length":67.2543,"mcpPosition":[-122.946,245.706,12.1112],"pipPosition":[-139.94,236.121,-32.1587],"stabilizedTipPosition":[-142.577,214,-67.2808],"timeVisible":6.76103,"tipPosition":[-132.923,212.871,-66.4124],"tipVelocity":[819.771,30.9538,-263.584],"tool":false,"touchDistance":0.294929,"touchZone":"hovering","type":2,"width":21.0194},{"bases":[[[0.757282,0.620845,-0.202672],[-0.503206,0.752496,0.424893],[0.416302,-0.219778,0.882264]],[[0.689044,0.64612,-0.32825],[-0.534025,0.758868,0.372744],[0.489935,-0.081543,0.867937]],[[0.689044,0.64612,-0.32825],[-0.593596,0.76301,0.255849],[0.415767,0.018557,0.909282]],[[0.689044,0.64612,-0.32825],[-0.637248,0.755883,0.150187],[0.345157,0.105691,0.932575]]],"btipPosition":[-146.31,263.12,-69.1258],"carpPosition":[-79.6796,247.904,68.9955],"dipPosition":[-139.837,265.102,-51.6372],"direction":[-0.415767,-0.018557,-0.909282],"extended":true,"handId":60,"id":603,"length":64.6668,"mcpPosition":[-106.305,261.961,12.5675],"pipPosition":[-128.277,265.618,-26.3551],"stabilizedTipPosition":[-149.732,263.424,-63.3467],"timeVisible":6.76103,"tipPosition":[-145.402,264.475,-63.5036],"tipVelocity":[886.222,-39.0693,-315.192],"tool":false,"touchDistance":0.30692,"touchZone":"hovering","type":3,"width":20.0013},{"bases":[[[0.873039,0.45831,-0.166597],[-0.340526,0.817506,0.464463],[0.349062,-0.348764,0.869781]],[[0.825141,0.496657,-0.26921],[-0.406885,0.853069,0.326677],[0.391901,-0.160017,0.905985]],[[0.825141,0.496657,-0.26921],[-0.481437,0.86754,0.124871],[0.295568,0.0265716,0.954952]],[[0.825141,0.496657,-0.26921],[-0.51478,0.857314,0.0038075],[0.232689,0.135442,0.963074]]],"btipPosition":[-111.333,276.085,-55.1973],"carpPosition":[-66.9301,252.622,63.8605],"dipPosition":[-107.307,278.428,-38.5355],"direction":[-0.295568,-0.0265716,-0.954952],"extended":true,"handId":60,"id":604,"length":50.6976,"mcpPosition":[-87.5965,273.271,12.3647],"pipPosition":[-101.505,278.95,-19.7887],"stabilizedTipPosition":[-112.991,275.877,-50.6525],"timeVisible":6.76103,"tipPosition":[-105.154,268.14,-50.4322],"tipVelocity":[751.78,187.513,-210.346],"tool":false,"touchDistance":0.301605,"touchZone":"hovering","type":4,"width":17.7668},{"bases":[[[-0.397864,0.872673,0.283102],[-0.492243,-0.463452,0.736823],[0.77421,0.1538,0.613958]],[[-0.652998,0.75633,0.0394794],[-0.671827,-0.602528,0.430823],[0.349632,0.254803,0.901573]],[[-0.652998,0.75633,0.0394794],[-0.712509,-0.631164,0.306534],[0.256759,0.172036,0.951041]],[[-0.652998,0.75633,0.0394794],[-0.754073,-0.654131,0.0590551],[0.0704899,0.00879251,0.997474]]],"btipPosition":[-106.27,187.933,-26.2579],"carpPosition":[-78.0078,207.014,75.6706],"dipPosition":[-104.615,188.14,-2.82708],"direction":[-0.256759,-0.172036,-0.951041],"extended":false,"handId":60,"id":600,"length":52.3092,"mcpPosition":[-78.0078,207.014,75.6706],"pipPosition":[-95.8278,194.027,29.7192],"stabilizedTipPosition":[-110.924,187.983,-19.4414],"timeVisible":6.76103,"tipPosition":[-101.422,194.765,-21.9989],"tipVelocity":[748.495,-31.8271,-155.789],"tool":false,"touchDistance":0.297054,"touchZone":"hovering","type":0,"width":22.4056},{"bases":[[[0.467974,0.815743,-0.339946],[-0.66905,0.578344,0.466788],[0.577385,0.00899616,0.816423]],[[0.430923,0.813582,-0.390372],[-0.898918,0.424926,-0.1067],[0.0790702,0.396892,0.914453]],[[0.430923,0.813582,-0.390372],[-0.654897,-0.0156564,-0.755556],[-0.620818,0.58124,0.526065]],[[0.430923,0.813582,-0.390372],[-0.271099,-0.295896,-0.915943],[-0.860704,0.50053,0.0930528]]],"btipPosition":[-108.103,186.825,-38.1265],"carpPosition":[-91.1421,227.3,76.9918],"dipPosition":[-122.863,195.409,-36.5308],"direction":[0.620818,-0.58124,-0.526065],"extended":false,"handId":60,"id":601,"length":59.0251,"mcpPosition":[-134.514,226.624,15.6639],"pipPosition":[-137.924,209.51,-23.7685],"stabilizedTipPosition":[-118.793,187.959,-35.2337],"timeVisible":6.76103,"tipPosition":[-107.31,190.538,-32.3669],"tipVelocity":[819.125,21.3493,-177.704],"tool":false,"touchDistance":0.301526,"touchZone":"hovering","type":1,"width":21.4018}],"r":[[0.464987,0.580333,0.668582],[-0.312112,0.814158,-0.489626],[-0.828477,0.0189973,0.559701]],"s":1.58148,"t":[-257.584,70.025,24.1279],"timestamp":629626374446},{"currentFrameRate":55.2157,"devices":[],"gestures":[],"hands":[{"armBasis":[[0.440694,0.84555,-0.301387],[-0.426971,0.492784,0.758195],[0.789611,-0.205448,0.578192]],"armWidth":68.8427,"confidence":1,"direction":[-0.541728,0.224599,-0.809992],"elbow":[174.411,176.682,245.631],"grabAngle":0.886935,"grabStrength":0,"id":60,"palmNormal":[0.596934,-0.575637,-0.558849],"palmPosition":[-90.0096,241.857,24.9591],"palmVelocity":[752.862,93.5247,-222.71],"palmWidth":92.9048,"pinchDistance":17.1458,"pinchStrength":1,"r":[[0.446024,0.576146,0.684922],[-0.296294,0.817158,-0.494432],[-0.844554,0.0175901,0.535181]],"s":1.60553,"sphereCenter":[-68.6681,208.147,-26.4859],"sphereRadius":67.2152,"stabilizedPalmPosition":[-93.3996,241.388,26.0029],"t":[-245.328,71.9273,20.4815],"timeVisible":6.77923,"type":"right","wrist":[-43.2701,233.32,86.2344]}],"id":24577,"interactionBox":{"center":[0,200,0],"size":[235.247,235.247,147.751]},"pointables":[{"bases":[[[0.669948,0.693628,-0.264671],[-0.579214,0.711349,0.398113],[0.464416,-0.113414,0.878325]],[[0.613151,0.702003,-0.362268],[-0.722677,0.683669,0.101658],[0.319035,0.199471,0.926514]],[[0.613151,0.702003,-0.362268],[-0.789818,0.553638,-0.263955],[0.0152685,0.44797,0.893918]],[[0.613151,0.702003,-0.362268],[-0.763053,0.407635,-0.501581],[-0.204438,0.583975,0.785607]]],"btipPosition":[-120.367,214.287,-77.9532],"carpPosition":[-75.2696,239.658,69.7705],"dipPosition":[-124.223,225.301,-63.1354],"direction":[-0.0152685,-0.44797,-0.893918],"extended":true,"handId":60,"id":602,"length":67.2543,"mcpPosition":[-108.353,247.737,7.20199],"pipPosition":[-123.787,238.087,-37.6216],"stabilizedTipPosition":[-125.24,216.293,-73.187],"timeVisible":6.77923,"tipPosition":[-115.507,215.671,-72.1863],"tipVelocity":[920.806,122.787,-308.896],"tool":false,"touchDistance":0.303753,"touchZone":"hovering","type":2,"width":21.0194},{"bases":[[[0.772733,0.613766,-0.161787],[-0.514769,0.75511,0.405982],[0.371345,-0.230433,0.899446]],[[0.705762,0.642086,-0.299376],[-0.539314,0.76096,0.360665],[0.459391,-0.0930862,0.883343]],[[0.705762,0.642086,-0.299376],[-0.593017,0.766623,0.246209],[0.387596,0.00377016,0.921822]],[[0.705762,0.642086,-0.299376],[-0.629334,0.762272,0.151262],[0.325329,0.0816526,0.942069]]],"btipPosition":[-129.058,266.341,-74.3407],"carpPosition":[-67.8288,249.065,66.0972],"dipPosition":[-122.958,267.873,-56.674],"direction":[-0.387596,-0.00377016,-0.921822],"extended":true,"handId":60,"id":603,"length":64.6668,"mcpPosition":[-91.5793,263.803,8.57021],"pipPosition":[-112.181,267.977,-31.0432],"stabilizedTipPosition":[-131.558,266.116,-69.0522],"timeVisible":6.77923,"tipPosition":[-127.035,267.22,-69.3494],"tipVelocity":[943.057,171.296,-284.25],"tool":false,"touchDistance":0.312536,"touchZone":"hovering","type":3,"width":20.0013},{"bases":[[[0.88488,0.449712,-0.121439],[-0.353471,0.818036,0.453735],[0.303391,-0.358575,0.882824]],[[0.841526,0.489899,-0.227666],[-0.396209,0.84619,0.356344],[0.367222,-0.209669,0.906194]],[[0.841526,0.489899,-0.227666],[-0.438495,0.865596,0.241797],[0.315523,-0.103648,0.94324]],[[0.841526,0.489899,-0.227666],[-0.443812,0.867237,0.225677],[0.308,-0.0888721,0.947226]]],"btipPosition":[-97.3165,285.919,-57.7231],"carpPosition":[-54.7988,253.676,61.6102],"dipPosition":[-91.988,284.381,-41.3355],"direction":[-0.315523,0.103648,-0.94324],"extended":true,"handId":60,"id":604,"length":50.6976,"mcpPosition":[-72.7612,274.905,9.34221],"pipPosition":[-85.7939,282.346,-22.8186],"stabilizedTipPosition":[-97.8795,284.54,-53.6045],"timeVisible":6.77923,"tipPosition":[-90.5276,275.905,-54.1462],"tipVelocity":[786.517,491.224,-142.23],"tool":false,"touchDistance":0.319582,"touchZone":"hovering","type":4,"width":17.7668},{"bases":[[[-0.401493,0.875079,0.270261],[-0.531799,-0.462994,0.709102],[0.745649,0.140975,0.651255]],[[-0.656869,0.754005,-0.000314385],[-0.6891,-0.600157,0.406145],[0.306046,0.267001,0.913809]],[[-0.656869,0.754005,-0.000314385],[-0.719425,-0.626619,0.299626],[0.225723,0.197041,0.954057]],[[-0.656869,0.754005,-0.000314385],[-0.753406,-0.656331,0.0401247],[0.0300479,0.0265935,0.999195]]],"btipPosition":[-90.947,187.137,-30.1533],"carpPosition":[-66.9179,208.114,72.5425],"dipPosition":[-90.2411,187.762,-6.68206],"direction":[-0.225723,-0.197041,-0.954057],"extended":false,"handId":60,"id":600,"length":52.3092,"mcpPosition":[-66.9179,208.114,72.5425],"pipPosition":[-82.5165,194.505,25.9674],"stabilizedTipPosition":[-94.4906,187.41,-23.7772],"timeVisible":6.77923,"tipPosition":[-86.6086,195.214,-25.9757],"tipVelocity":[829.848,-38.4423,-213.499],"tool":false,"touchDistance":0.303305,"touchZone":"hovering","type":0,"width":22.4056},{"bases":[[[0.492419,0.812804,-0.311243],[-0.684288,0.582529,0.438645],[0.53784,-0.00301727,0.843041]],[[0.442935,0.809888,-0.384565],[-0.896346,0.40926,-0.1705],[0.0193016,0.420224,0.907215]],[[0.442935,0.809888,-0.384565],[-0.613985,-0.0385561,-0.788375],[-0.653323,0.585317,0.480181]],[[0.442935,0.809888,-0.384565],[-0.235867,-0.308563,-0.921496],[-0.864971,0.498869,0.0543523]]],"btipPosition":[-90.432,187.886,-41.6427],"carpPosition":[-79.881,228.535,73.3862],"dipPosition":[-105.265,196.441,-40.7107],"direction":[0.653323,-0.585317,-0.480181],"extended":false,"handId":60,"id":601,"length":59.0251,"mcpPosition":[-120.282,228.761,10.0588],"pipPosition":[-121.115,210.641,-29.0615],"stabilizedTipPosition":[-99.1697,189.449,-40.106],"timeVisible":6.77923,"tipPosition":[-91.5359,192.351,-37.451],"tipVelocity":[969.88,57.9154,-201.564],"tool":false,"touchDistance":0.319434,"touchZone":"hovering","type":1,"width":21.4018}],"r":[[0.446024,0.576146,0.684922],[-0.296294,0.817158,-0.494432],[-0.844554,0.0175901,0.535181]],"s":1.60553,"t":[-245.328,71.9273,20.4815],"timestamp":629626392648},{"currentFrameRate":55.3502,"devices":[],"gestures":[],"hands":[{"armBasis":[[0.452783,0.851847,-0.263333],[-0.443477,0.471378,0.762319],[0.773509,-0.228383,0.591207]],"armWidth":68.8427,"confidence":1,"direction":[-0.502778,0.252621,-0.826679],"elbow":[182.179,170.8,247.405],"grabAngle":0.824945,"grabStrength":0,"id":60,"palmNormal":[0.614407,-0.568271,-0.547331],"palmPosition":[-75.1146,244.481,21.547],"palmVelocity":[846.207,149.037,-193.844],"palmWidth":92.9048,"pinchDistance":16.8768,"pinchStrength":1,"r":[[0.42571,0.567991,0.704384],[-0.277204,0.822881,-0.496008],[-0.861353,0.0158977,0.507758]],"s":1.63979,"sphereCenter":[-53.5877,215.883,-29.8671],"sphereRadius":66.0948,"stabilizedPalmPosition":[-77.8592,244.016,22.2158],"t":[-231.752,74.1901,16.9522],"timeVisible":6.79683,"type":"right","wrist":[-31.0638,233.762,84.4201]}],"id":24578,"interactionBox":{"center":[0,200,0],"size":[235.247,235.247,147.751]},"pointables":[{"bases":[[[0.688912,0.691807,-0.216341],[-0.588042,0.707922,0.391221],[0.423802,-0.142299,0.894507]],[[0.632394,0.703963,-0.323287],[-0.711817,0.69272,0.115997],[0.305605,0.156766,0.939164]],[[0.632394,0.703963,-0.323287],[-0.773623,0.59538,-0.216864],[0.0398149,0.387246,0.921116]],[[0.632394,0.703963,-0.323287],[-0.756375,0.471024,-0.453909],[-0.167259,0.531576,0.830332]]],"btipPosition":[-105.353,222.393,-84.2211],"carpPosition":[-62.3962,240.919,66.8872],"dipPosition":[-108.507,232.42,-68.5598],"direction":[-0.0398149,-0.387246,-0.921116],"extended":true,"handId":60,"id":602,"length":67.2543,"mcpPosition":[-92.5862,251.056,3.16593],"pipPosition":[-107.371,243.472,-42.2696],"stabilizedTipPosition":[-109.359,223.26,-79.3467],"timeVisible":6.79683,"tipPosition":[-98.8979,222.034,-78.0995],"tipVelocity":[862.159,447.634,-345.07],"tool":false,"touchDistance":0.308229,"touchZone":"hovering","type":2,"width":21.0194},{"bases":[[[0.786124,0.607979,-0.111221],[-0.52351,0.750642,0.40308],[0.328551,-0.258646,0.908381]],[[0.724089,0.641297,-0.253837],[-0.535222,0.754591,0.379645],[0.435009,-0.139038,0.889627]],[[0.724089,0.641297,-0.253837],[-0.576274,0.764751,0.28821],[0.37895,-0.0624099,0.92331]],[[0.724089,0.641297,-0.253837],[-0.603452,0.767283,0.217078],[0.333977,-0.00400532,0.942573]]],"btipPosition":[-112.014,274.913,-77.5448],"carpPosition":[-54.6927,250.325,63.7972],"dipPosition":[-105.751,274.838,-59.8686],"direction":[-0.378951,0.0624099,-0.92331],"extended":true,"handId":60,"id":603,"length":64.6668,"mcpPosition":[-75.7063,266.867,5.69877],"pipPosition":[-95.2142,273.102,-34.1964],"stabilizedTipPosition":[-113.418,273.705,-72.8792],"timeVisible":6.79683,"tipPosition":[-108.242,273.211,-73.5611],"tipVelocity":[970.455,465.96,-181.906],"tool":false,"touchDistance":0.330444,"touchZone":"hovering","type":3,"width":20.0013},{"bases":[[[0.894487,0.441516,-0.0703996],[-0.363768,0.810248,0.459533],[0.259932,-0.385438,0.885366]],[[0.858101,0.483425,-0.173097],[-0.384459,0.828339,0.407488],[0.340373,-0.283117,0.896655]],[[0.858101,0.483425,-0.173097],[-0.410592,0.848428,0.334042],[0.308345,-0.21557,0.926527]],[[0.858101,0.483425,-0.173097],[-0.412716,0.849899,0.327624],[0.305497,-0.209694,0.928817]]],"btipPosition":[-80.2327,295.614,-58.4872],"carpPosition":[-41.4251,254.886,60.0114],"dipPosition":[-74.9475,291.986,-42.4181],"direction":[-0.308345,0.21557,-0.926527],"extended":true,"handId":60,"id":604,"length":50.6976,"mcpPosition":[-56.8145,277.706,7.59297],"pipPosition":[-68.8943,287.754,-24.2293],"stabilizedTipPosition":[-80.4529,294,-54.701],"timeVisible":6.79683,"tipPosition":[-73.6772,284.366,-56.0932],"tipVelocity":[969.994,523.491,-47.5734],"tool":false,"touchDistance":0.333333,"touchZone":"hovering","type":4,"width":17.7668},{"bases":[[[-0.402975,0.87269,0.275723],[-0.567906,-0.474687,0.672425],[0.7177,0.114386,0.686893]],[[-0.657467,0.753112,-0.0236266],[-0.703251,-0.602077,0.378075],[0.270508,0.265187,0.925473]],[[-0.657467,0.753112,-0.0236266],[-0.72517,-0.623936,0.291261],[0.204611,0.208628,0.956352]],[[-0.657467,0.753112,-0.0236266],[-0.753438,-0.656764,0.0314906],[0.00819885,0.0385053,0.999225]]],"btipPosition":[-75.5199,187.65,-34.1925],"carpPosition":[-54.5379,209.21,69.1771],"dipPosition":[-75.3273,188.554,-10.7205],"direction":[-0.204611,-0.208628,-0.956352],"extended":false,"handId":60,"id":600,"length":52.3092,"mcpPosition":[-54.5379,209.21,69.1771],"pipPosition":[-68.3252,195.694,22.0075],"stabilizedTipPosition":[-78.3866,187.789,-28.0259],"timeVisible":6.79683,"tipPosition":[-71.121,196.841,-30.0877],"tipVelocity":[869.731,32.771,-229.464],"tool":false,"touchDistance":0.30798,"touchZone":"hovering","type":0,"width":22.4056},{"bases":[[[0.514996,0.814402,-0.26745],[-0.696277,0.579421,0.423637],[0.499977,-0.0319517,0.865449]],[[0.456077,0.81289,-0.362219],[-0.888873,0.396161,-0.230135],[-0.0435773,0.426926,0.903236]],[[0.456077,0.81289,-0.362219],[-0.565873,-0.0492464,-0.82302],[-0.686863,0.580331,0.437533]],[[0.456077,0.81289,-0.362219],[-0.193867,-0.306489,-0.931923],[-0.868567,0.495251,0.0178101]]],"btipPosition":[-71.4104,191.183,-44.8815],"carpPosition":[-67.2903,229.764,69.9977],"dipPosition":[-86.3053,199.676,-44.5761],"direction":[0.686863,-0.580331,-0.437533],"extended":false,"handId":60,"id":601,"length":59.0251,"mcpPosition":[-104.848,232.164,4.98714],"pipPosition":[-102.968,213.755,-33.9616],"stabilizedTipPosition":[-78.8184,192.533,-44.0412],"timeVisible":6.79683,"tipPosition":[-74.5077,196.119,-42.5745],"tipVelocity":[1079.85,186.498,-192.188],"tool":false,"touchDistance":0.331847,