{"frames":39,"data":[{"currentFrameRate":55.0349,"devices":[],"gestures":[],"hands":[{"armBasis":[[0.828069,0.465892,-0.311845],[-0.0366931,0.60009,0.799091],[0.559425,-0.650259,0.514011]],"armWidth":67.758,"confidence":1,"direction":[-0.131922,0.00213856,-0.991258],"elbow":[184.67,-33.4085,268.388],"grabAngle":2.78184,"grabStrength":0,"id":82,"palmNormal":[0.227062,-0.973344,-0.0323185],"palmPosition":[10.8907,145.111,57.6199],"palmVelocity":[-5.89707,270.163,-25.7321],"palmWidth":91.4365,"pinchDistance":53.6879,"pinchStrength":0.77858,"r":[[-0.114298,0.455514,0.88286],[-0.340171,-0.852908,0.39602],[0.933391,-0.255059,0.252439]],"s":1.48706,"sphereCenter":[33.885,106.288,39.4971],"sphereRadius":45.04,"stabilizedPalmPosition":[10.2812,141.358,59.2172],"t":[9.25632,-67.5899,-14.3828],"timeVisible":8.60446,"type":"right","wrist":[32.8842,143.023,128.924]}],"id":29691,"interactionBox":{"center":[0,200,0],"size":[235.247,235.247,147.751]},"pointables":[{"bases":[[[0.929056,0.226444,-0.292538],[-0.267874,0.957176,-0.109809],[0.255145,0.180382,0.949928]],[[0.963377,0.267544,-0.0179985],[-0.255233,0.894325,-0.367476],[-0.0822197,0.358612,0.929859]],[[0.963377,0.267544,-0.0179985],[-0.223245,0.763058,-0.606551],[-0.148545,0.588356,0.794841]],[[0.963377,0.267544,-0.0179985],[-0.180986,0.599235,-0.779847],[-0.197859,0.754545,0.625711]]],"btipPosition":[-7.0446,100.428,-31.482],"carpPosition":[1.67076,154.843,106.233],"dipPosition":[-10.3107,112.883,-21.1533],"direction":[0.148545,-0.588355,-0.794841],"extended":true,"handId":82,"id":821,"length":56.8162,"mcpPosition":[-17.1922,141.508,36.004],"pipPosition":[-13.7795,126.623,-2.59225],"stabilizedTipPosition":[-10.8705,95.6647,-25.2844],"timeVisible":8.60446,"tipPosition":[-7.22368,103.907,-28.7525],"tipVelocity":[40.6185,250.688,-15.0565],"tool":false,"touchDistance":0.23984,"touchZone":"hovering","type":1,"width":21.0651},{"bases":[[[0.159442,0.963288,-0.215995],[-0.82661,0.249887,0.504255],[0.539717,0.0981436,0.836106]],[[0.044432,0.922195,-0.384164],[-0.989506,0.093549,0.110122],[0.137492,0.375239,0.916674]],[[0.044432,0.922195,-0.384164],[-0.953151,-0.0760423,-0.292782],[-0.299215,0.379175,0.875612]],[[0.044432,0.922195,-0.384164],[-0.775606,-0.210524,-0.595075],[-0.629651,0.3244,0.705906]]],"btipPosition":[16.9271,95.1877,26.5058],"carpPosition":[-0.269553,133.836,117.293],"dipPosition":[2.68997,102.523,42.4671],"direction":[0.299215,-0.379175,-0.875612],"extended":false,"handId":82,"id":820,"length":50.3516,"mcpPosition":[-0.269553,133.836,117.293],"pipPosition":[-7.16649,115.013,71.3108],"stabilizedTipPosition":[10.9812,89.6929,33.5211],"timeVisible":8.60446,"tipPosition":[16.5358,97.8774,30.3723],"tipVelocity":[81.7624,301.136,-66.3355],"tool":false,"touchDistance":0.259846,"touchZone":"hovering","type":0,"width":22.053},{"bases":[[[0.986947,0.0822167,-0.138475],[-0.101283,0.985407,-0.136803],[0.125206,0.149043,0.980872]],[[0.992679,0.091006,-0.0794086],[-0.0946803,0.178133,-0.979441],[-0.0749897,0.979789,0.185445]],[[0.992679,0.091006,-0.0794086],[0.0540531,-0.922691,-0.381733],[-0.10801,0.374647,-0.920855]],[[0.992679,0.091006,-0.0794086],[0.111163,-0.945503,0.30605],[-0.0472287,-0.312637,-0.948698]]],"btipPosition":[10.9724,98.4526,67.02],"carpPosition":[12.4337,159.146,101.902],"dipPosition":[10.115,92.7765,49.7957],"direction":[0.10801,-0.374647,0.920855],"extended":false,"handId":82,"id":822,"length":64.7375,"mcpPosition":[3.65543,148.696,33.1325],"pipPosition":[7.14757,103.069,24.4966],"stabilizedTipPosition":[8.11372,90.0058,64.756],"timeVisible":8.60446,"tipPosition":[10.9043,92.6282,58.9583],"tipVelocity":[55.8632,278.724,-41.1404],"tool":false,"touchDistance":0.333333,"touchZone":"none","type":2,"width":20.6887},{"bases":[[[0.999423,0.0287338,0.0180874],[-0.026468,0.993012,-0.115009],[-0.0212656,0.114464,0.9932]],[[0.9989,0.0218183,-0.0415014],[-0.0433579,0.0929321,-0.994728],[-0.0178465,0.995433,0.0937759]],[[0.9989,0.0218183,-0.0415014],[0.0162984,-0.991514,-0.128975],[-0.0439633,0.128157,-0.990779]],[[0.9989,0.0218183,-0.0415014],[0.0392514,-0.873277,0.485641],[-0.0256463,-0.486736,-0.873173]]],"btipPosition":[28.1118,116.106,74.98],"carpPosition":[24.3633,160.925,99.2682],"dipPosition":[27.6489,107.32,59.2181],"direction":[0.0439633,-0.128157,0.990779],"extended":false,"handId":82,"id":823,"length":62.2468,"mcpPosition":[25.7019,153.719,36.7489],"pipPosition":[26.4723,110.75,32.7009],"stabilizedTipPosition":[25.8468,106.718,74.0269],"timeVisible":8.60446,"tipPosition":[27.2396,114.185,70.0943],"tipVelocity":[34.3131,291.424,-39.7942],"tool":false,"touchDistance":0.333333,"touchZone":"none","type":3,"width":19.6866},{"bases":[[[0.980788,-0.122683,0.15167],[0.127527,0.991578,-0.0225941],[-0.147621,0.0415021,0.988173]],[[0.991778,-0.127241,0.0136578],[0.0389842,0.198748,-0.979275],[0.12189,0.971756,0.202074]],[[0.991778,-0.127241,0.0136578],[-0.119404,-0.958483,-0.258946],[0.0460394,0.255186,-0.965795]],[[0.991778,-0.127241,0.0136578],[-0.123406,-0.92267,0.365309],[-0.0338809,-0.363991,-0.930786]]],"btipPosition":[42.0337,121.972,69.0951],"carpPosition":[37.9017,156.348,99.8282],"dipPosition":[41.4695,115.91,53.5946],"direction":[-0.0460394,-0.255186,0.965795],"extended":false,"handId":82,"id":824,"length":48.8004,"mcpPosition":[46.5035,153.929,42.2477],"pipPosition":[42.3395,120.732,35.3445],"stabilizedTipPosition":[39.7104,112.928,68.5475],"timeVisible":8.60446,"tipPosition":[40.0347,119.977,63.3364],"tipVelocity":[25.9763,309.041,-41.862],"tool":false,"touchDistance":0.333333,"touchZone":"none","type":4,"width":17.4872}],"r":[[-0.114298,0.455514,0.88286],[-0.340171,-0.852908,0.39602],[0.933391,-0.255059,0.252439]],"s":1.48706,"t":[9.25632,-67.5899,-14.3828],"timestamp":629723283403},{"currentFrameRate":55.0618,"devices":[],"gestures":[],"hands":[{"armBasis":[[0.830891,0.475262,-0.28939],[-0.0526732,0.584923,0.809377],[0.553937,-0.657261,0.51104]],"armWidth":67.758,"confidence":1,"direction":[-0.136445,0.0279205,-0.990254],"elbow":[182.63,-30.1385,266.358],"grabAngle":2.811,"grabStrength":0,"id":82,"palmNormal":[0.252782,-0.965531,-0.0620537],"palmPosition":[10.3123,151.848,56.433],"palmVelocity":[-32.0144,372.86,-65.6888],"palmWidth":91.4365,"pinchDistance":53.0852,"pinchStrength":0.740959,"r":[[-0.118965,0.446484,0.886848],[-0.3299,-0.860221,0.388825],[0.93649,-0.246315,0.249632]],"s":1.48709,"sphereCenter":[33.1261,114.179,37.3288],"sphereRadius":44.4295,"stabilizedPalmPosition":[10.3058,149.675,57.0097],"t":[8.98606,-62.5361,-15.2794],"timeVisible":8.62253,"type":"right","wrist":[32.3335,148.193,127.7]}],"id":29692,"interactionBox":{"center":[0,200,0],"size":[235.247,235.247,147.751]},"pointables":[{"bases":[[[0.921347,0.259799,-0.289179],[-0.293795,0.952486,-0.0803368],[0.254568,0.158978,0.953898]],[[0.955867,0.292877,-0.0232556],[-0.281515,0.890379,-0.357735],[-0.0840658,0.348494,0.933534]],[[0.955867,0.292877,-0.0232556],[-0.245762,0.753699,-0.60954],[-0.160992,0.588355,0.792414]],[[0.955867,0.292877,-0.0232556],[-0.199275,0.588139,-0.783826],[-0.215887,0.753868,0.620545]]],"btipPosition":[-6.95025,107.486,-32.6711],"carpPosition":[1.0576,159.888,105.348],"dipPosition":[-10.5139,119.93,-22.4277],"direction":[0.160992,-0.588355,-0.792414],"extended":true,"handId":82,"id":821,"length":56.8162,"mcpPosition":[-17.7628,148.134,34.8255],"pipPosition":[-14.2734,133.669,-3.9233],"stabilizedTipPosition":[-9.55525,101.893,-27.4184],"timeVisible":8.62253,"tipPosition":[-7.17604,112.444,-30.9623],"tipVelocity":[1.43368,390.494,-66.8989],"tool":false,"touchDistance":0.25205,"touchZone":"hovering","type":1,"width":21.0651},{"bases":[[[0.132718,0.97318,-0.187901],[-0.830673,0.212634,0.514557],[0.540711,0.0877931,0.836615]],[[0.0191693,0.934573,-0.355254],[-0.992141,0.0617234,0.108842],[0.123648,0.350375,0.928412]],[[0.0191693,0.934573,-0.355254],[-0.952965,-0.0904161,-0.289281],[-0.302475,0.34409,0.888882]],[[0.0191693,0.934573,-0.355254],[-0.772142,-0.211888,-0.599083],[-0.635161,0.28579,0.717561]]],"btipPosition":[17.8515,103.146,23.7101],"carpPosition":[-0.271557,138.518,115.787],"dipPosition":[3.48979,109.608,39.9349],"direction":[0.302475,-0.34409,-0.888882],"extended":false,"handId":82,"id":820,"length":50.3516,"mcpPosition":[-0.271557,138.518,115.787],"pipPosition":[-6.47406,120.942,69.2156],"stabilizedTipPosition":[12.8386,97.4718,30.3555],"timeVisible":8.62253,"tipPosition":[17.0324,105.587,27.7666],"tipVelocity":[49.5764,429.333,-151.38],"tool":false,"touchDistance":0.250555,"touchZone":"hovering","type":0,"width":22.053},{"bases":[[[0.983764,0.112682,-0.139685],[-0.128141,0.985955,-0.107107],[0.125654,0.123268,0.984386]],[[0.989528,0.11987,-0.0804055],[-0.101496,0.181774,-0.978088],[-0.102628,0.976007,0.192037]],[[0.989528,0.11987,-0.0804055],[0.0825952,-0.927084,-0.365641],[-0.118372,0.355171,-0.927276]],[[0.989528,0.11987,-0.0804055],[0.139213,-0.939736,0.312276],[-0.0381272,-0.3202,-0.946582]]],"btipPosition":[11.5961,106.566,65.8088],"carpPosition":[11.6822,164.603,101.106],"dipPosition":[10.9039,100.752,48.6229],"direction":[0.118372,-0.355171,0.927276],"extended":false,"handId":82,"id":822,"length":64.7375,"mcpPosition":[2.87254,155.961,32.0902],"pipPosition":[7.65175,110.51,23.1474],"stabilizedTipPosition":[10.2192,99.6505,62.9187],"timeVisible":8.62253,"tipPosition":[11.6951,100.087,56.9057],"tipVelocity":[36.6199,447.274,-66.5461],"tool":false,"touchDistance":0.333333,"touchZone":"none","type":2,"width":20.6887},{"bases":[[[0.998374,0.0549449,0.0151727],[-0.0534569,0.994913,-0.0853788],[-0.0197867,0.0844289,0.996233]],[[0.997764,0.0497833,-0.0445927],[-0.0497325,0.107295,-0.992983],[-0.0446494,0.99298,0.109531]],[[0.997764,0.0497833,-0.0445927],[0.0426194,-0.987879,-0.149258],[-0.0514827,0.147023,-0.987792]],[[0.997764,0.0497833,-0.0445927],[0.0651716,-0.872631,0.484013],[-0.0148172,-0.485837,-0.873924]]],"btipPosition":[28.3662,123.435,73.2558],"carpPosition":[23.548,166.778,98.4814],"dipPosition":[28.0987,114.665,57.4803],"direction":[0.0514827,-0.147023,0.987792],"extended":false,"handId":82,"id":823,"length":62.2468,"mcpPosition":[24.7935,161.463,35.7712],"pipPosition":[26.7208,118.6,31.0431],"stabilizedTipPosition":[27.1553,114.544,71.6847],"timeVisible":8.62253,"tipPosition":[27.5705,121.034,67.9977],"tipVelocity":[16.5662,405.825,-95.5993],"tool":false,"touchDistance":0.333333,"touchZone":"none","type":3,"width":19.6866},{"bases":[[[0.984391,-0.100802,0.144271],[0.100941,0.994872,0.00637304],[-0.144174,0.00828926,0.989518]],[[0.994862,-0.100986,0.00713732],[0.0293738,0.220471,-0.974951],[0.0968824,0.970152,0.222304]],[[0.994862,-0.100986,0.00713732],[-0.0949667,-0.955344,-0.279819],[0.0350762,0.277703,-0.960026]],[[0.994862,-0.100986,0.00713732],[-0.096989,-0.930532,0.353135],[-0.02902,-0.352012,-0.935545]]],"btipPosition":[42.1177,129.54,67.3221],"carpPosition":[37.206,162.551,98.8544],"dipPosition":[41.6344,123.678,51.7423],"direction":[-0.0350762,-0.277703,0.960026],"extended":false,"handId":82,"id":824,"length":48.8004,"mcpPosition":[45.6069,162.068,41.1955],"pipPosition":[42.2972,128.925,33.6012],"stabilizedTipPosition":[40.9639,121.261,65.9223],"timeVisible":8.62253,"tipPosition":[40.1854,127.366,61.3485],"tipVelocity":[5.67681,421.409,-99.1399],"tool":false,"touchDistance":0.333333,"touchZone":"none","type":4,"width":17.4872}],"r":[[-0.118965,0.446484,0.886848],[-0.3299,-0.860221,0.388825],[0.93649,-0.246315,0.249632]],"s":1.48709,"t":[8.98606,-62.5361,-15.2794],"timestamp":629723301471},{"currentFrameRate":55.0893,"devices":[],"gestures":[],"hands":[{"armBasis":[[0.837735,0.474117,-0.270948],[-0.0602505,0.573393,0.817062],[0.542743,-0.668157,0.508917]],"armWidth":67.758,"confidence":1,"direction":[-0.129336,0.0744218,-0.988804],"elbow":[179.115,-26.8147,264.232],"grabAngle":2.84382,"grabStrength":0,"id":82,"palmNormal":[0.24233,-0.964572,-0.104295],"palmPosition":[10.4273,161.331,54.8138],"palmVelocity":[6.37085,525.185,-89.6753],"palmWidth":91.4365,"pinchDistance":52.2964,"pinchStrength":0.695275,"r":[[-0.122687,0.431356,0.893801],[-0.324082,-0.868647,0.374731],[0.93804,-0.24369,0.246366]],"s":1.4879,"sphereCenter":[31.1216,124.166,34.4555],"sphereRadius":43.658,"stabilizedPalmPosition":[10.4093,159.606,55.1387],"t":[8.90845,-55.2675,-16.5373],"timeVisible":8.64059,"type":"right","wrist":[31.8559,154.473,126.15]}],"id":29693,"interactionBox":{"center":[0,200,0],"size":[235.247,235.247,147.751]},"pointables":[{"bases":[[[0.926168,0.262008,-0.271226],[-0.282511,0.958479,-0.0387984],[0.249799,0.112558,0.961733]],[[0.959171,0.28169,-0.0253198],[-0.27298,0.898647,-0.343388],[-0.0739755,0.33628,0.938852]],[[0.959171,0.28169,-0.0253198],[-0.23814,0.756088,-0.609606],[-0.152576,0.590747,0.7923]],[[0.959171,0.28169,-0.0253198],[-0.195436,0.595425,-0.779278],[-0.204439,0.75241,0.626167]]],"btipPosition":[-7.53085,118.754,-34.9251],"carpPosition":[0.928774,167.248,103.984],"dipPosition":[-10.9055,131.174,-24.5889],"direction":[0.152576,-0.590747,-0.7923],"extended":true,"handId":82,"id":821,"length":56.8162,"mcpPosition":[-17.539,158.927,32.8824],"pipPosition":[-14.4685,144.969,-6.08717],"stabilizedTipPosition":[-8.51044,118.397,-31.7119],"timeVisible":8.64059,"tipPosition":[-7.13572,125.391,-34.0873],"tipVelocity":[-29.7466,623.691,-123.644],"tool":false,"touchDistance":0.275512,"touchZone":"hovering","type":1,"width":21.0651},{"bases":[[[0.144935,0.97911,-0.142607],[-0.831735,0.198628,0.518424],[0.53592,0.0434737,0.843149]],[[0.0330491,0.949866,-0.310907],[-0.992845,0.0669158,0.0988991],[0.114745,0.305414,0.945281]],[[0.0330491,0.949866,-0.310907],[-0.953222,-0.0635599,-0.295512],[-0.300457,0.30613,0.903333]],[[0.0330491,0.949866,-0.310907],[-0.771021,-0.173707,-0.612661],[-0.635952,0.259963,0.726625]]],"btipPosition":[17.809,114.161,19.8278],"carpPosition":[-0.712032,145.444,113.432],"dipPosition":[3.42944,120.039,36.2576],"direction":[0.300457,-0.30613,-0.903333],"extended":false,"handId":82,"id":820,"length":50.3516,"mcpPosition":[-0.712032,145.444,113.432],"pipPosition":[-6.46796,130.123,66.0144],"stabilizedTipPosition":[14.1881,112.111,24.8792],"timeVisible":8.64059,"tipPosition":[16.7885,116.332,24.1088],"tipVelocity":[-2.57973,602.588,-212.387],"tool":false,"touchDistance":0.254693,"touchZone":"hovering","type":0,"width":22.053},{"bases":[[[0.985902,0.107544,-0.128184],[-0.116311,0.991215,-0.0629698],[0.120286,0.0769913,0.989749]],[[0.991341,0.111968,-0.0686041],[-0.0898557,0.197443,-0.976188],[-0.095756,0.973899,0.205794]],[[0.991341,0.111968,-0.0686041],[0.080459,-0.930816,-0.356523],[-0.103777,0.347916,-0.931764]],[[0.991341,0.111968,-0.0686041],[0.128145,-0.938972,0.319234],[-0.0286735,-0.325261,-0.94519]]],"btipPosition":[11.0321,117.625,63.8125],"carpPosition":[11.6345,172.028,100.028],"dipPosition":[10.5115,111.719,46.6519],"direction":[0.103777,-0.347916,0.931764],"extended":false,"handId":82,"id":822,"length":64.7375,"mcpPosition":[3.2012,166.631,30.6366],"pipPosition":[7.66039,121.278,21.0531],"stabilizedTipPosition":[10.855,114.893,60.1179],"timeVisible":8.64059,"tipPosition":[11.1791,110.568,53.9553],"tipVelocity":[-29.0475,611.287,-110.235],"tool":false,"touchDistance":0.333333,"touchZone":"none","type":2,"width":20.6887},{"bases":[[[0.998801,0.0426721,0.0239769],[-0.0416818,0.998314,-0.0403839],[-0.0256598,0.0393361,0.998897]],[[0.998543,0.0402366,-0.035964],[-0.0411832,0.137472,-0.989649],[-0.034876,0.989688,0.138928]],[[0.998543,0.0402366,-0.035964],[0.0328357,-0.981848,-0.186806],[-0.0428277,0.185353,-0.981738]],[[0.998543,0.0402366,-0.035964],[0.0523607,-0.883704,0.465107],[-0.0130673,-0.466313,-0.884523]]],"btipPosition":[28.0445,132.442,70.9476],"carpPosition":[23.5417,174.183,97.5806],"dipPosition":[27.8086,124.025,54.9808],"direction":[0.0428277,-0.185353,0.981738],"extended":false,"handId":82,"id":823,"length":62.2468,"mcpPosition":[25.1569,171.707,34.7027],"pipPosition":[26.6624,128.985,28.7056],"stabilizedTipPosition":[27.8407,127.648,68.0649],"timeVisible":8.64059,"tipPosition":[27.2899,129.856,65.1691],"tipVelocity":[-17.4134,503.321,-130.266],"tool":false,"touchDistance":0.333333,"touchZone":"none","type":3,"width":19.6866},{"bases":[[[0.982184,-0.118603,0.145768],[0.112074,0.992325,0.0522469],[-0.150846,-0.0349793,0.987938]],[[0.993571,-0.112752,0.0102104],[0.0386454,0.253004,-0.966693],[0.106413,0.960873,0.255734]],[[0.993571,-0.112752,0.0102104],[-0.103906,-0.943982,-0.313211],[0.0449536,0.310137,-0.949629]],[[0.993571,-0.112752,0.0102104],[-0.109773,-0.937386,0.330542],[-0.027698,-0.329537,-0.943736]]],"btipPosition":[41.9147,138.626,65.205],"carpPosition":[37.1484,169.786,97.8474],"dipPosition":[41.4534,133.138,49.4888],"direction":[-0.0449536,-0.310137,0.949629],"extended":false,"handId":82,"id":824,"length":48.8004,"mcpPosition":[45.9382,171.824,40.2805],"pipPosition":[42.3029,138.999,31.5442],"stabilizedTipPosition":[41.6699,134.719,62.3018],"timeVisible":8.64059,"tipPosition":[40.0486,136.342,58.8914],"tipVelocity":[-10.9617,507.966,-118.982],"tool":false,"touchDistance":0.333333,"touchZone":"none","type":4,"width":17.4872}],"r":[[-0.122687,0.431356,0.893801],[-0.324082,-0.868647,0.374731],[0.93804,-0.24369,0.246366]],"s":1.4879,"t":[8.90845,-55.2675,-16.5373],"timestamp":629723319528},{"currentFrameRate":55.1065,"devices":[],"gestures":[],"hands":[{"armBasis":[[0.845889,0.469455,-0.25315],[-0.0681853,0.565921,0.821635],[0.528983,-0.677751,0.510716]],"armWidth":67.758,"confidence":1,"direction":[-0.127287,0.119917,-0.98459],"elbow":[175.55,-21.4439,262.428],"grabAngle":2.875,"grabStrength":0,"id":82,"palmNormal":[0.237081,-0.960212,-0.147598],"palmPosition":[10.9303,172.381,52.6482],"palmVelocity":[27.8081,610.903,-119.731],"palmWidth":91.4365,"pinchDistance":51.0499,"pinchStrength":0.648615,"r":[[-0.125338,0.41112,0.902923],[-0.320456,-0.878093,0.355331],[0.938935,-0.244811,0.241804]],"s":1.49028,"sphereCenter":[29.6211,135.971,30.8744],"sphereRadius":43.057,"stabilizedPalmPosition":[10.8742,171.005,52.9163],"t":[9.12113,-46.1085,-18.249],"timeVisible":8.65868,"type":"right","wrist":[32.024,162.447,123.858]}],"id":29694,"interactionBox":{"center":[0,200,0],"size":[235.247,235.247,147.751]},"pointables":[{"bases":[[[0.928071,0.268769,-0.257776],[-0.27706,0.960843,0.00431977],[0.248843,0.0674101,0.966195]],[[0.960172,0.27703,-0.0363789],[-0.27404,0.90831,-0.31603],[-0.0545063,0.313412,0.948052]],[[0.960172,0.27703,-0.0363789],[-0.241006,0.755279,-0.609483],[-0.141369,0.593976,0.791964]],[[0.960172,0.27703,-0.0363789],[-0.202023,0.59839,-0.775317],[-0.193017,0.751787,0.630524]]],"btipPosition":[-8.26316,131.843,-37.6619],"carpPosition":[1.38414,176.116,102.023],"dipPosition":[-11.4493,144.253,-27.2538],"direction":[0.141369,-0.593976,-0.791964],"extended":true,"handId":82,"id":821,"length":56.8162,"mcpPosition":[-17.013,171.132,30.5914],"pipPosition":[-14.7505,158.123,-8.75994],"stabilizedTipPosition":[-8.93785,132.746,-34.8424],"timeVisible":8.65868,"tipPosition":[-7.04383,139.698,-37.4228],"tipVelocity":[-38.0907,723.562,-150.401],"tool":false,"touchDistance":0.292976,"touchZone":"hovering","type":1,"width":21.0651},{"bases":[[[0.150666,0.98373,-0.0978519],[-0.831459,0.17964,0.525742],[0.534766,0.0021486,0.844997]],[[0.0393542,0.962951,-0.26679],[-0.992944,0.0675785,0.097448],[0.111867,0.261073,0.958815]],[[0.0393542,0.962951,-0.26679],[-0.955808,-0.0415714,-0.291038],[-0.291346,0.266454,0.91876]],[[0.0393542,0.962951,-0.26679],[-0.778358,-0.137884,-0.612493],[-0.626586,0.231763,0.744094]]],"btipPosition":[17.7589,126.801,15.2837],"carpPosition":[-0.394648,153.915,110.47],"dipPosition":[3.59109,132.041,32.1085],"direction":[0.291346,-0.266454,-0.91876],"extended":false,"handId":82,"id":820,"length":50.3516,"mcpPosition":[-0.394648,153.915,110.47],"pipPosition":[-6.00618,140.819,62.3735],"stabilizedTipPosition":[14.4497,125.432,20.0809],"timeVisible":8.65868,"tipPosition":[17.0236,128.765,19.9228],"tipVelocity":[-0.0779761,690.74,-246.213],"tool":false,"touchDistance":0.263838,"touchZone":"hovering","type":0,"width":22.053},{"bases":[[[0.9867,0.10764,-0.121803],[-0.110639,0.993696,-0.0181109],[0.119086,0.0313462,0.992389]],[[0.992066,0.109326,-0.0620765],[-0.084319,0.212351,-0.973549],[-0.0932523,0.971059,0.219884]],[[0.992066,0.109326,-0.0620765],[0.080814,-0.932784,-0.351258],[-0.0963057,0.343455,-0.934218]],[[0.992066,0.109326,-0.0620765],[0.123571,-0.938865,0.321345],[-0.02315,-0.326467,-0.944925]]],"btipPosition":[11.1826,130.083,61.3086],"carpPosition":[12.123,181.01,98.3029],"dipPosition":[10.7623,124.155,44.1528],"direction":[0.0963057,-0.343455,0.934218],"extended":false,"handId":82,"id":822,"length":64.7375,"mcpPosition":[3.77387,178.812,28.7262],"pipPosition":[8.11647,133.591,18.4866],"stabilizedTipPosition":[11.0717,127.863,57.5334],"timeVisible":8.65868,"tipPosition":[11.355,122.678,50.5818],"tipVelocity":[9.59847,688.503,-138.374],"tool":false,"touchDistance":0.333333,"touchZone":"none","type":2,"width":20.6887},{"bases":[[[0.998984,0.0358624,0.0272767],[-0.0360084,0.99934,0.00487754],[-0.0270838,-0.00585478,0.999616]],[[0.998811,0.036149,-0.0327134],[-0.0382982,0.166546,-0.98529],[-0.0301689,0.985371,0.167733]],[[0.998811,0.036149,-0.0327134],[0.0277988,-0.973502,-0.226983],[-0.0400517,0.225804,-0.973349]],[[0.998811,0.036149,-0.0327134],[0.0468652,-0.896837,0.439871],[-0.0134377,-0.440881,-0.897465]]],"btipPosition":[28.3678,142.954,68.0595],"carpPosition":[24.0462,183.205,95.9721],"dipPosition":[28.1252,134.995,51.8591],"direction":[0.0400517,-0.225804,0.973349],"extended":false,"handId":82,"id":823,"length":62.2468,"mcpPosition":[25.751,183.574,33.0489],"pipPosition":[27.0533,141.038,25.8084],"stabilizedTipPosition":[28.2626,139.711,64.7245],"timeVisible":8.65868,"tipPosition":[27.6283,140.404,61.7025],"tipVelocity":[17.79,586.998,-162.648],"tool":false,"touchDistance":0.333333,"touchZone":"none","type":3,"width":19.6866},{"bases":[[[0.981261,-0.130672,0.141605],[0.117558,0.988282,0.0973552],[-0.152667,-0.078884,0.985124]],[[0.992872,-0.118906,0.00814051],[0.0417317,0.282858,-0.958253],[0.11164,0.951763,0.285804]],[[0.992872,-0.118906,0.00814051],[-0.108735,-0.931677,-0.346632],[0.048801,0.343276,-0.937966]],[[0.992872,-0.118906,0.00814051],[-0.11556,-0.943716,0.309914],[-0.0291683,-0.308646,-0.95073]]],"btipPosition":[42.2732,149.459,62.4485],"carpPosition":[37.6275,178.723,96.0582],"dipPosition":[41.7874,144.319,46.6159],"direction":[-0.048801,-0.343276,0.937966],"extended":false,"handId":82,"id":824,"length":48.8004,"mcpPosition":[46.5234,183.32,38.6552],"pipPosition":[42.7096,150.806,28.8916],"stabilizedTipPosition":[42.1122,146.917,59.1574],"timeVisible":8.65868,"tipPosition":[40.4656,147.107,55.7409],"tipVelocity":[19.5072,603.344,-153.883],"tool":false,"touchDistance":0.333333,"touchZone":"none","type":4,"width":17.4872}],"r":[[-0.125338,0.41112,0.902923],[-0.320456,-0.878093,0.355331],[0.938935,-0.244811,0.241804]],"s":1.49028,"t":[9.12113,-46.1085,-18.249],"timestamp":629723337615},{"currentFrameRate":55.1238,"devices":[],"gestures":[],"hands":[{"armBasis":[[0.856113,0.453118,-0.248504],[-0.0702021,0.578374,0.812745],[0.511998,-0.678356,0.526963]],"armWidth":67.758,"confidence":1,"direction":[-0.122444,0.173962,-0.97711],"elbow":[171.042,-11.8545,264.494],"grabAngle":2.89888,"grabStrength":0,"id":82,"palmNormal":[0.211455,-0.957341,-0.19694],"palmPosition":[11.4919,185.763,50.5251],"palmVelocity":[31.0637,740.156,-117.418],"palmWidth":91.4365,"pinchDistance":50.3541,"pinchStrength":0.604495,"r":[[-0.125339,0.386036,0.913929],[-0.322288,-0.887076,0.330494],[0.938307,-0.253125,0.2356]],"s":1.49501,"sphereCenter":[27.2393,150.011,27.0749],"sphereRadius":42.5829,"stabilizedPalmPosition":[11.4449,184.639,50.7073],"t":[9.5083,-34.8377,-20.1664],"timeVisible":8.67676,"type":"right","wrist":[32.1245,172.2,121.515]}],"id":29695,"interactionBox":{"center":[0,200,0],"size":[235.247,235.247,147.751]},"pointables":[{"bases":[[[0.935363,0.256662,-0.243352],[-0.251173,0.966442,0.0538773],[0.249014,0.0107286,0.96844]],[[0.966044,0.253775,-0.0485403],[-0.257176,0.926349,-0.275207],[-0.0248756,0.278346,0.960159]],[[0.966044,0.253775,-0.0485403],[-0.232486,0.7718,-0.591841],[-0.112731,0.583029,0.804592]],[[0.966044,0.253775,-0.0485403],[-0.20124,0.621193,-0.757378],[-0.162051,0.741429,0.65117]]],"btipPosition":[-10.0993,149,-40.9642],"carpPosition":[1.9704,187.2,100.025],"dipPosition":[-12.7743,161.239,-30.2153],"direction":[0.112731,-0.583029,-0.804592],"extended":true,"handId":82,"id":821,"length":56.8162,"mcpPosition":[-16.4394,186.407,28.4274],"pipPosition":[-15.4068,174.854,-11.4265],"stabilizedTipPosition":[-10.5597,150.153,-38.1739],"timeVisible":8.67676,"tipPosition":[-7.65552,157.446,-40.7828],"tipVelocity":[-95.0512,946.723,-178.304],"tool":false,"touchDistance":0.317773,"touchZone":"hovering","type":1,"width":21.0651},{"bases":[[[0.177176,0.983062,-0.0468844],[-0.827179,0.174556,0.53414],[0.533276,-0.0558549,0.844095]],[[0.0659814,0.974125,-0.216162],[-0.991177,0.0889433,0.098272],[0.114955,0.207771,0.971399]],[[0.0659814,0.974125,-0.216162],[-0.958864,0.00195865,-0.283858],[-0.27609,0.225999,0.934183]],[[0.0659814,0.974125,-0.216162],[-0.790401,-0.0811993,-0.607184],[-0.609026,0.210918,0.764592]]],"btipPosition":[16.6817,142.013,10.5246],"carpPosition":[-0.417269,164.649,107.314],"dipPosition":[2.91097,146.782,27.8129],"direction":[0.27609,-0.225999,-0.934183],"extended":false,"handId":82,"id":820,"length":50.3516,"mcpPosition":[-0.417269,164.649,107.314],"pipPosition":[-6.18373,154.226,58.5859],"stabilizedTipPosition":[13.6395,140.747,15.2467],"timeVisible":8.67676,"tipPosition":[16.3693,143.727,15.5569],"tipVelocity":[-54.5245,835.304,-257.314],"tool":false,"touchDistance":0.288715,"touchZone":"hovering","type":0,"width":22.053},{"bases":[[[0.989428,0.0872112,-0.11587],[-0.0838944,0.995921,0.0332089],[0.118294,-0.0231369,0.992709]],[[0.994741,0.0856669,-0.056135],[-0.0750177,0.236267,-0.968788],[-0.0697302,0.967904,0.241451]],[[0.994741,0.0856669,-0.056135],[0.0597189,-0.930407,-0.361631],[-0.0832082,0.356377,-0.93063]],[[0.994741,0.0856669,-0.056135],[0.0988342,-0.946657,0.306713],[-0.0268654,-0.310648,-0.950145]]],"btipPosition":[10.5701,144.387,58.5399],"carpPosition":[12.8427,191.989,96.5649],"dipPosition":[10.0823,138.746,41.2894],"direction":[0.0832082,-0.356377,0.93063],"extended":false,"handId":82,"id":822,"length":64.7375,"mcpPosition":[4.54911,193.611,26.9657],"pipPosition":[7.79632,148.537,15.7217],"stabilizedTipPosition":[10.4867,142.374,54.7114],"timeVisible":8.67676,"tipPosition":[10.5704,137.057,46.9288],"tipVelocity":[-34.735,794.751,-154.331],"tool":false,"touchDistance":0.333333,"touchZone":"none","type":2,"width":20.6887},{"bases":[[[0.999542,0.00752924,0.0293064],[-0.00917616,0.998362,0.0564741],[-0.0288332,-0.0567171,0.997974]],[[0.999472,0.0109167,-0.0305888],[-0.0321614,0.201385,-0.978984],[-0.00452713,0.979451,0.20163]],[[0.999472,0.0109167,-0.0305888],[0.00223059,-0.962667,-0.270678],[-0.0324018,0.270467,-0.962184]],[[0.999472,0.0109167,-0.0305888],[0.0224111,-0.913482,0.406262],[-0.0235073,-0.406733,-0.913245]]],"btipPosition":[28.1262,155.374,65.0667],"carpPosition":[24.8242,193.98,94.3531],"dipPosition":[27.7018,148.032,48.5814],"direction":[0.0324018,-0.270467,0.962184],"extended":false,"handId":82,"id":823,"length":62.2468,"mcpPosition":[26.6392,197.551,31.5332],"pipPosition":[26.8346,155.271,22.8295],"stabilizedTipPosition":[28.0479,152.533,61.5595],"timeVisible":8.67676,"tipPosition":[27.3442,152.959,58.0745],"tipVelocity":[-15.6773,694.788,-169.147],"tool":false,"touchDistance":0.333333,"touchZone":"none","type":3,"width":19.6866},{"bases":[[[0.977171,-0.164148,0.134877],[0.14389,0.97842,0.14829],[-0.156308,-0.125497,0.979703]],[[0.989265,-0.146081,0.00393386],[0.0505506,0.316824,-0.947136],[0.137112,0.937167,0.320808]],[[0.989265,-0.146081,0.00393386],[-0.133435,-0.913945,-0.383276],[0.0595846,0.378636,-0.923626]],[[0.989265,-0.146081,0.00393386],[-0.141221,-0.948737,0.282762],[-0.037574,-0.280282,-0.959182]]],"btipPosition":[42.204,161.946,59.5907],"carpPosition":[38.2802,189.136,94.2105],"dipPosition":[41.5783,157.279,43.6173],"direction":[-0.0595846,-0.378636,0.923626],"extended":false,"handId":82,"id":824,"length":48.8004,"mcpPosition":[47.3883,196.449,37.1234],"pipPosition":[42.7043,164.434,26.164],"stabilizedTipPosition":[42.0642,159.79,56.1683],"timeVisible":8.67676,"tipPosition":[40.3982,159.627,52.4504],"tipVelocity":[-5.60309,696.649,-159.846],"tool":false,"touchDistance":0.333333,"touchZone":"none","type":4,"width":17.4872}],"r":[[-0.125339,0.386036,0.913929],[-0.322288,-0.887076,0.330494],[0.938307,-0.253125,0.2356]],"s":1.49501,"t":[9.5083,-34.8377,-20.1664],"timestamp":629723355696},{"currentFrameRate":55.1275,"devices":[],"gestures":[],"hands":[{"armBasis":[[0.862654,0.449486,-0.231928],[-0.08508,0.580962,0.809472],[0.498587,-0.678562,0.539411]],"armWidth":67.758,"confidence":1,"direction":[-0.120037,0.229442,-0.965892],"elbow":[167.611,-0.617028,265.683],"grabAngle":2.92,"grabStrength":0,"id":82,"palmNormal":[0.210078,-0.945024,-0.250593],"palmPosition":[12.0926,200.633,48.7922],"palmVelocity":[33.1346,820.291,-95.602],"palmWidth":91.4365,"pinchDistance":49.7339,"pinchStrength":0.555781,"r":[[-0.125623,0.355295,0.926274],[-0.324229,-0.897104,0.300134],[0.9376,-0.262622,0.227894]],"s":1.50198,"sphereCenter":[26.0901,166.24,23.4972],"sphereRadius":42.3068,"stabilizedPalmPosition":[12.0593,199.811,48.8906],"t":[10.0022,-21.7675,-21.9916],"timeVisible":8.69488,"type":"right","wrist":[32.3322,183.494,119.327]}],"id":29696,"interactionBox":{"center":[0,200,0],"size":[235.247,235.247,147.751]},"pointables":[{"bases":[[[0.936359,0.268209,-0.226486],[-0.249473,0.962318,0.108198],[0.246971,-0.0448103,0.967986]],[[0.964498,0.256914,-0.0611453],[-0.26409,0.938483,-0.2225],[0.000220519,0.230749,0.973013]],[[0.964498,0.256914,-0.0611453],[-0.245078,0.784484,-0.569669],[-0.0983882,0.56443,0.819597]],[[0.964498,0.256914,-0.0611453],[-0.217502,0.641445,-0.735691],[-0.149788,0.722872,0.674552]]],"btipPosition":[-11.0294,167.896,-43.9512],"carpPosition":[2.46839,199.274,98.2741],"dipPosition":[-13.502,179.828,-32.8163],"direction":[0.0983882,-0.56443,-0.819597],"extended":true,"handId":82,"id":821,"length":56.8162,"mcpPosition":[-15.7904,202.587,26.7103],"pipPosition":[-15.7995,193.009,-13.6771],"stabilizedTipPosition":[-11.5347,169.389,-41.1938],"timeVisible":8.69488,"tipPosition":[-7.50852,176.705,-43.6823],"tipVelocity":[-48.7396,1038.53,-159.882],"tool":false,"touchDistance":0.328691,"touchZone":"hovering","type":1,"width":21.0651},{"bases":[[[0.179119,0.983782,0.00940891],[-0.827985,0.145574,0.541524],[0.531373,-0.104788,0.840632]],[[0.0685483,0.984748,-0.159912],[-0.991397,0.0851524,0.099399],[0.1115,0.151723,0.982114]],[[0.0685483,0.984748,-0.159912],[-0.962756,0.0232752,-0.269367],[-0.261536,0.172421,0.949668]],[[0.0685483,0.984748,-0.159912],[-0.807377,-0.0394,-0.588719],[-0.58604,0.169465,0.792363]]],"btipPosition":[16.2961,159.227,5.80049],"carpPosition":[0.0229086,176.349,104.265],"dipPosition":[3.04507,163.059,23.7167],"direction":[0.261536,-0.172421,-0.949668],"extended":false,"handId":82,"id":820,"length":50.3516,"mcpPosition":[0.0229086,176.349,104.265],"pipPosition":[-5.57021,168.738,54.9998],"stabilizedTipPosition":[13.2899,158.053,10.4864],"timeVisible":8.69488,"tipPosition":[16.732,160.608,11.4025],"tipVelocity":[-14.6792,937.76,-252.647],"tool":false,"touchDistance":0.309532,"touchZone":"hovering","type":0,"width":22.053},{"bases":[[[0.989835,0.091681,-0.10873],[-0.0820966,0.992591,0.0895763],[0.116137,-0.0797393,0.990027]],[[0.993386,0.0887379,-0.0728627],[-0.0936158,0.258543,-0.961453],[-0.0664792,0.961915,0.265141]],[[0.993386,0.0887379,-0.0728627],[0.0548503,-0.924254,-0.377818],[-0.10087,0.371323,-0.923008]],[[0.993386,0.0887379,-0.0728627],[0.106036,-0.952428,0.285724],[-0.0440419,-0.29156,-0.955538]]],"btipPosition":[11.8813,160.117,56.0623],"carpPosition":[13.357,204.23,95.1139],"dipPosition":[11.0817,154.824,38.7139],"direction":[0.10087,-0.371323,0.923008],"extended":false,"handId":82,"id":822,"length":64.7375,"mcpPosition":[5.21464,209.82,25.7027],"pipPosition":[8.31046,165.025,13.3556],"stabilizedTipPosition":[11.6565,158.341,52.1614],"timeVisible":8.69488,"tipPosition":[11.1651,153.064,43.6614],"tipVelocity":[68.3792,872.213,-137.923],"tool":false,"touchDistance":0.333333,"touchZone":"none","type":2,"width":20.6887},{"bases":[[[0.99949,0.00385907,0.0317047],[-0.00742358,0.993557,0.113093],[-0.031064,-0.113271,0.993078]],[[0.999554,0.0106443,-0.0279013],[-0.0296355,0.23853,-0.970683],[-0.00367694,0.971077,0.238739]],[[0.999554,0.0106443,-0.0279013],[0.00121274,-0.948016,-0.318221],[-0.0298381,0.318045,-0.947606]],[[0.999554,0.0106443,-0.0279013],[0.020074,-0.931229,0.363882],[-0.0221092,-0.36428,-0.931027]]],"btipPosition":[28.6587,169.595,62.3937],"carpPosition":[25.3469,206.32,93.043],"dipPosition":[28.2596,163.02,45.5874],"direction":[0.0298381,-0.318045,0.947606],"extended":false,"handId":82,"id":823,"length":62.2468,"mcpPosition":[27.3023,213.45,30.5313],"pipPosition":[27.461,171.532,20.2257],"stabilizedTipPosition":[28.5354,167.14,58.7121],"timeVisible":8.69488,"tipPosition":[27.903,167.455,54.7042],"tipVelocity":[29.6996,794.245,-151.531],"tool":false,"touchDistance":0.333333,"touchZone":"none","type":3,"width":19.6866},{"bases":[[[0.976572,-0.173494,0.127305],[0.145409,0.968125,0.203937],[-0.158629,-0.180648,0.970672]],[[0.988927,-0.148402,-0.000620815],[0.0528401,0.35602,-0.932983],[0.138678,0.922619,0.359919]],[[0.988927,-0.148402,-0.000620815],[-0.134546,-0.894808,-0.425694],[0.0626185,0.421064,-0.904867]],[[0.988927,-0.148402,-0.000620815],[-0.143783,-0.959161,0.243591],[-0.036745,-0.240805,-0.969878]]],"btipPosition":[42.7285,176.526,57.0466],"carpPosition":[38.7941,201.465,92.6525],"dipPosition":[42.1166,172.516,40.8951],"direction":[-0.0626185,-0.421064,0.904867],"extended":false,"handId":82,"id":824,"length":48.8004,"mcpPosition":[48.0373,211.991,36.0918],"pipPosition":[43.2998,180.473,23.7963],"stabilizedTipPosition":[42.5584,174.717,53.4907],"timeVisible":8.69488,"tipPosition":[41.0035,174.416,49.4301],"tipVelocity":[29.1061,812.658,-142.61],"tool":false,"touchDistance":0.333333,"touchZone":"none","type":4,"width":17.4872}],"r":[[-0.125623,0.355295,0.926274],[-0.324229,-0.897104,0.300134],[0.9376,-0.262622,0.227894]],"s":1.50198,"t":[10.0022,-21.7675,-21.9916],"timestamp":629723373823},{"currentFrameRate":55.1443,"devices":[],"gestures":[],"hands":[{"armBasis":[[0.870251,0.438752,-0.223963],[-0.0909685,0.589965,0.802288],[0.484136,-0.677819,0.55333]],"armWidth":67.758,"confidence":1,"direction":[-0.116495,0.281813,-0.952371],"elbow":[163.591,12.5947,267.715],"grabAngle":2.93376,"grabStrength":0.00612456,"id":82,"palmNormal":[0.1969,-0.933314,-0.300259],"palmPosition":[12.3886,217.097,47.6576],"palmVelocity":[16.3763,910.862,-62.7688],"palmWidth":91.4365,"pinchDistance":49.4027,"pinchStrength":0.508954,"r":[[-0.124936,0.320858,0.938851],[-0.328288,-0.906333,0.266058],[0.936279,-0.274973,0.218567]],"s":1.51097,"sphereCenter":[23.9479,183.942,20.6851],"sphereRadius":42.0748,"stabilizedPalmPosition":[12.3774,216.513,47.6992],"t":[10.3972,-7.00007,-23.4715],"timeVisible":8.71296,"type":"right","wrist":[32.233,196.504,117.583]}],"id":29697,"interactionBox":{"center":[0,200,0],"size":[235.247,235.247,147.751]},"pointables":[{"bases":[[[0.940099,0.266659,-0.212386],[-0.236003,0.958657,0.158993],[0.246002,-0.0993452,0.964165]],[[0.96542,0.249954,-0.074076],[-0.259137,0.951141,-0.167868],[0.0284975,0.181259,0.983022]],[[0.96542,0.249954,-0.074076],[-0.249502,0.803493,-0.540507],[-0.0755821,0.540298,0.838072]],[[0.96542,0.249954,-0.074076],[-0.227505,0.669022,-0.707567],[-0.1273,0.699952,0.702753]]],"btipPosition":[-12.7735,188.911,-46.2526],"carpPosition":[2.73011,213.261,97.0026],"dipPosition":[-14.8749,200.465,-34.6522],"direction":[0.0755821,-0.540298,-0.838072],"extended":true,"handId":82,"id":821,"length":56.8162,"mcpPosition":[-15.457,220.606,25.7213],"pipPosition":[-16.6399,213.082,-15.0816],"stabilizedTipPosition":[-13.1855,190.65,-43.4855],"timeVisible":8.71296,"tipPosition":[-8.12946,197.639,-45.6915],"tipVelocity":[-91.7647,1157.78,-121.396],"tool":false,"touchDistance":0.333333,"touchZone":"hovering","type":1,"width":21.0651},{"bases":[[[0.19288,0.979306,0.0612984],[-0.826042,0.128343,0.548801],[0.529577,-0.156488,0.833702]],[[0.08268,0.990787,-0.107258],[-0.990322,0.0937224,0.102362],[0.111471,0.0977562,0.988948]],[[0.08268,0.990787,-0.107258],[-0.966994,0.0537317,-0.249068],[-0.24101,0.12431,0.962528]],[[0.08268,0.990787,-0.107258],[-0.827353,0.00824328,-0.561622],[-0.555564,0.135175,0.820412]]],"btipPosition":[14.8711,178.033,1.90973],"carpPosition":[-0.0382503,190.089,101.775],"dipPosition":[2.3092,181.09,20.4602],"direction":[0.24101,-0.12431,-0.962528],"extended":false,"handId":82,"id":820,"length":50.3516,"mcpPosition":[-0.0382503,190.089,101.775],"pipPosition":[-5.62994,185.185,52.1669],"stabilizedTipPosition":[12.0855,177.097,6.5179],"timeVisible":8.71296,"tipPosition":[16.1573,179.021,8.05843],"tipVelocity":[-70.0642,1030.55,-207.174],"tool":false,"touchDistance":0.325741,"touchZone":"hovering","type":0,"width":22.053},{"bases":[[[0.991057,0.0834241,-0.104143],[-0.0682125,0.987524,0.141927],[0.114684,-0.133554,0.984384]],[[0.993487,0.0802497,-0.0808884],[-0.100505,0.282746,-0.953915],[-0.0536806,0.955832,0.28897]],[[0.993487,0.0802497,-0.0808884],[0.0421485,-0.918379,-0.393451],[-0.105861,0.38748,-0.91578]],[[0.993487,0.0802497,-0.0808884],[0.0989447,-0.959661,0.263174],[-0.0565058,-0.269463,-0.961351]]],"btipPosition":[12.0817,177.323,54.2455],"carpPosition":[13.6881,218.224,94.1041],"dipPosition":[11.0558,172.431,36.7915],"direction":[0.105861,-0.38748,0.91578],"extended":false,"handId":82,"id":822,"length":64.7375,"mcpPosition":[5.64761,227.587,25.0886],"pipPosition":[8.14742,183.076,11.6318],"stabilizedTipPosition":[11.8413,175.783,50.2758],"timeVisible":8.71296,"tipPosition":[10.913,170.585,41.1552],"tipVelocity":[8.20408,956.945,-101.854],"tool":false,"touchDistance":0.333333,"touchZone":"none","type":2,"width":20.6887},{"bases":[[[0.999435,-0.0118215,0.0314514],[0.00645897,0.9862,0.165432],[-0.0329731,-0.165135,0.98572]],[[0.999614,-0.00189809,-0.0277129],[-0.0261316,0.274083,-0.961351],[0.00942036,0.961704,0.273928]],[[0.999614,-0.00189809,-0.0277129],[-0.0117535,-0.932854,-0.360063],[-0.0251686,0.360249,-0.932516]],[[0.999614,-0.00189809,-0.0277129],[0.00701999,-0.948016,0.318145],[-0.0268761,-0.318217,-0.947637]]],"btipPosition":[28.5345,185.236,60.3325],"carpPosition":[25.7068,220.252,92.1416],"dipPosition":[28.0493,179.492,43.2264],"direction":[0.0251686,-0.360249,0.932516],"extended":false,"handId":82,"id":823,"length":62.2468,"mcpPosition":[27.7824,230.647,30.0931],"pipPosition":[27.3757,189.134,18.2686],"stabilizedTipPosition":[28.4277,183.201,56.4966],"timeVisible":8.71296,"tipPosition":[27.764,183.459,52.0225],"tipVelocity":[-7.96755,875.863,-117.844],"tool":false,"touchDistance":0.333333,"touchZone":"none","type":3,"width":19.6866},{"bases":[[[0.974004,-0.19364,0.117557],[0.15889,0.953866,0.254741],[-0.161462,-0.22944,0.959837]],[[0.986705,-0.162343,-0.00755349],[0.0577341,0.39359,-0.917471],[0.151918,0.904838,0.39773]],[[0.986705,-0.162343,-0.00755349],[-0.147252,-0.873383,-0.464241],[0.0687693,0.459181,-0.885677]],[[0.986705,-0.162343,-0.00755349],[-0.157492,-0.96662,0.202094],[-0.04011,-0.198218,-0.979337]]],"btipPosition":[42.6717,192.319,55.0182],"carpPosition":[39.0848,215.237,91.4896],"dipPosition":[42.0038,189.018,38.7091],"direction":[-0.0687693,-0.459181,0.885677],"extended":false,"handId":82,"id":824,"length":48.8004,"mcpPosition":[48.4931,228.606,35.5602],"pipPosition":[43.3033,197.695,21.9729],"stabilizedTipPosition":[42.5197,190.901,51.3542],"timeVisible":8.71296,"tipPosition":[40.9736,190.511,47.0197],"tipVelocity":[-3.85185,882.738,-114.22],"tool":fals