{"frames":40,"data":[{"currentFrameRate":55.3273,"devices":[],"gestures":[],"hands":[{"armBasis":[[0.492896,0.775347,-0.394831],[-0.309756,0.580419,0.753103],[0.813084,-0.2489,0.526254]],"armWidth":68.8427,"confidence":1,"direction":[-0.509337,0.264417,-0.818938],"elbow":[161.722,152.533,256.969],"grabAngle":1.21251,"grabStrength":0.04487,"id":60,"palmNormal":[0.488725,-0.694397,-0.528167],"palmPosition":[-108.79,233.248,50.9785],"palmVelocity":[2.70069,2.04455,-4.68487],"palmWidth":92.9048,"pinchDistance":29.6892,"pinchStrength":0.870435,"r":[[0.379223,0.600549,0.703939],[-0.237659,0.798459,-0.553156],[-0.894264,0.0424717,0.44552]],"s":1.31552,"sphereCenter":[-95.9699,181.906,4.86784],"sphereRadius":68.8431,"stabilizedPalmPosition":[-105.529,229.707,53.3354],"t":[-251.914,65.1498,42.9522],"timeVisible":4.24804,"type":"right","wrist":[-62.4306,221.15,111.89]}],"id":24437,"interactionBox":{"center":[0,200,0],"size":[235.247,235.247,147.751]},"pointables":[{"bases":[[[-0.251489,0.941989,0.222285],[-0.589843,-0.331257,0.736446],[0.767358,0.0540947,0.638933]],[[-0.515643,0.856352,-0.0278037],[-0.784417,-0.458776,0.417391],[0.344678,0.237034,0.908302]],[[-0.515643,0.856352,-0.0278037],[-0.825554,-0.487891,0.283589],[0.229287,0.169184,0.958543]],[[-0.515643,0.856352,-0.0278037],[-0.856786,-0.51557,0.0102946],[-0.00551893,0.0291302,0.99956]]],"btipPosition":[-116.083,180.324,-2.29215],"carpPosition":[-90.7983,198.879,100.285],"dipPosition":[-116.212,181.008,21.1877],"direction":[-0.229287,-0.169184,-0.958543],"extended":false,"handId":60,"id":600,"length":52.3092,"mcpPosition":[-90.7983,198.879,100.285],"pipPosition":[-108.366,186.798,53.9907],"stabilizedTipPosition":[-116.868,176.512,5.35964],"timeVisible":4.24804,"tipPosition":[-120.122,177.645,5.02836],"tipVelocity":[10.6232,3.3479,-3.90819],"tool":false,"touchDistance":0.164268,"touchZone":"hovering","type":0,"width":22.4056},{"bases":[[[0.61275,0.704146,-0.35877],[-0.575442,0.708713,0.408157],[0.541667,-0.0436467,0.839459]],[[0.569283,0.705417,-0.42226],[-0.779286,0.626657,-0.00374054],[0.261974,0.331191,0.906467]],[[0.569283,0.705417,-0.42226],[-0.728113,0.194076,-0.657409],[-0.381797,0.681705,0.624107]],[[0.569283,0.705417,-0.42226],[-0.453469,-0.158998,-0.876975],[-0.685772,0.690729,0.22937]]],"btipPosition":[-131.25,181.757,-21.1865],"carpPosition":[-100.287,221.143,100.034],"dipPosition":[-143.011,193.602,-17.2531],"direction":[0.381797,-0.681705,-0.624107],"extended":false,"handId":60,"id":601,"length":59.0251,"mcpPosition":[-140.976,224.422,36.9757],"pipPosition":[-152.273,210.14,-2.11237],"stabilizedTipPosition":[-131.985,182.944,-20.0536],"timeVisible":4.24804,"tipPosition":[-137.117,188.146,-22.2457],"tipVelocity":[11.3042,-2.86773,0.366826],"tool":false,"touchDistance":0.313798,"touchZone":"hovering","type":1,"width":21.4018},{"bases":[[[0.769358,0.56057,-0.306347],[-0.451534,0.816424,0.359958],[0.45189,-0.138611,0.881239]],[[0.714448,0.572492,-0.402266],[-0.59017,0.801897,0.0930568],[0.37585,0.170921,0.910781]],[[0.714448,0.572492,-0.402266],[-0.698884,0.61146,-0.371049],[0.0335467,0.546232,0.836962]],[[0.714448,0.572492,-0.402266],[-0.669065,0.390755,-0.632189],[-0.204735,0.720808,0.662208]]],"btipPosition":[-141.462,203.578,-47.4406],"carpPosition":[-93.9925,231.159,95.7764],"dipPosition":[-145.324,217.174,-34.9503],"direction":[-0.0335467,-0.546232,-0.836962],"extended":true,"handId":60,"id":602,"length":67.2543,"mcpPosition":[-126.183,241.033,33.0003],"pipPosition":[-144.367,232.764,-11.0621],"stabilizedTipPosition":[-139.443,203.968,-43.5686],"timeVisible":4.24804,"tipPosition":[-140.776,205.934,-43.6956],"tipVelocity":[-0.626969,7.26894,-10.1172],"tool":false,"touchDistance":0.0963614,"touchZone":"hovering","type":2,"width":21.0194},{"bases":[[[0.859307,0.470912,-0.199584],[-0.380777,0.849553,0.365059],[0.341468,-0.237701,0.909339]],[[0.795286,0.502307,-0.339424],[-0.469088,0.864545,0.180329],[0.384028,0.0158068,0.923186]],[[0.795286,0.502307,-0.339424],[-0.586,0.780402,-0.218121],[0.155323,0.372371,0.914994]],[[0.795286,0.502307,-0.339424],[-0.606165,0.65035,-0.457831],[-0.00922715,0.569853,0.821695]]],"btipPosition":[-128.39,232.477,-48.8648],"carpPosition":[-85.1829,239.023,91.5453],"dipPosition":[-128.563,243.163,-33.4555],"direction":[-0.155323,-0.372371,-0.914994],"extended":true,"handId":60,"id":603,"length":64.6668,"mcpPosition":[-107.023,254.226,33.3856],"pipPosition":[-124.244,253.517,-8.01455],"stabilizedTipPosition":[-127.58,233.354,-44.8502],"timeVisible":4.24804,"tipPosition":[-127.216,234.121,-44.9681],"tipVelocity":[-3.37353,13.4092,-8.33561],"tool":false,"touchDistance":0.141884,"touchZone":"hovering","type":3,"width":20.0013},{"bases":[[[0.944077,0.293348,-0.150553],[-0.210814,0.888095,0.408467],[0.253528,-0.353886,0.900271]],[[0.908901,0.331884,-0.252492],[-0.29286,0.939042,0.180092],[0.29687,-0.0897414,0.950692]],[[0.908901,0.331884,-0.252492],[-0.394502,0.880553,-0.26267],[0.135157,0.33835,0.931264]],[[0.908901,0.331884,-0.252492],[-0.416571,0.750425,-0.513158],[0.0191676,0.571591,0.820315]]],"btipPosition":[-100.173,248.818,-32.7674],"carpPosition":[-71.642,241.212,86.7474],"dipPosition":[-99.8414,258.707,-18.5754],"direction":[-0.135157,-0.33835,-0.931264],"extended":true,"handId":60,"id":604,"length":50.6976,"mcpPosition":[-86.6522,262.164,33.4464],"pipPosition":[-97.1881,265.349,-0.293657],"stabilizedTipPosition":[-98.718,249.264,-29.317],"timeVisible":4.24804,"tipPosition":[-99.0114,250.198,-28.9361],"tipVelocity":[0.362511,13.7906,-7.8835],"tool":false,"touchDistance":0.14156,"touchZone":"hovering","type":4,"width":17.7668}],"r":[[0.379223,0.600549,0.703939],[-0.237659,0.798459,-0.553156],[-0.894264,0.0424717,0.44552]],"s":1.31552,"t":[-251.914,65.1498,42.9522],"timestamp":629623861458},{"currentFrameRate":55.3218,"devices":[],"gestures":[],"hands":[{"armBasis":[[0.493334,0.775303,-0.394369],[-0.310924,0.580604,0.75248],[0.812372,-0.248606,0.527492]],"armWidth":68.8427,"confidence":1,"direction":[-0.508071,0.263161,-0.820128],"elbow":[161.491,152.737,257.337],"grabAngle":1.2035,"grabStrength":0.036938,"id":60,"palmNormal":[0.490149,-0.69463,-0.526539],"palmPosition":[-108.726,233.281,50.9151],"palmVelocity":[3.51814,1.81966,-3.50325],"palmWidth":92.9048,"pinchDistance":29.6938,"pinchStrength":0.870326,"r":[[0.378929,0.600474,0.704162],[-0.23717,0.798506,-0.553298],[-0.894518,0.0426545,0.444991]],"s":1.31687,"sphereCenter":[-96.1717,181.596,4.93372],"sphereRadius":69.0528,"stabilizedPalmPosition":[-105.537,229.715,53.3298],"t":[-251.851,65.2017,42.8717],"timeVisible":4.26614,"type":"right","wrist":[-62.4654,221.273,111.917]}],"id":24438,"interactionBox":{"center":[0,200,0],"size":[235.247,235.247,147.751]},"pointables":[{"bases":[[[-0.252545,0.942054,0.220807],[-0.590915,-0.330867,0.735762],[0.766186,0.0553351,0.640233]],[[-0.516077,0.856033,-0.0295264],[-0.785294,-0.459104,0.415375],[0.342019,0.237552,0.909171]],[[-0.516077,0.856033,-0.0295264],[-0.825885,-0.48817,0.282141],[0.227108,0.169992,0.958919]],[[-0.516077,0.856033,-0.0295264],[-0.856507,-0.516063,0.0087],[-0.00778998,0.0297794,0.999526]]],"btipPosition":[-115.819,180.355,-2.34247],"carpPosition":[-90.798,198.979,100.291],"dipPosition":[-116.002,181.054,21.1366],"direction":[-0.227108,-0.169992,-0.958919],"extended":false,"handId":60,"id":600,"length":52.3092,"mcpPosition":[-90.798,198.979,100.291],"pipPosition":[-108.23,186.871,53.9524],"stabilizedTipPosition":[-116.859,176.545,5.34037],"timeVisible":4.26614,"tipPosition":[-119.912,177.637,4.99379],"tipVelocity":[13.9002,1.86787,-2.79087],"tool":false,"touchDistance":0.163427,"touchZone":"hovering","type":0,"width":22.4056},{"bases":[[[0.61289,0.704185,-0.358455],[-0.576664,0.708753,0.40636],[0.540208,-0.042346,0.840465]],[[0.569202,0.705349,-0.422483],[-0.779816,0.625984,-0.00552823],[0.260568,0.332605,0.906354]],[[0.569202,0.705349,-0.422483],[-0.727372,0.192425,-0.658713],[-0.383327,0.682243,0.62258]],[[0.569202,0.705349,-0.422483],[-0.451934,-0.160852,-0.877429],[-0.686851,0.690369,0.227214]]],"btipPosition":[-131.039,181.684,-21.2184],"carpPosition":[-100.302,221.236,99.9988],"dipPosition":[-142.818,193.523,-17.3219],"direction":[0.383327,-0.682243,-0.62258],"extended":false,"handId":60,"id":601,"length":59.0251,"mcpPosition":[-140.881,224.417,36.865],"pipPosition":[-152.117,210.074,-2.21825],"stabilizedTipPosition":[-132.003,182.96,-20.0564],"timeVisible":4.26614,"tipPosition":[-136.886,188.072,-22.3064],"tipVelocity":[11.4252,-4.11069,-2.22999],"tool":false,"touchDistance":0.313126,"touchZone":"hovering","type":1,"width":21.4018},{"bases":[[[0.769506,0.560778,-0.305597],[-0.452745,0.816498,0.358262],[0.450425,-0.137328,0.88219]],[[0.714671,0.572567,-0.401761],[-0.589693,0.80212,0.0941614],[0.376174,0.169621,0.910891]],[[0.714671,0.572567,-0.401761],[-0.698456,0.614942,-0.366067],[0.0374619,0.54223,0.839395]],[[0.714671,0.572567,-0.401761],[-0.670513,0.397276,-0.626565],[-0.19914,0.717174,0.667836]]],"btipPosition":[-141.605,203.825,-47.7242],"carpPosition":[-94.0068,231.251,95.7415],"dipPosition":[-145.361,217.352,-35.1278],"direction":[-0.0374619,-0.54223,-0.839395],"extended":true,"handId":60,"id":602,"length":67.2543,"mcpPosition":[-126.093,241.034,32.8976],"pipPosition":[-144.292,232.828,-11.1701],"stabilizedTipPosition":[-139.464,203.989,-43.5774],"timeVisible":4.26614,"tipPosition":[-140.591,205.878,-43.8207],"tipVelocity":[-6.55331,12.7587,-14.3221],"tool":false,"touchDistance":0.0920421,"touchZone":"hovering","type":2,"width":21.0194},{"bases":[[[0.859328,0.471299,-0.198576],[-0.382021,0.849683,0.363453],[0.340022,-0.236465,0.910203]],[[0.795262,0.502588,-0.339063],[-0.468535,0.864415,0.182376],[0.384751,0.0138264,0.922917]],[[0.795262,0.502588,-0.339063],[-0.585046,0.782859,-0.211787],[0.158997,0.366793,0.916615]],[[0.795262,0.502588,-0.339063],[-0.606253,0.655626,-0.450125],[-0.00392925,0.563525,0.82609]]],"btipPosition":[-128.544,232.854,-49.0634],"carpPosition":[-85.1953,239.117,91.5174],"dipPosition":[-128.617,243.422,-33.5717],"direction":[-0.158997,-0.366793,-0.916615],"extended":true,"handId":60,"id":603,"length":64.6668,"mcpPosition":[-106.942,254.24,33.3024],"pipPosition":[-124.197,253.62,-8.08567],"stabilizedTipPosition":[-127.592,233.377,-44.8581],"timeVisible":4.26614,"tipPosition":[-127.041,234.082,-45.081],"tipVelocity":[-7.23812,19.3523,-9.92774],"tool":false,"touchDistance":0.13889,"touchZone":"hovering","type":3,"width":20.0013},{"bases":[[[0.944136,0.293849,-0.149201],[-0.212163,0.888392,0.40712],[0.25218,-0.352721,0.901106]],[[0.908793,0.332531,-0.252028],[-0.292884,0.938608,0.182301],[0.297176,-0.0918591,0.950394]],[[0.908793,0.332531,-0.252028],[-0.393828,0.883141,-0.254877],[0.137822,0.330886,0.933552]],[[0.908793,0.332531,-0.252028],[-0.416575,0.757376,-0.502839],[0.0236704,0.561965,0.826822]]],"btipPosition":[-100.24,249.235,-32.9701],"carpPosition":[-71.6474,241.31,86.741],"dipPosition":[-99.8302,258.958,-18.6656],"direction":[-0.137822,-0.330886,-0.933552],"extended":true,"handId":60,"id":604,"length":50.6976,"mcpPosition":[-86.5778,262.193,33.3906],"pipPosition":[-97.1246,265.453,-0.33888],"stabilizedTipPosition":[-98.7308,249.284,-29.3203],"timeVisible":4.26614,"tipPosition":[-98.8615,250.194,-29.0229],"tipVelocity":[-2.69708,20.958,-9.77222],"tool":false,"touchDistance":0.138613,"touchZone":"hovering","type":4,"width":17.7668}],"r":[[0.378929,0.600474,0.704162],[-0.23717,0.798506,-0.553298],[-0.894518,0.0426545,0.444991]],"s":1.31687,"t":[-251.851,65.2017,42.8717],"timestamp":629623879553},{"currentFrameRate":55.3292,"devices":[],"gestures":[],"hands":[{"armBasis":[[0.49436,0.774765,-0.394142],[-0.311118,0.581091,0.752023],[0.811673,-0.249145,0.528311]],"armWidth":68.8427,"confidence":1,"direction":[-0.508711,0.265188,-0.819078],"elbow":[161.417,152.511,257.457],"grabAngle":1.1984,"grabStrength":0.0315261,"id":60,"palmNormal":[0.488625,-0.694375,-0.528288],"palmPosition":[-108.65,233.349,50.8637],"palmVelocity":[4.2102,3.77246,-2.85223],"palmWidth":92.9048,"pinchDistance":29.631,"pinchStrength":0.871824,"r":[[0.379017,0.60008,0.70445],[-0.236706,0.79879,-0.553087],[-0.894604,0.0428817,0.444797]],"s":1.31835,"sphereCenter":[-96.4772,181.499,4.85607],"sphereRadius":69.1508,"stabilizedPalmPosition":[-105.545,229.725,53.323],"t":[-251.781,65.2617,42.8057],"timeVisible":4.28418,"type":"right","wrist":[-62.3471,221.196,111.811]}],"id":24439,"interactionBox":{"center":[0,200,0],"size":[235.247,235.247,147.751]},"pointables":[{"bases":[[[-0.251069,0.942006,0.222687],[-0.590461,-0.33134,0.735914],[0.767021,0.0532771,0.639407]],[[-0.514775,0.856893,-0.0272196],[-0.785928,-0.458983,0.414308],[0.342524,0.234668,0.90973]],[[-0.514775,0.856893,-0.0272196],[-0.826703,-0.487729,0.280505],[0.227087,0.1669,0.959467]],[[-0.514775,0.856893,-0.0272196],[-0.857284,-0.514803,0.00652039],[-0.00842547,0.0266915,0.999608]]],"btipPosition":[-115.738,180.642,-2.52212],"carpPosition":[-90.7071,198.941,100.161],"dipPosition":[-115.936,181.269,20.9589],"direction":[-0.227087,-0.1669,-0.959467],"extended":false,"handId":60,"id":600,"length":52.3092,"mcpPosition":[-90.7071,198.941,100.161],"pipPosition":[-108.165,186.981,53.7935],"stabilizedTipPosition":[-116.851,176.578,5.32127],"timeVisible":4.28418,"tipPosition":[-119.914,177.832,4.83948],"tipVelocity":[4.28262,15.0172,-9.92978],"tool":false,"touchDistance":0.16044,"touchZone":"hovering","type":0,"width":22.4056},{"bases":[[[0.613367,0.703997,-0.358009],[-0.575265,0.708811,0.408237],[0.541158,-0.044449,0.839746]],[[0.569586,0.705324,-0.422006],[-0.779236,0.626716,-0.00427674],[0.261461,0.331279,0.906583]],[[0.569586,0.705324,-0.422006],[-0.727299,0.193324,-0.65853],[-0.382893,0.682015,0.623096]],[[0.569586,0.705324,-0.422006],[-0.451662,-0.160374,-0.877657],[-0.686711,0.690506,0.227221]]],"btipPosition":[-131.043,181.878,-21.2687],"carpPosition":[-100.183,221.211,99.917],"dipPosition":[-142.819,193.719,-17.3721],"direction":[0.382893,-0.682015,-0.623096],"extended":false,"handId":60,"id":601,"length":59.0251,"mcpPosition":[-140.834,224.55,36.8372],"pipPosition":[-152.108,210.265,-2.2559],"stabilizedTipPosition":[-132.022,182.977,-20.0597],"timeVisible":4.28418,"tipPosition":[-136.937,188.277,-22.3875],"tipVelocity":[-0.169405,10.7452,-2.78593],"tool":false,"touchDistance":0.312288,"touchZone":"hovering","type":1,"width":21.4018},{"bases":[[[0.769861,0.5603,-0.305578],[-0.451266,0.816478,0.360171],[0.451302,-0.139385,0.881419]],[[0.714981,0.572313,-0.401572],[-0.588409,0.802787,0.0964818],[0.377595,0.167306,0.910731]],[[0.714981,0.572313,-0.401572],[-0.697951,0.617821,-0.362163],[0.0408295,0.539217,0.841176]],[[0.714981,0.572313,-0.401572],[-0.6717,0.402952,-0.62165],[-0.193964,0.714204,0.672526]]],"btipPosition":[-141.803,204.199,-47.8734],"carpPosition":[-93.8799,231.225,95.6689],"dipPosition":[-145.462,217.67,-35.1885],"direction":[-0.0408295,-0.539217,-0.841177],"extended":true,"handId":60,"id":602,"length":67.2543,"mcpPosition":[-126.029,241.155,32.88],"pipPosition":[-144.296,233.06,-11.18],"stabilizedTipPosition":[-139.491,204.017,-43.5891],"timeVisible":4.28418,"tipPosition":[-140.683,206.158,-43.8908],"tipVelocity":[-9.72876,20.0417,-7.14223],"tool":false,"touchDistance":0.0898937,"touchZone":"hovering","type":2,"width":21.0194},{"bases":[[[0.859696,0.470527,-0.198815],[-0.380493,0.849563,0.365333],[0.340805,-0.238427,0.909398]],[[0.795312,0.502199,-0.339523],[-0.46687,0.864681,0.185362],[0.386668,0.0110928,0.922152]],[[0.795312,0.502199,-0.339523],[-0.583785,0.7854,-0.20577],[0.163324,0.36186,0.917814]],[[0.795312,0.502199,-0.339523],[-0.606194,0.661562,-0.441435],[0.00292748,0.556895,0.830577]]],"btipPosition":[-128.797,233.333,-49.1651],"carpPosition":[-85.0633,239.086,91.4474],"dipPosition":[-128.742,243.777,-33.5892],"direction":[-0.163324,-0.36186,-0.917814],"extended":true,"handId":60,"id":603,"length":64.6668,"mcpPosition":[-106.861,254.336,33.284],"pipPosition":[-124.201,253.838,-8.06985],"stabilizedTipPosition":[-127.609,233.411,-44.8685],"timeVisible":4.28418,"tipPosition":[-127.11,234.36,-45.1177],"tipVelocity":[-12.3779,24.9755,-4.56164],"tool":false,"touchDistance":0.137517,"touchZone":"hovering","type":3,"width":20.0013},{"bases":[[[0.944334,0.292885,-0.149838],[-0.210533,0.88798,0.408861],[0.252803,-0.354555,0.900212]],[[0.9086,0.332066,-0.253334],[-0.291378,0.93852,0.185148],[0.29924,-0.094409,0.949496]],[[0.9086,0.332066,-0.253334],[-0.392844,0.885436,-0.248346],[0.141844,0.325168,0.934958]],[[0.9086,0.332066,-0.253334],[-0.416611,0.763672,-0.493194],[0.029691,0.553658,0.832215]]],"btipPosition":[-100.404,249.651,-33.0886],"carpPosition":[-71.5183,241.271,86.6585],"dipPosition":[-99.8902,259.229,-18.6908],"direction":[-0.141844,-0.325168,-0.934958],"extended":true,"handId":60,"id":604,"length":50.6976,"mcpPosition":[-86.4856,262.262,33.3611],"pipPosition":[-97.1057,265.613,-0.336549],"stabilizedTipPosition":[-98.747,249.311,-29.325],"timeVisible":4.28418,"tipPosition":[-98.8825,250.407,-29.0693],"tipVelocity":[-7.76765,21.1854,-5.3803],"tool":false,"touchDistance":0.136995,"touchZone":"hovering","type":4,"width":17.7668}],"r":[[0.379017,0.60008,0.70445],[-0.236706,0.79879,-0.553087],[-0.894604,0.0428817,0.444797]],"s":1.31835,"t":[-251.781,65.2617,42.8057],"timestamp":629623897601},{"currentFrameRate":55.322,"devices":[],"gestures":[],"hands":[{"armBasis":[[0.49477,0.775083,-0.393001],[-0.312858,0.580777,0.751544],[0.810754,-0.248888,0.529842]],"armWidth":68.8427,"confidence":1,"direction":[-0.507077,0.265146,-0.820104],"elbow":[161.431,152.63,257.723],"grabAngle":1.18812,"grabStrength":0.0211792,"id":60,"palmNormal":[0.490009,-0.69409,-0.527381],"palmPosition":[-108.259,233.39,50.6133],"palmVelocity":[21.5777,2.26396,-13.8327],"palmWidth":92.9048,"pinchDistance":29.5612,"pinchStrength":0.873491,"r":[[0.378742,0.599768,0.704864],[-0.236162,0.799019,-0.552989],[-0.894864,0.0429785,0.444264]],"s":1.32147,"sphereCenter":[-96.5068,181.253,4.69629],"sphereRadius":69.3586,"stabilizedPalmPosition":[-105.554,229.737,53.314],"t":[-251.551,65.3122,42.6475],"timeVisible":4.30229,"type":"right","wrist":[-62.0795,221.244,111.655]}],"id":24440,"interactionBox":{"center":[0,200,0],"size":[235.247,235.247,147.751]},"pointables":[{"bases":[[[-0.251901,0.941868,0.222329],[-0.591891,-0.331704,0.734601],[0.765644,0.053452,0.64104]],[[-0.515261,0.856563,-0.0283874],[-0.786799,-0.459644,0.411917],[0.339785,0.23458,0.910779]],[[-0.515261,0.856563,-0.0283874],[-0.826936,-0.488193,0.279007],[0.225128,0.167236,0.959869]],[[-0.515261,0.856563,-0.0283874],[-0.85696,-0.515368,0.00398833],[-0.0112137,0.0263819,0.999589]]],"btipPosition":[-115.167,180.681,-2.80782],"carpPosition":[-90.4078,198.98,99.9417],"dipPosition":[-115.43,181.301,20.6727],"direction":[-0.225128,-0.167236,-0.959869],"extended":false,"handId":60,"id":600,"length":52.3092,"mcpPosition":[-90.4078,198.98,99.9417],"pipPosition":[-107.726,187.024,53.5211],"stabilizedTipPosition":[-116.836,176.617,5.29645],"timeVisible":4.30229,"tipPosition":[-119.392,177.886,4.549],"tipVelocity":[30.7393,2.05914,-15.7892],"tool":false,"touchDistance":0.155676,"touchZone":"hovering","type":0,"width":22.4056},{"bases":[[[0.613854,0.704298,-0.356578],[-0.5764,0.708515,0.407149],[0.539395,-0.0443979,0.840882]],[[0.56963,0.70561,-0.421469],[-0.779767,0.626043,-0.00578114],[0.259778,0.331941,0.906824]],[[0.56963,0.70561,-0.421469],[-0.725792,0.191217,-0.660804],[-0.385678,0.682312,0.621049]],[[0.56963,0.70561,-0.421469],[-0.448235,-0.163126,-0.878906],[-0.688917,0.689568,0.223358]]],"btipPosition":[-130.441,181.889,-21.4833],"carpPosition":[-99.8917,221.246,99.6822],"dipPosition":[-142.255,193.715,-17.653],"direction":[0.385678,-0.682312,-0.621049],"extended":false,"handId":60,"id":601,"length":59.0251,"mcpPosition":[-140.41,224.581,36.517],"pipPosition":[-151.612,210.267,-2.58647],"stabilizedTipPosition":[-132.036,182.997,-20.0665],"timeVisible":4.30229,"tipPosition":[-136.353,188.297,-22.6926],"tipVelocity":[32.7606,0.434074,-12.7007],"tool":false,"touchDistance":0.308456,"touchZone":"hovering","type":1,"width":21.4018},{"bases":[[[0.770292,0.560651,-0.303843],[-0.452341,0.816238,0.359366],[0.449487,-0.139376,0.882347]],[[0.71529,0.572707,-0.400458],[-0.587285,0.803215,0.0997057],[0.378756,0.163865,0.910874]],[[0.71529,0.572707,-0.400458],[-0.69728,0.623023,-0.354462],[0.0464912,0.532775,0.844979]],[[0.71529,0.572707,-0.400458],[-0.673359,0.41154,-0.614184],[-0.186943,0.708972,0.680009]]],"btipPosition":[-141.728,204.686,-48.4157],"carpPosition":[-93.5834,231.264,95.4493],"dipPosition":[-145.254,218.058,-35.5897],"direction":[-0.0464912,-0.532775,-0.844979],"extended":true,"handId":60,"id":602,"length":67.2543,"mcpPosition":[-125.603,241.192,32.5943],"pipPosition":[-143.927,233.265,-11.4727],"stabilizedTipPosition":[-139.513,204.044,-43.6024],"timeVisible":4.30229,"tipPosition":[-140.188,206.272,-44.2683],"tipVelocity":[5.85445,25.6355,-28.1675],"tool":false,"touchDistance":0.081396,"touchZone":"hovering","type":2,"width":21.0194},{"bases":[[[0.859935,0.470893,-0.196907],[-0.381592,0.849349,0.364684],[0.33897,-0.238466,0.910073]],[[0.795381,0.502723,-0.338585],[-0.465392,0.864425,0.190209],[0.388304,0.00628602,0.92151]],[[0.795381,0.502723,-0.338585],[-0.582062,0.789325,-0.19537],[0.169037,0.352471,0.92043]],[[0.795381,0.502723,-0.338585],[-0.606028,0.668844,-0.430555],[0.0100107,0.547647,0.836649]]],"btipPosition":[-128.742,234.028,-49.5656],"carpPosition":[-84.761,239.129,91.2479],"dipPosition":[-128.554,244.298,-33.8758],"direction":[-0.169037,-0.352471,-0.92043],"extended":true,"handId":60,"id":603,"length":64.6668,"mcpPosition":[-106.441,254.381,33.0413],"pipPosition":[-123.854,254.099,-8.28371],"stabilizedTipPosition":[-127.626,233.456,-44.8851],"timeVisible":4.30229,"tipPosition":[-126.627,234.512,-45.4347],"tipVelocity":[4.71068,36.1903,-20.6762],"tool":false,"touchDistance":0.13128,"touchZone":"hovering","type":3,"width":20.0013},{"bases":[[[0.944537,0.293275,-0.147784],[-0.211739,0.887823,0.408578],[0.251032,-0.354626,0.90068]],[[0.908468,0.332938,-0.252663],[-0.291008,0.937787,0.189395],[0.300001,-0.0985322,0.948837]],[[0.908468,0.332938,-0.252663],[-0.391803,0.888874,-0.237472],[0.145522,0.31473,0.93796]],[[0.908468,0.332938,-0.252663],[-0.416429,0.772652,-0.479163],[0.0356889,0.54052,0.840574]]],"btipPosition":[-100.19,250.282,-33.4668],"carpPosition":[-71.2067,241.319,86.4881],"dipPosition":[-99.5729,259.633,-18.9244],"direction":[-0.145522,-0.31473,-0.93796],"extended":true,"handId":60,"id":604,"length":50.6976,"mcpPosition":[-86.0691,262.315,33.163],"pipPosition":[-96.7161,265.812,-0.511202],"stabilizedTipPosition":[-98.7623,249.348,-29.3344],"timeVisible":4.30229,"tipPosition":[-98.398,250.546,-29.3288],"tipVelocity":[13.1157,31.9863,-19.0564],"tool":false,"touchDistance":0.131246,"touchZone":"hovering","type":4,"width":17.7668}],"r":[[0.378742,0.599768,0.704864],[-0.236162,0.799019,-0.552989],[-0.894864,0.0429785,0.444264]],"s":1.32147,"t":[-251.551,65.3122,42.6475],"timestamp":629623915702},{"currentFrameRate":55.3299,"devices":[],"gestures":[],"hands":[{"armBasis":[[0.496833,0.772766,-0.394956],[-0.315007,0.584641,0.74764],[0.808658,-0.247039,0.533895]],"armWidth":68.8427,"confidence":1,"direction":[-0.508846,0.273241,-0.816342],"elbow":[161.541,152.952,258.119],"grabAngle":1.19429,"grabStrength":0.0219133,"id":60,"palmNormal":[0.483543,-0.693839,-0.533642],"palmPosition":[-107.705,233.739,50.0724],"palmVelocity":[30.6979,19.3144,-29.9744],"palmWidth":92.9048,"pinchDistance":29.1706,"pinchStrength":0.882812,"r":[[0.379846,0.598197,0.705605],[-0.235212,0.800162,-0.55174],[-0.894647,0.0436094,0.444641]],"s":1.32243,"sphereCenter":[-96.5073,181.815,3.94615],"sphereRadius":69.1352,"stabilizedPalmPosition":[-105.564,229.754,53.2999],"t":[-251.159,65.5117,42.2979],"timeVisible":4.32033,"type":"right","wrist":[-61.3909,221.056,110.934]}],"id":24441,"interactionBox":{"center":[0,200,0],"size":[235.247,235.247,147.751]},"pointables":[{"bases":[[[-0.24519,0.942015,0.229106],[-0.590855,-0.332559,0.735048],[0.768617,0.0448575,0.638134]],[[-0.510045,0.859893,-0.0209478],[-0.788386,-0.457615,0.41114],[0.34395,0.226214,0.911332]],[[-0.510045,0.859893,-0.0209478],[-0.829266,-0.485119,0.277449],[0.228415,0.158883,0.960512]],[[-0.510045,0.859893,-0.0209478],[-0.860096,-0.51013,0.00146579],[-0.00942565,0.0187647,0.999779]]],"btipPosition":[-114.986,181.512,-3.6888],"carpPosition":[-89.8603,198.92,99.1154],"dipPosition":[-115.208,181.953,19.7962],"direction":[-0.228415,-0.158883,-0.960512],"extended":false,"handId":60,"id":600,"length":52.3092,"mcpPosition":[-89.8603,198.92,99.1154],"pipPosition":[-107.391,187.39,52.6666],"stabilizedTipPosition":[-116.819,176.664,5.263],"timeVisible":4.32033,"tipPosition":[-119.314,178.625,3.69272],"tipVelocity":[10.5487,43.7549,-48.7617],"tool":false,"touchDistance":0.14101,"touchZone":"hovering","type":0,"width":22.4056},{"bases":[[[0.616676,0.702697,-0.354863],[-0.570343,0.709525,0.413863],[0.542605,-0.0528261,0.838326]],[[0.571952,0.704675,-0.419887],[-0.777305,0.629117,-0.00299579],[0.262047,0.328093,0.907572]],[[0.571952,0.704675,-0.419887],[-0.724518,0.193954,-0.661404],[-0.384636,0.682507,0.621482]],[[0.571952,0.704675,-0.419887],[-0.446114,-0.162343,-0.880129],[-0.68837,0.690709,0.221513]]],"btipPosition":[-130.132,182.662,-21.9536],"carpPosition":[-99.2085,221.244,99.031],"dipPosition":[-141.936,194.507,-18.1549],"direction":[0.384636,-0.682507,-0.621482],"extended":false,"handId":60,"id":601,"length":59.0251,"mcpPosition":[-139.968,225.212,36.0578],"pipPosition":[-151.268,211.065,-3.07787],"stabilizedTipPosition":[-132.049,183.035,-20.0825],"timeVisible":4.32033,"tipPosition":[-136.273,189.15,-23.3182],"tipVelocity":[17.2809,43.0867,-26.4624],"tool":false,"touchDistance":0.300497,"touchZone":"hovering","type":1,"width":21.4018},{"bases":[[[0.772448,0.557778,-0.303658],[-0.445825,0.816778,0.366216],[0.452289,-0.147504,0.879589]],[[0.717051,0.57077,-0.400074],[-0.584263,0.805185,0.101556],[0.380099,0.160928,0.910839]],[[0.717051,0.57077,-0.400074],[-0.69549,0.623897,-0.356435],[0.0461621,0.53383,0.844331]],[[0.717051,0.57077,-0.400074],[-0.671722,0.412627,-0.615246],[-0.186083,0.709901,0.679274]]],"btipPosition":[-141.272,205.345,-48.8019],"carpPosition":[-92.8564,231.249,94.8326],"dipPosition":[-144.782,218.735,-35.9897],"direction":[-0.0461621,-0.53383,-0.844331],"extended":true,"handId":60,"id":602,"length":67.2543,"mcpPosition":[-125.076,241.756,32.174],"pipPosition":[-143.464,233.971,-11.8912],"stabilizedTipPosition":[-139.539,204.087,-43.6249],"timeVisible":4.32033,"tipPosition":[-140.278,207.441,-44.8825],"tipVelocity":[25.4541,36.7238,-21.5745],"tool":false,"touchDistance":0.0749071,"touchZone":"hovering","type":2,"width":21.0194},{"bases":[[[0.861982,0.466822,-0.197647],[-0.374852,0.849423,0.371438],[0.341282,-0.246085,0.907177]],[[0.797029,0.499912,-0.338869],[-0.461176,0.866072,0.192964],[0.38995,0.00247994,0.920833]],[[0.797029,0.499912,-0.338869],[-0.578936,0.792207,-0.19298],[0.171981,0.349995,0.920829]],[[0.797029,0.499912,-0.338869],[-0.603713,0.67491,-0.424296],[0.0165956,0.542755,0.839727]]],"btipPosition":[-128.412,234.804,-50.0245],"carpPosition":[-84.0034,239.085,90.6422],"dipPosition":[-128.1,244.982,-34.277],"direction":[-0.171981,-0.349995,-0.920829],"extended":true,"handId":60,"id":603,"length":64.6668,"mcpPosition":[-105.831,254.825,32.6208],"pipPosition":[-123.318,254.713,-8.6738],"stabilizedTipPosition":[-127.638,233.522,-44.9122],"timeVisible":4.32033,"tipPosition":[-126.51,235.597,-45.9012],"tipVelocity":[19.8867,41.7885,-24.6943],"tool":false,"touchDistance":0.123853,"touchZone":"hovering","type":3,"width":20.0013},{"bases":[[[0.945696,0.288394,-0.14996],[-0.204585,0.88659,0.414853],[0.252594,-0.361645,0.897446]],[[0.909368,0.328976,-0.254605],[-0.286257,0.93896,0.190817],[0.301839,-0.100641,0.948032]],[[0.909368,0.328976,-0.254605],[-0.388626,0.890164,-0.237861],[0.14839,0.31525,0.937336]],[[0.909368,0.328976,-0.254605],[-0.413997,0.775575,-0.47654],[0.0406948,0.538757,0.841478]]],"btipPosition":[-99.7402,250.696,-33.8994],"carpPosition":[-70.4559,241.222,85.839],"dipPosition":[-99.0361,260.017,-19.3413],"direction":[-0.14839,-0.31525,-0.937336],"extended":true,"handId":60,"id":604,"length":50.6976,"mcpPosition":[-85.4108,262.633,32.7053],"pipPosition":[-96.1231,266.205,-0.940358],"stabilizedTipPosition":[-98.7721,249.389,-29.349],"timeVisible":4.32033,"tipPosition":[-98.1116,251.362,-29.8245],"tipVelocity":[26.0496,22.5268,-23.7698],"tool":false,"touchDistance":0.124096,"touchZone":"hovering","type":4,"width":17.7668}],"r":[[0.379846,0.598197,0.705605],[-0.235212,0.800162,-0.55174],[-0.894647,0.0436094,0.444641]],"s":1.32243,"t":[-251.159,65.5117,42.2979],"timestamp":629623933748},{"currentFrameRate":55.3155,"devices":[],"gestures":[],"hands":[{"armBasis":[[0.497789,0.773291,-0.392717],[-0.318816,0.584254,0.746327],[0.806574,-0.246309,0.537373]],"armWidth":68.8427,"confidence":1,"direction":[-0.508211,0.278277,-0.815036],"elbow":[162.049,152.989,258.287],"grabAngle":1.20116,"grabStrength":0.0238491,"id":60,"palmNormal":[0.482815,-0.691604,-0.537191],"palmPosition":[-106.562,233.906,49.2899],"palmVelocity":[63.0677,9.21523,-43.1646],"palmWidth":92.9048,"pinchDistance":28.9359,"pinchStrength":0.888414,"r":[[0.380835,0.596081,0.706861],[-0.234203,0.801725,-0.549897],[-0.894491,0.0438716,0.444929]],"s":1.32187,"sphereCenter":[-95.4466,182.234,3.03793],"sphereRadius":68.9127,"stabilizedPalmPosition":[-105.572,229.79,53.2659],"t":[-250.392,65.695,41.7319],"timeVisible":4.33846,"type":"right","wrist":[-60.3089,220.891,110.143]}],"id":24442,"interactionBox":{"center":[0,200,0],"size":[235.247,235.247,147.751]},"pointables":[{"bases":[[[-0.244034,0.941095,0.234068],[-0.59154,-0.335716,0.733059],[0.768459,0.0404309,0.638621]],[[-0.509182,0.860495,-0.0168055],[-0.789518,-0.459232,0.407145],[0.342628,0.220579,0.913209]],[[-0.509182,0.860495,-0.0168055],[-0.83022,-0.485934,0.273136],[0.226866,0.153029,0.961829]],[[-0.509182,0.860495,-0.0168055],[-0.860586,-0.509296,-0.00306556],[-0.0111969,0.0129017,0.999854]]],"btipPosition":[-113.743,182.019,-4.79509],"carpPosition":[-88.7793,198.801,98.1516],"dipPosition":[-114.006,182.322,18.6917],"direction":[-0.226866,-0.153029,-0.961829],"extended":false,"handId":60,"id":600,"length":52.3092,"mcpPosition":[-88.7793,198.801,98.1516],"pipPosition":[-106.242,187.559,51.6071],"stabilizedTipPosition":[-116.776,176.741,5.19624],"timeVisible":4.33846,"tipPosition":[-118.182,179.087,2.59149],"tipVelocity":[68.0403,26.2074,-61.0039],"tool":false,"touchDistance":0.122579,"touchZone":"hovering","type":0,"width":22.4056},{"bases":[[[0.617716,0.703779,-0.350888],[-0.569554,0.708045,0.417469],[0.54225,-0.0580273,0.838211]],[[0.572353,0.706166,-0.416825],[-0.777859,0.628429,-0.00344264],[0.259514,0.326201,0.90898]],[[0.572353,0.706166,-0.416825],[-0.722831,0.194456,-0.6631],[-0.387204,0.680821,0.621736]],[[0.572353,0.706166,-0.416825],[-0.442941,-0.161535,-0.881879],[-0.690084,0.689374,0.220334]]],"btipPosition":[-128.794,183.092,-22.839],"carpPosition":[-98.0982,221.138,98.1837],"dipPosition":[-140.628,194.914,-19.0605],"direction":[0.387204,-0.680821,-0.621736],"extended":false,"handId":60,"id":601,"length":59.0251,"mcpPosition":[-138.831,225.497,35.2191],"pipPosition":[-150.021,211.431,-3.97731],"stabilizedTipPosition":[-132.035,183.106,-20.1308],"timeVisible":4.33846,"tipPosition":[-135.087,189.666,-24.2983],"tipVelocity":[73.4276,23.4253,-49.0971],"tool":false,"touchDistance":0.285663,"touchZone":"hovering","type":1,"width":21.4018},{"bases":[[[0.77328,0.558383,-0.300409],[-0.444879,0.815388,0.370438],[0.451797,-0.152807,0.878937]],[[0.71775,0.571995,-0.39706],[-0.585368,0.804481,0.100769],[0.377066,0.1601,0.912244]],[[0.71775,0.571995,-0.39706],[-0.695136,0.621597,-0.361113],[0.0402561,0.5352,0.843766]],[[0.71775,0.571995,-0.39706],[-0.669149,0.408934,-0.620494],[-0.192549,0.711052,0.676262]]],"btipPosition":[-139.675,205.61,-49.542],"carpPosition":[-91.7316,231.157,94.0411],"dipPosition":[-143.307,219.021,-36.7866],"direction":[-0.0402561,-0.5352,-0.843766],"extended":true,"handId":60,"id":602,"length":67.2543,"mcpPosition":[-123.916,242.042,31.429],"pipPosition":[-142.158,234.297,-12.7042],"stabilizedTipPosition":[-139.559,204.185,-43.6885],"timeVisible":4.33846,"tipPosition":[-139.194,208.183,-45.8485],"tipVelocity":[86.5535,14.8848,-41.5463],"tool":false,"touchDistance":0.0623546,"touchZone":"hovering","type":2,"width":21.0194},{"bases":[[[0.862659,0.466744,-0.194857],[-0.373866,0.847912,0.375859],[0.340651,-0.251388,0.905959]],[[0.797939,0.500623,-0.335663],[-0.461924,0.865665,0.193005],[0.387194,0.00104444,0.921997]],[[0.797939,0.500623,-0.335663],[-0.578711,0.792004,-0.194482],[0.168485,0.349436,0.921687]],[[0.797939,0.500623,-0.335663],[-0.602558,0.676156,-0.423954],[0.0147192,0.540546,0.841186]]],"btipPosition":[-126.979,235.183,-50.7966],"carpPosition":[-82.8669,239.004,89.8957],"dipPosition":[-126.703,245.32,-35.0217],"direction":[-0.168485,-0.349436,-0.921687],"extended":true,"handId":60,"id":603,"length":64.6668,"mcpPosition":[-104.654,255.082,31.9522],"pipPosition":[-122.018,255.035,-9.39469],"stabilizedTipPosition":[-127.617,233.639,-44.9782],"timeVisible":4.33846,"tipPosition":[-125.375,236.336,-46.6921],"tipVelocity":[78.5923,20.3858,-42.2451],"tool":false,"touchDistance":0.111089,"touchZone":"hovering","type":3,"width":20.0013},{"bases":[[[0.946124,0.287953,-0.148099],[-0.203565,0.884622,0.419529],[0.251816,-0.366778,0.895579]],[[0.91021,0.328845,-0.251751],[-0.286956,0.939081,0.189164],[0.29862,-0.0999373,0.949125]],[[0.91021,0.328845,-0.251751],[-0.388124,0.889401,-0.241506],[0.14449,0.317531,0.937175]],[[0.91021,0.328845,-0.251751],[-0.412449,0.774762,-0.479197],[0.0374655,0.540004,0.840828]]],"btipPosition":[-98.3065,250.835,-34.5438],"carpPosition":[-69.315,241.149,85.1084],"dipPosition":[-97.6584,260.177,-19.997],"direction":[-0.14449,-0.317531,-0.937175],"extended":true,"handId":60,"id":604,"length":50.6976,"mcpPosition":[-84.2238,262.864,32.0853],"pipPosition":[-94.8219,266.411,-1.59919],"stabilizedTipPosition":[-98.7579,249.473,-29.3918],"timeVisible":4.33846,"tipPosition":[-96.9583,251.978,-30.5306],"tipVelocity":[78.376,7.94515,-35.6912],"tool":false,"touchDistance":0.113313,"touchZone":"hovering","type":4,"width":17.7668}],"r":[[0.380835,0.596081,0.706861],[-0.234203,0.801725,-0.549897],[-0.894491,0.0438716,0.444929]],"s":1.32187,"t":[-250.392,65.695,41.7319],"timestamp":629623951876},{"currentFrameRate":55.3272,"devices":[],"gestures":[],"hands":[{"armBasis":[[0.499371,0.774662,-0.387978],[-0.320681,0.581272,0.747855],[0.804856,-0.24904,0.53869]],"armWidth":68.8427,"confidence":1,"direction":[-0.508521,0.28222,-0.813485],"elbow":[163.341,152.33,257.815],"grabAngle":1.22261,"grabStrength":0.0411523,"id":60,"palmNormal":[0.483207,-0.688435,-0.540896],"palmPosition":[-104.787,234.292,48.5063],"palmVelocity":[98.451,21.3848,-43.4522],"palmWidth":92.9048,"pinchDistance":28.775,"pinchStrength":0.892254,"r":[[0.381564,0.593691,0.708477],[-0.233518,0.803517,-0.547567],[-0.894359,0.0434897,0.445231]],"s":1.3173,"sphereCenter":[-92.6637,183.493,1.92766],"sphereRadius":68.3691,"stabilizedPalmPosition":[-105.555,229.886,53.1636],"t":[-249.12,65.9794,41.0571],"timeVisible":4.35649,"type":"right","wrist":[-58.543,220.985,109.308]}],"id":24443,"interactionBox":{"center":[0,200,0],"size":[235.247,235.247,147.751]},"pointables":[{"bases":[[[-0.244641,0.939682,0.239057],[-0.591202,-0.339977,0.731366],[0.768525,0.0375908,0.638714]],[[-0.509509,0.860383,-0.0119131],[-0.789069,-0.461666,0.405259],[0.343178,0.215883,0.914124]],[[-0.509509,0.860383,-0.0119131],[-0.830294,-0.487962,0.269269],[0.225861,0.147086,0.962991]],[[-0.509509,0.860383,-0.0119131],[-0.860415,-0.50958,-0.0037312],[-0.00928094,0.00834914,0.999922]]],"btipPosition":[-111.975,182.709,-5.85491],"carpPosition":[-86.9727,198.942,97.1798],"dipPosition":[-112.193,182.905,17.6334],"direction":[-0.225861,-0.147086,-0.962991],"extended":false,"handId":60,"id":600,"length":52.3092,"mcpPosition":[-86.9727,198.942,97.1798],"pipPosition":[-104.464,187.939,50.5887],"stabilizedTipPosition":[-116.642,176.911,5.0372],"timeVisible":4.35649,"tipPosition":[-116.365,179.719,1.51644],"tipVelocity":[98.611,36.9276,-58.7479],"tool":false,"touchDistance":0.104921,"touchZone":"hovering","type":0,"width":22.4056},{"bases":[[[0.617184,0.706039,-0.347265],[-0.569975,0.705448,0.421275],[0.542414,-0.0620717,0.837815]],[[0.572492,0.708735,-0.412248],[-0.77933,0.626593,-0.00502454],[0.254751,0.324154,0.911058]],[[0.572492,0.708735,-0.412248],[-0.721862,0.197259,-0.663328],[-0.388804,0.677336,0.624538]],[[0.572492,0.708735,-0.412248],[-0.443408,-0.155304,-0.882763],[-0.689669,0.688168,0.225348]]],"btipPosition":[-126.778,183.724,-23.9056],"carpPosition":[-96.3068,221.272,97.3309],"dipPosition":[-138.605,195.525,-20.0411],"direction":[0.388804,-0.677336,-0.624538],"extended":false,"handId":60,"id":601,"length":59.0251,"mcpPosition":[-137.052,225.935,34.3961],"pipPosition":[-148.037,211.957,-4.88995],"stabilizedTipPosition":[-131.908,183.274,-20.276],"timeVisible":4.35649,"tipPosition":[-133.23,190.355,-25.2721],"tipVelocity":[111.89,34.7482,-58.0478],"tool":false,"touchDistance":0.268331,"touchZone":"hovering","type":1,"width":21.4018},{"bases":[[[0.772855,0.560486,-0.297575],[-0.44538,0.813122,0.374793],[0.452031,-0.157126,0.878054]],[[0.718011,0.574444,-0.393032],[-0.589884,0.801943,0.0944659],[0.369454,0.164016,0.91466]],[[0.718011,0.574444,-0.393032],[-0.695634,0.611328,-0.377322],[0.0235206,0.544328,0.838543]],[[0.718011,0.574444,-0.393032],[-0.662647,0.391379,-0.638531],[-0.212976,0.718913,0.661668]]],"btipPosition":[-136.677,205.479,-49.9725],"carpPosition":[-89.9477,231.317,93.2402],"dipPosition":[-140.694,219.039,-37.4924],"direction":[-0.0235206,-0.544328,-0.838543],"extended":true,"handId":60,"id":602,"length":67.2543,"mcpPosition":[-122.149,242.51,30.691],"pipPosition":[-140.022,234.575,-13.5591],"stabilizedTipPosition":[-139.426,204.485,-43.9203],"timeVisible":4.35649,"tipPosition":[-137.433,209.005,-46.794],"tipVelocity":[161.355,-5.34382,-27.3848],"tool":false,"touchDistance":0.0706261,"touchZone":"hovering","type":2,"width":21.0194},{"bases":[[[0.862312,0.468352,-0.19252],[-0.374388,0.845665,0.380374],[0.340956,-0.255924,0.904573]],[[0.798628,0.502519,-0.331163],[-0.466887,0.864545,0.185954],[0.379751,0.00610717,0.925069]],[[0.798628,0.502519,-0.331163],[-0.581884,0.785227,-0.21173],[0.15364,0.361791,0.919512]],[[0.798628,0.502519,-0.331163],[-0.601824,0.665556,-0.441411],[-0.00140974,0.551824,0.833959]]],"btipPosition":[-124.171,234.879,-51.4104],"carpPosition":[-81.0889,239.192,89.1349],"dipPosition":[-124.198,245.227,-35.7711],"direction":[-0.15364,-0.361791,-0.919512],"extended":true,"handId":60,"id":603,"length":64.6668,"mcpPosition":[-102.896,255.56,31.2801],"pipPosition":[-119.926,255.286,-10.2045],"stabilizedTipPosition":[-127.346,233.925,-45.2018],"timeVisible":4.35649,"tipPosition":[-123.667,237.219,-47.4918],"tipVelocity":[151.82,-14.1643,-35.7657],"tool":false,"touchDistance":0.111575,"touchZone":"hovering","type":3,"width":20.0013},{"bases":[[[0.945905,0.289374,-0.146716],[-0.204106,0.882261,0.424212],[0.252198,-0.371319,0.893599]],[[0.911049,0.329761,-0.247481],[-0.291118,0.939555,0.18024],[0.291959,-0.0921615,0.95198]],[[0.911049,0.329761,-0.247481],[-0.390757,0.882078,-0.263149],[0.131522,0.336447,0.932473]],[[0.911049,0.329761,-0.247481],[-0.411715,0.759543,-0.503572],[0.0219144,0.560671,0.827749]]],"btipPosition":[-95.7933,250.321,-34.9606],"carpPosition":[-67.5391,241.371,84.3571],"dipPosition":[-95.4142,260.021,-20.6401],"direction":[-0.131522,-0.336447,-0.932473],"extended":true,"handId":60,"id":604,"length":50.6976,"mcpPosition":[-82.4706,263.355,31.4512],"pipPosition":[-92.8323,266.626,-2.33458],"stabilizedTipPosition":[-98.5648,249.667,-29.