{"frames":43,"data":[{"currentFrameRate":50.3724,"devices":[],"gestures":[],"hands":[{"armBasis":[[0.133332,-0.681373,-0.71969],[0.991057,0.0956476,0.0930508],[0.00543437,-0.72566,0.688032]],"armWidth":68.3654,"confidence":0.815561,"direction":[0.448478,0.498705,-0.741729],"elbow":[101.322,-25.7417,342.091],"grabAngle":0.559093,"grabStrength":0,"id":48,"palmNormal":[-0.88436,0.127341,-0.4491],"palmPosition":[124.771,223.803,96.3215],"palmVelocity":[-91.5073,-15.1716,-42.4637],"palmWidth":93.2028,"pinchDistance":56.4702,"pinchStrength":0,"r":[[0.997842,-0.0374984,0.0538951],[0.0374174,0.999297,0.00251205],[-0.0539514,-0.000490018,0.998543]],"s":0.894746,"sphereCenter":[-18.7364,242.411,17.6063],"sphereRadius":164.961,"stabilizedPalmPosition":[128.907,226.241,103.712],"t":[-2.95206,-2.2595,-7.0701],"timeVisible":0.217048,"type":"right","wrist":[99.8194,174.951,151.805]}],"id":21931,"interactionBox":{"center":[0,200,0],"size":[235.247,235.247,147.751]},"pointables":[{"bases":[[[0.930625,-0.361586,0.0565001],[0.11624,0.438428,0.891218],[-0.347023,-0.822822,0.450043]],[[0.955959,-0.292859,0.0193863],[0.106873,0.408854,0.90632],[-0.27335,-0.864333,0.422146]],[[0.955959,-0.292859,0.0193863],[0.215123,0.74408,0.632508],[-0.199661,-0.600482,0.774311]],[[0.955959,-0.292859,0.0193863],[0.262754,0.883378,0.388077],[-0.130777,-0.365891,0.921423]]],"btipPosition":[113.703,287.203,77.5544],"carpPosition":[89.751,213.657,147.625],"dipPosition":[110.609,278.547,99.3529],"direction":[0.199661,0.600482,-0.774311],"extended":false,"handId":48,"id":480,"length":52.6816,"mcpPosition":[89.751,213.657,147.625],"pipPosition":[103.728,257.852,126.04],"stabilizedTipPosition":[118.734,291.315,92.6406],"timeVisible":0.217048,"tipPosition":[115.82,287.978,85.3109],"tipVelocity":[-100.843,7.34231,-22.9454],"tool":false,"touchDistance":1,"touchZone":"none","type":0,"width":22.1582},{"bases":[[[-0.117129,-0.879867,-0.460559],[0.938539,-0.249689,0.238326],[-0.324692,-0.404338,0.855035]],[[-0.111179,-0.872335,-0.476099],[0.984276,-0.162822,0.0684833],[-0.13726,-0.460999,0.876721]],[[-0.111179,-0.872335,-0.476099],[0.987387,-0.0426232,-0.152478],[0.112719,-0.487047,0.866071]],[[-0.111179,-0.872335,-0.476099],[0.965691,0.0183054,-0.259049],[0.234692,-0.488566,0.840371]]],"btipPosition":[138.367,259.91,-5.20453],"carpPosition":[118.923,190.28,129.378],"dipPosition":[142.799,250.683,10.6672],"direction":[-0.112719,0.487047,-0.866071],"extended":true,"handId":48,"id":483,"length":65.1272,"mcpPosition":[139.757,216.224,74.5157],"pipPosition":[145.956,237.045,34.9193],"stabilizedTipPosition":[145.521,261.073,2.76407],"timeVisible":0.217048,"tipPosition":[144.846,257.931,-2.0909],"tipVelocity":[-97.2255,-13.1183,-48.6231],"tool":false,"touchDistance":0.665493,"touchZone":"hovering","type":3,"width":19.7805},{"bases":[[[0.202978,-0.761462,-0.61561],[0.936933,-0.0316499,0.348072],[-0.284528,-0.647437,0.707015]],[[0.12829,-0.895233,-0.426732],[0.974571,0.0340912,0.221471],[-0.18372,-0.444293,0.876841]],[[0.12829,-0.895233,-0.426732],[0.991429,0.105054,0.0776671],[-0.0247001,-0.433038,0.901037]],[[0.12829,-0.895233,-0.426732],[0.986273,0.160271,-0.0397217],[0.103953,-0.415779,0.903505]]],"btipPosition":[141.678,295.335,15.3961],"carpPosition":[113.449,209.489,144.375],"dipPosition":[143.473,288.154,31.0004],"direction":[0.0247001,0.433038,-0.901037],"extended":true,"handId":48,"id":481,"length":59.4453,"mcpPosition":[134.891,258.279,91.0947],"pipPosition":[142.87,277.574,53.015],"stabilizedTipPosition":[147.439,299.942,26.5017],"timeVisible":0.217048,"tipPosition":[146.037,296.129,20.2349],"tipVelocity":[-81.8397,-9.10106,-45.1716],"tool":false,"touchDistance":0.754263,"touchZone":"hovering","type":1,"width":21.1655},{"bases":[[[-0.0000473656,-0.825305,-0.564687],[0.951286,-0.174135,0.254423],[-0.308308,-0.537168,0.78511]],[[-0.0350591,-0.880967,-0.471876],[0.988648,-0.0996015,0.112497],[-0.146106,-0.462575,0.874458]],[[-0.0350591,-0.880967,-0.471876],[0.996194,0.0068995,-0.0868954],[0.0798077,-0.473126,0.877372]],[[-0.0350591,-0.880967,-0.471876],[0.978857,0.0649391,-0.193964],[0.201519,-0.468699,0.860064]]],"btipPosition":[140.817,283.754,-3.39764],"carpPosition":[117.787,200.324,136.874],"dipPosition":[144.645,274.851,12.94],"direction":[-0.0798077,0.473126,-0.877372],"extended":true,"handId":48,"id":482,"length":67.7331,"mcpPosition":[139.821,238.713,80.7662],"pipPosition":[146.939,261.251,38.1598],"stabilizedTipPosition":[147.501,286.162,5.68278],"timeVisible":0.217048,"tipPosition":[147.123,283.441,0.873208],"tipVelocity":[-96.2769,-11.5408,-48.3398],"tool":false,"touchDistance":0.669486,"touchZone":"hovering","type":2,"width":20.7874},{"bases":[[[-0.307374,-0.867319,-0.391508],[0.876498,-0.418236,0.238389],[-0.370502,-0.269881,0.888759]],[[-0.267016,-0.834406,-0.48215],[0.937939,-0.339907,0.0688067],[-0.221299,-0.433855,0.873383]],[[-0.267016,-0.834406,-0.48215],[0.957368,-0.172455,-0.231744],[0.110219,-0.523474,0.844882]],[[-0.267016,-0.834406,-0.48215],[0.925976,-0.0835463,-0.368224],[0.266967,-0.544781,0.794948]]],"btipPosition":[135.74,231.002,7.09283],"carpPosition":[112.654,179.624,121.653],"dipPosition":[140.391,221.51,20.9438],"direction":[-0.110219,0.523474,-0.844882],"extended":true,"handId":48,"id":484,"length":51.0585,"mcpPosition":[134.66,195.653,68.8649],"pipPosition":[142.57,211.161,37.6479],"stabilizedTipPosition":[141.666,230.193,13.3718],"timeVisible":0.217048,"tipPosition":[140.329,226.793,8.38667],"tipVelocity":[-101.775,-9.98059,-44.6533],"tool":false,"touchDistance":0.728736,"touchZone":"hovering","type":4,"width":17.5706}],"r":[[0.997842,-0.0374984,0.0538951],[0.0374174,0.999297,0.00251205],[-0.0539514,-0.000490018,0.998543]],"s":0.894746,"t":[-2.95206,-2.2595,-7.0701],"timestamp":629575181000},{"currentFrameRate":50.8386,"devices":[],"gestures":[],"hands":[{"armBasis":[[0.138136,-0.682069,-0.718123],[0.990378,0.101291,0.0943003],[0.00841977,-0.724239,0.689498]],"armWidth":68.3654,"confidence":0.844827,"direction":[0.444886,0.50138,-0.742087],"elbow":[100.318,-25.502,341.548],"grabAngle":0.548137,"grabStrength":0,"id":48,"palmNormal":[-0.88535,0.121293,-0.448824],"palmPosition":[122.617,223.775,95.3362],"palmVelocity":[-120.185,-1.55582,-54.9956],"palmWidth":93.2028,"pinchDistance":56.6009,"pinchStrength":0,"r":[[0.997929,-0.0357989,0.0534429],[0.0357908,0.999359,0.00110817],[-0.0534483,0.000806886,0.99857]],"s":0.894591,"sphereCenter":[-23.1661,242.138,16.3924],"sphereRadius":167.044,"stabilizedPalmPosition":[128.652,226.141,103.373],"t":[-4.68207,-2.41869,-7.93042],"timeVisible":0.234965,"type":"right","wrist":[97.989,174.798,150.856]}],"id":21932,"interactionBox":{"center":[0,200,0],"size":[235.247,235.247,147.751]},"pointables":[{"bases":[[[0.933025,-0.355379,0.0562977],[0.113653,0.439538,0.891004],[-0.341389,-0.824931,0.45049]],[[0.957609,-0.2874,0.0196276],[0.103646,0.407315,0.907388],[-0.268778,-0.866889,0.419836]],[[0.957609,-0.2874,0.0196276],[0.210345,0.744162,0.634017],[-0.196823,-0.603012,0.77307]],[[0.957609,-0.2874,0.0196276],[0.257099,0.883403,0.391789],[-0.129939,-0.370134,0.919846]]],"btipPosition":[111.285,287.282,76.7841],"carpPosition":[87.6846,213.417,146.656],"dipPosition":[108.211,278.525,98.5453],"direction":[0.196823,0.603012,-0.77307],"extended":false,"handId":48,"id":480,"length":52.6816,"mcpPosition":[87.6846,213.417,146.656],"pipPosition":[101.428,257.742,125.189],"stabilizedTipPosition":[117.8,290.622,91.3983],"timeVisible":0.234965,"tipPosition":[113.181,287.83,84.2511],"tipVelocity":[-134.694,3.07712,-43.4731],"tool":false,"touchDistance":0.976999,"touchZone":"hovering","type":0,"width":22.1582},{"bases":[[[0.207802,-0.760339,-0.615389],[0.93725,-0.0252947,0.347739],[-0.279966,-0.649034,0.707371]],[[0.133679,-0.895074,-0.425408],[0.974277,0.0401115,0.221757],[-0.181425,-0.444109,0.877412]],[[0.133679,-0.895074,-0.425408],[0.990463,0.106211,0.0877682],[-0.0333762,-0.433083,0.900736]],[[0.133679,-0.895074,-0.425408],[0.986888,0.159413,-0.0252958],[0.0904573,-0.416448,0.904648]]],"btipPosition":[139.639,295.376,14.3564],"carpPosition":[111.409,209.405,143.399],"dipPosition":[141.201,288.184,29.9805],"direction":[0.0333763,0.433083,-0.900736],"extended":true,"handId":48,"id":481,"length":59.4453,"mcpPosition":[132.507,258.316,90.0923],"pipPosition":[140.386,277.603,51.9877],"stabilizedTipPosition":[147.005,299.579,26.0027],"timeVisible":0.234965,"tipPosition":[143.254,296.121,19.1683],"tipVelocity":[-116.789,2.14796,-57.7725],"tool":false,"touchDistance":0.696644,"touchZone":"hovering","type":1,"width":21.1655},{"bases":[[[0.00522367,-0.825508,-0.564367],[0.952514,-0.167718,0.25414],[-0.304449,-0.538895,0.785432]],[[-0.0291124,-0.880969,-0.472277],[0.989559,-0.0921217,0.110842],[-0.141155,-0.464119,0.874453]],[[-0.0291124,-0.880969,-0.472277],[0.99657,0.0110318,-0.0820097],[0.0774581,-0.473045,0.877627]],[[-0.0291124,-0.880969,-0.472277],[0.98033,0.0671049,-0.185605],[0.195205,-0.468391,0.861687]]],"btipPosition":[138.505,283.886,-4.43223],"carpPosition":[115.805,200.266,135.9],"dipPosition":[142.213,274.989,11.9362],"direction":[-0.0774581,0.473045,-0.877627],"extended":true,"handId":48,"id":482,"length":67.7331,"mcpPosition":[137.562,238.778,79.7695],"pipPosition":[144.44,261.391,37.1634],"stabilizedTipPosition":[146.625,285.697,4.99946],"timeVisible":0.234965,"tipPosition":[144.453,283.495,-0.152158],"tipVelocity":[-130.583,7.47738,-57.3479],"tool":false,"touchDistance":0.620459,"touchZone":"hovering","type":2,"width":20.7874},{"bases":[[[-0.111455,-0.880805,-0.460174],[0.940263,-0.243362,0.238078],[-0.321689,-0.40615,0.855312]],[[-0.104684,-0.872093,-0.478011],[0.985781,-0.154521,0.0660257],[-0.131443,-0.464302,0.875869]],[[-0.104684,-0.872093,-0.478011],[0.988294,-0.0375878,-0.14786],[0.11098,-0.487894,0.865819]],[[-0.104684,-0.872093,-0.478011],[0.967836,0.021229,-0.250686],[0.228769,-0.488879,0.841821]]],"btipPosition":[136.153,260.152,-6.17431],"carpPosition":[117.005,190.227,128.407],"dipPosition":[140.474,250.919,9.72484],"direction":[-0.11098,0.487894,-0.865819],"extended":true,"handId":48,"id":483,"length":65.1272,"mcpPosition":[137.645,216.287,73.5277],"pipPosition":[143.582,237.257,33.9699],"stabilizedTipPosition":[144.606,260.74,2.1873],"timeVisible":0.234965,"tipPosition":[142.333,257.997,-3.08634],"tipVelocity":[-124.978,13.432,-53.7748],"tool":false,"touchDistance":0.617825,"touchZone":"hovering","type":3,"width":19.7805},{"bases":[[[-0.301754,-0.869493,-0.391058],[0.879342,-0.412316,0.238229],[-0.368378,-0.271987,0.889]],[[-0.259229,-0.83414,-0.486837],[0.941557,-0.330529,0.0649663],[-0.215105,-0.441543,0.871074]],[[-0.259229,-0.83414,-0.486837],[0.959371,-0.164258,-0.229406],[0.11139,-0.526526,0.84283]],[[-0.259229,-0.83414,-0.486837],[0.929452,-0.0784442,-0.360507],[0.262524,-0.545945,0.795629]]],"btipPosition":[133.596,231.385,6.22601],"carpPosition":[110.804,179.526,120.689],"dipPosition":[138.17,221.873,20.0888],"direction":[-0.11139,0.526526,-0.84283],"extended":true,"handId":48,"id":484,"length":51.0585,"mcpPosition":[132.684,195.681,67.8868],"pipPosition":[140.372,211.463,36.7523],"stabilizedTipPosition":[140.795,230.07,12.8807],"timeVisible":0.234965,"tipPosition":[138.035,226.894,7.44543],"tipVelocity":[-120.652,21.1209,-48.2276],"tool":false,"touchDistance":0.676235,"touchZone":"hovering","type":4,"width":17.5706}],"r":[[0.997929,-0.0357989,0.0534429],[0.0357908,0.999359,0.00110817],[-0.0534483,0.000806886,0.99857]],"s":0.894591,"t":[-4.68207,-2.41869,-7.93042],"timestamp":629575198917},{"currentFrameRate":51.2207,"devices":[],"gestures":[],"hands":[{"armBasis":[[0.14412,-0.684007,-0.715097],[0.989465,0.109609,0.0945731],[0.0136922,-0.721194,0.692598]],"armWidth":68.3654,"confidence":0.870015,"direction":[0.438809,0.506449,-0.742264],"elbow":[99.4521,-24.7781,341.199],"grabAngle":0.536405,"grabStrength":0,"id":48,"palmNormal":[-0.887227,0.113297,-0.447204],"palmPosition":[119.759,223.901,94.1097],"palmVelocity":[-157.945,6.99526,-67.7657],"palmWidth":93.2028,"pinchDistance":56.9938,"pinchStrength":0,"r":[[0.998078,-0.0325376,0.0527371],[0.0325724,0.999469,0.000199369],[-0.0527156,0.00151879,0.998608]],"s":0.894403,"sphereCenter":[-28.6205,242.35,15.5453],"sphereRadius":169.173,"stabilizedPalmPosition":[127.983,225.973,102.675],"t":[-6.97632,-2.43499,-8.97379],"timeVisible":0.253063,"type":"right","wrist":[95.6653,174.68,149.65]}],"id":21933,"interactionBox":{"center":[0,200,0],"size":[235.247,235.247,147.751]},"pointables":[{"bases":[[[0.936483,-0.346478,0.0543347],[0.110935,0.439616,0.891309],[-0.332706,-0.828668,0.450129]],[[0.959921,-0.279662,0.0184619],[0.0990677,0.400188,0.911063],[-0.262178,-0.872719,0.411854]],[[0.959921,-0.279662,0.0184619],[0.203444,0.740588,0.640422],[-0.192774,-0.610998,0.767802]],[[0.959921,-0.279662,0.0184619],[0.24933,0.882181,0.399489],[-0.128009,-0.378875,0.916552]]],"btipPosition":[108.091,287.797,76.272],"carpPosition":[85.0135,213.152,145.477],"dipPosition":[105.063,278.834,97.9552],"direction":[0.192774,0.610998,-0.767802],"extended":true,"handId":48,"id":480,"length":52.6816,"mcpPosition":[85.0135,213.152,145.477],"pipPosition":[98.419,257.775,124.418],"stabilizedTipPosition":[115.964,289.76,89.6091],"timeVisible":0.253063,"tipPosition":[109.572,287.766,83.0173],"tipVelocity":[-175.892,25.8367,-29.2868],"tool":false,"touchDistance":0.904682,"touchZone":"hovering","type":0,"width":22.1582},{"bases":[[[0.214045,-0.757625,-0.616594],[0.938034,-0.0166933,0.346141],[-0.272539,-0.652476,0.707105]],[[0.140324,-0.894992,-0.423437],[0.974412,0.0489904,0.219366],[-0.175586,-0.443385,0.878965]],[[0.140324,-0.894992,-0.423437],[0.989463,0.111353,0.0925411],[-0.0356724,-0.431961,0.901186]],[[0.140324,-0.894992,-0.423437],[0.986483,0.162932,-0.017466],[0.0846236,-0.415263,0.905757]]],"btipPosition":[136.343,295.523,13.0549],"carpPosition":[108.77,209.372,142.175],"dipPosition":[137.805,288.351,28.6981],"direction":[0.0356724,0.431961,-0.901186],"extended":true,"handId":48,"id":481,"length":59.4453,"mcpPosition":[129.308,258.541,88.8883],"pipPosition":[136.933,277.797,50.7163],"stabilizedTipPosition":[145.89,298.963,24.9936],"timeVisible":0.253063,"tipPosition":[139.492,296.454,17.952],"tipVelocity":[-183.382,8.34565,-71.6737],"tool":false,"touchDistance":0.640855,"touchZone":"hovering","type":1,"width":21.1655},{"bases":[[[0.0121871,-0.824791,-0.565307],[0.954505,-0.158859,0.252356],[-0.297945,-0.542663,0.785331]],[[-0.0214897,-0.880725,-0.473139],[0.991024,-0.0812216,0.106178],[-0.131943,-0.466611,0.874566]],[[-0.0214897,-0.880725,-0.473139],[0.996709,0.0181236,-0.0790062],[0.0781578,-0.47328,0.877438]],[[-0.0214897,-0.880725,-0.473139],[0.981402,0.071713,-0.178065],[0.190757,-0.468166,0.862805]]],"btipPosition":[135.091,284.297,-5.68797],"carpPosition":[113.24,200.283,134.658],"dipPosition":[138.715,275.404,10.7017],"direction":[-0.0781578,0.47328,-0.877438],"extended":true,"handId":48,"id":482,"length":67.7331,"mcpPosition":[134.533,239.065,78.535],"pipPosition":[140.962,261.799,35.9235],"stabilizedTipPosition":[144.829,285.119,3.83815],"timeVisible":0.253063,"tipPosition":[140.809,283.917,-1.35349],"tipVelocity":[-189.697,22.7326,-69.1159],"tool":false,"touchDistance":0.572983,"touchZone":"hovering","type":2,"width":20.7874},{"bases":[[[-0.10378,-0.88132,-0.460981],[0.942952,-0.234599,0.236229],[-0.316339,-0.410168,0.85539]],[[-0.096031,-0.87105,-0.481715],[0.987873,-0.142722,0.0611396],[-0.122007,-0.470002,0.874192]],[[-0.096031,-0.87105,-0.481715],[0.98915,-0.0294544,-0.143929],[0.111181,-0.49031,0.864427]],[[-0.096031,-0.87105,-0.481715],[0.970218,0.0262107,-0.24081],[0.222384,-0.490494,0.842592]]],"btipPosition":[133.018,260.803,-7.33416],"carpPosition":[114.524,190.265,127.152],"dipPosition":[137.218,251.54,8.57955],"direction":[-0.111181,0.49031,-0.864427],"extended":true,"handId":48,"id":483,"length":65.1272,"mcpPosition":[134.821,216.582,72.2678],"pipPosition":[140.331,237.81,32.7856],"stabilizedTipPosition":[142.865,260.401,1.22617],"timeVisible":0.253063,"tipPosition":[138.87,258.427,-4.29303],"tipVelocity":[-174.775,35.58,-63.9022],"tool":false,"touchDistance":0.572028,"touchZone":"hovering","type":3,"width":19.7805},{"bases":[[[-0.294063,-0.871911,-0.391534],[0.883655,-0.40413,0.236291],[-0.364255,-0.276496,0.889308]],[[-0.24874,-0.83292,-0.49434],[0.94634,-0.317715,0.0591476],[-0.206325,-0.453101,0.867254]],[[-0.24874,-0.83292,-0.49434],[0.962012,-0.15316,-0.225999],[0.112526,-0.531776,0.839376]],[[-0.24874,-0.83292,-0.49434],[0.934233,-0.071628,-0.349396],[0.255611,-0.548738,0.795958]]],"btipPosition":[130.744,232.206,5.15016],"carpPosition":[108.413,179.513,119.433],"dipPosition":[135.198,222.645,19.0187],"direction":[-0.112526,0.531776,-0.839376],"extended":true,"handId":48,"id":484,"length":51.0585,"mcpPosition":[130.048,195.936,66.6119],"pipPosition":[137.422,212.131,35.6139],"stabilizedTipPosition":[139.236,230.059,12.0968],"timeVisible":0.253063,"tipPosition":[134.887,227.36,6.27066],"tipVelocity":[-159.1,44.7222,-59.3729],"tool":false,"touchDistance":0.625827,"touchZone":"hovering","type":4,"width":17.5706}],"r":[[0.998078,-0.0325376,0.0527371],[0.0325724,0.999469,0.000199369],[-0.0527156,0.00151879,0.998608]],"s":0.894403,"t":[-6.97632,-2.43499,-8.97379],"timestamp":629575217015},{"currentFrameRate":51.571,"devices":[],"gestures":[],"hands":[{"armBasis":[[0.146942,-0.68706,-0.711587],[0.988892,0.118316,0.089967],[0.0223795,-0.716903,0.696814]],"armWidth":68.3654,"confidence":0.89135,"direction":[0.427608,0.508251,-0.747551],"elbow":[98.4603,-23.9261,341.193],"grabAngle":0.529375,"grabStrength":0,"id":48,"palmNormal":[-0.891845,0.102237,-0.440636],"palmPosition":[115.454,223.583,92.5593],"palmVelocity":[-237.927,-17.6257,-85.6927],"palmWidth":93.2028,"pinchDistance":61.7496,"pinchStrength":0,"r":[[0.998331,-0.0277817,0.0506261],[0.0278839,0.99961,-0.00131421],[-0.0505698,0.00272367,0.998717]],"s":0.896576,"sphereCenter":[-35.0161,242.014,15.721],"sphereRadius":170.278,"stabilizedPalmPosition":[125.966,225.588,101.047],"t":[-10.2759,-2.60258,-10.2707],"timeVisible":0.271156,"type":"right","wrist":[92.2709,174.345,148.477]}],"id":21934,"interactionBox":{"center":[0,200,0],"size":[235.247,235.247,147.751]},"pointables":[{"bases":[[[0.940495,-0.336365,0.0482548],[0.113237,0.44412,0.888783],[-0.320386,-0.830431,0.455782]],[[0.962498,-0.270988,0.0127829],[0.0982838,0.392229,0.914602],[-0.25286,-0.879046,0.404153]],[[0.962498,-0.270988,0.0127829],[0.197502,0.732236,0.651784],[-0.185986,-0.624816,0.758297]],[[0.962498,-0.270988,0.0127829],[0.241121,0.876111,0.417481],[-0.124332,-0.398743,0.908596]]],"btipPosition":[103.507,288.575,75.9418],"carpPosition":[81.2269,212.66,144.237],"dipPosition":[100.566,279.142,97.4368],"direction":[0.185986,0.624816,-0.758297],"extended":true,"handId":48,"id":480,"length":52.6816,"mcpPosition":[81.2269,212.66,144.237],"pipPosition":[94.156,257.607,123.572],"stabilizedTipPosition":[112.013,288.751,86.9846],"timeVisible":0.271156,"tipPosition":[104.319,287.195,81.2645],"tipVelocity":[-252.249,37.0475,-20.6449],"tool":false,"touchDistance":0.841944,"touchZone":"hovering","type":0,"width":22.1582},{"bases":[[[0.217228,-0.757643,-0.615458],[0.940834,-0.00548384,0.338822],[-0.260081,-0.652646,0.711625]],[[0.145775,-0.896073,-0.419288],[0.975553,0.0597461,0.211488],[-0.164458,-0.439867,0.882876]],[[0.145775,-0.896073,-0.419288],[0.988899,0.11965,0.0881064],[-0.0287821,-0.427477,0.903568]],[[0.145775,-0.896073,-0.419288],[0.985152,0.170334,-0.0215147],[0.0906976,-0.409926,0.907598]]],"btipPosition":[130.874,294.928,11.042],"carpPosition":[104.995,209.119,140.763],"dipPosition":[132.44,287.849,26.7171],"direction":[0.0287821,0.427477,-0.903568],"extended":true,"handId":48,"id":481,"length":59.4453,"mcpPosition":[124.595,258.302,87.1353],"pipPosition":[131.737,277.404,48.7935],"stabilizedTipPosition":[142.306,297.578,22.4634],"timeVisible":0.271156,"tipPosition":[133.779,296.005,15.9593],"tipVelocity":[-300.977,-31.6824,-110.845],"tool":false,"touchDistance":0.580021,"touchZone":"hovering","type":1,"width":21.1655},{"bases":[[[0.0164998,-0.826742,-0.562339],[0.958077,-0.147821,0.245435],[-0.286037,-0.542814,0.789643]],[[-0.0165617,-0.88377,-0.467628],[0.993001,-0.0692366,0.0956817],[-0.116938,-0.46277,0.878732]],[[-0.0165617,-0.88377,-0.467628],[0.996059,0.0261722,-0.0847399],[0.0871294,-0.467188,0.879854]],[[-0.0165617,-0.88377,-0.467628],[0.980539,0.0771477,-0.180529],[0.195622,-0.461517,0.865294]]],"btipPosition":[129.422,283.586,-7.7295],"carpPosition":[109.503,200.05,133.245],"dipPosition":[133.138,274.819,8.70745],"direction":[-0.0871294,0.467188,-0.879854],"extended":true,"handId":48,"id":482,"length":67.7331,"mcpPosition":[129.945,238.842,76.8132],"pipPosition":[135.642,261.39,33.9987],"stabilizedTipPosition":[140.07,283.958,1.2915],"timeVisible":0.271156,"tipPosition":[135.05,283.429,-3.29665],"tipVelocity":[-312.193,-37.6993,-112.234],"tool":false,"touchDistance":0.518558,"touchZone":"hovering","type":2,"width":20.7874},{"bases":[[[-0.0980438,-0.884099,-0.456899],[0.947201,-0.223738,0.229678],[-0.305284,-0.410256,0.859355]],[[-0.0908092,-0.874167,-0.47706],[0.990134,-0.130586,0.0508119],[-0.106715,-0.467739,0.877401]],[[-0.0908092,-0.874167,-0.47706],[0.988661,-0.0216063,-0.148602],[0.119595,-0.485145,0.866217]],[[-0.0908092,-0.874167,-0.47706],[0.96988,0.0310923,-0.241592],[0.226025,-0.484629,0.845013]]],"btipPosition":[127.624,260.204,-9.21585],"carpPosition":[110.834,190.017,125.766],"dipPosition":[131.892,251.051,6.7436],"direction":[-0.119595,0.485145,-0.866217],"extended":true,"handId":48,"id":483,"length":65.1272,"mcpPosition":[130.422,216.341,70.6268],"pipPosition":[135.241,237.466,30.9998],"stabilizedTipPosition":[138.348,259.672,-0.918792],"timeVisible":0.271156,"tipPosition":[133.394,257.937,-6.11306],"tipVelocity":[-297.274,-31.7221,-103.419],"tool":false,"touchDistance":0.520091,"touchZone":"hovering","type":3,"width":19.7805},{"bases":[[[-0.287866,-0.876437,-0.385994],[0.889703,-0.393885,0.230832],[-0.354346,-0.276971,0.893155]],[[-0.24333,-0.836932,-0.490241],[0.951032,-0.305188,0.0489694],[-0.1906,-0.454319,0.87021]],[[-0.24333,-0.836932,-0.490241],[0.962257,-0.144794,-0.230424],[0.121865,-0.527807,0.840577]],[[-0.24333,-0.836932,-0.490241],[0.934339,-0.0665674,-0.350114],[0.260388,-0.543244,0.798175]]],"btipPosition":[125.689,231.763,3.45503],"carpPosition":[104.777,179.173,118.134],"dipPosition":[130.226,222.298,17.3622],"direction":[-0.121865,0.527807,-0.840577],"extended":true,"handId":48,"id":484,"length":51.0585,"mcpPosition":[125.823,195.624,65.0848],"pipPosition":[132.636,211.862,33.9812],"stabilizedTipPosition":[135.281,229.909,10.3747],"timeVisible":0.271156,"tipPosition":[129.838,226.887,4.60531],"tipVelocity":[-278.303,-23.2616,-93.1986],"tool":false,"touchDistance":0.571284,"touchZone":"hovering","type":4,"width":17.5706}],"r":[[0.998331,-0.0277817,0.0506261],[0.0278839,0.99961,-0.00131421],[-0.0505698,0.00272367,0.998717]],"s":0.896576,"t":[-10.2759,-2.60258,-10.2707],"timestamp":629575235108},{"currentFrameRate":51.9053,"devices":[],"gestures":[],"hands":[{"armBasis":[[0.143745,-0.691807,-0.70763],[0.989033,0.124952,0.07875],[0.0339401,-0.711189,0.702181]],"armWidth":68.3654,"confidence":0.9093,"direction":[0.407047,0.501366,-0.763508],"elbow":[97.2921,-22.222,341.976],"grabAngle":0.520638,"grabStrength":0,"id":48,"palmNormal":[-0.901414,0.085481,-0.424437],"palmPosition":[109.538,223.142,90.7378],"palmVelocity":[-328.01,-24.4376,-100.999],"palmWidth":93.2028,"pinchDistance":63.1812,"pinchStrength":0,"r":[[0.99875,-0.0215997,0.0450699],[0.0218772,0.999745,-0.00567296],[-0.0449358,0.00665187,0.998968]],"s":0.90276,"sphereCenter":[-44.5872,240.853,16.9899],"sphereRadius":172.216,"stabilizedPalmPosition":[120.582,224.786,97.6682],"t":[-14.8835,-2.90675,-11.8299],"timeVisible":0.289191,"type":"right","wrist":[87.9054,174.469,147.777]}],"id":21935,"interactionBox":{"center":[0,200,0],"size":[235.247,235.247,147.751]},"pointables":[{"bases":[[[0.945044,-0.325089,0.0347823],[0.125535,0.459036,0.879504],[-0.301883,-0.826803,0.474619]],[[0.965457,-0.260556,-0.00181293],[0.107411,0.391641,0.913827],[-0.237393,-0.882456,0.406099]],[[0.965457,-0.260556,-0.00181293],[0.197274,0.726394,0.658357],[-0.170222,-0.635973,0.752703]],[[0.965457,-0.260556,-0.00181293],[0.235582,0.869903,0.433324],[-0.111328,-0.418782,0.901237]]],"btipPosition":[97.0957,289.587,75.2141],"carpPosition":[76.457,212.639,143.242],"dipPosition":[94.462,279.68,96.535],"direction":[0.170222,0.635973,-0.752703],"extended":true,"handId":48,"id":480,"length":52.6816,"mcpPosition":[76.457,212.639,143.242],"pipPosition":[88.5952,257.761,122.477],"stabilizedTipPosition":[103.943,288.001,83.415],"timeVisible":0.289191,"tipPosition":[97.3159,286.571,78.9056],"tipVelocity":[-351.593,50.0593,-42.5677],"tool":false,"touchDistance":0.779568,"touchZone":"hovering","type":0,"width":22.1582},{"bases":[[[0.213782,-0.764599,-0.608017],[0.947291,0.0102264,0.320212],[-0.238616,-0.644425,0.726484]],[[0.148064,-0.90032,-0.409268],[0.978122,0.0721629,0.195116],[-0.146133,-0.429203,0.891308]],[[0.148064,-0.90032,-0.409268],[0.988864,0.1285,0.0750694],[-0.0149955,-0.415825,0.909321]],[[0.148064,-0.90032,-0.409268],[0.983604,0.177138,-0.0338285],[0.102953,-0.397549,0.911787]]],"btipPosition":[123.108,293.538,7.93366],"carpPosition":[100.192,209.309,139.353],"dipPosition":[124.886,286.672,23.681],"direction":[0.0149955,0.415825,-0.909321],"extended":true,"handId":48,"id":481,"length":59.4453,"mcpPosition":[118.173,257.872,84.606],"pipPosition":[124.52,276.512,45.898],"stabilizedTipPosition":[132.983,294.79,17.0511],"timeVisible":0.289191,"tipPosition":[125.459,294.478,12.6557],"tipVelocity":[-427.88,-74.3842,-171.43],"tool":false,"touchDistance":0.508976,"touchZone":"hovering","type":1,"width":21.1655},{"bases":[[[0.0149353,-0.835099,-0.549897],[0.964327,-0.133336,0.228682],[-0.264293,-0.533695,0.803317]],[[-0.0162515,-0.892071,-0.451604],[0.995383,-0.0571653,0.0771009],[-0.0945956,-0.448266,0.888881]],[[-0.0162515,-0.892071,-0.451604],[0.994598,0.0318871,-0.0987796],[0.102519,-0.450769,0.886734]],[[-0.0162515,-0.892071,-0.451604],[0.978161,0.0794181,-0.192078],[0.207213,-0.444862,0.871298]]],"btipPosition":[121.268,281.565,-10.8712],"carpPosition":[104.655,200.176,131.887],"dipPosition":[125.205,273.115,5.67982],"direction":[-0.102519,0.450769,-0.886734],"extended":true,"handId":48,"id":482,"length":67.7331,"mcpPosition":[123.542,238.316,74.4779],"pipPosition":[128.151,260.157,31.1688],"stabilizedTipPosition":[129.048,281.287,-3.85485],"timeVisible":0.289191,"tipPosition":[126.444,281.655,-6.40625],"tipVelocity":[-449.276,-108.003,-172.744],"tool":false,"touchDistance":0.453304,"touchZone":"hovering","type":2,"width":20.7874},{"bases":[[[-0.0968583,-0.892091,-0.441352],[0.954013,-0.209605,0.214301],[-0.283686,-0.400299,0.871369]],[[-0.0909337,-0.883568,-0.45939],[0.992352,-0.119066,0.0325752],[-0.0834802,-0.452914,0.887637]],[[-0.0909337,-0.883568,-0.45939],[0.986444,-0.0166408,-0.163255],[0.136602,-0.468008,0.873103]],[[-0.0909337,-0.883568,-0.45939],[0.966168,0.0335235,-0.255725],[0.241351,-0.467102,0.850627]]],"btipPosition":[119.542,258.112,-11.9771],"carpPosition":[105.953,190.044,124.537],"dipPosition":[124.101,249.29,4.08836],"direction":[-0.136602,0.468008,-0.873103],"extended":true,"handId":48,"id":483,"length":65.1272,"mcpPosition":[124.155,215.729,68.6267],"pipPosition":[127.926,236.184,28.5374],"stabilizedTipPosition":[127.275,257.434,-5.51027],"timeVisible":0.289191,"tipPosition":[125.048,256.163,-8.7706],"tipVelocity":[-444.399,-111.787,-151.753],"tool":false,"touchDistance":0.460362,"touchZone":"hovering","type":3,"width":19.7805},{"bases":[[[-0.285331,-0.885448,-0.366836],[0.898498,-0.380342,0.219182],[-0.333597,-0.267062,0.904097]],[[-0.244848,-0.848633,-0.468904],[0.955401,-0.293534,0.032362],[-0.165103,-0.440068,0.882656]],[[-0.244848,-0.848633,-0.468904],[0.959217,-0.141564,-0.24467],[0.141255,-0.509688,0.848684]],[[-0.244848,-0.848633,-0.468904],[0.929146,-0.0671998,-0.363553],[0.277013,-0.524696,0.804958]]],"btipPosition":[117.968,229.827,1.13976],"carpPosition":[99.8724,179.017,117.192],"dipPosition":[122.795,220.685,15.1651],"direction":[-0.141255,0.509688,-0.848684],"extended":true,"handId":48,"id":484,"length":51.0585,"mcpPosition":[119.687,194.879,63.4929],"pipPosition":[125.588,210.608,31.9444],"stabilizedTipPosition":[125.2,228.55,6.63596],"timeVisible":0.289191,"tipPosition":[122.101,225.293,2.51164],"tipVelocity":[-424.422,-103.205,-126.869],"tool":false,"touchDistance":0.513167,"touchZone":"hovering","type":4,"width":17.5706}],"r":[[0.99875,-0.0215997,0.0450699],[0.0218772,0.999745,-0.00567296],[-0.0449358,0.00665187,0.998968]],"s":0.90276,"t":[-14.8835,-2.90675,-11.8299],"timestamp":629575253143},{"currentFrameRate":52.1986,"devices":[],"gestures":[],"hands":[{"armBasis":[[0.145973,-0.695662,-0.703382],[0.988149,0.136643,0.0699265],[0.0474673,-0.705254,0.707364]],"armWidth":68.3654,"confidence":0.92444,"direction":[0.376249,0.494809,-0.783326],"elbow":[95.6111,-20.8229,342.521],"grabAngle":0.495613,"grabStrength":0,"id":48,"palmNormal":[-0.913725,0.058147,-0.402152],"palmPosition":[101.8,222.298,88.4956],"palmVelocity":[-427.922,-46.6878,-123.989],"palmWidth":93.2028,"pinchDistance":65.4088,"pinchStrength":0,"r":[[0.999297,-0.0122853,0.0354329],[0.0127545,0.999834,-0.0130467],[-0.0352667,0.0134895,0.999287]],"s":0.91553,"sphereCenter":[-60.9898,238.605,17.996],"sphereRadius":178.837,"stabilizedPalmPosition":[109.535,223.322,92.2732],"t":[-21.0565,-3.48098,-13.7306],"timeVisible":0.307275,"type":"right","wrist":[82.4832,174.227,146.888]}],"id":21936,"interactionBox":{"center":[0,200,0],"size":[235.247,235.247,147.751]},"pointables":[{"bases":[[[0.952422,-0.304355,0.0161079],[0.138306,0.478689,0.867023],[-0.271593,-0.823544,0.498008]],[[0.970107,-0.241744,-0.021281],[0.117575,0.391483,0.912643],[-0.212295,-0.887863,0.408204]],[[0.970107,-0.241744,-0.021281],[0.192872,0.714812,0.672193],[-0.147287,-0.656204,0.74007]],[[0.970107,-0.241744,-0.021281],[0.22348,0.855734,0.466665],[-0.0946026,-0.457471,0.884178]]],"btipPosition":[88.4911,290.965,74.7444],"carpPosition":[70.3218,212.129,142.041],"dipPosition":[86.2531,280.143,95.6618],"direction":[0.147287,0.656204,-0.74007],"extended":true,"handId":48,"id":480,"length":52.6816,"mcpPosition":[70.3218,212.129,142.041],"pipPosition":[81.1768,257.526,121.169],"stabilizedTipPosition":[90.809,288.392,80.2401],"timeVisible":0.307275,"tipPosition":[87.9233,285.884,76.5626],"tipVelocity":[-470.78,64.578,-31.1065],"tool":false,"touchDistance":0.726506,"touchZone":"hovering","type":0,"width":22.1582},{"bases":[[[0.0187259,-0.845191,-0.534136],[0.972572,-0.108484,0.205756],[-0.231848,-0.523339,0.819977]],[[-0.00932241,-0.902048,-0.431534],[0.997623,-0.0378586,0.0575853],[-0.068282,-0.429972,0.900257]],[[-0.00932241,-0.902048,-0.431534],[0.993433,0.0408607,-0.106873],[0.114038,-0.429697,0.895743]],[[-0.00932241,-0.902048,-0.431534],[0.977895,0.0819257,-0.192377],[0.208887,-0.423789,0.881345]]],"btipPosition":[111.129,278.794,-14.7652],"carpPosition":[98.4789,200.043,130.187],"dipPosition":[115.097,270.744,1.97669],"direction":[-0.114038,0.429697,-0.895743],"extended":true,"handId":48,"id":482,"length":67.7331,"mcpPosition":[115.048,237.443,71.588],"pipPosition":[118.375,258.393,27.7246],"stabilizedTipPosition":[114.606,277.598,-9.85002],"timeVisible":0.307275,"tipPosition":[114.671,279.044,-10.2192],"tipVelocity":[-560.285,-148.121,-212.9],"tool":false,"touchDistance":0.383556,"touchZone":"hovering","type":2,"width":20.7874},{"bases":[[[0.214435,-0.771666,-0.59879],[0.954814,0.03645,0.294959],[-0.205784,-0.634983,0.744614]],[[0.157965,-0.902901,-0.399772],[0.979489,0.0919888,0.179272],[-0.125091,-0.419891,0.898913]],[[0.157965,-0.902901,-0.399772],[0.987434,0.142573,0.0681643],[-0.00454867,-0.405516,0.914077]],[[0.157965,-0.902901,-0.399772],[0.981408,0.188257,-0.0373939],[0.109023,-0.386433,0.915852]]],"btipPosition":[113.183,291.893,4.29136],"carpPosition":[94.0143,209.224,137.594],"dipPosition":[115.066,285.219,20.1089],"direction":[0.00454867,0.405516,-0.914077],"extended":true,"handId":48,"id":481,"length":59.4453,"mcpPosition":[109.522,257.076,81.4804],"pipPosition":[114.954,275.311,42.4421],"stabilizedTipPosition":[117.483,291.243,9.75082],"timeVisible":0.307275,"tipPosition":[114.102,292.223,8.61157],"tipVelocity":[-547.519,-88.5125,-200.517],"tool":false,"touchDistance":0.437019,"touchZone":"hovering","type":1,"width":21.1655},{"bases":[[[-0.0889668,-0.902394,-0.421629],[0.963538,-0.185219,0.193103],[-0.252349,-0.389075,0.885969]],[[-0.0851235,-0.89638,-0.435037],[0.994853,-0.100549,0.0125157],[-0.0549615,-0.431733,0.900325]],[[-0.0851235,-0.89638,-0.435037],[0.984682,-0.00900124,-0.174126],[0.152167,-0.443196,0.883415]],[[-0.0851235,-0.89638,-0.435037],[0.964027,0.0362484,-0.263319],[0.251804,-0.441803,0.861049]]],"btipPosition":[109.462,255.017,-15.5096],"carpPosition":[99.8052,189.799,123],"dipPosition":[114.218,246.673,0.75267],"direction":[-0.152167,0.443196,-0.883415],"extended":true,"handId":48,"id":483,"length":65.1272,"mcpPosition":[115.997,214.763,66.1529],"pipPosition":[118.479,234.262,25.4904],"stabilizedTipPosition":[112.565,253.619,-11.0172],"timeVisible":0.307275,"tipPosition":[113.767,253.645,-11.9792],"tipVelocity":[-554.889,-165.053,-192.837],"tool":false,"touchDistance":0.39535,"touchZone":"hovering","type":3,"width":19.7805},{"bases":[[[-0.275549,-0.898269,-0.342325],[0.911865,-0.356961,0.202683],[-0.304261,-0.256305,0.91746]],[[-0.242182,-0.8665,-0.436492],[0.961355,-0.275024,0.0125666],[-0.130935,-0.416581,0.89962]],[[-0.242182,-0.8665,-0.436492],[0.956155,-0.136796,-0.258949],[0.164669,-0.480067,0.861638]],[[-0.242182,-0.8665,-0.436492],[0.924732,-0.0699941,-0.374127],[0.293629,-0.494245,0.818232]]],"btipPosition":[108.156,226.72,-1.91164],"carpPosition":[93.7758,178.504,116.028],"dipPosition":[113.272,218.109,12.345],"direction":[-0.164669,0.480067,-0.861638],"extended":true,"handId":48,"id":484,"length":51.0585,"mcpPosition":[111.848,193.728,61.5352],"pipPosition":[116.527,208.617,29.3804],"stabilizedTipPosition":[110.649,225.056,1.8044],"timeVisible":0.307275,"tipPosition":[111.878,223.084,0.0233659],"tipVelocity":[-538.938,-165.068,-165.794],"tool":false,"touchDistance":0.450211,"touchZone":"hovering","type":4,"width":17.5706}],"r":[[0.999297,-0.0122853,0.0354329],[0.0127545,0.999834,-0.0130467],[-0.0352667,0.0134895,0.999287]],"s":0.91553,"t":[-21.0565,-3.48098,-13.7306],"timestamp":629575271227},{"currentFrameRate":52.4617,"devices":[],"gestures":[],"hands":[{"armBasis":[[0.134711,-0.70111,-0.700212],[0.988579,0.143277,0.0467282],[0.0675627,-0.69851,0.712404]],"armWidth":68.3654,"confidence":0.937149,"direction":[0.35932,0.495928,-0.790534],"elbow":[93.5319,-19.8394,340.983],"grabAngle":0.472342,"grabStrength":0,"id":48,"palmNormal":[-0.921384,0.0540694,-0.384875],"palmPosition":[92.812,221.392,85.1205],"palmVelocity":[-496.475,-49.9996,-186.438],"palmWidth":93.2028,"pinchDistance":62.2213,"pinchStrength":0,"r":[[0.999706,-0.00404157,0.0238967],[0.00449671,0.999809,-0.0190232],[-0.0238153,0.019125,0.999533]],"s":0.932921,"sphereCenter":[-79.3424,240.295,17.1665],"sphereRadius":186.921,"stabilizedPalmPosition":[95.7228,221.728,86.3655],"t":[-28.6369,-4.22067,-16.3685],"timeVisible":0.325378,"type":"right","wrist":[74.8463,173.345,143.956]}],"id":21937,"interactionBox":{"center":[0,200,0],"size":[235.247,235.247,147.751]},"pointables":[{"bases":[[[0.953831,-0.300339,-0.00170571],[0.152614,0.479774,0.864017],[-0.258679,-0.824387,0.503459]],[[0.970859,-0.236239,-0.040307],[0.129506,0.375652,0.917668],[-0.201647,-0.896146,0.395299]],[[0.970859,-0.236239,-0.040307],[0.196218,0.687015,0.699649],[-0.137593,-0.687169,0.713349]],[[0.970859,-0.236239,-0.040307],[0.222361,0.825251,0.519149],[-0.0893796,-0.512983,0.853733]]],"btipPosition":[79.5599,292.763,74.2597],"carpPosition":[62.3927,211.123,139.255],"dipPosition":[77.4454,280.627,94.4568],"direction":[0.137593,0.687169,-0.713349],"extended":true,"handId":48,"id":480,"length":52.6816,"mcpPosition":[62.3927,211.123,139.255],"pipPosition":[72.7033,256.944,119.043],"stabilizedTipPosition":[79.6404,289.896,78.9695],"timeVisible":0.325378,"tipPosition":[78.5704,285.921,74.5126],"tipVelocity":[-491.786,82.6338,-35.9261],"tool":false,"touchDistance":0.677433,"touchZone":"hovering","type":0,"width":22.1582},{"bases":[[[0.0122109,-0.845417,-0.533967],[0.976728,-0.104273,0.18743],[-0.214135,-0.523829,0.824469]],[[-0.0129392,-0.900923,-0.433785],[0.99841,-0.0354454,0.0438349],[-0.0548676,-0.432528,0.899949]],[[-0.0129392,-0.900923,-0.433785],[0.993264,0.0383776,-0.109334],[0.115149,-0.432278,0.894358]],[[-0.0129392,-0.900923,-0.433785],[0.979292,0.0762387,-0.18755],[0.20204,-0.427229,0.881281]]],"btipPosition":[101.2,278.199,-18.3388],"carpPosition":[90.3719,199.148,126.879],"dipPosition":[105.038,270.084,-1.59816],"direction":[-0.115149,0.432278,-0.894358],"extended":true,"handId":48,"id":482,"length":67.7331,"mcpPosition":[105.675,236.584,67.9583],"pipPosition":[108.348,257.658,24.11],"stabilizedTipPosition":[103.756,276.502,-13.8687],"timeVisible":0.325378,"tipPosition":[103.469,278.001,-13.8955],"tipVelocity":[-550.088,-33.7184,-197.421],"tool":false,"touchDistance":0.327864,"touchZone":"hovering","type":2,"width":20.7874},{"bases":[[[-0.0930988,-0.903006,-0.419419],[0.96778,-0.181053,0.174988],[-0.233953,-0.389614,0.890768]],[[-0.0900107,-0.897799,-0.43111],[0.99509,-0.0989575,-0.00168146],[-0.0411519,-0.429144,0.902298]],[[-0.0900107,-0.897799,-0.43111],[0.984507,-0.0148061,-0.17472],[0.15048,-0.440157,0.885222]],[[-0.0900107,-0.897799,-0.43111],[0.965248,0.0279947,-0.259833],[0.245346,-0.439515,0.864078]]],"btipPosition":[99.6278,253.913,-19.3416],"carpPosition":[91.6056,188.906,119.672],"dipPosition":[104.262,245.612,-3.02209],"direction":[-0.15048,0.440157,-0.885222],"extended":true,"handId":48,"id":483,"length":65.1272,"mcpPosition":[106.617,213.905,62.5178],"pipPosition":[108.475,233.287,21.7663],"stabilizedTipPosition":[102.056,252.189,-15.0636],"timeVisible":0.325378,"tipPosition":[102.596,252.676,-15.5787],"tipVelocity":[-544.8,-60.4175,-210.949],"tool":false,"touchDistance":0.332365,"touchZone":"hovering","type":3,"width":19.7805},{"bases":[[[-0.278168,-0.899619,-0.336612],[0.917022,-0.353005,0.185628],[-0.28582,-0.257045,0.923165]],[[-0.250367,-0.8718,-0.421047],[0.961818,-0.273638,-0.00534232],[-0.110557,-0.406308,0.907023]],[[-0.250367,-0.8718,-0.421047],[0.953627,-0.147021,-0.26264],[0.167066,-0.467278,0.868182]],[[-0.250367,-0.8718,-0.421047],[0.92457,-0.0862872,-0.371114],[0.287206,-0.482202,0.827643]]],"btipPosition":[98.1142,225.012,-6.01495],"carpPosition":[85.4935,177.582,112.822],"dipPosition":[103.118,216.61,8.40569],"direction":[-0.167066,0.467278,-0.868182],"extended":true,"handId":48,"id":484,"length":51.0585,"mcpPosition":[102.47,192.849,57.9898],"pipPosition":[106.421,207.372,25.5704],"stabilizedTipPosition":[100.261,223.252,-2.3043],"timeVisible":0.325378,"tipPosition":[101.083,222.232,-3.4695],"tipVelocity":[-556.106,-91.6971,-224.581],"tool":false,"touchDistance":0.377539,"touchZone":"hovering","type":4,"width":17.5706},{"bases":[[[0.206354,-0.771108,-0.602338],[0.960045,0.0406367,0.276878],[-0.189026,-0.635407,0.748684]],[[0.15672,-0.897766,-0.411648],[0.981115,0.0936739,0.16923],[-0.113369,-0.430396,0.895492]],[[0.15672,-0.897766,-0.411648],[0.987638,0.143831,0.0623263],[0.00325327,-0.416327,0.909209]],[[0.15672,-0.897766,-0.411648],[0.980744,0.190644,-0.0423926],[0.116537,-0.397078,0.910356]]],"btipPosition":[103.085,291.92,1.11662],"carpPosition":[86.0092,208.315,134.363],"dipPosition":[105.098,285.062,16.8393],"direction":[-0.00325327,0.416327,-0.909209],"extended":true,"handId":48,"id":481,"length":59.4453,"mcpPosition":[100.254,256.199,77.9433],"pipPosition":[105.177,274.89,39