{"frames":37,"data":[{"currentFrameRate":63.9593,"devices":[],"gestures":[],"hands":[{"armBasis":[[-0.925096,-0.379345,-0.0171656],[0.314973,-0.741295,-0.592683],[0.212107,-0.553696,0.805253]],"armWidth":55.4852,"confidence":1,"direction":[0.107697,-0.0628305,-0.992196],"elbow":[61.7739,-4.22872,287.917],"grabAngle":0.513431,"grabStrength":0,"id":86,"palmNormal":[-0.326724,0.940332,-0.0950102],"palmPosition":[19.8978,137.154,27.6436],"palmVelocity":[26.896,518.867,-157.069],"palmWidth":81.2159,"pinchDistance":52.5034,"pinchStrength":0,"r":[[0.992583,-0.1211,-0.0107039],[0.0963914,0.837591,-0.537726],[0.074084,0.532706,0.843051]],"s":0.698381,"sphereCenter":[-38.4703,245.647,11.2182],"sphereRadius":122.959,"stabilizedPalmPosition":[19.8547,136.345,27.8916],"t":[35.1764,-35.4864,15.6188],"timeVisible":15.7538,"type":"right","wrist":[10.6568,129.21,93.8534]}],"id":31309,"interactionBox":{"center":[0,200,0],"size":[235.247,235.247,147.751]},"pointables":[{"bases":[[[-0.0645909,-0.987883,-0.141121],[0.859757,-0.126881,0.49469],[-0.506602,-0.0893771,0.857535]],[[0.0425367,-0.94749,-0.316945],[0.89525,-0.104682,0.433092],[-0.443528,-0.302168,0.843787]],[[0.0425367,-0.94749,-0.316945],[0.99872,0.0490129,-0.0124847],[0.0273635,-0.316008,0.948362]],[[0.0425367,-0.94749,-0.316945],[0.933786,0.150516,-0.324637],[0.355296,-0.28215,0.891155]]],"btipPosition":[41.6123,180.809,-4.96872],"carpPosition":[29.9922,152.047,79.4531],"dipPosition":[48.9325,174.996,13.3919],"direction":[-0.0273635,0.316008,-0.948362],"extended":false,"handId":86,"id":860,"length":45.8802,"mcpPosition":[29.9922,152.047,79.4531],"pipPosition":[49.7538,165.51,41.8577],"stabilizedTipPosition":[43.1327,177.474,-0.402709],"timeVisible":15.7538,"tipPosition":[42.693,179.601,-0.319224],"tipVelocity":[41.6293,551.869,-92.9399],"tool":false,"touchDistance":-0.442306,"touchZone":"touching","type":0,"width":17.4391},{"bases":[[[-0.907551,-0.340208,-0.246188],[0.362244,-0.930788,-0.0491234],[-0.212437,-0.133762,0.967976]],[[-0.932051,-0.361288,-0.0274276],[0.356044,-0.899222,-0.25423],[0.0671868,-0.24672,0.966755]],[[-0.932051,-0.361288,-0.0274276],[0.343462,-0.856878,-0.38444],[0.115391,-0.367738,0.922743]],[[-0.932051,-0.361288,-0.0274276],[0.333494,-0.825824,-0.454748],[0.141645,-0.432995,0.890198]]],"btipPosition":[36.7866,165.081,-62.0985],"carpPosition":[29.9635,132.628,71.0535],"dipPosition":[38.9172,158.568,-48.7089],"direction":[-0.115391,0.367738,-0.922743],"extended":true,"handId":86,"id":861,"length":51.7707,"mcpPosition":[43.9136,141.412,7.48958],"pipPosition":[41.3725,150.743,-29.0746],"stabilizedTipPosition":[37.1046,163.03,-58.853],"timeVisible":15.7538,"tipPosition":[35.5048,165.78,-57.6407],"tipVelocity":[159.812,496.774,-152.062],"tool":false,"touchDistance":-0.451168,"touchZone":"touching","type":1,"width":16.6578},{"bases":[[[-0.976276,-0.191457,-0.101142],[0.198845,-0.977615,-0.0687736],[-0.0857106,-0.0872535,0.992492]],[[-0.979468,-0.200618,0.0198495],[0.187235,-0.941764,-0.279326],[0.0747316,-0.269875,0.959991]],[[-0.979468,-0.200618,0.0198495],[0.174114,-0.891455,-0.41832],[0.101618,-0.406275,0.908083]],[[-0.979468,-0.200618,0.0198495],[0.164781,-0.853424,-0.494484],[0.116143,-0.481061,0.86896]]],"btipPosition":[18.4596,162.599,-71.8561],"carpPosition":[20.7584,127.585,67.7933],"dipPosition":[20.381,154.641,-57.4806],"direction":[-0.101618,0.406275,-0.908083],"extended":true,"handId":86,"id":862,"length":58.9886,"mcpPosition":[26.0959,133.019,5.98722],"pipPosition":[22.9248,144.47,-34.7479],"stabilizedTipPosition":[18.7329,160.12,-68.3284],"timeVisible":15.7538,"tipPosition":[19.9497,161.703,-67.9794],"tipVelocity":[137.654,503.286,-177.535],"tool":false,"touchDistance":-0.328104,"touchZone":"touching","type":2,"width":16.3602},{"bases":[[[-0.990441,-0.127966,0.051488],[0.125753,-0.991079,-0.0441504],[0.0566784,-0.0372536,0.997697]],[[-0.990571,-0.127878,0.0491518],[0.107957,-0.9495,-0.29461],[0.0843438,-0.286526,0.954353]],[[-0.990571,-0.127878,0.0491518],[0.0915902,-0.884965,-0.456562],[0.101882,-0.447755,0.888333]],[[-0.990571,-0.127878,0.0491518],[0.0859708,-0.859568,-0.503738],[0.106666,-0.494762,0.862457]]],"btipPosition":[-0.39736,157.185,-63.2627],"carpPosition":[10.3282,124.774,65.9076],"dipPosition":[1.35712,149.047,-49.0767],"direction":[-0.101882,0.447755,-0.888333],"extended":true,"handId":86,"id":863,"length":56.7191,"mcpPosition":[7.15925,126.857,10.1251],"pipPosition":[3.84173,138.127,-27.4128],"stabilizedTipPosition":[-0.135529,154.557,-59.7484],"timeVisible":15.7538,"tipPosition":[2.45775,155.671,-59.7094],"tipVelocity":[108.571,545.347,-187.23],"tool":false,"touchDistance":-0.347629,"touchZone":"touching","type":3,"width":15.5677},{"bases":[[[-0.984296,0.0341085,0.173197],[-0.0253178,-0.998289,0.0527142],[0.174699,0.0475014,0.983475]],[[-0.992101,0.0315716,0.121404],[-0.0699989,-0.942451,-0.326936],[0.104096,-0.332851,0.937216]],[[-0.992101,0.0315716,0.121404],[-0.0924263,-0.838318,-0.53729],[0.0848121,-0.544267,0.834614]],[[-0.992101,0.0315716,0.121404],[-0.0983331,-0.796643,-0.596398],[0.0778866,-0.603625,0.793455]]],"btipPosition":[-16.9603,154.065,-39.9967],"carpPosition":[-2.03603,127.632,66.4892],"dipPosition":[-15.7784,144.906,-27.9566],"direction":[-0.0848121,0.544267,-0.834614],"extended":true,"handId":86,"id":864,"length":44.4667,"mcpPosition":[-11.0778,125.173,15.588],"pipPosition":[-14.3181,135.534,-13.5859],"stabilizedTipPosition":[-16.7342,151.562,-37.1153],"timeVisible":15.7538,"tipPosition":[-13.712,148.615,-38.7587],"tipVelocity":[72.1641,612.019,-175.197],"tool":false,"touchDistance":-0.395149,"touchZone":"touching","type":4,"width":13.8285}],"r":[[0.992583,-0.1211,-0.0107039],[0.0963914,0.837591,-0.537726],[0.074084,0.532706,0.843051]],"s":0.698381,"t":[35.1764,-35.4864,15.6188],"timestamp":629752269411},{"currentFrameRate":63.1916,"devices":[],"gestures":[],"hands":[{"armBasis":[[-0.935156,-0.352489,-0.0351416],[0.306294,-0.754766,-0.580097],[0.177954,-0.553244,0.813789]],"armWidth":55.4852,"confidence":1,"direction":[0.122527,-0.0348705,-0.991852],"elbow":[52.3016,4.9947,285.956],"grabAngle":0.497796,"grabStrength":0,"id":86,"palmNormal":[-0.296443,0.952474,-0.0701066],"palmPosition":[20.0537,147.694,23.9593],"palmVelocity":[8.59033,580.814,-203.035],"palmWidth":81.2159,"pinchDistance":43.2749,"pinchStrength":0,"r":[[0.991575,-0.129461,-0.00427872],[0.107741,0.84265,-0.527573],[0.0719056,0.522667,0.849499]],"s":0.706976,"sphereCenter":[-37.1971,254.682,9.10103],"sphereRadius":120.966,"stabilizedPalmPosition":[20.0389,146.849,24.2521],"t":[35.5145,-26.2803,12.4348],"timeVisible":15.772,"type":"right","wrist":[9.41528,138.325,89.8358]}],"id":31310,"interactionBox":{"center":[0,200,0],"size":[235.247,235.247,147.751]},"pointables":[{"bases":[[[-0.0920781,-0.980495,-0.173639],[0.847023,-0.168806,0.50404],[-0.52352,-0.100665,0.846045]],[[0.0296087,-0.93178,-0.361814],[0.891147,-0.139347,0.431786],[-0.452747,-0.335214,0.826227]],[[0.0296087,-0.93178,-0.361814],[0.999448,0.0330496,-0.00332379],[0.0150549,-0.361516,0.932244]],[[0.0296087,-0.93178,-0.361814],[0.941565,0.147504,-0.302815],[0.335526,-0.331706,0.881699]]],"btipPosition":[42.5235,193.252,-6.58793],"carpPosition":[29.7159,160.631,76.3729],"dipPosition":[49.4364,186.418,11.5779],"direction":[-0.0150549,0.361516,-0.932244],"extended":false,"handId":86,"id":860,"length":45.8802,"mcpPosition":[29.7159,160.631,76.3729],"pipPosition":[49.8883,175.567,39.5599],"stabilizedTipPosition":[44.0103,190.185,-2.19859],"timeVisible":15.772,"tipPosition":[44.5385,190.439,-2.28175],"tipVelocity":[45.0522,672.797,-91.7013],"tool":false,"touchDistance":-0.451369,"touchZone":"touching","type":0,"width":17.4391},{"bases":[[[-0.91314,-0.304177,-0.27139],[0.334672,-0.939498,-0.0730629],[-0.232746,-0.157543,0.959692]],[[-0.941992,-0.331452,-0.0528224],[0.33292,-0.902752,-0.272401],[0.0426023,-0.274185,0.960733]],[[-0.941992,-0.331452,-0.0528224],[0.324889,-0.860963,-0.391394],[0.0842504,-0.385852,0.918706]],[[-0.941992,-0.331452,-0.0528224],[0.31744,-0.82871,-0.460946],[0.109007,-0.450976,0.885855]]],"btipPosition":[39.4816,177.205,-64.8716],"carpPosition":[29.2414,141.496,67.3575],"dipPosition":[41.1211,170.422,-51.5473],"direction":[-0.0842504,0.385852,-0.918706],"extended":true,"handId":86,"id":861,"length":51.7707,"mcpPosition":[44.5251,151.841,4.33756],"pipPosition":[42.9138,162.212,-31.9989],"stabilizedTipPosition":[39.7385,175.094,-61.6781],"timeVisible":15.772,"tipPosition":[38.0499,178.362,-60.1853],"tipVelocity":[142.29,664.723,-153.646],"tool":false,"touchDistance":-0.476205,"touchZone":"touching","type":1,"width":16.6578},{"bases":[[[-0.979774,-0.158017,-0.122779],[0.170285,-0.980628,-0.0968052],[-0.105103,-0.115755,0.987701]],[[-0.985217,-0.171298,0.00218548],[0.163188,-0.942299,-0.292306],[0.0521307,-0.287628,0.956322]],[[-0.985217,-0.171298,0.00218548],[0.154681,-0.894982,-0.418427],[0.0736316,-0.411903,0.908248]],[[-0.985217,-0.171298,0.00218548],[0.148091,-0.858015,-0.491812],[0.0861215,-0.484217,0.870699]]],"btipPosition":[21.0094,174.58,-75.4371],"carpPosition":[19.9443,136.844,63.7912],"dipPosition":[22.4341,166.569,-61.0328],"direction":[-0.0736316,0.411903,-0.908248],"extended":true,"handId":86,"id":862,"length":58.9886,"mcpPosition":[26.4895,144.053,2.28351],"pipPosition":[24.2774,156.258,-38.2959],"stabilizedTipPosition":[21.1904,172.026,-71.9103],"timeVisible":15.772,"tipPosition":[22.347,174.96,-70.9567],"tipVelocity":[134.222,659.555,-196.976],"tool":false,"touchDistance":-0.377242,"touchZone":"touching","type":2,"width":16.3602},{"bases":[[[-0.994592,-0.098952,0.0315574],[0.0964127,-0.992602,-0.0737947],[0.0386261,-0.0703531,0.996774]],[[-0.994382,-0.0993084,0.0366245],[0.0827764,-0.945258,-0.315652],[0.0659665,-0.310847,0.948168]],[[-0.994382,-0.0993084,0.0366245],[0.070992,-0.882388,-0.465136],[0.0785089,-0.459923,0.884481]],[[-0.994382,-0.0993084,0.0366245],[0.0667534,-0.856908,-0.511128],[0.0821432,-0.505812,0.858724]]],"btipPosition":[1.44716,170.113,-67.0696],"carpPosition":[9.4672,134.417,61.6504],"dipPosition":[2.79827,161.793,-52.9451],"direction":[-0.0785089,0.459923,-0.884481],"extended":true,"handId":86,"id":863,"length":56.7191,"mcpPosition":[7.30757,138.35,5.91955],"pipPosition":[4.71289,150.577,-31.375],"stabilizedTipPosition":[1.64431,167.381,-63.5766],"timeVisible":15.772,"tipPosition":[4.44621,169.383,-63.0839],"tipVelocity":[96.5361,710.147,-210.572],"tool":false,"touchDistance":-0.398515,"touchZone":"touching","type":3,"width":15.5677},{"bases":[[[-0.985603,0.0589464,0.158467],[-0.0564251,-0.998199,0.0203665],[0.159383,0.0111317,0.987154]],[[-0.990762,0.058501,0.122347],[-0.0998132,-0.925309,-0.365843],[0.0918063,-0.374675,0.9226]],[[-0.990762,0.058501,0.122347],[-0.118659,-0.810759,-0.573228],[0.0656592,-0.58245,0.81021]],[[-0.990762,0.058501,0.122347],[-0.122855,-0.769207,-0.627078],[0.0574252,-0.636316,0.769288]]],"btipPosition":[-15.9217,168.405,-43.3087],"carpPosition":[-2.81292,137.634,62.1257],"dipPosition":[-15.0503,158.75,-31.6353],"direction":[-0.0656592,0.58245,-0.81021],"extended":true,"handId":86,"id":864,"length":44.4667,"mcpPosition":[-11.062,137.058,11.0341],"pipPosition":[-13.9198,148.721,-17.6848],"stabilizedTipPosition":[-15.7501,165.769,-40.5242],"timeVisible":15.772,"tipPosition":[-12.2947,162.514,-42.4482],"tipVelocity":[53.302,783.966,-187.169],"tool":false,"touchDistance":-0.434913,"touchZone":"touching","type":4,"width":13.8285}],"r":[[0.991575,-0.129461,-0.00427872],[0.107741,0.84265,-0.527573],[0.0719056,0.522667,0.849499]],"s":0.706976,"t":[35.5145,-26.2803,12.4348],"timestamp":629752287557},{"currentFrameRate":62.5254,"devices":[],"gestures":[],"hands":[{"armBasis":[[-0.940488,-0.336793,-0.0453134],[0.302572,-0.769201,-0.562832],[0.154703,-0.543047,0.825328]],"armWidth":55.4852,"confidence":1,"direction":[0.132697,0.00739766,-0.991129],"elbow":[45.886,17.204,283.834],"grabAngle":0.48477,"grabStrength":0,"id":86,"palmNormal":[-0.277983,0.960116,-0.0300515],"palmPosition":[20.1767,159.628,19.4757],"palmVelocity":[6.8217,661.919,-248.679],"palmWidth":81.2159,"pinchDistance":43.4094,"pinchStrength":0,"r":[[0.990163,-0.139907,0.00161296],[0.121041,0.850746,-0.511448],[0.070183,0.506613,0.859312]],"s":0.718596,"sphereCenter":[-37.6005,266.879,7.85271],"sphereRadius":121.28,"stabilizedPalmPosition":[20.1659,158.627,19.8499],"t":[35.745,-15.71,8.60096],"timeVisible":15.79,"type":"right","wrist":[8.6031,148.077,84.9324]}],"id":31311,"interactionBox":{"center":[0,200,0],"size":[235.247,235.247,147.751]},"pointables":[{"bases":[[[-0.108302,-0.969782,-0.218617],[0.838193,-0.20732,0.504431],[-0.534512,-0.128612,0.835318]],[[0.0278646,-0.90744,-0.419257],[0.887638,-0.17042,0.42785],[-0.459697,-0.384071,0.80073]],[[0.0278646,-0.90744,-0.419257],[0.99961,0.0261381,0.00986266],[0.0020088,-0.419369,0.907814]],[[0.0278646,-0.90744,-0.419257],[0.945844,0.159638,-0.282658],[0.323424,-0.388676,0.862744]]],"btipPosition":[43.2612,207.721,-8.18658],"carpPosition":[29.503,170.012,72.5143],"dipPosition":[49.9248,199.713,9.58868],"direction":[-0.0020088,0.419369,-0.907814],"extended":false,"handId":86,"id":860,"length":45.8802,"mcpPosition":[29.503,170.012,72.5143],"pipPosition":[49.9851,187.125,36.8374],"stabilizedTipPosition":[44.7367,204.734,-3.95975],"timeVisible":15.79,"tipPosition":[45.6326,203.342,-4.51202],"tipVelocity":[37.7367,787.49,-93.648],"tool":false,"touchDistance":-0.459892,"touchZone":"touching","type":0,"width":17.4391},{"bases":[[[-0.91559,-0.274295,-0.294036],[0.318008,-0.94145,-0.111994],[-0.2461,-0.196046,0.94921]],[[-0.947126,-0.31014,-0.0822538],[0.320238,-0.897709,-0.3026],[0.0200084,-0.312941,0.949562]],[[-0.947126,-0.31014,-0.0822538],[0.31502,-0.850108,-0.421994],[0.0609526,-0.425593,0.90286]],[[-0.947126,-0.31014,-0.0822538],[0.309057,-0.812895,-0.493646],[0.0862358,-0.492966,0.865765]]],"btipPosition":[41.583,192.494,-67.8384],"carpPosition":[28.7731,151.314,62.6405],"dipPosition":[42.88,185.08,-54.8163],"direction":[-0.0609526,0.425593,-0.90286],"extended":true,"handId":86,"id":861,"length":51.7707,"mcpPosition":[44.9338,164.188,0.30889],"pipPosition":[44.177,176.024,-35.605],"stabilizedTipPosition":[41.8063,190.24,-64.7325],"timeVisible":15.79,"tipPosition":[39.7309,193.6,-63.0753],"tipVelocity":[112.181,839.942,-168.403],"tool":false,"touchDistance":-0.502463,"touchZone":"touching","type":1,"width":16.6578},{"bases":[[[-0.981129,-0.133719,-0.139661],[0.153158,-0.978345,-0.139225],[-0.11802,-0.157988,0.980363]],[[-0.988202,-0.151615,-0.0216868],[0.150803,-0.93847,-0.310696],[0.0267538,-0.310301,0.950262]],[[-0.988202,-0.151615,-0.0216868],[0.146227,-0.891858,-0.428026],[0.0455537,-0.426147,0.903506]],[[-0.988202,-0.151615,-0.0216868],[0.141784,-0.852047,-0.503897],[0.0579203,-0.501027,0.863491]]],"btipPosition":[23.5468,188.967,-79.5018],"carpPosition":[19.4311,147.005,58.7744],"dipPosition":[24.505,180.678,-65.2167],"direction":[-0.0455537,0.426147,-0.903506],"extended":true,"handId":86,"id":862,"length":58.9886,"mcpPosition":[26.7806,156.843,-2.27631],"pipPosition":[25.6453,170.01,-42.5986],"stabilizedTipPosition":[23.6338,186.282,-75.9933],"timeVisible":15.79,"tipPosition":[23.9795,190.551,-74.3666],"tipVelocity":[134.779,794.4,-226.963],"tool":false,"touchDistance":-0.429233,"touchZone":"touching","type":2,"width":16.3602},{"bases":[[[-0.996538,-0.0813762,0.017025],[0.0788293,-0.989936,-0.117524],[0.0264174,-0.115776,0.992924]],[[-0.996401,-0.0819255,0.021743],[0.0696746,-0.937724,-0.340322],[0.04827,-0.337582,0.940058]],[[-0.996401,-0.0819255,0.021743],[0.0613892,-0.874381,-0.48134],[0.0584458,-0.478273,0.876264]],[[-0.996401,-0.0819255,0.021743],[0.0579092,-0.845282,-0.531173],[0.0618956,-0.528002,0.846984]]],"btipPosition":[3.11582,184.975,-71.3716],"carpPosition":[8.93487,144.875,56.4207],"dipPosition":[4.1339,176.29,-57.4402],"direction":[-0.0584458,0.478273,-0.876264],"extended":true,"handId":86,"id":863,"length":56.7191,"mcpPosition":[7.45785,151.348,0.90505],"pipPosition":[5.55923,164.626,-36.0705],"stabilizedTipPosition":[3.25483,182.107,-67.9113],"timeVisible":15.79,"tipPosition":[5.67387,185.251,-66.8016],"tipVelocity":[88.3009,819.627,-241.066],"tool":false,"touchDistance":-0.452193,"touchZone":"touching","type":3,"width":15.5677},{"bases":[[[-0.986017,0.0704632,0.151014],[-0.0751062,-0.996856,-0.0252584],[0.148759,-0.0362473,0.988209]],[[-0.989588,0.0713921,0.124973],[-0.115492,-0.912042,-0.393499],[0.0858876,-0.403836,0.910791]],[[-0.989588,0.0713921,0.124973],[-0.132761,-0.788111,-0.601045],[0.0555826,-0.611378,0.789384]],[[-0.989588,0.0713921,0.124973],[-0.136659,-0.738515,-0.660242],[0.0451583,-0.670446,0.740583]]],"btipPosition":[-15.3031,183.447,-47.4106],"carpPosition":[-3.28807,148.3,56.9167],"dipPosition":[-14.6179,173.274,-36.1728],"direction":[-0.0555826,0.611378,-0.789384],"extended":true,"handId":86,"id":864,"length":44.4667,"mcpPosition":[-10.9873,150.176,5.77044],"pipPosition":[-13.6608,162.747,-22.5808],"stabilizedTipPosition":[-15.1635,180.652,-44.6981],"timeVisible":15.79,"tipPosition":[-11.3849,178.199,-46.4246],"tipVelocity":[31.9331,827.663,-233.057],"tool":false,"touchDistance":-0.482786,"touchZone":"touching","type":4,"width":13.8285}],"r":[[0.990163,-0.139907,0.00161296],[0.121041,0.850746,-0.511448],[0.070183,0.506613,0.859312]],"s":0.718596,"t":[35.745,-15.71,8.60096],"timestamp":629752305587},{"currentFrameRate":61.906,"devices":[],"gestures":[],"hands":[{"armBasis":[[-0.935588,-0.343749,-0.0806912],[0.330462,-0.771952,-0.543034],[0.124378,-0.534721,0.835825]],"armWidth":55.4852,"confidence":1,"direction":[0.148128,0.0580038,-0.987266],"elbow":[38.6623,30.4241,281.87],"grabAngle":0.473163,"grabStrength":0,"id":86,"palmNormal":[-0.297607,0.95462,0.0114334],"palmPosition":[21.3356,173.715,15.6437],"palmVelocity":[64.1473,779.765,-212.112],"palmWidth":81.2159,"pinchDistance":46.6087,"pinchStrength":0,"r":[[0.989497,-0.144323,0.00814267],[0.129785,0.862192,-0.489674],[0.0636508,0.485588,0.871867]],"s":0.731429,"sphereCenter":[-41.1628,278.176,6.79058],"sphereRadius":121.226,"stabilizedPalmPosition":[21.2584,172.72,15.9212],"t":[36.4397,-3.38121,4.76804],"timeVisible":15.8081,"type":"right","wrist":[8.68769,159.29,80.4392]}],"id":31312,"interactionBox":{"center":[0,200,0],"size":[235.247,235.247,147.751]},"pointables":[{"bases":[[[-0.0844197,-0.960069,-0.266721],[0.834308,-0.214457,0.507877],[-0.544797,-0.179653,0.819098]],[[0.0691219,-0.873275,-0.4823],[0.895055,-0.159219,0.416565],[-0.440567,-0.460479,0.770623]],[[0.0691219,-0.873275,-0.4823],[0.997559,0.0653272,0.0246829],[0.00995239,-0.482829,0.875658]],[[0.0691219,-0.873275,-0.4823],[0.935427,0.224751,-0.272881],[0.346698,-0.432294,0.83242]]],"btipPosition":[41.7917,225.625,-8.50082],"carpPosition":[29.6038,181.709,69.2687],"dipPosition":[48.9347,216.719,8.64966],"direction":[-0.00995239,0.482829,-0.875658],"extended":false,"handId":86,"id":860,"length":45.8802,"mcpPosition":[29.6038,181.709,69.2687],"pipPosition":[49.2335,202.226,34.9332],"stabilizedTipPosition":[43.4953,222.698,-4.52838],"timeVisible":15.8081,"tipPosition":[45.7735,219.8,-5.58167],"tipVelocity":[-75.2394,979.636,-25.3482],"tool":false,"touchDistance":-0.449105,"touchZone":"touching","type":0,"width":17.4391},{"bases":[[[-0.904867,-0.278237,-0.322179],[0.339466,-0.928301,-0.151727],[-0.256863,-0.246662,0.934441]],[[-0.938153,-0.32247,-0.126028],[0.346217,-0.875745,-0.336458],[-0.0018707,-0.359282,0.933227]],[[-0.938153,-0.32247,-0.126028],[0.343145,-0.817608,-0.46235],[0.0460527,-0.477001,0.877695]],[[-0.938153,-0.32247,-0.126028],[0.336827,-0.765857,-0.547732],[0.0801077,-0.556306,0.827108]]],"btipPosition":[44.1764,211.803,-69.2768],"carpPosition":[29.4231,163.5,58.4975],"dipPosition":[45.3813,203.435,-56.8361],"direction":[-0.0460527,0.477001,-0.877695],"extended":true,"handId":86,"id":861,"length":51.7707,"mcpPosition":[46.2905,179.697,-2.86423],"pipPosition":[46.3612,193.286,-38.1604],"stabilizedTipPosition":[44.3928,209.428,-66.3768],"timeVisible":15.8081,"tipPosition":[41.6522,211.897,-64.9371],"tipVelocity":[142.38,1056.64,-87.0226],"tool":false,"touchDistance":-0.504132,"touchZone":"touching","type":1,"width":16.6578},{"bases":[[[-0.975775,-0.146648,-0.162353],[0.175878,-0.967166,-0.183459],[-0.130118,-0.207569,0.969528]],[[-0.983969,-0.167126,-0.062247],[0.178314,-0.928181,-0.326625],[-0.0031889,-0.332488,0.943102]],[[-0.983969,-0.167126,-0.062247],[0.177361,-0.88045,-0.439717],[0.018683,-0.443708,0.895976]],[[-0.983969,-0.167126,-0.062247],[0.174872,-0.835635,-0.520706],[0.035008,-0.523243,0.851464]]],"btipPosition":[27.4273,205.992,-82.6374],"carpPosition":[20.2359,159.194,54.2728],"dipPosition":[28.0064,197.336,-68.5513],"direction":[-0.018683,0.443708,-0.895976],"extended":true,"handId":86,"id":862,"length":58.9886,"mcpPosition":[28.3388,172.12,-6.10318],"pipPosition":[28.4741,186.228,-46.1217],"stabilizedTipPosition":[27.408,203.313,-79.2654],"timeVisible":15.8081,"tipPosition":[26.212,208.409,-76.9699],"tipVelocity":[209.971,937.715,-176.096],"tool":false,"touchDistance":-0.462364,"touchZone":"touching","type":2,"width":16.3602},{"bases":[[[-0.994751,-0.102266,-0.0036141],[0.101477,-0.981296,-0.16359],[0.0131831,-0.163098,0.986522]],[[-0.994797,-0.101586,-0.007719],[0.0975304,-0.9277,-0.360363],[0.0294469,-0.359241,0.93278]],[[-0.994797,-0.101586,-0.007719],[0.0917567,-0.860459,-0.50119],[0.044272,-0.49929,0.865303]],[[-0.994797,-0.101586,-0.007719],[0.0881724,-0.820528,-0.564764],[0.0510385,-0.562506,0.825216]]],"btipPosition":[6.01076,201.646,-74.8789],"carpPosition":[9.82525,156.968,51.6439],"dipPosition":[6.85025,192.394,-61.3055],"direction":[-0.044272,0.49929,-0.865303],"extended":true,"handId":86,"id":863,"length":56.7191,"mcpPosition":[9.08817,166.087,-3.51381],"pipPosition":[7.92992,180.217,-40.2031],"stabilizedTipPosition":[6.07432,198.753,-71.5881],"timeVisible":15.8081,"tipPosition":[7.50231,202.785,-69.7748],"tipVelocity":[157.969,915.564,-198.694],"tool":false,"touchDistance":-0.489151,"touchZone":"touching","type":3,"width":15.5677},{"bases":[[[-0.98954,0.0430987,0.137669],[-0.0537154,-0.995784,-0.0743564],[0.133884,-0.0809736,0.987683]],[[-0.992781,0.0452591,0.111078],[-0.0868847,-0.909802,-0.405847],[0.0826905,-0.412568,0.907166]],[[-0.992781,0.0452591,0.111078],[-0.103736,-0.788881,-0.605728],[0.0602125,-0.612878,0.78788]],[[-0.992781,0.0452591,0.111078],[-0.108263,-0.736768,-0.667422],[0.0516317,-0.674629,0.736349]]],"btipPosition":[-13.7969,197.94,-51.9983],"carpPosition":[-2.47333,160.117,52.0987],"dipPosition":[-13.0135,187.703,-40.8247],"direction":[-0.0602125,0.612878,-0.78788],"extended":true,"handId":86,"id":864,"length":44.4667,"mcpPosition":[-9.4027,164.308,0.979729],"pipPosition":[-11.9767,177.151,-27.2587],"stabilizedTipPosition":[-13.6679,195.092,-49.2719],"timeVisible":15.8081,"tipPosition":[-10.1353,194.918,-49.7553],"tipVelocity":[84.6217,801.423,-254.761],"tool":false,"touchDistance":-0.531878,"touchZone":"touching","type":4,"width":13.8285}],"r":[[0.989497,-0.144323,0.00814267],[0.129785,0.862192,-0.489674],[0.0636508,0.485588,0.871867]],"s":0.731429,"t":[36.4397,-3.38121,4.76804],"timestamp":629752323653},{"currentFrameRate":61.3379,"devices":[],"gestures":[],"hands":[{"armBasis":[[-0.938682,-0.332881,-0.0898092],[0.327853,-0.781151,-0.531333],[0.106716,-0.528197,0.842389]],"armWidth":55.4852,"confidence":1,"direction":[0.149599,0.105345,-0.983119],"elbow":[34.8491,44.7925,280.49],"grabAngle":0.458225,"grabStrength":0,"id":86,"palmNormal":[-0.291993,0.954668,0.0578648],"palmPosition":[22.0705,189.059,13.2861],"palmVelocity":[40.6651,848.993,-130.445],"palmWidth":81.2159,"pinchDistance":53.6799,"pinchStrength":0,"r":[[0.988733,-0.149205,0.0120307],[0.137736,0.875368,-0.463423],[0.0586135,0.459858,0.886056]],"s":0.744148,"sphereCenter":[-40.7567,289.262,7.33727],"sphereRadius":117.851,"stabilizedPalmPosition":[22.0324,188.292,13.4097],"t":[37.1545,10.4551,1.67281],"timeVisible":15.8262,"type":"right","wrist":[9.13081,172.086,77.4772]}],"id":31313,"interactionBox":{"center":[0,200,0],"size":[235.247,235.247,147.751]},"pointables":[{"bases":[[[-0.0897662,-0.945355,-0.313441],[0.832447,-0.243993,0.497492],[-0.546785,-0.216265,0.808861]],[[0.0792006,-0.836219,-0.542646],[0.903908,-0.169288,0.392801],[-0.420331,-0.521612,0.742457]],[[0.0792006,-0.836219,-0.542646],[0.996429,0.0823841,0.0184773],[0.0292543,-0.542172,0.839758]],[[0.0792006,-0.836219,-0.542646],[0.926114,0.263133,-0.270321],[0.368836,-0.481142,0.795275]]],"btipPosition":[40.5749,243.799,-7.42661],"carpPosition":[30.3241,194.371,67.2451],"dipPosition":[48.1741,233.886,8.95857],"direction":[-0.0292543,0.542172,-0.839758],"extended":false,"handId":86,"id":860,"length":45.8802,"mcpPosition":[30.3241,194.371,67.2451],"pipPosition":[49.0522,217.612,34.1646],"stabilizedTipPosition":[42.3579,240.954,-3.68412],"timeVisible":15.8262,"tipPosition":[46.0474,236.916,-5.3041],"tipVelocity":[-61.5185,992.751,49.698],"tool":false,"touchDistance":-0.419055,"touchZone":"touching","type":0,"width":17.4391},{"bases":[[[-0.90612,-0.256767,-0.336181],[0.334167,-0.921767,-0.196667],[-0.259382,-0.290545,0.921035]],[[-0.939397,-0.308775,-0.148965],[0.342546,-0.863089,-0.371133],[-0.0139729,-0.399669,0.916553]],[[-0.939397,-0.308775,-0.148965],[0.341092,-0.798095,-0.49669],[0.0344778,-0.5174,0.855049]],[[-0.939397,-0.308775,-0.148965],[0.335414,-0.73789,-0.585675],[0.0709226,-0.600147,0.79674]]],"btipPosition":[45.8095,230.943,-69.7289],"carpPosition":[30.0486,176.712,55.5958],"dipPosition":[46.8763,221.916,-57.745],"direction":[-0.0344778,0.5174,-0.855049],"extended":true,"handId":86,"id":861,"length":51.7707,"mcpPosition":[47.0814,195.791,-4.88556],"pipPosition":[47.6099,210.907,-39.5511],"stabilizedTipPosition":[46.0308,228.586,-66.9639],"timeVisible":15.8262,"tipPosition":[42.8334,230.933,-65.3768],"tipVelocity":[88.6041,1050.66,-30.8251],"tool":false,"touchDistance":-0.490409,"touchZone":"touching","type":1,"width":16.6578},{"bases":[[[-0.976434,-0.132734,-0.170169],[0.17039,-0.958062,-0.230402],[-0.13245,-0.253968,0.958101]],[[-0.984669,-0.156686,-0.0766597],[0.173798,-0.918757,-0.354513],[-0.0148844,-0.362401,0.931903]],[[-0.984669,-0.156686,-0.0766597],[0.174324,-0.868299,-0.4644],[0.00620148,-0.470644,0.882302]],[[-0.984669,-0.156686,-0.0766597],[0.172848,-0.81732,-0.549646],[0.0234664,-0.55447,0.831873]]],"btipPosition":[29.1773,224.82,-83.8993],"carpPosition":[20.841,172.672,51.1577],"dipPosition":[29.5655,215.647,-70.1373],"direction":[-0.00620148,0.470644,-0.882302],"extended":true,"handId":86,"id":862,"length":58.9886,"mcpPosition":[29.0892,188.488,-8.50671],"pipPosition":[29.7208,203.865,-48.05],"stabilizedTipPosition":[29.2196,222.22,-80.6969],"timeVisible":15.8262,"tipPosition":[27.4444,227.7,-77.8147],"tipVelocity":[94.4012,1035.21,-73.9469],"tool":false,"touchDistance":-0.464507,"touchZone":"touching","type":2,"width":16.3602},{"bases":[[[-0.995331,-0.0960576,-0.00946555],[0.0958836,-0.972704,-0.211312],[0.0110909,-0.211233,0.977373]],[[-0.995386,-0.0944446,-0.0169159],[0.0934642,-0.914584,-0.393447],[0.0216879,-0.393213,0.919192]],[[-0.995386,-0.0944446,-0.0169159],[0.0890698,-0.844013,-0.528874],[0.0356721,-0.527941,0.848532]],[[-0.995386,-0.0944446,-0.0169159],[0.0857745,-0.796904,-0.597985],[0.0429961,-0.596677,0.801329]]],"btipPosition":[7.37016,220.606,-76.2607],"carpPosition":[10.4205,170.64,48.4141],"dipPosition":[8.07738,210.791,-63.0802],"direction":[-0.0356721,0.527941,-0.848532],"extended":true,"handId":86,"id":863,"length":56.7191,"mcpPosition":[9.80038,182.45,-6.23206],"pipPosition":[8.94732,197.916,-42.3869],"stabilizedTipPosition":[7.4908,217.784,-73.1819],"timeVisible":15.8262,"tipPosition":[8.4434,222.094,-70.7892],"tipVelocity":[73.5341,1041.92,-81.4599],"tool":false,"touchDistance":-0.490653,"touchZone":"touching","type":3,"width":15.5677},{"bases":[[[-0.989426,0.0421883,0.138764],[-0.0594933,-0.990618,-0.123027],[0.132272,-0.129982,0.982654]],[[-0.992662,0.0457123,0.111953],[-0.0894364,-0.900639,-0.425266],[0.0813894,-0.432158,0.898118]],[[-0.992662,0.0457123,0.111953],[-0.105091,-0.784121,-0.611645],[0.0598251,-0.618922,0.783171]],[[-0.992662,0.0457123,0.111953],[-0.109611,-0.731145,-0.673359],[0.0510732,-0.680689,0.73079]]],"btipPosition":[-13.0444,215.001,-54.3777],"carpPosition":[-1.85985,173.836,49.0119],"dipPosition":[-12.2694,204.672,-43.2885],"direction":[-0.0598251,0.618922,-0.783171],"extended":true,"handId":86,"id":864,"length":44.4667,"mcpPosition":[-8.70578,180.563,-1.8468],"pipPosition":[-11.2393,194.015,-29.8036],"stabilizedTipPosition":[-12.8852,212.209,-51.7665],"timeVisible":15.8262,"tipPosition":[-9.65044,213.499,-51.1229],"tipVelocity":[41.5323,942.828,-132.731],"tool":false,"touchDistance":-0.543006,"touchZone":"touching","type":4,"width":13.8285}],"r":[[0.988733,-0.149205,0.0120307],[0.137736,0.875368,-0.463423],[0.0586135,0.459858,0.886056]],"s":0.744148,"t":[37.1545,10.4551,1.67281],"timestamp":629752341726},{"currentFrameRate":55.7665,"devices":[],"gestures":[],"hands":[{"armBasis":[[-0.962094,-0.270081,-0.0378212],[0.249335,-0.814924,-0.523193],[0.110483,-0.512792,0.851374]],"armWidth":55.4852,"confidence":1,"direction":[0.180419,0.0931417,-0.97917],"elbow":[31.9319,71.0337,279.885],"grabAngle":0.474888,"grabStrength":0,"id":86,"palmNormal":[-0.185377,0.980886,0.059148],"palmPosition":[20.5582,210.103,10.7697],"palmVelocity":[-41.808,581.756,-69.5648],"palmWidth":81.2159,"pinchDistance":54.5989,"pinchStrength":0,"r":[[0.984363,-0.175158,0.0187091],[0.165404,0.882526,-0.440216],[0.060596,0.436427,0.897697]],"s":0.75201,"sphereCenter":[-26.0768,301.35,1.50225],"sphereRadius":101.939,"stabilizedPalmPosition":[20.5589,210.093,10.771],"t":[36.7557,27.8955,-1.13303],"timeVisible":15.8623,"type":"right","wrist":[5.30574,194.615,74.7065]}],"id":31314,"interactionBox":{"center":[0,200,0],"size":[235.247,235.247,147.751]},"pointables":[{"bases":[[[-0.187689,-0.927903,-0.322132],[0.789893,-0.337522,0.512004],[-0.583816,-0.158352,0.796293]],[[0.0302127,-0.812477,-0.582209],[0.899264,-0.232192,0.370691],[-0.436363,-0.534759,0.723616]],[[0.0302127,-0.812477,-0.582209],[0.999543,0.0251205,0.0168137],[0.000964632,-0.582451,0.812865]],[[0.0302127,-0.812477,-0.582209],[0.923654,0.245321,-0.294416],[0.382034,-0.528865,0.75786]]],"btipPosition":[39.7884,266.393,-7.33532],"carpPosition":[28.2461,214.188,64.9188],"dipPosition":[47.6595,255.497,8.27899],"direction":[-0.000964632,0.582451,-0.812865],"extended":false,"handId":86,"id":860,"length":45.8802,"mcpPosition":[28.2461,214.188,64.9188],"pipPosition":[47.6885,238.014,32.6778],"stabilizedTipPosition":[41.5989,263.884,-3.74402],"timeVisible":15.8623,"tipPosition":[47.1625,258.115,-5.87505],"tipVelocity":[-20.014,618.353,-2.37771],"tool":false,"touchDistance":-0.406773,"touchZone":"touching","type":0,"width":17.4391},{"bases":[[[-0.921957,-0.15278,-0.355884],[0.233768,-0.952158,-0.196844],[-0.308784,-0.264676,0.913564]],[[-0.964276,-0.201096,-0.172429],[0.256651,-0.870395,-0.420171],[-0.0655861,-0.449415,0.890912]],[[-0.964276,-0.201096,-0.172429],[0.262518,-0.812516,-0.520482],[-0.035434,-0.547154,0.836282]],[[-0.964276,-0.201096,-0.172429],[0.264864,-0.742497,-0.61526],[-0.00430128,-0.638951,0.769236]]],"btipPosition":[49.8268,252.359,-69.9152],"carpPosition":[26.2507,196.728,53.1361],"dipPosition":[49.7621,242.749,-58.345],"direction":[0.035434,0.547154,-0.836282],"extended":true,"handId":86,"id":861,"length":51.7707,"mcpPosition":[46.5276,214.109,-6.85468],"pipPosition":[49.0082,231.106,-40.5504],"stabilizedTipPosition":[49.8118,250.148,-67.254],"timeVisible":15.8623,"tipPosition":[47.8808,249.878,-67.1746],"tipVelocity":[103.861,588.321,-7.7811],"tool":false,"touchDistance":-0.473923,"touchZone":"touching","type":1,"width":16.6578},{"bases":[[[-0.981451,-0.0225606,-0.19038],[0.0676989,-0.969859,-0.234072],[-0.179361,-0.242619,0.953397]],[[-0.994337,-0.0463243,-0.0956435],[0.0805581,-0.915544,-0.394067],[-0.069311,-0.39954,0.914092]],[[-0.994337,-0.0463243,-0.0956435],[0.0866837,-0.874193,-0.477779],[-0.0614781,-0.483365,0.873258]],[[-0.994337,-0.0463243,-0.0956435],[0.0920432,-0.825264,-0.557196],[-0.0531195,-0.562844,0.824854]]],"btipPosition":[33.2727,247.234,-85.1783],"carpPosition":[16.7444,193.76,48.4874],"dipPosition":[32.3939,237.922,-71.5324],"direction":[0.0614781,0.483364,-0.873258],"extended":true,"handId":86,"id":862,"length":58.9886,"mcpPosition":[27.9138,208.868,-10.884],"pipPosition":[30.8549,225.822,-49.6715],"stabilizedTipPosition":[33.0702,245.09,-82.0396],"timeVisible":15.8623,"tipPosition":[32.175,247.966,-80.185],"tipVelocity":[105.158,618.723,-36.0957],"tool":false,"touchDistance":-0.465976,"touchZone":"touching","type":2,"width":16.3602},{"bases":[[[-0.999441,0.0151587,-0.0298136],[-0.00834653,-0.976233,-0.216564],[-0.0323878,-0.216194,0.975813]],[[-0.999283,0.016139,-0.0342389],[0.00063008,-0.89733,-0.44136],[-0.0378467,-0.441065,0.896677]],[[-0.999283,0.016139,-0.0342389],[0.00565035,-0.830812,-0.556525],[-0.0374278,-0.55632,0.830125]],[[-0.999283,0.016139,-0.0342389],[0.00835145,-0.788251,-0.615297],[-0.0369191,-0.615142,0.787551]]],"btipPosition":[11.0404,246.033,-77.5027],"carpPosition":[6.22095,192.912,45.5238],"dipPosition":[10.4332,235.915,-64.5488],"direction":[0.0374278,0.55632,-0.830125],"extended":true,"handId":86,"id":863,"length":56.7191,"mcpPosition":[8.03179,204.999,-9.03513],"pipPosition":[9.52043,222.348,-44.3044],"stabilizedTipPosition":[10.9003,243.702,-74.5231],"timeVisible":15.8623,"tipPosition":[12.1552,244.688,-73.5105],"tipVelocity":[93.1043,700.982,-35.7745],"tool":false,"touchDistance":-0.489333,"touchZone":"touching","type":3,"width":15.5677},{"bases":[[[-0.981262,0.151127,0.119522],[-0.166523,-0.97723,-0.131497],[0.0969275,-0.148937,0.984085]],[[-0.982488,0.153135,0.106147],[-0.185369,-0.861002,-0.473617],[0.0188653,-0.485,0.874311]],[[-0.982488,0.153135,0.106147],[-0.18575,-0.760168,-0.622608],[-0.0146537,-0.631422,0.775301]],[[-0.982488,0.153135,0.106147],[-0.183966,-0.706854,-0.683018],[-0.0295638,-0.690585,0.722647]]],"btipPosition":[-10.5415,241.606,-56.5608],"carpPosition":[-5.63856,197.449,45.9028],"dipPosition":[-10.9901,231.126,-45.5951],"direction":[0.0146537,0.631422,-0.775301],"extended":true,"handId":86,"id":864,"length":44.4667,"mcpPosition":[-10.6552,205.157,-5.02996],"pipPosition":[-11.2424,220.254,-32.2457],"stabilizedTipPosition":[-10.6449,239.192,-54.0384],"timeVisible":15.8623,"tipPosition":[-7.32837,238.349,-54.0669],"tipVelocity":[61.41,734.502,-61.1336],"tool":false,"touchDistance":-0.550211,"touchZone":"touching","type":4,"width":13.8285}],"r":[[0.984363,-0.175158,0.0187091],[0.165404,0.882526,-0.440216],[0.060596,0.436427,0.897697]],"s":0.75201,"t":[36.7557,27.8955,-1.13303],"timestamp":629752377900},{"currentFrameRate":55.7308,"devices":[],"gestures":[{"direction":[0.0691498,0.983109,-0.169456],"duration":0,"handIds":[86],"id":48,"pointableIds":[864],"position":[-9.23163,259.455,-54.88],"speed":265.356,"startPosition":[-17.479,142.201,-34.6692],"state":"start","type":"swipe"}],"hands":[{"armBasis":[[-0.977905,-0.208883,-0.0083108],[0.17782,-0.810264,-0.558438],[0.109914,-0.547577,0.829505]],"armWidth":55.4852,"confidence":1,"direction":[0.178986,0.021426,-0.983618],"elbow":[31.9242,87.1217,275.374],"grabAngle":0.505881,"grabStrength":0,"id":86,"palmNormal":[-0.093125,0.995643,0.00474224],"palmPosition":[21.0675,230.344,10.9171],"palmVelocity":[28.193,1120.39,8.16056],"palmWidth":80.0667,"pinchDistance":55.9902,"pinchStrength":0,"r":[[0.97652,-0.214014,0.0246329],[0.203501,0.878894,-0.431431],[0.0706824,0.426314,0.90181]],"s":0.759922,"sphereCenter":[-16.6367,311.236,-4.71994],"sphereRadius":88.8217,"stabilizedPalmPosition":[21.0604,230.06,10.9151],"t":[36.811,46.7361,-2.46223],"timeVisible":15.8804,"type":"right","wrist":[5.43525,219.086,75.4656]}],"id":31315,"interactionBox":{"center":[0,200,0],"size":[235.247,235.247,147.751]},"pointables":[{"bases":[[[-0.275902,-0.922867,-0.26869],[0.760038,-0.380592,0.526776],[-0.588405,-0.058876,0.80642]],[[0.0107969,-0.803068,-0.595789],[0.890993,-0.262727,0.370279],[-0.453889,-0.534842,0.712691]],[[0.0107969,-0.803068,-0.595789],[0.999298,-0.0127171,0.0352507],[-0.0358854,-0.595751,0.802367]],[[0.0107969,-0.803068,-0.595789],[0.932811,0.22272,-0.283301],[0.360204,-0.5527,0.751516]]],"btipPosition":[43.4927,289.796,-6.60363],"carpPosition":[29.6136,236.697,64.7179],"dipPosition":[50.914,278.409,8.87997],"direction":[0.0358854,0.595751,-0.802367],"extended":false,"handId":86,"id":860,"length":45.8802,"mcpPosition":[29.6136,236.697,64.7179],"pipPosition":[49.8369,260.527,32.9636],"stabilizedTipPosition":[45.1728,287.004,-3.04761],"timeVisible":15.8804,"tipPosition":[49.5149,279.06,-6.59318],"tipVelocity":[199.314,1289.16,38.8367],"tool":false,"touchDistance":-0.383905,"touchZone":"touching","type":0,"width":17.4391},{"bases":[[[-0.935478,-0.0858648,-0.342795],[0.142663,-0.979234,-0.144041],[-0.323308,-0.183651,0.928302]],[[-0.982354,-0.122304,-0.141498],[0.176939,-0.852874,-0.491222],[-0.0606015,-0.50759,0.859465]],[[-0.982354,-0.122304,-0.141498],[0.181257,-0.809066,-0.559068],[-0.0461049,-0.574851,0.816958]],[[-0.982354,-0.122304,-0.141498],[0.184855,-0.749952,-0.635139],[-0.0284366,-0.650088,0.759327]]],"btipPosition":[50.8289,272.139,-68.3261],"carpPosition":[26.1979,219.042,53.0808],"dipPosition":[50.4012,262.361,-56.905],"direction":[0.0461049,0.574851,-0.816958],"extended":true,"handId":86,"id":861,"length":51.7707,"mcpPosition":[47.1281,230.931,-7.01526],"pipPosition":[49.4202,250.129,-39.5216],"stabilizedTipPosition":[50.727,269.814,-65.7053],"timeVisible":15.8804,"tipPosition":[51.0347,265.6,-67.9172],"tipVelocity":[50.8468,1092.71,86.0595],"tool":false,"touchDistance":-0.431543,"touchZone":"touching","type":1,"width":16.6578},{"bases":[[[-0.981079,0.0583148,-0.184615],[-0.0246772,-0.983448,-0.179505],[-0.192027,-0.171553,0.966279]],[[-0.996719,0.0380506,-0.0714438],[-0.00308578,-0.899843,-0.436202],[-0.0808859,-0.43455,0.897008]],[[-0.996719,0.0380506,-0.0714438],[0.000535208,-0.879506,-0.475887],[-0.080943,-0.474364,0.8766]],[[-0.996719,0.0380506,-0.0714438],[0.00722443,-0.837283,-0.546722],[-0.0806217,-0.545444,0.834261]]],"btipPosition":[34.8638,266.567,-84.4729],"carpPosition":[16.2826,216.697,48.6579],"dipPosition":[33.5301,257.544,-70.6714],"direction":[0.080943,0.474364,-0.8766],"extended":true,"handId":86,"id":862,"length":58.9886,"mcpPosition":[28.0716,227.229,-10.6643],"pipPosition":[31.5038,245.669,-48.7268],"stabilizedTipPosition":[34.5472,264.363,-81.3035],"timeVisible":15.8804,"tipPosition":[35.0518,262.686,-81.8261],"tipVelocity":[82.2809,1073.83,41.0269],"tool":false,"touchDistance":-0.436594,"touchZone":"touching","type":2,"width":16.3602},{"bases":[[[-0.993974,0.106403,-0.0263458],[-0.100817,-0.981736,-0.161342],[-0.0430319,-0.157713,0.986547]],[[-0.994495,0.104095,-0.0119752],[-0.0877839,-0.890111,-0.44721],[-0.0572116,-0.443697,0.894349]],[[-0.994495,0.104095,-0.0119752],[-0.0829864,-0.852249,-0.516512],[-0.0639721,-0.512675,0.856196]],[[-0.994495,0.104095,-0.0119752],[-0.0785347,-0.816156,-0.572469],[-0.0693648,-0.568378,0.819839]]],"btipPosition":[12.8863,264.639,-78.0589],"carpPosition":[5.56305,216.643,45.8626],"dipPosition":[11.7454,255.291,-64.5739],"direction":[0.0639721,0.512675,-0.856196],"extended":true,"handId":86,"id":863,"length":56.7191,"mcpPosition":[7.93497,225.336,-8.51596],"pipPosition":[10.1853,242.788,-43.6937],"stabilizedTipPosition":[12.6112,262.35,-74.9541],"timeVisible":15.8804,"tipPosition":[14.6736,261.117,-75.105],"tipVelocity":[95.3799,1039.71,-24.0227],"tool":false,"touchDistance":-0.475243,"touchZone":"touching","type":3,"width":15.5677},{"bases":[[[-0.961861,0.248173,0.115036],[-0.257592,-0.963286,-0.075678],[0.0920315,-0.102424,0.990474]],[[-0.960353,0.24659,0.130061],[-0.278783,-0.852056,-0.443036],[0.00157093,-0.46173,0.887019]],[[-0.960353,0.24659,0.130061],[-0.27597,-0.774708,-