{"frames":34,"data":[{"currentFrameRate":55.2938,"devices":[],"gestures":[],"hands":[{"armBasis":[[0.872539,0.190355,-0.449933],[0.0690811,0.863641,0.499351],[0.483635,-0.466786,0.740411]],"armWidth":61.1456,"confidence":1,"direction":[-0.119035,0.616137,-0.778592],"elbow":[160.622,129.12,242.776],"grabAngle":0.879318,"grabStrength":0,"id":36,"palmNormal":[-0.0859518,-0.787618,-0.610139],"palmPosition":[16.5499,288.618,-4.57482],"palmVelocity":[-42.255,-660.396,-48.7026],"palmWidth":86.494,"pinchDistance":49.8876,"pinchStrength":0.093279,"r":[[0.99685,-0.0760812,-0.0224097],[0.0764094,0.996976,0.0141714],[0.0212638,-0.015839,0.999648]],"s":1.07412,"sphereCenter":[20.1392,224.608,-70.2034],"sphereRadius":90.4338,"stabilizedPalmPosition":[16.5574,288.735,-4.56616],"t":[-4.24242,-94.3333,-13.9608],"timeVisible":3.94071,"type":"right","wrist":[36.4928,248.924,52.7435]}],"id":17233,"interactionBox":{"center":[0,200,0],"size":[235.247,235.247,147.751]},"pointables":[{"bases":[[[0.451686,0.826992,0.33476],[-0.711178,0.107185,0.694793],[0.538707,-0.551902,0.636552]],[[0.378619,0.891129,0.250075],[-0.759752,0.144923,0.633856],[0.528606,-0.429985,0.731908]],[[0.378619,0.891129,0.250075],[-0.892716,0.280273,0.352854],[0.244349,-0.356843,0.901641]],[[0.378619,0.891129,0.250075],[-0.92348,0.34565,0.166463],[0.0619018,-0.293965,0.95381]]],"btipPosition":[-30.9592,287.477,-45.1602],"carpPosition":[2.87973,250.022,37.0787],"dipPosition":[-29.6622,281.318,-25.1746],"direction":[-0.244349,0.356843,-0.901641],"extended":false,"handId":36,"id":360,"length":46.6601,"mcpPosition":[2.87973,250.022,37.0787],"pipPosition":[-22.2032,270.425,2.3489],"stabilizedTipPosition":[-30.6545,286.146,-40.5572],"timeVisible":3.94071,"tipPosition":[-31.6709,287.977,-38.9216],"tipVelocity":[-50.5402,-680.005,-49.3921],"tool":false,"touchDistance":0.318465,"touchZone":"hovering","type":0,"width":19.512},{"bases":[[[0.955134,0.109076,-0.275356],[0.0429571,0.868863,0.493186],[0.293042,-0.482887,0.825195]],[[0.979632,0.0602881,-0.191539],[0.00975445,0.938451,0.345273],[0.200566,-0.340109,0.918749]],[[0.979632,0.0602881,-0.191539],[-0.0262602,0.984137,0.175455],[0.199078,-0.166851,0.965675]],[[0.979632,0.0602881,-0.191539],[-0.0624078,0.998038,-0.00504804],[0.190858,0.0168987,0.981472]]],"btipPosition":[-24.5856,321.177,-89.5843],"carpPosition":[10.8503,270.972,39.375],"dipPosition":[-21.6661,321.435,-74.5708],"direction":[-0.199078,0.166851,-0.965675],"extended":true,"handId":36,"id":361,"length":52.6508,"mcpPosition":[-9.64342,304.743,-18.3344],"pipPosition":[-17.3581,317.825,-53.6737],"stabilizedTipPosition":[-23.902,321.336,-86.1244],"timeVisible":3.94071,"tipPosition":[-21.9758,323.003,-85.2483],"tipVelocity":[-84.0392,-689.598,-46.3101],"tool":false,"touchDistance":0.321298,"touchZone":"hovering","type":1,"width":18.6378},{"bases":[[[0.964532,-0.106895,-0.241353],[0.210239,0.863982,0.457531],[0.159617,-0.492045,0.855812]],[[0.975745,-0.156235,-0.153335],[0.181757,0.968589,0.169702],[0.122005,-0.193456,0.973493]],[[0.975745,-0.156235,-0.153335],[0.154066,0.987718,-0.0259997],[0.155514,0.00174542,0.987832]],[[0.975745,-0.156235,-0.153335],[0.113964,0.960588,-0.253542],[0.186904,0.229918,0.955094]]],"btipPosition":[-1.1396,310.98,-103.464],"carpPosition":[21.8151,273.911,36.5227],"dipPosition":[2.00498,314.848,-87.3951],"direction":[-0.155514,-0.00174542,-0.987832],"extended":true,"handId":36,"id":362,"length":59.9913,"mcpPosition":[11.2293,306.544,-20.2353],"pipPosition":[5.96425,314.893,-62.2456],"stabilizedTipPosition":[-0.40873,311.945,-99.7633],"timeVisible":3.94071,"tipPosition":[0.82032,316.917,-99.1217],"tipVelocity":[-72.735,-720.995,-47.8455],"tool":false,"touchDistance":0.322614,"touchZone":"hovering","type":2,"width":18.3048},{"bases":[[[0.958897,-0.242963,-0.146582],[0.283594,0.838012,0.466166],[0.00957579,-0.488575,0.872469]],[[0.958783,-0.256703,-0.121812],[0.26777,0.959713,0.0851505],[0.0950464,-0.114259,0.988894]],[[0.958783,-0.256703,-0.121812],[0.211993,0.93172,-0.294885],[0.189193,0.256908,0.947736]],[[0.958783,-0.256703,-0.121812],[0.166304,0.854589,-0.491956],[0.230386,0.451421,0.862056]]],"btipPosition":[20.1607,293.532,-95.9925],"carpPosition":[33.0792,273.792,33.4421],"dipPosition":[24.0146,301.083,-81.5721],"direction":[-0.189193,-0.256908,-0.947737],"extended":true,"handId":36,"id":363,"length":57.6833,"mcpPosition":[32.509,302.885,-18.5089],"pipPosition":[28.7069,307.455,-58.0666],"stabilizedTipPosition":[21.0511,295.329,-92.6718],"timeVisible":3.94071,"tipPosition":[20.9416,299.726,-92.5354],"tipVelocity":[-45.323,-686.107,-46.4241],"tool":false,"touchDistance":0.321548,"touchZone":"hovering","type":3,"width":17.4182},{"bases":[[[0.893433,-0.432979,-0.119613],[0.429009,0.743542,0.51293],[-0.13315,-0.509583,0.850056]],[[0.893238,-0.433718,-0.11838],[0.445398,0.88954,0.101684],[0.0612014,-0.143554,0.987748]],[[0.893238,-0.433718,-0.11838],[0.350267,0.836428,-0.421546],[0.281848,0.335077,0.899047]],[[0.893238,-0.433718,-0.11838],[0.267475,0.724311,-0.635477],[0.361361,0.535969,0.762991]]],"btipPosition":[38.7969,285.385,-76.4612],"carpPosition":[43.9072,266.891,29.1813],"dipPosition":[44.3735,293.656,-64.6866],"direction":[-0.281848,-0.335077,-0.899047],"extended":true,"handId":36,"id":364,"length":45.2226,"mcpPosition":[51.2465,294.979,-17.6738],"pipPosition":[49.309,299.524,-48.9433],"stabilizedTipPosition":[40.0834,287.358,-73.748],"timeVisible":3.94071,"tipPosition":[39.3497,289.56,-73.413],"tipVelocity":[-36.2667,-667.349,-47.329],"tool":false,"touchDistance":0.320207,"touchZone":"hovering","type":4,"width":15.4722}],"r":[[0.99685,-0.0760812,-0.0224097],[0.0764094,0.996976,0.0141714],[0.0212638,-0.015839,0.999648]],"s":1.07412,"t":[-4.24242,-94.3333,-13.9608],"timestamp":629486722422},{"currentFrameRate":55.3042,"devices":[],"gestures":[],"hands":[{"armBasis":[[0.870534,0.195332,-0.451681],[0.0576902,0.871013,0.487861],[0.488715,-0.450757,0.746978]],"armWidth":61.1456,"confidence":1,"direction":[-0.12161,0.610177,-0.782876],"elbow":[161.249,121.745,243.966],"grabAngle":0.895269,"grabStrength":0,"id":36,"palmNormal":[-0.075796,-0.792136,-0.60562],"palmPosition":[15.6948,276.519,-5.42581],"palmVelocity":[-47.3855,-670.462,-47.1564],"palmWidth":86.494,"pinchDistance":49.7302,"pinchStrength":0.0979699,"r":[[0.997438,-0.0686612,-0.0200709],[0.0689256,0.99754,0.0127937],[0.0191431,-0.0141443,0.999717]],"s":1.07519,"sphereCenter":[19.5825,213.48,-69.7583],"sphereRadius":88.7722,"stabilizedPalmPosition":[15.7001,276.594,-5.4205],"t":[-5.04576,-105.814,-14.8545],"timeVisible":3.95876,"type":"right","wrist":[35.816,237.436,52.2474]}],"id":17234,"interactionBox":{"center":[0,200,0],"size":[235.247,235.247,147.751]},"pointables":[{"bases":[[[0.442308,0.833332,0.331544],[-0.715131,0.104607,0.691119],[0.54125,-0.542785,0.64221]],[[0.368246,0.896783,0.245305],[-0.764852,0.142203,0.628316],[0.52858,-0.418997,0.738272]],[[0.368246,0.896783,0.245305],[-0.894916,0.270374,0.354999],[0.252033,-0.350254,0.902109]],[[0.368246,0.896783,0.245305],[-0.926817,0.333222,0.173126],[0.0735158,-0.291106,0.953862]]],"btipPosition":[-32.0982,274.723,-46.1488],"carpPosition":[2.21749,238.049,36.4074],"dipPosition":[-30.5578,268.623,-26.1622],"direction":[-0.252033,0.350254,-0.902109],"extended":false,"handId":36,"id":360,"length":46.6601,"mcpPosition":[2.21749,238.049,36.4074],"pipPosition":[-22.8642,257.931,1.37563],"stabilizedTipPosition":[-31.7389,273.378,-41.5474],"timeVisible":3.95876,"tipPosition":[-32.3538,275.153,-40.0132],"tipVelocity":[-60.0109,-706.035,-54.772],"tool":false,"touchDistance":0.320999,"touchZone":"hovering","type":0,"width":19.512},{"bases":[[[0.955211,0.116557,-0.272003],[0.0325241,0.872245,0.487987],[0.294132,-0.474977,0.829387]],[[0.978086,0.0726812,-0.195102],[-0.00298774,0.941891,0.335904],[0.208179,-0.32796,0.921468]],[[0.978086,0.0726812,-0.195102],[-0.0391303,0.984561,0.17061],[0.20449,-0.159237,0.96583]],[[0.978086,0.0726812,-0.195102],[-0.076905,0.996938,-0.0141522],[0.193476,0.0288464,0.980681]]],"btipPosition":[-25.9851,307.926,-90.7405],"carpPosition":[9.97703,259.089,38.6078],"dipPosition":[-23.0255,308.367,-75.7392],"direction":[-0.20449,0.159237,-0.96583],"extended":true,"handId":36,"id":361,"length":52.6508,"mcpPosition":[-10.5929,292.306,-19.3948],"pipPosition":[-18.6004,304.921,-54.8387],"stabilizedTipPosition":[-25.297,308.097,-87.2841],"timeVisible":3.95876,"tipPosition":[-22.9132,309.956,-86.5041],"tipVelocity":[-77.0397,-731.969,-64.2269],"tool":false,"touchDistance":0.321833,"touchZone":"hovering","type":1,"width":18.6378},{"bases":[[[0.966533,-0.099101,-0.236627],[0.199995,0.868753,0.453067],[0.160671,-0.485229,0.859499]],[[0.977664,-0.146453,-0.150744],[0.169281,0.973806,0.151806],[0.124563,-0.173934,0.976847]],[[0.977664,-0.146453,-0.150744],[0.140745,0.988885,-0.0479218],[0.156087,0.025635,0.987411]],[[0.977664,-0.146453,-0.150744],[0.0994777,0.954265,-0.281926],[0.185139,0.260634,0.94752]]],"btipPosition":[-2.19469,296.765,-104.454],"carpPosition":[20.9253,262.116,35.7835],"dipPosition":[0.920198,301.15,-88.5128],"direction":[-0.156087,-0.025635,-0.987411],"extended":true,"handId":36,"id":362,"length":59.9913,"mcpPosition":[10.2695,294.297,-21.219],"pipPosition":[4.89407,301.803,-63.374],"stabilizedTipPosition":[-1.47428,297.826,-100.784],"timeVisible":3.95876,"tipPosition":[-0.0304709,303.569,-100.258],"tipVelocity":[-58.8453,-781.122,-56.4958],"tool":false,"touchDistance":0.324502,"touchZone":"hovering","type":2,"width":18.3048},{"bases":[[[0.961798,-0.234633,-0.141042],[0.273559,0.843542,0.462171],[0.0105343,-0.483099,0.875503]],[[0.961669,-0.249321,-0.114158],[0.258106,0.963591,0.0698103],[0.0925961,-0.0965992,0.991007]],[[0.961669,-0.249321,-0.114158],[0.203448,0.92785,-0.312576],[0.183853,0.27737,0.943008]],[[0.961669,-0.249321,-0.114158],[0.158444,0.845002,-0.510752],[0.223804,0.473087,0.852115]]],"btipPosition":[19.568,279.923,-96.665],"carpPosition":[32.203,262.086,32.7512],"dipPosition":[23.3118,287.837,-82.4109],"direction":[-0.183853,-0.27737,-0.943008],"extended":true,"handId":36,"id":363,"length":57.6833,"mcpPosition":[31.5757,290.852,-19.3804],"pipPosition":[27.8717,294.717,-59.0226],"stabilizedTipPosition":[20.431,281.784,-93.3845],"timeVisible":3.95876,"tipPosition":[20.3595,286.805,-93.4312],"tipVelocity":[-34.2466,-749.484,-39.3855],"tool":false,"touchDistance":0.325044,"touchZone":"hovering","type":3,"width":17.4182},{"bases":[[[0.898043,-0.4251,-0.113176],[0.419672,0.750762,0.510129],[-0.131887,-0.505614,0.852619]],[[0.897038,-0.428846,-0.106835],[0.438061,0.894781,0.0864286],[0.0585297,-0.12433,0.990513]],[[0.897038,-0.428846,-0.106835],[0.343307,0.828381,-0.442635],[0.278323,0.360383,0.890315]],[[0.897038,-0.428846,-0.106835],[0.261425,0.709788,-0.654108],[0.356343,0.55883,0.748818]]],"btipPosition":[38.1586,272.134,-76.921],"carpPosition":[43.1147,255.263,28.5787],"dipPosition":[43.6577,280.758,-65.3651],"direction":[-0.278323,-0.360383,-0.890315],"extended":true,"handId":36,"id":364,"length":45.2226,"mcpPosition":[50.3844,283.132,-18.4177],"pipPosition":[48.5315,287.068,-49.7747],"stabilizedTipPosition":[39.4257,274.164,-74.2614],"timeVisible":3.95876,"tipPosition":[38.8154,277.075,-74.1772],"tipVelocity":[-36.3595,-729.797,-28.2668],"tool":false,"touchDistance":0.325334,"touchZone":"hovering","type":4,"width":15.4722}],"r":[[0.997438,-0.0686612,-0.0200709],[0.0689256,0.99754,0.0127937],[0.0191431,-0.0141443,0.999717]],"s":1.07519,"t":[-5.04576,-105.814,-14.8545],"timestamp":629486740468},{"currentFrameRate":55.2973,"devices":[],"gestures":[],"hands":[{"armBasis":[[0.867468,0.189508,-0.459985],[0.0586529,0.879199,0.47283],[0.494024,-0.437144,0.751562]],"armWidth":61.1456,"confidence":1,"direction":[-0.129625,0.57997,-0.804259],"elbow":[162.302,114.887,246.371],"grabAngle":0.896303,"grabStrength":0,"id":36,"palmNormal":[-0.0750315,-0.814514,-0.575272],"palmPosition":[14.8486,264.059,-5.38304],"palmVelocity":[-46.7287,-688.114,2.36197],"palmWidth":86.494,"pinchDistance":49.813,"pinchStrength":0.0928831,"r":[[0.997908,-0.0618115,-0.0189233],[0.0619008,0.998074,0.0041738],[0.0186289,-0.00533644,0.999812]],"s":1.07894,"sphereCenter":[17.666,199.758,-66.6044],"sphereRadius":87.4119,"stabilizedPalmPosition":[14.8518,264.105,-5.38318],"t":[-5.87052,-117.785,-15.2799],"timeVisible":3.97687,"type":"right","wrist":[35.5061,227.084,53.4764]}],"id":17235,"interactionBox":{"center":[0,200,0],"size":[235.247,235.247,147.751]},"pointables":[{"bases":[[[0.439675,0.847418,0.297605],[-0.711573,0.126472,0.691136],[0.548042,-0.515643,0.658606]],[[0.364217,0.907581,0.208907],[-0.762629,0.161897,0.626248],[0.534549,-0.387409,0.751114]],[[0.364217,0.907581,0.208907],[-0.889225,0.272223,0.367658],[0.276811,-0.319673,0.906193]],[[0.364217,0.907581,0.208907],[-0.922487,0.32076,0.214783],[0.127924,-0.270942,0.954058]]],"btipPosition":[-34.6627,260.92,-45.3607],"carpPosition":[1.83254,227.101,37.9336],"dipPosition":[-31.9823,255.243,-25.37],"direction":[-0.27681,0.319673,-0.906193],"extended":false,"handId":36,"id":360,"length":46.6601,"mcpPosition":[1.83254,227.101,37.9336],"pipPosition":[-23.5324,245.484,2.2925],"stabilizedTipPosition":[-34.0395,259.654,-40.7651],"timeVisible":3.97687,"tipPosition":[-33.451,261.024,-39.697],"tipVelocity":[-127.147,-756.87,43.5759],"tool":false,"touchDistance":0.334068,"touchZone":"hovering","type":0,"width":19.512},{"bases":[[[0.95292,0.111401,-0.282017],[0.0306201,0.88996,0.45501],[0.301672,-0.442224,0.844649]],[[0.974266,0.0751304,-0.212512],[-0.00957174,0.955754,0.294011],[0.225198,-0.28441,0.931878]],[[0.974266,0.0751304,-0.212512],[-0.0428798,0.987375,0.152488],[0.221285,-0.139451,0.965187]],[[0.974266,0.0751304,-0.212512],[-0.0833097,0.996078,-0.029787],[0.209441,0.0467247,0.976704]]],"btipPosition":[-28.2628,292.419,-91.4388],"carpPosition":[9.489,248.249,39.3025],"dipPosition":[-25.059,293.133,-76.4983],"direction":[-0.221285,0.139451,-0.965187],"extended":true,"handId":36,"id":361,"length":52.6508,"mcpPosition":[-11.6083,279.176,-19.7675],"pipPosition":[-20.2704,290.116,-55.6117],"stabilizedTipPosition":[-27.5186,292.634,-88.0001],"timeVisible":3.97687,"tipPosition":[-24.5804,294.167,-87.4393],"tipVelocity":[-122.681,-852.89,-39.3358],"tool":false,"touchDistance":0.327742,"touchZone":"hovering","type":1,"width":18.6378},{"bases":[[[0.96564,-0.102729,-0.238718],[0.197897,0.886056,0.419215],[0.168452,-0.452052,0.875941]],[[0.977427,-0.146099,-0.152615],[0.161975,0.981985,0.097312],[0.135648,-0.119835,0.983483]],[[0.977427,-0.146099,-0.152615],[0.12944,0.985017,-0.113959],[0.166977,0.0916317,0.981694]],[[0.977427,-0.146099,-0.152615],[0.0893702,0.940463,-0.327936],[0.19144,0.306895,0.932291]]],"btipPosition":[-4.09418,278.883,-104.913],"carpPosition":[20.4034,251.227,36.3003],"dipPosition":[-0.873286,284.046,-89.2272],"direction":[-0.166977,-0.0916317,-0.981694],"extended":true,"handId":36,"id":362,"length":59.9913,"mcpPosition":[9.23162,281.207,-21.7926],"pipPosition":[3.37784,286.379,-64.234],"stabilizedTipPosition":[-3.34908,280.111,-101.304],"timeVisible":3.97687,"tipPosition":[-1.76558,286.737,-101.082],"tipVelocity":[-103.551,-977.658,-28.559],"tool":false,"touchDistance":0.331287,"touchZone":"hovering","type":2,"width":18.3048},{"bases":[[[0.96222,-0.234633,-0.138132],[0.271651,0.86159,0.428798],[0.0184032,-0.450122,0.892778]],[[0.962266,-0.250476,-0.106329],[0.254238,0.966863,0.0232212],[0.0969891,-0.0493778,0.99406]],[[0.962266,-0.250476,-0.106329],[0.196647,0.910203,-0.364501],[0.188079,0.329837,0.925113]],[[0.962266,-0.250476,-0.106329],[0.151729,0.818272,-0.554444],[0.225881,0.51739,0.8254]]],"btipPosition":[18.2441,263.086,-96.4743],"carpPosition":[31.6629,251.144,33.202],"dipPosition":[22.0226,271.741,-82.6671],"direction":[-0.188079,-0.329837,-0.925113],"extended":true,"handId":36,"id":363,"length":57.6833,"mcpPosition":[30.5671,277.947,-19.9583],"pipPosition":[26.6873,279.922,-59.7227],"stabilizedTipPosition":[19.1155,265.107,-93.2988],"timeVisible":3.97687,"tipPosition":[18.9443,270.714,-93.7097],"tipVelocity":[-72.6728,-920.408,4.85573],"tool":false,"touchDistance":0.332127,"touchZone":"hovering","type":3,"width":17.4182},{"bases":[[[0.899682,-0.424265,-0.102813],[0.418556,0.771433,0.479272],[-0.124026,-0.474226,0.871624]],[[0.89763,-0.431641,-0.0891486],[0.436323,0.898843,0.041271],[0.0623164,-0.0759436,0.995163]],[[0.89763,-0.431641,-0.0891486],[0.340599,0.807699,-0.481264],[0.279738,0.401632,0.872031]],[[0.89763,-0.431641,-0.0891486],[0.260663,0.682992,-0.682332],[0.35541,0.589243,0.725587]]],"btipPosition":[37.0673,256.645,-76.7968],"carpPosition":[42.5871,244.228,29.219],"dipPosition":[42.552,265.738,-65.5993],"direction":[-0.279738,-0.401632,-0.872031],"extended":false,"handId":36,"id":364,"length":45.2226,"mcpPosition":[49.4233,270.367,-18.8249],"pipPosition":[47.4506,272.771,-50.3291],"stabilizedTipPosition":[38.3311,258.77,-74.2214],"timeVisible":3.97687,"tipPosition":[37.582,262.065,-74.2476],"tipVelocity":[-60.4482,-849.387,2.30989],"tool":false,"touchDistance":0.331519,"touchZone":"hovering","type":4,"width":15.4722}],"r":[[0.997908,-0.0618115,-0.0189233],[0.0619008,0.998074,0.0041738],[0.0186289,-0.00533644,0.999812]],"s":1.07894,"t":[-5.87052,-117.785,-15.2799],"timestamp":629486758576},{"currentFrameRate":55.2954,"devices":[],"gestures":[],"hands":[{"armBasis":[[0.862864,0.189257,-0.468666],[0.0521022,0.889005,0.454924],[0.502744,-0.416956,0.757229]],"armWidth":61.1456,"confidence":1,"direction":[-0.132755,0.572943,-0.808772],"elbow":[163.95,107.395,248.055],"grabAngle":0.898262,"grabStrength":0,"id":36,"palmNormal":[-0.0705996,-0.819388,-0.568875],"palmPosition":[13.9864,250.699,-5.48223],"palmVelocity":[-47.6605,-738.451,-5.48303],"palmWidth":86.494,"pinchDistance":49.9523,"pinchStrength":0.0843792,"r":[[0.99831,-0.0552675,-0.0179605],[0.0551989,0.998466,-0.00429201],[0.0181702,0.00329336,0.999829]],"s":1.08492,"sphereCenter":[15.7085,187.225,-65.3167],"sphereRadius":85.8123,"stabilizedPalmPosition":[13.9884,250.73,-5.482],"t":[-6.71401,-130.449,-15.5422],"timeVisible":3.99496,"type":"right","wrist":[34.9167,214.41,53.7052]}],"id":17236,"interactionBox":{"center":[0,200,0],"size":[235.247,235.247,147.751]},"pointables":[{"bases":[[[0.435064,0.852096,0.29095],[-0.712262,0.128017,0.690141],[0.55082,-0.507488,0.662611]],[[0.359528,0.910993,0.202068],[-0.763161,0.162453,0.625455],[0.536958,-0.379079,0.753641]],[[0.359528,0.910993,0.202068],[-0.884047,0.263223,0.38623],[0.298664,-0.317498,0.899997]],[[0.359528,0.910993,0.202068],[-0.915468,0.302414,0.265451],[0.180715,-0.280424,0.942711]]],"btipPosition":[-37.2126,247.568,-44.8646],"carpPosition":[1.17027,214.012,38.1228],"dipPosition":[-33.426,241.692,-25.1116],"direction":[-0.298664,0.317498,-0.899997],"extended":true,"handId":36,"id":360,"length":46.6601,"mcpPosition":[1.17027,214.012,38.1228],"pipPosition":[-24.309,232,2.36174],"stabilizedTipPosition":[-36.3374,246.241,-40.3222],"timeVisible":3.99496,"tipPosition":[-34.4996,247.043,-39.8252],"tipVelocity":[-126.883,-740.576,24.4005],"tool":false,"touchDistance":0.340616,"touchZone":"hovering","type":0,"width":19.512},{"bases":[[[0.952306,0.114359,-0.282904],[0.0257816,0.893648,0.448027],[0.304052,-0.433953,0.848079]],[[0.971426,0.0833803,-0.222213],[-0.0187142,0.960253,0.278502],[0.236602,-0.266385,0.934376]],[[0.971426,0.0833803,-0.222213],[-0.0469745,0.985283,0.164351],[0.232646,-0.149217,0.961046]],[[0.971426,0.0833803,-0.222213],[-0.0870844,0.996177,-0.0069059],[0.220788,0.0260599,0.974974]]],"btipPosition":[-30.0645,278.637,-91.6353],"carpPosition":[8.71182,235.212,39.3259],"dipPosition":[-26.6871,279.035,-76.7213],"direction":[-0.232646,0.149217,-0.961046],"extended":true,"handId":36,"id":361,"length":52.6508,"mcpPosition":[-12.5519,265.56,-19.984],"pipPosition":[-21.6527,275.806,-55.9243],"stabilizedTipPosition":[-29.2841,278.757,-88.2047],"timeVisible":3.99496,"tipPosition":[-25.8032,279.884,-87.7943],"tipVelocity":[-97.3841,-765.84,-11.1976],"tool":false,"touchDistance":0.330391,"touchZone":"hovering","type":1,"width":18.6378},{"bases":[[[0.966188,-0.0993532,-0.237929],[0.193078,0.890372,0.41226],[0.170886,-0.444259,0.87945]],[[0.978087,-0.141302,-0.152905],[0.153408,0.985648,0.0704515],[0.140755,-0.0923644,0.985727]],[[0.978087,-0.141302,-0.152905],[0.118367,0.981584,-0.149939],[0.171275,0.128554,0.9768]],[[0.978087,-0.141302,-0.152905],[0.0803046,0.933637,-0.349103],[0.192086,0.329174,0.924525]]],"btipPosition":[-5.38978,262.863,-104.987],"carpPosition":[19.61,238.225,36.3002],"dipPosition":[-2.158,268.401,-89.4323],"direction":[-0.171275,-0.128554,-0.9768],"extended":true,"handId":36,"id":362,"length":59.9913,"mcpPosition":[8.27672,267.688,-22.0254],"pipPosition":[2.20255,271.674,-64.5636],"stabilizedTipPosition":[-4.64464,264.159,-101.409],"timeVisible":3.99496,"tipPosition":[-2.95295,271.634,-101.361],"tipVelocity":[-71.4772,-880.725,-5.77401],"tool":false,"touchDistance":0.332514,"touchZone":"hovering","type":2,"width":18.3048},{"bases":[[[0.963481,-0.230482,-0.136314],[0.266964,0.866383,0.422032],[0.0208291,-0.443011,0.896274]],[[0.963547,-0.247935,-0.100527],[0.249627,0.968332,0.00441552],[0.0962486,-0.0293488,0.994925]],[[0.963547,-0.247935,-0.100527],[0.190992,0.900577,-0.390492],[0.187349,0.357057,0.915101]],[[0.963547,-0.247935,-0.100527],[0.14569,0.801404,-0.580109],[0.224392,0.544317,0.808312]]],"btipPosition":[17.3792,247.771,-96.1826],"carpPosition":[30.8698,238.179,33.2023],"dipPosition":[21.1328,256.876,-82.6613],"direction":[-0.187349,-0.357057,-0.915101],"extended":true,"handId":36,"id":363,"length":57.6833,"mcpPosition":[29.6295,264.558,-20.1662],"pipPosition":[25.7794,265.732,-59.9651],"stabilizedTipPosition":[18.2435,249.882,-93.073],"timeVisible":3.99496,"tipPosition":[18.0626,256.158,-93.7978],"tipVelocity":[-48.1252,-840.855,12.4898],"tool":false,"touchDistance":0.335637,"touchZone":"hovering","type":3,"width":17.4182},{"bases":[[[0.901973,-0.420169,-0.0995092],[0.414355,0.777422,0.473207],[-0.121466,-0.468052,0.875313]],[[0.899091,-0.430337,-0.0802805],[0.433357,0.900899,0.0241325],[0.0619396,-0.0564874,0.99648]],[[0.899091,-0.430337,-0.0802805],[0.340607,0.80289,-0.489239],[0.274994,0.412527,0.868447]],[[0.899091,-0.430337,-0.0802805],[0.262373,0.676534,-0.688086],[0.350421,0.597589,0.721174]]],"btipPosition":[36.3425,242.432,-76.8566],"carpPosition":[41.8314,231.291,29.2734],"dipPosition":[41.7503,251.654,-65.7273],"direction":[-0.274994,-0.412527,-0.868447],"extended":true,"handId":36,"id":364,"length":45.2226,"mcpPosition":[48.5266,257.09,-18.9739],"pipPosition":[46.5658,258.878,-50.5198],"stabilizedTipPosition":[37.5873,244.572,-74.2968],"timeVisible":3.99496,"tipPosition":[36.7551,248.187,-74.3287],"tipVelocity":[-41.0392,-783.986,-4.17421],"tool":false,"touchDistance":0.332366,"touchZone":"hovering","type":4,"width":15.4722}],"r":[[0.99831,-0.0552675,-0.0179605],[0.0551989,0.998466,-0.00429201],[0.0181702,0.00329336,0.999829]],"s":1.08492,"t":[-6.71401,-130.449,-15.5422],"timestamp":629486776667},{"currentFrameRate":55.2827,"devices":[],"gestures":[{"direction":[-0.0900996,-0.993919,-0.0632972],"duration":0,"handIds":[36],"id":7,"pointableIds":[362],"position":[-6.55897,244.427,-101.932],"speed":264.911,"startPosition":[5.25164,374.714,-93.6349],"state":"start","type":"swipe"}],"hands":[{"armBasis":[[0.858133,0.174215,-0.482967],[0.059664,0.900462,0.430823],[0.509949,-0.39852,0.762322]],"armWidth":61.1456,"confidence":1,"direction":[-0.136511,0.54067,-0.830085],"elbow":[165.066,100.067,250.053],"grabAngle":0.901708,"grabStrength":0,"id":36,"palmNormal":[-0.0767587,-0.841183,-0.535275],"palmPosition":[12.927,236.428,-5.97323],"palmVelocity":[-58.4229,-787.048,-27.0776],"palmWidth":86.494,"pinchDistance":50.0872,"pinchStrength":0.0753348,"r":[[0.998545,-0.0507903,-0.0181035],[0.0504438,0.998544,-0.0191052],[0.0190475,0.0181641,0.999654]],"s":1.09165,"sphereCenter":[12.8861,171.836,-62.5132],"sphereRadius":84.406,"stabilizedPalmPosition":[12.9285,236.448,-5.97252],"t":[-7.66544,-143.918,-15.9189],"timeVisible":4.01309,"type":"right","wrist":[34.1836,202.35,54.3963]}],"id":17237,"interactionBox":{"center":[0,200,0],"size":[235.247,235.247,147.751]},"pointables":[{"bases":[[[0.439449,0.861643,0.253881],[-0.70726,0.157655,0.68915],[0.553776,-0.482406,0.678687]],[[0.363275,0.917318,0.162968],[-0.758797,0.189807,0.623057],[0.54061,-0.350001,0.76501]],[[0.363275,0.917318,0.162968],[-0.874402,0.275298,0.39954],[0.32164,-0.287642,0.902114]],[[0.363275,0.917318,0.162968],[-0.90629,0.307367,0.29011],[0.216032,-0.253086,0.943015]]],"btipPosition":[-39.7003,232.24,-44.4547],"carpPosition":[0.297235,201.548,39.1431],"dipPosition":[-35.1737,226.937,-24.6954],"direction":[-0.32164,0.287642,-0.902114],"extended":true,"handId":36,"id":360,"length":46.6601,"mcpPosition":[0.297235,201.548,39.1431],"pipPosition":[-25.3553,218.156,2.84259],"stabilizedTipPosition":[-38.6565,231.037,-39.9105],"timeVisible":4.01309,"tipPosition":[-35.9995,231.52,-39.8301],"tipVelocity":[-127.804,-838.054,22.684],"tool":false,"touchDistance":0.346058,"touchZone":"hovering","type":0,"width":19.512},{"bases":[[[0.950719,0.100002,-0.293486],[0.0313475,0.910708,0.41186],[0.308466,-0.400763,0.862692]],[[0.968098,0.0748251,-0.239138],[-0.0172184,0.971982,0.234423],[0.249978,-0.222827,0.942263]],[[0.968098,0.0748251,-0.239138],[-0.0420025,0.989328,0.139518],[0.247025,-0.125023,0.96091]],[[0.968098,0.0748251,-0.239138],[-0.07911,0.996831,-0.00835636],[0.237755,0.027008,0.97095]]],"btipPosition":[-32.2626,261.645,-92.7716],"carpPosition":[7.90762,222.755,39.4504],"dipPosition":[-28.6257,262.058,-77.9191],"direction":[-0.247025,0.125023,-0.96091],"extended":true,"handId":36,"id":361,"length":52.6508,"mcpPosition":[-13.6648,250.782,-20.8814],"pipPosition":[-23.2801,259.353,-57.1251],"stabilizedTipPosition":[-31.4231,261.764,-89.3539],"timeVisible":4.01309,"tipPosition":[-27.5311,262.399,-89.1321],"tipVelocity":[-117.928,-936.863,-63.4441],"tool":false,"touchDistance":0.329842,"touchZone":"hovering","type":1,"width":18.6378},{"bases":[[[0.964285,-0.111791,-0.240118],[0.198391,0.905484,0.375154],[0.175484,-0.409392,0.895323]],[[0.976583,-0.150119,-0.154112],[0.154591,0.987826,0.0173885],[0.149625,-0.0408056,0.9879]],[[0.976583,-0.150119,-0.154112],[0.114071,0.968649,-0.220698],[0.182411,0.19795,0.96309]],[[0.976583,-0.150119,-0.154112],[0.0747092,0.908379,-0.41142],[0.201754,0.390272,0.898322]]],"btipPosition":[-7.33968,242.917,-105.408],"carpPosition":[18.7939,225.611,36.2355],"dipPosition":[-3.94526,249.483,-90.2944],"direction":[-0.182411,-0.19795,-0.96309],"extended":true,"handId":36,"id":362,"length":59.9913,"mcpPosition":[7.15575,252.762,-23.1428],"pipPosition":[0.6988,254.523,-65.7748],"stabilizedTipPosition":[-6.5573,244.444,-101.932],"timeVisible":4.01309,"tipPosition":[-4.79842,252.621,-102.438],"tipVelocity":[-105.47,-1086.95,-28.8252],"tool":false,"touchDistance":0.333254,"touchZone":"hovering","type":2,"width":18.3048},{"bases":[[[0.961881,-0.238757,-0.133339],[0.272271,0.881671,0.385389],[0.0255468,-0.407003,0.913069]],[[0.962072,-0.256489,-0.0929071],[0.253524,0.96639,-0.0426255],[0.100717,0.0174546,0.994762]],[[0.962072,-0.256489,-0.0929071],[0.191299,0.87712,-0.440529],[0.194482,0.406048,0.892918]],[[0.962072,-0.256489,-0.0929071],[0.141434,0.7602,-0.634107],[0.23327,0.596916,0.767643]]],"btipPosition":[15.7569,228.887,-96.0799],"carpPosition":[30.0326,225.406,33.0681],"dipPosition":[19.659,238.872,-83.2389],"direction":[-0.194482,-0.406047,-0.892918],"extended":true,"handId":36,"id":363,"length":57.6833,"mcpPosition":[28.5114,249.641,-21.3005],"pipPosition":[24.4825,248.943,-61.0929],"stabilizedTipPosition":[16.6555,231.196,-93.1264],"timeVisible":4.01309,"tipPosition":[16.4423,237.905,-94.3783],"tipVelocity":[-87.5822,-1030.26,-2.96548],"tool":false,"touchDistance":0.3346,"touchZone":"hovering","type":3,"width":17.4182},{"bases":[[[0.900075,-0.426632,-0.0885974],[0.419744,0.794358,0.439102],[-0.116957,-0.432413,0.894058]],[[0.896465,-0.438521,-0.0636392],[0.438043,0.898684,-0.0220236],[0.0668494,-0.0081333,0.99773]],[[0.896465,-0.438521,-0.0636392],[0.344296,0.779734,-0.522949],[0.278945,0.446895,0.849985]],[[0.896465,-0.438521,-0.0636392],[0.265916,0.647281,-0.714364],[0.354456,0.62348,0.696875]]],"btipPosition":[34.9235,224.977,-77.1595],"carpPosition":[40.9478,218.333,29.345],"dipPosition":[40.3936,234.599,-66.4052],"direction":[-0.278945,-0.446895,-0.849985],"extended":true,"handId":36,"id":364,"length":45.2226,"mcpPosition":[47.3945,242.167,-19.9355],"pipPosition":[45.2782,242.425,-51.521],"stabilizedTipPosition":[36.1828,227.204,-74.6857],"timeVisible":4.01309,"tipPosition":[35.2471,231.022,-74.8102],"tipVelocity":[-77.4657,-957.539,-21.4596],"tool":false,"touchDistance":0.332293,"touchZone":"hovering","type":4,"width":15.4722}],"r":[[0.998545,-0.0507903,-0.0181035],[0.0504438,0.998544,-0.0191052],[0.0190475,0.0181641,0.999654]],"s":1.09165,"t":[-7.66544,-143.918,-15.9189],"timestamp":629486794800},{"currentFrameRate":55.3059,"devices":[],"gestures":[{"direction":[-0.0885613,-0.994581,-0.0544489],"duration":18001,"handIds":[36],"id":7,"pointableIds":[362],"position":[-7.93249,226.196,-101.534],"speed":248.066,"startPosition":[5.25164,374.714,-93.6349],"state":"update","type":"swipe"},{"direction":[-0.0635662,-0.997338,-0.0357175],"duration":0,"handIds":[36],"id":8,"pointableIds":[363],"position":[15.515,213.686,-92.3798],"speed":233.316,"startPosition":[24.7162,358.051,-87.2097],"state":"start","type":"swipe"}],"hands":[{"armBasis":[[0.853788,0.16582,-0.493507],[0.0621436,0.908685,0.412831],[0.516898,-0.383139,0.76552]],"armWidth":61.1456,"confidence":1,"direction":[-0.140708,0.516012,-0.844946],"elbow":[166.397,91.6537,251.827],"grabAngle":0.912508,"grabStrength":0,"id":36,"palmNormal":[-0.0782951,-0.856563,-0.510068],"palmPosition":[12.1398,222.347,-5.83832],"palmVelocity":[-43.7293,-782.205,7.49483],"palmWidth":86.494,"pinchDistance":50.1835,"pinchStrength":0.0695197,"r":[[0.99871,-0.0471419,-0.0188599],[0.0464241,0.998242,-0.0368433],[0.0205636,0.0359202,0.999143]],"s":1.09821,"sphereCenter":[11.0561,157.413,-59.8539],"sphereRadius":83.0538,"stabilizedPalmPosition":[12.1406,222.36,-5.83844],"t":[-8.53475,-157.692,-16.0397],"timeVisible":4.03109,"type":"right","wrist":[33.731,189.99,55.3493]}],"id":17238,"interactionBox":{"center":[0,200,0],"size":[235.247,235.247,147.751]},"pointables":[{"bases":[[[0.439719,0.869084,0.226586],[-0.704364,0.177166,0.687375],[0.557243,-0.461851,0.690054]],[[0.36253,0.922322,0.133768],[-0.757018,0.207707,0.619501],[0.543595,-0.325852,0.773514]],[[0.36253,0.922322,0.133768],[-0.868093,0.281961,0.40855],[0.339097,-0.264234,0.902881]],[[0.36253,0.922322,0.133768],[-0.901127,0.310281,0.302814],[0.237787,-0.230321,0.943615]]],"btipPosition":[-41.3841,217.147,-43.7017],"carpPosition":[-0.256217,188.793,40.3357],"dipPosition":[-36.4017,212.321,-23.9297],"direction":[-0.339097,0.264234,-0.902881],"extended":true,"handId":36,"id":360,"length":46.6601,"mcpPosition":[-0.256217,188.793,40.3357],"pipPosition":[-26.0504,204.255,3.63164],"stabilizedTipPosition":[-40.2369,216.049,-39.1547],"timeVisible":4.03109,"tipPosition":[-37.0791,216.391,-39.3117],"tipVelocity":[-87.718,-832.328,41.9956],"tool":false,"touchDistance":0.356125,"touchZone":"hovering","type":0,"width":19.512},{"bases":[[[0.949314,0.0921754,-0.30051],[0.0322709,0.922405,0.384873],[0.312668,-0.375063,0.872678]],[[0.964972,0.0715561,-0.252406],[-0.018695,0.978395,0.205898],[0.261686,-0.193967,0.945461]],[[0.964972,0.0715561,-0.252406],[-0.0426467,0.992073,0.118206],[0.258863,-0.103302,0.960374]],[[0.964972,0.0715561,-0.252406],[-0.0764014,0.997033,-0.00943505],[0.250982,0.0283887,0.967575]]],"btipPosition":[-34.0383,245.498,-92.9921],"carpPosition":[7.33459,210.006,39.9881],"dipPosition":[-30.199,245.932,-78.1912],"direction":[-0.258863,0.103302,-0.960374],"extended":true,"handId":36,"id":361,"length":52.6508,"mcpPosition":[-14.5316,236.236,-21.0421],"pipPosition":[-24.5973,243.697,-57.4088],"stabilizedTipPosition":[-33.1537,245.613,-89.5877],"timeVisible":4.03109,"tipPosition":[-28.9139,245.827,-89.5435],"tipVelocity":[-96.0587,-896.746,-12.9095],"tool":false,"touchDistance":0.331874,"touchZone":"hovering","type":1,"width":18.6378},{"bases":[[[0.963325,-0.117952,-0.241024],[0.199156,0.916251,0.347593],[0.179839,-0.382847,0.906138]],[[0.976033,-0.153707,-0.154055],[0.152561,0.988105,-0.0193094],[0.15519,-0.00465608,0.987874]],[[0.976033,-0.153707,-0.154055],[0.107092,0.955504,-0.274852],[0.189447,0.251767,0.949064]],[[0.976033,-0.153707,-0.154055],[0.0654027,0.882362,-0.466004],[0.20756,0.44476,0.871268]]],"btipPosition":[-8.73568,224.475,-104.905],"carpPosition":[18.2038,212.776,36.6426],"dipPosition":[-5.24356,231.958,-90.2464],"direction":[-0.189447,-0.251767,-0.949064],"extended":true,"handId":36,"id":362,"length":59.9913,"mcpPosition":[6.27673,238.167,-23.453],"pipPosition":[-0.420377,238.368,-66.0839],"stabilizedTipPosition":[-7.9317,226.206,-101.534],"timeVisible":4.03109,"tipPosition":[-6.19091,234.878,-102.56],"tipVelocity":[-76.3027,-1012.79,22.1392],"tool":false,"touchDistance":0.33924,"touchZone":"hovering","type":2,"width":18.3048},{"bases":[[[0.961517,-0.241738,-0.130564],[0.273104,0.892811,0.358194],[0.02998,-0.380067,0.924473]],[[0.961851,-0.259633,-0.0862145],[0.253343,0.96427,-0.0774571],[0.103245,0.0526603,0.993261]],[[0.961851,-0.259633,-0.0862145],[0.188174,0.856635,-0.480383],[0.198578,0.445833,0.872811]],[[0.961851,-0.259633,-0.0862145],[0.133828,0.721409,-0.679455],[0.238605,0.641997,0.728634]]],"btipPosition":[14.597,211.216,-95.1832],"carpPosition":[29.4285,212.488,33.4326],"dipPosition":[18.5883,221.955,-82.9947],"direction":[-0.198578,-0.445833,-0.872811],"extended":true,"handId":36,"id":363,"length":57.6833,"mcpPosition":[27.6434,235.119,-21.615],"pipPosition":[23.5134,233.013,-61.3474],"stabilizedTipPosition":[15.5155,213.694,-92.3802],"timeVisible":4.03109,"tipPosition":[15.2787,220.772,-94.1471],"tipVelocity":[-63.2983,-972.024,41.4783],"tool":false,"touchDistance":0.345673,"touchZone":"hovering","type":3,"width":17.4182},{"bases":[[[0.900094,-0.428275,-0.0800661],[0.420899,0.807234,0.413784],[-0.112581,-0.406144,0.906847]],[[0.896098,-0.440866,-0.0514366],[0.438208,0.897162,-0.0554429],[0.0705899,0.0271424,0.997136]],[[0.896098,-0.440866,-0.0514366],[0.343989,0.763032,-0.547224],[0.2805,0.472672,0.835404]],[[0.896098,-0.440866,-0.0514366],[0.262033,0.618988,-0.740401],[0.358256,0.649993,0.670195]]],"btipPosition":[33.8644,208.538,-76.6538],"carpPosition":[40.3342,205.318,29.8697],"dipPosition":[39.3931,218.569,-66.3112],"direction":[-0.2805,-0.472672,-0.835404],"extended":true,"handId":36,"id":364,"length":45.2226,"mcpPosition":[46.5397,227.705,-20.1157],"pipPosition":[44.305,226.846,-51.6824],"stabilizedTipPosition":[35.1366,210.854,-74.2753],"timeVisible":4.03109,"tipPosition":[34.1795,214.869,-74.58],"tipVelocity":[-58.0884,-908.037,22.8294],"tool":false,"touchDistance":0.338561,"touchZone":"hovering","type":4,"width":15.4722}],"r":[[0.99871,-0.0471419,-0.0188599],[0.0464241,0.998242,-0.0368433],[0.0205636,0.0359202,0.999143]],"s":1.09821,"t":[-8.53475,-157.692,-16.0397],"timestamp":629486812801},{"currentFrameRate":55.2996,"devices":[],"gestures":[{"direction":[-0.115819,-0.990385,-0.0756557],"duration":0,"handIds":[36],"id":9,"pointableIds":[361],"position":[-35.6861,226.415,-90.7944],"speed":246.538,"startPosition":[-16.818,387.76,-78.4692],"state":"start","type":"swipe"},{"direction":[-0.088515,-0.995162,-0.0426326],"duration":36106,"handIds":[36],"id":7,"pointableIds":[362],"position":[-9.87826,203.858,-101.239],"speed":227.826,"startPosition":[5.25164,374.714,-93.6349],"state":"update","type":"swipe"},{"direction":[-0.0656699,-0.997503,-0.0259761],"duration":18105,"handIds":[36],"id":8,"pointableIds":[363],"position":[13.9479,193.347,-92.0146],"speed":214.579,"startPosition":[24.7162,358.051,-87.2097],"state":"update","type":"swipe"},{"direction":[-0.0629427,-0.997539,-0.0308878],"duration":0,"handIds":[36],"id":10,"pointableIds":[364],"position":[33.3291,191.313,-73.7509],"speed":207.727,"startPosition":[42.7279,340.268,-69.1386],"state":"start","type":"swipe"}],"hands":[{"armBasis":[[0.849526,0.149172,-0.506017],[0.0728451,0.916831,0.392575],[0.522493,-0.370364,0.768005]],"armWidth":61.1456,"confidence":1,"direction":[-0.150987,0.458064,-0.876003],"elbow":[167.423,84.4537,253.523],"grabAngle":0.931672,"grabStrength":0,"id":36,"palmNormal":[-0.0828456,-0.888908,-0.450532],"palmPosition":[11.0381,208.084,-6.38123],"palmVelocity":[-60.8515,-787.815,-29.9869],"palmWidth":86.494,"pinchDistance":50.5535,"pinchStrength":0.0604131,"r":[[0.998792,-0.0443444,-0.021152],[0.0428982,0.996994,-0.0645171],[0.0239494,0.0635318,0.997692]],"s":1.10527,"sphereCenter":[8.80921,141.35,-55.4098],"sphereRadius":81.4914,"stabilizedPalmPosition":[11.0387,208.092,-6.38091],"t":[-9.52026,-171.711,-16.3716],"timeVisible":4.0492,"type":"right","wrist":[33.3209,179.511,56.4082]}],"id":17239,"interactionBox":{"center":[0,200,0],"size":[235.247,235.247,147.751]},"pointables":[{"bases":[[[0.441022,0.882616,0.162754],[-0.696794,0.222427,0.681912],[0.565665,-0.414144,0.713097]],[[0.361351,0.930101,0.0658561],[-0.752208,0.249044,0.610049],[0.551006,-0.269979,0.789622]],[[0.361351,0.930101,0.0658561],[-0.858309,0.3042,0.413241],[0.364323,-0.20585,0.908237]],[[0.361351,0.930101,0.0658561],[-0.893559,0.325242,0.309468],[0.266417,-0.170673,0.948627]]],"btipPosition":[-43.6369,200.366,-42.9924],"carpPosition":[-0.787364,177.695,42.0778],"dipPosition":[-38.0545,196.79,-23.1154],"direction":[-0.364323,0.20585,-0.908237],"extended":true,"handId":36,"id":360,"length":46.6601,"mcpPosition":[-0.787364,177.695,42.0778],"pipPosition":[-26.9332,190.506,4.60943],"stabilizedTipPosition":[-42.3518,199.552,-38.4211],"timeVisible":4.0492,"tipPosition":[-38.7128,199.849,-38.8002],"tipVelocity":[-116.806,-910.996,40.5091],"tool":false,"touchDistance":0.364847,"touchZone":"hovering","type":0,"width":19.512},{"bases":[[[0.945723,0.0724257,-0.3168],[0.0353151,0.946171,0.321734],[0.323049,-0.315459,0.892258]],[[0.960211,0.0571173,-0.273371],[-0.0153762,0.98819,0.152461],[0.278851,-0.142191,0.949749]],[[0.960211,0.0571173,-0.273371],[-0.0426285,0.997368,0.058655],[0.276002,-0.0446678,0.960119]],[[0.960211,0.0571173,-0.273371],[-0.0762877,0.995278,-0.0600089],[0.268653,0.0784761,0.960035]]],"btipPosition":[-36.6313,226.139,-94.172],"carpPosition":[6.76897,198.842,40.2216],"dipPosition":[-32.5218,227.34,-79.4865],"direction":[-0.276002,0.0446678,-0.960119],"extended":true,"handId":36,"id":361,"length":52.6508,"mcpPosition":[-15.8233,220.904,-22.178],"pipPosition":[-26.5491,226.373,-58.7096],"stabilizedTipPosition":[-35.6845,226.427,-90.7936],"timeVisible":4.0492,"tipPosition":[-31.2683,225.899,-90.9883],"tipVelocity":[-139.788,-1059.52,-66.6377],"tool":false,"touchDistance":0.332613,"touchZone":"hovering","type":1,"width":18.6378},{"bases":[[[0.960703,-0.133227,-0.243515],[0.201776,0.937639,0.283055],[0.190619,-0.321067,0.927675]],[[0.975013,-0.164876,-0.148879],[0.152508,0.984098,-0.0910582],[0.161524,0.0660778,0.984654]],[[0.975013,-0.164876,-0.148879],[0.0988939,0.922263,-0.3737],[0.198919,0.349639,0.915524]],[[0.975013,-0.164876,-0.148879],[0.0522231,0.821521,-0.567782],[0.21592,0.54582,0.809604]]],"btipPosition":[-10.7138,201.746,-104.371],"carpPosition":[17.5957,201.388,36.5743],"dipPosition":[-7.08103,210.929,-90.7501],"direction":[-0.198919,-0.349639,-0.915524],"extended":true,"handId":36,"id":362,"length":59.9913,"mcpPosition":[4.95376,222.682,-24.9496],"pipPosition":[-2.01669,219.83,-67.4415],"stabilizedTipPosition":[-9.8776,203.865,-101.239],"timeVisible":4.0492,"tipPosition":[-8.56264,212.979,-103.265],"tipVelocity":[-107.472,-1233.82,16.2994],"tool":false,"touchDistance":0.343076,"touchZone":"hovering","type":2,"width":18.3048},{"bases":[[[0.960321,-0.24932