{"frames":60,"data":[{"currentFrameRate":55.2996,"devices":[],"gestures":[],"hands":[{"armBasis":[[0.889869,0.267569,-0.369514],[0.0770421,0.710186,0.699786],[0.449665,-0.651186,0.611358]],"armWidth":51.6853,"confidence":1,"direction":[0.0266082,0.64437,-0.76425],"elbow":[112.315,70.0648,290.754],"grabAngle":2.83924,"grabStrength":0,"id":93,"palmNormal":[-0.0792655,-0.760754,-0.644182],"palmPosition":[0.317323,257.844,101.408],"palmVelocity":[-4.23878,-4.72554,4.72901],"palmWidth":76.835,"pinchDistance":37.5818,"pinchStrength":0.406071,"r":[[0.830604,0.473707,-0.292744],[-0.515868,0.852525,-0.0841481],[0.20971,0.220911,0.952481]],"s":1.43766,"sphereCenter":[9.47047,235.474,66.1358],"sphereRadius":41.0151,"stabilizedPalmPosition":[2.46058,261.85,96.9081],"t":[-163.838,137.639,20.0462],"timeVisible":5.58576,"type":"right","wrist":[9.79242,218.533,151.366]}],"id":33152,"interactionBox":{"center":[0,200,0],"size":[235.247,235.247,147.751]},"pointables":[{"bases":[[[0.986819,0.0315751,-0.158715],[0.0574602,0.848502,0.526063],[0.151281,-0.528249,0.835504]],[[0.99793,-0.0335706,-0.0548537],[0.0429625,0.982694,0.180188],[0.0478553,-0.182172,0.982102]],[[0.99793,-0.0335706,-0.0548537],[0.0320092,0.999064,-0.0291001],[0.0557792,0.0272841,0.99807]],[[0.99793,-0.0335706,-0.0548537],[0.0246592,0.987491,-0.155732],[0.0593956,0.154057,0.986275]]],"btipPosition":[-23.7267,278.259,17.7782],"carpPosition":[-10.6451,241.662,139.005],"dipPosition":[-22.8808,280.453,31.8237],"direction":[-0.0557792,-0.0272841,-0.99807],"extended":true,"handId":93,"id":931,"length":49.0168,"mcpPosition":[-20.0434,274.479,87.0999],"pipPosition":[-21.7571,281.002,51.9312],"stabilizedTipPosition":[-22.6271,284.358,10.5774],"timeVisible":5.58576,"tipPosition":[-23.6945,283.171,21.5022],"tipVelocity":[-4.16,-11.8582,4.72163],"tool":false,"touchDistance":0.342753,"touchZone":"hovering","type":1,"width":15.4068},{"bases":[[[0.861501,-0.506811,-0.030954],[0.426467,0.68915,0.585831],[-0.275574,-0.517895,0.809842]],[[0.885802,-0.449236,-0.116372],[0.23341,0.648035,-0.724962],[0.401092,0.61501,0.678887]],[[0.885802,-0.449236,-0.116372],[-0.358588,-0.503423,-0.786117],[0.294567,0.738073,-0.607024]],[[0.885802,-0.449236,-0.116372],[-0.464064,-0.857577,-0.221824],[-0.000146916,0.250496,-0.968118]]],"btipPosition":[16.0467,227.3,97.43],"carpPosition":[19.1745,235.698,133.287],"dipPosition":[16.0446,230.899,83.521],"direction":[-0.294567,-0.738073,0.607024],"extended":false,"handId":93,"id":934,"length":42.1013,"mcpPosition":[32.6679,261.057,93.6334],"pipPosition":[20.8467,242.931,73.625],"stabilizedTipPosition":[17.3792,231.319,88.7629],"timeVisible":5.58576,"tipPosition":[15.6712,228.135,92.5696],"tipVelocity":[-2.65759,-4.76962,6.11372],"tool":false,"touchDistance":0.403849,"touchZone":"none","type":4,"width":12.7899},{"bases":[[[0.477078,0.774902,0.414636],[-0.776911,0.151293,0.611162],[0.41086,-0.613707,0.674209]],[[0.379678,0.88692,0.263092],[-0.886456,0.267433,0.377725],[0.264653,-0.376633,0.887754]],[[0.379678,0.88692,0.263092],[-0.923125,0.381878,0.044832],[-0.0607066,-0.259888,0.963729]],[[0.379678,0.88692,0.263092],[-0.836523,0.450586,-0.311772],[-0.395062,-0.10171,0.913007]]],"btipPosition":[-20.705,249.053,52.8654],"carpPosition":[-18.9811,223.807,135.484],"dipPosition":[-28.4115,247.069,70.6756],"direction":[0.0607066,0.259888,-0.963729],"extended":false,"handId":93,"id":930,"length":43.4396,"mcpPosition":[-18.9811,223.807,135.484],"pipPosition":[-30.1368,239.683,98.0638],"stabilizedTipPosition":[-18.7092,249.039,41.7634],"timeVisible":5.58576,"tipPosition":[-22.1687,248.306,56.8508],"tipVelocity":[-12.5412,0.327101,5.06669],"tool":false,"touchDistance":0.339539,"touchZone":"hovering","type":0,"width":16.1294},{"bases":[[[0.973834,-0.185198,-0.131716],[0.226774,0.829821,0.509873],[0.0148736,-0.526401,0.850106]],[[0.972973,-0.21643,-0.0805037],[0.083835,0.655917,-0.750163],[0.215162,0.72314,0.656334]],[[0.972973,-0.21643,-0.0805037],[-0.205784,-0.654508,-0.727511],[0.104765,0.724415,-0.681356]],[[0.972973,-0.21643,-0.0805037],[-0.226185,-0.963459,-0.143481],[-0.0465083,0.157812,-0.986373]]],"btipPosition":[-11.7626,225.787,92.8607],"carpPosition":[-0.487432,243.469,137.713],"dipPosition":[-12.4911,228.259,77.4108],"direction":[-0.104765,-0.724415,0.681356],"extended":false,"handId":93,"id":932,"length":55.8507,"mcpPosition":[-1.3637,274.481,87.6298],"pipPosition":[-10.0079,245.429,61.2612],"stabilizedTipPosition":[-9.79248,228.773,79.3539],"timeVisible":5.58576,"tipPosition":[-11.2585,225.565,87.7437],"tipVelocity":[-4.34487,-3.77639,5.41327],"tool":false,"touchDistance":0.333333,"touchZone":"none","type":2,"width":15.1315},{"bases":[[[0.945524,-0.322669,-0.0432398],[0.296129,0.797266,0.525999],[-0.13525,-0.510149,0.849385]],[[0.941677,-0.335856,-0.021086],[0.198,0.603641,-0.772278],[0.272103,0.723062,0.634934]],[[0.941677,-0.335856,-0.021086],[-0.245599,-0.643072,-0.725355],[0.230055,0.688229,-0.688052]],[[0.941677,-0.335856,-0.021086],[-0.335635,-0.932826,-0.131095],[0.0243594,0.130526,-0.991146]]],"btipPosition":[1.05698,224.686,98.9008],"carpPosition":[9.72759,242.553,136.152],"dipPosition":[1.43634,226.718,83.4654],"direction":[-0.230055,-0.688229,0.688052],"extended":false,"handId":93,"id":933,"length":53.7019,"mcpPosition":[16.8817,269.537,91.2239],"pipPosition":[6.7483,242.61,67.5783],"stabilizedTipPosition":[3.21865,227.697,88.1556],"timeVisible":5.58576,"tipPosition":[1.85559,224.422,94.0527],"tipVelocity":[-3.37712,-3.88572,6.09209],"tool":false,"touchDistance":0.422511,"touchZone":"none","type":3,"width":14.3986}],"r":[[0.830604,0.473707,-0.292744],[-0.515868,0.852525,-0.0841481],[0.20971,0.220911,0.952481]],"s":1.43766,"t":[-163.838,137.639,20.0462],"timestamp":629788477191},{"currentFrameRate":55.3322,"devices":[],"gestures":[],"hands":[{"armBasis":[[0.889759,0.26368,-0.37256],[0.0830326,0.70912,0.700182],[0.448814,-0.653928,0.609052]],"armWidth":51.6853,"confidence":1,"direction":[0.0288642,0.642551,-0.765699],"elbow":[111.938,69.3629,290.313],"grabAngle":2.83971,"grabStrength":0,"id":93,"palmNormal":[-0.0855477,-0.76162,-0.642353],"palmPosition":[0.2466,257.735,101.451],"palmVelocity":[-3.93785,-6.0775,2.39143],"palmWidth":76.835,"pinchDistance":37.7552,"pinchStrength":0.406264,"r":[[0.830937,0.473106,-0.292768],[-0.51517,0.852986,-0.0837553],[0.210102,0.220421,0.952508]],"s":1.43773,"sphereCenter":[9.16594,235.218,66.2023],"sphereRadius":41.005,"stabilizedPalmPosition":[2.45338,261.837,96.9229],"t":[-163.908,137.551,20.1059],"timeVisible":5.60372,"type":"right","wrist":[9.61009,218.456,151.451]}],"id":33153,"interactionBox":{"center":[0,200,0],"size":[235.247,235.247,147.751]},"pointables":[{"bases":[[[0.986624,0.0250339,-0.161079],[0.0640173,0.84925,0.524096],[0.149917,-0.527397,0.836288]],[[0.997567,-0.0399308,-0.0571466],[0.04947,0.983024,0.176681],[0.0491215,-0.179078,0.982608]],[[0.997567,-0.0399308,-0.0571466],[0.0380049,0.998685,-0.0344001],[0.0584451,0.0321446,0.997773]],[[0.997567,-0.0399308,-0.0571466],[0.0302204,0.986379,-0.161689],[0.0628246,0.159568,0.985186]]],"btipPosition":[-23.8739,277.959,17.836],"carpPosition":[-10.7292,241.702,139.108],"dipPosition":[-22.9792,280.232,31.8661],"direction":[-0.0584451,-0.0321446,-0.997773],"extended":true,"handId":93,"id":931,"length":49.0168,"mcpPosition":[-20.0427,274.467,87.1544],"pipPosition":[-21.8017,280.879,51.9676],"stabilizedTipPosition":[-22.6336,284.321,10.6429],"timeVisible":5.60372,"tipPosition":[-23.7915,282.995,21.542],"tipVelocity":[-7.57086,-15.6672,3.02409],"tool":false,"touchDistance":0.342625,"touchZone":"hovering","type":1,"width":15.4068},{"bases":[[[0.858228,-0.512279,-0.031865],[0.432156,0.687711,0.583349],[-0.276923,-0.514417,0.811597]],[[0.882243,-0.456398,-0.115534],[0.237882,0.643918,-0.727174],[0.406275,0.614061,0.676661]],[[0.882243,-0.456398,-0.115534],[-0.362899,-0.502925,-0.784455],[0.299919,0.734008,-0.609329]],[[0.882243,-0.456398,-0.115534],[-0.470792,-0.854596,-0.219135],[0.00127785,0.247723,-0.96883]]],"btipPosition":[15.7167,227.105,97.5042],"carpPosition":[19.0389,235.539,133.334],"dipPosition":[15.7351,230.664,83.585],"direction":[-0.299919,-0.734008,0.609329],"extended":false,"handId":93,"id":934,"length":42.1013,"mcpPosition":[32.5984,260.728,93.5941],"pipPosition":[20.6245,242.63,73.6514],"stabilizedTipPosition":[17.3712,231.302,88.7896],"timeVisible":5.60372,"tipPosition":[15.3941,227.911,92.6469],"tipVelocity":[-18.1082,-11.3702,3.99908],"tool":false,"touchDistance":0.405046,"touchZone":"none","type":4,"width":12.7899},{"bases":[[[0.482902,0.772776,0.411852],[-0.774514,0.157481,0.612641],[0.408575,-0.61483,0.674574]],[[0.385919,0.885022,0.26039],[-0.883675,0.273576,0.379836],[0.264926,-0.376686,0.88765]],[[0.385919,0.885022,0.26039],[-0.920615,0.387649,0.0468715],[-0.0594575,-0.257807,0.964365]],[[0.385919,0.885022,0.26039],[-0.834689,0.455181,-0.310007],[-0.392887,-0.0977072,0.914381]]],"btipPosition":[-20.9987,249.004,52.986],"carpPosition":[-19.1853,223.893,135.646],"dipPosition":[-28.6628,247.098,70.823],"direction":[0.0594575,0.257807,-0.964365],"extended":false,"handId":93,"id":930,"length":43.4396,"mcpPosition":[-19.1853,223.893,135.646],"pipPosition":[-30.3525,239.771,98.2293],"stabilizedTipPosition":[-18.7425,249.035,41.8891],"timeVisible":5.60372,"tipPosition":[-22.4046,248.244,56.9674],"tipVelocity":[-15.8086,-1.73495,7.05899],"tool":false,"touchDistance":0.34082,"touchZone":"hovering","type":0,"width":16.1294},{"bases":[[[0.972341,-0.191595,-0.133582],[0.233172,0.829471,0.507552],[0.0135583,-0.524661,0.851203]],[[0.971404,-0.222711,-0.0823005],[0.0863551,0.65429,-0.751297],[0.221171,0.722706,0.654813]],[[0.971404,-0.222711,-0.0823005],[-0.211495,-0.654115,-0.726225],[0.107904,0.722864,-0.682513]],[[0.971404,-0.222711,-0.0823005],[-0.232621,-0.962142,-0.142026],[-0.0475541,0.157109,-0.986436]]],"btipPosition":[-12.0606,225.724,92.9612],"carpPosition":[-0.56341,243.443,137.789],"dipPosition":[-12.8054,228.184,77.5103],"direction":[-0.107904,-0.722864,0.682513],"extended":false,"handId":93,"id":932,"length":55.8507,"mcpPosition":[-1.36219,274.353,87.6408],"pipPosition":[-10.2479,245.318,61.3333],"stabilizedTipPosition":[-9.80213,228.763,79.3937],"timeVisible":5.60372,"tipPosition":[-11.5654,225.502,87.8874],"tipVelocity":[-16.7985,-3.66396,5.58526],"tool":false,"touchDistance":0.333333,"touchZone":"none","type":2,"width":15.1315},{"bases":[[[0.943375,-0.328695,-0.0447437],[0.302359,0.796515,0.523587],[-0.136462,-0.507468,0.850797]],[[0.939381,-0.342173,-0.0219342],[0.200798,0.600856,-0.773726],[0.277927,0.72242,0.63314]],[[0.939381,-0.342173,-0.0219342],[-0.251063,-0.642864,-0.723667],[0.233519,0.685306,-0.689801]],[[0.939381,-0.342173,-0.0219342],[-0.342061,-0.930823,-0.1287],[0.0236208,0.128401,-0.991441]]],"btipPosition":[0.750073,224.575,98.9918],"carpPosition":[9.64197,242.459,136.206],"dipPosition":[1.11793,226.575,83.5518],"direction":[-0.233519,-0.685306,0.689801],"extended":false,"handId":93,"id":933,"length":53.7019,"mcpPosition":[16.8601,269.302,91.2031],"pipPosition":[6.50986,242.398,67.6243],"stabilizedTipPosition":[3.20537,227.682,88.1962],"timeVisible":5.60372,"tipPosition":[1.55633,224.289,94.1668],"tipVelocity":[-17.2357,-6.59418,5.00908],"tool":false,"touchDistance":0.42401,"touchZone":"none","type":3,"width":14.3986}],"r":[[0.830937,0.473106,-0.292768],[-0.51517,0.852986,-0.0837553],[0.210102,0.220421,0.952508]],"s":1.43773,"t":[-163.908,137.551,20.1059],"timestamp":629788495151},{"currentFrameRate":55.3305,"devices":[],"gestures":[],"hands":[{"armBasis":[[0.889847,0.262328,-0.373303],[0.0855348,0.707764,0.701252],[0.448169,-0.655938,0.607364]],"armWidth":51.6853,"confidence":1,"direction":[0.0291664,0.642196,-0.765985],"elbow":[111.64,68.8739,289.843],"grabAngle":2.84044,"grabStrength":0,"id":93,"palmNormal":[-0.0881554,-0.761673,-0.641937],"palmPosition":[0.109479,257.718,101.376],"palmVelocity":[-7.58451,-0.932672,-4.12041],"palmWidth":76.835,"pinchDistance":37.9656,"pinchStrength":0.405722,"r":[[0.831327,0.472237,-0.293065],[-0.51426,0.853574,-0.0833567],[0.210789,0.220008,0.952452]],"s":1.43768,"sphereCenter":[8.97631,235.14,66.1134],"sphereRadius":41.0265,"stabilizedPalmPosition":[2.44526,261.823,96.9383],"t":[-164.012,137.498,20.0985],"timeVisible":5.6218,"type":"right","wrist":[9.45844,218.426,151.366]}],"id":33154,"interactionBox":{"center":[0,200,0],"size":[235.247,235.247,147.751]},"pointables":[{"bases":[[[0.986442,0.0228016,-0.16252],[0.0666461,0.849305,0.523678],[0.14997,-0.527409,0.836271]],[[0.997395,-0.0421911,-0.0585081],[0.0518622,0.983181,0.175115],[0.0501358,-0.177693,0.982808]],[[0.997395,-0.0421911,-0.0585081],[0.0400315,0.998491,-0.0376049],[0.0600064,0.0351648,0.997578]],[[0.997395,-0.0421911,-0.0585081],[0.031974,0.985656,-0.165708],[0.0646603,0.163405,0.984438]]],"btipPosition":[-24.0888,277.817,17.792],"carpPosition":[-10.8469,241.724,139.056],"dipPosition":[-23.1679,280.144,31.8114],"direction":[-0.0600064,-0.0351648,-0.997578],"extended":true,"handId":93,"id":931,"length":49.0168,"mcpPosition":[-20.1637,274.489,87.103],"pipPosition":[-21.959,280.852,51.909],"stabilizedTipPosition":[-22.6426,284.278,10.7177],"timeVisible":5.6218,"tipPosition":[-23.988,282.959,21.4885],"tipVelocity":[-11.5544,-7.20108,-2.57117],"tool":false,"touchDistance":0.340999,"touchZone":"hovering","type":1,"width":15.4068},{"bases":[[[0.857052,-0.514178,-0.0329142],[0.434514,0.686979,0.582458],[-0.276876,-0.513499,0.812194]],[[0.881011,-0.458555,-0.116392],[0.238486,0.64294,-0.727841],[0.408588,0.613478,0.675796]],[[0.881011,-0.458555,-0.116392],[-0.365138,-0.502633,-0.783603],[0.300823,0.732862,-0.610261]],[[0.881011,-0.458555,-0.116392],[-0.473096,-0.853553,-0.21824],[0.000728188,0.247336,-0.96893]]],"btipPosition":[15.4997,227.055,97.4238],"carpPosition":[18.8992,235.493,133.24],"dipPosition":[15.5101,230.609,83.5031],"direction":[-0.300823,-0.732862,0.610261],"extended":false,"handId":93,"id":934,"length":42.1013,"mcpPosition":[32.4563,260.637,93.4716],"pipPosition":[20.4143,242.556,73.5543],"stabilizedTipPosition":[17.361,231.284,88.8192],"timeVisible":5.6218,"tipPosition":[15.1787,227.858,92.5627],"tipVelocity":[-12.1077,-2.81586,-4.46689],"tool":false,"touchDistance":0.403701,"touchZone":"none","type":4,"width":12.7899},{"bases":[[[0.485199,0.771868,0.410856],[-0.773275,0.159417,0.613703],[0.4082,-0.615473,0.674215]],[[0.388314,0.884206,0.259598],[-0.882301,0.275413,0.381697],[0.266002,-0.377262,0.887083]],[[0.388314,0.884206,0.259598],[-0.919714,0.389519,0.0490092],[-0.0577842,-0.257787,0.964472]],[[0.388314,0.884206,0.259598],[-0.834599,0.45688,-0.307741],[-0.390712,-0.0971604,0.915371]]],"btipPosition":[-21.2959,249.056,52.9541],"carpPosition":[-19.3472,223.932,135.612],"dipPosition":[-28.9176,247.161,70.8104],"direction":[0.0577842,0.257787,-0.964472],"extended":false,"handId":93,"id":930,"length":43.4396,"mcpPosition":[-19.3472,223.932,135.612],"pipPosition":[-30.5597,239.835,98.2198],"stabilizedTipPosition":[-18.7821,249.031,42.0288],"timeVisible":5.6218,"tipPosition":[-22.6292,248.262,56.9301],"tipVelocity":[-15.8991,3.01167,-1.51787],"tool":false,"touchDistance":0.33966,"touchZone":"hovering","type":0,"width":16.1294},{"bases":[[[0.971722,-0.193785,-0.13492],[0.235733,0.829148,0.506896],[0.0136394,-0.524367,0.851383]],[[0.970791,-0.22488,-0.0836245],[0.0867717,0.654033,-0.751473],[0.223684,0.722267,0.654443]],[[0.970791,-0.22488,-0.0836245],[-0.213959,-0.653733,-0.725848],[0.10856,0.722539,-0.682753]],[[0.970791,-0.22488,-0.0836245],[-0.234968,-0.961598,-0.141841],[-0.0485161,0.157347,-0.986351]]],"btipPosition":[-12.2826,225.727,92.9019],"carpPosition":[-0.679229,243.442,137.721],"dipPosition":[-13.0425,228.191,77.4524],"direction":[-0.10856,-0.722539,0.682754],"extended":false,"handId":93,"id":932,"length":55.8507,"mcpPosition":[-1.48279,274.334,87.5624],"pipPosition":[-10.4694,245.317,61.2697],"stabilizedTipPosition":[-9.81501,228.751,79.442],"timeVisible":5.6218,"tipPosition":[-11.7938,225.507,87.8439],"tipVelocity":[-12.4738,0.214721,-3.26137],"tool":false,"touchDistance":0.333333,"touchZone":"none","type":2,"width":15.1315},{"bases":[[[0.942584,-0.330788,-0.0459865],[0.30487,0.796046,0.522843],[-0.136343,-0.506844,0.851187]],[[0.938577,-0.344296,-0.0230826],[0.201134,0.600208,-0.774142],[0.280388,0.721949,0.632592]],[[0.938577,-0.344296,-0.0230826],[-0.253521,-0.642645,-0.723004],[0.234094,0.684447,-0.690458]],[[0.938577,-0.344296,-0.0230826],[-0.34433,-0.930093,-0.127918],[0.0225727,0.128009,-0.991516]]],"btipPosition":[0.534861,224.561,98.9256],"carpPosition":[9.52166,242.435,136.124],"dipPosition":[0.886394,226.555,83.4844],"direction":[-0.234094,-0.684447,0.690458],"extended":false,"handId":93,"id":933,"length":53.7019,"mcpPosition":[16.7335,269.244,91.1001],"pipPosition":[6.2916,242.358,67.5417],"stabilizedTipPosition":[3.18925,227.666,88.2409],"timeVisible":5.6218,"tipPosition":[1.33474,224.267,94.1038],"tipVelocity":[-12.1116,-0.844989,-3.67838],"tool":false,"touchDistance":0.422902,"touchZone":"none","type":3,"width":14.3986}],"r":[[0.831327,0.472237,-0.293065],[-0.51426,0.853574,-0.0833567],[0.210789,0.220008,0.952452]],"s":1.43768,"t":[-164.012,137.498,20.0985],"timestamp":629788513230},{"currentFrameRate":55.3116,"devices":[],"gestures":[],"hands":[{"armBasis":[[0.889943,0.264046,-0.371863],[0.0839014,0.706658,0.702563],[0.448289,-0.656441,0.606731]],"armWidth":51.6853,"confidence":1,"direction":[0.0284487,0.639931,-0.767906],"elbow":[111.482,68.8951,289.496],"grabAngle":2.8409,"grabStrength":0,"id":93,"palmNormal":[-0.0866296,-0.763748,-0.639675],"palmPosition":[-0.111349,257.717,101.077],"palmVelocity":[-12.1702,-0.0483827,-16.5164],"palmWidth":76.835,"pinchDistance":38.6037,"pinchStrength":0.402013,"r":[[0.831508,0.471638,-0.293516],[-0.513805,0.853825,-0.0835971],[0.211184,0.220322,0.952292]],"s":1.43793,"sphereCenter":[8.94309,234.994,65.8459],"sphereRadius":41.1226,"stabilizedPalmPosition":[2.4386,261.812,96.9491],"t":[-164.174,137.472,19.945],"timeVisible":5.63994,"type":"right","wrist":[9.27384,218.562,151.163]}],"id":33155,"interactionBox":{"center":[0,200,0],"size":[235.247,235.247,147.751]},"pointables":[{"bases":[[[0.986474,0.023927,-0.162164],[0.0650284,0.850988,0.521143],[0.150469,-0.524639,0.837922]],[[0.997501,-0.0409795,-0.0575519],[0.0502978,0.983961,0.171147],[0.0496153,-0.173614,0.983563]],[[0.997501,-0.0409795,-0.0575519],[0.0386045,0.99838,-0.0417901],[0.0591713,0.0394639,0.997467]],[[0.997501,-0.0409795,-0.0575519],[0.0306326,0.984905,-0.170366],[0.0636647,0.168177,0.983699]]],"btipPosition":[-24.2812,277.439,17.4188],"carpPosition":[-11.0579,241.819,138.8],"dipPosition":[-23.3745,279.834,31.4277],"direction":[-0.0591713,-0.0394639,-0.997467],"extended":true,"handId":93,"id":931,"length":49.0168,"mcpPosition":[-20.4057,274.412,86.7441],"pipPosition":[-22.1824,280.629,51.523],"stabilizedTipPosition":[-22.6518,284.238,10.7819],"timeVisible":5.63994,"tipPosition":[-24.2145,282.652,21.1002],"tipVelocity":[-10.7828,-19.9617,-20.7009],"tool":false,"touchDistance":0.334598,"touchZone":"hovering","type":1,"width":15.4068},{"bases":[[[0.857906,-0.512871,-0.0309949],[0.433136,0.689442,0.580571],[-0.276389,-0.5115,0.813619]],[[0.881838,-0.457379,-0.114747],[0.237464,0.640957,-0.729921],[0.407399,0.616424,0.673831]],[[0.881838,-0.457379,-0.114747],[-0.364196,-0.506028,-0.781854],[0.299539,0.731259,-0.612811]],[[0.881838,-0.457379,-0.114747],[-0.471553,-0.855165,-0.215243],[0.000320484,0.243919,-0.969796]]],"btipPosition":[15.3393,227.072,97.2412],"carpPosition":[18.7009,235.619,133.016],"dipPosition":[15.3439,230.576,83.308],"direction":[-0.299539,-0.731259,0.612811],"extended":false,"handId":93,"id":934,"length":42.1013,"mcpPosition":[32.2341,260.665,93.1771],"pipPosition":[20.2272,242.497,73.3177],"stabilizedTipPosition":[17.3528,231.27,88.8405],"timeVisible":5.63994,"tipPosition":[15.011,227.855,92.3617],"tipVelocity":[-8.91151,0.29572,-10.222],"tool":false,"touchDistance":0.400609,"touchZone":"none","type":4,"width":12.7899},{"bases":[[[0.483756,0.773897,0.408735],[-0.773802,0.16,0.612887],[0.408914,-0.612768,0.676244]],[[0.387008,0.885399,0.257476],[-0.882158,0.274255,0.382859],[0.268369,-0.375304,0.887201]],[[0.387008,0.885399,0.257476],[-0.920475,0.387417,0.0513141],[-0.0543174,-0.25686,0.964921]],[[0.387008,0.885399,0.257476],[-0.837796,0.454276,-0.302872],[-0.385128,-0.0984987,0.917592]]],"btipPosition":[-21.7835,249.044,52.6867],"carpPosition":[-19.5276,224.003,135.406],"dipPosition":[-29.2963,247.122,70.5864],"direction":[0.0543174,0.25686,-0.964921],"extended":false,"handId":93,"id":930,"length":43.4396,"mcpPosition":[-19.5276,224.003,135.406],"pipPosition":[-30.8399,239.823,98.0085],"stabilizedTipPosition":[-18.828,249.027,42.1721],"timeVisible":5.63994,"tipPosition":[-22.8297,248.1,56.6526],"tipVelocity":[-25.4927,-0.99839,-14.186],"tool":false,"touchDistance":0.335166,"touchZone":"hovering","type":0,"width":16.1294},{"bases":[[[0.972097,-0.192599,-0.133917],[0.234155,0.831057,0.504495],[0.0141271,-0.521775,0.852966]],[[0.971194,-0.22354,-0.0825284],[0.0860867,0.652097,-0.753233],[0.222194,0.724431,0.652556]],[[0.971194,-0.22354,-0.0825284],[-0.212519,-0.655906,-0.724309],[0.107782,0.720984,-0.684519]],[[0.971194,-0.22354,-0.0825284],[-0.233376,-0.962265,-0.139937],[-0.0481325,0.155167,-0.986715]]],"btipPosition":[-12.4523,225.665,92.6749],"carpPosition":[-0.892504,243.549,137.464],"dipPosition":[-13.2062,228.096,77.2196],"direction":[-0.107781,-0.720984,0.684519],"extended":false,"handId":93,"id":932,"length":55.8507,"mcpPosition":[-1.72479,274.289,87.2119],"pipPosition":[-10.6516,245.185,60.9951],"stabilizedTipPosition":[-9.82499,228.742,79.4764],"timeVisible":5.63994,"tipPosition":[-11.9569,225.447,87.6384],"tipVelocity":[-9.27703,-3.80293,-12.5866],"tool":false,"touchDistance":0.333333,"touchZone":"none","type":2,"width":15.1315},{"bases":[[[0.943144,-0.329381,-0.0445834],[0.30334,0.798117,0.520571],[-0.135883,-0.504498,0.852653]],[[0.938987,-0.343323,-0.0207847],[0.201395,0.597789,-0.775943],[0.278824,0.724415,0.63046]],[[0.938987,-0.343323,-0.0207847],[-0.251996,-0.645562,-0.720935],[0.234096,0.682187,-0.692691]],[[0.938987,-0.343323,-0.0207847],[-0.343147,-0.930947,-0.124851],[0.0235148,0.124366,-0.991958]]],"btipPosition":[0.343141,224.573,98.7362],"carpPosition":[9.31071,242.554,135.874],"dipPosition":[0.709345,226.51,83.2881],"direction":[-0.234096,-0.682187,0.692691],"extended":false,"handId":93,"id":933,"length":53.7019,"mcpPosition":[16.4983,269.24,90.7728],"pipPosition":[6.11461,242.262,67.2939],"stabilizedTipPosition":[3.17586,227.653,88.2745],"timeVisible":5.63994,"tipPosition":[1.17029,224.248,93.9081],"tipVelocity":[-10.3801,-0.036017,-10.5272],"tool":false,"touchDistance":0.419718,"touchZone":"none","type":3,"width":14.3986}],"r":[[0.831508,0.471638,-0.293516],[-0.513805,0.853825,-0.0835971],[0.211184,0.220322,0.952292]],"s":1.43793,"t":[-164.174,137.472,19.945],"timestamp":629788531375},{"currentFrameRate":55.3072,"devices":[],"gestures":[],"hands":[{"armBasis":[[0.88966,0.257792,-0.376892],[0.0903995,0.709618,0.698764],[0.447585,-0.655733,0.608014]],"armWidth":51.6853,"confidence":1,"direction":[0.0316572,0.637137,-0.7701],"elbow":[110.929,69.2126,289.074],"grabAngle":2.84159,"grabStrength":0,"id":93,"palmNormal":[-0.0933544,-0.765233,-0.636948],"palmPosition":[-0.342545,257.76,100.245],"palmVelocity":[-12.7761,2.33207,-45.9533],"palmWidth":76.835,"pinchDistance":38.9701,"pinchStrength":0.399693,"r":[[0.832227,0.469753,-0.294499],[-0.512231,0.854713,-0.0841738],[0.212171,0.220903,0.951938]],"s":1.43825,"sphereCenter":[8.59553,234.811,65.0508],"sphereRadius":41.1895,"stabilizedPalmPosition":[2.43443,261.806,96.954],"t":[-164.371,137.48,19.4524],"timeVisible":5.65804,"type":"right","wrist":[8.88091,218.718,150.449]}],"id":33156,"interactionBox":{"center":[0,200,0],"size":[235.247,235.247,147.751]},"pointables":[{"bases":[[[0.986318,0.0162273,-0.164055],[0.0721656,0.852231,0.518164],[0.148221,-0.522914,0.8394]],[[0.997083,-0.048698,-0.0587712],[0.0578981,0.984312,0.166668],[0.0497328,-0.169585,0.98426]],[[0.997083,-0.048698,-0.0587712],[0.0460005,0.997863,-0.0464102],[0.0609057,0.0435713,0.997192]],[[0.997083,-0.048698,-0.0587712],[0.0377097,0.983776,-0.175395],[0.066359,0.172667,0.982742]]],"btipPosition":[-24.495,277.289,16.5628],"carpPosition":[-11.3338,242.067,138.041],"dipPosition":[-23.5499,279.748,30.5581],"direction":[-0.0609057,-0.0435713,-0.997192],"extended":true,"handId":93,"id":931,"length":49.0168,"mcpPosition":[-20.542,274.553,85.8939],"pipPosition":[-22.3229,280.626,50.6479],"stabilizedTipPosition":[-22.6575,284.215,10.8135],"timeVisible":5.65804,"tipPosition":[-24.4124,282.574,20.2272],"tipVelocity":[-11.3278,-7.47554,-47.4754],"tool":false,"touchDistance":0.32028,"touchZone":"hovering","type":1,"width":15.4068},{"bases":[[[0.854107,-0.519182,-0.03085],[0.439202,0.688218,0.577458],[-0.278574,-0.50676,0.815838]],[[0.878103,-0.464677,-0.114062],[0.241445,0.636142,-0.732822],[0.413085,0.615954,0.670792]],[[0.878103,-0.464677,-0.114062],[-0.369185,-0.506362,-0.779294],[0.304363,0.726411,-0.61619]],[[0.878103,-0.464677,-0.114062],[-0.47847,-0.852329,-0.211189],[0.000916374,0.240021,-0.970767]]],"btipPosition":[14.8591,227.002,96.4989],"carpPosition":[18.3684,235.633,132.223],"dipPosition":[14.8722,230.45,82.5519],"direction":[-0.304363,-0.726411,0.61619],"extended":false,"handId":93,"id":934,"length":42.1013,"mcpPosition":[32.0087,260.446,92.2762],"pipPosition":[19.8341,242.292,72.5064],"stabilizedTipPosition":[17.3445,231.258,88.8553],"timeVisible":5.65804,"tipPosition":[14.5472,227.76,91.6054],"tipVelocity":[-26.4294,-4.58458,-41.1935],"tool":false,"touchDistance":0.388185,"touchZone":"none","type":4,"width":12.7899},{"bases":[[[0.490113,0.771728,0.405246],[-0.77148,0.167657,0.613767],[0.405719,-0.613455,0.677543]],[[0.394039,0.883297,0.254008],[-0.87901,0.281449,0.384873],[0.268467,-0.37493,0.887329]],[[0.394039,0.883297,0.254008],[-0.917598,0.393836,0.0539147],[-0.0524147,-0.254322,0.965698]],[[0.394039,0.883297,0.254008],[-0.836229,0.45923,-0.299714],[-0.381385,-0.0943099,0.919593]]],"btipPosition":[-22.3259,249.173,51.9372],"carpPosition":[-19.9388,224.302,134.723],"dipPosition":[-29.7656,247.333,69.8758],"direction":[0.0524147,0.254322,-0.965698],"extended":false,"handId":93,"id":930,"length":43.4396,"mcpPosition":[-19.9388,224.302,134.723],"pipPosition":[-31.2552,240.106,97.3201],"stabilizedTipPosition":[-18.8687,249.025,42.2805],"timeVisible":5.65804,"tipPosition":[-23.2219,248.166,55.8972],"tipVelocity":[-29.0435,8.18207,-40.9253],"tool":false,"touchDistance":0.322823,"touchZone":"hovering","type":0,"width":16.1294},{"bases":[[[0.970424,-0.200093,-0.135055],[0.241112,0.831018,0.501272],[0.0119323,-0.51901,0.854685]],[[0.969393,-0.230855,-0.0835621],[0.0893454,0.648732,-0.755754],[0.228679,0.725157,0.649502]],[[0.969393,-0.230855,-0.0835621],[-0.218602,-0.65667,-0.721801],[0.111759,0.717976,-0.687037]],[[0.969393,-0.230855,-0.0835621],[-0.2406,-0.961027,-0.136157],[-0.048873,0.152094,-0.987157]]],"btipPosition":[-12.9324,225.763,91.9801],"carpPosition":[-1.15865,243.719,136.681],"dipPosition":[-13.6979,228.145,76.5179],"direction":[-0.111759,-0.717976,0.687037],"extended":false,"handId":93,"id":932,"length":55.8507,"mcpPosition":[-1.86163,274.296,86.3278],"pipPosition":[-11.049,245.163,60.2337],"stabilizedTipPosition":[-9.83516,228.735,79.5041],"timeVisible":5.65804,"tipPosition":[-12.4472,225.532,86.938],"tipVelocity":[-26.6749,4.7637,-38.4833],"tool":false,"touchDistance":0.333333,"touchZone":"none","type":2,"width":15.1315},{"bases":[[[0.940647,-0.336362,-0.0452107],[0.310086,0.79763,0.517332],[-0.137949,-0.500646,0.85459]],[[0.936522,-0.349929,-0.0218203],[0.203671,0.593637,-0.778533],[0.285384,0.724669,0.627225]],[[0.936522,-0.349929,-0.0218203],[-0.258268,-0.646441,-0.717922],[0.237116,0.677985,-0.695781]],[[0.936522,-0.349929,-0.0218203],[-0.349926,-0.929003,-0.120437],[0.0218732,0.120427,-0.992481]]],"btipPosition":[-0.112646,224.609,98.0355],"carpPosition":[9.03411,242.645,135.076],"dipPosition":[0.227993,226.485,82.5792],"direction":[-0.237116,-0.677985,0.695781],"extended":false,"handId":93,"id":933,"length":53.7019,"mcpPosition":[16.331,269.127,89.8721],"pipPosition":[5.70299,242.139,66.5137],"stabilizedTipPosition":[3.16347,227.643,88.2985],"timeVisible":5.65804,"tipPosition":[0.681806,224.259,93.1889],"tipVelocity":[-25.5121,1.19735,-38.8235],"tool":false,"touchDistance":0.408009,"touchZone":"none","type":3,"width":14.3986}],"r":[[0.832227,0.469753,-0.294499],[-0.512231,0.854713,-0.0841738],[0.212171,0.220903,0.951938]],"s":1.43825,"t":[-164.371,137.48,19.4524],"timestamp":629788549471},{"currentFrameRate":55.3317,"devices":[],"gestures":[],"hands":[{"armBasis":[[0.890239,0.254226,-0.377946],[0.0918644,0.712491,0.695642],[0.446133,-0.654008,0.610933]],"armWidth":51.6853,"confidence":1,"direction":[0.0343771,0.634934,-0.771801],"elbow":[110.105,69.8018,288.213],"grabAngle":2.84022,"grabStrength":0,"id":93,"palmNormal":[-0.0949759,-0.766687,-0.634958],"palmPosition":[-0.676402,257.834,98.5945],"palmVelocity":[-18.56,4.12048,-91.7581],"palmWidth":76.835,"pinchDistance":39.0465,"pinchStrength":0.398847,"r":[[0.833142,0.467584,-0.295363],[-0.510442,0.85568,-0.0852116],[0.212893,0.221759,0.951577]],"s":1.43876,"sphereCenter":[8.31036,234.739,63.4365],"sphereRadius":41.2609,"stabilizedPalmPosition":[2.43166,261.802,96.9555],"t":[-164.636,137.521,18.3809],"timeVisible":5.67603,"type":"right","wrist":[8.38848,218.914,148.922]}],"id":33157,"interactionBox":{"center":[0,200,0],"size":[235.247,235.247,147.751]},"pointables":[{"bases":[[[0.986534,0.0128267,-0.163052],[0.074173,0.853423,0.515914],[0.14577,-0.521061,0.84098]],[[0.996988,-0.0517082,-0.0578015],[0.0606497,0.984335,0.165547],[0.0483359,-0.168554,0.984507]],[[0.996988,-0.0517082,-0.0578015],[0.0491011,0.99775,-0.0456492],[0.0600319,0.0426736,0.997284]],[[0.996988,-0.0517082,-0.0578015],[0.0409223,0.983845,-0.174282],[0.0658795,0.171392,0.982998]]],"btipPosition":[-24.6888,277.383,14.8308],"carpPosition":[-11.7544,242.277,136.422],"dipPosition":[-23.7506,279.824,28.8297],"direction":[-0.0600319,-0.0426736,-0.997284],"extended":true,"handId":93,"id":931,"length":49.0168,"mcpPosition":[-20.8103,274.648,84.1761],"pipPosition":[-22.5412,280.684,48.9213],"stabilizedTipPosition":[-22.6608,284.204,10.8264],"timeVisible":5.67603,"tipPosition":[-24.5862,282.452,18.4791],"tipVelocity":[-10.8651,5.02643,-96.2425],"tool":false,"touchDistance":0.291426,"touchZone":"hovering","type":1,"width":15.4068},{"bases":[[[0.852579,-0.521819,-0.0285273],[0.440654,0.688475,0.576044],[-0.28095,-0.503694,0.816921]],[[0.87669,-0.468006,-0.111287],[0.245228,0.63381,-0.733586],[0.413857,0.615837,0.670423]],[[0.87669,-0.468006,-0.111287],[-0.369335,-0.506601,-0.779068],[0.308231,0.724103,-0.616983]],[[0.87669,-0.468006,-0.111287],[-0.481044,-0.851235,-0.209753],[0.00343456,0.237422,-0.971401]]],"btipPosition":[14.4195,227.036,94.9083],"carpPosition":[17.9345,235.738,130.653],"dipPosition":[14.4688,230.447,80.9522],"direction":[-0.308231,-0.724103,0.616983],"extended":false,"handId":93,"id":934,"length":42.1013,"mcpPosition":[31.6911,260.401,90.6527],"pipPosition":[19.4938,242.251,70.8938],"stabilizedTipPosition":[17.3386,231.251,88.8611],"timeVisible":5.67603,"tipPosition":[14.1334,227.766,90.0575],"tipVelocity":[-23.975,1.40812,-88.5421],"tool":false,"touchDistance":0.36164,"touchZone":"none","type":4,"width":12.7899},{"bases":[[[0.491997,0.771361,0.40366],[-0.77162,0.171641,0.612489],[0.403166,-0.612814,0.679644]],[[0.396551,0.882684,0.25222],[-0.878175,0.284687,0.384398],[0.267498,-0.373927,0.888045]],[[0.396551,0.882684,0.25222],[-0.916497,0.396443,0.0535417],[-0.0527305,-0.252391,0.966187]],[[0.396551,0.882684,0.25222],[-0.835312,0.460906,-0.2997],[-0.38079,-0.0918361,0.92009]]],"btipPosition":[-22.758,249.255,50.3032],"carpPosition":[-20.4091,224.529,133.143],"dipPosition":[-30.1861,247.463,68.2515],"direction":[0.0527305,0.252391,-0.966187],"extended":false,"handId":93,"id":930,"length":43.4396,"mcpPosition":[-20.4091,224.529,133.143],"pipPosition":[-31.6847,240.291,95.7097],"stabilizedTipPosition":[-18.894,249.024,42.3354],"timeVisible":5.67603,"tipPosition":[-23.546,248.193,54.2504],"tipVelocity":[-23.874,5.16479,-90.7132],"tool":false,"touchDistance":0.295627,"touchZone":"hovering","type":0,"width":16.1294},{"bases":[[[0.969962,-0.203365,-0.133479],[0.243073,0.831658,0.499259],[0.00947696,-0.516708,0.856109]],[[0.968785,-0.233983,-0.0819032],[0.0922055,0.646777,-0.757085],[0.230118,0.725901,0.648162]],[[0.968785,-0.233983,-0.0819032],[-0.219688,-0.65723,-0.720962],[0.114864,0.71645,-0.688118]],[[0.968785,-0.233983,-0.0819032],[-0.243363,-0.960579,-0.134392],[-0.047229,0.15013,-0.987538]]],"btipPosition":[-13.3592,225.84,90.3683],"carpPosition":[-1.57294,243.895,135.068],"dipPosition":[-14.0989,228.192,74.9001],"direction":[-0.114864,-0.71645,0.688118],"extended":false,"handId":93,"id":932,"length":55.8507,"mcpPosition":[-2.13127,274.337,84.6306],"pipPosition":[-11.3764,245.173,58.5903],"stabilizedTipPosition":[-9.84212,228.73,79.5178],"timeVisible":5.67603,"tipPosition":[-12.8652,225.608,85.3661],"tipVelocity":[-23.3981,3.92047,-89.6792],"tool":false,"touchDistance":0.333333,"touchZone":"none","type":2,"width":15.1315},{"bases":[[[0.939682,-0.339298,-0.0432947],[0.311929,0.798108,0.515484],[-0.140349,-0.497896,0.855805]],[[0.936012,-0.351243,-0.0225802],[0.203571,0.592589,-0.779357],[0.287124,0.724891,0.626173]],[[0.936012,-0.351243,-0.0225802],[-0.25992,-0.646541,-0.717236],[0.237325,0.67721,-0.696465]],[[0.936012,-0.351243,-0.0225802],[-0.351353,-0.92866,-0.118917],[0.0207993,0.119241,-0.992647]]],"btipPosition":[-0.454501,224.633,96.4292],"carpPosition":[8.61824,242.786,133.476],"dipPosition":[-0.130587,226.49,80.9704],"direction":[-0.237325,-0.67721,0.696465],"extended":false,"handId":93,"id":933,"length":53.7019,"mcpPosition":[16.042,269.122,88.2083],"pipPosition":[5.34923,242.127,64.889],"stabilizedTipPosition":[3.15581,227.637,88.3084],"timeVisible":5.67603,"tipPosition":[0.250794,224.316,91.6391],"tipVelocity":[-19.2185,1.09178,-89.3301],"tool":false,"touchDistance":0.381228,"touchZone":"none","type":3,"width":14.3986}],"r":[[0.833142,0.467584,-0.295363],[-0.510442,0.85568,-0.0852116],[0.212893,0.221759,0.951577]],"s":1.43876,"t":[-164.636,137.521,18.3809],"timestamp":629788567459},{"currentFrameRate":55.2389,"devices":[],"gestures":[],"hands":[{"armBasis":[[0.891626,0.248702,-0.378353],[0.0940233,0.715716,0.692034],[0.442903,-0.652609,0.614767]],"armWidth":51.6853,"confidence":1,"direction":[0.039226,0.631077,-0.774728],"elbow":[108.761,70.4581,286.365],"grabAngle":2.83646,"grabStrength":0,"id":93,"palmNormal":[-0.0975105,-0.769206,-0.631517],"palmPosition":[-0.994176,257.972,95.6688],"palmVelocity":[-17.2478,7.50667,-158.801],"palmWidth":76.835,"pinchDistance":38.8599,"pinchStrength":0.399624,"r":[[0.834467,0.464723,-0.296138],[-0.508106,0.856882,-0.0870735],[0.21329,0.22313,0.951168]],"s":1.43947,"sphereCenter":[7.95353,234.682,60.596],"sphereRadius":41.3148,"stabilizedPalmPosition":[2.42992,261.8,96.9548],"t":[-164.927,137.61,16.3822],"timeVisible":5.69445,"type":"right","wrist":[7.78065,219.251,146.2]}],"id":33158,"interactionBox":{"center":[0,200,0],"size":[235.247,235.247,147.751]},"pointables":[{"bases":[[[0.98693,0.00706721,-0.160997],[0.0773992,0.85548,0.512019],[0.141348,-0.517788,0.843752]],[[0.99681,-0.0563788,-0.056485],[0.0650838,0.983888,0.166519],[0.0461867,-0.169664,0.984419]],[[0.99681,-0.0563788,-0.056485],[0.0540515,0.997658,-0.0419164],[0.0587159,0.0387296,0.997523]],[[0.99681,-0.0563788,-0.056485],[0.045962,0.984163,-0.171205],[0.0652427,0.168063,0.983615]]],"btipPosition":[-24.7781,277.721,11.7719],"carpPosition":[-12.2309,242.652,133.545],"dipPosition":[-23.849,280.114,25.7796],"direction":[-0.0587159,-0.0387296,-0.997523],"extended":true,"handId":93,"id":931,"length":49.0168,"mcpPosition":[-21.0121,274.819,81.1277],"pipPosition":[-22.6661,280.895,45.876],"stabilizedTipPosition":[-22.6626,284.198,10.8305],"timeVisible":5.69445,"tipPosition":[-24.608,282.209,15.3748],"tipVelocity":[-4.9581,17.7379,-165.918],"tool":false,"touchDistance":0.240478,"touchZone":"hovering","type":1,"width":15.4068},{"bases":[[[0.495039,0.770776,0.40105],[-0.772037,0.178447,0.610013],[0.398617,-0.611606,0.683405]],[[0.400539,0.881806,0.248971],[-0.877366,0.290753,0.381696],[0.264193,-0.371323,0.890125]],[[0.400539,0.881806,0.248971],[-0.914623,0.401103,0.0507979],[-0.0550691,-0.248061,0.967178]],[[0.400539,0.881806,0.248971],[-0.83289,0.463645,-0.302204],[-0.38192,-0.0863208,0.920155]]],"btipPosition":[-23.0894,249.317,47.3755],"carpPosition":[-20.9683,224.932,130.332],"dipPosition":[-30.5396,247.634,65.3252],"direction":[0.0550691,0.248061,-0.967178],"extended":false,"handId":93,"id":930,"length":43.4396,"mcpPosition":[-20.9683,224.932,130.332],"pipPosition":[-32.1046,240.584,92.8115],"stabilizedTipPosition":[-18.908,249.023,42.3572],"timeVisible":5.69445,"tipPosition":[-23.8233,248.24,51.3229],"tipVelocity":[-18.2652,4.73985,-158.888],"tool":false,"touchDistance":0.246838,"touchZone":"hovering","type":0,"width":16.1294},{"bases":[[[0.9692,-0.208896,-0.130435],[0.246222,0.832783,0.495829],[0.00504735,-0.512674,0.858569]],[[0.967759,-0.239262,-0.0787168],[0.0973911,0.643663,-0.759087],[0.232287,0.726947,0.646213]],[[0.967759,-0.239262,-0.0787168],[-0.221133,-0.65745,-0.720319],[0.120592,0.714502,-0.689162]],[[0.967759,-0.239262,-0.0787168],[-0.248013,-0.959716,-0.132039],[-0.0439539,0.147305,-0.988114]]],"btipPosition":[-13.838,225.968,87.4734],"carpPosition":[-2.03853,244.212,132.206],"dipPosition":[-14.5265,228.275,71.9963],"direction":[-0.120592,-0.714502,0.689162],"extended":false,"handId":93,"id":932,"length":55.8507,"mcpPosition":[-2.3359,274.416,81.6237],"pipPosition":[-11.6682,245.21,55.6617],"stabilizedTipPosition":[-9.8468,228.728,79.5228],"timeVisible":5.69445,"tipPosition":[-13.3223,225.751,82.5761],"tipVelocity":[-25.3496,6.35525,-157.237],"tool":false,"touchDistance":0.333333,"touchZone":"none","type":2,"width":15.1315},{"bases":[[[0.938042,-0.344243,-0.0396717],[0.314873,0.798963,0.51236],[-0.14468,-0.493107,0.857854]],[[0.935439,-0.352602,-0.025038],[0.202233,0.591918,-0.780214],[0.289925,0.724779,0.625011]],[[0.935439,-0.352602,-0.025038],[-0.262582,-0.645704,-0.717019],[0.236655,0.677302,-0.696603]],[[0.935439,-0.352602,-0.025038],[-0.353013,-0.928158,-0.117916],[0.018338,0.119141,-0.992708]]],"btipPosition":[-0.743884,224.641,93.5333],"carpPosition":[8.15025,243.044,130.641],"dipPosition":[-0.458301,226.496,78.0735],"direction":[-0.236655,-0.677302,0.696603],"extended":false,"handId":93,"id":933,"length":53.7019,"mcpPosition":[15.8031,269.127,85.265],"pipPosition":[5.00605,242.135,61.989],"stabilizedTipPosition":[3.15142,227.634,88.3103],"timeVisible":5.69445,"tipPosition":[-0.229087,224.428,88.8917],"tipVelocity":[-16.1854,0.403869,-157.192],"tool":false,"touchDistance":0.333333,"touchZone":"none","type":3,"width":14.3986},{"bases":[[[0.849985,-0.526249,-0.0242255],[0.442912,0.68897,0.573715],[-0.285227,-0.498379,0.818696]],[[0.873697,-0.475281,-0.103739],[0.254812,0.628766,-0.734659],[0.414397,0.615435,0.670458]],[[0.873697,-0.475281,-0.103739],[-0.368107,-0.506493,-0.779719],[0.318043,0.719425,-0.617475]],[[0.873697,-0.475281,-0.103739],[-0.486333,-0.848294,-0.209467],[0.0115547,0.233462,-0.972297]]],"btipPosition":[13.8385,227.117,92.0598],"carpPosition":[17.4366,235.935,127.871],"dipPosition":[14.0045,230.472,78.0907],"direction":[-0.318043,-0.719425,0.617475],"extended":false,"handId":93,"id":934,"length":42.1013,"mcpPosition":[31.4027,260.338,87.7843],"pipPosition":[19.1894,242.2,68.0243],"stabilizedTipPosition":[17.3341,231.247,88.8611],"timeVisible":5.69445,"tipPosition":[13.6831,227.791,87.3211],"tipVelocity":[-30.0764,3.73681,-154.774],"tool":false,