{"frames":139,"data":[{"currentFrameRate":114.941,"devices":[],"gestures":[],"hands":[{"armBasis":[[0.578899,0.581807,-0.571295],[-0.0275553,0.71419,0.699409],[0.814934,-0.389145,0.429475]],"armWidth":63.9521,"confidence":1,"direction":[-0.82036,0.386818,-0.421167],"elbow":[212.436,86.068,287.509],"grabAngle":1.12223,"grabStrength":0,"id":51,"palmNormal":[0.0240287,-0.712534,-0.701226],"palmPosition":[-63.8783,208.467,146.059],"palmVelocity":[-147.88,133.31,-90.6242],"palmWidth":87.8335,"pinchDistance":54.3192,"pinchStrength":0.257183,"r":[[0.946772,0.133198,0.293056],[-0.15322,0.987104,0.0463529],[-0.283102,-0.0887875,0.954971]],"s":1.48274,"sphereCenter":[-62.0596,170.579,78.2532],"sphereRadius":73.8568,"stabilizedPalmPosition":[-56.1301,200.619,155.134],"t":[-18.6556,9.36213,-39.2434],"timeVisible":1.57823,"type":"right","wrist":[0.0369251,187.492,175.573]}],"id":65649,"interactionBox":{"center":[0,200,0],"size":[235.247,235.247,147.751]},"pointables":[{"bases":[[[0.048336,0.948345,0.313538],[-0.150402,-0.303415,0.940914],[0.987443,-0.0926366,0.127967]],[[-0.252956,0.931869,0.260065],[-0.352188,-0.339057,0.872355],[0.901098,0.129075,0.41396]],[[-0.252956,0.931869,0.260065],[-0.759594,-0.357774,0.543153],[0.599192,-0.0601498,0.798343]],[[-0.252956,0.931869,0.260065],[-0.947787,-0.292643,0.126727],[0.194199,-0.21443,0.957239]]],"btipPosition":[-96.971,171.277,109.427],"carpPosition":[-29.7743,170.767,176.616],"dipPosition":[-92.6441,166.499,130.755],"direction":[-0.599192,0.0601498,-0.798343],"extended":false,"handId":51,"id":510,"length":49.616,"mcpPosition":[-29.7743,170.767,176.616],"pipPosition":[-73.1945,164.547,156.669],"stabilizedTipPosition":[-88.551,164.418,121.418],"timeVisible":1.57823,"tipPosition":[-95.8468,168.65,112.666],"tipVelocity":[-174.642,103.039,-88.8919],"tool":false,"touchDistance":0.738866,"touchZone":"hovering","type":0,"width":20.6645},{"bases":[[[0.681002,0.367748,-0.633244],[0.00251962,0.863573,0.504218],[0.732277,-0.344969,0.587168]],[[0.615114,0.396206,-0.681656],[-0.322868,0.915331,0.240677],[0.719299,0.0720411,0.690956]],[[0.615114,0.396206,-0.681656],[-0.629308,0.767562,-0.121737],[0.47498,0.503854,0.721474]],[[0.615114,0.396206,-0.681656],[-0.719041,0.636572,-0.278848],[0.323442,0.661662,0.676453]]],"btipPosition":[-117.24,200.932,70.4831],"carpPosition":[-24.0857,208.195,166.438],"dipPosition":[-111.487,212.701,82.5156],"direction":[-0.47498,-0.503854,-0.721474],"extended":true,"handId":51,"id":513,"length":61.3374,"mcpPosition":[-68.3643,229.054,130.933],"pipPosition":[-98.9604,225.989,101.543],"stabilizedTipPosition":[-115.264,203.712,73.5199],"timeVisible":1.57823,"tipPosition":[-111.922,201.852,73.9815],"tipVelocity":[-43.8758,-53.4316,-40.5479],"tool":false,"touchDistance":0.226838,"touchZone":"hovering","type":3,"width":18.4471},{"bases":[[[0.751338,0.177573,-0.635578],[0.173095,0.876366,0.449468],[0.636812,-0.447717,0.62771]],[[0.624735,0.255104,-0.73799],[-0.239474,0.962177,0.129876],[0.743208,0.0955906,0.662196]],[[0.624735,0.255104,-0.73799],[-0.609945,0.749526,-0.257249],[0.487517,0.610846,0.623854]],[[0.624735,0.255104,-0.73799],[-0.727297,0.534053,-0.431075],[0.284157,0.806046,0.519178]]],"btipPosition":[-89.9095,206.136,78.1682],"carpPosition":[-15.5056,208.895,155.731],"dipPosition":[-85.2465,219.364,86.6878],"direction":[-0.487517,-0.610846,-0.623854],"extended":false,"handId":51,"id":514,"length":48.0874,"mcpPosition":[-51.1503,233.956,120.596],"pipPosition":[-76.1688,230.738,98.3043],"stabilizedTipPosition":[-86.8092,207.681,80.8349],"timeVisible":1.57823,"tipPosition":[-82.9793,206.003,81.2692],"tipVelocity":[-129.046,65.1255,-46.2284],"tool":false,"touchDistance":0.263856,"touchZone":"hovering","type":4,"width":16.3862},{"bases":[[[0.425492,0.642015,-0.637788],[-0.157958,0.746637,0.646206],[0.89107,-0.174212,0.419099]],[[0.623051,0.583066,-0.521385],[-0.353488,0.804519,0.477279],[0.697749,-0.113066,0.707363]],[[0.623051,0.583066,-0.521385],[-0.596215,0.785488,0.165941],[0.506296,0.207468,0.837031]],[[0.623051,0.583066,-0.521385],[-0.689318,0.724329,-0.0137117],[0.369659,0.367943,0.853211]]],"btipPosition":[-143.737,199.006,89.188],"carpPosition":[-34.2533,192.769,181.022],"dipPosition":[-137.724,204.991,103.066],"direction":[-0.506296,-0.207468,-0.837031],"extended":true,"handId":51,"id":511,"length":55.9861,"mcpPosition":[-97.5348,205.141,151.259],"pipPosition":[-126.074,209.765,122.327],"stabilizedTipPosition":[-138.123,199.064,97.7401],"timeVisible":1.57823,"tipPosition":[-142.878,200.561,95.353],"tipVelocity":[-131.195,46.4363,-67.0023],"tool":false,"touchDistance":0.373001,"touchZone":"hovering","type":1,"width":19.7388},{"bases":[[[0.562618,0.475823,-0.676057],[-0.064148,0.840422,0.538122],[0.824224,-0.25939,0.50336]],[[0.588203,0.46745,-0.659931],[-0.335105,0.883553,0.327167],[0.736018,0.0287055,0.676353]],[[0.588203,0.46745,-0.659931],[-0.646826,0.761742,-0.0369561],[0.485422,0.448598,0.750417]],[[0.588203,0.46745,-0.659931],[-0.727911,0.661574,-0.180181],[0.352367,0.586354,0.729402]]],"btipPosition":[-138.746,195.161,76.0454],"carpPosition":[-30.0165,201.644,174.347],"dipPosition":[-132.442,205.651,89.0947],"direction":[-0.485422,-0.448598,-0.750417],"extended":true,"handId":51,"id":512,"length":63.7917,"mcpPosition":[-85.5261,219.113,140.446],"pipPosition":[-119.3,217.796,109.41],"stabilizedTipPosition":[-136.599,198.694,79.7777],"timeVisible":1.57823,"tipPosition":[-136.872,198.973,80.0676],"tipVelocity":[8.61063,-152.739,-58.2691],"tool":false,"touchDistance":0.196794,"touchZone":"hovering","type":2,"width":19.3861}],"r":[[0.946772,0.133198,0.293056],[-0.15322,0.987104,0.0463529],[-0.283102,-0.0887875,0.954971]],"s":1.48274,"t":[-18.6556,9.36213,-39.2434],"timestamp":230747816351},{"currentFrameRate":114.923,"devices":[],"gestures":[],"hands":[{"armBasis":[[0.574364,0.586445,-0.571129],[-0.026381,0.710588,0.703114],[0.818175,-0.388776,0.423607]],"armWidth":63.9521,"confidence":1,"direction":[-0.823923,0.385617,-0.415271],"elbow":[212.153,87.4623,284.757],"grabAngle":1.16269,"grabStrength":0.00697915,"id":51,"palmNormal":[0.0232764,-0.70914,-0.704684],"palmPosition":[-65.2283,209.664,145.253],"palmVelocity":[-154.617,137.157,-92.3088],"palmWidth":87.8335,"pinchDistance":54.8997,"pinchStrength":0.267092,"r":[[0.947348,0.136132,0.289827],[-0.158566,0.9858,0.0552697],[-0.278187,-0.0983164,0.955482]],"s":1.47114,"sphereCenter":[-63.6591,173.402,78.2877],"sphereRadius":72.1139,"stabilizedPalmPosition":[-57.1782,201.661,153.996],"t":[-19.9305,10.4949,-40.0237],"timeVisible":1.58696,"type":"right","wrist":[-1.09087,188.79,174.351]}],"id":65650,"interactionBox":{"center":[0,200,0],"size":[235.247,235.247,147.751]},"pointables":[{"bases":[[[0.0462535,0.947044,0.317756],[-0.144554,-0.308402,0.940209],[0.988415,-0.0894209,0.122635]],[[-0.258146,0.929037,0.265048],[-0.34609,-0.345068,0.872439],[0.901988,0.133487,0.410608]],[[-0.258146,0.929037,0.265048],[-0.752476,-0.365414,0.547953],[0.605921,-0.0579903,0.793408]],[[-0.258146,0.929037,0.265048],[-0.944151,-0.300756,0.134632],[0.204793,-0.215491,0.95479]]],"btipPosition":[-98.5223,172.205,108.65],"carpPosition":[-30.8282,171.953,175.462],"dipPosition":[-93.9594,167.404,129.923],"direction":[-0.605921,0.0579903,-0.793408],"extended":false,"handId":51,"id":510,"length":49.616,"mcpPosition":[-30.8282,171.953,175.462],"pipPosition":[-74.2913,165.521,155.677],"stabilizedTipPosition":[-89.7395,165.308,120.369],"timeVisible":1.58696,"tipPosition":[-97.215,169.907,111.869],"tipVelocity":[-171.462,105.627,-90.4175],"tool":false,"touchDistance":0.725709,"touchZone":"hovering","type":0,"width":20.6645},{"bases":[[[0.676427,0.37334,-0.634873],[0.0017118,0.861203,0.508259],[0.736507,-0.344887,0.581902]],[[0.610751,0.401551,-0.682451],[-0.336578,0.91179,0.235276],[0.716727,0.0860033,0.69203]],[[0.610751,0.401551,-0.682451],[-0.648382,0.748343,-0.13994],[0.454515,0.527958,0.71741]],[[0.610751,0.401551,-0.682451],[-0.740142,0.59578,-0.311827],[0.281376,0.69556,0.661078]]],"btipPosition":[-117.347,200.35,70.1317],"carpPosition":[-25.334,209.45,165.433],"dipPosition":[-112.342,212.723,81.8906],"direction":[-0.454515,-0.527958,-0.71741],"extended":true,"handId":51,"id":513,"length":61.3374,"mcpPosition":[-69.8684,230.305,130.247],"pipPosition":[-100.355,226.646,100.811],"stabilizedTipPosition":[-115.688,203.478,73.2091],"timeVisible":1.58696,"tipPosition":[-113.943,203.201,73.3126],"tipVelocity":[-31.9418,-50.7545,-47.4586],"tool":false,"touchDistance":0.219932,"touchZone":"hovering","type":3,"width":18.4471},{"bases":[[[0.74748,0.183452,-0.63845],[0.171962,0.874911,0.452725],[0.64164,-0.448192,0.622432]],[[0.620258,0.260873,-0.739746],[-0.252325,0.959307,0.126734],[0.742706,0.108049,0.660843]],[[0.620258,0.260873,-0.739746],[-0.622979,0.736883,-0.262488],[0.47663,0.623657,0.619577]],[[0.620258,0.260873,-0.739746],[-0.738132,0.513213,-0.437919],[0.265406,0.817654,0.510884]]],"btipPosition":[-90.9569,206.654,77.6811],"carpPosition":[-16.8101,210.234,154.687],"dipPosition":[-86.6016,220.071,86.0646],"direction":[-0.47663,-0.623657,-0.619577],"extended":false,"handId":51,"id":514,"length":48.0874,"mcpPosition":[-52.725,235.321,119.847],"pipPosition":[-77.7265,231.684,97.6014],"stabilizedTipPosition":[-88.1684,208.571,80.3054],"timeVisible":1.58696,"tipPosition":[-84.9817,207.578,80.4878],"tipVelocity":[-128.065,64.2541,-59.3775],"tool":false,"touchDistance":0.25759,"touchZone":"hovering","type":4,"width":16.3862},{"bases":[[[0.419847,0.646637,-0.636859],[-0.157608,0.742983,0.650489],[0.893806,-0.172732,0.413854]],[[0.61783,0.588063,-0.521986],[-0.362537,0.802108,0.474541],[0.697749,-0.103946,0.708761]],[[0.61783,0.588063,-0.521986],[-0.60773,0.778355,0.157568],[0.49895,0.219876,0.838274]],[[0.61783,0.588063,-0.521986],[-0.70226,0.711294,-0.0298702],[0.353719,0.385024,0.852431]]],"btipPosition":[-144.619,199.113,88.46],"carpPosition":[-35.3697,193.917,179.995],"dipPosition":[-138.865,205.376,102.326],"direction":[-0.49895,-0.219876,-0.838274],"extended":true,"handId":51,"id":511,"length":55.9861,"mcpPosition":[-98.8454,206.184,150.604],"pipPosition":[-127.384,210.436,121.615],"stabilizedTipPosition":[-138.987,199.313,96.7225],"timeVisible":1.58696,"tipPosition":[-144.363,201.607,94.6627],"tipVelocity":[-107.889,19.5565,-83.7187],"tool":false,"touchDistance":0.360818,"touchZone":"hovering","type":1,"width":19.7388},{"bases":[[[0.557418,0.481157,-0.676589],[-0.064697,0.837636,0.542384],[0.827707,-0.258562,0.498043]],[[0.582679,0.472954,-0.660908],[-0.352021,0.879853,0.31928],[0.732507,0.0466158,0.679162]],[[0.582679,0.472954,-0.660908],[-0.670206,0.739615,-0.0615985],[0.459684,0.478836,0.747935]],[[0.582679,0.472954,-0.660908],[-0.74884,0.628438,-0.210485],[0.31579,0.61756,0.720345]]],"btipPosition":[-138.652,194.102,75.4973],"carpPosition":[-31.2003,202.84,173.34],"dipPosition":[-133.002,205.151,88.3846],"direction":[-0.459684,-0.478836,-0.747935],"extended":true,"handId":51,"id":512,"length":63.7917,"mcpPosition":[-86.9444,220.253,139.798],"pipPosition":[-120.558,218.114,108.633],"stabilizedTipPosition":[-136.897,197.884,79.2579],"timeVisible":1.58696,"tipPosition":[-138.338,199.665,79.4124],"tipVelocity":[-6.47682,-106.556,-67.043],"tool":false,"touchDistance":0.187038,"touchZone":"hovering","type":2,"width":19.3861}],"r":[[0.947348,0.136132,0.289827],[-0.158566,0.9858,0.0552697],[-0.278187,-0.0983164,0.955482]],"s":1.47114,"t":[-19.9305,10.4949,-40.0237],"timestamp":230747825082},{"currentFrameRate":114.993,"devices":[],"gestures":[],"hands":[{"armBasis":[[0.57125,0.589099,-0.571521],[-0.0240548,0.708034,0.705768],[0.820424,-0.389422,0.418635]],"armWidth":63.9521,"confidence":1,"direction":[-0.826174,0.384789,-0.41155],"elbow":[211.626,88.6847,282.493],"grabAngle":1.22042,"grabStrength":0.0448285,"id":51,"palmNormal":[0.0225196,-0.707321,-0.706534],"palmPosition":[-66.485,210.997,144.565],"palmVelocity":[-146.526,155.43,-80.3068],"palmWidth":87.8335,"pinchDistance":53.6959,"pinchStrength":0.281529,"r":[[0.947915,0.138787,0.286698],[-0.163213,0.984576,0.0630142],[-0.27353,-0.106525,0.955947]],"s":1.457,"sphereCenter":[-65.3042,176.442,78.94],"sphereRadius":69.8525,"stabilizedPalmPosition":[-58.396,202.883,152.762],"t":[-21.1962,11.7278,-40.7583],"timeVisible":1.59554,"type":"right","wrist":[-2.2042,190.181,173.383]}],"id":65651,"interactionBox":{"center":[0,200,0],"size":[235.247,235.247,147.751]},"pointables":[{"bases":[[[0.0451798,0.946348,0.319974],[-0.140715,-0.311079,0.939909],[0.989019,-0.08749,0.119111]],[[-0.262763,0.927043,0.267483],[-0.343035,-0.34887,0.872133],[0.901822,0.137408,0.409678]],[[-0.262763,0.927043,0.267483],[-0.746633,-0.370956,0.552205],[0.611142,-0.0546125,0.789635]],[[-0.262763,0.927043,0.267483],[-0.940912,-0.30758,0.141703],[0.213637,-0.214443,0.953086]]],"btipPosition":[-99.9518,173.219,107.956],"carpPosition":[-31.8992,173.289,174.564],"dipPosition":[-95.1918,168.441,129.192],"direction":[-0.611142,0.0546125,-0.789635],"extended":false,"handId":51,"id":510,"length":49.616,"mcpPosition":[-31.8992,173.289,174.564],"pipPosition":[-75.3543,166.668,154.823],"stabilizedTipPosition":[-91.0921,166.319,119.252],"timeVisible":1.59554,"tipPosition":[-98.5015,171.271,111.224],"tipVelocity":[-161.383,118.813,-81.8419],"tool":false,"touchDistance":0.714009,"touchZone":"hovering","type":0,"width":20.6645},{"bases":[[[0.673458,0.376457,-0.636188],[0.00146889,0.85993,0.510409],[0.739224,-0.344673,0.578574]],[[0.608996,0.404074,-0.682531],[-0.349337,0.909193,0.226564],[0.712101,0.100457,0.694853]],[[0.608996,0.404074,-0.682531],[-0.665266,0.728791,-0.16213],[0.43191,0.552801,0.712647]],[[0.608996,0.404074,-0.682531],[-0.757146,0.552552,-0.348449],[0.236335,0.728979,0.642445]]],"btipPosition":[-117.106,199.846,69.8472],"carpPosition":[-26.5232,210.823,164.61],"dipPosition":[-112.902,212.813,81.2748],"direction":[-0.43191,-0.552801,-0.712647],"extended":true,"handId":51,"id":513,"length":61.3374,"mcpPosition":[-71.2218,231.665,129.626],"pipPosition":[-101.512,227.392,100.069],"stabilizedTipPosition":[-115.86,203.229,72.9289],"timeVisible":1.59554,"tipPosition":[-115.521,204.366,72.7312],"tipVelocity":[6.58023,-42.8667,-42.0489],"tool":false,"touchDistance":0.213921,"touchZone":"hovering","type":3,"width":18.4471},{"bases":[[[0.744926,0.18674,-0.640479],[0.171501,0.874163,0.454342],[0.644727,-0.448294,0.619161]],[[0.618727,0.26331,-0.740165],[-0.265341,0.956834,0.118582],[0.739439,0.123027,0.661887]],[[0.618727,0.26331,-0.740165],[-0.636631,0.720082,-0.276014],[0.460302,0.641989,0.613165]],[[0.618727,0.26331,-0.740165],[-0.74852,0.483646,-0.453657],[0.238525,0.834718,0.496338]]],"btipPosition":[-91.5014,206.953,77.3381],"carpPosition":[-18.037,211.653,153.838],"dipPosition":[-87.5873,220.65,85.4829],"direction":[-0.460302,-0.641989,-0.613165],"extended":false,"handId":51,"id":514,"length":48.0874,"mcpPosition":[-54.1247,236.746,119.181],"pipPosition":[-79.0162,232.605,96.9003],"stabilizedTipPosition":[-89.1479,209.188,79.8649],"timeVisible":1.59554,"tipPosition":[-86.7966,209.118,79.8061],"tipVelocity":[-75.3178,42.399,-46.3898],"tool":false,"touchDistance":0.250959,"touchZone":"hovering","type":4,"width":16.3862},{"bases":[[[0.416256,0.649177,-0.636632],[-0.157107,0.740995,0.652873],[0.895571,-0.171743,0.410434]],[[0.613224,0.591393,-0.523651],[-0.375021,0.801419,0.465926],[0.695209,-0.0893372,0.713234]],[[0.613224,0.591393,-0.523651],[-0.629214,0.766486,0.128798],[0.477541,0.250507,0.842141]],[[0.613224,0.591393,-0.523651],[-0.725088,0.684434,-0.0761412],[0.313375,0.426384,0.848524]]],"btipPosition":[-144.597,198.382,87.6662],"carpPosition":[-36.475,195.231,179.167],"dipPosition":[-139.5,205.317,101.468],"direction":[-0.477541,-0.250507,-0.842141],"extended":true,"handId":51,"id":511,"length":55.9861,"mcpPosition":[-100.076,207.428,150.019],"pipPosition":[-128.511,211.082,120.847],"stabilizedTipPosition":[-139.639,199.41,95.8585],"timeVisible":1.59554,"tipPosition":[-145.462,202.505,93.7746],"tipVelocity":[-15.0315,-67.2379,-94.2507],"tool":false,"touchDistance":0.347345,"touchZone":"hovering","type":1,"width":19.7388},{"bases":[[[0.554067,0.484108,-0.677236],[-0.0647722,0.836128,0.544697],[0.829948,-0.257932,0.494628]],[[0.579759,0.475802,-0.661431],[-0.368117,0.877167,0.30833],[0.72689,0.0647269,0.683697]],[[0.579759,0.475802,-0.661431],[-0.693611,0.714159,-0.0942336],[0.427531,0.513409,0.744062]],[[0.579759,0.475802,-0.661431],[-0.772227,0.579807,-0.259788],[0.259895,0.66139,0.703576]]],"btipPosition":[-137.822,192.849,75.1044],"carpPosition":[-32.348,204.179,172.52],"dipPosition":[-133.173,204.681,87.6916],"direction":[-0.427531,-0.513409,-0.744062],"extended":true,"handId":51,"id":512,"length":63.7917,"mcpPosition":[-88.2431,221.551,139.208],"pipPosition":[-121.599,218.58,107.835],"stabilizedTipPosition":[-136.837,196.924,78.7358],"timeVisible":1.59554,"tipPosition":[-139.269,200.065,78.7809],"tipVelocity":[69.8953,-125.133,-53.8595],"tool":false,"touchDistance":0.184394,"touchZone":"hovering","type":2,"width":19.3861}],"r":[[0.947915,0.138787,0.286698],[-0.163213,0.984576,0.0630142],[-0.27353,-0.106525,0.955947]],"s":1.457,"t":[-21.1962,11.7278,-40.7583],"timestamp":230747833659},{"currentFrameRate":114.987,"devices":[],"gestures":[],"hands":[{"armBasis":[[0.56625,0.589289,-0.57628],[-0.0225486,0.709984,0.703856],[0.823925,-0.385565,0.415317]],"armWidth":63.9521,"confidence":1,"direction":[-0.829318,0.371981,-0.416968],"elbow":[211.494,91.234,280.805],"grabAngle":1.24942,"grabStrength":0.0500668,"id":51,"palmNormal":[0.0314118,-0.714,-0.699441],"palmPosition":[-67.6881,211.671,143.501],"palmVelocity":[-138.168,77.3619,-122.113],"palmWidth":87.8335,"pinchDistance":53.468,"pinchStrength":0.298452,"r":[[0.947933,0.143496,0.28431],[-0.169009,0.983321,0.0672032],[-0.269924,-0.111755,0.956374]],"s":1.44484,"sphereCenter":[-65.8956,177.488,78.5824],"sphereRadius":68.9546,"stabilizedPalmPosition":[-59.5979,204.019,151.564],"t":[-22.4307,12.681,-41.6572],"timeVisible":1.60424,"type":"right","wrist":[-3.24825,191.725,172.559]}],"id":65652,"interactionBox":{"center":[0,200,0],"size":[235.247,235.247,147.751]},"pointables":[{"bases":[[[0.0345726,0.949891,0.310664],[-0.139384,-0.303229,0.942669],[0.989635,-0.075892,0.121916]],[[-0.273756,0.92666,0.257602],[-0.342462,-0.344193,0.874215],[0.898765,0.151103,0.41157]],[[-0.273756,0.92666,0.257602],[-0.743984,-0.373763,0.553886],[0.609546,-0.0400219,0.79174]],[[-0.273756,0.92666,0.257602],[-0.937634,-0.316788,0.143137],[0.214244,-0.202351,0.955591]]],"btipPosition":[-100.637,173.154,107.118],"carpPosition":[-32.7701,174.627,173.941],"dipPosition":[-95.8636,168.645,128.409],"direction":[-0.609546,0.0400219,-0.79174],"extended":false,"handId":51,"id":510,"length":49.616,"mcpPosition":[-32.7701,174.627,173.941],"pipPosition":[-76.0779,167.346,154.109],"stabilizedTipPosition":[-92.1728,167.061,118.326],"timeVisible":1.60424,"tipPosition":[-99.2185,171.287,110.503],"tipVelocity":[-78.3529,-0.293823,-94.7965],"tool":false,"touchDistance":0.700253,"touchZone":"hovering","type":0,"width":20.6645},{"bases":[[[0.670781,0.377213,-0.638564],[-0.0086221,0.864906,0.50186],[0.741606,-0.331132,0.583414]],[[0.608857,0.402662,-0.683488],[-0.362662,0.907576,0.211617],[0.705528,0.11903,0.698615]],[[0.608857,0.402662,-0.683488],[-0.677044,0.712775,-0.183201],[0.413405,0.574295,0.706599]],[[0.608857,0.402662,-0.683488],[-0.76708,0.518448,-0.377889],[0.202192,0.75437,0.624535]]],"btipPosition":[-117.12,198.511,68.8886],"carpPosition":[-27.7682,212.116,163.626],"dipPosition":[-113.524,211.929,79.9976],"direction":[-0.413405,-0.574295,-0.706599],"extended":false,"handId":51,"id":513,"length":61.3374,"mcpPosition":[-72.6108,232.138,128.349],"pipPosition":[-102.621,227.075,98.6327],"stabilizedTipPosition":[-116.011,202.661,72.4117],"timeVisible":1.60424,"tipPosition":[-116.489,203.669,71.6281],"tipVelocity":[-17.6532,-141.368,-118.515],"tool":false,"touchDistance":0.196722,"touchZone":"hovering","type":3,"width":18.4471},{"bases":[[[0.744247,0.188225,-0.640834],[0.161367,0.880372,0.445989],[0.648118,-0.435335,0.624841]],[[0.618901,0.26173,-0.74058],[-0.283503,0.953729,0.100137],[0.732521,0.147982,0.664466]],[[0.618901,0.26173,-0.74058],[-0.652641,0.695984,-0.299442],[0.437059,0.668658,0.601562]],[[0.618901,0.26173,-0.74058],[-0.757898,0.446602,-0.475539],[0.206282,0.855595,0.474768]]],"btipPosition":[-91.7283,205.824,76.5284],"carpPosition":[-19.2689,212.929,152.863],"dipPosition":[-88.3433,219.864,84.3192],"direction":[-0.437059,-0.668658,-0.601562],"extended":false,"handId":51,"id":514,"length":48.0874,"mcpPosition":[-55.5464,237.296,117.888],"pipPosition":[-80.2051,232.314,95.5206],"stabilizedTipPosition":[-89.804,209.139,79.3025],"timeVisible":1.60424,"tipPosition":[-88.0568,208.946,78.6972],"tipVelocity":[-40.0357,-120.658,-102.347],"tool":false,"touchDistance":0.236106,"touchZone":"hovering","type":4,"width":16.3862},{"bases":[[[0.41073,0.647192,-0.642218],[-0.166234,0.745723,0.645184],[0.896475,-0.158238,0.413876]],[[0.611831,0.591116,-0.525589],[-0.386267,0.803137,0.453618],[0.690261,-0.0745199,0.719713]],[[0.611831,0.591116,-0.525589],[-0.638872,0.761078,0.112262],[0.466374,0.267099,0.843299]],[[0.611831,0.591116,-0.525589],[-0.73502,0.67038,-0.101668],[0.292246,0.448522,0.844642]]],"btipPosition":[-144.969,197.408,86.3436],"carpPosition":[-37.5857,196.564,178.317],"dipPosition":[-140.215,204.704,100.082],"direction":[-0.466374,-0.267099,-0.843299],"extended":true,"handId":51,"id":511,"length":55.9861,"mcpPosition":[-101.251,207.802,148.925],"pipPosition":[-129.484,210.85,119.487],"stabilizedTipPosition":[-140.21,199.367,95.002],"timeVisible":1.60424,"tipPosition":[-146.365,201.738,92.5199],"tipVelocity":[-51.7874,-102.305,-153.574],"tool":false,"touchDistance":0.325059,"touchZone":"hovering","type":1,"width":19.7388},{"bases":[[[0.550351,0.483189,-0.680912],[-0.0746803,0.840748,0.536251],[0.831587,-0.244276,0.498791]],[[0.58019,0.473999,-0.662348],[-0.381371,0.876659,0.293301],[0.719678,0.0824298,0.689398]],[[0.58019,0.473999,-0.662348],[-0.70516,0.699285,-0.117259],[0.407589,0.535094,0.739963]],[[0.58019,0.473999,-0.662348],[-0.783632,0.546553,-0.295297],[0.222038,0.690365,0.688545]]],"btipPosition":[-137.576,191.322,74.0122],"carpPosition":[-33.5392,205.49,171.59],"dipPosition":[-133.603,203.672,86.3306],"direction":[-0.407589,-0.535094,-0.739963],"extended":true,"handId":51,"id":512,"length":63.7917,"mcpPosition":[-89.5447,221.941,137.998],"pipPosition":[-122.569,218.159,106.363],"stabilizedTipPosition":[-136.768,195.835,77.9903],"timeVisible":1.60424,"tipPosition":[-139.954,198.94,77.624],"tipVelocity":[10.4252,-161.72,-132.533],"tool":false,"touchDistance":0.165161,"touchZone":"hovering","type":2,"width":19.3861}],"r":[[0.947933,0.143496,0.28431],[-0.169009,0.983321,0.0672032],[-0.269924,-0.111755,0.956374]],"s":1.44484,"t":[-22.4307,12.681,-41.6572],"timestamp":230747842366},{"currentFrameRate":115.011,"devices":[],"gestures":[],"hands":[{"armBasis":[[0.559666,0.595091,-0.57675],[-0.0296546,0.70989,0.703688],[0.828188,-0.376727,0.414948]],"armWidth":63.9521,"confidence":1,"direction":[-0.831736,0.363452,-0.419664],"elbow":[211.902,94.6911,279.853],"grabAngle":1.27134,"grabStrength":0.0616335,"id":51,"palmNormal":[0.0401683,-0.71454,-0.698441],"palmPosition":[-68.5194,212.163,142.48],"palmVelocity":[-96.056,56.8202,-118.053],"palmWidth":87.8335,"pinchDistance":52.9836,"pinchStrength":0.312897,"r":[[0.947483,0.149168,0.282886],[-0.175563,0.981961,0.0702231],[-0.267307,-0.116199,0.95658]],"s":1.43423,"sphereCenter":[-66.1415,178.549,77.889],"sphereRadius":68.3033,"stabilizedPalmPosition":[-60.6137,204.947,150.53],"t":[-23.4635,13.4036,-42.6175],"timeVisible":1.6129,"type":"right","wrist":[-3.95115,192.879,171.704]}],"id":65653,"interactionBox":{"center":[0,200,0],"size":[235.247,235.247,147.751]},"pointables":[{"bases":[[[0.0245874,0.950568,0.309541],[-0.138994,-0.303376,0.942679],[0.989988,-0.0662022,0.124664]],[[-0.2834,0.924292,0.255673],[-0.341775,-0.346442,0.873595],[0.896032,0.160194,0.414082]],[[-0.2834,0.924292,0.255673],[-0.742083,-0.380232,0.552029],[0.607451,-0.0332855,0.79366]],[[-0.2834,0.924292,0.255673],[-0.935001,-0.325579,0.140612],[0.213208,-0.199205,0.956483]]],"btipPosition":[-100.973,173.295,106.034],"carpPosition":[-33.3284,175.495,173.06],"dipPosition":[-96.2223,168.857,127.345],"direction":[-0.607451,0.0332855,-0.79366],"extended":false,"handId":51,"id":510,"length":49.616,"mcpPosition":[-33.3284,175.495,173.06],"pipPosition":[-76.5046,167.776,153.107],"stabilizedTipPosition":[-92.8863,167.543,117.642],"timeVisible":1.6129,"tipPosition":[-99.5713,171.438,109.452],"tipVelocity":[-39.3843,18.1756,-124.737],"tool":false,"touchDistance":0.682259,"touchZone":"hovering","type":0,"width":20.6645},{"bases":[[[0.668833,0.382857,-0.637247],[-0.0183013,0.865411,0.500729],[0.743187,-0.323241,0.585822]],[[0.609035,0.406826,-0.680859],[-0.374626,0.904192,0.205165],[0.699093,0.130115,0.703092]],[[0.609035,0.406826,-0.680859],[-0.684702,0.702957,-0.192442],[0.400324,0.58339,0.70668]],[[0.609035,0.406826,-0.680859],[-0.7723,0.499687,-0.392257],[0.180636,0.764726,0.618519]]],"btipPosition":[-117.106,198.04,67.742],"carpPosition":[-28.66,213.017,162.711],"dipPosition":[-113.893,211.643,78.7439],"direction":[-0.400324,-0.58339,-0.70668],"extended":false,"handId":51,"id":513,"length":61.3374,"mcpPosition":[-73.5982,232.563,127.288],"pipPosition":[-103.335,227.028,97.3812],"stabilizedTipPosition":[-116.1,202.286,71.8737],"timeVisible":1.6129,"tipPosition":[-117.022,203.509,70.4781],"tipVelocity":[-8.49529,-49.5426,-135.326],"tool":false,"touchDistance":0.177202,"touchZone":"hovering","type":3,"width":18.4471},{"bases":[[[0.744122,0.194583,-0.639078],[0.151681,0.882444,0.445294],[0.650596,-0.428288,0.627131]],[[0.618862,0.266492,-0.738913],[-0.300761,0.949395,0.0905062],[0.72564,0.166226,0.667695]],[[0.618862,0.266492,-0.738913],[-0.665795,0.677116,-0.313418],[0.416807,0.685927,0.59647]],[[0.618862,0.266492,-0.738913],[-0.764924,0.418354,-0.489766],[0.178609,0.86831,0.462749]]],"btipPosition":[-91.6753,205.255,75.6898],"carpPosition":[-20.1399,213.898,151.969],"dipPosition":[-88.7443,219.503,83.2835],"direction":[-0.416807,-0.685927,-0.59647],"extended":false,"handId":51,"id":514,"length":48.0874,"mcpPosition":[-56.5562,237.871,116.866],"pipPosition":[-80.9832,232.276,94.39],"stabilizedTipPosition":[-90.1376,208.97,78.7824],"timeVisible":1.6129,"tipPosition":[-88.8216,209.123,77.6137],"tipVelocity":[-5.9388,-60.1847,-102.127],"tool":false,"touchDistance":0.221374,"touchZone":"hovering","type":4,"width":16.3862},{"bases":[[[0.406205,0.650314,-0.641942],[-0.175144,0.744895,0.643783],[0.89684,-0.149075,0.416478]],[[0.611022,0.594964,-0.522178],[-0.399208,0.801207,0.445758],[0.683583,-0.06391,0.72707]],[[0.611022,0.594964,-0.522178],[-0.650992,0.752968,0.0961718],[0.450402,0.281171,0.847397]],[[0.611022,0.594964,-0.522178],[-0.745977,0.653494,-0.128314],[0.264898,0.467935,0.843128]]],"btipPosition":[-144.69,196.51,84.8663],"carpPosition":[-38.3668,197.391,177.395],"dipPosition":[-140.382,204.122,98.5805],"direction":[-0.450402,-0.281171,-0.847397],"extended":true,"handId":51,"id":511,"length":55.9861,"mcpPosition":[-102.058,207.977,147.818],"pipPosition":[-130.017,210.591,118.08],"stabilizedTipPosition":[-140.607,199.241,94.2083],"timeVisible":1.6129,"tipPosition":[-146.768,201.223,91.1077],"tipVelocity":[20.3548,-95.3751,-171.342],"tool":false,"touchDistance":0.300343,"touchZone":"hovering","type":1,"width":19.7388},{"bases":[[[0.547503,0.487615,-0.680053],[-0.084216,0.840661,0.534974],[0.832555,-0.235628,0.501329]],[[0.581491,0.477445,-0.658721],[-0.393065,0.873788,0.286346],[0.712297,0.0924129,0.695768]],[[0.581491,0.477445,-0.658721],[-0.711837,0.690617,-0.127816],[0.393898,0.543226,0.741451]],[[0.581491,0.477445,-0.658721],[-0.789861,0.525297,-0.316517],[0.194905,0.70435,0.682571]]],"btipPosition":[-137.295,190.667,72.6932],"carpPosition":[-34.3884,206.346,170.668],"dipPosition":[-133.808,203.268,84.9046],"direction":[-0.393898,-0.543226,-0.741451],"extended":true,"handId":51,"id":512,"length":63.7917,"mcpPosition":[-90.459,222.215,136.905],"pipPosition":[-123.145,217.974,104.977],"stabilizedTipPosition":[-136.688,195.169,77.2606],"timeVisible":1.6129,"tipPosition":[-140.292,198.412,76.3814],"tipVelocity":[19.4926,-68.9842,-155.248],"tool":false,"touchDistance":0.142767,"touchZone":"hovering","type":2,"width":19.3861}],"r":[[0.947483,0.149168,0.282886],[-0.175563,0.981961,0.0702231],[-0.267307,-0.116199,0.95658]],"s":1.43423,"t":[-23.4635,13.4036,-42.6175],"timestamp":230747851021},{"currentFrameRate":115.034,"devices":[],"gestures":[],"hands":[{"armBasis":[[0.552219,0.604841,-0.573779],[-0.0397261,0.706541,0.706557],[0.832752,-0.36738,0.414193]],"armWidth":63.9521,"confidence":1,"direction":[-0.834511,0.357005,-0.419689],"elbow":[212.457,98.353,278.909],"grabAngle":1.28988,"grabStrength":0.0798025,"id":51,"palmNormal":[0.0490285,-0.710563,-0.701923],"palmPosition":[-69.3019,212.841,141.693],"palmVelocity":[-90.4298,78.4171,-90.8992],"palmWidth":87.8335,"pinchDistance":52.2718,"pinchStrength":0.32473,"r":[[0.946652,0.155366,0.282331],[-0.182839,0.980388,0.0735525],[-0.265367,-0.12125,0.956493]],"s":1.42466,"sphereCenter":[-66.4176,179.967,77.2312],"sphereRadius":67.7528,"stabilizedPalmPosition":[-61.5715,205.817,149.556],"t":[-24.3712,14.1041,-43.4909],"timeVisible":1.62155,"type":"right","wrist":[-4.58572,194.104,170.956]}],"id":65654,"interactionBox":{"center":[0,200,0],"size":[235.247,235.247,147.751]},"pointables":[{"bases":[[[0.0141453,0.949199,0.314357],[-0.137922,-0.309531,0.940834],[0.990342,-0.056665,0.126537]],[[-0.293151,0.920108,0.259738],[-0.339226,-0.3541,0.871515],[0.893861,0.167375,0.415929]],[[-0.293151,0.920108,0.259738],[-0.739168,-0.390428,0.548815],[0.606378,-0.0311045,0.794568]],[[-0.293151,0.920108,0.259738],[-0.932149,-0.335454,0.136266],[0.21251,-0.202168,0.956017]]],"btipPosition":[-101.292,173.832,105.033],"carpPosition":[-33.8027,176.383,172.168],"dipPosition":[-96.5571,169.328,126.334],"direction":[-0.606378,0.0311045,-0.794568],"extended":false,"handId":51,"id":510,"length":49.616,"mcpPosition":[-33.8027,176.383,172.168],"pipPosition":[-76.8742,168.318,152.126],"stabilizedTipPosition":[-93.4352,167.937,117.063],"timeVisible":1.62155,"tipPosition":[-99.863,171.97,108.398],"tipVelocity":[-37.3103,60.3375,-115.908],"tool":false,"touchDistance":0.665543,"touchZone":"hovering","type":0,"width":20.6645},{"bases":[[[0.66625,0.392906,-0.633826],[-0.0282823,0.862644,0.50502],[0.745192,-0.318543,0.585849]],[[0.607735,0.415962,-0.676486],[-0.386817,0.899016,0.205287],[0.693564,0.136916,0.707265]],[[0.607735,0.415962,-0.676486],[-0.691431,0.696156,-0.193105],[0.390616,0.5851,0.710688]],[[0.607735,0.415962,-0.676486],[-0.776774,0.488533,-0.397439],[0.165166,0.767015,0.620007]]],"btipPosition":[-117.298,198.366,66.737],"carpPosition":[-29.4975,214.003,162.017],"dipPosition":[-114.36,212.01,77.7654],"direction":[-0.390616,-0.5851,-0.710688],"extended":false,"handId":51,"id":513,"length":61.3374,"mcpPosition":[-74.557,233.264,126.593],"pipPosition":[-104.058,227.441,96.5083],"stabilizedTipPosition":[-116.197,202.14,71.3901],"timeVisible":1.62155,"tipPosition":[-117.536,203.997,69.5352],"tipVelocity":[-29.5395,38.8123,-115.44],"tool":false,"touchDistance":0.160553,"touchZone":"hovering","type":3,"width":18.4471},{"bases":[[[0.743473,0.205426,-0.636434],[0.141636,0.8817,0.45005],[0.653595,-0.424742,0.626424]],[[0.617131,0.276828,-0.736556],[-0.318718,0.943786,0.0876723],[0.719422,0.180648,0.67067]],[[0.617131,0.276828,-0.736556],[-0.678596,0.661092,-0.320103],[0.398318,0.69737,0.595834]],[[0.617131,0.276828,-0.736556],[-0.771605,0.396336,-0.497538],[0.154192,0.875377,0.458193]]],"btipPosition":[-91.7125,205.369,75.0457],"carpPosition":[-20.9636,215.026,151.299],"dipPosition":[-89.1823,219.734,82.5645],"direction":[-0.398318,-0.69737,-0.595834],"extended":false,"handId":51,"id":514,"length":48.0874,"mcpPosition":[-57.5477,238.8,116.236],"pipPosition":[-81.7654,232.719,93.6592],"stabilizedTipPosition":[-90.3341,208.911,78.3852],"timeVisible":1.62155,"tipPosition":[-89.5178,209.856,76.768],"tipVelocity":[-14.9576,16.2715,-76.4291],"tool":false,"touchDistance":0.210352,"touchZone":"hovering","type":4,"width":16.3862},{"bases":[[[0.400899,0.657674,-0.637766],[-0.184189,0.739806,0.647118],[0.897416,-0.141959,0.417724]],[[0.608773,0.602762,-0.515823],[-0.414277,0.796027,0.441265],[0.676587,-0.0549368,0.734311]],[[0.608773,0.602762,-0.515823],[-0.666416,0.741303,0.0797433],[0.430447,0.295207,0.852976]],[[0.608773,0.602762,-0.515823],[-0.758562,0.632661,-0.155961],[0.232333,0.486228,0.84238]]],"btipPosition":[-144.165,195.83,83.5716],"carpPosition":[-39.0752,198.204,176.601],"dipPosition":[-140.385,203.739,97.2736],"direction":[-0.430447,-0.295207,-0.852976],"extended":true,"handId":51,"id":511,"length":55.9861,"mcpPosition":[-102.807,208.285,146.935],"pipPosition":[-130.481,210.532,116.901],"stabilizedTipPosition":[-140.868,199.086,93.4815],"timeVisible":1.62155,"tipPosition":[-147.015,201.075,89.8356],"tipVelocity":[46.6806,-70.6593,-149.954],"tool":false,"touchDistance":0.278717,"touchZone":"hovering","type":1,"width":19.7388},{"bases":[[[0.543943,0.496628,-0.676377],[-0.0940137,0.837047,0.538993],[0.833839,-0.229593,0.501996]],[[0.581604,0.485579,-0.652648],[-0.405093,0.86863,0.285275],[0.705433,0.0984661,0.701903]],[[0.581604,0.485579,-0.652648],[-0.717077,0.684863,-0.129473],[0.384105,0.543301,0.746516]],[[0.581604,0.485579,-0.652648],[-0.794751,0.510313,-0.328559],[0.173514,0.709784,0.682715]]],"btipPosition":[-137.205,190.771,71.4869],"carpPosition":[-35.1743,207.233,169.928],"dipPosition":[-134.101,203.469,83.701],"direction":[-0.384105,-0.543301,-0.746516],"extended":true,"handId":51,"id":512,"length":63.7917,"mcpPosition":[-91.3314,222.696,136.12],"pipPosition":[-123.702,218.177,103.911],"stabilizedTipPosition":[-136.648,194.871,76.6623],"timeVisible":1.62155,"tipPosition":[-140.643,198.522,75.3314],"tipVelocity":[0.268726,14.5768,-139.331],"tool":false,"touchDistance":0.122673,"touchZone":"hovering","type":2,"width":19.3861}],"r":[[0.946652,0.155366,0.282331],[-0.182839,0.980388,0.0735525],[-0.265367,-0.12125,0.956493]],"s":1.42466,"t":[-24.3712,14.1041,-43.4909],"timestamp":230747859674},{"currentFrameRate":114.986,"devices":[],"gestures":[],"hands":[{"armBasis":[[0.545062,0.610482,-0.574646],[-0.0473235,0.706722,0.705907],[0.837059,-0.357569,0.414097]],"armWidth":63.9521,"confidence":1,"direction":[-0.837352,0.349017,-0.420749],"elbow":[212.829,102.293,278.14],"grabAngle":1.3002,"grabStrength":0.0837302,"id":51,"palmNormal":[0.0563076,-0.710506,-0.701435],"palmPosition":[-70.2077,213.588,140.884],"palmVelocity":[-103.185,85.0212,-92.166],"palmWidth":87.8335,"pinchDistance":51.91,"pinchStrength":0.33572,"r":[[0.945598,0.162104,0.282076],[-0.190475,0.978741,0.0760605],[-0.26375,-0.125651,0.956372]],"s":1.41681,"sphereCenter":[-66.8901,180.911,76.5272],"sphereRadius":67.5238,"stabilizedPalmPosition":[-62.5348,206.684,148.588],"t":[-25.2779,14.8275,-44.3322],"timeVisible":1.63033,"type":"right","wrist":[-5.33645,195.487,170.212]}],"id":65655,"interactionBox":{"center":[0,200,0],"size":[235.247,235.247,147.751]},"pointables":[{"bases":[[[0.00504892,0.949481,0.313785],[-0.136005,-0.310221,0.940885],[0.990695,-0.0474269,0.127568]],[[-0.301549,0.91761,0.258958],[-0.337221,-0.35669,0.871237],[0.891824,0.175394,0.416997]],[[-0.301549,0.91761,0.258958],[-0.737066,-0.396638,0.547185],[0.604815,-0.0258668,0.795946]],[[-0.301549,0.91761,0.258958],[-0.929837,-0.343098,0.13299],[0.210881,-0.200686,0.956689]]],"btipPosition":[-101.708,174.338,104.171],"carpPosition":[-34.4037,177.478,171.417],"dipPosition":[-97.0092,169.866,125.487],"direction":[-0.604815,0.0258668,-0.795946],"extended":false,"handId":51,"id":510,"length":49.616,"mcpPosition":[-34.4037,177.478,171.417],"pipPosition":[-77.377,169.027,151.323],"stabilizedTipPosition":[-93.9109,168.293,116.535],"timeVisible":1.63033,"tipPosition":[-100.358,172.422,107.595],"tipVelocity":[-48.3213,58.4293,-97.8051],"tool":false,"touchDistance":0.651235,"touchZone":"hovering","type":0,"width":20.6645},{"bases":[[[0.663229,0.398665,-0.633398],[-0.0367694,0.862653,0.504459],[0.747513,-0.311282,0.586795]],[[0.605587,0.420786,-0.675428],[-0.394964,0.895775,0.203937],[0.690846,0.143268,0.708666]],[[0.605587,0.420786,-0.675428],[-0.695597,0.692176,-0.192451],[0.386534,0.586371,0.711871]],[[0.605587,0.420786,-0.675428],[-0.780653,0.478833,-0.401622],[0.15442,0.770492,0.618463]]],"btipPosition":[-117.963,198.688,65.8467],"carpPosition":[-30.4363,215.13,161.247],"dipPosition":[-115.216,212.394,76.8477],"direction":[-0.386534,-0.586371,-0.711871],"extended":false,"handId":51,"id":513,"length":61.3374,"mcpPosition":[-75.6361,233.952,125.766],"pipPosition":[-105.022,227.858,95.6218],"stabilizedTipPosition":[-116.383,202.091,70.8982],"timeVisible":1.63033,"tipPosition":[-118.279,204.24,68.6814],"tipVelocity":[-80.7322,38.3169,-102.137],"tool":false,"touchDistance":0.145611,"touchZone":"hovering","type":3,"width":18.4471},{"bases":[[[0.742185,0.211906,-0.635812],[0.133021,0.883245,0.449648],[0.656861,-0.418298,0.627344]],[[0.614568,0.282423,-0.736575],[-0.333264,0.939254,0.0820737],[0.715011,0.195034,0.671358]],[[0.614568,0.282423,-0.736575],[-0.688548,0.647712,-0.326145],[0.384978,0.707606,0.592525]],[[0.614568,0.282423,-0.736575],[-0.777062,0.377639,-0.503551],[0.135945,0.881831,0.451545]]],"btipPosition":[-92.1368,205.426,74.38],"carpPosition":[-21.9014,216.225,150.537],"dipPosition":[-89.906,219.897,81.7898],"direction":[-0.384978,-0.707606,-0.592525],"extended":false,"handId":51,"id":514,"length":48.0874,"mcpPosition":[-58.6683,239.638,115.423],"pipPosition":[-82.7375,233.073,92.8229],"stabilizedTipPosition":[-90.5448,208.885,78.0093],"timeVisible":1.63033,"tipPosition":[-90.3743,210.32,75.9455],"tipVelocity":[-56.177,9.34171,-78.6898],"tool":false,"touchDistance":0.19884,"touchZone":"hovering","type":4,"width":16.3862},{"bases":[[[0.395445,0.660965,-0.637768],[-0.191678,0.738464,0.646475],[0.898267,-0.133399,0.418714]],[[0.606488,0.606995,-0.513545],[-0.425783,0.793422,0.434959],[0.671476,-0.0451389,0.73965]],[[0.606488,0.606995,-0.513545],[-0.675564,0.733996,0.069732],[0.419267,0.304641,0.855224]],[[0.606488,0.606995,-0.513545],[-0.765058,0.621367,-0.169083],[0.216467,0.495439,0.841238]]],"btipPosition":[-144.308,195.503,82.4801],"carpPosition":[-39.8823,199.251,175.831],"dipPosition":[-140.787,203.561,96.1635],"direction":[-0.419267,-0.304641,-0.855224],"extended":true,"handId":51,"id":511,"length":55.9861,"mcpPosition":[-103.675,208.725,146.095],"pipPosition":[-131.139,210.571,115.843],"stabilizedTipPosition":[-141.068,198.955,92.8849],"timeVisible":1.63033,"tipPosition":[-147.583,200.921,88.8202],"tipVelocity":[-23.0672,-33.4189,-124.831],"tool":false,"touchDistance":0.260454,"touchZone":"hovering","type":1,"width":19.7388},{"bases":[[[0.540012,0.501226,-0.676136],[-0.102296,0.836469,0.538382],[0.835418,-0.221567,0.502976]],[[0.581115,0.489518,-0.650136],[-0.413408,0.865681,0.282294],[0.700999,0.104726,0.705431]],[[0.581115,0.489518,-0.650136],[-0.71972,0.682027,-0.12978],[0.379881,0.543333,0.748652]],[[0.581115,0.489518,-0.650136],[-0.79889,0.495459,-0.341022],[0.155179,0.71756,0.67899]]],"btipPosition":[-137.549,190.882,70.4966],"carpPosition":[-36.0583,208.313,169.157],"dipPosition":[-134.773,203.72,82.644],"direction":[-0.379881,-0.543333,-0.748652],"extended":true,"handId":51,"id":512,"length":63.7917,"mcpPosition":[-92.3217,223.234,135.282],"pipPosition":[-124.489,218.429,102.912],"stabilizedTipPosition":[-136.688,194.712,76.1458],"timeVisible":1.63033,"tipPosition":[-141.264,198.481,74.4379],"tipVelocity":[-47.8319,16.3526,-114.566],"tool":false,"touchDistance":0.105912,"touchZone":"hovering","type":2,"width":19.3861}],"r":[[0.945598,0.162104,0.282076