{"frames":174,"data":[{"currentFrameRate":57.6652,"devices":[],"gestures":[],"hands":[{"armBasis":[[0.166924,-0.631395,-0.757283],[0.982157,0.173965,0.071447],[0.0866291,-0.755696,0.649167]],"armWidth":51.3219,"confidence":1,"direction":[0.525875,0.820446,-0.22433],"elbow":[178.749,-82.3907,190.855],"grabAngle":3.14159,"grabStrength":0.450315,"id":119,"palmNormal":[-0.840948,0.46198,-0.281746],"palmPosition":[183.332,142.946,31.6366],"palmVelocity":[2.36691,1.41516,-1.82492],"palmWidth":75.5854,"pinchDistance":24.7889,"pinchStrength":0.851827,"r":[[-0.0381539,-0.704421,-0.708756],[0.208461,0.688056,-0.69507],[0.977286,-0.174268,0.120592]],"s":0.980379,"sphereCenter":[161.215,165.203,8.03615],"sphereRadius":37.1966,"stabilizedPalmPosition":[180.342,141.717,31.1614],"t":[-1.75611,-120.627,81.4593],"timeVisible":15.5401,"type":"right","wrist":[159.319,87.1037,45.2536]}],"id":272905,"interactionBox":{"center":[0,200,0],"size":[235.247,235.247,147.751]},"pointables":[{"bases":[[[0.906096,-0.388644,-0.167168],[0.0682248,-0.25573,0.964338],[-0.417534,-0.885188,-0.205201]],[[0.986874,-0.124512,-0.102838],[0.113541,0.0821433,0.990132],[-0.114836,-0.988812,0.0952024]],[[0.986874,-0.124512,-0.102838],[0.134711,0.283531,0.949454],[-0.0890605,-0.950846,0.296582]],[[0.986874,-0.124512,-0.102838],[0.157036,0.591401,0.790939],[-0.0376626,-0.796707,0.603192]]],"btipPosition":[159.418,194.168,33.5927],"carpPosition":[151.509,112.14,57.0059],"dipPosition":[158.71,179.189,44.9341],"direction":[0.0890605,0.950846,-0.296582],"extended":false,"handId":119,"id":1190,"length":41.8699,"mcpPosition":[151.509,112.14,57.0059],"pipPosition":[156.271,153.143,53.0581],"stabilizedTipPosition":[155.738,189.103,35.7929],"timeVisible":15.5401,"tipPosition":[159.087,190.546,35.285],"tipVelocity":[1.63039,1.92465,-6.53274],"tool":false,"touchDistance":0.302348,"touchZone":"hovering","type":0,"width":16.0853},{"bases":[[[0.214007,-0.194277,-0.957318],[0.905369,-0.328502,0.269059],[-0.366753,-0.924307,0.10559]],[[0.211908,-0.199553,-0.956699],[0.96282,0.210462,0.169365],[0.167551,-0.957018,0.236732]],[[0.211908,-0.199553,-0.956699],[0.650494,0.759377,-0.0143108],[0.729351,-0.619294,0.290726]],[[0.211908,-0.199553,-0.956699],[0.342256,0.93209,-0.118611],[0.915399,-0.302301,0.265816]]],"btipPosition":[160.6,215.368,29.4197],"carpPosition":[170.697,109.673,53.3379],"dipPosition":[173.165,211.219,33.0684],"direction":[-0.729351,0.619294,-0.290726],"extended":false,"handId":119,"id":1191,"length":47.2455,"mcpPosition":[193.111,166.161,46.8848],"pipPosition":[187.328,199.193,38.7138],"stabilizedTipPosition":[164.772,216.183,31.0369],"timeVisible":15.5401,"tipPosition":[165.776,217.042,30.2323],"tipVelocity":[-19.692,-21.5949,-11.7225],"tool":false,"touchDistance":0.333152,"touchZone":"hovering","type":1,"width":15.3646},{"bases":[[[0.00498929,-0.258501,-0.965998],[0.920244,-0.376831,0.105593],[-0.391314,-0.889481,0.236003]],[[0.0284451,-0.204699,-0.978412],[0.491569,0.855138,-0.164617],[0.870374,-0.476274,0.124948]],[[0.0284451,-0.204699,-0.978412],[-0.869982,0.476955,-0.125079],[0.492262,0.854759,-0.164517]],[[0.0284451,-0.204699,-0.978412],[-0.98957,-0.144045,0.00136695],[-0.141215,0.968168,-0.206661]]],"btipPosition":[154.183,143.544,32.3422],"carpPosition":[174.322,107.694,43.98],"dipPosition":[152.051,158.161,29.2221],"direction":[-0.492262,-0.854759,0.164517],"extended":false,"handId":119,"id":1192,"length":53.8325,"mcpPosition":[197.001,159.245,30.3021],"pipPosition":[163.297,177.689,25.4636],"stabilizedTipPosition":[150.496,145.239,31.2103],"timeVisible":15.5401,"tipPosition":[152.519,149.637,31.3043],"tipVelocity":[2.59883,-0.9906,-8.06926],"tool":false,"touchDistance":0.333333,"touchZone":"none","type":2,"width":15.0901},{"bases":[[[-0.122036,-0.35743,-0.925933],[0.905305,-0.4225,0.0437762],[-0.406853,-0.832909,0.375143]],[[-0.0974202,-0.306842,-0.946761],[0.493292,0.811327,-0.313707],[0.864391,-0.497591,0.0723231]],[[-0.0974202,-0.306842,-0.946761],[-0.85822,0.507595,-0.0762003],[0.503953,0.805106,-0.312788]],[[-0.0974202,-0.306842,-0.946761],[-0.986574,-0.095514,0.132473],[-0.131077,0.946956,-0.293417]]],"btipPosition":[156.223,134.463,23.3372],"carpPosition":[175.328,105.394,34.0883],"dipPosition":[154.255,148.677,18.9329],"direction":[-0.503953,-0.805106,0.312788],"extended":false,"handId":119,"id":1193,"length":51.7614,"mcpPosition":[196.499,148.734,14.5676],"pipPosition":[165.471,166.595,11.9716],"stabilizedTipPosition":[152.487,136.36,22.0463],"timeVisible":15.5401,"tipPosition":[154.393,140.711,21.8553],"tipVelocity":[5.29846,-1.63468,-6.65109],"tool":false,"touchDistance":0.333333,"touchZone":"none","type":3,"width":14.3592},{"bases":[[[-0.316199,-0.376672,-0.87071],[0.835778,-0.544864,-0.0678032],[-0.448879,-0.74916,0.4871]],[[-0.258931,-0.282229,-0.923743],[0.55927,0.735927,-0.381613],[0.78751,-0.615433,-0.0327123]],[[-0.258931,-0.282229,-0.923743],[-0.770932,0.636551,0.0216134],[0.58191,0.717739,-0.382402]],[[-0.258931,-0.282229,-0.923743],[-0.965522,0.0490283,0.255663],[-0.0268658,0.958093,-0.285193]]],"btipPosition":[160.822,132.366,10.9903],"carpPosition":[170.343,103.343,23.5656],"dipPosition":[160.45,145.633,7.04093],"direction":[-0.58191,-0.717739,0.382402],"extended":false,"handId":119,"id":1194,"length":40.58,"mcpPosition":[191.965,139.428,0.102816],"pipPosition":[169.594,156.911,1.03209],"stabilizedTipPosition":[157.474,134.499,10.0312],"timeVisible":15.5401,"tipPosition":[159.674,138.574,9.68955],"tipVelocity":[7.65411,-2.84192,-5.41022],"tool":false,"touchDistance":0.333333,"touchZone":"none","type":4,"width":12.755}],"r":[[-0.0381539,-0.704421,-0.708756],[0.208461,0.688056,-0.69507],[0.977286,-0.174268,0.120592]],"s":0.980379,"t":[-1.75611,-120.627,81.4593],"timestamp":210512194251},{"currentFrameRate":57.6637,"devices":[],"gestures":[],"hands":[{"armBasis":[[0.169299,-0.630651,-0.757375],[0.981569,0.177018,0.0720138],[0.0886538,-0.755608,0.648997]],"armWidth":51.3219,"confidence":1,"direction":[0.525652,0.820322,-0.225304],"elbow":[179.338,-82.31,190.831],"grabAngle":3.14159,"grabStrength":0.461515,"id":119,"palmNormal":[-0.840787,0.460663,-0.284372],"palmPosition":[183.425,143.01,31.5818],"palmVelocity":[5.33112,3.72763,-3.15777],"palmWidth":75.5854,"pinchDistance":24.2818,"pinchStrength":0.866704,"r":[[-0.036796,-0.705606,-0.707649],[0.209037,0.687028,-0.695914],[0.977215,-0.173532,0.122218]],"s":0.978651,"sphereCenter":[161.365,165.176,7.90245],"sphereRadius":37.1484,"stabilizedPalmPosition":[180.352,141.721,31.1628],"t":[-1.68149,-120.578,81.4106],"timeVisible":15.5574,"type":"right","wrist":[159.454,87.1647,45.2678]}],"id":272906,"interactionBox":{"center":[0,200,0],"size":[235.247,235.247,147.751]},"pointables":[{"bases":[[[0.9067,-0.388335,-0.164594],[0.0666573,-0.253402,0.965062],[-0.416476,-0.885993,-0.203874]],[[0.987158,-0.123983,-0.100738],[0.111443,0.082651,0.990328],[-0.114457,-0.988836,0.0954065]],[[0.987158,-0.123983,-0.100738],[0.132656,0.284855,0.949347],[-0.0890068,-0.950519,0.297643]],[[0.987158,-0.123983,-0.100738],[0.15509,0.592589,0.790434],[-0.0383036,-0.795906,0.604207]]],"btipPosition":[159.483,194.245,33.4957],"carpPosition":[151.579,112.24,56.9655],"dipPosition":[158.763,179.281,44.8562],"direction":[0.0890068,0.950519,-0.297643],"extended":false,"handId":119,"id":1190,"length":41.8699,"mcpPosition":[151.579,112.24,56.9655],"pipPosition":[156.325,153.244,53.0093],"stabilizedTipPosition":[155.742,189.104,35.7931],"timeVisible":15.5574,"tipPosition":[159.138,190.602,35.082],"tipVelocity":[3.573,4.63506,-5.33806],"tool":false,"touchDistance":0.300805,"touchZone":"hovering","type":0,"width":16.0853},{"bases":[[[0.215907,-0.196368,-0.956464],[0.905128,-0.327165,0.271488],[-0.366234,-0.924339,0.107101]],[[0.214346,-0.200303,-0.955999],[0.961349,0.216424,0.1702],[0.172809,-0.955531,0.23895]],[[0.214346,-0.200303,-0.955999],[0.641138,0.767237,-0.0170026],[0.736884,-0.609283,0.292876]],[[0.214346,-0.200303,-0.955999],[0.317934,0.939755,-0.125615],[0.923566,-0.277019,0.265115]]],"btipPosition":[160.207,214.884,29.2193],"carpPosition":[170.776,109.779,53.3385],"dipPosition":[172.884,211.081,32.8584],"direction":[-0.736884,0.609284,-0.292876],"extended":false,"handId":119,"id":1191,"length":47.2455,"mcpPosition":[193.158,166.269,46.7931],"pipPosition":[187.193,199.25,38.5455],"stabilizedTipPosition":[164.749,216.152,31.023],"timeVisible":15.5574,"tipPosition":[165.708,216.969,29.974],"tipVelocity":[-21.179,-23.3365,-11.6824],"tool":false,"touchDistance":0.333155,"touchZone":"hovering","type":1,"width":15.3646},{"bases":[[[0.00695578,-0.260774,-0.965375],[0.920339,-0.375868,0.108164],[-0.39106,-0.889224,0.237386]],[[0.0303928,-0.206983,-0.977872],[0.490586,0.855469,-0.165827],[0.870863,-0.47469,0.127543]],[[0.0303928,-0.206983,-0.977872],[-0.870472,0.475371,-0.127675],[0.491279,0.855091,-0.165725]],[[0.0303928,-0.206983,-0.977872],[-0.989365,-0.145456,0.0000383615],[-0.142246,0.967471,-0.209203]]],"btipPosition":[154.285,143.558,32.2394],"carpPosition":[174.419,107.781,43.9919],"dipPosition":[152.137,158.164,29.081],"direction":[-0.491279,-0.855091,0.165725],"extended":false,"handId":119,"id":1192,"length":53.8325,"mcpPosition":[197.084,159.318,30.2338],"pipPosition":[163.361,177.699,25.2949],"stabilizedTipPosition":[150.5,145.24,31.2106],"timeVisible":15.5574,"tipPosition":[152.609,149.671,31.1781],"tipVelocity":[5.64027,0.648356,-6.43349],"tool":false,"touchDistance":0.333333,"touchZone":"none","type":2,"width":15.0901},{"bases":[[[-0.120067,-0.359707,-0.925308],[0.905549,-0.421694,0.0464277],[-0.406897,-0.832337,0.376364]],[[-0.0954515,-0.309149,-0.946211],[0.492861,0.811184,-0.314752],[0.864856,-0.496394,0.0749391]],[[-0.0954515,-0.309149,-0.946211],[-0.858912,0.506041,-0.0786907],[0.503149,0.805201,-0.313835]],[[-0.0954515,-0.309149,-0.946211],[-0.986642,-0.0966756,0.131116],[-0.13201,0.946087,-0.295792]]],"btipPosition":[156.357,134.465,23.258],"carpPosition":[175.445,105.458,34.1075],"dipPosition":[154.376,148.667,18.818],"direction":[-0.503149,-0.805201,0.313835],"extended":false,"handId":119,"id":1193,"length":51.7614,"mcpPosition":[196.618,148.769,14.5233],"pipPosition":[165.574,166.587,11.8334],"stabilizedTipPosition":[152.496,136.364,22.0468],"timeVisible":15.5574,"tipPosition":[154.508,140.724,21.7538],"tipVelocity":[7.56295,-0.0258988,-5.04174],"tool":false,"touchDistance":0.333333,"touchZone":"none","type":3,"width":14.3592},{"bases":[[[-0.314315,-0.37897,-0.870395],[0.836321,-0.544375,-0.0649894],[-0.449193,-0.748357,0.488045]],[[-0.257051,-0.284653,-0.923525],[0.559009,0.735736,-0.382364],[0.788311,-0.614545,-0.0299983]],[[-0.257051,-0.284653,-0.923525],[-0.771994,0.635345,0.0190459],[0.581335,0.717851,-0.383066]],[[-0.257051,-0.284653,-0.923525],[-0.965993,0.0480268,0.254069],[-0.0279674,0.957427,-0.287318]]],"btipPosition":[160.977,132.345,10.9225],"carpPosition":[170.481,103.378,23.5806],"dipPosition":[160.59,145.603,6.9437],"direction":[-0.581335,-0.717851,0.383066],"extended":false,"handId":119,"id":1194,"length":40.58,"mcpPosition":[192.118,139.425,0.0722569],"pipPosition":[169.724,156.883,0.924429],"stabilizedTipPosition":[157.491,134.504,10.031],"timeVisible":15.5574,"tipPosition":[159.811,138.563,9.60258],"tipVelocity":[8.69815,-1.31901,-4.2989],"tool":false,"touchDistance":0.333333,"touchZone":"none","type":4,"width":12.755}],"r":[[-0.036796,-0.705606,-0.707649],[0.209037,0.687028,-0.695914],[0.977215,-0.173532,0.122218]],"s":0.978651,"t":[-1.68149,-120.578,81.4106],"timestamp":210512211598},{"currentFrameRate":57.6493,"devices":[],"gestures":[],"hands":[{"armBasis":[[0.168042,-0.630608,-0.75769],[0.981931,0.174928,0.0721863],[0.0870199,-0.75613,0.64861]],"armWidth":51.3219,"confidence":1,"direction":[0.525461,0.81977,-0.227744],"elbow":[179.057,-82.3644,190.811],"grabAngle":3.14159,"grabStrength":0.46995,"id":119,"palmNormal":[-0.840939,0.459737,-0.285418],"palmPosition":[183.513,143.05,31.5163],"palmVelocity":[5.08286,2.30656,-3.76691],"palmWidth":75.5854,"pinchDistance":23.8014,"pinchStrength":0.880794,"r":[[-0.035729,-0.706947,-0.706364],[0.209439,0.685822,-0.696982],[0.977169,-0.172842,0.123558]],"s":0.976625,"sphereCenter":[161.461,165.153,7.85652],"sphereRadius":37.0821,"stabilizedPalmPosition":[180.362,141.726,31.164],"t":[-1.59998,-120.534,81.3535],"timeVisible":15.5748,"type":"right","wrist":[159.539,87.2274,45.3352]}],"id":272907,"interactionBox":{"center":[0,200,0],"size":[235.247,235.247,147.751]},"pointables":[{"bases":[[[0.906713,-0.388654,-0.163767],[0.0669715,-0.250695,0.965747],[-0.416397,-0.886623,-0.20128]],[[0.987276,-0.123263,-0.100462],[0.111167,0.0832734,0.990307],[-0.113703,-0.988874,0.0959167]],[[0.987276,-0.123263,-0.100462],[0.132343,0.286675,0.948843],[-0.0881576,-0.950065,0.29934]],[[0.987276,-0.123263,-0.100462],[0.154523,0.594527,0.789088],[-0.0375383,-0.794572,0.606009]]],"btipPosition":[159.515,194.316,33.4236],"carpPosition":[151.679,112.346,56.9949],"dipPosition":[158.809,179.376,44.818],"direction":[0.0881576,0.950065,-0.29934],"extended":false,"handId":119,"id":1190,"length":41.8699,"mcpPosition":[151.679,112.346,56.9949],"pipPosition":[156.394,153.352,53.0176],"stabilizedTipPosition":[155.746,189.106,35.7934],"timeVisible":15.5748,"tipPosition":[159.221,190.65,34.9011],"tipVelocity":[1.99929,4.37184,-3.69735],"tool":false,"touchDistance":0.299733,"touchZone":"hovering","type":0,"width":16.0853},{"bases":[[[0.215665,-0.199006,-0.955973],[0.905256,-0.326266,0.272143],[-0.36606,-0.924093,0.109787]],[[0.215468,-0.199503,-0.955914],[0.959812,0.223526,0.169696],[0.179817,-0.954062,0.239648]],[[0.215468,-0.199503,-0.955914],[0.631791,0.774898,-0.0193151],[0.74459,-0.599776,0.29301]],[[0.215468,-0.199503,-0.955914],[0.296429,0.946079,-0.130633],[0.930432,-0.255213,0.262988]]],"btipPosition":[159.81,214.433,29.0885],"carpPosition":[170.875,109.878,53.3693],"dipPosition":[172.582,210.93,32.6984],"direction":[-0.74459,0.599776,-0.29301],"extended":false,"handId":119,"id":1191,"length":47.2455,"mcpPosition":[193.247,166.353,46.6597],"pipPosition":[187.04,199.283,38.3881],"stabilizedTipPosition":[164.715,216.11,31.0045],"timeVisible":15.5748,"tipPosition":[165.662,216.865,29.7155],"tipVelocity":[-21.5559,-21.9489,-7.90644],"tool":false,"touchDistance":0.33321,"touchZone":"hovering","type":1,"width":15.3646},{"bases":[[[0.00672126,-0.263468,-0.964645],[0.920428,-0.375423,0.10895],[-0.390854,-0.888618,0.23998]],[[0.0301464,-0.209709,-0.977299],[0.490216,0.855181,-0.168384],[0.87108,-0.474011,0.128583]],[[0.0301464,-0.209709,-0.977299],[-0.870689,0.474692,-0.128717],[0.490909,0.854804,-0.168281]],[[0.0301464,-0.209709,-0.977299],[-0.989351,-0.145545,0.00071291],[-0.14239,0.966871,-0.211864]]],"btipPosition":[154.372,143.586,32.1827],"carpPosition":[174.517,107.855,44.0273],"dipPosition":[152.223,158.183,28.9841],"direction":[-0.490909,-0.854804,0.168281],"extended":false,"handId":119,"id":1192,"length":53.8325,"mcpPosition":[197.169,159.356,30.1189],"pipPosition":[163.438,177.711,25.1396],"stabilizedTipPosition":[150.504,145.243,31.2109],"timeVisible":15.5748,"tipPosition":[152.697,149.703,31.103],"tipVelocity":[5.01486,1.47404,-3.78965],"tool":false,"touchDistance":0.333333,"touchZone":"none","type":2,"width":15.0901},{"bases":[[[-0.120274,-0.362309,-0.924265],[0.905627,-0.421423,0.047347],[-0.406661,-0.831345,0.378803]],[[-0.095673,-0.311806,-0.945317],[0.49244,0.810496,-0.317175],[0.865072,-0.495856,0.0760029]],[[-0.095673,-0.311806,-0.945317],[-0.859161,0.505451,-0.0797658],[0.502682,0.804548,-0.316249]],[[-0.095673,-0.311806,-0.945317],[-0.986604,-0.0963602,0.131635],[-0.132136,0.945247,-0.29841]]],"btipPosition":[156.444,134.468,23.2275],"carpPosition":[175.54,105.504,34.1491],"dipPosition":[154.461,148.657,18.7482],"direction":[-0.502682,-0.804547,0.316249],"extended":false,"handId":119,"id":1193,"length":51.7614,"mcpPosition":[196.7,148.763,14.438],"pipPosition":[165.648,166.562,11.7099],"stabilizedTipPosition":[152.507,136.368,22.0473],"timeVisible":15.5748,"tipPosition":[154.595,140.73,21.7033],"tipVelocity":[4.98754,-0.0328773,-2.27035],"tool":false,"touchDistance":0.333333,"touchZone":"none","type":3,"width":14.3592},{"bases":[[[-0.314504,-0.381448,-0.869244],[0.836386,-0.544425,-0.0637072],[-0.448937,-0.74706,0.490262]],[[-0.25729,-0.287303,-0.922637],[0.558504,0.73495,-0.384605],[0.78859,-0.614252,-0.0286353]],[[-0.25729,-0.287303,-0.922637],[-0.772326,0.634981,0.0176446],[0.580788,0.717116,-0.385266]],[[-0.25729,-0.287303,-0.922637],[-0.965915,0.0483291,0.254309],[-0.0284736,0.95662,-0.289945]]],"btipPosition":[161.064,132.313,10.8968],"carpPosition":[170.574,103.394,23.6295],"dipPosition":[160.67,145.56,6.88168],"direction":[-0.580788,-0.717116,0.385266],"extended":false,"handId":119,"id":1194,"length":40.58,"mcpPosition":[192.198,139.379,0.0143923],"pipPosition":[169.796,156.828,0.827843],"stabilizedTipPosition":[157.51,134.508,10.0307],"timeVisible":15.5748,"tipPosition":[159.895,138.536,9.55664],"tipVelocity":[4.94674,-1.99652,-1.95496],"tool":false,"touchDistance":0.333333,"touchZone":"none","type":4,"width":12.755}],"r":[[-0.035729,-0.706947,-0.706364],[0.209439,0.685822,-0.696982],[0.977169,-0.172842,0.123558]],"s":0.976625,"t":[-1.59998,-120.534,81.3535],"timestamp":210512228992},{"currentFrameRate":57.6433,"devices":[],"gestures":[],"hands":[{"armBasis":[[0.170439,-0.630042,-0.757627],[0.981832,0.173672,0.0764524],[0.0834101,-0.756892,0.648195]],"armWidth":51.3219,"confidence":1,"direction":[0.52736,0.819091,-0.225791],"elbow":[178.073,-82.5282,190.613],"grabAngle":3.14159,"grabStrength":0.481327,"id":119,"palmNormal":[-0.839178,0.460558,-0.289252],"palmPosition":[183.46,143.032,31.5041],"palmVelocity":[-3.0857,-1.06579,-0.705521],"palmWidth":75.5854,"pinchDistance":23.3971,"pinchStrength":0.892653,"r":[[-0.0344213,-0.708067,-0.705306],[0.21052,0.684752,-0.697707],[0.976983,-0.172497,0.125492]],"s":0.974444,"sphereCenter":[161.565,165.139,7.75934],"sphereRadius":37.0381,"stabilizedPalmPosition":[180.374,141.731,31.1653],"t":[-1.58602,-120.521,81.3188],"timeVisible":15.5922,"type":"right","wrist":[159.365,87.2345,45.2295]}],"id":272908,"interactionBox":{"center":[0,200,0],"size":[235.247,235.247,147.751]},"pointables":[{"bases":[[[0.906981,-0.389732,-0.159672],[0.0624982,-0.250375,0.966129],[-0.416509,-0.88624,-0.202728]],[[0.987514,-0.124743,-0.096209],[0.10689,0.0819537,0.990888],[-0.115721,-0.988799,0.0942642]],[[0.987514,-0.124743,-0.096209],[0.128641,0.286026,0.949548],[-0.090931,-0.950067,0.298502]],[[0.987514,-0.124743,-0.096209],[0.152005,0.594131,0.789875],[-0.0413706,-0.794637,0.605674]]],"btipPosition":[159.548,194.341,33.3831],"carpPosition":[151.481,112.374,56.8566],"dipPosition":[158.77,179.4,44.7712],"direction":[0.090931,0.950067,-0.298502],"extended":false,"handId":119,"id":1190,"length":41.8699,"mcpPosition":[151.481,112.374,56.8566],"pipPosition":[156.279,153.376,52.9478],"stabilizedTipPosition":[155.749,189.108,35.7936],"timeVisible":15.5922,"tipPosition":[159.207,190.661,34.7725],"tipVelocity":[0.978288,1.45669,-2.41743],"tool":false,"touchDistance":0.299033,"touchZone":"hovering","type":0,"width":16.0853},{"bases":[[[0.219591,-0.199636,-0.954948],[0.903701,-0.327164,0.276202],[-0.367565,-0.923639,0.108569]],[[0.219584,-0.199654,-0.954946],[0.958799,0.225005,0.173428],[0.180242,-0.953683,0.240835]],[[0.219584,-0.199654,-0.954946],[0.625641,0.779875,-0.0191888],[0.74857,-0.593239,0.29616]],[[0.219584,-0.199654,-0.954946],[0.277295,0.951237,-0.135116],[0.935356,-0.235133,0.26424]]],"btipPosition":[159.557,213.994,28.9896],"carpPosition":[170.69,109.882,53.3153],"dipPosition":[172.396,210.767,32.6167],"direction":[-0.74857,0.593239,-0.29616],"extended":false,"handId":119,"id":1191,"length":47.2455,"mcpPosition":[193.153,166.33,46.6802],"pipPosition":[186.932,199.247,38.3676],"stabilizedTipPosition":[164.674,216.057,30.9825],"timeVisible":15.5922,"tipPosition":[165.602,216.756,29.6029],"tipVelocity":[-13.6689,-21.6177,-5.46464],"tool":false,"touchDistance":0.333248,"touchZone":"hovering","type":1,"width":15.3646},{"bases":[[[0.0106148,-0.26387,-0.9645],[0.919526,-0.376404,0.113097],[-0.392885,-0.888084,0.23864]],[[0.0341546,-0.210142,-0.977074],[0.491736,0.854654,-0.166623],[0.870074,-0.474771,0.132525]],[[0.0341546,-0.210142,-0.977074],[-0.869683,0.475452,-0.132657],[0.492428,0.854275,-0.166518]],[[0.0341546,-0.210142,-0.977074],[-0.989513,-0.144401,-0.0035328],[-0.140348,0.966948,-0.21287]]],"btipPosition":[154.316,143.592,32.0455],"carpPosition":[174.37,107.852,43.99],"dipPosition":[152.197,158.19,28.8317],"direction":[-0.492428,-0.854275,0.166518],"extended":false,"handId":119,"id":1192,"length":53.8325,"mcpPosition":[197.14,159.322,30.1593],"pipPosition":[163.447,177.707,25.0275],"stabilizedTipPosition":[150.506,145.244,31.211],"timeVisible":15.5922,"tipPosition":[152.654,149.717,30.9545],"tipVelocity":[-2.81973,0.361588,-8.10326],"tool":false,"touchDistance":0.333333,"touchZone":"none","type":2,"width":15.0901},{"bases":[[[-0.116665,-0.362552,-0.924633],[0.904942,-0.422413,0.0514487],[-0.40923,-0.830737,0.377369]],[[-0.0919164,-0.312085,-0.945597],[0.49456,0.809907,-0.315375],[0.864269,-0.496643,0.0799012]],[[-0.0919164,-0.312085,-0.945597],[-0.858318,0.506253,-0.0836515],[0.504818,0.803934,-0.314401]],[[-0.0919164,-0.312085,-0.945597],[-0.987262,-0.0952819,0.127413],[-0.129862,0.945264,-0.299352]]],"btipPosition":[156.418,134.469,23.1035],"carpPosition":[175.433,105.496,34.1173],"dipPosition":[154.469,148.658,18.61],"direction":[-0.504818,-0.803934,0.314401],"extended":false,"handId":119,"id":1193,"length":51.7614,"mcpPosition":[196.727,148.723,14.4809],"pipPosition":[165.704,166.55,11.6128],"stabilizedTipPosition":[152.512,136.37,22.0473],"timeVisible":15.5922,"tipPosition":[154.582,140.739,21.5668],"tipVelocity":[-1.04758,0.0857217,-7.33022],"tool":false,"touchDistance":0.333333,"touchZone":"none","type":3,"width":14.3592},{"bases":[[[-0.311153,-0.381452,-0.870447],[0.836047,-0.545384,-0.0598555],[-0.451896,-0.746359,0.488609]],[[-0.253614,-0.287411,-0.92362],[0.560831,0.734282,-0.38249],[0.78813,-0.614999,-0.0250354]],[[-0.253614,-0.287411,-0.92362],[-0.771687,0.635848,0.0140326],[0.583249,0.716305,-0.383051]],[[-0.253614,-0.287411,-0.92362],[-0.966952,0.0495332,0.250099],[-0.0261312,0.956526,-0.290475]]],"btipPosition":[161.085,132.307,10.7943],"carpPosition":[170.51,103.387,23.5771],"dipPosition":[160.724,145.553,6.77186],"direction":[-0.583249,-0.716304,0.383051],"extended":false,"handId":119,"id":1194,"length":40.58,"mcpPosition":[192.277,139.338,0.0416272],"pipPosition":[169.888,156.808,0.752815],"stabilizedTipPosition":[157.52,134.511,10.0303],"timeVisible":15.5922,"tipPosition":[159.932,138.534,9.44403],"tipVelocity":[1.63561,-0.348931,-5.99794],"tool":false,"touchDistance":0.333333,"touchZone":"none","type":4,"width":12.755}],"r":[[-0.0344213,-0.708067,-0.705306],[0.21052,0.684752,-0.697707],[0.976983,-0.172497,0.125492]],"s":0.974444,"t":[-1.58602,-120.521,81.3188],"timestamp":210512246360},{"currentFrameRate":57.6522,"devices":[],"gestures":[],"hands":[{"armBasis":[[0.17151,-0.628893,-0.758339],[0.981412,0.176343,0.0757194],[0.0861088,-0.75723,0.647447]],"armWidth":51.3219,"confidence":1,"direction":[0.527377,0.818986,-0.226132],"elbow":[178.67,-82.591,190.438],"grabAngle":3.14159,"grabStrength":0.491769,"id":119,"palmNormal":[-0.839107,0.460297,-0.289872],"palmPosition":[183.426,143.05,31.4794],"palmVelocity":[-1.96654,1.07626,-1.42588],"palmWidth":75.5854,"pinchDistance":22.9823,"pinchStrength":0.904821,"r":[[-0.0333112,-0.709055,-0.704366],[0.211427,0.683808,-0.698359],[0.976826,-0.172185,0.127135]],"s":0.972031,"sphereCenter":[161.576,165.13,7.75589],"sphereRadius":36.9696,"stabilizedPalmPosition":[180.385,141.736,31.1664],"t":[-1.59606,-120.506,81.2891],"timeVisible":15.6095,"type":"right","wrist":[159.357,87.2475,45.2231]}],"id":272909,"interactionBox":{"center":[0,200,0],"size":[235.247,235.247,147.751]},"pointables":[{"bases":[[[0.907074,-0.389761,-0.159072],[0.062154,-0.249733,0.966318],[-0.416358,-0.886408,-0.202301]],[[0.987591,-0.124517,-0.0957023],[0.106378,0.0821082,0.99093],[-0.11553,-0.988814,0.0943353]],[[0.987591,-0.124517,-0.0957023],[0.12814,0.28659,0.949445],[-0.0907951,-0.949927,0.298989]],[[0.987591,-0.124517,-0.0957023],[0.151493,0.594722,0.789529],[-0.0413938,-0.79423,0.606205]]],"btipPosition":[159.496,194.363,33.3403],"carpPosition":[151.44,112.406,56.84],"dipPosition":[158.718,179.43,44.7383],"direction":[0.0907951,0.949927,-0.298989],"extended":false,"handId":119,"id":1190,"length":41.8699,"mcpPosition":[151.44,112.406,56.84],"pipPosition":[156.23,153.409,52.9283],"stabilizedTipPosition":[155.753,189.11,35.7938],"timeVisible":15.6095,"tipPosition":[159.168,190.681,34.7096],"tipVelocity":[-3.02616,1.36315,-2.34162],"tool":false,"touchDistance":0.298357,"touchZone":"hovering","type":0,"width":16.0853},{"bases":[[[0.219969,-0.200248,-0.954733],[0.903624,-0.326907,0.276759],[-0.367529,-0.923598,0.109039]],[[0.220058,-0.200022,-0.954759],[0.95819,0.22782,0.17312],[0.182885,-0.952937,0.241793]],[[0.220058,-0.200022,-0.954759],[0.618778,0.785261,-0.0218931],[0.754114,-0.585966,0.296573]],[[0.220058,-0.200022,-0.954759],[0.255039,0.956506,-0.141605],[0.941557,-0.21234,0.2615]]],"btipPosition":[159.231,213.544,28.9497],"carpPosition":[170.65,109.914,53.3077],"dipPosition":[172.156,210.629,32.5392],"direction":[-0.754114,0.585966,-0.296573],"extended":false,"handId":119,"id":1191,"length":47.2455,"mcpPosition":[193.112,166.359,46.6438],"pipPosition":[186.799,199.251,38.2982],"stabilizedTipPosition":[164.623,215.99,30.9573],"timeVisible":15.6095,"tipPosition":[165.458,216.651,29.5307],"tipVelocity":[-17.6818,-21.8548,-2.80139],"tool":false,"touchDistance":0.33244,"touchZone":"hovering","type":1,"width":15.3646},{"bases":[[[0.0110013,-0.264505,-0.964322],[0.919515,-0.376253,0.113693],[-0.392901,-0.887959,0.239077]],[[0.0345414,-0.210783,-0.976922],[0.491654,0.854624,-0.167012],[0.870105,-0.474539,0.133152]],[[0.0345414,-0.210783,-0.976922],[-0.869713,0.47522,-0.133285],[0.492347,0.854246,-0.166906]],[[0.0345414,-0.210783,-0.976922],[-0.989465,-0.144726,-0.00375846],[-0.140594,0.96676,-0.213561]]],"btipPosition":[154.286,143.605,32.0102],"carpPosition":[174.334,107.878,43.9851],"dipPosition":[152.163,158.201,28.786],"direction":[-0.492347,-0.854246,0.166906],"extended":false,"handId":119,"id":1192,"length":53.8325,"mcpPosition":[197.105,159.341,30.1291],"pipPosition":[163.411,177.717,24.9729],"stabilizedTipPosition":[150.509,145.245,31.211],"timeVisible":15.6095,"tipPosition":[152.62,149.732,30.9138],"tipVelocity":[-1.81216,0.736758,-2.17487],"tool":false,"touchDistance":0.333333,"touchZone":"none","type":2,"width":15.0901},{"bases":[[[-0.116286,-0.363171,-0.924437],[0.904958,-0.422303,0.0520691],[-0.409303,-0.830522,0.377762]],[[-0.091533,-0.312716,-0.945426],[0.494623,0.809733,-0.315721],[0.864274,-0.496528,0.0805592]],[[-0.091533,-0.312716,-0.945426],[-0.858336,0.506114,-0.0843048],[0.504857,0.803777,-0.314742]],[[-0.091533,-0.312716,-0.945426],[-0.98729,-0.0953689,0.127131],[-0.12992,0.945047,-0.300012]]],"btipPosition":[156.39,134.48,23.0739],"carpPosition":[175.401,105.515,34.1144],"dipPosition":[154.44,148.666,18.5705],"direction":[-0.504857,-0.803777,0.314742],"extended":false,"handId":119,"id":1193,"length":51.7614,"mcpPosition":[196.699,148.732,14.4575],"pipPosition":[165.676,166.555,11.5658],"stabilizedTipPosition":[152.517,136.372,22.0473],"timeVisible":15.6095,"tipPosition":[154.552,140.748,21.5328],"tipVelocity":[-1.64344,0.602409,-1.83864],"tool":false,"touchDistance":0.333333,"touchZone":"none","type":3,"width":14.3592},{"bases":[[[-0.310793,-0.382052,-0.870313],[0.836115,-0.545353,-0.0591801],[-0.452018,-0.746074,0.488931]],[[-0.253243,-0.288044,-0.923525],[0.560893,0.734092,-0.382764],[0.788205,-0.614931,-0.0243418]],[[-0.253243,-0.288044,-0.923525],[-0.771787,0.635741,0.0133491],[0.583278,0.716146,-0.383305]],[[-0.253243,-0.288044,-0.923525],[-0.967048,0.0495271,0.24973],[-0.0261935,0.956336,-0.291094]]],"btipPosition":[161.062,132.309,10.7683],"carpPosition":[170.482,103.399,23.5737],"dipPosition":[160.699,145.552,6.73722],"direction":[-0.583278,-0.716146,0.383305],"extended":false,"handId":119,"id":1194,"length":40.58,"mcpPosition":[192.255,139.337,0.0227125],"pipPosition":[169.864,156.805,0.714198],"stabilizedTipPosition":[157.528,134.513,10.0298],"timeVisible":15.6095,"tipPosition":[159.907,138.535,9.41348],"tipVelocity":[-1.3734,0.0695974,-1.61866],"tool":false,"touchDistance":0.333333,"touchZone":"none","type":4,"width":12.755}],"r":[[-0.0333112,-0.709055,-0.704366],[0.211427,0.683808,-0.698359],[0.976826,-0.172185,0.127135]],"s":0.972031,"t":[-1.59606,-120.506,81.2891],"timestamp":210512263676},{"currentFrameRate":57.6785,"devices":[],"gestures":[],"hands":[{"armBasis":[[0.168603,-0.628511,-0.759307],[0.981879,0.174714,0.0734069],[0.0865245,-0.757925,0.646579]],"armWidth":51.3219,"confidence":1,"direction":[0.52703,0.818946,-0.227083],"elbow":[178.723,-82.7277,190.288],"grabAngle":3.14159,"grabStrength":0.501892,"id":119,"palmNormal":[-0.839779,0.460842,-0.287046],"palmPosition":[183.378,143.069,31.4961],"palmVelocity":[-2.76611,1.0482,0.970032],"palmWidth":75.5854,"pinchDistance":22.5155,"pinchStrength":0.918513,"r":[[-0.0328962,-0.709738,-0.703698],[0.211794,0.683138,-0.698903],[0.976761,-0.17203,0.127845]],"s":0.969372,"sphereCenter":[161.506,165.171,7.92579],"sphereRadius":36.8859,"stabilizedPalmPosition":[180.397,141.741,31.1678],"t":[-1.62494,-120.489,81.2826],"timeVisible":15.6267,"type":"right","wrist":[159.317,87.2665,45.2671]}],"id":272910,"interactionBox":{"center":[0,200,0],"size":[235.247,235.247,147.751]},"pointables":[{"bases":[[[0.906445,-0.389999,-0.162045],[0.0649142,-0.250477,0.965944],[-0.417306,-0.886094,-0.201727]],[[0.987305,-0.124499,-0.0986333],[0.109155,0.0807147,0.990742],[-0.115386,-0.988931,0.0932797]],[[0.987305,-0.124499,-0.0986333],[0.13087,0.285729,0.949332],[-0.0900089,-0.950189,0.298395]],[[0.987305,-0.124499,-0.0986333],[0.153801,0.594242,0.789444],[-0.0396732,-0.794592,0.605846]]],"btipPosition":[159.451,194.394,33.4955],"carpPosition":[151.455,112.418,56.9285],"dipPosition":[158.705,179.454,44.8868],"direction":[0.0900089,0.950189,-0.298395],"extended":false,"handId":119,"id":1190,"length":41.8699,"mcpPosition":[151.455,112.418,56.9285],"pipPosition":[156.24,153.426,53.0605],"stabilizedTipPosition":[155.756,189.111,35.794],"timeVisible":15.6267,"tipPosition":[159.15,190.707,34.8367],"tipVelocity":[-2.15019,1.6848,8.91265],"tool":false,"touchDistance":0.30092,"touchZone":"hovering","type":0,"width":16.0853},{"bases":[[[0.217063,-0.199624,-0.955528],[0.90431,-0.327468,0.273841],[-0.36757,-0.923534,0.10944]],[[0.21758,-0.198325,-0.955681],[0.957946,0.231061,0.170146],[0.187076,-0.952512,0.240259]],[[0.21758,-0.198325,-0.955681],[0.611297,0.791007,-0.0249773],[0.760904,-0.57877,0.293343]],[[0.21758,-0.198325,-0.955681],[0.230046,0.961974,-0.147256],[0.948545,-0.187811,0.25493]]],"btipPosition":[158.865,213.056,29.1609],"carpPosition":[170.654,109.921,53.3375],"dipPosition":[171.885,210.478,32.6602],"direction":[-0.760904,0.57877,-0.293343],"extended":false,"handId":119,"id":1191,"length":47.2455,"mcpPosition":[193.118,166.362,46.6491],"pipPosition":[186.661,199.239,38.3564],"stabilizedTipPosition":[164.563,215.914,30.9359],"timeVisible":15.6267,"tipPosition":[165.308,216.528,29.6662],"tipVelocity":[-19.9433,-23.8084,11.0398],"tool":false,"touchDistance":0.335386,"touchZone":"hovering","type":1,"width":15.3646},{"bases":[[[0.00804316,-0.263791,-0.964546],[0.919698,-0.376699,0.110692],[-0.392543,-0.887982,0.239579]],[[0.0315671,-0.21007,-0.977177],[0.491427,0.854593,-0.167842],[0.870346,-0.474913,0.130211]],[[0.0315671,-0.21007,-0.977177],[-0.869955,0.475593,-0.130345],[0.49212,0.854214,-0.167738]],[[0.0315671,-0.21007,-0.977177],[-0.989519,-0.144402,-0.000922843],[-0.140913,0.966964,-0.212426]]],"btipPosition":[154.241,143.631,32.1143],"carpPosition":[174.309,107.89,44.0025],"dipPosition":[152.114,158.23,28.9072],"direction":[-0.49212,-0.854214,0.167738],"extended":false,"handId":119,"id":1192,"length":53.8325,"mcpPosition":[197.06,159.354,30.1174],"pipPosition":[163.356,177.745,25.0752],"stabilizedTipPosition":[150.51,145.246,31.2111],"timeVisible":15.6267,"tipPosition":[152.573,149.762,31.0268],"tipVelocity":[-2.65365,1.53758,6.265],"tool":false,"touchDistance":0.333333,"touchZone":"none","type":2,"width":15.0901},{"bases":[[[-0.119164,-0.362437,-0.924359],[0.904941,-0.422698,0.0490771],[-0.408512,-0.830642,0.378355]],[[-0.0944538,-0.311976,-0.945383],[0.493899,0.809835,-0.316591],[0.864374,-0.496827,0.0775929]],[[-0.0944538,-0.311976,-0.945383],[-0.858527,0.506282,-0.0812972],[0.503994,0.803958,-0.315661]],[[-0.0944538,-0.311976,-0.945383],[-0.986902,-0.0954053,0.130086],[-0.130778,0.945288,-0.298879]]],"btipPosition":[156.323,134.509,23.1656],"carpPosition":[175.346,105.535,34.1269],"dipPosition":[154.36,148.698,18.6792],"direction":[-0.503994,-0.803958,0.315661],"extended":false,"handId":119,"id":1193,"length":51.7614,"mcpPosition":[196.603,148.757,14.4392],"pipPosition":[165.576,166.591,11.654],"stabilizedTipPosition":[152.521,136.374,22.0474],"timeVisible":15.6267,"tipPosition":[154.475,140.783,21.6336],"tipVelocity":[-4.07733,1.70617,5.54089],"tool":false,"touchDistance":0.333333,"touchZone":"none","type":3,"width":14.3592},{"bases":[[[-0.313518,-0.381281,-0.869673],[0.83572,-0.545638,-0.0620592],[-0.450865,-0.74626,0.489712]],[[-0.256099,-0.287275,-0.922977],[0.559891,0.734268,-0.383893],[0.787995,-0.615081,-0.027203]],[[-0.256099,-0.287275,-0.922977],[-0.771677,0.635807,0.0162243],[0.582174,0.716396,-0.384513]],[[-0.256099,-0.287275,-0.922977],[-0.966272,0.0493566,0.25275],[-0.0270538,0.956576,-0.290226]]],"btipPosition":[160.955,132.344,10.8445],"carpPosition":[170.396,103.428,23.5993],"dipPosition":[160.58,145.59,6.82548],"direction":[-0.582174,-0.716396,0.384513],"extended":false,"handId":119,"id":1194,"length":40.58,"mcpPosition":[192.113,139.375,0.010704],"pipPosition":[169.728,156.847,0.783467],"stabilizedTipPosition":[157.536,134.515,10.0296],"timeVisible":15.6267,"tipPosition":[159.793,138.577,9.49681],"tipVelocity":[-6.36574,2.07479,4.57924],"tool":false,"touchDistance":0.333333,"touchZone":"none","type":4,"width":12.755}],"r":[[-0.0328962,-0.709738,-0.703698],[0.211794,0.683138,-0.698903],[0.976761,-0.17203,0.127845]],"s":0.969372,"t":[-1.62494,-120.489,81.2826],"timestamp":210512280926},{"currentFrameRate":57.6635,"devices":[],"gestures":[],"hands":[{"armBasis":[[0.171339,-0.627133,-0.759834],[0.981201,0.178144,0.0742243],[0.0888112,-0.758267,0.645867]],"armWidth":51.3219,"confidence":1,"direction":[0.52732,0.819283,-0.225186],"elbow":[179.218,-82.7854,190.013],"grabAngle":3.14159,"grabStrength":0.508159,"id":119,"palmNormal":[-0.839301,0.46099,-0.288204],"palmPosition":[183.346,143.113,31.4832],"palmVelocity":[-1.84376,2.54308,-0.742227],"palmWidth":75.5854,"pinchDistance":22.359,"pinchStrength":0.923104,"r":[[-0.0322626,-0.710136,-0.703325],[0.212336,0.682758,-0.69911],[0.976664,-0.171896,0.12876]],"s":0.967159,"sphereCenter":[161.545,165.231,7.91221],"sphereRadius":36.8549,"stabilizedPalmPosition":[180.411,141.747,31.1692],"t":[-1.65542,-120.458,81.2729],"timeVisible":15.6441,"type":"right","wrist":[159.299,87.2857,45.1525]}],"id":272911,"interactionBox":{"center":[0,200,0],"size":[235.247,235.247,147.751]},"pointables":[{"bases":[[[0.906833,-0.389661,-0.160681],[0.0630693,-0.251484,0.965804],[-0.416745,-0.885957,-0.203478]],[[0.987473,-0.124519,-0.0969076],[0.107344,0.080022,0.990996],[-0.115644,-0.988985,0.092386]],[[0.987473,-0.124519,-0.0969076],[0.129114,0.28465,0.949897],[-0.0906959,-0.95051,0.297161]],[[0.987473,-0.124519,-0.0969076],[0.152375,0.593119,0.790564],[-0.0409629,-0.795428,0.604663]]],"btipPosition":[159.429,194.432,33.4808],"carpPosition":[151.379,112.43,56.8207],"dipPosition":[158.659,179.476,44.8499],"direction":[0.0906959,0.95051,-0.297161],"extended":false,"handId":119,"id":1190,"length":41.8699,"mcpPosition":[151.379,112.43,56.8207],"pipPosition":[156.174,153.44,52.9898],"stabilizedTipPosition":[155.76,189.113,35.7944],"timeVisible":15.6441,"tipPosition":[159.102,190.743,34.8286],"tipVelocity":[-1.60425,1.99193,-1.14071],"tool":false,"touchDistance":0.300589,"touchZone":"hovering","type":0,"width":16.0853},{"bases":[[[0.218971,-0.198575,-0.955311],[0.903833,-0.32759,0.275266],[-0.367611,-0.923717,0.107746]],[[0.218984,-0.198542,-0.955315],[0.957945,0.229821,0.171824],[0.185437,-0.952766,0.24052]],[[0.218984,-0.198542,-0.955315],[0.609492,0.792399,-0.0249711],[0.761949,-0.576788,0.294533]],[[0.218984,-0.198542,-0.955315],[0.219103,0.964081,-0.150139],[0.95081,-0.176435,0.25462]]],"btipPosition":[158.804,212.9,29.1638],"carpPosition":[170.586,109.94,53.2646],"dipPosition":[171.856,210.478,32.6588],"direction":[-0.761949,0.576788,-0.294533],"extended":false,"handId":119,"id":1191,"length":47.2455,"mcpPosition":[193.052,166.392,46.6798],"pipPosition":[186.651,199.278,38.3781],"stabilizedTipPosition":[164.502,215.835,30.9144],"timeVisible":15.6441,"tipPosition":[165.228,216.526,29.6984],"tipVelocity":[-3.09146,-6.89494,0.106876],"tool":false,"touchDistance":0.335208,"touchZone":"hovering","type":1,"width":15.3646},{"bases":[[[0.00998116,-0.262772,-0.964806],[0.91955,-0.376646,0.112095],[-0.392846,-0.888307,0.237873]],[[0.0335198,-0.209033,-0.977334],[0.491554,0.854882,-0.165984],[0.870202,-0.474849,0.131406]],[[0.0335198,-0.209033,-0.977334],[-0.86981,0.47553,-0.131539],[0.492247,0.854504,-0.165879]],[[0.0335198,-0.209033,-0.977334],[-0.989424,-0.145025,-0.00291638],[-0.141128,0.967095,-0.211683]]],"btipPosition":[154.215,143.668,32.0454],"carpPosition":[174.259,107.919,43.9347],"dipPosition":[152.084,158.269,28.8496],"direction":[-0.492247,-0.854504,0.165879],"extended":false,"handId":119,"id":1192,"length":53.8325,"mcpPosition":[197.027,159.402,30.1485],"pipPosition":[163.33,177.79,25.0599],"stabilizedTipPosition":[150.512,145.247,31.2111],"timeVisible":15.6441,"tipPosition":[152.542,149.8,30.9607],"tipVelocity":[-1.56488,2.1613,-3.81411],"tool":false,"touchDistance":0.333333,"touchZone":"none","type":2,"width":15.0901},{"bases":[[[-0.117286,-0.361484,-0.924972],[0.904922,-0.422582,0.0504034],[-0.409097,-0.831116,0.376678]],[[-0.0925442,-0.310996,-0.945895],[0.494212,0.810349,-0.314783],[0.864402,-0.496604,0.0787048]],[[-0.0925442,-0.310996,-0.945895],[-0.858443,0.506237,-0.0824551],[0.50449,0.804366,-0.313822]],[[-0.0925442,-0.310996,-0.945895],[-0.987066,-0.0962368,0.128214],[-0.130904,0.945526,-0.298068]]],"btipPosition":[156.313,134.553,23.0916],"carpPosition":[175.316,105.575,34.0587],"dipPosition":[154.348,148.746,18.6174],"direction":[-0.50449,-0.804366,0.313822],"extended":false,"handId":119,"id":1193,"length":51.7614,"mcpPosition":[196.603,148.822,14.4583],"pipPosition":[165.576,166.648,11.6331],"stabilizedTipPosition":[152.524,136.375,22.0474],"timeVisible":15.6441,"tipPosition":[154.463,140.831,21.5619],"tipVelocity":[-0.595631,2.57535,-4.09235],"tool":false,"touchDistance":0.333333,"touchZone":"none","type":3,"width":14.3592},{"bases":[[[-0.311743,-0.380421,-0.870687],[0.835942,-0.545418,-0.0609979],[-0.451683,-0.746859,0.48804]],[[-0.254259,-0.286383,-0.923762],[0.560201,0.73499,-0.382052],[0.78837,-0.614633,-0.0264461]],[[-0.254259,-0.286383,-0.923762],[-0.771835,0.635637,0.0153836],[0.582772,0.716904,-0.382657]],[[-0.254259,-0.286383,-0.923762],[-0.966755,0.0484473,0.251073],[-0.0271493,0.95689,-0.28918]]],"btipPosition":[160.966,132.398,10.7797],"carpPosition":[170.386,103.479,23.5192],"dipPosition":[160.59,145.649,6.77519],"direction":[-0.582772,-0.716904,0.382657],"extended":false,"handId":119,"id":1194,"length":40.58,"mcpPosition":[192.143,139.454,0.0110831],"pipPosition":[169.748,156.914,0.762345],"stabilizedTipPosition":[157.543,134.517,10.0292],"timeVisible":15.6441,"ti