{"frames":252,"data":[{"currentFrameRate":115.068,"devices":[],"gestures":[],"hands":[],"id":521292,"interactionBox":{"center":[0,200,0],"size":[235.247,235.247,147.751]},"pointables":[],"r":[[0.930067,0.21328,-0.299145],[-0.360511,0.686654,-0.631299],[0.0707657,0.694995,0.715524]],"s":0.485343,"t":[-42.2274,-990.061,579.161],"timestamp":486193363088},{"currentFrameRate":115.042,"devices":[],"gestures":[],"hands":[],"id":521293,"interactionBox":{"center":[0,200,0],"size":[235.247,235.247,147.751]},"pointables":[],"r":[[0.930067,0.21328,-0.299145],[-0.360511,0.686654,-0.631299],[0.0707657,0.694995,0.715524]],"s":0.485343,"t":[-42.2274,-990.061,579.161],"timestamp":486193371824},{"currentFrameRate":115.088,"devices":[],"gestures":[],"hands":[],"id":521294,"interactionBox":{"center":[0,200,0],"size":[235.247,235.247,147.751]},"pointables":[],"r":[[0.930067,0.21328,-0.299145],[-0.360511,0.686654,-0.631299],[0.0707657,0.694995,0.715524]],"s":0.485343,"t":[-42.2274,-990.061,579.161],"timestamp":486193380436},{"currentFrameRate":115.11,"devices":[],"gestures":[],"hands":[],"id":521295,"interactionBox":{"center":[0,200,0],"size":[235.247,235.247,147.751]},"pointables":[],"r":[[0.930067,0.21328,-0.299145],[-0.360511,0.686654,-0.631299],[0.0707657,0.694995,0.715524]],"s":0.485343,"t":[-42.2274,-990.061,579.161],"timestamp":486193389086},{"currentFrameRate":115.118,"devices":[],"gestures":[],"hands":[],"id":521296,"interactionBox":{"center":[0,200,0],"size":[235.247,235.247,147.751]},"pointables":[],"r":[[0.930067,0.21328,-0.299145],[-0.360511,0.686654,-0.631299],[0.0707657,0.694995,0.715524]],"s":0.485343,"t":[-42.2274,-990.061,579.161],"timestamp":486193397758},{"currentFrameRate":115.149,"devices":[],"gestures":[],"hands":[],"id":521297,"interactionBox":{"center":[0,200,0],"size":[235.247,235.247,147.751]},"pointables":[],"r":[[0.930067,0.21328,-0.299145],[-0.360511,0.686654,-0.631299],[0.0707657,0.694995,0.715524]],"s":0.485343,"t":[-42.2274,-990.061,579.161],"timestamp":486193406390},{"currentFrameRate":115.158,"devices":[],"gestures":[],"hands":[],"id":521298,"interactionBox":{"center":[0,200,0],"size":[235.247,235.247,147.751]},"pointables":[],"r":[[0.930067,0.21328,-0.299145],[-0.360511,0.686654,-0.631299],[0.0707657,0.694995,0.715524]],"s":0.485343,"t":[-42.2274,-990.061,579.161],"timestamp":486193415058},{"currentFrameRate":115.165,"devices":[],"gestures":[],"hands":[],"id":521299,"interactionBox":{"center":[0,200,0],"size":[235.247,235.247,147.751]},"pointables":[],"r":[[0.930067,0.21328,-0.299145],[-0.360511,0.686654,-0.631299],[0.0707657,0.694995,0.715524]],"s":0.485343,"t":[-42.2274,-990.061,579.161],"timestamp":486193423730},{"currentFrameRate":115.171,"devices":[],"gestures":[],"hands":[],"id":521300,"interactionBox":{"center":[0,200,0],"size":[235.247,235.247,147.751]},"pointables":[],"r":[[0.930067,0.21328,-0.299145],[-0.360511,0.686654,-0.631299],[0.0707657,0.694995,0.715524]],"s":0.485343,"t":[-42.2274,-990.061,579.161],"timestamp":486193432403},{"currentFrameRate":115.165,"devices":[],"gestures":[],"hands":[],"id":521301,"interactionBox":{"center":[0,200,0],"size":[235.247,235.247,147.751]},"pointables":[],"r":[[0.930067,0.21328,-0.299145],[-0.360511,0.686654,-0.631299],[0.0707657,0.694995,0.715524]],"s":0.485343,"t":[-42.2274,-990.061,579.161],"timestamp":486193441095},{"currentFrameRate":115.193,"devices":[],"gestures":[],"hands":[],"id":521302,"interactionBox":{"center":[0,200,0],"size":[235.247,235.247,147.751]},"pointables":[],"r":[[0.930067,0.21328,-0.299145],[-0.360511,0.686654,-0.631299],[0.0707657,0.694995,0.715524]],"s":0.485343,"t":[-42.2274,-990.061,579.161],"timestamp":486193449730},{"currentFrameRate":115.172,"devices":[],"gestures":[],"hands":[],"id":521303,"interactionBox":{"center":[0,200,0],"size":[235.247,235.247,147.751]},"pointables":[],"r":[[0.930067,0.21328,-0.299145],[-0.360511,0.686654,-0.631299],[0.0707657,0.694995,0.715524]],"s":0.485343,"t":[-42.2274,-990.061,579.161],"timestamp":486193458447},{"currentFrameRate":115.239,"devices":[],"gestures":[],"hands":[],"id":521304,"interactionBox":{"center":[0,200,0],"size":[235.247,235.247,147.751]},"pointables":[],"r":[[0.930067,0.21328,-0.299145],[-0.360511,0.686654,-0.631299],[0.0707657,0.694995,0.715524]],"s":0.485343,"t":[-42.2274,-990.061,579.161],"timestamp":486193467012},{"currentFrameRate":115.177,"devices":[],"gestures":[],"hands":[],"id":521305,"interactionBox":{"center":[0,200,0],"size":[235.247,235.247,147.751]},"pointables":[],"r":[[0.930067,0.21328,-0.299145],[-0.360511,0.686654,-0.631299],[0.0707657,0.694995,0.715524]],"s":0.485343,"t":[-42.2274,-990.061,579.161],"timestamp":486193475799},{"currentFrameRate":115.18,"devices":[],"gestures":[],"hands":[],"id":521306,"interactionBox":{"center":[0,200,0],"size":[235.247,235.247,147.751]},"pointables":[],"r":[[0.930067,0.21328,-0.299145],[-0.360511,0.686654,-0.631299],[0.0707657,0.694995,0.715524]],"s":0.485343,"t":[-42.2274,-990.061,579.161],"timestamp":486193484476},{"currentFrameRate":115.201,"devices":[],"gestures":[],"hands":[],"id":521307,"interactionBox":{"center":[0,200,0],"size":[235.247,235.247,147.751]},"pointables":[],"r":[[0.930067,0.21328,-0.299145],[-0.360511,0.686654,-0.631299],[0.0707657,0.694995,0.715524]],"s":0.485343,"t":[-42.2274,-990.061,579.161],"timestamp":486193493120},{"currentFrameRate":115.221,"devices":[],"gestures":[],"hands":[],"id":521308,"interactionBox":{"center":[0,200,0],"size":[235.247,235.247,147.751]},"pointables":[],"r":[[0.930067,0.21328,-0.299145],[-0.360511,0.686654,-0.631299],[0.0707657,0.694995,0.715524]],"s":0.485343,"t":[-42.2274,-990.061,579.161],"timestamp":486193501765},{"currentFrameRate":115.221,"devices":[],"gestures":[],"hands":[],"id":521309,"interactionBox":{"center":[0,200,0],"size":[235.247,235.247,147.751]},"pointables":[],"r":[[0.930067,0.21328,-0.299145],[-0.360511,0.686654,-0.631299],[0.0707657,0.694995,0.715524]],"s":0.485343,"t":[-42.2274,-990.061,579.161],"timestamp":486193510445},{"currentFrameRate":115.207,"devices":[],"gestures":[],"hands":[],"id":521310,"interactionBox":{"center":[0,200,0],"size":[235.247,235.247,147.751]},"pointables":[],"r":[[0.930067,0.21328,-0.299145],[-0.360511,0.686654,-0.631299],[0.0707657,0.694995,0.715524]],"s":0.485343,"t":[-42.2274,-990.061,579.161],"timestamp":486193519149},{"currentFrameRate":115.224,"devices":[],"gestures":[],"hands":[],"id":521311,"interactionBox":{"center":[0,200,0],"size":[235.247,235.247,147.751]},"pointables":[],"r":[[0.930067,0.21328,-0.299145],[-0.360511,0.686654,-0.631299],[0.0707657,0.694995,0.715524]],"s":0.485343,"t":[-42.2274,-990.061,579.161],"timestamp":486193527799},{"currentFrameRate":115.222,"devices":[],"gestures":[],"hands":[],"id":521312,"interactionBox":{"center":[0,200,0],"size":[235.247,235.247,147.751]},"pointables":[],"r":[[0.930067,0.21328,-0.299145],[-0.360511,0.686654,-0.631299],[0.0707657,0.694995,0.715524]],"s":0.485343,"t":[-42.2274,-990.061,579.161],"timestamp":486193536480},{"currentFrameRate":115.238,"devices":[],"gestures":[],"hands":[],"id":521313,"interactionBox":{"center":[0,200,0],"size":[235.247,235.247,147.751]},"pointables":[],"r":[[0.930067,0.21328,-0.299145],[-0.360511,0.686654,-0.631299],[0.0707657,0.694995,0.715524]],"s":0.485343,"t":[-42.2274,-990.061,579.161],"timestamp":486193545132},{"currentFrameRate":115.221,"devices":[],"gestures":[],"hands":[],"id":521314,"interactionBox":{"center":[0,200,0],"size":[235.247,235.247,147.751]},"pointables":[],"r":[[0.930067,0.21328,-0.299145],[-0.360511,0.686654,-0.631299],[0.0707657,0.694995,0.715524]],"s":0.485343,"t":[-42.2274,-990.061,579.161],"timestamp":486193553839},{"currentFrameRate":115.228,"devices":[],"gestures":[],"hands":[],"id":521315,"interactionBox":{"center":[0,200,0],"size":[235.247,235.247,147.751]},"pointables":[],"r":[[0.930067,0.21328,-0.299145],[-0.360511,0.686654,-0.631299],[0.0707657,0.694995,0.715524]],"s":0.485343,"t":[-42.2274,-990.061,579.161],"timestamp":486193562506},{"currentFrameRate":115.227,"devices":[],"gestures":[],"hands":[],"id":521316,"interactionBox":{"center":[0,200,0],"size":[235.247,235.247,147.751]},"pointables":[],"r":[[0.930067,0.21328,-0.299145],[-0.360511,0.686654,-0.631299],[0.0707657,0.694995,0.715524]],"s":0.485343,"t":[-42.2274,-990.061,579.161],"timestamp":486193571186},{"currentFrameRate":115.251,"devices":[],"gestures":[],"hands":[],"id":521317,"interactionBox":{"center":[0,200,0],"size":[235.247,235.247,147.751]},"pointables":[],"r":[[0.930067,0.21328,-0.299145],[-0.360511,0.686654,-0.631299],[0.0707657,0.694995,0.715524]],"s":0.485343,"t":[-42.2274,-990.061,579.161],"timestamp":486193579822},{"currentFrameRate":115.219,"devices":[],"gestures":[],"hands":[],"id":521318,"interactionBox":{"center":[0,200,0],"size":[235.247,235.247,147.751]},"pointables":[],"r":[[0.930067,0.21328,-0.299145],[-0.360511,0.686654,-0.631299],[0.0707657,0.694995,0.715524]],"s":0.485343,"t":[-42.2274,-990.061,579.161],"timestamp":486193588555},{"currentFrameRate":115.268,"devices":[],"gestures":[],"hands":[],"id":521319,"interactionBox":{"center":[0,200,0],"size":[235.247,235.247,147.751]},"pointables":[],"r":[[0.930067,0.21328,-0.299145],[-0.360511,0.686654,-0.631299],[0.0707657,0.694995,0.715524]],"s":0.485343,"t":[-42.2274,-990.061,579.161],"timestamp":486193597148},{"currentFrameRate":115.247,"devices":[],"gestures":[],"hands":[],"id":521320,"interactionBox":{"center":[0,200,0],"size":[235.247,235.247,147.751]},"pointables":[],"r":[[0.930067,0.21328,-0.299145],[-0.360511,0.686654,-0.631299],[0.0707657,0.694995,0.715524]],"s":0.485343,"t":[-42.2274,-990.061,579.161],"timestamp":486193605861},{"currentFrameRate":115.292,"devices":[],"gestures":[],"hands":[],"id":521321,"interactionBox":{"center":[0,200,0],"size":[235.247,235.247,147.751]},"pointables":[],"r":[[0.930067,0.21328,-0.299145],[-0.360511,0.686654,-0.631299],[0.0707657,0.694995,0.715524]],"s":0.485343,"t":[-42.2274,-990.061,579.161],"timestamp":486193614457},{"currentFrameRate":115.237,"devices":[],"gestures":[],"hands":[],"id":521322,"interactionBox":{"center":[0,200,0],"size":[235.247,235.247,147.751]},"pointables":[],"r":[[0.930067,0.21328,-0.299145],[-0.360511,0.686654,-0.631299],[0.0707657,0.694995,0.715524]],"s":0.485343,"t":[-42.2274,-990.061,579.161],"timestamp":486193623229},{"currentFrameRate":115.282,"devices":[],"gestures":[],"hands":[],"id":521323,"interactionBox":{"center":[0,200,0],"size":[235.247,235.247,147.751]},"pointables":[],"r":[[0.930067,0.21328,-0.299145],[-0.360511,0.686654,-0.631299],[0.0707657,0.694995,0.715524]],"s":0.485343,"t":[-42.2274,-990.061,579.161],"timestamp":486193631826},{"currentFrameRate":115.246,"devices":[],"gestures":[],"hands":[],"id":521324,"interactionBox":{"center":[0,200,0],"size":[235.247,235.247,147.751]},"pointables":[],"r":[[0.930067,0.21328,-0.299145],[-0.360511,0.686654,-0.631299],[0.0707657,0.694995,0.715524]],"s":0.485343,"t":[-42.2274,-990.061,579.161],"timestamp":486193640564},{"currentFrameRate":115.271,"devices":[],"gestures":[],"hands":[],"id":521325,"interactionBox":{"center":[0,200,0],"size":[235.247,235.247,147.751]},"pointables":[],"r":[[0.930067,0.21328,-0.299145],[-0.360511,0.686654,-0.631299],[0.0707657,0.694995,0.715524]],"s":0.485343,"t":[-42.2274,-990.061,579.161],"timestamp":486193649197},{"currentFrameRate":115.242,"devices":[],"gestures":[],"hands":[],"id":521326,"interactionBox":{"center":[0,200,0],"size":[235.247,235.247,147.751]},"pointables":[],"r":[[0.930067,0.21328,-0.299145],[-0.360511,0.686654,-0.631299],[0.0707657,0.694995,0.715524]],"s":0.485343,"t":[-42.2274,-990.061,579.161],"timestamp":486193657925},{"currentFrameRate":115.299,"devices":[],"gestures":[],"hands":[],"id":521327,"interactionBox":{"center":[0,200,0],"size":[235.247,235.247,147.751]},"pointables":[],"r":[[0.930067,0.21328,-0.299145],[-0.360511,0.686654,-0.631299],[0.0707657,0.694995,0.715524]],"s":0.485343,"t":[-42.2274,-990.061,579.161],"timestamp":486193666501},{"currentFrameRate":115.251,"devices":[],"gestures":[],"hands":[],"id":521328,"interactionBox":{"center":[0,200,0],"size":[235.247,235.247,147.751]},"pointables":[],"r":[[0.930067,0.21328,-0.299145],[-0.360511,0.686654,-0.631299],[0.0707657,0.694995,0.715524]],"s":0.485343,"t":[-42.2274,-990.061,579.161],"timestamp":486193675259},{"currentFrameRate":115.301,"devices":[],"gestures":[],"hands":[],"id":521329,"interactionBox":{"center":[0,200,0],"size":[235.247,235.247,147.751]},"pointables":[],"r":[[0.930067,0.21328,-0.299145],[-0.360511,0.686654,-0.631299],[0.0707657,0.694995,0.715524]],"s":0.485343,"t":[-42.2274,-990.061,579.161],"timestamp":486193683847},{"currentFrameRate":115.279,"devices":[],"gestures":[],"hands":[],"id":521330,"interactionBox":{"center":[0,200,0],"size":[235.247,235.247,147.751]},"pointables":[],"r":[[0.930067,0.21328,-0.299145],[-0.360511,0.686654,-0.631299],[0.0707657,0.694995,0.715524]],"s":0.485343,"t":[-42.2274,-990.061,579.161],"timestamp":486193692558},{"currentFrameRate":115.287,"devices":[],"gestures":[],"hands":[],"id":521331,"interactionBox":{"center":[0,200,0],"size":[235.247,235.247,147.751]},"pointables":[],"r":[[0.930067,0.21328,-0.299145],[-0.360511,0.686654,-0.631299],[0.0707657,0.694995,0.715524]],"s":0.485343,"t":[-42.2274,-990.061,579.161],"timestamp":486193701219},{"currentFrameRate":115.272,"devices":[],"gestures":[],"hands":[],"id":521332,"interactionBox":{"center":[0,200,0],"size":[235.247,235.247,147.751]},"pointables":[],"r":[[0.930067,0.21328,-0.299145],[-0.360511,0.686654,-0.631299],[0.0707657,0.694995,0.715524]],"s":0.485343,"t":[-42.2274,-990.061,579.161],"timestamp":486193709919},{"currentFrameRate":105.863,"devices":[],"gestures":[],"hands":[],"id":521333,"interactionBox":{"center":[0,200,0],"size":[235.247,235.247,147.751]},"pointables":[],"r":[[0.930067,0.21328,-0.299145],[-0.360511,0.686654,-0.631299],[0.0707657,0.694995,0.715524]],"s":0.485343,"t":[-42.2274,-990.061,579.161],"timestamp":486193736014},{"currentFrameRate":106.286,"devices":[],"gestures":[],"hands":[],"id":521334,"interactionBox":{"center":[0,200,0],"size":[235.247,235.247,147.751]},"pointables":[],"r":[[0.930067,0.21328,-0.299145],[-0.360511,0.686654,-0.631299],[0.0707657,0.694995,0.715524]],"s":0.485343,"t":[-42.2274,-990.061,579.161],"timestamp":486193744643},{"currentFrameRate":106.613,"devices":[],"gestures":[],"hands":[],"id":521335,"interactionBox":{"center":[0,200,0],"size":[235.247,235.247,147.751]},"pointables":[],"r":[[0.930067,0.21328,-0.299145],[-0.360511,0.686654,-0.631299],[0.0707657,0.694995,0.715524]],"s":0.485343,"t":[-42.2274,-990.061,579.161],"timestamp":486193753422},{"currentFrameRate":106.993,"devices":[],"gestures":[],"hands":[],"id":521336,"interactionBox":{"center":[0,200,0],"size":[235.247,235.247,147.751]},"pointables":[],"r":[[0.930067,0.21328,-0.299145],[-0.360511,0.686654,-0.631299],[0.0707657,0.694995,0.715524]],"s":0.485343,"t":[-42.2274,-990.061,579.161],"timestamp":486193762073},{"currentFrameRate":107.33,"devices":[],"gestures":[],"hands":[],"id":521337,"interactionBox":{"center":[0,200,0],"size":[235.247,235.247,147.751]},"pointables":[],"r":[[0.930067,0.21328,-0.299145],[-0.360511,0.686654,-0.631299],[0.0707657,0.694995,0.715524]],"s":0.485343,"t":[-42.2274,-990.061,579.161],"timestamp":486193770776},{"currentFrameRate":107.708,"devices":[],"gestures":[],"hands":[],"id":521338,"interactionBox":{"center":[0,200,0],"size":[235.247,235.247,147.751]},"pointables":[],"r":[[0.930067,0.21328,-0.299145],[-0.360511,0.686654,-0.631299],[0.0707657,0.694995,0.715524]],"s":0.485343,"t":[-42.2274,-990.061,579.161],"timestamp":486193779374},{"currentFrameRate":108.01,"devices":[],"gestures":[],"hands":[{"armBasis":[[0.850559,-0.392659,-0.349813],[0.470747,0.865011,0.173647],[0.234407,-0.31237,0.920586]],"armWidth":60.17,"confidence":0,"direction":[0.131626,0.416349,-0.899627],"elbow":[132.029,59.1731,382.628],"grabAngle":3.14159,"grabStrength":1,"id":157,"palmNormal":[-0.452021,-0.782474,-0.428266],"palmPosition":[69.7147,167.756,82.0013],"palmVelocity":[1.19209e-7,1.19209e-7,1.19209e-7],"palmWidth":85.9207,"pinchDistance":46.3846,"pinchStrength":0,"r":[[1,-8.32667e-18,-1.38778e-17],[8.32667e-18,1,-3.33067e-17],[1.38778e-17,3.33067e-17,1]],"s":1,"sphereCenter":[34.4028,159.059,55.1588],"sphereRadius":43.4142,"stabilizedPalmPosition":[69.7147,167.756,82.0013],"t":[0,0,0],"timeVisible":0,"type":"right","wrist":[72.265,138.814,147.918]}],"id":521339,"interactionBox":{"center":[0,200,0],"size":[235.247,235.247,147.751]},"pointables":[{"bases":[[[0.784996,0.594791,0.173221],[-0.559243,0.560083,0.611191],[0.266512,-0.576655,0.772295]],[[0.674998,0.735652,-0.0565113],[-0.485181,0.500269,0.717169],[0.555858,-0.456669,0.694605]],[[0.674998,0.735652,-0.0565113],[-0.428309,0.453055,0.781852],[0.600774,-0.503544,0.620898]],[[0.674998,0.735652,-0.0565113],[-0.319356,0.360352,0.876446],[0.665124,-0.573552,0.478172]]],"btipPosition":[-17.8305,199.937,66.5423],"carpPosition":[42.4123,149.524,129.841],"dipPosition":[-3.13141,187.262,77.1097],"direction":[-0.600774,0.503544,-0.620898],"extended":true,"handId":157,"id":1570,"length":49.2128,"mcpPosition":[42.4123,149.524,129.841],"pipPosition":[16.2111,171.05,97.1002],"stabilizedTipPosition":[-14.4497,197.022,68.9728],"timeVisible":0,"tipPosition":[-14.4497,197.022,68.9728],"tipVelocity":[1.19209e-7,1.19209e-7,1.19209e-7],"tool":false,"touchDistance":1,"touchZone":"none","type":0,"width":19.1218},{"bases":[[[0.891818,-0.386542,-0.235044],[0.444294,0.846234,0.294094],[0.0852222,-0.366707,0.926425]],[[0.891703,-0.38605,-0.236284],[0.160328,0.757593,-0.632731],[0.423273,0.526325,0.737442]],[[0.891703,-0.38605,-0.236284],[-0.423145,-0.525722,-0.737946],[0.160665,0.758012,-0.632143]],[[0.891703,-0.38605,-0.236284],[-0.40926,-0.91066,-0.0566171],[-0.193317,0.147187,-0.970033]]],"btipPosition":[35.1674,149.1,63.8114],"carpPosition":[58.8076,164.652,128.01],"dipPosition":[32.0484,151.474,48.1611],"direction":[-0.160665,-0.758012,0.632143],"extended":false,"handId":157,"id":1571,"length":55.5312,"mcpPosition":[52.8871,190.127,63.6504],"pipPosition":[35.7154,168.775,33.7332],"stabilizedTipPosition":[34.45,149.646,60.2118],"timeVisible":0,"tipPosition":[34.45,149.646,60.2118],"tipVelocity":[1.19209e-7,1.19209e-7,1.19209e-7],"tool":false,"touchDistance":0.333333,"touchZone":"none","type":1,"width":18.2652},{"bases":[[[0.806237,-0.571092,-0.154388],[0.590434,0.760445,0.270391],[-0.0370146,-0.309155,0.950291]],[[0.807006,-0.551526,-0.211094],[0.0810455,0.457509,-0.885504],[0.584956,0.697498,0.413911]],[[0.807006,-0.551526,-0.211094],[-0.573454,-0.646505,-0.503172],[0.14104,0.527115,-0.838008]],[[0.807006,-0.551526,-0.211094],[-0.542326,-0.833618,0.104704],[-0.233718,0.0299849,-0.971842]]],"btipPosition":[45.9066,135.705,83.5662],"carpPosition":[69.7322,161.77,125.264],"dipPosition":[41.7593,136.237,66.3208],"direction":[-0.14104,-0.527115,0.838008],"extended":false,"handId":157,"id":1572,"length":63.2733,"mcpPosition":[72.1708,182.138,62.6577],"pipPosition":[45.5465,150.391,43.8185],"stabilizedTipPosition":[44.9527,135.827,79.5997],"timeVisible":0,"tipPosition":[44.9527,135.827,79.5997],"tipVelocity":[1.19209e-7,1.19209e-7,1.19209e-7],"tool":false,"touchDistance":0.333333,"touchZone":"none","type":2,"width":17.9388},{"bases":[[[0.745184,-0.666052,-0.0328032],[0.645046,0.707457,0.288825],[-0.169166,-0.236387,0.95682]],[[0.753987,-0.650679,-0.0901189],[0.238058,0.398526,-0.885723],[0.612236,0.64637,0.455383]],[[0.753987,-0.650679,-0.0901189],[-0.577028,-0.590497,-0.564226],[0.313915,0.47742,-0.820687]],[[0.753987,-0.650679,-0.0901189],[-0.650571,-0.758656,0.0346175],[-0.0908941,0.0325276,-0.995329]]],"btipPosition":[57.1376,129.713,86.1952],"carpPosition":[79.5698,156.064,122.975],"dipPosition":[55.534,130.287,68.6346],"direction":[-0.313915,-0.47742,0.820687],"extended":false,"handId":157,"id":1573,"length":60.839,"mcpPosition":[89.576,170.046,66.3793],"pipPosition":[63.7456,142.775,47.1665],"stabilizedTipPosition":[56.7688,129.845,82.1563],"timeVisible":0,"tipPosition":[56.7688,129.845,82.1563],"tipVelocity":[1.19209e-7,1.19209e-7,1.19209e-7],"tool":false,"touchDistance":0.333333,"touchZone":"none","type":3,"width":17.0699},{"bases":[[[0.603704,-0.79661,0.0308904],[0.7356,0.571567,0.363598],[-0.307301,-0.196782,0.931044]],[[0.641044,-0.760846,-0.100875],[0.395052,0.439783,-0.806552],[0.658024,0.477185,0.582494]],[[0.641044,-0.760846,-0.100875],[-0.533158,-0.346904,-0.771622],[0.552091,0.548426,-0.628032]],[[0.641044,-0.760846,-0.100875],[-0.762481,-0.616312,-0.196932],[0.0876643,0.203158,-0.975214]]],"btipPosition":[69.2207,125.832,78.0282],"carpPosition":[85.9889,144.426,120.984],"dipPosition":[70.6475,129.138,62.1551],"direction":[-0.552091,-0.548426,0.628032],"extended":false,"handId":157,"id":1574,"length":47.6966,"mcpPosition":[102.815,155.2,70.005],"pipPosition":[80.8442,139.267,50.5559],"stabilizedTipPosition":[69.5488,126.592,74.3774],"timeVisible":0,"tipPosition":[69.5488,126.592,74.3774],"tipVelocity":[1.19209e-7,1.19209e-7,1.19209e-7],"tool":false,"touchDistance":0.333333,"touchZone":"none","type":4,"width":15.1628}],"r":[[1,-8.32667e-18,-1.38778e-17],[8.32667e-18,1,-3.33067e-17],[1.38778e-17,3.33067e-17,1]],"s":1,"t":[0,0,0],"timestamp":486193788086},{"currentFrameRate":108.339,"devices":[],"gestures":[],"hands":[{"armBasis":[[0.872355,-0.307319,-0.380199],[0.397978,0.898089,0.187214],[0.283918,-0.314628,0.905759]],"armWidth":59.8588,"confidence":0.0454633,"direction":[0.340983,0.481706,-0.807273],"elbow":[135.874,59.4406,375.437],"grabAngle":2.89262,"grabStrength":1,"id":157,"palmNormal":[-0.281381,-0.767069,-0.576568],"palmPosition":[73.8861,172.735,81.5968],"palmVelocity":[483.024,576.611,-46.8375],"palmWidth":85.9207,"pinchDistance":89.1576,"pinchStrength":0,"r":[[0.998545,0.00729981,0.0534211],[-0.00792441,0.999903,0.0114897],[-0.0533321,-0.0118963,0.998506]],"s":1.10839,"sphereCenter":[49.2183,167.9,43.8995],"sphereRadius":48.394,"stabilizedPalmPosition":[70.415,168.592,81.9334],"t":[2.0857,2.48981,-0.202244],"timeVisible":0.008636,"type":"right","wrist":[63.4873,139.657,144.507]}],"id":521340,"interactionBox":{"center":[0,200,0],"size":[235.247,235.247,147.751]},"pointables":[{"bases":[[[0.67915,0.609567,0.40888],[-0.729112,0.496084,0.471483],[0.0845618,-0.618327,0.781358]],[[0.595802,0.799078,0.0805905],[-0.642248,0.413796,0.645206],[0.482221,-0.436174,0.759747]],[[0.595802,0.799078,0.0805905],[-0.585115,0.363139,0.725101],[0.550146,-0.479171,0.683911]],[[0.595802,0.799078,0.0805905],[-0.396806,0.205642,0.89457],[0.698258,-0.564965,0.439601]]],"btipPosition":[-18.4571,197.547,53.1807],"carpPosition":[35.9855,150.279,119.356],"dipPosition":[-3.69229,185.6,62.4762],"direction":[-0.550146,0.479171,-0.683911],"extended":true,"handId":157,"id":1570,"length":47.0874,"mcpPosition":[35.9855,150.279,119.356],"pipPosition":[13.2552,170.839,83.5444],"stabilizedTipPosition":[-14.4583,196.991,68.7808],"timeVisible":0.008636,"tipPosition":[-9.71283,197.523,51.4973],"tipVelocity":[-70.8146,-257.389,-1581.07],"tool":false,"touchDistance":1,"touchZone":"none","type":0,"width":18.9795},{"bases":[[[0.941488,-0.336856,-0.0113168],[0.305791,0.839579,0.448999],[-0.141747,-0.426188,0.893461]],[[0.861004,-0.44515,0.245995],[0.341739,0.864574,0.36841],[-0.376679,-0.233137,0.896527]],[[0.861004,-0.44515,0.245995],[0.487815,0.585945,-0.647074],[0.143906,0.677134,0.721652]],[[0.861004,-0.44515,0.245995],[0.487815,0.585945,-0.647074],[0.143906,0.677134,0.721652]]],"btipPosition":[70.5622,179.5,-0.964469],"carpPosition":[51.4576,166.083,122.805],"dipPosition":[72.7837,189.952,10.1756],"direction":[-0.143906,-0.677134,-0.721652],"extended":false,"handId":157,"id":1571,"length":53.1328,"mcpPosition":[61.3049,195.69,60.7353],"pipPosition":[75.9263,204.74,25.9351],"stabilizedTipPosition":[44.35,158.366,44.3672],"timeVisible":0.008636,"tipPosition":[65.622,175.889,12.4304],"tipVelocity":[4240.75,3735.3,-6787.18],"tool":false,"touchDistance":-0.607544,"touchZone":"touching","type":1,"width":18.1292},{"bases":[[[0.847665,-0.529498,0.0331206],[0.457372,0.760981,0.460128],[-0.268841,-0.374886,0.887234]],[[0.857716,-0.514119,-0.00230387],[0.35512,0.595683,-0.720453],[0.371771,0.617125,0.6935]],[[0.857716,-0.514119,-0.00230387],[-0.30179,-0.499844,-0.811837],[0.416229,0.69702,-0.58388]],[[0.857716,-0.514119,-0.00230387],[-0.507111,-0.845269,-0.168402],[0.0846311,0.145609,-0.985716]]],"btipPosition":[52.2475,141.237,65.9834],"carpPosition":[62.8572,163.795,122.899],"dipPosition":[53.6844,143.709,49.2473],"direction":[-0.416229,-0.69702,0.58388],"extended":false,"handId":157,"id":1572,"length":60.5406,"mcpPosition":[80.5687,188.493,64.4474],"pipPosition":[64.3784,161.617,34.246],"stabilizedTipPosition":[46.8458,137.311,75.2637],"timeVisible":0.008636,"tipPosition":[52.4385,140.765,67.7099],"tipVelocity":[882.963,692.255,-2022.42],"tool":false,"touchDistance":0.333333,"touchZone":"none","type":2,"width":17.8053},{"bases":[[[0.761957,-0.634743,0.128542],[0.507962,0.708868,0.489367],[-0.401742,-0.307582,0.862552]],[[0.784676,-0.615157,0.0765888],[0.447694,0.476891,-0.756402],[0.428782,0.627819,0.649607]],[[0.784676,-0.615157,0.0765888],[-0.331998,-0.521358,-0.786106],[0.523509,0.591411,-0.613328]],[[0.784676,-0.615157,0.0765888],[-0.593033,-0.780891,-0.196271],[0.180545,0.108589,-0.977554]]],"btipPosition":[63.5428,134.834,77.595],"carpPosition":[73.2395,158.62,122.986],"dipPosition":[66.5906,136.667,61.0929],"direction":[-0.523509,-0.591411,0.613328],"extended":false,"handId":157,"id":1573,"length":58.2114,"mcpPosition":[97.0026,176.813,71.9654],"pipPosition":[79.6935,151.469,45.742],"stabilizedTipPosition":[58.8199,131.33,79.8632],"timeVisible":0.008636,"tipPosition":[63.5152,134.576,75.8106],"tipVelocity":[865.566,626.513,-967.664],"tool":false,"touchDistance":0.333333,"touchZone":"none","type":3,"width":16.9429},{"bases":[[[0.615864,-0.774418,0.144873],[0.582788,0.571535,0.577672],[-0.53016,-0.271337,0.80331]],[[0.670335,-0.739956,0.0558236],[0.559117,0.454183,-0.693617],[0.487892,0.496168,0.718177]],[[0.670335,-0.739956,0.0558236],[-0.356374,-0.387001,-0.850428],[0.650883,0.550177,-0.523121]],[[0.670335,-0.739956,0.0558236],[-0.694952,-0.652379,-0.302396],[0.260178,0.163912,-0.951546]]],"btipPosition":[78.4537,134.117,79.2482],"carpPosition":[80.5657,147.387,122.114],"dipPosition":[82.5056,136.67,64.4293],"direction":[-0.650883,-0.550177,0.523121],"extended":false,"handId":157,"id":1574,"length":45.6367,"mcpPosition":[109.594,162.244,78.1287],"pipPosition":[94.0076,146.392,55.185],"stabilizedTipPosition":[73.0178,129.453,74.8931],"timeVisible":0.008636,"tipPosition":[78.273,132.817,72.8396],"tipVelocity":[1139.04,939.327,169.345],"tool":false,"touchDistance":0.333333,"touchZone":"none","type":4,"width":15.05}],"r":[[0.998545,0.00729981,0.0534211],[-0.00792441,0.999903,0.0114897],[-0.0533321,-0.0118963,0.998506]],"s":1.10839,"t":[2.0857,2.48981,-0.202244],"timestamp":486193796722},{"currentFrameRate":108.618,"devices":[],"gestures":[],"hands":[{"armBasis":[[0.850769,-0.311903,-0.422975],[0.424826,0.88196,0.204133],[0.309377,-0.353361,0.882849]],"armWidth":59.8588,"confidence":0.0910943,"direction":[0.367159,0.48011,-0.796673],"elbow":[142.078,51.5416,367.345],"grabAngle":3.06659,"grabStrength":0.104165,"id":157,"palmNormal":[-0.299007,-0.750113,-0.589852],"palmPosition":[74.9911,175.391,80.0155],"palmVelocity":[126.945,305.131,-181.676],"palmWidth":85.9207,"pinchDistance":91.6595,"pinchStrength":0,"r":[[0.995105,0.00588375,0.0986497],[-0.00817865,0.999705,0.0228749],[-0.098486,-0.0235698,0.994859]],"s":1.18836,"sphereCenter":[52.5142,171.978,40.9915],"sphereRadius":49.0908,"stabilizedPalmPosition":[71.3241,169.943,81.5524],"t":[3.68101,5.06264,-1.09402],"timeVisible":0.01734,"type":"right","wrist":[63.2005,141.634,142.256]}],"id":521341,"interactionBox":{"center":[0,200,0],"size":[235.247,235.247,147.751]},"pointables":[{"bases":[[[0.693511,0.581604,0.425181],[-0.718423,0.514095,0.468588],[0.0539487,-0.630431,0.774369]],[[0.616231,0.782868,0.0858862],[-0.634238,0.428648,0.643431],[0.466907,-0.450974,0.760671]],[[0.616231,0.782868,0.0858862],[-0.587043,0.383895,0.712744],[0.525014,-0.489634,0.696146]],[[0.616231,0.782868,0.0858862],[-0.406475,0.222744,0.886094],[0.674565,-0.580949,0.455479]]],"btipPosition":[-16.5632,202.363,50.072],"carpPosition":[35.8824,153.738,117.004],"dipPosition":[-2.29935,190.078,59.7032],"direction":[-0.525014,0.489634,-0.696146],"extended":true,"handId":157,"id":1570,"length":47.0874,"mcpPosition":[35.8824,153.738,117.004],"pipPosition":[13.874,174.995,81.1483],"stabilizedTipPosition":[-14.361,197.201,67.416],"timeVisible":0.01734,"tipPosition":[-7.85129,202.987,49.45],"tipVelocity":[204.358,544.382,-348.288],"tool":false,"touchDistance":1,"touchZone":"none","type":0,"width":18.9795},{"bases":[[[0.929932,-0.367713,-0.00378013],[0.327452,0.82335,0.463541],[-0.167338,-0.4323,0.886067]],[[0.830618,-0.484685,0.274144],[0.335006,0.828215,0.449256],[-0.444798,-0.28132,0.850302]],[[0.830618,-0.484685,0.274144],[0.498273,0.866724,0.0226646],[-0.248592,0.117773,0.961422]],[[0.830618,-0.484685,0.274144],[0.248989,-0.117083,-0.961403],[0.498075,0.866817,0.0234302]]],"btipPosition":[78.4519,193.974,4.93007],"carpPosition":[51.8212,168.975,120.849],"dipPosition":[86.1406,207.355,5.29176],"direction":[0.248592,-0.117773,-0.961422],"extended":true,"handId":157,"id":1571,"length":53.1328,"mcpPosition":[63.4463,199.007,59.2933],"pipPosition":[80.7118,209.927,26.2873],"stabilizedTipPosition":[55.7254,170.634,31.8871],"timeVisible":0.01734,"tipPosition":[73.6229,187.869,8.0695],"tipVelocity":[1050.91,1740.37,392.407],"tool":false,"touchDistance":-0.52389,"touchZone":"touching","type":1,"width":18.1292},{"bases":[[[0.829235,-0.557675,0.0369988],[0.476201,0.739639,0.47557],[-0.292579,-0.37674,0.8789]],[[0.810198,-0.579262,0.0896346],[0.480959,0.569566,-0.666538],[0.335047,0.583139,0.740063]],[[0.810198,-0.579262,0.0896346],[-0.219754,-0.441943,-0.86971],[0.543403,0.68494,-0.485356]],[[0.810198,-0.579262,0.0896346],[-0.535851,-0.793934,-0.287284],[0.237577,0.184727,-0.953642]]],"btipPosition":[49.8262,145,59.5874],"carpPosition":[63.1369,166.31,121.058],"dipPosition":[53.8599,148.137,43.3958],"direction":[-0.543403,-0.68494,0.485356],"extended":false,"handId":157,"id":1572,"length":60.5406,"mcpPosition":[82.4123,191.13,63.155],"pipPosition":[67.8212,165.734,30.9259],"stabilizedTipPosition":[47.6833,139.114,71.1063],"timeVisible":0.01734,"tipPosition":[52.2382,144.646,63.2406],"tipVelocity":[-209.569,449.928,-720.445],"tool":false,"touchDistance":0.333333,"touchZone":"none","type":2,"width":17.8053},{"bases":[[[0.738868,-0.661196,0.129976],[0.52466,0.685519,0.504773],[-0.422855,-0.304767,0.853411]],[[0.74855,-0.653892,0.109993],[0.506475,0.456773,-0.731328],[0.427968,0.603145,0.673098]],[[0.74855,-0.653892,0.109993],[-0.297144,-0.479093,-0.825939],[0.592772,0.585573,-0.552925]],[[0.74855,-0.653892,0.109993],[-0.61431,-0.746327,-0.256162],[0.249593,0.12418,-0.960355]]],"btipPosition":[62.0267,137.719,73.6082],"carpPosition":[73.3409,160.793,121.208],"dipPosition":[66.2401,139.816,57.3964],"direction":[-0.592772,-0.585573,0.552925],"extended":false,"handId":157,"id":1573,"length":58.2114,"mcpPosition":[98.3528,178.82,70.729],"pipPosition":[81.0765,154.472,43.5573],"stabilizedTipPosition":[59.8936,133.096,77.2961],"timeVisible":0.01734,"tipPosition":[63.3881,137.737,73.1503],"tipVelocity":[-143.388,338.465,-450.373],"tool":false,"touchDistance":0.333333,"touchZone":"none","type":3,"width":16.9429},{"bases":[[[0.588047,-0.796144,0.142674],[0.59376,0.544697,0.592245],[-0.549226,-0.263554,0.793026]],[[0.609193,-0.785162,0.111375],[0.620392,0.384376,-0.683644],[0.493962,0.485567,0.721267]],[[0.609193,-0.785162,0.111375],[-0.330088,-0.378756,-0.86463],[0.721059,0.489963,-0.489908]],[[0.609193,-0.785162,0.111375],[-0.727399,-0.609184,-0.31589],[0.315873,0.111424,-0.942236]]],"btipPosition":[76.9338,137.859,77.1519],"carpPosition":[80.3032,149.335,120.285],"dipPosition":[81.853,139.594,62.478],"direction":[-0.721059,-0.489963,0.489908],"extended":false,"handId":157,"id":1574,"length":45.6367,"mcpPosition":[110.376,163.765,76.863],"pipPosition":[94.5952,148.253,53.8206],"stabilizedTipPosition":[74.8664,132.678,74.4843],"timeVisible":0.01734,"tipPosition":[78.1622,135.727,71.0857],"tipVelocity":[-151.699,408.311,-237.013],"tool":false,"touchDistance":0.333333,"touchZone":"none","type":4,"width":15.05}],"r":[[0.995105,0.00588375,0.0986497],[-0.00817865,0.999705,0.0228749],[-0.098486,-0.0235698,0.994859]],"s":1.18836,"t":[3.68101,5.06264,-1.09402],"timestamp":486193805426},{"currentFrameRate":108.921,"devices":[],"gestures":[],"hands":[{"armBasis":[[0.84187,-0.280967,-0.460773],[0.430057,0.865078,0.258248],[0.326045,-0.415569,0.849115]],"armWidth":59.8588,"confidence":0.135994,"direction":[0.366403,0.483314,-0.795083],"elbow":[146.918,36.8512,355.528],"grabAngle":2.59431,"grabStrength":0,"id":157,"palmNormal":[-0.316893,-0.738603,-0.595017],"palmPosition":[75.3228,177.6,77.3324],"palmVelocity":[38.4109,255.793,-310.692],"palmWidth":85.9207,"pinchDistance":90.5774,"pinchStrength":0,"r":[[0.991169,0.00100311,0.132601],[-0.00558951,0.999399,0.0342203],[-0.132487,-0.0346593,0.990579]],"s":1.27068,"sphereCenter":[55.4948,171.566,37.3057],"sphereRadius":49.7231,"stabilizedPalmPosition":[72.0499,171.332,80.7865],"t":[4.64453,7.45358,-2.88148],"timeVisible":0.025976,"type":"right","wrist":[63.7899,142.804,139.04]}],"id":521342,"interactionBox":{"center":[0,200,0],"size":[235.247,235.247,147.751]},"pointables":[{"bases":[[[0.706964,0.565821,0.424321],[-0.705333,0.519924,0.481855],[0.0520287,-0.639942,0.76666]],[[0.628057,0.773546,0.0846828],[-0.627996,0.439581,0.642176],[0.459527,-0.456503,0.761866]],[[0.628057,0.773546,0.0846828],[-0.601078,0.413134,0.684124],[0.494215,-0.48057,0.724433]],[[0.628057,0.773546,0.0846828],[-0.41129,0.237599,0.879993],[0.660594,-0.587515,0.467377]]],"btipPosition":[-14.5904,204.888,46.3754],"carpPosition":[36.2631,156.143,114.486],"dipPosition":[-0.621948,192.465,56.2582],"direction":[-0.494215,0.48057,-0.724433],"extended":true,"handId":157,"id":1570,"length":47.0874,"mcpPosition":[36.2631,156.143,114.486],"pipPosition":[14.6026,177.661,78.5747],"stabilizedTipPosition":[-14.0788,197.658,65.6406],"timeVisible":0.025976,"tipPosition":[-8.03726,206.051,48.0659],"tipVelocity":[220.572,288.75,-421.346],"tool":false,"touchDistance":1,"touchZone":"none","type":0,"width":18.9795},{"bases":[[[0.923931,-0.382151,-0.0176955],[0.345179,0.812814,0.469239],[-0.164937,-0.439653,0.882894]],[[0.811619,-0.509582,0.285659],[0.358896,0.820766,0.444451],[-0.460943,-0.258203,0.849036]],[[0.811619,-0.509582,0.285659],[0.446305,0.856386,0.259643],[-0.376944,-0.0832405,0.922488]],[[0.811619,-0.509582,0.285659],[0.446305,0.856386,0.259643],[-0.376944,-0.0832405,0.922488]]],"btipPosition":[95.8804,214.753,-10.3442],"carpPosition":[52.4792,171.085,118.334],"dipPosition":[90.0615,213.468,3.8962],"direction":[0.376944,0.0832405,-0.922488],"extended":true,"handId":157,"id":1571,"length":53.1328,"mcpPosition":[63.9375,201.628,56.9983],"pipPosition":[81.8298,211.65,24.0415],"stabilizedTipPosition":[68.541,185.103,19.0255],"timeVisible":0.025976,"tipPosition":[85.6931,204.6,-1.78638],"tipVelocity":[1658.38,2015.46,-1399.04],"tool":false,"touchDistance":-0.681067,"touchZone":"touching","type":1,"width":18.1292},{"bases":[[[0.82068,-0.570964,0.0220165],[0.492706,0.726655,0.478762],[-0.289354,-0.382063,0.877669]],[[0.801852,-0.592847,0.0746054],[0.488909,0.579182,-0.652316],[0.343513,0.559536,0.754266]],[[0.801852,-0.592847,0.0746054],[-0.195616,-0.378432,-0.904723],[0.564595,0.71086,-0.419417]],[[0.801852,-0.592847,0.0746054],[-0.52616,-0.759733,-0.382048],[0.283176,0.267091,-0.921126]]],"btipPosition":[48.5425,146.245,54.1392],"carpPosition":[63.753,168.24,118.393],"dipPosition":[53.3504,150.78,38.4997],"direction":[-0.564595,-0.71086,0.419417],"extended":false,"handId":157,"id":1572,"length":60.5406,"mcpPosition":[82.816,193.411,60.5716],"pipPosition":[67.8562,169.043,27.7239],"stabilizedTipPosition":[48.0057,140.455,67.732],"timeVisible":0.025976,"tipPosition":[51.5457,147.388,58.8388],"tipVelocity":[-128.024,181.377,-616.168],"tool":false,"touchDistance":0.333333,"touchZone":"none","type":2,"width":17.8053},{"bases":[[[0.729661,-0.674108,0.114778],[0.540605,0.671456,0.506846],[-0.418737,-0.307776,0.854361]],[[0.703239,-0.69135,0.165803],[0.559769,0.39465,-0.728636],[0.438309,0.605216,0.664529]],[[0.703239,-0.69135,0.165803],[-0.263334,-0.469919,-0.842515],[0.660387,0.548827,-0.512521]],[[0.703239,-0.69135,0.165803],[-0.644493,-0.718374,-0.261854],[0.300141,0.0772871,-0.950759]]],"btipPosition":[59.349,141.295,69.8908],"carpPosition":[73.8698,162.563,118.375],"dipPosition":[64.4157,142.6,53.841],"direction":[-0.660387,-0.548827,0.512521],"extended":false,"handId":157,"id":1573,"length":58.2114,"mcpPosition":[98.6381,180.768,67.839],"pipPosition":[80.9444,156.336,41.0132],"stabilizedTipPosition":[60.0474,135.202,74.5472],"timeVisible":0.025976,"tipPosition":[62.7094,140.402,69.6265],"tipVelocity":[-287.34,392.984,-426.138],"tool":false,"touchDistance":0.333333,"touchZone":"none","type":3,"width":16.9429},{"bases":[[[0.576871,-0.806814,0.127556],[0.608381,0.528587,0.592004],[-0.545062,-0.263908,0.795777]],[[0.535755,-0.823853,0.185023],[0.670418,0.281827,-0.686377],[0.513329,0.491773,0.703316]],[[0.535755,-0.823853,0.185023],[-0.311235,-0.396375,-0.863724],[0.78492,0.405159,-0.468771]],[[0.535755,-0.823853,0.185023],[-0.767599,-0.566499,-0.299784],[0.351793,0.0185872,-0.935893]]],"btipPosition":[74.7366,142.299,74.0673],"carpPosition":[80.6407,151.008,117.25],"dipPosition":[80.2153,142.588,59.4921],"direction":[-0.78492,-0.405159,0.468771],"extended":false,"handId":157,"id":1574,"length":45.6367,"mcpPosition":[110.485,165.459,73.6772],"pipPosition":[94.086,149.748,51.2082],"stabilizedTipPosition":[75.2752,136.182,73.121],"timeVisible":0.025976,"tipPosition":[77.5189,138.625,68.3289],"tipVelocity":[-239.521,475.563,-354.554],"tool":false,"touchDistance":0.333333,"touchZone":"none","type":4,"width":15.05}],"r":[[0.991169,0.00100311,0.132601],[-0.00558951,0.999399,0.0342203],[-0.132487,-0.0346593,0.990579]],"s":1.27068,"t":[4.64453,7.45358,-2.88148],"timestamp":486193814062},{"currentFrameRate":109.249,"devices":[],"gestures":[],"hands":[{"armBasis":[[0.858397,-0.202295,-0.471415],[0.394398,0.847889,0.354308],[0.328033,-0.490061,0.80761]],"armWidth":59.8588,"confidence":0.179986,"direction":[0.362942,0.480348,-0.79846],"elbow":[148.177,20.0169,341.837],"grabAngle":2.60252,"grabStrength":0,"id":157,"palmNormal":[-0.308548,-0.746597,-0.589399],"palmPosition":[75.8413,180.269,74.4735],"palmVelocity":[60.5349,311.55,-333.745],"palmWidth":85.9207,"pinchDistance":87.5807,"pinchStrength":0,"r":[[0.987128,-0.00102556,0.159927],[-0.00571962,0.999113,0.0417106],[-0.159828,-0.0420884,0.986247]],"s":1.32495,"sphereCenter":[59.6578,170.391,34.436],"sphereRadius":48.7596,"stabilizedPalmPosition":[72.7312,172.939,79.6519],"t":[5.38556,9.98341,-5.20463],"timeVisible":0.034542,"type":"right","wrist":[64.5425,144.962,135.931]}],"id":521343,"interactionBox":{"center":[0,200,0],"size":[235.247,235.247,147.751]},"pointables":[{"bases":[[[0.700601,0.576292,0.420767],[-0.711267,0.516858,0.4764],[0.057069,-0.633045,0.772009]],[[0.626807,0.773106,0.0970642],[-0.635804,0.435477,0.63727],[0.450407,-0.461159,0.764504]],[[0.626807,0.773106,0.0970642],[-0.659225,0.459773,0.595006],[0.415375,-0.436941,0.797839]],[[0.626807,0.773106,0.0970642],[-0.499041,0.302656,0.812008],[0.598391,-0.557411,0.575518]]],"btipPosition":[-9.74626,205.717,38.9573],"carpPosition":[36.9333,158.732,111.741],"dipPosition":[2.90686,193.93,51.1268],"direction":[-0.415375,0.436941,-0.797839],"extended":true,"handId":157,"id":1570,"length":47.0874,"mcpPosition":[36.9333,158.732,111.741],"pipPosition":[15.7027,180.47,75.7047],"s