{"frames":50,"data":[{"currentFrameRate":55.3354,"devices":[],"gestures":[],"hands":[{"armBasis":[[-0.177035,-0.91494,-0.362688],[0.817808,0.0682768,-0.571427],[0.547585,-0.397772,0.736158]],"armWidth":68.1948,"confidence":1,"direction":[-0.479763,0.371132,-0.79504],"elbow":[52.4456,67.7275,302.4],"grabAngle":0.99193,"grabStrength":0,"id":65,"palmNormal":[-0.862982,-0.036017,0.503949],"palmPosition":[-140.078,214.311,41.9463],"palmVelocity":[14.1891,7.05173,-0.293054],"palmWidth":93.486,"pinchDistance":15.9065,"pinchStrength":1,"r":[[0.0641625,-0.510282,-0.85761],[0.0883577,0.858911,-0.504445],[0.99402,-0.04341,0.100197]],"s":1.74236,"sphereCenter":[-192.956,237.886,48.2953],"sphereRadius":63.7576,"stabilizedPalmPosition":[-141.359,213.86,42.711],"t":[-323.574,55.5926,-11.1658],"timeVisible":5.36869,"type":"right","wrist":[-99.458,178.072,98.1849]}],"id":25603,"interactionBox":{"center":[0,200,0],"size":[235.247,235.247,147.751]},"pointables":[{"bases":[[[-0.288303,-0.920225,-0.264701],[0.748182,-0.0439694,-0.662035],[0.597583,-0.388911,0.701173]],[[-0.355065,-0.869437,-0.343524],[0.688079,0.00569618,-0.725613],[0.632831,-0.494012,0.596219]],[[-0.355065,-0.869437,-0.343524],[0.425681,0.176793,-0.887435],[0.832301,-0.461329,0.307329]],[[-0.355065,-0.869437,-0.343524],[0.165056,0.30339,-0.938462],[0.920155,-0.389916,0.0357825]]],"btipPosition":[-222.035,272.685,-19.2098],"carpPosition":[-105.3,199.04,70.5025],"dipPosition":[-204.154,265.108,-18.5145],"direction":[-0.832301,0.461329,-0.307329],"extended":true,"handId":65,"id":652,"length":69.2919,"mcpPosition":[-148.136,226.918,20.2411],"pipPosition":[-179.679,251.542,-9.47704],"stabilizedTipPosition":[-220.113,269.949,-17.4015],"timeVisible":5.36869,"tipPosition":[-219.094,266.384,-21.2184],"tipVelocity":[15.2151,13.6155,6.61801],"tool":false,"touchDistance":0.333428,"touchZone":"hovering","type":2,"width":20.6882},{"bases":[[[-0.252797,-0.961476,-0.107967],[0.74434,-0.121978,-0.656566],[0.618103,-0.246342,0.746501]],[[-0.347777,-0.910134,-0.225184],[0.773188,-0.142556,-0.617947],[0.530313,-0.389017,0.753282]],[[-0.347777,-0.910134,-0.225184],[0.60147,-0.0323321,-0.798241],[0.719225,-0.413051,0.558663]],[[-0.347777,-0.910134,-0.225184],[0.401744,0.0723529,-0.912889],[0.847144,-0.407948,0.340478]]],"btipPosition":[-209.987,241.312,-39.4559],"carpPosition":[-108.733,187.769,65.9744],"dipPosition":[-193.619,233.43,-32.8775],"direction":[-0.719225,0.413051,-0.558663],"extended":true,"handId":65,"id":653,"length":66.626,"mcpPosition":[-148.513,203.623,17.9308],"pipPosition":[-173.015,221.597,-16.8735],"stabilizedTipPosition":[-207.656,238.715,-37.4827],"timeVisible":5.36869,"tipPosition":[-208.074,236.938,-37.6311],"tipVelocity":[19.2454,14.4307,-3.33692],"tool":false,"touchDistance":0.333286,"touchZone":"hovering","type":3,"width":19.6861},{"bases":[[[-0.299047,-0.950066,0.0891354],[0.747624,-0.291319,-0.596817],[0.592983,-0.111837,0.797411]],[[-0.361368,-0.93242,0.0024544],[0.743822,-0.28986,-0.602255],[0.562266,-0.21581,0.7983]],[[-0.361368,-0.93242,0.0024544],[0.566261,-0.221549,-0.793892],[0.740785,-0.285497,0.608053]],[[-0.361368,-0.93242,0.0024544],[0.38104,-0.150077,-0.912297],[0.851012,-0.328739,0.409522]]],"btipPosition":[-202.18,201.46,-28.6606],"carpPosition":[-116.141,175.271,67.6339],"dipPosition":[-187.01,195.6,-21.361],"direction":[-0.740785,0.285497,-0.608053],"extended":true,"handId":65,"id":654,"length":52.2336,"mcpPosition":[-151.468,181.934,20.1275],"pipPosition":[-172.027,189.825,-9.06258],"stabilizedTipPosition":[-199.65,199.511,-26.7007],"timeVisible":5.36869,"tipPosition":[-198.123,200.955,-27.3669],"tipVelocity":[13.0168,14.1924,-0.550931],"tool":false,"touchDistance":0.33333,"touchZone":"hovering","type":4,"width":17.4868},{"bases":[[[0.614519,-0.268743,-0.741717],[0.700649,0.618021,0.356569],[0.362571,-0.738801,0.56808]],[[0.380927,0.0985584,-0.919337],[0.464952,0.839021,0.282601],[0.799196,-0.535098,0.273781]],[[0.380927,0.0985584,-0.919337],[0.398646,0.879631,0.25948],[0.834252,-0.465333,0.295785]],[[0.380927,0.0985584,-0.919337],[0.0151739,0.993502,0.112797],[0.924481,-0.0569172,0.376956]]],"btipPosition":[-206.897,257.314,65.8566],"carpPosition":[-114.12,212.086,99.45],"dipPosition":[-184.523,255.937,74.9796],"direction":[-0.834252,0.465333,-0.295785],"extended":false,"handId":65,"id":650,"length":53.894,"mcpPosition":[-114.12,212.086,99.45],"pipPosition":[-155.108,239.53,85.4086],"stabilizedTipPosition":[-204.091,255.8,69.1672],"timeVisible":5.36869,"tipPosition":[-199.389,259.234,67.5912],"tipVelocity":[16.5086,8.89155,1.93414],"tool":false,"touchDistance":0.333362,"touchZone":"hovering","type":0,"width":22.0525},{"bases":[[[-0.236701,-0.852395,-0.466256],[0.787222,0.113001,-0.606228],[0.569434,-0.510542,0.644276]],[[-0.343554,-0.736011,-0.583316],[0.31536,0.494643,-0.809862],[0.884601,-0.462186,0.0621725]],[[-0.343554,-0.736011,-0.583316],[-0.573371,0.656308,-0.490414],[0.743785,0.165973,-0.647484]],[[-0.343554,-0.736011,-0.583316],[-0.888097,0.456584,-0.0530456],[0.305375,0.499818,-0.810511]]],"btipPosition":[-209.699,255.346,56.8305],"carpPosition":[-103.37,209.201,77.7879],"dipPosition":[-204.304,264.177,42.5101],"direction":[-0.743785,-0.165973,0.647484],"extended":false,"handId":65,"id":651,"length":60.8133,"mcpPosition":[-146.412,247.792,29.0885],"pipPosition":[-185.713,268.326,26.3263],"stabilizedTipPosition":[-210.072,256.009,54.6773],"timeVisible":5.36869,"tipPosition":[-209.429,258.729,49.1133],"tipVelocity":[17.9787,9.67198,4.00723],"tool":false,"touchDistance":0.333333,"touchZone":"none","type":1,"width":21.0646}],"r":[[0.0641625,-0.510282,-0.85761],[0.0883577,0.858911,-0.504445],[0.99402,-0.04341,0.100197]],"s":1.74236,"t":[-323.574,55.5926,-11.1658],"timestamp":629645734271},{"currentFrameRate":55.3258,"devices":[],"gestures":[],"hands":[{"armBasis":[[-0.179678,-0.914696,-0.362004],[0.817996,0.0654904,-0.571484],[0.546442,-0.398801,0.73645]],"armWidth":68.1948,"confidence":1,"direction":[-0.479023,0.372687,-0.794759],"elbow":[52.3917,67.5644,302.344],"grabAngle":0.990788,"grabStrength":0,"id":65,"palmNormal":[-0.862809,-0.0332814,0.504433],"palmPosition":[-139.727,214.557,41.8271],"palmVelocity":[19.3691,13.5454,-6.57915],"palmWidth":93.486,"pinchDistance":15.8991,"pinchStrength":1,"r":[[0.0631965,-0.510497,-0.857554],[0.0893645,0.858714,-0.504603],[0.993992,-0.0447457,0.099888]],"s":1.74261,"sphereCenter":[-192.448,238.437,48.2022],"sphereRadius":63.7545,"stabilizedPalmPosition":[-141.3,213.885,42.6792],"t":[-323.318,55.7686,-11.2239],"timeVisible":5.3868,"type":"right","wrist":[-99.1949,178.194,98.0483]}],"id":25604,"interactionBox":{"center":[0,200,0],"size":[235.247,235.247,147.751]},"pointables":[{"bases":[[[-0.291385,-0.919292,-0.264568],[0.747666,-0.0463331,-0.662457],[0.596733,-0.390839,0.700824]],[[-0.358084,-0.86824,-0.343417],[0.688064,0.0032407,-0.725643],[0.631146,-0.496133,0.596244]],[[-0.358084,-0.86824,-0.343417],[0.427165,0.174716,-0.887133],[0.830245,-0.464363,0.308318]],[[-0.358084,-0.86824,-0.343417],[0.168281,0.301769,-0.938412],[0.9184,-0.39382,0.03805]]],"btipPosition":[-221.478,273.228,-19.3984],"carpPosition":[-104.982,199.174,70.3633],"dipPosition":[-203.631,265.574,-18.659],"direction":[-0.830245,0.464363,-0.308318],"extended":true,"handId":65,"id":652,"length":69.2919,"mcpPosition":[-147.757,227.19,20.1269],"pipPosition":[-179.216,251.919,-9.59251],"stabilizedTipPosition":[-220.021,270,-17.4631],"timeVisible":5.3868,"tipPosition":[-218.602,266.92,-21.275],"tipVelocity":[30.3485,28.9953,-9.85694],"tool":false,"touchDistance":0.333189,"touchZone":"hovering","type":2,"width":20.6882},{"bases":[[[-0.255922,-0.960662,-0.107856],[0.743579,-0.124329,-0.656988],[0.617733,-0.248337,0.746146]],[[-0.351023,-0.90886,-0.225293],[0.772174,-0.14487,-0.618676],[0.529652,-0.391135,0.75265]],[[-0.351023,-0.90886,-0.225293],[0.601032,-0.0341974,-0.798493],[0.718014,-0.415698,0.558258]],[[-0.351023,-0.90886,-0.225293],[0.402235,0.070914,-0.912786],[0.845571,-0.41103,0.340683]]],"btipPosition":[-209.588,241.818,-39.5338],"carpPosition":[-108.453,187.914,65.8368],"dipPosition":[-193.25,233.877,-32.9514],"direction":[-0.718014,0.415698,-0.558258],"extended":true,"handId":65,"id":653,"length":66.626,"mcpPosition":[-148.21,203.896,17.8161],"pipPosition":[-172.681,221.968,-16.9591],"stabilizedTipPosition":[-207.57,238.775,-37.508],"timeVisible":5.3868,"tipPosition":[-207.691,237.409,-37.712],"tipVelocity":[21.6398,27.2004,-4.25174],"tool":false,"touchDistance":0.333267,"touchZone":"hovering","type":3,"width":19.6861},{"bases":[[[-0.302026,-0.949111,0.0892733],[0.746356,-0.293682,-0.597247],[0.593071,-0.113754,0.797074]],[[-0.364438,-0.931225,0.00248465],[0.742369,-0.292137,-0.602947],[0.562205,-0.217892,0.797777]],[[-0.364438,-0.931225,0.00248465],[0.565349,-0.22337,-0.794032],[0.739977,-0.28797,0.607871]],[[-0.364438,-0.931225,0.00248465],[0.381022,-0.151548,-0.912061],[0.84971,-0.331443,0.410047]]],"btipPosition":[-201.902,201.916,-28.7609],"carpPosition":[-115.9,175.44,67.5],"dipPosition":[-186.757,196.009,-21.452],"direction":[-0.739977,0.28797,-0.607871],"extended":true,"handId":65,"id":654,"length":52.2336,"mcpPosition":[-151.233,182.217,20.0137],"pipPosition":[-171.79,190.184,-9.15722],"stabilizedTipPosition":[-199.598,199.555,-26.7167],"timeVisible":5.3868,"tipPosition":[-197.854,201.387,-27.4534],"tipVelocity":[15.0061,24.6169,-5.42073],"tool":false,"touchDistance":0.333251,"touchZone":"hovering","type":4,"width":17.4868},{"bases":[[[0.613242,-0.270676,-0.742071],[0.702816,0.615771,0.356195],[0.360532,-0.739973,0.567852]],[[0.380498,0.0976664,-0.91961],[0.46763,0.837585,0.282442],[0.797837,-0.537506,0.273028]],[[0.380498,0.0976664,-0.91961],[0.401704,0.878239,0.259482],[0.83298,-0.468143,0.294935]],[[0.380498,0.0976664,-0.91961],[0.0190398,0.993369,0.113378],[0.924586,-0.0606492,0.376116]]],"btipPosition":[-206.409,257.788,65.8118],"carpPosition":[-113.744,212.247,99.3162],"dipPosition":[-184.032,256.32,74.9145],"direction":[-0.83298,0.468143,-0.294935],"extended":false,"handId":65,"id":650,"length":53.894,"mcpPosition":[-113.744,212.247,99.3162],"pipPosition":[-154.663,239.814,85.3134],"stabilizedTipPosition":[-203.997,255.854,69.1253],"timeVisible":5.3868,"tipPosition":[-198.886,259.661,67.5078],"tipVelocity":[26.9728,25.0015,-2.73519],"tool":false,"touchDistance":0.333293,"touchZone":"hovering","type":0,"width":22.0525},{"bases":[[[-0.23968,-0.85162,-0.46615],[0.787237,0.11051,-0.606667],[0.568164,-0.512377,0.64394]],[[-0.346255,-0.734856,-0.583176],[0.315916,0.49399,-0.810044],[0.883349,-0.464716,0.0611063]],[[-0.346255,-0.734856,-0.583176],[-0.571995,0.658087,-0.489635],[0.743592,0.164036,-0.6482]],[[-0.346255,-0.734856,-0.583176],[-0.886772,0.459252,-0.0521881],[0.306175,0.499074,-0.810668]]],"btipPosition":[-209.203,255.786,56.784],"carpPosition":[-103.016,209.328,77.648],"dipPosition":[-203.793,264.604,42.4608],"direction":[-0.743592,-0.164036,0.6482],"extended":false,"handId":65,"id":651,"length":60.8133,"mcpPosition":[-145.962,248.058,28.974],"pipPosition":[-185.207,268.704,26.2592],"stabilizedTipPosition":[-209.975,256.093,54.6225],"timeVisible":5.3868,"tipPosition":[-208.93,259.191,49.0469],"tipVelocity":[27.6068,24.1166,-2.60309],"tool":false,"touchDistance":0.333333,"touchZone":"none","type":1,"width":21.0646}],"r":[[0.0631965,-0.510497,-0.857554],[0.0893645,0.858714,-0.504603],[0.993992,-0.0447457,0.099888]],"s":1.74261,"t":[-323.318,55.7686,-11.2239],"timestamp":629645752379},{"currentFrameRate":55.326,"devices":[],"gestures":[],"hands":[{"armBasis":[[-0.181553,-0.914972,-0.360368],[0.818696,0.0623754,-0.570829],[0.54477,-0.398668,0.73776]],"armWidth":68.1948,"confidence":1,"direction":[-0.480533,0.376507,-0.792042],"elbow":[52.5686,67.2433,302.414],"grabAngle":0.987635,"grabStrength":0,"id":65,"palmNormal":[-0.861107,-0.0315353,0.507444],"palmPosition":[-139.124,214.447,41.7301],"palmVelocity":[33.3757,-6.08904,-5.37072],"palmWidth":93.486,"pinchDistance":16.0901,"pinchStrength":1,"r":[[0.0614416,-0.510259,-0.857823],[0.0904213,0.858759,-0.504339],[0.994006,-0.0465781,0.0989018]],"s":1.74317,"sphereCenter":[-191.59,238.582,48.186],"sphereRadius":63.7099,"stabilizedPalmPosition":[-141.217,213.906,42.643],"t":[-322.888,55.8016,-11.3016],"timeVisible":5.40487,"type":"right","wrist":[-98.5543,177.836,97.7546]}],"id":25605,"interactionBox":{"center":[0,200,0],"size":[235.247,235.247,147.751]},"pointables":[{"bases":[[[-0.295627,-0.917539,-0.265947],[0.745113,-0.047247,-0.665263],[0.597839,-0.39483,0.697637]],[[-0.362325,-0.866127,-0.344302],[0.686911,0.001539,-0.72674],[0.629979,-0.499821,0.594395]],[[-0.362325,-0.866127,-0.344302],[0.427754,0.173679,-0.887052],[0.828098,-0.468678,0.307562]],[[-0.362325,-0.866127,-0.344302],[0.16997,0.301808,-0.938095],[0.916423,-0.398416,0.0378628]]],"btipPosition":[-220.747,273.604,-19.3149],"carpPosition":[-104.332,198.864,70.1003],"dipPosition":[-202.939,265.861,-18.5792],"direction":[-0.828098,0.468678,-0.307562],"extended":true,"handId":65,"id":652,"length":69.2919,"mcpPosition":[-147.186,227.166,20.0924],"pipPosition":[-178.587,252.079,-9.5349],"stabilizedTipPosition":[-219.88,270.076,-17.5332],"timeVisible":5.40487,"tipPosition":[-218.011,267.344,-20.9155],"tipVelocity":[39.924,19.6766,4.57406],"tool":false,"touchDistance":0.333389,"touchZone":"hovering","type":2,"width":20.6882},{"bases":[[[-0.259751,-0.959451,-0.109473],[0.740766,-0.125243,-0.659985],[0.619512,-0.252525,0.74326]],[[-0.35507,-0.907008,-0.226411],[0.770124,-0.146507,-0.620842],[0.529938,-0.394807,0.750529]],[[-0.35507,-0.907008,-0.226411],[0.599809,-0.0352686,-0.799366],[0.717046,-0.419635,0.556554]],[[-0.35507,-0.907008,-0.226411],[0.401685,0.0706695,-0.913047],[0.844141,-0.415142,0.339239]]],"btipPosition":[-209.067,242.164,-39.4536],"carpPosition":[-107.86,187.628,65.5565],"dipPosition":[-192.757,234.143,-32.899],"direction":[-0.717046,0.419635,-0.556554],"extended":true,"handId":65,"id":653,"length":66.626,"mcpPosition":[-147.731,203.881,17.7216],"pipPosition":[-172.216,222.122,-16.9555],"stabilizedTipPosition":[-207.455,238.854,-37.5304],"timeVisible":5.40487,"tipPosition":[-207.268,237.782,-37.5084],"tipVelocity":[28.4791,18.1358,4.08614],"tool":false,"touchDistance":0.333386,"touchZone":"hovering","type":3,"width":19.6861},{"bases":[[[-0.305104,-0.948258,0.0878509],[0.74315,-0.294762,-0.600702],[0.595516,-0.117991,0.794631]],[[-0.367821,-0.929896,0.00125222],[0.739886,-0.293477,-0.605343],[0.563274,-0.221731,0.795964]],[[-0.367821,-0.929896,0.00125222],[0.563459,-0.223947,-0.795212],[0.739745,-0.29179,0.606331]],[[-0.367821,-0.929896,0.00125222],[0.379102,-0.151183,-0.912921],[0.849111,-0.335317,0.408133]]],"btipPosition":[-201.517,202.192,-28.7703],"carpPosition":[-115.345,175.177,67.2136],"dipPosition":[-186.382,196.215,-21.4954],"direction":[-0.739744,0.29179,-0.606331],"extended":true,"handId":65,"id":654,"length":52.2336,"mcpPosition":[-150.824,182.206,19.8728],"pipPosition":[-171.42,190.314,-9.23181],"stabilizedTipPosition":[-199.527,199.613,-26.7341],"timeVisible":5.40487,"tipPosition":[-197.55,201.662,-27.3732],"tipVelocity":[21.1896,14.3933,-0.950076],"tool":false,"touchDistance":0.333315,"touchZone":"hovering","type":4,"width":17.4868},{"bases":[[[0.6096,-0.270896,-0.744985],[0.706293,0.612306,0.35529],[0.359912,-0.742763,0.564594]],[[0.377264,0.0991129,-0.920787],[0.472302,0.834651,0.283352],[0.79662,-0.541788,0.268072]],[[0.377264,0.0991129,-0.920787],[0.406028,0.875905,0.260639],[0.832354,-0.472195,0.290204]],[[0.377264,0.0991129,-0.920787],[0.0231883,0.992934,0.116379],[0.925816,-0.0652572,0.3723]]],"btipPosition":[-205.553,257.906,66.1278],"carpPosition":[-112.943,211.891,99.1189],"dipPosition":[-183.147,256.327,75.1382],"direction":[-0.832354,0.472195,-0.290204],"extended":false,"handId":65,"id":650,"length":53.894,"mcpPosition":[-112.943,211.891,99.1189],"pipPosition":[-153.799,239.678,85.3704],"stabilizedTipPosition":[-203.861,255.918,69.0903],"timeVisible":5.40487,"tipPosition":[-198.041,259.683,67.7449],"tipVelocity":[47.7198,5.13179,16.3126],"tool":false,"touchDistance":0.333553,"touchZone":"hovering","type":0,"width":22.0525},{"bases":[[[-0.244403,-0.849517,-0.467534],[0.785446,0.109305,-0.609202],[0.568631,-0.516114,0.640535]],[[-0.351019,-0.732007,-0.58391],[0.316787,0.493983,-0.809708],[0.881154,-0.469198,0.0584926]],[[-0.351019,-0.732007,-0.58391],[-0.568922,0.662017,-0.487916],[0.743716,0.160931,-0.648835]],[[-0.351019,-0.732007,-0.58391],[-0.884337,0.464139,-0.0502362],[0.307788,0.498739,-0.810262]]],"btipPosition":[-208.459,256.015,56.9228],"carpPosition":[-102.303,208.992,77.4046],"dipPosition":[-203.021,264.827,42.6068],"direction":[-0.743716,-0.160931,0.648835],"extended":false,"handId":65,"id":651,"length":60.8133,"mcpPosition":[-145.285,248.004,28.988],"pipPosition":[-184.432,268.849,26.3893],"stabilizedTipPosition":[-209.833,256.193,54.5715],"timeVisible":5.40487,"tipPosition":[-208.128,259.293,49.3685],"tipVelocity":[41.4839,12.5766,7.77467],"tool":false,"touchDistance":0.333333,"touchZone":"none","type":1,"width":21.0646}],"r":[[0.0614416,-0.510259,-0.857823],[0.0904213,0.858759,-0.504339],[0.994006,-0.0465781,0.0989018]],"s":1.74317,"t":[-322.888,55.8016,-11.3016],"timestamp":629645770453},{"currentFrameRate":55.3262,"devices":[],"gestures":[],"hands":[{"armBasis":[[-0.180648,-0.914743,-0.361402],[0.819902,0.0628996,-0.569037],[0.543255,-0.39911,0.738637]],"armWidth":68.1948,"confidence":1,"direction":[-0.47717,0.375786,-0.794414],"elbow":[52.3315,67.1421,302.59],"grabAngle":0.988165,"grabStrength":0,"id":65,"palmNormal":[-0.863286,-0.0312743,0.503745],"palmPosition":[-138.723,214.429,41.4772],"palmVelocity":[22.1853,-0.980006,-13.9927],"palmWidth":93.486,"pinchDistance":16.1269,"pinchStrength":1,"r":[[0.0607965,-0.510203,-0.857902],[0.0916729,0.858714,-0.504189],[0.993932,-0.0479935,0.0989786]],"s":1.74343,"sphereCenter":[-191.311,238.473,47.7405],"sphereRadius":63.7333,"stabilizedPalmPosition":[-141.137,213.923,42.6057],"t":[-322.473,55.8092,-11.4668],"timeVisible":5.42294,"type":"right","wrist":[-98.371,177.858,97.687]}],"id":25606,"interactionBox":{"center":[0,200,0],"size":[235.247,235.247,147.751]},"pointables":[{"bases":[[[-0.294321,-0.917803,-0.266481],[0.747988,-0.0476552,-0.661999],[0.594886,-0.394165,0.700532]],[[-0.360607,-0.86654,-0.345068],[0.689729,0.0013054,-0.724067],[0.627883,-0.499107,0.597206]],[[-0.360607,-0.86654,-0.345068],[0.430846,0.173369,-0.885616],[0.827245,-0.46803,0.310827]],[[-0.360607,-0.86654,-0.345068],[0.173323,0.30126,-0.937657],[0.916472,-0.397934,0.0415545]]],"btipPosition":[-220.126,273.503,-19.9206],"carpPosition":[-104.051,198.875,70.01],"dipPosition":[-202.317,265.77,-19.1131],"direction":[-0.827245,0.46803,-0.310827],"extended":true,"handId":65,"id":652,"length":69.2919,"mcpPosition":[-146.694,227.129,19.7946],"pipPosition":[-177.99,252.007,-9.97283],"stabilizedTipPosition":[-219.754,270.13,-17.6055],"timeVisible":5.42294,"tipPosition":[-217.342,267.28,-21.5442],"tipVelocity":[34.3707,-5.44559,-32.5984],"tool":false,"touchDistance":0.332845,"touchZone":"hovering","type":2,"width":20.6882},{"bases":[[[-0.259114,-0.959583,-0.10982],[0.743631,-0.125647,-0.656678],[0.616338,-0.25182,0.746133]],[[-0.353878,-0.907292,-0.227137],[0.772419,-0.146566,-0.61797],[0.527389,-0.394131,0.752677]],[[-0.353878,-0.907292,-0.227137],[0.602489,-0.0353818,-0.797342],[0.715386,-0.419009,0.559155]],[[-0.353878,-0.907292,-0.227137],[0.404789,0.0703576,-0.911699],[0.843159,-0.414573,0.342364]]],"btipPosition":[-208.376,242.066,-39.969],"carpPosition":[-107.558,187.635,65.4601],"dipPosition":[-192.085,234.056,-33.3541],"direction":[-0.715386,0.419009,-0.559155],"extended":true,"handId":65,"id":653,"length":66.626,"mcpPosition":[-147.224,203.842,17.4402],"pipPosition":[-171.591,222.052,-17.3361],"stabilizedTipPosition":[-207.334,238.913,-37.5697],"timeVisible":5.42294,"tipPosition":[-206.518,237.702,-38.0757],"tipVelocity":[37.9817,-5.32234,-27.7513],"tool":false,"touchDistance":0.332918,"touchZone":"hovering","type":3,"width":19.6861},{"bases":[[[-0.305322,-0.948239,0.0872969],[0.745788,-0.295119,-0.597248],[0.592097,-0.117248,0.797291]],[[-0.367668,-0.929957,0.000411274],[0.74213,-0.293675,-0.602493],[0.560413,-0.221212,0.798124]],[[-0.367668,-0.929957,0.000411274],[0.566282,-0.224236,-0.793123],[0.737662,-0.291373,0.609062]],[[-0.367668,-0.929957,0.000411274],[0.382565,-0.151654,-0.911398],[0.847623,-0.334934,0.411527]]],"btipPosition":[-200.843,202.121,-29.2422],"carpPosition":[-115.048,175.184,67.0949],"dipPosition":[-185.734,196.151,-21.9069],"direction":[-0.737662,0.291373,-0.609062],"extended":true,"handId":65,"id":654,"length":52.2336,"mcpPosition":[-150.323,182.169,19.5956],"pipPosition":[-170.814,190.257,-9.58804],"stabilizedTipPosition":[-199.441,199.657,-26.7665],"timeVisible":5.42294,"tipPosition":[-196.849,201.576,-27.8664],"tipVelocity":[36.9627,-3.87328,-25.3428],"tool":false,"touchDistance":0.332951,"touchZone":"hovering","type":4,"width":17.4868},{"bases":[[[0.612859,-0.271391,-0.742126],[0.704649,0.612714,0.357844],[0.357595,-0.742246,0.566742]],[[0.381072,0.0986312,-0.919269],[0.47109,0.834825,0.284855],[0.795524,-0.541609,0.271664]],[[0.381072,0.0986312,-0.919269],[0.404798,0.876125,0.261806],[0.831217,-0.471886,0.293941]],[[0.381072,0.0986312,-0.919269],[0.0225931,0.993003,0.115908],[0.924269,-0.0649384,0.376177]]],"btipPosition":[-205.266,257.912,65.5797],"carpPosition":[-112.79,211.924,98.9807],"dipPosition":[-182.897,256.34,74.6839],"direction":[-0.831217,0.471886,-0.293941],"extended":false,"handId":65,"id":650,"length":53.894,"mcpPosition":[-112.79,211.924,98.9807],"pipPosition":[-153.59,239.702,85.0478],"stabilizedTipPosition":[-203.78,255.954,69.0596],"timeVisible":5.42294,"tipPosition":[-197.764,259.672,67.2017],"tipVelocity":[15.3988,0.386373,-29.1323],"tool":false,"touchDistance":0.332906,"touchZone":"hovering","type":0,"width":22.0525},{"bases":[[[-0.242238,-0.849935,-0.4679],[0.788052,0.108949,-0.605891],[0.565945,-0.5155,0.643402]],[[-0.348344,-0.732573,-0.584803],[0.320454,0.49322,-0.80873],[0.880889,-0.469118,0.0629454]],[[-0.348344,-0.732573,-0.584803],[-0.566747,0.661529,-0.491098],[0.746628,0.160364,-0.645623]],[[-0.348344,-0.732573,-0.584803],[-0.884173,0.463966,-0.0545354],[0.31128,0.498069,-0.80934]]],"btipPosition":[-208.132,256.008,56.322],"carpPosition":[-102.056,209.009,77.3148],"dipPosition":[-202.632,264.808,42.0223],"direction":[-0.746628,-0.160364,0.645623],"extended":false,"handId":65,"id":651,"length":60.8133,"mcpPosition":[-144.834,247.975,28.6816],"pipPosition":[-183.97,268.817,25.885],"stabilizedTipPosition":[-209.744,256.248,54.5255],"timeVisible":5.42294,"tipPosition":[-207.766,259.268,48.7864],"tipVelocity":[18.9162,-0.515192,-33.0377],"tool":false,"touchDistance":0.333333,"touchZone":"none","type":1,"width":21.0646}],"r":[[0.0607965,-0.510203,-0.857902],[0.0916729,0.858714,-0.504189],[0.993932,-0.0479935,0.0989786]],"s":1.74343,"t":[-322.473,55.8092,-11.4668],"timestamp":629645788527},{"currentFrameRate":55.324,"devices":[],"gestures":[],"hands":[{"armBasis":[[-0.182945,-0.914874,-0.359913],[0.820653,0.0594761,-0.568324],[0.541351,-0.399335,0.739913]],"armWidth":68.1948,"confidence":1,"direction":[-0.476683,0.376274,-0.794475],"elbow":[52.2661,66.9758,302.74],"grabAngle":0.988694,"grabStrength":0,"id":65,"palmNormal":[-0.863035,-0.0284529,0.504343],"palmPosition":[-138.184,214.371,41.2507],"palmVelocity":[29.8227,-3.17557,-12.5261],"palmWidth":93.486,"pinchDistance":16.0448,"pinchStrength":1,"r":[[0.0598933,-0.510361,-0.857872],[0.0930691,0.858526,-0.504253],[0.993857,-0.04964,0.0989188]],"s":1.74363,"sphereCenter":[-190.762,238.504,47.5727],"sphereRadius":63.7413,"stabilizedPalmPosition":[-141.045,213.937,42.5635],"t":[-321.995,55.7843,-11.6627],"timeVisible":5.44103,"type":"right","wrist":[-97.9081,177.754,97.4835]}],"id":25607,"interactionBox":{"center":[0,200,0],"size":[235.247,235.247,147.751]},"pointables":[{"bases":[[[-0.29696,-0.917275,-0.265371],[0.74742,-0.0503242,-0.662443],[0.594287,-0.395063,0.700534]],[[-0.362941,-0.866107,-0.343703],[0.688771,-0.000931039,-0.724978],[0.627589,-0.499857,0.596888]],[[-0.362941,-0.866107,-0.343703],[0.430424,0.171316,-0.88622],[0.826444,-0.469584,0.310616]],[[-0.362941,-0.866107,-0.343703],[0.173851,0.299437,-0.938143],[0.915451,-0.400244,0.0418955]]],"btipPosition":[-219.509,273.573,-20.1391],"carpPosition":[-103.535,198.753,69.7762],"dipPosition":[-201.719,265.796,-19.325],"direction":[-0.826444,0.469584,-0.310616],"extended":true,"handId":65,"id":652,"length":69.2919,"mcpPosition":[-146.135,227.072,19.5606],"pipPosition":[-177.417,251.987,-10.1909],"stabilizedTipPosition":[-219.597,270.19,-17.6903],"timeVisible":5.44103,"tipPosition":[-216.698,267.386,-21.7654],"tipVelocity":[33.8795,3.31614,-11.9986],"tool":false,"touchDistance":0.333128,"touchZone":"hovering","type":2,"width":20.6882},{"bases":[[[-0.261762,-0.958992,-0.108691],[0.742858,-0.128299,-0.65704],[0.616152,-0.252731,0.745979]],[[-0.356433,-0.906585,-0.225961],[0.771117,-0.14888,-0.619042],[0.527574,-0.394889,0.752149]],[[-0.356433,-0.906585,-0.225961],[0.601388,-0.0375263,-0.798076],[0.715044,-0.420351,0.558585]],[[-0.356433,-0.906585,-0.225961],[0.404396,0.0683249,-0.912028],[0.84227,-0.416455,0.342266]]],"btipPosition":[-207.862,242.117,-40.1368],"carpPosition":[-107.075,187.518,65.2398],"dipPosition":[-191.589,234.071,-33.5238],"direction":[-0.715044,0.420351,-0.558585],"extended":true,"handId":65,"id":653,"length":66.626,"mcpPosition":[-146.729,203.784,17.2299],"pipPosition":[-171.105,222.029,-17.5221],"stabilizedTipPosition":[-207.194,238.972,-37.6151],"timeVisible":5.44103,"tipPosition":[-205.961,237.758,-38.2822],"tipVelocity":[28.1753,2.37705,-9.30107],"tool":false,"touchDistance":0.333172,"touchZone":"hovering","type":3,"width":19.6861},{"bases":[[[-0.30781,-0.947328,0.0884442],[0.744598,-0.297716,-0.597443],[0.592306,-0.118043,0.797019]],[[-0.370199,-0.928951,0.00152963],[0.74029,-0.296009,-0.603613],[0.56118,-0.222325,0.797276]],[[-0.370199,-0.928951,0.00152963],[0.564494,-0.226266,-0.79382],[0.737766,-0.293008,0.608151]],[[-0.370199,-0.928951,0.00152963],[0.381172,-0.153403,-0.911688],[0.847149,-0.336923,0.41088]]],"btipPosition":[-200.426,202.182,-29.3679],"carpPosition":[-114.597,175.088,66.892],"dipPosition":[-185.326,196.177,-22.0441],"direction":[-0.737766,0.293008,-0.608151],"extended":true,"handId":65,"id":654,"length":52.2336,"mcpPosition":[-149.884,182.121,19.4089],"pipPosition":[-170.404,190.25,-9.74369],"stabilizedTipPosition":[-199.342,199.703,-26.8031],"timeVisible":5.44103,"tipPosition":[-196.393,201.602,-28.0403],"tipVelocity":[22.93,2.93879,-7.09725],"tool":false,"touchDistance":0.333207,"touchZone":"hovering","type":4,"width":17.4868},{"bases":[[[0.611638,-0.273776,-0.742257],[0.706528,0.611175,0.356769],[0.355974,-0.742639,0.567248]],[[0.380373,0.0971601,-0.919715],[0.473017,0.834113,0.283745],[0.794715,-0.54297,0.271315]],[[0.380373,0.0971601,-0.919715],[0.406968,0.875422,0.260793],[0.830478,-0.473493,0.293446]],[[0.380373,0.0971601,-0.919715],[0.0254306,0.992991,0.115419],[0.924484,-0.067291,0.375236]]],"btipPosition":[-204.634,258.025,65.3968],"carpPosition":[-112.22,211.855,98.7396],"dipPosition":[-182.259,256.397,74.4782],"direction":[-0.830478,0.473493,-0.293446],"extended":false,"handId":65,"id":650,"length":53.894,"mcpPosition":[-112.22,211.855,98.7396],"pipPosition":[-152.978,239.702,84.8246],"stabilizedTipPosition":[-203.667,255.998,69.0181],"timeVisible":5.44103,"tipPosition":[-197.096,259.789,66.971],"tipVelocity":[35.0584,5.56045,-10.4066],"tool":false,"touchDistance":0.333155,"touchZone":"hovering","type":0,"width":22.0525},{"bases":[[[-0.244829,-0.849747,-0.466892],[0.787942,0.106228,-0.606517],[0.564983,-0.516377,0.643544]],[[-0.350719,-0.732186,-0.583867],[0.319491,0.492515,-0.80954],[0.880296,-0.470461,0.061192]],[[-0.350719,-0.732186,-0.583867],[-0.566809,0.662268,-0.49003],[0.745469,0.159078,-0.647279]],[[-0.350719,-0.732186,-0.583867],[-0.883619,0.465237,-0.0526455],[0.310183,0.497452,-0.810141]]],"btipPosition":[-207.436,256.057,56.1994],"carpPosition":[-101.507,208.889,77.0696],"dipPosition":[-201.956,264.846,41.8856],"direction":[-0.745469,-0.159078,0.647279],"extended":false,"handId":65,"id":651,"length":60.8133,"mcpPosition":[-144.213,247.921,28.4256],"pipPosition":[-183.323,268.822,25.707],"stabilizedTipPosition":[-209.616,256.314,54.4675],"timeVisible":5.44103,"tipPosition":[-207.093,259.392,48.6],"tipVelocity":[38.2244,2.56133,-6.9564],"tool":false,"touchDistance":0.333333,"touchZone":"none","type":1,"width":21.0646}],"r":[[0.0598933,-0.510361,-0.857872],[0.0930691,0.858526,-0.504253],[0.993857,-0.04964,0.0989188]],"s":1.74363,"t":[-321.995,55.7843,-11.6627],"timestamp":629645806610},{"currentFrameRate":55.3248,"devices":[],"gestures":[],"hands":[{"armBasis":[[-0.184051,-0.914917,-0.359239],[0.822076,0.057064,-0.566511],[0.53881,-0.399588,0.741628]],"armWidth":68.1948,"confidence":1,"direction":[-0.475206,0.378275,-0.79441],"elbow":[52.1704,66.8401,302.96],"grabAngle":0.987756,"grabStrength":0,"id":65,"palmNormal":[-0.86339,-0.0265211,0.50384],"palmPosition":[-137.431,214.444,40.9857],"palmVelocity":[41.6704,4.02433,-14.6626],"palmWidth":93.486,"pinchDistance":16.0002,"pinchStrength":1,"r":[[0.0589853,-0.510369,-0.85793],[0.0947134,0.858411,-0.504144],[0.993756,-0.0515204,0.0989724]],"s":1.74378,"sphereCenter":[-190.016,238.68,47.3704],"sphereRadius":63.7659,"stabilizedPalmPosition":[-140.925,213.954,42.5111],"t":[-321.38,55.8082,-11.8932],"timeVisible":5.4591,"type":"right","wrist":[-97.2991,177.689,97.2276]}],"id":25608,"interactionBox":{"center":[0,200,0],"size":[235.247,235.247,147.751]},"pointables":[{"bases":[[[-0.299331,-0.916224,-0.266336],[0.747648,-0.0518002,-0.662072],[0.59281,-0.397305,0.700518]],[[-0.364923,-0.864991,-0.344414],[0.688703,-0.00186056,-0.725041],[0.626513,-0.501783,0.596401]],[[-0.364923,-0.864991,-0.344414],[0.431938,0.170416,-0.885657],[0.824779,-0.471962,0.311434]],[[-0.364923,-0.864991,-0.344414],[0.177681,0.298424,-0.937749],[0.913926,-0.403402,0.0447908]]],"btipPosition":[-218.577,273.914,-20.4535],"carpPosition":[-102.841,198.706,69.5168],"dipPosition":[-200.817,266.075,-19.5831],"direction":[-0.824779,0.471962,-0.311434],"extended":true,"handId":65,"id":652,"length":69.2919,"mcpPosition":[-145.335,227.185,19.3024],"pipPosition":[-176.563,252.196,-10.4249],"stabilizedTipPosition":[-219.381,270.271,-17.7986],"timeVisible":5.4591,"tipPosition":[-215.759,267.743,-22.0218],"tipVelocity":[51.2068,18.0735,-16.6787],"tool":false,"touchDistance":0.333072,"touchZone":"hovering","type":2,"width":20.6882},{"bases":[[[-0.264335,-0.958175,-0.109673],[0.742868,-0.129767,-0.656741],[0.61504,-0.255073,0.746099]],[[-0.358861,-0.90536,-0.227031],[0.770254,-0.149865,-0.619879],[0.527189,-0.397322,0.751137]],[[-0.358861,-0.90536,-0.227031],[0.601256,-0.0381771,-0.798144],[0.71394,-0.422926,0.558054]],[[-0.358861,-0.90536,-0.227031],[0.405781,0.0677192,-0.911458],[0.840572,-0.419211,0.343076]]],"btipPosition":[-207.043,242.474,-40.3694],"carpPosition":[-106.409,187.485,64.9686],"dipPosition":[-190.802,234.374,-33.7407],"direction":[-0.71394,0.422926,-0.558054],"extended":true,"handId":65,"id":653,"length":66.626,"mcpPosition":[-145.992,203.901,16.951],"pipPosition":[-170.35,222.258,-17.7542],"stabilizedTipPosition":[-207.009,239.05,-37.6738],"timeVisible":5.4591,"tipPosition":[-205.09,238.099,-38.5657],"tipVelocity":[44.9341,19.0544,-12.6724],"tool":false,"touchDistance":0.333134,"touchZone":"hovering","type":3,"width":19.6861},{"bases":[[[-0.31046,-0.946556,0.0874467],[0.74411,-0.29924,-0.597291],[0.591536,-0.120365,0.797243]],[[-0.372967,-0.927845,0.000201139],[0.738931,-0.29716,-0.604713],[0.56114,-0.225389,0.796443]],[[-0.372967,-0.927845,0.000201139],[0.563967,-0.22687,-0.794022],[0.736775,-0.29603,0.607889]],[[-0.372967,-0.927845,0.000201139],[0.382233,-0.153844,-0.91117],[0.845455,-0.339759,0.412031]]],"btipPosition":[-199.698,202.53,-29.6523],"carpPosition":[-113.966,175.074,66.6057],"dipPosition":[-184.628,196.474,-22.308],"direction":[-0.736775,0.29603,-0.607889],"extended":true,"handId":65,"id":654,"length":52.2336,"mcpPosition":[-149.208,182.245,19.1093],"pipPosition":[-169.726,190.486,-10.0129],"stabilizedTipPosition":[-199.212,199.763,-26.8517],"timeVisible":5.4591,"tipPosition":[-195.638,201.892,-28.3471],"tipVelocity":[39.9194,18.6,-15.4751],"tool":false,"touchDistance":0.333094,"touchZone":"hovering","type":4,"width":17.4868},{"bases":[[[0.611296,-0.274809,-0.742157],[0.708006,0.60892,0.357693],[0.353617,-0.744108,0.566797]],[[0.380849,0.0973136,-0.919502],[0.474828,0.832723,0.284799],[0.793406,-0.54507,0.270935]],[[0.380849,0.0973136,-0.919502],[0.40887,0.874213,0.261871],[0.829325,-0.47569,0.293155]],[[0.380849,0.0973136,-0.919502],[0.0285072,0.992738,0.116872],[0.924198,-0.070723,0.375309]]],"btipPosition":[-203.805,258.245,65.1719],"carpPosition":[-111.505,211.806,98.4867],"dipPosition":[-181.438,256.533,74.2551],"direction":[-0.829325,0.47569,-0.293155],"extended":false,"handId":65,"id":650,"length":53.894,"mcpPosition":[-111.505,211.806,98.4867],"pipPosition":[-152.197,239.761,84.5913],"stabilizedTipPosition":[-203.505,256.058,68.9614],"timeVisible":5.4591,"tipPosition":[-196.241,259.994,66.7149],"tipVelocity":[45.7746,11.0918,-12.4195],"tool":false,"touchDistance":0.333137,"touchZone":"hovering","type":0,"width":22.0525},{"bases":[[[-0.246903,-0.848664,-0.467769],[0.788568,0.104591,-0.605988],[0.563204,-0.518488,0.643406]],[[-0.35213,-0.731078,-0.584405],[0.319619,0.492934,-0.809234],[0.879687,-0.471742,0.0600893]],[[-0.35213,-0.731078,-0.584405],[-0.565801,0.663662,-0.489307],[0.74557,0.158357,-0.64734]],[[-0.35213,-0.731078,-0.584405],[-0.882752,0.466928,-0.0522195],[0.311052,0.497497,-0.80978]]],"btipPosition":[-206.574,256.232,56.0045],"carpPosition":[-100.789,208.83,76.8202],"dipPosition":[-201.079,265.022,41.6971],"direction":[-0.74557,-0.158357,0.64734],"extended":false,"handId":65,"id":651,"length":60.8133,"mcpPosition":[-143.361,248.021,28.1866],"pipPosition":[-182.443,268.98,25.5169],"stabilizedTipPosition":[-209.435,256.395,54.3937],"timeVisible":5.4591,"tipPosition":[-206.214,259.638,48.3661],"tipVelocity":[47.8712,9.66325,-10.7037],"tool":false,"touchDistance":0.333333,"touchZone":"none","type":1,"width":21.0646}],"r":[[0.0589853,-0.510369,-0.85793],[0.0947134,0.858411,-0.504144],[0.993756,-0.0515204,0.0989724]],"s":1.74378,"t":[-321.38,55.8082,-11.8932],"timestamp":629645824682},{"currentFrameRate":55.3161,"devices":[],"gestures":[],"hands":[{"armBasis":[[-0.186788,-0.915039,-0.35751],[0.824061,0.0521773,-0.564094],[0.534822,-0.399976,0.744302]],"armWidth":68.1948,"confidence":1,"direction":[-0.474222,0.385176,-0.791677],"elbow":[52.1765,66.5354,303.178],"grabAngle":0.987087,"grabStrength":0,"id":65,"palmNormal":[-0.862537,-0.0230126,0.505471],"palmPosition":[-136.148,214.704,40.6548],"palmVelocity":[70.8123,14.3331,-18.275],"palmWidth":93.486,"pinchDistance":15.9816,"pinchStrength":1,"r":[[0.0572194,-0.509656,-0.858473],[0.096988,0.858652,-0.503298],[0.993639,-0.0544632,0.0985621]],"s":1.74409,"sphereCenter":[-188.687,238.978,47.2069],"sphereRadius":63.749,"stabilizedPalmPosition":[-140.712,213.987,42.4282],"t":[-320.431,55.95,-12.1738],"timeVisible":5.47721,"type":"right","wrist":[-96.1865,177.491,96.7038]}],"id":25609,"interactionBox":{"center":[0,200,0],"size":[235.247,235.247,147.751]},"pointables":[{"bases":[[[-0.306076,-0.912926,-0.269971],[0.745948,-0.0537859,-0.663829],[0.591506,-0.404566,0.697458]],[[-0.37102,-0.861304,-0.347131],[0.68687,-0.00296775,-0.726775],[0.624944,-0.508081,0.592705]],[[-0.37102,-0.861304,-0.347131],[0.431538,0.171081,-0.885723],[0.822265,-0.478421,0.308211]],[[-0.37102,-0.861304,-0.347131],[0.17889,0.300518,-0.93685],[0.911231,-0.409688,0.0425803]]],"btipPosition":[-217.047,274.954,-20.3869],"carpPosition":[-101.609,198.599,69.042],"dipPosition":[-199.339,266.992,-19.5595],"direction":[-0.822265,0.478421,-0.308211],"extended":true,"handId":65,"id":652,"length":69.2919,"mcpPosition":[-144.009,227.599,19.0469],"pipPosition":[-175.159,252.924,-10.4961],"stabilizedTipPosition":[-218.961,270.458,-17.9557],"timeVisible":5.47721,"tipPosition":[-214.234,268.846,-21.9365],"tipVelocity":[83.8253,55.8562,3.12847],"tool":false,"touchDistance":0.333364,"touchZone":"hovering","type":2,"width":20.6882},{"bases":[[[-0.271051,-0.955841,-0.113576],[0.74065,-0.131742,-0.658849],[0.614792,-0.262702,0.743652]],[[-0.365229,-0.902003,-0.230213],[0.76803,-0.152218,-0.622061],[0.526058,-0.404005,0.74836]],[[-0.365229,-0.902003,-0.230213],[0.600228,-0.0391472,-0.79887],[0.711571,-0.429951,0.555705]],[[-0.365229,-0.902003,-0.230213],[0.406087,0.0681542,-0.911289],[0.837676,-0.426316,0.3414]]],"btipPosition":[-205.704,243.551,-40.5035],"carpPosition":[-105.262,187.423,64.4491],"dipPosition":[-189.519,235.314,-33.9072],"direction":[-0.711571,0.429951,-0.555705],"extended":true,"handId":65,"id":653,"length":66.626,"mcpPosition":[-144.829,204.33,16.5889],"pipPosition":[-169.135,222.997,-17.988],"stabilizedTipPosition":[-206.662,239.229,-37.7642],"timeVisible":5.47721,"tipPosition":[-203.796,239.199,-38.6498],"tipVelocity":[73.2196,57.7325,-7.81518],"tool":false,"touchDistance":0.333205,"touchZone":"hovering","type":3,"width":19.6861},{"bases":[[[-0.3167,-0.944827,0.0836897],[0.740862,-0.301495,-0.600188],[0.592305,-0.128077,0.795469]],[[-0.379059,-0.925368,-0.00305994],[0.735122,-0.299117,-0.608379],[0.562059,-0.232861,0.793641]],[[-0.379059,-0.925368,-0.00305994],[0.560672,-0.227035,-0.796305],[0.73618,-0.303562,0.604887]],[[-0.379059,-0.925368,-0.00305994],[0.379686,-0.152514,-0.912457],[0.843892,-0.347037,0.40916]]],"btipPosition":[-198.671,203.527,-29.8939],"carpPosition":[-112.901,175.057,66.0441],"dipPosition":[-183.629,197.341,-22.6007],"direction":[-0.73618,0.303562,-0.604887],"extended":true,"handId":65,"id":654,"length":52.2336,"mcpPosition":[-148.188,182.687,18.6534],"pipPosition":[-168.739,191.202,-10.3663],"stabilizedTipPosition":[-198.989,199.894,-26.9278],"timeVisible":5.47721,"tipPosition":[-194.581,202.867,-28.6155],"tipVelocity":[56.3301,53.4341,-13.9911],"tool":false,"touchDistance":0.33311,"touchZone":"hovering","type":4,"width":17.4868},{"bases":[[[0.607926,-0.275491,-0.744668],[0.712838,0.602438,0.359068],[0.349697,-0.749115,0.562618]],[[0.379325,0.0994475,-0.919904],[0.481257,0.827934,0.287953],[0.790256,-0.551938,0.266196]],[[0.379325,0.0994475,-0.919904],[0.41531,0.870128,0.265321],[0.826819,-0.482688,0.28876]],[[0.379325,0.0994475,-0.919904],[0.0358491,0.991881,0.122011],[0.924569,-0.0792597,0.37268]]],"btipPosition":[-202.185,258.867,65.2368],"carpPosition":[-110.126,211.623,98.09],"dipPosition":[-179.809,256.949,74.2563],"direction":[-0.826819,0.482688,-0.28876],"extended":false,"handId":65,"id":650,"length":53.894,"mcpPosition":[-110.126,211.623,98.09],"pipPosition":[-150.656,239.93,84.4376],"stabilizedTipPosition":[-203.167,256.182,68.8751],"timeVisible":5.47721,"tipPosition":[-194.606,260.522,66.7172],"tipVelocity":[89.5809,31.7322,2.7744],"tool":false,"touchDistance":0.333362,"touchZone":"hovering","type":0,"width":22.0525},{"bases":[[[-0.253594,-0.844787,-0.471195],[0.788042,0.102062,-0.607103],[0.560964,-0.525279,0.639845]],[[-0.357604,-0.726833,-0.586373],[0.319471,0.494798,-0.808154],[0.877529,-0.476328,0.0552605]],[[-0.357604,-0.726833,-0.586373],[-0.56399,0.668543,-0.484733],[0.744335,0.157366,-0.649]],[[-0.357604,-0.726833,-0.586373],[-0.880435,0.47175,-0.0478138],[0.311374,0.499165,-0.808629]]],"btipPosition":[-204.969,256.789,56.0772],"carpPosition":[-99.4742,208.675,76.388],"dipPosition":[-199.467,265.608,41.7901],"direction":[-0.744335,-0.157366,0.649],"extended":false,"handId":65,"id":651,"length":60.8133,"mcpPosition":[-141.876,248.379,28.0236],"pipPosition":[-180.863,269.542,25.5685],"stabilizedTipPosition":[-20