{"frames":44,"data":[{"currentFrameRate":55.3098,"devices":[],"gestures":[],"hands":[{"armBasis":[[-0.886571,-0.453579,-0.0908715],[0.430298,-0.7365,-0.521931],[0.16981,-0.501831,0.848133]],"armWidth":55.1091,"confidence":1,"direction":[0.0400427,-0.0248484,-0.998889],"elbow":[47.9239,25.2368,325.52],"grabAngle":0.724226,"grabStrength":0,"id":86,"palmNormal":[-0.491215,0.870057,-0.041335],"palmPosition":[12.4204,153.697,60.1228],"palmVelocity":[-13.7664,-31.7541,-22.2804],"palmWidth":79.4861,"pinchDistance":58.1433,"pinchStrength":0,"r":[[0.990004,0.0543684,-0.130139],[-0.104691,0.901579,-0.419756],[0.0945096,0.429184,0.898259]],"s":0.753844,"sphereCenter":[-46.4809,202.903,37.6812],"sphereRadius":81.4914,"stabilizedPalmPosition":[14.44,159.733,62.6882],"t":[28.4461,-10.4803,45.7688],"timeVisible":8.56838,"type":"right","wrist":[7.87179,143.601,125.476]}],"id":30822,"interactionBox":{"center":[0,200,0],"size":[235.247,235.247,147.751]},"pointables":[{"bases":[[[0.0970362,-0.981161,-0.167052],[0.904316,0.0168151,0.426532],[-0.415688,-0.192457,0.888912]],[[0.222308,-0.871572,-0.436969],[0.944965,0.0822682,0.31666],[-0.240043,-0.483316,0.841894]],[[0.222308,-0.871572,-0.436969],[0.958327,0.277811,-0.0665683],[0.179414,-0.40396,0.89701]],[[0.222308,-0.871572,-0.436969],[0.871771,0.37838,-0.311198],[0.436572,-0.311755,0.843928]]],"btipPosition":[19.6585,208.392,29.5837],"carpPosition":[23.5063,168.851,110.408],"dipPosition":[28.6128,201.998,46.8929],"direction":[-0.179414,0.40396,-0.89701],"extended":false,"handId":86,"id":860,"length":45.6735,"mcpPosition":[23.5063,168.851,110.408],"pipPosition":[33.9737,189.927,73.6961],"stabilizedTipPosition":[19.8369,214.225,38.0059],"timeVisible":8.56838,"tipPosition":[21.6507,207.414,34.4462],"tipVelocity":[4.5148,-38.5304,-30.016],"tool":false,"touchDistance":0.196319,"touchZone":"hovering","type":0,"width":17.4361},{"bases":[[[-0.851042,-0.489507,-0.190028],[0.513307,-0.851803,-0.104631],[-0.110649,-0.186588,0.976187]],[[-0.858131,-0.511033,-0.0495604],[0.513426,-0.853698,-0.0871438],[0.00222373,-0.100226,0.994962]],[[-0.858131,-0.511033,-0.0495604],[0.494971,-0.797764,-0.34435],[0.136437,-0.320029,0.937532]],[[-0.858131,-0.511033,-0.0495604],[0.450757,-0.703646,-0.549272],[0.245823,-0.493687,0.834173]]],"btipPosition":[26.5972,180.225,-30.9313],"carpPosition":[26.1406,150.289,101.617],"dipPosition":[30.278,172.833,-18.4409],"direction":[-0.136437,0.320029,-0.937532],"extended":true,"handId":86,"id":861,"length":51.5374,"mcpPosition":[33.2518,162.28,38.8797],"pipPosition":[33.1681,166.054,1.4182],"stabilizedTipPosition":[31.0697,185.253,-25.2425],"timeVisible":8.56838,"tipPosition":[27.0645,176.565,-28.4275],"tipVelocity":[-28.0596,-40.5335,-23.0417],"tool":false,"touchDistance":0.258195,"touchZone":"hovering","type":1,"width":16.6549},{"bases":[[[-0.93312,-0.357783,-0.0357541],[0.359485,-0.926187,-0.113793],[0.00759843,-0.119036,0.992861]],[[-0.931531,-0.363365,0.0146947],[0.357078,-0.921573,-0.15231],[0.0688863,-0.136634,0.988224]],[[-0.931531,-0.363365,0.0146947],[0.319729,-0.83758,-0.442983],[0.173272,-0.407954,0.89641]],[[-0.931531,-0.363365,0.0146947],[0.281093,-0.745078,-0.604852],[0.230731,-0.559308,0.796202]]],"btipPosition":[6.41414,176.314,-38.7707],"carpPosition":[17.9051,143.909,98.9375],"dipPosition":[10.214,167.102,-25.6581],"direction":[-0.173272,0.407954,-0.89641],"extended":true,"handId":86,"id":862,"length":58.7228,"mcpPosition":[17.442,151.164,38.4254],"pipPosition":[14.5321,156.936,-3.31877],"stabilizedTipPosition":[9.8661,180.924,-32.9165],"timeVisible":8.56838,"tipPosition":[8.50753,167.57,-37.3529],"tipVelocity":[-18.7779,-33.5343,-21.5735],"tool":false,"touchDistance":0.270859,"touchZone":"hovering","type":2,"width":16.3574},{"bases":[[[-0.946258,-0.300556,0.119424],[0.291958,-0.952704,-0.0843489],[0.139127,-0.044949,0.989254]],[[-0.947998,-0.299942,0.106468],[0.278568,-0.943725,-0.178279],[0.15395,-0.139349,0.978203]],[[-0.947998,-0.299942,0.106468],[0.204852,-0.831021,-0.517145],[0.243591,-0.468442,0.84925]],[[-0.947998,-0.299942,0.106468],[0.152982,-0.722748,-0.673967],[0.2791,-0.622632,0.731049]]],"btipPosition":[-15.9075,168.929,-27.2682],"carpPosition":[8.2174,139.445,97.7546],"dipPosition":[-11.3375,158.734,-15.2979],"direction":[-0.243591,0.468442,-0.84925],"extended":true,"handId":86,"id":863,"length":56.4635,"mcpPosition":[0.604298,141.905,43.6222],"pipPosition":[-5.42376,147.361,5.31964],"stabilizedTipPosition":[-13.224,174.267,-20.9835],"timeVisible":8.56838,"tipPosition":[-13.7777,163.408,-25.4485],"tipVelocity":[-10.5629,-38.4405,-25.8017],"tool":false,"touchDistance":0.25701,"touchZone":"hovering","type":3,"width":15.5651},{"bases":[[[-0.958941,-0.142165,0.245401],[0.152363,-0.988057,0.0229846],[0.239203,0.0594309,0.969149]],[[-0.970344,-0.145135,0.19331],[0.0755108,-0.941669,-0.327958],[0.229632,-0.303635,0.924702]],[[-0.970344,-0.145135,0.19331],[-0.0611944,-0.626161,-0.777289],[0.233855,-0.766067,0.59871]],[[-0.970344,-0.145135,0.19331],[-0.124724,-0.384425,-0.914692],[0.207067,-0.911676,0.354922]]],"btipPosition":[-30.4733,173.367,5.92138],"carpPosition":[-4.10454,140.066,99.2912],"dipPosition":[-27.3454,159.596,11.2828],"direction":[-0.233855,0.766067,-0.59871],"extended":true,"handId":86,"id":864,"length":44.2663,"mcpPosition":[-16.2211,137.056,50.1998],"pipPosition":[-23.3369,146.465,21.5452],"stabilizedTipPosition":[-27.8812,177.111,11.1345],"timeVisible":8.56838,"tipPosition":[-30.2701,166.089,4.66671],"tipVelocity":[-10.2737,-26.9459,-26.2975],"tool":false,"touchDistance":0.254171,"touchZone":"hovering","type":4,"width":13.8261}],"r":[[0.990004,0.0543684,-0.130139],[-0.104691,0.901579,-0.419756],[0.0945096,0.429184,0.898259]],"s":0.753844,"t":[28.4461,-10.4803,45.7688],"timestamp":629745083952},{"currentFrameRate":55.3207,"devices":[],"gestures":[],"hands":[{"armBasis":[[-0.88869,-0.449646,-0.0897069],[0.426509,-0.738887,-0.521667],[0.168282,-0.501861,0.84842]],"armWidth":55.1091,"confidence":1,"direction":[0.0395284,-0.0264752,-0.998868],"elbow":[47.337,24.8018,325.288],"grabAngle":0.723092,"grabStrength":0,"id":86,"palmNormal":[-0.487211,0.872254,-0.0423998],"palmPosition":[12.2098,153.159,59.8087],"palmVelocity":[-11.6784,-29.8308,-17.4094],"palmWidth":79.4861,"pinchDistance":58.1049,"pinchStrength":0,"r":[[0.990124,0.0497229,-0.13108],[-0.101133,0.900842,-0.422203],[0.0970888,0.43129,0.896974]],"s":0.751638,"sphereCenter":[-46.9849,203.259,37.4973],"sphereRadius":82.1651,"stabilizedPalmPosition":[14.3825,159.564,62.6141],"t":[28.2274,-11.0443,45.4345],"timeVisible":8.58642,"type":"right","wrist":[7.64528,143.173,125.177]}],"id":30823,"interactionBox":{"center":[0,200,0],"size":[235.247,235.247,147.751]},"pointables":[{"bases":[[[0.0924412,-0.981839,-0.165672],[0.904555,0.0132576,0.426152],[-0.416216,-0.189253,0.889352]],[[0.218011,-0.87335,-0.435582],[0.945065,0.0775327,0.317555],[-0.243564,-0.480884,0.842275]],[[0.218011,-0.87335,-0.435582],[0.959735,0.272863,-0.0667436],[0.177145,-0.403493,0.897671]],[[0.218011,-0.87335,-0.435582],[0.87321,0.373883,-0.312595],[0.435862,-0.312206,0.844128]]],"btipPosition":[19.7737,207.764,29.2028],"carpPosition":[23.3855,168.334,110.068],"dipPosition":[28.7133,201.361,46.5162],"direction":[-0.177145,0.403493,-0.897671],"extended":false,"handId":86,"id":860,"length":45.6735,"mcpPosition":[23.3855,168.334,110.068],"pipPosition":[34.0065,189.304,73.3391],"stabilizedTipPosition":[19.8897,214.015,37.8783],"timeVisible":8.58642,"tipPosition":[21.6784,206.792,34.0457],"tipVelocity":[6.1967,-34.9108,-21.061],"tool":false,"touchDistance":0.189987,"touchZone":"hovering","type":0,"width":17.4361},{"bases":[[[-0.853367,-0.485848,-0.188985],[0.50933,-0.854313,-0.103601],[-0.111118,-0.184665,0.9765]],[[-0.860479,-0.507337,-0.0467427],[0.509462,-0.855926,-0.0885346],[0.00490859,-0.0999958,0.994976]],[[-0.860479,-0.507337,-0.0467427],[0.490144,-0.799281,-0.34772],[0.139051,-0.322116,0.936433]],[[-0.860479,-0.507337,-0.0467427],[0.445217,-0.704157,-0.553123],[0.247706,-0.496761,0.831787]]],"btipPosition":[26.2328,179.642,-31.2074],"carpPosition":[25.9306,149.747,101.303],"dipPosition":[29.9418,172.203,-18.7528],"direction":[-0.139051,0.322116,-0.936433],"extended":true,"handId":86,"id":861,"length":51.5374,"mcpPosition":[33.072,161.615,38.5451],"pipPosition":[32.8872,165.38,1.08307],"stabilizedTipPosition":[30.7951,184.748,-25.4561],"timeVisible":8.58642,"tipPosition":[26.9268,175.87,-28.7723],"tipVelocity":[-19.8426,-32.9305,-15.762],"tool":false,"touchDistance":0.253456,"touchZone":"hovering","type":1,"width":16.6549},{"bases":[[[-0.934775,-0.353524,-0.0348701],[0.355162,-0.927999,-0.112596],[0.00744585,-0.117636,0.993029]],[[-0.933216,-0.358997,0.0151535],[0.352581,-0.923035,-0.153924],[0.0692454,-0.138301,0.987966]],[[-0.933216,-0.358997,0.0151535],[0.315292,-0.838374,-0.444657],[0.172335,-0.410183,0.895573]],[[-0.933216,-0.358997,0.0151535],[0.277324,-0.74644,-0.604913],[0.228473,-0.560312,0.796148]]],"btipPosition":[6.22843,175.863,-39.0504],"carpPosition":[17.6647,143.402,98.6354],"dipPosition":[9.99111,166.636,-25.9388],"direction":[-0.172335,0.410183,-0.895573],"extended":true,"handId":86,"id":862,"length":58.7228,"mcpPosition":[17.2109,150.572,38.1131],"pipPosition":[14.2859,156.414,-3.62025],"stabilizedTipPosition":[9.75132,180.627,-33.0456],"timeVisible":8.58642,"tipPosition":[8.30477,167.004,-37.6623],"tipVelocity":[-10.7689,-25.1617,-15.5178],"tool":false,"touchDistance":0.266193,"touchZone":"hovering","type":2,"width":16.3574},{"bases":[[[-0.947587,-0.296013,0.12023],[0.287525,-0.954162,-0.0830862],[0.139314,-0.0441622,0.989263]],[[-0.949526,-0.295335,0.105729],[0.274371,-0.945296,-0.176456],[0.152059,-0.138541,0.978614]],[[-0.949526,-0.295335,0.105729],[0.202059,-0.833648,-0.514006],[0.239945,-0.466699,0.851245]],[[-0.949526,-0.295335,0.105729],[0.151382,-0.726619,-0.670156],[0.274745,-0.620324,0.734651]]],"btipPosition":[-15.9452,168.31,-27.6841],"carpPosition":[7.95605,138.981,97.4628],"dipPosition":[-11.4465,158.153,-15.6547],"direction":[-0.239945,0.466699,-0.851245],"extended":true,"handId":86,"id":863,"length":56.4635,"mcpPosition":[0.332753,141.398,43.3299],"pipPosition":[-5.62127,146.822,5.01123],"stabilizedTipPosition":[-13.2851,173.967,-21.1259],"timeVisible":8.58642,"tipPosition":[-13.988,162.902,-25.7566],"tipVelocity":[-2.99786,-33.835,-22.3004],"tool":false,"touchDistance":0.250305,"touchZone":"hovering","type":3,"width":15.5651},{"bases":[[[-0.959489,-0.137383,0.245983],[0.147812,-0.988716,0.0243532],[0.239861,0.0597257,0.968968]],[[-0.971232,-0.140461,0.1923],[0.0717195,-0.94256,-0.326246],[0.227079,-0.303069,0.925518]],[[-0.971232,-0.140461,0.1923],[-0.0618778,-0.630928,-0.77337],[0.229956,-0.763021,0.604086]],[[-0.971232,-0.140461,0.1923],[-0.123867,-0.391703,-0.911716],[0.203385,-0.909307,0.363036]]],"btipPosition":[-30.5629,172.842,5.40266],"carpPosition":[-4.36227,139.661,99.0033],"dipPosition":[-27.4906,159.106,10.8866],"direction":[-0.229956,0.763021,-0.604086],"extended":true,"handId":86,"id":864,"length":44.2663,"mcpPosition":[-16.5122,136.635,49.9211],"pipPosition":[-23.5489,146.027,21.2412],"stabilizedTipPosition":[-27.9097,177.004,11.07],"timeVisible":8.58642,"tipPosition":[-30.4374,165.721,4.38244],"tipVelocity":[-5.67338,-28.6824,-27.193],"tool":false,"touchDistance":0.245996,"touchZone":"hovering","type":4,"width":13.8261}],"r":[[0.990124,0.0497229,-0.13108],[-0.101133,0.900842,-0.422203],[0.0970888,0.43129,0.896974]],"s":0.751638,"t":[28.2274,-11.0443,45.4345],"timestamp":629745101991},{"currentFrameRate":55.3152,"devices":[],"gestures":[],"hands":[{"armBasis":[[-0.890537,-0.446075,-0.089224],[0.42341,-0.741055,-0.521115],[0.166337,-0.501851,0.84881]],"armWidth":55.1091,"confidence":1,"direction":[0.0397504,-0.0297439,-0.998767],"elbow":[46.6581,24.3708,325.014],"grabAngle":0.723948,"grabStrength":0,"id":86,"palmNormal":[-0.483965,0.873915,-0.0452873],"palmPosition":[12.0455,152.526,59.4186],"palmVelocity":[-9.07941,-34.9893,-21.5568],"palmWidth":79.4861,"pinchDistance":58.0779,"pinchStrength":0,"r":[[0.990248,0.045189,-0.131786],[-0.0975976,0.900044,-0.424731],[0.0994203,0.433451,0.895676]],"s":0.749559,"sphereCenter":[-47.4457,203.196,37.0846],"sphereRadius":82.6785,"stabilizedPalmPosition":[14.3244,159.389,62.5346],"t":[28.0358,-11.643,45.0723],"timeVisible":8.60452,"type":"right","wrist":[7.42535,142.739,124.81]}],"id":30824,"interactionBox":{"center":[0,200,0],"size":[235.247,235.247,147.751]},"pointables":[{"bases":[[[0.088859,-0.982687,-0.162572],[0.904461,0.0112421,0.426409],[-0.417199,-0.18493,0.889801]],[[0.215028,-0.875361,-0.433019],[0.94501,0.0746257,0.318413],[-0.246412,-0.477675,0.843272]],[[0.215028,-0.875361,-0.433019],[0.960791,0.26909,-0.0668675],[0.175055,-0.401662,0.898901]],[[0.215028,-0.875361,-0.433019],[0.874062,0.370281,-0.314495],[0.435635,-0.310861,0.844741]]],"btipPosition":[19.8406,207.024,28.676],"carpPosition":[23.2612,167.817,109.634],"dipPosition":[28.7756,200.648,46.0019],"direction":[-0.175055,0.401662,-0.898901],"extended":false,"handId":86,"id":860,"length":45.6735,"mcpPosition":[23.2612,167.817,109.634],"pipPosition":[34.0064,188.647,72.8615],"stabilizedTipPosition":[19.94,213.803,37.7473],"timeVisible":8.60452,"tipPosition":[21.7214,206.042,33.4889],"tipVelocity":[3.64006,-40.5295,-28.954],"tool":false,"touchDistance":0.181254,"touchZone":"hovering","type":0,"width":17.4361},{"bases":[[[-0.8551,-0.483275,-0.18775],[0.506197,-0.856512,-0.100761],[-0.112114,-0.181199,0.977035]],[[-0.862316,-0.504465,-0.0438848],[0.50632,-0.857772,-0.088699],[0.00710236,-0.0987064,0.995091]],[[-0.862316,-0.504465,-0.0438848],[0.486205,-0.800647,-0.350099],[0.141476,-0.323233,0.935684]],[[-0.862316,-0.504465,-0.0438848],[0.440571,-0.70472,-0.556118],[0.249616,-0.498884,0.829944]]],"btipPosition":[25.9439,178.872,-31.5778],"carpPosition":[25.7403,149.193,100.928],"dipPosition":[29.6815,171.402,-19.1507],"direction":[-0.141476,0.323233,-0.935684],"extended":true,"handId":86,"id":861,"length":51.5374,"mcpPosition":[32.9457,160.838,38.1356],"pipPosition":[32.6783,164.555,0.669221],"stabilizedTipPosition":[30.5332,184.25,-25.6703],"timeVisible":8.60452,"tipPosition":[26.8734,174.951,-29.2176],"tipVelocity":[-15.6008,-42.9575,-20.8181],"tool":false,"touchDistance":0.247177,"touchZone":"hovering","type":1,"width":16.6549},{"bases":[[[-0.936066,-0.35017,-0.0340757],[0.35176,-0.929655,-0.109577],[0.0066919,-0.114558,0.993394]],[[-0.934524,-0.355527,0.0163246],[0.349039,-0.924504,-0.153177],[0.0695508,-0.13745,0.988064]],[[-0.934524,-0.355527,0.0163246],[0.311674,-0.839675,-0.444753],[0.171829,-0.410544,0.895505]],[[-0.934524,-0.355527,0.0163246],[0.274143,-0.748335,-0.60402],[0.226961,-0.559995,0.796802]]],"btipPosition":[6.08607,175.112,-39.4438],"carpPosition":[17.4518,142.87,98.2774],"dipPosition":[9.82386,165.889,-26.3214],"direction":[-0.171829,0.410544,-0.895505],"extended":true,"handId":86,"id":862,"length":58.7228,"mcpPosition":[17.0439,149.852,37.7328],"pipPosition":[14.106,155.658,-4.00462],"stabilizedTipPosition":[9.63791,180.318,-33.1822],"timeVisible":8.60452,"tipPosition":[8.20631,166.171,-38.0746],"tipVelocity":[-8.18276,-41.4716,-21.6048],"tool":false,"touchDistance":0.259677,"touchZone":"hovering","type":2,"width":16.3574},{"bases":[[[-0.948715,-0.292127,0.12084],[0.284018,-0.955475,-0.0800084],[0.138832,-0.0415845,0.989442]],[[-0.950739,-0.291453,0.105601],[0.271053,-0.946885,-0.173027],[0.150421,-0.13588,0.979239]],[[-0.950739,-0.291453,0.105601],[0.199748,-0.836484,-0.510289],[0.237058,-0.464058,0.853495]],[[-0.950739,-0.291453,0.105601],[0.149944,-0.730519,-0.666228],[0.271317,-0.617574,0.738234]]],"btipPosition":[-15.9574,167.456,-28.1791],"carpPosition":[7.72721,138.481,97.1154],"dipPosition":[-11.5148,157.344,-16.0911],"direction":[-0.237058,0.464058,-0.853495],"extended":true,"handId":86,"id":863,"length":56.4635,"mcpPosition":[0.130269,140.757,42.9727],"pipPosition":[-5.75963,146.078,4.6295],"stabilizedTipPosition":[-13.3447,173.648,-21.2803],"timeVisible":8.60452,"tipPosition":[-14.0937,162.116,-26.1808],"tipVelocity":[-1.38541,-46.6141,-26.607],"tool":false,"touchDistance":0.24228,"touchZone":"hovering","type":3,"width":15.5651},{"bases":[[[-0.960069,-0.133062,0.246092],[0.144143,-0.989175,0.027492],[0.23977,0.0618666,0.968856]],[[-0.971983,-0.136315,0.191488],[0.068321,-0.943332,-0.32474],[0.224904,-0.302559,0.926216]],[[-0.971983,-0.136315,0.191488],[-0.0629082,-0.634081,-0.770703],[0.226478,-0.761156,0.607741]],[[-0.971983,-0.136315,0.191488],[-0.123633,-0.39638,-0.909724],[0.199912,-0.90791,0.368421]]],"btipPosition":[-30.6055,172.215,4.88909],"carpPosition":[-4.58901,139.212,98.6497],"dipPosition":[-27.5857,158.5,10.4544],"direction":[-0.226478,0.761156,-0.607741],"extended":true,"handId":86,"id":864,"length":44.2663,"mcpPosition":[-16.7344,136.078,49.5731],"pipPosition":[-23.7037,145.454,20.8716],"stabilizedTipPosition":[-27.9379,176.892,11.001],"timeVisible":8.60452,"tipPosition":[-30.5349,165.087,3.94731],"tipVelocity":[-3.02316,-34.3497,-27.3448],"tool":false,"touchDistance":0.237748,"touchZone":"hovering","type":4,"width":13.8261}],"r":[[0.990248,0.045189,-0.131786],[-0.0975976,0.900044,-0.424731],[0.0994203,0.433451,0.895676]],"s":0.749559,"t":[28.0358,-11.643,45.0723],"timestamp":629745120088},{"currentFrameRate":54.9952,"devices":[],"gestures":[],"hands":[{"armBasis":[[-0.892119,-0.442907,-0.089203],[0.420929,-0.743069,-0.520257],[0.164142,-0.50168,0.849338]],"armWidth":55.1091,"confidence":1,"direction":[0.040286,-0.034168,-0.998604],"elbow":[46.0059,23.8627,324.794],"grabAngle":0.726327,"grabStrength":0,"id":86,"palmNormal":[-0.481484,0.875064,-0.0493651],"palmPosition":[11.9808,151.714,59.0438],"palmVelocity":[-3.34996,-42.0705,-19.431],"palmWidth":79.4861,"pinchDistance":58.0636,"pinchStrength":0,"r":[[0.990372,0.040891,-0.132255],[-0.0942156,0.899073,-0.427541],[0.101424,0.435885,0.894269]],"s":0.74771,"sphereCenter":[-47.7528,202.733,36.5787],"sphereRadius":83.0488,"stabilizedPalmPosition":[14.2576,159.17,62.435],"t":[27.9077,-12.3481,44.7038],"timeVisible":8.62381,"type":"right","wrist":[7.29079,142.191,124.466]}],"id":30825,"interactionBox":{"center":[0,200,0],"size":[235.247,235.247,147.751]},"pointables":[{"bases":[[[0.086203,-0.983625,-0.158272],[0.904224,0.0105488,0.426928],[-0.418267,-0.179916,0.890327]],[[0.21314,-0.877434,-0.429746],[0.944784,0.0730413,0.31945],[-0.248907,-0.474104,0.844553]],[[0.21314,-0.877434,-0.429746],[0.961636,0.266152,-0.0664748],[0.172705,-0.399091,0.9005]],[[0.21314,-0.877434,-0.429746],[0.874601,0.367402,-0.31637],[0.435483,-0.308425,0.845712]]],"btipPosition":[19.9698,206.115,28.1182],"carpPosition":[23.2083,167.19,109.199],"dipPosition":[28.9017,199.79,45.464],"direction":[-0.172705,0.399091,-0.9005],"extended":false,"handId":86,"id":860,"length":45.6735,"mcpPosition":[23.2083,167.19,109.199],"pipPosition":[34.0623,187.864,72.3714],"stabilizedTipPosition":[19.998,213.548,37.5903],"timeVisible":8.62381,"tipPosition":[21.8239,205.088,32.8854],"tipVelocity":[6.66191,-46.5175,-28.6765],"tool":false,"touchDistance":0.172033,"touchZone":"hovering","type":0,"width":17.4361},{"bases":[[[-0.856335,-0.481683,-0.186202],[0.503855,-0.858354,-0.0967431],[-0.113228,-0.176663,0.977737]],[[-0.863687,-0.502344,-0.0411807],[0.50395,-0.859214,-0.0882343],[0.00894093,-0.0969598,0.995248]],[[-0.863687,-0.502344,-0.0411807],[0.483052,-0.801648,-0.352166],[0.143896,-0.324054,0.935031]],[[-0.863687,-0.502344,-0.0411807],[0.436767,-0.705151,-0.558567],[0.251554,-0.500413,0.828437]]],"btipPosition":[25.7662,177.884,-31.9447],"carpPosition":[25.6405,148.522,100.576],"dipPosition":[29.5328,170.391,-19.5402],"direction":[-0.143896,0.324054,-0.935031],"extended":true,"handId":86,"id":861,"length":51.5374,"mcpPosition":[32.9175,159.876,37.7382],"pipPosition":[32.5808,163.527,0.265981],"stabilizedTipPosition":[30.2572,183.677,-25.9124],"timeVisible":8.62381,"tipPosition":[26.9198,173.771,-29.6656],"tipVelocity":[-8.86538,-51.4704,-19.2843],"tool":false,"touchDistance":0.240976,"touchZone":"hovering","type":1,"width":16.6549},{"bases":[[[-0.937023,-0.347689,-0.0331554],[0.349219,-0.931101,-0.105341],[0.00575474,-0.110285,0.993883]],[[-0.9355,-0.352879,0.0177622],[0.346404,-0.925916,-0.150612],[0.0695939,-0.134744,0.988433]],[[-0.9355,-0.352879,0.0177622],[0.308839,-0.841099,-0.444039],[0.171632,-0.409913,0.895831]],[[-0.9355,-0.352879,0.0177622],[0.271522,-0.750167,-0.60293],[0.226086,-0.559219,0.797596]]],"btipPosition":[6.04488,174.05,-39.8406],"carpPosition":[17.336,142.211,97.9473],"dipPosition":[9.76825,164.84,-26.7052],"direction":[-0.171632,0.409913,-0.895831],"extended":true,"handId":86,"id":862,"length":58.7228,"mcpPosition":[16.9852,148.933,37.3728],"pipPosition":[14.0455,154.625,-4.38019],"stabilizedTipPosition":[9.50726,179.917,-33.3559],"timeVisible":8.62381,"tipPosition":[8.22323,165.038,-38.4882],"tipVelocity":[-2.30716,-54.898,-20.4114],"tool":false,"touchDistance":0.253114,"touchZone":"hovering","type":2,"width":16.3574},{"bases":[[[-0.949605,-0.288943,0.1215],[0.281386,-0.956604,-0.0757037],[0.138101,-0.0377001,0.9897]],[[-0.95169,-0.288304,0.105673],[0.268664,-0.94846,-0.168059],[0.148679,-0.13155,0.980097]],[[-0.95169,-0.288304,0.105673],[0.19805,-0.839328,-0.506266],[0.234653,-0.460879,0.855879]],[[-0.95169,-0.288304,0.105673],[0.148816,-0.734088,-0.662547],[0.268588,-0.614814,0.741529]]],"btipPosition":[-15.8735,166.315,-28.6559],"carpPosition":[7.59984,137.845,96.798],"dipPosition":[-11.4755,156.248,-16.514],"direction":[-0.234653,0.460879,-0.855879],"extended":true,"handId":86,"id":863,"length":56.4635,"mcpPosition":[0.0428736,139.908,42.6412],"pipPosition":[-5.7788,145.059,4.2645],"stabilizedTipPosition":[-13.4117,173.222,-21.4826],"timeVisible":8.62381,"tipPosition":[-14.0814,161.02,-26.6097],"tipVelocity":[3.81756,-58.6066,-24.0724],"tool":false,"touchDistance":0.23454,"touchZone":"hovering","type":3,"width":15.5651},{"bases":[[[-0.960591,-0.129307,0.246058],[0.14135,-0.989447,0.0318528],[0.239342,0.0653778,0.968732]],[[-0.972559,-0.132788,0.191043],[0.0654711,-0.944149,-0.322948],[0.223257,-0.301578,0.926934]],[[-0.972559,-0.132788,0.191043],[-0.0641869,-0.636125,-0.768912],[0.223629,-0.760074,0.610145]],[[-0.972559,-0.132788,0.191043],[-0.123851,-0.399631,-0.908271],[0.196954,-0.907007,0.372219]]],"btipPosition":[-30.5655,171.379,4.44629],"carpPosition":[-4.71523,138.616,98.3214],"dipPosition":[-27.5903,157.678,10.069],"direction":[-0.223629,0.760074,-0.610145],"extended":true,"handId":86,"id":864,"length":44.2663,"mcpPosition":[-16.8389,135.305,49.2511],"pipPosition":[-23.7571,144.65,20.5274],"stabilizedTipPosition":[-27.9734,176.734,10.9049],"timeVisible":8.62381,"tipPosition":[-30.5253,164.182,3.50706],"tipVelocity":[1.54228,-43.1641,-22.2688],"tool":false,"touchDistance":0.230588,"touchZone":"hovering","type":4,"width":13.8261}],"r":[[0.990372,0.040891,-0.132255],[-0.0942156,0.899073,-0.427541],[0.101424,0.435885,0.894269]],"s":0.74771,"t":[27.9077,-12.3481,44.7038],"timestamp":629745139380},{"currentFrameRate":55.3117,"devices":[],"gestures":[],"hands":[{"armBasis":[[-0.895003,-0.43752,-0.0868682],[0.415522,-0.746948,-0.519047],[0.162207,-0.500644,0.85032]],"armWidth":55.1091,"confidence":1,"direction":[0.0410506,-0.0393245,-0.998383],"elbow":[45.3754,23.4841,324.49],"grabAngle":0.729371,"grabStrength":0,"id":86,"palmNormal":[-0.475373,0.878118,-0.0541334],"palmPosition":[11.9138,150.761,58.4738],"palmVelocity":[-3.94933,-56.1274,-33.5611],"palmWidth":79.4861,"pinchDistance":58.0042,"pinchStrength":0,"r":[[0.990537,0.0359531,-0.132453],[-0.0901844,0.897985,-0.430684],[0.103457,0.438554,0.89273]],"s":0.745852,"sphereCenter":[-47.6085,202.142,35.8203],"sphereRadius":83.1026,"stabilizedPalmPosition":[14.1944,158.943,62.3283],"t":[27.8101,-13.1772,44.2345],"timeVisible":8.64079,"type":"right","wrist":[7.11656,141.568,123.93]}],"id":30826,"interactionBox":{"center":[0,200,0],"size":[235.247,235.247,147.751]},"pointables":[{"bases":[[[0.0795591,-0.984959,-0.153382],[0.903847,0.00638736,0.427809],[-0.420394,-0.172669,0.89076]],[[0.207989,-0.880355,-0.426281],[0.945663,0.069629,0.317605],[-0.249924,-0.469176,0.847002]],[[0.207989,-0.880355,-0.426281],[0.962851,0.261005,-0.0692379],[0.172215,-0.396045,0.901937]],[[0.207989,-0.880355,-0.426281],[0.87524,0.362075,-0.320714],[0.436688,-0.306393,0.845829]]],"btipPosition":[19.9934,204.982,27.3316],"carpPosition":[23.1976,166.404,108.565],"dipPosition":[28.95,198.697,44.6798],"direction":[-0.172215,0.396045,-0.901937],"extended":false,"handId":86,"id":860,"length":45.6735,"mcpPosition":[23.1976,166.404,108.565],"pipPosition":[34.0959,186.863,71.6302],"stabilizedTipPosition":[20.0526,213.282,37.4239],"timeVisible":8.64079,"tipPosition":[22.1499,203.929,32.0509],"tipVelocity":[1.72273,-66.1997,-46.2831],"tool":false,"touchDistance":0.158933,"touchZone":"hovering","type":0,"width":17.4361},{"bases":[[[-0.859458,-0.47666,-0.184737],[0.498005,-0.862277,-0.0920314],[-0.115427,-0.171097,0.978469]],[[-0.867094,-0.496594,-0.0392831],[0.498049,-0.862673,-0.0879962],[0.00980994,-0.0958658,0.995346]],[[-0.867094,-0.496594,-0.0392831],[0.476938,-0.804829,-0.353241],[0.143801,-0.325029,0.934707]],[[-0.867094,-0.496594,-0.0392831],[0.430897,-0.708133,-0.559353],[0.249954,-0.501938,0.827998]]],"btipPosition":[25.7696,176.684,-32.5227],"carpPosition":[25.5094,147.678,100.035],"dipPosition":[29.5123,169.168,-20.1248],"direction":[-0.143801,0.325029,-0.934707],"extended":true,"handId":86,"id":861,"length":51.5374,"mcpPosition":[32.9277,158.674,37.1504],"pipPosition":[32.5583,162.283,-0.325517],"stabilizedTipPosition":[30.0221,183.112,-26.156],"timeVisible":8.64079,"tipPosition":[27.0832,172.342,-30.3115],"tipVelocity":[-0.120374,-70.9654,-34.1271],"tool":false,"touchDistance":0.231316,"touchZone":"hovering","type":1,"width":16.6549},{"bases":[[[-0.939371,-0.341365,-0.0324302],[0.342879,-0.933995,-0.100434],[0.00399505,-0.105465,0.994415]],[[-0.93792,-0.346342,0.0188111],[0.339995,-0.928754,-0.147713],[0.0686301,-0.132147,0.988851]],[[-0.93792,-0.346342,0.0188111],[0.302882,-0.844243,-0.442172],[0.169024,-0.409024,0.896733]],[[-0.93792,-0.346342,0.0188111],[0.266317,-0.753832,-0.600677],[0.22222,-0.558377,0.79927]]],"btipPosition":[6.14955,172.81,-40.4593],"carpPosition":[17.164,141.411,97.4287],"dipPosition":[9.80926,163.615,-27.2962],"direction":[-0.169024,0.409024,-0.896733],"extended":true,"handId":86,"id":862,"length":58.7228,"mcpPosition":[16.9205,147.839,36.8219],"pipPosition":[14.0215,153.421,-4.94878],"stabilizedTipPosition":[9.38857,179.482,-33.5482],"timeVisible":8.64079,"tipPosition":[8.33003,163.719,-39.1056],"tipVelocity":[5.30133,-72.7849,-36.0533],"tool":false,"touchDistance":0.242909,"touchZone":"hovering","type":2,"width":16.3574},{"bases":[[[-0.951702,-0.281778,0.121924],[0.274841,-0.958883,-0.0707435],[0.136845,-0.033817,0.990015]],[[-0.953815,-0.281187,0.105697],[0.262117,-0.950928,-0.164409],[0.146739,-0.129111,0.980713]],[[-0.953815,-0.281187,0.105697],[0.19262,-0.842496,-0.503089],[0.230511,-0.459494,0.857747]],[[-0.953815,-0.281187,0.105697],[0.144497,-0.737943,-0.659212],[0.26336,-0.613493,0.744491]]],"btipPosition":[-15.7433,165.214,-29.2984],"carpPosition":[7.39911,137.107,96.2907],"dipPosition":[-11.431,155.168,-17.108],"direction":[-0.230511,0.459494,-0.857747],"extended":true,"handId":86,"id":863,"length":56.4635,"mcpPosition":[-0.08908,138.957,42.1167],"pipPosition":[-5.83482,144.013,3.71583],"stabilizedTipPosition":[-13.4666,172.799,-21.688],"timeVisible":8.64079,"tipPosition":[-14.0021,159.847,-27.2465],"tipVelocity":[6.50383,-64.5487,-37.1775],"tool":false,"touchDistance":0.224017,"touchZone":"hovering","type":3,"width":15.5651},{"bases":[[[-0.961709,-0.121463,0.245689],[0.134474,-0.990233,0.0368266],[0.238817,0.0684554,0.968649]],[[-0.973694,-0.125147,0.190418],[0.0583584,-0.944767,-0.322506],[0.220262,-0.30291,0.927217]],[[-0.973694,-0.125147,0.190418],[-0.0684383,-0.636473,-0.768257],[0.217341,-0.761079,0.611165]],[[-0.973694,-0.125147,0.190418],[-0.126197,-0.399633,-0.907947],[0.189724,-0.908092,0.373327]]],"btipPosition":[-30.4257,170.653,3.88366],"carpPosition":[-4.91186,137.971,97.7975],"dipPosition":[-27.5597,156.935,9.5231],"direction":[-0.217341,0.761079,-0.611165],"extended":true,"handId":86,"id":864,"length":44.2663,"mcpPosition":[-17.0089,134.503,48.7315],"pipPosition":[-23.8343,143.89,19.999],"stabilizedTipPosition":[-28.0023,176.585,10.8126],"timeVisible":8.64079,"tipPosition":[-30.4388,163.317,2.86952],"tipVelocity":[6.75305,-43.0001,-32.9022],"tool":false,"touchDistance":0.221275,"touchZone":"hovering","type":4,"width":13.8261}],"r":[[0.990537,0.0359531,-0.132453],[-0.0901844,0.897985,-0.430684],[0.103457,0.438554,0.89273]],"s":0.745852,"t":[27.8101,-13.1772,44.2345],"timestamp":629745156363},{"currentFrameRate":55.3438,"devices":[],"gestures":[],"hands":[{"armBasis":[[-0.896322,-0.434858,-0.0866354],[0.413591,-0.74951,-0.516892],[0.159841,-0.499134,0.851655]],"armWidth":55.1091,"confidence":1,"direction":[0.0434798,-0.0489097,-0.997856],"elbow":[44.629,23.3055,324.117],"grabAngle":0.732505,"grabStrength":0,"id":86,"palmNormal":[-0.473355,0.878567,-0.0636883],"palmPosition":[11.9003,149.66,57.7308],"palmVelocity":[-0.747113,-61.3324,-41.3723],"palmWidth":79.4861,"pinchDistance":57.8498,"pinchStrength":0,"r":[[0.990733,0.0313301,-0.132163],[-0.0863656,0.896305,-0.434947],[0.104832,0.44233,0.890704]],"s":0.743805,"sphereCenter":[-47.6162,201.201,34.6367],"sphereRadius":83.2185,"stabilizedPalmPosition":[14.1257,158.665,62.1905],"t":[27.7546,-14.1425,43.6284],"timeVisible":8.65875,"type":"right","wrist":[6.92837,141.033,123.242]}],"id":30827,"interactionBox":{"center":[0,200,0],"size":[235.247,235.247,147.751]},"pointables":[{"bases":[[[0.077837,-0.98654,-0.143805],[0.902778,0.00854537,0.430021],[-0.423004,-0.163296,0.891292]],[[0.207589,-0.8843,-0.418235],[0.946116,0.0728716,0.315523],[-0.248539,-0.461198,0.851777]],[[0.207589,-0.8843,-0.418235],[0.962753,0.260413,-0.0727496],[0.173246,-0.387555,0.905421]],[[0.207589,-0.8843,-0.418235],[0.874481,0.359367,-0.325787],[0.438394,-0.298109,0.847904]]],"btipPosition":[19.7611,203.561,26.1111],"carpPosition":[23.0915,165.755,107.699],"dipPosition":[28.7527,197.446,43.5019],"direction":[-0.173246,0.387555,-0.905421],"extended":false,"handId":86,"id":860,"length":45.6735,"mcpPosition":[23.0915,165.755,107.699],"pipPosition":[33.9294,185.866,70.5564],"stabilizedTipPosition":[20.1048,212.956,37.2092],"timeVisible":8.65875,"tipPosition":[22.3043,202.542,30.8111],"tipVelocity":[-12.4869,-76.9453,-67.4152],"tool":false,"touchDistance":0.138755,"touchZone":"hovering","type":0,"width":17.4361},{"bases":[[[-0.860008,-0.476576,-0.182377],[0.496389,-0.864165,-0.0825626],[-0.118256,-0.161534,0.979756]],[[-0.868057,-0.495061,-0.0372928],[0.496363,-0.863916,-0.085282],[0.010002,-0.0925405,0.995659]],[[-0.868057,-0.495061,-0.0372928],[0.475217,-0.806819,-0.351015],[0.143685,-0.322423,0.935627]],[[-0.868057,-0.495061,-0.0372928],[0.429772,-0.71172,-0.555653],[0.24854,-0.498366,0.830578]]],"btipPosition":[25.8431,175.101,-33.3565],"carpPosition":[25.3847,146.943,99.3537],"dipPosition":[29.5646,167.639,-20.9199],"direction":[-0.143685,0.322423,-0.935627],"extended":true,"handId":86,"id":861,"length":51.5374,"mcpPosition":[32.9848,157.325,36.3866],"pipPosition":[32.6082,160.809,-1.10114],"stabilizedTipPosition":[29.774,182.386,-26.48],"timeVisible":8.65875,"tipPosition":[27.3203,170.452,-31.1954],"tipVelocity":[3.82068,-87.467,-45.932],"tool":false,"touchDistance":0.217569,"touchZone":"hovering","type":1,"width":16.6549},{"bases":[[[-0.940015,-0.33967,-0.0315662],[0.341131,-0.935632,-0.0906766],[0.00126571,-0.0960056,0.99538]],[[-0.938719,-0.344137,0.0193973],[0.33818,-0.930429,-0.141196],[0.0666383,-0.125983,0.989792]],[[-0.938719,-0.344137,0.0193973],[0.301723,-0.847625,-0.436457],[0.166642,-0.403858,0.899516]],[[-0.938719,-0.344137,0.0193973],[0.265932,-0.758901,-0.594432],[0.219287,-0.552847,0.803912]]],"btipPosition":[6.37617,171.012,-41.3462],"carpPosition":[17.0325,140.67,96.7861],"dipPosition":[9.98756,161.908,-28.1067],"direction":[-0.166642,0.403858,-0.899516],"extended":true,"handId":86,"id":862,"length":58.7228,"mcpPosition":[16.9554,146.521,36.1205],"pipPosition":[14.1404,151.843,-5.68992],"stabilizedTipPosition":[9.24935,178.808,-33.8514],"timeVisible":8.65875,"tipPosition":[8.56777,161.812,-39.9492],"tipVelocity":[12.0006,-98.9614,-48.4101],"tool":false,"touchDistance":0.22842,"touchZone":"hovering","type":2,"width":16.3574},{"bases":[[[-0.952606,-0.278591,0.122182],[0.272966,-0.960093,-0.0609234],[0.134279,-0.0246844,0.990636]],[[-0.954692,-0.278145,0.105818],[0.260022,-0.952591,-0.157986],[0.144744,-0.123313,0.981755]],[[-0.954692,-0.278145,0.105818],[0.191443,-0.846253,-0.497197],[0.227842,-0.454412,0.861161]],[[-0.954692,-0.278145,0.105818],[0.144388,-0.74385,-0.652563],[0.26022,-0.607718,0.750309]]],"btipPosition":[-15.5464,163.538,-30.1777],"carpPosition":[7.26129,136.376,95.6643],"dipPosition":[-11.2855,153.587,-17.892],"direction":[-0.227842,0.454412,-0.861161],"extended":true,"handId":86,"id":863,"length":56.4635,"mcpPosition":[-0.0865097,137.726,41.4563],"pipPosition":[-5.75413,142.555,3.01465],"stabilizedTipPosition":[-13.5259,172.177,-21.9932],"timeVisible":8.65875,"tipPosition":[-13.7912,158.03,-28.1264],"tipVelocity":[10.3056,-92.1207,-47.7452],"tool":false,"touchDistance":0.209727,"touchZone":"hovering","type":3,"width":15.5651},{"bases":[[[-0.962582,-0.117085,0.244392],[0.132262,-0.99012,0.0465834],[0.236523,0.077164,0.968557]],[[-0.974518,-0.121301,0.18868],[0.0558098,-0.945835,-0.319815],[0.217253,-0.301136,0.928503]],[[-0.974518,-0.121301,0.18868],[-0.0686985,-0.639339,-0.76585],[0.213528,-0.759297,0.614715]],[[-0.974518,-0.121301,0.18868],[-0.125185,-0.403862,-0.906214],[0.186125,-0.906742,0.378386]]],"btipPosition":[-30.2363,169.415,3.04525],"carpPosition":[-5.05156,137.28,97.1316],"dipPosition":[-27.4247,155.718,8.7611],"direction":[-0.213528,0.759297,-0.614715],"extended":true,"handId":86,"id":864,"length":44.2663,"mcpPosition":[-17.0324,133.371,48.0702],"pipPosition":[-23.7646,142.703,19.2978],"stabilizedTipPosition":[-28.0359,176.367,10.6761],"timeVisible":8.65875,"tipPosition":[-30.2695,161.876,1.95747],"tipVelocity":[9.85134,-68.6795,-45.7085],"tool":false,"touchDistance":0.207594,"touchZone":"hovering","type":4,"width":13.8261}],"r":[[0.990733,0.0313301,-0.132163],[-0.0863656,0.896305,-0.434947],[0.104832,0.44233,0.890704]],"s":0.743805,"t":[27.7546,-14.1425,43.6284],"timestamp":629745174321},{"currentFrameRate":55.3461,"devices":[],"gestures":[],"hands":[{"armBasis":[[-0.89802,-0.431468,-0.085993],[0.411109,-0.753348,-0.513281],[0.156682,-0.496289,0.853902]],"armWidth":55.1091,"confidence":1,"direction":[0.0457612,-0.0577822,-0.99728],"elbow":[43.7102,23.3313,323.768],"grabAngle":0.737223,"grabStrength":0,"id":86,"palmNormal":[-0.470054,0.879652,-0.0725357],"palmPosition":[11.9107,148.467,56.8025],"palmVelocity":[0.575473,-66.019,-51.4031],"palmWidth":79.4861,"pinchDistance":57.6654,"pinchStrength":0,"r":[[0.99096,0.0266973,-0.131473],[-0.082461,0.894226,-0.439954],[0.105821,0.446818,0.888344]],"s":0.74173,"sphereCenter":[-47.5221,200.393,33.3488],"sphereRadius":83.3782,"stabilizedPalmPosition":[14.0579,158.353,62.0258],"t":[27.7321,-15.2213,42.8612],"timeVisible":8.67681,"type":"right","wrist":[6.75468,140.388,122.363]}],"id":30828,"interactionBox":{"center":[0,200,0],"size":[235.247,235.247,147.751]},"pointables":[{"bases":[[[0.0746651,-0.988029,-0.134992],[0.901742,0.00909662,0.432179],[-0.425778,-0.153997,0.891627]],[[0.205884,-0.888137,-0.410883],[0.946741,0.0745502,0.313247],[-0.247575,-0.453492,0.856184]],[[0.205884,-0.888137,-0.410883],[0.963218,0.258022,-0.075077],[0.172696,-0.380313,0.908592]],[[0.205884,-0.888137,-0.410883],[0.87527,0.354901,-0.328553],[0.437623,-0.29199,0.850428]]],"btipPosition":[19.6961,202.087,24.7295],"carpPosition":[23.0363,164.959,106.656],"dipPosition":[28.6719,196.098,42.172],"direction":[-0.172696,0.380313,-0.908592],"extended":false,"handId":86,"id":860,"length":45.6735,"mcpPosition":[23.0363,164.959,106.656],"pipPosition":[33.8322,184.734,69.3212],"stabilizedTipPosition":[20.1536,212.595,36.9595],"timeVisible":8.67681,"tipPosition":[22.552,201.067,29.4326],"tipVelocity":[-3.79981,-80.0202,-75.846],"tool":false,"touchDistance":0.115926,"touchZone":"hovering","type":0,"width":17.4361},{"bases":[[[-0.861254,-0.475094,-0.180353],[0.493499,-0.866611,-0.0737774],[-0.121244,-0.152545,0.980831]],[[-0.869736,-0.492129,-0.0369919],[0.49343,-0.865722,-0.0839791],[0.00930384,-0.0912925,0.995781]],[[-0.869736,-0.492129,-0.0369919],[0.472528,-0.808776,-0.350141],[0.142396,-0.32201,0.935966]],[[-0.869736,-0.492129,-0.0369919],[0.427918,-0.714666,-0.553298],[0.245857,-0.497053,0.832162]]],"btipPosition":[26.027,173.571,-34.3338],"carpPosition":[25.2828,146.067,98.481],"dipPosition":[29.7083,166.129,-21.8735],"direction":[-0.142396,0.32201,-0.935966],"extended":true,"handId":86,"id":861,"length":51.5374,"mcpPosition":[33.0749,155.871,35.4448],"pipPosition":[32.7246,159.308,-2.04755],"stabilizedTipPosition":[29.555,181.591,-26.8567],"timeVisible":8.67681,"tipPosition":[27.5982,168.544,-32.2361],"tipVelocity":[9.67069,-84.4378,-53.8127],"tool":false,"touchDistance":0.201371,"touchZone":"hovering","type":1,"width":16.6549},{"bases":[[[-0.941142,-0.336592,-0.030943],[0.338008,-0.937594,-0.0816542],[-0.00152786,-0.0873072,0.99618]],[[-0.940013,-0.34058,0.0195174],[0.334918,-0.932236,-0.136989],[0.0648503,-0.122234,0.99038]],[[-0.940013,-0.34058,0.0195174],[0.299086,-0.850305,-0.433046],[0.164082,-0.401232,0.90116]],[[-0.940013,-0.34058,0.0195174],[0.264184,-0.762967,-0.58999],[0.21583,-0.549442,0.807175]]],"btipPosition":[6.62476,169.333,-42.3532],"carpPosition":[16.9146,139.801,95.9474],"dipPosition":[10.1792,160.285,-29.06],"direction":[-0.164082,0.401232,-0.90116],"extended":true,"handId":86,"id":862,"length":58.7228,"mcpPosition":[17.0077,145.122,35.233],"pipPosition":[14.2683,150.286,-6.60223],"stabilizedTipPosition":[9.12191,177.993,-34.2354],"timeVisible":8.67681,"tipPosition":[8.82726,159.961,-40.9464],"tipVelocity":[13.0398,-92.2456,-55.0761],"tool":false,"touchDistance":0.211842,"touchZone":"hovering","type":2,"width":16.3574},{"bases":[[[-0.953894,-0.274127,0.122234],[0.269683,-0.961552,-0.0518586],[0.131751,-0.0165031,0.991146]],[[-0.955914,-0.273822,0.106063],[0.256377,-0.954357,-0.15321],[0.143174,-0.119263,0.982485]],[[-0.955914,-0.273822,0.106063],[0.188636,-0.849427,-0.492838],[0.225043,-0.451104,0.863633]],[[-0.955914,-0.273822,0.106063],[0.142727,-0.748915,-0.647113],[0.256626,-0.603447,0.75498]]],"btipPosition":[-15.3502,161.937,-31.1962],"carpPosition":[7.13087,135.532,94.8388],"dipPosition":[-11.1482,152.056,-18.834],"direction":[-0.225043,0.451104,-0.863633],"extended":true,"handId":86,"id":863,"length":56.4635,"mcpPosition":[-0.0785791,136.435,40.603],"pipPosition":[-5.68472,141.105,2.13268],"stabilizedTipPosition":[-13.5765,171.438,-22.3688],"timeVisible":8.67681,"tipPosition":[-13.5551,156.244,-29.1727],"tipVelocity":[10.1153,-87.7173,-55.4192],"tool":false,"touchDistance":0.193046,"touchZone":"hovering","type":3,"width":15.5651},{"bases":[[[-0.963593,-0.111525,0.243004],[0.128608,-0.990138,0.0555551],[0.234412,0.0847847,0.968433]],[[-0.975378,-0.116172,0.187463],[0.0512844,-0.946189,-0.319525],[0.214496,-0.302044,0.928849]],[[-0.975378,-0.116172,0.187463],[-0.0708605,-0.639862,-0.765216],[0.208847,-0.759658,0.615875]],[[-0.975378,-0.116172,0.187463],[-0.125898,-0.404601,-0.905786],[0.181075,-0.907085,0.380012]]],"btipPosition":[-30.0181,168.281,2.13219],"carpPosition":[-5.18224,136.493,96.2674],"dipPosition":[-27.2828,154.579,7.87262],"direction":[-0.208847,0.759658,-0.615875],"extended":true,"handId":86,"id":864,"length":44.2663,"mcpPosition":[-17.0562,132.198,47.2123],"pipPosition":[-23.7029,14