{"frames":34,"data":[{"currentFrameRate":53.7378,"devices":[],"gestures":[],"hands":[{"armBasis":[[0.859874,0.112816,-0.497885],[0.063661,0.943968,0.323839],[0.506522,-0.310157,0.804511]],"armWidth":58.8355,"confidence":1,"direction":[-0.144978,0.527603,-0.837028],"elbow":[157.546,169.404,242.467],"grabAngle":0.982154,"grabStrength":0,"id":36,"palmNormal":[-0.0975709,-0.849466,-0.518543],"palmPosition":[11.9728,276.837,-14.0756],"palmVelocity":[-107.796,-939.949,-15.929],"palmWidth":82.9332,"pinchDistance":46.2563,"pinchStrength":0.165772,"r":[[0.997076,-0.065199,-0.0398449],[0.0617613,0.994705,-0.082146],[0.0449897,0.079445,0.995823]],"s":0.992431,"sphereCenter":[16.4617,218.33,-64.1615],"sphereRadius":74.2013,"stabilizedPalmPosition":[11.9759,276.864,-14.0751],"t":[-7.65599,-100.537,-23.9703],"timeVisible":1.28351,"type":"right","wrist":[32.8951,245.731,44.4833]}],"id":17099,"interactionBox":{"center":[0,200,0],"size":[235.247,235.247,147.751]},"pointables":[{"bases":[[[0.455186,0.860125,0.230196],[-0.692195,0.179213,0.699105],[0.560064,-0.477563,0.67695]],[[0.3355,0.937552,0.0918456],[-0.757175,0.210371,0.61841],[0.56047,-0.27702,0.78047]],[[0.3355,0.937552,0.0918456],[-0.879665,0.276906,0.386668],[0.337088,-0.21052,0.917634]],[[0.3355,0.937552,0.0918456],[-0.91467,0.300869,0.26992],[0.22543,-0.174567,0.958492]]],"btipPosition":[-39.6652,266.61,-51.6661],"carpPosition":[0.241188,244.33,29.994],"dipPosition":[-35.1327,263.1,-32.3945],"direction":[-0.337088,0.21052,-0.917634],"extended":false,"handId":36,"id":360,"length":44.7734,"mcpPosition":[0.241188,244.33,29.994],"pipPosition":[-25.2588,256.934,-5.51548],"stabilizedTipPosition":[-38.6219,265.809,-47.2336],"timeVisible":1.28351,"tipPosition":[-34.7421,268.929,-47.145],"tipVelocity":[-140.422,-1011.74,0.112365],"tool":false,"touchDistance":0.333305,"touchZone":"hovering","type":0,"width":18.8034},{"bases":[[[0.946292,0.0821853,-0.312692],[0.0507673,0.917383,0.394753],[0.319301,-0.389427,0.863941]],[[0.974997,0.0400968,-0.218572],[-0.026376,0.997515,0.065336],[0.220649,-0.0579373,0.973631]],[[0.974997,0.0400968,-0.218572],[-0.0622748,0.993476,-0.0955406],[0.213315,0.106763,0.971132]],[[0.974997,0.0400968,-0.218572],[-0.11085,0.940231,-0.321992],[0.192597,0.33817,0.921166]]],"btipPosition":[-29.0071,285.638,-97.7661],"carpPosition":[7.8042,264.567,29.7882],"dipPosition":[-26.1801,290.602,-84.2449],"direction":[-0.213315,-0.106763,-0.971132],"extended":true,"handId":36,"id":361,"length":50.5218,"mcpPosition":[-13.6066,290.68,-28.1436],"pipPosition":[-21.7506,292.818,-64.0795],"stabilizedTipPosition":[-28.3393,286.878,-94.6563],"timeVisible":1.28351,"tipPosition":[-26.7053,296.203,-94.5704],"tipVelocity":[-187.236,-1051.78,1.1909],"tool":false,"touchDistance":0.333567,"touchZone":"hovering","type":1,"width":17.961},{"bases":[[[0.958118,-0.128787,-0.255779],[0.217016,0.909298,0.355078],[0.18685,-0.395715,0.899164]],[[0.973835,-0.176534,-0.143113],[0.164927,0.982249,-0.0893612],[0.156347,0.06342,0.985664]],[[0.973835,-0.176534,-0.143113],[0.109156,0.915694,-0.386768],[0.199325,0.361026,0.911005]],[[0.973835,-0.176534,-0.143113],[0.0686381,0.82881,-0.555304],[0.216643,0.530951,0.819241]]],"btipPosition":[-8.50555,272.258,-107.01],"carpPosition":[18.2175,267.112,26.4653],"dipPosition":[-5.00801,280.829,-93.7841],"direction":[-0.199325,-0.361026,-0.911005],"extended":true,"handId":36,"id":362,"length":57.5655,"mcpPosition":[6.33568,292.275,-30.7129],"pipPosition":[-0.138535,289.649,-71.5284],"stabilizedTipPosition":[-7.69336,274.287,-103.97],"timeVisible":1.28351,"tipPosition":[-6.54677,285.037,-105.861],"tipVelocity":[-151.639,-1129.07,29.9195],"tool":false,"touchDistance":0.343895,"touchZone":"hovering","type":2,"width":17.6401},{"bases":[[[0.956068,-0.253794,-0.146706],[0.290761,0.884696,0.364379],[0.0373132,-0.391027,0.919622]],[[0.956576,-0.276952,-0.0908861],[0.264906,0.956096,-0.125319],[0.121603,0.0958005,0.987945]],[[0.956576,-0.276952,-0.0908861],[0.204028,0.858874,-0.469796],[0.20817,0.430852,0.878084]],[[0.956576,-0.276952,-0.0908861],[0.157993,0.754674,-0.636793],[0.24495,0.594781,0.76566]]],"btipPosition":[13.2475,265.566,-100.379],"carpPosition":[28.9316,266.719,23.2343],"dipPosition":[17.1793,275.113,-88.0892],"direction":[-0.20817,-0.430852,-0.878084],"extended":true,"handId":36,"id":363,"length":55.3508,"mcpPosition":[26.8012,289.044,-29.2701],"pipPosition":[22.1336,285.367,-67.1918],"stabilizedTipPosition":[14.153,267.771,-97.5526],"timeVisible":1.28351,"tipPosition":[13.7735,275.099,-98.9111],"tipVelocity":[-123.654,-1056.97,10.7969],"tool":false,"touchDistance":0.336211,"touchZone":"hovering","type":3,"width":16.7857},{"bases":[[[0.892688,-0.440011,-0.0974597],[0.438071,0.796406,0.41693],[-0.105836,-0.414883,0.903698]],[[0.888005,-0.455506,-0.0629396],[0.441761,0.88307,-0.158222],[0.127651,0.112698,0.985395]],[[0.888005,-0.455506,-0.0629396],[0.368279,0.786466,-0.495824],[0.275351,0.417115,0.866139]],[[0.888005,-0.455506,-0.0629396],[0.308294,0.691311,-0.653486],[0.341178,0.560895,0.754317]]],"btipPosition":[31.2776,262.925,-83.8235],"carpPosition":[39.2407,259.737,19.5951],"dipPosition":[36.3298,271.231,-72.6535],"direction":[-0.275351,-0.417115,-0.866139],"extended":true,"handId":36,"id":364,"length":43.394,"mcpPosition":[44.8342,281.664,-28.1661],"pipPosition":[40.9565,278.24,-58.0997],"stabilizedTipPosition":[32.4422,264.859,-81.2545],"timeVisible":1.28351,"tipPosition":[32.0451,271.42,-82.286],"tipVelocity":[-114.365,-1017.24,4.57302],"tool":false,"touchDistance":0.334151,"touchZone":"hovering","type":4,"width":14.9104}],"r":[[0.997076,-0.065199,-0.0398449],[0.0617613,0.994705,-0.082146],[0.0449897,0.079445,0.995823]],"s":0.992431,"t":[-7.65599,-100.537,-23.9703],"timestamp":629484065216},{"currentFrameRate":53.8744,"devices":[],"gestures":[],"hands":[{"armBasis":[[0.855704,0.112058,-0.505187],[0.0599897,0.948207,0.311938],[0.513977,-0.297233,0.804662]],"armWidth":58.8355,"confidence":1,"direction":[-0.155798,0.512424,-0.844481],"elbow":[158.372,157.09,242.658],"grabAngle":1.00866,"grabStrength":0,"id":36,"palmNormal":[-0.0953831,-0.85873,-0.503473],"palmPosition":[10.2686,260.243,-14.2438],"palmVelocity":[-94.2758,-917.964,-9.30597],"palmWidth":82.9332,"pinchDistance":45.8203,"pinchStrength":0.17632,"r":[[0.997269,-0.0596369,-0.0435576],[0.0556113,0.99453,-0.088417],[0.0485923,0.0857532,0.995131]],"s":0.99288,"sphereCenter":[14.0639,202.675,-62.4812],"sphereRadius":72.1375,"stabilizedPalmPosition":[10.2703,260.259,-14.2436],"t":[-9.46564,-117.054,-24.2682],"timeVisible":1.30158,"type":"right","wrist":[31.8864,230.237,44.6371]}],"id":17100,"interactionBox":{"center":[0,200,0],"size":[235.247,235.247,147.751]},"pointables":[{"bases":[[[0.450538,0.867213,0.21203],[-0.687793,0.185753,0.701739],[0.569172,-0.461993,0.680152]],[[0.329438,0.941294,0.0737272],[-0.757202,0.216747,0.61617],[0.564017,-0.258816,0.784155]],[[0.329438,0.941294,0.0737272],[-0.87466,0.274843,0.399289],[0.355586,-0.196027,0.913856]],[[0.329438,0.941294,0.0737272],[-0.906357,0.293397,0.304033],[0.264553,-0.166983,0.949804]]],"btipPosition":[-42.2527,249.267,-51.0846],"carpPosition":[-0.856415,228.392,30.4578],"dipPosition":[-36.9335,245.91,-31.9877],"direction":[-0.355586,0.196027,-0.913856],"extended":true,"handId":36,"id":360,"length":44.7734,"mcpPosition":[-0.856415,228.392,30.4578],"pipPosition":[-26.5178,240.168,-5.21935],"stabilizedTipPosition":[-41.0287,248.499,-46.6924],"timeVisible":1.30158,"tipPosition":[-36.8152,251.327,-46.7844],"tipVelocity":[-133.125,-957.452,29.945],"tool":false,"touchDistance":0.341427,"touchZone":"hovering","type":0,"width":18.8034},{"bases":[[[0.943057,0.0839576,-0.321862],[0.0470572,0.924216,0.37896],[0.329286,-0.372526,0.867637]],[[0.970285,0.0478509,-0.237185],[-0.0409087,0.998581,0.0341079],[0.23848,-0.0233915,0.970866]],[[0.970285,0.0478509,-0.237185],[-0.075601,0.991128,-0.109316],[0.22985,0.124,0.965294]],[[0.970285,0.0478509,-0.237185],[-0.129019,0.931586,-0.339854],[0.204696,0.360357,0.910078]]],"btipPosition":[-32.1084,266.657,-97.5645],"carpPosition":[6.5515,248.678,29.8517],"dipPosition":[-29.1038,271.947,-84.2061],"direction":[-0.22985,-0.124,-0.965294],"extended":true,"handId":36,"id":361,"length":50.5218,"mcpPosition":[-15.5289,273.658,-28.328],"pipPosition":[-24.331,274.522,-64.1618],"stabilizedTipPosition":[-31.4073,267.936,-94.4926],"timeVisible":1.30158,"tipPosition":[-29.3408,277.379,-94.713],"tipVelocity":[-169.302,-1045.83,9.08233],"tool":false,"touchDistance":0.336006,"touchZone":"hovering","type":1,"width":17.961},{"bases":[[[0.956942,-0.125939,-0.261537],[0.213033,0.916702,0.338046],[0.197179,-0.379207,0.904059]],[[0.974146,-0.172649,-0.145711],[0.153458,0.979017,-0.134073],[0.165802,0.108247,0.9802]],[[0.974146,-0.172649,-0.145711],[0.0954451,0.899096,-0.42722],[0.204768,0.402267,0.892329]],[[0.974146,-0.172649,-0.145711],[0.0502119,0.794297,-0.605451],[0.220269,0.582481,0.78243]]],"btipPosition":[-11.0451,251.645,-106.109],"carpPosition":[16.9178,251.245,26.4004],"dipPosition":[-7.48901,261.049,-93.4777],"direction":[-0.204768,-0.402267,-0.892329],"extended":true,"handId":36,"id":362,"length":57.5655,"mcpPosition":[4.37913,275.358,-31.089],"pipPosition":[-2.48657,270.876,-71.6783],"stabilizedTipPosition":[-10.2225,253.845,-103.206],"timeVisible":1.30158,"tipPosition":[-9.221,264.999,-105.615],"tipVelocity":[-139.739,-1129.69,42.2626],"tool":false,"touchDistance":0.354298,"touchZone":"hovering","type":2,"width":17.6401},{"bases":[[[0.956728,-0.249114,-0.150381],[0.287035,0.892806,0.347144],[0.047783,-0.375287,0.925676]],[[0.957749,-0.27432,-0.0863974],[0.258016,0.952246,-0.163267],[0.127059,0.134077,0.982792]],[[0.957749,-0.27432,-0.0863974],[0.196666,0.843861,-0.49922],[0.209854,0.461136,0.862157]],[[0.957749,-0.27432,-0.0863974],[0.14893,0.730035,-0.666985],[0.246041,0.625937,0.740045]]],"btipPosition":[11.0589,246.135,-99.8835],"carpPosition":[27.6077,250.877,23.0877],"dipPosition":[15.0083,256.183,-88.0047],"direction":[-0.209854,-0.461136,-0.862157],"extended":true,"handId":36,"id":363,"length":55.3508,"mcpPosition":[24.8796,272.304,-29.7624],"pipPosition":[20.0025,267.157,-67.4863],"stabilizedTipPosition":[11.968,248.452,-97.1515],"timeVisible":1.30158,"tipPosition":[11.4396,256.339,-98.884],"tipVelocity":[-120.848,-1068.51,22.1906],"tool":false,"touchDistance":0.341941,"touchZone":"hovering","type":3,"width":16.7857},{"bases":[[[0.895162,-0.434945,-0.0975107],[0.435433,0.806504,0.399937],[-0.0953075,-0.400467,0.911341]],[[0.888875,-0.455499,-0.0492171],[0.440033,0.878696,-0.185109],[0.127564,0.142881,0.981485]],[[0.888875,-0.455499,-0.0492171],[0.360235,0.761237,-0.539211],[0.283076,0.461562,0.840731]],[[0.888875,-0.455499,-0.0492171],[0.297673,0.655847,-0.693725],[0.34827,0.601984,0.718556]]],"btipPosition":[29.1875,244.066,-83.2673],"carpPosition":[37.9393,243.912,19.48],"dipPosition":[34.3448,252.981,-72.6267],"direction":[-0.283076,-0.461562,-0.840731],"extended":true,"handId":36,"id":364,"length":43.394,"mcpPosition":[42.9763,265.077,-28.6851],"pipPosition":[39.1013,260.736,-58.4999],"stabilizedTipPosition":[30.3754,246.132,-80.8203],"timeVisible":1.30158,"tipPosition":[29.8674,253.213,-82.3821],"tipVelocity":[-114.284,-1035.52,24.0346],"tool":false,"touchDistance":0.340586,"touchZone":"hovering","type":4,"width":14.9104}],"r":[[0.997269,-0.0596369,-0.0435576],[0.0556113,0.99453,-0.088417],[0.0485923,0.0857532,0.995131]],"s":0.99288,"t":[-9.46564,-117.054,-24.2682],"timestamp":629484083293},{"currentFrameRate":54.0019,"devices":[],"gestures":[{"direction":[-0.139913,-0.989675,-0.0311147],"duration":0,"handIds":[36],"id":1,"pointableIds":[361],"position":[-34.502,247.027,-94.9805],"speed":266.897,"startPosition":[-13.302,396.985,-90.2659],"state":"start","type":"swipe"},{"direction":[-0.126427,-0.991976,0.000380212],"duration":0,"handIds":[36],"id":2,"pointableIds":[362],"position":[-12.6554,231.836,-103.021],"speed":254.011,"startPosition":[7.38416,389.071,-103.081],"state":"start","type":"swipe"},{"direction":[-0.111153,-0.99379,-0.00514584],"duration":0,"handIds":[36],"id":3,"pointableIds":[363],"position":[9.81101,227.502,-97.168],"speed":247.579,"startPosition":[25.1473,364.62,-96.4581],"state":"start","type":"swipe"}],"hands":[{"armBasis":[[0.853703,0.118815,-0.507025],[0.0472149,0.951955,0.302576],[0.518615,-0.28225,0.807077]],"armWidth":58.8355,"confidence":1,"direction":[-0.17271,0.480618,-0.859754],"elbow":[158.658,145.178,243.302],"grabAngle":1.02545,"grabStrength":0,"id":36,"palmNormal":[-0.0813671,-0.87685,-0.473829],"palmPosition":[8.44316,242.424,-14.9208],"palmVelocity":[-101.036,-986.272,-37.4713],"palmWidth":82.9332,"pinchDistance":45.4718,"pinchStrength":0.18069,"r":[[0.997533,-0.0514145,-0.0477912],[0.0464303,0.993892,-0.100116],[0.0526467,0.0976504,0.993827]],"s":0.994727,"sphereCenter":[12.0949,183.726,-61.0286],"sphereRadius":71.7198,"stabilizedPalmPosition":[8.44434,242.435,-14.9203],"t":[-11.2832,-134.222,-24.7556],"timeVisible":1.31965,"type":"right","wrist":[31.0312,214.637,44.6869]}],"id":17101,"interactionBox":{"center":[0,200,0],"size":[235.247,235.247,147.751]},"pointables":[{"bases":[[[0.434071,0.882842,0.179364],[-0.6862,0.195011,0.700786],[0.583706,-0.427271,0.690455]],[[0.318478,0.946693,0.0484085],[-0.757511,0.22347,0.613383],[0.569868,-0.232019,0.788301]],[[0.318478,0.946693,0.0484085],[-0.872708,0.272886,0.404864],[0.370072,-0.171187,0.913095]],[[0.318478,0.946693,0.0484085],[-0.902982,0.287442,0.319376],[0.288436,-0.145426,0.946391]]],"btipPosition":[-44.251,230.359,-50.7348],"carpPosition":[-1.68407,211.864,30.9053],"dipPosition":[-38.4517,227.435,-31.7066],"direction":[-0.370072,0.171187,-0.913095],"extended":true,"handId":36,"id":360,"length":44.7734,"mcpPosition":[-1.68407,211.864,30.9053],"pipPosition":[-27.6117,222.421,-4.96049],"stabilizedTipPosition":[-42.9169,229.689,-46.3584],"timeVisible":1.31965,"tipPosition":[-38.9953,231.336,-46.7306],"tipVelocity":[-104.496,-1041.03,18.4865],"tool":false,"touchDistance":0.345628,"touchZone":"hovering","type":0,"width":18.8034},{"bases":[[[0.938673,0.0924074,-0.332197],[0.0307622,0.937136,0.347607],[0.343435,-0.336508,0.876821]],[[0.96529,0.0623878,-0.25362],[-0.0622262,0.998024,0.00866735],[0.25366,0.00741533,0.967265]],[[0.96529,0.0623878,-0.25362],[-0.0984858,0.986316,-0.132219],[0.241901,0.152607,0.958225]],[[0.96529,0.0623878,-0.25362],[-0.153892,0.920446,-0.3593],[0.211028,0.385859,0.898098]]],"btipPosition":[-35.2145,245.725,-98.0125],"carpPosition":[5.29759,232.266,29.5639],"dipPosition":[-32.117,251.388,-84.8299],"direction":[-0.241901,-0.152607,-0.958225],"extended":true,"handId":36,"id":361,"length":50.5218,"mcpPosition":[-17.7315,254.831,-29.2315],"pipPosition":[-27.0939,254.557,-64.9325],"stabilizedTipPosition":[-34.4958,247.07,-94.9795],"timeVisible":1.31965,"tipPosition":[-32.2268,255.628,-95.5598],"tipVelocity":[-170.738,-1153.85,-27.0341],"tool":false,"touchDistance":0.333333,"touchZone":"hovering","type":1,"width":17.961},{"bases":[[[0.957352,-0.115027,-0.265039],[0.196546,0.931651,0.305607],[0.211771,-0.344666,0.914526]],[[0.976369,-0.157405,-0.14808],[0.13137,0.976359,-0.171655],[0.171599,0.148145,0.973965]],[[0.976369,-0.157405,-0.14808],[0.0700118,0.878633,-0.472338],[0.204456,0.450809,0.86889]],[[0.976369,-0.157405,-0.14808],[0.0235239,0.75854,-0.651202],[0.214827,0.632329,0.744318]]],"btipPosition":[-13.4531,229.488,-105.785],"carpPosition":[15.5823,234.927,25.9444],"dipPosition":[-9.98486,239.697,-93.7685],"direction":[-0.204456,-0.450809,-0.86889],"extended":true,"handId":36,"id":362,"length":57.5655,"mcpPosition":[2.11574,256.844,-32.2106],"pipPosition":[-4.99002,250.71,-72.5417],"stabilizedTipPosition":[-12.6526,231.861,-103.021],"timeVisible":1.31965,"tipPosition":[-11.8729,243.058,-106.057],"tipVelocity":[-134.4,-1216.13,10.1273],"tool":false,"touchDistance":0.354946,"touchZone":"hovering","type":2,"width":17.6401},{"bases":[[[0.960523,-0.234397,-0.149849],[0.271092,0.90959,0.314888],[0.0624928,-0.34308,0.937225]],[[0.962535,-0.258204,-0.0828107],[0.237866,0.950634,-0.199287],[0.130179,0.172123,0.976436]],[[0.962535,-0.258204,-0.0828107],[0.175637,0.826349,-0.535069],[0.206588,0.500478,0.84074]],[[0.962535,-0.258204,-0.0828107],[0.127163,0.699557,-0.703171],[0.239492,0.666296,0.706182]]],"btipPosition":[8.92684,225.042,-99.7752],"carpPosition":[26.2524,234.668,22.5582],"dipPosition":[12.771,235.738,-88.4399],"direction":[-0.206588,-0.500478,-0.84074],"extended":true,"handId":36,"id":363,"length":55.3508,"mcpPosition":[22.6845,254.255,-30.9513],"pipPosition":[17.6876,247.648,-68.4312],"stabilizedTipPosition":[9.81143,227.507,-97.168],"timeVisible":1.31965,"tipPosition":[9.08157,235.47,-99.324],"tipVelocity":[-119.349,-1159.23,-0.922274],"tool":false,"touchDistance":0.34083,"touchZone":"hovering","type":3,"width":16.7857},{"bases":[[[0.903215,-0.419576,-0.0903232],[0.421638,0.828153,0.369304],[-0.0801495,-0.371644,0.924909]],[[0.896881,-0.440856,-0.03537],[0.424868,0.88104,-0.207978],[0.122851,0.171504,0.977494]],[[0.896881,-0.440856,-0.03537],[0.342148,0.742292,-0.576141],[0.28025,0.504628,0.816585]],[[0.896881,-0.440856,-0.03537],[0.271679,0.612277,-0.742501],[0.348992,0.656325,0.668911]]],"btipPosition":[27.3256,224.032,-83.1026],"carpPosition":[36.6985,227.798,19.0996],"dipPosition":[32.4935,233.751,-73.1972],"direction":[-0.28025,-0.504628,-0.816585],"extended":true,"handId":36,"id":364,"length":43.394,"mcpPosition":[40.9345,247.44,-29.7826],"pipPosition":[37.2026,242.23,-59.4761],"stabilizedTipPosition":[28.5151,226.277,-80.8244],"timeVisible":1.31965,"tipPosition":[27.6949,233.315,-82.8854],"tipVelocity":[-102.921,-1098.67,-0.243933],"tool":false,"touchDistance":0.339795,"touchZone":"hovering","type":4,"width":14.9104}],"r":[[0.997533,-0.0514145,-0.0477912],[0.0464303,0.993892,-0.100116],[0.0526467,0.0976504,0.993827]],"s":0.994727,"t":[-11.2832,-134.222,-24.7556],"timestamp":629484101360},{"currentFrameRate":54.1258,"devices":[],"gestures":[{"direction":[-0.145829,-0.989228,-0.0127082],"duration":0,"handIds":[36],"id":4,"pointableIds":[360],"position":[-44.6284,213.705,-45.9725],"speed":223.103,"startPosition":[-23.2073,359.014,-44.1057],"state":"start","type":"swipe"},{"direction":[-0.143173,-0.989306,-0.0278562],"duration":18038,"handIds":[36],"id":1,"pointableIds":[361],"position":[-37.1137,229.726,-95.3302],"speed":251.474,"startPosition":[-13.302,396.985,-90.2659],"state":"update","type":"swipe"},{"direction":[-0.126018,-0.992025,0.00242212],"duration":18038,"handIds":[36],"id":2,"pointableIds":[362],"position":[-14.8429,213.359,-102.97],"speed":237.371,"startPosition":[7.38416,389.071,-103.081],"state":"update","type":"swipe"},{"direction":[-0.112585,-0.993634,-0.00397689],"duration":18038,"handIds":[36],"id":3,"pointableIds":[363],"position":[7.7207,209.285,-97.2858],"speed":230.921,"startPosition":[25.1473,364.62,-96.4581],"state":"update","type":"swipe"},{"direction":[-0.10837,-0.99405,-0.010962],"duration":0,"handIds":[36],"id":5,"pointableIds":[364],"position":[26.5937,208.327,-80.8176],"speed":225.031,"startPosition":[41.9647,349.321,-79.2628],"state":"start","type":"swipe"}],"hands":[{"armBasis":[[0.852178,0.10454,-0.512703],[0.0552867,0.956365,0.286896],[0.520323,-0.272832,0.809214]],"armWidth":58.8355,"confidence":1,"direction":[-0.17959,0.452703,-0.873388],"elbow":[157.877,133.504,243.969],"grabAngle":1.0248,"grabStrength":0,"id":36,"palmNormal":[-0.0875688,-0.891655,-0.444165],"palmPosition":[6.81313,226.676,-15.4086],"palmVelocity":[-90.3664,-873.018,-27.0451],"palmWidth":82.9332,"pinchDistance":45.3744,"pinchStrength":0.177193,"r":[[0.997564,-0.0456644,-0.0527337],[0.0392989,0.992471,-0.116005],[0.057634,0.11365,0.991848]],"s":0.998004,"sphereCenter":[9.45123,166.202,-59.684],"sphereRadius":72.0602,"stabilizedPalmPosition":[6.81381,226.683,-15.4084],"t":[-13.007,-150.68,-25.2433],"timeVisible":1.33769,"type":"right","wrist":[29.8298,200.646,44.8274]}],"id":17102,"interactionBox":{"center":[0,200,0],"size":[235.247,235.247,147.751]},"pointables":[{"bases":[[[0.437564,0.88718,0.146458],[-0.679317,0.219442,0.700267],[0.589124,-0.405903,0.698696]],[[0.32624,0.945068,0.0203249],[-0.752647,0.246687,0.610465],[0.571917,-0.214456,0.791782]],[[0.32624,0.945068,0.0203249],[-0.866887,0.29054,0.405085],[0.376928,-0.149775,0.914053]],[[0.32624,0.945068,0.0203249],[-0.897167,0.302789,0.321575],[0.297756,-0.123146,0.946666]]],"btipPosition":[-46.0054,214.274,-50.3502],"carpPosition":[-2.95696,197.654,31.4819],"dipPosition":[-40.0187,211.798,-31.3164],"direction":[-0.376928,0.149775,-0.914053],"extended":true,"handId":36,"id":360,"length":44.7734,"mcpPosition":[-2.95696,197.654,31.4819],"pipPosition":[-28.9778,207.411,-4.5423],"stabilizedTipPosition":[-44.6283,213.706,-45.9725],"timeVisible":1.33769,"tipPosition":[-41.1056,214.627,-46.3859],"tipVelocity":[-94.8695,-885.995,21.3916],"tool":false,"touchDistance":0.350186,"touchZone":"hovering","type":0,"width":18.8034},{"bases":[[[0.935773,0.0792492,-0.343583],[0.0359332,0.947909,0.316507],[0.350768,-0.308525,0.88418]],[[0.962355,0.0525588,-0.266665],[-0.0589105,0.998137,-0.0158695],[0.265335,0.0309815,0.963658]],[[0.962355,0.0525588,-0.266665],[-0.0940431,0.984913,-0.145264],[0.255007,0.164874,0.952779]],[[0.962355,0.0525588,-0.266665],[-0.150295,0.92038,-0.360987],[0.226461,0.387476,0.893632]]],"btipPosition":[-37.8783,228.418,-98.3471],"carpPosition":[4.05512,217.984,29.4111],"dipPosition":[-34.5542,234.106,-85.2301],"direction":[-0.255007,-0.164874,-0.952779],"extended":true,"handId":36,"id":361,"length":50.5218,"mcpPosition":[-19.4657,238.673,-29.8779],"pipPosition":[-29.259,237.529,-65.4457],"stabilizedTipPosition":[-37.1104,229.748,-95.3297],"timeVisible":1.33769,"tipPosition":[-34.7303,236.853,-96.0153],"tipVelocity":[-144.788,-959.151,-19.3857],"tool":false,"touchDistance":0.332575,"touchZone":"hovering","type":1,"width":17.961},{"bases":[[[0.954631,-0.125927,-0.269857],[0.201312,0.940657,0.273199],[0.21944,-0.31513,0.923331]],[[0.975047,-0.165795,-0.147631],[0.134415,0.970166,-0.201768],[0.176678,0.176889,0.968243]],[[0.975047,-0.165795,-0.147631],[0.0710917,0.863186,-0.499856],[0.210306,0.476888,0.853434]],[[0.975047,-0.165795,-0.147631],[0.0215748,0.732633,-0.680281],[0.220946,0.660122,0.717929]]],"btipPosition":[-15.6633,210.908,-105.636],"carpPosition":[14.3117,220.501,25.6129],"dipPosition":[-12.0963,221.565,-94.0454],"direction":[-0.210306,-0.476888,-0.853434],"extended":true,"handId":36,"id":362,"length":57.5655,"mcpPosition":[0.357511,240.54,-33.102],"pipPosition":[-6.95858,233.215,-73.1962],"stabilizedTipPosition":[-14.8414,213.372,-102.97],"timeVisible":1.33769,"tipPosition":[-14.348,224.172,-106.263],"tipVelocity":[-121.273,-1024.36,2.83588],"tool":false,"touchDistance":0.353552,"touchZone":"hovering","type":2,"width":17.6401},{"bases":[[[0.958608,-0.241478,-0.150862],[0.275894,0.918731,0.282515],[0.0703799,-0.312443,0.947326]],[[0.961184,-0.264566,-0.0782968],[0.240977,0.943185,-0.228764],[0.134372,0.201017,0.970328]],[[0.961184,-0.264566,-0.0782968],[0.177767,0.810856,-0.557595],[0.211008,0.522032,0.826413]],[[0.961184,-0.264566,-0.0782968],[0.126404,0.674498,-0.727375],[0.24525,0.689244,0.681759]]],"btipPosition":[6.81528,206.74,-99.8027],"carpPosition":[24.9497,220.105,22.1398],"dipPosition":[10.7519,217.804,-88.8595],"direction":[-0.211008,-0.522032,-0.826413],"extended":true,"handId":36,"id":363,"length":55.3508,"mcpPosition":[20.9314,237.944,-31.9463],"pipPosition":[15.7737,230.228,-69.1918],"stabilizedTipPosition":[7.72096,209.287,-97.2858],"timeVisible":1.33769,"tipPosition":[6.69,216.76,-99.4803],"tipVelocity":[-115.883,-1009.94,-6.52783],"tool":false,"touchDistance":0.338314,"touchZone":"hovering","type":3,"width":16.7857},{"bases":[[[0.90146,-0.424476,-0.084797],[0.426761,0.838751,0.338188],[-0.0724294,-0.341051,0.93725]],[[0.894537,-0.446476,-0.0214987],[0.430179,0.872959,-0.229974],[0.121445,0.196472,0.972959]],[[0.894537,-0.446476,-0.0214987],[0.344169,0.718653,-0.604223],[0.285222,0.533101,0.796525]],[[0.894537,-0.446476,-0.0214987],[0.265352,0.569121,-0.778261],[0.35971,0.690478,0.627573]]],"btipPosition":[25.3685,205.975,-82.955],"carpPosition":[35.349,213.101,18.8125],"dipPosition":[30.6952,216.2,-73.6618],"direction":[-0.285222,-0.533101,-0.796525],"extended":true,"handId":36,"id":364,"length":43.394,"mcpPosition":[39.177,231.126,-30.722],"pipPosition":[35.4878,225.158,-60.2778],"stabilizedTipPosition":[26.5943,208.332,-80.8176],"timeVisible":1.33769,"tipPosition":[25.4484,215.139,-83.1545],"tipVelocity":[-106.471,-994.57,0.374467],"tool":false,"touchDistance":0.33925,"touchZone":"hovering","type":4,"width":14.9104}],"r":[[0.997564,-0.0456644,-0.0527337],[0.0392989,0.992471,-0.116005],[0.057634,0.11365,0.991848]],"s":0.998004,"t":[-13.007,-150.68,-25.2433],"timestamp":629484119398},{"currentFrameRate":53.9599,"devices":[],"gestures":[{"direction":[-0.135605,-0.990763,-0.000652406],"duration":19118,"handIds":[36],"id":4,"pointableIds":[360],"position":[-45.442,198.215,-44.6419],"speed":208.2,"startPosition":[-23.2073,359.014,-44.1057],"state":"update","type":"swipe"},{"direction":[-0.1449,-0.9893,-0.0170131],"duration":37156,"handIds":[36],"id":1,"pointableIds":[361],"position":[-39.3164,213.604,-94.3556],"speed":236.803,"startPosition":[-13.302,396.985,-90.2659],"state":"update","type":"swipe"},{"direction":[-0.122604,-0.992375,0.0126549],"duration":37156,"handIds":[36],"id":2,"pointableIds":[362],"position":[-16.3415,195.609,-101.44],"speed":220.952,"startPosition":[7.38416,389.071,-103.081],"state":"update","type":"swipe"},{"direction":[-0.109134,-0.994018,0.00433209],"duration":37156,"handIds":[36],"id":3,"pointableIds":[363],"position":[6.2818,191.896,-95.837],"speed":214.588,"startPosition":[25.1473,364.62,-96.4581],"state":"update","type":"swipe"},{"direction":[-0.105193,-0.994448,-0.00268655],"duration":19118,"handIds":[36],"id":5,"pointableIds":[364],"position":[25.3093,191.666,-79.4512],"speed":209.019,"startPosition":[41.9647,349.321,-79.2628],"state":"update","type":"swipe"}],"hands":[{"armBasis":[[0.85195,0.101944,-0.513603],[0.0525887,0.959247,0.277631],[0.520975,-0.263537,0.81187]],"armWidth":58.8355,"confidence":1,"direction":[-0.19094,0.430326,-0.882248],"elbow":[157.586,122.28,245.727],"grabAngle":1.03689,"grabStrength":0,"id":36,"palmNormal":[-0.0837704,-0.902649,-0.422147],"palmPosition":[5.71974,211.668,-14.6851],"palmVelocity":[-57.1912,-785.016,37.8461],"palmWidth":82.9332,"pinchDistance":45.1985,"pinchStrength":0.178095,"r":[[0.997509,-0.039714,-0.0582937],[0.0316398,0.990554,-0.133425],[0.0630419,0.131248,0.989343]],"s":1.00171,"sphereCenter":[8.01392,150.629,-57.4267],"sphereRadius":71.6821,"stabilizedPalmPosition":[5.71994,211.671,-14.6852],"t":[-14.4155,-166.413,-25.1253],"timeVisible":1.35681,"type":"right","wrist":[29.3778,187.134,45.932]}],"id":17103,"interactionBox":{"center":[0,200,0],"size":[235.247,235.247,147.751]},"pointables":[{"bases":[[[0.431221,0.894019,0.121565],[-0.675125,0.230345,0.700819],[0.598544,-0.384279,0.702904]],[[0.32424,0.945974,0.0014303],[-0.752624,0.257052,0.606202],[0.573084,-0.197632,0.795309]],[[0.32424,0.945974,0.0014303],[-0.865068,0.295897,0.405096],[0.382787,-0.132586,0.914273]],[[0.32424,0.945974,0.0014303],[-0.8947,0.306174,0.325223],[0.307215,-0.10673,0.945636]]],"btipPosition":[-46.8626,198.709,-49.015],"carpPosition":[-3.39933,183.687,32.9633],"dipPosition":[-40.6857,196.563,-30.0019],"direction":[-0.382787,0.132586,-0.914273],"extended":true,"handId":36,"id":360,"length":44.7734,"mcpPosition":[-3.39933,183.687,32.9633],"pipPosition":[-29.4733,192.679,-3.2213],"stabilizedTipPosition":[-45.4419,198.216,-44.642],"timeVisible":1.35681,"tipPosition":[-42.5186,198.474,-44.9303],"tipVelocity":[-42.5524,-810.218,69.5942],"tool":false,"touchDistance":0.368459,"touchZone":"hovering","type":0,"width":18.8034},{"bases":[[[0.932077,0.0788559,-0.353573],[0.0305624,0.955424,0.293652],[0.360968,-0.284512,0.888119]],[[0.958195,0.0556108,-0.280661],[-0.0648679,0.99761,-0.0237942],[0.278667,0.0410053,0.959512]],[[0.958195,0.0556108,-0.280661],[-0.100935,0.983564,-0.149713],[0.267722,0.171783,0.948059]],[[0.958195,0.0556108,-0.280661],[-0.159056,0.918921,-0.360951],[0.237832,0.390503,0.88935]]],"btipPosition":[-40.1194,212.286,-97.358],"carpPosition":[3.42101,204.021,30.3503],"dipPosition":[-36.6284,218.018,-84.3039],"direction":[-0.267722,-0.171783,-0.948059],"extended":true,"handId":36,"id":361,"length":50.5218,"mcpPosition":[-20.7838,223.099,-29.2028],"pipPosition":[-31.0692,221.585,-64.6176],"stabilizedTipPosition":[-39.3152,213.614,-94.3561],"timeVisible":1.35681,"tipPosition":[-36.808,219.124,-95.0816],"tipVelocity":[-115.216,-843.274,50.9766],"tool":false,"touchDistance":0.347269,"touchZone":"hovering","type":1,"width":17.961},{"bases":[[[0.953317,-0.124347,-0.275179],[0.195619,0.948522,0.249076],[0.230041,-0.291279,0.928568]],[[0.975574,-0.162335,-0.147994],[0.126088,0.96549,-0.227884],[0.17988,0.203657,0.962376]],[[0.975574,-0.162335,-0.147994],[0.0605377,0.846303,-0.529251],[0.211164,0.507364,0.835459]],[[0.975574,-0.162335,-0.147994],[0.00886314,0.70225,-0.711876],[0.219491,0.693176,0.686535]]],"btipPosition":[-17.1565,193.035,-103.989],"carpPosition":[13.6228,206.531,26.4036],"dipPosition":[-13.613,204.226,-92.9056],"direction":[-0.211164,-0.507364,-0.835459],"extended":true,"handId":36,"id":362,"length":57.5655,"mcpPosition":[-1.00562,225.054,-32.6443],"pipPosition":[-8.45431,216.62,-72.4954],"stabilizedTipPosition":[-16.341,195.615,-101.441],"timeVisible":1.35681,"tipPosition":[-16.2043,206.392,-105.116],"tipVelocity":[-78.3871,-928.448,80.0348],"tool":false,"touchDistance":0.374482,"touchZone":"hovering","type":2,"width":17.6401},{"bases":[[[0.959302,-0.237004,-0.153522],[0.270463,0.927446,0.258253],[0.081176,-0.289264,0.953801]],[[0.962727,-0.259819,-0.0751741],[0.233394,0.938468,-0.254568],[0.13669,0.227534,0.964129]],[[0.962727,-0.259819,-0.0751741],[0.168202,0.792762,-0.585863],[0.211813,0.551382,0.806916]],[[0.962727,-0.259819,-0.0751741],[0.114375,0.642927,-0.757339],[0.245102,0.720513,0.64868]]],"btipPosition":[5.37692,189.236,-98.2318],"carpPosition":[24.2335,206.142,22.8475],"dipPosition":[9.31118,200.801,-87.8195],"direction":[-0.211813,-0.551382,-0.806916],"extended":true,"handId":36,"id":363,"length":55.3508,"mcpPosition":[19.5989,222.657,-31.6083],"pipPosition":[14.3521,213.923,-68.6158],"stabilizedTipPosition":[6.28192,191.897,-95.8371],"timeVisible":1.35681,"tipPosition":[5.0087,199.463,-98.3947],"tipVelocity":[-75.2644,-909.586,75.7836],"tool":false,"touchDistance":0.359549,"touchZone":"hovering","type":3,"width":16.7857},{"bases":[[[0.904286,-0.418851,-0.082644],[0.422479,0.850069,0.314476],[-0.0614654,-0.319291,0.945661]],[[0.897082,-0.441723,-0.0111382],[0.425652,0.87066,-0.24652],[0.118591,0.216407,0.969074]],[[0.897082,-0.441723,-0.0111382],[0.335044,0.696431,-0.63461],[0.288079,0.565565,0.772753]],[[0.897082,-0.441723,-0.0111382],[0.249359,0.526903,-0.812522],[0.364779,0.726122,0.582823]]],"btipPosition":[24.0669,189.193,-81.4362],"carpPosition":[34.6633,199.148,19.5957],"dipPosition":[29.4687,199.945,-72.8057],"direction":[-0.288079,-0.565565,-0.772753],"extended":true,"handId":36,"id":364,"length":43.394,"mcpPosition":[37.9117,216.022,-30.3833],"pipPosition":[34.3093,209.449,-59.8211],"stabilizedTipPosition":[25.3096,191.669,-79.4514],"timeVisible":1.35681,"tipPosition":[23.917,198.453,-82.2073],"tipVelocity":[-67.179,-871.484,71.4723],"tool":false,"touchDistance":0.359155,"touchZone":"hovering","type":4,"width":14.9104}],"r":[[0.997509,-0.039714,-0.0582937],[0.0316398,0.990554,-0.133425],[0.0630419,0.131248,0.989343]],"s":1.00171,"t":[-14.4155,-166.413,-25.1253],"timestamp":629484138516},{"currentFrameRate":54.2891,"devices":[],"gestures":[{"direction":[-0.12587,-0.992039,0.00402369],"duration":36377,"handIds":[36],"id":4,"pointableIds":[360],"position":[-45.9519,181.729,-43.6962],"speed":192.474,"startPosition":[-23.2073,359.014,-44.1057],"state":"update","type":"swipe"},{"direction":[-0.129686,-0.991416,-0.0166309],"duration":54415,"handIds":[36],"id":1,"pointableIds":[361],"position":[-39.4856,193.325,-94.4039],"speed":218.737,"startPosition":[-13.302,396.985,-90.2659],"state":"update","type":"swipe"},{"direction":[-0.111342,-0.993672,0.0148013],"duration":54415,"handIds":[36],"id":2,"pointableIds":[362],"position":[-16.5521,175.648,-100.547],"speed":203.066,"startPosition":[7.38416,389.071,-103.081],"state":"update","type":"swipe"},{"direction":[-0.10009,-0.9949,0.0124981],"duration":54415,"handIds":[36],"id":3,"pointableIds":[363],"position":[5.80813,172.36,-94.6147],"speed":196.707,"startPosition":[25.1473,364.62,-96.4581],"state":"update","type":"swipe"},{"direction":[-0.096769,-0.99527,0.00857926],"duration":36377,"handIds":[36],"id":5,"pointableIds":[364],"position":[24.7487,173.1,-78.0212],"speed":191.477,"startPosition":[41.9647,349.321,-79.2628],"state":"update","type":"swipe"}],"hands":[{"armBasis":[[0.852525,0.101207,-0.512795],[0.0445141,0.963452,0.264156],[0.520788,-0.248026,0.816862]],"armWidth":58.8355,"confidence":1,"direction":[-0.194513,0.384334,-0.90247],"elbow":[156.536,113.036,248.289],"grabAngle":1.05179,"grabStrength":0,"id":36,"palmNormal":[-0.0690113,-0.923125,-0.378256],"palmPosition":[4.56978,195.607,-14.4219],"palmVelocity":[-66.6301,-930.627,15.2511],"palmWidth":82.9332,"pinchDistance":45.0127,"pinchStrength":0.177644,"r":[[0.997547,-0.0325974,-0.0619418],[0.0225266,0.987369,-0.156829],[0.0662716,0.155049,0.985681]],"s":1.00361,"sphereCenter":[7.66776,132.093,-54.41],"sphereRadius":72.3498,"stabilizedPalmPosition":[4.57008,195.611,-14.4219],"t":[-15.6948,-182.31,-24.9347],"timeVisible":1.37407,"type":"right","wrist":[28.374,174.073,47.2657]}],"id":17104,"interactionBox":{"center":[0,200,0],"size":[235.247,235.247,147.751]},"pointables":[{"bases":[[[0.417503,0.905209,0.079294],[-0.680692,0.253752,0.687218],[0.601955,-0.34089,0.722111]],[[0.323739,0.945716,-0.0285372],[-0.753389,0.275912,0.59689],[0.572363,-0.171737,0.801815]],[[0.323739,0.945716,-0.0285372],[-0.868245,0.308933,0.388215],[0.375957,-0.100903,0.921127]],[[0.323739,0.945716,-0.0285372],[-0.897967,0.316615,0.305631],[0.298076,-0.0733191,0.951722]]],"btipPosition":[-47.3303,182.068,-48.0974],"carpPosition":[-4.28365,169.824,34.5001],"dipPosition":[-41.3372,180.594,-28.9619],"direction":[-0.375957,0.100903,-0.921127],"extended":true,"handId":36,"id":360,"length":44.7734,"mcpPosition":[-4.28365,169.824,34.5001],"pipPosition":[-30.3248,177.638,-1.98059],"stabilizedTipPosition":[-45.9518,181.731,-43.6964],"timeVisible":1.37407,"tipPosition":[-43.6548,180.409,-44.0668],"tipVelocity":[-29.547,-955.24,54.7955],"tool":false,"touchDistance":0.379132,"touchZone":"hovering","type":0,"width":18.8034},{"bases":[[[0.93192,0.0756652,-0.354684],[0.0154328,0.968833,0.247232],[0.362337,-0.235874,0.901707]],[[0.961724,0.0532725,-0.268793],[-0.0727841,0.995347,-0.0631474],[0.264179,0.0802942,0.961126]],[[0.961724,0.0532725,-0.268793],[-0.110203,0.97329,-0.201402],[0.250885,0.223315,0.941906]],[[0.961724,0.0532725,-0.268793],[-0.165205,0.895323,-0.413647],[0.218621,0.44222,0.869854]]],"btipPosition":[-40.2237,191.833,-97.3405],"carpPosition":[2.2421,190.108,30.9246],"dipPosition":[-37.0147,198.324,-84.5726],"direction":[-0.250885,-0.223315,-0.941906],"extended":true,"handId":36,"id":361,"length":50.5218,"mcpPosition":[-22.0545,205.924,-29.5396],"pipPosition":[-31.8051,202.961,-65.014],"stabilizedTipPosition":[-39.4855,193.341,-94.4039],"timeVisible":1.37407,"tipPosition":[-37.8983,198.257,-95.1468],"tipVelocity":[-9.8018,-1174.98,-2.79981],"tool":false,"touchDistance":0.345151,"touchZone":"hovering","type":1,"width":17.961},{"bases":[[[0.955928,-0.123176,-0.266514],[0.180714,0.962264,0.203446],[0.231398,-0.242642,0.942115]],[[0.978915,-0.155948,-0.131931],[0.117578,0.958325,-0.260361],[0.167036,0.239359,0.956455]],[[0.978915,-0.155948,-0.131931],[0.0559411,0.82585,-0.561109],[0.196459,0.541897,0.81716]],[[0.978915,-0.155948,-0.131931],[0.00204767,0.653331,-0.757069],[0.204258,0.740836,0.639875]]],"btipPosition":[-17.3106,172.897,-102.923],"carpPosition":[12.4179,192.578,26.8863],"dipPosition":[-14.013,184.857,-92.5922],"direction":[-0.196459,-0.541897,-0.81716],"extended":true,"handId":36,"id":362,"length":57.5655,"mcpPosition":[-2.29672,208.007,-33.0231],"pipPosition":[-9.21352,198.096,-72.6291],"stabilizedTipPosition":[-16.552,175.659,-100.547],"timeVisible":1.37407,"tipPosition":[-16.9655,185.159,-104.352],"tipVelocity":[-12.2022,-1156.55,51.7647],"tool":false,"touchDistance":0.383768,"touchZone":"hovering","type":2,"width":17.6401},{"bases":[[[0.963199,-0.229727,-0.139543],[0.255833,0.942779,0.213814],[0.0824393,-0.241645,0.966857]],[[0.966716,-0.248784,-0.0597238],[0.221859,0.931382,-0.288627],[0.127431,0.26577,0.955577]],[[0.966716,-0.248784,-0.0597238],[0.160021,0.770061,-0.617575],[0.199634,0.587463,0.784241]],[[0.966716,-0.248784,-0.0597238],[0.104377,0.596605,-0.795718],[0.233593,0.763,0.602715]]],"btipPosition":[4.94574,169.543,-96.8399],"carpPosition":[23.0445,192.176,23.3792],"dipPosition":[8.69527,181.79,-87.1654],"direction":[-0.199634,-0.587463,-0.784241],"extended":true,"handId":36,"id":363,"length":55.3508,"mcpPosition":[18.3377,205.973,-31.822],"pipPosition":[13.4463,195.771,-68.5013],"stabilizedTipPosition":[5.80822,172.363,-94.615],"timeVisible":1.37407,"tipPosition":[4.34845,179.167,-97.365],"tipVelocity":[-27.4446,-1131.92,70.8172],"tool":false,"touchDistance":0.375261,"touchZone":"hovering","type":3,"width":16.7857},{"bases":[[[0.910667,-0.408747,-0.060099],[0.408803,0.870494,0.274081],[-0.0597137,-0.274165,0.959827]],[[0.903739,-0.427938,0.0111884],[0.41452,0.868277,-0.27252],[0.106907,0.250925,0.962085]],[[0.903739,-0.427938,0.0111884],[0.325548,0.670065,-0.667107],[0.277984,0.606533,0.744878]],[[0.903739,-0.427938,0.0111884],[0.235525,0.475229,-0.847753],[0.357469,0.768783,0.530273]]],"btipPosition":[23.5312,170.482,-79.8272],"carpPosition":[33.5872,185.19,20.4945],"dipPosition":[28.8246,181.866,-71.9748],"direction":[-0.277984,-0.606533,-0.744878],"extended":true,"handId":36,"id":364,"length":43.394,"mcpPosition":[36.7432,199.68,-30.2331],"pipPosition":[33.4956,192.058,-59.4586],"stabilizedTipPosition":[24.7489,173.107,-78.0217],"timeVisible":1.37407,"tipPosition":[23.2089,179.288,-81.1149],"tipVelocity":[-32.4859,-1075.7,82.8572],"tool":false,"touchDistance":0.378023,"touchZone":"hovering","type":4,"width":14.9104}],"r":[[0.997547,-0.0325974,-0.0619418],[0.0225266,0.987369,-0.156829],[0.0662716,0.155049,0.985681]],"s":1.00361,"t":[-15.6948,-182.31,-24.9347],"timestamp":629484155775},{"currentFrameRate":54.4371,"devices":[],"gestures":[{"direction":[-0.118618,-0.992857,0.012876],"duration":54227,"handIds":[36],"id":4,"pointableIds":[360],"position":[-46.9112,166.447,-42.5243],"speed":178.083,"startPosition":[-23.2073,359.014,-44.1057],"state":"update","type":"swipe"},{"direction":[-0.123552,-0.992287,-0.0101051],"duration":72265,"handIds":[36],"id":1,"pointableIds":[361],"position":[-40.1146,177.206,-93.8491],"speed":204.496,"startPosition":[-13.302,396.985,-90.2659],"state":"update","type":"swipe"},{"direction":[-0.106304,-0.994149,0.0191709],"duration":72265,"handIds":[36],"id":2,"pointableIds":[362],"position":[-17.3815,159.645,-99.8452],"speed":189.097,"startPosition":[7.38416,389.071,-103.081],"state":"update","type":"swipe"},{"direction":[-0.0970652,-0.995175,0.0143144],"duration":72265,"handIds":[36],"id":3,"pointableIds":[363],"position":[4.79301,156.326,-93.8725],"speed":182.409,"startPosition":[25.1473,364.62,-96.4581],"state":"update","type":"swipe"},{"direction":[-0.0944018,-0.995475,0.0108854],"duration":54227,"handIds":[36],"id":5,"pointableIds":[364],"position":[23.7147,157.259,-77.173],"speed":176.772,"startPosition":[41.9647,349.321,-79.2628],"state":"update","type":"swipe"}],"hands":[{"armBasis":[[0