{"frames":219,"data":[{"currentFrameRate":115.186,"devices":[],"gestures":[],"hands":[],"id":525814,"interactionBox":{"center":[0,200,0],"size":[235.247,235.247,147.751]},"pointables":[],"r":[[0.930067,0.21328,-0.299145],[-0.360511,0.686654,-0.631299],[0.0707657,0.694995,0.715524]],"s":0.485343,"t":[-42.2274,-990.061,579.161],"timestamp":486233228088},{"currentFrameRate":115.193,"devices":[],"gestures":[],"hands":[],"id":525815,"interactionBox":{"center":[0,200,0],"size":[235.247,235.247,147.751]},"pointables":[],"r":[[0.930067,0.21328,-0.299145],[-0.360511,0.686654,-0.631299],[0.0707657,0.694995,0.715524]],"s":0.485343,"t":[-42.2274,-990.061,579.161],"timestamp":486233236756},{"currentFrameRate":115.211,"devices":[],"gestures":[],"hands":[],"id":525816,"interactionBox":{"center":[0,200,0],"size":[235.247,235.247,147.751]},"pointables":[],"r":[[0.930067,0.21328,-0.299145],[-0.360511,0.686654,-0.631299],[0.0707657,0.694995,0.715524]],"s":0.485343,"t":[-42.2274,-990.061,579.161],"timestamp":486233245406},{"currentFrameRate":115.21,"devices":[],"gestures":[],"hands":[],"id":525817,"interactionBox":{"center":[0,200,0],"size":[235.247,235.247,147.751]},"pointables":[],"r":[[0.930067,0.21328,-0.299145],[-0.360511,0.686654,-0.631299],[0.0707657,0.694995,0.715524]],"s":0.485343,"t":[-42.2274,-990.061,579.161],"timestamp":486233254088},{"currentFrameRate":115.233,"devices":[],"gestures":[],"hands":[],"id":525818,"interactionBox":{"center":[0,200,0],"size":[235.247,235.247,147.751]},"pointables":[],"r":[[0.930067,0.21328,-0.299145],[-0.360511,0.686654,-0.631299],[0.0707657,0.694995,0.715524]],"s":0.485343,"t":[-42.2274,-990.061,579.161],"timestamp":486233262727},{"currentFrameRate":115.212,"devices":[],"gestures":[],"hands":[],"id":525819,"interactionBox":{"center":[0,200,0],"size":[235.247,235.247,147.751]},"pointables":[],"r":[[0.930067,0.21328,-0.299145],[-0.360511,0.686654,-0.631299],[0.0707657,0.694995,0.715524]],"s":0.485343,"t":[-42.2274,-990.061,579.161],"timestamp":486233271442},{"currentFrameRate":115.26,"devices":[],"gestures":[],"hands":[],"id":525820,"interactionBox":{"center":[0,200,0],"size":[235.247,235.247,147.751]},"pointables":[],"r":[[0.930067,0.21328,-0.299145],[-0.360511,0.686654,-0.631299],[0.0707657,0.694995,0.715524]],"s":0.485343,"t":[-42.2274,-990.061,579.161],"timestamp":486233280037},{"currentFrameRate":115.225,"devices":[],"gestures":[],"hands":[],"id":525821,"interactionBox":{"center":[0,200,0],"size":[235.247,235.247,147.751]},"pointables":[],"r":[[0.930067,0.21328,-0.299145],[-0.360511,0.686654,-0.631299],[0.0707657,0.694995,0.715524]],"s":0.485343,"t":[-42.2274,-990.061,579.161],"timestamp":486233288774},{"currentFrameRate":115.24,"devices":[],"gestures":[],"hands":[],"id":525822,"interactionBox":{"center":[0,200,0],"size":[235.247,235.247,147.751]},"pointables":[],"r":[[0.930067,0.21328,-0.299145],[-0.360511,0.686654,-0.631299],[0.0707657,0.694995,0.715524]],"s":0.485343,"t":[-42.2274,-990.061,579.161],"timestamp":486233297426},{"currentFrameRate":115.241,"devices":[],"gestures":[],"hands":[],"id":525823,"interactionBox":{"center":[0,200,0],"size":[235.247,235.247,147.751]},"pointables":[],"r":[[0.930067,0.21328,-0.299145],[-0.360511,0.686654,-0.631299],[0.0707657,0.694995,0.715524]],"s":0.485343,"t":[-42.2274,-990.061,579.161],"timestamp":486233306103},{"currentFrameRate":115.248,"devices":[],"gestures":[],"hands":[],"id":525824,"interactionBox":{"center":[0,200,0],"size":[235.247,235.247,147.751]},"pointables":[],"r":[[0.930067,0.21328,-0.299145],[-0.360511,0.686654,-0.631299],[0.0707657,0.694995,0.715524]],"s":0.485343,"t":[-42.2274,-990.061,579.161],"timestamp":486233314767},{"currentFrameRate":115.222,"devices":[],"gestures":[],"hands":[],"id":525825,"interactionBox":{"center":[0,200,0],"size":[235.247,235.247,147.751]},"pointables":[],"r":[[0.930067,0.21328,-0.299145],[-0.360511,0.686654,-0.631299],[0.0707657,0.694995,0.715524]],"s":0.485343,"t":[-42.2274,-990.061,579.161],"timestamp":486233323491},{"currentFrameRate":115.257,"devices":[],"gestures":[],"hands":[],"id":525826,"interactionBox":{"center":[0,200,0],"size":[235.247,235.247,147.751]},"pointables":[],"r":[[0.930067,0.21328,-0.299145],[-0.360511,0.686654,-0.631299],[0.0707657,0.694995,0.715524]],"s":0.485343,"t":[-42.2274,-990.061,579.161],"timestamp":486233332108},{"currentFrameRate":115.241,"devices":[],"gestures":[],"hands":[],"id":525827,"interactionBox":{"center":[0,200,0],"size":[235.247,235.247,147.751]},"pointables":[],"r":[[0.930067,0.21328,-0.299145],[-0.360511,0.686654,-0.631299],[0.0707657,0.694995,0.715524]],"s":0.485343,"t":[-42.2274,-990.061,579.161],"timestamp":486233340812},{"currentFrameRate":115.25,"devices":[],"gestures":[],"hands":[],"id":525828,"interactionBox":{"center":[0,200,0],"size":[235.247,235.247,147.751]},"pointables":[],"r":[[0.930067,0.21328,-0.299145],[-0.360511,0.686654,-0.631299],[0.0707657,0.694995,0.715524]],"s":0.485343,"t":[-42.2274,-990.061,579.161],"timestamp":486233349474},{"currentFrameRate":115.277,"devices":[],"gestures":[],"hands":[],"id":525829,"interactionBox":{"center":[0,200,0],"size":[235.247,235.247,147.751]},"pointables":[],"r":[[0.930067,0.21328,-0.299145],[-0.360511,0.686654,-0.631299],[0.0707657,0.694995,0.715524]],"s":0.485343,"t":[-42.2274,-990.061,579.161],"timestamp":486233358103},{"currentFrameRate":105.868,"devices":[],"gestures":[],"hands":[],"id":525830,"interactionBox":{"center":[0,200,0],"size":[235.247,235.247,147.751]},"pointables":[],"r":[[0.930067,0.21328,-0.299145],[-0.360511,0.686654,-0.631299],[0.0707657,0.694995,0.715524]],"s":0.485343,"t":[-42.2274,-990.061,579.161],"timestamp":486233384195},{"currentFrameRate":106.282,"devices":[],"gestures":[],"hands":[],"id":525831,"interactionBox":{"center":[0,200,0],"size":[235.247,235.247,147.751]},"pointables":[],"r":[[0.930067,0.21328,-0.299145],[-0.360511,0.686654,-0.631299],[0.0707657,0.694995,0.715524]],"s":0.485343,"t":[-42.2274,-990.061,579.161],"timestamp":486233392841},{"currentFrameRate":106.604,"devices":[],"gestures":[],"hands":[],"id":525832,"interactionBox":{"center":[0,200,0],"size":[235.247,235.247,147.751]},"pointables":[],"r":[[0.930067,0.21328,-0.299145],[-0.360511,0.686654,-0.631299],[0.0707657,0.694995,0.715524]],"s":0.485343,"t":[-42.2274,-990.061,579.161],"timestamp":486233401631},{"currentFrameRate":107.06,"devices":[],"gestures":[],"hands":[],"id":525833,"interactionBox":{"center":[0,200,0],"size":[235.247,235.247,147.751]},"pointables":[],"r":[[0.930067,0.21328,-0.299145],[-0.360511,0.686654,-0.631299],[0.0707657,0.694995,0.715524]],"s":0.485343,"t":[-42.2274,-990.061,579.161],"timestamp":486233410138},{"currentFrameRate":107.399,"devices":[],"gestures":[],"hands":[],"id":525834,"interactionBox":{"center":[0,200,0],"size":[235.247,235.247,147.751]},"pointables":[],"r":[[0.930067,0.21328,-0.299145],[-0.360511,0.686654,-0.631299],[0.0707657,0.694995,0.715524]],"s":0.485343,"t":[-42.2274,-990.061,579.161],"timestamp":486233418830},{"currentFrameRate":107.731,"devices":[],"gestures":[],"hands":[],"id":525835,"interactionBox":{"center":[0,200,0],"size":[235.247,235.247,147.751]},"pointables":[],"r":[[0.930067,0.21328,-0.299145],[-0.360511,0.686654,-0.631299],[0.0707657,0.694995,0.715524]],"s":0.485343,"t":[-42.2274,-990.061,579.161],"timestamp":486233427511},{"currentFrameRate":108.044,"devices":[],"gestures":[],"hands":[],"id":525836,"interactionBox":{"center":[0,200,0],"size":[235.247,235.247,147.751]},"pointables":[],"r":[[0.930067,0.21328,-0.299145],[-0.360511,0.686654,-0.631299],[0.0707657,0.694995,0.715524]],"s":0.485343,"t":[-42.2274,-990.061,579.161],"timestamp":486233436199},{"currentFrameRate":108.365,"devices":[],"gestures":[],"hands":[],"id":525837,"interactionBox":{"center":[0,200,0],"size":[235.247,235.247,147.751]},"pointables":[],"r":[[0.930067,0.21328,-0.299145],[-0.360511,0.686654,-0.631299],[0.0707657,0.694995,0.715524]],"s":0.485343,"t":[-42.2274,-990.061,579.161],"timestamp":486233444847},{"currentFrameRate":108.613,"devices":[],"gestures":[],"hands":[],"id":525838,"interactionBox":{"center":[0,200,0],"size":[235.247,235.247,147.751]},"pointables":[],"r":[[0.930067,0.21328,-0.299145],[-0.360511,0.686654,-0.631299],[0.0707657,0.694995,0.715524]],"s":0.485343,"t":[-42.2274,-990.061,579.161],"timestamp":486233453608},{"currentFrameRate":108.93,"devices":[],"gestures":[],"hands":[],"id":525839,"interactionBox":{"center":[0,200,0],"size":[235.247,235.247,147.751]},"pointables":[],"r":[[0.930067,0.21328,-0.299145],[-0.360511,0.686654,-0.631299],[0.0707657,0.694995,0.715524]],"s":0.485343,"t":[-42.2274,-990.061,579.161],"timestamp":486233462218},{"currentFrameRate":109.203,"devices":[],"gestures":[],"hands":[],"id":525840,"interactionBox":{"center":[0,200,0],"size":[235.247,235.247,147.751]},"pointables":[],"r":[[0.930067,0.21328,-0.299145],[-0.360511,0.686654,-0.631299],[0.0707657,0.694995,0.715524]],"s":0.485343,"t":[-42.2274,-990.061,579.161],"timestamp":486233470886},{"currentFrameRate":109.47,"devices":[],"gestures":[],"hands":[],"id":525841,"interactionBox":{"center":[0,200,0],"size":[235.247,235.247,147.751]},"pointables":[],"r":[[0.930067,0.21328,-0.299145],[-0.360511,0.686654,-0.631299],[0.0707657,0.694995,0.715524]],"s":0.485343,"t":[-42.2274,-990.061,579.161],"timestamp":486233479543},{"currentFrameRate":109.698,"devices":[],"gestures":[],"hands":[],"id":525842,"interactionBox":{"center":[0,200,0],"size":[235.247,235.247,147.751]},"pointables":[],"r":[[0.930067,0.21328,-0.299145],[-0.360511,0.686654,-0.631299],[0.0707657,0.694995,0.715524]],"s":0.485343,"t":[-42.2274,-990.061,579.161],"timestamp":486233488252},{"currentFrameRate":109.962,"devices":[],"gestures":[],"hands":[],"id":525843,"interactionBox":{"center":[0,200,0],"size":[235.247,235.247,147.751]},"pointables":[],"r":[[0.930067,0.21328,-0.299145],[-0.360511,0.686654,-0.631299],[0.0707657,0.694995,0.715524]],"s":0.485343,"t":[-42.2274,-990.061,579.161],"timestamp":486233496877},{"currentFrameRate":110.167,"devices":[],"gestures":[],"hands":[],"id":525844,"interactionBox":{"center":[0,200,0],"size":[235.247,235.247,147.751]},"pointables":[],"r":[[0.930067,0.21328,-0.299145],[-0.360511,0.686654,-0.631299],[0.0707657,0.694995,0.715524]],"s":0.485343,"t":[-42.2274,-990.061,579.161],"timestamp":486233505590},{"currentFrameRate":110.41,"devices":[],"gestures":[],"hands":[],"id":525845,"interactionBox":{"center":[0,200,0],"size":[235.247,235.247,147.751]},"pointables":[],"r":[[0.930067,0.21328,-0.299145],[-0.360511,0.686654,-0.631299],[0.0707657,0.694995,0.715524]],"s":0.485343,"t":[-42.2274,-990.061,579.161],"timestamp":486233514217},{"currentFrameRate":110.593,"devices":[],"gestures":[],"hands":[],"id":525846,"interactionBox":{"center":[0,200,0],"size":[235.247,235.247,147.751]},"pointables":[],"r":[[0.930067,0.21328,-0.299145],[-0.360511,0.686654,-0.631299],[0.0707657,0.694995,0.715524]],"s":0.485343,"t":[-42.2274,-990.061,579.161],"timestamp":486233522935},{"currentFrameRate":110.817,"devices":[],"gestures":[],"hands":[],"id":525847,"interactionBox":{"center":[0,200,0],"size":[235.247,235.247,147.751]},"pointables":[],"r":[[0.930067,0.21328,-0.299145],[-0.360511,0.686654,-0.631299],[0.0707657,0.694995,0.715524]],"s":0.485343,"t":[-42.2274,-990.061,579.161],"timestamp":486233531563},{"currentFrameRate":110.976,"devices":[],"gestures":[],"hands":[],"id":525848,"interactionBox":{"center":[0,200,0],"size":[235.247,235.247,147.751]},"pointables":[],"r":[[0.930067,0.21328,-0.299145],[-0.360511,0.686654,-0.631299],[0.0707657,0.694995,0.715524]],"s":0.485343,"t":[-42.2274,-990.061,579.161],"timestamp":486233540294},{"currentFrameRate":111.181,"devices":[],"gestures":[],"hands":[],"id":525849,"interactionBox":{"center":[0,200,0],"size":[235.247,235.247,147.751]},"pointables":[],"r":[[0.930067,0.21328,-0.299145],[-0.360511,0.686654,-0.631299],[0.0707657,0.694995,0.715524]],"s":0.485343,"t":[-42.2274,-990.061,579.161],"timestamp":486233548928},{"currentFrameRate":111.358,"devices":[],"gestures":[],"hands":[],"id":525850,"interactionBox":{"center":[0,200,0],"size":[235.247,235.247,147.751]},"pointables":[],"r":[[0.930067,0.21328,-0.299145],[-0.360511,0.686654,-0.631299],[0.0707657,0.694995,0.715524]],"s":0.485343,"t":[-42.2274,-990.061,579.161],"timestamp":486233557596},{"currentFrameRate":111.539,"devices":[],"gestures":[],"hands":[],"id":525851,"interactionBox":{"center":[0,200,0],"size":[235.247,235.247,147.751]},"pointables":[],"r":[[0.930067,0.21328,-0.299145],[-0.360511,0.686654,-0.631299],[0.0707657,0.694995,0.715524]],"s":0.485343,"t":[-42.2274,-990.061,579.161],"timestamp":486233566245},{"currentFrameRate":111.688,"devices":[],"gestures":[],"hands":[],"id":525852,"interactionBox":{"center":[0,200,0],"size":[235.247,235.247,147.751]},"pointables":[],"r":[[0.930067,0.21328,-0.299145],[-0.360511,0.686654,-0.631299],[0.0707657,0.694995,0.715524]],"s":0.485343,"t":[-42.2274,-990.061,579.161],"timestamp":486233574936},{"currentFrameRate":111.867,"devices":[],"gestures":[],"hands":[],"id":525853,"interactionBox":{"center":[0,200,0],"size":[235.247,235.247,147.751]},"pointables":[],"r":[[0.930067,0.21328,-0.299145],[-0.360511,0.686654,-0.631299],[0.0707657,0.694995,0.715524]],"s":0.485343,"t":[-42.2274,-990.061,579.161],"timestamp":486233583563},{"currentFrameRate":112.01,"devices":[],"gestures":[],"hands":[],"id":525854,"interactionBox":{"center":[0,200,0],"size":[235.247,235.247,147.751]},"pointables":[],"r":[[0.930067,0.21328,-0.299145],[-0.360511,0.686654,-0.631299],[0.0707657,0.694995,0.715524]],"s":0.485343,"t":[-42.2274,-990.061,579.161],"timestamp":486233592241},{"currentFrameRate":112.067,"devices":[],"gestures":[],"hands":[],"id":525855,"interactionBox":{"center":[0,200,0],"size":[235.247,235.247,147.751]},"pointables":[],"r":[[0.930067,0.21328,-0.299145],[-0.360511,0.686654,-0.631299],[0.0707657,0.694995,0.715524]],"s":0.485343,"t":[-42.2274,-990.061,579.161],"timestamp":486233601065},{"currentFrameRate":112.265,"devices":[],"gestures":[],"hands":[],"id":525856,"interactionBox":{"center":[0,200,0],"size":[235.247,235.247,147.751]},"pointables":[],"r":[[0.930067,0.21328,-0.299145],[-0.360511,0.686654,-0.631299],[0.0707657,0.694995,0.715524]],"s":0.485343,"t":[-42.2274,-990.061,579.161],"timestamp":486233609627},{"currentFrameRate":112.324,"devices":[],"gestures":[],"hands":[],"id":525857,"interactionBox":{"center":[0,200,0],"size":[235.247,235.247,147.751]},"pointables":[],"r":[[0.930067,0.21328,-0.299145],[-0.360511,0.686654,-0.631299],[0.0707657,0.694995,0.715524]],"s":0.485343,"t":[-42.2274,-990.061,579.161],"timestamp":486233618426},{"currentFrameRate":112.52,"devices":[],"gestures":[],"hands":[],"id":525858,"interactionBox":{"center":[0,200,0],"size":[235.247,235.247,147.751]},"pointables":[],"r":[[0.930067,0.21328,-0.299145],[-0.360511,0.686654,-0.631299],[0.0707657,0.694995,0.715524]],"s":0.485343,"t":[-42.2274,-990.061,579.161],"timestamp":486233626973},{"currentFrameRate":112.64,"devices":[],"gestures":[],"hands":[],"id":525859,"interactionBox":{"center":[0,200,0],"size":[235.247,235.247,147.751]},"pointables":[],"r":[[0.930067,0.21328,-0.299145],[-0.360511,0.686654,-0.631299],[0.0707657,0.694995,0.715524]],"s":0.485343,"t":[-42.2274,-990.061,579.161],"timestamp":486233635643},{"currentFrameRate":112.74,"devices":[],"gestures":[],"hands":[],"id":525860,"interactionBox":{"center":[0,200,0],"size":[235.247,235.247,147.751]},"pointables":[],"r":[[0.930067,0.21328,-0.299145],[-0.360511,0.686654,-0.631299],[0.0707657,0.694995,0.715524]],"s":0.485343,"t":[-42.2274,-990.061,579.161],"timestamp":486233644339},{"currentFrameRate":112.871,"devices":[],"gestures":[],"hands":[],"id":525861,"interactionBox":{"center":[0,200,0],"size":[235.247,235.247,147.751]},"pointables":[],"r":[[0.930067,0.21328,-0.299145],[-0.360511,0.686654,-0.631299],[0.0707657,0.694995,0.715524]],"s":0.485343,"t":[-42.2274,-990.061,579.161],"timestamp":486233652972},{"currentFrameRate":112.971,"devices":[],"gestures":[],"hands":[],"id":525862,"interactionBox":{"center":[0,200,0],"size":[235.247,235.247,147.751]},"pointables":[],"r":[[0.930067,0.21328,-0.299145],[-0.360511,0.686654,-0.631299],[0.0707657,0.694995,0.715524]],"s":0.485343,"t":[-42.2274,-990.061,579.161],"timestamp":486233661650},{"currentFrameRate":113.043,"devices":[],"gestures":[],"hands":[],"id":525863,"interactionBox":{"center":[0,200,0],"size":[235.247,235.247,147.751]},"pointables":[],"r":[[0.930067,0.21328,-0.299145],[-0.360511,0.686654,-0.631299],[0.0707657,0.694995,0.715524]],"s":0.485343,"t":[-42.2274,-990.061,579.161],"timestamp":486233670372},{"currentFrameRate":113.172,"devices":[],"gestures":[],"hands":[],"id":525864,"interactionBox":{"center":[0,200,0],"size":[235.247,235.247,147.751]},"pointables":[],"r":[[0.930067,0.21328,-0.299145],[-0.360511,0.686654,-0.631299],[0.0707657,0.694995,0.715524]],"s":0.485343,"t":[-42.2274,-990.061,579.161],"timestamp":486233678984},{"currentFrameRate":113.243,"devices":[],"gestures":[],"hands":[],"id":525865,"interactionBox":{"center":[0,200,0],"size":[235.247,235.247,147.751]},"pointables":[],"r":[[0.930067,0.21328,-0.299145],[-0.360511,0.686654,-0.631299],[0.0707657,0.694995,0.715524]],"s":0.485343,"t":[-42.2274,-990.061,579.161],"timestamp":486233687692},{"currentFrameRate":113.327,"devices":[],"gestures":[],"hands":[{"armBasis":[[-0.722593,0.522243,0.452903],[-0.683984,-0.445254,-0.577854],[-0.100123,-0.727332,0.678943]],"armWidth":60.17,"confidence":0,"direction":[-0.466575,0.699707,-0.541033],"elbow":[-45.6743,-98.6866,321.742],"grabAngle":0,"grabStrength":0,"id":160,"palmNormal":[0.564291,0.706518,0.427093],"palmPosition":[-40.6416,139.766,104.571],"palmVelocity":[1.19209e-7,1.19209e-7,1.19209e-7],"palmWidth":85.9207,"pinchDistance":35.9641,"pinchStrength":0,"r":[[1,1.11022e-17,2.22045e-17],[-1.11022e-17,1,-4.93038e-34],[-2.22045e-17,2.46519e-34,1]],"s":1,"sphereCenter":[-117.206,111.187,72.9689],"sphereRadius":79.5824,"stabilizedPalmPosition":[-40.6416,139.766,104.571],"t":[0,0,0],"timeVisible":0,"type":"right","wrist":[-20.1472,86.7521,148.64]}],"id":525866,"interactionBox":{"center":[0,200,0],"size":[235.247,235.247,147.751]},"pointables":[{"bases":[[[-0.593069,0.214867,0.775952],[-0.721484,-0.569609,-0.393709],[0.357394,-0.793333,0.492841]],[[-0.635988,0.320278,0.702097],[-0.440853,-0.897523,0.0100836],[0.633378,-0.303109,0.71201]],[[-0.635988,0.320278,0.702097],[-0.440853,-0.897523,0.0100836],[0.633378,-0.303109,0.71201]],[[-0.635988,0.320278,0.702097],[-0.440853,-0.897523,0.0100836],[0.633378,-0.303109,0.71201]]],"btipPosition":[-109.145,180.489,23.7778],"carpPosition":[-28.5249,100.909,120.407],"dipPosition":[-97.9061,175.11,36.4124],"direction":[-0.633378,0.303109,-0.71201],"extended":true,"handId":160,"id":1602,"length":63.2733,"mcpPosition":[-52.0704,153.175,87.9385],"pipPosition":[-80.8986,166.971,55.5314],"stabilizedTipPosition":[-106.56,179.252,26.6838],"timeVisible":0,"tipPosition":[-106.56,179.252,26.6838],"tipVelocity":[1.19209e-7,1.19209e-7,1.19209e-7],"tool":false,"touchDistance":1,"touchZone":"none","type":2,"width":17.9388},{"bases":[[[-0.477924,0.138104,0.867477],[-0.750251,-0.577802,-0.321353],[0.45685,-0.804408,0.379758]],[[-0.591586,0.369655,0.716506],[-0.452522,-0.887753,0.0843765],[0.66727,-0.274318,0.692459]],[[-0.591586,0.369655,0.716506],[-0.452522,-0.887753,0.0843765],[0.66727,-0.274318,0.692459]],[[-0.591586,0.369655,0.716506],[-0.452522,-0.887753,0.0843765],[0.66727,-0.274318,0.692459]]],"btipPosition":[-120.664,174.69,46.6395],"carpPosition":[-36.2614,103.52,128.648],"dipPosition":[-108.891,169.85,58.8566],"direction":[-0.66727,0.274318,-0.692459],"extended":true,"handId":160,"id":1603,"length":60.839,"mcpPosition":[-63.2841,151.101,106.185],"pipPosition":[-91.4365,162.675,76.9704],"stabilizedTipPosition":[-117.956,173.577,49.4494],"timeVisible":0,"tipPosition":[-117.956,173.577,49.4494],"tipVelocity":[1.19209e-7,1.19209e-7,1.19209e-7],"tool":false,"touchDistance":1,"touchZone":"none","type":3,"width":17.0699},{"bases":[[[-0.291259,0.137633,0.946692],[-0.772124,-0.61807,-0.147695],[0.564794,-0.773981,0.286288]],[[-0.445159,0.360213,0.819805],[-0.381199,-0.904653,0.190501],[0.81026,-0.227705,0.540027]],[[-0.445159,0.360213,0.819805],[-0.518654,-0.850035,0.091863],[0.729953,-0.384302,0.565226]],[[-0.445159,0.360213,0.819805],[-0.775912,-0.61217,-0.152344],[0.446984,-0.703914,0.552006]]],"btipPosition":[-117.627,176.688,87.857],"carpPosition":[-38.8909,108.151,140.988],"dipPosition":[-110.352,165.23,96.8417],"direction":[-0.729953,0.384302,-0.565226],"extended":true,"handId":160,"id":1604,"length":47.6966,"mcpPosition":[-69.816,150.53,125.312],"pipPosition":[-96.8699,158.133,107.281],"stabilizedTipPosition":[-115.954,174.052,89.9234],"timeVisible":0,"tipPosition":[-115.954,174.052,89.9234],"tipVelocity":[1.19209e-7,1.19209e-7,1.19209e-7],"tool":false,"touchDistance":1,"touchZone":"none","type":4,"width":15.1628},{"bases":[[[-0.86983,-0.452727,-0.196047],[0.477866,-0.674367,-0.562915],[0.122639,-0.583324,0.802927]],[[-0.81961,-0.572842,-0.00951883],[0.540898,-0.768215,-0.342455],[0.18886,-0.285828,0.939486]],[[-0.81961,-0.572842,-0.00951883],[0.374225,-0.522705,-0.765986],[0.433814,-0.631372,0.642787]],[[-0.81961,-0.572842,-0.00951883],[0.106981,-0.136701,-0.984819],[0.562845,-0.808186,0.173324]]],"btipPosition":[-33.7653,155.72,53.4228],"carpPosition":[1.54263,104.058,122.233],"dipPosition":[-21.3266,137.859,57.2533],"direction":[-0.433814,0.631372,-0.642787],"extended":true,"handId":160,"id":1600,"length":49.2128,"mcpPosition":[1.54263,104.058,122.233],"pipPosition":[-7.35957,117.531,77.9484],"stabilizedTipPosition":[-30.9044,151.612,54.3038],"timeVisible":0,"tipPosition":[-30.9044,151.612,54.3038],"tipVelocity":[1.19209e-7,1.19209e-7,1.19209e-7],"tool":false,"touchDistance":1,"touchZone":"none","type":0,"width":19.1218},{"bases":[[[-0.74976,0.222006,0.623357],[-0.609313,-0.599021,-0.51953],[0.258065,-0.769342,0.584393]],[[-0.700672,0.100017,0.706439],[-0.293287,-0.94298,-0.157387],[0.650417,-0.317466,0.690053]],[[-0.700672,0.100017,0.706439],[-0.293287,-0.94298,-0.157387],[0.650417,-0.317466,0.690053]],[[-0.700672,0.100017,0.706439],[-0.293287,-0.94298,-0.157387],[0.650417,-0.317466,0.690053]]],"btipPosition":[-88.4312,177.585,18.922],"carpPosition":[-18.778,98.8909,114.398],"dipPosition":[-77.9376,172.463,30.0551],"direction":[-0.650417,0.317466,-0.690053],"extended":true,"handId":160,"id":1601,"length":55.5312,"mcpPosition":[-36.706,152.338,73.7994],"pipPosition":[-63.0926,165.217,45.8047],"stabilizedTipPosition":[-86.0177,176.407,21.4826],"timeVisible":0,"tipPosition":[-86.0177,176.407,21.4826],"tipVelocity":[1.19209e-7,1.19209e-7,1.19209e-7],"tool":false,"touchDistance":1,"touchZone":"none","type":1,"width":18.2652}],"r":[[1,1.11022e-17,2.22045e-17],[-1.11022e-17,1,-4.93038e-34],[-2.22045e-17,2.46519e-34,1]],"s":1,"t":[0,0,0],"timestamp":486233696372},{"currentFrameRate":113.424,"devices":[],"gestures":[],"hands":[{"armBasis":[[0.594869,-0.621629,-0.509615],[0.796043,0.367594,0.480822],[-0.111561,-0.691702,0.713514]],"armWidth":59.8588,"confidence":0.0455264,"direction":[-0.227142,0.786694,-0.574037],"elbow":[-50.8055,-84.5572,313.862],"grabAngle":2.57632,"grabStrength":1,"id":160,"palmNormal":[-0.768845,-0.506646,-0.390111],"palmPosition":[-42.5837,147.739,92.8931],"palmVelocity":[-224.583,921.876,-1350.34],"palmWidth":85.9207,"pinchDistance":25.7975,"pinchStrength":0.913266,"r":[[0.979108,-0.123761,0.161344],[0.146095,0.980041,-0.134818],[-0.141438,0.155573,0.977646]],"s":0.880115,"sphereCenter":[-74.4775,136.787,59.7766],"sphereRadius":41.1075,"stabilizedPalmPosition":[-41.0216,141.326,102.286],"t":[-0.971099,3.98619,-5.83889],"timeVisible":0.008648,"type":"right","wrist":[-22.3621,91.7974,131.946]}],"id":525867,"interactionBox":{"center":[0,200,0],"size":[235.247,235.247,147.751]},"pointables":[{"bases":[[[0.883879,0.464728,-0.0527842],[-0.0485671,0.20344,0.977882],[0.465187,-0.861766,0.202387]],[[0.676514,0.726973,-0.117641],[-0.133394,0.27807,0.951254],[0.724248,-0.627844,0.285092]],[[0.676514,0.726973,-0.117641],[-0.337224,0.447822,0.828091],[0.654682,-0.520544,0.548111]],[[0.676514,0.726973,-0.117641],[-0.515017,0.581223,0.63003],[0.52639,-0.365637,0.767609]]],"btipPosition":[-112.197,162.3,89.2758],"carpPosition":[-46.7603,108.938,135.83],"dipPosition":[-101.067,154.568,105.507],"direction":[-0.654682,0.520544,-0.548111],"extended":false,"handId":160,"id":1600,"length":47.0874,"mcpPosition":[-46.7603,108.938,135.83],"pipPosition":[-80.8988,138.533,122.392],"stabilizedTipPosition":[-56.5631,154.515,66.9177],"timeVisible":0.008648,"tipPosition":[-99.6227,167.907,96.7262],"tipVelocity":[-9104.16,1030.29,4475.62],"tool":false,"touchDistance":1,"touchZone":"none","type":0,"width":18.9795},{"bases":[[[0.341594,-0.708165,-0.617913],[0.928685,0.35536,0.10613],[0.144424,-0.6101,0.779051]],[[0.327215,-0.650404,-0.685496],[0.443319,0.746304,-0.496485],[0.834505,-0.141436,0.532539]],[[0.327215,-0.650404,-0.685496],[-0.64388,0.377494,-0.66552],[0.691628,0.659145,-0.29526]],[[0.327215,-0.650404,-0.685496],[-0.930756,-0.0965762,-0.352656],[0.163166,0.753424,-0.636969]]],"btipPosition":[-64.7194,123.969,59.3773],"carpPosition":[-15.3883,109.426,103.91],"dipPosition":[-62.1784,135.703,49.4575],"direction":[-0.691628,-0.659145,0.29526],"extended":false,"handId":160,"id":1604,"length":45.6367,"mcpPosition":[-23.2962,142.832,61.2529],"pipPosition":[-49.9563,147.351,44.2398],"stabilizedTipPosition":[-98.9644,158.517,79.1606],"timeVisible":0.008648,"tipPosition":[-55.5942,138.34,52.9584],"tipVelocity":[5991.97,-5479.26,-3795.99],"tool":false,"touchDistance":0.333333,"touchZone":"none","type":4,"width":15.05},{"bases":[[[0.551109,-0.21564,-0.806088],[0.712236,0.624868,0.319782],[0.434741,-0.750359,0.497957]],[[0.589199,-0.284581,-0.756213],[0.530448,0.842225,0.0963461],[0.609483,-0.457898,0.647194]],[[0.589199,-0.284581,-0.756213],[-0.60906,0.458569,-0.647117],[0.530933,0.84186,0.0968615]],[[0.589199,-0.284581,-0.756213],[-0.60906,0.458569,-0.647117],[0.530933,0.84186,0.0968615]]],"btipPosition":[-103.958,162.078,68.424],"carpPosition":[-30.3072,123.556,131.75],"dipPosition":[-95.7616,175.073,69.9193],"direction":[-0.530933,-0.84186,-0.0968615],"extended":false,"handId":160,"id":1601,"length":53.1328,"mcpPosition":[-60.509,175.684,97.1565],"pipPosition":[-84.1671,193.458,72.0345],"stabilizedTipPosition":[-89.8352,173.71,32.7259],"timeVisible":0.008648,"tipPosition":[-94.0581,178.019,69.319],"tipVelocity":[-1856.48,-1311.28,5467.78],"tool":false,"touchDistance":1,"touchZone":"none","type":1,"width":18.1292},{"bases":[[[0.475229,-0.418378,-0.774026],[0.804525,0.56279,0.189754],[0.356226,-0.7129,0.60405]],[[0.480469,-0.428923,-0.764967],[0.238684,0.903271,-0.356555],[0.843907,-0.0112723,0.536371]],[[0.480469,-0.428923,-0.764967],[-0.739501,0.27077,-0.616296],[0.471474,0.861805,-0.187092]],[[0.480469,-0.428923,-0.764967],[-0.874635,-0.298524,-0.381965],[-0.0645272,0.85259,-0.518582]]],"btipPosition":[-94.3029,133.337,73.1729],"carpPosition":[-23.0652,122.497,122.715],"dipPosition":[-95.3985,147.813,64.3681],"direction":[-0.471474,-0.861805,0.187092],"extended":false,"handId":160,"id":1602,"length":60.5406,"mcpPosition":[-46.5336,169.464,82.9198],"pipPosition":[-83.2852,169.955,59.5612],"stabilizedTipPosition":[-103.172,167.232,39.2343],"timeVisible":0.008648,"tipPosition":[-87.285,151.125,69.3686],"tipVelocity":[1388.24,-4924.29,5141.54],"tool":false,"touchDistance":0.333333,"touchZone":"none","type":2,"width":17.8053},{"bases":[[[0.460461,-0.559954,-0.688786],[0.847368,0.508448,0.153128],[0.264468,-0.654165,0.708608]],[[0.454218,-0.544668,-0.704998],[0.32325,0.838172,-0.439291],[0.830178,-0.0283566,0.556777]],[[0.454218,-0.544668,-0.704998],[-0.689844,0.285715,-0.665193],[0.563738,0.788482,-0.245959]],[[0.454218,-0.544668,-0.704998],[-0.890053,-0.24314,-0.385601],[0.0386113,0.802633,-0.595222]]],"btipPosition":[-81.0888,125.253,65.2871],"carpPosition":[-17.1712,118.698,113.473],"dipPosition":[-80.437,138.802,55.2392],"direction":[-0.563738,-0.788482,0.245959],"extended":false,"handId":160,"id":1603,"length":58.2114,"mcpPosition":[-32.8145,157.392,71.5592],"pipPosition":[-66.3273,158.537,49.0831],"stabilizedTipPosition":[-105.102,157.879,54.1466],"timeVisible":0.008648,"tipPosition":[-72.9586,142.227,60.839],"tipVelocity":[4280.46,-5227.55,1564.14],"tool":false,"touchDistance":0.333333,"touchZone":"none","type":3,"width":16.9429}],"r":[[0.979108,-0.123761,0.161344],[0.146095,0.980041,-0.134818],[-0.141438,0.155573,0.977646]],"s":0.880115,"t":[-0.971099,3.98619,-5.83889],"timestamp":486233705020},{"currentFrameRate":113.533,"devices":[],"gestures":[],"hands":[{"armBasis":[[0.603981,-0.739191,-0.297999],[0.791795,0.513859,0.330168],[-0.0909278,-0.435369,0.895648]],"armWidth":59.8588,"confidence":0.0907182,"direction":[-0.144646,0.719378,-0.679391],"elbow":[-45.6357,-8.91412,361.779],"grabAngle":2.54552,"grabStrength":1,"id":160,"palmNormal":[-0.79663,-0.491924,-0.35127],"palmPosition":[-37.8638,152.347,85.5446],"palmVelocity":[547.555,534.625,-852.496],"palmWidth":85.9207,"pinchDistance":28.2115,"pinchStrength":0.850974,"r":[[0.927579,-0.209782,0.309174],[0.290423,0.925425,-0.243398],[-0.235057,0.315562,0.919331]],"s":0.808853,"sphereCenter":[-78.4634,148.946,63.8073],"sphereRadius":40.2624,"stabilizedPalmPosition":[-40.2736,143.937,98.3201],"t":[0.903313,8.28352,-12.4326],"timeVisible":0.017268,"type":"right","wrist":[-22.453,102.086,133.427]}],"id":525868,"interactionBox":{"center":[0,200,0],"size":[235.247,235.247,147.751]},"pointables":[{"bases":[[[0.920472,0.383023,-0.0776233],[-0.0596233,0.333929,0.940711],[0.386234,-0.861269,0.33021]],[[0.66554,0.715662,-0.21186],[-0.0327831,0.311613,0.949643],[0.745642,-0.62508,0.230853]],[[0.66554,0.715662,-0.21186],[-0.350643,0.550391,0.757706],[0.658868,-0.429996,0.617249]],[[0.66554,0.715662,-0.21186],[-0.638244,0.69287,0.335523],[0.386912,-0.0880853,0.9179]]],"btipPosition":[-110.095,164.575,83.6336],"carpPosition":[-46.4701,120.002,132.939],"dipPosition":[-101.914,162.713,103.043],"direction":[-0.658868,0.429996,-0.617249],"extended":false,"handId":160,"id":1600,"length":47.0874,"mcpPosition":[-46.4701,120.002,132.939],"pipPosition":[-81.6171,149.466,122.057],"stabilizedTipPosition":[-71.2101,157.247,72.9239],"timeVisible":0.017268,"tipPosition":[-99.0672,172.089,85.913],"tipVelocity":[165.172,420.547,-569.757],"tool":false,"touchDistance":1,"touchZone":"none","type":0,"width":18.9795},{"bases":[[[0.554287,-0.362667,-0.749159],[0.752047,0.603894,0.264079],[0.35664,-0.709778,0.607473]],[[0.459953,-0.193868,-0.866521],[0.45132,0.89146,0.0401148],[0.764692,-0.409529,0.497526]],[[0.459953,-0.193868,-0.866521],[-0.650523,0.590647,-0.477447],[0.60437,0.783295,0.145554]],[[0.459953,-0.193868,-0.866521],[-0.650523,0.590647,-0.477447],[0.60437,0.783295,0.145554]]],"btipPosition":[-105.74,168.627,60.7142],"carpPosition":[-28.7528,132.619,127.654],"dipPosition":[-96.4099,180.719,62.9611],"direction":[-0.60437,-0.783295,-0.145554],"extended":false,"handId":160,"id":1601,"length":53.1328,"mcpPosition":[-53.5288,181.928,85.452],"pipPosition":[-83.2117,197.824,66.1397],"stabilizedTipPosition":[-92.8034,173.214,38.8756],"timeVisible":0.017268,"tipPosition":[-92.6511,178.717,58.1402],"tipVelocity":[-176.471,735.684,-874.356],"tool":false,"touchDistance":1,"touchZone":"none","type":1,"width":18.1292},{"bases":[[[0.299395,-0.808102,-0.507282],[0.951486,0.292422,0.0957323],[0.0709788,-0.511333,0.856446]],[[0.306108,-0.868058,-0.390863],[0.590192,0.49519,-0.637542],[0.746975,-0.0355273,0.663902]],[[0.306108,-0.868058,-0.390863],[-0.518242,0.19246,-0.833297],[0.798576,0.45764,-0.39095]],[[0.306108,-0.868058,-0.390863],[-0.904014,-0.136348,-0.405175],[0.298422,0.477373,-0.826474]]],"btipPosition":[-60.7712,127.425,54.1569],"carpPosition":[-14.2615,113.813,102.481],"dipPosition":[-56.1237,134.859,41.2858],"direction":[-0.798576,-0.45764,0.39095],"extended":false,"handId":160,"id":1604,"length":45.6367,"mcpPosition":[-18.148,141.811,55.5869],"pipPosition":[-42.0117,142.946,34.3771],"stabilizedTipPosition":[-87.5597,149.982,71.0377],"timeVisible":0.017268,"tipPosition":[-51.0586,138.176,46.9741],"tipVelocity":[514.236,286.15,-684.361],"tool":false,"touchDistance":0.333333,"touchZone":"none","type":4,"width":15.05},{"bases":[[[0.460993,-0.552826,-0.694168],[0.842576,0.518157,0.146896],[0.27848,-0.652608,0.704665]],[[0.443464,-0.512698,-0.735174],[0.356106,0.853507,-0.380415],[0.822513,-0.093099,0.561074]],[[0.443464,-0.512698,-0.735174],[-0.683574,0.337055,-0.647395],[0.579712,0.789642,-0.200995]],[[0.443464,-0.512698,-0.735174],[-0.896288,-0.255977,-0.362137],[-0.00252054,0.819522,-0.573042]]],"btipPosition":[-90.3846,142.66,63.1584],"carpPosition":[-21.3668,129.813,119.123],"dipPosition":[-90.4274,156.574,53.429],"direction":[-0.579712,-0.789642,0.200995],"extended":false,"handId":160,"id":1602,"length":60.5406,"mcpPosition":[-39.7133,172.808,72.6993],"pipPosition":[-75.5332,176.862,48.2649],"stabilizedTipPosition":[-99.8345,161.65,44.8983],"timeVisible":0.017268,"tipPosition":[-83.3335,153.924,60.227],"tipVelocity":[482.652,1066.54,-1186.44],"tool":false,"touchDistance":0.333333,"touchZone":"none","type":2,"width":17.8053},{"bases":[[[0.432111,-0.680314,-0.59199],[0.881807,0.456269,0.119314],[0.188936,-0.573578,0.797065]],[[0.422747,-0.652585,-0.628823],[0.448338,0.753616,-0.480683],[0.787577,-0.0787183,0.611168]],[[0.422747,-0.652585,-0.628823],[-0.618232,0.299674,-0.726625],[0.662626,0.695937,-0.276763]],[[0.422747,-0.652585,-0.628823],[-0.896665,-0.200558,-0.394676],[0.131444,0.730691,-0.669935]]],"btipPosition":[-77.3169,131.729,57.1071],"carpPosition":[-15.5446,124.378,110.689],"dipPosition":[-75.098,144.064,45.7978],"direction":[-0.662626,-0.695937,0.276763],"extended":false,"handId":160,"id":1603,"length":58.2114,"mcpPosition":[-26.7202,158.305,63.5425],"pipPosition":[-58.5132,161.482,38.8708],"stabilizedTipPosition":[-96.3851,150.697,54.2573],"timeVisible":0.017268,"tipPosition":[-69.2939,143.173,53.5179],"tipVelocity":[479.39,718.896,-982.618],"tool":false,"touchDistance":0.333333,"touchZone":"none","type":3,"width":16.9429}],"r":[[0.927579,-0.209782,0.309174],[0.290423,0.925425,-0.243398],[-0.235057,0.315562,0.919331]],"s":0.808853,"t":[0.903313,8.28352,-12.4326],"timestamp":486233713640},{"currentFrameRate":113.594,"devices":[],"gestures":[],"hands":[{"armBasis":[[0.585141,-0.768324,-0.259399],[0.804921,0.511413,0.300929],[-0.0985512,-0.384882,0.917689]],"armWidth":59.8588,"confidence":0.135943,"direction":[-0.119026,0.702495,-0.701665],"elbow":[-45.6861,9.86839,363.729],"grabAngle":2.70623,"grabStrength":1,"id":160,"palmNormal":[-0.812259,-0.475319,-0.338094],"palmPosition":[-34.2668,157.062,80.181],"palmVelocity":[413.541,542.026,-616.645],"palmWidth":85.9207,"pinchDistance":27.6098,"pinchStrength":0.866501,"r":[[0.863726,-0.260235,0.431573],[0.414076,0.854588,-0.3134],[-0.287259,0.449396,0.845887]],"s":0.750893,"sphereCenter":[-75.0523,153.323,57.7355],"sphereRadius":40.4711,"stabilizedPalmPosition":[-38.8845,146.972,94.1255],"t":[3.63901,12.7895,-18.4112],"timeVisible":0.025966,"type":"right","wrist":[-20.5597,107.997,129.757]}],"id":525869,"interactionBox":{"center":[0,200,0],"size":[235.247,235.247,147.751]},"pointables":[{"bases":[[[0.933059,0.349071,-0.0868941],[-0.0498513,0.364703,0.929788],[0.356253,-0.863216,0.357691]],[[0.673802,0.699455,-0.23823],[-0.00784426,0.329159,0.944242],[0.73887,-0.634364,0.227275]],[[0.673802,0.699455,-0.23823],[-0.325739,0.570563,0.753891],[0.663238,-0.430373,0.612286]],[[0.673802,0.699455,-0.23823],[-0.626144,0.711672,0.318539],[0.392345,-0.065466,0.917485]]],"btipPosition":[-107.6,171.052,79.5524],"carpPosition":[-44.0447,126.509,128.528],"dipPosition":[-99.3038,169.668,98.9529],"direction":[-0.663238,0.430373,-0.612286],"extended":true,"handId":160,"id":1600,"length":47.0874,"mcpPosition":[-44.0447,126.509,128.528],"pipPosition":[-78.8725,156.41,117.815],"stabilizedTipPosition":[-81.5312,161.284,76.2435],"timeVisible":0.025966,"tipPosition":[-96.2842,177.735,80.362],"tipVelocity":[289.897,757.322,-469.441],"tool":false,"touchDistance":1,"touchZone":"none","type":0,"width":18.9795},{"bases":[[[0.272677,-0.833079,-0.481276],[0.960691,0.26288,0.0892596],[0.0521574,-0.486697,0.872012]],[[0.276434,-0.876106,-0.394997],[0.616521,0.476957,-0.626429],[0.737215,-0.0703579,0.671985]],[[0.276434,-0.876106,-0.394997],[-0.518617,0.210036,-0.828808],[0.809087,0.433963,-0.396302]],[[0.276434,-0.876106,-0.394997],[-0.91615,-0.116096,-0.383655],[0.290265,0.467932,-0.834737]]],"btipPosition":[-57.2392,132.234,49.1518],"carpPosition":[-12.0133,118.294,98.3636],"dipPosition":[-52.7188,139.522,36.152],"direction":[-0.809087,-0.433963,0.396302],"extended":false,"handId":160,"id":1604,"length":45.6367,"mcpPosition":[-14.8691,144.943,50.6168],"pipPosition":[-38.4211,147.19,29.1488],"stabilizedTipPosition":[-78.7051,145.444,64.014],"timeVisible":0.025966,"tipPosition":[-48.2885,141.744,42.2382],"tipVelocity":[402.704,549.08,-578.831],"tool":false,"touchDistance":0.333333,"touchZone":"none","type":4,"width":15.05},{"bases":[[[0.542933,-0.404222,-0.73609],[0.771644,0.585982,0.247367],[0.331345,-0.702303,0.630064]],[[0.452823,-0.232993,-0.860619],[0.402066,0.914897,-0.036137],[0.795798,-0.329662,0.507965]],[[0.452823,-0.232993,-0.860619],[-0.585012,0.650777,-0.483993],[0.672838,0.722636,0.158383]],[[0.452823,-0.232993,-0.860619],[-0.877266,0.0559589,-0.476732],[0.159235,0.970867,-0.179058]]],"btipPosition":[-96.9615,169.167,58.7204],"carpPosition":[-25.9009,138.349,122.904],"dipPosition":[-94.5034,184.154,55.9563],"direction":[-0.672838,-0.722636,-0.158383],"extended":false,"handId":160,"id":1601,"length":53.1328,"mcpPosition":[-48.9197,187.138,79.1327],"pipPosition":[-79.8099,199.935,59.4151],"stabilizedTipPosition":[-93.6911,173.065,43.622],"timeVisible":0.025966,"tipPosition":[-90.5363,180.928,53.6735],"tipVelocity":[827.497,138.606,-361.727],"tool":false,"touchDistance":1,"touchZone":"none","type":1,"width":18.1292},{"bases":[[[0.443152,-0.589322,-0.675511],[0.859412,0.493646,0.133134],[0.255005,-0.639541,0.725231]],[[0.427063,-0.549913,-0.717783],[0.3893,0.828295,-0.402955],[0.816127,-0.107346,0.567815]],[[0.427063,-0.549913,-0.717783],[-0.658133,0.355313,-0.663787],[0.620063,0.755876,-0.210174]],[[0.427063,-0.549913,-0.717783],[-0.90417,-0.251248,-0.345471],[0.00963763,0.796537,-0.604513]]],"btipPosition":[-87.0362,148.896,57.641],"carpPosition":[-18.5999,135.032,114.484],"dipPosition":[-86.8725,162.42,47.3772],"direction":[-0.620063,-0.755876,0.210174],"extended":false,"handId":160,"id":1602,"length":60.5406,"mcpPosition":[-35.3999,177.166,66.7053],"pipPosition":[-70.9416,181.84,41.9773],"stabilizedTipPosition":[-96.4977,159.143,47.5972],"timeVisible":0.025966,"tipPosition":[-79.8694,159.137,54.7226],"tipVelocity":[390.422,706.672,-648.461],"tool":false,"touchDistance":0.333333,"touchZone":"none","type":2,"width":17.8053},{"bases":[[[0.409792,-0.712538,-0.569526],[0.896568,0.429642,0.107582],[0.168036,-0.554705,0.814903]],[[0.400017,-0.681221,-0.613127],[0.493948,0.723752,-0.481871],[0.772012,-0.110096,0.626]],[[0.400017,-0.681221,-0.613127],[-0.603116,0.308064,-0.735763],[0.6901,0.664104,-0.287625]],[[0.400017,-0.681221,-0.613127],[-0.90362,-0.18135,-0.388051],[0.153158,0.70926,-0.688108]]],"btipPosition":[-73.9132,137.805,51.5805],"carpPosition":[-12.9512,129.144,106.238],"dipPosition":[-71.3277,149.778,39.9645],"direction":[-0.6901,-0.664104,0.287625],"extended":false,"handId":160,"id":1603,"length":58.2114,"mcpPosition":[-22.8905,161.955,58.0361],"pipPosition":[-54.0553,166.399,32.7656],"stabilizedTipPosition":[-89.4349,147.642,52.6457],"timeVisible":0.025966,"tipPosition":[-66.4844,147.42,48.4073],"tipVelocity":[401.02,688.939,-643.498],"tool":false,"touchDistance":0.333333,"touchZone":"none","type":3,"width":16.9429}],"r":[[0.863726,-0.260235,0.431573],[