{"frames":204,"data":[{"currentFrameRate":115.23,"devices":[],"gestures":[],"hands":[{"armBasis":[[-0.778119,0.410753,0.475198],[0.628027,0.521601,0.577507],[0.0106513,-0.747806,0.663832]],"armWidth":67.5933,"confidence":1,"direction":[0.55719,0.755561,-0.34448],"elbow":[161.706,-60.3006,326.116],"grabAngle":1.37187,"grabStrength":0,"id":51,"palmNormal":[-0.386827,-0.130909,-0.912813],"palmPosition":[199.229,195.057,110.356],"palmVelocity":[1.63339,37.3267,-84.0895],"palmWidth":91.3243,"pinchDistance":41.7436,"pinchStrength":0.339786,"r":[[0.989787,0.0351297,-0.13816],[-0.00434944,0.976152,0.217045],[0.14249,-0.214228,0.966335]],"s":1.03103,"sphereCenter":[177.643,200.841,43.1129],"sphereRadius":68.3344,"stabilizedPalmPosition":[207.587,190.701,129.126],"t":[-9.06046,18.6221,-21.4162],"timeVisible":0.806304,"type":"left","wrist":[158.819,142.349,146.223]}],"id":66797,"interactionBox":{"center":[0,200,0],"size":[235.247,235.247,147.751]},"pointables":[{"bases":[[[0.159041,0.522808,0.837483],[0.54689,-0.752894,0.366145],[-0.821959,-0.399779,0.405659]],[[0.403767,0.620312,0.672447],[0.751158,-0.644363,0.143378],[-0.522239,-0.447223,0.726125]],[[0.403767,0.620312,0.672447],[0.859168,-0.509643,-0.0457513],[-0.314328,-0.596218,0.73873]],[[0.403767,0.620312,0.672447],[0.914216,-0.301198,-0.271089],[-0.0343799,-0.724218,0.688713]]],"btipPosition":[216.949,194.495,44.6432],"carpPosition":[180.003,137.206,119.675],"dipPosition":[216.197,178.635,59.7262],"direction":[0.314328,0.596218,-0.73873],"extended":false,"handId":51,"id":510,"length":48.7689,"mcpPosition":[180.003,137.206,119.675],"pipPosition":[206.168,159.612,83.2959],"stabilizedTipPosition":[220.709,185.843,58.911],"timeVisible":0.806304,"tipPosition":[220.552,186.968,47.1168],"tipVelocity":[12.5981,59.9082,-56.9468],"tool":false,"touchDistance":0.332905,"touchZone":"hovering","type":0,"width":21.9886},{"bases":[[[-0.630797,0.759613,0.158378],[0.482329,0.223963,0.846876],[-0.607827,-0.610597,0.507659]],[[-0.613945,0.776021,0.144441],[0.724667,0.481574,0.492893],[-0.312936,-0.407281,0.858017]],[[-0.613945,0.776021,0.144441],[0.724667,0.481574,0.492893],[-0.312936,-0.407281,0.858017]],[[-0.613945,0.776021,0.144441],[0.783943,0.620824,-0.00328277],[0.0922199,-0.111218,0.989508]]],"btipPosition":[250.697,225.535,28.4582],"carpPosition":[187.631,153.085,135.665],"dipPosition":[252.171,223.757,44.2786],"direction":[0.312936,0.407281,-0.858017],"extended":true,"handId":51,"id":511,"length":55.0303,"mcpPosition":[232.513,198.172,98.18],"pipPosition":[245.093,214.545,63.6852],"stabilizedTipPosition":[249.253,217.72,44.6008],"timeVisible":0.806304,"tipPosition":[249.075,220.518,31.2135],"tipVelocity":[85.146,73.5697,-32.6353],"tool":false,"touchDistance":0.33309,"touchZone":"hovering","type":1,"width":21.0036},{"bases":[[[-0.780038,0.620751,0.0788005],[0.35528,0.3357,0.8724],[-0.515089,-0.708501,0.482399]],[[-0.733571,0.67857,0.0376282],[0.513781,0.517479,0.684284],[-0.444863,-0.521304,0.728244]],[[-0.733571,0.67857,0.0376282],[0.552728,0.563482,0.613987],[-0.39543,-0.471201,0.788419]],[[-0.733571,0.67857,0.0376282],[0.656327,0.69298,0.298352],[-0.176377,-0.243558,0.953714]]],"btipPosition":[250.86,253.063,34.3709],"carpPosition":[181.102,163.116,138.748],"dipPosition":[247.759,248.78,51.142],"direction":[0.39543,0.471201,-0.788419],"extended":true,"handId":51,"id":512,"length":62.7026,"mcpPosition":[217.171,212.728,104.969],"pipPosition":[237.236,236.241,72.1217],"stabilizedTipPosition":[261.648,254.338,63.5292],"timeVisible":0.806304,"tipPosition":[255.99,255.196,43.1849],"tipVelocity":[-24.4418,-24.4665,-112.825],"tool":false,"touchDistance":0.332486,"touchZone":"hovering","type":2,"width":20.6283},{"bases":[[[-0.871884,0.482638,0.0829397],[0.282041,0.356436,0.890734],[-0.40034,-0.800009,0.446894]],[[-0.78902,0.614354,0.00399464],[0.474465,0.605203,0.639227],[-0.390294,-0.506258,0.769008]],[[-0.78902,0.614354,0.00399464],[0.545136,0.697095,0.46571],[-0.283326,-0.369632,0.884928]],[[-0.78902,0.614354,0.00399464],[0.588385,0.753765,0.292645],[-0.176777,-0.233254,0.956213]]],"btipPosition":[224.199,256.742,40.2001],"carpPosition":[172.277,171.619,140.106],"dipPosition":[221.109,252.664,56.9184],"direction":[0.283326,0.369632,-0.884928],"extended":true,"handId":51,"id":513,"length":60.2902,"mcpPosition":[197.446,221.915,112.01],"pipPosition":[213.764,243.082,79.8581],"stabilizedTipPosition":[231.198,254.79,79.148],"timeVisible":0.806304,"tipPosition":[225.207,255.238,52.0336],"tipVelocity":[58.2236,98.0818,-85.5811],"tool":false,"touchDistance":0.332683,"touchZone":"hovering","type":3,"width":19.6291},{"bases":[[[-0.946895,0.32123,-0.0142173],[0.106513,0.355076,0.92875],[-0.30339,-0.877914,0.370435]],[[-0.871989,0.482203,-0.0843506],[0.441914,0.849531,0.288112],[-0.210587,-0.213954,0.953875]],[[-0.871989,0.482203,-0.0843506],[0.376872,0.55131,-0.744329],[0.312415,0.680836,0.662465]],[[-0.871989,0.482203,-0.0843506],[0.0124563,-0.150399,-0.988547],[0.489367,0.863053,-0.125139]]],"btipPosition":[170.316,208.309,73.4569],"carpPosition":[159.302,176.518,136.684],"dipPosition":[178.209,222.23,71.4384],"direction":[-0.312415,-0.680836,-0.662465],"extended":false,"handId":51,"id":514,"length":47.2664,"mcpPosition":[176.959,227.611,115.125],"pipPosition":[183.927,234.691,83.5632],"stabilizedTipPosition":[177.145,214.141,81.543],"timeVisible":0.806304,"tipPosition":[176.145,217.583,68.0928],"tipVelocity":[20.6122,22.5268,-90.4879],"tool":false,"touchDistance":0.332663,"touchZone":"hovering","type":4,"width":17.4361}],"r":[[0.989787,0.0351297,-0.13816],[-0.00434944,0.976152,0.217045],[0.14249,-0.214228,0.966335]],"s":1.03103,"t":[-9.06046,18.6221,-21.4162],"timestamp":495029108387},{"currentFrameRate":115.186,"devices":[],"gestures":[],"hands":[{"armBasis":[[-0.780972,0.398841,0.480633],[0.624236,0.523471,0.579921],[0.0203015,-0.75293,0.657787]],"armWidth":67.5933,"confidence":1,"direction":[0.556259,0.755229,-0.346707],"elbow":[164.405,-61.4166,323.725],"grabAngle":1.35371,"grabStrength":0,"id":51,"palmNormal":[-0.384224,-0.136202,-0.913138],"palmPosition":[199.172,195.36,109.555],"palmVelocity":[-6.50791,34.6509,-91.5346],"palmWidth":91.3243,"pinchDistance":41.2437,"pinchStrength":0.327829,"r":[[0.990219,0.0350674,-0.135044],[-0.00530208,0.976658,0.214734],[0.139422,-0.211918,0.967291]],"s":1.03131,"sphereCenter":[177.128,200.837,41.9645],"sphereRadius":68.688,"stabilizedPalmPosition":[207.585,190.701,129.122],"t":[-9.09125,18.9336,-22.1795],"timeVisible":0.815061,"type":"left","wrist":[158.903,142.622,145.47]}],"id":66798,"interactionBox":{"center":[0,200,0],"size":[235.247,235.247,147.751]},"pointables":[{"bases":[[[0.155698,0.527191,0.835361],[0.547755,-0.749824,0.371117],[-0.822024,-0.399791,0.405518]],[[0.399485,0.624154,0.671448],[0.753365,-0.640849,0.147488],[-0.522352,-0.446927,0.726226]],[[0.399485,0.624154,0.671448],[0.863014,-0.5031,-0.0457952],[-0.309223,-0.597764,0.739635]],[[0.399485,0.624154,0.671448],[0.916414,-0.291403,-0.274352],[-0.0244241,-0.724925,0.688395]]],"btipPosition":[216.631,194.848,44.0439],"carpPosition":[180.06,137.509,119.103],"dipPosition":[216.096,178.972,59.1201],"direction":[0.309223,0.597764,-0.739635],"extended":false,"handId":51,"id":510,"length":48.7689,"mcpPosition":[180.06,137.509,119.103],"pipPosition":[206.23,159.9,82.7186],"stabilizedTipPosition":[220.659,185.907,58.7741],"timeVisible":0.815061,"tipPosition":[220.538,187.154,46.4439],"tipVelocity":[-30.6161,39.9053,-68.6101],"tool":false,"touchDistance":0.332811,"touchZone":"hovering","type":0,"width":21.9886},{"bases":[[[-0.632993,0.758857,0.153156],[0.47967,0.229167,0.846994],[-0.607649,-0.609606,0.509061]],[[-0.617793,0.77368,0.140538],[0.719997,0.484711,0.496649],[-0.316127,-0.408013,0.856498]],[[-0.617793,0.77368,0.140538],[0.719997,0.484711,0.496649],[-0.316127,-0.408013,0.856498]],[[-0.617793,0.77368,0.140538],[0.782477,0.622556,0.0124464],[0.0778629,-0.117657,0.989997]]],"btipPosition":[251.093,226.009,27.8126],"carpPosition":[187.61,153.483,135.036],"dipPosition":[252.338,224.128,43.6409],"direction":[0.316127,0.408013,-0.856498],"extended":true,"handId":51,"id":511,"length":55.0303,"mcpPosition":[232.479,198.496,97.4468],"pipPosition":[245.188,214.899,63.0131],"stabilizedTipPosition":[249.288,217.848,44.386],"timeVisible":0.815061,"tipPosition":[249.23,220.726,30.4498],"tipVelocity":[39.192,51.3501,-73.5172],"tool":false,"touchDistance":0.332785,"touchZone":"hovering","type":1,"width":21.0036},{"bases":[[[-0.781704,0.619259,0.0738734],[0.352292,0.340722,0.871664],[-0.514616,-0.707408,0.484504]],[[-0.736113,0.676041,0.0332519],[0.511993,0.524009,0.680645],[-0.44272,-0.518056,0.731858]],[[-0.736113,0.676041,0.0332519],[0.557141,0.577286,0.596938],[-0.384359,-0.45794,0.801598]],[[-0.736113,0.676041,0.0332519],[0.655921,0.700356,0.281547],[-0.16705,-0.229061,0.958971]]],"btipPosition":[250.219,252.628,32.9233],"carpPosition":[181.05,163.512,138.054],"dipPosition":[247.282,248.6,49.7868],"direction":[0.384359,0.45794,-0.801598],"extended":true,"handId":51,"id":512,"length":62.7026,"mcpPosition":[217.085,213.048,104.127],"pipPosition":[237.054,236.415,71.1173],"stabilizedTipPosition":[261.643,254.337,63.5188],"timeVisible":0.815061,"tipPosition":[255.602,255.111,41.9355],"tipVelocity":[-68.8689,-42.8787,-162.879],"tool":false,"touchDistance":0.332102,"touchZone":"hovering","type":2,"width":20.6283},{"bases":[[[-0.873232,0.48095,0.0784455],[0.278958,0.36137,0.889716],[-0.39956,-0.798811,0.449725]],[[-0.792678,0.609639,0.000919906],[0.472978,0.614032,0.631867],[-0.384646,-0.501302,0.775076]],[[-0.792678,0.609639,0.000919906],[0.542898,0.705211,0.456003],[-0.277349,-0.361963,0.889978]],[[-0.792678,0.609639,0.000919906],[0.568669,0.738862,0.361523],[-0.219719,-0.287094,0.932363]]],"btipPosition":[224.434,257.584,39.2975],"carpPosition":[172.201,172.001,139.35],"dipPosition":[220.593,252.564,55.5989],"direction":[0.277349,0.361963,-0.889978],"extended":true,"handId":51,"id":513,"length":60.2902,"mcpPosition":[197.321,222.222,111.075],"pipPosition":[213.403,243.181,78.6695],"stabilizedTipPosition":[231.116,254.808,78.7635],"timeVisible":0.815061,"tipPosition":[225.093,255.365,50.7077],"tipVelocity":[7.0964,71.4329,-114.014],"tool":false,"touchDistance":0.332469,"touchZone":"hovering","type":3,"width":19.6291},{"bases":[[[-0.947615,0.318899,-0.0181233],[0.103339,0.359774,0.927299],[-0.302235,-0.87685,0.373882]],[[-0.872968,0.479626,-0.0888011],[0.43929,0.852184,0.284265],[-0.212016,-0.209145,0.954624]],[[-0.872968,0.479626,-0.0888011],[0.376614,0.547063,-0.747586],[0.309982,0.686062,0.658202]],[[-0.872968,0.479626,-0.0888011],[0.0136738,-0.157918,-0.987358],[0.487586,0.863146,-0.131299]]],"btipPosition":[170.29,208.325,72.596],"carpPosition":[159.224,176.853,135.871],"dipPosition":[178.155,222.248,70.4782],"direction":[-0.309982,-0.686062,-0.658202],"extended":false,"handId":51,"id":514,"length":47.2664,"mcpPosition":[176.813,227.884,114.112],"pipPosition":[183.828,234.804,82.525],"stabilizedTipPosition":[177.124,214.13,81.5042],"timeVisible":0.815061,"tipPosition":[176.119,217.595,67.1534],"tipVelocity":[-3.66991,1.91445,-100.914],"tool":false,"touchDistance":0.332563,"touchZone":"hovering","type":4,"width":17.4361}],"r":[[0.990219,0.0350674,-0.135044],[-0.00530208,0.976658,0.214734],[0.139422,-0.211918,0.967291]],"s":1.03131,"t":[-9.09125,18.9336,-22.1795],"timestamp":495029117144},{"currentFrameRate":115.254,"devices":[],"gestures":[],"hands":[{"armBasis":[[-0.783664,0.385956,0.486733],[0.620443,0.524605,0.582958],[0.0303461,-0.758833,0.650577]],"armWidth":67.5933,"confidence":1,"direction":[0.557923,0.755318,-0.343828],"elbow":[167.168,-62.7814,320.781],"grabAngle":1.3495,"grabStrength":0,"id":51,"palmNormal":[-0.378472,-0.137135,-0.915398],"palmPosition":[199.254,195.694,108.848],"palmVelocity":[9.63391,38.9485,-82.5115],"palmWidth":91.3243,"pinchDistance":40.9499,"pinchStrength":0.322895,"r":[[0.990716,0.0351281,-0.131328],[-0.00644625,0.97709,0.212727],[0.135792,-0.209905,0.968246]],"s":1.03027,"sphereCenter":[176.988,201.292,41.0648],"sphereRadius":68.8234,"stabilizedPalmPosition":[207.584,190.702,129.119],"t":[-9.06541,19.2561,-22.9144],"timeVisible":0.823622,"type":"left","wrist":[158.944,142.856,144.48]}],"id":66799,"interactionBox":{"center":[0,200,0],"size":[235.247,235.247,147.751]},"pointables":[{"bases":[[[0.150187,0.527921,0.835909],[0.545915,-0.749197,0.375074],[-0.82427,-0.400003,0.40072]],[[0.394005,0.62464,0.674229],[0.753445,-0.639631,0.15229],[-0.526384,-0.447991,0.72265]],[[0.394005,0.62464,0.674229],[0.865568,-0.498887,-0.0436253],[-0.309114,-0.60078,0.737233]],[[0.394005,0.62464,0.674229],[0.918894,-0.283536,-0.2743],[-0.0198296,-0.727621,0.685693]]],"btipPosition":[216.789,195.385,43.5779],"carpPosition":[180.12,137.837,118.322],"dipPosition":[216.355,179.45,58.5948],"direction":[0.309114,0.60078,-0.737233],"extended":false,"handId":51,"id":510,"length":48.7689,"mcpPosition":[180.12,137.837,118.322],"pipPosition":[206.492,160.282,82.1167],"stabilizedTipPosition":[220.605,185.985,58.6164],"timeVisible":0.823622,"tipPosition":[220.908,187.56,45.9061],"tipVelocity":[21.1459,61.1658,-56.0286],"tool":false,"touchDistance":0.332907,"touchZone":"hovering","type":0,"width":21.9886},{"bases":[[[-0.634406,0.758572,0.148655],[0.474268,0.23011,0.849776],[-0.610409,-0.609605,0.505749]],[[-0.620367,0.772233,0.13712],[0.71563,0.485778,0.501889],[-0.320965,-0.409483,0.853994]],[[-0.620367,0.772233,0.13712],[0.71563,0.485778,0.501889],[-0.320965,-0.409483,0.853994]],[[-0.620367,0.772233,0.13712],[0.781363,0.623661,0.0227534],[0.0679456,-0.121256,0.990293]]],"btipPosition":[251.71,226.504,27.4631],"carpPosition":[187.561,153.828,134.289],"dipPosition":[252.797,224.565,43.2961],"direction":[0.320965,0.409483,-0.853994],"extended":true,"handId":51,"id":511,"length":55.0303,"mcpPosition":[232.633,198.841,96.9446],"pipPosition":[245.537,215.304,62.6116],"stabilizedTipPosition":[249.34,218.008,44.1279],"timeVisible":0.823622,"tipPosition":[249.812,221.093,30.0489],"tipVelocity":[67.8569,56.3023,-40.7011],"tool":false,"touchDistance":0.333016,"touchZone":"hovering","type":1,"width":21.0036},{"bases":[[[-0.782535,0.618821,0.0685576],[0.34667,0.341603,0.873572],[-0.517165,-0.707367,0.481843]],[[-0.73762,0.674596,0.0289231],[0.509528,0.528001,0.679409],[-0.443055,-0.515883,0.73319]],[[-0.73762,0.674596,0.0289231],[0.559859,0.587095,0.584703],[-0.377458,-0.447482,0.810732]],[[-0.73762,0.674596,0.0289231],[0.656212,0.706111,0.266069],[-0.159066,-0.215237,0.96352]]],"btipPosition":[250.015,252.35,31.9316],"carpPosition":[180.976,163.856,137.259],"dipPosition":[247.218,248.565,48.875],"direction":[0.377458,0.447482,-0.810732],"extended":true,"handId":51,"id":512,"length":62.7026,"mcpPosition":[217.19,213.389,103.519],"pipPosition":[237.174,236.657,70.4485],"stabilizedTipPosition":[261.639,254.336,63.5103],"timeVisible":0.823622,"tipPosition":[255.645,255.181,41.1764],"tipVelocity":[-20.0847,-26.0313,-113.701],"tool":false,"touchDistance":0.332461,"touchZone":"hovering","type":2,"width":20.6283},{"bases":[[[-0.874003,0.480457,0.0726676],[0.273213,0.362219,0.891152],[-0.401839,-0.798723,0.447847]],[[-0.794938,0.606684,-0.00287899],[0.471276,0.620486,0.626814],[-0.382065,-0.496921,0.779163]],[[-0.794938,0.606684,-0.00287899],[0.542353,0.712755,0.444785],[-0.271896,-0.352015,0.895633]],[[-0.794938,0.606684,-0.00287899],[0.557834,0.732778,0.389689],[-0.238528,-0.308172,0.920942]]],"btipPosition":[224.57,257.845,38.4415],"carpPosition":[172.114,172.34,138.493],"dipPosition":[220.4,252.457,54.5431],"direction":[0.271896,0.352015,-0.895633],"extended":true,"handId":51,"id":513,"length":60.2902,"mcpPosition":[197.377,222.555,110.337],"pipPosition":[213.351,243.332,77.7603],"stabilizedTipPosition":[231.06,254.821,78.4892],"timeVisible":0.823622,"tipPosition":[225.44,255.701,49.8549],"tipVelocity":[7.03009,20.5724,-105.362],"tool":false,"touchDistance":0.332538,"touchZone":"hovering","type":3,"width":19.6291},{"bases":[[[-0.947685,0.318286,-0.0242371],[0.0973652,0.36054,0.927648],[-0.303996,-0.876758,0.372668]],[[-0.872801,0.478841,-0.0944981],[0.437219,0.853113,0.284671],[-0.21693,-0.207145,0.953956]],[[-0.872801,0.478841,-0.0944981],[0.380646,0.546622,-0.745864],[0.305495,0.686961,0.659361]],[[-0.872801,0.478841,-0.0944981],[0.021623,-0.155488,-0.987601],[0.487597,0.864022,-0.125356]]],"btipPosition":[170.569,208.551,71.6313],"carpPosition":[159.155,177.181,134.931],"dipPosition":[178.434,222.488,69.6094],"direction":[-0.305495,-0.686961,-0.659361],"extended":false,"handId":51,"id":514,"length":47.2664,"mcpPosition":[176.847,228.207,113.242],"pipPosition":[184.025,235.061,81.6774],"stabilizedTipPosition":[177.109,214.123,81.4712],"timeVisible":0.823622,"tipPosition":[176.427,217.847,66.3159],"tipVelocity":[32.5702,26.7747,-110.11],"tool":false,"touchDistance":0.332509,"touchZone":"hovering","type":4,"width":17.4361}],"r":[[0.990716,0.0351281,-0.131328],[-0.00644625,0.97709,0.212727],[0.135792,-0.209905,0.968246]],"s":1.03027,"t":[-9.06541,19.2561,-22.9144],"timestamp":495029125705},{"currentFrameRate":115.22,"devices":[],"gestures":[],"hands":[{"armBasis":[[-0.786957,0.376476,0.48884],[0.61599,0.524861,0.587432],[0.0354186,-0.763405,0.644949]],"armWidth":67.5933,"confidence":1,"direction":[0.558238,0.755573,-0.342753],"elbow":[168.629,-63.7496,318.396],"grabAngle":1.34048,"grabStrength":0,"id":51,"palmNormal":[-0.374056,-0.13955,-0.916847],"palmPosition":[199.341,196.039,108.147],"palmVelocity":[9.95179,39.452,-80.2492],"palmWidth":91.3243,"pinchDistance":40.7335,"pinchStrength":0.319121,"r":[[0.991209,0.0354613,-0.127462],[-0.0078734,0.977513,0.210727],[0.132068,-0.207871,0.969199]],"s":1.02834,"sphereCenter":[177.029,201.513,40.254],"sphereRadius":68.8206,"stabilizedPalmPosition":[207.582,190.703,129.115],"t":[-9.00902,19.5897,-23.6324],"timeVisible":0.832359,"type":"left","wrist":[159.031,143.127,143.62]}],"id":66800,"interactionBox":{"center":[0,200,0],"size":[235.247,235.247,147.751]},"pointables":[{"bases":[[[0.145491,0.529799,0.835551],[0.545433,-0.747555,0.37903],[-0.82543,-0.400592,0.397732]],[[0.389163,0.626394,0.675413],[0.754845,-0.637099,0.15593],[-0.527979,-0.44915,0.720765]],[[0.389163,0.626394,0.675413],[0.868236,-0.494392,-0.0417531],[-0.307765,-0.602666,0.736257]],[[0.389163,0.626394,0.675413],[0.92106,-0.275871,-0.274852],[-0.0141616,-0.729058,0.684305]]],"btipPosition":[216.841,195.867,43.0585],"carpPosition":[180.26,138.169,117.647],"dipPosition":[216.531,179.9,58.045],"direction":[0.307765,0.602666,-0.736257],"extended":false,"handId":51,"id":510,"length":48.7689,"mcpPosition":[180.26,138.169,117.647],"pipPosition":[206.712,160.672,81.5357],"stabilizedTipPosition":[220.552,186.071,58.448],"timeVisible":0.832359,"tipPosition":[221.185,187.925,45.3497],"tipVelocity":[9.25526,54.2533,-60.2524],"tool":false,"touchDistance":0.332873,"touchZone":"hovering","type":0,"width":21.9886},{"bases":[[[-0.636333,0.757804,0.144269],[0.469997,0.232556,0.851482],[-0.611706,-0.609632,0.504148]],[[-0.622935,0.77083,0.133316],[0.712178,0.48831,0.504338],[-0.323659,-0.409115,0.853153]],[[-0.622935,0.77083,0.133316],[0.712178,0.48831,0.504338],[-0.323659,-0.409115,0.853153]],[[-0.622935,0.77083,0.133316],[0.780012,0.624998,0.0309769],[0.0594446,-0.123285,0.990589]]],"btipPosition":[252.151,226.89,26.9565],"carpPosition":[187.601,154.203,133.616],"dipPosition":[253.102,224.919,42.7942],"direction":[0.323659,0.409115,-0.853153],"extended":true,"handId":51,"id":511,"length":55.0303,"mcpPosition":[232.769,199.218,96.39],"pipPosition":[245.781,215.666,62.0908],"stabilizedTipPosition":[249.399,218.173,43.8632],"timeVisible":0.832359,"tipPosition":[250.231,221.402,29.5371],"tipVelocity":[46.8839,43.3619,-57.8581],"tool":false,"touchDistance":0.332896,"touchZone":"hovering","type":1,"width":21.0036},{"bases":[[[-0.783863,0.61765,0.0637704],[0.342107,0.343883,0.874476],[-0.518191,-0.707285,0.480859]],[[-0.739253,0.672979,0.0245607],[0.507752,0.533055,0.676787],[-0.442371,-0.512788,0.735769]],[[-0.739253,0.672979,0.0245607],[0.563322,0.597989,0.570156],[-0.369016,-0.435326,0.821169]],[[-0.739253,0.672979,0.0245607],[0.656582,0.712176,0.248405],[-0.14968,-0.19976,0.968345]]],"btipPosition":[249.677,251.979,30.7989],"carpPosition":[180.986,164.226,136.537],"dipPosition":[247.044,248.466,47.8272],"direction":[0.369016,0.435326,-0.821169],"extended":true,"handId":51,"id":512,"length":62.7026,"mcpPosition":[217.272,213.753,102.865],"pipPosition":[237.225,236.882,69.6784],"stabilizedTipPosition":[261.636,254.335,63.502],"timeVisible":0.832359,"tipPosition":[255.508,255.215,40.2446],"tipVelocity":[-34.4204,-35.3155,-127.41],"tool":false,"touchDistance":0.332362,"touchZone":"hovering","type":2,"width":20.6283},{"bases":[[[-0.87512,0.479143,0.0677333],[0.268536,0.36441,0.89168],[-0.40256,-0.798516,0.44757]],[[-0.797335,0.603501,-0.00651446],[0.469787,0.627378,0.621045],[-0.378888,-0.492121,0.783748]],[[-0.797335,0.603501,-0.00651446],[0.542189,0.720989,0.431516],[-0.265117,-0.340531,0.902082]],[[-0.797335,0.603501,-0.00651446],[0.542189,0.720989,0.431516],[-0.265117,-0.340531,0.902082]]],"btipPosition":[224.762,258.257,37.6501],"carpPosition":[172.104,172.697,137.713],"dipPosition":[220.127,252.303,53.422],"direction":[0.265117,0.340531,-0.902082],"extended":true,"handId":51,"id":513,"length":60.2902,"mcpPosition":[197.413,222.9,109.575],"pipPosition":[213.254,243.475,76.8064],"stabilizedTipPosition":[231.016,254.834,78.2682],"timeVisible":0.832359,"tipPosition":[225.662,255.99,49.0219],"tipVelocity":[9.7467,32.2313,-99.2628],"tool":false,"touchDistance":0.332571,"touchZone":"hovering","type":3,"width":19.6291},{"bases":[[[-0.948089,0.316661,-0.0291893],[0.0925266,0.36251,0.927376],[-0.304245,-0.876534,0.372991]],[[-0.873131,0.477236,-0.0994364],[0.434453,0.854308,0.285322],[-0.221115,-0.205923,0.95326]],[[-0.873131,0.477236,-0.0994364],[0.384261,0.548258,-0.742803],[0.299976,0.686774,0.662084]],[[-0.873131,0.477236,-0.0994364],[0.0291145,-0.152564,-0.987865],[0.486615,0.865431,-0.119314]]],"btipPosition":[170.838,208.807,70.6399],"carpPosition":[159.154,177.51,134.082],"dipPosition":[178.687,222.766,68.7154],"direction":[-0.299976,-0.686774,-0.662084],"extended":false,"handId":51,"id":514,"length":47.2664,"mcpPosition":[176.861,228.523,112.375],"pipPosition":[184.177,235.336,80.8332],"stabilizedTipPosition":[177.097,214.117,81.442],"timeVisible":0.832359,"tipPosition":[176.639,218.021,65.5063],"tipVelocity":[30.3357,29.9155,-110.911],"tool":false,"touchDistance":0.332485,"touchZone":"hovering","type":4,"width":17.4361}],"r":[[0.991209,0.0354613,-0.127462],[-0.0078734,0.977513,0.210727],[0.132068,-0.207871,0.969199]],"s":1.02834,"t":[-9.00902,19.5897,-23.6324],"timestamp":495029134442},{"currentFrameRate":115.16,"devices":[],"gestures":[],"hands":[{"armBasis":[[-0.787881,0.372165,0.490649],[0.614291,0.53121,0.583492],[0.0434821,-0.761124,0.647148]],"armWidth":67.5933,"confidence":1,"direction":[0.558938,0.755776,-0.341162],"elbow":[170.826,-62.8835,318.178],"grabAngle":1.34444,"grabStrength":0,"id":51,"palmNormal":[-0.369052,-0.141701,-0.918543],"palmPosition":[199.354,196.301,107.423],"palmVelocity":[1.41982,29.8775,-82.4474],"palmWidth":91.3243,"pinchDistance":40.5357,"pinchStrength":0.316679,"r":[[0.991712,0.0359761,-0.123343],[-0.00951031,0.977919,0.208769],[0.12813,-0.205866,0.970156]],"s":1.02486,"sphereCenter":[176.973,201.685,39.3939],"sphereRadius":68.8382,"stabilizedPalmPosition":[207.581,190.704,129.111],"t":[-8.97458,19.8877,-24.3536],"timeVisible":0.841145,"type":"left","wrist":[159.043,143.375,142.806]}],"id":66801,"interactionBox":{"center":[0,200,0],"size":[235.247,235.247,147.751]},"pointables":[{"bases":[[[0.140355,0.531476,0.835364],[0.544516,-0.746099,0.383196],[-0.826924,-0.401086,0.394116]],[[0.383689,0.627835,0.677205],[0.755986,-0.634705,0.160109],[-0.530347,-0.450525,0.718164]],[[0.383689,0.627835,0.677205],[0.870818,-0.490052,-0.0390599],[-0.307342,-0.604709,0.734757]],[[0.383689,0.627835,0.677205],[0.923413,-0.268434,-0.27432],[-0.009557,-0.730593,0.682746]]],"btipPosition":[216.892,196.286,42.5486],"carpPosition":[180.306,138.421,116.925],"dipPosition":[216.683,180.286,57.501],"direction":[0.307342,0.604709,-0.734757],"extended":false,"handId":51,"id":510,"length":48.7689,"mcpPosition":[180.306,138.421,116.925],"pipPosition":[206.877,160.992,80.9439],"stabilizedTipPosition":[220.502,186.159,58.281],"timeVisible":0.841145,"tipPosition":[221.425,188.217,44.7844],"tipVelocity":[8.39,46.856,-58.9273],"tool":false,"touchDistance":0.332879,"touchZone":"hovering","type":0,"width":21.9886},{"bases":[[[-0.638167,0.757135,0.139602],[0.4652,0.234731,0.853517],[-0.613459,-0.609629,0.502017]],[[-0.625413,0.769515,0.129246],[0.708666,0.490834,0.506828],[-0.326573,-0.408569,0.852303]],[[-0.625413,0.769515,0.129246],[0.708666,0.490834,0.506828],[-0.326573,-0.408569,0.852303]],[[-0.625413,0.769515,0.129246],[0.778621,0.626291,0.0388421],[0.0510559,-0.124926,0.990852]]],"btipPosition":[252.537,227.172,26.4507],"carpPosition":[187.54,154.494,132.904],"dipPosition":[253.354,225.175,42.2926],"direction":[0.326573,0.408569,-0.852303],"extended":true,"handId":51,"id":511,"length":55.0303,"mcpPosition":[232.838,199.508,95.835],"pipPosition":[245.967,215.934,61.5699],"stabilizedTipPosition":[249.459,218.327,43.6152],"timeVisible":0.841145,"tipPosition":[250.628,221.625,29.0407],"tipVelocity":[40.44,31.4257,-57.458],"tool":false,"touchDistance":0.332891,"touchZone":"hovering","type":1,"width":21.0036},{"bases":[[[-0.785073,0.616627,0.0585796],[0.337032,0.345913,0.875645],[-0.519683,-0.707188,0.47939]],[[-0.740823,0.671405,0.0199089],[0.505484,0.537738,0.674777],[-0.442343,-0.509954,0.737753]],[[-0.740823,0.671405,0.0199089],[0.56697,0.609147,0.554514],[-0.360176,-0.422084,0.831936]],[[-0.740823,0.671405,0.0199089],[0.656511,0.717485,0.232829],[-0.142038,-0.185555,0.972314]]],"btipPosition":[249.32,251.528,29.6913],"carpPosition":[180.896,164.511,135.772],"dipPosition":[246.822,248.265,46.7894],"direction":[0.360176,0.422084,-0.831936],"extended":true,"handId":51,"id":512,"length":62.7026,"mcpPosition":[217.286,214.032,102.203],"pipPosition":[237.238,237.033,68.9271],"stabilizedTipPosition":[261.632,254.334,63.4931],"timeVisible":0.841145,"tipPosition":[255.341,255.142,39.3225],"tipVelocity":[-37.0582,-44.7787,-124.236],"tool":false,"touchDistance":0.332375,"touchZone":"hovering","type":2,"width":20.6283},{"bases":[[[-0.87615,0.477995,0.0623097],[0.263342,0.366364,0.892428],[-0.403748,-0.798309,0.446866]],[[-0.799606,0.600432,-0.0105403],[0.467023,0.632785,0.617635],[-0.377517,-0.488942,0.786394]],[[-0.799606,0.600432,-0.0105403],[0.541092,0.727973,0.421041],[-0.260479,-0.330964,0.906981]],[[-0.799606,0.600432,-0.0105403],[0.541092,0.727973,0.421041],[-0.260479,-0.330964,0.906981]]],"btipPosition":[224.47,257.971,36.5449],"carpPosition":[171.996,172.972,136.887],"dipPosition":[219.916,252.184,52.4024],"direction":[0.260479,0.330964,-0.906981],"extended":true,"handId":51,"id":513,"length":60.2902,"mcpPosition":[197.38,223.162,108.793],"pipPosition":[213.163,243.605,75.9138],"stabilizedTipPosition":[230.981,254.842,78.0899],"timeVisible":0.841145,"tipPosition":[225.774,256.209,47.9229],"tipVelocity":[-31.1353,-28.1758,-123.547],"tool":false,"touchDistance":0.332391,"touchZone":"hovering","type":3,"width":19.6291},{"bases":[[[-0.948378,0.315238,-0.0347064],[0.0871516,0.364272,0.927206],[-0.304933,-0.876316,0.372941]],[[-0.873122,0.476068,-0.104965],[0.431321,0.854729,0.288793],[-0.227202,-0.206877,0.95162]],[[-0.873122,0.476068,-0.104965],[0.390349,0.553739,-0.735528],[0.292038,0.683179,0.669314]],[[-0.873122,0.476068,-0.104965],[0.0398934,-0.144817,-0.988654],[0.485867,0.867403,-0.107451]]],"btipPosition":[171.141,209.11,69.4711],"carpPosition":[159.058,177.76,133.18],"dipPosition":[178.977,223.101,67.738],"direction":[-0.292038,-0.683179,-0.669314],"extended":false,"handId":51,"id":514,"length":47.2664,"mcpPosition":[176.805,228.76,111.475],"pipPosition":[184.322,235.605,79.9881],"stabilizedTipPosition":[177.088,214.113,81.4159],"timeVisible":0.841145,"tipPosition":[176.767,218.061,64.7122],"tipVelocity":[34.1418,35.3102,-128.018],"tool":false,"touchDistance":0.332354,"touchZone":"hovering","type":4,"width":17.4361}],"r":[[0.991712,0.0359761,-0.123343],[-0.00951031,0.977919,0.208769],[0.12813,-0.205866,0.970156]],"s":1.02486,"t":[-8.97458,19.8877,-24.3536],"timestamp":495029143228},{"currentFrameRate":115.233,"devices":[],"gestures":[],"hands":[{"armBasis":[[-0.787738,0.370873,0.491857],[0.613894,0.53877,0.576941],[0.0510256,-0.756426,0.652086]],"armWidth":67.5933,"confidence":1,"direction":[0.560417,0.755366,-0.33964],"elbow":[172.894,-61.2879,318.772],"grabAngle":1.34891,"grabStrength":0,"id":51,"palmNormal":[-0.364062,-0.143664,-0.920228],"palmPosition":[199.432,196.571,106.73],"palmVelocity":[9.20816,31.5107,-81.0138],"palmWidth":91.3243,"pinchDistance":40.3979,"pinchStrength":0.31585,"r":[[0.992226,0.0364379,-0.118999],[-0.0111251,0.978319,0.206803],[0.123954,-0.203871,0.971119]],"s":1.02012,"sphereCenter":[176.99,201.907,38.6102],"sphereRadius":68.8097,"stabilizedPalmPosition":[207.58,190.705,129.108],"t":[-8.91798,20.1715,-25.0607],"timeVisible":0.849698,"type":"left","wrist":[159.067,143.698,142.062]}],"id":66802,"interactionBox":{"center":[0,200,0],"size":[235.247,235.247,147.751]},"pointables":[{"bases":[[[0.135639,0.533171,0.835064],[0.542791,-0.745098,0.387565],[-0.828843,-0.400696,0.390464]],[[0.378829,0.629054,0.678808],[0.75625,-0.633202,0.164743],[-0.533455,-0.450939,0.715597]],[[0.378829,0.629054,0.678808],[0.872827,-0.486693,-0.0360865],[-0.307671,-0.606153,0.733429]],[[0.378829,0.629054,0.678808],[0.925451,-0.261818,-0.273848],[-0.00545904,-0.731945,0.681342]]],"btipPosition":[217.023,196.662,42.0684],"carpPosition":[180.36,138.7,116.243],"dipPosition":[216.903,180.632,56.99],"direction":[0.307671,0.606153,-0.733429],"extended":false,"handId":51,"id":510,"length":48.7689,"mcpPosition":[180.36,138.7,116.243],"pipPosition":[207.087,161.292,80.3905],"stabilizedTipPosition":[220.458,186.245,58.1201],"timeVisible":0.849698,"tipPosition":[221.732,188.479,44.2555],"tipVelocity":[17.687,43.1453,-56.9737],"tool":false,"touchDistance":0.332905,"touchZone":"hovering","type":0,"width":21.9886},{"bases":[[[-0.639247,0.757113,0.134701],[0.460515,0.236611,0.855536],[-0.615865,-0.60893,0.499914]],[[-0.627094,0.768863,0.12491],[0.705949,0.493198,0.508323],[-0.329225,-0.406946,0.85206]],[[-0.627094,0.768863,0.12491],[0.705949,0.493198,0.508323],[-0.329225,-0.406946,0.85206]],[[-0.627094,0.768863,0.12491],[0.777683,0.627097,0.0442649],[0.0442971,-0.124899,0.99118]]],"btipPosition":[252.951,227.332,25.9411],"carpPosition":[187.502,154.807,132.229],"dipPosition":[253.659,225.336,41.7883],"direction":[0.329225,0.406946,-0.85206],"extended":true,"handId":51,"id":511,"length":55.0303,"mcpPosition":[232.977,199.771,95.3154],"pipPosition":[246.213,216.131,61.0601],"stabilizedTipPosition":[249.517,218.462,43.3933],"timeVisible":0.849698,"tipPosition":[251.128,221.8,28.581],"tipVelocity":[45.4445,18.7102,-59.4376],"tool":false,"touchDistance":0.332888,"touchZone":"hovering","type":1,"width":21.0036},{"bases":[[[-0.785653,0.616379,0.0531683],[0.33218,0.347777,0.87676],[-0.521926,-0.70649,0.477981]],[[-0.741773,0.670481,0.0150833],[0.503918,0.542376,0.672231],[-0.442538,-0.506244,0.740188]],[[-0.741773,0.670481,0.0150833],[0.571212,0.619844,0.538061],[-0.351411,-0.407735,0.842771]],[[-0.741773,0.670481,0.0150833],[0.657091,0.722092,0.216365],[-0.134177,-0.170405,0.976196]]],"btipPosition":[249.056,250.98,28.5935],"carpPosition":[180.837,164.828,135.042],"dipPosition":[246.696,247.983,45.7598],"direction":[0.351411,0.407735,-0.842771],"extended":true,"handId":51,"id":512,"length":62.7026,"mcpPosition":[217.385,214.299,101.572],"pipPosition":[237.345,237.133,68.1859],"stabilizedTipPosition":[261.628,254.333,63.4835],"timeVisible":0.849698,"tipPosition":[255.273,254.969,38.3963],"tipVelocity":[-27.1745,-56.9118,-126.518],"tool":false,"touchDistance":0.332384,"touchZone":"hovering","type":2,"width":20.6283},{"bases":[[[-0.876686,0.477713,0.0566814],[0.258393,0.368227,0.893108],[-0.405777,-0.797621,0.446257]],[[-0.801168,0.598255,-0.0148665],[0.464738,0.637633,0.614364],[-0.377026,-0.4853,0.788882]],[[-0.801168,0.598255,-0.0148665],[0.541166,0.734874,0.408778],[-0.255478,-0.319454,0.912513]],[[-0.801168,0.598255,-0.0148665],[0.541166,0.734874,0.408778],[-0.255478,-0.319454,0.912513]]],"btipPosition":[224.292,257.59,35.4447],"carpPosition":[171.928,173.287,136.093],"dipPosition":[219.825,252.005,51.399],"direction":[0.255478,0.319454,-0.912513],"extended":true,"handId":51,"id":513,"length":60.2902,"mcpPosition":[197.439,223.433,108.037],"pipPosition":[213.202,243.724,75.0538],"stabilizedTipPosition":[230.953,254.847,77.9479],"timeVisible":0.849698,"tipPosition":[225.991,256.371,46.8226],"tipVelocity":[-18.4921,-39.09,-126.029],"tool":false,"touchDistance":0.332388,"touchZone":"hovering","type":3,"width":19.6291},{"bases":[[[-0.94832,0.314733,-0.0404018],[0.0820192,0.366122,0.926945],[-0.306533,-0.875727,0.373015]],[[-0.872603,0.475723,-0.110689],[0.42897,0.8548,0.292064],[-0.233558,-0.207373,0.949972]],[[-0.872603,0.475723,-0.110689],[0.397114,0.559061,-0.72784],[0.284369,0.679071,0.676754]],[[-0.872603,0.475723,-0.110689],[0.052064,-0.134736,-0.989513],[0.485648,0.869214,-0.0928027]]],"btipPosition":[171.538,209.44,68.276],"carpPosition":[159.008,178.061,132.307],"dipPosition":[179.371,223.46,66.7791],"direction":[-0.284369,-0.679071,-0.676754],"extended":false,"handId":51,"id":514,"length":47.2664,"mcpPosition":[176.848,229.027,110.598],"pipPosition":[184.576,235.888,79.1654],"stabilizedTipPosition":[177.082,214.111,81.3917],"timeVisible":0.849698,"tipPosition":[176.983,218.114,63.9459],"tipVelocity":[46.3208,39.2905,-133.377],"tool":false,"touchDistance":0.332334,"touchZone":"hovering","type":4,"width":17.4361}],"r":[[0.992226,0.0364379,-0.118999],[-0.0111251,0.978319,0.206803],[0.123954,-0.203871,0.971119]],"s":1.02012,"t":[-8.91798,20.1715,-25.0607],"timestamp":495029151781},{"currentFrameRate":115.223,"devices":[],"gestures":[],"hands":[{"armBasis":[[-0.789451,0.368844,0.490634],[0.611257,0.545288,0.573608],[0.0559647,-0.752739,0.655936]],"armWidth":67.5933,"confidence":1,"direction":[0.559645,0.755552,-0.340499],"elbow":[174.327,-59.9799,319.178],"grabAngle":1.35205,"grabStrength":0,"id":51,"palmNormal":[-0.359987,-0.148446,-0.921072],"palmPosition":[199.462,196.855,106.019],"palmVelocity":[3.4016,32.7633,-81.7483],"palmWidth":91.3243,"pinchDistance":40.3136,"pinchStrength":0.318852,"r":[[0.992693,0.0372775,-0.114763],[-0.0131239,0.978797,0.204413],[0.11995,-0.201413,0.972134]],"s":1.01412,"sphereCenter":[177.053,201.853,37.8549],"sphereRadius":68.702,"stabilizedPalmPosition":[207.579,190.706,129.105],"t":[-8.8749,20.4558,-25.7696],"timeVisible":0.858394,"type":"left","wrist":[159.161,144.006,141.424]}],"id":66803,"interactionBox":{"center":[0,200,0],"size":[235.247,235.247,147.751]},"pointables":[{"bases":[[[0.130812,0.536956,0.833407],[0.543331,-0.741975,0.392766],[-0.829265,-0.401437,0.388804]],[[0.373786,0.632719,0.678196],[0.75837,-0.62946,0.169278],[-0.534003,-0.45105,0.715119]],[[0.373786,0.632719,0.678196],[0.875449,-0.482207,-0.0326286],[-0.306387,-0.605923,0.734156]],[[0.373786,0.632719,0.678196],[0.927515,-0.255119,-0.273185],[-0.000171428,-0.73115,0.682217]]],"btipPosition":[217.048,196.913,41.5],"carpPosition":[180.514,138.971,115.693],"dipPosition":[217.044,180.901,56.4408],"direction":[0.306387,0.605923,-0.734156],"extended":false,"handId":51,"id":510,"length":48.7689,"mcpPosition":[180.514,138.971,115.693],"pipPosition":[207.268,161.569,79.8645],"stabilizedTipPosition":[220.423,186.316,57.9856],"timeVisible":0.858394,"tipPosition":[221.938,188.661,43.6918],"tipVelocity":[5.93396,29.3735,-64.8513],"tool":false,"touchDistance":0.332842,"touchZone":"hovering","type":0,"width":21.9886},{"bases":[[[-0.641901,0.755848,0.129059],[0.456435,0.2414,0.856383],[-0.616141,-0.608621,0.499951]],[[-0.629704,0.76763,0.119238],[0.703629,0.498557,0.506307],[-0.32921,-0.402723,0.85407]],[[-0.629704,0.76763,0.119238],[0.703629,0.498557,0.506307],[-0.32921,-0.402723,0.85407]],[[-0.629704,0.76763,0.119238],[0.775555,0.630023,0.0398028],[0.0445687,-0.11754,0.992068]]],"btipPosition":[253.011,227.282,25.2102],"carpPosition":[187.547,155.163,131.641],"dipPosition":[253.724,225.403,41.0715],"direction":[0.32921,0.402723,-0.85407],"extended":true,"handId":51,"id":511,"length":55.0303,"mcpPosition":[233.043,200.104,94.7249],"pipPosition":[246.278,216.294,60.3888],"stabilizedTipPosition":[249.557,218.554,43.2327],"timeVisible":0.858394,"tipPosition":[251.428,221.996,27.9887],"tipVelocity":[7.05895,-2.63966,-83.6808],"tool":false,"touchDistance":0.332705,"touchZone":"hovering","type":1,"width":21.0036},{"bases":[[[-0.787585,0.614371,0.0475218],[0.327705,0.352289,0.876642],[-0.521842,-0.706003,0.47879]],[[-0.743867,0.66826,0.00952292],[0.502001,0.549277,0.66805],[-0.4412,-0.50172,0.744056]],[[-0.743867,0.66826,0.00952292],[0.574812,0.632447,0.519233],[-0.34096,-0.391714,0.85458]],[[-0.743867,0.66826,0.00952292],[0.656431,0.727875,0.198231],[-0.125539,-0.153709,0.980109]]],"btipPosition":[248.566,250.37,27.3239],"carpPosition":[180.843,165.176,134.387],"dipPosition":[246.358,247.667,44.5591],"direction":[0.34096,0.391714,-0.85458],"extended":true,"handId":51,"id":512,"length":62.7026,"mcpPosition":[217.385,214.614,100.86],"pipPosition":[237.285,237.244,67.2994],"stabilizedTipPosition":[261.623,254.331,63.4715],"timeVisible":0.858394,"tipPosition":[254.931,254.781,37.2537],"tipVelocity":[-52.3495,-62.3395,-144.171],"tool":false,"touchDistance":0.332241,"touchZone":"hovering","type":2,"width":20.6283},{"bases":[[[-0.878242,0.475463,0.0512406],[0.253796,0.372598,0.892613],[-0.405313,-0.796935,0.447902]],[[-0.803417,0.595082,-0.0199663],[0.460879,0.642761,0.611922],[-0.376978,-0.482426,0.790666]],[[-0.803417,0.595082,-0.0199663],[0.540099,0.742479,0.396255],[-0.250629,-0.307574,0.917924]],[[-0.803417,0.595082,-0.0199663],[0.540099,0.742479,0.396255],[-0.250629,-0.307574,0.917924]]],"btipPosition":[224.028,257.238,34.3065],"carpPosition":[171.906,173.614,135.368],"dipPosition":[219.646,251.861,50.3554],"direction":[0.250629,0.307574,-0.917924],"extended":true,"handId":51,"id":513,"length":60.2902,"mcpPosition":[197.388,223.718,107.208],"pipPosition":[213.149,243.888,74.1504],"stabilizedTipPosition":[230.929,254.851,77.8285],"timeVisible":0.858394,"tipPosition":[225.975,256.467,45.6714],"tipVelocity":[-28.0601,-34.9357,-128.388],"tool":false,"touchDistance":0.332356,"touchZone":"hovering","type":3,"width":19.6291},{"bases":[[[-0.949031,0.311887,-0.0454586],[0.0772958,0.370133,0.925758],[-0.305558,-0.875059,0.375375]],[[-0.873123,0.473406,-0.116374],[0.424419,0.855613,0.2963],[-0.239841,-0.209315,0.947979]],[[-0.873123,0.473406,-0.116374],[0.404473,0.570219,-0.715019],[0.272135,0.67137,0.689351]],[[-0.873123,0.473406,-0.116374],[0.0678706,-0.118348,-0.99065],[0.482752,0.872858,-0.071202]]],"btipPosition":[171.939,209.823,66.8294],"carpPosition":[158.988,178.337,131.511],"dipPosition":[179.726,223.902,65.681],"direction":[-0.272135,-0.67137,-0.689351],"extended":false,"handId":51,"id":514,"length":47.2664,"mcpPosition":[176.771,229.263,109.665],"pipPosition":[184.707,236.189,78.2978],"stabilizedTipPosition":[177.076,214.109,81.3688],"timeVisible":0.858394,"tipPosition":[176.984,217.951,63.2028],"tipVelocity":[44.9744,45.5951,-157.134],"tool":false,"touchDistance":0.332145,"touchZone":"hovering","type":4,"width":17.4361}],"r":[[0.992693,0.0372775,-0.114763],[-0.0131239,0.978797,0.204413],[0.11995,-0.201413,0.972134]],"s":1.01412,"t":[-8.8749,20.4558,-25.7696],"timestamp":495029160477},{"currentFrameRate":115.214,"devices":[],"gestures":[],"hands":[{"armBasis":[[-0.7