{"frames":82,"data":[{"currentFrameRate":30.3235,"devices":[],"gestures":[],"hands":[],"id":57010,"interactionBox":{"center":[0,200,0],"size":[235.247,235.247,147.751]},"pointables":[],"r":[[-0.298723,0.815351,-0.495951],[0.818181,-0.0487117,-0.572893],[-0.491267,-0.576914,-0.652553]],"s":4.10406,"t":[-222.775,-590.107,1179.67],"timestamp":86998967988},{"currentFrameRate":30.2843,"devices":[],"gestures":[],"hands":[],"id":57011,"interactionBox":{"center":[0,200,0],"size":[235.247,235.247,147.751]},"pointables":[],"r":[[-0.298723,0.815351,-0.495951],[0.818181,-0.0487117,-0.572893],[-0.491267,-0.576914,-0.652553]],"s":4.10406,"t":[-222.775,-590.107,1179.67],"timestamp":86999001246},{"currentFrameRate":30.2513,"devices":[],"gestures":[],"hands":[],"id":57012,"interactionBox":{"center":[0,200,0],"size":[235.247,235.247,147.751]},"pointables":[],"r":[[-0.298723,0.815351,-0.495951],[0.818181,-0.0487117,-0.572893],[-0.491267,-0.576914,-0.652553]],"s":4.10406,"t":[-222.775,-590.107,1179.67],"timestamp":86999034503},{"currentFrameRate":30.2115,"devices":[],"gestures":[],"hands":[],"id":57013,"interactionBox":{"center":[0,200,0],"size":[235.247,235.247,147.751]},"pointables":[],"r":[[-0.298723,0.815351,-0.495951],[0.818181,-0.0487117,-0.572893],[-0.491267,-0.576914,-0.652553]],"s":4.10406,"t":[-222.775,-590.107,1179.67],"timestamp":86999067845},{"currentFrameRate":30.1948,"devices":[],"gestures":[],"hands":[],"id":57014,"interactionBox":{"center":[0,200,0],"size":[235.247,235.247,147.751]},"pointables":[],"r":[[-0.298723,0.815351,-0.495951],[0.818181,-0.0487117,-0.572893],[-0.491267,-0.576914,-0.652553]],"s":4.10406,"t":[-222.775,-590.107,1179.67],"timestamp":86999101065},{"currentFrameRate":30.1244,"devices":[],"gestures":[],"hands":[],"id":57015,"interactionBox":{"center":[0,200,0],"size":[235.247,235.247,147.751]},"pointables":[],"r":[[-0.298723,0.815351,-0.495951],[0.818181,-0.0487117,-0.572893],[-0.491267,-0.576914,-0.652553]],"s":4.10406,"t":[-222.775,-590.107,1179.67],"timestamp":86999134690},{"currentFrameRate":30.151,"devices":[],"gestures":[],"hands":[],"id":57016,"interactionBox":{"center":[0,200,0],"size":[235.247,235.247,147.751]},"pointables":[],"r":[[-0.298723,0.815351,-0.495951],[0.818181,-0.0487117,-0.572893],[-0.491267,-0.576914,-0.652553]],"s":4.10406,"t":[-222.775,-590.107,1179.67],"timestamp":86999167694},{"currentFrameRate":30.0931,"devices":[],"gestures":[],"hands":[],"id":57017,"interactionBox":{"center":[0,200,0],"size":[235.247,235.247,147.751]},"pointables":[],"r":[[-0.298723,0.815351,-0.495951],[0.818181,-0.0487117,-0.572893],[-0.491267,-0.576914,-0.652553]],"s":4.10406,"t":[-222.775,-590.107,1179.67],"timestamp":86999201278},{"currentFrameRate":30.1009,"devices":[],"gestures":[],"hands":[],"id":57018,"interactionBox":{"center":[0,200,0],"size":[235.247,235.247,147.751]},"pointables":[],"r":[[-0.298723,0.815351,-0.495951],[0.818181,-0.0487117,-0.572893],[-0.491267,-0.576914,-0.652553]],"s":4.10406,"t":[-222.775,-590.107,1179.67],"timestamp":86999234452},{"currentFrameRate":30.1286,"devices":[],"gestures":[],"hands":[],"id":57019,"interactionBox":{"center":[0,200,0],"size":[235.247,235.247,147.751]},"pointables":[],"r":[[-0.298723,0.815351,-0.495951],[0.818181,-0.0487117,-0.572893],[-0.491267,-0.576914,-0.652553]],"s":4.10406,"t":[-222.775,-590.107,1179.67],"timestamp":86999267474},{"currentFrameRate":30.0879,"devices":[],"gestures":[],"hands":[],"id":57020,"interactionBox":{"center":[0,200,0],"size":[235.247,235.247,147.751]},"pointables":[],"r":[[-0.298723,0.815351,-0.495951],[0.818181,-0.0487117,-0.572893],[-0.491267,-0.576914,-0.652553]],"s":4.10406,"t":[-222.775,-590.107,1179.67],"timestamp":86999300958},{"currentFrameRate":30.0759,"devices":[],"gestures":[],"hands":[],"id":57021,"interactionBox":{"center":[0,200,0],"size":[235.247,235.247,147.751]},"pointables":[],"r":[[-0.298723,0.815351,-0.495951],[0.818181,-0.0487117,-0.572893],[-0.491267,-0.576914,-0.652553]],"s":4.10406,"t":[-222.775,-590.107,1179.67],"timestamp":86999334281},{"currentFrameRate":30.1029,"devices":[],"gestures":[],"hands":[],"id":57022,"interactionBox":{"center":[0,200,0],"size":[235.247,235.247,147.751]},"pointables":[],"r":[[-0.298723,0.815351,-0.495951],[0.818181,-0.0487117,-0.572893],[-0.491267,-0.576914,-0.652553]],"s":4.10406,"t":[-222.775,-590.107,1179.67],"timestamp":86999367335},{"currentFrameRate":30.0573,"devices":[],"gestures":[],"hands":[],"id":57023,"interactionBox":{"center":[0,200,0],"size":[235.247,235.247,147.751]},"pointables":[],"r":[[-0.298723,0.815351,-0.495951],[0.818181,-0.0487117,-0.572893],[-0.491267,-0.576914,-0.652553]],"s":4.10406,"t":[-222.775,-590.107,1179.67],"timestamp":86999400884},{"currentFrameRate":30.064,"devices":[],"gestures":[],"hands":[],"id":57024,"interactionBox":{"center":[0,200,0],"size":[235.247,235.247,147.751]},"pointables":[],"r":[[-0.298723,0.815351,-0.495951],[0.818181,-0.0487117,-0.572893],[-0.491267,-0.576914,-0.652553]],"s":4.10406,"t":[-222.775,-590.107,1179.67],"timestamp":86999434105},{"currentFrameRate":30.0915,"devices":[],"gestures":[],"hands":[],"id":57025,"interactionBox":{"center":[0,200,0],"size":[235.247,235.247,147.751]},"pointables":[],"r":[[-0.298723,0.815351,-0.495951],[0.818181,-0.0487117,-0.572893],[-0.491267,-0.576914,-0.652553]],"s":4.10406,"t":[-222.775,-590.107,1179.67],"timestamp":86999467169},{"currentFrameRate":30.0695,"devices":[],"gestures":[],"hands":[],"id":57026,"interactionBox":{"center":[0,200,0],"size":[235.247,235.247,147.751]},"pointables":[],"r":[[-0.298723,0.815351,-0.495951],[0.818181,-0.0487117,-0.572893],[-0.491267,-0.576914,-0.652553]],"s":4.10406,"t":[-222.775,-590.107,1179.67],"timestamp":86999500560},{"currentFrameRate":30.0622,"devices":[],"gestures":[],"hands":[],"id":57027,"interactionBox":{"center":[0,200,0],"size":[235.247,235.247,147.751]},"pointables":[],"r":[[-0.298723,0.815351,-0.495951],[0.818181,-0.0487117,-0.572893],[-0.491267,-0.576914,-0.652553]],"s":4.10406,"t":[-222.775,-590.107,1179.67],"timestamp":86999533869},{"currentFrameRate":30.0772,"devices":[],"gestures":[],"hands":[],"id":57028,"interactionBox":{"center":[0,200,0],"size":[235.247,235.247,147.751]},"pointables":[],"r":[[-0.298723,0.815351,-0.495951],[0.818181,-0.0487117,-0.572893],[-0.491267,-0.576914,-0.652553]],"s":4.10406,"t":[-222.775,-590.107,1179.67],"timestamp":86999567025},{"currentFrameRate":30.0778,"devices":[],"gestures":[],"hands":[],"id":57029,"interactionBox":{"center":[0,200,0],"size":[235.247,235.247,147.751]},"pointables":[],"r":[[-0.298723,0.815351,-0.495951],[0.818181,-0.0487117,-0.572893],[-0.491267,-0.576914,-0.652553]],"s":4.10406,"t":[-222.775,-590.107,1179.67],"timestamp":86999600268},{"currentFrameRate":30.0687,"devices":[],"gestures":[],"hands":[],"id":57030,"interactionBox":{"center":[0,200,0],"size":[235.247,235.247,147.751]},"pointables":[],"r":[[-0.298723,0.815351,-0.495951],[0.818181,-0.0487117,-0.572893],[-0.491267,-0.576914,-0.652553]],"s":4.10406,"t":[-222.775,-590.107,1179.67],"timestamp":86999633581},{"currentFrameRate":30.0209,"devices":[],"gestures":[],"hands":[],"id":57031,"interactionBox":{"center":[0,200,0],"size":[235.247,235.247,147.751]},"pointables":[],"r":[[-0.298723,0.815351,-0.495951],[0.818181,-0.0487117,-0.572893],[-0.491267,-0.576914,-0.652553]],"s":4.10406,"t":[-222.775,-590.107,1179.67],"timestamp":86999667184},{"currentFrameRate":30.0232,"devices":[],"gestures":[],"hands":[],"id":57032,"interactionBox":{"center":[0,200,0],"size":[235.247,235.247,147.751]},"pointables":[],"r":[[-0.298723,0.815351,-0.495951],[0.818181,-0.0487117,-0.572893],[-0.491267,-0.576914,-0.652553]],"s":4.10406,"t":[-222.775,-590.107,1179.67],"timestamp":86999700477},{"currentFrameRate":30.0769,"devices":[],"gestures":[],"hands":[],"id":57033,"interactionBox":{"center":[0,200,0],"size":[235.247,235.247,147.751]},"pointables":[],"r":[[-0.298723,0.815351,-0.495951],[0.818181,-0.0487117,-0.572893],[-0.491267,-0.576914,-0.652553]],"s":4.10406,"t":[-222.775,-590.107,1179.67],"timestamp":86999733397},{"currentFrameRate":30.068,"devices":[],"gestures":[],"hands":[],"id":57034,"interactionBox":{"center":[0,200,0],"size":[235.247,235.247,147.751]},"pointables":[],"r":[[-0.298723,0.815351,-0.495951],[0.818181,-0.0487117,-0.572893],[-0.491267,-0.576914,-0.652553]],"s":4.10406,"t":[-222.775,-590.107,1179.67],"timestamp":86999766709},{"currentFrameRate":30.0222,"devices":[],"gestures":[],"hands":[],"id":57035,"interactionBox":{"center":[0,200,0],"size":[235.247,235.247,147.751]},"pointables":[],"r":[[-0.298723,0.815351,-0.495951],[0.818181,-0.0487117,-0.572893],[-0.491267,-0.576914,-0.652553]],"s":4.10406,"t":[-222.775,-590.107,1179.67],"timestamp":86999800298},{"currentFrameRate":30.0736,"devices":[],"gestures":[],"hands":[],"id":57036,"interactionBox":{"center":[0,200,0],"size":[235.247,235.247,147.751]},"pointables":[],"r":[[-0.298723,0.815351,-0.495951],[0.818181,-0.0487117,-0.572893],[-0.491267,-0.576914,-0.652553]],"s":4.10406,"t":[-222.775,-590.107,1179.67],"timestamp":86999833235},{"currentFrameRate":30.0586,"devices":[],"gestures":[],"hands":[],"id":57037,"interactionBox":{"center":[0,200,0],"size":[235.247,235.247,147.751]},"pointables":[],"r":[[-0.298723,0.815351,-0.495951],[0.818181,-0.0487117,-0.572893],[-0.491267,-0.576914,-0.652553]],"s":4.10406,"t":[-222.775,-590.107,1179.67],"timestamp":86999866595},{"currentFrameRate":30.0635,"devices":[],"gestures":[],"hands":[],"id":57038,"interactionBox":{"center":[0,200,0],"size":[235.247,235.247,147.751]},"pointables":[],"r":[[-0.298723,0.815351,-0.495951],[0.818181,-0.0487117,-0.572893],[-0.491267,-0.576914,-0.652553]],"s":4.10406,"t":[-222.775,-590.107,1179.67],"timestamp":86999899828},{"currentFrameRate":30.0656,"devices":[],"gestures":[],"hands":[{"armBasis":[[-0.222678,-0.807891,-0.545643],[0.863492,-0.423257,0.274291],[-0.452544,-0.41008,0.791858]],"armWidth":61.0753,"confidence":0,"direction":[0.731893,0.405464,-0.547661],"elbow":[61.7569,0.941115,362.766],"grabAngle":0.56275,"grabStrength":0,"id":98,"palmNormal":[-0.66951,0.577489,-0.467186],"palmPosition":[227.386,144.213,118.518],"palmVelocity":[1.19209e-7,1.19209e-7,1.19209e-7],"palmWidth":87.2134,"pinchDistance":63.1648,"pinchStrength":0,"r":[[1,0,0],[0,1,-5.55112e-18],[0,5.55112e-18,1]],"s":1,"sphereCenter":[216.064,162.53,63.488],"sphereRadius":64.7129,"stabilizedPalmPosition":[227.386,144.213,118.518],"t":[0,0,0],"timeVisible":0,"type":"right","wrist":[178.872,107.067,157.839]}],"id":57039,"interactionBox":{"center":[0,200,0],"size":[235.247,235.247,147.751]},"pointables":[{"bases":[[[0.690604,-0.722539,0.0316844],[0.115863,0.153773,0.98129],[-0.713892,-0.674011,0.189912]],[[0.825893,-0.563752,-0.0091724],[0.266909,0.376586,0.887098],[-0.496649,-0.735096,0.46149]],[[0.825893,-0.563752,-0.0091724],[0.396185,0.568681,0.72086],[-0.40117,-0.598988,0.69302]],[[0.825893,-0.563752,-0.0091724],[0.492573,0.713511,0.498271],[-0.274357,-0.416037,0.866973]]],"btipPosition":[228.512,203.748,95.4777],"carpPosition":[185.485,139.669,159.654],"dipPosition":[222.358,194.415,114.926],"direction":[0.40117,0.598988,-0.69302],"extended":false,"handId":98,"id":980,"length":49.9533,"mcpPosition":[185.485,139.669,159.654],"pipPosition":[209.247,174.84,137.574],"stabilizedTipPosition":[227.097,201.601,99.9508],"timeVisible":0,"tipPosition":[227.097,201.601,99.9508],"tipVelocity":[1.19209e-7,1.19209e-7,1.19209e-7],"tool":false,"touchDistance":1,"touchZone":"none","type":0,"width":19.4095},{"bases":[[[-0.219586,-0.611993,-0.759767],[0.746674,-0.606653,0.272858],[-0.627902,-0.507382,0.590172]],[[-0.238316,-0.626933,-0.741728],[0.739751,-0.612028,0.279626],[-0.629265,-0.482055,0.60963]],[[-0.238316,-0.626933,-0.741728],[0.864976,-0.484297,0.131429],[-0.441614,-0.610255,0.657698]],[[-0.238316,-0.626933,-0.741728],[0.911264,-0.408467,0.0524625],[-0.335862,-0.663407,0.668646]]],"btipPosition":[295.3,204.481,51.1397],"carpPosition":[206.152,119.697,148.741],"dipPosition":[289.25,192.531,63.1834],"direction":[0.441614,0.610255,-0.657697],"extended":true,"handId":98,"id":982,"length":64.2253,"mcpPosition":[248.141,153.627,109.274],"pipPosition":[277.213,175.898,81.1097],"stabilizedTipPosition":[293.908,201.732,53.9098],"timeVisible":0,"tipPosition":[293.908,201.732,53.9098],"tipVelocity":[1.19209e-7,1.19209e-7,1.19209e-7],"tool":false,"touchDistance":1,"touchZone":"none","type":2,"width":18.2087},{"bases":[[[-0.365252,-0.632503,-0.68303],[0.70868,-0.664692,0.236553],[-0.603625,-0.397649,0.691023]],[[-0.272912,-0.567447,-0.776867],[0.782481,-0.600717,0.163898],[-0.559681,-0.563154,0.607959]],[[-0.272912,-0.567447,-0.776867],[0.923268,-0.381425,-0.0457373],[-0.270363,-0.729739,0.628001]],[[-0.272912,-0.567447,-0.776867],[0.961483,-0.133426,-0.240308],[0.0327079,-0.812528,0.582004]]],"btipPosition":[271.521,194.321,44.9869],"carpPosition":[204.717,112.402,139.609],"dipPosition":[272.106,179.77,55.4097],"direction":[0.270363,0.729739,-0.628001],"extended":true,"handId":98,"id":983,"length":61.7543,"mcpPosition":[240.959,136.277,98.1204],"pipPosition":[264.928,160.394,72.0845],"stabilizedTipPosition":[271.655,190.974,47.3841],"timeVisible":0,"tipPosition":[271.655,190.974,47.3841],"tipVelocity":[1.19209e-7,1.19209e-7,1.19209e-7],"tool":false,"touchDistance":1,"touchZone":"none","type":3,"width":17.3267},{"bases":[[[-0.5447,-0.555697,-0.628095],[0.587112,-0.78748,0.187552],[-0.598834,-0.266602,0.755196]],[[-0.368455,-0.466255,-0.804268],[0.767214,-0.641074,0.0201669],[-0.524998,-0.609616,0.593924]],[[-0.368455,-0.466255,-0.804268],[0.911554,-0.351044,-0.214096],[-0.18251,-0.812019,0.55436]],[[-0.368455,-0.466255,-0.804268],[0.917119,-0.0407603,-0.396525],[0.152099,-0.883711,0.442629]]],"btipPosition":[248.819,172.86,49.7772],"carpPosition":[196.835,107.559,129.584],"dipPosition":[251.332,158.26,57.09],"direction":[0.18251,0.812019,-0.55436],"extended":true,"handId":98,"id":984,"length":48.4143,"mcpPosition":[230.117,122.376,87.6117],"pipPosition":[247.91,143.037,67.4826],"stabilizedTipPosition":[249.397,169.502,51.4591],"timeVisible":0,"tipPosition":[249.397,169.502,51.4591],"tipVelocity":[1.19209e-7,1.19209e-7,1.19209e-7],"tool":false,"touchDistance":1,"touchZone":"none","type":4,"width":15.391},{"bases":[[[-0.00215399,-0.630457,-0.776221],[0.77229,-0.494158,0.399218],[-0.635266,-0.598608,0.48796]],[[-0.195538,-0.782824,-0.590721],[0.585923,-0.576278,0.569735],[-0.786422,-0.234712,0.571359]],[[-0.195538,-0.782824,-0.590721],[0.743331,-0.511217,0.431411],[-0.639706,-0.354744,0.68186]],[[-0.195538,-0.782824,-0.590721],[0.81921,-0.461519,0.340434],[-0.539128,-0.417357,0.731542]]],"btipPosition":[305.388,194.456,71.7133],"carpPosition":[204.559,127.526,157.427],"dipPosition":[296.559,187.622,83.6934],"direction":[0.639706,0.354744,-0.68186],"extended":true,"handId":98,"id":981,"length":56.3667,"mcpPosition":[249.355,169.738,123.018],"pipPosition":[281.739,179.403,99.4902],"stabilizedTipPosition":[303.358,192.884,74.4687],"timeVisible":0,"tipPosition":[303.358,192.884,74.4687],"tipVelocity":[1.19209e-7,1.19209e-7,1.19209e-7],"tool":false,"touchDistance":1,"touchZone":"none","type":1,"width":18.54}],"r":[[1,0,0],[0,1,-5.55112e-18],[0,5.55112e-18,1]],"s":1,"t":[0,0,0],"timestamp":86999933076},{"currentFrameRate":30.0601,"devices":[],"gestures":[],"hands":[{"armBasis":[[0.140805,-0.863055,-0.485088],[0.896622,-0.0966014,0.43213],[-0.419812,-0.495787,0.760232]],"armWidth":65.3,"confidence":0.173648,"direction":[0.708375,0.37204,-0.599826],"elbow":[69.1008,-10.8593,340.768],"grabAngle":0.66614,"grabStrength":0,"id":98,"palmNormal":[-0.697316,0.237229,-0.676367],"palmPosition":[222.588,153.369,98.9985],"palmVelocity":[-144.086,274.944,-586.183],"palmWidth":87.2134,"pinchDistance":61.1791,"pinchStrength":0,"r":[[0.998863,0.0456675,0.0136723],[-0.0446526,0.996748,-0.067079],[-0.0166912,0.0663923,0.997654]],"s":0.973873,"sphereCenter":[180.146,146.671,16.7257],"sphereRadius":94.1727,"stabilizedPalmPosition":[226.681,145.56,115.648],"t":[-2.39903,4.57781,-9.75995],"timeVisible":0.0333,"type":"right","wrist":[177.745,117.447,144.025]}],"id":57040,"interactionBox":{"center":[0,200,0],"size":[235.247,235.247,147.751]},"pointables":[{"bases":[[[0.805923,-0.500694,0.3159],[-0.0526003,0.470928,0.880602],[-0.589679,-0.726314,0.353195]],[[0.879211,-0.3963,0.26445],[-0.00507774,0.547238,0.836962],[-0.476405,-0.737209,0.479125]],[[0.879211,-0.3963,0.26445],[0.180634,0.790899,0.584679],[-0.440862,-0.466288,0.766953]],[[0.879211,-0.3963,0.26445],[0.322675,0.903691,0.281466],[-0.350526,-0.162136,0.922412]]],"btipPosition":[221.005,205.512,70.0308],"carpPosition":[177.08,152.33,136.369],"dipPosition":[213.544,202.061,89.6632],"direction":[0.440862,0.466288,-0.766953],"extended":false,"handId":98,"id":980,"length":47.3959,"mcpPosition":[177.08,152.33,136.369],"pipPosition":[199.874,187.602,113.444],"stabilizedTipPosition":[226.486,201.845,97.9627],"timeVisible":0.0333,"tipPosition":[216.859,202.891,69.2215],"tipVelocity":[-234.464,93.5898,-762.899],"tool":false,"touchDistance":0.435747,"touchZone":"hovering","type":0,"width":21.3416},{"bases":[[[0.226725,-0.822184,-0.52212],[0.790467,-0.157848,0.591816],[-0.568997,-0.546898,0.614121]],[[-0.00397219,-0.967523,-0.252751],[0.608671,-0.202878,0.767046],[-0.793413,-0.150795,0.589709]],[[-0.00397219,-0.967523,-0.252751],[0.959587,-0.074809,0.271286],[-0.281383,-0.241459,0.92872]],[[-0.00397219,-0.967523,-0.252751],[0.981748,-0.0518327,0.182985],[-0.190143,-0.247411,0.95007]]],"btipPosition":[278.522,198.371,38.0657],"carpPosition":[198.26,144.762,139.588],"dipPosition":[275.568,194.527,52.8279],"direction":[0.281383,0.241459,-0.92872],"extended":true,"handId":98,"id":981,"length":53.481,"mcpPosition":[238.383,183.328,96.2828],"pipPosition":[269.383,189.219,73.2422],"stabilizedTipPosition":[289.169,195.444,56.1127],"timeVisible":0.0333,"tipPosition":[283.673,199.219,43.4282],"tipVelocity":[-766.212,138.212,-991.224],"tool":false,"touchDistance":0.412844,"touchZone":"hovering","type":1,"width":20.3855},{"bases":[[[0.00966739,-0.849476,-0.527539],[0.804733,-0.306545,0.508365],[-0.593558,-0.429442,0.680638]],[[-0.0587175,-0.89326,-0.445688],[0.892116,-0.247301,0.378115],[-0.447975,-0.375404,0.811413]],[[-0.0587175,-0.89326,-0.445688],[0.992272,-0.101111,0.0719212],[-0.109308,-0.438021,0.892294]],[[-0.0587175,-0.89326,-0.445688],[0.9961,-0.0229752,-0.0851844],[0.0658521,-0.448952,0.891126]]],"btipPosition":[263.549,199.388,14.7227],"carpPosition":[202.518,135.214,134.111],"dipPosition":[264.674,191.715,29.952],"direction":[0.109308,0.438021,-0.892294],"extended":true,"handId":98,"id":982,"length":60.9373,"mcpPosition":[242.211,163.932,88.5954],"pipPosition":[261.847,180.388,53.0274],"stabilizedTipPosition":[276.326,199.332,33.0665],"timeVisible":0.0333,"tipPosition":[270.019,198.817,19.8224],"tipVelocity":[-903.92,-123.389,-1071.6],"tool":false,"touchDistance":0.396959,"touchZone":"hovering","type":2,"width":20.0212},{"bases":[[[-0.138477,-0.877871,-0.458439],[0.784036,-0.379986,0.490814],[-0.605071,-0.291466,0.740902]],[[-0.0968673,-0.855937,-0.507925],[0.935226,-0.252885,0.247794],[-0.340543,-0.451022,0.824991]],[[-0.0968673,-0.855937,-0.507925],[0.982962,-0.162369,0.0861554],[-0.156215,-0.490926,0.857082]],[[-0.0968673,-0.855937,-0.507925],[0.993104,-0.116981,0.00773598],[-0.0660392,-0.503673,0.861366]]],"btipPosition":[259.016,182.086,13.5994],"carpPosition":[203.793,125.334,127.833],"dipPosition":[257.894,173.528,28.2355],"direction":[0.156215,0.490926,-0.857082],"extended":true,"handId":98,"id":983,"length":58.5928,"mcpPosition":[240.121,142.834,83.3495],"pipPosition":[253.958,161.16,49.8279],"stabilizedTipPosition":[266.988,187.045,36.3756],"timeVisible":0.0333,"tipPosition":[263.087,182.712,18.4512],"tipVelocity":[-387.309,-326.033,-913.465],"tool":false,"touchDistance":0.396504,"touchZone":"hovering","type":3,"width":19.0515},{"bases":[[[-0.335206,-0.830772,-0.444359],[0.696396,-0.536149,0.477051],[-0.634563,-0.14954,0.758266]],[[-0.176794,-0.772413,-0.610018],[0.858486,-0.424153,0.288263],[-0.481399,-0.472729,0.738094]],[[-0.176794,-0.772413,-0.610018],[0.984204,-0.144575,-0.102177],[-0.00927059,-0.618446,0.785772]],[[-0.176794,-0.772413,-0.610018],[0.977705,-0.0664756,-0.199185],[0.113302,-0.631632,0.766944]]],"btipPosition":[247.591,160.392,27.5869],"carpPosition":[198.454,115.978,119.464],"dipPosition":[249.367,150.491,39.6091],"direction":[0.00927059,0.618446,-0.785772],"extended":true,"handId":98,"id":984,"length":45.9357,"mcpPosition":[233.722,124.289,77.3204],"pipPosition":[249.202,139.49,53.5859],"stabilizedTipPosition":[249.144,167.437,47.6316],"timeVisible":0.0333,"tipPosition":[248.283,160.499,29.2654],"tipVelocity":[-41.9669,-341.963,-633.848],"tool":false,"touchDistance":0.406238,"touchZone":"hovering","type":4,"width":16.923}],"r":[[0.998863,0.0456675,0.0136723],[-0.0446526,0.996748,-0.067079],[-0.0166912,0.0663923,0.997654]],"s":0.973873,"t":[-2.39903,4.57781,-9.75995],"timestamp":86999966376},{"currentFrameRate":30.5291,"devices":[],"gestures":[],"hands":[{"armBasis":[[0.281178,-0.83678,-0.469828],[0.893036,0.0489253,0.447317],[-0.35132,-0.545349,0.761032]],"armWidth":65.3,"confidence":0.321197,"direction":[0.697609,0.361103,-0.618827],"elbow":[78.5697,-9.00758,314.966],"grabAngle":0.856713,"grabStrength":0,"id":98,"palmNormal":[-0.68625,0.088528,-0.721958],"palmPosition":[212.353,167.559,70.6534],"palmVelocity":[-342.235,474.458,-947.743],"palmWidth":87.2134,"pinchDistance":57.6706,"pinchStrength":0,"r":[[0.994462,0.101514,0.0272126],[-0.0965166,0.984593,-0.145813],[-0.0415954,0.142379,0.988938]],"s":0.971091,"sphereCenter":[157.093,164.812,-13.4801],"sphereRadius":100.754,"stabilizedPalmPosition":[222.804,151.513,103.472],"t":[-8.71632,13.9618,-28.8125],"timeVisible":0.063208,"type":"right","wrist":[169.489,132.125,118.016]}],"id":57041,"interactionBox":{"center":[0,200,0],"size":[235.247,235.247,147.751]},"pointables":[{"bases":[[[0.832788,-0.38227,0.400418],[-0.131073,0.566585,0.813512],[-0.537852,-0.729966,0.42174]],[[0.897179,-0.28132,0.340484],[-0.139777,0.550429,0.823098],[-0.418966,-0.786058,0.454511]],[[0.897179,-0.28132,0.340484],[0.0596546,0.841026,0.537696],[-0.437621,-0.462098,0.771332]],[[0.897179,-0.28132,0.340484],[0.152791,0.920997,0.358355],[-0.414397,-0.269486,0.869283]]],"btipPosition":[208.008,224.491,42.2606],"carpPosition":[165.573,166.818,106.426],"dipPosition":[199.188,218.756,60.7622],"direction":[0.437621,0.462098,-0.771332],"extended":false,"handId":98,"id":980,"length":47.3959,"mcpPosition":[165.573,166.818,106.426],"pipPosition":[185.619,204.427,84.6792],"stabilizedTipPosition":[226.486,201.845,97.9627],"timeVisible":0.063208,"tipPosition":[204.68,217.407,40.2584],"tipVelocity":[-445.018,617.03,-937.219],"tool":false,"touchDistance":0.312595,"touchZone":"hovering","type":0,"width":21.3416},{"bases":[[[0.320124,-0.854506,-0.409072],[0.775544,-0.0116217,0.631187],[-0.544107,-0.519312,0.658986]],[[0.157835,-0.964508,-0.211692],[0.799932,-0.000805644,0.60009],[-0.578962,-0.264054,0.771413]],[[0.157835,-0.964508,-0.211692],[0.967583,0.108258,0.228174],[-0.197158,-0.240843,0.950328]],[[0.157835,-0.964508,-0.211692],[0.982061,0.130923,0.135703],[-0.103171,-0.229313,0.96787]]],"btipPosition":[254.107,217.479,-1.32078],"carpPosition":[187.181,161.686,111.216],"dipPosition":[252.504,213.916,13.718],"direction":[0.197158,0.240843,-0.950328],"extended":true,"handId":98,"id":981,"length":53.481,"mcpPosition":[225.549,198.305,64.7473],"pipPosition":[248.17,208.622,34.6073],"stabilizedTipPosition":[289.169,195.444,56.1127],"timeVisible":0.063208,"tipPosition":[260.805,214.739,5.98036],"tipVelocity":[-805.963,641.066,-1314.79],"tool":false,"touchDistance":0.30204,"touchZone":"hovering","type":1,"width":20.3855},{"bases":[[[0.106737,-0.902225,-0.417848],[0.806365,-0.167317,0.567256],[-0.581706,-0.397485,0.709664]],[[0.0451209,-0.938947,-0.341091],[0.897613,-0.111757,0.426381],[-0.438468,-0.325407,0.837769]],[[0.0451209,-0.938947,-0.341091],[0.994574,0.0101854,0.103528],[-0.0937334,-0.343912,0.934312]],[[0.0451209,-0.938947,-0.341091],[0.928391,0.165483,-0.332725],[0.368856,-0.301653,0.879176]]],"btipPosition":[246.732,206.877,-16.269],"carpPosition":[192.491,151.983,107.098],"dipPosition":[253.035,201.722,-1.24398],"direction":[0.0937334,0.343912,-0.934312],"extended":true,"handId":98,"id":982,"length":60.9373,"mcpPosition":[231.391,178.564,59.6413],"pipPosition":[250.611,192.828,22.918],"stabilizedTipPosition":[276.326,199.332,33.0665],"timeVisible":0.063208,"tipPosition":[256.096,206.909,-12.2253],"tipVelocity":[-522.472,269.765,-1037.81],"tool":false,"touchDistance":0.308149,"touchZone":"hovering","type":2,"width":20.0212},{"bases":[[[-0.0411224,-0.935687,-0.350426],[0.792976,-0.243935,0.558287],[-0.607863,-0.254921,0.752009]],[[-0.0268234,-0.929437,-0.368005],[0.927322,-0.160611,0.33805],[-0.373301,-0.332191,0.866196]],[[-0.0268234,-0.929437,-0.368005],[0.998627,-0.0414835,0.0319826],[-0.0449919,-0.366642,0.929274]],[[-0.0268234,-0.929437,-0.368005],[0.990547,0.0248279,-0.134905],[0.134523,-0.368145,0.919985]]],"btipPosition":[245.407,185.875,-17.2562],"carpPosition":[194.895,141.58,102.134],"dipPosition":[247.693,179.62,-1.6241],"direction":[0.0449919,0.366642,-0.929274],"extended":true,"handId":98,"id":983,"length":58.5928,"mcpPosition":[231.391,156.885,56.9829],"pipPosition":[246.56,170.383,21.787],"stabilizedTipPosition":[266.988,187.045,36.3756],"timeVisible":0.063208,"tipPosition":[251.53,189.018,-12.1337],"tipVelocity":[-428.805,144.409,-1024.03],"tool":false,"touchDistance":0.30847,"touchZone":"hovering","type":3,"width":19.0515},{"bases":[[[-0.241653,-0.905649,-0.34843],[0.720087,-0.408056,0.561217],[-0.650444,-0.11528,0.750755]],[[-0.143768,-0.878994,-0.454643],[0.894292,-0.312124,0.320655],[-0.423759,-0.360484,0.830951]],[[-0.143768,-0.878994,-0.454643],[0.989596,-0.125148,-0.0709755],[0.00548947,-0.460117,0.887841]],[[-0.143768,-0.878994,-0.454643],[0.942771,0.018014,-0.332953],[0.300854,-0.476492,0.8261]]],"btipPosition":[235.724,164.483,-2.36514],"carpPosition":[190.76,130.83,94.823],"dipPosition":[240.44,157.014,10.5845],"direction":[-0.00548947,0.460117,-0.887841],"extended":true,"handId":98,"id":984,"length":45.9357,"mcpPosition":[226.911,137.237,53.0972],"pipPosition":[240.537,148.829,26.3767],"stabilizedTipPosition":[249.144,167.437,47.6316],"timeVisible":0.063208,"tipPosition":[239.266,166.928,1.18289],"tipVelocity":[-374.18,155.493,-994.34],"tool":false,"touchDistance":0.309696,"touchZone":"hovering","type":4,"width":16.923}],"r":[[0.994462,0.101514,0.0272126],[-0.0965166,0.984593,-0.145813],[-0.0415954,0.142379,0.988938]],"s":0.971091,"t":[-8.71632,13.9618,-28.8125],"timestamp":86999996284},{"currentFrameRate":32.8145,"devices":[],"gestures":[],"hands":[{"armBasis":[[0.244254,-0.809238,-0.534298],[0.927549,0.0342675,0.372127],[-0.28283,-0.586481,0.758977]],"armWidth":65.3,"confidence":0.399717,"direction":[0.651794,0.341331,-0.677243],"elbow":[90.8052,-7.61373,300.786],"grabAngle":0.79134,"grabStrength":0,"id":98,"palmNormal":[-0.741043,0.0967047,-0.664458],"palmPosition":[203.419,178.92,53.6119],"palmVelocity":[-521.011,662.564,-993.845],"palmWidth":87.2134,"pinchDistance":55.6545,"pinchStrength":0,"r":[[0.989601,0.142704,0.0180297],[-0.135841,0.968419,-0.209072],[-0.0472958,0.204449,0.977734]],"s":0.982336,"sphereCenter":[130.158,180.249,-29.7114],"sphereRadius":110.473,"stabilizedPalmPosition":[219.676,155.934,95.4285],"t":[-16.3419,24.3342,-46.8595],"timeVisible":0.080355,"type":"right","wrist":[164,144.164,104.367]}],"id":57042,"interactionBox":{"center":[0,200,0],"size":[235.247,235.247,147.751]},"pointables":[{"bases":[[[0.854904,-0.396114,0.33501],[-0.0527866,0.57599,0.815751],[-0.516093,-0.715073,0.471506]],[[0.928742,-0.27186,0.252054],[-0.0679697,0.5435,0.836653],[-0.364443,-0.794167,0.486293]],[[0.928742,-0.27186,0.252054],[0.106431,0.846794,0.521165],[-0.355121,-0.457201,0.815387]],[[0.928742,-0.27186,0.252054],[0.190198,0.933005,0.305494],[-0.318219,-0.235785,0.918228]]],"btipPosition":[194.935,236.643,24.9913],"carpPosition":[159.713,179.451,93.0847],"dipPosition":[188.162,231.625,44.5347],"direction":[0.355121,0.457201,-0.815387],"extended":false,"handId":98,"id":980,"length":47.3959,"mcpPosition":[159.713,179.451,93.0847],"pipPosition":[177.15,217.448,69.8177],"stabilizedTipPosition":[220.135,208.298,84.8282],"timeVisible":0.080355,"tipPosition":[194.13,229.843,24.4905],"tipVelocity":[-734.966,718.305,-993.157],"tool":false,"touchDistance":0.320605,"touchZone":"touching","type":0,"width":21.3416},{"bases":[[[-0.0883434,-0.937538,-0.33648],[0.830904,-0.255663,0.494201],[-0.549357,-0.235923,0.80159]],[[-0.0830705,-0.935232,-0.344152],[0.947454,-0.181173,0.263643],[-0.308919,-0.304167,0.901139]],[[-0.0830705,-0.935232,-0.344152],[0.996486,-0.0742474,-0.0387621],[0.0106992,-0.346163,0.938113]],[[-0.0830705,-0.935232,-0.344152],[0.961528,0.0155208,-0.274269],[0.261846,-0.353696,0.897962]]],"btipPosition":[228.893,194.829,-36.9647],"carpPosition":[188.076,153.574,86.6702],"dipPosition":[233.342,188.819,-21.7068],"direction":[-0.0106992,0.346163,-0.938113],"extended":true,"handId":98,"id":983,"length":58.5928,"mcpPosition":[221.059,167.739,38.5427],"pipPosition":[233.612,180.098,1.92697],"stabilizedTipPosition":[261.648,187.967,26.3179],"timeVisible":0.080355,"tipPosition":[235.715,198.511,-32.3805],"tipVelocity":[-934.099,525.449,-1154.4],"tool":false,"touchDistance":0.313095,"touchZone":"hovering","type":3,"width":19.0515},{"bases":[[[0.268455,-0.864372,-0.425197],[0.824141,-0.0224338,0.56594],[-0.498722,-0.502352,0.706343]],[[0.146919,-0.956545,-0.251866],[0.906121,0.0280346,0.422089],[-0.396687,-0.290234,0.870864]],[[0.146919,-0.956545,-0.251866],[0.968711,0.0876468,0.232202],[-0.200037,-0.2781,0.939492]],[[0.146919,-0.956545,-0.251866],[0.984078,0.115598,0.135011],[-0.100029,-0.267691,0.958298]]],"btipPosition":[238.152,230.947,-23.2261],"carpPosition":[181.534,173.911,96.1491],"dipPosition":[236.598,226.788,-8.33604],"direction":[0.200037,0.2781,-0.939492],"extended":true,"handId":98,"id":981,"length":53.481,"mcpPosition":[216.702,209.335,46.3407],"pipPosition":[232.201,220.675,12.3151],"stabilizedTipPosition":[276.67,203.848,37.6444],"timeVisible":0.080355,"tipPosition":[245.14,225.804,-16.319],"tipVelocity":[-929.826,777.432,-1279.5],"tool":false,"touchDistance":0.310986,"touchZone":"hovering","type":1,"width":20.3855},{"bases":[[[0.0541517,-0.907721,-0.416065],[0.846513,-0.179267,0.501278],[-0.529607,-0.37935,0.75869]],[[-0.00751313,-0.945529,-0.325452],[0.934576,-0.122404,0.334043],[-0.355684,-0.30165,0.884588]],[[-0.00751313,-0.945529,-0.325452],[0.995353,-0.0383168,0.0883431],[-0.0960012,-0.323276,0.941423]],[[-0.00751313,-0.945529,-0.325452],[0.971116,0.0707222,-0.227886],[0.23849,-0.317764,0.917687]]],"btipPosition":[235.709,216.448,-37.8305],"carpPosition":[186.294,164.066,91.7094],"dipPosition":[239.784,211.017,-22.1473],"direction":[0.0960012,0.323276,-0.941423],"extended":true,"handId":98,"id":982,"length":60.9373,"mcpPosition":[221.71,189.434,40.9742],"pipPosition":[237.302,202.657,2.19859],"stabilizedTipPosition":[269.4,202.102,21.3209],"timeVisible":0.080355,"tipPosition":[240.091,216.346,-33.2197],"tipVelocity":[-672.742,554.464,-1248.62],"tool":false,"touchDistance":0.311732,"touchZone":"hovering","type":2,"width":20.0212},{"bases":[[[-0.287399,-0.903325,-0.318443],[0.755228,-0.418204,0.504714],[-0.589095,-0.0954428,0.802408]],[[-0.214881,-0.885427,-0.412124],[0.912212,-0.332689,0.239139],[-0.348849,-0.324557,0.879185]],[[-0.214881,-0.885427,-0.412124],[0.976333,-0.18417,-0.11338],[0.0244891,-0.426733,0.904046]],[[-0.214881,-0.885427,-0.412124],[0.920402,-0.042466,-0.388661],[0.32663,-0.462835,0.824073]]],"btipPosition":[221.546,173.439,-22.0368],"carpPosition":[183.143,142.852,79.8297],"dipPosition":[226.666,166.183,-9.11897],"direction":[-0.0244891,0.426733,-0.904046],"extended":true,"handId":98,"id":984,"length":45.9357,"mcpPosition":[215.884,148.156,35.2331],"pipPosition":[227.102,158.593,6.96152],"stabilizedTipPosition":[245.723,167.998,38.997],"timeVisible":0.080355,"tipPosition":[224.354,176.577,-17.9447],"tipVelocity":[-821.423,525.167,-1147.66],"tool":false,"touchDistance":0.313252,"touchZone":"hovering","type":4,"width":16.923}],"r":[[0.989601,0.142704,0.0180297],[-0.135841,0.968419,-0.209072],[-0.0472958,0.204449,0.977734]],"s":0.982336,"t":[-16.3419,24.3342,-46.8595],"timestamp":87000013431},{"currentFrameRate":34.8839,"devices":[],"gestures":[],"hands":[{"armBasis":[[0.234573,-0.777621,-0.583336],[0.948659,0.0521386,0.311973],[-0.212183,-0.626568,0.749928]],"armWidth":65.3,"confidence":0.473474,"direction":[0.613561,0.352164,-0.70677],"elbow":[102.638,-7.58118,283.263],"grabAngle":0.707733,"grabStrength":0,"id":98,"palmNormal":[-0.773555,0.0882774,-0.627551],"palmPosition":[193.759,190.419,36.8435],"palmVelocity":[-557.821,664.025,-968.318],"palmWidth":87.2134,"pinchDistance":54.5679,"pinchStrength":0,"r":[[0.98408,0.177722,-0.000889681],[-0.171988,0.951049,-0.256759],[-0.0447855,0.252825,0.966475]],"s":0.993343,"sphereCenter":[108.925,192.371,-46.3227],"sphereRadius":118.29,"stabilizedPalmPosition":[215.398,161.626,85.7582],"t":[-24.9845,35.2699,-64.2672],"timeVisible":0.097672,"type":"right","wrist":[157.55,154.57,89.187]}],"id":57043,"interactionBox":{"center":[0,200,0],"size":[235.247,235.247,147.751]},"pointables":[{"bases":[[[0.875437,-0.385179,0.291969],[-0.0211539,0.572964,0.819308],[-0.482868,-0.723429,0.493446]],[[0.942809,-0.261242,0.207036],[-0.0344718,0.541364,0.840082],[-0.331547,-0.799173,0.501397]],[[0.942809,-0.261242,0.207036],[0.118103,0.842615,0.525406],[-0.31171,-0.470906,0.825278]],[[0.942809,-0.261242,0.207036],[0.198627,0.939092,0.280452],[-0.267692,-0.22329,0.937274]]],"btipPosition":[183.236,247.828,8.85494],"carpPosition":[152.01,190.237,78.3831],"dipPosition":[177.538,243.076,28.8037],"direction":[0.31171,0.470906,-0.825278],"extended":false,"handId":98,"id":980,"length":47.3959,"mcpPosition":[152.01,190.237,78.3831],"pipPosition":[167.873,228.474,54.3934],"stabilizedTipPosition":[212.391,216.089,70.3605],"timeVisible":0.097672,"tipPosition":[182.371,241.368,8.45263],"tipVelocity":[-661.284,649.432,-926.438],"tool":false,"touchDistance":0.319328,"touchZone":"hovering","type":0,"width":21.3416},{"bases":[[[-0.0916828,-0.937742,-0.335014],[0.857244,-0.245511,0.452611],[-0.506682,-0.245692,0.826383]],[[-0.0835755,-0.933697,-0.348175],[0.957163,-0.172419,0.232619],[-0.277227,-0.313819,0.90811]],[[-0.0835755,-0.933697,-0.348175],[0.995912,-0.0662498,-0.0613963],[0.034259,-0.351883,0.935417]],[[-0.0835755,-0.933697,-0.348175],[0.970468,0.00307987,-0.241209],[0.226289,-0.358052,0.905866]]],"btipPosition":[217.358,207.224,-54.9552],"carpPosition":[180.38,164.773,70.5179],"dipPosition":[221.203,201.14,-39.563],"direction":[-0.034259,0.351883,-0.935417],"extended":true,"handId":98,"id":983,"length":58.5928,"mcpPosition":[210.802,179.524,20.9017],"pipPosition":[222.066,192.275,-15.9972],"stabilizedTipPosition":[254.854,190.762,14.1508],"timeVisible":0.097672,"tipPosition":[221.106,209.988,-50.6673],"tipVelocity":[-674.124,714.814,-1037.11],"tool":false,"touchDistance":0.317355,"touchZone":"touching","type":3,"width":19.0515},{"bases":[[[0.259375,-0.859409,-0.440613],[0.85077,-0.0125951,0.525388],[-0.457073,-0.511133,0.727893]],[[0.15144,-0.951431,-0.268039],[0.941052,0.0557984,0.333627],[-0.302467,-0.302763,0.903797]],[[0.15144,-0.951431,-0.268039],[0.976477,0.101892,0.190028],[-0.153488,-0.290511,0.944481]],[[0.15144,-0.951431,-0.268039],[0.988245,0.139992,0.0614351],[-0.0209279,-0.274191,0.961447]]],"btipPosition":[221.775,243.51,-41.9692],"carpPosition":[174.027,184.991,80.371],"dipPosition":[221.449,239.25,-27.0302],"direction":[0.153488,0.290511,-0.944481],"extended":true,"handId":98,"id":981,"length":53.481,"mcpPosition":[206.258,221.035,29.0429],"pipPosition":[218.076,232.864,-6.26941],"stabilizedTipPosition":[262.582,213.762,18.1212],"timeVisible":0.097672,"tipPosition":[230.107,238.664,-35.3524],"tipVelocity":[-929.421,724.117,-1081.7],"tool":false,"touchDistance":0.314106,"touchZone":"hovering","type":1,"width":20.3855},{"bases":[[[0.0463769,-0.90574,-0.421288],[0.872131,-0.168926,0.459187],[-0.48707,-0.388714,0.78209]],[[-0.00629184,-0.942302,-0.334705],[0.947278,-0.112844,0.299885],[-0.320351,-0.315172,0.893332]],[[-0.00629184,-0.942302,-0.334705],[0.995091,-0.0389577,0.0909727],[-0.0987631,-0.332489,0.937921]],[[-0.00629184,-0.942302,-0.334705],[0.99594,0.0241522,-0.086718],[0.0897984,-0.333892,0.938324]]],"btipPosition":[226.335,229.34,-56.0772],"carpPosition":[178.701,175.226,75.673],"dipPosition":[227.869,223.634,-40.0413],"direction":[0.0987631,0.332489,-0.937921],"extended":true,"handId":98,"id":982,"length":60.9373,"mcpPosition":[211.273,201.22,23.3729],"pipPosition":[225.315,215.035,-15.786],"stabilizedTipPosition":[261.899,206.655,8.37634],"timeVisible":0.097672,"tipPosition":[225.921,228.451,-51.7388],"tipVelocity":[-575.064,740.808,-1049],"tool":false,"touchDistance":0.317115,"touchZone":"touching","type":2,"width":20.0212},{"bases":[[[-0.290082,-0.906333,-0.307266],[0.784394,-0.40911,0.466213],[-0.54825,-0.105777,0.829598]],[[-0.226852,-0.888783,-0.398249],[0.920868,-0.328869,0.209397],[-0.31708,-0.319232,0.893057]],[[-0.226852,-0.888783,-0.398249],[0.971225,-0.175995,-0.16046],[0.0725239,-0.42319,0.903134]],[[-0.226852,-0.888783,-0.398249],[0.925029,-0.0686832,-0.373637],[0.304729,-0.453152,0.837731]]],"btipPosition":[209.87,184.777,-40.1345],"carpPosition":[175.269,154.002,63.887],"dipPosition":[214.646,177.674,-27.0026],"direction":[-0.0725239,0.42319,-0.903134],"extended":true,"handId":98,"id":984,"length":45.9357,"mcpPosition":[205.74,159.881,17.7792],"pipPosition":[215.936,170.147,-10.9384],"stabilizedTipPosition":[240.864,170.115,28.3563],"timeVisible":0.097672,"tipPosition":[211.214,188.052,-35.7863],"tipVelocity":[-678.824,656.785,-1042.24],"tool":false,"touchDistance":0.317289,"touchZone":"touching","type":4,"width":16.923}],"r":[[0.98408,0.177722,-0.000889681],[-0.171988,0.951049,-0.256759],[-0.0447855,0.252825,0.966475]],"s":0.993343,"t":[-24.9845,35.2699,-64.2672],"timestamp":87000030748},{"currentFrameRate":36.8056,"devices":[],"gestures":[],"hands":[{"armBasis":[[0.210718,-0.771243,-0.600652],[0.966864,0.0738396,0.24438],[-0.144124,-0.632244,0.761246]],"armWidth":65.3,"confidence":0.540614,"direction":[0.563532,0.345629,-0.750315],"elbow":[111.458,2.47876,272.085],"grabAngle":0.641949,"grabStrength":0,"id":98,"palmNormal":[-0.812048,0.0649896,-0.57996],"palmPosition":[181.027,201.563,19.9823],"palmVelocity":[-741.257,648.848,-981.672],"palmWidth":87.2134,"pinchDistance":54.1893,"pinchStrength":0,"r":[[0.977791,0.207379,-0.0303088],[-0.20697,0.932686,-0.295398],[-0.0329909,0.295111,0.954893]],"s":1.01049,"sphereCenter":[82.6341,203.648,-60.3951],"sphereRadius":126.541,"stabilizedPalmPosition":[209.285,168.73,74.0587],"t":[-35.6718,46.3101,-81.4016],"timeVisible":0.114848,"type":"right","wrist":[148.756,166.099,75.0789]}],"id":57044,"interactionBox":{"center":[0,200,0],"size":[235.247,235.247,147.751]},"pointables":[{"bases":[[[0.89732,-0.367376,0.244644],[0.021155,0.589431,0.807542],[-0.440873,-0.719448,0.53668]],[[0.955943,-0.24847,0.156318],[0.00792102,0.554144,0.832383],[-0.293445,-0.794473,0.531698]],[[0.955943,-0.24847,0.156318],[0.12933,0.83452,0.535584],[-0.263527,-0.491772,0.829888]],[[0.955943,-0.24847,0.156318],[0.192438,0.932552,0.305474],[-0.221675,-0.261935,0.939282]]],"btipPosition":[168.861,260.52,-7.13546],"carpPosition":[141.931,201.684,64.0282],"dipPosition":[164.142,254.945,12.856],"direction":[0.263527,0.491772,-0.829888],"extended":true,"handId":98,"id":980,"length":47.3959,"mcpPosition":[141.931,201.684,64.0282],"pipPosition":[155.971,239.696,38.5887],"stabilizedTipPosition":[202.17,225.974,53.6601],"timeVisible":0.114848,"tipPosition":[167.256,252.856,-7.75362],"tipVel