{"frames":113,"data":[{"currentFrameRate":30.0542,"devices":[],"gestures":[],"hands":[],"id":64039,"interactionBox":{"center":[0,200,0],"size":[235.247,235.247,147.751]},"pointables":[],"r":[[-0.428549,0.738117,-0.521085],[0.153241,-0.508995,-0.847019],[-0.890429,-0.44284,0.105019]],"s":5.4796,"t":[-178.347,-627.89,1326.34],"timestamp":87153177146},{"currentFrameRate":30.0053,"devices":[],"gestures":[],"hands":[],"id":64040,"interactionBox":{"center":[0,200,0],"size":[235.247,235.247,147.751]},"pointables":[],"r":[[-0.428549,0.738117,-0.521085],[0.153241,-0.508995,-0.847019],[-0.890429,-0.44284,0.105019]],"s":5.4796,"t":[-178.347,-627.89,1326.34],"timestamp":87153210773},{"currentFrameRate":30.0293,"devices":[],"gestures":[],"hands":[],"id":64041,"interactionBox":{"center":[0,200,0],"size":[235.247,235.247,147.751]},"pointables":[],"r":[[-0.428549,0.738117,-0.521085],[0.153241,-0.508995,-0.847019],[-0.890429,-0.44284,0.105019]],"s":5.4796,"t":[-178.347,-627.89,1326.34],"timestamp":87153243927},{"currentFrameRate":30.0588,"devices":[],"gestures":[],"hands":[],"id":64042,"interactionBox":{"center":[0,200,0],"size":[235.247,235.247,147.751]},"pointables":[],"r":[[-0.428549,0.738117,-0.521085],[0.153241,-0.508995,-0.847019],[-0.890429,-0.44284,0.105019]],"s":5.4796,"t":[-178.347,-627.89,1326.34],"timestamp":87153277014},{"currentFrameRate":30.0301,"devices":[],"gestures":[],"hands":[],"id":64043,"interactionBox":{"center":[0,200,0],"size":[235.247,235.247,147.751]},"pointables":[],"r":[[-0.428549,0.738117,-0.521085],[0.153241,-0.508995,-0.847019],[-0.890429,-0.44284,0.105019]],"s":5.4796,"t":[-178.347,-627.89,1326.34],"timestamp":87153310490},{"currentFrameRate":30.0218,"devices":[],"gestures":[],"hands":[],"id":64044,"interactionBox":{"center":[0,200,0],"size":[235.247,235.247,147.751]},"pointables":[],"r":[[-0.428549,0.738117,-0.521085],[0.153241,-0.508995,-0.847019],[-0.890429,-0.44284,0.105019]],"s":5.4796,"t":[-178.347,-627.89,1326.34],"timestamp":87153343850},{"currentFrameRate":30.073,"devices":[],"gestures":[],"hands":[],"id":64045,"interactionBox":{"center":[0,200,0],"size":[235.247,235.247,147.751]},"pointables":[],"r":[[-0.428549,0.738117,-0.521085],[0.153241,-0.508995,-0.847019],[-0.890429,-0.44284,0.105019]],"s":5.4796,"t":[-178.347,-627.89,1326.34],"timestamp":87153376789},{"currentFrameRate":30.0656,"devices":[],"gestures":[],"hands":[],"id":64046,"interactionBox":{"center":[0,200,0],"size":[235.247,235.247,147.751]},"pointables":[],"r":[[-0.428549,0.738117,-0.521085],[0.153241,-0.508995,-0.847019],[-0.890429,-0.44284,0.105019]],"s":5.4796,"t":[-178.347,-627.89,1326.34],"timestamp":87153410095},{"currentFrameRate":30.0503,"devices":[],"gestures":[],"hands":[],"id":64047,"interactionBox":{"center":[0,200,0],"size":[235.247,235.247,147.751]},"pointables":[],"r":[[-0.428549,0.738117,-0.521085],[0.153241,-0.508995,-0.847019],[-0.890429,-0.44284,0.105019]],"s":5.4796,"t":[-178.347,-627.89,1326.34],"timestamp":87153443466},{"currentFrameRate":30.0602,"devices":[],"gestures":[],"hands":[],"id":64048,"interactionBox":{"center":[0,200,0],"size":[235.247,235.247,147.751]},"pointables":[],"r":[[-0.428549,0.738117,-0.521085],[0.153241,-0.508995,-0.847019],[-0.890429,-0.44284,0.105019]],"s":5.4796,"t":[-178.347,-627.89,1326.34],"timestamp":87153476672},{"currentFrameRate":30.0651,"devices":[],"gestures":[],"hands":[],"id":64049,"interactionBox":{"center":[0,200,0],"size":[235.247,235.247,147.751]},"pointables":[],"r":[[-0.428549,0.738117,-0.521085],[0.153241,-0.508995,-0.847019],[-0.890429,-0.44284,0.105019]],"s":5.4796,"t":[-178.347,-627.89,1326.34],"timestamp":87153509903},{"currentFrameRate":30.0549,"devices":[],"gestures":[],"hands":[],"id":64050,"interactionBox":{"center":[0,200,0],"size":[235.247,235.247,147.751]},"pointables":[],"r":[[-0.428549,0.738117,-0.521085],[0.153241,-0.508995,-0.847019],[-0.890429,-0.44284,0.105019]],"s":5.4796,"t":[-178.347,-627.89,1326.34],"timestamp":87153543238},{"currentFrameRate":30.0595,"devices":[],"gestures":[],"hands":[],"id":64051,"interactionBox":{"center":[0,200,0],"size":[235.247,235.247,147.751]},"pointables":[],"r":[[-0.428549,0.738117,-0.521085],[0.153241,-0.508995,-0.847019],[-0.890429,-0.44284,0.105019]],"s":5.4796,"t":[-178.347,-627.89,1326.34],"timestamp":87153576477},{"currentFrameRate":30.0094,"devices":[],"gestures":[],"hands":[],"id":64052,"interactionBox":{"center":[0,200,0],"size":[235.247,235.247,147.751]},"pointables":[],"r":[[-0.428549,0.738117,-0.521085],[0.153241,-0.508995,-0.847019],[-0.890429,-0.44284,0.105019]],"s":5.4796,"t":[-178.347,-627.89,1326.34],"timestamp":87153610107},{"currentFrameRate":30.0668,"devices":[],"gestures":[],"hands":[],"id":64053,"interactionBox":{"center":[0,200,0],"size":[235.247,235.247,147.751]},"pointables":[],"r":[[-0.428549,0.738117,-0.521085],[0.153241,-0.508995,-0.847019],[-0.890429,-0.44284,0.105019]],"s":5.4796,"t":[-178.347,-627.89,1326.34],"timestamp":87153643015},{"currentFrameRate":30.0158,"devices":[],"gestures":[],"hands":[],"id":64054,"interactionBox":{"center":[0,200,0],"size":[235.247,235.247,147.751]},"pointables":[],"r":[[-0.428549,0.738117,-0.521085],[0.153241,-0.508995,-0.847019],[-0.890429,-0.44284,0.105019]],"s":5.4796,"t":[-178.347,-627.89,1326.34],"timestamp":87153676643},{"currentFrameRate":30.0802,"devices":[],"gestures":[],"hands":[],"id":64055,"interactionBox":{"center":[0,200,0],"size":[235.247,235.247,147.751]},"pointables":[],"r":[[-0.428549,0.738117,-0.521085],[0.153241,-0.508995,-0.847019],[-0.890429,-0.44284,0.105019]],"s":5.4796,"t":[-178.347,-627.89,1326.34],"timestamp":87153709493},{"currentFrameRate":30.0718,"devices":[],"gestures":[],"hands":[],"id":64056,"interactionBox":{"center":[0,200,0],"size":[235.247,235.247,147.751]},"pointables":[],"r":[[-0.428549,0.738117,-0.521085],[0.153241,-0.508995,-0.847019],[-0.890429,-0.44284,0.105019]],"s":5.4796,"t":[-178.347,-627.89,1326.34],"timestamp":87153742798},{"currentFrameRate":30.0133,"devices":[],"gestures":[],"hands":[],"id":64057,"interactionBox":{"center":[0,200,0],"size":[235.247,235.247,147.751]},"pointables":[],"r":[[-0.428549,0.738117,-0.521085],[0.153241,-0.508995,-0.847019],[-0.890429,-0.44284,0.105019]],"s":5.4796,"t":[-178.347,-627.89,1326.34],"timestamp":87153776475},{"currentFrameRate":30.0652,"devices":[],"gestures":[],"hands":[],"id":64058,"interactionBox":{"center":[0,200,0],"size":[235.247,235.247,147.751]},"pointables":[],"r":[[-0.428549,0.738117,-0.521085],[0.153241,-0.508995,-0.847019],[-0.890429,-0.44284,0.105019]],"s":5.4796,"t":[-178.347,-627.89,1326.34],"timestamp":87153809418},{"currentFrameRate":30.0478,"devices":[],"gestures":[],"hands":[],"id":64059,"interactionBox":{"center":[0,200,0],"size":[235.247,235.247,147.751]},"pointables":[],"r":[[-0.428549,0.738117,-0.521085],[0.153241,-0.508995,-0.847019],[-0.890429,-0.44284,0.105019]],"s":5.4796,"t":[-178.347,-627.89,1326.34],"timestamp":87153842805},{"currentFrameRate":30.046,"devices":[],"gestures":[],"hands":[],"id":64060,"interactionBox":{"center":[0,200,0],"size":[235.247,235.247,147.751]},"pointables":[],"r":[[-0.428549,0.738117,-0.521085],[0.153241,-0.508995,-0.847019],[-0.890429,-0.44284,0.105019]],"s":5.4796,"t":[-178.347,-627.89,1326.34],"timestamp":87153876098},{"currentFrameRate":30.0235,"devices":[],"gestures":[],"hands":[],"id":64061,"interactionBox":{"center":[0,200,0],"size":[235.247,235.247,147.751]},"pointables":[],"r":[[-0.428549,0.738117,-0.521085],[0.153241,-0.508995,-0.847019],[-0.890429,-0.44284,0.105019]],"s":5.4796,"t":[-178.347,-627.89,1326.34],"timestamp":87153909543},{"currentFrameRate":30.0354,"devices":[],"gestures":[],"hands":[],"id":64062,"interactionBox":{"center":[0,200,0],"size":[235.247,235.247,147.751]},"pointables":[],"r":[[-0.428549,0.738117,-0.521085],[0.153241,-0.508995,-0.847019],[-0.890429,-0.44284,0.105019]],"s":5.4796,"t":[-178.347,-627.89,1326.34],"timestamp":87153942764},{"currentFrameRate":30.0534,"devices":[],"gestures":[],"hands":[],"id":64063,"interactionBox":{"center":[0,200,0],"size":[235.247,235.247,147.751]},"pointables":[],"r":[[-0.428549,0.738117,-0.521085],[0.153241,-0.508995,-0.847019],[-0.890429,-0.44284,0.105019]],"s":5.4796,"t":[-178.347,-627.89,1326.34],"timestamp":87153975928},{"currentFrameRate":30.0612,"devices":[],"gestures":[],"hands":[],"id":64064,"interactionBox":{"center":[0,200,0],"size":[235.247,235.247,147.751]},"pointables":[],"r":[[-0.428549,0.738117,-0.521085],[0.153241,-0.508995,-0.847019],[-0.890429,-0.44284,0.105019]],"s":5.4796,"t":[-178.347,-627.89,1326.34],"timestamp":87154009146},{"currentFrameRate":30.0539,"devices":[],"gestures":[],"hands":[],"id":64065,"interactionBox":{"center":[0,200,0],"size":[235.247,235.247,147.751]},"pointables":[],"r":[[-0.428549,0.738117,-0.521085],[0.153241,-0.508995,-0.847019],[-0.890429,-0.44284,0.105019]],"s":5.4796,"t":[-178.347,-627.89,1326.34],"timestamp":87154042464},{"currentFrameRate":29.9947,"devices":[],"gestures":[],"hands":[],"id":64066,"interactionBox":{"center":[0,200,0],"size":[235.247,235.247,147.751]},"pointables":[],"r":[[-0.428549,0.738117,-0.521085],[0.153241,-0.508995,-0.847019],[-0.890429,-0.44284,0.105019]],"s":5.4796,"t":[-178.347,-627.89,1326.34],"timestamp":87154076166},{"currentFrameRate":30.0727,"devices":[],"gestures":[],"hands":[],"id":64067,"interactionBox":{"center":[0,200,0],"size":[235.247,235.247,147.751]},"pointables":[],"r":[[-0.428549,0.738117,-0.521085],[0.153241,-0.508995,-0.847019],[-0.890429,-0.44284,0.105019]],"s":5.4796,"t":[-178.347,-627.89,1326.34],"timestamp":87154108941},{"currentFrameRate":29.9996,"devices":[],"gestures":[],"hands":[{"armBasis":[[0.549371,0.546602,-0.631995],[-0.215636,0.82348,0.524769],[0.807275,-0.152012,0.570262]],"armWidth":54.6255,"confidence":0,"direction":[-0.875428,0.430493,-0.219776],"elbow":[149.524,181.292,360.648],"grabAngle":2.96149,"grabStrength":1,"id":111,"palmNormal":[-0.175921,-0.70729,-0.684684],"palmPosition":[-97.4454,235.659,212.975],"palmVelocity":[1.19209e-7,1.19209e-7,1.19209e-7],"palmWidth":78.0034,"pinchDistance":21.3759,"pinchStrength":0.98279,"r":[[1,-1.11022e-17,-1.11022e-17],[1.11022e-17,1,-1.66533e-17],[1.11022e-17,1.66533e-17,1]],"s":1,"sphereCenter":[-111.198,219.783,170.172],"sphereRadius":40.6788,"stabilizedPalmPosition":[-97.4454,235.659,212.975],"t":[0,0,0],"timeVisible":0,"type":"right","wrist":[-37.3311,216.477,228.653]}],"id":64068,"interactionBox":{"center":[0,200,0],"size":[235.247,235.247,147.751]},"pointables":[{"bases":[[[0.167682,0.942258,0.289883],[0.0580072,-0.302967,0.951234],[0.984133,-0.14269,-0.10546]],[[-0.146245,0.93998,0.308301],[-0.169208,-0.330828,0.928397],[0.97467,0.083607,0.207434]],[[-0.146245,0.93998,0.308301],[-0.465368,-0.340385,0.81705],[0.872952,-0.0239835,0.487217]],[[-0.146245,0.93998,0.308301],[-0.780117,-0.301223,0.548345],[0.608301,-0.160317,0.777347]]],"btipPosition":[-142.818,200.839,193.718],"carpPosition":[-63.389,200.499,232.432],"dipPosition":[-130.614,197.622,209.314],"direction":[-0.872952,0.0239835,-0.487217],"extended":false,"handId":111,"id":1110,"length":44.6781,"mcpPosition":[-63.389,200.499,232.432],"pipPosition":[-105.098,196.921,223.555],"stabilizedTipPosition":[-140.011,200.099,197.305],"timeVisible":0,"tipPosition":[-140.011,200.099,197.305],"tipVelocity":[1.19209e-7,1.19209e-7,1.19209e-7],"tool":false,"touchDistance":1,"touchZone":"none","type":0,"width":17.3598},{"bases":[[[0.29682,0.625049,-0.72195],[0.0347441,0.748452,0.662278],[0.954301,-0.221661,0.200439]],[[0.442213,0.582762,-0.681789],[-0.268498,0.811306,0.519318],[0.855778,-0.0465896,0.515241]],[[0.442213,0.582762,-0.681789],[-0.869936,0.463708,-0.167889],[0.218312,0.667355,0.712023]],[[0.442213,0.582762,-0.681789],[-0.219004,-0.666986,-0.712157],[-0.869761,0.464239,-0.167322]]],"btipPosition":[-148.848,215.249,193.167],"carpPosition":[-65.3579,220.181,237.088],"dipPosition":[-161.587,222.049,190.717],"direction":[-0.218312,-0.667355,-0.712023],"extended":false,"handId":111,"id":1111,"length":50.4142,"mcpPosition":[-125.545,234.161,224.447],"pipPosition":[-157.064,235.877,205.47],"stabilizedTipPosition":[-151.778,216.813,192.604],"timeVisible":0,"tipPosition":[-151.778,216.813,192.604],"tipVelocity":[1.19209e-7,1.19209e-7,1.19209e-7],"tool":false,"touchDistance":1,"touchZone":"none","type":1,"width":16.5821},{"bases":[[[0.412719,0.452542,-0.790486],[0.105368,0.838301,0.534929],[0.904743,-0.304067,0.298299]],[[0.403283,0.455682,-0.793547],[-0.652398,0.75127,0.0998539],[0.641669,0.477439,0.60026]],[[0.403283,0.455682,-0.793547],[-0.76554,-0.307073,-0.565381],[-0.50131,0.8355,0.225005]],[[0.403283,0.455682,-0.793547],[-0.227681,-0.789955,-0.569327],[-0.886298,0.410275,-0.214825]]],"btipPosition":[-116.818,199.393,185.746],"carpPosition":[-62.6896,227.912,230.415],"dipPosition":[-131.096,206.003,182.285],"direction":[0.50131,-0.8355,-0.225005],"extended":false,"handId":111,"id":1112,"length":57.4429,"mcpPosition":[-116.803,246.098,212.573],"pipPosition":[-143.317,226.37,187.77],"stabilizedTipPosition":[-120.102,200.913,184.95],"timeVisible":0,"tipPosition":[-120.102,200.913,184.95],"tipVelocity":[1.19209e-7,1.19209e-7,1.19209e-7],"tool":false,"touchDistance":1,"touchZone":"none","type":2,"width":16.2858},{"bases":[[[0.532236,0.338373,-0.776034],[0.163373,0.858371,0.486322],[0.830683,-0.385621,0.401575]],[[0.510003,0.348487,-0.786418],[-0.561005,0.827807,0.00300858],[0.652051,0.43965,0.617688]],[[0.510003,0.348487,-0.786418],[-0.760493,-0.244523,-0.601547],[-0.401929,0.904856,0.140315]],[[0.510003,0.348487,-0.786418],[-0.292147,-0.789733,-0.539418],[-0.809041,0.504854,-0.300957]]],"btipPosition":[-105.998,207.808,178.598],"carpPosition":[-58.9193,233.516,222.334],"dipPosition":[-118.957,215.895,173.778],"direction":[0.401929,-0.904856,-0.140315],"extended":false,"handId":111,"id":1113,"length":55.2329,"mcpPosition":[-103.527,254.223,200.769],"pipPosition":[-128.502,237.384,177.11],"stabilizedTipPosition":[-108.979,209.668,177.49],"timeVisible":0,"tipPosition":[-108.979,209.668,177.49],"tipVelocity":[1.19209e-7,1.19209e-7,1.19209e-7],"tool":false,"touchDistance":1,"touchZone":"none","type":3,"width":15.497},{"bases":[[[0.590442,0.144957,-0.793956],[0.316909,0.863087,0.393255],[0.742258,-0.483806,0.463665]],[[0.562884,0.162565,-0.810392],[-0.372174,0.925297,-0.0728903],[0.738003,0.342635,0.581337]],[[0.562884,0.162565,-0.810392],[-0.808106,-0.0976528,-0.580885],[-0.173569,0.981854,0.0764025]],[[0.562884,0.162565,-0.810392],[-0.476539,-0.737273,-0.478893],[-0.675331,0.655745,-0.33753]]],"btipPosition":[-100.083,221.343,174.344],"carpPosition":[-53.7043,233.833,211.308],"dipPosition":[-110.062,231.033,169.356],"direction":[0.173569,-0.981854,-0.0764025],"extended":false,"handId":111,"id":1114,"length":43.3016,"mcpPosition":[-90.6014,257.882,188.259],"pipPosition":[-112.972,247.496,170.638],"stabilizedTipPosition":[-102.378,223.572,173.197],"timeVisible":0,"tipPosition":[-102.378,223.572,173.197],"tipVelocity":[1.19209e-7,1.19209e-7,1.19209e-7],"tool":false,"touchDistance":1,"touchZone":"none","type":4,"width":13.7656}],"r":[[1,-1.11022e-17,-1.11022e-17],[1.11022e-17,1,-1.66533e-17],[1.11022e-17,1.66533e-17,1]],"s":1,"t":[0,0,0],"timestamp":87154142722},{"currentFrameRate":30.0883,"devices":[],"gestures":[],"hands":[{"armBasis":[[0.500916,0.588508,-0.634619],[-0.276117,0.80359,0.527259],[0.82027,-0.0888829,0.565029]],"armWidth":52.709,"confidence":0.170545,"direction":[-0.846631,0.437068,-0.303624],"elbow":[144.777,200.563,344.459],"grabAngle":1.60608,"grabStrength":0.421037,"id":111,"palmNormal":[-0.0923738,-0.682559,-0.724969],"palmPosition":[-103.86,240.003,192.734],"palmVelocity":[-196.213,132.875,-619.116],"palmWidth":78.0034,"pinchDistance":27.5611,"pinchStrength":0.795573,"r":[[0.999735,0.000230392,0.0230254],[-0.000393812,0.999975,0.00709313],[-0.0230232,-0.00710032,0.99971]],"s":1.03027,"sphereCenter":[-116.247,214.82,144.503],"sphereRadius":51.5768,"stabilizedPalmPosition":[-97.9105,235.974,211.507],"t":[-3.20739,2.17204,-10.1204],"timeVisible":0.032693,"type":"right","wrist":[-45.0864,221.136,213.675]}],"id":64069,"interactionBox":{"center":[0,200,0],"size":[235.247,235.247,147.751]},"pointables":[{"bases":[[[0.128314,0.931483,0.340404],[-0.0500734,-0.336718,0.940273],[0.990469,-0.137695,0.00343697]],[[-0.297041,0.903873,0.307864],[-0.3397,-0.401355,0.850599],[0.892396,0.148082,0.426264]],[[-0.297041,0.903873,0.307864],[-0.543642,-0.425146,0.723675],[0.784997,0.0475935,0.617669]],[[-0.297041,0.903873,0.307864],[-0.756138,-0.419552,0.502226],[0.583113,-0.0836062,0.808077]]],"btipPosition":[-144.995,198.159,162.133],"carpPosition":[-72.0805,204.209,214.722],"dipPosition":[-133.268,196.478,178.385],"direction":[-0.784997,-0.0475935,-0.617669],"extended":false,"handId":111,"id":1110,"length":44.7838,"mcpPosition":[-72.0805,204.209,214.722],"pipPosition":[-110.269,197.872,196.481],"stabilizedTipPosition":[-140.037,200.073,196.953],"timeVisible":0.032693,"tipPosition":[-143.366,201.914,168.833],"tipVelocity":[-69.9347,-71.1611,-961.494],"tool":false,"touchDistance":1,"touchZone":"none","type":0,"width":16.4834},{"bases":[[[0.374511,0.650804,-0.660451],[-0.0455085,0.724333,0.687947],[0.926105,-0.227587,0.300888]],[[0.420898,0.638453,-0.644378],[-0.41679,0.767056,0.487761],[0.805686,0.0632729,0.588953]],[[0.420898,0.638453,-0.644378],[-0.885477,0.443382,-0.139076],[0.196912,0.629119,0.751954]],[[0.420898,0.638453,-0.644378],[-0.836547,-0.00148767,-0.547894],[-0.350763,0.76966,0.533469]]],"btipPosition":[-161.768,211.361,155.645],"carpPosition":[-74.6747,223.71,219.815],"dipPosition":[-166.917,222.661,163.477],"direction":[-0.196912,-0.629119,-0.751954],"extended":false,"handId":111,"id":1111,"length":50.5335,"mcpPosition":[-133.084,238.063,200.838],"pipPosition":[-162.828,235.728,179.095],"stabilizedTipPosition":[-153.392,216.401,187.524],"timeVisible":0.032693,"tipPosition":[-159.56,217.494,161.103],"tipVelocity":[-341.787,-87.2662,-1075.37],"tool":false,"touchDistance":1,"touchZone":"none","type":1,"width":15.7449},{"bases":[[[0.498422,0.480992,-0.721264],[0.0388056,0.818759,0.572825],[0.866066,-0.313498,0.389422]],[[0.457118,0.495211,-0.738789],[-0.326931,0.866057,0.378233],[0.827139,0.068636,0.55779]],[[0.457118,0.495211,-0.738789],[-0.774411,0.630129,-0.0567832],[0.437413,0.598083,0.67154]],[[0.457118,0.495211,-0.738789],[-0.884727,0.338269,-0.320673],[0.0911089,0.800213,0.592755]]],"btipPosition":[-169.516,220.049,141.395],"carpPosition":[-71.298,231.678,213.77],"dipPosition":[-168.045,232.971,150.966],"direction":[-0.437413,-0.598083,-0.67154],"extended":false,"handId":111,"id":1112,"length":57.5789,"mcpPosition":[-123.098,250.428,190.479],"pipPosition":[-157.357,247.585,167.376],"stabilizedTipPosition":[-155.618,216.912,155.022],"timeVisible":0.032693,"tipPosition":[-164.854,221.452,145.232],"tipVelocity":[-1501.12,676.218,-1264.91],"tool":false,"touchDistance":1,"touchZone":"none","type":2,"width":15.4636},{"bases":[[[0.616085,0.366516,-0.697212],[0.101905,0.84062,0.531952],[0.78106,-0.398777,0.480544]],[[0.549366,0.398247,-0.734573],[-0.265632,0.916747,0.298353],[0.792236,0.0312209,0.609416]],[[0.549366,0.398247,-0.734573],[-0.692145,0.70939,-0.133041],[0.468116,0.58152,0.665359]],[[0.549366,0.398247,-0.734573],[-0.815672,0.446361,-0.368023],[0.181321,0.801349,0.570054]]],"btipPosition":[-153.067,231.078,132.186],"carpPosition":[-66.6537,237.571,206.38],"dipPosition":[-150.156,243.944,141.339],"direction":[-0.468116,-0.58152,-0.665359],"extended":false,"handId":111,"id":1113,"length":55.3636,"mcpPosition":[-108.596,258.985,180.575],"pipPosition":[-139.013,257.786,157.177],"stabilizedTipPosition":[-138.715,226.358,147.904],"timeVisible":0.032693,"tipPosition":[-148.244,232.151,136.4],"tipVelocity":[-1328.08,745.375,-1321.33],"tool":false,"touchDistance":1,"touchZone":"none","type":3,"width":14.7146},{"bases":[[[0.67698,0.173932,-0.715154],[0.26509,0.848838,0.457385],[0.686604,-0.499221,0.528539]],[[0.621885,0.211998,-0.753867],[-0.102186,0.976397,0.19028],[0.776413,-0.0412977,0.62887]],[[0.621885,0.211998,-0.753867],[-0.557943,0.795445,-0.236572],[0.549507,0.567736,0.612959]],[[0.621885,0.211998,-0.753867],[-0.722634,0.5263,-0.448117],[0.30176,0.823447,0.480495]]],"btipPosition":[-131.635,242.62,133.245],"carpPosition":[-60.2083,238.288,196.045],"dipPosition":[-127.165,254.817,140.362],"direction":[-0.549507,-0.567735,-0.612959],"extended":false,"handId":111,"id":1114,"length":43.404,"mcpPosition":[-94.3388,263.104,169.772],"pipPosition":[-117.93,264.359,150.664],"stabilizedTipPosition":[-119.64,236.935,149.767],"timeVisible":0.032693,"tipPosition":[-126.146,242.716,137.807],"tipVelocity":[-863.448,668.437,-1171.96],"tool":false,"touchDistance":1,"touchZone":"none","type":4,"width":13.0706}],"r":[[0.999735,0.000230392,0.0230254],[-0.000393812,0.999975,0.00709313],[-0.0230232,-0.00710032,0.99971]],"s":1.03027,"t":[-3.20739,2.17204,-10.1204],"timestamp":87154175415},{"currentFrameRate":31.0816,"devices":[],"gestures":[],"hands":[{"armBasis":[[0.450532,0.629603,-0.632946],[-0.227874,0.766592,0.600341],[0.863188,-0.126241,0.488845]],"armWidth":52.709,"confidence":0.300636,"direction":[-0.839682,0.445097,-0.311165],"elbow":[144.197,195.968,309.946],"grabAngle":1.11325,"grabStrength":0,"id":111,"palmNormal":[-0.066545,-0.652972,-0.754453],"palmPosition":[-114.277,244.751,175.839],"palmVelocity":[-397.668,181.254,-644.984],"palmWidth":78.0034,"pinchDistance":24.4198,"pinchStrength":0.884858,"r":[[0.998871,0.00102695,0.0474836],[-0.00201897,0.999781,0.0208486],[-0.0474518,-0.020921,0.998654]],"s":1.14059,"sphereCenter":[-126.821,213.423,121.721],"sphereRadius":61.4936,"stabilizedPalmPosition":[-100.334,237.274,206.226],"t":[-10.0193,5.63195,-23.6279],"timeVisible":0.058887,"type":"right","wrist":[-55.6002,225.188,196.796]}],"id":64070,"interactionBox":{"center":[0,200,0],"size":[235.247,235.247,147.751]},"pointables":[{"bases":[[[0.112557,0.917475,0.381536],[-0.0763151,-0.37486,0.923935],[0.99071,-0.133113,0.027824]],[[-0.320992,0.886543,0.333176],[-0.393109,-0.444775,0.804761],[0.861643,0.127347,0.491277]],[[-0.320992,0.886543,0.333176],[-0.591569,-0.462406,0.660474],[0.739602,0.01491,0.67288]],[[-0.320992,0.886543,0.333176],[-0.794877,-0.443448,0.414155],[0.514912,-0.131894,0.847036]]],"btipPosition":[-151.859,205.007,139.541],"carpPosition":[-82.9621,208.241,197.313],"dipPosition":[-141.504,202.355,156.575],"direction":[-0.739602,-0.01491,-0.67288],"extended":false,"handId":111,"id":1110,"length":44.7838,"mcpPosition":[-82.9621,208.241,197.313],"pipPosition":[-119.834,202.792,176.29],"stabilizedTipPosition":[-140.543,200.305,194.085],"timeVisible":0.058887,"tipPosition":[-152.141,206.852,148.057],"tipVelocity":[-274.089,252.923,-855.638],"tool":false,"touchDistance":1,"touchZone":"none","type":0,"width":16.4834},{"bases":[[[0.390351,0.678827,-0.621949],[-0.0704061,0.695574,0.714997],[0.91797,-0.23531,0.319311]],[[0.375866,0.682444,-0.626893],[-0.590965,0.697607,0.405099],[0.713782,0.218209,0.665507]],[[0.375866,0.682444,-0.626893],[-0.911881,0.392781,-0.119149],[0.164919,0.616436,0.769941]],[[0.375866,0.682444,-0.626893],[-0.892136,0.0835178,-0.44398],[-0.250634,0.726151,0.640224]]],"btipPosition":[-169.815,210.828,133.01],"carpPosition":[-85.8226,227.507,203.109],"dipPosition":[-173.495,221.489,142.41],"direction":[-0.164919,-0.616436,-0.769941],"extended":false,"handId":111,"id":1111,"length":50.5335,"mcpPosition":[-143.718,242.348,182.971],"pipPosition":[-170.07,234.292,158.401],"stabilizedTipPosition":[-154.79,216.148,183.287],"timeVisible":0.058887,"tipPosition":[-169.51,219.703,139.332],"tipVelocity":[-294.319,-25.9719,-850.355],"tool":false,"touchDistance":1,"touchZone":"none","type":1,"width":15.7449},{"bases":[[[0.517028,0.512204,-0.685806],[0.0167719,0.794989,0.606393],[0.855804,-0.325024,0.40244]],[[0.479235,0.525883,-0.702695],[-0.260736,0.84978,0.458138],[0.838064,-0.0363385,0.544361]],[[0.479235,0.525883,-0.702695],[-0.555607,0.801552,0.220944],[0.679437,0.284538,0.676316]],[[0.479235,0.525883,-0.702695],[-0.698255,0.713514,0.0577724],[0.531764,0.462974,0.709142]]],"btipPosition":[-193.4,242.245,122.903],"carpPosition":[-82.3127,235.729,197.497],"dipPosition":[-184.813,249.721,134.354],"direction":[-0.679437,-0.284538,-0.676316],"extended":true,"handId":111,"id":1112,"length":57.5789,"mcpPosition":[-133.499,255.169,173.427],"pipPosition":[-168.21,256.674,150.88],"stabilizedTipPosition":[-180.387,235.625,134.626],"timeVisible":0.058887,"tipPosition":[-185.344,238.438,125.628],"tipVelocity":[-849.3,799.571,-689.457],"tool":false,"touchDistance":0.452832,"touchZone":"none","type":2,"width":15.4636},{"bases":[[[0.634586,0.397394,-0.662857],[0.0809409,0.818785,0.568365],[0.768602,-0.414329,0.487424]],[[0.551094,0.438381,-0.710012],[-0.137777,0.887007,0.440723],[0.82299,-0.145056,0.549223]],[[0.551094,0.438381,-0.710012],[-0.423512,0.880088,0.214671],[0.718981,0.182395,0.670671]],[[0.551094,0.438381,-0.710012],[-0.574505,0.816431,0.0581706],[0.605177,0.375848,0.701783]]],"btipPosition":[-177.185,259.382,116.001],"carpPosition":[-77.4832,241.939,190.495],"dipPosition":[-167.469,265.416,127.269],"direction":[-0.718981,-0.182395,-0.670671],"extended":true,"handId":111,"id":1113,"length":55.3636,"mcpPosition":[-118.757,264.189,164.32],"pipPosition":[-150.354,269.758,143.234],"stabilizedTipPosition":[-164.588,250.928,126.976],"timeVisible":0.058887,"tipPosition":[-169.861,254.626,118.402],"tipVelocity":[-860.998,1020.57,-599.313],"tool":false,"touchDistance":1,"touchZone":"none","type":3,"width":14.7146},{"bases":[[[0.697123,0.205983,-0.686725],[0.246241,0.830784,0.499163],[0.673339,-0.517077,0.528437]],[[0.628575,0.255132,-0.734712],[0.0234316,0.938023,0.34578],[0.777396,-0.234564,0.583639]],[[0.628575,0.255132,-0.734712],[-0.247774,0.961134,0.121778],[0.737226,0.105496,0.66736]],[[0.628575,0.255132,-0.734712],[-0.417479,0.907717,-0.0419601],[0.656205,0.333101,0.677081]]],"btipPosition":[-149.936,269.229,115.15],"carpPosition":[-70.7346,243.106,180.397],"dipPosition":[-140.217,274.163,125.179],"direction":[-0.737226,-0.105496,-0.66736],"extended":true,"handId":111,"id":1114,"length":43.404,"mcpPosition":[-104.206,268.809,154.129],"pipPosition":[-127.826,275.936,136.395],"stabilizedTipPosition":[-136.979,257.592,129.802],"timeVisible":0.058887,"tipPosition":[-143.319,263.241,118.472],"tipVelocity":[-652.602,952.083,-665.222],"tool":false,"touchDistance":1,"touchZone":"none","type":4,"width":13.0706}],"r":[[0.998871,0.00102695,0.0474836],[-0.00201897,0.999781,0.0208486],[-0.0474518,-0.020921,0.998654]],"s":1.14059,"t":[-10.0193,5.63195,-23.6279],"timestamp":87154201609},{"currentFrameRate":33.3368,"devices":[],"gestures":[],"hands":[{"armBasis":[[0.403196,0.702347,-0.586636],[-0.234602,0.698961,0.675585],[0.884531,-0.134767,0.44659]],"armWidth":52.709,"confidence":0.379973,"direction":[-0.8407,0.445807,-0.307375],"elbow":[138.737,198.001,285.31],"grabAngle":1.02369,"grabStrength":0,"id":111,"palmNormal":[-0.0195001,-0.592192,-0.805561],"palmPosition":[-124.741,248.71,160.952],"palmVelocity":[-613.821,232.204,-873.233],"palmWidth":78.0034,"pinchDistance":29.3946,"pinchStrength":0.74346,"r":[[0.997183,0.0060034,0.07476],[-0.00957881,0.998823,0.0475589],[-0.0743864,-0.0481411,0.996067]],"s":1.23444,"sphereCenter":[-133.923,222.858,101.679],"sphereRadius":64.0254,"stabilizedPalmPosition":[-103.934,238.96,199.548],"t":[-18.6575,9.34122,-37.8251],"timeVisible":0.075935,"type":"right","wrist":[-66,229.195,181.941]}],"id":64071,"interactionBox":{"center":[0,200,0],"size":[235.247,235.247,147.751]},"pointables":[{"bases":[[[0.0711508,0.886769,0.456703],[-0.0986979,-0.449357,0.887883],[0.992571,-0.108249,0.0555501]],[[-0.378157,0.842242,0.384222],[-0.392749,-0.521802,0.757279],[0.838299,0.135467,0.528112]],[[-0.378157,0.842242,0.384222],[-0.590026,-0.5391,0.601033],[0.713349,0.000583545,0.700809]],[[-0.378157,0.842242,0.384222],[-0.784192,-0.512011,0.350552],[0.491975,-0.16874,0.8541]]],"btipPosition":[-159.821,209.036,120.369],"carpPosition":[-93.1538,211.456,180.678],"dipPosition":[-149.927,205.642,137.546],"direction":[-0.713349,-0.000583545,-0.700809],"extended":false,"handId":111,"id":1110,"length":44.7838,"mcpPosition":[-93.1538,211.456,180.678],"pipPosition":[-129.027,205.659,158.078],"stabilizedTipPosition":[-141.469,200.738,190.284],"timeVisible":0.075935,"tipPosition":[-160.091,211.701,128.311],"tipVelocity":[-473.274,226.282,-1122.65],"tool":false,"touchDistance":1,"touchZone":"none","type":0,"width":16.4834},{"bases":[[[0.392312,0.736564,-0.550967],[-0.117133,0.634114,0.764316],[0.912344,-0.235314,0.335047]],[[0.369156,0.74227,-0.559249],[-0.594937,0.651037,0.471383],[0.713985,0.158704,0.681937]],[[0.369156,0.74227,-0.559249],[-0.908852,0.414069,-0.0503482],[0.194196,0.526861,0.827469]],[[0.369156,0.74227,-0.559249],[-0.912881,0.176767,-0.36797],[-0.174277,0.646366,0.742858]]],"btipPosition":[-182.172,218.663,113.46],"carpPosition":[-96.7972,230.113,187.859],"dipPosition":[-184.73,228.153,124.366],"direction":[-0.194196,-0.526861,-0.827469],"extended":false,"handId":111,"id":1111,"length":50.5335,"mcpPosition":[-154.338,244.955,166.728],"pipPosition":[-180.697,239.096,141.552],"stabilizedTipPosition":[-157.562,216.614,176.616],"timeVisible":0.075935,"tipPosition":[-179.021,224.138,119.391],"tipVelocity":[-709.677,443.81,-1126.48],"tool":false,"touchDistance":1,"touchZone":"none","type":1,"width":15.7449},{"bases":[[[0.526148,0.579035,-0.622806],[-0.0290632,0.74419,0.667336],[0.849896,-0.333017,0.408383]],[[0.479038,0.596327,-0.64414],[-0.276317,0.798954,0.534155],[0.833169,-0.0778935,0.547505]],[[0.479038,0.596327,-0.64414],[-0.584199,0.764285,0.273093],[0.655159,0.245484,0.714495]],[[0.479038,0.596327,-0.64414],[-0.724429,0.682975,0.0935315],[0.495707,0.421828,0.759167]]],"btipPosition":[-202.688,249.183,106.231],"carpPosition":[-93.3322,238.849,183.052],"dipPosition":[-194.683,255.995,118.49],"direction":[-0.655159,-0.245484,-0.714495],"extended":true,"handId":111,"id":1112,"length":57.5789,"mcpPosition":[-144.165,258.767,158.626],"pipPosition":[-178.674,261.993,135.949],"stabilizedTipPosition":[-188.806,241.849,124.101],"timeVisible":0.075935,"tipPosition":[-194.483,245.194,107.836],"tipVelocity":[-552.668,397.991,-967.001],"tool":false,"touchDistance":0.349209,"touchZone":"hovering","type":2,"width":15.4636},{"bases":[[[0.646166,0.465959,-0.604443],[0.0357097,0.772662,0.633812],[0.762361,-0.431132,0.482629]],[[0.558418,0.510541,-0.653848],[-0.133,0.83309,0.536909],[0.818828,-0.212858,0.533115]],[[0.558418,0.510541,-0.653848],[-0.401523,0.856052,0.325506],[0.725912,0.0807665,0.683029]],[[0.558418,0.510541,-0.653848],[-0.52759,0.826813,0.195009],[0.64017,0.236067,0.731064]]],"btipPosition":[-188.372,271.337,102.371],"carpPosition":[-88.4384,245.726,176.753],"dipPosition":[-178.094,275.127,114.109],"direction":[-0.725912,-0.0807665,-0.683029],"extended":true,"handId":111,"id":1113,"length":55.3636,"mcpPosition":[-129.377,268.878,150.836],"pipPosition":[-160.814,277.05,130.368],"stabilizedTipPosition":[-175.656,261.924,115.657],"timeVisible":0.075935,"tipPosition":[-180.624,264.666,103.139],"tipVelocity":[-648.628,671.012,-793.173],"tool":false,"touchDistance":0.427135,"touchZone":"hovering","type":3,"width":14.7146},{"bases":[[[0.715216,0.278814,-0.640881],[0.202989,0.794585,0.572216],[0.668776,-0.53935,0.511704]],[[0.65548,0.323863,-0.682245],[0.0535185,0.881191,0.469721],[0.753314,-0.344406,0.560271]],[[0.65548,0.323863,-0.682245],[-0.201536,0.945634,0.255263],[0.727825,-0.029823,0.685115]],[[0.65548,0.323863,-0.682245],[-0.37502,0.923714,0.0781804],[0.655519,0.20461,0.726931]]],"btipPosition":[-159.439,282.622,102.306],"carpPosition":[-81.3643,247.876,167.047],"dipPosition":[-149.73,285.652,113.073],"direction":[-0.727825,0.029823,-0.685115],"extended":true,"handId":111,"id":1114,"length":43.404,"mcpPosition":[-114.609,274.686,141.611],"pipPosition":[-137.497,285.151,124.587],"stabilizedTipPosition":[-146.215,269.338,118.378],"timeVisible":0.075935,"tipPosition":[-153.622,274.429,104.321],"tipVelocity":[-557.559,759.883,-743.488],"tool":false,"touchDistance":1,"touchZone":"none","type":4,"width":13.0706}],"r":[[0.997183,0.0060034,0.07476],[-0.00957881,0.998823,0.0475589],[-0.0743864,-0.0481411,0.996067]],"s":1.23444,"t":[-18.6575,9.34122,-37.8251],"timestamp":87154218657},{"currentFrameRate":35.3677,"devices":[],"gestures":[],"hands":[{"armBasis":[[0.370533,0.748921,-0.549384],[-0.240957,0.648743,0.721854],[0.89702,-0.135093,0.420839]],"armWidth":52.709,"confidence":0.455086,"direction":[-0.849284,0.407251,-0.335951],"elbow":[132.565,202.008,267.772],"grabAngle":0.934165,"grabStrength":0,"id":111,"palmNormal":[0.0500327,-0.571395,-0.819148],"palmPosition":[-133.967,250.432,147.735],"palmVelocity":[-533.713,99.6393,-764.614],"palmWidth":78.0034,"pinchDistance":37.584,"pinchStrength":0.510691,"r":[[0.994169,0.0198496,0.10599],[-0.0277168,0.996926,0.0732763],[-0.10421,-0.0757868,0.991664]],"s":1.31304,"sphereCenter":[-138.294,227.196,85.132],"sphereRadius":66.6053,"stabilizedPalmPosition":[-107.919,240.483,192.673],"t":[-27.5898,12.0571,-51.5327],"timeVisible":0.093222,"type":"right","wrist":[-75.0627,233.277,170.363]}],"id":64072,"interactionBox":{"center":[0,200,0],"size":[235.247,235.247,147.751]},"pointables":[{"bases":[[[0.00101039,0.877247,0.480039],[-0.113897,-0.476814,0.871594],[0.993492,-0.0555557,0.0994341]],[[-0.455929,0.804552,0.380559],[-0.401826,-0.567604,0.718583],[0.794144,0.174704,0.582077]],[[-0.455929,0.804552,0.380559],[-0.594769,-0.593516,0.542207],[0.662101,0.0208631,0.749124]],[[-0.455929,0.804552,0.380559],[-0.767523,-0.571902,0.289546],[0.450597,-0.160075,0.878259]]],"btipPosition":[-163.736,209.585,103.526],"carpPosition":[-101.292,214.453,168.046],"dipPosition":[-154.675,206.366,121.188],"direction":[-0.662101,-0.0208631,-0.749124],"extended":false,"handId":111,"id":1110,"length":44.7838,"mcpPosition":[-101.292,214.453,168.046],"pipPosition":[-135.276,206.977,143.137],"stabilizedTipPosition":[-142.144,201.009,187.52],"timeVisible":0.093222,"tipPosition":[-165.291,212.06,112.124],"tipVelocity":[-237.552,34.122,-967.857],"tool":false,"touchDistance":1,"touchZone":"none","type":0,"width":16.4834},{"bases":[[[0.375502,0.770762,-0.514708],[-0.186764,0.606882,0.772537],[0.907809,-0.193961,0.371836]],[[0.341832,0.777379,-0.528046],[-0.596934,0.613591,0.51689],[0.725824,0.138519,0.673789]],[[0.341832,0.777379,-0.528046],[-0.899765,0.432912,0.0548593],[0.271244,0.456365,0.847442]],[[0.341832,0.777379,-0.528046],[-0.938195,0.249874,-0.239484],[-0.054225,0.577274,0.814748]]],"btipPosition":[-195.176,221.859,97.5911],"carpPosition":[-106.288,232.694,175.48],"dipPosition":[-195.972,230.334,109.553],"direction":[-0.271244,-0.456365,-0.847442],"extended":false,"handId":111,"id":1111,"length":50.5335,"mcpPosition":[-163.543,244.927,152.029],"pipPosition":[-190.338,239.813,127.154],"stabilizedTipPosition":[-161.593,217.381,168.481],"timeVisible":0.093222,"tipPosition":[-188.707,223.948,102.099],"tipVelocity":[-728.811,171.374,-903.903],"tool":false,"touchDistance":1,"touchZone":"none","type":1,"width":15.7449},{"bases":[[[0.520998,0.622643,-0.583846],[-0.100616,0.724046,0.682374],[0.847607,-0.296772,0.439874]],[[0.468766,0.639457,-0.609388],[-0.325234,0.766364,0.553994],[0.821268,-0.0614996,0.567218]],[[0.468766,0.639457,-0.609388],[-0.65125,0.716274,0.250649],[0.596768,0.279368,0.752211]],[[0.468766,0.639457,-0.609388],[-0.782272,0.620941,0.0498252],[0.410255,0.453351,0.791305]]],"btipPosition":[-209.016,247.876,90.0841],"carpPosition":[-103.098,241.726,171.045],"dipPosition":[-202.391,255.197,102.862],"direction":[-0.596768,-0.279368,-0.752211],"extended":true,"handId":111,"id":1112,"length":57.5789,"mcpPosition":[-153.793,259.476,144.736],"pipPosition":[-187.809,262.023,121.243],"stabilizedTipPosition":[-193.867,243.938,115.684],"timeVisible":0.093222,"tipPosition":[-201.199,244.718,91.4142],"tipVelocity":[-384.457,-68.8402,-927.169],"tool":false,"touchDistance":0.335853,"touchZone":"hovering","type":2,"width":15.4636},{"bases":[[[0.646144,0.515819,-0.562519],[-0.0360646,0.756851,0.652592],[0.762363,-0.401381,0.507638]],[[0.562662,0.555055,-0.612637],[-0.169174,0.802702,0.571882],[0.809192,-0.218134,0.545551]],[[0.562662,0.555055,-0.612637],[-0.412596,0.830727,0.373707],[0.716363,0.0425008,0.696433]],[[0.562662,0.555055,-0.612637],[-0.517564,0.814385,0.262497],[0.644623,0.169382,0.7455]]],"btipPosition":[-197.72,275.217,88.391],"carpPosition":[-98.3113,249.019,165.144],"dipPosition":[-187.37,277.936,100.36],"direction":[-0.716363,-0.0425008,-0.696433],"extended":true,"handId":111,"id":1113,"length":55.3636,"mcpPosition":[-139.25,270.573,137.884],"pipPosition":[-170.317,278.948,116.938],"stabilizedTipPosition":[-183.608,267.547,105.754],"timeVisible":0.093222,"tipPosition":[-189.713,267.432,88.5592],"tipVelocity":[-539.754,210.154,-805.632],"tool":false,"touchDistance":0.334287,"touchZone":"hovering","type":3,"width":14.7146},{"bases":[[[0.727054,0.333705,-0.600028],[0.132369,0.789412,0.599423],[0.673699,-0.515238,0.529773]],[[0.69252,0.359007,-0.625724],[0.0575039,0.837144,0.543952],[0.719103,-0.412679,0.559095]],[[0.69252,0.359007,-0.625724],[-0.181643,0.926206,0.330375],[0.698156,-0.115134,0.706627]],[[0.69252,0.359007,-0.625724],[-0.356674,0.924338,0.135587],[0.627057,0.129282,0.768171]]],"btipPosition":[-167.293,289.971,89.2564],"carpPosition":[-90.9332,251.799,155.833],"dipPosition":[-158.006,291.885,100.634],"direction":[-0.698156,0.115134,-0.706627],"extended":true,"handId":111,"id":1114,"length":43.404,"mcpPosition":[-124.422,277.411,129.498],"pipPosition":[-146.272,289.95,112.51],"stabilizedTipPosition":[-153.433,277.368,108.279],"timeVisible":0.093222,"tipPosition":[-162.672,280.271,90.8558],"tipVelocity":[-459.94,410.27,-746.735],"tool":false,"touchDistance":1,"touchZone":"none","type":4,"width":13.0706}],"r":[[0.994169,0.0198496,0.10599],[-0.0277168,0.996926,0.0732763],[-0.10421,-0.0757868,0.991664]],"s":1.31304,"t":[-27.5898,12.0571,-51.5327],"timestamp":87154235944},{"currentFrameRate":37.2025,"devices":[],"gestures":[],"hands":[{"armBasis":[[0.366203,0.767694,-0.525872],[-0.245543,0.62482,0.741154],[0.897554,-0.142289,0.417313]],"armWidth":52.709,"confidence":0.524844,"direction":[-0.847137,0.37359,-0.377875],"elbow":[127.124,201.096,255.569],"grabAngle":0.834131,"grabStrength":0,"id":111,"palmNormal":[0.110284,-0.57203,-0.812784],"palmPosition":[-139.104,249.246,133.954],"palmVelocity":[-294.413,-67.9897,-789.875],"palmWidth":78.0034,"pinchDistance":41.5383,"pinchStrength":0.398298,"r":[[0.989354,0.0378304,0.140526],[-0.0510921,0.994448,0.0919961],[-0.136265,-0.0981965,0.985794]],"s":1.39083,"sphereCenter":[-146.622,226.926,78.0437],"sphereRadius":62.7302,"stabilizedPalmPosition":[-110.651,241.25,187.529],"t":[-34.6241,12.8219,-65.2765],"timeVisible":0.110668,"type":"right","wrist":[-80.6281,234.031,158.976]}],"id":64073,"interactionBox":{"center":[0,200,0],"size":[235.247,235.247,147.751]},"pointables":[{"bases":[[[-0.0547773,0.878375,0.474823],[-0.137048,-0.47765,0.867795],[0.989049,-0.0175381,0.146544]],[[-0.510236,0.78494,0.351465],[-0.422787,-0.584803,0.692284],[0.748939,0.204633,0.63025]],[[-0.510236,0.78494,0.351465],[-0.594834,-0.617241,0.514963],[0.621154,0.0536891,0.781848]],[[-0.510236,0.78494,0.351465],[-0.75473,-0.604608,0.254621],[0.412361,-0.135344,0.900911]]],"btipPosition":[-164.638,206.996,87.984],"carpPosition":[-106.096,214.604,155.979],"dipPosition":[-156.345,204.274,106.102],"direction":[-0.621154,-0.0536891,-0.781848],"extended":false,"handId":111,"id":1110,"length":44.7838,"mcpPosition":[-106.096,214.604,155.979],"pipPosition":[-138.146,205.847,129.009],"stabilizedTipPosition":[-142.513,201.105,185.81],"timeVisible":0.110668,"tipPosition":[-166.998,209.417,96.8485],"tipVelocity":[-61.7923,-141.885,-884.858],"tool":false,"touchDistance":1,"touchZone":"none","type":0,"width":16.4834},{"bases":[[[0