{"frames":123,"data":[{"currentFrameRate":57.6558,"devices":[],"gestures":[],"hands":[],"id":605837,"interactionBox":{"center":[0,200,0],"size":[235.247,235.247,147.751]},"pointables":[],"r":[[0.742066,0.669097,-0.0405875],[-0.669945,0.738239,-0.0785878],[-0.0226196,0.0855088,0.996081]],"s":12.1645,"t":[1178.21,-2062.29,30.8195],"timestamp":215988400169},{"currentFrameRate":57.6697,"devices":[],"gestures":[],"hands":[],"id":605838,"interactionBox":{"center":[0,200,0],"size":[235.247,235.247,147.751]},"pointables":[],"r":[[0.742066,0.669097,-0.0405875],[-0.669945,0.738239,-0.0785878],[-0.0226196,0.0855088,0.996081]],"s":12.1645,"t":[1178.21,-2062.29,30.8195],"timestamp":215988417463},{"currentFrameRate":57.6587,"devices":[],"gestures":[],"hands":[],"id":605839,"interactionBox":{"center":[0,200,0],"size":[235.247,235.247,147.751]},"pointables":[],"r":[[0.742066,0.669097,-0.0405875],[-0.669945,0.738239,-0.0785878],[-0.0226196,0.0855088,0.996081]],"s":12.1645,"t":[1178.21,-2062.29,30.8195],"timestamp":215988434843},{"currentFrameRate":57.6298,"devices":[],"gestures":[],"hands":[],"id":605840,"interactionBox":{"center":[0,200,0],"size":[235.247,235.247,147.751]},"pointables":[],"r":[[0.742066,0.669097,-0.0405875],[-0.669945,0.738239,-0.0785878],[-0.0226196,0.0855088,0.996081]],"s":12.1645,"t":[1178.21,-2062.29,30.8195],"timestamp":215988452291},{"currentFrameRate":57.6555,"devices":[],"gestures":[],"hands":[],"id":605841,"interactionBox":{"center":[0,200,0],"size":[235.247,235.247,147.751]},"pointables":[],"r":[[0.742066,0.669097,-0.0405875],[-0.669945,0.738239,-0.0785878],[-0.0226196,0.0855088,0.996081]],"s":12.1645,"t":[1178.21,-2062.29,30.8195],"timestamp":215988469550},{"currentFrameRate":57.6617,"devices":[],"gestures":[],"hands":[],"id":605842,"interactionBox":{"center":[0,200,0],"size":[235.247,235.247,147.751]},"pointables":[],"r":[[0.742066,0.669097,-0.0405875],[-0.669945,0.738239,-0.0785878],[-0.0226196,0.0855088,0.996081]],"s":12.1645,"t":[1178.21,-2062.29,30.8195],"timestamp":215988486872},{"currentFrameRate":57.6478,"devices":[],"gestures":[],"hands":[],"id":605843,"interactionBox":{"center":[0,200,0],"size":[235.247,235.247,147.751]},"pointables":[],"r":[[0.742066,0.669097,-0.0405875],[-0.669945,0.738239,-0.0785878],[-0.0226196,0.0855088,0.996081]],"s":12.1645,"t":[1178.21,-2062.29,30.8195],"timestamp":215988504265},{"currentFrameRate":57.6331,"devices":[],"gestures":[],"hands":[],"id":605844,"interactionBox":{"center":[0,200,0],"size":[235.247,235.247,147.751]},"pointables":[],"r":[[0.742066,0.669097,-0.0405875],[-0.669945,0.738239,-0.0785878],[-0.0226196,0.0855088,0.996081]],"s":12.1645,"t":[1178.21,-2062.29,30.8195],"timestamp":215988521665},{"currentFrameRate":57.6591,"devices":[],"gestures":[],"hands":[],"id":605845,"interactionBox":{"center":[0,200,0],"size":[235.247,235.247,147.751]},"pointables":[],"r":[[0.742066,0.669097,-0.0405875],[-0.669945,0.738239,-0.0785878],[-0.0226196,0.0855088,0.996081]],"s":12.1645,"t":[1178.21,-2062.29,30.8195],"timestamp":215988538922},{"currentFrameRate":57.655,"devices":[],"gestures":[],"hands":[],"id":605846,"interactionBox":{"center":[0,200,0],"size":[235.247,235.247,147.751]},"pointables":[],"r":[[0.742066,0.669097,-0.0405875],[-0.669945,0.738239,-0.0785878],[-0.0226196,0.0855088,0.996081]],"s":12.1645,"t":[1178.21,-2062.29,30.8195],"timestamp":215988556280},{"currentFrameRate":57.6596,"devices":[],"gestures":[],"hands":[],"id":605847,"interactionBox":{"center":[0,200,0],"size":[235.247,235.247,147.751]},"pointables":[],"r":[[0.742066,0.669097,-0.0405875],[-0.669945,0.738239,-0.0785878],[-0.0226196,0.0855088,0.996081]],"s":12.1645,"t":[1178.21,-2062.29,30.8195],"timestamp":215988573608},{"currentFrameRate":57.6536,"devices":[],"gestures":[],"hands":[],"id":605848,"interactionBox":{"center":[0,200,0],"size":[235.247,235.247,147.751]},"pointables":[],"r":[[0.742066,0.669097,-0.0405875],[-0.669945,0.738239,-0.0785878],[-0.0226196,0.0855088,0.996081]],"s":12.1645,"t":[1178.21,-2062.29,30.8195],"timestamp":215988590973},{"currentFrameRate":57.6582,"devices":[],"gestures":[],"hands":[],"id":605849,"interactionBox":{"center":[0,200,0],"size":[235.247,235.247,147.751]},"pointables":[],"r":[[0.742066,0.669097,-0.0405875],[-0.669945,0.738239,-0.0785878],[-0.0226196,0.0855088,0.996081]],"s":12.1645,"t":[1178.21,-2062.29,30.8195],"timestamp":215988608301},{"currentFrameRate":57.6808,"devices":[],"gestures":[],"hands":[],"id":605850,"interactionBox":{"center":[0,200,0],"size":[235.247,235.247,147.751]},"pointables":[],"r":[[0.742066,0.669097,-0.0405875],[-0.669945,0.738239,-0.0785878],[-0.0226196,0.0855088,0.996081]],"s":12.1645,"t":[1178.21,-2062.29,30.8195],"timestamp":215988625563},{"currentFrameRate":57.5979,"devices":[],"gestures":[],"hands":[],"id":605851,"interactionBox":{"center":[0,200,0],"size":[235.247,235.247,147.751]},"pointables":[],"r":[[0.742066,0.669097,-0.0405875],[-0.669945,0.738239,-0.0785878],[-0.0226196,0.0855088,0.996081]],"s":12.1645,"t":[1178.21,-2062.29,30.8195],"timestamp":215988643200},{"currentFrameRate":57.6492,"devices":[],"gestures":[],"hands":[],"id":605852,"interactionBox":{"center":[0,200,0],"size":[235.247,235.247,147.751]},"pointables":[],"r":[[0.742066,0.669097,-0.0405875],[-0.669945,0.738239,-0.0785878],[-0.0226196,0.0855088,0.996081]],"s":12.1645,"t":[1178.21,-2062.29,30.8195],"timestamp":215988660376},{"currentFrameRate":57.6647,"devices":[],"gestures":[],"hands":[],"id":605853,"interactionBox":{"center":[0,200,0],"size":[235.247,235.247,147.751]},"pointables":[],"r":[[0.742066,0.669097,-0.0405875],[-0.669945,0.738239,-0.0785878],[-0.0226196,0.0855088,0.996081]],"s":12.1645,"t":[1178.21,-2062.29,30.8195],"timestamp":215988677666},{"currentFrameRate":57.6765,"devices":[],"gestures":[],"hands":[],"id":605854,"interactionBox":{"center":[0,200,0],"size":[235.247,235.247,147.751]},"pointables":[],"r":[[0.742066,0.669097,-0.0405875],[-0.669945,0.738239,-0.0785878],[-0.0226196,0.0855088,0.996081]],"s":12.1645,"t":[1178.21,-2062.29,30.8195],"timestamp":215988694965},{"currentFrameRate":57.6804,"devices":[],"gestures":[],"hands":[],"id":605855,"interactionBox":{"center":[0,200,0],"size":[235.247,235.247,147.751]},"pointables":[],"r":[[0.742066,0.669097,-0.0405875],[-0.669945,0.738239,-0.0785878],[-0.0226196,0.0855088,0.996081]],"s":12.1645,"t":[1178.21,-2062.29,30.8195],"timestamp":215988712289},{"currentFrameRate":57.6677,"devices":[],"gestures":[],"hands":[{"armBasis":[[-0.786111,0.209571,-0.581472],[0.454706,0.833305,-0.314397],[0.418655,-0.511549,-0.750363]],"armWidth":57.5436,"confidence":0,"direction":[-0.0579665,0.767863,0.637986],"elbow":[197.608,88.9461,-344.374],"grabAngle":0.18283,"grabStrength":0,"id":342,"palmNormal":[-0.525538,-0.566814,0.634454],"palmPosition":[91.7188,259.673,-110.914],"palmVelocity":[1.19209e-7,1.19209e-7,1.19209e-7],"palmWidth":82.1703,"pinchDistance":59.6989,"pinchStrength":0,"r":[[1,2.77556e-18,-8.32667e-18],[-2.77556e-18,1,4.44089e-17],[8.32667e-18,-4.44089e-17,1]],"s":1,"sphereCenter":[87.3448,306.1,-107.033],"sphereRadius":52.0232,"stabilizedPalmPosition":[91.7188,259.673,-110.914],"t":[0,0,0],"timeVisible":0,"type":"right","wrist":[95.5275,213.677,-161.413]}],"id":605856,"interactionBox":{"center":[0,200,0],"size":[235.247,235.247,147.751]},"pointables":[{"bases":[[[0.117192,0.776928,-0.618586],[0.940754,-0.286421,-0.181509],[-0.318196,-0.560666,-0.764464]],[[0.120377,0.782511,-0.61089],[0.921488,-0.316985,-0.224456],[-0.369282,-0.535908,-0.759232]],[[0.120377,0.782511,-0.61089],[0.973858,-0.212496,-0.0802925],[-0.192641,-0.585254,-0.787634]],[[0.120377,0.782511,-0.61089],[0.988764,-0.039572,0.144149],[0.088624,-0.621378,-0.778482]]],"btipPosition":[128.364,266.219,-57.1236],"carpPosition":[107.658,210.907,-132.054],"dipPosition":[130.237,253.086,-73.5769],"direction":[0.192641,0.585254,0.787634],"extended":true,"handId":342,"id":3420,"length":47.0647,"mcpPosition":[107.658,210.907,-132.054],"pipPosition":[124.305,235.065,-97.8287],"stabilizedTipPosition":[128.795,263.198,-60.9079],"timeVisible":0,"tipPosition":[128.795,263.198,-60.9079],"tipVelocity":[1.19209e-7,1.19209e-7,1.19209e-7],"tool":false,"touchDistance":0.333333,"touchZone":"none","type":0,"width":18.2872},{"bases":[[[-0.923906,-0.137825,-0.356934],[0.191253,0.641617,-0.742798],[0.331392,-0.754541,-0.566435]],[[-0.980574,0.0913127,-0.1736],[0.194278,0.574101,-0.795402],[0.0270334,-0.813677,-0.580688]],[[-0.980574,0.0913127,-0.1736],[0.161523,0.878033,-0.450519],[0.111288,-0.469808,-0.875726]],[[-0.980574,0.0913127,-0.1736],[0.141623,0.941922,-0.304508],[0.135712,-0.323178,-0.936556]]],"btipPosition":[56.9737,316.558,-71.3125],"carpPosition":[79.2683,237.735,-149.563],"dipPosition":[59.0862,311.527,-85.891],"direction":[-0.111288,0.469808,0.875726],"extended":true,"handId":342,"id":3424,"length":45.6147,"mcpPosition":[61.9151,277.247,-119.901],"pipPosition":[61.0518,303.229,-101.359],"stabilizedTipPosition":[57.4595,315.401,-74.6656],"timeVisible":0,"tipPosition":[57.4595,315.401,-74.6656],"tipVelocity":[1.19209e-7,1.19209e-7,1.19209e-7],"tool":false,"touchDistance":0.333333,"touchZone":"none","type":4,"width":14.501},{"bases":[[[-0.846476,0.423197,-0.323084],[0.532388,0.665396,-0.523269],[-0.00646727,-0.614941,-0.788547]],[[-0.76502,0.113588,-0.63391],[0.616385,0.414331,-0.669626],[0.186587,-0.90301,-0.386986]],[[-0.76502,0.113588,-0.63391],[0.616385,0.414331,-0.669626],[0.186587,-0.90301,-0.386986]],[[-0.76502,0.113588,-0.63391],[0.616385,0.414331,-0.669626],[0.186587,-0.90301,-0.386986]]],"btipPosition":[96.4347,340.044,-58.4488],"carpPosition":[110.196,230.51,-140.271],"dipPosition":[99.3137,326.111,-64.4198],"direction":[-0.186587,0.90301,0.386986],"extended":true,"handId":342,"id":3421,"length":53.1073,"mcpPosition":[110.626,271.366,-87.881],"pipPosition":[103.386,306.401,-72.8667],"stabilizedTipPosition":[97.0969,336.84,-59.8221],"timeVisible":0,"tipPosition":[97.0969,336.84,-59.8221],"tipVelocity":[1.19209e-7,1.19209e-7,1.19209e-7],"tool":false,"touchDistance":0.333333,"touchZone":"none","type":1,"width":17.4679},{"bases":[[[-0.917841,0.216549,-0.332679],[0.381345,0.713701,-0.587543],[0.110201,-0.666136,-0.737644]],[[-0.908809,0.173081,-0.379618],[0.399922,0.620627,-0.674451],[0.118867,-0.764765,-0.63325]],[[-0.908809,0.173081,-0.379618],[0.341942,0.830328,-0.440036],[0.239046,-0.529716,-0.813793]],[[-0.908809,0.173081,-0.379618],[0.341942,0.830328,-0.440036],[0.239046,-0.529716,-0.813793]]],"btipPosition":[79.3937,334.367,-35.4612],"carpPosition":[101.706,236.516,-144.21],"dipPosition":[83.4504,325.378,-49.2717],"direction":[-0.239046,0.529716,0.813793],"extended":true,"handId":342,"id":3422,"length":60.5115,"mcpPosition":[94.7632,278.486,-97.7342],"pipPosition":[89.5891,311.775,-70.1699],"stabilizedTipPosition":[80.3268,332.3,-38.6376],"timeVisible":0,"tipPosition":[80.3268,332.3,-38.6376],"tipVelocity":[1.19209e-7,1.19209e-7,1.19209e-7],"tool":false,"touchDistance":0.333333,"touchZone":"none","type":2,"width":17.1558},{"bases":[[[-0.917738,0.0617393,-0.392358],[0.318114,0.70575,-0.633025],[0.237825,-0.705766,-0.667334]],[[-0.947593,0.257487,-0.189125],[0.307479,0.574294,-0.758712],[-0.0867451,-0.777102,-0.623369]],[[-0.947593,0.257487,-0.189125],[0.319286,0.78391,-0.532487],[0.0111485,-0.564966,-0.825039]],[[-0.947593,0.257487,-0.189125],[0.31247,0.87029,-0.380733],[0.0665599,-0.419876,-0.905138]]],"btipPosition":[80.4468,332.477,-48.9994],"carpPosition":[91.8021,239.98,-147.814],"dipPosition":[81.5699,325.393,-64.2717],"direction":[-0.0111485,0.564966,0.825039],"extended":true,"handId":342,"id":3423,"length":58.1834,"mcpPosition":[78.3487,279.904,-110.064],"pipPosition":[81.8488,311.259,-84.9116],"stabilizedTipPosition":[80.7051,330.848,-52.512],"timeVisible":0,"tipPosition":[80.7051,330.848,-52.512],"tipVelocity":[1.19209e-7,1.19209e-7,1.19209e-7],"tool":false,"touchDistance":0.333333,"touchZone":"none","type":3,"width":16.3248}],"r":[[1,2.77556e-18,-8.32667e-18],[-2.77556e-18,1,4.44089e-17],[8.32667e-18,-4.44089e-17,1]],"s":1,"t":[0,0,0],"timestamp":215988729672},{"currentFrameRate":57.664,"devices":[],"gestures":[],"hands":[{"armBasis":[[-0.892309,0.187025,-0.41086],[0.29617,0.929418,-0.220151],[0.340687,-0.318127,-0.884719]],"armWidth":57.0082,"confidence":0.0911675,"direction":[0.157421,0.93908,0.305528],"elbow":[172.095,147.945,-365.328],"grabAngle":0.632517,"grabStrength":0,"id":342,"palmNormal":[-0.309627,-0.246849,0.918257],"palmPosition":[99.8963,282.786,-116.056],"palmVelocity":[471.215,1331.86,-296.278],"palmWidth":82.1703,"pinchDistance":50.169,"pinchStrength":0,"r":[[0.997998,-0.0257482,-0.0577631],[0.021436,0.997023,-0.0740689],[0.0594982,0.0726824,0.995579]],"s":1.02452,"sphereCenter":[63.0932,275.189,-11.7022],"sphereRadius":115.345,"stabilizedPalmPosition":[96.87,274.232,-114.153],"t":[4.08873,11.5565,-2.5708],"timeVisible":0.017354,"type":"right","wrist":[89.0257,225.514,-149.608]}],"id":605857,"interactionBox":{"center":[0,200,0],"size":[235.247,235.247,147.751]},"pointables":[{"bases":[[[-0.069686,0.500268,-0.863062],[0.831719,-0.448563,-0.327162],[-0.550807,-0.740623,-0.384824]],[[-0.0678206,0.502773,-0.861754],[0.795568,-0.493969,-0.350808],[-0.602056,-0.709376,-0.366489]],[[-0.0678206,0.502773,-0.861754],[0.954988,-0.217301,-0.201938],[-0.288788,-0.83666,-0.465405]],[[-0.0678206,0.502773,-0.861754],[0.988242,-0.0847846,-0.127241],[-0.137037,-0.860251,-0.491111]]],"btipPosition":[146.513,303.967,-80.593],"carpPosition":[107.608,228.134,-121.775],"dipPosition":[143.622,285.822,-90.9521],"direction":[0.288788,0.83666,0.465405],"extended":true,"handId":342,"id":3420,"length":46.9713,"mcpPosition":[107.608,228.134,-121.775],"pipPosition":[134.748,260.112,-105.254],"stabilizedTipPosition":[138.309,283.615,-73.2197],"timeVisible":0.017354,"tipPosition":[149.465,298.669,-83.4095],"tipVelocity":[982.679,2108.77,-1271.62],"tool":false,"touchDistance":0.333333,"touchZone":"none","type":0,"width":18.0423},{"bases":[[[-0.972162,0.206623,-0.110486],[0.18982,0.418081,-0.888356],[-0.137362,-0.884599,-0.445664]],[[-0.970754,0.215373,-0.106067],[0.201197,0.4888,-0.848879],[-0.13098,-0.845393,-0.517837]],[[-0.970754,0.215373,-0.106067],[0.236147,0.777029,-0.583489],[-0.0432506,-0.591472,-0.805164]],[[-0.970754,0.215373,-0.106067],[0.225337,0.969824,-0.0930826],[0.0828191,-0.114261,-0.989993]]],"btipPosition":[112.621,358.214,-52.1256],"carpPosition":[98.5703,248.66,-140.104],"dipPosition":[114.023,356.279,-68.893],"direction":[0.0432506,0.591472,0.805164],"extended":true,"handId":342,"id":3422,"length":60.3914,"mcpPosition":[107.225,304.395,-112.024],"pipPosition":[112.915,341.12,-89.5286],"stabilizedTipPosition":[99.5277,347.293,-48.8481],"timeVisible":0.017354,"tipPosition":[112.934,363.272,-61.5626],"tipVelocity":[1879.48,1467.65,-999.451],"tool":false,"touchDistance":0.333333,"touchZone":"none","type":2,"width":16.9261},{"bases":[[[-0.993305,0.0420858,-0.107581],[0.115403,0.403363,-0.907734],[0.00519138,-0.914072,-0.405519]],[[-0.991035,0.108687,-0.0776969],[0.117253,0.428784,-0.895766],[-0.0640433,-0.896845,-0.437684]],[[-0.991035,0.108687,-0.0776969],[0.117253,0.428784,-0.895766],[-0.0640433,-0.896845,-0.437684]],[[-0.991035,0.108687,-0.0776969],[0.133392,0.77228,-0.62112],[-0.00750412,-0.625916,-0.779855]]],"btipPosition":[92.1045,372.691,-77.091],"carpPosition":[88.0939,251.937,-141.715],"dipPosition":[91.9781,362.151,-90.2233],"direction":[0.0640433,0.896845,0.437684],"extended":true,"handId":342,"id":3423,"length":58.0679,"mcpPosition":[87.8002,303.644,-118.776],"pipPosition":[90.3792,339.759,-101.151],"stabilizedTipPosition":[86.6985,351.626,-67.0598],"timeVisible":0.017354,"tipPosition":[98.8084,370.281,-82.7764],"tipVelocity":[655.197,2271.45,-1590.37],"tool":false,"touchDistance":0.333333,"touchZone":"none","type":3,"width":16.1063},{"bases":[[[-0.99135,-0.131221,-0.00231957],[-0.0404947,0.322647,-0.945653],[0.124837,-0.937379,-0.32517]],[[-0.998664,-0.0434851,0.027928],[-0.0393973,0.290823,-0.955965],[0.0334482,-0.955788,-0.292148]],[[-0.998664,-0.0434851,0.027928],[-0.0452487,0.474614,-0.87903],[0.0249697,-0.879119,-0.475947]],[[-0.998664,-0.0434851,0.027928],[-0.0512479,0.763432,-0.643852],[0.00667686,-0.644423,-0.76464]]],"btipPosition":[67.461,355.906,-92.2599],"carpPosition":[75.6079,250.853,-138.866],"dipPosition":[67.5647,345.895,-104.139],"direction":[-0.0249697,0.879119,0.475947],"extended":true,"handId":342,"id":3424,"length":45.5242,"mcpPosition":[69.0708,299.939,-121.839],"pipPosition":[68.0048,330.398,-112.529],"stabilizedTipPosition":[63.1315,337.015,-86.1656],"timeVisible":0.017354,"tipPosition":[73.671,352.471,-94.5861],"tipVelocity":[577.693,2201.4,-1171.28],"tool":false,"touchDistance":0.333333,"touchZone":"none","type":4,"width":14.3068},{"bases":[[[-0.897993,0.393431,-0.197031],[0.352578,0.375488,-0.857145],[-0.263244,-0.839179,-0.4759]],[[-0.928936,0.25104,-0.272135],[0.348153,0.342199,-0.872748],[-0.125971,-0.905471,-0.405282]],[[-0.928936,0.25104,-0.272135],[0.368715,0.560578,-0.741486],[-0.0335898,-0.789133,-0.613304]],[[-0.928936,0.25104,-0.272135],[0.363148,0.760983,-0.537614],[0.0721272,-0.598234,-0.798069]]],"btipPosition":[129.755,360.526,-63.911],"carpPosition":[107.766,243.309,-136.872],"dipPosition":[130.865,351.314,-76.2004],"direction":[0.0335898,0.789133,0.613303],"extended":true,"handId":342,"id":3421,"length":53.0019,"mcpPosition":[125.256,299.063,-105.254],"pipPosition":[130.134,334.123,-89.5607],"stabilizedTipPosition":[117.984,350.527,-64.2107],"timeVisible":0.017354,"tipPosition":[128.325,361.221,-74.008],"tipVelocity":[1896.58,1242.8,-398.495],"tool":false,"touchDistance":0.333333,"touchZone":"none","type":1,"width":17.234}],"r":[[0.997998,-0.0257482,-0.0577631],[0.021436,0.997023,-0.0740689],[0.0594982,0.0726824,0.995579]],"s":1.02452,"t":[4.08873,11.5565,-2.5708],"timestamp":215988747026},{"currentFrameRate":57.6651,"devices":[],"gestures":[],"hands":[{"armBasis":[[-0.902686,0.288616,-0.319153],[0.36165,0.910773,-0.199253],[0.233168,-0.295285,-0.92652]],"armWidth":57.0082,"confidence":0.18075,"direction":[0.199494,0.9369,0.287088],"elbow":[147.14,162.979,-372.648],"grabAngle":0.628579,"grabStrength":0,"id":342,"palmNormal":[-0.379818,-0.196141,0.904028],"palmPosition":[104.372,291.804,-113.344],"palmVelocity":[258.159,520.153,156.438],"palmWidth":82.1703,"pinchDistance":41.0544,"pinchStrength":0.243398,"r":[[0.994004,-0.0625851,-0.0896581],[0.0496793,0.988966,-0.139565],[0.0974034,0.134274,0.986146]],"s":1.08428,"sphereCenter":[85.3773,281.662,-3.81151],"sphereRadius":115.841,"stabilizedPalmPosition":[102.191,286.696,-113.579],"t":[8.37108,21.844,-2.50004],"timeVisible":0.034692,"type":"right","wrist":[90.2871,234.978,-146.736]}],"id":605858,"interactionBox":{"center":[0,200,0],"size":[235.247,235.247,147.751]},"pointables":[{"bases":[[[0.015164,0.474703,-0.880016],[0.81897,-0.510821,-0.261438],[-0.573636,-0.716742,-0.396513]],[[0.012032,0.470783,-0.882167],[0.776049,-0.560735,-0.28866],[-0.630558,-0.681132,-0.372097]],[[0.012032,0.470783,-0.882167],[0.893705,-0.400766,-0.201686],[-0.448493,-0.785971,-0.425563]],[[0.012032,0.470783,-0.882167],[0.986245,-0.151035,-0.0671508],[-0.164852,-0.869225,-0.466124]]],"btipPosition":[154.526,309.806,-77.2838],"carpPosition":[108.842,236.614,-116.967],"dipPosition":[151.049,291.471,-87.1158],"direction":[0.448493,0.785971,0.425563],"extended":true,"handId":342,"id":3420,"length":46.9713,"mcpPosition":[108.842,236.614,-116.967],"pipPosition":[137.267,267.319,-100.193],"stabilizedTipPosition":[148.106,297.579,-77.2395],"timeVisible":0.034692,"tipPosition":[153.05,305.599,-78.5147],"tipVelocity":[454.383,334.268,197.857],"tool":false,"touchDistance":0.333333,"touchZone":"none","type":0,"width":18.0423},{"bases":[[[-0.856975,0.442589,-0.264024],[0.427287,0.32377,-0.844156],[-0.288131,-0.836235,-0.466575]],[[-0.767872,0.622846,-0.149786],[0.468612,0.386716,-0.794263],[-0.436779,-0.680084,-0.588821]],[[-0.767872,0.622846,-0.149786],[0.622801,0.671098,-0.402178],[-0.149974,-0.402108,-0.903226]],[[-0.767872,0.622846,-0.149786],[0.626751,0.778804,0.0254384],[0.132498,-0.074345,-0.988391]]],"btipPosition":[148.179,343.035,-43.7685],"carpPosition":[110.897,251.239,-132.463],"dipPosition":[150.22,341.89,-58.9886],"direction":[0.149974,0.402108,0.903226],"extended":true,"handId":342,"id":3421,"length":53.0019,"mcpPosition":[130.04,306.797,-101.464],"pipPosition":[146.952,333.131,-78.6647],"stabilizedTipPosition":[136.057,345.956,-54.2254],"timeVisible":0.034692,"tipPosition":[145.332,349.428,-53.3762],"tipVelocity":[1075.01,-901.812,1122.88],"tool":false,"touchDistance":0.333333,"touchZone":"none","type":1,"width":17.234},{"bases":[[[-0.948225,0.263818,-0.17683],[0.269824,0.375496,-0.886678],[-0.167523,-0.888483,-0.427239]],[[-0.910879,0.398132,-0.108585],[0.281644,0.407438,-0.868718],[-0.301623,-0.821879,-0.483259]],[[-0.910879,0.398132,-0.108585],[0.350244,0.606686,-0.713625],[-0.21824,-0.688057,-0.692061]],[[-0.910879,0.398132,-0.108585],[0.410929,0.850894,-0.327285],[-0.0379086,-0.342738,-0.938666]]],"btipPosition":[132.174,372.172,-54.8699],"carpPosition":[102.28,257.05,-136.417],"dipPosition":[131.531,366.368,-70.7679],"direction":[0.21824,0.688057,0.692061],"extended":true,"handId":342,"id":3422,"length":60.3914,"mcpPosition":[112.835,313.029,-109.498],"pipPosition":[125.938,348.733,-88.5047],"stabilizedTipPosition":[122.202,363.72,-55.6006],"timeVisible":0.034692,"tipPosition":[126.063,371.886,-59.4642],"tipVelocity":[1100.62,753.722,-146.746],"tool":false,"touchDistance":0.333333,"touchZone":"none","type":2,"width":16.9261},{"bases":[[[-0.980167,0.101133,-0.170426],[0.19591,0.364871,-0.910213],[-0.0298688,-0.925549,-0.377447]],[[-0.965113,0.236169,-0.113055],[0.189211,0.330605,-0.924608],[-0.180988,-0.913742,-0.363757]],[[-0.965113,0.236169,-0.113055],[0.220883,0.502506,-0.835881],[-0.140599,-0.831692,-0.537141]],[[-0.965113,0.236169,-0.113055],[0.240154,0.626393,-0.741592],[-0.104325,-0.74287,-0.661257]]],"btipPosition":[106.4,383.353,-78.2277],"carpPosition":[92.1555,260.926,-138.773],"dipPosition":[104.644,370.843,-89.3629],"direction":[0.140599,0.831692,0.537141],"extended":true,"handId":342,"id":3423,"length":58.0679,"mcpPosition":[93.8451,313.283,-117.422],"pipPosition":[101.133,350.078,-102.774],"stabilizedTipPosition":[99.2771,370.43,-76.0086],"timeVisible":0.034692,"tipPosition":[106.684,380.318,-82.182],"tipVelocity":[802.913,588.816,-39.07],"tool":false,"touchDistance":0.333333,"touchZone":"none","type":3,"width":16.1063},{"bases":[[[-0.995842,-0.068356,-0.0602142],[0.0376599,0.292946,-0.955387],[0.0829459,-0.953683,-0.289153]],[[-0.997713,-0.042676,-0.0524138],[0.0372696,0.299564,-0.953348],[0.0563864,-0.953121,-0.297289]],[[-0.997713,-0.042676,-0.0524138],[0.0285763,0.436413,-0.899293],[0.0612523,-0.898734,-0.434196]],[[-0.997713,-0.042676,-0.0524138],[0.0139167,0.629143,-0.777165],[0.0661421,-0.776117,-0.62711]]],"btipPosition":[71.2288,368.942,-94.6652],"carpPosition":[79.4765,260.728,-136.677],"dipPosition":[72.2563,356.885,-104.407],"direction":[-0.0612523,0.898734,0.434196],"extended":true,"handId":342,"id":3424,"length":45.5242,"mcpPosition":[75.133,310.668,-121.535],"pipPosition":[73.3361,341.042,-112.061],"stabilizedTipPosition":[68.7649,356.723,-93.4259],"timeVisible":0.034692,"tipPosition":[79.239,364.24,-95.8935],"tipVelocity":[229.572,724.724,-110.386],"tool":false,"touchDistance":0.333333,"touchZone":"none","type":4,"width":14.3068}],"r":[[0.994004,-0.0625851,-0.0896581],[0.0496793,0.988966,-0.139565],[0.0974034,0.134274,0.986146]],"s":1.08428,"t":[8.37108,21.844,-2.50004],"timestamp":215988764364},{"currentFrameRate":57.6553,"devices":[],"gestures":[],"hands":[{"armBasis":[[-0.895933,0.108486,-0.430738],[0.370257,0.718102,-0.58927],[0.245387,-0.68743,-0.683539]],"armWidth":57.0082,"confidence":0.267622,"direction":[0.217345,0.946264,0.239469],"elbow":[152.224,71.4066,-304.669],"grabAngle":0.620833,"grabStrength":0,"id":342,"palmNormal":[-0.300128,-0.168662,0.93887],"palmPosition":[107.922,299.591,-111.365],"palmVelocity":[204.282,448.117,113.881],"palmWidth":82.1703,"pinchDistance":36.9224,"pinchStrength":0.419325,"r":[[0.987158,-0.0933511,-0.12963],[0.066308,0.977724,-0.199145],[0.145332,0.187992,0.971359]],"s":1.13031,"sphereCenter":[87.7782,301.319,-16.3729],"sphereRadius":101.537,"stabilizedPalmPosition":[106.653,296.735,-111.855],"t":[12.2872,30.8812,-1.47521],"timeVisible":0.052069,"type":"right","wrist":[92.3916,239.022,-138.002]}],"id":605859,"interactionBox":{"center":[0,200,0],"size":[235.247,235.247,147.751]},"pointables":[{"bases":[[[-0.0628964,0.446536,-0.892552],[0.796898,-0.515932,-0.314272],[-0.600831,-0.73104,-0.323393]],[[-0.00547888,0.514027,-0.857757],[0.805249,-0.506321,-0.308566],[-0.592911,-0.692398,-0.411145]],[[-0.00547888,0.514027,-0.857757],[0.916999,-0.339546,-0.209336],[-0.398852,-0.787709,-0.469502]],[[-0.00547888,0.514027,-0.857757],[0.999975,0.00670278,-0.00237052],[0.00453084,-0.857748,-0.51405]]],"btipPosition":[151.302,317.841,-69.8188],"carpPosition":[112.413,244.33,-113.623],"dipPosition":[151.398,299.749,-80.6617],"direction":[0.398852,0.787709,0.469502],"extended":true,"handId":342,"id":3420,"length":46.9713,"mcpPosition":[112.413,244.33,-113.623],"pipPosition":[139.141,275.543,-95.0893],"stabilizedTipPosition":[149.968,306.893,-74.3896],"timeVisible":0.052069,"tipPosition":[155.234,314.16,-76.7017],"tipVelocity":[-138.225,465.612,416.209],"tool":false,"touchDistance":0.333333,"touchZone":"none","type":0,"width":18.0423},{"bases":[[[-0.87913,0.430893,-0.203624],[0.351724,0.2983,-0.887304],[-0.321592,-0.851674,-0.413799]],[[-0.779903,0.617613,-0.101517],[0.453255,0.445446,-0.772099],[-0.431638,-0.648175,-0.627341]],[[-0.779903,0.617613,-0.101517],[0.60926,0.711963,-0.349157],[-0.143368,-0.334159,-0.931549]],[[-0.779903,0.617613,-0.101517],[0.613626,0.786448,0.0704484],[0.123348,-0.00735084,-0.992336]]],"btipPosition":[152.351,347.537,-42.3321],"carpPosition":[113.048,258.462,-129.689],"dipPosition":[154.251,347.424,-57.6129],"direction":[0.143368,0.334159,0.931549],"extended":true,"handId":342,"id":3421,"length":53.0019,"mcpPosition":[134.414,315.046,-102.197],"pipPosition":[151.128,340.144,-77.906],"stabilizedTipPosition":[147.528,347.022,-48.4812],"timeVisible":0.052069,"tipPosition":[153.21,354.641,-52.5987],"tipVelocity":[238.233,272.714,81.86],"tool":false,"touchDistance":0.333333,"touchZone":"none","type":1,"width":17.234},{"bases":[[[-0.961488,0.254658,-0.10339],[0.190887,0.348082,-0.917824],[-0.197743,-0.902213,-0.383288]],[[-0.920633,0.3879,-0.0443615],[0.194529,0.357215,-0.91354],[-0.338516,-0.849665,-0.404322]],[[-0.920633,0.3879,-0.0443615],[0.2682,0.54575,-0.793868],[-0.283731,-0.742759,-0.60647]],[[-0.920633,0.3879,-0.0443615],[0.344868,0.754669,-0.558158],[-0.183031,-0.529157,-0.828548]]],"btipPosition":[141.626,385.867,-61.7833],"carpPosition":[104.089,264.114,-133.073],"dipPosition":[138.526,376.905,-75.8163],"direction":[0.283731,0.742759,0.60647],"extended":true,"handId":342,"id":3422,"length":60.3914,"mcpPosition":[116.548,320.958,-108.924],"pipPosition":[131.254,357.869,-91.3595],"stabilizedTipPosition":[135.947,378.476,-62.5137],"timeVisible":0.052069,"tipPosition":[135.525,382.044,-62.84],"tipVelocity":[511.418,746.324,-373.166],"tool":false,"touchDistance":0.333333,"touchZone":"none","type":2,"width":16.9261},{"bases":[[[-0.991744,0.0921451,-0.0891816],[0.115305,0.336449,-0.934616],[-0.0561152,-0.937183,-0.344296]],[[-0.973723,0.224306,-0.0393821],[0.0999583,0.265566,-0.958897],[-0.204628,-0.937636,-0.281009]],[[-0.973723,0.224306,-0.0393821],[0.144822,0.476421,-0.867208],[-0.175758,-0.850123,-0.496387]],[[-0.973723,0.224306,-0.0393821],[0.180233,0.653292,-0.735341],[-0.139214,-0.723116,-0.676552]]],"btipPosition":[111.923,392.051,-80.0987],"carpPosition":[93.7764,267.877,-134.677],"dipPosition":[109.579,379.874,-91.4915],"direction":[0.175758,0.850123,0.496387],"extended":true,"handId":342,"id":3423,"length":58.0679,"mcpPosition":[96.9507,320.891,-115.201],"pipPosition":[105.191,358.649,-103.885],"stabilizedTipPosition":[108.241,384.364,-80.9768],"timeVisible":0.052069,"tipPosition":[112.269,389.07,-83.2718],"tipVelocity":[310.052,504.962,-111.082],"tool":false,"touchDistance":0.333333,"touchZone":"none","type":3,"width":16.1063},{"bases":[[[-0.996901,-0.0738092,0.0272291],[-0.0457651,0.262556,-0.963831],[0.0639904,-0.96209,-0.26512]],[[-0.996725,-0.0763989,0.0265153],[-0.0436062,0.231614,-0.97183],[0.0681054,-0.969803,-0.234187]],[[-0.996725,-0.0763989,0.0265153],[-0.0542523,0.388555,-0.919827],[0.0599711,-0.918253,-0.391427]],[[-0.996725,-0.0763989,0.0265153],[-0.0661646,0.581884,-0.810576],[0.0464983,-0.809676,-0.585033]]],"btipPosition":[74.0229,377.751,-94.1655],"carpPosition":[81.3237,267.7,-131.5],"dipPosition":[74.7453,365.173,-103.254],"direction":[-0.0599711,0.918253,0.391427],"extended":true,"handId":342,"id":3424,"length":45.5242,"mcpPosition":[77.9729,318.08,-117.617],"pipPosition":[75.8025,348.986,-110.154],"stabilizedTipPosition":[72.9396,370.681,-95.604],"timeVisible":0.052069,"tipPosition":[82.4241,372.822,-94.441],"tipVelocity":[156.756,500.031,37.4104],"tool":false,"touchDistance":0.333333,"touchZone":"none","type":4,"width":14.3068}],"r":[[0.987158,-0.0933511,-0.12963],[0.066308,0.977724,-0.199145],[0.145332,0.187992,0.971359]],"s":1.13031,"t":[12.2872,30.8812,-1.47521],"timestamp":215988781741},{"currentFrameRate":57.6573,"devices":[],"gestures":[],"hands":[{"armBasis":[[-0.909839,-0.0151739,-0.414684],[0.349533,0.51058,-0.785579],[0.22365,-0.859696,-0.459242]],"armWidth":57.0082,"confidence":0.350166,"direction":[0.253844,0.947351,0.195166],"elbow":[148.026,34.4702,-242.405],"grabAngle":0.628811,"grabStrength":0,"id":342,"palmNormal":[-0.2678,-0.125051,0.955325],"palmPosition":[111.532,306.109,-109.015],"palmVelocity":[208.229,375.932,135.516],"palmWidth":82.1703,"pinchDistance":56.9073,"pinchStrength":0.0430396,"r":[[0.977867,-0.126527,-0.166637],[0.0813038,0.96363,-0.254573],[0.192787,0.23539,0.952589]],"s":1.19893,"sphereCenter":[121.867,323.082,-57.6375],"sphereRadius":63.0651,"stabilizedPalmPosition":[110.634,304.384,-109.538],"t":[16.0502,38.6586,0.211931],"timeVisible":0.069406,"type":"right","wrist":[93.4935,244.089,-130.429]}],"id":605860,"interactionBox":{"center":[0,200,0],"size":[235.247,235.247,147.751]},"pointables":[{"bases":[[[-0.0849408,0.415322,-0.9057],[0.7687,-0.551021,-0.324771],[-0.633945,-0.723798,-0.272454]],[[0.193546,0.684351,-0.702997],[0.850239,-0.474526,-0.227856],[-0.489524,-0.553615,-0.673704]],[[0.193546,0.684351,-0.702997],[0.6676,-0.616937,-0.416773],[-0.718923,-0.388656,-0.576278]],[[0.193546,0.684351,-0.702997],[0.93695,-0.341445,-0.0744322],[-0.290972,-0.644267,-0.707287]]],"btipPosition":[164.629,301.181,-46.3615],"carpPosition":[114.332,250.691,-109.359],"dipPosition":[158.491,287.591,-61.2804],"direction":[0.718923,0.388656,0.576278],"extended":true,"handId":342,"id":3420,"length":46.9713,"mcpPosition":[114.332,250.691,-109.359],"pipPosition":[136.399,275.648,-78.9891],"stabilizedTipPosition":[156.303,302.667,-62.6275],"timeVisible":0.069406,"tipPosition":[162.562,303.603,-56.4605],"tipVelocity":[685.982,-901.262,1298.95],"tool":false,"touchDistance":0.333333,"touchZone":"none","type":0,"width":18.0423},{"bases":[[[-0.873618,0.449647,-0.186037],[0.325107,0.254861,-0.910687],[-0.362074,-0.856075,-0.368835]],[[-0.78246,0.613318,-0.10769],[0.438192,0.419443,-0.795019],[-0.44243,-0.669259,-0.596949]],[[-0.78246,0.613318,-0.10769],[0.608862,0.717285,-0.338805],[-0.130551,-0.33067,-0.934673]],[[-0.78246,0.613318,-0.10769],[0.612585,0.789196,0.0436955],[0.111788,-0.0317793,-0.993224]]],"btipPosition":[157.053,354.684,-42.684],"carpPosition":[114.744,264.201,-125.959],"dipPosition":[158.775,354.195,-57.9785],"direction":[0.130551,0.33067,0.934673],"extended":true,"handId":342,"id":3421,"length":53.0019,"mcpPosition":[138.799,321.077,-101.454],"pipPosition":[155.931,346.992,-78.3396],"stabilizedTipPosition":[155.233,352.885,-46.711],"timeVisible":0.069406,"tipPosition":[160.106,360.602,-52.7583],"tipVelocity":[268.843,407.285,-20.4812],"tool":false,"touchDistance":0.333333,"touchZone":"none","type":1,"width":17.234},{"bases":[[[-0.95704,0.279774,-0.0761636],[0.164703,0.308354,-0.936905],[-0.238636,-0.9092,-0.341186]],[[-0.912394,0.408489,-0.0259522],[0.155291,0.286796,-0.945321],[-0.378711,-0.866536,-0.325106]],[[-0.912394,0.408489,-0.0259522],[0.249414,0.504573,-0.826558],[-0.324545,-0.76062,-0.562253]],[[-0.912394,0.408489,-0.0259522],[0.318154,0.667876,-0.672844],[-0.257517,-0.622156,-0.739329]]],"btipPosition":[149.993,394.954,-66.6575],"carpPosition":[105.826,269.994,-129.209],"dipPosition":[145.631,384.417,-79.1793],"direction":[0.324545,0.76062,0.562253],"extended":true,"handId":342,"id":3422,"length":60.3914,"mcpPosition":[120.862,327.279,-107.713],"pipPosition":[137.314,364.923,-93.5893],"stabilizedTipPosition":[145.978,389.285,-67.9156],"timeVisible":0.069406,"tipPosition":[144.323,389.925,-65.5233],"tipVelocity":[465.878,503.218,-261.095],"tool":false,"touchDistance":0.333333,"touchZone":"none","type":2,"width":16.9261},{"bases":[[[-0.991401,0.118882,-0.0546958],[0.0882147,0.298414,-0.950351],[-0.0966573,-0.947004,-0.306335]],[[-0.96763,0.25215,-0.0106425],[0.0655673,0.210446,-0.975404],[-0.243708,-0.944528,-0.220167]],[[-0.96763,0.25215,-0.0106425],[0.127878,0.453505,-0.882032],[-0.217578,-0.854841,-0.47107]],[[-0.96763,0.25215,-0.0106425],[0.191169,0.704779,-0.683184],[-0.164764,-0.663104,-0.730169]]],"btipPosition":[119.06,398.122,-80.3074],"carpPosition":[95.5714,274.007,-130.559],"dipPosition":[116.285,386.956,-92.603],"direction":[0.217578,0.854841,0.47107],"extended":true,"handId":342,"id":3423,"length":58.0679,"mcpPosition":[101.039,327.578,-113.23],"pipPosition":[110.853,365.613,-104.364],"stabilizedTipPosition":[116.566,393.514,-82.7419],"timeVisible":0.069406,"tipPosition":[119.468,396.312,-84.3868],"tipVelocity":[405.926,363.585,-24.0131],"tool":false,"touchDistance":0.333333,"touchZone":"none","type":3,"width":16.1063},{"bases":[[[-0.996781,-0.0424746,0.0679993],[-0.0759465,0.228426,-0.970595],[0.0256928,-0.972634,-0.230916]],[[-0.996892,-0.0378181,0.0691039],[-0.0747395,0.176879,-0.981391],[0.0248913,-0.983506,-0.179156]],[[-0.996892,-0.0378181,0.0691039],[-0.077938,0.345929,-0.935018],[0.0114556,-0.937498,-0.347802]],[[-0.996892,-0.0378181,0.0691039],[-0.0786046,0.535278,-0.841011],[-0.00518434,-0.843829,-0.536587]]],"btipPosition":[80.993,386.235,-94.6369],"carpPosition":[83.2531,274.325,-126.905],"dipPosition":[80.9125,373.126,-102.973],"direction":[-0.0114556,0.937498,0.347802],"extended":true,"handId":342,"id":3424,"length":45.5242,"mcpPosition":[81.9077,325.257,-114.813],"pipPosition":[81.1144,356.6,-109.104],"stabilizedTipPosition":[79.6868,381.21,-96.4018],"timeVisible":0.069406,"tipPosition":[88.2584,380.841,-94.1013],"tipVelocity":[391.386,482.299,-17.2065],"tool":false,"touchDistance":0.333333,"touchZone":"none","type":4,"width":14.3068}],"r":[[0.977867,-0.126527,-0.166637],[0.0813038,0.96363,-0.254573],[0.192787,0.23539,0.952589]],"s":1.19893,"t":[16.0502,38.6586,0.211931],"timestamp":215988799078},{"currentFrameRate":57.6542,"devices":[],"gestures":[],"hands":[{"armBasis":[[-0.921747,-0.0447164,-0.385206],[0.32383,0.457732,-0.828019],[0.213347,-0.887965,-0.407432]],"armWidth":57.0082,"confidence":0.427684,"direction":[0.283567,0.944245,0.167306],"elbow":[146.733,32.0235,-224.78],"grabAngle":0.622028,"grabStrength":0,"id":342,"palmNormal":[-0.232483,-0.101571,0.967282],"palmPosition":[114.752,310.629,-106.357],"palmVelocity":[185.51,260.484,153.196],"palmWidth":82.1703,"pinchDistance":55.3314,"pinchStrength":0.0860039,"r":[[0.966355,-0.159721,-0.201612],[0.0935528,0.948408,-0.302934],[0.239595,0.273881,0.931442]],"s":1.23873,"sphereCenter":[127.929,331.784,-65.205],"sphereRadius":57.0565,"stabilizedPalmPosition":[113.982,309.462,-106.951],"t":[19.5415,44.8076,2.38486],"timeVisible":0.086761,"type":"right","wrist":[94.7131,248.535,-125.436]}],"id":605861,"interactionBox":{"center":[0,200,0],"size":[235.247,235.247,147.751]},"pointables":[{"bases":[[[-0.111096,0.401126,-0.909261],[0.742039,-0.575131,-0.344386],[-0.661086,-0.712968,-0.233756]],[[0.234287,0.703839,-0.670612],[0.829925,-0.504049,-0.239079],[-0.506295,-0.500545,-0.702226]],[[0.234287,0.703839,-0.670612],[0.921108,-0.381327,-0.0784206],[-0.310918,-0.599333,-0.737652]],[[0.234287,0.703839,-0.670612],[0.96711,-0.098467,0.234526],[0.0990355,-0.703502,-0.703759]]],"btipPosition":[146.522,310.983,-36.607],"carpPosition":[116.234,255.163,-105.775],"dipPosition":[148.611,296.144,-51.4515],"direction":[0.310918,0.599333,0.737652],"extended":false,"handId":342,"id":3420,"length":46.9713,"mcpPosition":[116.234,255.163,-105.775],"pipPosition":[139.057,277.727,-74.1192],"stabilizedTipPosition":[151.362,305.272,-50.6169],"timeVisible":0.086761,"tipPosition":[153.696,307.652,-45.1133],"tipVelocity":[-934.262,548.289,563.041],"tool":false,"touchDistance":0.333333,"touchZone":"none","type":0,"width":18.0423},{"bases":[[[-0.869526,0.46728,-0.15992],[0.29455,0.230728,-0.927364],[-0.39644,-0.853472,-0.338261]],[[-0.78574,0.610808,-0.0975983],[0.408321,0.393663,-0.823592],[-0.464636,-0.686981,-0.558723]],[[-0.78574,0.610808,-0.0975983],[0.598719,0.711376,-0.368076],[-0.155395,-0.347646,-0.924659]],[[-0.78574,0.610808,-0.0975983],[0.614685,0.788667,-0.0128885],[0.0691002,-0.0701192,-0.995142]]],"btipPosition":[162.954,360.319,-43.0526],"carpPosition":[116.303,268.362,-122.628],"dipPosition":[164.018,359.239,-58.3767],"direction":[0.155395,0.347646,0.924659],"extended":true,"handId":342,"id":3421,"length":53.0019,"mcpPosition":[142.642,325.066,-100.154],"pipPosition":[160.633,351.666,-78.5197],"stabilizedTipPosition":[161.966,358.959,-46.5979],"timeVisible":0.086761,"tipPosition":[166.461,364.479,-52.4869],"tipVelocity":[331.289,316.854,-21.6326],"tool":false,"touchDistance":0.333333,"touchZone":"none","type":1,"width":17.234},{"bases":[[[-0.95248,0.30145,-0.0436985],[0.134531,0.287612,-0.948251],[-0.273283,-0.909069,-0.314499]],[[-0.903087,0.429453,0.00213321],[0.119952,0.257008,-0.958936],[-0.412366,-0.865747,-0.283614]],[[-0.903087,0.429453,0.00213321],[0.22556,0.47854,-0.8486],[-0.365454,-0.765878,-0.529031]],[[-0.903087,0.429453,0.00213321],[0.29731,0.628776,-0.718504],[-0.309905,-0.648237,-0.69552]]],"btipPosition":[157.149,399.805,-68.1581],"carpPosition":[107.402,274.311,-125.632],"dipPosition":[151.9,388.826,-79.938],"direction":[0.365454,0.765878,0.529031],"extended":true,"handId":342,"id":3422,"length":60.3914,"mcpPosition":[124.62,331.587,-105.817],"pipPosition":[142.534,369.197,-93.4965],"stabilizedTipPosition":[154.271,395.94,-70.3726],"timeVisible":0.086761,"tipPosition":[151.504,394.57,-66.0841],"tipVelocity":[400.576,273.649,-76.6315],"tool":false,"touchDistance":0.333333,"touchZone":"none","type":2,"width":16.9261},{"bases":[[[-0.989727,0.141843,-0.0178949],[0.0573564,0.279288,-0.958493],[-0.130957,-0.949673,-0.284555]],[[-0.961499,0.273905,0.022275],[0.0303758,0.186488,-0.981987],[-0.273125,-0.943503,-0.187628]],[[-0.961499,0.273905,0.022275],[0.103828,0.437123,-0.893388],[-0.25444,-0.856679,-0.448733]],[[-0.961499,0.273905,0.022275],[0.186322,0.709338,-0.679796],[-0.202,-0.649473,-0.733063]]],"btipPosition":[125.359,402.587,-79.4525],"carpPosition":[97.1982,278.546,-126.653],"dipPosition":[121.957,391.65,-91.7969],"direction":[0.25444,0.856679,0.448733],"extended":true,"handId":342,"id":3423,"length":58.0679,"mcpPosition":[104.606,332.268,-110.556],"pipPosition":[115.605,370.261,-103],"stabilizedTipPosition":[123.551,399.232,-82.3494],"timeVisible":0.086761,"tipPosition":[125.748,401.015,-83.7151],"tipVelocity":[354.646,260.33,48.6118],"tool":false,"touchDistance":0.333333,"touchZone":"none","type":3,"width":16.1063},{"bases":[[[-0.994013,-0.0171343,0.10791],[-0.109077,0.212944,-0.970957],[-0.00634204,-0.976