{"frames":70,"data":[{"currentFrameRate":108.267,"devices":[],"gestures":[],"hands":[{"armBasis":[[0.82704,0.449573,-0.337476],[-0.0198166,0.62328,0.781748],[0.561794,-0.639848,0.524386]],"armWidth":53.9175,"confidence":1,"direction":[-0.396674,0.549062,-0.73565],"elbow":[186.945,40.6527,252.675],"grabAngle":1.32342,"grabStrength":0,"id":92,"palmNormal":[0.111944,-0.766482,-0.632435],"palmPosition":[20.4592,224.228,81.0056],"palmVelocity":[-14.1592,-0.0410523,0.475804],"palmWidth":79.7196,"pinchDistance":12.4302,"pinchStrength":1,"r":[[0.899485,0.436355,-0.0228173],[-0.436902,0.89894,-0.0319809],[0.00655634,0.0387353,0.999228]],"s":0.911168,"sphereCenter":[-3.87995,197.025,43.0285],"sphereRadius":53.569,"stabilizedPalmPosition":[29.5679,224.119,89.1547],"t":[-142.43,59.3256,160.013],"timeVisible":2.36608,"type":"right","wrist":[54.0491,192.013,128.628]}],"id":116244,"interactionBox":{"center":[0,200,0],"size":[235.247,235.247,147.751]},"pointables":[{"bases":[[[0.914733,0.219632,-0.339154],[-0.0365693,0.880924,0.471843],[0.402401,-0.419208,0.813842]],[[0.872724,0.258173,-0.414366],[-0.0612272,0.899916,0.431743],[0.48436,-0.351422,0.801186]],[[0.872724,0.258173,-0.414366],[-0.218897,0.965569,0.140571],[0.436391,-0.0319763,0.899189]],[[0.872724,0.258173,-0.414366],[-0.319067,0.944017,-0.083832],[0.369526,0.205373,0.906241]]],"btipPosition":[-29.8554,251.027,-5.86803],"carpPosition":[33.501,212.705,117.601],"dipPosition":[-23.5521,254.531,9.59037],"direction":[-0.436391,0.0319763,-0.899189],"extended":true,"handId":92,"id":922,"length":60.8225,"mcpPosition":[8.90376,238.33,67.8538],"pipPosition":[-12.288,253.705,32.8003],"stabilizedTipPosition":[-18.8996,259.799,2.09931],"timeVisible":2.36608,"tipPosition":[-27.1259,257.383,-1.96297],"tipVelocity":[-11.8779,-3.19997,-2.32968],"tool":false,"touchDistance":-0.0717548,"touchZone":"touching","type":2,"width":15.8248},{"bases":[[[0.964116,0.0885112,-0.250292],[0.041724,0.880552,0.47211],[0.262182,-0.465611,0.845261]],[[0.916764,0.154129,-0.368493],[-0.00692729,0.928548,0.371147],[0.399368,-0.337701,0.852328]],[[0.916764,0.154129,-0.368493],[-0.161335,0.986834,0.0113785],[0.365396,0.0490196,0.929561]],[[0.916764,0.154129,-0.368493],[-0.248478,0.942378,-0.224016],[0.312733,0.296932,0.902236]]],"btipPosition":[-2.09735,249.034,-5.87633],"carpPosition":[42.9803,216.054,113.756],"dipPosition":[3.2065,254.07,9.4253],"direction":[-0.365396,-0.0490196,-0.929561],"extended":true,"handId":92,"id":923,"length":58.4825,"mcpPosition":[28.5914,241.607,67.3667],"pipPosition":[12.3945,255.303,32.7995],"stabilizedTipPosition":[5.77572,256.829,0.417646],"timeVisible":2.36608,"tipPosition":[-1.30594,257.251,-1.42844],"tipVelocity":[-8.72143,-16.9548,-4.41267],"tool":false,"touchDistance":0.00611705,"touchZone":"hovering","type":3,"width":15.0583},{"bases":[[[0.967745,-0.112691,-0.225323],[0.214169,0.838981,0.500242],[0.132669,-0.532364,0.836055]],[[0.938516,-0.034779,-0.343479],[0.10214,0.978345,0.180022],[0.32978,-0.204037,0.921745]],[[0.938516,-0.034779,-0.343479],[-0.115044,0.906541,-0.406137],[0.325503,0.420682,0.846803]],[[0.938516,-0.034779,-0.343479],[-0.220426,0.705356,-0.67371],[0.265706,0.707999,0.654322]]],"btipPosition":[26.7518,228.427,11.2666],"carpPosition":[54.0125,213.378,108.596],"dipPosition":[30.9091,239.504,21.5041],"direction":[-0.325503,-0.420682,-0.846803],"extended":false,"handId":92,"id":924,"length":45.8492,"mcpPosition":[47.2726,240.424,66.1223],"pipPosition":[36.688,246.973,36.538],"stabilizedTipPosition":[33.2331,239.86,13.4247],"timeVisible":2.36608,"tipPosition":[26.9405,238.973,11.4207],"tipVelocity":[-3.37005,-47.228,16.7067],"tool":false,"touchDistance":0.1297,"touchZone":"hovering","type":4,"width":13.3759},{"bases":[[[0.189098,0.926789,0.324505],[-0.62851,-0.139673,0.765158],[0.754465,-0.348644,0.556084]],[[-0.193015,0.980981,0.0205253],[-0.852346,-0.177994,0.491756],[0.486057,0.0774215,0.870491]],[[-0.193015,0.980981,0.0205253],[-0.89256,-0.184229,0.411578],[0.407531,0.0611205,0.911143]],[[-0.193015,0.980981,0.0205253],[-0.971912,-0.194017,0.133206],[0.134654,0.00576188,0.990876]]],"btipPosition":[-12.3514,180.756,31.5446],"carpPosition":[24.3794,186.156,118.864],"dipPosition":[-9.4908,180.878,52.5944],"direction":[-0.407531,-0.0611205,-0.911143],"extended":false,"handId":92,"id":920,"length":47.3066,"mcpPosition":[24.3794,186.156,118.864],"pipPosition":[3.12188,182.77,80.7934],"stabilizedTipPosition":[-8.44053,184.379,43.0547],"timeVisible":2.36608,"tipPosition":[-14.0685,181.244,37.5602],"tipVelocity":[-19.2036,-14.1652,12.2956],"tool":false,"touchDistance":0.0429998,"touchZone":"hovering","type":0,"width":16.8683},{"bases":[[[0.831572,0.42068,-0.362652],[-0.191406,0.829994,0.523902],[0.521395,-0.366249,0.77072]],[[0.756474,0.46485,-0.460066],[-0.531046,0.847168,-0.0172076],[0.381754,0.257333,0.887718]],[[0.756474,0.46485,-0.460066],[-0.533637,0.0320059,-0.845107],[-0.378124,0.884811,0.272273]],[[0.756474,0.46485,-0.460066],[-0.20942,-0.49424,-0.843724],[-0.619588,0.734603,-0.276531]]],"btipPosition":[-5.40896,189.555,35.1056],"carpPosition":[25.181,206.789,121.088],"dipPosition":[-15.018,200.948,30.8169],"direction":[0.378124,-0.884811,-0.272273],"extended":false,"handId":92,"id":921,"length":53.3803,"mcpPosition":[-8.42652,230.396,71.4093],"pipPosition":[-23.314,220.361,36.7905],"stabilizedTipPosition":[-4.26588,197.86,32.7655],"timeVisible":2.36608,"tipPosition":[-11.1058,196.901,29.5863],"tipVelocity":[-33.9668,19.2654,-25.9307],"tool":false,"touchDistance":0.303427,"touchZone":"hovering","type":1,"width":16.1126}],"r":[[0.899485,0.436355,-0.0228173],[-0.436902,0.89894,-0.0319809],[0.00655634,0.0387353,0.999228]],"s":0.911168,"t":[-142.43,59.3256,160.013],"timestamp":7798563077},{"currentFrameRate":108.794,"devices":[],"gestures":[],"hands":[{"armBasis":[[0.82685,0.449667,-0.337815],[-0.0195917,0.623306,0.781732],[0.562081,-0.639757,0.524191]],"armWidth":53.9175,"confidence":1,"direction":[-0.397181,0.547529,-0.736519],"elbow":[186.915,40.765,252.647],"grabAngle":1.325,"grabStrength":0,"id":92,"palmNormal":[0.112564,-0.767411,-0.631197],"palmPosition":[20.333,224.225,80.9841],"palmVelocity":[-15.3099,-0.301821,-2.60682],"palmWidth":79.7196,"pinchDistance":12.7344,"pinchStrength":1,"r":[[0.898815,0.437716,-0.0231736],[-0.438284,0.898227,-0.0331114],[0.00632178,0.0399176,0.999183]],"s":0.91054,"sphereCenter":[-3.7747,197.156,42.9869],"sphereRadius":53.4341,"stabilizedPalmPosition":[29.497,224.12,89.0919],"t":[-142.563,59.3041,159.997],"timeVisible":2.37432,"type":"right","wrist":[53.9509,192.104,128.646]}],"id":116245,"interactionBox":{"center":[0,200,0],"size":[235.247,235.247,147.751]},"pointables":[{"bases":[[[0.914527,0.219861,-0.33956],[-0.037295,0.881657,0.470415],[0.402801,-0.417544,0.814499]],[[0.872832,0.257959,-0.414271],[-0.0607175,0.899687,0.432293],[0.484228,-0.352166,0.800938]],[[0.872832,0.257959,-0.414271],[-0.219109,0.965654,0.139652],[0.436067,-0.0311226,0.899376]],[[0.872832,0.257959,-0.414271],[-0.319615,0.943655,-0.0858034],[0.368795,0.207299,0.9061]]],"btipPosition":[-29.9677,250.971,-5.90337],"carpPosition":[33.3866,212.773,117.597],"dipPosition":[-23.6769,254.507,9.55263],"direction":[-0.436067,0.0311226,-0.899376],"extended":true,"handId":92,"id":922,"length":60.8225,"mcpPosition":[8.76483,238.296,67.8101],"pipPosition":[-12.4212,253.704,32.7674],"stabilizedTipPosition":[-19.1919,259.556,1.96421],"timeVisible":2.37432,"tipPosition":[-27.2961,257.155,-2.03844],"tipVelocity":[-13.9763,-5.88409,-4.35395],"tool":false,"touchDistance":-0.0723531,"touchZone":"touching","type":2,"width":15.8248},{"bases":[[[0.964027,0.0889264,-0.250488],[0.0409986,0.881352,0.470678],[0.262624,-0.464016,0.846001]],[[0.916951,0.153932,-0.368111],[-0.00712729,0.928757,0.370621],[0.398936,-0.337218,0.852722]],[[0.916951,0.153932,-0.368111],[-0.162038,0.986743,0.00899162],[0.364616,0.0514033,0.929738]],[[0.916951,0.153932,-0.368111],[-0.249487,0.941181,-0.227893],[0.311379,0.300805,0.901421]]],"btipPosition":[-2.17901,248.871,-5.93306],"carpPosition":[42.8628,216.124,113.746],"dipPosition":[3.10189,253.973,9.35475],"direction":[-0.364616,-0.0514033,-0.929738],"extended":true,"handId":92,"id":923,"length":58.4825,"mcpPosition":[28.4496,241.589,67.3166],"pipPosition":[12.2703,255.266,32.7334],"stabilizedTipPosition":[5.68877,256.742,0.381078],"timeVisible":2.37432,"tipPosition":[-1.46247,257.065,-1.50626],"tipVelocity":[-10.5457,-17.9358,-7.26709],"tool":false,"touchDistance":0.00511855,"touchZone":"hovering","type":3,"width":15.0583},{"bases":[[[0.967829,-0.112232,-0.225193],[0.213481,0.839974,0.498868],[0.133167,-0.530894,0.83691]],[[0.938845,-0.0351723,-0.342539],[0.10116,0.979047,0.176733],[0.329145,-0.200576,0.922731]],[[0.938845,-0.0351723,-0.342539],[-0.117785,0.90196,-0.415445],[0.323568,0.430384,0.842658]],[[0.938845,-0.0351723,-0.342539],[-0.223866,0.693501,-0.684792],[0.261637,0.719597,0.643216]]],"btipPosition":[26.7294,227.958,11.433],"carpPosition":[53.897,213.449,108.591],"dipPosition":[30.823,239.217,21.4968],"direction":[-0.323568,-0.430384,-0.842658],"extended":false,"handId":92,"id":924,"length":45.8492,"mcpPosition":[47.1317,240.42,66.0731],"pipPosition":[36.5675,246.858,36.4572],"stabilizedTipPosition":[33.0983,239.634,13.4325],"timeVisible":2.37432,"tipPosition":[26.819,238.663,11.4322],"tipVelocity":[-4.49804,-51.7789,15.3469],"tool":false,"touchDistance":0.131809,"touchZone":"hovering","type":4,"width":13.3759},{"bases":[[[0.188325,0.927476,0.32299],[-0.62835,-0.138967,0.765418],[0.754791,-0.347098,0.556608]],[[-0.193989,0.980823,0.0188249],[-0.851199,-0.177829,0.493798],[0.487676,0.0797675,0.869373]],[[-0.193989,0.980823,0.0188249],[-0.89233,-0.184394,0.412003],[0.407574,0.063126,0.910988]],[[-0.193989,0.980823,0.0188249],[-0.971446,-0.194735,0.135541],[0.136607,0.00800599,0.990593]]],"btipPosition":[-12.5567,180.606,31.6443],"carpPosition":[24.2876,186.218,118.904],"dipPosition":[-9.65468,180.776,52.6882],"direction":[-0.407574,-0.063126,-0.910988],"extended":false,"handId":92,"id":920,"length":47.3066,"mcpPosition":[24.2876,186.218,118.904],"pipPosition":[2.95931,182.729,80.8823],"stabilizedTipPosition":[-8.48262,184.334,42.9745],"timeVisible":2.37432,"tipPosition":[-14.1423,181.138,37.6015],"tipVelocity":[-23.7531,-16.8638,11.9331],"tool":false,"touchDistance":0.0446394,"touchZone":"hovering","type":0,"width":16.8683},{"bases":[[[0.831194,0.420799,-0.36338],[-0.192085,0.83068,0.522565],[0.521748,-0.364553,0.771285]],[[0.759377,0.463107,-0.457032],[-0.52546,0.850747,-0.0110155],[0.383718,0.248517,0.889382]],[[0.759377,0.463107,-0.457032],[-0.533604,0.0413311,-0.844724],[-0.372308,0.885338,0.278502]],[[0.759377,0.463107,-0.457032],[-0.21353,-0.48614,-0.847392],[-0.614615,0.74108,-0.270276]]],"btipPosition":[-5.82221,189.744,34.7771],"carpPosition":[25.0718,206.855,121.094],"dipPosition":[-15.3542,201.238,30.5854],"direction":[0.372308,-0.885338,-0.278502],"extended":false,"handId":92,"id":921,"length":53.3803,"mcpPosition":[-8.55849,230.353,71.3793],"pipPosition":[-23.5225,220.662,36.6957],"stabilizedTipPosition":[-4.29451,197.818,32.7735],"timeVisible":2.37432,"tipPosition":[-11.0993,196.634,29.7584],"tipVelocity":[-47.976,25.7426,-37.1362],"tool":false,"touchDistance":0.298324,"touchZone":"hovering","type":1,"width":16.1126}],"r":[[0.898815,0.437716,-0.0231736],[-0.438284,0.898227,-0.0331114],[0.00632178,0.0399176,0.999183]],"s":0.91054,"t":[-142.563,59.3041,159.997],"timestamp":7798571321},{"currentFrameRate":109.035,"devices":[],"gestures":[],"hands":[{"armBasis":[[0.826818,0.44945,-0.338182],[-0.0190088,0.623228,0.781809],[0.562149,-0.639985,0.52384]],"armWidth":53.9175,"confidence":1,"direction":[-0.397377,0.546357,-0.737283],"elbow":[186.825,40.7745,252.566],"grabAngle":1.32554,"grabStrength":0,"id":92,"palmNormal":[0.112731,-0.768292,-0.630095],"palmPosition":[20.2155,224.223,80.9526],"palmVelocity":[-13.4476,-0.307735,-3.59999],"palmWidth":79.7196,"pinchDistance":13.1218,"pinchStrength":1,"r":[[0.898253,0.438846,-0.0235982],[-0.439437,0.89762,-0.034269],[0.00614341,0.0411522,0.999134]],"s":0.909683,"sphereCenter":[-3.64212,197.347,42.9126],"sphereRadius":53.2868,"stabilizedPalmPosition":[29.4232,224.121,89.0272],"t":[-142.689,59.2919,159.973],"timeVisible":2.38306,"type":"right","wrist":[53.8446,192.167,128.648]}],"id":116246,"interactionBox":{"center":[0,200,0],"size":[235.247,235.247,147.751]},"pointables":[{"bases":[[[0.914446,0.219617,-0.339937],[-0.0375033,0.882325,0.469143],[0.402967,-0.416257,0.815075]],[[0.873171,0.257244,-0.414002],[-0.0595275,0.899308,0.433245],[0.483766,-0.353652,0.800563]],[[0.873171,0.257244,-0.414002],[-0.218407,0.965837,0.13949],[0.435742,-0.0313771,0.899525]],[[0.873171,0.257244,-0.414002],[-0.319263,0.943664,-0.0870014],[0.368299,0.208143,0.906109]]],"btipPosition":[-30.0528,251.004,-5.94195],"carpPosition":[33.2745,212.827,117.582],"dipPosition":[-23.7705,254.554,9.51419],"direction":[-0.435742,0.0313771,-0.899525],"extended":true,"handId":92,"id":922,"length":60.8225,"mcpPosition":[8.64265,238.271,67.759],"pipPosition":[-12.5231,253.744,32.7328],"stabilizedTipPosition":[-19.476,259.323,1.83292],"timeVisible":2.38306,"tipPosition":[-27.4419,256.958,-2.11751],"tipVelocity":[-9.95737,4.08072,-4.41092],"tool":false,"touchDistance":-0.0729955,"touchZone":"touching","type":2,"width":15.8248},{"bases":[[[0.963986,0.0888255,-0.250679],[0.0407904,0.882042,0.469401],[0.262805,-0.462722,0.846654]],[[0.917258,0.15323,-0.367639],[-0.00657178,0.928732,0.370693],[0.39824,-0.337605,0.852894]],[[0.917258,0.15323,-0.367639],[-0.161628,0.986819,0.00803938],[0.364025,0.0520466,0.929934]],[[0.917258,0.15323,-0.367639],[-0.249278,0.940762,-0.229843],[0.310642,0.30247,0.901118]]],"btipPosition":[-2.24653,248.823,-5.99689],"carpPosition":[42.7495,216.174,113.725],"dipPosition":[3.02187,253.952,9.28579],"direction":[-0.364025,-0.0520466,-0.929934],"extended":true,"handId":92,"id":923,"length":58.4825,"mcpPosition":[28.3265,241.569,67.2595],"pipPosition":[12.1754,255.261,32.6694],"stabilizedTipPosition":[5.60933,256.662,0.347255],"timeVisible":2.38306,"tipPosition":[-1.59034,256.889,-1.5899],"tipVelocity":[-8.05508,-4.85789,-7.43865],"tool":false,"touchDistance":0.00403511,"touchZone":"hovering","type":3,"width":15.0583},{"bases":[[[0.967844,-0.112295,-0.225093],[0.213286,0.840751,0.497641],[0.133365,-0.529648,0.837668]],[[0.93915,-0.0360485,-0.341611],[0.100691,0.979684,0.173437],[0.328419,-0.19728,0.9237]],[[0.93915,-0.0360485,-0.341611],[-0.120125,0.897223,-0.424925],[0.321819,0.440104,0.838296]],[[0.93915,-0.0360485,-0.341611],[-0.227008,0.681239,-0.695975],[0.257808,0.731173,0.631602]]],"btipPosition":[26.7208,227.482,11.6045],"carpPosition":[53.7842,213.496,108.572],"dipPosition":[30.7545,238.922,21.4866],"direction":[-0.321819,-0.440104,-0.838296],"extended":false,"handId":92,"id":924,"length":45.8492,"mcpPosition":[47.0089,240.403,66.0165],"pipPosition":[36.468,246.735,36.3695],"stabilizedTipPosition":[32.9557,239.385,13.4441],"timeVisible":2.38306,"tipPosition":[26.7173,238.347,11.4429],"tipVelocity":[-2.55914,-49.7544,14.8382],"tool":false,"touchDistance":0.13397,"touchZone":"hovering","type":4,"width":13.3759},{"bases":[[[0.188095,0.927992,0.321637],[-0.628263,-0.138031,0.765659],[0.754921,-0.346089,0.55706]],[[-0.194279,0.980792,0.0173988],[-0.849981,-0.177168,0.496128],[0.489681,0.0815986,0.868075]],[[-0.194279,0.980792,0.0173988],[-0.892121,-0.184034,0.412616],[0.407893,0.0646408,0.910739]],[[-0.194279,0.980792,0.0173988],[-0.970995,-0.194798,0.138644],[0.13937,0.0100414,0.990189]]],"btipPosition":[-12.8177,180.489,31.7405],"carpPosition":[24.1829,186.271,118.927],"dipPosition":[-9.857,180.702,52.7758],"direction":[-0.407893,-0.0646408,-0.910739],"extended":false,"handId":92,"id":920,"length":47.3066,"mcpPosition":[24.1829,186.271,118.927],"pipPosition":[2.76685,182.703,80.9622],"stabilizedTipPosition":[-8.5298,184.285,42.892],"timeVisible":2.38306,"tipPosition":[-14.2294,181.058,37.6238],"tipVelocity":[-28.3233,-12.2498,10.7814],"tool":false,"touchDistance":0.0462097,"touchZone":"hovering","type":0,"width":16.8683},{"bases":[[[0.831056,0.420499,-0.364042],[-0.192276,0.831382,0.521377],[0.521896,-0.363297,0.771777]],[[0.763481,0.460524,-0.452785],[-0.517781,0.855508,-0.00294731],[0.386004,0.236694,0.891615]],[[0.763481,0.460524,-0.452785],[-0.532976,0.0533378,-0.844448],[-0.364738,0.886043,0.28617]],[[0.763481,0.460524,-0.452785],[-0.218415,-0.475662,-0.85208],[-0.607776,0.749442,-0.262574]]],"btipPosition":[-6.30334,190.036,34.3639],"carpPosition":[24.9616,206.912,121.087],"dipPosition":[-15.7292,201.659,30.2917],"direction":[0.364738,-0.886043,-0.28617],"extended":false,"handId":92,"id":921,"length":53.3803,"mcpPosition":[-8.67829,230.329,71.3409],"pipPosition":[-23.7315,221.098,36.5702],"stabilizedTipPosition":[-4.33217,197.772,32.7794],"timeVisible":2.38306,"tipPosition":[-11.0968,196.387,29.9234],"tipVelocity":[-52.2641,36.7693,-44.1372],"tool":false,"touchDistance":0.291896,"touchZone":"hovering","type":1,"width":16.1126}],"r":[[0.898253,0.438846,-0.0235982],[-0.439437,0.89762,-0.034269],[0.00614341,0.0411522,0.999134]],"s":0.909683,"t":[-142.689,59.2919,159.973],"timestamp":7798580060},{"currentFrameRate":109.3,"devices":[],"gestures":[],"hands":[{"armBasis":[[0.826979,0.449321,-0.33796],[-0.0188449,0.622917,0.782061],[0.561917,-0.640379,0.523607]],"armWidth":53.9175,"confidence":1,"direction":[-0.397307,0.546621,-0.737125],"elbow":[186.679,40.6956,252.453],"grabAngle":1.32633,"grabStrength":0,"id":92,"palmNormal":[0.112604,-0.768134,-0.63031],"palmPosition":[20.1304,224.257,80.905],"palmVelocity":[-9.81071,3.93566,-5.48703],"palmWidth":79.7196,"pinchDistance":13.6425,"pinchStrength":1,"r":[[0.897815,0.439723,-0.0239179],[-0.440332,0.897147,-0.0351434],[0.00600449,0.042084,0.999096]],"s":0.908663,"sphereCenter":[-3.42634,197.702,42.7543],"sphereRadius":53.1114,"stabilizedPalmPosition":[29.3552,224.122,88.9678],"t":[-142.794,59.3029,159.937],"timeVisible":2.39173,"type":"right","wrist":[53.7542,192.182,128.591]}],"id":116247,"interactionBox":{"center":[0,200,0],"size":[235.247,235.247,147.751]},"pointables":[{"bases":[[[0.914473,0.219574,-0.339892],[-0.0373627,0.882201,0.469389],[0.402919,-0.416544,0.814953]],[[0.873731,0.256799,-0.413097],[-0.0577477,0.898035,0.436116],[0.48297,-0.357193,0.799471]],[[0.873731,0.256799,-0.413097],[-0.217308,0.965892,0.140816],[0.435169,-0.0332662,0.899734]],[[0.873731,0.256799,-0.413097],[-0.318542,0.943911,-0.0869643],[0.367595,0.207572,0.906525]]],"btipPosition":[-30.0744,251.257,-5.95018],"carpPosition":[33.1884,212.849,117.531],"dipPosition":[-23.8041,254.797,9.51308],"direction":[-0.435169,0.0332662,-0.899734],"extended":true,"handId":92,"id":922,"length":60.8225,"mcpPosition":[8.55943,238.311,67.7156],"pipPosition":[-12.5715,253.939,32.7371],"stabilizedTipPosition":[-19.7718,259.088,1.69635],"timeVisible":2.39173,"tipPosition":[-27.5379,256.958,-2.15829],"tipVelocity":[-2.80844,28.9032,-0.759818],"tool":false,"touchDistance":-0.0731054,"touchZone":"touching","type":2,"width":15.8248},{"bases":[[[0.963995,0.0887503,-0.250671],[0.0409309,0.881906,0.469645],[0.26275,-0.462996,0.846521]],[[0.917746,0.152662,-0.366656],[-0.00541022,0.927896,0.372801],[0.397131,-0.340153,0.852398]],[[0.917746,0.152662,-0.366656],[-0.160693,0.986966,0.00871963],[0.363208,0.0509166,0.930316]],[[0.917746,0.152662,-0.366656],[-0.248631,0.940738,-0.230639],[0.309717,0.30283,0.901315]]],"btipPosition":[-2.24804,248.985,-6.03268],"carpPosition":[42.6638,216.196,113.675],"dipPosition":[3.00467,254.121,9.25334],"direction":[-0.363208,-0.0509166,-0.930316],"extended":true,"handId":92,"id":923,"length":58.4825,"mcpPosition":[28.2438,241.606,67.2166],"pipPosition":[12.1377,255.401,32.6465],"stabilizedTipPosition":[5.53152,256.586,0.313736],"timeVisible":2.39173,"tipPosition":[-1.66656,256.892,-1.63564],"tipVelocity":[-0.589839,18.8784,-4.03761],"tool":false,"touchDistance":0.00345141,"touchZone":"hovering","type":3,"width":15.0583},{"bases":[[[0.967824,-0.112378,-0.225141],[0.213421,0.840581,0.49787],[0.1333,-0.5299,0.837518]],[[0.939608,-0.0370405,-0.340242],[0.100735,0.980021,0.171499],[0.327092,-0.195416,0.924567]],[[0.939608,-0.0370405,-0.340242],[-0.122066,0.89248,-0.434256],[0.319744,0.449563,0.834061]],[[0.939608,-0.0370405,-0.340242],[-0.229726,0.668649,-0.707202],[0.253697,0.742655,0.619759]]],"btipPosition":[26.7816,227.109,11.7936],"carpPosition":[53.698,213.517,108.521],"dipPosition":[30.751,238.728,21.4904],"direction":[-0.319744,-0.449563,-0.83406],"extended":false,"handId":92,"id":924,"length":45.8492,"mcpPosition":[46.9259,240.438,65.9729],"pipPosition":[36.4276,246.71,36.2981],"stabilizedTipPosition":[32.8239,239.145,13.4587],"timeVisible":2.39173,"tipPosition":[26.6639,238.149,11.4752],"tipVelocity":[5.30513,-38.2551,16.8892],"tool":false,"touchDistance":0.136412,"touchZone":"hovering","type":4,"width":13.3759},{"bases":[[[0.18824,0.927875,0.321892],[-0.62827,-0.138149,0.765632],[0.754879,-0.346357,0.556951]],[[-0.194182,0.980807,0.0176305],[-0.848696,-0.176985,0.498388],[0.491943,0.0818152,0.866775]],[[-0.194182,0.980807,0.0176305],[-0.891816,-0.183993,0.413294],[0.408605,0.0645311,0.910427]],[[-0.194182,0.980807,0.0176305],[-0.970472,-0.194696,0.142401],[0.143101,0.0105418,0.989652]]],"btipPosition":[-13.1081,180.495,31.7602],"carpPosition":[24.0927,186.294,118.869],"dipPosition":[-10.0681,180.719,52.7841],"direction":[-0.408605,-0.0645311,-0.910427],"extended":false,"handId":92,"id":920,"length":47.3066,"mcpPosition":[24.0927,186.294,118.869],"pipPosition":[2.57779,182.716,80.9609],"stabilizedTipPosition":[-8.58132,184.235,42.8083],"timeVisible":2.39173,"tipPosition":[-14.2966,181.101,37.5521],"tipVelocity":[-31.3749,1.00843,1.97354],"tool":false,"touchDistance":0.046495,"touchZone":"hovering","type":0,"width":16.8683},{"bases":[[[0.831113,0.420475,-0.363939],[-0.192142,0.831266,0.521611],[0.521855,-0.36359,0.771667]],[[0.768069,0.458226,-0.447324],[-0.508875,0.860803,0.00802741],[0.388736,0.221466,0.894336]],[[0.768069,0.458226,-0.447324],[-0.532158,0.0681737,-0.843896],[-0.356199,0.886217,0.296211]],[[0.768069,0.458226,-0.447324],[-0.224089,-0.462048,-0.858077],[-0.599878,0.759303,-0.252201]]],"btipPosition":[-6.80405,190.514,33.8312],"carpPosition":[24.8746,206.934,121.035],"dipPosition":[-16.1074,202.29,29.9199],"direction":[0.356199,-0.886217,-0.296211],"extended":false,"handId":92,"id":921,"length":53.3803,"mcpPosition":[-8.76264,230.37,71.2955],"pipPosition":[-23.9224,221.733,36.4187],"stabilizedTipPosition":[-4.38085,197.724,32.781],"timeVisible":2.39173,"tipPosition":[-11.0815,196.288,30.0128],"tipVelocity":[-54.4771,59.1885,-57.1447],"tool":false,"touchDistance":0.283635,"touchZone":"hovering","type":1,"width":16.1126}],"r":[[0.897815,0.439723,-0.0239179],[-0.440332,0.897147,-0.0351434],[0.00600449,0.042084,0.999096]],"s":0.908663,"t":[-142.794,59.3029,159.937],"timestamp":7798588734},{"currentFrameRate":109.416,"devices":[],"gestures":[],"hands":[{"armBasis":[[0.82723,0.448299,-0.338701],[-0.0173078,0.622863,0.78214],[0.561597,-0.641147,0.52301]],"armWidth":53.9175,"confidence":1,"direction":[-0.396965,0.547178,-0.736895],"elbow":[186.521,40.5536,252.255],"grabAngle":1.3262,"grabStrength":0,"id":92,"palmNormal":[0.111022,-0.768342,-0.630337],"palmPosition":[20.0622,224.344,80.8706],"palmVelocity":[-7.63835,9.81849,-3.85521],"palmWidth":79.7196,"pinchDistance":14.2095,"pinchStrength":1,"r":[[0.897595,0.440151,-0.0242983],[-0.44078,0.896901,-0.0357954],[0.00603778,0.04284,0.999064]],"s":0.907622,"sphereCenter":[-3.32816,198.132,42.6614],"sphereRadius":52.961,"stabilizedPalmPosition":[29.2868,224.123,88.9082],"t":[-142.881,59.3523,159.902],"timeVisible":2.40067,"type":"right","wrist":[53.6719,192.221,128.534]}],"id":116248,"interactionBox":{"center":[0,200,0],"size":[235.247,235.247,147.751]},"pointables":[{"bases":[[[0.91458,0.218166,-0.34051],[-0.0357142,0.882285,0.469359],[0.402825,-0.417105,0.814712]],[[0.874364,0.255025,-0.412855],[-0.0545274,0.897018,0.438617],[0.482197,-0.360999,0.798227]],[[0.874364,0.255025,-0.412855],[-0.214577,0.966266,0.14243],[0.435251,-0.0359464,0.899591]],[[0.874364,0.255025,-0.412855],[-0.3163,0.944725,-0.0863091],[0.368024,0.206052,0.906698]]],"btipPosition":[-30.1057,251.623,-5.92265],"carpPosition":[33.127,212.919,117.488],"dipPosition":[-23.828,255.137,9.54355],"direction":[-0.435251,0.0359464,-0.899591],"extended":true,"handId":92,"id":922,"length":60.8225,"mcpPosition":[8.50381,238.415,67.6879],"pipPosition":[-12.5933,254.21,32.7638],"stabilizedTipPosition":[-20.12,258.827,1.53726],"timeVisible":2.40067,"tipPosition":[-27.626,257.048,-2.16604],"tipVelocity":[-3.31181,40.3128,3.15741],"tool":false,"touchDistance":-0.0726353,"touchZone":"touching","type":2,"width":15.8248},{"bases":[[[0.963963,0.0872727,-0.251314],[0.042579,0.881871,0.469564],[0.262607,-0.463343,0.846375]],[[0.918122,0.150809,-0.366482],[-0.00262584,0.927058,0.37491],[0.39629,-0.34325,0.851548]],[[0.918122,0.150809,-0.366482],[-0.15805,0.987377,0.0103588],[0.363418,0.0484118,0.930367]],[[0.918122,0.150809,-0.366482],[-0.2464,0.941517,-0.229852],[0.310386,0.301333,0.901587]]],"btipPosition":[-2.28153,249.273,-6.04494],"carpPosition":[42.605,216.252,113.626],"dipPosition":[2.98251,254.384,9.24569],"direction":[-0.363418,-0.0484118,-0.930367],"extended":true,"handId":92,"id":923,"length":58.4825,"mcpPosition":[28.1928,241.68,67.1757],"pipPosition":[12.1208,255.601,32.6402],"stabilizedTipPosition":[5.44799,256.508,0.277782],"timeVisible":2.40067,"tipPosition":[-1.73204,256.931,-1.66778],"tipVelocity":[-3.45758,31.6482,-1.25434],"tool":false,"touchDistance":0.00326465,"touchZone":"hovering","type":3,"width":15.0583},{"bases":[[[0.967503,-0.113859,-0.225774],[0.215024,0.840287,0.497677],[0.13305,-0.530051,0.837463]],[[0.939714,-0.0392744,-0.339698],[0.102335,0.980156,0.16977],[0.326289,-0.194298,0.925086]],[[0.939714,-0.0392744,-0.339698],[-0.122909,0.888208,-0.442696],[0.319109,0.45776,0.829835]],[[0.939714,-0.0392744,-0.339698],[-0.231968,0.656669,-0.717619],[0.251253,0.753156,0.607971]]],"btipPosition":[26.8033,226.809,11.9833],"carpPosition":[53.6317,213.556,108.465],"dipPosition":[30.7344,238.593,21.4956],"direction":[-0.319109,-0.45776,-0.829835],"extended":false,"handId":92,"id":924,"length":45.8492,"mcpPosition":[46.8724,240.484,65.9198],"pipPosition":[36.3998,246.72,36.2283],"stabilizedTipPosition":[32.702,238.915,13.4756],"timeVisible":2.40067,"tipPosition":[26.6004,237.997,11.5066],"tipVelocity":[1.44358,-29.3041,16.483],"tool":false,"touchDistance":0.138866,"touchZone":"hovering","type":4,"width":13.3759},{"bases":[[[0.18986,0.927608,0.32171],[-0.627973,-0.137149,0.766055],[0.754721,-0.347468,0.556473]],[[-0.192697,0.981099,0.0176867],[-0.84744,-0.175477,0.501052],[0.494685,0.0815626,0.865236]],[[-0.192697,0.981099,0.0176867],[-0.891437,-0.182563,0.414742],[0.410132,0.0641529,0.909767]],[[-0.192697,0.981099,0.0176867],[-0.970134,-0.193187,0.146692],[0.147337,0.0111087,0.989024]]],"btipPosition":[-13.466,180.59,31.8266],"carpPosition":[23.992,186.378,118.834],"dipPosition":[-10.336,180.826,52.8371],"direction":[-0.410132,-0.0641529,-0.909767],"extended":false,"handId":92,"id":920,"length":47.3066,"mcpPosition":[23.992,186.378,118.834],"pipPosition":[2.35712,182.811,80.9935],"stabilizedTipPosition":[-8.64143,184.183,42.7196],"timeVisible":2.40067,"tipPosition":[-14.4373,181.231,37.5319],"tipVelocity":[-37.7491,10.9164,7.07971],"tool":false,"touchDistance":0.0475491,"touchZone":"hovering","type":0,"width":16.8683},{"bases":[[[0.831509,0.419192,-0.364514],[-0.190536,0.831588,0.521687],[0.521813,-0.364334,0.771344]],[[0.772303,0.455035,-0.443274],[-0.49915,0.866293,0.0196239],[0.392935,0.206105,0.896172]],[[0.772303,0.455035,-0.443274],[-0.532773,0.0839213,-0.842087],[-0.345979,0.88651,0.307243]],[[0.772303,0.455035,-0.443274],[-0.231253,-0.448527,-0.863334],[-0.591667,0.769263,-0.241171]]],"btipPosition":[-7.38461,191.083,33.3308],"carpPosition":[24.8066,207.017,120.998],"dipPosition":[-16.5607,203.014,29.5906],"direction":[0.345979,-0.88651,-0.307243],"extended":false,"handId":92,"id":921,"length":53.3803,"mcpPosition":[-8.82791,230.501,71.2798],"pipPosition":[-24.1514,222.463,36.3314],"stabilizedTipPosition":[-4.45049,197.671,32.7768],"timeVisible":2.40067,"tipPosition":[-11.1416,196.294,30.1207],"tipVelocity":[-61.7128,67.6879,-51.6144],"tool":false,"touchDistance":0.27595,"touchZone":"hovering","type":1,"width":16.1126}],"r":[[0.897595,0.440151,-0.0242983],[-0.44078,0.896901,-0.0357954],[0.00603778,0.04284,0.999064]],"s":0.907622,"t":[-142.881,59.3523,159.902],"timestamp":7798597667},{"currentFrameRate":109.825,"devices":[],"gestures":[],"hands":[{"armBasis":[[0.827694,0.446247,-0.340274],[-0.014798,0.623499,0.781684],[0.560984,-0.64196,0.52267]],"armWidth":53.9175,"confidence":1,"direction":[-0.396568,0.547968,-0.736522],"elbow":[186.315,40.3996,252.045],"grabAngle":1.32623,"grabStrength":0,"id":92,"palmNormal":[0.108149,-0.768833,-0.630238],"palmPosition":[20.0151,224.45,80.7744],"palmVelocity":[-5.62062,12.5576,-11.4903],"palmWidth":79.7196,"pinchDistance":14.8198,"pinchStrength":1,"r":[[0.89764,0.440026,-0.0248816],[-0.440683,0.89693,-0.0362531],[0.00636474,0.0435072,0.999033]],"s":0.906394,"sphereCenter":[-3.31391,198.568,42.5523],"sphereRadius":52.8247,"stabilizedPalmPosition":[29.2304,224.125,88.8587],"t":[-142.948,59.4296,159.837],"timeVisible":2.40904,"type":"right","wrist":[53.6107,192.259,128.403]}],"id":116249,"interactionBox":{"center":[0,200,0],"size":[235.247,235.247,147.751]},"pointables":[{"bases":[[[0.914668,0.215679,-0.341854],[-0.0327694,0.882527,0.469118],[0.402874,-0.417885,0.814287]],[[0.875022,0.252148,-0.413229],[-0.0501795,0.896279,0.440643],[0.481475,-0.364837,0.796916]],[[0.875022,0.252148,-0.413229],[-0.211055,0.966942,0.143103],[0.435651,-0.0380046,0.899313]],[[0.875022,0.252148,-0.413229],[-0.313493,0.945613,-0.0868266],[0.368861,0.205519,0.906478]]],"btipPosition":[-30.1275,251.984,-5.93915],"carpPosition":[33.1012,213.002,117.377],"dipPosition":[-23.8356,255.489,9.5233],"direction":[-0.435651,0.0380046,-0.899313],"extended":true,"handId":92,"id":922,"length":60.8225,"mcpPosition":[8.47498,238.546,67.6031],"pipPosition":[-12.5906,254.508,32.7364],"stabilizedTipPosition":[-20.4839,258.571,1.37063],"timeVisible":2.40904,"tipPosition":[-27.7146,257.199,-2.20857],"tipVelocity":[-2.21685,42.8543,-2.07376],"tool":false,"touchDistance":-0.0729247,"touchZone":"touching","type":2,"width":15.8248},{"bases":[[[0.963836,0.0846869,-0.252683],[0.0455227,0.88191,0.469214],[0.26258,-0.463748,0.846161]],[[0.918422,0.147824,-0.366946],[0.00121777,0.926502,0.376288],[0.395601,-0.346038,0.850739]],[[0.918422,0.147824,-0.366946],[-0.154644,0.98791,0.0109241],[0.364125,0.046713,0.930178]],[[0.918422,0.147824,-0.366946],[-0.243428,0.942339,-0.229652],[0.31184,0.300242,0.901449]]],"btipPosition":[-2.31717,249.527,-6.11829],"carpPosition":[42.5824,216.309,113.501],"dipPosition":[2.97154,254.619,9.17001],"direction":[-0.364125,-0.046713,-0.930178],"extended":true,"handId":92,"id":923,"length":58.4825,"mcpPosition":[28.1717,241.76,67.0625],"pipPosition":[12.1276,255.794,32.5597],"stabilizedTipPosition":[5.36951,256.439,0.243272],"timeVisible":2.40904,"tipPosition":[-1.80304,257.01,-1.75188],"tipVelocity":[-3.57777,29.7988,-8.82158],"tool":false,"touchDistance":0.00203331,"touchZone":"hovering","type":3,"width":15.0583},{"bases":[[[0.966889,-0.116445,-0.227082],[0.217899,0.839887,0.497102],[0.132838,-0.530123,0.837451]],[[0.939595,-0.0427641,-0.339607],[0.104933,0.98038,0.166866],[0.325808,-0.192423,0.925647]],[[0.939595,-0.0427641,-0.339607],[-0.123027,0.883671,-0.451653],[0.319416,0.466152,0.825031]],[[0.939595,-0.0427641,-0.339607],[-0.23377,0.644561,-0.727938],[0.250027,0.763356,0.595629]]],"btipPosition":[26.8064,226.471,12.1048],"carpPosition":[53.5948,213.583,108.326],"dipPosition":[30.7183,238.414,21.4241],"direction":[-0.319416,-0.466152,-0.825031],"extended":false,"handId":92,"id":924,"length":45.8492,"mcpPosition":[46.8463,240.514,65.781],"pipPosition":[36.3891,246.69,36.0715],"stabilizedTipPosition":[32.5901,238.698,13.493],"timeVisible":2.40904,"tipPosition":[26.5258,237.818,11.4758],"tipVelocity":[-0.159332,-35.9948,9.20996],"tool":false,"touchDistance":0.140152,"touchZone":"hovering","type":4,"width":13.3759},{"bases":[[[0.192716,0.927216,0.321141],[-0.62726,-0.135269,0.766973],[0.75459,-0.349247,0.555537]],[[-0.190249,0.981579,0.0175258],[-0.846311,-0.173026,0.503806],[0.497558,0.0810162,0.863639]],[[-0.190249,0.981579,0.0175258],[-0.891066,-0.180144,0.416592],[0.412075,0.0636395,0.908925]],[[-0.190249,0.981579,0.0175258],[-0.969869,-0.190686,0.151633],[0.152182,0.0118504,0.988281]]],"btipPosition":[-13.8476,180.721,31.849],"carpPosition":[23.8992,186.486,118.745],"dipPosition":[-10.6146,180.973,52.8438],"direction":[-0.412075,-0.0636395,-0.908925],"extended":false,"handId":92,"id":920,"length":47.3066,"mcpPosition":[23.8992,186.486,118.745],"pipPosition":[2.13867,182.942,80.974],"stabilizedTipPosition":[-8.70693,184.133,42.6309],"timeVisible":2.40904,"tipPosition":[-14.6409,181.406,37.4896],"tipVelocity":[-42.7293,16.1288,2.24542],"tool":false,"touchDistance":0.0478625,"touchZone":"hovering","type":0,"width":16.8683},{"bases":[[[0.832087,0.416912,-0.365809],[-0.18765,0.83225,0.521678],[0.521938,-0.365438,0.770737]],[[0.776488,0.450956,-0.440119],[-0.488194,0.872137,0.0323065],[0.398413,0.189778,0.897358]],[[0.776488,0.450956,-0.440119],[-0.534234,0.10074,-0.839313],[-0.334156,0.886843,0.319139]],[[0.776488,0.450956,-0.440119],[-0.240154,-0.433954,-0.868337],[-0.582573,0.77995,-0.228661]]],"btipPosition":[-8.04299,191.724,32.7715],"carpPosition":[24.7703,207.123,120.901],"dipPosition":[-17.078,203.82,29.2252],"direction":[0.334156,-0.886843,-0.319139],"extended":false,"handId":92,"id":921,"length":53.3803,"mcpPosition":[-8.87222,230.678,71.2218],"pipPosition":[-24.4093,223.277,36.2271],"stabilizedTipPosition":[-4.54335,197.619,32.7634],"timeVisible":2.40904,"tipPosition":[-11.2697,196.363,30.1739],"tipVelocity":[-74.739,81.0589,-61.4584],"tool":false,"touchDistance":0.267372,"touchZone":"hovering","type":1,"width":16.1126}],"r":[[0.89764,0.440026,-0.0248816],[-0.440683,0.89693,-0.0362531],[0.00636474,0.0435072,0.999033]],"s":0.906394,"t":[-142.948,59.4296,159.837],"timestamp":7798606042},{"currentFrameRate":109.993,"devices":[],"gestures":[],"hands":[{"armBasis":[[0.828393,0.443393,-0.342298],[-0.0115523,0.624479,0.780956],[0.560029,-0.642984,0.522436]],"armWidth":53.9175,"confidence":1,"direction":[-0.395788,0.548898,-0.736249],"elbow":[186.043,40.1889,251.852],"grabAngle":1.32535,"grabStrength":0,"id":92,"palmNormal":[0.104386,-0.76963,-0.6299],"palmPosition":[20.003,224.564,80.6676],"palmVelocity":[-1.37462,12.9712,-12.1437],"palmWidth":79.7196,"pinchDistance":15.4905,"pinchStrength":1,"r":[[0.897983,0.43928,-0.0256946],[-0.439975,0.897264,-0.0365972],[0.00697845,0.0441686,0.999]],"s":0.905175,"sphereCenter":[-3.39766,199.071,42.4955],"sphereRadius":52.6978,"stabilizedPalmPosition":[29.1793,224.128,88.8133],"t":[-142.987,59.5252,159.75],"timeVisible":2.41783,"type":"right","wrist":[53.5645,192.291,128.266]}],"id":116250,"interactionBox":{"center":[0,200,0],"size":[235.247,235.247,147.751]},"pointables":[{"bases":[[[0.914884,0.212181,-0.343464],[-0.0288595,0.882948,0.468584],[0.402685,-0.418787,0.813918]],[[0.875832,0.248265,-0.413862],[-0.0446393,0.895537,0.442742],[0.480547,-0.369293,0.795423]],[[0.875832,0.248265,-0.413862],[-0.206207,0.967826,0.144189],[0.436344,-0.0409442,0.898848]],[[0.875832,0.248265,-0.413862],[-0.309544,0.946892,-0.0870544],[0.37027,0.204354,0.906167]]],"btipPosition":[-30.1116,252.421,-5.95411],"carpPosition":[33.1069,213.094,117.257],"dipPosition":[-23.7956,255.907,9.50303],"direction":[-0.436344,0.0409442,-0.898848],"extended":true,"handId":92,"id":922,"length":60.8225,"mcpPosition":[8.49223,238.693,67.5055],"pipPosition":[-12.5327,254.85,32.7041],"stabilizedTipPosition":[-20.8977,258.3,1.17981],"timeVisible":2.41783,"tipPosition":[-27.7553,257.371,-2.26235],"tipVelocity":[2.44378,49.213,-1.84015],"tool":false,"touchDistance":-0.0731944,"touchZone":"touching","type":2,"width":15.8248},{"bases":[[[0.963725,0.081072,-0.254285],[0.04943,0.882051,0.468555],[0.262279,-0.464127,0.846047]],[[0.918692,0.143909,-0.367825],[0.00634209,0.925767,0.378041],[0.394924,-0.349636,0.849582]],[[0.918692,0.143909,-0.367825],[-0.149725,0.988644,0.012843],[0.365496,0.0432737,0.929806]],[[0.918692,0.143909,-0.367825],[-0.23899,0.943975,-0.227586],[0.314466,0.296988,0.901615]]],"btipPosition":[-2.341,249.891,-6.19617],"carpPosition":[42.5936,216.364,113.363],"dipPosition":[2.99224,254.927,9.09493],"direction":[-0.365496,-0.0432737,-0.929806],"extended":true,"handId":92,"id":923,"length":58.4825,"mcpPosition":[28.1994,241.836,66.9311],"pipPosition":[12.1828,256.016,32.4753],"stabilizedTipPosition":[5.28309,256.367,0.20432],"timeVisible":2.41783,"tipPosition":[-1.82074,257.059,-1.85721],"tipVelocity":[-1.54534,39.8748,-8.78401],"tool":false,"touchDistance":0.000746012,"touchZone":"hovering","type":3,"width":15.0583},{"bases":[[[0.9661,-0.120053,-0.228555],[0.221699,0.83943,0.496193],[0.132287,-0.530043,0.837589]],[[0.939299,-0.0471936,-0.339839],[0.108671,0.980421,0.164209],[0.325436,-0.191172,0.926037]],[[0.939299,-0.0471936,-0.339839],[-0.122401,0.879227,-0.46041],[0.320524,0.474059,0.820081]],[[0.939299,-0.0471936,-0.339839],[-0.235381,0.63201,-0.738349],[0.249627,0.773522,0.582538]]],"btipPosition":[26.826,226.139,12.2245],"carpPosition":[53.5879,213.595,108.172],"dipPosition":[30.7316,238.242,21.339],"direction":[-0.320524,-0.474059,-0.820081],"extended":false,"handId":92,"id":924,"length":45.8492,"mcpPosition":[46.8673,240.522,65.6205],"pipPosition":[36.4222,246.658,35.8985],"stabilizedTipPosition":[32.4758,238.469,13.5124],"timeVisible":2.41783,"tipPosition":[26.4838,237.627,11.4283],"tipVelocity":[2.06453,-33.5396,8.2576],"tool":false,"touchDistance":0.141362,"touchZone":"hovering","type":4,"width":13.3759},{"bases":[[[0.196546,0.926732,0.320215],[-0.626507,-0.132519,0.768068],[0.754228,-0.351578,0.554557]],[[-0.186896,0.982232,0.0170205],[-0.845364,-0.169631,0.506543],[0.50043,0.0802822,0.862047]],[[-0.186896,0.982232,0.0170205],[-0.8907,-0.176737,0.418829],[0.414395,0.0631172,0.907906]],[[-0.186896,0.982232,0.0170205],[-0.969661,-0.187227,0.15717],[0.157564,0.0128704,0.987425]]],"btipPosition":[-14.2462,180.873,31.8805],"carpPosition":[23.8123,186.611,118.657],"dipPosition":[-10.8989,181.147,52.8571],"direction":[-0.414395,-0.0631172,-0.907906],"extended":false,"handId":92,"id":920,"length":47.3066,"mcpPosition":[23.8123,186.611,118.657],"pipPosition":[1.92618,183.1,80.9558],"stabilizedTipPosition":[-8.7862,184.08,42.5324],"timeVisible":2.41783,"tipPosition":[-14.8623,181.609,37.4595],"tipVelocity":[-42.3438,17.8561,3.10951],"tool":false,"touchDistance":0.0483182,"touchZone":"hovering","type":0,"width":16.8683},{"bases":[[[0.832984,0.413692,-0.36742],[-0.183834,0.833259,0.521425],[0.521865,-0.366795,0.770142]],[[0.780916,0.445969,-0.437357],[-0.476045,0.878241,0.0455392],[0.404414,0.17264,0.898134]],[[0.780916,0.445969,-0.437357],[-0.535994,0.118885,-0.835809],[-0.32075,0.887118,0.331876]],[[0.780916,0.445969,-0.437357],[-0.250041,-0.418448,-0.873144],[-0.572407,0.79121,-0.215262]]],"btipPosition":[-8.73377,192.423,32.1894],"carpPosition":[24.7607,207.247,120.798],"dipPosition":[-17.6111,204.694,28.851],"direction":[0.32075,-0.887118,-0.331876],"extended":false,"handId":92,"id":921,"length":53.3803,"mcpPosition":[-8.87715,230.889,71.1572],"pipPosition":[-24.6483,224.157,36.1322],"stabilizedTipPosition":[-4.67584,197.569,32.7348],"timeVisible":2.41783,"tipPosition":[-11.4257,196.485,30.2062],"tipVelocity":[-74.4351,84.0337,-60.7626],"tool":false,"touchDistance":0.258467,"touchZone":"hovering","type":1,"width":16.1126}],"r"