{"frames":82,"data":[{"currentFrameRate":111.706,"devices":[],"gestures":[],"hands":[{"armBasis":[[0.801643,0.515335,-0.302983],[-0.157366,0.670865,0.72469],[0.576719,-0.533263,0.618891]],"armWidth":51.6826,"confidence":1,"direction":[-0.338475,0.592078,-0.731353],"elbow":[157.671,61.6962,259.776],"grabAngle":0.722221,"grabStrength":0,"id":92,"palmNormal":[0.184872,-0.720238,-0.66864],"palmPosition":[-1.68295,214.474,72.7956],"palmVelocity":[-10.6314,-9.34513,-7.39957],"palmWidth":76.2329,"pinchDistance":13.6415,"pinchStrength":1,"r":[[0.883983,0.45958,0.0857852],[-0.459786,0.887836,-0.0185202],[-0.0846748,-0.0230714,0.996142]],"s":1.08049,"sphereCenter":[-45.1349,209.08,47.1554],"sphereRadius":57.8531,"stabilizedPalmPosition":[-0.329073,215.98,73.2116],"t":[-164.603,49.6304,151.844],"timeVisible":7.99379,"type":"right","wrist":[27.2112,182.326,119.776]}],"id":116880,"interactionBox":{"center":[0,200,0],"size":[235.247,235.247,147.751]},"pointables":[{"bases":[[[0.937387,0.254801,-0.23745],[-0.0974,0.846335,0.52367],[0.334394,-0.467754,0.818161]],[[0.882771,0.316448,-0.34724],[-0.0819196,0.831477,0.549486],[0.462606,-0.456624,0.759928]],[[0.882771,0.316448,-0.34724],[-0.153921,0.893136,0.422631],[0.443873,-0.319639,0.837142]],[[0.882771,0.316448,-0.34724],[-0.216558,0.930001,0.296988],[0.416915,-0.186975,0.889507]]],"btipPosition":[-48.5099,258.343,-6.07197],"carpPosition":[7.74469,201.284,107.991],"dipPosition":[-41.7832,255.326,8.27973],"direction":[-0.443873,0.319639,-0.837142],"extended":true,"handId":92,"id":922,"length":57.5304,"mcpPosition":[-11.8016,228.625,60.1673],"pipPosition":[-30.9461,247.522,28.7185],"stabilizedTipPosition":[-46.8726,257.659,-2.77875],"timeVisible":7.99379,"tipPosition":[-46.2118,252.856,-4.55779],"tipVelocity":[-17.7457,-2.12618,0.822896],"tool":false,"touchDistance":-0.284997,"touchZone":"touching","type":2,"width":15.1855},{"bases":[[[0.981036,0.11866,-0.15326],[-0.0194697,0.847034,0.531182],[0.192846,-0.518124,0.833281]],[[0.920633,0.222398,-0.320896],[0.0196812,0.794425,0.607043],[0.389933,-0.565179,0.726997]],[[0.920633,0.222398,-0.320896],[-0.024819,0.853579,0.520371],[0.389639,-0.471107,0.791353]],[[0.920633,0.222398,-0.320896],[-0.0577034,0.890385,0.451536],[0.386141,-0.397182,0.832551]]],"btipPosition":[-23.4985,271.302,1.59468],"carpPosition":[17.0422,204.853,105.392],"dipPosition":[-17.3041,264.931,14.9502],"direction":[-0.389639,0.471107,-0.791353],"extended":true,"handId":92,"id":923,"length":55.3171,"mcpPosition":[6.92149,232.045,61.6605],"pipPosition":[-8.03674,253.726,33.7721],"stabilizedTipPosition":[-21.9565,269.866,4.66337],"timeVisible":7.99379,"tipPosition":[-19.9954,264.616,1.26955],"tipVelocity":[-18.692,-3.5675,-0.0319754],"tool":false,"touchDistance":-0.284514,"touchZone":"touching","type":3,"width":14.45},{"bases":[[[0.986403,-0.0837014,-0.141432],[0.150469,0.806054,0.572396],[0.0660914,-0.585894,0.807688]],[[0.948971,0.0445514,-0.312199],[0.168075,0.766204,0.620227],[0.26684,-0.641051,0.719618]],[[0.948971,0.0445514,-0.312199],[0.136433,0.834535,0.533795],[0.284323,-0.54915,0.785872]],[[0.948971,0.0445514,-0.312199],[0.115176,0.872624,0.474617],[0.293577,-0.486355,0.822965]]],"btipPosition":[7.61835,267.126,14.8397],"carpPosition":[28.0494,202.782,101.301],"dipPosition":[11.9631,259.929,27.0189],"direction":[-0.284323,0.54915,-0.785872],"extended":true,"handId":92,"id":924,"length":43.3675,"mcpPosition":[24.8386,231.245,62.0626],"pipPosition":[16.7376,250.707,40.2159],"stabilizedTipPosition":[8.76716,265.524,17.6594],"timeVisible":7.99379,"tipPosition":[9.2815,258.908,14.3737],"tipVelocity":[-19.1452,-4.93574,-3.07062],"tool":false,"touchDistance":-0.286701,"touchZone":"touching","type":4,"width":12.8356},{"bases":[[[0.139864,0.905211,0.401287],[-0.693114,-0.19992,0.692549],[0.707129,-0.375,0.599453]],[[-0.198435,0.976567,0.0833113],[-0.881656,-0.214986,0.420076],[0.428143,0.00990595,0.903657]],[[-0.198435,0.976567,0.0833113],[-0.902548,-0.215211,0.372948],[0.382139,-0.00118642,0.924104]],[[-0.198435,0.976567,0.0833113],[-0.978391,-0.202407,0.0422096],[0.0580833,-0.0731352,0.995629]]],"btipPosition":[-30.7994,176.843,21.85],"carpPosition":[-0.539868,175.753,106.701],"dipPosition":[-29.6322,175.374,41.856],"direction":[-0.382139,0.00118642,-0.924104],"extended":true,"handId":92,"id":920,"length":44.7461,"mcpPosition":[-0.539868,175.753,106.701],"pipPosition":[-18.4456,175.339,68.9081],"stabilizedTipPosition":[-29.8365,177.566,26.5405],"timeVisible":7.99379,"tipPosition":[-24.287,176.677,24.53],"tipVelocity":[-19.3104,-6.01688,-6.14557],"tool":false,"touchDistance":0.332277,"touchZone":"hovering","type":0,"width":16.187},{"bases":[[[0.852707,0.455804,-0.255213],[-0.255304,0.789847,0.557639],[0.455753,-0.410346,0.789877]],[[0.770985,0.514343,-0.375543],[-0.537745,0.841694,0.0487999],[0.341193,0.164323,0.925519]],[[0.770985,0.514343,-0.375543],[-0.525394,0.18043,-0.831509],[-0.359922,0.838389,0.409342]],[[0.770985,0.514343,-0.375543],[-0.207834,-0.354194,-0.911785],[-0.601986,0.781023,-0.16618]]],"btipPosition":[-24.7456,185.679,21.3075],"carpPosition":[-0.368403,195.303,110.19],"dipPosition":[-33.5763,197.136,18.8697],"direction":[0.359922,-0.838389,-0.409342],"extended":false,"handId":92,"id":921,"length":50.491,"mcpPosition":[-28.46,220.596,61.5038],"pipPosition":[-41.0455,214.535,27.3645],"stabilizedTipPosition":[-25.5381,188.45,21.672],"timeVisible":7.99379,"tipPosition":[-24.0291,185.208,22.0642],"tipVelocity":[-27.0174,5.9613,-23.0305],"tool":false,"touchDistance":0.222901,"touchZone":"hovering","type":1,"width":15.4618}],"r":[[0.883983,0.45958,0.0857852],[-0.459786,0.887836,-0.0185202],[-0.0846748,-0.0230714,0.996142]],"s":1.08049,"t":[-164.603,49.6304,151.844],"timestamp":7804190797},{"currentFrameRate":111.704,"devices":[],"gestures":[],"hands":[{"armBasis":[[0.801605,0.5148,-0.30399],[-0.156673,0.671584,0.724174],[0.57696,-0.532874,0.619001]],"armWidth":51.6826,"confidence":1,"direction":[-0.338733,0.591574,-0.731642],"elbow":[157.661,61.7498,259.77],"grabAngle":0.720459,"grabStrength":0,"id":92,"palmNormal":[0.184176,-0.720879,-0.668141],"palmPosition":[-1.76678,214.409,72.7555],"palmVelocity":[-9.36114,-7.23533,-4.48331],"palmWidth":76.2329,"pinchDistance":13.7613,"pinchStrength":1,"r":[[0.883724,0.460146,0.0854234],[-0.460342,0.887548,-0.0185753],[-0.0843647,-0.0229086,0.996172]],"s":1.08024,"sphereCenter":[-45.3114,209.036,47.1863],"sphereRadius":57.8905,"stabilizedPalmPosition":[-0.410746,215.891,73.1857],"t":[-164.7,49.5483,151.798],"timeVisible":8.00275,"type":"right","wrist":[27.1464,182.292,119.745]}],"id":116881,"interactionBox":{"center":[0,200,0],"size":[235.247,235.247,147.751]},"pointables":[{"bases":[[[0.937326,0.254254,-0.238276],[-0.0967518,0.84682,0.523006],[0.334753,-0.467173,0.818345]],[[0.88261,0.315875,-0.34817],[-0.0812394,0.831963,0.548851],[0.463033,-0.456137,0.759961]],[[0.88261,0.315875,-0.34817],[-0.153235,0.89348,0.422153],[0.44443,-0.319245,0.836997]],[[0.88261,0.315875,-0.34817],[-0.215678,0.930158,0.297135],[0.41771,-0.187162,0.889094]]],"btipPosition":[-48.6408,258.244,-6.10888],"carpPosition":[7.67884,201.246,107.956],"dipPosition":[-41.9013,255.224,8.23616],"direction":[-0.44443,0.319245,-0.836998],"extended":true,"handId":92,"id":922,"length":57.5304,"mcpPosition":[-11.8884,228.553,60.1216],"pipPosition":[-31.0506,247.43,28.6714],"stabilizedTipPosition":[-47.0069,257.592,-2.7977],"timeVisible":8.00275,"tipPosition":[-46.3328,252.748,-4.59966],"tipVelocity":[-14.2908,-11.102,-4.29279],"tool":false,"touchDistance":-0.285407,"touchZone":"touching","type":2,"width":15.1855},{"bases":[[[0.98098,0.11817,-0.153996],[-0.0188164,0.847497,0.530466],[0.193197,-0.517479,0.833601]],[[0.920395,0.221922,-0.321905],[0.0205142,0.794767,0.606568],[0.39045,-0.564886,0.726947]],[[0.920395,0.221922,-0.321905],[-0.0239854,0.853807,0.520037],[0.390253,-0.470919,0.791163]],[[0.920395,0.221922,-0.321905],[-0.0567843,0.890452,0.451521],[0.386844,-0.397299,0.832169]]],"btipPosition":[-23.6288,271.211,1.54645],"carpPosition":[16.976,204.81,105.348],"dipPosition":[-17.4232,264.838,14.8959],"direction":[-0.390253,0.470919,-0.791163],"extended":true,"handId":92,"id":923,"length":55.3171,"mcpPosition":[6.83686,231.967,61.5997],"pipPosition":[-8.14123,253.637,33.7132],"stabilizedTipPosition":[-22.0928,269.799,4.63747],"timeVisible":8.00275,"tipPosition":[-20.1128,264.51,1.20731],"tipVelocity":[-14.2653,-10.248,-5.54296],"tool":false,"touchDistance":-0.28514,"touchZone":"touching","type":3,"width":14.45},{"bases":[[[0.986281,-0.0841835,-0.141999],[0.151134,0.80649,0.571605],[0.0664007,-0.585224,0.808148]],[[0.948683,0.0441536,-0.313131],[0.168942,0.766286,0.61989],[0.267318,-0.64098,0.719503]],[[0.948683,0.0441536,-0.313131],[0.137264,0.83456,0.533543],[0.284885,-0.549144,0.785672]],[[0.948683,0.0441536,-0.313131],[0.115934,0.872697,0.474298],[0.294211,-0.486261,0.822794]]],"btipPosition":[7.50037,267.039,14.7773],"carpPosition":[27.9797,202.731,101.251],"dipPosition":[11.8544,259.843,26.954],"direction":[-0.284885,0.549144,-0.785672],"extended":true,"handId":92,"id":924,"length":43.3675,"mcpPosition":[24.7539,231.162,61.9908],"pipPosition":[16.6385,250.621,40.1476],"stabilizedTipPosition":[8.63581,265.455,17.6191],"timeVisible":8.00275,"tipPosition":[9.17414,258.808,14.2976],"tipVelocity":[-12.9348,-9.71754,-7.02847],"tool":false,"touchDistance":-0.287308,"touchZone":"touching","type":4,"width":12.8356},{"bases":[[[0.140454,0.905504,0.400419],[-0.692738,-0.199072,0.693169],[0.70738,-0.374744,0.599317]],[[-0.198065,0.976706,0.0825586],[-0.881271,-0.214317,0.421223],[0.429105,0.0106733,0.903192]],[[-0.198065,0.976706,0.0825586],[-0.902199,-0.214583,0.374154],[0.383154,-0.000377385,0.923684]],[[-0.198065,0.976706,0.0825586],[-0.978427,-0.202055,0.0430658],[0.058744,-0.0722477,0.995655]]],"btipPosition":[-30.9586,176.733,21.8736],"carpPosition":[-0.615873,175.717,106.693],"dipPosition":[-29.7782,175.282,41.8801],"direction":[-0.383154,0.000377385,-0.923684],"extended":true,"handId":92,"id":920,"length":44.7461,"mcpPosition":[-0.615873,175.717,106.693],"pipPosition":[-18.5618,175.271,68.9199],"stabilizedTipPosition":[-29.9274,177.442,26.5335],"timeVisible":8.00275,"tipPosition":[-24.4297,176.579,24.5412],"tipVelocity":[-17.4408,-11.7903,2.64601],"tool":false,"touchDistance":0.332672,"touchZone":"hovering","type":0,"width":16.187},{"bases":[[[0.852708,0.455273,-0.256156],[-0.254654,0.790419,0.557125],[0.456115,-0.409834,0.789934]],[[0.771367,0.513488,-0.375929],[-0.536431,0.84246,0.0500308],[0.342395,0.163068,0.925297]],[[0.771367,0.513488,-0.375929],[-0.527405,0.185227,-0.829177],[-0.356141,0.837867,0.413694]],[[0.771367,0.513488,-0.375929],[-0.210992,-0.350956,-0.912312],[-0.600396,0.783045,-0.162374]]],"btipPosition":[-24.9806,185.642,21.1415],"carpPosition":[-0.43501,195.27,110.166],"dipPosition":[-33.788,197.129,18.7595],"direction":[0.356141,-0.837867,-0.413694],"extended":false,"handId":92,"id":921,"length":50.491,"mcpPosition":[-28.5489,220.531,61.4758],"pipPosition":[-41.1788,214.516,27.3446],"stabilizedTipPosition":[-25.6852,188.434,21.564],"timeVisible":8.00275,"tipPosition":[-24.1932,185.148,22.0448],"tipVelocity":[-25.6479,-3.39704,-17.1069],"tool":false,"touchDistance":0.220348,"touchZone":"hovering","type":1,"width":15.4618}],"r":[[0.883724,0.460146,0.0854234],[-0.460342,0.887548,-0.0185753],[-0.0843647,-0.0229086,0.996172]],"s":1.08024,"t":[-164.7,49.5483,151.798],"timestamp":7804199752},{"currentFrameRate":111.995,"devices":[],"gestures":[],"hands":[{"armBasis":[[0.801583,0.514174,-0.305107],[-0.155824,0.672339,0.723657],[0.577221,-0.532528,0.619056]],"armWidth":51.6826,"confidence":1,"direction":[-0.33869,0.591429,-0.73178],"elbow":[157.668,61.7713,259.777],"grabAngle":0.718439,"grabStrength":0,"id":92,"palmNormal":[0.183203,-0.721408,-0.667838],"palmPosition":[-1.82386,214.345,72.7483],"palmVelocity":[-6.77922,-7.64242,-0.845122],"palmWidth":76.2329,"pinchDistance":13.8706,"pinchStrength":1,"r":[[0.8836,0.460467,0.0849772],[-0.460645,0.887388,-0.0186661],[-0.0840029,-0.022651,0.996208]],"s":1.08002,"sphereCenter":[-45.472,209.054,47.2674],"sphereRadius":57.9254,"stabilizedPalmPosition":[-0.484558,215.81,73.1628],"t":[-164.777,49.4751,151.772],"timeVisible":8.01117,"type":"right","wrist":[27.0944,182.235,119.74]}],"id":116882,"interactionBox":{"center":[0,200,0],"size":[235.247,235.247,147.751]},"pointables":[{"bases":[[[0.937389,0.253366,-0.238974],[-0.0957632,0.847195,0.52258],[0.334861,-0.466976,0.818414]],[[0.882699,0.314929,-0.3488],[-0.080083,0.832175,0.5487],[0.463064,-0.456404,0.759781]],[[0.882699,0.314929,-0.3488],[-0.151884,0.893577,0.422434],[0.444717,-0.319905,0.836593]],[[0.882699,0.314929,-0.3488],[-0.214118,0.93023,0.298035],[0.418325,-0.188391,0.888546]]],"btipPosition":[-48.7122,258.228,-6.09192],"carpPosition":[7.63196,201.194,107.951],"dipPosition":[-41.9628,255.188,8.24427],"direction":[-0.444717,0.319905,-0.836593],"extended":true,"handId":92,"id":922,"length":57.5304,"mcpPosition":[-11.9416,228.49,60.1124],"pipPosition":[-31.105,247.378,28.6696],"stabilizedTipPosition":[-47.0944,257.556,-2.79592],"timeVisible":8.01117,"tipPosition":[-46.4074,252.692,-4.59586],"tipVelocity":[-8.20969,-2.49097,1.77236],"tool":false,"touchDistance":-0.284976,"touchZone":"touching","type":2,"width":15.1855},{"bases":[[[0.980983,0.117294,-0.154642],[-0.0178229,0.847814,0.529994],[0.193273,-0.517159,0.833782]],[[0.920287,0.221118,-0.322767],[0.0216564,0.794923,0.606324],[0.390644,-0.564982,0.726768]],[[0.920287,0.221118,-0.322767],[-0.0227536,0.853829,0.520056],[0.390581,-0.471257,0.790799]],[[0.920287,0.221118,-0.322767],[-0.0554098,0.890323,0.451946],[0.3873,-0.398035,0.831605]]],"btipPosition":[-23.7009,271.157,1.5488],"carpPosition":[16.9304,204.749,105.335],"dipPosition":[-17.488,264.772,14.8892],"direction":[-0.390581,0.471257,-0.790799],"extended":true,"handId":92,"id":923,"length":55.3171,"mcpPosition":[6.78729,231.89,61.5775],"pipPosition":[-8.19822,253.563,33.6979],"stabilizedTipPosition":[-22.1861,269.741,4.62685],"timeVisible":8.01117,"tipPosition":[-20.178,264.435,1.19249],"tipVelocity":[-8.36679,-6.74651,0.0315487],"tool":false,"touchDistance":-0.284956,"touchZone":"touching","type":3,"width":14.45},{"bases":[[[0.986129,-0.0850565,-0.142532],[0.152119,0.806694,0.571056],[0.0664078,-0.584817,0.808443]],[[0.948377,0.0435447,-0.314142],[0.170089,0.766193,0.619693],[0.267678,-0.641134,0.719233]],[[0.948377,0.0435447,-0.314142],[0.138442,0.83433,0.533599],[0.285334,-0.549544,0.78523]],[[0.948377,0.0435447,-0.314142],[0.117153,0.872369,0.474602],[0.294715,-0.486904,0.822233]]],"btipPosition":[7.42445,266.968,14.7689],"carpPosition":[27.9301,202.659,101.233],"dipPosition":[11.786,259.762,26.9373],"direction":[-0.285334,0.549544,-0.78523],"extended":true,"handId":92,"id":924,"length":43.3675,"mcpPosition":[24.7039,231.07,61.9585],"pipPosition":[16.5775,250.534,40.1235],"stabilizedTipPosition":[8.5401,265.389,17.5955],"timeVisible":8.01117,"tipPosition":[9.11584,258.724,14.27],"tipVelocity":[-8.81267,-8.68112,-1.22055],"tool":false,"touchDistance":-0.287065,"touchZone":"touching","type":4,"width":12.8356},{"bases":[[[0.141417,0.905619,0.399819],[-0.692489,-0.19812,0.693691],[0.707432,-0.37497,0.599113]],[[-0.197202,0.976915,0.0821493],[-0.881022,-0.213351,0.422235],[0.430014,0.0108903,0.902757]],[[-0.197202,0.976915,0.0821493],[-0.902021,-0.213629,0.375129],[0.384018,-0.000124108,0.923325]],[[-0.197202,0.976915,0.0821493],[-0.978537,-0.201254,0.0442904],[0.0598008,-0.071652,0.995635]]],"btipPosition":[-31.1113,176.659,21.9169],"carpPosition":[-0.683985,175.671,106.707],"dipPosition":[-29.9096,175.219,41.9231],"direction":[-0.384018,0.000124108,-0.923325],"extended":true,"handId":92,"id":920,"length":44.7461,"mcpPosition":[-0.683985,175.671,106.707],"pipPosition":[-18.6679,175.216,68.9524],"stabilizedTipPosition":[-30.0135,177.336,26.5321],"timeVisible":8.01117,"tipPosition":[-24.5603,176.505,24.5736],"tipVelocity":[-17.5513,-8.50562,5.13942],"tool":false,"touchDistance":0.333387,"touchZone":"hovering","type":0,"width":16.187},{"bases":[[[0.852922,0.454442,-0.256919],[-0.25369,0.790941,0.556824],[0.456252,-0.40975,0.789898]],[[0.772141,0.51232,-0.375935],[-0.534556,0.843553,0.0516485],[0.343582,0.161079,0.925205]],[[0.772141,0.51232,-0.375935],[-0.528352,0.188914,-0.827741],[-0.353049,0.837759,0.416553]],[[0.772141,0.51232,-0.375935],[-0.213979,-0.347428,-0.912966],[-0.598341,0.78538,-0.158637]]],"btipPosition":[-25.1775,185.634,21.0359],"carpPosition":[-0.485375,195.226,110.169],"dipPosition":[-33.9548,197.155,18.7088],"direction":[0.353049,-0.837759,-0.416553],"extended":false,"handId":92,"id":921,"length":50.491,"mcpPosition":[-28.6077,220.482,61.481],"pipPosition":[-41.2814,214.54,27.3532],"stabilizedTipPosition":[-25.826,188.42,21.4648],"timeVisible":8.01117,"tipPosition":[-24.3341,185.107,22.0511],"tipVelocity":[-22.5623,-0.00462786,-11.0414],"tool":false,"touchDistance":0.218798,"touchZone":"hovering","type":1,"width":15.4618}],"r":[[0.8836,0.460467,0.0849772],[-0.460645,0.887388,-0.0186661],[-0.0840029,-0.022651,0.996208]],"s":1.08002,"t":[-164.777,49.4751,151.772],"timestamp":7804208172},{"currentFrameRate":111.771,"devices":[],"gestures":[],"hands":[{"armBasis":[[0.801788,0.512816,-0.306849],[-0.154186,0.673591,0.722843],[0.577376,-0.532255,0.619146]],"armWidth":51.6826,"confidence":1,"direction":[-0.338817,0.591455,-0.731699],"elbow":[157.67,61.8002,259.77],"grabAngle":0.716712,"grabStrength":0,"id":92,"palmNormal":[0.181259,-0.722096,-0.667625],"palmPosition":[-1.87434,214.317,72.734],"palmVelocity":[-5.40554,-2.92809,-1.53874],"palmWidth":76.2329,"pinchDistance":13.981,"pinchStrength":1,"r":[[0.883657,0.460477,0.0843239],[-0.460636,0.887391,-0.0187276],[-0.083452,-0.0222939,0.996262]],"s":1.07969,"sphereCenter":[-45.6185,209.113,47.3541],"sphereRadius":57.9419,"stabilizedPalmPosition":[-0.561007,215.728,73.1392],"t":[-164.841,49.4248,151.751],"timeVisible":8.02051,"type":"right","wrist":[27.0615,182.202,119.712]}],"id":116883,"interactionBox":{"center":[0,200,0],"size":[235.247,235.247,147.751]},"pointables":[{"bases":[[[0.937432,0.251856,-0.240395],[-0.0938329,0.847664,0.52217],[0.335286,-0.466941,0.81826]],[[0.882809,0.313313,-0.349977],[-0.078081,0.832569,0.54839],[0.463198,-0.456797,0.759463]],[[0.882809,0.313313,-0.349977],[-0.14975,0.893901,0.422512],[0.445223,-0.320588,0.836062]],[[0.882809,0.313313,-0.349977],[-0.211783,0.930515,0.298815],[0.419281,-0.189677,0.887821]]],"btipPosition":[-48.7925,258.261,-6.06387],"carpPosition":[7.60979,201.175,107.932],"dipPosition":[-42.0276,255.2,8.26063],"direction":[-0.445223,0.320588,-0.836062],"extended":true,"handId":92,"id":922,"length":57.5304,"mcpPosition":[-11.9886,228.469,60.1026],"pipPosition":[-31.1575,247.373,28.673],"stabilizedTipPosition":[-47.1764,257.556,-2.78054],"timeVisible":8.02051,"tipPosition":[-46.5083,252.694,-4.56972],"tipVelocity":[-8.21768,3.01947,2.71551],"tool":false,"touchDistance":-0.284431,"touchZone":"touching","type":2,"width":15.1855},{"bases":[[[0.980943,0.115774,-0.156036],[-0.0158819,0.848175,0.529478],[0.193646,-0.51691,0.83385]],[[0.920082,0.219689,-0.324324],[0.0236222,0.795312,0.60574],[0.391013,-0.564992,0.726562]],[[0.920082,0.219689,-0.324324],[-0.0207449,0.8541,0.519696],[0.391176,-0.471434,0.790399]],[[0.920082,0.219689,-0.324324],[-0.0532115,0.890354,0.452148],[0.388095,-0.398756,0.830889]]],"btipPosition":[-23.7821,271.126,1.5406],"carpPosition":[16.9099,204.715,105.302],"dipPosition":[-17.5564,264.729,14.8695],"direction":[-0.391176,0.471434,-0.790399],"extended":true,"handId":92,"id":923,"length":55.3171,"mcpPosition":[6.74716,231.843,61.5404],"pipPosition":[-8.25251,253.517,33.6687],"stabilizedTipPosition":[-22.2745,269.695,4.61576],"timeVisible":8.02051,"tipPosition":[-20.2552,264.396,1.17586],"tipVelocity":[-8.37926,-3.57992,-1.16011],"tool":false,"touchDistance":-0.284956,"touchZone":"touching","type":3,"width":14.45},{"bases":[[[0.985812,-0.0865756,-0.143804],[0.154055,0.806834,0.570338],[0.0666489,-0.5844,0.808724]],[[0.947791,0.042446,-0.316056],[0.172074,0.766359,0.618938],[0.268484,-0.641008,0.719044]],[[0.947791,0.042446,-0.316056],[0.140371,0.834388,0.533003],[0.286337,-0.54954,0.784867]],[[0.947791,0.042446,-0.316056],[0.119161,0.872169,0.474471],[0.295794,-0.487361,0.821575]]],"btipPosition":[7.32632,266.898,14.7298],"carpPosition":[27.9009,202.607,101.186],"dipPosition":[11.7038,259.686,26.8885],"direction":[-0.286337,0.54954,-0.784867],"extended":true,"handId":92,"id":924,"length":43.3675,"mcpPosition":[24.6631,230.997,61.8979],"pipPosition":[16.5122,250.457,40.0686],"stabilizedTipPosition":[8.44452,265.32,17.5635],"timeVisible":8.02051,"tipPosition":[9.04861,258.665,14.2233],"tipVelocity":[-10.1136,-7.63677,-4.42875],"tool":false,"touchDistance":-0.287312,"touchZone":"touching","type":4,"width":12.8356},{"bases":[[[0.143266,0.905666,0.399053],[-0.691841,-0.196677,0.694748],[0.707694,-0.375615,0.5984]],[[-0.195543,0.977267,0.0819312],[-0.880602,-0.211741,0.423917],[0.431628,0.010745,0.901988]],[[-0.195543,0.977267,0.0819312],[-0.901802,-0.212013,0.376568],[0.385377,-0.000250769,0.922759]],[[-0.195543,0.977267,0.0819312],[-0.978767,-0.199712,0.0461538],[0.0614673,-0.0711666,0.995569]]],"btipPosition":[-31.3128,176.652,21.9757],"carpPosition":[-0.744768,175.664,106.716],"dipPosition":[-30.0777,175.222,41.9805],"direction":[-0.385377,0.000250769,-0.922759],"extended":true,"handId":92,"id":920,"length":44.7461,"mcpPosition":[-0.744768,175.664,106.716],"pipPosition":[-18.7962,175.214,68.9932],"stabilizedTipPosition":[-30.1126,177.237,26.5364],"timeVisible":8.02051,"tipPosition":[-24.7427,176.48,24.6178],"tipVelocity":[-20.7589,-0.55184,6.2557],"tool":false,"touchDistance":0.334258,"touchZone":"hovering","type":0,"width":16.187},{"bases":[[[0.853232,0.453043,-0.258354],[-0.251795,0.791661,0.556662],[0.456721,-0.40991,0.789544]],[[0.773409,0.510367,-0.375985],[-0.531581,0.845289,0.0539342],[0.345342,0.158153,0.925055]],[[0.773409,0.510367,-0.375985],[-0.52883,0.192413,-0.826629],[-0.34954,0.838154,0.418711]],[[0.773409,0.510367,-0.375985],[-0.217253,-0.343797,-0.913567],[-0.595517,0.788244,-0.155017]]],"btipPosition":[-25.4134,185.696,20.9613],"carpPosition":[-0.513183,195.22,110.165],"dipPosition":[-34.1493,197.259,18.6873],"direction":[0.34954,-0.838154,-0.418711],"extended":false,"handId":92,"id":921,"length":50.491,"mcpPosition":[-28.6645,220.486,61.4987],"pipPosition":[-41.403,214.653,27.3765],"stabilizedTipPosition":[-25.9967,188.413,21.3551],"timeVisible":8.02051,"tipPosition":[-24.5246,185.113,22.069],"tipVelocity":[-24.2378,7.67377,-6.67676],"tool":false,"touchDistance":0.217759,"touchZone":"hovering","type":1,"width":15.4618}],"r":[[0.883657,0.460477,0.0843239],[-0.460636,0.887391,-0.0187276],[-0.083452,-0.0222939,0.996262]],"s":1.07969,"t":[-164.841,49.4248,151.751],"timestamp":7804217511},{"currentFrameRate":112.28,"devices":[],"gestures":[],"hands":[{"armBasis":[[0.801762,0.512167,-0.307998],[-0.153248,0.674308,0.722374],[0.577661,-0.531972,0.619123]],"armWidth":51.6826,"confidence":1,"direction":[-0.338722,0.591048,-0.732072],"elbow":[157.689,61.8492,259.762],"grabAngle":0.715595,"grabStrength":0,"id":92,"palmNormal":[0.18035,-0.722854,-0.667051],"palmPosition":[-1.9227,214.281,72.7176],"palmVelocity":[-6.0319,-4.57515,-2.03813],"palmWidth":76.2329,"pinchDistance":14.0663,"pinchStrength":1,"r":[[0.883784,0.460362,0.0836267],[-0.460491,0.887463,-0.0188937],[-0.0829136,-0.0218114,0.996318]],"s":1.07937,"sphereCenter":[-45.7668,209.077,47.396],"sphereRadius":57.9858,"stabilizedPalmPosition":[-0.622738,215.662,73.1201],"t":[-164.897,49.3813,151.733],"timeVisible":8.02853,"type":"right","wrist":[27.0155,182.187,119.709]}],"id":116884,"interactionBox":{"center":[0,200,0],"size":[235.247,235.247,147.751]},"pointables":[{"bases":[[[0.937508,0.250894,-0.241103],[-0.0928983,0.848219,0.521435],[0.335333,-0.466452,0.81852]],[[0.882894,0.312277,-0.350686],[-0.0772911,0.833278,0.547424],[0.463167,-0.456213,0.759833]],[[0.882894,0.312277,-0.350686],[-0.148803,0.894392,0.421806],[0.445371,-0.320227,0.836122]],[[0.882894,0.312277,-0.350686],[-0.210618,0.930838,0.298631],[0.419687,-0.189799,0.887603]]],"btipPosition":[-48.845,258.189,-6.10137],"carpPosition":[7.56894,201.163,107.923],"dipPosition":[-42.0736,255.127,8.21962],"direction":[-0.445371,0.320227,-0.836122],"extended":true,"handId":92,"id":922,"length":57.5304,"mcpPosition":[-12.0322,228.429,60.0784],"pipPosition":[-31.1999,247.309,28.6335],"stabilizedTipPosition":[-47.2302,257.522,-2.79362],"timeVisible":8.02853,"tipPosition":[-46.5659,252.623,-4.59809],"tipVelocity":[-6.3581,-8.95748,-4.77739],"tool":false,"touchDistance":-0.284896,"touchZone":"touching","type":2,"width":15.1855},{"bases":[[[0.980955,0.114856,-0.156641],[-0.0149432,0.848675,0.528704],[0.193662,-0.516294,0.834228]],[[0.919976,0.218803,-0.325221],[0.0244667,0.796028,0.604766],[0.391209,-0.564327,0.726973]],[[0.919976,0.218803,-0.325221],[-0.0198214,0.854608,0.518896],[0.391472,-0.470926,0.790556]],[[0.919976,0.218803,-0.325221],[-0.0521392,0.890637,0.451716],[0.38849,-0.398612,0.830773]]],"btipPosition":[-23.8432,271.032,1.48611],"carpPosition":[16.8705,204.694,105.284],"dipPosition":[-17.6112,264.638,14.8131],"direction":[-0.391472,0.470926,-0.790556],"extended":true,"handId":92,"id":923,"length":55.3171,"mcpPosition":[6.70694,231.789,61.5035],"pipPosition":[-8.30025,253.437,33.616],"stabilizedTipPosition":[-22.3345,269.636,4.58721],"timeVisible":8.02853,"tipPosition":[-20.3036,264.316,1.1279],"tipVelocity":[-7.44186,-11.6232,-6.85019],"tool":false,"touchDistance":-0.285618,"touchZone":"touching","type":3,"width":14.45},{"bases":[[[0.98567,-0.0874867,-0.144225],[0.154982,0.807238,0.569516],[0.0665985,-0.583707,0.809229]],[[0.947488,0.0417749,-0.317051],[0.172951,0.766988,0.617913],[0.268988,-0.6403,0.719487]],[[0.947488,0.0417749,-0.317051],[0.141293,0.834725,0.532231],[0.286884,-0.54908,0.78499]],[[0.947488,0.0417749,-0.317051],[0.12019,0.872226,0.474105],[0.296346,-0.487315,0.821403]]],"btipPosition":[7.25295,266.801,14.6717],"carpPosition":[27.8578,202.573,101.166],"dipPosition":[11.6386,259.589,26.8278],"direction":[-0.286884,0.54908,-0.78499],"extended":true,"handId":92,"id":924,"length":43.3675,"mcpPosition":[24.6224,230.93,61.8527],"pipPosition":[16.4562,250.368,40.01],"stabilizedTipPosition":[8.37534,265.253,17.5272],"timeVisible":8.02853,"tipPosition":[9.00371,258.582,14.1687],"tipVelocity":[-8.91611,-12.1484,-7.3236],"tool":false,"touchDistance":-0.287795,"touchZone":"touching","type":4,"width":12.8356},{"bases":[[[0.144184,0.90592,0.398145],[-0.691643,-0.19549,0.69528],[0.707702,-0.375623,0.598386]],[[-0.194764,0.977492,0.0810942],[-0.880506,-0.210669,0.42465],[0.432177,0.0113025,0.901718]],[[-0.194764,0.977492,0.0810942],[-0.901545,-0.210971,0.377766],[0.386372,0.000464968,0.922343]],[[-0.194764,0.977492,0.0810942],[-0.978787,-0.199048,0.048531],[0.0635803,-0.0699219,0.995524]]],"btipPosition":[-31.4689,176.576,22.0187],"carpPosition":[-0.806379,175.658,106.735],"dipPosition":[-30.1914,175.171,42.0227],"direction":[-0.386372,-0.000464968,-0.922343],"extended":true,"handId":92,"id":920,"length":44.7461,"mcpPosition":[-0.806379,175.658,106.735],"pipPosition":[-18.8808,175.185,69.0232],"stabilizedTipPosition":[-30.1977,177.158,26.5431],"timeVisible":8.02853,"tipPosition":[-24.8653,176.416,24.6542],"tipVelocity":[-18.2519,-8.69982,5.34263],"tool":false,"touchDistance":0.334808,"touchZone":"hovering","type":0,"width":16.187},{"bases":[[[0.853458,0.45213,-0.259205],[-0.250887,0.792372,0.55606],[0.456798,-0.409543,0.78969]],[[0.774227,0.509058,-0.376074],[-0.529911,0.846292,0.0546175],[0.346072,0.157,0.924978]],[[0.774227,0.509058,-0.376074],[-0.528672,0.193483,-0.826481],[-0.347963,0.838704,0.418924]],[[0.774227,0.509058,-0.376074],[-0.219111,-0.341871,-0.913846],[-0.59377,0.789926,-0.153146]]],"btipPosition":[-25.5479,185.676,20.9238],"carpPosition":[-0.557603,195.217,110.165],"dipPosition":[-34.2581,197.264,18.6773],"direction":[0.347963,-0.838704,-0.418924],"extended":false,"handId":92,"id":921,"length":50.491,"mcpPosition":[-28.7136,220.46,61.4903],"pipPosition":[-41.4791,214.669,27.3709],"stabilizedTipPosition":[-26.1442,188.406,21.2652],"timeVisible":8.02853,"tipPosition":[-24.6373,185.065,22.0822],"tipVelocity":[-16.0345,-1.71226,-3.88689],"tool":false,"touchDistance":0.21724,"touchZone":"hovering","type":1,"width":15.4618}],"r":[[0.883784,0.460362,0.0836267],[-0.460491,0.887463,-0.0188937],[-0.0829136,-0.0218114,0.996318]],"s":1.07937,"t":[-164.897,49.3813,151.733],"timestamp":7804225529},{"currentFrameRate":112.372,"devices":[],"gestures":[],"hands":[{"armBasis":[[0.80172,0.511437,-0.309317],[-0.1522,0.675141,0.721817],[0.577996,-0.531617,0.619115]],"armWidth":51.6826,"confidence":1,"direction":[-0.338938,0.59042,-0.732479],"elbow":[157.727,61.9239,259.755],"grabAngle":0.714377,"grabStrength":0,"id":92,"palmNormal":[0.179364,-0.723731,-0.666365],"palmPosition":[-1.97975,214.239,72.7008],"palmVelocity":[-6.52759,-4.70527,-1.93052],"palmWidth":76.2329,"pinchDistance":14.1483,"pinchStrength":1,"r":[[0.883955,0.460177,0.082822],[-0.460266,0.887574,-0.0191566],[-0.0823261,-0.0211866,0.99638]],"s":1.07913,"sphereCenter":[-45.931,209.096,47.4834],"sphereRadius":58.0183,"stabilizedPalmPosition":[-0.686762,215.595,73.1003],"t":[-164.953,49.339,151.715],"timeVisible":8.03727,"type":"right","wrist":[26.9776,182.181,119.705]}],"id":116885,"interactionBox":{"center":[0,200,0],"size":[235.247,235.247,147.751]},"pointables":[{"bases":[[[0.937472,0.25003,-0.24214],[-0.0919507,0.848874,0.520536],[0.335696,-0.465723,0.818786]],[[0.882899,0.311238,-0.351597],[-0.0762089,0.833825,0.546744],[0.463338,-0.455924,0.759902]],[[0.882899,0.311238,-0.351597],[-0.147542,0.89473,0.421533],[0.445782,-0.320295,0.835877]],[[0.882899,0.311238,-0.351597],[-0.209218,0.931086,0.298841],[0.420378,-0.190286,0.887172]]],"btipPosition":[-48.9316,258.138,-6.11627],"carpPosition":[7.53184,201.157,107.914],"dipPosition":[-42.149,255.067,8.19775],"direction":[-0.445782,0.320295,-0.835877],"extended":true,"handId":92,"id":922,"length":57.5304,"mcpPosition":[-12.0905,228.38,60.0534],"pipPosition":[-31.2653,247.247,28.6056],"stabilizedTipPosition":[-47.3007,257.477,-2.8088],"timeVisible":8.03727,"tipPosition":[-46.6631,252.537,-4.61742],"tipVelocity":[-9.61194,-6.12232,-1.88879],"tool":false,"touchDistance":-0.284988,"touchZone":"touching","type":2,"width":15.1855},{"bases":[[[0.980901,0.114061,-0.157556],[-0.0139895,0.849289,0.527742],[0.194006,-0.515458,0.834664]],[[0.919752,0.217978,-0.326408],[0.0255574,0.796588,0.603983],[0.391667,-0.563856,0.727092]],[[0.919752,0.217978,-0.326408],[-0.0186802,0.85498,0.518325],[0.392055,-0.470633,0.790441]],[[0.919752,0.217978,-0.326408],[-0.050902,0.890832,0.451472],[0.389185,-0.398628,0.83044]]],"btipPosition":[-23.9409,270.948,1.44578],"carpPosition":[16.8335,204.678,105.264],"dipPosition":[-17.6977,264.554,14.7675],"direction":[-0.392055,0.470633,-0.790441],"extended":true,"handId":92,"id":923,"length":55.3171,"mcpPosition":[6.65188,231.73,61.4597],"pipPosition":[-8.37289,253.36,33.5676],"stabilizedTipPosition":[-22.4103,269.565,4.55275],"timeVisible":8.03727,"tipPosition":[-20.3917,264.217,1.07672],"tipVelocity":[-10.8817,-9.63881,-4.75503],"tool":false,"touchDistance":-0.286013,"touchZone":"touching","type":3,"width":14.45},{"bases":[[[0.985499,-0.0882695,-0.144912],[0.155942,0.807793,0.568465],[0.0668805,-0.58282,0.809844]],[[0.947075,0.0412058,-0.318356],[0.174013,0.767479,0.617006],[0.269756,-0.639749,0.71969]],[[0.947075,0.0412058,-0.318356],[0.142351,0.834978,0.531553],[0.287724,-0.548739,0.784921]],[[0.947075,0.0412058,-0.318356],[0.12126,0.872329,0.473644],[0.297228,-0.48718,0.821164]]],"btipPosition":[7.14715,266.706,14.6131],"carpPosition":[27.8161,202.545,101.139],"dipPosition":[11.5459,259.496,26.7656],"direction":[-0.287724,0.548739,-0.784921],"extended":true,"handId":92,"id":924,"length":43.3675,"mcpPosition":[24.567,230.859,61.7955],"pipPosition":[16.3776,250.281,39.9467],"stabilizedTipPosition":[8.29416,265.176,17.4826],"timeVisible":8.03727,"tipPosition":[8.92528,258.486,14.1021],"tipVelocity":[-11.7637,-10.7792,-6.80082],"tool":false,"touchDistance":-0.28824,"touchZone":"touching","type":4,"width":12.8356},{"bases":[[[0.145069,0.906285,0.396991],[-0.691208,-0.19426,0.696056],[0.707945,-0.37538,0.598251]],[[-0.194117,0.977703,0.0800985],[-0.880172,-0.20964,0.42585],[0.433147,0.0121642,0.901241]],[[-0.194117,0.977703,0.0800985],[-0.901095,-0.209988,0.379385],[0.387746,0.00146865,0.921765]],[[-0.194117,0.977703,0.0800985],[-0.978734,-0.198546,0.0515622],[0.0663157,-0.0683861,0.995452]]],"btipPosition":[-31.6587,176.477,22.0835],"carpPosition":[-0.860377,175.655,106.761],"dipPosition":[-30.3262,175.103,42.086],"direction":[-0.387746,-0.00146865,-0.921765],"extended":true,"handId":92,"id":920,"length":44.7461,"mcpPosition":[-0.860377,175.655,106.761],"pipPosition":[-18.9754,175.146,69.0696],"stabilizedTipPosition":[-30.2916,177.077,26.5546],"timeVisible":8.03727,"tipPosition":[-25.0112,176.334,24.7075],"tipVelocity":[-20.2664,-10.5242,7.37647],"tool":false,"touchDistance":0.335627,"touchZone":"hovering","type":0,"width":16.187},{"bases":[[[0.853533,0.451298,-0.260405],[-0.249947,0.793166,0.555351],[0.457173,-0.408923,0.789794]],[[0.77489,0.507768,-0.376452],[-0.528307,0.847249,0.0553214],[0.347039,0.156014,0.924783]],[[0.77489,0.507768,-0.376452],[-0.528132,0.192862,-0.826971],[-0.347306,0.839628,0.417615]],[[0.77489,0.507768,-0.376452],[-0.220634,-0.340827,-0.91387],[-0.592339,0.791207,-0.152072]]],"btipPosition":[-25.6803,185.638,20.9399],"carpPosition":[-0.596622,195.218,110.169],"dipPosition":[-34.3695,197.244,18.7091],"direction":[0.347306,-0.839628,-0.417615],"extended":false,"handId":92,"id":921,"length":50.491,"mcpPosition":[-28.7758,220.423,61.4878],"pipPosition":[-41.5769,214.668,27.3756],"stabilizedTipPosition":[-26.3072,188.396,21.1761],"timeVisible":8.03727,"tipPosition":[-24.7636,184.992,22.111],"tipVelocity":[-14.602,-3.95036,2.25499],"tool":false,"touchDistance":0.217568,"touchZone":"hovering","type":1,"width":15.4618}],"r":[[0.883955,0.460177,0.082822],[-0.460266,0.887574,-0.0191566],[-0.0823261,-0.0211866,0.99638]],"s":1.07913,"t":[-164.953,49.339,151.715],"timestamp":7804234268},{"currentFrameRate":112.405,"devices":[],"gestures":[],"hands":[{"armBasis":[[0.801609,0.510696,-0.310825],[-0.151264,0.676241,0.720983],[0.578396,-0.53093,0.619331]],"armWidth":51.6826,"confidence":1,"direction":[-0.339095,0.589629,-0.733043],"elbow":[157.785,62.1036,259.784],"grabAngle":0.713295,"grabStrength":0,"id":92,"palmNormal":[0.178429,-0.724756,-0.665502],"palmPosition":[-2.02789,214.216,72.6587],"palmVelocity":[-5.44655,-2.66035,-4.76299],"palmWidth":76.2329,"pinchDistance":14.2196,"pinchStrength":1,"r":[[0.884162,0.459941,0.0819249],[-0.459978,0.887715,-0.0195441],[-0.0817151,-0.0204035,0.996447]],"s":1.079,"sphereCenter":[-46.0641,209.159,47.5488],"sphereRadius":58.0338,"stabilizedPalmPosition":[-0.741356,215.539,73.0823],"t":[-165.005,49.3061,151.685],"timeVisible":8.04611,"type":"right","wrist":[26.946,182.206,119.685]}],"id":116886,"interactionBox":{"center":[0,200,0],"size":[235.247,235.247,147.751]},"pointables":[{"bases":[[[0.937454,0.249108,-0.243157],[-0.091042,0.849644,0.519438],[0.335993,-0.464812,0.819182]],[[0.883003,0.31005,-0.352383],[-0.0751075,0.834426,0.545978],[0.463318,-0.455633,0.760088]],[[0.883003,0.31005,-0.352383],[-0.146194,0.895094,0.421229],[0.446018,-0.320431,0.835698]],[[0.883003,0.31005,-0.352383],[-0.207722,0.931378,0.298977],[0.4209,-0.1908,0.886814]]],"btipPosition":[-48.9933,258.103,-6.16805],"carpPosition":[7.50085,201.175,107.883],"dipPosition":[-42.2023,255.024,8.1402],"direction":[-0.446018,0.320431,-0.835698],"extended":true,"handId":92,"id":922,"length":57.5304,"mcpPosition":[-12.1389,228.345,59.9992],"pipPosition":[-31.3128,247.201,28.5437],"stabilizedTipPosition":[-47.3573,257.441,-2.83838],"timeVisible":8.04611,"tipPosition":[-46.7458,252.457,-4.67192],"tipVelocity":[-6.76698,-4.16823,-6.00828],"tool":false,"touchDistance":-0.285619,"touchZone":"touching","type":2,"width":15.1855},{"bases":[[[0.980858,0.113228,-0.158418],[-0.0130754,0.85002,0.526588],[0.194283,-0.514436,0.83523]],[[0.919584,0.217036,-0.327507],[0.0266467,0.797205,0.60312],[0.391989,-0.563347,0.727314]],[[0.919584,0.217036,-0.327507],[-0.017507,0.855384,0.517699],[0.392503,-0.470334,0.790397]],[[0.919584,0.217036,-0.327507],[-0.0496064,0.891043,0.4512],[0.389749,-0.39867,0.830155]]],"btipPosition":[-24.0182,270.878,1.37064],"carpPosition":[16.8028,204.687,105.221],"dipPosition":[-17.7659,264.483,14.6878],"direction":[-0.392503,0.470334,-0.790397],"extended":true,"handId":92,"id":923,"length":55.3171,"mcpPosition":[6.60662,231.685,61.3874],"pipPosition":[-8.43049,253.296,33.4869],"stabilizedTipPosition":[-22.4762,269.504,4.50657],"timeVisible":8.04611,"tipPosition":[-20.4663,264.123,0.98974],"tipVelocity":[-8.51022,-7.97619,-8.62021],"tool":false,"touchDistance":-0.286888,"touchZone":"touching","type":3,"width":14.45},{"bases":[[[0.985339,-0.0890881,-0.1455],[0.156859,0.808473,0.567245],[0.067098,-0.581752,0.810594]],[[0.946687,0.0405574,-0.31959],[0.175057,0.768035,0.616018],[0.270441,-0.639123,0.719989]],[[0.946687,0.0405574,-0.31959],[0.143451,0.835192,0.530919],[0.288452,-0.54846,0.784848]],[[0.946687,0.0405574,-0.31959],[0.122412,0.872349,0.473311],[0.297991,-0.487199,0.820877]]],"btipPosition":[7.05727,266.628,14.5255],"carpPosition":[27.7811,202.542,101.091],"dipPosition":[11.4673,259.417,26.6738],"direction":[-0.288452,0.54846,-0.784848],"extended":true,"handId":92,"id":924,"length":43.3675,"mcpPosition":[24.5214,230.804,61.7115],"pipPosition":[16.3112,250.207,39.8536],"stabilizedTipPosition":[8.22149,265.108,17.4294],"timeVisible":8.04611,"tipPosition":[8.86001,258.398,14.0029],"tipVelocity":[-9.87439,-8.89823,-10.0195],"tool":false,"touchDistance":-0.289078,"touchZone":"touching","type":4,"width":12.8356},{"bases":[[[0.145925,0.906737,0.395644],[-0.690828,-0.192871,0.696819],[0.70814,-0.375005,0.598255]],[[-0.193456,0.977932,0.0788866],[-0.879858,-0.208504,0.427056],[0.43408,0.0132076,0.900778]],[[-0.193456,0.977932,0.0788866],[-0.900656,-0.208905,0.381022],[0.389093,0.00266124,0.921195]],[[-0.193456,0.977932,0.0788866],[-0.978656,-0.19803,0.0549233],[0.0693332,-0.0665776,0.995369]]],"btipPosition":[-31.8456,176.385,22.1312],"carpPosition":[-0.908215,175.677,106.771],"dipPosition":[-30.4525,175.047,42.132],"direction":[-0.389093,-0.00266124,-0.921195],"extended":true,"handId":92,"id":920,"length":44.7461,"mcpPosition":[-0.908215,175.677,106.771],"pipPosition":[-19.0622,175.125,69.0989],"stabilizedTipPosition":[-30.388,176.999,26.5684],"timeVisible":8.04611,"tipPosition":[-25.1482,176.258,24.7434],"tipVelocity":[-19.573,-9.50796,5.35371],"tool":false,"touchDistance":0.336108,"touchZone":"hovering","type":0,"width":16.187},{"bases":[[[0.853629,0.450404,-0.261638],[-0.249048,0.794083,0.554443],[0.457485,-0.408128,0.790024]],[[0.775606,0.506378,-0.376851],[-0.526707,0.848218,0.0557276],[0.347871,0.155268,0.924596]],[[0.775606,0.506378,-0.376851],[-0.526986,0.190838,-0.828171],[-0.347449,0.84093,0.414869]],[[0.775606,0.506378,-0.376851],[-0.221274,-0.341022,-0.913642],[-0.591162,0.792014,-0.152451]]],"btipPosition":[-25.7776,185.604,20.9781],"carpPosition":[-0.629711,195.245,110.152],"dipPosition":[-34.4496,197.223,18.7417],"direction":[0.347449,-0.84093,-0.414869],"extended":false,"handId":92,"id":921,"length":50.491,"mcpPosition":[-28.8281,220.401,61.4565],"pipPosition":[-41.6599,214.674,27.3512],"stabilizedTipPosition":[-26.4614,188.383,21.1011],"timeVisible":8.04611,"tipPosition":[-24.8772,184.926,22.1194],"tipVelocity":[-10.5601,-3.46153,4.17411],"tool":false,"touchDistance":0.218183,"touchZone":"hovering","type":1,"width":15.4618}],"r":[[0.884162,0.459