{"frames":274,"data":[{"currentFrameRate":114.603,"devices":[],"gestures":[],"hands":[],"id":1304498,"interactionBox":{"center":[0,200,0],"size":[235.247,235.247,147.751]},"pointables":[],"r":[[-0.360173,-0.330837,0.872251],[0.0726308,0.922221,0.379781],[-0.930054,0.200139,-0.308131]],"s":8.81322,"t":[-536.701,-3900.99,3125.02],"timestamp":493379290705},{"currentFrameRate":114.632,"devices":[],"gestures":[],"hands":[],"id":1304499,"interactionBox":{"center":[0,200,0],"size":[235.247,235.247,147.751]},"pointables":[],"r":[[-0.360173,-0.330837,0.872251],[0.0726308,0.922221,0.379781],[-0.930054,0.200139,-0.308131]],"s":8.81322,"t":[-536.701,-3900.99,3125.02],"timestamp":493379299379},{"currentFrameRate":114.692,"devices":[],"gestures":[],"hands":[],"id":1304500,"interactionBox":{"center":[0,200,0],"size":[235.247,235.247,147.751]},"pointables":[],"r":[[-0.360173,-0.330837,0.872251],[0.0726308,0.922221,0.379781],[-0.930054,0.200139,-0.308131]],"s":8.81322,"t":[-536.701,-3900.99,3125.02],"timestamp":493379307996},{"currentFrameRate":114.702,"devices":[],"gestures":[],"hands":[],"id":1304501,"interactionBox":{"center":[0,200,0],"size":[235.247,235.247,147.751]},"pointables":[],"r":[[-0.360173,-0.330837,0.872251],[0.0726308,0.922221,0.379781],[-0.930054,0.200139,-0.308131]],"s":8.81322,"t":[-536.701,-3900.99,3125.02],"timestamp":493379316697},{"currentFrameRate":114.727,"devices":[],"gestures":[],"hands":[],"id":1304502,"interactionBox":{"center":[0,200,0],"size":[235.247,235.247,147.751]},"pointables":[],"r":[[-0.360173,-0.330837,0.872251],[0.0726308,0.922221,0.379781],[-0.930054,0.200139,-0.308131]],"s":8.81322,"t":[-536.701,-3900.99,3125.02],"timestamp":493379325371},{"currentFrameRate":114.672,"devices":[],"gestures":[],"hands":[],"id":1304503,"interactionBox":{"center":[0,200,0],"size":[235.247,235.247,147.751]},"pointables":[],"r":[[-0.360173,-0.330837,0.872251],[0.0726308,0.922221,0.379781],[-0.930054,0.200139,-0.308131]],"s":8.81322,"t":[-536.701,-3900.99,3125.02],"timestamp":493379334184},{"currentFrameRate":114.793,"devices":[],"gestures":[],"hands":[],"id":1304504,"interactionBox":{"center":[0,200,0],"size":[235.247,235.247,147.751]},"pointables":[],"r":[[-0.360173,-0.330837,0.872251],[0.0726308,0.922221,0.379781],[-0.930054,0.200139,-0.308131]],"s":8.81322,"t":[-536.701,-3900.99,3125.02],"timestamp":493379342689},{"currentFrameRate":114.753,"devices":[],"gestures":[],"hands":[],"id":1304505,"interactionBox":{"center":[0,200,0],"size":[235.247,235.247,147.751]},"pointables":[],"r":[[-0.360173,-0.330837,0.872251],[0.0726308,0.922221,0.379781],[-0.930054,0.200139,-0.308131]],"s":8.81322,"t":[-536.701,-3900.99,3125.02],"timestamp":493379351473},{"currentFrameRate":114.862,"devices":[],"gestures":[],"hands":[],"id":1304506,"interactionBox":{"center":[0,200,0],"size":[235.247,235.247,147.751]},"pointables":[],"r":[[-0.360173,-0.330837,0.872251],[0.0726308,0.922221,0.379781],[-0.930054,0.200139,-0.308131]],"s":8.81322,"t":[-536.701,-3900.99,3125.02],"timestamp":493379359993},{"currentFrameRate":114.893,"devices":[],"gestures":[],"hands":[],"id":1304507,"interactionBox":{"center":[0,200,0],"size":[235.247,235.247,147.751]},"pointables":[],"r":[[-0.360173,-0.330837,0.872251],[0.0726308,0.922221,0.379781],[-0.930054,0.200139,-0.308131]],"s":8.81322,"t":[-536.701,-3900.99,3125.02],"timestamp":493379368644},{"currentFrameRate":114.899,"devices":[],"gestures":[],"hands":[],"id":1304508,"interactionBox":{"center":[0,200,0],"size":[235.247,235.247,147.751]},"pointables":[],"r":[[-0.360173,-0.330837,0.872251],[0.0726308,0.922221,0.379781],[-0.930054,0.200139,-0.308131]],"s":8.81322,"t":[-536.701,-3900.99,3125.02],"timestamp":493379377337},{"currentFrameRate":114.937,"devices":[],"gestures":[],"hands":[],"id":1304509,"interactionBox":{"center":[0,200,0],"size":[235.247,235.247,147.751]},"pointables":[],"r":[[-0.360173,-0.330837,0.872251],[0.0726308,0.922221,0.379781],[-0.930054,0.200139,-0.308131]],"s":8.81322,"t":[-536.701,-3900.99,3125.02],"timestamp":493379385973},{"currentFrameRate":114.926,"devices":[],"gestures":[],"hands":[],"id":1304510,"interactionBox":{"center":[0,200,0],"size":[235.247,235.247,147.751]},"pointables":[],"r":[[-0.360173,-0.330837,0.872251],[0.0726308,0.922221,0.379781],[-0.930054,0.200139,-0.308131]],"s":8.81322,"t":[-536.701,-3900.99,3125.02],"timestamp":493379394692},{"currentFrameRate":114.921,"devices":[],"gestures":[],"hands":[],"id":1304511,"interactionBox":{"center":[0,200,0],"size":[235.247,235.247,147.751]},"pointables":[],"r":[[-0.360173,-0.330837,0.872251],[0.0726308,0.922221,0.379781],[-0.930054,0.200139,-0.308131]],"s":8.81322,"t":[-536.701,-3900.99,3125.02],"timestamp":493379403402},{"currentFrameRate":114.961,"devices":[],"gestures":[],"hands":[],"id":1304512,"interactionBox":{"center":[0,200,0],"size":[235.247,235.247,147.751]},"pointables":[],"r":[[-0.360173,-0.330837,0.872251],[0.0726308,0.922221,0.379781],[-0.930054,0.200139,-0.308131]],"s":8.81322,"t":[-536.701,-3900.99,3125.02],"timestamp":493379412033},{"currentFrameRate":114.985,"devices":[],"gestures":[],"hands":[],"id":1304513,"interactionBox":{"center":[0,200,0],"size":[235.247,235.247,147.751]},"pointables":[],"r":[[-0.360173,-0.330837,0.872251],[0.0726308,0.922221,0.379781],[-0.930054,0.200139,-0.308131]],"s":8.81322,"t":[-536.701,-3900.99,3125.02],"timestamp":493379420689},{"currentFrameRate":115.007,"devices":[],"gestures":[],"hands":[],"id":1304514,"interactionBox":{"center":[0,200,0],"size":[235.247,235.247,147.751]},"pointables":[],"r":[[-0.360173,-0.330837,0.872251],[0.0726308,0.922221,0.379781],[-0.930054,0.200139,-0.308131]],"s":8.81322,"t":[-536.701,-3900.99,3125.02],"timestamp":493379429347},{"currentFrameRate":115.007,"devices":[],"gestures":[],"hands":[],"id":1304515,"interactionBox":{"center":[0,200,0],"size":[235.247,235.247,147.751]},"pointables":[],"r":[[-0.360173,-0.330837,0.872251],[0.0726308,0.922221,0.379781],[-0.930054,0.200139,-0.308131]],"s":8.81322,"t":[-536.701,-3900.99,3125.02],"timestamp":493379438042},{"currentFrameRate":115.026,"devices":[],"gestures":[],"hands":[],"id":1304516,"interactionBox":{"center":[0,200,0],"size":[235.247,235.247,147.751]},"pointables":[],"r":[[-0.360173,-0.330837,0.872251],[0.0726308,0.922221,0.379781],[-0.930054,0.200139,-0.308131]],"s":8.81322,"t":[-536.701,-3900.99,3125.02],"timestamp":493379446704},{"currentFrameRate":115.022,"devices":[],"gestures":[],"hands":[],"id":1304517,"interactionBox":{"center":[0,200,0],"size":[235.247,235.247,147.751]},"pointables":[],"r":[[-0.360173,-0.330837,0.872251],[0.0726308,0.922221,0.379781],[-0.930054,0.200139,-0.308131]],"s":8.81322,"t":[-536.701,-3900.99,3125.02],"timestamp":493379455404},{"currentFrameRate":115.066,"devices":[],"gestures":[],"hands":[],"id":1304518,"interactionBox":{"center":[0,200,0],"size":[235.247,235.247,147.751]},"pointables":[],"r":[[-0.360173,-0.330837,0.872251],[0.0726308,0.922221,0.379781],[-0.930054,0.200139,-0.308131]],"s":8.81322,"t":[-536.701,-3900.99,3125.02],"timestamp":493379464019},{"currentFrameRate":115.056,"devices":[],"gestures":[],"hands":[],"id":1304519,"interactionBox":{"center":[0,200,0],"size":[235.247,235.247,147.751]},"pointables":[],"r":[[-0.360173,-0.330837,0.872251],[0.0726308,0.922221,0.379781],[-0.930054,0.200139,-0.308131]],"s":8.81322,"t":[-536.701,-3900.99,3125.02],"timestamp":493379472728},{"currentFrameRate":115.069,"devices":[],"gestures":[],"hands":[],"id":1304520,"interactionBox":{"center":[0,200,0],"size":[235.247,235.247,147.751]},"pointables":[],"r":[[-0.360173,-0.330837,0.872251],[0.0726308,0.922221,0.379781],[-0.930054,0.200139,-0.308131]],"s":8.81322,"t":[-536.701,-3900.99,3125.02],"timestamp":493379481397},{"currentFrameRate":115.077,"devices":[],"gestures":[],"hands":[],"id":1304521,"interactionBox":{"center":[0,200,0],"size":[235.247,235.247,147.751]},"pointables":[],"r":[[-0.360173,-0.330837,0.872251],[0.0726308,0.922221,0.379781],[-0.930054,0.200139,-0.308131]],"s":8.81322,"t":[-536.701,-3900.99,3125.02],"timestamp":493379490073},{"currentFrameRate":115.168,"devices":[],"gestures":[],"hands":[],"id":1304522,"interactionBox":{"center":[0,200,0],"size":[235.247,235.247,147.751]},"pointables":[],"r":[[-0.360173,-0.330837,0.872251],[0.0726308,0.922221,0.379781],[-0.930054,0.200139,-0.308131]],"s":8.81322,"t":[-536.701,-3900.99,3125.02],"timestamp":493379498601},{"currentFrameRate":115.138,"devices":[],"gestures":[],"hands":[],"id":1304523,"interactionBox":{"center":[0,200,0],"size":[235.247,235.247,147.751]},"pointables":[],"r":[[-0.360173,-0.330837,0.872251],[0.0726308,0.922221,0.379781],[-0.930054,0.200139,-0.308131]],"s":8.81322,"t":[-536.701,-3900.99,3125.02],"timestamp":493379507338},{"currentFrameRate":115.145,"devices":[],"gestures":[],"hands":[],"id":1304524,"interactionBox":{"center":[0,200,0],"size":[235.247,235.247,147.751]},"pointables":[],"r":[[-0.360173,-0.330837,0.872251],[0.0726308,0.922221,0.379781],[-0.930054,0.200139,-0.308131]],"s":8.81322,"t":[-536.701,-3900.99,3125.02],"timestamp":493379516011},{"currentFrameRate":115.155,"devices":[],"gestures":[],"hands":[],"id":1304525,"interactionBox":{"center":[0,200,0],"size":[235.247,235.247,147.751]},"pointables":[],"r":[[-0.360173,-0.330837,0.872251],[0.0726308,0.922221,0.379781],[-0.930054,0.200139,-0.308131]],"s":8.81322,"t":[-536.701,-3900.99,3125.02],"timestamp":493379524677},{"currentFrameRate":115.157,"devices":[],"gestures":[],"hands":[],"id":1304526,"interactionBox":{"center":[0,200,0],"size":[235.247,235.247,147.751]},"pointables":[],"r":[[-0.360173,-0.330837,0.872251],[0.0726308,0.922221,0.379781],[-0.930054,0.200139,-0.308131]],"s":8.81322,"t":[-536.701,-3900.99,3125.02],"timestamp":493379533358},{"currentFrameRate":115.099,"devices":[],"gestures":[],"hands":[],"id":1304527,"interactionBox":{"center":[0,200,0],"size":[235.247,235.247,147.751]},"pointables":[],"r":[[-0.360173,-0.330837,0.872251],[0.0726308,0.922221,0.379781],[-0.930054,0.200139,-0.308131]],"s":8.81322,"t":[-536.701,-3900.99,3125.02],"timestamp":493379542144},{"currentFrameRate":115.025,"devices":[],"gestures":[],"hands":[],"id":1304528,"interactionBox":{"center":[0,200,0],"size":[235.247,235.247,147.751]},"pointables":[],"r":[[-0.360173,-0.330837,0.872251],[0.0726308,0.922221,0.379781],[-0.930054,0.200139,-0.308131]],"s":8.81322,"t":[-536.701,-3900.99,3125.02],"timestamp":493379550963},{"currentFrameRate":115.063,"devices":[],"gestures":[],"hands":[],"id":1304529,"interactionBox":{"center":[0,200,0],"size":[235.247,235.247,147.751]},"pointables":[],"r":[[-0.360173,-0.330837,0.872251],[0.0726308,0.922221,0.379781],[-0.930054,0.200139,-0.308131]],"s":8.81322,"t":[-536.701,-3900.99,3125.02],"timestamp":493379559590},{"currentFrameRate":115.052,"devices":[],"gestures":[],"hands":[],"id":1304530,"interactionBox":{"center":[0,200,0],"size":[235.247,235.247,147.751]},"pointables":[],"r":[[-0.360173,-0.330837,0.872251],[0.0726308,0.922221,0.379781],[-0.930054,0.200139,-0.308131]],"s":8.81322,"t":[-536.701,-3900.99,3125.02],"timestamp":493379568300},{"currentFrameRate":115.095,"devices":[],"gestures":[],"hands":[],"id":1304531,"interactionBox":{"center":[0,200,0],"size":[235.247,235.247,147.751]},"pointables":[],"r":[[-0.360173,-0.330837,0.872251],[0.0726308,0.922221,0.379781],[-0.930054,0.200139,-0.308131]],"s":8.81322,"t":[-536.701,-3900.99,3125.02],"timestamp":493379576916},{"currentFrameRate":115.096,"devices":[],"gestures":[],"hands":[],"id":1304532,"interactionBox":{"center":[0,200,0],"size":[235.247,235.247,147.751]},"pointables":[],"r":[[-0.360173,-0.330837,0.872251],[0.0726308,0.922221,0.379781],[-0.930054,0.200139,-0.308131]],"s":8.81322,"t":[-536.701,-3900.99,3125.02],"timestamp":493379585602},{"currentFrameRate":115.113,"devices":[],"gestures":[],"hands":[],"id":1304533,"interactionBox":{"center":[0,200,0],"size":[235.247,235.247,147.751]},"pointables":[],"r":[[-0.360173,-0.330837,0.872251],[0.0726308,0.922221,0.379781],[-0.930054,0.200139,-0.308131]],"s":8.81322,"t":[-536.701,-3900.99,3125.02],"timestamp":493379594260},{"currentFrameRate":115.107,"devices":[],"gestures":[],"hands":[],"id":1304534,"interactionBox":{"center":[0,200,0],"size":[235.247,235.247,147.751]},"pointables":[],"r":[[-0.360173,-0.330837,0.872251],[0.0726308,0.922221,0.379781],[-0.930054,0.200139,-0.308131]],"s":8.81322,"t":[-536.701,-3900.99,3125.02],"timestamp":493379602959},{"currentFrameRate":115.126,"devices":[],"gestures":[],"hands":[],"id":1304535,"interactionBox":{"center":[0,200,0],"size":[235.247,235.247,147.751]},"pointables":[],"r":[[-0.360173,-0.330837,0.872251],[0.0726308,0.922221,0.379781],[-0.930054,0.200139,-0.308131]],"s":8.81322,"t":[-536.701,-3900.99,3125.02],"timestamp":493379611613},{"currentFrameRate":115.11,"devices":[],"gestures":[],"hands":[],"id":1304536,"interactionBox":{"center":[0,200,0],"size":[235.247,235.247,147.751]},"pointables":[],"r":[[-0.360173,-0.330837,0.872251],[0.0726308,0.922221,0.379781],[-0.930054,0.200139,-0.308131]],"s":8.81322,"t":[-536.701,-3900.99,3125.02],"timestamp":493379620327},{"currentFrameRate":115.119,"devices":[],"gestures":[],"hands":[],"id":1304537,"interactionBox":{"center":[0,200,0],"size":[235.247,235.247,147.751]},"pointables":[],"r":[[-0.360173,-0.330837,0.872251],[0.0726308,0.922221,0.379781],[-0.930054,0.200139,-0.308131]],"s":8.81322,"t":[-536.701,-3900.99,3125.02],"timestamp":493379628998},{"currentFrameRate":115.137,"devices":[],"gestures":[],"hands":[],"id":1304538,"interactionBox":{"center":[0,200,0],"size":[235.247,235.247,147.751]},"pointables":[],"r":[[-0.360173,-0.330837,0.872251],[0.0726308,0.922221,0.379781],[-0.930054,0.200139,-0.308131]],"s":8.81322,"t":[-536.701,-3900.99,3125.02],"timestamp":493379637653},{"currentFrameRate":115.353,"devices":[],"gestures":[],"hands":[],"id":1304539,"interactionBox":{"center":[0,200,0],"size":[235.247,235.247,147.751]},"pointables":[],"r":[[-0.360173,-0.330837,0.872251],[0.0726308,0.922221,0.379781],[-0.930054,0.200139,-0.308131]],"s":8.81322,"t":[-536.701,-3900.99,3125.02],"timestamp":493379645955},{"currentFrameRate":115.356,"devices":[],"gestures":[],"hands":[],"id":1304540,"interactionBox":{"center":[0,200,0],"size":[235.247,235.247,147.751]},"pointables":[],"r":[[-0.360173,-0.330837,0.872251],[0.0726308,0.922221,0.379781],[-0.930054,0.200139,-0.308131]],"s":8.81322,"t":[-536.701,-3900.99,3125.02],"timestamp":493379654619},{"currentFrameRate":115.345,"devices":[],"gestures":[],"hands":[],"id":1304541,"interactionBox":{"center":[0,200,0],"size":[235.247,235.247,147.751]},"pointables":[],"r":[[-0.360173,-0.330837,0.872251],[0.0726308,0.922221,0.379781],[-0.930054,0.200139,-0.308131]],"s":8.81322,"t":[-536.701,-3900.99,3125.02],"timestamp":493379663308},{"currentFrameRate":115.355,"devices":[],"gestures":[],"hands":[],"id":1304542,"interactionBox":{"center":[0,200,0],"size":[235.247,235.247,147.751]},"pointables":[],"r":[[-0.360173,-0.330837,0.872251],[0.0726308,0.922221,0.379781],[-0.930054,0.200139,-0.308131]],"s":8.81322,"t":[-536.701,-3900.99,3125.02],"timestamp":493379671960},{"currentFrameRate":115.362,"devices":[],"gestures":[],"hands":[],"id":1304543,"interactionBox":{"center":[0,200,0],"size":[235.247,235.247,147.751]},"pointables":[],"r":[[-0.360173,-0.330837,0.872251],[0.0726308,0.922221,0.379781],[-0.930054,0.200139,-0.308131]],"s":8.81322,"t":[-536.701,-3900.99,3125.02],"timestamp":493379680616},{"currentFrameRate":115.347,"devices":[],"gestures":[],"hands":[],"id":1304544,"interactionBox":{"center":[0,200,0],"size":[235.247,235.247,147.751]},"pointables":[],"r":[[-0.360173,-0.330837,0.872251],[0.0726308,0.922221,0.379781],[-0.930054,0.200139,-0.308131]],"s":8.81322,"t":[-536.701,-3900.99,3125.02],"timestamp":493379689310},{"currentFrameRate":115.349,"devices":[],"gestures":[],"hands":[],"id":1304545,"interactionBox":{"center":[0,200,0],"size":[235.247,235.247,147.751]},"pointables":[],"r":[[-0.360173,-0.330837,0.872251],[0.0726308,0.922221,0.379781],[-0.930054,0.200139,-0.308131]],"s":8.81322,"t":[-536.701,-3900.99,3125.02],"timestamp":493379697976},{"currentFrameRate":115.349,"devices":[],"gestures":[],"hands":[],"id":1304546,"interactionBox":{"center":[0,200,0],"size":[235.247,235.247,147.751]},"pointables":[],"r":[[-0.360173,-0.330837,0.872251],[0.0726308,0.922221,0.379781],[-0.930054,0.200139,-0.308131]],"s":8.81322,"t":[-536.701,-3900.99,3125.02],"timestamp":493379706646},{"currentFrameRate":115.346,"devices":[],"gestures":[],"hands":[],"id":1304547,"interactionBox":{"center":[0,200,0],"size":[235.247,235.247,147.751]},"pointables":[],"r":[[-0.360173,-0.330837,0.872251],[0.0726308,0.922221,0.379781],[-0.930054,0.200139,-0.308131]],"s":8.81322,"t":[-536.701,-3900.99,3125.02],"timestamp":493379715321},{"currentFrameRate":115.327,"devices":[],"gestures":[],"hands":[],"id":1304548,"interactionBox":{"center":[0,200,0],"size":[235.247,235.247,147.751]},"pointables":[],"r":[[-0.360173,-0.330837,0.872251],[0.0726308,0.922221,0.379781],[-0.930054,0.200139,-0.308131]],"s":8.81322,"t":[-536.701,-3900.99,3125.02],"timestamp":493379724024},{"currentFrameRate":115.355,"devices":[],"gestures":[],"hands":[],"id":1304549,"interactionBox":{"center":[0,200,0],"size":[235.247,235.247,147.751]},"pointables":[],"r":[[-0.360173,-0.330837,0.872251],[0.0726308,0.922221,0.379781],[-0.930054,0.200139,-0.308131]],"s":8.81322,"t":[-536.701,-3900.99,3125.02],"timestamp":493379732645},{"currentFrameRate":115.343,"devices":[],"gestures":[],"hands":[],"id":1304550,"interactionBox":{"center":[0,200,0],"size":[235.247,235.247,147.751]},"pointables":[],"r":[[-0.360173,-0.330837,0.872251],[0.0726308,0.922221,0.379781],[-0.930054,0.200139,-0.308131]],"s":8.81322,"t":[-536.701,-3900.99,3125.02],"timestamp":493379741336},{"currentFrameRate":115.358,"devices":[],"gestures":[],"hands":[],"id":1304551,"interactionBox":{"center":[0,200,0],"size":[235.247,235.247,147.751]},"pointables":[],"r":[[-0.360173,-0.330837,0.872251],[0.0726308,0.922221,0.379781],[-0.930054,0.200139,-0.308131]],"s":8.81322,"t":[-536.701,-3900.99,3125.02],"timestamp":493379749979},{"currentFrameRate":115.345,"devices":[],"gestures":[],"hands":[],"id":1304552,"interactionBox":{"center":[0,200,0],"size":[235.247,235.247,147.751]},"pointables":[],"r":[[-0.360173,-0.330837,0.872251],[0.0726308,0.922221,0.379781],[-0.930054,0.200139,-0.308131]],"s":8.81322,"t":[-536.701,-3900.99,3125.02],"timestamp":493379758670},{"currentFrameRate":115.345,"devices":[],"gestures":[],"hands":[],"id":1304553,"interactionBox":{"center":[0,200,0],"size":[235.247,235.247,147.751]},"pointables":[],"r":[[-0.360173,-0.330837,0.872251],[0.0726308,0.922221,0.379781],[-0.930054,0.200139,-0.308131]],"s":8.81322,"t":[-536.701,-3900.99,3125.02],"timestamp":493379767340},{"currentFrameRate":115.344,"devices":[],"gestures":[],"hands":[],"id":1304554,"interactionBox":{"center":[0,200,0],"size":[235.247,235.247,147.751]},"pointables":[],"r":[[-0.360173,-0.330837,0.872251],[0.0726308,0.922221,0.379781],[-0.930054,0.200139,-0.308131]],"s":8.81322,"t":[-536.701,-3900.99,3125.02],"timestamp":493379776011},{"currentFrameRate":115.349,"devices":[],"gestures":[],"hands":[],"id":1304555,"interactionBox":{"center":[0,200,0],"size":[235.247,235.247,147.751]},"pointables":[],"r":[[-0.360173,-0.330837,0.872251],[0.0726308,0.922221,0.379781],[-0.930054,0.200139,-0.308131]],"s":8.81322,"t":[-536.701,-3900.99,3125.02],"timestamp":493379784673},{"currentFrameRate":115.337,"devices":[],"gestures":[],"hands":[],"id":1304556,"interactionBox":{"center":[0,200,0],"size":[235.247,235.247,147.751]},"pointables":[],"r":[[-0.360173,-0.330837,0.872251],[0.0726308,0.922221,0.379781],[-0.930054,0.200139,-0.308131]],"s":8.81322,"t":[-536.701,-3900.99,3125.02],"timestamp":493379793363},{"currentFrameRate":115.343,"devices":[],"gestures":[],"hands":[],"id":1304557,"interactionBox":{"center":[0,200,0],"size":[235.247,235.247,147.751]},"pointables":[],"r":[[-0.360173,-0.330837,0.872251],[0.0726308,0.922221,0.379781],[-0.930054,0.200139,-0.308131]],"s":8.81322,"t":[-536.701,-3900.99,3125.02],"timestamp":493379802022},{"currentFrameRate":115.334,"devices":[],"gestures":[],"hands":[],"id":1304558,"interactionBox":{"center":[0,200,0],"size":[235.247,235.247,147.751]},"pointables":[],"r":[[-0.360173,-0.330837,0.872251],[0.0726308,0.922221,0.379781],[-0.930054,0.200139,-0.308131]],"s":8.81322,"t":[-536.701,-3900.99,3125.02],"timestamp":493379810708},{"currentFrameRate":115.313,"devices":[],"gestures":[],"hands":[],"id":1304559,"interactionBox":{"center":[0,200,0],"size":[235.247,235.247,147.751]},"pointables":[],"r":[[-0.360173,-0.330837,0.872251],[0.0726308,0.922221,0.379781],[-0.930054,0.200139,-0.308131]],"s":8.81322,"t":[-536.701,-3900.99,3125.02],"timestamp":493379819416},{"currentFrameRate":115.318,"devices":[],"gestures":[],"hands":[],"id":1304560,"interactionBox":{"center":[0,200,0],"size":[235.247,235.247,147.751]},"pointables":[],"r":[[-0.360173,-0.330837,0.872251],[0.0726308,0.922221,0.379781],[-0.930054,0.200139,-0.308131]],"s":8.81322,"t":[-536.701,-3900.99,3125.02],"timestamp":493379828079},{"currentFrameRate":115.31,"devices":[],"gestures":[],"hands":[],"id":1304561,"interactionBox":{"center":[0,200,0],"size":[235.247,235.247,147.751]},"pointables":[],"r":[[-0.360173,-0.330837,0.872251],[0.0726308,0.922221,0.379781],[-0.930054,0.200139,-0.308131]],"s":8.81322,"t":[-536.701,-3900.99,3125.02],"timestamp":493379836765},{"currentFrameRate":115.321,"devices":[],"gestures":[],"hands":[],"id":1304562,"interactionBox":{"center":[0,200,0],"size":[235.247,235.247,147.751]},"pointables":[],"r":[[-0.360173,-0.330837,0.872251],[0.0726308,0.922221,0.379781],[-0.930054,0.200139,-0.308131]],"s":8.81322,"t":[-536.701,-3900.99,3125.02],"timestamp":493379845418},{"currentFrameRate":105.718,"devices":[],"gestures":[],"hands":[],"id":1304563,"interactionBox":{"center":[0,200,0],"size":[235.247,235.247,147.751]},"pointables":[],"r":[[-0.360173,-0.330837,0.872251],[0.0726308,0.922221,0.379781],[-0.930054,0.200139,-0.308131]],"s":8.81322,"t":[-536.701,-3900.99,3125.02],"timestamp":493379871874},{"currentFrameRate":106.161,"devices":[],"gestures":[],"hands":[],"id":1304564,"interactionBox":{"center":[0,200,0],"size":[235.247,235.247,147.751]},"pointables":[],"r":[[-0.360173,-0.330837,0.872251],[0.0726308,0.922221,0.379781],[-0.930054,0.200139,-0.308131]],"s":8.81322,"t":[-536.701,-3900.99,3125.02],"timestamp":493379880477},{"currentFrameRate":106.506,"devices":[],"gestures":[],"hands":[],"id":1304565,"interactionBox":{"center":[0,200,0],"size":[235.247,235.247,147.751]},"pointables":[],"r":[[-0.360173,-0.330837,0.872251],[0.0726308,0.922221,0.379781],[-0.930054,0.200139,-0.308131]],"s":8.81322,"t":[-536.701,-3900.99,3125.02],"timestamp":493379889234},{"currentFrameRate":106.912,"devices":[],"gestures":[],"hands":[],"id":1304566,"interactionBox":{"center":[0,200,0],"size":[235.247,235.247,147.751]},"pointables":[],"r":[[-0.360173,-0.330837,0.872251],[0.0726308,0.922221,0.379781],[-0.930054,0.200139,-0.308131]],"s":8.81322,"t":[-536.701,-3900.99,3125.02],"timestamp":493379897843},{"currentFrameRate":107.215,"devices":[],"gestures":[],"hands":[],"id":1304567,"interactionBox":{"center":[0,200,0],"size":[235.247,235.247,147.751]},"pointables":[],"r":[[-0.360173,-0.330837,0.872251],[0.0726308,0.922221,0.379781],[-0.930054,0.200139,-0.308131]],"s":8.81322,"t":[-536.701,-3900.99,3125.02],"timestamp":493379906618},{"currentFrameRate":107.602,"devices":[],"gestures":[],"hands":[],"id":1304568,"interactionBox":{"center":[0,200,0],"size":[235.247,235.247,147.751]},"pointables":[],"r":[[-0.360173,-0.330837,0.872251],[0.0726308,0.922221,0.379781],[-0.930054,0.200139,-0.308131]],"s":8.81322,"t":[-536.701,-3900.99,3125.02],"timestamp":493379915207},{"currentFrameRate":107.891,"devices":[],"gestures":[],"hands":[],"id":1304569,"interactionBox":{"center":[0,200,0],"size":[235.247,235.247,147.751]},"pointables":[],"r":[[-0.360173,-0.330837,0.872251],[0.0726308,0.922221,0.379781],[-0.930054,0.200139,-0.308131]],"s":8.81322,"t":[-536.701,-3900.99,3125.02],"timestamp":493379923951},{"currentFrameRate":108.159,"devices":[],"gestures":[],"hands":[],"id":1304570,"interactionBox":{"center":[0,200,0],"size":[235.247,235.247,147.751]},"pointables":[],"r":[[-0.360173,-0.330837,0.872251],[0.0726308,0.922221,0.379781],[-0.930054,0.200139,-0.308131]],"s":8.81322,"t":[-536.701,-3900.99,3125.02],"timestamp":493379932712},{"currentFrameRate":108.542,"devices":[],"gestures":[],"hands":[],"id":1304571,"interactionBox":{"center":[0,200,0],"size":[235.247,235.247,147.751]},"pointables":[],"r":[[-0.360173,-0.330837,0.872251],[0.0726308,0.922221,0.379781],[-0.930054,0.200139,-0.308131]],"s":8.81322,"t":[-536.701,-3900.99,3125.02],"timestamp":493379941235},{"currentFrameRate":108.774,"devices":[],"gestures":[],"hands":[],"id":1304572,"interactionBox":{"center":[0,200,0],"size":[235.247,235.247,147.751]},"pointables":[],"r":[[-0.360173,-0.330837,0.872251],[0.0726308,0.922221,0.379781],[-0.930054,0.200139,-0.308131]],"s":8.81322,"t":[-536.701,-3900.99,3125.02],"timestamp":493379950010},{"currentFrameRate":109.103,"devices":[],"gestures":[],"hands":[],"id":1304573,"interactionBox":{"center":[0,200,0],"size":[235.247,235.247,147.751]},"pointables":[],"r":[[-0.360173,-0.330837,0.872251],[0.0726308,0.922221,0.379781],[-0.930054,0.200139,-0.308131]],"s":8.81322,"t":[-536.701,-3900.99,3125.02],"timestamp":493379958586},{"currentFrameRate":109.172,"devices":[],"gestures":[],"hands":[],"id":1304574,"interactionBox":{"center":[0,200,0],"size":[235.247,235.247,147.751]},"pointables":[],"r":[[-0.360173,-0.330837,0.872251],[0.0726308,0.922221,0.379781],[-0.930054,0.200139,-0.308131]],"s":8.81322,"t":[-536.701,-3900.99,3125.02],"timestamp":493379967622},{"currentFrameRate":109.667,"devices":[],"gestures":[],"hands":[],"id":1304575,"interactionBox":{"center":[0,200,0],"size":[235.247,235.247,147.751]},"pointables":[],"r":[[-0.360173,-0.330837,0.872251],[0.0726308,0.922221,0.379781],[-0.930054,0.200139,-0.308131]],"s":8.81322,"t":[-536.701,-3900.99,3125.02],"timestamp":493379975856},{"currentFrameRate":109.883,"devices":[],"gestures":[],"hands":[],"id":1304576,"interactionBox":{"center":[0,200,0],"size":[235.247,235.247,147.751]},"pointables":[],"r":[[-0.360173,-0.330837,0.872251],[0.0726308,0.922221,0.379781],[-0.930054,0.200139,-0.308131]],"s":8.81322,"t":[-536.701,-3900.99,3125.02],"timestamp":493379984572},{"currentFrameRate":110.054,"devices":[],"gestures":[],"hands":[],"id":1304577,"interactionBox":{"center":[0,200,0],"size":[235.247,235.247,147.751]},"pointables":[],"r":[[-0.360173,-0.330837,0.872251],[0.0726308,0.922221,0.379781],[-0.930054,0.200139,-0.308131]],"s":8.81322,"t":[-536.701,-3900.99,3125.02],"timestamp":493379993355},{"currentFrameRate":110.322,"devices":[],"gestures":[],"hands":[],"id":1304578,"interactionBox":{"center":[0,200,0],"size":[235.247,235.247,147.751]},"pointables":[],"r":[[-0.360173,-0.330837,0.872251],[0.0726308,0.922221,0.379781],[-0.930054,0.200139,-0.308131]],"s":8.81322,"t":[-536.701,-3900.99,3125.02],"timestamp":493380001943},{"currentFrameRate":110.529,"devices":[],"gestures":[],"hands":[],"id":1304579,"interactionBox":{"center":[0,200,0],"size":[235.247,235.247,147.751]},"pointables":[],"r":[[-0.360173,-0.330837,0.872251],[0.0726308,0.922221,0.379781],[-0.930054,0.200139,-0.308131]],"s":8.81322,"t":[-536.701,-3900.99,3125.02],"timestamp":493380010625},{"currentFrameRate":110.735,"devices":[],"gestures":[],"hands":[],"id":1304580,"interactionBox":{"center":[0,200,0],"size":[235.247,235.247,147.751]},"pointables":[],"r":[[-0.360173,-0.330837,0.872251],[0.0726308,0.922221,0.379781],[-0.930054,0.200139,-0.308131]],"s":8.81322,"t":[-536.701,-3900.99,3125.02],"timestamp":493380019291},{"currentFrameRate":110.938,"devices":[],"gestures":[],"hands":[],"id":1304581,"interactionBox":{"center":[0,200,0],"size":[235.247,235.247,147.751]},"pointables":[],"r":[[-0.360173,-0.330837,0.872251],[0.0726308,0.922221,0.379781],[-0.930054,0.200139,-0.308131]],"s":8.81322,"t":[-536.701,-3900.99,3125.02],"timestamp":493380027948},{"currentFrameRate":111.103,"devices":[],"gestures":[],"hands":[],"id":1304582,"interactionBox":{"center":[0,200,0],"size":[235.247,235.247,147.751]},"pointables":[],"r":[[-0.360173,-0.330837,0.872251],[0.0726308,0.922221,0.379781],[-0.930054,0.200139,-0.308131]],"s":8.81322,"t":[-536.701,-3900.99,3125.02],"timestamp":493380036657},{"currentFrameRate":111.298,"devices":[],"gestures":[],"hands":[],"id":1304583,"interactionBox":{"center":[0,200,0],"size":[235.247,235.247,147.751]},"pointables":[],"r":[[-0.360173,-0.330837,0.872251],[0.0726308,0.922221,0.379781],[-0.930054,0.200139,-0.308131]],"s":8.81322,"t":[-536.701,-3900.99,3125.02],"timestamp":493380045299},{"currentFrameRate":111.454,"devices":[],"gestures":[],"hands":[],"id":1304584,"interactionBox":{"center":[0,200,0],"size":[235.247,235.247,147.751]},"pointables":[],"r":[[-0.360173,-0.330837,0.872251],[0.0726308,0.922221,0.379781],[-0.930054,0.200139,-0.308131]],"s":8.81322,"t":[-536.701,-3900.99,3125.02],"timestamp":493380053997},{"currentFrameRate":111.632,"devices":[],"gestures":[],"hands":[],"id":1304585,"interactionBox":{"center":[0,200,0],"size":[235.247,235.247,147.751]},"pointables":[],"r":[[-0.360173,-0.330837,0.872251],[0.0726308,0.922221,0.379781],[-0.930054,0.200139,-0.308131]],"s":8.81322,"t":[-536.701,-3900.99,3125.02],"timestamp":493380062644},{"currentFrameRate":111.766,"devices":[],"gestures":[],"hands":[],"id":1304586,"interactionBox":{"center":[0,200,0],"size":[235.247,235.247,147.751]},"pointables":[],"r":[[-0.360173,-0.330837,0.872251],[0.0726308,0.922221,0.379781],[-0.930054,0.200139,-0.308131]],"s":8.81322,"t":[-536.701,-3900.99,3125.02],"timestamp":493380071357},{"currentFrameRate":111.945,"devices":[],"gestures":[],"hands":[],"id":1304587,"interactionBox":{"center":[0,200,0],"size":[235.247,235.247,147.751]},"pointables":[],"r":[[-0.360173,-0.330837,0.872251],[0.0726308,0.922221,0.379781],[-0.930054,0.200139,-0.308131]],"s":8.81322,"t":[-536.701,-3900.99,3125.02],"timestamp":493380079977},{"currentFrameRate":112.042,"devices":[],"gestures":[],"hands":[],"id":1304588,"interactionBox":{"center":[0,200,0],"size":[235.247,235.247,147.751]},"pointables":[],"r":[[-0.360173,-0.330837,0.872251],[0.0726308,0.922221,0.379781],[-0.930054,0.200139,-0.308131]],"s":8.81322,"t":[-536.701,-3900.99,3125.02],"timestamp":493380088732},{"currentFrameRate":112.215,"devices":[],"gestures":[],"hands":[],"id":1304589,"interactionBox":{"center":[0,200,0],"size":[235.247,235.247,147.751]},"pointables":[],"r":[[-0.360173,-0.330837,0.872251],[0.0726308,0.922221,0.379781],[-0.930054,0.200139,-0.308131]],"s":8.81322,"t":[-536.701,-3900.99,3125.02],"timestamp":493380097342},{"currentFrameRate":112.333,"devices":[],"gestures":[],"hands":[],"id":1304590,"interactionBox":{"center":[0,200,0],"size":[235.247,235.247,147.751]},"pointables":[],"r":[[-0.360173,-0.330837,0.872251],[0.0726308,0.922221,0.379781],[-0.930054,0.200139,-0.308131]],"s":8.81322,"t":[-536.701,-3900.99,3125.02],"timestamp":493380106039},{"currentFrameRate":112.481,"devices":[],"gestures":[],"hands":[],"id":1304591,"interactionBox":{"center":[0,200,0],"size":[235.247,235.247,147.751]},"pointables":[],"r":[[-0.360173,-0.330837,0.872251],[0.0726308,0.922221,0.379781],[-0.930054,0.200139,-0.308131]],"s":8.81322,"t":[-536.701,-3900.99,3125.02],"timestamp":493380114672},{"currentFrameRate":112.59,"devices":[],"gestures":[],"hands":[],"id":1304592,"interactionBox":{"center":[0,200,0],"size":[235.247,235.247,147.751]},"pointables":[],"r":[[-0.360173,-0.330837,0.872251],[0.0726308,0.922221,0.379781],[-0.930054,0.200139,-0.308131]],"s":8.81322,"t":[-536.701,-3900.99,3125.02],"timestamp":493380123363},{"currentFrameRate":112.704,"devices":[],"gestures":[],"hands":[],"id":1304593,"interactionBox":{"center":[0,200,0],"size":[235.247,235.247,147.751]},"pointables":[],"r":[[-0.360173,-0.330837,0.872251],[0.0726308,0.922221,0.379781],[-0.930054,0.200139,-0.308131]],"s":8.81322,"t":[-536.701,-3900.99,3125.02],"timestamp":493380132038},{"currentFrameRate":112.795,"devices":[],"gestures":[],"hands":[],"id":1304594,"interactionBox":{"center":[0,200,0],"size":[235.247,235.247,147.751]},"pointables":[],"r":[[-0.360173,-0.330837,0.872251],[0.0726308,0.922221,0.379781],[-0.930054,0.200139,-0.308131]],"s":8.81322,"t":[-536.701,-3900.99,3125.02],"timestamp":493380140747},{"currentFrameRate":112.934,"devices":[],"gestures":[],"hands":[],"id":1304595,"interactionBox":{"center":[0,200,0],"size":[235.247,235.247,147.751]},"pointables":[],"r":[[-0.360173,-0.330837,0.872251],[0.0726308,0.922221,0.379781],[-0.930054,0.200139,-0.308131]],"s":8.81322,"t":[-536.701,-3900.99,3125.02],"timestamp":493380149360},{"currentFrameRate":113.005,"devices":[],"gestures":[],"hands":[],"id":1304596,"interactionBox":{"center":[0,200,0],"size":[235.247,235.247,147.751]},"pointables":[],"r":[[-0.360173,-0.330837,0.872251],[0.0726308,0.922221,0.379781],[-0.930054,0.200139,-0.308131]],"s":8.81322,"t":[-536.701,-3900.99,3125.02],"timestamp":493380158086},{"currentFrameRate":113.063,"devices":[],"gestures":[],"hands":[],"id":1304597,"interactionBox":{"center":[0,200,0],"size":[235.247,235.247,147.751]},"pointables":[],"r":[[-0.360173,-0.330837,0.872251],[0.0726308,0.922221,0.379781],[-0.930054,0.200139,-0.308131]],"s":8.81322,"t":[-536.701,-3900.99,3125.02],"timestamp":493380166831},{"currentFrameRate":113.259,"devices":[],"gestures":[],"hands":[],"id":1304598,"interactionBox":{"center":[0,200,0],"size":[235.247,235.247,147.751]},"pointables":[],"r":[[-0.360173,-0.330837,0.872251],[0.0726308,0.922221,0.379781],[-0.930054,0.200139,-0.308131]],"s":8.81322,"t":[-536.701,-3900.99,3125.02],"timestamp":493380175322},{"currentFrameRate":113.219,"devices":[],"gestures":[],"hands":[],"id":1304599,"interactionBox":{"center":[0,200,0],"size":[235.247,235.247,147.751]},"pointables":[],"r":[[-0.360173,-0.330837,0.872251],[0.0726308,0.922221,0.379781],[-0.930054,0.200139,-0.308131]],"s":8.81322,"t":[-536.701,-3900.99,3125.02],"timestamp":493380184223},{"currentFrameRate":113.403,"devices":[],"gestures":[],"hands":[],"id":1304600,"interactionBox":{"center":[0,200,0],"size":[235.247,235.247,147.751]},"pointables":[],"r":[[-0.360173,-0.330837,0.872251],[0.0726308,0.922221,0.379781],[-0.930054,0.200139,-0.308131]],"s":8.81322,"t":[-536.701,-3900.99,3125.02],"timestamp":493380192724},{"currentFrameRate":113.443,"devices":[],"gestures":[],"hands":[],"id":1304601,"interactionBox":{"center":[0,200,0],"size":[235.247,235.247,147.751]},"pointables":[],"r":[[-0.360173,-0.330837,0.872251],[0.0726308,0.922221,0.379781],[-0.930054,0.200139,-0.308131]],"s":8.81322,"t":[-536.701,-3900.99,3125.02],"timestamp":493380201469},{"currentFrameRate":113.563,"devices":[],"gestures":[],"hands":[],"id":1304602,"interactionBox":{"center":[0,200,0],"size":[235.247,235.247,147.751]},"pointables":[],"r":[[-0.360173,-0.330837,0.872251],[0.0726308,0.922221,0.379781],[-0.930054,0.200139,-0.308131]],"s":8.81322,"t":[-536.701,-3900.99,3125.02],"timestamp":493380210068},{"currentFrameRate":113.661,"devices":[],"gestures":[],"hands":[],"id":1304603,"interactionBox":{"center":[0,200,0],"size":[235.247,235.247,147.751]},"pointables":[],"r":[[-0.360173,-0.330837,0.872251],[0.0726308,0.922221,0.379781],[-0.930054,0.200139,-0.308131]],"s":8.81322,"t":[-536.701,-3900.99,3125.02],"timestamp":493380218698},{"currentFrameRate":113.71,"devices":[],"gestures":[],"hands":[],"id":1304604,"interactionBox":{"center":[0,200,0],"size":[235.247,235.247,147.751]},"pointables":[],"r":[[-0.360173,-0.330837,0.872251],[0.0726308,0.922221,0.379781],[-0.930054,0.200139,-0.308131]],"s":8.81322,"t":[-536.701,-3900.99,3125.02],"timestamp":493380227408},{"currentFrameRate":113.782,"devices":[],"gestures":[],"hands":[],"id":1304605,"interactionBox":{"center":[0,200,0],"size":[235.247,235.247,147.751]},"pointables":[],"r":[[-0.360173,-0.330837,0.872251],[0.0726308,0.922221,0.379781],[-0.930054,0.200139,-0.308131]],"s":8.81322,"t":[-536.701,-3900.99,3125.02],"timestamp":493380236072},{"currentFrameRate":113.839,"devices":[],"gestures":[],"hands":[],"id":1304606,"interactionBox":{"center":[0,200,0],"size":[235.247,235.247,147.751]},"pointables":[],"r":[[-0.360173,-0.330837,0.872251],[0.0726308,0.922221,0.379781],[-0.930054,0.200139,-0.308131]],"s":8.81322,"t":[-536.701,-3900.99,3125.02],"timestamp":493380244758},{"currentFrameRate":113.888,"devices":[],"gestures":[],"hands":[],"id":1304607,"interactionBox":{"center":[0,200,0],"size":[235.247,235.247,147.751]},"pointables":[],"r":[[-0.360173,-0.330837,0.872251],[0.0726308,0.922221,0.379781],[-0.930054,0.200139,-0.308131]],"s":8.81322,"t":[-536.701,-3900.99,3125.02],"timestamp":493380253455},{"currentFrameRate":113.965,"devices":[],"gestures":[],"hands":[],"id":1304608,"interactionBox":{"center":[0,200,0],"size":[235.247,235.247,147.751]},"pointables":[],"r":[[-0.360173,-0.330837,0.872251],[0.0726308,0.922221,0.379781],[-0.930054,0.200139,-0.308131]],"s":8.81322,"t":[-536.701,-3900.99,3125.02],"timestamp":493380262097},{"currentFrameRate":113.991,"devices":[],"gestures":[],"hands":[],"id":1304609,"interactionBox":{"center":[0,200,0],"size":[235.247,235.247,147.751]},"pointables":[],"r":[[-0.360173,-0.330837,0.872251],[0.0726308,0.922221,0.379781],[-0.930054,0.200139,-0.308131]],"s":8.81322,"t":[-536.701,-3900.99,3125.02],"timestamp":493380270826},{"currentFrameRate":114.065,"devices":[],"gestures":[],"hands":[],"id":1304610,"interactionBox":{"center":[0,200,0],"size":[235.247,235.247,147.751]},"pointables":[],"r":[[-0.360173,-0.330837,0.872251],[0.0726308,0.922221,0.379781],[-0.930054,0.200139,-0.308131]],"s":8.81322,"t":[-536.701,-3900.99,3125.02],"timestamp":493380279466},{"currentFrameRate":114.107,"devices":[],"gestures":[],"hands":[],"id":1304611,"interactionBox":{"center":[0,200,0],"size":[235.247,235.247,147.751]},"pointables":[],"r":[[-0.360173,-0.330837,0.872251],[0.0726308,0.922221,0.379781],[-0.930054,0.200139,-0.308131]],"s":8.81322,"t":[-536.701,-3900.99,3125.02],"timestamp":493380288157},{"currentFrameRate":114.181,"devices":[],"gestures":[],"hands":[],"id":1304612,"interactionBox":{"center":[0,200,0],"size":[235.247,235.247,147.751]},"pointables":[],"r":[[-0.360173,-0.330837,0.872251],[0.0726308,0.922221,0.379781],[-0.930054,0.200139,-0.308131]],"s":8.81322,"t":[-536.701,-3900.99,3125.02],"timestamp":493380296789},{"currentFrameRate":114.214,"devices":[],"gestures":[],"hands":[],"id":1304613,"interactionBox":{"center":[0,200,0],"size":[235.247,235.247,147.751]},"pointables":[],"r":[[-0.360173,-0.330837,0.872251],[0.0726308,0.922221,0.379781],[-0.930054,0.200139,-0.308131]],"s":8.81322,"t":[-536.701,-3900.99,3125.02],"timestamp":493380305487},{"currentFrameRate":114.275,"devices":[],"gestures":[],"hands":[],"id":1304614,"interactionBox":{"center":[0,200,0],"size":[235.247,235.247,147.751]},"pointables":[],"r":[[-0.360173,-0.330837,0.872251],[0.0726308,0.922221,0.379781],[-0.930054,0.200139,-0.308131]],"s":8.81322,"t":[-536.701,-3900.99,3125.02],"timestamp":493380314133},{"currentFrameRate":114.319,"devices":[],"gestures":[],"hands":[],"id":1304615,"interactionBox":{"center":[0,200,0],"size":[235.247,235.247,147.751]},"pointables":[],"r":[[-0.360173,-0.330837,0.872251],[0.0726308,0.922221,0.379781],[-0.930054,0.200139,-0.308131]],"s":8.81322,"t":[-536.701,-3900.99,3125.02],"timestamp":493380322806},{"currentFrameRate":114.372,"devices":[],"gestures":[],"hands":[],"id":1304616,"interactionBox":{"center":[0,200,0],"size":[235.247,235.247,147.751]},"pointables":[],"r":[[-0.360173,-0.330837,0.872251],[0.0726308,0.922221,0.379781],[-0.930054,0.200139,-0.308131]],"s":8.81322,"t":[-536.701,-3900.99,3125.02],"timestamp":493380331459},{"currentFrameRate":114.379,"devices":[],"gestures":[],"hands":[],"id":1304617,"interactionBox":{"center":[0,200,0],"size":[235.247,235.247,147.751]},"pointables":[],"r":[[-0.360173,-0.330837,0.872251],[0.0726308,0.922221,0.379781],[-0.