{"frames":112,"data":[{"currentFrameRate":57.6704,"devices":[],"gestures":[],"hands":[{"armBasis":[[-0.375969,-0.502675,0.778438],[-0.377299,0.850325,0.366869],[-0.846341,-0.155772,-0.509354]],"armWidth":59.0878,"confidence":1,"direction":[-0.0745804,0.149903,0.985884],"elbow":[-318.263,109.212,-155.867],"grabAngle":0.99251,"grabStrength":0,"id":570,"palmNormal":[0.395789,-0.902985,0.167239],"palmPosition":[-92.8355,158.565,39.4122],"palmVelocity":[6.26081,-4.27652,-5.3085],"palmWidth":84.4381,"pinchDistance":53.0387,"pinchStrength":0.0812142,"r":[[0.935896,-0.335311,-0.108008],[0.351976,0.902735,0.247351],[0.0145634,-0.269511,0.962887]],"s":1.03351,"sphereCenter":[-59.2099,59.5121,67.7935],"sphereRadius":107.883,"stabilizedPalmPosition":[-90.773,157.165,41.9307],"t":[-15.3738,-13.3781,-1.69439],"timeVisible":2.41944,"type":"right","wrist":[-106.205,148.242,-28.2444]}],"id":811146,"interactionBox":{"center":[0,200,0],"size":[235.247,235.247,147.751]},"pointables":[{"bases":[[[-0.736875,0.67487,0.0395695],[0.588738,0.669396,-0.453097],[-0.332269,-0.310579,-0.890583]],[[-0.633818,0.730175,0.255184],[0.577868,0.666312,-0.471271],[-0.514143,-0.151237,-0.844266]],[[-0.633818,0.730175,0.255184],[0.677096,0.68326,-0.273307],[-0.373919,-0.000442722,-0.927461]],[[-0.633818,0.730175,0.255184],[0.756205,0.654306,0.00602811],[-0.162567,0.196792,-0.966874]]],"btipPosition":[-29.383,155.647,78.0808],"carpPosition":[-68.7413,152.951,-11.9618],"dipPosition":[-32.9551,159.971,56.8361],"direction":[0.373919,0.000442722,0.927461],"extended":true,"handId":570,"id":5700,"length":48.9297,"mcpPosition":[-68.7413,152.951,-11.9618],"pipPosition":[-44.9245,159.957,27.1473],"stabilizedTipPosition":[-29.2114,158.608,73.7875],"timeVisible":2.41944,"tipPosition":[-29.0261,162.288,72.287],"tipVelocity":[14.8259,-10.9346,-11.5027],"tool":false,"touchDistance":0.333333,"touchZone":"none","type":0,"width":18.7718},{"bases":[[[-0.914836,-0.371789,0.157631],[-0.379519,0.924945,-0.0210189],[-0.137985,-0.0790526,-0.987274]],[[-0.911328,-0.369822,0.180866],[-0.339565,0.923653,0.177653],[-0.232757,0.100484,-0.96733]],[[-0.911328,-0.369822,0.180866],[-0.204819,0.788406,0.580056],[-0.357113,0.491577,-0.794243]],[[-0.911328,-0.369822,0.180866],[-0.0518546,0.538956,0.840736],[-0.408401,0.756808,-0.510343]]],"btipPosition":[-50.0505,145.86,127.364],"carpPosition":[-83.5143,167.811,-5.26658],"dipPosition":[-56.6016,158,119.178],"direction":[0.357113,-0.491577,0.794243],"extended":true,"handId":570,"id":5701,"length":55.2117,"mcpPosition":[-74.0938,173.208,62.1367],"pipPosition":[-64.7054,169.155,101.154],"stabilizedTipPosition":[-50.6339,150.566,129.951],"timeVisible":2.41944,"tipPosition":[-54.0858,152.085,128.342],"tipVelocity":[11.8865,-19.964,-12.0425],"tool":false,"touchDistance":0.924688,"touchZone":"none","type":1,"width":17.9308},{"bases":[[[-0.846875,-0.531248,0.024055],[-0.531656,0.846814,-0.0157373],[-0.0120097,-0.0261165,-0.999587]],[[-0.844741,-0.528827,0.0821898],[-0.496746,0.831926,0.247271],[-0.199139,0.168052,-0.965454]],[[-0.844741,-0.528827,0.0821898],[-0.419736,0.749942,0.511281],[-0.332017,0.397402,-0.855474]],[[-0.844741,-0.528827,0.0821898],[-0.224319,0.489307,0.842769],[-0.485895,0.693485,-0.531963]]],"btipPosition":[-67.1535,136.354,137.654],"carpPosition":[-94.3795,165.113,-2.97827],"dipPosition":[-75.7261,148.589,128.268],"direction":[0.332017,-0.397402,0.855474],"extended":true,"handId":570,"id":5702,"length":62.9093,"mcpPosition":[-93.6019,166.804,61.7392],"pipPosition":[-84.5902,159.199,105.429],"stabilizedTipPosition":[-67.9754,138.623,137.878],"timeVisible":2.41944,"tipPosition":[-70.566,138.47,135.558],"tipVelocity":[10.8616,-15.5138,-9.71203],"tool":false,"touchDistance":1,"touchZone":"none","type":2,"width":17.6104},{"bases":[[[-0.796907,-0.591615,-0.122187],[-0.590915,0.805431,-0.0458351],[0.12553,0.0356759,-0.991448]],[[-0.802103,-0.592653,-0.0734337],[-0.596692,0.790364,0.138864],[-0.0242588,0.155201,-0.987585]],[[-0.802103,-0.592653,-0.0734337],[-0.54612,0.678196,0.491735],[-0.241626,0.434526,-0.867643]],[[-0.802103,-0.592653,-0.0734337],[-0.3958,0.435501,0.808505],[-0.447183,0.67757,-0.583889]]],"btipPosition":[-96.5728,128.043,129.91],"carpPosition":[-104.422,159.814,-1.95752],"dipPosition":[-104.417,139.928,119.668],"direction":[0.241626,-0.434526,0.867643],"extended":true,"handId":570,"id":5703,"length":60.489,"mcpPosition":[-111.719,157.74,55.6749],"pipPosition":[-110.701,151.229,97.1017],"stabilizedTipPosition":[-97.3776,129.926,129.765],"timeVisible":2.41944,"tipPosition":[-99.4659,130.162,127.504],"tipVelocity":[9.32888,-12.3259,-8.85971],"tool":false,"touchDistance":0.959235,"touchZone":"none","type":3,"width":16.7574},{"bases":[[[-0.668358,-0.708403,-0.226851],[-0.694242,0.703574,-0.151693],[0.267066,0.0561047,-0.962044]],[[-0.656213,-0.705323,-0.26815],[-0.738119,0.673816,0.0339558],[0.156734,0.220208,-0.962779]],[[-0.656213,-0.705323,-0.26815],[-0.748512,0.56349,0.349584],[-0.0954704,0.430115,-0.897712]],[[-0.656213,-0.705323,-0.26815],[-0.660027,0.36429,0.657007],[-0.365718,0.608122,-0.704583]]],"btipPosition":[-123.511,120.716,108.589],"carpPosition":[-111.609,148.784,-3.02632],"dipPosition":[-129.43,130.557,97.1872],"direction":[0.0954704,-0.430115,0.897712],"extended":true,"handId":570,"id":5704,"length":47.4222,"mcpPosition":[-125.98,145.765,48.7411],"pipPosition":[-131.183,138.455,80.7027],"stabilizedTipPosition":[-124.391,122.225,107.683],"timeVisible":2.41944,"tipPosition":[-126.772,122.703,105.706],"tipVelocity":[6.21112,-7.85938,-7.18415],"tool":false,"touchDistance":0.599448,"touchZone":"none","type":4,"width":14.8853}],"r":[[0.935896,-0.335311,-0.108008],[0.351976,0.902735,0.247351],[0.0145634,-0.269511,0.962887]],"s":1.03351,"t":[-15.3738,-13.3781,-1.69439],"timestamp":218845365275},{"currentFrameRate":57.629,"devices":[],"gestures":[],"hands":[{"armBasis":[[-0.377629,-0.500408,0.779094],[-0.376229,0.85173,0.364702],[-0.846078,-0.155396,-0.509907]],"armWidth":59.0878,"confidence":1,"direction":[-0.0739161,0.148812,0.986099],"elbow":[-318.134,109.304,-156.08],"grabAngle":0.99298,"grabStrength":0,"id":570,"palmNormal":[0.394347,-0.903851,0.16596],"palmPosition":[-92.7387,158.476,39.3471],"palmVelocity":[5.53383,-5.11157,-3.72164],"palmWidth":84.4381,"pinchDistance":53.0828,"pinchStrength":0.0802466,"r":[[0.935364,-0.336604,-0.108587],[0.353384,0.902096,0.247673],[0.014588,-0.270038,0.962739]],"s":1.03407,"sphereCenter":[-59.2593,59.4064,67.6013],"sphereRadius":107.821,"stabilizedPalmPosition":[-90.7816,157.171,41.9195],"t":[-15.274,-13.453,-1.77153],"timeVisible":2.43692,"type":"right","wrist":[-106.142,148.24,-28.3188]}],"id":811147,"interactionBox":{"center":[0,200,0],"size":[235.247,235.247,147.751]},"pointables":[{"bases":[[[-0.735728,0.676053,0.0407112],[0.589667,0.668968,-0.45252],[-0.333162,-0.308925,-0.890825]],[[-0.632382,0.730948,0.256531],[0.578447,0.665831,-0.471242],[-0.51526,-0.149615,-0.843874]],[[-0.632382,0.730948,0.256531],[0.677603,0.682433,-0.274114],[-0.375429,0.000481449,-0.926851]],[[-0.632382,0.730948,0.256531],[0.756931,0.653483,0.00392844],[-0.164767,0.196661,-0.966528]]],"btipPosition":[-29.1688,155.479,77.9534],"carpPosition":[-68.6754,152.885,-12.0439],"dipPosition":[-32.7892,159.8,56.7163],"direction":[0.375429,-0.000481449,0.926851],"extended":true,"handId":570,"id":5700,"length":48.9297,"mcpPosition":[-68.6754,152.885,-12.0439],"pipPosition":[-44.807,159.816,27.0471],"stabilizedTipPosition":[-29.2178,158.591,73.7816],"timeVisible":2.43692,"tipPosition":[-28.9181,162.007,72.2066],"tipVelocity":[11.6115,-9.65433,-7.1838],"tool":false,"touchDistance":0.333333,"touchZone":"none","type":0,"width":18.7718},{"bases":[[[-0.915391,-0.370452,0.157558],[-0.37798,0.925604,-0.0197197],[-0.138531,-0.077605,-0.987313]],[[-0.911886,-0.368528,0.180694],[-0.337818,0.923929,0.17954],[-0.233114,0.102679,-0.967013]],[[-0.911886,-0.368528,0.180694],[-0.202703,0.787166,0.582479],[-0.356896,0.494527,-0.792507]],[[-0.911886,-0.368528,0.180694],[-0.0498571,0.536438,0.842466],[-0.407404,0.759224,-0.507544]]],"btipPosition":[-49.9262,145.517,127.212],"carpPosition":[-83.4208,167.761,-5.32418],"dipPosition":[-56.4613,157.696,119.071],"direction":[0.356896,-0.494527,0.792507],"extended":true,"handId":570,"id":5701,"length":55.2117,"mcpPosition":[-73.963,173.059,62.0817],"pipPosition":[-64.5602,168.918,101.087],"stabilizedTipPosition":[-50.6391,150.552,129.922],"timeVisible":2.43692,"tipPosition":[-53.9484,151.802,128.236],"tipVelocity":[7.31382,-19.1027,-8.10138],"tool":false,"touchDistance":0.922326,"touchZone":"none","type":1,"width":17.9308},{"bases":[[[-0.847752,-0.52986,0.0237575],[-0.530245,0.847721,-0.0144703],[-0.0124725,-0.0248645,-0.999613]],[[-0.845589,-0.527514,0.0819093],[-0.495287,0.832487,0.248307],[-0.199174,0.169397,-0.965212]],[[-0.845589,-0.527514,0.0819093],[-0.41799,0.749693,0.513074],[-0.33206,0.399612,-0.854427]],[[-0.845589,-0.527514,0.0819093],[-0.222931,0.488355,0.843689],[-0.485058,0.695154,-0.530546]]],"btipPosition":[-67.0456,136.089,137.535],"carpPosition":[-94.2895,165.078,-3.03461],"dipPosition":[-75.6035,148.354,128.175],"direction":[0.33206,-0.399612,0.854427],"extended":true,"handId":570,"id":5702,"length":62.9093,"mcpPosition":[-93.482,166.688,61.6846],"pipPosition":[-84.4687,159.022,105.363],"stabilizedTipPosition":[-67.9829,138.625,137.86],"timeVisible":2.43692,"tipPosition":[-70.4607,138.226,135.459],"tipVelocity":[6.36247,-14.7628,-6.44953],"tool":false,"touchDistance":1,"touchZone":"none","type":2,"width":17.6104},{"bases":[[[-0.797947,-0.590131,-0.12258],[-0.589586,0.806474,-0.044594],[0.125174,0.0366877,-0.991456]],[[-0.80311,-0.591218,-0.0739933],[-0.59534,0.791196,0.13993],[-0.0241863,0.156431,-0.987393]],[[-0.80311,-0.591218,-0.0739933],[-0.544907,0.678552,0.492589],[-0.241019,0.435923,-0.867111]],[[-0.80311,-0.591218,-0.0739933],[-0.394841,0.435076,0.809203],[-0.446223,0.679095,-0.582851]]],"btipPosition":[-96.5062,127.85,129.812],"carpPosition":[-104.34,159.795,-2.01616],"dipPosition":[-104.334,139.762,119.587],"direction":[0.241019,-0.435923,0.867111],"extended":true,"handId":570,"id":5703,"length":60.489,"mcpPosition":[-111.617,157.662,55.6167],"pipPosition":[-110.602,151.1,97.0355],"stabilizedTipPosition":[-97.3838,129.93,129.75],"timeVisible":2.43692,"tipPosition":[-99.3784,129.976,127.407],"tipVelocity":[4.02948,-10.6562,-5.3797],"tool":false,"touchDistance":0.957667,"touchZone":"none","type":3,"width":16.7574},{"bases":[[[-0.669638,-0.707004,-0.227442],[-0.693128,0.704921,-0.150533],[0.266756,0.0568434,-0.962086]],[[-0.657349,-0.703848,-0.269241],[-0.737023,0.674963,0.0349517],[0.157127,0.221412,-0.962438]],[[-0.657349,-0.703848,-0.269241],[-0.747658,0.564407,0.349932],[-0.0943374,0.431328,-0.89725]],[[-0.657349,-0.703848,-0.269241],[-0.659622,0.364642,0.657218],[-0.364404,0.609619,-0.703971]]],"btipPosition":[-123.487,120.584,108.493],"carpPosition":[-111.546,148.779,-3.09551],"dipPosition":[-129.384,130.449,97.1005],"direction":[0.0943374,-0.431328,0.89725],"extended":true,"handId":570,"id":5704,"length":47.4222,"mcpPosition":[-125.9,145.72,48.6742],"pipPosition":[-131.116,138.37,80.6245],"stabilizedTipPosition":[-124.393,122.228,107.673],"timeVisible":2.43692,"tipPosition":[-126.703,122.589,105.612],"tipVelocity":[1.66388,-7.22169,-5.3927],"tool":false,"touchDistance":0.597876,"touchZone":"none","type":4,"width":14.8853}],"r":[[0.935364,-0.336604,-0.108587],[0.353384,0.902096,0.247673],[0.014588,-0.270038,0.962739]],"s":1.03407,"t":[-15.274,-13.453,-1.77153],"timestamp":218845382765},{"currentFrameRate":57.6525,"devices":[],"gestures":[],"hands":[{"armBasis":[[-0.379158,-0.497878,0.779972],[-0.375303,0.85321,0.362187],[-0.845805,-0.1554,-0.510357]],"armWidth":59.0878,"confidence":1,"direction":[-0.0733991,0.148479,0.986188],"elbow":[-318.022,109.281,-156.243],"grabAngle":0.992848,"grabStrength":0,"id":570,"palmNormal":[0.393055,-0.90451,0.165436],"palmPosition":[-92.67,158.419,39.2996],"palmVelocity":[3.97676,-3.26959,-2.75456],"palmWidth":84.4381,"pinchDistance":53.139,"pinchStrength":0.0787731,"r":[[0.934831,-0.337906,-0.109137],[0.354794,0.901456,0.24799],[0.0145846,-0.27055,0.962596]],"s":1.03477,"sphereCenter":[-59.2639,59.3393,67.5229],"sphereRadius":107.809,"stabilizedPalmPosition":[-90.7897,157.177,41.9082],"t":[-15.1897,-13.5186,-1.83388],"timeVisible":2.45419,"type":"right","wrist":[-106.099,148.217,-28.369]}],"id":811148,"interactionBox":{"center":[0,200,0],"size":[235.247,235.247,147.751]},"pointables":[{"bases":[[[-0.734711,0.677125,0.041236],[0.590524,0.668295,-0.452397],[-0.333887,-0.30803,-0.890863]],[[-0.631301,0.731749,0.256912],[0.578821,0.665044,-0.471893],[-0.516164,-0.1492,-0.843394]],[[-0.631301,0.731749,0.256912],[0.677794,0.681575,-0.275773],[-0.376901,0.0000375313,-0.926253]],[[-0.631301,0.731749,0.256912],[0.757351,0.653007,0.00108745],[-0.166969,0.195259,-0.966434]]],"btipPosition":[-28.9865,155.436,77.8527],"carpPosition":[-68.6305,152.816,-12.1012],"dipPosition":[-32.6552,159.726,56.6177],"direction":[0.376901,-0.0000375313,0.926253],"extended":true,"handId":570,"id":5700,"length":48.9297,"mcpPosition":[-68.6305,152.816,-12.1012],"pipPosition":[-44.7201,159.727,26.9675],"stabilizedTipPosition":[-29.2225,158.574,73.7755],"timeVisible":2.45419,"tipPosition":[-28.8445,161.786,72.1497],"tipVelocity":[9.91668,-2.91828,-5.80523],"tool":false,"touchDistance":0.333333,"touchZone":"none","type":0,"width":18.7718},{"bases":[[[-0.915892,-0.369164,0.157667],[-0.376611,0.926173,-0.0191905],[-0.138942,-0.0769556,-0.987306]],[[-0.912382,-0.367258,0.180779],[-0.336355,0.924328,0.180231],[-0.23329,0.103633,-0.966869]],[[-0.912382,-0.367258,0.180779],[-0.200978,0.786648,0.583774],[-0.356605,0.496292,-0.791534]],[[-0.912382,-0.367258,0.180779],[-0.0481997,0.534951,0.843507],[-0.406492,0.760887,-0.505781]]],"btipPosition":[-49.8432,145.317,127.109],"carpPosition":[-83.3518,167.711,-5.37037],"dipPosition":[-56.3637,157.523,118.996],"direction":[0.356605,-0.496292,0.791534],"extended":true,"handId":570,"id":5701,"length":55.2117,"mcpPosition":[-73.8659,172.965,62.0351],"pipPosition":[-64.456,168.785,101.034],"stabilizedTipPosition":[-50.6438,150.536,129.89],"timeVisible":2.45419,"tipPosition":[-53.8547,151.636,128.164],"tipVelocity":[5.0008,-11.2153,-5.57961],"tool":false,"touchDistance":0.92072,"touchZone":"none","type":1,"width":17.9308},{"bases":[[[-0.848531,-0.528612,0.0237747],[-0.528991,0.848513,-0.0139302],[-0.0128095,-0.0243968,-0.99962]],[[-0.846359,-0.526307,0.0817153],[-0.494246,0.833269,0.247755],[-0.198486,0.169302,-0.96537]],[[-0.846359,-0.526307,0.0817153],[-0.416534,0.74968,0.514276],[-0.331927,0.401225,-0.853723]],[[-0.846359,-0.526307,0.0817153],[-0.222531,0.488821,0.843524],[-0.483897,0.695741,-0.530838]]],"btipPosition":[-67.0132,135.975,137.485],"carpPosition":[-94.2237,165.043,-3.07874],"dipPosition":[-75.5506,148.25,128.119],"direction":[0.331927,-0.401225,0.853723],"extended":true,"handId":570,"id":5702,"length":62.9093,"mcpPosition":[-93.3944,166.623,61.6409],"pipPosition":[-84.4123,158.961,105.327],"stabilizedTipPosition":[-67.9898,138.626,137.842],"timeVisible":2.45419,"tipPosition":[-70.3895,138.095,135.395],"tipVelocity":[2.14826,-6.49447,-2.97293],"tool":false,"touchDistance":1,"touchZone":"none","type":2,"width":17.6104},{"bases":[[[-0.798859,-0.588891,-0.122605],[-0.588402,0.807368,-0.0440546],[0.124931,0.0369474,-0.991477]],[[-0.803984,-0.58999,-0.074308],[-0.594177,0.792056,0.140003],[-0.0237442,0.156712,-0.987359]],[[-0.803984,-0.58999,-0.074308],[-0.544042,0.679347,0.492449],[-0.240059,0.436347,-0.867164]],[[-0.803984,-0.58999,-0.074308],[-0.394361,0.435479,0.80922],[-0.445072,0.679904,-0.582787]]],"btipPosition":[-96.4975,127.777,129.768],"carpPosition":[-104.282,159.774,-2.05964],"dipPosition":[-104.305,139.704,119.545],"direction":[0.240059,-0.436347,0.867164],"extended":true,"handId":570,"id":5703,"length":60.489,"mcpPosition":[-111.544,157.626,55.5745],"pipPosition":[-110.548,151.052,96.9918],"stabilizedTipPosition":[-97.3893,129.934,129.736],"timeVisible":2.45419,"tipPosition":[-99.3224,129.892,127.349],"tipVelocity":[0.770121,-4.02744,-2.49972],"tool":false,"touchDistance":0.956948,"touchZone":"none","type":3,"width":16.7574},{"bases":[[[-0.670755,-0.705908,-0.227558],[-0.692126,0.706016,-0.150008],[0.266551,0.0568798,-0.962141]],[[-0.658249,-0.702683,-0.270082],[-0.736051,0.676015,0.0351035],[0.157913,0.221901,-0.962197]],[[-0.658249,-0.702683,-0.270082],[-0.747037,0.565416,0.349628],[-0.0929689,0.431904,-0.897115]],[[-0.658249,-0.702683,-0.270082],[-0.659538,0.365342,0.656914],[-0.36293,0.610542,-0.703932]]],"btipPosition":[-123.509,120.531,108.438],"carpPosition":[-111.505,148.769,-3.14176],"dipPosition":[-129.383,130.411,97.0468],"direction":[0.0929689,-0.431904,0.897115],"extended":true,"handId":570,"id":5704,"length":47.4222,"mcpPosition":[-125.848,145.708,48.6309],"pipPosition":[-131.09,138.342,80.5731],"stabilizedTipPosition":[-124.395,122.23,107.665],"timeVisible":2.45419,"tipPosition":[-126.661,122.554,105.559],"tipVelocity":[-0.985434,-2.88003,-3.14281],"tool":false,"touchDistance":0.596972,"touchZone":"none","type":4,"width":14.8853}],"r":[[0.934831,-0.337906,-0.109137],[0.354794,0.901456,0.24799],[0.0145846,-0.27055,0.962596]],"s":1.03477,"t":[-15.1897,-13.5186,-1.83388],"timestamp":218845400032},{"currentFrameRate":57.6383,"devices":[],"gestures":[],"hands":[{"armBasis":[[-0.379112,-0.497406,0.780296],[-0.37534,0.853419,0.361657],[-0.845809,-0.155767,-0.510238]],"armWidth":59.0878,"confidence":1,"direction":[-0.073074,0.148387,0.986226],"elbow":[-318.014,109.114,-156.274],"grabAngle":0.991871,"grabStrength":0,"id":570,"palmNormal":[0.393165,-0.904501,0.165222],"palmPosition":[-92.6412,158.343,39.2354],"palmVelocity":[1.65505,-4.37982,-3.69031],"palmWidth":84.4381,"pinchDistance":53.1878,"pinchStrength":0.0774132,"r":[[0.934399,-0.338933,-0.109646],[0.355926,0.900942,0.248234],[0.0146499,-0.270976,0.962475]],"s":1.03559,"sphereCenter":[-59.1295,59.211,67.4645],"sphereRadius":107.903,"stabilizedPalmPosition":[-90.7968,157.181,41.8979],"t":[-15.1332,-13.5895,-1.89715],"timeVisible":2.47159,"type":"right","wrist":[-106.09,148.143,-28.4301]}],"id":811149,"interactionBox":{"center":[0,200,0],"size":[235.247,235.247,147.751]},"pointables":[{"bases":[[[-0.734738,0.677078,0.041545],[0.590331,0.668371,-0.452537],[-0.33417,-0.307971,-0.890777]],[[-0.631402,0.731649,0.256945],[0.578185,0.664988,-0.472751],[-0.516754,-0.149934,-0.842903]],[[-0.631402,0.731649,0.256945],[0.676983,0.68168,-0.277502],[-0.378188,-0.00126745,-0.925728]],[[-0.631402,0.731649,0.256945],[0.756783,0.653664,-0.00163164],[-0.16915,0.193422,-0.966425]]],"btipPosition":[-28.8584,155.482,77.7401],"carpPosition":[-68.6188,152.746,-12.174],"dipPosition":[-32.575,159.732,56.5052],"direction":[0.378188,0.00126745,0.925728],"extended":true,"handId":570,"id":5700,"length":48.9297,"mcpPosition":[-68.6188,152.746,-12.174],"pipPosition":[-44.6811,159.691,26.8719],"stabilizedTipPosition":[-29.2255,158.561,73.7699],"timeVisible":2.47159,"tipPosition":[-28.8131,161.663,72.0715],"tipVelocity":[6.73125,2.10825,-6.47102],"tool":false,"touchDistance":0.333333,"touchZone":"none","type":0,"width":18.7718},{"bases":[[[-0.915817,-0.369233,0.157944],[-0.376673,0.926152,-0.0189807],[-0.139272,-0.0768762,-0.987266]],[[-0.9123,-0.367329,0.18105],[-0.336342,0.924288,0.180462],[-0.233631,0.103741,-0.966775]],[[-0.9123,-0.367329,0.18105],[-0.200566,0.786216,0.584497],[-0.357047,0.496924,-0.790938]],[[-0.9123,-0.367329,0.18105],[-0.047495,0.534019,0.844137],[-0.40676,0.761507,-0.504632]]],"btipPosition":[-49.7795,145.212,127.004],"carpPosition":[-83.3386,167.639,-5.4369],"dipPosition":[-56.3043,157.427,118.909],"direction":[0.357047,-0.496924,0.790938],"extended":true,"handId":570,"id":5701,"length":55.2117,"mcpPosition":[-73.8302,172.888,61.9658],"pipPosition":[-64.4066,168.703,100.961],"stabilizedTipPosition":[-50.6474,150.522,129.864],"timeVisible":2.47159,"tipPosition":[-53.7902,151.547,128.08],"tipVelocity":[3.60506,-5.9443,-5.79305],"tool":false,"touchDistance":0.919041,"touchZone":"none","type":1,"width":17.9308},{"bases":[[[-0.848491,-0.528665,0.0240151],[-0.529046,0.848483,-0.0136756],[-0.0131465,-0.0243087,-0.999618]],[[-0.846311,-0.526374,0.0817813],[-0.494495,0.833402,0.24681],[-0.198071,0.168438,-0.965607]],[[-0.846311,-0.526374,0.0817813],[-0.416559,0.749653,0.514295],[-0.332019,0.401187,-0.853705]],[[-0.846311,-0.526374,0.0817813],[-0.223264,0.489896,0.842707],[-0.483644,0.694933,-0.532124]]],"btipPosition":[-66.9981,135.951,137.455],"carpPosition":[-94.2097,164.971,-3.14182],"dipPosition":[-75.531,148.211,128.066],"direction":[0.332019,-0.401187,0.853705],"extended":true,"handId":570,"id":5702,"length":62.9093,"mcpPosition":[-93.3585,166.545,61.5777],"pipPosition":[-84.3952,158.922,105.274],"stabilizedTipPosition":[-67.9948,138.627,137.829],"timeVisible":2.47159,"tipPosition":[-70.3194,138.016,135.322],"tipVelocity":[0.926804,-1.55906,-2.04258],"tool":false,"touchDistance":1,"touchZone":"none","type":2,"width":17.6104},{"bases":[[[-0.798865,-0.588928,-0.122387],[-0.588465,0.807336,-0.0437836],[0.124593,0.037043,-0.991516]],[[-0.803951,-0.590029,-0.074352],[-0.594233,0.792095,0.139541],[-0.0234395,0.156367,-0.987421]],[[-0.803951,-0.590029,-0.074352],[-0.544391,0.679846,0.491372],[-0.239376,0.435516,-0.86777]],[[-0.803951,-0.590029,-0.074352],[-0.395024,0.436372,0.808415],[-0.444544,0.679297,-0.583898]]],"btipPosition":[-96.503,127.745,129.748],"carpPosition":[-104.267,159.701,-2.11978],"dipPosition":[-104.301,139.661,119.506],"direction":[0.239376,-0.435516,0.86777],"extended":true,"handId":570,"id":5703,"length":60.489,"mcpPosition":[-111.51,157.547,55.5166],"pipPosition":[-110.527,150.988,96.9366],"stabilizedTipPosition":[-97.3942,129.937,129.723],"timeVisible":2.47159,"tipPosition":[-99.2563,129.811,127.285],"tipVelocity":[-0.191032,-1.98019,-1.40873],"tool":false,"touchDistance":0.956539,"touchZone":"none","type":3,"width":16.7574},{"bases":[[[-0.67079,-0.705928,-0.227393],[-0.692219,0.705988,-0.149711],[0.266222,0.0569813,-0.962226]],[[-0.658145,-0.702653,-0.270415],[-0.736042,0.676042,0.03476],[0.158388,0.221914,-0.962116]],[[-0.658145,-0.702653,-0.270415],[-0.747244,0.565714,0.348703],[-0.0920398,0.431563,-0.897375]],[[-0.658145,-0.702653,-0.270415],[-0.660185,0.365931,0.655935],[-0.361941,0.610224,-0.704716]]],"btipPosition":[-123.526,120.463,108.399],"carpPosition":[-111.49,148.696,-3.20044],"dipPosition":[-129.383,130.338,96.9947],"direction":[0.0920398,-0.431563,0.897375],"extended":true,"handId":570,"id":5704,"length":47.4222,"mcpPosition":[-125.815,145.629,48.5768],"pipPosition":[-131.073,138.263,80.5163],"stabilizedTipPosition":[-124.397,122.232,107.657],"timeVisible":2.47159,"tipPosition":[-126.599,122.472,105.504],"tipVelocity":[-0.714916,-3.97977,-2.42862],"tool":false,"touchDistance":0.596268,"touchZone":"none","type":4,"width":14.8853}],"r":[[0.934399,-0.338933,-0.109646],[0.355926,0.900942,0.248234],[0.0146499,-0.270976,0.962475]],"s":1.03559,"t":[-15.1332,-13.5895,-1.89715],"timestamp":218845417429},{"currentFrameRate":57.6561,"devices":[],"gestures":[],"hands":[{"armBasis":[[-0.378855,-0.498171,0.779932],[-0.375851,0.852948,0.362237],[-0.845698,-0.155903,-0.510382]],"armWidth":59.0878,"confidence":1,"direction":[-0.073448,0.148224,0.986223],"elbow":[-317.988,108.964,-156.375],"grabAngle":0.990452,"grabStrength":0,"id":570,"palmNormal":[0.393638,-0.904295,0.165227],"palmPosition":[-92.6673,158.223,39.1757],"palmVelocity":[-1.50578,-6.94083,-3.45052],"palmWidth":84.4381,"pinchDistance":53.2235,"pinchStrength":0.0765717,"r":[[0.934098,-0.339645,-0.110008],[0.356714,0.900565,0.248472],[0.0146766,-0.271339,0.962372]],"s":1.03649,"sphereCenter":[-59.0559,58.9708,67.4275],"sphereRadius":108.063,"stabilizedPalmPosition":[-90.8044,157.185,41.8869],"t":[-15.1179,-13.685,-1.95861],"timeVisible":2.48887,"type":"right","wrist":[-106.092,148.026,-28.4945]}],"id":811150,"interactionBox":{"center":[0,200,0],"size":[235.247,235.247,147.751]},"pointables":[{"bases":[[[-0.73514,0.676649,0.0414125],[0.590078,0.668766,-0.452283],[-0.333732,-0.308055,-0.890912]],[[-0.63191,0.731251,0.25683],[0.577608,0.665281,-0.473043],[-0.516778,-0.150573,-0.842774]],[[-0.63191,0.731251,0.25683],[0.676179,0.682104,-0.278415],[-0.378776,-0.00226963,-0.925485]],[[-0.63191,0.731251,0.25683],[0.75606,0.654494,-0.00326369],[-0.170481,0.192117,-0.966451]]],"btipPosition":[-28.8169,155.472,77.6737],"carpPosition":[-68.6266,152.646,-12.2273],"dipPosition":[-32.5628,159.694,56.4382],"direction":[0.378776,0.00226963,0.925485],"extended":true,"handId":570,"id":5700,"length":48.9297,"mcpPosition":[-68.6266,152.646,-12.2273],"pipPosition":[-44.6878,159.621,26.8127],"stabilizedTipPosition":[-29.2272,158.553,73.7661],"timeVisible":2.48887,"tipPosition":[-28.8563,161.541,72.0361],"tipVelocity":[2.00748,-0.931236,-3.8514],"tool":false,"touchDistance":0.333333,"touchZone":"none","type":0,"width":18.7718},{"bases":[[[-0.91565,-0.36978,0.157631],[-0.377201,0.925937,-0.018978],[-0.138939,-0.0768359,-0.987316]],[[-0.912144,-0.367878,0.180719],[-0.33685,0.924034,0.180813],[-0.233508,0.104053,-0.966772]],[[-0.912144,-0.367878,0.180719],[-0.200808,0.785478,0.585407],[-0.357309,0.497685,-0.790342]],[[-0.912144,-0.367878,0.180719],[-0.0474139,0.532664,0.844997],[-0.407118,0.762191,-0.503309]]],"btipPosition":[-49.8139,145.059,126.917],"carpPosition":[-83.357,167.53,-5.49268],"dipPosition":[-56.3444,157.285,118.843],"direction":[0.357309,-0.497685,0.790341],"extended":true,"handId":570,"id":5701,"length":55.2117,"mcpPosition":[-73.8713,172.776,61.9134],"pipPosition":[-64.4527,168.579,100.909],"stabilizedTipPosition":[-50.6511,150.507,129.837],"timeVisible":2.48887,"tipPosition":[-53.8289,151.426,128.02],"tipVelocity":[-2.06332,-8.69049,-4.76716],"tool":false,"touchDistance":0.917667,"touchZone":"none","type":1,"width":17.9308},{"bases":[[[-0.848193,-0.529156,0.0237023],[-0.529531,0.84818,-0.013727],[-0.01284,-0.0241943,-0.999625]],[[-0.846032,-0.526872,0.0814567],[-0.495256,0.833261,0.24576],[-0.197359,0.167579,-0.965902]],[[-0.846032,-0.526872,0.0814567],[-0.417434,0.749694,0.513525],[-0.33163,0.400456,-0.8542]],[[-0.846032,-0.526872,0.0814567],[-0.224768,0.491046,0.841637],[-0.483434,0.693743,-0.533865]]],"btipPosition":[-67.0818,135.907,137.453],"carpPosition":[-94.2271,164.855,-3.20111],"dipPosition":[-75.611,148.147,128.034],"direction":[0.33163,-0.400456,0.8542],"extended":true,"handId":570,"id":5702,"length":62.9093,"mcpPosition":[-93.3958,166.421,61.5188],"pipPosition":[-84.4647,158.838,105.229],"stabilizedTipPosition":[-68.001,138.628,137.814],"timeVisible":2.48887,"tipPosition":[-70.3538,137.902,135.266],"tipVelocity":[-4.78918,-2.80978,-0.500329],"tool":false,"touchDistance":1,"touchZone":"none","type":2,"width":17.6104},{"bases":[[[-0.79849,-0.589373,-0.122692],[-0.588917,0.807003,-0.0438574],[0.124861,0.0372358,-0.991475]],[[-0.803576,-0.590482,-0.0748104],[-0.594778,0.79189,0.138383],[-0.0224714,0.155697,-0.987549]],[[-0.803576,-0.590482,-0.0748104],[-0.54552,0.680388,0.489367],[-0.238062,0.434054,-0.868863]],[[-0.803576,-0.590482,-0.0748104],[-0.396792,0.437771,0.806792],[-0.443646,0.678003,-0.586081]]],"btipPosition":[-96.6239,127.701,129.755],"carpPosition":[-104.282,159.579,-2.18266],"dipPosition":[-104.406,139.594,119.474],"direction":[0.238062,-0.434054,0.868863],"extended":true,"handId":570,"id":5703,"length":60.489,"mcpPosition":[-111.54,157.415,55.4513],"pipPosition":[-110.598,150.883,96.8767],"stabilizedTipPosition":[-97.4006,129.94,129.709],"timeVisible":2.48887,"tipPosition":[-99.2839,129.684,127.221],"tipVelocity":[-6.78275,-2.84881,-0.113483],"tool":false,"touchDistance":0.956507,"touchZone":"none","type":3,"width":16.7574},{"bases":[[[-0.670316,-0.706286,-0.227676],[-0.692582,0.705608,-0.149828],[0.266471,0.057252,-0.962141]],[[-0.657576,-0.702973,-0.270966],[-0.736289,0.675839,0.0334723],[0.159599,0.22152,-0.962007]],[[-0.657576,-0.702973,-0.270966],[-0.74796,0.566055,0.346608],[-0.0902747,0.430593,-0.89802]],[[-0.657576,-0.702973,-0.270966],[-0.661683,0.366913,0.653873],[-0.360234,0.609264,-0.706419]]],"btipPosition":[-123.647,120.369,108.364],"carpPosition":[-111.498,148.57,-3.26677],"dipPosition":[-129.477,130.229,96.9321],"direction":[0.0902747,-0.430593,0.89802],"extended":true,"handId":570,"id":5704,"length":47.4222,"mcpPosition":[-125.836,145.489,48.5059],"pipPosition":[-131.135,138.135,80.4418],"stabilizedTipPosition":[-124.4,122.234,107.648],"timeVisible":2.48887,"tipPosition":[-126.612,122.326,105.433],"tipVelocity":[-6.6718,-5.63101,-2.39828],"tool":false,"touchDistance":0.595577,"touchZone":"none","type":4,"width":14.8853}],"r":[[0.934098,-0.339645,-0.110008],[0.356714,0.900565,0.248472],[0.0146766,-0.271339,0.962372]],"s":1.03649,"t":[-15.1179,-13.685,-1.95861],"timestamp":218845434714},{"currentFrameRate":57.6451,"devices":[],"gestures":[],"hands":[{"armBasis":[[-0.37828,-0.499785,0.779178],[-0.376989,0.851937,0.363432],[-0.845449,-0.156263,-0.510684]],"armWidth":59.0878,"confidence":1,"direction":[-0.0740137,0.147357,0.98631],"elbow":[-317.943,108.818,-156.536],"grabAngle":0.988099,"grabStrength":0,"id":570,"palmNormal":[0.394742,-0.903915,0.164668],"palmPosition":[-92.721,158.128,39.1026],"palmVelocity":[-3.09265,-5.46601,-4.20754],"palmWidth":84.4381,"pinchDistance":53.2387,"pinchStrength":0.0760303,"r":[[0.933954,-0.339955,-0.110279],[0.357092,0.900316,0.248831],[0.0146945,-0.271776,0.962248]],"s":1.0374,"sphereCenter":[-58.9657,58.6301,67.3032],"sphereRadius":108.329,"stabilizedPalmPosition":[-90.8118,157.189,41.8762],"t":[-15.1372,-13.7802,-2.02591],"timeVisible":2.50626,"type":"right","wrist":[-106.109,147.971,-28.5802]}],"id":811151,"interactionBox":{"center":[0,200,0],"size":[235.247,235.247,147.751]},"pointables":[{"bases":[[[-0.736028,0.675667,0.0416626],[0.589386,0.669881,-0.451535],[-0.332996,-0.307787,-0.89128]],[[-0.632968,0.730229,0.257132],[0.576733,0.666339,-0.472623],[-0.51646,-0.150859,-0.842918]],[[-0.632968,0.730229,0.257132],[0.675269,0.683199,-0.277941],[-0.378633,-0.00229478,-0.925544]],[[-0.632968,0.730229,0.257132],[0.755062,0.655645,-0.00326734],[-0.170973,0.192082,-0.966371]]],"btipPosition":[-28.8525,155.463,77.6121],"carpPosition":[-68.6537,152.622,-12.2957],"dipPosition":[-32.6093,159.684,56.3784],"direction":[0.378633,0.00229478,0.925544],"extended":true,"handId":570,"id":5700,"length":48.9297,"mcpPosition":[-68.6537,152.622,-12.2957],"pipPosition":[-44.7296,159.611,26.751],"stabilizedTipPosition":[-29.2285,158.548,73.7635],"timeVisible":2.50626,"tipPosition":[-28.9291,161.488,71.9919],"tipVelocity":[-2.19161,-0.522148,-3.51721],"tool":false,"touchDistance":0.333333,"touchZone":"none","type":0,"width":18.7718},{"bases":[[[-0.915232,-0.371084,0.156993],[-0.378389,0.925464,-0.0183964],[-0.138465,-0.0762413,-0.987428]],[[-0.91178,-0.369219,0.179819],[-0.338034,0.92338,0.181942],[-0.233218,0.105106,-0.966728]],[[-0.91178,-0.369219,0.179819],[-0.201974,0.784392,0.58646],[-0.357581,0.498404,-0.789766]],[[-0.91178,-0.369219,0.179819],[-0.048492,0.531586,0.845615],[-0.407806,0.762295,-0.502593]]],"btipPosition":[-49.8896,144.91,126.836],"carpPosition":[-83.4058,167.482,-5.55497],"dipPosition":[-56.4312,157.138,118.774],"direction":[0.357581,-0.498404,0.789766],"extended":true,"handId":570,"id":5701,"length":55.2117,"mcpPosition":[-73.9525,172.687,61.8588],"pipPosition":[-64.5456,168.448,100.852],"stabilizedTipPosition":[-50.6555,150.49,129.808],"timeVisible":2.50626,"tipPosition":[-53.9006,151.301,127.948],"tipVelocity":[-4.50025,-8.55287,-4.50301],"tool":false,"touchDistance":0.916363,"touchZone":"none","type":1,"width":17.9308},{"bases":[[[-0.847519,-0.530269,0.022965],[-0.53062,0.847506,-0.0132643],[-0.0124294,-0.0234274,-0.999648]],[[-0.845393,-0.528036,0.0805546],[-0.496597,0.83252,0.245564],[-0.19673,0.167595,-0.966028]],[[-0.845393,-0.528036,0.0805546],[-0.419077,0.749195,0.512914],[-0.331188,0.399855,-0.854652]],[[-0.845393,-0.528036,0.0805546],[-0.226791,0.491379,0.8409],[-0.483608,0.692622,-0.535162]]],"btipPosition":[-67.1918,135.829,137.427],"carpPosition":[-94.2734,164.791,-3.26964],"dipPosition":[-75.724,148.049,127.985],"direction":[0.331188,-0.399855,0.854652],"extended":true,"handId":570,"id":5702,"length":62.9093,"mcpPosition":[-93.4686,166.308,61.4518],"pipPosition":[-84.566,158.724,105.168],"stabilizedTipPosition":[-68.0086,138.628,137.797],"timeVisible":2.50626,"tipPosition":[-70.4105,137.765,135.186],"tipVelocity":[-6.36746,-4.7698,-1.81914],"tool":false,"touchDistance":1,"touchZone":"none","type":2,"width":17.6104},{"bases":[[[-0.797682,-0.590306,-0.123458],[-0.589941,0.806276,-0.0434495],[0.125189,0.0381739,-0.991398]],[[-0.802769,-0.591458,-0.0757634],[-0.595905,0.791177,0.137609],[-0.0214479,0.155616,-0.987585]],[[-0.802769,-0.591458,-0.0757634],[-0.547362,0.680521,0.48712],[-0.236552,0.432514,-0.870043]],[[-0.802769,-0.591458,-0.0757634],[-0.399489,0.439134,0.804718],[-0.442686,0.676269,-0.588803]]],"btipPosition":[-96.7818,127.643,129.754],"carpPosition":[-104.322,159.501,-2.25914],"dipPosition":[-104.547,139.506,119.425],"direction":[0.236552,-0.432514,0.870043],"extended":true,"handId":570,"id":5703,"length":60.489,"mcpPosition":[-111.599,157.282,55.3703],"pipPosition":[-110.699,150.755,96.7972],"stabilizedTipPosition":[-97.4089,129.943,129.692],"timeVisible":2.50626,"tipPosition":[-99.3256,129.521,127.126],"tipVelocity":[-8.86177,-3.75508,-0.691756],"tool":false,"touchDistance":0.956306,"touchZone":"none","type":3,"width":16.7574},{"bases":[[[-0.669318,-0.706972,-0.228484],[-0.693435,0.704831,-0.149539],[0.266762,0.0583498,-0.961994]],[[-0.656547,-0.703603,-0.271826],[-0.736971,0.675144,0.0324572],[0.160685,0.221638,-0.961799]],[[-0.656547,-0.703603,-0.271826],[-0.749108,0.566077,0.344084],[-0.0882242,0.429535,-0.89873]],[[-0.656547,-0.703603,-0.271826],[-0.663863,0.367926,0.651089],[-0.358096,0.607926,-0.708656]]],"btipPosition":[-123.796,120.261,108.311],"carpPosition":[-111.523,148.484,-3.35462],"dipPosition":[-129.591,130.099,96.8424],"direction":[0.0882242,-0.429535,0.89873],"extended":true,"handId":570,"id":5704,"length":47.4222,"mcpPosition":[-125.877,145.344,48.4102],"pipPosition":[-131.211,137.986,80.3392],"stabilizedTipPosition":[-124.404,122.236,107.637],"timeVisible":2.50626,"tipPosition":[-126.631,122.139,105.322],"tipVelocity":[-8.1216,-6.49749,-3.55184],"tool":false,"touchDistance":0.594548,"touchZone":"none","type":4,"width":14.8853}],"r":[[0.933954,-0.339955,-0.110279],[0.357092,0.900316,0.248831],[0.0146945,-0.271776,0.962248]],"s":1.0374,"t":[-15.1372,-13.7802,-2.02591],"timestamp":218845452098},{"currentFrameRate":57.6455,"devices":[],"gestures":[],"hands":[{"armBasis":[[-0.377117,-0.501516,0.77863],[-0.378716,0.850707,0.364516],[-0.845197,-0.157414,-0.510748]],"armWidth":59.0878,"confidence":1,"direction":[-0.0738659,0.145309,0.986625],"elbow":[-317.964,108.555,-156.615],"grabAngle":0.985529,"grabStrength":0,"id":570,"palmNormal":[0.396714,-0.903399,0.162753],"palmPosition":[-92.7972,158.056,39.0535],"palmVelocity":[-4.39471,-4.15491,-2.82761],"palmWidth":84.4381,"pinchDistance":53.2282,"pinchStrength":0.0762741,"r":[[0.93397,-0.339769,-0.110712],[0.35704,0.900171,0.24943],[0.0149114,-0.272489,0.962043]],"s":1.03818,"sphereCenter":[-58.8418,58.2792,67.0613],"sphereRadius":108.607,"stabilizedPalmPosition":[-90.8199,157.192,41.8647],"t":[-15.1849,-13.8639,-2.08409],"timeVisible":2.5236,"type":"right","wrist":[-106.193,147.996,-28.643]}],"id":811152,"interactionBox":{"center":[0,200,0],"size":[235.247,235.247,147.751]},"pointables":[{"bases":[[[-0.737425,0.67404,0.0432966],[0.58777,0.671981,-0.450519],[-0.332763,-0.306776,-0.891716]],[[-0.634373,0.728406,0.258834],[0.575211,0.668481,-0.47145],[-0.516433,-0.15019,-0.843054]],[[-0.634373,0.728406,0.258834],[0.674,0.685145,-0.276226],[-0.378544,-0.000776138,-0.925583]],[[-0.634373,0.728406,0.258834],[0.753783,0.657121,-0.00182296],[-0.171413,0.193949,-0.96592]]],"btipPosition":[-28.9355,155.42,77.5392],"carpPosition":[-68.7422,152.699,-12.3662],"dipPosition":[-32.7019,159.681,56.3154],"direction":[0.378544,0.000776138,0.925583],"extended":true,"handId":570,"id":5700,"length":48.9297,"mcpPosition":[-68.7422,152.699,-12.3662],"pipPosition":[-44.8194,159.657,26.6867],"stabilizedTipPosition":[-29.23,158.542,73.7606],"timeVisible":2.5236,"tipPosition":[-28.9995,161.473,71.922],"tipVelocity":[-4.90882,-1.96921,-4.0735],"tool":false,"touchDistance":0.333333,"touchZone":"none","type":0,"width":18.7718},{"bases":[[[-0.914379,-0.373305,0.156701],[-0.380338,0.924701,-0.0164473],[-0.138762,-0.0746384,-0.987509]],[[-0.910983,-0.371509,0.179142],[-0.339957,0.922287,0.183893],[-0.233538,0.106623,-0.966484]],[[-0.910983,-0.371509,0.179142],[-0.203534,0.782706,0.588172],[-0.358726,0.499353,-0.788646]],[[-0.910983,-0.371509,0.179142],[-0.0496445,0.529952,0.846573],[-0.409446,0.76232,-0.501221]]],"btipPosition":[-49.9207,144.75,126.749],"carpPosition":[-83.5223,167.515,-5.59027],"dipPosition":[-56.4885,156.979,118.709],"direction":[0.358726,-0.499353,0.788646],"extended":true,"handId":570,"id":5701,"length":55.2117,"mcpPosition":[-74.0488,172.611,61.8291],"pipPosition":[-64.6289,168.31,100.813],"stabilizedTipPosition":[-50.6601,150.473,129.779],"timeVisible":2.5236,"tipPosition":[-53.9173,151.134,127.863],"tipVelocity":[-2.14036,-9.18952,-4.72508],"tool":false,"touchDistance":0.914997,"touchZone":"none","type":1,"width":17.9308},{"bases":[[[-0.846394,-0.532089,0.0223368],[-0.532403,0.846414,-0.0113949],[-0.0128431,-0.0215367,-0.999686]],[[-0.844262,-0.529976,0.079673],[-0.498477,0.831133,0.246453],[-0.196833,0.168356,-0.965874]],[[-0.844262,-0.529976,0.079673],[-0.420978,0.747805,0.513385],[-0.331662,0.399891,-0.854452]],[[-0.844262,-0.529976,0.079673],[-0.228732,0.490765,0.840733],[-0.484669,0.691574,-0.535557]]],"btipPosition":[-67.2388,135.695,137.388],"carpPosition":[-94.3832,164.797,-3.30511],"dipPosition":[-75.7898,147.897,127.939],"direction":[0.331662,-0.399891,0.854452],"extended":true,"handId":570,"id":5702,"length":62.9093,"mcpPosition":[-93.5517,166.191,61.4188],"pipPosition":[-84.6444,158.573,105.128],"stabilizedTipPosition":[-68.017,138.627,137.779],"timeVisible":2.5236,"tipPosition":[-70.391,137.563,135.088],"tipVelocity":[-2.95838,-7.93803,-2.30519],"tool":false,"touchDistance":1,"touchZone":"none","type":2,"width":17.6104},{"bases":[[[-0.796499,-0.591741,-0.124224],[-0.591651,0.805118,-0.0416319],[0.12465,0.0403373,-0.99138]],[[-0.801548,-0.592993,-0.0766809],[-0.597549,0.789841,0.138153],[-0.0213578,0.156557,-0.987438]],[[-0.801548,-0.592993,-0.0766809],[-0.549305,0.679626,0.486183],[-0.236189,0.43182,-0.870486]],[[-0.801548,-0.592993,-0.0766809],[-0.401839,0.439268,0.803473],[-0.442771,0.674836,-0.590382]]],"btipPosition":[-96.8604,127.504,129.745],"carpPosition":[-104.42,159.484,-2.30015],"dipPosition":[-104.627,139.342,119.389],"direction":[0.236189,-0.43182,0.870486],"extended":true,"handId":570,"id":5703,"length":60.489,"mcpPosition":[-111.666,157.14,55.3283],"pipPosition":[-110.77,150.572,96.749],"stabilizedTipPosition":[-97.4185,129.945,129.674],"timeVisible":2.5236,"tipPosition":[-99.2936,129.277,127.029],"tipVelocity":[-4.55276,-8.35327,-0.883553],"tool":false,"touchDistance":0.956051,"touchZone":"none","type":3,"width":16.7574},{"bases":[[[-0.667939,-0.707936,-0.229532],[-0.694981,0.703659,-0.147868],[0.266194,0.060754,-0.962003]],[[-0.655229,-0.704467,-0.272765],[-0.738147,0.673841,0.0328339],[0.16067,0.222854,-0.96152]],[[-0.655229,-0.704467,-0.272765],[-0.750339,0.565056,0.343079],[-0.0875603,0.429461,-0.89883]],[[-0.655229,-0.704467,-0.272765],[-0.665655,0.367689,0.649391],[-0.357182,0.607067,-0.709853]]],"btipPosition":[-123.868,120.076,108.264],"carpPosition":[-111.598,148.454,-3.41346],"dipPosition":[-129.648,129.9,96.7767],"direction":[0.0875603,-0.429461,0.89883],"extended":true,"handId":570,"id":570