{"frames":140,"data":[{"currentFrameRate":102.43,"devices":[],"gestures":[],"hands":[{"armBasis":[[0.978804,-0.122514,-0.164111],[-0.191882,-0.268534,-0.943966],[-0.0715796,-0.955447,0.28635]],"armWidth":58.4923,"confidence":1,"direction":[0.377226,0.35299,0.856212],"elbow":[11.9957,-23.6892,16.5673],"grabAngle":0.603742,"grabStrength":0,"id":853,"palmNormal":[-0.79881,-0.34379,0.493671],"palmPosition":[49.0339,261.117,-4.13034],"palmVelocity":[-31.0174,27.7322,12.2752],"palmWidth":86.0742,"pinchDistance":75.8352,"pinchStrength":0,"r":[[-0.61525,-0.0365522,-0.787484],[-0.0366917,0.99917,-0.0177111],[0.787477,0.0179974,-0.616081]],"s":1.76744,"sphereCenter":[36.7413,248.689,47.8156],"sphereRadius":62.289,"stabilizedPalmPosition":[50.1383,259.197,-4.65991],"t":[-13.93,55.273,77.7503],"timeVisible":5.06147,"type":"left","wrist":[30.2781,220.344,-56.5703]}],"id":1326506,"interactionBox":{"center":[0,200,0],"size":[235.247,235.247,147.751]},"pointables":[{"bases":[[[0.976657,0.0262185,-0.213198],[-0.16712,0.7163,-0.677484],[-0.134951,-0.697299,-0.703962]],[[0.981889,0.0587141,-0.180131],[-0.168696,0.703695,-0.690184],[-0.0862341,-0.708072,-0.700855]],[[0.981889,0.0587141,-0.180131],[-0.186645,0.463016,-0.866475],[-0.0325295,-0.884403,-0.465589]],[[0.981889,0.0587141,-0.180131],[-0.149907,0.822169,-0.549151],[-0.115856,-0.566208,-0.81608]]],"btipPosition":[22.3238,334.359,17.8421],"carpPosition":[14.388,257.027,-50.622],"dipPosition":[19.5817,320.958,-1.47306],"direction":[0.0325295,0.884403,0.465589],"extended":true,"handId":853,"id":8530,"length":52.7058,"mcpPosition":[14.388,257.027,-50.622],"pipPosition":[18.46,290.463,-17.5271],"stabilizedTipPosition":[24.4533,332.907,11.2482],"timeVisible":5.06147,"tipPosition":[24.2688,333.124,10.3383],"tipVelocity":[-230.208,-167.267,190.491],"tool":false,"touchDistance":0.333333,"touchZone":"none","type":0,"width":18.3396},{"bases":[[[0.0462186,-0.996904,0.0636154],[0.915743,0.0168406,-0.401411],[-0.399097,-0.076808,-0.913686]],[[0.107921,-0.972711,0.205392],[0.970508,0.0582838,-0.233916],[-0.215562,-0.224579,-0.950314]],[[0.107921,-0.972711,0.205392],[0.742247,0.216278,0.634266],[0.661379,-0.084001,-0.745333]],[[0.107921,-0.972711,0.205392],[0.742247,0.216278,0.634266],[0.661379,-0.084001,-0.745333]]],"btipPosition":[52.7989,244.366,71.5952],"carpPosition":[47.8101,228.996,-40.2402],"dipPosition":[64.3278,242.902,58.6028],"direction":[-0.661379,0.084001,0.745333],"extended":false,"handId":853,"id":8534,"length":51.082,"mcpPosition":[69.7016,233.209,9.87776],"pipPosition":[77.4099,241.24,43.8601],"stabilizedTipPosition":[56.8502,242.246,69.0535],"timeVisible":5.06147,"tipPosition":[59.9918,243.541,71.4748],"tipVelocity":[-214.841,221.731,-109.345],"tool":false,"touchDistance":0.333333,"touchZone":"none","type":4,"width":14.5426},{"bases":[[[0.525302,-0.798555,0.293883],[0.833464,0.413279,-0.366794],[-0.171449,-0.437619,-0.882663]],[[0.398432,-0.909406,-0.119302],[0.765946,0.401455,-0.502156],[-0.504558,-0.108697,-0.856508]],[[0.398432,-0.909406,-0.119302],[0.917159,0.393839,0.0609109],[0.00840705,0.133688,-0.990988]],[[0.398432,-0.909406,-0.119302],[0.851909,0.31873,0.415527],[0.339857,0.267194,-0.901723]]],"btipPosition":[64.3337,287.614,88.5222],"carpPosition":[36.5574,260.32,-49.9247],"dipPosition":[70.206,292.231,72.9415],"direction":[-0.00840705,-0.133688,0.990988],"extended":true,"handId":853,"id":8531,"length":59.4726,"mcpPosition":[48.4894,290.776,11.5042],"pipPosition":[70.4115,295.499,48.718],"stabilizedTipPosition":[66.1992,288.673,85.0071],"timeVisible":5.06147,"tipPosition":[71.148,292.28,84.8879],"tipVelocity":[-317.186,-1.73113,-48.8218],"tool":false,"touchDistance":0.333333,"touchZone":"none","type":1,"width":17.518},{"bases":[[[0.347476,-0.909012,0.230125],[0.906308,0.262616,-0.331119],[-0.240556,-0.32362,-0.915097]],[[0.312153,-0.944147,0.105577],[0.868211,0.238384,-0.435182],[-0.385708,-0.227506,-0.894131]],[[0.312153,-0.944147,0.105577],[0.925915,0.277464,-0.256311],[-0.212701,-0.177763,-0.960811]],[[0.312153,-0.944147,0.105577],[0.942391,0.293659,-0.160196],[-0.120245,-0.1495,-0.981423]]],"btipPosition":[87.128,292.429,103.625],"carpPosition":[44.048,252.028,-46.6371],"dipPosition":[84.8428,289.588,84.974],"direction":[0.212701,0.177763,0.960811],"extended":true,"handId":853,"id":8532,"length":67.7642,"mcpPosition":[59.9244,273.386,13.7581],"pipPosition":[78.7259,284.476,57.343],"stabilizedTipPosition":[87.3628,290.116,99.3236],"timeVisible":5.06147,"tipPosition":[85.9465,300.935,96.8895],"tipVelocity":[-25.9144,80.0067,-4.30999],"tool":false,"touchDistance":0.488927,"touchZone":"none","type":2,"width":17.205},{"bases":[[[0.238972,-0.963921,0.117255],[0.920687,0.18655,-0.342834],[-0.308591,-0.189882,-0.93205]],[[0.264461,-0.944176,0.196449],[0.933776,0.199772,-0.296906],[-0.241086,-0.26196,-0.934481]],[[0.264461,-0.944176,0.196449],[0.946206,0.214655,-0.24211],[-0.186426,-0.24991,-0.950153]],[[0.264461,-0.944176,0.196449],[0.964393,0.258341,-0.0566273],[-0.00271511,-0.20443,-0.978877]]],"btipPosition":[83.4782,275.943,99.021],"carpPosition":[49.0249,241.99,-43.5477],"dipPosition":[83.4269,272.08,80.5248],"direction":[0.186426,0.24991,0.950153],"extended":true,"handId":853,"id":8533,"length":65.1571,"mcpPosition":[67.3107,253.242,11.6816],"pipPosition":[78.2041,265.079,53.906],"stabilizedTipPosition":[83.8585,273.902,94.8013],"timeVisible":5.06147,"tipPosition":[79.2082,279.564,92.8677],"tipVelocity":[-68.1693,203.184,-8.55807],"tool":false,"touchDistance":0.412782,"touchZone":"none","type":3,"width":16.3716}],"r":[[-0.61525,-0.0365522,-0.787484],[-0.0366917,0.99917,-0.0177111],[0.787477,0.0179974,-0.616081]],"s":1.76744,"t":[-13.93,55.273,77.7503],"timestamp":227357661642},{"currentFrameRate":102.807,"devices":[],"gestures":[],"hands":[{"armBasis":[[0.980654,-0.11822,-0.156016],[-0.182736,-0.267157,-0.946168],[-0.0701751,-0.956374,0.283592]],"armWidth":58.4923,"confidence":1,"direction":[0.375547,0.357084,0.855252],"elbow":[12.3523,-23.9499,16.1968],"grabAngle":0.887695,"grabStrength":0,"id":853,"palmNormal":[-0.795266,-0.349723,0.495223],"palmPosition":[48.8487,261.267,-3.83861],"palmVelocity":[-20.5551,16.7102,32.379],"palmWidth":86.0742,"pinchDistance":74.9909,"pinchStrength":0,"r":[[-0.613449,-0.0421304,-0.78861],[-0.03866,0.998981,-0.0232962],[0.788787,0.0161966,-0.614453]],"s":1.76895,"sphereCenter":[40.3775,247.4,47.2746],"sphereRadius":60.672,"stabilizedPalmPosition":[49.9836,259.445,-4.56143],"t":[-14.1816,55.5399,77.95],"timeVisible":5.07048,"type":"left","wrist":[30.2759,220.32,-56.2363]}],"id":1326507,"interactionBox":{"center":[0,200,0],"size":[235.247,235.247,147.751]},"pointables":[{"bases":[[[0.976105,0.0339516,-0.214632],[-0.173941,0.714102,-0.678088],[-0.130247,-0.699218,-0.702943]],[[0.982912,0.0837736,-0.16391],[-0.173317,0.721154,-0.670745],[-0.0620135,-0.687691,-0.72335]],[[0.982912,0.0837736,-0.16391],[-0.183902,0.485718,-0.854551],[-0.00802513,-0.870092,-0.492824]],[[0.982912,0.0837736,-0.16391],[-0.156195,0.850743,-0.501836],[-0.0974046,-0.518862,-0.84929]]],"btipPosition":[19.6816,331.594,20.9759],"carpPosition":[14.1711,256.839,-50.2756],"dipPosition":[17.3762,319.314,0.874672],"direction":[0.00802513,0.870092,0.492824],"extended":true,"handId":853,"id":8530,"length":52.7058,"mcpPosition":[14.1711,256.839,-50.2756],"pipPosition":[17.0995,289.312,-16.1185],"stabilizedTipPosition":[22.4819,331.369,13.1461],"timeVisible":5.07048,"tipPosition":[22.5936,332.174,11.8004],"tipVelocity":[-282.108,-278.224,327.745],"tool":false,"touchDistance":0.333333,"touchZone":"none","type":0,"width":18.3396},{"bases":[[[0.532236,-0.793881,0.294071],[0.829531,0.419645,-0.368478],[-0.169123,-0.440059,-0.881899]],[[0.405688,-0.906258,-0.1188],[0.767857,0.40843,-0.493539],[-0.495795,-0.109001,-0.861572]],[[0.405688,-0.906258,-0.1188],[0.913456,0.397469,0.0872746],[0.0318737,0.143925,-0.989075]],[[0.405688,-0.906258,-0.1188],[0.827755,0.309167,0.468228],[0.387606,0.288292,-0.875585]]],"btipPosition":[62.1488,287.176,88.5013],"carpPosition":[36.3138,260.314,-49.614],"dipPosition":[68.8462,292.158,73.3722],"direction":[-0.0318737,-0.143925,0.989075],"extended":true,"handId":853,"id":8531,"length":59.4726,"mcpPosition":[48.0839,290.94,11.7617],"pipPosition":[69.6253,295.676,49.1955],"stabilizedTipPosition":[64.0321,288.37,85.0196],"timeVisible":5.07048,"tipPosition":[70.0457,292.231,85.1011],"tipVelocity":[-221.436,-39.2906,9.20921],"tool":false,"touchDistance":0.333333,"touchZone":"none","type":1,"width":17.518},{"bases":[[[0.0544632,-0.996416,0.0647255],[0.915001,0.0238514,-0.402746],[-0.399759,-0.0811588,-0.91302]],[[0.132453,-0.96068,0.244027],[0.970651,0.0758573,-0.228216],[-0.200731,-0.267093,-0.942533]],[[0.132453,-0.96068,0.244027],[0.701156,0.26483,0.662001],[0.700597,-0.0834173,-0.708664]],[[0.132453,-0.96068,0.244027],[-0.243531,0.207109,0.947522],[0.960806,0.18493,0.206523]]],"btipPosition":[46.3356,241.524,54.2941],"carpPosition":[47.8362,229.095,-39.9087],"dipPosition":[63.0841,244.748,57.8942],"direction":[-0.700597,0.0834173,0.708664],"extended":false,"handId":853,"id":8534,"length":51.082,"mcpPosition":[69.764,233.547,10.1727],"pipPosition":[76.9419,243.098,43.8768],"stabilizedTipPosition":[54.0563,242.254,63.2114],"timeVisible":5.07048,"tipPosition":[55.2374,243.087,63.64],"tipVelocity":[-584.1,-195.751,-1496.65],"tool":false,"touchDistance":0.333333,"touchZone":"none","type":4,"width":14.5426},{"bases":[[[0.355228,-0.905865,0.230698],[0.903655,0.269625,-0.33273],[-0.239206,-0.326667,-0.914368]],[[0.318453,-0.942531,0.10111],[0.863493,0.244422,-0.441178],[-0.39111,-0.227802,-0.891706]],[[0.318453,-0.942531,0.10111],[0.92306,0.28405,-0.259378],[-0.215751,-0.17593,-0.960469]],[[0.318453,-0.942531,0.10111],[0.938479,0.298445,-0.173748],[-0.133587,-0.15022,-0.979586]]],"btipPosition":[87.4721,292.665,103.724],"carpPosition":[43.8766,252.087,-46.3274],"dipPosition":[84.9334,289.81,85.1075],"direction":[0.215751,0.17593,0.960469],"extended":true,"handId":853,"id":8532,"length":67.7642,"mcpPosition":[59.664,273.647,14.0197],"pipPosition":[78.7288,284.751,57.4863],"stabilizedTipPosition":[87.2242,290.669,99.3583],"timeVisible":5.07048,"tipPosition":[85.635,301.096,97.183],"tipVelocity":[31.7268,25.8335,11.8333],"tool":false,"touchDistance":0.490704,"touchZone":"none","type":2,"width":17.205},{"bases":[[[0.247016,-0.961794,0.118049],[0.91864,0.193665,-0.344376],[-0.308357,-0.193511,-0.931381]],[[0.276033,-0.938213,0.208714],[0.931169,0.20723,-0.299967],[-0.238181,-0.277149,-0.930837]],[[0.276033,-0.938213,0.208714],[0.943782,0.223485,-0.243579],[-0.181884,-0.264216,-0.947158]],[[0.276033,-0.938213,0.208714],[0.961146,0.269847,-0.058139],[0.00177411,-0.216653,-0.976247]]],"btipPosition":[83.0361,277.58,98.9975],"carpPosition":[48.9399,242.095,-43.2333],"dipPosition":[83.0696,273.486,80.551],"direction":[0.181884,0.264216,0.947158],"extended":true,"handId":853,"id":8533,"length":65.1571,"mcpPosition":[67.2118,253.561,11.9564],"pipPosition":[77.974,266.084,54.0162],"stabilizedTipPosition":[83.3129,275.734,94.7702],"timeVisible":5.07048,"tipPosition":[79.2826,279.844,93.2065],"tipVelocity":[-46.9072,175.818,-1.33978],"tool":false,"touchDistance":0.41258,"touchZone":"none","type":3,"width":16.3716}],"r":[[-0.613449,-0.0421304,-0.78861],[-0.03866,0.998981,-0.0232962],[0.788787,0.0161966,-0.614453]],"s":1.76895,"t":[-14.1816,55.5399,77.95],"timestamp":227357670652},{"currentFrameRate":103.151,"devices":[],"gestures":[],"hands":[{"armBasis":[[0.982105,-0.115574,-0.1487],[-0.174788,-0.265342,-0.948179],[-0.0701282,-0.957202,0.280795]],"armWidth":58.4923,"confidence":1,"direction":[0.375062,0.361057,0.853796],"elbow":[12.2426,-24.2127,15.7923],"grabAngle":0.916321,"grabStrength":0,"id":853,"palmNormal":[-0.790851,-0.355874,0.497904],"palmPosition":[48.6393,261.375,-3.59345],"palmVelocity":[-23.1584,11.8918,27.1167],"palmWidth":86.0742,"pinchDistance":74.2999,"pinchStrength":0,"r":[[-0.612386,-0.0477726,-0.789114],[-0.0419133,0.998731,-0.0279362],[0.789447,0.0159666,-0.613611]],"s":1.76857,"sphereCenter":[40.5425,245.869,47.8017],"sphereRadius":60.9631,"stabilizedPalmPosition":[49.8509,259.636,-4.46588],"t":[-14.412,55.7272,78.1724],"timeVisible":5.07952,"type":"left","wrist":[30.1543,220.269,-55.9264]}],"id":1326508,"interactionBox":{"center":[0,200,0],"size":[235.247,235.247,147.751]},"pointables":[{"bases":[[[0.975151,0.0419024,-0.217544],[-0.181904,0.711952,-0.678259],[-0.12646,-0.700977,-0.701883]],[[0.982609,0.105452,-0.152838],[-0.180523,0.735266,-0.653296],[-0.0434853,-0.669525,-0.741516]],[[0.982609,0.105452,-0.152838],[-0.185311,0.504568,-0.84325],[0.0118052,-0.856908,-0.515335]],[[0.982609,0.105452,-0.152838],[-0.167603,0.85799,-0.485554],[-0.0799309,-0.502725,-0.860743]]],"btipPosition":[17.4017,329.672,23.2329],"carpPosition":[13.8635,256.611,-49.9236],"dipPosition":[15.5098,317.773,2.86065],"direction":[-0.0118052,0.856908,0.515335],"extended":true,"handId":853,"id":8530,"length":52.7058,"mcpPosition":[13.8635,256.611,-49.9236],"pipPosition":[15.9169,288.226,-14.9087],"stabilizedTipPosition":[20.4955,329.772,15.0914],"timeVisible":5.07952,"tipPosition":[21.04,331.233,13.1184],"tipVelocity":[-241.651,-202.932,242.749],"tool":false,"touchDistance":0.333333,"touchZone":"none","type":0,"width":18.3396},{"bases":[[[0.539723,-0.789111,0.293263],[0.824903,0.426204,-0.371329],[-0.16803,-0.442328,-0.880972]],[[0.412905,-0.90295,-0.119125],[0.766566,0.415171,-0.489908],[-0.491819,-0.110968,-0.863597]],[[0.412905,-0.90295,-0.119125],[0.909611,0.402227,0.104021],[0.0460104,0.151308,-0.987415]],[[0.412905,-0.90295,-0.119125],[0.81893,0.310838,0.482424],[0.398576,0.29675,-0.8678]]],"btipPosition":[61.0293,287.05,88.633],"carpPosition":[35.9781,260.271,-49.3307],"dipPosition":[67.9162,292.178,73.6384],"direction":[-0.0460104,-0.151308,0.987415],"extended":true,"handId":853,"id":8531,"length":59.4726,"mcpPosition":[47.6722,291.055,11.9805],"pipPosition":[69.0409,295.877,49.5023],"stabilizedTipPosition":[62.7929,288.248,85.1634],"timeVisible":5.07952,"tipPosition":[69.3922,292.333,85.2492],"tipVelocity":[-119.006,-10.1855,17.9886],"tool":false,"touchDistance":0.333333,"touchZone":"none","type":1,"width":17.518},{"bases":[[[0.0629881,-0.995861,0.0655233],[0.91358,0.0311058,-0.405467],[-0.401751,-0.0854004,-0.911758]],[[0.160093,-0.944065,0.288289],[0.97012,0.0965389,-0.222591],[-0.182309,-0.315311,-0.931312]],[[0.160093,-0.944065,0.288289],[0.639429,0.32168,0.698321],[0.751998,-0.0725443,-0.655162]],[[0.160093,-0.944065,0.288289],[-0.33734,0.222146,0.914797],[0.92767,0.243704,0.282907]]],"btipPosition":[45.3008,242.306,51.7132],"carpPosition":[47.7899,229.16,-39.6294],"dipPosition":[61.4716,246.554,56.6447],"direction":[-0.751998,0.0725443,0.655162],"extended":false,"handId":853,"id":8534,"length":51.082,"mcpPosition":[69.8269,233.844,10.3828],"pipPosition":[76.3462,245.119,43.6856],"stabilizedTipPosition":[52.2987,242.613,59.5944],"timeVisible":5.07952,"tipPosition":[54.3375,243.31,62.0768],"tipVelocity":[-129.159,112.543,-251.601],"tool":false,"touchDistance":0.333333,"touchZone":"none","type":4,"width":14.5426},{"bases":[[[0.363472,-0.902634,0.230521],[0.900385,0.276845,-0.335655],[-0.239155,-0.329558,-0.913343]],[[0.324925,-0.9409,0.0955563],[0.858158,0.250861,-0.447921],[-0.397477,-0.227543,-0.888952]],[[0.324925,-0.9409,0.0955563],[0.92001,0.291059,-0.262423],[-0.219102,-0.173181,-0.96021]],[[0.324925,-0.9409,0.0955563],[0.93456,0.303951,-0.184964],[-0.144988,-0.149403,-0.978089]]],"btipPosition":[87.8347,292.773,103.755],"carpPosition":[43.6192,252.111,-46.0585],"dipPosition":[85.0793,289.934,85.1671],"direction":[0.219102,0.173181,0.96021],"extended":true,"handId":853,"id":8532,"length":67.7642,"mcpPosition":[59.4031,273.862,14.2209],"pipPosition":[78.7784,284.954,57.5533],"stabilizedTipPosition":[87.2176,291.083,99.393],"timeVisible":5.07952,"tipPosition":[85.4618,301.224,97.37],"tipVelocity":[34.5918,12.3335,4.16619],"tool":false,"touchDistance":0.491332,"touchZone":"none","type":2,"width":17.205},{"bases":[[[0.255401,-0.959577,0.118245],[0.91597,0.201002,-0.347272],[-0.309467,-0.197002,-0.93028]],[[0.288051,-0.931912,0.220376],[0.928156,0.215055,-0.303773],[-0.235696,-0.292046,-0.926907]],[[0.288051,-0.931912,0.220376],[0.942377,0.234969,-0.23815],[-0.170153,-0.276277,-0.945896]],[[0.288051,-0.931912,0.220376],[0.957526,0.283423,-0.0530541],[0.0130177,-0.226298,-0.973971]]],"btipPosition":[82.2835,279.05,98.9399],"carpPosition":[48.775,242.165,-42.9698],"dipPosition":[82.5295,274.774,80.5364],"direction":[0.170153,0.276277,0.945896],"extended":true,"handId":853,"id":8533,"length":65.1571,"mcpPosition":[67.1127,253.838,12.1547],"pipPosition":[77.7626,267.034,54.0369],"stabilizedTipPosition":[82.6279,277.377,94.7258],"timeVisible":5.07952,"tipPosition":[79.4262,280.142,93.4408],"tipVelocity":[-77.831,157.976,-5.28101],"tool":false,"touchDistance":0.411785,"touchZone":"none","type":3,"width":16.3716}],"r":[[-0.612386,-0.0477726,-0.789114],[-0.0419133,0.998731,-0.0279362],[0.789447,0.0159666,-0.613611]],"s":1.76857,"t":[-14.412,55.7272,78.1724],"timestamp":227357679693},{"currentFrameRate":103.461,"devices":[],"gestures":[],"hands":[{"armBasis":[[0.982376,-0.113212,-0.148727],[-0.174104,-0.264753,-0.948469],[-0.0680023,-0.957648,0.279798]],"armWidth":58.4923,"confidence":1,"direction":[0.373996,0.361048,0.854266],"elbow":[12.6326,-24.3294,15.7948],"grabAngle":0.951355,"grabStrength":0,"id":853,"palmNormal":[-0.789948,-0.358587,0.497391],"palmPosition":[48.3757,261.358,-3.2874],"palmVelocity":[-29.0292,-1.83649,33.7024],"palmWidth":86.0742,"pinchDistance":73.4705,"pinchStrength":0,"r":[[-0.611476,-0.052427,-0.789524],[-0.0450477,0.998491,-0.0314143],[0.789979,0.0163572,-0.612915]],"s":1.76883,"sphereCenter":[39.9016,243.799,48.6361],"sphereRadius":61.7343,"stabilizedPalmPosition":[49.7324,259.774,-4.37118],"t":[-14.6591,55.8124,78.4366],"timeVisible":5.0886,"type":"left","wrist":[30.0013,220.266,-55.6692]}],"id":1326509,"interactionBox":{"center":[0,200,0],"size":[235.247,235.247,147.751]},"pointables":[{"bases":[[[0.975059,0.044779,-0.217383],[-0.18374,0.712266,-0.677434],[-0.1245,-0.70048,-0.702729]],[[0.982764,0.118839,-0.141605],[-0.182369,0.74867,-0.637366],[-0.0302711,-0.652204,-0.757439]],[[0.982764,0.118839,-0.141605],[-0.183399,0.530534,-0.827586],[0.0232237,-0.839292,-0.543184]],[[0.982764,0.118839,-0.141605],[-0.173619,0.856416,-0.486219],[-0.0634906,-0.502424,-0.862287]]],"btipPosition":[15.7493,328.184,25.2781],"carpPosition":[13.6179,256.556,-49.6272],"dipPosition":[14.2466,316.293,4.86928],"direction":[-0.0232237,0.839292,0.543184],"extended":true,"handId":853,"id":8530,"length":52.7058,"mcpPosition":[13.6179,256.556,-49.6272],"pipPosition":[15.0474,287.353,-13.8604],"stabilizedTipPosition":[18.7932,328.327,16.9277],"timeVisible":5.0886,"tipPosition":[19.8724,330.34,14.4803],"tipVelocity":[-172.103,-163.619,224.29],"tool":false,"touchDistance":0.333333,"touchZone":"none","type":0,"width":18.3396},{"bases":[[[0.541807,-0.788007,0.292387],[0.823797,0.428858,-0.370728],[-0.166743,-0.441731,-0.881516]],[[0.415341,-0.901696,-0.12015],[0.768623,0.418511,-0.483805],[-0.486529,-0.108594,-0.866889]],[[0.415341,-0.901696,-0.12015],[0.907614,0.401907,0.121275],[0.0610637,0.15942,-0.985321]],[[0.415341,-0.901696,-0.12015],[0.814224,0.309611,0.491102],[0.405625,0.301803,-0.862777]]],"btipPosition":[59.9646,286.624,88.9792],"carpPosition":[35.7226,260.275,-49.0274],"dipPosition":[66.9733,291.839,74.0714],"direction":[-0.0610637,-0.15942,0.985321],"extended":true,"handId":853,"id":8531,"length":59.4726,"mcpPosition":[47.3271,291.017,12.3217],"pipPosition":[68.466,295.736,49.9865],"stabilizedTipPosition":[61.744,287.882,85.4971],"timeVisible":5.0886,"tipPosition":[68.6754,292.052,85.5922],"tipVelocity":[-114.155,-44.7666,40.3216],"tool":false,"touchDistance":0.333333,"touchZone":"none","type":1,"width":17.518},{"bases":[[[0.0656549,-0.995765,0.0643483],[0.913538,0.0340404,-0.405326],[-0.401419,-0.0853962,-0.911905]],[[0.171935,-0.935406,0.308955],[0.97101,0.108054,-0.213223],[-0.166066,-0.336659,-0.926867]],[[0.171935,-0.935406,0.308955],[0.562934,0.350668,0.748423],[0.80842,-0.0452414,-0.586864]],[[0.171935,-0.935406,0.308955],[-0.453297,0.203326,0.86786],[0.87462,0.289264,0.389058]]],"btipPosition":[44.3373,241.759,48.6287],"carpPosition":[47.6168,229.183,-39.3617],"dipPosition":[59.5835,246.801,55.4106],"direction":[-0.80842,0.0452414,0.586864],"extended":false,"handId":853,"id":8534,"length":51.082,"mcpPosition":[69.6356,233.868,10.6585],"pipPosition":[75.574,245.906,43.8025],"stabilizedTipPosition":[51.0814,242.697,57.0243],"timeVisible":5.0886,"tipPosition":[53.0476,243.178,60.2898],"tipVelocity":[-129.515,-40.1314,-292.798],"tool":false,"touchDistance":0.333333,"touchZone":"none","type":4,"width":14.5426},{"bases":[[[0.365869,-0.901928,0.22949],[0.899675,0.27966,-0.335223],[-0.238168,-0.329115,-0.913761]],[[0.325797,-0.941226,0.0891604],[0.856165,0.253715,-0.450122],[-0.401046,-0.222985,-0.888504]],[[0.325797,-0.941226,0.0891604],[0.919603,0.293586,-0.261031],[-0.219513,-0.167035,-0.961204]],[[0.325797,-0.941226,0.0891604],[0.933107,0.304932,-0.190597],[-0.152207,-0.145292,-0.977611]]],"btipPosition":[87.8585,292.287,104.075],"carpPosition":[43.3852,252.132,-45.764],"dipPosition":[84.9659,289.526,85.4959],"direction":[0.219513,0.167035,0.961204],"extended":true,"handId":853,"id":8532,"length":67.7642,"mcpPosition":[59.104,273.853,14.543],"pipPosition":[78.6531,284.722,57.8536],"stabilizedTipPosition":[87.2115,291.225,99.4953],"timeVisible":5.0886,"tipPosition":[85.1553,300.846,97.8016],"tipVelocity":[-0.855028,-51.5415,35.4448],"tool":false,"touchDistance":0.496696,"touchZone":"none","type":2,"width":17.205},{"bases":[[[0.257964,-0.959028,0.117135],[0.915465,0.203873,-0.346928],[-0.308833,-0.196728,-0.930548]],[[0.29408,-0.927447,0.230996],[0.927508,0.218572,-0.303243],[-0.230752,-0.303428,-0.924492]],[[0.29408,-0.927447,0.230996],[0.943587,0.24324,-0.224672],[-0.152184,-0.284037,-0.946659]],[[0.29408,-0.927447,0.230996],[0.955335,0.292611,-0.0414023],[0.0291937,-0.232854,-0.972073]]],"btipPosition":[81.0059,279.92,99.1155],"carpPosition":[48.5674,242.195,-42.6865],"dipPosition":[81.5575,275.52,80.7478],"direction":[0.152184,0.284037,0.946659],"extended":true,"handId":853,"id":8533,"length":65.1571,"mcpPosition":[66.8675,253.852,12.4539],"pipPosition":[77.294,267.563,54.2269],"stabilizedTipPosition":[81.5593,278.471,94.8438],"timeVisible":5.0886,"tipPosition":[79.2583,280.001,93.8591],"tipVelocity":[-132.953,92.6522,20.2433],"tool":false,"touchDistance":0.414849,"touchZone":"none","type":3,"width":16.3716}],"r":[[-0.611476,-0.052427,-0.789524],[-0.0450477,0.998491,-0.0314143],[0.789979,0.0163572,-0.612915]],"s":1.76883,"t":[-14.6591,55.8124,78.4366],"timestamp":227357688774},{"currentFrameRate":103.802,"devices":[],"gestures":[],"hands":[{"armBasis":[[0.982497,-0.112124,-0.148752],[-0.173705,-0.263084,-0.949006],[-0.0672722,-0.958235,0.277956]],"armWidth":58.4923,"confidence":1,"direction":[0.373503,0.360179,0.854849],"elbow":[12.5858,-24.4901,15.5053],"grabAngle":0.987204,"grabStrength":0,"id":853,"palmNormal":[-0.788806,-0.361617,0.497009],"palmPosition":[48.0879,261.276,-3.03219],"palmVelocity":[-32.0088,-9.06952,28.3842],"palmWidth":86.0742,"pinchDistance":72.3169,"pinchStrength":0,"r":[[-0.610787,-0.0561225,-0.789803],[-0.0480568,0.998274,-0.0337718],[0.790335,0.017328,-0.61243]],"s":1.76998,"sphereCenter":[39.4344,240.926,49.6274],"sphereRadius":62.9476,"stabilizedPalmPosition":[49.6176,259.879,-4.27772],"t":[-14.9265,55.8143,78.6964],"timeVisible":5.09759,"type":"left","wrist":[29.768,220.256,-55.4883]}],"id":1326510,"interactionBox":{"center":[0,200,0],"size":[235.247,235.247,147.751]},"pointables":[{"bases":[[[0.974838,0.0476834,-0.217754],[-0.185852,0.713233,-0.675838],[-0.123083,-0.699303,-0.704149]],[[0.982555,0.130259,-0.132732],[-0.184901,0.760694,-0.622219],[-0.019919,-0.635906,-0.771509]],[[0.982555,0.130259,-0.132732],[-0.183675,0.567933,-0.802319],[0.029126,-0.812702,-0.581951]],[[0.982555,0.130259,-0.132732],[-0.179882,0.846805,-0.500563],[-0.0471955,-0.515706,-0.855464]]],"btipPosition":[14.3732,326.742,27.3796],"carpPosition":[13.3199,256.485,-49.3654],"dipPosition":[13.2562,314.536,7.13219],"direction":[-0.029126,0.812702,0.581951],"extended":true,"handId":853,"id":8530,"length":52.7058,"mcpPosition":[13.3199,256.485,-49.3654],"pipPosition":[14.2605,286.513,-12.9342],"stabilizedTipPosition":[17.3929,327.012,18.6628],"timeVisible":5.09759,"tipPosition":[18.7132,329.32,15.9387],"tipVelocity":[-143.184,-168.514,237.856],"tool":false,"touchDistance":0.333333,"touchZone":"none","type":0,"width":18.3396},{"bases":[[[0.543922,-0.787262,0.290461],[0.82254,0.431705,-0.370214],[-0.166062,-0.440284,-0.882368]],[[0.417542,-0.900396,-0.122255],[0.768514,0.421719,-0.481185],[-0.484814,-0.10696,-0.868052]],[[0.417542,-0.900396,-0.122255],[0.906001,0.402256,0.131725],[0.0694264,0.165764,-0.983719]],[[0.417542,-0.900396,-0.122255],[0.810002,0.307853,0.499122],[0.411771,0.307431,-0.857864]]],"btipPosition":[59.2249,286.183,89.2241],"carpPosition":[35.4155,260.258,-48.7683],"dipPosition":[66.3398,291.495,74.4012],"direction":[-0.0694264,-0.165764,0.983719],"extended":true,"handId":853,"id":8531,"length":59.4726,"mcpPosition":[46.9725,290.9,12.64],"pipPosition":[68.0369,295.547,50.3554],"stabilizedTipPosition":[60.9935,287.476,85.7672],"timeVisible":5.09759,"tipPosition":[68.1381,291.706,85.8999],"tipVelocity":[-79.5566,-46.5209,29.4092],"tool":false,"touchDistance":0.333333,"touchZone":"none","type":1,"width":17.518},{"bases":[[[0.0681817,-0.995731,0.0622109],[0.913254,0.0371877,-0.40569],[-0.401644,-0.0844749,-0.911891]],[[0.17403,-0.936003,0.305962],[0.97213,0.113733,-0.205009],[-0.157091,-0.333112,-0.929709]],[[0.17403,-0.936003,0.305962],[0.484971,0.351876,0.800616],[0.857039,-0.00905171,-0.515171]],[[0.17403,-0.936003,0.305962],[-0.560474,0.16132,0.812308],[0.809681,0.312849,0.49653]]],"btipPosition":[43.9745,240.447,45.6256],"carpPosition":[47.3922,229.176,-39.1741],"dipPosition":[58.0886,245.901,54.281],"direction":[-0.857039,0.00905171,0.515171],"extended":false,"handId":853,"id":8534,"length":51.082,"mcpPosition":[69.4234,233.81,10.8454],"pipPosition":[75.0408,245.722,44.0909],"stabilizedTipPosition":[50.2383,242.479,54.9698],"timeVisible":5.09759,"tipPosition":[51.909,242.764,58.3764],"tipVelocity":[-69.3141,-135.335,-286.08],"tool":false,"touchDistance":0.333333,"touchZone":"none","type":4,"width":14.5426},{"bases":[[[0.36824,-0.901491,0.227408],[0.898809,0.282623,-0.335061],[-0.237784,-0.327779,-0.914341]],[[0.327048,-0.941329,0.0833057],[0.853932,0.25662,-0.45271],[-0.404771,-0.219195,-0.887758]],[[0.327048,-0.941329,0.0833057],[0.918958,0.296239,-0.260304],[-0.220353,-0.161686,-0.961926]],[[0.327048,-0.941329,0.0833057],[0.931428,0.306203,-0.196677],[-0.159629,-0.141916,-0.976923]]],"btipPosition":[87.8948,291.792,104.323],"carpPosition":[43.1,252.128,-45.5259],"dipPosition":[84.8611,289.095,85.7568],"direction":[0.220353,0.161686,0.961926],"extended":true,"handId":853,"id":8532,"length":67.7642,"mcpPosition":[58.7934,273.761,14.8195],"pipPosition":[78.5242,284.445,58.0937],"stabilizedTipPosition":[87.2082,291.213,99.6222],"timeVisible":5.09759,"tipPosition":[84.8828,300.382,98.1756],"tipVelocity":[0.426385,-53.4265,27.8906],"tool":false,"touchDistance":0.500875,"touchZone":"none","type":2,"width":17.205},{"bases":[[[0.260424,-0.958623,0.114983],[0.914784,0.206901,-0.346934],[-0.308789,-0.195534,-0.930815]],[[0.299493,-0.923728,0.23881],[0.926658,0.222023,-0.303333],[-0.227176,-0.312141,-0.922474]],[[0.299493,-0.923728,0.23881],[0.944482,0.25159,-0.211319],[-0.135119,-0.288841,-0.947794]],[[0.299493,-0.923728,0.23881],[0.953016,0.301552,-0.0287668],[0.0454409,-0.236205,-0.97064]]],"btipPosition":[79.7978,280.443,99.2595],"carpPosition":[48.3086,242.197,-42.4718],"dipPosition":[80.6564,275.98,80.919],"direction":[0.135119,0.288841,0.947794],"extended":true,"handId":853,"id":8533,"length":65.1571,"mcpPosition":[66.6061,253.784,12.6843],"pipPosition":[76.871,267.888,54.3662],"stabilizedTipPosition":[80.4496,279.142,94.9838],"timeVisible":5.09759,"tipPosition":[79.0416,279.765,94.2012],"tipVelocity":[-126.513,56.5714,16.7114],"tool":false,"touchDistance":0.417353,"touchZone":"none","type":3,"width":16.3716}],"r":[[-0.610787,-0.0561225,-0.789803],[-0.0480568,0.998274,-0.0337718],[0.790335,0.017328,-0.61243]],"s":1.76998,"t":[-14.9265,55.8143,78.6964],"timestamp":227357697765},{"currentFrameRate":104.072,"devices":[],"gestures":[],"hands":[{"armBasis":[[0.981767,-0.112054,-0.153552],[-0.178217,-0.261574,-0.948587],[-0.0661277,-0.958657,0.276775]],"armWidth":58.4923,"confidence":1,"direction":[0.372509,0.359076,0.855746],"elbow":[12.7607,-24.7103,15.3878],"grabAngle":1.01902,"grabStrength":0,"id":853,"palmNormal":[-0.783412,-0.372653,0.497389],"palmPosition":[47.8469,261.027,-2.72282],"palmVelocity":[-26.4797,-27.3486,33.9934],"palmWidth":86.0742,"pinchDistance":71.1963,"pinchStrength":0,"r":[[-0.610608,-0.0594261,-0.7897],[-0.0525559,0.998023,-0.0344656],[0.790187,0.0204584,-0.612524]],"s":1.77064,"sphereCenter":[39.9832,237.35,50.4585],"sphereRadius":64.1458,"stabilizedPalmPosition":[49.5082,259.95,-4.18163],"t":[-15.1807,55.6908,78.9809],"timeVisible":5.10669,"type":"left","wrist":[29.6505,220.143,-55.304]}],"id":1326511,"interactionBox":{"center":[0,200,0],"size":[235.247,235.247,147.751]},"pointables":[{"bases":[[[0.973585,0.0590538,-0.220558],[-0.195407,0.71517,-0.67108],[-0.118106,-0.696452,-0.707818]],[[0.98064,0.151366,-0.124235],[-0.195741,0.775924,-0.59969],[-0.00562414,-0.612398,-0.79053]],[[0.98064,0.151366,-0.124235],[-0.191373,0.606347,-0.771828],[0.041499,-0.780661,-0.623576]],[[0.98064,0.151366,-0.124235],[-0.19342,0.847772,-0.493834],[-0.0305732,-0.508303,-0.860636]]],"btipPosition":[12.5394,324.011,30.2279],"carpPosition":[12.9811,256.144,-48.9729],"dipPosition":[11.8157,311.98,9.85819],"direction":[-0.041499,0.780661,0.623576],"extended":true,"handId":853,"id":8530,"length":52.7058,"mcpPosition":[12.9811,256.144,-48.9729],"pipPosition":[13.2467,285.062,-11.6434],"stabilizedTipPosition":[15.9414,325.344,20.6521],"timeVisible":5.10669,"tipPosition":[16.9369,327.439,18.1789],"tipVelocity":[-191.561,-295.65,309.883],"tool":false,"touchDistance":0.333333,"touchZone":"none","type":0,"width":18.3396},{"bases":[[[0.552979,-0.783246,0.284147],[0.816827,0.442352,-0.370295],[-0.16434,-0.436864,-0.884388]],[[0.426447,-0.895293,-0.128819],[0.763388,0.432633,-0.479654],[-0.485162,-0.106208,-0.86795]],[[0.426447,-0.895293,-0.128819],[0.90139,0.408817,0.142707],[0.0751007,0.176973,-0.981346]],[[0.426447,-0.895293,-0.128819],[0.800553,0.307295,0.514475],[0.42102,0.322523,-0.847774]]],"btipPosition":[58.4444,285.262,89.4724],"carpPosition":[35.0382,260.143,-48.4237],"dipPosition":[65.7191,290.835,74.8239],"direction":[-0.0751007,-0.176973,0.981346],"extended":true,"handId":853,"id":8531,"length":59.4726,"mcpPosition":[46.4754,290.547,13.1252],"pipPosition":[67.5549,295.161,50.8361],"stabilizedTipPosition":[60.2456,286.68,86.0541],"timeVisible":5.10669,"tipPosition":[67.5793,290.976,86.313],"tipVelocity":[-81.7234,-94.5871,31.696],"tool":false,"touchDistance":0.333333,"touchZone":"none","type":1,"width":17.518},{"bases":[[[0.0786892,-0.995314,0.0561931],[0.911506,0.0490086,-0.408355],[-0.403688,-0.0833536,-0.911092]],[[0.184314,-0.936269,0.299048],[0.971609,0.127643,-0.199209],[-0.148341,-0.327274,-0.933213]],[[0.184314,-0.936269,0.299048],[0.413263,0.349882,0.840712],[0.891763,0.0313692,-0.451413]],[[0.184314,-0.936269,0.299048],[-0.643449,0.115054,0.756794],[0.742969,0.331909,0.581235]]],"btipPosition":[44.2246,239.001,43.0948],"carpPosition":[47.3671,229.132,-39.0487],"dipPosition":[57.1758,244.787,53.2267],"direction":[-0.891764,-0.0313692,0.451413],"extended":false,"handId":853,"id":8534,"length":51.082,"mcpPosition":[69.5104,233.704,10.9269],"pipPosition":[74.8149,245.407,44.2978],"stabilizedTipPosition":[49.6752,242.081,53.1989],"timeVisible":5.10669,"tipPosition":[51.3619,241.932,56.6814],"tipVelocity":[-1.90474,-150.547,-240.771],"tool":false,"touchDistance":0.333333,"touchZone":"none","type":4,"width":14.5426},{"bases":[[[0.378287,-0.898924,0.220985],[0.894749,0.293868,-0.336253],[-0.237325,-0.324926,-0.915478]],[[0.335642,-0.939211,0.0723005],[0.848019,0.26785,-0.457296],[-0.410132,-0.2148,-0.886371]],[[0.335642,-0.939211,0.0723005],[0.915045,0.306853,-0.261789],[-0.223689,-0.154026,-0.962413]],[[0.335642,-0.939211,0.0723005],[0.926452,0.315249,-0.205683],[-0.170387,-0.136019,-0.975944]]],"btipPosition":[88.1432,291.003,104.598],"carpPosition":[42.817,252.074,-45.2531],"dipPosition":[84.9051,288.418,86.0509],"direction":[0.223689,0.154026,0.962413],"extended":true,"handId":853,"id":8532,"length":67.7642,"mcpPosition":[58.4801,273.518,15.1673],"pipPosition":[78.4722,283.989,58.3739],"stabilizedTipPosition":[87.2506,291.034,99.7805],"timeVisible":5.10669,"tipPosition":[84.6588,299.598,98.6539],"tipVelocity":[22.1283,-83.835,30.7516],"tool":false,"touchDistance":0.50554,"touchZone":"none","type":2,"width":17.205},{"bases":[[[0.270706,-0.95652,0.108572],[0.911468,0.218385,-0.348617],[-0.309749,-0.193332,-0.930956]],[[0.312153,-0.919123,0.240363],[0.923222,0.233794,-0.304961],[-0.224101,-0.317103,-0.921534]],[[0.312153,-0.919123,0.240363],[0.941976,0.266558,-0.20403],[-0.123458,-0.290105,-0.948998]],[[0.312153,-0.919123,0.240363],[0.948436,0.316148,-0.0227928],[0.0550407,-0.235084,-0.970415]]],"btipPosition":[79.037,280.534,99.4532],"carpPosition":[48.1379,242.181,-42.2734],"dipPosition":[80.077,276.092,81.1169],"direction":[0.123458,0.290105,0.948998],"extended":true,"handId":853,"id":8533,"length":65.1571,"mcpPosition":[66.4923,253.637,12.8911],"pipPosition":[76.6183,267.965,54.5305],"stabilizedTipPosition":[79.6409,279.397,95.1575],"timeVisible":5.10669,"tipPosition":[78.94,279.286,94.5565],"tipVelocity":[-79.0126,10.5443,21.395],"tool":false,"touchDistance":0.420598,"touchZone":"none","type":3,"width":16.3716}],"r":[[-0.610608,-0.0594261,-0.7897],[-0.0525559,0.998023,-0.0344656],[0.790187,0.0204584,-0.612524]],"s":1.77064,"t":[-15.1807,55.6908,78.9809],"timestamp":227357706866},{"currentFrameRate":104.386,"devices":[],"gestures":[],"hands":[{"armBasis":[[0.983935,-0.109279,-0.14117],[-0.165502,-0.261887,-0.950802],[-0.0669323,-0.958892,0.275766]],"armWidth":58.4923,"confidence":1,"direction":[0.364038,0.358043,0.859815],"elbow":[12.7318,-25.1675,15.3624],"grabAngle":0.702403,"grabStrength":0,"id":853,"palmNormal":[-0.794244,-0.362835,0.487367],"palmPosition":[47.5257,260.652,-2.32046],"palmVelocity":[-35.7245,-41.8001,44.747],"palmWidth":86.0742,"pinchDistance":61.6062,"pinchStrength":0,"r":[[-0.60833,-0.0613007,-0.791313],[-0.0539802,0.9979,-0.0358065],[0.791847,0.0209332,-0.610361]],"s":1.69772,"sphereCenter":[34.721,206.814,60.0865],"sphereRadius":86.5451,"stabilizedPalmPosition":[49.398,259.989,-4.07815],"t":[-15.4684,55.4411,79.3244],"timeVisible":5.11569,"type":"left","wrist":[29.8272,219.746,-55.0718]}],"id":1326512,"interactionBox":{"center":[0,200,0],"size":[235.247,235.247,147.751]},"pointables":[{"bases":[[[0.977183,0.0482038,-0.206856],[-0.178382,0.714916,-0.676073],[-0.115296,-0.697547,-0.707203]],[[0.983768,0.143219,-0.108119],[-0.179439,0.779313,-0.600394],[0.0017294,-0.610049,-0.792362]],[[0.983768,0.143219,-0.108119],[-0.17578,0.890297,-0.420087],[-0.0360934,-0.432273,-0.90102]],[[0.983768,0.143219,-0.108119],[-0.15993,0.973021,-0.16629],[-0.0813862,-0.180882,-0.980132]]],"btipPosition":[16.3606,303.969,42.6356],"carpPosition":[13.2715,255.976,-49.0466],"dipPosition":[14.4344,299.688,19.4376],"direction":[0.0360934,0.432273,0.90102],"extended":true,"handId":853,"id":8530,"length":52.7058,"mcpPosition":[13.2715,255.976,-49.0466],"pipPosition":[13.1898,284.783,-11.6306],"stabilizedTipPosition":[15.9343,318.722,25.5824],"timeVisible":5.11569,"tipPosition":[16.375,313.172,29.2333],"tipVelocity":[394.203,-2030.55,1307.51],"tool":false,"touchDistance":0.333333,"touchZone":"none","type":0,"width":18.3396},{"bases":[[[0.540686,-0.787994,0.294491],[0.826576,0.432607,-0.360033],[-0.156305,-0.438084,-0.885241]],[[0.418872,-0.900098,-0.119876],[0.773602,0.422859,-0.471942],[-0.475485,-0.104947,-0.873442]],[[0.418872,-0.900098,-0.119876],[0.904874,0.402732,0.137874],[0.0758225,0.166224,-0.983169]],[[0.418872,-0.900098,-0.119876],[0.804814,0.306869,0.508041],[0.420501,0.309282,-0.85295]]],"btipPosition":[57.777,285.389,90.132],"carpPosition":[35.3591,259.748,-48.1961],"dipPosition":[65.0427,290.733,75.394],"direction":[-0.0758225,-0.166224,0.983169],"extended":true,"handId":853,"id":8531,"length":59.4726,"mcpPosition":[46.2371,290.236,13.4122],"pipPosition":[66.8961,294.796,51.3617],"stabilizedTipPosition":[59.653,286.634,86.5655],"timeVisible":5.11569,"tipPosition":[65.9873,290.504,86.8845],"tipVelocity":[-74.4519,8.19068,71.0607],"tool":false,"touchDistance":0.333333,"touchZone":"none","type":1,"width":17.518},{"bases":[[[0.0674965,-0.995885,0.0604828],[0.917678,0.038177,-0.395486],[-0.391549,-0.0821977,-0.916478]],[[0.169881,-0.937503,0.30369],[0.976872,0.119597,-0.177252],[-0.129853,-0.326778,-0.936138]],[[0.169881,-0.937503,0.30369],[0.976872,0.119597,-0.177252],[-0.129853,-0.326778,-0.936138]],[[0.169881,-0.937503,0.30369],[0.490294,0.347729,0.799185],[0.854841,-0.0131309,-0.518725]]],"btipPosition":[61.0174,251.528,72.758],"carpPosition":[47.2293,228.642,-38.5476],"dipPosition":[75.9187,251.299,63.7158],"direction":[0.129854,0.326778,0.936138],"extended":true,"handId":853,"id":8534,"length":51.082,"mcpPosition":[68.7068,233.15,11.7235],"pipPosition":[73.3502,244.836,45.199],"stabilizedTipPosition":[52.1473,243.653,56.1245],"timeVisible":5.11569,"tipPosition":[59.69,248.265,66.2388],"tipVelocity":[1917.41,1239.33,2808.41],"tool":false,"touchDistance":0.333333,"touchZone":"none","type":4,"width":14.5426},{"bases":[[[0.365711,-0.902061,0.229217],[0.902453,0.283436,-0.324411],[-0.22767,-0.325498,-0.917724]],[[0.325071,-0.942207,0.0810867],[0.85622,0.256828,-0.448249],[-0.401518,-0.215141,-0.890223]],[[0.325071,-0.942207,0.0810867],[0.921314,0.296184,-0.251903],[-0.213328,-0.156592,-0.96435]],[[0.325071,-0.942207,0.0810867],[0.931796,0.304471,-0.197621],[-0.161511,-0.139797,-0.976919]]],"btipPosition":[86.8099,290.738,105.372],"carpPosition":[43.0074,251.609,-44.8892],"dipPosition":[83.7404,288.082,86.8065],"direction":[0.213328,0.156592,0.96435],"extended":true,"handId":853,"id":8532,"length":67.7642,"mcpPosition":[58.0334,273.091,15.6794],"pipPosition":[77.6056,283.578,59.0737],"stabilizedTipPosition":[87.0077,290.842,100.06],"timeVisible":5.11569,"tipPosition":[83.3428,299.018,99.4756],"tipVelocity":[-143.964,-31.3161,85.6109],"tool":false,"touchDistance":0.51837,"touchZone":"none","type":2,"width":17.205},{"bases":[[[0.259144,-0.958912,0.115467],[0.918558,0.207743,-0.336295],[-0.29849,-0.193212,-0.934651]],[[0.299202,-0.92138,0.248066],[0.92976,0.223066,-0.292896],[-0.214533,-0.318277,-0.923404]],[[0.299202,-0.92138,0.248066],[0.948023,0.257537,-0.186887],[-0.108308,-0.29109,-0.950545]],[[0.299202,-0.92138,0.248066],[0.95171,0.306895,-0.00800609],[0.0687537,-0.238483,-0.96871]]],"btipPosition":[77.298,280.162,100.239],"carpPosition":[48.182,241.671,-41.8026],"dipPosition":[78.5971,275.656,81.9346],"direction":[0.108308,0.29109,0.950545],"extended":true,"handId":853,"id":8533,"length":65.1571,"mcpPosition":[65.8692,253.12,13.5809],"pipPosition":[75.5629,267.501,55.3048],"stabilizedTipPosition":[78.3013,279.219,95.7285],"timeVisible":5.11569,"tipPosition":[77.424,278.913,95.3402],"tipVelocity":[-186.762,-43.0177,88.1758],"tool":false,"touchDistance":0.433813,"touchZone":"none","type":3,"width":16.3716}],"r":[[-0.60833,-0.0613007,-0.791313],[-0.0539802,0.9979,-0.0358065],[0.791847,0.0209332,-0.610361]],"s":1.69772,"t":[-15.4684,55.44