{"frames":196,"data":[{"currentFrameRate":112.731,"devices":[],"gestures":[],"hands":[],"id":228346,"interactionBox":{"center":[0,200,0],"size":[235.247,235.247,147.751]},"pointables":[],"r":[[-0.898125,-0.436269,-0.0551462],[-0.315615,0.726846,-0.609985],[0.3062,-0.530438,-0.790491]],"s":2.25949,"t":[95.3136,-570.611,358.04],"timestamp":472193341981},{"currentFrameRate":112.815,"devices":[],"gestures":[],"hands":[],"id":228347,"interactionBox":{"center":[0,200,0],"size":[235.247,235.247,147.751]},"pointables":[],"r":[[-0.898125,-0.436269,-0.0551462],[-0.315615,0.726846,-0.609985],[0.3062,-0.530438,-0.790491]],"s":2.25949,"t":[95.3136,-570.611,358.04],"timestamp":472193350699},{"currentFrameRate":112.93,"devices":[],"gestures":[],"hands":[],"id":228348,"interactionBox":{"center":[0,200,0],"size":[235.247,235.247,147.751]},"pointables":[],"r":[[-0.898125,-0.436269,-0.0551462],[-0.315615,0.726846,-0.609985],[0.3062,-0.530438,-0.790491]],"s":2.25949,"t":[95.3136,-570.611,358.04],"timestamp":472193359355},{"currentFrameRate":112.995,"devices":[],"gestures":[],"hands":[],"id":228349,"interactionBox":{"center":[0,200,0],"size":[235.247,235.247,147.751]},"pointables":[],"r":[[-0.898125,-0.436269,-0.0551462],[-0.315615,0.726846,-0.609985],[0.3062,-0.530438,-0.790491]],"s":2.25949,"t":[95.3136,-570.611,358.04],"timestamp":472193368093},{"currentFrameRate":113.087,"devices":[],"gestures":[],"hands":[],"id":228350,"interactionBox":{"center":[0,200,0],"size":[235.247,235.247,147.751]},"pointables":[],"r":[[-0.898125,-0.436269,-0.0551462],[-0.315615,0.726846,-0.609985],[0.3062,-0.530438,-0.790491]],"s":2.25949,"t":[95.3136,-570.611,358.04],"timestamp":472193376775},{"currentFrameRate":113.205,"devices":[],"gestures":[],"hands":[],"id":228351,"interactionBox":{"center":[0,200,0],"size":[235.247,235.247,147.751]},"pointables":[],"r":[[-0.898125,-0.436269,-0.0551462],[-0.315615,0.726846,-0.609985],[0.3062,-0.530438,-0.790491]],"s":2.25949,"t":[95.3136,-570.611,358.04],"timestamp":472193385405},{"currentFrameRate":113.317,"devices":[],"gestures":[],"hands":[],"id":228352,"interactionBox":{"center":[0,200,0],"size":[235.247,235.247,147.751]},"pointables":[],"r":[[-0.898125,-0.436269,-0.0551462],[-0.315615,0.726846,-0.609985],[0.3062,-0.530438,-0.790491]],"s":2.25949,"t":[95.3136,-570.611,358.04],"timestamp":472193394036},{"currentFrameRate":113.384,"devices":[],"gestures":[],"hands":[],"id":228353,"interactionBox":{"center":[0,200,0],"size":[235.247,235.247,147.751]},"pointables":[],"r":[[-0.898125,-0.436269,-0.0551462],[-0.315615,0.726846,-0.609985],[0.3062,-0.530438,-0.790491]],"s":2.25949,"t":[95.3136,-570.611,358.04],"timestamp":472193402741},{"currentFrameRate":113.477,"devices":[],"gestures":[],"hands":[],"id":228354,"interactionBox":{"center":[0,200,0],"size":[235.247,235.247,147.751]},"pointables":[],"r":[[-0.898125,-0.436269,-0.0551462],[-0.315615,0.726846,-0.609985],[0.3062,-0.530438,-0.790491]],"s":2.25949,"t":[95.3136,-570.611,358.04],"timestamp":472193411393},{"currentFrameRate":113.55,"devices":[],"gestures":[],"hands":[],"id":228355,"interactionBox":{"center":[0,200,0],"size":[235.247,235.247,147.751]},"pointables":[],"r":[[-0.898125,-0.436269,-0.0551462],[-0.315615,0.726846,-0.609985],[0.3062,-0.530438,-0.790491]],"s":2.25949,"t":[95.3136,-570.611,358.04],"timestamp":472193420074},{"currentFrameRate":113.671,"devices":[],"gestures":[],"hands":[],"id":228356,"interactionBox":{"center":[0,200,0],"size":[235.247,235.247,147.751]},"pointables":[],"r":[[-0.898125,-0.436269,-0.0551462],[-0.315615,0.726846,-0.609985],[0.3062,-0.530438,-0.790491]],"s":2.25949,"t":[95.3136,-570.611,358.04],"timestamp":472193428662},{"currentFrameRate":113.79,"devices":[],"gestures":[],"hands":[],"id":228357,"interactionBox":{"center":[0,200,0],"size":[235.247,235.247,147.751]},"pointables":[],"r":[[-0.898125,-0.436269,-0.0551462],[-0.315615,0.726846,-0.609985],[0.3062,-0.530438,-0.790491]],"s":2.25949,"t":[95.3136,-570.611,358.04],"timestamp":472193437246},{"currentFrameRate":113.806,"devices":[],"gestures":[],"hands":[],"id":228358,"interactionBox":{"center":[0,200,0],"size":[235.247,235.247,147.751]},"pointables":[],"r":[[-0.898125,-0.436269,-0.0551462],[-0.315615,0.726846,-0.609985],[0.3062,-0.530438,-0.790491]],"s":2.25949,"t":[95.3136,-570.611,358.04],"timestamp":472193446005},{"currentFrameRate":113.895,"devices":[],"gestures":[],"hands":[],"id":228359,"interactionBox":{"center":[0,200,0],"size":[235.247,235.247,147.751]},"pointables":[],"r":[[-0.898125,-0.436269,-0.0551462],[-0.315615,0.726846,-0.609985],[0.3062,-0.530438,-0.790491]],"s":2.25949,"t":[95.3136,-570.611,358.04],"timestamp":472193454633},{"currentFrameRate":113.931,"devices":[],"gestures":[],"hands":[],"id":228360,"interactionBox":{"center":[0,200,0],"size":[235.247,235.247,147.751]},"pointables":[],"r":[[-0.898125,-0.436269,-0.0551462],[-0.315615,0.726846,-0.609985],[0.3062,-0.530438,-0.790491]],"s":2.25949,"t":[95.3136,-570.611,358.04],"timestamp":472193463348},{"currentFrameRate":114.025,"devices":[],"gestures":[],"hands":[],"id":228361,"interactionBox":{"center":[0,200,0],"size":[235.247,235.247,147.751]},"pointables":[],"r":[[-0.898125,-0.436269,-0.0551462],[-0.315615,0.726846,-0.609985],[0.3062,-0.530438,-0.790491]],"s":2.25949,"t":[95.3136,-570.611,358.04],"timestamp":472193471957},{"currentFrameRate":114.026,"devices":[],"gestures":[],"hands":[],"id":228362,"interactionBox":{"center":[0,200,0],"size":[235.247,235.247,147.751]},"pointables":[],"r":[[-0.898125,-0.436269,-0.0551462],[-0.315615,0.726846,-0.609985],[0.3062,-0.530438,-0.790491]],"s":2.25949,"t":[95.3136,-570.611,358.04],"timestamp":472193480724},{"currentFrameRate":114.116,"devices":[],"gestures":[],"hands":[],"id":228363,"interactionBox":{"center":[0,200,0],"size":[235.247,235.247,147.751]},"pointables":[],"r":[[-0.898125,-0.436269,-0.0551462],[-0.315615,0.726846,-0.609985],[0.3062,-0.530438,-0.790491]],"s":2.25949,"t":[95.3136,-570.611,358.04],"timestamp":472193489333},{"currentFrameRate":114.152,"devices":[],"gestures":[],"hands":[],"id":228364,"interactionBox":{"center":[0,200,0],"size":[235.247,235.247,147.751]},"pointables":[],"r":[[-0.898125,-0.436269,-0.0551462],[-0.315615,0.726846,-0.609985],[0.3062,-0.530438,-0.790491]],"s":2.25949,"t":[95.3136,-570.611,358.04],"timestamp":472193498032},{"currentFrameRate":114.222,"devices":[],"gestures":[],"hands":[],"id":228365,"interactionBox":{"center":[0,200,0],"size":[235.247,235.247,147.751]},"pointables":[],"r":[[-0.898125,-0.436269,-0.0551462],[-0.315615,0.726846,-0.609985],[0.3062,-0.530438,-0.790491]],"s":2.25949,"t":[95.3136,-570.611,358.04],"timestamp":472193506666},{"currentFrameRate":114.233,"devices":[],"gestures":[],"hands":[],"id":228366,"interactionBox":{"center":[0,200,0],"size":[235.247,235.247,147.751]},"pointables":[],"r":[[-0.898125,-0.436269,-0.0551462],[-0.315615,0.726846,-0.609985],[0.3062,-0.530438,-0.790491]],"s":2.25949,"t":[95.3136,-570.611,358.04],"timestamp":472193515401},{"currentFrameRate":114.292,"devices":[],"gestures":[],"hands":[],"id":228367,"interactionBox":{"center":[0,200,0],"size":[235.247,235.247,147.751]},"pointables":[],"r":[[-0.898125,-0.436269,-0.0551462],[-0.315615,0.726846,-0.609985],[0.3062,-0.530438,-0.790491]],"s":2.25949,"t":[95.3136,-570.611,358.04],"timestamp":472193524051},{"currentFrameRate":114.314,"devices":[],"gestures":[],"hands":[],"id":228368,"interactionBox":{"center":[0,200,0],"size":[235.247,235.247,147.751]},"pointables":[],"r":[[-0.898125,-0.436269,-0.0551462],[-0.315615,0.726846,-0.609985],[0.3062,-0.530438,-0.790491]],"s":2.25949,"t":[95.3136,-570.611,358.04],"timestamp":472193532761},{"currentFrameRate":114.393,"devices":[],"gestures":[],"hands":[],"id":228369,"interactionBox":{"center":[0,200,0],"size":[235.247,235.247,147.751]},"pointables":[],"r":[[-0.898125,-0.436269,-0.0551462],[-0.315615,0.726846,-0.609985],[0.3062,-0.530438,-0.790491]],"s":2.25949,"t":[95.3136,-570.611,358.04],"timestamp":472193541368},{"currentFrameRate":114.417,"devices":[],"gestures":[],"hands":[],"id":228370,"interactionBox":{"center":[0,200,0],"size":[235.247,235.247,147.751]},"pointables":[],"r":[[-0.898125,-0.436269,-0.0551462],[-0.315615,0.726846,-0.609985],[0.3062,-0.530438,-0.790491]],"s":2.25949,"t":[95.3136,-570.611,358.04],"timestamp":472193550067},{"currentFrameRate":114.465,"devices":[],"gestures":[],"hands":[],"id":228371,"interactionBox":{"center":[0,200,0],"size":[235.247,235.247,147.751]},"pointables":[],"r":[[-0.898125,-0.436269,-0.0551462],[-0.315615,0.726846,-0.609985],[0.3062,-0.530438,-0.790491]],"s":2.25949,"t":[95.3136,-570.611,358.04],"timestamp":472193558720},{"currentFrameRate":114.483,"devices":[],"gestures":[],"hands":[],"id":228372,"interactionBox":{"center":[0,200,0],"size":[235.247,235.247,147.751]},"pointables":[],"r":[[-0.898125,-0.436269,-0.0551462],[-0.315615,0.726846,-0.609985],[0.3062,-0.530438,-0.790491]],"s":2.25949,"t":[95.3136,-570.611,358.04],"timestamp":472193567425},{"currentFrameRate":114.505,"devices":[],"gestures":[],"hands":[],"id":228373,"interactionBox":{"center":[0,200,0],"size":[235.247,235.247,147.751]},"pointables":[],"r":[[-0.898125,-0.436269,-0.0551462],[-0.315615,0.726846,-0.609985],[0.3062,-0.530438,-0.790491]],"s":2.25949,"t":[95.3136,-570.611,358.04],"timestamp":472193576121},{"currentFrameRate":114.555,"devices":[],"gestures":[],"hands":[],"id":228374,"interactionBox":{"center":[0,200,0],"size":[235.247,235.247,147.751]},"pointables":[],"r":[[-0.898125,-0.436269,-0.0551462],[-0.315615,0.726846,-0.609985],[0.3062,-0.530438,-0.790491]],"s":2.25949,"t":[95.3136,-570.611,358.04],"timestamp":472193584764},{"currentFrameRate":114.562,"devices":[],"gestures":[],"hands":[],"id":228375,"interactionBox":{"center":[0,200,0],"size":[235.247,235.247,147.751]},"pointables":[],"r":[[-0.898125,-0.436269,-0.0551462],[-0.315615,0.726846,-0.609985],[0.3062,-0.530438,-0.790491]],"s":2.25949,"t":[95.3136,-570.611,358.04],"timestamp":472193593481},{"currentFrameRate":114.612,"devices":[],"gestures":[],"hands":[],"id":228376,"interactionBox":{"center":[0,200,0],"size":[235.247,235.247,147.751]},"pointables":[],"r":[[-0.898125,-0.436269,-0.0551462],[-0.315615,0.726846,-0.609985],[0.3062,-0.530438,-0.790491]],"s":2.25949,"t":[95.3136,-570.611,358.04],"timestamp":472193602121},{"currentFrameRate":114.641,"devices":[],"gestures":[],"hands":[],"id":228377,"interactionBox":{"center":[0,200,0],"size":[235.247,235.247,147.751]},"pointables":[],"r":[[-0.898125,-0.436269,-0.0551462],[-0.315615,0.726846,-0.609985],[0.3062,-0.530438,-0.790491]],"s":2.25949,"t":[95.3136,-570.611,358.04],"timestamp":472193610794},{"currentFrameRate":114.693,"devices":[],"gestures":[],"hands":[],"id":228378,"interactionBox":{"center":[0,200,0],"size":[235.247,235.247,147.751]},"pointables":[],"r":[[-0.898125,-0.436269,-0.0551462],[-0.315615,0.726846,-0.609985],[0.3062,-0.530438,-0.790491]],"s":2.25949,"t":[95.3136,-570.611,358.04],"timestamp":472193619424},{"currentFrameRate":114.739,"devices":[],"gestures":[],"hands":[],"id":228379,"interactionBox":{"center":[0,200,0],"size":[235.247,235.247,147.751]},"pointables":[],"r":[[-0.898125,-0.436269,-0.0551462],[-0.315615,0.726846,-0.609985],[0.3062,-0.530438,-0.790491]],"s":2.25949,"t":[95.3136,-570.611,358.04],"timestamp":472193628062},{"currentFrameRate":114.729,"devices":[],"gestures":[],"hands":[],"id":228380,"interactionBox":{"center":[0,200,0],"size":[235.247,235.247,147.751]},"pointables":[],"r":[[-0.898125,-0.436269,-0.0551462],[-0.315615,0.726846,-0.609985],[0.3062,-0.530438,-0.790491]],"s":2.25949,"t":[95.3136,-570.611,358.04],"timestamp":472193636795},{"currentFrameRate":114.737,"devices":[],"gestures":[],"hands":[],"id":228381,"interactionBox":{"center":[0,200,0],"size":[235.247,235.247,147.751]},"pointables":[],"r":[[-0.898125,-0.436269,-0.0551462],[-0.315615,0.726846,-0.609985],[0.3062,-0.530438,-0.790491]],"s":2.25949,"t":[95.3136,-570.611,358.04],"timestamp":472193645496},{"currentFrameRate":114.805,"devices":[],"gestures":[],"hands":[],"id":228382,"interactionBox":{"center":[0,200,0],"size":[235.247,235.247,147.751]},"pointables":[],"r":[[-0.898125,-0.436269,-0.0551462],[-0.315615,0.726846,-0.609985],[0.3062,-0.530438,-0.790491]],"s":2.25949,"t":[95.3136,-570.611,358.04],"timestamp":472193654091},{"currentFrameRate":114.789,"devices":[],"gestures":[],"hands":[],"id":228383,"interactionBox":{"center":[0,200,0],"size":[235.247,235.247,147.751]},"pointables":[],"r":[[-0.898125,-0.436269,-0.0551462],[-0.315615,0.726846,-0.609985],[0.3062,-0.530438,-0.790491]],"s":2.25949,"t":[95.3136,-570.611,358.04],"timestamp":472193662830},{"currentFrameRate":114.801,"devices":[],"gestures":[],"hands":[],"id":228384,"interactionBox":{"center":[0,200,0],"size":[235.247,235.247,147.751]},"pointables":[],"r":[[-0.898125,-0.436269,-0.0551462],[-0.315615,0.726846,-0.609985],[0.3062,-0.530438,-0.790491]],"s":2.25949,"t":[95.3136,-570.611,358.04],"timestamp":472193671520},{"currentFrameRate":114.839,"devices":[],"gestures":[],"hands":[],"id":228385,"interactionBox":{"center":[0,200,0],"size":[235.247,235.247,147.751]},"pointables":[],"r":[[-0.898125,-0.436269,-0.0551462],[-0.315615,0.726846,-0.609985],[0.3062,-0.530438,-0.790491]],"s":2.25949,"t":[95.3136,-570.611,358.04],"timestamp":472193680163},{"currentFrameRate":114.725,"devices":[],"gestures":[],"hands":[],"id":228386,"interactionBox":{"center":[0,200,0],"size":[235.247,235.247,147.751]},"pointables":[],"r":[[-0.898125,-0.436269,-0.0551462],[-0.315615,0.726846,-0.609985],[0.3062,-0.530438,-0.790491]],"s":2.25949,"t":[95.3136,-570.611,358.04],"timestamp":472193689075},{"currentFrameRate":114.973,"devices":[],"gestures":[],"hands":[],"id":228387,"interactionBox":{"center":[0,200,0],"size":[235.247,235.247,147.751]},"pointables":[],"r":[[-0.898125,-0.436269,-0.0551462],[-0.315615,0.726846,-0.609985],[0.3062,-0.530438,-0.790491]],"s":2.25949,"t":[95.3136,-570.611,358.04],"timestamp":472193697349},{"currentFrameRate":114.997,"devices":[],"gestures":[],"hands":[],"id":228388,"interactionBox":{"center":[0,200,0],"size":[235.247,235.247,147.751]},"pointables":[],"r":[[-0.898125,-0.436269,-0.0551462],[-0.315615,0.726846,-0.609985],[0.3062,-0.530438,-0.790491]],"s":2.25949,"t":[95.3136,-570.611,358.04],"timestamp":472193706005},{"currentFrameRate":115.007,"devices":[],"gestures":[],"hands":[],"id":228389,"interactionBox":{"center":[0,200,0],"size":[235.247,235.247,147.751]},"pointables":[],"r":[[-0.898125,-0.436269,-0.0551462],[-0.315615,0.726846,-0.609985],[0.3062,-0.530438,-0.790491]],"s":2.25949,"t":[95.3136,-570.611,358.04],"timestamp":472193714683},{"currentFrameRate":114.79,"devices":[],"gestures":[],"hands":[],"id":228390,"interactionBox":{"center":[0,200,0],"size":[235.247,235.247,147.751]},"pointables":[],"r":[[-0.898125,-0.436269,-0.0551462],[-0.315615,0.726846,-0.609985],[0.3062,-0.530438,-0.790491]],"s":2.25949,"t":[95.3136,-570.611,358.04],"timestamp":472193723764},{"currentFrameRate":114.974,"devices":[],"gestures":[],"hands":[],"id":228391,"interactionBox":{"center":[0,200,0],"size":[235.247,235.247,147.751]},"pointables":[],"r":[[-0.898125,-0.436269,-0.0551462],[-0.315615,0.726846,-0.609985],[0.3062,-0.530438,-0.790491]],"s":2.25949,"t":[95.3136,-570.611,358.04],"timestamp":472193732147},{"currentFrameRate":114.873,"devices":[],"gestures":[],"hands":[],"id":228392,"interactionBox":{"center":[0,200,0],"size":[235.247,235.247,147.751]},"pointables":[],"r":[[-0.898125,-0.436269,-0.0551462],[-0.315615,0.726846,-0.609985],[0.3062,-0.530438,-0.790491]],"s":2.25949,"t":[95.3136,-570.611,358.04],"timestamp":472193741025},{"currentFrameRate":115.033,"devices":[],"gestures":[],"hands":[],"id":228393,"interactionBox":{"center":[0,200,0],"size":[235.247,235.247,147.751]},"pointables":[],"r":[[-0.898125,-0.436269,-0.0551462],[-0.315615,0.726846,-0.609985],[0.3062,-0.530438,-0.790491]],"s":2.25949,"t":[95.3136,-570.611,358.04],"timestamp":472193749446},{"currentFrameRate":115.062,"devices":[],"gestures":[],"hands":[],"id":228394,"interactionBox":{"center":[0,200,0],"size":[235.247,235.247,147.751]},"pointables":[],"r":[[-0.898125,-0.436269,-0.0551462],[-0.315615,0.726846,-0.609985],[0.3062,-0.530438,-0.790491]],"s":2.25949,"t":[95.3136,-570.611,358.04],"timestamp":472193758087},{"currentFrameRate":115.048,"devices":[],"gestures":[],"hands":[],"id":228395,"interactionBox":{"center":[0,200,0],"size":[235.247,235.247,147.751]},"pointables":[],"r":[[-0.898125,-0.436269,-0.0551462],[-0.315615,0.726846,-0.609985],[0.3062,-0.530438,-0.790491]],"s":2.25949,"t":[95.3136,-570.611,358.04],"timestamp":472193766803},{"currentFrameRate":115.054,"devices":[],"gestures":[],"hands":[{"armBasis":[[-0.561372,0.739278,-0.371927],[0.229684,0.57095,0.788201],[-0.795052,-0.357048,0.490316]],"armWidth":61.2533,"confidence":0,"direction":[0.882145,0.385417,-0.270691],"elbow":[-231.151,80.9013,362.863],"grabAngle":0.629019,"grabStrength":0,"id":57,"palmNormal":[-0.0460627,-0.501385,-0.863998],"palmPosition":[41.7752,193.584,213.117],"palmVelocity":[1.19209e-7,1.19209e-7,1.19209e-7],"palmWidth":87.4676,"pinchDistance":39.697,"pinchStrength":0.572717,"r":[[1,2.22045e-17,-1.11022e-17],[-2.22045e-17,1,1.38778e-17],[1.11022e-17,-1.38778e-17,1]],"s":1,"sphereCenter":[74.222,170.263,176.306],"sphereRadius":61.4248,"stabilizedPalmPosition":[41.7752,193.584,213.117],"t":[0,0,0],"timeVisible":0,"type":"left","wrist":[-24.7969,173.572,235.603]}],"id":228396,"interactionBox":{"center":[0,200,0],"size":[235.247,235.247,147.751]},"pointables":[{"bases":[[[0.0247233,0.835372,0.549128],[0.0535527,-0.549614,0.833701],[-0.998259,-0.00879541,0.0583247]],[[0.379972,0.783308,0.491986],[0.114501,-0.567617,0.815292],[-0.917884,0.253455,0.305368]],[[0.379972,0.783308,0.491986],[0.384206,-0.617476,0.686374],[-0.841432,0.0717793,0.535575]],[[0.379972,0.783308,0.491986],[0.792176,-0.550173,0.264135],[-0.477576,-0.289375,0.829568]]],"btipPosition":[84.5728,145.63,180.33],"carpPosition":[2.20511,153.634,231.201],"dipPosition":[73.8284,139.119,198.994],"direction":[0.841432,-0.0717793,-0.535575],"extended":true,"handId":57,"id":570,"length":50.0988,"mcpPosition":[2.20511,153.634,231.201],"pipPosition":[46.2499,141.472,216.547],"stabilizedTipPosition":[82.1016,144.132,184.623],"timeVisible":0,"tipPosition":[82.1016,144.132,184.623],"tipVelocity":[1.19209e-7,1.19209e-7,1.19209e-7],"tool":false,"touchDistance":1,"touchZone":"none","type":0,"width":19.4661},{"bases":[[[-0.313952,0.828355,-0.463963],[0.186227,0.532905,0.825428],[-0.930996,-0.172742,0.321569]],[[-0.276992,0.834523,-0.476284],[0.536246,0.545565,0.644049],[-0.797318,0.0770086,0.598627]],[[-0.276992,0.834523,-0.476284],[0.934461,0.349375,0.0687046],[-0.223737,0.426038,0.876603]],[[-0.276992,0.834523,-0.476284],[0.906547,0.0626606,-0.417429],[0.31851,0.547398,0.773891]]],"btipPosition":[107.248,163.175,160.822],"carpPosition":[8.51083,173.029,241.365],"dipPosition":[112.479,172.166,173.532],"direction":[0.223737,-0.426038,-0.876603],"extended":false,"handId":57,"id":571,"length":56.5309,"mcpPosition":[74.3523,185.245,218.623],"pipPosition":[107.281,182.065,193.9],"stabilizedTipPosition":[108.451,165.243,163.745],"timeVisible":0,"tipPosition":[108.451,165.243,163.745],"tipVelocity":[1.19209e-7,1.19209e-7,1.19209e-7],"tool":false,"touchDistance":1,"touchZone":"none","type":1,"width":18.594},{"bases":[[[-0.463963,0.694336,-0.550124],[0.109984,0.661355,0.741966],[-0.879001,-0.28374,0.38321]],[[-0.357879,0.722776,-0.5912],[0.16308,0.671783,0.722574],[-0.919417,-0.162181,0.358287]],[[-0.357879,0.722776,-0.5912],[0.354855,0.690906,0.629863],[-0.863713,-0.0156242,0.503741]],[[-0.357879,0.722776,-0.5912],[0.486855,0.684697,0.542367],[-0.796803,0.093727,0.596926]]],"btipPosition":[145.223,208.976,170.246],"carpPosition":[5.66661,183.698,237.101],"dipPosition":[130.829,210.669,181.029],"direction":[0.863713,0.0156242,-0.503741],"extended":true,"handId":57,"id":572,"length":64.4125,"mcpPosition":[64.6187,202.727,211.4],"pipPosition":[107.219,210.242,194.799],"stabilizedTipPosition":[141.913,209.365,172.726],"timeVisible":0,"tipPosition":[141.913,209.365,172.726],"tipVelocity":[1.19209e-7,1.19209e-7,1.19209e-7],"tool":false,"touchDistance":1,"touchZone":"none","type":2,"width":18.2618},{"bases":[[[-0.59522,0.593168,-0.542093],[0.0484784,0.69989,0.712604],[-0.802099,-0.397876,0.445344]],[[-0.387762,0.670673,-0.632328],[-0.0216592,0.679182,0.733651],[-0.921505,-0.298178,0.248835]],[[-0.387762,0.670673,-0.632328],[0.131236,0.719181,0.682316],[-0.912369,-0.181592,0.366888]],[[-0.387762,0.670673,-0.632328],[0.245179,0.736333,0.630635],[-0.888554,-0.0895025,0.449957]]],"btipPosition":[129.135,235.862,175.62],"carpPosition":[1.00274,192.654,230.976],"dipPosition":[113.176,234.254,183.702],"direction":[0.912369,0.181592,-0.366888],"extended":true,"handId":57,"id":573,"length":61.9343,"mcpPosition":[49.3012,216.612,204.159],"pipPosition":[88.8798,229.418,193.472],"stabilizedTipPosition":[125.464,235.492,177.479],"timeVisible":0,"tipPosition":[125.464,235.492,177.479],"tipVelocity":[1.19209e-7,1.19209e-7,1.19209e-7],"tool":false,"touchDistance":1,"touchZone":"none","type":3,"width":17.3772},{"bases":[[[-0.683827,0.419281,-0.597146],[-0.115746,0.745709,0.656141],[-0.720405,-0.517804,0.461406]],[[-0.44039,0.553576,-0.706831],[-0.213238,0.700265,0.681292],[-0.872116,-0.450757,0.190347]],[[-0.44039,0.553576,-0.706831],[-0.0857908,0.757737,0.646897],[-0.893698,-0.345527,0.286208]],[[-0.44039,0.553576,-0.706831],[0.0234696,0.794116,0.607313],[-0.8975,-0.250866,0.362713]]],"btipPosition":[94.8068,251.871,176.947],"carpPosition":[-6.66654,197.034,220.527],"dipPosition":[79.9357,247.714,182.957],"direction":[0.893698,0.345527,-0.286208],"extended":true,"handId":57,"id":574,"length":48.5554,"mcpPosition":[33.4892,225.896,194.808],"pipPosition":[63.1327,241.218,188.338],"stabilizedTipPosition":[91.3865,250.915,178.329],"timeVisible":0,"tipPosition":[91.3865,250.915,178.329],"tipVelocity":[1.19209e-7,1.19209e-7,1.19209e-7],"tool":false,"touchDistance":1,"touchZone":"none","type":4,"width":15.4358}],"r":[[1,2.22045e-17,-1.11022e-17],[-2.22045e-17,1,1.38778e-17],[1.11022e-17,-1.38778e-17,1]],"s":1,"t":[0,0,0],"timestamp":472193775484},{"currentFrameRate":115.079,"devices":[],"gestures":[],"hands":[{"armBasis":[[-0.569883,0.704683,-0.422677],[0.180825,0.609312,0.772037],[-0.801584,-0.36354,0.47466]],"armWidth":62.9369,"confidence":0.0455264,"direction":[0.860045,0.493634,-0.129027],"elbow":[-226.522,83.1511,355.833],"grabAngle":1.4105,"grabStrength":0.255815,"id":57,"palmNormal":[0.134804,-0.463744,-0.875654],"palmPosition":[47.8983,204.873,219.332],"palmVelocity":[708.034,1305.42,718.673],"palmWidth":87.4676,"pinchDistance":33.2649,"pinchStrength":0.735757,"r":[[0.999327,0.0224562,0.0290083],[-0.0226334,0.999727,0.00579266],[-0.0288703,-0.00644532,0.999562]],"s":0.902203,"sphereCenter":[66.777,187.515,154.865],"sphereRadius":66.2714,"stabilizedPalmPosition":[43.7733,197.268,215.145],"t":[3.06154,5.64464,3.10754],"timeVisible":0.008648,"type":"left","wrist":[-18.4724,177.507,232.636]}],"id":228397,"interactionBox":{"center":[0,200,0],"size":[235.247,235.247,147.751]},"pointables":[{"bases":[[[-0.150764,0.807156,0.570762],[0.0000986407,-0.577349,0.816497],[-0.98857,-0.123155,-0.086964]],[[0.273721,0.78533,0.555278],[0.159229,-0.60636,0.779085],[-0.948537,0.124836,0.291021]],[[0.273721,0.78533,0.555278],[0.437552,-0.615801,0.655239],[-0.856519,-0.06361,0.51218]],[[0.273721,0.78533,0.555278],[0.753715,-0.533784,0.383391],[-0.597487,-0.313579,0.738023]]],"btipPosition":[98.416,163.168,182.794],"carpPosition":[11.1439,159.966,230.343],"dipPosition":[84.8958,156.073,199.494],"direction":[0.856519,0.06361,-0.512181],"extended":false,"handId":57,"id":570,"length":50.39,"mcpPosition":[11.1439,159.966,230.343],"pipPosition":[56.6596,153.976,216.379],"stabilizedTipPosition":[86.7737,150.29,185.335],"timeVisible":0.008648,"tipPosition":[96.5909,161.57,192.258],"tipVelocity":[1526.92,2012.5,232.648],"tool":false,"touchDistance":1,"touchZone":"none","type":0,"width":20.236},{"bases":[[[-0.340699,0.808146,-0.480441],[0.0047124,0.512475,0.858689],[-0.940161,-0.290291,0.178408]],[[-0.33629,0.809498,-0.481272],[0.455853,0.587096,0.668967],[-0.82408,-0.00557745,0.566446]],[[-0.33629,0.809498,-0.481272],[0.906546,0.416688,0.0674177],[-0.255115,0.413623,0.873975]],[[-0.33629,0.809498,-0.481272],[0.917021,0.165108,-0.363059],[0.214434,0.563429,0.79785]]],"btipPosition":[116.782,181.252,172.115],"carpPosition":[13.6415,179.464,241.867],"dipPosition":[120.325,190.559,185.295],"direction":[0.255115,-0.413623,-0.873975],"extended":false,"handId":57,"id":571,"length":56.8595,"mcpPosition":[80.1311,199.994,229.25],"pipPosition":[114.363,200.226,205.72],"stabilizedTipPosition":[111.369,171.034,167.383],"timeVisible":0.008648,"tipPosition":[121.627,185.405,177.906],"tipVelocity":[1057.56,2098.68,1318.38],"tool":false,"touchDistance":1,"touchZone":"none","type":1,"width":19.3295},{"bases":[[[-0.460364,0.662212,-0.591219],[-0.0735969,0.635226,0.768811],[-0.884674,-0.397445,0.243699]],[[-0.359707,0.702103,-0.614543],[0.259146,0.70789,0.657065],[-0.896356,-0.0770948,0.43658]],[[-0.359707,0.702103,-0.614543],[0.728025,0.623139,0.285792],[-0.583601,0.344601,0.735296]],[[-0.359707,0.702103,-0.614543],[0.899403,0.436217,-0.0280738],[-0.248363,0.56282,0.788384]]],"btipPosition":[131.857,200.478,166.314],"carpPosition":[10.1922,189.93,237.546],"dipPosition":[127.344,210.704,180.639],"direction":[0.583601,-0.344601,-0.735296],"extended":true,"handId":57,"id":572,"length":64.7869,"mcpPosition":[69.5248,216.586,221.201],"pipPosition":[111.298,220.178,200.855],"stabilizedTipPosition":[138.068,207.1,171.645],"timeVisible":0.008648,"tipPosition":[136.204,211.39,176.488],"tipVelocity":[-1282.82,-755.752,-360.438],"tool":false,"touchDistance":1,"touchZone":"none","type":2,"width":18.9841},{"bases":[[[-0.578667,0.546724,-0.605176],[-0.134464,0.667922,0.731984],[-0.804403,-0.504949,0.31299]],[[-0.456301,0.613978,-0.644065],[0.138207,0.763929,0.630326],[-0.879027,-0.198604,0.433438]],[[-0.456301,0.613978,-0.644065],[0.602877,0.745681,0.283726],[-0.654468,0.258828,0.710408]],[[-0.456301,0.613978,-0.644065],[0.809947,0.586314,-0.0148992],[-0.368477,0.528457,0.764825]]],"btipPosition":[116.013,221.081,160.655],"carpPosition":[5.41624,198.575,231.071],"dipPosition":[109.357,230.628,174.472],"direction":[0.654468,-0.258828,-0.710408],"extended":true,"handId":57,"id":573,"length":62.2943,"mcpPosition":[53.8534,228.981,212.224],"pipPosition":[91.827,237.56,193.5],"stabilizedTipPosition":[122.224,231.887,173.452],"timeVisible":0.008648,"tipPosition":[118.483,231.943,172.343],"tipVelocity":[-1269.91,-1412.46,-1577.9],"tool":false,"touchDistance":1,"touchZone":"none","type":3,"width":18.0646},{"bases":[[[-0.637653,0.366681,-0.677453],[-0.293366,0.697574,0.653703],[-0.712274,-0.615577,0.337238]],[[-0.53386,0.447698,-0.717328],[-0.0645721,0.824271,0.562501],[-0.843104,-0.346616,0.411137]],[[-0.53386,0.447698,-0.717328],[0.388253,0.883406,0.262399],[-0.751167,0.13842,0.645436]],[[-0.53386,0.447698,-0.717328],[0.616114,0.786981,0.0326366],[-0.579134,0.424532,0.695971]]],"btipPosition":[91.2127,239.007,163.095],"carpPosition":[-1.17078,202.538,219.753],"dipPosition":[81.561,246.083,174.694],"direction":[0.751167,-0.13842,-0.645436],"extended":true,"handId":57,"id":574,"length":48.8376,"mcpPosition":[38.5317,236.85,200.956],"pipPosition":[67.3557,248.7,186.9],"stabilizedTipPosition":[90.7374,248.127,174.922],"timeVisible":0.008648,"tipPosition":[90.7158,248.982,174.024],"tipVelocity":[-276.788,-1188.71,-1453.12],"tool":false,"touchDistance":1,"touchZone":"none","type":4,"width":16.0464}],"r":[[0.999327,0.0224562,0.0290083],[-0.0226334,0.999727,0.00579266],[-0.0288703,-0.00644532,0.999562]],"s":0.902203,"t":[3.06154,5.64464,3.10754],"timestamp":472193784132},{"currentFrameRate":115.08,"devices":[],"gestures":[],"hands":[{"armBasis":[[-0.527642,0.715271,-0.458237],[0.0273765,0.553479,0.832413],[-0.849026,-0.426671,0.31162]],"armWidth":62.9369,"confidence":0.0910734,"direction":[0.860907,0.502613,-0.0788605],"elbow":[-235.855,69.8094,306.523],"grabAngle":1.29751,"grabStrength":0.0504613,"id":57,"palmNormal":[0.18101,-0.447458,-0.875795],"palmPosition":[51.3205,209.084,217.317],"palmVelocity":[393.896,484.633,-231.986],"palmWidth":87.4676,"pinchDistance":43.3746,"pinchStrength":0.4795,"r":[[0.9972,0.041743,0.0620471],[-0.0426308,0.999006,0.0130525],[-0.0614406,-0.0156611,0.997988]],"s":0.842891,"sphereCenter":[71.3986,194.837,148.376],"sphereRadius":70.5963,"stabilizedPalmPosition":[46.4732,201.495,215.922],"t":[6.3034,10.5722,3.65357],"timeVisible":0.017336,"type":"left","wrist":[-15.4918,180.551,225.643]}],"id":228398,"interactionBox":{"center":[0,200,0],"size":[235.247,235.247,147.751]},"pointables":[{"bases":[[[-0.185239,0.79595,0.576325],[-0.0342741,-0.591351,0.805685],[-0.982096,-0.129491,-0.136821]],[[0.244002,0.776812,0.580539],[0.14133,-0.620726,0.771184],[-0.959421,0.106123,0.261245]],[[0.244002,0.776812,0.580539],[0.484674,-0.61619,0.620807],[-0.839973,-0.129894,0.526853]],[[0.244002,0.776812,0.580539],[0.793396,-0.504143,0.341121],[-0.557662,-0.377363,0.739331]]],"btipPosition":[100.82,171.431,179.141],"carpPosition":[14.4727,163.702,225.775],"dipPosition":[88.2014,162.892,195.871],"direction":[0.839972,0.129894,-0.526853],"extended":false,"handId":57,"id":570,"length":50.39,"mcpPosition":[14.4727,163.702,225.775],"pipPosition":[60.5107,158.61,213.239],"stabilizedTipPosition":[90.9799,157.528,184.449],"timeVisible":0.017336,"tipPosition":[100.72,167.343,189.697],"tipVelocity":[300.61,912.819,-419.666],"tool":false,"touchDistance":1,"touchZone":"none","type":0,"width":20.236},{"bases":[[[-0.324175,0.813592,-0.482679],[-0.0412707,0.497584,0.866434],[-0.945096,-0.300797,0.127727]],[[-0.360718,0.801267,-0.477341],[0.335346,0.588995,0.735274],[-0.870302,-0.105152,0.481163]],[[-0.360718,0.801267,-0.477341],[0.786187,0.536575,0.306589],[-0.501789,0.264687,0.823498]],[[-0.360718,0.801267,-0.477341],[0.93065,0.342928,-0.127635],[-0.0614234,0.490278,0.869399]]],"btipPosition":[131.971,194.373,175.106],"carpPosition":[16.2395,183.018,237.733],"dipPosition":[130.957,202.473,189.468],"direction":[0.501789,-0.264687,-0.823498],"extended":false,"handId":57,"id":571,"length":56.8595,"mcpPosition":[83.0782,204.29,228.7],"pipPosition":[119.23,208.658,208.713],"stabilizedTipPosition":[118.813,180.244,171.413],"timeVisible":0.017336,"tipPosition":[129.071,193.159,178.861],"tipVelocity":[1627.62,1478.32,375.562],"tool":false,"touchDistance":1,"touchZone":"none","type":1,"width":19.3295},{"bases":[[[-0.437063,0.668647,-0.601571],[-0.116222,0.621243,0.774951],[-0.89189,-0.408618,0.193811]],[[-0.374612,0.695196,-0.613489],[0.198002,0.70639,0.679565],[-0.905793,-0.133102,0.402272]],[[-0.374612,0.695196,-0.613489],[0.612736,0.682214,0.398922],[-0.695859,0.226466,0.681537]],[[-0.374612,0.695196,-0.613489],[0.801194,0.575727,0.163175],[-0.466641,0.430396,0.772661]]],"btipPosition":[142.552,213.09,168.904],"carpPosition":[12.9113,193.529,233.427],"dipPosition":[134.073,220.91,182.943],"direction":[0.695859,-0.226466,-0.681537],"extended":true,"handId":57,"id":572,"length":64.7869,"mcpPosition":[72.7278,220.934,220.429],"pipPosition":[114.941,227.137,201.681],"stabilizedTipPosition":[139.063,210.159,171.837],"timeVisible":0.017336,"tipPosition":[141.228,216.338,176.699],"tipVelocity":[1126.05,1388,290.554],"tool":false,"touchDistance":1,"touchZone":"none","type":2,"width":18.9841},{"bases":[[[-0.553535,0.55248,-0.623189],[-0.175523,0.654085,0.735775],[-0.814119,-0.516661,0.265086]],[[-0.46275,0.60485,-0.648088],[0.0968465,0.76119,0.641256],[-0.881183,-0.233977,0.410819]],[[-0.46275,0.60485,-0.648088],[0.660849,0.72266,0.202585],[-0.590881,0.334542,0.734126]],[[-0.46275,0.60485,-0.648088],[0.856175,0.494483,-0.149836],[-0.22984,0.624214,0.74668]]],"btipPosition":[115.445,223.228,160.014],"carpPosition":[8.3779,202.246,226.876],"dipPosition":[111.293,234.504,173.503],"direction":[0.590881,-0.334542,-0.734126],"extended":false,"handId":57,"id":573,"length":62.2943,"mcpPosition":[57.4002,233.357,210.913],"pipPosition":[95.4669,243.465,193.166],"stabilizedTipPosition":[119.633,229.855,169.989],"timeVisible":0.017336,"tipPosition":[120.924,233.862,170.778],"tipVelocity":[0.951334,292.866,-82.4796],"tool":false,"touchDistance":1,"touchZone":"none","type":3,"width":18.0646},{"bases":[[[-0.607379,0.373249,-0.701267],[-0.330713,0.68382,0.650399],[-0.722302,-0.626957,0.2919]],[[-0.546915,0.422777,-0.722595],[-0.141583,0.803981,0.577554],[-0.825129,-0.41818,0.379852]],[[-0.546915,0.422777,-0.722595],[0.215502,0.905131,0.366466],[-0.808976,-0.0447048,0.586139]],[[-0.546915,0.422777,-0.722595],[0.443189,0.878469,0.178536],[-0.710259,0.222602,0.667818]]],"btipPosition":[97.9172,252.73,163.849],"carpPosition":[2.31073,206.351,215.321],"dipPosition":[86.0801,256.44,174.979],"direction":[0.808976,0.0447048,-0.586139],"extended":true,"handId":57,"id":574,"length":48.8376,"mcpPosition":[42.5722,241.298,199.05],"pipPosition":[70.7816,255.595,186.064],"stabilizedTipPosition":[92.1728,249.884,172.181],"timeVisible":0.017336,"tipPosition":[95.6613,254.071,172.118],"tipVelocity":[713.839,1490.42,74.4319],"tool":false,"touchDistance":1,"touchZone":"none","type":4,"width":16.0464}],"r":[[0.9972,0.041743,0.0620471],[-0.0426308,0.999006,0.0130525],[-0.0614406,-0.0156611,0.997988]],"s":0.842891,"t":[6.3034,10.5722,3.65357],"timestamp":472193792820},{"currentFrameRate":115.125,"devices":[],"gestures":[],"hands":[{"armBasis":[[-0.540854,0.708261,-0.453701],[-0.0698595,0.499713,0.863369],[-0.838211,-0.498652,0.220793]],"armWidth":62.9369,"confidence":0.135839,"direction":[0.867931,0.489963,-0.0814336],"elbow":[-229.771,53.7821,277.41],"grabAngle":1.15217,"grabStrength":0.0296252,"id":57,"palmNormal":[0.169823,-0.446814,-0.878361],"palmPosition":[54.7223,211.589,212.535],"palmVelocity":[395.107,290.983,-555.419],"palmWidth":87.4676,"pinchDistance":50.0536,"pinchStrength":0.310202,"r":[[0.994701,0.0538934,0.0875475],[-0.0557682,0.998261,0.0191105],[-0.0863653,-0.0238916,0.995977]],"s":0.818819,"sphereCenter":[74.1099,194.676,136.824],"sphereRadius":78.0396,"stabilizedPalmPosition":[49.0778,204.682,214.853],"t":[9.62526,14.2887,1.5355],"timeVisible":0.025946,"type":"left","wrist":[-12.2153,183.206,220.104]}],"id":228399,"interactionBox":{"center":[0,200,0],"size":[235.247,235.247,147.751]},"pointables":[{"bases":[[[-0.170351,0.796456,0.580206],[-0.0390321,-0.593804,0.803662],[-0.98461,-0.114258,-0.132243]],[[0.254907,0.771748,0.582604],[0.117603,-0.622778,0.77351],[-0.959787,0.128657,0.24951]],[[0.254907,0.771748,0.582604],[0.499382,-0.621008,0.604125],[-0.828034,-0.136947,0.543696]],[[0.254907,0.771748,0.582604],[0.823552,-0.489016,0.287447],[-0.506739,-0.406532,0.760228]]],"btipPosition":[102.061,174.273,173.916],"carpPosition":[17.2421,166.732,221.015],"dipPosition":[90.5948,165.073,191.118],"direction":[0.828034,0.136946,-0.543696],"extended":false,"handId":57,"id":570,"length":50.39,"mcpPosition":[17.2421,166.732,221.015],"pipPosition":[63.2976,160.559,209.042],"stabilizedTipPosition":[93.5729,162.02,182.43],"timeVisible":0.025946,"tipPosition":[103.027,169.459,183.964],"tipVelocity":[174.921,312.418,-594.255],"tool":false,"touchDistance":1,"touchZone":"none","type":0,"width":20.236},{"bases":[[[-0.548357,0.563049,-0.618288],[-0.161952,0.653861,0.739078],[-0.820412,-0.505412,0.267363]],[[-0.468751,0.608095,-0.640697],[0.074681,0.750005,0.657203],[-0.880168,-0.260217,0.396979]],[[-0.468751,0.608095,-0.640697],[0.510079,0.77851,0.365708],[-0.721174,0.15538,0.675104]],[[-0.468751,0.608095,-0.640697],[0.776484,0.629454,0.0293276],[-0.421123,0.483744,0.767234]]],"btipPosition":[126.079,234.133,157.098],"carpPosition":[11.7313,205.359,222.289],"dipPosition":[118.472,242.872,170.958],"direction":[0.721174,-0.15538,-0.675104],"extended":true,"handId":57,"id":573,"length":62.2943,"mcpPosition":[61.1325,235.793,206.19],"pipPosition":[99.1554,247.034,189.04],"stabilizedTipPosition":[121.395,232.215,166.348],"timeVisible":0.025946,"tipPosition":[124.401,235.763,163.494],"tipVelocity":[1142.75,1198.82,-328.785],"tool":false,"touchDistance":1,"touchZone":"none","type":3,"width":18.0646},{"bases":[[[-0.605278,0.38494,-0.696749],[-0.317111,0.686238,0.654613],[-0.730123,-0.617169,0.293296]],[[-0.54543,0.432702,-0.717827],[-0.15821,0.787888,0.595148],[-0.823089,-0.438179,0.36128]],[[-0.54543,0.432702,-0.717827],[0.189347,0.897907,0.39738],[-0.816489,-0.0808249,0.571676]],[[-0.54543,0.432702,-0.717827],[0.399488,0.887106,0.231197],[-0.736828,0.160662,0.656714]]],"btipPosition":[102.225,257.831,160.325],"carpPosition":[5.66761,209.598,210.781],"dipPosition":[89.9453,260.508,171.27],"direction":[0.816489,0.0808249,-0.571676],"extended":true,"handId":57,"id":574,"length":48.8376,"mcpPosition":[46.365,243.999,194.432],"pipPosition":[74.5047,258.98,182.081],"stabilizedTipPosition":[94.5757,252.731,169.076],"timeVisible":0.025946,"tipPosition":[99.4846,256.481,166.519],"tipVelocity":[488.513,564.807,-414.274],"tool":false,"touchDistance":1,"touchZone":"none","type":4,"width":16.0464},{"bases":[[[-0.314397,0.820167,-0.477997],[-0.029397,0.494877,0.868466],[-0.948836,-0.287094,0.131477]],[[-0.367164,0.802757,-0.469863],[0.296601,0.579817,0.758841],[-0.8816,-0.139258,0.450987]],[[-0.367164,0.802757,-0.469863],[0.72309,0.564082,0.398688],[-0.585091,0.193369,0.787577]],[[-0.367164,0.802757,-0.469863],[0.906717,0.421577,0.011726],[-0.207496,0.421727,0.882662]]],"btipPosition":[140.184,200.577,172.017],"carpPosition":[19.359,185.974,233.035],"dipPosition":[136.757,207.544,186.598],"direction":[0.585091,-0.193369,-0.787577],"extended":true,"handId":57,"id":571,"length":56.8595,"mcpPosition":[86.4622,206.278,223.737],"pipPosition":[123.083,212.063,205.003],"stabilizedTipPosition":[126.961,188.927,172.979],"timeVisible":0.025946,"tipPosition":[134.286,196.954,174.156],"tipVelocity":[889.442,690.248,-352.994],"tool":false,"touchDistance":1,"touchZone":"none","type":1,"width":19.3295},{"bases":[[[-0.430049,0.677377,-0.596841],[-0.102951,0.619988,0.777828],[-0.896917,-0.395949,0.196889]],[[-0.377956,0.698949,-0.607141],[0.175327,0.697954,0.69435],[-0.909071,-0.155985,0.38634]],[[-0.377956,0.698949,-0.607141],[0.559856,0.694843,0.451392],[-0.737367,0.169305,0.653931]],[[-0.377956,0.698949,-0.607141],[0.767223,0.603502,0.21715],[-0.518187,0.383739,0.764347]]],"btipPosition":[148.375,218.748,165.708],"carpPosition":[16.1668,196.55,228.785],"dipPosition":[138.96,225.72,179.596],"direction":[0.737367,-0.169305,-0.653931],"extended":true,"handId":57,"id":572,"length":64.7869,"mcpPosition":[76.3204,223.105,215.58],"pipPosition":[118.687,230.375,197.575],"stabilizedTipPosition":[142.007,214.357,170.628],"timeVisible":0.025946,"tipPosition":[144.945,218.328,170.834],"tipVelocity":[651.311,634.448,-375.24],"tool":false,"touchDistance":1,"touchZone":"none","type":2,"width":18.9841}],"r":[[0.994701,0.0538934,0.0875475],[-0.0557682,0.998261,0.0191105],[-0.0863653,-0.0238916,0.995977]],"s":0.818819,"t":[9.62526,14.2887,1.5355],"timestamp":472193801430},{"currentFrameRate":115.128,"devices":[],"gestures":[],"hands":[{"armBasis":[[-0.575599,0.69609,-0.429121],[-0.0889394,0.468365,0.879047],[-0.812881,-0.544144,0.20768]],"armWidth":62.9369,"confidence":0.180419,"direction":[0.879898,0.461773,-0.112009],"elbow":[-219.972,46.2349,270.99],"grabAngle":1.05173,"grabStrength":0,"id":57,"palmNormal":[0.123844,-0.45045,-0.88417],"palmPosition":[58.1799,214.437,207.597],"palmVelocity":[398.286,328.053,-568.751],"palmWidth":87.4676,"pinchDistance":53.0685,"pinchStrength":0.23378,"r":[[0.993263,0.0570088,0.10089],[-0.0597369,0.99792,0.0242262],[-0.0992994,-0.0300899,0.994603]],"s":0.816426,"sphereCenter":[73.9237,196.451,126.414],"sphereRadius":83.3685,"stabilizedPalmPosition":[51.6848,207.476,212.775],"t":[13.015,17.5708,-1.99219],"timeVisible"