{"frames":66,"data":[{"currentFrameRate":57.6682,"devices":[],"gestures":[],"hands":[],"id":66073,"interactionBox":{"center":[0,200,0],"size":[235.247,235.247,147.751]},"pointables":[],"r":[[0.695491,0.683003,0.223157],[-0.66853,0.728925,-0.147435],[-0.263363,-0.0466471,0.963568]],"s":1.18567,"t":[263.103,-18.1377,-8.24592],"timestamp":237785130642},{"currentFrameRate":57.6656,"devices":[],"gestures":[],"hands":[],"id":66074,"interactionBox":{"center":[0,200,0],"size":[235.247,235.247,147.751]},"pointables":[],"r":[[0.695491,0.683003,0.223157],[-0.66853,0.728925,-0.147435],[-0.263363,-0.0466471,0.963568]],"s":1.18567,"t":[263.103,-18.1377,-8.24592],"timestamp":237785147992},{"currentFrameRate":57.6637,"devices":[],"gestures":[],"hands":[],"id":66075,"interactionBox":{"center":[0,200,0],"size":[235.247,235.247,147.751]},"pointables":[],"r":[[0.695491,0.683003,0.223157],[-0.66853,0.728925,-0.147435],[-0.263363,-0.0466471,0.963568]],"s":1.18567,"t":[263.103,-18.1377,-8.24592],"timestamp":237785165340},{"currentFrameRate":57.6483,"devices":[],"gestures":[],"hands":[],"id":66076,"interactionBox":{"center":[0,200,0],"size":[235.247,235.247,147.751]},"pointables":[],"r":[[0.695491,0.683003,0.223157],[-0.66853,0.728925,-0.147435],[-0.263363,-0.0466471,0.963568]],"s":1.18567,"t":[263.103,-18.1377,-8.24592],"timestamp":237785182738},{"currentFrameRate":57.6727,"devices":[],"gestures":[],"hands":[],"id":66077,"interactionBox":{"center":[0,200,0],"size":[235.247,235.247,147.751]},"pointables":[],"r":[[0.695491,0.683003,0.223157],[-0.66853,0.728925,-0.147435],[-0.263363,-0.0466471,0.963568]],"s":1.18567,"t":[263.103,-18.1377,-8.24592],"timestamp":237785199996},{"currentFrameRate":57.6628,"devices":[],"gestures":[],"hands":[],"id":66078,"interactionBox":{"center":[0,200,0],"size":[235.247,235.247,147.751]},"pointables":[],"r":[[0.695491,0.683003,0.223157],[-0.66853,0.728925,-0.147435],[-0.263363,-0.0466471,0.963568]],"s":1.18567,"t":[263.103,-18.1377,-8.24592],"timestamp":237785217371},{"currentFrameRate":57.6444,"devices":[],"gestures":[],"hands":[],"id":66079,"interactionBox":{"center":[0,200,0],"size":[235.247,235.247,147.751]},"pointables":[],"r":[[0.695491,0.683003,0.223157],[-0.66853,0.728925,-0.147435],[-0.263363,-0.0466471,0.963568]],"s":1.18567,"t":[263.103,-18.1377,-8.24592],"timestamp":237785234780},{"currentFrameRate":57.6504,"devices":[],"gestures":[],"hands":[],"id":66080,"interactionBox":{"center":[0,200,0],"size":[235.247,235.247,147.751]},"pointables":[],"r":[[0.695491,0.683003,0.223157],[-0.66853,0.728925,-0.147435],[-0.263363,-0.0466471,0.963568]],"s":1.18567,"t":[263.103,-18.1377,-8.24592],"timestamp":237785252106},{"currentFrameRate":57.6432,"devices":[],"gestures":[],"hands":[],"id":66081,"interactionBox":{"center":[0,200,0],"size":[235.247,235.247,147.751]},"pointables":[],"r":[[0.695491,0.683003,0.223157],[-0.66853,0.728925,-0.147435],[-0.263363,-0.0466471,0.963568]],"s":1.18567,"t":[263.103,-18.1377,-8.24592],"timestamp":237785269478},{"currentFrameRate":57.646,"devices":[],"gestures":[],"hands":[],"id":66082,"interactionBox":{"center":[0,200,0],"size":[235.247,235.247,147.751]},"pointables":[],"r":[[0.695491,0.683003,0.223157],[-0.66853,0.728925,-0.147435],[-0.263363,-0.0466471,0.963568]],"s":1.18567,"t":[263.103,-18.1377,-8.24592],"timestamp":237785286816},{"currentFrameRate":57.6472,"devices":[],"gestures":[],"hands":[],"id":66083,"interactionBox":{"center":[0,200,0],"size":[235.247,235.247,147.751]},"pointables":[],"r":[[0.695491,0.683003,0.223157],[-0.66853,0.728925,-0.147435],[-0.263363,-0.0466471,0.963568]],"s":1.18567,"t":[263.103,-18.1377,-8.24592],"timestamp":237785304159},{"currentFrameRate":57.6044,"devices":[],"gestures":[],"hands":[],"id":66084,"interactionBox":{"center":[0,200,0],"size":[235.247,235.247,147.751]},"pointables":[],"r":[[0.695491,0.683003,0.223157],[-0.66853,0.728925,-0.147435],[-0.263363,-0.0466471,0.963568]],"s":1.18567,"t":[263.103,-18.1377,-8.24592],"timestamp":237785321661},{"currentFrameRate":57.6545,"devices":[],"gestures":[],"hands":[],"id":66085,"interactionBox":{"center":[0,200,0],"size":[235.247,235.247,147.751]},"pointables":[],"r":[[0.695491,0.683003,0.223157],[-0.66853,0.728925,-0.147435],[-0.263363,-0.0466471,0.963568]],"s":1.18567,"t":[263.103,-18.1377,-8.24592],"timestamp":237785338839},{"currentFrameRate":57.6528,"devices":[],"gestures":[],"hands":[],"id":66086,"interactionBox":{"center":[0,200,0],"size":[235.247,235.247,147.751]},"pointables":[],"r":[[0.695491,0.683003,0.223157],[-0.66853,0.728925,-0.147435],[-0.263363,-0.0466471,0.963568]],"s":1.18567,"t":[263.103,-18.1377,-8.24592],"timestamp":237785356190},{"currentFrameRate":57.6598,"devices":[],"gestures":[],"hands":[{"armBasis":[[0.52675,-0.84686,0.07323],[-0.780696,-0.516069,-0.352403],[-0.336227,-0.128458,0.932979]],"armWidth":61.3236,"confidence":0,"direction":[0.382846,0.843812,-0.376045],"elbow":[-16.3415,41.037,380.897],"grabAngle":0.459394,"grabStrength":0,"id":53,"palmNormal":[0.689044,0.0103118,0.724646],"palmPosition":[97.6603,133.589,110.904],"palmVelocity":[1.19209e-7,1.19209e-7,1.19209e-7],"palmWidth":87.5681,"pinchDistance":71.6458,"pinchStrength":0,"r":[[1,1.11022e-17,1.11022e-17],[-1.11022e-17,1,-2.22045e-17],[-1.11022e-17,2.22045e-17,1]],"s":1,"sphereCenter":[195.377,133.101,148.668],"sphereRadius":109.173,"stabilizedPalmPosition":[97.6603,133.589,110.904],"t":[0,0,0],"timeVisible":0,"type":"left","wrist":[71.0258,74.4162,138.467]}],"id":66087,"interactionBox":{"center":[0,200,0],"size":[235.247,235.247,147.751]},"pointables":[{"bases":[[[-0.293982,-0.0604701,-0.953896],[-0.952786,0.0978821,0.287435],[-0.0759882,-0.993359,0.0863906]],[[-0.251387,0.276653,-0.927506],[-0.953585,0.0933321,0.286294],[-0.16577,-0.956427,-0.24035]],[[-0.251387,0.276653,-0.927506],[-0.850643,0.394014,0.34808],[-0.461747,-0.876479,-0.136283]],[[-0.251387,0.276653,-0.927506],[-0.624314,0.68593,0.373808],[-0.739619,-0.673025,-0.000284638]]],"btipPosition":[108.206,187.672,163.836],"carpPosition":[68.432,97.8061,147.811],"dipPosition":[91.5471,172.513,163.83],"direction":[0.461747,0.876479,0.136283],"extended":true,"handId":53,"id":530,"length":50.1564,"mcpPosition":[68.432,97.8061,147.811],"pipPosition":[76.3957,143.753,159.358],"stabilizedTipPosition":[104.374,184.186,163.835],"timeVisible":0,"tipPosition":[104.374,184.186,163.835],"tipVelocity":[1.19209e-7,1.19209e-7,1.19209e-7],"tool":false,"touchDistance":1,"touchZone":"none","type":0,"width":19.4884},{"bases":[[[0.670888,-0.387245,-0.632417],[-0.640762,0.12656,-0.757236],[-0.373275,-0.913249,0.163224]],[[0.627369,-0.482205,-0.611463],[-0.697325,0.0016352,-0.716754],[-0.346622,-0.876057,0.335228]],[[0.627369,-0.482205,-0.611463],[-0.609909,0.183937,-0.770829],[-0.484169,-0.856531,0.178705]],[[0.627369,-0.482205,-0.611463],[-0.484492,0.373034,-0.791273],[-0.609652,-0.792669,-0.000404887]]],"btipPosition":[126.232,235.978,96.2525],"carpPosition":[64.1845,102.137,125.82],"dipPosition":[116.207,222.944,96.2458],"direction":[0.484169,0.856531,-0.178705],"extended":true,"handId":53,"id":531,"length":56.5959,"mcpPosition":[90.6134,166.798,114.263],"pipPosition":[104.945,203.02,100.403],"stabilizedTipPosition":[123.926,232.98,96.251],"timeVisible":0,"tipPosition":[123.926,232.98,96.251],"tipVelocity":[1.19209e-7,1.19209e-7,1.19209e-7],"tool":false,"touchDistance":1,"touchZone":"none","type":1,"width":18.6154},{"bases":[[[0.713627,-0.522931,-0.466132],[-0.526155,0.0391889,-0.849485],[-0.46249,-0.851473,0.247177]],[[0.66984,-0.596322,-0.442396],[-0.464093,0.128844,-0.876366],[-0.579596,-0.792338,0.190444]],[[0.66984,-0.596322,-0.442396],[-0.279101,0.349905,-0.894242],[-0.688053,-0.722472,-0.0679464]],[[0.66984,-0.596322,-0.442396],[-0.153781,0.471479,-0.868366],[-0.726406,-0.649698,-0.224112]]],"btipPosition":[161.118,223.771,97.5552],"carpPosition":[71.211,98.3226,117.073],"dipPosition":[147.981,212.021,93.502],"direction":[0.688053,0.722472,0.0679464],"extended":true,"handId":53,"id":532,"length":64.4865,"mcpPosition":[102.264,155.494,100.477],"pipPosition":[129.151,192.249,91.6426],"stabilizedTipPosition":[158.096,221.068,96.623],"timeVisible":0,"tipPosition":[158.096,221.068,96.623],"tipVelocity":[1.19209e-7,1.19209e-7,1.19209e-7],"tool":false,"touchDistance":0.443716,"touchZone":"none","type":2,"width":18.2828},{"bases":[[[0.67541,-0.643989,-0.359304],[-0.4883,-0.0254354,-0.872305],[-0.552616,-0.764611,0.33164]],[[0.643096,-0.686176,-0.339985],[-0.512645,-0.0559463,-0.856776],[-0.568878,-0.725281,0.387744]],[[0.643096,-0.686176,-0.339985],[-0.332495,0.14974,-0.931142],[-0.689836,-0.711857,0.131853]],[[0.643096,-0.686176,-0.339985],[-0.141328,0.329996,-0.933343],[-0.752631,-0.648279,-0.115244]]],"btipPosition":[169.216,200.792,72.5497],"carpPosition":[79.5161,92.8765,110.658],"dipPosition":[155.683,189.135,70.4774],"direction":[0.689836,0.711857,-0.131853],"extended":true,"handId":53,"id":533,"length":62.0055,"mcpPosition":[112.83,138.971,90.6654],"pipPosition":[137.291,170.157,73.9927],"stabilizedTipPosition":[166.103,198.111,72.0731],"timeVisible":0,"tipPosition":[166.103,198.111,72.0731],"tipVelocity":[1.19209e-7,1.19209e-7,1.19209e-7],"tool":false,"touchDistance":1,"touchZone":"none","type":3,"width":17.3972},{"bases":[[[0.678246,-0.715042,-0.169403],[-0.424196,-0.192741,-0.884821],[-0.600034,-0.671986,0.434044]],[[0.626673,-0.767817,-0.133182],[-0.487292,-0.252729,-0.835868],[-0.608135,-0.588714,0.532529]],[[0.626673,-0.767817,-0.133182],[-0.285121,-0.0668572,-0.956157],[-0.72525,-0.637171,0.260818]],[[0.626673,-0.767817,-0.133182],[-0.0914743,0.097244,-0.991048],[-0.773895,-0.633246,0.00929543]]],"btipPosition":[171.316,164.946,62.7058],"carpPosition":[90.648,84.9146,110.113],"dipPosition":[158.479,154.442,62.86],"direction":[0.72525,0.637171,-0.260818],"extended":true,"handId":53,"id":534,"length":48.6111,"mcpPosition":[124.133,122.414,85.8911],"pipPosition":[144.827,142.448,67.7695],"stabilizedTipPosition":[168.364,162.53,62.7413],"timeVisible":0,"tipPosition":[168.364,162.53,62.7413],"tipVelocity":[1.19209e-7,1.19209e-7,1.19209e-7],"tool":false,"touchDistance":1,"touchZone":"none","type":4,"width":15.4536}],"r":[[1,1.11022e-17,1.11022e-17],[-1.11022e-17,1,-2.22045e-17],[-1.11022e-17,2.22045e-17,1]],"s":1,"t":[0,0,0],"timestamp":237785373510},{"currentFrameRate":57.6717,"devices":[],"gestures":[],"hands":[{"armBasis":[[-0.716838,0.662197,-0.218262],[0.657443,0.746196,0.10469],[-0.232192,0.0684495,0.970259]],"armWidth":64.0186,"confidence":0.0908854,"direction":[0.54618,0.785344,-0.291415],"elbow":[10.9564,111.873,381.091],"grabAngle":0.633136,"grabStrength":0,"id":53,"palmNormal":[-0.390505,-0.069059,-0.918007],"palmPosition":[113.314,139.15,92.1121],"palmVelocity":[904.85,321.489,-1086.23],"palmWidth":87.5681,"pinchDistance":29.4076,"pinchStrength":0.834386,"r":[[0.97108,0.176053,-0.161273],[-0.183473,0.982497,-0.032214],[0.152779,0.0608716,0.986384]],"s":1.02441,"sphereCenter":[154.959,141.514,62.0015],"sphereRadius":61.7038,"stabilizedPalmPosition":[104.471,136.008,102.728],"t":[7.82695,2.78088,-9.3959],"timeVisible":0.0173,"type":"left","wrist":[71.2906,94.087,128.974]}],"id":66088,"interactionBox":{"center":[0,200,0],"size":[235.247,235.247,147.751]},"pointables":[{"bases":[[[0.157649,0.462567,0.872455],[0.557898,-0.770714,0.307815],[-0.814798,-0.438214,0.379568]],[[0.476462,0.601136,0.641576],[0.739684,-0.668527,0.0770674],[-0.475239,-0.437844,0.763178]],[[0.476462,0.601136,0.641576],[0.678731,-0.715335,0.166191],[-0.558845,-0.356274,0.74884]],[[0.476462,0.601136,0.641576],[0.822342,-0.562858,-0.0833263],[-0.311026,-0.567297,0.76252]]],"btipPosition":[142.303,127.045,21.0831],"carpPosition":[95.5911,82.9543,97.0853],"dipPosition":[135.702,115.005,37.2672],"direction":[0.558845,0.356274,-0.74884],"extended":true,"handId":53,"id":530,"length":47.2638,"mcpPosition":[95.5911,82.9543,97.0853],"pipPosition":[118.422,103.988,60.422],"stabilizedTipPosition":[117.313,162.896,114.429],"timeVisible":0.0173,"tipPosition":[145.785,123.629,27.8645],"tipVelocity":[2104.65,-3462.99,-8036.37],"tool":false,"touchDistance":-0.706252,"touchZone":"touching","type":0,"width":20.7209},{"bases":[[[-0.63885,0.738323,0.216215],[0.484513,0.167817,0.858536],[-0.597593,-0.653235,0.464937]],[[-0.48015,0.871394,0.100642],[0.783373,0.374343,0.49618],[-0.394694,-0.317081,0.862367]],[[-0.48015,0.871394,0.100642],[0.855292,0.490548,-0.166846],[0.194758,-0.00596692,0.980833]],[[-0.48015,0.871394,0.100642],[0.511338,0.371268,-0.775044],[0.712734,0.320676,0.623841]]],"btipPosition":[145.189,150.884,15.7625],"carpPosition":[102.812,97.1165,113.447],"dipPosition":[156.232,155.852,25.4288],"direction":[-0.194758,0.00596692,-0.980833],"extended":false,"handId":53,"id":531,"length":53.3319,"mcpPosition":[145.123,143.367,80.5282],"pipPosition":[160.501,155.722,46.9285],"stabilizedTipPosition":[135.123,194.9,59.4354],"timeVisible":0.0173,"tipPosition":[151.876,157.174,21.2321],"tipVelocity":[1375.86,-4679.39,-4524],"tool":false,"touchDistance":1,"touchZone":"none","type":1,"width":19.7926},{"bases":[[[-0.786888,0.603782,0.127493],[0.356295,0.275841,0.892729],[-0.503846,-0.747903,0.43218]],[[-0.686722,0.725199,0.0499997],[0.322969,0.242765,0.914744],[-0.651233,-0.644323,0.400929]],[[-0.686722,0.725199,0.0499997],[0.402234,0.321797,0.85712],[-0.605492,-0.608715,0.512684]],[[-0.686722,0.725199,0.0499997],[0.510622,0.432287,0.743231],[-0.517376,-0.535924,0.667164]]],"btipPosition":[183.185,209.631,45.9892],"carpPosition":[96.4555,106.417,117.125],"dipPosition":[174.368,200.497,57.3592],"direction":[0.605492,0.608715,-0.512684],"extended":true,"handId":53,"id":532,"length":60.7675,"mcpPosition":[130.286,156.634,88.1062],"pipPosition":[158.753,184.799,70.5806],"stabilizedTipPosition":[166.546,216.108,79.0285],"timeVisible":0.0173,"tipPosition":[174.93,209.879,44.2773],"tipVelocity":[1332.99,-782.557,-2775.65],"tool":false,"touchDistance":0.299203,"touchZone":"touching","type":2,"width":19.439},{"bases":[[[-0.877062,0.464617,0.122039],[0.282922,0.294291,0.912879],[-0.388224,-0.835179,0.389562]],[[-0.777219,0.628057,0.0384068],[0.209491,0.200723,0.956987],[-0.593333,-0.751835,0.287578]],[[-0.777219,0.628057,0.0384068],[0.265993,0.272624,0.924621],[-0.570244,-0.728849,0.378947]],[[-0.777219,0.628057,0.0384068],[0.353144,0.384869,0.85274],[-0.520787,-0.676329,0.520922]]],"btipPosition":[158.5,224.933,65.5731],"carpPosition":[87.9042,114.35,119.057],"dipPosition":[149.676,213.473,74.3998],"direction":[0.570244,0.728849,-0.378947],"extended":true,"handId":53,"id":533,"length":58.4295,"mcpPosition":[111.308,164.698,95.5724],"pipPosition":[135.35,195.162,83.9199],"stabilizedTipPosition":[160,213.436,69.2408],"timeVisible":0.0173,"tipPosition":[150.219,224.889,63.6507],"tipVelocity":[-556.816,1398.01,-258.371],"tool":false,"touchDistance":1,"touchZone":"none","type":3,"width":18.4974},{"bases":[[[-0.95071,0.309776,0.0137839],[0.107645,0.288024,0.951554],[-0.290799,-0.906135,0.307173]],[[-0.932572,0.360964,-0.00376173],[0.0868653,0.234512,0.968224],[-0.350376,-0.902612,0.250055]],[[-0.932572,0.360964,-0.00376173],[0.135853,0.3606,0.922774],[-0.334444,-0.860042,0.385324]],[[-0.932572,0.360964,-0.00376173],[0.174701,0.46042,0.870341],[-0.315894,-0.810998,0.492435]]],"btipPosition":[113.724,226.564,76.4932],"carpPosition":[75.3901,119.121,116.186],"dipPosition":[108.786,213.886,84.1909],"direction":[0.334444,0.860042,-0.385324],"extended":true,"handId":53,"id":534,"length":45.8077,"mcpPosition":[91.618,169.687,99.0441],"pipPosition":[102.853,198.631,91.0256],"stabilizedTipPosition":[133.137,201.131,72.5449],"timeVisible":0.0173,"tipPosition":[107.941,225.658,75.7522],"tipVelocity":[-3224.03,3532.82,897.245],"tool":false,"touchDistance":1,"touchZone":"none","type":4,"width":16.4309}],"r":[[0.97108,0.176053,-0.161273],[-0.183473,0.982497,-0.032214],[0.152779,0.0608716,0.986384]],"s":1.02441,"t":[7.82695,2.78088,-9.3959],"timestamp":237785390810},{"currentFrameRate":57.6657,"devices":[],"gestures":[],"hands":[{"armBasis":[[-0.703678,0.67795,-0.212653],[0.686526,0.725869,0.042367],[-0.183081,0.116179,0.976209]],"armWidth":64.0186,"confidence":0.180592,"direction":[0.549936,0.733695,-0.399075],"elbow":[26.8418,132.502,379.941],"grabAngle":0.599834,"grabStrength":0,"id":53,"palmNormal":[-0.434384,-0.156853,-0.886965],"palmPosition":[115.512,142.598,83.0901],"palmVelocity":[126.577,198.602,-519.669],"palmWidth":87.5681,"pinchDistance":26.2589,"pinchStrength":0.914106,"r":[[0.906334,0.295211,-0.302338],[-0.325295,0.944109,-0.0533009],[0.269705,0.146658,0.951709]],"s":1.03657,"sphereCenter":[152.68,144.191,52.8145],"sphereRadius":58.7627,"stabilizedPalmPosition":[107.668,137.916,97.0418],"t":[12.8392,5.89529,-18.6048],"timeVisible":0.034661,"type":"left","wrist":[74.4147,102.313,126.277]}],"id":66089,"interactionBox":{"center":[0,200,0],"size":[235.247,235.247,147.751]},"pointables":[{"bases":[[[0.208782,0.549497,0.808989],[0.553749,-0.748259,0.365337],[-0.806085,-0.371701,0.460506]],[[0.507769,0.651169,0.564047],[0.711305,-0.686267,0.151933],[-0.486021,-0.324062,0.811645]],[[0.507769,0.651169,0.564047],[0.731583,-0.671668,0.116825],[-0.454925,-0.353328,0.817437]],[[0.507769,0.651169,0.564047],[0.848637,-0.490764,-0.197396],[-0.148276,-0.578903,0.801801]]],"btipPosition":[137.313,126.566,13.6551],"carpPosition":[96.7503,87.7857,94.9405],"dipPosition":[134.166,114.279,30.6729],"direction":[0.454925,0.353328,-0.817437],"extended":true,"handId":53,"id":530,"length":47.2638,"mcpPosition":[96.7503,87.7857,94.9405],"pipPosition":[120.099,103.354,55.9488],"stabilizedTipPosition":[122.321,152.724,89.2674],"timeVisible":0.034661,"tipPosition":[142.491,120.483,19.0377],"tipVelocity":[-241.688,-30.8777,-416.811],"tool":false,"touchDistance":-0.772504,"touchZone":"touching","type":0,"width":20.7209},{"bases":[[[-0.610896,0.77493,0.162141],[0.527765,0.245943,0.813004],[-0.590144,-0.582234,0.559227]],[[-0.480105,0.875968,0.0466724],[0.789693,0.408428,0.457791],[-0.381948,-0.256645,0.887834]],[[-0.480105,0.875968,0.0466724],[0.803302,0.460408,-0.377796],[0.352426,0.14389,0.924712]],[[-0.480105,0.875968,0.0466724],[0.449171,0.291188,-0.844663],[0.753488,0.384563,0.53326]]],"btipPosition":[142.316,145.535,6.60684],"carpPosition":[105.051,103.425,109.326],"dipPosition":[153.991,151.494,14.8696],"direction":[-0.352426,-0.14389,-0.924712],"extended":false,"handId":53,"id":531,"length":53.3319,"mcpPosition":[146.835,144.648,69.7311],"pipPosition":[161.716,154.648,35.1392],"stabilizedTipPosition":[138.532,178.337,41.8604],"timeVisible":0.034661,"tipPosition":[150.185,151.025,8.96077],"tipVelocity":[-157.113,-294.957,-545.963],"tool":false,"touchDistance":1,"touchZone":"none","type":1,"width":19.7926},{"bases":[[[-0.765971,0.635786,0.0952149],[0.403804,0.360571,0.840792],[-0.500232,-0.68247,0.532919]],[[-0.676123,0.736736,0.00877182],[0.381525,0.339901,0.859597],[-0.630315,-0.58454,0.510898]],[[-0.676123,0.736736,0.00877182],[0.479278,0.430741,0.764693],[-0.559599,-0.52123,0.644335]],[[-0.676123,0.736736,0.00877182],[0.569487,0.515006,0.640667],[-0.467485,-0.438165,0.767769]]],"btipPosition":[182.627,205.527,24.4254],"carpPosition":[99.0885,113.242,112.242],"dipPosition":[174.66,198.059,37.51],"direction":[0.559599,0.52123,-0.644335],"extended":true,"handId":53,"id":532,"length":60.7675,"mcpPosition":[132.676,159.066,76.4591],"pipPosition":[160.229,184.618,54.1265],"stabilizedTipPosition":[169.515,213.545,68.2772],"timeVisible":0.034661,"tipPosition":[177.16,205.636,25.5387],"tipVelocity":[-20.8648,-214.31,-1219.37],"tool":false,"touchDistance":0.311486,"touchZone":"touching","type":2,"width":19.439},{"bases":[[[-0.859481,0.499422,0.108945],[0.331895,0.383134,0.862006],[-0.388764,-0.777037,0.495052]],[[-0.769097,0.639017,0.0120996],[0.244854,0.277104,0.929118],[-0.590369,-0.717545,0.369586]],[[-0.769097,0.639017,0.0120996],[0.286257,0.327479,0.900452],[-0.571442,-0.695999,0.434786]],[[-0.769097,0.639017,0.0120996],[0.363816,0.422153,0.830316],[-0.525478,-0.642996,0.557161]]],"btipPosition":[161.44,225.871,48.4866],"carpPosition":[90.8217,121.573,113.67],"dipPosition":[152.536,214.976,57.9273],"direction":[0.571442,0.695999,-0.434786],"extended":true,"handId":53,"id":533,"length":58.4295,"mcpPosition":[114.258,168.416,83.8257],"pipPosition":[138.18,197.491,68.8503],"stabilizedTipPosition":[159.768,217.211,62.1763],"timeVisible":0.034661,"tipPosition":[154.267,223.631,45.187],"tipVelocity":[168.267,61.5562,-976.056],"tool":false,"touchDistance":1,"touchZone":"none","type":3,"width":18.4974},{"bases":[[[-0.941645,0.335916,0.0215741],[0.158514,0.385984,0.908785],[-0.296948,-0.859172,0.416707]],[[-0.896492,0.44195,-0.0313372],[0.117596,0.305542,0.944889],[-0.427169,-0.8434,0.325888]],[[-0.896492,0.44195,-0.0313372],[0.158108,0.385187,0.909193],[-0.413889,-0.81013,0.415193]],[[-0.896492,0.44195,-0.0313372],[0.19023,0.447827,0.87365],[-0.400144,-0.777259,0.485545]]],"btipPosition":[122.166,227.865,62.1875],"carpPosition":[78.3004,126.354,110.846],"dipPosition":[115.911,215.715,69.7775],"direction":[0.413889,0.81013,-0.415193],"extended":true,"handId":53,"id":534,"length":45.8077,"mcpPosition":[94.8715,174.3,87.5923],"pipPosition":[108.569,201.345,77.1421],"stabilizedTipPosition":[127.504,211.998,68.6358],"timeVisible":0.034661,"tipPosition":[114.199,226.382,59.5375],"tipVelocity":[468.824,81.9349,-825.438],"tool":false,"touchDistance":1,"touchZone":"none","type":4,"width":16.4309}],"r":[[0.906334,0.295211,-0.302338],[-0.325295,0.944109,-0.0533009],[0.269705,0.146658,0.951709]],"s":1.03657,"t":[12.8392,5.89529,-18.6048],"timestamp":237785408171},{"currentFrameRate":57.6528,"devices":[],"gestures":[],"hands":[{"armBasis":[[-0.727181,0.648125,-0.226147],[0.666478,0.745496,-0.00652162],[-0.164365,0.155464,0.974071]],"armWidth":64.0186,"confidence":0.267524,"direction":[0.560954,0.746466,-0.357937],"elbow":[30.3971,144.075,371.108],"grabAngle":0.624936,"grabStrength":0,"id":53,"palmNormal":[-0.397248,-0.136623,-0.907484],"palmPosition":[115.198,144.673,77.0013],"palmVelocity":[-18.013,119.317,-350.171],"palmWidth":87.5681,"pinchDistance":26.6323,"pinchStrength":0.904653,"r":[[0.832445,0.379436,-0.403811],[-0.434599,0.899179,-0.0510092],[0.343744,0.217958,0.913419]],"s":1.03951,"sphereCenter":[143.53,148.85,41.1979],"sphereRadius":56.1915,"stabilizedPalmPosition":[109.018,139.128,93.4497],"t":[15.1887,8.48984,-26.2537],"timeVisible":0.052049,"type":"left","wrist":[73.1066,103.678,118]}],"id":66090,"interactionBox":{"center":[0,200,0],"size":[235.247,235.247,147.751]},"pointables":[{"bases":[[[0.172505,0.529919,0.830318],[0.543263,-0.754339,0.368561],[-0.821649,-0.387502,0.418013]],[[0.47858,0.638928,0.602272],[0.694264,-0.69529,0.185929],[-0.53755,-0.329154,0.776336]],[[0.47858,0.638928,0.602272],[0.722094,-0.676636,0.144025],[-0.499541,-0.36597,0.785191]],[[0.47858,0.638928,0.602272],[0.85194,-0.503906,-0.142396],[-0.212508,-0.581248,0.785488]]],"btipPosition":[142.101,128.945,8.45677],"carpPosition":[96.3201,89.4794,86.7026],"dipPosition":[137.59,116.608,25.1283],"direction":[0.499541,0.36597,-0.785191],"extended":true,"handId":53,"id":530,"length":47.2638,"mcpPosition":[96.3201,89.4794,86.7026],"pipPosition":[122.144,105.292,49.4072],"stabilizedTipPosition":[127.025,146.043,69.9444],"timeVisible":0.052049,"tipPosition":[144.308,124.596,13.3692],"tipVelocity":[257.334,136.158,-303.538],"tool":false,"touchDistance":-0.802756,"touchZone":"touching","type":0,"width":20.7209},{"bases":[[[-0.621812,0.767335,0.156673],[0.492974,0.22805,0.839625],[-0.608544,-0.599325,0.52008]],[[-0.496252,0.866367,0.0560542],[0.762093,0.403777,0.506141],[-0.41587,-0.293892,0.860627]],[[-0.496252,0.866367,0.0560542],[0.795089,0.479455,-0.371425],[0.348666,0.139753,0.926769]],[[-0.496252,0.866367,0.0560542],[0.451724,0.312804,-0.835523],[0.741404,0.389309,0.546588]]],"btipPosition":[144.094,149.581,2.66145],"carpPosition":[103.935,104.793,101.8],"dipPosition":[155.582,155.614,11.1307],"direction":[-0.348666,-0.139753,-0.926769],"extended":false,"handId":53,"id":531,"length":53.3319,"mcpPosition":[147.021,147.226,64.9773],"pipPosition":[163.224,158.677,31.4454],"stabilizedTipPosition":[141.35,168.936,29.0644],"timeVisible":0.052049,"tipPosition":[152.321,154.839,4.57456],"tipVelocity":[99.7818,233.681,-224.172],"tool":false,"touchDistance":1,"touchZone":"none","type":1,"width":19.7926},{"bases":[[[-0.77318,0.629114,0.0800511],[0.367272,0.34128,0.865239],[-0.517014,-0.698386,0.494927]],[[-0.683628,0.729827,0.00231343],[0.375139,0.34867,0.858895],[-0.626038,-0.588032,0.512147]],[[-0.683628,0.729827,0.00231343],[0.468568,0.436472,0.768073],[-0.559551,-0.52616,0.640358]],[[-0.683628,0.729827,0.00231343],[0.542556,0.506086,0.670455],[-0.488145,-0.459596,0.741947]]],"btipPosition":[182.627,208.5,19.9406],"carpPosition":[97.7979,114.501,104.718],"dipPosition":[174.308,200.667,32.5851],"direction":[0.559551,0.52616,-0.640358],"extended":true,"handId":53,"id":532,"length":60.7675,"mcpPosition":[132.512,161.394,71.4863],"pipPosition":[159.878,187.098,49.0991],"stabilizedTipPosition":[171.366,212.413,60.7697],"timeVisible":0.052049,"tipPosition":[179.092,208.955,23.4548],"tipVelocity":[-4.64951,166.14,-263.747],"tool":false,"touchDistance":0.328419,"touchZone":"hovering","type":2,"width":19.439},{"bases":[[[-0.866308,0.491954,0.0865565],[0.294425,0.362919,0.884084],[-0.403516,-0.791373,0.459243]],[[-0.777553,0.628816,0.000816624],[0.227417,0.279997,0.932675],[-0.586253,-0.725391,0.360716]],[[-0.777553,0.628816,0.000816624],[0.27791,0.34248,0.897482],[-0.564072,-0.698067,0.44105]],[[-0.777553,0.628816,0.000816624],[0.356268,0.439467,0.824586],[-0.518154,-0.64145,0.565737]]],"btipPosition":[160.459,228.256,43.051],"carpPosition":[89.4278,122.75,106.019],"dipPosition":[151.679,217.387,52.637],"direction":[0.564072,0.698067,-0.44105],"extended":true,"handId":53,"id":533,"length":58.4295,"mcpPosition":[113.753,170.457,78.3334],"pipPosition":[137.508,199.85,63.7174],"stabilizedTipPosition":[159.427,219.405,57.8322],"timeVisible":0.052049,"tipPosition":[155.632,226.628,43.2414],"tipVelocity":[-54.7561,137.479,-310.682],"tool":false,"touchDistance":1,"touchZone":"none","type":3,"width":18.4974},{"bases":[[[-0.943847,0.330283,-0.00814695],[0.119284,0.363666,0.92386],[-0.308098,-0.871011,0.382643]],[[-0.894951,0.442306,-0.0585566],[0.1012,0.329063,0.93887],[-0.434536,-0.834316,0.339256]],[[-0.894951,0.442306,-0.0585566],[0.140295,0.403566,0.90413],[-0.423533,-0.800937,0.423225]],[[-0.894951,0.442306,-0.0585566],[0.154668,0.430667,0.889159],[-0.418498,-0.786697,0.453836]]],"btipPosition":[122.183,229.399,55.9782],"carpPosition":[77.0008,127.535,102.812],"dipPosition":[115.641,217.102,63.0725],"direction":[0.423533,0.800937,-0.423225],"extended":true,"handId":53,"id":534,"length":45.8077,"mcpPosition":[94.1941,176.141,81.4584],"pipPosition":[108.128,202.895,70.5795],"stabilizedTipPosition":[125.678,215.897,65.6859],"timeVisible":0.052049,"tipPosition":[115.328,228.627,55.8589],"tipVelocity":[-2.82955,86.2781,-363.661],"tool":false,"touchDistance":1,"touchZone":"none","type":4,"width":16.4309}],"r":[[0.832445,0.379436,-0.403811],[-0.434599,0.899179,-0.0510092],[0.343744,0.217958,0.913419]],"s":1.03951,"t":[15.1887,8.48984,-26.2537],"timestamp":237785425559},{"currentFrameRate":57.672,"devices":[],"gestures":[],"hands":[{"armBasis":[[-0.738602,0.631081,-0.237071],[0.656805,0.752883,-0.042127],[-0.151901,0.186824,0.970579]],"armWidth":64.0186,"confidence":0.349791,"direction":[0.58539,0.745233,-0.319289],"elbow":[30.7829,154.064,361.087],"grabAngle":0.660351,"grabStrength":0,"id":53,"palmNormal":[-0.336696,-0.134792,-0.931916],"palmPosition":[114.343,146.21,70.263],"palmVelocity":[-49.507,88.9463,-390.038],"palmWidth":87.5681,"pinchDistance":26.2618,"pinchStrength":0.914035,"r":[[0.766119,0.437726,-0.470593],[-0.516125,0.855349,-0.0446341],[0.382984,0.27708,0.881221]],"s":1.03753,"sphereCenter":[138.673,150.292,30.1414],"sphereRadius":56.4431,"stabilizedPalmPosition":[109.575,139.869,91.0217],"t":[15.9358,10.5554,-33.4473],"timeVisible":0.069325,"type":"left","wrist":[70.2538,105.518,108.886]}],"id":66091,"interactionBox":{"center":[0,200,0],"size":[235.247,235.247,147.751]},"pointables":[{"bases":[[[0.118598,0.528762,0.840444],[0.51568,-0.756118,0.402939],[-0.848533,-0.385612,0.362346]],[[0.442236,0.637703,0.630684],[0.677178,-0.698481,0.231418],[-0.588097,-0.324743,0.740732]],[[0.442236,0.637703,0.630684],[0.7059,-0.681264,0.193869],[-0.553293,-0.359463,0.751434]],[[0.442236,0.637703,0.630684],[0.853964,-0.51434,-0.0787358],[-0.274176,-0.573401,0.772036]]],"btipPosition":[145.898,129.945,3.43252],"carpPosition":[94.7176,91.0596,78.6386],"dipPosition":[140.078,117.775,19.8186],"direction":[0.553293,0.359463,-0.751434],"extended":true,"handId":53,"id":530,"length":47.2638,"mcpPosition":[94.7176,91.0596,78.6386],"pipPosition":[122.97,106.66,43.0536],"stabilizedTipPosition":[130.656,142.13,56.9533],"timeVisible":0.069325,"tipPosition":[147.44,126.143,8.62401],"tipVelocity":[202.347,60.1332,-294.624],"tool":false,"touchDistance":-0.827162,"touchZone":"touching","type":0,"width":20.7209},{"bases":[[[-0.628774,0.768893,0.11596],[0.436945,0.226015,0.87063],[-0.643213,-0.598098,0.478076]],[[-0.4964,0.867766,0.0238585],[0.736062,0.406172,0.541514],[-0.460217,-0.286369,0.840353]],[[-0.4964,0.867766,0.0238585],[0.813702,0.474697,-0.335488],[0.30245,0.147123,0.941742]],[[-0.4964,0.867766,0.0238585],[0.490095,0.302829,-0.817374],[0.716515,0.394052,0.575613]]],"btipPosition":[147.098,150.513,-1.93047],"carpPosition":[101.357,106.339,94.2225],"dipPosition":[158.2,156.619,6.9885],"direction":[-0.30245,-0.147123,-0.941742],"extended":false,"handId":53,"id":531,"length":53.3319,"mcpPosition":[146.898,148.686,60.3734],"pipPosition":[164.83,159.844,27.6314],"stabilizedTipPosition":[143.57,164.385,21.325],"timeVisible":0.069325,"tipPosition":[155.742,156.024,0.437331],"tipVelocity":[168.734,54.9192,-259.81],"tool":false,"touchDistance":0.976965,"touchZone":"hovering","type":1,"width":19.7926},{"bases":[[[-0.775107,0.631147,0.0293523],[0.310125,0.339565,0.887985],[-0.550483,-0.697387,0.458934]],[[-0.679717,0.732235,-0.0426185],[0.340157,0.366173,0.866147],[-0.649829,-0.574238,0.497969]],[[-0.679717,0.732235,-0.0426185],[0.441915,0.455209,0.772979],[-0.585403,-0.506573,0.632999]],[[-0.679717,0.732235,-0.0426185],[0.512424,0.515639,0.686686],[-0.524792,-0.444913,0.725703]]],"btipPosition":[184.474,208.635,15.4631],"carpPosition":[95.0667,116.062,96.7372],"dipPosition":[175.531,201.053,27.8307],"direction":[0.585403,0.506573,-0.632999],"extended":true,"handId":53,"id":532,"length":60.7675,"mcpPosition":[132.028,162.888,65.9224],"pipPosition":[160.434,187.989,44.1549],"stabilizedTipPosition":[172.54,211.827,56.2589],"timeVisible":0.069325,"tipPosition":[181.909,209.795,20.6657],"tipVelocity":[98.6122,11.1867,-262.86],"tool":false,"touchDistance":0.329303,"touchZone":"hovering","type":2,"width":19.439},{"bases":[[[-0.868825,0.494236,0.0295442],[0.236249,0.361386,0.90199],[-0.43512,-0.790652,0.430744]],[[-0.775406,0.629548,-0.0491373],[0.187694,0.304078,0.933974],[-0.602923,-0.714987,0.353946]],[[-0.775406,0.629548,-0.0491373],[0.252381,0.380301,0.889761],[-0.578834,-0.677525,0.453774]],[[-0.775406,0.629548,-0.0491373],[0.325347,0.464991,0.823367],[-0.541197,-0.622457,0.565379]]],"btipPosition":[161.024,228.536,36.2008],"carpPosition":[86.6509,124.333,97.4896],"dipPosition":[151.854,217.989,45.7808],"direction":[0.578834,0.677525,-0.453774],"extended":true,"handId":53,"id":533,"length":58.4295,"mcpPosition":[112.882,171.997,71.5225],"pipPosition":[137.312,200.967,57.1808],"stabilizedTipPosition":[159.356,220.336,55.1346],"timeVisible":0.069325,"tipPosition":[157.483,227.702,39.1549],"tipVelocity":[27.5118,20.4855,-396.596],"tool":false,"touchDistance":1,"touchZone":"none","type":3,"width":18.4974},{"bases":[[[-0.940358,0.332854,-0.0702442],[0.0588623,0.362577,0.930093],[-0.335054,-0.870486,0.360545]],[[-0.888888,0.443073,-0.116468],[0.048602,0.343996,0.937712],[-0.45554,-0.82786,0.327308]],[[-0.888888,0.443073,-0.116468],[0.0960871,0.428883,0.898235],[-0.447936,-0.787239,0.423802]],[[-0.888888,0.443073,-0.116468],[0.118341,0.467669,0.875946],[-0.442577,-0.764834,0.468139]]],"btipPosition":[122.645,230.197,48.0214],"carpPosition":[74.4761,129.154,93.4723],"dipPosition":[115.727,218.242,55.3393],"direction":[0.447936,0.787239,-0.423802],"extended":true,"handId":53,"id":534,"length":45.8077,"mcpPosition":[93.1736,177.731,73.3523],"pipPosition":[107.781,204.278,62.8565],"stabilizedTipPosition":[125.001,217.586,63.3479],"timeVisible":0.069325,"tipPosition":[116.637,229.881,49.3086],"tipVelocity":[21.7507,50.7526,-457.594],"tool":false,"touchDistance":1,"touchZone":"none","type":4,"width":16.4309}],"r":[[0.766119,0.437726,-0.470593],[-0.516125,0.855349,-0.0446341],[0.382984,0.27708,0.881221]],"s":1.03753,"t":[15.9358,10.5554,-33.4473],"timestamp":237785442835},{"currentFrameRate":57.674,"devices":[],"gestures":[],"hands":[{"armBasis":[[-0.727482,0.639998,-0.24733],[0.67131,0.738428,-0.0637737],[-0.141821,0.21243,0.96683]],"armWidth":64.0186,"confidence":0.427237,"direction":[0.611749,0.723737,-0.319323],"elbow":[30.2337,164.046,352.541],"grabAngle":0.69173,"grabStrength":0,"id":53,"palmNormal":[-0.309704,-0.152321,-0.938553],"palmPosition":[112.87,147.633,62.8911],"palmVelocity":[-85.0023,82.1298,-425.337],"palmWidth":87.5681,"pinchDistance":25.5717,"pinchStrength":0.931507,"r":[[0.711729,0.473251,-0.51911],[-0.574218,0.81763,-0.0418855],[0.404617,0.327893,0.853681]],"s":1.03316,"sphereCenter":[136.333,148.714,19.8824],"sphereRadius":57.4443,"stabilizedPalmPosition":[109.784,140.36,89.2435],"t":[15.5727,12.3,-40.73],"timeVisible":0.086657,"type":"left","wrist":[67.0852,108.847,101.314]}],"id":66092,"interactionBox":{"center":[0,200,0],"size":[235.247,235.247,147.751]},"pointables":[{"bases":[[[0.103473,0.5483,0.829856],[0.485574,-0.755999,0.438957],[-0.86805,-0.357536,0.344465]],[[0.440387,0.645299,0.624219],[0.657434,-0.705274,0.265271],[-0.611424,-0.29356,0.734835]],[[0.440387,0.645299,0.624219],[0.678525,-0.694517,0.23927],[-0.587931,-0.318176,0.743708]],[[0.440387,0.645299,0.624219],[0.844254,-0.534184,-0.043399],[-0.305442,-0.546111,0.780043]]],"btipPosition":[145.798,128.691,-2.80163],"carpPosition":[91.7626,93.1593,72.0522],"dipPosition":[139.315,117.1,13.7544],"direction":[0.587931,0.318176,-0.743708],"extended":true,"handId":53,"id":530,"length":47.2638,"mcpPosition":[91.7626,93.1593,72.0522],"pipPosition":[121.136,107.262,36.7505],"stabilizedTipPosition":[132.244,140.256,50.443],"timeVisible":0.086657,"tipPosition":[147.35,125.255,2.83441],"tipVelocity":[-14.5632,-64.6736,-357.435],"tool":false,"touchDistance":-0.865705,"touchZone":"touching","type":0,"width":20.7209},{"bases":[[[-0.614858,0.785017,0.0754883],[0.413866,0.239707,0.878211],[-0.671315,-0.571217,0.472278]],[[-0.471896,0.881466,-0.01821],[0.735277,0.404862,0.543557],[-0.4865,-0.243113,0.839174]],[[-0.471896,0.881466,-0.01821],[0.831436,0.438051,-0.341797],[0.293305,0.176433,0.939598]],[[-0.471896,0.881466,-0.01821],[0.507148,0.254492,-0.823429],[0.72119,0.397808,0.567128]]],"btipPosition":[147.123,148.588,-8.07598],"carpPosition":[98.2404,108.703,87.442],"dipPosition":[158.297,154.752,0.711526],"direction":[-0.293305,-0.176433,-0.939597],"extended":false,"handId":53,"id":531,"length":53.3319,"mcpPosition":[145.771,149.147,54.0034],"pipPosition":[164.726,158.619,21.3074],"stabilizedTipPosition":[144.563,162.053,16.8847],"timeVisible":0.086657,"tipPosition":[156.202,154.37,-5.80245],"tipVelocity":[2.40243,-110.329,-356.32],"tool":false,"touchDistance":0.819965,"touchZone":"hovering","type":1,"width":19.7926},{"bases":[[[-0.761387,0.648182,-0.0122263],[0.28912,0.356374,0.888486],[-0.580258,-0.672947,0.458741]],[[-0.655867,0.749809,-0.0873261],[0.338718,0.395698,0.853635],[-0.674618,-0.530292,0.513499]],[[-0.655867,0.749809,-0.0873261],[0.451481,0.482342,0.750674],[-0.604983,-0.452916,0.654876]],[[-0.655867,0.749809,-0.0873261],[0.522121,0.534142,0.664893],[-0.545187,-0.390486,0.741816]]],"btipPosition":[185.434,205.322,6.71928],"carpPosition":[92.0911,118.622,89.498],"dipPosition":[176.143,198.667,19.3615],"direction":[0.604983,0.452916,-0.654876],"extended":true,"handId":53,"id":532,"length":60.7675,"mcpPosition":[131.052,163.807,58.6962],"pipPosition":[160.541,186.987,36.2499],"stabilizedTipPosition":[173.294,211.263,52.99],"timeVisible":0.086657,"tipPosition":[183.372,207.695,13.2231],"tipVelocity":[50.7622,-178.867,-500.846],"tool":false,"touchDistance":0.325898,"touchZone":"hovering","type":2,"width":19.439},{"bases":[[[-0.858092,0.513366,-0.0115284],[0.215339,0.380139,0.899513],[-0.466162,-0.769383,0.436742]],[[-0.756003,0.64795,-0.0928441],[0.181505,0.34379,0.921338],[-0.6289,-0.679683,0.377512]],[[-0.756003,0.64795,-0.0928441],[0.259096,0.426477,0.866595],[-0.601106,-0.631093,0.490299]],[[-0.756003,0.64795,-0.0928441],[0.332859,0.502685,0.797817],[-0.563617,-0.572248,0.595708]]],"btipPosition":[162.078,226.561,25.7251],"carpPosition":[83.842,127.088,89.7618],"dipPosition":[152.528,216.865,35.8189],"direction":[0.601106,0.631093,-0.490299],"extended":true,"handId":53,"id":533,"length":58.4295,"mcpPosition":[111.944,173.47,63.4332],"pipPosition":[137.427,201.01,48.1366],"stabilizedTipPosition":[159.397,220.649,53.012],"timeVisible":0.086657,"tipPosition":[158.962,226.843,30.6077],"tipVelocity":[55.8004,-102.63,-597.596],"tool":false,"touchDistance":1,"touchZone":"none","type":3,"width":18.4974},{"bases":[[[-0.929984,0.350954,-0.109369],[0.0372167,0.385882,0.921797],[-0.365712,-0.853186,0.371925]],[[-0.874808,0.458461,-0.156601],[0.0289825,0.372188,0.927705],[-0.483602,-0.807025,0.33888]],[[-0.874808,0.458461,-0.156601],[0.0836564,0.461336,0.883273],[-0.477192,-0.759593,0.441934]],[[-0.874808,0.458461,-0.156601],[0.112686,0.506931,0.854589],[-0.471182,-0.729955,0.49513]]],"btipPosition":[123.658,230.435,38.0268],"carpPosition":[71.9121,132.061,85.2274],"dipPosition":[116.292,219.024,45.7666],"direction":[0.477192,0.759593,-0.441934],"extended":true,"handId":53,"id":534,"length":45.8077,"mcpPosition":[92.3205,179.672,64.4723],"pipPosition":[107.828,205.551,53.6054],"stabilizedTipPosition":[124.762,218.393,61.4919],"timeVisible":0.086657,"tipPosition":[117.897,230.515,39.8566],"tipVelocity":[52.5023,20.9431,-571.057],"tool":false,"touchDistance":1,"touchZone":"none","type":4,"width":16.4309}],"r":[[0.711729,0.473251,-0.51911],[-0.574218,0.81763,-0.0418855],[0.404617,0.327893,0.853681]],"s":1.03316,"t":[15.5727,12.3,-40.73],"timestamp":237785460167},{"currentFrameRate":57.664,"devices":[],"gestures":[],"hands":[{"armBasis":[[-0.717533,0.647795,-0.255947],[0.683836,0.724996,-0.0821519],[-0.132343,0.233973,0.963194]],"armWidth":64.0186,"confidence":0.499052,"direction":[0.624654,0.700708,-0.344697],"elbow":[30.0807,173.515,345.627],"grabAngle":0.728035,"grabStrength":0,"id":53,"palmNormal":[-0.306218,-0.186263,-0.933561],"palmPosition":[110.879,149.441,55.6398],"palmVelocity":[-114.603,104.07,-417.339],"palmWidth":87.5681,"pinchDistance":24.2937,"pinchStrength":0.963862,"r":[[0.667226,0.491717,-0.559485],[-0.616388,0.786206,-0.0441117],[0.41818,0.374292,0.827666]],"s":1.02674,"sphereCenter":[135.023,146.672,11.7623],"sphereRadius":58.0782,"stabilizedPalmPosition":[109.831,140.753,87.7905],"t":[14.3956,14.0763,-47.997],"timeVisible":0.104032,"type":"left","wrist":[64.4696,112.718,95.3455]}],"id":66093,"interactionBox":{"center":[0,200,0],"size":[235.247,235.247,147.751]},"pointables":[{"bases":[[[0.106714,0.580463,0.807264],[0.471295,-0.744428,0.472979],[-0.875496,-0.329986,0.35301]],[[0.451942,0.664353,0.595301],[0.65657,-0.699495,0.282176],[-0.603874,-0.26333,0.752325]],[[0.451942,0.664353,0.595301],[0.672209,-0.692334,0.262312],[-0.586416,-0.281617,0.759479]],[[0.451942,0.664353,0.595301],[0.844143,-0.534257,-0.0446307],[-0.288393,-0.52269,0.802262]]],"btipPosition":[142.15