{"frames":94,"data":[{"currentFrameRate":109.769,"devices":[],"gestures":[],"hands":[{"armBasis":[[0.625428,-0.244351,-0.741035],[0.520507,0.83817,0.162923],[0.581303,-0.48761,0.651401]],"armWidth":51.6826,"confidence":1,"direction":[-0.413173,0.0327273,-0.910064],"elbow":[251.33,41.2051,221.59],"grabAngle":2.70678,"grabStrength":0.808399,"id":97,"palmNormal":[-0.405269,-0.901544,0.151573],"palmPosition":[85.1067,157.377,21.3802],"palmVelocity":[-9.30645,-0.989925,6.80704],"palmWidth":76.2329,"pinchDistance":17.9933,"pinchStrength":1,"r":[[0.869018,0.0667918,-0.490251],[-0.333211,0.811468,-0.480095],[0.365757,0.580568,0.727436]],"s":1.16325,"sphereCenter":[67.6338,118.221,13.8538],"sphereRadius":38.3666,"stabilizedPalmPosition":[87.0911,156.879,19.6972],"t":[-99.4263,2.14717,123.287],"timeVisible":18.4715,"type":"right","wrist":[119.833,151.508,74.2358]}],"id":127217,"interactionBox":{"center":[0,200,0],"size":[235.247,235.247,147.751]},"pointables":[{"bases":[[[0.610016,0.639139,-0.468382],[-0.313823,0.737637,0.597835],[0.727596,-0.217701,0.650547]],[[0.286029,0.67384,-0.681269],[-0.584202,0.686185,0.433426],[0.759536,0.274027,0.589927]],[[0.286029,0.67384,-0.681269],[-0.691528,0.637314,0.340028],[0.663307,0.373859,0.648269]],[[0.286029,0.67384,-0.681269],[-0.797315,0.561712,0.220837],[0.531486,0.48002,0.697928]]],"btipPosition":[26.6518,126.408,15.0623],"carpPosition":[88.5141,158.458,72.7355],"dipPosition":[37.3314,136.053,29.0864],"direction":[-0.663307,-0.373859,-0.648269],"extended":false,"handId":97,"id":970,"length":44.7461,"mcpPosition":[88.5141,158.458,72.7355],"pipPosition":[56.7489,146.998,48.0637],"stabilizedTipPosition":[29.1108,130.553,16.0037],"timeVisible":18.4715,"tipPosition":[29.0078,127.607,18.8236],"tipVelocity":[-9.95204,-0.135166,11.659],"tool":false,"touchDistance":-0.151561,"touchZone":"touching","type":0,"width":16.187},{"bases":[[[0.771376,-0.601657,-0.207336],[0.520107,0.783777,-0.339385],[0.366699,0.153957,0.917513]],[[0.791977,-0.591342,-0.151945],[-0.226794,-0.0538712,-0.972452],[0.566866,0.804619,-0.176778]],[[0.791977,-0.591342,-0.151945],[-0.600055,-0.79982,-0.0148877],[-0.112725,0.102966,-0.988277]],[[0.791977,-0.591342,-0.151945],[-0.408796,-0.698435,0.58743],[-0.453496,-0.403116,-0.794883]]],"btipPosition":[81.1982,127.493,43.5512],"carpPosition":[112.233,162.421,48.6648],"dipPosition":[73.9234,121.026,30.7999],"direction":[0.112725,-0.102966,0.988277],"extended":false,"handId":97,"id":973,"length":55.3171,"mcpPosition":[92.9879,154.341,0.512962],"pipPosition":[71.2423,123.475,7.29434],"stabilizedTipPosition":[77.716,131.984,41.9202],"timeVisible":18.4715,"tipPosition":[82.4426,128.448,41.9188],"tipVelocity":[-10.8669,-1.58967,7.57868],"tool":false,"touchDistance":0.333333,"touchZone":"none","type":3,"width":14.45},{"bases":[[[0.712022,-0.700971,-0.0408049],[0.664092,0.691158,-0.2851],[0.228049,0.175899,0.957629]],[[0.677488,-0.717581,-0.161514],[-0.229636,0.00226007,-0.973274],[0.698768,0.696471,-0.163251]],[[0.677488,-0.717581,-0.161514],[-0.732118,-0.679021,-0.0541628],[-0.0708051,0.154942,-0.985383]],[[0.677488,-0.717581,-0.161514],[-0.529976,-0.628505,0.569304],[-0.510034,-0.300098,-0.806106]]],"btipPosition":[95.0685,124.565,34.4676],"carpPosition":[118.624,152.415,47.557],"dipPosition":[87.5204,120.124,22.5379],"direction":[0.0708051,-0.154942,0.985383],"extended":false,"handId":97,"id":974,"length":43.3675,"mcpPosition":[107.545,143.87,1.03448],"pipPosition":[86.3313,122.726,5.99057],"stabilizedTipPosition":[92.7469,126.899,31.1709],"timeVisible":18.4715,"tipPosition":[93.8881,126.042,32.4412],"tipVelocity":[-11.0453,-1.80155,7.39818],"tool":false,"touchDistance":0.333333,"touchZone":"none","type":4,"width":12.8356},{"bases":[[[0.734553,-0.419827,-0.533083],[0.320054,0.907102,-0.273371],[0.598329,0.0301904,0.800682]],[[0.752513,-0.418707,-0.508339],[-0.0904452,0.698856,-0.709521],[0.652337,0.579901,0.488028]],[[0.752513,-0.418707,-0.508339],[-0.562145,-0.00625173,-0.827015],[0.343099,0.9081,-0.240079]],[[0.752513,-0.418707,-0.508339],[-0.649825,-0.346653,-0.676431],[0.107009,0.839354,-0.532948]]],"btipPosition":[27.3277,116.196,4.93314],"carpPosition":[96.9598,170.605,59.487],"dipPosition":[28.8974,128.509,-2.88486],"direction":[-0.343099,-0.9081,0.240079],"extended":false,"handId":97,"id":971,"length":50.491,"mcpPosition":[60.08,168.744,10.1347],"pipPosition":[36.0175,147.354,-7.86703],"stabilizedTipPosition":[28.1278,124.439,1.22332],"timeVisible":18.4715,"tipPosition":[28.5927,119.419,5.74014],"tipVelocity":[-13.3564,1.09022,8.41498],"tool":false,"touchDistance":0.333333,"touchZone":"none","type":1,"width":15.4618},{"bases":[[[0.74324,-0.560335,-0.36554],[0.45269,0.823509,-0.341914],[0.492612,0.088648,0.865722]],[[0.688127,-0.566508,-0.453377],[-0.0428341,0.592033,-0.804775],[0.724325,0.573207,0.383128]],[[0.688127,-0.566508,-0.453377],[-0.590073,-0.0732955,-0.804016],[0.422251,0.82079,-0.384717]],[[0.688127,-0.566508,-0.453377],[-0.707559,-0.385474,-0.592258],[0.160754,0.72834,-0.666093]]],"btipPosition":[32.9444,106.905,6.94235],"carpPosition":[104.617,167.599,53.2617],"dipPosition":[35.538,118.657,-3.80469],"direction":[-0.422251,-0.82079,0.384717],"extended":false,"handId":97,"id":972,"length":57.5304,"mcpPosition":[75.8227,162.418,2.65779],"pipPosition":[45.8473,138.696,-13.1975],"stabilizedTipPosition":[36.6287,114.241,5.78905],"timeVisible":18.4715,"tipPosition":[37.0826,109.333,9.81319],"tipVelocity":[-12.3342,1.1404,10.8213],"tool":false,"touchDistance":0.333333,"touchZone":"none","type":2,"width":15.1855}],"r":[[0.869018,0.0667918,-0.490251],[-0.333211,0.811468,-0.480095],[0.365757,0.580568,0.727436]],"s":1.16325,"t":[-99.4263,2.14717,123.287],"timestamp":7895525049},{"currentFrameRate":109.995,"devices":[],"gestures":[],"hands":[{"armBasis":[[0.624758,-0.245513,-0.741216],[0.520819,0.838286,0.161323],[0.581744,-0.486827,0.651593]],"armWidth":51.6826,"confidence":1,"direction":[-0.414085,0.0313047,-0.9097],"elbow":[251.418,41.4619,221.674],"grabAngle":2.70595,"grabStrength":0.8077,"id":97,"palmNormal":[-0.405196,-0.901264,0.153426],"palmPosition":[85.0433,157.378,21.4471],"palmVelocity":[-7.29496,0.0127888,7.6942],"palmWidth":76.2329,"pinchDistance":18.0221,"pinchStrength":1,"r":[[0.868784,0.0665369,-0.490702],[-0.333477,0.811161,-0.480429],[0.366072,0.581026,0.726911]],"s":1.16326,"sphereCenter":[67.5431,118.214,14.0041],"sphereRadius":38.3693,"stabilizedPalmPosition":[87.0819,156.881,19.7051],"t":[-99.4991,2.14152,123.347],"timeVisible":18.4801,"type":"right","wrist":[119.821,151.587,74.2773]}],"id":127218,"interactionBox":{"center":[0,200,0],"size":[235.247,235.247,147.751]},"pointables":[{"bases":[[[0.609601,0.638332,-0.470019],[-0.313157,0.738623,0.596967],[0.72823,-0.216722,0.650163]],[[0.285487,0.672725,-0.682597],[-0.58384,0.686899,0.432782],[0.760018,0.274973,0.588865]],[[0.285487,0.672725,-0.682597],[-0.691292,0.637851,0.339503],[0.663787,0.37495,0.647147]],[[0.285487,0.672725,-0.682597],[-0.797281,0.561944,0.220365],[0.531826,0.48131,0.696779]]],"btipPosition":[26.5991,126.393,15.2243],"carpPosition":[88.5024,158.54,72.7971],"dipPosition":[37.2855,136.064,29.2253],"direction":[-0.663787,-0.37495,-0.647147],"extended":false,"handId":97,"id":970,"length":44.7461,"mcpPosition":[88.5024,158.54,72.7971],"pipPosition":[56.7171,147.04,48.1697],"stabilizedTipPosition":[29.1107,130.549,16.0085],"timeVisible":18.4801,"tipPosition":[28.9394,127.61,18.9937],"tipVelocity":[-5.88776,-1.07213,18.0296],"tool":false,"touchDistance":-0.14895,"touchZone":"touching","type":0,"width":16.187},{"bases":[[[0.771115,-0.602057,-0.207146],[0.519834,0.783186,-0.341164],[0.367634,0.155395,0.916896]],[[0.791772,-0.591656,-0.151793],[-0.227456,-0.0549564,-0.972236],[0.566887,0.804316,-0.178089]],[[0.791772,-0.591656,-0.151793],[-0.600206,-0.79973,-0.013578],[-0.11336,0.101857,-0.988319]],[[0.791772,-0.591656,-0.151793],[-0.408588,-0.697742,0.588398],[-0.454041,-0.403857,-0.794195]]],"btipPosition":[81.1366,127.508,43.6553],"carpPosition":[112.197,162.462,48.6963],"dipPosition":[73.853,121.03,30.9151],"direction":[0.11336,-0.101857,0.988319],"extended":false,"handId":97,"id":973,"length":55.3171,"mcpPosition":[92.9032,154.307,0.576804],"pipPosition":[71.1568,123.453,7.40847],"stabilizedTipPosition":[77.7182,131.977,41.9187],"timeVisible":18.4801,"tipPosition":[82.3916,128.476,42.0321],"tipVelocity":[-7.31982,1.51113,12.2734],"tool":false,"touchDistance":0.333333,"touchZone":"none","type":3,"width":14.45},{"bases":[[[0.711919,-0.701099,-0.0403963],[0.663866,0.690641,-0.286875],[0.229027,0.177414,0.957116]],[[0.677243,-0.717905,-0.161104],[-0.230287,0.00113314,-0.973122],[0.698792,0.69614,-0.164557]],[[0.677243,-0.717905,-0.161104],[-0.73229,-0.678932,-0.0529385],[-0.0713736,0.153827,-0.985517]],[[0.677243,-0.717905,-0.161104],[-0.52976,-0.627744,0.570344],[-0.510584,-0.300915,-0.805453]]],"btipPosition":[95.0004,124.572,34.5658],"carpPosition":[118.586,152.455,47.5981],"dipPosition":[87.4442,120.119,22.6458],"direction":[0.0713736,-0.153827,0.985517],"extended":false,"handId":97,"id":974,"length":43.3675,"mcpPosition":[107.46,143.836,1.10048],"pipPosition":[86.2456,122.702,6.09621],"stabilizedTipPosition":[92.7477,126.894,31.1718],"timeVisible":18.4801,"tipPosition":[93.8323,126.056,32.5484],"tipVelocity":[-8.04854,0.412855,11.5597],"tool":false,"touchDistance":0.333333,"touchZone":"none","type":4,"width":12.8356},{"bases":[[[0.73398,-0.420747,-0.533147],[0.319858,0.906634,-0.275147],[0.599136,0.031421,0.80003]],[[0.75198,-0.419588,-0.508402],[-0.09046,0.698275,-0.710091],[0.65295,0.579964,0.487133]],[[0.75198,-0.419588,-0.508402],[-0.562484,-0.00628712,-0.826784],[0.343712,0.907693,-0.240739]],[[0.75198,-0.419588,-0.508402],[-0.650364,-0.346484,-0.676],[0.107488,0.838984,-0.533434]]],"btipPosition":[27.2116,116.192,5.06081],"carpPosition":[96.9358,170.665,59.5207],"dipPosition":[28.7884,128.499,-2.76433],"direction":[-0.343712,-0.907693,0.240739],"extended":false,"handId":97,"id":971,"length":50.491,"mcpPosition":[60.0064,168.729,10.2085],"pipPosition":[35.9212,147.336,-7.76021],"stabilizedTipPosition":[28.1266,124.427,1.22789],"timeVisible":18.4801,"tipPosition":[28.506,119.397,5.91243],"tipVelocity":[-13.1678,-0.622219,14.504],"tool":false,"touchDistance":0.333333,"touchZone":"none","type":1,"width":15.4618},{"bases":[[[0.742823,-0.560986,-0.365388],[0.452418,0.822919,-0.343689],[0.49349,0.0899923,0.865083]],[[0.687566,-0.567298,-0.453238],[-0.0430141,0.591273,-0.805323],[0.724846,0.573209,0.382138]],[[0.687566,-0.567298,-0.453238],[-0.590538,-0.0736721,-0.80364],[0.422512,0.82021,-0.385666]],[[0.687566,-0.567298,-0.453238],[-0.708156,-0.385898,-0.591267],[0.160521,0.727499,-0.667067]]],"btipPosition":[32.8384,106.904,7.09032],"carpPosition":[104.587,167.649,53.2925],"dipPosition":[35.4283,118.642,-3.67243],"direction":[-0.422512,-0.82021,0.385666],"extended":false,"handId":97,"id":972,"length":57.5304,"mcpPosition":[75.7409,162.389,2.72593],"pipPosition":[45.7439,138.667,-13.0884],"stabilizedTipPosition":[36.6232,114.233,5.78701],"timeVisible":18.4801,"tipPosition":[36.9896,109.32,9.98448],"tipVelocity":[-12.2938,-0.524968,16.6135],"tool":false,"touchDistance":0.333333,"touchZone":"none","type":2,"width":15.1855}],"r":[[0.868784,0.0665369,-0.490702],[-0.333477,0.811161,-0.480429],[0.366072,0.581026,0.726911]],"s":1.16326,"t":[-99.4991,2.14152,123.347],"timestamp":7895533738},{"currentFrameRate":110.273,"devices":[],"gestures":[],"hands":[{"armBasis":[[0.624053,-0.246441,-0.741502],[0.521229,0.838271,0.160067],[0.582132,-0.486383,0.651578]],"armWidth":51.6826,"confidence":1,"direction":[-0.414323,0.0306457,-0.909614],"elbow":[251.475,41.6194,221.719],"grabAngle":2.70543,"grabStrength":0.807447,"id":97,"palmNormal":[-0.405636,-0.900898,0.154412],"palmPosition":[84.9964,157.401,21.5017],"palmVelocity":[-5.47064,2.72759,6.37083],"palmWidth":76.2329,"pinchDistance":18.0434,"pinchStrength":1,"r":[[0.868575,0.0661446,-0.491123],[-0.33363,0.810857,-0.480834],[0.366426,0.581494,0.726358]],"s":1.16327,"sphereCenter":[67.4596,118.243,14.1034],"sphereRadius":38.3712,"stabilizedPalmPosition":[87.0737,156.883,19.7122],"t":[-99.559,2.15039,123.405],"timeVisible":18.4887,"type":"right","wrist":[119.79,151.644,74.3252]}],"id":127219,"interactionBox":{"center":[0,200,0],"size":[235.247,235.247,147.751]},"pointables":[{"bases":[[[0.609812,0.63755,-0.470807],[-0.312594,0.739368,0.596339],[0.728296,-0.216482,0.65017]],[[0.285695,0.671912,-0.68331],[-0.583325,0.687648,0.432287],[0.760336,0.27509,0.588401]],[[0.285695,0.671912,-0.68331],[-0.690964,0.638498,0.338953],[0.664039,0.375305,0.646682]],[[0.285695,0.671912,-0.68331],[-0.797208,0.562333,0.219637],[0.531825,0.481991,0.696309]]],"btipPosition":[26.5465,126.435,15.3192],"carpPosition":[88.4705,158.611,72.8496],"dipPosition":[37.2329,136.12,29.3108],"direction":[-0.664039,-0.375305,-0.646682],"extended":false,"handId":97,"id":970,"length":44.7461,"mcpPosition":[88.4705,158.611,72.8496],"pipPosition":[56.6719,147.107,48.2417],"stabilizedTipPosition":[29.1105,130.546,16.0129],"timeVisible":18.4887,"tipPosition":[28.876,127.662,19.0924],"tipVelocity":[-6.12857,5.30033,10.822],"tool":false,"touchDistance":-0.147404,"touchZone":"touching","type":0,"width":16.187},{"bases":[[[0.770734,-0.602671,-0.206778],[0.520158,0.782576,-0.342068],[0.367974,0.156086,0.916642]],[[0.791412,-0.592227,-0.15144],[-0.22747,-0.0553686,-0.97221],[0.567383,0.803867,-0.178533]],[[0.791412,-0.592227,-0.15144],[-0.60069,-0.799375,-0.0130934],[-0.113303,0.101331,-0.98838]],[[0.791412,-0.592227,-0.15144],[-0.409044,-0.697173,0.588755],[-0.454257,-0.404002,-0.793998]]],"btipPosition":[81.0653,127.539,43.7261],"carpPosition":[112.16,162.497,48.7384],"dipPosition":[73.7783,121.059,30.989],"direction":[0.113303,-0.101331,0.98838],"extended":false,"handId":97,"id":973,"length":55.3171,"mcpPosition":[92.8488,154.306,0.632224],"pipPosition":[71.0834,123.469,7.48095],"stabilizedTipPosition":[77.7201,131.97,41.9174],"timeVisible":18.4887,"tipPosition":[82.33,128.517,42.1133],"tipVelocity":[-8.40937,3.55622,8.33549],"tool":false,"touchDistance":0.333333,"touchZone":"none","type":3,"width":14.45},{"bases":[[[0.711532,-0.701519,-0.039916],[0.664155,0.690007,-0.287729],[0.22939,0.178218,0.95688]],[[0.676795,-0.718429,-0.16065],[-0.230272,0.000675824,-0.973126],[0.69923,0.6956,-0.164977]],[[0.676795,-0.718429,-0.16065],[-0.732714,-0.678506,-0.0525318],[-0.0712614,0.153264,-0.985613]],[[0.676795,-0.718429,-0.16065],[-0.530154,-0.627055,0.570735],[-0.510769,-0.301102,-0.805266]]],"btipPosition":[94.9281,124.592,34.6389],"carpPosition":[118.544,152.485,47.6481],"dipPosition":[87.3691,120.136,22.7217],"direction":[0.0712614,-0.153264,0.985613],"extended":false,"handId":97,"id":974,"length":43.3675,"mcpPosition":[107.4,143.827,1.16198],"pipPosition":[86.1724,122.71,6.17046],"stabilizedTipPosition":[92.7483,126.89,31.1728],"timeVisible":18.4887,"tipPosition":[93.771,126.082,32.63],"tipVelocity":[-8.50738,2.29132,8.59803],"tool":false,"touchDistance":0.333333,"touchZone":"none","type":4,"width":12.8356},{"bases":[[[0.733605,-0.421656,-0.532944],[0.320267,0.906195,-0.276114],[0.599377,0.0318746,0.799832]],[[0.751558,-0.420487,-0.508282],[-0.0898283,0.698102,-0.710341],[0.653522,0.579521,0.486892]],[[0.751558,-0.420487,-0.508282],[-0.562475,-0.00591713,-0.826793],[0.344648,0.907279,-0.24096]],[[0.751558,-0.420487,-0.508282],[-0.650707,-0.345993,-0.675921],[0.108354,0.838737,-0.533648]]],"btipPosition":[27.1144,116.246,5.12802],"carpPosition":[96.9067,170.719,59.5591],"dipPosition":[28.7039,128.55,-2.70025],"direction":[-0.344648,-0.907279,0.24096],"extended":false,"handId":97,"id":971,"length":50.491,"mcpPosition":[59.9624,168.754,10.2591],"pipPosition":[35.8561,147.378,-7.70071],"stabilizedTipPosition":[28.1251,124.415,1.23263],"timeVisible":18.4887,"tipPosition":[28.4312,119.435,6.01074],"tipVelocity":[-10.9956,6.25384,7.75475],"tool":false,"touchDistance":0.333333,"touchZone":"none","type":1,"width":15.4618},{"bases":[[[0.74242,-0.561738,-0.365052],[0.452762,0.822343,-0.344613],[0.49378,0.0905655,0.864858]],[[0.687038,-0.568111,-0.453022],[-0.0425605,0.590929,-0.8056],[0.725374,0.572759,0.381812]],[[0.687038,-0.568111,-0.453022],[-0.590685,-0.073581,-0.80354],[0.423166,0.819656,-0.386128]],[[0.687038,-0.568111,-0.453022],[-0.708604,-0.385866,-0.590752],[0.160807,0.726882,-0.66767]]],"btipPosition":[32.7465,106.956,7.1772],"carpPosition":[104.554,167.693,53.3317],"dipPosition":[35.3411,118.684,-3.59529],"direction":[-0.423166,-0.819656,0.386128],"extended":false,"handId":97,"id":972,"length":57.5304,"mcpPosition":[75.6915,162.399,2.77831],"pipPosition":[45.6726,138.696,-13.0226],"stabilizedTipPosition":[36.6176,114.226,5.78516],"timeVisible":18.4887,"tipPosition":[36.905,109.359,10.0858],"tipVelocity":[-10.5895,5.83976,9.87061],"tool":false,"touchDistance":0.333333,"touchZone":"none","type":2,"width":15.1855}],"r":[[0.868575,0.0661446,-0.491123],[-0.33363,0.810857,-0.480834],[0.366426,0.581494,0.726358]],"s":1.16327,"t":[-99.559,2.15039,123.405],"timestamp":7895542313},{"currentFrameRate":110.387,"devices":[],"gestures":[],"hands":[{"armBasis":[[0.623913,-0.246412,-0.741629],[0.521093,0.838404,0.159816],[0.582404,-0.486169,0.651494]],"armWidth":51.6826,"confidence":1,"direction":[-0.414441,0.0299293,-0.909584],"elbow":[251.5,41.7305,221.752],"grabAngle":2.70512,"grabStrength":0.807223,"id":97,"palmNormal":[-0.405344,-0.90092,0.155046],"palmPosition":[84.951,157.423,21.5557],"palmVelocity":[-5.1206,2.47179,6.08957],"palmWidth":76.2329,"pinchDistance":18.0649,"pinchStrength":1,"r":[[0.868393,0.0658195,-0.49149],[-0.333813,0.810532,-0.481256],[0.366692,0.581985,0.725831]],"s":1.16327,"sphereCenter":[67.4113,118.259,14.1886],"sphereRadius":38.3716,"stabilizedPalmPosition":[87.0659,156.885,19.719],"t":[-99.6116,2.16578,123.46],"timeVisible":18.4976,"type":"right","wrist":[119.754,151.707,74.3766]}],"id":127220,"interactionBox":{"center":[0,200,0],"size":[235.247,235.247,147.751]},"pointables":[{"bases":[[[0.609562,0.637429,-0.471295],[-0.312747,0.73966,0.595896],[0.728439,-0.215839,0.650223]],[[0.285499,0.671559,-0.683738],[-0.583472,0.687773,0.43189],[0.760296,0.275638,0.588195]],[[0.285499,0.671559,-0.683738],[-0.691058,0.638565,0.338635],[0.664025,0.375823,0.646396]],[[0.285499,0.671559,-0.683738],[-0.797426,0.562192,0.219207],[0.531603,0.482647,0.696025]]],"btipPosition":[26.5135,126.44,15.3947],"carpPosition":[88.431,158.668,72.9024],"dipPosition":[37.1954,136.138,29.3805],"direction":[-0.664025,-0.375823,-0.646396],"extended":false,"handId":97,"id":970,"length":44.7461,"mcpPosition":[88.431,158.668,72.9024],"pipPosition":[56.634,147.14,48.303],"stabilizedTipPosition":[29.1103,130.544,16.0165],"timeVisible":18.4976,"tipPosition":[28.8395,127.666,19.1721],"tipVelocity":[-3.84532,0.910413,8.36696],"tool":false,"touchDistance":-0.146169,"touchZone":"touching","type":0,"width":16.187},{"bases":[[[0.770892,-0.602571,-0.206479],[0.519879,0.782512,-0.342639],[0.368036,0.156793,0.916496]],[[0.791574,-0.592085,-0.151151],[-0.227296,-0.0556811,-0.972232],[0.567228,0.80395,-0.178654]],[[0.791574,-0.592085,-0.151151],[-0.600486,-0.799533,-0.0128194],[-0.11326,0.100912,-0.988428]],[[0.791574,-0.592085,-0.151151],[-0.408912,-0.697048,0.588995],[-0.454094,-0.404425,-0.793876]]],"btipPosition":[81.0207,127.564,43.7849],"carpPosition":[112.117,162.545,48.7857],"dipPosition":[73.7363,121.076,31.0498],"direction":[0.11326,-0.100912,0.988428],"extended":false,"handId":97,"id":973,"length":55.3171,"mcpPosition":[92.8019,154.317,0.687235],"pipPosition":[71.0425,123.476,7.5406],"stabilizedTipPosition":[77.7219,131.963,41.9162],"timeVisible":18.4976,"tipPosition":[82.2917,128.548,42.1844],"tipVelocity":[-4.96611,2.56772,6.69299],"tool":false,"touchDistance":0.333333,"touchZone":"none","type":3,"width":14.45},{"bases":[[[0.71174,-0.701329,-0.039546],[0.663911,0.690021,-0.288257],[0.229451,0.178909,0.956736]],[[0.676976,-0.718333,-0.160319],[-0.230093,0.000347878,-0.973169],[0.699115,0.6957,-0.165048]],[[0.676976,-0.718333,-0.160319],[-0.73256,-0.678679,-0.0524451],[-0.071132,0.152947,-0.985671]],[[0.676976,-0.718333,-0.160319],[-0.53007,-0.626968,0.570908],[-0.510617,-0.301511,-0.805209]]],"btipPosition":[94.8835,124.616,34.7013],"carpPosition":[118.503,152.534,47.7012],"dipPosition":[87.3268,120.154,22.7849],"direction":[0.071132,-0.152947,0.985671],"extended":false,"handId":97,"id":974,"length":43.3675,"mcpPosition":[107.356,143.843,1.22204],"pipPosition":[86.1323,122.722,6.23268],"stabilizedTipPosition":[92.7487,126.886,31.1738],"timeVisible":18.4976,"tipPosition":[93.7357,126.111,32.7023],"tipVelocity":[-4.97539,2.53342,7.06304],"tool":false,"touchDistance":0.333333,"touchZone":"none","type":4,"width":12.8356},{"bases":[[[0.733669,-0.42178,-0.532758],[0.319959,0.906113,-0.276741],[0.599463,0.0325758,0.799739]],[[0.751521,-0.420597,-0.508247],[-0.0897315,0.69808,-0.710375],[0.653579,0.579467,0.486881]],[[0.751521,-0.420597,-0.508247],[-0.562411,-0.00576707,-0.826838],[0.344835,0.907229,-0.240882]],[[0.751521,-0.420597,-0.508247],[-0.650739,-0.346,-0.675887],[0.108423,0.838679,-0.533725]]],"btipPosition":[27.0573,116.257,5.17755],"carpPosition":[96.8618,170.769,59.6029],"dipPosition":[28.6478,128.56,-2.65186],"direction":[-0.344835,-0.907229,0.240882],"extended":false,"handId":97,"id":971,"length":50.491,"mcpPosition":[59.9122,168.761,10.3087],"pipPosition":[35.8039,147.387,-7.65071],"stabilizedTipPosition":[28.1236,124.403,1.23734],"timeVisible":18.4976,"tipPosition":[28.3926,119.428,6.08787],"tipVelocity":[-6.42162,1.20681,5.56114],"tool":false,"touchDistance":0.333333,"touchZone":"none","type":1,"width":15.4618},{"bases":[[[0.742547,-0.56175,-0.364776],[0.452471,0.822257,-0.345201],[0.493856,0.0912769,0.86474]],[[0.687047,-0.568203,-0.452893],[-0.0428154,0.590553,-0.805863],[0.725351,0.573056,0.38141]],[[0.687047,-0.568203,-0.452893],[-0.590735,-0.0738698,-0.803477],[0.423083,0.819566,-0.386409]],[[0.687047,-0.568203,-0.452893],[-0.7087,-0.386471,-0.590241],[0.160346,0.726489,-0.668209]]],"btipPosition":[32.7078,106.959,7.26124],"carpPosition":[104.51,167.741,53.3766],"dipPosition":[35.2949,118.681,-3.51994],"direction":[-0.423083,-0.819566,0.386409],"extended":false,"handId":97,"id":972,"length":57.5304,"mcpPosition":[75.6423,162.406,2.83013],"pipPosition":[45.6245,138.691,-12.9541],"stabilizedTipPosition":[36.6131,114.219,5.78379],"timeVisible":18.4976,"tipPosition":[36.8697,109.359,10.1719],"tipVelocity":[-4.56082,0.189515,9.26193],"tool":false,"touchDistance":0.333333,"touchZone":"none","type":2,"width":15.1855}],"r":[[0.868393,0.0658195,-0.49149],[-0.333813,0.810532,-0.481256],[0.366692,0.581985,0.725831]],"s":1.16327,"t":[-99.6116,2.16578,123.46],"timestamp":7895551171},{"currentFrameRate":110.704,"devices":[],"gestures":[],"hands":[{"armBasis":[[0.623693,-0.246495,-0.741787],[0.521071,0.83848,0.159489],[0.58266,-0.485996,0.651395]],"armWidth":51.6826,"confidence":1,"direction":[-0.414413,0.0303057,-0.909584],"elbow":[251.525,41.774,221.768],"grabAngle":2.70505,"grabStrength":0.807279,"id":97,"palmNormal":[-0.405512,-0.900897,0.154738],"palmPosition":[84.9169,157.446,21.5959],"palmVelocity":[-4.02183,2.74462,4.74732],"palmWidth":76.2329,"pinchDistance":18.0674,"pinchStrength":1,"r":[[0.868251,0.0655598,-0.491774],[-0.333928,0.810315,-0.481541],[0.366922,0.582315,0.725449]],"s":1.16324,"sphereCenter":[67.3564,118.299,14.2203],"sphereRadius":38.3656,"stabilizedPalmPosition":[87.0589,156.887,19.7251],"t":[-99.655,2.18509,123.508],"timeVisible":18.5061,"type":"right","wrist":[119.721,151.711,74.4156]}],"id":127221,"interactionBox":{"center":[0,200,0],"size":[235.247,235.247,147.751]},"pointables":[{"bases":[[[0.60969,0.637473,-0.471069],[-0.312626,0.739521,0.596133],[0.728384,-0.216188,0.650169]],[[0.285615,0.671732,-0.683521],[-0.583495,0.687682,0.432003],[0.760235,0.275445,0.588365]],[[0.285615,0.671732,-0.683521],[-0.691046,0.638519,0.338747],[0.663988,0.375593,0.646568]],[[0.285615,0.671732,-0.683521],[-0.797506,0.562098,0.219159],[0.531421,0.482517,0.696253]]],"btipPosition":[26.4857,126.463,15.4187],"carpPosition":[88.3959,158.673,72.9431],"dipPosition":[37.164,136.159,29.4091],"direction":[-0.663988,-0.375593,-0.646568],"extended":false,"handId":97,"id":970,"length":44.7461,"mcpPosition":[88.3959,158.673,72.9431],"pipPosition":[56.6014,147.154,48.3366],"stabilizedTipPosition":[29.1101,130.541,16.0205],"timeVisible":18.5061,"tipPosition":[28.8001,127.701,19.2005],"tipVelocity":[-3.38312,2.65425,2.95807],"tool":false,"touchDistance":-0.145751,"touchZone":"touching","type":0,"width":16.187},{"bases":[[[0.770787,-0.602644,-0.20666],[0.520031,0.782529,-0.342367],[0.368043,0.156423,0.916557]],[[0.791469,-0.59218,-0.151327],[-0.227157,-0.0551399,-0.972296],[0.56743,0.803917,-0.178159]],[[0.791469,-0.59218,-0.151327],[-0.600661,-0.799393,-0.0133501],[-0.113064,0.101463,-0.988394]],[[0.791469,-0.59218,-0.151327],[-0.409119,-0.697225,0.588642],[-0.454091,-0.403981,-0.794103]]],"btipPosition":[80.9741,127.574,43.8081],"carpPosition":[112.083,162.555,48.8283],"dipPosition":[73.6897,121.093,31.0694],"direction":[0.113064,-0.101463,0.988394],"extended":false,"handId":97,"id":973,"length":55.3171,"mcpPosition":[92.7678,154.345,0.726621],"pipPosition":[71.0006,123.506,7.561],"stabilizedTipPosition":[77.7239,131.956,41.9149],"timeVisible":18.5061,"tipPosition":[82.2495,128.563,42.214],"tipVelocity":[-5.49832,1.34266,2.64378],"tool":false,"touchDistance":0.333333,"touchZone":"none","type":3,"width":14.45},{"bases":[[[0.711612,-0.701446,-0.0397603],[0.664045,0.689995,-0.288013],[0.22946,0.178551,0.956801]],[[0.67684,-0.718406,-0.160562],[-0.229944,0.000868739,-0.973203],[0.699295,0.695624,-0.164605]],[[0.67684,-0.718406,-0.160562],[-0.732707,-0.678483,-0.0529352],[-0.0709097,0.153474,-0.985605]],[[0.67684,-0.718406,-0.160562],[-0.530269,-0.627109,0.570569],[-0.51059,-0.301043,-0.805401]]],"btipPosition":[94.8378,124.628,34.7259],"carpPosition":[118.468,152.543,47.7406],"dipPosition":[87.2815,120.173,22.8066],"direction":[0.0709097,-0.153474,0.985605],"extended":false,"handId":97,"id":974,"length":43.3675,"mcpPosition":[107.32,143.869,1.25833],"pipPosition":[86.0907,122.75,6.25554],"stabilizedTipPosition":[92.7492,126.882,31.1748],"timeVisible":18.5061,"tipPosition":[93.6953,126.127,32.732],"tipVelocity":[-5.37806,1.65219,2.82525],"tool":false,"touchDistance":0.333333,"touchZone":"none","type":4,"width":12.8356},{"bases":[[[0.733605,-0.421738,-0.53288],[0.320132,0.906146,-0.276434],[0.599449,0.0322018,0.799765]],[[0.75138,-0.420573,-0.508474],[-0.0893445,0.698631,-0.709882],[0.653793,0.578821,0.487361]],[[0.75138,-0.420573,-0.508474],[-0.562343,-0.00494887,-0.826889],[0.345251,0.907245,-0.240225]],[[0.75138,-0.420573,-0.508474],[-0.650843,-0.345333,-0.676127],[0.108768,0.838966,-0.533203]]],"btipPosition":[27.004,116.308,5.18188],"carpPosition":[96.8293,170.778,59.6478],"dipPosition":[28.5995,128.615,-2.63988],"direction":[-0.345251,-0.907245,0.240225],"extended":false,"handId":97,"id":971,"length":50.491,"mcpPosition":[59.8805,168.793,10.3521],"pipPosition":[35.7643,147.442,-7.62508],"stabilizedTipPosition":[28.1218,124.39,1.24249],"timeVisible":18.5061,"tipPosition":[28.3502,119.466,6.10942],"tipVelocity":[-6.15688,6.11516,0.719008],"tool":false,"touchDistance":0.333333,"touchZone":"none","type":1,"width":15.4618},{"bases":[[[0.742453,-0.561765,-0.364944],[0.452631,0.822288,-0.344918],[0.493852,0.0909007,0.864782]],[[0.68687,-0.568184,-0.453186],[-0.042722,0.590909,-0.805606],[0.725524,0.572708,0.381603]],[[0.68687,-0.568184,-0.453186],[-0.590804,-0.0733629,-0.803473],[0.423273,0.819625,-0.386076]],[[0.68687,-0.568184,-0.453186],[-0.7089,-0.386306,-0.590109],[0.160222,0.726591,-0.668127]]],"btipPosition":[32.6653,107.002,7.28541],"carpPosition":[104.477,167.75,53.4207],"dipPosition":[35.2504,118.725,-3.49446],"direction":[-0.423273,-0.819625,0.386076],"extended":false,"handId":97,"id":972,"length":57.5304,"mcpPosition":[75.6096,162.437,2.87177],"pipPosition":[45.5846,138.736,-12.9205],"stabilizedTipPosition":[36.608,114.213,5.7823],"timeVisible":18.5061,"tipPosition":[36.8259,109.395,10.1934],"tipVelocity":[-5.07195,5.05798,2.88807],"tool":false,"touchDistance":0.333333,"touchZone":"none","type":2,"width":15.1855}],"r":[[0.868251,0.0655598,-0.491774],[-0.333928,0.810315,-0.481541],[0.366922,0.582315,0.725449]],"s":1.16324,"t":[-99.655,2.18509,123.508],"timestamp":7895559643},{"currentFrameRate":110.768,"devices":[],"gestures":[],"hands":[{"armBasis":[[0.623267,-0.246677,-0.742084],[0.52137,0.838346,0.159217],[0.582848,-0.486135,0.651123]],"armWidth":51.6826,"confidence":1,"direction":[-0.414577,0.0308423,-0.909491],"elbow":[251.531,41.7274,221.753],"grabAngle":2.70483,"grabStrength":0.807201,"id":97,"palmNormal":[-0.405915,-0.90076,0.154484],"palmPosition":[84.8711,157.464,21.652],"palmVelocity":[-5.14354,1.9539,6.29366],"palmWidth":76.2329,"pinchDistance":18.0744,"pinchStrength":1,"r":[[0.868125,0.065305,-0.49203],[-0.333961,0.81021,-0.481696],[0.367191,0.582491,0.725173]],"s":1.16319,"sphereCenter":[67.2744,118.338,14.2697],"sphereRadius":38.3605,"stabilizedPalmPosition":[87.0523,156.888,19.7309],"t":[-99.6996,2.20346,123.56],"timeVisible":18.515,"type":"right","wrist":[119.685,151.696,74.4624]}],"id":127222,"interactionBox":{"center":[0,200,0],"size":[235.247,235.247,147.751]},"pointables":[{"bases":[[[0.609904,0.637355,-0.470952],[-0.312154,0.73945,0.596468],[0.728407,-0.216779,0.649946]],[[0.285802,0.671848,-0.683328],[-0.583204,0.687757,0.432277],[0.760388,0.274974,0.588387]],[[0.285802,0.671848,-0.683328],[-0.690819,0.638642,0.338977],[0.664143,0.375176,0.646651]],[[0.285802,0.671848,-0.683328],[-0.797404,0.562208,0.219248],[0.531474,0.482227,0.696414]]],"btipPosition":[26.4385,126.497,15.4679],"carpPosition":[88.3606,158.67,72.9989],"dipPosition":[37.1178,136.187,29.4616],"direction":[-0.664143,-0.375176,-0.646651],"extended":false,"handId":97,"id":970,"length":44.7461,"mcpPosition":[88.3606,158.67,72.9989],"pipPosition":[56.5598,147.17,48.3916],"stabilizedTipPosition":[29.1097,130.538,16.025],"timeVisible":18.515,"tipPosition":[28.7397,127.748,19.2558],"tipVelocity":[-5.26655,3.71076,5.61099],"tool":false,"touchDistance":-0.144917,"touchZone":"touching","type":0,"width":16.187},{"bases":[[[0.770456,-0.602937,-0.207034],[0.52034,0.782406,-0.342179],[0.368298,0.155906,0.916543]],[[0.791155,-0.592504,-0.151702],[-0.227215,-0.0544449,-0.972322],[0.567845,0.803726,-0.1777]],[[0.791155,-0.592504,-0.151702],[-0.60109,-0.79906,-0.0139035],[-0.112981,0.102187,-0.988328]],[[0.791155,-0.592504,-0.151702],[-0.409466,-0.69736,0.58824],[-0.454326,-0.403272,-0.79433]]],"btipPosition":[80.9086,127.574,43.846],"carpPosition":[112.045,162.549,48.881],"dipPosition":[73.6204,121.104,31.1036],"direction":[0.112981,-0.102187,0.988328],"extended":false,"handId":97,"id":973,"length":55.3171,"mcpPosition":[92.7163,154.367,0.780041],"pipPosition":[70.9332,123.535,7.5968],"stabilizedTipPosition":[77.7259,131.948,41.9135],"timeVisible":18.515,"tipPosition":[82.1907,128.571,42.2584],"tipVelocity":[-7.45138,0.308959,4.15589],"tool":false,"touchDistance":0.333333,"touchZone":"none","type":3,"width":14.45},{"bases":[[[0.711268,-0.701773,-0.0401601],[0.66432,0.689782,-0.287887],[0.229733,0.178086,0.956822]],[[0.676454,-0.718674,-0.160991],[-0.229974,0.00154257,-0.973195],[0.699659,0.695345,-0.164233]],[[0.676454,-0.718674,-0.160991],[-0.733078,-0.678043,-0.053429],[-0.0707606,0.154161,-0.985509]],[[0.676454,-0.718674,-0.160991],[-0.530606,-0.627164,0.570196],[-0.510753,-0.300288,-0.80558]]],"btipPosition":[94.7703,124.628,34.7623],"carpPosition":[118.425,152.534,47.7883],"dipPosition":[87.2116,120.184,22.8404],"direction":[0.0707606,-0.154161,0.985509],"extended":false,"handId":97,"id":974,"length":43.3675,"mcpPosition":[107.264,143.883,1.305],"pipPosition":[86.0233,122.773,6.29091],"stabilizedTipPosition":[92.7496,126.877,31.1761],"timeVisible":18.515,"tipPosition":[93.6361,126.134,32.7741],"tipVelocity":[-7.63617,0.281659,4.01464],"tool":false,"touchDistance":0.333333,"touchZone":"none","type":4,"width":12.8356},{"bases":[[[0.733298,-0.421893,-0.53318],[0.320513,0.906094,-0.276161],[0.599621,0.031617,0.799659]],[[0.751033,-0.420749,-0.508842],[-0.0888143,0.699283,-0.709306],[0.654265,0.577904,0.487816]],[[0.751033,-0.420749,-0.508842],[-0.562355,-0.0037835,-0.826887],[0.345986,0.907169,-0.239452]],[[0.751033,-0.420749,-0.508842],[-0.651145,-0.344327,-0.67635],[0.109366,0.839291,-0.532569]]],"btipPosition":[26.92,116.372,5.20499],"carpPosition":[96.7973,170.775,59.7066],"dipPosition":[28.5243,128.684,-2.60746],"direction":[-0.345986,-0.907169,0.239452],"extended":false,"handId":97,"id":971,"length":50.491,"mcpPosition":[59.8379,168.827,10.4173],"pipPosition":[35.7043,147.51,-7.57662],"stabilizedTipPosition":[28.1194,124.376,1.24858],"timeVisible":18.515,"tipPosition":[28.2808,119.516,6.15629],"tipVelocity":[-9.19947,7.32833,2.83271],"tool":false,"touchDistance":0.333333,"touchZone":"none","type":1,"width":15.4618},{"bases":[[[0.742111,-0.561986,-0.365298],[0.452958,0.822198,-0.344702],[0.494065,0.0903425,0.864718]],[[0.686419,-0.56835,-0.453659],[-0.0424087,0.591491,-0.805195],[0.725968,0.571941,0.381908]],[[0.686419,-0.56835,-0.453659],[-0.591026,-0.0725423,-0.803384],[0.423694,0.819583,-0.385704]],[[0.686419,-0.56835,-0.453659],[-0.709329,-0.38581,-0.589918],[0.160254,0.726724,-0.667975]]],"btipPosition":[32.589,107.061,7.32106],"carpPosition":[104.442,167.747,53.4768],"dipPosition":[35.1746,118.787,-3.45635],"direction":[-0.423694,-0.819583,0.385704],"extended":false,"handId":97,"id":972,"length":57.5304,"mcpPosition":[75.5625,162.466,2.93156],"pipPosition":[45.5191,138.797,-12.8733],"stabilizedTipPosition":[36.6016,114.204,5.78056],"timeVisible":18.515,"tipPosition":[36.7506,109.44,10.2349],"tipVelocity":[-8.54694,6.72619,4.06266],"tool":false,"touchDistance":0.333333,"touchZone":"none","type":2,"width":15.1855}],"r":[[0.868125,0.065305,-0.49203],[-0.333961,0.81021,-0.481696],[0.367191,0.582491,0.725173]],"s":1.16319,"t":[-99.6996,2.20346,123.56],"timestamp":7895568558},{"currentFrameRate":111.101,"devices":[],"gestures":[],"hands":[{"armBasis":[[0.622801,-0.246898,-0.742401],[0.5219,0.838034,0.15912],[0.582871,-0.48656,0.650785]],"armWidth":51.6826,"confidence":1,"direction":[-0.414926,0.031617,-0.909306],"elbow":[251.518,41.6133,221.709],"grabAngle":2.70463,"grabStrength":0.80739,"id":97,"palmNormal":[-0.406455,-0.900572,0.154157],"palmPosition":[84.8344,157.494,21.7008],"palmVelocity":[-4.35649,3.67,5.80502],"palmWidth":76.2329,"pinchDistance":18.0766,"pinchStrength":1,"r":[[0.867993,0.0650387,-0.492299],[-0.333918,0.810223,-0.481704],[0.367542,0.582503,0.724985]],"s":1.16309,"sphereCenter":[67.1881,118.402,14.3093],"sphereRadius":38.3513,"stabilizedPalmPosition":[87.0464,156.89,19.7361],"t":[-99.7402,2.22809,123.611],"timeVisible":18.5234,"type":"right","wrist":[119.666,151.678,74.4948]}],"id":127223,"interactionBox":{"center":[0,200,0],"size":[235.247,235.247,147.751]},"pointables":[{"bases":[[[0.610139,0.637204,-0.470852],[-0.311416,0.739332,0.596999],[0.728526,-0.217622,0.649531]],[[0.285915,0.672027,-0.683105],[-0.582784,0.687821,0.432742],[0.760668,0.274375,0.588305]],[[0.285915,0.672027,-0.683105],[-0.690545,0.638739,0.339352],[0.66438,0.374689,0.64669]],[[0.285915,0.672027,-0.683105],[-0.797308,0.56227,0.219437],[0.531557,0.481905,0.696574]]],"btipPosition":[26.4032,126.544,15.5151],"carpPosition":[88.3457,158.67,73.047],"dipPosition":[37.0842,136.227,29.512],"direction":[-0.66438,-0.374689,-0.64669],"extended":false,"handId":97,"id":970,"length":44.7461,"mcpPosition":[88.3457,158.67,73.047],"pipPosition":[56.5332,147.196,48.4431],"stabilizedTipPosition":[29.1093,130.535,16.0294],"timeVisible":18.5234,"tipPosition":[28.6826,127.82,19.31],"tipVelocity":[-4.14549,5.31923,5.69098],"tool":false,"touchDistance":-0.144119,"touchZone":"touching","type":0,"width":16.187},{"bases":[[[0.769968,-0.60334,-0.207677],[0.520725,0.782245,-0.341963],[0.368775,0.155158,0.916478]],[[0.790696,-0.59295,-0.152348],[-0.227411,-0.0534276,-0.972332],[0.568405,0.803465,-0.177088]],[[0.790696,-0.59295,-0.152348],[-0.601694,-0.798592,-0.0146459],[-0.11298,0.103247,-0.988218]],[[0.790696,-0.59295,-0.152348],[-0.409852,-0.697547,0.58775],[-0.454776,-0.402292,-0.794569]]],"btipPosition":[80.847,127.58,43.8677],"carpPosition":[112.023,162.547,48.9215],"dipPosition":[73.5517,121.126,31.1215],"direction":[0.11298,-0.103247,0.988218],"extended":false,"handId":97,"id":973,"length":55.3171,"mcpPosition":[92.6691,154.404,0.824004],"pipPosition":[70.8645,123.582,7.61729],"stabilizedTipPosition":[77.7281,131.939,41.9121],"timeVisible":18.5234,"tipPosition":[82.1384,128.589,42.2905],"tipVelocity":[-7.51024,1.15399,2.47545],"tool":false,"touchDistance":0.333333,"touchZone":"none","type":3,"width":14.45},{"bases":[[[0.710781,-0.702227,-0.040833],[0.664665,0.689495,-0.287781],[0.230242,0.177409,0.956825]],[[0.675892,-0.719043,-0.161702],[-0.230133,0.002526,-0.973156],[0.700149,0.694961,-0.163768]],[[0.675892,-0.719043,-0.161702],[-0.733602,-0.677429,-0.0540221],[-0.0706974,0.155138,-0.98536]],[[0.675892,-0.719043,-0.161702],[-0.530995,-0.627254,0.569734],[-0.511091,-0.299216,-0.805764]]],"btipPosition":[94.7053,124.635,34.7807],"carpPosition":[118.395,152.529,47.8208],"dipPosition":[87.1416,120.207,22.8561],"direction":[0.0706974,-0.155138,0.98536],"extended":false,"handId":97,"id":974,"length":43.3675,"mcpPosition":[107.21,143.91,1.33732],"pipPosition":[85.9544,122.812,6.30911],"stabilizedTipPosition":[92.75,126.871,31.1775],"timeVisible":18.5234,"tipPosition":[93.5822,126.15,32.8014],"tipVelocity":[-7.85885,1.19404,2.11486],"tool":false,"touchDistance":0.333333,"touchZone":"none","type":4,"width":12.8356},{"bases":[[[0.732798,-0.422092,-0.533709],[0.321007,0.90603,-0.275796],[0.599968,0.0307785,0.799432]],[[0.750485,-0.420978,-0.50946],[-0.0881497,0.700222,-0.708462],[0.654982,0.576599,0.488398]],[[0.750485,-0.420978,-0.50946],[-0.562528,-0.00228205,-0.826775],[0.346891,0.907068,-0.238524]],[[0.750485,-0.420978,-0.50946],[-0.651675,-0.343125,-0.676451],[0.109962,0.839669,-0.53185]]],"btipPosition":[26.8324,116.47,5.219],"carpPosition":[96.785,170.778,59.7578],"dipPosition":[28.4454,128.788,-2.58291],"direction":[-0.346891,-0.907068,0.238524],"extended":false,"handId":97,"id":971,"length":50.491,"mcpPosition":[59.8043,168.88,10.4825],"pipPosition":[35.6442,147.612,-7.53282],"stabilizedTipPosition":[28.1167,124.361,1.25506],"timeVisible":18.5234,"tipPosition":[28.2096,119.592,6.19941],"tipVelocity":[-10.1711,11.8559,1.95348],"tool":false,"touchDistance":0.333333,"touchZone":"none","type":1,"width":15.4618},{"bases":[[[0.741586,-0.562283,-0.365907],[0.453368,0.822083,-0.344437],[0.494477,0.0895391,0.864567]],[[0.685794,-0.568565,-0.454336],[-0.0420328,0.592279,-0.804636],[0.726581,0.570911,0.382283]],[[0.685794,-0.568565,-0.454336],[-0.591439,-0.0715791,-0.803167],[0.424131,0.819518,-0.38536]],[[0.685794,-0.568565,-0.454336],[-0.709954,-0.385239,-0.589539],[0.160163,0.72686,-0.667849]]],"btipPosition":[32.5135,107.151,7.35048],"carpPosition":[104.425,167.747,53.5233],"dipPosition":[35.0977,118.878,-3.42491],"direction":[-0.424131,-0.819518,0.38536],"extended":false,"handId":97,"id":972,"length":57.5304,"mcpPosition":[75.5216,162.513,2.98693],"pipPosition":[45.4528,138.887,-12.8334],"stabilizedTipPosition":[36.5945,114.195,5.77871],"timeVisible":18.5234,"tipPosition":[36.6723,109.51,10.2697],"tipVelocity":[-9.01327,10.6781,3.55132],"tool":false,"touchDistance":0.333333,"touchZone":"none","type":2,"width":15.1855}],"r":[[0.867993,0.0650387,-0.492299],[-0.333918,0.810223,-0.481704],[0.367542,0.582503,0.724985]],"s":1.16309,"t":[-99.7402,2.22809,123.611],"timestamp":7895576972},{"currentFrameRate":111.257,"devices":[],"gestures":[],"hands":[{"armBasis":[[0.622894,-0.24592,-0.742649],[0.