{"frames":84,"data":[{"currentFrameRate":110.174,"devices":[],"gestures":[],"hands":[{"armBasis":[[0.774529,0.121175,-0.620824],[0.333288,0.756002,0.563364],[0.53761,-0.643255,0.545159]],"armWidth":51.6826,"confidence":1,"direction":[-0.270321,0.664875,-0.696324],"elbow":[219.48,20.1784,237.34],"grabAngle":3.14159,"grabStrength":0.942259,"id":97,"palmNormal":[-0.338837,-0.742679,-0.577596],"palmPosition":[71.2565,205.571,71.7776],"palmVelocity":[-1.70405,-1.39521,-1.73606],"palmWidth":76.2329,"pinchDistance":5.05542,"pinchStrength":1,"r":[[0.923325,0.352388,-0.152619],[-0.329187,0.930955,0.157982],[0.197753,-0.0956288,0.975576]],"s":0.960246,"sphereCenter":[53.5701,188.766,46.0273],"sphereRadius":30.5371,"stabilizedPalmPosition":[69.4177,205.854,72.4491],"t":[-113.342,50.3586,173.756],"timeVisible":15.185,"type":"right","wrist":[97.8668,165.689,114.019]}],"id":126844,"interactionBox":{"center":[0,200,0],"size":[235.247,235.247,147.751]},"pointables":[{"bases":[[[0.612947,0.761898,0.209302],[-0.468231,0.136885,0.872939],[0.63644,-0.633067,0.440647]],[[0.337404,0.940765,0.0334577],[-0.781033,0.259922,0.567828],[0.525496,-0.217719,0.822467]],[[0.337404,0.940765,0.0334577],[-0.855229,0.291486,0.428509],[0.393374,-0.173194,0.902918]],[[0.337404,0.940765,0.0334577],[-0.927582,0.326196,0.182177],[0.160472,-0.0925017,0.982696]]],"btipPosition":[29.9358,186.983,29.0212],"carpPosition":[66.6531,170.949,109.596],"dipPosition":[33.1603,185.124,48.7674],"direction":[-0.393374,0.173194,-0.902918],"extended":false,"handId":97,"id":970,"length":44.7461,"mcpPosition":[66.6531,170.949,109.596],"pipPosition":[44.6759,180.054,75.1993],"stabilizedTipPosition":[28.2316,189.056,33.8884],"timeVisible":15.185,"tipPosition":[28.5839,187.832,34.7723],"tipVelocity":[-0.239067,-6.9078,-0.504478],"tool":false,"touchDistance":0.0319442,"touchZone":"hovering","type":0,"width":16.187},{"bases":[[[0.842994,0.0329632,-0.536912],[0.273112,0.833678,0.479991],[0.463434,-0.551267,0.693783]],[[0.798653,0.081641,-0.596229],[-0.237338,0.95318,-0.187398],[0.553014,0.291174,0.780636]],[[0.798653,0.081641,-0.596229],[-0.589791,0.30306,-0.748532],[0.119582,0.949468,0.290191]],[[0.798653,0.081641,-0.596229],[-0.568878,-0.220745,-0.792243],[-0.196294,0.971909,-0.129855]]],"btipPosition":[27.304,177.814,34.2615],"carpPosition":[75.87,188.537,109.937],"dipPosition":[24.4245,192.071,32.3566],"direction":[-0.119582,-0.949468,-0.290191],"extended":false,"handId":97,"id":971,"length":50.491,"mcpPosition":[47.3049,222.515,67.1738],"pipPosition":[26.9061,211.775,38.3787],"stabilizedTipPosition":[26.3673,182.715,36.2852],"timeVisible":15.185,"tipPosition":[23.8716,185.626,29.9741],"tipVelocity":[-2.14822,-4.87445,-0.567225],"tool":false,"touchDistance":0.120004,"touchZone":"hovering","type":1,"width":15.4618},{"bases":[[[0.838862,-0.184426,-0.51215],[0.421807,0.814943,0.397425],[0.344078,-0.549413,0.761417]],[[0.857985,-0.217039,-0.465571],[-0.237333,0.636318,-0.734011],[0.45556,0.740266,0.494441]],[[0.857985,-0.217039,-0.465571],[-0.486852,-0.632641,-0.60228],[-0.163821,0.743411,-0.648462]],[[0.857985,-0.217039,-0.465571],[-0.279623,-0.957636,-0.0688778],[-0.430899,0.18928,-0.882326]]],"btipPosition":[56.6206,170.609,69.8991],"carpPosition":[84.6338,190.334,104.8],"dipPosition":[49.6683,173.663,55.6632],"direction":[0.163821,-0.743411,0.648462],"extended":false,"handId":97,"id":972,"length":57.5304,"mcpPosition":[64.5215,222.449,60.293],"pipPosition":[45.6686,191.814,39.8311],"stabilizedTipPosition":[55.4255,171.452,63.6368],"timeVisible":15.185,"tipPosition":[55.097,171.589,63.495],"tipVelocity":[-1.04512,-2.81985,-1.24364],"tool":false,"touchDistance":0.333333,"touchZone":"none","type":2,"width":15.1855},{"bases":[[[0.846152,-0.324172,-0.423012],[0.491416,0.781755,0.383888],[0.206246,-0.532702,0.820787]],[[0.856997,-0.355532,-0.373033],[-0.119986,0.566321,-0.815404],[0.501158,0.743558,0.442676]],[[0.856997,-0.355532,-0.373033],[-0.511725,-0.672511,-0.534664],[-0.0607788,0.649096,-0.758275]],[[0.856997,-0.355532,-0.373033],[-0.364389,-0.929947,0.0491786],[-0.364386,0.0937833,-0.926514]]],"btipPosition":[70.5492,171.928,72.1717],"carpPosition":[93.3072,189.437,99.3308],"dipPosition":[64.7039,173.432,57.3088],"direction":[0.0607788,-0.649096,0.758274],"extended":false,"handId":97,"id":973,"length":55.3171,"mcpPosition":[82.4832,217.394,56.2553],"pipPosition":[63.2583,188.87,39.2737],"stabilizedTipPosition":[69.8988,172.245,66.968],"timeVisible":15.185,"tipPosition":[69.9594,171.508,67.5978],"tipVelocity":[-0.0827701,-1.97565,0.360252],"tool":false,"touchDistance":0.333333,"touchZone":"none","type":3,"width":14.45},{"bases":[[[0.77143,-0.50833,-0.382747],[0.633319,0.671663,0.384417],[0.0616662,-0.538952,0.840076]],[[0.768304,-0.605271,-0.20822],[0.137389,0.473661,-0.869925],[0.625166,0.63976,0.447073]],[[0.768304,-0.605271,-0.20822],[-0.608455,-0.589621,-0.531159],[0.198724,0.534785,-0.821288]],[[0.768304,-0.605271,-0.20822],[-0.599845,-0.794364,0.0957711],[-0.22337,0.0513187,-0.973382]]],"btipPosition":[78.6811,179.71,66.6496],"carpPosition":[100.688,182.689,92.8369],"dipPosition":[75.3754,180.469,52.2444],"direction":[-0.198724,-0.534785,0.821288],"extended":false,"handId":97,"id":974,"length":43.3675,"mcpPosition":[97.6918,208.872,52.0252],"pipPosition":[78.7125,189.45,38.4526],"stabilizedTipPosition":[77.344,181.103,63.9103],"timeVisible":15.185,"tipPosition":[79.5944,177.96,61.9829],"tipVelocity":[-0.610328,-1.77802,-0.248218],"tool":false,"touchDistance":0.333333,"touchZone":"none","type":4,"width":12.8356}],"r":[[0.923325,0.352388,-0.152619],[-0.329187,0.930955,0.157982],[0.197753,-0.0956288,0.975576]],"s":0.960246,"t":[-113.342,50.3586,173.756],"timestamp":7892238591},{"currentFrameRate":110.55,"devices":[],"gestures":[],"hands":[{"armBasis":[[0.774601,0.121328,-0.620704],[0.33348,0.755556,0.56385],[0.537387,-0.643751,0.544794]],"armWidth":51.6826,"confidence":1,"direction":[-0.270901,0.664218,-0.696726],"elbow":[219.424,20.0735,237.254],"grabAngle":3.14159,"grabStrength":0.941689,"id":97,"palmNormal":[-0.338595,-0.743288,-0.576954],"palmPosition":[71.2232,205.543,71.7593],"palmVelocity":[-3.97537,-3.32528,-2.18479],"palmWidth":76.2329,"pinchDistance":5.06839,"pinchStrength":1,"r":[[0.92324,0.352524,-0.152824],[-0.329386,0.930954,0.157576],[0.197822,-0.0951424,0.97561]],"s":0.960227,"sphereCenter":[53.5309,188.711,46.0302],"sphereRadius":30.5352,"stabilizedPalmPosition":[69.4208,205.853,72.4479],"t":[-113.367,50.3299,173.738],"timeVisible":15.1934,"type":"right","wrist":[97.8613,165.697,114.016]}],"id":126845,"interactionBox":{"center":[0,200,0],"size":[235.247,235.247,147.751]},"pointables":[{"bases":[[[0.612584,0.762392,0.208564],[-0.468046,0.137258,0.87298],[0.636925,-0.632391,0.440917]],[[0.33675,0.94103,0.0325895],[-0.78118,0.259889,0.56764],[0.525697,-0.216611,0.822632]],[[0.33675,0.94103,0.0325895],[-0.855411,0.291278,0.428287],[0.393538,-0.172103,0.903055]],[[0.33675,0.94103,0.0325895],[-0.927769,0.325698,0.182113],[0.160759,-0.091562,0.982737]]],"btipPosition":[29.9142,186.883,29.0178],"carpPosition":[66.6504,170.946,109.605],"dipPosition":[33.1444,185.043,48.7648],"direction":[-0.393538,0.172103,-0.903055],"extended":false,"handId":97,"id":970,"length":44.7461,"mcpPosition":[66.6504,170.946,109.605],"pipPosition":[44.6648,180.005,75.2007],"stabilizedTipPosition":[28.2408,189.046,33.8871],"timeVisible":15.1934,"tipPosition":[28.5529,187.752,34.7777],"tipVelocity":[-2.42612,-11.4221,-0.389548],"tool":false,"touchDistance":0.0318898,"touchZone":"hovering","type":0,"width":16.187},{"bases":[[[0.842815,0.0330427,-0.537189],[0.272791,0.834179,0.479302],[0.463949,-0.550503,0.694044]],[[0.798427,0.0816544,-0.596529],[-0.238008,0.952869,-0.188131],[0.553052,0.292188,0.78023]],[[0.798427,0.0816544,-0.596529],[-0.590163,0.302374,-0.748516],[0.119256,0.949685,0.289613]],[[0.798427,0.0816544,-0.596529],[-0.569076,-0.221233,-0.791965],[-0.196639,0.971797,-0.130171]]],"btipPosition":[27.2703,177.729,34.2697],"carpPosition":[75.8576,188.539,109.93],"dipPosition":[24.3857,191.985,32.3602],"direction":[-0.119256,-0.949685,-0.289613],"extended":false,"handId":97,"id":971,"length":50.491,"mcpPosition":[47.2608,222.471,67.1504],"pipPosition":[26.8605,211.693,38.3703],"stabilizedTipPosition":[26.3704,182.693,36.253],"timeVisible":15.1934,"tipPosition":[23.8384,185.539,29.9867],"tipVelocity":[-4.16195,-10.172,0.846949],"tool":false,"touchDistance":0.120122,"touchZone":"hovering","type":1,"width":15.4618},{"bases":[[[0.838811,-0.184331,-0.512267],[0.421471,0.815467,0.396705],[0.344612,-0.548667,0.761713]],[[0.857966,-0.216899,-0.46567],[-0.237763,0.635888,-0.734245],[0.455371,0.740677,0.493999]],[[0.857966,-0.216899,-0.46567],[-0.486776,-0.632915,-0.602053],[-0.164145,0.743219,-0.648601]],[[0.857966,-0.216899,-0.46567],[-0.279274,-0.95777,-0.0684357],[-0.431161,0.188765,-0.882308]]],"btipPosition":[56.5944,170.565,69.8919],"carpPosition":[84.6189,190.338,104.789],"dipPosition":[49.6378,173.611,55.6563],"direction":[0.164145,-0.743219,0.648601],"extended":false,"handId":97,"id":972,"length":57.5304,"mcpPosition":[64.4753,222.409,60.2644],"pipPosition":[45.6302,191.757,39.8208],"stabilizedTipPosition":[55.424,171.451,63.6474],"timeVisible":15.1934,"tipPosition":[55.08,171.546,63.5109],"tipVelocity":[-3.24189,-5.47716,-0.851393],"tool":false,"touchDistance":0.333333,"touchZone":"none","type":2,"width":15.1855},{"bases":[[[0.846206,-0.324008,-0.42303],[0.491094,0.782308,0.383172],[0.206789,-0.53199,0.821112]],[[0.857083,-0.355325,-0.373031],[-0.120546,0.56566,-0.81578],[0.500876,0.744159,0.441985]],[[0.857083,-0.355325,-0.373031],[-0.51152,-0.673071,-0.534155],[-0.0612778,0.648629,-0.758634]],[[0.857083,-0.355325,-0.373031],[-0.363931,-0.930095,0.0497717],[-0.36464,0.0930993,-0.926483]]],"btipPosition":[70.5315,171.894,72.176],"carpPosition":[93.2911,189.442,99.3176],"dipPosition":[64.682,173.387,57.3136],"direction":[0.0612778,-0.648629,0.758634],"extended":false,"handId":97,"id":973,"length":55.3171,"mcpPosition":[82.4387,217.361,56.225],"pipPosition":[63.2246,188.815,39.27],"stabilizedTipPosition":[69.8962,172.245,66.9746],"timeVisible":15.1934,"tipPosition":[69.9435,171.477,67.6051],"tipVelocity":[-2.23372,-4.34482,0.527405],"tool":false,"touchDistance":0.333333,"touchZone":"none","type":3,"width":14.45},{"bases":[[[0.771599,-0.508178,-0.382609],[0.633059,0.672295,0.383739],[0.0622184,-0.538306,0.840449]],[[0.76858,-0.604994,-0.20801],[0.136864,0.473104,-0.870311],[0.624943,0.640434,0.44642]],[[0.76858,-0.604994,-0.20801],[-0.608231,-0.590201,-0.530771],[0.198345,0.534458,-0.821592]],[[0.76858,-0.604994,-0.20801],[-0.599436,-0.794614,0.0962544],[-0.223521,0.0507098,-0.973379]]],"btipPosition":[78.6554,179.676,66.6459],"carpPosition":[100.673,182.693,92.8264],"dipPosition":[75.3475,180.427,52.2407],"direction":[-0.198345,-0.534458,0.821592],"extended":false,"handId":97,"id":974,"length":43.3675,"mcpPosition":[97.6507,208.844,51.9966],"pipPosition":[78.6783,189.402,38.4438],"stabilizedTipPosition":[77.3489,181.092,63.9052],"timeVisible":15.1934,"tipPosition":[79.5727,177.93,61.9828],"tipVelocity":[-3.12823,-4.23994,-0.445471],"tool":false,"touchDistance":0.333333,"touchZone":"none","type":4,"width":12.8356}],"r":[[0.92324,0.352524,-0.152824],[-0.329386,0.930954,0.157576],[0.197822,-0.0951424,0.97561]],"s":0.960227,"t":[-113.367,50.3299,173.738],"timestamp":7892246970},{"currentFrameRate":110.705,"devices":[],"gestures":[],"hands":[{"armBasis":[[0.774455,0.120978,-0.620954],[0.334041,0.75536,0.56378],[0.537249,-0.644046,0.544581]],"armWidth":51.6826,"confidence":1,"direction":[-0.271315,0.663717,-0.697043],"elbow":[219.371,20.0121,237.204],"grabAngle":3.14159,"grabStrength":0.94099,"id":97,"palmNormal":[-0.338906,-0.743705,-0.576233],"palmPosition":[71.1804,205.524,71.7485],"palmVelocity":[-4.89,-2.18562,-1.24189],"palmWidth":76.2329,"pinchDistance":5.08736,"pinchStrength":1,"r":[[0.923152,0.352615,-0.153144],[-0.329531,0.930973,0.157157],[0.197989,-0.0946139,0.975627]],"s":0.960132,"sphereCenter":[53.4647,188.674,46.0468],"sphereRadius":30.5315,"stabilizedPalmPosition":[69.4242,205.853,72.4465],"t":[-113.401,50.3059,173.723],"timeVisible":15.2021,"type":"right","wrist":[97.8392,165.702,114.014]}],"id":126846,"interactionBox":{"center":[0,200,0],"size":[235.247,235.247,147.751]},"pointables":[{"bases":[[[0.612684,0.762555,0.207674],[-0.467551,0.137867,0.873149],[0.637193,-0.632063,0.441002]],[[0.336564,0.941129,0.0316219],[-0.781124,0.260274,0.56754],[0.525898,-0.215714,0.822738]],[[0.336564,0.941129,0.0316219],[-0.855397,0.291519,0.42815],[0.393726,-0.171149,0.903154]],[[0.336564,0.941129,0.0316219],[-0.927763,0.325662,0.18221],[0.161185,-0.090663,0.982751]]],"btipPosition":[29.8713,186.807,29.0264],"carpPosition":[66.63,170.953,109.621],"dipPosition":[33.1101,184.985,48.7737],"direction":[-0.393726,0.171149,-0.903154],"extended":false,"handId":97,"id":970,"length":44.7461,"mcpPosition":[66.63,170.953,109.621],"pipPosition":[44.636,179.975,75.2125],"stabilizedTipPosition":[28.2505,189.035,33.8858],"timeVisible":15.2021,"tipPosition":[28.4948,187.702,34.8007],"tipVelocity":[-4.67099,-8.18622,0.992469],"tool":false,"touchDistance":0.0320347,"touchZone":"hovering","type":0,"width":16.187},{"bases":[[[0.842507,0.0326819,-0.537693],[0.273044,0.834525,0.478554],[0.464359,-0.549999,0.69417]],[[0.798118,0.0812163,-0.597003],[-0.238278,0.952639,-0.188951],[0.553382,0.293058,0.77967]],[[0.798118,0.0812163,-0.597003],[-0.590538,0.301926,-0.748402],[0.119468,0.949865,0.288934]],[[0.798118,0.0812163,-0.597003],[-0.569606,-0.22122,-0.791587],[-0.196359,0.971836,-0.130299]]],"btipPosition":[27.2037,177.67,34.2971],"carpPosition":[75.837,188.547,109.928],"dipPosition":[24.3232,191.926,32.3857],"direction":[-0.119468,-0.949866,-0.288934],"extended":false,"handId":97,"id":971,"length":50.491,"mcpPosition":[47.2149,222.448,67.1412],"pipPosition":[26.8025,211.638,38.3817],"stabilizedTipPosition":[26.3728,182.669,36.2199],"timeVisible":15.2021,"tipPosition":[23.7747,185.485,30.0205],"tipVelocity":[-7.49116,-6.76802,3.08159],"tool":false,"touchDistance":0.120572,"touchZone":"hovering","type":1,"width":15.4618},{"bases":[[[0.838523,-0.184674,-0.512615],[0.421678,0.815759,0.395886],[0.345061,-0.548118,0.761905]],[[0.857705,-0.217209,-0.466006],[-0.23803,0.635633,-0.734379],[0.455722,0.740804,0.493483]],[[0.857705,-0.217209,-0.466006],[-0.487205,-0.632897,-0.601725],[-0.164234,0.743143,-0.648664]],[[0.857705,-0.217209,-0.466006],[-0.279428,-0.957764,-0.0678782],[-0.43158,0.188434,-0.882174]]],"btipPosition":[56.539,170.54,69.8936],"carpPosition":[84.5953,190.342,104.781],"dipPosition":[49.5756,173.58,55.6602],"direction":[0.164234,-0.743143,0.648664],"extended":false,"handId":97,"id":972,"length":57.5304,"mcpPosition":[64.4255,222.381,60.2454],"pipPosition":[45.5659,191.724,39.8231],"stabilizedTipPosition":[55.4221,171.45,63.6589],"timeVisible":15.2021,"tipPosition":[55.0332,171.52,63.5383],"tipVelocity":[-6.50323,-3.06177,0.256125],"tool":false,"touchDistance":0.333333,"touchZone":"none","type":2,"width":15.1855},{"bases":[[[0.845973,-0.324287,-0.423283],[0.491294,0.782592,0.382336],[0.207271,-0.531402,0.821371]],[[0.856879,-0.355569,-0.373268],[-0.121026,0.565078,-0.816112],[0.50111,0.744484,0.441171]],[[0.856879,-0.355569,-0.373268],[-0.511826,-0.67328,-0.5336],[-0.0615826,0.648279,-0.758909]],[[0.856879,-0.355569,-0.373268],[-0.364008,-0.930036,0.0503146],[-0.365043,0.0927592,-0.926358]]],"btipPosition":[70.4842,171.865,72.1861],"carpPosition":[93.2644,189.443,99.3056],"dipPosition":[64.6283,173.353,57.3257],"direction":[0.0615826,-0.648279,0.758909],"extended":false,"handId":97,"id":973,"length":55.3171,"mcpPosition":[82.3867,217.331,56.1993],"pipPosition":[63.1636,188.772,39.2756],"stabilizedTipPosition":[69.8932,172.245,66.9817],"timeVisible":15.2021,"tipPosition":[69.8986,171.455,67.6199],"tipVelocity":[-5.56364,-3.40851,1.20549],"tool":false,"touchDistance":0.333333,"touchZone":"none","type":3,"width":14.45},{"bases":[[[0.771393,-0.508431,-0.382688],[0.633261,0.672583,0.3829],[0.0627115,-0.537708,0.840796]],[[0.768476,-0.605122,-0.20802],[0.136356,0.47249,-0.870724],[0.625182,0.640765,0.445609]],[[0.768476,-0.605122,-0.20802],[-0.608433,-0.590361,-0.530361],[0.198126,0.534136,-0.821855]],[[0.768476,-0.605122,-0.20802],[-0.599462,-0.794538,0.096726],[-0.223811,0.0503684,-0.97333]]],"btipPosition":[78.6019,179.644,66.6459],"carpPosition":[100.643,182.689,92.8149],"dipPosition":[75.2897,180.389,52.2414],"direction":[-0.198126,-0.534136,0.821855],"extended":false,"handId":97,"id":974,"length":43.3675,"mcpPosition":[97.5965,208.812,51.9683],"pipPosition":[78.6168,189.359,38.4401],"stabilizedTipPosition":[77.3534,181.08,63.8999],"timeVisible":15.2021,"tipPosition":[79.5237,177.906,61.9878],"tipVelocity":[-6.2199,-3.80017,0.021496],"tool":false,"touchDistance":0.333333,"touchZone":"none","type":4,"width":12.8356}],"r":[[0.923152,0.352615,-0.153144],[-0.329531,0.930973,0.157157],[0.197989,-0.0946139,0.975627]],"s":0.960132,"t":[-113.401,50.3059,173.723],"timestamp":7892255730},{"currentFrameRate":110.989,"devices":[],"gestures":[],"hands":[{"armBasis":[[0.774398,0.120726,-0.621074],[0.334416,0.755201,0.563771],[0.537097,-0.64428,0.544453]],"armWidth":51.6826,"confidence":1,"direction":[-0.271787,0.663247,-0.697306],"elbow":[219.331,19.9703,237.161],"grabAngle":3.14159,"grabStrength":0.939777,"id":97,"palmNormal":[-0.339051,-0.744115,-0.575619],"palmPosition":[71.1513,205.51,71.7264],"palmVelocity":[-3.41955,-1.57779,-2.59643],"palmWidth":76.2329,"pinchDistance":5.09589,"pinchStrength":1,"r":[[0.923053,0.352705,-0.153534],[-0.329668,0.930995,0.156743],[0.198223,-0.0940665,0.975633]],"s":0.959969,"sphereCenter":[53.4268,188.64,46.0448],"sphereRadius":30.5271,"stabilizedPalmPosition":[69.4274,205.852,72.4452],"t":[-113.432,50.2872,173.705],"timeVisible":15.2106,"type":"right","wrist":[97.8334,165.713,114]}],"id":126847,"interactionBox":{"center":[0,200,0],"size":[235.247,235.247,147.751]},"pointables":[{"bases":[[[0.612642,0.762795,0.206912],[-0.467143,0.138302,0.873298],[0.637532,-0.631677,0.441064]],[[0.336164,0.941301,0.0307492],[-0.781158,0.260437,0.567419],[0.526104,-0.214766,0.822855]],[[0.336164,0.941301,0.0307492],[-0.855433,0.291514,0.428081],[0.393989,-0.170209,0.903217]],[[0.336164,0.941301,0.0307492],[-0.927816,0.325389,0.182425],[0.161712,-0.0898545,0.982739]]],"btipPosition":[29.8407,186.732,29.0208],"carpPosition":[66.6263,170.962,109.622],"dipPosition":[33.0901,184.926,48.7678],"direction":[-0.393989,0.170209,-0.903217],"extended":false,"handId":97,"id":970,"length":44.7461,"mcpPosition":[66.6263,170.962,109.622],"pipPosition":[44.6237,179.944,75.2085],"stabilizedTipPosition":[28.26,189.024,33.8845],"timeVisible":15.2106,"tipPosition":[28.4557,187.655,34.8076],"tipVelocity":[-3.31029,-8.37479,-0.663099],"tool":false,"touchDistance":0.0319407,"touchZone":"hovering","type":0,"width":16.187},{"bases":[[[0.842234,0.0325192,-0.538131],[0.273123,0.834864,0.477918],[0.464808,-0.549494,0.694269]],[[0.797868,0.0809468,-0.597373],[-0.238917,0.952256,-0.190069],[0.553467,0.294373,0.779114]],[[0.797868,0.0809468,-0.597373],[-0.590885,0.301319,-0.748372],[0.119422,0.950081,0.288243]],[[0.797868,0.0809468,-0.597373],[-0.57001,-0.22122,-0.791297],[-0.196204,0.971859,-0.130364]]],"btipPosition":[27.1647,177.596,34.3126],"carpPosition":[75.83,188.557,109.914],"dipPosition":[24.2865,191.852,32.4002],"direction":[-0.119422,-0.950081,-0.288243],"extended":false,"handId":97,"id":971,"length":50.491,"mcpPosition":[47.1803,222.427,67.1208],"pipPosition":[26.7647,211.569,38.3819],"stabilizedTipPosition":[26.3746,182.645,36.1879],"timeVisible":15.2106,"tipPosition":[23.7342,185.429,30.0416],"tipVelocity":[-4.52613,-8.69335,1.78888],"tool":false,"touchDistance":0.120826,"touchZone":"hovering","type":1,"width":15.4618},{"bases":[[[0.838304,-0.184822,-0.512921],[0.421719,0.816076,0.395187],[0.345543,-0.547595,0.762063]],[[0.857515,-0.217326,-0.466301],[-0.238424,0.635297,-0.734542],[0.455874,0.741059,0.492961]],[[0.857515,-0.217326,-0.466301],[-0.487468,-0.632967,-0.601438],[-0.164446,0.743049,-0.648718]],[[0.857515,-0.217326,-0.466301],[-0.27935,-0.957827,-0.067309],[-0.432008,0.18798,-0.882062]]],"btipPosition":[56.5067,170.517,69.8859],"carpPosition":[84.5854,190.351,104.761],"dipPosition":[49.5365,173.55,55.6543],"direction":[0.164446,-0.743049,0.648718],"extended":false,"handId":97,"id":972,"length":57.5304,"mcpPosition":[64.3875,222.36,60.2166],"pipPosition":[45.5216,191.692,39.8159],"stabilizedTipPosition":[55.4201,171.45,63.6702],"timeVisible":15.2106,"tipPosition":[55.0064,171.498,63.5481],"tipVelocity":[-3.97397,-2.84115,-0.858512],"tool":false,"touchDistance":0.333333,"touchZone":"none","type":2,"width":15.1855},{"bases":[[[0.845824,-0.324381,-0.423508],[0.491334,0.782914,0.381623],[0.207779,-0.53087,0.821587]],[[0.856761,-0.35563,-0.37348],[-0.121538,0.564566,-0.816391],[0.501187,0.744844,0.440475]],[[0.856761,-0.35563,-0.37348],[-0.511985,-0.673466,-0.533212],[-0.0618998,0.648052,-0.759077]],[[0.856761,-0.35563,-0.37348],[-0.36397,-0.930033,0.0506394],[-0.365358,0.0925495,-0.926255]]],"btipPosition":[70.4548,171.84,72.1804],"carpPosition":[93.2521,189.45,99.2822],"dipPosition":[64.5938,173.324,57.3217],"direction":[0.0618998,-0.648052,0.759077],"extended":false,"handId":97,"id":973,"length":55.3171,"mcpPosition":[82.3476,217.311,56.1646],"pipPosition":[63.1216,188.738,39.2675],"stabilizedTipPosition":[69.8901,172.244,66.9885],"timeVisible":15.2106,"tipPosition":[69.8732,171.44,67.6199],"tipVelocity":[-3.59547,-3.10799,-0.626598],"tool":false,"touchDistance":0.333333,"touchZone":"none","type":3,"width":14.45},{"bases":[[[0.7713,-0.508514,-0.382766],[0.633323,0.672933,0.382182],[0.063231,-0.537192,0.841087]],[[0.768487,-0.605101,-0.208038],[0.135834,0.471993,-0.871075],[0.625281,0.641151,0.444914]],[[0.768487,-0.605101,-0.208038],[-0.608478,-0.590507,-0.530148],[0.197945,0.533998,-0.821988]],[[0.768487,-0.605101,-0.208038],[-0.599392,-0.794564,0.0969395],[-0.223958,0.0501996,-0.973305]]],"btipPosition":[78.5646,179.617,66.6317],"carpPosition":[100.629,182.694,92.7919],"dipPosition":[75.2502,180.36,52.2276],"direction":[-0.197945,-0.533998,0.821988],"extended":false,"handId":97,"id":974,"length":43.3675,"mcpPosition":[97.557,208.792,51.9311],"pipPosition":[78.5742,189.327,38.4241],"stabilizedTipPosition":[77.3573,181.069,63.8948],"timeVisible":15.2106,"tipPosition":[79.4933,177.89,61.9795],"tipVelocity":[-4.44582,-3.26363,-1.66062],"tool":false,"touchDistance":0.333333,"touchZone":"none","type":4,"width":12.8356}],"r":[[0.923053,0.352705,-0.153534],[-0.329668,0.930995,0.156743],[0.198223,-0.0940665,0.975633]],"s":0.959969,"t":[-113.432,50.2872,173.705],"timestamp":7892264239},{"currentFrameRate":111.143,"devices":[],"gestures":[],"hands":[{"armBasis":[[0.774191,0.120174,-0.621439],[0.335015,0.755208,0.563405],[0.537023,-0.644375,0.544415]],"armWidth":51.6826,"confidence":1,"direction":[-0.272234,0.66287,-0.69749],"elbow":[219.293,19.9322,237.122],"grabAngle":3.14159,"grabStrength":0.938602,"id":97,"palmNormal":[-0.339535,-0.744416,-0.574944],"palmPosition":[71.1075,205.475,71.6925],"palmVelocity":[-5.0144,-4.08932,-3.87756],"palmWidth":76.2329,"pinchDistance":5.11406,"pinchStrength":1,"r":[[0.922958,0.352742,-0.15402],[-0.329738,0.931036,0.156352],[0.19855,-0.0935198,0.975619]],"s":0.959754,"sphereCenter":[53.3665,188.589,46.0343],"sphereRadius":30.5217,"stabilizedPalmPosition":[69.4305,205.851,72.4438],"t":[-113.47,50.2601,173.679],"timeVisible":15.2194,"type":"right","wrist":[97.8128,165.697,113.969]}],"id":126848,"interactionBox":{"center":[0,200,0],"size":[235.247,235.247,147.751]},"pointables":[{"bases":[[[0.61286,0.76286,0.206028],[-0.466497,0.138845,0.873557],[0.637796,-0.63148,0.440964]],[[0.336105,0.941351,0.029866],[-0.780996,0.260847,0.567454],[0.526383,-0.214049,0.822863]],[[0.336105,0.941351,0.029866],[-0.85534,0.291814,0.428064],[0.394243,-0.16942,0.903255]],[[0.336105,0.941351,0.029866],[-0.927751,0.325454,0.182641],[0.16221,-0.0890948,0.982726]]],"btipPosition":[29.7923,186.65,29.0089],"carpPosition":[66.607,170.948,109.611],"dipPosition":[33.0517,184.86,48.7557],"direction":[-0.394243,0.16942,-0.903255],"extended":false,"handId":97,"id":970,"length":44.7461,"mcpPosition":[66.607,170.948,109.611],"pipPosition":[44.5927,179.9,75.1974],"stabilizedTipPosition":[28.2698,189.012,33.8831],"timeVisible":15.2194,"tipPosition":[28.3895,187.598,34.8116],"tipVelocity":[-5.28212,-8.97443,-1.36916],"tool":false,"touchDistance":0.0317416,"touchZone":"hovering","type":0,"width":16.187},{"bases":[[[0.841846,0.0321349,-0.538761],[0.273544,0.835115,0.477239],[0.465263,-0.549137,0.694247]],[[0.797553,0.0804194,-0.597865],[-0.239302,0.951937,-0.191183],[0.553755,0.295549,0.778464]],[[0.797553,0.0804194,-0.597865],[-0.591257,0.300841,-0.748271],[0.119687,0.950277,0.287485]],[[0.797553,0.0804194,-0.597865],[-0.570621,-0.220958,-0.79093],[-0.195709,0.971962,-0.130337]]],"btipPosition":[27.0957,177.511,34.3257],"carpPosition":[75.8125,188.543,109.887],"dipPosition":[24.2248,191.769,32.4138],"direction":[-0.119687,-0.950277,-0.287485],"extended":false,"handId":97,"id":971,"length":50.491,"mcpPosition":[47.1347,222.391,67.0947],"pipPosition":[26.7085,211.489,38.3797],"stabilizedTipPosition":[26.3754,182.618,36.155],"timeVisible":15.2194,"tipPosition":[23.6643,185.364,30.0619],"tipVelocity":[-7.7142,-9.7209,1.5183],"tool":false,"touchDistance":0.121047,"touchZone":"hovering","type":1,"width":15.4618},{"bases":[[[0.837915,-0.185192,-0.513423],[0.422078,0.816266,0.394411],[0.346048,-0.547187,0.762126]],[[0.857157,-0.21767,-0.466799],[-0.238853,0.634973,-0.734682],[0.456323,0.741235,0.492281]],[[0.857157,-0.21767,-0.466799],[-0.488028,-0.632966,-0.600985],[-0.164652,0.742949,-0.64878]],[[0.857157,-0.21767,-0.466799],[-0.279461,-0.957851,-0.0665106],[-0.432646,0.187462,-0.881859]]],"btipPosition":[56.4529,170.479,69.8737],"carpPosition":[84.5643,190.333,104.726],"dipPosition":[49.4724,173.504,55.6454],"direction":[0.164652,-0.742949,0.64878],"extended":false,"handId":97,"id":972,"length":57.5304,"mcpPosition":[64.3368,222.318,60.178],"pipPosition":[45.4524,191.643,39.8054],"stabilizedTipPosition":[55.4178,171.448,63.6821],"timeVisible":15.2194,"tipPosition":[54.9536,171.459,63.5478],"tipVelocity":[-6.444,-4.59824,-1.31361],"tool":false,"touchDistance":0.333333,"touchZone":"none","type":2,"width":15.1855},{"bases":[[[0.845488,-0.324699,-0.423935],[0.491681,0.78309,0.380816],[0.208329,-0.530416,0.821741]],[[0.856458,-0.355921,-0.373898],[-0.122081,0.564107,-0.816627],[0.501573,0.745053,0.439683]],[[0.856458,-0.355921,-0.373898],[-0.512453,-0.673507,-0.532711],[-0.0622196,0.64785,-0.759223]],[[0.856458,-0.355921,-0.373898],[-0.364163,-0.929934,0.051063],[-0.365875,0.0924264,-0.926063]]],"btipPosition":[70.4019,171.793,72.1625],"carpPosition":[93.2269,189.428,99.2415],"dipPosition":[64.5326,173.275,57.3068],"direction":[0.0622196,-0.64785,0.759223],"extended":false,"handId":97,"id":973,"length":55.3171,"mcpPosition":[82.2936,217.265,56.1158],"pipPosition":[63.0528,188.684,39.2492],"stabilizedTipPosition":[69.8868,172.244,66.9956],"timeVisible":15.2194,"tipPosition":[69.8228,171.403,67.6076],"tipVelocity":[-6.28245,-5.42058,-1.97487],"tool":false,"touchDistance":0.333333,"touchZone":"none","type":3,"width":14.45},{"bases":[[[0.770977,-0.508803,-0.383034],[0.63366,0.673096,0.381335],[0.0637942,-0.536714,0.841349]],[[0.768282,-0.605289,-0.208248],[0.135243,0.47148,-0.871445],[0.625661,0.641351,0.444091]],[[0.768282,-0.605289,-0.208248],[-0.608813,-0.590482,-0.529791],[0.19771,0.533813,-0.822165]],[[0.768282,-0.605289,-0.208248],[-0.599504,-0.79443,0.0973421],[-0.224359,0.0500595,-0.97322]]],"btipPosition":[78.5051,179.566,66.6035],"carpPosition":[100.598,182.668,92.7498],"dipPosition":[75.1848,180.307,52.2006],"direction":[-0.19771,-0.533813,0.822165],"extended":false,"handId":97,"id":974,"length":43.3675,"mcpPosition":[97.4991,208.742,51.8762],"pipPosition":[78.5049,189.272,38.3942],"stabilizedTipPosition":[77.3606,181.057,63.8897],"timeVisible":15.2194,"tipPosition":[79.4385,177.85,61.9567],"tipVelocity":[-6.97382,-5.81917,-3.19771],"tool":false,"touchDistance":0.333333,"touchZone":"none","type":4,"width":12.8356}],"r":[[0.922958,0.352742,-0.15402],[-0.329738,0.931036,0.156352],[0.19855,-0.0935198,0.975619]],"s":0.959754,"t":[-113.47,50.2601,173.679],"timestamp":7892272965},{"currentFrameRate":110.855,"devices":[],"gestures":[],"hands":[{"armBasis":[[0.774069,0.119817,-0.62166],[0.335433,0.755163,0.563217],[0.536938,-0.644494,0.544358]],"armWidth":51.6826,"confidence":1,"direction":[-0.272487,0.662729,-0.697525],"elbow":[219.246,19.8883,237.088],"grabAngle":3.14159,"grabStrength":0.93768,"id":97,"palmNormal":[-0.339894,-0.744519,-0.574599],"palmPosition":[71.0667,205.452,71.6744],"palmVelocity":[-4.28114,-2.40652,-1.90126],"palmWidth":76.2329,"pinchDistance":5.11309,"pinchStrength":1,"r":[[0.922875,0.352742,-0.154514],[-0.329757,0.931084,0.156024],[0.198902,-0.0930387,0.975593]],"s":0.959458,"sphereCenter":[53.3228,188.558,46.0264],"sphereRadius":30.5151,"stabilizedPalmPosition":[69.434,205.851,72.4422],"t":[-113.509,50.235,173.657],"timeVisible":15.2289,"type":"right","wrist":[97.7848,165.68,113.948]}],"id":126849,"interactionBox":{"center":[0,200,0],"size":[235.247,235.247,147.751]},"pointables":[{"bases":[[[0.613047,0.762839,0.205549],[-0.466067,0.139117,0.873744],[0.637931,-0.631445,0.440819]],[[0.336015,0.941399,0.0293465],[-0.780931,0.26105,0.56745],[0.526536,-0.213589,0.822885]],[[0.336015,0.941399,0.0293465],[-0.855298,0.291939,0.428063],[0.39441,-0.168936,0.903273]],[[0.336015,0.941399,0.0293465],[-0.92771,0.325428,0.182895],[0.162627,-0.0886806,0.982694]]],"btipPosition":[29.7457,186.595,29.0007],"carpPosition":[66.5801,170.935,109.604],"dipPosition":[33.0135,184.813,48.7468],"direction":[-0.39441,0.168936,-0.903273],"extended":false,"handId":97,"id":970,"length":44.7461,"mcpPosition":[66.5801,170.935,109.604],"pipPosition":[44.5594,179.868,75.1891],"stabilizedTipPosition":[28.2804,188.999,33.8815],"timeVisible":15.2289,"tipPosition":[28.3339,187.568,34.8153],"tipVelocity":[-4.68369,-5.54527,-0.879246],"tool":false,"touchDistance":0.0316019,"touchZone":"hovering","type":0,"width":16.187},{"bases":[[[0.841594,0.0319026,-0.539167],[0.273868,0.835201,0.476903],[0.465527,-0.549019,0.694163]],[[0.797353,0.0801023,-0.598174],[-0.239886,0.951557,-0.192339],[0.553789,0.296856,0.777942]],[[0.797353,0.0801023,-0.598174],[-0.591553,0.300077,-0.748344],[0.119554,0.950546,0.286652]],[[0.797353,0.0801023,-0.598174],[-0.570976,-0.22092,-0.790683],[-0.195484,0.971997,-0.130415]]],"btipPosition":[27.0529,177.435,34.3524],"carpPosition":[75.7878,188.529,109.87],"dipPosition":[24.1853,191.694,32.4393],"direction":[-0.119554,-0.950546,-0.286652],"extended":false,"handId":97,"id":971,"length":50.491,"mcpPosition":[47.0937,222.37,67.0837],"pipPosition":[26.6663,211.42,38.388],"stabilizedTipPosition":[26.3757,182.589,36.1206],"timeVisible":15.2289,"tipPosition":[23.6116,185.319,30.0852],"tipVelocity":[-4.41127,-7.91533,2.77813],"tool":false,"touchDistance":0.121488,"touchZone":"hovering","type":1,"width":15.4618},{"bases":[[[0.83765,-0.185417,-0.513774],[0.42236,0.816314,0.394009],[0.346345,-0.547039,0.762098]],[[0.856911,-0.217886,-0.467151],[-0.239131,0.634812,-0.734731],[0.456641,0.741309,0.491874]],[[0.856911,-0.217886,-0.467151],[-0.488447,-0.632785,-0.600834],[-0.164693,0.74304,-0.648666]],[[0.856911,-0.217886,-0.467151],[-0.27955,-0.957858,-0.0660286],[-0.433077,0.187173,-0.881709]]],"btipPosition":[56.4034,170.453,69.8662],"carpPosition":[84.5374,190.317,104.706],"dipPosition":[49.416,173.473,55.6404],"direction":[0.164693,-0.74304,0.648666],"extended":false,"handId":97,"id":972,"length":57.5304,"mcpPosition":[64.2926,222.293,60.1589],"pipPosition":[45.395,191.615,39.8032],"stabilizedTipPosition":[55.415,171.447,63.6952],"timeVisible":15.2289,"tipPosition":[54.9049,171.436,63.5473],"tipVelocity":[-5.35841,-2.80058,-0.722647],"tool":false,"touchDistance":0.333333,"touchZone":"none","type":2,"width":15.1855},{"bases":[[[0.845249,-0.324904,-0.424255],[0.491953,0.783126,0.380389],[0.208656,-0.530237,0.821774]],[[0.856239,-0.356114,-0.374215],[-0.122402,0.563919,-0.816709],[0.501868,0.745103,0.439261]],[[0.856239,-0.356114,-0.374215],[-0.512809,-0.673325,-0.532599],[-0.0623023,0.647933,-0.759145]],[[0.856239,-0.356114,-0.374215],[-0.364416,-0.929836,0.0510407],[-0.366135,0.0926671,-0.925936]]],"btipPosition":[70.3499,171.757,72.1485],"carpPosition":[93.1973,189.41,99.2169],"dipPosition":[64.4765,173.243,57.2948],"direction":[0.0623023,-0.647933,0.759145],"extended":false,"handId":97,"id":973,"length":55.3171,"mcpPosition":[82.2468,217.237,56.0895],"pipPosition":[62.9946,188.654,39.239],"stabilizedTipPosition":[69.8829,172.243,67.0032],"timeVisible":15.2289,"tipPosition":[69.7754,171.38,67.5996],"tipVelocity":[-5.55631,-3.66957,-1.42176],"tool":false,"touchDistance":0.333333,"touchZone":"none","type":3,"width":14.45},{"bases":[[[0.770735,-0.508988,-0.383273],[0.63392,0.673116,0.380868],[0.0641297,-0.536513,0.841452]],[[0.768113,-0.605431,-0.208462],[0.134886,0.471248,-0.871625],[0.625946,0.641388,0.443636]],[[0.768113,-0.605431,-0.208462],[-0.609019,-0.590233,-0.529832],[0.197735,0.533928,-0.822084]],[[0.768113,-0.605431,-0.208462],[-0.599679,-0.794307,0.0972699],[-0.224473,0.050296,-0.973181]]],"btipPosition":[78.4479,179.529,66.584],"carpPosition":[100.565,182.647,92.7233],"dipPosition":[75.1259,180.273,52.1817],"direction":[-0.197735,-0.533928,0.822084],"extended":false,"handId":97,"id":974,"length":43.3675,"mcpPosition":[97.4493,208.711,51.8448],"pipPosition":[78.4464,189.239,38.3766],"stabilizedTipPosition":[77.3635,181.045,63.8841],"timeVisible":15.2289,"tipPosition":[79.3881,177.826,61.9428],"tipVelocity":[-6.04479,-3.84888,-2.0356],"tool":false,"touchDistance":0.333333,"touchZone":"none","type":4,"width":12.8356}],"r":[[0.922875,0.352742,-0.154514],[-0.329757,0.931084,0.156024],[0.198902,-0.0930387,0.975593]],"s":0.959458,"t":[-113.509,50.235,173.657],"timestamp":7892282493},{"currentFrameRate":111.561,"devices":[],"gestures":[],"hands":[{"armBasis":[[0.773872,0.119386,-0.621987],[0.335943,0.755154,0.562925],[0.536902,-0.644585,0.544286]],"armWidth":51.6826,"confidence":1,"direction":[-0.272483,0.662762,-0.697496],"elbow":[219.197,19.856,237.054],"grabAngle":3.14159,"grabStrength":0.937012,"id":97,"palmNormal":[-0.340433,-0.744443,-0.574378],"palmPosition":[71.0264,205.446,71.6618],"palmVelocity":[-5.22208,-0.779223,-1.63718],"palmWidth":76.2329,"pinchDistance":5.1064,"pinchStrength":1,"r":[[0.922826,0.352661,-0.15499],[-0.329682,0.931153,0.155766],[0.199253,-0.0926477,0.975559]],"s":0.959089,"sphereCenter":[53.2816,188.552,46.0178],"sphereRadius":30.5081,"stabilizedPalmPosition":[69.4369,205.85,72.4408],"t":[-113.549,50.2195,173.639],"timeVisible":15.2366,"type":"right","wrist":[97.7446,165.668,113.931]}],"id":126850,"interactionBox":{"center":[0,200,0],"size":[235.247,235.247,147.751]},"pointables":[{"bases":[[[0.613448,0.762605,0.205218],[-0.465664,0.139415,0.873911],[0.637839,-0.631662,0.440642]],[[0.336226,0.941335,0.0289877],[-0.780783,0.261405,0.567491],[0.526621,-0.213438,0.822869]],[[0.336226,0.941335,0.0289877],[-0.855191,0.292276,0.428045],[0.394462,-0.16871,0.903292]],[[0.336226,0.941335,0.0289877],[-0.927581,0.325675,0.183113],[0.16293,-0.0884557,0.982664]]],"btipPosition":[29.6947,186.578,28.9945],"carpPosition":[66.5402,170.935,109.597],"dipPosition":[32.9685,184.801,48.7401],"direction":[-0.394462,0.16871,-0.903292],"extended":false,"handId":97,"id":970,"length":44.7461,"mcpPosition":[66.5402,170.935,109.597],"pipPosition":[44.5159,179.862,75.1829],"stabilizedTipPosition":[28.2889,188.988,33.8801],"timeVisible":15.2366,"tipPosition":[28.2758,187.573,34.8191],"tipVelocity":[-6.43203,-2.08158,-0.815067],"tool":false,"touchDistance":0.031497,"touchZone":"hovering","type":0,"width":16.187},{"bases":[[[0.841395,0.0314857,-0.539502],[0.274406,0.835141,0.476697],[0.46557,-0.549133,0.694044]],[[0.797237,0.0796106,-0.598394],[-0.240187,0.951257,-0.193444],[0.553826,0.297947,0.777498]],[[0.797237,0.0796106,-0.598394],[-0.591707,0.299391,-0.748497],[0.119565,0.950803,0.285792]],[[0.797237,0.0796106,-0.598394],[-0.571274,-0.220852,-0.790487],[-0.195088,0.972053,-0.130592]]],"btipPosition":[27.0105,177.392,34.3841],"carpPosition":[75.7554,188.526,109.858],"dipPosition":[24.1486,191.652,32.4684],"direction":[-0.119565,-0.950803,-0.285792],"extended":false,"handId":97,"id":971,"length":50.491,"mcpPosition":[47.0587,222.373,67.0785],"pipPosition":[26.6299,211.383,38.3992],"stabilizedTipPosition":[26.3754,182.566,36.095],"timeVisible":15.2366,"tipPosition":[23.5579,185.309,30.1093],"tipVelocity":[-5.32229,-5.53368,4.01888],"tool":false,"touchDistance":0.122005,"touchZone":"hovering","type":1,"width":15.4618},{"bases":[[[0.83737,-0.185829,-0.514081],[0.422858,0.816183,0.393747],[0.346415,-0.547095,0.762026]],[[0.856635,-0.218301,-0.467462],[-0.239146,0.634837,-0.734705],[0.457149,0.741166,0.491618]],[[0.856635,-0.218301,-0.467462],[-0.488988,-0.632477,-0.600719],[-0.164522,0.74318,-0.648549]],[[0.856635,-0.218301,-0.467462],[-0.279833,-0.957811,-0.0655096],[-0.43344,0.186929,-0.881582]]],"btipPosition":[56.3463,170.455,69.86],"carpPosition":[84.5037,190.309,104.689],"dipPosition":[49.353,173.471,55.6361],"direction":[0.164522,-0.74318,0.648549],"extended":false,"handId":97,"id":972,"length":57.5304,"mcpPosition":[64.2548,222.288,60.1469],"pipPosition":[45.3362,191.616,39.8018],"stabilizedTipPosition":[55.4125,171.446,63.706],"timeVisible":15.2366,"tipPosition":[54.847,171.436,63.5459],"tipVelocity":[-7.57437,0.130744,-0.750414],"tool":false,"touchDistance":0.333333,"touchZone":"none","type":2,"width":15.1855},{"bases":[[[0.844945,-0.325309,-0.42455],[0.492432,0.782964,0.380103],[0.208756,-0.530228,0.821754]],[[0.855942,-0.356518,-0.37451],[-0.122486,0.563875,-0.816727],[0.502354,0.744943,0.438976]],[[0.855942,-0.356518,-0.37451],[-0.513322,-0.67295,-0.532577],[-0.0621535,0.648099,-0.759015]],[[0.855942,-0.356518,-0.37451],[-0.364939,-0.929639,0.0509096],[-0.366309,0.0930975,-0.925824]]],"btipPosition":[70.289,171.74,72.1361],"carpPosition":[93.161,189.398,99.1974],"dipPosition":[64.4128,173.233,57.2843],"direction":[0.0621535,-0.648099,0.759015],"extended":false,"handId":97,"id":973,"length":55.3171,"mcpPosition":[82.2053,217.224,56.0711],"pipPosition":[62.9345,188.648,39.2315],"stabilizedTipPosition":[69.8795,172.243,67.0094],"timeVisible":15.2366,"tipPosition":[69.7185,171.374,67.5924],"tipVelocity":[-7.96829,-2.0345,-1.55087],"tool":false,"touchDistance":0.333333,"touchZone":"none","type":3,"width":14.45},{"bases":[[[0.770371,-0.509357,-0.383516],[0.634352,0.672894,0.38054],[0.0642353,-0.536441,0.84149]],[[0.767776,-0.605778,-0.208693],[0.134741,0.471089,-0.871734],[0.62639,0.641177,0.443314]],[[0.767776,-0.605778,-0.208693],[-0.60937,-0.589757,-0.529957],[0.197958,0.53406,-0.821944]],[[0.767776,-0.605778,-0.208693],[-0.600085,-0.794019,0.0971191],[-0.224539,0.0506679,-0.973147]]],"btipPosition":[78.3849,179.508,66.5675],"carpPosition":[100.523,182.631,92.7018],"dipPosition":[75.0619,180.258,52.1657],"direction":[-0.197958,-0.53406,0.821944],"extended":false,"handId":97,"id":974,"length":43.3675,"mcpPosition":[97.4026,208.692,51.8214],"pipPosition":[78.3862,189.226,38.3629],"stabilizedTipPosition":[77.3653,181.035,63.8796],"timeVisible":15.2366,"tipPosition":[79.3308,177.817,61.9313],"tipVelocity":[-8.18809,-2.52175,-2.12025],"tool":false,"touchDistance":0.333333,"touchZone":"none","type":4,"width":12.8356}],"r":[[0.922826,0.352661,-0.15499],[-0.329682,0.931153,0.155766],[0.199253,-0.0926477,0.975559]],"s":0.959089,"t":[-113.549,50.2195,173.639],"timestamp":7892290215},{"currentFrameRate":111.516,"devices":[],"gestures":[],"hands":[{"a