{"frames":74,"data":[{"currentFrameRate":57.6503,"devices":[],"gestures":[],"hands":[{"armBasis":[[0.863155,0.0545838,-0.501981],[0.361485,0.627316,0.689785],[0.352552,-0.77685,0.521739]],"armWidth":68.9788,"confidence":0.964709,"direction":[-0.0994348,0.994308,0.0382611],"elbow":[184.222,-110.944,271.29],"grabAngle":3.03957,"grabStrength":1,"id":40,"palmNormal":[-0.535455,-0.0210588,-0.844301],"palmPosition":[65.8518,181.586,122.434],"palmVelocity":[-80.7332,163.44,-238.039],"palmWidth":94.1244,"pinchDistance":16.3953,"pinchStrength":1,"r":[[0.870371,-0.0664067,0.487897],[0.0126419,0.993551,0.112678],[-0.492233,-0.091904,0.865598]],"s":0.935803,"sphereCenter":[47.1016,197.414,78.7438],"sphereRadius":41.1123,"stabilizedPalmPosition":[73.9679,175.051,159.401],"t":[-8.35753,3.02947,-36.7554],"timeVisible":0.381496,"type":"right","wrist":[85.7538,106.031,125.568]}],"id":52128,"interactionBox":{"center":[0,200,0],"size":[235.247,235.247,147.751]},"pointables":[{"bases":[[[0.797009,0.254884,0.54755],[-0.396704,-0.462678,0.792815],[0.455415,-0.849096,-0.267645]],[[0.542171,0.578841,0.609093],[-0.588234,-0.256166,0.767046],[0.600026,-0.774159,0.201608]],[[0.542171,0.578841,0.609093],[-0.679707,-0.124053,0.722917],[0.494014,-0.805949,0.326184]],[[0.542171,0.578841,0.609093],[-0.765914,0.0423123,0.64155],[0.345583,-0.814342,0.466282]]],"btipPosition":[-6.59974,208.009,92.9562],"carpPosition":[50.0493,120.126,126.049],"dipPosition":[1.72619,188.39,104.19],"direction":[-0.494014,0.805949,-0.326184],"extended":false,"handId":40,"id":400,"length":53.6503,"mcpPosition":[50.0493,120.126,126.049],"pipPosition":[19.0656,160.102,115.639],"stabilizedTipPosition":[4.42937,199.697,158.662],"timeVisible":0.381496,"tipPosition":[0.543547,205.364,93.9235],"tipVelocity":[-31.0452,119.189,-356.845],"tool":false,"touchDistance":0.425667,"touchZone":"hovering","type":0,"width":22.3487},{"bases":[[[0.810088,0.269904,-0.520489],[0.494101,0.163627,0.853868],[0.315628,-0.948883,-0.000807495]],[[0.776512,0.358658,-0.518068],[-0.00330578,0.824503,0.565848],[0.630094,-0.437675,0.641422]],[[0.776512,0.358658,-0.518068],[-0.614916,0.610769,-0.498839],[0.137507,0.705922,0.694814]],[[0.776512,0.358658,-0.518068],[-0.580091,0.085897,-0.81001],[-0.246016,0.929509,0.274754]]],"btipPosition":[15.7946,190.087,88.6637],"carpPosition":[66.7766,132.43,139.091],"dipPosition":[11.4675,206.436,93.4962],"direction":[-0.137507,-0.705922,-0.694814],"extended":false,"handId":40,"id":401,"length":60.5383,"mcpPosition":[42.7561,204.643,139.152],"pipPosition":[14.889,224,110.784],"stabilizedTipPosition":[13.1885,193.234,119.933],"timeVisible":0.381496,"tipPosition":[10.0872,206.282,90.622],"tipVelocity":[-8.82107,-21.2733,-267.708],"tool":false,"touchDistance":0.329586,"touchZone":"hovering","type":1,"width":21.3475},{"bases":[[[0.749102,0.107349,-0.653699],[0.630752,0.186029,0.753355],[0.202479,-0.976662,0.0716442]],[[0.735612,0.165721,-0.656819],[0.048284,0.95432,0.294859],[0.67568,-0.248616,0.694008]],[[0.735612,0.165721,-0.656819],[-0.65745,0.408259,-0.633312],[0.163199,0.897698,0.409273]],[[0.735612,0.165721,-0.656819],[-0.639987,-0.147765,-0.754044],[-0.222015,0.97504,-0.00263857]]],"btipPosition":[29.0395,174.379,82.5003],"carpPosition":[77.6618,136.697,134.037],"dipPosition":[24.7446,193.241,82.4492],"direction":[-0.163199,-0.897698,-0.409273],"extended":false,"handId":40,"id":402,"length":68.9786,"mcpPosition":[63.0486,207.184,128.866],"pipPosition":[29.522,219.52,94.43],"stabilizedTipPosition":[25.0127,172.459,143.394],"timeVisible":0.381496,"tipPosition":[30.0898,177.54,84.474],"tipVelocity":[-99.3573,137.09,-293.326],"tool":false,"touchDistance":0.208142,"touchZone":"hovering","type":2,"width":20.9661},{"bases":[[[0.721039,-0.051876,-0.69095],[0.688794,0.161995,0.706626],[0.0752734,-0.985427,0.152536]],[[0.715228,0.00730747,-0.698853],[0.171619,0.967493,0.185756],[0.677493,-0.252794,0.690723]],[[0.715228,0.00730747,-0.698853],[-0.634568,0.425817,-0.644983],[0.292871,0.90478,0.309194]],[[0.715228,0.00730747,-0.698853],[-0.693465,-0.116942,-0.710936],[-0.0869204,0.993112,-0.0785726]]],"btipPosition":[44.8319,169.634,77.4512],"carpPosition":[87.5505,139.057,126.411],"dipPosition":[43.16,188.735,75.94],"direction":[-0.292871,-0.90478,-0.309194],"extended":false,"handId":40,"id":403,"length":66.3247,"mcpPosition":[82.6729,202.91,116.527],"pipPosition":[51.5119,214.537,84.7573],"stabilizedTipPosition":[44.7266,165.366,120.54],"timeVisible":0.381496,"tipPosition":[47.1687,172.22,79.8699],"tipVelocity":[-104.82,150.663,-293.69],"tool":false,"touchDistance":0.207735,"touchZone":"hovering","type":3,"width":19.9505},{"bases":[[[0.601118,-0.191628,-0.775845],[0.796483,0.0642533,0.601238],[-0.0653635,-0.979362,0.191252]],[[0.604525,-0.105772,-0.789533],[0.312673,0.943108,0.113059],[0.732656,-0.315213,0.603204]],[[0.604525,-0.105772,-0.789533],[-0.634557,0.535217,-0.557566],[0.481546,0.838066,0.256433]],[[0.604525,-0.105772,-0.789533],[-0.794578,-0.00972348,-0.607085],[0.0565356,0.994343,-0.0899223]]],"btipPosition":[60.5144,173.472,76.2239],"carpPosition":[93.9611,137.771,113.22],"dipPosition":[61.5175,191.116,74.6283],"direction":[-0.481546,-0.838066,-0.256433],"extended":false,"handId":40,"id":404,"length":51.9974,"mcpPosition":[97.8818,196.516,101.748],"pipPosition":[71.2132,207.99,79.7914],"stabilizedTipPosition":[60.8995,170.014,111.82],"timeVisible":0.381496,"tipPosition":[63.5505,176.35,77.3993],"tipVelocity":[-96.1574,152.394,-272.683],"tool":false,"touchDistance":0.0976149,"touchZone":"hovering","type":4,"width":17.7216}],"r":[[0.870371,-0.0664067,0.487897],[0.0126419,0.993551,0.112678],[-0.492233,-0.091904,0.865598]],"s":0.935803,"t":[-8.35753,3.02947,-36.7554],"timestamp":237564429680},{"currentFrameRate":57.6484,"devices":[],"gestures":[],"hands":[{"armBasis":[[0.873784,0.0426009,-0.484445],[0.36127,0.609996,0.705258],[0.325554,-0.791259,0.517614]],"armWidth":68.9788,"confidence":0.970519,"direction":[-0.114158,0.993442,0.00633383],"elbow":[176.253,-112.72,267.745],"grabAngle":3.0165,"grabStrength":1,"id":40,"palmNormal":[-0.518438,-0.0541337,-0.8534],"palmPosition":[64.7991,183.639,117.837],"palmVelocity":[-60.6641,118.326,-264.916],"palmWidth":94.1244,"pinchDistance":14.677,"pinchStrength":1,"r":[[0.861197,-0.0526358,0.505538],[0.00419182,0.995325,0.0964907],[-0.508254,-0.0809784,0.857392]],"s":0.918221,"sphereCenter":[46.089,197.722,74.0626],"sphereRadius":40.4956,"stabilizedPalmPosition":[73.8231,175.187,158.744],"t":[-9.52943,5.41556,-41.1052],"timeVisible":0.398849,"type":"right","wrist":[85.3251,108.279,123.175]}],"id":52129,"interactionBox":{"center":[0,200,0],"size":[235.247,235.247,147.751]},"pointables":[{"bases":[[[0.782445,0.282796,0.554804],[-0.405627,-0.444544,0.798653],[0.47249,-0.849945,-0.233122]],[[0.518448,0.607714,0.601578],[-0.614955,-0.22386,0.75612],[0.594174,-0.761952,0.257657]],[[0.518448,0.607714,0.601578],[-0.700987,-0.100857,0.706006],[0.489723,-0.787726,0.373711]],[[0.518448,0.607714,0.601578],[-0.78344,0.0556393,0.618972],[0.342687,-0.792205,0.504953]]],"btipPosition":[-6.33069,208.17,84.4136],"carpPosition":[49.7957,122.09,123.001],"dipPosition":[1.92546,189.083,96.5791],"direction":[-0.489723,0.787726,-0.373711],"extended":false,"handId":40,"id":400,"length":53.6503,"mcpPosition":[49.7957,122.09,123.001],"pipPosition":[19.1143,161.435,109.696],"stabilizedTipPosition":[4.42615,199.699,158.636],"timeVisible":0.398849,"tipPosition":[-0.776234,205.371,87.3543],"tipVelocity":[14.5798,16.3094,-479.936],"tool":false,"touchDistance":0.286861,"touchZone":"hovering","type":0,"width":22.3487},{"bases":[[[0.816263,0.266078,-0.512755],[0.4749,0.196302,0.857867],[0.328914,-0.943752,0.0338737]],[[0.773162,0.372542,-0.513257],[-0.0359077,0.833703,0.551044],[0.633191,-0.407616,0.657965]],[[0.773162,0.372542,-0.513257],[-0.6222,0.602304,-0.500097],[0.122829,0.706005,0.697474]],[[0.773162,0.372542,-0.513257],[-0.578117,0.0812408,-0.811899],[-0.260769,0.924452,0.278185]]],"btipPosition":[14.5836,191.046,82.059],"carpPosition":[66.089,135.022,135.984],"dipPosition":[9.99711,207.306,86.9518],"direction":[-0.122829,-0.706005,-0.697474],"extended":false,"handId":40,"id":401,"length":60.5383,"mcpPosition":[41.0574,206.845,133.406],"pipPosition":[13.0533,224.872,104.306],"stabilizedTipPosition":[13.1908,193.245,119.681],"timeVisible":0.398849,"tipPosition":[9.62985,205.705,84.1549],"tipVelocity":[-73.2224,54.0846,-379.808],"tool":false,"touchDistance":0.219739,"touchZone":"hovering","type":1,"width":21.3475},{"bases":[[[0.760197,0.0987376,-0.642146],[0.613169,0.217692,0.759365],[0.214768,-0.97101,0.104946]],[[0.74595,0.156786,-0.647284],[0.0286799,0.963432,0.266415],[0.665384,-0.217296,0.714176]],[[0.74595,0.156786,-0.647284],[-0.649312,0.387419,-0.654447],[0.148162,0.908474,0.390798]],[[0.74595,0.156786,-0.647284],[-0.626568,-0.164252,-0.761862],[-0.225767,0.973879,-0.0242869]]],"btipPosition":[28.5246,174.722,77.032],"carpPosition":[77.0101,139.295,131.013],"dipPosition":[24.1571,193.562,76.5622],"direction":[-0.148162,-0.908474,-0.390798],"extended":false,"handId":40,"id":402,"length":68.9786,"mcpPosition":[61.51,209.374,123.439],"pipPosition":[28.4943,220.156,88.0021],"stabilizedTipPosition":[25.0159,172.467,143.31],"timeVisible":0.398849,"tipPosition":[29.7773,177.971,79.2626],"tipVelocity":[-30.6355,19.4819,-320.671],"tool":false,"touchDistance":0.115399,"touchZone":"hovering","type":2,"width":20.9661},{"bases":[[[0.735115,-0.0619241,-0.675108],[0.672448,0.193126,0.714504],[0.0861357,-0.979218,0.18361]],[[0.728627,-0.00309485,-0.684904],[0.15386,0.975171,0.159276],[0.667405,-0.221432,0.711012]],[[0.728627,-0.00309485,-0.684904],[-0.623669,0.410321,-0.665337],[0.28309,0.911936,0.297041]],[[0.728627,-0.00309485,-0.684904],[-0.679589,-0.127682,-0.722396],[-0.0852139,0.99181,-0.0951355]]],"btipPosition":[44.2999,170.124,72.2693],"carpPosition":[87.0123,141.57,123.511],"dipPosition":[42.6609,189.2,70.4395],"direction":[-0.28309,-0.911936,-0.297041],"extended":false,"handId":40,"id":403,"length":66.3247,"mcpPosition":[81.4309,205.022,111.613],"pipPosition":[50.7339,215.206,78.9103],"stabilizedTipPosition":[44.7244,165.391,120.409],"timeVisible":0.398849,"tipPosition":[46.9463,172.812,75.0725],"tipVelocity":[-30.2183,27.9112,-302.839],"tool":false,"touchDistance":0.120149,"touchZone":"hovering","type":3,"width":19.9505},{"bases":[[[0.618863,-0.205895,-0.758034],[0.78355,0.0938677,0.614198],[-0.0553052,-0.974062,0.21942]],[[0.621313,-0.111151,-0.775639],[0.290147,0.952158,0.095971],[0.727863,-0.284678,0.623838]],[[0.621313,-0.111151,-0.775639],[-0.627452,0.522341,-0.577463],[0.469334,0.845462,0.254795]],[[0.621313,-0.111151,-0.775639],[-0.781515,-0.016386,-0.623671],[0.0566121,0.993668,-0.097047]]],"btipPosition":[60.0669,174.12,71.2125],"carpPosition":[93.698,139.986,110.49],"dipPosition":[61.0714,191.752,69.4905],"direction":[-0.469334,-0.845462,-0.254795],"extended":false,"handId":40,"id":404,"length":51.9974,"mcpPosition":[97.0154,198.413,97.3283],"pipPosition":[70.5212,208.775,74.6207],"stabilizedTipPosition":[60.8966,170.054,111.618],"timeVisible":0.398849,"tipPosition":[63.3292,177.073,72.8596],"tipVelocity":[-25.7677,37.1883,-290.464],"tool":false,"touchDistance":0.013608,"touchZone":"hovering","type":4,"width":17.7216}],"r":[[0.861197,-0.0526358,0.505538],[0.00419182,0.995325,0.0964907],[-0.508254,-0.0809784,0.857392]],"s":0.918221,"t":[-9.52943,5.41556,-41.1052],"timestamp":237564447033},{"currentFrameRate":57.6455,"devices":[],"gestures":[],"hands":[{"armBasis":[[0.874991,0.0208592,-0.48369],[0.381392,0.585697,0.715192],[0.298214,-0.810262,0.504524]],"armWidth":68.9788,"confidence":0.975385,"direction":[-0.135627,0.99035,-0.0285022],"elbow":[168.435,-115.362,260.928],"grabAngle":3.00362,"grabStrength":1,"id":40,"palmNormal":[-0.522734,-0.0959667,-0.847077],"palmPosition":[63.565,185.924,112.641],"palmVelocity":[-71.1055,131.647,-299.333],"palmWidth":94.1244,"pinchDistance":12.1816,"pinchStrength":1,"r":[[0.854449,-0.0341259,0.518414],[-0.00643074,0.997069,0.0762336],[-0.519496,-0.0684715,0.851725]],"s":0.910397,"sphereCenter":[43.6919,197.862,69.3428],"sphereRadius":39.9843,"stabilizedPalmPosition":[73.6871,175.329,158.133],"t":[-10.7325,7.7511,-45.8779],"timeVisible":0.416206,"type":"right","wrist":[85.1434,110.945,120.014]}],"id":52130,"interactionBox":{"center":[0,200,0],"size":[235.247,235.247,147.751]},"pointables":[{"bases":[[[0.779755,0.319319,0.538533],[-0.390641,-0.42405,0.817056],[0.489267,-0.847476,-0.205916]],[[0.507346,0.641433,0.575468],[-0.620685,-0.191245,0.760378],[0.597787,-0.74296,0.3011]],[[0.507346,0.641433,0.575468],[-0.706944,-0.0720687,0.703588],[0.492778,-0.763787,0.416893]],[[0.507346,0.641433,0.575468],[-0.792317,0.0846133,0.604213],[0.33887,-0.762499,0.551147]]],"btipPosition":[-6.39446,207.837,76.6628],"carpPosition":[49.9338,124.294,120.122],"dipPosition":[1.76973,189.466,89.9413],"direction":[-0.492778,0.763787,-0.416893],"extended":false,"handId":40,"id":400,"length":53.6503,"mcpPosition":[49.9338,124.294,120.122],"pipPosition":[19.0658,162.658,104.574],"stabilizedTipPosition":[4.42463,199.699,158.623],"timeVisible":0.416206,"tipPosition":[-2.96147,204.889,81.5339],"tipVelocity":[-4.89302,-9.69199,-431.804],"tool":false,"touchDistance":0.161948,"touchZone":"hovering","type":0,"width":22.3487},{"bases":[[[0.806918,0.26485,-0.527957],[0.476155,0.237238,0.846755],[0.349515,-0.934651,0.0653219]],[[0.761058,0.371215,-0.531969],[-0.029521,0.839044,0.543262],[0.648012,-0.397749,0.649519]],[[0.761058,0.371215,-0.531969],[-0.628209,0.626191,-0.461778],[0.161695,0.685627,0.709767]],[[0.761058,0.371215,-0.531969],[-0.60066,0.093613,-0.794005],[-0.244947,0.923816,0.294219]]],"btipPosition":[11.0538,193.445,75.9797],"carpPosition":[66.0278,138.031,132.512],"dipPosition":[6.74556,209.693,81.1546],"direction":[-0.161695,-0.685627,-0.709767],"extended":false,"handId":40,"id":401,"length":60.5383,"mcpPosition":[39.4284,209.162,127.541],"pipPosition":[10.7688,226.753,98.8148],"stabilizedTipPosition":[13.1548,193.29,119.192],"timeVisible":0.416206,"tipPosition":[8.13328,204.065,78.3385],"tipVelocity":[-199.679,138.062,-346.511],"tool":false,"touchDistance":0.119499,"touchZone":"hovering","type":1,"width":21.3475},{"bases":[[[0.753645,0.0917903,-0.650841],[0.613277,0.258021,0.746536],[0.236455,-0.961769,0.138163]],[[0.73811,0.149297,-0.657955],[0.00413714,0.974189,0.225695],[0.674668,-0.169309,0.718441]],[[0.73811,0.149297,-0.657955],[-0.66226,0.346588,-0.664295],[0.128862,0.92606,0.354693]],[[0.73811,0.149297,-0.657955],[-0.628156,-0.203799,-0.750924],[-0.246201,0.967562,-0.0566443]]],"btipPosition":[27.2696,174.343,72.404],"carpPosition":[76.8208,142.356,127.311],"dipPosition":[22.5069,193.06,71.3083],"direction":[-0.128862,-0.92606,-0.354693],"extended":false,"handId":40,"id":402,"length":68.9786,"mcpPosition":[59.7555,211.768,117.34],"pipPosition":[26.2791,220.169,81.6913],"stabilizedTipPosition":[25.017,172.473,143.245],"timeVisible":0.416206,"tipPosition":[28.3591,178.134,74.4866],"tipVelocity":[-77.5406,-23.5032,-274.927],"tool":false,"touchDistance":0.0358669,"touchZone":"hovering","type":2,"width":20.9661},{"bases":[[[0.731836,-0.0704561,-0.677828],[0.672779,0.233129,0.702153],[0.108551,-0.96989,0.218014]],[[0.72401,-0.0121708,-0.689682],[0.12528,0.985536,0.114124],[0.678317,-0.169031,0.715063]],[[0.72401,-0.0121708,-0.689682],[-0.638436,0.366738,-0.676685],[0.261168,0.930245,0.257752]],[[0.72401,-0.0121708,-0.689682],[-0.680892,-0.172683,-0.711736],[-0.110434,0.984902,-0.133311]]],"btipPosition":[43.1653,169.723,67.8565],"carpPosition":[86.7218,144.573,119.659],"dipPosition":[41.0413,188.666,65.2924],"direction":[-0.261168,-0.930245,-0.257752],"extended":false,"handId":40,"id":403,"length":66.3247,"mcpPosition":[79.688,207.42,105.532],"pipPosition":[48.4891,215.194,72.6428],"stabilizedTipPosition":[44.7208,165.406,120.315],"timeVisible":0.416206,"tipPosition":[45.5483,173.219,70.2964],"tipVelocity":[-71.7965,-24.8763,-263.969],"tool":false,"touchDistance":0.043787,"touchZone":"hovering","type":3,"width":19.9505},{"bases":[[[0.618191,-0.219781,-0.754676],[0.785346,0.132723,0.604662],[-0.0327307,-0.966479,0.254653]],[[0.618262,-0.118663,-0.776963],[0.256551,0.964861,0.0567886],[0.742923,-0.234441,0.62698]],[[0.618262,-0.118663,-0.776963],[-0.648948,0.480627,-0.5898],[0.443417,0.868859,0.220148]],[[0.618262,-0.118663,-0.776963],[-0.785506,-0.059228,-0.616014],[0.02708,0.991167,-0.129829]]],"btipPosition":[58.8672,174.088,66.4287],"carpPosition":[93.3547,142.664,106.654],"dipPosition":[59.3477,191.675,64.1251],"direction":[-0.443417,-0.868859,-0.220148],"extended":false,"handId":40,"id":404,"length":51.9974,"mcpPosition":[95.3179,200.636,91.3796],"pipPosition":[68.2756,209.169,68.5576],"stabilizedTipPosition":[60.8966,170.054,111.618],"timeVisible":0.416206,"tipPosition":[61.8367,177.725,67.868],"tipVelocity":[-76.0644,-2.45011,-283.32],"tool":false,"touchDistance":-0.0683517,"touchZone":"hovering","type":4,"width":17.7216}],"r":[[0.854449,-0.0341259,0.518414],[-0.00643074,0.997069,0.0762336],[-0.519496,-0.0684715,0.851725]],"s":0.910397,"t":[-10.7325,7.7511,-45.8779],"timestamp":237564464390},{"currentFrameRate":57.6423,"devices":[],"gestures":[],"hands":[{"armBasis":[[0.882658,0.0123876,-0.469852],[0.381237,0.565814,0.731104],[0.274906,-0.82444,0.494698]],"armWidth":68.9788,"confidence":0.979457,"direction":[-0.146056,0.987816,-0.0537327],"elbow":[161.001,-117.786,254.223],"grabAngle":3.00429,"grabStrength":1,"id":40,"palmNormal":[-0.506853,-0.121365,-0.853446],"palmPosition":[62.2476,187.226,107.009],"palmVelocity":[-75.8898,75.0252,-324.475],"palmWidth":94.1244,"pinchDistance":10.046,"pinchStrength":1,"r":[[0.847008,-0.0148247,0.531374],[-0.0171836,0.998325,0.0552426],[-0.531303,-0.0559218,0.845334]],"s":0.911168,"sphereCenter":[42.2965,197.763,64.1722],"sphereRadius":39.4212,"stabilizedPalmPosition":[73.5902,175.43,157.7],"t":[-11.9927,9.57006,-51.0805],"timeVisible":0.433565,"type":"right","wrist":[84.2198,112.481,116.054]}],"id":52131,"interactionBox":{"center":[0,200,0],"size":[235.247,235.247,147.751]},"pointables":[{"bases":[[[0.766707,0.340508,0.544256],[-0.400056,-0.409633,0.819851],[0.502111,-0.846319,-0.177846]],[[0.488013,0.661977,0.568885],[-0.645917,-0.164471,0.74548],[0.587056,-0.731256,0.347318]],[[0.488013,0.661977,0.568885],[-0.728307,-0.0503802,0.683397],[0.481053,-0.747829,0.457536]],[[0.488013,0.661977,0.568885],[-0.811812,0.104819,0.574434],[0.320632,-0.742159,0.588554]]],"btipPosition":[-5.75224,207.52,67.5062],"carpPosition":[49.171,125.632,115.679],"dipPosition":[1.97256,189.64,81.6859],"direction":[-0.481053,0.747829,-0.457536],"extended":false,"handId":40,"id":400,"length":53.6503,"mcpPosition":[49.171,125.632,115.679],"pipPosition":[18.8571,163.392,97.745],"stabilizedTipPosition":[4.42393,199.7,158.615],"timeVisible":0.433565,"tipPosition":[-3.93992,204.532,73.8515],"tipVelocity":[31.1747,-11.7276,-515.546],"tool":false,"touchDistance":0.0127917,"touchZone":"hovering","type":0,"width":22.3487},{"bases":[[[0.812986,0.261889,-0.520066],[0.458727,0.262049,0.849058],[0.358642,-0.92884,0.0929066]],[[0.76223,0.375063,-0.527573],[-0.042401,0.842208,0.537483],[0.645916,-0.387316,0.657859]],[[0.76223,0.375063,-0.527573],[-0.6243,0.641316,-0.446054],[0.171043,0.669359,0.722982]],[[0.76223,0.375063,-0.527573],[-0.602096,0.111555,-0.790592],[-0.237668,0.920263,0.310855]]],"btipPosition":[8.95792,194.811,68.4],"carpPosition":[64.8945,139.834,128.022],"dipPosition":[4.7777,210.997,73.8675],"direction":[-0.171043,-0.669359,-0.722982],"extended":false,"handId":40,"id":401,"length":60.5383,"mcpPosition":[37.6004,210.522,120.952],"pipPosition":[9.03355,227.652,91.8566],"stabilizedTipPosition":[13.1548,193.29,119.192],"timeVisible":0.433565,"tipPosition":[7.31881,203.267,71.1416],"tipVelocity":[-119.041,77.8657,-432.766],"tool":false,"touchDistance":-0.00570768,"touchZone":"hovering","type":1,"width":21.3475},{"bases":[[[0.763771,0.085456,-0.639805],[0.59733,0.282096,0.750745],[0.244642,-0.955573,0.164411]],[[0.747727,0.142602,-0.648512],[-0.0223391,0.981516,0.19007],[0.66363,-0.127634,0.737092]],[[0.747727,0.142602,-0.648512],[-0.656329,0.306806,-0.689276],[0.100675,0.941029,0.323001]],[[0.747727,0.142602,-0.648512],[-0.610052,-0.238103,-0.75574],[-0.262183,0.960714,-0.0910414]]],"btipPosition":[27.2677,173.327,66.7739],"carpPosition":[75.7277,144.161,122.908],"dipPosition":[22.1958,191.912,65.0127],"direction":[-0.100675,-0.941029,-0.323001],"extended":false,"handId":40,"id":402,"length":68.9786,"mcpPosition":[58.0715,213.126,111.042],"pipPosition":[25.1429,219.459,74.468],"stabilizedTipPosition":[25.017,172.473,143.245],"timeVisible":0.433565,"tipPosition":[27.677,178.12,68.2998],"tipVelocity":[-4.20772,-60.259,-333.153],"tool":false,"touchDistance":-0.0605197,"touchZone":"hovering","type":2,"width":20.9661},{"bases":[[[0.744231,-0.0776062,-0.663399],[0.657866,0.256875,0.707974],[0.115468,-0.963324,0.242229]],[[0.735968,-0.0197018,-0.67673],[0.0965096,0.992421,0.076065],[0.670103,-0.121292,0.732291]],[[0.735968,-0.0197018,-0.67673],[-0.636004,0.3225,-0.701066],[0.232058,0.946364,0.224819]],[[0.735968,-0.0197018,-0.67673],[-0.663836,-0.217277,-0.71562],[-0.132939,0.975911,-0.172988]]],"btipPosition":[43.3711,168.557,62.915],"carpPosition":[85.735,146.315,115.376],"dipPosition":[40.8142,187.328,59.5878],"direction":[-0.232058,-0.946364,-0.224819],"extended":false,"handId":40,"id":403,"length":66.3247,"mcpPosition":[78.2529,208.737,99.6805],"pipPosition":[47.4318,214.316,65.999],"stabilizedTipPosition":[44.7208,165.406,120.315],"timeVisible":0.433565,"tipPosition":[44.9016,173.305,64.4412],"tipVelocity":[6.11892,-69.4396,-294.777],"tool":false,"touchDistance":-0.0914968,"touchZone":"hovering","type":3,"width":19.9505},{"bases":[[[0.633595,-0.229948,-0.738702],[0.773212,0.155554,0.614773],[-0.0264577,-0.960691,0.276357]],[[0.632295,-0.115065,-0.766135],[0.218672,0.975206,0.0340061],[0.743226,-0.189034,0.641779]],[[0.632295,-0.115065,-0.766135],[-0.659033,0.439992,-0.609985],[0.407282,0.890599,0.202373]],[[0.632295,-0.115065,-0.766135],[-0.774706,-0.101229,-0.624166],[-0.00573554,0.988187,-0.153148]]],"btipPosition":[59.0484,173.223,61.2406],"carpPosition":[92.6133,144.184,102.535],"dipPosition":[58.9466,190.758,58.5231],"direction":[-0.407282,-0.890599,-0.202373],"extended":false,"handId":40,"id":404,"length":51.9974,"mcpPosition":[94.2004,201.809,85.9585],"pipPosition":[67.147,208.69,62.5978],"stabilizedTipPosition":[60.8963,170.055,111.611],"timeVisible":0.433565,"tipPosition":[61.2133,177.929,62.2813],"tipVelocity":[2.72349,-50.4927,-304.357],"tool":false,"touchDistance":-0.156407,"touchZone":"hovering","type":4,"width":17.7216}],"r":[[0.847008,-0.0148247,0.531374],[-0.0171836,0.998325,0.0552426],[-0.531303,-0.0559218,0.845334]],"s":0.911168,"t":[-11.9927,9.57006,-51.0805],"timestamp":237564481749},{"currentFrameRate":57.6728,"devices":[],"gestures":[],"hands":[{"armBasis":[[0.894193,0.0160817,-0.447392],[0.366101,0.548903,0.751449],[0.257659,-0.835731,0.484938]],"armWidth":68.9788,"confidence":0.98284,"direction":[-0.154735,0.984953,-0.0769666],"elbow":[155.074,-119.907,247.89],"grabAngle":3.01,"grabStrength":1,"id":40,"palmNormal":[-0.47758,-0.14277,-0.866911],"palmPosition":[60.7855,187.995,101.716],"palmVelocity":[-84.8149,44.5649,-307.029],"palmWidth":94.1244,"pinchDistance":9.37484,"pinchStrength":1,"r":[[0.83726,0.0046344,0.546785],[-0.0280214,0.999014,0.0344402],[-0.546086,-0.0441571,0.836565]],"s":0.91099,"sphereCenter":[41.8794,197.48,58.5113],"sphereRadius":39.1144,"stabilizedPalmPosition":[73.5216,175.497,157.4],"t":[-13.3538,10.8636,-56.3281],"timeVisible":0.450803,"type":"right","wrist":[83.1095,113.514,112.446]}],"id":52132,"interactionBox":{"center":[0,200,0],"size":[235.247,235.247,147.751]},"pointables":[{"bases":[[[0.744982,0.35908,0.562195],[-0.422062,-0.398917,0.814081],[0.51659,-0.843757,-0.145632]],[[0.459226,0.68017,0.571384],[-0.675062,-0.150887,0.722167],[0.577411,-0.717357,0.389866]],[[0.459226,0.68017,0.571384],[-0.753385,-0.0425903,0.656199],[0.470663,-0.731816,0.492871]],[[0.459226,0.68017,0.571384],[-0.840025,0.123309,0.528349],[0.28891,-0.722609,0.627987]]],"btipPosition":[-5.20576,206.565,58.5562],"carpPosition":[48.0905,126.427,111.117],"dipPosition":[1.75478,189.156,73.6859],"direction":[-0.470663,0.731816,-0.492871],"extended":false,"handId":40,"id":400,"length":53.6503,"mcpPosition":[48.0905,126.427,111.117],"pipPosition":[18.2746,163.47,90.9852],"stabilizedTipPosition":[4.42393,199.7,158.615],"timeVisible":0.450803,"tipPosition":[-4.40104,203.828,65.7894],"tipVelocity":[21.5047,-49.1322,-506.525],"tool":false,"touchDistance":-0.132733,"touchZone":"hovering","type":0,"width":22.3487},{"bases":[[[0.826597,0.261377,-0.498417],[0.428128,0.282799,0.85833],[0.365299,-0.92288,0.121858]],[[0.775339,0.373,-0.509627],[-0.0670298,0.850998,0.520873],[0.627978,-0.369693,0.684815]],[[0.775339,0.373,-0.509627],[-0.616034,0.624423,-0.480206],[0.139107,0.68627,0.71392]],[[0.775339,0.373,-0.509627],[-0.576118,0.0871566,-0.812707],[-0.258722,0.923729,0.282468]]],"btipPosition":[8.76844,194.293,61.398],"carpPosition":[63.2533,141.03,123.691],"dipPosition":[4.21792,210.54,66.3662],"direction":[-0.139107,-0.68627,-0.71392],"extended":false,"handId":40,"id":401,"length":60.5383,"mcpPosition":[35.4526,211.265,114.417],"pipPosition":[7.67914,227.615,84.1298],"stabilizedTipPosition":[13.1548,193.29,119.192],"timeVisible":0.450803,"tipPosition":[6.88901,202.712,63.7909],"tipVelocity":[-15.9328,-29.2548,-412.857],"tool":false,"touchDistance":-0.124322,"touchZone":"hovering","type":1,"width":21.3475},{"bases":[[[0.783173,0.0822234,-0.616344],[0.569627,0.302586,0.764177],[0.24933,-0.949569,0.19014]],[[0.766813,0.139015,-0.626637],[-0.0429647,0.985192,0.165983],[0.640432,-0.100355,0.76143]],[[0.766813,0.139015,-0.626637],[-0.637607,0.277315,-0.718717],[0.0738632,0.950669,0.301286]],[[0.766813,0.139015,-0.626637],[-0.579494,-0.269877,-0.768995],[-0.276017,0.952807,-0.126387]]],"btipPosition":[27.6053,172.634,60.969],"carpPosition":[74.2001,145.384,118.848],"dipPosition":[22.2658,191.066,58.524],"direction":[-0.0738632,-0.950669,-0.301286],"extended":false,"handId":40,"id":402,"length":68.9786,"mcpPosition":[56.2056,213.916,105.125],"pipPosition":[24.428,218.895,67.3437],"stabilizedTipPosition":[25.017,172.473,143.243],"timeVisible":0.450803,"tipPosition":[27.5456,177.757,62.0323],"tipVelocity":[16.0158,-42.2538,-345.874],"tool":false,"touchDistance":-0.159889,"touchZone":"hovering","type":2,"width":20.9661},{"bases":[[[0.766143,-0.0814555,-0.637487],[0.631783,0.277263,0.723861],[0.117789,-0.957335,0.263885]],[[0.757701,-0.0239032,-0.652163],[0.0805015,0.99512,0.0570555],[0.647617,-0.0957311,0.755928]],[[0.757701,-0.0239032,-0.652163],[-0.617146,0.298664,-0.727964],[0.212178,0.954059,0.211546]],[[0.757701,-0.0239032,-0.652163],[-0.636781,-0.245787,-0.730821],[-0.142824,0.969029,-0.201454]]],"btipPosition":[43.6999,168.102,57.5781],"carpPosition":[84.423,147.511,111.604],"dipPosition":[40.9528,186.741,53.7034],"direction":[-0.212178,-0.954059,-0.211546],"extended":false,"handId":40,"id":403,"length":66.3247,"mcpPosition":[76.7905,209.545,94.5048],"pipPosition":[47.0036,213.948,59.7361],"stabilizedTipPosition":[44.7208,165.406,120.315],"timeVisible":0.450803,"tipPosition":[44.942,173.083,58.8387],"tipVelocity":[16.5374,-28.1485,-316.904],"tool":false,"touchDistance":-0.182543,"touchZone":"hovering","type":3,"width":19.9505},{"bases":[[[0.659636,-0.236394,-0.713442],[0.751163,0.175543,0.636348],[-0.0251886,-0.955669,0.293365]],[[0.657325,-0.110357,-0.745483],[0.195999,0.980212,0.0277157],[0.727673,-0.164332,0.665948]],[[0.657325,-0.110357,-0.745483],[-0.648477,0.421132,-0.634133],[0.383928,0.900261,0.205257]],[[0.657325,-0.110357,-0.745483],[-0.753369,-0.12107,-0.646357],[-0.0189254,0.98649,-0.162722]]],"btipPosition":[59.3659,172.896,55.9508],"carpPosition":[91.7366,145.221,99.0334],"dipPosition":[59.0301,190.4,53.0634],"direction":[-0.383928,-0.900261,-0.205257],"extended":false,"handId":40,"id":404,"length":51.9974,"mcpPosition":[93.2474,202.545,81.4366],"pipPosition":[66.7602,208.526,57.1961],"stabilizedTipPosition":[60.8956,170.058,111.584],"timeVisible":0.450803,"tipPosition":[61.264,177.846,57.1261],"tipVelocity":[15.2952,-19.4171,-309.136],"tool":false,"touchDistance":-0.245222,"touchZone":"hovering","type":4,"width":17.7216}],"r":[[0.83726,0.0046344,0.546785],[-0.0280214,0.999014,0.0344402],[-0.546086,-0.0441571,0.836565]],"s":0.91099,"t":[-13.3538,10.8636,-56.3281],"timestamp":237564498987},{"currentFrameRate":57.6723,"devices":[],"gestures":[],"hands":[{"armBasis":[[0.90331,0.0130654,-0.42879],[0.358743,0.525086,0.771743],[0.235235,-0.850949,0.469628]],"armWidth":68.9788,"confidence":0.985685,"direction":[-0.160546,0.982562,-0.0937923],"elbow":[147.668,-124.211,239.496],"grabAngle":3.04342,"grabStrength":1,"id":40,"palmNormal":[-0.45604,-0.158116,-0.875801],"palmPosition":[59.5423,187.785,96.4813],"palmVelocity":[-71.6935,-12.0653,-301.869],"palmWidth":94.1244,"pinchDistance":9.78955,"pinchStrength":1,"r":[[0.826472,0.0231727,0.562501],[-0.0380985,0.999164,0.014816],[-0.561687,-0.0336755,0.826664]],"s":0.900611,"sphereCenter":[42.5879,196.522,52.4855],"sphereRadius":38.8731,"stabilizedPalmPosition":[73.4779,175.535,157.21],"t":[-14.656,11.4058,-61.5692],"timeVisible":0.468144,"type":"right","wrist":[81.9662,113.46,108.329]}],"id":52133,"interactionBox":{"center":[0,200,0],"size":[235.247,235.247,147.751]},"pointables":[{"bases":[[[0.728809,0.372521,0.574514],[-0.43788,-0.391483,0.809322],[0.526402,-0.841409,-0.122197]],[[0.436365,0.694516,0.572043],[-0.69509,-0.143504,0.704455],[0.571345,-0.705021,0.420131]],[[0.436365,0.694516,0.572043],[-0.775087,-0.0327442,0.631006],[0.456974,-0.718732,0.524021]],[[0.436365,0.694516,0.572043],[-0.863888,0.145642,0.482167],[0.251559,-0.704582,0.663537]]],"btipPosition":[-4.49279,204.855,50.3379],"carpPosition":[47.1099,126.248,106.411],"dipPosition":[1.56787,187.88,66.3241],"direction":[-0.456974,0.718732,-0.524021],"extended":false,"handId":40,"id":400,"length":53.6503,"mcpPosition":[47.1099,126.248,106.411],"pipPosition":[17.6073,162.653,84.7168],"stabilizedTipPosition":[4.42363,199.7,158.611],"timeVisible":0.468144,"tipPosition":[-4.74181,202.462,58.396],"tipVelocity":[29.1796,-92.8671,-462.561],"tool":false,"touchDistance":-0.266421,"touchZone":"hovering","type":0,"width":22.3487},{"bases":[[[0.835975,0.261419,-0.482499],[0.405715,0.297615,0.864188],[0.369514,-0.918197,0.142737]],[[0.788767,0.363691,-0.495557],[-0.111422,0.877424,0.466596],[0.60451,-0.312819,0.732606]],[[0.788767,0.363691,-0.495557],[-0.612168,0.537761,-0.579709],[0.0556564,0.760619,0.646808]],[[0.788767,0.363691,-0.495557],[-0.525715,-0.0186493,-0.850456],[-0.318545,0.931333,0.176488]]],"btipPosition":[11.2212,189.545,56.6759],"carpPosition":[61.8604,141.138,119.137],"dipPosition":[5.61852,205.926,59.78],"direction":[-0.0556564,-0.760619,-0.646808],"extended":false,"handId":40,"id":401,"length":60.5383,"mcpPosition":[33.7389,211.017,108.275],"pipPosition":[7.00335,224.852,75.8737],"stabilizedTipPosition":[13.1102,193.291,118.337],"timeVisible":0.468144,"tipPosition":[7.3008,199.52,57.1842],"tipVelocity":[127.489,-271.998,-297.036],"tool":false,"touchDistance":-0.21017,"touchZone":"hovering","type":1,"width":21.3475},{"bases":[[[0.796717,0.0803715,-0.598985],[0.54922,0.317295,0.773099],[0.25219,-0.944915,0.208653]],[[0.780161,0.136888,-0.610418],[-0.0626789,0.98796,0.141444],[0.622431,-0.0720887,0.779348]],[[0.780161,0.136888,-0.610418],[-0.623713,0.245507,-0.742097],[0.0482778,0.959681,0.276913]],[[0.780161,0.136888,-0.610418],[-0.554116,-0.301675,-0.775853],[-0.290353,0.943533,-0.159503]]],"btipPosition":[28.0016,170.943,55.7428],"carpPosition":[72.8833,145.516,114.493],"dipPosition":[22.3847,189.195,52.6572],"direction":[-0.0482778,-0.959681,-0.276913],"extended":false,"handId":40,"id":402,"length":68.9786,"mcpPosition":[54.6824,213.712,99.4338],"pipPosition":[23.798,217.288,60.7633],"stabilizedTipPosition":[25.0175,172.474,143.219],"timeVisible":0.468144,"tipPosition":[27.282,176.651,56.1031],"tipVelocity":[19.1738,-99.9006,-309.877],"tool":false,"touchDistance":-0.249449,"touchZone":"hovering","type":2,"width":20.9661},{"bases":[[[0.78146,-0.0837058,-0.618315],[0.612498,0.291943,0.734586],[0.119023,-0.952766,0.279411]],[[0.772917,-0.0264236,-0.633957],[0.0648419,0.997191,0.0374916],[0.631185,-0.0700848,0.772459]],[[0.772917,-0.0264236,-0.633957],[-0.604657,0.272176,-0.748539],[0.192327,0.961885,0.194393]],[[0.772917,-0.0264236,-0.633957],[-0.615691,-0.272744,-0.73928],[-0.153374,0.961724,-0.227078]]],"btipPosition":[43.9777,166.662,52.6507],"carpPosition":[83.256,147.63,107.461],"dipPosition":[41.0278,185.16,48.2831],"direction":[-0.192327,-0.961885,-0.194393],"extended":false,"handId":40,"id":403,"length":66.3247,"mcpPosition":[75.5435,209.367,89.3556],"pipPosition":[46.5124,212.59,53.8266],"stabilizedTipPosition":[44.7201,165.409,120.284],"timeVisible":0.468144,"tipPosition":[44.7532,172.121,53.3685],"tipVelocity":[13.3308,-84.9199,-290.689],"tool":false,"touchDistance":-0.266557,"touchZone":"hovering","type":3,"width":19.9505},{"bases":[[[0.677967,-0.240495,-0.694639],[0.73468,0.19004,0.651253],[-0.0246135,-0.951865,0.305528]],[[0.674887,-0.106974,-0.730126],[0.175346,0.984345,0.0178589],[0.716785,-0.140078,0.683079]],[[0.674887,-0.106974,-0.730126],[-0.643138,0.39985,-0.653064],[0.361802,0.910317,0.201054]],[[0.674887,-0.106974,-0.730126],[-0.737244,-0.140133,-0.660935],[-0.0316118,0.984337,-0.17344]]],"btipPosition":[59.541,171.631,50.935],"carpPosition":[90.8793,145.232,95.096],"dipPosition":[58.9801,189.097,47.8575],"direction":[-0.361802,-0.910317,-0.201054],"extended":false,"handId":40,"id":404,"length":51.9974,"mcpPosition":[92.3557,202.327,76.7696],"pipPosition":[66.2648,207.426,51.9056],"stabilizedTipPosition":[60.8948,170.061,111.551],"timeVisible":0.468144,"tipPosition":[61.0888,177.006,51.9981],"tipVelocity":[7.11566,-73.43,-291.763],"tool":false,"touchDistance":-0.324925,"touchZone":"hovering","type":4,"width":17.7216}],"r":[[0.826472,0.0231727,0.562501],[-0.0380985,0.999164,0.014816],[-0.561687,-0.0336755,0.826664]],"s":0.900611,"t":[-14.656,11.4058,-61.5692],"timestamp":237564516328},{"currentFrameRate":57.6536,"devices":[],"gestures":[],"hands":[{"armBasis":[[0.914441,0.0238226,-0.404017],[0.334839,0.516201,0.788302],[0.227333,-0.856136,0.464058]],"armWidth":68.9788,"confidence":0.988069,"direction":[-0.169871,0.97862,-0.115961],"elbow":[144.606,-125.962,234.734],"grabAngle":3.07951,"grabStrength":1,"id":40,"palmNormal":[-0.423337,-0.178726,-0.888168],"palmPosition":[58.1961,187.087,91.5853],"palmVelocity":[-77.3351,-40.1098,-281.27],"palmWidth":94.1244,"pinchDistance":10.6824,"pinchStrength":1,"r":[[0.813405,0.042249,0.580162],[-0.0485293,0.998811,-0.0046966],[-0.57967,-0.0243346,0.814488]],"s":0.885166,"sphereCenter":[44.0928,194.856,46.3345],"sphereRadius":38.983,"stabilizedPalmPosition":[73.4452,175.56,157.069],"t":[-15.9802,11.3278,-66.6378],"timeVisible":0.485551,"type":"right","wrist":[81.1112,113.158,105.122]}],"id":52134,"interactionBox":{"center":[0,200,0],"size":[235.247,235.247,147.751]},"pointables":[{"bases":[[[0.703592,0.391776,0.59285],[-0.460573,-0.383906,0.800305],[0.541139,-0.836139,-0.0896719]],[[0.40368,0.712394,0.574053],[-0.717239,-0.143113,0.681973],[0.567988,-0.687032,0.453185]],[[0.40368,0.712394,0.574053],[-0.798348,-0.0321754,0.601337],[0.446859,-0.701041,0.55575]],[[0.40368,0.712394,0.574053],[-0.887221,0.15165,0.435708],[0.223341,-0.685198,0.693269]]],"btipPosition":[-4.17193,202.15,42.5162],"carpPosition":[46.2226,125.56,102.126],"dipPosition":[1.20889,185.642,59.2187],"direction":[-0.446859,0.701041,-0.55575],"extended":false,"handId":40,"id":400,"length":53.6503,"mcpPosition":[46.2226,125.56,102.126],"pipPosition":[16.8932,161.036,78.7251],"stabilizedTipPosition":[4.42304,199.7,158.602],"timeVisible":0.485551,"tipPosition":[-4.84138,200.193,50.8931],"tipVelocity":[9.44981,-149.191,-439.878],"tool":false,"touchDistance":-0.382966,"touchZone":"hovering","type":0,"width":22.3487},{"bases":[[[0.84875,0.264651,-0.457804],[0.371647,0.317322,0.872459],[0.376168,-0.910641,0.17097]],[[0.803998,0.35987,-0.473373],[-0.172961,0.903186,0.392861],[0.568922,-0.233985,0.788403]],[[0.803998,0.35987,-0.473373],[-0.593564,0.437991,-0.675164],[-0.0356381,0.823807,0.56575]],[[0.803998,0.35987,-0.473373],[-0.459688,-0.12882,-0.878688],[-0.377193,0.924067,0.0618568]]],"btipPosition":[14.0611,183.758,52.0529],"carpPosition":[60.3297,140.857,115.098],"dipPosition":[7.4269,200.011,53.1409],"direction":[0.0356381,-0.823807,-0.56575],"extended":false,"handId":40,"id":401,"length":60.5383,"mcpPosition":[31.7018,210.16,102.086],"pipPosition":[6.54016,220.509,67.2177],"stabilizedTipPosition":[13.0859,193.046,115.549],"timeVisible":0.485551,"tipPosition":[8.57789,194.891,50.831],"tipVelocity":[149.518,-334.164,-292.221],"tool":false,"touchDistance":-0.293787,"touchZone":"hovering","type":1,"width":21.3475},{"bases":[[[0.815892,0.0811872,-0.572476],[0.517957,0.337426,0.786044],[0.256985,-0.937844,0.233252]],[[0.799014,0.137278,-0.585433],[-0.0892972,0.989885,0.110243],[0.594645,-0.035808,0.80319]],[[0.799014,0.137278,-0.585433],[-0.60116,0.204285,-0.772576],[0.0135372,0.969238,0.245752]],[[0.799014,0.137278,-0.585433],[-0.516394,-0.342165,-0.785022],[-0.308081,0.929558,-0.202505]]],"btipPosition":[28.9604,168.412,50.7973],"carpPosition":[71.4495,145.305,110.761],"dipPosition":[23.0005,186.395,46.8798],"direction":[-0.0135372,-0.969238,-0.245752],"extended":false,"handId":40,"id":402,"length":68.9786,"mcpPosition":[52.9025,212.991,93.9273],"pipPosition":[23.3968,214.767,54.0738],"stabilizedTipPosition":[25.0192,172.474,143.158],"timeVisible":0.485551,"tipPosition":[27.5074,174.683,50.2846],"tipVelocity":[50.5482,-148.94,-295.1],"tool":false,"touchDistance":-0.32989,"touchZone":"hovering","type":2,"width":20.9661},{"bases":[[[0.803434,-0.0833784,-0.589527],[0.582853,0.312296,0.750169],[0.121559,-0.946319,0.299506]],[[0.794699,-0.0264833,-0.606426],[0.0433507,0.998973,0.0131832],[0.605454,-0.0367657,0.795031]],[[0.794699,-0.0264833,-0.606426],[-0.58469,0.23499,-0.776477],[0.163067,0.971637,0.171261]],[[0.794699,-0.0264833,-0.606426],[-0.583317,-0.309685,-0.750891],[-0.167915,0.95047,-0.261554]]],"btipPosition":[44.8866,164.463,48.2284],"carpPosition":[82.0315,147.442,104.056],"dipPosition":[41.6569,182.744,43.1977],"direction":[-0.163067,-0.971637,-0.171261],"extended":false,"handId":40,"id":403,"length":66.3247,"mcpPosition":[74.1548,208.761,84.6487],"pipPosition":[46.3071,210.452,48.0816],"stabilizedTipPosition":[44.7197,165.411,120.221],"timeVisible":0.485551,"tipPosition":[45.0571,170.406,48.1923],"tipVelocity":[48.5137,-129.21,-262.813],"tool":false,"touchDistance":-0.336857,"touchZone":"hovering","type":3,"width":19.9505},{"bases":[[[0.704681,-0.242791,-0.666692],[0.709155,0.210686,0.672838],[-0.0228963,-0.946924,0.320642]],[[0.700511,-0.102404,-0.706256],[0.149369,0.98877,0.00478575],[0.697835,-0.108845,0.70794]],[[0.700511,-0.102404,-0.706256],[-0.632483,0.369278,-0.680881],[0.33053,0.923659,0.193914]],[[0.700511,-0.102404,-0.706256],[-0.711893,-0.169516,-0.681522],[-0.0499312,0.980193,-0.191649]]],"btipPosition":[60.3123,169.714,46.498],"carpPosition":[90.1091,144.943,92.0036],"dipPosition":[59.4263,187.107,43.0974],"direction":[-0.33053,-0.92366,-0.193914],"extended":false,"handId":40,"id":404,"length":51.9974,"mcpPosition":[91.4825,201.742,72.7707],"pipPosition":[66.0813,205.704,47.0017],"stabilizedTipPosition":[60.8942,170.064,111.501],"timeVisible":0.485551,"tipPosition":[61.3739,175.526,47.3104],"tipVelocity":[40.0116,-111.104,-259.17],"tool":false,"touchDistance":-0.388436,"touchZone":"hovering","type":4,"width":17.7216}],"r":[[0.813405,0.042249,0.580162],[-0.04852