{"frames":296,"data":[{"currentFrameRate":114.43,"devices":[],"gestures":[],"hands":[{"armBasis":[[-0.230369,-0.12287,-0.965315],[0.85743,0.443461,-0.261068],[0.460157,-0.887832,0.00319214]],"armWidth":56.9994,"confidence":1,"direction":[-0.309745,0.895017,0.320941],"elbow":[161.051,43.0284,256.174],"grabAngle":3.14159,"grabStrength":1,"id":361,"palmNormal":[-0.87314,-0.401372,0.276636],"palmPosition":[25.5196,317.475,281.469],"palmVelocity":[-72.0936,-23.3361,85.1748],"palmWidth":82.0368,"pinchDistance":29.2803,"pinchStrength":0.495814,"r":[[0.322549,-0.520721,-0.790451],[-0.36483,0.702171,-0.611437],[0.873419,0.485598,0.0365097]],"s":0.439752,"sphereCenter":[-8.88253,314.646,299.636],"sphereRadius":34.9725,"stabilizedPalmPosition":[42.7308,330.17,209.101],"t":[74.4086,118.308,99.9181],"timeVisible":11.0219,"type":"right","wrist":[49.0333,259.156,255.396]}],"id":867814,"interactionBox":{"center":[0,200,0],"size":[235.247,235.247,147.751]},"pointables":[{"bases":[[[0.569052,0.611927,-0.549296],[0.814296,-0.326358,0.480013],[0.114465,-0.720441,-0.684004]],[[0.496139,0.820567,-0.283752],[0.836644,-0.364465,0.408891],[0.232105,-0.440266,-0.867348]],[[0.496139,0.820567,-0.283752],[0.650476,-0.134823,0.747465],[0.575089,-0.55542,-0.600651]],[[0.496139,0.820567,-0.283752],[0.3909,0.0807106,0.916888],[0.77527,-0.565822,-0.280716]]],"btipPosition":[-1.33319,314.292,347.231],"carpPosition":[43.5424,265.13,283.526],"dipPosition":[15.214,302.215,341.239],"direction":[-0.575089,0.55542,0.600651],"extended":true,"handId":361,"id":3610,"length":47.5295,"mcpPosition":[43.5424,265.13,283.526],"pipPosition":[33.0963,284.944,322.562],"stabilizedTipPosition":[7.55876,319.117,326.212],"timeVisible":11.0219,"tipPosition":[0.647778,313.439,343.607],"tipVelocity":[-182.04,40.6642,-0.439637],"tool":false,"touchDistance":1,"touchZone":"none","type":0,"width":18.0513},{"bases":[[[-0.423074,0.342053,-0.839052],[0.827559,0.522968,-0.204083],[0.368991,-0.780707,-0.504323]],[[-0.374613,0.243696,-0.894582],[-0.160644,0.933189,0.321484],[0.913159,0.264141,-0.310436]],[[-0.374613,0.243696,-0.894582],[-0.927176,-0.0950622,0.362365],[0.00326591,0.965182,0.261561]],[[-0.374613,0.243696,-0.894582],[-0.722378,-0.681556,0.116836],[-0.581236,0.689995,0.43136]]],"btipPosition":[1.94055,291.663,308.287],"carpPosition":[53.2098,282.255,275.159],"dipPosition":[-7.11619,302.415,315.009],"direction":[-0.00326591,-0.965182,-0.26156],"extended":false,"handId":361,"id":3611,"length":53.6318,"mcpPosition":[28.7345,334.04,308.611],"pipPosition":[-7.0442,323.69,320.774],"stabilizedTipPosition":[9.26858,314.305,266.019],"timeVisible":11.0219,"tipPosition":[-6.03812,299.071,312.645],"tipVelocity":[-77.2376,-30.3436,106.362],"tool":false,"touchDistance":1,"touchZone":"none","type":1,"width":17.2426},{"bases":[[[-0.504171,0.139233,-0.852306],[0.75202,0.556,-0.354019],[0.424592,-0.819437,-0.385025]],[[-0.506117,0.142998,-0.850528],[-0.249475,0.919729,0.303086],[0.825595,0.365582,-0.429816]],[[-0.506117,0.142998,-0.850528],[-0.839556,-0.307467,0.447895],[-0.197461,0.940753,0.275669]],[[-0.506117,0.142998,-0.850528],[-0.487168,-0.861168,0.145108],[-0.711697,0.487791,0.505516]]],"btipPosition":[3.95587,289.947,293.199],"carpPosition":[49.6376,287.229,265.899],"dipPosition":[-8.24126,298.306,301.863],"direction":[0.197461,-0.940753,-0.275669],"extended":false,"handId":361,"id":3612,"length":61.1091,"mcpPosition":[22.9296,338.774,290.118],"pipPosition":[-13.3621,322.704,309.012],"stabilizedTipPosition":[12.0554,301.111,247.233],"timeVisible":11.0219,"tipPosition":[-1.01737,291.471,295.787],"tipVelocity":[-16.0928,-42.3104,92.0913],"tool":false,"touchDistance":1,"touchZone":"none","type":2,"width":16.9345},{"bases":[[[-0.49144,-0.0251841,-0.870547],[0.727229,0.538122,-0.426101],[0.479192,-0.842491,-0.24614]],[[-0.477808,-0.0488015,-0.877108],[-0.314421,0.94181,0.118881],[0.820268,0.332583,-0.465348]],[[-0.477808,-0.0488015,-0.877108],[-0.833143,-0.291386,0.47007],[-0.278517,0.95536,0.0985679]],[[-0.477808,-0.0488015,-0.877108],[-0.421047,-0.863574,0.277415],[-0.770986,0.501855,0.392074]]],"btipPosition":[4.06416,291.162,280.194],"carpPosition":[44.3771,289.821,256.502],"dipPosition":[-9.07312,299.714,286.875],"direction":[0.278517,-0.95536,-0.0985679],"extended":false,"handId":361,"id":3613,"length":58.758,"mcpPosition":[17.3141,337.402,270.403],"pipPosition":[-16.1096,323.85,289.365],"stabilizedTipPosition":[11.453,299.908,229.678],"timeVisible":11.0219,"tipPosition":[-0.614251,292.262,281.548],"tipVelocity":[-23.928,-48.1994,88.3783],"tool":false,"touchDistance":1,"touchZone":"none","type":3,"width":16.1143},{"bases":[[[-0.546034,-0.211089,-0.810733],[0.681399,0.451094,-0.576377],[0.487383,-0.867154,-0.102477]],[[-0.533657,-0.232738,-0.813045],[-0.311946,0.947766,-0.0665512],[0.786066,0.218111,-0.578384]],[[-0.533657,-0.232738,-0.813045],[-0.795227,-0.189059,0.576082],[-0.28779,0.953986,-0.084187]],[[-0.533657,-0.232738,-0.813045],[-0.383062,-0.790588,0.477739],[-0.753972,0.566396,0.33275]]],"btipPosition":[1.27067,299.693,268.264],"carpPosition":[35.1136,287.313,247.985],"dipPosition":[-10.5816,308.597,273.495],"direction":[0.28779,-0.953986,0.084187],"extended":false,"handId":361,"id":3614,"length":46.0652,"mcpPosition":[9.63339,332.647,253.342],"pipPosition":[-15.715,325.614,271.993],"stabilizedTipPosition":[7.32747,306.307,218.621],"timeVisible":11.0219,"tipPosition":[-2.31503,300.583,269.442],"tipVelocity":[-30.046,-59.8372,87.1388],"tool":false,"touchDistance":1,"touchZone":"none","type":4,"width":14.314}],"r":[[0.322549,-0.520721,-0.790451],[-0.36483,0.702171,-0.611437],[0.873419,0.485598,0.0365097]],"s":0.439752,"t":[74.4086,118.308,99.9181],"timestamp":489248223689},{"currentFrameRate":114.529,"devices":[],"gestures":[],"hands":[{"armBasis":[[-0.228963,-0.123459,-0.965574],[0.857026,0.44481,-0.260097],[0.461608,-0.887075,0.00396278]],"armWidth":56.9994,"confidence":1,"direction":[-0.31371,0.895489,0.315729],"elbow":[161.123,42.9135,257.396],"grabAngle":3.14159,"grabStrength":1,"id":361,"palmNormal":[-0.872858,-0.402865,0.275353],"palmPosition":[24.9792,317.218,282.2],"palmVelocity":[-63.1162,-29.926,85.3571],"palmWidth":82.0368,"pinchDistance":28.4318,"pinchStrength":0.510134,"r":[[0.327908,-0.520551,-0.788355],[-0.364272,0.700293,-0.613918],[0.871655,0.488484,0.0400097]],"s":0.437645,"sphereCenter":[-9.5857,314.409,299.811],"sphereRadius":34.8741,"stabilizedPalmPosition":[42.4679,329.978,210.184],"t":[73.8166,118.014,100.615],"timeVisible":11.0304,"type":"right","wrist":[48.753,258.856,256.431]}],"id":867815,"interactionBox":{"center":[0,200,0],"size":[235.247,235.247,147.751]},"pointables":[{"bases":[[[0.569087,0.611208,-0.550058],[0.813594,-0.321582,0.484407],[0.119185,-0.723194,-0.680283]],[[0.494654,0.820694,-0.285971],[0.83379,-0.355308,0.422553],[0.245179,-0.447457,-0.86004]],[[0.494654,0.820694,-0.285971],[0.642594,-0.123833,0.756134],[0.585142,-0.557788,-0.588627]],[[0.494654,0.820694,-0.285971],[0.376442,0.094252,0.921633],[0.783332,-0.563541,-0.262321]]],"btipPosition":[-2.78946,314.451,347.17],"carpPosition":[43.1592,264.941,284.561],"dipPosition":[13.9298,302.423,341.571],"direction":[-0.585142,0.557788,0.588627],"extended":true,"handId":361,"id":3610,"length":47.5295,"mcpPosition":[43.1592,264.941,284.561],"pipPosition":[32.1247,285.079,323.268],"stabilizedTipPosition":[5.94078,317.268,331.106],"timeVisible":11.0304,"tipPosition":[-0.0338157,313.287,344.362],"tipVelocity":[-165.462,19.9435,3.49128],"tool":false,"touchDistance":1,"touchZone":"none","type":0,"width":18.0513},{"bases":[[[-0.421139,0.336874,-0.842115],[0.826635,0.524647,-0.203521],[0.373252,-0.781832,-0.499421]],[[-0.370828,0.235824,-0.898261],[-0.166871,0.934562,0.314243],[0.913587,0.266424,-0.307209]],[[-0.370828,0.235824,-0.898261],[-0.928702,-0.09401,0.358714],[0.000147899,0.967238,0.253872]],[[-0.370828,0.235824,-0.898261],[-0.723897,-0.679303,0.120505],[-0.581773,0.694935,0.422617]]],"btipPosition":[1.31099,291.329,309.132],"carpPosition":[52.8026,282.058,276.15],"dipPosition":[-7.75412,302.158,315.718],"direction":[-0.000147899,-0.967238,-0.253872],"extended":false,"handId":361,"id":3611,"length":53.6318,"mcpPosition":[28.0446,333.918,309.277],"pipPosition":[-7.75086,323.479,321.314],"stabilizedTipPosition":[8.72389,313.194,268.44],"timeVisible":11.0304,"tipPosition":[-6.57663,298.81,313.321],"tipVelocity":[-73.754,-36.9411,95.0616],"tool":false,"touchDistance":1,"touchZone":"none","type":1,"width":17.2426},{"bases":[[[-0.501548,0.13374,-0.85473],[0.75153,0.556754,-0.353876],[0.428547,-0.819841,-0.379748]],[[-0.501245,0.13316,-0.854998],[-0.261857,0.918416,0.296552],[0.824733,0.372532,-0.425483]],[[-0.501245,0.13316,-0.854998],[-0.839169,-0.315821,0.442778],[-0.211066,0.939428,0.270048]],[[-0.501245,0.13316,-0.854998],[-0.475614,-0.867842,0.143669],[-0.722872,0.478663,0.498335]]],"btipPosition":[3.89969,289.607,293.902],"carpPosition":[49.248,286.978,266.855],"dipPosition":[-8.48896,297.81,302.442],"direction":[0.211066,-0.939428,-0.270048],"extended":false,"handId":361,"id":3612,"length":61.1091,"mcpPosition":[22.2911,338.549,290.742],"pipPosition":[-13.9627,322.173,309.445],"stabilizedTipPosition":[11.7622,300.855,248.528],"timeVisible":11.0304,"tipPosition":[-1.45513,291.205,296.523],"tipVelocity":[-11.7062,-43.9046,78.7104],"tool":false,"touchDistance":1,"touchZone":"none","type":2,"width":16.9345},{"bases":[[[-0.488234,-0.0307178,-0.872172],[0.727054,0.538468,-0.425963],[0.482721,-0.842086,-0.240565]],[[-0.473824,-0.0554732,-0.87887],[-0.32344,0.939223,0.115093],[0.819071,0.338795,-0.462969]],[[-0.473824,-0.0554732,-0.87887],[-0.831876,-0.299236,0.467376],[-0.288916,0.952565,0.0956385]],[[-0.473824,-0.0554732,-0.87887],[-0.411788,-0.868221,0.276808],[-0.77841,0.493066,0.388541]]],"btipPosition":[3.93876,290.797,280.842],"carpPosition":[44.0131,289.511,257.428],"dipPosition":[-9.32503,299.198,287.462],"direction":[0.288916,-0.952565,-0.0956385],"extended":false,"handId":361,"id":3613,"length":58.758,"mcpPosition":[16.7507,337.069,271.014],"pipPosition":[-16.6242,323.264,289.879],"stabilizedTipPosition":[11.2695,299.783,230.593],"timeVisible":11.0304,"tipPosition":[-1.03186,291.942,282.302],"tipVelocity":[-18.0448,-46.7511,74.0296],"tool":false,"touchDistance":1,"touchZone":"none","type":3,"width":16.1143},{"bases":[[[-0.542457,-0.216519,-0.811702],[0.682037,0.450609,-0.576001],[0.490476,-0.866066,-0.0967621]],[[-0.528133,-0.241327,-0.814148],[-0.321986,0.944081,-0.0709714],[0.785749,0.224662,-0.576304]],[[-0.528133,-0.241327,-0.814148],[-0.794835,-0.196936,0.57398],[-0.298852,0.950251,-0.0878071]],[[-0.528133,-0.241327,-0.814148],[-0.373611,-0.794945,0.477994],[-0.762556,0.556619,0.329674]]],"btipPosition":[1.12598,299.267,268.915],"carpPosition":[34.7881,286.934,248.888],"dipPosition":[-10.8612,308.017,274.097],"direction":[0.298852,-0.950251,0.0878071],"extended":false,"handId":361,"id":3614,"length":46.0652,"mcpPosition":[9.14622,332.212,253.947],"pipPosition":[-16.192,324.967,272.531],"stabilizedTipPosition":[7.20185,306.236,219.343],"timeVisible":11.0304,"tipPosition":[-2.73764,300.204,270.15],"tipVelocity":[-20.5241,-53.9107,74.7239],"tool":false,"touchDistance":1,"touchZone":"none","type":4,"width":14.314}],"r":[[0.327908,-0.520551,-0.788355],[-0.364272,0.700293,-0.613918],[0.871655,0.488484,0.0400097]],"s":0.437645,"t":[73.8166,118.014,100.615],"timestamp":489248232251},{"currentFrameRate":114.496,"devices":[],"gestures":[],"hands":[{"armBasis":[[-0.230829,-0.124384,-0.965011],[0.856647,0.444318,-0.262178],[0.461383,-0.887192,0.00399201]],"armWidth":56.9994,"confidence":1,"direction":[-0.328043,0.894529,0.303653],"elbow":[161.284,42.6914,258.678],"grabAngle":3.14159,"grabStrength":1,"id":361,"palmNormal":[-0.869318,-0.411654,0.273546],"palmPosition":[24.3549,317.012,282.788],"palmVelocity":[-71.0184,-23.4838,66.883],"palmWidth":82.0368,"pinchDistance":27.7677,"pinchStrength":0.522142,"r":[[0.334719,-0.521218,-0.785044],[-0.364817,0.696455,-0.617948],[0.868833,0.493237,0.0429673]],"s":0.435974,"sphereCenter":[-10.4263,313.954,299.769],"sphereRadius":34.8048,"stabilizedPalmPosition":[42.1828,329.774,211.326],"t":[73.2084,117.764,101.257],"timeVisible":11.0392,"type":"right","wrist":[48.9686,258.663,257.707]}],"id":867816,"interactionBox":{"center":[0,200,0],"size":[235.247,235.247,147.751]},"pointables":[{"bases":[[[0.564765,0.612858,-0.552671],[0.814323,-0.30523,0.493673],[0.13386,-0.728862,-0.671448]],[[0.485473,0.824362,-0.291107],[0.832773,-0.334703,0.440978],[0.266091,-0.45651,-0.848996]],[[0.485473,0.824362,-0.291107],[0.634182,-0.102867,0.76631],[0.601772,-0.556638,-0.572734]],[[0.485473,0.824362,-0.291107],[0.362316,0.113325,0.92514],[0.79564,-0.554603,-0.243663]]],"btipPosition":[-4.44881,314.706,347.071],"carpPosition":[43.2208,265.015,285.851],"dipPosition":[12.5332,302.869,341.87],"direction":[-0.601772,0.556638,0.572734],"extended":true,"handId":361,"id":3610,"length":47.5295,"mcpPosition":[43.2208,265.015,285.851],"pipPosition":[31.2452,285.56,324.061],"stabilizedTipPosition":[4.15229,315.81,335.18],"timeVisible":11.0392,"tipPosition":[-1.02807,313.348,344.862],"tipVelocity":[-181.883,33.9623,-0.871392],"tool":false,"touchDistance":1,"touchZone":"none","type":0,"width":18.0513},{"bases":[[[-0.419526,0.321956,-0.84873],[0.820937,0.533571,-0.203384],[0.387377,-0.782078,-0.488152]],[[-0.365454,0.217269,-0.905117],[-0.183343,0.936527,0.298836],[0.912594,0.275158,-0.302423]],[[-0.365454,0.217269,-0.905117],[-0.930757,-0.0974369,0.352417],[-0.0116223,0.971236,0.237834]],[[-0.365454,0.217269,-0.905117],[-0.720288,-0.681925,0.127134],[-0.5896,0.698407,0.405709]]],"btipPosition":[0.684964,290.972,309.986],"carpPosition":[52.6932,282.169,277.322],"dipPosition":[-8.50211,301.854,316.308],"direction":[0.0116223,-0.971236,-0.237834],"extended":false,"handId":361,"id":3611,"length":53.6318,"mcpPosition":[26.9983,334.044,309.701],"pipPosition":[-8.7583,323.263,321.551],"stabilizedTipPosition":[8.21526,312.206,270.594],"timeVisible":11.0392,"tipPosition":[-7.09154,298.444,313.849],"tipVelocity":[-74.4033,-39.2544,90.2239],"tool":false,"touchDistance":1,"touchZone":"none","type":1,"width":17.2426},{"bases":[[[-0.497095,0.117624,-0.859687],[0.746498,0.56302,-0.354612],[0.44231,-0.81803,-0.367681]],[[-0.494768,0.113333,-0.861603],[-0.283046,0.916381,0.283075],[0.821638,0.38393,-0.421318]],[[-0.494768,0.113333,-0.861603],[-0.837395,-0.327231,0.437824],[-0.232324,0.938123,0.256809]],[[-0.494768,0.113333,-0.861603],[-0.458765,-0.876111,0.1482],[-0.738064,0.468599,0.485466]]],"btipPosition":[3.87369,289.159,294.617],"carpPosition":[49.14,286.939,267.948],"dipPosition":[-8.77531,297.19,302.937],"direction":[0.232324,-0.938123,-0.256809],"extended":false,"handId":361,"id":3612,"length":61.1091,"mcpPosition":[21.3174,338.395,291.076],"pipPosition":[-14.8003,321.519,309.597],"stabilizedTipPosition":[11.5089,300.624,249.655],"timeVisible":11.0392,"tipPosition":[-1.77289,290.803,297.193],"tipVelocity":[-9.76952,-55.4736,75.5658],"tool":false,"touchDistance":1,"touchZone":"none","type":2,"width":16.9345},{"bases":[[[-0.481437,-0.0468172,-0.875229],[0.722794,0.543621,-0.426666],[0.495769,-0.838024,-0.22788]],[[-0.466038,-0.0724436,-0.881794],[-0.341006,0.93435,0.103464],[0.816409,0.348915,-0.460147]],[[-0.466038,-0.0724436,-0.881794],[-0.82958,-0.310694,0.463968],[-0.30758,0.947745,0.0846977]],[[-0.466038,-0.0724436,-0.881794],[-0.396595,-0.873803,0.281392],[-0.790899,0.480854,0.378495]]],"btipPosition":[3.92155,290.271,281.487],"carpPosition":[43.9399,289.297,258.457],"dipPosition":[-9.55504,298.465,287.936],"direction":[0.30758,-0.947745,-0.0846977],"extended":false,"handId":361,"id":3613,"length":58.758,"mcpPosition":[15.9407,336.626,271.327],"pipPosition":[-17.3257,322.409,290.076],"stabilizedTipPosition":[11.092,299.654,231.483],"timeVisible":11.0392,"tipPosition":[-1.27877,291.399,282.982],"tipVelocity":[-7.52455,-65.1839,68.9331],"tool":false,"touchDistance":1,"touchZone":"none","type":3,"width":16.1143},{"bases":[[[-0.533586,-0.232669,-0.813112],[0.680056,0.453534,-0.576048],[0.502803,-0.860332,-0.0837717]],[[-0.517099,-0.260284,-0.81539],[-0.339352,0.936913,-0.083867],[0.785779,0.233337,-0.572805]],[[-0.517099,-0.260284,-0.81539],[-0.794996,-0.206944,0.570225],[-0.31716,0.943094,-0.0999137]],[[-0.517099,-0.260284,-0.81539],[-0.360439,-0.797836,0.483261],[-0.776333,0.543792,0.318744]]],"btipPosition":[1.04833,298.586,269.503],"carpPosition":[34.8127,286.503,249.881],"dipPosition":[-11.1554,307.134,274.514],"direction":[0.31716,-0.943094,0.0999137],"extended":false,"handId":361,"id":3614,"length":46.0652,"mcpPosition":[8.5264,331.481,254.261],"pipPosition":[-16.8128,323.957,272.732],"stabilizedTipPosition":[7.06006,306.146,220.155],"timeVisible":11.0392,"tipPosition":[-3.02534,299.507,270.728],"tipVelocity":[-14.499,-82.7498,62.4368],"tool":false,"touchDistance":1,"touchZone":"none","type":4,"width":14.314}],"r":[[0.334719,-0.521218,-0.785044],[-0.364817,0.696455,-0.617948],[0.868833,0.493237,0.0429673]],"s":0.435974,"t":[73.2084,117.764,101.257],"timestamp":489248241042},{"currentFrameRate":114.557,"devices":[],"gestures":[],"hands":[{"armBasis":[[-0.231062,-0.125711,-0.964783],[0.855954,0.445165,-0.263003],[0.46255,-0.886581,0.004742]],"armWidth":56.9994,"confidence":1,"direction":[-0.341777,0.893163,0.292316],"elbow":[161.703,42.6106,260.176],"grabAngle":3.14159,"grabStrength":1,"id":361,"palmNormal":[-0.865929,-0.420163,0.271348],"palmPosition":[23.6659,316.737,283.45],"palmVelocity":[-79.8812,-31.9221,76.7218],"palmWidth":82.0368,"pinchDistance":27.3845,"pinchStrength":0.52782,"r":[[0.342647,-0.522394,-0.780831],[-0.366107,0.691188,-0.623077],[0.865193,0.499363,0.0455813]],"s":0.434945,"sphereCenter":[-11.3047,313.411,299.908],"sphereRadius":34.7705,"stabilizedPalmPosition":[41.8849,329.564,212.487],"t":[72.5598,117.501,101.909],"timeVisible":11.0478,"type":"right","wrist":[49.1035,258.433,259.022]}],"id":867817,"interactionBox":{"center":[0,200,0],"size":[235.247,235.247,147.751]},"pointables":[{"bases":[[[0.560872,0.614628,-0.554666],[0.814532,-0.289743,0.50258],[0.148189,-0.733676,-0.663144]],[[0.477073,0.827464,-0.29615],[0.831703,-0.316168,0.456409],[0.284029,-0.464049,-0.839039]],[[0.477073,0.827464,-0.29615],[0.62767,-0.0849265,0.773833],[0.615168,-0.555059,-0.55989]],[[0.477073,0.827464,-0.29615],[0.35255,0.128486,0.92693],[0.805053,-0.546621,-0.230425]]],"btipPosition":[-5.91675,314.832,347.259],"carpPosition":[43.1776,265.021,287.169],"dipPosition":[11.2661,303.165,342.341],"direction":[-0.615168,0.555059,0.55989],"extended":true,"handId":361,"id":3610,"length":47.5295,"mcpPosition":[43.1776,265.021,287.169],"pipPosition":[30.3947,285.906,324.931],"stabilizedTipPosition":[2.41229,314.769,338.294],"timeVisible":11.0478,"tipPosition":[-2.11958,313.323,345.394],"tipVelocity":[-164.839,19.1944,29.2921],"tool":false,"touchDistance":1,"touchZone":"none","type":0,"width":18.0513},{"bases":[[[-0.417379,0.308071,-0.854919],[0.815465,0.542131,-0.202759],[0.401014,-0.781784,-0.477495]],[[-0.359786,0.200367,-0.911267],[-0.199441,0.937581,0.284896],[0.91147,0.284246,-0.297367]],[[-0.359786,0.200367,-0.911267],[-0.932696,-0.103555,0.345477],[-0.0251439,0.974233,0.224139]],[[-0.359786,0.200367,-0.911267],[-0.71551,-0.686087,0.131643],[-0.598831,0.699384,0.390209]]],"btipPosition":[0.0638016,290.558,310.84],"carpPosition":[52.4906,282.211,278.537],"dipPosition":[-9.26711,301.455,316.92],"direction":[0.0251439,-0.974233,-0.224139],"extended":false,"handId":361,"id":3611,"length":53.6318,"mcpPosition":[25.8911,334.068,310.21],"pipPosition":[-9.82136,322.93,321.861],"stabilizedTipPosition":[7.74896,311.339,272.48],"timeVisible":11.0478,"tipPosition":[-7.71403,298.024,314.446],"tipVelocity":[-75.8546,-47.6225,92.5597],"tool":false,"touchDistance":1,"touchZone":"none","type":1,"width":17.2426},{"bases":[[[-0.492223,0.102653,-0.864395],[0.741768,0.569114,-0.354809],[0.455517,-0.815826,-0.356276]],[[-0.488513,0.0960326,-0.867256],[-0.301004,0.914365,0.2708],[0.818994,0.393337,-0.417773]],[[-0.488513,0.0960326,-0.867256],[-0.835919,-0.336498,0.4336],[-0.25019,0.936775,0.244659]],[[-0.488513,0.0960326,-0.867256],[-0.445258,-0.882213,0.153119],[-0.7504,0.460953,0.473732]]],"btipPosition":[3.63927,288.676,295.402],"carpPosition":[48.9454,286.842,269.091],"dipPosition":[-9.22115,296.576,303.521],"direction":[0.25019,-0.936775,-0.244659],"extended":false,"handId":361,"id":3612,"length":61.1091,"mcpPosition":[20.292,338.16,291.502],"pipPosition":[-15.7095,320.87,309.866],"stabilizedTipPosition":[11.2868,300.416,250.631],"timeVisible":11.0478,"tipPosition":[-2.19176,290.337,297.919],"tipVelocity":[-32.8171,-59.4956,85.7403],"tool":false,"touchDistance":1,"touchZone":"none","type":2,"width":16.9345},{"bases":[[[-0.474333,-0.0617179,-0.878179],[0.718849,0.548697,-0.426835],[0.508198,-0.83374,-0.215899]],[[-0.458733,-0.0869261,-0.884312],[-0.355397,0.930084,0.0929351],[0.814406,0.356914,-0.457554]],[[-0.458733,-0.0869261,-0.884312],[-0.827719,-0.320158,0.460847],[-0.323179,0.943368,0.0749166]],[[-0.458733,-0.0869261,-0.884312],[-0.38439,-0.877852,0.285692],[-0.801129,0.470977,0.369286]]],"btipPosition":[3.71507,289.724,282.191],"carpPosition":[43.7854,289.039,259.539],"dipPosition":[-9.93584,297.749,288.484],"direction":[0.323179,-0.943368,-0.0749166],"extended":false,"handId":361,"id":3613,"length":58.758,"mcpPosition":[15.0842,336.125,271.732],"pipPosition":[-18.1006,321.582,290.376],"stabilizedTipPosition":[10.9228,299.524,232.322],"timeVisible":11.0478,"tipPosition":[-1.61556,290.804,283.714],"tipVelocity":[-28.5886,-67.9716,77.4426],"tool":false,"touchDistance":1,"touchZone":"none","type":3,"width":16.1143},{"bases":[[[-0.524537,-0.247606,-0.814587],[0.678377,0.456589,-0.575614],[0.514457,-0.854528,-0.0715277]],[[-0.506676,-0.276622,-0.816553],[-0.353051,0.930645,-0.0962027],[0.786533,0.239541,-0.569197]],[[-0.506676,-0.276622,-0.816553],[-0.795729,-0.214466,0.566409],[-0.331804,0.936741,-0.111452]],[[-0.506676,-0.276622,-0.816553],[-0.350693,-0.7991,0.488317],[-0.787587,0.533778,0.307875]]],"btipPosition":[0.798495,297.892,270.169],"carpPosition":[34.7583,286.042,250.926],"dipPosition":[-11.5822,306.283,275.008],"direction":[0.331804,-0.936741,0.111452],"extended":false,"handId":361,"id":3614,"length":46.0652,"mcpPosition":[7.86276,330.716,254.665],"pipPosition":[-17.5007,322.992,273.02],"stabilizedTipPosition":[6.90816,306.041,221.007],"timeVisible":11.0478,"tipPosition":[-3.3883,298.766,271.367],"tipVelocity":[-33.684,-84.6896,72.5522],"tool":false,"touchDistance":1,"touchZone":"none","type":4,"width":14.314}],"r":[[0.342647,-0.522394,-0.780831],[-0.366107,0.691188,-0.623077],[0.865193,0.499363,0.0455813]],"s":0.434945,"t":[72.5598,117.501,101.909],"timestamp":489248249667},{"currentFrameRate":114.595,"devices":[],"gestures":[],"hands":[{"armBasis":[[-0.229027,-0.127535,-0.965029],[0.855686,0.446241,-0.262051],[0.464057,-0.885778,0.00692874]],"armWidth":56.9994,"confidence":1,"direction":[-0.349495,0.893955,0.280532],"elbow":[162.009,42.6335,262.052],"grabAngle":3.14159,"grabStrength":1,"id":361,"palmNormal":[-0.865194,-0.422834,0.269536],"palmPosition":[23.1099,316.658,284.101],"palmVelocity":[-64.197,-9.08059,75.1943],"palmWidth":82.0368,"pinchDistance":27.054,"pinchStrength":0.530835,"r":[[0.350758,-0.524456,-0.775831],[-0.367059,0.685179,-0.629125],[0.861532,0.505446,0.0478254]],"s":0.434049,"sphereCenter":[-12.0255,313.287,300.113],"sphereRadius":34.7347,"stabilizedPalmPosition":[41.6011,329.369,213.569],"t":[71.9575,117.331,102.561],"timeVisible":11.0565,"type":"right","wrist":[49.0427,258.261,260.365]}],"id":867818,"interactionBox":{"center":[0,200,0],"size":[235.247,235.247,147.751]},"pointables":[{"bases":[[[0.560965,0.612395,-0.557037],[0.812704,-0.279304,0.511373],[0.157579,-0.739568,-0.654376]],[[0.474185,0.827053,-0.301879],[0.82854,-0.303222,0.470721],[0.297775,-0.473328,-0.82903]],[[0.474185,0.827053,-0.301879],[0.620865,-0.0710112,0.780694],[0.624239,-0.55762,-0.547161]],[[0.474185,0.827053,-0.301879],[0.343736,0.141758,0.928305],[0.810552,-0.543955,-0.217068]]],"btipPosition":[-7.19256,315.361,347.457],"carpPosition":[42.9199,265.109,288.499],"dipPosition":[10.1077,303.751,342.824],"direction":[-0.624239,0.55762,0.547161],"extended":true,"handId":361,"id":3610,"length":47.5295,"mcpPosition":[42.9199,265.109,288.499],"pipPosition":[29.5183,286.412,325.81],"stabilizedTipPosition":[0.750649,314.155,340.686],"timeVisible":11.0565,"tipPosition":[-3.10165,313.698,345.905],"tipVelocity":[-144.187,62.5487,30.4941],"tool":false,"touchDistance":1,"touchZone":"none","type":0,"width":18.0513},{"bases":[[[-0.413148,0.296502,-0.861043],[0.81347,0.545184,-0.202586],[0.40936,-0.784131,-0.466437]],[[-0.353173,0.186286,-0.916824],[-0.210334,0.939078,0.271831],[0.911608,0.288842,-0.292475]],[[-0.353173,0.186286,-0.916824],[-0.934913,-0.106652,0.338471],[-0.0347285,0.97669,0.211827]],[[-0.353173,0.186286,-0.916824],[-0.713209,-0.687832,0.13498],[-0.605476,0.701559,0.375785]]],"btipPosition":[-0.484741,290.502,311.629],"carpPosition":[52.1862,282.268,279.755],"dipPosition":[-9.9192,301.433,317.484],"direction":[0.0347285,-0.97669,-0.211827],"extended":false,"handId":361,"id":3611,"length":53.6318,"mcpPosition":[25.0332,334.28,310.694],"pipPosition":[-10.6847,322.963,322.153],"stabilizedTipPosition":[7.34128,310.621,274.067],"timeVisible":11.0565,"tipPosition":[-8.32985,298.03,315.05],"tipVelocity":[-66.0844,-5.53999,85.0799],"tool":false,"touchDistance":1,"touchZone":"none","type":1,"width":17.2426},{"bases":[[[-0.486626,0.0905227,-0.868908],[0.740701,0.570115,-0.355431],[0.463203,-0.816563,-0.344483]],[[-0.481503,0.0815375,-0.872643],[-0.31246,0.91427,0.257835],[0.818855,0.396814,-0.414747]],[[-0.481503,0.0815375,-0.872643],[-0.836704,-0.339179,0.429981],[-0.260923,0.937182,0.231539]],[[-0.481503,0.0815375,-0.872643],[-0.438454,-0.884527,0.15928],[-0.758889,0.459307,0.461653]]],"btipPosition":[3.32038,288.522,296.22],"carpPosition":[48.68,286.778,270.236],"dipPosition":[-9.68553,296.394,304.131],"direction":[0.260923,-0.937182,-0.231539],"extended":false,"handId":361,"id":3612,"length":61.1091,"mcpPosition":[19.5432,338.142,291.905],"pipPosition":[-16.4522,320.699,310.136],"stabilizedTipPosition":[11.1089,300.252,251.401],"timeVisible":11.0565,"tipPosition":[-2.65281,290.247,298.654],"tipVelocity":[-40.6826,-18.4476,88.8547],"tool":false,"touchDistance":1,"touchZone":"none","type":2,"width":16.9345},{"bases":[[[-0.467602,-0.0738648,-0.880848],[0.718429,0.548805,-0.427402],[0.514983,-0.832681,-0.203555]],[[-0.451223,-0.0999399,-0.886798],[-0.364037,0.927885,0.0806597],[0.814786,0.359222,-0.455065]],[[-0.451223,-0.0999399,-0.886798],[-0.828339,-0.322829,0.45786],[-0.332042,0.941166,0.0628836]],[[-0.451223,-0.0999399,-0.886798],[-0.378853,-0.878268,0.291747],[-0.808003,0.467609,0.358432]]],"btipPosition":[3.44718,289.486,282.967],"carpPosition":[43.5751,288.842,260.625],"dipPosition":[-10.3209,297.454,289.075],"direction":[0.332042,-0.941166,-0.0628836],"extended":false,"handId":361,"id":3613,"length":58.758,"mcpPosition":[14.4907,335.869,272.121],"pipPosition":[-18.7096,321.232,290.663],"stabilizedTipPosition":[10.785,299.418,232.996],"timeVisible":11.0565,"tipPosition":[-1.99251,290.574,284.455],"tipVelocity":[-34.0417,-28.9607,84.7031],"tool":false,"touchDistance":1,"touchZone":"none","type":3,"width":16.1143},{"bases":[[[-0.51709,-0.259398,-0.815678],[0.679611,0.454899,-0.575496],[0.520334,-0.851927,-0.0589337]],[[-0.497605,-0.290553,-0.817294],[-0.360819,0.926176,-0.109578],[0.788796,0.240369,-0.565706]],[[-0.497605,-0.290553,-0.817294],[-0.798054,-0.215815,0.562614],[-0.339853,0.932203,-0.124486]],[[-0.497605,-0.290553,-0.817294],[-0.347046,-0.796838,0.494578],[-0.794952,0.529743,0.295675]]],"btipPosition":[0.548645,297.53,270.875],"carpPosition":[34.6294,285.698,251.979],"dipPosition":[-11.9478,305.857,275.523],"direction":[0.339853,-0.932203,0.124486],"extended":false,"handId":361,"id":3614,"length":46.0652,"mcpPosition":[7.42654,330.237,255.06],"pipPosition":[-18.0099,322.486,273.303],"stabilizedTipPosition":[6.7744,305.945,221.745],"timeVisible":11.0565,"tipPosition":[-3.73473,298.397,272.013],"tipVelocity":[-31.9221,-43.4715,76.4964],"tool":false,"touchDistance":1,"touchZone":"none","type":4,"width":14.314}],"r":[[0.350758,-0.524456,-0.775831],[-0.367059,0.685179,-0.629125],[0.861532,0.505446,0.0478254]],"s":0.434049,"t":[71.9575,117.331,102.561],"timestamp":489248258328},{"currentFrameRate":114.589,"devices":[],"gestures":[],"hands":[{"armBasis":[[-0.229794,-0.131623,-0.964298],[0.854724,0.446559,-0.264636],[0.465449,-0.88502,0.00988494]],"armWidth":56.9994,"confidence":1,"direction":[-0.357385,0.894172,0.269689],"elbow":[162.256,42.6546,264.075],"grabAngle":3.14159,"grabStrength":1,"id":361,"palmNormal":[-0.862971,-0.426578,0.270763],"palmPosition":[22.5409,316.558,284.763],"palmVelocity":[-65.129,-11.4327,75.7842],"palmWidth":82.0368,"pinchDistance":26.7082,"pinchStrength":0.535042,"r":[[0.358627,-0.527139,-0.770397],[-0.368319,0.678431,-0.635668],[0.857746,0.511719,0.0491479]],"s":0.433427,"sphereCenter":[-12.6763,313.092,300.467],"sphereRadius":34.6916,"stabilizedPalmPosition":[41.3269,329.185,214.594],"t":[71.3719,117.195,103.218],"timeVisible":11.0652,"type":"right","wrist":[48.9511,258.097,261.669]}],"id":867819,"interactionBox":{"center":[0,200,0],"size":[235.247,235.247,147.751]},"pointables":[{"bases":[[[0.55841,0.610738,-0.561407],[0.812841,-0.267617,0.517369],[0.165734,-0.745238,-0.645873]],[[0.469473,0.826761,-0.309937],[0.826884,-0.288597,0.482675],[0.30961,-0.482885,-0.819124]],[[0.469473,0.826761,-0.309937],[0.616919,-0.0560227,0.78503],[0.631669,-0.559757,-0.536346]],[[0.469473,0.826761,-0.309937],[0.338813,0.155466,0.92792],[0.815353,-0.540644,-0.20713]]],"btipPosition":[-8.25182,315.89,347.748],"carpPosition":[42.7268,265.213,289.784],"dipPosition":[9.15093,304.351,343.327],"direction":[-0.631669,0.559757,0.536346],"extended":true,"handId":361,"id":3610,"length":47.5295,"mcpPosition":[42.7268,265.213,289.784],"pipPosition":[28.7925,286.945,326.649],"stabilizedTipPosition":[-0.740619,313.881,342.489],"timeVisible":11.0652,"tipPosition":[-3.89437,314.031,346.502],"tipVelocity":[-118.541,62.421,38.8402],"tool":false,"touchDistance":1,"touchZone":"none","type":0,"width":18.0513},{"bases":[[[-0.412088,0.28417,-0.865697],[0.810056,0.549231,-0.205314],[0.417124,-0.785871,-0.456525]],[[-0.349345,0.170851,-0.921286],[-0.220224,0.940721,0.257962],[0.910747,0.293007,-0.291011]],[[-0.349345,0.170851,-0.921286],[-0.936045,-0.10787,0.334937],[-0.042155,0.979374,0.197608]],[[-0.349345,0.170851,-0.921286],[-0.711145,-0.688562,0.141968],[-0.610108,0.704764,0.362045]]],"btipPosition":[-1.02097,290.425,312.579],"carpPosition":[51.8954,282.348,280.893],"dipPosition":[-10.5276,301.407,318.22],"direction":[0.042155,-0.979374,-0.197608],"extended":false,"handId":361,"id":3611,"length":53.6318,"mcpPosition":[24.2273,334.475,311.174],"pipPosition":[-11.4568,322.995,322.576],"stabilizedTipPosition":[7.00035,310.05,275.353],"timeVisible":11.0652,"tipPosition":[-8.82686,297.977,315.774],"tipVelocity":[-63.2741,-7.47517,103.135],"tool":false,"touchDistance":1,"touchZone":"none","type":1,"width":17.2426},{"bases":[[[-0.48396,0.077561,-0.871646],[0.737687,0.57198,-0.358687],[0.470743,-0.816593,-0.334031]],[[-0.475754,0.0634396,-0.877287],[-0.32654,0.913377,0.243133],[0.816719,0.402141,-0.413828]],[[-0.475754,0.0634396,-0.877287],[-0.835563,-0.344159,0.42824],[-0.274759,0.936766,0.216743]],[[-0.475754,0.0634396,-0.877287],[-0.427668,-0.888245,0.167693],[-0.768608,0.454969,0.449717]]],"btipPosition":[3.17676,288.327,297.187],"carpPosition":[48.3914,286.729,271.313],"dipPosition":[-9.99571,296.124,304.894],"direction":[0.274759,-0.936766,-0.216743],"extended":false,"handId":361,"id":3612,"length":61.1091,"mcpPosition":[18.7803,338.096,292.324],"pipPosition":[-17.1212,320.418,310.515],"stabilizedTipPosition":[10.9782,300.132,251.968],"timeVisible":11.0652,"tipPosition":[-3.01982,290.106,299.49],"tipVelocity":[-20.8233,-24.3141,105.351],"tool":false,"touchDistance":1,"touchZone":"none","type":2,"width":16.9345},{"bases":[[[-0.463636,-0.0867932,-0.881765],[0.715856,0.549737,-0.430511],[0.522104,-0.830817,-0.192746]],[[-0.445592,-0.115028,-0.887816],[-0.375003,0.924494,0.0684333],[0.812909,0.363427,-0.455083]],[[-0.445592,-0.115028,-0.887816],[-0.826756,-0.32753,0.457382],[-0.343397,0.937813,0.0508448]],[[-0.445592,-0.115028,-0.887816],[-0.369813,-0.879491,0.299557],[-0.815283,0.461806,0.349355]]],"btipPosition":[3.26524,289.204,283.853],"carpPosition":[43.3079,288.653,261.661],"dipPosition":[-10.6269,297.073,289.806],"direction":[0.343397,-0.937813,-0.0508448],"extended":false,"handId":361,"id":3613,"length":58.758,"mcpPosition":[13.8214,335.574,272.547],"pipPosition":[-19.3024,320.765,291.09],"stabilizedTipPosition":[10.6764,299.332,233.525],"timeVisible":11.0652,"tipPosition":[-2.33576,290.296,285.299],"tipVelocity":[-24.0894,-34.9412,97.2935],"tool":false,"touchDistance":1,"touchZone":"none","type":3,"width":16.1143},{"bases":[[[-0.511956,-0.271999,-0.814811],[0.678325,0.45397,-0.577743],[0.527046,-0.848486,-0.0479088]],[[-0.490103,-0.306273,-0.816086],[-0.371376,0.920381,-0.122384],[0.788593,0.243094,-0.564824]],[[-0.490103,-0.306273,-0.816086],[-0.798137,-0.218672,0.561391],[-0.350394,0.926488,-0.137276]],[[-0.490103,-0.306273,-0.816086],[-0.339866,-0.794996,0.502466],[-0.802677,0.52362,0.285538]]],"btipPosition":[0.30413,297.111,271.695],"carpPosition":[34.4197,285.349,253.016],"dipPosition":[-12.3138,305.342,276.183],"direction":[0.350394,-0.926488,0.137276],"extended":false,"handId":361,"id":3614,"length":46.0652,"mcpPosition":[6.86602,329.707,255.521],"pipPosition":[-18.5639,321.868,273.735],"stabilizedTipPosition":[6.65651,305.858,222.386],"timeVisible":11.0652,"tipPosition":[-4.10453,297.973,272.769],"tipVelocity":[-31.1829,-50.5156,89.6083],"tool":false,"touchDistance":1,"touchZone":"none","type":4,"width":14.314}],"r":[[0.358627,-0.527139,-0.770397],[-0.368319,0.678431,-0.635668],[0.857746,0.511719,0.0491479]],"s":0.433427,"t":[71.3719,117.195,103.218],"timestamp":489248267065},{"currentFrameRate":114.688,"devices":[],"gestures":[],"hands":[{"armBasis":[[-0.229798,-0.135942,-0.963697],[0.854123,0.446508,-0.266655],[0.466548,-0.884393,0.0135041]],"armWidth":56.9994,"confidence":1,"direction":[-0.359314,0.895181,0.263714],"elbow":[162.333,42.6404,266.005],"grabAngle":3.14159,"grabStrength":1,"id":361,"palmNormal":[-0.86242,-0.426487,0.272654],"palmPosition":[22.2253,316.486,285.442],"palmVelocity":[-36.9052,-8.45189,79.3663],"palmWidth":82.0368,"pinchDistance":26.3564,"pinchStrength":0.538816,"r":[[0.365255,-0.530051,-0.765268],[-0.369398,0.672046,-0.641793],[0.854479,0.517107,0.0496681]],"s":0.432853,"sphereCenter":[-13.0279,313.058,300.946],"sphereRadius":34.6465,"stabilizedPalmPosition":[41.1144,329.044,215.382],"t":[70.9213,117.091,103.886],"timeVisible":11.0738,"type":"right","wrist":[48.7598,257.93,262.718]}],"id":867820,"interactionBox":{"center":[0,200,0],"size":[235.247,235.247,147.751]},"pointables":[{"bases":[[[0.557785,0.608236,-0.564734],[0.812859,-0.262818,0.519795],[0.167736,-0.748983,-0.641006]],[[0.468687,0.824983,-0.31581],[0.825109,-0.281167,0.490041],[0.31548,-0.490253,-0.81248]],[[0.468687,0.824983,-0.31581],[0.6144,-0.0475677,0.787559],[0.634701,-0.563152,-0.529164]],[[0.468687,0.824983,-0.31581],[0.335986,0.164156,0.927452],[0.816974,-0.540792,-0.200244]]],"btipPosition":[-8.86879,316.329,348.099],"carpPosition":[42.5029,265.211,290.805],"dipPosition":[8.56855,304.787,343.826],"direction":[-0.634701,0.563152,0.529164],"extended":true,"handId":361,"id":3610,"length":47.5295,"mcpPosition":[42.5029,265.211,290.805],"pipPosition":[28.3044,287.275,327.371],"stabilizedTipPosition":[-1.87074,313.824,343.759],"timeVisible":11.0738,"tipPosition":[-4.27864,314.281,347.17],"tipVelocity":[-71.2213,51.2401,45.0872],"tool":false,"touchDistance":1,"touchZone":"none","type":0,"width":18.0513},{"bases":[[[-0.411813,0.277928,-0.867851],[0.809215,0.54945,-0.208028],[0.419024,-0.787947,-0.451174]],[[-0.347115,0.161453,-0.92382],[-0.224866,0.942005,0.249122],[0.910465,0.294209,-0.290679]],[[-0.347115,0.161453,-0.92382],[-0.936681,-0.108274,0.333025],[-0.0462582,0.980923,0.188813]],[[-0.347115,0.161453,-0.92382],[-0.710505,-0.688234,0.146684],[-0.612122,0.707295,0.35361]]],"btipPosition":[-1.26194,290.401,313.458],"carpPosition":[51.6476,282.308,281.814],"dipPosition":[-10.8,301.422,318.968],"direction":[0.0462582,-0.980923,-0.188813],"extended":false,"handId":361,"id":3611,"length":53.6318,"mcpPosition":[23.8535,334.573,311.741],"pipPosition":[-11.8196,323.045,323.13],"stabilizedTipPosition":[6.76066,309.658,276.256],"timeVisible":11.0738,"tipPosition":[-9.09761,298.006,316.528],"tipVelocity":[-29.0249,-1.69939,99.2554],"tool":false,"touchDistance":1,"touchZone":"none","type":1,"width":17.2426},{"bases":[[[-0.483292,0.0711509,-0.872563],[0.736947,0.571094,-0.361609],[0.472587,-0.817795,-0.32844]],[[-0.472888,0.0533284,-0.879507],[-0.333589,0.91303,0.234723],[0.815534,0.404391,-0.413971]],[[-0.472888,0.0533284,-0.879507],[-0.834883,-0.346222,0.427902],[-0.281686,0.936636,0.208247]],[[-0.472888,0.0533284,-0.879507],[-0.421653,-0.890152,0.172738],[-0.773683,0.452533,0.443428]]],"btipPosition":[3.13241,288.241,298.061],"carpPosition":[48.1444,286.622,272.204],"dipPosition":[-10.127,295.997,305.66],"direction":[0.281686,-0.936636,-0.208247],"extended":false,"handId":361,"id":3612,"length":61.1091,"mcpPosition":[18.4172,338.063,292.863],"pipPosition":[-17.4322,320.287,311.061],"stabilizedTipPosition":[10.8896,300.049,252.357],"timeVisible":11.0738,"tipPosition":[-3.24893,290.078,300.304],"tipVelocity":[-7.52541,-11.1719,99.2638],"tool":false,"touchDistance":1,"touchZone":"none","type":2,"width":16.9345},{"bases":[[[-0.462649,-0.0932252,-0.881626],[0.715224,0.548358,-0.433311],[0.523842,-0.831031,-0.18702]],[[-0.443424,-0.123185,-0.887807],[-0.380055,0.922899,0.0617674],[0.811747,0.364804,-0.456052]],[[-0.443424,-0.123185,-0.887807],[-0.825589,-0.329509,0.458068],[-0.348967,0.936082,0.0444114]],[[-0.443424,-0.123185,-0.887807],[-0.364827,-0.879941,0.30431],[-0.818704,0.458834,0.345245]]],"btipPosition":[3.1717,289.076,284.676],"carpPosition":[43.0662,288.474,262.536],"dipPosition":[-10.7787,296.894,290.559],"direction":[0.348967,-0.936082,-0.0444114],"extended":false,"handId":361,"id":3613,"length":58.758,"mcpPosition":[13.4815,335.408,273.098],"pipPosition":[-19.595,320.543,291.681],"stabilizedTipPosition":[10.6006,299.273,233.897],"timeVisible":11.0738,"tipPosition":[-2.57475,290.188,286.119],"tipVelocity":[-12.5074,-16.3195,94.362],"tool":false,"touchDistance":1,"touchZone":"none","type":3,"width":16.1143},{"bases":[[[-0.510684,-0.278096,-0.81355],[0.67801,0.451594,-0.57997],[0.528682,-0.847777,-0.0420701]],[[-0.486809,-0.315308,-0.814615],[-0.376844,0.917139,-0.129791],[0.788039,0.243799,-0.565293]],[[-0.486809,-0.315308,-0.814615],[-0.79765,-0.219666,0.561696],[-0.35605,0.923216,-0.14457]],[[-0.486809,-0.315308,-0.814615],[-0.335345,-0.793656,0.507596],[-0.806573,0.520279,0.280623]]],"btipPosition":[0.171179,296.912,272.499],"carpPosition":[34.1923,285.099,253.903],"dipPosition":[-12.508,305.091,276.91],"direction":[0.35605,-0.923216,0.14457],"extended":false,"handId":361,"id":3614,"length":46.0652,"mcpPosition":[6.55306,329.421,256.103],"pipPosition":[-18.859,321.559,274.332],"stabilizedTipPosition":[6.57079,305.793,222.852],"timeVisible":11.0738,"tipPosition":[-4.36032,297.784,273.54],"tipVelocity":[-17.1955,-24.6082,91.9897],"tool":false,"touchDistance":1,"touchZone":"none","type":4,"width":14.314}],"r":[[0.365255,-0.530051,-0.765268],[-0.369398,0.672046,-0.641793],[0.854479,0.517107,0.0496681]],"s":0.432853,"t":[70.9213,117.091,103.886],"timestamp":489248275616},{"currentFrameRate":114.68,"device