{"frames":97,"data":[{"currentFrameRate":57.6704,"devices":[],"gestures":[],"hands":[],"id":90713,"interactionBox":{"center":[0,200,0],"size":[235.247,235.247,147.751]},"pointables":[],"r":[[0.695491,0.683003,0.223157],[-0.66853,0.728925,-0.147435],[-0.263363,-0.0466471,0.963568]],"s":1.18567,"t":[263.103,-18.1377,-8.24592],"timestamp":238169367293},{"currentFrameRate":57.6536,"devices":[],"gestures":[],"hands":[],"id":90714,"interactionBox":{"center":[0,200,0],"size":[235.247,235.247,147.751]},"pointables":[],"r":[[0.695491,0.683003,0.223157],[-0.66853,0.728925,-0.147435],[-0.263363,-0.0466471,0.963568]],"s":1.18567,"t":[263.103,-18.1377,-8.24592],"timestamp":238169384694},{"currentFrameRate":57.6345,"devices":[],"gestures":[],"hands":[],"id":90715,"interactionBox":{"center":[0,200,0],"size":[235.247,235.247,147.751]},"pointables":[],"r":[[0.695491,0.683003,0.223157],[-0.66853,0.728925,-0.147435],[-0.263363,-0.0466471,0.963568]],"s":1.18567,"t":[263.103,-18.1377,-8.24592],"timestamp":238169402108},{"currentFrameRate":57.6786,"devices":[],"gestures":[],"hands":[],"id":90716,"interactionBox":{"center":[0,200,0],"size":[235.247,235.247,147.751]},"pointables":[],"r":[[0.695491,0.683003,0.223157],[-0.66853,0.728925,-0.147435],[-0.263363,-0.0466471,0.963568]],"s":1.18567,"t":[263.103,-18.1377,-8.24592],"timestamp":238169419299},{"currentFrameRate":57.6613,"devices":[],"gestures":[],"hands":[],"id":90717,"interactionBox":{"center":[0,200,0],"size":[235.247,235.247,147.751]},"pointables":[],"r":[[0.695491,0.683003,0.223157],[-0.66853,0.728925,-0.147435],[-0.263363,-0.0466471,0.963568]],"s":1.18567,"t":[263.103,-18.1377,-8.24592],"timestamp":238169436699},{"currentFrameRate":57.667,"devices":[],"gestures":[],"hands":[],"id":90718,"interactionBox":{"center":[0,200,0],"size":[235.247,235.247,147.751]},"pointables":[],"r":[[0.695491,0.683003,0.223157],[-0.66853,0.728925,-0.147435],[-0.263363,-0.0466471,0.963568]],"s":1.18567,"t":[263.103,-18.1377,-8.24592],"timestamp":238169454021},{"currentFrameRate":57.6723,"devices":[],"gestures":[],"hands":[],"id":90719,"interactionBox":{"center":[0,200,0],"size":[235.247,235.247,147.751]},"pointables":[],"r":[[0.695491,0.683003,0.223157],[-0.66853,0.728925,-0.147435],[-0.263363,-0.0466471,0.963568]],"s":1.18567,"t":[263.103,-18.1377,-8.24592],"timestamp":238169471343},{"currentFrameRate":57.6699,"devices":[],"gestures":[],"hands":[],"id":90720,"interactionBox":{"center":[0,200,0],"size":[235.247,235.247,147.751]},"pointables":[],"r":[[0.695491,0.683003,0.223157],[-0.66853,0.728925,-0.147435],[-0.263363,-0.0466471,0.963568]],"s":1.18567,"t":[263.103,-18.1377,-8.24592],"timestamp":238169488691},{"currentFrameRate":57.6395,"devices":[],"gestures":[],"hands":[],"id":90721,"interactionBox":{"center":[0,200,0],"size":[235.247,235.247,147.751]},"pointables":[],"r":[[0.695491,0.683003,0.223157],[-0.66853,0.728925,-0.147435],[-0.263363,-0.0466471,0.963568]],"s":1.18567,"t":[263.103,-18.1377,-8.24592],"timestamp":238169506141},{"currentFrameRate":57.6454,"devices":[],"gestures":[],"hands":[{"armBasis":[[0.831721,-0.232221,-0.504296],[0.425009,0.850742,0.3092],[0.357223,-0.471498,0.806276]],"armWidth":61.3236,"confidence":0,"direction":[0.0402775,0.943129,-0.329978],"elbow":[190.376,-19.4039,370.426],"grabAngle":2.69055,"grabStrength":0,"id":68,"palmNormal":[-0.568627,-0.249918,-0.783712],"palmPosition":[87.678,168.661,131.548],"palmVelocity":[1.19209e-7,1.19209e-7,1.19209e-7],"palmWidth":87.5681,"pinchDistance":59.269,"pinchStrength":0.461444,"r":[[1,-2.77556e-18,-3.1225e-18],[2.77556e-18,1,-1.73334e-35],[3.1225e-18,8.66668e-36,1]],"s":1,"sphereCenter":[69.0624,173.321,87.4693],"sphereRadius":47.6302,"stabilizedPalmPosition":[87.678,168.661,131.548],"t":[0,0,0],"timeVisible":0,"type":"right","wrist":[97.5532,103.113,160.919]}],"id":90722,"interactionBox":{"center":[0,200,0],"size":[235.247,235.247,147.751]},"pointables":[{"bases":[[[0.847068,0.319363,0.424833],[-0.422646,-0.0798921,0.902766],[0.322251,-0.944259,0.0673034]],[[0.687978,0.620145,0.37697],[-0.537237,0.0859708,0.839039],[0.487917,-0.779762,0.392311]],[[0.687978,0.620145,0.37697],[-0.637228,0.267605,0.722723],[0.347314,-0.737433,0.57928]],[[0.687978,0.620145,0.37697],[-0.695949,0.41648,0.584978],[0.20577,-0.664804,0.718119]]],"btipPosition":[25.9209,196.02,101.444],"carpPosition":[65.3918,119.389,155.473],"dipPosition":[30.5556,181.046,117.619],"direction":[-0.347314,0.737433,-0.57928],"extended":false,"handId":68,"id":680,"length":50.1564,"mcpPosition":[65.3918,119.389,155.473],"pipPosition":[41.9521,156.849,136.627],"stabilizedTipPosition":[26.9869,192.576,105.164],"timeVisible":0,"tipPosition":[26.9869,192.576,105.164],"tipVelocity":[1.19209e-7,1.19209e-7,1.19209e-7],"tool":false,"touchDistance":1,"touchZone":"none","type":0,"width":19.4884},{"bases":[[[0.816707,-0.0577354,-0.574156],[0.547763,0.39053,0.739893],[0.181507,-0.918778,0.350574]],[[0.825097,-0.105801,-0.554997],[0.519502,0.528237,0.671627],[0.222111,-0.84248,0.49081]],[[0.825097,-0.105801,-0.554997],[0.473447,0.665534,0.576986],[0.308324,-0.738831,0.599221]],[[0.825097,-0.105801,-0.554997],[0.422513,0.7677,0.481788],[0.375098,-0.632015,0.678129]]],"btipPosition":[47.5098,259.567,92.5344],"carpPosition":[82.8843,132.103,162.739],"dipPosition":[53.6775,249.175,103.685],"direction":[-0.308324,0.738831,-0.599221],"extended":true,"handId":68,"id":681,"length":56.5959,"mcpPosition":[70.0331,197.155,137.917],"pipPosition":[60.8495,231.988,117.624],"stabilizedTipPosition":[48.9283,257.177,95.099],"timeVisible":0,"tipPosition":[48.9283,257.177,95.099],"tipVelocity":[1.19209e-7,1.19209e-7,1.19209e-7],"tool":false,"touchDistance":1,"touchZone":"none","type":1,"width":18.6154},{"bases":[[[0.728294,-0.247059,-0.639179],[0.681803,0.354881,0.639691],[0.0687908,-0.901677,0.426903]],[[0.722859,-0.192546,-0.663627],[0.204602,0.976968,-0.0605961],[0.66001,-0.0919771,0.745605]],[[0.722859,-0.192546,-0.663627],[-0.659847,0.092755,-0.745653],[0.205128,0.976894,-0.0600023]],[[0.722859,-0.192546,-0.663627],[-0.604946,-0.640473,-0.473112],[-0.333939,0.743452,-0.579452]]],"btipPosition":[58.4433,157.215,105.892],"carpPosition":[93.2529,132.586,157.021],"dipPosition":[52.4039,170.661,95.4124],"direction":[-0.205128,-0.976894,0.0600023],"extended":false,"handId":68,"id":682,"length":64.4865,"mcpPosition":[88.634,193.129,128.357],"pipPosition":[58.0176,197.395,93.7703],"stabilizedTipPosition":[57.0542,160.308,103.482],"timeVisible":0,"tipPosition":[57.0542,160.308,103.482],"tipVelocity":[1.19209e-7,1.19209e-7,1.19209e-7],"tool":false,"touchDistance":0.558028,"touchZone":"none","type":2,"width":18.2828},{"bases":[[[0.676996,-0.4031,-0.615781],[0.73394,0.307398,0.605672],[-0.0548565,-0.861984,0.503959]],[[0.679067,-0.350687,-0.644893],[0.176972,0.930806,-0.319814],[0.712424,0.103047,0.694142]],[[0.679067,-0.350687,-0.644893],[-0.669615,0.0640705,-0.73994],[0.300806,0.934299,-0.191317]],[[0.679067,-0.350687,-0.644893],[-0.712241,-0.527431,-0.463172],[-0.177708,0.773844,-0.607935]]],"btipPosition":[70.2069,139.409,105.522],"carpPosition":[102.358,130.699,149.719],"dipPosition":[67.0114,153.324,94.5907],"direction":[-0.300806,-0.934299,0.191317],"extended":false,"handId":68,"id":683,"length":62.0055,"mcpPosition":[105.665,182.663,119.338],"pipPosition":[75.031,178.232,89.4902],"stabilizedTipPosition":[69.4719,142.609,103.008],"timeVisible":0,"tipPosition":[69.4719,142.609,103.008],"tipVelocity":[1.19209e-7,1.19209e-7,1.19209e-7],"tool":false,"touchDistance":0.550133,"touchZone":"none","type":3,"width":17.3972},{"bases":[[[0.53546,-0.545369,-0.644868],[0.822553,0.163589,0.544651],[-0.191542,-0.822077,0.536191]],[[0.55638,-0.429675,-0.711211],[0.276105,0.902889,-0.32948],[0.783714,-0.0130525,0.620984]],[[0.55638,-0.429675,-0.711211],[-0.706602,0.205707,-0.677051],[0.437213,0.879241,-0.189158]],[[0.55638,-0.429675,-0.711211],[-0.825722,-0.381567,-0.41544],[-0.0928704,0.818405,-0.567088]]],"btipPosition":[84.9037,140.465,100.72],"carpPosition":[107.573,124.271,138.806],"dipPosition":[83.3631,154.041,91.3129],"direction":[-0.437213,-0.879241,0.189158],"extended":false,"handId":68,"id":684,"length":48.6111,"mcpPosition":[118.262,170.147,108.884],"pipPosition":[91.5929,170.591,87.7523],"stabilizedTipPosition":[84.5494,143.587,98.5564],"timeVisible":0,"tipPosition":[84.5494,143.587,98.5564],"tipVelocity":[1.19209e-7,1.19209e-7,1.19209e-7],"tool":false,"touchDistance":0.47594,"touchZone":"none","type":4,"width":15.4536}],"r":[[1,-2.77556e-18,-3.1225e-18],[2.77556e-18,1,-1.73334e-35],[3.1225e-18,8.66668e-36,1]],"s":1,"t":[0,0,0],"timestamp":238169523469},{"currentFrameRate":57.6637,"devices":[],"gestures":[],"hands":[{"armBasis":[[0.866509,-0.124972,-0.483264],[0.334698,0.863728,0.376765],[0.370324,-0.488218,0.790255]],"armWidth":64.0186,"confidence":0.0907861,"direction":[0.0153205,0.888787,-0.458064],"elbow":[194.716,-15.9518,372.275],"grabAngle":2.65572,"grabStrength":0,"id":68,"palmNormal":[-0.40696,-0.412913,-0.814792],"palmPosition":[86.9933,171.969,128.631],"palmVelocity":[-39.6182,191.441,-168.835],"palmWidth":87.5681,"pinchDistance":66.1612,"pinchStrength":0.144903,"r":[[0.999299,0.0214959,0.0306633],[-0.0205673,0.99933,-0.0302834],[-0.0312937,0.0296315,0.999071]],"s":1.02204,"sphereCenter":[70.7488,175.075,91.159],"sphereRadius":44.9122,"stabilizedPalmPosition":[87.653,168.782,131.442],"t":[-0.342321,1.65415,-1.45882],"timeVisible":0.017281,"type":"right","wrist":[98.4893,110.91,166.93]}],"id":90723,"interactionBox":{"center":[0,200,0],"size":[235.247,235.247,147.751]},"pointables":[{"bases":[[[0.734502,0.462716,0.496387],[-0.559013,-0.00213078,0.829156],[0.384722,-0.886504,0.2571]],[[0.539566,0.758364,0.365722],[-0.668186,0.121424,0.734019],[0.512246,-0.640422,0.572244]],[[0.539566,0.758364,0.365722],[-0.706305,0.17128,0.686875],[0.45826,-0.628925,0.628053]],[[0.539566,0.758364,0.365722],[-0.732881,0.209234,0.647384],[0.414431,-0.617337,0.668686]]],"btipPosition":[17.6768,187.591,94.903],"carpPosition":[65.2512,124.275,156.006],"dipPosition":[26.4729,174.488,109.095],"direction":[-0.45826,0.628925,-0.628053],"extended":true,"handId":68,"id":680,"length":47.2638,"mcpPosition":[65.2512,124.275,156.006],"pipPosition":[40.6427,155.041,128.515],"stabilizedTipPosition":[24.3461,189.677,102.629],"timeVisible":0.017281,"tipPosition":[24.6833,185.015,94.1126],"tipVelocity":[-421.676,-462.851,-404.894],"tool":false,"touchDistance":1,"touchZone":"none","type":0,"width":20.7209},{"bases":[[[0.902924,-0.046844,-0.42724],[0.38195,0.54327,0.747644],[0.197084,-0.83825,0.508424]],[[0.914404,-0.104778,-0.391007],[0.379306,0.559159,0.737203],[0.141392,-0.822413,0.55104]],[[0.914404,-0.104778,-0.391007],[0.346914,0.700596,0.623551],[0.208603,-0.705823,0.676977]],[[0.914404,-0.104778,-0.391007],[0.317322,0.78527,0.531655],[0.25134,-0.610223,0.751303]]],"btipPosition":[52.2263,255.975,79.9153],"carpPosition":[80.1563,139.655,163.863],"dipPosition":[56.1207,246.52,91.5566],"direction":[-0.208603,0.705823,-0.676977],"extended":true,"handId":68,"id":681,"length":53.3319,"mcpPosition":[66.2022,199.005,127.866],"pipPosition":[60.6933,231.048,106.396],"stabilizedTipPosition":[49.1779,256.976,94.3549],"timeVisible":0.017281,"tipPosition":[50.1134,251.79,77.8262],"tipVelocity":[242.675,-195.388,-723.693],"tool":false,"touchDistance":1,"touchZone":"none","type":1,"width":19.7926},{"bases":[[[0.842818,-0.251587,-0.475775],[0.533336,0.508994,0.675632],[0.0721863,-0.823182,0.56317]],[[0.836973,-0.201773,-0.508689],[0.00977826,0.934911,-0.354747],[0.547157,0.29194,0.784468]],[[0.836973,-0.201773,-0.508689],[-0.540663,-0.161152,-0.82566],[0.0846197,0.966084,-0.243971]],[[0.836973,-0.201773,-0.508689],[-0.473817,-0.73229,-0.48913],[-0.273814,0.650414,-0.708511]]],"btipPosition":[64.9748,146.983,106.053],"carpPosition":[91.2551,140.471,159.792],"dipPosition":[60.3084,158.067,93.9787],"direction":[-0.0846197,-0.966084,0.243971],"extended":false,"handId":68,"id":682,"length":60.7675,"mcpPosition":[86.4082,195.743,121.978],"pipPosition":[62.4906,182.981,87.687],"stabilizedTipPosition":[61.073,153.983,103.361],"timeVisible":0.017281,"tipPosition":[62.9453,153.767,100.023],"tipVelocity":[396.232,-623.555,-11.8919],"tool":false,"touchDistance":0.554603,"touchZone":"none","type":2,"width":19.439},{"bases":[[[0.801635,-0.407633,-0.437283],[0.594218,0.463218,0.657521],[-0.0654697,-0.786934,0.613554]],[[0.804118,-0.359711,-0.473288],[0.140918,0.888801,-0.436091],[0.577525,0.283974,0.765391]],[[0.804118,-0.359711,-0.473288],[-0.548779,-0.143083,-0.823631],[0.22855,0.922028,-0.312458]],[[0.804118,-0.359711,-0.473288],[-0.572746,-0.682047,-0.454724],[-0.159235,0.636725,-0.75447]]],"btipPosition":[79.0781,140.582,106.968],"carpPosition":[101.576,138.602,154.335],"dipPosition":[76.38,151.371,94.1837],"direction":[-0.22855,-0.922028,0.312458],"extended":false,"handId":68,"id":683,"length":58.4295,"mcpPosition":[105.523,186.041,117.347],"pipPosition":[82.1218,174.535,86.334],"stabilizedTipPosition":[72.3726,142.756,103.337],"timeVisible":0.017281,"tipPosition":[76.5947,141.078,102.371],"tipVelocity":[519.972,26.2928,58.9914],"tool":false,"touchDistance":0.567124,"touchZone":"none","type":3,"width":18.4974},{"bases":[[[0.679395,-0.566868,-0.465922],[0.703533,0.322821,0.633109],[-0.20848,-0.757923,0.618134]],[[0.701519,-0.457918,-0.546061],[0.260281,0.877938,-0.401844],[0.663419,0.139772,0.735077]],[[0.701519,-0.457918,-0.546061],[-0.607908,0.0153655,-0.793859],[0.371913,0.888862,-0.267593]],[[0.701519,-0.457918,-0.546061],[-0.708547,-0.530285,-0.465574],[-0.0763729,0.713519,-0.696461]]],"btipPosition":[94.0168,142.249,103.008],"carpPosition":[109.06,131.356,145.441],"dipPosition":[92.823,153.403,92.1212],"direction":[-0.371913,-0.888862,0.267593],"extended":false,"handId":68,"id":684,"length":45.8077,"mcpPosition":[120.694,173.651,110.946],"pipPosition":[99.4198,169.169,87.3747],"stabilizedTipPosition":[87.6152,143.996,99.206],"timeVisible":0.017281,"tipPosition":[91.9435,142.92,99.8524],"tipVelocity":[531.962,71.0299,112.71],"tool":false,"touchDistance":0.508402,"touchZone":"none","type":4,"width":16.4309}],"r":[[0.999299,0.0214959,0.0306633],[-0.0205673,0.99933,-0.0302834],[-0.0312937,0.0296315,0.999071]],"s":1.02204,"t":[-0.342321,1.65415,-1.45882],"timestamp":238169540750},{"currentFrameRate":57.6353,"devices":[],"gestures":[],"hands":[{"armBasis":[[0.864619,-0.0930687,-0.493734],[0.332986,0.842026,0.424397],[0.376238,-0.531348,0.759022]],"armWidth":64.0186,"confidence":0.180924,"direction":[0.0252375,0.890464,-0.454354],"elbow":[194.509,-24.7944,360.516],"grabAngle":2.66642,"grabStrength":0,"id":68,"palmNormal":[-0.3864,-0.410486,-0.825952],"palmPosition":[85.8496,174.826,125.426],"palmVelocity":[-65.5598,163.75,-183.685],"palmWidth":87.5681,"pinchDistance":68.954,"pinchStrength":0,"r":[[0.99744,0.0396397,0.0595232],[-0.0364122,0.997857,-0.0543622],[-0.0615506,0.0520557,0.996746]],"s":1.04977,"sphereCenter":[64.3652,180.857,91.7319],"sphereRadius":45.1736,"stabilizedPalmPosition":[87.558,169.1,131.125],"t":[-1.08533,3.90953,-3.79043],"timeVisible":0.034726,"type":"right","wrist":[96.7448,113.274,163.287]}],"id":90724,"interactionBox":{"center":[0,200,0],"size":[235.247,235.247,147.751]},"pointables":[{"bases":[[[0.721536,0.461874,0.515808],[-0.579055,-0.005874,0.815268],[0.379581,-0.886926,0.263212]],[[0.529705,0.757448,0.381687],[-0.676745,0.106155,0.728524],[0.511301,-0.644208,0.56883]],[[0.529705,0.757448,0.381687],[-0.628107,0.0478889,0.776652],[0.569995,-0.651137,0.501125]],[[0.529705,0.757448,0.381687],[-0.596921,0.0132094,0.802192],[0.602576,-0.652762,0.459133]]],"btipPosition":[8.53625,191.941,99.525],"carpPosition":[63.5135,127.004,152.092],"dipPosition":[21.3256,178.086,109.27],"direction":[-0.569995,0.651137,-0.501125],"extended":true,"handId":68,"id":680,"length":47.2638,"mcpPosition":[63.5135,127.004,152.092],"pipPosition":[38.9504,157.952,124.765],"stabilizedTipPosition":[16.5044,189.115,102.103],"timeVisible":0.034726,"tipPosition":[18.2985,188.311,95.2542],"tipVelocity":[-471.315,239.421,206.311],"tool":false,"touchDistance":1,"touchZone":"none","type":0,"width":20.7209},{"bases":[[[0.913135,-0.0441085,-0.405265],[0.362852,0.541053,0.758683],[0.185805,-0.839831,0.510059]],[[0.925619,-0.115297,-0.360468],[0.362672,0.542439,0.757779],[0.108162,-0.832146,0.543907]],[[0.925619,-0.115297,-0.360468],[0.333623,0.698264,0.633343],[0.178679,-0.706495,0.684791]],[[0.925619,-0.115297,-0.360468],[0.313283,0.7678,0.558872],[0.212331,-0.63023,0.74681]]],"btipPosition":[53.6247,259.511,76.4778],"carpPosition":[78.2011,142.375,160.365],"dipPosition":[56.9147,249.745,88.0495],"direction":[-0.178679,0.706495,-0.684791],"extended":true,"handId":68,"id":681,"length":53.3319,"mcpPosition":[65.0456,201.837,124.252],"pipPosition":[60.8313,234.259,103.06],"stabilizedTipPosition":[49.5841,256.998,93.167],"timeVisible":0.034726,"tipPosition":[50.5015,255.011,74.4968],"tipVelocity":[72.1917,198.599,-197.967],"tool":false,"touchDistance":1,"touchZone":"none","type":1,"width":19.7926},{"bases":[[[0.854516,-0.248753,-0.455987],[0.515996,0.507237,0.69026],[0.0595893,-0.825126,0.561797]],[[0.849405,-0.198827,-0.488855],[0.000864671,0.926837,-0.375462],[0.527741,0.318497,0.787432]],[[0.849405,-0.198827,-0.488855],[-0.521737,-0.177041,-0.834534],[0.0793809,0.963911,-0.254115]],[[0.849405,-0.198827,-0.488855],[-0.449851,-0.757131,-0.473695],[-0.275943,0.62227,-0.732554]]],"btipPosition":[64.9803,149.237,103.464],"carpPosition":[89.3947,143.22,156.568],"dipPosition":[60.2776,159.842,90.9796],"direction":[-0.0793809,-0.963911,0.254115],"extended":false,"handId":68,"id":682,"length":60.7675,"mcpPosition":[85.3936,198.622,118.847],"pipPosition":[62.3247,184.7,84.4263],"stabilizedTipPosition":[62.3091,152.974,102.15],"timeVisible":0.034726,"tipPosition":[62.6562,156.238,96.5783],"tipVelocity":[-0.162896,122.918,-153.831],"tool":false,"touchDistance":0.509877,"touchZone":"none","type":2,"width":19.439},{"bases":[[[0.812626,-0.404991,-0.419073],[0.577365,0.461607,0.673475],[-0.0793045,-0.789241,0.608941]],[[0.815919,-0.356936,-0.454833],[0.150585,0.890725,-0.428875],[0.558212,0.281436,0.780508]],[[0.815919,-0.356936,-0.454833],[-0.530077,-0.1477,-0.834987],[0.230858,0.922378,-0.309715]],[[0.815919,-0.356936,-0.454833],[-0.558015,-0.692043,-0.457926],[-0.151314,0.627434,-0.763826]]],"btipPosition":[78.7746,143.755,103.746],"carpPosition":[99.8481,141.384,151.358],"dipPosition":[76.2107,154.387,90.8037],"direction":[-0.230858,-0.922378,0.309715],"extended":false,"handId":68,"id":683,"length":58.4295,"mcpPosition":[104.629,188.963,114.649],"pipPosition":[82.0105,177.56,83.0228],"stabilizedTipPosition":[73.9659,143.7,102.633],"timeVisible":0.034726,"tipPosition":[76.1902,144.073,98.8607],"tipVelocity":[-15.6281,179.824,-186.756],"tool":false,"touchDistance":0.512824,"touchZone":"none","type":3,"width":18.4974},{"bases":[[[0.691342,-0.564281,-0.451256],[0.68744,0.321443,0.65123],[-0.222424,-0.760435,0.610137]],[[0.715349,-0.454427,-0.530821],[0.272061,0.880839,-0.387435],[0.643629,0.132736,0.753739]],[[0.715349,-0.454427,-0.530821],[-0.589598,0.01518,-0.807554],[0.375032,0.890655,-0.257071]],[[0.715349,-0.454427,-0.530821],[-0.695495,-0.536464,-0.47801],[-0.0675457,0.711128,-0.699811]]],"btipPosition":[93.7331,145.445,99.9041],"carpPosition":[107.556,134.181,142.623],"dipPosition":[92.6772,156.562,88.9647],"direction":[-0.375032,-0.890655,0.257071],"extended":false,"handId":68,"id":684,"length":45.8077,"mcpPosition":[119.969,176.616,108.575],"pipPosition":[99.3294,172.36,84.4049],"stabilizedTipPosition":[89.3201,145.159,98.6784],"timeVisible":0.034726,"tipPosition":[91.5761,145.926,96.686],"tipVelocity":[-14.4453,182.723,-178.624],"tool":false,"touchDistance":0.456467,"touchZone":"none","type":4,"width":16.4309}],"r":[[0.99744,0.0396397,0.0595232],[-0.0364122,0.997857,-0.0543622],[-0.0615506,0.0520557,0.996746]],"s":1.04977,"t":[-1.08533,3.90953,-3.79043],"timestamp":238169558195},{"currentFrameRate":57.6475,"devices":[],"gestures":[],"hands":[{"armBasis":[[0.869473,-0.0639995,-0.489818],[0.329237,0.814304,0.47803],[0.368267,-0.5769,0.729086]],"armWidth":64.0186,"confidence":0.267441,"direction":[0.0240183,0.886482,-0.462139],"elbow":[190.896,-34.9992,348.531],"grabAngle":2.6597,"grabStrength":0,"id":68,"palmNormal":[-0.368258,-0.42192,-0.828474],"palmPosition":[84.3719,176.476,121.03],"palmVelocity":[-85.3903,95.339,-254.038],"palmWidth":87.5681,"pinchDistance":69.9306,"pinchStrength":0,"r":[[0.994719,0.0567881,0.0854905],[-0.0503257,0.995842,-0.0759385],[-0.0894475,0.0712351,0.993441]],"s":1.0707,"sphereCenter":[62.5179,182.584,87.702],"sphereRadius":45.2983,"stabilizedPalmPosition":[87.433,169.389,130.729],"t":[-2.19571,5.86219,-7.15441],"timeVisible":0.052032,"type":"right","wrist":[95.2038,114.906,159.081]}],"id":90725,"interactionBox":{"center":[0,200,0],"size":[235.247,235.247,147.751]},"pointables":[{"bases":[[[0.70806,0.473869,0.523545],[-0.59267,-0.00429493,0.805434],[0.383919,-0.880585,0.277807]],[[0.510933,0.771031,0.380076],[-0.690452,0.104705,0.715761],[0.512078,-0.62813,0.585857]],[[0.510933,0.771031,0.380076],[-0.632614,0.0378966,0.77354],[0.58202,-0.635669,0.507128]],[[0.510933,0.771031,0.380076],[-0.592526,-0.00444175,0.805539],[0.622784,-0.636782,0.454587]]],"btipPosition":[6.25165,192.022,94.2864],"carpPosition":[62.0669,128.676,147.76],"dipPosition":[19.4699,178.507,103.935],"direction":[-0.58202,0.635669,-0.507128],"extended":true,"handId":68,"id":680,"length":47.2638,"mcpPosition":[62.0669,128.676,147.76],"pipPosition":[37.4665,158.852,119.616],"stabilizedTipPosition":[13.7499,189.038,99.9654],"timeVisible":0.052032,"tipPosition":[16.6026,188.992,90.1307],"tipVelocity":[-126.312,9.22788,-303.99],"tool":false,"touchDistance":1,"touchZone":"none","type":0,"width":20.7209},{"bases":[[[0.920252,-0.0385442,-0.389424],[0.344547,0.551621,0.759606],[0.185536,-0.833204,0.520911]],[[0.933024,-0.111835,-0.341994],[0.345264,0.545825,0.763458],[0.101287,-0.830403,0.54788]],[[0.933024,-0.111835,-0.341994],[0.319517,0.694576,0.644572],[0.165455,-0.710674,0.683789]],[[0.933024,-0.111835,-0.341994],[0.301597,0.761426,0.573821],[0.196229,-0.638532,0.744157]]],"btipPosition":[52.7081,261.089,71.3885],"carpPosition":[76.4583,144.269,156.136],"dipPosition":[55.7487,251.195,82.9191],"direction":[-0.165455,0.710674,-0.683789],"extended":true,"handId":68,"id":681,"length":53.3319,"mcpPosition":[63.3218,203.262,119.254],"pipPosition":[59.3754,235.617,97.9076],"stabilizedTipPosition":[49.7605,257.082,92.2847],"timeVisible":0.052032,"tipPosition":[49.3709,256.023,69.111],"tipVelocity":[-56.2766,89.4675,-294.623],"tool":false,"touchDistance":1,"touchZone":"none","type":1,"width":19.7926},{"bases":[[[0.864547,-0.244228,-0.439217],[0.499156,0.518737,0.694086],[0.0583225,-0.819308,0.57038]],[[0.859494,-0.19466,-0.472629],[-0.00197391,0.923374,-0.383896],[0.511142,0.330889,0.79325]],[[0.859494,-0.19466,-0.472629],[-0.505876,-0.191513,-0.841078],[0.0732095,0.961993,-0.263078]],[[0.859494,-0.19466,-0.472629],[-0.432777,-0.769143,-0.470237],[-0.271983,0.608709,-0.745318]]],"btipPosition":[64.1933,150.559,99.0339],"carpPosition":[87.7054,145.194,152.52],"dipPosition":[59.5581,160.933,86.332],"direction":[-0.0732095,-0.961993,0.263078],"extended":false,"handId":68,"id":682,"length":60.7675,"mcpPosition":[83.7894,200.205,114.222],"pipPosition":[61.4461,185.741,79.5476],"stabilizedTipPosition":[62.5099,152.967,100.668],"timeVisible":0.052032,"tipPosition":[61.8653,157.359,91.9995],"tipVelocity":[-44.5763,73.3063,-258.878],"tool":false,"touchDistance":0.435208,"touchZone":"none","type":2,"width":19.439},{"bases":[[[0.823601,-0.400539,-0.401558],[0.561254,0.47358,0.678761],[-0.0817002,-0.784405,0.614845]],[[0.827019,-0.352782,-0.437704],[0.14918,0.888396,-0.434164],[0.54202,0.293765,0.787348]],[[0.827019,-0.352782,-0.437704],[-0.513246,-0.156118,-0.843923],[0.229387,0.92259,-0.310176]],[[0.827019,-0.352782,-0.437704],[-0.54302,-0.702808,-0.459554],[-0.1455,0.617742,-0.772803]]],"btipPosition":[77.9287,145.155,99.4225],"carpPosition":[98.2633,143.417,147.504],"dipPosition":[75.4634,155.623,86.3279],"direction":[-0.229387,-0.92259,0.310176],"extended":false,"handId":68,"id":683,"length":58.4295,"mcpPosition":[103.189,190.704,110.438],"pipPosition":[81.2262,178.801,78.5355],"stabilizedTipPosition":[74.4898,144.296,101.673],"timeVisible":0.052032,"tipPosition":[75.4854,145.402,94.6073],"tipVelocity":[-47.5683,78.7125,-251.859],"tool":false,"touchDistance":0.44018,"touchZone":"none","type":3,"width":18.4974},{"bases":[[[0.704477,-0.56134,-0.434292],[0.673084,0.334343,0.659677],[-0.2251,-0.757042,0.613366]],[[0.728744,-0.451869,-0.514535],[0.270365,0.880196,-0.390074],[0.629154,0.145152,0.763607]],[[0.728744,-0.451869,-0.514535],[-0.571523,0.012563,-0.82049],[0.377218,0.891996,-0.249098]],[[0.728744,-0.451869,-0.514535],[-0.682523,-0.540324,-0.492151],[-0.0556278,0.709834,-0.702169]]],"btipPosition":[92.7549,146.886,95.6469],"carpPosition":[106.19,136.212,138.967],"dipPosition":[91.8853,157.982,84.6707],"direction":[-0.377218,-0.891996,0.249098],"extended":false,"handId":68,"id":684,"length":45.8077,"mcpPosition":[118.751,178.458,104.739],"pipPosition":[98.5763,173.804,80.2523],"stabilizedTipPosition":[89.8624,145.876,97.7469],"timeVisible":0.052032,"tipPosition":[90.9077,147.418,92.6702],"tipVelocity":[-54.0467,82.95,-246.484],"tool":false,"touchDistance":0.385373,"touchZone":"none","type":4,"width":16.4309}],"r":[[0.994719,0.0567881,0.0854905],[-0.0503257,0.995842,-0.0759385],[-0.0894475,0.0712351,0.993441]],"s":1.0707,"t":[-2.19571,5.86219,-7.15441],"timestamp":238169575501},{"currentFrameRate":57.6403,"devices":[],"gestures":[],"hands":[{"armBasis":[[0.878813,-0.0481909,-0.474726],[0.318836,0.799494,0.509071],[0.355008,-0.598738,0.717971]],"armWidth":64.0186,"confidence":0.350161,"direction":[0.0183505,0.883768,-0.467566],"elbow":[186.002,-39.2557,341.162],"grabAngle":2.6665,"grabStrength":0,"id":68,"palmNormal":[-0.352296,-0.431937,-0.830252],"palmPosition":[82.7488,177.762,116.292],"palmVelocity":[-93.4241,74.0631,-272.713],"palmWidth":87.5681,"pinchDistance":70.1568,"pinchStrength":0,"r":[[0.991388,0.0735908,0.108327],[-0.0633778,0.993469,-0.0948807],[-0.114602,0.087198,0.989577]],"s":1.08698,"sphereCenter":[62.021,183.112,82.201],"sphereRadius":45.4285,"stabilizedPalmPosition":[87.3044,169.619,130.333],"t":[-3.56243,7.48187,-11.2053],"timeVisible":0.069405,"type":"right","wrist":[93.7544,116.324,154.6]}],"id":90726,"interactionBox":{"center":[0,200,0],"size":[235.247,235.247,147.751]},"pointables":[{"bases":[[[0.695211,0.486374,0.529266],[-0.602663,-0.00690666,0.797966],[0.391765,-0.873724,0.288318]],[[0.494759,0.781337,0.380429],[-0.696958,0.0952661,0.710755],[0.519097,-0.616796,0.591693]],[[0.494759,0.781337,0.380429],[-0.64293,0.0345729,0.765144],[0.584683,-0.623151,0.51945]],[[0.494759,0.781337,0.380429],[-0.608774,-0.000785554,0.793343],[0.620167,-0.624109,0.475269]]],"btipPosition":[4.55082,191.993,88.4777],"carpPosition":[60.7301,129.847,143.052],"dipPosition":[17.7135,178.746,98.5651],"direction":[-0.584683,0.623151,-0.51945],"extended":true,"handId":68,"id":680,"length":47.2638,"mcpPosition":[60.7301,129.847,143.052],"pipPosition":[35.7925,159.478,114.627],"stabilizedTipPosition":[12.439,189.019,98.0181],"timeVisible":0.069405,"tipPosition":[15.0764,189.193,84.5836],"tipVelocity":[-98.6361,1.84363,-328.537],"tool":false,"touchDistance":1,"touchZone":"none","type":0,"width":20.7209},{"bases":[[[0.925506,-0.029016,-0.377619],[0.327777,0.560878,0.760249],[0.189739,-0.82739,0.528607]],[[0.93939,-0.107851,-0.325445],[0.327633,0.56205,0.759445],[0.101009,-0.820041,0.56332]],[[0.93939,-0.107851,-0.325445],[0.305735,0.69308,0.652814],[0.155152,-0.712747,0.684046]],[[0.93939,-0.107851,-0.325445],[0.290974,0.75283,0.590407],[0.181329,-0.649319,0.738583]]],"btipPosition":[51.2314,261.896,65.6922],"carpPosition":[74.8116,145.679,151.506],"dipPosition":[54.041,251.835,77.1364],"direction":[-0.155152,0.712747,-0.684046],"extended":true,"handId":68,"id":681,"length":53.3319,"mcpPosition":[61.3775,204.261,114.079],"pipPosition":[57.442,236.211,92.1306],"stabilizedTipPosition":[49.8168,257.148,91.6471],"timeVisible":0.069405,"tipPosition":[47.5508,256.634,63.6118],"tipVelocity":[-88.0596,44.2429,-329.028],"tool":false,"touchDistance":1,"touchZone":"none","type":1,"width":19.7926},{"bases":[[[0.873102,-0.235721,-0.426765],[0.483612,0.529596,0.696884],[0.0617432,-0.814839,0.576389]],[[0.867829,-0.186435,-0.46056],[-0.0160065,0.915963,-0.400944],[0.496606,0.355323,0.791914]],[[0.867829,-0.186435,-0.46056],[-0.493477,-0.215381,-0.842669],[0.0579074,0.958568,-0.278916]],[[0.867829,-0.186435,-0.46056],[-0.413239,-0.785488,-0.460697],[-0.275874,0.590127,-0.758712]]],"btipPosition":[63.4451,151.129,94.83],"carpPosition":[86.0904,146.727,148.025],"dipPosition":[58.7435,161.186,81.8998],"direction":[-0.0579074,-0.958568,0.278916],"extended":false,"handId":68,"id":682,"length":60.7675,"mcpPosition":[81.9447,201.439,109.323],"pipPosition":[60.2369,185.907,74.7069],"stabilizedTipPosition":[62.4914,153.027,99.5517],"timeVisible":0.069405,"tipPosition":[60.9298,157.949,87.33],"tipVelocity":[-43.9493,28.636,-245.001],"tool":false,"touchDistance":0.364267,"touchZone":"none","type":2,"width":19.439},{"bases":[[[0.833714,-0.39231,-0.388605],[0.546477,0.485157,0.682632],[-0.0792689,-0.781483,0.61887]],[[0.836967,-0.344743,-0.425015],[0.135397,0.882936,-0.449545],[0.530239,0.318709,0.785666]],[[0.836967,-0.344743,-0.425015],[-0.503176,-0.179419,-0.845354],[0.215174,0.921391,-0.323635]],[[0.836967,-0.344743,-0.425015],[-0.525403,-0.723461,-0.447835],[-0.153094,0.598128,-0.786642]]],"btipPosition":[77.2148,145.97,95.4693],"carpPosition":[96.7328,145.056,143.152],"dipPosition":[74.6208,156.105,82.1402],"direction":[-0.215174,-0.921391,0.323635],"extended":false,"handId":68,"id":683,"length":58.4295,"mcpPosition":[101.511,192.167,105.844],"pipPosition":[80.0265,179.253,74.0096],"stabilizedTipPosition":[74.6625,144.621,100.921],"timeVisible":0.069405,"tipPosition":[74.693,146.496,90.0766],"tipVelocity":[-42.7977,42.5117,-230.657],"tool":false,"touchDistance":0.373393,"touchZone":"none","type":3,"width":18.4974},{"bases":[[[0.717105,-0.554854,-0.421778],[0.660333,0.347271,0.665855],[-0.222981,-0.756002,0.615418]],[[0.740717,-0.447224,-0.501328],[0.255029,0.87755,-0.406036],[0.621529,0.172905,0.764071]],[[0.740717,-0.447224,-0.501328],[-0.567228,-0.0164665,-0.823396],[0.359987,0.894271,-0.265875]],[[0.740717,-0.447224,-0.501328],[-0.668297,-0.5668,-0.481785],[-0.0686868,0.691902,-0.718716]]],"btipPosition":[92.06,147.867,91.8693],"carpPosition":[104.859,137.901,134.763],"dipPosition":[90.9863,158.683,80.6344],"direction":[-0.359987,-0.894271,0.265875],"extended":false,"handId":68,"id":684,"length":45.8077,"mcpPosition":[117.302,180.089,100.42],"pipPosition":[97.3716,174.545,75.9184],"stabilizedTipPosition":[90.0397,146.283,96.9777],"timeVisible":0.069405,"tipPosition":[90.0994,148.693,88.2556],"tipVelocity":[-42.7005,52.7694,-220.865],"tool":false,"touchDistance":0.333333,"touchZone":"none","type":4,"width":16.4309}],"r":[[0.991388,0.0735908,0.108327],[-0.0633778,0.993469,-0.0948807],[-0.114602,0.087198,0.989577]],"s":1.08698,"t":[-3.56243,7.48187,-11.2053],"timestamp":238169592874},{"currentFrameRate":57.653,"devices":[],"gestures":[],"hands":[{"armBasis":[[0.891182,-0.0350163,-0.452292],[0.302121,0.789552,0.534164],[0.338403,-0.612684,0.714214]],"armWidth":64.0186,"confidence":0.427456,"direction":[0.0124511,0.880861,-0.473211],"elbow":[180.105,-42.1017,335.666],"grabAngle":2.67876,"grabStrength":0,"id":68,"palmNormal":[-0.33143,-0.442859,-0.833085],"palmPosition":[81.0201,178.304,111.374],"palmVelocity":[-99.9113,31.3085,-284.239],"palmWidth":87.5681,"pinchDistance":69.7818,"pinchStrength":0,"r":[[0.987433,0.0905657,0.129512],[-0.0762095,0.990803,-0.111812],[-0.138447,0.100537,0.985254]],"s":1.09807,"sphereCenter":[62.8425,182.299,75.7072],"sphereRadius":45.4917,"stabilizedPalmPosition":[87.1934,169.773,129.998],"t":[-5.11018,8.56257,-15.6899],"timeVisible":0.086708,"type":"right","wrist":[92.1722,117.102,150.081]}],"id":90727,"interactionBox":{"center":[0,200,0],"size":[235.247,235.247,147.751]},"pointables":[{"bases":[[[0.67849,0.500706,0.537536],[-0.61588,-0.0111473,0.787761],[0.400429,-0.865546,0.300811]],[[0.477091,0.790436,0.38418],[-0.708987,0.0878361,0.69973],[0.519347,-0.606214,0.602315]],[[0.477091,0.790436,0.38418],[-0.661438,0.0351038,0.749178],[0.578691,-0.611538,0.539573]],[[0.477091,0.790436,0.38418],[-0.687036,0.0628397,0.723901],[0.548056,-0.609312,0.573039]]],"btipPosition":[4.82742,191.189,80.3047],"carpPosition":[59.3029,130.225,138.087],"dipPosition":[16.4596,178.257,92.4672],"direction":[-0.578691,0.611538,-0.539573],"extended":true,"handId":68,"id":680,"length":47.2638,"mcpPosition":[59.3029,130.225,138.087],"pipPosition":[34.3533,159.347,109.151],"stabilizedTipPosition":[11.9271,188.935,96.4713],"timeVisible":0.086708,"tipPosition":[12.9745,188.431,79.0152],"tipVelocity":[-4.35889,-42.2642,-444.763],"tool":false,"touchDistance":1,"touchZone":"none","type":0,"width":20.7209},{"bases":[[[0.932096,-0.0169369,-0.361816],[0.306087,0.570937,0.761802],[0.193672,-0.820819,0.537352]],[[0.946763,-0.0987063,-0.306427],[0.304761,0.581511,0.754298],[0.103737,-0.807528,0.580635]],[[0.946763,-0.0987063,-0.306427],[0.285477,0.697377,0.657395],[0.148806,-0.709875,0.688429]],[[0.946763,-0.0987063,-0.306427],[0.272871,0.751119,0.601134],[0.170827,-0.652746,0.738065]]],"btipPosition":[49.3276,261.586,59.472],"carpPosition":[72.9907,146.332,146.667],"dipPosition":[51.9745,251.471,70.9081],"direction":[-0.148806,0.709875,-0.688429],"extended":true,"handId":68,"id":681,"length":53.3319,"mcpPosition":[59.2782,204.448,108.621],"pipPosition":[55.2364,235.911,85.9984],"stabilizedTipPosition":[49.8187,257.183,91.1666],"timeVisible":0.086708,"tipPosition":[45.5906,256.333,57.675],"tipVelocity":[-112.189,-18.6243,-359.595],"tool":false,"touchDistance":1,"touchZone":"none","type":1,"width":19.7926},{"bases":[[[0.883763,-0.224758,-0.410423],[0.46344,0.541694,0.701278],[0.0647064,-0.80997,0.582891]],[[0.878292,-0.175784,-0.444637],[-0.0319725,0.906288,-0.42145],[0.477054,0.384373,0.790365]],[[0.878292,-0.175784,-0.444637],[-0.476481,-0.244781,-0.844421],[0.0395971,0.95351,-0.298748]],[[0.878292,-0.175784,-0.444637],[-0.388438,-0.804572,-0.449199],[-0.278781,0.567242,-0.774931]]],"btipPosition":[62.8411,150.86,90.5934],"carpPosition":[84.309,147.534,143.369],"dipPosition":[58.09,160.527,77.3869],"direction":[-0.0395971,-0.95351,0.298748],"extended":false,"handId":68,"id":682,"length":60.7675,"mcpPosition":[79.9644,201.919,104.231],"pipPosition":[59.1112,185.117,69.6826],"stabilizedTipPosition":[62.4447,153.031,98.7976],"timeVisible":0.086708,"tipPosition":[60.1107,157.666,82.5094],"tipVelocity":[-35.5651,-20.7561,-248.519],"tool":false,"touchDistance":0.333333,"touchZone":"none","type":2,"width":19.439},{"bases":[[[0.846185,-0.381693,-0.371862],[0.527223,0.498156,0.688387],[-0.077507,-0.778557,0.62277]],[[0.84931,-0.334321,-0.408537],[0.11982,0.875785,-0.467593],[0.514117,0.348181,0.783871]],[[0.84931,-0.334321,-0.408537],[-0.489193,-0.207585,-0.847112],[0.198401,0.919314,-0.339852]],[[0.84931,-0.334321,-0.408537],[-0.503251,-0.746462,-0.435354],[-0.159409,0.575347,-0.802225]]],"btipPosition":[76.6144,145.981,91.5138],"carpPosition":[95.057,145.998,138.688],"dipPosition":[73.9134,155.729,77.9206],"direction":[-0.198401,-0.919314,0.339852],"extended":false,"handId":68,"id":683,"length":58.4295,"mcpPosition":[99.7295,192.933,101.145],"pipPosition":[78.8977,178.825,69.3827],"stabilizedTipPosition":[74.7155,144.765,100.422],"timeVisible":0.086708,"tipPosition":[74.0193,146.83,85.4236],"tipVelocity":[-36.1207,-4.54571,-232.11],"tool":false,"touchDistance":0.333333,"touchZone":"none","type":3,"width":18.4974},{"bases":[[[0.732705,-0.546265,-0.40588],[0.643485,0.361971,0.674466],[-0.221521,-0.755362,0.616731]],[[0.755675,-0.440832,-0.484379],[0.237432,0.87365,-0.424691],[0.610394,0.205921,0.764863]],[[0.755675,-0.440832,-0.484379],[-0.559714,-0.0506177,-0.827138],[0.340111,0.896161,-0.28499]],[[0.755675,-0.440832,-0.484379],[-0.649642,-0.59845,-0.468853],[-0.0831907,0.668973,-0.738616]]],"btipPosition":[91.4904,148.114,88.1429],"carpPosition":[103.434,138.917,130.485],"dipPosition":[90.1899,158.571,76.597],"direction":[-0.340111,-0.896161,0.28499],"extended":false,"handId":68,"id":684,"length":45.8077,"mcpPosition":[115.796,181.07,96.0687],"pipPosition":[96.2227,174.467,71.5419],"stabilizedTipPosition":[90.0915,146.474,96.4614],"timeVisible":0.086708,"tipPosition":[89.4025,149.246,83.766],"tipVelocity":[-35.9363,9.49591,-219.497],"tool":false,"touchDistance":0.333333,"touchZone":"none","type":4,"width":16.4309}],"r":[[0.987433,0.0905657,0.129512],[-0.0762095,0.990803,-0.111812],[-0.138447,0.100537,0.985254]],"s":1.09807,"t":[-5.11018,8.56257,-15.6899],"timestamp":238169610177},{"currentFrameRate":57.6517,"devices":[],"gestures":[],"hands":[{"armBasis":[[0.905366,-0.0153943,-0.424353],[0.276918,0.779008,0.562551],[0.321914,-0.626825,0.70955]],"armWidth":64.0186,"confidence":0.499155,"direction":[0.00983516,0.879834,-0.47518],"elbow":[173.97,-45.9335,329.848],"grabAngle":2.69086,"grabStrength":0,"id":68,"palmNormal":[-0.300699,-0.450605,-0.840556],"palmPosition":[79.2464,178.033,106.511],"palmVelocity":[-102.228,-15.6575,-280.275],"palmWidth":87.5681,"pinchDistance":69.1389,"pinchStrength":0,"r":[[0.982551,0.107908,0.151494],[-0.0889951,0.987964,-0.126518],[-0.163323,0.110828,0.980328]],"s":1.10713,"sphereCenter":[62.4413,181.477,70.2864],"sphereRadius":45.5493,"stabilizedPalmPosition":[87.1005,169.869,129.723],"t":[-6.77088,8.9671,-20.3635],"timeVisible":0.104058,"type":"right","wrist":[90.3224,116.944,145.475]}],"id":90728,"interactionBox":{"center":[0,200,0],"size":[235.247,235.247,147.751]},"pointables":[{"bases":[[[0.654626,0.513894,0.554416],[-0.636868,-0.0202036,0.770708],[0.407264,-0.857616,0.314057]],[[0.453662,0.798452,0.39581],[-0.730418,0.0786827,0.678453],[0.510568,-0.596895,0.618899]],[[0.453662,0.798452,0.39581],[-0.688688,0.0322249,0.724341],[0.565596,-0.601196,0.564504]],[[0.453662,0.798452,0.39581],[-0.713125,0.0588901,0.698559],[0.534456,-0.599171,0.596112]]],"btipPosition":[4.29882,189.62,72.9183],"carpPosition":[57.659,129.639,132.758],"dipPosition":[15.6424,176.903,85.5704],"direction":[-0.565596,0.601196,-0.564504],"extended":true,"handId":68,"id":680,"length":47.2638,"mcpPosition":[57.659,129.639,132.758],"pipPosition":[33.1312,158.314,103.025],"stabilizedTipPosition":[11.6532,188.813,95.3447],"timeVisible":0.104058,"tipPosition":[11.7218,186.87,72.4361],"tipVelocity":[-34.2934,-87.5557,-419.239],"tool":false,"touchDistance":1,"touchZone":"none","type":0,"width":20.7209},{"bases":[[[0.941781,-0.00128169,-0.336224],[0.275058,0.578047,0.768248],[0.193369,-0.816002,0.544746]],[[0.956322,-0.0822568,-0.280503],[0.272352,0.599265,0.752799],[0.106173,-0.796314,0.595493]],[[0.956322,-0.0822568,-0.280503],[0.256583,0.695949,0.670687],[0.140047,-0.713365,0.686657]],[[0.956322,-0.0822568,-0.280503],[0.247046,0.740381,0.625144],[0.156257,-0.667136,0.728364]]],"btipPosition":[47.5025,260.781,53.554],"carpPosition":[70.8213,146.006,141.663],"dipPosition":[49.9237,250.444,64.8398],"direction":[-0.140047,0.713365,-0.686657],"extended":true,"handId":68,"id":681,"length":53.3319,"mcpPosition":[57.1302,203.781,103.093],"pipPosition":[52.9935,234.807,79.8913],"stabilizedTipPosition":[49.7999,257.196,90.7913],"timeVisible":0.104058,"tipPosition":[43.9554,255.318,51.6782],"tipVelocity":[-108.186,-49.3315,-343.084],"tool":false,"touchDistance":1,"touchZone":"none","type":1,"width":19.7926},{"bases":[[[0.898465,-0.210039,-0.385544],[0.434496,0.551453,0.712118],[0.0630369,-0.807331,0.586722]],[[0.893068,-0.16125,-0.420033],[-0.0468286,0.895185,-0.443227],[0.