{"frames":281,"data":[{"currentFrameRate":114.74,"devices":[],"gestures":[],"hands":[{"armBasis":[[0.957305,0.211233,-0.197351],[0.0623007,0.515891,0.854386],[0.282286,-0.830203,0.480706]],"armWidth":57.5826,"confidence":1,"direction":[-0.135702,0.866475,-0.480423],"elbow":[152.021,-22.2651,226.954],"grabAngle":2.87738,"grabStrength":0,"id":612,"palmNormal":[-0.0661382,-0.491749,-0.868221],"palmPosition":[65.5357,236.162,74.5813],"palmVelocity":[7.40278,-1.52818,5.24154],"palmWidth":82.0627,"pinchDistance":60.4248,"pinchStrength":0,"r":[[0.928873,0.261608,0.262215],[0.00874387,0.692242,-0.721613],[-0.370296,0.672579,0.640717]],"s":1.46456,"sphereCenter":[61.1352,231.029,31.6709],"sphereRadius":44.9664,"stabilizedPalmPosition":[56.8563,248.008,68.7879],"t":[-0.114435,-31.7984,-173.926],"timeVisible":5.94862,"type":"right","wrist":[83.2814,179.897,109.897]}],"id":1323109,"interactionBox":{"center":[0,200,0],"size":[235.247,235.247,147.751]},"pointables":[{"bases":[[[0.430462,0.643536,0.632902],[-0.713033,-0.187486,0.675598],[0.553432,-0.742099,0.378157]],[[0.168276,0.889658,0.42449],[-0.792948,-0.133652,0.59445],[0.585591,-0.43663,0.682962]],[[0.168276,0.889658,0.42449],[-0.833518,-0.101474,0.543094],[0.526243,-0.445209,0.72447]],[[0.168276,0.889658,0.42449],[-0.876118,-0.0623788,0.478045],[0.451775,-0.452346,0.768948]]],"btipPosition":[1.01545,230.105,26.7802],"carpPosition":[53.5566,186.795,96.7238],"dipPosition":[10.7217,220.387,43.3008],"direction":[-0.526243,0.445209,-0.72447],"extended":true,"handId":612,"id":6120,"length":47.8434,"mcpPosition":[53.5566,186.795,96.7238],"pipPosition":[27.1932,206.452,65.9768],"stabilizedTipPosition":[1.73861,231.025,25.4575],"timeVisible":5.94862,"tipPosition":[8.84762,227.378,26.9224],"tipVelocity":[-13.4212,-2.73276,18.2592],"tool":false,"touchDistance":0.323348,"touchZone":"hovering","type":0,"width":18.3155},{"bases":[[[0.951721,0.230307,-0.202942],[0.0209409,0.610874,0.791451],[0.306248,-0.75749,0.576559]],[[0.976729,0.156512,-0.146645],[-0.0188693,0.743787,0.668151],[0.213647,-0.649835,0.729431]],[[0.976729,0.156512,-0.146645],[-0.0948183,0.928387,0.359315],[0.192381,-0.337048,0.921623]],[[0.976729,0.156512,-0.146645],[-0.129569,0.975448,0.178083],[0.170917,-0.154938,0.973027]]],"btipPosition":[24.9083,290.253,3.76059],"carpPosition":[60.604,204.454,106.496],"dipPosition":[27.5891,287.823,19.0223],"direction":[-0.192381,0.337048,-0.921623],"extended":true,"handId":612,"id":6121,"length":53.986,"mcpPosition":[40.284,254.715,68.2406],"pipPosition":[31.8578,280.345,39.4719],"stabilizedTipPosition":[18.9943,295.42,10.414],"timeVisible":5.94862,"tipPosition":[24.2607,295.845,10.9846],"tipVelocity":[3.77894,-30.6319,-4.27817],"tool":false,"touchDistance":0.23641,"touchZone":"hovering","type":1,"width":17.495},{"bases":[[[0.966739,0.0183132,-0.25511],[0.188258,0.624237,0.758213],[0.173134,-0.78102,0.600027]],[[0.975381,-0.0285529,-0.218671],[-0.0892527,0.85563,-0.509835],[0.201659,0.5168,0.832016]],[[0.975381,-0.0285529,-0.218671],[-0.209334,-0.431771,-0.877355],[-0.0693649,0.901531,-0.427119]],[[0.975381,-0.0285529,-0.218671],[-0.116654,-0.908296,-0.401735],[-0.187147,0.417353,-0.889265]]],"btipPosition":[56.1509,203.867,57.0955],"carpPosition":[70.9288,208.325,105.176],"dipPosition":[52.9223,211.067,41.7545],"direction":[0.0693649,-0.901531,0.427119],"extended":false,"handId":612,"id":6122,"length":61.5127,"mcpPosition":[60.0347,257.469,67.4201],"pipPosition":[51.1116,234.601,30.6046],"stabilizedTipPosition":[49.3731,215.069,49.789],"timeVisible":5.94862,"tipPosition":[55.5961,208.269,51.9821],"tipVelocity":[5.70269,0.880489,0.261603],"tool":false,"touchDistance":0.333333,"touchZone":"none","type":2,"width":17.1824},{"bases":[[[0.964719,-0.14393,-0.220457],[0.262269,0.598735,0.75679],[0.0230706,-0.787909,0.615359]],[[0.9616,-0.0964249,-0.25696],[-0.0436367,0.870628,-0.490003],[0.270965,0.4824,0.832987]],[[0.9616,-0.0964249,-0.25696],[-0.273939,-0.394662,-0.87704],[-0.0168438,0.913753,-0.405921]],[[0.9616,-0.0964249,-0.25696],[-0.202599,-0.880982,-0.427579],[-0.185148,0.463219,-0.866688]]],"btipPosition":[72.7989,203.155,58.7926],"carpPosition":[81.6122,209.612,102.535],"dipPosition":[69.6232,211.1,43.9271],"direction":[0.0168438,-0.913753,0.405921],"extended":false,"handId":612,"id":6123,"length":59.1461,"mcpPosition":[80.3089,254.124,67.7703],"pipPosition":[69.1949,234.337,33.6042],"stabilizedTipPosition":[65.7516,212.344,51.6412],"timeVisible":5.94862,"tipPosition":[71.7255,206.118,54.0171],"tipVelocity":[7.81928,0.602556,8.12862],"tool":false,"touchDistance":0.333333,"touchZone":"none","type":3,"width":16.3501},{"bases":[[[0.904221,-0.331091,-0.269747],[0.410126,0.497082,0.764661],[-0.119086,-0.802052,0.585261]],[[0.911745,-0.244361,-0.330164],[0.076242,0.890506,-0.448539],[0.403618,0.383781,0.830545]],[[0.911745,-0.244361,-0.330164],[-0.390828,-0.268763,-0.880352],[0.126388,0.931694,-0.340547]],[[0.911745,-0.244361,-0.330164],[-0.38206,-0.799668,-0.463207],[-0.150832,0.548469,-0.822454]]],"btipPosition":[85.2912,209.47,57.9285],"carpPosition":[92.0476,205.391,96.3662],"dipPosition":[82.9045,218.149,44.9143],"direction":[-0.126388,-0.931694,0.340547],"extended":false,"handId":612,"id":6124,"length":46.3694,"mcpPosition":[98.2753,247.335,65.7593],"pipPosition":[85.1738,234.877,38.7997],"stabilizedTipPosition":[78.2606,219.396,50.2432],"timeVisible":5.94862,"tipPosition":[84.6443,212.548,53.1629],"tipVelocity":[13.1634,-1.01645,5.23381],"tool":false,"touchDistance":0.333333,"touchZone":"none","type":4,"width":14.5235}],"r":[[0.928873,0.261608,0.262215],[0.00874387,0.692242,-0.721613],[-0.370296,0.672579,0.640717]],"s":1.46456,"t":[-0.114435,-31.7984,-173.926],"timestamp":493543424460},{"currentFrameRate":114.768,"devices":[],"gestures":[],"hands":[{"armBasis":[[0.956658,0.212863,-0.198734],[0.0627354,0.515768,0.854428],[0.284377,-0.829863,0.480059]],"armWidth":57.5826,"confidence":1,"direction":[-0.135922,0.866435,-0.480433],"elbow":[152.62,-22.1712,226.846],"grabAngle":2.87978,"grabStrength":0,"id":612,"palmNormal":[-0.0665475,-0.491823,-0.868148],"palmPosition":[65.5914,236.169,74.6399],"palmVelocity":[6.43288,0.750328,6.75697],"palmWidth":82.0627,"pinchDistance":60.4158,"pinchStrength":0,"r":[[0.928812,0.261135,0.262902],[0.00948611,0.692497,-0.721358],[-0.370431,0.6725,0.640722]],"s":1.46445,"sphereCenter":[61.0703,231.014,31.7514],"sphereRadius":44.9379,"stabilizedPalmPosition":[56.887,247.966,68.8085],"t":[-0.049931,-31.8077,-173.871],"timeVisible":5.95728,"type":"right","wrist":[83.3719,179.908,109.947]}],"id":1323110,"interactionBox":{"center":[0,200,0],"size":[235.247,235.247,147.751]},"pointables":[{"bases":[[[0.430762,0.643587,0.632645],[-0.712718,-0.187424,0.675948],[0.553604,-0.74207,0.377961]],[[0.168525,0.889666,0.424375],[-0.792176,-0.133956,0.59541],[0.586563,-0.436522,0.682197]],[[0.168525,0.889666,0.424375],[-0.832437,-0.102107,0.544631],[0.527872,-0.44505,0.723382]],[[0.168525,0.889666,0.424375],[-0.874213,-0.0639885,0.481308],[0.455359,-0.452107,0.766973]]],"btipPosition":[0.909532,230.099,26.9595],"carpPosition":[53.6224,186.803,96.7922],"dipPosition":[10.6928,220.385,43.4377],"direction":[-0.527872,0.44505,-0.723382],"extended":true,"handId":612,"id":6120,"length":47.8434,"mcpPosition":[53.6224,186.803,96.7922],"pipPosition":[27.2153,206.455,66.0797],"stabilizedTipPosition":[1.74081,231.02,25.4657],"timeVisible":5.95728,"tipPosition":[8.8252,227.386,27.0447],"tipVelocity":[-10.1797,-0.619484,19.566],"tool":false,"touchDistance":0.326174,"touchZone":"hovering","type":0,"width":18.3155},{"bases":[[[0.951628,0.230283,-0.203407],[0.021315,0.610942,0.791388],[0.306513,-0.757443,0.576481]],[[0.976474,0.15717,-0.147634],[-0.0190318,0.744793,0.667025],[0.214793,-0.648523,0.730262]],[[0.976474,0.15717,-0.147634],[-0.0961256,0.930131,0.354424],[0.193024,-0.331894,0.923357]],[[0.976474,0.15717,-0.147634],[-0.131418,0.976567,0.170429],[0.170961,-0.147018,0.974247]]],"btipPosition":[24.901,289.969,3.73898],"carpPosition":[60.6745,204.464,106.56],"dipPosition":[27.5825,287.663,19.0198],"direction":[-0.193024,0.331894,-0.923357],"extended":true,"handId":612,"id":6121,"length":53.986,"mcpPosition":[40.3369,254.721,68.3094],"pipPosition":[31.8654,280.299,39.5079],"stabilizedTipPosition":[19.3477,295.096,10.2428],"timeVisible":5.95728,"tipPosition":[24.3091,295.732,10.9893],"tipVelocity":[-0.819436,-29.5012,-1.98577],"tool":false,"touchDistance":0.236123,"touchZone":"hovering","type":1,"width":17.495},{"bases":[[[0.966619,0.0182853,-0.255564],[0.188616,0.624301,0.758071],[0.17341,-0.78097,0.600012]],[[0.975278,-0.0285777,-0.219125],[-0.0892307,0.856239,-0.508815],[0.202164,0.515789,0.832521]],[[0.975278,-0.0285777,-0.219125],[-0.209775,-0.431488,-0.87739],[-0.069476,0.901666,-0.426816]],[[0.975278,-0.0285777,-0.219125],[-0.116906,-0.908199,-0.401881],[-0.187524,0.417563,-0.889087]]],"btipPosition":[56.1904,203.91,57.1215],"carpPosition":[70.9987,208.334,105.234],"dipPosition":[52.9554,211.114,41.7836],"direction":[0.069476,-0.901666,0.426816],"extended":false,"handId":612,"id":6122,"length":61.5127,"mcpPosition":[60.0872,257.475,67.4794],"pipPosition":[51.1417,234.652,30.6416],"stabilizedTipPosition":[49.4408,214.963,49.8314],"timeVisible":5.95728,"tipPosition":[55.6404,208.264,52.0535],"tipVelocity":[4.39345,5.11926,3.08128],"tool":false,"touchDistance":0.333333,"touchZone":"none","type":2,"width":17.1824},{"bases":[[[0.964615,-0.143955,-0.220896],[0.262627,0.598798,0.756616],[0.0233536,-0.787856,0.615416]],[[0.961479,-0.0964529,-0.257402],[-0.0438782,0.870555,-0.490112],[0.271355,0.482526,0.832788]],[[0.961479,-0.0964529,-0.257402],[-0.274335,-0.395635,-0.876478],[-0.0172983,0.913329,-0.406855]],[[0.961479,-0.0964529,-0.257402],[-0.202617,-0.881486,-0.426531],[-0.185756,0.462254,-0.867073]]],"btipPosition":[72.8576,203.183,58.8813],"carpPosition":[81.6809,209.62,102.588],"dipPosition":[69.6714,211.112,44.0091],"direction":[0.0172983,-0.913329,0.406855],"extended":false,"handId":612,"id":6123,"length":59.1461,"mcpPosition":[80.3615,254.13,67.8204],"pipPosition":[69.2315,234.338,33.6625],"stabilizedTipPosition":[65.7714,212.321,51.6531],"timeVisible":5.95728,"tipPosition":[71.7723,206.12,54.0787],"tipVelocity":[6.49251,2.79114,10.0555],"tool":false,"touchDistance":0.333333,"touchZone":"none","type":3,"width":16.3501},{"bases":[[[0.904092,-0.33112,-0.270142],[0.410487,0.497145,0.764426],[-0.118817,-0.802002,0.585385]],[[0.911636,-0.242576,-0.331778],[0.0741109,0.891038,-0.447837],[0.404261,0.383676,0.83028]],[[0.911636,-0.242576,-0.331778],[-0.391868,-0.269599,-0.879634],[0.123931,0.931919,-0.340834]],[[0.911636,-0.242576,-0.331778],[-0.381297,-0.800475,-0.462442],[-0.153403,0.548084,-0.822236]]],"btipPosition":[85.4068,209.481,57.981],"carpPosition":[92.1133,205.399,96.415],"dipPosition":[82.9794,218.153,44.9703],"direction":[-0.123931,-0.931919,0.340834],"extended":false,"handId":612,"id":6124,"length":46.3694,"mcpPosition":[98.327,247.34,65.8016],"pipPosition":[85.2046,234.886,38.8506],"stabilizedTipPosition":[78.2949,219.355,50.2678],"timeVisible":5.95728,"tipPosition":[84.6905,212.548,53.2217],"tipVelocity":[12.2589,1.10608,6.15732],"tool":false,"touchDistance":0.333333,"touchZone":"none","type":4,"width":14.5235}],"r":[[0.928812,0.261135,0.262902],[0.00948611,0.692497,-0.721358],[-0.370431,0.6725,0.640722]],"s":1.46445,"t":[-0.049931,-31.8077,-173.871],"timestamp":493543433126},{"currentFrameRate":114.805,"devices":[],"gestures":[],"hands":[{"armBasis":[[0.956143,0.21472,-0.199211],[0.0624529,0.515039,0.854888],[0.286163,-0.829837,0.479041]],"armWidth":57.5826,"confidence":1,"direction":[-0.136032,0.86684,-0.479671],"elbow":[153.152,-22.1659,226.637],"grabAngle":2.88193,"grabStrength":0,"id":612,"palmNormal":[-0.0662734,-0.491049,-0.868607],"palmPosition":[65.6651,236.193,74.7285],"palmVelocity":[8.52643,2.80022,10.2542],"palmWidth":82.0627,"pinchDistance":60.4379,"pinchStrength":0,"r":[[0.92874,0.260752,0.263533],[0.0100747,0.692833,-0.721028],[-0.370594,0.672302,0.640835]],"s":1.46424,"sphereCenter":[61.0784,231.06,31.849],"sphereRadius":44.914,"stabilizedPalmPosition":[56.9134,247.931,68.8263],"t":[0.019185,-31.8002,-173.799],"timeVisible":5.96593,"type":"right","wrist":[83.4688,179.907,109.986]}],"id":1323111,"interactionBox":{"center":[0,200,0],"size":[235.247,235.247,147.751]},"pointables":[{"bases":[[[0.430496,0.643111,0.63331],[-0.7128,-0.188202,0.675645],[0.553705,-0.742286,0.377389]],[[0.168282,0.889294,0.42525],[-0.791818,-0.134997,0.595651],[0.587116,-0.436958,0.681441]],[[0.168282,0.889294,0.42525],[-0.831956,-0.103253,0.545149],[0.528706,-0.445528,0.722478]],[[0.168282,0.889294,0.42525],[-0.872951,-0.0659343,0.483331],[0.457862,-0.452559,0.765215]]],"btipPosition":[0.885759,230.144,27.1011],"carpPosition":[53.7034,186.804,96.8338],"dipPosition":[10.7228,220.421,43.5416],"direction":[-0.528706,0.445528,-0.722478],"extended":true,"handId":612,"id":6120,"length":47.8434,"mcpPosition":[53.7034,186.804,96.8338],"pipPosition":[27.2714,206.476,66.1553],"stabilizedTipPosition":[1.74244,231.016,25.472],"timeVisible":5.96593,"tipPosition":[8.86614,227.444,27.1434],"tipVelocity":[-1.31878,5.02479,15.3789],"tool":false,"touchDistance":0.328391,"touchZone":"hovering","type":0,"width":18.3155},{"bases":[[[0.951612,0.230687,-0.203021],[0.0210277,0.610227,0.791947],[0.306581,-0.757896,0.575849]],[[0.976323,0.158041,-0.1477],[-0.0197501,0.745075,0.666689],[0.215412,-0.647987,0.730555]],[[0.976323,0.158041,-0.1477],[-0.0976151,0.931214,0.351159],[0.193038,-0.328427,0.924593]],[[0.976323,0.158041,-0.1477],[-0.133305,0.977316,0.16457],[0.170359,-0.140984,0.975244]]],"btipPosition":[24.9563,289.801,3.7852],"carpPosition":[60.7496,204.458,106.619],"dipPosition":[27.6284,287.589,19.0817],"direction":[-0.193038,0.328427,-0.924593],"extended":true,"handId":612,"id":6121,"length":53.986,"mcpPosition":[40.4075,254.745,68.4103],"pipPosition":[31.9116,280.302,39.5972],"stabilizedTipPosition":[19.6705,294.795,10.0904],"timeVisible":5.96593,"tipPosition":[24.3994,295.703,11.0649],"tipVelocity":[6.14649,-16.9776,5.76172],"tool":false,"touchDistance":0.236953,"touchZone":"hovering","type":1,"width":17.495},{"bases":[[[0.966662,0.0187403,-0.255368],[0.188332,0.623655,0.758674],[0.173479,-0.781475,0.599334]],[[0.975325,-0.0281538,-0.21897],[-0.0891272,0.857207,-0.5072],[0.201982,0.514201,0.833547]],[[0.975325,-0.0281538,-0.21897],[-0.20951,-0.430777,-0.877802],[-0.0696138,0.902019,-0.426046]],[[0.975325,-0.0281538,-0.21897],[-0.11662,-0.907866,-0.402714],[-0.187458,0.418313,-0.888748]]],"btipPosition":[56.2711,203.988,57.1572],"carpPosition":[71.0732,208.332,105.298],"dipPosition":[53.0372,211.204,41.8252],"direction":[0.0696138,-0.902019,0.426046],"extended":false,"handId":612,"id":6122,"length":61.5127,"mcpPosition":[60.1573,257.504,67.5864],"pipPosition":[51.2199,234.752,30.7033],"stabilizedTipPosition":[49.5078,214.86,49.8732],"timeVisible":5.96593,"tipPosition":[55.7241,208.298,52.1195],"tipVelocity":[9.3555,9.30961,4.2856],"tool":false,"touchDistance":0.333333,"touchZone":"none","type":2,"width":17.1824},{"bases":[[[0.964689,-0.143532,-0.220848],[0.262349,0.598171,0.757209],[0.0234213,-0.78841,0.614704]],[[0.961549,-0.0959974,-0.257311],[-0.0440199,0.870933,-0.489426],[0.271084,0.481933,0.833219]],[[0.961549,-0.0959974,-0.257311],[-0.274067,-0.395652,-0.876554],[-0.0176587,0.91337,-0.406748]],[[0.961549,-0.0959974,-0.257311],[-0.202185,-0.881517,-0.426672],[-0.185865,0.462291,-0.86703]]],"btipPosition":[72.9505,203.239,58.9679],"carpPosition":[81.7556,209.623,102.655],"dipPosition":[69.7626,211.169,44.0964],"direction":[0.0176587,-0.91337,0.406748],"extended":false,"handId":612,"id":6123,"length":59.1461,"mcpPosition":[80.4324,254.163,67.9281],"pipPosition":[69.3135,234.396,33.7525],"stabilizedTipPosition":[65.7909,212.299,51.6648],"timeVisible":5.96593,"tipPosition":[71.8575,206.162,54.144],"tipVelocity":[10.7028,6.54513,10.0342],"tool":false,"touchDistance":0.333333,"touchZone":"none","type":3,"width":16.3501},{"bases":[[[0.904219,-0.330666,-0.270275],[0.410231,0.496544,0.764954],[-0.118741,-0.802561,0.584634]],[[0.911777,-0.241085,-0.332477],[0.0729368,0.891753,-0.446606],[0.404157,0.382955,0.830664]],[[0.911777,-0.241085,-0.332477],[-0.392016,-0.269592,-0.87957],[0.122418,0.932308,-0.340317]],[[0.911777,-0.241085,-0.332477],[-0.38045,-0.800715,-0.462724],[-0.154664,0.548392,-0.821794]]],"btipPosition":[85.53,209.532,58.0572],"carpPosition":[92.1901,205.409,96.4806],"dipPosition":[83.0827,218.21,45.0535],"direction":[-0.122418,-0.932308,0.340317],"extended":false,"handId":612,"id":6124,"length":46.3694,"mcpPosition":[98.3998,247.38,65.9065],"pipPosition":[85.2807,234.949,38.943],"stabilizedTipPosition":[78.3286,219.315,50.2921],"timeVisible":5.96593,"tipPosition":[84.7742,212.593,53.2968],"tipVelocity":[13.7263,6.06877,8.99599],"tool":false,"touchDistance":0.333333,"touchZone":"none","type":4,"width":14.5235}],"r":[[0.92874,0.260752,0.263533],[0.0100747,0.692833,-0.721028],[-0.370594,0.672302,0.640835]],"s":1.46424,"t":[0.019185,-31.8002,-173.799],"timestamp":493543441773},{"currentFrameRate":114.777,"devices":[],"gestures":[],"hands":[{"armBasis":[[0.955709,0.216101,-0.199801],[0.062637,0.513973,0.855516],[0.28757,-0.83014,0.477673]],"armWidth":57.5826,"confidence":1,"direction":[-0.136386,0.866797,-0.479648],"elbow":[153.584,-22.2162,226.353],"grabAngle":2.88391,"grabStrength":0,"id":612,"palmNormal":[-0.0662912,-0.491073,-0.868593],"palmPosition":[65.7204,236.215,74.794],"palmVelocity":[6.30442,2.5346,7.47013],"palmWidth":82.0627,"pinchDistance":60.499,"pinchStrength":0,"r":[[0.928678,0.260502,0.264002],[0.010476,0.693102,-0.720764],[-0.37074,0.672123,0.640939]],"s":1.46396,"sphereCenter":[61.0772,231.067,31.9249],"sphereRadius":44.8926,"stabilizedPalmPosition":[56.9367,247.9,68.8421],"t":[0.0813564,-31.7854,-173.731],"timeVisible":5.97469,"type":"right","wrist":[83.5583,179.931,110.035]}],"id":1323112,"interactionBox":{"center":[0,200,0],"size":[235.247,235.247,147.751]},"pointables":[{"bases":[[[0.430423,0.643243,0.633225],[-0.712614,-0.188415,0.675782],[0.554002,-0.742117,0.377286]],[[0.168165,0.889303,0.425277],[-0.791453,-0.135378,0.59605],[0.587642,-0.436821,0.681076]],[[0.168165,0.889303,0.425277],[-0.831696,-0.103586,0.545483],[0.529153,-0.445432,0.72221]],[[0.168165,0.889303,0.425277],[-0.871974,-0.067019,0.484944],[0.459764,-0.452381,0.764179]]],"btipPosition":[0.881642,230.15,27.2161],"carpPosition":[53.7778,186.823,96.9017],"dipPosition":[10.7596,220.431,43.6343],"direction":[-0.529153,0.445432,-0.72221],"extended":true,"handId":612,"id":6120,"length":47.8434,"mcpPosition":[53.7778,186.823,96.9017],"pipPosition":[27.3221,206.489,66.2396],"stabilizedTipPosition":[1.74359,231.014,25.4765],"timeVisible":5.97469,"tipPosition":[8.89393,227.45,27.2335],"tipVelocity":[0.602885,0.747855,12.5421],"tool":false,"touchDistance":0.330222,"touchZone":"hovering","type":0,"width":18.3155},{"bases":[[[0.951504,0.230974,-0.203204],[0.0209948,0.610237,0.791941],[0.30692,-0.757801,0.575793]],[[0.976022,0.159145,-0.148505],[-0.0202801,0.745761,0.665904],[0.216725,-0.646926,0.731107]],[[0.976022,0.159145,-0.148505],[-0.0990825,0.932288,0.347882],[0.193813,-0.324826,0.925702]],[[0.976022,0.159145,-0.148505],[-0.135297,0.977989,0.158846],[0.170516,-0.134944,0.976071]]],"btipPosition":[24.9333,289.599,3.79606],"carpPosition":[60.8205,204.479,106.685],"dipPosition":[27.6078,287.482,19.1055],"direction":[-0.193813,0.324826,-0.925702],"extended":true,"handId":612,"id":6121,"length":53.986,"mcpPosition":[40.4559,254.76,68.4805],"pipPosition":[31.9083,280.275,39.6456],"stabilizedTipPosition":[19.976,294.5,9.94623],"timeVisible":5.97469,"tipPosition":[24.4396,295.624,11.0866],"tipVelocity":[-2.56446,-20.5646,1.5798],"tool":false,"touchDistance":0.237184,"touchZone":"hovering","type":1,"width":17.495},{"bases":[[[0.966608,0.0190313,-0.255553],[0.188289,0.623715,0.758635],[0.17383,-0.78142,0.599304]],[[0.975292,-0.02786,-0.219157],[-0.0891692,0.857976,-0.505891],[0.202125,0.512933,0.834293]],[[0.975292,-0.02786,-0.219157],[-0.209537,-0.430981,-0.877696],[-0.0699997,0.901931,-0.42617]],[[0.975292,-0.02786,-0.219157],[-0.116369,-0.908023,-0.402433],[-0.187787,0.417993,-0.88883]]],"btipPosition":[56.3279,204.072,57.1952],"carpPosition":[71.1426,208.356,105.363],"dipPosition":[53.0884,211.283,41.8618],"direction":[0.0699997,-0.901931,0.42617],"extended":false,"handId":612,"id":6122,"length":61.5127,"mcpPosition":[60.2048,257.525,67.6529],"pipPosition":[51.261,234.828,30.7366],"stabilizedTipPosition":[49.5738,214.761,49.9145],"timeVisible":5.97469,"tipPosition":[55.7825,208.305,52.1939],"tipVelocity":[6.34155,9.49625,4.3018],"tool":false,"touchDistance":0.333333,"touchZone":"none","type":2,"width":17.1824},{"bases":[[[0.96469,-0.143241,-0.221032],[0.262313,0.598253,0.757156],[0.0237771,-0.788401,0.614702]],[[0.961528,-0.0957079,-0.257495],[-0.044335,0.870992,-0.489293],[0.271105,0.481885,0.83324]],[[0.961528,-0.0957079,-0.257495],[-0.274101,-0.39643,-0.876192],[-0.0182201,0.913063,-0.407412]],[[0.961528,-0.0957079,-0.257495],[-0.201847,-0.88196,-0.425916],[-0.186336,0.461505,-0.867348]]],"btipPosition":[73.0206,203.289,59.0519],"carpPosition":[81.8242,209.65,102.718],"dipPosition":[69.8245,211.205,44.175],"direction":[0.0182201,-0.913063,0.407412],"extended":false,"handId":612,"id":6123,"length":59.1461,"mcpPosition":[80.4809,254.19,67.9907],"pipPosition":[69.3611,234.425,33.8142],"stabilizedTipPosition":[65.809,212.279,51.6759],"timeVisible":5.97469,"tipPosition":[71.9186,206.184,54.2112],"tipVelocity":[7.78073,5.34463,9.44539],"tool":false,"touchDistance":0.333333,"touchZone":"none","type":3,"width":16.3501},{"bases":[[[0.904267,-0.330394,-0.270447],[0.410227,0.496671,0.764873],[-0.118386,-0.802594,0.58466]],[[0.911833,-0.238624,-0.334096],[0.0703242,0.892502,-0.445527],[0.404495,0.382751,0.830594]],[[0.911833,-0.238624,-0.334096],[-0.392797,-0.270253,-0.879019],[0.119465,0.93275,-0.340156]],[[0.911833,-0.238624,-0.334096],[-0.37917,-0.801527,-0.462369],[-0.157454,0.548282,-0.821337]]],"btipPosition":[85.6664,209.565,58.1085],"carpPosition":[92.2588,205.44,96.5411],"dipPosition":[83.1749,218.24,45.112],"direction":[-0.119465,-0.93275,0.340156],"extended":false,"handId":612,"id":6124,"length":46.3694,"mcpPosition":[98.4499,247.412,65.9656],"pipPosition":[85.32,234.988,39.0045],"stabilizedTipPosition":[78.3643,219.274,50.3176],"timeVisible":5.97469,"tipPosition":[84.8336,212.616,53.3666],"tipVelocity":[14.4105,3.66111,6.045],"tool":false,"touchDistance":0.333333,"touchZone":"none","type":4,"width":14.5235}],"r":[[0.928678,0.260502,0.264002],[0.010476,0.693102,-0.720764],[-0.37074,0.672123,0.640939]],"s":1.46396,"t":[0.0813564,-31.7854,-173.731],"timestamp":493543450533},{"currentFrameRate":114.816,"devices":[],"gestures":[],"hands":[{"armBasis":[[0.955329,0.216786,-0.200874],[0.0636686,0.512755,0.856171],[0.288605,-0.830714,0.476047]],"armWidth":57.5826,"confidence":1,"direction":[-0.13677,0.866791,-0.479549],"elbow":[153.913,-22.3225,226.03],"grabAngle":2.88545,"grabStrength":0,"id":612,"palmNormal":[-0.0671321,-0.491095,-0.868515],"palmPosition":[65.7619,236.255,74.8947],"palmVelocity":[4.80009,4.59715,11.6507],"palmWidth":82.0627,"pinchDistance":60.5976,"pinchStrength":0,"r":[[0.92868,0.26029,0.264203],[0.0106731,0.693312,-0.720559],[-0.370729,0.671988,0.641086]],"s":1.46351,"sphereCenter":[61.0672,231.093,32.0287],"sphereRadius":44.8713,"stabilizedPalmPosition":[56.955,247.876,68.8546],"t":[0.133186,-31.7581,-173.646],"timeVisible":5.98333,"type":"right","wrist":[83.6349,179.964,110.108]}],"id":1323113,"interactionBox":{"center":[0,200,0],"size":[235.247,235.247,147.751]},"pointables":[{"bases":[[[0.431056,0.643233,0.632805],[-0.712,-0.188343,0.676449],[0.554299,-0.742144,0.376795]],[[0.168614,0.88931,0.425085],[-0.79099,-0.135244,0.596695],[0.588137,-0.436849,0.680631]],[[0.168614,0.88931,0.425085],[-0.831588,-0.103183,0.545724],[0.52918,-0.445513,0.722141]],[[0.168614,0.88931,0.425085],[-0.871234,-0.067234,0.486241],[0.460999,-0.452336,0.76346]]],"btipPosition":[0.890475,230.194,27.3671],"carpPosition":[53.8363,186.864,97.015],"dipPosition":[10.7949,220.476,43.7699],"direction":[-0.52918,0.445513,-0.722141],"extended":true,"handId":612,"id":6120,"length":47.8434,"mcpPosition":[53.8363,186.864,97.015],"pipPosition":[27.3583,206.531,66.373],"stabilizedTipPosition":[1.74445,231.012,25.4799],"timeVisible":5.98333,"tipPosition":[8.88353,227.493,27.3919],"tipVelocity":[1.72849,5.1274,17.058],"tool":false,"touchDistance":0.332679,"touchZone":"hovering","type":0,"width":18.3155},{"bases":[[[0.951331,0.2309,-0.204094],[0.021773,0.61026,0.791902],[0.307401,-0.757805,0.575532]],[[0.975649,0.159948,-0.150085],[-0.0199991,0.746288,0.665323],[0.218423,-0.64612,0.731314]],[[0.975649,0.159948,-0.150085],[-0.0999165,0.933249,0.345055],[0.195257,-0.321657,0.926505]],[[0.975649,0.159948,-0.150085],[-0.136765,0.978586,0.15383],[0.171476,-0.129558,0.976632]]],"btipPosition":[24.8562,289.453,3.88485],"carpPosition":[60.8893,204.52,106.791],"dipPosition":[27.5457,287.421,19.2031],"direction":[-0.195257,0.321657,-0.926505],"extended":true,"handId":612,"id":6121,"length":53.986,"mcpPosition":[40.4929,254.801,68.604],"pipPosition":[31.8783,280.284,39.761],"stabilizedTipPosition":[20.2286,294.246,9.82961],"timeVisible":5.98333,"tipPosition":[24.4387,295.585,11.1782],"tipVelocity":[-8.52177,-14.5562,10.5072],"tool":false,"touchDistance":0.238698,"touchZone":"hovering","type":1,"width":17.495},{"bases":[[[0.966371,0.0189548,-0.256451],[0.189037,0.623725,0.75844],[0.174331,-0.781414,0.599167]],[[0.975086,-0.027936,-0.220061],[-0.0890925,0.859191,-0.503839],[0.203149,0.510892,0.835296]],[[0.975086,-0.027936,-0.220061],[-0.210398,-0.430785,-0.877586],[-0.0702826,0.902022,-0.42593]],[[0.975086,-0.027936,-0.220061],[-0.116817,-0.908005,-0.402345],[-0.188576,0.418028,-0.888646]]],"btipPosition":[56.34,204.2,57.2466],"carpPosition":[71.2105,208.396,105.459],"dipPosition":[53.0868,211.411,41.9163],"direction":[0.0702826,-0.902022,0.42593],"extended":false,"handId":612,"id":6122,"length":61.5127,"mcpPosition":[60.2411,257.565,67.758],"pipPosition":[51.2521,234.958,30.7974],"stabilizedTipPosition":[49.6367,214.668,49.9543],"timeVisible":5.98333,"tipPosition":[55.7996,208.327,52.3147],"tipVelocity":[1.03221,14.7348,6.02532],"tool":false,"touchDistance":0.333333,"touchZone":"none","type":2,"width":17.1824},{"bases":[[[0.964474,-0.143317,-0.221923],[0.263058,0.598258,0.756894],[0.0242918,-0.788383,0.614705]],[[0.961282,-0.0957841,-0.258384],[-0.0445756,0.871249,-0.488814],[0.271937,0.481405,0.833246]],[[0.961282,-0.0957841,-0.258384],[-0.274935,-0.396805,-0.875761],[-0.0186441,0.912892,-0.407776]],[[0.961282,-0.0957841,-0.258384],[-0.202205,-0.882203,-0.425241],[-0.187216,0.461023,-0.867414]]],"btipPosition":[73.0487,203.36,59.1484],"carpPosition":[81.8897,209.689,102.804],"dipPosition":[69.8376,211.268,44.2704],"direction":[0.0186441,-0.912892,0.407776],"extended":false,"handId":612,"id":6123,"length":59.1461,"mcpPosition":[80.5173,254.229,68.0771],"pipPosition":[69.3634,234.483,33.9004],"stabilizedTipPosition":[65.8244,212.262,51.6855],"timeVisible":5.98333,"tipPosition":[71.9396,206.22,54.31],"tipVelocity":[2.85785,7.96562,11.1446],"tool":false,"touchDistance":0.333333,"touchZone":"none","type":3,"width":16.3501},{"bases":[[[0.903992,-0.330466,-0.271276],[0.410972,0.496666,0.764477],[-0.1179,-0.802568,0.584795]],[[0.911541,-0.236695,-0.336256],[0.0680799,0.893309,-0.444257],[0.405534,0.382067,0.830402]],[[0.911541,-0.236695,-0.336256],[-0.394221,-0.270409,-0.878333],[0.116971,0.933196,-0.339799]],[[0.911541,-0.236695,-0.336256],[-0.378681,-0.801941,-0.462052],[-0.160292,0.548513,-0.820634]]],"btipPosition":[85.7565,209.612,58.1672],"carpPosition":[92.3183,205.478,96.6181],"dipPosition":[83.2201,218.292,45.1818],"direction":[-0.116971,-0.933196,0.339799],"extended":false,"handId":612,"id":6124,"length":46.3694,"mcpPosition":[98.484,247.449,66.0356],"pipPosition":[85.3203,235.047,39.0806],"stabilizedTipPosition":[78.398,219.236,50.3416],"timeVisible":5.98333,"tipPosition":[84.8549,212.65,53.4576],"tipVelocity":[9.22179,5.61527,7.08247],"tool":false,"touchDistance":0.333333,"touchZone":"none","type":4,"width":14.5235}],"r":[[0.92868,0.26029,0.264203],[0.0106731,0.693312,-0.720559],[-0.370729,0.671988,0.641086]],"s":1.46351,"t":[0.133186,-31.7581,-173.646],"timestamp":493543459176},{"currentFrameRate":114.847,"devices":[],"gestures":[],"hands":[{"armBasis":[[0.955019,0.217281,-0.201808],[0.0647186,0.511414,0.856894],[0.289395,-0.831411,0.474348]],"armWidth":57.5826,"confidence":1,"direction":[-0.137191,0.866818,-0.479379],"elbow":[154.171,-22.4822,225.668],"grabAngle":2.88696,"grabStrength":0,"id":612,"palmNormal":[-0.0679818,-0.491054,-0.868473],"palmPosition":[65.7923,236.274,74.9792],"palmVelocity":[3.51304,2.1824,9.76853],"palmWidth":82.0627,"pinchDistance":60.7047,"pinchStrength":0,"r":[[0.928734,0.26011,0.264188],[0.0106989,0.693486,-0.720391],[-0.370592,0.671878,0.641281]],"s":1.46296,"sphereCenter":[61.0516,231.104,32.1182],"sphereRadius":44.8505,"stabilizedPalmPosition":[56.969,247.857,68.8643],"t":[0.174303,-31.735,-173.561],"timeVisible":5.99199,"type":"right","wrist":[83.7003,179.974,110.16]}],"id":1323114,"interactionBox":{"center":[0,200,0],"size":[235.247,235.247,147.751]},"pointables":[{"bases":[[[0.431687,0.643187,0.632422],[-0.711361,-0.188344,0.67712],[0.554627,-0.742184,0.376233]],[[0.168907,0.889375,0.424832],[-0.790641,-0.135106,0.597188],[0.588522,-0.436758,0.680356]],[[0.168907,0.889375,0.424832],[-0.831587,-0.102783,0.545801],[0.529088,-0.445474,0.722232]],[[0.168907,0.889375,0.424832],[-0.870696,-0.0673574,0.487187],[0.461908,-0.452188,0.762999]]],"btipPosition":[0.905971,230.204,27.4803],"carpPosition":[53.8857,186.883,97.1087],"dipPosition":[10.83,220.489,43.8731],"direction":[-0.529088,0.445474,-0.722232],"extended":true,"handId":612,"id":6120,"length":47.8434,"mcpPosition":[53.8857,186.883,97.1087],"pipPosition":[27.3905,206.546,66.4791],"stabilizedTipPosition":[1.74508,231.01,25.4824],"timeVisible":5.99199,"tipPosition":[8.8503,227.518,27.5422],"tipVelocity":[2.30904,1.23111,12.81],"tool":false,"touchDistance":0.334408,"touchZone":"hovering","type":0,"width":18.3155},{"bases":[[[0.951145,0.23087,-0.204992],[0.0225546,0.610224,0.791908],[0.307918,-0.757843,0.575204]],[[0.975299,0.160668,-0.151584],[-0.0196993,0.746778,0.664782],[0.220009,-0.645375,0.731496]],[[0.975299,0.160668,-0.151584],[-0.100555,0.933956,0.342951],[0.196675,-0.319238,0.927042]],[[0.975299,0.160668,-0.151584],[-0.138083,0.979097,0.149341],[0.17241,-0.12472,0.977098]]],"btipPosition":[24.7727,289.315,3.96795],"carpPosition":[60.9489,204.537,106.879],"dipPosition":[27.4769,287.358,19.2935],"direction":[-0.196675,0.319238,-0.927042],"extended":true,"handId":612,"id":6121,"length":53.986,"mcpPosition":[40.518,254.821,68.7135],"pipPosition":[31.8409,280.275,39.8633],"stabilizedTipPosition":[20.4446,294.021,9.7319],"timeVisible":5.99199,"tipPosition":[24.421,295.538,11.2652],"tipVelocity":[-9.25527,-14.0114,9.79539],"tool":false,"touchDistance":0.240111,"touchZone":"hovering","type":1,"width":17.495},{"bases":[[[0.966127,0.018926,-0.257372],[0.189787,0.623684,0.758287],[0.17487,-0.781448,0.598966]],[[0.974874,-0.0279668,-0.220993],[-0.0891516,0.860182,-0.502134],[0.204137,0.50922,0.836076]],[[0.974874,-0.0279668,-0.220993],[-0.211231,-0.431028,-0.877266],[-0.0707199,0.901905,-0.426106]],[[0.974874,-0.0279668,-0.220993],[-0.117143,-0.908192,-0.401826],[-0.189466,0.417617,-0.88865]]],"btipPosition":[56.3475,204.303,57.3075],"carpPosition":[71.269,208.413,105.537],"dipPosition":[53.079,211.508,41.9771],"direction":[0.0707199,-0.901905,0.426106],"extended":false,"handId":612,"id":6122,"length":61.5127,"mcpPosition":[60.2656,257.584,67.8488],"pipPosition":[51.2328,235.052,30.8537],"stabilizedTipPosition":[49.6944,214.584,49.9914],"timeVisible":5.99199,"tipPosition":[55.806,208.334,52.4155],"tipVelocity":[0.463079,11.7812,7.0345],"tool":false,"touchDistance":0.333333,"touchZone":"none","type":2,"width":17.1824},{"bases":[[[0.964256,-0.143347,-0.22285],[0.263805,0.598213,0.756669],[0.0248458,-0.788411,0.614646]],[[0.961031,-0.0958126,-0.259306],[-0.0449088,0.871444,-0.488435],[0.272769,0.481046,0.833182]],[[0.961031,-0.0958126,-0.259306],[-0.275781,-0.39705,-0.875383],[-0.0190846,0.912782,-0.408001]],[[0.961031,-0.0958126,-0.259306],[-0.202561,-0.882389,-0.424686],[-0.188118,0.460662,-0.867411]]],"btipPosition":[73.0659,203.402,59.228],"carpPosition":[81.9456,209.706,102.872],"dipPosition":[69.8393,211.304,44.3501],"direction":[0.0190846,-0.912782,0.408001],"extended":false,"handId":612,"id":6123,"length":59.1461,"mcpPosition":[80.542,254.247,68.1484],"pipPosition":[69.354,234.516,33.9743],"stabilizedTipPosition":[65.8367,212.249,51.6933],"timeVisible":5.99199,"tipPosition":[71.9496,206.238,54.3893],"tipVelocity":[1.5774,4.72076,9.19383],"tool":false,"touchDistance":0.333333,"touchZone":"none","type":3,"width":16.3501},{"bases":[[[0.903719,-0.330492,-0.272154],[0.411723,0.496615,0.764106],[-0.117375,-0.802589,0.584871]],[[0.911228,-0.235559,-0.3379],[0.0666316,0.893831,-0.443425],[0.406478,0.381546,0.83018]],[[0.911228,-0.235559,-0.3379],[-0.395413,-0.270462,-0.877781],[0.11538,0.933468,-0.339596]],[[0.911228,-0.235559,-0.3379],[-0.378594,-0.802139,-0.461779],[-0.162266,0.548713,-0.820112]]],"btipPosition":[85.808,209.639,58.2163],"carpPosition":[92.3681,205.495,96.6759],"dipPosition":[83.2404,218.322,45.2392],"direction":[-0.11538,-0.933468,0.339596],"extended":false,"handId":612,"id":6124,"length":46.3694,"mcpPosition":[98.5064,247.467,66.0894],"pipPosition":[85.3121,235.082,39.1417],"stabilizedTipPosition":[78.4276,219.203,50.3629],"timeVisible":5.99199,"tipPosition":[84.8647,212.666,53.5271],"tipVelocity":[5.1269,3.17653,5.89451],"tool":false,"touchDistance":0.333333,"touchZone":"none","type":4,"width":14.5235}],"r":[[0.928734,0.26011,0.264188],[0.0106989,0.693486,-0.720391],[-0.370592,0.671878,0.641281]],"s":1.46296,"t":[0.174303,-31.735,-173.561],"timestamp":493543467831},{"currentFrameRate":114.834,"devices":[],"gestures":[],"hands":[{"armBasis":[[0.954795,0.217512,-0.202621],[0.0658428,0.509943,0.857684],[0.289882,-0.832254,0.47257]],"armWidth":57.5826,"confidence":1,"direction":[-0.137568,0.867008,-0.478929],"elbow":[154.34,-22.6936,225.272],"grabAngle":2.88844,"grabStrength":0,"id":612,"palmNormal":[-0.0689274,-0.490733,-0.868579],"palmPosition":[65.8133,236.289,75.0667],"palmVelocity":[2.40402,1.70458,10.0228],"palmWidth":82.0627,"pinchDistance":60.8224,"pinchStrength":0,"r":[[0.928838,0.259923,0.264007],[0.0105908,0.693677,-0.720209],[-0.370334,0.671753,0.64156]],"s":1.46234,"sphereCenter":[61.0557,231.123,32.2016],"sphereRadius":44.8357,"stabilizedPalmPosition":[56.9793,247.844,68.8716],"t":[0.205355,-31.716,-173.475],"timeVisible":6.00072,"type":"right","wrist":[83.751,179.968,110.197]}],"id":1323115,"interactionBox":{"center":[0,200,0],"size":[235.247,235.247,147.751]},"pointables":[{"bases":[[[0.432412,0.642905,0.632213],[-0.710696,-0.188496,0.677776],[0.554915,-0.74239,0.375402]],[[0.169344,0.889268,0.424883],[-0.790395,-0.134984,0.597541],[0.588726,-0.437015,0.680014]],[[0.169344,0.889268,0.424883],[-0.831797,-0.102272,0.545577],[0.528618,-0.445806,0.722371]],[[0.169344,0.889268,0.424883],[-0.870476,-0.0672063,0.487602],[0.462163,-0.452423,0.762705]]],"btipPosition":[0.943201,230.24,27.5795],"carpPosition":[53.923,186.891,97.1906],"dipPosition":[10.8727,220.519,43.966],"direction":[-0.528618,0.445806,-0.722371],"extended":true,"handId":612,"id":6120,"length":47.8434,"mcpPosition":[53.923,186.891,97.1906],"pipPosition":[27.4185,206.566,66.5764],"stabilizedTipPosition":[1.74564,231.009,25.4846],"timeVisible":6.00072,"tipPosition":[8.792,227.56,27.7041],"tipVelocity":[4.40924,3.9309,11.2013],"tool":false,"touchDistance":0.335767,"touchZone":"hovering","type":0,"width":18.3155},{"bases":[[[0.950966,0.230822,-0.205876],[0.0234375,0.609937,0.792103],[0.308407,-0.758088,0.574619]],[[0.974957,0.161329,-0.153075],[-0.019317,0.747136,0.664391],[0.221554,-0.644795,0.731541]],[[0.974957,0.161329,-0.153075],[-0.100983,0.934401,0.341611],[0.198145,-0.317598,0.927292]],[[0.974957,0.161329,-0.153075],[-0.139198,0.979483,0.14573],[0.173445,-0.120773,0.97741]]],"btipPosition":[24.6799,289.214,4.07557],"carpPosition":[60.9983,204.541,106.96],"dipPosition":[27.4004,287.32,19.406],"direction":[-0.198145,0.317598,-0.927292],"extended":true,"handId":612,"id":6121,"length":53.986,"mcpPosition":[40.535,254.842,68.8334],"pipPosition":[31.797,280.272,39.9814],"stabilizedTipPosition":[20.6195,293.833,9.65529],"timeVisible":6.00072,"tipPosition":[24.3936,295.516,11.3796],"tipVelocity":[-10.2001,-9.9184,12.457],"tool":false,"touchDistance":0.241923,"touchZone":"hovering","type":1,"width":17.495},{"bases":[[[0.965867,0.0188956,-0.258348],[0.190637,0.623387,0.758318],[0.17538,-0.781685,0.598507]],[[0.974646,-0.0280113,-0.221994],[-0.0892269,0.86118,-0.500407],[0.205194,0.507527,0.836846]],[[0.974646,-0.0280113,-0.221994],[-0.212123,-0.431386,-0.876875],[-0.0712026,0.901733,-0.42639]],[[0.974646,-0.0280113,-0.221994],[-0.117491,-0.908421,-0.401207],[-0.190426,0.417116,-0.88868]]],"btipPosition":[56.3464,204.409,57.3821],"carpPosition":[71.3175,208.416,105.609],"dipPosition":[53.0613,211.605,42.0512],"direction":[0.0712026,-0.901733,0.42639],"extended":false,"handId":612,"id":6122,"length":61.5127,"mcpPosition":[60.2821,257.602,67.9495],"pipPosition":[51.2025,235.145,30.9203],"stabilizedTipPosition":[49.7466,214.508,50.0255],"timeVisible":6.00072,"tipPosition":[55.7994,208.346,52.5104],"tipVelocity":[-0.567997,11.933,8.5352],"tool":false,"touchDistance":0.333333,"touchZone":"none","type":2,"width":17.1824},{"bases":[[[0.964011,-0.143389,-0.223882],[0.264651,0.597908,0.756615],[0.0253704,-0.788635,0.614338]],[[0.960755,-0.0958417,-0.260317],[-0.0452253,0.871746,-0.487866],[0.273688,0.480493,0.833199]],[[0.960755,-0.0958417,-0.260317],[-0.276715,-0.397036,-0.875095],[-0.0194848,0.912785,-0.407975]],[[0.960755,-0.0958417,-0.260317],[-0.203013,-0.882435,-0.424374],[-0.18904,0.460568,-0.867261]]],"btipPosition":[73.0705,203.442,59.303],"carpPosition":[81.9916,209.709,102.934],"dipPosition":[69.8281,211.342,44.4276],"direction":[0.0194848,-0.912785,0.407975],"extended":false,"handId":612,"id":6123,"length":59.1461,"mcpPosition":[80.5583,254.263,68.2273],"pipPosition":[69.3326,234.555,34.0525],"stabilizedTipPosition":[65.8465,212.238,51.6996],"timeVisible":6.00072,"tipPosition":[71.9464,206.259,54.4617],"tipVelocity":[0.109342,4.50528,8.65835],"tool":false,"touchDistance":0.333333,"touchZone":"none","type":3,"width":16.3501},{"bases":[[[0.903399,-0.330509,-0.273191],[0.412563,0.496289,0.763865],[-0.116883,-0.802784,0.584703]],[[0.910872,-0.234145,-0.339835],[0.064916,0.894507,-0.442316],[0.407551,0.380833,0.829981]],[[0.910872,-0.234145,-0.339835],[-0.396757,-0.270254,-0.877238],[0.113559,0.933884,-0.339066]],[[0.910872,-0.234145,-0.339835],[-0.378484,-0.802212,-0.461742],[-0.164505,0.54921,-0.819333]]],"btipPosition":[85.8547,209.661,58.2591],"carpPosition":[92.4072,205.499,96.7253],"dipPosition":[83.2516,218.351,45.2944],"direction":[-0.113559,-0.933884,0.339066],"extended":false,"handId":612,"id":6124,"length":46.3694,"mcpPosition":[98.5197,247.481,66.1477],"pipPosition":[85.2906,235.119,39.2064],"stabilizedTipPosition":[78.4537,219.174,50.3817],"timeVisible":6.00072,"tipPosition":[84.862,212.683,53.5916],"tipVelocity":[4.40823,2.69917,5.23323],"tool":false,"touchDistance":0.333333,"touchZone":"none","type":4,"width":14.5235}],"r":[[0.928838,0.259923,0.264007],[0.0105908,0.693677,-0.720209],[-0.370334,0.671753,0.64156]],"s":1.46234,"t":[0.205355,-31.716,-173.475],"timestamp":493543476561},{"currentFrameRate":114.853,"devices":[],"gestures":[],"hands":[{"armBasis":[[0.954671,0