{"frames":273,"data":[{"currentFrameRate":114.241,"devices":[],"gestures":[],"hands":[{"armBasis":[[0.872437,0.092546,-0.479885],[0.3465,0.575337,0.740895],[0.344663,-0.812664,0.469878]],"armWidth":59.526,"confidence":1,"direction":[0.0120927,0.956233,-0.292356],"elbow":[153.919,-115.203,186.514],"grabAngle":0.21399,"grabStrength":0,"id":51,"palmNormal":[-0.363792,-0.268134,-0.892054],"palmPosition":[55.7213,156.967,43.7403],"palmVelocity":[1.81527,-3.99637,4.20103],"palmWidth":85.2964,"pinchDistance":83.2367,"pinchStrength":0,"r":[[0.79884,0.200208,0.567249],[-0.0405028,0.958751,-0.281347],[-0.600179,0.201776,0.773997]],"s":1.29497,"sphereCenter":[67.6692,210.411,59.0474],"sphereRadius":66.0294,"stabilizedPalmPosition":[77.4211,155.609,86.275],"t":[-37.0983,8.23757,-81.8416],"timeVisible":2.47135,"type":"right","wrist":[66.6831,90.4862,67.5857]}],"id":207006,"interactionBox":{"center":[0,200,0],"size":[235.247,235.247,147.751]},"pointables":[{"bases":[[[0.702539,0.37928,0.602151],[-0.591613,-0.158994,0.790389],[0.395517,-0.91152,0.112687]],[[0.473751,0.72469,0.500384],[-0.548604,-0.201622,0.811407],[0.688907,-0.658918,0.302049]],[[0.473751,0.72469,0.500384],[-0.656087,-0.088589,0.749467],[0.58746,-0.683357,0.433491]],[[0.473751,0.72469,0.500384],[-0.737199,0.0155107,0.675498],[0.481765,-0.688901,0.541589]]],"btipPosition":[-27.3756,174.474,20.5681],"carpPosition":[34.6251,106.159,60.806],"dipPosition":[-16.6555,159.145,32.6193],"direction":[-0.58746,0.683357,-0.433491],"extended":true,"handId":51,"id":510,"length":49.5511,"mcpPosition":[34.6251,106.159,60.806],"pipPosition":[2.38834,136.992,46.6719],"stabilizedTipPosition":[-14.1814,168.128,31.4323],"timeVisible":2.47135,"tipPosition":[-21.4633,170.32,17.8789],"tipVelocity":[-8.47284,-4.11958,20.9683],"tool":false,"touchDistance":0.370185,"touchZone":"hovering","type":0,"width":18.8883},{"bases":[[[0.92021,0.0450721,-0.388822],[0.338338,0.407919,0.848015],[0.19683,-0.911905,0.360122]],[[0.936626,-0.0589478,-0.345336],[0.349829,0.104645,0.930951],[-0.0187398,-0.992761,0.118635]],[[0.936626,-0.0589478,-0.345336],[0.347972,0.270741,0.897561],[0.0405874,-0.960846,0.274096]],[[0.936626,-0.0589478,-0.345336],[0.333332,0.453284,0.826694],[0.107803,-0.889415,0.444207]]],"btipPosition":[32.9636,259.752,28.422],"carpPosition":[48.4567,119.78,71.619],"dipPosition":[34.7148,245.303,35.6379],"direction":[-0.0405874,0.960846,-0.274096],"extended":true,"handId":51,"id":511,"length":55.9129,"mcpPosition":[34.8821,182.671,46.7828],"pipPosition":[35.6476,223.223,41.9368],"stabilizedTipPosition":[46.0957,251.683,54.1143],"timeVisible":2.47135,"tipPosition":[30.7407,254.584,26.2894],"tipVelocity":[2.97526,-3.61416,6.5663],"tool":false,"touchDistance":0.355613,"touchZone":"hovering","type":1,"width":18.0421},{"bases":[[[0.86709,-0.148749,-0.475425],[0.493278,0.389547,0.777772],[0.0695072,-0.908915,0.411147]],[[0.869871,-0.221346,-0.440828],[0.481199,0.18421,0.857038],[-0.108497,-0.957639,0.26675]],[[0.869871,-0.221346,-0.440828],[0.493274,0.394207,0.775423],[0.0021411,-0.891968,0.452094]],[[0.869871,-0.221346,-0.440828],[0.481982,0.57155,0.664096],[0.104961,-0.79015,0.60386]]],"btipPosition":[57.8884,263.014,6.20665],"carpPosition":[59.3954,121.449,68.3335],"dipPosition":[59.7638,248.897,16.9958],"direction":[-0.0021411,0.891968,-0.452094],"extended":true,"handId":51,"id":512,"length":63.7082,"mcpPosition":[54.8495,180.894,41.4436],"pipPosition":[59.8217,224.781,29.219],"stabilizedTipPosition":[61.711,258.188,25.7425],"timeVisible":2.47135,"tipPosition":[55.4524,259.205,8.01],"tipVelocity":[1.3297,-3.93439,4.8456],"tool":false,"touchDistance":0.352415,"touchZone":"hovering","type":2,"width":17.7198},{"bases":[[[0.828199,-0.309822,-0.467009],[0.555932,0.348751,0.754528],[-0.0708993,-0.884524,0.461075]],[[0.822314,-0.363325,-0.437943],[0.521943,0.175031,0.834829],[-0.226661,-0.915073,0.333566]],[[0.822314,-0.363325,-0.437943],[0.562041,0.398307,0.724887],[-0.0889341,-0.842227,0.531737]],[[0.822314,-0.363325,-0.437943],[0.567693,0.576617,0.587569],[0.0390467,-0.731784,0.680418]]],"btipPosition":[85.1356,246.767,-4.1113],"carpPosition":[69.695,120.772,63.2255],"dipPosition":[85.8293,233.768,7.97586],"direction":[0.0889341,0.842227,-0.531737],"extended":true,"handId":51,"id":513,"length":61.2572,"mcpPosition":[73.8582,172.712,36.151],"pipPosition":[83.4869,211.585,21.981],"stabilizedTipPosition":[87.7919,244.738,32.2054],"timeVisible":2.47135,"tipPosition":[82.6317,243.65,-1.48232],"tipVelocity":[-1.44439,-5.13398,1.03691],"tool":false,"touchDistance":0.348624,"touchZone":"hovering","type":3,"width":16.8615},{"bases":[[[0.71111,-0.46345,-0.528713],[0.669517,0.216792,0.710456],[-0.21464,-0.859195,0.46445]],[[0.677664,-0.569933,-0.464702],[0.601494,0.0660469,0.796142],[-0.423055,-0.819033,0.387569]],[[0.677664,-0.569933,-0.464702],[0.690119,0.274632,0.669562],[-0.253984,-0.774438,0.579429]],[[0.677664,-0.569933,-0.464702],[0.730098,0.445897,0.517815],[-0.0879104,-0.690183,0.718276]]],"btipPosition":[109.549,215.442,-7.04482],"carpPosition":[77.4954,115.492,53.7773],"dipPosition":[108.108,204.131,4.72654],"direction":[0.253984,0.774438,-0.579429],"extended":true,"handId":51,"id":514,"length":48.0245,"mcpPosition":[89.1626,162.195,28.5312],"pipPosition":[103.385,189.73,15.5016],"stabilizedTipPosition":[108.771,216.809,27.2876],"timeVisible":2.47135,"tipPosition":[107.3,213.511,-3.99251],"tipVelocity":[-2.40464,-4.75604,-0.673138],"tool":false,"touchDistance":0.344728,"touchZone":"hovering","type":4,"width":14.9777}],"r":[[0.79884,0.200208,0.567249],[-0.0405028,0.958751,-0.281347],[-0.600179,0.201776,0.773997]],"s":1.29497,"t":[-37.0983,8.23757,-81.8416],"timestamp":472005177676},{"currentFrameRate":114.215,"devices":[],"gestures":[],"hands":[{"armBasis":[[0.872298,0.0921645,-0.480211],[0.347366,0.574387,0.741226],[0.344142,-0.813379,0.469022]],"armWidth":59.526,"confidence":1,"direction":[0.0118946,0.956296,-0.292158],"elbow":[153.837,-115.366,186.316],"grabAngle":0.214328,"grabStrength":0,"id":51,"palmNormal":[-0.364673,-0.267906,-0.891762],"palmPosition":[55.7643,156.995,43.7883],"palmVelocity":[4.88461,3.17911,5.45548],"palmWidth":85.2964,"pinchDistance":83.274,"pinchStrength":0,"r":[[0.799289,0.199693,0.566798],[-0.0404389,0.95891,-0.280815],[-0.599585,0.201532,0.774521]],"s":1.29529,"sphereCenter":[67.6742,210.421,59.0621],"sphereRadius":66.0089,"stabilizedPalmPosition":[77.419,155.609,86.2709],"t":[-37.0674,8.24277,-81.791],"timeVisible":2.48015,"type":"right","wrist":[66.7335,90.5042,67.604]}],"id":207007,"interactionBox":{"center":[0,200,0],"size":[235.247,235.247,147.751]},"pointables":[{"bases":[[[0.70315,0.379086,0.601559],[-0.590867,-0.159116,0.790923],[0.395546,-0.911579,0.112107]],[[0.474256,0.724579,0.500067],[-0.547207,-0.202356,0.812168],[0.689671,-0.658815,0.300526]],[[0.474256,0.724579,0.500067],[-0.654806,-0.0893656,0.750495],[0.588482,-0.683374,0.432076]],[[0.474256,0.724579,0.500067],[-0.735681,0.0141683,0.67718],[0.483585,-0.689046,0.539779]]],"btipPosition":[-27.43,174.499,20.7826],"carpPosition":[34.6801,106.185,60.8631],"dipPosition":[-16.6694,159.167,32.7935],"direction":[-0.588482,0.683374,-0.432076],"extended":true,"handId":51,"id":510,"length":49.5511,"mcpPosition":[34.6801,106.185,60.8631],"pipPosition":[2.40759,137.014,46.8003],"stabilizedTipPosition":[-14.1816,168.128,31.4322],"timeVisible":2.48015,"tipPosition":[-21.4683,170.364,18.0424],"tipVelocity":[-5.12048,2.75841,23.3227],"tool":false,"touchDistance":0.369578,"touchZone":"hovering","type":0,"width":18.8883},{"bases":[[[0.919839,0.045078,-0.389697],[0.339188,0.407703,0.847779],[0.197097,-0.912001,0.359732]],[[0.936298,-0.059047,-0.346207],[0.350702,0.104361,0.930654],[-0.018822,-0.992785,0.11842]],[[0.936298,-0.059047,-0.346207],[0.348841,0.270573,0.897274],[0.040693,-0.960887,0.273935]],[[0.936298,-0.059047,-0.346207],[0.33418,0.452995,0.82651],[0.108027,-0.889556,0.443871]]],"btipPosition":[33.0091,259.785,28.5136],"carpPosition":[48.5232,119.803,71.6658],"dipPosition":[34.7639,245.334,35.7241],"direction":[-0.040693,0.960887,-0.273935],"extended":true,"handId":51,"id":511,"length":55.9129,"mcpPosition":[34.9302,182.7,46.8565],"pipPosition":[35.6991,223.253,42.0193],"stabilizedTipPosition":[46.095,251.683,54.1132],"timeVisible":2.48015,"tipPosition":[30.7767,254.619,26.3849],"tipVelocity":[5.25905,3.72746,10.2661],"tool":false,"touchDistance":0.35474,"touchZone":"hovering","type":1,"width":18.0421},{"bases":[[[0.86662,-0.14872,-0.47629],[0.494059,0.389333,0.777383],[0.0698235,-0.909012,0.41088]],[[0.869428,-0.2214,-0.441675],[0.482006,0.183839,0.856664],[-0.108468,-0.957698,0.26655]],[[0.869428,-0.2214,-0.441675],[0.494053,0.394006,0.775029],[0.00243176,-0.892043,0.451943]],[[0.869428,-0.2214,-0.441675],[0.48267,0.571478,0.663659],[0.105474,-0.790187,0.603722]]],"btipPosition":[57.9129,263.048,6.27646],"carpPosition":[59.459,121.471,68.3702],"dipPosition":[59.7975,248.93,17.0632],"direction":[-0.00243176,0.892043,-0.451943],"extended":true,"handId":51,"id":512,"length":63.7082,"mcpPosition":[54.8923,180.923,41.4977],"pipPosition":[59.8632,224.812,29.2822],"stabilizedTipPosition":[61.7108,258.188,25.7413],"timeVisible":2.48015,"tipPosition":[55.4716,259.241,8.08115],"tipVelocity":[3.02483,3.842,7.86833],"tool":false,"touchDistance":0.351545,"touchZone":"hovering","type":2,"width":17.7198},{"bases":[[[0.827723,-0.309791,-0.467873],[0.556687,0.348537,0.75407],[-0.0705328,-0.884619,0.460949]],[[0.821856,-0.363336,-0.438793],[0.522755,0.17481,0.834367],[-0.22645,-0.915111,0.333604]],[[0.821856,-0.363336,-0.438793],[0.562807,0.398408,0.724237],[-0.0883224,-0.842175,0.531922]],[[0.821856,-0.363336,-0.438793],[0.568288,0.576963,0.586654],[0.0400154,-0.731506,0.68066]]],"btipPosition":[85.1304,246.791,-4.08805],"carpPosition":[69.7536,120.795,63.2521],"dipPosition":[85.8413,233.796,8.00342],"direction":[0.0883224,0.842175,-0.531922],"extended":true,"handId":51,"id":513,"length":61.2572,"mcpPosition":[73.8953,172.74,36.185],"pipPosition":[83.515,211.614,22.0134],"stabilizedTipPosition":[87.7915,244.738,32.2001],"timeVisible":2.48015,"tipPosition":[82.6422,243.686,-1.44092],"tipVelocity":[-0.14279,2.78648,2.75483],"tool":false,"touchDistance":0.347459,"touchZone":"hovering","type":3,"width":16.8615},{"bases":[[[0.710561,-0.463395,-0.529498],[0.670218,0.216578,0.70986],[-0.214268,-0.859278,0.464468]],[[0.677153,-0.569927,-0.465453],[0.602306,0.0659154,0.795539],[-0.422719,-0.819047,0.387905]],[[0.677153,-0.569927,-0.465453],[0.690868,0.274667,0.668775],[-0.253309,-0.77443,0.579736]],[[0.677153,-0.569927,-0.465453],[0.730693,0.446103,0.516797],[-0.0868968,-0.690054,0.718522]]],"btipPosition":[109.537,215.469,-7.04883],"carpPosition":[77.5444,115.515,53.7953],"dipPosition":[108.113,204.16,4.72657],"direction":[0.253309,0.77443,-0.579736],"extended":true,"handId":51,"id":514,"length":48.0245,"mcpPosition":[89.1914,162.223,28.5483],"pipPosition":[103.403,189.758,15.5074],"stabilizedTipPosition":[108.771,216.808,27.2753],"timeVisible":2.48015,"tipPosition":[107.304,213.545,-3.98202],"tipVelocity":[-0.892797,3.08543,-0.350303],"tool":false,"touchDistance":0.343542,"touchZone":"hovering","type":4,"width":14.9777}],"r":[[0.799289,0.199693,0.566798],[-0.0404389,0.95891,-0.280815],[-0.599585,0.201532,0.774521]],"s":1.29529,"t":[-37.0674,8.24277,-81.791],"timestamp":472005186476},{"currentFrameRate":114.286,"devices":[],"gestures":[],"hands":[{"armBasis":[[0.872081,0.0917076,-0.480692],[0.348208,0.573892,0.741215],[0.34384,-0.81378,0.468547]],"armWidth":59.526,"confidence":1,"direction":[0.0116092,0.956306,-0.292137],"elbow":[153.816,-115.531,186.191],"grabAngle":0.214521,"grabStrength":0,"id":51,"palmNormal":[-0.365601,-0.267869,-0.891393],"palmPosition":[55.8042,156.935,43.7986],"palmVelocity":[4.62997,-7.00971,1.19332],"palmWidth":85.2964,"pinchDistance":83.3221,"pinchStrength":0,"r":[[0.799765,0.199276,0.566273],[-0.0404423,0.959038,-0.280375],[-0.598949,0.201333,0.775065]],"s":1.29562,"sphereCenter":[67.6708,210.384,59.1168],"sphereRadius":66.0351,"stabilizedPalmPosition":[77.4148,155.609,86.2626],"t":[-37.0319,8.21513,-81.7606],"timeVisible":2.48878,"type":"right","wrist":[66.7886,90.4404,67.599]}],"id":207008,"interactionBox":{"center":[0,200,0],"size":[235.247,235.247,147.751]},"pointables":[{"bases":[[[0.70378,0.379053,0.600844],[-0.59005,-0.159133,0.791529],[0.395645,-0.911589,0.111666]],[[0.474636,0.724708,0.499519],[-0.545886,-0.202816,0.812941],[0.690456,-0.658532,0.299344]],[[0.474636,0.724708,0.499519],[-0.653545,-0.089971,0.751521],[0.589575,-0.683157,0.430926]],[[0.474636,0.724708,0.499519],[-0.734187,0.0129523,0.678823],[0.485479,-0.688935,0.538219]]],"btipPosition":[-27.4875,174.416,20.9403],"carpPosition":[34.7368,106.124,60.8935],"dipPosition":[-16.6848,159.086,32.9165],"direction":[-0.589575,0.683157,-0.430926],"extended":true,"handId":51,"id":510,"length":49.5511,"mcpPosition":[34.7368,106.124,60.8935],"pipPosition":[2.42762,136.94,46.886],"stabilizedTipPosition":[-14.1818,168.128,31.4321],"timeVisible":2.48878,"tipPosition":[-21.476,170.31,18.1665],"tipVelocity":[-5.54718,-9.60596,17.3496],"tool":false,"touchDistance":0.368199,"touchZone":"hovering","type":0,"width":18.8883},{"bases":[[[0.919436,0.0450748,-0.390648],[0.340073,0.407669,0.847441],[0.197453,-0.912017,0.359496]],[[0.935946,-0.059131,-0.347144],[0.351635,0.103974,0.930345],[-0.0189182,-0.992821,0.118107]],[[0.935946,-0.059131,-0.347144],[0.349772,0.270328,0.896985],[0.040803,-0.960951,0.273694]],[[0.935946,-0.059131,-0.347144],[0.335086,0.452645,0.826335],[0.108271,-0.889728,0.443465]]],"btipPosition":[33.0501,259.73,28.5713],"carpPosition":[48.5914,119.741,71.6823],"dipPosition":[34.8089,245.277,35.7752],"direction":[-0.040803,0.960951,-0.273694],"extended":true,"handId":51,"id":511,"length":55.9129,"mcpPosition":[34.9738,182.639,46.8892],"pipPosition":[35.7466,223.194,42.0649],"stabilizedTipPosition":[46.094,251.683,54.1112],"timeVisible":2.48878,"tipPosition":[30.8048,254.563,26.4306],"tipVelocity":[4.86198,-6.38982,6.50926],"tool":false,"touchDistance":0.353442,"touchZone":"hovering","type":1,"width":18.0421},{"bases":[[[0.866123,-0.148719,-0.477193],[0.494871,0.389298,0.776885],[0.0702327,-0.909027,0.410777]],[[0.868966,-0.221449,-0.442558],[0.482843,0.183433,0.856279],[-0.108443,-0.957764,0.266323]],[[0.868966,-0.221449,-0.442558],[0.494864,0.393741,0.774647],[0.00270807,-0.892148,0.451735]],[[0.868966,-0.221449,-0.442558],[0.483385,0.571384,0.663219],[0.106001,-0.790241,0.603558]]],"btipPosition":[57.9329,262.995,6.30747],"carpPosition":[59.5237,121.41,68.3754],"dipPosition":[59.8268,248.876,17.0913],"direction":[-0.00270807,0.892148,-0.451735],"extended":true,"handId":51,"id":512,"length":63.7082,"mcpPosition":[54.9303,180.863,41.5097],"pipPosition":[59.9,224.755,29.3047],"stabilizedTipPosition":[61.7103,258.189,25.7392],"timeVisible":2.48878,"tipPosition":[55.4814,259.183,8.09644],"tipVelocity":[2.563,-6.23172,3.51607],"tool":false,"touchDistance":0.350179,"touchZone":"hovering","type":2,"width":17.7198},{"bases":[[[0.827232,-0.30979,-0.46874],[0.557474,0.348502,0.753505],[-0.0700712,-0.884634,0.460991]],[[0.821395,-0.363338,-0.439655],[0.523578,0.174598,0.833895],[-0.226223,-0.915151,0.333649]],[[0.821395,-0.363338,-0.439655],[0.563582,0.398552,0.723554],[-0.0876693,-0.842105,0.532139]],[[0.821395,-0.363338,-0.439655],[0.568879,0.577423,0.585627],[0.0410864,-0.731141,0.680988]]],"btipPosition":[85.1169,246.723,-4.10948],"carpPosition":[69.813,120.733,63.2467],"dipPosition":[85.8468,233.735,7.98781],"direction":[0.0876693,0.842106,-0.532139],"extended":true,"handId":51,"id":513,"length":61.2572,"mcpPosition":[73.9276,172.679,36.1771],"pipPosition":[83.5377,211.555,22.0035],"stabilizedTipPosition":[87.7909,244.738,32.1913],"timeVisible":2.48878,"tipPosition":[82.6382,243.627,-1.45542],"tipVelocity":[-1.06031,-7.61113,-2.3279],"tool":false,"touchDistance":0.345745,"touchZone":"hovering","type":3,"width":16.8615},{"bases":[[[0.710004,-0.46339,-0.530249],[0.670957,0.216542,0.709173],[-0.213802,-0.85929,0.46466]],[[0.676635,-0.56999,-0.466129],[0.603116,0.0658788,0.794928],[-0.422394,-0.819006,0.388346]],[[0.676635,-0.56999,-0.466129],[0.691622,0.274789,0.667945],[-0.252635,-0.77434,0.580149]],[[0.676635,-0.56999,-0.466129],[0.731299,0.446426,0.51566],[-0.0858296,-0.689794,0.718901]]],"btipPosition":[109.521,215.401,-7.1017],"carpPosition":[77.594,115.454,53.7816],"dipPosition":[108.114,204.096,4.67991],"direction":[0.252635,0.77434,-0.580149],"extended":true,"handId":51,"id":514,"length":48.0245,"mcpPosition":[89.2156,162.163,28.5241],"pipPosition":[103.416,189.697,15.4684],"stabilizedTipPosition":[108.771,216.806,27.2613],"timeVisible":2.48878,"tipPosition":[107.297,213.484,-4.02344],"tipVelocity":[-1.46982,-7.75439,-5.96075],"tool":false,"touchDistance":0.34175,"touchZone":"hovering","type":4,"width":14.9777}],"r":[[0.799765,0.199276,0.566273],[-0.0404423,0.959038,-0.280375],[-0.598949,0.201333,0.775065]],"s":1.29562,"t":[-37.0319,8.21513,-81.7606],"timestamp":472005195105},{"currentFrameRate":114.313,"devices":[],"gestures":[],"hands":[{"armBasis":[[0.871799,0.0912111,-0.481297],[0.349078,0.573625,0.741012],[0.343672,-0.814024,0.468246]],"armWidth":59.526,"confidence":1,"direction":[0.0117369,0.956543,-0.291356],"elbow":[153.778,-115.698,186.076],"grabAngle":0.214933,"grabStrength":0,"id":51,"palmNormal":[-0.366552,-0.266977,-0.891271],"palmPosition":[55.8171,156.851,43.818],"palmVelocity":[1.47518,-9.5648,2.22596],"palmWidth":85.2964,"pinchDistance":83.3519,"pinchStrength":0,"r":[[0.800269,0.19878,0.565735],[-0.0404166,0.959191,-0.279856],[-0.598277,0.201095,0.775645]],"s":1.29591,"sphereCenter":[67.6718,210.255,59.1019],"sphereRadius":65.996,"stabilizedPalmPosition":[77.4078,155.609,86.2488],"t":[-37.0078,8.1597,-81.7356],"timeVisible":2.49748,"type":"right","wrist":[66.7931,90.3356,67.5603]}],"id":207009,"interactionBox":{"center":[0,200,0],"size":[235.247,235.247,147.751]},"pointables":[{"bases":[[[0.704504,0.378259,0.600495],[-0.589372,-0.159541,0.791951],[0.395367,-0.911848,0.110538]],[[0.475304,0.724203,0.499615],[-0.544889,-0.203552,0.813427],[0.690784,-0.65886,0.297861]],[[0.475304,0.724203,0.499615],[-0.652588,-0.0906749,0.752268],[0.590098,-0.683599,0.429508]],[[0.475304,0.724203,0.499615],[-0.732975,0.0118353,0.680153],[0.486656,-0.689485,0.536448]]],"btipPosition":[-27.5385,174.369,21.0921],"carpPosition":[34.7444,106.036,60.8906],"dipPosition":[-16.7096,159.027,33.0289],"direction":[-0.590098,0.683599,-0.429508],"extended":true,"handId":51,"id":510,"length":49.5511,"mcpPosition":[34.7444,106.036,60.8906],"pipPosition":[2.41979,136.867,46.9524],"stabilizedTipPosition":[-14.182,168.128,31.4319],"timeVisible":2.49748,"tipPosition":[-21.4957,170.282,18.2917],"tipVelocity":[-5.16304,-5.6793,16.4089],"tool":false,"touchDistance":0.366854,"touchZone":"hovering","type":0,"width":18.8883},{"bases":[[[0.919087,0.0450123,-0.391475],[0.341041,0.406823,0.847458],[0.197407,-0.912397,0.358555]],[[0.935597,-0.059267,-0.34806],[0.352542,0.102924,0.930119],[-0.0193015,-0.992922,0.11719]],[[0.935597,-0.059267,-0.34806],[0.350721,0.269525,0.896856],[0.0406568,-0.961168,0.272953]],[[0.935597,-0.059267,-0.34806],[0.33606,0.451776,0.826415],[0.108266,-0.89016,0.442598]]],"btipPosition":[33.0958,259.67,28.7001],"carpPosition":[48.6148,119.638,71.6776],"dipPosition":[34.8545,245.209,35.8899],"direction":[-0.0406568,0.961168,-0.272953],"extended":true,"handId":51,"id":511,"length":55.9129,"mcpPosition":[35.0004,182.562,46.9495],"pipPosition":[35.7888,223.121,42.1626],"stabilizedTipPosition":[46.093,251.684,54.1092],"timeVisible":2.49748,"tipPosition":[30.8432,254.505,26.5556],"tipVelocity":[5.24625,-7.18475,14.4352],"tool":false,"touchDistance":0.353315,"touchZone":"hovering","type":1,"width":18.0421},{"bases":[[[0.865612,-0.148687,-0.47813],[0.495765,0.388446,0.776741],[0.0702364,-0.909397,0.409957]],[[0.868456,-0.221474,-0.443546],[0.4837,0.182343,0.856029],[-0.108711,-0.957967,0.265484]],[[0.868456,-0.221474,-0.443546],[0.495758,0.392884,0.77451],[0.00272802,-0.89252,0.451001]],[[0.868456,-0.221474,-0.443546],[0.484239,0.570747,0.663145],[0.106283,-0.790694,0.602915]]],"btipPosition":[57.9604,262.941,6.41727],"carpPosition":[59.5447,121.305,68.3618],"dipPosition":[59.8593,248.814,17.1896],"direction":[-0.00272802,0.89252,-0.451001],"extended":true,"handId":51,"id":512,"length":63.7082,"mcpPosition":[54.9511,180.782,41.5497],"pipPosition":[59.9331,224.683,29.3831],"stabilizedTipPosition":[61.7099,258.189,25.7371],"timeVisible":2.49748,"tipPosition":[55.5051,259.13,8.20121],"tipVelocity":[3.29163,-6.36952,12.3154],"tool":false,"touchDistance":0.350102,"touchZone":"hovering","type":2,"width":17.7198},{"bases":[[[0.82666,-0.309748,-0.469775],[0.558329,0.347643,0.753268],[-0.07001,-0.884986,0.460324]],[[0.82083,-0.363305,-0.440736],[0.524434,0.17367,0.833551],[-0.226291,-0.91534,0.333083]],[[0.82083,-0.363305,-0.440736],[0.564469,0.3981,0.723112],[-0.0872535,-0.842334,0.531846]],[[0.82083,-0.363305,-0.440736],[0.569635,0.577291,0.585022],[0.0418913,-0.731262,0.680809]]],"btipPosition":[85.1068,246.655,-4.05915],"carpPosition":[69.8289,120.628,63.2228],"dipPosition":[85.851,233.665,8.03496],"direction":[0.0872535,0.842334,-0.531846],"extended":true,"handId":51,"id":513,"length":61.2572,"mcpPosition":[73.9399,172.595,36.1925],"pipPosition":[83.5528,211.479,22.043],"stabilizedTipPosition":[87.7901,244.737,32.1803],"timeVisible":2.49748,"tipPosition":[82.6489,243.57,-1.38926],"tipVelocity":[-0.78195,-7.90798,5.6997],"tool":false,"touchDistance":0.345248,"touchZone":"hovering","type":3,"width":16.8615},{"bases":[[[0.70931,-0.463248,-0.531301],[0.671715,0.215672,0.708721],[-0.213727,-0.859585,0.464149]],[[0.675929,-0.56996,-0.467189],[0.603943,0.0650986,0.794365],[-0.422343,-0.81909,0.388225]],[[0.675929,-0.56996,-0.467189],[0.692493,0.27432,0.667235],[-0.252138,-0.774528,0.580114]],[[0.675929,-0.56996,-0.467189],[0.732053,0.446184,0.514799],[-0.0849625,-0.689975,0.71883]]],"btipPosition":[109.496,215.325,-7.10353],"carpPosition":[77.5987,115.354,53.7461],"dipPosition":[108.104,204.018,4.67691],"direction":[0.252138,0.774529,-0.580114],"extended":true,"handId":51,"id":514,"length":48.0245,"mcpPosition":[89.2163,162.078,28.5164],"pipPosition":[103.415,189.615,15.4648],"stabilizedTipPosition":[108.771,216.803,27.241],"timeVisible":2.49748,"tipPosition":[107.292,213.418,-4.00623],"tipVelocity":[-2.44208,-8.73387,-0.241447],"tool":false,"touchDistance":0.340877,"touchZone":"hovering","type":4,"width":14.9777}],"r":[[0.800269,0.19878,0.565735],[-0.0404166,0.959191,-0.279856],[-0.598277,0.201095,0.775645]],"s":1.29591,"t":[-37.0078,8.1597,-81.7356],"timestamp":472005203806},{"currentFrameRate":114.357,"devices":[],"gestures":[],"hands":[{"armBasis":[[0.871704,0.0907751,-0.481552],[0.349729,0.573101,0.74111],[0.343252,-0.814442,0.467828]],"armWidth":59.526,"confidence":1,"direction":[0.011765,0.956644,-0.291023],"elbow":[153.711,-115.884,185.968],"grabAngle":0.215114,"grabStrength":0,"id":51,"palmNormal":[-0.367207,-0.266574,-0.891121],"palmPosition":[55.8617,156.783,43.8463],"palmVelocity":[5.14396,-7.91003,3.262],"palmWidth":85.2964,"pinchDistance":83.3762,"pinchStrength":0,"r":[[0.800757,0.198307,0.565211],[-0.0403885,0.959335,-0.279367],[-0.597627,0.200877,0.776203]],"s":1.29615,"sphereCenter":[67.6809,210.185,59.1563],"sphereRadius":65.9995,"stabilizedPalmPosition":[77.3979,155.61,86.2292],"t":[-36.9734,8.0977,-81.709],"timeVisible":2.50615,"type":"right","wrist":[66.8323,90.2552,67.5582]}],"id":207010,"interactionBox":{"center":[0,200,0],"size":[235.247,235.247,147.751]},"pointables":[{"bases":[[[0.704991,0.377882,0.600161],[-0.588882,-0.159686,0.792287],[0.395228,-0.911979,0.109951]],[[0.475684,0.724039,0.499492],[-0.544155,-0.203929,0.813823],[0.691101,-0.658924,0.296983]],[[0.475684,0.724039,0.499492],[-0.651835,-0.0911311,0.752865],[0.590623,-0.683713,0.428604]],[[0.475684,0.724039,0.499492],[-0.731858,0.010764,0.681372],[0.487963,-0.689675,0.535014]]],"btipPosition":[-27.5553,174.31,21.2186],"carpPosition":[34.7885,105.966,60.9148],"dipPosition":[-16.6973,158.964,33.1235],"direction":[-0.590623,0.683713,-0.428604],"extended":true,"handId":51,"id":510,"length":49.5511,"mcpPosition":[34.7885,105.966,60.9148],"pipPosition":[2.44913,136.8,47.0177],"stabilizedTipPosition":[-14.1823,168.129,31.4317],"timeVisible":2.50615,"tipPosition":[-21.4787,170.243,18.3976],"tipVelocity":[-1.16385,-6.9014,13.7455],"tool":false,"touchDistance":0.36529,"touchZone":"hovering","type":0,"width":18.8883},{"bases":[[[0.918837,0.0449386,-0.392071],[0.3417,0.406442,0.847376],[0.197434,-0.912571,0.358098]],[[0.935351,-0.0593591,-0.348704],[0.353187,0.102608,0.929909],[-0.0194187,-0.992949,0.116939]],[[0.935351,-0.0593591,-0.348704],[0.351372,0.269321,0.896663],[0.0406881,-0.961219,0.272767]],[[0.935351,-0.0593591,-0.348704],[0.336725,0.451325,0.826391],[0.108325,-0.890383,0.442135]]],"btipPosition":[33.1515,259.611,28.7734],"carpPosition":[48.6693,119.561,71.6974],"dipPosition":[34.9112,245.147,35.9557],"direction":[-0.0406881,0.961219,-0.272767],"extended":true,"handId":51,"id":511,"length":55.9129,"mcpPosition":[35.0531,182.498,47.0008],"pipPosition":[35.8463,223.057,42.2241],"stabilizedTipPosition":[46.0915,251.684,54.1064],"timeVisible":2.50615,"tipPosition":[30.9003,254.449,26.6372],"tipVelocity":[6.45713,-6.89606,8.25607],"tool":false,"touchDistance":0.352391,"touchZone":"hovering","type":1,"width":18.0421},{"bases":[[[0.865259,-0.148718,-0.478759],[0.496373,0.388054,0.776549],[0.0702982,-0.909559,0.409587]],[[0.86811,-0.221471,-0.444226],[0.484304,0.181764,0.855811],[-0.108793,-0.958077,0.265051]],[[0.86811,-0.221471,-0.444226],[0.496365,0.39239,0.774372],[0.002809,-0.892738,0.450568]],[[0.86811,-0.221471,-0.444226],[0.484813,0.570327,0.663086],[0.1065,-0.790998,0.602478]]],"btipPosition":[58.0067,262.89,6.494],"carpPosition":[59.5974,121.227,68.375],"dipPosition":[59.9095,248.757,17.2585],"direction":[-0.002809,0.892738,-0.450568],"extended":true,"handId":51,"id":512,"length":63.7082,"mcpPosition":[54.9997,180.714,41.5871],"pipPosition":[59.9855,224.621,29.4404],"stabilizedTipPosition":[61.7095,258.189,25.7347],"timeVisible":2.50615,"tipPosition":[55.5522,259.074,8.2667],"tipVelocity":[5.44583,-6.04676,8.6429],"tool":false,"touchDistance":0.349549,"touchZone":"hovering","type":2,"width":17.7198},{"bases":[[[0.826276,-0.309773,-0.470435],[0.558911,0.347245,0.75302],[-0.069909,-0.885134,0.460055]],[[0.820468,-0.36322,-0.441478],[0.525033,0.173168,0.833279],[-0.226213,-0.915469,0.332782]],[[0.820468,-0.36322,-0.441478],[0.565056,0.397906,0.72276],[-0.0868538,-0.842462,0.531709]],[[0.820468,-0.36322,-0.441478],[0.570105,0.577339,0.584517],[0.0425742,-0.731267,0.680761]]],"btipPosition":[85.124,246.594,-4.02007],"carpPosition":[69.878,120.55,63.2289],"dipPosition":[85.8803,233.604,8.0732],"direction":[0.0868538,0.842462,-0.531709],"extended":true,"handId":51,"id":513,"length":61.2572,"mcpPosition":[73.9831,172.525,36.2143],"pipPosition":[83.5927,211.414,22.0776],"stabilizedTipPosition":[87.789,244.737,32.1664],"timeVisible":2.50615,"tipPosition":[82.6861,243.511,-1.34786],"tipVelocity":[2.30853,-7.05488,4.48549],"tool":false,"touchDistance":0.34464,"touchZone":"hovering","type":3,"width":16.8615},{"bases":[[[0.708848,-0.463224,-0.531938],[0.672236,0.215264,0.70835],[-0.213618,-0.859701,0.463985]],[[0.675506,-0.569896,-0.467878],[0.60457,0.0648132,0.793911],[-0.422122,-0.819156,0.388324]],[[0.675506,-0.569896,-0.467878],[0.693071,0.27415,0.666705],[-0.251684,-0.774635,0.580168]],[[0.675506,-0.569896,-0.467878],[0.732519,0.446116,0.514195],[-0.0843104,-0.690071,0.718814]]],"btipPosition":[109.505,215.26,-7.09968],"carpPosition":[77.6403,115.276,53.7451],"dipPosition":[108.123,203.951,4.6805],"direction":[0.251684,0.774635,-0.580168],"extended":true,"handId":51,"id":514,"length":48.0245,"mcpPosition":[89.2519,162.007,28.5243],"pipPosition":[103.443,189.546,15.4694],"stabilizedTipPosition":[108.771,216.8,27.2141],"timeVisible":2.50615,"tipPosition":[107.32,213.354,-3.99251],"tipVelocity":[1.33168,-7.5461,0.437008],"tool":false,"touchDistance":0.340179,"touchZone":"hovering","type":4,"width":14.9777}],"r":[[0.800757,0.198307,0.565211],[-0.0403885,0.959335,-0.279367],[-0.597627,0.200877,0.776203]],"s":1.29615,"t":[-36.9734,8.0977,-81.709],"timestamp":472005212476},{"currentFrameRate":114.396,"devices":[],"gestures":[],"hands":[{"armBasis":[[0.871869,0.0908084,-0.481246],[0.34975,0.572394,0.741647],[0.34281,-0.814935,0.467292]],"armWidth":59.526,"confidence":1,"direction":[0.0116476,0.956595,-0.291186],"elbow":[153.633,-116.08,185.839],"grabAngle":0.21515,"grabStrength":0,"id":51,"palmNormal":[-0.367142,-0.266775,-0.891088],"palmPosition":[55.8935,156.711,43.8487],"palmVelocity":[3.67069,-8.31406,0.28464],"palmWidth":85.2964,"pinchDistance":83.4036,"pinchStrength":0,"r":[[0.801137,0.197969,0.56479],[-0.0403894,0.959439,-0.279009],[-0.597117,0.200713,0.776638]],"s":1.29639,"sphereCenter":[67.6415,210.151,59.2277],"sphereRadius":66.0362,"stabilizedPalmPosition":[77.3838,155.611,86.2015],"t":[-36.9403,8.03063,-81.6945],"timeVisible":2.51483,"type":"right","wrist":[66.8663,90.1841,67.5645]}],"id":207011,"interactionBox":{"center":[0,200,0],"size":[235.247,235.247,147.751]},"pointables":[{"bases":[[[0.704921,0.378079,0.600119],[-0.588887,-0.159629,0.792295],[0.395346,-0.911907,0.11012]],[[0.47544,0.724323,0.499313],[-0.543895,-0.204093,0.813956],[0.691473,-0.658561,0.296922]],[[0.47544,0.724323,0.499313],[-0.651503,-0.0915143,0.753107],[0.591187,-0.68336,0.428389]],[[0.47544,0.724323,0.499313],[-0.731148,0.00967792,0.68215],[0.489265,-0.689393,0.534188]]],"btipPosition":[-27.5819,174.204,21.2573],"carpPosition":[34.8266,105.894,60.9253],"dipPosition":[-16.695,158.864,33.1439],"direction":[-0.591187,0.68336,-0.428389],"extended":true,"handId":51,"id":510,"length":49.5511,"mcpPosition":[34.8266,105.894,60.9253],"pipPosition":[2.46973,136.711,47.0311],"stabilizedTipPosition":[-14.1831,168.129,31.4311],"timeVisible":2.51483,"tipPosition":[-21.4636,170.158,18.4196],"tipVelocity":[-2.30381,-12.1326,3.97641],"tool":false,"touchDistance":0.362612,"touchZone":"hovering","type":0,"width":18.8883},{"bases":[[[0.918844,0.0449936,-0.392048],[0.341618,0.406632,0.847318],[0.197543,-0.912483,0.358261]],[[0.935369,-0.0592796,-0.348669],[0.353149,0.102909,0.92989],[-0.0192423,-0.992923,0.117192]],[[0.935369,-0.0592796,-0.348669],[0.351302,0.269684,0.896581],[0.0408815,-0.961123,0.273079]],[[0.935369,-0.0592796,-0.348669],[0.336655,0.451363,0.826399],[0.108388,-0.890369,0.442148]]],"btipPosition":[33.1672,259.533,28.7531],"carpPosition":[48.7052,119.493,71.706],"dipPosition":[34.9279,245.069,35.9356],"direction":[-0.0408815,0.961123,-0.273079],"extended":true,"handId":51,"id":511,"length":55.9129,"mcpPosition":[35.0814,182.423,46.9982],"pipPosition":[35.8674,222.982,42.2111],"stabilizedTipPosition":[46.0887,251.685,54.1011],"timeVisible":2.51483,"tipPosition":[30.9208,254.372,26.6236],"tipVelocity":[1.83178,-8.97115,-2.3369],"tool":false,"touchDistance":0.350181,"touchZone":"hovering","type":1,"width":18.0421},{"bases":[[[0.865294,-0.148685,-0.478705],[0.496295,0.388253,0.776499],[0.0704055,-0.909479,0.409745]],[[0.868154,-0.221352,-0.444199],[0.484245,0.181771,0.855842],[-0.1087,-0.958104,0.264994]],[[0.868154,-0.221352,-0.444199],[0.496287,0.392415,0.774409],[0.00289328,-0.892756,0.450531]],[[0.868154,-0.221352,-0.444199],[0.484722,0.570337,0.663144],[0.106555,-0.791024,0.602434]]],"btipPosition":[58.0279,262.82,6.49673],"carpPosition":[59.6332,121.159,68.3837],"dipPosition":[59.9317,248.686,17.2604],"direction":[-0.00289328,0.892756,-0.450531],"extended":true,"handId":51,"id":512,"length":63.7082,"mcpPosition":[55.0285,180.641,41.5854],"pipPosition":[60.01,224.549,29.4413],"stabilizedTipPosition":[61.7086,258.189,25.7301],"timeVisible":2.51483,"tipPosition":[55.5753,258.997,8.25257],"tipVelocity":[2.47243,-8.13434,0.29411],"tool":false,"touchDistance":0.347966,"touchZone":"hovering","type":2,"width":17.7198},{"bases":[[[0.826332,-0.309744,-0.470355],[0.55884,0.347448,0.752979],[-0.0698066,-0.885064,0.460205]],[[0.820549,-0.363059,-0.441461],[0.524968,0.173219,0.833309],[-0.226071,-0.915523,0.33273]],[[0.820549,-0.363059,-0.441461],[0.564979,0.39817,0.722676],[-0.0865977,-0.842407,0.531838]],[[0.820549,-0.363059,-0.441461],[0.569961,0.577761,0.584241],[0.0429449,-0.731013,0.68101]]],"btipPosition":[85.1346,246.519,-4.02531],"carpPosition":[69.914,120.483,63.238],"dipPosition":[85.8975,233.533,8.07239],"direction":[0.0865977,0.842407,-0.531838],"extended":true,"handId":51,"id":513,"length":61.2572,"mcpPosition":[74.0131,172.454,36.2147],"pipPosition":[83.6167,211.346,22.0802],"stabilizedTipPosition":[87.7875,244.736,32.1463],"timeVisible":2.51483,"tipPosition":[82.71,243.435,-1.35925],"tipVelocity":[1.39894,-8.48909,-0.485996],"tool":false,"touchDistance":0.343446,"touchZone":"hovering","type":3,"width":16.8615},{"bases":[[[0.708927,-0.46322,-0.531835],[0.672184,0.215474,0.708336],[-0.213519,-0.85965,0.464125]],[[0.675629,-0.569803,-0.467814],[0.604596,0.0651115,0.793867],[-0.421888,-0.819197,0.388492]],[[0.675629,-0.569803,-0.467814],[0.693046,0.274479,0.666595],[-0.251423,-0.774587,0.580346]],[[0.675629,-0.569803,-0.467814],[0.732439,0.446466,0.514006],[-0.0840198,-0.689922,0.718991]]],"btipPosition":[109.519,215.188,-7.10887],"carpPosition":[77.6773,115.209,53.7554],"dipPosition":[108.142,203.881,4.67422],"direction":[0.251423,0.774587,-0.580346],"extended":true,"handId":51,"id":514,"length":48.0245,"mcpPosition":[89.2835,161.937,28.527],"pipPosition":[103.467,189.477,15.4664],"stabilizedTipPosition":[108.772,216.795,27.1802],"timeVisible":2.51483,"tipPosition":[107.347,213.28,-3.99832],"tipVelocity":[1.75791,-8.26676,-0.981962],"tool":false,"touchDistance":0.339367,"touchZone":"hovering","type":4,"width":14.9777}],"r":[[0.801137,0.197969,0.56479],[-0.0403894,0.959439,-0.279009],[-0.597117,0.200713,0.776638]],"s":1.29639,"t":[-36.9403,8.03063,-81.6945],"timestamp":472005221151},{"currentFrameRate":114.462,"devices":[],"gestures":[],"hands":[{"armBasis":[[0.87173,0.0902667,-0.481599],[0.35057,0.571786,0.741729],[0.342325,-0.815422,0.466798]],"armWidth":59.526,"confidence":1,"direction":[0.0116107,0.95676,-0.290648],"elbow":[153.547,-116.285,185.693],"grabAngle":0.215,"grabStrength":0,"id":51,"palmNormal":[-0.368011,-0.266177,-0.890908],"palmPosition":[55.9323,156.646,43.8739],"palmVelocity":[4.50117,-7.54698,2.91278],"palmWidth":85.2964,"pinchDistance":83.4164,"pinchStrength":0,"r":[[0.801553,0.197596,0.564331],[-0.040395,0.959556,-0.278605],[-0.596558,0.20052,0.777116]],"s":1.29658,"sphereCenter":[67.6621,210.131,59.4056],"sphereRadius":66.1023,"stabilizedPalmPosition":[77.3663,155.612,86.167],"t":[-36.9044,7.96456,-81.6747],"timeVisible":2.52345,"type":"right","wrist":[66.9032,90.1024,67.544]}],"id":207012,"interactionBox":{"center":[0,200,0],"size":[235.247,235.247,147.751]},"pointables":[{"bases":[[[0.705553,0.377568,0.599698],[-0.588208,-0.159944,0.792735],[0.395229,-0.912064,0.109239]],[[0.475937,0.724053,0.499231],[-0.543181,-0.204441,0.814345],[0.691693,-0.658749,0.295991]],[[0.475937,0.724053,0.499231],[-0.650835,-0.0918257,0.753645],[0.591522,-0.683604,0.427536]],[[0.475937,0.724053,0.499231],[-0.730209,0.00894391,0.683166],[0.490183,-0.689686,0.532967]]],"btipPosition":[-27.5812,174.157,21.3707],"carpPosition":[34.8688,105.824,60.9403],"dipPosition":[-16.6739,158.81,33.2301],"direction":[-0.591522,0.683604,-0.427536],"extended":true,"handId":51,"id":510,"length":49.5511,"mcpPosition":[34.8688,105.824,60.9403],"pipPosition":[2.5017,136.65,47.0897],"stabilizedTipPosition":[-14.1839,168.129,31.4306],"timeVisible":2.52345,"tipPosition":[-21.4502,170.127,18.531],"tipVelocity":[0.624497,-5.58027,12.4257],"tool":false,"touchDistance":0.361291,"touchZone":"hovering","type":0,"width":18.8883},{"bases":[[[0.918499,0.0450014,-0.392853],[0.34248,0.406066,0.847241],[0.197651,-0.912735,0.357559]],[[0.935026,-0.0591658,-0.349608],[0.354056,0.102233,0.92962],[-0.0192604,-0.992999,0.116538]],[[0.935026,-0.0591658,-0.349608],[0.352197,0.269088,0.896409],[0.0410384,-0.961297,0.272442]],[[0.935026,-0.0591658,-0.349608],[0.337549,0.450427,0.826545],[0.10857,-0.890851,0.441132]]],"btipPosition":[33.2091,259.486,28.8696],"carpPosition":[48.7604,119.413,71.7163],"dipPosition":[34.9728,245.014,36.0356],"direction":[-0.0410384,0.961297,-0.272442],"extended":true,"handId":51,"id":511,"length":55.9129,"mcpPosition":[35.1291,182.361,47.0569],"pipPosition":[35.9159,222.923,42.2965],"stabilizedTipPosition":[46.0862,251.686,54.0964],"timeVisible":2.52345,"tipPosition":[30.9695,254.324,26.7306],"tipVelocity":[4.94198,-5.66147,13.075],"tool":false,"touchDistance":0.350187,"touchZone":"hovering","type":1,"width":18.0421},{"bases":[[[0.864826,-0.148614,-0.479573],[0.497089,0.38769,0.776272],[0.0705607,-0.909731,0.409159]],[[0.867699,-0.221143,-0.44519],[0.485072,0.180941,0.85555],[-0.108645,-0.958309,0.264273]],[[0.867699,-0.221143,-0.44519],[0.497081,0.391522,0.774352],[0.00305941,-0.8932,0.449649]],[[0.867699,-0.221143,-0.44519],[0.48548,0.569434,0.663366],[0.106808,-0.791733,0.601457]]],"btipPosition":[58.0588,262.79,6.61071],"carpPosition":[59.6857,121.079,68.385],"dipPosition":[59.9672,248.644,17.357],"direction":[-0.00305941,0.8932,-0.449649],"extended":true,"handId":51,"id":512,"length":63.7082,"mcpPosition":[55.0709,180.578,41.625],"pipPosition":[60.0499,224.495,29.514],"stabilizedTipPosition":[61.7079,258.19,25.7264],"timeVisible":2.52345,"tipPosition":[55.6121,258.954,8.3382],"tipVelocity":[3.70467,-3.75818,12.7524],"tool":false,"touchDistance":0.348152,"touchZone":"hovering","type":2,"width":17.7198},{"bases":[[[0.825833,-0.309669,-0.47128],[0.559603,0.346884,0.752673],[-0.0695999,-0.885312,0.45976]],[[0.820091,-0.362799,-0.442525],[0.525766,0.172462,0.832963],[-0.225879,-0.91577,0.332182]],[[0.820091,-0.362799,-0.442525],[0.565717,0.397648,0.722385],[-0.0861112,-0.842765,0.531349]],[[0.820091,-0.362799,-0.442525],[0.570563,0.57747,0.58394],[0.043692,-0.731372,0.680577]]],"btipPosition":[85.136,246.481,-3.9637],"carpPosition":[69.9618,120.403,63.2297],"dipPosition":[85.9122,233.488,8.1263],"direction":[0.0861112,0.842765,-0.531349],"extended":true,"handId":51,"id":513,"length":61.2572,"mcpPosition":[74.0487,172.389,36.2324],"pipPosition":[83.6442,211.291,22.1212],"stabilizedTipPosition":[87.7862,244.735,32.1287],"timeVisible":2.52345,"tipPosition":[82.7318,243.39,-1.30847],"tipVelocity":[0.515965,-4.65874,6.93918],"tool":false,"touchDistance":0.343332,"touchZone":"hovering","type":3,"width":16.8615},{"bases":[[[0.708336,-0.463083,-0.532742],[0.672876,0.214909,0.707851],[-0.213302,-0.859865,0.463825]],[[0.675117,-0.569573,-0.468833],[0.605398,0.0645938,0.793297],[-0.421557,-0.819399,0.388427]],[[0.675117,-0.569573,-0.468833],[0.693731,0.27402,0.66607],[-0.250906,-0.774919,0.580126]],[[0.675117,-0.569573,-0.468833],[0.732989,0.446123,0.513519],[-0.0833293,-0.690334,0.718676]]],"btipPosition":[109.513,215.144,-7.09949],"carpPosition":[77.7153,115.133,53.737],"dipPosition":[108.148,203.83,4.67843],"direction":[0.250906,0.774919,-0.580126],"extended":true,"handId":51,"id":514,"length":48.0245,"mcpPosition":[89.3097,161.873,28.5249],"pipPosition":[103.482,189.42,15.4665],"stabilizedTipPosition":[108.772,216.79,27.14],"timeVisible":2.52345,"tipPosition":[107.357,213.229,-3.98761],"tipVelocity":[-0.380672,-5.33711,0.949893],"tool":false,"touchDistance":0.338886,"touchZone":"hovering","type":4,"width":14.9777}],"r":[[0.801553,0.197596,0.564331],[-0.040395,0.959556,-0.278605],[-0.596558,0.20052,0.777116]],"s":1.29658,"t":[-36.9044,7.96456,-81.6747],"timestamp":472005229774},{"currentFrameRate":114.479,"devices":[],"gestures":[],"hands":[{"armBasis":[[0.871879,0.0902651,-0.48133],[0.350694,0.570947,0.742316],[0.341819,-0.81601,0.46