<?xml version="1.0"?>
<opencv_storage>
<Frame>
  <ID>205850</ID>
  <Images>
    <nImages>2</nImages>
    <RigthImage>
      <Hands>
        <nHands>1</nHands>
        <Right>
          <Center type_id="opencv-matrix">
            <rows>1</rows>
            <cols>3</cols>
            <dt>f</dt>
            <data>
              6.08598089e+000 1.28535461e+002 3.12327766e+001</data></Center>
          <Normal type_id="opencv-matrix">
            <rows>1</rows>
            <cols>3</cols>
            <dt>f</dt>
            <data>
              5.20052493e-001 8.38367641e-001 -1.63355947e-001</data></Normal>
          <Direction type_id="opencv-matrix">
            <rows>1</rows>
            <cols>3</cols>
            <dt>f</dt>
            <data>
              2.09264055e-001 -3.10485929e-001 -9.27257776e-001</data></Direction>
          <Velocity type_id="opencv-matrix">
            <rows>1</rows>
            <cols>3</cols>
            <dt>f</dt>
            <data>
              -7.56328735e+001 4.18369217e+001 5.42206612e+001</data></Velocity>
          <SphereCenter type_id="opencv-matrix">
            <rows>1</rows>
            <cols>3</cols>
            <dt>f</dt>
            <data>
              2.77248096e+001 1.59489182e+002 1.36200981e+001</data></SphereCenter>
          <WristPosition type_id="opencv-matrix">
            <rows>1</rows>
            <cols>3</cols>
            <dt>f</dt>
            <data>
              -9.51536942e+000 1.41544724e+002 6.91058273e+001</data></WristPosition>
          <Confidence>4.3056982755661011e-001</Confidence>
          <PinchStrength>8.9492702484130859e-001</PinchStrength>
          <GrabStrength>5.7640850543975830e-001</GrabStrength>
          <SphereRadius>3.5689464569091797e+001</SphereRadius>
          <Fingers>
            <nFingers>5</nFingers>
            <Thumb>
              <Type>0</Type>
              <isExtended>1</isExtended>
              <TipPosition type_id="opencv-matrix">
                <rows>1</rows>
                <cols>3</cols>
                <dt>f</dt>
                <data>
                  5.76110191e+001 1.51949417e+002 1.57995176e+001</data></TipPosition>
              <TipDirection type_id="opencv-matrix">
                <rows>1</rows>
                <cols>3</cols>
                <dt>f</dt>
                <data>
                  6.68886483e-001 7.80107081e-002 -7.39259899e-001</data></TipDirection>
              <TipVelocity type_id="opencv-matrix">
                <rows>1</rows>
                <cols>3</cols>
                <dt>f</dt>
                <data>
                  -3.39017181e+001 1.00848207e+001 1.24919647e+002</data></TipVelocity>
              <TipLength>4.0942314147949219e+001</TipLength>
              <dipPosition type_id="opencv-matrix">
                <rows>1</rows>
                <cols>3</cols>
                <dt>f</dt>
                <data>
                  5.53292809e+001 1.46271774e+002 2.77299290e+001</data></dipPosition>
              <pipPosition type_id="opencv-matrix">
                <rows>1</rows>
                <cols>3</cols>
                <dt>f</dt>
                <data>
                  3.74129524e+001 1.44182236e+002 4.75312271e+001</data></pipPosition>
              <mcpPosition type_id="opencv-matrix">
                <rows>1</rows>
                <cols>3</cols>
                <dt>f</dt>
                <data>
                  1.28804092e+001 1.39458298e+002 7.77579117e+001</data></mcpPosition></Thumb>
            <Index>
              <Type>1</Type>
              <isExtended>0</isExtended>
              <TipPosition type_id="opencv-matrix">
                <rows>1</rows>
                <cols>3</cols>
                <dt>f</dt>
                <data>
                  4.38603554e+001 1.62831177e+002 2.95759010e+001</data></TipPosition>
              <TipDirection type_id="opencv-matrix">
                <rows>1</rows>
                <cols>3</cols>
                <dt>f</dt>
                <data>
                  7.02150092e-002 8.62031281e-001 5.01968086e-001</data></TipDirection>
              <TipVelocity type_id="opencv-matrix">
                <rows>1</rows>
                <cols>3</cols>
                <dt>f</dt>
                <data>
                  3.19142550e-001 -1.84468441e+001 1.85974472e+002</data></TipVelocity>
              <TipLength>4.6198833465576172e+001</TipLength>
              <dipPosition type_id="opencv-matrix">
                <rows>1</rows>
                <cols>3</cols>
                <dt>f</dt>
                <data>
                  4.54152489e+001 1.55950668e+002 2.25326462e+001</data></dipPosition>
              <pipPosition type_id="opencv-matrix">
                <rows>1</rows>
                <cols>3</cols>
                <dt>f</dt>
                <data>
                  4.40819969e+001 1.39582306e+002 1.30012150e+001</data></pipPosition>
              <mcpPosition type_id="opencv-matrix">
                <rows>1</rows>
                <cols>3</cols>
                <dt>f</dt>
                <data>
                  2.56007347e+001 1.12202637e+002 1.99241428e+001</data></mcpPosition></Index>
            <Middle>
              <Type>2</Type>
              <isExtended>0</isExtended>
              <TipPosition type_id="opencv-matrix">
                <rows>1</rows>
                <cols>3</cols>
                <dt>f</dt>
                <data>
                  5.47822609e+001 1.73156662e+002 6.73691654e+000</data></TipPosition>
              <TipDirection type_id="opencv-matrix">
                <rows>1</rows>
                <cols>3</cols>
                <dt>f</dt>
                <data>
                  6.07551813e-001 7.94202328e-001 -1.11110713e-002</data></TipDirection>
              <TipVelocity type_id="opencv-matrix">
                <rows>1</rows>
                <cols>3</cols>
                <dt>f</dt>
                <data>
                  8.76715755e+000 5.52958527e+001 2.08651382e+002</data></TipVelocity>
              <TipLength>5.2639862060546875e+001</TipLength>
              <dipPosition type_id="opencv-matrix">
                <rows>1</rows>
                <cols>3</cols>
                <dt>f</dt>
                <data>
                  4.83290558e+001 1.63825516e+002 5.07476664e+000</data></dipPosition>
              <pipPosition type_id="opencv-matrix">
                <rows>1</rows>
                <cols>3</cols>
                <dt>f</dt>
                <data>
                  3.47566719e+001 1.46083450e+002 5.32298183e+000</data></pipPosition>
              <mcpPosition type_id="opencv-matrix">
                <rows>1</rows>
                <cols>3</cols>
                <dt>f</dt>
                <data>
                  1.04088030e+001 1.18504845e+002 1.42913427e+001</data></mcpPosition></Middle>
            <Ring>
              <Type>3</Type>
              <isExtended>1</isExtended>
              <TipPosition type_id="opencv-matrix">
                <rows>1</rows>
                <cols>3</cols>
                <dt>f</dt>
                <data>
                  3.56866875e+001 1.63417557e+002 -2.79444485e+001</data></TipPosition>
              <TipDirection type_id="opencv-matrix">
                <rows>1</rows>
                <cols>3</cols>
                <dt>f</dt>
                <data>
                  6.16380453e-001 5.56295037e-001 -5.57324827e-001</data></TipDirection>
              <TipVelocity type_id="opencv-matrix">
                <rows>1</rows>
                <cols>3</cols>
                <dt>f</dt>
                <data>
                  -2.33024883e+001 2.69556854e+002 2.02921356e+002</data></TipVelocity>
              <TipLength>5.0614631652832031e+001</TipLength>
              <dipPosition type_id="opencv-matrix">
