<?xml version="1.0"?>
<opencv_storage>
<Frame>
  <ID>541948</ID>
  <Images>
    <nImages>2</nImages>
    <RigthImage>
      <Hands>
        <nHands>1</nHands>
        <Right>
          <Center type_id="opencv-matrix">
            <rows>1</rows>
            <cols>3</cols>
            <dt>f</dt>
            <data>
              4.57760277e+001 1.37923080e+002 -6.13871193e+001</data></Center>
          <Normal type_id="opencv-matrix">
            <rows>1</rows>
            <cols>3</cols>
            <dt>f</dt>
            <data>
              -6.99090719e-001 -5.49061179e-001 4.58043694e-001</data></Normal>
          <Direction type_id="opencv-matrix">
            <rows>1</rows>
            <cols>3</cols>
            <dt>f</dt>
            <data>
              -6.90846086e-001 3.53457391e-001 -6.30713522e-001</data></Direction>
          <Velocity type_id="opencv-matrix">
            <rows>1</rows>
            <cols>3</cols>
            <dt>f</dt>
            <data>
              -2.22785309e+002 -8.11105804e+001 1.05280502e+002</data></Velocity>
          <SphereCenter type_id="opencv-matrix">
            <rows>1</rows>
            <cols>3</cols>
            <dt>f</dt>
            <data>
              6.08729458e+000 1.00386093e+002 -5.42965393e+001</data></SphereCenter>
          <Confidence>4.0531536936759949e-001</Confidence>
          <PinchStrength>8.3262890577316284e-002</PinchStrength>
          <GrabStrength>2.8027650713920593e-001</GrabStrength>
          <SphereRadius>5.0326751708984375e+001</SphereRadius>
          <Fingers>
            <nFingers>5</nFingers>
            <Thumb>
              <Type>0</Type>
              <isExtended>0</isExtended>
              <TipPosition type_id="opencv-matrix">
                <rows>1</rows>
                <cols>3</cols>
                <dt>f</dt>
                <data>
                  -6.44629335e+000 1.48657104e+002 -2.57536678e+001</data></TipPosition>
              <TipDirection type_id="opencv-matrix">
                <rows>1</rows>
                <cols>3</cols>
                <dt>f</dt>
                <data>
                  -9.84272599e-001 1.38168827e-001 -1.10076293e-001</data></TipDirection>
              <TipVelocity type_id="opencv-matrix">
                <rows>1</rows>
                <cols>3</cols>
                <dt>f</dt>
                <data>
                  -2.11062393e+002 -7.62488556e+001 1.21241226e+002</data></TipVelocity>
              <TipLength>4.0102973937988281e+001</TipLength>
              <dipPosition type_id="opencv-matrix">
                <rows>1</rows>
                <cols>3</cols>
                <dt>f</dt>
                <data>
                  7.09102726e+000 1.45876099e+002 -2.47843876e+001</data></dipPosition>
              <pipPosition type_id="opencv-matrix">
                <rows>1</rows>
                <cols>3</cols>
                <dt>f</dt>
                <data>
                  3.29145889e+001 1.42251068e+002 -2.18964062e+001</data></pipPosition>
              <mcpPosition type_id="opencv-matrix">
                <rows>1</rows>
                <cols>3</cols>
                <dt>f</dt>
                <data>
                  6.98520660e+001 1.31739197e+002 -2.11676044e+001</data></mcpPosition></Thumb>
            <Index>
              <Type>1</Type>
              <isExtended>1</isExtended>
              <TipPosition type_id="opencv-matrix">
                <rows>1</rows>
                <cols>3</cols>
                <dt>f</dt>
                <data>
                  -2.94601746e+001 1.47940643e+002 -6.60625610e+001</data></TipPosition>
              <TipDirection type_id="opencv-matrix">
                <rows>1</rows>
                <cols>3</cols>
                <dt>f</dt>
                <data>
                  -9.66575027e-001 -2.56380975e-001 1.22017518e-003</data></TipDirection>
              <TipVelocity type_id="opencv-matrix">
                <rows>1</rows>
                <cols>3</cols>
                <dt>f</dt>
                <data>
                  -2.25840469e+002 -6.63478012e+001 1.06835655e+002</data></TipVelocity>
              <TipLength>4.5251731872558594e+001</TipLength>
              <dipPosition type_id="opencv-matrix">
                <rows>1</rows>
                <cols>3</cols>
                <dt>f</dt>
                <data>
                  -2.02176800e+001 1.52134583e+002 -6.82154694e+001</data></dipPosition>
              <pipPosition type_id="opencv-matrix">
                <rows>1</rows>
                <cols>3</cols>
                <dt>f</dt>
                <data>
                  -2.24049044e+000 1.56902985e+002 -6.82381668e+001</data></pipPosition>
              <mcpPosition type_id="opencv-matrix">
                <rows>1</rows>
                <cols>3</cols>
                <dt>f</dt>
                <data>
                  3.00948849e+001 1.60225983e+002 -6.22144890e+001</data></mcpPosition></Index>
            <Middle>
              <Type>2</Type>
              <isExtended>0</isExtended>
              <TipPosition type_id="opencv-matrix">
                <rows>1</rows>
                <cols>3</cols>
                <dt>f</dt>
                <data>
                  -3.13002720e+001 1.30820786e+002 -6.12108536e+001</data></TipPosition>
              <TipDirection type_id="opencv-matrix">
                <rows>1</rows>
                <cols>3</cols>
                <dt>f</dt>
                <data>
                  -9.13393915e-001 -3.03228706e-001 2.71595120e-001</data></TipDirection>
              <TipVelocity type_id="opencv-matrix">
                <rows>1</rows>
                <cols>3</cols>
                <dt>f</dt>
                <data>
                  -2.26729660e+002 -7.61296082e+001 1.23898407e+002</data></TipVelocity>
              <TipLength>5.1560714721679688e+001</TipLength>
              <dipPosition type_id="opencv-matrix">
                <rows>1</rows>
                <cols>3</cols>
                <dt>f</dt>
                <data>
                  -2.21087608e+001 1.35081909e+002 -6.58032761e+001</data></dipPosition>
              <pipPosition type_id="opencv-matrix">
                <rows>1</rows>
                <cols>3</cols>
                <dt>f</dt>
                <data>
                  -2.12233520e+000 1.41717010e+002 -7.17461853e+001</data></pipPosition>
              <mcpPosition type_id="opencv-matrix">
                <rows>1</rows>
                <cols>3</cols>
                <dt>f</dt>
                <data>
                  3.43229218e+001 1.48333603e+002 -7.36456223e+001</data></mcpPosition></Middle>
            <Ring>
              <Type>3</Type>
              <isExtended>1</isExtended>
              <TipPosition type_id="opencv-matrix">
                <rows>1</rows>
                <cols>3</cols>
                <dt>f</dt>
                <data>
                  -2.27598305e+001 1.18945320e+002 -7.23235779e+001</data></TipPosition>
              <TipDirection type_id="opencv-matrix">
                <rows>1</rows>
                <cols>3</cols>
                <dt>f</dt>
                <data>
                  -9.39167500e-001 -2.63642818e-001 2.20129102e-001</data></TipDirection>
              <TipVelocity type_id="opencv-matrix">
                <rows>1</rows>
                <cols>3</cols>
                <dt>f</dt>
                <data>
                  -2.28473892e+002 -8.08381195e+001 1.24805122e+002</data></TipVelocity>
              <TipLength>4.9577003479003906e+001</TipLength>
              <dipPosition type_id="opencv-matrix">
                <rows>1</rows>
                <cols>3</cols>
                <dt>f</dt>
                <data>
                  -1.30342970e+001 1.22308655e+002 -7.62685852e+001</data></dipPosition>
