{"frames":88,"data":[{"currentFrameRate":57.6472,"devices":[],"gestures":[],"hands":[{"armBasis":[[0.138548,-0.965354,-0.221125],[0.859045,0.228246,-0.458198],[0.492794,-0.126474,0.860906]],"armWidth":59.5945,"confidence":1,"direction":[-0.692505,0.415191,-0.58996],"elbow":[33.4287,90.2649,273.379],"grabAngle":0,"grabStrength":0,"id":39,"palmNormal":[-0.719148,-0.332561,0.610105],"palmPosition":[-138.119,152.516,21.2792],"palmVelocity":[-15.8287,-1.91154,3.53996],"palmWidth":83.8076,"pinchDistance":65.7043,"pinchStrength":0,"r":[[0.691505,-0.317584,-0.648815],[-0.026891,0.886234,-0.462457],[0.721871,0.337238,0.604295]],"s":1.49572,"sphereCenter":[-85.503,204.596,-78.0556],"sphereRadius":120.242,"stabilizedPalmPosition":[-136.182,160.12,21.5428],"t":[-101.863,-154.543,-66.6637],"timeVisible":17.4133,"type":"right","wrist":[-89.123,121.717,59.2823]}],"id":66719,"interactionBox":{"center":[0,200,0],"size":[235.247,235.247,147.751]},"pointables":[{"bases":[[[0.485114,0.0377307,-0.873637],[0.637837,0.668167,0.383036],[0.598188,-0.743054,0.300071]],[[0.380081,0.159473,-0.911102],[0.773312,0.485641,0.407603],[0.50747,-0.859489,0.0612605]],[[0.380081,0.159473,-0.911102],[0.29621,0.912163,0.283228],[0.876241,-0.377527,0.299458]],[[0.380081,0.159473,-0.911102],[-0.350103,0.936541,0.0178745],[0.856134,0.312186,0.411793]]],"btipPosition":[-174.321,189.541,45.0684],"carpPosition":[-104.686,144.861,66.2972],"dipPosition":[-155.733,196.319,54.0088],"direction":[-0.876241,0.377527,-0.299458],"extended":true,"handId":39,"id":390,"length":48.347,"mcpPosition":[-104.686,144.861,66.2972],"pipPosition":[-128.018,184.378,63.4806],"stabilizedTipPosition":[-167.168,199.558,48.0403],"timeVisible":17.4133,"tipPosition":[-169.821,193.761,50.664],"tipVelocity":[-12.6235,-3.49841,11.5883],"tool":false,"touchDistance":0.333489,"touchZone":"hovering","type":0,"width":19.0651},{"bases":[[[-0.172574,-0.765038,-0.620431],[0.611346,0.410687,-0.676455],[0.772317,-0.496037,0.396829]],[[0.0501265,-0.873177,-0.484819],[0.843653,0.296829,-0.447373],[0.534544,-0.386593,0.751537]],[[0.0501265,-0.873177,-0.484819],[0.809694,0.31972,-0.492112],[0.584708,-0.367887,0.723033]],[[0.0501265,-0.873177,-0.484819],[0.739764,0.358591,-0.569351],[0.670996,-0.330112,0.66392]]],"btipPosition":[-196.368,211.153,-38.0119],"carpPosition":[-98.9838,148.652,45.5658],"dipPosition":[-185.733,205.921,-27.4888],"direction":[-0.584708,0.367887,-0.723033],"extended":true,"handId":39,"id":391,"length":54.5541,"mcpPosition":[-151.318,182.264,18.6757],"pipPosition":[-172.622,197.672,-11.2768],"stabilizedTipPosition":[-190.025,218.387,-35.4927],"timeVisible":17.4133,"tipPosition":[-195.185,212.312,-32.4225],"tipVelocity":[-19.4303,5.66615,13.9465],"tool":false,"touchDistance":0.333518,"touchZone":"hovering","type":1,"width":18.211},{"bases":[[[-0.168319,-0.883748,-0.436643],[0.590177,0.264446,-0.762732],[0.789531,-0.386079,0.477057]],[[-0.0842731,-0.919479,-0.384],[0.806045,0.16366,-0.568777],[0.585824,-0.357454,0.727349]],[[-0.0842731,-0.919479,-0.384],[0.787981,0.174383,-0.590489],[0.609905,-0.352347,0.709836]],[[-0.0842731,-0.919479,-0.384],[0.727173,0.206726,-0.654587],[0.681262,-0.334398,0.651199]]],"btipPosition":[-205.277,196.899,-55.9274],"carpPosition":[-100.38,140.981,37.329],"dipPosition":[-193.4,191.069,-44.5751],"direction":[-0.609905,0.352347,-0.709836],"extended":true,"handId":39,"id":392,"length":62.1601,"mcpPosition":[-151.116,165.791,6.67296],"pipPosition":[-177.311,181.774,-25.8499],"stabilizedTipPosition":[-197.949,203.861,-54.5207],"timeVisible":17.4133,"tipPosition":[-202.549,196.341,-52.3209],"tipVelocity":[-22.3539,5.66342,13.6697],"tool":false,"touchDistance":0.333517,"touchZone":"hovering","type":2,"width":17.8856},{"bases":[[[-0.0943063,-0.948334,-0.302933],[0.601511,0.188188,-0.776382],[0.793279,-0.255435,0.552686]],[[-0.160395,-0.923617,-0.348144],[0.803995,0.082358,-0.588905],[0.572595,-0.374364,0.729374]],[[-0.160395,-0.923617,-0.348144],[0.803995,0.082358,-0.588905],[0.572595,-0.374364,0.729374]],[[-0.160395,-0.923617,-0.348144],[0.744278,0.118499,-0.657273],[0.648324,-0.364539,0.668422]]],"btipPosition":[-197.836,177.735,-61.0284],"carpPosition":[-102.383,131.542,31.4195],"dipPosition":[-186.599,171.416,-49.4429],"direction":[-0.572595,0.374364,-0.729374],"extended":true,"handId":39,"id":393,"length":59.7686,"mcpPosition":[-148.151,146.279,-0.468002],"pipPosition":[-171.884,161.796,-30.6991],"stabilizedTipPosition":[-191.423,184.307,-59.4317],"timeVisible":17.4133,"tipPosition":[-196.1,175.17,-57.5119],"tipVelocity":[-22.721,5.17373,10.7403],"tool":false,"touchDistance":0.333479,"touchZone":"hovering","type":3,"width":17.0193},{"bases":[[[-0.0999411,-0.989495,-0.104456],[0.647226,0.0150853,-0.762149],[0.755719,-0.143777,0.638919]],[[-0.298081,-0.91519,-0.271248],[0.827446,-0.106065,-0.551437],[0.475899,-0.388816,0.788886]],[[-0.298081,-0.91519,-0.271248],[0.806006,-0.0890851,-0.585165],[0.511373,-0.393054,0.764203]],[[-0.298081,-0.91519,-0.271248],[0.76006,-0.0556557,-0.647465],[0.577457,-0.399162,0.712189]]],"btipPosition":[-180.95,153.036,-54.1522],"carpPosition":[-106.467,119.089,31.1019],"dipPosition":[-171.717,146.654,-42.7642],"direction":[-0.511373,0.393054,-0.764203],"extended":true,"handId":39,"id":394,"length":46.8574,"mcpPosition":[-146.828,126.768,-3.02153],"pipPosition":[-162.438,139.522,-28.8984],"stabilizedTipPosition":[-175.456,158.118,-52.997],"timeVisible":17.4133,"tipPosition":[-179.158,149.027,-52.0159],"tipVelocity":[-23.2945,4.07852,7.76141],"tool":false,"touchDistance":0.333441,"touchZone":"hovering","type":4,"width":15.1178}],"r":[[0.691505,-0.317584,-0.648815],[-0.026891,0.886234,-0.462457],[0.721871,0.337238,0.604295]],"s":1.49572,"t":[-101.863,-154.543,-66.6637],"timestamp":228787107691},{"currentFrameRate":57.6668,"devices":[],"gestures":[],"hands":[{"armBasis":[[0.136763,-0.96579,-0.220329],[0.858564,0.226511,-0.459957],[0.494129,-0.126262,0.860171]],"armWidth":59.5945,"confidence":1,"direction":[-0.692491,0.415655,-0.58965],"elbow":[33.5963,90.165,273.258],"grabAngle":0,"grabStrength":0,"id":39,"palmNormal":[-0.718994,-0.330571,0.611368],"palmPosition":[-138.28,152.4,21.3655],"palmVelocity":[-9.32704,-6.67935,4.99853],"palmWidth":83.8076,"pinchDistance":65.7037,"pinchStrength":0,"r":[[0.690828,-0.31805,-0.649308],[-0.0270659,0.886045,-0.462808],[0.722512,0.337295,0.603497]],"s":1.49553,"sphereCenter":[-85.726,204.268,-78.0886],"sphereRadius":120.232,"stabilizedPalmPosition":[-136.201,160.053,21.5413],"t":[-102.041,-154.643,-66.5747],"timeVisible":17.4306,"type":"right","wrist":[-89.2872,121.565,59.3446]}],"id":66720,"interactionBox":{"center":[0,200,0],"size":[235.247,235.247,147.751]},"pointables":[{"bases":[[[0.484139,0.0358197,-0.874257],[0.63944,0.66754,0.381454],[0.597265,-0.743712,0.300278]],[[0.379123,0.157858,-0.911782],[0.774742,0.484662,0.406051],[0.506005,-0.860339,0.0614467]],[[0.379123,0.157858,-0.911782],[0.297597,0.912193,0.281672],[0.876186,-0.378132,0.298855]],[[0.379123,0.157858,-0.911782],[-0.349423,0.936813,0.0169006],[0.856837,0.31219,0.410326]]],"btipPosition":[-174.388,189.481,45.1669],"carpPosition":[-104.807,144.743,66.3532],"dipPosition":[-155.785,196.259,54.0754],"direction":[-0.876186,0.378132,-0.298855],"extended":true,"handId":39,"id":390,"length":48.347,"mcpPosition":[-104.807,144.743,66.3532],"pipPosition":[-128.072,184.299,63.5281],"stabilizedTipPosition":[-167.184,199.51,48.0356],"timeVisible":17.4306,"tipPosition":[-169.877,193.73,50.7291],"tipVelocity":[-3.67423,-3.43162,5.27428],"tool":false,"touchDistance":0.333409,"touchZone":"hovering","type":0,"width":19.0651},{"bases":[[[-0.174627,-0.765503,-0.619282],[0.611247,0.408801,-0.677686],[0.771934,-0.496877,0.396524]],[[0.0477448,-0.873757,-0.484013],[0.843645,0.294704,-0.44879],[0.534774,-0.386908,0.751211]],[[0.0477448,-0.873757,-0.484013],[0.809295,0.317856,-0.493973],[0.585459,-0.368125,0.722303]],[[0.0477448,-0.873757,-0.484013],[0.73879,0.357008,-0.571607],[0.672243,-0.330293,0.662568]]],"btipPosition":[-196.527,211.078,-37.8958],"carpPosition":[-99.1228,148.499,45.6104],"dipPosition":[-185.872,205.843,-27.3942],"direction":[-0.585459,0.368125,-0.722303],"extended":true,"handId":39,"id":391,"length":54.5541,"mcpPosition":[-151.431,182.168,18.741],"pipPosition":[-172.744,197.589,-11.1985],"stabilizedTipPosition":[-190.068,218.297,-35.4925],"timeVisible":17.4306,"tipPosition":[-195.304,212.222,-32.3506],"tipVelocity":[-8.92995,-4.39186,6.43378],"tool":false,"touchDistance":0.333425,"touchZone":"hovering","type":1,"width":18.211},{"bases":[[[-0.170357,-0.883995,-0.435353],[0.589724,0.26249,-0.763757],[0.789433,-0.386849,0.476596]],[[-0.0866097,-0.919696,-0.382958],[0.805362,0.161637,-0.57032],[0.586421,-0.357816,0.72669]],[[-0.0866097,-0.919696,-0.382958],[0.786899,0.172592,-0.592454],[0.610974,-0.352662,0.70876]],[[-0.0866097,-0.919696,-0.382958],[0.725392,0.205268,-0.657017],[0.682866,-0.334699,0.649362]]],"btipPosition":[-205.515,196.817,-55.7521],"carpPosition":[-100.542,140.821,37.3848],"dipPosition":[-193.611,190.983,-44.4318],"direction":[-0.610974,0.352662,-0.70876],"extended":true,"handId":39,"id":392,"length":62.1601,"mcpPosition":[-151.272,165.68,6.75838],"pipPosition":[-177.493,181.68,-25.735],"stabilizedTipPosition":[-198.016,203.744,-54.5016],"timeVisible":17.4306,"tipPosition":[-202.722,196.241,-52.2172],"tipVelocity":[-13.4324,-4.77565,9.722],"tool":false,"touchDistance":0.333468,"touchZone":"hovering","type":2,"width":17.8856},{"bases":[[[-0.0962968,-0.948543,-0.30165],[0.600911,0.186196,-0.777327],[0.793494,-0.256119,0.55206]],[[-0.162734,-0.923624,-0.34704],[0.803122,0.0803237,-0.590375],[0.57316,-0.37479,0.728711]],[[-0.162734,-0.923624,-0.34704],[0.803122,0.0803237,-0.590375],[0.57316,-0.37479,0.728711]],[[-0.162734,-0.923624,-0.34704],[0.742715,0.116875,-0.659329],[0.649532,-0.365047,0.66697]]],"btipPosition":[-198.093,177.647,-60.8527],"carpPosition":[-102.568,131.377,31.4893],"dipPosition":[-186.835,171.32,-49.2924],"direction":[-0.57316,0.37479,-0.728711],"extended":true,"handId":39,"id":393,"length":59.7686,"mcpPosition":[-148.349,146.154,-0.362019],"pipPosition":[-172.106,161.689,-30.5657],"stabilizedTipPosition":[-191.47,184.214,-59.4176],"timeVisible":17.4306,"tipPosition":[-196.312,175.062,-57.388],"tipVelocity":[-14.5711,-5.18118,9.83204],"tool":false,"touchDistance":0.333467,"touchZone":"hovering","type":3,"width":17.0193},{"bases":[[[-0.101767,-0.98945,-0.103117],[0.646345,0.0130326,-0.762934],[0.756229,-0.14429,0.638199]],[[-0.300513,-0.9147,-0.270214],[0.826224,-0.108121,-0.552868],[0.476493,-0.389401,0.788239]],[[-0.300513,-0.9147,-0.270214],[0.804466,-0.0908881,-0.587004],[0.512374,-0.39378,0.763158]],[[-0.300513,-0.9147,-0.270214],[0.758097,-0.0571528,-0.649633],[0.578776,-0.400071,0.710606]]],"btipPosition":[-181.243,152.953,-53.9582],"carpPosition":[-106.674,118.932,31.192],"dipPosition":[-171.989,146.556,-42.5956],"direction":[-0.512374,0.39378,-0.763158],"extended":true,"handId":39,"id":394,"length":46.8574,"mcpPosition":[-147.062,126.638,-2.89304],"pipPosition":[-162.692,139.411,-28.7487],"stabilizedTipPosition":[-175.501,158.036,-52.9765],"timeVisible":17.4306,"tipPosition":[-179.41,148.906,-51.8735],"tipVelocity":[-16.6777,-5.0188,10.8911],"tool":false,"touchDistance":0.333479,"touchZone":"hovering","type":4,"width":15.1178}],"r":[[0.690828,-0.31805,-0.649308],[-0.0270659,0.886045,-0.462808],[0.722512,0.337295,0.603497]],"s":1.49553,"t":[-102.041,-154.643,-66.5747],"timestamp":228787124967},{"currentFrameRate":57.64,"devices":[],"gestures":[],"hands":[{"armBasis":[[0.13742,-0.965376,-0.221731],[0.857731,0.227936,-0.460807],[0.495392,-0.126861,0.859356]],"armWidth":59.5945,"confidence":1,"direction":[-0.693332,0.416629,-0.587972],"elbow":[33.7551,89.9262,273.024],"grabAngle":0,"grabStrength":0,"id":39,"palmNormal":[-0.718154,-0.332063,0.611547],"palmPosition":[-138.494,152.362,21.4544],"palmVelocity":[-12.267,-2.1906,5.09881],"palmWidth":83.8076,"pinchDistance":65.7165,"pinchStrength":0,"r":[[0.690153,-0.318111,-0.649996],[-0.0273754,0.886082,-0.462719],[0.723146,0.337141,0.602824]],"s":1.49516,"sphereCenter":[-86.7304,204.176,-77.4929],"sphereRadius":119.54,"stabilizedPalmPosition":[-136.22,159.986,21.5406],"t":[-102.237,-154.713,-66.4857],"timeVisible":17.448,"type":"right","wrist":[-89.4428,121.475,59.3132]}],"id":66721,"interactionBox":{"center":[0,200,0],"size":[235.247,235.247,147.751]},"pointables":[{"bases":[[[0.483084,0.0377713,-0.874759],[0.639673,0.666972,0.382057],[0.59787,-0.744125,0.298042]],[[0.377685,0.160174,-0.911975],[0.775633,0.483204,0.406088],[0.505714,-0.860731,0.0582623]],[[0.377685,0.160174,-0.911975],[0.297739,0.911607,0.283415],[0.876758,-0.378573,0.29661]],[[0.377685,0.160174,-0.911975],[-0.351061,0.936159,0.0190334],[0.856802,0.31297,0.409804]]],"btipPosition":[-174.55,189.377,45.4288],"carpPosition":[-104.965,144.624,66.3864],"dipPosition":[-155.948,196.172,54.326],"direction":[-0.876758,0.378572,-0.29661],"extended":true,"handId":39,"id":390,"length":48.347,"mcpPosition":[-104.965,144.624,66.3864],"pipPosition":[-128.216,184.198,63.7077],"stabilizedTipPosition":[-167.197,199.475,48.0333],"timeVisible":17.448,"tipPosition":[-170.07,193.61,50.9257],"tipVelocity":[-9.28407,-5.74404,14.8718],"tool":false,"touchDistance":0.333531,"touchZone":"hovering","type":0,"width":19.0651},{"bases":[[[-0.175111,-0.764293,-0.620639],[0.610302,0.410392,-0.677576],[0.772572,-0.497429,0.394585]],[[0.0467365,-0.872507,-0.486361],[0.843605,0.295212,-0.448531],[0.534926,-0.389334,0.749849]],[[0.0467365,-0.872507,-0.486361],[0.80831,0.319103,-0.494781],[0.586899,-0.370006,0.72017]],[[0.0467365,-0.872507,-0.486361],[0.735997,0.35927,-0.573788],[0.67537,-0.331143,0.658954]]],"btipPosition":[-196.841,211.193,-37.5708],"carpPosition":[-99.3065,148.424,45.6446],"dipPosition":[-186.137,205.944,-27.1265],"direction":[-0.586899,0.370006,-0.72017],"extended":true,"handId":39,"id":391,"length":54.5541,"mcpPosition":[-151.658,182.131,18.9066],"pipPosition":[-172.977,197.648,-10.9787],"stabilizedTipPosition":[-190.105,218.226,-35.4898],"timeVisible":17.448,"tipPosition":[-195.596,212.265,-32.0845],"tipVelocity":[-17.3991,6.42085,17.8802],"tool":false,"touchDistance":0.333571,"touchZone":"hovering","type":1,"width":18.211},{"bases":[[[-0.170583,-0.883158,-0.436958],[0.588725,0.26425,-0.763921],[0.790129,-0.38756,0.474861]],[[-0.0868762,-0.918898,-0.384811],[0.8051,0.162742,-0.570376],[0.586742,-0.359364,0.725666]],[[-0.0868762,-0.918898,-0.384811],[0.786024,0.174094,-0.593176],[0.612062,-0.354004,0.707151]],[[-0.0868762,-0.918898,-0.384811],[0.722826,0.207671,-0.659087],[0.685548,-0.33541,0.646161]]],"btipPosition":[-205.841,196.922,-55.4764],"carpPosition":[-100.733,140.763,37.405],"dipPosition":[-193.889,191.075,-44.212],"direction":[-0.612062,0.354004,-0.707151],"extended":true,"handId":39,"id":392,"length":62.1601,"mcpPosition":[-151.508,165.668,6.89002],"pipPosition":[-177.743,181.736,-25.5576],"stabilizedTipPosition":[-198.077,203.647,-54.4824],"timeVisible":17.448,"tipPosition":[-203.038,196.331,-51.9622],"tipVelocity":[-18.0506,5.82098,15.0716],"tool":false,"touchDistance":0.333536,"touchZone":"hovering","type":2,"width":17.8856},{"bases":[[[-0.0963415,-0.947956,-0.303477],[0.599921,0.187988,-0.77766],[0.794238,-0.256983,0.550587]],[[-0.162822,-0.922974,-0.348724],[0.8029,0.0814738,-0.59052],[0.573446,-0.37614,0.72779]],[[-0.162822,-0.922974,-0.348724],[0.783903,0.0936153,-0.613785],[0.599153,-0.373304,0.70828]],[[-0.162822,-0.922974,-0.348724],[0.719197,0.130938,-0.682357],[0.675459,-0.361904,0.64248]]],"btipPosition":[-199.46,177.613,-59.7768],"carpPosition":[-102.763,131.33,31.4926],"dipPosition":[-187.752,171.341,-48.641],"direction":[-0.599153,0.373304,-0.70828],"extended":true,"handId":39,"id":393,"length":59.7686,"mcpPosition":[-148.587,146.157,-0.273824],"pipPosition":[-172.355,161.747,-30.4393],"stabilizedTipPosition":[-191.564,184.072,-59.3787],"timeVisible":17.448,"tipPosition":[-196.638,175.243,-57.1857],"tipVelocity":[-72.4626,-1.2182,56.1006],"tool":false,"touchDistance":0.334073,"touchZone":"hovering","type":3,"width":17.0193},{"bases":[[[-0.101561,-0.98927,-0.105021],[0.645429,0.0148107,-0.763676],[0.757038,-0.145343,0.637]],[[-0.300557,-0.91423,-0.27175],[0.826083,-0.107121,-0.553274],[0.47671,-0.390779,0.787426]],[[-0.300557,-0.91423,-0.27175],[0.803622,-0.0892951,-0.588403],[0.51367,-0.395233,0.761534]],[[-0.300557,-0.91423,-0.27175],[0.755785,-0.0545017,-0.652548],[0.581768,-0.401513,0.707343]]],"btipPosition":[-181.556,153.056,-53.8032],"carpPosition":[-106.865,118.884,31.1746],"dipPosition":[-172.254,146.636,-42.4927],"direction":[-0.51367,0.395233,-0.761534],"extended":true,"handId":39,"id":394,"length":46.8574,"mcpPosition":[-147.297,126.646,-2.84633],"pipPosition":[-162.934,139.465,-28.6753],"stabilizedTipPosition":[-175.55,157.955,-52.9544],"timeVisible":17.448,"tipPosition":[-179.71,149.005,-51.7423],"tipVelocity":[-17.3045,5.61176,8.20209],"tool":false,"touchDistance":0.333447,"touchZone":"hovering","type":4,"width":15.1178}],"r":[[0.690153,-0.318111,-0.649996],[-0.0273754,0.886082,-0.462719],[0.723146,0.337141,0.602824]],"s":1.49516,"t":[-102.237,-154.713,-66.4857],"timestamp":228787142405},{"currentFrameRate":57.6547,"devices":[],"gestures":[],"hands":[{"armBasis":[[0.13626,-0.965339,-0.222609],[0.856999,0.227584,-0.46234],[0.496977,-0.127778,0.858305]],"armWidth":59.5945,"confidence":1,"direction":[-0.694545,0.417733,-0.585753],"elbow":[34.1527,89.5425,272.685],"grabAngle":0,"grabStrength":0,"id":39,"palmNormal":[-0.716819,-0.332241,0.613014],"palmPosition":[-138.561,152.277,21.5301],"palmVelocity":[-3.8914,-4.91265,4.37476],"palmWidth":83.8076,"pinchDistance":65.7379,"pinchStrength":0,"r":[[0.689237,-0.318111,-0.650966],[-0.0277389,0.886216,-0.462442],[0.724005,0.336789,0.601989]],"s":1.49507,"sphereCenter":[-87.2239,204.131,-77.2299],"sphereRadius":119.238,"stabilizedPalmPosition":[-136.238,159.93,21.5405],"t":[-102.368,-154.79,-66.4034],"timeVisible":17.4653,"type":"right","wrist":[-89.439,121.319,59.2351]}],"id":66722,"interactionBox":{"center":[0,200,0],"size":[235.247,235.247,147.751]},"pointables":[{"bases":[[[0.48088,0.038394,-0.875945],[0.641094,0.666126,0.381148],[0.598124,-0.74485,0.295713]],[[0.375148,0.161258,-0.91283],[0.777692,0.481134,0.404606],[0.50444,-0.861688,0.0550873]],[[0.375148,0.161258,-0.91283],[0.29936,0.91091,0.283948],[0.877295,-0.379787,0.293452]],[[0.375148,0.161258,-0.91283],[-0.351755,0.935862,0.0207652],[0.857632,0.313303,0.40781]]],"btipPosition":[-174.484,189.296,45.6997],"carpPosition":[-104.923,144.468,66.3682],"dipPosition":[-155.864,196.098,54.5536],"direction":[-0.877295,0.379787,-0.293452],"extended":true,"handId":39,"id":390,"length":48.347,"mcpPosition":[-104.923,144.468,66.3682],"pipPosition":[-128.116,184.086,63.8354],"stabilizedTipPosition":[-167.204,199.455,48.0326],"timeVisible":17.4653,"tipPosition":[-170.036,193.501,51.1088],"tipVelocity":[4.01786,-4.59186,15.0854],"tool":false,"touchDistance":0.333538,"touchZone":"hovering","type":0,"width":19.0651},{"bases":[[[-0.177208,-0.763501,-0.621018],[0.608853,0.410715,-0.678684],[0.773237,-0.498377,0.392078]],[[0.0442603,-0.871793,-0.487871],[0.843393,0.29436,-0.449488],[0.53547,-0.391573,0.748293]],[[0.0442603,-0.871793,-0.487871],[0.807107,0.318999,-0.496808],[0.588744,-0.371775,0.717749]],[[0.0442603,-0.871793,-0.487871],[0.732782,0.360256,-0.577275],[0.679023,-0.331953,0.654779]]],"btipPosition":[-197.016,211.261,-37.2469],"carpPosition":[-99.315,148.286,45.6161],"dipPosition":[-186.254,206,-26.8688],"direction":[-0.588744,0.371775,-0.717749],"extended":true,"handId":39,"id":391,"length":54.5541,"mcpPosition":[-151.711,182.058,19.048],"pipPosition":[-173.053,197.664,-10.7752],"stabilizedTipPosition":[-190.129,218.182,-35.4864],"timeVisible":17.4653,"tipPosition":[-195.755,212.268,-31.8105],"tipVelocity":[-9.32432,3.78233,17.8473],"tool":false,"touchDistance":0.333576,"touchZone":"hovering","type":1,"width":18.211},{"bases":[[[-0.172292,-0.882569,-0.437478],[0.586957,0.264682,-0.765131],[0.791073,-0.388607,0.472427]],[[-0.0886056,-0.918374,-0.385665],[0.80429,0.162442,-0.571603],[0.587594,-0.360834,0.724246]],[[-0.0886056,-0.918374,-0.385665],[0.784423,0.174283,-0.595236],[0.613864,-0.355266,0.704952]],[[-0.0886056,-0.918374,-0.385665],[0.719282,0.20885,-0.662582],[0.689044,-0.336111,0.642065]]],"btipPosition":[-206.082,196.973,-55.1602],"carpPosition":[-100.768,140.635,37.3718],"dipPosition":[-194.07,191.113,-43.9672],"direction":[-0.613864,0.355266,-0.704952],"extended":true,"handId":39,"id":392,"length":62.1601,"mcpPosition":[-151.603,165.607,7.01329],"pipPosition":[-177.877,181.742,-25.3708],"stabilizedTipPosition":[-198.12,203.581,-54.4668],"timeVisible":17.4653,"tipPosition":[-203.263,196.369,-51.6752],"tipVelocity":[-13.1774,2.77627,17.3312],"tool":false,"touchDistance":0.333567,"touchZone":"hovering","type":2,"width":17.8856},{"bases":[[[-0.0977552,-0.947561,-0.304256],[0.598066,0.188427,-0.778982],[0.795463,-0.258115,0.548284]],[[-0.164362,-0.922473,-0.349325],[0.80203,0.0811807,-0.591741],[0.574224,-0.377429,0.726508]],[[-0.164362,-0.922473,-0.349325],[0.782521,0.0936684,-0.615539],[0.600539,-0.374525,0.706459]],[[-0.164362,-0.922473,-0.349325],[0.715679,0.132187,-0.685806],[0.678814,-0.362725,0.638468]]],"btipPosition":[-199.713,177.658,-59.5126],"carpPosition":[-102.819,131.21,31.4544],"dipPosition":[-187.947,171.371,-48.4463],"direction":[-0.600539,0.374525,-0.706459],"extended":true,"handId":39,"id":393,"length":59.7686,"mcpPosition":[-148.714,146.103,-0.179086],"pipPosition":[-172.514,161.746,-30.2914],"stabilizedTipPosition":[-191.635,183.968,-59.347],"timeVisible":17.4653,"tipPosition":[-196.89,175.283,-56.937],"tipVelocity":[-13.8426,2.37947,14.3498],"tool":false,"touchDistance":0.333553,"touchZone":"hovering","type":3,"width":17.0193},{"bases":[[[-0.102497,-0.989087,-0.105833],[0.643493,0.0152036,-0.765301],[0.758559,-0.146544,0.634912]],[[-0.301953,-0.913683,-0.272045],[0.825016,-0.107462,-0.554798],[0.477675,-0.391964,0.786251]],[[-0.301953,-0.913683,-0.272045],[0.801732,-0.088982,-0.591022],[0.5158,-0.396568,0.759397]],[[-0.301953,-0.913683,-0.272045],[0.752361,-0.0531393,-0.656604],[0.585471,-0.40294,0.703465]]],"btipPosition":[-181.832,153.089,-53.5935],"carpPosition":[-106.93,118.767,31.1335],"dipPosition":[-172.471,146.646,-42.3451],"direction":[-0.5158,0.396568,-0.759397],"extended":true,"handId":39,"id":394,"length":46.8574,"mcpPosition":[-147.443,126.594,-2.77599],"pipPosition":[-163.112,139.451,-28.5664],"stabilizedTipPosition":[-175.594,157.888,-52.9338],"timeVisible":17.4653,"tipPosition":[-179.966,149.031,-51.5642],"tipVelocity":[-15.1739,1.61985,11.2977],"tool":false,"touchDistance":0.333485,"touchZone":"hovering","type":4,"width":15.1178}],"r":[[0.689237,-0.318111,-0.650966],[-0.0277389,0.886216,-0.462442],[0.724005,0.336789,0.601989]],"s":1.49507,"t":[-102.368,-154.79,-66.4034],"timestamp":228787159701},{"currentFrameRate":57.6504,"devices":[],"gestures":[],"hands":[{"armBasis":[[0.13441,-0.965547,-0.222831],[0.856217,0.226362,-0.464384],[0.498825,-0.128374,0.857143]],"armWidth":59.5945,"confidence":1,"direction":[-0.695859,0.418312,-0.583777],"elbow":[34.7675,89.1835,272.332],"grabAngle":0,"grabStrength":0,"id":39,"palmNormal":[-0.715337,-0.33147,0.615159],"palmPosition":[-138.481,152.11,21.6028],"palmVelocity":[4.58309,-9.59146,4.18494],"palmWidth":83.8076,"pinchDistance":65.723,"pinchStrength":0,"r":[[0.688061,-0.318262,-0.652136],[-0.0281312,0.886314,-0.462229],[0.725107,0.336387,0.600886]],"s":1.49491,"sphereCenter":[-87.4685,203.784,-77.2421],"sphereRadius":119.088,"stabilizedPalmPosition":[-136.255,159.87,21.541],"t":[-102.394,-154.912,-66.326],"timeVisible":17.4827,"type":"right","wrist":[-89.284,121.109,59.1715]}],"id":66723,"interactionBox":{"center":[0,200,0],"size":[235.247,235.247,147.751]},"pointables":[{"bases":[[[0.478349,0.0378104,-0.877355],[0.642843,0.665569,0.379172],[0.598277,-0.745378,0.294068]],[[0.372896,0.160477,-0.91389],[0.779605,0.479908,0.402374],[0.503155,-0.862517,0.0538467]],[[0.372896,0.160477,-0.91389],[0.300917,0.910781,0.282715],[0.877723,-0.380428,0.291336]],[[0.372896,0.160477,-0.91389],[-0.351075,0.936109,0.0211294],[0.858892,0.312965,0.405411]]],"btipPosition":[-174.263,189.17,45.8509],"carpPosition":[-104.72,144.276,66.3432],"dipPosition":[-155.615,195.965,54.6527],"direction":[-0.877723,0.380428,-0.291336],"extended":true,"handId":39,"id":390,"length":48.347,"mcpPosition":[-104.72,144.276,66.3432],"pipPosition":[-127.853,183.932,63.8675],"stabilizedTipPosition":[-167.212,199.428,48.0322],"timeVisible":17.4827,"tipPosition":[-169.83,193.361,51.2584],"tipVelocity":[13.1192,-7.38197,8.01701],"tool":false,"touchDistance":0.333447,"touchZone":"hovering","type":0,"width":19.0651},{"bases":[[[-0.179754,-0.76342,-0.620385],[0.607254,0.410037,-0.680524],[0.773907,-0.499058,0.389884]],[[0.0424899,-0.872069,-0.487534],[0.842848,0.293309,-0.451195],[0.536472,-0.391746,0.747484]],[[0.0424899,-0.872069,-0.487534],[0.80666,0.317859,-0.498263],[0.589487,-0.372103,0.716969]],[[0.0424899,-0.872069,-0.487534],[0.732162,0.359206,-0.578714],[0.679804,-0.332365,0.653759]]],"btipPosition":[-196.984,211.128,-37.0742],"carpPosition":[-99.1689,148.086,45.5743],"dipPosition":[-186.209,205.86,-26.7122],"direction":[-0.589487,0.372103,-0.716969],"extended":true,"handId":39,"id":391,"length":54.5541,"mcpPosition":[-151.611,181.903,19.1548],"pipPosition":[-172.992,197.516,-10.6362],"stabilizedTipPosition":[-190.146,218.149,-35.4833],"timeVisible":17.4827,"tipPosition":[-195.766,212.135,-31.5972],"tipVelocity":[1.99541,-7.77928,9.73537],"tool":false,"touchDistance":0.333471,"touchZone":"hovering","type":1,"width":18.211},{"bases":[[[-0.174414,-0.882467,-0.436843],[0.584965,0.264013,-0.766885],[0.792083,-0.389294,0.470165]],[[-0.090189,-0.918498,-0.385002],[0.803076,0.16156,-0.573557],[0.589012,-0.360915,0.723053]],[[-0.090189,-0.918498,-0.385002],[0.782839,0.173591,-0.597519],[0.615653,-0.355285,0.70338]],[[-0.090189,-0.918498,-0.385002],[0.717576,0.208139,-0.664652],[0.690616,-0.336213,0.640321]]],"btipPosition":[-206.171,196.822,-54.926],"carpPosition":[-100.653,140.435,37.3354],"dipPosition":[-194.131,190.961,-43.7634],"direction":[-0.615653,0.355285,-0.70338],"extended":true,"handId":39,"id":392,"length":62.1601,"mcpPosition":[-151.553,165.451,7.12226],"pipPosition":[-177.891,181.589,-25.2085],"stabilizedTipPosition":[-198.15,203.534,-54.4546],"timeVisible":17.4827,"tipPosition":[-203.355,196.251,-51.4222],"tipVelocity":[-4.71855,-8.68037,13.0876],"tool":false,"touchDistance":0.333514,"touchZone":"hovering","type":2,"width":17.8856},{"bases":[[[-0.0995492,-0.947511,-0.303831],[0.595961,0.187745,-0.780757],[0.796819,-0.258795,0.54599]],[[-0.166248,-0.922373,-0.348698],[0.800719,0.0801084,-0.593659],[0.575509,-0.377904,0.725244]],[[-0.166248,-0.922373,-0.348698],[0.780763,0.0928646,-0.617888],[0.602304,-0.374973,0.704716]],[[-0.166248,-0.922373,-0.348698],[0.713691,0.131465,-0.688014],[0.680446,-0.363244,0.636433]]],"btipPosition":[-199.829,177.538,-59.2768],"carpPosition":[-102.731,131.011,31.4254],"dipPosition":[-188.036,171.242,-48.2457],"direction":[-0.602304,0.374973,-0.704716],"extended":true,"handId":39,"id":393,"length":59.7686,"mcpPosition":[-148.704,145.943,-0.0757109],"pipPosition":[-172.557,161.606,-30.1356],"stabilizedTipPosition":[-191.684,183.899,-59.324],"timeVisible":17.4827,"tipPosition":[-197.019,175.162,-56.6966],"tipVelocity":[-6.35176,-7.01499,13.1196],"tool":false,"touchDistance":0.333514,"touchZone":"hovering","type":3,"width":17.0193},{"bases":[[[-0.103749,-0.989004,-0.105388],[0.641263,0.0144808,-0.767185],[0.760275,-0.147176,0.632709]],[[-0.3041,-0.913156,-0.271422],[0.823328,-0.108602,-0.557078],[0.479222,-0.392877,0.784853]],[[-0.3041,-0.913156,-0.271422],[0.799567,-0.0897646,-0.593831],[0.517896,-0.397604,0.757426]],[[-0.3041,-0.913156,-0.271422],[0.749985,-0.0538041,-0.659263],[0.587406,-0.404044,0.701215]]],"btipPosition":[-181.968,152.994,-53.3734],"carpPosition":[-106.854,118.572,31.1183],"dipPosition":[-172.575,146.533,-42.1609],"direction":[-0.517896,0.397604,-0.757426],"extended":true,"handId":39,"id":394,"length":46.8574,"mcpPosition":[-147.459,126.432,-2.67348],"pipPosition":[-163.179,139.319,-28.418],"stabilizedTipPosition":[-175.624,157.842,-52.9183],"timeVisible":17.4827,"tipPosition":[-180.102,148.901,-51.3679],"tipVelocity":[-7.41306,-5.71191,12.203],"tool":false,"touchDistance":0.333499,"touchZone":"hovering","type":4,"width":15.1178}],"r":[[0.688061,-0.318262,-0.652136],[-0.0281312,0.886314,-0.462229],[0.725107,0.336387,0.600886]],"s":1.49491,"t":[-102.394,-154.912,-66.326],"timestamp":228787177061},{"currentFrameRate":57.6664,"devices":[],"gestures":[],"hands":[{"armBasis":[[0.134508,-0.965207,-0.224237],[0.855528,0.227298,-0.465196],[0.499979,-0.129269,0.856335]],"armWidth":59.5945,"confidence":1,"direction":[-0.696404,0.418706,-0.582844],"elbow":[35.1345,88.8297,272.022],"grabAngle":0,"grabStrength":0,"id":39,"palmNormal":[-0.71479,-0.332252,0.615373],"palmPosition":[-138.442,152.005,21.5649],"palmVelocity":[2.30133,-6.10405,-2.18654],"palmWidth":83.8076,"pinchDistance":65.7437,"pinchStrength":0,"r":[[0.687037,-0.318219,-0.653235],[-0.0285589,0.886482,-0.46188],[0.726061,0.335985,0.599958]],"s":1.49483,"sphereCenter":[-87.6357,203.736,-77.1162],"sphereRadius":118.893,"stabilizedPalmPosition":[-136.272,159.809,21.5411],"t":[-102.388,-155.025,-66.3061],"timeVisible":17.5,"type":"right","wrist":[-89.204,120.977,59.0623]}],"id":66724,"interactionBox":{"center":[0,200,0],"size":[235.247,235.247,147.751]},"pointables":[{"bases":[[[0.477679,0.0387888,-0.877678],[0.64296,0.66536,0.379339],[0.598686,-0.745514,0.292889]],[[0.372059,0.161582,-0.914037],[0.7799,0.479547,0.402232],[0.503317,-0.862511,0.0524025]],[[0.372059,0.161582,-0.914037],[0.300577,0.910698,0.283341],[0.878194,-0.380158,0.290266]],[[0.372059,0.161582,-0.914037],[-0.352007,0.935736,0.0221329],[0.858873,0.313512,0.405027]]],"btipPosition":[-174.209,189.008,45.8885],"carpPosition":[-104.644,144.135,66.2723],"dipPosition":[-155.562,195.815,54.682],"direction":[-0.878194,0.380158,-0.290266],"extended":true,"handId":39,"id":390,"length":48.347,"mcpPosition":[-104.644,144.135,66.2723],"pipPosition":[-127.785,183.791,63.863],"stabilizedTipPosition":[-167.224,199.391,48.0316],"timeVisible":17.5,"tipPosition":[-169.779,193.215,51.2793],"tipVelocity":[3.0891,-9.17653,2.06714],"tool":false,"touchDistance":0.333365,"touchZone":"hovering","type":0,"width":19.0651},{"bases":[[[-0.180028,-0.762859,-0.620996],[0.606637,0.410856,-0.68058],[0.774326,-0.499243,0.388813]],[[0.0423547,-0.871586,-0.48841],[0.842919,0.293613,-0.450865],[0.536371,-0.392594,0.747112]],[[0.0423547,-0.871586,-0.48841],[0.806583,0.318314,-0.498097],[0.589602,-0.372846,0.716488]],[[0.0423547,-0.871586,-0.48841],[0.731642,0.359955,-0.578906],[0.680372,-0.332822,0.652935]]],"btipPosition":[-196.961,211.079,-37.0343],"carpPosition":[-99.1101,147.967,45.5029],"dipPosition":[-186.178,205.804,-26.6854],"direction":[-0.589602,0.372846,-0.716488],"extended":true,"handId":39,"id":391,"length":54.5541,"mcpPosition":[-151.58,181.797,19.156],"pipPosition":[-172.957,197.444,-10.6201],"stabilizedTipPosition":[-190.164,218.115,-35.4798],"timeVisible":17.5,"tipPosition":[-195.777,212.059,-31.5437],"tipVelocity":[1.44303,-2.9172,2.13345],"tool":false,"touchDistance":0.333367,"touchZone":"hovering","type":1,"width":18.211},{"bases":[[[-0.17452,-0.882084,-0.437574],[0.584321,0.26491,-0.767067],[0.792535,-0.389552,0.469188]],[[-0.0901448,-0.918182,-0.385767],[0.803036,0.162095,-0.573462],[0.589073,-0.361479,0.722721]],[[-0.0901448,-0.918182,-0.385767],[0.78246,0.17434,-0.597797],[0.616141,-0.355736,0.702725]],[[-0.0901448,-0.918182,-0.385767],[0.716768,0.209115,-0.665217],[0.69146,-0.336471,0.639273]]],"btipPosition":[-206.175,196.769,-54.8906],"carpPosition":[-100.599,140.323,37.2577],"dipPosition":[-194.121,190.904,-43.7462],"direction":[-0.616141,0.355736,-0.702725],"extended":true,"handId":39,"id":392,"length":62.1601,"mcpPosition":[-151.528,165.356,7.10735],"pipPosition":[-177.868,181.52,-25.2086],"stabilizedTipPosition":[-198.182,203.485,-54.4417],"timeVisible":17.5,"tipPosition":[-203.382,196.199,-51.3701],"tipVelocity":[-0.0804079,-3.12788,1.80843],"tool":false,"touchDistance":0.333365,"touchZone":"hovering","type":2,"width":17.8856},{"bases":[[[-0.0995388,-0.947239,-0.304682],[0.595326,0.188659,-0.781022],[0.797295,-0.259127,0.545137]],[[-0.166298,-0.922065,-0.349488],[0.800692,0.0805939,-0.593631],[0.575532,-0.378552,0.724887]],[[-0.166298,-0.922065,-0.349488],[0.780395,0.0935839,-0.618244],[0.602768,-0.375551,0.704012]],[[-0.166298,-0.922065,-0.349488],[0.712808,0.13249,-0.688732],[0.681359,-0.363652,0.635222]]],"btipPosition":[-199.833,177.5,-59.259],"carpPosition":[-102.678,130.905,31.3401],"dipPosition":[-188.023,171.197,-48.249],"direction":[-0.602768,0.375551,-0.704011],"extended":true,"handId":39,"id":393,"length":59.7686,"mcpPosition":[-148.679,145.856,-0.111827],"pipPosition":[-172.533,161.546,-30.157],"stabilizedTipPosition":[-191.739,183.819,-59.2976],"timeVisible":17.5,"tipPosition":[-197.044,175.12,-56.6678],"tipVelocity":[-0.00311966,-2.30119,0.747741],"tool":false,"touchDistance":0.333351,"touchZone":"hovering","type":3,"width":17.0193},{"bases":[[[-0.103579,-0.988927,-0.106277],[0.640681,0.0153928,-0.767653],[0.760788,-0.147602,0.631993]],[[-0.304252,-0.912863,-0.272233],[0.823198,-0.108153,-0.557357],[0.479348,-0.393679,0.784374]],[[-0.304252,-0.912863,-0.272233],[0.799085,-0.0890123,-0.594592],[0.518549,-0.398443,0.756538]],[[-0.304252,-0.912863,-0.272233],[0.749151,-0.0527762,-0.660293],[0.58839,-0.404839,0.69993]]],"btipPosition":[-181.972,152.964,-53.3772],"carpPosition":[-106.799,118.465,31.0239],"dipPosition":[-172.563,146.491,-42.1852],"direction":[-0.518549,0.398443,-0.756538],"extended":true,"handId":39,"id":394,"length":46.8574,"mcpPosition":[-147.431,126.348,-2.7296],"pipPosition":[-163.155,139.261,-28.4584],"stabilizedTipPosition":[-175.659,157.79,-52.901],"timeVisible":17.5,"tipPosition":[-180.116,148.859,-51.3767],"tipVelocity":[-0.00672514,-1.89395,-0.489843],"tool":false,"touchDistance":0.333334,"touchZone":"hovering","type":4,"width":15.1178}],"r":[[0.687037,-0.318219,-0.653235],[-0.0285589,0.886482,-0.46188],[0.726061,0.335985,0.599958]],"s":1.49483,"t":[-102.388,-155.025,-66.3061],"timestamp":228787194349},{"currentFrameRate":57.6479,"devices":[],"gestures":[],"hands":[{"armBasis":[[0.133855,-0.965187,-0.224715],[0.855429,0.227015,-0.465516],[0.500324,-0.129917,0.856036]],"armWidth":59.5945,"confidence":1,"direction":[-0.696319,0.418088,-0.583388],"elbow":[35.1586,88.7548,271.888],"grabAngle":0,"grabStrength":0,"id":39,"palmNormal":[-0.714883,-0.331651,0.615589],"palmPosition":[-138.501,152.066,21.4728],"palmVelocity":[-3.3987,3.50175,-5.29346],"palmWidth":83.8076,"pinchDistance":65.7603,"pinchStrength":0,"r":[[0.686241,-0.318313,-0.654026],[-0.0288915,0.886522,-0.461783],[0.7268,0.33579,0.599172]],"s":1.49477,"sphereCenter":[-87.7592,203.653,-77.1428],"sphereRadius":118.749,"stabilizedPalmPosition":[-136.284,159.766,21.5407],"t":[-102.414,-155.052,-66.3423],"timeVisible":17.5174,"type":"right","wrist":[-89.2657,121.063,59.0023]}],"id":66725,"interactionBox":{"center":[0,200,0],"size":[235.247,235.247,147.751]},"pointables":[{"bases":[[[0.477828,0.0379123,-0.877635],[0.642872,0.665769,0.378771],[0.598662,-0.745194,0.29375]],[[0.372181,0.160696,-0.914143],[0.779827,0.47997,0.401869],[0.50334,-0.862441,0.0533209]],[[0.372181,0.160696,-0.914143],[0.300158,0.911137,0.282373],[0.878286,-0.379481,0.290874]],[[0.372181,0.160696,-0.914143],[-0.352305,0.935649,0.02104],[0.858698,0.314227,0.404845]]],"btipPosition":[-174.276,189.076,45.7526],"carpPosition":[-104.711,144.243,66.1939],"dipPosition":[-155.633,195.898,54.5422],"direction":[-0.878286,0.379481,-0.290874],"extended":true,"handId":39,"id":390,"length":48.347,"mcpPosition":[-104.711,144.243,66.1939],"pipPosition":[-127.853,183.895,63.7424],"stabilizedTipPosition":[-167.232,199.365,48.0309],"timeVisible":17.5174,"tipPosition":[-169.845,193.302,51.1363],"tipVelocity":[-3.88161,4.08418,-7.85718],"tool":false,"touchDistance":0.333221,"touchZone":"hovering","type":0,"width":19.0651},{"bases":[[[-0.179895,-0.763497,-0.62025],[0.606739,0.410184,-0.680894],[0.774277,-0.498819,0.389454]],[[0.0425639,-0.872113,-0.48745],[0.843433,0.292891,-0.450373],[0.535546,-0.391962,0.748035]],[[0.0425639,-0.872113,-0.48745],[0.807251,0.317489,-0.497541],[0.588672,-0.372317,0.717527]],[[0.0425639,-0.872113,-0.48745],[0.732242,0.359158,-0.578642],[0.679713,-0.332302,0.653885]]],"btipPosition":[-196.957,211.092,-37.2342],"carpPosition":[-99.1732,148.054,45.4216],"dipPosition":[-186.184,205.825,-26.8702],"direction":[-0.588672,0.372317,-0.717527],"extended":true,"handId":39,"id":391,"length":54.5541,"mcpPosition":[-151.64,181.855,19.0313],"pipPosition":[-172.984,197.477,-10.7817],"stabilizedTipPosition":[-190.173,218.099,-35.4786],"timeVisible":17.5174,"tipPosition":[-195.824,212.055,-31.7205],"tipVelocity":[0.113649,0.839383,-11.2831],"tool":false,"touchDistance":0.333171,"touchZone":"hovering","type":1,"width":18.211},{"bases":[[[-0.174415,-0.882535,-0.436706],[0.584443,0.26415,-0.767236],[0.792468,-0.389047,0.46972]],[[-0.0899713,-0.918605,-0.3848],[0.80348,0.161352,-0.57305],[0.588494,-0.360737,0.723563]],[[-0.0899713,-0.918605,-0.3848],[0.782804,0.173641,-0.59755],[0.615729,-0.354985,0.703465]],[[-0.0899713,-0.918605,-0.3848],[0.717072,0.208383,-0.66512],[0.691168,-0.335771,0.639957]]],"btipPosition":[-206.191,196.75,-55.0676],"carpPosition":[-100.66,140.402,37.1839],"dipPosition":[-194.142,190.896,-43.9114],"direction":[-0.615729,0.354985,-0.703465],"extended":true,"handId":39,"id":392,"length":62.1601,"mcpPosition":[-151.585,165.402,6.99938],"pipPosition":[-177.899,181.532,-25.3542],"stabilizedTipPosition":[-198.198,203.46,-54.4359],"timeVisible":17.5174,"tipPosition":[-203.43,196.181,-51.521],"tipVelocity":[-0.948808,-0.955651,-10.0131],"tool":false,"touchDistance":0.33319,"touchZone":"hovering","type":2,"width":17.8856},{"bases":[[[-0.0994534,-0.947552,-0.303734],[0.595452,0.187885,-0.781112],[0.797211,-0.258544,0.545536]],[[-0.166276,-0.922396,-0.348624],[0.801108,0.079782,-0.593178],[0.574959,-0.377917,0.725673]],[[-0.166276,-0.922396,-0.348624],[0.780671,0.0928498,-0.618006],[0.602416,-0.37492,0.704649]],[[-0.166276,-0.922396,-0.348624],[0.712988,0.131764,-0.688684],[0.681176,-0.363076,0.635748]]],"btipPosition":[-199.852,177.486,-59.4047],"carpPosition":[-102.738,130.977,31.2755],"dipPosition":[-188.046,171.193,-48.3855],"direction":[-0.602416,0.37492,-0.704649],"extended":true,"handId":39,"id":393,"length":59.7686,"mcpPosition":[-148.734,145.894,-0.199454],"pipPosition":[-172.565,161.558,-30.2772],"stabilizedTipPosition":[-191.766,183.78,-59.2854],"timeVisible":17.5174,"tipPosition":[-197.09,175.102,-56.7936],"tipVelocity":[-1.14814,-0.67181,-8.24923],"tool":false,"touchDistance":0.333215,"touchZone":"hovering","type":3,"width":17.0193},{"bases":[[[-0.103526,-0.989038,-0.105288],[0.640812,0.014634,-0.767559],[0.760686,-0.146932,0.632272]],[[-0.304343,-0.913053,-0.271495],[0.823484,-0.108928,-0.556785],[0.478801,-0.393025,0.785036]],[[-0.304343,-0.913053,-0.271495],[0.799289,-0.0897351,-0.59421],[0.518183,-0.397846,0.757103]],[[-0.304343,-0.913053,-0.271495],[0.749267,-0.0534673,-0.660107],[0.588196,-0.40432,0.700393]]],"btipPosition":[-181.998,152.96,-53.4841],"carpPosition":[-106.859,118.537,30.9713],"dipPosition":[-172.593,146.495,-42.2847],"direction":[-0.518183,0.397846,-0.757103],"extended":true,"handId":39,"id":394,"length":46.8574,"mcpPosition":[-147.485,126.384,-2.79716],"pipPosition":[-163.191,139.276,-28.5477],"stabilizedTipPosition":[-175.676,157.763,-52.8925],"timeVisible":17.5174,"tipPositi