{"frames":262,"data":[{"currentFrameRate":113.473,"devices":[],"gestures":[],"hands":[],"id":113551,"interactionBox":{"center":[0,200,0],"size":[235.247,235.247,147.751]},"pointables":[],"r":[[0.441349,-0.825772,0.351157],[0.886613,0.461613,-0.028816],[-0.138303,0.324058,0.935873]],"s":0.869167,"t":[58.5112,22.1564,181.865],"timestamp":482568989167},{"currentFrameRate":113.549,"devices":[],"gestures":[],"hands":[],"id":113552,"interactionBox":{"center":[0,200,0],"size":[235.247,235.247,147.751]},"pointables":[],"r":[[0.441349,-0.825772,0.351157],[0.886613,0.461613,-0.028816],[-0.138303,0.324058,0.935873]],"s":0.869167,"t":[58.5112,22.1564,181.865],"timestamp":482568997843},{"currentFrameRate":113.608,"devices":[],"gestures":[],"hands":[],"id":113553,"interactionBox":{"center":[0,200,0],"size":[235.247,235.247,147.751]},"pointables":[],"r":[[0.441349,-0.825772,0.351157],[0.886613,0.461613,-0.028816],[-0.138303,0.324058,0.935873]],"s":0.869167,"t":[58.5112,22.1564,181.865],"timestamp":482569006543},{"currentFrameRate":113.72,"devices":[],"gestures":[],"hands":[],"id":113554,"interactionBox":{"center":[0,200,0],"size":[235.247,235.247,147.751]},"pointables":[],"r":[[0.441349,-0.825772,0.351157],[0.886613,0.461613,-0.028816],[-0.138303,0.324058,0.935873]],"s":0.869167,"t":[58.5112,22.1564,181.865],"timestamp":482569015145},{"currentFrameRate":113.744,"devices":[],"gestures":[],"hands":[],"id":113555,"interactionBox":{"center":[0,200,0],"size":[235.247,235.247,147.751]},"pointables":[],"r":[[0.441349,-0.825772,0.351157],[0.886613,0.461613,-0.028816],[-0.138303,0.324058,0.935873]],"s":0.869167,"t":[58.5112,22.1564,181.865],"timestamp":482569023895},{"currentFrameRate":113.871,"devices":[],"gestures":[],"hands":[],"id":113556,"interactionBox":{"center":[0,200,0],"size":[235.247,235.247,147.751]},"pointables":[],"r":[[0.441349,-0.825772,0.351157],[0.886613,0.461613,-0.028816],[-0.138303,0.324058,0.935873]],"s":0.869167,"t":[58.5112,22.1564,181.865],"timestamp":482569032459},{"currentFrameRate":113.919,"devices":[],"gestures":[],"hands":[],"id":113557,"interactionBox":{"center":[0,200,0],"size":[235.247,235.247,147.751]},"pointables":[],"r":[[0.441349,-0.825772,0.351157],[0.886613,0.461613,-0.028816],[-0.138303,0.324058,0.935873]],"s":0.869167,"t":[58.5112,22.1564,181.865],"timestamp":482569041155},{"currentFrameRate":113.959,"devices":[],"gestures":[],"hands":[],"id":113558,"interactionBox":{"center":[0,200,0],"size":[235.247,235.247,147.751]},"pointables":[],"r":[[0.441349,-0.825772,0.351157],[0.886613,0.461613,-0.028816],[-0.138303,0.324058,0.935873]],"s":0.869167,"t":[58.5112,22.1564,181.865],"timestamp":482569049860},{"currentFrameRate":114.034,"devices":[],"gestures":[],"hands":[],"id":113559,"interactionBox":{"center":[0,200,0],"size":[235.247,235.247,147.751]},"pointables":[],"r":[[0.441349,-0.825772,0.351157],[0.886613,0.461613,-0.028816],[-0.138303,0.324058,0.935873]],"s":0.869167,"t":[58.5112,22.1564,181.865],"timestamp":482569058502},{"currentFrameRate":114.047,"devices":[],"gestures":[],"hands":[],"id":113560,"interactionBox":{"center":[0,200,0],"size":[235.247,235.247,147.751]},"pointables":[],"r":[[0.441349,-0.825772,0.351157],[0.886613,0.461613,-0.028816],[-0.138303,0.324058,0.935873]],"s":0.869167,"t":[58.5112,22.1564,181.865],"timestamp":482569067248},{"currentFrameRate":114.13,"devices":[],"gestures":[],"hands":[],"id":113561,"interactionBox":{"center":[0,200,0],"size":[235.247,235.247,147.751]},"pointables":[],"r":[[0.441349,-0.825772,0.351157],[0.886613,0.461613,-0.028816],[-0.138303,0.324058,0.935873]],"s":0.869167,"t":[58.5112,22.1564,181.865],"timestamp":482569075867},{"currentFrameRate":114.147,"devices":[],"gestures":[],"hands":[],"id":113562,"interactionBox":{"center":[0,200,0],"size":[235.247,235.247,147.751]},"pointables":[],"r":[[0.441349,-0.825772,0.351157],[0.886613,0.461613,-0.028816],[-0.138303,0.324058,0.935873]],"s":0.869167,"t":[58.5112,22.1564,181.865],"timestamp":482569084599},{"currentFrameRate":114.26,"devices":[],"gestures":[],"hands":[],"id":113563,"interactionBox":{"center":[0,200,0],"size":[235.247,235.247,147.751]},"pointables":[],"r":[[0.441349,-0.825772,0.351157],[0.886613,0.461613,-0.028816],[-0.138303,0.324058,0.935873]],"s":0.869167,"t":[58.5112,22.1564,181.865],"timestamp":482569093157},{"currentFrameRate":114.284,"devices":[],"gestures":[],"hands":[],"id":113564,"interactionBox":{"center":[0,200,0],"size":[235.247,235.247,147.751]},"pointables":[],"r":[[0.441349,-0.825772,0.351157],[0.886613,0.461613,-0.028816],[-0.138303,0.324058,0.935873]],"s":0.869167,"t":[58.5112,22.1564,181.865],"timestamp":482569101865},{"currentFrameRate":114.337,"devices":[],"gestures":[],"hands":[],"id":113565,"interactionBox":{"center":[0,200,0],"size":[235.247,235.247,147.751]},"pointables":[],"r":[[0.441349,-0.825772,0.351157],[0.886613,0.461613,-0.028816],[-0.138303,0.324058,0.935873]],"s":0.869167,"t":[58.5112,22.1564,181.865],"timestamp":482569110522},{"currentFrameRate":114.396,"devices":[],"gestures":[],"hands":[],"id":113566,"interactionBox":{"center":[0,200,0],"size":[235.247,235.247,147.751]},"pointables":[],"r":[[0.441349,-0.825772,0.351157],[0.886613,0.461613,-0.028816],[-0.138303,0.324058,0.935873]],"s":0.869167,"t":[58.5112,22.1564,181.865],"timestamp":482569119161},{"currentFrameRate":114.403,"devices":[],"gestures":[],"hands":[],"id":113567,"interactionBox":{"center":[0,200,0],"size":[235.247,235.247,147.751]},"pointables":[],"r":[[0.441349,-0.825772,0.351157],[0.886613,0.461613,-0.028816],[-0.138303,0.324058,0.935873]],"s":0.869167,"t":[58.5112,22.1564,181.865],"timestamp":482569127891},{"currentFrameRate":114.419,"devices":[],"gestures":[],"hands":[],"id":113568,"interactionBox":{"center":[0,200,0],"size":[235.247,235.247,147.751]},"pointables":[],"r":[[0.441349,-0.825772,0.351157],[0.886613,0.461613,-0.028816],[-0.138303,0.324058,0.935873]],"s":0.869167,"t":[58.5112,22.1564,181.865],"timestamp":482569136603},{"currentFrameRate":114.488,"devices":[],"gestures":[],"hands":[],"id":113569,"interactionBox":{"center":[0,200,0],"size":[235.247,235.247,147.751]},"pointables":[],"r":[[0.441349,-0.825772,0.351157],[0.886613,0.461613,-0.028816],[-0.138303,0.324058,0.935873]],"s":0.869167,"t":[58.5112,22.1564,181.865],"timestamp":482569145220},{"currentFrameRate":114.498,"devices":[],"gestures":[],"hands":[],"id":113570,"interactionBox":{"center":[0,200,0],"size":[235.247,235.247,147.751]},"pointables":[],"r":[[0.441349,-0.825772,0.351157],[0.886613,0.461613,-0.028816],[-0.138303,0.324058,0.935873]],"s":0.869167,"t":[58.5112,22.1564,181.865],"timestamp":482569153936},{"currentFrameRate":114.559,"devices":[],"gestures":[],"hands":[],"id":113571,"interactionBox":{"center":[0,200,0],"size":[235.247,235.247,147.751]},"pointables":[],"r":[[0.441349,-0.825772,0.351157],[0.886613,0.461613,-0.028816],[-0.138303,0.324058,0.935873]],"s":0.869167,"t":[58.5112,22.1564,181.865],"timestamp":482569162561},{"currentFrameRate":114.582,"devices":[],"gestures":[],"hands":[],"id":113572,"interactionBox":{"center":[0,200,0],"size":[235.247,235.247,147.751]},"pointables":[],"r":[[0.441349,-0.825772,0.351157],[0.886613,0.461613,-0.028816],[-0.138303,0.324058,0.935873]],"s":0.869167,"t":[58.5112,22.1564,181.865],"timestamp":482569171249},{"currentFrameRate":114.627,"devices":[],"gestures":[],"hands":[],"id":113573,"interactionBox":{"center":[0,200,0],"size":[235.247,235.247,147.751]},"pointables":[],"r":[[0.441349,-0.825772,0.351157],[0.886613,0.461613,-0.028816],[-0.138303,0.324058,0.935873]],"s":0.869167,"t":[58.5112,22.1564,181.865],"timestamp":482569179897},{"currentFrameRate":114.648,"devices":[],"gestures":[],"hands":[],"id":113574,"interactionBox":{"center":[0,200,0],"size":[235.247,235.247,147.751]},"pointables":[],"r":[[0.441349,-0.825772,0.351157],[0.886613,0.461613,-0.028816],[-0.138303,0.324058,0.935873]],"s":0.869167,"t":[58.5112,22.1564,181.865],"timestamp":482569188583},{"currentFrameRate":114.681,"devices":[],"gestures":[],"hands":[],"id":113575,"interactionBox":{"center":[0,200,0],"size":[235.247,235.247,147.751]},"pointables":[],"r":[[0.441349,-0.825772,0.351157],[0.886613,0.461613,-0.028816],[-0.138303,0.324058,0.935873]],"s":0.869167,"t":[58.5112,22.1564,181.865],"timestamp":482569197247},{"currentFrameRate":114.697,"devices":[],"gestures":[],"hands":[],"id":113576,"interactionBox":{"center":[0,200,0],"size":[235.247,235.247,147.751]},"pointables":[],"r":[[0.441349,-0.825772,0.351157],[0.886613,0.461613,-0.028816],[-0.138303,0.324058,0.935873]],"s":0.869167,"t":[58.5112,22.1564,181.865],"timestamp":482569205938},{"currentFrameRate":114.747,"devices":[],"gestures":[],"hands":[],"id":113577,"interactionBox":{"center":[0,200,0],"size":[235.247,235.247,147.751]},"pointables":[],"r":[[0.441349,-0.825772,0.351157],[0.886613,0.461613,-0.028816],[-0.138303,0.324058,0.935873]],"s":0.869167,"t":[58.5112,22.1564,181.865],"timestamp":482569214567},{"currentFrameRate":114.744,"devices":[],"gestures":[],"hands":[],"id":113578,"interactionBox":{"center":[0,200,0],"size":[235.247,235.247,147.751]},"pointables":[],"r":[[0.441349,-0.825772,0.351157],[0.886613,0.461613,-0.028816],[-0.138303,0.324058,0.935873]],"s":0.869167,"t":[58.5112,22.1564,181.865],"timestamp":482569223288},{"currentFrameRate":114.76,"devices":[],"gestures":[],"hands":[],"id":113579,"interactionBox":{"center":[0,200,0],"size":[235.247,235.247,147.751]},"pointables":[],"r":[[0.441349,-0.825772,0.351157],[0.886613,0.461613,-0.028816],[-0.138303,0.324058,0.935873]],"s":0.869167,"t":[58.5112,22.1564,181.865],"timestamp":482569231974},{"currentFrameRate":114.795,"devices":[],"gestures":[],"hands":[],"id":113580,"interactionBox":{"center":[0,200,0],"size":[235.247,235.247,147.751]},"pointables":[],"r":[[0.441349,-0.825772,0.351157],[0.886613,0.461613,-0.028816],[-0.138303,0.324058,0.935873]],"s":0.869167,"t":[58.5112,22.1564,181.865],"timestamp":482569240625},{"currentFrameRate":114.833,"devices":[],"gestures":[],"hands":[],"id":113581,"interactionBox":{"center":[0,200,0],"size":[235.247,235.247,147.751]},"pointables":[],"r":[[0.441349,-0.825772,0.351157],[0.886613,0.461613,-0.028816],[-0.138303,0.324058,0.935873]],"s":0.869167,"t":[58.5112,22.1564,181.865],"timestamp":482569249270},{"currentFrameRate":114.847,"devices":[],"gestures":[],"hands":[],"id":113582,"interactionBox":{"center":[0,200,0],"size":[235.247,235.247,147.751]},"pointables":[],"r":[[0.441349,-0.825772,0.351157],[0.886613,0.461613,-0.028816],[-0.138303,0.324058,0.935873]],"s":0.869167,"t":[58.5112,22.1564,181.865],"timestamp":482569257953},{"currentFrameRate":114.882,"devices":[],"gestures":[],"hands":[],"id":113583,"interactionBox":{"center":[0,200,0],"size":[235.247,235.247,147.751]},"pointables":[],"r":[[0.441349,-0.825772,0.351157],[0.886613,0.461613,-0.028816],[-0.138303,0.324058,0.935873]],"s":0.869167,"t":[58.5112,22.1564,181.865],"timestamp":482569266598},{"currentFrameRate":114.963,"devices":[],"gestures":[],"hands":[],"id":113584,"interactionBox":{"center":[0,200,0],"size":[235.247,235.247,147.751]},"pointables":[],"r":[[0.441349,-0.825772,0.351157],[0.886613,0.461613,-0.028816],[-0.138303,0.324058,0.935873]],"s":0.869167,"t":[58.5112,22.1564,181.865],"timestamp":482569275159},{"currentFrameRate":114.919,"devices":[],"gestures":[],"hands":[],"id":113585,"interactionBox":{"center":[0,200,0],"size":[235.247,235.247,147.751]},"pointables":[],"r":[[0.441349,-0.825772,0.351157],[0.886613,0.461613,-0.028816],[-0.138303,0.324058,0.935873]],"s":0.869167,"t":[58.5112,22.1564,181.865],"timestamp":482569283935},{"currentFrameRate":114.973,"devices":[],"gestures":[],"hands":[],"id":113586,"interactionBox":{"center":[0,200,0],"size":[235.247,235.247,147.751]},"pointables":[],"r":[[0.441349,-0.825772,0.351157],[0.886613,0.461613,-0.028816],[-0.138303,0.324058,0.935873]],"s":0.869167,"t":[58.5112,22.1564,181.865],"timestamp":482569292541},{"currentFrameRate":115.02,"devices":[],"gestures":[],"hands":[],"id":113587,"interactionBox":{"center":[0,200,0],"size":[235.247,235.247,147.751]},"pointables":[],"r":[[0.441349,-0.825772,0.351157],[0.886613,0.461613,-0.028816],[-0.138303,0.324058,0.935873]],"s":0.869167,"t":[58.5112,22.1564,181.865],"timestamp":482569301154},{"currentFrameRate":115.008,"devices":[],"gestures":[],"hands":[],"id":113588,"interactionBox":{"center":[0,200,0],"size":[235.247,235.247,147.751]},"pointables":[],"r":[[0.441349,-0.825772,0.351157],[0.886613,0.461613,-0.028816],[-0.138303,0.324058,0.935873]],"s":0.869167,"t":[58.5112,22.1564,181.865],"timestamp":482569309870},{"currentFrameRate":115.009,"devices":[],"gestures":[],"hands":[],"id":113589,"interactionBox":{"center":[0,200,0],"size":[235.247,235.247,147.751]},"pointables":[],"r":[[0.441349,-0.825772,0.351157],[0.886613,0.461613,-0.028816],[-0.138303,0.324058,0.935873]],"s":0.869167,"t":[58.5112,22.1564,181.865],"timestamp":482569318564},{"currentFrameRate":115.025,"devices":[],"gestures":[],"hands":[],"id":113590,"interactionBox":{"center":[0,200,0],"size":[235.247,235.247,147.751]},"pointables":[],"r":[[0.441349,-0.825772,0.351157],[0.886613,0.461613,-0.028816],[-0.138303,0.324058,0.935873]],"s":0.869167,"t":[58.5112,22.1564,181.865],"timestamp":482569327230},{"currentFrameRate":115.042,"devices":[],"gestures":[],"hands":[],"id":113591,"interactionBox":{"center":[0,200,0],"size":[235.247,235.247,147.751]},"pointables":[],"r":[[0.441349,-0.825772,0.351157],[0.886613,0.461613,-0.028816],[-0.138303,0.324058,0.935873]],"s":0.869167,"t":[58.5112,22.1564,181.865],"timestamp":482569335894},{"currentFrameRate":115.031,"devices":[],"gestures":[],"hands":[],"id":113592,"interactionBox":{"center":[0,200,0],"size":[235.247,235.247,147.751]},"pointables":[],"r":[[0.441349,-0.825772,0.351157],[0.886613,0.461613,-0.028816],[-0.138303,0.324058,0.935873]],"s":0.869167,"t":[58.5112,22.1564,181.865],"timestamp":482569344606},{"currentFrameRate":114.981,"devices":[],"gestures":[],"hands":[],"id":113593,"interactionBox":{"center":[0,200,0],"size":[235.247,235.247,147.751]},"pointables":[],"r":[[0.441349,-0.825772,0.351157],[0.886613,0.461613,-0.028816],[-0.138303,0.324058,0.935873]],"s":0.869167,"t":[58.5112,22.1564,181.865],"timestamp":482569353387},{"currentFrameRate":114.982,"devices":[],"gestures":[],"hands":[],"id":113594,"interactionBox":{"center":[0,200,0],"size":[235.247,235.247,147.751]},"pointables":[],"r":[[0.441349,-0.825772,0.351157],[0.886613,0.461613,-0.028816],[-0.138303,0.324058,0.935873]],"s":0.869167,"t":[58.5112,22.1564,181.865],"timestamp":482569362083},{"currentFrameRate":115.156,"devices":[],"gestures":[],"hands":[],"id":113595,"interactionBox":{"center":[0,200,0],"size":[235.247,235.247,147.751]},"pointables":[],"r":[[0.441349,-0.825772,0.351157],[0.886613,0.461613,-0.028816],[-0.138303,0.324058,0.935873]],"s":0.869167,"t":[58.5112,22.1564,181.865],"timestamp":482569370471},{"currentFrameRate":115.153,"devices":[],"gestures":[],"hands":[],"id":113596,"interactionBox":{"center":[0,200,0],"size":[235.247,235.247,147.751]},"pointables":[],"r":[[0.441349,-0.825772,0.351157],[0.886613,0.461613,-0.028816],[-0.138303,0.324058,0.935873]],"s":0.869167,"t":[58.5112,22.1564,181.865],"timestamp":482569379161},{"currentFrameRate":114.974,"devices":[],"gestures":[],"hands":[],"id":113597,"interactionBox":{"center":[0,200,0],"size":[235.247,235.247,147.751]},"pointables":[],"r":[[0.441349,-0.825772,0.351157],[0.886613,0.461613,-0.028816],[-0.138303,0.324058,0.935873]],"s":0.869167,"t":[58.5112,22.1564,181.865],"timestamp":482569388162},{"currentFrameRate":115.138,"devices":[],"gestures":[],"hands":[],"id":113598,"interactionBox":{"center":[0,200,0],"size":[235.247,235.247,147.751]},"pointables":[],"r":[[0.441349,-0.825772,0.351157],[0.886613,0.461613,-0.028816],[-0.138303,0.324058,0.935873]],"s":0.869167,"t":[58.5112,22.1564,181.865],"timestamp":482569396568},{"currentFrameRate":115.063,"devices":[],"gestures":[],"hands":[],"id":113599,"interactionBox":{"center":[0,200,0],"size":[235.247,235.247,147.751]},"pointables":[],"r":[[0.441349,-0.825772,0.351157],[0.886613,0.461613,-0.028816],[-0.138303,0.324058,0.935873]],"s":0.869167,"t":[58.5112,22.1564,181.865],"timestamp":482569405387},{"currentFrameRate":115.077,"devices":[],"gestures":[],"hands":[],"id":113600,"interactionBox":{"center":[0,200,0],"size":[235.247,235.247,147.751]},"pointables":[],"r":[[0.441349,-0.825772,0.351157],[0.886613,0.461613,-0.028816],[-0.138303,0.324058,0.935873]],"s":0.869167,"t":[58.5112,22.1564,181.865],"timestamp":482569414053},{"currentFrameRate":115.018,"devices":[],"gestures":[],"hands":[],"id":113601,"interactionBox":{"center":[0,200,0],"size":[235.247,235.247,147.751]},"pointables":[],"r":[[0.441349,-0.825772,0.351157],[0.886613,0.461613,-0.028816],[-0.138303,0.324058,0.935873]],"s":0.869167,"t":[58.5112,22.1564,181.865],"timestamp":482569422848},{"currentFrameRate":115.05,"devices":[],"gestures":[],"hands":[],"id":113602,"interactionBox":{"center":[0,200,0],"size":[235.247,235.247,147.751]},"pointables":[],"r":[[0.441349,-0.825772,0.351157],[0.886613,0.461613,-0.028816],[-0.138303,0.324058,0.935873]],"s":0.869167,"t":[58.5112,22.1564,181.865],"timestamp":482569431486},{"currentFrameRate":115.069,"devices":[],"gestures":[],"hands":[],"id":113603,"interactionBox":{"center":[0,200,0],"size":[235.247,235.247,147.751]},"pointables":[],"r":[[0.441349,-0.825772,0.351157],[0.886613,0.461613,-0.028816],[-0.138303,0.324058,0.935873]],"s":0.869167,"t":[58.5112,22.1564,181.865],"timestamp":482569440144},{"currentFrameRate":115.077,"devices":[],"gestures":[],"hands":[],"id":113604,"interactionBox":{"center":[0,200,0],"size":[235.247,235.247,147.751]},"pointables":[],"r":[[0.441349,-0.825772,0.351157],[0.886613,0.461613,-0.028816],[-0.138303,0.324058,0.935873]],"s":0.869167,"t":[58.5112,22.1564,181.865],"timestamp":482569448819},{"currentFrameRate":115.062,"devices":[],"gestures":[],"hands":[],"id":113605,"interactionBox":{"center":[0,200,0],"size":[235.247,235.247,147.751]},"pointables":[],"r":[[0.441349,-0.825772,0.351157],[0.886613,0.461613,-0.028816],[-0.138303,0.324058,0.935873]],"s":0.869167,"t":[58.5112,22.1564,181.865],"timestamp":482569457536},{"currentFrameRate":115.11,"devices":[],"gestures":[],"hands":[],"id":113606,"interactionBox":{"center":[0,200,0],"size":[235.247,235.247,147.751]},"pointables":[],"r":[[0.441349,-0.825772,0.351157],[0.886613,0.461613,-0.028816],[-0.138303,0.324058,0.935873]],"s":0.869167,"t":[58.5112,22.1564,181.865],"timestamp":482569466141},{"currentFrameRate":115.099,"devices":[],"gestures":[],"hands":[],"id":113607,"interactionBox":{"center":[0,200,0],"size":[235.247,235.247,147.751]},"pointables":[],"r":[[0.441349,-0.825772,0.351157],[0.886613,0.461613,-0.028816],[-0.138303,0.324058,0.935873]],"s":0.869167,"t":[58.5112,22.1564,181.865],"timestamp":482569474848},{"currentFrameRate":115.082,"devices":[],"gestures":[],"hands":[],"id":113608,"interactionBox":{"center":[0,200,0],"size":[235.247,235.247,147.751]},"pointables":[],"r":[[0.441349,-0.825772,0.351157],[0.886613,0.461613,-0.028816],[-0.138303,0.324058,0.935873]],"s":0.869167,"t":[58.5112,22.1564,181.865],"timestamp":482569483567},{"currentFrameRate":115.118,"devices":[],"gestures":[],"hands":[],"id":113609,"interactionBox":{"center":[0,200,0],"size":[235.247,235.247,147.751]},"pointables":[],"r":[[0.441349,-0.825772,0.351157],[0.886613,0.461613,-0.028816],[-0.138303,0.324058,0.935873]],"s":0.869167,"t":[58.5112,22.1564,181.865],"timestamp":482569492193},{"currentFrameRate":115.097,"devices":[],"gestures":[],"hands":[],"id":113610,"interactionBox":{"center":[0,200,0],"size":[235.247,235.247,147.751]},"pointables":[],"r":[[0.441349,-0.825772,0.351157],[0.886613,0.461613,-0.028816],[-0.138303,0.324058,0.935873]],"s":0.869167,"t":[58.5112,22.1564,181.865],"timestamp":482569500917},{"currentFrameRate":115.161,"devices":[],"gestures":[],"hands":[],"id":113611,"interactionBox":{"center":[0,200,0],"size":[235.247,235.247,147.751]},"pointables":[],"r":[[0.441349,-0.825772,0.351157],[0.886613,0.461613,-0.028816],[-0.138303,0.324058,0.935873]],"s":0.869167,"t":[58.5112,22.1564,181.865],"timestamp":482569509492},{"currentFrameRate":115.129,"devices":[],"gestures":[],"hands":[],"id":113612,"interactionBox":{"center":[0,200,0],"size":[235.247,235.247,147.751]},"pointables":[],"r":[[0.441349,-0.825772,0.351157],[0.886613,0.461613,-0.028816],[-0.138303,0.324058,0.935873]],"s":0.869167,"t":[58.5112,22.1564,181.865],"timestamp":482569518231},{"currentFrameRate":115.161,"devices":[],"gestures":[],"hands":[],"id":113613,"interactionBox":{"center":[0,200,0],"size":[235.247,235.247,147.751]},"pointables":[],"r":[[0.441349,-0.825772,0.351157],[0.886613,0.461613,-0.028816],[-0.138303,0.324058,0.935873]],"s":0.869167,"t":[58.5112,22.1564,181.865],"timestamp":482569526860},{"currentFrameRate":115.179,"devices":[],"gestures":[],"hands":[],"id":113614,"interactionBox":{"center":[0,200,0],"size":[235.247,235.247,147.751]},"pointables":[],"r":[[0.441349,-0.825772,0.351157],[0.886613,0.461613,-0.028816],[-0.138303,0.324058,0.935873]],"s":0.869167,"t":[58.5112,22.1564,181.865],"timestamp":482569535513},{"currentFrameRate":115.158,"devices":[],"gestures":[],"hands":[],"id":113615,"interactionBox":{"center":[0,200,0],"size":[235.247,235.247,147.751]},"pointables":[],"r":[[0.441349,-0.825772,0.351157],[0.886613,0.461613,-0.028816],[-0.138303,0.324058,0.935873]],"s":0.869167,"t":[58.5112,22.1564,181.865],"timestamp":482569544231},{"currentFrameRate":115.164,"devices":[],"gestures":[],"hands":[],"id":113616,"interactionBox":{"center":[0,200,0],"size":[235.247,235.247,147.751]},"pointables":[],"r":[[0.441349,-0.825772,0.351157],[0.886613,0.461613,-0.028816],[-0.138303,0.324058,0.935873]],"s":0.869167,"t":[58.5112,22.1564,181.865],"timestamp":482569552904},{"currentFrameRate":115.183,"devices":[],"gestures":[],"hands":[],"id":113617,"interactionBox":{"center":[0,200,0],"size":[235.247,235.247,147.751]},"pointables":[],"r":[[0.441349,-0.825772,0.351157],[0.886613,0.461613,-0.028816],[-0.138303,0.324058,0.935873]],"s":0.869167,"t":[58.5112,22.1564,181.865],"timestamp":482569561555},{"currentFrameRate":115.163,"devices":[],"gestures":[],"hands":[],"id":113618,"interactionBox":{"center":[0,200,0],"size":[235.247,235.247,147.751]},"pointables":[],"r":[[0.441349,-0.825772,0.351157],[0.886613,0.461613,-0.028816],[-0.138303,0.324058,0.935873]],"s":0.869167,"t":[58.5112,22.1564,181.865],"timestamp":482569570272},{"currentFrameRate":115.2,"devices":[],"gestures":[],"hands":[],"id":113619,"interactionBox":{"center":[0,200,0],"size":[235.247,235.247,147.751]},"pointables":[],"r":[[0.441349,-0.825772,0.351157],[0.886613,0.461613,-0.028816],[-0.138303,0.324058,0.935873]],"s":0.869167,"t":[58.5112,22.1564,181.865],"timestamp":482569578890},{"currentFrameRate":115.175,"devices":[],"gestures":[],"hands":[],"id":113620,"interactionBox":{"center":[0,200,0],"size":[235.247,235.247,147.751]},"pointables":[],"r":[[0.441349,-0.825772,0.351157],[0.886613,0.461613,-0.028816],[-0.138303,0.324058,0.935873]],"s":0.869167,"t":[58.5112,22.1564,181.865],"timestamp":482569587614},{"currentFrameRate":115.189,"devices":[],"gestures":[],"hands":[],"id":113621,"interactionBox":{"center":[0,200,0],"size":[235.247,235.247,147.751]},"pointables":[],"r":[[0.441349,-0.825772,0.351157],[0.886613,0.461613,-0.028816],[-0.138303,0.324058,0.935873]],"s":0.869167,"t":[58.5112,22.1564,181.865],"timestamp":482569596271},{"currentFrameRate":115.181,"devices":[],"gestures":[],"hands":[],"id":113622,"interactionBox":{"center":[0,200,0],"size":[235.247,235.247,147.751]},"pointables":[],"r":[[0.441349,-0.825772,0.351157],[0.886613,0.461613,-0.028816],[-0.138303,0.324058,0.935873]],"s":0.869167,"t":[58.5112,22.1564,181.865],"timestamp":482569604967},{"currentFrameRate":115.216,"devices":[],"gestures":[],"hands":[],"id":113623,"interactionBox":{"center":[0,200,0],"size":[235.247,235.247,147.751]},"pointables":[],"r":[[0.441349,-0.825772,0.351157],[0.886613,0.461613,-0.028816],[-0.138303,0.324058,0.935873]],"s":0.869167,"t":[58.5112,22.1564,181.865],"timestamp":482569613587},{"currentFrameRate":115.233,"devices":[],"gestures":[],"hands":[],"id":113624,"interactionBox":{"center":[0,200,0],"size":[235.247,235.247,147.751]},"pointables":[],"r":[[0.441349,-0.825772,0.351157],[0.886613,0.461613,-0.028816],[-0.138303,0.324058,0.935873]],"s":0.869167,"t":[58.5112,22.1564,181.865],"timestamp":482569622237},{"currentFrameRate":115.217,"devices":[],"gestures":[],"hands":[],"id":113625,"interactionBox":{"center":[0,200,0],"size":[235.247,235.247,147.751]},"pointables":[],"r":[[0.441349,-0.825772,0.351157],[0.886613,0.461613,-0.028816],[-0.138303,0.324058,0.935873]],"s":0.869167,"t":[58.5112,22.1564,181.865],"timestamp":482569630942},{"currentFrameRate":115.199,"devices":[],"gestures":[],"hands":[],"id":113626,"interactionBox":{"center":[0,200,0],"size":[235.247,235.247,147.751]},"pointables":[],"r":[[0.441349,-0.825772,0.351157],[0.886613,0.461613,-0.028816],[-0.138303,0.324058,0.935873]],"s":0.869167,"t":[58.5112,22.1564,181.865],"timestamp":482569639654},{"currentFrameRate":115.251,"devices":[],"gestures":[],"hands":[],"id":113627,"interactionBox":{"center":[0,200,0],"size":[235.247,235.247,147.751]},"pointables":[],"r":[[0.441349,-0.825772,0.351157],[0.886613,0.461613,-0.028816],[-0.138303,0.324058,0.935873]],"s":0.869167,"t":[58.5112,22.1564,181.865],"timestamp":482569648243},{"currentFrameRate":115.21,"devices":[],"gestures":[],"hands":[],"id":113628,"interactionBox":{"center":[0,200,0],"size":[235.247,235.247,147.751]},"pointables":[],"r":[[0.441349,-0.825772,0.351157],[0.886613,0.461613,-0.028816],[-0.138303,0.324058,0.935873]],"s":0.869167,"t":[58.5112,22.1564,181.865],"timestamp":482569656992},{"currentFrameRate":115.215,"devices":[],"gestures":[],"hands":[],"id":113629,"interactionBox":{"center":[0,200,0],"size":[235.247,235.247,147.751]},"pointables":[],"r":[[0.441349,-0.825772,0.351157],[0.886613,0.461613,-0.028816],[-0.138303,0.324058,0.935873]],"s":0.869167,"t":[58.5112,22.1564,181.865],"timestamp":482569665662},{"currentFrameRate":115.234,"devices":[],"gestures":[],"hands":[],"id":113630,"interactionBox":{"center":[0,200,0],"size":[235.247,235.247,147.751]},"pointables":[],"r":[[0.441349,-0.825772,0.351157],[0.886613,0.461613,-0.028816],[-0.138303,0.324058,0.935873]],"s":0.869167,"t":[58.5112,22.1564,181.865],"timestamp":482569674309},{"currentFrameRate":115.23,"devices":[],"gestures":[],"hands":[],"id":113631,"interactionBox":{"center":[0,200,0],"size":[235.247,235.247,147.751]},"pointables":[],"r":[[0.441349,-0.825772,0.351157],[0.886613,0.461613,-0.028816],[-0.138303,0.324058,0.935873]],"s":0.869167,"t":[58.5112,22.1564,181.865],"timestamp":482569682993},{"currentFrameRate":115.238,"devices":[],"gestures":[],"hands":[],"id":113632,"interactionBox":{"center":[0,200,0],"size":[235.247,235.247,147.751]},"pointables":[],"r":[[0.441349,-0.825772,0.351157],[0.886613,0.461613,-0.028816],[-0.138303,0.324058,0.935873]],"s":0.869167,"t":[58.5112,22.1564,181.865],"timestamp":482569691658},{"currentFrameRate":115.205,"devices":[],"gestures":[],"hands":[],"id":113633,"interactionBox":{"center":[0,200,0],"size":[235.247,235.247,147.751]},"pointables":[],"r":[[0.441349,-0.825772,0.351157],[0.886613,0.461613,-0.028816],[-0.138303,0.324058,0.935873]],"s":0.869167,"t":[58.5112,22.1564,181.865],"timestamp":482569700394},{"currentFrameRate":115.245,"devices":[],"gestures":[],"hands":[],"id":113634,"interactionBox":{"center":[0,200,0],"size":[235.247,235.247,147.751]},"pointables":[],"r":[[0.441349,-0.825772,0.351157],[0.886613,0.461613,-0.028816],[-0.138303,0.324058,0.935873]],"s":0.869167,"t":[58.5112,22.1564,181.865],"timestamp":482569709004},{"currentFrameRate":115.249,"devices":[],"gestures":[],"hands":[],"id":113635,"interactionBox":{"center":[0,200,0],"size":[235.247,235.247,147.751]},"pointables":[],"r":[[0.441349,-0.825772,0.351157],[0.886613,0.461613,-0.028816],[-0.138303,0.324058,0.935873]],"s":0.869167,"t":[58.5112,22.1564,181.865],"timestamp":482569717674},{"currentFrameRate":115.273,"devices":[],"gestures":[],"hands":[],"id":113636,"interactionBox":{"center":[0,200,0],"size":[235.247,235.247,147.751]},"pointables":[],"r":[[0.441349,-0.825772,0.351157],[0.886613,0.461613,-0.028816],[-0.138303,0.324058,0.935873]],"s":0.869167,"t":[58.5112,22.1564,181.865],"timestamp":482569726307},{"currentFrameRate":115.242,"devices":[],"gestures":[],"hands":[],"id":113637,"interactionBox":{"center":[0,200,0],"size":[235.247,235.247,147.751]},"pointables":[],"r":[[0.441349,-0.825772,0.351157],[0.886613,0.461613,-0.028816],[-0.138303,0.324058,0.935873]],"s":0.869167,"t":[58.5112,22.1564,181.865],"timestamp":482569735037},{"currentFrameRate":105.901,"devices":[],"gestures":[],"hands":[],"id":113638,"interactionBox":{"center":[0,200,0],"size":[235.247,235.247,147.751]},"pointables":[],"r":[[0.441349,-0.825772,0.351157],[0.886613,0.461613,-0.028816],[-0.138303,0.324058,0.935873]],"s":0.869167,"t":[58.5112,22.1564,181.865],"timestamp":482569761006},{"currentFrameRate":106.292,"devices":[],"gestures":[],"hands":[],"id":113639,"interactionBox":{"center":[0,200,0],"size":[235.247,235.247,147.751]},"pointables":[],"r":[[0.441349,-0.825772,0.351157],[0.886613,0.461613,-0.028816],[-0.138303,0.324058,0.935873]],"s":0.869167,"t":[58.5112,22.1564,181.865],"timestamp":482569769694},{"currentFrameRate":106.668,"devices":[],"gestures":[],"hands":[],"id":113640,"interactionBox":{"center":[0,200,0],"size":[235.247,235.247,147.751]},"pointables":[],"r":[[0.441349,-0.825772,0.351157],[0.886613,0.461613,-0.028816],[-0.138303,0.324058,0.935873]],"s":0.869167,"t":[58.5112,22.1564,181.865],"timestamp":482569778379},{"currentFrameRate":107.036,"devices":[],"gestures":[],"hands":[],"id":113641,"interactionBox":{"center":[0,200,0],"size":[235.247,235.247,147.751]},"pointables":[],"r":[[0.441349,-0.825772,0.351157],[0.886613,0.461613,-0.028816],[-0.138303,0.324058,0.935873]],"s":0.869167,"t":[58.5112,22.1564,181.865],"timestamp":482569787050},{"currentFrameRate":107.222,"devices":[],"gestures":[],"hands":[{"armBasis":[[0.629676,0.738675,0.240556],[0.765447,-0.642811,-0.0297443],[-0.132661,-0.202862,0.970179]],"armWidth":63.4312,"confidence":0,"direction":[0.426828,0.717545,-0.550406],"elbow":[177.903,86.565,464.812],"grabAngle":0,"grabStrength":0,"id":39,"palmNormal":[-0.821637,0.561962,0.0954489],"palmPosition":[236.559,189.576,151.034],"palmVelocity":[1.19209e-7,1.19209e-7,1.19209e-7],"palmWidth":90.5776,"pinchDistance":69.8414,"pinchStrength":0,"r":[[1,2.22045e-17,-1.66533e-17],[-2.22045e-17,1,-1.11022e-17],[1.66533e-17,1.11022e-17,1]],"s":1,"sphereCenter":[322.933,161.946,112.992],"sphereRadius":92.0983,"stabilizedPalmPosition":[236.559,189.576,151.034],"t":[0,0,0],"timeVisible":0,"type":"left","wrist":[213.559,141.09,204.051]}],"id":113642,"interactionBox":{"center":[0,200,0],"size":[235.247,235.247,147.751]},"pointables":[{"bases":[[[0.970207,-0.197034,0.140984],[-0.103176,-0.862517,-0.495397],[-0.219211,-0.466092,0.857149]],[[0.992115,-0.124865,0.0107697],[-0.0937941,-0.796734,-0.597007],[-0.0831258,-0.59129,0.802164]],[[0.992115,-0.124865,0.0107697],[-0.0679459,-0.608085,-0.790959],[-0.105312,-0.783991,0.611774]],[[0.992115,-0.124865,0.0107697],[-0.0479648,-0.45768,-0.887822],[-0.115787,-0.880305,0.460061]]],"btipPosition":[209.409,220.13,94.5245],"carpPosition":[199.006,143.63,165.868],"dipPosition":[206.711,199.621,105.243],"direction":[0.105312,0.783991,-0.611775],"extended":false,"handId":39,"id":390,"length":51.8802,"mcpPosition":[199.006,143.63,165.868],"pipPosition":[203.137,173.012,126.007],"stabilizedTipPosition":[208.788,215.413,96.9897],"timeVisible":0,"tipPosition":[208.788,215.413,96.9897],"tipVelocity":[1.19209e-7,1.19209e-7,1.19209e-7],"tool":false,"touchDistance":1,"touchZone":"none","type":0,"width":20.1582},{"bases":[[[-0.0570005,0.358453,0.931806],[0.905386,-0.374771,0.199554],[-0.420745,-0.855019,0.303176]],[[0.069884,0.595119,0.800593],[0.721149,-0.584654,0.371651],[-0.689246,-0.551375,0.470027]],[[0.069884,0.595119,0.800593],[0.721149,-0.584654,0.371651],[-0.689246,-0.551375,0.470027]],[[0.069884,0.595119,0.800593],[0.721149,-0.584654,0.371651],[-0.689246,-0.551375,0.470027]]],"btipPosition":[304.884,252.319,143.027],"carpPosition":[231.09,163.361,194.288],"dipPosition":[293.057,242.858,151.092],"direction":[0.689246,0.551375,-0.470027],"extended":true,"handId":39,"id":394,"length":50.2818,"mcpPosition":[255.377,212.715,176.788],"pipPosition":[279.637,232.122,160.244],"stabilizedTipPosition":[302.164,250.143,144.882],"timeVisible":0,"tipPosition":[302.164,250.143,144.882],"tipVelocity":[1.19209e-7,1.19209e-7,1.19209e-7],"tool":false,"touchDistance":1,"touchZone":"none","type":4,"width":15.9847},{"bases":[[[0.444098,0.526129,0.725235],[0.865554,-0.461064,-0.195539],[-0.231501,-0.714569,0.660151]],[[0.299192,0.162939,0.940178],[0.4876,-0.873058,-0.00386227],[-0.820201,-0.459587,0.340661]],[[0.299192,0.162939,0.940178],[0.4876,-0.873058,-0.00386227],[-0.820201,-0.459587,0.340661]],[[0.299192,0.162939,0.940178],[0.4876,-0.873058,-0.00386227],[-0.820201,-0.459587,0.340661]]],"btipPosition":[308.296,234.501,87.8993],"carpPosition":[222.579,143.638,164.806],"dipPosition":[294.346,226.684,93.6933],"direction":[0.820201,0.459587,-0.340661],"extended":true,"handId":39,"id":391,"length":58.541,"mcpPosition":[239.533,195.971,116.459],"pipPosition":[274.611,215.626,101.89],"stabilizedTipPosition":[305.088,232.703,89.2319],"timeVisible":0,"tipPosition":[305.088,232.703,89.2319],"tipVelocity":[1.19209e-7,1.19209e-7,1.19209e-7],"tool":false,"touchDistance":1,"touchZone":"none","type":1,"width":19.2551},{"bases":[[[0.254632,0.495591,0.830393],[0.922881,-0.381054,-0.0555739],[-0.288883,-0.780505,0.5544]],[[0.270743,0.539435,0.797313],[0.607064,-0.738471,0.293484],[-0.747108,-0.404561,0.527408]],[[0.270743,0.539435,0.797313],[0.607064,-0.738471,0.293484],[-0.747108,-0.404561,0.527408]],[[0.270743,0.539435,0.797313],[0.607064,-0.738471,0.293484],[-0.747108,-0.404561,0.527408]]],"btipPosition":[320.602,242.295,84.2757],"carpPosition":[229.566,149.656,172.882],"dipPosition":[306.626,234.727,94.1418],"direction":[0.747108,0.404561,-0.527408],"extended":true,"handId":39,"id":392,"length":66.7028,"mcpPosition":[249.63,203.863,134.378],"pipPosition":[285.478,223.275,109.071],"stabilizedTipPosition":[317.388,240.554,86.5449],"timeVisible":0,"tipPosition":[317.388,240.554,86.5449],"tipVelocity":[1.19209e-7,1.19209e-7,1.19209e-7],"tool":false,"touchDistance":1,"touchZone":"none","type":2,"width":18.9111},{"bases":[[[0.139045,0.402637,0.904737],[0.929036,-0.36936,0.0215974],[-0.342869,-0.83753,0.425422]],[[0.23416,0.632161,0.738608],[0.652791,-0.665228,0.362403],[-0.720439,-0.397297,0.568439]],[[0.23416,0.632161,0.738608],[0.652791,-0.665228,0.362403],[-0.720439,-0.397297,0.568439]],[[0.23416,0.632161,0.738608],[0.652791,-0.665228,0.362403],[-0.720439,-0.397297,0.568439]]],"btipPosition":[320.418,244.224,104.426],"carpPosition":[233.728,155.983,182.484],"dipPosition":[307.018,236.835,114.999],"direction":[0.720439,0.397297,-0.568439],"extended":true,"handId":39,"id":393,"length":64.1365,"mcpPosition":[255.108,208.208,155.957],"pipPosition":[287.151,225.878,130.674],"stabilizedTipPosition":[317.336,242.524,106.858],"timeVisible":0,"tipPosition":[317.336,242.524,106.858],"tipVelocity":[1.19209e-7,1.19209e-7,1.19209e-7],"tool":false,"touchDistance":1,"touchZone":"none","type":3,"width":17.9951}],"r":[[1,2.22045e-17,-1.66533e-17],[-2.22045e-17,1,-1.11022e-17],[1.66533e-17,1.11022e-17,1]],"s":1,"t":[0,0,0],"timestamp":482569796036},{"currentFrameRate":107.687,"devices":[],"gestures":[],"hands":[{"armBasis":[[-0.707061,0.692541,0.143006],[0.701495,0.661385,0.265469],[-0.0892663,-0.288021,0.953455]],"armWidth":63.3999,"confidence":0.0444381,"direction":[0.535775,0.633666,-0.558043],"elbow":[185.753,71.494,449.426],"grabAngle":1.64169,"grabStrength":0.00530668,"id":39,"palmNormal":[-0.465419,-0.329808,-0.821348],"palmPosition":[249.05,186.798,141.422],"palmVelocity":[1479.73,-329.176,-1138.78],"palmWidth":90.5776,"pinchDistance":11.4387,"pinchStrength":1,"r":[[0.977452,0.181281,0.10828],[-0.158574,0.968797,-0.190489],[-0.139434,0.169024,0.975699]],"s":0.916649,"sphereCenter":[244.227,174.378,88.0326],"sphereRadius":50.9739,"stabilizedPalmPosition":[240.253,188.754,148.191],"t":[6.2452,-1.38929,-4.80624],"timeVisible":0.008441,"type":"left","wrist":[209.746,148.907,193.16]}],"id":113643,"interactionBox":{"center":[0,200,0],"size":[235.247,235.247,147.751]},"pointables":[{"bases":[[[-0.854944,0.51753,0.0351168],[0.362188,0.547118,0.75464],[-0.371336,-0.657894,0.655198]],[[-0.743643,0.657729,-0.119947],[0.594092,0.732367,0.332706],[-0.306676,-0.176155,0.935371]],[[-0.743643,0.657729,-0.119947],[0.594092,0.732367,0.332706],[-0.306676,-0.176155,0.935371]],[[-0.743643,0.657729,-0.119947],[0.668214,0.72527,-0.165753],[0.0220266,0.203411,0.978846]]],"btipPosition":[269.108,221.871,52.6572],"carpPosition":[224.634,172.09,177.66],"dipPosition":[269.511,225.59,70.5535],"direction":[0.306676,0.176155,-0.935371],"extended":true,"handId":39,"id":393,"length":63.046,"mcpPosition":[247.789,213.114,136.804],"pipPosition":[261.197,220.815,95.9092],"stabilizedTipPosition":[303.865,236.984,92.8412],"timeVisible":0.008441,"tipPosition":[275.886,231.123,67.8992],"tipVelocity":[-5702.6,-2345.41,-5933.47],"tool":false,"touchDistance":0.421899,"touchZone":"hovering","type":3,"width":17.9823},{"bases":[[[-0.940189,0.340346,-0.0144616],[0.190565,0.560665,0.805816],[-0.282365,-0.754864,0.591989]],[[-0.834947,0.524277,-0.167324],[0.341716,0.732228,0.589129],[-0.431385,-0.434714,0.790525]],[[-0.834947,0.524277,-0.167324],[0.48357,0.844075,0.231729],[-0.262724,-0.112569,0.958282]],[[-0.834947,0.524277,-0.167324],[0.48357,0.844075,0.231729],[-0.262724,-0.112569,0.958282]]],"btipPosition":[252.274,239.106,78.2195],"carpPosition":[211.589,176.439,174.247],"dipPosition":[247.843,237.207,94.3828],"direction":[0.262724,0.112569,-0.958282],"extended":true,"handId":39,"id":394,"length":49.4269,"mcpPosition":[227.888,220.011,140.076],"pipPosition":[242.814,235.052,112.723],"stabilizedTipPosition":[288.644,247.096,128.167],"timeVisible":0.008441,"tipPosition":[255.169,246.872,91.6759],"tipVelocity":[-6031.13,-1359.27,-7457.06],"tool":false,"touchDistance":0.43792,"touchZone":"hovering","type":4,"width":15.9733},{"bases":[[[0.237338,0.700228,0.673314],[0.566031,-0.662983,0.489962],[-0.789481,-0.264829,0.553702]],[[0.562125,0.745136,0.35887],[0.720848,-0.654137,0.229092],[-0.405455,-0.129913,0.904836]],[[0.562125,0.745136,0.35887],[0.792791,-0.609066,0.0228223],[-0.235582,-0.27168,0.933108]],[[0.562125,0.745136,0.35887],[0.823357,-0.463214,-0.327895],[0.0780927,-0.479796,0.873898]]],"btipPosition":[256.288,160.408,69.456],"carpPosition":[230.069,133.9,165.564],"dipPosition":[258.076,149.42,89.4695],"direction":[0.235582,0.27168,-0.933108],"extended":false,"handId":39,"id":390,"length":50.9981,"mcpPosition":[230.069,133.9,165.564],"pipPosition":[250.216,140.355,120.602],"stabilizedTipPosition":[224.812,196.172,89.3206],"timeVisible":0.008441,"tipPosition":[266.17,161.258,79.1721],"tipVelocity":[5675.96,-6815.88,-2716.57],"tool":false,"touchDistance":0.435603,"touchZone":"hovering","type":0,"width":20.1439},{"bases":[[[-0.604548,0.796241,0.0228423],[0.556165,0.401393,0.727711],[-0.570265,-0.45264,0.685503]],[[-0.466868,0.875306,-0.125992],[0.865313,0.481555,0.13906],[-0.182392,0.0440999,0.982236]],[[-0.466868,0.875306,-0.125992],[0.581305,0.196395,-0.789628],[0.666422,0.441892,0.60051]],[[-0.466868,0.875306,-0.125992],[0.120317,-0.0782761,-0.989645],[0.876104,0.477193,0.0687691]]],"btipPosition":[258.201,165.554,69.7062],"carpPosition":[239.179,152.688,176.556],"dipPosition":[272.848,173.532,70.8559],"direction":[-0.666422,-0.441892,-0.60051],"extended":false,"handId":39,"id":391,"length":57.5457,"mcpPosition":[280.943,185.837,126.353],"pipPosition":[288.611,