{"frames":76,"data":[{"currentFrameRate":57.6237,"devices":[],"gestures":[],"hands":[{"armBasis":[[0.267696,-0.875442,-0.402419],[0.951521,0.30587,-0.0324351],[0.151483,-0.374227,0.914881]],"armWidth":62.9279,"confidence":1,"direction":[0.210297,0.33485,-0.918505],"elbow":[85.361,51.7952,436.884],"grabAngle":0.133869,"grabStrength":0,"id":35,"palmNormal":[-0.93476,-0.20632,-0.289234],"palmPosition":[51.4023,180.427,131.377],"palmVelocity":[29.3076,18.9913,-23.705],"palmWidth":87.9831,"pinchDistance":70.082,"pinchStrength":0,"r":[[0.975239,0.0652886,-0.211295],[-0.133925,0.934669,-0.32933],[0.175989,0.349473,0.92027]],"s":1.41139,"sphereCenter":[125.487,192.037,99.4301],"sphereRadius":85.2021,"stabilizedPalmPosition":[48.8956,179.806,132.584],"t":[-57.9804,-12.169,-52.7488],"timeVisible":1.75184,"type":"right","wrist":[45.8123,149.497,198.029]}],"id":31420,"interactionBox":{"center":[0,200,0],"size":[235.247,235.247,147.751]},"pointables":[{"bases":[[[0.992339,-0.120088,-0.0290236],[0.105509,0.701522,0.704794],[-0.0642768,-0.702457,0.708818]],[[0.975088,0.0660799,-0.211745],[0.105988,0.699775,0.706457],[0.194856,-0.7113,0.675339]],[[0.975088,0.0660799,-0.211745],[0.0258802,0.914185,0.404471],[0.220301,-0.399875,0.889701]],[[0.975088,0.0660799,-0.211745],[-0.0221968,0.978873,0.203263],[0.220703,-0.193499,0.955954]]],"btipPosition":[6.42877,230.996,102.471],"carpPosition":[28.0856,179.11,186.009],"dipPosition":[11.4208,226.62,124.094],"direction":[-0.220301,0.399875,-0.889701],"extended":true,"handId":35,"id":350,"length":50.369,"mcpPosition":[28.0856,179.11,186.009],"pipPosition":[18.6803,213.443,153.412],"stabilizedTipPosition":[5.52224,230.237,111.085],"timeVisible":1.75184,"tipPosition":[5.93837,225.621,105.668],"tipVelocity":[17.5702,13.3119,-57.9573],"tool":false,"touchDistance":0.624071,"touchZone":"hovering","type":0,"width":20.1816},{"bases":[[[0.3176,-0.850132,-0.420007],[0.948038,0.275903,0.158432],[-0.0188072,-0.4485,0.893585]],[[0.306552,-0.925412,-0.222798],[0.889658,0.19534,0.412735],[-0.338429,-0.324739,0.883182]],[[0.306552,-0.925412,-0.222798],[0.927723,0.23811,0.28746],[-0.212969,-0.294817,0.931519]],[[0.306552,-0.925412,-0.222798],[0.94621,0.270816,0.177046],[-0.103503,-0.265088,0.958653]]],"btipPosition":[72.2426,235.959,42.0412],"carpPosition":[50.1684,179.305,179.871],"dipPosition":[70.5335,231.581,57.8712],"direction":[0.212969,0.294816,-0.931519],"extended":true,"handId":35,"id":351,"length":56.8358,"mcpPosition":[51.5063,211.211,116.303],"pipPosition":[65.5586,224.694,79.6315],"stabilizedTipPosition":[70.0004,235.529,46.7608],"timeVisible":1.75184,"tipPosition":[65.7225,231.725,44.6992],"tipVelocity":[57.7357,-15.1297,-41.0352],"tool":false,"touchDistance":0.333333,"touchZone":"hovering","type":1,"width":19.2774},{"bases":[[[0.145837,-0.937405,-0.316232],[0.987441,0.118293,0.104724],[-0.0607613,-0.327533,0.942884]],[[0.136869,-0.971596,-0.193051],[0.951375,0.0746395,0.298855],[-0.275957,-0.224568,0.934568]],[[0.136869,-0.971596,-0.193051],[0.977326,0.100663,0.18628],[-0.161556,-0.214169,0.963344]],[[0.136869,-0.971596,-0.193051],[0.989853,0.126633,0.0644607],[-0.0381833,-0.199914,0.979069]]],"btipPosition":[77.5683,212.076,23.2731],"carpPosition":[55.4804,170.002,174.676],"dipPosition":[76.8748,208.445,41.0549],"direction":[0.161556,0.214169,-0.963344],"extended":true,"handId":35,"id":352,"length":64.7599,"mcpPosition":[59.5795,192.098,111.067],"pipPosition":[72.4348,202.559,67.5305],"stabilizedTipPosition":[75.8773,212.035,27.8975],"timeVisible":1.75184,"tipPosition":[71.5207,210.143,27.3992],"tipVelocity":[73.285,-37.3427,-28.8177],"tool":false,"touchDistance":0.333333,"touchZone":"hovering","type":2,"width":18.933},{"bases":[[[0.0604507,-0.98162,-0.181021],[0.992897,0.0405157,0.111867],[-0.102477,-0.186498,0.977096]],[[0.0613454,-0.97995,-0.189567],[0.978427,0.0215026,0.205471],[-0.197275,-0.198082,0.960128]],[[0.0613454,-0.97995,-0.189567],[0.997795,0.05539,0.0365612],[-0.025328,-0.191392,0.981187]],[[0.0613454,-0.97995,-0.189567],[0.993775,0.0776624,-0.0798751],[0.0929958,-0.183487,0.978614]]],"btipPosition":[71.8367,187.571,25.6976],"carpPosition":[58.1122,159.283,170.281],"dipPosition":[73.516,184.257,43.369],"direction":[0.025328,0.191392,-0.981187],"extended":true,"handId":35,"id":353,"length":62.2683,"mcpPosition":[64.3192,170.58,111.098],"pipPosition":[72.8379,179.133,69.6385],"stabilizedTipPosition":[70.5691,187.848,30.213],"timeVisible":1.75184,"tipPosition":[66.9931,185.797,30.7002],"tipVelocity":[74.5887,-51.4492,-23.3985],"tool":false,"touchDistance":0.333333,"touchZone":"hovering","type":3,"width":18.0159},{"bases":[[[-0.116708,-0.989718,-0.0826947],[0.977232,-0.129292,0.168232],[-0.177194,-0.0611779,0.982273]],[[-0.109662,-0.986553,-0.121194],[0.976807,-0.129524,0.170504],[-0.183909,-0.0996853,0.977875]],[[-0.109662,-0.986553,-0.121194],[0.993941,-0.109748,-0.00597825],[-0.00740299,-0.121115,0.992611]],[[-0.109662,-0.986553,-0.121194],[0.985022,-0.0915409,-0.146122],[0.133063,-0.135403,0.981815]]],"btipPosition":[68.3144,157.852,43.5584],"carpPosition":[54.1712,146.47,167.17],"dipPosition":[70.5311,155.596,59.9144],"direction":[0.00740299,0.121115,-0.992611],"extended":true,"handId":35,"id":354,"length":48.8172,"mcpPosition":[64.1063,149.9,112.095],"pipPosition":[70.3912,153.307,78.6777],"stabilizedTipPosition":[67.304,158.541,47.5861],"timeVisible":1.75184,"tipPosition":[63.9781,157.845,49.0593],"tipVelocity":[45.7846,-51.1648,-10.8396],"tool":false,"touchDistance":0.321663,"touchZone":"hovering","type":4,"width":16.0032}],"r":[[0.975239,0.0652886,-0.211295],[-0.133925,0.934669,-0.32933],[0.175989,0.349473,0.92027]],"s":1.41139,"t":[-57.9804,-12.169,-52.7488],"timestamp":230315632561},{"currentFrameRate":57.6579,"devices":[],"gestures":[],"hands":[{"armBasis":[[0.274093,-0.873645,-0.402016],[0.950054,0.310847,-0.0277776],[0.149233,-0.374323,0.915211]],"armWidth":62.9279,"confidence":1,"direction":[0.218511,0.332056,-0.917601],"elbow":[84.8856,52.642,436.483],"grabAngle":0.141307,"grabStrength":0,"id":35,"palmNormal":[-0.930783,-0.211494,-0.298185],"palmPosition":[52.0217,181.106,130.844],"palmVelocity":[35.95,39.4093,-30.8952],"palmWidth":87.9831,"pinchDistance":70.4179,"pinchStrength":0,"r":[[0.976273,0.0666202,-0.206042],[-0.134089,0.933116,-0.333637],[0.170034,0.353349,0.919909]],"s":1.41527,"sphereCenter":[123.741,191.855,98.9648],"sphereRadius":83.166,"stabilizedPalmPosition":[49.0846,179.884,132.479],"t":[-57.4125,-11.7025,-53.1852],"timeVisible":1.76907,"type":"right","wrist":[45.9242,150.369,197.542]}],"id":31421,"interactionBox":{"center":[0,200,0],"size":[235.247,235.247,147.751]},"pointables":[{"bases":[[[0.993091,-0.11594,-0.0181228],[0.0951117,0.704795,0.703006],[-0.0687338,-0.699872,0.710953]],[[0.976009,0.072924,-0.205157],[0.0950233,0.705114,0.702699],[0.195902,-0.705335,0.681267]],[[0.976009,0.072924,-0.205157],[0.0167973,0.914218,0.404875],[0.217083,-0.398607,0.89106]],[[0.976009,0.072924,-0.205157],[-0.0298776,0.978188,0.205563],[0.215672,-0.194502,0.956898]]],"btipPosition":[6.65054,231.488,101.344],"carpPosition":[28.138,179.908,185.234],"dipPosition":[11.5288,227.088,122.988],"direction":[-0.217083,0.398607,-0.89106],"extended":true,"handId":35,"id":350,"length":50.369,"mcpPosition":[28.138,179.908,185.234],"pipPosition":[18.6822,213.953,152.35],"stabilizedTipPosition":[5.54258,230.239,111.042],"timeVisible":1.76907,"tipPosition":[6.67415,226.141,104.534],"tipVelocity":[11.3523,28.2167,-65.1437],"tool":false,"touchDistance":0.605364,"touchZone":"hovering","type":0,"width":20.1816},{"bases":[[[0.325609,-0.850441,-0.413193],[0.945139,0.280608,0.167247],[-0.0262889,-0.444982,0.895153]],[[0.313087,-0.924211,-0.218658],[0.883582,0.19904,0.423871],[-0.348224,-0.325911,0.878932]],[[0.313087,-0.924211,-0.218658],[0.923532,0.242576,0.29706],[-0.221505,-0.294943,0.929486]],[[0.313087,-0.924211,-0.218658],[0.943647,0.276721,0.18154],[-0.107274,-0.263174,0.958766]]],"btipPosition":[73.5579,236.597,41.6079],"carpPosition":[50.2831,180.174,179.327],"dipPosition":[71.7866,232.251,57.4398],"direction":[0.221505,0.294943,-0.929486],"extended":true,"handId":35,"id":351,"length":56.8358,"mcpPosition":[52.1532,211.829,115.648],"pipPosition":[66.6122,225.361,79.1526],"stabilizedTipPosition":[70.815,235.547,46.3699],"timeVisible":1.76907,"tipPosition":[67.1328,232.173,44.1325],"tipVelocity":[75.5068,37.4721,-25.1216],"tool":false,"touchDistance":0.333333,"touchZone":"hovering","type":1,"width":19.2774},{"bases":[[[0.153138,-0.938034,-0.310873],[0.985774,0.122953,0.114597],[-0.0692728,-0.323999,0.943518]],[[0.142962,-0.971901,-0.187004],[0.946193,0.0787898,0.313865],[-0.290311,-0.221813,0.93087]],[[0.142962,-0.971901,-0.187004],[0.974961,0.105775,0.195611],[-0.170334,-0.210286,0.962687]],[[0.142962,-0.971901,-0.187004],[0.988968,0.132878,0.065459],[-0.0387711,-0.194299,0.980176]]],"btipPosition":[79.2716,212.371,22.9507],"carpPosition":[55.6889,170.872,174.226],"dipPosition":[78.5675,208.842,40.7526],"direction":[0.170334,0.210286,-0.962687],"extended":true,"handId":35,"id":352,"length":64.7599,"mcpPosition":[60.3622,192.73,110.574],"pipPosition":[73.8862,203.063,67.2101],"stabilizedTipPosition":[77.1494,211.848,27.562],"timeVisible":1.76907,"tipPosition":[73.1629,210.5,26.9646],"tipVelocity":[98.7144,18.4993,-18.4457],"tool":false,"touchDistance":0.333333,"touchZone":"hovering","type":2,"width":18.933},{"bases":[[[0.0665241,-0.98207,-0.176386],[0.991485,0.0452296,0.122112],[-0.111945,-0.183008,0.976717]],[[0.0670562,-0.981188,-0.181034],[0.975265,0.0261556,0.219484],[-0.21062,-0.191274,0.958673]],[[0.0670562,-0.981188,-0.181034],[0.99718,0.0597784,0.0453687],[-0.0336933,-0.183566,0.98243]],[[0.0670562,-0.981188,-0.181034],[0.993759,0.0818899,-0.0757412],[0.0891412,-0.174825,0.980556]]],"btipPosition":[73.5801,187.564,25.3366],"carpPosition":[58.4123,160.148,169.903],"dipPosition":[75.1898,184.407,43.043],"direction":[0.0336933,0.183566,-0.98243],"extended":true,"handId":35,"id":353,"length":62.2683,"mcpPosition":[65.1928,171.233,110.743],"pipPosition":[74.2877,179.492,69.3458],"stabilizedTipPosition":[71.8492,187.465,29.9086],"timeVisible":1.76907,"tipPosition":[68.7642,186.153,30.2959],"tipVelocity":[100.254,1.69639,-20.4847],"tool":false,"touchDistance":0.333333,"touchZone":"hovering","type":3,"width":18.0159},{"bases":[[[-0.111622,-0.990534,-0.0798922],[0.975951,-0.124416,0.178999],[-0.187244,-0.0579906,0.9806]],[[-0.105681,-0.988222,-0.110676],[0.975757,-0.124506,0.179992],[-0.191652,-0.088971,0.977422]],[[-0.105681,-0.988222,-0.110676],[0.994357,-0.106052,-0.00254675],[-0.00922067,-0.110321,0.993853]],[[-0.105681,-0.988222,-0.110676],[0.985302,-0.0890426,-0.145778],[0.134206,-0.124455,0.983107]]],"btipPosition":[69.5454,157.756,43.2551],"carpPosition":[54.5588,147.305,166.803],"dipPosition":[71.7811,155.683,59.6326],"direction":[0.00922067,0.110321,-0.993853],"extended":true,"handId":35,"id":354,"length":48.8172,"mcpPosition":[65.0574,150.557,111.822],"pipPosition":[71.6068,153.597,78.4194],"stabilizedTipPosition":[68.1136,158.171,47.4204],"timeVisible":1.76907,"tipPosition":[65.7315,158.211,48.6889],"tipVelocity":[71.6981,-3.13347,-17.3152],"tool":false,"touchDistance":0.316691,"touchZone":"hovering","type":4,"width":16.0032}],"r":[[0.976273,0.0666202,-0.206042],[-0.134089,0.933116,-0.333637],[0.170034,0.353349,0.919909]],"s":1.41527,"t":[-57.4125,-11.7025,-53.1852],"timestamp":230315649791},{"currentFrameRate":57.6727,"devices":[],"gestures":[],"hands":[{"armBasis":[[0.280534,-0.871337,-0.402583],[0.948516,0.315909,-0.0227832],[0.147031,-0.375465,0.9151]],"armWidth":62.9279,"confidence":1,"direction":[0.223257,0.330481,-0.917027],"elbow":[84.5885,53.3682,435.831],"grabAngle":0.142143,"grabStrength":0,"id":35,"palmNormal":[-0.927542,-0.217229,-0.304102],"palmPosition":[52.586,182.016,130.193],"palmVelocity":[32.64,52.6209,-37.7018],"palmWidth":87.9831,"pinchDistance":70.7503,"pinchStrength":0,"r":[[0.977289,0.0686003,-0.200502],[-0.134696,0.931521,-0.337824],[0.163597,0.357159,0.919605]],"s":1.41965,"sphereCenter":[124.869,193.766,99.0692],"sphereRadius":83.4987,"stabilizedPalmPosition":[49.2888,180.009,132.345],"t":[-56.8463,-11.0143,-53.7293],"timeVisible":1.78636,"type":"right","wrist":[46.202,151.394,196.919]}],"id":31422,"interactionBox":{"center":[0,200,0],"size":[235.247,235.247,147.751]},"pointables":[{"bases":[[[0.993783,-0.110808,-0.010778],[0.0864797,0.707355,0.701548],[-0.0701134,-0.698119,0.71254]],[[0.976093,0.080788,-0.20178],[0.0857504,0.709917,0.699046],[0.199721,-0.699637,0.686017]],[[0.976093,0.080788,-0.20178],[0.00789364,0.914567,0.404357],[0.217208,-0.396283,0.892065]],[[0.976093,0.080788,-0.20178],[-0.0383038,0.977763,0.206183],[0.21395,-0.193525,0.957483]]],"btipPosition":[6.68846,232.06,100.25],"carpPosition":[28.3254,180.854,184.416],"dipPosition":[11.5278,227.683,121.907],"direction":[-0.217208,0.396283,-0.892065],"extended":true,"handId":35,"id":350,"length":50.369,"mcpPosition":[28.3254,180.854,184.416],"pipPosition":[18.6853,214.624,151.303],"stabilizedTipPosition":[5.55711,230.244,111.004],"timeVisible":1.78636,"tipPosition":[7.20998,226.864,103.483],"tipVelocity":[1.67488,33.3817,-63.0857],"tool":false,"touchDistance":0.587185,"touchZone":"hovering","type":0,"width":20.1816},{"bases":[[[0.332935,-0.849946,-0.408344],[0.942463,0.28603,0.173063],[-0.030296,-0.442468,0.896272]],[[0.319674,-0.922549,-0.21613],[0.878204,0.202832,0.433148],[-0.355762,-0.328272,0.875026]],[[0.319674,-0.922549,-0.21613],[0.919241,0.246636,0.306866],[-0.229793,-0.296772,0.926888]],[[0.319674,-0.922549,-0.21613],[0.940696,0.281661,0.189096],[-0.113575,-0.263761,0.957878]]],"btipPosition":[74.6805,237.613,41.1031],"carpPosition":[50.51,181.218,178.665],"dipPosition":[72.8051,233.257,56.9203],"direction":[0.229793,0.296772,-0.926888],"extended":true,"handId":35,"id":351,"length":56.8358,"mcpPosition":[52.6652,212.694,114.905],"pipPosition":[67.4371,226.325,78.5724],"stabilizedTipPosition":[71.7014,235.821,45.9495],"timeVisible":1.78636,"tipPosition":[68.1903,232.992,43.4679],"tipVelocity":[63.5435,58.6061,-29.392],"tool":false,"touchDistance":0.333333,"touchZone":"hovering","type":1,"width":19.2774},{"bases":[[[0.160204,-0.938135,-0.30698],[0.984288,0.128435,0.121172],[-0.0742487,-0.321569,0.943971]],[[0.149317,-0.971716,-0.182952],[0.941489,0.0831765,0.326621],[-0.302165,-0.221018,0.92728]],[[0.149317,-0.971716,-0.182952],[0.972435,0.110799,0.205166],[-0.179093,-0.208544,0.961476]],[[0.149317,-0.971716,-0.182952],[0.987896,0.138744,0.0693592],[-0.0420138,-0.191094,0.980672]]],"btipPosition":[80.7702,213.121,22.515],"carpPosition":[56,171.93,173.629],"dipPosition":[80.0071,209.651,40.3259],"direction":[0.179093,0.208544,-0.961475],"extended":true,"handId":35,"id":352,"length":64.7599,"mcpPosition":[61.009,193.623,109.947],"pipPosition":[75.0851,203.919,66.7501],"stabilizedTipPosition":[78.4565,212.028,27.2014],"timeVisible":1.78636,"tipPosition":[74.4578,211.24,26.3825],"tipVelocity":[85.8888,44.1609,-25.0812],"tool":false,"touchDistance":0.333333,"touchZone":"hovering","type":2,"width":18.933},{"bases":[[[0.0728724,-0.982226,-0.172976],[0.99035,0.0507645,0.12896],[-0.117887,-0.180705,0.976447]],[[0.0731564,-0.981788,-0.17533],[0.972082,0.0308949,0.2326],[-0.222947,-0.187451,0.956638]],[[0.0731564,-0.981788,-0.17533],[0.996339,0.0641475,0.0565184],[-0.0442421,-0.178823,0.982886]],[[0.0731564,-0.981788,-0.17533],[0.993882,0.0863542,-0.0688569],[0.0827433,-0.16922,0.982099]]],"btipPosition":[75.2675,188.09,24.8554],"carpPosition":[58.8095,161.207,169.357],"dipPosition":[76.7616,185.034,42.5897],"direction":[0.0442421,0.178823,-0.982886],"extended":true,"handId":35,"id":353,"length":62.2683,"mcpPosition":[65.9499,172.152,110.214],"pipPosition":[75.5771,180.247,68.9047],"stabilizedTipPosition":[73.2214,187.437,29.5532],"timeVisible":1.78636,"tipPosition":[70.1752,186.869,29.726],"tipVelocity":[96.0563,31.7757,-27.4582],"tool":false,"touchDistance":0.333333,"touchZone":"hovering","type":3,"width":18.0159},{"bases":[[[-0.105904,-0.991335,-0.0777148],[0.975296,-0.118791,0.186243],[-0.193861,-0.0560711,0.979425]],[[-0.100771,-0.989518,-0.103439],[0.974525,-0.119109,0.190035],[-0.200363,-0.0816544,0.976313]],[[-0.100771,-0.989518,-0.103439],[0.994773,-0.101936,0.00602924],[-0.0165102,-0.102291,0.994617]],[[-0.100771,-0.989518,-0.103439],[0.986245,-0.0856605,-0.141358],[0.131016,-0.116261,0.98454]]],"btipPosition":[70.891,158.14,42.7866],"carpPosition":[55.0448,148.335,166.269],"dipPosition":[73.0736,156.203,59.1879],"direction":[0.0165102,0.102291,-0.994617],"extended":true,"handId":35,"id":354,"length":48.8172,"mcpPosition":[65.9144,151.479,111.353],"pipPosition":[72.7615,154.27,77.9892],"stabilizedTipPosition":[69.0166,158.039,47.1832],"timeVisible":1.78636,"tipPosition":[67.0942,158.921,48.1673],"tipVelocity":[77.1205,24.0201,-26.7807],"tool":false,"touchDistance":0.308973,"touchZone":"hovering","type":4,"width":16.0032}],"r":[[0.977289,0.0686003,-0.200502],[-0.134696,0.931521,-0.337824],[0.163597,0.357159,0.919605]],"s":1.41965,"t":[-56.8463,-11.0143,-53.7293],"timestamp":230315667081},{"currentFrameRate":57.6523,"devices":[],"gestures":[],"hands":[{"armBasis":[[0.283928,-0.869391,-0.404406],[0.947792,0.318328,-0.0189084],[0.145173,-0.377924,0.914384]],"armWidth":62.9279,"confidence":1,"direction":[0.230033,0.329105,-0.915847],"elbow":[84.2454,53.8206,434.802],"grabAngle":0.134741,"grabStrength":0,"id":35,"palmNormal":[-0.924679,-0.219482,-0.311121],"palmPosition":[53.159,183.045,129.362],"palmVelocity":[32.9011,59.0617,-47.7089],"palmWidth":87.9831,"pinchDistance":71.1047,"pinchStrength":0,"r":[[0.978362,0.0704759,-0.194527],[-0.134946,0.930052,-0.34175],[0.156835,0.360606,0.919438]],"s":1.42428,"sphereCenter":[128.641,197.264,99.9573],"sphereRadius":85.9173,"stabilizedPalmPosition":[49.5031,180.177,132.18],"t":[-56.2768,-10.156,-54.4168],"timeVisible":1.80377,"type":"right","wrist":[46.3441,152.488,196.077]}],"id":31423,"interactionBox":{"center":[0,200,0],"size":[235.247,235.247,147.751]},"pointables":[{"bases":[[[0.994033,-0.109045,-0.0025763],[0.0795788,0.708866,0.700839],[-0.0745968,-0.696863,0.713314]],[[0.976636,0.0853507,-0.197223],[0.0785389,0.7125,0.697262],[0.200033,-0.696461,0.68915]],[[0.976636,0.0853507,-0.197223],[0.00190756,0.914268,0.405106],[0.214891,-0.396018,0.892744]],[[0.976636,0.0853507,-0.197223],[-0.0433609,0.977136,0.208147],[0.210479,-0.194732,0.958007]]],"btipPosition":[6.96816,233.015,99.0392],"carpPosition":[28.4654,181.944,183.39],"dipPosition":[11.729,228.61,120.708],"direction":[-0.214891,0.396018,-0.892744],"extended":true,"handId":35,"id":350,"length":50.369,"mcpPosition":[28.4654,181.944,183.39],"pipPosition":[18.8102,215.561,150.126],"stabilizedTipPosition":[5.57415,230.256,110.957],"timeVisible":1.80377,"tipPosition":[7.92343,227.879,102.252],"tipVelocity":[15.0259,54.4943,-69.3737],"tool":false,"touchDistance":0.567052,"touchZone":"hovering","type":0,"width":20.1816},{"bases":[[[0.337719,-0.850137,-0.403997],[0.940531,0.288055,0.180072],[-0.0367125,-0.440785,0.896861]],[[0.323189,-0.922027,-0.213107],[0.8732,0.203747,0.442729],[-0.364789,-0.329171,0.870963]],[[0.323189,-0.922027,-0.213107],[0.914949,0.24693,0.319209],[-0.241696,-0.298147,0.923413]],[[0.323189,-0.922027,-0.213107],[0.937739,0.281746,0.203135],[-0.127254,-0.26549,0.955678]]],"btipPosition":[76.2005,238.709,40.4999],"carpPosition":[50.6947,182.336,177.817],"dipPosition":[74.0992,234.325,56.2808],"direction":[0.241696,0.298147,-0.923413],"extended":true,"handId":35,"id":351,"length":56.8358,"mcpPosition":[53.3064,213.693,114.016],"pipPosition":[68.4531,227.361,77.8517],"stabilizedTipPosition":[72.7613,236.317,45.4691],"timeVisible":1.80377,"tipPosition":[69.5305,233.978,42.7032],"tipVelocity":[84.3047,62.6146,-35.1208],"tool":false,"touchDistance":0.333333,"touchZone":"hovering","type":1,"width":19.2774},{"bases":[[[0.164335,-0.938439,-0.303852],[0.983052,0.130435,0.128826],[-0.0812623,-0.319873,0.943969]],[[0.152512,-0.971797,-0.179862],[0.9368,0.0841682,0.33959],[-0.314874,-0.220286,0.923216]],[[0.152512,-0.971797,-0.179862],[0.969546,0.111832,0.217886],[-0.191627,-0.207615,0.959258]],[[0.152512,-0.971797,-0.179862],[0.986884,0.140008,0.0803537],[-0.0529054,-0.189758,0.980405]]],"btipPosition":[82.6192,214.042,21.985],"carpPosition":[56.2415,173.048,172.844],"dipPosition":[81.6584,210.595,39.7911],"direction":[0.191627,0.207615,-0.959258],"extended":true,"handId":35,"id":352,"length":64.7599,"mcpPosition":[61.7237,194.628,109.162],"pipPosition":[76.3919,204.89,66.1543],"stabilizedTipPosition":[79.942,212.488,26.7789],"timeVisible":1.80377,"tipPosition":[76.0154,212.142,25.6865],"tipVelocity":[103.574,53.179,-30.4974],"tool":false,"touchDistance":0.333333,"touchZone":"hovering","type":2,"width":18.933},{"bases":[[[0.076008,-0.982427,-0.170469],[0.989189,0.0527914,0.136814],[-0.12541,-0.179025,0.975819]],[[0.0761846,-0.982174,-0.171844],[0.968149,0.0316417,0.248367],[-0.238503,-0.185292,0.953301]],[[0.0761846,-0.982174,-0.171844],[0.995181,0.0642306,0.0740897],[-0.0617313,-0.17666,0.982334]],[[0.0761846,-0.982174,-0.171844],[0.994844,0.0864471,-0.0530384],[0.0669484,-0.166917,0.983695]]],"btipPosition":[77.4433,188.911,24.282],"carpPosition":[59.1044,162.322,168.616],"dipPosition":[78.6522,185.897,42.0451],"direction":[0.0617313,0.17666,-0.982334],"extended":true,"handId":35,"id":353,"length":62.2683,"mcpPosition":[66.7005,173.166,109.51],"pipPosition":[76.9994,181.167,68.3454],"stabilizedTipPosition":[74.8926,187.727,29.1129],"timeVisible":1.80377,"tipPosition":[71.8396,187.758,28.9991],"tipVelocity":[121.183,47.7015,-32.5493],"tool":false,"touchDistance":0.333333,"touchZone":"hovering","type":3,"width":18.0159},{"bases":[[[-0.103512,-0.991672,-0.0766293],[0.973977,-0.11668,0.194305],[-0.201627,-0.0545223,0.977944]],[[-0.0986292,-0.990072,-0.100146],[0.971611,-0.117557,0.20531],[-0.215044,-0.0770536,0.97356]],[[-0.0986292,-0.990072,-0.100146],[0.994459,-0.101741,0.0264473],[-0.0363738,-0.0969828,0.994621]],[[-0.0986292,-0.990072,-0.100146],[0.988693,-0.086071,-0.122795],[0.112956,-0.111125,0.987366]]],"btipPosition":[72.8473,158.813,42.1701],"carpPosition":[55.3875,149.438,165.522],"dipPosition":[74.729,156.962,58.6185],"direction":[0.0363738,0.0969828,-0.994621],"extended":true,"handId":35,"id":354,"length":48.8172,"mcpPosition":[66.6926,152.495,110.69],"pipPosition":[74.0414,155.128,77.4199],"stabilizedTipPosition":[70.2078,158.137,46.8395],"timeVisible":1.80377,"tipPosition":[68.5682,159.759,47.4376],"tipVelocity":[108.371,39.7709,-34.7838],"tool":false,"touchDistance":0.299226,"touchZone":"hovering","type":4,"width":16.0032}],"r":[[0.978362,0.0704759,-0.194527],[-0.134946,0.930052,-0.34175],[0.156835,0.360606,0.919438]],"s":1.42428,"t":[-56.2768,-10.156,-54.4168],"timestamp":230315684494},{"currentFrameRate":57.6709,"devices":[],"gestures":[],"hands":[{"armBasis":[[0.278917,-0.867132,-0.41266],[0.9499,0.312236,-0.0140712],[0.141049,-0.388061,0.910777]],"armWidth":62.9279,"confidence":1,"direction":[0.237132,0.326549,-0.91495],"elbow":[83.1631,52.152,432.407],"grabAngle":0.122829,"grabStrength":0,"id":35,"palmNormal":[-0.924352,-0.213933,-0.315922],"palmPosition":[53.6783,184.013,127.954],"palmVelocity":[30.0601,56.0292,-81.4592],"palmWidth":87.9831,"pinchDistance":71.5795,"pinchStrength":0,"r":[[0.979488,0.0706978,-0.188691],[-0.13356,0.92896,-0.345247],[0.150878,0.363367,0.919348]],"s":1.43002,"sphereCenter":[133.247,200.555,100.425],"sphereRadius":89.1423,"stabilizedPalmPosition":[49.6737,180.333,132.007],"t":[-55.7324,-9.24279,-55.4642],"timeVisible":1.82105,"type":"right","wrist":[46.3384,153.466,194.624]}],"id":31424,"interactionBox":{"center":[0,200,0],"size":[235.247,235.247,147.751]},"pointables":[{"bases":[[[0.993315,-0.1154,0.0029844],[0.0802841,0.709168,0.700454],[-0.0829486,-0.695531,0.713692]],[[0.977215,0.0825221,-0.195554],[0.0791075,0.713343,0.696336],[0.196961,-0.69594,0.690561]],[[0.977215,0.0825221,-0.195554],[0.00487015,0.912366,0.409347],[0.212197,-0.400972,0.891175]],[[0.977215,0.0825221,-0.195554],[-0.0389451,0.975396,0.216994],[0.20865,-0.204434,0.956385]]],"btipPosition":[7.46477,234.562,97.5174],"carpPosition":[28.6835,183.133,181.848],"dipPosition":[12.1842,229.938,119.15],"direction":[-0.212197,0.400972,-0.891175],"extended":true,"handId":35,"id":350,"length":50.369,"mcpPosition":[28.6835,183.133,181.848],"pipPosition":[19.1766,216.725,148.516],"stabilizedTipPosition":[5.60206,230.287,110.877],"timeVisible":1.82105,"tipPosition":[8.86689,229.27,100.62],"tipVelocity":[28.1913,86.6181,-88.5656],"tool":false,"touchDistance":0.541548,"touchZone":"hovering","type":0,"width":20.1816},{"bases":[[[0.334474,-0.852753,-0.401173],[0.941357,0.282249,0.184884],[-0.0444295,-0.439485,0.89715]],[[0.31852,-0.924145,-0.210952],[0.870365,0.196967,0.451297],[-0.375513,-0.327353,0.867081]],[[0.31852,-0.924145,-0.210952],[0.912294,0.238428,0.332976],[-0.257421,-0.29851,0.919036]],[[0.31852,-0.924145,-0.210952],[0.936519,0.272392,0.220761],[-0.146553,-0.267878,0.952241]]],"btipPosition":[78.1311,239.63,39.3786],"carpPosition":[50.945,183.377,176.396],"dipPosition":[75.7111,235.207,55.1027],"direction":[0.257421,0.29851,-0.919036],"extended":true,"handId":35,"id":351,"length":56.8358,"mcpPosition":[54.1057,214.641,112.574],"pipPosition":[69.6977,228.234,76.5714],"stabilizedTipPosition":[73.9623,236.89,44.8518],"timeVisible":1.82105,"tipPosition":[71.1072,234.887,41.3926],"tipVelocity":[107.495,52.7688,-65.6511],"tool":false,"touchDistance":0.333333,"touchZone":"hovering","type":1,"width":19.2774},{"bases":[[[0.159984,-0.939827,-0.301877],[0.983148,0.124301,0.134051],[-0.0884614,-0.318235,0.943875]],[[0.147068,-0.973327,-0.176083],[0.932794,0.077258,0.352031],[-0.329038,-0.216021,0.919276]],[[0.147068,-0.973327,-0.176083],[0.967166,0.104202,0.231801],[-0.20727,-0.204392,0.956694]],[[0.147068,-0.973327,-0.176083],[0.986914,0.132493,0.0919086],[-0.0661274,-0.187295,0.980075]]],"btipPosition":[84.6526,214.599,20.8715],"carpPosition":[56.4594,174.048,171.464],"dipPosition":[83.4516,211.197,38.6715],"direction":[0.20727,0.204392,-0.956694],"extended":true,"handId":35,"id":352,"length":64.7599,"mcpPosition":[62.4272,195.517,107.788],"pipPosition":[77.7552,205.58,64.9643],"stabilizedTipPosition":[81.4461,212.939,26.1638],"timeVisible":1.82105,"tipPosition":[77.6174,212.886,24.4001],"tipVelocity":[114.488,32.8508,-64.529],"tool":false,"touchDistance":0.333333,"touchZone":"hovering","type":2,"width":18.933},{"bases":[[[0.0706503,-0.983093,-0.168928],[0.988745,0.0466285,0.142161],[-0.131881,-0.17707,0.975322]],[[0.0703907,-0.98344,-0.167008],[0.964054,0.0240659,0.264616],[-0.256214,-0.179631,0.949783]],[[0.0703907,-0.98344,-0.167008],[0.99422,0.0555609,0.0918696],[-0.0810691,-0.17251,0.981666]],[[0.0703907,-0.98344,-0.167008],[0.996232,0.0778099,-0.0382964],[0.0506571,-0.163683,0.985211]]],"btipPosition":[79.5841,189.355,23.1026],"carpPosition":[59.2766,163.299,167.264],"dipPosition":[80.4988,186.4,40.8932],"direction":[0.0810691,0.17251,-0.981666],"extended":true,"handId":35,"id":353,"length":62.2683,"mcpPosition":[67.2646,174.024,108.189],"pipPosition":[78.3284,181.781,67.1755],"stabilizedTipPosition":[76.5325,188.044,28.4711],"timeVisible":1.82105,"tipPosition":[73.3722,188.5,27.6585],"tipVelocity":[119.989,26.4972,-67.8926],"tool":false,"touchDistance":0.333333,"touchZone":"hovering","type":3,"width":18.0159},{"bases":[[[-0.109435,-0.99108,-0.0760611],[0.972135,-0.122674,0.199761],[-0.20731,-0.0520807,0.976888]],[[-0.105544,-0.989934,-0.0942956],[0.967083,-0.12426,0.22206],[-0.231542,-0.0677546,0.970463]],[[-0.105544,-0.989934,-0.0942956],[0.992576,-0.110637,0.0505156],[-0.0604397,-0.088264,0.994262]],[[-0.105544,-0.989934,-0.0942956],[0.99038,-0.0961082,-0.0995548],[0.0894901,-0.103896,0.990554]]],"btipPosition":[74.6823,159.07,40.9314],"carpPosition":[55.4943,150.435,164.165],"dipPosition":[76.1731,157.339,57.4329],"direction":[0.0604397,0.088264,-0.994262],"extended":true,"handId":35,"id":354,"length":48.8172,"mcpPosition":[67.118,153.355,109.392],"pipPosition":[75.0306,155.671,76.2275],"stabilizedTipPosition":[71.348,158.263,46.3395],"timeVisible":1.82105,"tipPosition":[69.7547,160.41,46.0496],"tipVelocity":[101.002,16.4894,-70.986],"tool":false,"touchDistance":0.278784,"touchZone":"hovering","type":4,"width":16.0032}],"r":[[0.979488,0.0706978,-0.188691],[-0.13356,0.92896,-0.345247],[0.150878,0.363367,0.919348]],"s":1.43002,"t":[-55.7324,-9.24279,-55.4642],"timestamp":230315701772},{"currentFrameRate":57.672,"devices":[],"gestures":[],"hands":[{"armBasis":[[0.278803,-0.861709,-0.423942],[0.951474,0.307729,0.000238209],[0.130254,-0.403436,0.905689]],"armWidth":62.9279,"confidence":1,"direction":[0.246859,0.325591,-0.912716],"elbow":[80.1281,49.1954,429.267],"grabAngle":0.112647,"grabStrength":0,"id":35,"palmNormal":[-0.922042,-0.210876,-0.324607],"palmPosition":[54.2034,185.196,126.276],"palmVelocity":[30.2861,68.2346,-96.8328],"palmWidth":87.9831,"pinchDistance":72.0944,"pinchStrength":0,"r":[[0.980756,0.0702242,-0.182168],[-0.131154,0.928159,-0.348311],[0.144621,0.3655,0.919508]],"s":1.43649,"sphereCenter":[137.415,204.516,101.032],"sphereRadius":92.122,"stabilizedPalmPosition":[49.8213,180.492,131.821],"t":[-55.1976,-8.19474,-56.8273],"timeVisible":1.83839,"type":"right","wrist":[46.1218,154.523,192.812]}],"id":31425,"interactionBox":{"center":[0,200,0],"size":[235.247,235.247,147.751]},"pointables":[{"bases":[[[0.992848,-0.118741,0.012381],[0.0760527,0.709015,0.701081],[-0.0920251,-0.695125,0.712975]],[[0.978356,0.0826428,-0.189709],[0.0751709,0.712214,0.697926],[0.192792,-0.697081,0.690586]],[[0.978356,0.0826428,-0.189709],[0.00385922,0.90934,0.416037],[0.206893,-0.407764,0.889339]],[[0.978356,0.0826428,-0.189709],[-0.0378931,0.972836,0.228375],[0.20343,-0.216243,0.954911]]],"btipPosition":[7.97325,236.384,95.693],"carpPosition":[28.6979,184.41,179.931],"dipPosition":[12.5746,231.493,117.292],"direction":[-0.206893,0.407764,-0.889339],"extended":true,"handId":35,"id":350,"length":50.369,"mcpPosition":[28.6979,184.41,179.931],"pipPosition":[19.3922,218.056,146.598],"stabilizedTipPosition":[5.6451,230.349,110.749],"timeVisible":1.83839,"tipPosition":[9.7706,230.804,98.6078],"tipVelocity":[27.7645,101.576,-105.678],"tool":false,"touchDistance":0.511014,"touchZone":"hovering","type":0,"width":20.1816},{"bases":[[[0.335375,-0.853943,-0.397876],[0.940514,0.279112,0.193726],[-0.0543785,-0.439178,0.896753]],[[0.317552,-0.924892,-0.209128],[0.864678,0.191913,0.464221],[-0.38922,-0.328243,0.860677]],[[0.317552,-0.924892,-0.209128],[0.906821,0.231734,0.3521],[-0.277193,-0.301452,0.9123]],[[0.317552,-0.924892,-0.209128],[0.93284,0.265116,0.243973],[-0.170206,-0.272557,0.946965]]],"btipPosition":[80.326,240.992,38.2107],"carpPosition":[51.0106,184.578,174.69],"dipPosition":[77.5154,236.491,53.8477],"direction":[0.277193,0.301452,-0.9123],"extended":true,"handId":35,"id":351,"length":56.8358,"mcpPosition":[54.879,215.82,110.896],"pipPosition":[71.0402,229.449,75.1591],"stabilizedTipPosition":[75.4411,237.683,44.0643],"timeVisible":1.83839,"tipPosition":[72.9385,236.175,39.9623],"tipVelocity":[121.428,77.5176,-68.5234],"tool":false,"touchDistance":0.333333,"touchZone":"hovering","type":1,"width":19.2774},{"bases":[[[0.159663,-0.940413,-0.30022],[0.982251,0.121015,0.143312],[-0.0984412,-0.317773,0.943043]],[[0.145337,-0.974024,-0.173649],[0.926841,0.0726253,0.368363],[-0.346183,-0.214482,0.913321]],[[0.145337,-0.974024,-0.173649],[0.96344,0.0994011,0.248804],[-0.22508,-0.203461,0.95286]],[[0.145337,-0.974024,-0.173649],[0.986045,0.128195,0.106214],[-0.0811943,-0.186662,0.979063]]],"btipPosition":[86.9682,215.64,19.6758],"carpPosition":[56.5399,175.229,169.811],"dipPosition":[85.4935,212.25,37.4575],"direction":[0.22508,0.203461,-0.95286],"extended":true,"handId":35,"id":352,"length":64.7599,"mcpPosition":[63.1809,196.667,106.191],"pipPosition":[79.3076,206.658,63.645],"stabilizedTipPosition":[83.1669,213.577,25.3676],"timeVisible":1.83839,"tipPosition":[79.5422,214.01,22.984],"tipVelocity":[129.94,60.208,-69.2114],"tool":false,"touchDistance":0.333333,"touchZone":"hovering","type":2,"width":18.933},{"bases":[[[0.0689328,-0.983354,-0.168115],[0.987509,0.043326,0.151485],[-0.14168,-0.176457,0.974058]],[[0.0683507,-0.98407,-0.164115],[0.958483,0.0191256,0.284508],[-0.276837,-0.176748,0.944522]],[[0.0683507,-0.98407,-0.164115],[0.992466,0.0503027,0.111716],[-0.101681,-0.170515,0.980095]],[[0.0683507,-0.98407,-0.164115],[0.99707,0.0730435,-0.0227253],[0.0343508,-0.162081,0.986179]]],"btipPosition":[81.9983,190.282,21.8063],"carpPosition":[59.3605,164.47,165.639],"dipPosition":[82.6186,187.356,39.6143],"direction":[0.101681,0.170515,-0.980095],"extended":true,"handId":35,"id":353,"length":62.2683,"mcpPosition":[67.942,175.158,106.641],"pipPosition":[79.8963,182.79,65.8546],"stabilizedTipPosition":[78.3588,188.554,27.6345],"timeVisible":1.83839,"tipPosition":[75.2659,189.6,26.1547],"tipVelocity":[135.353,53.8547,-74.5459],"tool":false,"touchDistance":0.312336,"touchZone":"hovering","type":3,"width":18.0159},{"bases":[[[-0.112048,-0.990719,-0.0769514],[0.969787,-0.12591,0.20895],[-0.2167,-0.0512141,0.974894]],[[-0.108747,-0.989828,-0.091733],[0.961545,-0.128152,0.242914],[-0.252199,-0.0617892,0.965701]],[[-0.108747,-0.989828,-0.091733],[0.990306,-0.115895,0.076563],[-0.0864156,-0.0825177,0.992836]],[[-0.108747,-0.989828,-0.091733],[0.991863,-0.101898,-0.0763162],[0.0661925,-0.0992857,0.992855]]],"btipPosition":[76.8638,159.815,39.5361],"carpPosition":[55.5643,151.618,162.506],"dipPosition":[77.9665,158.161,56.076],"direction":[0.0864156,0.0825177,-0.992836],"extended":true,"handId":35,"id":354,"length":48.8172,"mcpPosition":[67.7144,154.49,107.845],"pipPosition":[76.333,156.602,74.8436],"stabilizedTipPosition":[72.6422,158.526,45.6667],"timeVisible":1.83839,"tipPosition":[71.3373,161.401,44.4592],"tipVelocity":[120.688,44.0149,-79.9753],"tool":false,"touchDistance":0.255718,"touchZone":"hovering","type":4,"width":16.0032}],"r":[[0.980756,0.0702242,-0.182168],[-0.131154,0.928159,-0.348311],[0.144621,0.3655,0.919508]],"s":1.43649,"t":[-55.1976,-8.19474,-56.8273],"timestamp":230315719108},{"currentFrameRate":57.6751,"devices":[],"gestures":[],"hands":[{"armBasis":[[0.28533,-0.852784,-0.437431],[0.951055,0.308434,0.0190586],[0.118665,-0.421459,0.89905]],"armWidth":62.9279,"confidence":1,"direction":[0.258226,0.329285,-0.908235],"elbow":[76.7995,45.5956,425.336],"grabAngle":0.106869,"grabStrength":0,"id":35,"palmNormal":[-0.917212,-0.211668,-0.337519],"palmPosition":[54.7201,186.713,124.365],"palmVelocity":[29.8177,87.5826,-110.272],"palmWidth":87.9831,"pinchDistance":72.675,"pinchStrength":0,"r":[[0.982174,0.0703935,-0.174293],[-0.128679,0.9277,-0.350448],[0.137023,0.366629,0.920222]],"s":1.44336,"sphereCenter":[140.062,208.766,101.464],"sphereRadius":93.9425,"stabilizedPalmPosition":[49.9664,180.676,131.6],"t":[-54.6719,-6.91189,-58.4642],"timeVisible":1.85572,"type":"right","wrist":[45.8186,155.629,190.615]}],"id":31426,"interactionBox":{"center":[0,200,0],"size":[235.247,235.247,147.751]},"pointables":[{"bases":[[[0.992848,-0.116711,0.0251208],[0.0652518,0.706724,0.704474],[-0.099973,-0.697797,0.709285]],[[0.979575,0.0891944,-0.180212],[0.0647629,0.708524,0.702708],[0.190362,-0.700027,0.688277]],[[0.979575,0.0891944,-0.180212],[-0.00394846,0.904593,0.426258],[0.201038,-0.41684,0.886469]],[[0.979575,0.0891944,-0.180212],[-0.0432903,0.968766,0.24417],[0.196362,-0.231381,0.95284]]],"btipPosition":[8.25362,238.445,93.6895],"carpPosition":[28.5082,185.687,177.675],"dipPosition":[12.6951,233.212,115.242],"direction":[-0.201038,0.41684,-0.886469],"extended":true,"handId":35,"id":350,"length":50.369,"mcpPosition":[28.5082,185.687,177.675],"pipPosition":[19.3198,219.476,144.453],"stabilizedTipPosition":[5.70401,230.461,110.553],"timeVisible":1.85572,"tipPosition":[10.4974,232.565,96.3851],"tipVelocity":[14.0584,114.396,-116.245],"tool":false,"touchDistance":0.477442,"touchZone":"hovering","type":0,"width":20.1816},{"bases":[[[0.342434,-0.851849,-0.396349],[0.937269,0.280398,0.207131],[-0.0653089,-0.442414,0.89443]],[[0.322433,-0.923161,-0.209308],[0.855727,0.189736,0.481384],[-0.404682,-0.334325,0.851152]],[[0.322433,-0.923161,-0.209308],[0.898324,0.22871,0.375109],[-0.298415,-0.308974,0.903041]],[[0.322433,-0.923161,-0.209308],[0.926715,0.262773,0.268607],[-0.192967,-0.280577,0.940234]]],"btipPosition":[82.4945,243.125,37.1392],"carpPosition":[50.888,185.92,172.73],"dipPosition":[79.3081,238.492,52.665],"direction":[0.298415,0.308974,-0.903041],"extended":true,"handId":35,"id":351,"length":56.8358,"mcpPosition":[55.5339,217.392,109.102],"pipPosition":[72.3371,231.274,73.7601],"stabilizedTipPosition":[77.2844,238.96,43.0861],"timeVisible":1.85572,"tipPosition":[74.8033,238.207,38.5807],"tipVelocity":[120.158,121.342,-63.3158],"tool":false,"touchDistance":0.333333,"touchZone":"hovering","type":1,"width":19.2774},{"bases":[[[0.165629,-0.939025,-0.301329],[0.980007,0.122565,0.156728],[-0.110239,-0.321263,0.940552]],[[0.149589,-0.973273,-0.174247],[0.918841,0.0717498,0.38805],[-0.365176,-0.218153,0.905017]],[[0.149589,-0.973273,-0.174247],[0.958119,0.0991621,0.268655],[-0.244196,-0.207137,0.947345]],[[0.149589,-0.973273,-0.174247],[0.984067,0.129422,0.121914],[-0.0961041,-0.189707,0.977126]]],"btipPosition":[89.4064,217.574,18.4991],"carpPosition":[56.5012,176.6,167.893],"dipPosition":[87.661,214.128,36.2456],"direction":[0.244196,0.207137,-0.947345],"extended":true,"handId":35,"id":352,"length":64.7599,"mcpPosition":[63.9382,198.273,104.441],"pipPosition":[80.9498,208.436,62.2815],"stabilizedTipPosition":[85.2532,214.722,24.3717],"timeVisible":1.85572,"tipPosition":[81.6579,215.973,21.5592],"tipVelocity":[137.118,110.858,-68.3752],"tool":false,"touchDistance":0.333333,"touchZone":"hovering","type":2,"width":18.933},{"bases":[[[0.07325,-0.982616,-0.170586],[0.985323,0.0448588,0.164702],[-0.154187,-0.180147,0.97148]],[[0.0723398,-0.983661,-0.164857],[0.951365,0.0184267,0.307515],[-0.299453,-0.179085,0.937154]],[[0.0723398,-0.983661,-0.164857],[0.989866,0.0505558,0.132703],[-0.1222,-0.172786,0.97735]],[[0.0723398,-0.983661,-0.164857],[0.997161,0.0747956,-0.00872904],[0.020917,-0.163757,0.986279]]],"btipPosition":[84.5636,192.089,20.4345],"carpPosition":[59.3997,165.861,163.721],"dipPosition":[84.9414,189.132,38.2443],"direction":[0.1222,0.172786,-0.97735],"extended":true,"handId":35,"id":353,"length":62.2683,"mcpPosition":[68.7388,176.773,104.879],"pipPosition":[81.6697,184.506,64.4111],"stabilizedTipPosition":[80.5357,189.542,26.5607],"timeVisible":1.85572,"tipPosition":[77.438,191.506,24.5467],"tipVelocity":[144.826,103.87,-79.1427],"tool":false,"touchDistance":0.292097,"touchZone":"hovering","type":3,"width":18.0159},{"bases":[[[-0.108905,-0.990676,-0.0818545],[0.967202,-0.124613,0.221341],[-0.229478,-0.0550646,0.971755]],[[-0.106067,-0.989922,-0.0938302],[0.955432,-0.127605,0.266208],[-0.275499,-0.0614123,0.959338]],[[-0.106067,-0.989922,-0.0938302],[0.988,-0.115573,0.10246],[-0.112272,-0.0818365,0.990302]],[[-0.106067,-0.989922,-0.0938302],[0.99332,-0.101171,-0.0554962],[0.045444,-0.0990897,0.99404]]],"btipPosition":[79.3195,161.397,37.9454],"carpPosition":[55.6728,153.013,160.494],"dipPosition":[80.0765,159.746,54.505],"direction":[0.112272,0.0818365,-0.990302],"extended":true,"handId":35,"id":354,"length":48.8172,"mcpPosition":[68.5394,156.1,106.009],"pipPosition":[77.9542,158.199,73.2247],"stabilizedTipPosition":[74.2779,159.121,44.7326],"timeVisible":1.85572,"tipPosition":[73.3058,163.131,42.6542],"tipVelocity":[137.126,91.3012,-91.5362],"tool":false,"touchDistance":0.233129,"touchZone":"hovering","type":4,"width":16.0032}],"r":[[0.982174,0.0703935,-0.174293],[-0.128679,0.9277,-0.350448],[0.137023,0.366629,0.920222]],"s":1.44336,"t":[-54.6719,-6.91189,-58.4642],"timestamp":230315736436},{"curre