{"frames":193,"data":[{"currentFrameRate":113.76,"devices":[],"gestures":[],"hands":[{"armBasis":[[0.156192,-0.668711,-0.726932],[0.860908,0.452943,-0.231688],[0.484191,-0.589634,0.646445]],"armWidth":64.7745,"confidence":1,"direction":[0.295634,0.854461,-0.427196],"elbow":[126.024,5.71498,294.92],"grabAngle":0.952254,"grabStrength":0,"id":414,"palmNormal":[-0.955278,0.267536,-0.125969],"palmPosition":[3.57178,235.395,88.4853],"palmVelocity":[-11.275,191.592,616.876],"palmWidth":92.0105,"pinchDistance":62.1905,"pinchStrength":0,"r":[[0.979924,-0.0108426,0.199074],[0.0164978,0.999505,-0.0267709],[-0.198685,0.0295178,0.979619]],"s":0.978688,"sphereCenter":[-85.3329,267,64.8534],"sphereRadius":95.0928,"stabilizedPalmPosition":[-0.103825,222.966,37.2045],"t":[-33.6432,16.1451,-29.7765],"timeVisible":4.83015,"type":"right","wrist":[-6.17341,166.702,118.422]}],"id":934882,"interactionBox":{"center":[0,200,0],"size":[235.247,235.247,147.751]},"pointables":[{"bases":[[[0.909437,-0.251758,-0.330973],[0.317194,-0.0947111,0.943619],[-0.268911,-0.963145,-0.00627738]],[[0.948187,0.0506847,-0.313642],[0.317129,-0.0912398,0.943983],[0.0192289,-0.994538,-0.102586]],[[0.948187,0.0506847,-0.313642],[0.311048,0.0530329,0.948913],[0.0647288,-0.997306,0.0345198]],[[0.948187,0.0506847,-0.313642],[0.301334,0.169395,0.938351],[0.10069,-0.984244,0.145345]]],"btipPosition":[-25.1026,302.365,132.12],"carpPosition":[-19.7135,196.938,131.375],"dipPosition":[-22.821,280.062,135.413],"direction":[-0.0647288,0.997306,-0.0345198],"extended":true,"handId":414,"id":4140,"length":50.4599,"mcpPosition":[-19.7135,196.938,131.375],"pipPosition":[-20.6842,247.14,136.553],"stabilizedTipPosition":[-20.048,286.914,44.8597],"timeVisible":4.83015,"tipPosition":[-20.8801,296.576,131.12],"tipVelocity":[-109.943,51.7406,760.221],"tool":false,"touchDistance":1,"touchZone":"none","type":0,"width":20.6325},{"bases":[[[0.0430771,-0.295544,-0.954357],[0.988107,-0.128532,0.0844042],[-0.147611,-0.946643,0.286493]],[[0.0377583,-0.329287,-0.943475],[0.981207,0.191004,-0.0273948],[0.189228,-0.92471,0.330311]],[[0.0377583,-0.329287,-0.943475],[0.866362,0.481296,-0.133307],[0.497987,-0.812357,0.303455]],[[0.0377583,-0.329287,-0.943475],[0.730466,0.653373,-0.198803],[0.681904,-0.68167,0.265203]]],"btipPosition":[-17.5047,336.439,75.3986],"carpPosition":[2.31945,197.262,121.941],"dipPosition":[-6.22431,325.163,79.7858],"direction":[-0.497987,0.812357,-0.303455],"extended":true,"handId":414,"id":4141,"length":56.9383,"mcpPosition":[13.3009,267.687,100.627],"pipPosition":[5.42964,306.152,86.8873],"stabilizedTipPosition":[-12.2686,325.132,18.3206],"timeVisible":4.83015,"tipPosition":[-6.96205,337.213,76.011],"tipVelocity":[-129.373,139.011,885.501],"tool":false,"touchDistance":0.925824,"touchZone":"hovering","type":1,"width":19.7082},{"bases":[[[-0.146345,-0.394451,-0.907189],[0.977684,-0.197399,-0.0718869],[-0.150723,-0.897464,0.414537]],[[-0.149866,-0.415549,-0.89714],[0.965867,0.132376,-0.222662],[0.211286,-0.899887,0.381526]],[[-0.149866,-0.415549,-0.89714],[0.823278,0.450018,-0.345973],[0.547498,-0.790445,0.274669]],[[-0.149866,-0.415549,-0.89714],[0.677922,0.617313,-0.399181],[0.719695,-0.668015,0.189195]]],"btipPosition":[-22.7566,333.194,52.1044],"carpPosition":[4.63889,193.964,110.16],"dipPosition":[-9.66197,321.04,55.5467],"direction":[-0.547498,0.790445,-0.274669],"extended":true,"handId":414,"id":4142,"length":64.8766,"mcpPosition":[15.2724,257.28,80.9143],"pipPosition":[5.41204,299.277,63.1091],"stabilizedTipPosition":[-19.5712,316.332,-4.56635],"timeVisible":4.83015,"tipPosition":[-11.2537,333.699,50.1567],"tipVelocity":[-111.125,223.357,944.247],"tool":false,"touchDistance":0.951117,"touchZone":"hovering","type":2,"width":19.3561},{"bases":[[[-0.240213,-0.50621,-0.828281],[0.959427,-0.253585,-0.123267],[-0.147641,-0.824285,0.546586]],[[-0.242023,-0.516379,-0.821449],[0.944413,0.068776,-0.321486],[0.222504,-0.853594,0.471029]],[[-0.242023,-0.516379,-0.821449],[0.812119,0.355459,-0.462722],[0.530931,-0.779103,0.333331]],[[-0.242023,-0.516379,-0.821449],[0.668787,0.52459,-0.526811],[0.702958,-0.676874,0.218384]]],"btipPosition":[-23.3855,311.932,30.6464],"carpPosition":[3.84495,189.652,98.5361],"dipPosition":[-10.6689,299.688,34.597],"direction":[-0.530931,0.779103,-0.333331],"extended":true,"handId":414,"id":4143,"length":62.3806,"mcpPosition":[13.1969,241.865,63.914],"pipPosition":[3.57148,278.791,43.5375],"stabilizedTipPosition":[-22.4782,291.146,-18.1947],"timeVisible":4.83015,"tipPosition":[-11.7525,311.8,27.989],"tipVelocity":[-84.8934,308.693,905.751],"tool":false,"touchDistance":0.909981,"touchZone":"hovering","type":3,"width":18.4185},{"bases":[[[-0.410887,-0.549305,-0.727623],[0.893547,-0.401053,-0.201817],[-0.180956,-0.733089,0.655618]],[[-0.425659,-0.613784,-0.664894],[0.87678,-0.0980554,-0.470789],[0.223766,-0.783361,0.579892]],[[-0.425659,-0.613784,-0.664894],[0.751157,0.170034,-0.637849],[0.504556,-0.770946,0.388672]],[[-0.425659,-0.613784,-0.664894],[0.613935,0.343902,-0.710503],[0.664754,-0.710634,0.230439]]],"btipPosition":[-21.8536,280.565,18.3341],"carpPosition":[-4.15445,184.302,87.8355],"dipPosition":[-10.7595,268.705,22.1799],"direction":[-0.504556,0.770946,-0.388672],"extended":true,"handId":414,"id":4144,"length":48.9053,"mcpPosition":[6.45602,227.287,49.393],"pipPosition":[-1.20469,254.105,29.5402],"stabilizedTipPosition":[-23.0883,257.724,-20.4336],"timeVisible":4.83015,"tipPosition":[-11.4821,278.681,14.4609],"tipVelocity":[-40.0133,394.309,837.938],"tool":false,"touchDistance":0.843317,"touchZone":"hovering","type":4,"width":16.3608}],"r":[[0.979924,-0.0108426,0.199074],[0.0164978,0.999505,-0.0267709],[-0.198685,0.0295178,0.979619]],"s":0.978688,"t":[-33.6432,16.1451,-29.7765],"timestamp":489839520620},{"currentFrameRate":113.763,"devices":[],"gestures":[],"hands":[{"armBasis":[[0.182658,-0.645664,-0.741454],[0.852978,0.47911,-0.20708],[0.488942,-0.594619,0.63825]],"armWidth":64.7745,"confidence":1,"direction":[0.298406,0.872389,-0.387159],"elbow":[126.971,5.05426,295.313],"grabAngle":0.99395,"grabStrength":0,"id":414,"palmNormal":[-0.954411,0.269622,-0.128078],"palmPosition":[3.23236,237.162,93.9468],"palmVelocity":[-38.6411,201.202,621.758],"palmWidth":92.0105,"pinchDistance":62.9268,"pinchStrength":0,"r":[[0.977526,-0.0162692,0.210186],[0.0168927,0.999857,-0.00117117],[-0.210137,0.00469546,0.977661]],"s":0.969916,"sphereCenter":[-82.6651,269.27,70.5704],"sphereRadius":92.4196,"stabilizedPalmPosition":[-0.0958427,223,37.3402],"t":[-33.7964,17.7595,-24.5462],"timeVisible":4.83894,"type":"right","wrist":[-6.52424,167.402,121.052]}],"id":934883,"interactionBox":{"center":[0,200,0],"size":[235.247,235.247,147.751]},"pointables":[{"bases":[[[0.914836,-0.234995,-0.328409],[0.304456,-0.132904,0.943209],[-0.265296,-0.962868,-0.0500401]],[[0.952084,0.0726503,-0.297083],[0.304373,-0.13015,0.943619],[0.0298888,-0.988829,-0.146027]],[[0.952084,0.0726503,-0.297083],[0.296963,0.012696,0.954804],[0.0731386,-0.997277,-0.00948683]],[[0.952084,0.0726503,-0.297083],[0.286103,0.131712,0.949103],[0.108082,-0.988622,0.104616]]],"btipPosition":[-26.8763,302.121,140.186],"carpPosition":[-20.504,196.884,134.872],"dipPosition":[-24.4271,279.719,142.556],"direction":[-0.0731386,0.997277,0.00948683],"extended":true,"handId":414,"id":4140,"length":50.4599,"mcpPosition":[-20.504,196.884,134.872],"pipPosition":[-22.0127,246.797,142.243],"stabilizedTipPosition":[-20.0544,286.924,44.9573],"timeVisible":4.83894,"tipPosition":[-22.1983,296.463,138.819],"tipVelocity":[-197.534,-30.3825,894.076],"tool":false,"touchDistance":1,"touchZone":"none","type":0,"width":20.6325},{"bases":[[[0.0573458,-0.255464,-0.965116],[0.987306,-0.128911,0.0927866],[-0.148118,-0.958186,0.244829]],[[0.05161,-0.292106,-0.954992],[0.980574,0.196024,-0.00696603],[0.189237,-0.936081,0.296549]],[[0.05161,-0.292106,-0.954992],[0.855789,0.505825,-0.108469],[0.514744,-0.811674,0.276087]],[[0.05161,-0.292106,-0.954992],[0.706104,0.686914,-0.171949],[0.706225,-0.665449,0.241709]]],"btipPosition":[-18.9253,337.892,84.7594],"carpPosition":[1.65605,197.667,125.768],"dipPosition":[-7.24254,326.884,88.7579],"direction":[-0.514744,0.811674,-0.276087],"extended":true,"handId":414,"id":4141,"length":56.9383,"mcpPosition":[12.6752,268.951,107.554],"pipPosition":[4.80357,307.889,95.2189],"stabilizedTipPosition":[-12.2789,325.159,18.4953],"timeVisible":4.83894,"tipPosition":[-8.04608,339.127,85.5742],"tipVelocity":[-151.186,172.41,1055.49],"tool":false,"touchDistance":1,"touchZone":"none","type":1,"width":19.7082},{"bases":[[[-0.13235,-0.356825,-0.924748],[0.979296,-0.19125,-0.0663609],[-0.153178,-0.914385,0.374749]],[[-0.135911,-0.378201,-0.915692],[0.968287,0.144869,-0.203552],[0.209639,-0.914318,0.346518]],[[-0.135911,-0.378201,-0.915692],[0.815224,0.482519,-0.32029],[0.562973,-0.790025,0.242739]],[[-0.135911,-0.378201,-0.915692],[0.653045,0.660852,-0.369874],[0.745023,-0.648258,0.157165]]],"btipPosition":[-23.8821,335.595,61.7415],"carpPosition":[4.15016,194.869,113.894],"dipPosition":[-10.3266,323.8,64.6011],"direction":[-0.562973,0.790025,-0.242739],"extended":true,"handId":414,"id":4142,"length":64.8766,"mcpPosition":[14.957,259.379,87.4557],"pipPosition":[5.17346,302.049,71.2843],"stabilizedTipPosition":[-19.578,316.426,-4.18764],"timeVisible":4.83894,"tipPosition":[-12.054,336.655,59.7267],"tipVelocity":[-116.061,282.797,1081.86],"tool":false,"touchDistance":1,"touchZone":"none","type":2,"width":19.3561},{"bases":[[[-0.226893,-0.472056,-0.85187],[0.961955,-0.245306,-0.12028],[-0.152189,-0.846752,0.509755]],[[-0.228845,-0.48298,-0.845199],[0.948056,0.0864907,-0.306119],[0.220951,-0.87135,0.438099]],[[-0.228845,-0.48298,-0.845199],[0.803947,0.395806,-0.443855],[0.548908,-0.781069,0.297712]],[[-0.228845,-0.48298,-0.845199],[0.642098,0.57769,-0.503968],[0.731669,-0.658031,0.177919]]],"btipPosition":[-24.3439,315.225,39.6468],"carpPosition":[3.53274,191.042,102.092],"dipPosition":[-11.1079,303.321,42.8654],"direction":[-0.548908,0.781069,-0.297712],"extended":true,"handId":414,"id":4143,"length":62.3806,"mcpPosition":[13.1728,244.678,69.8024],"pipPosition":[3.61459,282.372,50.8504],"stabilizedTipPosition":[-22.4608,291.462,-17.3292],"timeVisible":4.83894,"tipPosition":[-12.3253,315.687,36.7872],"tipVelocity":[-95.5122,383.81,1005.46],"tool":false,"touchDistance":0.984796,"touchZone":"hovering","type":3,"width":18.4185},{"bases":[[[-0.398786,-0.519822,-0.755484],[0.897704,-0.38958,-0.205802],[-0.187341,-0.760272,0.622005]],[[-0.414323,-0.587529,-0.695087],[0.882056,-0.0709902,-0.465765],[0.224306,-0.806083,0.547647]],[[-0.414323,-0.587529,-0.695087],[0.7432,0.222431,-0.631014],[0.525348,-0.778032,0.344493]],[[-0.414323,-0.587529,-0.695087],[0.589398,0.408734,-0.696811],[0.693503,-0.698388,0.176941]]],"btipPosition":[-22.5152,284.681,26.37],"carpPosition":[-4.29841,186.117,91.0671],"dipPosition":[-10.9413,273.026,29.323],"direction":[-0.525348,0.778032,-0.344493],"extended":true,"handId":414,"id":4144,"length":48.9053,"mcpPosition":[6.68642,230.696,54.5955],"pipPosition":[-0.992764,258.292,35.8467],"stabilizedTipPosition":[-22.9564,258.713,-18.4978],"timeVisible":4.83894,"tipPosition":[-11.7012,283.322,22.0409],"tipVelocity":[-62.7572,474.02,891.456],"tool":false,"touchDistance":0.909777,"touchZone":"hovering","type":4,"width":16.3608}],"r":[[0.977526,-0.0162692,0.210186],[0.0168927,0.999857,-0.00117117],[-0.210137,0.00469546,0.977661]],"s":0.969916,"t":[-33.7964,17.7595,-24.5462],"timestamp":489839529404},{"currentFrameRate":113.856,"devices":[],"gestures":[],"hands":[{"armBasis":[[0.205119,-0.621815,-0.755825],[0.844569,0.502703,-0.184369],[0.494599,-0.600529,0.62828]],"armWidth":64.7745,"confidence":1,"direction":[0.298643,0.888776,-0.347692],"elbow":[128.227,4.20682,295.388],"grabAngle":1.03095,"grabStrength":0,"id":414,"palmNormal":[-0.954215,0.271623,-0.125277],"palmPosition":[2.80648,238.892,99.5793],"palmVelocity":[-49.3828,200.6,653.114],"palmWidth":92.0105,"pinchDistance":63.2023,"pinchStrength":0,"r":[[0.975134,-0.0219509,0.220527],[0.0162361,0.999485,0.0276936],[-0.221021,-0.0234244,0.974988]],"s":0.962093,"sphereCenter":[-80.5681,271.534,76.9723],"sphereRadius":90.1008,"stabilizedPalmPosition":[-0.0893398,223.035,37.4797],"t":[-34.086,19.4316,-19.1148],"timeVisible":4.84756,"type":"right","wrist":[-6.81303,168.168,123.85]}],"id":934884,"interactionBox":{"center":[0,200,0],"size":[235.247,235.247,147.751]},"pointables":[{"bases":[[[0.918552,-0.218077,-0.329703],[0.296586,-0.171212,0.939533],[-0.26134,-0.960796,-0.0925886]],[[0.954173,0.0942118,-0.284039],[0.296535,-0.169964,0.939776],[0.0402616,-0.980936,-0.190112]],[[0.954173,0.0942118,-0.284039],[0.287752,-0.0282039,0.95729],[0.0821769,-0.995153,-0.054021]],[[0.954173,0.0942118,-0.284039],[0.275546,0.0936775,0.956713],[0.116742,-0.991135,0.0634249]]],"btipPosition":[-28.5346,301.687,148.514],"carpPosition":[-21.1441,196.861,138.572],"dipPosition":[-25.8892,279.228,149.951],"direction":[-0.0821769,0.995153,0.054021],"extended":true,"handId":414,"id":4140,"length":50.4599,"mcpPosition":[-21.1441,196.861,138.572],"pipPosition":[-23.1764,246.376,148.168],"stabilizedTipPosition":[-20.0617,286.933,45.0542],"timeVisible":4.84756,"tipPosition":[-23.4249,296.196,146.747],"tipVelocity":[-187.057,-51.845,940.854],"tool":false,"touchDistance":1,"touchZone":"none","type":0,"width":20.6325},{"bases":[[[0.0668047,-0.214718,-0.974389],[0.986909,-0.129452,0.0961895],[-0.146791,-0.968059,0.203259]],[[0.060685,-0.254518,-0.965162],[0.979722,0.200169,0.00881479],[0.190953,-0.946125,0.261504]],[[0.060685,-0.254518,-0.965162],[0.845222,0.527458,-0.0859495],[0.530959,-0.810561,0.247133]],[[0.060685,-0.254518,-0.965162],[0.68315,0.715586,-0.14575],[0.727752,-0.650506,0.217299]]],"btipPosition":[-20.3945,339.201,94.331],"carpPosition":[1.09255,198.096,129.708],"dipPosition":[-8.3556,328.44,97.9257],"direction":[-0.530959,0.810561,-0.247133],"extended":true,"handId":414,"id":4141,"length":56.9383,"mcpPosition":[12.013,270.115,114.587],"pipPosition":[4.06998,309.471,103.709],"stabilizedTipPosition":[-12.2907,325.184,18.6645],"timeVisible":4.84756,"tipPosition":[-9.259,340.839,95.3593],"tipVelocity":[-160.861,158.343,1099.11],"tool":false,"touchDistance":1,"touchZone":"none","type":1,"width":19.7082},{"bases":[[[-0.122871,-0.318297,-0.939995],[0.980533,-0.185112,-0.0654881],[-0.153159,-0.929742,0.334845]],[[-0.126359,-0.339586,-0.932048],[0.969473,0.156756,-0.188546],[0.210132,-0.92742,0.309412]],[[-0.126359,-0.339586,-0.932048],[0.805562,0.513172,-0.296183],[0.578881,-0.788248,0.208714]],[[-0.126359,-0.339586,-0.932048],[0.628,0.699936,-0.340156],[0.767886,-0.628308,0.124817]]],"btipPosition":[-25.2089,337.815,71.6701],"carpPosition":[3.70169,195.806,117.751],"dipPosition":[-11.2374,326.383,73.9411],"direction":[-0.578881,0.788248,-0.208714],"extended":true,"handId":414,"id":4142,"length":64.8766,"mcpPosition":[14.5072,261.399,94.1273],"pipPosition":[4.70066,304.68,79.6875],"stabilizedTipPosition":[-19.5901,316.52,-3.80421],"timeVisible":4.84756,"tipPosition":[-13.1283,339.397,69.5817],"tipVelocity":[-142.754,267.052,1135.58],"tool":false,"touchDistance":1,"touchZone":"none","type":2,"width":19.3561},{"bases":[[[-0.217635,-0.43678,-0.872845],[0.963867,-0.236923,-0.121772],[-0.15361,-0.867808,0.472561]],[[-0.219664,-0.448315,-0.866465],[0.950006,0.103713,-0.294505],[0.221894,-0.887838,0.40312]],[[-0.219664,-0.448315,-0.866465],[0.793528,0.434544,-0.42601],[0.567504,-0.781143,0.260297]],[[-0.219664,-0.448315,-0.866465],[0.61456,0.626188,-0.479796],[0.757669,-0.637889,0.137966]]],"btipPosition":[-25.5941,318.341,48.9439],"carpPosition":[3.20257,192.474,105.793],"dipPosition":[-11.8877,306.802,51.4397],"direction":[-0.567504,0.781143,-0.260297],"extended":true,"handId":414,"id":4143,"length":62.3806,"mcpPosition":[12.9326,247.443,75.86],"pipPosition":[3.33357,285.85,58.4213],"stabilizedTipPosition":[-22.4605,291.798,-16.4016],"timeVisible":4.84756,"tipPosition":[-13.2751,319.386,45.9048],"tipVelocity":[-132.418,371.01,1058.78],"tool":false,"touchDistance":1,"touchZone":"none","type":3,"width":18.4185},{"bases":[[[-0.390198,-0.489093,-0.780085],[0.9009,-0.377706,-0.213817],[-0.190067,-0.78621,0.588004]],[[-0.406114,-0.559757,-0.722318],[0.885011,-0.0440029,-0.463486],[0.227655,-0.827488,0.513261]],[[-0.406114,-0.559757,-0.722318],[0.732455,0.273256,-0.623571],[0.546426,-0.782306,0.299024]],[[-0.406114,-0.559757,-0.722318],[0.563445,0.468922,-0.680178],[0.719445,-0.683216,0.124956]]],"btipPosition":[-23.5166,288.633,34.7052],"carpPosition":[-4.51285,187.987,94.5028],"dipPosition":[-11.5098,277.231,36.7906],"direction":[-0.546426,0.782306,-0.299024],"extended":true,"handId":414,"id":4144,"length":48.9053,"mcpPosition":[6.6318,234.087,60.0249],"pipPosition":[-1.16205,262.417,42.4532],"stabilizedTipPosition":[-22.8749,259.724,-16.511],"timeVisible":4.84756,"tipPosition":[-12.3585,287.818,29.9675],"tipVelocity":[-104.57,465.012,943.372],"tool":false,"touchDistance":0.974167,"touchZone":"hovering","type":4,"width":16.3608}],"r":[[0.975134,-0.0219509,0.220527],[0.0162361,0.999485,0.0276936],[-0.221021,-0.0234244,0.974988]],"s":0.962093,"t":[-34.086,19.4316,-19.1148],"timestamp":489839538028},{"currentFrameRate":113.889,"devices":[],"gestures":[],"hands":[{"armBasis":[[0.217029,-0.597228,-0.772151],[0.837568,0.520202,-0.16694],[0.501376,-0.610499,0.613118]],"armWidth":64.7745,"confidence":1,"direction":[0.300613,0.900102,-0.315355],"elbow":[129.563,3.6299,294.753],"grabAngle":1.06975,"grabStrength":0,"id":414,"palmNormal":[-0.953499,0.276103,-0.12086],"palmPosition":[2.29845,241.758,105.497],"palmVelocity":[-58.2407,328.557,678.38],"palmWidth":92.0105,"pinchDistance":63.2819,"pinchStrength":0,"r":[[0.972899,-0.0283143,0.229489],[0.0154531,0.998217,0.0576477],[-0.230712,-0.0525391,0.971603]],"s":0.954215,"sphereCenter":[-78.5253,275.035,83.8088],"sphereRadius":87.7691,"stabilizedPalmPosition":[-0.0818944,223.094,37.6918],"t":[-34.4847,21.7007,-13.4404],"timeVisible":4.85629,"type":"right","wrist":[-7.32662,170.313,127.354]}],"id":934885,"interactionBox":{"center":[0,200,0],"size":[235.247,235.247,147.751]},"pointables":[{"bases":[[[0.920233,-0.206932,-0.33219],[0.291622,-0.20352,0.934631],[-0.261012,-0.956953,-0.12694]],[[0.955503,0.107319,-0.274765],[0.291634,-0.203771,0.934573],[0.0443086,-0.973119,-0.226002]],[[0.955503,0.107319,-0.274765],[0.282219,-0.0615788,0.957372],[0.0858249,-0.992316,-0.0891263]],[[0.955503,0.107319,-0.274765],[0.269281,0.0629123,0.961005],[0.120421,-0.992232,0.0312138]]],"btipPosition":[-29.6621,302.782,156.538],"carpPosition":[-21.8636,198.42,142.895],"dipPosition":[-26.9334,280.298,157.245],"direction":[-0.0858249,0.992316,0.0891263],"extended":true,"handId":414,"id":4140,"length":50.4599,"mcpPosition":[-21.8636,198.42,142.895],"pipPosition":[-24.1001,247.54,154.303],"stabilizedTipPosition":[-20.0691,286.942,45.1461],"timeVisible":4.85629,"tipPosition":[-24.2923,297.421,154.525],"tipVelocity":[-127.059,124.878,900.571],"tool":false,"touchDistance":1,"touchZone":"none","type":0,"width":20.6325},{"bases":[[[0.0718815,-0.18111,-0.980832],[0.986369,-0.133028,0.0968507],[-0.148019,-0.974424,0.169079]],[[0.06509,-0.225145,-0.972149],[0.979232,0.20187,0.018812],[0.192012,-0.953183,0.233609]],[[0.06509,-0.225145,-0.972149],[0.835013,0.545698,-0.0704731],[0.546366,-0.80717,0.223519]],[[0.06509,-0.225145,-0.972149],[0.660662,0.739844,-0.12711],[0.747856,-0.633988,0.196901]]],"btipPosition":[-21.7133,341.47,103.412],"carpPosition":[0.41953,199.951,134.196],"dipPosition":[-9.34191,330.982,106.669],"direction":[-0.546366,0.80717,-0.223519],"extended":true,"handId":414,"id":4141,"length":56.9383,"mcpPosition":[11.4313,272.443,121.617],"pipPosition":[3.44423,312.093,111.9],"stabilizedTipPosition":[-12.3056,325.216,18.8587],"timeVisible":4.85629,"tipPosition":[-10.305,343.495,104.686],"tipVelocity":[-142.427,267.354,1032.11],"tool":false,"touchDistance":1,"touchZone":"none","type":1,"width":19.7082},{"bases":[[[-0.117989,-0.285744,-0.951015],[0.980832,-0.183093,-0.0666764],[-0.155071,-0.940653,0.301869]],[[-0.121421,-0.306668,-0.94404],[0.970032,0.165,-0.178364],[0.210465,-0.937406,0.277443]],[[-0.121421,-0.306668,-0.94404],[0.794458,0.54014,-0.277644],[0.595058,-0.783712,0.17805]],[[-0.121421,-0.306668,-0.94404],[0.599654,0.735242,-0.315967],[0.790995,-0.604462,0.0946206]]],"btipPosition":[-26.5661,340.758,81.3118],"carpPosition":[3.09101,198.072,122.18],"dipPosition":[-12.1742,329.76,83.0334],"direction":[-0.595058,0.783712,-0.17805],"extended":true,"handId":414,"id":4142,"length":64.8766,"mcpPosition":[14.0314,264.435,100.883],"pipPosition":[4.2093,308.183,87.9355],"stabilizedTipPosition":[-19.6092,316.633,-3.35821],"timeVisible":4.85629,"tipPosition":[-14.1985,342.864,79.1019],"tipVelocity":[-144.503,348.859,1090.83],"tool":false,"touchDistance":1,"touchZone":"none","type":2,"width":19.3561},{"bases":[[[-0.213125,-0.406433,-0.888476],[0.964453,-0.232932,-0.124795],[-0.156234,-0.88349,0.441629]],[[-0.215156,-0.417987,-0.882607],[0.950944,0.116047,-0.286772],[0.222291,-0.901011,0.372514]],[[-0.215156,-0.417987,-0.882607],[0.781861,0.467799,-0.412138],[0.585151,-0.778749,0.226158]],[[-0.215156,-0.417987,-0.882607],[0.584928,0.668568,-0.459212],[0.782027,-0.615064,0.100646]]],"btipPosition":[-26.9074,322.107,58.1376],"carpPosition":[2.65409,195.153,110.113],"dipPosition":[-12.7605,310.98,59.9583],"direction":[-0.585151,0.778749,-0.226158],"extended":true,"handId":414,"id":4143,"length":62.3806,"mcpPosition":[12.5504,251.116,82.139],"pipPosition":[2.93416,290.093,66.0242],"stabilizedTipPosition":[-22.4783,292.21,-15.2881],"timeVisible":4.85629,"tipPosition":[-14.3123,323.69,54.8644],"tipVelocity":[-138.945,442.586,1036.16],"tool":false,"touchDistance":1,"touchZone":"none","type":3,"width":18.4185},{"bases":[[[-0.386181,-0.461844,-0.798476],[0.901946,-0.370445,-0.221956],[-0.193283,-0.805897,0.559617]],[[-0.402265,-0.533738,-0.743846],[0.886379,-0.0236781,-0.462355],[0.229164,-0.845319,0.482618]],[[-0.402265,-0.533738,-0.743846],[0.721074,0.315926,-0.616639],[0.564123,-0.78442,0.257778]],[[-0.402265,-0.533738,-0.743846],[0.536501,0.520934,-0.663924],[0.741856,-0.666147,0.0767973]]],"btipPosition":[-24.5786,293.227,43.1353],"carpPosition":[-5.00272,191.061,98.6346],"dipPosition":[-12.1979,282.109,44.417],"direction":[-0.564123,0.78442,-0.257778],"extended":true,"handId":414,"id":4144,"length":48.9053,"mcpPosition":[6.3305,238.315,65.8212],"pipPosition":[-1.51498,267.255,49.2986],"stabilizedTipPosition":[-22.8353,260.797,-14.4329],"timeVisible":4.85629,"tipPosition":[-13.176,292.877,37.9664],"tipVelocity":[-111.893,534.075,945.234],"tool":false,"touchDistance":1,"touchZone":"none","type":4,"width":16.3608}],"r":[[0.972899,-0.0283143,0.229489],[0.0154531,0.998217,0.0576477],[-0.230712,-0.0525391,0.971603]],"s":0.954215,"t":[-34.4847,21.7007,-13.4404],"timestamp":489839546751},{"currentFrameRate":113.983,"devices":[],"gestures":[],"hands":[{"armBasis":[[0.234643,-0.56814,-0.788771],[0.828296,0.541557,-0.143675],[0.508791,-0.619623,0.597661]],"armWidth":64.7745,"confidence":1,"direction":[0.296823,0.913996,-0.276601],"elbow":[131.504,2.47449,293.884],"grabAngle":1.09673,"grabStrength":0,"id":414,"palmNormal":[-0.954475,0.274996,-0.115564],"palmPosition":[1.79665,243.899,111.71],"palmVelocity":[-58.2611,248.62,721.394],"palmWidth":92.0105,"pinchDistance":63.3349,"pinchStrength":0,"r":[[0.970794,-0.0342991,0.237449],[0.0132483,0.995882,0.0896883],[-0.239548,-0.0839231,0.967251]],"s":0.946509,"sphereCenter":[-77.5145,277.413,90.8604],"sphereRadius":86.2777,"stabilizedPalmPosition":[-0.0762396,223.156,37.9146],"t":[-34.935,23.9059,-7.49648],"timeVisible":4.8649,"type":"right","wrist":[-7.41013,171.649,130.705]}],"id":934886,"interactionBox":{"center":[0,200,0],"size":[235.247,235.247,147.751]},"pointables":[{"bases":[[[0.923523,-0.187653,-0.334502],[0.287225,-0.239604,0.927411],[-0.254179,-0.952563,-0.167381]],[[0.956344,0.126239,-0.263571],[0.287326,-0.241414,0.92691],[0.0533828,-0.962176,-0.267147]],[[0.956344,0.126239,-0.263571],[0.276243,-0.0961707,0.956264],[0.0953703,-0.987327,-0.126845]],[[0.956344,0.126239,-0.263571],[0.26148,0.0331537,0.964639],[0.130514,-0.991446,-0.00130276]]],"btipPosition":[-31.1177,302.557,164.864],"carpPosition":[-22.3173,198.929,147.162],"dipPosition":[-28.1603,280.091,164.835],"direction":[-0.0953703,0.987327,0.126845],"extended":true,"handId":414,"id":4140,"length":50.4599,"mcpPosition":[-22.3173,198.929,147.162],"pipPosition":[-25.012,247.498,160.647],"stabilizedTipPosition":[-20.0761,286.949,45.2269],"timeVisible":4.8649,"tipPosition":[-25.5266,297.359,162.826],"tipVelocity":[-162.897,-25.6601,947.029],"tool":false,"touchDistance":1,"touchZone":"none","type":0,"width":20.6325},{"bases":[[[0.0789781,-0.140614,-0.986909],[0.986584,-0.130866,0.0975977],[-0.142876,-0.981378,0.128392]],[[0.0716187,-0.190282,-0.979114],[0.977844,0.20698,0.0313011],[0.196701,-0.959662,0.20089]],[[0.0716187,-0.190282,-0.979114],[0.825317,0.562543,-0.0489562],[0.560109,-0.804573,0.197332]],[[0.0716187,-0.190282,-0.979114],[0.642118,0.75996,-0.100723],[0.763253,-0.621493,0.176611]]],"btipPosition":[-23.2788,342.987,113.226],"carpPosition":[0.00801173,200.949,138.674],"dipPosition":[-10.6526,332.706,116.148],"direction":[-0.560109,0.804573,-0.197332],"extended":true,"handId":414,"id":4141,"length":56.9383,"mcpPosition":[10.6372,273.958,129.122],"pipPosition":[2.45511,313.877,120.766],"stabilizedTipPosition":[-12.3214,325.246,19.0445],"timeVisible":4.8649,"tipPosition":[-11.8155,345.304,114.912],"tipVelocity":[-174.952,181.652,1130.51],"tool":false,"touchDistance":1,"touchZone":"none","type":1,"width":19.7082},{"bases":[[[-0.110405,-0.247525,-0.96257],[0.982357,-0.174268,-0.0678609],[-0.150948,-0.95308,0.262398]],[[-0.113718,-0.268558,-0.956527],[0.969951,0.178422,-0.165409],[0.215087,-0.946595,0.240198]],[[-0.113718,-0.268558,-0.956527],[0.78372,0.567474,-0.2525],[0.610616,-0.778363,0.145942]],[[-0.113718,-0.268558,-0.956527],[0.576148,0.766526,-0.283709],[0.809396,-0.583364,0.0675611]]],"btipPosition":[-28.1626,343.037,91.6395],"carpPosition":[2.76421,199.576,126.609],"dipPosition":[-13.4359,332.423,92.8688],"direction":[-0.610616,0.778363,-0.145942],"extended":true,"handId":414,"id":4142,"length":64.8766,"mcpPosition":[13.4137,266.816,108.097],"pipPosition":[3.37593,310.993,96.8869],"stabilizedTipPosition":[-19.6331,316.744,-2.91782],"timeVisible":4.8649,"tipPosition":[-15.652,345.632,89.4701],"tipVelocity":[-176.42,274.833,1185.94],"tool":false,"touchDistance":1,"touchZone":"none","type":2,"width":19.3561},{"bases":[[[-0.205153,-0.371235,-0.905592],[0.966646,-0.221801,-0.12806],[-0.153321,-0.901659,0.404356]],[[-0.207066,-0.382556,-0.90043],[0.951785,0.134158,-0.275874],[0.226337,-0.91414,0.336331]],[[-0.207066,-0.382556,-0.90043],[0.771621,0.501949,-0.390702],[0.601435,-0.775692,0.191251]],[[-0.207066,-0.382556,-0.90043],[0.560754,0.707777,-0.429659],[0.801672,-0.593888,0.0679629]]],"btipPosition":[-28.2942,325.356,67.9087],"carpPosition":[2.41902,197.148,114.43],"dipPosition":[-13.7918,314.612,69.1381],"direction":[-0.601435,0.775692,-0.191251],"extended":true,"handId":414,"id":4143,"length":62.3806,"mcpPosition":[12.1308,254.262,88.8173],"pipPosition":[2.33954,293.807,74.2678],"stabilizedTipPosition":[-22.5125,292.633,-14.136],"timeVisible":4.8649,"tipPosition":[-15.5625,327.459,64.5542],"tipVelocity":[-151.517,387.444,1118.67],"tool":false,"touchDistance":1,"touchZone":"none","type":3,"width":18.4185},{"bases":[[[-0.378398,-0.431312,-0.819015],[0.905601,-0.355624,-0.231123],[-0.191575,-0.829157,0.525164]],[[-0.393998,-0.503651,-0.768831],[0.888865,0.00403003,-0.458151],[0.233847,-0.863898,0.44609]],[[-0.393998,-0.503651,-0.768831],[0.711586,0.362287,-0.601991],[0.581731,-0.784272,0.215651]],[[-0.393998,-0.503651,-0.768831],[0.512759,0.573773,-0.638641],[0.762787,-0.645848,0.0321868]]],"btipPosition":[-25.6611,297.304,52.0606],"carpPosition":[-5.14194,193.48,102.747],"dipPosition":[-12.931,286.526,52.5978],"direction":[-0.581731,0.784272,-0.215651],"extended":true,"handId":414,"id":4144,"length":48.9053,"mcpPosition":[6.09116,242.098,71.9537],"pipPosition":[-1.91465,271.674,56.6816],"stabilizedTipPosition":[-22.8322,261.823,-12.4231],"timeVisible":4.8649,"tipPosition":[-14.1186,297.467,46.5616],"tipVelocity":[-116.346,482.458,1016.38],"tool":false,"touchDistance":1,"touchZone":"none","type":4,"width":16.3608}],"r":[[0.970794,-0.0342991,0.237449],[0.0132483,0.995882,0.0896883],[-0.239548,-0.0839231,0.967251]],"s":0.946509,"t":[-34.935,23.9059,-7.49648],"timestamp":489839555364},{"currentFrameRate":114.017,"devices":[],"gestures":[],"hands":[{"armBasis":[[0.247133,-0.538115,-0.805827],[0.820003,0.559216,-0.121952],[0.516256,-0.630642,0.579457]],"armWidth":64.7745,"confidence":1,"direction":[0.291641,0.926565,-0.237535],"elbow":[133.428,1.12828,292.274],"grabAngle":1.11832,"grabStrength":0.0136432,"id":414,"palmNormal":[-0.955989,0.274012,-0.104895],"palmPosition":[1.20946,246.276,118.015],"palmVelocity":[-67.3996,272.825,723.695],"palmWidth":92.0105,"pinchDistance":63.3367,"pinchStrength":0,"r":[[0.969064,-0.040147,0.243524],[0.010046,0.99228,0.123609],[-0.246607,-0.117339,0.961986]],"s":0.939057,"sphereCenter":[-77.1307,280.069,98.3074],"sphereRadius":85.2452,"stabilizedPalmPosition":[-0.0722193,223.229,38.165],"t":[-35.4538,26.197,-1.37212],"timeVisible":4.87361,"type":"right","wrist":[-7.52471,173.311,134.066]}],"id":934887,"interactionBox":{"center":[0,200,0],"size":[235.247,235.247,147.751]},"pointables":[{"bases":[[[0.92489,-0.167967,-0.341125],[0.287877,-0.276774,0.9168],[-0.248407,-0.946141,-0.207631]],[[0.955724,0.143983,-0.256632],[0.288041,-0.279338,0.915971],[0.060197,-0.949336,-0.308443]],[[0.955724,0.143983,-0.256632],[0.275444,-0.13085,0.95237],[0.103545,-0.980891,-0.164715]],[[0.955724,0.143983,-0.256632],[0.258798,0.00380218,0.965924],[0.140052,-0.989573,-0.0336286]]],"btipPosition":[-32.2976,302.436,173.284],"carpPosition":[-22.6673,199.712,151.515],"dipPosition":[-29.1241,280.013,172.522],"direction":[-0.103545,0.980891,0.164715],"extended":true,"handId":414,"id":4140,"length":50.4599,"mcpPosition":[-22.6673,199.712,151.515],"pipPosition":[-25.7059,247.632,167.085],"stabilizedTipPosition":[-20.0821,286.954,45.2943],"timeVisible":4.87361,"tipPosition":[-26.5679,297.372,171.342],"tipVelocity":[-129.729,-12.7356,947.19],"tool":false,"touchDistance":1,"touchZone":"none","type":0,"width":20.6325},{"bases":[[[-0.108152,-0.207395,-0.972261],[0.983425,-0.165484,-0.074094],[-0.145527,-0.964159,0.221855]],[[-0.111288,-0.228294,-0.967211],[0.969314,0.18973,-0.156313],[0.219195,-0.954926,0.200173]],[[-0.111288,-0.228294,-0.967211],[0.773775,0.59082,-0.228484],[0.623609,-0.773831,0.110897]],[[-0.111288,-0.228294,-0.967211],[0.554995,0.793067,-0.251048],[0.824376,-0.564736,0.0384431]]],"btipPosition":[-29.7045,345.539,102.288],"carpPosition":[2.42682,201.371,131.034],"dipPosition":[-14.7052,335.263,102.987],"direction":[-0.623609,0.773831,-0.110897],"extended":true,"handId":414,"id":4142,"length":64.8766,"mcpPosition":[12.6938,269.393,115.382],"pipPosition":[2.46434,313.958,106.041],"stabilizedTipPosition":[-19.6612,316.856,-2.47105],"timeVisible":4.87361,"tipPosition":[-17.1476,348.559,100.144],"tipVelocity":[-169.788,296.097,1208.28],"tool":false,"touchDistance":1,"touchZone":"none","type":2,"width":19.3561},{"bases":[[[-0.202213,-0.333949,-0.920645],[0.968045,-0.210529,-0.136258],[-0.148319,-0.918779,0.36585]],[[-0.203938,-0.344698,-0.916293],[0.951561,0.150182,-0.268285],[0.230088,-0.926622,0.297374]],[[-0.203938,-0.344698,-0.916293],[0.761805,0.531971,-0.369675],[0.614867,-0.773428,0.154104]],[[-0.203938,-0.344698,-0.916293],[0.539065,0.741751,-0.399017],[0.817202,-0.575316,0.034543]]],"btipPosition":[-29.7275,328.892,77.9676],"carpPosition":[2.10595,199.457,118.764],"dipPosition":[-14.9443,318.484,78.5925],"direction":[-0.614867,0.773428,-0.154104],"extended":true,"handId":414,"id":4143,"length":62.3806,"mcpPosition":[11.5009,257.654,95.59],"pipPosition":[1.54739,297.74,82.7258],"stabilizedTipPosition":[-22.5592,293.048,-13.0064],"timeVisible":4.87361,"tipPosition":[-16.9654,331.454,74.5401],"tipVelocity":[-157.109,414.735,1138.65],"tool":false,"touchDistance":1,"touchZone":"none","type":3,"width":18.4185},{"bases":[[[-0.375171,-0.398637,-0.83686],[0.907877,-0.340247,-0.244933],[-0.1871,-0.851658,0.489564]],[[-0.389928,-0.470696,-0.791455],[0.889421,0.0301065,-0.456097],[0.238511,-0.881782,0.406907]],[[-0.389928,-0.470696,-0.791455],[0.701133,0.405432,-0.586547],[0.596967,-0.783626,0.171931]],[[-0.389928,-0.470696,-0.791455],[0.489182,0.622299,-0.611101],[0.780165,-0.625451,-0.0123953]]],"btipPosition":[-26.9434,301.642,61.2429],"carpPosition":[-5.42362,196.239,106.928],"dipPosition":[-13.9232,291.204,61.036],"direction":[-0.596967,0.783626,-0.171931],"extended":true,"handId":414,"id":4144,"length":48.9053,"mcpPosition":[5.54709,246.177,78.2225],"pipPosition":[-2.61841,276.365,64.2919],"stabilizedTipPosition":[-22.8628,262.85,-10.403],"timeVisible":4.87361,"tipPosition":[-15.3735,302.302,55.4357],"tipVelocity":[-139.531,506.959,1034.33],"tool":false,"touchDistance":1,"touchZone":"none","type":4,"width":16.3608},{"bases":[[[0.0806156,-0.0984428,-0.991872],[0.987261,-0.129067,0.0930506],[-0.137178,-0.986737,0.086784]],[[0.0727503,-0.153939,-0.985398],[0.977005,0.209547,0.0393952],[0.200422,-0.965605,0.165644]],[[0.0727503,-0.153939,-0.985398],[0.81718,0.575623,-0.0295929],[0.571773,-0.803095,0.167673]],[[0.0727503,-0.153939,-0.985398],[0.626153,0.776084,-0.0750121],[0.776299,-0.611553,0.15285]]],"btipPosition":[-24.7016,344.703,123.344],"carpPosition":[-0.347322,202.218,143.143],"dipPosition":[-11.8597,334.586,125.873],"direction":[-0.571773,0.803095,-0.167673],"extended":true,"handId":414,"id":4141,"length":56.9383,"mcpPosition":[9.85797,275.626,136.687],"pipPosition":[1.52103,315.792,129.797],"stabilizedTipPosition":[-12.3376,325.275,19.2242],"timeVisible":4.87361,"tipPosition":[-13.2856,347.213,125.422],"tipVelocity":[-157.623,201.325,1151.05],"tool":false,"touchDistance":1,"touchZone":"none","type":1,"width":19.7082}],"r":[[0.969064,-0.040147,0.243524],[0.010046,0.99228,0.123609],[-0.246607,-0.117339,0.961986]],"s":0.939057,"t":[-35.4538,26.197,-1.37212],"timestamp":489839564076},{"currentFrameRate":114.111,"devices":[],"gestures":[],"hands":[{"armBasis":[[0.265322,-0.500144,-0.824294],[0.810588,0.578632,-0.0901777],[0.522065,-0.644236,0.558935]],"armWidth":64.7745,"confidence":1,"direction":[0.28103,0.939462,-0.196044],"elbow":[135.001,-0.31762,290.048],"grabAngle":1.12318,"grabStrength":0.0188622,"id":414,"palmNormal":[-0.95856,0.264826,-0.105028],"palmPosition":[0.287963,249.243,124.482],"palmVelocity":[-107.126,344.873,751.846],"palmWidth":92.0105,"pinchDistance":63.2599,"pinchStrength":0,"r":[[0.967192,-0.0442959,0.250154],[0.00416877,0.987316,0.158711],[-0.254011,-0.152461,0.955109]],"s":0.932474,"sphereCenter":[-77.9763,282.689,105.051],"sphereRadius":84.9801,"stabilizedPalmPosition":[-0.0708657,223.327,38.4894],"t":[-36.1739,28.8258,4.92376],"timeVisible":4.88221,"type":"right","wrist":[-7.53719,175.577,137.443]}],"id":934888,"interactionBox":{"center":[0,200,0],"size":[235.247,235.247,147.751]},"pointables":[{"bases":[[[0.931012,-0.141044,-0.336634],[0.28138,-0.310081,0.908116],[-0.232468,-0.94019,-0.249003]],[[0.956598,0.165395,-0.239927],[0.281641,-0.313331,0.906919],[0.0748235,-0.93513,-0.346314]],[[0.956598,0.165395,-0.239927],[0.266299,-0.16179,0.950215],[0.118343,-0.972866,-0.198812]],[[0.956598,0.165395,-0.239927],[0.24693,-0.022859,0.968764],[0.154744,-0.985962,-0.0627079]]],"btipPosition":[-34.4889,302.68,181.233],"carpPosition":[-23.2988,201.019,155.768],"dipPosition":[-30.9824,280.339,179.812],"direction":[-0.118343,0.972866,0.198812],"extended":true,"handId":414,"id":4140,"length":50.4599,"mcpPosition":[-23.2988,201.019,155.768],"pipPosition":[-27.0757,248.222,173.249],"stabilizedTipPosition":[-20.0895,286.96,45.3678],"timeVisible":4.88221,"tipPosition":[-28.9325,297.718,179.546],"tipVelocity":[-245.839,30.5438,906.458],"tool":false,"touchDistance":1,"touchZone":"none","type":0,"width":20.6325},{"bases":[[[-0.0941257,-0.168877,-0.981132],[0.986471,-0.148689,-0.0690448],[-0.134224,-0.974357,0.180587]],[[-0.0970656,-0.190344,-0.976907],[0.968496,0.208106,-0.136778],[0.229335,-0.959407,0.164147]],[[-0.0970656,-0.190344,-0.976907],[0.765774,0.612686,-0.195465],[0.635743,-0.767063,0.0862894]],[[-0.0970656,-0.190344,-0.976907],[0.544753,0.811304,-0.212204],[0.83296,-0.55277,0.0249404]]],"btipPosition":[-31.8923,348.555,112.442],"carpPosition":[1.99991,203.863,135.673],"dipPosition":[-16.7369,338.498,112.896],"direction":[-0.635743,0.767063,-0.0862894],"extended":true,"handId":414,"id":4142,"length":64.8766,"mcpPosition":[11.4694,272.605,122.932],"pipPosition":[0.766762,317.379,115.272],"stabilizedTipPosition":[-19.7001,316.987,-1.95911],"timeVisible":4.88221,"tipPosition":[-19.3701,351.881,110.59],"tipVelocity":[-250.166,356.522,1173.88],"tool":false,"touchDistance":1,"touchZone":"none","type":2,"width":19.3561},{"bases":[[[-0.186947,-0.298728,-0.935848],[0.972444,-0.191359,-0.133174],[-0.1393,-0.934956,0.32627]],[[-0.188504,-0.309243,-0.932113],[0.952689,0.172851,-0.250011],[0.238431,-0.935142,0.26203]],[[-0.188504,-0.309243,-0.932113],[0.75584,0.560317,-0.33875],[0.627035,-0.768384,0.128116]],[[-0.188504,-0.309243,-0.932113],[0.529234,0.767532,-0.36167],[0.827271,-0.561483,0.0189791]]],"btipPosition":[-31.4284,332.891,87.5497],"carpPosition":[1.84582,202.449,123.331],"dipPosition":[-16.4629,322.734,87.8931],"direction":[-0.627035,0.768384,-0.128116],"extended":true,"handId":414,"id":4143,"length":62.3806,"mcpPosition":[10.6695,261.671,102.665],"pipPosition":[0.355065,302.125,91.3293],"stabilizedTipPosition":[-22.6203,293.47,-11.8739],"timeVisible":4.88221,"tipPosition":[-18.6846,335.827,84.3313],"tipVelocity":[-192.854,471.681,1106.41],"tool":false,"touchDistance":1,"touchZone":"none","type":3,"width":18.4185},{"bases":[[[-0.359901,-0.36918,-0.856842],[0.915376,-0.317337,-0.247759],[-0.18044,-0.873501,0.452148]],[[-0.373759,-0.441096,-0.815928],[0.894261,0.0621044,-0.443216],[0.246173,-0.895309,0.371243]],[[-0.373759,-0.441096,-0.815928],[0.697528,0.446153,-0.560716],[0.611358,-0.778705,0.140923]],[[-0.373759,-0.441096,-0.815928],[0.477915,0.662334,-0.576984],[0.794922,-0.605598,-0.0367467]]],"btipPosition":[-28.1934,306.337,70.0085],"carpPosition":[-5.50206,199.615,111.285],"dipPosition":[-14.927,296.231,69.3952],"direction":[-0.611358,0.778705,-0.140923],"extended":true,"handId":414,"id":4144,"length":48.9053,"mcpPosition":[5.07813,250.833,84.7735],"pipPosition":[-3.34969,281.484,72.0639],"stabilizedTipPosition":[-22.9212,263.904,-8.34738],"timeVisible":4.88221,"tipPosition":[-16.5872,307.468,64.1826],"tipVelocity":[-138.74,554.667,1008.16],"tool":false,"touchDistance":1,"touchZone":"none","type":4,"width":16.3608},{"bases":[[[0.0932736,-0.0566119,-0.99403],[0.987886,-0.119099,0.0994801],[-0.124019,-0.991267,0.0448174]],[[0.0853652,-0.118264,-0.989306],[0.973919,0.219409,0.0578087],[0.210226,-0.968438,0.13391]],[[0.0853652,-0.118264,-0.989306],[0.808637,0.588308,-0.000552252],[0.582082,-0.799942,0.145854]],[[0.0853652,-0.118264,-0.989306],[0.616076,0.786625,-0.0408753],[0.783047,-0.605999,0.14001]]],"btipPosition":[-27.0173,346.949,133.138],"carpPosition":[-0.923386,204.175,147.772],"dipPosition":[-14.0637,336.925,135.454],"direction":[-0.582082,0.799942,-0.145854],"extended":true,"handId":414,"id":4141,"length":56.9383,"mcpPosition":[8.30299,277.92,144.438],"pipPosition":[-0.441766,318.204,138.868],"stabilizedTipPosition":[-12.3593,325.311,19.4366],"timeVisible":4.88221,"tipPosition":[-15.9344,349.462,135.775],"tipVelocity":[-266.217,263.591,1132.89],"tool":false,"touchDistance":1,"touchZone":"none","type":1,"width":19.7082}],"r":[[0.967192,-0.04429