{"frames":98,"data":[{"currentFrameRate":96.4401,"devices":[],"gestures":[],"hands":[{"armBasis":[[0.933812,-0.332443,-0.132202],[-0.0387651,-0.461367,0.886362],[-0.355658,-0.822571,-0.443717]],"armWidth":50.4706,"confidence":1,"direction":[0.0224466,0.344404,-0.938553],"elbow":[10.1678,-7.69187,34.8673],"grabAngle":0.217426,"grabStrength":0,"id":19,"palmNormal":[-0.128105,-0.93006,-0.344351],"palmPosition":[89.0581,204.806,84.3116],"palmVelocity":[0.490334,-4.57103,-6.48723],"palmWidth":75.313,"pinchDistance":48.9152,"pinchStrength":0,"r":[[0.777169,-0.271763,0.567585],[0.343982,0.93873,-0.0215304],[-0.526958,0.211972,0.823033]],"s":1.0231,"sphereCenter":[57.613,1.21758,16.1073],"sphereRadius":218.767,"stabilizedPalmPosition":[88.8975,204.532,84.556],"t":[88.2994,86.0065,-16.3472],"timeVisible":15.8177,"type":"right","wrist":[89.6582,176.155,134.039]},{"armBasis":[[-0.250341,-0.420426,-0.872107],[-0.790811,0.608457,-0.0663203],[-0.558522,-0.673069,0.4848]],"armWidth":50.4706,"confidence":1,"direction":[0.683429,0.728086,0.0530672],"elbow":[-291.973,-80.0323,201.12],"grabAngle":1.21798,"grabStrength":0,"id":22,"palmNormal":[0.72551,-0.685478,0.061275],"palmPosition":[-122.952,113.554,97.6297],"palmVelocity":[-1.62055,2.10215,-0.189796],"palmWidth":75.313,"pinchDistance":61.1779,"pinchStrength":0,"r":[[0.918356,-0.251793,-0.305324],[0.362317,0.845294,0.392688],[0.159213,-0.471251,0.86751]],"s":1.26645,"sphereCenter":[-68.3701,85.1476,89.2861],"sphereRadius":61.7207,"stabilizedPalmPosition":[-125.586,116.341,96.374],"t":[22.0809,-75.1418,28.484],"timeVisible":12.0021,"type":"left","wrist":[-167.142,70.4002,92.7666]}],"id":13736,"interactionBox":{"center":[0,200,0],"size":[235.247,235.247,147.751]},"pointables":[{"bases":[[[0.51794,0.847583,0.115502],[-0.749428,0.384511,0.538989],[0.412426,-0.365724,0.834356]],[[0.468761,0.883055,0.0218163],[-0.71512,0.364885,0.596206],[0.518523,-0.29508,0.802535]],[[0.468761,0.883055,0.0218163],[-0.878771,0.463698,0.112899],[0.0895804,-0.0720944,0.993367]],[[0.468761,0.883055,0.0218163],[-0.854875,0.459743,-0.240468],[-0.222376,0.0940717,0.970412]]],"btipPosition":[50.4886,198.061,48.2041],"carpPosition":[70.1622,185.658,127.479],"dipPosition":[46.247,199.855,66.7136],"direction":[-0.0895804,0.0720944,-0.993367],"extended":false,"handId":19,"id":190,"length":42.4746,"mcpPosition":[70.1622,185.658,127.479],"pipPosition":[48.7363,197.852,94.317],"stabilizedTipPosition":[49.3487,198.148,52.6711],"timeVisible":15.8177,"tipPosition":[50.1556,199.923,52.9055],"tipVelocity":[1.70351,-0.439606,-7.61582],"tool":false,"touchDistance":0.328587,"touchZone":"hovering","type":0,"width":15.7219},{"bases":[[[-0.482967,0.753825,-0.445524],[-0.656357,0.0251265,0.754032],[-0.579602,-0.656595,-0.482642]],[[-0.170477,0.968656,-0.180672],[-0.526537,0.0654317,0.847631],[-0.832884,-0.239632,-0.498879]],[[-0.170477,0.968656,-0.180672],[-0.374695,0.105856,0.921085],[-0.911341,-0.224721,-0.344905]],[[-0.170477,0.968656,-0.180672],[-0.216282,0.1421,0.965935],[-0.961332,-0.203746,-0.185278]]],"btipPosition":[-74.8703,95.3601,146.4],"carpPosition":[-152.946,75.3276,112.668],"dipPosition":[-93.2066,91.4739,142.866],"direction":[0.911341,0.224721,0.344905],"extended":true,"handId":22,"id":220,"length":42.4746,"mcpPosition":[-152.946,75.3276,112.668],"pipPosition":[-118.531,85.2295,133.282],"stabilizedTipPosition":[-78.4768,99.0091,141.698],"timeVisible":12.0021,"tipPosition":[-78.9604,95.5783,146.264],"tipVelocity":[-6.29538,2.69622,3.68908],"tool":false,"touchDistance":1,"touchZone":"none","type":0,"width":15.7219},{"bases":[[[0.194589,0.118919,-0.97365],[-0.61956,0.784449,-0.0280122],[-0.760448,-0.608685,-0.226323]],[[0.147148,0.0810162,-0.985791],[-0.555009,0.831718,-0.0144921],[-0.818726,-0.549256,-0.167351]],[[0.147148,0.0810162,-0.985791],[-0.218622,0.974654,0.0474674],[-0.964651,-0.208531,-0.161131]],[[0.147148,0.0810162,-0.985791],[0.0844857,0.991968,0.0941349],[-0.9855,0.0971371,-0.139122]]],"btipPosition":[-50.3918,151.905,130.245],"carpPosition":[-158.091,92.8529,105.493],"dipPosition":[-64.1146,153.258,128.308],"direction":[0.964651,0.208531,0.161131],"extended":true,"handId":22,"id":221,"length":47.9278,"mcpPosition":[-111.784,129.918,119.274],"pipPosition":[-83.117,149.15,125.134],"stabilizedTipPosition":[-54.2402,150.994,128.718],"timeVisible":12.0021,"tipPosition":[-51.9279,147.115,129.044],"tipVelocity":[-2.94088,3.71241,1.49309],"tool":false,"touchDistance":0.996664,"touchZone":"none","type":1,"width":15.0175},{"bases":[[[0.192811,-0.0998939,-0.976138],[-0.594288,0.779707,-0.197178],[-0.780798,-0.618125,-0.0909699]],[[0.221007,-0.0774061,-0.972196],[-0.400578,0.901674,-0.162853],[-0.88921,-0.425432,-0.168269]],[[0.221007,-0.0774061,-0.972196],[0.201296,0.979001,-0.0321879],[-0.954272,0.188585,-0.231947]],[[0.221007,-0.0774061,-0.972196],[0.587535,0.80622,0.0693716],[-0.778433,0.586531,-0.223659]]],"btipPosition":[-42.5732,134.508,116.41],"carpPosition":[-156.631,95.4541,95.7454],"dipPosition":[-54.4952,143.491,112.984],"direction":[0.954273,-0.188585,0.231947],"extended":true,"handId":22,"id":222,"length":54.6099,"mcpPosition":[-111.542,131.149,100.999],"pipPosition":[-76.611,147.861,107.609],"stabilizedTipPosition":[-47.869,134.963,113.949],"timeVisible":12.0021,"tipPosition":[-46.0098,130.135,115.734],"tipVelocity":[-2.22259,-0.169772,2.62812],"tool":false,"touchDistance":0.760364,"touchZone":"none","type":2,"width":14.7492},{"bases":[[[0.120056,-0.248259,-0.961225],[-0.603581,0.750476,-0.269214],[-0.788211,-0.612498,0.0597454]],[[0.16985,-0.208876,-0.963079],[-0.332532,0.907813,-0.255536],[-0.927671,-0.363658,-0.0847336]],[[0.16985,-0.208876,-0.963079],[0.286105,0.945638,-0.154636],[-0.943024,0.249277,-0.220377]],[[0.16985,-0.208876,-0.963079],[0.645573,0.761966,-0.0514041],[-0.744571,0.613007,-0.264265]]],"btipPosition":[-47.3177,125.48,94.7687],"carpPosition":[-154.593,95.4437,85.7814],"dipPosition":[-58.6556,134.814,90.7446],"direction":[0.943024,-0.249277,0.220377],"extended":true,"handId":22,"id":223,"length":52.5089,"mcpPosition":[-113.726,127.2,82.6837],"pipPosition":[-79.9462,140.442,85.7692],"stabilizedTipPosition":[-53.518,130.208,91.7062],"timeVisible":12.0021,"tipPosition":[-50.3556,122.657,94.4998],"tipVelocity":[-1.47619,0.365452,3.10841],"tool":false,"touchDistance":0.397386,"touchZone":"none","type":3,"width":14.0348},{"bases":[[[0.12609,-0.438045,-0.890066],[-0.64481,0.645645,-0.409099],[-0.753871,-0.625507,0.201046]],[[0.136616,-0.429258,-0.89279],[-0.270602,0.850793,-0.450474],[-0.952948,-0.303133,-0.0000736462]],[[0.136616,-0.429258,-0.89279],[0.339036,0.867075,-0.365014],[-0.930801,0.252821,-0.26399]],[[0.136616,-0.429258,-0.89279],[0.657231,0.7136,-0.242532],[-0.741204,0.553636,-0.379611]]],"btipPosition":[-61.7383,116.708,76.1461],"carpPosition":[-150.631,89.7592,76.2523],"dipPosition":[-72.1506,124.486,70.8134],"direction":[0.930801,-0.252821,0.26399],"extended":false,"handId":22,"id":224,"length":41.166,"mcpPosition":[-114.45,119.78,66.6032],"pipPosition":[-86.9879,128.516,66.6053],"stabilizedTipPosition":[-67.6461,121.867,74.38],"timeVisible":12.0021,"tipPosition":[-64.8627,114.553,76.7428],"tipVelocity":[-0.663334,1.52427,2.92242],"tool":false,"touchDistance":0.333333,"touchZone":"none","type":4,"width":12.4668},{"bases":[[[0.9812,-0.06832,-0.180498],[0.105275,0.973321,0.203871],[0.161754,-0.219041,0.962215]],[[0.982266,-0.133762,0.131383],[0.121595,0.987862,0.0966607],[-0.142717,-0.0789711,0.986608]],[[0.982266,-0.133762,0.131383],[0.129106,0.990682,0.0433753],[-0.13596,-0.0256438,0.990382]],[[0.982266,-0.133762,0.131383],[0.139793,0.98946,-0.0377704],[-0.124945,0.055467,0.990612]]],"btipPosition":[78.6186,218.746,-1.86358],"carpPosition":[79.0533,202.91,124.578],"dipPosition":[76.8788,219.519,11.9304],"direction":[0.13596,0.0256438,-0.990382],"extended":true,"handId":19,"id":191,"length":47.9278,"mcpPosition":[69.2034,216.248,65.9849],"pipPosition":[74.2005,219.013,31.4397],"stabilizedTipPosition":[78.0901,218.932,1.41719],"timeVisible":15.8177,"tipPosition":[78.8499,216.632,1.17921],"tipVelocity":[3.91494,-4.8513,-5.71655],"tool":false,"touchDistance":0.329056,"touchZone":"hovering","type":1,"width":15.0175},{"bases":[[[0.961612,-0.262205,-0.0809326],[0.273169,0.942713,0.191497],[0.0260848,-0.206254,0.978151]],[[0.959931,-0.280078,0.00945078],[0.278389,0.956925,0.0824299],[-0.0321305,-0.076496,0.996552]],[[0.959931,-0.280078,0.00945078],[0.27988,0.959864,0.0181071],[-0.0141429,-0.0147365,0.999791]],[[0.959931,-0.280078,0.00945078],[0.280154,0.959921,-0.00809604],[-0.00680448,0.0104193,0.999923]]],"btipPosition":[89.2049,218.797,-11.5419],"carpPosition":[89.0171,203.699,122.576],"dipPosition":[89.1007,218.957,3.77232],"direction":[0.0141429,0.0147365,-0.999791],"extended":true,"handId":19,"id":192,"length":54.6099,"mcpPosition":[87.5108,215.61,66.0907],"pipPosition":[88.773,218.615,26.943],"stabilizedTipPosition":[89.0743,218.897,-7.9387],"timeVisible":15.8177,"tipPosition":[90.3839,220.307,-8.30362],"tipVelocity":[3.14565,-7.31618,-5.13592],"tool":false,"touchDistance":0.330284,"touchZone":"hovering","type":2,"width":14.7492},{"bases":[[[0.931623,-0.360014,0.0496884],[0.341866,0.914515,0.216309],[-0.123315,-0.184532,0.97506]],[[0.939594,-0.336807,-0.0610222],[0.342036,0.930732,0.129422],[0.0132051,-0.142476,0.98971]],[[0.939594,-0.336807,-0.0610222],[0.340491,0.937939,0.0658548],[0.0350547,-0.0826543,0.995962]],[[0.939594,-0.336807,-0.0610222],[0.339387,0.939871,0.0381993],[0.0444872,-0.056602,0.997405]]],"btipPosition":[103.379,219.372,-3.03072],"carpPosition":[98.9348,201.888,121.236],"dipPosition":[104.056,218.51,12.1571],"direction":[-0.0350547,0.0826543,-0.995962],"extended":true,"handId":19,"id":193,"length":52.5089,"mcpPosition":[105.328,211.456,70.6819],"pipPosition":[104.848,216.644,34.643],"stabilizedTipPosition":[103.444,219.231,0.538397],"timeVisible":15.8177,"tipPosition":[103.948,221.358,0.498346],"tipVelocity":[1.83663,-6.72319,-4.67074],"tool":false,"touchDistance":0.330962,"touchZone":"hovering","type":3,"width":14.0348},{"bases":[[[0.841711,-0.525074,0.125779],[0.470359,0.827467,0.306693],[-0.265114,-0.198985,0.943461]],[[0.882359,-0.446622,-0.148227],[0.469672,0.855359,0.218563],[0.0291721,-0.262469,0.964499]],[[0.882359,-0.446622,-0.148227],[0.463942,0.878342,0.115207],[0.0787401,-0.170422,0.98222]],[[0.882359,-0.446622,-0.148227],[0.459936,0.885112,0.0709588],[0.0995056,-0.130786,0.986404]]],"btipPosition":[117.083,215.876,18.1058],"carpPosition":[107.853,194.208,120.695],"dipPosition":[118.481,214.039,31.9627],"direction":[-0.0787401,0.170422,-0.98222],"extended":true,"handId":19,"id":194,"length":41.166,"mcpPosition":[120.577,203.759,75.4141],"pipPosition":[119.736,211.322,47.6196],"stabilizedTipPosition":[117.28,215.52,21.3769],"timeVisible":15.8177,"tipPosition":[120.003,217.568,21.6007],"tipVelocity":[2.77707,-9.12659,-4.85096],"tool":false,"touchDistance":0.330171,"touchZone":"hovering","type":4,"width":12.4668}],"r":[[-0.257828,0.927693,0.27002],[-0.824831,-0.0657963,-0.561537],[-0.503168,-0.367501,0.782154]],"s":1.40774,"t":[4.23173,9.05563,334.266],"timestamp":17186518201},{"currentFrameRate":96.967,"devices":[],"gestures":[],"hands":[{"armBasis":[[0.933701,-0.332951,-0.131707],[-0.0396221,-0.46166,0.886171],[-0.355855,-0.8222,-0.444245]],"armWidth":50.4663,"confidence":1,"direction":[0.0231537,0.344741,-0.938412],"elbow":[10.1041,-7.66506,34.6674],"grabAngle":0.217491,"grabStrength":0,"id":19,"palmNormal":[-0.129313,-0.929746,-0.344748],"palmPosition":[89.0715,204.754,84.2375],"palmVelocity":[1.45008,-5.60196,-8.00291],"palmWidth":75.3053,"pinchDistance":48.9043,"pinchStrength":0,"r":[[0.77677,-0.27268,0.567692],[0.344871,0.938412,-0.0211369],[-0.526965,0.212199,0.82297]],"s":1.02275,"sphereCenter":[57.3463,1.25236,15.9901],"sphereRadius":218.733,"stabilizedPalmPosition":[88.9005,204.536,84.5505],"t":[88.3114,85.962,-16.4215],"timeVisible":15.827,"type":"right","wrist":[89.6309,176.081,133.948]},{"armBasis":[[-0.250385,-0.420475,-0.872071],[-0.790719,0.608568,-0.0663983],[-0.558634,-0.672938,0.484854]],"armWidth":50.4663,"confidence":1,"direction":[0.683558,0.727939,0.0534156],"elbow":[-291.99,-79.9823,201.061],"grabAngle":1.21718,"grabStrength":0,"id":22,"palmNormal":[0.725359,-0.685634,0.0613146],"palmPosition":[-122.955,113.546,97.5861],"palmVelocity":[-0.235132,-0.899927,-4.71207],"palmWidth":75.3053,"pinchDistance":61.1621,"pinchStrength":0,"r":[[0.918312,-0.251825,-0.305429],[0.36245,0.84511,0.392962],[0.159163,-0.471565,0.867349]],"s":1.26651,"sphereCenter":[-68.3563,85.0949,89.213],"sphereRadius":61.757,"stabilizedPalmPosition":[-125.58,116.335,96.3767],"t":[22.07,-75.1323,28.4606],"timeVisible":12.0114,"type":"left","wrist":[-167.147,70.4063,92.7054]}],"id":13737,"interactionBox":{"center":[0,200,0],"size":[235.247,235.247,147.751]},"pointables":[{"bases":[[[0.519089,0.846817,0.115961],[-0.749024,0.38534,0.538958],[0.411714,-0.366625,0.834313]],[[0.469904,0.88244,0.0221351],[-0.71482,0.365693,0.596071],[0.517902,-0.295919,0.802627]],[[0.469904,0.88244,0.0221351],[-0.8782,0.464818,0.112733],[0.089191,-0.0724126,0.993379]],[[0.469904,0.88244,0.0221351],[-0.854154,0.460883,-0.240847],[-0.222735,0.0942681,0.970311]]],"btipPosition":[50.5117,198.058,48.1257],"carpPosition":[70.1404,185.618,127.388],"dipPosition":[46.2643,199.856,66.6289],"direction":[-0.089191,0.0724126,-0.993379],"extended":false,"handId":19,"id":190,"length":42.4645,"mcpPosition":[70.1404,185.618,127.388],"pipPosition":[48.7421,197.844,94.2261],"stabilizedTipPosition":[49.353,198.155,52.6645],"timeVisible":15.827,"tipPosition":[50.1691,199.936,52.8195],"tipVelocity":[2.35107,-0.14743,-8.63069],"tool":false,"touchDistance":0.327257,"touchZone":"hovering","type":0,"width":15.7206},{"bases":[[[-0.482699,0.75402,-0.445483],[-0.656554,0.0250846,0.753862],[-0.579602,-0.656372,-0.482947]],[[-0.170327,0.968701,-0.180575],[-0.526914,0.0653166,0.847405],[-0.832676,-0.239484,-0.499297]],[[-0.170327,0.968701,-0.180575],[-0.375182,0.105697,0.920905],[-0.911168,-0.224604,-0.345436]],[[-0.170327,0.968701,-0.180575],[-0.217056,0.141868,0.965795],[-0.961184,-0.203696,-0.186098]]],"btipPosition":[-74.911,95.3443,146.381],"carpPosition":[-152.957,75.3255,112.606],"dipPosition":[-93.2401,91.46,142.832],"direction":[0.911168,0.224604,0.345436],"extended":true,"handId":22,"id":220,"length":42.4645,"mcpPosition":[-152.957,75.3255,112.606],"pipPosition":[-118.553,85.2202,133.235],"stabilizedTipPosition":[-78.4784,98.9977,141.708],"timeVisible":12.0114,"tipPosition":[-78.9794,95.5483,146.227],"tipVelocity":[-4.22088,-1.66188,-2.44038],"tool":false,"touchDistance":1,"touchZone":"none","type":0,"width":15.7206},{"bases":[[[0.194874,0.119101,-0.97357],[-0.619398,0.784577,-0.0280008],[-0.760506,-0.608485,-0.226665]],[[0.147282,0.0810935,-0.985765],[-0.554609,0.831986,-0.0144207],[-0.818973,-0.548838,-0.167512]],[[0.147282,0.0810935,-0.985765],[-0.218895,0.974593,0.0474695],[-0.964569,-0.208788,-0.161291]],[[0.147282,0.0810935,-0.985765],[0.082986,0.992106,0.094014],[-0.985607,0.0956513,-0.13939]]],"btipPosition":[-50.4037,151.894,130.216],"carpPosition":[-158.095,92.852,105.434],"dipPosition":[-64.1247,153.226,128.276],"direction":[0.964569,0.208788,0.161291],"extended":true,"handId":22,"id":221,"length":47.9165,"mcpPosition":[-111.79,129.901,119.235],"pipPosition":[-83.121,149.114,125.099],"stabilizedTipPosition":[-54.2374,150.999,128.723],"timeVisible":12.0114,"tipPosition":[-51.9342,147.093,129.028],"tipVelocity":[-1.24135,-1.71974,-3.22054],"tool":false,"touchDistance":0.996167,"touchZone":"none","type":1,"width":15.0163},{"bases":[[[0.193053,-0.0997107,-0.976109],[-0.594082,0.779868,-0.197161],[-0.780895,-0.617951,-0.0913195]],[[0.221174,-0.077292,-0.972167],[-0.400155,0.901882,-0.162742],[-0.889358,-0.425012,-0.168544]],[[0.221174,-0.077292,-0.972167],[0.201528,0.97896,-0.031983],[-0.954185,0.188845,-0.232098]],[[0.221174,-0.077292,-0.972167],[0.587439,0.806275,0.0695436],[-0.778458,0.58647,-0.223732]]],"btipPosition":[-42.5861,134.473,116.385],"carpPosition":[-156.633,95.4548,95.6889],"dipPosition":[-54.5057,143.452,112.959],"direction":[0.954185,-0.188845,0.232098],"extended":true,"handId":22,"id":222,"length":54.597,"mcpPosition":[-111.543,131.136,100.962],"pipPosition":[-76.6141,147.828,107.581],"stabilizedTipPosition":[-47.8585,134.969,113.956],"timeVisible":12.0114,"tipPosition":[-46.0129,130.114,115.714],"tipVelocity":[-1.33354,-3.90395,-2.72008],"tool":false,"touchDistance":0.759945,"touchZone":"none","type":2,"width":14.748},{"bases":[[[0.120265,-0.248065,-0.961249],[-0.603362,0.750655,-0.269206],[-0.788347,-0.612357,0.0593951]],[[0.170051,-0.208705,-0.963081],[-0.332226,0.907957,-0.25542],[-0.927744,-0.363395,-0.0850615]],[[0.170051,-0.208705,-0.963081],[0.286152,0.945662,-0.154404],[-0.942974,0.249331,-0.220532]],[[0.170051,-0.208705,-0.963081],[0.645376,0.762147,-0.0512078],[-0.744696,0.612841,-0.264297]]],"btipPosition":[-47.3264,125.464,94.7451],"carpPosition":[-154.592,95.4462,85.7263],"dipPosition":[-58.6635,134.794,90.7215],"direction":[0.942974,-0.249331,0.220532],"extended":true,"handId":22,"id":223,"length":52.4964,"mcpPosition":[-113.722,127.192,82.6471],"pipPosition":[-79.9479,140.422,85.7438],"stabilizedTipPosition":[-53.5115,130.203,91.71],"timeVisible":12.0114,"tipPosition":[-50.3548,122.639,94.4773],"tipVelocity":[-0.920461,-1.839,-2.5321],"tool":false,"touchDistance":0.396995,"touchZone":"none","type":3,"width":14.0337},{"bases":[[[0.126243,-0.437868,-0.890132],[-0.644573,0.645865,-0.409126],[-0.754048,-0.625404,0.200702]],[[0.136943,-0.428939,-0.892893],[-0.270396,0.850967,-0.450268],[-0.95296,-0.303096,-0.000550667]],[[0.136943,-0.428939,-0.892893],[0.338815,0.867302,-0.364681],[-0.930833,0.252586,-0.264102]],[[0.136943,-0.428939,-0.892893],[0.656907,0.713995,-0.242248],[-0.741431,0.553374,-0.379549]]],"btipPosition":[-61.7402,116.712,76.1216],"carpPosition":[-150.63,89.7637,76.1979],"dipPosition":[-72.1532,124.484,70.791],"direction":[0.930833,-0.252586,0.264102],"extended":false,"handId":22,"id":224,"length":41.1562,"mcpPosition":[-114.443,119.777,66.5663],"pipPosition":[-86.9875,128.509,66.5821],"stabilizedTipPosition":[-67.6415,121.863,74.3807],"timeVisible":12.0114,"tipPosition":[-64.8582,114.543,76.7128],"tipVelocity":[-0.222885,0.243581,-2.59667],"tool":false,"touchDistance":0.333333,"touchZone":"none","type":4,"width":12.4658},{"bases":[[[0.981148,-0.0696127,-0.180287],[0.106578,0.973094,0.20428],[0.161215,-0.219643,0.962168]],[[0.982064,-0.135158,0.13146],[0.122981,0.987683,0.0967384],[-0.142916,-0.0788361,0.98659]],[[0.982064,-0.135158,0.13146],[0.130452,0.990486,0.0438126],[-0.136131,-0.0258776,0.990353]],[[0.982064,-0.135158,0.13146],[0.141136,0.98929,-0.0372301],[-0.125021,0.0551161,0.990622]]],"btipPosition":[78.6635,218.732,-1.91901],"carpPosition":[79.0552,202.857,124.497],"dipPosition":[76.923,219.499,11.8718],"direction":[0.136131,0.0258776,-0.990353],"extended":true,"handId":19,"id":191,"length":47.9165,"mcpPosition":[69.2391,216.23,65.9123],"pipPosition":[74.242,218.99,31.3759],"stabilizedTipPosition":[78.1048,218.93,1.40324],"timeVisible":15.827,"tipPosition":[78.8991,216.63,1.10755],"tipVelocity":[4.83339,-1.6369,-6.07039],"tool":false,"touchDistance":0.32812,"touchZone":"hovering","type":1,"width":15.0163},{"bases":[[[0.961267,-0.263509,-0.0808021],[0.274432,0.942257,0.191934],[0.02556,-0.206674,0.978076]],[[0.959546,-0.281394,0.00946239],[0.279705,0.956553,0.0822913],[-0.0322076,-0.0763155,0.996563]],[[0.959546,-0.281394,0.00946239],[0.281195,0.959478,0.0181734],[-0.0141928,-0.0147774,0.99979]],[[0.959546,-0.281394,0.00946239],[0.28147,0.959537,-0.00798497],[-0.00683259,0.0103253,0.999923]]],"btipPosition":[89.2422,218.748,-11.5923],"carpPosition":[89.0197,203.633,122.498],"dipPosition":[89.1376,218.906,3.71827],"direction":[0.0141928,0.0147774,-0.99979],"extended":true,"handId":19,"id":192,"length":54.597,"mcpPosition":[87.5438,215.566,66.0222],"pipPosition":[88.8087,218.564,26.8834],"stabilizedTipPosition":[89.0879,218.886,-7.95118],"timeVisible":15.827,"tipPosition":[90.438,220.285,-8.37039],"tipVelocity":[4.01445,-5.33644,-5.54137],"tool":false,"touchDistance":0.32943,"touchZone":"hovering","type":2,"width":14.748},{"bases":[[[0.93111,-0.361327,0.0497732],[0.343084,0.913954,0.216752],[-0.123809,-0.184743,0.974957]],[[0.939147,-0.338001,-0.0613059],[0.343257,0.930306,0.129253],[0.0133456,-0.142431,0.989715]],[[0.939147,-0.338001,-0.0613059],[0.341726,0.937451,0.0664071],[0.0350256,-0.0833158,0.995907]],[[0.939147,-0.338001,-0.0613059],[0.340621,0.939403,0.0387266],[0.0445013,-0.057252,0.997367]]],"btipPosition":[103.399,219.324,-3.07777],"carpPosition":[98.9342,201.809,121.16],"dipPosition":[104.076,218.452,12.1059],"direction":[-0.0350256,0.0833158,-0.995907],"extended":true,"handId":19,"id":193,"length":52.4964,"mcpPosition":[105.353,211.386,70.6158],"pipPosition":[104.867,216.571,34.5852],"stabilizedTipPosition":[103.454,219.221,0.527798],"timeVisible":15.827,"tipPosition":[104.004,221.313,0.434394],"tipVelocity":[2.18258,-5.47357,-5.18977],"tool":false,"touchDistance":0.330162,"touchZone":"hovering","type":3,"width":14.0337},{"bases":[[[0.84095,-0.526293,0.125777],[0.471433,0.826692,0.307132],[-0.26562,-0.198987,0.943319]],[[0.881772,-0.447817,-0.148113],[0.470794,0.854791,0.21837],[0.0288159,-0.262283,0.964561]],[[0.881772,-0.447817,-0.148113],[0.465104,0.87774,0.11511],[0.0784565,-0.170389,0.982249]],[[0.881772,-0.447817,-0.148113],[0.461154,0.884451,0.0713012],[0.0990687,-0.131174,0.986397]]],"btipPosition":[117.116,215.781,18.0513],"carpPosition":[107.841,194.117,120.618],"dipPosition":[118.507,213.939,31.9048],"direction":[-0.0784565,0.170389,-0.982249],"extended":true,"handId":19,"id":194,"length":41.1562,"mcpPosition":[120.588,203.667,75.3482],"pipPosition":[119.758,211.223,47.5585],"stabilizedTipPosition":[117.293,215.506,21.3652],"timeVisible":15.827,"tipPosition":[120.044,217.493,21.5386],"tipVelocity":[3.38501,-10.4308,-5.97129],"tool":false,"touchDistance":0.32925,"touchZone":"hovering","type":4,"width":12.4658}],"r":[[-0.257666,0.927771,0.269905],[-0.824831,-0.0657128,-0.561548],[-0.503252,-0.367317,0.782187]],"s":1.40797,"t":[4.23831,9.0451,334.236],"timestamp":17186527452},{"currentFrameRate":98.0471,"devices":[],"gestures":[],"hands":[{"armBasis":[[0.933673,-0.333185,-0.131314],[-0.0399805,-0.46135,0.886317],[-0.355889,-0.82228,-0.444071]],"armWidth":50.46,"confidence":1,"direction":[0.0234156,0.344428,-0.938521],"elbow":[10.0897,-7.70226,34.6531],"grabAngle":0.217208,"grabStrength":0,"id":19,"palmNormal":[-0.130079,-0.929748,-0.344454],"palmPosition":[89.0702,204.701,84.1714],"palmVelocity":[-0.158671,-6.61176,-8.22558],"palmWidth":75.2964,"pinchDistance":48.8982,"pinchStrength":0,"r":[[0.776408,-0.273505,0.56779],[0.345735,0.9381,-0.0208822],[-0.526933,0.212518,0.822908]],"s":1.02246,"sphereCenter":[57.1864,1.187,15.9934],"sphereRadius":218.745,"stabilizedPalmPosition":[88.9027,204.538,84.5455],"t":[88.3167,85.9131,-16.4917],"timeVisible":15.835,"type":"right","wrist":[89.6159,176.043,133.884]},{"armBasis":[[-0.249903,-0.420786,-0.87206],[-0.79087,0.608317,-0.0668884],[-0.558635,-0.672971,0.484807]],"armWidth":50.46,"confidence":1,"direction":[0.68377,0.727732,0.0535295],"elbow":[-291.992,-79.9424,201.024],"grabAngle":1.21639,"grabStrength":0,"id":22,"palmNormal":[0.725114,-0.685854,0.0617665],"palmPosition":[-122.965,113.563,97.5782],"palmVelocity":[-1.35104,2.17074,-0.983215],"palmWidth":75.2964,"pinchDistance":61.1447,"pinchStrength":0,"r":[[0.918286,-0.251924,-0.305427],[0.362578,0.844957,0.393173],[0.159023,-0.471786,0.867254]],"s":1.26655,"sphereCenter":[-68.3536,85.0571,89.2004],"sphereRadius":61.7933,"stabilizedPalmPosition":[-125.575,116.329,96.3791],"t":[22.0592,-75.1188,28.445],"timeVisible":12.0194,"type":"left","wrist":[-167.161,70.4381,92.6901]}],"id":13738,"interactionBox":{"center":[0,200,0],"size":[235.247,235.247,147.751]},"pointables":[{"bases":[[[0.519783,0.84643,0.115685],[-0.748699,0.38612,0.538852],[0.411432,-0.366699,0.834419]],[[0.470587,0.882085,0.0217811],[-0.714534,0.366484,0.595928],[0.517677,-0.295999,0.802742]],[[0.470587,0.882085,0.0217811],[-0.87784,0.465543,0.112544],[0.0891332,-0.072082,0.993408]],[[0.470587,0.882085,0.0217811],[-0.853781,0.46144,-0.241102],[-0.222723,0.0948632,0.970255]]],"btipPosition":[50.5101,198.018,48.0719],"carpPosition":[70.1263,185.596,127.324],"dipPosition":[46.264,199.826,66.5694],"direction":[-0.0891332,0.072082,-0.993408],"extended":false,"handId":19,"id":190,"length":42.4539,"mcpPosition":[70.1263,185.596,127.324],"pipPosition":[48.7396,197.824,94.1605],"stabilizedTipPosition":[49.356,198.16,52.6588],"timeVisible":15.835,"tipPosition":[50.1627,199.903,52.7553],"tipVelocity":[-0.159006,-4.75293,-6.85385],"tool":false,"touchDistance":0.326338,"touchZone":"hovering","type":0,"width":15.7185},{"bases":[[[-0.482275,0.754074,-0.445851],[-0.656854,0.0254671,0.753588],[-0.579616,-0.656295,-0.483034]],[[-0.170013,0.968691,-0.180926],[-0.527407,0.0656466,0.847073],[-0.832428,-0.239435,-0.499734]],[[-0.170013,0.968691,-0.180926],[-0.375763,0.106001,0.920633],[-0.910987,-0.224505,-0.345977]],[[-0.170013,0.968691,-0.180926],[-0.217771,0.142127,0.965596],[-0.961078,-0.203564,-0.186789]]],"btipPosition":[-74.9689,95.368,146.409],"carpPosition":[-152.983,75.3599,112.593],"dipPosition":[-93.2914,91.4871,142.847],"direction":[0.910987,0.224505,0.345977],"extended":true,"handId":22,"id":220,"length":42.4539,"mcpPosition":[-152.983,75.3599,112.593],"pipPosition":[-118.593,85.2517,133.238],"stabilizedTipPosition":[-78.48,98.9874,141.717],"timeVisible":12.0194,"tipPosition":[-79.0162,95.5609,146.24],"tipVelocity":[-7.01782,3.03984,3.10647],"tool":false,"touchDistance":1,"touchZone":"none","type":0,"width":15.7185},{"bases":[[[0.19531,0.118817,-0.973518],[-0.619134,0.78477,-0.028432],[-0.760609,-0.608291,-0.226837]],[[0.147627,0.0807556,-0.985741],[-0.554058,0.832347,-0.0147883],[-0.819284,-0.54834,-0.16762]],[[0.147627,0.0807556,-0.985741],[-0.218752,0.974644,0.0470856],[-0.964548,-0.208682,-0.161549]],[[0.147627,0.0807556,-0.985741],[0.0820066,0.99223,0.0935687],[-0.985637,0.0946505,-0.139858]]],"btipPosition":[-50.4237,151.9,130.22],"carpPosition":[-158.112,92.8852,105.416],"dipPosition":[-64.1417,153.217,128.273],"direction":[0.964548,0.208682,0.161549],"extended":true,"handId":22,"id":221,"length":47.9045,"mcpPosition":[-111.805,129.918,119.226],"pipPosition":[-83.1329,149.109,125.092],"stabilizedTipPosition":[-54.2349,151.003,128.727],"timeVisible":12.0194,"tipPosition":[-51.9485,147.099,129.042],"tipVelocity":[-2.40352,0.34019,0.245468],"tool":false,"touchDistance":0.9962,"touchZone":"none","type":1,"width":15.0143},{"bases":[[[0.19342,-0.0999946,-0.976007],[-0.59375,0.780014,-0.197581],[-0.781057,-0.617721,-0.0914981]],[[0.221481,-0.0776368,-0.972069],[-0.399692,0.902021,-0.16311],[-0.88949,-0.424654,-0.168749]],[[0.221481,-0.0776368,-0.972069],[0.201708,0.978915,-0.0322256],[-0.954076,0.188937,-0.232471]],[[0.221481,-0.0776368,-0.972069],[0.587302,0.806386,0.0694093],[-0.778475,0.586271,-0.224195]]],"btipPosition":[-42.6082,134.471,116.397],"carpPosition":[-156.644,95.485,95.6716],"dipPosition":[-54.525,143.446,112.965],"direction":[0.954076,-0.188937,0.232471],"extended":true,"handId":22,"id":222,"length":54.5833,"mcpPosition":[-111.55,131.149,100.954],"pipPosition":[-76.6255,147.823,107.58],"stabilizedTipPosition":[-47.8495,134.975,113.962],"timeVisible":12.0194,"tipPosition":[-46.0252,130.116,115.734],"tipVelocity":[-2.66846,-0.299787,1.3573],"tool":false,"touchDistance":0.760127,"touchZone":"none","type":2,"width":14.746},{"bases":[[[0.120578,-0.248322,-0.961144],[-0.60301,0.750788,-0.269623],[-0.788568,-0.61209,0.0592122]],[[0.170336,-0.209011,-0.962964],[-0.331848,0.907994,-0.25578],[-0.927827,-0.363126,-0.0853043]],[[0.170336,-0.209011,-0.962964],[0.286264,0.945595,-0.154605],[-0.942888,0.249327,-0.220901]],[[0.170336,-0.209011,-0.962964],[0.645262,0.762237,-0.0513049],[-0.74473,0.612625,-0.264703]]],"btipPosition":[-47.3427,125.468,94.7598],"carpPosition":[-154.6,95.4735,85.7108],"dipPosition":[-58.6775,134.792,90.731],"direction":[0.942888,-0.249327,0.220901],"extended":true,"handId":22,"id":223,"length":52.4833,"mcpPosition":[-113.724,127.202,82.6414],"pipPosition":[-79.9547,140.418,85.7462],"stabilizedTipPosition":[-53.5062,130.2,91.7132],"timeVisible":12.0194,"tipPosition":[-50.3611,122.638,94.4963],"tipVelocity":[-1.96135,0.301106,1.67381],"tool":false,"touchDistance":0.39722,"touchZone":"none","type":3,"width":14.0318},{"bases":[[[0.126465,-0.438111,-0.88998],[-0.644198,0.645979,-0.409536],[-0.754331,-0.625116,0.200536]],[[0.137275,-0.429097,-0.892766],[-0.270156,0.85091,-0.45052],[-0.95298,-0.303032,-0.000885131]],[[0.137275,-0.429097,-0.892766],[0.338589,0.867335,-0.364812],[-0.930867,0.252201,-0.264351]],[[0.137275,-0.429097,-0.892766],[0.656601,0.714248,-0.242333],[-0.741641,0.552925,-0.379794]]],"btipPosition":[-61.7463,116.73,76.1336],"carpPosition":[-150.636,89.7881,76.1862],"dipPosition":[-72.1598,124.494,70.8009],"direction":[0.930867,-0.252201,0.264351],"extended":false,"handId":22,"id":224,"length":41.146,"mcpPosition":[-114.44,119.784,66.5636],"pipPosition":[-86.9909,128.512,66.5891],"stabilizedTipPosition":[-67.6373,121.859,74.3813],"timeVisible":12.0194,"tipPosition":[-64.8591,114.543,76.7255],"tipVelocity":[-0.778247,2.04936,1.43208],"tool":false,"touchDistance":0.333333,"touchZone":"none","type":4,"width":12.4641},{"bases":[[[0.981087,-0.0704699,-0.180285],[0.107376,0.97307,0.203972],[0.161056,-0.219473,0.962233]],[[0.981968,-0.135904,0.131409],[0.123776,0.987611,0.096459],[-0.14289,-0.0784545,0.986624]],[[0.981968,-0.135904,0.131409],[0.131183,0.990382,0.043976],[-0.136121,-0.0259444,0.990352]],[[0.981968,-0.135904,0.131409],[0.14184,0.989202,-0.036882],[-0.124977,0.054856,0.990642]]],"btipPosition":[78.6692,218.679,-1.97097],"carpPosition":[79.0541,202.825,124.426],"dipPosition":[76.9297,219.443,11.8167],"direction":[0.136121,0.0259444,-0.990352],"extended":true,"handId":19,"id":191,"length":47.9045,"mcpPosition":[69.2489,216.186,65.8449],"pipPosition":[74.2496,218.932,31.3159],"stabilizedTipPosition":[78.1155,218.925,1.39002],"timeVisible":15.835,"tipPosition":[78.9048,216.563,1.03817],"tipVelocity":[0.735709,-6.69504,-6.5528],"tool":false,"touchDistance":0.327242,"touchZone":"hovering","type":1,"width":15.0143},{"bases":[[[0.96105,-0.264319,-0.0807391],[0.275205,0.942093,0.191633],[0.0254115,-0.206388,0.97814]],[[0.959319,-0.282165,0.00948125],[0.280487,0.956364,0.0818249],[-0.0321557,-0.0758368,0.996602]],[[0.959319,-0.282165,0.00948125],[0.28197,0.959256,0.0179173],[-0.0141506,-0.014515,0.999795]],[[0.959319,-0.282165,0.00948125],[0.282243,0.959307,-0.00826587],[-0.00676309,0.0106056,0.999921]]],"btipPosition":[89.245,218.659,-11.6421],"carpPosition":[89.0182,203.592,122.427],"dipPosition":[89.1415,218.822,3.66462],"direction":[0.0141506,0.014515,-0.999795],"extended":true,"handId":19,"id":192,"length":54.5833,"mcpPosition":[87.5511,215.508,65.9546],"pipPosition":[88.8137,218.485,26.8241],"stabilizedTipPosition":[89.0984,218.872,-7.96451],"timeVisible":15.835,"tipPosition":[90.4457,220.2,-8.44097],"tipVelocity":[0.382314,-10.9105,-6.30272],"tool":false,"touchDistance":0.328585,"touchZone":"hovering","type":2,"width":14.746},{"bases":[[[0.930815,-0.362072,0.0498675],[0.343834,0.913742,0.216458],[-0.123939,-0.184336,0.975018]],[[0.938874,-0.338724,-0.0614902],[0.343993,0.930099,0.12878],[0.0135711,-0.14206,0.989765]],[[0.938874,-0.338724,-0.0614902],[0.342468,0.937169,0.0665581],[0.0350819,-0.0835481,0.995886]],[[0.938874,-0.338724,-0.0614902],[0.341355,0.939136,0.0387287],[0.0446293,-0.0573514,0.997356]]],"btipPosition":[103.39,219.243,-3.12767],"carpPosition":[98.9304,201.76,121.09],"dipPosition":[104.069,218.371,12.052],"direction":[-0.0350819,0.0835481,-0.995886],"extended":true,"handId":19,"id":193,"length":52.4833,"mcpPosition":[105.355,211.315,70.5486],"pipPosition":[104.861,216.485,34.5252],"stabilizedTipPosition":[103.46,219.209,0.516292],"timeVisible":15.835,"tipPosition":[104.013,221.217,0.36277],"tipVelocity":[-1.03914,-10.0024,-6.31945],"tool":false,"touchDistance":0.329315,"touchZone":"hovering","type":3,"width":14.0318},{"bases":[[[0.840523,-0.526939,0.125925],[0.472114,0.826404,0.306864],[-0.265763,-0.198475,0.943386]],[[0.881403,-0.448591,-0.147967],[0.471492,0.854529,0.21789],[0.0286982,-0.261815,0.964691]],[[0.881403,-0.448591,-0.147967],[0.465821,0.877407,0.11475],[0.0783514,-0.170067,0.982313]],[[0.881403,-0.448591,-0.147967],[0.461895,0.884077,0.0711441],[0.0988994,-0.131052,0.98643]]],"btipPosition":[117.119,215.676,17.9949],"carpPosition":[107.83,194.061,120.55],"dipPosition":[118.507,213.836,31.8454],"direction":[-0.0783514,0.170067,-0.982313],"extended":true,"handId":19,"id":194,"length":41.146,"mcpPosition":[120.582,203.585,75.2827],"pipPosition":[119.756,211.126,47.4961],"stabilizedTipPosition":[117.303,215.489,21.3526],"timeVisible":15.835,"tipPosition":[120.049,217.393,21.4675],"tipVelocity":[0.258523,-12.9864,-7.10772],"tool":false,"touchDistance":0.328297,"touchZone":"hovering","type":4,"width":12.4641}],"r":[[-0.25746,0.927872,0.269757],[-0.824853,-0.0656241,-0.561526],[-0.503322,-0.36708,0.782253]],"s":1.40814,"t":[4.23795,9.02967,334.209],"timestamp":17186535492},{"currentFrameRate":98.6802,"devices":[],"gestures":[],"hands":[{"armBasis":[[0.93388,-0.332387,-0.13186],[-0.0386701,-0.460462,0.886837],[-0.355489,-0.8231,-0.442869]],"armWidth":50.4524,"confidence":1,"direction":[0.0222557,0.343458,-0.938904],"elbow":[10.2397,-7.86245,34.934],"grabAngle":0.216055,"grabStrength":0,"id":19,"palmNormal":[-0.128837,-0.930321,-0.343372],"palmPosition":[89.0518,204.641,84.1467],"palmVelocity":[-2.0709,-6.67263,-2.7843],"palmWidth":75.2868,"pinchDistance":48.8903,"pinchStrength":0,"r":[[0.776279,-0.273798,0.567825],[0.346127,0.937954,-0.0209249],[-0.526865,0.212783,0.822883]],"s":1.02228,"sphereCenter":[57.4467,0.868167,16.0948],"sphereRadius":218.928,"stabilizedPalmPosition":[88.9053,204.54,84.5387],"t":[88.3102,85.8591,-16.5391],"timeVisible":15.8439,"type":"right","wrist":[89.6671,176.044,133.885]},{"armBasis":[[-0.249206,-0.421344,-0.871989],[-0.791097,0.607936,-0.0676659],[-0.558625,-0.672965,0.484826]],"armWidth":50.4524,"confidence":1,"direction":[0.683843,0.727641,0.0538355],"elbow":[-291.981,-79.8935,200.995],"grabAngle":1.21547,"grabStrength":0,"id":22,"palmNormal":[0.724962,-0.685949,0.0624878],"palmPosition":[-122.977,113.585,97.5757],"palmVelocity":[-1.28735,2.47785,-0.276782],"palmWidth":75.2868,"pinchDistance":61.1325,"pinchStrength":0,"r":[[0.918302,-0.252048,-0.305276],[0.362649,0.844845,0.393349],[0.158768,-0.471921,0.867228]],"s":1.2666,"sphereCenter":[-68.3501,85.0462,89.2242],"sphereRadius":61.8207,"stabilizedPalmPosition":[-125.569,116.323,96.382],"t":[22.048,-75.101,28.4359],"timeVisible":12.0283,"type":"left","wrist":[-167.167,70.4681,92.6699]}],"id":13739,"interactionBox":{"center":[0,200,0],"size":[235.247,235.247,147.751]},"pointables":[{"bases":[[[0.518521,0.847372,0.114436],[-0.748953,0.385516,0.538931],[0.412558,-0.365154,0.834541]],[[0.469421,0.882727,0.0209099],[-0.714665,0.365927,0.596113],[0.518554,-0.294771,0.802628]],[[0.469421,0.882727,0.0209099],[-0.878432,0.464475,0.112338],[0.0894517,-0.0711017,0.99345]],[[0.469421,0.882727,0.0209099],[-0.854483,0.460113,-0.241152],[-0.222492,0.0953344,0.970262]]],"btipPosition":[50.505,197.889,48.0949],"carpPosition":[70.1687,185.555,127.327],"dipPosition":[46.2645,199.706,66.5875],"direction":[-0.0894517,0.0711017,-0.99345],"extended":false,"handId":19,"id":190,"length":42.4423,"mcpPosition":[70.1687,185.555,127.327],"pipPosition":[48.7483,197.731,94.1722],"stabilizedTipPosition":[49.36,198.163,52.6517],"timeVisible":15.8439,"tipPosition":[50.1297,199.745,52.7602],"tipVelocity":[-0.427737,-14.3071,2.46441],"tool":false,"touchDistance":0.326703,"touchZone":"hovering","type":0,"width":15.7158},{"bases":[[[-0.481829,0.754027,-0.446412],[-0.657405,0.0257737,0.753096],[-0.579361,-0.656337,-0.483283]],[[-0.169807,0.968642,-0.181381],[-0.528177,0.0659313,0.846571],[-0.831982,-0.239555,-0.500419]],[[-0.169807,0.968642,-0.181381],[-0.376641,0.106291,0.920241],[-0.910663,-0.224579,-0.346782]],[[-0.169807,0.968642,-0.181381],[-0.218702,0.142424,0.965342],[-0.960903,-0.20359,-0.18766]]],"btipPosition":[-75.0405,95.4067,146.454],"carpPosition":[-153.008,75.3951,112.577],"dipPosition":[-93.3547,91.5265,142.877],"direction":[0.910663,0.224579,0.346782],"extended":true,"handId":22,"id":220,"length":42.4423,"mcpPosition":[-153.008,75.3951,112.577],"pipPosition":[-118.641,85.2907,133.248],"stabilizedTipPosition":[-78.482,98.976,141.727],"timeVisible":12.0283,"tipPosition":[-79.0666,95.5877,146.273],"tipVelocity":[-7.84689,4.37959,4.69064],"tool":false,"touchDistance":1,"touchZone":"none","type":0,"width":15.7158},{"bases":[[[0.196046,0.118522,-0.973406],[-0.618992,0.784858,-0.0291021],[-0.760536,-0.608236,-0.227232]],[[0.14831,0.0804191,-0.985666],[-0.553889,0.832447,-0.0154236],[-0.819275,-0.548237,-0.168003]],[[0.14831,0.0804191,-0.985666],[-0.219121,0.974587,0.0465447],[-0.96436,-0.209078,-0.162162]],[[0.14831,0.0804191,-0.985666],[0.080463,0.992402,0.0930757],[-0.985662,0.0931136,-0.140712]]],"btipPosition":[-50.4703,151.944,130.253],"carpPosition":[-158.128,92.9175,105.393],"dipPosition":[-64.1849,153.239,128.295],"direction":[0.96436,0.209078,0.162162],"extended":true,"handId":22,"id":221,"length":47.8914,"mcpPosition":[-111.832,129.943,119.225],"pipPosition":[-83.1672,149.124,125.103],"stabilizedTipPosition":[-54.2324,151.009,128.731],"timeVisible":12.0283,"tipPosition":[-51.9808,147.128,129.085],"tipVelocity":[-5.16492,4.37033,3.43379],"tool":false,"touchDistance":0.996708,"touchZone":"none","type":1,"width":15.0118},{"bases":[[[0.194124,-0.10029,-0.975837],[-0.593484,0.780052,-0.198231],[-0.781084,-0.617625,-0.0919059]],[[0.222112,-0.0779945,-0.971897],[-0.399498,0.902002,-0.163685],[-0.88942,-0.424628,-0.169187]],[[0.222112,-0.0779945,-0.971897],[0.201507,0.978947,-0.0325089],[-0.953971,0.188624,-0.233153]],[[0.222112,-0.0779945,-0.971897],[0.586872,0.806701,0.0693831],[-0.778619,0.58579,-0.224951]]],"btipPosition":[-42.6425,134.503,116.438],"carpPosition":[-156.653,95.5142,95.6495],"dipPosition":[-54.5583,143.468,112.995],"direction":[0.953971,-0.188624,0.233153],"extended":true,"handId":22,"id":222,"length":54.5684,"mcpPosition":[-111.563,131.168,100.955],"pipPosition":[-76.6503,147.836,107.596],"stabilizedTipPosition":[-47.8407,134.981,113.968],"timeVisible":12.0283,"tipPosition":[-46.0465,130.141,115.783],"tipVelocity":[-3.8427,3.31942,4.35161],"tool":false,"touchDistance":0.760771,"touchZone":"none","type":2,"width":14.7436},{"bases":[[[0.121248,-0.248602,-0.960987],[-0.602695,0.750807,-0.270272],[-0.788706,-0.611952,0.0587973]],[[0.170953,-0.209349,-0.962782],[-0.331672,0.907909,-0.256309],[-0.927776,-0.363145,-0.0857744]],[[0.170953,-0.209349,-0.962782],[0.286174,0.945591,-0.154797],[-0.942804,0.24906,-0.221561]],[[0.170953,-0.209349,-0.962782],[0.645055,0.762416,-0.0512443],[-0.744768,0.612286,-0.265378]]],"btipPosition":[-47.3634,125.495,94.8012],"carpPosition":[-154.601,95.4996,85.6913],"dipPosition":[-58.6956,134.811,90.7632],"direction":[0.942804,-0.24906,0.221561],"extended":true,"handId":22,"id":223,"length":52.469,"mcpPosition":[-113.723,127.217,82.6438],"pipPosition":[-79.9652,140.43,85.7648],"stabilizedTipPosition":[-53.501,130.196,91.7164],"timeVisible":12.0283,"tipPosition":[-50.3683,122.655,94.5439],"tipVelocity":[-2.26661,2.86729,4.42172],"tool":false,"touchDistance":0.397874,"touchZone":"none","type":3,"width":14.0294},{"bases":[[[0.127054,-0.438373,-0.889768],[-0.643796,0.645967,-0.410187],[-0.754575,-0.624945,0.20015]],[[0.137912,-0.429324,-0.892559],[-0.270106,0.850709,-0.450929],[-0.952902,-0.303274,-0.00135947]],[