{"frames":59,"data":[{"currentFrameRate":114.061,"devices":[],"gestures":[],"hands":[{"armBasis":[[-0.38766,0.0296924,-0.921324],[-0.365115,0.91279,0.183045],[-0.846411,-0.407348,0.343011]],"armWidth":50.6042,"confidence":1,"direction":[0.405955,0.88032,0.245431],"elbow":[-320.294,10.892,187.074],"grabAngle":1.39025,"grabStrength":0,"id":27,"palmNormal":[0.909637,-0.415108,-0.0156619],"palmPosition":[-99.2182,150.275,126.85],"palmVelocity":[-1.87094,5.35584,6.55431],"palmWidth":74.8496,"pinchDistance":58.5501,"pinchStrength":0,"r":[[0.403179,0.705014,0.583439],[-0.48553,0.705219,-0.51665],[-0.775698,-0.074975,0.626635]],"s":0.924986,"sphereCenter":[-49.2299,147.163,124.638],"sphereRadius":50.1049,"stabilizedPalmPosition":[-102.972,152.97,125.821],"t":[21.0891,-13.4672,-11.7412],"timeVisible":4.97766,"type":"left","wrist":[-132.301,101.366,110.889]},{"armBasis":[[0.929635,0.1884,-0.316676],[-0.00615162,0.867225,0.497879],[0.368429,-0.460898,0.807362]],"armWidth":50.6042,"confidence":1,"direction":[-0.100306,0.0284462,-0.99455],"elbow":[190.872,15.4609,378.772],"grabAngle":0.375956,"grabStrength":0,"id":28,"palmNormal":[0.0603621,-0.997576,-0.0346206],"palmPosition":[94.2471,119.666,139.136],"palmVelocity":[-26.2204,-7.88845,-10.1602],"palmWidth":74.8496,"pinchDistance":53.4234,"pinchStrength":0,"r":[[0.991026,0.101092,-0.0874574],[-0.118739,0.966254,-0.228594],[0.061397,0.236927,0.969585]],"s":1.01541,"sphereCenter":[90.0863,-33.2225,130.928],"sphereRadius":155.778,"stabilizedPalmPosition":[91.2293,121.355,135.781],"t":[-4.69292,-12.9278,9.82083],"timeVisible":2.14206,"type":"right","wrist":[109.042,117.829,199.452]}],"id":15998,"interactionBox":{"center":[0,200,0],"size":[235.247,235.247,147.751]},"pointables":[{"bases":[[[-0.698941,0.635458,-0.328139],[-0.636129,-0.342706,0.691298],[-0.326836,-0.691915,-0.643764]],[[-0.497543,0.866986,-0.0280355],[-0.49871,-0.259455,0.827026],[-0.709746,-0.425463,-0.561464]],[[-0.497543,0.866986,-0.0280355],[-0.406904,-0.204726,0.890234],[-0.766081,-0.454338,-0.45464]],[[-0.497543,0.866986,-0.0280355],[-0.312485,-0.148991,0.938166],[-0.809199,-0.475539,-0.34505]]],"btipPosition":[-50.9443,140.665,173.179],"carpPosition":[-115.059,102.534,131.826],"dipPosition":[-65.6424,132.028,166.912],"direction":[0.766081,0.454338,0.45464],"extended":true,"handId":27,"id":270,"length":40.448,"mcpPosition":[-115.059,102.534,131.826],"pipPosition":[-85.9143,120.005,154.881],"stabilizedTipPosition":[-54.2213,139.007,169.018],"timeVisible":4.97766,"tipPosition":[-54.4767,139.37,171.237],"tipVelocity":[3.73146,2.0362,4.61272],"tool":false,"touchDistance":1,"touchZone":"none","type":0,"width":15.8289},{"bases":[[[0.155003,0.374159,-0.914319],[-0.842403,0.53353,0.0755208],[-0.516073,-0.758519,-0.397891]],[[0.132783,0.341367,-0.930504],[-0.824317,0.559316,0.0875617],[-0.550336,-0.755403,-0.355662]],[[0.132783,0.341367,-0.930504],[-0.62285,0.759025,0.189577],[-0.770991,-0.554392,-0.313406]],[[0.132783,0.341367,-0.930504],[-0.426344,0.867195,0.257302],[-0.894762,-0.36255,-0.260689]]],"btipPosition":[-49.6218,204.784,173.082],"carpPosition":[-125.532,118.484,127.807],"dipPosition":[-61.4866,199.976,169.626],"direction":[0.770991,0.554392,0.313406],"extended":true,"handId":27,"id":271,"length":45.641,"mcpPosition":[-94.2997,164.389,151.887],"pipPosition":[-75.9495,189.577,163.746],"stabilizedTipPosition":[-53.0764,203.848,170.892],"timeVisible":4.97766,"tipPosition":[-53.0618,204.457,172.44],"tipVelocity":[-9.49021,3.49734,16.2298],"tool":false,"touchDistance":1,"touchZone":"none","type":1,"width":15.1198},{"bases":[[[0.225177,0.171768,-0.959057],[-0.815196,0.572322,-0.0888969],[-0.53362,-0.801837,-0.268898]],[[0.236554,0.188901,-0.953078],[-0.599056,0.800645,0.0100032],[-0.764967,-0.568581,-0.302559]],[[0.236554,0.188901,-0.953078],[-0.0137282,0.98147,0.191122],[-0.971521,0.0321266,-0.234764]],[[0.236554,0.188901,-0.953078],[0.403909,0.873025,0.273285],[-0.883685,0.449604,-0.130219]]],"btipPosition":[-31.337,183.37,152.776],"carpPosition":[-124.908,123.347,118.944],"dipPosition":[-44.2252,189.927,150.876],"direction":[0.971521,-0.0321266,0.234764],"extended":false,"handId":27,"id":272,"length":52.0043,"mcpPosition":[-94.2829,169.367,134.377],"pipPosition":[-65.6665,190.636,145.695],"stabilizedTipPosition":[-35.3819,185.552,150.792],"timeVisible":4.97766,"tipPosition":[-34.4156,185.105,152.629],"tipVelocity":[-8.65758,10.2491,9.70253],"tool":false,"touchDistance":1,"touchZone":"none","type":2,"width":14.8496},{"bases":[[[0.205004,0.00826238,-0.978726],[-0.81362,0.557279,-0.165717],[-0.544055,-0.830284,-0.120967]],[[0.224368,0.0380095,-0.973763],[-0.466145,0.881692,-0.0729905],[-0.855785,-0.470291,-0.215542]],[[0.224368,0.0380095,-0.973763],[0.241125,0.966002,0.093265],[-0.944202,0.255724,-0.207575]],[[0.224368,0.0380095,-0.973763],[0.657581,0.731547,0.180071],[-0.719198,0.680731,-0.139142]]],"btipPosition":[-34.4489,169.762,129.603],"carpPosition":[-122.888,126.04,109.415],"dipPosition":[-44.8779,179.633,127.586],"direction":[0.944202,-0.255724,0.207575],"extended":false,"handId":27,"id":273,"length":50.0035,"mcpPosition":[-94.8534,168.823,115.649],"pipPosition":[-65.178,185.131,123.123],"stabilizedTipPosition":[-38.1898,171.455,127.205],"timeVisible":4.97766,"tipPosition":[-37.2333,169.367,129.172],"tipVelocity":[-8.19627,17.2113,7.8666],"tool":false,"touchDistance":0.985653,"touchZone":"none","type":3,"width":14.1304},{"bases":[[[0.272255,-0.180083,-0.945224],[-0.816678,0.476223,-0.325959],[-0.508836,-0.860687,0.0174156]],[[0.270276,-0.183424,-0.945149],[-0.389381,0.876992,-0.281545],[-0.88053,-0.444118,-0.165608]],[[0.270276,-0.183424,-0.945149],[0.335146,0.938211,-0.0862389],[-0.902567,0.293454,-0.31505]],[[0.270276,-0.183424,-0.945149],[0.706777,0.704406,0.0654078],[-0.653771,0.685688,-0.320024]]],"btipPosition":[-46.3331,163.653,112.149],"carpPosition":[-117.215,124.038,99.3713],"dipPosition":[-55.079,172.825,107.868],"direction":[0.902568,-0.293454,0.31505],"extended":false,"handId":27,"id":274,"length":39.2018,"mcpPosition":[-92.9438,165.092,98.5406],"pipPosition":[-68.7798,177.28,103.085],"stabilizedTipPosition":[-49.3754,165.291,109.499],"timeVisible":4.97766,"tipPosition":[-48.9048,164.403,111.542],"tipVelocity":[-7.74735,18.7042,6.62183],"tool":false,"touchDistance":0.686071,"touchZone":"none","type":4,"width":12.5517},{"bases":[[[0.326068,0.923364,-0.202678],[-0.787109,0.383919,0.482769],[0.523583,0.00211389,0.851972]],[[0.293374,0.9215,-0.254499],[-0.687745,0.388348,0.613345],[0.664032,-0.00490896,0.747688]],[[0.293374,0.9215,-0.254499],[-0.945506,0.319016,0.0651708],[0.141244,0.221511,0.964875]],[[0.293374,0.9215,-0.254499],[-0.9349,0.220927,-0.277765],[-0.199735,0.31942,0.926324]]],"btipPosition":[54.8678,100.452,114.559],"carpPosition":[82.2445,111.914,187.619],"dipPosition":[51.2398,106.253,131.385],"direction":[-0.141244,-0.221511,-0.964875],"extended":true,"handId":28,"id":280,"length":40.448,"mcpPosition":[82.2445,111.914,187.619],"pipPosition":[54.9774,112.115,156.917],"stabilizedTipPosition":[50.8081,102.216,116.751],"timeVisible":2.14206,"tipPosition":[50.8395,100.725,119.287],"tipVelocity":[-25.5775,-36.1228,39.721],"tool":false,"touchDistance":0.80715,"touchZone":"hovering","type":0,"width":15.8289},{"bases":[[[0.962184,0.0673804,-0.263937],[-0.0990979,0.989117,-0.10875],[0.253737,0.130794,0.95839]],[[0.987998,0.110817,0.107607],[-0.0831005,0.968566,-0.234467],[-0.130207,0.222711,0.96615]],[[0.987998,0.110817,0.107607],[-0.0638392,0.927304,-0.368824],[-0.140656,0.357528,0.92325]],[[0.987998,0.110817,0.107607],[-0.0448379,0.872396,-0.486739],[-0.147815,0.476072,0.866895]]],"btipPosition":[80.5639,100.27,59.739],"carpPosition":[86.9797,128.631,178.769],"dipPosition":[78.6038,106.583,71.2343],"direction":[0.140656,-0.357528,-0.92325],"extended":true,"handId":28,"id":281,"length":45.641,"mcpPosition":[71.6237,120.716,120.768],"pipPosition":[75.9653,113.29,88.5534],"stabilizedTipPosition":[79.562,101.991,61.2113],"timeVisible":2.14206,"tipPosition":[78.9027,103.553,62.161],"tipVelocity":[-78.2978,-79.9571,15.4045],"tool":false,"touchDistance":0.337851,"touchZone":"hovering","type":1,"width":15.1198},{"bases":[[[0.990319,-0.0851827,-0.109596],[0.0705921,0.9889,-0.130739],[0.119516,0.121737,0.985341]],[[0.997505,-0.0698665,0.0101344],[0.0703962,0.973519,-0.217497],[0.00532968,0.217668,0.976008]],[[0.997505,-0.0698665,0.0101344],[0.0687497,0.928703,-0.364397],[0.0160473,0.364184,0.931189]],[[0.997505,-0.0698665,0.0101344],[0.0666823,0.885282,-0.460249],[0.0231841,0.459776,0.887732]]],"btipPosition":[88.6082,100.755,48.9476],"carpPosition":[96.3591,130.628,175.508],"dipPosition":[88.9463,107.461,61.8948],"direction":[-0.0160473,-0.364184,-0.931189],"extended":true,"handId":28,"id":282,"length":52.0043,"mcpPosition":[89.4999,123.641,118.957],"pipPosition":[89.3005,115.499,82.4459],"stabilizedTipPosition":[88.89,103.38,50.0752],"timeVisible":2.14206,"tipPosition":[89.4729,103.906,51.8589],"tipVelocity":[-53.4721,-81.3135,6.31328],"tool":false,"touchDistance":0.337653,"touchZone":"hovering","type":2,"width":14.8496},{"bases":[[[0.988955,-0.140643,0.0467694],[0.14494,0.983664,-0.106758],[-0.0309906,0.112357,0.993184]],[[0.987612,-0.150383,-0.0447982],[0.141691,0.977351,-0.15719],[0.0674223,0.148895,0.986552]],[[0.987612,-0.150383,-0.0447982],[0.128992,0.940646,-0.313921],[0.0893477,0.304254,0.948392]],[[0.987612,-0.150383,-0.0447982],[0.116002,0.891982,-0.436933],[0.105667,0.426324,0.898378]]],"btipPosition":[102.095,106.745,54.8394],"carpPosition":[106.29,130.422,173.644],"dipPosition":[103.628,112.927,67.8666],"direction":[-0.0893477,-0.304254,-0.948392],"extended":true,"handId":28,"id":283,"length":50.0035,"mcpPosition":[107.887,124.632,122.467],"pipPosition":[105.549,119.469,88.2568],"stabilizedTipPosition":[104.002,109.796,55.2331],"timeVisible":2.14206,"tipPosition":[104.502,109.047,57.9195],"tipVelocity":[-27.6784,-38.0765,-20.1721],"tool":false,"touchDistance":0.334589,"touchZone":"hovering","type":3,"width":14.1304},{"bases":[[[0.941088,-0.287277,0.178398],[0.293683,0.955851,-0.010016],[-0.167644,0.0618182,0.983908]],[[0.953151,-0.293616,-0.0727505],[0.292541,0.95592,-0.0252478],[0.0769568,0.00278249,0.997031]],[[0.953151,-0.293616,-0.0727505],[0.273974,0.939892,-0.203818],[0.128222,0.174338,0.976302]],[[0.953151,-0.293616,-0.0727505],[0.240629,0.881699,-0.405838],[0.183304,0.369319,0.911045]]],"btipPosition":[118.048,114.242,73.0832],"carpPosition":[116.562,124.854,174.384],"dipPosition":[120.501,119.183,85.2708],"direction":[-0.128222,-0.174338,-0.976302],"extended":true,"handId":28,"id":284,"length":39.2018,"mcpPosition":[124.559,121.905,127.452],"pipPosition":[122.447,121.829,100.091],"stabilizedTipPosition":[121.274,117.964,72.5711],"timeVisible":2.14206,"tipPosition":[121.348,116.481,75.7478],"tipVelocity":[-2.73653,23.6899,-45.448],"tool":false,"touchDistance":0.331492,"touchZone":"hovering","type":4,"width":12.5517}],"r":[[-0.654583,0.413584,0.632826],[-0.610903,0.203718,-0.765047],[-0.445329,-0.887382,0.11931]],"s":1.65437,"t":[12.7338,-129.132,468.219],"timestamp":17206533289},{"currentFrameRate":114.127,"devices":[],"gestures":[],"hands":[{"armBasis":[[-0.388044,0.0305917,-0.921133],[-0.365555,0.912362,0.184297],[-0.846045,-0.40824,0.342854]],"armWidth":50.6042,"confidence":1,"direction":[0.40473,0.880644,0.24629],"elbow":[-320.196,10.7151,187.054],"grabAngle":1.3916,"grabStrength":0,"id":27,"palmNormal":[0.910241,-0.413756,-0.0163626],"palmPosition":[-99.2642,150.322,126.909],"palmVelocity":[-5.31715,5.43532,6.84738],"palmWidth":74.8496,"pinchDistance":58.5712,"pinchStrength":0,"r":[[0.40259,0.705076,0.583772],[-0.486164,0.705052,-0.516281],[-0.775607,-0.0759587,0.626629]],"s":0.925223,"sphereCenter":[-49.2761,147.283,124.682],"sphereRadius":50.0937,"stabilizedPalmPosition":[-102.97,152.969,125.822],"t":[21.0591,-13.4232,-11.6851],"timeVisible":4.98631,"type":"left","wrist":[-132.285,101.387,110.904]},{"armBasis":[[0.928979,0.190544,-0.317318],[-0.00855322,0.868133,0.496258],[0.370034,-0.4583,0.808107]],"armWidth":50.6042,"confidence":1,"direction":[-0.107105,0.020677,-0.994033],"elbow":[191.308,16.5995,378.734],"grabAngle":0.373126,"grabStrength":0,"id":28,"palmNormal":[0.0674404,-0.99733,-0.0280121],"palmPosition":[93.9782,119.747,139.018],"palmVelocity":[-31.0859,9.39776,-13.6245],"palmWidth":74.8496,"pinchDistance":53.4093,"pinchStrength":0,"r":[[0.990524,0.103535,-0.0902354],[-0.121942,0.965274,-0.231032],[0.0631821,0.239846,0.968753]],"s":1.01924,"sphereCenter":[91.9252,-29.2262,130.844],"sphereRadius":151.994,"stabilizedPalmPosition":[91.2348,121.352,135.788],"t":[-4.88728,-12.8971,9.74276],"timeVisible":2.15071,"type":"right","wrist":[109.121,118.39,199.249]}],"id":15999,"interactionBox":{"center":[0,200,0],"size":[235.247,235.247,147.751]},"pointables":[{"bases":[[[-0.69996,0.634793,-0.327252],[-0.635439,-0.344398,0.691091],[-0.325995,-0.691685,-0.644437]],[[-0.498465,0.866505,-0.026511],[-0.498074,-0.261224,0.826852],[-0.709546,-0.425361,-0.561794]],[[-0.498465,0.866505,-0.026511],[-0.406447,-0.206582,0.890014],[-0.765724,-0.454416,-0.455162]],[[-0.498465,0.866505,-0.026511],[-0.312286,-0.150949,0.937919],[-0.808709,-0.475798,-0.34584]]],"btipPosition":[-50.9455,140.686,173.232],"carpPosition":[-115.033,102.553,131.837],"dipPosition":[-65.6347,132.044,166.95],"direction":[0.765724,0.454416,0.455162],"extended":true,"handId":27,"id":270,"length":40.448,"mcpPosition":[-115.033,102.553,131.837],"pipPosition":[-85.8972,120.019,154.906],"stabilizedTipPosition":[-54.2214,139.006,169.02],"timeVisible":4.98631,"tipPosition":[-54.4942,139.432,171.274],"tipVelocity":[0.0999584,2.30065,5.70624],"tool":false,"touchDistance":1,"touchZone":"none","type":0,"width":15.8289},{"bases":[[[0.154207,0.375391,-0.913948],[-0.843164,0.532211,0.0763337],[-0.515068,-0.758837,-0.398587]],[[0.132206,0.342843,-0.930043],[-0.824794,0.558447,0.0886165],[-0.549761,-0.755378,-0.356605]],[[0.132206,0.342843,-0.930043],[-0.622534,0.758865,0.191248],[-0.771345,-0.553699,-0.313758]],[[0.132206,0.342843,-0.930043],[-0.426888,0.8665,0.258737],[-0.894588,-0.362818,-0.260912]]],"btipPosition":[-49.6966,204.8,173.197],"carpPosition":[-125.531,118.491,127.839],"dipPosition":[-61.5591,199.989,169.737],"direction":[0.771345,0.553699,0.313758],"extended":true,"handId":27,"id":271,"length":45.641,"mcpPosition":[-94.3596,164.415,151.961],"pipPosition":[-76.0287,189.602,163.851],"stabilizedTipPosition":[-53.0746,203.848,170.896],"timeVisible":4.98631,"tipPosition":[-53.1718,204.518,172.546],"tipVelocity":[-8.58398,1.80001,13.1496],"tool":false,"touchDistance":1,"touchZone":"none","type":1,"width":15.1198},{"bases":[[[0.224666,0.173152,-0.958928],[-0.816058,0.571224,-0.0880484],[-0.532517,-0.802323,-0.269637]],[[0.235982,0.190239,-0.952954],[-0.599879,0.800013,0.0111579],[-0.764498,-0.569024,-0.30291]],[[0.235982,0.190239,-0.952954],[-0.0141825,0.98122,0.19237],[-0.971654,0.0318806,-0.234249]],[[0.235982,0.190239,-0.952954],[0.404185,0.872584,0.274284],[-0.883712,0.449895,-0.129023]]],"btipPosition":[-31.4232,183.434,152.839],"carpPosition":[-124.917,123.366,118.981],"dipPosition":[-44.3118,189.995,150.957],"direction":[0.971654,-0.0318806,0.234249],"extended":false,"handId":27,"id":272,"length":52.0043,"mcpPosition":[-94.3549,169.413,134.456],"pipPosition":[-65.756,190.699,145.787],"stabilizedTipPosition":[-35.3798,185.551,150.795],"timeVisible":4.98631,"tipPosition":[-34.5054,185.218,152.708],"tipVelocity":[-9.9731,7.47864,7.77104],"tool":false,"touchDistance":1,"touchZone":"none","type":2,"width":14.8496},{"bases":[[[0.204728,0.0096394,-0.978771],[-0.814481,0.556268,-0.164885],[-0.542869,-0.830947,-0.121735]],[[0.223993,0.0393219,-0.973797],[-0.467478,0.881072,-0.0719518],[-0.855156,-0.471346,-0.215736]],[[0.223993,0.0393219,-0.973797],[0.240399,0.966082,0.0943071],[-0.944476,0.255224,-0.206943]],[[0.223993,0.0393219,-0.973797],[0.657481,0.731465,0.18077],[-0.719407,0.680744,-0.13799]]],"btipPosition":[-34.538,169.875,129.658],"carpPosition":[-122.903,126.071,109.454],"dipPosition":[-44.97,179.746,127.657],"direction":[0.944476,-0.255224,0.206943],"extended":false,"handId":27,"id":273,"length":50.0035,"mcpPosition":[-94.9296,168.889,115.727],"pipPosition":[-65.276,185.233,123.208],"stabilizedTipPosition":[-38.1858,171.457,127.211],"timeVisible":4.98631,"tipPosition":[-37.3061,169.507,129.235],"tipVelocity":[-10.3819,13.0466,6.79258],"tool":false,"touchDistance":0.986633,"touchZone":"none","type":3,"width":14.1304},{"bases":[[[0.272263,-0.178643,-0.945494],[-0.817463,0.475383,-0.325215],[-0.507569,-0.861451,0.0166051]],[[0.270157,-0.182213,-0.945417],[-0.390817,0.876644,-0.280636],[-0.87993,-0.445301,-0.16562]],[[0.270157,-0.182213,-0.945417],[0.334955,0.93838,-0.0851416],[-0.902674,0.29367,-0.314543]],[[0.270157,-0.182213,-0.945417],[0.706965,0.704133,0.0663087],[-0.653618,0.68629,-0.319045]]],"btipPosition":[-46.4254,163.761,112.202],"carpPosition":[-117.23,124.089,99.4066],"dipPosition":[-55.1692,172.942,107.934],"direction":[0.902674,-0.29367,0.314543],"extended":false,"handId":27,"id":274,"length":39.2018,"mcpPosition":[-93.0191,165.18,98.6145],"pipPosition":[-68.8716,177.4,103.16],"stabilizedTipPosition":[-49.3719,165.294,109.505],"timeVisible":4.98631,"tipPosition":[-48.9744,164.544,111.603],"tipVelocity":[-10.6115,12.7521,6.51919],"tool":false,"touchDistance":0.68701,"touchZone":"none","type":4,"width":12.5517},{"bases":[[[0.317941,0.924257,-0.211336],[-0.786682,0.381584,0.485308],[0.529192,0.0119548,0.848418]],[[0.286113,0.921935,-0.261103],[-0.686061,0.387333,0.615867],[0.668924,0.00292477,0.743325]],[[0.286113,0.921935,-0.261103],[-0.946799,0.313914,0.0709173],[0.147345,0.226922,0.962702]],[[0.286113,0.921935,-0.261103],[-0.937525,0.213052,-0.275057],[-0.197956,0.323488,0.925294]]],"btipPosition":[54.5832,100.25,114.829],"carpPosition":[82.3545,112.251,187.634],"dipPosition":[50.9876,106.126,131.636],"direction":[-0.147345,-0.226922,-0.962702],"extended":true,"handId":28,"id":280,"length":40.448,"mcpPosition":[82.3545,112.251,187.634],"pipPosition":[54.8866,112.131,157.111],"stabilizedTipPosition":[50.8169,102.214,116.757],"timeVisible":2.15071,"tipPosition":[50.6162,100.365,119.583],"tipVelocity":[-32.0415,-21.3153,30.7059],"tool":false,"touchDistance":0.811577,"touchZone":"hovering","type":0,"width":15.8289},{"bases":[[[0.959892,0.0725156,-0.270828],[-0.107063,0.987575,-0.115034],[0.259122,0.139416,0.95573]],[[0.987968,0.11866,0.0991927],[-0.0922924,0.966988,-0.237523],[-0.124103,0.22551,0.966304]],[[0.987968,0.11866,0.0991927],[-0.0733757,0.924212,-0.374764],[-0.136145,0.362977,0.921798]],[[0.987968,0.11866,0.0991927],[-0.0549105,0.868704,-0.492278],[-0.144583,0.480908,0.864768]]],"btipPosition":[79.8355,99.7968,59.8161],"carpPosition":[86.9083,128.939,178.635],"dipPosition":[77.9183,106.174,71.2832],"direction":[0.136145,-0.362977,-0.921798],"extended":true,"handId":28,"id":281,"length":45.641,"mcpPosition":[71.2264,120.502,120.795],"pipPosition":[75.3644,112.983,88.5751],"stabilizedTipPosition":[79.5591,101.978,61.2326],"timeVisible":2.15071,"tipPosition":[78.2523,102.964,62.2643],"tipVelocity":[-83.0599,-52.9948,8.16567],"tool":false,"touchDistance":0.338459,"touchZone":"hovering","type":1,"width":15.1198},{"bases":[[[0.990169,-0.0787426,-0.11561],[0.0624744,0.988438,-0.138154],[0.125152,0.129573,0.98364]],[[0.998046,-0.0620304,0.00752148],[0.0621611,0.973421,-0.220425],[0.0063515,0.220462,0.975375]],[[0.998046,-0.0620304,0.00752148],[0.0604314,0.927627,-0.368587],[0.0158865,0.368322,0.929563]],[[0.998046,-0.0620304,0.00752148],[0.0583515,0.882198,-0.46725],[0.0223483,0.466776,0.884093]]],"btipPosition":[88.1541,100.361,48.9471],"carpPosition":[96.251,130.981,175.297],"dipPosition":[88.48,107.169,61.8413],"direction":[-0.0158865,-0.368322,-0.929563],"extended":true,"handId":28,"id":282,"length":52.0043,"mcpPosition":[89.0683,123.545,118.844],"pipPosition":[88.8307,115.298,82.3565],"stabilizedTipPosition":[88.8811,103.36,50.0999],"timeVisible":2.15071,"tipPosition":[88.7297,103.305,51.8883],"tipVelocity":[-52.821,-42.8577,-1.46396],"tool":false,"touchDistance":0.337031,"touchZone":"hovering","type":2,"width":14.8496},{"bases":[[[0.990248,-0.133104,0.0411461],[0.137016,0.983914,-0.114634],[-0.025226,0.119154,0.992555]],[[0.988787,-0.142789,-0.0437318],[0.134389,0.978511,-0.156382],[0.0651217,0.148751,0.986728]],[[0.988787,-0.142789,-0.0437318],[0.122049,0.941434,-0.314335],[0.0860543,0.305473,0.948304]],[[0.988787,-0.142789,-0.0437318],[0.108644,0.888736,-0.445359],[0.102459,0.435614,0.894283]]],"btipPosition":[101.876,106.652,54.6514],"carpPosition":[106.17,130.834,173.368],"dipPosition":[103.362,112.969,67.6192],"direction":[-0.0860543,-0.305473,-0.948304],"extended":true,"handId":28,"id":283,"length":50.0035,"mcpPosition":[107.47,124.694,122.224],"pipPosition":[105.212,119.536,88.0076],"stabilizedTipPosition":[103.993,109.788,55.2457],"timeVisible":2.15071,"tipPosition":[103.709,108.608,57.8045],"tipVelocity":[-26.6003,-7.22931,-23.3113],"tool":false,"touchDistance":0.331228,"touchZone":"hovering","type":3,"width":14.1304},{"bases":[[[0.94433,-0.279148,0.174119],[0.286597,0.957869,-0.0186954],[-0.161564,0.0675564,0.984547]],[[0.955407,-0.2872,-0.0686621],[0.286482,0.957871,-0.0203048],[0.0716009,-0.000271067,0.997433]],[[0.955407,-0.2872,-0.0686621],[0.269464,0.943043,-0.195086],[0.12078,0.167884,0.97838]],[[0.955407,-0.2872,-0.0686621],[0.23694,0.884364,-0.402194],[0.176233,0.36799,0.912976]]],"btipPosition":[118.039,114.661,72.6792],"carpPosition":[116.488,125.347,174.079],"dipPosition":[120.396,119.584,84.8926],"direction":[-0.12078,-0.167884,-0.97838],"extended":true,"handId":28,"id":284,"length":39.2018,"mcpPosition":[124.195,122.125,127.116],"pipPosition":[122.23,122.132,99.7442],"stabilizedTipPosition":[121.265,117.956,72.5812],"timeVisible":2.15071,"tipPosition":[120.565,116.283,75.4749],"tipVelocity":[-3.63929,47.9381,-46.0237],"tool":false,"touchDistance":0.324857,"touchZone":"hovering","type":4,"width":12.5517}],"r":[[-0.653914,0.414257,0.633078],[-0.611184,0.203955,-0.764759],[-0.445926,-0.887014,0.119818]],"s":1.65472,"t":[12.6625,-129.108,468.271],"timestamp":17206541939},{"currentFrameRate":114.199,"devices":[],"gestures":[],"hands":[{"armBasis":[[-0.388391,0.031992,-0.920939],[-0.365551,0.912049,0.185848],[-0.845887,-0.408832,0.342537]],"armWidth":50.6042,"confidence":1,"direction":[0.403665,0.880866,0.247244],"elbow":[-320.107,10.5827,186.98],"grabAngle":1.3931,"grabStrength":0,"id":27,"palmNormal":[0.910786,-0.412516,-0.0173172],"palmPosition":[-99.2605,150.337,126.956],"palmVelocity":[0.42155,1.74638,5.40714],"palmWidth":74.8496,"pinchDistance":58.5942,"pinchStrength":0,"r":[[0.401985,0.70508,0.584183],[-0.486907,0.704922,-0.515759],[-0.775455,-0.0771155,0.626676]],"s":0.925372,"sphereCenter":[-49.2753,147.367,124.705],"sphereRadius":50.0812,"stabilizedPalmPosition":[-102.968,152.968,125.822],"t":[21.0459,-13.3937,-11.6337],"timeVisible":4.99495,"type":"left","wrist":[-132.231,101.386,110.901]},{"armBasis":[[0.928157,0.193581,-0.317886],[-0.0118798,0.869071,0.494545],[0.372,-0.455239,0.808934]],"armWidth":50.6042,"confidence":1,"direction":[-0.111656,0.0160457,-0.993617],"elbow":[191.703,17.8974,378.716],"grabAngle":0.372499,"grabStrength":0,"id":28,"palmNormal":[0.0739621,-0.996962,-0.024411],"palmPosition":[93.7039,120.051,138.874],"palmVelocity":[-31.7676,35.1711,-16.6117],"palmWidth":74.8496,"pinchDistance":53.4083,"pinchStrength":0,"r":[[0.989889,0.106727,-0.0934282],[-0.125999,0.96413,-0.233619],[0.0651435,0.243029,0.967829]],"s":1.02372,"sphereCenter":[93.6877,-25.0076,130.297],"sphereRadius":148.235,"stabilizedPalmPosition":[91.2417,121.348,135.797],"t":[-5.12159,-12.73,9.63202],"timeVisible":2.15934,"type":"right","wrist":[109.08,119.008,199.047]}],"id":16000,"interactionBox":{"center":[0,200,0],"size":[235.247,235.247,147.751]},"pointables":[{"bases":[[[-0.70096,0.634278,-0.326108],[-0.634659,-0.346143,0.690937],[-0.325366,-0.691286,-0.645182]],[[-0.499302,0.866075,-0.0247501],[-0.497329,-0.263091,0.826708],[-0.70948,-0.425086,-0.562086]],[[-0.499302,0.866075,-0.0247501],[-0.40593,-0.208595,0.88978],[-0.765453,-0.454316,-0.455717]],[[-0.499302,0.866075,-0.0247501],[-0.312014,-0.153084,0.937663],[-0.808298,-0.475899,-0.346663]]],"btipPosition":[-50.893,140.662,173.266],"carpPosition":[-114.963,102.541,131.829],"dipPosition":[-65.5747,132.018,166.969],"direction":[0.765453,0.454316,0.455717],"extended":true,"handId":27,"id":270,"length":40.448,"mcpPosition":[-114.963,102.541,131.829],"pipPosition":[-85.83,119.996,154.91],"stabilizedTipPosition":[-54.2214,139.006,169.023],"timeVisible":4.99495,"tipPosition":[-54.455,139.447,171.287],"tipVelocity":[6.27904,-2.88036,3.50632],"tool":false,"touchDistance":1,"touchZone":"none","type":0,"width":15.8289},{"bases":[[[0.153283,0.37678,-0.913532],[-0.84384,0.530982,0.0774107],[-0.514236,-0.759009,-0.399332]],[[0.131464,0.344442,-0.929558],[-0.825247,0.557572,0.0898929],[-0.549258,-0.755297,-0.35755]],[[0.131464,0.344442,-0.929558],[-0.622236,0.758638,0.193108],[-0.771712,-0.553018,-0.314058]],[[0.131464,0.344442,-0.929558],[-0.426705,0.866044,0.26056],[-0.894785,-0.362393,-0.260828]]],"btipPosition":[-49.7076,204.768,173.295],"carpPosition":[-125.484,118.47,127.856],"dipPosition":[-61.5727,199.963,169.837],"direction":[0.771712,0.553018,0.314057],"extended":true,"handId":27,"id":271,"length":45.641,"mcpPosition":[-94.3633,164.405,152.023],"pipPosition":[-76.0491,189.589,163.945],"stabilizedTipPosition":[-53.0732,203.847,170.899],"timeVisible":4.99495,"tipPosition":[-53.2165,204.532,172.641],"tipVelocity":[-1.33665,-3.5476,11.4594],"tool":false,"touchDistance":1,"touchZone":"none","type":1,"width":15.1198},{"bases":[[[0.223992,0.174694,-0.958806],[-0.816862,0.570244,-0.0869332],[-0.531567,-0.802685,-0.270431]],[[0.235255,0.19174,-0.952833],[-0.600516,0.799513,0.012619],[-0.764222,-0.569223,-0.303233]],[[0.235255,0.19174,-0.952833],[-0.014383,0.980927,0.193842],[-0.971827,0.0318979,-0.233526]],[[0.235255,0.19174,-0.952833],[0.404602,0.872046,0.27538],[-0.883715,0.450303,-0.127575]]],"btipPosition":[-31.4481,183.447,152.883],"carpPosition":[-124.881,123.357,119.004],"dipPosition":[-44.3368,190.014,151.022],"direction":[0.971827,-0.0318979,0.233526],"extended":false,"handId":27,"id":272,"length":52.0043,"mcpPosition":[-94.3733,169.424,134.525],"pipPosition":[-65.7847,190.718,145.868],"stabilizedTipPosition":[-35.3782,185.55,150.798],"timeVisible":4.99495,"tipPosition":[-34.5362,185.285,152.769],"tipVelocity":[-2.88499,1.66069,5.67905],"tool":false,"touchDistance":1,"touchZone":"none","type":2,"width":14.8496},{"bases":[[[0.204263,0.0111803,-0.978852],[-0.815301,0.55539,-0.16379],[-0.541813,-0.831515,-0.122561]],[[0.223454,0.0408247,-0.973859],[-0.468685,0.880537,-0.070628],[-0.854636,-0.472216,-0.215893]],[[0.223454,0.0408247,-0.973859],[0.23978,0.966117,0.0955182],[-0.944761,0.254856,-0.206093]],[[0.223454,0.0408247,-0.973859],[0.657424,0.731334,0.181505],[-0.719626,0.680796,-0.13658]]],"btipPosition":[-34.5731,169.947,129.694],"carpPosition":[-122.875,126.077,109.48],"dipPosition":[-45.0083,179.819,127.713],"direction":[0.944761,-0.254856,0.206093],"extended":false,"handId":27,"id":273,"length":50.0035,"mcpPosition":[-94.956,168.924,115.796],"pipPosition":[-65.3204,185.299,123.282],"stabilizedTipPosition":[-38.1817,171.46,127.218],"timeVisible":4.99495,"tipPosition":[-37.3265,169.607,129.278],"tipVelocity":[-4.1494,8.4344,4.65444],"tool":false,"touchDistance":0.987302,"touchZone":"none","type":3,"width":14.1304},{"bases":[[[0.272065,-0.177055,-0.94585],[-0.818249,0.474708,-0.324223],[-0.506408,-0.862151,0.0157232]],[[0.269853,-0.180816,-0.945772],[-0.392118,0.876444,-0.279443],[-0.879445,-0.446263,-0.165609]],[[0.269853,-0.180816,-0.945772],[0.334912,0.93851,-0.0838692],[-0.902781,0.294118,-0.313817]],[[0.269853,-0.180816,-0.945772],[0.707292,0.703714,0.0672692],[-0.65339,0.687089,-0.317789]]],"btipPosition":[-46.4694,163.83,112.237],"carpPosition":[-117.204,124.116,99.4276],"dipPosition":[-55.2102,173.022,107.986],"direction":[0.902781,-0.294118,0.313817],"extended":false,"handId":27,"id":274,"length":39.2018,"mcpPosition":[-93.0485,165.24,98.6776],"pipPosition":[-68.9142,177.486,103.222],"stabilizedTipPosition":[-49.3685,165.296,109.512],"timeVisible":4.99495,"tipPosition":[-48.9957,164.65,111.644],"tipVelocity":[-5.02253,8.27123,4.49762],"tool":false,"touchDistance":0.687657,"touchZone":"none","type":4,"width":12.5517},{"bases":[[[0.310831,0.92551,-0.216369],[-0.787045,0.378255,0.487322],[0.532864,0.0188174,0.845991]],[[0.27942,0.922863,-0.265044],[-0.685506,0.385023,0.617932],[0.672314,0.00902726,0.740211]],[[0.27942,0.922863,-0.265044],[-0.948171,0.308709,0.0753028],[0.151316,0.230266,0.961291]],[[0.27942,0.922863,-0.265044],[-0.939609,0.205994,-0.273317],[-0.197636,0.325408,0.924689]]],"btipPosition":[54.3251,100.294,114.942],"carpPosition":[82.3466,112.669,187.571],"dipPosition":[50.7353,106.205,131.738],"direction":[-0.151316,-0.230266,-0.961291],"extended":true,"handId":28,"id":280,"length":40.448,"mcpPosition":[82.3466,112.669,187.571],"pipPosition":[54.7394,112.298,157.176],"stabilizedTipPosition":[50.8259,102.212,116.764],"timeVisible":2.15934,"tipPosition":[50.4061,100.313,119.704],"tipVelocity":[-29.7366,6.05465,12.8231],"tool":false,"touchDistance":0.813422,"touchZone":"hovering","type":0,"width":15.8289},{"bases":[[[0.958175,0.0778278,-0.275396],[-0.114154,0.98638,-0.118417],[0.262429,0.144902,0.95401]],[[0.987707,0.125496,0.0931949],[-0.10035,0.966185,-0.237523],[-0.119852,0.225251,0.966901]],[[0.987707,0.125496,0.0931949],[-0.0813107,0.921669,-0.37936],[-0.133503,0.367119,0.920544]],[[0.987707,0.125496,0.0931949],[-0.0631788,0.86583,-0.496334],[-0.142979,0.484345,0.863115]]],"btipPosition":[79.2635,99.7627,59.7973],"carpPosition":[86.749,129.352,178.487],"dipPosition":[77.3675,106.185,71.2425],"direction":[0.133503,-0.367119,-0.920543],"extended":true,"handId":28,"id":281,"length":45.641,"mcpPosition":[70.8669,120.583,120.751],"pipPosition":[74.8632,113.072,88.5108],"stabilizedTipPosition":[79.5448,101.964,61.2561],"timeVisible":2.15934,"tipPosition":[77.757,102.849,62.2593],"tipVelocity":[-65.6982,-2.73896,-2.76387],"tool":false,"touchDistance":0.337588,"touchZone":"hovering","type":1,"width":15.1198},{"bases":[[[0.990148,-0.0726128,-0.119725],[0.0552697,0.98828,-0.142298],[0.128654,0.134279,0.982557]],[[0.99847,-0.054926,0.00634486],[0.0549754,0.973962,-0.219946],[0.0059011,0.219958,0.975491]],[[0.99847,-0.054926,0.00634486],[0.0533683,0.927379,-0.370297],[0.0144548,0.370069,0.928892]],[[0.99847,-0.054926,0.00634486],[0.0514043,0.879879,-0.472409],[0.0203648,0.472012,0.881357]]],"btipPosition":[87.8425,100.457,48.8615],"carpPosition":[96.063,131.443,175.099],"dipPosition":[88.1395,107.341,61.7158],"direction":[-0.0144548,-0.370069,-0.928892],"extended":true,"handId":28,"id":282,"length":52.0043,"mcpPosition":[88.6792,123.736,118.708],"pipPosition":[88.4585,115.508,82.2162],"stabilizedTipPosition":[88.8674,103.341,50.1241],"timeVisible":2.15934,"tipPosition":[88.173,103.207,51.8339],"tipVelocity":[-36.8709,13.0688,-10.9805],"tool":false,"touchDistance":0.335239,"touchZone":"hovering","type":2,"width":14.8496},{"bases":[[[0.991286,-0.126354,0.0372413],[0.129943,0.984343,-0.119094],[-0.0216103,0.122895,0.992184]],[[0.989863,-0.135732,-0.0418207],[0.127872,0.97984,-0.153499],[0.0618124,0.146596,0.987263]],[[0.989863,-0.135732,-0.0418207],[0.115902,0.942155,-0.314502],[0.0820894,0.306466,0.948335]],[[0.989863,-0.135732,-0.0418207],[0.102349,0.885848,-0.452547],[0.0984716,0.443679,0.89076]]],"btipPosition":[101.752,106.915,54.4605],"carpPosition":[105.974,131.354,173.127],"dipPosition":[103.18,113.349,67.3773],"direction":[-0.0820894,-0.306466,-0.948335],"extended":true,"handId":28,"id":283,"length":50.0035,"mcpPosition":[107.088,125.021,122.001],"pipPosition":[104.944,119.938,87.7662],"stabilizedTipPosition":[103.982,109.78,55.2577],"timeVisible":2.15934,"tipPosition":[103.114,108.648,57.6552],"tipVelocity":[-15.956,33.6292,-23.4726],"tool":false,"touchDistance":0.327851,"touchZone":"hovering","type":3,"width":14.1304},{"bases":[[[0.946934,-0.272174,0.170988],[0.280119,0.959672,-0.0237232],[-0.157635,0.0703614,0.984987]],[[0.957519,-0.281083,-0.0644177],[0.28073,0.959675,-0.0146588],[0.0659404,-0.00404787,0.997815]],[[0.957519,-0.281083,-0.0644177],[0.264882,0.945609,-0.188843],[0.113995,0.163758,0.979892]],[[0.957519,-0.281083,-0.0644177],[0.233468,0.88675,-0.398958],[0.169263,0.366971,0.914704]]],"btipPosition":[118.046,115.298,72.3351],"carpPosition":[116.331,125.938,173.812],"dipPosition":[120.311,120.208,84.5716],"direction":[-0.113995,-0.163758,-0.979892],"extended":true,"handId":28,"id":284,"length":39.2018,"mcpPosition":[123.851,122.582,126.829],"pipPosition":[122.041,122.693,99.4462],"stabilizedTipPosition":[121.251,117.948,72.5947],"timeVisible":2.15934,"tipPosition":[119.968,116.509,75.2241],"tipVelocity":[-1.59918,73.4768,-39.2395],"tool":false,"touchDistance":0.319211,"touchZone":"hovering","type":4,"width":12.5517}],"r":[[-0.65323,0.414616,0.633549],[-0.611663,0.204211,-0.764307],[-0.446272,-0.886787,0.120208]],"s":1.65474,"t":[12.607,-129.064,468.314],"timestamp":17206550572},{"currentFrameRate":114.218,"devices":[],"gestures":[],"hands":[{"armBasis":[[-0.388745,0.0337207,-0.920728],[-0.365477,0.911699,0.1877],[-0.845756,-0.409473,0.342094]],"armWidth":50.6042,"confidence":1,"direction":[0.402883,0.881058,0.247835],"elbow":[-320.056,10.4697,186.899],"grabAngle":1.39551,"grabStrength":0,"id":27,"palmNormal":[0.911284,-0.411335,-0.0190928],"palmPosition":[-99.2696,150.379,127.002],"palmVelocity":[-1.04065,4.85927,5.28331],"palmWidth":74.8496,"pinchDistance":58.6246,"pinchStrength":0,"r":[[0.40148,0.705034,0.584585],[-0.487821,0.704826,-0.515025],[-0.775142,-0.0784002,0.626904]],"s":0.925399,"sphereCenter":[-49.3047,147.483,124.681],"sphereRadius":50.0508,"stabilizedPalmPosition":[-102.967,152.966,125.823],"t":[21.0347,-13.3577,-11.5849],"timeVisible":5.00367,"type":"left","wrist":[-132.209,101.416,110.918]},{"armBasis":[[0.927431,0.197406,-0.317652],[-0.0160125,0.869529,0.493622],[0.373652,-0.452714,0.809589]],"armWidth":50.6042,"confidence":1,"direction":[-0.115747,0.013079,-0.993193],"elbow":[191.996,19.1728,378.574],"grabAngle":0.371734,"grabStrength":0,"id":28,"palmNormal":[0.0810434,-0.996455,-0.0225668],"palmPosition":[93.4275,120.541,138.639],"palmVelocity":[-31.6843,56.1787,-26.9469],"palmWidth":74.8496,"pinchDistance":53.4374,"pinchStrength":0,"r":[[0.989131,0.110654,-0.0968303],[-0.130823,0.962909,-0.235989],[0.0671256,0.246092,0.966919]],"s":1.0284,"sphereCenter":[95.4169,-21.1304,129.522],"sphereRadius":145.017,"stabilizedPalmPosition":[91.2511,121.345,135.809],"t":[-5.37694,-12.4014,9.45912],"timeVisible":2.16806,"type":"right","wrist":[109.006,119.723,198.76]}],"id":16001,"interactionBox":{"center":[0,200,0],"size":[235.247,235.247,147.751]},"pointables":[{"bases":[[[-0.702209,0.633808,-0.32433],[-0.633275,-0.347843,0.691352],[-0.325368,-0.690864,-0.645634]],[[-0.500084,0.865684,-0.0225193],[-0.495908,-0.264962,0.826965],[-0.709923,-0.424719,-0.561803]],[[-0.500084,0.865684,-0.0225193],[-0.404717,-0.210647,0.889849],[-0.765585,-0.454113,-0.455699]],[[-0.500084,0.865684,-0.0225193],[-0.31103,-0.155284,0.937629],[-0.808193,-0.475897,-0.346909]]],"btipPosition":[-50.8149,140.658,173.264],"carpPosition":[-114.905,102.557,131.834],"dipPosition":[-65.4947,132.014,166.962],"direction":[0.765585,0.454113,0.455699],"extended":true,"handId":27,"id":270,"length":40.448,"mcpPosition":[-114.905,102.557,131.834],"pipPosition":[-85.7535,119.997,154.904],"stabilizedTipPosition":[-54.2214,139.006,169.026],"timeVisible":5.00367,"tipPosition":[-54.3891,139.486,171.26],"tipVelocity":[8.99925,-0.484548,-0.361006],"tool":false,"touchDistance":1,"touchZone":"none","type":0,"width":15.8289},{"bases":[[[0.151558,0.378157,-0.913251],[-0.844407,0.529808,0.0792486],[-0.513816,-0.759145,-0.399615]],[[0.129837,0.345928,-0.929234],[-0.82565,0.556653,0.0918631],[-0.549039,-0.755295,-0.35789]],[[0.129837,0.345928,-0.929234],[-0.621782,0.758409,0.195457],[-0.772354,-0.552403,-0.313561]],[[0.129837,0.345928,-0.929234],[-0.425459,0.865943,0.26292],[-0.895615,-0.361215,-0.259609]]],"btipPosition":[-49.6845,204.757,173.339],"carpPosition":[-125.452,118.478,127.897],"dipPosition":[-61.5607,199.967,169.896],"direction":[0.772354,0.552403,0.313561],"extended":true,"handId":27,"id":271,"length":45.641,"mcpPosition":[-94.356,164.421,152.081],"pipPosition":[-76.0491,189.605,164.014],"stabilizedTipPosition":[-53.0722,203.847,170.902],"timeVisible":5.00367,"tipPosition":[-53.2288,204.57,172.694],"tipVelocity":[2.34869,-0.856615,5.40659],"tool":false,"touchDistance":1,"touchZone":"none","type":1,"width":15.1198},{"bases":[[[0.222461,0.176219,-0.958884],[-0.817704,0.569317,-0.085081],[-0.530916,-0.80301,-0.270746]],[[0.233694,0.193246,-0.952913],[-0.600633,0.799387,0.0148108],[-0.764609,-0.56889,-0.302882]],[[0.233694,0.193246,-0.952913],[-0.0131217,0.980588,0.19564],[-0.972222,0.0332161,-0.231694]],[[0.233694,0.193246,-0.952913],[0.406653,0.870793,0.276321],[-0.883188,0.452079,-0.124916]]],"btipPosition":[-31.4556,183.418,152.855],"carpPosition":[-124.867,123.377,119.05],"dipPosition":[-44.3366,190.012,151.033],"direction":[0.972222,-0.0332161,0.231694],"extended":false,"handId":27,"id":272,"length":52.0043,"mcpPosition":[-94.3963,169.463,134.589],"pipPosition":[-65.7932,190.745,145.92],"stabilizedTipPosition":[-35.3765,185.549,150.801],"timeVisible":5.00367,"tipPosition":[-34.5534,185.373,152.769],"tipVelocity":[-0.657824,-2.60546,-2.21003],"tool":false,"touchDistance":1,"touchZone":"none","type":2,"width":14.8496},{"bases":[[[0.202913,0.0127067,-0.979114],[-0.816228,0.554564,-0.161959],[-0.540924,-0.832044,-0.1229]],[[0.222075,0.0423724,-0.974108],[-0.469603,0.880195,-0.0687715],[-0.854492,-0.472716,-0.215368]],[[0.222075,0.0423724,-0.974108],[0.239939,0.965958,0.0967186],[-0.945046,0.255205,-0.204348]],[[0.222075,0.0423724,-0.974108],[0.658064,0.730683,0.181808],[-0.719468,0.681401,-0.134383]]],"btipPosition":[-34.6222,170.011,129.67],"carpPosition":[-122.877,126.112,109.527],"dipPosition":[-45.0551,179.892,127.722],"direction":[0.945046,-0.255205,0.204348],"extended":false,"handId":27,"id":273,"length":50.0035,"mcpPosition":[-95.0039,168.986,115.86],"pipPosition":[-65.3733,185.378,123.328],"stabilizedTipPosition":[-38.1773,171.463,127.226],"timeVisible":5.00367,"tipPosition":[-37.3558,169.734,129.265],"tipVelocity":[-5.56572,7.49557,-1.8292],"tool":false,"touchDistance":0.987036,"touchZone":"none","type":3,"width":14.1304},{"bases":[[[0.270999,-0.175485,-0.946448],[-0.819292,0.474087,-0.322493],[-0.505291,-0.862813,0.0152959]],[[0.268806,-0.179224,-0.946373],[-0.393244,0.876498,-0.277687],[-0.879263,-0.446799,-0.16513]],[[0.268806,-0.179224,-0.946373],[0.335575,0.938403,-0.0823982],[-0.902847,0.29543,-0.312391]],[[0.268806,-0.179224,-0.946373],[0.708065,0.702865,0.0680094],[-0.652983,0.688375,-0.315836]]],"btipPosition":[-46.5455,163.894,112.233],"carpPosition":[-117.217,124.171,99.4642],"dipPosition":[-55.2808,173.103,108.008],"direction":[0.902847,-0.29543,0.312391],"extended":false,"handId":27,"id":274,"length":39.2018,"mcpPosition":[-93.1151,165.326,98.7346],"pipPosition":[-68.9858,177.588,103.266],"stabilizedTipPosition":[-49.365,165.299,109.52],"timeVisible":5.00367,"tipPosition":[-49.0418,164.781,111.638],"tipVelocity":[-8.5722,7.84347,0.237133],"tool":false,"touchDistance":0.687692,"touchZone":"none","type":4,"width":12.5517},{"bases":[[[0.303287,0.927249,-0.219604],[-0.787791,0.373643,0.489669],[0.536099,0.0244923,0.8438]],[[0.271799,0.924284,-0.268],[-0.685294,0.381409,0.620402],[0.675646,0.0150345,0.737073]],[[0.271799,0.924284,-0.268],[-0.949861,0.302384,0.079543],[0.154559,0.232943,0.96013]],[[0.271799,0.924284,-0.268],[-0