{"frames":65,"data":[{"currentFrameRate":114.889,"devices":[],"gestures":[],"hands":[{"armBasis":[[0.972471,-0.00717661,-0.232913],[0.0527891,-0.966755,0.250196],[-0.226966,-0.255603,-0.939762]],"armWidth":48.9085,"confidence":1,"direction":[-0.0811281,0.925761,-0.369304],"elbow":[-17.962,-10.73,-125.59],"grabAngle":0.378493,"grabStrength":0,"id":54,"palmNormal":[-0.214699,-0.378059,-0.900542],"palmPosition":[22.7844,98.6559,67.1748],"palmVelocity":[2.84835,-13.7711,11.4575],"palmWidth":72.7825,"pinchDistance":61.9752,"pinchStrength":0,"r":[[0.99929,0.0360069,0.0110671],[-0.0287875,0.919459,-0.39213],[-0.0242951,0.391533,0.919843]],"s":0.955688,"sphereCenter":[23.146,137.025,66.6005],"sphereRadius":48.4521,"stabilizedPalmPosition":[22.0084,99.8412,67.1006],"t":[-17.4367,-6.85546,-40.875],"timeVisible":5.19448,"type":"right","wrist":[31.0563,44.4731,77.3726]}],"id":30155,"interactionBox":{"center":[0,200,0],"size":[235.247,235.247,147.751]},"pointables":[{"bases":[[[0.567857,0.516285,0.641084],[-0.655632,-0.187205,0.731506],[0.497679,-0.835706,0.232187]],[[0.316092,0.811761,0.491049],[-0.635742,-0.202956,0.744742],[0.704214,-0.547588,0.451918]],[[0.316092,0.811761,0.491049],[-0.805906,-0.0433642,0.590453],[0.500601,-0.582377,0.640496]],[[0.316092,0.811761,0.491049],[-0.940089,0.198304,0.277322],[0.127742,-0.54929,0.82581]]],"btipPosition":[-34.3103,101.144,33.797],"carpPosition":[9.13777,54.2787,83.3026],"dipPosition":[-32.0254,91.3189,48.5679],"direction":[-0.500601,0.582377,-0.640496],"extended":true,"handId":54,"id":540,"length":39.8308,"mcpPosition":[9.13777,54.2787,83.3026],"pipPosition":[-18.9807,76.1432,65.258],"stabilizedTipPosition":[-33.7862,99.0692,37.1966],"timeVisible":5.19448,"tipPosition":[-31.4832,99.1033,35.7258],"tipVelocity":[-1.06981,-22.6138,1.50032],"tool":false,"touchDistance":-0.21726,"touchZone":"touching","type":0,"width":15.2554},{"bases":[[[0.945866,0.149296,-0.288181],[0.176218,0.509409,0.842288],[0.272552,-0.847475,0.455524]],[[0.951968,0.12948,-0.277473],[0.197041,0.434585,0.878812],[0.234374,-0.891275,0.388198]],[[0.951968,0.12948,-0.277473],[0.136856,0.630716,0.76385],[0.27391,-0.765135,0.582702]],[[0.951968,0.12948,-0.277473],[0.0858726,0.75693,0.64783],[0.293908,-0.640541,0.709454]]],"btipPosition":[-14.5518,169.711,33.1654],"carpPosition":[18.0806,68.0754,92.7466],"dipPosition":[-10.714,161.346,42.4294],"direction":[-0.27391,0.765135,-0.582702],"extended":true,"handId":54,"id":541,"length":44.9446,"mcpPosition":[2.04148,117.948,65.9399],"pipPosition":[-5.65413,147.212,53.1935],"stabilizedTipPosition":[-13.634,168.019,35.3557],"timeVisible":5.19448,"tipPosition":[-11.5265,169.305,37.7904],"tipVelocity":[-3.88616,-26.2394,-5.29636],"tool":false,"touchDistance":-0.289866,"touchZone":"touching","type":1,"width":14.572},{"bases":[[[0.93,-0.0556179,-0.363327],[0.339532,0.508586,0.791238],[0.140776,-0.859213,0.491869]],[[0.935558,-0.0956642,-0.339971],[0.352977,0.285457,0.891023],[0.0118082,-0.953605,0.300829]],[[0.935558,-0.0956642,-0.339971],[0.32807,0.591845,0.736267],[0.130776,-0.800355,0.58509]],[[0.935558,-0.0956642,-0.339971],[0.260604,0.836682,0.481715],[0.238365,-0.53927,0.807695]]],"btipPosition":[12.8512,178.841,28.0233],"carpPosition":[27.4081,70.623,90.871],"dipPosition":[16.2746,171.096,39.6235],"direction":[-0.130776,0.800355,-0.58509],"extended":true,"handId":54,"id":542,"length":51.2108,"mcpPosition":[19.5518,118.573,63.4212],"pipPosition":[19.1168,153.702,52.3393],"stabilizedTipPosition":[13.7185,177.31,30.7053],"timeVisible":5.19448,"tipPosition":[14.9285,179.128,33.1068],"tipVelocity":[-6.9703,-24.6239,0.93848],"tool":false,"touchDistance":-0.288887,"touchZone":"touching","type":2,"width":14.3116},{"bases":[[[0.912321,-0.219632,-0.345591],[0.409423,0.475664,0.778535],[-0.00660629,-0.851766,0.52388]],[[0.912022,-0.236082,-0.335383],[0.383176,0.198839,0.90202],[-0.146263,-0.951172,0.271807]],[[0.912022,-0.236082,-0.335383],[0.410018,0.504714,0.759703],[-0.0100799,-0.830379,0.557108]],[[0.912022,-0.236082,-0.335383],[0.389685,0.753817,0.529061],[0.127916,-0.613209,0.779495]]],"btipPosition":[40.3666,172.504,29.1087],"carpPosition":[36.6543,71.0093,87.5652],"dipPosition":[42.1932,163.748,40.2396],"direction":[0.0100799,0.830379,-0.557108],"extended":true,"handId":54,"id":543,"length":49.2406,"mcpPosition":[36.9853,113.687,61.3159],"pipPosition":[41.9798,146.167,52.0345],"stabilizedTipPosition":[40.8872,170.888,31.6631],"timeVisible":5.19448,"tipPosition":[40.4039,171.867,32.965],"tipVelocity":[-3.78298,-20.7495,5.35005],"tool":false,"touchDistance":-0.239286,"touchZone":"touching","type":3,"width":13.6184},{"bases":[[[0.825151,-0.392293,-0.406489],[0.544135,0.35858,0.75851],[-0.151799,-0.84707,0.509342]],[[0.814194,-0.443885,-0.374239],[0.44874,0.0721096,0.890749],[-0.368403,-0.893178,0.2579]],[[0.814194,-0.443885,-0.374239],[0.544388,0.359606,0.757842],[-0.201816,-0.820762,0.534434]],[[0.814194,-0.443885,-0.374239],[0.580566,0.616239,0.532159],[-0.00559664,-0.650551,0.759442]]],"btipPosition":[64.8614,151.222,32.1043],"carpPosition":[44.7744,66.9574,80.6914],"dipPosition":[64.7877,142.652,42.1088],"direction":[0.201816,0.820762,-0.534434],"extended":true,"handId":54,"id":544,"length":38.6037,"mcpPosition":[51.8152,106.246,57.067],"pipPosition":[61.7709,130.383,50.0976],"stabilizedTipPosition":[64.8297,149.738,34.3401],"timeVisible":5.19448,"tipPosition":[63.7734,150.336,34.9891],"tipVelocity":[2.93665,-18.124,9.84983],"tool":false,"touchDistance":-0.182512,"touchZone":"touching","type":4,"width":12.0969}],"r":[[0.99929,0.0360069,0.0110671],[-0.0287875,0.919459,-0.39213],[-0.0242951,0.391533,0.919843]],"s":0.955688,"t":[-17.4367,-6.85546,-40.875],"timestamp":17331480082},{"currentFrameRate":114.901,"devices":[],"gestures":[],"hands":[{"armBasis":[[0.972268,-0.00732333,-0.233755],[0.0528559,-0.966768,0.250134],[-0.227819,-0.255552,-0.93957]],"armWidth":48.9085,"confidence":1,"direction":[-0.0810175,0.925778,-0.369285],"elbow":[-18.1593,-10.8414,-125.447],"grabAngle":0.383644,"grabStrength":0,"id":54,"palmNormal":[-0.213329,-0.378024,-0.900882],"palmPosition":[22.7915,98.5312,67.2658],"palmVelocity":[0.819951,-14.3636,10.4715],"palmWidth":72.7825,"pinchDistance":62.0126,"pinchStrength":0,"r":[[0.999251,0.0366494,0.0123878],[-0.0288615,0.919457,-0.392131],[-0.0257614,0.39148,0.919826]],"s":0.955619,"sphereCenter":[23.158,136.421,65.8193],"sphereRadius":48.1477,"stabilizedPalmPosition":[22.0507,99.7705,67.1095],"t":[-17.4169,-6.97896,-40.7827],"timeVisible":5.20316,"type":"right","wrist":[31.0431,44.3507,77.4741]}],"id":30156,"interactionBox":{"center":[0,200,0],"size":[235.247,235.247,147.751]},"pointables":[{"bases":[[[0.566779,0.516433,0.641918],[-0.656538,-0.187579,0.730597],[0.497715,-0.83553,0.232742]],[[0.314505,0.812298,0.49118],[-0.636457,-0.203455,0.743995],[0.704279,-0.546605,0.453005]],[[0.314505,0.812298,0.49118],[-0.805511,-0.0453919,0.59084],[0.502234,-0.581473,0.640039]],[[0.314505,0.812298,0.49118],[-0.940606,0.196983,0.276511],[0.127855,-0.548971,0.826005]]],"btipPosition":[-34.3535,100.943,33.8284],"carpPosition":[9.14172,54.1461,83.3691],"dipPosition":[-32.0666,91.1235,48.6029],"direction":[-0.502234,0.581473,-0.640039],"extended":true,"handId":54,"id":540,"length":39.8308,"mcpPosition":[9.14172,54.1461,83.3691],"pipPosition":[-18.9794,75.9714,65.2811],"stabilizedTipPosition":[-33.8077,98.8694,37.2122],"timeVisible":5.20316,"tipPosition":[-31.4509,98.9583,35.7543],"tipVelocity":[-4.92408,-23.012,3.71791],"tool":false,"touchDistance":-0.216722,"touchZone":"touching","type":0,"width":15.2554},{"bases":[[[0.946191,0.14973,-0.286887],[0.174872,0.509366,0.842595],[0.272292,-0.847424,0.455774]],[[0.952016,0.130835,-0.276674],[0.195482,0.435629,0.878643],[0.235485,-0.890567,0.38915]],[[0.952016,0.130835,-0.276674],[0.134243,0.633893,0.761681],[0.275036,-0.762274,0.585912]],[[0.952016,0.130835,-0.276674],[0.0833579,0.75899,0.645744],[0.294479,-0.637822,0.711664]]],"btipPosition":[-14.6158,169.466,33.1117],"carpPosition":[18.0661,67.9452,92.8269],"dipPosition":[-10.7705,161.137,42.4045],"direction":[-0.275036,0.762274,-0.585912],"extended":true,"handId":54,"id":541,"length":44.9446,"mcpPosition":[2.04223,117.814,66.0055],"pipPosition":[-5.68985,147.056,53.2279],"stabilizedTipPosition":[-13.6813,167.791,35.3039],"timeVisible":5.20316,"tipPosition":[-11.5333,169.153,37.8169],"tipVelocity":[-7.17204,-27.2552,-5.42678],"tool":false,"touchDistance":-0.28992,"touchZone":"touching","type":1,"width":14.572},{"bases":[[[0.930511,-0.0551798,-0.362083],[0.338255,0.508618,0.791764],[0.140473,-0.859222,0.49194]],[[0.935978,-0.0945601,-0.339121],[0.351823,0.286448,0.891161],[0.0128725,-0.953418,0.301378]],[[0.935978,-0.0945601,-0.339121],[0.326317,0.594568,0.734851],[0.132143,-0.798466,0.587359]],[[0.935978,-0.0945601,-0.339121],[0.257851,0.839969,0.477456],[0.239703,-0.534331,0.810575]]],"btipPosition":[12.7669,178.597,28.0017],"carpPosition":[27.395,70.497,90.9642],"dipPosition":[16.2096,170.923,39.6432],"direction":[-0.132143,0.798466,-0.587359],"extended":true,"handId":54,"id":542,"length":51.2108,"mcpPosition":[19.5556,118.448,63.5105],"pipPosition":[19.0814,153.57,52.4083],"stabilizedTipPosition":[13.6434,177.085,30.693],"timeVisible":5.20316,"tipPosition":[14.9316,178.979,33.1686],"tipVelocity":[-9.1985,-26.2734,-1.39514],"tool":false,"touchDistance":-0.288513,"touchZone":"touching","type":2,"width":14.3116},{"bases":[[[0.912876,-0.219204,-0.344393],[0.408177,0.475727,0.77915],[-0.0069557,-0.851841,0.523754]],[[0.912573,-0.235564,-0.334245],[0.382024,0.19962,0.902336],[-0.145836,-0.951137,0.272159]],[[0.912573,-0.235564,-0.334245],[0.408813,0.507421,0.758549],[-0.00908399,-0.828875,0.559361]],[[0.912573,-0.235564,-0.334245],[0.387883,0.757435,0.525205],[0.129449,-0.608935,0.782586]]],"btipPosition":[40.3178,172.292,29.117],"carpPosition":[36.6455,70.8875,87.671],"dipPosition":[42.1662,163.597,40.292],"direction":[0.00908399,0.828875,-0.559361],"extended":true,"handId":54,"id":543,"length":49.2406,"mcpPosition":[36.994,113.569,61.428],"pipPosition":[41.9739,146.048,52.1346],"stabilizedTipPosition":[40.8364,170.678,31.6716],"timeVisible":5.20316,"tipPosition":[40.4297,171.74,33.0755],"tipVelocity":[-5.04662,-22.8068,2.11838],"tool":false,"touchDistance":-0.238979,"touchZone":"touching","type":3,"width":13.6184},{"bases":[[[0.82586,-0.391892,-0.405432],[0.542965,0.358702,0.759291],[-0.152131,-0.847203,0.509021]],[[0.814626,-0.444528,-0.372532],[0.447445,0.0730047,0.891327],[-0.369023,-0.892785,0.258373]],[[0.814626,-0.444528,-0.372532],[0.543774,0.361972,0.757157],[-0.201731,-0.819373,0.536594]],[[0.814626,-0.444528,-0.372532],[0.579972,0.619772,0.528691],[-0.00413275,-0.646744,0.762696]]],"btipPosition":[64.8751,151.03,32.1474],"carpPosition":[44.7766,66.84,80.8076],"dipPosition":[64.8206,142.51,42.1947],"direction":[0.201731,0.819373,-0.536594],"extended":true,"handId":54,"id":544,"length":38.6037,"mcpPosition":[51.8327,106.135,57.1981],"pipPosition":[61.8051,130.262,50.2158],"stabilizedTipPosition":[64.8382,149.565,34.3708],"timeVisible":5.20316,"tipPosition":[63.8112,150.223,35.1365],"tipVelocity":[2.08909,-20.8707,6.09707],"tool":false,"touchDistance":-0.18163,"touchZone":"touching","type":4,"width":12.0969}],"r":[[0.999251,0.0366494,0.0123878],[-0.0288615,0.919457,-0.392131],[-0.0257614,0.39148,0.919826]],"s":0.955619,"t":[-17.4169,-6.97896,-40.7827],"timestamp":17331488764},{"currentFrameRate":114.798,"devices":[],"gestures":[],"hands":[{"armBasis":[[0.972141,-0.00765127,-0.23427],[0.0526339,-0.966817,0.249989],[-0.228409,-0.255355,-0.93948]],"armWidth":48.9085,"confidence":1,"direction":[-0.0807355,0.925851,-0.369163],"elbow":[-18.3592,-10.9138,-125.335],"grabAngle":0.388406,"grabStrength":0,"id":54,"palmNormal":[-0.212882,-0.377843,-0.901064],"palmPosition":[22.7436,98.4186,67.3598],"palmVelocity":[-5.39242,-12.6634,10.588],"palmWidth":72.7825,"pinchDistance":62.0431,"pinchStrength":0,"r":[[0.999218,0.0371446,0.0135526],[-0.0288619,0.919469,-0.392101],[-0.0270256,0.391403,0.919822]],"s":0.955641,"sphereCenter":[23.1341,135.869,65.1159],"sphereRadius":47.8846,"stabilizedPalmPosition":[22.0855,99.7025,67.1221],"t":[-17.431,-7.09698,-40.6895],"timeVisible":5.21205,"type":"right","wrist":[30.9708,44.2357,77.5663]}],"id":30157,"interactionBox":{"center":[0,200,0],"size":[235.247,235.247,147.751]},"pointables":[{"bases":[[[0.566483,0.516266,0.642313],[-0.656945,-0.18765,0.730213],[0.497514,-0.835617,0.232858]],[[0.313728,0.812656,0.491086],[-0.636855,-0.203518,0.743637],[0.704266,-0.546051,0.453694]],[[0.313728,0.812656,0.491086],[-0.804734,-0.0469397,0.591777],[0.503963,-0.580851,0.639245]],[[0.313728,0.812656,0.491086],[-0.94074,0.195888,0.276831],[0.12877,-0.548834,0.825954]]],"btipPosition":[-34.475,100.788,33.9014],"carpPosition":[9.08115,54.0319,83.4479],"dipPosition":[-32.1717,90.971,48.6749],"direction":[-0.503963,0.580851,-0.639245],"extended":true,"handId":54,"id":540,"length":39.8308,"mcpPosition":[9.08115,54.0319,83.4479],"pipPosition":[-19.0394,75.8351,65.3324],"stabilizedTipPosition":[-33.876,98.7009,37.2554],"timeVisible":5.21205,"tipPosition":[-31.4984,98.8542,35.8294],"tipVelocity":[-13.2453,-17.3774,8.18392],"tool":false,"touchDistance":-0.21551,"touchZone":"touching","type":0,"width":15.2554},{"bases":[[[0.946357,0.149695,-0.286355],[0.174468,0.5092,0.842779],[0.271971,-0.84753,0.455768]],[[0.951919,0.131666,-0.276613],[0.194816,0.436665,0.878277],[0.236427,-0.889937,0.390019]],[[0.951919,0.131666,-0.276613],[0.132725,0.636539,0.759739],[0.276107,-0.759923,0.588458]],[[0.951919,0.131666,-0.276613],[0.0816505,0.761226,0.643326],[0.295269,-0.634979,0.713875]]],"btipPosition":[-14.7223,169.254,33.0937],"carpPosition":[18.0017,67.8285,92.913],"dipPosition":[-10.8667,160.963,42.4154],"direction":[-0.276107,0.759923,-0.588458],"extended":true,"handId":54,"id":541,"length":44.9446,"mcpPosition":[1.99675,117.704,66.092],"pipPosition":[-5.76625,146.925,53.2858],"stabilizedTipPosition":[-13.7568,167.574,35.2715],"timeVisible":5.21205,"tipPosition":[-11.5831,169.031,37.8769],"tipVelocity":[-11.7176,-22.8571,-1.27686],"tool":false,"touchDistance":-0.289431,"touchZone":"touching","type":1,"width":14.572},{"bases":[[[0.930699,-0.0552001,-0.361596],[0.337878,0.508446,0.792036],[0.140131,-0.859323,0.491861]],[[0.93608,-0.0939647,-0.339006],[0.351524,0.287141,0.891056],[0.0136146,-0.953268,0.301818]],[[0.93608,-0.0939647,-0.339006],[0.325512,0.596797,0.7334],[0.133404,-0.796872,0.589236]],[[0.93608,-0.0939647,-0.339006],[0.256068,0.842766,0.473471],[0.241213,-0.530015,0.812958]]],"btipPosition":[12.6464,178.383,28.0064],"carpPosition":[27.3319,70.3798,91.0557],"dipPosition":[16.1108,170.771,39.6822],"direction":[-0.133404,0.796872,-0.589236],"extended":true,"handId":54,"id":542,"length":51.2108,"mcpPosition":[19.5116,118.336,63.6064],"pipPosition":[19.01,153.453,52.4881],"stabilizedTipPosition":[13.5488,176.871,30.6925],"timeVisible":5.21205,"tipPosition":[14.8936,178.849,33.2455],"tipVelocity":[-13.001,-22.4436,1.41709],"tool":false,"touchDistance":-0.287806,"touchZone":"touching","type":2,"width":14.3116},{"bases":[[[0.91304,-0.219226,-0.343944],[0.407804,0.47555,0.779454],[-0.00731343,-0.851934,0.523597]],[[0.912733,-0.235503,-0.333852],[0.381687,0.20007,0.902379],[-0.145719,-0.951057,0.272499]],[[0.912733,-0.235503,-0.333852],[0.408474,0.509531,0.757316],[-0.00824239,-0.827597,0.561262]],[[0.912733,-0.235503,-0.333852],[0.386985,0.76036,0.521627],[0.131003,-0.605302,0.785142]]],"btipPosition":[40.2303,172.098,29.133],"carpPosition":[36.5842,70.7701,87.7675],"dipPosition":[42.101,163.454,40.3445],"direction":[0.00824239,0.827597,-0.561262],"extended":true,"handId":54,"id":543,"length":49.2406,"mcpPosition":[36.9506,113.457,61.5324],"pipPosition":[41.9265,145.933,52.2274],"stabilizedTipPosition":[40.7726,170.472,31.6861],"timeVisible":5.21205,"tipPosition":[40.4089,171.618,33.1792],"tipVelocity":[-9.26336,-20.5379,2.74463],"tool":false,"touchDistance":-0.238573,"touchZone":"touching","type":3,"width":13.6184},{"bases":[[[0.826041,-0.391895,-0.405061],[0.542592,0.358516,0.759645],[-0.15248,-0.847281,0.508788]],[[0.814539,-0.445519,-0.371537],[0.446932,0.0736356,0.891532],[-0.369837,-0.892239,0.259096]],[[0.814539,-0.445519,-0.371537],[0.543905,0.363803,0.756185],[-0.201729,-0.818022,0.538651]],[[0.814539,-0.445519,-0.371537],[0.580103,0.622573,0.525246],[-0.00269879,-0.643363,0.765557]]],"btipPosition":[64.8363,150.837,32.1704],"carpPosition":[44.7185,66.723,80.9077],"dipPosition":[64.8008,142.361,42.2554],"direction":[0.201729,0.818022,-0.538651],"extended":true,"handId":54,"id":544,"length":38.6037,"mcpPosition":[51.7909,106.022,57.309],"pipPosition":[61.7853,130.133,50.3073],"stabilizedTipPosition":[64.8354,149.376,34.4039],"timeVisible":5.21205,"tipPosition":[63.7934,150.103,35.2557],"tipVelocity":[-3.87368,-20.5523,3.56495],"tool":false,"touchDistance":-0.181102,"touchZone":"touching","type":4,"width":12.0969}],"r":[[0.999218,0.0371446,0.0135526],[-0.0288619,0.919469,-0.392101],[-0.0270256,0.391403,0.919822]],"s":0.955641,"t":[-17.431,-7.09698,-40.6895],"timestamp":17331497650},{"currentFrameRate":114.933,"devices":[],"gestures":[],"hands":[{"armBasis":[[0.971991,-0.0076839,-0.234894],[0.0525634,-0.96704,0.249141],[-0.229067,-0.254509,-0.93955]],"armWidth":48.9085,"confidence":1,"direction":[-0.0805933,0.92618,-0.368368],"elbow":[-18.5576,-10.8562,-125.294],"grabAngle":0.393764,"grabStrength":0,"id":54,"palmNormal":[-0.212335,-0.37704,-0.901529],"palmPosition":[22.7048,98.3021,67.4569],"palmVelocity":[-4.57801,-13.7572,11.4562],"palmWidth":72.7825,"pinchDistance":62.0779,"pinchStrength":0,"r":[[0.999188,0.0375533,0.0146061],[-0.0288312,0.91955,-0.391914],[-0.0281487,0.391174,0.919886]],"s":0.955774,"sphereCenter":[23.0936,135.353,64.517],"sphereRadius":47.6605,"stabilizedPalmPosition":[22.1127,99.6411,67.1368],"t":[-17.4574,-7.21425,-40.5944],"timeVisible":5.22052,"type":"right","wrist":[30.9144,44.1107,77.6227]}],"id":30158,"interactionBox":{"center":[0,200,0],"size":[235.247,235.247,147.751]},"pointables":[{"bases":[[[0.566074,0.515725,0.643108],[-0.657351,-0.188363,0.729664],[0.497444,-0.835791,0.232385]],[[0.312796,0.812706,0.491597],[-0.636997,-0.204425,0.743267],[0.704552,-0.545637,0.453748]],[[0.312796,0.812706,0.491597],[-0.804009,-0.0490044,0.592594],[0.505695,-0.58061,0.638095]],[[0.312796,0.812706,0.491597],[-0.941037,0.194944,0.276489],[0.12887,-0.549096,0.825764]]],"btipPosition":[-34.578,100.637,33.9815],"carpPosition":[9.03648,53.8997,83.4968],"dipPosition":[-32.273,90.816,48.7516],"direction":[-0.505695,0.58061,-0.638095],"extended":true,"handId":54,"id":540,"length":39.8308,"mcpPosition":[9.03648,53.8997,83.4968],"pipPosition":[-19.0955,75.6864,65.3791],"stabilizedTipPosition":[-33.9529,98.5566,37.3106],"timeVisible":5.22052,"tipPosition":[-31.5359,98.7597,35.9055],"tipVelocity":[-12.1134,-17.8689,9.3615],"tool":false,"touchDistance":-0.214188,"touchZone":"touching","type":0,"width":15.2554},{"bases":[[[0.946511,0.150026,-0.285674],[0.173945,0.508447,0.843342],[0.271773,-0.847923,0.455154]],[[0.95175,0.133062,-0.276527],[0.194101,0.436929,0.878304],[0.237691,-0.8896,0.39002]],[[0.95175,0.133062,-0.276527],[0.13117,0.638243,0.758578],[0.277429,-0.758249,0.589994]],[[0.95175,0.133062,-0.276527],[0.0792683,0.763925,0.640418],[0.296461,-0.631437,0.716518]]],"btipPosition":[-14.8433,169.049,33.1334],"carpPosition":[17.9506,67.6884,92.9795],"dipPosition":[-10.9721,160.804,42.4897],"direction":[-0.277429,0.758249,-0.589994],"extended":true,"handId":54,"id":541,"length":44.9446,"mcpPosition":[1.95724,117.587,66.1946],"pipPosition":[-5.84728,146.797,53.3884],"stabilizedTipPosition":[-13.8472,167.38,35.2779],"timeVisible":5.22052,"tipPosition":[-11.636,168.919,37.9885],"tipVelocity":[-13.8626,-22.9685,5.62568],"tool":false,"touchDistance":-0.288107,"touchZone":"touching","type":1,"width":14.572},{"bases":[[[0.930912,-0.0548015,-0.36111],[0.337384,0.507751,0.792692],[0.139913,-0.859759,0.491161]],[[0.936214,-0.0929898,-0.338905],[0.351136,0.28702,0.891248],[0.0143956,-0.953401,0.301364]],[[0.936214,-0.0929898,-0.338905],[0.324585,0.598477,0.732441],[0.134717,-0.795725,0.590485]],[[0.936214,-0.0929898,-0.338905],[0.254036,0.845436,0.469792],[0.242837,-0.52592,0.815131]]],"btipPosition":[12.5277,178.191,28.078],"carpPosition":[27.2816,70.2421,91.13],"dipPosition":[16.0153,170.638,39.785],"direction":[-0.134717,0.795725,-0.590485],"extended":true,"handId":54,"id":542,"length":51.2108,"mcpPosition":[19.4734,118.223,63.7197],"pipPosition":[18.9431,153.344,52.618],"stabilizedTipPosition":[13.4541,176.691,30.7263],"timeVisible":5.22052,"tipPosition":[14.8526,178.739,33.384],"tipVelocity":[-13.3874,-21.0984,9.3027],"tool":false,"touchDistance":-0.286177,"touchZone":"touching","type":2,"width":14.3116},{"bases":[[[0.913255,-0.218844,-0.343618],[0.407319,0.474873,0.78012],[-0.00755009,-0.85241,0.522819]],[[0.912942,-0.235155,-0.333526],[0.381203,0.199657,0.902675],[-0.145677,-0.95123,0.271917]],[[0.912942,-0.235155,-0.333526],[0.408022,0.511028,0.756551],[-0.00746531,-0.826772,0.562487]],[[0.912942,-0.235155,-0.333526],[0.385931,0.763152,0.51832],[0.132646,-0.601914,0.787467]]],"btipPosition":[40.1524,171.928,29.2126],"carpPosition":[36.5357,70.6361,87.8474],"dipPosition":[42.0466,163.332,40.4573],"direction":[0.00746531,0.826772,-0.562487],"extended":true,"handId":54,"id":543,"length":49.2406,"mcpPosition":[36.914,113.346,61.6513],"pipPosition":[41.8885,145.828,52.3661],"stabilizedTipPosition":[40.7119,170.3,31.7232],"timeVisible":5.22052,"tipPosition":[40.3859,171.521,33.3401],"tipVelocity":[-8.56064,-18.7667,10.3023],"tool":false,"touchDistance":-0.237118,"touchZone":"touching","type":3,"width":13.6184},{"bases":[[[0.826304,-0.391465,-0.404941],[0.542127,0.357867,0.760282],[-0.152709,-0.847754,0.507931]],[[0.814512,-0.446212,-0.370763],[0.446153,0.0732709,0.891952],[-0.370833,-0.891923,0.258759]],[[0.814512,-0.446212,-0.370763],[0.543886,0.364918,0.75566],[-0.201886,-0.817147,0.539919]],[[0.814512,-0.446212,-0.370763],[0.580146,0.625161,0.522115],[-0.00118733,-0.640366,0.768069]]],"btipPosition":[64.8121,150.67,32.2481],"carpPosition":[44.6743,66.5958,80.9886],"dipPosition":[64.7965,142.234,42.3663],"direction":[0.201886,0.817147,-0.539919],"extended":true,"handId":54,"id":544,"length":38.6037,"mcpPosition":[51.7573,105.916,57.4297],"pipPosition":[61.7786,130.02,50.4371],"stabilizedTipPosition":[64.8285,149.211,34.4477],"timeVisible":5.22052,"tipPosition":[63.7767,150.009,35.4172],"tipVelocity":[-2.31651,-18.5617,10.0755],"tool":false,"touchDistance":-0.179679,"touchZone":"touching","type":4,"width":12.0969}],"r":[[0.999188,0.0375533,0.0146061],[-0.0288312,0.91955,-0.391914],[-0.0281487,0.391174,0.919886]],"s":0.955774,"t":[-17.4574,-7.21425,-40.5944],"timestamp":17331506121},{"currentFrameRate":114.968,"devices":[],"gestures":[],"hands":[{"armBasis":[[0.971829,-0.0075129,-0.235567],[0.0526338,-0.967332,0.247991],[-0.229735,-0.253403,-0.939685]],"armWidth":48.9085,"confidence":1,"direction":[-0.0806582,0.926612,-0.367267],"elbow":[-18.7601,-10.7232,-125.279],"grabAngle":0.399038,"grabStrength":0,"id":54,"palmNormal":[-0.212288,-0.375984,-0.901981],"palmPosition":[22.6519,98.2076,67.563],"palmVelocity":[-6.12935,-10.9333,12.2833],"palmWidth":72.7825,"pinchDistance":62.1093,"pinchStrength":0,"r":[[0.999162,0.0378921,0.0154618],[-0.0288198,0.919707,-0.391545],[-0.0290568,0.390772,0.920029]],"s":0.955989,"sphereCenter":[23.0202,134.906,64.0213],"sphereRadius":47.4727,"stabilizedPalmPosition":[22.1337,99.5852,67.1534],"t":[-17.4971,-7.32012,-40.4937],"timeVisible":5.22916,"type":"right","wrist":[30.8562,44.0049,77.6667]}],"id":30159,"interactionBox":{"center":[0,200,0],"size":[235.247,235.247,147.751]},"pointables":[{"bases":[[[0.566021,0.515004,0.643732],[-0.657351,-0.189282,0.729426],[0.497504,-0.836028,0.231401]],[[0.312186,0.812577,0.492198],[-0.636596,-0.205644,0.743274],[0.705185,-0.545371,0.453084]],[[0.312186,0.812577,0.492198],[-0.80301,-0.0511489,0.593767],[0.507657,-0.580605,0.636539]],[[0.312186,0.812577,0.492198],[-0.941197,0.194093,0.276542],[0.12918,-0.549588,0.825388]]],"btipPosition":[-34.7097,100.521,34.1082],"carpPosition":[8.98667,53.7852,83.5498],"dipPosition":[-32.3992,90.6907,48.8716],"direction":[-0.507657,0.580605,-0.636539],"extended":true,"handId":54,"id":540,"length":39.8308,"mcpPosition":[8.98667,53.7852,83.5498],"pipPosition":[-19.1706,75.5612,65.4586],"stabilizedTipPosition":[-34.0428,98.4383,37.3876],"timeVisible":5.22916,"tipPosition":[-31.605,98.6957,36.0208],"tipVelocity":[-15.1007,-13.7189,14.4947],"tool":false,"touchDistance":-0.212101,"touchZone":"touching","type":0,"width":15.2554},{"bases":[[[0.946505,0.15044,-0.285477],[0.173888,0.507457,0.843949],[0.27183,-0.848443,0.45415]],[[0.951415,0.134573,-0.276948],[0.193871,0.436959,0.87834],[0.239216,-0.889358,0.389639]],[[0.951415,0.134573,-0.276948],[0.130145,0.639394,0.757784],[0.279056,-0.757011,0.590815]],[[0.951415,0.134573,-0.276948],[0.0770912,0.766684,0.637379],[0.298106,-0.627762,0.719061]]],"btipPosition":[-14.9993,168.876,33.2262],"carpPosition":[17.8995,67.5633,93.0491],"dipPosition":[-11.1067,160.678,42.6156],"direction":[-0.279056,0.757011,-0.590815],"extended":true,"handId":54,"id":541,"length":44.9446,"mcpPosition":[1.90281,117.492,66.3232],"pipPosition":[-5.95177,146.694,53.5295],"stabilizedTipPosition":[-13.9588,167.21,35.3248],"timeVisible":5.22916,"tipPosition":[-11.7199,168.837,38.1477],"tipVelocity":[-17.4882,-18.7919,11.6231],"tool":false,"touchDistance":-0.286123,"touchZone":"touching","type":1,"width":14.572},{"bases":[[[0.930923,-0.0542993,-0.361157],[0.337329,0.506834,0.793302],[0.139971,-0.860332,0.49014]],[[0.936164,-0.091965,-0.339321],[0.351232,0.286505,0.891376],[0.0152419,-0.953655,0.300517]],[[0.936164,-0.091965,-0.339321],[0.324096,0.599757,0.73161],[0.136228,-0.79488,0.591277]],[[0.936164,-0.091965,-0.339321],[0.252321,0.847854,0.466345],[0.244807,-0.522194,0.816935]]],"btipPosition":[12.3809,178.038,28.1959],"carpPosition":[27.2304,70.1198,91.2028],"dipPosition":[15.8969,170.538,39.9288],"direction":[-0.136228,0.79488,-0.591277],"extended":true,"handId":54,"id":542,"length":51.2108,"mcpPosition":[19.419,118.132,63.8494],"pipPosition":[18.8575,153.263,52.779],"stabilizedTipPosition":[13.3502,176.542,30.7923],"timeVisible":5.22916,"tipPosition":[14.779,178.663,33.5605],"tipVelocity":[-16.2308,-16.2627,14.3292],"tool":false,"touchDistance":-0.284036,"touchZone":"touching","type":2,"width":14.3116},{"bases":[[[0.913278,-0.218364,-0.34386],[0.407267,0.473976,0.780692],[-0.00749395,-0.853032,0.521804]],[[0.912966,-0.234696,-0.333782],[0.381202,0.198845,0.902854],[-0.145525,-0.951514,0.271005]],[[0.912966,-0.234696,-0.333782],[0.407984,0.512092,0.755852],[-0.00646846,-0.826245,0.563274]],[[0.912966,-0.234696,-0.333782],[0.385192,0.765588,0.515269],[0.134608,-0.598993,0.789359]]],"btipPosition":[40.0441,171.798,29.3244],"carpPosition":[36.4845,70.5184,87.9208],"dipPosition":[41.9662,163.245,40.5961],"direction":[0.00646846,0.826245,-0.563274],"extended":true,"handId":54,"id":543,"length":49.2406,"mcpPosition":[36.86,113.26,61.7756],"pipPosition":[41.8293,145.751,52.5216],"stabilizedTipPosition":[40.6452,170.162,31.7804],"timeVisible":5.22916,"tipPosition":[40.3291,171.457,33.5219],"tipVelocity":[-11.7927,-13.8979,13.6541],"tool":false,"touchDistance":-0.235152,"touchZone":"touching","type":3,"width":13.6184},{"bases":[[[0.826342,-0.390918,-0.40539],[0.542084,0.357004,0.760718],[-0.152653,-0.848369,0.506918]],[[0.814309,-0.446678,-0.370647],[0.445854,0.0725012,0.892165],[-0.371638,-0.891752,0.258192]],[[0.814309,-0.446678,-0.370647],[0.54425,0.365669,0.755035],[-0.201724,-0.816557,0.540872]],[[0.814309,-0.446678,-0.370647],[0.580431,0.627468,0.519022],[0.000733533,-0.637779,0.770219]]],"btipPosition":[64.7528,150.543,32.3366],"carpPosition":[44.6236,66.487,81.0574],"dipPosition":[64.7624,142.141,42.4831],"direction":[0.201724,0.816557,-0.540872],"extended":true,"handId":54,"id":544,"length":38.6037,"mcpPosition":[51.7039,105.836,57.5455],"pipPosition":[61.747,129.935,50.5681],"stabilizedTipPosition":[64.8112,149.069,34.5003],"timeVisible":5.22916,"tipPosition":[63.7271,149.947,35.5797],"tipVelocity":[-6.19429,-13.8839,10.9993],"tool":false,"touchDistance":-0.178096,"touchZone":"touching","type":4,"width":12.0969}],"r":[[0.999162,0.0378921,0.0154618],[-0.0288198,0.919707,-0.391545],[-0.0290568,0.390772,0.920029]],"s":0.955989,"t":[-17.4971,-7.32012,-40.4937],"timestamp":17331514760},{"currentFrameRate":114.924,"devices":[],"gestures":[],"hands":[{"armBasis":[[0.971658,-0.00708914,-0.236286],[0.0528888,-0.967693,0.246523],[-0.2304,-0.252033,-0.939891]],"armWidth":48.9085,"confidence":1,"direction":[-0.0808015,0.927146,-0.365885],"elbow":[-18.972,-10.5538,-125.318],"grabAngle":0.403539,"grabStrength":0,"id":54,"palmNormal":[-0.211411,-0.374675,-0.902732],"palmPosition":[22.5862,98.0927,67.6421],"palmVelocity":[-7.48758,-13.0927,9.01017],"palmWidth":72.7825,"pinchDistance":62.1374,"pinchStrength":0,"r":[[0.999135,0.0382504,0.0163142],[-0.0288352,0.919953,-0.390968],[-0.0299629,0.390159,0.92026]],"s":0.956316,"sphereCenter":[22.9294,134.503,63.619],"sphereRadius":47.3282,"stabilizedPalmPosition":[22.1512,99.5276,67.1723],"t":[-17.5498,-7.4305,-40.4039],"timeVisible":5.23793,"type":"right","wrist":[30.7879,43.8782,77.6725]}],"id":30160,"interactionBox":{"center":[0,200,0],"size":[235.247,235.247,147.751]},"pointables":[{"bases":[[[0.56528,0.514261,0.644976],[-0.657831,-0.190723,0.728617],[0.497711,-0.836158,0.230485]],[[0.311026,0.812274,0.493431],[-0.636566,-0.207476,0.742791],[0.705724,-0.545129,0.452535]],[[0.311026,0.812274,0.493431],[-0.802307,-0.0539129,0.594472],[0.509476,-0.58078,0.634925]],[[0.311026,0.812274,0.493431],[-0.941514,0.192501,0.276578],[0.129671,-0.550595,0.82464]]],"btipPosition":[-34.8451,100.388,34.1847],"carpPosition":[8.92909,53.6391,83.5489],"dipPosition":[-32.5257,90.5395,48.9347],"direction":[-0.509476,0.580779,-0.634925],"extended":true,"handId":54,"id":540,"length":39.8308,"mcpPosition":[8.92909,53.6391,83.5489],"pipPosition":[-19.2497,75.4054,65.4797],"stabilizedTipPosition":[-34.1459,98.3172,37.4603],"timeVisible":5.23793,"tipPosition":[-31.6654,98.6015,36.0692],"tipVelocity":[-15.1878,-15.6516,8.36552],"tool":false,"touchDistance":-0.210878,"touchZone":"touching","type":0,"width":15.2554},{"bases":[[[0.946657,0.151322,-0.284503],[0.172996,0.50622,0.844875],[0.27187,-0.849025,0.453039]],[[0.951258,0.13648,-0.276553],[0.192828,0.436614,0.878741],[0.240678,-0.889237,0.389015]],[[0.951258,0.13648,-0.276553],[0.128406,0.640037,0.757538],[0.280393,-0.756125,0.591316]],[[0.951258,0.13648,-0.276553],[0.0742021,0.769111,0.634793],[0.299337,-0.624373,0.721496]]],"btipPosition":[-15.1618,168.688,33.2986],"carpPosition":[17.8281,67.4064,93.0766],"dipPosition":[-11.253,160.535,42.7198],"direction":[-0.280393,0.756125,-0.591316],"extended":true,"handId":54,"id":541,"length":44.9446,"mcpPosition":[1.82914,117.37,66.4162],"pipPosition":[-6.07344,146.568,53.643],"stabilizedTipPosition":[-14.0864,167.044,35.3838],"timeVisible":5.23793,"tipPosition":[-11.8199,168.732,38.282],"tipVelocity":[-18.0898,-20.1682,9.08476],"tool":false,"touchDistance":-0.284648,"touchZone":"touching","type":1,"width":14.572},{"bases":[[[0.931229,-0.0533056,-0.360515],[0.336476,0.505752,0.794355],[0.139987,-0.86103,0.488907]],[[0.936422,-0.0905806,-0.338982],[0.350508,0.285673,0.891927],[0.0160467,-0.954037,0.29926]],[[0.936422,-0.0905806,-0.338982],[0.322905,0.600461,0.731559],[0.13728,-0.794507,0.591534]],[[0.936422,-0.0905806,-0.338982],[0.250219,0.849666,0.464175],[0.245976,-0.519484,0.818311]]],"btipPosition":[12.2396,177.895,28.3245],"carpPosition":[27.1592,69.9702,91.2416],"dipPosition":[15.7723,170.434,40.0771],"direction":[-0.13728,0.794507,-0.591534],"extended":true,"handId":54,"id":542,"length":51.2108,"mcpPosition":[19.3469,118.022,63.9571],"pipPosition":[18.7558,153.167,52.9329],"stabilizedTipPosition":[13.2453,176.414,30.8751],"timeVisible":5.23793,"tipPosition":[14.6901,178.579,33.7383],"tipVelocity":[-15.6677,-15.3392,15.1712],"tool":false,"touchDistance":-0.281817,"touchZone":"touching","type":2,"width":14.3116},{"bases":[[[0.913647,-0.217405,-0.343488],[0.406439,0.472946,0.781748],[-0.0075052,-0.853849,0.520467]],[[0.91333,-0.233906,-0.33334],[0.380366,0.197688,0.90346],[-0.145428,-0.951949,0.269525]],[[0.91333,-0.233906,-0.33334],[0.407176,0.51258,0.755956],[-0.00595941,-0.826165,0.563396]],[[0.91333,-0.233906,-0.33334],[0.383948,0.767394,0.513507],[0.135691,-0.596987,0.790692]]],"btipPosition":[39.9463,171.683,29.4669],"carpPosition":[36.4158,70.3782,87.9675],"dipPosition":[41.8839,163.158,40.7577],"direction":[0.00595941,0.826165,-0.563396],"extended":true,"handId":54,"id":543,"length":49.2406,"mcpPosition":[36.7918,113.161,61.8892],"pipPosition":[41.7578,145.667,52.6857],"stabilizedTipPosition":[40.5818,170.052,31.8514],"timeVisible":5.23793,"tipPosition":[40.2567,171.393,33.7198],"tipVelocity":[-10.7343,-12.3294,16.7426],"tool":false,"touchDistance":-0.232703,"touchZone":"touching","type":3,"width":13.6184},{"bases":[[[0.826839,-0.389904,-0.405355],[0.541326,0.356068,0.761697],[-0.152655,-0.84923,0.505476]],[[0.814529,-0.446809,-0.370005],[0.444708,0.0713429,0.89283],[-0.372527,-0.89178,0.256811]],[[0.814529,-0.446809,-0.370005],[0.543793,0.365902,0.755252],[-0.202068,-0.816381,0.541009]],[[0.814529,-0.446809,-0.370005],[0.58012,0.629141,0.517341],[0.0016328,-0.636037,0.771657]]],"btipPosition":[64.7086,150.432,32.4666],"carpPosition":[44.562,66.3613,81.1041],"dipPosition":[64.7301,142.053,42.632],"direction":[0.202068,0.816381,-0.541009],"extended":true,"handId":54,"id":544,"length":38.6037,"mcpPosition":[51.6425,105.75,57.6591],"pipPosition":[61.7096,129.85,50.7191],"stabilizedTipPosition":[64.792,148.958,34.5602],"timeVisible":5.23793,"tipPosition":[63.6683,149.893,35.766],"tipVelocity":[-4.71857,-12.0112,15.3057],"tool":false,"touchDistance":-0.175857,"touchZone":"touching","type":4,"width":12.0969}],"r":[[0.999135,0.0382504,0.0163142],[-0.0288352,0.919953,-0.390968],[-0.0299629,0.390159,0.92026]],"s":0.956316,"t":[-17.5498,-7.4305,-40.4039],"timestamp":17331523536},{"currentFrameRate":115.013,"devices":[],"gestures":[],"hands":[{"armBasis":[[0.971493,-0.00675913,-0.236973],[0.053026,-0.968073,0.244997],[-0.231063,-0.250579,-0.940117]],"armWidth":48.9085,"confidence":1,"direction":[-0.0808569,0.92771,-0.36444],"elbow":[-19.19,-10.3488,-125.386],"grabAngle":0.408442,"grabStrength":0,"id":54,"palmNormal":[-0.210773,-0.373283,-0.903457],"palmPosition":[22.5182,97.9973,67.7005],"palmVelocity":[-7.94909,-11.1718,6.8406],"palmWidth":72.7825,"pinchDistance":62.1602,"pinchStrength":0,"r":[[0.999108,0.0385893,0.0171257],[-0.0288557,0.920272,-0.390213],[-0.0308183,0.389371,0.920565]],"s":0.95669,"sphereCenter":[22.8734,134.086,63.1303],"sphereRadius":47.1723,"stabilizedPalmPosition":[22.165,99.47,67.1921],"t":[-17.6101,-7.53342,-40.3297],"timeVisible":5.24648,"type":"right","wrist":[30.713,43.7692,77.6526]}],"id":30161,"interactionBox":{"center":[0,200,0],"size":[235.247,235.247,147.751]},"pointables":[{"bases":[[[0.564753,0.513387,0.646133],[-0.658202,-0.192086,0.727924],[0.497819,-0.836383,0.229431]],[[0.310149,0.811852,0.494675],[-0.63639,-0.209264,0.74244],[0.706269,-0.545073,0.451752]],[[0.310149,0.811852,0.494675],[-0.801619,-0.0564068,0.595168],[0.511092,-0.581132,0.633302]],[[0.310149,0.811852,0.494675],[-0.941776,0.191293,0.276523],[0.129868,-0.551637,0.823912]]],"btipPosition":[-34.9767,100.288,34.2502],"carpPosition":[8.8648,53.5141,83.5278],"dipPosition":[-32.6538,90.4215,48.9872],"direction":[-0.511092,0.581132,-0.633302],"extended":true,"handId":54,"id":540,"length":39.8308,"mcpPosition":[8.8648,53.5141,83.5278],"pipPosition":[-19.3357,75.2783,65.4899],"stabilizedTipPosition":[-34.2521,98.2104,37.5246],"timeVisible":5.24648,"tipPosition":[-31.7325,98.5377,36.1066],"tipVelocity":[-15.3156,-12.128,7.3168],"tool":false,"touchDistance":-0.209836,"touchZone":"touching","type":0,"width":15.2554},{"bases":[[[0.946779,0.152054,-0.283705],[0.172353,0.504911,0.845789],[0.271851,-0.849673,0.451832]],[[0.951085,0.138184,-0.276302],[0.192012,0.436231,0.87911],[0.24201,-0.889161,0.38836]],[[0.951085,0.138184,-0.276302],[0.12695,0.640559,0.757342],[0.28164,-0.755374,0.591684]],[[0.951085,0.138184,-0.276302],[0.0715423,0.771552,0.63213],[0.300531,-0.620977,0.723926]]],"btipPosition":[-15.3169,168.528,33.3588],"carpPosition":[17.7542,67.2687,93.0829],"dipPosition":[-11.3926,160.419,42.8118],"direction":[-0.28164,0.755374,-0.591684],"extended":true,"handId":54,"id":541,"length":44.9446,"mcpPosition":[1.75634,117.27,66.4935],"pipPosition":[-6.18999,146.466,53.7418],"stabilizedTipPosition":[-14.2157,166.894,35.4426],"timeVisible":5.24648,"tipPosition":[-11.916,168.654,38.4053],"tipVelocity":[-17.7421,-17.5592,7.9073],"tool":false,"touchDistance":-0.283503,"touchZone":"touching","type":1,"width":14.572},{"bases":[[[0.931456,-0.0524556,-0.360054],[0.335863,0.504571,0.795364],[0.139952,-0.861775,0.487604]],[[0.936609,-0.0894362,-0.33877],[0.34998,0.284795,0.892416],[0.0166656,-0.954407,0.298042]],[[0.936609,-0.0894362,-0.33877],[0.321939,0.601236,0.731348],[0.138272,-0.79405,0.591916]],[[0.936609,-0.0894362,-0.33877],[0.248282,0.851636,0.461599],[0.247225,-0.516448,0.819855]]],"btipPosition":[12.1057,177.764,28.4274],"carpPosition":[27.0857,69.8382,91.2574],"dipPosition":[15.6564,170.347,40.2023],"direction":[-0.138272,0.79405,-0.591916],"extended":true,"handId":54,"id":542,"length":51.2108,"mcpPosition":[19.2754,117.931,64.0457],"pipPosition":[18.6615,153.09,53.0664],"stabilizedTipPosition":[13.1442,176.303,30.9567],"timeVisible":5.24648,"tipPosition":[14.6048,178.515,33.8989],"tipVelocity":[-15.1813,-14.0857,12.6493],"tool":false,"touchDistance":-0.280015,"touchZone":"touching","type":2,"width":14.3116},{"bases":[[[0.913911,-0.216588,-0.343301],[0.405843,0.471805,0.782746],[-0.00756169,-0.854687,0.519089]],[[0.913586,-0.233355,-0.333026],[0.379722,0.196517,0.903987],[-0.145504,-0.952327,0.268145]],[[0.913586,-0.233355,-0.333026],[0.406609,0.513174,0.755859],[-0.00548296,-0.825953,0.563712]],[[0.913586,-0.233355,-0.333026],[0.382904,0.769391,0.511295],[0.136914,-0.594629,0.792257]]],"btipPosition":[39.8525,171.576,29.576],"carpPosition":[36.344,70.2541,87.9894],"dipPosition":[41.8075,163.085,40.8891],"direction":[0.00548296,0.825953,-0.563712],"extended":true,"handId":54,"id":543,"length":49.2406,"mcpPosition":[36.7229,113.079,61.9802],"pipPosition":[41.6915,145.598,52.8239],"stabilizedTipPosition":[40.5217,169.959,31.9216],"timeVisible":5.24648,"tipPosition":[40.1881,171.346,33.8952],"tipVelocity":[-10.5166,-11.6595,13.3721],"tool":false,"touchDistance":-0.230799,"touchZone":"touching","type":3,"width":13.6184},{"bases":[[[0.82719,-0.389011,-0.405496],[0.540776,0.354999,0.762586],[-0.152704,-0.850086,0.50402]],[[0.814584,-0.447123,-0.369505],[0.443754,0.0701362,0.8934],[-0.373544,-0.891719,0.255545]],[[0.814584,-0.447123,-0.369505],[0.5436,0.366215,0.755239],[-0.202366,-0.816068,0.541369]],[[0.814584,-0.447123,-0.369505],[0.580039,0.631008,0.515155],[0.00282291,-0.633964,0.773357]]],"btipPosition":[64.6606,150.327,32.5608],"carpPosition":[44.4955,66.2506,81.1244],"dipPosition":[64.6978,141.976,42.7487],"direction":[0.202366,0.816068,-0.541369],"extended":true,"handId":54,"id":544,"length":38.6037,"mcpPosition":[51.5782,105.679,57.7469],"pipPosition":[61.6728,129.777,50.8411],"stabilizedTipPosition":[64.7712,148.865,34.6184],"timeVisible":5.24648,"tipPosition":[63.6108,149.851,35.9254],"tipVelocity":[-5.20141,-11.5096,11.634],"tool":false,"touchDistance":-0.1742,"touchZone":"touching","type":4,"width":12.0969}],"r":[[0.999108,0.0385893,0.0171257],[-0.0288557,0.920272,-0.390213],[-0.0308183,0.389371,0.920565]],"s":0.95669,"t":[-17.6101,-7.53342,-40.3297],"timestamp":1733