{"frames":67,"data":[{"currentFrameRate":114.637,"devices":[],"gestures":[],"hands":[{"armBasis":[[0.914164,-0.156387,-0.373961],[0.402242,0.236078,0.884573],[-0.0500514,-0.959067,0.27872]],"armWidth":48.9085,"confidence":1,"direction":[-0.0367483,0.940039,-0.339081],"elbow":[68.4919,-101.388,205.582],"grabAngle":2.78673,"grabStrength":0,"id":60,"palmNormal":[-0.40056,-0.324716,-0.856803],"palmPosition":[70.8628,162.292,124.803],"palmVelocity":[9.43031,8.47843,11.3853],"palmWidth":72.7825,"pinchDistance":52.9478,"pinchStrength":0.0783395,"r":[[0.944773,-0.0986719,0.312518],[-0.01717,0.937386,0.34787],[-0.327274,-0.334024,0.883923]],"s":1.05788,"sphereCenter":[51.3001,168.566,97.9896],"sphereRadius":36.8727,"stabilizedPalmPosition":[62.0215,164.241,123.849],"t":[55.1491,-6.57465,-32.3809],"timeVisible":7.83076,"type":"right","wrist":[79.3016,105.744,145.387]}],"id":38101,"interactionBox":{"center":[0,200,0],"size":[235.247,235.247,147.751]},"pointables":[{"bases":[[[0.719509,0.431882,0.543861],[-0.543338,-0.137677,0.828148],[0.43254,-0.89136,0.135598]],[[0.504387,0.735034,0.45312],[-0.706262,0.0492783,0.706233],[0.496777,-0.676237,0.543982]],[[0.504387,0.735034,0.45312],[-0.650941,-0.0211107,0.758835],[0.567335,-0.677701,0.467816]],[[0.504387,0.735034,0.45312],[-0.683434,0.0191089,0.729762],[0.527741,-0.677761,0.511986]]],"btipPosition":[11.1206,175.958,99.3579],"carpPosition":[55.1795,119.174,142.427],"dipPosition":[20.5601,163.835,108.516],"direction":[-0.567335,0.677701,-0.467816],"extended":true,"handId":60,"id":600,"length":39.8308,"mcpPosition":[55.1795,119.174,142.427],"pipPosition":[35.3438,146.176,120.706],"stabilizedTipPosition":[11.3998,174.154,100.997],"timeVisible":7.83076,"tipPosition":[19.3542,172.396,95.8411],"tipVelocity":[12.795,-11.8599,-7.12408],"tool":false,"touchDistance":0.524402,"touchZone":"hovering","type":0,"width":15.2554},{"bases":[[[0.896366,0.0549793,-0.439892],[0.367951,0.461188,0.807414],[0.247264,-0.885597,0.393164]],[[0.905786,0.0184724,-0.423332],[0.34333,0.553539,0.758762],[0.248347,-0.832619,0.495046]],[[0.905786,0.0184724,-0.423332],[0.285123,0.712479,0.641154],[0.313459,-0.70145,0.640086]],[[0.905786,0.0184724,-0.423332],[0.224767,0.825969,0.516966],[0.359209,-0.563412,0.744]]],"btipPosition":[33.8501,231.395,89.4882],"carpPosition":[67.0365,131.626,150.419],"dipPosition":[38.5407,224.038,99.2033],"direction":[-0.313459,0.70145,-0.640086],"extended":true,"handId":60,"id":601,"length":44.9446,"mcpPosition":[52.4855,183.742,127.282],"pipPosition":[44.3311,211.081,111.027],"stabilizedTipPosition":[33.1046,229.736,91.8166],"timeVisible":7.83076,"tipPosition":[32.237,221.099,87],"tipVelocity":[21.5931,-4.16607,-28.2029],"tool":false,"touchDistance":0.362045,"touchZone":"hovering","type":1,"width":14.572},{"bases":[[[0.845583,-0.144606,-0.513886],[0.519535,0.444289,0.729857],[0.122772,-0.884136,0.450811]],[[0.836699,-0.0913294,-0.539993],[-0.0619809,0.963871,-0.259057],[0.544144,0.250222,0.80081]],[[0.836699,-0.0913294,-0.539993],[-0.547586,-0.155973,-0.822084],[-0.00914388,0.98353,-0.180513]],[[0.836699,-0.0913294,-0.539993],[-0.424512,-0.731103,-0.534113],[-0.346011,0.676126,-0.650484]]],"btipPosition":[54.4261,142.245,105.654],"carpPosition":[76.1547,133.207,147.047],"dipPosition":[49.4567,151.955,96.3116],"direction":[0.00914388,-0.98353,0.180513],"extended":false,"handId":60,"id":602,"length":51.2108,"mcpPosition":[69.3031,182.548,121.889],"pipPosition":[49.2579,173.33,92.3885],"stabilizedTipPosition":[50.5262,145.365,102.744],"timeVisible":7.83076,"tipPosition":[49.318,149.328,96.567],"tipVelocity":[17.8673,-20.2364,20.6792],"tool":false,"touchDistance":0.558419,"touchZone":"none","type":2,"width":14.3116},{"bases":[[[0.812847,-0.306216,-0.495492],[0.582269,0.404411,0.705276],[-0.0155842,-0.861791,0.507024]],[[0.812318,-0.253988,-0.525003],[0.0316374,0.918055,-0.395189],[0.582355,0.30441,0.753788]],[[0.812318,-0.253988,-0.525003],[-0.570932,-0.162543,-0.804746],[0.119061,0.953452,-0.277046]],[[0.812318,-0.253988,-0.525003],[-0.515437,-0.73384,-0.442497],[-0.27288,0.630055,-0.727027]]],"btipPosition":[66.9878,136.296,107.355],"carpPosition":[84.7168,132.693,142.252],"dipPosition":[63.0912,145.293,96.973],"direction":[-0.119061,-0.953452,0.277046],"extended":false,"handId":60,"id":603,"length":49.2406,"mcpPosition":[85.4977,175.874,116.847],"pipPosition":[65.6119,165.479,91.1075],"stabilizedTipPosition":[60.6695,140.438,103.516],"timeVisible":7.83076,"tipPosition":[63.0624,136.775,102.366],"tipVelocity":[17.2648,-5.95152,24.3864],"tool":false,"touchDistance":0.582781,"touchZone":"none","type":3,"width":13.6184},{"bases":[[[0.698123,-0.466484,-0.543154],[0.697929,0.274124,0.661628],[-0.159747,-0.840981,0.516944]],[[0.712461,-0.359632,-0.602548],[0.140139,0.914307,-0.380005],[0.687576,0.186298,0.701806]],[[0.712461,-0.359632,-0.602548],[-0.656439,-0.0381464,-0.753414],[0.247967,0.932314,-0.263254]],[[0.712461,-0.359632,-0.602548],[-0.663036,-0.626154,-0.410261],[-0.229745,0.691806,-0.684559]]],"btipPosition":[79.2419,138.923,104.082],"carpPosition":[91.0936,128.001,134.071],"dipPosition":[76.2154,148.037,95.0639],"direction":[-0.247967,-0.932314,0.263254],"extended":false,"handId":60,"id":604,"length":38.6037,"mcpPosition":[98.503,167.007,110.094],"pipPosition":[79.922,161.973,91.1287],"stabilizedTipPosition":[72.7216,143.098,100.139],"timeVisible":7.83076,"tipPosition":[75.1961,140.712,98.2156],"tipVelocity":[16.8022,-5.29677,25.2513],"tool":false,"touchDistance":0.533463,"touchZone":"none","type":4,"width":12.0969}],"r":[[0.944773,-0.0986719,0.312518],[-0.01717,0.937386,0.34787],[-0.327274,-0.334024,0.883923]],"s":1.05788,"t":[55.1491,-6.57465,-32.3809],"timestamp":17401576261},{"currentFrameRate":114.649,"devices":[],"gestures":[],"hands":[{"armBasis":[[0.914799,-0.156414,-0.372395],[0.400857,0.238427,0.884571],[-0.0495701,-0.958482,0.280812]],"armWidth":48.9085,"confidence":1,"direction":[-0.0373026,0.938789,-0.342468],"elbow":[68.6875,-101.117,206.346],"grabAngle":2.78633,"grabStrength":0,"id":60,"palmNormal":[-0.399118,-0.328182,-0.856155],"palmPosition":[70.9229,162.357,124.914],"palmVelocity":[6.90077,7.49735,12.7355],"palmWidth":72.7825,"pinchDistance":53.0012,"pinchStrength":0.0759757,"r":[[0.944239,-0.0976292,0.314453],[-0.0181291,0.938165,0.345713],[-0.32876,-0.332137,0.884082]],"s":1.05847,"sphereCenter":[51.4975,168.508,97.9968],"sphereRadius":36.8884,"stabilizedPalmPosition":[62.0863,164.227,123.857],"t":[55.2306,-6.51485,-32.2725],"timeVisible":7.83946,"type":"right","wrist":[79.3932,105.888,145.698]}],"id":38102,"interactionBox":{"center":[0,200,0],"size":[235.247,235.247,147.751]},"pointables":[{"bases":[[[0.718355,0.434573,0.543242],[-0.544255,-0.135308,0.827936],[0.433303,-0.890415,0.13932]],[[0.50324,0.736967,0.451253],[-0.706727,0.0504941,0.705682],[0.497279,-0.67404,0.546245]],[[0.50324,0.736967,0.451253],[-0.65229,-0.0185553,0.757742],[0.566804,-0.675674,0.471379]],[[0.50324,0.736967,0.451253],[-0.684875,0.0217,0.728337],[0.526969,-0.67558,0.515651]]],"btipPosition":[11.211,175.89,99.353],"carpPosition":[55.2624,119.286,142.671],"dipPosition":[20.6367,163.806,108.576],"direction":[-0.566804,0.675674,-0.471379],"extended":true,"handId":60,"id":600,"length":39.8308,"mcpPosition":[55.2624,119.286,142.671],"pipPosition":[35.4066,146.2,120.86],"stabilizedTipPosition":[11.5361,174.082,101.029],"timeVisible":7.83946,"tipPosition":[19.431,172.305,95.8594],"tipVelocity":[10.03,-6.77822,1.17768],"tool":false,"touchDistance":0.524573,"touchZone":"hovering","type":0,"width":15.2554},{"bases":[[[0.896872,0.0543633,-0.438937],[0.366429,0.464444,0.806239],[0.247691,-0.883933,0.396626]],[[0.906568,0.0168334,-0.421725],[0.342463,0.554677,0.758322],[0.246686,-0.831896,0.497087]],[[0.906568,0.0168334,-0.421725],[0.284798,0.713034,0.640681],[0.311489,-0.700927,0.64162]],[[0.906568,0.0168334,-0.421725],[0.224471,0.826938,0.515545],[0.357419,-0.562041,0.745897]]],"btipPosition":[33.9987,231.398,89.3791],"carpPosition":[67.096,131.779,150.634],"dipPosition":[38.6659,224.059,99.119],"direction":[-0.311489,0.700927,-0.64162],"extended":true,"handId":60,"id":601,"length":44.9446,"mcpPosition":[52.5198,183.796,127.293],"pipPosition":[44.4199,211.111,110.971],"stabilizedTipPosition":[33.2419,229.734,91.8028],"timeVisible":7.83946,"tipPosition":[32.314,221.083,86.9044],"tipVelocity":[16.4621,0.837682,-11.8815],"tool":false,"touchDistance":0.360322,"touchZone":"hovering","type":1,"width":14.572},{"bases":[[[0.846394,-0.145537,-0.512286],[0.51813,0.447429,0.728937],[0.123124,-0.882398,0.454108]],[[0.837487,-0.0923632,-0.538594],[-0.0643508,0.962085,-0.26505],[0.542654,0.256635,0.79979]],[[0.837487,-0.0923632,-0.538594],[-0.546363,-0.159761,-0.82217],[-0.0101083,0.982825,-0.184262]],[[0.837487,-0.0923632,-0.538594],[-0.422929,-0.733693,-0.531813],[-0.346043,0.673174,-0.653522]]],"btipPosition":[54.5449,142.119,105.853],"carpPosition":[76.2168,133.357,147.268],"dipPosition":[49.575,151.788,96.4674],"direction":[0.0101083,-0.982825,0.184262],"extended":false,"handId":60,"id":602,"length":51.2108,"mcpPosition":[69.3456,182.601,121.926],"pipPosition":[49.3553,173.147,92.4629],"stabilizedTipPosition":[50.6363,145.326,102.781],"timeVisible":7.83946,"tipPosition":[49.4577,149.234,96.749],"tipVelocity":[13.6348,-15.5329,21.7716],"tool":false,"touchDistance":0.561577,"touchZone":"none","type":2,"width":14.3116},{"bases":[[[0.813804,-0.307115,-0.49336],[0.580938,0.40753,0.704578],[-0.0153277,-0.86,0.510065]],[[0.813258,-0.254994,-0.523057],[0.0308036,0.916479,-0.398895],[0.581087,0.308293,0.753189]],[[0.813258,-0.254994,-0.523057],[-0.569676,-0.165592,-0.805015],[0.11866,0.952658,-0.279932]],[[0.813258,-0.254994,-0.523057],[-0.513975,-0.736232,-0.440219],[-0.272839,0.62685,-0.729807]]],"btipPosition":[67.095,136.278,107.557],"carpPosition":[84.7856,132.835,142.486],"dipPosition":[63.199,145.229,97.1359],"direction":[-0.11866,-0.952658,0.279932],"extended":false,"handId":60,"id":603,"length":49.2406,"mcpPosition":[85.5536,175.926,116.928],"pipPosition":[65.7112,165.399,91.2093],"stabilizedTipPosition":[60.7341,140.413,103.535],"timeVisible":7.83946,"tipPosition":[63.1819,136.755,102.561],"tipVelocity":[12.3311,-3.24333,22.2321],"tool":false,"touchDistance":0.586005,"touchZone":"none","type":3,"width":13.6184},{"bases":[[[0.699311,-0.467673,-0.540599],[0.69679,0.277211,0.661542],[-0.159525,-0.839307,0.519726]],[[0.713607,-0.361069,-0.600328],[0.139373,0.912986,-0.383446],[0.686542,0.189961,0.701837]],[[0.713607,-0.361069,-0.600328],[-0.6553,-0.041068,-0.754252],[0.247683,0.931634,-0.265915]],[[0.713607,-0.361069,-0.600328],[-0.661966,-0.628002,-0.409162],[-0.229271,0.689378,-0.687163]]],"btipPosition":[79.3418,138.908,104.285],"carpPosition":[91.1778,128.121,134.33],"dipPosition":[76.3215,147.99,95.2324],"direction":[-0.247683,-0.931634,0.265915],"extended":false,"handId":60,"id":604,"length":38.6037,"mcpPosition":[98.5769,167.05,110.224],"pipPosition":[80.0239,161.916,91.2574],"stabilizedTipPosition":[72.7846,143.076,100.161],"timeVisible":7.83946,"tipPosition":[75.317,140.687,98.4134],"tipVelocity":[11.6432,-2.53057,22.3953],"tool":false,"touchDistance":0.536711,"touchZone":"none","type":4,"width":12.0969}],"r":[[0.944239,-0.0976292,0.314453],[-0.0181291,0.938165,0.345713],[-0.32876,-0.332137,0.884082]],"s":1.05847,"t":[55.2306,-6.51485,-32.2725],"timestamp":17401584963},{"currentFrameRate":114.629,"devices":[],"gestures":[],"hands":[{"armBasis":[[0.915123,-0.156228,-0.371675],[0.400235,0.240905,0.884182],[-0.0485957,-0.957892,0.282985]],"armWidth":48.9085,"confidence":1,"direction":[-0.0377998,0.937755,-0.345235],"elbow":[68.9775,-100.874,207.093],"grabAngle":2.78558,"grabStrength":0,"id":60,"palmNormal":[-0.398446,-0.330974,-0.855393],"palmPosition":[70.9689,162.407,125.027],"palmVelocity":[5.25579,5.72566,12.9183],"palmWidth":72.7825,"pinchDistance":53.0628,"pinchStrength":0.0750348,"r":[[0.943791,-0.096472,0.316151],[-0.0190628,0.938984,0.343433],[-0.329993,-0.330156,0.884365]],"s":1.05905,"sphereCenter":[51.6409,168.463,98.0356],"sphereRadius":36.9014,"stabilizedPalmPosition":[62.1374,164.216,123.864],"t":[55.2944,-6.45988,-32.1618],"timeVisible":7.84822,"type":"right","wrist":[79.4728,106.003,145.976]}],"id":38103,"interactionBox":{"center":[0,200,0],"size":[235.247,235.247,147.751]},"pointables":[{"bases":[[[0.717767,0.436677,0.542332],[-0.544581,-0.133273,0.828052],[0.433869,-0.889692,0.142147]],[[0.502527,0.738602,0.44937],[-0.706705,0.0515149,0.70563],[0.498031,-0.672171,0.547861]],[[0.502527,0.738602,0.44937],[-0.653106,-0.0162627,0.757092],[0.566498,-0.673946,0.474213]],[[0.502527,0.738602,0.44937],[-0.685776,0.0240201,0.727416],[0.526477,-0.673714,0.518586]]],"btipPosition":[11.2656,175.828,99.3934],"carpPosition":[55.3302,119.377,142.902],"dipPosition":[20.6825,163.778,108.669],"direction":[-0.566498,0.673946,-0.474213],"extended":true,"handId":60,"id":600,"length":39.8308,"mcpPosition":[55.3302,119.377,142.902],"pipPosition":[35.4443,146.216,121.026],"stabilizedTipPosition":[11.6521,174.02,101.06],"timeVisible":7.84822,"tipPosition":[19.4824,172.233,95.9196],"tipVelocity":[5.99848,-6.19919,5.98625],"tool":false,"touchDistance":0.525447,"touchZone":"hovering","type":0,"width":15.2554},{"bases":[[[0.897056,0.0537209,-0.438639],[0.365685,0.467065,0.805062],[0.248122,-0.882589,0.399339]],[[0.906986,0.0153393,-0.420882],[0.342322,0.555298,0.757931],[0.245341,-0.83151,0.498396]],[[0.906986,0.0153393,-0.420882],[0.285094,0.713203,0.640362],[0.309997,-0.70079,0.642492]],[[0.906986,0.0153393,-0.420882],[0.224719,0.827569,0.514423],[0.3562,-0.561154,0.747147]]],"btipPosition":[34.1159,231.415,89.3447],"carpPosition":[67.1507,131.901,150.834],"dipPosition":[38.7671,224.088,99.1009],"direction":[-0.309997,0.70079,-0.642492],"extended":true,"handId":60,"id":601,"length":44.9446,"mcpPosition":[52.5493,183.84,127.334],"pipPosition":[44.4936,211.142,110.969],"stabilizedTipPosition":[33.3814,229.734,91.7875],"timeVisible":7.84822,"tipPosition":[32.3662,221.082,86.8742],"tipVelocity":[12.9563,2.24856,-3.50441],"tool":false,"touchDistance":0.35981,"touchZone":"hovering","type":1,"width":14.572},{"bases":[[[0.846759,-0.14643,-0.511427],[0.517437,0.449933,0.727887],[0.123524,-0.880976,0.456753]],[[0.837828,-0.0933393,-0.537896],[-0.0657431,0.960856,-0.269136],[0.541961,0.260852,0.798895]],[[0.837828,-0.0933393,-0.537896],[-0.545837,-0.16178,-0.822124],[-0.0102844,0.982403,-0.186492]],[[0.837828,-0.0933393,-0.537896],[-0.422364,-0.735101,-0.530316],[-0.345908,0.671502,-0.655311]]],"btipPosition":[54.6054,142.037,106.014],"carpPosition":[76.2721,133.477,147.469],"dipPosition":[49.6374,151.682,96.6019],"direction":[0.0102844,-0.982403,0.186492],"extended":false,"handId":60,"id":602,"length":51.2108,"mcpPosition":[69.3786,182.641,121.979],"pipPosition":[49.4139,173.032,92.5489],"stabilizedTipPosition":[50.7214,145.294,102.813],"timeVisible":7.84822,"tipPosition":[49.5442,149.165,96.9193],"tipVelocity":[6.95801,-9.9951,17.6175],"tool":false,"touchDistance":0.564148,"touchZone":"none","type":2,"width":14.3116},{"bases":[[[0.814275,-0.307975,-0.492044],[0.580286,0.410008,0.703677],[-0.0149724,-0.858513,0.512573]],[[0.813707,-0.255941,-0.521895],[0.0301899,0.915242,-0.401771],[0.58049,0.311168,0.752466]],[[0.813707,-0.255941,-0.521895],[-0.569061,-0.16767,-0.805019],[0.118531,0.95204,-0.282081]],[[0.813707,-0.255941,-0.521895],[-0.513173,-0.738001,-0.438187],[-0.273009,0.624378,-0.731859]]],"btipPosition":[67.1609,136.265,107.738],"carpPosition":[84.8438,132.947,142.692],"dipPosition":[63.2624,145.181,97.2869],"direction":[-0.118531,-0.95204,0.282081],"extended":false,"handId":60,"id":603,"length":49.2406,"mcpPosition":[85.594,175.963,117.009],"pipPosition":[65.7719,165.338,91.3148],"stabilizedTipPosition":[60.7818,140.395,103.55],"timeVisible":7.84822,"tipPosition":[63.2606,136.735,102.748],"tipVelocity":[7.46371,-2.36779,19.8203],"tool":false,"touchDistance":0.588898,"touchZone":"none","type":3,"width":13.6184},{"bases":[[[0.699921,-0.468752,-0.538871],[0.696254,0.279647,0.661081],[-0.15919,-0.837896,0.522101]],[[0.714171,-0.362325,-0.598899],[0.138852,0.911934,-0.386129],[0.686061,0.192604,0.701586]],[[0.714171,-0.362325,-0.598899],[-0.654682,-0.042993,-0.75468],[0.247691,0.93106,-0.267912]],[[0.714171,-0.362325,-0.598899],[-0.661459,-0.629229,-0.408097],[-0.228981,0.687599,-0.68904]]],"btipPosition":[79.401,138.896,104.46],"carpPosition":[91.2435,128.213,134.553],"dipPosition":[76.3845,147.954,95.3825],"direction":[-0.247691,-0.93106,0.267912],"extended":false,"handId":60,"id":604,"length":38.6037,"mcpPosition":[98.627,167.076,110.337],"pipPosition":[80.087,161.872,91.3777],"stabilizedTipPosition":[72.8309,143.059,100.179],"timeVisible":7.84822,"tipPosition":[75.396,140.664,98.5969],"tipVelocity":[6.85909,-2.03978,19.3177],"tool":false,"touchDistance":0.539531,"touchZone":"none","type":4,"width":12.0969}],"r":[[0.943791,-0.096472,0.316151],[-0.0190628,0.938984,0.343433],[-0.329993,-0.330156,0.884365]],"s":1.05905,"t":[55.2944,-6.45988,-32.1618],"timestamp":17401593720},{"currentFrameRate":114.781,"devices":[],"gestures":[],"hands":[{"armBasis":[[0.915069,-0.156004,-0.371903],[0.400495,0.242986,0.883494],[-0.047461,-0.957403,0.284828]],"armWidth":48.9085,"confidence":1,"direction":[-0.0378278,0.937414,-0.346157],"elbow":[69.2823,-100.676,207.672],"grabAngle":2.78477,"grabStrength":0,"id":60,"palmNormal":[-0.398705,-0.331796,-0.854954],"palmPosition":[71.0172,162.478,125.148],"palmVelocity":[5.7136,8.32786,14.2857],"palmWidth":72.7825,"pinchDistance":53.1202,"pinchStrength":0.0756469,"r":[[0.943446,-0.0954938,0.317475],[-0.0197753,0.939702,0.341421],[-0.330935,-0.328391,0.88467]],"s":1.05951,"sphereCenter":[51.7089,168.516,98.1489],"sphereRadius":36.9085,"stabilizedPalmPosition":[62.1781,164.208,123.87],"t":[55.3505,-6.39719,-32.046],"timeVisible":7.85667,"type":"right","wrist":[79.5326,106.096,146.158]}],"id":38104,"interactionBox":{"center":[0,200,0],"size":[235.247,235.247,147.751]},"pointables":[{"bases":[[[0.717947,0.437164,0.5417],[-0.544362,-0.13241,0.828334],[0.433845,-0.889581,0.142912]],[[0.502524,0.739189,0.448408],[-0.706374,0.0519841,0.705928],[0.498504,-0.671489,0.548267]],[[0.502524,0.739189,0.448408],[-0.653552,-0.0147483,0.756738],[0.565986,-0.673336,0.475687]],[[0.502524,0.739189,0.448408],[-0.686266,0.0255922,0.7269],[0.525841,-0.673011,0.520141]]],"btipPosition":[11.3215,175.862,99.4788],"carpPosition":[55.3803,119.466,143.07],"dipPosition":[20.727,163.824,108.782],"direction":[-0.565986,0.673336,-0.475687],"extended":true,"handId":60,"id":600,"length":39.8308,"mcpPosition":[55.3803,119.466,143.07],"pipPosition":[35.4756,146.278,121.178],"stabilizedTipPosition":[11.7372,173.977,101.086],"timeVisible":7.85667,"tipPosition":[19.5078,172.281,96.0591],"tipVelocity":[6.30944,4.3218,10.8612],"tool":false,"touchDistance":0.526977,"touchZone":"hovering","type":0,"width":15.2554},{"bases":[[[0.896939,0.0532203,-0.438939],[0.36594,0.467839,0.804496],[0.248168,-0.88221,0.400148]],[[0.906937,0.0145746,-0.421013],[0.343064,0.554454,0.758214],[0.244483,-0.832087,0.497855]],[[0.906937,0.0145746,-0.421013],[0.285959,0.712576,0.640673],[0.309342,-0.701443,0.642094]],[[0.906937,0.0145746,-0.421013],[0.225257,0.827748,0.513899],[0.355983,-0.56091,0.747433]]],"btipPosition":[34.2094,231.517,89.4706],"carpPosition":[67.204,131.998,150.987],"dipPosition":[38.8579,224.193,99.2305],"direction":[-0.309342,0.701443,-0.642094],"extended":true,"handId":60,"id":601,"length":44.9446,"mcpPosition":[52.5997,183.914,127.439],"pipPosition":[44.5722,211.235,111.092],"stabilizedTipPosition":[33.4958,229.74,91.7831],"timeVisible":7.85667,"tipPosition":[32.4275,221.176,86.9794],"tipVelocity":[10.9918,12.1327,14.9952],"tool":false,"touchDistance":0.361923,"touchZone":"hovering","type":1,"width":14.572},{"bases":[[[0.846607,-0.146999,-0.511515],[0.51767,0.450619,0.727296],[0.123587,-0.88053,0.457595]],[[0.837673,-0.0939343,-0.538033],[-0.0659234,0.960508,-0.270331],[0.542179,0.261918,0.798399]],[[0.837673,-0.0939343,-0.538033],[-0.54609,-0.161062,-0.822098],[-0.00943379,0.982464,-0.186214]],[[0.837673,-0.0939343,-0.538033],[-0.42302,-0.734709,-0.530336],[-0.345481,0.671847,-0.655182]]],"btipPosition":[54.6216,142.059,106.125],"carpPosition":[76.3246,133.569,147.617],"dipPosition":[49.6598,151.708,96.7152],"direction":[0.00943379,-0.982464,0.186214],"extended":false,"handId":60,"id":602,"length":51.2108,"mcpPosition":[69.4275,182.709,122.08],"pipPosition":[49.4548,173.06,92.6682],"stabilizedTipPosition":[50.7783,145.273,102.836],"timeVisible":7.85667,"tipPosition":[49.5963,149.193,97.0812],"tipVelocity":[2.09316,2.73027,13.2365],"tool":false,"touchDistance":0.566013,"touchZone":"none","type":2,"width":14.3116},{"bases":[[[0.814117,-0.308523,-0.491962],[0.580509,0.410666,0.703109],[-0.0148927,-0.858002,0.513431]],[[0.813545,-0.256518,-0.521864],[0.0301084,0.914821,-0.402736],[0.580721,0.311932,0.751972]],[[0.813545,-0.256518,-0.521864],[-0.569176,-0.167482,-0.804977],[0.119088,0.951918,-0.282258]],[[0.813545,-0.256518,-0.521864],[-0.513421,-0.738228,-0.437514],[-0.273024,0.623873,-0.732284]]],"btipPosition":[67.1885,136.311,107.868],"carpPosition":[84.8949,133.034,142.838],"dipPosition":[63.2898,145.219,97.4108],"direction":[-0.119088,-0.951918,0.282258],"extended":false,"handId":60,"id":603,"length":49.2406,"mcpPosition":[85.6411,176.025,117.113],"pipPosition":[65.8111,165.373,91.4349],"stabilizedTipPosition":[60.8161,140.382,103.562],"timeVisible":7.85667,"tipPosition":[63.3056,136.787,102.901],"tipVelocity":[3.25725,5.13805,15.2116],"tool":false,"touchDistance":0.591041,"touchZone":"none","type":3,"width":13.6184},{"bases":[[[0.699739,-0.469338,-0.538598],[0.696456,0.280254,0.660611],[-0.159106,-0.837365,0.522978]],[[0.71398,-0.362966,-0.598738],[0.138843,0.911553,-0.387033],[0.686261,0.193204,0.701226]],[[0.71398,-0.362966,-0.598738],[-0.654609,-0.0426266,-0.754764],[0.248432,0.930827,-0.268036]],[[0.71398,-0.362966,-0.598738],[-0.66186,-0.628848,-0.408033],[-0.228414,0.687608,-0.689218]]],"btipPosition":[79.4216,138.937,104.582],"carpPosition":[91.292,128.292,134.703],"dipPosition":[76.4126,147.995,95.5026],"direction":[-0.248432,-0.930827,0.268036],"extended":false,"handId":60,"id":604,"length":38.6037,"mcpPosition":[98.6716,167.13,110.446],"pipPosition":[80.1262,161.909,91.496],"stabilizedTipPosition":[72.864,143.048,100.192],"timeVisible":7.85667,"tipPosition":[75.4413,140.708,98.7447],"tipVelocity":[2.64551,4.8478,14.4217],"tool":false,"touchDistance":0.541562,"touchZone":"none","type":4,"width":12.0969}],"r":[[0.943446,-0.0954938,0.317475],[-0.0197753,0.939702,0.341421],[-0.330935,-0.328391,0.88467]],"s":1.05951,"t":[55.3505,-6.39719,-32.046],"timestamp":17401602174},{"currentFrameRate":114.743,"devices":[],"gestures":[],"hands":[{"armBasis":[[0.915397,-0.155303,-0.371389],[0.39988,0.244691,0.883302],[-0.0463035,-0.957083,0.286092]],"armWidth":48.9085,"confidence":1,"direction":[-0.037521,0.937484,-0.346001],"elbow":[69.582,-100.511,208.083],"grabAngle":2.78463,"grabStrength":0,"id":60,"palmNormal":[-0.398118,-0.331604,-0.855302],"palmPosition":[71.0731,162.574,125.278],"palmVelocity":[6.37082,10.9265,14.8175],"palmWidth":72.7825,"pinchDistance":53.1724,"pinchStrength":0.0755096,"r":[[0.943122,-0.0947336,0.318662],[-0.0203802,0.940261,0.339844],[-0.33182,-0.327009,0.884851]],"s":1.05991,"sphereCenter":[51.8036,168.63,98.2716],"sphereRadius":36.9156,"stabilizedPalmPosition":[62.215,164.202,123.876],"t":[55.4065,-6.31788,-31.9231],"timeVisible":7.86545,"type":"right","wrist":[79.5822,106.192,146.295]}],"id":38105,"interactionBox":{"center":[0,200,0],"size":[235.247,235.247,147.751]},"pointables":[{"bases":[[[0.71759,0.437013,0.542296],[-0.544961,-0.132536,0.82792],[0.433686,-0.889637,0.143048]],[[0.502048,0.73927,0.448807],[-0.706763,0.0516273,0.705565],[0.498432,-0.671428,0.548407]],[[0.502048,0.73927,0.448807],[-0.654718,-0.0141783,0.75574],[0.565059,-0.67326,0.476895]],[[0.502048,0.73927,0.448807],[-0.687517,0.0263387,0.725691],[0.52466,-0.672894,0.521483]]],"btipPosition":[11.4101,175.949,99.5283],"carpPosition":[55.4207,119.56,143.18],"dipPosition":[20.7945,163.913,108.856],"direction":[-0.565059,0.67326,-0.476895],"extended":true,"handId":60,"id":600,"length":39.8308,"mcpPosition":[55.4207,119.56,143.18],"pipPosition":[35.5189,146.369,121.283],"stabilizedTipPosition":[11.8221,173.94,101.113],"timeVisible":7.86545,"tipPosition":[19.5686,172.388,96.1696],"tipVelocity":[9.5351,9.95882,6.2681],"tool":false,"touchDistance":0.527894,"touchZone":"hovering","type":0,"width":15.2554},{"bases":[[[0.897255,0.0532479,-0.43829],[0.365397,0.467659,0.804848],[0.247827,-0.882304,0.400153]],[[0.90728,0.0144189,-0.42028],[0.342976,0.552923,0.759371],[0.243331,-0.833108,0.49671]],[[0.90728,0.0144189,-0.42028],[0.286072,0.711368,0.641964],[0.30823,-0.702672,0.641285]],[[0.90728,0.0144189,-0.42028],[0.225238,0.827307,0.514617],[0.35512,-0.561565,0.747351]]],"btipPosition":[34.3347,231.679,89.6453],"carpPosition":[67.2395,132.089,151.108],"dipPosition":[38.9719,224.346,99.4042],"direction":[-0.30823,0.702672,-0.641285],"extended":true,"handId":60,"id":601,"length":44.9446,"mcpPosition":[52.6554,184.011,127.56],"pipPosition":[44.6657,211.366,111.25],"stabilizedTipPosition":[33.6009,229.754,91.789],"timeVisible":7.86545,"tipPosition":[32.5312,221.333,87.1213],"tipVelocity":[13.9761,18.163,19.8733],"tool":false,"touchDistance":0.364831,"touchZone":"hovering","type":1,"width":14.572},{"bases":[[[0.846962,-0.146954,-0.51094],[0.517181,0.450444,0.727752],[0.123204,-0.880627,0.457511]],[[0.83805,-0.0938836,-0.537455],[-0.0661646,0.960325,-0.270921],[0.541566,0.262606,0.798589]],[[0.83805,-0.0938836,-0.537455],[-0.545515,-0.160856,-0.82252],[-0.00923186,0.982502,-0.18602]],[[0.83805,-0.0938836,-0.537455],[-0.422627,-0.734701,-0.53066],[-0.345049,0.671863,-0.655394]]],"btipPosition":[54.693,142.13,106.25],"carpPosition":[76.3626,133.66,147.745],"dipPosition":[49.7374,151.779,96.837],"direction":[0.00923186,-0.982503,0.18602],"extended":false,"handId":60,"id":602,"length":51.2108,"mcpPosition":[69.487,182.806,122.213],"pipPosition":[49.5368,173.132,92.7942],"stabilizedTipPosition":[50.8276,145.256,102.859],"timeVisible":7.86545,"tipPosition":[49.6798,149.285,97.2084],"tipVelocity":[8.29138,8.00249,14.1301],"tool":false,"touchDistance":0.568081,"touchZone":"none","type":2,"width":14.3116},{"bases":[[[0.814448,-0.308479,-0.491442],[0.580035,0.410492,0.703602],[-0.0153135,-0.858101,0.513253]],[[0.8139,-0.256469,-0.521335],[0.0302273,0.914775,-0.402831],[0.580218,0.312105,0.752288]],[[0.8139,-0.256469,-0.521335],[-0.568582,-0.167036,-0.80549],[0.119501,0.95201,-0.281774]],[[0.8139,-0.256469,-0.521335],[-0.513068,-0.738313,-0.437784],[-0.27263,0.623792,-0.7325]]],"btipPosition":[67.2538,136.4,107.993],"carpPosition":[84.9363,133.126,142.973],"dipPosition":[63.3608,145.308,97.5329],"direction":[-0.119501,-0.95201,0.281774],"extended":false,"handId":60,"id":603,"length":49.2406,"mcpPosition":[85.7036,176.121,117.256],"pipPosition":[65.8908,165.464,91.5673],"stabilizedTipPosition":[60.8481,140.371,103.574],"timeVisible":7.86545,"tipPosition":[63.3779,136.888,103.022],"tipVelocity":[7.59094,10.202,14.1762],"tool":false,"touchDistance":0.593116,"touchZone":"none","type":3,"width":13.6184},{"bases":[[[0.700092,-0.469278,-0.53819],[0.696003,0.280081,0.661161],[-0.159532,-0.837456,0.522701]],[[0.714381,-0.362919,-0.598288],[0.139046,0.911567,-0.386926],[0.685803,0.193223,0.701669]],[[0.714381,-0.362919,-0.598288],[-0.653951,-0.0419952,-0.755371],[0.249013,0.930874,-0.267332]],[[0.714381,-0.362919,-0.598288],[-0.661732,-0.628379,-0.408964],[-0.227531,0.688063,-0.689057]]],"btipPosition":[79.4804,139.027,104.708],"carpPosition":[91.3389,128.384,134.84],"dipPosition":[76.483,148.091,95.6308],"direction":[-0.249013,-0.930874,0.267332],"extended":false,"handId":60,"id":604,"length":38.6037,"mcpPosition":[98.7383,167.227,110.596],"pipPosition":[80.2053,162.006,91.6347],"stabilizedTipPosition":[72.8947,143.038,100.204],"timeVisible":7.86545,"tipPosition":[75.5176,140.809,98.8771],"tipVelocity":[6.99847,10.3852,14.415],"tool":false,"touchDistance":0.543672,"touchZone":"none","type":4,"width":12.0969}],"r":[[0.943122,-0.0947336,0.318662],[-0.0203802,0.940261,0.339844],[-0.33182,-0.327009,0.884851]],"s":1.05991,"t":[55.4065,-6.31788,-31.9231],"timestamp":17401610954},{"currentFrameRate":114.82,"devices":[],"gestures":[],"hands":[{"armBasis":[[0.915545,-0.154545,-0.371339],[0.39967,0.24587,0.88307],[-0.0451732,-0.956903,0.286872]],"armWidth":48.9085,"confidence":1,"direction":[-0.0370544,0.937529,-0.345927],"elbow":[69.8473,-100.392,208.42],"grabAngle":2.78507,"grabStrength":0,"id":60,"palmNormal":[-0.397951,-0.331377,-0.855468],"palmPosition":[71.1088,162.657,125.441],"palmVelocity":[4.15496,9.67629,19.0194],"palmWidth":72.7825,"pinchDistance":53.198,"pinchStrength":0.0742826,"r":[[0.942834,-0.0942001,0.319673],[-0.0208161,0.940701,0.338596],[-0.332613,-0.325895,0.884964]],"s":1.0603,"sphereCenter":[51.9007,168.722,98.4125],"sphereRadius":36.9207,"stabilizedPalmPosition":[62.2435,164.197,123.881],"t":[55.4523,-6.23673,-31.78],"timeVisible":7.87403,"type":"right","wrist":[79.6034,106.272,146.464]}],"id":38106,"interactionBox":{"center":[0,200,0],"size":[235.247,235.247,147.751]},"pointables":[{"bases":[[[0.717568,0.436695,0.54258],[-0.545291,-0.13241,0.827723],[0.433306,-0.889812,0.143113]],[[0.502282,0.738932,0.449101],[-0.706881,0.0517522,0.705436],[0.498028,-0.671789,0.548332]],[[0.502282,0.738932,0.449101],[-0.655402,-0.0134609,0.75516],[0.564057,-0.673645,0.477537]],[[0.502282,0.738932,0.449101],[-0.688341,0.027337,0.724872],[0.523354,-0.673225,0.522368]]],"btipPosition":[11.4892,176.066,99.6526],"carpPosition":[55.4342,119.647,143.334],"dipPosition":[20.8503,164.025,108.996],"direction":[-0.564057,0.673645,-0.477537],"extended":true,"handId":60,"id":600,"length":39.8308,"mcpPosition":[55.4342,119.647,143.334],"pipPosition":[35.5486,146.471,121.44],"stabilizedTipPosition":[11.8929,173.915,101.14],"timeVisible":7.87403,"tipPosition":[19.6049,172.494,96.3279],"tipVelocity":[8.59932,13.5473,14.919],"tool":false,"touchDistance":0.530027,"touchZone":"hovering","type":0,"width":15.2554},{"bases":[[[0.897424,0.0529541,-0.43798],[0.365298,0.467449,0.805015],[0.247362,-0.882433,0.400156]],[[0.907536,0.0136612,-0.419753],[0.343321,0.551519,0.760235],[0.241887,-0.83405,0.495833]],[[0.907536,0.0136612,-0.419753],[0.28657,0.710495,0.642709],[0.307012,-0.70357,0.640884]],[[0.907536,0.0136612,-0.419753],[0.225631,0.827117,0.51475],[0.354217,-0.561864,0.747556]]],"btipPosition":[34.4593,231.82,89.8377],"carpPosition":[67.2551,132.171,151.267],"dipPosition":[39.0846,224.483,99.5993],"direction":[-0.307012,0.70357,-0.640884],"extended":true,"handId":60,"id":601,"length":44.9446,"mcpPosition":[52.6983,184.1,127.719],"pipPosition":[44.756,211.486,111.438],"stabilizedTipPosition":[33.6895,229.771,91.8026],"timeVisible":7.87403,"tipPosition":[32.6159,221.476,87.3002],"tipVelocity":[14.2055,16.3446,22.5035],"tool":false,"touchDistance":0.368048,"touchZone":"hovering","type":1,"width":14.572},{"bases":[[[0.847081,-0.147222,-0.510666],[0.517102,0.450185,0.72797],[0.122721,-0.880715,0.457472]],[[0.838198,-0.0941463,-0.537179],[-0.0668718,0.959812,-0.272562],[0.541251,0.264383,0.798216]],[[0.838198,-0.0941463,-0.537179],[-0.545289,-0.161319,-0.822579],[-0.00921447,0.982401,-0.186554]],[[0.838198,-0.0941463,-0.537179],[-0.422277,-0.735358,-0.530029],[-0.345118,0.671108,-0.656131]]],"btipPosition":[54.7495,142.161,106.45],"carpPosition":[76.3799,133.739,147.907],"dipPosition":[49.7928,151.8,97.0267],"direction":[0.00921447,-0.982401,0.186554],"extended":false,"handId":60,"id":602,"length":51.2108,"mcpPosition":[69.5312,182.889,122.377],"pipPosition":[49.5926,173.15,92.9724],"stabilizedTipPosition":[50.8625,145.245,102.876],"timeVisible":7.87403,"tipPosition":[49.7401,149.353,97.3989],"tipVelocity":[6.55424,3.37709,23.0765],"tool":false,"touchDistance":0.571379,"touchZone":"none","type":2,"width":14.3116},{"bases":[[[0.8145,-0.308737,-0.491194],[0.579949,0.410211,0.703837],[-0.0158073,-0.858142,0.513169]],[[0.813982,-0.256724,-0.521082],[0.0304747,0.914677,-0.403034],[0.58009,0.312183,0.752354]],[[0.813982,-0.256724,-0.521082],[-0.568379,-0.166818,-0.805678],[0.119911,0.951979,-0.281704]],[[0.813982,-0.256724,-0.521082],[-0.513041,-0.738434,-0.437612],[-0.272439,0.623544,-0.732782]]],"btipPosition":[67.2902,136.48,108.162],"carpPosition":[84.955,133.202,143.138],"dipPosition":[63.3999,145.384,97.6985],"direction":[-0.119911,-0.951979,0.281704],"extended":false,"handId":60,"id":603,"length":49.2406,"mcpPosition":[85.747,176.199,117.425],"pipPosition":[65.9386,165.539,91.7344],"stabilizedTipPosition":[60.8726,140.363,103.584],"timeVisible":7.87403,"tipPosition":[63.414,136.978,103.182],"tipVelocity":[4.31018,9.21156,19.6688],"tool":false,"touchDistance":0.595928,"touchZone":"none","type":3,"width":13.6184},{"bases":[[[0.7001,-0.469489,-0.537996],[0.695883,0.27976,0.661424],[-0.160021,-0.837445,0.52257]],[[0.714447,-0.363156,-0.598066],[0.139371,0.911493,-0.386982],[0.685668,0.193126,0.701827]],[[0.714447,-0.363156,-0.598066],[-0.653685,-0.0416135,-0.755621],[0.249521,0.930799,-0.26712]],[[0.714447,-0.363156,-0.598066],[-0.661835,-0.628091,-0.409238],[-0.227022,0.6882,-0.689087]]],"btipPosition":[79.5121,139.103,104.874],"carpPosition":[91.3586,128.459,135.007],"dipPosition":[76.5214,148.169,95.7963],"direction":[-0.249521,-0.930799,0.26712],"extended":false,"handId":60,"id":604,"length":38.6037,"mcpPosition":[98.7807,167.301,110.769],"pipPosition":[80.2513,162.082,91.8034],"stabilizedTipPosition":[72.9183,143.03,100.214],"timeVisible":7.87403,"tipPosition":[75.5555,140.893,99.0414],"tipVelocity":[3.87524,8.90677,19.3335],"tool":false,"touchDistance":0.546436,"touchZone":"none","type":4,"width":12.0969}],"r":[[0.942834,-0.0942001,0.319673],[-0.0208161,0.940701,0.338596],[-0.332613,-0.325895,0.884964]],"s":1.0603,"t":[55.4523,-6.23673,-31.78],"timestamp":17401619531},{"currentFrameRate":114.802,"devices":[],"gestures":[],"hands":[{"armBasis":[[0.915591,-0.153841,-0.371518],[0.399698,0.24714,0.882702],[-0.0439787,-0.95669,0.287769]],"armWidth":48.9085,"confidence":1,"direction":[-0.0362312,0.93765,-0.345689],"elbow":[70.0888,-100.261,208.751],"grabAngle":2.78574,"grabStrength":0,"id":60,"palmNormal":[-0.398054,-0.330831,-0.85563],"palmPosition":[71.1243,162.751,125.582],"palmVelocity":[1.7767,10.812,16.1119],"palmWidth":72.7825,"pinchDistance":53.2118,"pinchStrength":0.0724222,"r":[[0.942575,-0.0939413,0.320513],[-0.021025,0.941038,0.337646],[-0.333334,-0.324996,0.885023]],"s":1.06068,"sphereCenter":[52.0059,168.826,98.5086],"sphereRadius":36.9259,"stabilizedPalmPosition":[62.2679,164.193,123.885],"t":[55.483,-6.1489,-31.6381],"timeVisible":7.88277,"type":"right","wrist":[79.5869,106.357,146.601]}],"id":38107,"interactionBox":{"center":[0,200,0],"size":[235.247,235.247,147.751]},"pointables":[{"bases":[[[0.717817,0.435974,0.542832],[-0.545556,-0.132186,0.827584],[0.43256,-0.890199,0.142963]],[[0.503048,0.738156,0.449519],[-0.706805,0.0520555,0.705491],[0.497363,-0.672618,0.547919]],[[0.503048,0.738156,0.449519],[-0.655709,-0.0128569,0.754904],[0.563017,-0.674507,0.477548]],[[0.503048,0.738156,0.449519],[-0.688845,0.0283292,0.724354],[0.521952,-0.674035,0.522727]]],"btipPosition":[11.5454,176.239,99.789],"carpPosition":[55.4116,119.75,143.461],"dipPosition":[20.8813,164.183,109.139],"direction":[-0.563017,0.674507,-0.477548],"extended":true,"handId":60,"id":600,"length":39.8308,"mcpPosition":[55.4116,119.75,143.461],"pipPosition":[35.5525,146.606,121.583],"stabilizedTipPosition":[11.9568,173.899,101.168],"timeVisible":7.88277,"tipPosition":[19.6216,172.64,96.473],"tipVelocity":[5.76343,19.3596,15.7675],"tool":false,"touchDistance":0.532324,"touchZone":"hovering","type":0,"width":15.2554},{"bases":[[[0.89755,0.0523441,-0.437795],[0.365522,0.466943,0.805207],[0.246573,-0.882737,0.399972]],[[0.907796,0.0123121,-0.419231],[0.343965,0.550101,0.760971],[0.239989,-0.835007,0.495145]],[[0.907796,0.0123121,-0.419231],[0.287403,0.709731,0.643181],[0.30546,-0.704365,0.640752]],[[0.907796,0.0123121,-0.419231],[0.226535,0.826829,0.514816],[0.352971,-0.562319,0.747803]]],"btipPosition":[34.599,231.981,90.0025],"carpPosition":[67.241,132.262,151.399],"dipPosition":[39.2081,224.638,99.7673],"direction":[-0.30546,0.704365,-0.640752],"extended":true,"handId":60,"id":601,"length":44.9446,"mcpPosition":[52.7307,184.209,127.862],"pipPosition":[44.8507,211.626,111.604],"stabilizedTipPosition":[33.7743,229.794,91.8217],"timeVisible":7.88277,"tipPosition":[32.6995,221.65,87.4705],"tipVelocity":[15.5523,18.2424,18.9341],"tool":false,"touchDistance":0.370806,"touchZone":"hovering","type":1,"width":14.572},{"bases":[[[0.847059,-0.147773,-0.510543],[0.517326,0.449576,0.728186],[0.121922,-0.880934,0.457264]],[[0.838224,-0.0946823,-0.537044],[-0.0674041,0.959271,-0.274327],[0.541144,0.266147,0.797702]],[[0.838224,-0.0946823,-0.537044],[-0.545253,-0.161679,-0.822532],[-0.00894957,0.982291,-0.187149]],[[0.838224,-0.0946823,-0.537044],[-0.422191,-0.736003,-0.529201],[-0.34516,0.670324,-0.656909]]],"btipPosition":[54.7807,142.206,106.639],"carpPosition":[76.3678,133.824,148.041],"dipPosition":[49.8235,151.834,97.2044],"direction":[0.00894957,-0.982291,0.187149],"extended":false,"handId":60,"id":602,"length":51.2108,"mcpPosition":[69.5636,182.986,122.523],"pipPosition":[49.629,173.182,93.1371],"stabilizedTipPosition":[50.8877,145.238,102.891],"timeVisible":7.88277,"tipPosition":[49.7743,149.441,97.575],"tipVelocity":[3.557,4.88181,21.3146],"tool":false,"touchDistance":0.574485,"touchZone":"none","type":2,"width":14.3116},{"bases":[[[0.814344,-0.309266,-0.491119],[0.580145,0.409558,0.704055],[-0.0165983,-0.858263,0.512941]],[[0.813874,-0.257245,-0.520994],[0.0310065,0.914605,-0.403157],[0.580214,0.311965,0.75235]],[[0.813874,-0.257245,-0.520994],[-0.568395,-0.166426,-0.805748],[0.120568,0.951907,-0.281666]],[[0.813874,-0.257245,-0.520994],[-0.513356,-0.738357,-0.437373],[-0.272167,0.623422,-0.732987]]],"btipPosition":[67.2962,136.576,108.312],"carpPosition":[84.9433,133.28,143.273],"dipPosition":[63.4097,145.478,97.8451],"direction":[-0.120568,-0.951907,0.281666],"extended":false,"handId":60,"id":603,"length":49.2406,"mcpPosition":[85.775,176.284,117.572],"pipPosition":[65.9624,165.631,91.8817],"stabilizedTipPosition":[60.8933,140.357,103.592],"timeVisible":7.88277,"tipPosition":[63.4168,137.086,103.318],"tipVelocity":[0.788847,10.8806,17.0241],"tool":false,"touchDistance":0.598408,"touchZone":"none","type":3,"width":13.6184},{"bases":[[[0.699824,-0.469914,-0.537985],[0.695982,0.279025,0.66163],[-0.160797,-0.837452,0.52232]],[[0.714265,-0.363616,-0.598005],[0.139958,0.911394,-0.387004],[0.685739,0.192728,0.701868]],[[0.714265,-0.363616,-0.598005],[-0.653611,-0.0410588,-0.755716],[0.250237,0.930644,-0.26699]],[[0.714265,-0.363616,-0.598005],[-0.662216,-0.627629,-0.409331],[-0.226486,0.688379,-0.689085]]],"btipPosition":[79.5145,139.189,105.018],"carpPosition":[91.3446,128.535,135.143],"dipPosition":[76.5309,148.258,95.9406],"direction":[-0.250237,-0.930644,0.26699],"extended":false,"handId":60,"id":604,"length":38.6037,"mcpPosition":[98.8028,167.377,110.917],"pipPosition":[80.2715,162.169,91.9496],"stabilizedTipPosition":[72.9379,143.025,100.223],"timeVisible":7.88277,"tipPosition":[75.5608,140.991,99.18],"tipVelocity":[0.460363,9.98268,16.5053],"tool":false,"touchDistance":0.54884,"touchZone":"none","type":4,"width":12.0969}],"r":[[0.942575,-0.0939413,0.320513],[-0.021025,0.941038,0.337646],[-0.333334,-0.324996,0.885023]],"s":1.06068,"t":[55.483,-6.1489,-31.6381],"timestamp":17401628272},{"currentFrameRate":114.878,"devices":[],"gestures":[],"hands":[{"armBasis":[[0.915879,-0.152975,-0.371167],[0.399171,0.248537,0.882548],[-0.0427589,-0.956466,