{"frames":64,"data":[{"currentFrameRate":115.192,"devices":[],"gestures":[],"hands":[{"armBasis":[[0.924172,-0.377191,-0.0602689],[-0.101449,-0.394492,0.913282],[-0.368257,-0.837916,-0.402844]],"armWidth":50.6296,"confidence":1,"direction":[0.0978766,0.273059,-0.957005],"elbow":[15.4134,12.817,40.0673],"grabAngle":0.322112,"grabStrength":0,"id":70,"palmNormal":[-0.0340551,-0.96014,-0.277436],"palmPosition":[101.254,222.443,78.0052],"palmVelocity":[14.6187,17.7974,50.2021],"palmWidth":74.6866,"pinchDistance":53.1455,"pinchStrength":0,"r":[[0.803203,0.0116876,0.59559],[-0.013835,0.999904,-0.000963914],[-0.595544,-0.0074658,0.803288]],"s":1.53439,"sphereCenter":[120.652,152.677,34.5449],"sphereRadius":91.2027,"stabilizedPalmPosition":[99.1142,219.935,75.4944],"t":[103.14,90.9807,-20.2252],"timeVisible":8.14302,"type":"right","wrist":[97.0273,198.518,129.346]}],"id":47246,"interactionBox":{"center":[0,200,0],"size":[235.247,235.247,147.751]},"pointables":[{"bases":[[[0.449789,0.888017,0.0954771],[-0.823429,0.370906,0.429412],[0.345912,-0.271763,0.898048]],[[0.366963,0.925314,-0.0955638],[-0.796895,0.365696,0.480858],[0.479892,-0.100303,0.871575]],[[0.366963,0.925314,-0.0955638],[-0.837571,0.373358,0.398848],[0.404739,-0.066321,0.912024]],[[0.366963,0.925314,-0.0955638],[-0.816996,0.369709,0.44253],[0.44481,-0.0843168,0.891647]]],"btipPosition":[39.986,213.056,42.0617],"carpPosition":[79.4084,205.49,120.185],"dipPosition":[48.4825,211.446,59.0934],"direction":[-0.404739,0.066321,-0.912024],"extended":true,"handId":70,"id":700,"length":42.5361,"mcpPosition":[79.4084,205.49,120.185],"pipPosition":[59.7456,209.6,84.4732],"stabilizedTipPosition":[41.4075,212.164,44.3177],"timeVisible":8.14302,"tipPosition":[43.1534,217.082,46.3079],"tipVelocity":[1.49579,11.1341,60.3138],"tool":false,"touchDistance":-0.210731,"touchZone":"touching","type":0,"width":15.8565},{"bases":[[[0.99693,-0.0130502,-0.0772089],[0.0232188,0.990936,0.13231],[0.0747824,-0.133697,0.988197]],[[0.994291,-0.0091029,-0.106309],[0.0200182,0.994576,0.102065],[0.104803,-0.10361,0.989081]],[[0.994291,-0.0091029,-0.106309],[-0.00974111,0.984449,-0.175402],[0.106253,0.175436,0.97874]],[[0.994291,-0.0091029,-0.106309],[-0.0296241,0.93363,-0.357012],[0.102503,0.358124,0.92803]]],"btipPosition":[75.6829,226.155,-9.81336],"carpPosition":[87.3992,222.903,116.793],"dipPosition":[77.1123,231.149,3.12788],"direction":[-0.106253,-0.175436,-0.97874],"extended":true,"handId":70,"id":701,"length":47.9972,"mcpPosition":[82.8833,230.977,57.1177],"pipPosition":[79.2084,234.61,22.4358],"stabilizedTipPosition":[75.2398,225.302,-8.41804],"timeVisible":8.14302,"tipPosition":[78.5434,224.915,-6.82872],"tipVelocity":[0.986818,28.0485,55.904],"tool":false,"touchDistance":0.367476,"touchZone":"hovering","type":1,"width":15.1461},{"bases":[[[0.979204,-0.199731,0.0355931],[0.193063,0.971288,0.139016],[-0.062337,-0.129253,0.98965]],[[0.979936,-0.198022,0.0226348],[0.192522,0.96982,0.149612],[-0.0515781,-0.142252,0.988486]],[[0.979936,-0.198022,0.0226348],[0.199242,0.970258,-0.137485],[0.00526355,0.139237,0.990245]],[[0.979936,-0.198022,0.0226348],[0.193131,0.915346,-0.353329],[0.0492482,0.350611,0.935225]]],"btipPosition":[102.085,228.611,-17.1606],"carpPosition":[97.3631,224.222,115.728],"dipPosition":[102.84,233.989,-2.81649],"direction":[-0.00526355,-0.139237,-0.990245],"extended":true,"handId":70,"id":702,"length":54.689,"mcpPosition":[100.933,231.624,59.0532],"pipPosition":[102.962,237.22,20.1662],"stabilizedTipPosition":[101.287,227.653,-15.6604],"timeVisible":8.14302,"tipPosition":[103.222,229.993,-14.0744],"tipVelocity":[-1.35334,28.4089,53.139],"tool":false,"touchDistance":0.363851,"touchZone":"hovering","type":2,"width":14.8755},{"bases":[[[0.941999,-0.289223,0.170259],[0.260444,0.949921,0.172681],[-0.211676,-0.118322,0.970151]],[[0.9394,-0.290617,0.181849],[0.222183,0.920076,0.322638],[-0.261079,-0.262683,0.928889]],[[0.9394,-0.290617,0.181849],[0.260875,0.950141,0.17081],[-0.222422,-0.113019,0.968378]],[[0.9394,-0.290617,0.181849],[0.301894,0.952618,-0.0371289],[-0.162442,0.0897778,0.982625]]],"btipPosition":[135.284,239.872,-5.11291],"carpPosition":[107.373,223.023,115.521],"dipPosition":[132.807,241.241,9.87155],"direction":[0.222422,0.113019,-0.968378],"extended":true,"handId":70,"id":703,"length":52.5849,"mcpPosition":[118.257,229.106,65.6395],"pipPosition":[127.778,238.686,31.7663],"stabilizedTipPosition":[133.75,237.914,-3.55096],"timeVisible":8.14302,"tipPosition":[133.301,238.199,-2.32082],"tipVelocity":[-2.06564,33.4107,48.5818],"tool":false,"touchDistance":0.357094,"touchZone":"hovering","type":3,"width":14.155},{"bases":[[[0.8551,-0.453925,0.250511],[0.384058,0.879162,0.282088],[-0.348287,-0.145003,0.926105]],[[0.828684,-0.462945,0.314588],[0.2704,0.82323,0.499176],[-0.490069,-0.328594,0.807377]],[[0.828684,-0.462945,0.314588],[0.32142,0.853734,0.409668],[-0.458228,-0.238371,0.856275]],[[0.828684,-0.462945,0.314588],[0.412626,0.885044,0.215491],[-0.378184,-0.0487669,0.924445]]],"btipPosition":[160.034,236.901,22.4295],"carpPosition":[116.678,216.025,116.483],"dipPosition":[154.713,236.215,35.4348],"direction":[0.458228,0.238371,-0.856275],"extended":true,"handId":70,"id":704,"length":41.2256,"mcpPosition":[133.255,222.927,72.4042],"pipPosition":[147.398,232.41,49.1039],"stabilizedTipPosition":[157.618,234.282,23.495],"timeVisible":8.14302,"tipPosition":[157.249,233.831,24.0251],"tipVelocity":[5.90002,36.0539,45.4303],"tool":false,"touchDistance":0.348886,"touchZone":"hovering","type":4,"width":12.5735}],"r":[[0.803203,0.0116876,0.59559],[-0.013835,0.999904,-0.000963914],[-0.595544,-0.0074658,0.803288]],"s":1.53439,"t":[103.14,90.9807,-20.2252],"timestamp":17482278336},{"currentFrameRate":115.202,"devices":[],"gestures":[],"hands":[{"armBasis":[[0.92442,-0.376206,-0.0625797],[-0.0993076,-0.395879,0.912917],[-0.368219,-0.837704,-0.403319]],"armWidth":50.6296,"confidence":1,"direction":[0.0958979,0.274497,-0.956794],"elbow":[15.6351,12.8295,40.4019],"grabAngle":0.323388,"grabStrength":0,"id":70,"palmNormal":[-0.032668,-0.959838,-0.278645],"palmPosition":[101.355,222.479,78.4696],"palmVelocity":[11.7448,4.08427,53.597],"palmWidth":74.6866,"pinchDistance":53.222,"pinchStrength":0,"r":[[0.803607,0.0118133,0.595043],[-0.015123,0.999885,0.000573041],[-0.594968,-0.00945936,0.803693]],"s":1.53476,"sphereCenter":[120.728,152.568,34.8547],"sphereRadius":91.3844,"stabilizedPalmPosition":[99.1713,220,75.5702],"t":[103.271,91.0971,-19.7869],"timeVisible":8.15169,"type":"right","wrist":[97.2405,198.483,129.786]}],"id":47247,"interactionBox":{"center":[0,200,0],"size":[235.247,235.247,147.751]},"pointables":[{"bases":[[[0.448259,0.888739,0.095957],[-0.823469,0.368787,0.431155],[0.347797,-0.272287,0.897161]],[[0.36477,0.926184,-0.0955275],[-0.796252,0.363477,0.483598],[0.482623,-0.100338,0.870062]],[[0.36477,0.926184,-0.0955275],[-0.837077,0.371134,0.401947],[0.40773,-0.0666544,0.910666]],[[0.36477,0.926184,-0.0955275],[-0.816308,0.367462,0.445659],[0.447865,-0.0845834,0.890091]]],"btipPosition":[39.9308,213.011,42.6666],"carpPosition":[79.6067,205.429,120.66],"dipPosition":[48.4857,211.395,59.6686],"direction":[-0.40773,0.0666544,-0.910666],"extended":true,"handId":70,"id":700,"length":42.5361,"mcpPosition":[79.6067,205.429,120.66],"pipPosition":[59.832,209.54,85.0106],"stabilizedTipPosition":[41.4332,212.189,44.4363],"timeVisible":8.15169,"tipPosition":[43.2059,217.012,46.8516],"tipVelocity":[-4.8211,-5.36447,69.0239],"tool":false,"touchDistance":-0.200764,"touchZone":"touching","type":0,"width":15.8565},{"bases":[[[0.996833,-0.0110663,-0.0787478],[0.0215516,0.990804,0.133577],[0.0765454,-0.134851,0.987905]],[[0.994108,-0.00704074,-0.108167],[0.0182571,0.994508,0.103058],[0.106848,-0.104425,0.988777]],[[0.994108,-0.00704074,-0.108167],[-0.012073,0.984488,-0.175038],[0.107722,0.175313,0.978602]],[[0.994108,-0.00704074,-0.108167],[-0.0322812,0.93338,-0.357434],[0.103478,0.35882,0.927653]]],"btipPosition":[75.6224,226.204,-9.29103],"carpPosition":[87.5595,222.862,117.279],"dipPosition":[77.0654,231.208,3.64495],"direction":[-0.107722,-0.175313,-0.978602],"extended":true,"handId":70,"id":701,"length":47.9972,"mcpPosition":[82.9371,231.005,57.6214],"pipPosition":[79.1905,234.667,22.9501],"stabilizedTipPosition":[75.289,225.444,-8.27305],"timeVisible":8.15169,"tipPosition":[78.5019,225.026,-6.32623],"tipVelocity":[-6.61948,5.95395,60.1478],"tool":false,"touchDistance":0.371878,"touchZone":"hovering","type":1,"width":15.1461},{"bases":[[[0.979632,-0.197928,0.0338357],[0.191443,0.971468,0.139997],[-0.0605797,-0.130668,0.989574]],[[0.98035,-0.196177,0.0207067],[0.190957,0.970084,0.149906],[-0.0494954,-0.143006,0.988483]],[[0.98035,-0.196177,0.0207067],[0.197145,0.970639,-0.137814],[0.00693732,0.139188,0.990242]],[[0.98035,-0.196177,0.0207067],[0.190687,0.915525,-0.354192],[0.050527,0.35118,0.934943]]],"btipPosition":[102,228.693,-16.6791],"carpPosition":[97.5192,224.201,116.2],"dipPosition":[102.775,234.079,-2.33936],"direction":[-0.00693732,-0.139188,-0.990242],"extended":true,"handId":70,"id":702,"length":54.689,"mcpPosition":[100.988,231.684,59.5301],"pipPosition":[102.936,237.309,20.6432],"stabilizedTipPosition":[101.34,227.788,-15.5256],"timeVisible":8.15169,"tipPosition":[103.163,230.152,-13.6017],"tipVelocity":[-9.28255,9.65457,55.4542],"tool":false,"touchDistance":0.368006,"touchZone":"hovering","type":2,"width":14.8755},{"bases":[[[0.942802,-0.287666,0.16844],[0.258916,0.950184,0.173531],[-0.209968,-0.119994,0.970317]],[[0.940241,-0.289072,0.179957],[0.221001,0.920117,0.323331],[-0.259047,-0.264238,0.929017]],[[0.940241,-0.289072,0.179957],[0.259454,0.950465,0.171171],[-0.220524,-0.114251,0.968667]],[[0.940241,-0.289072,0.179957],[0.300207,0.953138,-0.0374613],[-0.160695,0.089247,0.982961]]],"btipPosition":[135.21,240.048,-4.68204],"carpPosition":[107.531,223.02,115.977],"dipPosition":[132.76,241.409,10.3075],"direction":[0.220524,0.114251,-0.968667],"extended":true,"handId":70,"id":703,"length":52.5849,"mcpPosition":[118.327,229.19,66.0867],"pipPosition":[127.774,238.826,32.2088],"stabilizedTipPosition":[133.805,238.064,-3.40899],"timeVisible":8.15169,"tipPosition":[133.253,238.405,-1.88314],"tipVelocity":[-7.76502,20.1411,49.8674],"tool":false,"touchDistance":0.361199,"touchZone":"hovering","type":3,"width":14.155},{"bases":[[[0.856337,-0.452638,0.248609],[0.38283,0.879515,0.282656],[-0.346596,-0.146874,0.926444]],[[0.829811,-0.461855,0.313215],[0.269619,0.823231,0.499595],[-0.488589,-0.330121,0.807651]],[[0.829811,-0.461855,0.313215],[0.320347,0.853827,0.410314],[-0.456937,-0.240146,0.856469]],[[0.829811,-0.461855,0.313215],[0.411404,0.885532,0.215824],[-0.377041,-0.0502354,0.924833]]],"btipPosition":[160.046,237.097,22.8292],"carpPosition":[116.851,216.039,116.915],"dipPosition":[154.742,236.39,35.84],"direction":[0.456937,0.240146,-0.856469],"extended":true,"handId":70,"id":704,"length":41.2256,"mcpPosition":[133.347,223.03,72.8204],"pipPosition":[147.448,232.557,49.5121],"stabilizedTipPosition":[157.689,234.438,23.6313],"timeVisible":8.15169,"tipPosition":[157.25,234.049,24.422],"tipVelocity":[1.90152,22.1006,46.2773],"tool":false,"touchDistance":0.353345,"touchZone":"hovering","type":4,"width":12.5735}],"r":[[0.803607,0.0118133,0.595043],[-0.015123,0.999885,0.000573041],[-0.594968,-0.00945936,0.803693]],"s":1.53476,"t":[103.271,91.0971,-19.7869],"timestamp":17482287000},{"currentFrameRate":115.202,"devices":[],"gestures":[],"hands":[{"armBasis":[[0.924539,-0.375558,-0.0646835],[-0.0976909,-0.397627,0.912332],[-0.368353,-0.837167,-0.40431]],"armWidth":50.6296,"confidence":1,"direction":[0.0943892,0.276319,-0.95642],"elbow":[15.7681,12.8382,40.6478],"grabAngle":0.324152,"grabStrength":0,"id":70,"palmNormal":[-0.0317314,-0.959386,-0.280307],"palmPosition":[101.435,222.46,78.9723],"palmVelocity":[9.16472,-2.12702,57.915],"palmWidth":74.6866,"pinchDistance":53.2854,"pinchStrength":0,"r":[[0.804068,0.0119172,0.594418],[-0.016417,0.999863,0.00216145],[-0.59431,-0.0114965,0.804154]],"s":1.53531,"sphereCenter":[120.653,152.778,35.2049],"sphereRadius":91.2554,"stabilizedPalmPosition":[99.2114,220.043,75.6305],"t":[103.376,91.1461,-19.3164],"timeVisible":8.16037,"type":"right","wrist":[97.4032,198.373,130.252]}],"id":47248,"interactionBox":{"center":[0,200,0],"size":[235.247,235.247,147.751]},"pointables":[{"bases":[[[0.447197,0.88916,0.0969969],[-0.82344,0.366931,0.432792],[0.34923,-0.273414,0.896261]],[[0.363293,0.926859,-0.0946028],[-0.79545,0.361436,0.48644],[0.485054,-0.101468,0.868577]],[[0.363293,0.926859,-0.0946028],[-0.836245,0.369162,0.405479],[0.410746,-0.0681967,0.909196]],[[0.363293,0.926859,-0.0946028],[-0.815161,0.365386,0.44945],[0.451144,-0.0861655,0.888282]]],"btipPosition":[39.8373,213.008,43.3013],"carpPosition":[79.7594,205.307,121.158],"dipPosition":[48.4548,211.363,60.2688],"direction":[-0.410746,0.0681967,-0.909196],"extended":true,"handId":70,"id":700,"length":42.5361,"mcpPosition":[79.7594,205.307,121.158],"pipPosition":[59.885,209.465,85.5698],"stabilizedTipPosition":[41.4473,212.205,44.5368],"timeVisible":8.16037,"tipPosition":[43.2403,216.928,47.4121],"tipVelocity":[-9.11502,-1.09169,72.2021],"tool":false,"touchDistance":-0.190318,"touchZone":"touching","type":0,"width":15.8565},{"bases":[[[0.996752,-0.00960564,-0.0799581],[0.0204005,0.990594,0.135307],[0.0779063,-0.136499,0.987572]],[[0.993907,-0.00543208,-0.110084],[0.0169875,0.9944,0.104305],[0.108901,-0.105539,0.988434]],[[0.993907,-0.00543208,-0.110084],[-0.0139642,0.98453,-0.174659],[0.10933,0.175132,0.978456]],[[0.993907,-0.00543208,-0.110084],[-0.0345234,0.93318,-0.357747],[0.104672,0.359368,0.927307]]],"btipPosition":[75.5454,226.233,-8.73139],"carpPosition":[87.685,222.756,117.798],"dipPosition":[77.005,231.245,4.19976],"direction":[-0.10933,-0.175132,-0.978456],"extended":true,"handId":70,"id":701,"length":47.9972,"mcpPosition":[82.9804,230.999,58.1613],"pipPosition":[79.1618,234.7,23.502],"stabilizedTipPosition":[75.3173,225.537,-8.15308],"timeVisible":8.16037,"tipPosition":[78.4624,225.14,-5.79127],"tipVelocity":[-8.43162,3.54653,64.3393],"tool":false,"touchDistance":0.376402,"touchZone":"hovering","type":1,"width":15.1461},{"bases":[[[0.979933,-0.196689,0.0323144],[0.190325,0.971471,0.141491],[-0.0592222,-0.132501,0.989412]],[[0.980648,-0.194869,0.0188536],[0.189876,0.970129,0.150986],[-0.0477129,-0.144484,0.988356]],[[0.980648,-0.194869,0.0188536],[0.195599,0.971067,-0.137002],[0.00838939,0.138039,0.990391]],[[0.980648,-0.194869,0.0188536],[0.188846,0.916129,-0.353616],[0.0516363,0.350333,0.935201]]],"btipPosition":[101.923,228.805,-16.162],"carpPosition":[97.6416,224.11,116.71],"dipPosition":[102.715,234.178,-1.81826],"direction":[-0.00838939,-0.138039,-0.990391],"extended":true,"handId":70,"id":702,"length":54.689,"mcpPosition":[101.033,231.698,60.0497],"pipPosition":[102.91,237.382,21.1678],"stabilizedTipPosition":[101.372,227.882,-15.4144],"timeVisible":8.16037,"tipPosition":[103.119,230.298,-13.0866],"tipVelocity":[-8.31878,12.6052,59.6775],"tool":false,"touchDistance":0.37231,"touchZone":"hovering","type":2,"width":14.8755},{"bases":[[[0.943383,-0.286714,0.166804],[0.257866,0.950217,0.174906],[-0.208648,-0.12199,0.970353]],[[0.940902,-0.288109,0.178036],[0.220148,0.919754,0.324943],[-0.257368,-0.266546,0.928824]],[[0.940902,-0.288109,0.178036],[0.258334,0.950469,0.172839],[-0.219014,-0.116632,0.968726]],[[0.940902,-0.288109,0.178036],[0.298865,0.953605,-0.0362909],[-0.15932,0.0873549,0.983355]]],"btipPosition":[135.15,240.241,-4.18794],"carpPosition":[107.655,222.944,116.473],"dipPosition":[132.72,241.573,10.8076],"direction":[0.219014,0.116632,-0.968726],"extended":true,"handId":70,"id":703,"length":52.5849,"mcpPosition":[118.383,229.216,66.5811],"pipPosition":[127.768,238.936,32.7102],"stabilizedTipPosition":[133.84,238.176,-3.28883],"timeVisible":8.16037,"tipPosition":[133.218,238.574,-1.38897],"tipVelocity":[-6.41352,21.4411,57.0762],"tool":false,"touchDistance":0.365845,"touchZone":"hovering","type":3,"width":14.155},{"bases":[[[0.857232,-0.451942,0.246782],[0.382004,0.87952,0.283757],[-0.345292,-0.148974,0.926596]],[[0.830584,-0.46137,0.311877],[0.26907,0.822796,0.500607],[-0.487576,-0.331879,0.807543]],[[0.830584,-0.46137,0.311877],[0.319489,0.853474,0.411714],[-0.456132,-0.242321,0.856285]],[[0.830584,-0.46137,0.311877],[0.410456,0.885666,0.217076],[-0.376371,-0.0522876,0.924992]]],"btipPosition":[160.067,237.245,23.2985],"carpPosition":[116.985,215.973,117.388],"dipPosition":[154.772,236.51,36.3116],"direction":[0.456132,0.242321,-0.856285],"extended":true,"handId":70,"id":704,"length":41.2256,"mcpPosition":[133.419,223.064,73.2859],"pipPosition":[147.491,232.641,49.9808],"stabilizedTipPosition":[157.738,234.548,23.7428],"timeVisible":8.16037,"tipPosition":[157.252,234.206,24.8813],"tipVelocity":[2.61378,16.3156,54.1268],"tool":false,"touchDistance":0.358392,"touchZone":"hovering","type":4,"width":12.5735}],"r":[[0.804068,0.0119172,0.594418],[-0.016417,0.999863,0.00216145],[-0.59431,-0.0114965,0.804154]],"s":1.53531,"t":[103.376,91.1461,-19.3164],"timestamp":17482295681},{"currentFrameRate":115.199,"devices":[],"gestures":[],"hands":[{"armBasis":[[0.924324,-0.375838,-0.0661189],[-0.0971199,-0.399241,0.911688],[-0.369044,-0.836273,-0.405529]],"armWidth":50.6296,"confidence":1,"direction":[0.0939519,0.278002,-0.955975],"elbow":[15.7645,12.8462,40.8486],"grabAngle":0.323607,"grabStrength":0,"id":70,"palmNormal":[-0.0306662,-0.958959,-0.281883],"palmPosition":[101.572,222.35,79.4813],"palmVelocity":[15.7365,-12.7375,58.6057],"palmWidth":74.6866,"pinchDistance":53.3792,"pinchStrength":0,"r":[[0.804449,0.0119903,0.593901],[-0.0176805,0.999837,0.00376278],[-0.593759,-0.0135274,0.80453]],"s":1.53605,"sphereCenter":[120.565,153.359,35.6275],"sphereRadius":90.7312,"stabilizedPalmPosition":[99.242,220.073,75.6805],"t":[103.497,91.1153,-18.8266],"timeVisible":8.16905,"type":"right","wrist":[97.5528,198.183,130.723]}],"id":47249,"interactionBox":{"center":[0,200,0],"size":[235.247,235.247,147.751]},"pointables":[{"bases":[[[0.446189,0.889512,0.098406],[-0.823806,0.365273,0.433498],[0.349656,-0.274489,0.895766]],[[0.362078,0.927456,-0.0934079],[-0.794894,0.359549,0.488741],[0.486871,-0.102713,0.867414]],[[0.362078,0.927456,-0.0934079],[-0.835503,0.367337,0.408654],[0.413321,-0.069922,0.907897]],[[0.362078,0.927456,-0.0934079],[-0.814242,0.363469,0.452659],[0.453772,-0.0878411,0.886778]]],"btipPosition":[39.8027,212.935,43.8972],"carpPosition":[79.921,205.102,121.642],"dipPosition":[48.4703,211.257,60.8359],"direction":[-0.413321,0.069922,-0.907897],"extended":true,"handId":70,"id":700,"length":42.5361,"mcpPosition":[79.921,205.102,121.642],"pipPosition":[59.9722,209.311,86.1009],"stabilizedTipPosition":[41.4561,212.213,44.6189],"timeVisible":8.16905,"tipPosition":[43.3592,216.748,47.9176],"tipVelocity":[-2.6552,-9.3588,67.8521],"tool":false,"touchDistance":-0.180496,"touchZone":"touching","type":0,"width":15.8565},{"bases":[[[0.996752,-0.00833037,-0.0800973],[0.0192812,0.990392,0.136936],[0.078187,-0.138036,0.987336]],[[0.993837,-0.00403201,-0.110775],[0.015825,0.994263,0.105787],[0.109713,-0.106888,0.988199]],[[0.993837,-0.00403201,-0.110775],[-0.0153434,0.984715,-0.173499],[0.109781,0.174129,0.978584]],[[0.993837,-0.00403201,-0.110775],[-0.0360005,0.933426,-0.35696],[0.104839,0.358748,0.927528]]],"btipPosition":[75.63,226.212,-8.2034],"carpPosition":[87.8262,222.566,118.31],"dipPosition":[77.0919,231.214,4.73083],"direction":[-0.109781,-0.174129,-0.978584],"extended":true,"handId":70,"id":701,"length":47.9972,"mcpPosition":[83.1047,230.901,58.6867],"pipPosition":[79.2576,234.649,24.0356],"stabilizedTipPosition":[75.3388,225.597,-8.0563],"timeVisible":8.16905,"tipPosition":[78.5779,225.149,-5.27477],"tipVelocity":[9.7998,-2.7402,60.8746],"tool":false,"touchDistance":0.380025,"touchZone":"hovering","type":1,"width":15.1461},{"bases":[[[0.980162,-0.195618,0.031869],[0.189228,0.971455,0.143067],[-0.0589457,-0.134198,0.9892]],[[0.980894,-0.193712,0.0179622],[0.18878,0.970076,0.152689],[-0.0470025,-0.146381,0.988111]],[[0.980894,-0.193712,0.0179622],[0.194349,0.971601,-0.134982],[0.00869557,0.135894,0.990685]],[[0.980894,-0.193712,0.0179622],[0.187569,0.917192,-0.351533],[0.0516215,0.348186,0.936003]]],"btipPosition":[102.012,228.883,-15.6472],"carpPosition":[97.7812,223.933,117.223],"dipPosition":[102.804,234.223,-1.29116],"direction":[-0.00869557,-0.135894,-0.990685],"extended":true,"handId":70,"id":702,"length":54.689,"mcpPosition":[101.157,231.618,60.574],"pipPosition":[103.006,237.377,21.7017],"stabilizedTipPosition":[101.396,227.948,-15.3244],"timeVisible":8.16905,"tipPosition":[103.233,230.34,-12.5642],"tipVelocity":[10.2265,8.03763,59.6],"tool":false,"touchDistance":0.376176,"touchZone":"hovering","type":2,"width":14.8755},{"bases":[[[0.943732,-0.285906,0.166214],[0.256797,0.950223,0.176439],[-0.208386,-0.123828,0.970176]],[[0.941322,-0.287285,0.177146],[0.219008,0.919276,0.327058],[-0.256804,-0.269071,0.928252]],[[0.941322,-0.287285,0.177146],[0.256939,0.950301,0.175814],[-0.21885,-0.119982,0.968354]],[[0.941322,-0.287285,0.177146],[0.297445,0.954162,-0.0331694],[-0.159497,0.0839142,0.983626]]],"btipPosition":[135.256,240.39,-3.64476],"carpPosition":[107.796,222.778,116.982],"dipPosition":[132.823,241.67,11.355],"direction":[0.21885,0.119982,-0.968354],"extended":true,"handId":70,"id":703,"length":52.5849,"mcpPosition":[118.51,229.145,67.0991],"pipPosition":[127.875,238.957,33.2491],"stabilizedTipPosition":[133.868,238.257,-3.1885],"timeVisible":8.16905,"tipPosition":[133.333,238.643,-0.853785],"tipVelocity":[12.108,15.8237,62.6519],"tool":false,"touchDistance":0.370755,"touchZone":"hovering","type":3,"width":14.155},{"bases":[[[0.857781,-0.451364,0.245932],[0.38103,0.879489,0.285158],[-0.345004,-0.150896,0.926392]],[[0.831066,-0.460955,0.311206],[0.26819,0.822334,0.501838],[-0.48724,-0.333598,0.807037]],[[0.831066,-0.460955,0.311206],[0.318246,0.853019,0.413615],[-0.456123,-0.244702,0.855613]],[[0.831066,-0.460955,0.311206],[0.409194,0.885729,0.21919],[-0.376681,-0.0548173,0.92472]]],"btipPosition":[160.197,237.304,23.8337],"carpPosition":[117.134,215.817,117.884],"dipPosition":[154.897,236.533,36.8429],"direction":[0.456123,0.244702,-0.855613],"extended":true,"handId":70,"id":704,"length":41.2256,"mcpPosition":[133.555,222.999,73.7919],"pipPosition":[147.616,232.627,50.5014],"stabilizedTipPosition":[157.775,234.625,23.8344],"timeVisible":8.16905,"tipPosition":[157.371,234.252,25.4047],"tipVelocity":[14.8249,5.80735,61.5202],"tool":false,"touchDistance":0.363901,"touchZone":"hovering","type":4,"width":12.5735}],"r":[[0.804449,0.0119903,0.593901],[-0.0176805,0.999837,0.00376278],[-0.593759,-0.0135274,0.80453]],"s":1.53605,"t":[103.497,91.1153,-18.8266],"timestamp":17482304366},{"currentFrameRate":115.217,"devices":[],"gestures":[],"hands":[{"armBasis":[[0.924249,-0.375825,-0.0672293],[-0.0965093,-0.400352,0.911265],[-0.369392,-0.835747,-0.406296]],"armWidth":50.6296,"confidence":1,"direction":[0.0933276,0.279166,-0.955697],"elbow":[15.7948,12.7189,41.1794],"grabAngle":0.323364,"grabStrength":0,"id":70,"palmNormal":[-0.0307319,-0.958621,-0.283021],"palmPosition":[101.647,222.167,80.0086],"palmVelocity":[8.7032,-21.1003,60.9666],"palmWidth":74.6866,"pinchDistance":53.4959,"pinchStrength":0,"r":[[0.804827,0.0119248,0.59339],[-0.0187127,0.999811,0.00528805],[-0.593215,-0.0153599,0.804898]],"s":1.53692,"sphereCenter":[120.31,154.141,36.1283],"sphereRadius":89.9484,"stabilizedPalmPosition":[99.2653,220.094,75.7224],"t":[103.595,91.0086,-18.3181],"timeVisible":8.1777,"type":"right","wrist":[97.6601,197.939,131.223]}],"id":47250,"interactionBox":{"center":[0,200,0],"size":[235.247,235.247,147.751]},"pointables":[{"bases":[[[0.446149,0.889444,0.0992031],[-0.823578,0.364655,0.434449],[0.350243,-0.27553,0.895217]],[[0.361581,0.927671,-0.0931969],[-0.793756,0.358731,0.491186],[0.489091,-0.103628,0.866055]],[[0.361581,0.927671,-0.0931969],[-0.834326,0.366563,0.411742],[0.416123,-0.0711214,0.906523]],[[0.361581,0.927671,-0.0931969],[-0.812961,0.362643,0.455615],[0.456458,-0.0889763,0.885285]]],"btipPosition":[39.6858,212.791,44.5395],"carpPosition":[80.0244,204.866,122.162],"dipPosition":[48.4048,211.092,61.4497],"direction":[-0.416123,0.0711214,-0.906523],"extended":true,"handId":70,"id":700,"length":42.5361,"mcpPosition":[80.0244,204.866,122.162],"pipPosition":[59.9846,209.112,86.6764],"stabilizedTipPosition":[41.4604,212.217,44.6888],"timeVisible":8.1777,"tipPosition":[43.3949,216.547,48.4737],"tipVelocity":[-12.1517,-17.1468,73.5056],"tool":false,"touchDistance":-0.1699,"touchZone":"touching","type":0,"width":15.8565},{"bases":[[[0.996703,-0.00811962,-0.0807251],[0.0192535,0.990228,0.13812],[0.0788148,-0.139219,0.98712]],[[0.993709,-0.00370879,-0.11193],[0.0158289,0.994069,0.107589],[0.110868,-0.108684,0.987875]],[[0.993709,-0.00370879,-0.11193],[-0.0157024,0.984965,-0.172041],[0.110886,0.172716,0.97871]],[[0.993709,-0.00370879,-0.11193],[-0.0366718,0.933574,-0.356503],[0.105818,0.358365,0.927565]]],"btipPosition":[75.6155,226.148,-7.64593],"carpPosition":[87.9255,222.335,118.846],"dipPosition":[77.0911,231.146,5.28882],"direction":[-0.110886,-0.172716,-0.97871],"extended":true,"handId":70,"id":701,"length":47.9972,"mcpPosition":[83.1661,230.742,59.2358],"pipPosition":[79.2785,234.553,24.5961],"stabilizedTipPosition":[75.3528,225.636,-7.97934],"timeVisible":8.1777,"tipPosition":[78.5934,225.072,-4.72961],"tipVelocity":[-1.3156,-7.46345,64.4694],"tool":false,"touchDistance":0.38372,"touchZone":"hovering","type":1,"width":15.1461},{"bases":[[[0.980204,-0.195544,0.0310253],[0.189207,0.971303,0.144122],[-0.0583172,-0.135399,0.989073]],[[0.980941,-0.193578,0.0168076],[0.188739,0.969821,0.154355],[-0.0461801,-0.148241,0.987872]],[[0.980941,-0.193578,0.0168076],[0.194075,0.971886,-0.133312],[0.00947122,0.134033,0.990932]],[[0.980941,-0.193578,0.0168076],[0.187121,0.917821,-0.350128],[0.0523507,0.3466,0.936551]]],"btipPosition":[102.013,228.864,-15.1131],"carpPosition":[97.8797,223.705,117.754],"dipPosition":[102.816,234.18,-0.748733],"direction":[-0.00947122,-0.134033,-0.990932],"extended":true,"handId":70,"id":702,"length":54.689,"mcpPosition":[101.219,231.459,61.1127],"pipPosition":[103.036,237.29,22.2499],"stabilizedTipPosition":[101.412,227.99,-15.2541],"timeVisible":8.1777,"tipPosition":[103.246,230.268,-12.0275],"tipVelocity":[0.408043,-2.84913,61.9677],"tool":false,"touchDistance":0.379931,"touchZone":"hovering","type":2,"width":14.8755},{"bases":[[[0.943868,-0.285999,0.165284],[0.256799,0.950039,0.177427],[-0.20777,-0.125022,0.970155]],[[0.941534,-0.287352,0.175907],[0.218878,0.9186,0.32904],[-0.256138,-0.2713,0.927787]],[[0.941534,-0.287352,0.175907],[0.25664,0.94995,0.178129],[-0.218288,-0.12257,0.968156]],[[0.941534,-0.287352,0.175907],[0.297079,0.954345,-0.0311362],[-0.158929,0.0815739,0.983914]]],"btipPosition":[135.277,240.4,-3.10273],"carpPosition":[107.895,222.551,117.506],"dipPosition":[132.853,241.644,11.9014],"direction":[0.218288,0.12257,-0.968156],"extended":true,"handId":70,"id":703,"length":52.5849,"mcpPosition":[118.577,228.98,67.6241],"pipPosition":[127.918,238.873,33.7911],"stabilizedTipPosition":[133.887,238.311,-3.1103],"timeVisible":8.1777,"tipPosition":[133.365,238.573,-0.322613],"tipVelocity":[2.67477,0.19479,62.7862],"tool":false,"touchDistance":0.375159,"touchZone":"hovering","type":3,"width":14.155},{"bases":[[[0.857984,-0.451563,0.244855],[0.381107,0.879188,0.285984],[-0.344413,-0.152054,0.926423]],[[0.831239,-0.461256,0.310298],[0.268311,0.821738,0.502748],[-0.48688,-0.334648,0.80682]],[[0.831239,-0.461256,0.310298],[0.318237,0.852489,0.414714],[-0.455815,-0.245978,0.855411]],[[0.831239,-0.461256,0.310298],[0.409162,0.885493,0.220202],[-0.376336,-0.0560787,0.924784]]],"btipPosition":[160.248,237.2,24.3506],"carpPosition":[117.234,215.59,118.394],"dipPosition":[154.954,236.411,37.3607],"direction":[0.455815,0.245978,-0.855411],"extended":true,"handId":70,"id":704,"length":41.2256,"mcpPosition":[133.626,222.827,74.3002],"pipPosition":[147.677,232.485,51.0159],"stabilizedTipPosition":[157.801,234.675,23.9077],"timeVisible":8.1777,"tipPosition":[157.413,234.144,25.9132],"tipVelocity":[6.08288,-12.4459,59.7811],"tool":false,"touchDistance":0.3686,"touchZone":"hovering","type":4,"width":12.5735}],"r":[[0.804827,0.0119248,0.59339],[-0.0187127,0.999811,0.00528805],[-0.593215,-0.0153599,0.804898]],"s":1.53692,"t":[103.595,91.0086,-18.3181],"timestamp":17482313015},{"currentFrameRate":115.218,"devices":[],"gestures":[],"hands":[{"armBasis":[[0.924004,-0.376229,-0.0683254],[-0.0968832,-0.403197,0.90997],[-0.369906,-0.834196,-0.409006]],"armWidth":50.6296,"confidence":1,"direction":[0.0935934,0.282157,-0.954792],"elbow":[15.7522,12.6041,41.0335],"grabAngle":0.32415,"grabStrength":0,"id":70,"palmNormal":[-0.0315877,-0.957677,-0.286106],"palmPosition":[101.738,221.871,80.5418],"palmVelocity":[10.4889,-34.1231,61.4492],"palmWidth":74.6866,"pinchDistance":53.6699,"pinchStrength":0,"r":[[0.805129,0.0113467,0.592991],[-0.0193579,0.999787,0.00715247],[-0.592783,-0.0172377,0.805177]],"s":1.53801,"sphereCenter":[120.01,155.232,36.5579],"sphereRadius":88.8739,"stabilizedPalmPosition":[99.2853,220.108,75.7614],"t":[103.69,90.8072,-17.7972],"timeVisible":8.18638,"type":"right","wrist":[97.7316,197.48,131.678]}],"id":47251,"interactionBox":{"center":[0,200,0],"size":[235.247,235.247,147.751]},"pointables":[{"bases":[[[0.446945,0.888719,0.102072],[-0.823258,0.363993,0.43561],[0.349981,-0.278725,0.89433]],[[0.361648,0.927787,-0.091777],[-0.792456,0.357761,0.493983],[0.491145,-0.105919,0.864614]],[[0.361648,0.927787,-0.091777],[-0.832798,0.365729,0.415561],[0.419117,-0.0738548,0.904923]],[[0.361648,0.927787,-0.091777],[-0.811439,0.361706,0.45906],[0.459106,-0.0915464,0.883652]]],"btipPosition":[39.5425,212.598,45.1512],"carpPosition":[80.0992,204.454,122.639],"dipPosition":[48.3121,210.849,62.0302],"direction":[-0.419117,0.0738548,-0.904923],"extended":true,"handId":70,"id":700,"length":42.5361,"mcpPosition":[80.0992,204.454,122.639],"pipPosition":[59.9753,208.794,87.2124],"stabilizedTipPosition":[41.4618,212.216,44.7511],"timeVisible":8.18638,"tipPosition":[43.4503,216.337,48.989],"tipVelocity":[-15.1663,-23.5748,69.672],"tool":false,"touchDistance":-0.159824,"touchZone":"touching","type":0,"width":15.8565},{"bases":[[[0.996697,-0.00875432,-0.0807377],[0.02014,0.989761,0.141307],[0.078674,-0.142466,0.986668]],[[0.993634,-0.00414644,-0.112576],[0.0167609,0.993641,0.111339],[0.111399,-0.112517,0.987386]],[[0.993634,-0.00414644,-0.112576],[-0.0151335,0.985351,-0.169866],[0.111632,0.170489,0.979016]],[[0.993634,-0.00414644,-0.112576],[-0.0364715,0.93366,-0.356298],[0.106585,0.358136,0.927566]]],"btipPosition":[75.6705,226.117,-7.07415],"carpPosition":[88.0161,221.926,119.379],"dipPosition":[77.1568,231.111,5.8606],"direction":[-0.111632,-0.170489,-0.979016],"extended":true,"handId":70,"id":701,"length":47.9972,"mcpPosition":[83.2651,230.529,59.7964],"pipPosition":[79.359,234.475,25.1739],"stabilizedTipPosition":[75.3631,225.661,-7.91832],"timeVisible":8.18638,"tipPosition":[78.6786,225.078,-4.1866],"tipVelocity":[6.62247,-3.67442,65.8954],"tool":false,"touchDistance":0.387258,"touchZone":"hovering","type":1,"width":15.1461},{"bases":[[[0.980028,-0.196523,0.0304085],[0.190076,0.970664,0.147251],[-0.0584546,-0.13853,0.988632]],[[0.980774,-0.194486,0.0160229],[0.189537,0.968913,0.159006],[-0.0464493,-0.152912,0.987148]],[[0.980774,-0.194486,0.0160229],[0.194913,0.972299,-0.129008],[0.00951123,0.129651,0.991514]],[[0.980774,-0.194486,0.0160229],[0.187886,0.918915,-0.346833],[0.0527307,0.343176,0.93779]]],"btipPosition":[102.117,228.967,-14.5539],"carpPosition":[97.9715,223.29,118.292],"dipPosition":[102.926,234.23,-0.170538],"direction":[-0.00951123,-0.129651,-0.991514],"extended":true,"handId":70,"id":702,"length":54.689,"mcpPosition":[101.319,231.224,61.6759],"pipPosition":[103.146,237.239,22.8416],"stabilizedTipPosition":[101.425,228.022,-15.1969],"timeVisible":8.18638,"tipPosition":[103.34,230.267,-11.4663],"tipVelocity":[12.0812,10.4872,64.949],"tool":false,"touchDistance":0.383725,"touchZone":"hovering","type":2,"width":14.8755},{"bases":[[[0.943608,-0.287376,0.164375],[0.257648,0.949232,0.180488],[-0.207898,-0.127959,0.969745]],[[0.941284,-0.288755,0.174945],[0.219241,0.91684,0.333673],[-0.256746,-0.275726,0.926313]],[[0.941284,-0.288755,0.174945],[0.257183,0.948964,0.182549],[-0.218729,-0.126838,0.967507]],[[0.941284,-0.288755,0.174945],[0.297843,0.954217,-0.0275498],[-0.15898,0.0780383,0.984193]]],"btipPosition":[135.407,240.441,-2.48313],"carpPosition":[107.985,222.129,118.04],"dipPosition":[132.983,241.631,12.5252],"direction":[0.218729,0.126838,-0.967507],"extended":true,"handId":70,"id":703,"length":52.5849,"mcpPosition":[118.675,228.708,68.1795],"pipPosition":[128.037,238.763,34.4003],"stabilizedTipPosition":[133.902,238.349,-3.04652],"timeVisible":8.18638,"tipPosition":[133.481,238.522,0.269044],"tipVelocity":[14.9906,3.22171,71.5203],"tool":false,"touchDistance":0.380285,"touchZone":"hovering","type":3,"width":14.155},{"bases":[[[0.857575,-0.453118,0.243411],[0.381891,0.87792,0.288818],[-0.344564,-0.154726,0.925924]],[[0.830615,-0.46306,0.309281],[0.268748,0.819803,0.505665],[-0.487703,-0.336894,0.805387]],[[0.830615,-0.46306,0.309281],[0.319116,0.850996,0.417097],[-0.456338,-0.247751,0.85462]],[[0.830615,-0.46306,0.309281],[0.410347,0.884451,0.222175],[-0.376424,-0.0576296,0.924653]]],"btipPosition":[160.373,237.009,24.9422],"carpPosition":[117.318,215.156,118.906],"dipPosition":[155.078,236.198,37.9504],"direction":[0.456338,0.247751,-0.85462],"extended":true,"handId":70,"id":704,"length":41.2256,"mcpPosition":[133.718,222.521,74.836],"pipPosition":[147.793,232.243,51.5931],"stabilizedTipPosition":[157.822,234.709,23.971],"timeVisible":8.18638,"tipPosition":[157.518,233.978,26.4887],"tipVelocity":[14.3759,-22.6437,68.132],"tool":false,"touchDistance":0.373941,"touchZone":"hovering","type":4,"width":12.5735}],"r":[[0.805129,0.0113467,0.592991],[-0.0193579,0.999787,0.00715247],[-0.592783,-0.0172377,0.805177]],"s":1.53801,"t":[103.69,90.8072,-17.7972],"timestamp":17482321692},{"currentFrameRate":115.285,"devices":[],"gestures":[],"hands":[{"armBasis":[[0.92375,-0.376582,-0.069791],[-0.0973646,-0.407141,0.908161],[-0.370412,-0.832119,-0.412762]],"armWidth":50.6296,"confidence":1,"direction":[0.0936959,0.286321,-0.953542],"elbow":[15.7072,12.3753,40.6364],"grabAngle":0.325784,"grabStrength":0,"id":70,"palmNormal":[-0.0345356,-0.956244,-0.290526],"palmPosition":[101.808,221.42,81.0898],"palmVelocity":[8.22296,-52.6388,64.0108],"palmWidth":74.6866,"pinchDistance":53.8186,"pinchStrength":0,"r":[[0.805466,0.0098745,0.592559],[-0.0193009,0.999768,0.00957542],[-0.592327,-0.0191496,0.80547]],"s":1.5391,"sphereCenter":[119.601,155.093,36.7762],"sphereRadius":88.7122,"stabilizedPalmPosition":[99.3046,220.118,75.8021],"t":[103.772,90.4812,-17.2628],"timeVisible":8.19494,"type":"right","wrist":[97.7987,196.791,132.114]}],"id":47252,"interactionBox":{"center":[0,200,0],"size":[235.247,235.247,147.751]},"pointables":[{"bases":[[[0.449559,0.886956,0.105861],[-0.821893,0.364315,0.437912],[0.349842,-0.283874,0.892763]],[[0.363605,0.92729,-0.0890156],[-0.790181,0.357621,0.497716],[0.493361,-0.110634,0.86276]],[[0.363605,0.92729,-0.0890156],[-0.830207,0.365909,0.420556],[0.422549,-0.0790151,0.902889]],[[0.363605,0.92729,-0.0890156],[-0.808782,0.361656,0.463764],[0.462237,-0.0966328,0.881476]]],"btipPosition":[39.3482,212.448,45.8083],"carpPosition":[80.1509,203.87,123.122],"dipPosition":[48.1776,210.602,62.6457],"direction":[-0.422549,0.0790151,-0.902889],"extended":true,"handId":70,"id":700,"length":42.5361,"mcpPosition":[80.1509,203.87,123.122],"pipPosition":[59.9362,208.403,87.7713],"stabilizedTipPosition":[41.4609,212.214,44.8058],"timeVisible":8.19494,"tipPosition":[43.4506,216.137,49.5572],"tipVelocity":[-21.0955,-20.1527,75.6319],"tool":false,"touchDistance":-0.149033,"touchZone":"touching","type":0,"width":15.8565},{"bases":[[[0.996608,-0.0112245,-0.0815252],[0.023073,0.989032,0.145885],[0.0789935,-0.147271,0.985937]],[[0.993467,-0.00636947,-0.113943],[0.0196705,0.993055,0.115994],[0.112413,-0.117478,0.986693]],[[0.993467,-0.00636947,-0.113943],[-0.012733,0.98602,-0.166137],[0.113408,0.166503,0.979497]],[[0.993467,-0.00636947,-0.113943],[-0.0346107,0.934599,-0.354014],[0.108746,0.355645,0.928273]]],"btipPosition":[75.6497,226.103,-6.46694],"carpPosition":[88.1153,221.334,119.937],"dipPosition":[77.1661,231.062,6.47768],"direction":[-0.113408,-0.166503,-0.979497],"extended":true,"handId":70,"id":701,"length":47.9972,"mcpPosition":[83.3451,230.228,60.3987],"pipPosition":[79.4033,234.347,25.8005],"stabilizedTipPosition":[75.3699,225.678,-7.87108],"timeVisible":8.19494,"tipPosition":[78.6858,225.094,-3.60505],"tipVelocity":[-1.6204,-2.61067,71.1929],"tool":false,"touchDistance":0.391008,"touchZone":"hovering","type":1,"width":15.1461},{"bases":[[[0.979484,-0.199459,0.0287606],[0.192958,0.969423,0.151613],[-0.0581217,-0.142953,0.988021]],[[0.980238,-0.197318,0.0141153],[0.192399,0.967528,0.163927],[-0.0460028,-0.157972,0.986371]],[[0.980238,-0.197318,0.0141153],[0.197526,0.972375,-0.12438],[0.010817,0.12471,0.992134]],[[0.980238,-0.197318,0.0141153],[0.1901,0.919827,-0.34319],[0.054734,0.339091,0.93916]]],"btipPosition":[102.121,228.981,-13.9669],"carpPosition":[98.0737,222.675,118.849],"dipPosition":[102.961,234.182,0.437543],"direction":[-0.010817,-0.12471,-0.992134],"extended":true,"handId":70,"id":702,"length":54.689,"mcpPosition":[101.402,230.862,62.2679],"pipPosition":[103.212,237.076,23.4641],"stabilizedTipPosition":[101.433,228.042,-15.1529],"timeVisible":8.19494,"tipPosition":[103.364,230.239,-10.8791],"tipVelocity":[1.3665,0.00036292,69.1394],"tool":false,"touchDistance":0.387564,"touchZone":"hovering","type":2,"width":14.8755},{"bases":[[[0.942904,-0.290829,0.162331],[0.260493,0.947644,0.184699],[-0.207548,-0.131867,0.969296]],[[0.940618,-0.29223,0.172741],[0.222043,0.914548,0.33808],[-0.256777,-0.279648,0.925128]],[[0.940618,-0.29223,0.172741],[0.260174,0.947454,0.186119],[-0.218054,-0.130124,0.967223]],[[0.940618,-0.29223,0.172741],[0.300753,0.953379,-0.0248252],[-0.157433,0.0753035,0.984654]]],"btipPosition":[135.45,240.258,-1.87336],"carpPosition":[108.084,221.486,118.584],"dipPosition":[133.049,241.406,13.142],"direction":[0.218054,0.130124,-0.967223],"extended":true,"handId":70,"id":703,"length":52.5849,"mcpPosition":[118.755,228.267,68.7467],"pipPosition":[128.119,238.464,35.0106],"stabilizedTipPosition":[133.913,238.373,-2.99376],"timeVisible":8.19494,"tipPosition":[133.542,238.357,0.872531],"tipVelocity":[5.65882,-22.4539,71.4155],"tool":false,"touchDistance":0.384761,"touchZone":"hovering","type":3,"width":14.155},{"bases":[[[0.856455,-0.45669,0.240661],[0.384612,0.875475,0.292604],[-0.344322,-0.158041,0.925454]],[[0.829301,-0.466927,0.306984],[0.271688,0.816969,0.508671],[-0.488309,-0.338437,0.804372]],[[0.829301,-0.466927,0.306984],[0.322653,0.848642,0.419168],[-0.456241,-0.248567,0.854435]],[[0.829301,-0.466927,0.306984],[0.413911,0.88235,0.223911],[-0.375418,-0.0586251,0.925]]],"btipPosition":[160.443,236.565,25.4966],"carpPosition":[117.398,214.483,119.411],"dipPosition":[155.161,235.74,38.5098],"direction":[0.456241,0.248567,-0.854435],"extended":true,"handId":70,"id":704,"length":41.2256,"mcpPosition":[133.786,222.005,75.3631],"pipPosition":[147.878,231.772,52.1494],"stabilizedTipPosition":[157.842,234.733,24.0358],"timeVisible":8.19494,"tipPosition":[157.592,233.633,27.0592],"tipVelocity":[8.52313,-52.2256,64.8971],"tool":false,"touchDistance":0.378214,"touchZone":"hovering","type":4,"width":12.5735}],"r":[[0.805466,0.0098745,0.592559],[-0.0193009,0.999768,0.00957542],[-0.592327,-0.0191496,0.80547]],"s":1.5391,"t":[103.772,90.4812,-17.2628],"timestamp":17482330253},{"currentFrameRate