{"frames":76,"data":[{"currentFrameRate":115.341,"devices":[],"gestures":[],"hands":[{"armBasis":[[0.258184,0.901978,-0.346088],[-0.760881,0.410593,0.502468],[0.595316,0.133603,0.792306]],"armWidth":66.9139,"confidence":1,"direction":[-0.405959,-0.396305,-0.823492],"elbow":[182.187,240.921,281.693],"grabAngle":3.14159,"grabStrength":1,"id":134,"palmNormal":[0.902435,-0.316065,-0.29277],"palmPosition":[-6.60509,170.467,10.9597],"palmVelocity":[1.10631,-4.83152,-16.6877],"palmWidth":90.0241,"pinchDistance":36.8509,"pinchStrength":0.263409,"r":[[0.463724,0.836236,-0.292694],[-0.879148,0.475259,-0.0350319],[0.109811,0.273567,0.955564]],"s":0.8361,"sphereCenter":[19.6721,149.65,-12.1286],"sphereRadius":38.3816,"stabilizedPalmPosition":[-9.54232,169.39,11.1635],"t":[-23.7707,-38.4933,-21.9679],"timeVisible":7.91761,"type":"right","wrist":[23.1582,205.231,70.0411]}],"id":91053,"interactionBox":{"center":[0,200,0],"size":[235.247,235.247,147.751]},"pointables":[{"bases":[[[-0.828332,0.552232,-0.0943734],[-0.361242,-0.397721,0.843399],[0.428217,0.732706,0.528934]],[[-0.916428,0.318489,-0.242332],[-0.347076,-0.331036,0.87747],[0.199244,0.888245,0.413911]],[[-0.916428,0.318489,-0.242332],[-0.389647,-0.571945,0.721841],[0.0912975,0.755939,0.648245]],[[-0.916428,0.318489,-0.242332],[-0.400199,-0.730817,0.552944],[-0.000994191,0.603714,0.7972]]],"btipPosition":[6.54095,92.0497,7.44227],"carpPosition":[19.2634,173.144,65.9087],"dipPosition":[6.51924,105.231,24.8476],"direction":[-0.0912975,-0.755939,-0.648245],"extended":true,"handId":134,"id":1340,"length":48.619,"mcpPosition":[19.2634,173.144,65.9087],"pipPosition":[9.42319,129.275,45.4666],"stabilizedTipPosition":[5.2647,96.993,11.2458],"timeVisible":7.91761,"tipPosition":[6.23025,94.5395,12.5203],"tipVelocity":[-6.27498,-14.8272,-18.3398],"tool":false,"touchDistance":-0.267259,"touchZone":"touching","type":0,"width":21.805},{"bases":[[[0.0740416,0.783223,-0.617316],[-0.955409,0.233145,0.181211],[0.285853,0.576372,0.765561]],[[0.0342555,0.697046,-0.716207],[-0.522122,-0.598575,-0.607533],[-0.852183,0.394759,0.343438]],[[0.0342555,0.697046,-0.716207],[0.840162,-0.408189,-0.357084],[-0.541252,-0.589498,-0.599615]],[[0.0342555,0.697046,-0.716207],[0.984764,0.0987081,0.143168],[0.17049,-0.710199,-0.683045]]],"btipPosition":[21.4933,148.778,13.8951],"carpPosition":[-1.34169,181.941,58.9766],"dipPosition":[24.2107,137.458,3.00807],"direction":[0.541252,0.589498,0.599615],"extended":false,"handId":134,"id":1341,"length":54.8611,"mcpPosition":[-22.1485,139.988,3.2525],"pipPosition":[12.0064,124.166,-10.5123],"stabilizedTipPosition":[19.3367,144.148,10.6705],"timeVisible":7.91761,"tipPosition":[22.3038,145.17,11.8813],"tipVelocity":[-0.236889,1.88315,-22.4245],"tool":false,"touchDistance":0.333333,"touchZone":"none","type":1,"width":20.8281},{"bases":[[[0.273762,0.802594,-0.529997],[-0.922629,0.374799,0.0910012],[0.271679,0.464078,0.843103]],[[0.256979,0.773322,-0.579599],[-0.498443,-0.407757,-0.765041],[-0.827959,0.485497,0.280672]],[[0.256979,0.773322,-0.579599],[0.827562,-0.485821,-0.281281],[-0.499103,-0.407371,-0.764817]],[[0.256979,0.773322,-0.579599],[0.950369,-0.0933758,0.296783],[0.175388,-0.6271,-0.758937]]],"btipPosition":[26.4169,159.372,14.1722],"carpPosition":[-2.2251,191.437,51.396],"dipPosition":[29.4917,148.379,0.867382],"direction":[0.499103,0.407371,0.764817],"extended":false,"handId":134,"id":1342,"length":62.5098,"mcpPosition":[-20.9784,159.403,-6.80113],"pipPosition":[16.2514,137.572,-19.4218],"stabilizedTipPosition":[24.2779,156.062,10.1726],"timeVisible":7.91761,"tipPosition":[27.0893,156.533,10.7857],"tipVelocity":[1.42657,-5.83467,-17.3184],"tool":false,"touchDistance":0.333333,"touchZone":"none","type":2,"width":20.456},{"bases":[[[0.379526,0.831586,-0.405493],[-0.891582,0.445786,0.0797327],[0.247067,0.331269,0.910614]],[[0.364028,0.810226,-0.459367],[-0.494673,-0.249705,-0.832434],[-0.789166,0.530266,0.309897]],[[0.364028,0.810226,-0.459367],[0.788771,-0.530464,-0.31056],[-0.495301,-0.249283,-0.832187]],[[0.364028,0.810226,-0.459367],[0.912797,-0.2123,0.348899],[0.185163,-0.546318,-0.816855]]],"btipPosition":[27.1977,174.433,10.7743],"carpPosition":[0.0436727,201.101,44.3825],"dipPosition":[30.4251,164.911,-3.46364],"direction":[0.495301,0.249283,0.832187],"extended":false,"handId":134,"id":1343,"length":60.1048,"mcpPosition":[-15.2683,180.571,-12.0529],"pipPosition":[17.6251,158.469,-24.9698],"stabilizedTipPosition":[24.9859,171.593,6.59504],"timeVisible":7.91761,"tipPosition":[28.4876,171.691,6.95424],"tipVelocity":[2.05339,-6.46156,-16.8355],"tool":false,"touchDistance":0.333333,"touchZone":"none","type":3,"width":19.4652},{"bases":[[[0.547634,0.779173,-0.304936],[-0.796344,0.597205,0.0958285],[0.256776,0.190355,0.947539]],[[0.504462,0.743201,-0.439512],[-0.545597,-0.120147,-0.82939],[-0.66921,0.658192,0.344878]],[[0.504462,0.743201,-0.439512],[0.668775,-0.658288,-0.345539],[-0.54613,-0.119623,-0.829115]],[[0.504462,0.743201,-0.439512],[0.862917,-0.416338,0.286422],[0.0298837,-0.523751,-0.851347]]],"btipPosition":[26.1806,187.789,1.49171],"carpPosition":[9.35276,209.816,38.41],"dipPosition":[26.6612,179.367,-12.198],"direction":[0.54613,0.119623,0.829115],"extended":false,"handId":134,"id":1344,"length":47.1211,"mcpPosition":[-5.37842,198.896,-15.95],"pipPosition":[16.6963,177.184,-27.3263],"stabilizedTipPosition":[22.653,185.155,-2.36028],"timeVisible":7.91761,"tipPosition":[26.4353,185.296,-2.31109],"tipVelocity":[2.74155,-5.96919,-16.2207],"tool":false,"touchDistance":0.333333,"touchZone":"none","type":4,"width":17.2905}],"r":[[0.463724,0.836236,-0.292694],[-0.879148,0.475259,-0.0350319],[0.109811,0.273567,0.955564]],"s":0.8361,"t":[-23.7707,-38.4933,-21.9679],"timestamp":17868774262},{"currentFrameRate":115.424,"devices":[],"gestures":[],"hands":[{"armBasis":[[0.257127,0.902544,-0.345399],[-0.760979,0.409403,0.503289],[0.595648,0.133432,0.792085]],"armWidth":66.9139,"confidence":1,"direction":[-0.406234,-0.395302,-0.823839],"elbow":[182.301,240.795,281.512],"grabAngle":3.14159,"grabStrength":1,"id":134,"palmNormal":[0.902422,-0.315198,-0.293742],"palmPosition":[-6.59582,170.451,10.806],"palmVelocity":[1.08797,-1.88925,-18.0385],"palmWidth":90.0241,"pinchDistance":36.9751,"pinchStrength":0.259316,"r":[[0.464162,0.836291,-0.291841],[-0.879029,0.475431,-0.035682],[0.108909,0.273099,0.955801]],"s":0.836283,"sphereCenter":[19.6669,149.637,-12.3079],"sphereRadius":38.3895,"stabilizedPalmPosition":[-9.52984,169.394,11.162],"t":[-23.7397,-38.5368,-22.1154],"timeVisible":7.92614,"type":"right","wrist":[23.183,205.15,69.9194]}],"id":91054,"interactionBox":{"center":[0,200,0],"size":[235.247,235.247,147.751]},"pointables":[{"bases":[[[-0.828654,0.551965,-0.0930986],[-0.36057,-0.399125,0.843023],[0.428161,0.732143,0.529759]],[[-0.916736,0.318318,-0.241391],[-0.346447,-0.332588,0.877132],[0.198923,0.887727,0.415175]],[[-0.916736,0.318318,-0.241391],[-0.388748,-0.571598,0.7226],[0.0920379,0.756273,0.64775]],[[-0.916736,0.318318,-0.241391],[-0.399493,-0.728732,0.556197],[0.00113854,0.60632,0.79522]]],"btipPosition":[6.52582,91.9242,7.27419],"carpPosition":[19.3025,173.06,65.7441],"dipPosition":[6.55068,105.162,24.6363],"direction":[-0.0920379,-0.756273,-0.64775],"extended":true,"handId":134,"id":1340,"length":48.619,"mcpPosition":[19.3025,173.06,65.7441],"pipPosition":[9.47818,129.217,45.2396],"stabilizedTipPosition":[5.30249,96.9326,11.2464],"timeVisible":7.92614,"tipPosition":[6.27981,94.5318,12.2391],"tipVelocity":[-0.518326,-13.187,-20.8871],"tool":false,"touchDistance":-0.270226,"touchZone":"touching","type":0,"width":21.805},{"bases":[[[0.0733099,0.784158,-0.616216],[-0.955419,0.232415,0.182092],[0.286007,0.575395,0.766238]],[[0.0327762,0.696411,-0.716895],[-0.521672,-0.599901,-0.606611],[-0.852516,0.393866,0.343635]],[[0.0327762,0.696411,-0.716895],[0.840343,-0.407505,-0.357441],[-0.541063,-0.590722,-0.59858]],[[0.0327762,0.696411,-0.716895],[0.984622,0.100648,0.142789],[0.171594,-0.710551,-0.682403]]],"btipPosition":[21.5045,148.835,13.6643],"carpPosition":[-1.31074,181.857,58.8366],"dipPosition":[24.2396,137.509,2.78751],"direction":[0.541063,0.590722,0.59858],"extended":false,"handId":134,"id":1341,"length":54.8611,"mcpPosition":[-22.1288,139.975,3.06316],"pipPosition":[12.0395,124.189,-10.7095],"stabilizedTipPosition":[19.3446,144.153,10.6719],"timeVisible":7.92614,"tipPosition":[22.3251,145.171,11.6721],"tipVelocity":[1.79262,6.48323,-26.8028],"tool":false,"touchDistance":0.333333,"touchZone":"none","type":1,"width":20.8281},{"bases":[[[0.273071,0.803499,-0.528982],[-0.92276,0.374216,0.0920707],[0.271932,0.462981,0.843624]],[[0.256273,0.774291,-0.578617],[-0.498608,-0.406927,-0.765376],[-0.828079,0.484648,0.281783]],[[0.256273,0.774291,-0.578617],[0.827681,-0.484972,-0.282392],[-0.499267,-0.406541,-0.765152]],[[0.256273,0.774291,-0.578617],[0.95062,-0.0934804,0.295943],[0.175057,-0.625887,-0.760013]]],"btipPosition":[26.4371,159.37,13.9883],"carpPosition":[-2.20306,191.364,51.2703],"dipPosition":[29.506,148.398,0.664616],"direction":[0.499267,0.406541,0.765152],"extended":false,"handId":134,"id":1342,"length":62.5098,"mcpPosition":[-20.9738,159.406,-6.96282],"pipPosition":[16.2614,137.613,-19.6334],"stabilizedTipPosition":[24.296,156.067,10.1773],"timeVisible":7.92614,"tipPosition":[27.1052,156.534,10.5926],"tipVelocity":[2.20489,0.299959,-22.0853],"tool":false,"touchDistance":0.333333,"touchZone":"none","type":2,"width":20.456},{"bases":[[[0.378891,0.832361,-0.404495],[-0.891753,0.445235,0.0808881],[0.247423,0.330062,0.910956]],[[0.363373,0.811072,-0.458392],[-0.495319,-0.248535,-0.8324],[-0.789062,0.529522,0.311429]],[[0.363373,0.811072,-0.458392],[0.788667,-0.529719,-0.312091],[-0.495948,-0.248113,-0.832151]],[[0.363373,0.811072,-0.458392],[0.913226,-0.212741,0.347504],[0.184332,-0.544889,-0.817996]]],"btipPosition":[27.2159,174.423,10.5954],"carpPosition":[0.0570216,201.04,44.2695],"dipPosition":[30.4288,164.925,-3.66245],"direction":[0.495948,0.248113,0.832151],"extended":false,"handId":134,"id":1343,"length":60.1048,"mcpPosition":[-15.2771,180.584,-12.187],"pipPosition":[17.612,158.513,-25.1677],"stabilizedTipPosition":[25.0054,171.597,6.59977],"timeVisible":7.92614,"tipPosition":[28.4933,171.698,6.78305],"tipVelocity":[1.74019,-0.60996,-21.5297],"tool":false,"touchDistance":0.333333,"touchZone":"none","type":3,"width":19.4652},{"bases":[[[0.547081,0.779884,-0.304111],[-0.79658,0.596676,0.0971505],[0.257222,0.189099,0.94767]],[[0.503823,0.744061,-0.438789],[-0.546514,-0.118808,-0.82898],[-0.668943,0.657463,0.346781]],[[0.503823,0.744061,-0.438789],[0.668508,-0.657557,-0.347441],[-0.547046,-0.118285,-0.828703]],[[0.503823,0.744061,-0.438789],[0.863333,-0.416922,0.284309],[0.0286027,-0.522062,-0.852428]]],"btipPosition":[26.1893,187.785,1.32583],"carpPosition":[9.35847,209.768,38.3046],"dipPosition":[26.6493,179.39,-12.3813],"direction":[0.547046,0.118285,0.828703],"extended":false,"handId":134,"id":1344,"length":47.1211,"mcpPosition":[-5.39826,198.919,-16.063],"pipPosition":[16.6677,177.232,-27.502],"stabilizedTipPosition":[22.6767,185.159,-2.35681],"timeVisible":7.92614,"tipPosition":[26.4295,185.317,-2.46079],"tipVelocity":[0.463577,0.281128,-19.932],"tool":false,"touchDistance":0.333333,"touchZone":"none","type":4,"width":17.2905}],"r":[[0.464162,0.836291,-0.291841],[-0.879029,0.475431,-0.035682],[0.108909,0.273099,0.955801]],"s":0.836283,"t":[-23.7397,-38.5368,-22.1154],"timestamp":17868782785},{"currentFrameRate":115.415,"devices":[],"gestures":[],"hands":[{"armBasis":[[0.255969,0.903181,-0.344593],[-0.760974,0.408096,0.504358],[0.596153,0.133126,0.791757]],"armWidth":66.9139,"confidence":1,"direction":[-0.406687,-0.394028,-0.824225],"elbow":[182.473,240.676,281.343],"grabAngle":3.14159,"grabStrength":1,"id":134,"palmNormal":[0.902335,-0.314292,-0.294978],"palmPosition":[-6.58693,170.496,10.6888],"palmVelocity":[1.02486,5.22785,-13.4949],"palmWidth":90.0241,"pinchDistance":37.1083,"pinchStrength":0.255619,"r":[[0.464395,0.836478,-0.290934],[-0.87898,0.475505,-0.0359018],[0.108309,0.272397,0.956069]],"s":0.836558,"sphereCenter":[19.6538,149.683,-12.458],"sphereRadius":38.3978,"stabilizedPalmPosition":[-9.5204,169.398,11.1605],"t":[-23.7197,-38.5359,-22.2477],"timeVisible":7.93481,"type":"right","wrist":[23.2207,205.113,69.8384]}],"id":91055,"interactionBox":{"center":[0,200,0],"size":[235.247,235.247,147.751]},"pointables":[{"bases":[[[-0.828961,0.551771,-0.0915008],[-0.35976,-0.400763,0.842593],[0.428248,0.731395,0.530722]],[[-0.917085,0.318198,-0.240221],[-0.345643,-0.334234,0.876823],[0.198713,0.887152,0.416503]],[[-0.917085,0.318198,-0.240221],[-0.387736,-0.571527,0.7232],[0.092828,0.756378,0.647515]],[[-0.917085,0.318198,-0.240221],[-0.398679,-0.726907,0.559161],[0.00330574,0.608569,0.793494]]],"btipPosition":[6.5131,91.8601,7.12155],"carpPosition":[19.3519,173.02,65.6119],"dipPosition":[6.58528,105.147,24.4459],"direction":[-0.092828,-0.756378,-0.647515],"extended":true,"handId":134,"id":1340,"length":48.619,"mcpPosition":[19.3519,173.02,65.6119],"pipPosition":[9.53791,129.206,45.0418],"stabilizedTipPosition":[5.32923,96.8887,11.2434],"timeVisible":7.93481,"tipPosition":[6.32443,94.5836,11.9702],"tipVelocity":[-0.211445,-6.08524,-18.5871],"tool":false,"touchDistance":-0.272915,"touchZone":"touching","type":0,"width":21.805},{"bases":[[[0.0725065,0.785272,-0.614891],[-0.955381,0.231682,0.183224],[0.28634,0.57417,0.767032]],[[0.0314007,0.696452,-0.716917],[-0.521446,-0.600508,-0.606205],[-0.852706,0.392868,0.344305]],[[0.0314007,0.696452,-0.716917],[0.840474,-0.406592,-0.358173],[-0.540942,-0.591302,-0.598116]],[[0.0314007,0.696452,-0.716917],[0.984449,0.102486,0.142679],[0.172843,-0.710248,-0.682403]]],"btipPosition":[21.5056,148.935,13.4681],"carpPosition":[-1.27038,181.821,58.7354],"dipPosition":[24.2606,137.615,2.59125],"direction":[0.540942,0.591303,0.598116],"extended":false,"handId":134,"id":1341,"length":54.8611,"mcpPosition":[-22.1127,140.028,2.9042],"pipPosition":[12.0632,124.282,-10.8953],"stabilizedTipPosition":[19.3509,144.158,10.6725],"timeVisible":7.93481,"tipPosition":[22.3449,145.231,11.487],"tipVelocity":[0.65536,11.7205,-22.6134],"tool":false,"touchDistance":0.333333,"touchZone":"none","type":1,"width":20.8281},{"bases":[[[0.272325,0.804546,-0.527774],[-0.92285,0.373656,0.0934267],[0.272372,0.461614,0.844231]],[[0.255503,0.775418,-0.577448],[-0.499032,-0.405784,-0.765707],[-0.828061,0.483805,0.28328]],[[0.255503,0.775418,-0.577448],[0.827664,-0.484128,-0.283889],[-0.499691,-0.405398,-0.765481]],[[0.255503,0.775418,-0.577448],[0.95091,-0.0936836,0.294946],[0.174609,-0.624461,-0.761289]]],"btipPosition":[26.4556,159.423,13.8265],"carpPosition":[-2.17251,191.34,51.1866],"dipPosition":[29.5166,148.476,0.480395],"direction":[0.499691,0.405398,0.765481],"extended":false,"handId":134,"id":1342,"length":62.5098,"mcpPosition":[-20.9737,159.476,-7.08846],"pipPosition":[16.2608,137.721,-19.8264],"stabilizedTipPosition":[24.3094,156.071,10.18],"timeVisible":7.93481,"tipPosition":[27.1199,156.594,10.4256],"tipVelocity":[1.92495,6.77273,-19.2421],"tool":false,"touchDistance":0.333333,"touchZone":"none","type":2,"width":20.456},{"bases":[[[0.378227,0.833234,-0.403317],[-0.891883,0.444707,0.0823455],[0.247971,0.328566,0.911348]],[[0.362677,0.812033,-0.45724],[-0.496217,-0.247034,-0.832312],[-0.788818,0.52875,0.313351]],[[0.362677,0.812033,-0.45724],[0.788423,-0.528947,-0.314014],[-0.496845,-0.246613,-0.832062]],[[0.362677,0.812033,-0.45724],[0.913725,-0.213386,0.345793],[0.183227,-0.543202,-0.819365]]],"btipPosition":[27.2353,174.469,10.4441],"carpPosition":[0.078111,201.029,44.2011],"dipPosition":[30.429,165,-3.83758],"direction":[0.496845,0.246613,0.832062],"extended":false,"handId":134,"id":1343,"length":60.1048,"mcpPosition":[-15.2899,180.666,-12.2797],"pipPosition":[17.589,158.627,-25.3406],"stabilizedTipPosition":[25.0198,171.601,6.6025],"timeVisible":7.93481,"tipPosition":[28.4978,171.767,6.6424],"tipVelocity":[1.72765,6.08011,-18.0609],"tool":false,"touchDistance":0.333333,"touchZone":"none","type":3,"width":19.4652},{"bases":[[[0.546516,0.780653,-0.303153],[-0.796762,0.596161,0.0988023],[0.257858,0.187543,0.947806]],[[0.503141,0.745022,-0.437941],[-0.547636,-0.117157,-0.828474],[-0.668539,0.656671,0.349054]],[[0.503141,0.745022,-0.437941],[0.668103,-0.656764,-0.349713],[-0.548168,-0.116634,-0.828196]],[[0.503141,0.745022,-0.437941],[0.863781,-0.417672,0.281839],[0.0270603,-0.520089,-0.853683]]],"btipPosition":[26.1976,187.843,1.1939],"carpPosition":[9.37129,209.772,38.2445],"dipPosition":[26.6327,179.479,-12.5334],"direction":[0.548168,0.116634,0.828196],"extended":false,"handId":134,"id":1344,"length":47.1211,"mcpPosition":[-5.42194,199.013,-16.1309],"pipPosition":[16.6307,177.351,-27.6449],"stabilizedTipPosition":[22.6949,185.163,-2.35483],"timeVisible":7.93481,"tipPosition":[26.4217,185.4,-2.57553],"tipVelocity":[0.294154,7.45199,-15.7358],"tool":false,"touchDistance":0.333333,"touchZone":"none","type":4,"width":17.2905}],"r":[[0.464395,0.836478,-0.290934],[-0.87898,0.475505,-0.0359018],[0.108309,0.272397,0.956069]],"s":0.836558,"t":[-23.7197,-38.5359,-22.2477],"timestamp":17868791464},{"currentFrameRate":115.394,"devices":[],"gestures":[],"hands":[{"armBasis":[[0.255156,0.903605,-0.344082],[-0.760814,0.407243,0.505287],[0.596706,0.132856,0.791386]],"armWidth":66.9139,"confidence":1,"direction":[-0.406761,-0.392703,-0.824821],"elbow":[182.647,240.575,281.172],"grabAngle":3.14159,"grabStrength":1,"id":134,"palmNormal":[0.902326,-0.31371,-0.295623],"palmPosition":[-6.5699,170.553,10.5692],"palmVelocity":[1.95699,6.49351,-13.7482],"palmWidth":90.0241,"pinchDistance":37.2394,"pinchStrength":0.253091,"r":[[0.464556,0.836732,-0.289943],[-0.878952,0.475558,-0.0358957],[0.10785,0.271521,0.956371]],"s":0.836948,"sphereCenter":[19.6608,149.738,-12.5967],"sphereRadius":38.4051,"stabilizedPalmPosition":[-9.51303,169.401,11.159],"t":[-23.7012,-38.5071,-22.3737],"timeVisible":7.94352,"type":"right","wrist":[23.2468,205.085,69.7658]}],"id":91056,"interactionBox":{"center":[0,200,0],"size":[235.247,235.247,147.751]},"pointables":[{"bases":[[[-0.82903,0.551837,-0.090472],[-0.359603,-0.402196,0.841976],[0.428246,0.730558,0.531875]],[[-0.917191,0.318296,-0.239683],[-0.34552,-0.335785,0.876278],[0.198433,0.88653,0.417957]],[[-0.917191,0.318296,-0.239683],[-0.387368,-0.571447,0.72346],[0.0933079,0.756397,0.647424]],[[-0.917191,0.318296,-0.239683],[-0.398416,-0.725137,0.561641],[0.00496492,0.610626,0.791903]]],"btipPosition":[6.49977,91.8134,6.96827],"carpPosition":[19.3762,172.988,65.4928],"dipPosition":[6.60817,105.145,24.2579],"direction":[-0.0933079,-0.756397,-0.647424],"extended":true,"handId":134,"id":1340,"length":48.619,"mcpPosition":[19.3762,172.988,65.4928],"pipPosition":[9.57606,129.204,44.8509],"stabilizedTipPosition":[5.34756,96.8579,11.2388],"timeVisible":7.94352,"tipPosition":[6.3509,94.6415,11.7162],"tipVelocity":[-0.575336,-4.18278,-18.531],"tool":false,"touchDistance":-0.275603,"touchZone":"touching","type":0,"width":21.805},{"bases":[[[0.0723417,0.786298,-0.613598],[-0.955379,0.231281,0.183739],[0.286387,0.572927,0.767944]],[[0.0312184,0.697613,-0.715794],[-0.521212,-0.599703,-0.607202],[-0.852856,0.392036,0.344883]],[[0.0312184,0.697613,-0.715794],[0.840599,-0.405774,-0.358806],[-0.540758,-0.590494,-0.59908]],[[0.0312184,0.697613,-0.715794],[0.984238,0.103265,0.143569],[0.174072,-0.708994,-0.683394]]],"btipPosition":[21.507,148.998,13.3145],"carpPosition":[-1.24789,181.798,58.6338],"dipPosition":[24.2815,137.698,2.42183],"direction":[0.540758,0.590494,0.599081],"extended":false,"handId":134,"id":1341,"length":54.8611,"mcpPosition":[-22.0936,140.095,2.7362],"pipPosition":[12.0883,124.383,-11.0865],"stabilizedTipPosition":[19.3558,144.162,10.6728],"timeVisible":7.94352,"tipPosition":[22.3643,145.291,11.3209],"tipVelocity":[0.669646,7.76743,-18.0708],"tool":false,"touchDistance":0.333333,"touchZone":"none","type":1,"width":20.8281},{"bases":[[[0.27217,0.805447,-0.526477],[-0.922875,0.373406,0.0941729],[0.272441,0.460242,0.844958]],[[0.255344,0.7764,-0.576197],[-0.499279,-0.404458,-0.766247],[-0.827961,0.483339,0.284365]],[[0.255344,0.7764,-0.576197],[0.827563,-0.483661,-0.284975],[-0.499938,-0.404073,-0.76602]],[[0.255344,0.7764,-0.576197],[0.951028,-0.0943173,0.294363],[0.174198,-0.623143,-0.762462]]],"btipPosition":[26.4805,159.47,13.6767],"carpPosition":[-2.15204,191.33,51.1009],"dipPosition":[29.5344,148.546,0.310017],"direction":[0.499938,0.404073,0.76602],"extended":false,"handId":134,"id":1342,"length":62.5098,"mcpPosition":[-20.9579,159.56,-7.22437],"pipPosition":[16.272,137.827,-20.011],"stabilizedTipPosition":[24.3194,156.074,10.1815],"timeVisible":7.94352,"tipPosition":[27.1384,156.655,10.2785],"tipVelocity":[2.6783,6.0351,-17.7601],"tool":false,"touchDistance":0.333333,"touchZone":"none","type":2,"width":20.456},{"bases":[[[0.378086,0.833941,-0.401987],[-0.891917,0.444479,0.0832053],[0.248063,0.32708,0.911857]],[[0.362531,0.812827,-0.455942],[-0.49681,-0.245367,-0.832451],[-0.788512,0.528306,0.314868]],[[0.362531,0.812827,-0.455942],[0.788116,-0.528502,-0.31553],[-0.497438,-0.244946,-0.8322]],[[0.362531,0.812827,-0.455942],[0.913987,-0.214437,0.344448],[0.182206,-0.541599,-0.820653]]],"btipPosition":[27.2685,174.51,10.3053],"carpPosition":[0.0966348,201.031,44.1312],"dipPosition":[30.4444,165.07,-3.99878],"direction":[0.497438,0.244946,0.8322],"extended":false,"handId":134,"id":1343,"length":60.1048,"mcpPosition":[-15.2771,180.76,-12.3812],"pipPosition":[17.5891,158.739,-25.5053],"stabilizedTipPosition":[25.0306,171.603,6.60399],"timeVisible":7.94352,"tipPosition":[28.5131,171.834,6.5211],"tipVelocity":[3.34199,5.46944,-16.5376],"tool":false,"touchDistance":0.333333,"touchZone":"none","type":3,"width":19.4652},{"bases":[[[0.546394,0.78121,-0.301933],[-0.796809,0.595915,0.0999001],[0.257969,0.185998,0.94808]],[[0.502969,0.745767,-0.436869],[-0.548381,-0.115335,-0.828237],[-0.668058,0.656148,0.350954]],[[0.502969,0.745767,-0.436869],[0.667621,-0.65624,-0.351614],[-0.548913,-0.114812,-0.827957]],[[0.502969,0.745767,-0.436869],[0.863922,-0.418752,0.279796],[0.025723,-0.51815,-0.854903]]],"btipPosition":[26.2272,187.896,1.07399],"carpPosition":[9.3881,209.784,38.1877],"dipPosition":[26.6409,179.565,-12.6729],"direction":[0.548913,0.114812,0.827957],"extended":false,"handId":134,"id":1344,"length":47.1211,"mcpPosition":[-5.41152,199.114,-16.2033],"pipPosition":[16.6253,177.47,-27.78],"stabilizedTipPosition":[22.709,185.166,-2.35379],"timeVisible":7.94352,"tipPosition":[26.4352,185.483,-2.67363],"tipVelocity":[2.83693,7.01421,-14.2986],"tool":false,"touchDistance":0.333333,"touchZone":"none","type":4,"width":17.2905}],"r":[[0.464556,0.836732,-0.289943],[-0.878952,0.475558,-0.0358957],[0.10785,0.271521,0.956371]],"s":0.836948,"t":[-23.7012,-38.5071,-22.3737],"timestamp":17868800166},{"currentFrameRate":115.407,"devices":[],"gestures":[],"hands":[{"armBasis":[[0.254697,0.903928,-0.343575],[-0.760586,0.40667,0.506092],[0.597192,0.132418,0.791092]],"armWidth":66.9139,"confidence":1,"direction":[-0.405769,-0.39157,-0.825848],"elbow":[182.758,240.452,281.059],"grabAngle":3.14159,"grabStrength":1,"id":134,"palmNormal":[0.902731,-0.313004,-0.295135],"palmPosition":[-6.53128,170.62,10.463],"palmVelocity":[4.4678,7.83317,-12.2861],"palmWidth":90.0241,"pinchDistance":37.3629,"pinchStrength":0.250876,"r":[[0.464698,0.837049,-0.288798],[-0.878948,0.475561,-0.0359342],[0.107262,0.270537,0.956715]],"s":0.837413,"sphereCenter":[19.7244,149.807,-12.6898],"sphereRadius":38.4124,"stabilizedPalmPosition":[-9.50665,169.403,11.1575],"t":[-23.6726,-38.4589,-22.4898],"timeVisible":7.95216,"type":"right","wrist":[23.2277,205.078,69.732]}],"id":91057,"interactionBox":{"center":[0,200,0],"size":[235.247,235.247,147.751]},"pointables":[{"bases":[[[-0.829092,0.551736,-0.0905206],[-0.360384,-0.403572,0.840983],[0.427469,0.729875,0.533435]],[[-0.917068,0.318187,-0.240296],[-0.346397,-0.337308,0.875347],[0.19747,0.885991,0.419553]],[[-0.917068,0.318187,-0.240296],[-0.387771,-0.571392,0.723287],[0.0928373,0.756484,0.647389]],[[-0.917068,0.318187,-0.240296],[-0.398692,-0.723416,0.563662],[0.0055158,0.612721,0.79028]]],"btipPosition":[6.52966,91.7835,6.85103],"carpPosition":[19.3556,172.98,65.4179],"dipPosition":[6.65008,105.161,24.1053],"direction":[-0.0928373,-0.756484,-0.647389],"extended":true,"handId":134,"id":1340,"length":48.619,"mcpPosition":[19.3556,172.98,65.4179],"pipPosition":[9.60301,129.223,44.6971],"stabilizedTipPosition":[5.36082,96.836,11.2342],"timeVisible":7.95216,"tipPosition":[6.41133,94.7125,11.5033],"tipVelocity":[3.77825,-2.23946,-14.5083],"tool":false,"touchDistance":-0.277692,"touchZone":"touching","type":0,"width":21.805},{"bases":[[[0.0727692,0.787246,-0.61233],[-0.955641,0.230729,0.18307],[0.285403,0.571846,0.769114]],[[0.0317794,0.698702,-0.714706],[-0.520414,-0.598924,-0.608653],[-0.853322,0.391286,0.344581]],[[0.0317794,0.698702,-0.714706],[0.840988,-0.40511,-0.358644],[-0.54012,-0.589662,-0.600474]],[[0.0317794,0.698702,-0.714706],[0.983934,0.103816,0.145242],[0.175679,-0.70784,-0.684178]]],"btipPosition":[21.5414,149.066,13.2017],"carpPosition":[-1.26372,181.795,58.5502],"dipPosition":[24.3415,137.784,2.29655],"direction":[0.54012,0.589662,0.600474],"extended":false,"handId":134,"id":1341,"length":54.8611,"mcpPosition":[-22.0379,140.171,2.5674],"pipPosition":[12.1627,124.488,-11.2432],"stabilizedTipPosition":[19.36,144.166,10.6728],"timeVisible":7.95216,"tipPosition":[22.4093,145.366,11.2071],"tipVelocity":[4.66444,8.36442,-13.3815],"tool":false,"touchDistance":0.333333,"touchZone":"none","type":1,"width":20.8281},{"bases":[[[0.272499,0.806321,-0.524967],[-0.923083,0.372999,0.093754],[0.271408,0.45904,0.845943]],[[0.255734,0.777344,-0.574749],[-0.498661,-0.403257,-0.767281],[-0.828213,0.482825,0.284505]],[[0.255734,0.777344,-0.574749],[0.827816,-0.483146,-0.285115],[-0.49932,-0.402872,-0.767055]],[[0.255734,0.777344,-0.574749],[0.95083,-0.0948061,0.294847],[0.174708,-0.621891,-0.763367]]],"btipPosition":[26.5273,159.53,13.5756],"carpPosition":[-2.16259,191.337,51.0307],"dipPosition":[29.5901,148.628,0.193041],"direction":[0.49932,0.402872,0.767055],"extended":false,"handId":134,"id":1342,"length":62.5098,"mcpPosition":[-20.8972,159.651,-7.36249],"pipPosition":[16.3441,137.94,-20.1555],"stabilizedTipPosition":[24.328,156.077,10.1824],"timeVisible":7.95216,"tipPosition":[27.1813,156.733,10.1876],"tipVelocity":[5.64732,7.50952,-12.1201],"tool":false,"touchDistance":0.333333,"touchZone":"none","type":2,"width":20.456},{"bases":[[[0.378275,0.834656,-0.400322],[-0.892133,0.444097,0.0829269],[0.246997,0.325771,0.912615]],[[0.362783,0.81362,-0.454326],[-0.496428,-0.243864,-0.83312],[-0.788636,0.527782,0.315434]],[[0.362783,0.81362,-0.454326],[0.788241,-0.527976,-0.316098],[-0.497056,-0.243443,-0.832869]],[[0.362783,0.81362,-0.454326],[0.913894,-0.215326,0.344141],[0.182171,-0.540054,-0.821678]]],"btipPosition":[27.3245,174.566,10.2169],"carpPosition":[0.0907201,201.049,44.0781],"dipPosition":[30.4998,165.152,-4.1051],"direction":[0.497056,0.243443,0.832869],"extended":false,"handId":134,"id":1343,"length":60.1048,"mcpPosition":[-15.217,180.86,-12.4812],"pipPosition":[17.6544,158.861,-25.6289],"stabilizedTipPosition":[25.0402,171.606,6.605],"timeVisible":7.95216,"tipPosition":[28.5544,171.919,6.45537],"tipVelocity":[6.47115,7.19832,-10.7099],"tool":false,"touchDistance":0.333333,"touchZone":"none","type":3,"width":19.4652},{"bases":[[[0.546491,0.781823,-0.300168],[-0.797087,0.595535,0.0999521],[0.256906,0.184637,0.948635]],[[0.503182,0.746537,-0.435305],[-0.54815,-0.1137,-0.828616],[-0.668087,0.655557,0.352002]],[[0.503182,0.746537,-0.435305],[0.66765,-0.655647,-0.352662],[-0.548682,-0.113178,-0.828335]],[[0.503182,0.746537,-0.435305],[0.863805,-0.419648,0.278812],[0.0254684,-0.516312,-0.856022]]],"btipPosition":[26.287,187.965,1.0026],"carpPosition":[9.386,209.815,38.1578],"dipPosition":[26.6965,179.663,-12.7623],"direction":[0.548682,0.113178,0.828335],"extended":false,"handId":134,"id":1344,"length":47.1211,"mcpPosition":[-5.35259,199.222,-16.265],"pipPosition":[16.6851,177.598,-27.8763],"stabilizedTipPosition":[22.7228,185.169,-2.35308],"timeVisible":7.95216,"tipPosition":[26.4833,185.582,-2.72068],"tipVelocity":[6.80614,8.72998,-8.73856],"tool":false,"touchDistance":0.333333,"touchZone":"none","type":4,"width":17.2905}],"r":[[0.464698,0.837049,-0.288798],[-0.878948,0.475561,-0.0359342],[0.107262,0.270537,0.956715]],"s":0.837413,"t":[-23.6726,-38.4589,-22.4898],"timestamp":17868808809},{"currentFrameRate":115.379,"devices":[],"gestures":[],"hands":[{"armBasis":[[0.25396,0.90446,-0.342718],[-0.760437,0.405675,0.507112],[0.597695,0.131829,0.790811]],"armWidth":66.9139,"confidence":1,"direction":[-0.405376,-0.390765,-0.826422],"elbow":[182.865,240.296,280.953],"grabAngle":3.14159,"grabStrength":1,"id":134,"palmNormal":[0.902997,-0.311952,-0.295435],"palmPosition":[-6.53388,170.679,10.3869],"palmVelocity":[-0.29835,6.75008,-8.73623],"palmWidth":90.0241,"pinchDistance":37.4945,"pinchStrength":0.248498,"r":[[0.464697,0.837446,-0.287646],[-0.879014,0.475445,-0.0358611],[0.106728,0.26951,0.957065]],"s":0.83794,"sphereCenter":[19.7321,149.868,-12.7703],"sphereRadius":38.4201,"stabilizedPalmPosition":[-9.501,169.406,11.156],"t":[-23.6597,-38.4054,-22.5859],"timeVisible":7.96087,"type":"right","wrist":[23.2003,205.08,69.7005]}],"id":91058,"interactionBox":{"center":[0,200,0],"size":[235.247,235.247,147.751]},"pointables":[{"bases":[[[-0.829483,0.551251,-0.0898926],[-0.360198,-0.404956,0.840398],[0.426868,0.729474,0.534463]],[[-0.917299,0.317691,-0.240075],[-0.346279,-0.338738,0.874841],[0.196606,0.885623,0.420734]],[[-0.917299,0.317691,-0.240075],[-0.387248,-0.571279,0.723657],[0.0927493,0.756778,0.647058]],[[-0.917299,0.317691,-0.240075],[-0.398145,-0.721694,0.566249],[0.00663145,0.615004,0.788496]]],"btipPosition":[6.53936,91.7469,6.77253],"carpPosition":[19.3442,172.984,65.3482],"dipPosition":[6.68414,105.174,23.9878],"direction":[-0.0927493,-0.756778,-0.647058],"extended":true,"handId":134,"id":1340,"length":48.619,"mcpPosition":[19.3442,172.984,65.3482],"pipPosition":[9.63427,129.246,44.5691],"stabilizedTipPosition":[5.37058,96.8199,11.2302],"timeVisible":7.96087,"tipPosition":[6.46493,94.7799,11.3224],"tipVelocity":[1.75638,-2.88424,-10.0356],"tool":false,"touchDistance":-0.27915,"touchZone":"touching","type":0,"width":21.805},{"bases":[[[0.0722737,0.788115,-0.611271],[-0.955833,0.229788,0.183253],[0.284887,0.571028,0.769913]],[[0.0313625,0.699679,-0.713768],[-0.51988,-0.598498,-0.609528],[-0.853663,0.39019,0.344979]],[[0.0313625,0.699679,-0.713768],[0.841221,-0.404135,-0.359196],[-0.539781,-0.589172,-0.60126]],[[0.0313625,0.699679,-0.713768],[0.983709,0.104862,0.146015],[0.177011,-0.70672,-0.684992]]],"btipPosition":[21.5468,149.139,13.0977],"carpPosition":[-1.28067,181.793,58.4896],"dipPosition":[24.3682,137.875,2.17958],"direction":[0.539781,0.589172,0.60126],"extended":false,"handId":134,"id":1341,"length":54.8611,"mcpPosition":[-22.0172,140.229,2.44866],"pipPosition":[12.197,124.59,-11.3779],"stabilizedTipPosition":[19.3638,144.169,10.6727],"timeVisible":7.96087,"tipPosition":[22.4249,145.446,11.1008],"tipVelocity":[1.18326,8.85834,-12.2745],"tool":false,"touchDistance":0.333333,"touchZone":"none","type":1,"width":20.8281},{"bases":[[[0.271979,0.807219,-0.523857],[-0.923367,0.372201,0.0941314],[0.270964,0.45811,0.846589]],[[0.255241,0.778296,-0.573679],[-0.498565,-0.402425,-0.767781],[-0.828423,0.481985,0.285315]],[[0.255241,0.778296,-0.573679],[0.828026,-0.482306,-0.285927],[-0.499224,-0.402041,-0.767554]],[[0.255241,0.778296,-0.573679],[0.950925,-0.0947343,0.294562],[0.174909,-0.62071,-0.764281]]],"btipPosition":[26.5384,159.597,13.4758],"carpPosition":[-2.18553,191.345,50.9827],"dipPosition":[29.6047,148.716,0.0772037],"direction":[0.499224,0.402041,0.767554],"extended":false,"handId":134,"id":1342,"length":62.5098,"mcpPosition":[-20.8895,159.723,-7.4551],"pipPosition":[16.3612,138.05,-20.2845],"stabilizedTipPosition":[24.3353,156.079,10.183],"timeVisible":7.96087,"tipPosition":[27.189,156.817,10.0977],"tipVelocity":[1.36277,8.24893,-11.8755],"tool":false,"touchDistance":0.333333,"touchZone":"none","type":2,"width":20.456},{"bases":[[[0.377717,0.835465,-0.39916],[-0.892467,0.443336,0.0834031],[0.246642,0.324734,0.91308]],[[0.362248,0.814489,-0.453193],[-0.496765,-0.242699,-0.83326],[-0.78867,0.526977,0.316693]],[[0.362248,0.814489,-0.453193],[0.788274,-0.52717,-0.317356],[-0.497393,-0.242279,-0.833007]],[[0.362248,0.814489,-0.453193],[0.914221,-0.215752,0.343003],[0.181595,-0.538571,-0.822779]]],"btipPosition":[27.3376,174.626,10.1236],"carpPosition":[0.0615876,201.068,44.0434],"dipPosition":[30.5028,165.239,-4.21758],"direction":[0.497393,0.242279,0.833007],"extended":false,"handId":134,"id":1343,"length":60.1048,"mcpPosition":[-15.2241,180.943,-12.5448],"pipPosition":[17.6487,158.978,-25.745],"stabilizedTipPosition":[25.0483,171.608,6.60559],"timeVisible":7.96087,"tipPosition":[28.5501,172.01,6.38666],"tipVelocity":[1.23324,7.64575,-11.2115],"tool":false,"touchDistance":0.333333,"touchZone":"none","type":3,"width":19.4652},{"bases":[[[0.545959,0.782621,-0.299055],[-0.797534,0.59482,0.100643],[0.256649,0.18356,0.948914]],[[0.502653,0.747448,-0.434352],[-0.548687,-0.112426,-0.828434],[-0.668044,0.654738,0.353603]],[[0.502653,0.747448,-0.434352],[0.667607,-0.654827,-0.354263],[-0.549218,-0.111905,-0.828152]],[[0.502653,0.747448,-0.434352],[0.864139,-0.420137,0.277036],[0.0245827,-0.514593,-0.857082]]],"btipPosition":[26.2896,188.037,0.925678],"carpPosition":[9.35123,209.848,38.136],"dipPosition":[26.6849,179.762,-12.8563],"direction":[0.549218,0.111905,0.828152],"extended":false,"handId":134,"id":1344,"length":47.1211,"mcpPosition":[-5.37262,199.317,-16.3029],"pipPosition":[16.6637,177.72,-27.967],"stabilizedTipPosition":[22.7352,185.173,-2.35271],"timeVisible":7.96087,"tipPosition":[26.4713,185.683,-2.77121],"tipVelocity":[-0.0766269,8.92525,-9.27622],"tool":false,"touchDistance":0.333333,"touchZone":"none","type":4,"width":17.2905}],"r":[[0.464697,0.837446,-0.287646],[-0.879014,0.475445,-0.0358611],[0.106728,0.26951,0.957065]],"s":0.83794,"t":[-23.6597,-38.4054,-22.5859],"timestamp":17868817524},{"currentFrameRate":115.402,"devices":[],"gestures":[],"hands":[{"armBasis":[[0.253182,0.905032,-0.341784],[-0.760291,0.404606,0.508184],[0.59821,0.131192,0.790527]],"armWidth":66.9139,"confidence":1,"direction":[-0.404875,-0.389874,-0.827088],"elbow":[182.958,240.142,280.861],"grabAngle":3.14159,"grabStrength":1,"id":134,"palmNormal":[0.903311,-0.310813,-0.295677],"palmPosition":[-6.54706,170.757,10.3191],"palmVelocity":[-1.52811,9.03516,-7.85581],"palmWidth":90.0241,"pinchDistance":37.6115,"pinchStrength":0.246463,"r":[[0.464578,0.83792,-0.286458],[-0.87914,0.475225,-0.0357054],[0.106214,0.268424,0.957427]],"s":0.838496,"sphereCenter":[19.7361,149.959,-12.8465],"sphereRadius":38.427,"stabilizedPalmPosition":[-9.49539,169.408,11.1544],"t":[-23.6598,-38.3397,-22.6678],"timeVisible":7.9695,"type":"right","wrist":[23.1553,205.096,69.684]}],"id":91059,"interactionBox":{"center":[0,200,0],"size":[235.247,235.247,147.751]},"pointables":[{"bases":[[[-0.829893,0.550732,-0.0892836],[-0.360079,-0.406465,0.83972],[0.42617,0.729027,0.53563]],[[-0.917518,0.317183,-0.239907],[-0.346254,-0.340386,0.874212],[0.195624,0.885174,0.422136]],[[-0.917518,0.317183,-0.239907],[-0.386787,-0.571393,0.723813],[0.0924999,0.756905,0.646946]],[[-0.917518,0.317183,-0.239907],[-0.397623,-0.720203,0.56851],[0.00753991,0.617011,0.786919]]],"btipPosition":[6.54802,91.7392,6.68298],"carpPosition":[19.3163,173.002,65.2899],"dipPosition":[6.71263,105.21,23.8638],"direction":[-0.0924999,-0.756905,-0.646946],"extended":true,"handId":134,"id":1340,"length":48.619,"mcpPosition":[19.3163,173.002,65.2899],"pipPosition":[9.65483,129.286,44.4416],"stabilizedTipPosition":[5.37731,96.8089,11.2269],"timeVisible":7.9695,"tipPosition":[6.51158,94.8665,11.1427],"tipVelocity":[1.5322,0.271311,-11.2993],"tool":false,"touchDistance":-0.280775,"touchZone":"touching","type":0,"width":21.805},{"bases":[[[0.0718004,0.789063,-0.610102],[-0.956055,0.228771,0.183362],[0.284258,0.570125,0.770814]],[[0.030976,0.70073,-0.712753],[-0.519432,-0.597955,-0.610443],[-0.85395,0.389136,0.345459]],[[0.030976,0.70073,-0.712753],[0.841315,-0.403291,-0.359925],[-0.539657,-0.588501,-0.602027]],[[0.030976,0.70073,-0.712753],[0.983523,0.105701,0.146662],[0.178109,-0.705552,-0.68591]]],"btipPosition":[21.5506,149.225,12.9945],"carpPosition":[-1.3139,181.805,58.4392],"dipPosition":[24.3895,137.98,2.06173],"direction":[0.539657,0.588501,0.602027],"extended":false,"handId":134,"id":1341,"length":54.8611,"mcpPosition":[-22.0047,140.306,2.33275],"pipPosition":[12.2211,124.71,-11.513],"stabilizedTipPosition":[19.3674,144.172,10.6724],"timeVisible":7.9695,"tipPosition":[22.4311,145.546,11.0026],"tipVelocity":[0.903371,10.4648,-12.3567],"tool":false,"touchDistance":0.333333,"touchZone":"none","type":1,"width":20.8281},{"bases":[[[0.27147,0.808196,-0.522612],[-0.92368,0.37134,0.0944563],[0.270406,0.457085,0.847322]],[[0.254767,0.779333,-0.572481],[-0.498394,-0.401503,-0.768374],[-0.828672,0.481077,0.286125]],[[0.254767,0.779333,-0.572481],[0.828275,-0.481397,-0.286737],[-0.499054,-0.40112,-0.768146]],[[0.254767,0.779333,-0.572481],[0.950974,-0.0945774,0.294454],[0.175334,-0.619431,-0.765221]]],"btipPosition":[26.5372,159.684,13.3844],"carpPosition":[-2.22447,191.367,50.9462],"dipPosition":[29.611,148.825,-0.0306663],"direction":[0.499054,0.40112,0.768146],"extended":false,"handId":134,"id":1342,"length":62.5098,"mcpPosition":[-20.8899,159.816,-7.54225],"pipPosition":[16.372,138.184,-20.4081],"stabilizedTipPosition":[24.342,156.082,10.1832],"timeVisible":7.9695,"tipPosition":[27.1868,156.922,10.0181],"tipVelocity":[0.0626915,10.6582,-11.0352],"tool":false,"touchDistance":0.333333,"touchZone":"none","type":2,"width":20.456},{"bases":[[[0.377157,0.836343,-0.397849],[-0.892834,0.442514,0.0838393],[0.246172,0.323593,0.913612]],[[0.361716,0.815434,-0.451917],[-0.497011,-0.241448,-0.833476],[-0.788759,0.52609,0.317944]],[[0.361716,0.815434,-0.451917],[0.788363,-0.526282,-0.318607],[-0.497639,-0.241029,-0.833223]],[[0.361716,0.815434,-0.451917],[0.914511,-0.216136,0.341986],[0.181192,-0.536985,-0.823903]]],"btipPosition":[27.3389,174.708,10.0418],"carpPosition":[0.0166663,201.102,44.0215],"dipPosition":[30.4971,165.348,-4.31895],"direction":[0.497639,0.241029,0.833223],"extended":false,"handId":134,"id":1343,"length":60.1048,"mcpPosition":[-15.2399,181.048,-12.5996],"pipPosition":[17.6366,159.119,-25.8519],"stabilizedTipPosition":[25.0559,171.611,6.60593],"timeVisible":7.9695,"tipPosition":[28.5356,172.123,6.33022],"tipVelocity":[-0.0397656,10.205,-10.0022],"tool":false,"touchDistance":0.333333,"touchZone":"none","type":3,"width":19.4652},{"bases":[[[0.545416,0.783484,-0.297782],[-0.798023,0.594048,0.101322],[0.256281,0.182374,0.949242]],[[0.502131,0.748441,-0.433245],[-0.549113,-0.11109,-0.828332],[-0.668086,0.653832,0.355197]],[[0.502131,0.748441,-0.433245],[0.667649,-0.65392,-0.355857],[-0.549645,-0.110569,-0.828049]],[[0.502131,0.748441,-0.433245],[0.864461,-0.420561,0.275381],[0.0239002,-0.512801,-0.858175]]],"btipPosition":[26.2804,188.131,0.863161],"carpPosition":[9.30082,209.898,38.1292],"dipPosition":[26.6647,179.885,-12.9364],"direction":[0.549645,0.110569,0.828049],"extended":false,"handId":134,"id":1344,"length":47.1211,"mcpPosition":[-5.40194,199.435,-16.3285],"pipPosition":[16.6358,177.868,-28.0451],"stabilizedTipPosition":[22.7476,185.176,-2.35256],"timeVisible":7.9695,"tipPosition":[26.4492,185.807,-2.80799],"tipVelocity":[-1.35552,11.7255,-7.71598],"tool":false,"touchDistance":0.333333,"touchZone":"none","type":4,"width":17.2905}],"r":[[0.464578,0.83792,-0.286458],[-0.87914,0.475225,-0.0357054],[0.106214,0.268424,0.95742