{"frames":59,"data":[{"currentFrameRate":113.394,"devices":[],"gestures":[],"hands":[{"armBasis":[[-0.365294,-0.919415,0.14573],[0.813471,-0.39139,-0.430208],[0.452576,-0.0386052,0.89089]],"armWidth":66.9139,"confidence":1,"direction":[-0.274872,0.433536,-0.858191],"elbow":[152.493,123.975,287.11],"grabAngle":3.14159,"grabStrength":1,"id":131,"palmNormal":[-0.807086,0.38106,0.451005],"palmPosition":[9.43713,170.406,-12.0967],"palmVelocity":[-3.63977,-10.2676,2.64365],"palmWidth":90.0241,"pinchDistance":24.9344,"pinchStrength":0.760282,"r":[[-0.0434186,0.647434,0.760884],[0.336776,0.726511,-0.598968],[-0.940583,0.230241,-0.249584]],"s":1.25136,"sphereCenter":[-21.9917,191.423,-9.55692],"sphereRadius":36.9416,"stabilizedPalmPosition":[9.83984,171.991,-12.1135],"t":[5.39412,-27.7207,-40.7848],"timeVisible":2.10715,"type":"right","wrist":[31.5943,134.288,49.1236]}],"id":86311,"interactionBox":{"center":[0,200,0],"size":[235.247,235.247,147.751]},"pointables":[{"bases":[[[0.457971,-0.584833,-0.669503],[0.888757,0.317588,0.330528],[0.0193226,-0.746397,0.66522]],[[0.415103,-0.251793,-0.874237],[0.885718,0.331364,0.325117],[0.207828,-0.909285,0.360568]],[[0.415103,-0.251793,-0.874237],[0.692458,0.710705,0.124097],[0.590078,-0.656885,0.469372]],[[0.415103,-0.251793,-0.874237],[0.42112,0.904972,-0.06069],[0.806441,-0.342966,0.481692]]],"btipPosition":[-15.9635,238.382,1.36263],"carpPosition":[30.6766,165.093,44.6166],"dipPosition":[1.64354,230.894,11.8794],"direction":[-0.590078,0.656885,-0.469372],"extended":false,"handId":131,"id":1310,"length":48.619,"mcpPosition":[30.6766,165.093,44.6166],"pipPosition":[20.4125,210,26.809],"stabilizedTipPosition":[-10.472,238.921,4.3847],"timeVisible":2.10715,"tipPosition":[-11.1872,235.881,1.90212],"tipVelocity":[0.202693,-12.3424,8.87651],"tool":false,"touchDistance":0.30518,"touchZone":"hovering","type":0,"width":21.805},{"bases":[[[-0.561283,-0.732218,-0.385769],[0.770976,-0.293108,-0.565406],[0.300929,-0.614772,0.729039]],[[-0.485848,-0.844692,-0.224602],[-0.121718,0.319852,-0.939617],[0.865527,-0.429173,-0.258213]],[[-0.485848,-0.844692,-0.224602],[-0.868744,0.438433,0.230348],[-0.0961004,0.307036,-0.946833]],[[-0.485848,-0.844692,-0.224602],[-0.531425,0.0814645,0.843179],[-0.69393,0.529016,-0.48847]]],"btipPosition":[-4.15594,202.389,11.2683],"carpPosition":[39.2105,155.794,24.8497],"dipPosition":[-15.2165,210.821,3.48253],"direction":[0.0961004,-0.307036,0.946833],"extended":false,"handId":131,"id":1311,"length":54.8611,"mcpPosition":[17.3063,200.543,-28.2161],"pipPosition":[-17.3834,217.744,-17.867],"stabilizedTipPosition":[-5.88254,206.574,9.88093],"timeVisible":2.10715,"tipPosition":[-7.78298,206.791,7.09035],"tipVelocity":[-2.94633,-9.84022,6.29335],"tool":false,"touchDistance":0.333333,"touchZone":"none","type":1,"width":20.8281},{"bases":[[[-0.638619,-0.747776,-0.181649],[0.671405,-0.426104,-0.606342],[0.376007,-0.509182,0.774179]],[[-0.614923,-0.776963,-0.134899],[-0.354049,0.424864,-0.83315],[0.704641,-0.464563,-0.536342]],[[-0.614923,-0.776963,-0.134899],[-0.706709,0.467051,0.531437],[-0.349902,0.422127,-0.836288]],[[-0.614923,-0.776963,-0.134899],[-0.27524,0.0511567,0.960013],[-0.738994,0.627464,-0.245309]]],"btipPosition":[-1.83277,180.673,15.9865],"carpPosition":[33.5693,146.835,18.8234],"dipPosition":[-14.788,191.673,11.686],"direction":[0.349902,-0.422127,0.836288],"extended":false,"handId":131,"id":1312,"length":62.5098,"mcpPosition":[7.61449,181.982,-34.6161],"pipPosition":[-24.0702,202.872,-10.4991],"stabilizedTipPosition":[-4.51284,185.394,15.4127],"timeVisible":2.10715,"tipPosition":[-8.50085,187.701,11.7413],"tipVelocity":[-2.17015,-11.5932,4.45372],"tool":false,"touchDistance":0.333333,"touchZone":"none","type":2,"width":20.456},{"bases":[[[-0.62511,-0.780293,-0.0195131],[0.635707,-0.494455,-0.592783],[0.452896,-0.382959,0.805126]],[[-0.596828,-0.801852,0.0288006],[-0.442169,0.298735,-0.845721],[0.669539,-0.517484,-0.532848]],[[-0.596828,-0.801852,0.0288006],[-0.685653,0.528325,0.500752],[-0.416745,0.279115,-0.865112]],[[-0.596828,-0.801852,0.0288006],[-0.201252,0.184348,0.962036],[-0.77672,0.568374,-0.271398]]],"btipPosition":[-5.52913,166.007,14.8575],"carpPosition":[26.138,137.824,15.4579],"dipPosition":[-19.0675,175.914,10.127],"direction":[0.416745,-0.279115,0.865112],"extended":false,"handId":131,"id":1313,"length":60.1048,"mcpPosition":[-1.93018,161.558,-34.4399],"pipPosition":[-29.8374,183.127,-12.2301],"stabilizedTipPosition":[-8.4038,170.418,14.2022],"timeVisible":2.10715,"tipPosition":[-13.4327,171.767,11.2248],"tipVelocity":[-2.5121,-11.5802,3.94314],"tool":false,"touchDistance":0.333333,"touchZone":"none","type":3,"width":19.4652},{"bases":[[[-0.664878,-0.726875,0.172018],[0.568238,-0.641678,-0.515126],[0.484812,-0.244749,0.839676]],[[-0.718134,-0.692349,0.0702611],[-0.36053,0.283787,-0.888529],[0.595232,-0.663414,-0.45341]],[[-0.718134,-0.692349,0.0702611],[-0.60869,0.673862,0.418816],[-0.337313,0.257999,-0.905349]],[[-0.718134,-0.692349,0.0702611],[-0.21918,0.320851,0.92142],[-0.660487,0.646303,-0.382163]]],"btipPosition":[-16.0105,150.862,7.34581],"carpPosition":[14.6621,130.037,17.897],"dipPosition":[-26.6312,161.255,1.20059],"direction":[0.337313,-0.257999,0.905349],"extended":false,"handId":131,"id":1314,"length":47.1211,"mcpPosition":[-13.1514,144.079,-30.275],"pipPosition":[-32.7859,165.962,-15.3186],"stabilizedTipPosition":[-18.5639,155.523,6.33235],"timeVisible":2.10715,"tipPosition":[-20.239,157.834,4.15453],"tipVelocity":[-4.08115,-9.88411,3.32219],"tool":false,"touchDistance":0.333333,"touchZone":"none","type":4,"width":17.2905}],"r":[[-0.0434186,0.647434,0.760884],[0.336776,0.726511,-0.598968],[-0.940583,0.230241,-0.249584]],"s":1.25136,"t":[5.39412,-27.7207,-40.7848],"timestamp":17826948820},{"currentFrameRate":113.397,"devices":[],"gestures":[],"hands":[{"armBasis":[[-0.365265,-0.919359,0.146153],[0.813202,-0.391539,-0.430582],[0.453084,-0.038424,0.890639]],"armWidth":66.9139,"confidence":1,"direction":[-0.275079,0.434062,-0.857859],"elbow":[152.618,123.924,287.048],"grabAngle":3.14159,"grabStrength":1,"id":131,"palmNormal":[-0.806764,0.381117,0.451533],"palmPosition":[9.41193,170.337,-12.0661],"palmVelocity":[-2.85858,-7.8294,3.46725],"palmWidth":90.0241,"pinchDistance":24.9144,"pinchStrength":0.761236,"r":[[-0.0439566,0.6473,0.760967],[0.336268,0.726844,-0.59885],[-0.94074,0.229566,-0.249616]],"s":1.25124,"sphereCenter":[-22.0118,191.361,-9.5022],"sphereRadius":36.9403,"stabilizedPalmPosition":[9.83717,171.981,-12.1132],"t":[5.36836,-27.7971,-40.7563],"timeVisible":2.11597,"type":"right","wrist":[31.5844,134.189,49.128]}],"id":86312,"interactionBox":{"center":[0,200,0],"size":[235.247,235.247,147.751]},"pointables":[{"bases":[[[0.457485,-0.584657,-0.669987],[0.889007,0.317111,0.330315],[0.019339,-0.746737,0.664838]],[[0.414679,-0.251643,-0.874481],[0.88597,0.330895,0.324908],[0.207601,-0.909496,0.360164]],[[0.414679,-0.251643,-0.874481],[0.692745,0.710431,0.124064],[0.590039,-0.657239,0.468926]],[[0.414679,-0.251643,-0.874481],[0.420943,0.905045,-0.0608274],[0.806752,-0.342883,0.481231]]],"btipPosition":[-15.9612,238.297,1.42581],"carpPosition":[30.6733,164.988,44.6356],"dipPosition":[1.65267,230.811,11.9326],"direction":[-0.590039,0.657239,-0.468926],"extended":false,"handId":131,"id":1310,"length":48.619,"mcpPosition":[30.6733,164.988,44.6356],"pipPosition":[20.4203,209.906,26.8479],"stabilizedTipPosition":[-10.4842,238.901,4.38007],"timeVisible":2.11597,"tipPosition":[-11.1846,235.813,1.97648],"tipVelocity":[0.443497,-9.59435,6.90586],"tool":false,"touchDistance":0.306194,"touchZone":"hovering","type":0,"width":21.805},{"bases":[[[-0.561701,-0.731828,-0.385901],[0.770636,-0.293095,-0.565875],[0.301018,-0.615242,0.728605]],[[-0.486101,-0.844559,-0.224557],[-0.121557,0.319805,-0.939653],[0.865407,-0.42947,-0.25812]],[[-0.486101,-0.844559,-0.224557],[-0.868621,0.43873,0.230248],[-0.0959386,0.306979,-0.946869]],[[-0.486101,-0.844559,-0.224557],[-0.531605,0.0818242,0.843031],[-0.693615,0.529173,-0.488747]]],"btipPosition":[-4.18119,202.336,11.3121],"carpPosition":[39.1956,155.697,24.8605],"dipPosition":[-15.2367,210.77,3.52194],"direction":[0.0959386,-0.306979,0.946869],"extended":false,"handId":131,"id":1311,"length":54.8611,"mcpPosition":[17.2849,200.479,-28.1737],"pipPosition":[-17.4,217.692,-17.8284],"stabilizedTipPosition":[-5.88884,206.557,9.87823],"timeVisible":2.11597,"tipPosition":[-7.78515,206.713,7.15132],"tipVelocity":[-2.73478,-5.95047,4.85581],"tool":false,"touchDistance":0.333333,"touchZone":"none","type":1,"width":20.8281},{"bases":[[[-0.638957,-0.747461,-0.181756],[0.671002,-0.426036,-0.606836],[0.376152,-0.509701,0.773766]],[[-0.615252,-0.77668,-0.135031],[-0.354207,0.425379,-0.832821],[0.704275,-0.464566,-0.53682]],[[-0.615252,-0.77668,-0.135031],[-0.706351,0.467066,0.5319],[-0.350048,0.422632,-0.835972]],[[-0.615252,-0.77668,-0.135031],[-0.274819,0.0507708,0.960154],[-0.738877,0.627846,-0.244684]]],"btipPosition":[-1.84502,180.596,16.0258],"carpPosition":[33.5487,146.742,18.8321],"dipPosition":[-14.7982,191.603,11.7363],"direction":[0.350048,-0.422632,0.835972],"extended":false,"handId":131,"id":1312,"length":62.5098,"mcpPosition":[7.58394,181.925,-34.579],"pipPosition":[-24.0843,202.815,-10.4405],"stabilizedTipPosition":[-4.51526,185.376,15.4098],"timeVisible":2.11597,"tipPosition":[-8.50918,187.625,11.7887],"tipVelocity":[-1.33643,-8.56527,4.7426],"tool":false,"touchDistance":0.333333,"touchZone":"none","type":2,"width":20.456},{"bases":[[[-0.625392,-0.780064,-0.0196424],[0.635285,-0.494381,-0.593296],[0.453098,-0.383521,0.804745]],[[-0.597097,-0.801657,0.0286486],[-0.442466,0.299351,-0.845348],[0.669103,-0.517431,-0.533447]],[[-0.597097,-0.801657,0.0286486],[-0.685273,0.528324,0.501273],[-0.416985,0.279677,-0.864815]],[[-0.597097,-0.801657,0.0286486],[-0.200813,0.183957,0.962203],[-0.776627,0.568775,-0.270823]]],"btipPosition":[-5.54402,165.93,14.8956],"carpPosition":[26.1129,137.735,15.4651],"dipPosition":[-19.0808,175.844,10.1752],"direction":[0.416985,-0.279677,0.864815],"extended":false,"handId":131,"id":1313,"length":60.1048,"mcpPosition":[-1.96782,161.504,-34.409],"pipPosition":[-29.8569,183.071,-12.1742],"stabilizedTipPosition":[-8.40569,170.402,14.1993],"timeVisible":2.11597,"tipPosition":[-13.4465,171.693,11.2662],"tipVelocity":[-1.64701,-8.61812,4.5916],"tool":false,"touchDistance":0.333333,"touchZone":"none","type":3,"width":19.4652},{"bases":[[[-0.665061,-0.726728,0.171932],[0.567798,-0.641619,-0.515685],[0.485077,-0.245339,0.83935]],[[-0.718347,-0.692132,0.0702146],[-0.360802,0.284359,-0.888235],[0.59481,-0.663395,-0.453991]],[[-0.718347,-0.692132,0.0702146],[-0.608376,0.67394,0.419145],[-0.337424,0.258375,-0.9052]],[[-0.718347,-0.692132,0.0702146],[-0.218871,0.320651,0.921563],[-0.660358,0.646635,-0.381826]]],"btipPosition":[-16.0387,150.797,7.38367],"carpPosition":[14.6353,129.952,17.9051],"dipPosition":[-26.6573,161.195,1.24388],"direction":[0.337424,-0.258375,0.9052],"extended":false,"handId":131,"id":1314,"length":47.1211,"mcpPosition":[-13.1934,144.027,-30.2481],"pipPosition":[-32.814,165.91,-15.2726],"stabilizedTipPosition":[-18.5633,155.505,6.32966],"timeVisible":2.11597,"tipPosition":[-20.2608,157.765,4.19218],"tipVelocity":[-3.13883,-7.21123,4.43703],"tool":false,"touchDistance":0.333333,"touchZone":"none","type":4,"width":17.2905}],"r":[[-0.0439566,0.6473,0.760967],[0.336268,0.726844,-0.59885],[-0.94074,0.229566,-0.249616]],"s":1.25124,"t":[5.36836,-27.7971,-40.7563],"timestamp":17826957634},{"currentFrameRate":113.491,"devices":[],"gestures":[],"hands":[{"armBasis":[[-0.36605,-0.918885,0.147165],[0.812569,-0.392682,-0.430734],[0.453585,-0.0380886,0.890399]],"armWidth":66.9139,"confidence":1,"direction":[-0.275722,0.434065,-0.85765],"elbow":[152.769,123.877,286.998],"grabAngle":3.14159,"grabStrength":1,"id":131,"palmNormal":[-0.805909,0.381919,0.452381],"palmPosition":[9.39304,170.198,-12.0392],"palmVelocity":[-2.18421,-16.1228,3.1132],"palmWidth":90.0241,"pinchDistance":24.8911,"pinchStrength":0.762239,"r":[[-0.0440984,0.647241,0.761009],[0.335844,0.727021,-0.598873],[-0.940885,0.229171,-0.249432]],"s":1.25115,"sphereCenter":[-22.0168,191.243,-9.4438],"sphereRadius":36.9386,"stabilizedPalmPosition":[9.83441,171.97,-12.1127],"t":[5.34604,-27.9049,-40.7285],"timeVisible":2.12461,"type":"right","wrist":[31.6016,134.052,49.1421]}],"id":86313,"interactionBox":{"center":[0,200,0],"size":[235.247,235.247,147.751]},"pointables":[{"bases":[[[0.456202,-0.585222,-0.670369],[0.889663,0.316448,0.329183],[0.0194918,-0.746576,0.665014]],[[0.413465,-0.252363,-0.874848],[0.886609,0.330335,0.323733],[0.207295,-0.909501,0.360329]],[[0.413465,-0.252363,-0.874848],[0.693426,0.709966,0.122922],[0.590091,-0.657466,0.468541]],[[0.413465,-0.252363,-0.874848],[0.421263,0.904823,-0.061915],[0.807208,-0.342941,0.480424]]],"btipPosition":[-15.9143,238.164,1.4508],"carpPosition":[30.7166,164.846,44.6389],"dipPosition":[1.70949,230.676,11.9399],"direction":[-0.590091,0.657466,-0.468541],"extended":false,"handId":131,"id":1310,"length":48.619,"mcpPosition":[30.7166,164.846,44.6389],"pipPosition":[20.4788,209.764,26.843],"stabilizedTipPosition":[-10.4961,238.88,4.37561],"timeVisible":2.12461,"tipPosition":[-11.1327,235.696,2.0129],"tipVelocity":[5.68342,-15.475,2.42044],"tool":false,"touchDistance":0.306543,"touchZone":"hovering","type":0,"width":21.805},{"bases":[[[-0.562772,-0.731456,-0.385044],[0.769722,-0.293896,-0.566704],[0.301357,-0.615302,0.728414]],[[-0.486852,-0.844453,-0.223325],[-0.122028,0.318918,-0.939894],[0.864919,-0.430337,-0.258313]],[[-0.486852,-0.844453,-0.223325],[-0.868132,0.439525,0.230575],[-0.0965532,0.306132,-0.94708]],[[-0.486852,-0.844453,-0.223325],[-0.531069,0.0831737,0.843237],[-0.693499,0.529132,-0.488956]]],"btipPosition":[-4.16202,202.24,11.3375],"carpPosition":[39.2078,155.542,24.8562],"dipPosition":[-15.2157,210.674,3.54406],"direction":[0.0965532,-0.306132,0.94708],"extended":false,"handId":131,"id":1311,"length":54.8611,"mcpPosition":[17.2725,200.329,-28.1641],"pipPosition":[-17.3928,217.576,-17.8111],"stabilizedTipPosition":[-5.89485,206.539,9.87578],"timeVisible":2.12461,"tipPosition":[-7.74851,206.589,7.19364],"tipVelocity":[2.26596,-11.102,2.85445],"tool":false,"touchDistance":0.333333,"touchZone":"none","type":1,"width":20.8281},{"bases":[[[-0.639802,-0.74697,-0.180803],[0.669926,-0.426764,-0.607512],[0.376633,-0.509812,0.773459]],[[-0.616066,-0.776196,-0.134098],[-0.35471,0.425377,-0.832608],[0.703309,-0.465375,-0.537385]],[[-0.616066,-0.776196,-0.134098],[-0.705416,0.467909,0.5324],[-0.350501,0.422589,-0.835804]],[[-0.616066,-0.776196,-0.134098],[-0.273754,0.0513517,0.960428],[-0.738594,0.628397,-0.244123]]],"btipPosition":[-1.83017,180.48,16.0629],"carpPosition":[33.5463,146.59,18.8369],"dipPosition":[-14.7784,191.497,11.7832],"direction":[0.350501,-0.422589,0.835804],"extended":false,"handId":131,"id":1312,"length":62.5098,"mcpPosition":[7.54831,181.781,-34.553],"pipPosition":[-24.0765,202.707,-10.3891],"stabilizedTipPosition":[-4.51745,185.359,15.4073],"timeVisible":2.12461,"tipPosition":[-8.48286,187.504,11.8343],"tipVelocity":[1.84853,-13.1581,4.54986],"tool":false,"touchDistance":0.333333,"touchZone":"none","type":2,"width":20.456},{"bases":[[[-0.626073,-0.77954,-0.0186971],[0.634168,-0.495075,-0.593912],[0.453722,-0.383689,0.804313]],[[-0.597739,-0.801145,0.0295664],[-0.443224,0.299511,-0.844894],[0.668027,-0.518131,-0.534116]],[[-0.597739,-0.801145,0.0295664],[-0.684287,0.529071,0.501832],[-0.417683,0.279733,-0.86446]],[[-0.597739,-0.801145,0.0295664],[-0.199609,0.184446,0.96236],[-0.776443,0.569338,-0.270166]]],"btipPosition":[-5.53699,165.812,14.9456],"carpPosition":[26.0989,137.589,15.4811],"dipPosition":[-19.0705,175.736,10.2366],"direction":[0.417683,-0.279733,0.86446],"extended":false,"handId":131,"id":1313,"length":60.1048,"mcpPosition":[-2.02048,161.368,-34.3663],"pipPosition":[-29.8647,182.965,-12.1036],"stabilizedTipPosition":[-8.4074,170.386,14.1969],"timeVisible":2.12461,"tipPosition":[-13.4353,171.578,11.3204],"tipVelocity":[0.897579,-13.3674,6.08281],"tool":false,"touchDistance":0.333333,"touchZone":"none","type":3,"width":19.4652},{"bases":[[[-0.665471,-0.726121,0.172909],[0.566648,-0.642235,-0.516182],[0.485858,-0.245525,0.838844]],[[-0.718848,-0.691506,0.0712459],[-0.361608,0.284427,-0.887886],[0.593715,-0.664018,-0.454514]],[[-0.718848,-0.691506,0.0712459],[-0.607387,0.674622,0.419482],[-0.338139,0.25827,-0.904963]],[[-0.718848,-0.691506,0.0712459],[-0.217678,0.321241,0.92164],[-0.660207,0.647011,-0.381449]]],"btipPosition":[-16.0544,150.688,7.45115],"carpPosition":[14.6176,129.816,17.9367],"dipPosition":[-26.6706,161.092,1.31741],"direction":[0.338139,-0.25827,0.904963],"extended":false,"handId":131,"id":1314,"length":47.1211,"mcpPosition":[-13.2559,143.901,-30.1875],"pipPosition":[-32.8404,165.805,-15.1948],"stabilizedTipPosition":[-18.5628,155.489,6.32772],"timeVisible":2.12461,"tipPosition":[-20.2704,157.653,4.25819],"tipVelocity":[-1.75719,-12.4151,7.96289],"tool":false,"touchDistance":0.333333,"touchZone":"none","type":4,"width":17.2905}],"r":[[-0.0440984,0.647241,0.761009],[0.335844,0.727021,-0.598873],[-0.940885,0.229171,-0.249432]],"s":1.25115,"t":[5.34604,-27.9049,-40.7285],"timestamp":17826966283},{"currentFrameRate":113.536,"devices":[],"gestures":[],"hands":[{"armBasis":[[-0.366797,-0.918436,0.148106],[0.811933,-0.393758,-0.430953],[0.45412,-0.0378205,0.890137]],"armWidth":66.9139,"confidence":1,"direction":[-0.276297,0.433757,-0.857622],"elbow":[152.921,123.844,286.917],"grabAngle":3.14159,"grabStrength":1,"id":131,"palmNormal":[-0.80514,0.382807,0.453],"palmPosition":[9.36837,170.072,-12.05],"palmVelocity":[-2.82638,-14.4339,-1.24405],"palmWidth":90.0241,"pinchDistance":24.8709,"pinchStrength":0.76319,"r":[[-0.0439525,0.647293,0.760973],[0.335488,0.727039,-0.599051],[-0.941018,0.228968,-0.249114]],"s":1.25108,"sphereCenter":[-22.0339,191.134,-9.43445],"sphereRadius":36.938,"stabilizedPalmPosition":[9.83143,171.958,-12.1123],"t":[5.32254,-28.0219,-40.7201],"timeVisible":2.13334,"type":"right","wrist":[31.6098,133.947,49.1316]}],"id":86314,"interactionBox":{"center":[0,200,0],"size":[235.247,235.247,147.751]},"pointables":[{"bases":[[[0.455048,-0.585975,-0.670495],[0.89025,0.315968,0.328052],[0.0196248,-0.746188,0.665446]],[[0.412339,-0.253158,-0.87515],[0.887154,0.330061,0.322517],[0.207206,-0.909379,0.360687]],[[0.412339,-0.253158,-0.87515],[0.694002,0.70961,0.121717],[0.590202,-0.657545,0.468292]],[[0.412339,-0.253158,-0.87515],[0.421455,0.90465,-0.0631173],[0.807684,-0.34281,0.479717]]],"btipPosition":[-15.8928,238.049,1.42634],"carpPosition":[30.7477,164.738,44.6087],"dipPosition":[1.74141,230.565,11.9],"direction":[-0.590202,0.657545,-0.468292],"extended":false,"handId":131,"id":1310,"length":48.619,"mcpPosition":[30.7477,164.738,44.6087],"pipPosition":[20.5143,209.65,26.7952],"stabilizedTipPosition":[-10.5079,238.857,4.37087],"timeVisible":2.13334,"tipPosition":[-11.0938,235.595,1.98685],"tipVelocity":[2.73956,-13.024,-3.20849],"tool":false,"touchDistance":0.306077,"touchZone":"hovering","type":0,"width":21.805},{"bases":[[[-0.563736,-0.73126,-0.384007],[0.768899,-0.294826,-0.567338],[0.301656,-0.615091,0.728469]],[[-0.487643,-0.844312,-0.222131],[-0.122203,0.317938,-0.940203],[0.864448,-0.431338,-0.258218]],[[-0.487643,-0.844312,-0.222131],[-0.867673,0.440517,0.230407],[-0.0966829,0.305093,-0.947402]],[[-0.487643,-0.844312,-0.222131],[-0.53094,0.0848249,0.843154],[-0.693042,0.529096,-0.489643]]],"btipPosition":[-4.16627,202.162,11.3145],"carpPosition":[39.2109,155.415,24.8227],"dipPosition":[-15.2127,210.595,3.51008],"direction":[0.0966829,-0.305093,0.947402],"extended":false,"handId":131,"id":1311,"length":54.8611,"mcpPosition":[17.2537,200.187,-28.2015],"pipPosition":[-17.3927,217.475,-17.8523],"stabilizedTipPosition":[-5.90078,206.522,9.87318],"timeVisible":2.13334,"tipPosition":[-7.72265,206.481,7.18453],"tipVelocity":[-0.295433,-8.91249,-2.92679],"tool":false,"touchDistance":0.333333,"touchZone":"none","type":1,"width":20.8281},{"bases":[[[-0.640561,-0.746591,-0.179676],[0.668959,-0.427642,-0.60796],[0.37706,-0.509632,0.77337]],[[-0.616798,-0.775807,-0.132978],[-0.355114,0.425044,-0.832605],[0.702463,-0.466327,-0.537666]],[[-0.616798,-0.775807,-0.132978],[-0.704625,0.468923,0.532555],[-0.350804,0.422179,-0.835884]],[[-0.616798,-0.775807,-0.132978],[-0.272908,0.052317,0.960617],[-0.738296,0.628798,-0.243993]]],"btipPosition":[-1.82893,180.389,16.0595],"carpPosition":[33.5362,146.464,18.8148],"dipPosition":[-14.7719,191.412,11.7821],"direction":[0.350804,-0.422179,0.835884],"extended":false,"handId":131,"id":1312,"length":62.5098,"mcpPosition":[7.50871,181.643,-34.5689],"pipPosition":[-24.0781,202.612,-10.3923],"stabilizedTipPosition":[-4.51964,185.34,15.4048],"timeVisible":2.13334,"tipPosition":[-8.46564,187.402,11.8349],"tipVelocity":[0.28034,-10.3036,-0.331304],"tool":false,"touchDistance":0.333333,"touchZone":"none","type":2,"width":20.456},{"bases":[[[-0.626686,-0.779074,-0.0175645],[0.633164,-0.495918,-0.59428],[0.454278,-0.383548,0.804066]],[[-0.598318,-0.800671,0.0306821],[-0.443866,0.299322,-0.844624],[0.667082,-0.518972,-0.53448]],[[-0.598318,-0.800671,0.0306821],[-0.683433,0.529949,0.50207],[-0.418253,0.279428,-0.864283]],[[-0.598318,-0.800671,0.0306821],[-0.19863,0.18531,0.962396],[-0.776249,0.569725,-0.269911]]],"btipPosition":[-5.54122,165.717,14.9583],"carpPosition":[26.0785,137.467,15.4723],"dipPosition":[-19.0714,175.648,10.2537],"direction":[0.418253,-0.279428,0.864283],"extended":false,"handId":131,"id":1313,"length":60.1048,"mcpPosition":[-2.07543,161.238,-34.3597],"pipPosition":[-29.8803,182.869,-12.0819],"stabilizedTipPosition":[-8.40914,170.369,14.1946],"timeVisible":2.13334,"tipPosition":[-13.4319,171.482,11.334],"tipVelocity":[-0.395663,-10.6568,1.5699],"tool":false,"touchDistance":0.333333,"touchZone":"none","type":3,"width":19.4652},{"bases":[[[-0.665841,-0.725508,0.174051],[0.565614,-0.642979,-0.51639],[0.486556,-0.245388,0.838479]],[[-0.719299,-0.690915,0.072423],[-0.362328,0.284165,-0.887676],[0.592728,-0.664746,-0.454737]],[[-0.719299,-0.690915,0.072423],[-0.606473,0.675372,0.419599],[-0.33882,0.257895,-0.904816]],[[-0.719299,-0.690915,0.072423],[-0.216622,0.322123,0.921581],[-0.660063,0.647204,-0.38137]]],"btipPosition":[-16.0756,150.596,7.48353],"carpPosition":[14.5938,129.704,17.9447],"dipPosition":[-26.6895,161.004,1.35107],"direction":[0.33882,-0.257895,0.904816],"extended":false,"handId":131,"id":1314,"length":47.1211,"mcpPosition":[-13.3198,143.782,-30.1586],"pipPosition":[-32.8717,165.709,-15.1584],"stabilizedTipPosition":[-18.5625,155.472,6.32603],"timeVisible":2.13334,"tipPosition":[-20.2868,157.558,4.2868],"tipVelocity":[-2.3676,-10.4537,3.74263],"tool":false,"touchDistance":0.333333,"touchZone":"none","type":4,"width":17.2905}],"r":[[-0.0439525,0.647293,0.760973],[0.335488,0.727039,-0.599051],[-0.941018,0.228968,-0.249114]],"s":1.25108,"t":[5.32254,-28.0219,-40.7201],"timestamp":17826975013},{"currentFrameRate":113.636,"devices":[],"gestures":[],"hands":[{"armBasis":[[-0.36624,-0.918607,0.148426],[0.811894,-0.393392,-0.431359],[0.454638,-0.0374748,0.889887]],"armWidth":66.9139,"confidence":1,"direction":[-0.276269,0.433131,-0.857947],"elbow":[153.037,123.9,286.876],"grabAngle":3.14159,"grabStrength":1,"id":131,"palmNormal":[-0.805339,0.382849,0.452609],"palmPosition":[9.33911,169.994,-12.047],"palmVelocity":[-3.39047,-9.0302,0.34732],"palmWidth":90.0241,"pinchDistance":24.858,"pinchStrength":0.763832,"r":[[-0.0439032,0.647428,0.760861],[0.335182,0.726998,-0.599272],[-0.94113,0.228717,-0.248924]],"s":1.25102,"sphereCenter":[-22.0776,191.043,-9.45058],"sphereRadius":36.9382,"stabilizedPalmPosition":[9.8283,171.945,-12.1119],"t":[5.29616,-28.1193,-40.7144],"timeVisible":2.14197,"type":"right","wrist":[31.5874,133.91,49.1574]}],"id":86315,"interactionBox":{"center":[0,200,0],"size":[235.247,235.247,147.751]},"pointables":[{"bases":[[[0.455349,-0.586261,-0.670041],[0.890094,0.316445,0.328017],[0.0197271,-0.745762,0.66592]],[[0.412562,-0.253516,-0.874941],[0.886968,0.330648,0.322428],[0.207557,-0.909066,0.361273]],[[0.412562,-0.253516,-0.874941],[0.693696,0.709966,0.121385],[0.590405,-0.657022,0.468768]],[[0.412562,-0.253516,-0.874941],[0.420798,0.904909,-0.0637797],[0.807912,-0.341861,0.480011]]],"btipPosition":[-15.9597,237.961,1.38611],"carpPosition":[30.7096,164.702,44.619],"dipPosition":[1.67948,230.497,11.8662],"direction":[-0.590405,0.657022,-0.468768],"extended":false,"handId":131,"id":1310,"length":48.619,"mcpPosition":[30.7096,164.702,44.619],"pipPosition":[20.4588,209.599,26.7766],"stabilizedTipPosition":[-10.5197,238.835,4.36599],"timeVisible":2.14197,"tipPosition":[-11.1463,235.521,1.94675],"tipVelocity":[-7.62141,-9.69968,-4.49169],"tool":false,"touchDistance":0.305431,"touchZone":"hovering","type":0,"width":21.805},{"bases":[[[-0.563444,-0.731673,-0.383649],[0.769093,-0.294952,-0.567009],[0.301707,-0.614539,0.728913]],[[-0.487421,-0.844518,-0.221831],[-0.121499,0.31718,-0.94055],[0.864672,-0.431492,-0.257208]],[[-0.487421,-0.844518,-0.221831],[-0.867882,0.440666,0.229334],[-0.0959231,0.304305,-0.947733]],[[-0.487421,-0.844518,-0.221831],[-0.531864,0.0856729,0.842485],[-0.692489,0.528629,-0.490927]]],"btipPosition":[-4.23657,202.108,11.2874],"carpPosition":[39.1793,155.37,24.8405],"dipPosition":[-15.2742,210.534,3.4625],"direction":[0.0959231,-0.304305,0.947733],"extended":false,"handId":131,"id":1311,"length":54.8611,"mcpPosition":[17.2184,200.101,-28.2161],"pipPosition":[-17.4371,217.395,-17.9073],"stabilizedTipPosition":[-5.90696,206.504,9.87046],"timeVisible":2.14197,"tipPosition":[-7.76451,206.406,7.16598],"tipVelocity":[-7.91165,-6.49991,-3.68708],"tool":false,"touchDistance":0.333333,"touchZone":"none","type":1,"width":20.8281},{"bases":[[[-0.640302,-0.746898,-0.179323],[0.669201,-0.427824,-0.607566],[0.377071,-0.509029,0.773762]],[[-0.616539,-0.776077,-0.132602],[-0.354989,0.424344,-0.833015],[0.702753,-0.466515,-0.537124]],[[-0.616539,-0.776077,-0.132602],[-0.704948,0.469145,0.531932],[-0.350611,0.421435,-0.83634]],[[-0.616539,-0.776077,-0.132602],[-0.273237,0.0529567,0.960488],[-0.738391,0.62841,-0.244703]]],"btipPosition":[-1.87402,180.331,16.055],"carpPosition":[33.5084,146.413,18.8372],"dipPosition":[-14.8187,191.348,11.7651],"direction":[0.350611,-0.421435,0.83634],"extended":false,"handId":131,"id":1312,"length":62.5098,"mcpPosition":[7.48012,181.55,-34.5736],"pipPosition":[-24.1197,202.528,-10.4214],"stabilizedTipPosition":[-4.52213,185.322,15.4023],"timeVisible":2.14197,"tipPosition":[-8.50228,187.331,11.8257],"tipVelocity":[-5.27058,-6.87497,-0.852429],"tool":false,"touchDistance":0.333333,"touchZone":"none","type":2,"width":20.456},{"bases":[[[-0.626447,-0.779274,-0.0171881],[0.633424,-0.496102,-0.59385],[0.454245,-0.382903,0.804392]],[[-0.598082,-0.800832,0.0310774],[-0.443819,0.298668,-0.84488],[0.667325,-0.5191,-0.534052]],[[-0.598082,-0.800832,0.0310774],[-0.683718,0.530081,0.501541],[-0.418124,0.278714,-0.864576]],[[-0.598082,-0.800832,0.0310774],[-0.198983,0.185945,0.962201],[-0.77634,0.569291,-0.270563]]],"btipPosition":[-5.57555,165.653,14.9659],"carpPosition":[26.054,137.412,15.499],"dipPosition":[-19.1073,175.576,10.2499],"direction":[0.418124,-0.278714,0.864576],"extended":false,"handId":131,"id":1313,"length":60.1048,"mcpPosition":[-2.09789,161.142,-34.3533],"pipPosition":[-29.9129,182.779,-12.0933],"stabilizedTipPosition":[-8.4111,170.352,14.1924],"timeVisible":2.14197,"tipPosition":[-13.4646,171.411,11.3326],"tipVelocity":[-4.02085,-7.63553,0.574944],"tool":false,"touchDistance":0.333333,"touchZone":"none","type":3,"width":19.4652},{"bases":[[[-0.665654,-0.725599,0.174386],[0.565903,-0.643135,-0.515879],[0.486475,-0.244711,0.838724]],[[-0.719104,-0.691086,0.0727265],[-0.362249,0.283495,-0.887922],[0.593013,-0.664854,-0.454208]],[[-0.719104,-0.691086,0.0727265],[-0.606788,0.675479,0.41897],[-0.33867,0.257154,-0.905083]],[[-0.719104,-0.691086,0.0727265],[-0.217053,0.3228,0.921243],[-0.660134,0.646684,-0.38213]]],"btipPosition":[-16.1046,150.526,7.49856],"carpPosition":[14.5712,129.646,17.9742],"dipPosition":[-26.7196,160.924,1.35389],"direction":[0.33867,-0.257154,0.905083],"extended":false,"handId":131,"id":1314,"length":47.1211,"mcpPosition":[-13.3377,143.685,-30.1431],"pipPosition":[-32.8991,165.617,-15.1605],"stabilizedTipPosition":[-18.5624,155.456,6.32443],"timeVisible":2.14197,"tipPosition":[-20.3147,157.48,4.29277],"tipVelocity":[-3.38534,-8.42302,1.41643],"tool":false,"touchDistance":0.333333,"touchZone":"none","type":4,"width":17.2905}],"r":[[-0.0439032,0.647428,0.760861],[0.335182,0.726998,-0.599272],[-0.94113,0.228717,-0.248924]],"s":1.25102,"t":[5.29616,-28.1193,-40.7144],"timestamp":17826983642},{"currentFrameRate":113.721,"devices":[],"gestures":[],"hands":[{"armBasis":[[-0.365595,-0.918817,0.148716],[0.81202,-0.392946,-0.431529],[0.454934,-0.037005,0.889756]],"armWidth":66.9139,"confidence":1,"direction":[-0.276599,0.431458,-0.858683],"elbow":[153.125,124.051,286.875],"grabAngle":3.14159,"grabStrength":1,"id":131,"palmNormal":[-0.805717,0.382872,0.451917],"palmPosition":[9.31814,169.912,-12.07],"palmVelocity":[-2.42538,-9.42294,-2.65929],"palmWidth":90.0241,"pinchDistance":24.8519,"pinchStrength":0.764153,"r":[[-0.0439915,0.64778,0.760556],[0.334814,0.726827,-0.599685],[-0.941257,0.228264,-0.24886]],"s":1.25095,"sphereCenter":[-22.1231,190.936,-9.51014],"sphereRadius":36.9387,"stabilizedPalmPosition":[9.82512,171.933,-12.1117],"t":[5.27249,-28.2088,-40.723],"timeVisible":2.15062,"type":"right","wrist":[31.5971,133.936,49.1907]}],"id":86316,"interactionBox":{"center":[0,200,0],"size":[235.247,235.247,147.751]},"pointables":[{"bases":[[[0.455927,-0.58696,-0.669036],[0.889785,0.317792,0.327554],[0.020353,-0.744639,0.667158]],[[0.412824,-0.254456,-0.874545],[0.886631,0.332047,0.321918],[0.208476,-0.908293,0.362686]],[[0.412824,-0.254456,-0.874545],[0.692988,0.710842,0.120296],[0.591053,-0.65571,0.469788]],[[0.412824,-0.254456,-0.874545],[0.419553,0.905373,-0.0653782],[0.808425,-0.339928,0.480518]]],"btipPosition":[-16.0572,237.871,1.26005],"carpPosition":[30.6893,164.734,44.6062],"dipPosition":[1.59323,230.449,11.7512],"direction":[-0.591053,0.65571,-0.469788],"extended":false,"handId":131,"id":1310,"length":48.619,"mcpPosition":[30.6893,164.734,44.6062],"pipPosition":[20.3932,209.592,26.694],"stabilizedTipPosition":[-10.5305,238.816,4.36095],"timeVisible":2.15062,"tipPosition":[-11.2283,235.445,1.81588],"tipVelocity":[-10.9742,-9.32182,-14.2855],"tool":false,"touchDistance":0.303372,"touchZone":"hovering","type":0,"width":21.805},{"bases":[[[-0.562755,-0.732816,-0.382474],[0.769399,-0.295197,-0.566466],[0.30221,-0.613057,0.729952]],[[-0.486851,-0.8451,-0.220865],[-0.12112,0.315727,-0.941088],[0.865047,-0.431419,-0.256071]],[[-0.486851,-0.8451,-0.220865],[-0.868246,0.440555,0.228167],[-0.0955204,0.302849,-0.94824]],[[-0.486851,-0.8451,-0.220865],[-0.532758,0.0869145,0.841792],[-0.692203,0.527496,-0.492548]]],"btipPosition":[-4.31222,202.054,11.2068],"carpPosition":[39.1688,155.376,24.8438],"dipPosition":[-15.3453,210.462,3.35602],"direction":[0.0955204,-0.302849,0.94824],"extended":false,"handId":131,"id":1311,"length":54.8611,"mcpPosition":[17.1714,200,-28.2884],"pipPosition":[-17.4991,217.291,-18.0253],"stabilizedTipPosition":[-5.91273,206.489,9.86758],"timeVisible":2.15062,"tipPosition":[-7.81828,206.337,7.08484],"tipVelocity":[-8.62788,-6.63955,-10.0142],"tool":false,"touchDistance":0.333333,"touchZone":"none","type":1,"width":20.8281},{"bases":[[[-0.639615,-0.747772,-0.178129],[0.669631,-0.428226,-0.606809],[0.377476,-0.507404,0.774631]],[[-0.615829,-0.776853,-0.131358],[-0.355223,0.422583,-0.833811],[0.703258,-0.466823,-0.536195]],[[-0.615829,-0.776853,-0.131358],[-0.705505,0.469504,0.530875],[-0.350738,0.419602,-0.837208]],[[-0.615829,-0.776853,-0.131358],[-0.27349,0.054419,0.960334],[-0.73889,0.627327,-0.245975]]],"btipPosition":[-1.91438,180.292,16.0163],"carpPosition":[33.5065,146.405,18.8549],"dipPosition":[-14.8678,191.29,11.7041],"direction":[0.350738,-0.419602,0.837208],"extended":false,"handId":131,"id":1312,"length":62.5098,"mcpPosition":[7.45032,181.43,-34.6158],"pipPosition":[-24.1722,202.421,-10.5054],"stabilizedTipPosition":[-4.52461,185.305,15.3997],"timeVisible":2.15062,"tipPosition":[-8.53818,187.27,11.7748],"tipVelocity":[-4.90031,-5.0184,-5.07142],"tool":false,"touchDistance":0.333333,"touchZone":"none","type":2,"width":20.456},{"bases":[[[-0.625742,-0.779867,-0.0159398],[0.633914,-0.496513,-0.592982],[0.454533,-0.381158,0.805058]],[[-0.59736,-0.80132,0.0323634],[-0.444025,0.296864,-0.845408],[0.667834,-0.519383,-0.53314]],[[-0.59736,-0.80132,0.0323634],[-0.684289,0.530331,0.500497],[-0.418222,0.276831,-0.865133]],[[-0.59736,-0.80132,0.0323634],[-0.199405,0.187496,0.961812],[-0.776787,0.568095,-0.271789]]],"btipPosition":[-5.59782,165.606,14.9546],"carpPosition":[26.0604,137.391,15.5311],"dipPosition":[-19.1373,175.508,10.2172],"direction":[0.418222,-0.276831,0.865133],"extended":false,"handId":131,"id":1313,"length":60.1048,"mcpPosition":[-2.10927,161.013,-34.3624],"pipPosition":[-29.9454,182.662,-12.1404],"stabilizedTipPosition":[-8.41317,170.335,14.1902],"timeVisible":2.15062,"tipPosition":[-13.4865,171.347,11.3067],"tipVelocity":[-2.78211,-6.04452,-1.87811],"tool":false,"touchDistance":0.333333,"touchZone":"none","type":3,"width":19.4652},{"bases":[[[-0.665011,-0.72591,0.175542],[0.566521,-0.643478,-0.514772],[0.486636,-0.242881,0.839163]],[[-0.718485,-0.691614,0.073822],[-0.362442,0.281695,-0.888417],[0.593646,-0.66507,-0.453063]],[[-0.718485,-0.691614,0.073822],[-0.607475,0.67566,0.417681],[-0.338753,0.255252,-0.90559]],[[-0.718485,-0.691614,0.073822],[-0.217607,0.324323,0.920577],[-0.660626,0.645356,-0.383521]]],"btipPosition":[-16.112,150.457,7.5115],"carpPosition":[14.5845,129.62,18.0184],"dipPosition":[-26.7349,160.834,1.34446],"direction":[0.338753,-0.255252,0.90559],"extended":false,"handId":131,"id":1314,"length":47.1211,"mcpPosition":[-13.3336,143.554,-30.1241],"pipPosition":[-32.9158,165.492,-15.1792],"stabilizedTipPosition":[-18.5624,155.438,6.32288],"timeVisible":2.15062,"tipPosition":[-20.3249,157.397,4.28913],"tipVelocity":[-1.06193,-8.51794,0.90181],"tool":false,"touchDistance":0.333333,"touchZone":"none","type":4,"width":17.2905}],"r":[[-0.0439915,0.64778,0.760556],[0.334814,0.726827,-0.599685],[-0.941257,0.228264,-0.24886]],"s":1.25095,"t":[5.27249,-28.2088,-40.723],"timestamp":17826992288},{"currentFrameRate":113.791,"devices":[],"gestures":[],"hands":[{"armBasis":[[-0.363867,-0.919488,0.148806],[0.812646,-0.391452,-0.431708],[0.455201,-0.0361573,0.889654]],"armWidth":66.9139,"confidence":1,"direction":[-0.277011,0.429312,-0.859626],"elbow":[153.213,124.254,286.935],"grabAngle":3.14159,"grabStrength":1,"id":131,"palmNormal":[-0.806731,0.382075,0.45078],"palmPosition":[9.28808,169.749,-12.053],"palmVelocity":[-3.46763,-18.8576,1.96711],"palmWidth":90.0241,"pinchDistance":24.8352,"pinchStrength":0.764574,"r":[[-0.0444054,0.648324,0.760068],[0.33429,0.726603,-0.600249],[-0.941424,0.227429,-0.248993]],"s":1.25085,"sphereCenter":[-22.2,190.712,-9.54823],"sphereRadius":36.9374,"stabilizedPalmPosition":[9.82165,171.919,-12.1113],"t":[5.24562,-28.3352,-40.7188],"timeVisible":2.15929,"type":"right","wrist":[31.6131,133.913,49.2787]}],"id":86317,"interactionBox":{"center":[0,200,0],"size":[235.247,235.247,147.751]},"pointables":[{"bases":[[[0.457471,-0.587271,-0.667708],[0.888965,0.320195,0.327439],[0.0215013,-0.743363,0.668543]],[[0.413809,-0.255247,-0.873848],[0.885784,0.334439,0.321772],[0.210118,-0.907193,0.364488]],[[0.413809,-0.255247,-0.873848],[0.691334,0.712631,0.119223],[0.5923,-0.653457,0.471354]],[[0.413809,-0.255247,-0.873848],[0.417245,0.90631,-0.0671437],[0.809116,-0.336825,0.48154]]],"btipPosition":[-16.243,237.661,1.13679],"carpPosition":[30.6393,164.718,44.6441],"dipPosition":[1.42249,230.307,11.6503],"direction":[-0.5923,0.653457,-0.471354],"extended":false,"handId":131,"id":1310,"length":48.619,"mcpPosition":[30.6393,164.718,44.6441],"pipPosition":[20.2621,209.523,26.6429],"stabilizedTipPosition":[-10.5429,238.794,4.35489],"timeVisible":2.15929,"tipPosition":[-11.3992,235.266,1.70322],"tipVelocity":[-21.0368,-22.3501,-13.6272],"tool":false,"touchDistance":0.301403,"touchZone":"hovering","type":0,"width":21.805},{"bases":[[[-0.561068,-0.734658,-0.381419],[0.770298,-0.294685,-0.56551],[0.303058,-0.611096,0.731244]],[[-0.48522,-0.846279,-0.21994],[-0.120744,0.313975,-0.941722],[0.866015,-0.430386,-0.25453]],[[-0.48522,-0.846279,-0.21994],[-0.869192,0.439437,0.226715],[-0.0952141,0.301177,-0.948803]],[[-0.48522,-0.846279,-0.21994],[-0.533916,0.0875585,0.840992],[-0.692456,0.525496,-0.494327]]],"btipPosition":[-4.43613,201.905,11.1517],"carpPosition":[39.1483,155.342,24.9035],"dipPosition":[-15.4732,210.281,3.27261],"direction":[0.0952141,-0.301177,0.948803],"extended":false,"handId":131,"id":1311,"length":54.8611,"mcpPosition":[17.0891,199.822,-28.3227],"pipPosition":[-17.6201,217.072,-18.1214],"stabilizedTipPosition":[-5.9195,206.472,9.86421],"timeVisible":2.15929,"tipPosition":[-7.93118,206.172,7.02791],"tipVelocity":[-14.4025,-18.0875,-7.10456],"tool":false,"touchDistance":0.333333,"touchZone":"none","type":1,"width":20.8281},{"bases":[[[-0.638006,-0.749392,-0.177087],[0.67082,-0.427991,-0.605661],[0.378086,-0.505208,0.775768]],[[-0.614186,-0.778338,-0.13025],[-0.355566,0.42028,-0.834828],[0.70452,-0.466428,-0.534881]],[[-0.614186,-0.778338,-0.13025],[-0.706808,0.46914,0.529463],[-0.350996,0.417251,-0.838274]],[[-0.614186,-0.778338,-0.13025],[-0.274195,0.0557071,0.960059],[-0.739995,0.625369,-0.247631]]],"btipPosition":[-1.98619,180.162,16.0093],"carpPosition":[33.5073,146.348,18.9282],"dipPosition":[-14.959,191.125,11.6681],"direction":[0.350996,-0.417251,0.838274],"extended":false,"handId":131,"id":1312,"length":62.5098,"mcpPosition":[7.40905,181.221,-34.621],"pipPosition":[-24.2702,202.194,-10.5697],"stabilizedTipPosition":[-4.52769,185.287,15.3971],"timeVisible":2.15929,"tipPosition":[-8.61433,187.112,11.7518],"tipVelocity":[-8.79842,-15.9098,-1.57071],"tool":false,"touchDistance":0.333333,"touchZone":"none","type":2,"width":20.456},{"bases":[[[-0.624155,-0.781159,-0.0148313],[0.635234,-0.496324,-0.591727],[0.454872,-0.378751,0.806002]],[[-0.595756,-0.802465,0.0335265],[-0.444234,0.294452,-0.846141],[0.669126,-0.518987,-0.531904]],[[-0.595756,-0.802465,0.0335265],[-0.685655,0.529888,0.499095],[-0.418272,0.274352,-0.865898]],[[-0.595756,-0.802465,0.0335265],[-0.200354,0.188909,0.961338],[-0.777774,0.566006,-0.273321]]],"btipPosition":[-5.63328,165.462,14.977],"carpPosition":[26.0813,137.313,15.6171],"dipPosition":[-19.19,175.328,10.2129],"direction":[0.418272,-0.274352,0.865898],"extended":false,"handId":131,"id":1313,"length":60.1048,"mcpPosition":[-2.10937,160.786,-34.3349],"pipPosition":[-29.9994,182.418,-12.1645],"stabilizedTipPosition":[-8.41556,170.316,14.188],"timeVisible":2.15929,"tipPosition":[-13.5303,171.179,11.3098],"tipVelocity":[-4.54832,-17.5464,1.87643],"tool":false,"touchDistance":0.333333,"touchZone":"none","type":3,"width":19.4652},{"bases":[[[-0.663636,-0.726928,0.17653],[0.568096,-0.64328,-0.513281],[0.486677,-0.240346,0.839869]],[[-0.717124,-0.692928,0.0747179],[-0.362535,0.27932,-0.889128],[0.595232,-0.664703,-0.451518]],[[-0.717124,-0.692928,0.0747179],[-0.609099,0.675226,0.416015],[-0.33872,0.252824,-0.906283]],[[-0.717124,-0.692928,0.0747179],[-0.218842,0.325666,0.91981],[-0.661695,0.643267,-0.385185]]],"btipPosition":[-16.1147,150.28,7.55368],"carpPosition":[14.6198,129.522,18.1127],"dipPosition":[-26.7548,160.624,1.35987],"direction":[0.33872,-0.252824,0.906283],"extended":false,"handId":131,"id":1314,"length":47.1211,"mcpPosition":[-13.3007,143.311,-30.0703],"pipPosition":[-32.9352,165.237,-15.1764],"stabilizedTipPosition":[-18.5624,155.419,6.32154]