{"frames":47,"data":[{"currentFrameRate":115.248,"devices":[],"gestures":[],"hands":[{"armBasis":[[-0.52948,-0.821332,-0.212284],[0.835853,-0.46235,-0.295943],[0.144918,-0.334134,0.931318]],"armWidth":46.2573,"confidence":1,"direction":[-0.0101276,0.0882525,-0.996047],"elbow":[43.5342,25.7312,263.451],"grabAngle":0.580745,"grabStrength":0,"id":144,"palmNormal":[-0.864806,0.499297,0.0530324],"palmPosition":[10.888,111.403,6.00316],"palmVelocity":[61.691,40.0993,-12.0369],"palmWidth":71.9658,"pinchDistance":60.1302,"pinchStrength":0,"r":[[0.120625,-0.811074,0.572371],[0.943629,-0.0853516,-0.319812],[0.308244,0.578683,0.755057]],"s":1.22214,"sphereCenter":[24.8282,112.922,-29.6239],"sphereRadius":48.0093,"stabilizedPalmPosition":[11.9148,114.149,9.22532],"t":[99.6534,-42.4039,-81.226],"timeVisible":2.97448,"type":"right","wrist":[12.5872,97.0849,64.5696]}],"id":97323,"interactionBox":{"center":[0,200,0],"size":[235.247,235.247,147.751]},"pointables":[{"bases":[[[0.569525,-0.7762,-0.270471],[0.794715,0.435937,0.422358],[-0.209926,-0.455491,0.865135]],[[0.606413,-0.600361,-0.521373],[0.769109,0.276432,0.576244],[-0.20183,-0.750434,0.629375]],[[0.606413,-0.600361,-0.521373],[0.792559,0.509256,0.335423],[0.0641377,-0.616623,0.784641]],[[0.606413,-0.600361,-0.521373],[0.634694,0.760444,-0.137435],[0.478986,-0.24757,0.842189]]],"btipPosition":[12.7882,174.615,-8.18845],"carpPosition":[15.2081,124.191,52.6888],"dipPosition":[21.4808,170.122,7.09552],"direction":[-0.0641377,0.616623,-0.784641],"extended":true,"handId":144,"id":1440,"length":40.4127,"mcpPosition":[15.2081,124.191,52.6888],"pipPosition":[23.1766,153.819,27.8405],"stabilizedTipPosition":[13.8681,175.061,-3.73383],"timeVisible":2.97448,"tipPosition":[12.7585,174.056,-4.90764],"tipVelocity":[-57.3403,57.24,21.3896],"tool":false,"touchDistance":0.282045,"touchZone":"hovering","type":0,"width":14.1228},{"bases":[[[-0.496578,-0.83487,-0.237491],[0.86626,-0.4594,-0.196327],[0.0548042,-0.303221,0.951343]],[[-0.497521,-0.829015,-0.255356],[0.858001,-0.513632,-0.00417123],[-0.127701,-0.221171,0.966838]],[[-0.497521,-0.829015,-0.255356],[0.834451,-0.376964,-0.401982],[0.236989,-0.413077,0.87932]],[[-0.497521,-0.829015,-0.255356],[0.592203,-0.109502,-0.798314],[0.633852,-0.548401,0.545425]]],"btipPosition":[13.5203,151.738,-68.2887],"carpPosition":[25.2945,111.718,42.9843],"dipPosition":[21.918,144.472,-61.0625],"direction":[-0.236989,0.413077,-0.87932],"extended":true,"handId":144,"id":1441,"length":45.6013,"mcpPosition":[22.1055,129.362,-12.3721],"pipPosition":[26.3598,136.73,-44.5818],"stabilizedTipPosition":[13.2222,148.828,-65.9652],"timeVisible":2.97448,"tipPosition":[14.714,149.74,-66.7622],"tipVelocity":[-18.4982,95.52,43.425],"tool":false,"touchDistance":0.221778,"touchZone":"hovering","type":1,"width":13.4901},{"bases":[[[-0.62496,-0.77753,-0.0698056],[0.77083,-0.600477,-0.212717],[0.123477,-0.186748,0.974617]],[[-0.626353,-0.775307,-0.0811302],[0.778222,-0.627947,-0.00726797],[-0.0453106,-0.0676896,0.996677]],[[-0.626353,-0.775307,-0.0811302],[0.750466,-0.57156,-0.331844],[0.21091,-0.268737,0.939839]],[[-0.626353,-0.775307,-0.0811302],[0.575767,-0.38995,-0.718632],[0.525523,-0.496829,0.690642]]],"btipPosition":[4.22257,129.198,-81.8314],"carpPosition":[21.6512,103.198,39.9887],"dipPosition":[11.8805,121.958,-71.7674],"direction":[-0.21091,0.268737,-0.939839],"extended":true,"handId":144,"id":1442,"length":51.959,"mcpPosition":[14.8376,113.503,-13.7915],"pipPosition":[16.5311,116.033,-51.0435],"stabilizedTipPosition":[5.12205,124.95,-78.9393],"timeVisible":2.97448,"tipPosition":[7.2568,126.52,-80.0845],"tipVelocity":[53.6269,91.4274,8.75277],"tool":false,"touchDistance":0.265132,"touchZone":"hovering","type":2,"width":13.249},{"bases":[[[-0.656295,-0.749043,0.0906136],[0.727753,-0.660141,-0.185984],[0.199128,-0.056116,0.978366]],[[-0.663555,-0.746288,0.0524294],[0.747714,-0.659228,0.0796407],[-0.024872,0.0920482,0.995444]],[[-0.663555,-0.746288,0.0524294],[0.71458,-0.652992,-0.250952],[0.221518,-0.129055,0.966579]],[[-0.663555,-0.746288,0.0524294],[0.574246,-0.552996,-0.603686],[0.479517,-0.370471,0.795496]]],"btipPosition":[-4.63213,103.104,-76.718],"carpPosition":[16.0773,95.3735,38.5299],"dipPosition":[2.3152,97.7368,-65.1928],"direction":[-0.221518,0.129055,-0.966579],"extended":true,"handId":144,"id":1443,"length":49.9599,"mcpPosition":[6.21192,98.1537,-9.94148],"pipPosition":[7.07364,94.9646,-44.4296],"stabilizedTipPosition":[-4.42524,99.4421,-71.9919],"timeVisible":2.97448,"tipPosition":[-2.74672,101.894,-73.889],"tipVelocity":[63.2044,115.117,-1.37129],"tool":false,"touchDistance":0.207617,"touchZone":"hovering","type":3,"width":12.6073},{"bases":[[[-0.740001,-0.631064,0.232716],[0.63153,-0.770955,-0.0824541],[0.231447,0.0859508,0.969043]],[[-0.723082,-0.624001,0.296267],[0.68907,-0.681594,0.246193],[0.0483095,0.382167,0.92283]],[[-0.723082,-0.624001,0.296267],[0.607573,-0.778591,-0.157007],[0.328643,0.0664753,0.942112]],[[-0.723082,-0.624001,0.296267],[0.417832,-0.736648,-0.531757],[0.550062,-0.260714,0.793385]]],"btipPosition":[-18.0102,78.1168,-54.621],"carpPosition":[6.26544,90.0606,40.0166],"dipPosition":[-10.6581,74.6321,-44.0166],"direction":[-0.328644,-0.0664753,-0.942112],"extended":true,"handId":144,"id":1444,"length":39.1677,"mcpPosition":[-4.3491,86.1188,-4.4253],"pipPosition":[-5.67368,75.6403,-29.7281],"stabilizedTipPosition":[-18.6659,76.2682,-48.316],"timeVisible":2.97448,"tipPosition":[-15.5768,77.7339,-52.207],"tipVelocity":[127.402,103.816,-53.6128],"tool":false,"touchDistance":0.17211,"touchZone":"hovering","type":4,"width":11.1988}],"r":[[0.120625,-0.811074,0.572371],[0.943629,-0.0853516,-0.319812],[0.308244,0.578683,0.755057]],"s":1.22214,"t":[99.6534,-42.4039,-81.226],"timestamp":17924067206},{"currentFrameRate":115.223,"devices":[],"gestures":[],"hands":[{"armBasis":[[-0.513084,-0.830184,-0.218037],[0.84602,-0.446251,-0.291736],[0.144896,-0.334149,0.931316]],"armWidth":46.2573,"confidence":1,"direction":[-0.0015783,0.0839514,-0.996469],"elbow":[43.7321,26.0597,263.316],"grabAngle":0.601653,"grabStrength":0,"id":144,"palmNormal":[-0.874623,0.482974,0.0420753],"palmPosition":[11.3919,111.518,5.80811],"palmVelocity":[57.7818,13.2707,-22.3689],"palmWidth":71.9658,"pinchDistance":63.0482,"pinchStrength":0,"r":[[0.123562,-0.809594,0.573838],[0.945758,-0.0790118,-0.315118],[0.300458,0.581648,0.755917]],"s":1.2178,"sphereCenter":[20.8679,114.857,-28.9134],"sphereRadius":46.5876,"stabilizedPalmPosition":[11.9097,114.123,9.19204],"t":[100.138,-42.2352,-81.3953],"timeVisible":2.9832,"type":"right","wrist":[12.7899,97.4166,64.435]}],"id":97324,"interactionBox":{"center":[0,200,0],"size":[235.247,235.247,147.751]},"pointables":[{"bases":[[[0.586896,-0.766333,-0.261316],[0.781924,0.452703,0.428549],[-0.210112,-0.455843,0.864904]],[[0.623162,-0.585541,-0.518469],[0.761189,0.301841,0.574006],[-0.179609,-0.752352,0.633804]],[[0.623162,-0.585541,-0.518469],[0.778109,0.531,0.335538],[0.0788352,-0.61252,0.786514]],[[0.623162,-0.585541,-0.518469],[0.612509,0.777603,-0.142007],[0.486314,-0.229074,0.843223]]],"btipPosition":[11.1705,174.633,-8.64051],"carpPosition":[14.9892,124.578,52.4798],"dipPosition":[19.996,170.476,6.66222],"direction":[-0.0788352,0.61252,-0.786514],"extended":true,"handId":144,"id":1440,"length":40.4127,"mcpPosition":[14.9892,124.578,52.4798],"pipPosition":[22.0803,154.282,27.4567],"stabilizedTipPosition":[13.8475,175.019,-3.77659],"timeVisible":2.9832,"tipPosition":[12.2494,174.12,-5.33784],"tipVelocity":[-182.017,11.01,-51.3469],"tool":false,"touchDistance":0.278987,"touchZone":"hovering","type":0,"width":14.1228},{"bases":[[[-0.478183,-0.845132,-0.238941],[0.876791,-0.443645,-0.185518],[0.0507823,-0.298213,0.953148]],[[-0.479012,-0.839689,-0.255873],[0.869518,-0.49385,-0.00714848],[-0.12036,-0.22591,0.966684]],[[-0.479012,-0.839689,-0.255873],[0.840052,-0.353932,-0.411151],[0.254677,-0.411892,0.87492]],[[-0.479012,-0.839689,-0.255873],[0.580822,-0.0846279,-0.80962],[0.658174,-0.536434,0.528248]]],"btipPosition":[12.971,151.965,-68.1305],"carpPosition":[25.4095,112.26,42.9323],"dipPosition":[21.691,144.858,-61.1319],"direction":[-0.254677,0.411892,-0.87492],"extended":true,"handId":144,"id":1441,"length":45.6013,"mcpPosition":[22.4546,129.612,-12.5291],"pipPosition":[26.4643,137.138,-44.7337],"stabilizedTipPosition":[13.243,148.846,-65.9718],"timeVisible":2.9832,"tipPosition":[15.218,149.672,-67.0397],"tipVelocity":[-54.4921,30.2462,12.1389],"tool":false,"touchDistance":0.223542,"touchZone":"hovering","type":1,"width":13.4901},{"bases":[[[-0.609344,-0.789555,-0.0728197],[0.784228,-0.586577,-0.202272],[0.11699,-0.18036,0.976618]],[[-0.610609,-0.787497,-0.0836914],[0.790484,-0.612468,-0.00430156],[-0.0478708,-0.0687833,0.996482]],[[-0.610609,-0.787497,-0.0836914],[0.761632,-0.555006,-0.334491],[0.216962,-0.267985,0.938675]],[[-0.610609,-0.787497,-0.0836914],[0.583312,-0.375758,-0.720106],[0.535634,-0.488522,0.688798]]],"btipPosition":[4.7037,129.211,-81.9343],"carpPosition":[21.9594,103.659,39.9364],"dipPosition":[12.5089,122.092,-71.8972],"direction":[-0.216962,0.267985,-0.938675],"extended":true,"handId":144,"id":1442,"length":51.959,"mcpPosition":[15.5038,113.612,-13.9542],"pipPosition":[17.293,116.183,-51.1989],"stabilizedTipPosition":[5.15616,125.015,-78.9563],"timeVisible":2.9832,"tipPosition":[8.27515,126.271,-80.3428],"tipVelocity":[59.0621,4.61259,-12.5047],"tool":false,"touchDistance":0.263315,"touchZone":"hovering","type":2,"width":13.249},{"bases":[[[-0.642859,-0.76101,0.0871481],[0.742018,-0.646939,-0.175722],[0.190106,-0.0482992,0.980575]],[[-0.64975,-0.758564,0.0490462],[0.759608,-0.645504,0.0795013],[-0.0286473,0.0889119,0.995627]],[[-0.64975,-0.758564,0.0490462],[0.725332,-0.638002,-0.258549],[0.227417,-0.132417,0.964752]],[[-0.64975,-0.758564,0.0490462],[0.578836,-0.535561,-0.614917],[0.492721,-0.371153,0.787065]]],"btipPosition":[-3.89939,103.259,-76.7477],"carpPosition":[16.5503,95.7246,38.4546],"dipPosition":[3.23925,97.8815,-65.3446],"direction":[-0.227417,0.132417,-0.964752],"extended":true,"handId":144,"id":1443,"length":49.9599,"mcpPosition":[7.13189,98.1175,-10.1262],"pipPosition":[8.12441,95.037,-44.6207],"stabilizedTipPosition":[-4.35152,99.5298,-72.0645],"timeVisible":2.9832,"tipPosition":[-1.30235,101.461,-74.1738],"tipVelocity":[89.0761,17.4626,-6.62415],"tool":false,"touchDistance":0.206654,"touchZone":"hovering","type":3,"width":12.6073},{"bases":[[[-0.730243,-0.644062,0.227882],[0.646858,-0.759137,-0.0727018],[0.219818,0.0943171,0.970971]],[[-0.715353,-0.637047,0.287126],[0.697756,-0.673295,0.244563],[0.0375223,0.375293,0.926146]],[[-0.715353,-0.637047,0.287126],[0.618201,-0.768523,-0.164924],[0.325728,0.0595225,0.943588]],[[-0.715353,-0.637047,0.287126],[0.431443,-0.725902,-0.535653],[0.549661,-0.259302,0.794125]]],"btipPosition":[-16.5706,78.1797,-54.985],"carpPosition":[6.82629,90.2322,39.8642],"dipPosition":[-9.22389,74.7139,-44.3708],"direction":[-0.325728,-0.0595225,-0.943588],"extended":true,"handId":144,"id":1444,"length":39.1677,"mcpPosition":[-3.25492,85.9066,-4.66609],"pipPosition":[-4.28373,75.6166,-30.0598],"stabilizedTipPosition":[-18.5084,76.3145,-48.492],"timeVisible":2.9832,"tipPosition":[-13.8817,77.1267,-52.5241],"tipVelocity":[164.942,7.71529,-41.4841],"tool":false,"touchDistance":0.176088,"touchZone":"hovering","type":4,"width":11.1988}],"r":[[0.123562,-0.809594,0.573838],[0.945758,-0.0790118,-0.315118],[0.300458,0.581648,0.755917]],"s":1.2178,"t":[100.138,-42.2352,-81.3953],"timestamp":17924075926},{"currentFrameRate":115.292,"devices":[],"gestures":[],"hands":[{"armBasis":[[-0.492304,-0.840972,-0.224507],[0.858084,-0.425629,-0.287284],[0.146041,-0.334076,0.931163]],"armWidth":46.2573,"confidence":1,"direction":[0.00653863,0.0694738,-0.997562],"elbow":[44.1111,26.4417,263.501],"grabAngle":0.620202,"grabStrength":0,"id":144,"palmNormal":[-0.88752,0.460022,0.0262202],"palmPosition":[11.7424,111.149,5.84702],"palmVelocity":[40.9597,-43.1641,4.54762],"palmWidth":71.9658,"pinchDistance":63.0403,"pinchStrength":0,"r":[[0.12903,-0.806027,0.577644],[0.948422,-0.0697888,-0.309233],[0.289563,0.58775,0.755449]],"s":1.21281,"sphereCenter":[16.8666,115.607,-28.1258],"sphereRadius":45.6315,"stabilizedPalmPosition":[11.9078,114.089,9.15361],"t":[100.556,-42.3355,-81.4605],"timeVisible":2.99176,"type":"right","wrist":[12.9243,97.7832,64.6531]}],"id":97325,"interactionBox":{"center":[0,200,0],"size":[235.247,235.247,147.751]},"pointables":[{"bases":[[[0.609705,-0.754096,-0.244131],[0.765146,0.479551,0.429631],[-0.20691,-0.448744,0.869378]],[[0.643856,-0.568892,-0.511674],[0.751314,0.343476,0.563517],[-0.144832,-0.747252,0.648566]],[[0.643856,-0.568892,-0.511674],[0.757941,0.565765,0.32471],[0.104763,-0.596885,0.795458]],[[0.643856,-0.568892,-0.511674],[0.577525,0.79999,-0.162731],[0.501911,-0.190729,0.843628]]],"btipPosition":[8.3469,173.718,-9.59191],"carpPosition":[14.5072,124.973,52.3551],"dipPosition":[17.4555,170.256,5.71817],"direction":[-0.104763,0.596885,-0.795458],"extended":true,"handId":144,"id":1440,"length":40.4127,"mcpPosition":[14.5072,124.973,52.3551],"pipPosition":[20.2253,154.476,26.7491],"stabilizedTipPosition":[13.5833,174.856,-3.95459],"timeVisible":2.99176,"tipPosition":[10.9958,173.521,-6.19674],"tipVelocity":[-322.362,-88.3038,-110.987],"tool":false,"touchDistance":0.278266,"touchZone":"hovering","type":0,"width":14.1228},{"bases":[[[-0.453084,-0.860954,-0.231242],[0.890132,-0.422726,-0.170198],[0.0487805,-0.28295,0.957893]],[[-0.453916,-0.855515,-0.249106],[0.884378,-0.466689,-0.00872563],[-0.10879,-0.224265,0.968437]],[[-0.453916,-0.855515,-0.249106],[0.846007,-0.326033,-0.42187],[0.2797,-0.402239,0.871763]],[[-0.453916,-0.855515,-0.249106],[0.571996,-0.0654087,-0.817644],[0.683213,-0.51363,0.519042]]],"btipPosition":[11.8411,151.08,-68.1217],"carpPosition":[25.3492,112.8,43.0945],"dipPosition":[20.8928,144.275,-61.2451],"direction":[-0.2797,0.402239,-0.871763],"extended":true,"handId":144,"id":1441,"length":45.6013,"mcpPosition":[22.5108,129.265,-12.6431],"pipPosition":[26.1351,136.736,-44.906],"stabilizedTipPosition":[13.2578,148.86,-65.9841],"timeVisible":2.99176,"tipPosition":[15.199,148.43,-67.4343],"tipVelocity":[-123.129,-95.336,-2.25375],"tool":false,"touchDistance":0.229355,"touchZone":"hovering","type":1,"width":13.4901},{"bases":[[[-0.58739,-0.806503,-0.0672756],[0.801574,-0.568304,-0.18577],[0.111591,-0.163046,0.980287]],[[-0.588655,-0.80454,-0.0787373],[0.806744,-0.590869,0.00614256],[-0.0514654,-0.059905,0.996876]],[[-0.588655,-0.80454,-0.0787373],[0.776836,-0.536048,-0.330422],[0.223631,-0.255671,0.940543]],[[-0.588655,-0.80454,-0.0787373],[0.595308,-0.365541,-0.715534],[0.546894,-0.468076,0.694127]]],"btipPosition":[5.02534,127.763,-82.0155],"carpPosition":[22.1599,104.069,40.1912],"dipPosition":[12.9946,120.942,-71.9008],"direction":[-0.223631,0.255671,-0.940543],"extended":true,"handId":144,"id":1442,"length":51.959,"mcpPosition":[16.0022,113.066,-13.9019],"pipPosition":[17.9258,115.305,-51.1613],"stabilizedTipPosition":[5.22572,125.063,-78.9862],"timeVisible":2.99176,"tipPosition":[9.04192,124.63,-80.5057],"tipVelocity":[41.9972,-161.145,-7.40863],"tool":false,"touchDistance":0.266975,"touchZone":"hovering","type":2,"width":13.249},{"bases":[[[-0.62331,-0.776554,0.0919119],[0.760708,-0.629381,-0.158758],[0.181131,-0.0290371,0.98303]],[[-0.6299,-0.774831,0.0535055],[0.775893,-0.624676,0.0881506],[-0.0348782,0.0970406,0.994669]],[[-0.6299,-0.774831,0.0535055],[0.740939,-0.620145,-0.257739],[0.232885,-0.122705,0.964732]],[[-0.6299,-0.774831,0.0535055],[0.589293,-0.521668,-0.616925],[0.505925,-0.35707,0.785201]]],"btipPosition":[-3.11905,101.857,-76.491],"carpPosition":[16.9789,95.9718,38.7724],"dipPosition":[4.21088,96.6842,-65.1148],"direction":[-0.232885,0.122705,-0.964732],"extended":true,"handId":144,"id":1443,"length":49.9599,"mcpPosition":[8.00511,97.4104,-9.93007],"pipPosition":[9.2135,94.0483,-44.3914],"stabilizedTipPosition":[-4.19794,99.5897,-72.1597],"timeVisible":2.99176,"tipPosition":[0.0674027,99.6578,-74.0892],"tipVelocity":[96.3348,-158.282,29.2793],"tool":false,"touchDistance":0.220993,"touchZone":"hovering","type":3,"width":12.6073},{"bases":[[[-0.715222,-0.659958,0.230029],[0.667494,-0.742578,-0.055053],[0.207147,0.114168,0.971625]],[[-0.702084,-0.652274,0.285686],[0.711747,-0.655325,0.252915],[0.022247,0.380904,0.924347]],[[-0.702084,-0.652274,0.285686],[0.634653,-0.755112,-0.164379],[0.322945,0.0659038,0.94412]],[[-0.702084,-0.652274,0.285686],[0.448944,-0.716864,-0.533437],[0.552745,-0.24626,0.796134]]],"btipPosition":[-15.0061,76.855,-54.6994],"carpPosition":[7.38993,90.2428,40.1654],"dipPosition":[-7.61809,73.5635,-44.0583],"direction":[-0.322945,-0.0659038,-0.94412],"extended":true,"handId":144,"id":1444,"length":39.1677,"mcpPosition":[-2.11016,85.0069,-4.39491],"pipPosition":[-2.72014,74.5631,-29.7393],"stabilizedTipPosition":[-18.1596,76.3,-48.7441],"timeVisible":2.99176,"tipPosition":[-12.0594,75.2925,-52.2236],"tipVelocity":[183.95,-150.117,34.0992],"tool":false,"touchDistance":0.201517,"touchZone":"hovering","type":4,"width":11.1988}],"r":[[0.12903,-0.806027,0.577644],[0.948422,-0.0697888,-0.309233],[0.289563,0.58775,0.755449]],"s":1.21281,"t":[100.556,-42.3355,-81.4605],"timestamp":17924084483},{"currentFrameRate":115.303,"devices":[],"gestures":[],"hands":[{"armBasis":[[-0.469025,-0.851958,-0.232772],[0.870681,-0.401843,-0.283614],[0.148089,-0.335693,0.930258]],"armWidth":46.2573,"confidence":1,"direction":[0.0153578,0.0373472,-0.999184],"elbow":[44.7961,26.9266,264.362],"grabAngle":0.627941,"grabStrength":0,"id":144,"palmNormal":[-0.902933,0.429776,0.00218567],"palmPosition":[12.1809,110.351,6.54802],"palmVelocity":[50.668,-92.1427,80.9934],"palmWidth":71.9658,"pinchDistance":62.4178,"pinchStrength":0,"r":[[0.137626,-0.798383,0.586211],[0.951504,-0.0578325,-0.302151],[0.275135,0.599366,0.751706]],"s":1.20785,"sphereCenter":[12.0917,114.872,-26.8176],"sphereRadius":45.0701,"stabilizedPalmPosition":[11.9118,114.034,9.11475],"t":[100.984,-42.7844,-81.1425],"timeVisible":3.00042,"type":"right","wrist":[13.1719,98.6132,65.7074]}],"id":97326,"interactionBox":{"center":[0,200,0],"size":[235.247,235.247,147.751]},"pointables":[{"bases":[[[0.637772,-0.740144,-0.213154],[0.743475,0.519278,0.42142],[-0.201225,-0.427244,0.881459]],[[0.668377,-0.55553,-0.494631],[0.736644,0.402194,0.543687],[-0.103097,-0.727754,0.678045]],[[0.668377,-0.55553,-0.494631],[0.731539,0.611291,0.301949],[0.134622,-0.563658,0.814965]],[[0.668377,-0.55553,-0.494631],[0.548877,0.817148,-0.176077],[0.502003,-0.153806,0.85108]]],"btipPosition":[5.35143,172.186,-11.1574],"carpPosition":[13.9506,125.76,52.6044],"dipPosition":[14.4617,169.395,4.28793],"direction":[-0.134622,0.563658,-0.814965],"extended":true,"handId":144,"id":1440,"length":40.4127,"mcpPosition":[13.9506,125.76,52.6044],"pipPosition":[18.021,154.493,25.8346],"stabilizedTipPosition":[12.732,174.397,-4.46096],"timeVisible":3.00042,"tipPosition":[9.26472,172.177,-7.54302],"tipVelocity":[-346.053,-159.128,-177.282],"tool":false,"touchDistance":0.271814,"touchZone":"hovering","type":0,"width":14.1228},{"bases":[[[-0.420831,-0.883085,-0.207515],[0.905886,-0.39709,-0.147272],[0.0476519,-0.249962,0.967082]],[[-0.421647,-0.878272,-0.225506],[0.902049,-0.431596,-0.00570796],[-0.0923143,-0.205824,0.974225]],[[-0.421647,-0.878272,-0.225506],[0.851379,-0.297874,-0.43177],[0.312039,-0.374045,0.87334]],[[-0.421647,-0.878272,-0.225506],[0.576014,-0.0673639,-0.814659],[0.700301,-0.473393,0.534301]]],"btipPosition":[10.4809,148.359,-68.3183],"carpPosition":[25.3047,113.675,43.8571],"dipPosition":[19.759,142.087,-61.2395],"direction":[-0.312039,0.374045,-0.87334],"extended":true,"handId":144,"id":1441,"length":45.6013,"mcpPosition":[22.532,128.22,-12.4152],"pipPosition":[25.6074,135.077,-44.8709],"stabilizedTipPosition":[13.2117,148.721,-66.0347],"timeVisible":3.00042,"tipPosition":[14.9692,145.472,-67.7753],"tipVelocity":[-151.146,-300.194,-17.3439],"tool":false,"touchDistance":0.251945,"touchZone":"hovering","type":1,"width":13.4901},{"bases":[[[-0.558749,-0.828016,-0.0467835],[0.822525,-0.546061,-0.158967],[0.106081,-0.127303,0.986175]],[[-0.559948,-0.826475,-0.0582844],[0.826801,-0.561936,0.0250523],[-0.0534572,-0.0341616,0.997986]],[[-0.559948,-0.826475,-0.0582844],[0.795789,-0.51691,-0.315473],[0.230603,-0.223031,0.947143]],[[-0.559948,-0.826475,-0.0582844],[0.615002,-0.367472,-0.697665],[0.555185,-0.426501,0.714049]]],"btipPosition":[5.41722,124.184,-81.7999],"carpPosition":[22.4479,104.749,41.209],"dipPosition":[13.5073,117.969,-71.3948],"direction":[-0.230603,0.223031,-0.947143],"extended":true,"handId":144,"id":1442,"length":51.959,"mcpPosition":[16.5942,111.774,-13.209],"pipPosition":[18.5923,113.051,-50.5098],"stabilizedTipPosition":[5.51858,124.733,-79.0462],"timeVisible":3.00042,"tipPosition":[9.89283,120.997,-80.1928],"tipVelocity":[48.4891,-397.481,32.6284],"tool":false,"touchDistance":0.290122,"touchZone":"hovering","type":2,"width":13.249},{"bases":[[[-0.597453,-0.794189,0.110968],[0.783465,-0.607603,-0.130385],[0.170975,0.00904029,0.985234]],[[-0.60358,-0.79395,0.0730352],[0.796247,-0.595537,0.106424],[-0.0410003,0.122389,0.991635]],[[-0.60358,-0.79395,0.0730352],[0.761169,-0.601067,-0.243598],[0.237304,-0.091439,0.967122]],[[-0.60358,-0.79395,0.0730352],[0.607934,-0.517555,-0.602123],[0.515856,-0.319029,0.795055]]],"btipPosition":[-2.05919,98.3351,-75.458],"carpPosition":[17.5623,96.4369,40.0036],"dipPosition":[5.41463,93.7129,-63.9391],"direction":[-0.237304,0.091439,-0.967122],"extended":true,"handId":144,"id":1443,"length":49.9599,"mcpPosition":[9.09166,95.9891,-8.80807],"pipPosition":[10.5122,91.7487,-43.1643],"stabilizedTipPosition":[-3.61328,99.2384,-72.2581],"timeVisible":3.00042,"tipPosition":[1.70102,95.9503,-73.0703],"tipVelocity":[126.28,-392.328,123.147],"tool":false,"touchDistance":0.266499,"touchZone":"hovering","type":3,"width":12.6073},{"bases":[[[-0.694832,-0.676421,0.24426],[0.693009,-0.72053,-0.0239798],[0.192217,0.152612,0.969413]],[[-0.683284,-0.667065,0.296896],[0.730145,-0.62613,0.273586],[0.00339566,0.403714,0.914879]],[[-0.683284,-0.667065,0.296896],[0.658042,-0.738793,-0.145485],[0.316393,0.0959625,0.943762]],[[-0.683284,-0.667065,0.296896],[0.474941,-0.714895,-0.513183],[0.554576,-0.209641,0.805293]]],"btipPosition":[-12.9603,73.7073,-53.1344],"carpPosition":[8.15927,90.4291,41.4863],"dipPosition":[-5.54781,70.9053,-42.3709],"direction":[-0.316393,-0.0959625,-0.943762],"extended":true,"handId":144,"id":1444,"length":39.1677,"mcpPosition":[-0.656126,83.43,-2.97253],"pipPosition":[-0.749231,72.3607,-28.0573],"stabilizedTipPosition":[-17.1374,75.8207,-49.0276],"timeVisible":3.00042,"tipPosition":[-9.78285,71.878,-50.5593],"tipVelocity":[237.024,-350.679,184.072],"tool":false,"touchDistance":0.257664,"touchZone":"hovering","type":4,"width":11.1988}],"r":[[0.137626,-0.798383,0.586211],[0.951504,-0.0578325,-0.302151],[0.275135,0.599366,0.751706]],"s":1.20785,"t":[100.984,-42.7844,-81.1425],"timestamp":17924093138},{"currentFrameRate":115.232,"devices":[],"gestures":[],"hands":[{"armBasis":[[-0.442645,-0.863743,-0.240858],[0.884044,-0.375396,-0.278468],[0.150107,-0.336192,0.929754]],"armWidth":46.2573,"confidence":1,"direction":[0.0328579,0.0243444,-0.999164],"elbow":[45.5024,27.5129,266.033],"grabAngle":0.627169,"grabStrength":0,"id":144,"palmNormal":[-0.915902,0.400886,-0.0203523],"palmPosition":[13.1141,110.37,8.19333],"palmVelocity":[106.075,2.12753,187.031],"palmWidth":71.9658,"pinchDistance":61.492,"pinchStrength":0,"r":[[0.147194,-0.789547,0.595776],[0.955175,-0.042953,-0.292911],[0.256857,0.612185,0.747833]],"s":1.20279,"sphereCenter":[4.62887,114.789,-24.3341],"sphereRadius":45.408,"stabilizedPalmPosition":[11.9303,113.977,9.10063],"t":[101.664,-42.9995,-80.1609],"timeVisible":3.00921,"type":"right","wrist":[13.4472,99.3061,67.4861]}],"id":97327,"interactionBox":{"center":[0,200,0],"size":[235.247,235.247,147.751]},"pointables":[{"bases":[[[0.664638,-0.72233,-0.191038],[0.718743,0.548251,0.427585],[-0.204121,-0.421497,0.883558]],[[0.694368,-0.534598,-0.481724],[0.716841,0.455075,0.528247],[-0.0631795,-0.712118,0.699212]],[[0.694368,-0.534598,-0.481724],[0.702825,0.647579,0.294412],[0.154562,-0.542998,0.825387]],[[0.694368,-0.534598,-0.481724],[0.538991,0.829898,-0.144074],[0.476804,-0.159604,0.864398]]],"btipPosition":[3.29095,171.815,-11.0617],"carpPosition":[13.536,126.447,54.0531],"dipPosition":[11.9439,168.918,4.62537],"direction":[-0.154562,0.542998,-0.825387],"extended":true,"handId":144,"id":1440,"length":40.4127,"mcpPosition":[13.536,126.447,54.0531],"pipPosition":[16.0304,154.562,26.4476],"stabilizedTipPosition":[11.4316,173.83,-4.9833],"timeVisible":3.00921,"tipPosition":[8.21672,171.809,-6.87573],"tipVelocity":[-246.181,-45.0164,17.2032],"tool":false,"touchDistance":0.283166,"touchZone":"hovering","type":0,"width":14.1228},{"bases":[[[-0.388859,-0.898716,-0.202727],[0.920538,-0.370081,-0.125102],[0.0374053,-0.235265,0.971211]],[[-0.389366,-0.89517,-0.216945],[0.918246,-0.395718,-0.0152059],[-0.0722371,-0.205129,0.976065]],[[-0.389366,-0.89517,-0.216945],[0.856844,-0.265601,-0.441899],[0.337954,-0.357948,0.870437]],[[-0.389366,-0.89517,-0.216945],[0.595765,-0.0651308,-0.800514],[0.702466,-0.440941,0.55867]]],"btipPosition":[10.0158,147.685,-67.0599],"carpPosition":[25.4267,114.611,45.6854],"dipPosition":[19.3225,141.843,-59.6583],"direction":[-0.337954,0.357948,-0.870437],"extended":true,"handId":144,"id":1441,"length":45.6013,"mcpPosition":[23.2501,128.301,-10.827],"pipPosition":[25.6567,135.135,-43.3441],"stabilizedTipPosition":[13.1513,148.585,-65.9959],"timeVisible":3.00921,"tipPosition":[15.784,144.734,-66.4343],"tipVelocity":[-52.1214,-65.3436,151.486],"tool":false,"touchDistance":0.274156,"touchZone":"hovering","type":1,"width":13.4901},{"bases":[[[-0.531424,-0.845892,-0.0453322],[0.842142,-0.521768,-0.136221],[0.0915755,-0.110567,0.989641]],[[-0.532325,-0.844727,-0.0553656],[0.84457,-0.534409,0.0332953],[-0.0577133,-0.0290362,0.997911]],[[-0.532325,-0.844727,-0.0553656],[0.814168,-0.49296,-0.30679],[0.231861,-0.208389,0.950165]],[[-0.532325,-0.844727,-0.0553656],[0.640279,-0.358977,-0.679101],[0.55378,-0.396952,0.731954]]],"btipPosition":[6.82391,123.13,-80.4135],"carpPosition":[22.9023,105.564,43.1114],"dipPosition":[14.8935,117.346,-69.7475],"direction":[-0.231861,0.208389,-0.950165],"extended":true,"handId":144,"id":1442,"length":51.959,"mcpPosition":[17.8491,111.666,-11.4978],"pipPosition":[20.0062,112.751,-48.7959],"stabilizedTipPosition":[5.97406,124.311,-78.8898],"timeVisible":3.00921,"tipPosition":[11.9352,119.874,-78.6765],"tipVelocity":[159.37,-108.482,164.421],"tool":false,"touchDistance":0.314241,"touchZone":"hovering","type":2,"width":13.249},{"bases":[[[-0.574118,-0.811187,0.111194],[0.804512,-0.584128,-0.107495],[0.15215,0.0277427,0.987968]],[[-0.579188,-0.81166,0.0758198],[0.813689,-0.569963,0.114252],[-0.0495193,0.127867,0.990554]],[[-0.579188,-0.81166,0.0758198],[0.780907,-0.579113,-0.23412],[0.233934,-0.0763911,0.969247]],[[-0.579188,-0.81166,0.0758198],[0.633152,-0.506483,-0.585315],[0.513479,-0.291002,0.807253]]],"btipPosition":[0.0174734,97.1382,-73.8479],"carpPosition":[18.3043,97.0857,41.934],"dipPosition":[7.45685,92.9221,-62.1523],"direction":[-0.233934,0.0763911,-0.969247],"extended":true,"handId":144,"id":1443,"length":49.9599,"mcpPosition":[10.7663,95.7113,-7.01311],"pipPosition":[12.482,91.2812,-41.3319],"stabilizedTipPosition":[-2.67885,98.7014,-72.0656],"timeVisible":3.00921,"tipPosition":[4.43282,94.6561,-71.3803],"tipVelocity":[235.164,-125.438,187.642],"tool":false,"touchDistance":0.297521,"touchZone":"hovering","type":3,"width":12.6073},{"bases":[[[-0.677633,-0.694784,0.241016],[0.715682,-0.698425,-0.00118149],[0.169153,0.17169,0.97052]],[[-0.666963,-0.683943,0.295604],[0.744963,-0.604782,0.281547],[-0.0137856,0.407995,0.91288]],[[-0.666963,-0.683943,0.295604],[0.680108,-0.720875,-0.133389],[0.304324,0.112077,0.945952]],[[-0.666963,-0.683943,0.295604],[0.504409,-0.706463,-0.496469],[0.54839,-0.182021,0.816172]]],"btipPosition":[-10.2559,72.4753,-51.4663],"carpPosition":[9.06907,90.8029,43.3291],"dipPosition":[-2.92611,70.0424,-40.5573],"direction":[-0.304324,-0.112077,-0.945952],"extended":true,"handId":144,"id":1444,"length":39.1677,"mcpPosition":[1.31145,82.9289,-1.18056],"pipPosition":[1.68943,71.7422,-26.2105],"stabilizedTipPosition":[-15.5107,75.0793,-49.0142],"timeVisible":3.00921,"tipPosition":[-6.63348,70.5093,-48.7666],"tipVelocity":[305.26,-130.404,193.43],"tool":false,"touchDistance":0.294056,"touchZone":"hovering","type":4,"width":11.1988}],"r":[[0.147194,-0.789547,0.595776],[0.955175,-0.042953,-0.292911],[0.256857,0.612185,0.747833]],"s":1.20279,"t":[101.664,-42.9995,-80.1609],"timestamp":17924101935},{"currentFrameRate":115.229,"devices":[],"gestures":[],"hands":[{"armBasis":[[-0.380003,-0.887273,-0.261427],[0.912576,-0.313479,-0.262558],[0.151008,-0.338345,0.928827]],"armWidth":46.2573,"confidence":1,"direction":[0.0461374,0.0179519,-0.998774],"elbow":[46.1586,27.7671,267.872],"grabAngle":0.631468,"grabStrength":0,"id":144,"palmNormal":[-0.941793,0.334095,-0.0375002],"palmPosition":[13.7588,110.711,10.1567],"palmVelocity":[74.2354,39.2,226.068],"palmWidth":71.9658,"pinchDistance":61.2235,"pinchStrength":0,"r":[[0.164075,-0.778847,0.605374],[0.959026,-0.0177484,-0.28276],[0.230971,0.626963,0.744022]],"s":1.19886,"sphereCenter":[-2.6771,114.19,-21.7504],"sphereRadius":47.1221,"stabilizedPalmPosition":[11.9536,113.936,9.1141],"t":[102.327,-42.9368,-78.6884],"timeVisible":3.0179,"type":"right","wrist":[13.9111,100.02,69.5226]}],"id":97328,"interactionBox":{"center":[0,200,0],"size":[235.247,235.247,147.751]},"pointables":[{"bases":[[[0.717365,-0.674527,-0.174358],[0.671184,0.601994,0.432569],[-0.186817,-0.427336,0.884581]],[[0.737209,-0.4809,-0.474614],[0.675665,0.524035,0.518521],[-0.000642876,-0.702938,0.711251]],[[0.737209,-0.4809,-0.474614],[0.648708,0.700205,0.298147],[0.188948,-0.527682,0.828161]],[[0.737209,-0.4809,-0.474614],[0.487711,0.864886,-0.118789],[0.467612,-0.143902,0.872142]]],"btipPosition":[-1.11889,171.49,-9.945],"carpPosition":[12.3375,127.174,55.8589],"dipPosition":[7.3673,168.878,5.88255],"direction":[-0.188948,0.527682,-0.828161],"extended":true,"handId":144,"id":1440,"length":40.4127,"mcpPosition":[12.3375,127.174,55.8589],"pipPosition":[12.3629,154.927,27.7782],"stabilizedTipPosition":[8.23952,172.944,-5.38126],"timeVisible":3.0179,"tipPosition":[4.46081,171.467,-5.62674],"tipVelocity":[-512.171,-29.8794,132.294],"tool":false,"touchDistance":0.314589,"touchZone":"hovering","type":0,"width":14.1228},{"bases":[[[-0.320538,-0.925976,-0.199558],[0.946414,-0.304303,-0.108165],[0.0394319,-0.223536,0.973898]],[[-0.321015,-0.923053,-0.211948],[0.945823,-0.32396,-0.0216574],[-0.0486718,-0.207417,0.977041]],[[-0.321015,-0.923053,-0.211948],[0.872277,-0.200994,-0.445796],[0.368893,-0.327984,0.869681]],[[-0.321015,-0.923053,-0.211948],[0.608336,-0.0294477,-0.793133],[0.725863,-0.383543,0.57098]]],"btipPosition":[7.96487,147.294,-65.3033],"carpPosition":[25.1686,116.148,47.7798],"dipPosition":[17.5816,142.212,-57.7385],"direction":[-0.368893,0.327984,-0.869681],"extended":true,"handId":144,"id":1441,"length":45.6013,"mcpPosition":[22.8741,129.155,-8.88896],"pipPosition":[24.4956,136.065,-41.4385],"stabilizedTipPosition":[12.9539,148.421,-65.8345],"timeVisible":3.0179,"tipPosition":[14.73,144.646,-64.6675],"tipVelocity":[-227.933,-24.9589,206.582],"tool":false,"touchDistance":0.304058,"touchZone":"hovering","type":1,"width":13.4901},{"bases":[[[-0.468876,-0.882129,-0.0447636],[0.879235,-0.461303,-0.118937],[0.0842686,-0.0951247,0.991892]],[[-0.469552,-0.881318,-0.0529037],[0.880975,-0.471644,0.0378822],[-0.0583379,-0.0288192,0.997881]],[[-0.469552,-0.881318,-0.0529037],[0.848813,-0.434121,-0.301754],[0.242975,-0.186595,0.951917]],[[-0.469552,-0.881318,-0.0529037],[0.673176,-0.318599,-0.667329],[0.571274,-0.34896,0.742881]]],"btipPosition":[7.18451,122.447,-78.588],"carpPosition":[23.3364,106.921,45.2579],"dipPosition":[15.5091,117.362,-67.7628],"direction":[-0.242975,0.186595,-0.951917],"extended":true,"handId":144,"id":1442,"length":51.959,"mcpPosition":[18.6864,112.17,-9.47557],"pipPosition":[20.8668,113.248,-46.7725],"stabilizedTipPosition":[6.30014,123.994,-78.5985],"timeVisible":3.0179,"tipPosition":[13.0189,119.443,-76.7753],"tipVelocity":[48.2718,-60.127,214.408],"tool":false,"touchDistance":0.344082,"touchZone":"hovering","type":2,"width":13.249},{"bases":[[[-0.516303,-0.849211,0.110784],[0.845727,-0.525945,-0.0901517],[0.134824,0.0471472,0.989747]],[[-0.520307,-0.850277,0.0794336],[0.852019,-0.510565,0.115702],[-0.057823,0.12788,0.990103]],[[-0.520307,-0.850277,0.0794336],[0.819897,-0.523392,-0.232013],[0.23885,-0.0555907,0.969464]],[[-0.520307,-0.850277,0.0794336],[0.670697,-0.464445,-0.578323],[0.528627,-0.24763,0.811932]]],"btipPosition":[1.90845,96.141,-71.8301],"carpPosition":[19.3743,98.1255,44.0968],"dipPosition":[9.56729,92.5533,-60.0666],"direction":[-0.23885,0.0555907,-0.969464],"extended":true,"handId":144,"id":1443,"length":49.9599,"mcpPosition":[12.6947,95.7897,-4.93845],"pipPosition":[14.698,91.3592,-39.2416],"stabilizedTipPosition":[-1.57679,98.1137,-71.5551],"timeVisible":3.0179,"tipPosition":[7.195,93.8227,-69.3616],"tipVelocity":[223.541,-98.1799,234.134],"tool":false,"touchDistance":0.331412,"touchZone":"hovering","type":3,"width":12.6073},{"bases":[[[-0.629822,-0.739393,0.237954],[0.763694,-0.645381,0.0159751],[0.141759,0.191786,0.971145]],[[-0.619968,-0.726273,0.296931],[0.783525,-0.553,0.283336],[-0.0415762,0.408312,0.911895]],[[-0.619968,-0.726273,0.296931],[0.728404,-0.673412,-0.126271],[0.291664,0.138002,0.946513]],[[-0.619968,-0.726273,0.296931],[0.557468,-0.674029,-0.48468],[0.55215,-0.134956,0.82275]]],"btipPosition":[-6.57336,70.9298,-49.474],"carpPosition":[10.5915,91.21,45.4194],"dipPosition":[0.806666,69.126,-38.4772],"direction":[-0.291664,-0.138002,-0.946513],"extended":true,"handId":144,"id":1444,"length":39.1677,"mcpPosition":[4.09023,82.4144,0.881111],"pipPosition":[5.2302,71.219,-24.1218],"stabilizedTipPosition":[-12.6383,73.8465,-48.4553],"timeVisible":3.0179,"tipPosition":[-2.337,69.1061,-46.7021],"tipVelocity":[425.34,-161.286,231.718],"tool":false,"touchDistance":0.329269,"touchZone":"hovering","type":4,"width":11.1988}],"r":[[0.164075,-0.778847,0.605374],[0.959026,-0.0177484,-0.28276],[0.230971,0.626963,0.744022]],"s":1.19886,"t":[102.327,-42.9368,-78.6884],"timestamp":17924110620},{"currentFrameRate":115.249,"devices":[],"gestures":[],"hands":[{"armBasis":[[-0.302986,-0.908877,-0.286605],[0.941013,-0.237787,-0.24073],[0.150643,-0.342637,0.927312]],"armWidth":46.2573,"confidence":1,"direction":[0.055679,0.0143396,-0.998346],"elbow":[46.4317,27.7022,269.445],"grabAngle":0.647051,"grabStrength":0,"id":144,"palmNormal":[-0.966227,0.252745,-0.0502574],"palmPosition":[14.0282,111.291,11.9989],"palmVelocity":[31.1745,67.1033,213.145],"palmWidth":71.9658,"pinchDistance":60.7346,"pinchStrength":0,"r":[[0.18899,-0.765749,0.614745],[0.961907,0.0184352,-0.272754],[0.197528,0.642875,0.740064]],"s":1.19467,"sphereCenter":[-11.0169,112.612,-19.221],"sphereRadius":50.2025,"stabilizedPalmPosition":[11.9748,113.909,9.14366],"t":[102.793,-42.6155,-77.0311],"timeVisible":3.02654,"type":"right","wrist":[14.2621,100.872,71.4192]}],"id":97329,"interactionBox":{"center":[0,200,0],"size":[235.247,235.247,147.751]},"pointables":[{"bases":[[[0.773839,-0.612554,-0.161096],[0.612872,0.659952,0.434571],[-0.159882,-0.435019,0.886113]],[[0.780469,-0.419602,-0.463468],[0.622492,0.590403,0.513739],[0.0580672,-0.689463,0.72199]],[[0.780469,-0.419602,-0.463468],[0.584335,0.753182,0.30211],[0.22231,-0.506608,0.833023]],[[0.780469,-0.419602,-0.463468],[0.424694,0.899852,-0.0995096],[0.458807,-0.119168,0.880508]]],"btipPosition":[-5.79292,170.693,-8.96457],"carpPosition":[10.7036,127.915,57.5437],"dipPosition":[2.53348,168.53,7.01482],"direction":[-0.22231,0.506608,-0.833023],"extended":true,"handId":144,"id":1440,"length":40.4127,"mcpPosition":[10.7036,127.915,57.5437],"pipPosition":[8.41109,155.136,29.039],"stabilizedTipPosition":[2.75479,171.7,-5.33964],"timeVisible":3.02654,"tipPosition":[-0.270455,170.908,-4.40747],"tipVelocity":[-545.04,-80.2746,117.478],"tool":false,"touchDistance":0.33231,"touchZone":"hovering","type":0,"width":14.1228},{"bases":[[[-0.238686,-0.951285,-0.195156],[0.969946,-0.223756,-0.0955957],[0.0472715,-0.212108,0.976102]],[[-0.239183,-0.948935,-0.205702],[0.970677,-0.238929,-0.0264506],[-0.0240482,-0.205996,0.978257]],[[-0.239183,-0.948935,-0.205702],[0.883907,-0.125111,-0.450617],[0.401871,-0.289601,0.868695]],[[-0.239183,-0.948935,-0.205702],[0.61386,0.0163599,-0.789246],[0.752308,-0.315046,0.5786]]],"btipPosition":[5.064,146.763,-63.6408],"carpPosition":[24.5127,117.957,49.6936],"dipPosition":[15.0311,142.589,-55.9751],"direction":[-0.401871,0.289601,-0.868695],"extended":true,"handId":144,"id":1441,"length":45.6013,"mcpPosition":[21.7621,130.299,-7.10348],"pipPosition":[22.5632,137.161,-39.6936],"stabilizedTipPosition":[12.4071,148.166,-65.448],"timeVisible":3.02654,"tipPosition":[12.63,144.696,-63.021],"tipVelocity":[-326.309,-37.2329,195.035],"tool":false,"touchDistance":0.332347,"touchZone":"hovering","type":1,"width":13.4901},{"bases":[[[-0.391936,-0.919019,-0.042311],[0.916432,-0.385963,-0.105759],[0.0808645,-0.0802261,0.993491]],[[-0.392386,-0.918552,-0.0479167],[0.918123,-0.394283,0.0398781],[-0.0555229,-0.0283458,0.998055]],[[-0.392386,-0.918552,-0.0479167],[0.882806,-0.361467,-0.299992],[0.258237,-0.160014,0.952738]],[[-0.392386,-0.918552,-0.0479167],[0.700072,-0.264455,-0.663296],[0.5966,-0.293813,0.746821]]],"btipPosition":[6.72222,121.886,-76.7862],"carpPosition":[23.497,108.589,47.23],"dipPosition":[15.4158,117.604,-65.9035],"direction":[-0.258237,0.160014,-0.952738],"extended":true,"handId":144,"id":1442,"length":51.959,"mcpPosition":[19.0349,113.016,-7.59173],"pipPosition":[21.1101,114.076,-44.8952],"stabilizedTipPosition":[6.48122,123.763,-78.2758],"timeVisible":3.02654,"tipPosition":[13.2992,119.357,-74.9718],"tipVelocity":[-43.6674,-43.5848,209.999],"tool":false,"touchDistance":0.370233,"touchZone":"hovering","type":2,"width":13.249},{"bases":[[[-0.443726,-0.88908,0.112444],[0.888199,-0.452998,-0.0767879],[0.119208,0.0658001,0.990687]],[[-0.446834,-0.890552,0.0851825],[0.892669,-0.437554,0.108118],[-0.0590126,0.12435,0.990482]],[[-0.446834,-0.890552,0.0851825],[0.857441,-0.453483,-0.243202],[0.255213,-0.035632,0.966228]],[[-0.446834,-0.890552,0.0851825],[0.698539,-0.4068,-0.58869],[0.558912,-0.203543,0.803858]]],"btipPosition":[2.86638,95.627,-69.6991],"carpPosition":[20.3076,99.4808,46.1009],"dipPosition":[10.964,92.678,-58.0527],"direction":[-0.255213,0.035632,-0.966228],"extended":true,"handId":144,"id":1443,"length":49.9599,"mcpPosition":[14.4017,96.2208,-2.98086],"pipPosition":[16.4462,91.9126,-37.2971],"stabilizedTipPosition":[-0.719644,97.6835,-70.9387],"timeVisible":3.02654,"tipPosition":[9.34645,93.4636,-67.4013],"tipVelocity":[122.509,-42.4758,243.437],"tool":false,"touchDistance":0.363164,"touchZone":"hovering","type":3,"width":12.6073},{"bases":[[[-0.567562,-0.788337,0.237481],[0.815389,-0.578163,0.0294646],[0.114075,0.210363,0.970945]],[[-0.558701,-0.772571,0.301641],[0.826879,-0.490719,0.27471],[-0.0642123,0.402902,0.912988]],[[-0.558701,-0.772571,0.301641],[0.77756,-0.614459,-0.133568],[0.288537,0.159919,0.944019]],[[-0.558701,-0.772571,0.301641],[0.603092,-0.628112,-0.491686],[0.569327,-0.0927888,0.816858]]],"btipPosition":[-3.32887,69.9757,-47.409],"carpPosition":[12.1279,91.8555,47.3886],"dipPosition":[4.28074,68.7355,-36.4909],"direction":[-0.288537,-0.159919,-0.944019],"extended":true,"handId":144,"id":1444,"length":39.1677,"mcpPosition":[6.89622,82.208,2.85949],"pipPosition":[8.65684,71.1609,-22.1734],"stabilizedT