{"frames":43,"data":[{"currentFrameRate":113.848,"devices":[],"gestures":[],"hands":[{"armBasis":[[0.814441,0.430437,-0.389113],[0.026989,0.641773,0.76642],[0.579618,-0.634705,0.511069]],"armWidth":59.0231,"confidence":1,"direction":[-0.224484,0.501697,-0.835409],"elbow":[233.499,12.8252,244.305],"grabAngle":2.8321,"grabStrength":0,"id":126,"palmNormal":[0.0484431,-0.850483,-0.523767],"palmPosition":[69.6629,195.688,67.779],"palmVelocity":[-3.72286,6.42568,-0.27749],"palmWidth":80.6694,"pinchDistance":49.5338,"pinchStrength":0.361902,"r":[[0.856721,0.515518,-0.0164522],[-0.515168,0.853716,-0.0759671],[-0.0251169,0.0735583,0.996975]],"s":0.951922,"sphereCenter":[98.133,170.688,29.1452],"sphereRadius":52.6685,"stabilizedPalmPosition":[66.8462,194.459,67.5771],"t":[-81.4568,20.6586,121.633],"timeVisible":3.91223,"type":"right","wrist":[94.7528,164.758,121.968]}],"id":157522,"interactionBox":{"center":[0,200,0],"size":[235.247,235.247,147.751]},"pointables":[{"bases":[[[0.921765,0.240039,-0.304518],[-0.104975,0.910503,0.399956],[0.373269,-0.336699,0.864467]],[[0.989952,0.133987,-0.0451931],[-0.124761,0.978058,0.166846],[0.0665567,-0.159531,0.984947]],[[0.989952,0.133987,-0.0451931],[-0.136958,0.988049,-0.0707214],[0.0351772,0.0762004,0.996472]],[[0.989952,0.133987,-0.0451931],[-0.140434,0.968967,-0.203425],[0.0165342,0.207728,0.978047]]],"btipPosition":[39.5389,206.194,-17.9154],"carpPosition":[67.338,182.968,110.348],"dipPosition":[39.7832,209.263,-3.4634],"direction":[-0.0351772,-0.0762004,-0.996472],"extended":true,"handId":126,"id":1261,"length":50.8594,"mcpPosition":[42.9915,204.929,53.963],"pipPosition":[40.5186,210.856,17.3665],"stabilizedTipPosition":[39.4416,207.73,-14.0976],"timeVisible":3.91223,"tipPosition":[38.0274,210.072,-14.0897],"tipVelocity":[-2.93231,-14.7661,-4.82995],"tool":false,"touchDistance":0.306124,"touchZone":"hovering","type":1,"width":18.2543},{"bases":[[[0.304509,0.92219,0.23841],[-0.71734,0.0573582,0.694358],[0.626655,-0.38246,0.67899]],[[0.134375,0.989284,0.0571018],[-0.879678,0.0925622,0.466474],[0.45619,-0.112914,0.88269]],[[0.134375,0.989284,0.0571018],[-0.9749,0.121659,0.186463],[0.177518,-0.0807246,0.980801]],[[0.134375,0.989284,0.0571018],[-0.976761,0.141943,-0.16059],[-0.166974,-0.0341956,0.985368]]],"btipPosition":[41.3041,170.404,22.4551],"carpPosition":[63.348,162.334,110.385],"dipPosition":[37.9244,169.712,42.3995],"direction":[-0.177518,0.0807246,-0.980801],"extended":false,"handId":126,"id":1260,"length":45.0726,"mcpPosition":[63.348,162.334,110.385],"pipPosition":[43.159,167.331,71.3207],"stabilizedTipPosition":[39.9371,170.27,27.3767],"timeVisible":3.91223,"tipPosition":[41.0999,171.266,26.7133],"tipVelocity":[-6.58964,4.86401,-3.23557],"tool":false,"touchDistance":0.291461,"touchZone":"hovering","type":0,"width":19.1104},{"bases":[[[0.96802,0.0335839,-0.248616],[0.0605917,0.930363,0.361598],[0.243447,-0.365098,0.898575]],[[0.95168,0.0554163,-0.302051],[-0.286861,0.511526,-0.80997],[0.109621,0.857479,0.502706]],[[0.95168,0.0554163,-0.302051],[-0.162496,-0.743729,-0.648431],[-0.260578,0.666181,-0.698787]],[[0.95168,0.0554163,-0.302051],[0.0527961,-0.998463,-0.0168387],[-0.30252,0.0000779227,-0.953143]]],"btipPosition":[68.636,157.563,63.3507],"carpPosition":[76.939,187.11,107.211],"dipPosition":[63.7194,157.565,47.8601],"direction":[0.260578,-0.666181,0.698787],"extended":false,"handId":126,"id":1262,"length":57.9502,"mcpPosition":[61.8806,209.693,51.6305],"pipPosition":[57.311,173.948,30.6747],"stabilizedTipPosition":[65.8134,157.417,60.175],"timeVisible":3.91223,"tipPosition":[67.4408,158.096,59.8269],"tipVelocity":[7.98123,7.582,-1.77122],"tool":false,"touchDistance":0.333333,"touchZone":"none","type":2,"width":17.9281},{"bases":[[[0.985954,-0.0907402,-0.14022],[0.137327,0.918272,0.371372],[0.0950622,-0.385411,0.917835]],[[0.978479,-0.0674661,-0.195005],[-0.140958,0.471629,-0.870458],[0.150697,0.879212,0.451969]],[[0.978479,-0.0674661,-0.195005],[-0.174142,-0.776957,-0.604989],[-0.110694,0.625928,-0.771985]],[[0.978479,-0.0674661,-0.195005],[-0.0508195,-0.994721,0.0891474],[-0.19999,-0.0773188,-0.976742]]],"btipPosition":[82.0831,162.166,69.9935],"carpPosition":[87.3018,188.482,104.152],"dipPosition":[78.8515,160.916,54.2106],"direction":[0.110694,-0.625928,0.771985],"extended":false,"handId":126,"id":1263,"length":55.7206,"mcpPosition":[82.0226,209.886,53.1799],"pipPosition":[76.1995,175.912,35.7154],"stabilizedTipPosition":[79.322,161.326,66.917],"timeVisible":3.91223,"tipPosition":[81.0524,162.796,65.0075],"tipVelocity":[5.68949,10.65,-0.91302],"tool":false,"touchDistance":0.333333,"touchZone":"none","type":3,"width":17.0597},{"bases":[[[0.953995,-0.285207,-0.0924696],[0.296863,0.855298,0.424661],[-0.0420273,-0.432576,0.900618]],[[0.951812,-0.229174,-0.203797],[-0.0438579,0.555977,-0.83004],[0.30353,0.79898,0.519134]],[[0.951812,-0.229174,-0.203797],[-0.306244,-0.674731,-0.67153],[0.016389,0.701582,-0.7124]],[[0.951812,-0.229174,-0.203797],[-0.236596,-0.971528,-0.0124911],[-0.195132,0.0601068,-0.978933]]],"btipPosition":[93.8527,168.512,65.1277],"carpPosition":[98.3426,183.471,100.659],"dipPosition":[90.9439,169.408,50.5346],"direction":[-0.016389,-0.701582,0.7124],"extended":false,"handId":126,"id":1264,"length":43.6839,"mcpPosition":[100.503,205.709,54.3594],"pipPosition":[91.2211,181.276,38.4841],"stabilizedTipPosition":[91.292,168.26,61.9774],"timeVisible":3.91223,"tipPosition":[92.908,169.957,59.0672],"tipVelocity":[4.47547,13.8708,1.27357],"tool":false,"touchDistance":0.333333,"touchZone":"none","type":4,"width":15.1538}],"r":[[0.856721,0.515518,-0.0164522],[-0.515168,0.853716,-0.0759671],[-0.0251169,0.0735583,0.996975]],"s":0.951922,"t":[-81.4568,20.6586,121.633],"timestamp":8163458036},{"currentFrameRate":111.553,"devices":[],"gestures":[],"hands":[{"armBasis":[[0.814097,0.432281,-0.387788],[0.0256833,0.640307,0.76769],[0.580161,-0.634933,0.510169]],"armWidth":59.0231,"confidence":1,"direction":[-0.224806,0.501455,-0.835467],"elbow":[233.617,12.8084,244.083],"grabAngle":2.83297,"grabStrength":0,"id":126,"palmNormal":[0.0503718,-0.850287,-0.523904],"palmPosition":[69.6346,195.704,67.7705],"palmVelocity":[-2.18798,1.23,-0.651827],"palmWidth":80.6694,"pinchDistance":49.4552,"pinchStrength":0.360225,"r":[[0.856262,0.516297,-0.0159311],[-0.515905,0.853267,-0.076005],[-0.0256477,0.0732991,0.99698]],"s":0.952016,"sphereCenter":[98.1373,170.746,29.1543],"sphereRadius":52.652,"stabilizedPalmPosition":[66.8567,194.464,67.5778],"t":[-81.4807,20.6776,121.628],"timeVisible":3.92518,"type":"right","wrist":[94.7409,164.796,121.961]}],"id":157523,"interactionBox":{"center":[0,200,0],"size":[235.247,235.247,147.751]},"pointables":[{"bases":[[[0.921541,0.241787,-0.303812],[-0.106926,0.910228,0.400065],[0.373268,-0.336191,0.864665]],[[0.989661,0.136121,-0.0451953],[-0.127016,0.978137,0.164665],[0.0666216,-0.157222,0.985314]],[[0.989661,0.136121,-0.0451953],[-0.139098,0.98773,-0.0710059],[0.0349753,0.0765583,0.996451]],[[0.989661,0.136121,-0.0451953],[-0.142552,0.968273,-0.205246],[0.0158231,0.209566,0.977666]]],"btipPosition":[39.5159,206.043,-17.9486],"carpPosition":[67.3026,182.971,110.335],"dipPosition":[39.7497,209.14,-3.50219],"direction":[-0.0349753,-0.0765583,-0.996451],"extended":true,"handId":126,"id":1261,"length":50.8594,"mcpPosition":[42.9562,204.899,53.9374],"pipPosition":[40.4808,210.74,17.3273],"stabilizedTipPosition":[39.448,207.681,-14.1242],"timeVisible":3.92518,"tipPosition":[38.0441,210.019,-14.1221],"tipVelocity":[-1.96433,-11.1411,-2.66181],"tool":false,"touchDistance":0.30555,"touchZone":"hovering","type":1,"width":18.2543},{"bases":[[[0.302652,0.922697,0.238813],[-0.717939,0.055905,0.693858],[0.62687,-0.381451,0.67936]],[[0.132651,0.989492,0.0575297],[-0.879834,0.0908259,0.466523],[0.456395,-0.112501,0.882636]],[[0.132651,0.989492,0.0575297],[-0.975054,0.119852,0.186831],[0.177973,-0.0808777,0.980706]],[[0.132651,0.989492,0.0575297],[-0.977114,0.140288,-0.159899],[-0.166289,-0.0350024,0.985456]]],"btipPosition":[41.27,170.402,22.4389],"carpPosition":[63.3503,162.33,110.365],"dipPosition":[37.9043,169.694,42.3849],"direction":[-0.177973,0.0808777,-0.980706],"extended":false,"handId":126,"id":1260,"length":45.0726,"mcpPosition":[63.3503,162.33,110.365],"pipPosition":[43.1522,167.309,71.3034],"stabilizedTipPosition":[39.9406,170.269,27.3746],"timeVisible":3.92518,"tipPosition":[41.1419,171.232,26.6815],"tipVelocity":[-2.38303,-0.417427,-1.22672],"tool":false,"touchDistance":0.291196,"touchZone":"hovering","type":0,"width":19.1104},{"bases":[[[0.968134,0.0354048,-0.247919],[0.0586322,0.930399,0.361829],[0.243474,-0.364835,0.898674]],[[0.951792,0.0572181,-0.301361],[-0.287264,0.510799,-0.810286],[0.107572,0.857794,0.502611]],[[0.951792,0.0572181,-0.301361],[-0.160497,-0.744343,-0.648224],[-0.261406,0.665342,-0.699276]],[[0.951792,0.0572181,-0.301361],[0.0548048,-0.998361,-0.0164638],[-0.301809,-0.000845949,-0.953368]]],"btipPosition":[68.6878,157.591,63.3592],"carpPosition":[76.8982,187.131,107.206],"dipPosition":[63.7828,157.577,47.8649],"direction":[0.261406,-0.665342,0.699276],"extended":false,"handId":126,"id":1262,"length":57.9502,"mcpPosition":[61.8382,209.698,51.6193],"pipPosition":[57.354,173.94,30.6675],"stabilizedTipPosition":[65.8247,157.418,60.1726],"timeVisible":3.92518,"tipPosition":[67.487,158.109,59.8092],"tipVelocity":[4.20908,1.85515,0.590075],"tool":false,"touchDistance":0.333333,"touchZone":"none","type":2,"width":17.9281},{"bases":[[[0.986218,-0.0889084,-0.139536],[0.135383,0.918447,0.371655],[0.0951128,-0.385424,0.917825]],[[0.97874,-0.0656369,-0.194321],[-0.141231,0.471369,-0.870555],[0.148737,0.87949,0.452077]],[[0.97874,-0.0656369,-0.194321],[-0.172243,-0.777412,-0.604948],[-0.111361,0.625557,-0.77219]],[[0.97874,-0.0656369,-0.194321],[-0.0489727,-0.994795,0.0893557],[-0.199175,-0.0779395,-0.97686]]],"btipPosition":[82.1177,162.215,69.9994],"carpPosition":[87.2607,188.523,104.155],"dipPosition":[78.8993,160.956,54.2145],"direction":[0.111361,-0.625557,0.772189],"extended":false,"handId":126,"id":1263,"length":55.7206,"mcpPosition":[81.9786,209.927,53.1832],"pipPosition":[76.2313,175.943,35.7145],"stabilizedTipPosition":[79.3344,161.33,66.9137],"timeVisible":3.92518,"tipPosition":[81.0865,162.833,65.002],"tipVelocity":[2.90442,3.65504,0.419517],"tool":false,"touchDistance":0.333333,"touchZone":"none","type":3,"width":17.0597},{"bases":[[[0.954581,-0.283443,-0.0918469],[0.294995,0.855754,0.425046],[-0.0418779,-0.432835,0.9005]],[[0.952377,-0.227406,-0.203138],[-0.0443314,0.555852,-0.830098],[0.301684,0.799572,0.5193]],[[0.952377,-0.227406,-0.203138],[-0.30453,-0.675497,-0.67154],[0.0154933,0.70142,-0.712579]],[[0.952377,-0.227406,-0.203138],[-0.234729,-0.971982,-0.0123842],[-0.19463,0.0594767,-0.979072]]],"btipPosition":[93.8797,168.581,65.1433],"carpPosition":[98.3131,183.532,100.668],"dipPosition":[90.9783,169.468,50.5482],"direction":[-0.0154933,-0.70142,0.712579],"extended":false,"handId":126,"id":1264,"length":43.6839,"mcpPosition":[100.466,205.784,54.375],"pipPosition":[91.2404,181.333,38.4947],"stabilizedTipPosition":[91.3043,168.263,61.9761],"timeVisible":3.92518,"tipPosition":[92.9331,170.016,59.0727],"tipVelocity":[2.21693,5.16828,1.16963],"tool":false,"touchDistance":0.333333,"touchZone":"none","type":4,"width":15.1538}],"r":[[0.856262,0.516297,-0.0159311],[-0.515905,0.853267,-0.076005],[-0.0256477,0.0732991,0.99698]],"s":0.952016,"t":[-81.4807,20.6776,121.628],"timestamp":8163470983},{"currentFrameRate":112.744,"devices":[],"gestures":[],"hands":[{"armBasis":[[0.813921,0.433601,-0.386681],[0.024566,0.639291,0.768573],[0.580456,-0.635057,0.50968]],"armWidth":59.0231,"confidence":1,"direction":[-0.225082,0.501301,-0.835485],"elbow":[233.686,12.8205,243.962],"grabAngle":2.83345,"grabStrength":0,"id":126,"palmNormal":[0.0519353,-0.850096,-0.52406],"palmPosition":[69.6204,195.729,67.7651],"palmVelocity":[-2.0999,3.70946,-0.800862],"palmWidth":80.6694,"pinchDistance":49.3938,"pinchStrength":0.358792,"r":[[0.855741,0.517175,-0.015395],[-0.51674,0.852757,-0.0760569],[-0.0262065,0.0730402,0.996985]],"s":0.952142,"sphereCenter":[98.1493,170.805,29.1567],"sphereRadius":52.6438,"stabilizedPalmPosition":[66.8624,194.467,67.5782],"t":[-81.4998,20.6997,121.623],"timeVisible":3.93197,"type":"right","wrist":[94.7389,164.837,121.957]}],"id":157524,"interactionBox":{"center":[0,200,0],"size":[235.247,235.247,147.751]},"pointables":[{"bases":[[[0.921351,0.243226,-0.303239],[-0.108508,0.90998,0.400202],[0.373281,-0.335823,0.864803]],[[0.989401,0.137937,-0.045382],[-0.128902,0.978186,0.162902],[0.0668622,-0.155325,0.985598]],[[0.989401,0.137937,-0.045382],[-0.140911,0.987501,-0.0706103],[0.0350749,0.0762567,0.996471]],[[0.989401,0.137937,-0.045382],[-0.144388,0.967741,-0.206471],[0.015438,0.210835,0.9774]]],"btipPosition":[39.4904,205.949,-17.9741],"carpPosition":[67.2833,182.983,110.326],"dipPosition":[39.7185,209.064,-3.53168],"direction":[-0.0350749,-0.0762567,-0.996471],"extended":true,"handId":126,"id":1261,"length":50.8594,"mcpPosition":[42.9361,204.887,53.9189],"pipPosition":[40.4517,210.658,17.2982],"stabilizedTipPosition":[39.4505,207.654,-14.1381],"timeVisible":3.93197,"tipPosition":[38.0645,209.993,-14.1455],"tipVelocity":[-3.94148,-13.2792,-3.89547],"tool":false,"touchDistance":0.305109,"touchZone":"hovering","type":1,"width":18.2543},{"bases":[[[0.301141,0.923095,0.239185],[-0.718413,0.0546833,0.693464],[0.627054,-0.380664,0.679631]],[[0.131285,0.989648,0.0579691],[-0.879938,0.0893996,0.466601],[0.456588,-0.112267,0.882566]],[[0.131285,0.989648,0.0579691],[-0.975113,0.118376,0.187463],[0.17866,-0.0811375,0.98056]],[[0.131285,0.989648,0.0579691],[-0.977483,0.138972,-0.158786],[-0.165198,-0.0358177,0.98561]]],"btipPosition":[41.2306,170.423,22.4269],"carpPosition":[63.3618,162.337,110.349],"dipPosition":[37.8869,169.698,42.3761],"direction":[-0.17866,0.0811375,-0.98056],"extended":false,"handId":126,"id":1260,"length":45.0726,"mcpPosition":[63.3618,162.337,110.349],"pipPosition":[43.1551,167.305,71.2903],"stabilizedTipPosition":[39.9423,170.269,27.3734],"timeVisible":3.93197,"tipPosition":[41.1832,171.218,26.6568],"tipVelocity":[-5.0597,2.44112,-1.65426],"tool":false,"touchDistance":0.291009,"touchZone":"hovering","type":0,"width":19.1104},{"bases":[[[0.968219,0.0369022,-0.247365],[0.0570406,0.930406,0.362064],[0.243511,-0.364668,0.898733]],[[0.951875,0.0587027,-0.300811],[-0.287583,0.510427,-0.810407],[0.105969,0.857915,0.502745]],[[0.951875,0.0587027,-0.300811],[-0.158947,-0.744627,-0.64828],[-0.262048,0.664895,-0.699461]],[[0.951875,0.0587027,-0.300811],[0.0563569,-0.998275,-0.0164779],[-0.301259,-0.00126789,-0.953541]]],"btipPosition":[68.7355,157.621,63.3541],"carpPosition":[76.8744,187.158,107.203],"dipPosition":[63.8394,157.6,47.857],"direction":[0.262048,-0.664895,0.699461],"extended":false,"handId":126,"id":1262,"length":57.9502,"mcpPosition":[61.8122,209.715,51.6125],"pipPosition":[57.3948,173.952,30.6551],"stabilizedTipPosition":[65.8309,157.418,60.1712],"timeVisible":3.93197,"tipPosition":[67.5334,158.132,59.7944],"tipVelocity":[7.31972,4.16673,-0.834448],"tool":false,"touchDistance":0.333333,"touchZone":"none","type":2,"width":17.9281},{"bases":[[[0.986428,-0.0874075,-0.138998],[0.133803,0.918566,0.371931],[0.0951692,-0.385482,0.917795]],[[0.978946,-0.0641352,-0.193782],[-0.141439,0.471362,-0.870524],[0.147173,0.879605,0.452367]],[[0.978946,-0.0641352,-0.193782],[-0.170732,-0.777594,-0.605144],[-0.111873,0.625488,-0.772172]],[[0.978946,-0.0641352,-0.193782],[-0.0475094,-0.994874,0.0892617],[-0.198514,-0.0781759,-0.976975]]],"btipPosition":[82.1525,162.263,69.9943],"carpPosition":[87.2366,188.566,104.158],"dipPosition":[78.9447,161,54.2076],"direction":[0.111873,-0.625488,0.772172],"extended":false,"handId":126,"id":1263,"length":55.7206,"mcpPosition":[81.9514,209.974,53.1878],"pipPosition":[76.2645,175.985,35.7079],"stabilizedTipPosition":[79.3411,161.332,66.912],"timeVisible":3.93197,"tipPosition":[81.1229,162.875,64.9962],"tipVelocity":[5.48469,6.91463,-0.816593],"tool":false,"touchDistance":0.333333,"touchZone":"none","type":3,"width":17.0597},{"bases":[[[0.955054,-0.282,-0.0913693],[0.293479,0.8561,0.425398],[-0.0417409,-0.433093,0.900382]],[[0.95283,-0.225947,-0.20264],[-0.0447079,0.555894,-0.83005],[0.300193,0.799956,0.519571]],[[0.95283,-0.225947,-0.20264],[-0.303143,-0.675943,-0.671718],[0.0147992,0.701462,-0.712553]],[[0.95283,-0.225947,-0.20264],[-0.233243,-0.972337,-0.0125568],[-0.194197,0.0592288,-0.979173]]],"btipPosition":[93.9088,168.647,65.1503],"carpPosition":[98.2984,183.593,100.676],"dipPosition":[91.0139,169.53,50.5536],"direction":[-0.0147992,-0.701462,0.712553],"extended":false,"handId":126,"id":1264,"length":43.6839,"mcpPosition":[100.444,205.858,54.3891],"pipPosition":[91.2642,181.395,38.5005],"stabilizedTipPosition":[91.311,168.265,61.9755],"timeVisible":3.93197,"tipPosition":[92.9621,170.077,59.0758],"tipVelocity":[4.50371,9.48875,0.969815],"tool":false,"touchDistance":0.333333,"touchZone":"none","type":4,"width":15.1538}],"r":[[0.855741,0.517175,-0.015395],[-0.51674,0.852757,-0.0760569],[-0.0262065,0.0730402,0.996985]],"s":0.952142,"t":[-81.4998,20.6997,121.623],"timestamp":8163477775},{"currentFrameRate":114.004,"devices":[],"gestures":[],"hands":[{"armBasis":[[0.813725,0.434656,-0.38591],[0.0238391,0.638415,0.769323],[0.580761,-0.635217,0.509132]],"armWidth":59.0231,"confidence":1,"direction":[-0.225367,0.500597,-0.83583],"elbow":[233.747,12.8243,243.867],"grabAngle":2.83364,"grabStrength":0,"id":126,"palmNormal":[0.0532226,-0.850294,-0.52361],"palmPosition":[69.5938,195.725,67.7855],"palmVelocity":[-4.02406,-0.619476,3.0906],"palmWidth":80.6694,"pinchDistance":49.3641,"pinchStrength":0.357454,"r":[[0.855194,0.518092,-0.0149476],[-0.517616,0.852211,-0.0762274],[-0.0267543,0.0729264,0.996978]],"s":0.952339,"sphereCenter":[98.1415,170.805,29.1941],"sphereRadius":52.6443,"stabilizedPalmPosition":[66.8677,194.469,67.5786],"t":[-81.5226,20.7087,121.63],"timeVisible":3.93857,"type":"right","wrist":[94.7269,164.88,121.994]}],"id":157525,"interactionBox":{"center":[0,200,0],"size":[235.247,235.247,147.751]},"pointables":[{"bases":[[[0.921169,0.244234,-0.30298],[-0.10982,0.910044,0.399699],[0.373345,-0.334917,0.865126]],[[0.989155,0.139524,-0.0458943],[-0.130505,0.978249,0.161236],[0.0673923,-0.153498,0.985848]],[[0.989155,0.139524,-0.0458943],[-0.142505,0.987329,-0.0698135],[0.0355721,0.0755966,0.996504]],[[0.989155,0.139524,-0.0458943],[-0.146065,0.967258,-0.207549],[0.0154337,0.212001,0.977147]]],"btipPosition":[39.4281,205.833,-17.9756],"carpPosition":[67.2552,182.997,110.351],"dipPosition":[39.6561,208.965,-3.53691],"direction":[-0.0355721,-0.0755966,-0.996504],"extended":true,"handId":126,"id":1261,"length":50.8594,"mcpPosition":[42.9037,204.842,53.9236],"pipPosition":[40.3997,210.546,17.2936],"stabilizedTipPosition":[39.4513,207.626,-14.1514],"timeVisible":3.93857,"tipPosition":[38.0599,209.894,-14.1475],"tipVelocity":[-9.45155,-16.9769,-0.357073],"tool":false,"touchDistance":0.30507,"touchZone":"hovering","type":1,"width":18.2543},{"bases":[[[0.29988,0.923594,0.238844],[-0.718768,0.0541276,0.693139],[0.627251,-0.379532,0.680082]],[[0.13023,0.9898,0.0577512],[-0.879961,0.0885468,0.46672],[0.456846,-0.1116,0.882518]],[[0.13023,0.9898,0.0577512],[-0.975102,0.117316,0.188185],[0.179491,-0.0808206,0.980434]],[[0.13023,0.9898,0.0577512],[-0.977837,0.13785,-0.157585],[-0.163938,-0.035949,0.985815]]],"btipPosition":[41.1671,170.396,22.4632],"carpPosition":[63.3596,162.346,110.383],"dipPosition":[37.8489,169.668,42.4166],"direction":[-0.179491,0.0808206,-0.980434],"extended":false,"handId":126,"id":1260,"length":45.0726,"mcpPosition":[63.3596,162.346,110.383],"pipPosition":[43.1416,167.285,71.327],"stabilizedTipPosition":[39.9438,170.269,27.3723],"timeVisible":3.93857,"tipPosition":[41.1999,171.152,26.6799],"tipVelocity":[-8.7374,-4.14096,5.64924],"tool":false,"touchDistance":0.29163,"touchZone":"hovering","type":0,"width":19.1104},{"bases":[[[0.968275,0.0379969,-0.246983],[0.0557191,0.93066,0.361619],[0.243597,-0.363908,0.899017]],[[0.951925,0.05975,-0.300447],[-0.287893,0.509631,-0.810799],[0.104672,0.858316,0.502332]],[[0.951925,0.05975,-0.300447],[-0.157715,-0.745218,-0.647901],[-0.262611,0.664139,-0.699968]],[[0.951925,0.05975,-0.300447],[0.0576301,-0.998211,-0.0159215],[-0.300861,-0.00215874,-0.953666]]],"btipPosition":[68.7594,157.615,63.396],"carpPosition":[76.8423,187.183,107.231],"dipPosition":[63.8698,157.58,47.8969],"direction":[0.262611,-0.664139,0.699968],"extended":false,"handId":126,"id":1262,"length":57.9502,"mcpPosition":[61.7747,209.693,51.6226],"pipPosition":[57.4114,173.913,30.6825],"stabilizedTipPosition":[65.836,157.419,60.1703],"timeVisible":3.93857,"tipPosition":[67.5575,158.122,59.8329],"tipVelocity":[3.85871,-1.37126,6.27062],"tool":false,"touchDistance":0.333333,"touchZone":"none","type":2,"width":17.9281},{"bases":[[[0.986594,-0.0862352,-0.138546],[0.132493,0.918921,0.371523],[0.0952744,-0.384899,0.918028]],[[0.979106,-0.0629999,-0.193345],[-0.141651,0.470874,-0.870754],[0.145899,0.879948,0.452112]],[[0.979106,-0.0629999,-0.193345],[-0.169508,-0.778082,-0.60486],[-0.112332,0.624996,-0.772504]],[[0.979106,-0.0629999,-0.193345],[-0.0462809,-0.994883,0.0898065],[-0.198014,-0.0789819,-0.977012]]],"btipPosition":[82.1662,162.279,70.031],"carpPosition":[87.204,188.603,104.189],"dipPosition":[78.9665,161.002,54.2437],"direction":[0.112332,-0.624996,0.772504],"extended":false,"handId":126,"id":1263,"length":55.7206,"mcpPosition":[81.9129,209.978,53.2061],"pipPosition":[76.2753,175.976,35.7361],"stabilizedTipPosition":[79.3464,161.334,66.9106],"timeVisible":3.93857,"tipPosition":[81.139,162.884,65.0385],"tipVelocity":[2.35707,1.91463,5.54253],"tool":false,"touchDistance":0.333333,"touchZone":"none","type":3,"width":17.0597},{"bases":[[[0.955446,-0.280843,-0.0908322],[0.292224,0.856683,0.425088],[-0.0415684,-0.432692,0.900583]],[[0.953198,-0.224848,-0.202132],[-0.0450643,0.555418,-0.830349],[0.29897,0.800596,0.51929]],[[0.953198,-0.224848,-0.202132],[-0.302015,-0.676714,-0.67145],[0.014189,0.701071,-0.71295]],[[0.953198,-0.224848,-0.202132],[-0.231996,-0.972642,-0.0120766],[-0.193886,0.0584052,-0.979284]]],"btipPosition":[93.9181,168.674,65.1953],"carpPosition":[98.2734,183.642,100.715],"dipPosition":[91.0278,169.545,50.5969],"direction":[-0.014189,-0.701071,0.71295],"extended":false,"handId":126,"id":1264,"length":43.6839,"mcpPosition":[100.41,205.886,54.4172],"pipPosition":[91.2678,181.403,38.5372],"stabilizedTipPosition":[91.3165,168.267,61.9751],"timeVisible":3.93857,"tipPosition":[92.9715,170.098,59.1192],"tipVelocity":[1.5686,3.71015,6.75875],"tool":false,"touchDistance":0.333333,"touchZone":"none","type":4,"width":15.1538}],"r":[[0.855194,0.518092,-0.0149476],[-0.517616,0.852211,-0.0762274],[-0.0267543,0.0729264,0.996978]],"s":0.952339,"t":[-81.5226,20.7087,121.63],"timestamp":8163484374},{"currentFrameRate":114.811,"devices":[],"gestures":[],"hands":[{"armBasis":[[0.813571,0.435489,-0.385294],[0.0233412,0.637632,0.769988],[0.580997,-0.635433,0.508594]],"armWidth":59.0231,"confidence":1,"direction":[-0.225733,0.499964,-0.83611],"elbow":[233.786,12.817,243.793],"grabAngle":2.83327,"grabStrength":0,"id":126,"palmNormal":[0.0542564,-0.850479,-0.523204],"palmPosition":[69.5571,195.728,67.829],"palmVelocity":[-5.00284,0.495312,5.93858],"palmWidth":80.6694,"pinchDistance":49.3864,"pinchStrength":0.356406,"r":[[0.854644,0.519008,-0.0146018],[-0.518498,0.851653,-0.0764653],[-0.0272505,0.0729216,0.996965]],"s":0.952658,"sphereCenter":[98.1283,170.817,29.2408],"sphereRadius":52.662,"stabilizedPalmPosition":[66.8728,194.471,67.5791],"t":[-81.5524,20.715,121.656],"timeVisible":3.9459,"type":"right","wrist":[94.7095,164.924,122.049]}],"id":157526,"interactionBox":{"center":[0,200,0],"size":[235.247,235.247,147.751]},"pointables":[{"bases":[[[0.920968,0.245093,-0.302899],[-0.110892,0.91011,0.399253],[0.373526,-0.33411,0.865361]],[[0.988933,0.140892,-0.0464915],[-0.131798,0.978154,0.160764],[0.0681261,-0.152857,0.985897]],[[0.988933,0.140892,-0.0464915],[-0.143834,0.987294,-0.0675434],[0.0363845,0.0734829,0.996633]],[[0.988933,0.140892,-0.0464915],[-0.147516,0.967213,-0.206733],[0.0158402,0.211303,0.977292]]],"btipPosition":[39.3342,205.832,-17.9486],"carpPosition":[67.2233,183.018,110.4],"dipPosition":[39.5683,208.954,-3.50776],"direction":[-0.0363845,-0.0734829,-0.996633],"extended":true,"handId":126,"id":1261,"length":50.8594,"mcpPosition":[42.8601,204.811,53.9573],"pipPosition":[40.3288,210.49,17.3255],"stabilizedTipPosition":[39.4495,207.595,-14.1647],"timeVisible":3.9459,"tipPosition":[38.0332,209.806,-14.1202],"tipVelocity":[-12.6178,-0.47524,3.75153],"tool":false,"touchDistance":0.305528,"touchZone":"hovering","type":1,"width":18.2543},{"bases":[[[0.298826,0.92403,0.238478],[-0.718973,0.053669,0.692963],[0.627519,-0.378535,0.68039]],[[0.129368,0.989925,0.0575554],[-0.879915,0.0878429,0.466939],[0.457179,-0.111051,0.882414]],[[0.129368,0.989925,0.0575554],[-0.975033,0.116428,0.18909],[0.180483,-0.0805805,0.980272]],[[0.129368,0.989925,0.0575554],[-0.978188,0.136916,-0.156209],[-0.162515,-0.0360916,0.986046]]],"btipPosition":[41.0848,170.384,22.5256],"carpPosition":[63.3502,162.363,110.441],"dipPosition":[37.7954,169.654,42.4837],"direction":[-0.180483,0.0805805,-0.980272],"extended":false,"handId":126,"id":1260,"length":45.0726,"mcpPosition":[63.3502,162.363,110.441],"pipPosition":[43.1174,167.277,71.3893],"stabilizedTipPosition":[39.9451,170.269,27.3715],"timeVisible":3.9459,"tipPosition":[41.1938,171.101,26.7311],"tipVelocity":[-10.3184,-1.70435,8.66031],"tool":false,"touchDistance":0.292688,"touchZone":"hovering","type":0,"width":19.1104},{"bases":[[[0.968285,0.0389335,-0.246796],[0.0546323,0.930887,0.361198],[0.243802,-0.363226,0.899237]],[[0.951923,0.0606439,-0.300274],[-0.288258,0.509078,-0.811016],[0.103679,0.858582,0.502084]],[[0.951923,0.0606439,-0.300274],[-0.156833,-0.745529,-0.647757],[-0.263146,0.663708,-0.700176]],[[0.951923,0.0606439,-0.300274],[0.0586441,-0.998156,-0.0156772],[-0.300671,-0.00268582,-0.953724]]],"btipPosition":[68.7625,157.611,63.4478],"carpPosition":[76.8066,187.213,107.28],"dipPosition":[63.8759,157.567,47.9477],"direction":[0.263146,-0.663708,0.700176],"extended":false,"handId":126,"id":1262,"length":57.9502,"mcpPosition":[61.7263,209.68,51.658],"pipPosition":[57.4044,173.89,30.7282],"stabilizedTipPosition":[65.8403,157.419,60.1696],"timeVisible":3.9459,"tipPosition":[67.5634,158.119,59.8934],"tipVelocity":[0.509607,-0.851788,7.03567],"tool":false,"touchDistance":0.333333,"touchZone":"none","type":2,"width":17.9281},{"bases":[[[0.986717,-0.0852283,-0.138298],[0.131416,0.919237,0.371125],[0.095498,-0.384369,0.918227]],[[0.979215,-0.0620266,-0.193109],[-0.141942,0.470533,-0.870891],[0.144883,0.8802,0.451948]],[[0.979215,-0.0620266,-0.193109],[-0.168552,-0.778452,-0.604651],[-0.112822,0.624632,-0.772727]],[[0.979215,-0.0620266,-0.193109],[-0.0452149,-0.994889,0.0902832],[-0.197722,-0.0796752,-0.977015]]],"btipPosition":[82.1634,162.299,70.0822],"carpPosition":[87.1673,188.642,104.239],"dipPosition":[78.9684,161.012,54.2948],"direction":[0.112822,-0.624632,0.772727],"extended":false,"handId":126,"id":1263,"length":55.7206,"mcpPosition":[81.8639,209.988,53.2456],"pipPosition":[76.2655,175.977,35.7819],"stabilizedTipPosition":[79.3511,161.335,66.9096],"timeVisible":3.9459,"tipPosition":[81.1387,162.898,65.1007],"tipVelocity":[-0.232041,2.43414,6.98646],"tool":false,"touchDistance":0.333333,"touchZone":"none","type":3,"width":17.0597},{"bases":[[[0.955769,-0.279847,-0.0905001],[0.291204,0.857197,0.424752],[-0.0412892,-0.432319,0.900775]],[[0.953483,-0.223903,-0.201835],[-0.0454768,0.55505,-0.830573],[0.297996,0.801116,0.519048]],[[0.953483,-0.223903,-0.201835],[-0.30114,-0.677346,-0.671206],[0.0135731,0.700764,-0.713264]],[[0.953483,-0.223903,-0.201835],[-0.230925,-0.972902,-0.0116327],[-0.193761,0.0577003,-0.979351]]],"btipPosition":[93.9116,168.705,65.2543],"carpPosition":[98.2429,183.692,100.77],"dipPosition":[91.0231,169.565,50.655],"direction":[-0.0135731,-0.700764,0.713264],"extended":false,"handId":126,"id":1264,"length":43.6839,"mcpPosition":[100.366,205.917,54.4625],"pipPosition":[91.2527,181.418,38.5899],"stabilizedTipPosition":[91.3212,168.268,61.9749],"timeVisible":3.9459,"tipPosition":[92.9645,170.123,59.1801],"tipVelocity":[-0.834294,3.85404,8.02214],"tool":false,"touchDistance":0.333333,"touchZone":"none","type":4,"width":15.1538}],"r":[[0.854644,0.519008,-0.0146018],[-0.518498,0.851653,-0.0764653],[-0.0272505,0.0729216,0.996965]],"s":0.952658,"t":[-81.5524,20.715,121.656],"timestamp":8163491704},{"currentFrameRate":114.265,"devices":[],"gestures":[],"hands":[{"armBasis":[[0.813535,0.435363,-0.385512],[0.0238315,0.637426,0.770143],[0.581027,-0.635726,0.508193]],"armWidth":59.0231,"confidence":1,"direction":[-0.226036,0.499001,-0.836604],"elbow":[233.778,12.8049,243.754],"grabAngle":2.83201,"grabStrength":0,"id":126,"palmNormal":[0.0541919,-0.85106,-0.522265],"palmPosition":[69.5238,195.733,67.866],"palmVelocity":[-3.44288,0.477217,3.81726],"palmWidth":80.6694,"pinchDistance":49.4947,"pinchStrength":0.356072,"r":[[0.854192,0.519756,-0.0144928],[-0.519226,0.851178,-0.0768162],[-0.0275897,0.0731408,0.99694]],"s":0.953163,"sphereCenter":[98.091,170.79,29.2723],"sphereRadius":52.7015,"stabilizedPalmPosition":[66.8784,194.474,67.5797],"t":[-81.5839,20.7205,121.687],"timeVisible":3.95558,"type":"right","wrist":[94.6946,164.982,122.105]}],"id":157527,"interactionBox":{"center":[0,200,0],"size":[235.247,235.247,147.751]},"pointables":[{"bases":[[[0.920851,0.244852,-0.303449],[-0.110871,0.910546,0.398264],[0.37382,-0.333098,0.865624]],[[0.988822,0.141264,-0.0476955],[-0.131927,0.978007,0.161545],[0.069467,-0.153447,0.985712]],[[0.988822,0.141264,-0.0476955],[-0.144136,0.987527,-0.063374],[0.0381481,0.0695402,0.996849]],[[0.988822,0.141264,-0.0476955],[-0.148087,0.967706,-0.204],[0.0173374,0.208782,0.977808]]],"btipPosition":[39.1869,205.959,-17.9192],"carpPosition":[67.204,183.07,110.452],"dipPosition":[39.4431,209.045,-3.47068],"direction":[-0.0381481,-0.0695402,-0.996849],"extended":true,"handId":126,"id":1261,"length":50.8594,"mcpPosition":[42.8217,204.797,53.992],"pipPosition":[40.2406,210.498,17.3671],"stabilizedTipPosition":[39.4421,207.562,-14.1805],"timeVisible":3.95558,"tipPosition":[37.9928,209.67,-14.0971],"tipVelocity":[-14.6816,12.3086,3.22338],"tool":false,"touchDistance":0.306048,"touchZone":"hovering","type":1,"width":18.2543},{"bases":[[[0.298798,0.924329,0.237351],[-0.718772,0.0543699,0.693116],[0.627763,-0.377703,0.680628]],[[0.129514,0.989958,0.0566535],[-0.879636,0.0883344,0.467373],[0.457675,-0.110366,0.882243]],[[0.129514,0.989958,0.0566535],[-0.974769,0.116636,0.190321],[0.181802,-0.0798734,0.980086]],[[0.129514,0.989958,0.0566535],[-0.978466,0.136854,-0.154517],[-0.160719,-0.0354213,0.986364]]],"btipPosition":[40.9706,170.371,22.6085],"carpPosition":[63.3331,162.415,110.517],"dipPosition":[37.7176,169.654,42.573],"direction":[-0.181802,0.0798734,-0.980086],"extended":false,"handId":126,"id":1260,"length":45.0726,"mcpPosition":[63.3331,162.415,110.517],"pipPosition":[43.0784,167.299,71.4731],"stabilizedTipPosition":[39.9462,170.269,27.3708],"timeVisible":3.95558,"tipPosition":[41.1464,171.052,26.8061],"tipVelocity":[-10.9321,-1.00975,8.70847],"tool":false,"touchDistance":0.294094,"touchZone":"hovering","type":0,"width":19.1104},{"bases":[[[0.968207,0.0387602,-0.247128],[0.0546398,0.931298,0.360137],[0.244109,-0.36219,0.899572]],[[0.951827,0.0604088,-0.300626],[-0.288489,0.508678,-0.811185],[0.103919,0.858835,0.5016]],[[0.951827,0.0604088,-0.300626],[-0.157191,-0.745655,-0.647525],[-0.263279,0.663588,-0.700239]],[[0.951827,0.0604088,-0.300626],[0.0584818,-0.998169,-0.0154134],[-0.301006,-0.00291024,-0.953618]]],"btipPosition":[68.7216,157.592,63.4914],"carpPosition":[76.7859,187.263,107.324],"dipPosition":[63.8296,157.545,47.9931],"direction":[0.263279,-0.663588,0.700239],"extended":false,"handId":126,"id":1262,"length":57.9502,"mcpPosition":[61.6867,209.666,51.6817],"pipPosition":[57.3547,173.865,30.772],"stabilizedTipPosition":[65.8451,157.42,60.1689],"timeVisible":3.95558,"tipPosition":[67.5319,158.113,59.9731],"tipVelocity":[-4.35233,-1.98208,4.5464],"tool":false,"touchDistance":0.333333,"touchZone":"none","type":2,"width":17.9281},{"bases":[[[0.986685,-0.0852777,-0.138496],[0.131428,0.919667,0.370053],[0.0958131,-0.383328,0.918629]],[[0.979164,-0.0621384,-0.193332],[-0.142182,0.469963,-0.871159],[0.144991,0.880496,0.451336]],[[0.979164,-0.0621384,-0.193332],[-0.168699,-0.778868,-0.604074],[-0.113044,0.624102,-0.773122]],[[0.979164,-0.0621384,-0.193332],[-0.0451151,-0.994806,0.091245],[-0.197997,-0.0806216,-0.976881]]],"btipPosition":[82.1297,162.305,70.1304],"carpPosition":[87.1456,188.69,104.279],"dipPosition":[78.9303,161.003,54.3453],"direction":[0.113044,-0.624102,0.773122],"extended":false,"handId":126,"id":1263,"length":55.7206,"mcpPosition":[81.8246,209.978,53.2629],"pipPosition":[76.222,175.955,35.8229],"stabilizedTipPosition":[79.3559,161.337,66.9087],"timeVisible":3.95558,"tipPosition":[81.1086,162.9,65.1731],"tipVelocity":[-3.58199,0.26555,5.03473],"tool":false,"touchDistance":0.333333,"touchZone":"none","type":3,"width":17.0597},{"bases":[[[0.955773,-0.279846,-0.0904709],[0.291239,0.857704,0.423702],[-0.0409741,-0.431312,0.901272]],[[0.953445,-0.224015,-0.201891],[-0.0457431,0.554296,-0.831062],[0.298078,0.801607,0.518244]],[[0.953445,-0.224015,-0.201891],[-0.301272,-0.677936,-0.670551],[0.0133439,0.700157,-0.713864]],[[0.953445,-0.224015,-0.201891],[-0.230843,-0.972933,-0.0106243],[-0.194047,0.0567349,-0.97935]]],"btipPosition":[93.8788,168.707,65.3054],"carpPosition":[98.2207,183.737,100.812],"dipPosition":[90.9861,169.553,50.7061],"direction":[-0.0133439,-0.700157,0.713864],"extended":false,"handId":126,"id":1264,"length":43.6839,"mcpPosition":[100.327,205.91,54.4788],"pipPosition":[91.2118,181.396,38.6308],"stabilizedTipPosition":[91.3261,168.27,61.9748],"timeVisible":3.95558,"tipPosition":[92.9315,170.119,59.2405],"tipVelocity":[-3.48621,-0.0754042,5.27569],"tool":false,"touchDistance":0.333333,"touchZone":"none","type":4,"width":15.1538}],"r":[[0.854192,0.519756,-0.0144928],[-0.519226,0.851178,-0.0768162],[-0.0275897,0.0731408,0.99694]],"s":0.953163,"t":[-81.5839,20.7205,121.687],"timestamp":8163501388},{"currentFrameRate":114.832,"devices":[],"gestures":[],"hands":[{"armBasis":[[0.81353,0.434409,-0.386598],[0.0251892,0.637855,0.769745],[0.580978,-0.635948,0.507971]],"armWidth":59.0231,"confidence":1,"direction":[-0.226763,0.496902,-0.837656],"elbow":[233.772,12.8396,243.779],"grabAngle":2.83023,"grabStrength":0,"id":126,"palmNormal":[0.0535097,-0.852405,-0.520137],"palmPosition":[69.4853,195.702,67.9018],"palmVelocity":[-4.96932,-3.96053,4.62489],"palmWidth":80.6694,"pinchDistance":49.6085,"pinchStrength":0.356476,"r":[[0.853847,0.520313,-0.0148404],[-0.519789,0.850778,-0.0774305],[-0.0276622,0.0738276,0.996887]],"s":0.953764,"sphereCenter":[98.0282,170.666,29.318],"sphereRadius":52.7457,"stabilizedPalmPosition":[66.8827,194.476,67.5802],"t":[-81.6189,20.7079,121.721],"timeVisible":3.96332,"type":"right","wrist":[94.7003,165.07,122.183]}],"id":157528,"interactionBox":{"center":[0,200,0],"size":[235.247,235.247,147.751]},"pointables":[{"bases":[[[0.9206,0.24389,-0.304982],[-0.110299,0.911584,0.39604],[0.374607,-0.330955,0.866105]],[[0.988745,0.141166,-0.0495583],[-0.131506,0.977978,0.162067],[0.0713453,-0.153726,0.985534]],[[0.988745,0.141166,-0.0495583],[-0.144138,0.987574,-0.0626271],[0.0401016,0.0690655,0.996806]],[[0.988745,0.141166,-0.0495583],[-0.148326,0.968249,-0.201231],[0.0195777,0.206317,0.978289]]],"btipPosition":[38.9929,205.955,-17.8798],"carpPosition":[67.205,183.149,110.523],"dipPosition":[39.2822,209.004,-3.42421],"direction":[-0.0401016,-0.0690655,-0.996806],"extended":true,"handId":126,"id":1261,"length":50.8594,"mcpPosition":[42.7713,204.736,54.031],"pipPosition":[40.1204,210.448,17.4127],"stabilizedTipPosition":[39.431,207.535,-14.1914],"timeVisible":3.96332,"tipPosition":[37.8944,209.393,-14.0731],"tipVelocity":[-24.0901,-1.62081,5.29584],"tool":false,"touchDistance":0.306731,"touchZone":"hovering","type":1,"width":18.2543},{"bases":[[[0.299214,0.924874,0.23469],[-0.718078,0.0562874,0.693683],[0.628359,-0.376085,0.680974]],[[0.129809,0.990065,0.0540372],[-0.879172,0.0897272,0.467981],[0.458483,-0.108256,0.882085]],[[0.129809,0.990065,0.0540372],[-0.97437,0.117274,0.191961],[0.183717,-0.0775704,0.979914]],[[0.129809,0.990065,0.0540372],[-0.978814,0.136656,-0.152477],[-0.158347,-0.0330995,0.986829]]],"btipPosition":[40.8274,170.243,22.7382],"carpPosition":[63.3302,162.495,110.644],"dipPosition":[37.6223,169.573,42.7121],"direction":[-0.183717,0.0775705,-0.979914],"extended":false,"handId":126,"id":1260,"length":45.0726,"mcpPosition":[63.3302,162.495,110.644],"pipPosition":[43.0397,167.286,71.6072],"stabilizedTipPosition":[39.9466,170.268,27.3707],"timeVisible":3.96332,"tipPosition":[41.0594,170.92,26.9345],"tipVelocity":[-17.0774,-15.1932,17.0394],"tool":false,"touchDistance":0.296292,"touchZone":"hovering","type":0,"width":19.1104},{"bases":[[[0.967971,0.0379345,-0.248181],[0.055178,0.932206,0.357697],[0.244924,-0.359934,0.900255]],[[0.951542,0.0594494,-0.301717],[-0.289085,0.507507,-0.811706],[0.104868,0.859594,0.5001]],[[0.951542,0.0594494,-0.301717],[-0.158414,-0.746178,-0.646624],[-0.263576,0.663086,-0.700603]],[[0.951542,0.0594494,-0.301717],[0.0577967,-0.998224,-0.0144101],[-0.302038,-0.00372642,-0.953289]]],"btipPosition":[68.6544,157.516,63.5654],"carpPosition":[76.7847,187.332,107.374],"dipPosition":[63.7456,157.455,48.0724],"direction":[0.263576,-0.663086,0.700603],"extended":false,"handId":126,"id":1262,"length":57.9502,"mcpPosition":[61.635,209.595,51.6896],"pipPosition":[57.2635,173.762,30.8425],"stabilizedTipPosition":[65.8487,157.42,60.1686],"timeVisible":3.96332,"tipPosition":[67.4785,158.06,60.1067],"tipVelocity":[-9.17833,-10.2929,9.72215],"tool":false,"touchDistance":0.333333,"touchZone":"none","type":2,"width":17.9281},{"bases":[[[0.986531,-0.0858286,-0.139249],[0.131974,0.920585,0.367568],[0.0966431,-0.380994,0.919513]],[[0.97896,-0.0628282,-0.194136],[-0.142878,0.468189,-0.872001],[0.145679,0.881392,0.449361]],[[0.97896,-0.0628282,-0.194136],[-0.169512,-0.780026,-0.602349],[-0.113587,0.622585,-0.774265]],[[0.97896,-0.0628282,-0.194136],[-0.045253,-0.994574,0.0936782],[-0.198969,-0.082922,-0.976491]]],"btipPosition":[82.0818,162.274,70.2151],"carpPosition":[87.1416,188.749,104.315],"dipPosition":[78.8667,160.934,54.4362],"direction":[0.113587,-0.622585,0.774265],"extended":false,"handId":126,"id":1263,"length":55.7206,"mcpPosition":[81.7746,209.907,53.2502],"pipPosition":[76.1454,175.85,35.8864],"stabilizedTipPosition":[79.3591,161.338,66.9081],"timeVisible":3.96332,"tipPosition":[81.0614,162.858,65.2838],"tipVelocity":[-6.65649,-5.19131,11.1245],"tool":false,"touchDistance":0.333333,"touchZone":"none","type":3,"width":17.0597},{"bases":[[[0.955628,-0.280267,-0.0906957],[0.291825,0.858728,0.421218],[-0.0401706,-0.428995,0.902413]],[[0.953199,-0.224705,-0.202286],[-0.0464009,0.55241,-0.83228],[0.298763,0.802714,0.51613]],[[0.953199,-0.224705,-0.202286],[-0.30207,-0.679275,-0.668835],[0.0128827,0.698637,-0.71536]],[[0.953199,-0.224705,-0.202286],[-0.231063,-0.972905,-0.00807089],[-0.194992,0.0544341,-0.979293]]],"btipPosition":[93.83,168.662,65.3739],"carpPosition":[98.2123,183.785,100.85],"dipPosition":[90.9233,169.474,50.7755],"direction":[-0.0128827,-0.698637,0.71536],"extended":false,"handId":126,"id":1264,"length":43.6839,"mcpPosition":[100.277,205.838,54.4583],"pipPosition":[91.1412,181.291,38.6749],"stabilizedTipPosition":[91.3296,168.271,61.9749],"timeVisible":3.96332,"tipPosition":[92.8798,170.061,59.3211],"tipVelocity":[-6.71444,-6.82778,8.8807],"tool":false,"touchD