{"frames":38,"data":[{"currentFrameRate":110.908,"devices":[],"gestures":[],"hands":[{"armBasis":[[0.793881,0.456268,-0.40196],[0.0492627,0.610607,0.7904],[0.606074,-0.647286,0.462272]],"armWidth":59.0231,"confidence":1,"direction":[-0.23089,0.405509,-0.88445],"elbow":[234.883,8.86475,230.291],"grabAngle":2.96805,"grabStrength":0.0673589,"id":126,"palmNormal":[0.064981,-0.900556,-0.429856],"palmPosition":[64.0173,189.307,63.3219],"palmVelocity":[-4.70417,-8.94961,-7.14303],"palmWidth":80.6694,"pinchDistance":39.2006,"pinchStrength":0.408596,"r":[[0.847455,0.525846,-0.0728448],[-0.530126,0.83102,-0.168439],[-0.0280374,0.181361,0.983017]],"s":0.896665,"sphereCenter":[88.5106,160.312,29.2531],"sphereRadius":48.683,"stabilizedPalmPosition":[62.0958,186.795,67.9106],"t":[-87.0847,14.3538,117.235],"timeVisible":1.45703,"type":"right","wrist":[89.8043,163.809,119.634]}],"id":157244,"interactionBox":{"center":[0,200,0],"size":[235.247,235.247,147.751]},"pointables":[{"bases":[[[0.918259,0.222583,-0.327502],[-0.122206,0.945988,0.300286],[0.376652,-0.235718,0.895863]],[[0.98224,0.158675,-0.100137],[-0.16534,0.984276,-0.0621512],[0.0887002,0.077604,0.993031]],[[0.98224,0.158675,-0.100137],[-0.187377,0.857268,-0.479564],[0.00974886,0.489811,0.871774]],[[0.98224,0.158675,-0.100137],[-0.181944,0.675093,-0.714945],[-0.0458426,0.720467,0.691973]]],"btipPosition":[34.4048,172.773,-16.7739],"carpPosition":[61.7941,181.167,107.004],"dipPosition":[33.7275,183.419,-6.54901],"direction":[-0.00974886,-0.489811,-0.871774],"extended":true,"handId":126,"id":1261,"length":50.8594,"mcpPosition":[37.227,196.541,48.5711],"pipPosition":[33.9312,193.658,11.6742],"stabilizedTipPosition":[31.3632,176.638,-13.7743],"timeVisible":1.45703,"tipPosition":[33.0862,183.733,-17.2044],"tipVelocity":[-1.14746,-11.4603,-5.53016],"tool":false,"touchDistance":0.187586,"touchZone":"hovering","type":1,"width":18.2543},{"bases":[[[0.287476,0.947674,0.138823],[-0.720252,0.118357,0.683541],[0.631343,-0.296489,0.716589]],[[0.13465,0.990451,-0.0296171],[-0.873763,0.132777,0.467877],[0.467342,-0.0371213,0.883297]],[[0.13465,0.990451,-0.0296171],[-0.972426,0.137825,0.18813],[0.190415,0.00346879,0.981698]],[[0.13465,0.990451,-0.0296171],[-0.978252,0.128113,-0.163128],[-0.157776,0.0509381,0.98616]]],"btipPosition":[35.0652,161.097,21.2419],"carpPosition":[58.1691,160.587,109.241],"dipPosition":[31.8718,162.128,41.2023],"direction":[-0.190415,-0.00346879,-0.981698],"extended":false,"handId":126,"id":1260,"length":45.0726,"mcpPosition":[58.1691,160.587,109.241],"pipPosition":[37.4866,162.23,70.15],"stabilizedTipPosition":[32.8397,157.42,32.0598],"timeVisible":1.45703,"tipPosition":[34.8235,160.09,25.3884],"tipVelocity":[-3.44221,-4.30559,-9.84243],"tool":false,"touchDistance":0.121667,"touchZone":"hovering","type":0,"width":19.1104},{"bases":[[[0.967992,0.024139,-0.249817],[0.0430952,0.964595,0.26019],[0.247253,-0.262628,0.93268]],[[0.951424,0.0398438,-0.305295],[-0.295255,0.399159,-0.868042],[0.0872751,0.916016,0.391533]],[[0.951424,0.0398438,-0.305295],[-0.142851,-0.821271,-0.552365],[-0.272738,0.569145,-0.775685]],[[0.951424,0.0398438,-0.305295],[0.0766906,-0.991006,0.109664],[-0.29818,-0.12775,-0.945922]]],"btipPosition":[63.951,151.26,63.8901],"carpPosition":[71.3294,185.121,103.452],"dipPosition":[59.105,149.184,48.5168],"direction":[0.272738,-0.569145,0.775685],"extended":false,"handId":126,"id":1262,"length":57.9502,"mcpPosition":[56.0356,201.366,45.7618],"pipPosition":[52.3975,163.181,29.4404],"stabilizedTipPosition":[59.59,148.27,66.3247],"timeVisible":1.45703,"tipPosition":[61.7215,151.143,57.5053],"tipVelocity":[1.82222,-7.66558,-9.98917],"tool":false,"touchDistance":0.333333,"touchZone":"none","type":2,"width":17.9281},{"bases":[[[0.987805,-0.0875565,-0.128742],[0.120004,0.954991,0.271276],[0.0991952,-0.283418,0.953853]],[[0.98008,-0.0704041,-0.185707],[-0.148224,0.363061,-0.9199],[0.132188,0.929102,0.345393]],[[0.98008,-0.0704041,-0.185707],[-0.156128,-0.851053,-0.501331],[-0.122751,0.520338,-0.845092]],[[0.98008,-0.0704041,-0.185707],[-0.0296714,-0.97647,0.213601],[-0.196376,-0.203836,-0.959108]]],"btipPosition":[77.1726,157.01,69.7001],"carpPosition":[81.6752,186.344,100.274],"dipPosition":[73.9994,153.716,54.2021],"direction":[0.122751,-0.520338,0.845092],"extended":false,"handId":126,"id":1263,"length":55.7206,"mcpPosition":[76.1664,202.083,47.3018],"pipPosition":[71.0586,166.182,33.9555],"stabilizedTipPosition":[73.9736,153.905,71.6854],"timeVisible":1.45703,"tipPosition":[75.1085,155.98,60.4321],"tipVelocity":[0.257282,-7.88969,-11.9539],"tool":false,"touchDistance":0.333333,"touchZone":"none","type":3,"width":17.0597},{"bases":[[[0.959149,-0.276351,-0.0605195],[0.280472,0.900931,0.331148],[-0.0369891,-0.334594,0.941636]],[[0.956333,-0.232725,-0.176824],[-0.0518527,0.460293,-0.886251],[0.287644,0.85672,0.428126]],[[0.956333,-0.232725,-0.176824],[-0.292274,-0.757616,-0.583604],[0.00185497,0.609801,-0.792552]],[[0.956333,-0.232725,-0.176824],[-0.217151,-0.970677,0.103111],[-0.195635,-0.0602108,-0.978827]]],"btipPosition":[88.8032,162.771,63.8448],"carpPosition":[92.8129,181.186,97.347],"dipPosition":[85.8868,161.874,49.2533],"direction":[-0.00185497,-0.609801,0.792552],"extended":false,"handId":126,"id":1264,"length":43.6839,"mcpPosition":[94.7144,198.387,48.9392],"pipPosition":[85.9182,172.189,35.847],"stabilizedTipPosition":[85.8499,160.246,64.8556],"timeVisible":1.45703,"tipPosition":[86.9792,163.344,53.2699],"tipVelocity":[-0.771416,-5.07807,-11.1331],"tool":false,"touchDistance":0.333333,"touchZone":"none","type":4,"width":15.1538}],"r":[[0.847455,0.525846,-0.0728448],[-0.530126,0.83102,-0.168439],[-0.0280374,0.181361,0.983017]],"s":0.896665,"t":[-87.0847,14.3538,117.235],"timestamp":8161002834},{"currentFrameRate":111.184,"devices":[],"gestures":[],"hands":[{"armBasis":[[0.793866,0.456994,-0.401165],[0.0478021,0.61077,0.790364],[0.606211,-0.64662,0.463024]],"armWidth":59.0231,"confidence":1,"direction":[-0.231865,0.406076,-0.883935],"elbow":[234.943,8.90425,230.364],"grabAngle":2.96873,"grabStrength":0.0667306,"id":126,"palmNormal":[0.0667936,-0.899908,-0.430935],"palmPosition":[63.9981,189.197,63.2373],"palmVelocity":[-2.26304,-12.9045,-9.94434],"palmWidth":80.6694,"pinchDistance":39.1179,"pinchStrength":0.410435,"r":[[0.846867,0.526863,-0.072325],[-0.531054,0.830593,-0.167623],[-0.0282419,0.180363,0.983195]],"s":0.896653,"sphereCenter":[88.5286,160.292,29.1425],"sphereRadius":48.6618,"stabilizedPalmPosition":[62.097,186.796,67.9075],"t":[-87.1129,14.272,117.162],"timeVisible":1.46554,"type":"right","wrist":[89.8309,163.689,119.527]}],"id":157245,"interactionBox":{"center":[0,200,0],"size":[235.247,235.247,147.751]},"pointables":[{"bases":[[[0.917745,0.224884,-0.327371],[-0.124132,0.945375,0.301427],[0.377274,-0.235996,0.895528]],[[0.981904,0.160817,-0.100014],[-0.167545,0.983855,-0.0629189],[0.0882808,0.0785372,0.992995]],[[0.981904,0.160817,-0.100014],[-0.18919,0.856673,-0.479915],[0.00850073,0.490152,0.871596]],[[0.981904,0.160817,-0.100014],[-0.18332,0.674594,-0.715064],[-0.0475258,0.720459,0.691867]]],"btipPosition":[34.435,172.583,-16.8394],"carpPosition":[61.7982,181,106.91],"dipPosition":[33.7327,183.229,-6.61606],"direction":[-0.00850073,-0.490152,-0.871596],"extended":true,"handId":126,"id":1261,"length":50.8594,"mcpPosition":[37.1905,196.393,48.499],"pipPosition":[33.9104,193.475,11.6035],"stabilizedTipPosition":[31.3671,176.636,-13.7752],"timeVisible":1.46554,"tipPosition":[33.0761,183.587,-17.2693],"tipVelocity":[2.86622,-22.3133,-7.7394],"tool":false,"touchDistance":0.186489,"touchZone":"hovering","type":1,"width":18.2543},{"bases":[[[0.285521,0.948105,0.139907],[-0.720397,0.116044,0.683785],[0.632065,-0.296023,0.716145]],[[0.132812,0.99074,-0.0282135],[-0.873785,0.130475,0.468483],[0.467826,-0.0375679,0.883022]],[[0.132812,0.99074,-0.0282135],[-0.972622,0.135755,0.188621],[0.190704,0.00238984,0.981645]],[[0.132812,0.99074,-0.0282135],[-0.978484,0.126528,-0.162974],[-0.157895,0.0492514,0.986227]]],"btipPosition":[35.085,161.006,21.1364],"carpPosition":[58.2165,160.411,109.123],"dipPosition":[31.8892,162.003,41.0981],"direction":[-0.190704,-0.00238984,-0.981645],"extended":false,"handId":126,"id":1260,"length":45.0726,"mcpPosition":[58.2165,160.411,109.123],"pipPosition":[37.5125,162.074,70.0443],"stabilizedTipPosition":[32.8408,157.422,32.0552],"timeVisible":1.46554,"tipPosition":[34.8585,159.968,25.2744],"tipVelocity":[2.26239,-11.581,-12.3638],"tool":false,"touchDistance":0.119914,"touchZone":"hovering","type":0,"width":19.1104},{"bases":[[[0.967903,0.0264522,-0.249929],[0.0411239,0.964373,0.261329],[0.247937,-0.263219,0.932332]],[[0.951294,0.0421883,-0.305385],[-0.296282,0.398839,-0.867839],[0.0851871,0.91605,0.391913]],[[0.951294,0.0421883,-0.305385],[-0.1409,-0.821578,-0.55241],[-0.274203,0.568533,-0.775618]],[[0.951294,0.0421883,-0.305385],[0.0790308,-0.990862,0.1093],[-0.297984,-0.128111,-0.945935]]],"btipPosition":[64.024,151.174,63.8037],"carpPosition":[71.3248,184.979,103.362],"dipPosition":[59.1811,149.092,48.4302],"direction":[0.274203,-0.568533,0.775618],"extended":false,"handId":126,"id":1262,"length":57.9502,"mcpPosition":[55.9887,201.26,45.6926],"pipPosition":[52.4376,163.074,29.3554],"stabilizedTipPosition":[59.5919,148.271,66.3211],"timeVisible":1.46554,"tipPosition":[61.7846,151.035,57.3854],"tipVelocity":[8.65847,-10.2769,-10.1607],"tool":false,"touchDistance":0.333333,"touchZone":"none","type":2,"width":17.9281},{"bases":[[[0.987967,-0.0853454,-0.128989],[0.118054,0.954917,0.272393],[0.099926,-0.284342,0.953501]],[[0.980197,-0.0681415,-0.185932],[-0.149137,0.363685,-0.919506],[0.130277,0.929026,0.34632]],[[0.980197,-0.0681415,-0.185932],[-0.154394,-0.850928,-0.502081],[-0.124002,0.520845,-0.844597]],[[0.980197,-0.0681415,-0.185932],[-0.0275507,-0.976726,0.212714],[-0.1961,-0.203379,-0.959261]]],"btipPosition":[77.2237,156.927,69.5837],"carpPosition":[81.6676,186.227,100.183],"dipPosition":[74.055,153.641,54.0832],"direction":[0.124002,-0.520845,0.844597],"extended":false,"handId":126,"id":1263,"length":55.7206,"mcpPosition":[76.1182,202.018,47.2306],"pipPosition":[71.0841,166.119,33.8484],"stabilizedTipPosition":[73.9744,153.906,71.6834],"timeVisible":1.46554,"tipPosition":[75.1592,155.897,60.3106],"tipVelocity":[6.12492,-9.4497,-13.7497],"tool":false,"touchDistance":0.333333,"touchZone":"none","type":3,"width":17.0597},{"bases":[[[0.959714,-0.27428,-0.0609865],[0.278643,0.90112,0.332177],[-0.0361533,-0.335788,0.941244]],[[0.95679,-0.230526,-0.17723],[-0.0529554,0.461168,-0.885731],[0.285916,0.856844,0.429033]],[[0.95679,-0.230526,-0.17723],[-0.290779,-0.757712,-0.584226],[0.00038996,0.610517,-0.792003]],[[0.95679,-0.230526,-0.17723],[-0.215076,-0.971236,0.102195],[-0.195691,-0.0596613,-0.978849]]],"btipPosition":[88.8413,162.718,63.7298],"carpPosition":[92.8155,181.096,97.2485],"dipPosition":[85.9241,161.829,49.138],"direction":[-0.00038996,-0.610517,0.792003],"extended":false,"handId":126,"id":1264,"length":43.6839,"mcpPosition":[94.6741,198.358,48.8609],"pipPosition":[85.9307,172.156,35.741],"stabilizedTipPosition":[85.8507,160.247,64.8541],"timeVisible":1.46554,"tipPosition":[87.0131,163.294,53.1546],"tipVelocity":[4.45259,-5.9958,-13.5206],"tool":false,"touchDistance":0.333333,"touchZone":"none","type":4,"width":15.1538}],"r":[[0.846867,0.526863,-0.072325],[-0.531054,0.830593,-0.167623],[-0.0282419,0.180363,0.983195]],"s":0.896653,"t":[-87.1129,14.272,117.162],"timestamp":8161011342},{"currentFrameRate":111.233,"devices":[],"gestures":[],"hands":[{"armBasis":[[0.793794,0.456927,-0.401384],[0.0473952,0.611487,0.789834],[0.606337,-0.645989,0.463738]],"armWidth":59.0231,"confidence":1,"direction":[-0.232839,0.404816,-0.884257],"elbow":[234.989,8.97942,230.455],"grabAngle":2.96853,"grabStrength":0.0652292,"id":126,"palmNormal":[0.0678253,-0.900274,-0.430008],"palmPosition":[63.9628,189.032,63.1404],"palmVelocity":[-3.96362,-18.5509,-10.8793],"palmWidth":80.6694,"pinchDistance":39.0981,"pinchStrength":0.409899,"r":[[0.846245,0.527893,-0.0721007],[-0.532039,0.830068,-0.167098],[-0.0283612,0.179766,0.9833]],"s":0.896732,"sphereCenter":[88.5319,160.124,29.0646],"sphereRadius":48.6709,"stabilizedPalmPosition":[62.0986,186.798,67.9035],"t":[-87.1447,14.1485,117.078],"timeVisible":1.47444,"type":"right","wrist":[89.8465,163.613,119.447]}],"id":157246,"interactionBox":{"center":[0,200,0],"size":[235.247,235.247,147.751]},"pointables":[{"bases":[[[0.917281,0.225794,-0.328045],[-0.125287,0.945524,0.300479],[0.37802,-0.234523,0.8956]],[[0.981687,0.161954,-0.100303],[-0.16882,0.983556,-0.0641754],[0.0882601,0.0799333,0.992885]],[[0.981687,0.161954,-0.100303],[-0.190326,0.85625,-0.48022],[0.00811076,0.490517,0.871394]],[[0.981687,0.161954,-0.100303],[-0.184385,0.67548,-0.713953],[-0.0478751,0.719373,0.692972]]],"btipPosition":[34.3969,172.322,-16.9392],"carpPosition":[61.7948,180.879,106.823],"dipPosition":[33.6895,182.952,-6.6996],"direction":[-0.00811076,-0.490517,-0.871394],"extended":true,"handId":126,"id":1261,"length":50.8594,"mcpPosition":[37.1384,196.175,48.4071],"pipPosition":[33.8591,193.206,11.5157],"stabilizedTipPosition":[31.3725,176.632,-13.7767],"timeVisible":1.47444,"tipPosition":[33.0138,183.271,-17.3382],"tipVelocity":[-4.40346,-29.7411,-10.7943],"tool":false,"touchDistance":0.184887,"touchZone":"hovering","type":1,"width":18.2543},{"bases":[[[0.284285,0.948645,0.138762],[-0.720232,0.115784,0.684003],[0.632809,-0.294393,0.71616]],[[0.131918,0.990842,-0.0288188],[-0.873641,0.129952,0.468896],[0.468347,-0.0366786,0.882783]],[[0.131918,0.990842,-0.0288188],[-0.972696,0.134993,0.188784],[0.190945,0.00312789,0.981596]],[[0.131918,0.990842,-0.0288188],[-0.978587,0.125542,-0.163113],[-0.158001,0.0497193,0.986186]]],"btipPosition":[35.0829,160.812,21.0857],"carpPosition":[58.2424,160.287,109.059],"dipPosition":[31.8849,161.818,41.0466],"direction":[-0.190945,-0.00312789,-0.981596],"extended":false,"handId":126,"id":1260,"length":45.0726,"mcpPosition":[58.2424,160.287,109.059],"pipPosition":[37.5154,161.91,69.9913],"stabilizedTipPosition":[32.8424,157.426,32.0485],"timeVisible":1.47444,"tipPosition":[34.8436,159.727,25.2241],"tipVelocity":[-0.291567,-21.6297,-5.71293],"tool":false,"touchDistance":0.119066,"touchZone":"hovering","type":0,"width":19.1104},{"bases":[[[0.967747,0.027514,-0.250415],[0.0399235,0.964707,0.260283],[0.248739,-0.261885,0.932494]],[[0.951091,0.0431681,-0.305881],[-0.297305,0.396792,-0.868427],[0.0838826,0.916893,0.390219]],[[0.951091,0.0431681,-0.305881],[-0.139648,-0.82315,-0.550383],[-0.275545,0.56618,-0.776862]],[[0.951091,0.0431681,-0.305881],[0.0807841,-0.990487,0.111401],[-0.298162,-0.130663,-0.94553]]],"btipPosition":[64.0541,151.043,63.7924],"carpPosition":[71.3142,184.867,103.266],"dipPosition":[59.2084,148.92,48.4255],"direction":[0.275545,-0.56618,0.776862],"extended":false,"handId":126,"id":1262,"length":57.9502,"mcpPosition":[55.9286,201.065,45.5867],"pipPosition":[52.4319,162.844,29.3201],"stabilizedTipPosition":[59.5949,148.273,66.3157],"timeVisible":1.47444,"tipPosition":[61.8032,150.859,57.3411],"tipVelocity":[3.31085,-15.7505,-1.09602],"tool":false,"touchDistance":0.333333,"touchZone":"none","type":2,"width":17.9281},{"bases":[[[0.988022,-0.084127,-0.129366],[0.116872,0.955367,0.27132],[0.100766,-0.283189,0.953756]],[[0.980202,-0.0669945,-0.186324],[-0.150084,0.362401,-0.919859],[0.129149,0.929612,0.345171]],[[0.980202,-0.0669945,-0.186324],[-0.153413,-0.851879,-0.500765],[-0.125177,0.519435,-0.845291]],[[0.980202,-0.0669945,-0.186324],[-0.0260448,-0.976468,0.214083],[-0.196282,-0.204992,-0.95888]]],"btipPosition":[77.2379,156.799,69.5224],"carpPosition":[81.6538,186.125,100.081],"dipPosition":[74.0662,153.487,54.028],"direction":[0.125177,-0.519435,0.845291],"extended":false,"handId":126,"id":1263,"length":55.7206,"mcpPosition":[76.0577,201.852,47.1143],"pipPosition":[71.0673,165.931,33.7766],"stabilizedTipPosition":[73.9758,153.907,71.6804],"timeVisible":1.47444,"tipPosition":[75.1694,155.745,60.249],"tipVelocity":[1.5194,-15.0946,-6.73063],"tool":false,"touchDistance":0.333333,"touchZone":"none","type":3,"width":17.0597},{"bases":[[[0.960061,-0.273028,-0.0611491],[0.277563,0.901855,0.331085],[-0.0352478,-0.334834,0.941618]],[[0.957022,-0.229401,-0.177439],[-0.054005,0.460159,-0.886192],[0.284943,0.857688,0.427994]],[[0.957022,-0.229401,-0.177439],[-0.290014,-0.758977,-0.582962],[-0.000939867,0.609367,-0.792887]],[[0.957022,-0.229401,-0.177439],[-0.213635,-0.971402,0.103623],[-0.196135,-0.0612622,-0.978661]]],"btipPosition":[88.8455,162.597,63.6526],"carpPosition":[92.8073,181.007,97.1466],"dipPosition":[85.9216,161.684,49.0636],"direction":[0.000939867,-0.609367,0.792887],"extended":false,"handId":126,"id":1264,"length":43.6839,"mcpPosition":[94.6194,198.22,48.7397],"pipPosition":[85.9057,171.992,35.6516],"stabilizedTipPosition":[85.8518,160.248,64.8518],"timeVisible":1.47444,"tipPosition":[87.0093,163.149,53.0791],"tipVelocity":[0.300199,-14.1955,-8.59814],"tool":false,"touchDistance":0.333333,"touchZone":"none","type":4,"width":15.1538}],"r":[[0.846245,0.527893,-0.0721007],[-0.532039,0.830068,-0.167098],[-0.0283612,0.179766,0.9833]],"s":0.896732,"t":[-87.1447,14.1485,117.078],"timestamp":8161020246},{"currentFrameRate":111.49,"devices":[],"gestures":[],"hands":[{"armBasis":[[0.793648,0.457022,-0.401564],[0.0466581,0.612389,0.789179],[0.606585,-0.645066,0.464697]],"armWidth":59.0231,"confidence":1,"direction":[-0.233974,0.40307,-0.884754],"elbow":[235.045,9.12588,230.606],"grabAngle":2.96795,"grabStrength":0.062285,"id":126,"palmNormal":[0.0693687,-0.900774,-0.428713],"palmPosition":[63.9009,188.834,63.0336],"palmVelocity":[-7.26062,-23.2895,-12.5404],"palmWidth":80.6694,"pinchDistance":39.1064,"pinchStrength":0.408054,"r":[[0.845538,0.529018,-0.0721457],[-0.533157,0.829395,-0.166878],[-0.028444,0.179566,0.983335]],"s":0.897007,"sphereCenter":[88.5415,159.923,28.9823],"sphereRadius":48.6993,"stabilizedPalmPosition":[62.1004,186.8,67.8985],"t":[-87.1915,13.9876,116.982],"timeVisible":1.48296,"type":"right","wrist":[89.8436,163.539,119.369]}],"id":157247,"interactionBox":{"center":[0,200,0],"size":[235.247,235.247,147.751]},"pointables":[{"bases":[[[0.916713,0.227063,-0.328754],[-0.12697,0.945724,0.299141],[0.378834,-0.232485,0.895788]],[[0.981377,0.163599,-0.100668],[-0.170586,0.983185,-0.0651752],[0.0883124,0.0811339,0.992783]],[[0.981377,0.163599,-0.100668],[-0.191934,0.856271,-0.479543],[0.00774625,0.489934,0.871725]],[[0.981377,0.163599,-0.100668],[-0.185952,0.677687,-0.711451],[-0.0481713,0.716921,0.695488]]],"btipPosition":[34.3255,172.055,-17.0858],"carpPosition":[61.7664,180.74,106.729],"dipPosition":[33.6137,182.648,-6.80898],"direction":[-0.00774625,-0.489934,-0.871725],"extended":true,"handId":126,"id":1261,"length":50.8594,"mcpPosition":[37.057,195.904,48.3009],"pipPosition":[33.7756,192.89,11.4132],"stabilizedTipPosition":[31.3787,176.628,-13.7788],"timeVisible":1.48296,"tipPosition":[32.9393,182.832,-17.4034],"tipVelocity":[-8.50189,-32.3783,-16.2],"tool":false,"touchDistance":0.182587,"touchZone":"hovering","type":1,"width":18.2543},{"bases":[[[0.28253,0.949389,0.137251],[-0.720172,0.115414,0.684129],[0.633663,-0.292131,0.716331]],[[0.130706,0.99098,-0.0295883],[-0.873592,0.129232,0.469187],[0.468778,-0.0354773,0.882603]],[[0.130706,0.99098,-0.0295883],[-0.972821,0.13395,0.188884],[0.191144,0.00409585,0.981554]],[[0.130706,0.99098,-0.0295883],[-0.978743,0.124219,-0.163193],[-0.158046,0.0502896,0.98615]]],"btipPosition":[35.0707,160.577,21.0334],"carpPosition":[58.2543,160.145,108.997],"dipPosition":[31.8718,161.594,40.9935],"direction":[-0.191144,-0.00409585,-0.981554],"extended":false,"handId":126,"id":1260,"length":45.0726,"mcpPosition":[58.2543,160.145,108.997],"pipPosition":[37.5082,161.715,69.937],"stabilizedTipPosition":[32.8445,157.431,32.0396],"timeVisible":1.48296,"tipPosition":[34.8198,159.425,25.1747],"tipVelocity":[-1.455,-27.2738,-6.16678],"tool":false,"touchDistance":0.118191,"touchZone":"hovering","type":0,"width":19.1104},{"bases":[[[0.967591,0.0289937,-0.250854],[0.0381874,0.965163,0.258849],[0.24962,-0.260039,0.932775]],[[0.950881,0.0445345,-0.306336],[-0.298496,0.394069,-0.869258],[0.0820057,0.918001,0.388007]],[[0.950881,0.0445345,-0.306336],[-0.137754,-0.825336,-0.547581],[-0.277216,0.562883,-0.778662]],[[0.950881,0.0445345,-0.306336],[0.0832022,-0.989951,0.114347],[-0.298165,-0.134218,-0.945031]]],"btipPosition":[64.0815,150.896,63.7996],"carpPosition":[71.2767,184.741,103.162],"dipPosition":[59.2357,148.715,48.4408],"direction":[0.277216,-0.562883,0.778661],"extended":false,"handId":126,"id":1262,"length":57.9502,"mcpPosition":[55.8366,200.826,45.4656],"pipPosition":[52.4181,162.558,29.2912],"stabilizedTipPosition":[59.5989,148.276,66.3086],"timeVisible":1.48296,"tipPosition":[61.8177,150.647,57.3062],"tipVelocity":[3.2134,-18.8051,1.06269],"tool":false,"touchDistance":0.333333,"touchZone":"none","type":2,"width":17.9281},{"bases":[[[0.988128,-0.0824304,-0.129649],[0.115158,0.955986,0.269868],[0.101698,-0.281594,0.954129]],[[0.980251,-0.0653965,-0.186629],[-0.151169,0.360642,-0.920372],[0.127496,0.930409,0.343634]],[[0.980251,-0.0653965,-0.186629],[-0.151913,-0.853225,-0.498929],[-0.126608,0.517427,-0.846309]],[[0.980251,-0.0653965,-0.186629],[-0.0239989,-0.976102,0.215983],[-0.196294,-0.207239,-0.958395]]],"btipPosition":[77.2434,156.654,69.4677],"carpPosition":[81.6126,186.015,99.9713],"dipPosition":[74.0715,153.305,53.9812],"direction":[0.126608,-0.517428,0.846309],"extended":false,"handId":126,"id":1263,"length":55.7206,"mcpPosition":[75.9648,201.653,46.9837],"pipPosition":[71.0382,165.701,33.7054],"stabilizedTipPosition":[73.9776,153.908,71.6763],"timeVisible":1.48296,"tipPosition":[75.1717,155.564,60.194],"tipVelocity":[0.637175,-18.0365,-6.20944],"tool":false,"touchDistance":0.333333,"touchZone":"none","type":3,"width":17.0597},{"bases":[[[0.960555,-0.271284,-0.0611436],[0.275975,0.902869,0.329645],[-0.0342228,-0.333517,0.942123]],[[0.957386,-0.227834,-0.177495],[-0.0552481,0.458744,-0.886849],[0.283479,0.858863,0.426607]],[[0.957386,-0.227834,-0.177495],[-0.288801,-0.760822,-0.581158],[-0.00263434,0.607653,-0.794198]],[[0.957386,-0.227834,-0.177495],[-0.211631,-0.971621,0.105667],[-0.196532,-0.0636008,-0.978432]]],"btipPosition":[88.8395,162.464,63.5808],"carpPosition":[92.7747,180.913,97.0396],"dipPosition":[85.9097,161.516,48.9952],"direction":[0.00263434,-0.607653,0.794198],"extended":false,"handId":126,"id":1264,"length":43.6839,"mcpPosition":[94.534,198.059,48.6068],"pipPosition":[85.8652,171.795,35.5611],"stabilizedTipPosition":[85.8533,160.249,64.8489],"timeVisible":1.48296,"tipPosition":[86.9941,162.979,53.009],"tipVelocity":[-0.864337,-16.5687,-8.33486],"tool":false,"touchDistance":0.333333,"touchZone":"none","type":4,"width":15.1538}],"r":[[0.845538,0.529018,-0.0721457],[-0.533157,0.829395,-0.166878],[-0.028444,0.179566,0.983335]],"s":0.897007,"t":[-87.1915,13.9876,116.982],"timestamp":8161028765},{"currentFrameRate":111.211,"devices":[],"gestures":[],"hands":[{"armBasis":[[0.793566,0.456011,-0.402872],[0.0468973,0.614287,0.787688],[0.606674,-0.643976,0.466092]],"armWidth":59.0231,"confidence":1,"direction":[-0.235794,0.398984,-0.886123],"elbow":[235.084,9.36741,230.889],"grabAngle":2.96654,"grabStrength":0.0570859,"id":126,"palmNormal":[0.0705538,-0.902399,-0.425086],"palmPosition":[63.8207,188.553,62.916],"palmVelocity":[-8.46308,-29.5598,-12.3958],"palmWidth":80.6694,"pinchDistance":39.1683,"pinchStrength":0.404099,"r":[[0.844755,0.530176,-0.0728207],[-0.534403,0.828516,-0.167255],[-0.0283416,0.180205,0.983221]],"s":0.897547,"sphereCenter":[88.5372,159.549,28.9358],"sphereRadius":48.7554,"stabilizedPalmPosition":[62.1031,186.803,67.8909],"t":[-87.255,13.767,116.875],"timeVisible":1.49244,"type":"right","wrist":[89.8618,163.519,119.318]}],"id":157248,"interactionBox":{"center":[0,200,0],"size":[235.247,235.247,147.751]},"pointables":[{"bases":[[[0.915889,0.227432,-0.330791],[-0.128395,0.946707,0.2954],[0.380345,-0.228082,0.896279]],[[0.981003,0.16492,-0.10215],[-0.172249,0.982731,-0.0675966],[0.0892382,0.0839078,0.99247]],[[0.981003,0.16492,-0.10215],[-0.193807,0.856217,-0.478886],[0.00848483,0.489586,0.871914]],[[0.981003,0.16492,-0.10215],[-0.188157,0.680711,-0.707975],[-0.0472246,0.713746,0.698811]]],"btipPosition":[34.1505,171.614,-17.2413],"carpPosition":[61.7538,180.636,106.647],"dipPosition":[33.4527,182.161,-6.9154],"direction":[-0.00848483,-0.489586,-0.871914],"extended":true,"handId":126,"id":1261,"length":50.8594,"mcpPosition":[36.9458,195.513,48.1868],"pipPosition":[33.6301,192.395,11.3108],"stabilizedTipPosition":[31.3879,176.618,-13.7827],"timeVisible":1.49244,"tipPosition":[32.7932,182.035,-17.4174],"tipVelocity":[-18.1168,-47.5831,-15.2098],"tool":false,"touchDistance":0.180183,"touchZone":"hovering","type":1,"width":18.2543},{"bases":[[[0.280903,0.950476,0.133003],[-0.719568,0.116874,0.684516],[0.635071,-0.287987,0.716762]],[[0.12965,0.991013,-0.0329169],[-0.873342,0.129849,0.469482],[0.469538,-0.0321206,0.882328]],[[0.12965,0.991013,-0.0329169],[-0.97283,0.133553,0.189118],[0.191814,0.00750351,0.981403]],[[0.12965,0.991013,-0.0329169],[-0.978969,0.122659,-0.163017],[-0.157514,0.0533597,0.986074]]],"btipPosition":[35.0356,160.164,21.0584],"carpPosition":[58.2832,160.044,109.004],"dipPosition":[31.8474,161.244,41.0171],"direction":[-0.191814,-0.00750351,-0.981403],"extended":false,"handId":126,"id":1260,"length":45.0726,"mcpPosition":[58.2832,160.044,109.004],"pipPosition":[37.5035,161.465,69.9561],"stabilizedTipPosition":[32.8479,157.438,32.0246],"timeVisible":1.49244,"tipPosition":[34.7467,158.944,25.2165],"tipVelocity":[-3.44772,-42.0032,2.60579],"tool":false,"touchDistance":0.118603,"touchZone":"hovering","type":0,"width":19.1104},{"bases":[[[0.967233,0.029781,-0.252138],[0.0366769,0.96629,0.254829],[0.251228,-0.255727,0.933535]],[[0.950428,0.0450618,-0.307663],[-0.300352,0.389105,-0.870854],[0.080471,0.920091,0.38335]],[[0.950428,0.0450618,-0.307663],[-0.1362,-0.829146,-0.542186],[-0.27953,0.557213,-0.781906]],[[0.950428,0.0450618,-0.307663],[0.0857751,-0.989048,0.120114],[-0.298881,-0.14055,-0.943883]]],"btipPosition":[64.0901,150.684,63.8979],"carpPosition":[71.2523,184.64,103.052],"dipPosition":[59.2327,148.4,48.5578],"direction":[0.27953,-0.557213,0.781906],"extended":false,"handId":126,"id":1262,"length":57.9502,"mcpPosition":[55.7127,200.458,45.3086],"pipPosition":[52.3582,162.103,29.3283],"stabilizedTipPosition":[59.6044,148.279,66.2989],"timeVisible":1.49244,"tipPosition":[61.8092,150.338,57.3653],"tipVelocity":[0.625288,-24.923,10.8151],"tool":false,"touchDistance":0.333333,"touchZone":"none","type":2,"width":17.9281},{"bases":[[[0.988125,-0.0811043,-0.130501],[0.113678,0.957304,0.265793],[0.103372,-0.277472,0.955156]],[[0.980149,-0.06432,-0.187541],[-0.152952,0.356564,-0.921666],[0.126152,0.932054,0.339648]],[[0.980149,-0.06432,-0.187541],[-0.15079,-0.855996,-0.494502],[-0.128728,0.512965,-0.848702]],[[0.980149,-0.06432,-0.187541],[-0.0217932,-0.975135,0.220539],[-0.197063,-0.212074,-0.957179]]],"btipPosition":[77.2348,156.451,69.4747],"carpPosition":[81.5819,185.92,99.8437],"dipPosition":[74.0505,153.025,54.0079],"direction":[0.128728,-0.512965,0.848702],"extended":false,"handId":126,"id":1263,"length":55.7206,"mcpPosition":[75.8411,201.33,46.799],"pipPosition":[70.9665,165.314,33.6747],"stabilizedTipPosition":[73.9806,153.91,71.6695],"timeVisible":1.49244,"tipPosition":[75.1531,155.294,60.2096],"tipVelocity":[-1.20585,-23.233,1.21548],"tool":false,"touchDistance":0.333333,"touchZone":"none","type":3,"width":17.0597},{"bases":[[[0.960991,-0.269726,-0.0611853],[0.274666,0.904736,0.325594],[-0.0324646,-0.329699,0.943528]],[[0.957598,-0.226754,-0.17773],[-0.0571465,0.45514,-0.888584],[0.282382,0.861064,0.422883]],[[0.957598,-0.226754,-0.17773],[-0.288062,-0.764321,-0.576917],[-0.00502488,0.603652,-0.797232]],[[0.957598,-0.226754,-0.17773],[-0.209537,-0.971533,0.110538],[-0.197735,-0.0686098,-0.977851]]],"btipPosition":[88.8164,162.257,63.5451],"carpPosition":[92.7501,180.828,96.9196],"dipPosition":[85.8687,161.234,48.9681],"direction":[0.00502488,-0.603652,0.797232],"extended":false,"handId":126,"id":1264,"length":43.6839,"mcpPosition":[94.419,197.777,48.4145],"pipPosition":[85.7837,171.445,35.4826],"stabilizedTipPosition":[85.8558,160.251,64.8438],"timeVisible":1.49244,"tipPosition":[86.9523,162.7,52.9811],"tipVelocity":[-2.86956,-23.6507,-3.56196],"tool":false,"touchDistance":0.333333,"touchZone":"none","type":4,"width":15.1538}],"r":[[0.844755,0.530176,-0.0728207],[-0.534403,0.828516,-0.167255],[-0.0283416,0.180205,0.983221]],"s":0.897547,"t":[-87.255,13.767,116.875],"timestamp":8161038247},{"currentFrameRate":111.735,"devices":[],"gestures":[],"hands":[{"armBasis":[[0.793642,0.454486,-0.404445],[0.047518,0.616446,0.785962],[0.606527,-0.642991,0.467641]],"armWidth":59.0231,"confidence":1,"direction":[-0.238411,0.393245,-0.887986],"elbow":[235.107,9.66888,231.232],"grabAngle":2.96487,"grabStrength":0.0496906,"id":126,"palmNormal":[0.0721226,-0.904658,-0.419992],"palmPosition":[63.7392,188.259,62.8013],"palmVelocity":[-10.1489,-36.658,-14.2861],"palmWidth":80.6694,"pinchDistance":39.2306,"pinchStrength":0.399312,"r":[[0.843826,0.531451,-0.0742789],[-0.535885,0.827342,-0.168321],[-0.028,0.181838,0.98293]],"s":0.898374,"sphereCenter":[88.5408,159.122,28.9241],"sphereRadius":48.8209,"stabilizedPalmPosition":[62.1058,186.805,67.8822],"t":[-87.3275,13.5095,116.764],"timeVisible":1.50047,"type":"right","wrist":[89.92,163.585,119.291]}],"id":157249,"interactionBox":{"center":[0,200,0],"size":[235.247,235.247,147.751]},"pointables":[{"bases":[[[0.914704,0.22787,-0.333754],[-0.13031,0.948066,0.290156],[0.382538,-0.221916,0.896894]],[[0.980427,0.16678,-0.104629],[-0.174699,0.982009,-0.0716798],[0.0907919,0.0885553,0.991925]],[[0.980427,0.16678,-0.104629],[-0.196642,0.855788,-0.478497],[0.00973644,0.489706,0.871833]],[[0.980427,0.16678,-0.104629],[-0.191494,0.684316,-0.703592],[-0.0457458,0.709856,0.702859]]],"btipPosition":[33.919,171.048,-17.3853],"carpPosition":[61.7711,180.589,106.58],"dipPosition":[33.2431,181.537,-6.99958],"direction":[-0.00973644,-0.489706,-0.871833],"extended":true,"handId":126,"id":1261,"length":50.8594,"mcpPosition":[36.8201,195.064,48.0807],"pipPosition":[33.4466,191.774,11.2249],"stabilizedTipPosition":[31.3985,176.604,-13.7881],"timeVisible":1.50047,"tipPosition":[32.607,181.05,-17.3908],"tipVelocity":[-28.1993,-72.1975,-16.2205],"tool":false,"touchDistance":0.178012,"touchZone":"hovering","type":1,"width":18.2543},{"bases":[[[0.278685,0.951948,0.127001],[-0.71864,0.11898,0.685128],[0.637096,-0.282202,0.717266]],[[0.128123,0.991041,-0.0377148],[-0.872945,0.13074,0.469972],[0.470693,-0.0272911,0.881875]],[[0.128123,0.991041,-0.0377148],[-0.972821,0.132981,0.189565],[0.192882,0.0124022,0.981144]],[[0.128123,0.991041,-0.0377148],[-0.979314,0.120418,-0.162615],[-0.156616,0.0577693,0.985969]]],"btipPosition":[35.0095,159.675,21.1474],"carpPosition":[58.3579,160.002,109.063],"dipPosition":[31.8395,160.844,41.1039],"direction":[-0.192882,-0.0124022,-0.981144],"extended":false,"handId":126,"id":1260,"length":45.0726,"mcpPosition":[58.3579,160.002,109.063],"pipPosition":[37.5271,161.21,70.0353],"stabilizedTipPosition":[32.8521,157.445,32.0062],"timeVisible":1.50047,"tipPosition":[34.671,158.371,25.3296],"tipVelocity":[-2.72215,-58.3339,11.0212],"tool":false,"touchDistance":0.120078,"touchZone":"hovering","type":0,"width":19.1104},{"bases":[[[0.966699,0.0308103,-0.254053],[0.0346376,0.967839,0.249175],[0.25356,-0.249677,0.934542]],[[0.949755,0.0457265,-0.309635],[-0.30301,0.382189,-0.872993],[0.07842,0.922952,0.376841]],[[0.949755,0.0457265,-0.309635],[-0.134068,-0.834487,-0.534469],[-0.282826,0.549127,-0.786428]],[[0.949755,0.0457265,-0.309635],[0.0893556,-0.987712,0.12822],[-0.299967,-0.149445,-0.942171]]],"btipPosition":[64.1306,150.491,64.0841],"carpPosition":[71.2527,184.597,102.946],"dipPosition":[59.2555,148.062,48.7718],"direction":[0.282826,-0.549127,0.786428],"extended":false,"handId":126,"id":1262,"length":57.9502,"mcpPosition":[55.5689,200.041,45.14],"pipPosition":[52.2999,161.567,29.4311],"stabilizedTipPosition":[59.6094,148.281,66.2904],"timeVisible":1.50047,"tipPosition":[61.826,150.007,57.4998],"tipVelocity":[4.53286,-28.1958,23.9812],"tool":false,"touchDistance":0.333333,"touchZone":"none","type":2,"width":17.9281},{"bases":[[[0.988096,-0.0793156,-0.131815],[0.111681,0.959115,0.260051],[0.105799,-0.271677,0.956555]],[[0.979974,-0.062882,-0.188936],[-0.155529,0.350793,-0.923447],[0.124346,0.934339,0.333988]],[[0.979974,-0.062882,-0.188936],[-0.149265,-0.859995,-0.487984],[-0.131799,0.506414,-0.852159]],[[0.979974,-0.062882,-0.188936],[-0.0186894,-0.973686,0.227125],[-0.198247,-0.219046,-0.955362]]],"btipPosition":[77.2539,156.276,69.5369],"carpPosition":[81.5732,185.885,99.7114],"dipPosition":[74.0505,152.736,54.0994],"direction":[0.131799,-0.506414,0.852159],"extended":false,"handId":126,"id":1263,"length":55.7206,"mcpPosition":[75.6977,200.973,46.5891],"pipPosition":[70.8928,164.869,33.6835],"stabilizedTipPosition":[73.9838,153.912,71.6623],"timeVisible":1.50047,"tipPosition":[75.1568,155.015,60.284],"tipVelocity":[1.82736,-25.0942,8.58819],"tool":false,"touchDistance":0.333333,"touchZone":"none","type":3,"width":17.0597},{"bases":[[[0.961574,-0.267602,-0.0613616],[0.272912,0.907307,0.319864],[-0.0299225,-0.324319,0.945474]],[[0.957859,-0.225304,-0.178172],[-0.0598761,0.450046,-0.890996],[0.28093,0.864116,0.417591]],[[0.957859,-0.225304,-0.178172],[-0.287115,-0.769351,-0.57067],[-0.00850215,0.597777,-0.801617]],[[0.957859,-0.225304,-0.178172],[-0.206594,-0.971331,0.117621],[-0.199564,-0.075855,-0.976944]]],"btipPosition":[88.8154,162.071,63.5445],"carpPosition":[92.7493,180.804,96.7966],"dipPosition":[85.8405,160.941,48.9811],"direction":[0.00850215,-0.597777,0.801617],"extended":false,"handId":126,"id":1264,"length":43.6839,"mcpPosition":[94.2876,197.477,48.1915],"pipPosition":[85.6966,171.052,35.4215],"stabilizedTipPosition":[85.8587,160.253,64.8379],"timeVisible":1.50047,"tipPosition":[86.9228,162.407,52.9928],"tipVelocity":[-0.903562,-26.2146,0.322533],"tool":false,"touchDistance":0.333333,"touchZone":"none","type":4,"width":15.1538}],"r":[[0.843826,0.531451,-0.0742789],[-0.535885,0.827342,-0.168321],[-0.028,0.181838,0.98293]],"s":0.898374,"t":[-87.3275,13.5095,116.764],"timestamp":8161046277},{"currentFrameRate":111.909,"devices":[],"gestures":[],"hands":[{"armBasis":[[0.793577,0.452316,-0.406996],[0.0485511,0.619681,0.783351],[0.60653,-0.641409,0.469804]],"armWidth":59.0231,"confidence":1,"direction":[-0.241611,0.385327,-0.890588],"elbow":[235.162,10.1459,231.723],"grabAngle":2.96353,"grabStrength":0.0412655,"id":126,"palmNormal":[0.0738363,-0.907818,-0.412813],"palmPosition":[63.6185,187.864,62.6515],"palmVelocity":[-13.9815,-45.8047,-17.3551],"palmWidth":80.6694,"pinchDistance":39.2219,"pinchStrength":0.396053,"r":[[0.842732,0.532841,-0.0766991],[-0.537636,0.825808,-0.170262],[-0.027384,0.184722,0.982409]],"s":0.899369,"sphereCenter":[88.4821,158.52,28.9421],"sphereRadius":48.8702,"stabilizedPalmPosition":[62.1097,186.808,67.869],"t":[-87.4241,13.1831,116.634],"timeVisible":1.5091,"type":"right","wrist":[89.9734,163.683,119.264]}],"id":157250,"interactionBox":{"center":[0,200,0],"size":[235.247,235.247,147.751]},"pointables":[{"bases":[[[0.913257,0.227846,-0.337709],[-0.13245,0.95,0.282765],[0.385251,-0.213508,0.897773]],[[0.979663,0.168851,-0.1084],[-0.17786,0.98083,-0.0796082],[0.0928803,0.0972693,0.990915]],[[0.979663,0.168851,-0.1084],[-0.200332,0.853587,-0.480891],[0.0113302,0.492827,0.870053]],[[0.979663,0.168851,-0.1084],[-0.195761,0.685757,-0.70101],[-0.0440297,0.707974,0.704865]]],"btipPosition":[33.6083,170.092,-17.4822],"carpPosition":[61.7736,180.544,106.496],"dipPosition":[32.9577,180.554,-7.06686],"direction":[-0.0113302,-0.492827,-0.870053],"extended":true,"handId":126,"id":1261,"length":50.8594,"mcpPosition":[36.6456,194.47,47.9386],"pipPosition":[33.1946,190.856,11.1204],"stabilizedTipPosition":[31.4166,176.568,-13.7995],"timeVisible":1.5091,"tipPosition":[32.3394,179.812,-17.3755],"tipVelocity":[-35.3176,-111.424,-10.4376],"tool":false,"touchDistance":0.179086,"touchZone":"hovering","type":1,"width":18.2543},{"bases":[[[0.276156,0.953763,0.118636],[-0.717415,0.122418,0.685806],[0.639573,-0.274501,0.71805]],[[0.126334,0.990979,-0.0447344],[-0.872368,0.132455,0.470563],[0.472243,-0.0204235,0.881232]],[[0.126334,0.990979,-0.0447344],[-0.972709,0.132601,0.190404],[0.194618,0.019459,0.980686]],[[0.126334,0.990979,-0.0447344],[-0.979829,0.11762,-0.161559],[-0.15484,0.0642425,0.985849]]],"btipPosition":[34.9229,158.997,21.2818],"carpPosition":[58.4271,159.967,109.153],"dipPosition":[31.7889,160.297,41.2359],"direction":[-0.194618,-0.019459,-0.980686],"extended":false,"handId":126,"id":1260,"length":45.0726,"mcpPosition":[58.4271,159.967,109.153],"pipPosition":[37.5276,160.871,70.1538],"stabilizedTipPosition":[32.8589,157.455,31.9752],"timeVisible":1.5091,"tipPosition":[34.5497,157.603,25.4943],"tipVelocity":[-9.07881,-75.0549,15.5058],"tool":false,"touchDistance":0.122308,"touchZone":"hovering","type":0,"width":19.1104},{"bases":[[[0.966018,0.0315923,-0.256535],[0.0323441,0.969926,0.241243],[0.256441,-0.241342,0.935944]],[[0.948903,0.0460073,-0.312196],[-0.306251,0.372884,-0.875881],[0.0761162,0.926737,0.367921]],[[0.948903,0.0460073,-0.312196],[-0.131727,-0.841252,-0.52435],[-0.28676,0.538682,-0.792206]],[[0.948903,0.0460073,-0.312196],[0.0934776,-0.985894,0.138832],[-0.301405,-0.160921,-0.939819]]],"btipPosition":[64.1507,150.213,64.3341],"carpPosition":[71.2349,184.549,102.807],"dipPosition":[59.2522,147.598,49.06],"direction":[0.28676,-0.538682,0.792206],"extended":false,"handId":126,"id":1262,"length":57.9502,"mcpPosition":[55.3729,199.478,44.9143],"pipPosition":[52.1999,160.846,29.5772],"stabilizedTipPosition":[59.6156,148.284,66.2806],"timeVisible":1.5091,"tipPosition":[61.8174,149.565,57.6932],"tipVelocity":[1.70961,-37.1115,29.9836],"tool":false,"touchDistance":0.333333,"touchZone":"none","type":2,"width":17.9281},{"bases":[[[0.988022,-0.0774752,-0.133458],[0.109437,0.961516,0.252011],[0.108798,-0.263597,0.958478]],[[0.97972,-0.0615294,-0.190692],[-0.158703,0.342697,-0.925944],[0.122322,0.937429,0.325983]],[[0.97972,-0.0615294,-0.190692],[-0.147559,-0.865387,-0.478887],[-0.135557,0.497313,-0.856916]],[[0.97972,-0.0615294,-0.190692],[-0.0150255,-0.971566,0.236292],[-0.199809,-0.228635,-0.952787]]],"btipPosition":[77.2517,156.037,69.6386],"carpPosition":[81.5441,185.842,99.5382],"dipPosition":[74.0231,152.343,54.2427],"direction":[0.135557,-0.497313,0.856915],"extended":false,"handId":126,"id":1263,"length":55.7206,"mcpPosition":[75.5021,200.48,46.3091],"pipPosition":[70.7754,164.257,33.7128],"stabilizedTipPosition":[73.9882,153.914,71.6526],"timeVisible":1.5091,"tipPosition":[75.1344,154.636,60.4009],"tipVelocity":[-0.921626,-31.7655,12.89],"tool":false,"touchDistance":0.333333,"touchZone":"none","type":3,"width":17.0597},{"bases":[[[0.962218,-0.265261,-0.0614205],[0.270958,0.91067,0.311868],[-0.0267927,-0.316727,0.948138]],[[0.958107,-0.223912,-0.17859],[-0.0632095,0.442861,-0.89436],[0.279348,0.868181,0.410155]],[[0.958107,-0.223912,-0.17859],[-0.286127,-0.776048,-0.562033],[-0.0127479,0.589587,-0.807604]],[[0.958107,-0.223912,-0.17859],[-0.203186,-0.970847,0.127168],[-0.201858,-0.0855537,-0.975671]]],"btipPosition":[88.7881,161.806,63.5594],"carpPosition":[92.7285,180.77,96.6387],"dipPosition":[85.7789,160.531,49.0149],"direction":[0.0127479,-0.589587,0.807604],"extended":false,"handId":126,"id":1264,"length":43.6839,"mcpPosition":[94.1058,197.053,47.8967],"pipPosition":[85.5633,170.504,35.354],"stabilizedTipPosition":[85.8629,160.256,64.8291],"timeVisible":1.5091,"tipPosition":[86.8599,162,53.0222],"tipVelocity":[-4.07688,-34.6161,2.2273