{"frames":180,"data":[{"currentFrameRate":52.5713,"devices":[],"gestures":[],"hands":[{"armBasis":[[0.784878,-0.0794298,-0.614539],[0.431592,0.781704,0.450185],[0.444629,-0.618571,0.647823]],"armWidth":53.6395,"confidence":0.967175,"direction":[-0.143535,0.679578,-0.719424],"elbow":[163.032,10.8057,353.351],"grabAngle":2.24861,"grabStrength":0.739296,"id":62,"palmNormal":[-0.457323,-0.690225,-0.560754],"palmPosition":[40.4061,196.867,157.687],"palmVelocity":[-36.1884,28.494,100.623],"palmWidth":78.0811,"pinchDistance":33.4105,"pinchStrength":0.665863,"r":[[0.983979,0.156511,0.0853822],[-0.157924,0.987401,0.0100086],[-0.08274,-0.0233322,0.996298]],"s":1.13348,"sphereCenter":[24.892,175.409,118.744],"sphereRadius":42.0239,"stabilizedPalmPosition":[47.0389,183.721,142.601],"t":[-11.0507,27.2848,21.9629],"timeVisible":0.38849,"type":"right","wrist":[60.0137,154.125,203.254]}],"id":38373,"interactionBox":{"center":[0,200,0],"size":[235.247,235.247,147.751]},"pointables":[{"bases":[[[0.734194,0.649959,0.196244],[-0.445782,0.243472,0.861394],[0.512091,-0.719913,0.468495]],[[0.453075,0.891302,-0.0174532],[-0.609088,0.323795,0.723995],[0.650949,-0.317393,0.689585]],[[0.453075,0.891302,-0.0174532],[-0.781056,0.40632,0.474189],[0.429737,-0.201211,0.88025]],[[0.453075,0.891302,-0.0174532],[-0.875449,0.448542,0.179997],[0.16826,-0.0662726,0.983512]]],"btipPosition":[-14.3485,184.682,123.122],"carpPosition":[29.2065,163.996,197.364],"dipPosition":[-11.0289,183.375,142.525],"direction":[-0.429737,0.201211,-0.88025],"extended":false,"handId":62,"id":620,"length":43.9332,"mcpPosition":[29.2065,163.996,197.364],"pipPosition":[1.32261,177.592,167.825],"stabilizedTipPosition":[-10.0615,179.88,117.885],"timeVisible":0.38849,"tipPosition":[-13.7093,186.567,127.924],"tipVelocity":[-39.3671,21.902,110.74],"tool":false,"touchDistance":0.959741,"touchZone":"none","type":0,"width":16.9013},{"bases":[[[0.798906,-0.343369,-0.493808],[0.553377,0.741286,0.379827],[0.235632,-0.576708,0.782231]],[[0.794204,-0.332161,-0.508831],[0.359292,0.93201,-0.0476112],[0.49005,-0.145006,0.859549]],[[0.794204,-0.332161,-0.508831],[-0.189073,0.660723,-0.726427],[0.577487,0.673138,0.461946]],[[0.794204,-0.332161,-0.508831],[-0.456643,0.226207,-0.860412],[0.400896,0.915696,0.0279752]]],"btipPosition":[-3.36576,189.962,98.8797],"carpPosition":[50.8472,180.185,192.154],"dipPosition":[2.98498,204.468,99.3229],"direction":[-0.577487,-0.673138,-0.461946],"extended":false,"handId":62,"id":622,"length":56.4853,"mcpPosition":[36.74,214.712,145.322],"pipPosition":[16.8282,220.604,110.396],"stabilizedTipPosition":[1.42371,188.847,93.8694],"timeVisible":0.38849,"tipPosition":[-0.552703,183.669,107.085],"tipVelocity":[-64.1569,61.2472,93.1047],"tool":false,"touchDistance":0.483028,"touchZone":"hovering","type":2,"width":15.8557},{"bases":[[[0.780869,-0.479392,-0.400533],[0.616271,0.696098,0.368318],[0.102241,-0.534445,0.838997]],[[0.778419,-0.467464,-0.418976],[0.331169,0.872802,-0.358529],[0.533283,0.140334,0.834216]],[[0.778419,-0.467464,-0.418976],[-0.330146,0.26281,-0.906606],[0.533917,0.844043,0.0502449]],[[0.778419,-0.467464,-0.418976],[-0.578636,-0.275531,-0.767635],[0.243401,0.839976,-0.48497]]],"btipPosition":[17.6065,168.064,116.663],"carpPosition":[59.4898,177.561,186.716],"dipPosition":[21.4402,181.294,109.024],"direction":[-0.533917,-0.844043,-0.0502449],"extended":false,"handId":62,"id":623,"length":54.3121,"mcpPosition":[53.994,206.29,141.618],"pipPosition":[33.9084,201.004,110.198],"stabilizedTipPosition":[23.2698,165.152,109.022],"timeVisible":0.38849,"tipPosition":[19.8255,166.475,122.26],"tipVelocity":[-61.9272,33.0395,98.1494],"tool":false,"touchDistance":0.748429,"touchZone":"hovering","type":3,"width":15.0877},{"bases":[[[0.674823,-0.646408,-0.35605],[0.736818,0.563091,0.374204],[-0.0413998,-0.514865,0.856271]],[[0.673009,-0.663659,-0.326521],[0.506143,0.735151,-0.450968],[0.539331,0.13824,0.83067]],[[0.673009,-0.663659,-0.326521],[-0.323246,0.133155,-0.9369],[0.66526,0.736089,-0.12491]],[[0.673009,-0.663659,-0.326521],[-0.648168,-0.316547,-0.692586],[0.356282,0.677757,-0.643202]]],"btipPosition":[35.6331,168.75,124.423],"carpPosition":[65.7946,169.236,180.384],"dipPosition":[40.81,178.598,115.077],"direction":[-0.66526,-0.736089,0.12491],"extended":false,"handId":62,"id":624,"length":42.5797,"mcpPosition":[67.8546,194.855,137.777],"pipPosition":[51.7787,190.734,113.017],"stabilizedTipPosition":[41.9174,164.043,114.452],"timeVisible":0.38849,"tipPosition":[37.417,167.711,127.909],"tipVelocity":[-54.469,27.6121,99.9324],"tool":false,"touchDistance":0.871222,"touchZone":"none","type":4,"width":13.402},{"bases":[[[0.841082,-0.130891,-0.524833],[0.409415,0.788156,0.459553],[0.353499,-0.601396,0.716492]],[[0.841535,-0.131663,-0.523913],[0.258459,0.949768,0.176466],[0.474361,-0.283912,0.833292]],[[0.841535,-0.131663,-0.523913],[-0.182538,0.84349,-0.505177],[0.508428,0.520758,0.685793]],[[0.841535,-0.131663,-0.523913],[-0.409711,0.476531,-0.777853],[0.352075,0.869243,0.347074]]],"btipPosition":[-13.2909,205.217,102.946],"carpPosition":[41.6363,180.098,197.331],"dipPosition":[-8.21998,217.737,107.945],"direction":[-0.508428,-0.520758,-0.685793],"extended":false,"handId":62,"id":621,"length":49.5738,"mcpPosition":[19.3191,218.065,152.097],"pipPosition":[2.13938,228.347,121.918],"stabilizedTipPosition":[-8.522,204.588,96.4697],"timeVisible":0.38849,"tipPosition":[-11.175,198.143,108.657],"tipVelocity":[-56.2445,17.1245,121.674],"tool":false,"touchDistance":0.755956,"touchZone":"hovering","type":1,"width":16.1441}],"r":[[0.983979,0.156511,0.0853822],[-0.157924,0.987401,0.0100086],[-0.08274,-0.0233322,0.996298]],"s":1.13348,"t":[-11.0507,27.2848,21.9629],"timestamp":86471493421},{"currentFrameRate":52.895,"devices":[],"gestures":[],"hands":[{"armBasis":[[0.777229,-0.0777588,-0.624395],[0.440966,0.775188,0.452363],[0.448848,-0.626927,0.636787]],"armWidth":53.6395,"confidence":0.972693,"direction":[-0.14414,0.676446,-0.72225],"elbow":[163.675,9.33308,352.655],"grabAngle":2.23726,"grabStrength":0.727793,"id":62,"palmNormal":[-0.464489,-0.69072,-0.554217],"palmPosition":[39.9945,197.283,159.538],"palmVelocity":[-23.205,23.4866,104.4],"palmWidth":78.0811,"pinchDistance":33.4223,"pinchStrength":0.661184,"r":[[0.984627,0.153897,0.0826162],[-0.155234,0.987827,0.00997184],[-0.080076,-0.0226434,0.996532]],"s":1.1323,"sphereCenter":[23.9944,175.653,120.858],"sphereRadius":42.035,"stabilizedPalmPosition":[47.0049,183.786,142.683],"t":[-11.5914,27.7781,23.7064],"timeVisible":0.406225,"type":"right","wrist":[59.6789,154.589,205.115]}],"id":38374,"interactionBox":{"center":[0,200,0],"size":[235.247,235.247,147.751]},"pointables":[{"bases":[[[0.738928,0.646945,0.188275],[-0.439226,0.250606,0.862715],[0.510947,-0.720179,0.469335]],[[0.456541,0.889325,-0.0259013],[-0.606246,0.332264,0.722542],[0.651181,-0.314167,0.690842]],[[0.456541,0.889325,-0.0259013],[-0.778727,0.413505,0.471802],[0.430296,-0.195227,0.881324]],[[0.456541,0.889325,-0.0259013],[-0.87299,0.453391,0.179793],[0.171637,-0.059471,0.983364]]],"btipPosition":[-14.7933,184.933,125.137],"carpPosition":[28.8543,164.691,199.461],"dipPosition":[-11.4071,183.76,144.538],"direction":[-0.430296,0.195227,-0.881324],"extended":false,"handId":62,"id":620,"length":43.9332,"mcpPosition":[28.8543,164.691,199.461],"pipPosition":[0.96045,178.148,169.869],"stabilizedTipPosition":[-10.0866,179.911,117.959],"timeVisible":0.406225,"tipPosition":[-14.3459,187.053,130.142],"tipVelocity":[-24.2202,15.8632,113.596],"tool":false,"touchDistance":0.993318,"touchZone":"none","type":0,"width":16.9013},{"bases":[[[0.79401,-0.350457,-0.496717],[0.559727,0.740266,0.37244],[0.237179,-0.573747,0.783939]],[[0.788679,-0.337931,-0.513603],[0.364309,0.929806,-0.0523508],[0.495242,-0.145822,0.856429]],[[0.788679,-0.337931,-0.513603],[-0.183655,0.667753,-0.721372],[0.586734,0.663257,0.46458]],[[0.788679,-0.337931,-0.513603],[-0.455528,0.239839,-0.857305],[0.412892,0.910099,0.0352189]]],"btipPosition":[-4.37639,190.69,100.605],"carpPosition":[50.5518,180.731,194.033],"dipPosition":[2.16437,205.107,101.163],"direction":[-0.586734,-0.663257,-0.46458],"extended":false,"handId":62,"id":622,"length":56.4853,"mcpPosition":[36.352,215.081,147.098],"pipPosition":[16.2292,221.006,112.3],"stabilizedTipPosition":[1.11311,189.22,94.3657],"timeVisible":0.406225,"tipPosition":[-1.39671,184.4,108.947],"tipVelocity":[-54.5208,39.889,98.773],"tool":false,"touchDistance":0.512223,"touchZone":"hovering","type":2,"width":15.8557},{"bases":[[[0.775789,-0.48587,-0.402593],[0.622301,0.694669,0.3608],[0.104367,-0.530439,0.841274]],[[0.77302,-0.472817,-0.422948],[0.33325,0.869966,-0.363461],[0.539801,0.140015,0.830067]],[[0.77302,-0.472817,-0.422948],[-0.330755,0.268527,-0.904707],[0.541333,0.839248,0.0511905]],[[0.77302,-0.472817,-0.422948],[-0.582279,-0.264219,-0.768856],[0.251777,0.840614,-0.479558]]],"btipPosition":[16.5987,168.432,118.43],"carpPosition":[59.1468,178.031,188.558],"dipPosition":[20.5642,181.671,110.877],"direction":[-0.541333,-0.839248,-0.0511905],"extended":false,"handId":62,"id":623,"length":54.3121,"mcpPosition":[53.5368,206.543,143.337],"pipPosition":[33.2056,201.27,112.073],"stabilizedTipPosition":[23.0374,165.407,109.332],"timeVisible":0.406225,"tipPosition":[18.9956,166.93,124.21],"tipVelocity":[-55.1187,20.8698,100.788],"tool":false,"touchDistance":0.778221,"touchZone":"hovering","type":3,"width":15.0877},{"bases":[[[0.669097,-0.652052,-0.356563],[0.742148,0.561031,0.366688],[-0.0390569,-0.509972,0.859304]],[[0.667431,-0.668628,-0.327831],[0.507448,0.730566,-0.456913],[0.545007,0.138601,0.826896]],[[0.667431,-0.668628,-0.327831],[-0.324973,0.134581,-0.936099],[0.670021,0.731317,-0.127462]],[[0.667431,-0.668628,-0.327831],[-0.651339,-0.310772,-0.692227],[0.360961,0.675542,-0.642922]]],"btipPosition":[34.7737,169.007,126.272],"carpPosition":[65.3674,169.636,182.234],"dipPosition":[40.0186,178.822,116.93],"direction":[-0.670021,-0.731317,0.127462],"extended":false,"handId":62,"id":624,"length":42.5797,"mcpPosition":[67.3109,195.012,139.476],"pipPosition":[51.0657,190.88,114.828],"stabilizedTipPosition":[41.8002,164.186,114.643],"timeVisible":0.406225,"tipPosition":[36.6572,168.023,129.869],"tipVelocity":[-47.5789,14.0639,104.294],"tool":false,"touchDistance":0.90205,"touchZone":"none","type":4,"width":13.402},{"bases":[[[0.837164,-0.138387,-0.529155],[0.416509,0.788364,0.452773],[0.354509,-0.599443,0.717629]],[[0.83682,-0.137805,-0.529851],[0.261915,0.950635,0.166411],[0.480763,-0.278032,0.831604]],[[0.83682,-0.137805,-0.529851],[-0.181462,0.84328,-0.505915],[0.516531,0.519507,0.680667]],[[0.83682,-0.137805,-0.529851],[-0.411272,0.480577,-0.774533],[0.361369,0.866058,0.345481]]],"btipPosition":[-14.1497,205.578,104.997],"carpPosition":[41.372,180.723,199.265],"dipPosition":[-8.94499,218.051,109.973],"direction":[-0.516531,-0.519507,-0.680667],"extended":false,"handId":62,"id":621,"length":49.5738,"mcpPosition":[18.991,218.567,153.96],"pipPosition":[1.57946,228.637,123.842],"stabilizedTipPosition":[-8.63625,204.688,96.7191],"timeVisible":0.406225,"tipPosition":[-11.8868,198.696,110.758],"tipVelocity":[-46.692,19.7356,115.358],"tool":false,"touchDistance":0.744382,"touchZone":"hovering","type":1,"width":16.1441}],"r":[[0.984627,0.153897,0.0826162],[-0.155234,0.987827,0.00997184],[-0.080076,-0.0226434,0.996532]],"s":1.1323,"t":[-11.5914,27.7781,23.7064],"timestamp":86471511156},{"currentFrameRate":53.3188,"devices":[],"gestures":[],"hands":[{"armBasis":[[0.772693,-0.0754429,-0.630281],[0.446004,0.771053,0.454486],[0.451692,-0.632286,0.629435]],"armWidth":53.6395,"confidence":0.977175,"direction":[-0.147886,0.672881,-0.724817],"elbow":[164.029,8.31609,352.622],"grabAngle":2.2261,"grabStrength":0.712153,"id":62,"palmNormal":[-0.467839,-0.693289,-0.548158],"palmPosition":[39.4576,197.367,161.18],"palmVelocity":[-31.1558,4.85427,95.2542],"palmWidth":78.0811,"pinchDistance":33.5522,"pinchStrength":0.647991,"r":[[0.985237,0.151802,0.0791535],[-0.152989,0.988186,0.00911908],[-0.0768341,-0.021094,0.996821]],"s":1.13269,"sphereCenter":[23.1224,175.473,122.719],"sphereRadius":42.0923,"stabilizedPalmPosition":[46.9837,183.824,142.735],"t":[-12.1302,28.0665,25.3989],"timeVisible":0.423458,"type":"right","wrist":[59.3744,154.813,206.785]}],"id":38375,"interactionBox":{"center":[0,200,0],"size":[235.247,235.247,147.751]},"pointables":[{"bases":[[[0.740221,0.647565,0.18092],[-0.43432,0.25511,0.863878],[0.513263,-0.718037,0.470089]],[[0.454743,0.889966,-0.034189],[-0.605511,0.337091,0.72092],[0.653119,-0.307132,0.692174]],[[0.454743,0.889966,-0.034189],[-0.778538,0.415864,0.470038],[0.432536,-0.187129,0.881984]],[[0.454743,0.889966,-0.034189],[-0.873114,0.453049,0.180051],[0.175729,-0.0520262,0.983063]]],"btipPosition":[-15.3491,184.541,126.932],"carpPosition":[28.5266,164.98,201.327],"dipPosition":[-11.8822,183.514,146.327],"direction":[-0.432536,0.187129,-0.881984],"extended":false,"handId":62,"id":620,"length":43.9332,"mcpPosition":[28.5266,164.98,201.327],"pipPosition":[0.549808,178.136,171.677],"stabilizedTipPosition":[-10.1045,179.928,118.013],"timeVisible":0.423458,"tipPosition":[-15.0361,186.94,132.118],"tipVelocity":[-31.1713,-20.8012,104.111],"tool":false,"touchDistance":1,"touchZone":"none","type":0,"width":16.9013},{"bases":[[[0.791095,-0.353279,-0.499363],[0.562085,0.741884,0.365608],[0.241308,-0.569915,0.785473]],[[0.785221,-0.339822,-0.517637],[0.366052,0.928991,-0.0545943],[0.499433,-0.146614,0.853857]],[[0.785221,-0.339822,-0.517637],[-0.177203,0.677676,-0.713691],[0.593319,0.652132,0.471908]],[[0.785221,-0.339822,-0.517637],[-0.451328,0.25825,-0.854172],[0.423947,0.904338,0.0494116]]],"btipPosition":[-5.47862,191.103,101.882],"carpPosition":[50.2,180.983,195.697],"dipPosition":[1.23726,205.429,102.665],"direction":[-0.593319,-0.652132,-0.471908],"extended":false,"handId":62,"id":622,"length":56.4853,"mcpPosition":[35.753,215.104,148.671],"pipPosition":[15.4599,221.061,113.977],"stabilizedTipPosition":[0.823571,189.517,94.8073],"timeVisible":0.423458,"tipPosition":[-2.3114,184.792,110.412],"tipVelocity":[-61.6234,22.7353,77.1016],"tool":false,"touchDistance":0.534368,"touchZone":"hovering","type":2,"width":15.8557},{"bases":[[[0.773344,-0.48821,-0.404462],[0.624575,0.696202,0.353849],[0.108834,-0.526264,0.843328]],[[0.770268,-0.474424,-0.426156],[0.330045,0.86836,-0.370164],[0.545671,0.144475,0.825451]],[[0.770268,-0.474424,-0.426156],[-0.33439,0.268545,-0.903364],[0.54302,0.838335,0.0482089]],[[0.770268,-0.474424,-0.426156],[-0.585225,-0.260357,-0.767936],[0.253375,0.840914,-0.478189]]],"btipPosition":[15.6894,168.277,120.173],"carpPosition":[58.7634,178.252,190.188],"dipPosition":[19.6802,181.521,112.641],"direction":[-0.54302,-0.838335,-0.0482089],"extended":false,"handId":62,"id":623,"length":54.3121,"mcpPosition":[52.9132,206.54,144.857],"pipPosition":[32.3609,201.098,113.767],"stabilizedTipPosition":[22.8735,165.558,109.564],"timeVisible":0.423458,"tipPosition":[18.2294,166.903,126.023],"tipVelocity":[-52.4255,-8.91669,101.384],"tool":false,"touchDistance":0.80734,"touchZone":"hovering","type":3,"width":15.0877},{"bases":[[[0.666843,-0.654115,-0.357007],[0.7444,0.562544,0.35974],[-0.034479,-0.505646,0.862052]],[[0.66529,-0.670895,-0.327551],[0.504851,0.727484,-0.464642],[0.550014,0.143757,0.82269]],[[0.66529,-0.670895,-0.327551],[-0.329749,0.129567,-0.935135],[0.669818,0.730145,-0.135027]],[[0.66529,-0.670895,-0.327551],[-0.654415,-0.312863,-0.688374],[0.359348,0.672322,-0.647188]]],"btipPosition":[34.0014,168.891,128.085],"carpPosition":[64.9454,169.823,183.872],"dipPosition":[39.2229,178.66,118.681],"direction":[-0.669818,-0.730145,0.135027],"extended":false,"handId":62,"id":624,"length":42.5797,"mcpPosition":[66.661,194.983,140.977],"pipPosition":[50.2666,190.698,116.455],"stabilizedTipPosition":[41.7207,164.269,114.779],"timeVisible":0.423458,"tipPosition":[35.9413,167.97,131.658],"tipVelocity":[-45.1275,-7.35505,104.415],"tool":false,"touchDistance":0.932039,"touchZone":"none","type":4,"width":13.402},{"bases":[[[0.834153,-0.141392,-0.533102],[0.419335,0.790444,0.446494],[0.358257,-0.595992,0.718641]],[[0.833146,-0.139722,-0.535113],[0.260236,0.952795,0.156394],[0.488001,-0.269555,0.830178]],[[0.833146,-0.139722,-0.535113],[-0.183072,0.843339,-0.505236],[0.521874,0.518899,0.677046]],[[0.833146,-0.139722,-0.535113],[-0.413196,0.485873,-0.770192],[0.36761,0.862789,0.347071]]],"btipPosition":[-15.1698,205.395,106.751],"carpPosition":[41.0494,181.005,200.981],"dipPosition":[-9.87516,217.821,111.75],"direction":[-0.521874,-0.518899,-0.677046],"extended":false,"handId":62,"id":621,"length":49.5738,"mcpPosition":[18.4319,218.632,155.611],"pipPosition":[0.758158,228.394,125.545],"stabilizedTipPosition":[-8.7363,204.755,96.9296],"timeVisible":0.423458,"tipPosition":[-12.7113,198.693,112.615],"tipVelocity":[-57.993,-11.2577,102.109],"tool":false,"touchDistance":0.729672,"touchZone":"hovering","type":1,"width":16.1441}],"r":[[0.985237,0.151802,0.0791535],[-0.152989,0.988186,0.00911908],[-0.0768341,-0.021094,0.996821]],"s":1.13269,"t":[-12.1302,28.0665,25.3989],"timestamp":86471528389},{"currentFrameRate":53.6541,"devices":[],"gestures":[],"hands":[{"armBasis":[[0.767485,-0.0749342,-0.636672],[0.452481,0.76685,0.455194],[0.454122,-0.637437,0.622453]],"armWidth":53.6395,"confidence":0.98097,"direction":[-0.148348,0.671103,-0.72637],"elbow":[163.981,7.08771,352.552],"grabAngle":2.21276,"grabStrength":0.701321,"id":62,"palmNormal":[-0.473061,-0.693168,-0.543813],"palmPosition":[38.796,197.317,162.738],"palmVelocity":[-37.9339,-2.83547,89.3533],"palmWidth":78.0811,"pinchDistance":33.4675,"pinchStrength":0.631848,"r":[[0.985901,0.14937,0.075418],[-0.150383,0.988596,0.00791478],[-0.0733757,-0.0191448,0.997121]],"s":1.13326,"sphereCenter":[22.1682,175.238,124.399],"sphereRadius":42.1676,"stabilizedPalmPosition":[46.967,183.852,142.776],"t":[-12.7304,28.186,27.0244],"timeVisible":0.4409,"type":"right","wrist":[58.7634,154.778,208.333]}],"id":38376,"interactionBox":{"center":[0,200,0],"size":[235.247,235.247,147.751]},"pointables":[{"bases":[[[0.743633,0.645134,0.175534],[-0.429469,0.259702,0.864934],[0.512412,-0.71858,0.470188]],[[0.455476,0.88931,-0.0408615],[-0.604428,0.342615,0.719223],[0.653611,-0.302891,0.693577]],[[0.455476,0.88931,-0.0408615],[-0.777185,0.419597,0.468958],[0.434194,-0.181842,0.882275]],[[0.455476,0.88931,-0.0408615],[-0.872115,0.454945,0.180115],[0.178767,-0.046402,0.982797]]],"btipPosition":[-16.0937,184.223,128.582],"carpPosition":[27.9107,165.106,203.039],"dipPosition":[-12.5668,183.308,147.971],"direction":[-0.434194,0.181842,-0.882275],"extended":false,"handId":62,"id":620,"length":43.9332,"mcpPosition":[27.9107,165.106,203.039],"pipPosition":[-0.0871863,178.081,173.33],"stabilizedTipPosition":[-10.1218,179.942,118.063],"timeVisible":0.4409,"tipPosition":[-15.8509,186.933,133.925],"tipVelocity":[-41.8992,-16.7524,94.4889],"tool":false,"touchDistance":1,"touchZone":"none","type":0,"width":16.9013},{"bases":[[[0.769566,-0.492676,-0.406248],[0.628948,0.694807,0.348809],[0.110414,-0.523941,0.844568]],[[0.76629,-0.478291,-0.428995],[0.331671,0.866335,-0.373442],[0.550267,0.14388,0.822499]],[[0.76629,-0.478291,-0.428995],[-0.331571,0.277528,-0.901687],[0.550327,0.833196,0.0540798]],[[0.76629,-0.478291,-0.428995],[-0.585511,-0.244946,-0.772773],[0.26453,0.84335,-0.467745]]],"btipPosition":[14.4734,168.223,121.452],"carpPosition":[58.1517,178.219,191.724],"dipPosition":[18.6398,181.506,114.085],"direction":[-0.550327,-0.833196,-0.0540798],"extended":false,"handId":62,"id":623,"length":54.3121,"mcpPosition":[52.2166,206.382,146.326],"pipPosition":[31.4912,200.963,115.347],"stabilizedTipPosition":[22.6944,165.695,109.809],"timeVisible":0.4409,"tipPosition":[17.231,166.966,127.523],"tipVelocity":[-67.4021,-2.57522,75.4992],"tool":false,"touchDistance":0.829287,"touchZone":"hovering","type":3,"width":15.0877},{"bases":[[[0.662603,-0.65799,-0.35778],[0.748255,0.560682,0.354612],[-0.0327305,-0.502678,0.863854]],[[0.660985,-0.675747,-0.326289],[0.506182,0.722509,-0.470915],[0.553966,0.146106,0.819619]],[[0.660985,-0.675747,-0.326289],[-0.330043,0.128709,-0.93515],[0.673921,0.72581,-0.137951]],[[0.660985,-0.675747,-0.326289],[-0.655837,-0.308917,-0.688802],[0.36466,0.66928,-0.64737]]],"btipPosition":[32.9779,168.71,129.675],"carpPosition":[64.2715,169.744,185.409],"dipPosition":[38.2765,178.435,120.268],"direction":[-0.673921,-0.72581,0.137951],"extended":false,"handId":62,"id":624,"length":42.5797,"mcpPosition":[65.9002,194.757,142.424],"pipPosition":[49.388,190.402,117.994],"stabilizedTipPosition":[41.6449,164.337,114.907],"timeVisible":0.4409,"tipPosition":[35.0237,167.863,133.283],"tipVelocity":[-57.6617,-10.9404,91.0952],"tool":false,"touchDistance":0.958521,"touchZone":"none","type":4,"width":13.402},{"bases":[[[0.831214,-0.146531,-0.536295],[0.424503,0.790186,0.442044],[0.358999,-0.595092,0.719017]],[[0.829501,-0.143705,-0.539702],[0.259933,0.954629,0.14532],[0.494332,-0.260829,0.829219]],[[0.829501,-0.143705,-0.539702],[-0.184515,0.84156,-0.507672],[0.527146,0.520697,0.671559]],[[0.829501,-0.143705,-0.539702],[-0.414842,0.488471,-0.76766],[0.373945,0.860665,0.345572]]],"btipPosition":[-16.1973,205.09,108.5],"carpPosition":[40.4968,181.08,202.585],"dipPosition":[-10.8114,217.486,113.478],"direction":[-0.527146,-0.520697,-0.671559],"extended":false,"handId":62,"id":621,"length":49.5738,"mcpPosition":[17.8324,218.649,157.192],"pipPosition":[-0.0706274,228.096,127.161],"stabilizedTipPosition":[-8.83073,204.803,97.1225],"timeVisible":0.4409,"tipPosition":[-13.6116,198.905,114.293],"tipVelocity":[-57.7032,-17.8559,99.9974],"tool":false,"touchDistance":0.7162,"touchZone":"hovering","type":1,"width":16.1441},{"bases":[[[0.787446,-0.358129,-0.501669],[0.566697,0.740781,0.360692],[0.242453,-0.56832,0.786276]],[[0.781426,-0.344444,-0.520319],[0.371679,0.926714,-0.055276],[0.501227,-0.150198,0.852181]],[[0.781426,-0.344444,-0.520319],[-0.166452,0.688572,-0.705806],[0.601388,0.638143,0.480735]],[[0.781426,-0.344444,-0.520319],[-0.44337,0.280268,-0.851395],[0.439086,0.895996,0.0662928]]],"btipPosition":[-6.62949,191.64,102.988],"carpPosition":[49.6239,181.003,197.262],"dipPosition":[0.326226,205.834,104.038],"direction":[-0.601388,-0.638143,-0.480735],"extended":false,"handId":62,"id":622,"length":56.4853,"mcpPosition":[35.1082,215.029,150.188],"pipPosition":[14.7423,221.131,115.562],"stabilizedTipPosition":[0.505961,189.81,95.2643],"timeVisible":0.4409,"tipPosition":[-3.34274,185.292,111.715],"tipVelocity":[-62.8201,29.0769,66.9178],"tool":false,"touchDistance":0.553821,"touchZone":"hovering","type":2,"width":15.8557}],"r":[[0.985901,0.14937,0.075418],[-0.150383,0.988596,0.00791478],[-0.0733757,-0.0191448,0.997121]],"s":1.13326,"t":[-12.7304,28.186,27.0244],"timestamp":86471545831},{"currentFrameRate":54.0039,"devices":[],"gestures":[],"hands":[{"armBasis":[[0.764959,-0.07262,-0.639972],[0.457136,0.761176,0.460042],[0.453723,-0.644467,0.615465]],"armWidth":53.6395,"confidence":0.984112,"direction":[-0.150303,0.673517,-0.72373],"elbow":[163.24,5.10766,352.336],"grabAngle":2.20299,"grabStrength":0.691052,"id":62,"palmNormal":[-0.476768,-0.690678,-0.543744],"palmPosition":[38.0448,197.177,164.386],"palmVelocity":[-43.4763,-8.10935,95.3434],"palmWidth":78.0811,"pinchDistance":33.284,"pinchStrength":0.633851,"r":[[0.986538,0.147005,0.0716442],[-0.147923,0.988969,0.00765792],[-0.0697281,-0.0181527,0.997401]],"s":1.13359,"sphereCenter":[21.2484,175.051,125.987],"sphereRadius":42.2593,"stabilizedPalmPosition":[46.9525,183.874,142.811],"t":[-13.4061,28.1757,28.6607],"timeVisible":0.458177,"type":"right","wrist":[58.1151,154.427,209.736]}],"id":38377,"interactionBox":{"center":[0,200,0],"size":[235.247,235.247,147.751]},"pointables":[{"bases":[[[0.745615,0.643224,0.174128],[-0.425144,0.257953,0.86759],[0.513138,-0.720918,0.465797]],[[0.454825,0.889608,-0.0416224],[-0.602196,0.341641,0.721555],[0.656121,-0.303116,0.691105]],[[0.454825,0.889608,-0.0416224],[-0.775575,0.41863,0.472475],[0.437742,-0.182612,0.880361]],[[0.454825,0.889608,-0.0416224],[-0.87182,0.454299,0.183148],[0.181839,-0.0470129,0.982204]]],"btipPosition":[-16.9968,184.028,130.355],"carpPosition":[27.2777,164.868,204.64],"dipPosition":[-13.4093,183.101,149.732],"direction":[-0.437742,0.182612,-0.880361],"extended":false,"handId":62,"id":620,"length":43.9332,"mcpPosition":[27.2777,164.868,204.64],"pipPosition":[-0.827712,177.852,175.036],"stabilizedTipPosition":[-10.1401,179.954,118.114],"timeVisible":0.458177,"tipPosition":[-16.7387,186.926,135.768],"tipVelocity":[-51.4645,-11.4206,102.461],"tool":false,"touchDistance":1,"touchZone":"none","type":0,"width":16.9013},{"bases":[[[0.766831,-0.492913,-0.411104],[0.631793,0.6926,0.348056],[0.113169,-0.526633,0.842526]],[[0.763307,-0.477752,-0.434875],[0.33045,0.86715,-0.372631],[0.555127,0.140727,0.819774]],[[0.763307,-0.477752,-0.434875],[-0.330457,0.289679,-0.898268],[0.555123,0.829361,0.0632376]],[[0.763307,-0.477752,-0.434875],[-0.585993,-0.228616,-0.777397],[0.271984,0.848226,-0.454463]]],"btipPosition":[13.254,168.238,122.746],"carpPosition":[57.4928,177.957,193.229],"dipPosition":[17.5378,181.597,115.588],"direction":[-0.555123,-0.829361,-0.0632376],"extended":false,"handId":62,"id":623,"length":54.3121,"mcpPosition":[51.4096,206.265,147.941],"pipPosition":[30.5012,200.965,117.065],"stabilizedTipPosition":[22.5047,165.821,110.063],"timeVisible":0.458177,"tipPosition":[16.2155,167.08,128.972],"tipVelocity":[-69.017,1.86957,77.6926],"tool":false,"touchDistance":0.851659,"touchZone":"none","type":3,"width":15.0877},{"bases":[[[0.659773,-0.658169,-0.362648],[0.750872,0.558237,0.352936],[-0.0298481,-0.505159,0.86251]],[[0.658187,-0.67668,-0.329993],[0.504857,0.721874,-0.473305],[0.558489,0.144923,0.816754]],[[0.658187,-0.67668,-0.329993],[-0.332288,0.132207,-0.933866],[0.675556,0.724311,-0.137836]],[[0.658187,-0.67668,-0.329993],[-0.657544,-0.303231,-0.689701],[0.366642,0.670936,-0.644529]]],"btipPosition":[31.9411,168.615,131.237],"carpPosition":[63.5687,169.49,186.861],"dipPosition":[37.2685,178.364,121.871],"direction":[-0.675556,-0.724311,0.137836],"extended":false,"handId":62,"id":624,"length":42.5797,"mcpPosition":[65.0539,194.626,143.944],"pipPosition":[48.4069,190.306,119.599],"stabilizedTipPosition":[41.5719,164.393,115.029],"timeVisible":0.458177,"tipPosition":[34.0807,167.837,134.823],"tipVelocity":[-59.629,-5.17437,90.958],"tool":false,"touchDistance":0.984712,"touchZone":"none","type":4,"width":13.402},{"bases":[[[0.828553,-0.146502,-0.540405],[0.427942,0.788086,0.442477],[0.361062,-0.597878,0.715665]],[[0.82631,-0.142812,-0.544808],[0.256682,0.95651,0.138576],[0.501324,-0.254349,0.827031]],[[0.82631,-0.142812,-0.544808],[-0.188581,0.841329,-0.50656],[0.530706,0.521316,0.668267]],[[0.82631,-0.142812,-0.544808],[-0.417772,0.493327,-0.762952],[0.377727,0.85804,0.347978]]],"btipPosition":[-17.3128,204.796,110.415],"carpPosition":[39.8916,180.819,204.177],"dipPosition":[-11.8725,217.154,115.427],"direction":[-0.530706,-0.521316,-0.668267],"extended":false,"handId":62,"id":621,"length":49.5738,"mcpPosition":[17.097,218.564,158.995],"pipPosition":[-1.05921,227.776,129.043],"stabilizedTipPosition":[-8.91954,204.838,97.2999],"timeVisible":0.458177,"tipPosition":[-14.6166,199.254,116.045],"tipVelocity":[-63.8451,-17.5325,111.283],"tool":false,"touchDistance":0.706753,"touchZone":"hovering","type":1,"width":16.1441},{"bases":[[[0.784541,-0.358119,-0.506208],[0.569681,0.738655,0.36035],[0.244865,-0.571086,0.783519]],[[0.778229,-0.343851,-0.525477],[0.372868,0.926316,-0.0539277],[0.505301,-0.153965,0.849097]],[[0.778229,-0.343851,-0.525477],[-0.161713,0.698821,-0.696777],[0.606802,0.627228,0.488238]],[[0.778229,-0.343851,-0.525477],[-0.439195,0.300069,-0.846798],[0.448851,0.88979,0.0825047]]],"btipPosition":[-7.85292,192.057,104.392],"carpPosition":[48.9949,180.741,198.813],"dipPosition":[-0.742509,206.153,105.699],"direction":[-0.606802,-0.627228,-0.488238],"extended":false,"handId":62,"id":622,"length":56.4853,"mcpPosition":[34.3349,214.932,151.904],"pipPosition":[13.8034,221.188,117.403],"stabilizedTipPosition":[0.199867,190.06,95.6935],"timeVisible":0.458177,"tipPosition":[-4.40219,185.699,113.232],"tipVelocity":[-68.7531,22.8108,84.7112],"tool":false,"touchDistance":0.578214,"touchZone":"hovering","type":2,"width":15.8557}],"r":[[0.986538,0.147005,0.0716442],[-0.147923,0.988969,0.00765792],[-0.0697281,-0.0181527,0.997401]],"s":1.13359,"t":[-13.4061,28.1757,28.6607],"timestamp":86471563108},{"currentFrameRate":54.3377,"devices":[],"gestures":[],"hands":[{"armBasis":[[0.760176,-0.0752559,-0.645344],[0.46693,0.753953,0.462094],[0.451784,-0.652603,0.608277]],"armWidth":53.6395,"confidence":0.986732,"direction":[-0.154744,0.669196,-0.726795],"elbow":[162.222,3.02479,352.371],"grabAngle":2.19205,"grabStrength":0.679882,"id":62,"palmNormal":[-0.48411,-0.692644,-0.534679],"palmPosition":[37.2526,196.842,166.061],"palmVelocity":[-45.9852,-19.446,97.2613],"palmWidth":78.0811,"pinchDistance":33.2627,"pinchStrength":0.634457,"r":[[0.987257,0.144529,0.066602],[-0.14527,0.989371,0.00639613],[-0.0649697,-0.0159899,0.997759]],"s":1.13366,"sphereCenter":[20.0887,174.35,127.871],"sphereRadius":42.383,"stabilizedPalmPosition":[46.9382,183.893,142.845],"t":[-14.14,28.0031,30.3167],"timeVisible":0.475404,"type":"right","wrist":[57.5461,154.229,211.437]}],"id":38378,"interactionBox":{"center":[0,200,0],"size":[235.247,235.247,147.751]},"pointables":[{"bases":[[[0.749356,0.641813,0.162917],[-0.416209,0.265175,0.869743],[0.51501,-0.719555,0.465839]],[[0.45634,0.888259,-0.0524416],[-0.595425,0.348632,0.723827],[0.661228,-0.299087,0.687986]],[[0.45634,0.888259,-0.0524416],[-0.770666,0.424012,0.475696],[0.444777,-0.176664,0.878045]],[[0.45634,0.888259,-0.0524416],[-0.869809,0.457734,0.184154],[0.187581,-0.0384228,0.981497]]],"btipPosition":[-18.0579,183.486,132.557],"carpPosition":[26.7508,164.839,206.628],"dipPosition":[-14.3572,182.728,151.921],"direction":[-0.444777,0.176664,-0.878045],"extended":false,"handId":62,"id":620,"length":43.9332,"mcpPosition":[26.7508,164.839,206.628],"pipPosition":[-1.57338,177.65,177.158],"stabilizedTipPosition":[-10.1603,179.963,118.168],"timeVisible":0.475404,"tipPosition":[-17.8205,186.548,138.009],"tipVelocity":[-60.0863,-29.2218,127.674],"tool":false,"touchDistance":1,"touchZone":"none","type":0,"width":16.9013},{"bases":[[[0.761324,-0.49826,-0.414877],[0.637319,0.692734,0.337557],[0.119208,-0.521399,0.844945]],[[0.757684,-0.483451,-0.438396],[0.331335,0.863692,-0.379806],[0.562257,0.142517,0.81459]],[[0.757684,-0.483451,-0.438396],[-0.329883,0.295899,-0.896449],[0.56311,0.823844,0.0647158]],[[0.757684,-0.483451,-0.438396],[-0.588644,-0.216194,-0.778947],[0.281804,0.848255,-0.448387]]],"btipPosition":[11.7294,167.808,124.303],"carpPosition":[56.9026,177.748,194.851],"dipPosition":[16.1679,181.168,117.241],"direction":[-0.56311,-0.823844,-0.0647158],"extended":false,"handId":62,"id":623,"length":54.3121,"mcpPosition":[50.4948,205.775,149.433],"pipPosition":[29.3179,200.407,118.752],"stabilizedTipPosition":[22.2734,165.941,110.362],"timeVisible":0.475404,"tipPosition":[14.9152,166.737,130.757],"tipVelocity":[-86.4315,-24.923,91.6712],"tool":false,"touchDistance":0.877979,"touchZone":"none","type":3,"width":15.0877},{"bases":[[[0.654165,-0.662822,-0.364328],[0.755985,0.557999,0.342233],[-0.0235445,-0.499304,0.866107]],[[0.652683,-0.682423,-0.329095],[0.504142,0.715442,-0.483719],[0.56555,0.149805,0.810995]],[[0.652683,-0.682423,-0.329095],[-0.335959,0.12864,-0.93305],[0.67907,0.719548,-0.145305]],[[0.652683,-0.682423,-0.329095],[-0.661746,-0.30198,-0.686222],[0.368914,0.665663,-0.648688]]],"btipPosition":[30.648,168.061,133.036],"carpPosition":[62.8907,169.218,188.484],"dipPosition":[36.0084,177.734,123.61],"direction":[-0.67907,-0.719548,0.145305],"extended":false,"handId":62,"id":624,"length":42.5797,"mcpPosition":[64.0622,194.063,145.388],"pipPosition":[47.2048,189.597,121.215],"stabilizedTipPosition":[41.4832,164.447,115.174],"timeVisible":0.475404,"tipPosition":[32.9064,167.347,136.679],"tipVelocity":[-74.6225,-33.1687,103.637],"tool":false,"touchDistance":1,"touchZone":"none","type":4,"width":13.402},{"bases":[[[0.823007,-0.15293,-0.547057],[0.434675,0.789543,0.433219],[0.365673,-0.594334,0.716275]],[[0.820754,-0.149291,-0.551429],[0.257952,0.958096,0.12455],[0.509728,-0.244467,0.824871]],[[0.820754,-0.149291,-0.551429],[-0.190217,0.838756,-0.510201],[0.538683,0.523641,0.660015]],[[0.820754,-0.149291,-0.551429],[-0.421433,0.493446,-0.760858],[0.38569,0.856868,0.342082]]],"btipPosition":[-18.6637,204.108,112.473],"carpPosition":[39.4135,180.743,205.942],"dipPosition":[-13.1087,216.449,117.4],"direction":[-0.538683,-0.523641,-0.660015],"extended":false,"handId":62,"id":621,"length":49.5738,"mcpPosition":[16.3278,218.265,160.722],"pipPosition":[-2.13287,227.119,130.848],"stabilizedTipPosition":[-9.02473,204.864,97.5025],"timeVisible":0.475404,"tipPosition":[-15.8697,198.895,118.131],"tipVelocity":[-76.8854,-40.1705,118.329],"tool":false,"touchDistance":0.726772,"touchZone":"hovering","type":1,"width":16.1441},{"bases":[[[0.778603,-0.364163,-0.51104],[0.575479,0.739082,0.350117],[0.250201,-0.566695,0.78502]],[[0.772208,-0.350103,-0.530209],[0.376973,0.924198,-0.061226],[0.511454,-0.152596,0.845653]],[[0.772208,-0.350103,-0.530209],[-0.158703,0.701757,-0.694515],[0.61523,0.620456,0.48634]],[[0.772208,-0.350103,-0.530209],[-0.439423,0.308453,-0.843661],[0.458913,0.884468,0.0843469]]],"btipPosition":[-9.31246,191.842,106.14],"carpPosition":[48.4662,180.598,200.495],"dipPosition":[-2.04266,205.853,107.477],"direction":[-0.61523,-0.620456,-0.48634],"extended":false,"handId":62,"id":622,"length":56.4853,"mcpPosition":[33.4867,214.526,153.496],"pipPosition":[12.7053,220.727,119.135],"stabilizedTipPosition":[-0.106141,190.255,96.1132],"timeVisible":0.475404,"tipPosition":[-5.76766,185.487,115.093],"tipVelocity":[-82.5958,-13.5987,101.869],"tool":false,"touchDistance":0.607462,"touchZone":"hovering","type":2,"width":15.8557}],"r":[[0.987257,0.144529,0.066602],[-0.14527,0.989371,0.00639613],[-0.0649697,-0.0159899,0.997759]],"s":1.13366,"t":[-14.14,28.0031,30.3167],"timestamp":86471580335},{"currentFrameRate":54.567,"devices":[],"gestures":[],"hands":[{"armBasis":[[0.760882,-0.0727091,-0.644804],[0.468717,0.748772,0.468663],[0.448735,-0.658827,0.603807]],"armWidth":53.6395,"confidence":0.988956,"direction":[-0.159214,0.673636,-0.72171],"elbow":[161.045,0.71616,352.654],"grabAngle":2.1868,"grabStrength":0.6773,"id":62,"palmNormal":[-0.485328,-0.690008,-0.536978],"palmPosition":[36.5705,196.256,167.74],"palmVelocity":[-38.9283,-33.4797,95.8114],"palmWidth":78.0811,"pinchDistance":32.7055,"pinchStrength":0.650277,"r":[[0.987816,0.142802,0.0618622],[-0.14349,0.989628,0.00679673],[-0.06025,-0.0155905,0.998062]],"s":1.13285,"sphereCenter":[19.5578,173.678,129.269],"sphereRadius":42.5382,"stabilizedPalmPosition":[46.9233,183.91,142.881],"t":[-14.848,27.6235,31.9841],"timeVisible":0.492926,"type":"right","wrist":[57.0758,153.363,212.755]}],"id":38379,"interactionBox":{"center":[0,200,0],"size":[235.247,235.247,147.751]},"pointables":[{"bases":[[[0.748969,0.642066,0.163695],[-0.412711,0.258772,0.873331],[0.518377,-0.721656,0.4588]],[[0.453358,0.889955,-0.0494533],[-0.592779,0.342476,0.728919],[0.665642,-0.301147,0.682811]],[[0.453358,0.889955,-0.0494533],[-0.767773,0.418096,0.48551],[0.452758,-0.182141,0.872831]],[[0.453358,0.889955,-0.0494533],[-0.869219,0.453713,0.196477],[0.197294,-0.0460889,0.97926]]],"btipPosition":[-19.1097,183.014,134.49],"carpPosition":[26.3091,163.97,208.145],"dipPosition":[-15.2174,182.105,153.809],"direction":[-0.452758,0.182141,-0.872831],"extended":false,"handId":62,"id":620,"length":43.9332,"mcpPosition":[26.3091,163.97,208.145],"pipPosition":[-2.20416,176.87,178.896],"stabilizedTipPosition":[-10.185,179.972,118.232],"timeVisible":0.492926,"tipPosition":[-18.6054,185.997,139.857],"tipVelocity":[-57.5124,-28.8988,109.699],"tool":false,"touchDistance":1,"touchZone":"none","type":0,"width":16.9013},{"bases":[[[0.760297,-0.494199,-0.421563],[0.637639,0.691652,0.339168],[0.123958,-0.526674,0.840981]],[[0.756503,-0.479167,-0.445086],[0.327473,0.866647,-0.376408],[0.566095,0.139,0.812536]],[[0.756503,-0.479167,-0.445086],[-0.32935,0.308834,-0.892272],[0.565005,0.821596,0.0758203]],[[0.756503,-0.479167,-0.445086],[-0.587339,-0.198458,-0.784632],[0.287639,0.854993,-0.431568]]],"btipPosition":[10.6753,167.432,125.534],"carpPosition":[56.3845,177.009,196.316],"dipPosition":[15.2057,180.898,118.736],"direction":[-0.565005,-0.821596,-0.0758203],"extended":false,"handId":62,"id":623,"length":54.3121,"mcpPosition":[49.7214,205.32,151.11],"pipPosition":[28.3998,200.084,120.507],"stabilizedTipPosition":[22.0448,166.041,110.656],"timeVisible":0.492926,"tipPosition":[14.0646,166.447,132.131],"tipVelocity":[-58.9573,-20.0853,73.7078],"tool":false,"touchDistance":0.899504,"touchZone":"none","type":3,"width":15.0877},{"bases":[[[0.653656,-0.659277,-0.371602],[0.75656,0.5571,0.342428],[-0.0187353,-0.504969,0.862934]],[[0.652279,-0.68004,-0.33478],[0.499888,0.717954,-0.48441],[0.569775,0.148618,0.808251]],[[0.652279,-0.68004,-0.33478],[-0.338433,0.133912,-0.931413],[0.678229,0.720842,-0.1428]],[[0.652279,-0.68004,-0.33478],[-0.66225,-0.296444,-0.688147],[0.368724,0.670572,-0.64372]]],"btipPosition":[29.7671,167.599,134.544],"carpPosition":[62.3584,168.531,189.866],"dipPosition":[35.1248,177.343,125.191],"direction":[-0.678229,-0.720842,0.1428],"extended":false,"handId":62,"id":624,"length":42.5797,"mcpPosition":[63.2906,193.658,146.928],"pipPosition":[46.3072,189.228,122.836],"stabilizedTipPosition":[41.3995,164.49,115.312],"timeVisible":0.492926,"tipPosition":[32.1333,166.967,138.142],"tipVelocity":[-50.3098,-25.4195,87.014],"tool":false,"touchDistance":1,"touchZone":"none","type":4,"width":13.402},{"bases":[[[0.820777,-0.147908,-0.551769],[0.435263,0.787477,0.436378],[0.369962,-0.598333,0.710722]],[[0.818797,-0.144723,-0.555542],[0.249867,0.961075,0.117905],[0.516854,-0.235352,0.823087]],[[0.818797,-0.144723,-0.555542],[-0.200121,0.835049,-0.512489],[0.538074,0.5308,0.654773]],[[0.818797,-0.144723,-0.555542],[-0.428547,0.48982,-0.759225],[0.381993,0.859727,0.339043]]],"btipPosition":[-19.5996,203.001,114.602],"carpPosition":[38.9408,179.901,207.505],"dipPosition":[-14.0978,215.384,119.485],"direction":[-0.538074,-0.5308,-0.654773],"extended":false,"handId":62,"id":621,"length":49.5738,"mcpPosition":[15.5843,217.675,162.636],"pipPosition":[-3.13441,226.199,132.826],"stabilizedTipPosition":[-9.13621,204.876,97.7208],"timeVisible":0.492926,"tipPosition":[-16.8493,198.885,119.853],"tipVelocity":[-54.1105,-62.6175,120.911],"tool":false,"touchDistance":0.762082,"touchZone":"hovering","type":1,"width":16.1441},{"bases":[[[0.776905,-0.359449,-0.516928],[0.575776,0.737807,0.35231],[0.254755,-0.571346,0.780169]],[[0.770523,-0.34554,-0.535627],[0.374345,0.925442,-0.0585033],[0.515907,-0.155431,0.842426]],[[0.770523,-0.34554,-0.535627],[-0.159463,0.709096,-0.686843],[0.617143,0.614642,0.491274]],[[0.770523,-0.34554,-0.535627],[-0.438945,0.321676,-0.838959],[0.462192,0.881548,0.0961855]]],"btipPosition":[-10.3612,191.631,107.777],"carpPosition":[47.9689,179.808,202.016],"dipPosition":[-3.03947,205.596,109.301],"direction":[-0.617143,-0.614642,-0.491274],"extended":false,"handId":62,"id":622,"length":56.4853,"mcpPosition":[32.7167,214.014,155.307],"pipPosition":[11.7543,220.33,121.077],"stabilizedTipPosition":[-0.353446,190.387,96.4599],"timeVisible":0.492926,"tipPosition":[-6.69033,185.296,116.768],"tipVelocity":[-59.1718,-12.6547,95.8761],"tool":false,"touchDistance":0.635461,"touchZone":"hovering","type":2,"width":15.8557}],"r":[[0.987816,0.142802,0.0618622],[-0.14349,0.989628,0.00679673],[-0.06025,-0.0155905,0.998062]],"s":1.13285,"t":[-14.848,27.6235,31.9841],"timestamp":8