Wrist_x,Wrist_y,Wrist_z,Palm_x,Palm_y,Palm_z,thumb_base_x,thumb_base_y,thumb_base_z,thumb_first_joint_x,thumb_first_joint_y,thumb_first_joint_z,thumb_second_joint_x,thumb_second_joint_y,thumb_second_joint_z,thumb_tip_x,thumb_tip_y,thumb_tip_z,index_base_x,index_base_y,index_base_z,index_first_joint_x,index_first_joint_y,index_first_joint_z,index_second_joint_x,index_second_joint_y,index_second_joint_z,index_tip_x,index_tip_y,index_tip_z,middle_base_x,middle_base_y,middle_base_z,middle_first_joint_x,middle_first_joint_y,middle_first_joint_z,middle_second_joint_x,middle_second_joint_y,middle_second_joint_z,middle_tip_x,middle_tip_y,middle_tip_z,ring_base_x,ring_base_y,ring_base_z,ring_first_joint_x,ring_first_joint_y,ring_first_joint_z,ring_second_joint_x,ring_second_joint_y,ring_second_joint_z,ring_tip_x,ring_tip_y,ring_tip_z,pinky_base_x,pinky_base_y,pinky_base_z,pinky_first_joint_x,pinky_first_joint_y,pinky_first_joint_z,pinky_second_joint_x,pinky_second_joint_y,pinky_second_joint_z,pinky_tip_x,pinky_tip_y,pinky_tip_z,
0.43974003,-0.35527849,0.485829,0.44271717,-0.31452824,0.482438,0.41976401,-0.3419549,0.488827,0.41453486,-0.31842831,0.494867,0.39582455,-0.28998429,0.493946,0.38495423,-0.26807446,0.492749,0.41722353,-0.25890323,0.482977,0.42376437,-0.22613114,0.495217,0.42814118,-0.21054165,0.501337,0.43018495,-0.1973989,0.507598,0.43856895,-0.25757133,0.478004,0.42727973,-0.25155856,0.465904,0.44996392,-0.29586183,0.492277,0.46419213,-0.32002532,0.511114,0.4596323,-0.25964031,0.474179,0.44726204,-0.25745103,0.46431,0.46482188,-0.29617301,0.487456,0.48043175,-0.31913111,0.508498,0.48201019,-0.2689318,0.470123,0.46456869,-0.26883106,0.460065,0.48812484,-0.29899108,0.477962,0.50480959,-0.31874226,0.493753
0.45614078,-0.36481553,0.491691,0.4516769,-0.31674902,0.485069,0.44003569,-0.35195841,0.494935,0.42165821,-0.3287902,0.49695,0.39258005,-0.30049463,0.487652,0.37920892,-0.27805336,0.482003,0.42067307,-0.26022382,0.482931,0.42341106,-0.22289354,0.489662,0.42318284,-0.20797772,0.493027,0.42272932,-0.19411559,0.496087,0.44068104,-0.25699044,0.476406,0.42223053,-0.25464276,0.460276,0.4475686,-0.29860132,0.485674,0.46422328,-0.32059567,0.503815,0.45782685,-0.25782327,0.471559,0.44266711,-0.26283529,0.460049,0.46002121,-0.30120469,0.482473,0.47765949,-0.32999843,0.502858,0.47985863,-0.26563624,0.466772,0.45998866,-0.26729441,0.454561,0.48337197,-0.29682185,0.471803,0.50528463,-0.31797928,0.487017
0.47989803,-0.37340894,0.499658,0.47186521,-0.32530558,0.489188,0.45941461,-0.36140331,0.503312,0.44065836,-0.33928776,0.504611,0.41290382,-0.31377061,0.498897,0.39845287,-0.29159811,0.493237,0.43529212,-0.26733254,0.484008,0.43477695,-0.22684134,0.485598,0.43098034,-0.21206379,0.486394,0.42707538,-0.19874554,0.487116,0.45303844,-0.26215415,0.475491,0.42470146,-0.25988605,0.455189,0.44813388,-0.30330916,0.47896,0.468819,-0.32691067,0.49594,0.46888883,-0.26159606,0.469308,0.44375536,-0.26755194,0.453831,0.46064253,-0.30466528,0.474844,0.47931375,-0.33142939,0.493948,0.49040453,-0.26818184,0.463509,0.4630687,-0.27380128,0.448948,0.48625335,-0.30277296,0.46508,0.50939167,-0.32324792,0.479313
0.47350621,-0.37361692,0.494221,0.46681267,-0.33387439,0.488118,0.45517626,-0.36178182,0.499149,0.4368712,-0.33947121,0.500625,0.41299923,-0.3136345,0.497081,0.40073668,-0.29141989,0.493273,0.44353603,-0.27697806,0.488513,0.45264326,-0.24896005,0.505887,0.45330698,-0.2403058,0.514574,0.45333699,-0.23139476,0.522472,0.46102495,-0.27413635,0.480134,0.43423715,-0.26604721,0.464458,0.45715378,-0.3107297,0.48927,0.47789448,-0.3295109,0.506993,0.47595112,-0.27530402,0.47372,0.45436104,-0.27457209,0.463625,0.4719198,-0.31325692,0.48559,0.49124336,-0.34321815,0.505557,0.4949623,-0.28361726,0.466984,0.47042169,-0.28081729,0.456092,0.49443939,-0.31081115,0.473004,0.51835224,-0.3333863,0.487927
0.48005694,-0.37827352,0.493816,0.47721127,-0.33364235,0.488135,0.46130747,-0.36621137,0.498358,0.4469609,-0.34740614,0.501855,0.42066613,-0.3216328,0.497536,0.40827631,-0.29992923,0.493881,0.4438564,-0.27844819,0.488449,0.45326175,-0.24510963,0.498716,0.45392198,-0.23303891,0.50385,0.45424167,-0.22104434,0.508517,0.46216906,-0.27432646,0.480703,0.43834844,-0.26777979,0.465509,0.46639185,-0.31240901,0.49065,0.48326806,-0.33098288,0.508608,0.47800012,-0.2744198,0.474778,0.45877142,-0.27647193,0.464475,0.47678448,-0.31590847,0.48669,0.49595597,-0.34842229,0.506885,0.5004056,-0.27820987,0.468561,0.4778133,-0.28258673,0.457733,0.49839947,-0.31404712,0.474857,0.52153517,-0.33492106,0.489966
0.48455061,-0.38353713,0.487624,0.4830354,-0.3469718,0.487975,0.46712209,-0.3740386,0.494163,0.44961581,-0.35726299,0.496765,0.42378168,-0.33138111,0.492941,0.41265907,-0.31282926,0.49405,0.46006536,-0.29790113,0.496281,0.47386101,-0.26832049,0.512399,0.47733049,-0.25898038,0.520459,0.48016778,-0.24941472,0.527785,0.47852063,-0.29273517,0.488435,0.46372737,-0.29003416,0.479798,0.48962446,-0.33608585,0.505662,0.51039541,-0.35715918,0.524137,0.49404417,-0.29166697,0.481953,0.4835536,-0.29493757,0.477906,0.50299822,-0.33543373,0.500738,0.52273605,-0.3686536,0.521493,0.51340258,-0.29660777,0.474157,0.49714742,-0.29977299,0.468731,0.52054782,-0.33145734,0.48646,0.54396261,-0.35616712,0.502103
0.49316761,-0.39851812,0.492874,0.48692436,-0.35620579,0.489834,0.47113518,-0.38508324,0.494668,0.45248403,-0.36201446,0.49458,0.43121992,-0.33462652,0.489725,0.41937698,-0.31340667,0.488226,0.45443221,-0.30060037,0.489225,0.4689055,-0.26760688,0.501079,0.47671756,-0.25647872,0.507005,0.48399255,-0.24527514,0.512393,0.47739796,-0.29850627,0.485857,0.47344573,-0.3006593,0.473885,0.50452514,-0.34651607,0.500599,0.52520859,-0.37657233,0.51968,0.4968811,-0.30016869,0.483326,0.49171585,-0.30361954,0.473218,0.51082981,-0.34461519,0.496642,0.52779947,-0.38390731,0.517937,0.52148132,-0.30874767,0.480762,0.50952392,-0.30226769,0.47035,0.52495494,-0.33267683,0.488454,0.5448607,-0.35807282,0.504427
0.51633107,-0.43046204,0.501058,0.50525239,-0.38203314,0.494667,0.49321204,-0.41738945,0.501258,0.47478584,-0.38939941,0.500711,0.45230745,-0.36143552,0.496584,0.43941359,-0.3406488,0.495406,0.46790523,-0.32332095,0.489028,0.47505041,-0.28576778,0.495066,0.48302048,-0.27198803,0.498085,0.49056801,-0.25853499,0.500829,0.49099446,-0.3209202,0.486307,0.49078892,-0.31937016,0.470788,0.51705396,-0.36694471,0.497106,0.53225592,-0.39610339,0.515903,0.51059593,-0.32253442,0.484571,0.51149358,-0.31942155,0.468394,0.54280234,-0.3617355,0.491334,0.561393,-0.39073296,0.512189,0.53552588,-0.3313441,0.483467,0.52815964,-0.33816623,0.470047,0.55015361,-0.36875287,0.487878,0.56905613,-0.39484794,0.50361
0.51743367,-0.42810402,0.496961,0.50776156,-0.38219228,0.493497,0.4945272,-0.41607165,0.497863,0.4867063,-0.39516746,0.502254,0.4645823,-0.3673346,0.496812,0.45241206,-0.3467283,0.496171,0.47342382,-0.32858541,0.491408,0.4829919,-0.29428174,0.502161,0.49023455,-0.27870103,0.507537,0.49707234,-0.2640546,0.512425,0.49535601,-0.32389107,0.488964,0.49644379,-0.32946494,0.476642,0.52562763,-0.37790344,0.503437,0.54093493,-0.40306112,0.522575,0.51531149,-0.32498246,0.487227,0.51684309,-0.32599434,0.474259,0.53687122,-0.36979051,0.497616,0.55256088,-0.39287941,0.518851,0.54052135,-0.33290395,0.485676,0.53387543,-0.3407559,0.474522,0.55643687,-0.37202077,0.492644,0.57592098,-0.39857922,0.508633
0.53118897,-0.44142272,0.501731,0.52044017,-0.39960041,0.492857,0.510525,-0.43609711,0.501772,0.49391548,-0.41215624,0.500946,0.47130914,-0.38504467,0.494191,0.45785249,-0.3625033,0.491128,0.47916629,-0.33955839,0.484737,0.48528515,-0.3005164,0.488941,0.49038567,-0.28485528,0.491042,0.49527155,-0.27038173,0.492953,0.50216648,-0.33648994,0.481248,0.49311849,-0.34383783,0.462991,0.51977682,-0.39087711,0.488697,0.53594204,-0.41471011,0.507059,0.52213961,-0.33768891,0.479076,0.51179889,-0.34337419,0.459981,0.53062056,-0.38292507,0.482378,0.5457999,-0.40214096,0.502738,0.54822693,-0.34633088,0.477827,0.53243355,-0.35575648,0.462367,0.55336169,-0.38615407,0.479683,0.57165449,-0.41114914,0.494962
0.53896585,-0.45915888,0.500215,0.52627498,-0.41397165,0.487558,0.51968832,-0.4542938,0.49971,0.50276346,-0.42576082,0.499909,0.47632522,-0.39111323,0.48846,0.4622319,-0.36565338,0.482754,0.48079843,-0.34813795,0.475288,0.49727641,-0.31776682,0.488961,0.506841,-0.30662083,0.495797,0.51571041,-0.29545075,0.502012,0.50226029,-0.34542941,0.471,0.48192206,-0.31193297,0.450229,0.51584381,-0.35574767,0.474914,0.53430613,-0.38460619,0.490176,0.52140579,-0.34715514,0.468468,0.50286906,-0.34070302,0.445162,0.52210629,-0.38094536,0.466574,0.53849202,-0.40269924,0.486038,0.54752427,-0.35698492,0.467362,0.52557235,-0.35679386,0.449031,0.546627,-0.3881161,0.465546,0.56523586,-0.41382437,0.480117
0.55518144,-0.47650463,0.50717,0.53707387,-0.42055686,0.491962,0.52738592,-0.45892923,0.504014,0.51474237,-0.43601364,0.50232,0.48625202,-0.40288974,0.486686,0.46965944,-0.37664527,0.478062,0.48700951,-0.35340553,0.474111,0.49543964,-0.3168786,0.480192,0.50319206,-0.30642178,0.483233,0.51054587,-0.29608687,0.485997,0.51055266,-0.35159599,0.472068,0.49155577,-0.32444331,0.447364,0.52682093,-0.37106442,0.471584,0.54495513,-0.39789728,0.488122,0.5315454,-0.35413764,0.471584,0.5165548,-0.35584418,0.446664,0.53450657,-0.39418663,0.467794,0.54803559,-0.41104955,0.487003,0.56001896,-0.36503583,0.473312,0.53890066,-0.37020563,0.451952,0.55820356,-0.39917223,0.4681,0.57474306,-0.42172926,0.482349
0.56515449,-0.48668788,0.512921,0.55322397,-0.4372775,0.502448,0.54176812,-0.47151091,0.513186,0.53107235,-0.44686915,0.514648,0.50802789,-0.41163586,0.503255,0.49565398,-0.38524284,0.496935,0.51507713,-0.37137637,0.49313,0.53070312,-0.33747836,0.50189,0.54083252,-0.3270335,0.50627,0.55039451,-0.31667807,0.510252,0.5361758,-0.37050325,0.488747,0.52619004,-0.35944779,0.468709,0.55747724,-0.40836623,0.493859,0.57039116,-0.42741066,0.509002,0.55449999,-0.37363847,0.485966,0.54179244,-0.36851529,0.464849,0.56080043,-0.41057491,0.486746,0.57503265,-0.43565828,0.506653,0.57864582,-0.38493356,0.484231,0.5613612,-0.38455745,0.467778,0.58088432,-0.41768309,0.484715,0.59767677,-0.44369643,0.49966
0.57358802,-0.49195024,0.517025,0.56285182,-0.43958188,0.504844,0.55177273,-0.47880344,0.516588,0.54087392,-0.45507962,0.517915,0.51502413,-0.42241517,0.504976,0.49858934,-0.39626036,0.497809,0.51644572,-0.37302868,0.493097,0.52215187,-0.3354116,0.492297,0.52648872,-0.32542088,0.491898,0.53079336,-0.31744797,0.491534,0.5377678,-0.37119369,0.488909,0.52575285,-0.35842455,0.467101,0.55601682,-0.40720168,0.491848,0.56948892,-0.42809432,0.507504,0.55654494,-0.373631,0.486422,0.54351458,-0.37471182,0.463642,0.56480781,-0.41743213,0.485192,0.57946307,-0.44369354,0.504783,0.58175702,-0.38425845,0.485299,0.56240672,-0.38487024,0.467323,0.58107449,-0.41789625,0.48395,0.59710682,-0.4448752,0.498621
0.58942337,-0.50167467,0.523466,0.57618887,-0.45341953,0.515047,0.56542028,-0.48800753,0.523664,0.55336018,-0.46818996,0.524709,0.53022874,-0.44081493,0.518417,0.51619476,-0.41826832,0.515686,0.535188,-0.3943252,0.507539,0.533275,-0.35032139,0.501993,0.53448833,-0.33193949,0.499219,0.53666029,-0.32164332,0.496698,0.55792329,-0.39076021,0.504035,0.55203743,-0.38565924,0.486259,0.58623916,-0.43632515,0.51206,0.60042493,-0.45489579,0.528297,0.57761349,-0.39153781,0.501814,0.56976344,-0.39127837,0.483185,0.59625418,-0.43657919,0.505663,0.60748177,-0.46305463,0.526098,0.60324483,-0.3996191,0.500438,0.58949862,-0.4116684,0.485376,0.60895602,-0.4427815,0.502765,0.62579449,-0.46881303,0.518108
0.59410009,-0.51579683,0.529668,0.58120714,-0.47208957,0.521808,0.57028713,-0.500644,0.529635,0.55642801,-0.48322145,0.525721,0.5400203,-0.4580422,0.519104,0.52960501,-0.43500515,0.515981,0.54482604,-0.40734676,0.514532,0.56203609,-0.37378345,0.524572,0.56911203,-0.37800138,0.529592,0.57569135,-0.38189099,0.534155,0.56853804,-0.40790689,0.511526,0.5532466,-0.41700982,0.494401,0.57925866,-0.46443001,0.520402,0.59704426,-0.49300273,0.538706,0.58910974,-0.41219701,0.509671,0.57926822,-0.40644346,0.494683,0.60384304,-0.45246611,0.517498,0.62341978,-0.48148475,0.538238,0.61573317,-0.42486693,0.508648,0.59857889,-0.41902508,0.493866,0.61862368,-0.45240447,0.511385,0.63631465,-0.47709149,0.526843
0.60318879,-0.5339183,0.537484,0.58922607,-0.47870603,0.522301,0.57612675,-0.5131036,0.534252,0.56700545,-0.49217382,0.527994,0.53907652,-0.45749597,0.511001,0.52311563,-0.43040687,0.502778,0.54221857,-0.40520397,0.504379,0.558015,-0.37142648,0.512176,0.56643366,-0.36344676,0.516075,0.57436461,-0.35547136,0.519619,0.56640004,-0.40682619,0.50244,0.54643626,-0.40282385,0.478589,0.57502632,-0.45069077,0.502881,0.59099234,-0.46654311,0.519133,0.58802268,-0.41240567,0.502039,0.57179582,-0.3973669,0.479598,0.59337737,-0.44082763,0.500879,0.60979516,-0.46844148,0.520226,0.61728961,-0.42748838,0.503863,0.59401092,-0.41225513,0.482482,0.61134588,-0.44587784,0.498643,0.62662546,-0.46616344,0.512902
0.61222698,-0.54562925,0.540441,0.59457183,-0.49037226,0.523375,0.58415618,-0.52370143,0.536335,0.57409521,-0.50296521,0.529639,0.54793836,-0.46742252,0.513635,0.53186618,-0.43931091,0.505153,0.54413036,-0.41375293,0.502653,0.559201,-0.37960538,0.509842,0.56749525,-0.37363579,0.513436,0.57522757,-0.36886788,0.516704,0.56865614,-0.41562402,0.50105,0.54735001,-0.41010682,0.475231,0.57541948,-0.45783728,0.49891,0.59168439,-0.47423544,0.515682,0.59075638,-0.42156462,0.501074,0.57305772,-0.40502401,0.476652,0.59444516,-0.44852054,0.497397,0.6101125,-0.47584273,0.516257,0.62100395,-0.43739896,0.503691,0.59644335,-0.42082898,0.480643,0.61348106,-0.45442374,0.496347,0.62810439,-0.47445282,0.510203
0.61002851,-0.54335684,0.540056,0.59439915,-0.48958406,0.523223,0.58471546,-0.52499417,0.536201,0.57388809,-0.50275842,0.529586,0.5463933,-0.46731178,0.514655,0.52835981,-0.43719941,0.506221,0.5445298,-0.41344674,0.503022,0.55930959,-0.37906331,0.509941,0.56745546,-0.37296951,0.5134,0.57505056,-0.36808988,0.516545,0.56882978,-0.41513666,0.501203,0.54784527,-0.40983943,0.475661,0.57598578,-0.45762121,0.499401,0.59215596,-0.47394842,0.516093,0.59070569,-0.42090871,0.501031,0.57198875,-0.41202111,0.476942,0.5923079,-0.45521723,0.497744,0.60937255,-0.47746379,0.516656,0.62061805,-0.43649697,0.503378,0.59639371,-0.420146,0.480603,0.61349342,-0.45376093,0.496357,0.62844663,-0.47403628,0.510481
0.60792956,-0.54251075,0.534967,0.59309218,-0.48773426,0.521458,0.58174182,-0.52232792,0.532492,0.57331711,-0.50103193,0.528242,0.54678775,-0.46624695,0.514458,0.52942823,-0.43743616,0.50677,0.54806635,-0.41565154,0.506,0.56183625,-0.38055654,0.512112,0.56951824,-0.37427177,0.515168,0.57668847,-0.3692411,0.517946,0.57198022,-0.41689912,0.503785,0.55529532,-0.41357139,0.481696,0.58488198,-0.46276751,0.506475,0.59990843,-0.47875046,0.522243,0.5932206,-0.42209831,0.503025,0.57718769,-0.42105366,0.482349,0.59561386,-0.46231319,0.504057,0.61453093,-0.48294246,0.523792,0.62175025,-0.43657052,0.504167,0.60064545,-0.42367841,0.484279,0.61884467,-0.45803353,0.500806,0.63313824,-0.47731579,0.514213
0.60921833,-0.54317913,0.535111,0.5967648,-0.48960561,0.523688,0.58369642,-0.52337435,0.533248,0.58048816,-0.501944,0.531287,0.5585008,-0.46570325,0.519213,0.53780424,-0.44010129,0.510442,0.55851044,-0.4180472,0.510896,0.57195338,-0.38354494,0.515949,0.57560843,-0.37812738,0.518475,0.58099095,-0.37329826,0.520772,0.58244087,-0.41998632,0.508743,0.56519526,-0.41572247,0.488791,0.595733,-0.46606479,0.514152,0.60891794,-0.48450918,0.52933,0.60359132,-0.425663,0.507871,0.58594279,-0.42634372,0.489208,0.60483891,-0.46831499,0.511418,0.62290339,-0.48748629,0.531608,0.63176181,-0.44056427,0.508561,0.60843339,-0.42943043,0.490397,0.62727622,-0.46418085,0.507357,0.64124721,-0.48293684,0.520325
0.60910286,-0.54268886,0.534352,0.59731754,-0.48929506,0.523577,0.58349177,-0.52265467,0.532376,0.5808972,-0.50120706,0.531028,0.55843304,-0.46544206,0.51915,0.53937513,-0.43969765,0.511121,0.55889415,-0.41814933,0.511247,0.56965199,-0.383319,0.51551,0.57538619,-0.3788273,0.517642,0.58170472,-0.37785694,0.51958,0.58328692,-0.4204096,0.509482,0.56697944,-0.41639917,0.490128,0.59768166,-0.46698203,0.515691,0.611031,-0.48525234,0.530715,0.60478811,-0.42631827,0.508878,0.58786133,-0.42724298,0.490658,0.60692639,-0.46940894,0.513035,0.62538263,-0.4888645,0.533378,0.6318644,-0.44103119,0.50979,0.61024625,-0.43299337,0.492026,0.62920987,-0.46760471,0.509127,0.64399213,-0.48496997,0.52201
0.60922009,-0.54239072,0.533618,0.59987787,-0.4891399,0.523511,0.58518944,-0.5241168,0.532042,0.58433342,-0.50186195,0.531994,0.56078529,-0.46709119,0.520411,0.54651262,-0.4403923,0.514534,0.56092782,-0.41946624,0.512284,0.57439693,-0.38501401,0.517331,0.58078129,-0.38019997,0.519854,0.58568774,-0.37830838,0.522148,0.58511987,-0.42154918,0.51029,0.57020042,-0.41749065,0.491676,0.6009714,-0.46828587,0.517377,0.61502285,-0.48545874,0.532177,0.6063777,-0.42727001,0.509444,0.59080288,-0.4283901,0.492004,0.61001598,-0.47070895,0.514504,0.62819214,-0.49063485,0.534959,0.63444118,-0.44207589,0.509967,0.611815,-0.43689977,0.492859,0.63099339,-0.47140921,0.510071,0.64627202,-0.48699188,0.522765
0.6112653,-0.54423067,0.534919,0.60245322,-0.49058302,0.524287,0.58908526,-0.52727003,0.535041,0.605723,-0.5145396,0.539142,0.57027546,-0.47605306,0.527999,0.56458136,-0.4515488,0.52248,0.56700882,-0.4230752,0.514649,0.58395317,-0.38969598,0.521966,0.5958858,-0.37992697,0.525624,0.60450705,-0.36935491,0.52895,0.58868926,-0.42379921,0.51038,0.57538823,-0.42521904,0.491697,0.6042232,-0.47469825,0.516927,0.61778899,-0.48757398,0.531605,0.607684,-0.42839947,0.507703,0.59668635,-0.42030399,0.490518,0.62940518,-0.4656789,0.512625,0.65245767,-0.49141711,0.532722,0.63278156,-0.4418216,0.506118,0.61108566,-0.43529032,0.489483,0.62722545,-0.46849492,0.506405,0.64160271,-0.48377002,0.518821
0.61847901,-0.54869272,0.540877,0.60876257,-0.48272946,0.527611,0.5946266,-0.52995438,0.53959,0.5969632,-0.49764852,0.542,0.57918621,-0.46628308,0.531393,0.56619496,-0.43911315,0.52422,0.56942044,-0.414016,0.513827,0.58660452,-0.38006937,0.521385,0.59687015,-0.36954958,0.525164,0.606549,-0.35921988,0.528599,0.59179696,-0.41526318,0.510257,0.57568733,-0.41432845,0.4887,0.60042144,-0.46397981,0.51335,0.6131175,-0.48097915,0.528884,0.61139211,-0.42029239,0.508363,0.59363206,-0.40233445,0.488136,0.6271459,-0.44650941,0.509726,0.65096608,-0.47425246,0.529354,0.63719241,-0.43415242,0.508113,0.61886832,-0.42701521,0.488973,0.63181173,-0.45937345,0.50544,0.64035913,-0.48038369,0.518561
0.63014136,-0.52843047,0.561217,0.63624254,-0.47918382,0.550816,0.61807144,-0.50589615,0.564186,0.62372673,-0.47476663,0.568216,0.63333449,-0.45398719,0.568845,0.64009825,-0.43265245,0.567136,0.62673067,-0.41042983,0.544866,0.61469127,-0.36862515,0.534848,0.60776396,-0.35856044,0.529839,0.60141846,-0.34914217,0.525285,0.64304092,-0.41738705,0.53721,0.61690278,-0.41546953,0.519617,0.63667849,-0.46254181,0.543928,0.65469509,-0.48432221,0.560969,0.65640591,-0.42692621,0.531731,0.63563673,-0.41290709,0.514429,0.65911892,-0.45498083,0.535669,0.67676586,-0.49043316,0.55114,0.67219496,-0.44585005,0.526762,0.63402118,-0.43271329,0.511841,0.63342888,-0.45214669,0.528204,0.62884134,-0.46703742,0.5398
0.62354483,-0.51777183,0.555342,0.63391504,-0.46733078,0.548801,0.61704933,-0.49995638,0.563253,0.62942815,-0.4685702,0.57341,0.64132515,-0.44875801,0.576022,0.65141071,-0.42921045,0.577159,0.63543689,-0.40622266,0.552435,0.62819418,-0.36663726,0.546597,0.6236383,-0.35757165,0.543678,0.61943863,-0.34898964,0.541024,0.64667382,-0.40984453,0.540245,0.62219662,-0.40865605,0.524076,0.6400332,-0.4541993,0.546794,0.65781469,-0.47583547,0.563642,0.6551702,-0.41621682,0.53073,0.63128736,-0.39976058,0.510909,0.65281281,-0.43965122,0.530544,0.66994847,-0.4717839,0.546391,0.66402034,-0.43049185,0.520356,0.63306365,-0.42181604,0.511068,0.63159288,-0.44037504,0.526673,0.6244052,-0.45318071,0.535992
0.66796851,-0.51725492,0.557334,0.66649521,-0.46911908,0.551421,0.65608318,-0.50354302,0.565537,0.65650255,-0.48779527,0.569462,0.63492009,-0.45640421,0.561191,0.63417066,-0.43787896,0.559403,0.65118792,-0.4103113,0.55599,0.64351133,-0.36861038,0.546921,0.64706339,-0.35141333,0.548628,0.65087495,-0.33547075,0.550631,0.66431891,-0.4080422,0.543686,0.64359404,-0.38021374,0.528189,0.66987751,-0.42569299,0.550963,0.68569004,-0.4508594,0.563717,0.67524981,-0.40978186,0.534029,0.64933241,-0.40359343,0.514827,0.66954793,-0.44104485,0.534508,0.68461716,-0.47493445,0.550124,0.68871841,-0.41889656,0.523389,0.65786094,-0.41892686,0.514706,0.66061895,-0.44050309,0.530364,0.65586858,-0.45660184,0.539491
0.66922283,-0.51353403,0.559779,0.66123506,-0.45597703,0.549154,0.65721937,-0.49905994,0.567567,0.65292138,-0.47460881,0.567529,0.62702987,-0.43986393,0.553363,0.62322011,-0.42023453,0.550701,0.64203842,-0.3939727,0.548879,0.63234916,-0.35241028,0.537841,0.63421514,-0.33485643,0.53799,0.63596176,-0.31838051,0.538126,0.65255344,-0.39123995,0.535256,0.61770998,-0.38987711,0.514876,0.64293196,-0.43228244,0.53552,0.66368151,-0.44566579,0.549372,0.66182538,-0.39282216,0.524885,0.623937,-0.38328581,0.500503,0.65068792,-0.42161252,0.518307,0.67688936,-0.44060247,0.535264,0.67426219,-0.4022386,0.514106,0.63440137,-0.39890013,0.502202,0.63972521,-0.42502301,0.516372,0.63650116,-0.4385869,0.526055
0.67675837,-0.48572115,0.555177,0.66596189,-0.43431662,0.546352,0.66467873,-0.47473874,0.564596,0.66452384,-0.45401364,0.567108,0.63853623,-0.42054898,0.560752,0.64084122,-0.40266007,0.56265,0.64280427,-0.37783233,0.549722,0.63357908,-0.33334829,0.539349,0.64256676,-0.31803542,0.545841,0.65078932,-0.30336334,0.551742,0.65183972,-0.37070218,0.534806,0.61695868,-0.36870998,0.516402,0.63687312,-0.41147726,0.536496,0.65506706,-0.43494766,0.54946,0.66016247,-0.3685518,0.52323,0.63327225,-0.33961795,0.514247,0.65929012,-0.37297233,0.5323,0.68156903,-0.40077265,0.543139,0.67208909,-0.3732735,0.510738,0.63494054,-0.37177487,0.501135,0.63810468,-0.39551593,0.515006,0.63796306,-0.41457463,0.523764
0.69716798,-0.47329519,0.562364,0.68240074,-0.42085451,0.551116,0.68513413,-0.46200482,0.57157,0.6810832,-0.4432341,0.573802,0.65528593,-0.41254591,0.569255,0.65461917,-0.39474261,0.570072,0.65559498,-0.36288011,0.551997,0.63998526,-0.31782717,0.538562,0.64570394,-0.30188816,0.543382,0.65090252,-0.28668437,0.547764,0.6631456,-0.35558771,0.536401,0.62057052,-0.35562323,0.515576,0.63915762,-0.39673018,0.534277,0.6599118,-0.41881308,0.54768,0.6706399,-0.35342619,0.524455,0.63743517,-0.32698408,0.51433,0.6610285,-0.3599587,0.531236,0.68491268,-0.38640841,0.542078,0.68226641,-0.3583902,0.51189,0.63914979,-0.35860348,0.50073,0.64155308,-0.38122023,0.513635,0.64252166,-0.39974197,0.522566
0.6945646,-0.46497296,0.559739,0.68231282,-0.40767628,0.549981,0.68181621,-0.45370331,0.568566,0.680919,-0.42663762,0.570149,0.6544346,-0.39440545,0.563901,0.65702438,-0.37679242,0.566177,0.6559692,-0.35112167,0.551772,0.64363232,-0.30597143,0.539316,0.6518129,-0.29000548,0.545209,0.65929345,-0.27472917,0.550565,0.66549525,-0.34417749,0.537217,0.62981579,-0.34288759,0.51781,0.65078691,-0.38452824,0.537949,0.66973085,-0.40733174,0.55129,0.67440691,-0.34218073,0.52601,0.64648261,-0.31383055,0.516257,0.67355562,-0.34611131,0.534361,0.69670015,-0.37316146,0.545532,0.68737536,-0.34708449,0.514102,0.64911338,-0.34620008,0.503493,0.652697,-0.36951817,0.517366,0.65326562,-0.38856951,0.526478
0.69149393,-0.44657198,0.552433,0.68407199,-0.39028502,0.544272,0.67931296,-0.43671638,0.562098,0.68291962,-0.40846737,0.565,0.65567503,-0.37678989,0.559381,0.65809196,-0.35890872,0.562427,0.65867341,-0.33687515,0.548556,0.64675469,-0.29234026,0.538204,0.6551439,-0.27633571,0.54509,0.66277378,-0.26101763,0.551349,0.66746693,-0.3286068,0.533597,0.63258491,-0.32644385,0.515891,0.65481685,-0.36742823,0.536128,0.67429045,-0.39046193,0.548885,0.67577734,-0.32540503,0.521932,0.64815188,-0.2968153,0.514328,0.67590765,-0.32741421,0.532543,0.69937387,-0.35394343,0.54289,0.68803566,-0.32864252,0.509234,0.65072498,-0.32789703,0.500217,0.65514828,-0.35146708,0.514199,0.65579952,-0.37064475,0.522793
0.6948583,-0.43258482,0.550063,0.68499829,-0.37863161,0.543395,0.68159724,-0.42280627,0.559213,0.6831881,-0.39361027,0.56133,0.65571763,-0.36104292,0.554403,0.66059902,-0.34341893,0.558357,0.66037796,-0.32620196,0.548424,0.65082544,-0.28177805,0.538484,0.66093999,-0.26571653,0.545904,0.67018059,-0.25031191,0.552649,0.67108422,-0.3188816,0.534673,0.64247173,-0.31624846,0.518441,0.66696253,-0.35750818,0.540034,0.68474848,-0.38078427,0.552683,0.68077124,-0.31634788,0.523884,0.65764829,-0.28661901,0.51647,0.68848537,-0.31686328,0.535798,0.71131455,-0.34378233,0.546514,0.69430048,-0.32014956,0.512007,0.66130072,-0.31863777,0.503513,0.66692955,-0.34247083,0.518402,0.66730003,-0.36176138,0.527165
0.6946471,-0.4278488,0.550023,0.69144691,-0.37894805,0.548923,0.68470727,-0.41491897,0.561552,0.70949236,-0.39597264,0.578757,0.68982851,-0.36460424,0.575683,0.68153737,-0.34567557,0.57829,0.67604442,-0.32744046,0.561982,0.67440938,-0.28379716,0.556174,0.6831384,-0.26566618,0.561109,0.69114244,-0.24866495,0.565595,0.6865517,-0.32021126,0.547485,0.68344543,-0.27765241,0.549781,0.68049424,-0.25469208,0.55112,0.69520782,-0.25134929,0.565382,0.69531305,-0.31753011,0.535645,0.67553317,-0.31106565,0.520921,0.70914383,-0.34708294,0.539856,0.73247615,-0.36910836,0.553365,0.7062083,-0.32061684,0.521667,0.68714787,-0.32132451,0.518482,0.69386242,-0.34450999,0.533753,0.70363462,-0.35297846,0.540795
0.74281492,-0.41265324,0.570915,0.72546704,-0.36532013,0.564794,0.72159373,-0.40240192,0.575481,0.7156707,-0.37992875,0.580228,0.70251029,-0.35694254,0.583418,0.69336508,-0.33700692,0.584848,0.6858729,-0.31345192,0.564731,0.66725467,-0.31704954,0.556887,0.68971808,-0.334446,0.576331,0.70459064,-0.35065488,0.594007,0.70340912,-0.30631265,0.556786,0.69942534,-0.262896,0.560849,0.69432515,-0.24101138,0.56322,0.7084015,-0.23999722,0.579972,0.71974739,-0.30387124,0.550731,0.6981187,-0.30260376,0.540551,0.73581185,-0.33814496,0.562662,0.76485902,-0.36336524,0.575605,0.74287743,-0.30785405,0.544427,0.70671579,-0.30632507,0.53331,0.71680469,-0.33268285,0.550325,0.73043043,-0.34824689,0.560835
0.73563244,-0.40191244,0.566006,0.72238636,-0.35018845,0.563397,0.71326981,-0.39118126,0.569474,0.7078371,-0.3610987,0.573186,0.69634538,-0.3364261,0.57077,0.68998523,-0.31555886,0.570845,0.68568517,-0.30038169,0.565226,0.67174694,-0.30318049,0.558726,0.69335666,-0.31730841,0.579119,0.71230006,-0.33084861,0.597659,0.70662568,-0.29443032,0.559983,0.71932693,-0.25670192,0.572416,0.72091731,-0.24203944,0.579668,0.73816258,-0.23593197,0.598211,0.7255604,-0.2927669,0.555875,0.70839574,-0.296437,0.54773,0.74659191,-0.33458693,0.570953,0.77415902,-0.35312084,0.586592,0.75125779,-0.29735592,0.551363,0.71758236,-0.29439986,0.542113,0.72694028,-0.31988401,0.560054,0.73773255,-0.33715195,0.570267
0.74102487,-0.39103253,0.5692,0.73166365,-0.341806,0.567608,0.71857104,-0.38064978,0.572708,0.71940028,-0.35309808,0.578019,0.7035531,-0.32669062,0.574151,0.69802061,-0.30561821,0.573102,0.69556299,-0.29292571,0.570425,0.68159837,-0.29480212,0.564617,0.70115874,-0.30722678,0.585142,0.71916228,-0.31940365,0.603802,0.71722519,-0.28705183,0.565526,0.72486973,-0.2469892,0.574824,0.72521213,-0.23197909,0.580247,0.74295556,-0.22582276,0.598473,0.73664765,-0.28540299,0.561621,0.72094086,-0.28363764,0.554336,0.75887976,-0.32124788,0.577715,0.78336981,-0.34129722,0.591216,0.76269944,-0.28989604,0.557198,0.73221461,-0.28754103,0.548709,0.74572028,-0.31376703,0.566792,0.76455312,-0.32568882,0.578693
0.75516262,-0.38152832,0.575797,0.7400005,-0.32846298,0.570906,0.72658963,-0.369372,0.575122,0.72804652,-0.33879855,0.575842,0.71028516,-0.31099385,0.567058,0.70446782,-0.28960025,0.564482,0.68963473,-0.27719487,0.56558,0.67525923,-0.27738646,0.554531,0.6997222,-0.29085869,0.575045,0.72189737,-0.30351297,0.593695,0.71627113,-0.27196787,0.564508,0.71787979,-0.2308858,0.572151,0.71956488,-0.21600858,0.576609,0.73936403,-0.20984313,0.594921,0.74044854,-0.27089984,0.564012,0.72578178,-0.26826125,0.551357,0.76586114,-0.30487899,0.574748,0.78904821,-0.32406284,0.589202,0.77342846,-0.27623473,0.56416,0.7436321,-0.27392437,0.551225,0.75711735,-0.30005991,0.569234,0.77423718,-0.31129516,0.581635
0.76020304,-0.36904114,0.57697,0.74023629,-0.31850211,0.571092,0.73137214,-0.35800724,0.576562,0.73034894,-0.32857709,0.577583,0.71575425,-0.30127556,0.571272,0.71071715,-0.2797211,0.569334,0.68909858,-0.26732756,0.565183,0.67424627,-0.26711121,0.553681,0.69859448,-0.27993632,0.574065,0.72066864,-0.2919729,0.592595,0.71484297,-0.26158824,0.563403,0.7158931,-0.22033849,0.570615,0.71795036,-0.20893858,0.574821,0.73776296,-0.20829727,0.593027,0.73833061,-0.26011787,0.562401,0.72289547,-0.25692632,0.549097,0.76271818,-0.29262632,0.572331,0.78689608,-0.31942124,0.586985,0.77062115,-0.26499104,0.562095,0.74012522,-0.26232487,0.548559,0.75345466,-0.28812527,0.566428,0.77097133,-0.29943863,0.579153
0.76032294,-0.36395904,0.577061,0.7402324,-0.30842415,0.571089,0.73200431,-0.34824748,0.577062,0.73158056,-0.31862082,0.578557,0.71497065,-0.2922233,0.575504,0.70718137,-0.27095147,0.574466,0.68959603,-0.25786662,0.565591,0.67502807,-0.25732214,0.554323,0.69933072,-0.26939703,0.57467,0.72136305,-0.28070536,0.593166,0.71468184,-0.25171439,0.563276,0.71560203,-0.21046429,0.570383,0.71758566,-0.19860109,0.574529,0.73809082,-0.19642478,0.59268,0.73759674,-0.24989101,0.561842,0.72238993,-0.24624451,0.548713,0.76214381,-0.28132908,0.5719,0.7870243,-0.30457451,0.586465,0.76916517,-0.25429957,0.561033,0.73885831,-0.25138681,0.54762,0.75134452,-0.27724927,0.565452,0.76661057,-0.29472694,0.577088
0.7649766,-0.34823528,0.577988,0.74618577,-0.29751841,0.571994,0.73464237,-0.33758628,0.576672,0.73713789,-0.30615824,0.577176,0.71891313,-0.27882585,0.57248,0.71073271,-0.25757141,0.571356,0.69109659,-0.24806992,0.56487,0.67876125,-0.24580575,0.552645,0.70531106,-0.25665914,0.573035,0.72964224,-0.26675657,0.591572,0.71801711,-0.24166079,0.564153,0.71747557,-0.20135045,0.572075,0.72147613,-0.18876869,0.576696,0.74355884,-0.18561557,0.595059,0.74260099,-0.23954195,0.564035,0.73029471,-0.23395266,0.550084,0.77190824,-0.26798167,0.573334,0.79669786,-0.29148757,0.588256,0.77648846,-0.24344637,0.564802,0.74878015,-0.23951288,0.550769,0.7620077,-0.26554151,0.568644,0.77513325,-0.27987162,0.580514
0.76756255,-0.33669218,0.577349,0.74568613,-0.28723698,0.571611,0.73712201,-0.32683916,0.576155,0.73608296,-0.29522062,0.57635,0.71857155,-0.26803268,0.572208,0.71044412,-0.24674396,0.571124,0.69109782,-0.23842249,0.564871,0.67907444,-0.23581627,0.5529,0.70566185,-0.24593171,0.57332,0.73002829,-0.25530999,0.591885,0.71795602,-0.23183007,0.564105,0.71739405,-0.19155389,0.57201,0.7213823,-0.17850866,0.576621,0.74346137,-0.17471197,0.594981,0.74245748,-0.22953098,0.563926,0.73052571,-0.22351346,0.550258,0.77219097,-0.25698214,0.573544,0.79684548,-0.28041607,0.588365,0.776186,-0.23316282,0.564582,0.7488087,-0.22900756,0.55079,0.76208006,-0.25483814,0.568698,0.77510921,-0.2691839,0.580496
0.76801853,-0.3323697,0.577313,0.7486531,-0.2848669,0.573852,0.73988085,-0.31928751,0.577788,0.74006722,-0.29088785,0.581269,0.72090301,-0.26454461,0.578057,0.71164282,-0.24543585,0.574682,0.69792472,-0.23634357,0.571246,0.68536341,-0.23462421,0.561962,0.70983291,-0.24445258,0.582597,0.73680282,-0.25643877,0.601356,0.72301485,-0.22825333,0.569325,0.72293039,-0.18895407,0.57839,0.72476833,-0.17623495,0.583678,0.74842606,-0.17462205,0.602157,0.74595788,-0.22455929,0.568017,0.73307032,-0.21939803,0.557248,0.77529429,-0.25222794,0.580773,0.80303375,-0.27913525,0.594519,0.77761351,-0.22622827,0.566978,0.75060047,-0.22950194,0.555627,0.7649802,-0.25549004,0.573772,0.78074813,-0.26936506,0.586287
0.77080802,-0.33113192,0.578901,0.75037069,-0.28419884,0.574801,0.74207629,-0.31881409,0.578909,0.74067913,-0.29095648,0.581164,0.7216654,-0.26476459,0.578128,0.71176385,-0.24542363,0.576023,0.69818585,-0.23639659,0.571036,0.6861548,-0.23602388,0.560995,0.71138863,-0.24599099,0.58158,0.73433634,-0.25521747,0.600294,0.72366361,-0.22837499,0.569437,0.72107083,-0.18789363,0.576823,0.72366622,-0.17740863,0.581131,0.74412355,-0.17428468,0.599384,0.74702697,-0.22474855,0.568444,0.73311003,-0.21934002,0.556859,0.77536524,-0.25211544,0.580328,0.80261807,-0.27769782,0.594382,0.77938353,-0.22653345,0.56788,0.74969387,-0.22911885,0.555839,0.7645152,-0.25499112,0.573927,0.78182366,-0.26652306,0.587505
0.77422041,-0.33240265,0.581158,0.75093514,-0.28533796,0.575076,0.74403013,-0.32339782,0.580424,0.74374809,-0.29446549,0.583101,0.72984895,-0.26822725,0.584427,0.72041149,-0.24802651,0.584822,0.69555346,-0.24084021,0.568582,0.68203896,-0.23804906,0.556714,0.70648417,-0.24623104,0.577083,0.72823499,-0.25433543,0.5956,0.72137066,-0.23342313,0.56712,0.71960579,-0.19284052,0.574825,0.72280429,-0.18758488,0.57932,0.74450766,-0.18716003,0.597618,0.74511146,-0.23041273,0.566395,0.73112751,-0.2241192,0.552724,0.77301522,-0.25748173,0.575944,0.79720601,-0.27617941,0.59074,0.77815779,-0.23313383,0.566452,0.7471903,-0.23132147,0.552617,0.75873499,-0.25848442,0.570469,0.77840187,-0.26783197,0.58417
0.77227958,-0.33143969,0.579498,0.75050739,-0.28573005,0.574655,0.74315376,-0.32297051,0.579549,0.7448324,-0.29505606,0.58391,0.73057391,-0.26872071,0.584877,0.72202768,-0.24883629,0.586069,0.69757327,-0.241834,0.570259,0.68386783,-0.23528377,0.559762,0.70663458,-0.24292302,0.580257,0.72828737,-0.25092475,0.59889,0.7227534,-0.23403551,0.56832,0.72117986,-0.19382156,0.57634,0.72418862,-0.18366558,0.581018,0.74645831,-0.18422292,0.59934,0.74584515,-0.23066207,0.567106,0.72973874,-0.21828478,0.554933,0.77180643,-0.25077077,0.578297,0.79799771,-0.2744671,0.592545,0.77786981,-0.23284299,0.56639,0.74746834,-0.2323385,0.553823,0.76052808,-0.25909201,0.571814,0.78036219,-0.26900546,0.585574
0.77289404,-0.33175034,0.580058,0.75084314,-0.2863839,0.575151,0.74354284,-0.32325637,0.579968,0.74505364,-0.29538488,0.584331,0.73101699,-0.26914789,0.585471,0.72261842,-0.24930872,0.586833,0.69727545,-0.24211815,0.570524,0.68359746,-0.23653769,0.559883,0.70818167,-0.24569908,0.580377,0.73047767,-0.25409175,0.599009,0.72258843,-0.23428849,0.568731,0.72149016,-0.19440851,0.577249,0.7247099,-0.18439534,0.582217,0.74702759,-0.18485848,0.600619,0.74582268,-0.23088023,0.567643,0.72935942,-0.21825763,0.555331,0.7714357,-0.25066171,0.578694,0.79775964,-0.27418021,0.592998,0.77807798,-0.23300801,0.567087,0.74707215,-0.23280706,0.554407,0.76028192,-0.25781601,0.572396,0.77996035,-0.26932794,0.585521
0.7709983,-0.3311609,0.579028,0.74784029,-0.28654642,0.5735,0.74388662,-0.32361388,0.580633,0.74462605,-0.29801437,0.585857,0.73281338,-0.27067345,0.58906,0.7256504,-0.25143578,0.591412,0.69637367,-0.2419078,0.57037,0.67639181,-0.23892446,0.560577,0.69913752,-0.25122094,0.580822,0.72045913,-0.26454036,0.599227,0.71794904,-0.23288011,0.56627,0.71964988,-0.19362758,0.576415,0.7204305,-0.18495772,0.582333,0.74237128,-0.18684529,0.60073,0.73869947,-0.22883966,0.56333,0.71851656,-0.22408034,0.551587,0.75964316,-0.25754524,0.574645,0.79030888,-0.27227494,0.588599,0.76573029,-0.2292317,0.560658,0.72993119,-0.23201111,0.54835,0.74560549,-0.25732254,0.566098,0.7690745,-0.26696454,0.57874
0.77313432,-0.33598455,0.581486,0.74665809,-0.29786768,0.573618,0.74356674,-0.3296837,0.581633,0.74263445,-0.30850005,0.584415,0.72642776,-0.28237538,0.58747,0.71692816,-0.26304569,0.589219,0.69109724,-0.24906032,0.566554,0.66912463,-0.24610233,0.554182,0.69179324,-0.25892021,0.574203,0.71672316,-0.27651214,0.592405,0.71459779,-0.2411134,0.563325,0.71703878,-0.20182275,0.573855,0.71630132,-0.1938384,0.579997,0.74046422,-0.197099,0.598521,0.73651087,-0.23776828,0.561288,0.71111863,-0.22429939,0.546721,0.74956713,-0.25842206,0.569527,0.77884277,-0.28391037,0.584519,0.76521085,-0.23909415,0.560046,0.72650638,-0.24095995,0.545347,0.74050003,-0.26673103,0.562847,0.75672555,-0.28095337,0.574806
0.77146104,-0.34129808,0.581275,0.74522963,-0.3075744,0.573785,0.74312042,-0.33812381,0.581983,0.74150219,-0.31864818,0.58645,0.72773354,-0.29362695,0.588526,0.71837608,-0.27432416,0.590409,0.69051411,-0.25946008,0.567755,0.671368,-0.25695592,0.55604,0.69403415,-0.27049487,0.576063,0.71529721,-0.28500512,0.594266,0.71307602,-0.25098422,0.563987,0.71507509,-0.21165951,0.574417,0.71692376,-0.2042774,0.580501,0.73612658,-0.2068949,0.598953,0.73428109,-0.24717561,0.561477,0.7111689,-0.2372488,0.547575,0.75068715,-0.26985682,0.570378,0.77961959,-0.29536559,0.585102,0.7646206,-0.24908023,0.559614,0.72665825,-0.25136425,0.545461,0.74066054,-0.2773234,0.562969,0.75700728,-0.29157258,0.57502
0.77395431,-0.33935264,0.581863,0.74365777,-0.30662885,0.572004,0.74243549,-0.34105016,0.581124,0.74110349,-0.31814676,0.58467,0.72526767,-0.29344865,0.586261,0.71389685,-0.27444886,0.587521,0.6812885,-0.25843125,0.562027,0.6611614,-0.25271372,0.547745,0.68308794,-0.26169986,0.567474,0.70383296,-0.26991557,0.58541,0.70476008,-0.24918222,0.559108,0.70024475,-0.20913511,0.567038,0.70102234,-0.19888821,0.571664,0.72003605,-0.19765136,0.58985,0.72808988,-0.24508864,0.557482,0.70231311,-0.23248121,0.540765,0.74223379,-0.26414813,0.563235,0.77229361,-0.2872259,0.578962,0.76038042,-0.24694395,0.557034,0.72136876,-0.24905097,0.540502,0.73490705,-0.27503103,0.557699,0.7500918,-0.2910288,0.570185
0.77529083,-0.35501797,0.584993,0.73435629,-0.31243499,0.568088,0.7411921,-0.34724809,0.581562,0.73181855,-0.32552438,0.580719,0.69879722,-0.29487709,0.569468,0.67995888,-0.27452041,0.56554,0.66516964,-0.25402912,0.548339,0.63086776,-0.23651255,0.527782,0.64709916,-0.23914409,0.545995,0.66122598,-0.24090868,0.562552,0.68959712,-0.24942112,0.545975,0.69066817,-0.20911505,0.55402,0.69012294,-0.1862341,0.558713,0.71282806,-0.1738414,0.577054,0.71278753,-0.24759324,0.545359,0.67863452,-0.2339954,0.521484,0.71539718,-0.26305631,0.542215,0.74775007,-0.2865923,0.560138,0.74722713,-0.2525742,0.547187,0.70001153,-0.25114658,0.524569,0.71265953,-0.27671277,0.540269,0.73006826,-0.29584194,0.554316
0.77303358,-0.36080585,0.584216,0.73191738,-0.31447763,0.566729,0.73767672,-0.35113208,0.580178,0.72914498,-0.33009999,0.578399,0.693748,-0.29868564,0.565531,0.67832875,-0.27713995,0.564648,0.65861213,-0.2612946,0.545701,0.62452343,-0.24081006,0.524353,0.64136019,-0.24331295,0.542442,0.65652166,-0.24211823,0.558886,0.68296905,-0.25423261,0.543853,0.68382109,-0.2153133,0.553552,0.68722575,-0.18971094,0.55921,0.70799708,-0.17948651,0.577808,0.7066377,-0.25190549,0.543708,0.67308339,-0.23214092,0.51901,0.70778167,-0.25768573,0.539603,0.74448456,-0.28784822,0.557802,0.74393345,-0.25416492,0.546186,0.69718414,-0.25216562,0.522893,0.71015602,-0.27780551,0.538472,0.72777895,-0.29721596,0.55271
0.7663253,-0.36871218,0.584215,0.72062431,-0.31889839,0.565211,0.7319832,-0.35649783,0.580346,0.71321074,-0.33012513,0.578956,0.68607787,-0.29844638,0.569038,0.66767841,-0.27632245,0.563818,0.64725221,-0.26176164,0.542992,0.61234034,-0.24315715,0.520884,0.62815612,-0.246861,0.538462,0.64197487,-0.24970831,0.554443,0.67059979,-0.25448015,0.540349,0.67775893,-0.21878249,0.55454,0.68468037,-0.19496774,0.562818,0.70274389,-0.18295438,0.581881,0.69347238,-0.25206206,0.53967,0.65751622,-0.23242267,0.513949,0.69299667,-0.25933285,0.533951,0.72718693,-0.2882194,0.552327,0.72801358,-0.25640644,0.54174,0.68207085,-0.25401218,0.517548,0.69511569,-0.27975896,0.532639,0.71267463,-0.29952257,0.547005
0.75429926,-0.36525027,0.576259,0.70901684,-0.31956156,0.560532,0.71502043,-0.3579298,0.572386,0.7017012,-0.3308614,0.573907,0.67390103,-0.30000778,0.565578,0.6557255,-0.27981922,0.56212,0.63512382,-0.26813043,0.541328,0.60221235,-0.24784036,0.521152,0.61844996,-0.25084385,0.539734,0.63259768,-0.25288928,0.556628,0.659054,-0.2593805,0.53996,0.66585502,-0.22709248,0.558155,0.66902695,-0.20627221,0.568769,0.68508694,-0.19540077,0.588196,0.68236375,-0.25543997,0.540071,0.64932233,-0.2334531,0.516815,0.68788067,-0.25857945,0.537979,0.7233789,-0.28703825,0.555824,0.71740045,-0.25734578,0.542589,0.67613893,-0.25395252,0.520543,0.69239533,-0.28065839,0.536598,0.71402884,-0.30141836,0.550583
0.73292896,-0.36938027,0.571845,0.6884968,-0.31927415,0.55533,0.7012789,-0.35920852,0.569883,0.68645994,-0.33498343,0.570381,0.65593826,-0.30497933,0.560209,0.63780587,-0.28393105,0.556086,0.62463472,-0.26314246,0.537734,0.58967653,-0.24295952,0.518509,0.60318632,-0.24538535,0.536645,0.61466218,-0.24690322,0.553132,0.64588886,-0.25601725,0.533727,0.65085619,-0.21754922,0.544663,0.65109595,-0.1961207,0.551042,0.66740325,-0.18478369,0.569633,0.66663973,-0.25369407,0.53173,0.63046305,-0.23982003,0.509102,0.66554954,-0.26642894,0.529733,0.70170978,-0.29427111,0.547112,0.69778729,-0.25810958,0.531848,0.65323479,-0.25598766,0.510222,0.66934733,-0.28280135,0.525858,0.68900493,-0.3023287,0.539532
0.68972303,-0.36747678,0.563939,0.66496717,-0.31701265,0.55068,0.65741736,-0.35219155,0.559538,0.63963421,-0.3208118,0.557874,0.61468973,-0.28916769,0.548773,0.60170391,-0.26571181,0.543441,0.60705946,-0.25947062,0.533104,0.58292185,-0.24397466,0.51407,0.60324598,-0.2494896,0.533243,0.62153988,-0.25403854,0.550674,0.63377671,-0.25684108,0.533336,0.63754692,-0.21710314,0.543321,0.63977503,-0.19310131,0.549146,0.66062851,-0.190479,0.567812,0.65839468,-0.25807864,0.53457,0.63283882,-0.22839819,0.512919,0.65956995,-0.25825569,0.534775,0.68044792,-0.28808006,0.552249,0.69292758,-0.26648925,0.538055,0.65988153,-0.24714631,0.517462,0.68481804,-0.27190851,0.5341,0.70756113,-0.29457111,0.547799
0.66950335,-0.35936229,0.5504,0.65544196,-0.3147763,0.544722,0.64282443,-0.34594371,0.549933,0.6212344,-0.31341466,0.549313,0.60119904,-0.28388295,0.545786,0.58953083,-0.26071053,0.541205,0.61311766,-0.26319194,0.538925,0.60425064,-0.24828569,0.527511,0.64274878,-0.27752701,0.547923,0.66942937,-0.30475324,0.56648,0.63784707,-0.26101437,0.537295,0.6413905,-0.22035632,0.545985,0.64342339,-0.19580794,0.551054,0.66561873,-0.18464794,0.569486,0.65888555,-0.26564181,0.5364,0.648918,-0.24574966,0.523223,0.67644395,-0.27471836,0.546492,0.68898618,-0.30423694,0.561109,0.687581,-0.27457248,0.536192,0.66926626,-0.26171449,0.522775,0.69434713,-0.28441851,0.540674,0.70864018,-0.30854056,0.552336
0.66268662,-0.35980852,0.548738,0.6412915,-0.31913529,0.544283,0.62913729,-0.34482379,0.545524,0.60980472,-0.31590981,0.548184,0.58729807,-0.28443986,0.54175,0.57899972,-0.26259179,0.53979,0.59797829,-0.26510557,0.53626,0.59594292,-0.25027228,0.524559,0.63159337,-0.27918175,0.54502,0.65926418,-0.30763685,0.563621,0.62662213,-0.26647192,0.538456,0.62927804,-0.22578871,0.54645,0.63401808,-0.20179266,0.551114,0.65857035,-0.18992067,0.569466,0.65161342,-0.27066078,0.540613,0.64945885,-0.24787397,0.526859,0.67408897,-0.27709304,0.550169,0.68974482,-0.30666901,0.565035,0.68424259,-0.28183819,0.543865,0.66257354,-0.26740691,0.530187,0.67521704,-0.29382216,0.548131,0.68600352,-0.31231829,0.559902
0.64042921,-0.36075218,0.542982,0.62575389,-0.32077922,0.54163,0.61446327,-0.34619607,0.542205,0.59448292,-0.31779863,0.546257,0.57228697,-0.28744732,0.541506,0.56473652,-0.26557087,0.539657,0.5886294,-0.26941093,0.539439,0.58684413,-0.22670886,0.53077,0.6132716,-0.24098429,0.551569,0.62466147,-0.26516704,0.563299,0.6148516,-0.2702442,0.539863,0.61627868,-0.22688034,0.542136,0.61708498,-0.20057857,0.543462,0.6363489,-0.18680884,0.560892,0.6373232,-0.2738683,0.540318,0.64060207,-0.25826073,0.530578,0.67191933,-0.28711515,0.554308,0.68225237,-0.31755555,0.567721,0.66605699,-0.28402846,0.541066,0.6539767,-0.27192661,0.530749,0.67051669,-0.29900682,0.54909,0.67904605,-0.31992185,0.559832
0.61737964,-0.35542921,0.530713,0.60745171,-0.31660779,0.531842,0.59574776,-0.34401059,0.533705,0.57922585,-0.31932888,0.541648,0.55637518,-0.29091182,0.538462,0.54809484,-0.26966983,0.537269,0.57629992,-0.27025376,0.536531,0.57425779,-0.22859248,0.530965,0.59842239,-0.24357667,0.551762,0.60892625,-0.26774138,0.562267,0.59902389,-0.26765969,0.533317,0.5864795,-0.22112761,0.526968,0.57912317,-0.19366892,0.523265,0.59370378,-0.17992425,0.538632,0.61834203,-0.26836658,0.530585,0.62141052,-0.25576666,0.525231,0.65121575,-0.28539542,0.54901,0.66131315,-0.31514325,0.560671,0.6428229,-0.27479319,0.527149,0.63054308,-0.26601783,0.520426,0.64731299,-0.29368777,0.53887,0.65612865,-0.31381236,0.548388
0.57994191,-0.35462352,0.519028,0.58224857,-0.31790271,0.523607,0.56243027,-0.34444349,0.524674,0.55199278,-0.31918294,0.533665,0.52994246,-0.28999906,0.529531,0.52112924,-0.26858112,0.527915,0.56469733,-0.27554497,0.534713,0.56547779,-0.23811799,0.533632,0.58423769,-0.25279735,0.554297,0.59068447,-0.27643601,0.56298,0.58548152,-0.27292235,0.529597,0.57764564,-0.22884654,0.527468,0.57297465,-0.20235191,0.526226,0.57549587,-0.18495431,0.530785,0.60267064,-0.27339225,0.525027,0.60019202,-0.26261832,0.524321,0.62156554,-0.29835002,0.547931,0.63022826,-0.3217203,0.557648,0.62345532,-0.27917295,0.518874,0.61044609,-0.27020155,0.516103,0.63177838,-0.29960338,0.534496,0.64359428,-0.31978821,0.542603
0.57424264,-0.35519956,0.518675,0.57175027,-0.31940173,0.523455,0.55688223,-0.34505334,0.524376,0.54071901,-0.32050466,0.533117,0.51907945,-0.29154483,0.529349,0.51038877,-0.27016109,0.527802,0.55487431,-0.27712676,0.534814,0.55547231,-0.23979473,0.533854,0.57347233,-0.25459251,0.554518,0.5796298,-0.27825132,0.563152,0.57561318,-0.27451874,0.529708,0.56782122,-0.23056074,0.527801,0.5631687,-0.20411775,0.526688,0.56514719,-0.18661871,0.530921,0.59272825,-0.27499718,0.525132,0.58966777,-0.26445163,0.524634,0.61040406,-0.30029536,0.548245,0.61907212,-0.32361172,0.557878,0.61334178,-0.28077803,0.518939,0.59995182,-0.27199332,0.516351,0.62084798,-0.30147519,0.534749,0.63255148,-0.32163689,0.542794
0.57109579,-0.35760423,0.519767,0.56954574,-0.32235251,0.524547,0.54877019,-0.34824273,0.525138,0.53539841,-0.32421893,0.534186,0.51722706,-0.29324507,0.530218,0.50899018,-0.27181077,0.528792,0.55011868,-0.28209305,0.535504,0.55358993,-0.24213666,0.534092,0.57155216,-0.2567378,0.554798,0.57760358,-0.28038572,0.563627,0.57119559,-0.28033053,0.530801,0.56470983,-0.23602633,0.528804,0.56251342,-0.20697656,0.527639,0.56590825,-0.18983596,0.532926,0.58852445,-0.281473,0.526556,0.58908588,-0.26485,0.525841,0.60747418,-0.29583717,0.549516,0.61352568,-0.32434068,0.559263,0.60927742,-0.28799288,0.52076,0.59625281,-0.27795227,0.518003,0.61648867,-0.30752011,0.536449,0.63115179,-0.32536923,0.544572
0.55860572,-0.3639116,0.52379,0.55251776,-0.32474174,0.525842,0.54186688,-0.35286767,0.529636,0.52213173,-0.32467023,0.53458,0.49803712,-0.29243137,0.526059,0.48865049,-0.26982441,0.522828,0.53566381,-0.27826395,0.534866,0.53547798,-0.23996377,0.530472,0.53548072,-0.22000533,0.528276,0.55167384,-0.21079529,0.543205,0.55517177,-0.27645584,0.528526,0.5478852,-0.23244731,0.523894,0.5435758,-0.20576505,0.521192,0.54162891,-0.19364296,0.519261,0.57118004,-0.27778664,0.52315,0.57011841,-0.25880331,0.520453,0.58869835,-0.29296471,0.543777,0.59424829,-0.3211128,0.554184,0.59040253,-0.28492365,0.516415,0.57485613,-0.27628857,0.511848,0.58953792,-0.30432041,0.529971,0.59573855,-0.32676077,0.538605
0.56451165,-0.36528176,0.525491,0.56012884,-0.33026439,0.531134,0.54270711,-0.35453929,0.530385,0.51484514,-0.32505294,0.528009,0.49506747,-0.29860969,0.528333,0.48558258,-0.28195654,0.531327,0.54331872,-0.28421729,0.542303,0.54069058,-0.24222137,0.541858,0.54279155,-0.22207931,0.541636,0.55144726,-0.20827128,0.545237,0.5645026,-0.28624813,0.538517,0.58388149,-0.26888974,0.53613,0.58954253,-0.28768458,0.534739,0.6021041,-0.31798864,0.550994,0.58142732,-0.29052894,0.534958,0.60147049,-0.27979425,0.531264,0.62966681,-0.318057,0.554866,0.63724341,-0.34394242,0.570792,0.60115701,-0.30070397,0.529851,0.60895019,-0.29192168,0.527597,0.62961258,-0.32193979,0.546139,0.64185401,-0.33898075,0.558738
0.54273482,-0.36128516,0.513918,0.53761818,-0.32213747,0.514839,0.53008789,-0.35262654,0.523855,0.50459435,-0.32954388,0.527674,0.48655977,-0.30560465,0.530605,0.47946106,-0.28624781,0.532949,0.52025784,-0.27604389,0.527816,0.51738932,-0.23245277,0.522587,0.51532739,-0.21108331,0.519972,0.52255824,-0.19486702,0.526861,0.53504468,-0.26939577,0.516045,0.52324615,-0.26401447,0.50795,0.55090847,-0.30688391,0.531986,0.57050066,-0.32679419,0.548639,0.54716341,-0.26700216,0.506288,0.53975887,-0.24977826,0.501462,0.55675216,-0.28209527,0.522625,0.56574289,-0.30962362,0.533664,0.5618997,-0.27006314,0.494493,0.54566954,-0.26483084,0.491561,0.55612745,-0.29112596,0.508184,0.56623015,-0.31104127,0.517831
0.53105424,-0.36005494,0.509527,0.5276821,-0.32461569,0.513143,0.51570913,-0.35388717,0.519171,0.49016226,-0.32615432,0.522888,0.47197967,-0.30130846,0.525439,0.46583612,-0.28447164,0.530098,0.51948415,-0.27630796,0.528242,0.51564242,-0.23413136,0.527722,0.51529704,-0.21439676,0.527462,0.52252999,-0.19676032,0.530857,0.53574124,-0.27223504,0.517873,0.53107162,-0.26819472,0.512773,0.55598543,-0.31184379,0.537708,0.57378176,-0.33309986,0.55552,0.54710881,-0.27518472,0.509058,0.54952701,-0.2695894,0.500619,0.57865373,-0.30732819,0.52221,0.59724063,-0.32993768,0.541784,0.56099714,-0.28200902,0.497979,0.55227775,-0.27685138,0.496768,0.56119242,-0.29602146,0.514007,0.55855898,-0.31664631,0.521118
0.51889686,-0.36072443,0.504424,0.5211608,-0.32311021,0.509114,0.50208119,-0.35154476,0.514351,0.48390207,-0.32340995,0.518621,0.46433275,-0.29662218,0.518456,0.4586898,-0.2793017,0.522702,0.51491442,-0.27506457,0.525549,0.51399561,-0.23392404,0.52646,0.51478707,-0.21501088,0.526916,0.51986362,-0.1971105,0.529202,0.53112967,-0.27353203,0.51525,0.53173887,-0.27035849,0.511355,0.5520261,-0.31401783,0.536344,0.56649747,-0.33551332,0.554193,0.54347165,-0.27511787,0.506409,0.54706175,-0.27104536,0.49917,0.57469888,-0.31161651,0.520806,0.59446041,-0.33950847,0.540476,0.5566987,-0.28245987,0.495135,0.54923199,-0.2780171,0.494881,0.55641905,-0.29871147,0.512173,0.55582161,-0.31813184,0.520443
0.51104671,-0.36406369,0.506089,0.51572982,-0.32492435,0.509303,0.49945026,-0.35239353,0.515304,0.47864934,-0.32276596,0.518358,0.45944449,-0.29433757,0.517017,0.45712104,-0.27825504,0.522609,0.51059418,-0.27402374,0.523508,0.5098223,-0.23286619,0.523699,0.51079528,-0.21396518,0.523794,0.51188301,-0.19615429,0.524053,0.52676735,-0.27412577,0.513507,0.52844837,-0.26929006,0.507964,0.54790149,-0.31272858,0.533069,0.56147024,-0.33395708,0.551001,0.53895486,-0.27708732,0.505027,0.54242675,-0.27178771,0.496272,0.56982841,-0.30994522,0.518017,0.58799245,-0.33805765,0.537785,0.54888936,-0.28815329,0.494408,0.54755269,-0.2887904,0.492066,0.56460935,-0.3188985,0.50934,0.57977877,-0.33892385,0.524581
