{"frames":63,"data":[{"currentFrameRate":113.95,"devices":[],"gestures":[],"hands":[{"armBasis":[[0.933578,0.0712804,-0.351214],[0.350919,0.017034,0.936251],[0.0727189,-0.997311,-0.00911113]],"armWidth":48.9085,"confidence":1,"direction":[-0.119747,0.890061,-0.439831],"elbow":[96.1023,-120.95,144.892],"grabAngle":3.14159,"grabStrength":1,"id":61,"palmNormal":[-0.332042,-0.453412,-0.827143],"palmPosition":[66.663,148.368,123.311],"palmVelocity":[-6.71692,-6.33409,-1.37678],"palmWidth":72.7825,"pinchDistance":5.60138,"pinchStrength":1,"r":[[0.968525,-0.087851,0.232898],[0.101452,0.993727,-0.0470539],[-0.227303,0.0692008,0.971362]],"s":0.937201,"sphereCenter":[52.0979,145.565,96.4285],"sphereRadius":26.7544,"stabilizedPalmPosition":[58.3046,150.598,123.112],"t":[38.7236,-14.9282,10.0207],"timeVisible":9.38307,"type":"right","wrist":[80.397,94.441,146.86]}],"id":40210,"interactionBox":{"center":[0,200,0],"size":[235.247,235.247,147.751]},"pointables":[{"bases":[[[0.650117,0.560313,0.513222],[-0.557765,-0.106766,0.823104],[0.51599,-0.821371,0.243112]],[[0.432294,0.809195,0.3979],[-0.850476,0.219229,0.478152],[0.299688,-0.545107,0.782972]],[[0.432294,0.809195,0.3979],[-0.884183,0.29375,0.363223],[0.177035,-0.508836,0.842463]],[[0.432294,0.809195,0.3979],[-0.901733,0.387934,0.190751],[-0.00000418698,-0.44126,0.897379]]],"btipPosition":[38.232,148.839,75.8029],"carpPosition":[54.8113,105.921,145.07],"dipPosition":[38.2319,140.946,91.854],"direction":[-0.177035,0.508836,-0.842463],"extended":false,"handId":61,"id":610,"length":39.8308,"mcpPosition":[54.8113,105.921,145.07],"pipPosition":[42.8451,127.687,113.807],"stabilizedTipPosition":[37.9456,147.803,79.5797],"timeVisible":9.38307,"tipPosition":[39.3893,145.747,78.9164],"tipVelocity":[0.71702,-9.5388,1.76536],"tool":false,"touchDistance":0.314447,"touchZone":"hovering","type":0,"width":15.2554},{"bases":[[[0.902244,0.103115,-0.418715],[0.287554,0.579724,0.762386],[0.321353,-0.808262,0.493401]],[[0.899598,0.109693,-0.422719],[-0.152646,0.985868,-0.0690214],[0.409173,0.126618,0.903629]],[[0.899598,0.109693,-0.422719],[-0.434008,0.332246,-0.837407],[0.0485886,0.936793,0.346495]],[[0.899598,0.109693,-0.422719],[-0.389061,-0.238392,-0.889832],[-0.198381,0.964954,-0.17178]]],"btipPosition":[34.3627,133.83,89.122],"carpPosition":[65.0159,120.328,151.986],"dipPosition":[31.7723,146.43,86.8789],"direction":[-0.0485886,-0.936793,-0.346495],"extended":false,"handId":61,"id":611,"length":44.9446,"mcpPosition":[46.1049,167.893,122.95],"pipPosition":[32.6698,163.735,93.2796],"stabilizedTipPosition":[34.3244,137.007,88.9261],"timeVisible":9.38307,"tipPosition":[31.7781,139.533,86.1067],"tipVelocity":[-11.4379,-9.31345,-1.20962],"tool":false,"touchDistance":0.310394,"touchZone":"hovering","type":1,"width":14.572},{"bases":[[[0.875036,-0.107382,-0.471997],[0.442935,0.570925,0.691269],[0.195245,-0.81395,0.547143]],[[0.885169,-0.155996,-0.438339],[-0.102462,0.853632,-0.5107],[0.453847,0.496969,0.739624]],[[0.885169,-0.155996,-0.438339],[-0.465261,-0.291024,-0.835965],[0.00284,0.943912,-0.330185]],[[0.885169,-0.155996,-0.438339],[-0.368612,-0.809996,-0.456104],[-0.283903,0.565306,-0.774486]]],"btipPosition":[50.4478,120.987,109.23],"carpPosition":[74.047,122.503,148.712],"dipPosition":[46.3704,129.106,98.1068],"direction":[-0.00284,-0.943912,0.330185],"extended":false,"handId":61,"id":612,"length":51.2108,"mcpPosition":[63.1509,167.927,118.177],"pipPosition":[46.4321,149.62,90.9309],"stabilizedTipPosition":[49.9545,123.167,105.855],"timeVisible":9.38307,"tipPosition":[46.7022,123.565,97.9702],"tipVelocity":[-2.33673,-8.56759,8.7313],"tool":false,"touchDistance":0.611194,"touchZone":"none","type":2,"width":14.3116},{"bases":[[[0.858334,-0.268722,-0.437095],[0.510319,0.535556,0.67287],[0.0532738,-0.800605,0.59682]],[[0.853595,-0.220231,-0.472096],[-0.0682864,0.851119,-0.520512],[0.516443,0.476544,0.711472]],[[0.853595,-0.220231,-0.472096],[-0.517108,-0.248519,-0.819047],[0.0630548,0.943259,-0.326017]],[[0.853595,-0.220231,-0.472096],[-0.440734,-0.788441,-0.429085],[-0.277722,0.574333,-0.770072]]],"btipPosition":[65.1208,118.069,107.935],"carpPosition":[82.7944,122.398,144.235],"dipPosition":[61.1551,126.27,96.9386],"direction":[-0.0630548,-0.943259,0.326017],"extended":false,"handId":61,"id":613,"length":49.2406,"mcpPosition":[80.1251,162.513,114.331],"pipPosition":[62.4901,146.24,90.0363],"stabilizedTipPosition":[61.4848,120.36,104.244],"timeVisible":9.38307,"tipPosition":[62.2925,119.508,104.596],"tipVelocity":[-3.14456,-7.79971,5.70721],"tool":false,"touchDistance":0.590096,"touchZone":"none","type":3,"width":13.6184},{"bases":[[[0.762533,-0.444348,-0.470211],[0.640297,0.414391,0.646761],[-0.092536,-0.794252,0.600501]],[[0.768118,-0.341132,-0.541871],[0.0725279,0.887172,-0.455704],[0.636188,0.310734,0.706194]],[[0.768118,-0.341132,-0.541871],[-0.577679,-0.00416809,-0.816253],[0.276192,0.940006,-0.200267]],[[0.768118,-0.341132,-0.541871],[-0.621263,-0.601922,-0.50172],[-0.155011,0.722024,-0.674279]]],"btipPosition":[74.9404,122.454,101.727],"carpPosition":[89.9272,117.575,136.787],"dipPosition":[72.8984,131.966,92.8445],"direction":[-0.276192,-0.940006,0.200267],"extended":false,"handId":61,"id":614,"length":38.6037,"mcpPosition":[94.2192,154.414,108.935],"pipPosition":[77.0269,146.017,89.8509],"stabilizedTipPosition":[68.5913,125.985,97.6203],"timeVisible":9.38307,"tipPosition":[74.2065,124.125,99.8173],"tipVelocity":[-5.26067,-7.86296,1.58908],"tool":false,"touchDistance":0.494735,"touchZone":"none","type":4,"width":12.0969}],"r":[[0.968525,-0.087851,0.232898],[0.101452,0.993727,-0.0470539],[-0.227303,0.0692008,0.971362]],"s":0.937201,"t":[38.7236,-14.9282,10.0207],"timestamp":17420177779},{"currentFrameRate":113.949,"devices":[],"gestures":[],"hands":[{"armBasis":[[0.933368,0.0690941,-0.352207],[0.351702,0.0197397,0.935904],[0.0716179,-0.997415,-0.00587617]],"armWidth":48.9085,"confidence":1,"direction":[-0.120674,0.889338,-0.441039],"elbow":[95.8479,-120.973,145.659],"grabAngle":3.14159,"grabStrength":1,"id":61,"palmNormal":[-0.332415,-0.454838,-0.82621],"palmPosition":[66.6085,148.322,123.296],"palmVelocity":[-6.20699,-5.24105,-1.7481],"palmWidth":72.7825,"pinchDistance":5.70199,"pinchStrength":1,"r":[[0.968653,-0.0868666,0.232734],[0.100676,0.993756,-0.048107],[-0.227102,0.0700297,0.97135]],"s":0.938025,"sphereCenter":[51.9739,145.477,96.4574],"sphereRadius":26.7538,"stabilizedPalmPosition":[58.3402,150.588,123.113],"t":[38.6669,-14.9764,10.007],"timeVisible":9.39185,"type":"right","wrist":[80.3805,94.4404,146.928]}],"id":40211,"interactionBox":{"center":[0,200,0],"size":[235.247,235.247,147.751]},"pointables":[{"bases":[[[0.650169,0.561483,0.511876],[-0.557034,-0.105917,0.823708],[0.516715,-0.820681,0.243901]],[[0.433019,0.809302,0.396895],[-0.85018,0.220404,0.478138],[0.299481,-0.544475,0.783491]],[[0.433019,0.809302,0.396895],[-0.883843,0.294773,0.363221],[0.176962,-0.508075,0.842938]],[[0.433019,0.809302,0.396895],[-0.901385,0.388829,0.190571],[-0.0000945308,-0.440276,0.897863]]],"btipPosition":[38.2342,148.755,75.8176],"carpPosition":[54.8017,105.9,145.127],"dipPosition":[38.2325,140.88,91.8773],"direction":[-0.176962,0.508075,-0.842938],"extended":false,"handId":61,"id":610,"length":39.8308,"mcpPosition":[54.8017,105.9,145.127],"pipPosition":[42.8438,127.64,113.843],"stabilizedTipPosition":[37.949,147.794,79.5789],"timeVisible":9.39185,"tipPosition":[39.2936,145.628,78.9309],"tipVelocity":[0.206006,-9.14673,1.89829],"tool":false,"touchDistance":0.314724,"touchZone":"hovering","type":0,"width":15.2554},{"bases":[[[0.901841,0.103081,-0.419592],[0.287793,0.581026,0.761304],[0.32227,-0.807331,0.494327]],[[0.899821,0.108096,-0.422656],[-0.151396,0.985981,-0.0701482],[0.409148,0.127109,0.903572]],[[0.899821,0.108096,-0.422656],[-0.4334,0.332244,-0.837722],[0.0498699,0.936979,0.345809]],[[0.899821,0.108096,-0.422656],[-0.389249,-0.238546,-0.889708],[-0.196997,0.965096,-0.172572]]],"btipPosition":[34.2545,133.749,89.1195],"carpPosition":[65.0025,120.323,152.013],"dipPosition":[31.6821,146.351,86.8661],"direction":[-0.0498699,-0.936979,-0.345809],"extended":false,"handId":61,"id":611,"length":44.9446,"mcpPosition":[46.0376,167.833,122.923],"pipPosition":[32.6033,163.659,93.254],"stabilizedTipPosition":[34.2663,136.975,88.8976],"timeVisible":9.39185,"tipPosition":[31.7069,139.4,86.1419],"tipVelocity":[-11.8581,-9.20546,-0.556271],"tool":false,"touchDistance":0.310313,"touchZone":"hovering","type":1,"width":14.572},{"bases":[[[0.874725,-0.107511,-0.472543],[0.443123,0.572223,0.690075],[0.19621,-0.813021,0.548178]],[[0.884917,-0.156069,-0.438822],[-0.103514,0.852716,-0.512016],[0.454101,0.498515,0.738428]],[[0.884917,-0.156069,-0.438822],[-0.465747,-0.293642,-0.834778],[0.00142651,0.943089,-0.332538]],[[0.884917,-0.156069,-0.438822],[-0.368139,-0.81153,-0.453754],[-0.2853,0.563082,-0.775592]]],"btipPosition":[50.418,120.924,109.3],"carpPosition":[74.0296,122.499,148.728],"dipPosition":[46.3205,129.011,98.1608],"direction":[-0.00142651,-0.943089,0.332538],"extended":false,"handId":61,"id":612,"length":51.2108,"mcpPosition":[63.0797,167.871,118.136],"pipPosition":[46.3515,149.507,90.9338],"stabilizedTipPosition":[49.9344,123.151,105.892],"timeVisible":9.39185,"tipPosition":[46.6502,123.467,98.0285],"tipVelocity":[-3.91684,-8.00641,7.55152],"tool":false,"touchDistance":0.612299,"touchZone":"none","type":2,"width":14.3116},{"bases":[[[0.858155,-0.26881,-0.437391],[0.510514,0.53687,0.671673],[0.0542697,-0.799694,0.59795]],[[0.853356,-0.220374,-0.47246],[-0.0692534,0.850311,-0.521704],[0.516708,0.477919,0.710357]],[[0.853356,-0.220374,-0.47246],[-0.517673,-0.25108,-0.817908],[0.0616204,0.942547,-0.328342]],[[0.853356,-0.220374,-0.47246],[-0.440488,-0.789524,-0.427343],[-0.278843,0.572789,-0.770817]]],"btipPosition":[65.0873,118.008,107.986],"carpPosition":[82.7735,122.393,144.245],"dipPosition":[61.1056,126.188,96.979],"direction":[-0.0616204,-0.942547,0.328342],"extended":false,"handId":61,"id":613,"length":49.2406,"mcpPosition":[80.0543,162.463,114.284],"pipPosition":[62.4102,146.143,90.0275],"stabilizedTipPosition":[61.5033,120.357,104.252],"timeVisible":9.39185,"tipPosition":[62.2449,119.433,104.628],"tipVelocity":[-4.23516,-7.45458,5.53729],"tool":false,"touchDistance":0.590906,"touchZone":"none","type":3,"width":13.6184},{"bases":[[[0.762441,-0.444546,-0.470173],[0.64055,0.415751,0.645637],[-0.0915413,-0.793429,0.601739]],[[0.767901,-0.341392,-0.542015],[0.0718106,0.886692,-0.456751],[0.636531,0.311817,0.705407]],[[0.767901,-0.341392,-0.542015],[-0.578394,-0.00588279,-0.815736],[0.275297,0.939903,-0.201976]],[[0.767901,-0.341392,-0.542015],[-0.621314,-0.602854,-0.500536],[-0.155877,0.721123,-0.675043]]],"btipPosition":[74.886,122.389,101.738],"carpPosition":[89.9033,117.564,136.799],"dipPosition":[72.8325,131.889,92.8449],"direction":[-0.275297,-0.939903,0.201976],"extended":false,"handId":61,"id":614,"length":38.6037,"mcpPosition":[94.1492,154.365,108.889],"pipPosition":[76.9477,145.938,89.8258],"stabilizedTipPosition":[68.628,125.976,97.6334],"timeVisible":9.39185,"tipPosition":[74.1489,124.05,99.8314],"tipVelocity":[-6.49982,-7.74237,0.933425],"tool":false,"touchDistance":0.494872,"touchZone":"none","type":4,"width":12.0969}],"r":[[0.968653,-0.0868666,0.232734],[0.100676,0.993756,-0.048107],[-0.227102,0.0700297,0.97135]],"s":0.938025,"t":[38.6669,-14.9764,10.007],"timestamp":17420186556},{"currentFrameRate":114.046,"devices":[],"gestures":[],"hands":[{"armBasis":[[0.933197,0.0669903,-0.353065],[0.352346,0.0226507,0.935596],[0.070673,-0.997496,-0.00246622]],"armWidth":48.9085,"confidence":1,"direction":[-0.121262,0.888793,-0.441975],"elbow":[95.6182,-121.011,146.441],"grabAngle":3.14159,"grabStrength":1,"id":61,"palmNormal":[-0.332775,-0.455894,-0.825482],"palmPosition":[66.5611,148.267,123.269],"palmVelocity":[-5.51508,-6.41479,-3.14233],"palmWidth":72.7825,"pinchDistance":5.79301,"pinchStrength":1,"r":[[0.96879,-0.0859586,0.2325],[0.0999799,0.993773,-0.0491882],[-0.226824,0.0708983,0.971352]],"s":0.938759,"sphereCenter":[51.8711,145.391,96.4646],"sphereRadius":26.7527,"stabilizedPalmPosition":[58.3746,150.579,123.113],"t":[38.6148,-15.028,9.98665],"timeVisible":9.40045,"type":"right","wrist":[80.3548,94.4203,146.973]}],"id":40212,"interactionBox":{"center":[0,200,0],"size":[235.247,235.247,147.751]},"pointables":[{"bases":[[[0.650294,0.562293,0.510828],[-0.556479,-0.105174,0.824178],[0.517155,-0.820223,0.24451]],[[0.433882,0.809174,0.396213],[-0.849866,0.221572,0.478156],[0.299121,-0.544191,0.783825]],[[0.433882,0.809174,0.396213],[-0.88346,0.295825,0.363299],[0.176762,-0.507667,0.843225]],[[0.433882,0.809174,0.396213],[-0.90097,0.389807,0.190535],[-0.000270842,-0.439646,0.898171]]],"btipPosition":[38.238,148.687,75.8199],"carpPosition":[54.7828,105.865,145.155],"dipPosition":[38.2331,140.823,91.8851],"direction":[-0.176762,0.507667,-0.843225],"extended":false,"handId":61,"id":610,"length":39.8308,"mcpPosition":[54.7828,105.865,145.155],"pipPosition":[42.8392,127.594,113.858],"stabilizedTipPosition":[37.9523,147.783,79.5781],"timeVisible":9.40045,"tipPosition":[39.2132,145.521,78.9278],"tipVelocity":[0.358858,-7.56196,0.414611],"tool":false,"touchDistance":0.314784,"touchZone":"hovering","type":0,"width":15.2554},{"bases":[[[0.901541,0.102919,-0.420276],[0.288069,0.581993,0.760461],[0.322863,-0.806655,0.495043]],[[0.900121,0.106443,-0.422435],[-0.15,0.986123,-0.0711409],[0.409001,0.127401,0.903597]],[[0.900121,0.106443,-0.422435],[-0.432607,0.332617,-0.837984],[0.0513118,0.937036,0.345443]],[[0.900121,0.106443,-0.422435],[-0.389404,-0.238152,-0.889746],[-0.195311,0.965377,-0.172917]]],"btipPosition":[34.1562,133.672,89.0936],"carpPosition":[64.9829,120.3,152.019],"dipPosition":[31.6058,146.278,86.8357],"direction":[-0.0513118,-0.937036,-0.345443],"extended":false,"handId":61,"id":611,"length":44.9446,"mcpPosition":[45.9831,167.77,122.886],"pipPosition":[32.5537,163.587,93.2169],"stabilizedTipPosition":[34.2057,136.94,88.8695],"timeVisible":9.40045,"tipPosition":[31.6461,139.28,86.1556],"tipVelocity":[-10.8417,-8.86309,-3.12886],"tool":false,"touchDistance":0.309864,"touchZone":"hovering","type":1,"width":14.572},{"bases":[[[0.874466,-0.107743,-0.472971],[0.443356,0.573163,0.689144],[0.196838,-0.812327,0.54898]],[[0.884695,-0.15626,-0.439201],[-0.104238,0.851982,-0.51309],[0.454366,0.49971,0.737456]],[[0.884695,-0.15626,-0.439201],[-0.46617,-0.295596,-0.833852],[0.000471391,0.942447,-0.334356]],[[0.884695,-0.15626,-0.439201],[-0.367935,-0.812578,-0.452041],[-0.286249,0.561516,-0.776377]]],"btipPosition":[50.3851,120.854,109.339],"carpPosition":[74.0071,122.475,148.726],"dipPosition":[46.274,128.919,98.1891],"direction":[-0.000471391,-0.942447,0.334356],"extended":false,"handId":61,"id":612,"length":51.2108,"mcpPosition":[63.0221,167.809,118.089],"pipPosition":[46.2842,149.401,90.9225],"stabilizedTipPosition":[49.9115,123.13,105.933],"timeVisible":9.40045,"tipPosition":[46.6008,123.375,98.0585],"tipVelocity":[-4.19207,-8.72362,4.2947],"tool":false,"touchDistance":0.612915,"touchZone":"none","type":2,"width":14.3116},{"bases":[[[0.857974,-0.269009,-0.437625],[0.510749,0.537813,0.670741],[0.0549252,-0.798994,0.598825]],[[0.853136,-0.220614,-0.472745],[-0.0698788,0.849692,-0.522628],[0.516987,0.478908,0.709487]],[[0.853136,-0.220614,-0.472745],[-0.51815,-0.252976,-0.817021],[0.0606527,0.941983,-0.330134]],[[0.853136,-0.220614,-0.472745],[-0.440453,-0.790219,-0.426093],[-0.27957,0.571737,-0.771334]]],"btipPosition":[65.0506,117.941,108.009],"carpPosition":[82.7483,122.368,144.237],"dipPosition":[61.0585,126.105,96.9951],"direction":[-0.0606527,-0.941983,0.330134],"extended":false,"handId":61,"id":613,"length":49.2406,"mcpPosition":[79.9962,162.402,114.233],"pipPosition":[62.3426,146.048,90.0056],"stabilizedTipPosition":[61.5221,120.353,104.261],"timeVisible":9.40045,"tipPosition":[62.1982,119.355,104.638],"tipVelocity":[-4.54583,-8.25673,2.52686],"tool":false,"touchDistance":0.591268,"touchZone":"none","type":3,"width":13.6184},{"bases":[[[0.762301,-0.444815,-0.470146],[0.64081,0.416709,0.644761],[-0.0908855,-0.792776,0.602699]],[[0.767679,-0.341691,-0.54214],[0.0714777,0.886367,-0.457432],[0.636836,0.31241,0.704869]],[[0.767679,-0.341691,-0.54214],[-0.578858,-0.00677914,-0.8154],[0.27494,0.939788,-0.202995]],[[0.767679,-0.341691,-0.54214],[-0.621504,-0.603197,-0.499886],[-0.156211,0.720694,-0.675424]]],"btipPosition":[74.8288,122.318,101.721],"carpPosition":[89.8751,117.532,136.792],"dipPosition":[72.771,131.812,92.8235],"direction":[-0.27494,-0.939788,0.202995],"extended":false,"handId":61,"id":614,"length":38.6037,"mcpPosition":[94.0906,154.303,108.837],"pipPosition":[76.8808,145.86,89.7891],"stabilizedTipPosition":[68.6641,125.967,97.6463],"timeVisible":9.40045,"tipPosition":[74.0955,123.971,99.8271],"tipVelocity":[-6.75805,-8.36143,-2.04498],"tool":false,"touchDistance":0.494578,"touchZone":"none","type":4,"width":12.0969}],"r":[[0.96879,-0.0859586,0.2325],[0.0999799,0.993773,-0.0491882],[-0.226824,0.0708983,0.971352]],"s":0.938759,"t":[38.6148,-15.028,9.98665],"timestamp":17420195159},{"currentFrameRate":114.141,"devices":[],"gestures":[],"hands":[{"armBasis":[[0.933146,0.0649836,-0.353575],[0.35266,0.0254334,0.935406],[0.0697786,-0.997562,0.000816019]],"armWidth":48.9085,"confidence":1,"direction":[-0.121796,0.88821,-0.443],"elbow":[95.4068,-121.03,147.212],"grabAngle":3.14159,"grabStrength":1,"id":61,"palmNormal":[-0.332806,-0.45703,-0.824841],"palmPosition":[66.5237,148.225,123.254],"palmVelocity":[-4.34905,-4.88256,-1.76464],"palmWidth":72.7825,"pinchDistance":5.86044,"pinchStrength":1,"r":[[0.968921,-0.0850884,0.232276],[0.0993289,0.993783,-0.0502958],[-0.226552,0.0718043,0.971349]],"s":0.939431,"sphereCenter":[51.803,145.313,96.4723],"sphereRadius":26.751,"stabilizedPalmPosition":[58.4089,150.569,123.114],"t":[38.5701,-15.0748,9.96888],"timeVisible":9.40905,"type":"right","wrist":[80.3365,94.4159,147.036]}],"id":40213,"interactionBox":{"center":[0,200,0],"size":[235.247,235.247,147.751]},"pointables":[{"bases":[[[0.650185,0.563198,0.509968],[-0.556192,-0.104445,0.824465],[0.5176,-0.819695,0.245338]],[[0.434409,0.809206,0.395569],[-0.849703,0.222472,0.478029],[0.298821,-0.543776,0.784228]],[[0.434409,0.809206,0.395569],[-0.883235,0.296598,0.363216],[0.176592,-0.507165,0.843564]],[[0.434409,0.809206,0.395569],[-0.900715,0.390503,0.190314],[-0.00046742,-0.438969,0.898502]]],"btipPosition":[38.2462,148.624,75.8279],"carpPosition":[54.7711,105.844,145.194],"dipPosition":[38.2379,140.772,91.899],"direction":[-0.176592,0.507164,-0.843564],"extended":false,"handId":61,"id":610,"length":39.8308,"mcpPosition":[54.7711,105.844,145.194],"pipPosition":[42.8395,127.556,113.881],"stabilizedTipPosition":[37.9558,147.771,79.5775],"timeVisible":9.40905,"tipPosition":[39.1596,145.42,78.9269],"tipVelocity":[0.866328,-7.00187,1.08854],"tool":false,"touchDistance":0.31494,"touchZone":"hovering","type":0,"width":15.2554},{"bases":[[[0.901372,0.102828,-0.42066],[0.288023,0.583031,0.759683],[0.323375,-0.805917,0.495911]],[[0.900485,0.10503,-0.422014],[-0.14891,0.986204,-0.0722964],[0.408598,0.127944,0.903702]],[[0.900485,0.10503,-0.422014],[-0.431745,0.332346,-0.838536],[0.0521831,0.937291,0.344619]],[[0.900485,0.10503,-0.422014],[-0.389216,-0.238259,-0.8898],[-0.194004,0.965506,-0.173669]]],"btipPosition":[34.0898,133.596,89.0827],"carpPosition":[64.9667,120.292,152.037],"dipPosition":[31.5565,146.203,86.815],"direction":[-0.0521831,-0.937291,-0.344619],"extended":false,"handId":61,"id":611,"length":44.9446,"mcpPosition":[45.9367,167.718,122.854],"pipPosition":[32.5205,163.517,93.181],"stabilizedTipPosition":[34.1443,136.901,88.8424],"timeVisible":9.40905,"tipPosition":[31.6068,139.172,86.1673],"tipVelocity":[-7.25969,-8.8025,-1.52752],"tool":false,"touchDistance":0.309645,"touchZone":"hovering","type":1,"width":14.572},{"bases":[[[0.874378,-0.107908,-0.473096],[0.443294,0.574186,0.688332],[0.197368,-0.811582,0.549891]],[[0.884639,-0.15638,-0.439271],[-0.104929,0.851152,-0.514325],[0.454316,0.501084,0.736554]],[[0.884639,-0.15638,-0.439271],[-0.466276,-0.297855,-0.832988],[-0.000576107,0.941715,-0.33641]],[[0.884639,-0.15638,-0.439271],[-0.367377,-0.813905,-0.450103],[-0.287138,0.559557,-0.777463]]],"btipPosition":[50.3747,120.798,109.395],"carpPosition":[73.9889,122.467,148.739],"dipPosition":[46.2508,128.834,98.2295],"direction":[0.000576107,-0.941715,0.33641],"extended":false,"handId":61,"id":612,"length":51.2108,"mcpPosition":[62.9743,167.759,118.051],"pipPosition":[46.2382,149.3,90.9183],"stabilizedTipPosition":[49.8897,123.108,105.973],"timeVisible":9.40905,"tipPosition":[46.5746,123.292,98.1004],"tipVelocity":[-1.55584,-7.31033,6.0975],"tool":false,"touchDistance":0.613789,"touchZone":"none","type":2,"width":14.3116},{"bases":[[[0.85797,-0.269139,-0.437553],[0.510697,0.538845,0.669951],[0.0554634,-0.798254,0.599762]],[[0.8531,-0.220788,-0.472729],[-0.0704181,0.849036,-0.52362],[0.516974,0.479989,0.708766]],[[0.8531,-0.220788,-0.472729],[-0.518325,-0.255033,-0.81627],[0.0596611,0.941388,-0.332009]],[[0.8531,-0.220788,-0.472729],[-0.440142,-0.791076,-0.424821],[-0.28017,0.570483,-0.772046]]],"btipPosition":[65.0342,117.888,108.048],"carpPosition":[82.7288,122.358,144.248],"dipPosition":[61.0335,126.034,97.0235],"direction":[-0.0596611,-0.941388,0.332009],"extended":false,"handId":61,"id":613,"length":49.2406,"mcpPosition":[79.9498,162.355,114.197],"pipPosition":[62.2966,145.965,89.9943],"stabilizedTipPosition":[61.54,120.349,104.27],"timeVisible":9.40905,"tipPosition":[62.1714,119.29,104.659],"tipVelocity":[-2.14366,-6.64901,4.2136],"tool":false,"touchDistance":0.591872,"touchZone":"none","type":3,"width":13.6184},{"bases":[[[0.762368,-0.445028,-0.469836],[0.640806,0.41777,0.644077],[-0.0903489,-0.792098,0.603671]],[[0.767678,-0.341946,-0.541981],[0.0711631,0.885998,-0.458195],[0.636873,0.313177,0.704495]],[[0.767678,-0.341946,-0.541981],[-0.579121,-0.0080539,-0.815202],[0.27439,0.939685,-0.204211]],[[0.767678,-0.341946,-0.541981],[-0.621401,-0.603911,-0.499151],[-0.156626,0.719975,-0.676095]]],"btipPosition":[74.7972,122.262,101.728],"carpPosition":[89.8557,117.517,136.807],"dipPosition":[72.7339,131.747,92.8214],"direction":[-0.27439,-0.939685,0.204211],"extended":false,"handId":61,"id":614,"length":38.6037,"mcpPosition":[94.0463,154.256,108.807],"pipPosition":[76.8355,145.793,89.7688],"stabilizedTipPosition":[68.7003,125.957,97.6593],"timeVisible":9.40905,"tipPosition":[74.0626,123.905,99.8386],"tipVelocity":[-3.82657,-6.80838,0.55098],"tool":false,"touchDistance":0.494657,"touchZone":"none","type":4,"width":12.0969}],"r":[[0.968921,-0.0850884,0.232276],[0.0993289,0.993783,-0.0502958],[-0.226552,0.0718043,0.971349]],"s":0.939431,"t":[38.5701,-15.0748,9.96888],"timestamp":17420203757},{"currentFrameRate":114.15,"devices":[],"gestures":[],"hands":[{"armBasis":[[0.933024,0.0631169,-0.354236],[0.3531,0.0286928,0.935145],[0.0691874,-0.997594,0.00448444]],"armWidth":48.9085,"confidence":1,"direction":[-0.122312,0.888044,-0.443191],"elbow":[95.228,-121.084,148.002],"grabAngle":3.14159,"grabStrength":1,"id":61,"palmNormal":[-0.332937,-0.457381,-0.824594],"palmPosition":[66.4519,148.159,123.213],"palmVelocity":[-8.20579,-7.52826,-4.68467],"palmWidth":72.7825,"pinchDistance":5.92075,"pinchStrength":1,"r":[[0.969049,-0.0843038,0.232028],[0.098726,0.993794,-0.0512422],[-0.226268,0.0725634,0.971359]],"s":0.93999,"sphereCenter":[51.7008,145.237,96.4524],"sphereRadius":26.7479,"stabilizedPalmPosition":[58.443,150.559,123.114],"t":[38.5119,-15.1312,9.93951],"timeVisible":9.4178,"type":"right","wrist":[80.2855,94.3677,147.033]}],"id":40214,"interactionBox":{"center":[0,200,0],"size":[235.247,235.247,147.751]},"pointables":[{"bases":[[[0.650156,0.56359,0.509573],[-0.55584,-0.104443,0.824702],[0.518015,-0.819426,0.245361]],[[0.434973,0.808884,0.395607],[-0.849496,0.222948,0.478174],[0.298587,-0.544059,0.784121]],[[0.434973,0.808884,0.395607],[-0.882994,0.297097,0.363395],[0.176411,-0.507385,0.843469]],[[0.434973,0.808884,0.395607],[-0.900443,0.391071,0.190434],[-0.000671423,-0.439055,0.89846]]],"btipPosition":[38.2171,148.578,75.8102],"carpPosition":[54.7243,105.78,145.169],"dipPosition":[38.2051,140.725,91.8805],"direction":[-0.176411,0.507385,-0.843469],"extended":false,"handId":61,"id":610,"length":39.8308,"mcpPosition":[54.7243,105.78,145.169],"pipPosition":[42.802,127.503,113.86],"stabilizedTipPosition":[37.9589,147.76,79.5767],"timeVisible":9.4178,"tipPosition":[39.0681,145.339,78.8999],"tipVelocity":[-3.42789,-5.2993,-2.04536],"tool":false,"touchDistance":0.314642,"touchZone":"hovering","type":0,"width":15.2554},{"bases":[[[0.901173,0.10307,-0.421027],[0.28808,0.583347,0.759418],[0.323878,-0.805657,0.496004]],[[0.90083,0.103923,-0.421552],[-0.147857,0.986325,-0.0728083],[0.408221,0.127917,0.903877]],[[0.90083,0.103923,-0.421552],[-0.43094,0.332274,-0.838978],[0.0528818,0.93744,0.344107]],[[0.90083,0.103923,-0.421552],[-0.388996,-0.238065,-0.889948],[-0.192842,0.965674,-0.17403]]],"btipPosition":[33.9946,133.517,89.0528],"carpPosition":[64.9167,120.233,152.004],"dipPosition":[31.4764,146.127,86.7803],"direction":[-0.0528818,-0.93744,-0.344107],"extended":false,"handId":61,"id":611,"length":44.9446,"mcpPosition":[45.8571,167.644,122.815],"pipPosition":[32.4533,163.444,93.1369],"stabilizedTipPosition":[34.08,136.858,88.8148],"timeVisible":9.4178,"tipPosition":[31.5267,139.079,86.1445],"tipVelocity":[-10.4932,-8.87351,-3.54916],"tool":false,"touchDistance":0.309128,"touchZone":"hovering","type":1,"width":14.572},{"bases":[[[0.874242,-0.107691,-0.473397],[0.443328,0.574544,0.688011],[0.197894,-0.811358,0.550033]],[[0.884535,-0.15615,-0.439562],[-0.105608,0.850808,-0.514755],[0.454362,0.50174,0.736079]],[[0.884535,-0.15615,-0.439562],[-0.466471,-0.2993,-0.83236],[-0.00158808,0.941295,-0.337581]],[[0.884535,-0.15615,-0.439562],[-0.366949,-0.814707,-0.448999],[-0.288004,0.558452,-0.777936]]],"btipPosition":[50.326,120.73,109.4],"carpPosition":[73.9369,122.411,148.702],"dipPosition":[46.1897,128.751,98.2276],"direction":[0.00158808,-0.941295,0.337581],"extended":false,"handId":61,"id":612,"length":51.2108,"mcpPosition":[62.8929,167.691,118.007],"pipPosition":[46.1552,149.208,90.891],"stabilizedTipPosition":[49.8615,123.079,106.02],"timeVisible":9.4178,"tipPosition":[46.5099,123.21,98.0943],"tipVelocity":[-5.88974,-8.16894,0.382707],"tool":false,"touchDistance":0.613844,"touchZone":"none","type":2,"width":14.3116},{"bases":[[[0.85791,-0.268919,-0.437804],[0.510738,0.539225,0.669614],[0.056003,-0.798072,0.599954]],[[0.853008,-0.220579,-0.472992],[-0.0709488,0.848869,-0.523821],[0.517052,0.480382,0.708442]],[[0.853008,-0.220579,-0.472992],[-0.518579,-0.256204,-0.815742],[0.0587536,0.941119,-0.332932]],[[0.853008,-0.220579,-0.472992],[-0.439972,-0.791402,-0.42439],[-0.280715,0.570111,-0.772122]]],"btipPosition":[64.9778,117.822,108.03],"carpPosition":[82.6751,122.304,144.208],"dipPosition":[60.9693,125.963,97.0043],"direction":[-0.0587536,-0.941119,0.332932],"extended":false,"handId":61,"id":613,"length":49.2406,"mcpPosition":[79.869,162.292,114.147],"pipPosition":[62.2132,145.888,89.9555],"stabilizedTipPosition":[61.5588,120.344,104.279],"timeVisible":9.4178,"tipPosition":[62.1063,119.218,104.629],"tipVelocity":[-6.6542,-7.61606,-2.10239],"tool":false,"touchDistance":0.591566,"touchZone":"none","type":3,"width":13.6184},{"bases":[[[0.762365,-0.444854,-0.470005],[0.640885,0.418193,0.643724],[-0.0898104,-0.791972,0.603916]],[[0.767607,-0.341746,-0.542207],[0.0708764,0.886055,-0.458129],[0.636989,0.313234,0.704364]],[[0.767607,-0.341746,-0.542207],[-0.579429,-0.00844513,-0.814979],[0.273937,0.939754,-0.2045]],[[0.767607,-0.341746,-0.542207],[-0.621409,-0.603988,-0.499048],[-0.156939,0.720005,-0.67599]]],"btipPosition":[74.7254,122.2,101.681],"carpPosition":[89.8011,117.464,136.765],"dipPosition":[72.6579,131.685,92.7763],"direction":[-0.273937,-0.939754,0.2045],"extended":false,"handId":61,"id":614,"length":38.6037,"mcpPosition":[93.9667,154.197,108.754],"pipPosition":[76.7528,145.733,89.7194],"stabilizedTipPosition":[68.7348,125.948,97.6715],"timeVisible":9.4178,"tipPosition":[73.9918,123.836,99.8012],"tipVelocity":[-8.32317,-7.06184,-5.27895],"tool":false,"touchDistance":0.493888,"touchZone":"none","type":4,"width":12.0969}],"r":[[0.969049,-0.0843038,0.232028],[0.098726,0.993794,-0.0512422],[-0.226268,0.0725634,0.971359]],"s":0.93999,"t":[38.5119,-15.1312,9.93951],"timestamp":17420212501},{"currentFrameRate":114.112,"devices":[],"gestures":[],"hands":[{"armBasis":[[0.932963,0.0612625,-0.35472],[0.353406,0.03146,0.934941],[0.0684363,-0.997626,0.00770053]],"armWidth":48.9085,"confidence":1,"direction":[-0.122729,0.887821,-0.443522],"elbow":[95.0336,-121.081,148.763],"grabAngle":3.14159,"grabStrength":1,"id":61,"palmNormal":[-0.332994,-0.457832,-0.824321],"palmPosition":[66.4054,148.151,123.237],"palmVelocity":[-5.26781,-0.930857,2.72767],"palmWidth":72.7825,"pinchDistance":5.99085,"pinchStrength":1,"r":[[0.969169,-0.0835913,0.231785],[0.098173,0.993805,-0.0520855],[-0.225996,0.0732347,0.971372]],"s":0.940524,"sphereCenter":[51.6202,145.217,96.4999],"sphereRadius":26.7462,"stabilizedPalmPosition":[58.4755,150.549,123.115],"t":[38.4595,-15.1634,9.93687],"timeVisible":9.42662,"type":"right","wrist":[80.2532,94.3786,147.099]}],"id":40215,"interactionBox":{"center":[0,200,0],"size":[235.247,235.247,147.751]},"pointables":[{"bases":[[[0.650095,0.564019,0.509175],[-0.555592,-0.104295,0.824888],[0.518357,-0.819149,0.245563]],[[0.435576,0.808559,0.395608],[-0.849339,0.223598,0.47815],[0.298156,-0.544276,0.784135]],[[0.435576,0.808559,0.395608],[-0.882784,0.297789,0.363339],[0.175973,-0.507498,0.843493]],[[0.435576,0.808559,0.395608],[-0.900151,0.391802,0.190314],[-0.00111984,-0.439003,0.898485]]],"btipPosition":[38.2273,148.585,75.8529],"carpPosition":[54.6979,105.776,145.213],"dipPosition":[38.2073,140.733,91.9238],"direction":[-0.175973,0.507498,-0.843493],"extended":false,"handId":61,"id":610,"length":39.8308,"mcpPosition":[54.6979,105.776,145.213],"pipPosition":[42.7929,127.509,113.904],"stabilizedTipPosition":[37.9611,147.751,79.5764],"timeVisible":9.42662,"tipPosition":[39.007,145.311,78.9355],"tipVelocity":[0.951852,0.862195,4.85783],"tool":false,"touchDistance":0.315357,"touchZone":"hovering","type":0,"width":15.2554},{"bases":[[[0.901029,0.103205,-0.421301],[0.288077,0.583755,0.759106],[0.32428,-0.805344,0.49625]],[[0.901171,0.102854,-0.421085],[-0.146752,0.986468,-0.0731131],[0.407867,0.127683,0.90407]],[[0.901171,0.102854,-0.421085],[-0.43013,0.332449,-0.839325],[0.0536612,0.937496,0.343834]],[[0.901171,0.102854,-0.421085],[-0.388779,-0.237791,-0.890116],[-0.191682,0.965855,-0.174303]]],"btipPosition":[33.9234,133.506,89.0765],"carpPosition":[64.8871,120.236,152.04],"dipPosition":[31.4204,146.118,86.8004],"direction":[-0.0536612,-0.937496,-0.343834],"extended":false,"handId":61,"id":611,"length":44.9446,"mcpPosition":[45.8039,167.629,122.837],"pipPosition":[32.4117,163.437,93.1519],"stabilizedTipPosition":[34.0168,136.819,88.7922],"timeVisible":9.42662,"tipPosition":[31.4777,139.038,86.1863],"tipVelocity":[-7.66633,-1.19556,2.59037],"tool":false,"touchDistance":0.309509,"touchZone":"hovering","type":1,"width":14.572},{"bases":[[[0.874156,-0.107587,-0.473578],[0.443309,0.574976,0.687662],[0.198312,-0.811065,0.550314]],[[0.884475,-0.156028,-0.439726],[-0.106177,0.850398,-0.515314],[0.454346,0.502472,0.735589]],[[0.884475,-0.156028,-0.439726],[-0.46658,-0.301146,-0.831633],[-0.0026637,0.940726,-0.339156]],[[0.884475,-0.156028,-0.439726],[-0.366388,-0.815787,-0.447494],[-0.288902,0.556908,-0.77871]]],"btipPosition":[50.3084,120.726,109.481],"carpPosition":[73.9057,122.416,148.735],"dipPosition":[46.1591,128.724,98.2969],"direction":[0.0026637,-0.940726,0.339156],"extended":false,"handId":61,"id":612,"length":51.2108,"mcpPosition":[62.8384,167.679,118.024],"pipPosition":[46.1012,149.169,90.926],"stabilizedTipPosition":[49.8416,123.059,106.055],"timeVisible":9.42662,"tipPosition":[46.4742,123.183,98.1604],"tipVelocity":[-2.33433,-1.02641,8.81444],"tool":false,"touchDistance":0.615141,"touchZone":"none","type":2,"width":14.3116},{"bases":[[[0.857889,-0.268805,-0.437915],[0.510727,0.539673,0.669262],[0.0564294,-0.797808,0.600265]],[[0.852962,-0.220482,-0.473121],[-0.071373,0.84863,-0.524149],[0.517071,0.480847,0.708113]],[[0.852962,-0.220482,-0.473121],[-0.518764,-0.257712,-0.81515],[0.0577965,0.94073,-0.334197]],[[0.852962,-0.220482,-0.473121],[-0.43972,-0.791911,-0.423702],[-0.281251,0.569443,-0.77242]]],"btipPosition":[64.9514,117.817,108.087],"carpPosition":[82.6428,122.31,144.238],"dipPosition":[60.9353,125.948,97.0572],"direction":[-0.0577965,-0.94073,0.334197],"extended":false,"handId":61,"id":613,"length":49.2406,"mcpPosition":[79.8154,162.285,114.162],"pipPosition":[62.1589,145.865,89.9816],"stabilizedTipPosition":[61.5729,120.34,104.286],"timeVisible":9.42662,"tipPosition":[62.0681,119.202,104.667],"tipVelocity":[-3.18682,-0.868125,6.36196],"tool":false,"touchDistance":0.592502,"touchZone":"none","type":3,"width":13.6184},{"bases":[[[0.762396,-0.444786,-0.470019],[0.640908,0.418675,0.643388],[-0.0893849,-0.791756,0.604263]],[[0.767584,-0.341671,-0.542288],[0.0706468,0.886016,-0.458241],[0.637043,0.313428,0.70423]],[[0.767584,-0.341671,-0.542288],[-0.579698,-0.00913731,-0.81478],[0.273432,0.939775,-0.20508]],[[0.767584,-0.341671,-0.542288],[-0.621337,-0.604348,-0.498703],[-0.157338,0.719739,-0.67618]]],"btipPosition":[74.6844,122.193,101.711],"carpPosition":[89.7685,117.469,136.796],"dipPosition":[72.6117,131.675,92.8032],"direction":[-0.273432,-0.939775,0.20508],"extended":false,"handId":61,"id":614,"length":38.6037,"mcpPosition":[93.9144,154.193,108.769],"pipPosition":[76.699,145.723,89.7376],"stabilizedTipPosition":[68.7659,125.939,97.6829],"timeVisible":9.42662,"tipPosition":[73.9477,123.821,99.8332],"tipVelocity":[-4.77254,-0.86203,3.25895],"tool":false,"touchDistance":0.494368,"touchZone":"none","type":4,"width":12.0969}],"r":[[0.969169,-0.0835913,0.231785],[0.098173,0.993805,-0.0520855],[-0.225996,0.0732347,0.971372]],"s":0.940524,"t":[38.4595,-15.1634,9.93687],"timestamp":17420221330},{"currentFrameRate":114.242,"devices":[],"gestures":[],"hands":[{"armBasis":[[0.933184,0.0594465,-0.354448],[0.352966,0.0341586,0.935012],[0.0676906,-0.997647,0.0108937]],"armWidth":48.9085,"confidence":1,"direction":[-0.124229,0.887044,-0.444657],"elbow":[94.8432,-121.11,149.52],"grabAngle":3.14159,"grabStrength":1,"id":61,"palmNormal":[-0.331762,-0.45947,-0.823906],"palmPosition":[66.3076,148.069,123.216],"palmVelocity":[-11.4612,-9.6134,-2.4161],"palmWidth":72.7825,"pinchDistance":6.07414,"pinchStrength":1,"r":[[0.969276,-0.082595,0.231695],[0.0973557,0.993838,-0.052994],[-0.22589,0.0739226,0.971344]],"s":0.941113,"sphereCenter":[51.5038,145.08,96.4981],"sphereRadius":26.7461,"stabilizedPalmPosition":[58.508,150.539,123.115],"t":[38.3844,-15.2206,9.92524],"timeVisible":9.43515,"type":"right","wrist":[80.2239,94.3538,147.167]}],"id":40216,"interactionBox":{"center":[0,200,0],"size":[235.247,235.247,147.751]},"pointables":[{"bases":[[[0.648796,0.565879,0.508768],[-0.55575,-0.10435,0.824774],[0.519812,-0.817858,0.246785]],[[0.434691,0.809194,0.395283],[-0.849878,0.223397,0.477285],[0.297911,-0.543414,0.784825]],[[0.434691,0.809194,0.395283],[-0.883275,0.297446,0.362425],[0.175697,-0.506686,0.844038]],[[0.434691,0.809194,0.395283],[-0.900578,0.391297,0.189329],[-0.00146891,-0.438283,0.898836]]],"btipPosition":[38.2241,148.439,75.8309],"carpPosition":[54.6714,105.699,145.239],"dipPosition":[38.1978,140.6,91.908],"direction":[-0.175697,0.506686,-0.844038],"extended":false,"handId":61,"id":610,"length":39.8308,"mcpPosition":[54.6714,105.699,145.239],"pipPosition":[42.7761,127.397,113.902],"stabilizedTipPosition":[37.9633,147.742,79.576],"timeVisible":9.43515,"tipPosition":[38.9299,145.131,78.91],"tipVelocity":[-0.5513,-16.7531,-2.41481],"tool":false,"touchDistance":0.315013,"touchZone":"hovering","type":0,"width":15.2554},{"bases":[[[0.901014,0.104411,-0.421038],[0.286633,0.585229,0.758518],[0.3256,-0.804118,0.497371]],[[0.901731,0.102634,-0.419938],[-0.146765,0.986394,-0.0740722],[0.406622,0.128426,0.904525]],[[0.901731,0.102634,-0.419938],[-0.429014,0.331969,-0.840086],[0.0531854,0.93769,0.343378]],[[0.901731,0.102634,-0.419938],[-0.387628,-0.23808,-0.89054],[-0.191378,0.965808,-0.1749]]],"btipPosition":[33.8344,133.357,89.0245],"carpPosition":[64.8301,120.186,152.053],"dipPosition":[31.3354,145.969,86.7406],"direction":[-0.0531854,-0.93769,-0.343378],"extended":false,"handId":61,"id":611,"length":44.9446,"mcpPosition":[45.6692,167.507,122.784],"pipPosition":[32.3179,163.29,93.0837],"stabilizedTipPosition":[33.9551,136.774,88.7684],"timeVisible":9.43515,"tipPosition":[31.4205,138.835,86.1707],"tipVelocity":[-10.3274,-17.5083,-6.30719],"tool":false,"touchDistance":0.308613,"touchZone":"hovering","type":1,"width":14.572},{"bases":[[[0.874566,-0.106496,-0.473068],[0.441913,0.576659,0.687152],[0.19962,-0.810014,0.551388]],[[0.884962,-0.154876,-0.439154],[-0.107744,0.849378,-0.516671],[0.453027,0.50455,0.73498]],[[0.884962,-0.154876,-0.439154],[-0.465637,-0.304461,-0.830955],[-0.00501002,0.939849,-0.341552]],[[0.884962,-0.154876,-0.439154],[-0.364154,-0.817953,-0.445359],[-0.290232,0.554045,-0.780256]]],"btipPosition":[50.2943,120.614,109.532],"carpPosition":[73.8459,122.379,148.749],"dipPosition":[46.126,128.572,98.3254],"direction":[0.00501002,-0.939849,0.341552],"extended":false,"handId":61,"id":612,"length":51.2108,"mcpPosition":[62.7057,167.584,117.978],"pipPosition":[46.0171,148.997,90.9025],"stabilizedTipPosition":[49.82,123.033,106.093],"timeVisible":9.43515,"tipPosition":[46.4447,123.031,98.191],"tipVelocity":[-2.16316,-14.1939,5.35413],"tool":false,"touchDistance":0.615903,"touchZone":"none","type":2,"width":14.3116},{"bases":[[[0.858591,-0.267701,-0.437216],[0.509405,0.541461,0.668824],[0.0576904,-0.796967,0.601262]],[[0.853586,-0.21943,-0.472484],[-0.072764,0.847853,-0.525214],[0.515845,0.482696,0.707749]],[[0.853586,-0.21943,-0.472484],[-0.517978,-0.260727,-0.81469],[0.0555784,0.940144,-0.336213]],[[0.853586,-0.21943,-0.472484],[-0.437871,-0.793573,-0.422505],[-0.28224,0.567531,-0.773466]]],"btipPosition":[64.9335,117.726,108.125],"carpPosition":[82.5852,122.285,144.256],"dipPosition":[60.9033,125.83,97.0802],"direction":[-0.0555784,-0.940144,0.336213],"extended":false,"handId":61,"id":613,"length":49.2406,"mcpPosition":[79.6946,162.217,114.13],"pipPosition":[62.08,145.735,89.962],"stabilizedTipPosition":[61.587,120.336,104.294],"timeVisible":9.43515,"tipPosition":[62.0374,119.09,104.682],"tipVelocity":[-2.47579,-11.3973,4.0522],"tool":false,"touchDistance":0.593078,"touchZone":"none","type":3,"width":13.6184},{"bases":[[[0.763447,-0.443903,-0.469147],[0.639828,0.420681,0.643154],[-0.0881369,-0.791188,0.605189]],[[0.768469,-0.340822,-0.541568],[0.0693962,0.885747,-0.458951],[0.636112,0.315107,0.704321]],[[0.768469,-0.340822,-0.541568],[-0.579377,-0.0113435,-0.814981],[0.27162,0.94006,-0.206181]],[[0.768469,-0.340822,-0.541568],[-0.619967,-0.606098,-0.498284],[-0.158417,0.71867,-0.677066]]],"btipPosition":[74.6478,122.111,101.72],"carpPosition":[89.7234,117.449,136.822],"dipPosition":[72.5609,131.578,92.8011],"direction":[-0.27162,-0.94006,0.206181],"extended":false,"handId":61,"id":614,"length":38.6037,"mcpPosition":[93.8113,154.146,108.753],"pipPosition":[76.6211,145.63,89.719],"stabilizedTipPosition":[68.7966,125.929,97.6941],"timeVisible":9.43515,"tipPosition":[73.9066,123.725,99.8454],"tipVelocity":[-4.67556,-10.0752,0.807585],"tool":false,"touchDistance":0.494482,"touchZone":"none","type":4,"width":12.0969}],"r":[[0.969276,-0.082595,0.231695],[0.0973557,0.993838,-0.052994],[-0.22589,0.0739226,0.971344]],"s":0.941113,"t":[38.3844,-15.2206,9.92524],"timestamp":17420229860},{"currentFrameRate":114.276,"devices":[],"gestures":[],"h