{"frames":56,"data":[{"currentFrameRate":114.549,"devices":[],"gestures":[],"hands":[{"armBasis":[[0.617369,-0.770585,-0.158286],[0.221712,-0.0226146,0.97485],[-0.754784,-0.636936,0.156886]],"armWidth":49.5828,"confidence":1,"direction":[-0.218006,-0.10636,-0.970135],"elbow":[-126.829,-48.1304,151.715],"grabAngle":0.415305,"grabStrength":0,"id":105,"palmNormal":[0.042867,-0.994128,0.0993574],"palmPosition":[33.4622,93.0177,60.0298],"palmVelocity":[1.68477,-4.75229,0.702141],"palmWidth":75.4445,"pinchDistance":68.0847,"pinchStrength":0,"r":[[-0.438146,-0.192328,0.878088],[0.767668,0.428159,0.476829],[-0.467668,0.883001,-0.0399524]],"s":1.50005,"sphereCenter":[20.4345,95.2459,24.7188],"sphereRadius":49.4216,"stabilizedPalmPosition":[33.3195,93.1934,59.9731],"t":[61.1845,-79.1531,-95.9947],"timeVisible":5.79305,"type":"right","wrist":[42.1446,94.4611,116.593]}],"id":70804,"interactionBox":{"center":[0,200,0],"size":[235.247,235.247,147.751]},"pointables":[{"bases":[[[0.311458,0.876439,-0.367217],[-0.718769,0.47006,0.512264],[0.621582,0.104396,0.776361]],[[0.280539,0.870251,-0.404922],[-0.400361,0.489506,0.774658],[0.872358,-0.055207,0.48574]],[[0.280539,0.870251,-0.404922],[-0.527436,0.492231,0.692473],[0.80194,0.0193046,0.597092]],[[0.280539,0.870251,-0.404922],[-0.47529,0.492461,0.729096],[0.833905,-0.0120845,0.551776]]],"btipPosition":[-46.6867,94.3776,63.6637],"carpPosition":[27.1879,92.3952,110.585],"dipPosition":[-30.9565,94.1497,74.0721],"direction":[-0.801941,-0.0193046,-0.597092],"extended":true,"handId":105,"id":1050,"length":42.0058,"mcpPosition":[27.1879,92.3952,110.585],"pipPosition":[-8.91835,94.6802,90.4808],"stabilizedTipPosition":[-44.526,92.5814,67.4869],"timeVisible":5.79305,"tipPosition":[-40.8551,88.9946,63.9979],"tipVelocity":[3.61715,17.578,-2.62369],"tool":false,"touchDistance":0.281926,"touchZone":"hovering","type":0,"width":15.3037},{"bases":[[[0.924561,0.00178533,-0.381031],[-0.0985568,0.96708,-0.234614],[0.368068,0.254468,0.8943]],[[0.936404,0.0103331,-0.350772],[-0.0600662,0.989535,-0.1312],[0.345746,0.143926,0.927225]],[[0.936404,0.0103331,-0.350772],[-0.147813,0.918183,-0.367546],[0.318276,0.396021,0.861318]],[[0.936404,0.0103331,-0.350772],[-0.240183,0.747636,-0.619155],[0.255852,0.664029,0.702571]]],"btipPosition":[-13.0695,70.3365,-14.2277],"carpPosition":[31.0789,107.702,98.8872],"dipPosition":[-9.54618,79.4809,-4.55263],"direction":[-0.318276,-0.396021,-0.861318],"extended":true,"handId":105,"id":1051,"length":47.3989,"mcpPosition":[8.62664,92.1797,44.3347],"pipPosition":[-3.34574,87.1959,12.227],"stabilizedTipPosition":[-12.3111,72.8399,-12.2671],"timeVisible":5.79305,"tipPosition":[-10.9051,74.6114,-13.3723],"tipVelocity":[-1.99733,-9.35079,6.39389],"tool":false,"touchDistance":0.318743,"touchZone":"hovering","type":1,"width":14.6181},{"bases":[[[0.968952,-0.128741,-0.211089],[0.0672748,0.958811,-0.275963],[0.237922,0.253194,0.937703]],[[0.977065,-0.119318,-0.176371],[0.0976987,0.987133,-0.126581],[0.189206,0.106447,0.976151]],[[0.977065,-0.119318,-0.176371],[0.0467783,0.928303,-0.368871],[0.207739,0.35216,0.912594]],[[0.977065,-0.119318,-0.176371],[-0.0445604,0.695359,-0.717279],[0.208226,0.708688,0.674095]]],"btipPosition":[11.0688,71.3734,-29.023],"carpPosition":[40.0979,108.961,94.2709],"dipPosition":[14.2226,82.1074,-18.8129],"direction":[-0.207739,-0.35216,-0.912594],"extended":true,"handId":105,"id":1052,"length":54.0072,"mcpPosition":[26.3345,94.3142,40.0265],"pipPosition":[18.984,90.1788,2.10352],"stabilizedTipPosition":[11.6834,73.9516,-26.8361],"timeVisible":5.79305,"tipPosition":[12.337,76.4985,-28.1291],"tipVelocity":[2.75021,0.430817,2.44285],"tool":false,"touchDistance":0.329452,"touchZone":"hovering","type":2,"width":14.3569},{"bases":[[[0.985556,-0.161989,-0.0493892],[0.14388,0.954745,-0.260307],[0.0893209,0.249441,0.964262]],[[0.98489,-0.163774,-0.0563057],[0.160475,0.985283,-0.0588641],[0.0651175,0.048939,0.996677]],[[0.98489,-0.163774,-0.0563057],[0.140617,0.946022,-0.292007],[0.10109,0.279677,0.954757]],[[0.98489,-0.163774,-0.0563057],[0.0987111,0.79801,-0.594505],[0.142297,0.579964,0.802118]]],"btipPosition":[38.4236,78.5034,-28.0835],"carpPosition":[49.8077,108.2,91.2874],"dipPosition":[40.5665,87.2372,-16.0042],"direction":[-0.10109,-0.279677,-0.954757],"extended":true,"handId":105,"id":1053,"length":51.9294,"mcpPosition":[45.1686,95.2442,41.2056],"pipPosition":[42.8236,93.4818,5.31348],"stabilizedTipPosition":[38.7539,80.6399,-25.3997],"timeVisible":5.79305,"tipPosition":[39.0887,82.2438,-25.954],"tipVelocity":[7.19871,-1.90165,2.55217],"tool":false,"touchDistance":0.334964,"touchZone":"hovering","type":3,"width":13.6615},{"bases":[[[0.951858,-0.28754,0.106239],[0.302741,0.936189,-0.1786],[-0.0481054,0.202165,0.978169]],[[0.9459,-0.272192,0.176592],[0.268151,0.962238,0.046827],[-0.182669,0.00305963,0.98317]],[[0.9459,-0.272192,0.176592],[0.301403,0.938641,-0.167656],[-0.120121,0.211811,0.9699]],[[0.9459,-0.272192,0.176592],[0.323363,0.835532,-0.444209],[-0.0266377,0.477281,0.878347]]],"btipPosition":[69.8858,82.6646,-10.9368],"carpPosition":[60.1033,102.441,91.6046],"dipPosition":[69.5158,89.2954,1.26597],"direction":[0.120121,-0.211811,-0.9699],"extended":true,"handId":105,"id":1054,"length":40.7117,"mcpPosition":[62.4162,92.7216,44.5757],"pipPosition":[67.6221,92.6344,16.5559],"stabilizedTipPosition":[69.6301,84.2533,-8.20966],"timeVisible":5.79305,"tipPosition":[67.8695,85.056,-8.54769],"tipVelocity":[7.58077,0.434473,2.66538],"tool":false,"touchDistance":0.33719,"touchZone":"hovering","type":4,"width":12.1352}],"r":[[-0.438146,-0.192328,0.878088],[0.767668,0.428159,0.476829],[-0.467668,0.883001,-0.0399524]],"s":1.50005,"t":[61.1845,-79.1531,-95.9947],"timestamp":17690130042},{"currentFrameRate":114.651,"devices":[],"gestures":[],"hands":[{"armBasis":[[0.617899,-0.76998,-0.15916],[0.221758,-0.0235434,0.974818],[-0.754337,-0.637633,0.156202]],"armWidth":49.5828,"confidence":1,"direction":[-0.217962,-0.105434,-0.970245],"elbow":[-126.697,-48.3432,151.55],"grabAngle":0.418116,"grabStrength":0,"id":105,"palmNormal":[0.0435592,-0.994208,0.0982521],"palmPosition":[33.4944,93.0177,60.0165],"palmVelocity":[3.76216,0.000627397,-1.56145],"palmWidth":75.4445,"pinchDistance":68.0637,"pinchStrength":0,"r":[[-0.438258,-0.193383,0.8778],[0.767584,0.42763,0.477439],[-0.467702,0.883027,-0.0389744]],"s":1.50031,"sphereCenter":[20.4316,94.8213,24.8142],"sphereRadius":49.3805,"stabilizedPalmPosition":[33.3437,93.1691,59.9791],"t":[61.2071,-79.1798,-95.995],"timeVisible":5.8016,"type":"right","wrist":[42.1775,94.4043,116.581]}],"id":70805,"interactionBox":{"center":[0,200,0],"size":[235.247,235.247,147.751]},"pointables":[{"bases":[[[0.310839,0.877062,-0.366253],[-0.719079,0.468992,0.512807],[0.621534,0.103964,0.776458]],[[0.281238,0.871196,-0.402396],[-0.399862,0.487571,0.776134],[0.872362,-0.0573757,0.485482]],[[0.281238,0.871196,-0.402396],[-0.527471,0.490634,0.693579],[0.801673,0.0171911,0.597516]],[[0.281238,0.871196,-0.402396],[-0.475391,0.490734,0.730194],[0.833612,-0.0140631,0.552172]]],"btipPosition":[-46.6398,94.5023,63.6414],"carpPosition":[27.222,92.3347,110.571],"dipPosition":[-30.9152,94.2371,74.0572],"direction":[-0.801673,-0.0171911,-0.597516],"extended":true,"handId":105,"id":1050,"length":42.0058,"mcpPosition":[27.222,92.3347,110.571],"pipPosition":[-8.88435,94.7095,90.4776],"stabilizedTipPosition":[-44.3983,92.7395,67.3637],"timeVisible":5.8016,"tipPosition":[-40.8456,89.0027,64.0062],"tipVelocity":[5.3362,13.5836,-2.40941],"tool":false,"touchDistance":0.281583,"touchZone":"hovering","type":0,"width":15.3037},{"bases":[[[0.924547,0.00284947,-0.381057],[-0.0992345,0.967271,-0.233537],[0.36792,0.25373,0.89457]],[[0.93599,0.0110741,-0.351854],[-0.061029,0.989475,-0.131205],[0.346697,0.14428,0.926814]],[[0.93599,0.0110741,-0.351854],[-0.149316,0.917629,-0.368324],[0.318792,0.397285,0.860544]],[[0.93599,0.0110741,-0.351854],[-0.242261,0.745437,-0.620994],[0.255408,0.666485,0.700404]]],"btipPosition":[-13.0742,70.266,-14.1821],"carpPosition":[31.1021,107.658,98.8902],"dipPosition":[-9.55694,79.4442,-4.53686],"direction":[-0.318792,-0.397285,-0.860544],"extended":true,"handId":105,"id":1051,"length":47.3989,"mcpPosition":[8.65889,92.1799,44.3211],"pipPosition":[-3.34644,87.1838,12.2277],"stabilizedTipPosition":[-12.3054,72.782,-12.2291],"timeVisible":5.8016,"tipPosition":[-10.8756,74.6407,-13.3911],"tipVelocity":[-0.707815,-7.33853,4.5335],"tool":false,"touchDistance":0.319389,"touchZone":"hovering","type":1,"width":14.6181},{"bases":[[[0.969034,-0.127835,-0.211261],[0.0666015,0.959163,-0.2749],[0.237775,0.252317,0.937976]],[[0.977094,-0.118506,-0.176759],[0.096997,0.987309,-0.125749],[0.189417,0.105723,0.976188]],[[0.977094,-0.118506,-0.176759],[0.0460419,0.928649,-0.368092],[0.207768,0.351522,0.912833]],[[0.977094,-0.118506,-0.176759],[-0.0457919,0.694062,-0.718458],[0.207823,0.710095,0.672737]]],"btipPosition":[11.0966,71.4121,-29.021],"carpPosition":[40.12,108.928,94.2751],"dipPosition":[14.2444,82.1674,-18.8315],"direction":[-0.207768,-0.351522,-0.912833],"extended":true,"handId":105,"id":1052,"length":54.0072,"mcpPosition":[26.3652,94.3315,40.0148],"pipPosition":[19.0064,90.2242,2.09038],"stabilizedTipPosition":[11.7001,73.9435,-26.8167],"timeVisible":5.8016,"tipPosition":[12.376,76.5725,-28.155],"tipVelocity":[3.09436,5.10086,-0.326316],"tool":false,"touchDistance":0.329406,"touchZone":"hovering","type":2,"width":14.3569},{"bases":[[[0.985666,-0.161251,-0.0495988],[0.14321,0.955133,-0.259251],[0.0891778,0.248431,0.964536]],[[0.985048,-0.162909,-0.0560501],[0.159684,0.985469,-0.0579019],[0.0646684,0.0480858,0.996748]],[[0.985048,-0.162909,-0.0560501],[0.139916,0.946294,-0.291463],[0.100522,0.279262,0.954939]],[[0.985048,-0.162909,-0.0560501],[0.097944,0.797193,-0.595726],[0.141732,0.581329,0.801229]]],"btipPosition":[38.491,78.5518,-28.0879],"carpPosition":[49.8303,108.176,91.2904],"dipPosition":[40.6254,87.3062,-16.022],"direction":[-0.100522,-0.279262,-0.954939],"extended":true,"handId":105,"id":1053,"length":51.9294,"mcpPosition":[45.1986,95.2732,41.1944],"pipPosition":[42.8698,93.5416,5.29971],"stabilizedTipPosition":[38.8028,80.624,-25.3811],"timeVisible":5.8016,"tipPosition":[39.1252,82.3365,-25.9769],"tipVelocity":[7.65637,6.22339,-0.879189],"tool":false,"touchDistance":0.334688,"touchZone":"hovering","type":3,"width":13.6615},{"bases":[[[0.95206,-0.286998,0.105891],[0.302086,0.936597,-0.177569],[-0.0482153,0.201045,0.978395]],[[0.945997,-0.271549,0.177062],[0.26728,0.962423,0.0480025],[-0.183443,0.00191472,0.983028]],[[0.945997,-0.271549,0.177062],[0.300664,0.939168,-0.166025],[-0.121207,0.210295,0.970095]],[[0.945997,-0.271549,0.177062],[0.323035,0.83541,-0.444677],[-0.0271675,0.47786,0.878016]]],"btipPosition":[69.9643,82.7503,-10.9458],"carpPosition":[60.1299,102.425,91.6009],"dipPosition":[69.5868,89.3891,1.25239],"direction":[0.121207,-0.210295,-0.970095],"extended":true,"handId":105,"id":1054,"length":40.7117,"mcpPosition":[62.448,92.7589,44.5612],"pipPosition":[67.6761,92.7043,16.5454],"stabilizedTipPosition":[69.6838,84.2585,-8.19457],"timeVisible":5.8016,"tipPosition":[67.9109,85.1534,-8.56958],"tipVelocity":[8.97592,10.246,-1.1746],"tool":false,"touchDistance":0.336653,"touchZone":"hovering","type":4,"width":12.1352}],"r":[[-0.438258,-0.193383,0.8778],[0.767584,0.42763,0.477439],[-0.467702,0.883027,-0.0389744]],"s":1.50031,"t":[61.2071,-79.1798,-95.995],"timestamp":17690138589},{"currentFrameRate":114.625,"devices":[],"gestures":[],"hands":[{"armBasis":[[0.618419,-0.769274,-0.160548],[0.222158,-0.0248259,0.974694],[-0.753793,-0.638437,0.155548]],"armWidth":49.5828,"confidence":1,"direction":[-0.218263,-0.104155,-0.970316],"elbow":[-126.525,-48.5617,151.386],"grabAngle":0.420646,"grabStrength":0,"id":105,"palmNormal":[0.0443511,-0.99432,0.0967551],"palmPosition":[33.5229,93.0566,60.0001],"palmVelocity":[3.25345,4.44084,-1.86269],"palmWidth":75.4445,"pinchDistance":68.0537,"pinchStrength":0,"r":[[-0.438248,-0.194554,0.877546],[0.767489,0.42718,0.477993],[-0.467866,0.882987,-0.0378925]],"s":1.50066,"sphereCenter":[20.408,94.4228,24.9164],"sphereRadius":49.3438,"stabilizedPalmPosition":[33.3676,93.1541,59.9819],"t":[61.2327,-79.1737,-96.0033],"timeVisible":5.81037,"type":"right","wrist":[42.2272,94.3656,116.563]}],"id":70806,"interactionBox":{"center":[0,200,0],"size":[235.247,235.247,147.751]},"pointables":[{"bases":[[[0.310031,0.877841,-0.365069],[-0.719233,0.467683,0.513786],[0.62176,0.10328,0.776369]],[[0.281775,0.872313,-0.399591],[-0.399044,0.485282,0.777988],[0.872564,-0.0597631,0.484831]],[[0.281775,0.872313,-0.399591],[-0.527111,0.488726,0.695199],[0.801721,0.0147394,0.597516]],[[0.281775,0.872313,-0.399591],[-0.474958,0.488672,0.731857],[0.833677,-0.0164295,0.552008]]],"btipPosition":[-46.6019,94.6721,63.6565],"carpPosition":[27.2709,92.2937,110.556],"dipPosition":[-30.8759,94.3622,74.0692],"direction":[-0.801721,-0.0147394,-0.597516],"extended":true,"handId":105,"id":1050,"length":42.0058,"mcpPosition":[27.2709,92.2937,110.556],"pipPosition":[-8.84379,94.7673,90.4896],"stabilizedTipPosition":[-44.2737,92.9035,67.248],"timeVisible":5.81037,"tipPosition":[-40.8393,89.0487,64.0382],"tipVelocity":[4.36492,18.1922,1.63819],"tool":false,"touchDistance":0.281822,"touchZone":"hovering","type":0,"width":15.3037},{"bases":[[[0.924395,0.00411755,-0.381414],[-0.100059,0.967542,-0.232058],[0.368079,0.252677,0.894803]],[[0.935486,0.0120413,-0.353159],[-0.0621748,0.989436,-0.13096],[0.347851,0.144469,0.926352]],[[0.935486,0.0120413,-0.353159],[-0.151012,0.917182,-0.368744],[0.319471,0.398286,0.859829]],[[0.935486,0.0120413,-0.353159],[-0.244489,0.743639,-0.622274],[0.25513,0.668473,0.698608]]],"btipPosition":[-13.1005,70.2561,-14.1353],"carpPosition":[31.1348,107.637,98.8966],"dipPosition":[-9.58712,79.4616,-4.51478],"direction":[-0.319471,-0.398286,-0.859829],"extended":true,"handId":105,"id":1051,"length":47.3989,"mcpPosition":[8.6819,92.2234,44.3133],"pipPosition":[-3.36339,87.2207,12.2359],"stabilizedTipPosition":[-12.3041,72.7412,-12.1985],"timeVisible":5.81037,"tipPosition":[-10.8753,74.733,-13.4034],"tipVelocity":[-3.10554,-0.417045,4.69052],"tool":false,"touchDistance":0.320074,"touchZone":"hovering","type":1,"width":14.6181},{"bases":[[[0.969048,-0.126786,-0.21183],[0.0657668,0.959622,-0.273498],[0.237952,0.251101,0.938257]],[[0.977075,-0.117551,-0.177499],[0.0961469,0.98752,-0.124742],[0.189947,0.104816,0.976183]],[[0.977075,-0.117551,-0.177499],[0.0450966,0.9291,-0.367068],[0.208064,0.350648,0.913102]],[[0.977075,-0.117551,-0.177499],[-0.0472476,0.693219,-0.719177],[0.207586,0.711076,0.671773]]],"btipPosition":[11.0925,71.5158,-29.024],"carpPosition":[40.15,108.921,94.2798],"dipPosition":[14.2367,82.286,-18.849],"direction":[-0.208064,-0.350648,-0.913102],"extended":true,"handId":105,"id":1052,"length":54.0072,"mcpPosition":[26.3848,94.3948,40.0033],"pipPosition":[19.0055,90.3227,2.07902],"stabilizedTipPosition":[11.7153,73.95,-26.7993],"timeVisible":5.81037,"tipPosition":[12.3802,76.7166,-28.182],"tipVelocity":[-0.561002,12.2171,-0.715561],"tool":false,"touchDistance":0.329301,"touchZone":"hovering","type":2,"width":14.3569},{"bases":[[[0.985769,-0.160429,-0.0502248],[0.142385,0.955627,-0.257885],[0.0893684,0.247063,0.964869]],[[0.985198,-0.161951,-0.0561778],[0.158794,0.98568,-0.0567471],[0.0645636,0.0469864,0.996807]],[[0.985198,-0.161951,-0.0561778],[0.139052,0.946695,-0.290574],[0.100242,0.278461,0.955202]],[[0.985198,-0.161951,-0.0561778],[0.0969743,0.796806,-0.596402],[0.141351,0.582127,0.800717]]],"btipPosition":[38.5262,78.6731,-28.1058],"carpPosition":[49.8597,108.181,91.2902],"dipPosition":[40.6548,87.4395,-16.0475],"direction":[-0.100242,-0.278461,-0.955202],"extended":true,"handId":105,"id":1053,"length":51.9294,"mcpPosition":[45.218,95.349,41.1768],"pipPosition":[42.893,93.657,5.28004],"stabilizedTipPosition":[38.8483,80.6379,-25.3707],"timeVisible":5.81037,"tipPosition":[39.1276,82.5008,-26.0087],"tipVelocity":[3.86194,14.147,-2.23647],"tool":false,"touchDistance":0.334258,"touchZone":"hovering","type":3,"width":13.6615},{"bases":[[[0.952319,-0.286433,0.105091],[0.301307,0.937089,-0.176293],[-0.0479833,0.199552,0.978712]],[[0.946164,-0.270894,0.17717],[0.266368,0.962609,0.0493148],[-0.183905,0.000532673,0.982944]],[[0.946164,-0.270894,0.17717],[0.299801,0.939775,-0.164144],[-0.122035,0.208423,0.970396]],[[0.946164,-0.270894,0.17717],[0.322511,0.835577,-0.444745],[-0.0275609,0.477941,0.87796]]],"btipPosition":[70.0186,82.902,-10.9753],"carpPosition":[60.1637,102.437,91.5881],"dipPosition":[69.6357,89.5419,1.22202],"direction":[0.122035,-0.208423,-0.970396],"extended":true,"handId":105,"id":1054,"length":40.7117,"mcpPosition":[62.4707,92.8428,44.5332],"pipPosition":[67.7119,92.8276,16.5197],"stabilizedTipPosition":[69.7367,84.2951,-8.18929],"timeVisible":5.81037,"tipPosition":[67.9251,85.3176,-8.60957],"tipVelocity":[6.05139,17.3276,-3.39431],"tool":false,"touchDistance":0.335875,"touchZone":"hovering","type":4,"width":12.1352}],"r":[[-0.438248,-0.194554,0.877546],[0.767489,0.42718,0.477993],[-0.467866,0.882987,-0.0378925]],"s":1.50066,"t":[61.2327,-79.1737,-96.0033],"timestamp":17690147357},{"currentFrameRate":114.64,"devices":[],"gestures":[],"hands":[{"armBasis":[[0.618973,-0.768552,-0.161864],[0.222493,-0.0260658,0.974586],[-0.753239,-0.639256,0.154864]],"armWidth":49.5828,"confidence":1,"direction":[-0.218495,-0.102918,-0.970396],"elbow":[-126.328,-48.7447,151.215],"grabAngle":0.421697,"grabStrength":0,"id":105,"palmNormal":[0.045166,-0.994424,0.0952968],"palmPosition":[33.5785,93.1324,59.9836],"palmVelocity":[6.38804,8.70693,-1.90045],"palmWidth":75.4445,"pinchDistance":68.0529,"pinchStrength":0,"r":[[-0.438153,-0.195815,0.877313],[0.767377,0.426802,0.47851],[-0.468139,0.882891,-0.0367404]],"s":1.5011,"sphereCenter":[20.435,94.2417,24.9702],"sphereRadius":49.3273,"stabilizedPalmPosition":[33.3946,93.1513,59.9822],"t":[61.2732,-79.1328,-96.0157],"timeVisible":5.81907,"type":"right","wrist":[42.3001,94.3661,116.546]}],"id":70807,"interactionBox":{"center":[0,200,0],"size":[235.247,235.247,147.751]},"pointables":[{"bases":[[[0.309221,0.878615,-0.363894],[-0.719435,0.46637,0.514697],[0.621929,0.102643,0.776317]],[[0.28234,0.873421,-0.396761],[-0.398356,0.482989,0.779766],[0.872695,-0.0621069,0.4843]],[[0.28234,0.873421,-0.396761],[-0.526643,0.486813,0.696893],[0.80183,0.0121907,0.597428]],[[0.28234,0.873421,-0.396761],[-0.474196,0.486594,0.733733],[0.83392,-0.0190196,0.551558]]],"btipPosition":[-46.5423,94.8854,63.6737],"carpPosition":[27.3435,92.2911,110.541],"dipPosition":[-30.8118,94.5266,74.0779],"direction":[-0.80183,-0.0121907,-0.597428],"extended":true,"handId":105,"id":1050,"length":42.0058,"mcpPosition":[27.3435,92.2911,110.541],"pipPosition":[-8.7767,94.8617,90.4959],"stabilizedTipPosition":[-44.1548,93.0708,67.144],"timeVisible":5.81907,"tipPosition":[-40.8068,89.1338,64.0659],"tipVelocity":[6.96622,23.2321,1.75498],"tool":false,"touchDistance":0.282077,"touchZone":"hovering","type":0,"width":15.3037},{"bases":[[[0.924268,0.00540022,-0.381706],[-0.100897,0.967799,-0.23062],[0.368169,0.251668,0.89505]],[[0.935103,0.0131003,-0.354133],[-0.0633288,0.989408,-0.130622],[0.348671,0.144572,0.926028]],[[0.935103,0.0131003,-0.354133],[-0.152431,0.917014,-0.368578],[0.319916,0.39864,0.8595]],[[0.935103,0.0131003,-0.354133],[-0.246179,0.742836,-0.622568],[0.254907,0.669346,0.697853]]],"btipPosition":[-13.0833,70.3125,-14.117],"carpPosition":[31.1915,107.654,98.9019],"dipPosition":[-9.57302,79.5301,-4.50684],"direction":[-0.319916,-0.39864,-0.8595],"extended":true,"handId":105,"id":1051,"length":47.3989,"mcpPosition":[8.73305,92.3023,44.3036],"pipPosition":[-3.34061,87.2961,12.2374],"stabilizedTipPosition":[-12.3012,72.7095,-12.1685],"timeVisible":5.81907,"tipPosition":[-10.8389,74.8638,-13.4218],"tipVelocity":[1.89314,6.80659,1.83267],"tool":false,"touchDistance":0.32034,"touchZone":"hovering","type":1,"width":14.6181},{"bases":[[[0.969079,-0.125714,-0.212327],[0.064922,0.960069,-0.272126],[0.238058,0.249927,0.938544]],[[0.977093,-0.116545,-0.178066],[0.0952298,0.987713,-0.123912],[0.190319,0.104116,0.976186]],[[0.977093,-0.116545,-0.178066],[0.0442494,0.929689,-0.365678],[0.208164,0.349422,0.913549]],[[0.977093,-0.116545,-0.178066],[-0.0482431,0.693635,-0.718709],[0.207275,0.710836,0.672123]]],"btipPosition":[11.1286,71.6738,-29.0519],"carpPosition":[40.2041,108.952,94.2841],"dipPosition":[14.268,82.4404,-18.8717],"direction":[-0.208164,-0.349422,-0.913549],"extended":true,"handId":105,"id":1052,"length":54.0072,"mcpPosition":[26.4329,94.4939,39.991],"pipPosition":[19.0391,90.4491,2.06666],"stabilizedTipPosition":[11.7333,73.9767,-26.7874],"timeVisible":5.81907,"tipPosition":[12.419,76.8982,-28.2123],"tipVelocity":[4.01622,18.0766,-3.06965],"tool":false,"touchDistance":0.328856,"touchZone":"hovering","type":2,"width":14.3569},{"bases":[[[0.985878,-0.159579,-0.0507756],[0.141548,0.956112,-0.256543],[0.089486,0.245733,0.965198]],[[0.985353,-0.160975,-0.0562682],[0.15788,0.985885,-0.055723],[0.064444,0.0460232,0.996859]],[[0.985353,-0.160975,-0.0562682],[0.138231,0.947229,-0.289223],[0.0998565,0.277209,0.955607]],[[0.985353,-0.160975,-0.0562682],[0.0962243,0.797291,-0.595876],[0.140783,0.581734,0.801103]]],"btipPosition":[38.5953,78.854,-28.1395],"carpPosition":[49.9134,108.224,91.2904],"dipPosition":[40.7154,87.6145,-16.0754],"direction":[-0.0998565,-0.277209,-0.955607],"extended":true,"handId":105,"id":1053,"length":51.9294,"mcpPosition":[45.2657,95.4613,41.1599],"pipPosition":[42.945,93.8039,5.26119],"stabilizedTipPosition":[38.8966,80.6855,-25.3694],"timeVisible":5.81907,"tipPosition":[39.1634,82.7011,-26.0405],"tipVelocity":[7.72072,20.6348,-3.71923],"tool":false,"touchDistance":0.33368,"touchZone":"hovering","type":3,"width":13.6615},{"bases":[[[0.952579,-0.285835,0.104368],[0.300511,0.937581,-0.175029],[-0.0478237,0.198093,0.979016]],[[0.946332,-0.270216,0.17731],[0.265473,0.9628,0.0504085],[-0.184335,-0.000632245,0.982863]],[[0.946332,-0.270216,0.17731],[0.298892,0.940427,-0.16205],[-0.122959,0.206349,0.970722]],[[0.946332,-0.270216,0.17731],[0.321952,0.83623,-0.44392],[-0.0283178,0.477182,0.878348]]],"btipPosition":[70.1066,83.0994,-11.0098],"carpPosition":[60.2221,102.488,91.5766],"dipPosition":[69.7132,89.7288,1.19301],"direction":[0.122959,-0.206349,-0.970722],"extended":true,"handId":105,"id":1054,"length":40.7117,"mcpPosition":[62.5214,92.9638,44.507],"pipPosition":[67.7748,92.9818,16.4959],"stabilizedTipPosition":[69.7943,84.3629,-8.19214],"timeVisible":5.81907,"tipPosition":[67.9709,85.5173,-8.64698],"tipVelocity":[9.84589,22.4219,-3.81333],"tool":false,"touchDistance":0.335123,"touchZone":"hovering","type":4,"width":12.1352}],"r":[[-0.438153,-0.195815,0.877313],[0.767377,0.426802,0.47851],[-0.468139,0.882891,-0.0367404]],"s":1.5011,"t":[61.2732,-79.1328,-96.0157],"timestamp":17690156055},{"currentFrameRate":114.662,"devices":[],"gestures":[],"hands":[{"armBasis":[[0.619192,-0.768167,-0.16285],[0.222672,-0.0271074,0.974517],[-0.753006,-0.639675,0.154264]],"armWidth":49.5828,"confidence":1,"direction":[-0.218631,-0.10188,-0.970475],"elbow":[-126.194,-48.6951,151.077],"grabAngle":0.422622,"grabStrength":0,"id":105,"palmNormal":[0.0455027,-0.994517,0.0941529],"palmPosition":[33.6515,93.3376,59.979],"palmVelocity":[8.40741,23.6312,-0.528205],"palmWidth":75.4445,"pinchDistance":68.052,"pinchStrength":0,"r":[[-0.438033,-0.197053,0.877096],[0.767277,0.426439,0.478994],[-0.468415,0.882791,-0.0356008]],"s":1.50155,"sphereCenter":[20.4858,94.1877,25.0336],"sphereRadius":49.3101,"stabilizedPalmPosition":[33.4267,93.1746,59.9818],"t":[61.33,-79.0097,-96.0242],"timeVisible":5.82775,"type":"right","wrist":[42.3825,94.5095,116.541]}],"id":70808,"interactionBox":{"center":[0,200,0],"size":[235.247,235.247,147.751]},"pointables":[{"bases":[[[0.308874,0.879129,-0.362944],[-0.719495,0.46555,0.515355],[0.622032,0.101956,0.776326]],[[0.283411,0.874275,-0.394108],[-0.397525,0.481089,0.781362],[0.872727,-0.0647789,0.483892]],[[0.283411,0.874275,-0.394108],[-0.526253,0.485338,0.698216],[0.801708,0.00951858,0.59764]],[[0.283411,0.874275,-0.394108],[-0.473334,0.484938,0.735384],[0.834046,-0.0218712,0.551261]]],"btipPosition":[-46.4606,95.2687,63.6859],"carpPosition":[27.4256,92.4365,110.536],"dipPosition":[-30.7277,94.8561,74.0845],"direction":[-0.801708,-0.00951858,-0.59764],"extended":true,"handId":105,"id":1050,"length":42.0058,"mcpPosition":[27.4256,92.4365,110.536],"pipPosition":[-8.69593,95.1177,90.5083],"stabilizedTipPosition":[-44.0381,93.2578,67.0492],"timeVisible":5.82775,"tipPosition":[-40.7592,89.3865,64.0958],"tipVelocity":[9.47519,42.7125,1.25183],"tool":false,"touchDistance":0.282258,"touchZone":"hovering","type":0,"width":15.3037},{"bases":[[[0.9242,0.00613392,-0.38186],[-0.101248,0.968029,-0.229497],[0.368244,0.250764,0.895273]],[[0.934846,0.0136653,-0.35479],[-0.063999,0.989377,-0.130526],[0.349237,0.144728,0.92579]],[[0.934846,0.0136653,-0.35479],[-0.153395,0.916734,-0.368875],[0.320207,0.399265,0.859101]],[[0.934846,0.0136653,-0.35479],[-0.24742,0.741755,-0.623364],[0.254649,0.670531,0.696808]]],"btipPosition":[-13.0345,70.4937,-14.0878],"carpPosition":[31.2666,107.814,98.9143],"dipPosition":[-9.52775,79.7276,-4.49205],"direction":[-0.320207,-0.399265,-0.859101],"extended":true,"handId":105,"id":1051,"length":47.3989,"mcpPosition":[8.80359,92.5174,44.3024],"pipPosition":[-3.28969,87.5058,12.2444],"stabilizedTipPosition":[-12.2933,72.6996,-12.1377],"timeVisible":5.82775,"tipPosition":[-10.7825,75.1217,-13.4291],"tipVelocity":[5.5287,21.3004,2.97946],"tool":false,"touchDistance":0.320771,"touchZone":"hovering","type":1,"width":14.6181},{"bases":[[[0.969082,-0.125159,-0.212639],[0.0645655,0.9604,-0.27104],[0.238141,0.248931,0.938788]],[[0.977076,-0.116056,-0.178478],[0.0947721,0.987809,-0.123497],[0.190634,0.103751,0.976163]],[[0.977076,-0.116056,-0.178478],[0.043818,0.930026,-0.364872],[0.208334,0.348687,0.913791]],[[0.977076,-0.116056,-0.178478],[-0.0488773,0.693665,-0.718637],[0.207206,0.710887,0.672091]]],"btipPosition":[11.1825,71.9298,-29.0578],"carpPosition":[40.278,109.12,94.2964],"dipPosition":[14.3209,82.6972,-18.8781],"direction":[-0.208334,-0.348687,-0.913791],"extended":true,"handId":105,"id":1052,"length":54.0072,"mcpPosition":[26.502,94.7197,39.9892],"pipPosition":[19.0959,90.689,2.06577],"stabilizedTipPosition":[11.7567,74.0355,-26.7777],"timeVisible":5.82775,"tipPosition":[12.4801,77.1889,-28.2271],"tipVelocity":[6.18777,29.5024,-0.69842],"tool":false,"touchDistance":0.328755,"touchZone":"hovering","type":2,"width":14.3569},{"bases":[[[0.985921,-0.159203,-0.0511294],[0.141196,0.95645,-0.255475],[0.0895752,0.244659,0.965463]],[[0.985429,-0.160507,-0.0562827],[0.157463,0.985997,-0.0549162],[0.064309,0.0452536,0.996903]],[[0.985429,-0.160507,-0.0562827],[0.13792,0.947692,-0.287852],[0.0995409,0.275895,0.95602]],[[0.985429,-0.160507,-0.0562827],[0.0959694,0.797884,-0.595122],[0.140428,0.581049,0.801662]]],"btipPosition":[38.6815,79.1518,-28.1626],"carpPosition":[49.987,108.399,91.3001],"dipPosition":[40.7963,87.902,-16.0902],"direction":[-0.0995409,-0.275895,-0.95602],"extended":true,"handId":105,"id":1053,"length":51.9294,"mcpPosition":[45.3347,95.6918,41.1559],"pipPosition":[43.0188,94.0621,5.25566],"stabilizedTipPosition":[38.9512,80.7819,-25.3728],"timeVisible":5.82775,"tipPosition":[39.2247,83.0034,-26.0568],"tipVelocity":[9.78841,34.0264,-2.44587],"tool":false,"touchDistance":0.333327,"touchZone":"hovering","type":3,"width":13.6615},{"bases":[[[0.952689,-0.285647,0.103875],[0.300179,0.937877,-0.174011],[-0.0477168,0.196959,0.97925]],[[0.946379,-0.269983,0.177414],[0.265057,0.962864,0.0513623],[-0.184692,-0.00158345,0.982795]],[[0.946379,-0.269983,0.177414],[0.29842,0.940931,-0.159982],[-0.123742,0.204347,0.971046]],[[0.946379,-0.269983,0.177414],[0.321763,0.83685,-0.442889],[-0.028896,0.476226,0.878848]]],"btipPosition":[70.2075,83.4036,-11.0297],"carpPosition":[60.2976,102.665,91.578],"dipPosition":[69.8061,90.0197,1.18004],"direction":[0.123742,-0.204347,-0.971046],"extended":true,"handId":105,"id":1054,"length":40.7117,"mcpPosition":[62.5917,93.196,44.4972],"pipPosition":[67.8554,93.2411,16.488],"stabilizedTipPosition":[69.8587,84.4757,-8.19802],"timeVisible":5.82775,"tipPosition":[68.0393,85.8098,-8.66514],"tipVelocity":[11.4084,34.6748,-2.10919],"tool":false,"touchDistance":0.33467,"touchZone":"hovering","type":4,"width":12.1352}],"r":[[-0.438033,-0.197053,0.877096],[0.767277,0.426439,0.478994],[-0.468415,0.882791,-0.0356008]],"s":1.50155,"t":[61.33,-79.0097,-96.0242],"timestamp":17690164738},{"currentFrameRate":114.747,"devices":[],"gestures":[],"hands":[{"armBasis":[[0.619905,-0.767379,-0.16385],[0.22332,-0.0276406,0.974353],[-0.752227,-0.640598,0.154236]],"armWidth":49.5828,"confidence":1,"direction":[-0.21914,-0.101345,-0.970416],"elbow":[-125.893,-48.6494,151.04],"grabAngle":0.422012,"grabStrength":0,"id":105,"palmNormal":[0.0466204,-0.994542,0.0933372],"palmPosition":[33.7429,93.6253,59.9537],"palmVelocity":[10.6676,33.5753,-2.95603],"palmWidth":75.4445,"pinchDistance":68.0434,"pinchStrength":0,"r":[[-0.437784,-0.198274,0.876945],[0.767167,0.426236,0.479351],[-0.468828,0.882616,-0.03449]],"s":1.50212,"sphereCenter":[20.587,94.6256,24.975],"sphereRadius":49.3303,"stabilizedPalmPosition":[33.4648,93.2289,59.9784],"t":[61.4041,-78.8044,-96.0411],"timeVisible":5.83632,"type":"right","wrist":[42.5087,94.7618,116.511]}],"id":70809,"interactionBox":{"center":[0,200,0],"size":[235.247,235.247,147.751]},"pointables":[{"bases":[[[0.307708,0.879744,-0.362444],[-0.719662,0.464376,0.51618],[0.622416,0.102005,0.776011]],[[0.283912,0.875249,-0.391577],[-0.396667,0.479009,0.783074],[0.872954,-0.0669989,0.483179]],[[0.283912,0.875249,-0.391577],[-0.525769,0.483618,0.699772],[0.801848,0.00720494,0.597484]],[[0.283912,0.875249,-0.391577],[-0.472479,0.483062,0.737166],[0.83436,-0.0242787,0.550685]]],"btipPosition":[-46.3552,95.7107,63.7084],"carpPosition":[27.5501,92.6777,110.514],"dipPosition":[-30.6164,95.2527,74.0962],"direction":[-0.801848,-0.00720494,-0.597484],"extended":true,"handId":105,"id":1050,"length":42.0058,"mcpPosition":[27.5501,92.6777,110.514],"pipPosition":[-8.5808,95.4507,90.5157],"stabilizedTipPosition":[-43.9226,93.466,66.9648],"timeVisible":5.83632,"tipPosition":[-40.6923,89.6827,64.1445],"tipVelocity":[12.4514,50.3608,2.33895],"tool":false,"touchDistance":0.282592,"touchZone":"hovering","type":0,"width":15.3037},{"bases":[[[0.92395,0.00741927,-0.382442],[-0.102424,0.968102,-0.228667],[0.368546,0.250448,0.895237]],[[0.934323,0.0147336,-0.356122],[-0.0653844,0.989275,-0.130614],[0.350378,0.145321,0.925266]],[[0.934323,0.0147336,-0.356122],[-0.155153,0.916328,-0.369149],[0.320886,0.400158,0.858432]],[[0.934323,0.0147336,-0.356122],[-0.249305,0.741078,-0.623418],[0.254729,0.671257,0.69608]]],"btipPosition":[-13.006,70.7195,-14.0568],"carpPosition":[31.3674,108.068,98.9019],"dipPosition":[-9.49815,79.9633,-4.47105],"direction":[-0.320886,-0.400158,-0.858432],"extended":true,"handId":105,"id":1051,"length":47.3989,"mcpPosition":[8.88593,92.7911,44.2922],"pipPosition":[-3.24687,87.7589,12.2524],"stabilizedTipPosition":[-12.283,72.7156,-12.1064],"timeVisible":5.83632,"tipPosition":[-10.727,75.4051,-13.4313],"tipVelocity":[3.35358,26.6117,3.35134],"tool":false,"touchDistance":0.32125,"touchZone":"hovering","type":1,"width":14.6181},{"bases":[[[0.969079,-0.12396,-0.213353],[0.0633715,0.960682,-0.270321],[0.238473,0.248442,0.938833]],[[0.977023,-0.114951,-0.179477],[0.0936325,0.987971,-0.123066],[0.191464,0.103434,0.976034]],[[0.977023,-0.114951,-0.179477],[0.0427281,0.930632,-0.363452],[0.208806,0.347433,0.914161]],[[0.977023,-0.114951,-0.179477],[-0.0500081,0.69494,-0.717327],[0.207183,0.70982,0.673224]]],"btipPosition":[11.217,72.283,-29.0981],"carpPosition":[40.3745,109.388,94.2794],"dipPosition":[14.3551,83.0342,-18.9013],"direction":[-0.208806,-0.347433,-0.914161],"extended":true,"handId":105,"id":1052,"length":54.0072,"mcpPosition":[26.5792,95.0156,39.9696],"pipPosition":[19.1409,90.9972,2.05108],"stabilizedTipPosition":[11.7817,74.1344,-26.7743],"timeVisible":5.83632,"tipPosition":[12.5315,77.5185,-28.2488],"tipVelocity":[4.01954,40.7741,-4.24447],"tool":false,"touchDistance":0.328149,"touchZone":"hovering","type":2,"width":14.3569},{"bases":[[[0.986057,-0.158114,-0.0518815],[0.140016,0.956801,-0.254808],[0.0899288,0.243991,0.965599]],[[0.985605,-0.159305,-0.0566026],[0.156316,0.98624,-0.0538192],[0.0643973,0.0441966,0.996945]],[[0.985605,-0.159305,-0.0566026],[0.136882,0.948446,-0.285854],[0.0992224,0.273992,0.9566]],[[0.985605,-0.159305,-0.0566026],[0.0950832,0.799165,-0.593545],[0.139789,0.579619,0.802808]]],"btipPosition":[38.772,79.5689,-28.2252],"carpPosition":[50.0823,108.679,91.2763],"dipPosition":[40.8771,88.2976,-16.1355],"direction":[-0.0992224,-0.273992,-0.9566],"extended":true,"handId":105,"id":1053,"length":51.9294,"mcpPosition":[45.4116,96.0068,41.125],"pipPosition":[43.0925,94.4152,5.22328],"stabilizedTipPosition":[39.0104,80.9362,-25.3867],"timeVisible":5.83632,"tipPosition":[39.2723,83.3571,-26.0909],"tipVelocity":[10.3008,48.0981,-6.84186],"tool":false,"touchDistance":0.332349,"touchZone":"hovering","type":3,"width":13.6615},{"bases":[[[0.953058,-0.284715,0.103044],[0.29907,0.938333,-0.173459],[-0.0473035,0.196134,0.979435]],[[0.946669,-0.268917,0.177486],[0.263769,0.963159,0.0524477],[-0.185051,-0.00283551,0.982725]],[[0.946669,-0.268917,0.177486],[0.297032,0.941822,-0.157299],[-0.12486,0.201629,0.971471]],[[0.946669,-0.268917,0.177486],[0.320794,0.838171,-0.44109],[-0.0301465,0.474503,0.879738]]],"btipPosition":[70.3345,83.8368,-11.0905],"carpPosition":[60.3992,102.957,91.5432],"dipPosition":[69.9156,90.429,1.13153],"direction":[0.12486,-0.201629,-0.971471],"extended":true,"handId":105,"id":1054,"length":40.7117,"mcpPosition":[62.6734,93.5268,44.4534],"pipPosition":[67.9473,93.6076,16.4462],"stabilizedTipPosition":[69.932,84.6452,-8.21375],"timeVisible":5.83632,"tipPosition":[68.1066,86.1839,-8.71587],"tipVelocity":[14.3447,49.9124,-6.7715],"tool":false,"touchDistance":0.333665,"touchZone":"hovering","type":4,"width":12.1352}],"r":[[-0.437784,-0.198274,0.876945],[0.767167,0.426236,0.479351],[-0.468828,0.882616,-0.03449]],"s":1.50212,"t":[61.4041,-78.8044,-96.0411],"timestamp":17690173308},{"currentFrameRate":114.774,"devices":[],"gestures":[],"hands":[{"armBasis":[[0.622076,-0.765553,-0.164167],[0.224285,-0.0266506,0.974159],[-0.750145,-0.642821,0.155123]],"armWidth":49.5828,"confidence":1,"direction":[-0.219711,-0.102321,-0.970184],"elbow":[-125.247,-48.6787,151.245],"grabAngle":0.418392,"grabStrength":0,"id":105,"palmNormal":[0.0497139,-0.994367,0.093613],"palmPosition":[33.8748,94.0489,59.9681],"palmVelocity":[15.2154,48.8749,1.66727],"palmWidth":75.4445,"pinchDistance":68.0241,"pinchStrength":0,"r":[[-0.437304,-0.199459,0.876916],[0.766908,0.426568,0.47947],[-0.469699,0.882188,-0.033573]],"s":1.5028,"sphereCenter":[20.803,95.8349,24.7867],"sphereRadius":49.4093,"stabilizedPalmPosition":[33.514,93.3272,59.9771],"t":[61.5071,-78.4899,-96.0424],"timeVisible":5.84499,"type":"right","wrist":[42.6883,95.2302,116.517]}],"id":70810,"interactionBox":{"center":[0,200,0],"size":[235.247,235.247,147.751]},"pointables":[{"bases":[[[0.304717,0.880554,-0.363004],[-0.720596,0.462363,0.516683],[0.622808,0.104138,0.775414]],[[0.282627,0.876348,-0.390047],[-0.396811,0.477015,0.784217],[0.873305,-0.0668663,0.482562]],[[0.282627,0.876348,-0.390047],[-0.526237,0.481625,0.700794],[0.801995,0.00719347,0.597287]],[[0.282627,0.876348,-0.390047],[-0.472201,0.481051,0.738658],[0.834954,-0.0245845,0.549771]]],"btipPosition":[-46.2045,96.1325,63.777],"carpPosition":[27.7307,93.0989,110.534],"dipPosition":[-30.4545,95.6687,74.1475],"direction":[-0.801995,-0.00719347,-0.597287],"extended":true,"handId":105,"id":1050,"length":42.0058,"mcpPosition":[27.7307,93.0989,110.534],"pipPosition":[-8.41478,95.8664,90.5615],"stabilizedTipPosition":[-43.8025,93.6953,66.8929],"timeVisible":5.84499,"tipPosition":[-40.5748,89.9744,64.2567],"tipVelocity":[17.6949,48.5112,7.4505],"tool":false,"touchDistance":0.283668,"touchZone":"hovering","type":0,"width":15.3037},{"bases":[[[0.923576,0.0100912,-0.383282],[-0.10556,0.967713,-0.228884],[0.368598,0.251851,0.894822]],[[0.933781,0.0173203,-0.357424],[-0.0686204,0.988958,-0.131349],[0.351203,0.147178,0.92466]],[[0.933781,0.0173203,-0.357424],[-0.158393,0.915658,-0.369435],[0.32088,0.401585,0.857768]],[[0.933781,0.0173203,-0.357424],[-0.252162,0.740552,-0.622894],[0.253903,0.671776,0.695881]]],"btipPosition":[-12.9027,70.9636,-13.9828],"carpPosition":[31.4908,108.497,98.9139],"dipPosition":[-9.40625,80.2146,-4.39985],"direction":[-0.32088,-0.401585,-0.857768],"extended":true,"handId":105,"id":1051,"length":47.3989,"mcpPosition":[9.00626,93.1344,44.3295],"pipPosition":[-3.15508,88.038,12.3106],"stabilizedTipPosition":[-12.2626,72.7573,-12.07],"timeVisible":5.84499,"tipPosition":[-10.6097,75.6646,-13.3669],"tipVelocity":[11.6145,28.3523,8.45844],"tool":false,"touchDistance":0.322472,"touchZone":"hovering","type":1,"width":14.6181},{"bases":[[[0.969256,-0.121096,-0.214192],[0.0602196,0.960782,-0.270686],[0.238571,0.249465,0.938537]],[[0.977094,-0.112189,-0.180832],[0.0906233,0.988208,-0.12342],[0.192546,0.104205,0.975739]],[[0.977094,-0.112189,-0.180832],[0.0400015,0.931428,-0.36172],[0.209013,0.346201,0.914581]],[[0.977094,-0.112189,-0.180832],[-0.0520542,0.697934,-0.714267],[0.206341,0.70732,0.676108]]],"btipPosition":[11.2927,72.7146,-29.1195],"carpPosition":[40.4897,109.842,94.2827],"dipPosition":[14.418,83.4279,-18.8789],"direction":[-0.209013,-0.346201,-0.914581],"extended":true,"handId":105,"id":1052,"length":54.0072,"mcpPosition":[26.6888,95.4111,39.9901],"pipPosition":[19.2085,91.3627,2.08304],"stabilizedTipPosition":[11.8142,74.2818,-26.7729],"timeVisible":5.84499,"tipPosition":[12.6277,77.8296,-28.1991],"tipVelocity":[8.38537,48.796,-1.30424],"tool":false,"touchDistance":0.327961,"touchZone":"hovering","type":2,"width":14.3569},{"bases":[[[0.986484,-0.155146,-0.052725],[0.136889,0.957138,-0.255241],[0.0900647,0.244573,0.965439]],[[0.986056,-0.156278,-0.0571977],[0.153309,0.986752,-0.0530773],[0.0647348,0.0435683,0.996951]],[[0.986056,-0.156278,-0.0571977],[0.134102,0.949705,-0.28298],[0.0985445,0.271364,0.957419]],[[0.986056,-0.156278,-0.0571977],[0.0928408,0.801836,-0.590287],[0.138112,0.576746,0.805164]]],"btipPosition":[38.9078,80.1463,-28.2761],"carpPosition":[50.1969,109.162,91.2711],"dipPosition":[40.9877,88.8317,-16.1509],"direction":[-0.0985445,-0.271364,-0.957419],"extended":true,"handId":105,"id":1053,"length":51.9294,"mcpPosition":[45.5192,96.4596,41.1282],"pipPosition":[43.1879,94.8907,5.22619],"stabilizedTipPosition":[39.0831,81.1698,-25.4062],"timeVisible":5.84499,"tipPosition":[39.3576,83.7516,-26.0716],"tipVelocity":[14.9979,65.4701,-4.92597],"tool":false,"touchDistance":0.331638,"touchZone":"hovering","type":3,"width":13.6615},{"bases":[[[0.954008,-0.281797,0.102271],[0.296073,0.939178,-0.17403],[-0.0470096,0.196306,0.979415]],[[0.947539,-0.265815,0.177516],[0.260481,0.964015,0.0531418],[-0.185254,-0.00411433,0.982682]],[[0.947539,-0.265815,0.177516],[0.2935,0.943503,-0.15382],[-0.1266,0.197851,0.972022]],[[0.947539,-0.265815,0.177516],[0.317931,0.841119,-0.437538],[-0.0330082,0.471022,0.881504]]],"btipPosition":[70.5254,84.4873,-11.1343],"carpPosition":[60.5313,103.471,91.5304],"dipPosition":[70.0668,91.0311,1.11232],"direction":[0.1266,-0.197851,-0.972022],"extended":true,"handId":105,"id":1054,"length":40.7117,"mcpPosition":[62.7914,94.0329,44.4416],"pipPosition":[68.0711,94.1501,16.4357],"stabilizedTipPosition":[70.0261,84.905,-8.23377],"timeVisible":5.84499,"tipPosition":[68.2214,86.6822,-8.72593],"tipVelocity":[20.978,73.7689,-4.39671],"tool":false,"touchDistance":0.33303,"touchZone":"hovering","type":4,"width":12.1352}],"r":[[-0.437304,-0.1