{"frames":47,"data":[{"currentFrameRate":111.552,"devices":[],"gestures":[],"hands":[{"armBasis":[[0.86397,-0.459168,-0.206689],[0.0111774,-0.392881,0.919521],[-0.503419,-0.796749,-0.334305]],"armWidth":50.6296,"confidence":1,"direction":[0.0357946,0.279451,-0.959492],"elbow":[-37.7102,-90.3404,107.603],"grabAngle":2.79557,"grabStrength":0,"id":74,"palmNormal":[0.362248,-0.89844,-0.248156],"palmPosition":[77.9502,107.386,129.277],"palmVelocity":[-27.1757,-2.61558,-18.7153],"palmWidth":74.6866,"pinchDistance":37.8484,"pinchStrength":0.512151,"r":[[0.691038,-0.174282,0.701492],[0.559144,0.743915,-0.365989],[-0.458066,0.645148,0.611523]],"s":1.39136,"sphereCenter":[119.197,84.7745,112.085],"sphereRadius":47.6324,"stabilizedPalmPosition":[78.5521,107.612,130.097],"t":[62.1503,-69.3819,-33.2138],"timeVisible":7.77878,"type":"right","wrist":[73.8586,86.2368,181.693]}],"id":51047,"interactionBox":{"center":[0,200,0],"size":[235.247,235.247,147.751]},"pointables":[{"bases":[[[0.924182,0.380804,-0.0296043],[-0.376204,0.92093,0.101777],[0.0660206,-0.0829233,0.994367]],[[0.874654,0.316746,0.366949],[-0.294364,0.948494,-0.117088],[-0.385136,-0.00560544,0.922843]],[[0.874654,0.316746,0.366949],[-0.217568,0.932975,-0.286743],[-0.433179,0.170965,0.884945]],[[0.874654,0.316746,0.366949],[-0.173859,0.911608,-0.372483],[-0.452496,0.261996,0.852411]]],"btipPosition":[87.2626,100.924,45.5821],"carpPosition":[62.8892,102.746,167.333],"dipPosition":[80.9526,104.577,57.4689],"direction":[0.433179,-0.170965,-0.884944],"extended":true,"handId":74,"id":741,"length":47.9972,"mcpPosition":[58.9024,107.753,107.286],"pipPosition":[72.4071,107.95,74.9264],"stabilizedTipPosition":[86.6006,101.488,48.9131],"timeVisible":7.77878,"tipPosition":[82.9446,100.583,47.7048],"tipVelocity":[-64.5072,11.6967,-26.4273],"tool":false,"touchDistance":0.297138,"touchZone":"hovering","type":1,"width":15.1461},{"bases":[[[0.0577706,0.994408,0.088405],[-0.925552,0.020158,0.378083],[0.374187,-0.103666,0.921541]],[[-0.0230316,0.993735,-0.109364],[-0.995203,-0.0123859,0.0970415],[0.095079,0.111074,0.989253]],[[-0.0230316,0.993735,-0.109364],[-0.949784,-0.0558956,-0.307874],[-0.312058,0.0967813,0.945121]],[[-0.0230316,0.993735,-0.109364],[-0.733599,-0.0911176,-0.673446],[-0.679192,0.0647188,0.731102]]],"btipPosition":[79.9846,75.1485,90.0956],"carpPosition":[62.2228,83.6291,170.895],"dipPosition":[67.0111,76.3848,104.061],"direction":[0.312058,-0.0967813,-0.945121],"extended":false,"handId":74,"id":740,"length":42.5361,"mcpPosition":[62.2228,83.6291,170.895],"pipPosition":[58.3271,79.078,130.361],"stabilizedTipPosition":[77.9493,75.6322,93.6262],"timeVisible":7.77878,"tipPosition":[70.3191,75.5729,92.8103],"tipVelocity":[-74.2793,-3.6102,-17.1021],"tool":false,"touchDistance":0.388459,"touchZone":"hovering","type":0,"width":15.8565},{"bases":[[[0.975106,0.203487,0.0880966],[-0.213003,0.970007,0.117113],[-0.0616234,-0.132963,0.989203]],[[0.973158,0.199934,0.113974],[0.0358299,0.357578,-0.933196],[-0.227333,0.91223,0.340817]],[[0.973158,0.199934,0.113974],[0.230053,-0.858664,-0.458008],[0.00629408,0.471934,-0.881611]],[[0.973158,0.199934,0.113974],[0.173453,-0.962683,0.207737],[0.151255,-0.182392,-0.971522]]],"btipPosition":[81.5782,71.4515,132.004],"carpPosition":[71.5719,107.88,166.699],"dipPosition":[83.8981,68.654,117.103],"direction":[-0.00629408,-0.471934,0.881611],"extended":false,"handId":74,"id":742,"length":54.689,"mcpPosition":[75.1009,115.494,110.05],"pipPosition":[84.0442,79.6072,96.642],"stabilizedTipPosition":[83.2346,71.2486,128.948],"timeVisible":7.77878,"tipPosition":[82.6027,71.276,129.11],"tipVelocity":[-53.6085,-11.8413,-18.7168],"tool":false,"touchDistance":0.976283,"touchZone":"none","type":2,"width":14.8755},{"bases":[[[0.968674,0.107996,0.223625],[-0.144648,0.977334,0.154582],[-0.201862,-0.182087,0.962339]],[[0.979035,0.11872,0.165517],[0.114156,0.353184,-0.928563],[-0.168697,0.927991,0.332227]],[[0.979035,0.11872,0.165517],[0.17448,-0.908085,-0.380708],[0.105106,0.401606,-0.909761]],[[0.979035,0.11872,0.165517],[0.0620984,-0.947865,0.312562],[0.193995,-0.295731,-0.935366]]],"btipPosition":[92.4366,81.6794,140.241],"carpPosition":[81.2406,110.728,167.003],"dipPosition":[95.3949,77.1697,125.977],"direction":[-0.105106,-0.401606,0.909761],"extended":false,"handId":74,"id":743,"length":52.5849,"mcpPosition":[91.6196,120.09,117.523],"pipPosition":[97.7713,86.2499,105.408],"stabilizedTipPosition":[93.9354,81.0868,137.399],"timeVisible":7.77878,"tipPosition":[92.0215,80.0501,137.466],"tipVelocity":[-42.3121,-14.1473,-22.312],"tool":false,"touchDistance":1,"touchZone":"none","type":3,"width":14.155},{"bases":[[[0.949295,-0.0767827,0.304866],[-0.0094848,0.962281,0.271891],[-0.314244,-0.260997,0.91276]],[[0.983773,-0.0397385,0.174962],[0.172109,0.48451,-0.857688],[-0.0506874,0.873883,0.483487]],[[0.983773,-0.0397385,0.174962],[0.0527783,-0.867921,-0.49389],[0.171479,0.49511,-0.85174]],[[0.983773,-0.0397385,0.174962],[-0.0655995,-0.987312,0.144607],[0.166995,-0.153738,-0.973898]]],"btipPosition":[103.812,89.4451,138.525],"carpPosition":[92.4794,107.983,168.624],"dipPosition":[106.161,87.2823,124.824],"direction":[-0.171479,-0.49511,0.85174],"extended":false,"handId":74,"id":744,"length":41.2256,"mcpPosition":[107.436,120.406,125.181],"pipPosition":[108.899,95.1859,111.228],"stabilizedTipPosition":[105.093,89.5012,135.884],"timeVisible":7.77878,"tipPosition":[102.024,88.0155,135.826],"tipVelocity":[-37.3604,-20.6116,-27.1778],"tool":false,"touchDistance":1,"touchZone":"none","type":4,"width":12.5735}],"r":[[0.691038,-0.174282,0.701492],[0.559144,0.743915,-0.365989],[-0.458066,0.645148,0.611523]],"s":1.39136,"t":[62.1503,-69.3819,-33.2138],"timestamp":17515795754},{"currentFrameRate":111.69,"devices":[],"gestures":[],"hands":[{"armBasis":[[0.859412,-0.465682,-0.211071],[0.0121361,-0.394129,0.918975],[-0.511139,-0.79234,-0.333068]],"armWidth":50.6296,"confidence":1,"direction":[0.0337656,0.280384,-0.959294],"elbow":[-39.6381,-89.3501,107.725],"grabAngle":2.79383,"grabStrength":0,"id":74,"palmNormal":[0.354073,-0.900943,-0.250867],"palmPosition":[77.6685,107.433,129.133],"palmVelocity":[-32.3314,5.41182,-16.5541],"palmWidth":74.6866,"pinchDistance":38.2652,"pinchStrength":0.511999,"r":[[0.691307,-0.176702,0.700622],[0.561621,0.741473,-0.36715],[-0.454616,0.647297,0.611825]],"s":1.3926,"sphereCenter":[118.68,84.5395,111.718],"sphereRadius":47.6754,"stabilizedPalmPosition":[78.5253,107.606,130.068],"t":[61.9198,-69.3826,-33.3669],"timeVisible":7.78749,"type":"right","wrist":[73.6416,86.2499,181.54]}],"id":51048,"interactionBox":{"center":[0,200,0],"size":[235.247,235.247,147.751]},"pointables":[{"bases":[[[0.92701,0.373564,-0.0332111],[-0.368495,0.923728,0.104579],[0.0697451,-0.0847076,0.993962]],[[0.878587,0.309289,0.363902],[-0.288283,0.950947,-0.112216],[-0.380759,-0.00631474,0.924653]],[[0.878587,0.309289,0.363902],[-0.213298,0.935871,-0.280444],[-0.427303,0.168775,0.888216]],[[0.878587,0.309289,0.363902],[-0.169584,0.914353,-0.367696],[-0.446459,0.261341,0.855789]]],"btipPosition":[86.5341,101.226,45.3476],"carpPosition":[62.7393,102.863,167.249],"dipPosition":[80.3083,104.87,57.2814],"direction":[0.427303,-0.168775,-0.888216],"extended":true,"handId":74,"id":741,"length":47.9972,"mcpPosition":[58.5275,107.978,107.226],"pipPosition":[71.8788,108.199,74.8035],"stabilizedTipPosition":[86.3183,101.597,48.7585],"timeVisible":7.78749,"tipPosition":[82.2905,100.715,47.5389],"tipVelocity":[-81.3939,34.4381,-25.6801],"tool":false,"touchDistance":0.29341,"touchZone":"hovering","type":1,"width":15.1461},{"bases":[[[0.0659805,0.99381,0.0893825],[-0.923691,0.0269514,0.38219],[0.377415,-0.107779,0.919751]],[[-0.0155938,0.994052,-0.107787],[-0.994674,-0.00443801,0.102974],[0.101883,0.108818,0.988827]],[[-0.0155938,0.994052,-0.107787],[-0.95164,-0.0478342,-0.30347],[-0.30682,0.0978417,0.946725]],[[-0.0155938,0.994052,-0.107787],[-0.737648,-0.0842113,-0.669914],[-0.675006,0.069062,0.734573]]],"btipPosition":[79.1955,75.247,89.8974],"carpPosition":[61.9382,83.7476,170.79],"dipPosition":[66.3019,76.5662,103.929],"direction":[0.30682,-0.0978417,-0.946725],"extended":false,"handId":74,"id":740,"length":42.5361,"mcpPosition":[61.9382,83.7476,170.79],"pipPosition":[57.7637,79.2889,130.274],"stabilizedTipPosition":[77.5041,75.611,93.4963],"timeVisible":7.78749,"tipPosition":[69.6623,75.7265,92.6632],"tipVelocity":[-88.4663,13.4906,-20.9965],"tool":false,"touchDistance":0.38541,"touchZone":"hovering","type":0,"width":15.8565},{"bases":[[[0.977055,0.195702,0.0840438],[-0.204848,0.971502,0.119256],[-0.0583101,-0.133736,0.9893]],[[0.975003,0.191821,0.112137],[0.0366155,0.359074,-0.932591],[-0.219156,0.913384,0.343074]],[[0.975003,0.191821,0.112137],[0.222047,-0.85947,-0.460441],[0.00805645,0.473831,-0.880579]],[[0.975003,0.191821,0.112137],[0.166469,-0.964895,0.20314],[0.147167,-0.179395,-0.972707]]],"btipPosition":[80.9759,71.4099,131.788],"carpPosition":[71.4592,107.929,166.583],"dipPosition":[83.233,68.6584,116.869],"direction":[-0.00805645,-0.473831,0.880579],"extended":false,"handId":74,"id":742,"length":54.689,"mcpPosition":[74.7984,115.588,109.928],"pipPosition":[83.42,79.6556,96.4318],"stabilizedTipPosition":[82.9807,71.1798,128.862],"timeVisible":7.78749,"tipPosition":[82.0337,71.2857,128.898],"tipVelocity":[-70.7935,-3.55832,-25.2713],"tool":false,"touchDistance":0.972614,"touchZone":"none","type":2,"width":14.8755},{"bases":[[[0.970469,0.100092,0.219481],[-0.136273,0.978243,0.156431],[-0.199048,-0.181721,0.962994]],[[0.980658,0.110809,0.161341],[0.112845,0.353434,-0.928628],[-0.159924,0.928873,0.334094]],[[0.980658,0.110809,0.161341],[0.165619,-0.909071,-0.38231],[0.104307,0.401636,-0.90984]],[[0.980658,0.110809,0.161341],[0.0561613,-0.948952,0.310382],[0.187498,-0.295317,-0.93682]]],"btipPosition":[91.9998,81.5945,140.008],"carpPosition":[81.1512,110.701,166.848],"dipPosition":[94.859,77.0911,125.722],"direction":[-0.104307,-0.401636,0.90984],"extended":false,"handId":74,"id":743,"length":52.5849,"mcpPosition":[91.3855,120.045,117.334],"pipPosition":[97.2174,86.172,105.151],"stabilizedTipPosition":[93.7635,81.0158,137.308],"timeVisible":7.78749,"tipPosition":[91.5608,79.9774,137.225],"tipVelocity":[-52.7586,-9.57957,-27.3078],"tool":false,"touchDistance":1,"touchZone":"none","type":3,"width":14.155},{"bases":[[[0.949995,-0.0846318,0.300577],[-0.000716748,0.961979,0.273124],[-0.312264,-0.259682,0.913814]],[[0.984192,-0.0476933,0.170565],[0.172132,0.484258,-0.857825],[-0.041685,0.873624,0.484813]],[[0.984192,-0.0476933,0.170565],[0.0435526,-0.868312,-0.494103],[0.171669,0.493721,-0.852508]],[[0.984192,-0.0476933,0.170565],[-0.0726854,-0.986988,0.143427],[0.161505,-0.153557,-0.974852]]],"btipPosition":[103.428,89.2923,138.255],"carpPosition":[92.3751,107.866,168.416],"dipPosition":[105.7,87.1321,124.54],"direction":[-0.171669,-0.493721,0.852508],"extended":false,"handId":74,"id":744,"length":41.2256,"mcpPosition":[107.237,120.226,124.923],"pipPosition":[108.44,95.0135,110.931],"stabilizedTipPosition":[104.957,89.4172,135.791],"timeVisible":7.78749,"tipPosition":[101.621,87.8668,135.551],"tipVelocity":[-46.1251,-17.4671,-31.4324],"tool":false,"touchDistance":1,"touchZone":"none","type":4,"width":12.5735}],"r":[[0.691307,-0.176702,0.700622],[0.561621,0.741473,-0.36715],[-0.454616,0.647297,0.611825]],"s":1.3926,"t":[61.9198,-69.3826,-33.3669],"timestamp":17515804466},{"currentFrameRate":111.824,"devices":[],"gestures":[],"hands":[{"armBasis":[[0.857115,-0.467904,-0.215452],[0.014465,-0.396225,0.918039],[-0.514922,-0.789982,-0.332842]],"armWidth":50.6296,"confidence":1,"direction":[0.0309213,0.282428,-0.95879],"elbow":[-40.6825,-88.8191,107.652],"grabAngle":2.79282,"grabStrength":0,"id":74,"palmNormal":[0.350256,-0.901486,-0.254252],"palmPosition":[77.3255,107.546,129.042],"palmVelocity":[-39.3882,12.9866,-10.4477],"palmWidth":74.6866,"pinchDistance":38.524,"pinchStrength":0.510513,"r":[[0.691945,-0.179387,0.699308],[0.563774,0.739323,-0.368186],[-0.450966,0.649016,0.612705]],"s":1.39389,"sphereCenter":[118.218,84.5774,111.405],"sphereRadius":47.7241,"stabilizedPalmPosition":[78.4817,107.604,130.031],"t":[61.6331,-69.3264,-33.4889],"timeVisible":7.7962,"type":"right","wrist":[73.4355,86.2583,181.417]}],"id":51049,"interactionBox":{"center":[0,200,0],"size":[235.247,235.247,147.751]},"pointables":[{"bases":[[[0.928045,0.370725,-0.0359855],[-0.365176,0.924644,0.108073],[0.073339,-0.0871552,0.993492]],[[0.880863,0.305635,0.36148],[-0.286358,0.952106,-0.107212],[-0.376935,-0.00907394,0.926195]],[[0.880863,0.305635,0.36148],[-0.212979,0.937858,-0.273976],[-0.422754,0.164347,0.891218]],[[0.880863,0.305635,0.36148],[-0.168519,0.916069,-0.363893],[-0.442359,0.259624,0.858437]]],"btipPosition":[85.8269,101.656,45.1823],"carpPosition":[62.5301,102.937,167.206],"dipPosition":[79.6583,105.276,57.1531],"direction":[0.422754,-0.164347,-0.891218],"extended":true,"handId":74,"id":741,"length":47.9972,"mcpPosition":[58.1014,108.2,107.211],"pipPosition":[71.3185,108.519,74.7344],"stabilizedTipPosition":[85.9458,101.771,48.598],"timeVisible":7.7962,"tipPosition":[81.6381,101.012,47.4211],"tipVelocity":[-79.6905,48.7854,-18.0034],"tool":false,"touchDistance":0.290796,"touchZone":"hovering","type":1,"width":15.1461},{"bases":[[[0.0694565,0.993394,0.0913415],[-0.92211,0.0289947,0.385841],[0.380644,-0.111026,0.918032]],[[-0.012745,0.994371,-0.105183],[-0.994055,-0.00122492,0.10887],[0.108128,0.105945,0.988476]],[[-0.012745,0.994371,-0.105183],[-0.953255,-0.0438423,-0.298968],[-0.301897,0.0964557,0.948449]],[[-0.012745,0.994371,-0.105183],[-0.741913,-0.0799274,-0.665716],[-0.670375,0.0695519,0.738755]]],"btipPosition":[78.4585,75.4632,89.7009],"carpPosition":[61.6826,83.8168,170.707],"dipPosition":[65.6534,76.7917,103.812],"direction":[0.301897,-0.0964557,-0.948449],"extended":false,"handId":74,"id":740,"length":42.5361,"mcpPosition":[61.6826,83.8168,170.707],"pipPosition":[57.2522,79.4759,130.206],"stabilizedTipPosition":[76.9861,75.6521,93.3533],"timeVisible":7.7962,"tipPosition":[69.1358,75.9452,92.5367],"tipVelocity":[-82.2828,25.0708,-20.4497],"tool":false,"touchDistance":0.382442,"touchZone":"hovering","type":0,"width":15.8565},{"bases":[[[0.977986,0.192444,0.0806767],[-0.201323,0.97187,0.122219],[-0.0548871,-0.13577,0.989219]],[[0.975838,0.188182,0.111028],[0.0363448,0.361265,-0.931755],[-0.21545,0.913277,0.345697]],[[0.975838,0.188182,0.111028],[0.21834,-0.858975,-0.463131],[0.00821671,0.476183,-0.879308]],[[0.975838,0.188182,0.111028],[0.163848,-0.966427,0.197923],[0.144545,-0.174949,-0.973909]]],"btipPosition":[80.4746,71.4564,131.613],"carpPosition":[71.2633,107.978,166.517],"dipPosition":[82.6916,68.7731,116.675],"direction":[-0.00821671,-0.476183,0.879308],"extended":false,"handId":74,"id":742,"length":54.689,"mcpPosition":[74.4065,115.753,109.867],"pipPosition":[82.8823,79.8249,96.2672],"stabilizedTipPosition":[82.6907,71.1303,128.762],"timeVisible":7.7962,"tipPosition":[81.5733,71.3836,128.707],"tipVelocity":[-58.6136,7.14666,-20.6587],"tool":false,"touchDistance":0.969615,"touchZone":"none","type":2,"width":14.8755},{"bases":[[[0.971625,0.0965517,0.215925],[-0.132583,0.978313,0.159142],[-0.195876,-0.183254,0.963354]],[[0.981622,0.107367,0.15777],[0.110415,0.354761,-0.928414],[-0.155651,0.928772,0.336386]],[[0.981622,0.107367,0.15777],[0.161186,-0.909054,-0.384238],[0.102167,0.402607,-0.909654]],[[0.981622,0.107367,0.15777],[0.0544597,-0.949948,0.307625],[0.182902,-0.29338,-0.938337]]],"btipPosition":[91.6131,81.6431,139.828],"carpPosition":[80.965,110.719,166.75],"dipPosition":[94.4023,77.1693,125.518],"direction":[-0.102167,-0.402607,0.909654],"extended":false,"handId":74,"id":743,"length":52.5849,"mcpPosition":[91.0362,120.141,117.218],"pipPosition":[96.7122,86.2721,104.951],"stabilizedTipPosition":[93.5669,80.9635,137.208],"timeVisible":7.7962,"tipPosition":[91.1644,80.0299,137.018],"tipVelocity":[-46.2477,6.36025,-21.3702],"tool":false,"touchDistance":1,"touchZone":"none","type":3,"width":14.155},{"bases":[[[0.950884,-0.0882886,0.296688],[0.00337366,0.961361,0.27527],[-0.309528,-0.260749,0.914441]],[[0.984684,-0.0511777,0.166667],[0.170376,0.485327,-0.857572],[-0.0369992,0.872834,0.486613]],[[0.984684,-0.0511777,0.166667],[0.0386108,-0.868199,-0.494711],[0.170018,0.49357,-0.852926]],[[0.984684,-0.0511777,0.166667],[-0.0752546,-0.987071,0.141516],[0.157269,-0.151891,-0.975805]]],"btipPosition":[103.059,89.3237,138.045],"carpPosition":[92.1859,107.845,168.269],"dipPosition":[105.272,87.1869,124.317],"direction":[-0.170018,-0.49357,0.852926],"extended":false,"handId":74,"id":744,"length":41.2256,"mcpPosition":[106.918,120.255,124.745],"pipPosition":[107.986,95.0659,110.702],"stabilizedTipPosition":[104.798,89.3504,135.688],"timeVisible":7.7962,"tipPosition":[101.245,87.8923,135.322],"tipVelocity":[-43.9161,4.22122,-24.394],"tool":false,"touchDistance":1,"touchZone":"none","type":4,"width":12.5735}],"r":[[0.691945,-0.179387,0.699308],[0.563774,0.739323,-0.368186],[-0.450966,0.649016,0.612705]],"s":1.39389,"t":[61.6331,-69.3264,-33.4889],"timestamp":17515813175},{"currentFrameRate":111.986,"devices":[],"gestures":[],"hands":[{"armBasis":[[0.853773,-0.472717,-0.218197],[0.0159672,-0.395119,0.918491],[-0.5204,-0.787667,-0.329794]],"armWidth":50.6296,"confidence":1,"direction":[0.0286557,0.28103,-0.959271],"elbow":[-42.239,-88.0945,108.267],"grabAngle":2.79124,"grabStrength":0,"id":74,"palmNormal":[0.344477,-0.903655,-0.254447],"palmPosition":[76.8904,107.669,128.94],"palmVelocity":[-50.3336,14.2966,-11.8439],"palmWidth":74.6866,"pinchDistance":38.8366,"pinchStrength":0.508763,"r":[[0.692801,-0.182091,0.69776],[0.56598,0.736901,-0.369652],[-0.44687,0.651014,0.613586]],"s":1.39529,"sphereCenter":[117.64,84.477,111.158],"sphereRadius":47.7988,"stabilizedPalmPosition":[78.4146,107.607,129.985],"t":[61.2721,-69.2365,-33.6012],"timeVisible":7.80484,"type":"right","wrist":[73.0931,86.47,181.357]}],"id":51050,"interactionBox":{"center":[0,200,0],"size":[235.247,235.247,147.751]},"pointables":[{"bases":[[[0.929847,0.365753,-0.0401021],[-0.359847,0.926705,0.108297],[0.0767727,-0.0862688,0.993309]],[[0.883755,0.30133,0.358018],[-0.282513,0.953484,-0.105139],[-0.373046,-0.00822738,0.927776]],[[0.883755,0.30133,0.358018],[-0.210898,0.939449,-0.270105],[-0.417731,0.163202,0.893793]],[[0.883755,0.30133,0.358018],[-0.165547,0.916927,-0.363096],[-0.437688,0.261619,0.860223]]],"btipPosition":[85.0095,101.819,45.0234],"carpPosition":[62.2206,103.188,167.167],"dipPosition":[78.906,105.467,57.019],"direction":[0.417731,-0.163202,-0.893793],"extended":true,"handId":74,"id":741,"length":47.9972,"mcpPosition":[57.5845,108.398,107.183],"pipPosition":[70.6653,108.686,74.6511],"stabilizedTipPosition":[85.4793,101.947,48.4354],"timeVisible":7.80484,"tipPosition":[80.8827,101.028,47.317],"tipVelocity":[-92.827,19.5481,-17.7226],"tool":false,"touchDistance":0.288243,"touchZone":"hovering","type":1,"width":15.1461},{"bases":[[[0.0750746,0.993129,0.0897744],[-0.920422,0.0343774,0.389411],[0.383649,-0.111865,0.916679]],[[-0.00772642,0.994332,-0.106043],[-0.993343,0.00455678,0.115104],[0.114935,0.106226,0.987677]],[[-0.00772642,0.994332,-0.106043],[-0.9551,-0.0387481,-0.29374],[-0.296184,0.0990117,0.949985]],[[-0.00772642,0.994332,-0.106043],[-0.747025,-0.0762356,-0.66041],[-0.664751,0.0741139,0.74338]]],"btipPosition":[77.5162,75.5537,89.592],"carpPosition":[61.2856,84.0771,170.696],"dipPosition":[64.8185,76.9694,103.792],"direction":[0.296184,-0.0990117,-0.949985],"extended":false,"handId":74,"id":740,"length":42.5361,"mcpPosition":[61.2856,84.0771,170.696],"pipPosition":[56.5763,79.7247,130.228],"stabilizedTipPosition":[76.3524,75.7123,93.222],"timeVisible":7.80484,"tipPosition":[68.4629,76.0637,92.512],"tipVelocity":[-106.147,12.7881,-10.2531],"tool":false,"touchDistance":0.380965,"touchZone":"hovering","type":0,"width":15.8565},{"bases":[[[0.9793,0.18736,0.0765959],[-0.195692,0.97308,0.12174],[-0.0517248,-0.134209,0.989602]],[[0.977064,0.182835,0.109171],[0.0367152,0.360351,-0.932094],[-0.209759,0.914723,0.345373]],[[0.977064,0.182835,0.109171],[0.212749,-0.86029,-0.463292],[0.009213,0.475892,-0.879456]],[[0.977064,0.182835,0.109171],[0.159294,-0.96776,0.195105],[0.141323,-0.173239,-0.974688]]],"btipPosition":[79.8102,71.4944,131.539],"carpPosition":[70.9776,108.182,166.437],"dipPosition":[81.9778,68.8374,116.59],"direction":[-0.009213,-0.475892,0.879456],"extended":false,"handId":74,"id":742,"length":54.689,"mcpPosition":[73.9397,115.868,109.765],"pipPosition":[82.1916,79.8824,96.1784],"stabilizedTipPosition":[82.334,71.0933,128.663],"timeVisible":7.80484,"tipPosition":[80.9421,71.4818,128.632],"tipVelocity":[-78.169,5.09359,-8.80595],"tool":false,"touchDistance":0.968346,"touchZone":"none","type":2,"width":14.8755},{"bases":[[[0.972962,0.0916763,0.211993],[-0.126774,0.979205,0.158385],[-0.193064,-0.180978,0.964351]],[[0.982788,0.102363,0.153785],[0.108699,0.352677,-0.92941],[-0.149374,0.930129,0.33548]],[[0.982788,0.102363,0.153785],[0.154792,-0.910661,-0.383061],[0.100834,0.400273,-0.910832]],[[0.982788,0.102363,0.153785],[0.050796,-0.950097,0.307791],[0.177617,-0.294682,-0.938944]]],"btipPosition":[91.0798,81.7018,139.724],"carpPosition":[80.6945,110.871,166.629],"dipPosition":[93.7884,77.2081,125.406],"direction":[-0.100834,-0.400273,0.910832],"extended":false,"handId":74,"id":743,"length":52.5849,"mcpPosition":[90.6211,120.177,117.046],"pipPosition":[96.0682,86.2581,104.812],"stabilizedTipPosition":[93.3188,80.9242,137.104],"timeVisible":7.80484,"tipPosition":[90.616,80.0915,136.897],"tipVelocity":[-63.8322,6.26119,-12.2142],"tool":false,"touchDistance":1,"touchZone":"none","type":3,"width":14.155},{"bases":[[[0.95156,-0.0929478,0.293077],[0.00954494,0.961682,0.274001],[-0.307315,-0.257931,0.915985]],[[0.985039,-0.0561932,0.162911],[0.169623,0.483048,-0.859007],[-0.0304234,0.873789,0.485353]],[[0.985039,-0.0561932,0.162911],[0.0317789,-0.869898,-0.492207],[0.169375,0.49002,-0.855098]],[[0.985039,-0.0561932,0.162911],[-0.0798589,-0.986558,0.142571],[0.15271,-0.153448,-0.976286]]],"btipPosition":[102.559,89.3357,137.888],"carpPosition":[91.9058,107.94,168.107],"dipPosition":[104.707,87.177,124.154],"direction":[-0.169375,-0.49002,0.855098],"extended":false,"handId":74,"id":744,"length":41.2256,"mcpPosition":[106.533,120.216,124.51],"pipPosition":[107.411,94.9994,110.503],"stabilizedTipPosition":[104.595,89.2909,135.576],"timeVisible":7.80484,"tipPosition":[100.734,87.8992,135.151],"tipVelocity":[-59.621,0.807431,-18.339],"tool":false,"touchDistance":1,"touchZone":"none","type":4,"width":12.5735}],"r":[[0.692801,-0.182091,0.69776],[0.56598,0.736901,-0.369652],[-0.44687,0.651014,0.613586]],"s":1.39529,"t":[61.2721,-69.2365,-33.6012],"timestamp":17515821820},{"currentFrameRate":112.106,"devices":[],"gestures":[],"hands":[{"armBasis":[[0.851093,-0.476315,-0.220829],[0.017398,-0.394796,0.918604],[-0.524727,-0.785659,-0.327721]],"armWidth":50.6296,"confidence":1,"direction":[0.0266196,0.280508,-0.959482],"elbow":[-43.6612,-87.4522,108.59],"grabAngle":2.79116,"grabStrength":0,"id":74,"palmNormal":[0.339912,-0.90517,-0.2552],"palmPosition":[76.3398,107.829,128.782],"palmVelocity":[-63.1993,18.2965,-18.0963],"palmWidth":74.6866,"pinchDistance":38.8749,"pinchStrength":0.505974,"r":[[0.693786,-0.184768,0.696075],[0.568093,0.734459,-0.371268],[-0.44264,0.653017,0.614523]],"s":1.39684,"sphereCenter":[116.959,84.4726,110.861],"sphereRadius":47.8605,"stabilizedPalmPosition":[78.315,107.617,129.927],"t":[60.8164,-69.1119,-33.7361],"timeVisible":7.81355,"type":"right","wrist":[72.6299,86.6671,181.221]}],"id":51051,"interactionBox":{"center":[0,200,0],"size":[235.247,235.247,147.751]},"pointables":[{"bases":[[[0.931204,0.36191,-0.0433513],[-0.355672,0.928222,0.109092],[0.0797211,-0.0861678,0.993086]],[[0.886092,0.297783,0.3552],[-0.279443,0.954601,-0.103187],[-0.369802,-0.00782476,0.929078]],[[0.886092,0.297783,0.3552],[-0.209145,0.940745,-0.26694],[-0.413643,0.162245,0.895866]],[[0.886092,0.297783,0.3552],[-0.162591,0.917321,-0.363436],[-0.434058,0.264286,0.861247]]],"btipPosition":[84.1448,102.016,44.8289],"carpPosition":[61.779,103.424,167.06],"dipPosition":[78.0919,105.701,56.8389],"direction":[0.413643,-0.162245,-0.895866],"extended":true,"handId":74,"id":741,"length":47.9972,"mcpPosition":[56.9649,108.628,107.09],"pipPosition":[69.9319,108.902,74.5119],"stabilizedTipPosition":[84.9203,102.135,48.2623],"timeVisible":7.81355,"tipPosition":[80.053,101.15,47.1526],"tipVelocity":[-97.9245,23.6218,-21.9457],"tool":false,"touchDistance":0.285057,"touchZone":"hovering","type":1,"width":15.1461},{"bases":[[[0.0794541,0.992849,0.0890949],[-0.918973,0.0383247,0.392454],[0.386233,-0.113058,0.915447]],[[-0.00378896,0.994362,-0.105976],[-0.99259,0.00913166,0.12117],[0.121454,0.105649,0.986958]],[[-0.00378896,0.994362,-0.105976],[-0.95689,-0.0343836,-0.288407],[-0.290424,0.100314,0.951625]],[[-0.00378896,0.994362,-0.105976],[-0.752107,-0.0726758,-0.655021],[-0.65903,0.0772232,0.748142]]],"btipPosition":[76.4711,75.7229,89.389],"carpPosition":[60.7772,84.3183,170.601],"dipPosition":[63.8827,77.198,103.68],"direction":[0.290424,-0.100314,-0.951625],"extended":false,"handId":74,"id":740,"length":42.5361,"mcpPosition":[60.7772,84.3183,170.601],"pipPosition":[55.8008,79.9895,130.161],"stabilizedTipPosition":[75.5984,75.8073,93.0737],"timeVisible":7.81355,"tipPosition":[67.7489,76.2401,92.4004],"tipVelocity":[-117.086,20.9935,-20.8965],"tool":false,"touchDistance":0.377931,"touchZone":"hovering","type":0,"width":15.8565},{"bases":[[[0.980312,0.183364,0.0732588],[-0.191284,0.973927,0.121969],[-0.0489841,-0.133581,0.989827]],[[0.97792,0.178448,0.108763],[0.0379946,0.359952,-0.932197],[-0.205498,0.915746,0.345224]],[[0.97792,0.178448,0.108763],[0.208687,-0.861435,-0.463012],[0.0110687,0.475486,-0.879654]],[[0.97792,0.178448,0.108763],[0.155295,-0.968792,0.193197],[0.139844,-0.172041,-0.975113]]],"btipPosition":[79.0416,71.6087,131.405],"carpPosition":[70.554,108.381,166.299],"dipPosition":[81.1865,68.97,116.449],"direction":[-0.0110687,-0.475486,0.879654],"extended":false,"handId":74,"id":742,"length":54.689,"mcpPosition":[73.3591,116.031,109.614],"pipPosition":[81.4434,80.0056,96.033],"stabilizedTipPosition":[81.8993,71.0791,128.555],"timeVisible":7.81355,"tipPosition":[80.2382,71.6216,128.474],"tipVelocity":[-88.8306,13.5976,-15.5883],"tool":false,"touchDistance":0.966083,"touchZone":"none","type":2,"width":14.8755},{"bases":[[[0.97403,0.0877638,0.208717],[-0.122221,0.979784,0.158382],[-0.190597,-0.179779,0.965066]],[[0.983706,0.0983861,0.150472],[0.107217,0.350798,-0.930293],[-0.144313,0.931269,0.334533]],[[0.983706,0.0983861,0.150472],[0.149615,-0.912082,-0.381736],[0.0996854,0.398029,-0.91194]],[[0.983706,0.0983861,0.150472],[0.0479098,-0.950162,0.308054],[0.173281,-0.295825,-0.939394]]],"btipPosition":[90.4485,81.8263,139.582],"carpPosition":[80.2824,111.031,166.457],"dipPosition":[93.0909,77.3151,125.257],"direction":[-0.0996854,-0.398029,0.91194],"extended":false,"handId":74,"id":743,"length":52.5849,"mcpPosition":[90.0822,120.274,116.837],"pipPosition":[95.3448,86.3144,104.638],"stabilizedTipPosition":[93.0088,80.9056,136.992],"timeVisible":7.81355,"tipPosition":[89.9824,80.2002,136.704],"tipVelocity":[-74.221,13.8261,-16.5007],"tool":false,"touchDistance":1,"touchZone":"none","type":3,"width":14.155},{"bases":[[[0.952139,-0.0967368,0.289953],[0.014409,0.961749,0.273552],[-0.305324,-0.256282,0.917113]],[[0.985314,-0.0602093,0.159783],[0.168901,0.481033,-0.860279],[-0.0250639,0.874633,0.484138]],[[0.985314,-0.0602093,0.159783],[0.0260976,-0.871671,-0.489396],[0.168744,0.486379,-0.857298]],[[0.985314,-0.0602093,0.159783],[-0.0836048,-0.98604,0.143997],[0.148882,-0.15524,-0.976593]]],"btipPosition":[101.954,89.4303,137.701],"carpPosition":[91.4865,108.054,167.899],"dipPosition":[104.048,87.2463,123.962],"direction":[-0.168744,-0.486379,0.857298],"extended":false,"handId":74,"id":744,"length":41.2256,"mcpPosition":[106.019,120.252,124.249],"pipPosition":[106.742,95.0106,110.277],"stabilizedTipPosition":[104.336,89.2473,135.452],"timeVisible":7.81355,"tipPosition":[100.132,87.9671,134.921],"tipVelocity":[-70.8593,10.186,-21.5897],"tool":false,"touchDistance":1,"touchZone":"none","type":4,"width":12.5735}],"r":[[0.693786,-0.184768,0.696075],[0.568093,0.734459,-0.371268],[-0.44264,0.653017,0.614523]],"s":1.39684,"t":[60.8164,-69.1119,-33.7361],"timestamp":17515830531},{"currentFrameRate":112.213,"devices":[],"gestures":[],"hands":[{"armBasis":[[0.851309,-0.476481,-0.219632],[0.017045,-0.393277,0.919262],[-0.524387,-0.78632,-0.326679]],"armWidth":50.6296,"confidence":1,"direction":[0.0270188,0.278932,-0.959931],"elbow":[-44.2663,-87.306,108.645],"grabAngle":2.79173,"grabStrength":0,"id":74,"palmNormal":[0.340244,-0.905511,-0.253542],"palmPosition":[75.6799,108.036,128.572],"palmVelocity":[-75.6271,23.725,-24.058],"palmWidth":74.6866,"pinchDistance":39.0264,"pinchStrength":0.502653,"r":[[0.694506,-0.186651,0.694854],[0.569775,0.732402,-0.372752],[-0.439338,0.654789,0.615007]],"s":1.3986,"sphereCenter":[116.385,84.6915,110.707],"sphereRadius":47.9516,"stabilizedPalmPosition":[78.174,107.64,129.855],"t":[60.2586,-68.946,-33.9085],"timeVisible":7.82228,"type":"right","wrist":[71.9495,86.9597,181.044]}],"id":51052,"interactionBox":{"center":[0,200,0],"size":[235.247,235.247,147.751]},"pointables":[{"bases":[[[0.931142,0.362054,-0.043498],[-0.35594,0.928318,0.107389],[0.0792607,-0.0845119,0.993265]],[[0.885746,0.298496,0.355463],[-0.280267,0.954374,-0.103053],[-0.370006,-0.00834603,0.928992]],[[0.885746,0.298496,0.355463],[-0.210673,0.940908,-0.265159],[-0.413607,0.159977,0.896291]],[[0.885746,0.298496,0.355463],[-0.162421,0.916703,-0.365069],[-0.434826,0.265623,0.860448]]],"btipPosition":[83.5123,102.227,44.6141],"carpPosition":[61.1016,103.691,166.85],"dipPosition":[77.4488,105.931,56.6129],"direction":[0.413607,-0.159977,-0.896291],"extended":true,"handId":74,"id":741,"length":47.9972,"mcpPosition":[56.3152,108.794,106.869],"pipPosition":[69.2894,109.087,74.2943],"stabilizedTipPosition":[84.3525,102.326,48.0823],"timeVisible":7.82228,"tipPosition":[79.4594,101.241,46.9595],"tipVelocity":[-72.7623,24.6885,-24.9096],"tool":false,"touchDistance":0.281434,"touchZone":"hovering","type":1,"width":15.1461},{"bases":[[[0.0791818,0.993013,0.0874961],[-0.919172,0.0387587,0.391946],[0.385816,-0.111459,0.915818]],[[-0.00385087,0.994214,-0.107347],[-0.992459,0.00935189,0.122217],[0.122514,0.107008,0.986681]],[[-0.00385087,0.994214,-0.107347],[-0.957446,-0.0346452,-0.286527],[-0.288588,0.101675,0.952039]],[[-0.00385087,0.994214,-0.107347],[-0.755201,-0.0732563,-0.651387],[-0.655482,0.0785599,0.751113]]],"btipPosition":[75.6341,75.8762,89.1534],"carpPosition":[60.1025,84.5907,170.422],"dipPosition":[63.1135,77.3768,103.501],"direction":[0.288588,-0.101675,-0.952039],"extended":false,"handId":74,"id":740,"length":42.5361,"mcpPosition":[60.1025,84.5907,170.422],"pipPosition":[55.0827,80.2063,129.994],"stabilizedTipPosition":[74.8324,75.9188,92.9066],"timeVisible":7.82228,"tipPosition":[67.187,76.383,92.2412],"tipVelocity":[-94.1334,18.245,-25.5115],"tool":false,"touchDistance":0.374221,"touchZone":"hovering","type":0,"width":15.8565},{"bases":[[[0.980234,0.183711,0.07343],[-0.191568,0.974083,0.12027],[-0.0494319,-0.13196,0.990022]],[[0.977534,0.178384,0.112276],[0.0417268,0.358354,-0.932653],[-0.206605,0.916385,0.34286]],[[0.977534,0.178384,0.112276],[0.210262,-0.862475,-0.460354],[0.014715,0.47362,-0.880607]],[[0.977534,0.178384,0.112276],[0.154466,-0.968716,0.19424],[0.143413,-0.172533,-0.974508]]],"btipPosition":[78.2933,71.8091,131.286],"carpPosition":[69.8758,108.649,166.085],"dipPosition":[80.4929,69.1629,116.339],"direction":[-0.014715,-0.47362,0.880607],"extended":false,"handId":74,"id":742,"length":54.689,"mcpPosition":[72.7066,116.206,109.389],"pipPosition":[80.8344,80.1551,95.9012],"stabilizedTipPosition":[81.4051,71.0984,128.442],"timeVisible":7.82228,"tipPosition":[79.5821,71.8253,128.323],"tipVelocity":[-84.3177,22.7732,-13.3967],"tool":false,"touchDistance":0.964135,"touchZone":"none","type":2,"width":14.8755},{"bases":[[[0.973909,0.0883335,0.209043],[-0.122524,0.980016,0.156708],[-0.191023,-0.178231,0.965269]],[[0.983611,0.098862,0.150785],[0.10782,0.347776,-0.931357],[-0.144515,0.932351,0.331417]],[[0.983611,0.098862,0.150785],[0.149778,-0.913589,-0.378049],[0.100381,0.394438,-0.913424]],[[0.983611,0.098862,0.150785],[0.0478202,-0.949367,0.310507],[0.173848,-0.298208,-0.938536]]],"btipPosition":[89.7745,82.0948,139.492],"carpPosition":[79.6035,111.301,166.244],"dipPosition":[92.4256,77.5473,125.18],"direction":[-0.100381,-0.394438,0.913424],"extended":false,"handId":74,"id":743,"length":52.5849,"mcpPosition":[89.4252,120.465,116.613],"pipPosition":[94.6951,86.4655,104.528],"stabilizedTipPosition":[92.6367,80.9259,136.88],"timeVisible":7.82228,"tipPosition":[89.3307,80.4269,136.544],"tipVelocity":[-77.0149,29.8208,-9.93674],"tool":false,"touchDistance":1,"touchZone":"none","type":3,"width":14.155},{"bases":[[[0.952021,-0.096038,0.290572],[0.0140546,0.962202,0.271973],[-0.305708,-0.25484,0.917387]],[[0.985213,-0.0597758,0.160566],[0.169462,0.478039,-0.861836],[-0.02524,0.876302,0.481101]],[[0.985213,-0.0597758,0.160566],[0.0258579,-0.874552,-0.484241],[0.169369,0.481233,-0.860075]],[[0.985213,-0.0597758,0.160566],[-0.0838009,-0.985536,0.147295],[0.149439,-0.158573,-0.975973]]],"btipPosition":[101.28,89.7175,137.608],"carpPosition":[90.8076,108.329,167.696],"dipPosition":[103.383,87.4867,123.878],"direction":[-0.169369,-0.481233,0.860075],"extended":false,"handId":74,"id":744,"length":41.2256,"mcpPosition":[105.358,120.458,124.033],"pipPosition":[106.086,95.1688,110.149],"stabilizedTipPosition":[104.01,89.2419,135.325],"timeVisible":7.82228,"tipPosition":[99.488,88.1961,134.753],"tipVelocity":[-76.9574,31.6857,-10.4065],"tool":false,"touchDistance":1,"touchZone":"none","type":4,"width":12.5735}],"r":[[0.694506,-0.186651,0.694854],[0.569775,0.732402,-0.372752],[-0.439338,0.654789,0.615007]],"s":1.3986,"t":[60.2586,-68.946,-33.9085],"timestamp":17515839257},{"currentFrameRate":112.392,"devices":[],"gestures":[],"hands":[{"armBasis":[[0.850182,-0.479102,-0.218293],[0.0156936,-0.391375,0.920097],[-0.526255,-0.785676,-0.325221]],"armWidth":50.6296,"confidence":1,"direction":[0.0280956,0.276833,-0.960507],"elbow":[-45.6257,-86.7917,108.714],"grabAngle":2.79271,"grabStrength":0,"id":74,"palmNormal":[0.338043,-0.906905,-0.251496],"palmPosition":[74.808,108.287,128.275],"palmVelocity":[-101.545,29.2606,-34.5666],"palmWidth":74.6866,"pinchDistance":39.0941,"pinchStrength":0.499284,"r":[[0.694927,-0.188217,0.694011],[0.571512,0.730304,-0.374206],[-0.436407,0.656681,0.615076]],"s":1.40047,"sphereCenter":[115.508,84.8314,110.474],"sphereRadius":48.0249,"stabilizedPalmPosition":[77.9769,107.678,129.762],"t":[59.5437,-68.7375,-34.1431],"timeVisible":7.83087,"type":"right","wrist":[71.004,87.3315,180.79]}],"id":51053,"interactionBox":{"center":[0,200,0],"size":[235.247,235.247,147.751]},"pointables":[{"bases":[[[0.932074,0.359599,-0.0438998],[-0.353625,0.929443,0.105288],[0.0786639,-0.0826126,0.993472]],[[0.886266,0.296928,0.355481],[-0.278415,0.954872,-0.103461],[-0.37016,-0.00727725,0.92894]],[[0.886266,0.296928,0.355481],[-0.209285,0.941389,-0.264548],[-0.413198,0.160063,0.896464]],[[0.886266,0.296928,0.355481],[-0.159339,0.916095,-0.367942],[-0.434907,0.269452,0.859216]]],"btipPosition":[82.6493,102.389,44.3238],"carpPosition":[60.204,104.06,166.557],"dipPosition":[76.5846,106.146,56.3055],"direction":[0.413198,-0.160063,-0.896464],"extended":true,"handId":74,"id":741,"length":47.9972,"mcpPosition":[55.4537,109.049,106.563],"pipPosition":[68.4333,109.304,73.9902],"stabilizedTipPosition":[83.7367,102.511,47.883],"timeVisible":7.83087,"tipPosition":[78.6213,101.324,46.6817],"tipVelocity":[-100.549,20.2848,-34.2695],"tool":false,"touchDistance":0.27653,"touchZone":"hovering","type":1,"width":15.1461},{"bases":[[[0.0816671,0.992992,0.0854285],[-0.919221,0.0419183,0.391504],[0.38518,-0.110501,0.916202]],[[-0.0011631,0.994023,-0.109161],[-0.992277,0.0123926,0.12342],[0.124036,0.108461,0.986332]],[[-0.0011631,0.994023,-0.109161],[-0.958112,-0.0323704,-0.284558],[-0.286391,0.104257,0.952424]],[[-0.0011631,0.994023,-0.109161],[-0.758209,-0.0720506,-0.648018],[-0.65201,0.082013,0.753761]]],"btipPosition":[74.4969,76.0582,88.853],"carpPosition":[59.1551,84.9701,170.168],"dipPosition":[62.0426,77.6248,103.251],"direction":[0.286391,-0.104257,-0.952424],"extended":false,"handId":74,"id":740,"length":42.5361,"mcpPosition":[59.1551,84.9701,170.168],"pipPosition":[54.0729,80.526,129.755],"stabilizedTipPosition":[73.9749,76.0527,92.7077],"timeVisible":7.83087,"tipPosition":[66.3171,76.5772,92.0101],"tipVelocity":[-130.671,22.9619,-33.6319],"tool":false,"touchDistance":0.369408,"touchZone":"hovering","type":0,"width":15.8565},{"bases":[[[0.980668,0.18138,0.073424],[-0.189143,0.974817,0.118137],[-0.0501473,-0.129741,0.990279]],[[0.977606,0.175635,0.115924],[0.0467053,0.356037,-0.933304],[-0.205194,0.917818,0.339861]],[[0.977606,0.175635,0.115924],[0.209494,-0.864463,-0.456964],[0.0199529,0.471016,-0.881899]],[[0.977606,0.175635,0.115924],[0.150818,-0.968912,0.196119],[0.146765,-0.174244,-0.973704]]],"btipPosition":[77.2211,72.0576,131.106],"carpPosition":[68.991,108.994,165.785],"dipPosition":[79.4721,69.3851,116.172],"direction":[-0.0199529,-0.471016,0.881899],"extended":false,"handId":74,"id":742,"length":54.689,"mcpPosition":[71.8628,116.424,109.074],"pipPosition":[79.9352,80.3169,95.704],"stabilizedTipPosition":[80.802,71.1551,128.315],"timeVisible":7.83087,"tipPosition":[78.6124,72.062,128.101],"tipVelocity":[-123.506,28.2347,-20.5774],"tool":false,"touchDistance":0.96119,"touchZone":"none","type":2,"width":14.8755},{"bases":[[[0.974049,0.0863049,0.209235],[-0.120097,0.980652,0.154589],[-0.191845,-0.175705,0.965569]],[[0.9838,0.0966856,0.15096],[0.109321,0.343823,-0.932649],[-0.142077,0.934044,0.327683]],[[0.9838,0.0966856,0.15096],[0.14734,-0.91578,-0.373682],[0.102116,0.389871,-0.91519]],[[0.9838,0.0966856,0.15096],[0.0450741,-0.948449,0.313709],[0.173509,-0.301823,-0.937442]]],"btipPosition":[88.8157,82.3825,139.334],"carpPosition":[78.7254,111.622,165.942],"dipPosition":[91.4616,77.7799,125.039],"direction":[-0.102116,-0.389871,0.91519],"extended":false,"handId":74,"id":743,"length":52.5849,"mcpPosition":[88.5894,120.656,116.296],"pipPosition":[93.7705,86.5947,104.346],"stabilizedTipPosition":[92.1667,80.9842,136.758],"timeVisible":7.83087,"tipPosition":[88.3921,80.6646,136.309],"tipVelocity":[-111.802,32.0276,-17.9836],"tool":false,"touchDistance":1,"touchZone":"none","type":3,"width":14.155},{"bases":[[[0.951663,-0.0978376,0.291145],[0.016391,0.962736,0.269945],[-0.306707,-0.252124,0.917804]],[[0.984956,-0.0619971,0.161301],[0.171279,0.474036,-0.863686],[-0.0229166,0.87832,0.477523]],[[0.984956,-0.0619971,0.161301],[0.0230604,-0.877922,-0.478248],[0.17126,0.474773,-0.863285]],[[0.984956,-0.0619971,0.161301],[-0.0867067,-0.984728,0.150972],[0.149478,-0.162687,-0.975289]]],"btipPosition":[100.344,89.9866,137.442],"carpPosition":[89.9214,108.625,167.405],"dipPosition":[102.447,87.6979,123.721],"direction":[-0.17126,-0.474773,0.863285],"extended":false,"handId":74,"id":744,"length":41.2256,"mcpPosition":[104.519,120.625,123.721],"pipPosition":[105.181,95.2769,109.94],"stabilizedTipPosition":[103.59,89.2707,135.188],"timeVisible":7.83087,"tipPosition":[98.5786,88.4073,134.506],"tipVelocity":[-109.056,29.7848,-19.1456],"tool":false,"touchDistance":1,"touchZone":"none","type":4,"width":12.5735}],"r":[[0.694927,-0.188217,0.694011],[0.571512,0.730304,-0.374206],[-0.436407,0.656681,0.615076]],"s":1.40047,"t":[59.5437,-68.7375,-34.1431],"timestamp":17515847843},{"currentFrameRate":112.478,"devices":[],"gestures":[],"hands":[{"armBasis":[[0.853318,-0.472987,-0.219388],[0.0196924,-0.391238,0.