{"frames": 132, "data": [{"currentFrameRate": 46.7037, "devices": [], "gestures": [], "hands": [], "id": 54436, "interactionBox": {"center": [0, 200, 0], "size": [235.247, 235.247, 147.751]}, "pointables": [], "r": [[0.0860458, -0.84459, 0.528454], [-0.267895, 0.491272, 0.828785], [-0.959598, -0.212884, -0.18399]], "s": -0.70549, "t": [-1180.12, -1042.78, 1521.72], "timestamp": 630213244161}, {"currentFrameRate": 43.6091, "devices": [], "gestures": [], "hands": [], "id": 54437, "interactionBox": {"center": [0, 200, 0], "size": [235.247, 235.247, 147.751]}, "pointables": [], "r": [[0.0860458, -0.84459, 0.528454], [-0.267895, 0.491272, 0.828785], [-0.959598, -0.212884, -0.18399]], "s": -0.70549, "t": [-1180.12, -1042.78, 1521.72], "timestamp": 630213280058}, {"currentFrameRate": 44.6392, "devices": [], "gestures": [], "hands": [], "id": 54438, "interactionBox": {"center": [0, 200, 0], "size": [235.247, 235.247, 147.751]}, "pointables": [], "r": [[0.0860458, -0.84459, 0.528454], [-0.267895, 0.491272, 0.828785], [-0.959598, -0.212884, -0.18399]], "s": -0.70549, "t": [-1180.12, -1042.78, 1521.72], "timestamp": 630213298050}, {"currentFrameRate": 45.5543, "devices": [], "gestures": [], "hands": [], "id": 54439, "interactionBox": {"center": [0, 200, 0], "size": [235.247, 235.247, 147.751]}, "pointables": [], "r": [[0.0860458, -0.84459, 0.528454], [-0.267895, 0.491272, 0.828785], [-0.959598, -0.212884, -0.18399]], "s": -0.70549, "t": [-1180.12, -1042.78, 1521.72], "timestamp": 630213316164}, {"currentFrameRate": 46.4025, "devices": [], "gestures": [], "hands": [], "id": 54440, "interactionBox": {"center": [0, 200, 0], "size": [235.247, 235.247, 147.751]}, "pointables": [], "r": [[0.0860458, -0.84459, 0.528454], [-0.267895, 0.491272, 0.828785], [-0.959598, -0.212884, -0.18399]], "s": -0.70549, "t": [-1180.12, -1042.78, 1521.72], "timestamp": 630213334222}, {"currentFrameRate": 47.1729, "devices": [], "gestures": [], "hands": [], "id": 54441, "interactionBox": {"center": [0, 200, 0], "size": [235.247, 235.247, 147.751]}, "pointables": [], "r": [[0.0860458, -0.84459, 0.528454], [-0.267895, 0.491272, 0.828785], [-0.959598, -0.212884, -0.18399]], "s": -0.70549, "t": [-1180.12, -1042.78, 1521.72], "timestamp": 630213352300}, {"currentFrameRate": 47.8645, "devices": [], "gestures": [], "hands": [], "id": 54442, "interactionBox": {"center": [0, 200, 0], "size": [235.247, 235.247, 147.751]}, "pointables": [], "r": [[0.0860458, -0.84459, 0.528454], [-0.267895, 0.491272, 0.828785], [-0.959598, -0.212884, -0.18399]], "s": -0.70549, "t": [-1180.12, -1042.78, 1521.72], "timestamp": 630213370432}, {"currentFrameRate": 48.5166, "devices": [], "gestures": [], "hands": [], "id": 54443, "interactionBox": {"center": [0, 200, 0], "size": [235.247, 235.247, 147.751]}, "pointables": [], "r": [[0.0860458, -0.84459, 0.528454], [-0.267895, 0.491272, 0.828785], [-0.959598, -0.212884, -0.18399]], "s": -0.70549, "t": [-1180.12, -1042.78, 1521.72], "timestamp": 630213388475}, {"currentFrameRate": 45.0554, "devices": [], "gestures": [], "hands": [], "id": 54444, "interactionBox": {"center": [0, 200, 0], "size": [235.247, 235.247, 147.751]}, "pointables": [], "r": [[0.0860458, -0.84459, 0.528454], [-0.267895, 0.491272, 0.828785], [-0.959598, -0.212884, -0.18399]], "s": -0.70549, "t": [-1180.12, -1042.78, 1521.72], "timestamp": 630213424695}, {"currentFrameRate": 45.9034, "devices": [], "gestures": [], "hands": [], "id": 54445, "interactionBox": {"center": [0, 200, 0], "size": [235.247, 235.247, 147.751]}, "pointables": [], "r": [[0.0860458, -0.84459, 0.528454], [-0.267895, 0.491272, 0.828785], [-0.959598, -0.212884, -0.18399]], "s": -0.70549, "t": [-1180.12, -1042.78, 1521.72], "timestamp": 630213442952}, {"currentFrameRate": 46.7544, "devices": [], "gestures": [], "hands": [], "id": 54446, "interactionBox": {"center": [0, 200, 0], "size": [235.247, 235.247, 147.751]}, "pointables": [], "r": [[0.0860458, -0.84459, 0.528454], [-0.267895, 0.491272, 0.828785], [-0.959598, -0.212884, -0.18399]], "s": -0.70549, "t": [-1180.12, -1042.78, 1521.72], "timestamp": 630213460861}, {"currentFrameRate": 43.6125, "devices": [], "gestures": [], "hands": [], "id": 54447, "interactionBox": {"center": [0, 200, 0], "size": [235.247, 235.247, 147.751]}, "pointables": [], "r": [[0.0860458, -0.84459, 0.528454], [-0.267895, 0.491272, 0.828785], [-0.959598, -0.212884, -0.18399]], "s": -0.70549, "t": [-1180.12, -1042.78, 1521.72], "timestamp": 630213496947}, {"currentFrameRate": 44.6341, "devices": [], "gestures": [], "hands": [], "id": 54448, "interactionBox": {"center": [0, 200, 0], "size": [235.247, 235.247, 147.751]}, "pointables": [], "r": [[0.0860458, -0.84459, 0.528454], [-0.267895, 0.491272, 0.828785], [-0.959598, -0.212884, -0.18399]], "s": -0.70549, "t": [-1180.12, -1042.78, 1521.72], "timestamp": 630213514978}, {"currentFrameRate": 45.5562, "devices": [], "gestures": [], "hands": [], "id": 54449, "interactionBox": {"center": [0, 200, 0], "size": [235.247, 235.247, 147.751]}, "pointables": [], "r": [[0.0860458, -0.84459, 0.528454], [-0.267895, 0.491272, 0.828785], [-0.959598, -0.212884, -0.18399]], "s": -0.70549, "t": [-1180.12, -1042.78, 1521.72], "timestamp": 630213533062}, {"currentFrameRate": 46.3938, "devices": [], "gestures": [], "hands": [], "id": 54450, "interactionBox": {"center": [0, 200, 0], "size": [235.247, 235.247, 147.751]}, "pointables": [], "r": [[0.0860458, -0.84459, 0.528454], [-0.267895, 0.491272, 0.828785], [-0.959598, -0.212884, -0.18399]], "s": -0.70549, "t": [-1180.12, -1042.78, 1521.72], "timestamp": 630213551167}, {"currentFrameRate": 47.1677, "devices": [], "gestures": [], "hands": [], "id": 54451, "interactionBox": {"center": [0, 200, 0], "size": [235.247, 235.247, 147.751]}, "pointables": [], "r": [[0.0860458, -0.84459, 0.528454], [-0.267895, 0.491272, 0.828785], [-0.959598, -0.212884, -0.18399]], "s": -0.70549, "t": [-1180.12, -1042.78, 1521.72], "timestamp": 630213569233}, {"currentFrameRate": 47.8729, "devices": [], "gestures": [], "hands": [], "id": 54452, "interactionBox": {"center": [0, 200, 0], "size": [235.247, 235.247, 147.751]}, "pointables": [], "r": [[0.0860458, -0.84459, 0.528454], [-0.267895, 0.491272, 0.828785], [-0.959598, -0.212884, -0.18399]], "s": -0.70549, "t": [-1180.12, -1042.78, 1521.72], "timestamp": 630213587307}, {"currentFrameRate": 48.5043, "devices": [], "gestures": [], "hands": [], "id": 54453, "interactionBox": {"center": [0, 200, 0], "size": [235.247, 235.247, 147.751]}, "pointables": [], "r": [[0.0860458, -0.84459, 0.528454], [-0.267895, 0.491272, 0.828785], [-0.959598, -0.212884, -0.18399]], "s": -0.70549, "t": [-1180.12, -1042.78, 1521.72], "timestamp": 630213605437}, {"currentFrameRate": 45.0515, "devices": [], "gestures": [], "hands": [], "id": 54454, "interactionBox": {"center": [0, 200, 0], "size": [235.247, 235.247, 147.751]}, "pointables": [], "r": [[0.0860458, -0.84459, 0.528454], [-0.267895, 0.491272, 0.828785], [-0.959598, -0.212884, -0.18399]], "s": -0.70549, "t": [-1180.12, -1042.78, 1521.72], "timestamp": 630213641627}, {"currentFrameRate": 45.9564, "devices": [], "gestures": [], "hands": [], "id": 54455, "interactionBox": {"center": [0, 200, 0], "size": [235.247, 235.247, 147.751]}, "pointables": [], "r": [[0.0860458, -0.84459, 0.528454], [-0.267895, 0.491272, 0.828785], [-0.959598, -0.212884, -0.18399]], "s": -0.70549, "t": [-1180.12, -1042.78, 1521.72], "timestamp": 630213659624}, {"currentFrameRate": 46.7392, "devices": [], "gestures": [], "hands": [], "id": 54456, "interactionBox": {"center": [0, 200, 0], "size": [235.247, 235.247, 147.751]}, "pointables": [], "r": [[0.0860458, -0.84459, 0.528454], [-0.267895, 0.491272, 0.828785], [-0.959598, -0.212884, -0.18399]], "s": -0.70549, "t": [-1180.12, -1042.78, 1521.72], "timestamp": 630213677820}, {"currentFrameRate": 43.5957, "devices": [], "gestures": [], "hands": [], "id": 54457, "interactionBox": {"center": [0, 200, 0], "size": [235.247, 235.247, 147.751]}, "pointables": [], "r": [[0.0860458, -0.84459, 0.528454], [-0.267895, 0.491272, 0.828785], [-0.959598, -0.212884, -0.18399]], "s": -0.70549, "t": [-1180.12, -1042.78, 1521.72], "timestamp": 630213713926}, {"currentFrameRate": 44.6289, "devices": [], "gestures": [], "hands": [], "id": 54458, "interactionBox": {"center": [0, 200, 0], "size": [235.247, 235.247, 147.751]}, "pointables": [], "r": [[0.0860458, -0.84459, 0.528454], [-0.267895, 0.491272, 0.828785], [-0.959598, -0.212884, -0.18399]], "s": -0.70549, "t": [-1180.12, -1042.78, 1521.72], "timestamp": 630213731909}, {"currentFrameRate": 45.5522, "devices": [], "gestures": [], "hands": [], "id": 54459, "interactionBox": {"center": [0, 200, 0], "size": [235.247, 235.247, 147.751]}, "pointables": [], "r": [[0.0860458, -0.84459, 0.528454], [-0.267895, 0.491272, 0.828785], [-0.959598, -0.212884, -0.18399]], "s": -0.70549, "t": [-1180.12, -1042.78, 1521.72], "timestamp": 630213749989}, {"currentFrameRate": 46.3977, "devices": [], "gestures": [], "hands": [], "id": 54460, "interactionBox": {"center": [0, 200, 0], "size": [235.247, 235.247, 147.751]}, "pointables": [], "r": [[0.0860458, -0.84459, 0.528454], [-0.267895, 0.491272, 0.828785], [-0.959598, -0.212884, -0.18399]], "s": -0.70549, "t": [-1180.12, -1042.78, 1521.72], "timestamp": 630213768060}, {"currentFrameRate": 47.1661, "devices": [], "gestures": [], "hands": [], "id": 54461, "interactionBox": {"center": [0, 200, 0], "size": [235.247, 235.247, 147.751]}, "pointables": [], "r": [[0.0860458, -0.84459, 0.528454], [-0.267895, 0.491272, 0.828785], [-0.959598, -0.212884, -0.18399]], "s": -0.70549, "t": [-1180.12, -1042.78, 1521.72], "timestamp": 630213786149}, {"currentFrameRate": 47.8576, "devices": [], "gestures": [], "hands": [{"armBasis": [[-0.773477, -0.399177, -0.492332], [0.633815, -0.491193, -0.597501], [-0.00332168, -0.774201, 0.632931]], "armWidth": 56.8878, "confidence": 0, "direction": [-0.46496, 0.758322, -0.456903], "elbow": [192.595, -59.8995, 315.903], "grabAngle": 0, "grabStrength": 0, "id": 161, "palmNormal": [0.553701, 0.65177, 0.518278], "palmPosition": [162.153, 181.126, 137.382], "palmVelocity": [-1.19209e-07, 1.19209e-07, 1.19209e-07], "palmWidth": 81.2339, "pinchDistance": 71.0427, "pinchStrength": 0, "r": [[1, 0, 0], [0, 1, -1.11022e-17], [0, 1.11022e-17, 1]], "s": 1, "sphereCenter": [127.579, 185.502, 96.3643], "sphereRadius": 54.9511, "stabilizedPalmPosition": [162.153, 181.126, 137.382], "t": [0, 0, 0], "timeVisible": 0, "type": "left", "wrist": [191.795, 126.722, 163.335]}], "id": 54462, "interactionBox": {"center": [0, 200, 0], "size": [235.247, 235.247, 147.751]}, "pointables": [{"bases": [[[0.307991, -0.43982, -0.843623], [0.62213, -0.577762, 0.528342], [-0.719789, -0.687568, 0.0956799]], [[-0.0747977, -0.715616, -0.694478], [0.233767, -0.689605, 0.685418], [-0.969411, -0.111078, 0.218868]], [[-0.0747977, -0.715616, -0.694478], [0.55921, -0.606719, 0.564957], [-0.825645, -0.346102, 0.445561]], [[-0.0747977, -0.715616, -0.694478], [0.79104, -0.466621, 0.395626], [-0.607175, -0.519768, 0.600983]]], "btipPosition": [95.2908, 172.591, 141.409], "carpPosition": [176.312, 146.245, 177.283], "dipPosition": [107.977, 161.73, 153.966], "direction": [-0.825645, 0.346102, -0.445561], "extended": true, "handId": 161, "id": 1610, "length": 46.5284, "mcpPosition": [176.312, 146.245, 177.283], "pipPosition": [133.11, 151.195, 167.529], "stabilizedTipPosition": [98.2087, 170.093, 144.297], "timeVisible": 0, "tipPosition": [98.2087, 170.093, 144.297], "tipVelocity": [-1.19209e-07, 1.19209e-07, 1.19209e-07], "tool": false, "touchDistance": 1, "touchZone": "none", "type": 0, "width": 18.0788}, {"bases": [[[-0.602942, 0.115485, -0.789382], [0.632774, -0.533367, -0.561353], [-0.485858, -0.837963, 0.248513]], [[-0.640216, 0.0474223, -0.766729], [0.591738, -0.606025, -0.531582], [-0.489866, -0.794031, 0.359926]], [[-0.640216, 0.0474223, -0.766729], [0.591738, -0.606025, -0.531582], [-0.489866, -0.794031, 0.359926]], [[-0.640216, 0.0474223, -0.766729], [0.591738, -0.606025, -0.531582], [-0.489866, -0.794031, 0.359926]]], "btipPosition": [98.4344, 256.765, 115.28], "carpPosition": [167.178, 142.025, 158.665], "dipPosition": [105.907, 244.653, 120.77], "direction": [-0.489866, 0.794031, -0.359926], "extended": true, "handId": 161, "id": 1611, "length": 52.5021, "mcpPosition": [135.267, 197.063, 142.342], "pipPosition": [116.477, 227.519, 128.537], "stabilizedTipPosition": [100.153, 253.98, 116.543], "timeVisible": 0, "tipPosition": [100.153, 253.98, 116.543], "tipVelocity": [-1.19209e-07, 1.19209e-07, 1.19209e-07], "tool": false, "touchDistance": 1, "touchZone": "none", "type": 1, "width": 17.2688}, {"bases": [[[-0.762019, 0.0904342, -0.641209], [0.510909, -0.524432, -0.681133], [-0.397868, -0.846636, 0.353424]], [[-0.716869, 0.177362, -0.674272], [0.386554, -0.703743, -0.596089], [-0.580237, -0.68796, 0.435932]], [[-0.716869, 0.177362, -0.674272], [0.386554, -0.703743, -0.596089], [-0.580237, -0.68796, 0.435932]], [[-0.716869, 0.177362, -0.674272], [0.386554, -0.703743, -0.596089], [-0.580237, -0.68796, 0.435932]]], "btipPosition": [98.3017, 254.258, 89.9431], "carpPosition": [172.518, 142.911, 149.097], "dipPosition": [108.036, 242.716, 97.2567], "direction": [-0.580237, 0.68796, -0.435932], "extended": true, "handId": 161, "id": 1612, "length": 59.8219, "mcpPosition": [147.736, 195.646, 127.083], "pipPosition": [122.767, 225.25, 108.324], "stabilizedTipPosition": [100.541, 251.603, 91.6252], "timeVisible": 0, "tipPosition": [100.541, 251.603, 91.6252], "tipVelocity": [-1.19209e-07, 1.19209e-07, 1.19209e-07], "tool": false, "touchDistance": 1, "touchZone": "none", "type": 2, "width": 16.9603}, {"bases": [[[-0.848595, 0.00413391, -0.529028], [0.442217, -0.543353, -0.713591], [-0.290398, -0.839494, 0.459258]], [[-0.7301, 0.244049, -0.638275], [0.212254, -0.806858, -0.551297], [-0.649541, -0.537978, 0.537287]], [[-0.7301, 0.244049, -0.638275], [0.212254, -0.806858, -0.551297], [-0.649541, -0.537978, 0.537287]], [[-0.7301, 0.244049, -0.638275], [0.212254, -0.806858, -0.551297], [-0.649541, -0.537978, 0.537287]]], "btipPosition": [111.084, 234.782, 71.9268], "carpPosition": [180.133, 144.096, 141.292], "dipPosition": [121.919, 225.809, 80.8891], "direction": [-0.64954, 0.537978, -0.537287], "extended": true, "handId": 161, "id": 1613, "length": 57.5204, "mcpPosition": [163.893, 191.044, 115.609], "pipPosition": [137.983, 212.503, 94.1771], "stabilizedTipPosition": [113.576, 232.718, 73.9881], "timeVisible": 0, "tipPosition": [113.576, 232.718, 73.9881], "tipVelocity": [-1.19209e-07, 1.19209e-07, 1.19209e-07], "tool": false, "touchDistance": 1, "touchZone": "none", "type": 3, "width": 16.1388}, {"bases": [[[-0.937825, -0.00333584, -0.347091], [0.277441, -0.608114, -0.74379], [-0.20859, -0.793843, 0.57123]], [[-0.834296, 0.23141, -0.500399], [-0.0294678, -0.925064, -0.378666], [-0.550528, -0.301174, 0.778597]], [[-0.834296, 0.23141, -0.500399], [-0.0294678, -0.925064, -0.378666], [-0.550528, -0.301174, 0.778597]], [[-0.834296, 0.23141, -0.500399], [-0.0294678, -0.925064, -0.378666], [-0.550528, -0.301174, 0.778597]]], "btipPosition": [145.866, 207.231, 58.3079], "carpPosition": [192.128, 146.734, 138.035], "dipPosition": [154.337, 202.596, 70.2894], "direction": [-0.550528, 0.301174, -0.778597], "extended": true, "handId": 161, "id": 1614, "length": 45.0949, "mcpPosition": [181.33, 187.83, 108.464], "pipPosition": [163.951, 197.337, 83.885], "stabilizedTipPosition": [147.814, 206.165, 61.0636], "timeVisible": 0, "tipPosition": [147.814, 206.165, 61.0636], "tipVelocity": [-1.19209e-07, 1.19209e-07, 1.19209e-07], "tool": false, "touchDistance": 1, "touchZone": "none", "type": 4, "width": 14.3357}], "r": [[1, 0, 0], [0, 1, -1.11022e-17], [0, 1.11022e-17, 1]], "s": 1, "t": [0, 0, 0], "timestamp": 630213804284}, {"currentFrameRate": 48.5119, "devices": [], "gestures": [], "hands": [{"armBasis": [[-0.846029, -0.346312, -0.405344], [0.530981, -0.615646, -0.582271], [-0.047901, -0.707847, 0.704739]], "armWidth": 57.1908, "confidence": 0.0947292, "direction": [-0.468988, 0.773235, -0.426799], "elbow": [193.984, -44.4185, 316.55], "grabAngle": 0.423754, "grabStrength": 0, "id": 161, "palmNormal": [0.521019, 0.632415, 0.573228], "palmPosition": [151.83, 180.375, 121.786], "palmVelocity": [-572.379, -41.6186, -864.706], "palmWidth": 81.0849, "pinchDistance": 41.6554, "pinchStrength": 0, "r": [[0.999968, -0.00454955, -0.00652857], [0.00462558, 0.999921, 0.011678], [0.00647492, -0.0117078, 0.99991]], "s": 0.924882, "sphereCenter": [173.176, 233.039, 131.689], "sphereRadius": 64.703, "stabilizedPalmPosition": [159.73, 180.95, 133.721], "t": [-5.16171, -0.375316, -7.79792], "timeVisible": 0.018036, "type": "left", "wrist": [182.437, 126.208, 146.672]}], "id": 54463, "interactionBox": {"center": [0, 200, 0], "size": [235.247, 235.247, 147.751]}, "pointables": [{"bases": [[[0.270557, -0.396068, -0.877456], [0.62392, -0.621987, 0.473135], [-0.73316, -0.675472, 0.0788314]], [[0.341687, -0.327376, -0.880951], [0.654528, -0.589771, 0.473035], [-0.67442, -0.738237, 0.0127602]], [[0.341687, -0.327376, -0.880951], [0.712428, -0.521119, 0.46998], [-0.612941, -0.7882, 0.0551727]], [[0.341687, -0.327376, -0.880951], [0.860132, 0.486659, 0.152761], [0.378712, -0.809931, 0.447872]]], "btipPosition": [125.367, 215.139, 149.012], "carpPosition": [165.589, 143.527, 160.024], "dipPosition": [117.881, 199.128, 157.866], "direction": [-0.612941, 0.7882, -0.0551727], "extended": true, "handId": 161, "id": 1610, "length": 44.0229, "mcpPosition": [165.589, 143.527, 160.024], "pipPosition": [135.534, 176.427, 159.455], "stabilizedTipPosition": [114.926, 197.278, 148.735], "timeVisible": 0.018036, "tipPosition": [119.48, 206.321, 148.117], "tipVelocity": [1410.33, 2293.42, 374.346], "tool": false, "touchDistance": 1, "touchZone": "none", "type": 0, "width": 18.2173}, {"bases": [[[-0.624286, 0.175634, -0.761196], [0.6016, -0.513502, -0.611877], [-0.498342, -0.839922, 0.21491]], [[-0.707776, 0.012441, -0.706328], [0.609206, -0.495463, -0.619181], [-0.357662, -0.86854, 0.343097]], [[-0.707776, 0.012441, -0.706328], [0.609206, -0.495463, -0.619181], [-0.357662, -0.86854, 0.343097]], [[-0.707776, 0.012441, -0.706328], [0.706359, -0.00243335, -0.70785], [-0.0105251, -0.99992, -0.00706552]]], "btipPosition": [103.983, 259.06, 107.434], "carpPosition": [157.089, 140.31, 140.878], "dipPosition": [104.135, 244.629, 107.332], "direction": [-0.357662, 0.86854, -0.343097], "extended": true, "handId": 161, "id": 1611, "length": 49.6749, "mcpPosition": [124.417, 195.376, 126.788], "pipPosition": [111.437, 226.896, 114.337], "stabilizedTipPosition": [100.299, 254.046, 116.198], "timeVisible": 0.018036, "tipPosition": [97.4342, 254.519, 105.606], "tipVelocity": [214.294, 97.6347, -506.346], "tool": false, "touchDistance": 1, "touchZone": "none", "type": 1, "width": 17.4012}, {"bases": [[[-0.779224, 0.145492, -0.609625], [0.476309, -0.494732, -0.726891], [-0.407358, -0.85678, 0.316208]], [[-0.81557, 0.060364, -0.575502], [0.447156, -0.56551, -0.693001], [-0.367284, -0.822529, 0.434221]], [[-0.81557, 0.060364, -0.575502], [0.447156, -0.56551, -0.693001], [-0.367284, -0.822529, 0.434221]], [[-0.81557, 0.060364, -0.575502], [0.447156, -0.56551, -0.693001], [-0.367284, -0.822529, 0.434221]]], "btipPosition": [107.782, 261.45, 76.885], "carpPosition": [162.715, 141.878, 131.547], "dipPosition": [113.612, 248.393, 83.7776], "direction": [-0.367284, 0.822529, -0.434221], "extended": true, "handId": 161, "id": 1612, "length": 56.6006, "mcpPosition": [137.388, 195.147, 111.887], "pipPosition": [122.434, 228.636, 94.2078], "stabilizedTipPosition": [103.013, 253.574, 87.8357], "timeVisible": 0.018036, "tipPosition": [102.118, 256.096, 78.3839], "tipVelocity": [475.832, 379.47, -729.37], "tool": false, "touchDistance": 1, "touchZone": "none", "type": 2, "width": 17.0903}, {"bases": [[[-0.864351, 0.0547022, -0.499905], [0.406191, -0.510133, -0.758138], [-0.29649, -0.858354, 0.418714]], [[-0.801077, 0.200377, -0.564026], [0.414154, -0.494769, -0.763989], [-0.432148, -0.845608, 0.313361]], [[-0.801077, 0.200377, -0.564026], [0.518876, -0.237296, -0.821254], [-0.298401, -0.950547, 0.0861216]], [[-0.801077, 0.200377, -0.564026], [0.591549, 0.121211, -0.797106], [-0.0913552, -0.972192, -0.215632]]], "btipPosition": [129.27, 261.101, 90.2588], "carpPosition": [170.554, 143.686, 124.07], "dipPosition": [130.712, 245.757, 86.8556], "direction": [-0.298401, 0.950547, -0.0861216], "extended": true, "handId": 161, "id": 1613, "length": 54.423, "mcpPosition": [154.004, 191.6, 100.697], "pipPosition": [137.694, 223.514, 88.8709], "stabilizedTipPosition": [122.856, 247.111, 82.9573], "timeVisible": 0.018036, "tipPosition": [125.267, 253.667, 84.4788], "tipVelocity": [888.521, 1377.98, 858.727], "tool": false, "touchDistance": 1, "touchZone": "none", "type": 3, "width": 16.2625}, {"bases": [[[-0.94801, 0.0385212, -0.3159], [0.239008, -0.569231, -0.786671], [-0.210123, -0.821275, 0.53043]], [[-0.873714, 0.227413, -0.430008], [0.285925, -0.475067, -0.832201], [-0.393536, -0.850056, 0.35005]], [[-0.873714, 0.227413, -0.430008], [0.429889, -0.0526997, -0.901343], [-0.227638, -0.972371, -0.0517178]], [[-0.873714, 0.227413, -0.430008], [0.429889, -0.0526997, -0.901343], [-0.227638, -0.972371, -0.0517178]]], "btipPosition": [152.9, 244.824, 85.1019], "carpPosition": [182.587, 146.774, 121.359], "dipPosition": [156.214, 230.666, 84.3489], "direction": [-0.227638, 0.972371, 0.0517178], "extended": true, "handId": 161, "id": 1614, "length": 42.6666, "mcpPosition": [171.729, 189.212, 93.9498], "pipPosition": [159.975, 214.601, 83.4945], "stabilizedTipPosition": [150.99, 225.389, 74.0229], "timeVisible": 0.018036, "tipPosition": [151.579, 236.934, 79.386], "tipVelocity": [324.254, 1962.87, 1323.19], "tool": false, "touchDistance": 0.333333, "touchZone": "none", "type": 4, "width": 14.4456}], "r": [[0.999968, -0.00454955, -0.00652857], [0.00462558, 0.999921, 0.011678], [0.00647492, -0.0117078, 0.99991]], "s": 0.924882, "t": [5.16171, -0.375316, -7.79792], "timestamp": 630213822320}, {"currentFrameRate": 49.0839, "devices": [], "gestures": [], "hands": [{"armBasis": [[-0.696339, -0.518784, -0.49596], [0.715006, -0.561397, -0.416652], [-0.0622782, -0.644745, 0.761856]], "armWidth": 56.9865, "confidence": 0.188338, "direction": [-0.430101, 0.849626, -0.305204], "elbow": [191.775, -20.4588, 306.963], "grabAngle": 0.495606, "grabStrength": 0, "id": 161, "palmNormal": [0.733851, 0.525938, 0.429943], "palmPosition": [150.361, 192.978, 105.591], "palmVelocity": [-80.9284, 694.475, -892.433], "palmWidth": 80.9656, "pinchDistance": 62.743, "pinchStrength": 0, "r": [[0.999088, 0.0225221, 0.0362764], [-0.0232767, 0.999519, 0.0205162], [-0.0357968, -0.0213418, 0.999131]], "s": 0.92029, "sphereCenter": [102.887, 208.182, 83.728], "sphereRadius": 60.7653, "stabilizedPalmPosition": [156.673, 184.875, 124.542], "t": [-8.47687, 5.73835, -19.7944], "timeVisible": 0.036183, "type": "left", "wrist": [176.79, 134.672, 123.655]}], "id": 54464, "interactionBox": {"center": [0, 200, 0], "size": [235.247, 235.247, 147.751]}, "pointables": [{"bases": [[[0.528719, -0.32034, -0.786027], [0.583504, -0.535354, 0.610671], [-0.616425, -0.781523, -0.096132]], [[0.674882, -0.0986116, -0.731307], [0.549939, -0.593593, 0.587549], [-0.492038, -0.798701, -0.346375]], [[0.674882, -0.0986116, -0.731307], [0.642292, -0.409426, 0.647944], [-0.363311, -0.906998, -0.212977]], [[0.674882, -0.0986116, -0.731307], [0.687527, -0.275939, 0.671688], [-0.268033, -0.956103, -0.118428]]], "btipPosition": [129.206, 233.721, 163.37], "carpPosition": [166.821, 153.266, 139.506], "dipPosition": [134.493, 214.86, 161.034], "direction": [-0.363311, 0.906998, 0.212977], "extended": true, "handId": 161, "id": 1610, "length": 43.9277, "mcpPosition": [166.821, 153.266, 139.506], "pipPosition": [144.934, 188.795, 154.914], "stabilizedTipPosition": [125.113, 218.385, 158.003], "timeVisible": 0.036183, "tipPosition": [130.152, 227.15, 154.87], "tipVelocity": [373.41, 987.82, 649.378], "tool": false, "touchDistance": 1, "touchZone": "none", "type": 0, "width": 18.1385}, {"bases": [[[-0.44613, 0.104152, -0.888887], [0.801724, -0.394902, -0.448655], [-0.397752, -0.912801, 0.0926763]], [[-0.502229, -0.0381349, -0.863893], [0.811991, -0.364363, -0.455972], [-0.297383, -0.930476, 0.213959]], [[-0.502229, -0.0381349, -0.863893], [0.811991, -0.364363, -0.455972], [-0.297383, -0.930476, 0.213959]], [[-0.502229, -0.0381349, -0.863893], [0.522317, 0.782816, -0.338208], [0.689167, -0.621084, -0.373234]]], "btipPosition": [120.733, 273.361, 110.189], "carpPosition": [153.674, 152.01, 122.988], "dipPosition": [110.808, 264.417, 104.814], "direction": [-0.297383, 0.930476, -0.213959], "extended": true, "handId": 161, "id": 1611, "length": 49.5675, "mcpPosition": [127.635, 211.766, 116.921], "pipPosition": [116.866, 245.461, 109.173], "stabilizedTipPosition": [109.59, 262.88, 112.489], "timeVisible": 0.036183, "tipPosition": [111.065, 273.511, 105.208], "tipVelocity": [795.279, 857.625, 84.9813], "tool": false, "touchDistance": 1, "touchZone": "none", "type": 1, "width": 17.3258}, {"bases": [[[-0.840501, -0.0956428, -0.533302], [0.504002, -0.499258, -0.704786], [-0.198847, -0.861159, 0.467831]], [[-0.744198, 0.163119, -0.647736], [0.500391, -0.506218, -0.70239], [-0.442469, -0.846838, 0.295103]], [[-0.744198, 0.163119, -0.647736], [0.600231, -0.262168, -0.755639], [-0.293074, -0.951136, 0.0971957]], [[-0.744198, 0.163119, -0.647736], [0.600231, -0.262168, -0.755639], [-0.293074, -0.951136, 0.0971957]]], "btipPosition": [141.94, 254.342, 62.0252], "carpPosition": [174.477, 155.172, 97.9734], "dipPosition": [146.198, 240.524, 63.4373], "direction": [-0.293074, 0.951136, -0.0971957], "extended": true, "handId": 161, "id": 1614, "length": 42.5743, "mcpPosition": [164.217, 199.605, 73.8347], "pipPosition": [151.03, 224.843, 65.0396], "stabilizedTipPosition": [147.761, 235.703, 69.3522], "timeVisible": 0.036183, "tipPosition": [145.936, 250.737, 63.3185], "tipVelocity": [-591.98, 528.813, -1244.21], "tool": false, "touchDistance": -0.0929791, "touchZone": "touching", "type": 4, "width": 14.3831}, {"bases": [[[-0.62586, 0.045657, -0.778598], [0.705831, -0.391553, -0.590329], [-0.331815, -0.919022, 0.212831]], [[-0.642515, -0.00295456, -0.766268], [0.642217, -0.547583, -0.536387], [-0.41801, -0.836746, 0.353728]], [[-0.642515, -0.00295456, -0.766268], [0.642217, -0.547583, -0.536387], [-0.41801, -0.836746, 0.353728]], [[-0.642515, -0.00295456, -0.766268], [0.763842, -0.082073, -0.640164], [-0.0609985, -0.996622, 0.0549899]]], "btipPosition": [108.532, 279.907, 75.666], "carpPosition": [157.1, 153.017, 112.599], "dipPosition": [109.498, 264.121, 76.537], "direction": [-0.41801, 0.836746, -0.353728], "extended": true, "handId": 161, "id": 1612, "length": 56.4782, "mcpPosition": [136.5, 210.071, 99.3862], "pipPosition": [119.517, 244.066, 85.0153], "stabilizedTipPosition": [106.333, 266.704, 80.9134], "timeVisible": 0.036183, "tipPosition": [105.221, 276.693, 75.2259], "tipVelocity": [-20.2995, 982.491, -143.49], "tool": false, "touchDistance": 1, "touchZone": "none", "type": 2, "width": 17.0163}, {"bases": [[[-0.719284, -0.0606962, -0.69206], [0.648375, -0.416387, -0.637362], [-0.24948, -0.907159, 0.338855]], [[-0.663908, 0.100491, -0.741031], [0.583469, -0.550205, -0.597359], [-0.467749, -0.82896, 0.306652]], [[-0.663908, 0.100491, -0.741031], [0.636487, -0.444259, -0.630491], [-0.392569, -0.890245, 0.230986]], [[-0.663908, 0.100491, -0.741031], [0.680572, -0.329475, -0.654422], [-0.309915, -0.938801, 0.15035]]], "btipPosition": [117.551, 271.216, 65.2826], "carpPosition": [163.119, 153.862, 103.479], "dipPosition": [122.431, 256.431, 67.6504], "direction": [-0.392568, 0.890245, -0.230986], "extended": true, "handId": 161, "id": 1613, "length": 54.3053, "mcpPosition": [149.213, 204.426, 84.5921], "pipPosition": [131.598, 235.645, 73.0437], "stabilizedTipPosition": [121.078, 255.916, 75.6726], "timeVisible": 0.036183, "tipPosition": [121.822, 268.837, 69.2594], "tipVelocity": [-602.196, 564.488, -1303.18], "tool": false, "touchDistance": 1, "touchZone": "none", "type": 3, "width": 16.1921}], "r": [[0.999088, 0.0225221, 0.0362764], [-0.0232767, 0.999519, 0.0205162], [-0.0357968, -0.0213418, 0.999131]], "s": 0.92029, "t": [8.47687, 5.73835, -19.7944], "timestamp": 630213840467}, {"currentFrameRate": 49.6403, "devices": [], "gestures": [], "hands": [{"armBasis": [[-0.553952, -0.613013, -0.56334], [0.829211, -0.466776, -0.307458], [-0.0744775, -0.637444, 0.766888]], "armWidth": 56.8233, "confidence": 0.277945, "direction": [-0.473167, 0.813385, -0.338406], "elbow": [191.825, -8.10297, 293.138], "grabAngle": 0.829938, "grabStrength": 0, "id": 161, "palmNormal": [0.779305, 0.565591, 0.269799], "palmPosition": [145.877, 201.87, 88.6253], "palmVelocity": [-249.073, 493.909, -942.37], "palmWidth": 80.8702, "pinchDistance": 56.3119, "pinchStrength": 0, "r": [[0.994303, 0.0458824, 0.096212], [-0.0464623, 0.998913, 0.00379547], [-0.0959333, -0.00824408, 0.995354]], "s": 0.900157, "sphereCenter": [189.786, 262.255, 105.366], "sphereRadius": 81.982, "stabilizedPalmPosition": [154.118, 188.896, 116.043], "t": [-12.3765, 13.2411, -34.2753], "timeVisible": 0.054186, "type": "left", "wrist": [173.932, 145.046, 108.89]}], "id": 54465, "interactionBox": {"center": [0, 200, 0], "size": [235.247, 235.247, 147.751]}, "pointables": [{"bases": [[[0.624036, -0.401913, -0.670108], [0.494505, -0.460874, 0.736926], [-0.605015, -0.791241, -0.088854]], [[0.647477, -0.370304, -0.66607], [0.479469, -0.48141, 0.733726], [-0.592354, -0.79443, -0.134153]], [[0.647477, -0.370304, -0.66607], [0.424098, -0.551088, 0.718639], [-0.633178, -0.747781, -0.199772]], [[0.647477, -0.370304, -0.66607], [0.514119, -0.432917, 0.740449], [-0.562544, -0.821862, -0.0899237]]], "btipPosition": [111.358, 239.023, 137.687], "carpPosition": [166.912, 166.099, 124.226], "dipPosition": [122.436, 222.839, 135.916], "direction": [-0.633178, 0.747781, 0.199772], "extended": true, "handId": 161, "id": 1610, "length": 43.8516, "mcpPosition": [166.912, 166.099, 124.226], "pipPosition": [140.601, 201.386, 130.185], "stabilizedTipPosition": [119.583, 226.731, 147.778], "timeVisible": 0.054186, "tipPosition": [120.01, 237.362, 136.862], "tipVelocity": [-917.378, 328.721, -1419.42], "tool": false, "touchDistance": 1, "touchZone": "none", "type": 0, "width": 18.0755}, {"bases": [[[-0.325572, 0.00243901, -0.945514], [0.850109, -0.436999, -0.293848], [-0.413906, -0.899459, 0.140201]], [[-0.394211, -0.158116, -0.905316], [0.87382, -0.369621, -0.315941], [-0.284668, -0.915631, 0.283873]], [[-0.394211, -0.158116, -0.905316], [0.87382, -0.369621, -0.315941], [-0.284668, -0.915631, 0.283873]], [[-0.394211, -0.158116, -0.905316], [0.910175, 0.0691745, -0.408408], [0.127201, -0.984995, 0.116644]]], "btipPosition": [110.449, 287.79, 82.9494], "carpPosition": [151.764, 163.096, 109.829], "dipPosition": [108.62, 273.63, 84.6263], "direction": [-0.284668, 0.915631, -0.283873], "extended": true, "handId": 161, "id": 1611, "length": 49.4816, "mcpPosition": [124.7, 221.909, 100.661], "pipPosition": [114.41, 255.008, 90.3995], "stabilizedTipPosition": [109.752, 270.872, 101.728], "timeVisible": 0.054186, "tipPosition": [107.524, 282.948, 84.0876], "tipVelocity": [-467.795, 734.848, -1422.95], "tool": false, "touchDistance": 1, "touchZone": "none", "type": 1, "width": 17.2657}, {"bases": [[[-0.518619, -0.0446418, -0.853839], [0.773535, -0.449937, -0.446319], [-0.364249, -0.891944, 0.267878]], [[-0.533805, -0.0829608, -0.841528], [0.7603, -0.482685, -0.434695], [-0.37013, -0.871856, 0.320735]], [[-0.533805, -0.0829608, -0.841528], [0.7603, -0.482685, -0.434695], [-0.37013, -0.871856, 0.320735]], [[-0.533805, -0.0829608, -0.841528], [0.84557, -0.0429961, -0.53213], [0.00796353, -0.995625, 0.0931007]]], "btipPosition": [107.466, 290.199, 60.2881], "carpPosition": [153.794, 162.928, 99.0531], "dipPosition": [107.34, 274.456, 61.7602], "direction": [-0.37013, 0.871856, -0.320735], "extended": true, "handId": 161, "id": 1612, "length": 56.3803, "mcpPosition": [131.207, 218.236, 82.4423], "pipPosition": [116.196, 253.595, 69.4344], "stabilizedTipPosition": [106.811, 275.306, 72.1331], "timeVisible": 0.054186, "tipPosition": [101.287, 284.008, 57.6669], "tipVelocity": [-73.1806, 572.216, -846.506], "tool": false, "touchDistance": 1, "touchZone": "none", "type": 2, "width": 16.9572}, {"bases": [[[-0.623396, -0.141366, -0.769021], [0.7225, -0.480181, -0.497414], [-0.298952, -0.865703, 0.40148]], [[-0.549096, 0.0386371, -0.834866], [0.738767, -0.444649, -0.506469], [-0.39079, -0.894871, 0.215611]], [[-0.549096, 0.0386371, -0.834866], [0.831862, -0.0710898, -0.55041], [-0.0806167, -0.996721, 0.00689437]], [[-0.549096, 0.0386371, -0.834866], [0.833768, 0.0942389, -0.544012], [0.0576578, -0.9948, -0.0839605]]], "btipPosition": [126.249, 283.435, 59.907], "carpPosition": [158.557, 162.724, 89.2051], "dipPosition": [125.343, 267.795, 58.587], "direction": [-0.0806167, 0.996721, -0.00689437], "extended": true, "handId": 161, "id": 1613, "length": 54.2112, "mcpPosition": [141.913, 210.921, 66.8534], "pipPosition": [127.222, 244.563, 58.7477], "stabilizedTipPosition": [123.602, 268.084, 67.4986], "timeVisible": 0.054186, "tipPosition": [121.612, 277.783, 55.9411], "tipVelocity": [409.218, 667.782, -345.711], "tool": false, "touchDistance": 0.333333, "touchZone": "none", "type": 3, "width": 16.1359}, {"bases": [[[-0.764557, -0.159316, -0.624556], [0.587474, -0.570907, -0.573533], [-0.26519, -0.805409, 0.530085]], [[-0.673579, 0.0478321, -0.737566], [0.679965, -0.351061, -0.643742], [-0.289722, -0.93513, 0.203943]], [[-0.673579, 0.0478321, -0.737566], [0.679965, -0.351061, -0.643742], [-0.289722, -0.93513, 0.203943]], [[-0.673579, 0.0478321, -0.737566], [0.32327, 0.91646, -0.235791], [0.664671, -0.397257, -0.632771]]], "btipPosition": [151.658, 253.827, 54.6001], "carpPosition": [169.073, 163.346, 82.1654], "dipPosition": [142.018, 248.065, 45.4228], "direction": [-0.289722, 0.93513, -0.203943], "extended": true, "handId": 161, "id": 1614, "length": 42.5006, "mcpPosition": [155.406, 204.854, 54.8468], "pipPosition": [146.786, 232.676, 48.7791], "stabilizedTipPosition": [148.271, 240.809, 64.2262], "timeVisible": 0.054186, "tipPosition": [144.486, 253.258, 48.4662], "tipVelocity": [362.227, 74.2984, -547.722], "tool": false, "touchDistance": -0.257323, "touchZone": "touching", "type": 4, "width": 14.3331}], "r": [[0.994303, 0.0458824, 0.096212], [-0.0464623, 0.998913, 0.00379547], [-0.0959333, -0.00824408, 0.995354]], "s": 0.900157, "t": [12.3765, 13.2411, -34.2753], "timestamp": 630213858470}, {"currentFrameRate": 50.0586, "devices": [], "gestures": [], "hands": [{"armBasis": [[-0.539592, -0.604141, -0.58639], [0.840043, -0.4329, -0.326996], [-0.0562961, -0.669037, 0.741094]], "armWidth": 56.693, "confidence": 0.36469, "direction": [-0.511445, 0.793956, -0.328723], "elbow": [185.646, -9.33126, 273.98], "grabAngle": 0.831533, "grabStrength": 0, "id": 161, "palmNormal": [0.755382, 0.597758, 0.268484], "palmPosition": [141.976, 207.159, 76.7137], "palmVelocity": [-212.247, 287.744, -648.04], "palmWidth": 80.7939, "pinchDistance": 53.0785, "pinchStrength": 0, "r": [[0.987817, 0.0562115, 0.145113], [-0.0554609, 0.998418, -0.00921612], [-0.145402, 0.00105571, 0.989372]], "s": 0.861925, "sphereCenter": [186.014, 253.504, 45.9317], "sphereRadius": 75.0352, "stabilizedPalmPosition": [152.001, 192.082, 109.183], "t": [-16.2769, 19.637, -47.4716], "timeVisible": 0.072567, "type": "left", "wrist": [172.136, 151.218, 96.1389]}], "id": 54466, "interactionBox": {"center": [0, 200, 0], "size": [235.247, 235.247, 147.751]}, "pointables": [{"bases": [[[0.610587, -0.424389, -0.668638], [0.467911, -0.487849, 0.736928], [-0.638938, -0.762822, -0.0992978]], [[0.693154, -0.31471, -0.648456], [0.521269, -0.402469, 0.752527], [-0.497811, -0.859637, -0.114924]], [[0.693154, -0.31471, -0.648456], [0.627153, -0.180099, 0.757789], [-0.35527, -0.931945, 0.0725347]], [[0.693154, -0.31471, -0.648456], [0.694638, 0.0515265, 0.717512], [-0.192395, -0.947788, 0.254325]]], "btipPosition": [128.777, 255.617, 109.864], "carpPosition": [164.824, 172.142, 111.844], "dipPosition": [132.56, 236.979, 114.865], "direction": [-0.35527, 0.931945, -0.0725347], "extended": true, "handId": 161, "id": 1610, "length": 43.7907, "mcpPosition": [164.824, 172.142, 111.844], "pipPosition": [142.738, 210.28, 116.943], "stabilizedTipPosition": [123.763, 236.947, 132.511], "timeVisible": 0.072567, "tipPosition": [125.642, 248.55, 114.928], "tipVelocity": [856.362, 872.092, -1428.95], "tool": false, "touchDistance": 0.683564, "touchZone": "hovering", "type": 0, "width": 18.0252}, {"bases": [[[-0.513613, -0.0152184, -0.857887], [0.756102, -0.480669, -0.444148], [-0.405601, -0.87677, 0.258384]], [[-0.577279, -0.170123, -0.798628], [0.730835, -0.543864, -0.412422], [-0.364183, -0.821748, 0.438293]], [[-0.577279, -0.170123, -0.798628], [0.730835, -0.543864, -0.412422], [-0.364183, -0.821748, 0.438293]], [[-0.577279, -0.170123, -0.798628], [0.80973, -0.245391, -0.53303], [-0.105295, -0.95438, 0.279413]]], "btipPosition": [101.45, 290.866, 38.1344], "carpPosition": [151.691, 168.565, 86.7767], "dipPosition": [103.113, 275.797, 42.5463], "direction": [-0.364183, 0.821748, -0.438293], "extended": true, "handId": 161, "id": 1612, "length": 56.3021, "mcpPosition": [126.564, 222.881, 70.7698], "pipPosition": [111.814, 256.162, 53.0188], "stabilizedTipPosition": [105.543, 278.387, 63.7307], "timeVisible": 0.072567, "tipPosition": [97.3824, 287.429, 43.2069], "tipVelocity": [-304.903, 44.7495, -1168.47], "tool": false, "touchDistance": 1, "touchZone": "none", "type": 2, "width": 16.91}, {"bases": [[[-0.623229, -0.107798, -0.774574], [0.704159, -0.508233, -0.495842], [-0.340213, -0.854447, 0.392652]], [[-0.532864, 0.0832763, -0.842093], [0.722673, -0.472929, -0.504065], [-0.440227, -0.877156, 0.191825]], [[-0.532864, 0.0832763, -0.842093], [0.844714, 0.111312, -0.523515], [0.0501385, -0.99029, -0.129659]], [[-0.532864, 0.0832763, -0.842093], [0.803341, 0.362479, -0.472496], [0.265893, -0.928264, -0.260051]]], "btipPosition": [126.268, 286.727, 54.9658], "carpPosition": [156.376, 168.648, 76.9063], "dipPosition": [122.094, 272.154, 50.8832], "direction": [0.0501385, 0.99029, 0.129659], "extended": true, "handId": 161, "id": 1613, "length": 54.136, "mcpPosition": [137.454, 216.173, 55.0667], "pipPosition": [120.927, 249.103, 47.8652], "stabilizedTipPosition": [124.251, 273.903, 62.372], "timeVisible": 0.072567, "tipPosition": [118.608, 282.644, 48.5001], "tipVelocity": [-39.865, 192.463, -303.389], "tool": false, "touchDistance": 0.333333, "touchZone": "none", "type": 3, "width": 16.091}, {"bases": [[[-0.766139, -0.1205, -0.631277], [0.565811, -0.59229, -0.573629], [-0.304777, -0.796663, 0.521957]], [[-0.718713, -0.0133039, -0.69518], [0.65487, -0.348944, -0.670361], [-0.23366, -0.937049, 0.259503]], [[-0.718713, -0.0133039, -0.69518], [0.695244, -0.000251414, -0.718774], [0.00938769, -0.999911, 0.00943012]], [[-0.718713, -0.0133039, -0.69518], [0.0795222, 0.991684, -0.101192], [0.690745, -0.12801, -0.711678]]], "btipPosition": [154.312, 256.935, 45.3733], "carpPosition": [166.788, 169.79, 69.8052], "dipPosition": [144.308, 255.081, 35.0659], "direction": [0.00938769, 0.999911, -0.00943012], "extended": true, "handId": 161, "id": 1614, "length": 42.4416, "mcpPosition": [151.095, 210.808, 42.9309], "pipPosition": [144.153, 238.648, 35.2209], "stabilizedTipPosition": [149.06, 244.12, 59.75], "timeVisible": 0.072567, "tipPosition": [143.829, 257.804, 39.476], "tipVelocity": [139.818, 218.004, -516.116], "tool": false, "touchDistance": 0.333333, "touchZone": "none", "type": 4, "width": 14.2932}, {"bases": [[[-0.317973, 0.0238855, -0.947799], [0.832019, -0.472276, -0.29