{"frames": 52, "data": [{"currentFrameRate": 54.175, "devices": [], "gestures": [], "hands": [{"armBasis": [[-0.784015, -0.117637, -0.609493], [-0.386309, 0.861033, 0.330738], [-0.485886, -0.494756, 0.720507]], "armWidth": 56.835, "confidence": 0.970079, "direction": [-0.543159, 0.774605, -0.323983], "elbow": [272.093, 115.375, 234.611], "grabAngle": 0.330785, "grabStrength": 0, "id": 156, "palmNormal": [-0.615318, -0.629765, -0.474109], "palmPosition": [115.303, 278.64, 42.3642], "palmVelocity": [10.9075, -29.4706, -57.1467], "palmWidth": 79.7027, "pinchDistance": 78.685, "pinchStrength": 0, "r": [[0.840927, -0.540817, -0.0189197], [0.528011, 0.812354, 0.247556], [-0.118513, -0.218167, 0.968689]], "s": 1.31957, "sphereCenter": [110.339, 337.024, 62.497], "sphereRadius": 68.3386, "stabilizedPalmPosition": [115.722, 278.913, 44.8033], "t": [-63.7139, 127.456, -61.174], "timeVisible": 0.397423, "type": "right", "wrist": [157.177, 232.388, 64.2066]}, {"armBasis": [[0.948924, 0.0918336, -0.301843], [0.162651, 0.67738, 0.717426], [0.270346, -0.729879, 0.627846]], "armWidth": 56.835, "confidence": 0.363493, "direction": [-0.150815, 0.584573, -0.797201], "elbow": [-174.967, -6.49959, 304.391], "grabAngle": 1.2614, "grabStrength": 0.258344, "id": 158, "palmNormal": [0.187652, -0.774833, -0.603672], "palmPosition": [-109.807, 205.251, 101.979], "palmVelocity": [60.4826, -68.4263, -92.0602], "palmWidth": 79.7027, "pinchDistance": 54.1961, "pinchStrength": 0.071364, "r": [[0.88955, 0.454711, 0.0440383], [-0.361894, 0.760225, -0.539528], [-0.278809, 0.464, 0.840815]], "s": 0.931546, "sphereCenter": [-118.558, 162.98, 52.1469], "sphereRadius": 65.8012, "stabilizedPalmPosition": [-109.66, 210.801, 104.43], "t": [-1.54802, -9.47276, -0.72569], "timeVisible": 0.379622, "type": "left", "wrist": [-111.028, 166.122, 155.901]}], "id": 54103, "interactionBox": {"center": [0, 200, 0], "size": [235.247, 235.247, 147.751]}, "pointables": [{"bases": [[[-0.674251, 0.737834, 0.0313975], [-0.027391, -0.0674712, 0.997345], [-0.737994, -0.671601, -0.0657026]], [[-0.28525, 0.956763, 0.0568917], [-0.17592, -0.110614, 0.97817], [-0.94217, -0.269015, -0.199866]], [[-0.28525, 0.956763, 0.0568917], [0.207207, 0.0036052, 0.97829], [-0.935787, -0.290846, 0.199277]], [[-0.28525, 0.956763, 0.0568917], [0.58969, 0.128398, 0.797358], [-0.755578, -0.260995, 0.60082]]], "btipPosition": [46.4749, 260.054, 62.4394], "carpPosition": [128.679, 235.04, 70.9466], "dipPosition": [61.0979, 255.003, 74.0672], "direction": [-0.935787, 0.290846, -0.199277], "extended": true, "handId": 156, "id": 1560, "length": 43.0969, "mcpPosition": [128.679, 235.04, 70.9466], "pipPosition": [87.4823, 246.802, 79.6858], "stabilizedTipPosition": [49.7184, 259.187, 73.1721], "timeVisible": 0.397423, "tipPosition": [47.3282, 256.866, 64.9271], "tipVelocity": [40.1558, -66.7424, -101.39], "tool": false, "touchDistance": 0.320664, "touchZone": "hovering", "type": 0, "width": 18.2042}, {"bases": [[[-0.471973, 0.187396, -0.861466], [-0.514853, 0.734623, 0.441877], [-0.715659, -0.652083, 0.250241]], [[-0.571537, 0.0900422, -0.815621], [-0.710206, 0.44361, 0.546642], [-0.411039, -0.891685, 0.189591]], [[-0.571537, 0.0900422, -0.815621], [-0.589949, 0.645782, 0.484692], [-0.570356, -0.758194, 0.315968]], [[-0.571537, 0.0900422, -0.815621], [-0.390946, 0.844025, 0.367128], [-0.721462, -0.528691, 0.44719]]], "btipPosition": [55.8472, 349.823, 34.7508], "carpPosition": [138.163, 253.497, 70.2463], "dipPosition": [66.0406, 342.353, 41.069], "direction": [-0.570356, 0.758194, -0.315968], "extended": true, "handId": 156, "id": 1561, "length": 48.6301, "mcpPosition": [92.0435, 295.52, 54.12], "pipPosition": [77.4405, 327.199, 47.3843], "stabilizedTipPosition": [58.887, 349.111, 37.9684], "timeVisible": 0.397423, "tipPosition": [53.5774, 342.612, 35.5198], "tipVelocity": [-32.3708, -70.8662, -79.4508], "tool": false, "touchDistance": 0.357117, "touchZone": "hovering", "type": 1, "width": 17.3887}, {"bases": [[[-0.469591, -0.0304252, -0.88236], [-0.602821, 0.741234, 0.295262], [-0.645052, -0.670557, 0.366417]], [[-0.505059, -0.0680175, -0.860401], [-0.758494, 0.510654, 0.40487], [-0.411828, -0.857092, 0.309501]], [[-0.505059, -0.0680175, -0.860401], [-0.635286, 0.704103, 0.317254], [-0.584232, -0.706832, 0.398824]], [[-0.505059, -0.0680175, -0.860401], [-0.424764, 0.887394, 0.179187], [-0.751326, -0.455967, 0.477077]]], "btipPosition": [62.3473, 355.778, 10.0631], "carpPosition": [143.597, 256.929, 61.5844], "dipPosition": [74.0228, 348.693, 17.4768], "direction": [-0.584232, 0.706832, -0.398824], "extended": true, "handId": 156, "id": 1562, "length": 55.4101, "mcpPosition": [104.176, 297.909, 39.1915], "pipPosition": [87.7611, 332.071, 26.8552], "stabilizedTipPosition": [65.7028, 355.135, 13.6935], "timeVisible": 0.397423, "tipPosition": [59.5329, 348.009, 12.1039], "tipVelocity": [-33.4294, -77.5938, -88.6824], "tool": false, "touchDistance": 0.311871, "touchZone": "hovering", "type": 2, "width": 17.078}, {"bases": [[[-0.512609, -0.184562, -0.838552], [-0.655086, 0.715412, 0.242997], [-0.555062, -0.673886, 0.48763]], [[-0.511509, -0.183227, -0.839516], [-0.774952, 0.52045, 0.358581], [-0.371224, -0.834002, 0.408207]], [[-0.511509, -0.183227, -0.839516], [-0.643651, 0.728966, 0.233071], [-0.569274, -0.659572, 0.490807]], [[-0.511509, -0.183227, -0.839516], [-0.4303, 0.900293, 0.0656853], [-0.743775, -0.394842, 0.53935]]], "btipPosition": [79.9334, 346.669, -9.3093], "carpPosition": [148.638, 257.669, 52.1054], "dipPosition": [91.4251, 340.569, -0.976077], "direction": [-0.569274, 0.659572, -0.490807], "extended": true, "handId": 156, "id": 1563, "length": 53.2782, "mcpPosition": [118.182, 294.645, 25.3493], "pipPosition": [104.466, 325.459, 10.2672], "stabilizedTipPosition": [82.8606, 345.886, -6.07627], "timeVisible": 0.397423, "tipPosition": [77.2189, 339.181, -7.08161], "tipVelocity": [-18.4008, -59.5981, -72.9844], "tool": false, "touchDistance": 0.270654, "touchZone": "hovering", "type": 3, "width": 16.2508}, {"bases": [[[-0.458073, -0.376969, -0.805024], [-0.773289, 0.615631, 0.151733], [-0.438399, -0.69202, 0.57351]], [[-0.429528, -0.332598, -0.839574], [-0.829906, 0.511926, 0.221782], [-0.356036, -0.792029, 0.495911]], [[-0.429528, -0.332598, -0.839574], [-0.677587, 0.733295, 0.0561594], [-0.596977, -0.593007, 0.540335]], [[-0.429528, -0.332598, -0.839574], [-0.423201, 0.895431, -0.138215], [-0.797751, -0.295941, 0.525368]]], "btipPosition": [97.9649, 324.682, -18.7148], "carpPosition": [151.669, 252.564, 41.1432], "dipPosition": [109.336, 320.464, -11.2263], "direction": [-0.596977, 0.593007, -0.540335], "extended": true, "handId": 156, "id": 1564, "length": 41.7692, "mcpPosition": [129.402, 287.714, 12.0134], "pipPosition": [118.991, 310.872, -2.48699], "stabilizedTipPosition": [100.746, 324.132, -16.2582], "timeVisible": 0.397423, "tipPosition": [95.1903, 314.181, -16.3914], "tipVelocity": [-8.84941, -45.9696, -49.1424], "tool": false, "touchDistance": 0.191738, "touchZone": "hovering", "type": 4, "width": 14.4352}, {"bases": [[[0.587832, 0.710268, 0.387262], [-0.756061, 0.312043, 0.575327], [0.287794, -0.63099, 0.720435]], [[0.411241, 0.91033, 0.0466876], [-0.834742, 0.355529, 0.420483], [0.366179, -0.211892, 0.906099]], [[0.411241, 0.91033, 0.0466876], [-0.901007, 0.398203, 0.172107], [0.138083, -0.112843, 0.983971]], [[0.411241, 0.91033, 0.0466876], [-0.908878, 0.41341, -0.0550721], [-0.0694349, -0.0197854, 0.99739]]], "btipPosition": [-64.8387, 188.682, 51.8545], "carpPosition": [-83.3995, 175.852, 138.52], "dipPosition": [-63.4949, 188.299, 71.1573], "direction": [0.138083, 0.112843, -0.983971], "extended": false, "handId": 158, "id": 1580, "length": 43.0969, "mcpPosition": [-83.3995, 175.852, 138.52], "pipPosition": [-67.3882, 185.117, 98.9003], "stabilizedTipPosition": [-66.8111, 190.416, 57.3617], "timeVisible": 0.379622, "tipPosition": [-66.6166, 195.404, 58.7638], "tipVelocity": [68.1208, -224.227, -92.1964], "tool": false, "touchDistance": 1, "touchZone": "none", "type": 0, "width": 18.2042}, {"bases": [[[0.982132, -0.139072, -0.126793], [0.183457, 0.857739, 0.480237], [0.0419676, -0.494917, 0.867926]], [[0.982604, -0.14566, -0.115207], [0.17595, 0.928659, 0.326549], [0.0594227, -0.341139, 0.938133]], [[0.982604, -0.14566, -0.115207], [0.118227, 0.969027, -0.216815], [0.14322, 0.199423, 0.969391]], [[0.982604, -0.14566, -0.115207], [0.0535629, 0.816263, -0.575192], [0.177822, 0.559015, 0.809865]]], "btipPosition": [-84.6936, 225.032, 21.3585], "carpPosition": [-94.8842, 192.903, 141.438], "dipPosition": [-87.206, 232.93, 32.8008], "direction": [0.14322, -0.199423, -0.969391], "extended": true, "handId": 158, "id": 1581, "length": 48.6301, "mcpPosition": [-92.1797, 224.797, 85.5056], "pipPosition": [-90.0686, 236.916, 52.1764], "stabilizedTipPosition": [-89.4184, 228.972, 25.1502], "timeVisible": 0.379622, "tipPosition": [-88.687, 232.836, 26.6915], "tipVelocity": [147.12, -239.336, -117.885], "tool": false, "touchDistance": 1, "touchZone": "none", "type": 1, "width": 17.3887}, {"bases": [[[0.93301, -0.348831, -0.0883656], [0.347733, 0.810805, 0.470826], [-0.0925914, -0.470013, 0.87779]], [[0.93236, -0.352014, -0.0824044], [0.359796, 0.881164, 0.306751], [-0.0353687, -0.315651, 0.948216]], [[0.93236, -0.352014, -0.0824044], [0.320402, 0.910128, -0.262696], [0.167471, 0.218525, 0.961353]], [[0.93236, -0.352014, -0.0824044], [0.214781, 0.722671, -0.656974], [0.290815, 0.594838, 0.749396]]], "btipPosition": [-104.226, 219.876, 14.662], "carpPosition": [-105.615, 192.953, 140.353], "dipPosition": [-108.745, 229.12, 26.3075], "direction": [0.167471, -0.218525, -0.961353], "extended": true, "handId": 158, "id": 1582, "length": 55.4101, "mcpPosition": [-111.274, 221.677, 86.7084], "pipPosition": [-112.684, 234.259, 48.9138], "stabilizedTipPosition": [-107.497, 225.342, 17.8614], "timeVisible": 0.379622, "tipPosition": [-109.539, 228.827, 18.9892], "tipVelocity": [169.719, -218.369, -110.892], "tool": false, "touchDistance": 1, "touchZone": "none", "type": 2, "width": 17.078}, {"bases": [[[0.880329, -0.474318, 0.00653177], [0.410375, 0.768414, 0.491051], [-0.237934, -0.429606, 0.871106]], [[0.874907, -0.483613, 0.0256079], [0.458759, 0.844565, 0.276135], [-0.15517, -0.229845, 0.960778]], [[0.874907, -0.483613, 0.0256079], [0.46428, 0.82254, -0.32844], [0.137774, 0.299243, 0.944178]], [[0.874907, -0.483613, 0.0256079], [0.360175, 0.614425, -0.701965], [0.323745, 0.623378, 0.71175]]], "btipPosition": [-126.577, 205.773, 23.2262], "carpPosition": [-115.947, 190.195, 139.147], "dipPosition": [-131.579, 215.404, 34.2231], "direction": [0.137774, -0.299243, -0.944178], "extended": true, "handId": 158, "id": 1583, "length": 53.2782, "mcpPosition": [-129.002, 213.767, 91.3501], "pipPosition": [-134.735, 222.259, 55.8521], "stabilizedTipPosition": [-126.268, 212.281, 25.8425], "timeVisible": 0.379622, "tipPosition": [-132.04, 216.612, 27.0564], "tipVelocity": [173.251, -235.127, -87.7909], "tool": false, "touchDistance": 1, "touchZone": "none", "type": 3, "width": 16.2508}, {"bases": [[[0.766886, -0.641253, 0.0260827], [0.519659, 0.644292, 0.561108], [-0.376617, -0.416751, 0.827332]], [[0.719187, -0.684409, 0.119812], [0.634316, 0.717105, 0.288796], [-0.283572, -0.1317, 0.949864]], [[0.719187, -0.684409, 0.119812], [0.672234, 0.641785, -0.369071], [0.175702, 0.345972, 0.921646]], [[0.719187, -0.684409, 0.119812], [0.534205, 0.434398, -0.725206], [0.444291, 0.585563, 0.678028]]], "btipPosition": [-142.759, 192.496, 42.5364], "carpPosition": [-124.513, 181.419, 136.903], "dipPosition": [-149.092, 200.842, 52.2009], "direction": [0.175702, -0.345972, -0.921646], "extended": false, "handId": 158, "id": 1584, "length": 41.7692, "mcpPosition": [-143.642, 202.587, 94.8813], "pipPosition": [-151.933, 206.438, 67.1075], "stabilizedTipPosition": [-141.575, 197.433, 45.8221], "timeVisible": 0.379622, "tipPosition": [-146.308, 199.197, 45.6998], "tipVelocity": [210.313, -193.108, -68.8326], "tool": false, "touchDistance": 1, "touchZone": "none", "type": 4, "width": 14.4352}], "r": [[-0.912725, 0.316995, 0.257772], [0.341603, 0.245955, 0.907091], [0.224143, 0.91598, -0.332775]], "s": -1.66003, "t": [-1154.63, -1152.61, 1399.88], "timestamp": 630206410907}, {"currentFrameRate": 54.2609, "devices": [], "gestures": [], "hands": [{"armBasis": [[-0.786577, -0.109163, -0.607766], [-0.376891, 0.864523, 0.332496], [-0.489131, -0.490596, 0.721156]], "armWidth": 56.835, "confidence": 0.975217, "direction": [-0.548384, 0.770364, -0.325291], "elbow": [273.716, 116.11, 234.001], "grabAngle": 0.343888, "grabStrength": 0, "id": 156, "palmNormal": [-0.608193, -0.634405, -0.477109], "palmPosition": [115.839, 278.053, 41.4929], "palmVelocity": [29.5735, -32.4001, -48.0628], "palmWidth": 79.7027, "pinchDistance": 78.5018, "pinchStrength": 0, "r": [[0.834124, -0.551016, -0.0248512], [0.53902, 0.804749, 0.248669], [-0.117022, -0.220816, 0.96827]], "s": 1.31698, "sphereCenter": [110.61, 336.333, 61.3587], "sphereRadius": 68.1174, "stabilizedPalmPosition": [115.742, 278.769, 44.2487], "t": [-63.503, 127.05, -62.1314], "timeVisible": 0.41555, "type": "right", "wrist": [158.033, 232.139, 63.4423]}, {"armBasis": [[0.950152, 0.11942, -0.288012], [0.146743, 0.643754, 0.75103], [0.275097, -0.755856, 0.59414]], "armWidth": 56.835, "confidence": 0.443354, "direction": [-0.140849, 0.57301, -0.807355], "elbow": [-174.982, -14.0127, 294.752], "grabAngle": 1.27887, "grabStrength": 0.24234, "id": 158, "palmNormal": [0.181599, -0.786695, -0.590028], "palmPosition": [-108.085, 203.4, 100.071], "palmVelocity": [94.9955, -102.109, -105.276], "palmWidth": 79.7027, "pinchDistance": 53.7914, "pinchStrength": 0.0826214, "r": [[0.842347, 0.538648, 0.0176163], [-0.404101, 0.652892, -0.640651], [-0.356587, 0.532532, 0.76763]], "s": 0.913377, "sphereCenter": [-115.23, 160.685, 51.2704], "sphereRadius": 64.8203, "stabilizedPalmPosition": [-109.401, 209.583, 103.713], "t": [-0.580669, -11.2085, -2.42907], "timeVisible": 0.397749, "type": "left", "wrist": [-109.92, 164.752, 154.234]}], "id": 54104, "interactionBox": {"center": [0, 200, 0], "size": [235.247, 235.247, 147.751]}, "pointables": [{"bases": [[[-0.667917, 0.743424, 0.0347359], [-0.0241252, -0.0682764, 0.997375], [-0.743844, -0.665326, -0.0635382]], [[-0.282721, 0.957404, 0.0587015], [-0.179592, -0.112951, 0.977235], [-0.942239, -0.265743, -0.203876]], [[-0.282721, 0.957404, 0.0587015], [0.212866, 0.00295153, 0.977077], [-0.935284, -0.288736, 0.204633]], [[-0.282721, 0.957404, 0.0587015], [0.601703, 0.129357, 0.788176], [-0.747009, -0.258155, 0.612645]]], "btipPosition": [47.4431, 259.293, 61.3709], "carpPosition": [129.47, 234.536, 70.0826], "dipPosition": [61.9002, 254.297, 73.2276], "direction": [-0.935284, 0.288736, -0.204633], "extended": true, "handId": 156, "id": 1560, "length": 43.0969, "mcpPosition": [129.47, 234.536, 70.0826], "pipPosition": [88.2704, 246.156, 78.9972], "stabilizedTipPosition": [49.8118, 259.094, 72.3648], "timeVisible": 0.41555, "tipPosition": [48.0597, 255.771, 63.7833], "tipVelocity": [51.3061, -41.2807, -56.0381], "tool": false, "touchDistance": 0.303734, "touchZone": "hovering", "type": 0, "width": 18.2042}, {"bases": [[[-0.473691, 0.192239, -0.859454], [-0.506977, 0.738451, 0.444596], [-0.720133, -0.646324, 0.252337]], [[-0.573066, 0.0965301, -0.813804], [-0.708572, 0.440548, 0.55122], [-0.411729, -0.892524, 0.184065]], [[-0.573066, 0.0965301, -0.813804], [-0.587566, 0.643851, 0.490124], [-0.57128, -0.759038, 0.312251]], [[-0.573066, 0.0965301, -0.813804], [-0.380042, 0.848498, 0.368264], [-0.72606, -0.520319, 0.44956]]], "btipPosition": [56.0897, 348.956, 34.044], "carpPosition": [138.802, 253.074, 69.4375], "dipPosition": [66.348, 341.605, 40.3957], "direction": [-0.57128, 0.759038, -0.312251], "extended": true, "handId": 156, "id": 1561, "length": 48.6301, "mcpPosition": [92.394, 294.725, 53.1761], "pipPosition": [77.7664, 326.434, 46.6368], "stabilizedTipPosition": [58.7309, 348.453, 37.0902], "timeVisible": 0.41555, "tipPosition": [53.7574, 341.692, 34.5076], "tipVelocity": [14.2006, -46.3072, -38.5616], "tool": false, "touchDistance": 0.344254, "touchZone": "hovering", "type": 1, "width": 17.3887}, {"bases": [[[-0.473214, -0.0255724, -0.880576], [-0.595448, 0.745951, 0.298326], [-0.649237, -0.66551, 0.368222]], [[-0.509661, -0.063688, -0.858015], [-0.754484, 0.512394, 0.41013], [-0.413521, -0.856386, 0.309198]], [[-0.509661, -0.063688, -0.858015], [-0.628383, 0.708744, 0.320651], [-0.587692, -0.702585, 0.401239]], [[-0.509661, -0.063688, -0.858015], [-0.407999, 0.895886, 0.175852], [-0.757484, -0.439695, 0.482583]]], "btipPosition": [62.4901, 354.719, 9.03818], "carpPosition": [144.24, 256.559, 60.8001], "dipPosition": [74.2612, 347.887, 16.5374], "direction": [-0.587692, 0.702585, -0.401239], "extended": true, "handId": 156, "id": 1562, "length": 55.4101, "mcpPosition": [104.563, 297.231, 38.2968], "pipPosition": [88.0808, 331.365, 25.9726], "stabilizedTipPosition": [65.5445, 354.512, 12.7757], "timeVisible": 0.41555, "tipPosition": [59.6596, 347.042, 11.085], "tipVelocity": [9.08704, -55.2028, -55.4546], "tool": false, "touchDistance": 0.295118, "touchZone": "hovering", "type": 2, "width": 17.078}, {"bases": [[[-0.517354, -0.179389, -0.836758], [-0.648129, 0.720622, 0.246237], [-0.558815, -0.669719, 0.489084]], [[-0.516678, -0.178579, -0.837349], [-0.770012, 0.524517, 0.363267], [-0.374332, -0.832461, 0.408515]], [[-0.516678, -0.178579, -0.837349], [-0.634647, 0.736344, 0.234566], [-0.574688, -0.652616, 0.493787]], [[-0.516678, -0.178579, -0.837349], [-0.411697, 0.909337, 0.0601025], [-0.750699, -0.375788, 0.543355]]], "btipPosition": [80.0548, 345.612, -10.2947], "carpPosition": [149.311, 257.352, 51.3413], "dipPosition": [91.6534, 339.806, -1.8996], "direction": [-0.574688, 0.652616, -0.493787], "extended": true, "handId": 156, "id": 1563, "length": 53.2782, "mcpPosition": [118.649, 294.099, 24.5054], "pipPosition": [104.818, 324.856, 9.41198], "stabilizedTipPosition": [82.8126, 345.327, -6.87089], "timeVisible": 0.41555, "tipPosition": [77.503, 338.396, -8.04198], "tipVelocity": [8.05079, -54.5618, -53.5755], "tool": false, "touchDistance": 0.254468, "touchZone": "hovering", "type": 3, "width": 16.2508}, {"bases": [[[-0.464305, -0.372281, -0.803634], [-0.767513, 0.62193, 0.155328], [-0.441979, -0.688919, 0.574496]], [[-0.434113, -0.325987, -0.839808], [-0.823809, 0.520881, 0.223653], [-0.364532, -0.788933, 0.494673]], [[-0.434113, -0.325987, -0.839808], [-0.666501, 0.743401, 0.0559624], [-0.606071, -0.584027, 0.539991]], [[-0.434113, -0.325987, -0.839808], [-0.397001, 0.906053, -0.146484], [-0.808663, -0.269814, 0.522747]]], "btipPosition": [97.9898, 323.636, -19.4432], "carpPosition": [152.427, 252.284, 40.3857], "dipPosition": [109.516, 319.79, -11.9921], "direction": [-0.606071, 0.584027, -0.539991], "extended": true, "handId": 156, "id": 1564, "length": 41.7692, "mcpPosition": [129.978, 287.276, 11.2058], "pipPosition": [119.319, 310.344, -3.25837], "stabilizedTipPosition": [100.698, 323.5, -16.9317], "timeVisible": 0.41555, "tipPosition": [95.8083, 313.77, -17.3169], "tipVelocity": [3.34952, -52.9866, -40.6603], "tool": false, "touchDistance": 0.179454, "touchZone": "hovering", "type": 4, "width": 14.4352}, {"bases": [[[0.581538, 0.723016, 0.372911], [-0.757007, 0.313072, 0.57352], [0.297916, -0.61582, 0.729391]], [[0.395007, 0.91846, 0.0200152], [-0.838663, 0.351625, 0.415937], [0.374984, -0.181084, 0.909173]], [[0.395007, 0.91846, 0.0200152], [-0.90655, 0.386172, 0.170408], [0.148784, -0.0854573, 0.98517]], [[0.395007, 0.91846, 0.0200152], [-0.91696, 0.395507, -0.0525147], [-0.0561488, 0.00239053, 0.99842]]], "btipPosition": [-62.6602, 184.597, 50.3538], "carpPosition": [-82.1648, 174.316, 137.207], "dipPosition": [-61.5735, 184.643, 69.6765], "direction": [0.148784, 0.0854573, -0.98517], "extended": false, "handId": 158, "id": 1580, "length": 43.0969, "mcpPosition": [-82.1648, 174.316, 137.207], "pipPosition": [-65.7685, 182.234, 97.4533], "stabilizedTipPosition": [-63.3507, 185.849, 55.3459], "timeVisible": 0.397749, "tipPosition": [-64.6729, 191.888, 57.0685], "tipVelocity": [116.919, -219.898, -82.5388], "tool": false, "touchDistance": 1, "touchZone": "none", "type": 0, "width": 18.2042}, {"bases": [[[0.983066, -0.130249, -0.128905], [0.175947, 0.867507, 0.465269], [0.0512249, -0.48007, 0.875733]], [[0.982966, -0.129325, -0.130589], [0.162411, 0.943815, 0.287813], [0.0860307, -0.30412, 0.948741]], [[0.982966, -0.129325, -0.130589], [0.0942182, 0.96465, -0.246115], [0.157802, 0.229619, 0.960403]], [[0.982966, -0.129325, -0.130589], [0.0262824, 0.802146, -0.596549], [0.1819, 0.582955, 0.791881]]], "btipPosition": [-81.3895, 220.454, 19.2679], "carpPosition": [-93.4711, 191.538, 139.793], "dipPosition": [-83.9595, 228.691, 30.4561], "direction": [0.157802, -0.229619, -0.960403], "extended": true, "handId": 158, "id": 1581, "length": 48.6301, "mcpPosition": [-90.17, 222.475, 83.3581], "pipPosition": [-87.1135, 233.28, 49.6521], "stabilizedTipPosition": [-84.1595, 224.289, 22.8105], "timeVisible": 0.397749, "tipPosition": [-85.9369, 228.853, 24.1994], "tipVelocity": [181.544, -248.27, -118.556], "tool": false, "touchDistance": 1, "touchZone": "none", "type": 1, "width": 17.3887}, {"bases": [[[0.936453, -0.339878, -0.0868204], [0.340694, 0.822247, 0.455891], [-0.0835597, -0.4565, 0.885791]], [[0.936735, -0.338307, -0.0898644], [0.349912, 0.898088, 0.266458], [-0.00943854, -0.281045, 0.959648]], [[0.936735, -0.338307, -0.0898644], [0.29965, 0.907716, -0.293704], [0.180934, 0.248195, 0.951663]], [[0.936735, -0.338307, -0.0898644], [0.191319, 0.709814, -0.677909], [0.293129, 0.617829, 0.729632]]], "btipPosition": [-100.869, 215.353, 12.5591], "carpPosition": [-104.196, 191.69, 138.66], "dipPosition": [-105.424, 224.954, 23.8975], "direction": [0.180934, -0.248195, -0.951663], "extended": true, "handId": 158, "id": 1582, "length": 55.4101, "mcpPosition": [-109.303, 219.588, 84.5262], "pipPosition": [-109.679, 230.79, 46.2759], "stabilizedTipPosition": [-103.605, 219.916, 15.9824], "timeVisible": 0.397749, "tipPosition": [-106.686, 224.825, 16.5582], "tipVelocity": [184.746, -245.012, -119.907], "tool": false, "touchDistance": 1, "touchZone": "none", "type": 2, "width": 17.078}, {"bases": [[[0.885585, -0.464362, 0.0103589], [0.403892, 0.780892, 0.476528], [-0.229371, -0.417822, 0.879098]], [[0.881927, -0.470776, 0.0239696], [0.453121, 0.860676, 0.232204], [-0.129946, -0.193926, 0.972372]], [[0.881927, -0.470776, 0.0239696], [0.44601, 0.816911, -0.365693], [0.152579, 0.333206, 0.930427]], [[0.881927, -0.470776, 0.0239696], [0.338274, 0.596652, -0.72772], [0.328292, 0.649904, 0.685455]]], "btipPosition": [-123.372, 201.443, 21.3864], "carpPosition": [-114.553, 189.027, 137.453], "dipPosition": [-128.444, 211.484, 31.977], "direction": [0.152579, -0.333206, -0.930427], "extended": true, "handId": 158, "id": 1583, "length": 53.2782, "mcpPosition": [-127.138, 211.952, 89.2174], "pipPosition": [-131.939, 219.117, 53.291], "stabilizedTipPosition": [-125.026, 206.158, 24.3921], "timeVisible": 0.397749, "tipPosition": [-129.303, 212.711, 24.7614], "tipVelocity": [175.943, -233.657, -106.652], "tool": false, "touchDistance": 1, "touchZone": "none", "type": 3, "width": 16.2508}, {"bases": [[[0.774096, -0.6322, 0.0331557], [0.514854, 0.659158, 0.54812], [-0.368376, -0.407227, 0.835742]], [[0.728489, -0.673446, 0.125596], [0.635713, 0.732879, 0.2424], [-0.25529, -0.0967428, 0.962012]], [[0.728489, -0.673446, 0.125596], [0.656819, 0.634527, -0.407387], [0.194659, 0.379271, 0.904578]], [[0.728489, -0.673446, 0.125596], [0.512909, 0.414648, -0.751659], [0.454123, 0.611995, 0.647483]]], "btipPosition": [-139.76, 188.966, 40.8771], "carpPosition": [-123.206, 180.311, 135.315], "dipPosition": [-146.233, 197.689, 50.1061], "direction": [0.194659, -0.379271, -0.904578], "extended": false, "handId": 158, "id": 1584, "length": 41.7692, "mcpPosition": [-141.917, 200.995, 92.8657], "pipPosition": [-149.381, 203.823, 64.7367], "stabilizedTipPosition": [-141.33, 192.574, 43.6993], "timeVisible": 0.397749, "tipPosition": [-144.111, 196.274, 43.6657], "tipVelocity": [163.665, -189.943, -97.0644], "tool": false, "touchDistance": 1, "touchZone": "none", "type": 4, "width": 14.4352}], "r": [[-0.905035, 0.337658, 0.258646], [0.347044, 0.234648, 0.90802], [0.24591, 0.911552, -0.329547]], "s": -1.6636, "t": [-1155.78, -1154.87, 1398.5], "timestamp": 630206429034}, {"currentFrameRate": 54.3773, "devices": [], "gestures": [], "hands": [{"armBasis": [[-0.788795, -0.0989579, -0.606638], [-0.365057, 0.869453, 0.332844], [-0.494506, -0.484003, 0.721945]], "armWidth": 56.835, "confidence": 0.97945, "direction": [-0.553981, 0.765117, -0.328179], "elbow": [276.002, 116.923, 233.39], "grabAngle": 0.330301, "grabStrength": 0, "id": 156, "palmNormal": [-0.599825, -0.640179, -0.479981], "palmPosition": [116.492, 276.885, 40.4946], "palmVelocity": [36.3374, -64.9529, -55.5201], "palmWidth": 79.7027, "pinchDistance": 78.1292, "pinchStrength": 0, "r": [[0.827492, -0.560654, -0.0304105], [0.54951, 0.797543, 0.248925], [-0.115307, -0.222694, 0.968045]], "s": 1.31464, "sphereCenter": [112.237, 337.462, 62.3899], "sphereRadius": 70.3123, "stabilizedPalmPosition": [115.905, 278.36, 43.4336], "t": [-63.0709, 126.263, -63.1092], "timeVisible": 0.433531, "type": "right", "wrist": [159.048, 231.393, 62.6452]}, {"armBasis": [[0.951744, 0.130899, -0.277575], [0.139431, 0.621296, 0.771071], [0.273389, -0.772565, 0.573064]], "armWidth": 56.835, "confidence": 0.516183, "direction": [-0.127504, 0.557696, -0.820194], "elbow": [-172.858, -19.7598, 287.592], "grabAngle": 1.28176, "grabStrength": 0.232475, "id": 158, "palmNormal": [0.180223, -0.80015, -0.572083], "palmPosition": [-105.607, 200.811, 97.4415], "palmVelocity": [137.782, -143.983, -146.224], "palmWidth": 79.7027, "pinchDistance": 53.6253, "pinchStrength": 0.0872416, "r": [[0.79888, 0.601255, -0.0168136], [-0.43055, 0.552099, -0.714012], [-0.420021, 0.577649, 0.699932]], "s": 0.901405, "sphereCenter": [-112.106, 157.16, 49.5659], "sphereRadius": 64.5896, "stabilizedPalmPosition": [-108.703, 207.97, 102.56], "t": [1.14174, -13.3709, -4.5954], "timeVisible": 0.41573, "type": "left", "wrist": [-108.199, 162.957, 152.058]}], "id": 54105, "interactionBox": {"center": [0, 200, 0], "size": [235.247, 235.247, 147.751]}, "pointables": [{"bases": [[[-0.660718, 0.749678, 0.0378859], [-0.0198139, -0.0678725, 0.997497], [-0.750373, -0.658313, -0.0596986]], [[-0.280476, 0.958008, 0.0596143], [-0.181575, -0.113941, 0.976754], [-0.94253, -0.263132, -0.205908]], [[-0.280476, 0.958008, 0.0596143], [0.221434, 0.0041472, 0.975167], [-0.93397, -0.286712, 0.213299]], [[-0.280476, 0.958008, 0.0596143], [0.616544, 0.132208, 0.776141], [-0.735668, -0.254444, 0.627735]]], "btipPosition": [48.6067, 258.017, 60.002], "carpPosition": [130.39, 233.503, 69.1613], "dipPosition": [62.8443, 253.093, 72.1507], "direction": [-0.93397, 0.286712, -0.213298], "extended": true, "handId": 156, "id": 1560, "length": 43.0969, "mcpPosition": [130.39, 233.503, 69.1613], "pipPosition": [89.1775, 245.009, 78.1647], "stabilizedTipPosition": [50.0465, 258.843, 71.2796], "timeVisible": 0.433531, "tipPosition": [48.9426, 254.092, 62.4675], "tipVelocity": [61.907, -70.0407, -72.3949], "tool": false, "touchDistance": 0.282039, "touchZone": "hovering", "type": 0, "width": 18.2042}, {"bases": [[[-0.476124, 0.196535, -0.857135], [-0.497798, 0.743263, 0.446943], [-0.724916, -0.63948, 0.256051]], [[-0.575939, 0.102004, -0.811104], [-0.703073, 0.44444, 0.555123], [-0.417112, -0.889982, 0.184254]], [[-0.575939, 0.102004, -0.811104], [-0.582585, 0.644825, 0.494768], [-0.573488, -0.757493, 0.311954]], [[-0.575939, 0.102004, -0.811104], [-0.369861, 0.852315, 0.369813], [-0.729038, -0.512985, 0.453154]]], "btipPosition": [56.2522, 347.344, 32.874], "carpPosition": [139.55, 252.128, 68.5584], "dipPosition": [66.5526, 340.097, 39.2765], "direction": [-0.573488, 0.757493, -0.311954], "extended": true, "handId": 156, "id": 1561, "length": 48.6301, "mcpPosition": [92.8339, 293.338, 52.0576], "pipPosition": [78.0151, 324.956, 45.5116], "stabilizedTipPosition": [58.6888, 347.387, 36.0365], "timeVisible": 0.433531, "tipPosition": [53.9233, 340.023, 33.2049], "tipVelocity": [9.57626, -88.3172, -64.4229], "tool": false, "touchDistance": 0.324947, "touchZone": "hovering", "type": 1, "width": 17.3887}, {"bases": [[[-0.4778, -0.0212753, -0.878211], [-0.58692, 0.751569, 0.301113], [-0.65363, -0.659312, 0.371587]], [[-0.514241, -0.0587806, -0.855629], [-0.749489, 0.515778, 0.415017], [-0.41692, -0.854703, 0.30929]], [[-0.514241, -0.0587806, -0.855629], [-0.625535, 0.708225, 0.327298], [-0.586739, -0.703536, 0.400968]], [[-0.514241, -0.0587806, -0.855629], [-0.403152, 0.897122, 0.180667], [-0.756984, -0.437855, 0.485035]]], "btipPosition": [62.8744, 353.371, 7.94436], "carpPosition": [144.998, 255.663, 59.9472], "dipPosition": [74.6377, 346.567, 15.4817], "direction": [-0.586739, 0.703536, -0.400968], "extended": true, "handId": 156, "id": 1562, "length": 55.4101, "mcpPosition": [105.053, 295.956, 37.2384], "pipPosition": [88.4349, 330.023, 24.9105], "stabilizedTipPosition": [65.5565, 353.599, 11.7302], "timeVisible": 0.433531, "tipPosition": [59.9894, 345.53, 9.78961], "tipVelocity": [21.2736, -74.6371, -60.3447], "tool": false, "touchDistance": 0.277033, "touchZone": "hovering", "type": 2, "width": 17.078}, {"bases": [[[-0.523166, -0.174662, -0.834141], [-0.640094, 0.726728, 0.249291], [-0.562651, -0.664349, 0.492]], [[-0.521011, -0.172121, -0.836015], [-0.765866, 0.52668, 0.36886], [-0.376824, -0.832456, 0.406227]], [[-0.521011, -0.172121, -0.836015], [-0.633197, 0.734742, 0.243342], [-0.572372, -0.656146, 0.491795]], [[-0.521011, -0.172121, -0.836015], [-0.408634, 0.910216, 0.0672667], [-0.749377, -0.376671, 0.544567]]], "btipPosition": [80.6229, 344.562, -11.171], "carpPosition": [150.108, 256.502, 50.5135], "dipPosition": [92.2011, 338.742, -2.75716], "direction": [-0.572372, 0.656146, -0.491795], "extended": true, "handId": 156, "id": 1563, "length": 53.2782, "mcpPosition": [119.235, 292.954, 23.5177], "pipPosition": [105.313, 323.711, 8.50878], "stabilizedTipPosition": [82.9904, 344.537, -7.7591], "timeVisible": 0.433531, "tipPosition": [78.0496, 337.105, -9.24299], "tipVelocity": [31.3338, -58.6162, -48.4946], "tool": false, "touchDistance": 0.239935, "touchZone": "hovering", "type": 3, "width": 16.2508}, {"bases": [[[-0.471769, -0.368039, -0.801238], [-0.760851, 0.629147, 0.158998], [-0.445579, -0.684633, 0.576834]], [[-0.439356, -0.319115, -0.839721], [-0.823285, 0.517028, 0.234273], [-0.359399, -0.794259, 0.489882]], [[-0.439356, -0.319115, -0.839721], [-0.681667, 0.727244, 0.0802883], [-0.585061, -0.607685, 0.537049]], [[-0.439356, -0.319115, -0.839721], [-0.420656, 0.899039, -0.121563], [-0.793735, -0.299824, 0.529236]]], "btipPosition": [99.4087, 323.561, -20.2778], "carpPosition": [153.326, 251.461, 39.5746], "dipPosition": [110.722, 319.288, -12.7342], "direction": [-0.585061, 0.607685, -0.537049], "extended": true, "handId": 156, "id": 1564, "length": 41.7692, "mcpPosition": [130.694, 286.235, 10.276], "pipPosition": [120.185, 309.459, -4.04808], "stabilizedTipPosition": [101.353, 323.04, -17.7359], "timeVisible": 0.433531, "tipPosition": [96.9217, 313.317, -18.4326], "tipVelocity": [76.1901, -9.61574, -45.2335], "tool": false, "touchDistance": 0.165898, "touchZone": "hovering", "type": 4, "width": 14.4352}, {"bases": [[[0.578545, 0.735667, 0.352249], [-0.7541, 0.317856, 0.574718], [0.310837, -0.598132, 0.73866]], [[0.382907, 0.923748, -0.00847238], [-0.841797, 0.352685, 0.408645], [0.380473, -0.149341, 0.912654]], [[0.382907, 0.923748, -0.00847238], [-0.908755, 0.378308, 0.1762], [0.165969, -0.0597688, 0.984318]], [[0.382907, 0.923748, -0.00847238], [-0.923325, 0.382409, -0.035143], [-0.0292233, 0.0212792, 0.999346]]], "btipPosition": [-59.5778, 180.06, 48.4218], "carpPosition": [-80.328, 172.257, 135.421], "dipPosition": [-59.0122, 180.472, 67.7625], "direction": [0.165969, 0.0597688, -0.984318], "extended": false, "handId": 158, "id": 1580, "length": 43.0969, "mcpPosition": [-80.328, 172.257, 135.421], "pipPosition": [-63.6917, 178.787, 95.5152], "stabilizedTipPosition": [-60.1693, 181.208, 53.3279], "timeVisible": 0.41573, "tipPosition": [-61.7829, 187.731, 55.0379], "tipVelocity": [164.761, -247.634, -107.215], "tool": false, "touchDistance": 1, "touchZone": "none", "type": 0, "width": 18.2042}, {"bases": [[[0.982889, -0.123989, -0.13622], [0.172582, 0.87835, 0.445776], [0.064378, -0.461657, 0.884719]], [[0.982135, -0.118984, -0.14579], [0.153707, 0.954183, 0.256729], [0.108564, -0.274551, 0.955424]], [[0.982135, -0.118984, -0.14579], [0.0761077, 0.959699, -0.270529], [0.172103, 0.2546, 0.951609]], [[0.982135, -0.118984, -0.14579], [0.00420902, 0.788431, -0.615109], [0.188133, 0.603506, 0.774846]]], "btipPosition": [-77.3968, 215.519, 16.6173], "carpPosition": [-91.5005, 189.629, 137.543], "dipPosition": [-80.0549, 224.045, 27.5648], "direction": [0.172103, -0.2546, -0.951609], "extended": true, "handId": 158, "id": 1581, "length": 48.6301, "mcpPosition": [-87.3517, 219.38, 80.5285], "pipPosition": [-83.4948, 229.134, 46.585], "stabilizedTipPosition": [-79.6183, 219.262, 20.0972], "timeVisible": 0.41573, "tipPosition": [-82.2683, 224.195, 21.2009], "tipVelocity": [220.922, -270.77, -150.489], "tool": false, "touchDistance": 1, "touchZone": "none", "type": 1, "width": 17.3887}, {"bases": [[[0.938631, -0.333129, -0.0894237], [0.337638, 0.834395, 0.435644], [-0.0705109, -0.439102, 0.895666]], [[0.939121, -0.329911, -0.0959662], [0.343444, 0.909381, 0.234675], [0.00984779, -0.253348, 0.967325]], [[0.939121, -0.329911, -0.0959662], [0.285027, 0.904026, -0.318586], [0.191861, 0.271838, 0.943024]], [[0.939121, -0.329911, -0.0959662], [0.173752, 0.696976, -0.695727], [0.296414, 0.636697, 0.711867]]], "btipPosition": [-97.0106, 210.501, 9.76657], "carpPosition": [-102.212, 189.854, 136.298], "dipPosition": [-101.617, 220.395, 20.8288], "direction": [0.191861, -0.271838, -0.943024], "extended": true, "handId": 158, "id": 1582, "length": 55.4101, "mcpPosition": [-106.521, 216.689, 81.5604], "pipPosition": [-106.128, 226.788, 43.0041], "stabilizedTipPosition": [-99.6069, 214.759, 13.3303], "timeVisible": 0.41573, "tipPosition": [-102.991, 220.233, 13.4856], "tipVelocity": [213.934, -266.074, -158.837], "tool": false, "touchDistance": 1, "touchZone": "none", "type": 2, "width": 17.078}, {"bases": [[[0.889883, -0.456061, 0.010771], [0.401417, 0.794039, 0.456472], [-0.216732, -0.401883, 0.889673]], [[0.886678, -0.461787, 0.0235493], [0.448275, 0.870988, 0.201071], [-0.113363, -0.167729, 0.979294]], [[0.886678, -0.461787, 0.0235493], [0.433408, 0.812283, -0.390325], [0.161118, 0.356299, 0.920376]], [[0.886678, -0.461787, 0.0235493], [0.322118, 0.580358, -0.747947], [0.331725, 0.670774, 0.663341]]], "btipPosition": [-119.844, 196.983, 18.7091], "carpPosition": [-112.58, 187.261, 135.04], "dipPosition": [-124.97, 207.347, 28.958], "direction": [0.161118, -0.356299, -0.920376], "extended": true, "handId": 158, "id": 1583, "length": 53.2782, "mcpPosition": [-124.472, 209.312, 86.2239], "pipPosition": [-128.66, 215.509, 50.0418], "stabilizedTipPosition": [-122.094, 201.184, 21.9563], "timeVisible": 0.41573, "tipPosition": [-125.832, 208.485, 21.726], "tipVelocity": [195.508, -243.908, -153.264], "tool": false, "touchDistance": 1, "touchZone": "none", "type": 3, "width": 16.2508}, {"bases": [[[0.780178, -0.624397, 0.0380971], [0.514204, 0.674793, 0.529385], [-0.356254, -0.393425, 0.847526]], [[0.732681, -0.666465, 0.137855], [0.63452, 0.742187, 0.215737], [-0.246095, -0.0705948, 0.966671]], [[0.732681, -0.666465, 0.137855], [0.652022, 0.629341, -0.422844], [0.195053, 0.399694, 0.895656]], [[0.732681, -0.666465, 0.137855], [0.508078, 0.400873, -0.762337], [0.452808, 0.62859, 0.632328]]], "btipPosition": [-136.973, 185.204, 38.1788], "carpPosition": [-121.291, 178.581, 132.991], "dipPosition": [-143.427, 194.164, 47.1918], "direction": [0.195053, -0.399694, -0.895656], "extended": false, "handId": 158, "id": 1584, "length": 41.7692, "mcpPosition": [-139.386, 198.564, 89.9433], "pipPosition": [-146.582, 200.628, 61.678], "stabilizedTipPosition": [-139.22, 188.675, 41.1673], "timeVisible": 0.41573, "tipPosition": [-141.08, 192.752, 40.818], "tipVelocity": [155.225, -206.186, -152.828], "tool": false, "touchDistance": 1, "touchZone": "none", "type": 4, "width": 14.4352}], "r": [[-0.897031, 0.356938, 0.260635], [0.352892, 0.223404, 0.908602], [0.266088, 0.907021, -0.32636]], "s": -1.66657, "t": [-1157.39, -1157.33, 1397], "timestamp": 630206447015}, {"currentFrameRate": 54.4415, "devices": [], "gestures": [], "hands": [{"armBasis": [[-0.791614, -0.0895558, -0.604423], [-0.354674, 0.872842, 0.335191], [-0.497547, -0.479715, 0.722717]], "armWidth": 56.835, "confidence": 0.982995, "direction": [-0.559292, 0.758922, -0.333512], "elbow": [277.825, 117.475, 232.783], "grabAngle": 0.322207, "grabStrength": 0, "id": 156, "palmNormal": [-0.589476, -0.646973, -0.483678], "palmPosition": [117.271, 275.962, 39.3562], "palmVelocity": [42.9559, -50.8546, -62.7475], "palmWidth": 79.7027, "pinchDistance": 77.6579, "pinchStrength": 0, "r": [[0.820859, -0.569997, -0.0359748], [0.559857, 0.790605, 0.248001], [-0.112918, -0.223714, 0.968092]], "s": 1.3122, "sphereCenter": [113.486, 338.001, 62.1801], "sphereRadius": 71.5764, "stabilizedPalmPosition": [116.224, 277.8, 42.4815], "t": [-62.4651, 125.408, -64.1674], "timeVisible": 0.451674, "type": "right", "wrist": [160.152, 230.931, 61.8557]}, {"armBasis": [[0.95102, 0.132874, -0.279117], [0.140346, 0.618909, 0.772823], [0.275436, -0.774143, 0.569946]], "armWidth": 56.835, "confidence": 0.582805, "direction": [-0.109288, 0.540071, -0.834494], "elbow": [-171.156, -22.4727, 284.283], "grabAngle": 1.27688, "grabStrength": 0.227281, "id": 158, "palmNormal": [0.18068, -0.814744, -0.550951], "palmPosition": [-102.345, 197.369, 94.2228], "palmVelocity": [179.835, -189.755, -177.407], "palmWidth": 79.7027, "pinchDistance": 53.4487, "pinchStrength": 0.0921559, "r": [[0.760086, 0.647453, -0.0554435], [-0.448128, 0.460469, -0.766257], [-0.470585, 0.607267, 0.640138]], "s": 0.895034, "sphereCenter": [-108.594, 152.43, 47.1774], "sphereRadius": 64.8376, "stabilizedPalmPosition": [-107.219, 205.495, 100.613], "t": [3.63432, -16.1735, -7.2879], "timeVisible": 0.433873, "type": "left", "wrist": [-106.014, 160.617, 149.487]}], "id": 54106, "interactionBox": {"center": [0, 200, 0], "size": [235.247, 235.247, 147.751]}, "pointables": [{"bases": [[[-0.652643, 0.756505, 0.0419104], [-0.0128223, -0.0663353, 0.997715], [-0.757557, -0.650615, -0.0529934]], [[-0.278624, 0.958515, 0.0601482], [-0.181956, -0.114178, 0.976655], [-0.943006, -0.261176, -0.20622]], [[-0.278624, 0.958515, 0.0601482], [0.232787, 0.00664118, 0.972505], [-0.931761, -0.284965, 0.22498]], [[-0.278624, 0.958515, 0.0601482], [0.640017, 0.138618, 0.755753], [-0.716063, -0.249067, 0.652088]]], "btipPosition": [50.032, 257.04, 58.2439], "carpPosition": [131.394, 232.765, 68.1901], "dipPosition": [63.8902, 252.219, 70.8639], "direction": [-0.931761, 0.284965, -0.22498], "extended": true, "handId": 156, "id": 1560, "length": 43.0969, "mcpPosition": [131.394, 232.765, 68.1901], "pipPosition": [90.1611, 244.185, 77.2072], "stabilizedTipPosition": [50.4077, 258.512, 70.1262], "timeVisible": 0.451674, "tipPosition": [49.9682, 252.678, 60.8564], "tipVelocity": [73.7471, -52.5597, -90.9304], "tool": false, "touchDistance": 0.254543, "touchZone": "hovering", "type": 0, "width": 18.2042}, {"bases": [[[-0.480666, 0.200295, -0.853722], [-0.48665, 0.748954, 0.44971], [-0.729474, -0.631625, 0.262524]], [[-0.578403, 0.109551, -0.808362], [-0.697714, 0.446998, 0.55981], [-0.422664, -0.887801, 0.1821