{"frames": 164, "data": [{"currentFrameRate": 115.187, "devices": [], "gestures": [{"direction": [0.528681, -0.829528, -0.179941], "duration": 190746, "handIds": [32], "id": 7, "pointableIds": [320], "position": [-28.3931, 65.5997, 15.3881], "speed": 73.1182, "startPosition": [-95.8535, 316.165, 63.0801], "state": "update", "type": "swipe"}, {"direction": [0.484082, -0.81785, -0.311104], "duration": 52048, "handIds": [32], "id": 8, "pointableIds": [323], "position": [-75.1, 64.642, -12.508], "speed": 99.8752, "startPosition": [-155.443, 226.498, 44.5498], "state": "update", "type": "swipe"}, {"direction": [0.441947, -0.834301, -0.329583], "duration": 52048, "handIds": [32], "id": 9, "pointableIds": [324], "position": [-95.1675, 63.517, 7.64802], "speed": 114.672, "startPosition": [-164.742, 242.596, 65.128], "state": "update", "type": "swipe"}], "hands": [{"armBasis": [[-0.605094, -0.391815, -0.693067], [-0.658172, 0.735983, 0.158551], [-0.447963, -0.552096, 0.703221]], "armWidth": 59.1075, "confidence": 1, "direction": [-0.394734, 0.801141, -0.449842], "elbow": [285.439, -11.4624, 219.508], "grabAngle": 1.03606, "grabStrength": 0.158935, "id": 30, "palmNormal": [-0.786959, -0.547497, -0.284505], "palmPosition": [141.875, 175.687, 18.8347], "palmVelocity": [-38.986, 10.2953, -2.18763], "palmWidth": 82.3528, "pinchDistance": 68.0188, "pinchStrength": 0, "r": [[0.711835, -0.679308, 0.178412], [0.545745, 0.694872, 0.468311], [-0.442102, -0.235993, 0.865363]], "s": 1.20043, "sphereCenter": [97.2008, 173.04, -5.38301], "sphereRadius": 56.888, "stabilizedPalmPosition": [138.14, 172.962, 15.5982], "t": [-33.8856, 53.7224, 28.8054], "timeVisible": 3.21738, "type": "right", "wrist": [175.908, 123.529, 47.5655]}, {"armBasis": [[0.992088, -0.112662, 0.0554033], [0.000330058, 0.443631, 0.896209], [-0.125548, -0.8891, 0.440158]], "armWidth": 59.1075, "confidence": 1, "direction": [-0.0788708, 0.345588, -0.935066], "elbow": [-34.6236, -147.631, 228.293], "grabAngle": 1.51848, "grabStrength": 0.260993, "id": 32, "palmNormal": [0.0745436, -0.933317, -0.351229], "palmPosition": [-64.1744, 96.6702, 58.7739], "palmVelocity": [237.871, -244.425, -93.1267], "palmWidth": 82.3528, "pinchDistance": 34.1103, "pinchStrength": 0.660628, "r": [[0.814861, -0.124398, 0.566151], [0.252999, 0.955085, -0.154284], [-0.52153, 0.268955, 0.809734]], "s": 0.6344, "sphereCenter": [-73.6848, 43.4742, 26.1865], "sphereRadius": 58.6547, "stabilizedPalmPosition": [-64.9355, 97.4649, 59.0937], "t": [-49.7926, -24.9536, 21.5865], "timeVisible": 2.41949, "type": "left", "wrist": [-65.321, 69.7608, 120.671]}], "id": 20835, "interactionBox": {"center": [0, 200, 0], "size": [235.247, 235.247, 147.751]}, "pointables": [{"bases": [[[-0.817675, 0.548764, -0.173971], [-0.124343, 0.126712, 0.984115], [-0.562091, -0.826318, 0.0353742]], [[-0.476181, 0.862516, -0.171221], [-0.0611851, 0.161744, 0.984934], [-0.877216, -0.479484, 0.0242461]], [[-0.476181, 0.862516, -0.171221], [0.363846, 0.370522, 0.854593], [-0.800542, -0.344643, 0.490259]], [[-0.476181, 0.862516, -0.171221], [0.750809, 0.500154, 0.43143], [-0.457753, -0.0768847, 0.885749]]], "btipPosition": [75.6772, 168.997, 22.4857], "carpPosition": [148.814, 135.386, 56.5689], "dipPosition": [85.1148, 167.412, 40.7473], "direction": [-0.800542, 0.344643, -0.490259], "extended": false, "handId": 30, "id": 300, "length": 45.9114, "mcpPosition": [148.814, 135.386, 56.5689], "pipPosition": [109.16, 157.061, 55.4729], "stabilizedTipPosition": [72.625, 164.931, 21.4063], "timeVisible": 3.21738, "tipPosition": [79.1062, 169.894, 26.6093], "tipVelocity": [-24.6512, -20.5643, -16.9217], "tool": false, "touchDistance": 0.357877, "touchZone": "hovering", "type": 0, "width": 18.98}, {"bases": [[[-0.401207, -0.103758, -0.910092], [-0.708717, 0.664614, 0.236661], [-0.580304, -0.739948, 0.340183]], [[-0.431587, -0.143076, -0.890653], [-0.742646, 0.616824, 0.260779], [-0.512065, -0.773988, 0.372468]], [[-0.431587, -0.143076, -0.890653], [-0.388613, 0.920513, 0.0404388], [-0.814072, -0.363572, 0.452883]], [[-0.431587, -0.143076, -0.890653], [0.0695653, 0.979122, -0.190997], [-0.899385, 0.14439, 0.412623]]], "btipPosition": [73.4747, 235.238, -1.5504], "carpPosition": [162.366, 151.106, 51.0516], "dipPosition": [87.0117, 237.411, 4.66015], "direction": [-0.814072, 0.363572, -0.452883], "extended": true, "handId": 30, "id": 301, "length": 51.8059, "mcpPosition": [123.726, 200.376, 28.4002], "pipPosition": [104.345, 229.669, 14.3032], "stabilizedTipPosition": [74.3742, 231.723, -3.55447], "timeVisible": 3.21738, "tipPosition": [77.1291, 238.04, 1.03956], "tipVelocity": [-68.8573, -17.3342, 12.1165], "tool": false, "touchDistance": 0.35335, "touchZone": "hovering", "type": 1, "width": 18.1297}, {"bases": [[[-0.349183, -0.314544, -0.882685], [-0.778911, 0.621098, 0.0868032], [-0.52093, -0.717844, 0.461879]], [[-0.326309, -0.28318, -0.901849], [-0.785891, 0.611428, 0.0923648], [-0.52526, -0.738894, 0.422063]], [[-0.326309, -0.28318, -0.901849], [-0.441743, 0.889166, -0.119365], [-0.835695, -0.359435, 0.415235]], [[-0.326309, -0.28318, -0.901849], [0.0353174, 0.949753, -0.311], [-0.944603, 0.133333, 0.299912]]], "btipPosition": [75.8076, 234.878, -21.2616], "carpPosition": [167.578, 151.378, 41.1923], "dipPosition": [91.4451, 237.086, -16.2966], "direction": [-0.835695, 0.359435, -0.415235], "extended": true, "handId": 30, "id": 302, "length": 59.0287, "mcpPosition": [134.683, 196.707, 12.0268], "pipPosition": [112.38, 228.082, -5.89467], "stabilizedTipPosition": [78.5752, 228.734, -22.2726], "timeVisible": 3.21738, "tipPosition": [78.7378, 233.455, -19.5727], "tipVelocity": [-43.6656, 43.2688, 7.85713], "tool": false, "touchDistance": 0.354032, "touchZone": "hovering", "type": 2, "width": 17.8058}, {"bases": [[[-0.362318, -0.462672, -0.80911], [-0.818078, 0.573838, 0.038197], [-0.446626, -0.675755, 0.586414]], [[-0.328936, -0.412389, -0.849551], [-0.797537, 0.603056, 0.0160612], [-0.505703, -0.682831, 0.527263]], [[-0.328936, -0.412389, -0.849551], [-0.449428, 0.859564, -0.243237], [-0.830551, -0.301803, 0.468081]], [[-0.328936, -0.412389, -0.849551], [0.0186297, 0.896603, -0.442443], [-0.944169, 0.161362, 0.287242]]], "btipPosition": [90.661, 218.829, -39.0042], "carpPosition": [171.696, 148.932, 31.1458], "dipPosition": [106.202, 221.485, -34.2764], "direction": [-0.830551, 0.301803, -0.468081], "extended": true, "handId": 30, "id": 303, "length": 56.7577, "mcpPosition": [146.375, 187.243, -2.1003], "pipPosition": [126.47, 214.119, -22.8534], "stabilizedTipPosition": [94.2169, 212.768, -39.2711], "timeVisible": 3.21738, "tipPosition": [93.4429, 216.663, -37.4], "tipVelocity": [-28.6127, 68.6885, 1.85015], "tool": false, "touchDistance": 0.346146, "touchZone": "hovering", "type": 3, "width": 16.9433}, {"bases": [[[-0.271391, -0.626186, -0.730916], [-0.900695, 0.432919, -0.036457], [-0.339256, -0.648438, 0.681493]], [[-0.24547, -0.576345, -0.779469], [-0.874888, 0.478014, -0.077928], [-0.417511, -0.662819, 0.621575]], [[-0.24547, -0.576345, -0.779469], [-0.542432, 0.74807, -0.382306], [-0.803438, -0.328964, 0.496257]], [[-0.24547, -0.576345, -0.779469], [-0.0987156, 0.814751, -0.571345], [-0.964365, 0.0633023, 0.256891]]], "btipPosition": [113.016, 200.309, -46.5173], "carpPosition": [172.313, 140.925, 21.0612], "dipPosition": [127.66, 201.271, -42.6165], "direction": [-0.803438, 0.328964, -0.496257], "extended": true, "handId": 30, "id": 304, "length": 44.497, "mcpPosition": [154.508, 174.956, -14.7043], "pipPosition": [141.503, 195.602, -34.0659], "stabilizedTipPosition": [116.158, 194.449, -47.6866], "timeVisible": 3.21738, "tipPosition": [116.685, 199.14, -45.8669], "tipVelocity": [-16.3347, 70.6843, -3.47954], "tool": false, "touchDistance": 0.341863, "touchZone": "hovering", "type": 4, "width": 15.0504}, {"bases": [[[0.482085, 0.863024, 0.150942], [-0.797484, 0.360913, 0.483488], [0.362785, -0.353456, 0.862239]], [[0.333304, 0.931511, -0.145587], [-0.910629, 0.358069, 0.206257], [0.244261, 0.0638288, 0.967607]], [[0.333304, 0.931511, -0.145587], [-0.93957, 0.34098, 0.0306608], [0.078203, 0.126569, 0.98887]], [[0.333304, 0.931511, -0.145587], [-0.940919, 0.318844, -0.114062], [-0.0598311, 0.175003, 0.982748]]], "btipPosition": [-28.6769, 64.7698, 10.7279], "carpPosition": [-40.8339, 75.0649, 104.432], "dipPosition": [-27.4433, 68.3779, 30.9894], "direction": [0.078203, -0.126569, -0.98887], "extended": false, "handId": 32, "id": 320, "length": 45.9114, "mcpPosition": [-40.8339, 75.0649, 104.432], "pipPosition": [-29.7922, 72.1795, 60.6914], "stabilizedTipPosition": [-28.5837, 65.9302, 15.4], "timeVisible": 2.41949, "tipPosition": [-30.6261, 62.0687, 17.2299], "tipVelocity": [214.471, -366.57, -3.83598], "tool": false, "touchDistance": 0.320777, "touchZone": "hovering", "type": 0, "width": 18.98}, {"bases": [[[0.936307, -0.331238, 0.116665], [0.297284, 0.924441, 0.23881], [-0.186953, -0.188917, 0.964033]], [[0.939006, -0.328366, 0.102189], [0.34368, 0.906648, -0.244691], [-0.0123007, 0.264887, 0.964201]], [[0.939006, -0.328366, 0.102189], [0.289967, 0.596225, -0.748622], [0.184895, 0.732592, 0.655074]], [[0.939006, -0.328366, 0.102189], [0.189873, 0.247275, -0.95016], [0.286732, 0.911609, 0.294541]]], "btipPosition": [-74.0145, 61.191, -13.6231], "carpPosition": [-72.1629, 93.7891, 99.817], "dipPosition": [-78.734, 76.1956, -8.77509], "direction": [0.184895, -0.732592, -0.655074], "extended": false, "handId": 32, "id": 323, "length": 56.7577, "mcpPosition": [-82.762, 104.5, 45.1622], "pipPosition": [-83.2461, 94.0736, 7.21122], "stabilizedTipPosition": [-75.6786, 65.2889, -12.3072], "timeVisible": 2.41949, "tipPosition": [-75.281, 60.1873, -7.42354], "tipVelocity": [253.468, -267.473, -80.5312], "tool": false, "touchDistance": 0.305526, "touchZone": "hovering", "type": 3, "width": 16.9433}, {"bases": [[[0.846299, -0.499037, 0.186384], [0.421603, 0.841321, 0.338274], [-0.32562, -0.207701, 0.922405]], [[0.788572, -0.524345, 0.321274], [0.595331, 0.78184, -0.185222], [-0.154064, 0.337325, 0.928696]], [[0.788572, -0.524345, 0.321274], [0.568012, 0.420901, -0.707251], [0.235619, 0.740206, 0.629745]], [[0.788572, -0.524345, 0.321274], [0.453689, 0.1434, -0.879547], [0.415115, 0.839344, 0.35097]]], "btipPosition": [-93.7177, 60.5856, 6.42227], "carpPosition": [-82.1929, 85.6917, 99.9392], "dipPosition": [-100.021, 73.3307, 11.7516], "direction": [0.235619, -0.740206, -0.629745], "extended": false, "handId": 32, "id": 324, "length": 44.497, "mcpPosition": [-99.2818, 96.592, 51.5305], "pipPosition": [-104.081, 86.0846, 22.6022], "stabilizedTipPosition": [-95.8109, 64.3082, 8.07251], "timeVisible": 2.41949, "tipPosition": [-91.9172, 62.4386, 11.497], "tipVelocity": [174.605, -200.451, -113.077], "tool": false, "touchDistance": 0.280471, "touchZone": "hovering", "type": 4, "width": 15.0504}, {"bases": [[[0.993224, -0.0379973, -0.109829], [0.060493, 0.975954, 0.209412], [0.0992306, -0.214637, 0.97164]], [[0.994545, -0.0410713, -0.095884], [0.0148229, 0.965539, -0.259834], [0.103251, 0.256996, 0.960881]], [[0.994545, -0.0410713, -0.095884], [-0.0419621, 0.684029, -0.728247], [0.0954975, 0.728298, 0.678574]], [[0.994545, -0.0410713, -0.095884], [-0.0795354, 0.296148, -0.951825], [0.0674885, 0.954259, 0.291266]]], "btipPosition": [-36.6108, 68.9316, -17.994], "carpPosition": [-50.1752, 94.2367, 101.903], "dipPosition": [-37.6266, 83.2945, -13.61], "direction": [0.0954975, -0.728298, -0.678574], "extended": false, "handId": 32, "id": 321, "length": 51.8059, "mcpPosition": [-43.5678, 108.529, 37.2054], "pipPosition": [-39.66, 98.8019, 0.838644], "stabilizedTipPosition": [-37.2657, 72.9197, -16.9731], "timeVisible": 2.41949, "tipPosition": [-38.176, 67.7274, -12.8702], "tipVelocity": [272.129, -429.704, 4.8075], "tool": false, "touchDistance": 0.327742, "touchZone": "hovering", "type": 1, "width": 18.1297}, {"bases": [[[0.972536, -0.232462, -0.0116264], [0.229702, 0.950531, 0.209111], [-0.0375591, -0.206039, 0.977823]], [[0.973222, -0.226253, -0.0406048], [0.210668, 0.948582, -0.236244], [0.0919679, 0.221364, 0.970845]], [[0.973222, -0.226253, -0.0406048], [0.125842, 0.672237, -0.729562], [0.192362, 0.704916, 0.682708]], [[0.973222, -0.226253, -0.0406048], [0.0205744, 0.261674, -0.964937], [0.228945, 0.938262, 0.259322]]], "btipPosition": [-51.0342, 65.8554, -23.8663], "carpPosition": [-61.1766, 95.4358, 100.498], "dipPosition": [-54.8243, 81.388, -19.5733], "direction": [0.192362, -0.704916, -0.682708], "extended": false, "handId": 32, "id": 322, "length": 59.0287, "mcpPosition": [-63.5482, 108.446, 38.7528], "pipPosition": [-59.6431, 99.0467, -2.4709], "stabilizedTipPosition": [-52.4296, 70.0752, -22.7872], "timeVisible": 2.41949, "tipPosition": [-53.9138, 63.7758, -18.2452], "tipVelocity": [296.284, -349.092, -41.3596], "tool": false, "touchDistance": 0.319021, "touchZone": "hovering", "type": 2, "width": 17.8058}], "r": [[-0.793808, 0.428829, 0.431248], [0.573725, 0.292779, 0.764931], [0.201765, 0.854626, -0.47844]], "s": -0.338451, "t": [-221.871, -502.246, 320.322], "timestamp": 554528332110}, {"currentFrameRate": 115.168, "devices": [], "gestures": [{"direction": [0.561174, -0.809005, -0.174914], "duration": 199461, "handIds": [32], "id": 7, "pointableIds": [320], "position": [-26.6913, 63.2174, 14.7792], "speed": 70.1946, "startPosition": [-95.8535, 316.165, 63.0801], "state": "update", "type": "swipe"}, {"direction": [0.519724, -0.795196, -0.312331], "duration": 60763, "handIds": [32], "id": 8, "pointableIds": [323], "position": [-73.1623, 62.5447, -13.5516], "speed": 97.2019, "startPosition": [-155.443, 226.498, 44.5498], "state": "update", "type": "swipe"}, {"direction": [0.455367, -0.825115, -0.334405], "duration": 60763, "handIds": [32], "id": 9, "pointableIds": [324], "position": [-93.6353, 61.6077, 6.54211], "speed": 112.276, "startPosition": [-164.742, 242.596, 65.128], "state": "update", "type": "swipe"}], "hands": [{"armBasis": [[-0.60669, -0.389927, -0.692737], [-0.657392, 0.736055, 0.161426], [-0.446948, -0.553336, 0.702892]], "armWidth": 59.0201, "confidence": 1, "direction": [-0.397839, 0.800378, -0.448462], "elbow": [285.081, -11.5711, 219.124], "grabAngle": 1.01828, "grabStrength": 0.144507, "id": 30, "palmNormal": [-0.784906, -0.550016, -0.285317], "palmPosition": [141.677, 175.71, 18.7296], "palmVelocity": [-22.7079, 2.64931, -12.0611], "palmWidth": 82.2959, "pinchDistance": 67.8488, "pinchStrength": 0, "r": [[0.710602, -0.679717, 0.181743], [0.544466, 0.694835, 0.469852], [-0.445647, -0.234925, 0.863834]], "s": 1.20191, "sphereCenter": [96.8736, 172.748, -5.62919], "sphereRadius": 57.1035, "stabilizedPalmPosition": [138.196, 173.006, 15.648], "t": [-34.1001, 53.8166, 28.7526], "timeVisible": 3.2261, "type": "right", "wrist": [175.86, 123.648, 47.3586]}, {"armBasis": [[0.991782, -0.114608, 0.0568626], [-0.00805381, 0.387643, 0.921774], [-0.127685, -0.914657, 0.383535]], "armWidth": 59.0201, "confidence": 1, "direction": [-0.0738603, 0.334891, -0.939357], "elbow": [-32.4241, -155.416, 213.141], "grabAngle": 1.51249, "grabStrength": 0.270421, "id": 32, "palmNormal": [0.0685457, -0.937998, -0.339796], "palmPosition": [-62.2563, 94.7588, 57.7321], "palmVelocity": [220.094, -219.32, -119.54], "palmWidth": 82.2959, "pinchDistance": 33.9267, "pinchStrength": 0.664939, "r": [[0.820588, -0.103649, 0.562042], [0.237949, 0.95609, -0.171091], [-0.519629, 0.274133, 0.80922]], "s": 0.634299, "sphereCenter": [-71.4268, 41.1297, 25.6491], "sphereRadius": 58.8002, "stabilizedPalmPosition": [-62.9412, 95.4505, 58.0801], "t": [-47.5794, -27.2526, 20.501], "timeVisible": 2.4282, "type": "left", "wrist": [-63.6264, 68.0989, 119.416]}], "id": 20836, "interactionBox": {"center": [0, 200, 0], "size": [235.247, 235.247, 147.751]}, "pointables": [{"bases": [[[-0.815557, 0.552161, -0.173161], [-0.123988, 0.125551, 0.984309], [-0.565237, -0.82423, 0.0339328]], [[-0.473793, 0.864092, -0.169898], [-0.059146, 0.161268, 0.985137], [-0.878648, -0.4768, 0.0253]], [[-0.473793, 0.864092, -0.169898], [0.364988, 0.368255, 0.855086], [-0.801439, -0.343123, 0.48986]], [[-0.473793, 0.864092, -0.169898], [0.750546, 0.497135, 0.435359], [-0.460653, -0.0787535, 0.88408]]], "btipPosition": [75.5328, 168.857, 22.3189], "carpPosition": [148.771, 135.396, 56.3748], "dipPosition": [85.0222, 167.234, 40.5307], "direction": [-0.801439, 0.343123, -0.48986], "extended": false, "handId": 30, "id": 300, "length": 45.8726, "mcpPosition": [148.771, 135.396, 56.3748], "pipPosition": [109.074, 156.937, 55.2318], "stabilizedTipPosition": [72.6833, 164.972, 21.4647], "timeVisible": 3.2261, "tipPosition": [78.9225, 169.656, 26.5023], "tipVelocity": [-15.2003, -17.1347, -20.4553], "tool": false, "touchDistance": 0.352749, "touchZone": "hovering", "type": 0, "width": 18.9446}, {"bases": [[[-0.401481, -0.10072, -0.910312], [-0.706213, 0.666913, 0.237676], [-0.583161, -0.738297, 0.338883]], [[-0.432272, -0.140293, -0.890763], [-0.739038, 0.621126, 0.260817], [-0.516685, -0.771051, 0.372177]], [[-0.432272, -0.140293, -0.890763], [-0.386823, 0.921168, 0.0426375], [-0.81456, -0.362999, 0.452464]], [[-0.432272, -0.140293, -0.890763], [0.0643533, 0.980505, -0.185657], [-0.899444, 0.137578, 0.414817]]], "btipPosition": [73.0509, 235.111, -1.60544], "carpPosition": [162.249, 151.174, 50.8821], "dipPosition": [86.5773, 237.18, 4.63285], "direction": [-0.81456, 0.362999, -0.452464], "extended": true, "handId": 30, "id": 301, "length": 51.7621, "mcpPosition": [123.445, 200.3, 28.3329], "pipPosition": [103.907, 229.458, 14.2589], "stabilizedTipPosition": [74.4174, 231.816, -3.4728], "timeVisible": 3.2261, "tipPosition": [76.6896, 237.836, 1.04052], "tipVelocity": [-48.901, -17.2323, -5.5832], "tool": false, "touchDistance": 0.350618, "touchZone": "hovering", "type": 1, "width": 18.0958}, {"bases": [[[-0.350263, -0.311747, -0.883249], [-0.776553, 0.623913, 0.0877379], [-0.523719, -0.716621, 0.460622]], [[-0.327043, -0.280135, -0.902534], [-0.784187, 0.613398, 0.0937681], [-0.527345, -0.738422, 0.420286]], [[-0.327043, -0.280135, -0.902534], [-0.446479, 0.887541, -0.113694], [-0.832886, -0.36578, 0.415338]], [[-0.327043, -0.280135, -0.902534], [0.0174814, 0.953096, -0.302163], [-0.944848, 0.114598, 0.306806]]], "btipPosition": [75.5605, 235.29, -21.3401], "carpPosition": [167.456, 151.482, 41.0273], "dipPosition": [91.1889, 237.185, -16.2654], "direction": [-0.832886, 0.36578, -0.415338], "extended": true, "handId": 30, "id": 302, "length": 58.9787, "mcpPosition": [134.409, 196.702, 11.9613], "pipPosition": [112.036, 228.03, -5.86962], "stabilizedTipPosition": [78.62, 229.274, -22.1103], "timeVisible": 3.2261, "tipPosition": [78.3438, 233.383, -19.5943], "tipVelocity": [-28.5893, 38.9767, -6.11501], "tool": false, "touchDistance": 0.351162, "touchZone": "hovering", "type": 2, "width": 17.7725}, {"bases": [[[-0.363972, -0.459946, -0.809922], [-0.815892, 0.576884, 0.0390485], [-0.449271, -0.675022, 0.585236]], [[-0.329716, -0.408717, -0.851022], [-0.796385, 0.604515, 0.0182201], [-0.507009, -0.683749, 0.524814]], [[-0.329716, -0.408717, -0.851022], [-0.454802, 0.8587, -0.236197], [-0.82731, -0.309168, 0.469013]], [[-0.329716, -0.408717, -0.851022], [0.00195167, 0.901133, -0.433539], [-0.944078, 0.144606, 0.29632]]], "btipPosition": [90.4902, 219.361, -39.1234], "carpPosition": [171.581, 149.068, 30.9814], "dipPosition": [106.016, 221.74, -34.2503], "direction": [-0.82731, 0.309168, -0.469013], "extended": true, "handId": 30, "id": 303, "length": 56.7096, "mcpPosition": [146.128, 187.311, -2.17501], "pipPosition": [126.189, 214.201, -22.8143], "stabilizedTipPosition": [94.2014, 213.475, -39.1456], "timeVisible": 3.2261, "tipPosition": [93.1179, 216.716, -37.452], "tipVelocity": [-19.9886, 53.8095, -9.84406], "tool": false, "touchDistance": 0.343578, "touchZone": "hovering", "type": 3, "width": 16.9117}, {"bases": [[[-0.273678, -0.623934, -0.731988], [-0.899036, 0.436404, -0.0358496], [-0.34181, -0.648272, 0.680374]], [[-0.246653, -0.57237, -0.78202], [-0.873906, 0.48015, -0.0757941], [-0.418869, -0.664717, 0.618628]], [[-0.246653, -0.57237, -0.78202], [-0.547508, 0.748131, -0.37488], [-0.799623, -0.335697, 0.497906]], [[-0.246653, -0.57237, -0.78202], [-0.111089, 0.818331, -0.563909], [-0.962716, 0.0522155, 0.265428]]], "btipPosition": [112.893, 200.758, -46.6455], "carpPosition": [172.228, 141.085, 20.8887], "dipPosition": [127.499, 201.55, -42.6185], "direction": [-0.799623, 0.335697, -0.497906], "extended": true, "handId": 30, "id": 304, "length": 44.4593, "mcpPosition": [154.302, 175.083, -14.7933], "pipPosition": [141.265, 195.771, -34.0468], "stabilizedTipPosition": [116.164, 194.882, -47.5553], "timeVisible": 3.2261, "tipPosition": [116.386, 199.222, -45.9242], "tipVelocity": [-15.1166, 47.0518, -11.3866], "tool": false, "touchDistance": 0.339521, "touchZone": "hovering", "type": 4, "width": 15.0223}, {"bases": [[[0.476071, 0.86831, 0.139265], [-0.798868, 0.360808, 0.481277], [0.36765, -0.340376, 0.865435]], [[0.327902, 0.932004, -0.15443], [-0.912818, 0.354687, 0.202388], [0.2434, 0.074603, 0.967053]], [[0.327902, 0.932004, -0.15443], [-0.941408, 0.336019, 0.0290169], [0.0789352, 0.135867, 0.987578]], [[0.327902, 0.932004, -0.15443], [-0.943199, 0.313725, -0.109328], [-0.0534455, 0.181507, 0.981936]]], "btipPosition": [-26.9445, 62.3574, 10.1268], "carpPosition": [-39.2091, 73.5444, 103.683], "dipPosition": [-25.8436, 66.0964, 30.3544], "direction": [0.0789352, -0.135867, -0.987578], "extended": false, "handId": 32, "id": 320, "length": 45.8726, "mcpPosition": [-39.2091, 73.5444, 103.683], "pipPosition": [-28.2125, 70.1739, 59.9924], "stabilizedTipPosition": [-26.8639, 63.4648, 14.8358], "timeVisible": 2.4282, "tipPosition": [-28.8102, 59.4953, 16.6563], "tipVelocity": [195.278, -273.351, -69.8705], "tool": false, "touchDistance": 0.315818, "touchZone": "hovering", "type": 0, "width": 18.9446}, {"bases": [[[0.939038, -0.322895, 0.118098], [0.291051, 0.929414, 0.22689], [-0.183024, -0.178685, 0.966734]], [[0.942679, -0.319066, 0.0977419], [0.333569, 0.909209, -0.249141], [-0.00937546, 0.267463, 0.963522]], [[0.942679, -0.319066, 0.0977419], [0.280484, 0.598906, -0.750094], [0.180791, 0.734513, 0.654068]], [[0.942679, -0.319066, 0.0977419], [0.182537, 0.247839, -0.95145], [0.279351, 0.914753, 0.291873]]], "btipPosition": [-72.1056, 59.0847, -14.6556], "carpPosition": [-70.3701, 92.4331, 98.7549], "dipPosition": [-76.6997, 74.1283, -9.85556], "direction": [0.180791, -0.734513, -0.654068], "extended": false, "handId": 32, "id": 323, "length": 56.7096, "mcpPosition": [-80.7393, 102.557, 43.9849], "pipPosition": [-81.108, 92.038, 6.0927], "stabilizedTipPosition": [-73.69, 63.1202, -13.2906], "timeVisible": 2.4282, "tipPosition": [-73.4465, 57.7849, -8.29466], "tipVelocity": [222.345, -240.658, -119.74], "tool": false, "touchDistance": 0.297399, "touchZone": "hovering", "type": 3, "width": 16.9117}, {"bases": [[[0.850458, -0.490503, 0.19007], [0.416242, 0.848415, 0.327008], [-0.321657, -0.198991, 0.92571]], [[0.794476, -0.514274, 0.323001], [0.586736, 0.787227, -0.189775], [-0.156679, 0.340288, 0.927176]], [[0.794476, -0.514274, 0.323001], [0.564106, 0.427946, -0.706149], [0.224927, 0.743226, 0.630098]], [[0.794476, -0.514274, 0.323001], [0.45542, 0.152683, -0.877086], [0.401746, 0.843926, 0.355514]]], "btipPosition": [-92.2334, 58.6628, 5.30154], "carpPosition": [-80.4553, 84.4165, 98.9479], "dipPosition": [-98.3286, 71.4667, 10.6953], "direction": [0.224927, -0.743226, -0.630098], "extended": false, "handId": 32, "id": 324, "length": 44.4593, "mcpPosition": [-97.3245, 94.8525, 50.3993], "pipPosition": [-102.201, 84.2617, 21.5428], "stabilizedTipPosition": [-94.2845, 62.4135, 6.99877], "timeVisible": 2.4282, "tipPosition": [-90.2644, 60.2228, 10.6294], "tipVelocity": [175.808, -219.077, -126.897], "tool": false, "touchDistance": 0.272776, "touchZone": "hovering", "type": 4, "width": 15.0223}, {"bases": [[[0.993187, -0.0319871, -0.112052], [0.0538084, 0.978822, 0.197516], [0.103361, -0.2022, 0.973875]], [[0.994436, -0.0345875, -0.0995055], [0.00688128, 0.963875, -0.266267], [0.10512, 0.264101, 0.958749]], [[0.994436, -0.0345875, -0.0995055], [-0.050217, 0.674702, -0.73638], [0.0926061, 0.73728, 0.669211]], [[0.994436, -0.0345875, -0.0995055], [-0.0861091, 0.27726, -0.956929], [0.0606867, 0.960172, 0.272739]]], "btipPosition": [-34.6597, 66.0861, -18.5034], "carpPosition": [-48.3953, 92.7438, 100.892], "dipPosition": [-35.5723, 80.5258, -14.4018], "direction": [0.0926061, -0.73728, -0.669211], "extended": false, "handId": 32, "id": 321, "length": 51.7621, "mcpPosition": [-41.5177, 106.198, 36.0908], "pipPosition": [-37.5425, 96.2111, -0.164559], "stabilizedTipPosition": [-35.198, 69.8887, -17.4796], "timeVisible": 2.4282, "tipPosition": [-36.2653, 64.8324, -13.5473], "tipVelocity": [226.604, -324.485, -65.9064], "tool": false, "touchDistance": 0.32257, "touchZone": "hovering", "type": 1, "width": 18.0958}, {"bases": [[[0.974198, -0.225404, -0.0114669], [0.2232, 0.954646, 0.197062], [-0.0334719, -0.194537, 0.980324]], [[0.974772, -0.218411, -0.0459963], [0.201464, 0.94966, -0.239914], [0.0960806, 0.224595, 0.969704]], [[0.974772, -0.218411, -0.0459963], [0.116813, 0.674799, -0.728698], [0.190194, 0.704941, 0.683289]], [[0.974772, -0.218411, -0.0459963], [0.0115072, 0.254977, -0.966879], [0.222905, 0.941957, 0.251058]]], "btipPosition": [-48.9672, 63.5283, -24.8113], "carpPosition": [-59.3788, 94.0062, 99.4442], "dipPosition": [-52.6542, 79.1088, -20.6587], "direction": [0.190194, -0.704941, -0.683289], "extended": false, "handId": 32, "id": 322, "length": 58.9787, "mcpPosition": [-61.4909, 106.282, 37.5842], "pipPosition": [-57.4146, 96.7532, -3.55624], "stabilizedTipPosition": [-50.2578, 67.6135, -23.6752], "timeVisible": 2.4282, "tipPosition": [-51.9329, 61.1615, -19.095], "tipVelocity": [239.905, -265.763, -112.145], "tool": false, "touchDistance": 0.310076, "touchZone": "hovering", "type": 2, "width": 17.7725}], "r": [[-0.782355, 0.444649, 0.436128], [0.582918, 0.276096, 0.764184], [0.219381, 0.85209, -0.475199]], "s": -0.336132, "t": [-222.654, -503.356, 320.023], "timestamp": 554528340825}, {"currentFrameRate": 115.166, "devices": [], "gestures": [{"direction": [0.561174, -0.809005, -0.174914], "duration": 199461, "handIds": [32], "id": 7, "pointableIds": [320], "position": [-26.6913, 63.2174, 14.7792], "speed": 70.1946, "startPosition": [-95.8535, 316.165, 63.0801], "state": "update", "type": "swipe"}, {"direction": [0.551236, -0.774746, -0.30969], "duration": 69450, "handIds": [32], "id": 8, "pointableIds": [323], "position": [-71.2611, 60.8234, -14.7363], "speed": 94.8409, "startPosition": [-155.443, 226.498, 44.5498], "state": "update", "type": "swipe"}, {"direction": [0.469093, -0.815144, -0.339841], "duration": 69450, "handIds": [32], "id": 9, "pointableIds": [324], "position": [-91.9739, 59.8348, 5.25724], "speed": 109.85, "startPosition": [-164.742, 242.596, 65.128], "state": "update", "type": "swipe"}], "hands": [{"armBasis": [[-0.608042, -0.38748, -0.692924], [-0.656388, 0.736331, 0.164229], [-0.446586, -0.554685, 0.702058]], "armWidth": 58.9486, "confidence": 1, "direction": [-0.399607, 0.800141, -0.447313], "elbow": [284.734, -11.7514, 218.655], "grabAngle": 1.00524, "grabStrength": 0.133794, "id": 30, "palmNormal": [-0.783218, -0.551571, -0.286949], "palmPosition": [141.416, 175.702, 18.6731], "palmVelocity": [-30.0346, -0.882041, -6.51148], "palmWidth": 82.2678, "pinchDistance": 67.7041, "pinchStrength": 0, "r": [[0.709275, -0.680483, 0.184042], [0.543881, 0.694346, 0.471249], [-0.448466, -0.234149, 0.862585]], "s": 1.20326, "sphereCenter": [96.5519, 172.574, -5.76566], "sphereRadius": 57.2285, "stabilizedPalmPosition": [138.248, 173.05, 15.6968], "t": [-34.3378, 53.8599, 28.698], "timeVisible": 3.23479, "type": "right", "wrist": [175.678, 123.703, 47.2111]}, {"armBasis": [[0.992019, -0.113175, 0.0555873], [-0.0149518, 0.33216, 0.943104], [-0.125199, -0.936409, 0.327817]], "armWidth": 58.9486, "confidence": 1, "direction": [-0.0773216, 0.330665, -0.940575], "elbow": [-31.0656, -162.422, 197.884], "grabAngle": 1.51022, "grabStrength": 0.278355, "id": 32, "palmNormal": [0.0720528, -0.939079, -0.336063], "palmPosition": [-60.4714, 93.0968, 56.509], "palmVelocity": [205.462, -191.325, -140.789], "palmWidth": 82.2678, "pinchDistance": 33.6053, "pinchStrength": 0.67329, "r": [[0.824623, -0.0873296, 0.558901], [0.226753, 0.956191, -0.185152], [-0.518247, 0.279413, 0.808299]], "s": 0.633517, "sphereCenter": [-68.924, 39.3069, 24.6357], "sphereRadius": 58.7657, "stabilizedPalmPosition": [-61.167, 93.7596, 56.9515], "t": [-45.5803, -29.2332, 19.3468], "timeVisible": 2.43689, "type": "left", "wrist": [-61.6395, 66.2501, 117.83]}], "id": 20837, "interactionBox": {"center": [0, 200, 0], "size": [235.247, 235.247, 147.751]}, "pointables": [{"bases": [[[-0.814226, 0.554638, -0.1715], [-0.122875, 0.124075, 0.984636], [-0.567395, -0.822789, 0.0328734]], [[-0.472129, 0.865379, -0.167965], [-0.0566706, 0.160349, 0.985432], [-0.879706, -0.47477, 0.0266639]], [[-0.472129, 0.865379, -0.167965], [0.366294, 0.365896, 0.85554], [-0.801825, -0.342401, 0.489733]], [[-0.472129, 0.865379, -0.167965], [0.75041, 0.494526, 0.438553], [-0.462578, -0.0810106, 0.88287]]], "btipPosition": [75.2994, 168.736, 22.1623], "carpPosition": [148.582, 135.366, 56.224], "dipPosition": [84.8208, 167.068, 40.3347], "direction": [-0.801825, 0.342401, -0.489733], "extended": false, "handId": 30, "id": 300, "length": 45.8359, "mcpPosition": [148.582, 135.366, 56.224], "pipPosition": [108.865, 156.801, 55.0202], "stabilizedTipPosition": [72.7371, 165.01, 21.5194], "timeVisible": 3.23479, "tipPosition": [78.6657, 169.462, 26.3845], "tipVelocity": [-26.0237, -15.1257, -19.0677], "tool": false, "touchDistance": 0.348323, "touchZone": "hovering", "type": 0, "width": 18.9174}, {"bases": [[[-0.402467, -0.0979857, -0.910175], [-0.704253, 0.668347, 0.23946], [-0.584849, -0.737368, 0.337994]], [[-0.433264, -0.137404, -0.890731], [-0.736129, 0.624168, 0.26178], [-0.519996, -0.769113, 0.371577]], [[-0.433264, -0.137404, -0.890731], [-0.385143, 0.921752, 0.04515], [-0.814829, -0.362621, 0.452282]], [[-0.433264, -0.137404, -0.890731], [0.0604147, 0.981659, -0.180817], [-0.89924, 0.132155, 0.417017]]], "btipPosition": [72.6424, 234.993, -1.62073], "carpPosition": [162.027, 151.162, 50.7826], "dipPosition": [86.155, 236.979, 4.64563], "direction": [-0.814829, 0.362621, -0.452282], "extended": true, "handId": 30, "id": 301, "length": 51.7207, "mcpPosition": [123.124, 200.209, 28.3001], "pipPosition": [103.476, 229.27, 14.2601], "stabilizedTipPosition": [74.4519, 231.91, -3.38761], "timeVisible": 3.23479, "tipPosition": [76.2776, 237.685, 1.04475], "tipVelocity": [-47.3907, -15.8232, -1.01707], "tool": false, "touchDistance": 0.348757, "touchZone": "hovering", "type": 1, "width": 18.0699}, {"bases": [[[-0.351788, -0.309197, -0.88354], [-0.774825, 0.625808, 0.0894988], [-0.525254, -0.716073, 0.459726]], [[-0.32819, -0.277193, -0.903026], [-0.783015, 0.614561, 0.0959276], [-0.528374, -0.738565, 0.418739]], [[-0.32819, -0.277193, -0.903026], [-0.450309, 0.886269, -0.108393], [-0.83037, -0.371067, 0.415687]], [[-0.32819, -0.277193, -0.903026], [0.00341045, 0.955621, -0.294578], [-0.944606, 0.0997571, 0.31268]]], "btipPosition": [75.3248, 235.613, -21.373], "carpPosition": [167.236, 151.503, 40.9416], "dipPosition": [90.9366, 237.262, -16.2052], "direction": [-0.83037, 0.371067, -0.415687], "extended": true, "handId": 30, "id": 302, "length": 58.9316, "mcpPosition": [134.103, 196.673, 11.9421], "pipPosition": [111.704, 227.982, -5.80904], "stabilizedTipPosition": [78.6425, 229.786, -21.9635], "timeVisible": 3.23479, "tipPosition": [77.9851, 233.347, -19.6108], "tipVelocity": [-27.5797, 30.7122, -1.31841], "tool": false, "touchDistance": 0.349208, "touchZone": "hovering", "type": 2, "width": 17.7471}, {"bases": [[[-0.365832, -0.457494, -0.810473], [-0.814328, 0.578973, 0.0407546], [-0.450597, -0.6749, 0.584357]], [[-0.330905, -0.405438, -0.852128], [-0.795818, 0.605168, 0.021103], [-0.507125, -0.685122, 0.522908]], [[-0.330905, -0.405438, -0.852128], [-0.459412, 0.857977, -0.229818], [-0.824283, -0.31543, 0.470172]], [[-0.330905, -0.405438, -0.852128], [-0.0111841, 0.904621, -0.426071], [-0.943598, 0.131459, 0.303878]]], "btipPosition": [90.3336, 219.793, -39.1887], "carpPosition": [171.369, 149.123, 30.903], "dipPosition": [105.839, 221.953, -34.1953], "direction": [-0.824283, 0.31543, -0.470172], "extended": true, "handId": 30, "id": 303, "length": 56.6643, "mcpPosition": [145.849, 187.346, -2.19231], "pipPosition": [125.922, 214.268, -22.7401], "stabilizedTipPosition": [94.1723, 214.133, -39.0389], "timeVisible": 3.23479, "tipPosition": [92.8248, 216.787, -37.4884], "tipVelocity": [-18.5691, 43.8747, -4.33112], "tool": false, "touchDistance": 0.341989, "touchZone": "hovering", "type": 3, "width": 16.8875}, {"bases": [[[-0.275912, -0.621863, -0.732911], [-0.897903, 0.438852, -0.0343343], [-0.342991, -0.64861, 0.679457]], [[-0.248122, -0.569002, -0.78401], [-0.873393, 0.481506, -0.0730482], [-0.41907, -0.666624, 0.616435]], [[-0.248122, -0.569002, -0.78401], [-0.55142, 0.748368, -0.368622], [-0.796475, -0.340855, 0.499445]], [[-0.248122, -0.569002, -0.78401], [-0.119587, 0.821119, -0.558088], [-0.961319, 0.0447163, 0.271783]]], "btipPosition": [112.754, 201.087, -46.6991], "carpPosition": [172.042, 141.166, 20.8041], "dipPosition": [127.327, 201.765, -42.579], "direction": [-0.796475, 0.340855, -0.499445], "extended": true, "handId": 30, "id": 304, "length": 44.4237, "mcpPosition": [154.06, 175.171, -14.8177], "pipPosition": [141.028, 195.902, -33.9876], "stabilizedTipPosition": [116.16, 195.301, -47.4366], "timeVisible": 3.23479, "tipPosition": [116.113, 199.303, -45.9538], "tipVelocity": [-16.9082, 34.8291, -3.7017], "tool": false, "touchDistance": 0.33842, "touchZone": "hovering", "type": 4, "width": 15.0008}, {"bases": [[[0.479678, 0.866734, 0.136678], [-0.798239, 0.366377, 0.478103], [0.364312, -0.338437, 0.867604]], [[0.33471, 0.929715, -0.153622], [-0.911686, 0.360727, 0.196733], [0.238321, 0.0742063, 0.968347]], [[0.33471, 0.929715, -0.153622], [-0.939473, 0.341899, 0.0222475], [0.073207, 0.136877, 0.987879]], [[0.33471, 0.929715, -0.153622], [-0.940699, 0.320103, -0.112333], [-0.0552625, 0.182111, 0.981724]]], "btipPosition": [-25.432, 60.9876, 8.91762], "carpPosition": [-37.2495, 72.1908, 102.467], "dipPosition": [-24.2945, 64.736, 29.1247], "direction": [0.073207, -0.136877, -0.987879], "extended": false, "handId": 32, "id": 320, "length": 45.8359, "mcpPosition": [-37.2495, 72.1908, 102.467], "pipPosition": [-26.4898, 68.8405, 58.748], "stabilizedTipPosition": [-25.4297, 62.097, 13.7598], "timeVisible": 2.43689, "tipPosition": [-26.9014, 57.9304, 15.453], "tipVelocity": [175.077, -157.437, -139.74], "tool": false, "touchDistance": 0.298965, "touchZone": "hovering", "type": 0, "width": 18.9174}, {"bases": [[[0.937329, -0.326613, 0.121404], [0.294752, 0.92903, 0.223661], [-0.185839, -0.173859, 0.967076]], [[0.941749, -0.322089, 0.0967895], [0.33623, 0.908237, -0.249109], [-0.00767258, 0.267141, 0.963627]], [[0.941749, -0.322089, 0.0967895], [0.281803, 0.598632, -0.749818], [0.183567, 0.733416, 0.654526]], [[0.941749, -0.322089, 0.0967895], [0.182659, 0.24819, -0.951335], [0.282392, 0.913597, 0.292565]]], "btipPosition": [-70.1938, 57.3705, -15.8421], "carpPosition": [-68.48, 90.9026, 97.5489], "dipPosition": [-74.8342, 72.3831, -11.0345], "direction": [0.183567, -0.733416, -0.654526], "extended": false, "handId": 32, "id": 323, "length": 56.6643, "mcpPosition": [-79.0051, 100.749, 42.7782], "pipPosition": [-79.3066, 90.2518, 4.91216], "stabilizedTipPosition": [-71.8318, 61.363, -14.3967], "timeVisible": 2.43689, "tipPosition": [-71.6249, 55.9081, -9.45685], "tipVelocity": [218.852, -198.146, -136.381], "tool": false, "touchDistance": 0.286664, "touchZone": "hovering", "type": 3, "width": 16.8875}, {"bases": [[[0.847847, -0.493523, 0.193882], [0.419369, 0.847886, 0.324375], [-0.324476, -0.193713, 0.925846]], [[0.792305, -0.516269, 0.325146], [0.589348, 0.785482, -0.18891], [-0.157868, 0.341298, 0.926603]], [[0.792305, -0.516269, 0.325146], [0.568358, 0.430743, -0.701021], [0.221861, 0.740221, 0.634705]], [[0.792305, -0.516269, 0.325146], [0.462146, 0.159888, -0.872271], [0.39834, 0.84137, 0.365271]]], "btipPosition": [-90.585, 56.9011, 3.98365], "carpPosition": [-78.5195, 82.8471, 97.7938], "dipPosition": [-96.6237, 69.656, 9.52102], "direction": [0.221861, -0.740221, -0.634705], "extended": false, "handId": 32, "id": 324, "length": 44.4237, "mcpPosition": [-95.5307, 93.0028, 49.2547], "pipPosition": [-100.44, 82.3891, 20.4391], "stabilizedTipPosition": [-92.7212, 60.6688, 5.82052], "timeVisible": 2.43689, "tipPosition": [-88.5131, 58.2816, 9.49693], "tipVelocity": [191.253, -204.094, -147.906], "tool": false, "touchDistance": 0.262624, "touchZone": "hovering", "type": 4, "width": 15.0008}, {"bases": [[[0.993265, -0.0369057, -0.109831], [0.0577956, 0.97938, 0.193585], [0.100422, -0.198629, 0.974916]], [[0.994509, -0.0395349, -0.0969009], [0.0121692, 0.963306, -0.268128], [0.103946, 0.265476, 0.958498]], [[0.994509, -0.0395349, -0.0969009], [-0.0455659, 0.669967, -0.740991], [0.0942154, 0.741338, 0.664486]], [[0.994509, -0.0395349, -0.0969009], [-0.0830606, 0.265121, -0.960631], [0.0636689, 0.963404, 0.260381]]], "btipPosition": [-32.9567, 64.2646, -19.4627], "carpPosition": [-46.5236, 91.3192, 99.641], "dipPosition": [-33.9134, 78.7413, -15.5501], "direction": [0.0942154, -0.741338, -0.664486], "extended": false, "handId": 32, "id": 321, "length": 51.7207, "mcpPosition": [-39.8438, 104.531, 34.7922], "pipPosition": [-35.9162, 94.5004, -1.42466], "stabilizedTipPosition": [-33.5032, 67.9648, -18.3879], "timeVisible": 2.43689, "tipPosition": [-34.4789, 63.0478, -14.7471], "tipVelocity": [194.87, -208.695, -115.434], "tool": false, "touchDistance": 0.310285, "touchZone": "hovering", "type": 1, "width": 18.0699}, {"bases": [[[0.973197, -0.229818, -0.00848812], [0.227078, 0.954442, 0.193587], [-0.0363883, -0.190326, 0.981046]], [[0.973876, -0.222271, -0.0464929], [0.205211, 0.949105, -0.238931], [0.0972342, 0.223148, 0.969923]], [[0.973876, -0.222271, -0.0464929], [0.120087, 0.677872, -0.725306], [0.192731, 0.700774, 0.686855]], [[0.973876, -0.222271, -0.0464929], [0.0111872, 0.251454, -0.967804], [0.226806, 0.942001, 0.247372]]], "btipPosition": [-47.1098, 61.9771, -26.057], "carpPosition": [-57.5049, 92.5259, 98.2107], "dipPosition": [-50.8583, 77.546, -21.9686], "direction": [0.192731, -0.700774, -0.686855], "extended": false, "handId": 32, "id": 322, "length": 58.9316, "mcpPosition": [-59.8003, 104.532, 36.3261], "pipPosition": [-55.6784, 95.072, -4.79067], "stabilizedTipPosition": [-48.4505, 65.9883, -24.8149], "timeVisible": 2.43689, "tipPosition": [-50.0975, 59.4014, -20.3346], "tipVelocity": [212.186, -178.871, -145.1], "tool": false, "touchDistance": 0.295114, "touchZone": "hovering", "type": 2, "width": 17.7471}], "r": [[-0.771559, 0.458549, 0.440942], [0.591111, 0.260584, 0.763337], [0.235125, 0.849605, -0.472109]], "s": -0.334659, "t": [-223.388, -504.287, 319.582], "timestamp": 554528349512}, {"currentFrameRate": 115.175, "devices": [], "gestures": [{"direction": [0.561174, -0.809005, -0.174914], "duration": 199461, "handIds": [32], "id": 7, "pointableIds": [320], "position": [-26.6913, 63.2174, 14.7792], "speed": 70.1946, "startPosition": [-95.8535, 316.165, 63.0801], "state": "update", "type": "swipe"}, {"direction": [0.564435, -0.766049, -0.307541], "duration": 78118, "handIds": [32], "id": 8, "pointableIds": [323], "position": [-69.1033, 58.9928, -15.8132], "speed": 92.2251, "startPosition": [-155.443, 226.498, 44.5498], "state": "update", "type": "swipe"}, {"direction": [0.483207, -0.805031, -0.344146], "duration": 78118, "handIds": [32], "id": 9, 