{"frames": 65, "data": [{"currentFrameRate": 55.3305, "devices": [], "gestures": [], "hands": [{"armBasis": [[0.9177, -0.132223, -0.374625], [0.359319, 0.678491, 0.640734], [0.16946, -0.722611, 0.670161]], "armWidth": 55.9977, "confidence": 1, "direction": [-0.244916, 0.919859, -0.306391], "elbow": [-164.353, 5.54101, 247.467], "grabAngle": 0.127091, "grabStrength": 0, "id": 189, "palmNormal": [0.271961, -0.238149, -0.932375], "palmPosition": [-127.677, 248.558, 53.6561], "palmVelocity": [15.0204, -10.1782, 2.41085], "palmWidth": 83.544, "pinchDistance": 61.9319, "pinchStrength": 0, "r": [[0.794781, -0.282065, 0.537366], [0.540175, 0.732395, -0.414499], [-0.276648, 0.619707, 0.734458]], "s": 1.13754, "sphereCenter": [-155.346, 311.016, 104.262], "sphereRadius": 88.7575, "stabilizedPalmPosition": [-128.054, 249.059, 53.528], "t": [-3.60245, 18.2608, 5.19281], "timeVisible": 6.77873, "type": "left", "wrist": [-122.343, 184.68, 81.3304]}], "id": 62795, "interactionBox": {"center": [0, 200, 0], "size": [235.247, 235.247, 147.751]}, "pointables": [{"bases": [[[0.665519, 0.267082, 0.696959], [-0.722915, -0.00164704, 0.690935], [0.185685, -0.963672, 0.191982]], [[0.583824, 0.53335, 0.612117], [-0.75482, 0.0789183, 0.651167], [0.298993, -0.842205, 0.448658]], [[0.583824, 0.53335, 0.612117], [-0.810545, 0.339679, 0.47711], [0.0465434, -0.774697, 0.630618]], [[0.583824, 0.53335, 0.612117], [-0.803398, 0.488229, 0.340858], [-0.117056, -0.690775, 0.713532]]], "btipPosition": [-82.653, 282.246, 12.3667], "carpPosition": [-95.3002, 204.62, 67.9413], "dipPosition": [-80.1421, 267.429, 27.6718], "direction": [0.0465434, 0.774697, -0.630618], "extended": false, "handId": 189, "id": 1890, "length": 47.7656, "mcpPosition": [-95.3002, 204.62, 67.9413], "pipPosition": [-81.5966, 243.221, 47.3781], "stabilizedTipPosition": [-82.4013, 279.399, 15.8963], "timeVisible": 6.77873, "tipPosition": [-84.581, 280.938, 20.6079], "tipVelocity": [7.2418, 0.526284, 8.36469], "tool": false, "touchDistance": -0.197101, "touchZone": "touching", "type": 0, "width": 17.446}, {"bases": [[[0.958531, -0.152809, -0.240559], [0.281588, 0.377792, 0.882032], [-0.0439008, -0.913194, 0.405155]], [[0.941751, -0.284971, -0.178595], [0.265919, 0.305857, 0.914188], [-0.205892, -0.908429, 0.36382]], [[0.941751, -0.284971, -0.178595], [0.290618, 0.422324, 0.858594], [-0.169249, -0.860485, 0.480542]], [[0.941751, -0.284971, -0.178595], [0.311217, 0.537173, 0.783957], [-0.127469, -0.793875, 0.594571]]], "btipPosition": [-126.299, 344.574, 18.6002], "carpPosition": [-109.481, 215.625, 80.2496], "dipPosition": [-124.303, 332.143, 27.9108], "direction": [-0.169249, 0.860485, -0.480542], "extended": true, "handId": 189, "id": 1891, "length": 53.8982, "mcpPosition": [-112.446, 277.31, 52.8817], "pipPosition": [-120.553, 313.081, 38.556], "stabilizedTipPosition": [-125.752, 341.911, 19.7113], "timeVisible": 6.77873, "tipPosition": [-128.334, 341.995, 22.7742], "tipVelocity": [7.53236, -4.85323, 14.9397], "tool": false, "touchDistance": 0.198842, "touchZone": "hovering", "type": 1, "width": 16.6644}, {"bases": [[[0.881644, -0.33693, -0.330426], [0.438553, 0.326379, 0.837346], [-0.174283, -0.883151, 0.435512]], [[0.876325, -0.361936, -0.317894], [0.408758, 0.209512, 0.888269], [-0.254894, -0.908354, 0.331545]], [[0.876325, -0.361936, -0.317894], [0.433792, 0.305952, 0.847478], [-0.209472, -0.880566, 0.425118]], [[0.876325, -0.361936, -0.317894], [0.450473, 0.381909, 0.806982], [-0.170669, -0.850381, 0.497719]]], "btipPosition": [-151.488, 349.298, 16.5219], "carpPosition": [-120.665, 215, 78.7186], "dipPosition": [-148.549, 334.652, 25.0942], "direction": [-0.209472, 0.880566, -0.425118], "extended": true, "handId": 189, "id": 1892, "length": 61.4127, "mcpPosition": [-131.829, 271.574, 50.8203], "pipPosition": [-143.089, 311.702, 36.1738], "stabilizedTipPosition": [-151.034, 346.467, 18.1498], "timeVisible": 6.77873, "tipPosition": [-152.206, 346.057, 19.6011], "tipVelocity": [8.96824, -8.90597, 11.2842], "tool": false, "touchDistance": 0.245408, "touchZone": "hovering", "type": 2, "width": 16.3667}, {"bases": [[[0.810802, -0.486859, -0.324912], [0.494643, 0.273153, 0.825055], [-0.312935, -0.829672, 0.462295]], [[0.82997, -0.430101, -0.355195], [0.459467, 0.166066, 0.872532], [-0.316291, -0.887376, 0.335447]], [[0.82997, -0.430101, -0.355195], [0.490217, 0.258579, 0.832361], [-0.266153, -0.864957, 0.425455]], [[0.82997, -0.430101, -0.355195], [0.512087, 0.335019, 0.790904], [-0.221172, -0.838317, 0.498305]]], "btipPosition": [-172.549, 332.525, 15.714], "carpPosition": [-131.054, 212.154, 75.374], "dipPosition": [-168.762, 318.17, 24.2471], "direction": [-0.266153, 0.864957, -0.425455], "extended": true, "handId": 189, "id": 1893, "length": 59.0499, "mcpPosition": [-149.053, 259.871, 48.7856], "pipPosition": [-162.005, 296.209, 35.0491], "stabilizedTipPosition": [-171.575, 329.817, 17.0174], "timeVisible": 6.77873, "tipPosition": [-172.107, 329.632, 18.8729], "tipVelocity": [10.5038, -10.5092, 9.23049], "tool": false, "touchDistance": 0.333469, "touchZone": "hovering", "type": 3, "width": 15.5739}, {"bases": [[[0.676185, -0.618008, -0.401049], [0.585127, 0.119724, 0.802055], [-0.447661, -0.777002, 0.442569]], [[0.725502, -0.519174, -0.451781], [0.5698, 0.0849707, 0.817379], [-0.385974, -0.850434, 0.357472]], [[0.725502, -0.519174, -0.451781], [0.623144, 0.216905, 0.751428], [-0.292128, -0.826687, 0.480885]], [[0.725502, -0.519174, -0.451781], [0.640889, 0.270422, 0.718424], [-0.250815, -0.810759, 0.528925]]], "btipPosition": [-184.357, 301.698, 15.4171], "carpPosition": [-138.816, 205.143, 67.5404], "dipPosition": [-180.395, 288.89, 23.773], "direction": [-0.292128, 0.826687, -0.480885], "extended": true, "handId": 189, "id": 1894, "length": 46.294, "mcpPosition": [-162.65, 246.51, 43.978], "pipPosition": [-175.158, 274.071, 32.3933], "stabilizedTipPosition": [-182.81, 299.521, 16.4264], "timeVisible": 6.77873, "tipPosition": [-181.7, 299.747, 18.0203], "tipVelocity": [11.8882, -10.9254, 8.39299], "tool": false, "touchDistance": 0.333457, "touchZone": "hovering", "type": 4, "width": 13.834}], "r": [[0.794781, -0.282065, 0.537366], [0.540175, 0.732395, -0.414499], [-0.276648, 0.619707, 0.734458]], "s": 1.13754, "t": [3.60245, 18.2608, 5.19281], "timestamp": 630371098827}, {"currentFrameRate": 55.3189, "devices": [], "gestures": [], "hands": [{"armBasis": [[0.917026, -0.132111, -0.376312], [0.360073, 0.67997, 0.63874], [0.171496, -0.721241, 0.671119]], "armWidth": 55.9977, "confidence": 1, "direction": [-0.247522, 0.919201, -0.306273], "elbow": [-164.326, 5.58499, 247.683], "grabAngle": 0.127555, "grabStrength": 0, "id": 189, "palmNormal": [0.271006, -0.237807, -0.93274], "palmPosition": [-127.287, 248.237, 53.6127], "palmVelocity": [21.503, -17.7326, -2.39563], "palmWidth": 83.544, "pinchDistance": 61.8762, "pinchStrength": 0, "r": [[0.794057, -0.282941, 0.537975], [0.54109, 0.732269, -0.413527], [-0.276939, 0.619456, 0.73456]], "s": 1.13761, "sphereCenter": [-155.09, 310.133, 103.218], "sphereRadius": 87.8588, "stabilizedPalmPosition": [-127.989, 248.989, 53.5352], "t": [-3.31492, 18.037, 5.18944], "timeVisible": 6.79684, "type": "left", "wrist": [-121.811, 184.384, 81.3093]}], "id": 62796, "interactionBox": {"center": [0, 200, 0], "size": [235.247, 235.247, 147.751]}, "pointables": [{"bases": [[[0.665008, 0.265765, 0.697949], [-0.724028, 0.000224246, 0.68977], [0.18316, -0.964038, 0.19257]], [[0.584326, 0.531583, 0.613174], [-0.755082, 0.0792903, 0.650818], [0.297345, -0.843287, 0.44772]], [[0.584326, 0.531583, 0.613174], [-0.810409, 0.342732, 0.475154], [0.0424295, -0.774567, 0.631067]], [[0.584326, 0.531583, 0.613174], [-0.802159, 0.492776, 0.337214], [-0.1229, -0.688906, 0.714356]]], "btipPosition": [-82.469, 282.009, 12.2955], "carpPosition": [-94.7868, 204.378, 67.859], "dipPosition": [-79.8328, 267.232, 27.6184], "direction": [0.0424295, 0.774567, -0.631067], "extended": false, "handId": 189, "id": 1890, "length": 47.7656, "mcpPosition": [-94.7868, 204.378, 67.859], "pipPosition": [-81.1587, 243.028, 47.3387], "stabilizedTipPosition": [-82.3792, 279.367, 15.8932], "timeVisible": 6.79684, "tipPosition": [-84.307, 280.696, 20.4622], "tipVelocity": [11.7475, -12.5719, -3.70087], "tool": false, "touchDistance": -0.198219, "touchZone": "touching", "type": 0, "width": 17.446}, {"bases": [[[0.958563, -0.155084, -0.238969], [0.281035, 0.377413, 0.882371], [-0.0466514, -0.912967, 0.405358]], [[0.941401, -0.287089, -0.177041], [0.26542, 0.306665, 0.914062], [-0.208125, -0.907489, 0.364894]], [[0.941401, -0.287089, -0.177041], [0.290381, 0.422822, 0.858429], [-0.171589, -0.859535, 0.481411]], [[0.941401, -0.287089, -0.177041], [0.310958, 0.535418, 0.78526], [-0.130649, -0.794297, 0.593316]]], "btipPosition": [-126.166, 344.236, 18.4818], "carpPosition": [-108.973, 215.354, 80.1868], "dipPosition": [-124.12, 331.798, 27.7726], "direction": [-0.171589, 0.859535, -0.481411], "extended": true, "handId": 189, "id": 1891, "length": 53.8982, "mcpPosition": [-112.124, 277.024, 52.8052], "pipPosition": [-120.319, 312.757, 38.4372], "stabilizedTipPosition": [-125.751, 341.901, 19.7286], "timeVisible": 6.79684, "tipPosition": [-128.2, 341.661, 22.6962], "tipVelocity": [7.95284, -18.7416, -6.78764], "tool": false, "touchDistance": 0.196793, "touchZone": "hovering", "type": 1, "width": 16.6644}, {"bases": [[[0.881398, -0.339055, -0.328905], [0.437953, 0.325625, 0.837953], [-0.177013, -0.882615, 0.435496]], [[0.876022, -0.363957, -0.316418], [0.408222, 0.210257, 0.888339], [-0.256788, -0.907374, 0.332765]], [[0.876022, -0.363957, -0.316418], [0.433514, 0.306801, 0.847313], [-0.211308, -0.879436, 0.426545]], [[0.876022, -0.363957, -0.316418], [0.450266, 0.382208, 0.806956], [-0.17276, -0.849383, 0.4987]]], "btipPosition": [-151.324, 348.876, 16.3702], "carpPosition": [-120.158, 214.703, 78.674], "dipPosition": [-148.348, 334.247, 24.9595], "direction": [-0.211308, 0.879436, -0.426545], "extended": true, "handId": 189, "id": 1892, "length": 61.4127, "mcpPosition": [-131.497, 271.242, 50.7767], "pipPosition": [-142.841, 311.327, 36.0763], "stabilizedTipPosition": [-151.014, 346.419, 18.1598], "timeVisible": 6.79684, "tipPosition": [-152.082, 345.668, 19.5572], "tipVelocity": [9.54117, -23.0561, -8.15547], "tool": false, "touchDistance": 0.242945, "touchZone": "hovering", "type": 2, "width": 16.3667}, {"bases": [[[0.810203, -0.48882, -0.323459], [0.49394, 0.272267, 0.825768], [-0.315585, -0.82881, 0.46204]], [[0.829603, -0.43194, -0.353817], [0.458857, 0.166362, 0.872797], [-0.318134, -0.886426, 0.336213]], [[0.829603, -0.43194, -0.353817], [0.48976, 0.258631, 0.832613], [-0.268131, -0.864024, 0.426108]], [[0.829603, -0.43194, -0.353817], [0.51165, 0.33439, 0.791453], [-0.223547, -0.837622, 0.498413]]], "btipPosition": [-172.36, 332.079, 15.6518], "carpPosition": [-130.546, 211.831, 75.3469], "dipPosition": [-168.532, 317.735, 24.1867], "direction": [-0.268131, 0.864024, -0.426108], "extended": true, "handId": 189, "id": 1893, "length": 59.0499, "mcpPosition": [-148.697, 259.499, 48.7732], "pipPosition": [-161.724, 295.798, 35.0054], "stabilizedTipPosition": [-171.571, 329.769, 17.0451], "timeVisible": 6.79684, "tipPosition": [-171.957, 329.196, 18.8697], "tipVelocity": [10.9751, -24.4852, -3.40949], "tool": false, "touchDistance": 0.333289, "touchZone": "hovering", "type": 3, "width": 15.5739}, {"bases": [[[0.675407, -0.619682, -0.399774], [0.584109, 0.118623, 0.80296], [-0.450158, -0.775837, 0.442081]], [[0.725154, -0.520697, -0.450585], [0.567865, 0.0821081, 0.819016], [-0.389463, -0.849784, 0.355227]], [[0.725154, -0.520697, -0.450585], [0.622243, 0.215272, 0.752643], [-0.294901, -0.826155, 0.480105]], [[0.725154, -0.520697, -0.450585], [0.640772, 0.270683, 0.71843], [-0.252119, -0.809694, 0.529935]]], "btipPosition": [-184.162, 301.246, 15.5014], "carpPosition": [-138.304, 204.8, 67.528], "dipPosition": [-180.179, 288.455, 23.8732], "direction": [-0.294901, 0.826155, -0.480105], "extended": true, "handId": 189, "id": 1894, "length": 46.294, "mcpPosition": [-162.271, 246.106, 43.9916], "pipPosition": [-174.892, 273.645, 32.4796], "stabilizedTipPosition": [-182.827, 299.472, 16.4671], "timeVisible": 6.79684, "tipPosition": [-181.492, 299.287, 18.0461], "tipVelocity": [11.0505, -24.7344, 4.85609], "tool": false, "touchDistance": 0.333405, "touchZone": "hovering", "type": 4, "width": 13.834}], "r": [[0.794057, -0.282941, 0.537975], [0.54109, 0.732269, -0.413527], [-0.276939, 0.619456, 0.73456]], "s": 1.13761, "t": [3.31492, 18.037, 5.18944], "timestamp": 630371116944}, {"currentFrameRate": 55.3285, "devices": [], "gestures": [], "hands": [{"armBasis": [[0.915677, -0.13319, -0.379205], [0.362525, 0.681059, 0.636188], [0.173527, -0.720014, 0.671914]], "armWidth": 55.9977, "confidence": 1, "direction": [-0.25107, 0.918998, -0.303985], "elbow": [-164.235, 5.64799, 247.787], "grabAngle": 0.128396, "grabStrength": 0, "id": 189, "palmNormal": [0.271222, -0.234674, -0.93347], "palmPosition": [-126.892, 248.021, 53.6364], "palmVelocity": [21.9286, -11.9659, 1.31094], "palmWidth": 83.544, "pinchDistance": 61.7927, "pinchStrength": 0, "r": [[0.793197, -0.284466, 0.53844], [0.542409, 0.731964, -0.412336], [-0.276823, 0.619118, 0.734889]], "s": 1.13727, "sphereCenter": [155, 309.202, 102.458], "sphereRadius": 87.0212, "stabilizedPalmPosition": [-127.9, 248.911, 53.5434], "t": [-2.97335, 17.8172, 5.19957], "timeVisible": 6.81489, "type": "left", "wrist": [-121.217, 184.143, 81.2166]}], "id": 62797, "interactionBox": {"center": [0, 200, 0], "size": [235.247, 235.247, 147.751]}, "pointables": [{"bases": [[[0.665485, 0.26174, 0.699015], [-0.7245, 0.00126732, 0.689274], [0.179525, -0.965138, 0.190474]], [[0.586343, 0.526838, 0.61534], [-0.754455, 0.078571, 0.651632], [0.294957, -0.846326, 0.443545]], [[0.586343, 0.526838, 0.61534], [-0.809169, 0.345239, 0.475454], [0.0380481, -0.776693, 0.62873]], [[0.586343, 0.526838, 0.61534], [-0.799711, 0.497515, 0.336066], [-0.129089, -0.689144, 0.713033]]], "btipPosition": [-82.2836, 282.09, 12.4887], "carpPosition": [-94.2223, 204.248, 67.7593], "dipPosition": [-79.5146, 267.308, 27.7831], "direction": [0.0380481, 0.776693, -0.62873], "extended": false, "handId": 189, "id": 1890, "length": 47.7656, "mcpPosition": [-94.2223, 204.248, 67.7593], "pipPosition": [-80.7036, 243.037, 47.4304], "stabilizedTipPosition": [-82.3539, 279.343, 15.8971], "timeVisible": 6.81489, "tipPosition": [-84.0305, 280.693, 20.49], "tipVelocity": [11.9687, 4.40666, 10.3422], "tool": false, "touchDistance": -0.195109, "touchZone": "touching", "type": 0, "width": 17.446}, {"bases": [[[0.958159, -0.158015, -0.23867], [0.281793, 0.374358, 0.88343], [-0.0502473, -0.913722, 0.403222]], [[0.940423, -0.290337, -0.176941], [0.266145, 0.30474, 0.914495], [-0.211591, -0.907104, 0.363857]], [[0.940423, -0.290337, -0.176941], [0.291612, 0.421154, 0.858832], [-0.174832, -0.859264, 0.480729]], [[0.940423, -0.290337, -0.176941], [0.312291, 0.531793, 0.787191], [-0.134455, -0.79555, 0.590781]]], "btipPosition": [-126.143, 344.075, 18.657], "carpPosition": [-108.439, 215.144, 80.122], "dipPosition": [-124.038, 331.618, 27.9082], "direction": [-0.174832, 0.859264, -0.480729], "extended": true, "handId": 189, "id": 1891, "length": 53.8982, "mcpPosition": [-111.833, 276.865, 52.8848], "pipPosition": [-120.165, 312.583, 38.5576], "stabilizedTipPosition": [-125.75, 341.889, 19.746], "timeVisible": 6.81489, "tipPosition": [-128.152, 341.511, 22.9248], "tipVelocity": [2.00796, -9.16037, 9.20792], "tool": false, "touchDistance": 0.199561, "touchZone": "hovering", "type": 1, "width": 16.6644}, {"bases": [[[0.880389, -0.341498, -0.329082], [0.438553, 0.322103, 0.839], [-0.180518, -0.882966, 0.43334]], [[0.874886, -0.366527, -0.316596], [0.408634, 0.207718, 0.888747], [-0.259987, -0.906924, 0.331505]], [[0.874886, -0.366527, -0.316596], [0.434382, 0.304694, 0.847629], [-0.214214, -0.879102, 0.425785]], [[0.874886, -0.366527, -0.316596], [0.451395, 0.380132, 0.807306], [-0.175551, -0.84921, 0.49802]]], "btipPosition": [-151.279, 348.62, 16.537], "carpPosition": [-119.623, 214.456, 78.6154], "dipPosition": [-148.255, 333.994, 25.1145], "direction": [-0.214214, 0.879102, -0.425785], "extended": true, "handId": 189, "id": 1892, "length": 61.4127, "mcpPosition": [-131.187, 271.017, 50.8563], "pipPosition": [-142.672, 311.082, 36.2115], "stabilizedTipPosition": [-150.994, 346.365, 18.176], "timeVisible": 6.81489, "tipPosition": [-152.053, 345.438, 19.8126], "tipVelocity": [3.10847, -14.1754, 9.09358], "tool": false, "touchDistance": 0.245679, "touchZone": "hovering", "type": 2, "width": 16.3667}, {"bases": [[[0.808646, -0.491014, -0.32403], [0.494354, 0.26857, 0.826731], [-0.318912, -0.828719, 0.459913]], [[0.828431, -0.433622, -0.354505], [0.459314, 0.163761, 0.873048], [-0.320519, -0.886089, 0.334834]], [[0.828431, -0.433622, -0.354505], [0.490446, 0.255945, 0.83304], [-0.270491, -0.863982, 0.424701]], [[0.828431, -0.433622, -0.354505], [0.512363, 0.331047, 0.792396], [-0.226243, -0.838081, 0.496421]]], "btipPosition": [-172.212, 331.789, 15.8424], "carpPosition": [-130.003, 211.554, 75.2889], "dipPosition": [-168.338, 317.438, 24.3432], "direction": [-0.270491, 0.863982, -0.424701], "extended": true, "handId": 189, "id": 1893, "length": 59.0499, "mcpPosition": [-148.345, 259.217, 48.8374], "pipPosition": [-161.47, 295.502, 35.1261], "stabilizedTipPosition": [-171.559, 329.711, 17.0792], "timeVisible": 6.81489, "tipPosition": [-171.876, 328.894, 19.102], "tipVelocity": [8.77972, -16.1552, 10.1297], "tool": false, "touchDistance": 0.333468, "touchZone": "hovering", "type": 3, "width": 15.5739}, {"bases": [[[0.673429, -0.62121, -0.400738], [0.58398, 0.114652, 0.803631], [-0.453278, -0.775211, 0.439984]], [[0.724173, -0.520901, -0.451924], [0.566766, 0.0762206, 0.820345], [-0.392873, -0.850207, 0.350426]], [[0.724173, -0.520901, -0.451924], [0.622265, 0.211106, 0.753804], [-0.297254, -0.827101, 0.477016]], [[0.724173, -0.520901, -0.451924], [0.64158, 0.268595, 0.718493], [-0.25288, -0.810258, 0.528709]]], "btipPosition": [-183.929, 300.965, 15.7744], "carpPosition": [-137.741, 204.513, 67.4591], "dipPosition": [-179.934, 288.164, 24.1269], "direction": [-0.297254, 0.827101, -0.477016], "extended": true, "handId": 189, "id": 1894, "length": 46.294, "mcpPosition": [-161.874, 245.785, 44.0343], "pipPosition": [-174.606, 273.338, 32.6779], "stabilizedTipPosition": [-182.834, 299.419, 16.5118], "timeVisible": 6.81489, "tipPosition": [-181.319, 298.948, 18.2205], "tipVelocity": [13.024, -15.7025, 14.8864], "tool": false, "touchDistance": 0.333538, "touchZone": "hovering", "type": 4, "width": 13.834}], "r": [[0.793197, -0.284466, 0.53844], [0.542409, 0.731964, -0.412336], [-0.276823, 0.619118, 0.734889]], "s": 1.13727, "t": [2.97335, 17.8172, 5.19957], "timestamp": 630371134985}, {"currentFrameRate": 55.3245, "devices": [], "gestures": [], "hands": [{"armBasis": [[0.915733, -0.131332, -0.379716], [0.361252, 0.682798, 0.635047], [0.175867, -0.718707, 0.672705]], "armWidth": 55.9977, "confidence": 1, "direction": [-0.251215, 0.918757, -0.304592], "elbow": [-164.146, 5.67739, 248.031], "grabAngle": 0.128523, "grabStrength": 0, "id": 189, "palmNormal": [0.269526, -0.235839, -0.933668], "palmPosition": [-126.211, 247.699, 53.6211], "palmVelocity": [37.6353, -17.8101, -0.843075], "palmWidth": 83.544, "pinchDistance": 61.7241, "pinchStrength": 0, "r": [[0.792346, -0.285499, 0.539145], [0.543545, 0.731669, -0.411363], [-0.277032, 0.618991, 0.734917]], "s": 1.13684, "sphereCenter": [-154.038, 308.419, 101.208], "sphereRadius": 85.9637, "stabilizedPalmPosition": [-127.763, 248.812, 53.5497], "t": [-2.46218, 17.5462, 5.19702], "timeVisible": 6.83297, "type": "left", "wrist": [-120.548, 183.848, 81.2641]}], "id": 62798, "interactionBox": {"center": [0, 200, 0], "size": [235.247, 235.247, 147.751]}, "pointables": [{"bases": [[[0.66418, 0.262802, 0.699857], [-0.72568, 0.001748, 0.68803], [0.179592, -0.964848, 0.191871]], [[0.585223, 0.527419, 0.615908], [-0.755217, 0.0779754, 0.65082], [0.295229, -0.846019, 0.443949]], [[0.585223, 0.527419, 0.615908], [-0.810052, 0.346113, 0.473309], [0.0364587, -0.775909, 0.62979]], [[0.585223, 0.527419, 0.615908], [-0.800064, 0.49918, 0.332743], [-0.131954, -0.687494, 0.714101]]], "btipPosition": [-81.6952, 281.696, 12.3923], "carpPosition": [-93.5352, 203.928, 67.7375], "dipPosition": [-78.8648, 266.95, 27.7096], "direction": [0.0364587, 0.775909, -0.62979], "extended": false, "handId": 189, "id": 1890, "length": 47.7656, "mcpPosition": [-93.5352, 203.928, 67.7375], "pipPosition": [-80.0041, 242.703, 47.3901], "stabilizedTipPosition": [-82.2889, 279.292, 15.898], "timeVisible": 6.83297, "tipPosition": [-83.3863, 280.31, 20.3512], "tipVelocity": [33.3099, -21.3056, -5.03517], "tool": false, "touchDistance": -0.196627, "touchZone": "touching", "type": 0, "width": 17.446}, {"bases": [[[0.958631, -0.157891, -0.23685], [0.280126, 0.37547, 0.883488], [-0.0505648, -0.913287, 0.404167]], [[0.941023, -0.289319, -0.175412], [0.264919, 0.307566, 0.913904], [-0.210459, -0.906475, 0.366073]], [[0.941023, -0.289319, -0.175412], [0.290199, 0.42363, 0.858092], [-0.173953, -0.858389, 0.482606]], [[0.941023, -0.289319, -0.175412], [0.310105, 0.530183, 0.789139], [-0.135313, -0.796995, 0.588634]]], "btipPosition": [-125.402, 343.725, 18.4882], "carpPosition": [-107.727, 214.844, 80.1123], "dipPosition": [-123.283, 331.244, 27.7057], "direction": [-0.173953, 0.858389, -0.482606], "extended": true, "handId": 189, "id": 1891, "length": 53.8982, "mcpPosition": [-111.142, 276.535, 52.8111], "pipPosition": [-119.429, 312.229, 38.3967], "stabilizedTipPosition": [-125.729, 341.863, 19.7679], "timeVisible": 6.83297, "tipPosition": [-127.469, 341.152, 22.7918], "tipVelocity": [41.1825, -19.6759, -9.76195], "tool": false, "touchDistance": 0.196618, "touchZone": "hovering", "type": 1, "width": 16.6644}, {"bases": [[[0.881091, -0.341507, -0.327187], [0.436983, 0.323229, 0.839386], [-0.1809, -0.882551, 0.434027]], [[0.875812, -0.365525, -0.315191], [0.407706, 0.210769, 0.888455], [-0.25832, -0.906625, 0.333621]], [[0.875812, -0.365525, -0.315191], [0.433415, 0.308257, 0.846835], [-0.212379, -0.878276, 0.428399]], [[0.875812, -0.365525, -0.315191], [0.45015, 0.383016, 0.806637], [-0.174123, -0.848346, 0.499991]]], "btipPosition": [-150.447, 348.247, 16.3076], "carpPosition": [-118.913, 214.159, 78.6256], "dipPosition": [-147.448, 333.635, 24.919], "direction": [-0.212379, 0.878276, -0.428399], "extended": true, "handId": 189, "id": 1892, "length": 61.4127, "mcpPosition": [-130.501, 270.694, 50.8224], "pipPosition": [-141.913, 310.745, 36.0842], "stabilizedTipPosition": [-150.927, 346.284, 18.1821], "timeVisible": 6.83297, "tipPosition": [-151.367, 345.085, 19.71], "tipVelocity": [45.6551, -20.4412, -12.2512], "tool": false, "touchDistance": 0.241986, "touchZone": "hovering", "type": 2, "width": 16.3667}, {"bases": [[[0.809401, -0.491048, -0.32209], [0.492827, 0.269706, 0.827273], [-0.319361, -0.82833, 0.460302]], [[0.829397, -0.433084, -0.352899], [0.458452, 0.16665, 0.872955], [-0.319252, -0.885814, 0.336767]], [[0.829397, -0.433084, -0.352899], [0.489365, 0.258502, 0.832886], [-0.269485, -0.86349, 0.426337]], [[0.829397, -0.433084, -0.352899], [0.511008, 0.332842, 0.79252], [-0.225768, -0.837648, 0.497368]]], "btipPosition": [-171.45, 331.439, 15.7143], "carpPosition": [-129.3, 211.257, 75.3201], "dipPosition": [-167.583, 317.095, 24.2314], "direction": [-0.269485, 0.86349, -0.426337], "extended": true, "handId": 189, "id": 1893, "length": 59.0499, "mcpPosition": [-147.668, 258.898, 48.8463], "pipPosition": [-160.741, 295.172, 35.0558], "stabilizedTipPosition": [-171.505, 329.625, 17.1117], "timeVisible": 6.83297, "tipPosition": [-171.215, 328.548, 19.0592], "tipVelocity": [42.0609, -19.2525, -6.873], "tool": false, "touchDistance": 0.333236, "touchZone": "hovering", "type": 3, "width": 15.5739}, {"bases": [[[0.674368, -0.621386, -0.398882], [0.582555, 0.115799, 0.8045], [-0.453715, -0.7749, 0.440082]], [[0.725288, -0.520817, -0.45023], [0.565635, 0.078009, 0.820958], [-0.392447, -0.850096, 0.351171]], [[0.725288, -0.520817, -0.45023], [0.621514, 0.214064, 0.753589], [-0.296104, -0.826393, 0.478954]], [[0.725288, -0.520817, -0.45023], [0.640444, 0.270512, 0.718786], [-0.252564, -0.809674, 0.529754]]], "btipPosition": [-183.227, 300.621, 15.7463], "carpPosition": [-137.055, 204.211, 67.5115], "dipPosition": [-179.237, 287.83, 24.1152], "direction": [-0.296104, 0.826393, -0.478954], "extended": true, "handId": 189, "id": 1894, "length": 46.294, "mcpPosition": [-161.21, 245.466, 44.0815], "pipPosition": [-173.929, 273.016, 32.7009], "stabilizedTipPosition": [-182.809, 299.338, 16.5658], "timeVisible": 6.83297, "tipPosition": [-180.687, 298.603, 18.238], "tipVelocity": [38.7934, -18.9078, -1.34756], "tool": false, "touchDistance": 0.333323, "touchZone": "hovering", "type": 4, "width": 13.834}], "r": [[0.792346, -0.285499, 0.539145], [0.543545, 0.731669, -0.411363], [-0.277032, 0.618991, 0.734917]], "s": 1.13684, "t": [2.46218, 17.5462, 5.19702], "timestamp": 630371153074}, {"currentFrameRate": 55.3142, "devices": [], "gestures": [], "hands": [{"armBasis": [[0.91329, -0.133184, -0.38492], [0.365794, 0.683862, 0.63129], [0.179154, -0.717353, 0.673282]], "armWidth": 55.9977, "confidence": 1, "direction": [-0.250828, 0.918822, -0.304715], "elbow": [-164.098, 5.9006, 248.098], "grabAngle": 0.129476, "grabStrength": 0, "id": 189, "palmNormal": [0.274807, -0.234242, -0.93253], "palmPosition": [-125.28, 247.597, 53.569], "palmVelocity": [51.3871, -5.59798, -2.87955], "palmWidth": 83.544, "pinchDistance": 61.5983, "pinchStrength": 0, "r": [[0.792161, -0.28668, 0.53879], [0.544211, 0.731395, -0.410969], [-0.276252, 0.618769, 0.735397]], "s": 1.13594, "sphereCenter": [-153.307, 307.784, 100.134], "sphereRadius": 85.1131, "stabilizedPalmPosition": [-127.556, 248.711, 53.5513], "t": [-1.74117, 17.3599, 5.16966], "timeVisible": 6.85109, "type": "left", "wrist": [-119.685, 183.736, 81.188]}], "id": 62799, "interactionBox": {"center": [0, 200, 0], "size": [235.247, 235.247, 147.751]}, "pointables": [{"bases": [[[0.668247, 0.260986, 0.696658], [-0.722006, 0.00180907, 0.691884], [0.179312, -0.965341, 0.189643]], [[0.589592, 0.524903, 0.613888], [-0.751501, 0.0779448, 0.655112], [0.296021, -0.847586, 0.44042]], [[0.589592, 0.524903, 0.613888], [-0.806878, 0.348465, 0.47699], [0.0364546, -0.776562, 0.628985]], [[0.589592, 0.524903, 0.613888], [-0.796626, 0.503338, 0.33472], [-0.133298, -0.686387, 0.714916]]], "btipPosition": [-80.7737, 281.689, 12.6256], "carpPosition": [-92.6211, 203.852, 67.8014], "dipPosition": [-77.9145, 266.966, 27.9605], "direction": [0.0364546, 0.776562, -0.628985], "extended": false, "handId": 189, "id": 1890, "length": 47.7656, "mcpPosition": [-92.6211, 203.852, 67.8014], "pipPosition": [-79.0537, 242.699, 47.6158], "stabilizedTipPosition": [-82.1361, 279.222, 15.9159], "timeVisible": 6.85109, "tipPosition": [-82.2993, 280.289, 20.5231], "tipVelocity": [51.2356, -0.129606, 13.1039], "tool": false, "touchDistance": -0.192671, "touchZone": "touching", "type": 0, "width": 17.446}, {"bases": [[[0.957143, -0.158861, -0.242156], [0.285328, 0.373926, 0.882478], [-0.0496427, -0.913752, 0.403228]], [[0.939801, -0.28981, -0.181063], [0.270592, 0.30754, 0.912249], [-0.208694, -0.906327, 0.367447]], [[0.939801, -0.28981, -0.181063], [0.295687, 0.424058, 0.856005], [-0.171297, -0.858013, 0.484223]], [[0.939801, -0.28981, -0.181063], [0.314734, 0.527707, 0.788966], [-0.133102, -0.798458, 0.587153]]], "btipPosition": [-124.343, 343.653, 18.4874], "carpPosition": [-106.893, 214.732, 80.1148], "dipPosition": [-122.258, 331.15, 27.6818], "direction": [-0.171297, 0.858013, -0.484223], "extended": true, "handId": 189, "id": 1891, "length": 53.8982, "mcpPosition": [-110.246, 276.455, 52.8772], "pipPosition": [-118.464, 312.143, 38.4086], "stabilizedTipPosition": [-125.66, 341.823, 19.7985], "timeVisible": 6.85109, "tipPosition": [-126.481, 341.088, 22.8398], "tipVelocity": [58.0257, -4.23587, -0.334257], "tool": false, "touchDistance": 0.196517, "touchZone": "hovering", "type": 1, "width": 16.6644}, {"bases": [[[0.878877, -0.342253, -0.332322], [0.441878, 0.321533, 0.837473], [-0.179776, -0.882881, 0.433822]], [[0.87385, -0.365335, -0.320807], [0.413284, 0.210603, 0.885913], [-0.256092, -0.906739, 0.335023]], [[0.87385, -0.365335, -0.320807], [0.438798, 0.308444, 0.84399], [-0.209388, -0.878289, 0.429842]], [[0.87385, -0.365335, -0.320807], [0.455124, 0.38256, 0.804058], [-0.171023, -0.848633, 0.500573]]], "btipPosition": [-149.303, 348.153, 16.1533], "carpPosition": [-118.07, 214.034, 78.5678], "dipPosition": [-146.357, 333.537, 24.7748], "direction": [-0.209388, 0.878289, -0.429842], "extended": true, "handId": 189, "id": 1892, "length": 61.4127, "mcpPosition": [-129.587, 270.59, 50.7777], "pipPosition": [-140.9, 310.647, 35.9775], "stabilizedTipPosition": [-150.776, 346.186, 18.1791], "timeVisible": 6.85109, "tipPosition": [-150.366, 344.992, 19.6349], "tipVelocity": [62.5098, -5.20326, -8.38835], "tool": false, "touchDistance": 0.239453, "touchZone": "hovering", "type": 2, "width": 16.3667}, {"bases": [[[0.807014, -0.491704, -0.327039], [0.497584, 0.267951, 0.824992], [-0.318022, -0.82851, 0.460904]], [[0.82724, -0.432689, -0.358406], [0.464054, 0.16656, 0.870007], [-0.316746, -0.886024, 0.338576]], [[0.82724, -0.432689, -0.358406], [0.494365, 0.257433, 0.83026], [-0.266979, -0.864007, 0.426865]], [[0.82724, -0.432689, -0.358406], [0.515645, 0.331354, 0.790136], [-0.223124, -0.838442, 0.497223]]], "btipPosition": [-170.296, 331.351, 15.4778], "carpPosition": [-128.436, 211.123, 75.2032], "dipPosition": [-166.476, 316.993, 23.9923], "direction": [-0.266979, 0.864007, -0.426865], "extended": true, "handId": 189, "id": 1893, "length": 59.0499, "mcpPosition": [-146.727, 258.774, 48.6948], "pipPosition": [-159.697, 295.057, 34.8302], "stabilizedTipPosition": [-171.369, 329.522, 17.1329], "timeVisible": 6.85109, "tipPosition": [-170.201, 328.428, 18.861], "tipVelocity": [63.078, -5.0577, -13.0899], "tool": false, "touchDistance": 0.333131, "touchZone": "hovering", "type": 3, "width": 15.5739}, {"bases": [[[0.6714, -0.62176, -0.403284], [0.586983, 0.113954, 0.80154], [-0.452409, -0.774874, 0.441471]], [[0.723081, -0.519103, -0.455725], [0.570355, 0.0764926, 0.817829], [-0.389678, -0.851282, 0.351383]], [[0.723081, -0.519103, -0.455725], [0.626202, 0.214106, 0.749687], [-0.291591, -0.82746, 0.479879]], [[0.723081, -0.519103, -0.455725], [0.645156, 0.271761, 0.714087], [-0.246836, -0.810356, 0.531408]]], "btipPosition": [-181.98, 300.553, 15.4554], "carpPosition": [-136.139, 204.076, 67.3442], "dipPosition": [-178.081, 287.751, 23.8505], "direction": [-0.291591, 0.82746, -0.479879], "extended": true, "handId": 189, "id": 1894, "length": 46.294, "mcpPosition": [-160.225, 245.331, 43.8403], "pipPosition": [-172.854, 272.918, 32.4528], "stabilizedTipPosition": [-182.71, 299.238, 16.6131], "timeVisible": 6.85109, "tipPosition": [-179.652, 298.466, 17.9566], "tipVelocity": [67.6513, -3.85267, -15.7239], "tool": false, "touchDistance": 0.333095, "touchZone": "hovering", "type": 4, "width": 13.834}], "r": [[0.792161, -0.28668, 0.53879], [0.544211, 0.731395, -0.410969], [-0.276252, 0.618769, 0.735397]], "s": 1.13594, "t": [1.74117, 17.3599, 5.16966], "timestamp": 630371171188}, {"currentFrameRate": 55.3183, "devices": [], "gestures": [], "hands": [{"armBasis": [[0.911766, -0.132994, -0.388581], [0.367587, 0.68627, 0.627626], [0.1832, -0.715085, 0.674604]], "armWidth": 55.9977, "confidence": 1, "direction": [-0.251985, 0.918772, -0.303909], "elbow": [-163.989, 6.34634, 248.341], "grabAngle": 0.130317, "grabStrength": 0, "id": 189, "palmNormal": [0.27576, -0.232851, -0.932597], "palmPosition": [-124.196, 247.484, 53.5149], "palmVelocity": [60.0262, -6.25644, -2.99154], "palmWidth": 83.544, "pinchDistance": 61.5222, "pinchStrength": 0, "r": [[0.791998, -0.287971, 0.538342], [0.544905, 0.731101, -0.410572], [-0.27535, 0.618517, 0.735948]], "s": 1.13502, "sphereCenter": [-152.145, 307.253, 99.3714], "sphereRadius": 84.4214, "stabilizedPalmPosition": [-127.259, 248.603, 53.5481], "t": [-0.838547, 17.2103, 5.12896], "timeVisible": 6.86915, "type": "left", "wrist": [-118.572, 183.619, 81.1028]}], "id": 62800, "interactionBox": {"center": [0, 200, 0], "size": [235.247, 235.247, 147.751]}, "pointables": [{"bases": [[[0.669085, 0.259264, 0.696496], [-0.721552, 0.00214389, 0.692357], [0.17801, -0.965804, 0.188507]], [[0.591057, 0.522696, 0.614362], [-0.750439, 0.0770309, 0.656435], [0.295791, -0.849032, 0.437781]], [[0.591057, 0.522696, 0.614362], [-0.805916, 0.350632, 0.477029], [0.0339259, -0.777075, 0.628493]], [[0.591057, 0.522696, 0.614362], [-0.794694, 0.507875, 0.332452], [-0.138248, -0.684728, 0.715566]]], "btipPosition": [-79.8299, 281.656, 12.6692], "carpPosition": [-91.4816, 203.772, 67.7225], "dipPosition": [-76.8645, 266.968, 28.0179], "direction": [0.0339259, 0.777075, -0.628493], "extended": false, "handId": 189, "id": 1890, "length": 47.7656, "mcpPosition": [-91.4816, 203.772, 67.7225], "pipPosition": [-77.9247, 242.685, 47.6579], "stabilizedTipPosition": [-81.8468, 279.131, 15.9434], "timeVisible": 6.86915, "tipPosition": [-81.2274, 280.26, 20.5017], "tipVelocity": [53.603, -1.37551, 2.58714], "tool": false, "touchDistance": -0.191892, "touchZone": "touching", "type": 0, "width": 17.446}, {"bases": [[[0.95675, -0.160017, -0.242949], [0.286455, 0.372572, 0.882686], [-0.0507292, -0.914103, 0.402296]], [[0.939407, -0.290291, -0.182334], [0.27194, 0.307214, 0.911959], [-0.208718, -0.906284, 0.367541]], [[0.939407, -0.290291, -0.182334], [0.297121, 0.424207, 0.855434], [-0.170977, -0.857776, 0.484755]], [[0.939407, -0.290291, -0.182334], [0.315878, 0.526387, 0.789391], [-0.133175, -0.799155, 0.586188]]], "btipPosition": [-123.295, 343.567, 18.4733], "carpPosition": [-105.777, 214.618, 80.0381], "dipPosition": [-121.21, 331.053, 27.6526], "direction": [-0.170977, 0.857776, -0.484755], "extended": true, "handId": 189, "id": 1891, "length": 53.8982, "mcpPosition": [-109.204, 276.365, 52.8634], "pipPosition": [-117.422, 312.051, 38.3912], "stabilizedTipPosition": [-125.524, 341.769, 19.8361], "timeVisible": 6.86915, "tipPosition": [-125.496, 341.003, 22.8681], "tipVelocity": [57.983, -4.91006, -0.974674], "tool": false, "touchDistance": 0.196224, "touchZone": "hovering", "type": 1, "width": 16.6644}, {"bases": [[[0.878154, -0.343199, -0.333256], [0.442897, 0.319996, 0.837523], [-0.180796, -0.883073, 0.433008]], [[0.873371, -0.36512, -0.322352], [0.41475, 0.210537, 0.885244], [-0.255353, -0.906842, 0.33531]], [[0.873371, -0.36512, -0.322352], [0.440291, 0.308881, 0.843052], [-0.208247, -0.878225, 0.430527]], [[0.873371, -0.36512, -0.322352], [0.456244, 0.381639, 0.803861], [-0.170484, -0.84914, 0.499897]]], "btipPosition": [-148.179, 348.049, 16.1018], "carpPosition": [-116.953, 213.905, 78.483], "dipPosition": [-145.242, 333.424, 24.7116], "direction": [-0.208247, 0.878225, -0.430527], "extended": true, "handId": 189, "id": 1892, "length": 61.4127, "mcpPosition": [-128.534, 270.474, 50.7451], "pipPosition": [-139.815, 310.535, 35.9323], "stabilizedTipPosition": [-150.526, 346.072, 18.1717], "timeVisible": 6.86915, "tipPosition": [-149.381, 344.875, 19.6484], "tipVelocity": [62.0972, -5.9178, -2.99883], "tool": false, "touchDistance": 0.238551, "touchZone": "hovering", "type": 2, "width": 16.3667}, {"bases": [[[0.806074, -0.492549, -0.328085], [0.498517, 0.266345, 0.82495], [-0.318945, -0.828526, 0.460237]], [[0.826645, -0.432612, -0.359867], [0.465512, 0.166423, 0.869254], [-0.31616, -0.886087, 0.338959]], [[0.826645, -0.432612, -0.359867], [0.495476, 0.256404, 0.829916], [-0.26676, -0.864352, 0.426304]], [[0.826645, -0.432612, -0.359867], [0.516273, 0.32863, 0.790863], [-0.223874, -0.839553, 0.495006]]], "btipPosition": [-169.209, 331.242, 15.458], "carpPosition": [-127.312, 210.983, 75.1086], "dipPosition": [-165.375, 316.865, 23.9346], "direction": [-0.26676, 0.864352, -0.426304], "extended": true, "handId": 189, "id": 1893, "length": 59.0499, "mcpPosition": [-145.656, 258.635, 48.6385], "pipPosition": [-158.602, 294.92, 34.7582], "stabilizedTipPosition": [-171.139, 329.402, 17.1536], "timeVisible": 6.86915, "tipPosition": [-169.207, 328.283, 18.8524], "tipVelocity": [60.3785, -6.28772, -1.5769], "tool": false, "touchDistance": 0.333299, "touchZone": "hovering", "type": 3, "width": 15.5739}, {"bases": [[[0.670218, -0.622323, -0.404378], [0.587672, 0.112241, 0.801276], [-0.453265, -0.774671, 0.440948]], [[0.722618, -0.518291, -0.457382], [0.569879, 0.072187, 0.818552], [-0.391231, -0.852152, 0.347527]], [[0.722618, -0.518291, -0.457382], [0.626662, 0.211919, 0.749924], [-0.291751, -0.828532, 0.47793]], [[0.722618, -0.518291, -0.457382], [0.646817, 0.273592, 0.711882], [-0.243826, -0.810261, 0.532942]]], "btipPosition": [-180.892, 300.445, 15.5119], "carpPosition": [-134.999, 203.933, 67.2371], "dipPosition": [-177.04, 287.645, 23.9312], "direction": [-0.291751, 0.828532, -0.47793], "extended": true, "handId": 189, "id": 1894, "length": 46.294, "mcpPosition": [-159.131, 245.176, 43.761], "pipPosition": [-171.81, 272.792, 32.4986], "stabilizedTipPosition": [-182.525, 299.12, 16.6701], "timeVisible": 6.86915, "tipPosition": [-178.631, 298.303, 17.917], "tipVelocity": [59.6468, -5.98222, 3.43524], "tool": false, "touchDistance": 0.333369, "touchZone": "hovering", "type": 4, "width": 13.834}], "r": [[0.791998, -0.287971, 0.538342], [0.544905, 0.731101, -0.410572], [-0.27535, 0.618517, 0.735948]], "s": 1.13502, "t": [0.838547, 17.2103, 5.12896], "timestamp": 630371189251}, {"currentFrameRate": 55.3112, "devices": [], "gestures": [], "hands": [{"armBasis": [[0.909664, -0.133803, -0.393203], [0.370665, 0.68866, 0.623181], [0.1874, -0.712631, 0.676046]], "armWidth": 55.9977, "confidence": 1, "direction": [-0.252577, 0.919654, -0.300735], "elbow": [-163.695, 6.81967, 248.475], "grabAngle": 0.131264, "grabStrength": 0, "id": 189, "palmNormal": [0.278386, -0.228599, -0.932868], "palmPosition": [-122.85, 247.418, 53.4793], "palmVelocity": [74.341, -3.63709, -1.96788], "palmWidth": 83.544, "pinchDistance": 61.3915, "pinchStrength": 0, "r": [[0.792046, -0.289677, 0.537354], [0.545472, 0.731046, -0.409918], [-0.274087, 0.617785, 0.737033]], "s": 1.1338, "sphereCenter": [-150.392, 305.747, 96.6154], "sphereRadius": 81.9199, "stabilizedPalmPosition": [-126.821, 248.485, 53.5413], "t": [0.285702, 17.1026, 5.0908], "timeVisible": 6.88726, "type": "left", "wrist": [-117.238, 183.485, 80.8803]}], "id": 62801, "interactionBox": {"center": [0, 200, 0], "size": [235.247, 235.247, 147.751]}, "pointables": [{"bases": [[[0.671169, 0.255417, 0.695912], [-0.719847, 0.000328, 0.694133], [0.177065, -0.966831, 0.184082]], [[0.593298, 0.519359, 0.615031], [-0.748932, 0.0760214, 0.658271], [0.295124, -0.851168, 0.434068]], [[0.593298, 0.519359, 0.615031], [-0.804351, 0.352215, 0.478502], [0.0318908, -0.778595, 0.626716]], [[0.593298, 0.519359, 0.615031], [-0.792513, 0.510815, 0.333154], [-0.141141, -0.68508, 0.714664]]], "btipPosition": [-78.6116, 281.732, 12.7785], "carpPosition": [-90.107, 203.695, 67.5869], "dipPosition": [-75.5842, 267.037, 28.108], "direction": [0.0318908, 0.778595, -0.626716], "extended": false, "handId": 189, "id": 1890, "length": 47.7656, "mcpPosition": [-90.107, 203.695, 67.5869], "pipPosition": [-76.5807, 242.706, 47.6924], "stabilizedTipPosition": [-81.3, 279.022, 15.9936], "timeVisible": 6.88726, "tipPosition": [-79.8225, 280.365, 20.6483], "tipVelocity": [68.0829, 4.10955, 5.79488], "tool": false, "touchDistance": -0.190144, "touchZone": "touching", "type": 0, "width": 17.446}, {"bases": [[[0.955917, -0.160396, -0.24596], [0.289162, 0.368509, 0.883508], [-0.051073, -0.915683, 0.398644]], [[0.93887