{"frames": 60, "data": [{"currentFrameRate": 55.3239, "devices": [], "gestures": [], "hands": [{"armBasis": [[0.83379, 0.100343, -0.542886], [0.228951, 0.831953, 0.505407], [0.502369, -0.545698, 0.6707]], "armWidth": 56.1757, "confidence": 1, "direction": [0.0142431, 0.9401, -0.340602], "elbow": [-161.395, 183.262, 241.474], "grabAngle": 0, "grabStrength": 0, "id": 181, "palmNormal": [0.298889, -0.329065, -0.895758], "palmPosition": [-30.6378, 369.098, 57.0822], "palmVelocity": [0.420921, 26.8974, 17.2114], "palmWidth": 78.8228, "pinchDistance": 59.0079, "pinchStrength": 0, "r": [[0.915449, 0.378946, -0.135473], [-0.344204, 0.911708, 0.224302], [0.20851, -0.158707, 0.965057]], "s": 1.18219, "sphereCenter": [-43.8791, 461.641, 168.265], "sphereRadius": 144.42, "stabilizedPalmPosition": [-31.5103, 368.281, 58.3776], "t": [124.552, 206.043, -5.49574], "timeVisible": 1.66304, "type": "left", "wrist": [-43.8926, 310.898, 84.5999]}], "id": 59173, "interactionBox": {"center": [0, 200, 0], "size": [235.247, 235.247, 147.751]}, "pointables": [{"bases": [[[0.648515, 0.441937, 0.619774], [-0.628694, -0.148064, 0.763428], [0.429153, -0.884742, 0.181822]], [[0.513052, 0.65877, 0.550272], [-0.653872, -0.115365, 0.747758], [0.556083, -0.743447, 0.371563]], [[0.513052, 0.65877, 0.550272], [-0.811657, 0.163758, 0.560711], [0.279268, -0.734306, 0.618712]], [[0.513052, 0.65877, 0.550272], [-0.849902, 0.300116, 0.433125], [0.120185, -0.689893, 0.713865]]], "btipPosition": [22.025, 388.915, 26.275], "carpPosition": [-12.4049, 322.098, 74.1651], "dipPosition": [19.6572, 375.323, 40.3393], "direction": [0.279268, 0.734306, -0.618712], "extended": false, "handId": 181, "id": 1810, "length": 43.8725, "mcpPosition": [-12.4049, 322.098, 74.1651], "pipPosition": [11.6416, 354.247, 58.0977], "stabilizedTipPosition": [20.775, 385.793, 32.6855], "timeVisible": 1.66304, "tipPosition": [21.7379, 386.449, 30.4805], "tipVelocity": [-3.29034, 21.3953, 10.4232], "tool": false, "touchDistance": 0.333476, "touchZone": "hovering", "type": 0, "width": 17.9887}, {"bases": [[[0.938244, 0.070065, -0.338805], [0.269734, 0.465117, 0.843155], [0.216659, -0.882472, 0.417494]], [[0.959094, -0.0516398, -0.278338], [0.280961, 0.293938, 0.913598], [0.034636, -0.954428, 0.296423]], [[0.959094, -0.0516398, -0.278338], [0.278572, 0.347084, 0.895506], [0.0503628, -0.936411, 0.347272]], [[0.959094, -0.0516398, -0.278338], [0.271367, 0.447699, 0.852013], [0.0806137, -0.892692, 0.443399]]], "btipPosition": [-6.7574, 458.417, 33.4132], "carpPosition": [-24.0024, 335.765, 84.1849], "dipPosition": [-7.91686, 445.578, 39.7906], "direction": [0.0503628, 0.936411, -0.347272], "extended": true, "handId": 181, "id": 1811, "length": 49.5052, "mcpPosition": [-10.1943, 392.006, 57.5772], "pipPosition": [-8.9416, 426.525, 46.8566], "stabilizedTipPosition": [-10.9739, 454.044, 36.7867], "timeVisible": 1.66304, "tipPosition": [-6.00881, 453.88, 32.3878], "tipVelocity": [17.3311, 24.6725, 26.9253], "tool": false, "touchDistance": 0.33371, "touchZone": "hovering", "type": 1, "width": 17.1828}, {"bases": [[[0.899067, -0.130129, -0.418025], [0.429163, 0.450779, 0.782699], [0.0865848, -0.8831, 0.461127]], [[0.898422, -0.123783, -0.421326], [0.439126, 0.258679, 0.86038], [0.0024879, -0.957999, 0.286759]], [[0.898422, -0.123783, -0.421326], [0.438147, 0.316928, 0.84118], [0.0294063, -0.940337, 0.33897]], [[0.898422, -0.123783, -0.421326], [0.434846, 0.384511, 0.814285], [0.0612096, -0.914784, 0.399279]]], "btipPosition": [-27.1837, 466.867, 27.7039], "carpPosition": [-34.1899, 337.64, 81.6401], "dipPosition": [-28.152, 452.395, 34.0203], "direction": [0.0294063, 0.940337, -0.33897], "extended": true, "handId": 181, "id": 1812, "length": 56.4072, "mcpPosition": [-28.9569, 391.013, 53.7702], "pipPosition": [-28.8559, 429.885, 42.1347], "stabilizedTipPosition": [-30.9768, 461.947, 30.6099], "timeVisible": 1.66304, "tipPosition": [-26.9068, 462.369, 27.0129], "tipVelocity": [19.6768, 28.9983, 29.0158], "tool": false, "touchDistance": 0.333739, "touchZone": "hovering", "type": 2, "width": 16.8758}, {"bases": [[[0.867082, -0.292275, -0.403416], [0.494842, 0.411949, 0.765133], [-0.0574428, -0.863061, 0.501823]], [[0.868122, -0.195173, -0.456368], [0.493363, 0.238575, 0.836466], [-0.0543775, -0.951309, 0.303404]], [[0.868122, -0.195173, -0.456368], [0.494768, 0.26689, 0.827028], [-0.0396135, -0.943757, 0.328258]], [[0.868122, -0.195173, -0.456368], [0.496306, 0.328987, 0.803398], [-0.0066624, -0.923945, 0.382466]]], "btipPosition": [-50.1752, 456.396, 25.1828], "carpPosition": [-43.9843, 337.241, 77.4959], "dipPosition": [-50.0704, 441.863, 31.1985], "direction": [-0.0396135, 0.943757, -0.328258], "extended": true, "handId": 181, "id": 1813, "length": 54.237, "mcpPosition": [-47.1014, 384.074, 50.2651], "pipPosition": [-49.1467, 419.855, 38.8535], "stabilizedTipPosition": [-52.1358, 451.495, 27.4807], "timeVisible": 1.66304, "tipPosition": [-49.81, 452.482, 25.608], "tipVelocity": [13.122, 32.4289, 25.1859], "tool": false, "touchDistance": 0.333684, "touchZone": "hovering", "type": 3, "width": 16.0584}, {"bases": [[[0.760845, -0.454222, -0.463463], [0.616649, 0.283596, 0.734382], [-0.202136, -0.844545, 0.495868]], [[0.78466, -0.296842, -0.544236], [0.600547, 0.146186, 0.786113], [-0.153791, -0.943671, 0.292974]], [[0.78466, -0.296842, -0.544236], [0.61042, 0.21681, 0.761827], [-0.108146, -0.929988, 0.35132]], [[0.78466, -0.296842, -0.544236], [0.615086, 0.263304, 0.743196], [-0.0773118, -0.917908, 0.389188]]], "btipPosition": [-69.5346, 431.432, 24.385], "carpPosition": [-51.9008, 332.289, 69.4455], "dipPosition": [-68.4128, 418.113, 30.0322], "direction": [-0.108146, 0.929989, -0.35132], "extended": true, "handId": 181, "id": 1814, "length": 42.5208, "mcpPosition": [-62.0544, 374.711, 44.5374], "pipPosition": [-66.6322, 402.801, 35.8167], "stabilizedTipPosition": [-70.4194, 426.772, 26.6896], "timeVisible": 1.66304, "tipPosition": [-68.0982, 426.916, 22.9876], "tipVelocity": [6.81869, 34.8912, 20.6564], "tool": false, "touchDistance": 0.333621, "touchZone": "hovering", "type": 4, "width": 14.2643}], "r": [[0.915449, 0.378946, -0.135473], [-0.344204, 0.911708, 0.224302], [0.20851, -0.158707, 0.965057]], "s": 1.18219, "t": [-124.552, 206.043, -5.49574], "timestamp": 630303636534}, {"currentFrameRate": 55.3237, "devices": [], "gestures": [], "hands": [{"armBasis": [[0.834241, 0.101698, -0.54194], [0.226257, 0.833156, 0.504638], [0.502841, -0.543608, 0.672043]], "armWidth": 56.1757, "confidence": 1, "direction": [0.0167215, 0.940399, -0.339663], "elbow": [-161.551, 183.941, 241.934], "grabAngle": 0, "grabStrength": 0, "id": 181, "palmNormal": [0.297882, -0.328969, -0.896128], "palmPosition": [-30.5393, 369.27, 57.2645], "palmVelocity": [5.44744, 9.47613, 10.0875], "palmWidth": 78.8228, "pinchDistance": 58.9818, "pinchStrength": 0, "r": [[0.914977, 0.380175, -0.13522], [-0.34498, 0.910856, 0.226563], [0.2093, -0.160652, 0.964564]], "s": 1.18198, "sphereCenter": [-43.4082, 461.394, 167.649], "sphereRadius": 143.559, "stabilizedPalmPosition": [-31.5052, 368.286, 58.3719], "t": [124.587, 206.339, -5.25571], "timeVisible": 1.68111, "type": "left", "wrist": [-43.9387, 311.089, 84.7461]}], "id": 59174, "interactionBox": {"center": [0, 200, 0], "size": [235.247, 235.247, 147.751]}, "pointables": [{"bases": [[[0.647241, 0.443057, 0.620306], [-0.628398, -0.150516, 0.763191], [0.431503, -0.883768, 0.180996]], [[0.510705, 0.660224, 0.550714], [-0.655158, -0.11593, 0.746544], [0.55673, -0.742068, 0.373345]], [[0.510705, 0.660224, 0.550714], [-0.81334, 0.163386, 0.558375], [0.278674, -0.733082, 0.620428]], [[0.510705, 0.660224, 0.550714], [-0.851621, 0.300561, 0.429423], [0.117993, -0.688308, 0.715758]]], "btipPosition": [21.9673, 388.895, 26.2442], "carpPosition": [-12.4304, 322.204, 74.2978], "dipPosition": [19.6427, 375.334, 40.3457], "direction": [0.278674, 0.733082, -0.620428], "extended": false, "handId": 181, "id": 1810, "length": 43.8725, "mcpPosition": [-12.4304, 322.204, 74.2978], "pipPosition": [11.6441, 354.293, 58.1534], "stabilizedTipPosition": [20.7852, 385.792, 32.6359], "timeVisible": 1.68111, "tipPosition": [21.8705, 386.493, 30.65], "tipVelocity": [-2.64464, -0.73944, -1.23292], "tool": false, "touchDistance": 0.333322, "touchZone": "hovering", "type": 0, "width": 17.9887}, {"bases": [[[0.938099, 0.0729238, -0.338604], [0.268368, 0.464995, 0.843657], [0.218972, -0.882305, 0.416641]], [[0.959312, -0.0492367, -0.278021], [0.279896, 0.295296, 0.913487], [0.0371214, -0.954136, 0.297062]], [[0.959312, -0.0492367, -0.278021], [0.277338, 0.348975, 0.895154], [0.0529479, -0.935838, 0.348431]], [[0.959312, -0.0492367, -0.278021], [0.269714, 0.451044, 0.850772], [0.0835104, -0.891142, 0.445972]]], "btipPosition": [-6.41326, 458.489, 33.5319], "carpPosition": [-23.9898, 335.891, 84.3329], "dipPosition": [-7.61438, 445.671, 39.9463], "direction": [0.0529479, 0.935838, -0.348431], "extended": true, "handId": 181, "id": 1811, "length": 49.5052, "mcpPosition": [-10.0343, 392.122, 57.7796], "pipPosition": [-8.69172, 426.63, 47.0359], "stabilizedTipPosition": [-10.9524, 454.052, 36.7778], "timeVisible": 1.68111, "tipPosition": [-5.69594, 454.025, 32.6747], "tipVelocity": [18.5085, 4.22599, 7.03613], "tool": false, "touchDistance": 0.333446, "touchZone": "hovering", "type": 1, "width": 17.1828}, {"bases": [[[0.899471, -0.127295, -0.418029], [0.427844, 0.451146, 0.783209], [0.0888934, -0.883325, 0.460255]], [[0.898798, -0.120848, -0.421376], [0.438332, 0.259201, 0.860628], [0.00521612, -0.958233, 0.285941]], [[0.898798, -0.120848, -0.421376], [0.437126, 0.31922, 0.840844], [0.0328972, -0.939944, 0.33974]], [[0.898798, -0.120848, -0.421376], [0.433532, 0.387353, 0.813638], [0.0648948, -0.913977, 0.400544]]], "btipPosition": [-26.7743, 467.024, 27.9028], "carpPosition": [-34.1726, 337.796, 81.7914], "dipPosition": [-27.8008, 452.565, 34.2391], "direction": [0.0328972, 0.939944, -0.33974], "extended": true, "handId": 181, "id": 1812, "length": 56.4072, "mcpPosition": [-28.8, 391.183, 53.9742], "pipPosition": [-28.5884, 430.065, 42.3719], "stabilizedTipPosition": [-30.9552, 461.957, 30.6031], "timeVisible": 1.68111, "tipPosition": [-26.5647, 462.567, 27.3007], "tipVelocity": [21.9088, 8.86427, 11.2536], "tool": false, "touchDistance": 0.333504, "touchZone": "hovering", "type": 2, "width": 16.8758}, {"bases": [[[0.867919, -0.289541, -0.403587], [0.49363, 0.41251, 0.765614], [-0.0551932, -0.863714, 0.500951]], [[0.868726, -0.192822, -0.456219], [0.492548, 0.239478, 0.836688], [-0.052078, -0.951562, 0.303015]], [[0.868726, -0.192822, -0.456219], [0.493954, 0.269588, 0.826639], [-0.0364031, -0.943473, 0.329444]], [[0.868726, -0.192822, -0.456219], [0.495284, 0.332572, 0.802552], [-0.00302421, -0.923155, 0.384416]]], "btipPosition": [-49.8188, 456.608, 25.3388], "carpPosition": [-43.9686, 337.428, 77.6482], "dipPosition": [-49.7713, 442.089, 31.3851], "direction": [-0.0364031, 0.943473, -0.329444], "extended": true, "handId": 181, "id": 1813, "length": 54.237, "mcpPosition": [-46.9636, 384.296, 50.4647], "pipPosition": [-48.9224, 420.087, 39.0677], "stabilizedTipPosition": [-52.111, 451.514, 27.4727], "timeVisible": 1.68111, "tipPosition": [-49.4942, 452.74, 25.8829], "tipVelocity": [18.9885, 11.9265, 9.01769], "tool": false, "touchDistance": 0.333471, "touchZone": "hovering", "type": 3, "width": 16.0584}, {"bases": [[[0.762125, -0.451712, -0.463811], [0.615785, 0.284516, 0.734752], [-0.199935, -0.845581, 0.494994]], [[0.785501, -0.294608, -0.544237], [0.600013, 0.147169, 0.786337], [-0.151567, -0.944218, 0.29237]], [[0.785501, -0.294608, -0.544237], [0.609781, 0.218363, 0.761896], [-0.105619, -0.930335, 0.351171]], [[0.785501, -0.294608, -0.544237], [0.614439, 0.266331, 0.742653], [-0.0738445, -0.917755, 0.390222]]], "btipPosition": [-69.2645, 431.72, 24.5828], "carpPosition": [-51.8995, 332.505, 69.594], "dipPosition": [-68.193, 418.403, 30.245], "direction": [-0.105619, 0.930335, -0.351171], "extended": true, "handId": 181, "id": 1814, "length": 42.5208, "mcpPosition": [-61.9425, 374.98, 44.7297], "pipPosition": [-66.454, 403.085, 36.027], "stabilizedTipPosition": [-70.3989, 426.8, 26.6778], "timeVisible": 1.68111, "tipPosition": [-67.8528, 427.226, 23.2417], "tipVelocity": [14.3006, 15.9593, 11.1324], "tool": false, "touchDistance": 0.333497, "touchZone": "hovering", "type": 4, "width": 14.2643}], "r": [[0.914977, 0.380175, -0.13522], [-0.34498, 0.910856, 0.226563], [0.2093, -0.160652, 0.964564]], "s": 1.18198, "t": [-124.587, 206.339, -5.25571], "timestamp": 630303654610}, {"currentFrameRate": 55.3368, "devices": [], "gestures": [], "hands": [{"armBasis": [[0.834129, 0.101221, -0.542202], [0.225184, 0.834868, 0.502282], [0.503509, -0.541064, 0.673594]], "armWidth": 56.1757, "confidence": 1, "direction": [0.017514, 0.941825, -0.335646], "elbow": [-161.642, 184.609, 242.398], "grabAngle": 0, "grabStrength": 0, "id": 181, "palmNormal": [0.298844, -0.325283, -0.897153], "palmPosition": [-30.4154, 369.415, 57.5748], "palmVelocity": [6.87354, 8.08478, 17.2111], "palmWidth": 78.8228, "pinchDistance": 58.9069, "pinchStrength": 0, "r": [[0.914534, 0.381346, -0.134916], [-0.345617, 0.909947, 0.229228], [0.210181, -0.163008, 0.963977]], "s": 1.18106, "sphereCenter": [-43.5811, 460.705, 167.272], "sphereRadius": 142.583, "stabilizedPalmPosition": [-31.5014, 368.29, 58.3691], "t": [124.666, 206.56, -4.98057], "timeVisible": 1.69914, "type": "left", "wrist": [-43.8731, 311.162, 84.8474]}], "id": 59175, "interactionBox": {"center": [0, 200, 0], "size": [235.247, 235.247, 147.751]}, "pointables": [{"bases": [[[0.64782, 0.440683, 0.621391], [-0.627405, -0.15401, 0.763311], [0.432079, -0.884353, 0.176716]], [[0.511191, 0.657989, 0.552933], [-0.655314, -0.117867, 0.746104], [0.556101, -0.743746, 0.370937]], [[0.511191, 0.657989, 0.552933], [-0.813929, 0.163985, 0.557341], [0.276052, -0.734956, 0.619383]], [[0.511191, 0.657989, 0.552933], [-0.852143, 0.304212, 0.425801], [0.111964, -0.688844, 0.716211]]], "btipPosition": [21.8302, 389.098, 26.5018], "carpPosition": [-12.3462, 322.27, 74.4302], "dipPosition": [19.6244, 375.527, 40.6122], "direction": [0.276052, 0.734956, -0.619383], "extended": false, "handId": 181, "id": 1810, "length": 43.8725, "mcpPosition": [-12.3462, 322.27, 74.4302], "pipPosition": [11.701, 354.432, 58.3899], "stabilizedTipPosition": [20.7912, 385.794, 32.6037], "timeVisible": 1.69914, "tipPosition": [22.0183, 386.713, 31.0681], "tipVelocity": [-6.08956, 11.1488, 14.4038], "tool": false, "touchDistance": 0.333528, "touchZone": "hovering", "type": 0, "width": 17.9887}, {"bases": [[[0.937655, 0.0747421, -0.339435], [0.269212, 0.461519, 0.845296], [0.219835, -0.883976, 0.412624]], [[0.959111, -0.0488707, -0.278777], [0.280586, 0.293318, 0.913912], [0.037107, -0.954765, 0.295037]], [[0.959111, -0.0488707, -0.278777], [0.277989, 0.347718, 0.895441], [0.0531751, -0.936325, 0.347086]], [[0.959111, -0.0488707, -0.278777], [0.270261, 0.450639, 0.850814], [0.084048, -0.891368, 0.445421]]], "btipPosition": [-6.26899, 458.659, 34.0727], "carpPosition": [-23.9123, 335.92, 84.5092], "dipPosition": [-7.47785, 445.839, 40.4792], "direction": [0.0531751, 0.936325, -0.347086], "extended": true, "handId": 181, "id": 1811, "length": 49.5052, "mcpPosition": [-9.90184, 392.257, 58.2118], "pipPosition": [-8.55981, 426.788, 47.5414], "stabilizedTipPosition": [-10.9397, 454.056, 36.7742], "timeVisible": 1.69914, "tipPosition": [-5.5205, 454.281, 33.4015], "tipVelocity": [7.90457, 9.43876, 29.901], "tool": false, "touchDistance": 0.333743, "touchZone": "hovering", "type": 1, "width": 17.1828}, {"bases": [[[0.89901, -0.125154, -0.419663], [0.428619, 0.447991, 0.784595], [0.0898102, -0.885235, 0.456392]], [[0.898315, -0.118541, -0.423059], [0.4393, 0.2572, 0.860734], [0.00677881, -0.95906, 0.283122]], [[0.898315, -0.118541, -0.423059], [0.437917, 0.31936, 0.84038], [0.0354888, -0.94019, 0.338797]], [[0.898315, -0.118541, -0.423059], [0.434083, 0.388146, 0.812966], [0.067839, -0.913942, 0.400134]]], "btipPosition": [-26.4655, 467.222, 28.4516], "carpPosition": [-34.0913, 337.84, 81.9634], "dipPosition": [-27.5387, 452.764, 34.7815], "direction": [0.0354888, 0.94019, -0.338797], "extended": true, "handId": 181, "id": 1812, "length": 56.4072, "mcpPosition": [-28.6633, 391.342, 54.3797], "pipPosition": [-28.3882, 430.257, 42.8917], "stabilizedTipPosition": [-30.9383, 461.964, 30.6003], "timeVisible": 1.69914, "tipPosition": [-26.3715, 462.852, 28.0381], "tipVelocity": [16.5333, 10.9743, 30.3667], "tool": false, "touchDistance": 0.333752, "touchZone": "hovering", "type": 2, "width": 16.8758}, {"bases": [[[0.867542, -0.287472, -0.405871], [0.494399, 0.409457, 0.766756], [-0.0542344, -0.865855, 0.497347]], [[0.86824, -0.190414, -0.458151], [0.493589, 0.237894, 0.836526], [-0.0502947, -0.952444, 0.300535]], [[0.86824, -0.190414, -0.458151], [0.495049, 0.271149, 0.825472], [-0.0329543, -0.943515, 0.329686]], [[0.86824, -0.190414, -0.458151], [0.496143, 0.335657, 0.800735], [0.00131071, -0.922538, 0.385903]]], "btipPosition": [-49.4649, 456.814, 25.7571], "carpPosition": [-43.8824, 337.493, 77.8067], "dipPosition": [-49.4855, 442.304, 31.8268], "direction": [-0.0329543, 0.943515, -0.329686], "extended": true, "handId": 181, "id": 1813, "length": 54.237, "mcpPosition": [-46.8253, 384.478, 50.8188], "pipPosition": [-48.717, 420.301, 39.515], "stabilizedTipPosition": [-52.0882, 451.531, 27.4699], "timeVisible": 1.69914, "tipPosition": [-49.3015, 453.034, 26.536], "tipVelocity": [18.7648, 11.5291, 23.503], "tool": false, "touchDistance": 0.333657, "touchZone": "hovering", "type": 3, "width": 16.0584}, {"bases": [[[0.76174, -0.449429, -0.466654], [0.616568, 0.281644, 0.735201], [-0.19899, -0.847756, 0.491643]], [[0.785014, -0.291061, -0.546842], [0.601231, 0.145304, 0.785753], [-0.149244, -0.945606, 0.28906]], [[0.785014, -0.291061, -0.546842], [0.610931, 0.217626, 0.761185], [-0.102544, -0.931624, 0.348658]], [[0.785014, -0.291061, -0.546842], [0.615618, 0.268151, 0.74102], [-0.0690459, -0.918356, 0.389685]]], "btipPosition": [-68.9336, 432.003, 25.0268], "carpPosition": [-51.8054, 332.607, 69.722], "dipPosition": [-67.9317, 418.677, 30.6812], "direction": [-0.102544, 0.931624, -0.348658], "extended": true, "handId": 181, "id": 1814, "length": 42.5208, "mcpPosition": [-61.8009, 375.191, 45.026], "pipPosition": [-66.2433, 403.338, 36.4218], "stabilizedTipPosition": [-70.3795, 426.825, 26.6738], "timeVisible": 1.69914, "tipPosition": [-67.6743, 427.545, 23.7782], "tipVelocity": [17.4696, 15.5839, 24.5313], "tool": false, "touchDistance": 0.333672, "touchZone": "hovering", "type": 4, "width": 14.2643}], "r": [[0.914534, 0.381346, -0.134916], [-0.345617, 0.909947, 0.229228], [0.210181, -0.163008, 0.963977]], "s": 1.18106, "t": [-124.666, 206.56, -4.98057], "timestamp": 630303672636}, {"currentFrameRate": 55.3088, "devices": [], "gestures": [], "hands": [{"armBasis": [[0.834215, 0.100894, -0.54213], [0.223789, 0.836579, 0.500054], [0.503987, -0.538475, 0.675308]], "armWidth": 56.1757, "confidence": 1, "direction": [0.0159714, 0.943349, -0.331416], "elbow": [-161.566, 185.221, 242.842], "grabAngle": 0, "grabStrength": 0, "id": 181, "palmNormal": [0.29781, -0.320903, -0.899072], "palmPosition": [-30.3058, 369.517, 57.8133], "palmVelocity": [6.03121, 5.57468, 13.1259], "palmWidth": 78.8228, "pinchDistance": 58.8538, "pinchStrength": 0, "r": [[0.914305, 0.382203, -0.134043], [-0.345996, 0.909081, 0.232073], [0.210555, -0.165807, 0.963418]], "s": 1.17994, "sphereCenter": [-43.4368, 460.001, 167.046], "sphereRadius": 141.77, "stabilizedPalmPosition": [-31.4985, 368.293, 58.3677], "t": [124.761, 206.721, -4.72371], "timeVisible": 1.71731, "type": "left", "wrist": [-43.686, 311.168, 84.8908]}], "id": 59176, "interactionBox": {"center": [0, 200, 0], "size": [235.247, 235.247, 147.751]}, "pointables": [{"bases": [[[0.647338, 0.437164, 0.624373], [-0.628751, -0.156767, 0.761641], [0.430843, -0.885614, 0.173386]], [[0.510996, 0.654995, 0.556655], [-0.657336, -0.119525, 0.744059], [0.553889, -0.74612, 0.369474]], [[0.510996, 0.654995, 0.556655], [-0.81515, 0.163736, 0.555627], [0.272788, -0.737681, 0.617587]], [[0.510996, 0.654995, 0.556655], [-0.852915, 0.305846, 0.423078], [0.106863, -0.69097, 0.714941]]], "btipPosition": [21.7273, 389.366, 26.6392], "carpPosition": [-12.1593, 322.316, 74.4279], "dipPosition": [19.622, 375.753, 40.7247], "direction": [0.272788, 0.737681, -0.617587], "extended": false, "handId": 181, "id": 1810, "length": 43.8725, "mcpPosition": [-12.1593, 322.316, 74.4279], "pipPosition": [11.7923, 354.58, 58.4508], "stabilizedTipPosition": [20.7965, 385.8, 32.5713], "timeVisible": 1.71731, "tipPosition": [22.059, 386.983, 31.2887], "tipVelocity": [-4.38923, 14.2302, 7.24583], "tool": false, "touchDistance": 0.333441, "touchZone": "hovering", "type": 0, "width": 17.9887}, {"bases": [[[0.93826, 0.0752477, -0.337649], [0.268407, 0.457404, 0.847785], [0.218236, -0.88607, 0.408966]], [[0.959518, -0.0489817, -0.277354], [0.27936, 0.290743, 0.91511], [0.0358151, -0.955547, 0.292657]], [[0.959518, -0.0489817, -0.277354], [0.276723, 0.347268, 0.896007], [0.0524284, -0.936486, 0.346765]], [[0.959518, -0.0489817, -0.277354], [0.268893, 0.452295, 0.850368], [0.0837933, -0.890523, 0.447156]]], "btipPosition": [-6.24883, 458.799, 34.4505], "carpPosition": [-23.7247, 335.907, 84.5862], "dipPosition": [-7.45402, 445.991, 40.882], "direction": [0.0524284, 0.936486, -0.346765], "extended": true, "handId": 181, "id": 1811, "length": 49.5052, "mcpPosition": [-9.81609, 392.378, 58.522], "pipPosition": [-8.52078, 426.936, 47.9376], "stabilizedTipPosition": [-10.9322, 454.059, 36.7728], "timeVisible": 1.71731, "tipPosition": [-5.55531, 454.538, 34.0144], "tipVelocity": [1.15572, 7.85839, 21.101], "tool": false, "touchDistance": 0.333639, "touchZone": "hovering", "type": 1, "width": 17.1828}, {"bases": [[[0.899521, -0.124241, -0.418838], [0.427893, 0.443976, 0.78727], [0.0881423, -0.887384, 0.452528]], [[0.89881, -0.117345, -0.422341], [0.438296, 0.254117, 0.862161], [0.00615392, -0.960029, 0.279834]], [[0.89881, -0.117345, -0.422341], [0.436856, 0.319003, 0.841067], [0.036033, -0.940461, 0.337985]], [[0.89881, -0.117345, -0.422341], [0.432895, 0.389012, 0.813186], [0.0688727, -0.913728, 0.400446]]], "btipPosition": [-26.3806, 467.381, 28.9345], "carpPosition": [-33.9096, 337.827, 82.0648], "dipPosition": [-27.4702, 452.927, 35.2693], "direction": [0.036033, 0.940461, -0.337985], "extended": true, "handId": 181, "id": 1812, "length": 56.4072, "mcpPosition": [-28.5824, 391.46, 54.7146], "pipPosition": [-28.3327, 430.414, 43.3601], "stabilizedTipPosition": [-30.9285, 461.969, 30.5998], "timeVisible": 1.71731, "tipPosition": [-26.4123, 463.104, 28.7176], "tipVelocity": [4.46253, 8.83684, 26.6256], "tool": false, "touchDistance": 0.333715, "touchZone": "hovering", "type": 2, "width": 16.8758}, {"bases": [[[0.867855, -0.286586, -0.405828], [0.493658, 0.40545, 0.769358], [-0.0559442, -0.868031, 0.493348]], [[0.868739, -0.189293, -0.457668], [0.492634, 0.235056, 0.83789], [-0.0510292, -0.953371, 0.297455]], [[0.868739, -0.189293, -0.457668], [0.494236, 0.271675, 0.825786], [-0.0319786, -0.943589, 0.32957]], [[0.868739, -0.189293, -0.457668], [0.49526, 0.337843, 0.800362], [0.00311701, -0.921971, 0.387247]]], "btipPosition": [-49.3585, 456.955, 26.1865], "carpPosition": [-43.7067, 337.489, 77.9217], "dipPosition": [-49.4076, 442.454, 32.2773], "direction": [-0.0319786, 0.943589, -0.32957], "extended": true, "handId": 181, "id": 1813, "length": 54.237, "mcpPosition": [-46.7425, 384.591, 51.1508], "pipPosition": [-48.6618, 420.45, 39.9629], "stabilizedTipPosition": [-52.0751, 451.541, 27.4705], "timeVisible": 1.71731, "tipPosition": [-49.3314, 453.26, 27.1886], "tipVelocity": [5.49307, 7.89182, 23.8902], "tool": false, "touchDistance": 0.333674, "touchZone": "hovering", "type": 3, "width": 16.0584}, {"bases": [[[0.761971, -0.448151, -0.467505], [0.615736, 0.277648, 0.737415], [-0.200672, -0.849748, 0.487503]], [[0.785553, -0.289282, -0.547012], [0.600399, 0.142379, 0.786924], [-0.14976, -0.946596, 0.285531]], [[0.785553, -0.289282, -0.547012], [0.610281, 0.216059, 0.762152], [-0.10229, -0.932542, 0.34627]], [[0.785553, -0.289282, -0.547012], [0.615155, 0.269338, 0.740973], [-0.067019, -0.918571, 0.389533]]], "btipPosition": [-68.8314, 432.174, 25.4866], "carpPosition": [-51.6369, 332.631, 69.8271], "dipPosition": [-67.8589, 418.845, 31.1388], "direction": [-0.10229, 0.932542, -0.34627], "extended": true, "handId": 181, "id": 1814, "length": 42.5208, "mcpPosition": [-61.7169, 375.315, 45.3392], "pipPosition": [-66.1747, 403.491, 36.8401], "stabilizedTipPosition": [-70.3681, 426.839, 26.6745], "timeVisible": 1.71731, "tipPosition": [-67.6892, 427.771, 24.3612], "tipVelocity": [5.25291, 9.38371, 25.265], "tool": false, "touchDistance": 0.333693, "touchZone": "hovering", "type": 4, "width": 14.2643}], "r": [[0.914305, 0.382203, -0.134043], [-0.345996, 0.909081, 0.232073], [0.210555, -0.165807, 0.963418]], "s": 1.17994, "t": [-124.761, 206.721, -4.72371], "timestamp": 630303690813}, {"currentFrameRate": 55.2, "devices": [], "gestures": [], "hands": [{"armBasis": [[0.835345, 0.105444, -0.539519], [0.218439, 0.836955, 0.501788], [0.504463, -0.537018, 0.676113]], "armWidth": 56.1757, "confidence": 1, "direction": [0.0124573, 0.941748, -0.336088], "elbow": [-161.455, 185.519, 243.578], "grabAngle": 0, "grabStrength": 0, "id": 181, "palmNormal": [0.28729, -0.325313, -0.900908], "palmPosition": [-30.2952, 369.362, 58.003], "palmVelocity": [0.573428, -8.39706, 10.2558], "palmWidth": 78.8228, "pinchDistance": 58.8461, "pinchStrength": 0, "r": [[0.914397, 0.382832, -0.131595], [-0.34691, 0.908578, 0.232678], [0.208641, -0.167109, 0.96361]], "s": 1.17984, "sphereCenter": [-42.2877, 461.335, 169.001], "sphereRadius": 143.916, "stabilizedPalmPosition": [-31.496, 368.295, 58.367], "t": [124.813, 206.724, -4.50045], "timeVisible": 1.73581, "type": "left", "wrist": [-43.4636, 311.125, 85.4381]}], "id": 59177, "interactionBox": {"center": [0, 200, 0], "size": [235.247, 235.247, 147.751]}, "pointables": [{"bases": [[[0.63993, 0.440398, 0.629714], [-0.63746, -0.153372, 0.755064], [0.429109, -0.884606, 0.182589]], [[0.504632, 0.657436, 0.559575], [-0.66408, -0.118584, 0.738198], [0.551674, -0.744121, 0.376749]], [[0.504632, 0.657436, 0.559575], [-0.820292, 0.163021, 0.548219], [0.269196, -0.735664, 0.621556]], [[0.504632, 0.657436, 0.559575], [-0.856918, 0.302551, 0.417317], [0.105059, -0.690102, 0.716046]]], "btipPosition": [21.6784, 389.122, 26.3934], "carpPosition": [-11.9738, 322.233, 74.6323], "dipPosition": [19.6086, 375.526, 40.5006], "direction": [0.269196, 0.735664, -0.621556], "extended": false, "handId": 181, "id": 1810, "length": 43.8725, "mcpPosition": [-11.9738, 322.233, 74.6323], "pipPosition": [11.8821, 354.411, 58.3407], "stabilizedTipPosition": [20.8004, 385.802, 32.5436], "timeVisible": 1.73581, "tipPosition": [21.7518, 386.664, 30.7638], "tipVelocity": [-2.20096, -12.9763, -13.0225], "tool": false, "touchDistance": 0.333138, "touchZone": "hovering", "type": 0, "width": 17.9887}, {"bases": [[[0.942074, 0.074001, -0.327138], [0.258435, 0.461556, 0.848633], [0.213792, -0.884019, 0.415695]], [[0.962528, -0.0483118, -0.266843], [0.268948, 0.296091, 0.916513], [0.0347315, -0.953937, 0.297989]], [[0.962528, -0.0483118, -0.266843], [0.266461, 0.351289, 0.897549], [0.050377, -0.93502, 0.350999]], [[0.962528, -0.0483118, -0.266843], [0.258858, 0.456946, 0.850995], [0.0808198, -0.888182, 0.452329]]], "btipPosition": [-6.34739, 458.518, 33.9405], "carpPosition": [-23.4163, 335.877, 84.8584], "dipPosition": [-7.50982, 445.743, 40.4464], "direction": [0.050377, 0.93502, -0.350999], "extended": true, "handId": 181, "id": 1811, "length": 49.5052, "mcpPosition": [-9.79096, 392.217, 58.3654], "pipPosition": [-8.53484, 426.718, 47.5882], "stabilizedTipPosition": [-10.9265, 454.061, 36.771], "timeVisible": 1.73581, "tipPosition": [-5.79968, 454.27, 33.5292], "tipVelocity": [-4.79827, -14.8255, -26.6542], "tool": false, "touchDistance": 0.332938, "touchZone": "hovering", "type": 1, "width": 17.1828}, {"bases": [[[0.904345, -0.125889, -0.407815], [0.418614, 0.447901, 0.790029], [0.0832046, -0.885176, 0.457756]], [[0.90379, -0.120183, -0.410756], [0.427963, 0.261544, 0.865126], [0.0034572, -0.95768, 0.287815]], [[0.90379, -0.120183, -0.410756], [0.427023, 0.317287, 0.846747], [0.0285628, -0.940683, 0.338082]], [[0.90379, -0.120183, -0.410756], [0.423854, 0.384257, 0.820179], [0.0592641, -0.91537, 0.398228]]], "btipPosition": [-26.8388, 467.146, 28.7084], "carpPosition": [-33.6291, 337.79, 82.4458], "dipPosition": [-27.7763, 452.666, 35.0082], "direction": [0.0285628, 0.940683, -0.338082], "extended": true, "handId": 181, "id": 1812, "length": 56.4072, "mcpPosition": [-28.6004, 391.289, 54.7796], "pipPosition": [-28.4601, 430.147, 43.1013], "stabilizedTipPosition": [-30.9124, 461.977, 30.598], "timeVisible": 1.73581, "tipPosition": [-26.7107, 462.818, 28.4364], "tipVelocity": [-22.8868, -13.0338, -12.6611], "tool": false, "touchDistance": 0.333157, "touchZone": "hovering", "type": 2, "width": 16.8758}, {"bases": [[[0.872585, -0.288182, -0.394395], [0.484595, 0.409317, 0.773064], [-0.0613507, -0.865685, 0.496815]], [[0.874053, -0.191601, -0.446453], [0.482797, 0.240034, 0.842194], [-0.0542011, -0.951668, 0.302307]], [[0.874053, -0.191601, -0.446453], [0.484378, 0.272675, 0.83128], [-0.0375374, -0.942835, 0.33114]], [[0.874053, -0.191601, -0.446453], [0.485799, 0.334264, 0.80763], [-0.00550942, -0.922798, 0.385244]]], "btipPosition": [-49.8034, 456.706, 26.3069], "carpPosition": [-43.4736, 337.435, 78.4179], "dipPosition": [-49.7167, 442.192, 32.3662], "direction": [-0.0375374, 0.942835, -0.33114], "extended": true, "handId": 181, "id": 1813, "length": 54.237, "mcpPosition": [-46.8027, 384.41, 51.4588], "pipPosition": [-48.8413, 420.205, 40.0884], "stabilizedTipPosition": [-52.0568, 451.556, 27.4723], "timeVisible": 1.73581, "tipPosition": [-49.6467, 452.969, 27.205], "tipVelocity": [-22.3686, -13.6527, 6.12122], "tool": false, "touchDistance": 0.333434, "touchZone": "hovering", "type": 3, "width": 16.0584}, {"bases": [[[0.767475, -0.450082, -0.456518], [0.607078, 0.281411, 0.743145], [-0.206007, -0.847487, 0.489211]], [[0.7918, -0.293248, -0.535778], [0.590968, 0.146219, 0.793333], [-0.154302, -0.944789, 0.289076]], [[0.7918, -0.293248, -0.535778], [0.60117, 0.219177, 0.768477], [-0.107924, -0.930574, 0.349836]], [[0.7918, -0.293248, -0.535778], [0.606203, 0.270123, 0.748031], [-0.0746323, -0.917082, 0.391651]]], "btipPosition": [-69.2993, 431.864, 25.8175], "carpPosition": [-51.4984, 332.542, 70.4389], "dipPosition": [-68.2164, 418.557, 31.5004], "direction": [-0.107924, 0.930574, -0.349836], "extended": true, "handId": 181, "id": 1814, "length": 42.5208, "mcpPosition": [-61.8465, 375.112, 45.8651], "pipPosition": [-66.4394, 403.235, 37.2605], "stabilizedTipPosition": [-70.3579, 426.854, 26.678], "timeVisible": 1.73581, "tipPosition": [-68.0511, 427.48, 24.7259], "tipVelocity": [-23.9318, -16.5197, 18.2782], "tool": false, "touchDistance": 0.333603, "touchZone": "hovering", "type": 4, "width": 14.2643}], "r": [[0.914397, 0.382832, -0.131595], [-0.34691, 0.908578, 0.232678], [0.208641, -0.167109, 0.96361]], "s": 1.17984, "t": [-124.813, 206.724, -4.50045], "timestamp": 630303709305}, {"currentFrameRate": 55.3372, "devices": [], "gestures": [], "hands": [{"armBasis": [[0.834087, 0.101664, -0.542184], [0.222011, 0.83789, 0.49865], [0.504985, -0.536288, 0.676303]], "armWidth": 56.1757, "confidence": 1, "direction": [0.00947661, 0.942829, -0.333143], "elbow": [-161.29, 185.844, 243.783], "grabAngle": 0, "grabStrength": 0, "id": 181, "palmNormal": [0.290988, -0.32134, -0.901148], "palmPosition": [-30.1603, 369.62, 58.336], "palmVelocity": [7.66347, 14.6717, 18.9252], "palmWidth": 78.8228, "pinchDistance": 58.7848, "pinchStrength": 0, "r": [[0.914713, 0.382664, -0.129882], [-0.346775, 0.908315, 0.233905], [0.207481, -0.168916, 0.963545]], "s": 1.17917, "sphereCenter": [-43.0948, 460.977, 169.209], "sphereRadius": 143.492, "stabilizedPalmPosition": [-31.4934, 368.298, 58.3669], "t": [124.907, 206.855, -4.22231], "timeVisible": 1.7534, "type": "left", "wrist": [-43.1766, 311.279, 85.5985]}], "id": 59178, "interactionBox": {"center": [0, 200, 0], "size": [235.247, 235.247, 147.751]}, "pointables": [{"bases": [[[0.643384, 0.435819, 0.62938], [-0.636098, -0.153101, 0.756267], [0.425954, -0.886917, 0.178721]], [[0.509676, 0.652497, 0.560783], [-0.661498, -0.119582, 0.740352], [0.550137, -0.748296, 0.370677]], [[0.509676, 0.652497, 0.560783], [-0.817803, 0.164942, 0.551355], [0.267261, -0.739622, 0.617681]], [[0.509676, 0.652497, 0.560783], [-0.85439, 0.307158, 0.419132], [0.101234, -0.692749, 0.714038]]], "btipPosition": [21.7653, 389.751, 27.0423], "carpPosition": [-11.6895, 322.516, 74.8679], "dipPosition": [19.7709, 376.103, 41.11], "direction": [0.267261, 0.739622, -0.617681], "extended": false, "handId": 181, "id": 1810, "length": 43.8725, "mcpPosition": [-11.6895, 322.516, 74.8679], "pipPosition": [12.0999, 354.874, 58.8389], "stabilizedTipPosition": [20.8045, 385.808, 32.5252], "timeVisible": 1.7534, "tipPosition": [21.8813, 387.214, 31.2787], "tipVelocity": [5.92344, 35.039, 36.3613], "tool": false, "touchDistance": 0.333804, "touchZone": "hovering", "type": 0, "width": 17.9887}, {"bases": [[[0.941507, 0.0711571, -0.329394], [0.262555, 0.45786, 0.84937], [0.211255, -0.886172, 0.412396]], [[0.961712, -0.0524792, -0.268992], [0.27234, 0.292917, 0.916532], [0.0306936, -0.954696, 0.295994]], [[0.961712, -0.0524792, -0.268992], [0.270051, 0.348801, 0.897447], [0.0467274, -0.935726, 0.349618]], [[0.961712, -0.0524792, -0.268992], [0.262872, 0.454252, 0.851207], [0.0775197, -0.889326, 0.450655]]], "btipPosition": [-6.57526, 458.917, 34.5226], "carpPosition": [-23.2148, 336.081, 85.1059], "dipPosition": [-7.69022, 446.125, 41.0044], "direction": [0.0467274, 0.935726, -0.349618], "extended": true, "handId": 181, "id": 1811, "length": 49.5052, "mcpPosition": [-9.75107, 392.558, 58.8232], "pipPosition": [-8.64099, 427.086, 48.1181], "stabilizedTipPosition": [-10.921, 454.064, 36.77], "timeVisible": 1.7534, "tipPosition": [-5.9554, 454.712, 34.2024], "tipVelocity": [-12.3288, 22.4595, 32.7653], "tool": false, "touchDistance": 0.333748, "touchZone": "hovering", "type": 1, "width": 17.1828}, {"bases": [[[0.902746, -0.128326, -0.410588], [0.422522, 0.443732, 0.790302], [0.0807748, -0.886924, 0.454798]], [[0.902183, -0.122362, -0.413635], [0.431354, 0.256719, 0.864887], [0.000358482, -0.958709, 0.284389]], [[0.902183, -0.122362, -0.413635], [0.430553, 0.313861, 0.846236], [0.0262768, -0.941551, 0.335844]], [[0.902183, -0.122362, -0.413635], [0.427503, 0.381482, 0.819581], [0.0575086, -0.916242, 0.396476]]], "btipPosition": [-26.9937, 467.498, 29.334], "carpPosition": [-33.4289, 337.959, 82.6723], "dipPosition": [-27.9035, 453.003, 35.6061], "direction": [0.0262768, 0.941551, -0.335844], "extended": true, "handId": 181, "id": 1812, "length": 56.4072, "mcpPosition": [-28.547, 391.564, 55.1849], "pipPosition": [-28.5325, 430.464, 43.6456], "stabilizedTipPosition": [-30.9016, 461.983, 30.5985], "timeVisible": 1.7534, "tipPosition": [-26.8824, 463.184, 29.0719], "tipVelocity": [-8.4386, 19.7754, 35.1896], "tool": false, "touchDistance": 0.33379, "touchZone": "hovering", "type": 2, "width": 16.8758}, {"bases": [[[0.870356, -0.290528, -0.397585], [0.488299, 0.40493, 0.773043], [-0.0635962, -0.866963, 0.494298]], [[0.872032, -0.192372, -0.45006], [0.486221, 0.235038, 0.841633], [-0.0561255, -0.952759, 0.298496]], [[0.872032, -0.192372, -0.45006], [0.487892, 0.26835, 0.830632], [-0.0390169, -0.943918, 0.327867]], [[0.872032, -0.192372, -0.45006], [0.489411, 0.331169, 0.806725], [-0.00614566, -0.923753, 0.382939]]], "btipPosition": [-49.8298, 456.998, 26.8988], "carpPosition": [-43.2612, 337.576, 78.6173], "dipPosition": [-49.7331, 442.469, 32.9219], "direction": [-0.0390169, 0.943918, -0.327867], "extended": true, "handId": 181, "id": 1813, "length": 54.237, "mcpPosition": [-46.7122, 384.621, 51.7948], "pipPosition": [-48.8232, 420.456, 40.5677], "stabilizedTipPosition": [-52.0462, 451.565, 27.4761], "timeVisible": 1.7534, "tipPosition": [-49.774, 453.246, 27.7496], "tipVelocity": [-1.36861, 16.3967, 33.1634], "tool": false, "touchDistance": 0.333776, "touchZone": "hovering", "type": 3, "width": 16.0584}, {"bases": [[[0.76442, -0.451803, -0.459931], [0.610177, 0.276618, 0.742406], [-0.208196, -0.848149, 0.487132]], [[0.789418, -0.291639, -0.540153], [0.593911, 0.140381, 0.792189], [-0.155206, -0.946171, 0.284027]], [[0.789418, -0.291639, -0.540153], [0.604032, 0.212257, 0.768174], [-0.109378, -0.932681, 0.34372]], [[0.789418, -0.291639, -0.540153], [0.609268, 0.26487, 0.74742], [-0.0749069, -0.919125, 0.386779]]], "btipPosition": [-69.2106, 432.136, 26.4068], "carpPosition": [-51.2449, 332.675, 70.602], "dipPosition": [-68.1237, 418.799, 32.019], "direction": [-0.109378, 0.932681, -0.34372], "extended": true, "handId": 181, "id": 1814, "length": 42.5208, "mcpPosition": [-61.7029, 375.279, 46.1327], "pipPosition": [-66.3228, 403.442, 37.6784], "stabilizedTipPosition": [-70.3515, 426.865, 26.6827], "timeVisible": 1.7534, "tipPosition": [-68.0791, 427.705, 25.1744], "tipVelocity": [5.09133, 15.0718, 32.5647], "tool": false, "touchDistance": 0.333775, "touchZone": "hovering", "type": 4, "width": 14.2643}], "r": [[0.914713, 0.382664, -0.129882], [-0.346775, 0.908315, 0.233905], [0.207481, -0.168916, 0.963545]], "s": 1.17917, "t": [-124.907, 206.855, -4.22231], "timestamp": 630303726902}, {"currentFrameRate": 55.335, "devices": [], "gestures": [], "hands": [{"armBasis": [[0.834058, 0.101047, -0.542343], [0.221944, 0.838555, 0.49756], [0.505062, -0.535364, 0.676977]], "armWidth": 56.1757, "confidence": 1, "direction": [0.00782894, 0.94478, -0.327611], "elbow": [-161.12, 186.308, 243.989], "grabAngle": 0, "grabStrength": 0, "id": 181, "palmNormal": [0.291361, -0.315561, -0.903067], "palmPosition": [-30.0576, 370.009, 58.6748], "palmVelocity": [5.67993, 21.5407, 18.7391], "palmWidth": 78.8228, "pinchDistance": 58.8102, "pinchStrength": 0, "r": [[0.915096, 0.38237, -0.128031], [-0.346371, 0.907943, 0.235938], [0.20646, -0.17156, 0.963297]], "s": 1.1783, "sphereCenter": [-43.0662, 460.356, 169.257], "sphereRadius": 142.669, "stabilizedPalmPosition": [-31.49, 368.302, 58.3676], "t": [125.005, 207.115, -3.91385], "timeVisible": 1.77148, "type": "left", "wrist": [-42.988, 311.528, 85.6468]}], "id": 59179, "interactionBox": {"center": [0, 200, 0], "size": [235.247, 235.247, 147.751]}, "pointables": [{"bases": [[[0.643999, 0.431039, 0.632037], [-0.636494, -0.156461, 0.755245], [0.424429, -0.888665, 0.173593]], [[0.510506, 0.64855, 0.564594], [-0.660906, -0.124094, 0.740138], [0.550079, -0.750988, 0.36528]], [[0.510506, 0.64855, 0.564594], [-0.817432, 0.1623, 0.552688], [0.266812, -0.743668, 0.613001]], [[0.510506, 0.64855, 0.564594], [-0.854148, 0.306831, 0.419864], [0.0990681, -0.69659, 0.710597]]], "btipPosition": [21.8922, 390.384, 27.537], "carpPosition": [-11.5045, 322.84, 74.927], "dipPosition": [19.9405, 376.66, 41.5369], "direction": [0.266812, 0.743668, -0.613001], "extended": false, "handId": 181, "id": 1810, "length": 43.8725, "mcpPosition": [-11.5045, 322.84, 74.927], "pipPosition": [12.2823, 355.315, 59.1314], "stabilizedTipPosition": [20.8101, 385.821, 32.5095], "timeVisible": 1.77148, "tipPosition": [21.9463, 387.846, 31.7064], "tipVelocity": [7.5622, 34.0322, 26.4979], "tool": false, "touchDistance": 0.333714, "touchZone": "hovering", "type": 0, "width": 17.9887}, {"bases": [[[0.941687, 0.071502, -0.328806], [0.263168, 0.452431, 0.852085], [0.209688, -0.888929, 0.407231]], [[0.96175, -0.0534367, -0.268665], [0.27243, 0.289012, 0.917744], [0.0286061, -0.95