{"frames": 55, "data": [{"currentFrameRate": 55.3247, "devices": [], "gestures": [], "hands": [{"armBasis": [[0.848178, -0.048581, -0.527479], [0.377084, 0.754731, 0.536833], [0.372025, -0.654233, 0.658465]], "armWidth": 55.9977, "confidence": 1, "direction": [0.0087285, 0.891241, -0.453445], "elbow": [-129.886, -1.54336, 262.799], "grabAngle": 0.0104488, "grabStrength": 0, "id": 186, "palmNormal": [0.420889, -0.414613, -0.806814], "palmPosition": [-25.3192, 220.261, 65.173], "palmVelocity": [2.69111, -0.5363, -3.37949], "palmWidth": 83.544, "pinchDistance": 58.541, "pinchStrength": 0, "r": [[0.431045, -0.395867, 0.810857], [-0.180202, 0.842757, 0.507235], [-0.884153, -0.364759, 0.291931]], "s": 1.39667, "sphereCenter": [-83.4412, 337.637, 173.51], "sphereRadius": 168.698, "stabilizedPalmPosition": [-25.1991, 224.169, 65.7399], "t": [49.3563, -84.1411, -33.259], "timeVisible": 1.68117, "type": "left", "wrist": [-37.6591, 160.644, 99.5623]}], "id": 61114, "interactionBox": {"center": [0, 200, 0], "size": [235.247, 235.247, 147.751]}, "pointables": [{"bases": [[[0.739754, 0.470787, 0.480754], [-0.538371, -0.0144719, 0.842584], [0.403635, -0.882128, 0.242753]], [[0.651182, 0.627502, 0.426852], [-0.540565, -0.0112723, 0.841227], [0.532683, -0.778533, 0.331865]], [[0.651182, 0.627502, 0.426852], [-0.694415, 0.265737, 0.668709], [0.306186, -0.731864, 0.60879]], [[0.651182, 0.627502, 0.426852], [-0.739072, 0.396542, 0.544543], [0.172437, -0.670071, 0.721991]]], "btipPosition": [31.8001, 247.256, 41.8212], "carpPosition": [-5.88102, 174.33, 91.5423], "dipPosition": [28.1014, 232.883, 57.3078], "direction": [0.306186, 0.731864, -0.60879], "extended": true, "handId": 186, "id": 1860, "length": 47.7656, "mcpPosition": [-5.88102, 174.33, 91.5423], "pipPosition": [18.5333, 210.012, 76.332], "stabilizedTipPosition": [30.8502, 247.127, 45.7935], "timeVisible": 1.68117, "tipPosition": [32.5256, 241.69, 44.1], "tipVelocity": [3.33702, 2.60012, -2.53869], "tool": false, "touchDistance": 0.321141, "touchZone": "hovering", "type": 0, "width": 17.446}, {"bases": [[[0.892728, -0.0315573, -0.44949], [0.392364, 0.544934, 0.741011], [0.221558, -0.837885, 0.49886]], [[0.912535, -0.12949, -0.387959], [0.406321, 0.395383, 0.823757], [0.0467243, -0.909343, 0.413416]], [[0.912535, -0.12949, -0.387959], [0.398745, 0.492735, 0.773444], [0.0910077, -0.860491, 0.501271]], [[0.912535, -0.12949, -0.387959], [0.381495, 0.611449, 0.693247], [0.147449, -0.780617, 0.607368]]], "btipPosition": [1.06213, 312.859, 28.176], "carpPosition": [-20.0687, 189.169, 98.7676], "dipPosition": [-1.24681, 300.636, 37.687], "direction": [0.0910077, 0.860491, -0.501271], "extended": true, "handId": 186, "id": 1861, "length": 53.8982, "mcpPosition": [-5.10268, 245.767, 65.07], "pipPosition": [-3.26287, 281.573, 48.7914], "stabilizedTipPosition": [0.361763, 312.966, 30.9169], "timeVisible": 1.68117, "tipPosition": [2.86222, 309.007, 29.5197], "tipVelocity": [3.88907, -2.6194, -8.59324], "tool": false, "touchDistance": 0.138531, "touchZone": "hovering", "type": 1, "width": 16.6644}, {"bases": [[[0.834397, -0.236901, -0.497654], [0.54241, 0.513226, 0.665124], [0.0978403, -0.82491, 0.556732]], [[0.83744, -0.267195, -0.47676], [0.544116, 0.325732, 0.773199], [-0.0512988, -0.906921, 0.418166]], [[0.83744, -0.267195, -0.47676], [0.546527, 0.407113, 0.731825], [-0.00144445, -0.873422, 0.486962]], [[0.83744, -0.267195, -0.47676], [0.544466, 0.483595, 0.685341], [0.0474392, -0.833512, 0.550461]]], "btipPosition": [-25.7657, 320.147, 18.32], "carpPosition": [-30.5465, 190.121, 94.6288], "dipPosition": [-26.5828, 305.792, 27.8007], "direction": [-0.00144445, 0.873422, -0.486962], "extended": true, "handId": 186, "id": 1862, "length": 61.4127, "mcpPosition": [-24.2789, 242.964, 58.9653], "pipPosition": [-26.5451, 283.028, 40.4922], "stabilizedTipPosition": [-25.7637, 320.91, 21.3167], "timeVisible": 1.68117, "tipPosition": [-24.1637, 315.63, 18.9868], "tipVelocity": [0.219767, -2.17301, -6.7538], "tool": false, "touchDistance": 0.307353, "touchZone": "hovering", "type": 2, "width": 16.3667}, {"bases": [[[0.796421, -0.393722, -0.459017], [0.603481, 0.468431, 0.645278], [-0.0390424, -0.790921, 0.610672]], [[0.797356, -0.348614, -0.492637], [0.593579, 0.305543, 0.744519], [-0.109028, -0.886065, 0.450557]], [[0.797356, -0.348614, -0.492637], [0.599974, 0.369672, 0.709488], [-0.0652236, -0.861284, 0.50392]], [[0.797356, -0.348614, -0.492637], [0.603284, 0.438135, 0.666398], [-0.0164745, -0.828556, 0.559663]]], "btipPosition": [-48.935, 306.336, 13.2231], "carpPosition": [-40.2868, 188.507, 89.1734], "dipPosition": [-48.6529, 292.148, 22.8069], "direction": [-0.0652236, 0.861284, -0.50392], "extended": true, "handId": 186, "id": 1863, "length": 59.0499, "mcpPosition": [-42.5322, 233.996, 54.0513], "pipPosition": [-46.9969, 270.281, 35.6011], "stabilizedTipPosition": [-48.6992, 307.272, 16.462], "timeVisible": 1.68117, "tipPosition": [-46.9652, 301.542, 13.3464], "tipVelocity": [-0.729531, -3.00806, -5.89422], "tool": false, "touchDistance": 0.303479, "touchZone": "hovering", "type": 3, "width": 15.5739}, {"bases": [[[0.675816, -0.554566, -0.48552], [0.714171, 0.329762, 0.617428], [-0.182299, -0.764012, 0.618913]], [[0.689858, -0.480991, -0.541058], [0.692168, 0.21923, 0.687635], [-0.21213, -0.848874, 0.484164]], [[0.689858, -0.480991, -0.541058], [0.709663, 0.301585, 0.636729], [-0.143086, -0.823222, 0.549392]], [[0.689858, -0.480991, -0.541058], [0.717601, 0.355608, 0.598825], [-0.0956247, -0.801368, 0.590478]]], "btipPosition": [-67.9701, 277.345, 12.6601], "carpPosition": [-47.3143, 181.742, 80.4782], "dipPosition": [-66.4594, 264.685, 21.9883], "direction": [-0.143086, 0.823222, -0.549392], "extended": true, "handId": 186, "id": 1864, "length": 46.294, "mcpPosition": [-57.0199, 222.418, 47.5272], "pipPosition": [-63.8945, 249.928, 31.8368], "stabilizedTipPosition": [-67.5773, 277.487, 15.6956], "timeVisible": 1.68117, "tipPosition": [-66.4148, 272.105, 11.8196], "tipVelocity": [-1.46073, -3.33409, -3.91727], "tool": false, "touchDistance": 0.307404, "touchZone": "hovering", "type": 4, "width": 13.834}], "r": [[0.431045, -0.395867, 0.810857], [-0.180202, 0.842757, 0.507235], [-0.884153, -0.364759, 0.291931]], "s": 1.39667, "t": [-49.3563, -84.1411, -33.259], "timestamp": 630339934572}, {"currentFrameRate": 55.3118, "devices": [], "gestures": [], "hands": [{"armBasis": [[0.84821, -0.0482713, -0.527455], [0.376626, 0.755161, 0.536549], [0.372414, -0.65376, 0.658716]], "armWidth": 55.9977, "confidence": 1, "direction": [0.00847827, 0.890533, -0.45484], "elbow": [-129.887, -1.22887, 262.874], "grabAngle": 0.0106334, "grabStrength": 0, "id": 186, "palmNormal": [0.420112, -0.415939, -0.806536], "palmPosition": [-25.2359, 220.408, 65.0936], "palmVelocity": [4.59448, 8.13272, -4.38133], "palmWidth": 83.544, "pinchDistance": 58.5304, "pinchStrength": 0, "r": [[0.430652, -0.395717, 0.811139], [-0.180404, 0.842869, 0.506978], [-0.884304, -0.364664, 0.291595]], "s": 1.39674, "sphereCenter": [-83.1879, 337.826, 173.148], "sphereRadius": 168.482, "stabilizedPalmPosition": [-25.1996, 224.12, 65.7315], "t": [49.4192, -84.1148, -33.33], "timeVisible": 1.6993, "type": "left", "wrist": [-37.5643, 160.841, 99.5752]}], "id": 61115, "interactionBox": {"center": [0, 200, 0], "size": [235.247, 235.247, 147.751]}, "pointables": [{"bases": [[[0.739254, 0.471659, 0.480669], [-0.539108, -0.01325, 0.842133], [0.403568, -0.881682, 0.24448]], [[0.650905, 0.627982, 0.42657], [-0.541159, -0.0102582, 0.840858], [0.532419, -0.778161, 0.333161]], [[0.650905, 0.627982, 0.42657], [-0.694882, 0.266567, 0.667893], [0.305715, -0.731151, 0.609883]], [[0.650905, 0.627982, 0.42657], [-0.739284, 0.396604, 0.54421], [0.172574, -0.669585, 0.722408]]], "btipPosition": [31.875, 247.391, 41.6938], "carpPosition": [-5.78223, 174.515, 91.5173], "dipPosition": [28.1733, 233.029, 57.1893], "direction": [0.305715, 0.731151, -0.609883], "extended": true, "handId": 186, "id": 1860, "length": 47.7656, "mcpPosition": [-5.78223, 174.515, 91.5173], "pipPosition": [18.62, 210.181, 76.2477], "stabilizedTipPosition": [30.8533, 247.074, 45.7841], "timeVisible": 1.6993, "tipPosition": [32.5886, 241.803, 43.941], "tipVelocity": [4.09598, 7.60784, -6.91784], "tool": false, "touchDistance": 0.319051, "touchZone": "hovering", "type": 0, "width": 17.446}, {"bases": [[[0.893127, -0.032108, -0.448657], [0.391623, 0.546152, 0.740506], [0.221259, -0.83707, 0.500358]], [[0.912903, -0.12999, -0.386924], [0.405535, 0.396504, 0.823606], [0.0463564, -0.908783, 0.414685]], [[0.912903, -0.12999, -0.386924], [0.397946, 0.49434, 0.772831], [0.0908117, -0.859495, 0.503013]], [[0.912903, -0.12999, -0.386924], [0.380519, 0.614023, 0.691506], [0.147691, -0.77851, 0.610007]]], "btipPosition": [1.1345, 312.926, 27.9093], "carpPosition": [-19.9611, 189.368, 98.7319], "dipPosition": [-1.17824, 300.735, 37.4615], "direction": [0.0908117, 0.859495, -0.503013], "extended": true, "handId": 186, "id": 1861, "length": 53.8982, "mcpPosition": [-5.01528, 245.911, 64.9332], "pipPosition": [-3.18996, 281.695, 48.6046], "stabilizedTipPosition": [0.364138, 312.938, 30.9089], "timeVisible": 1.6993, "tipPosition": [2.92557, 309.095, 29.2786], "tipVelocity": [3.94487, 4.10157, -14.1933], "tool": false, "touchDistance": 0.134243, "touchZone": "hovering", "type": 1, "width": 16.6644}, {"bases": [[[0.834873, -0.237536, -0.496553], [0.541741, 0.514351, 0.6648], [0.0974885, -0.824026, 0.558101]], [[0.837904, -0.267818, -0.475595], [0.543363, 0.326758, 0.773295], [-0.0516975, -0.906368, 0.419314]], [[0.837904, -0.267818, -0.475595], [0.545814, 0.408192, 0.731755], [-0.00184289, -0.872727, 0.488205]], [[0.837904, -0.267818, -0.475595], [0.543784, 0.484736, 0.685076], [0.0470624, -0.832649, 0.551797]]], "btipPosition": [-25.7186, 320.228, 18.0983], "carpPosition": [-30.4423, 190.315, 94.6009], "dipPosition": [-26.5292, 305.887, 27.602], "direction": [-0.00184289, 0.872727, -0.488205], "extended": true, "handId": 186, "id": 1862, "length": 61.4127, "mcpPosition": [-24.1974, 243.101, 58.8497], "pipPosition": [-26.4812, 283.141, 40.3258], "stabilizedTipPosition": [-25.7643, 320.893, 21.3124], "timeVisible": 1.6993, "tipPosition": [-24.1073, 315.707, 18.7597], "tipVelocity": [2.68084, 4.61082, -11.9438], "tool": false, "touchDistance": 0.303746, "touchZone": "hovering", "type": 2, "width": 16.3667}, {"bases": [[[0.796889, -0.394303, -0.457704], [0.602837, 0.469536, 0.645077], [-0.0394472, -0.789976, 0.611868]], [[0.797845, -0.349036, -0.491546], [0.592862, 0.30636, 0.744754], [-0.109356, -0.885617, 0.451358]], [[0.797845, -0.349036, -0.491546], [0.59929, 0.370551, 0.709607], [-0.0655355, -0.860735, 0.504816]], [[0.797845, -0.349036, -0.491546], [0.602637, 0.439412, 0.666143], [-0.0165168, -0.827702, 0.560924]]], "btipPosition": [-48.8813, 306.422, 13.0603], "carpPosition": [-40.1877, 188.695, 89.1566], "dipPosition": [-48.5984, 292.249, 22.6657], "direction": [-0.0655355, 0.860735, -0.504816], "extended": true, "handId": 186, "id": 1863, "length": 59.0499, "mcpPosition": [-42.4564, 234.129, 53.9656], "pipPosition": [-46.9345, 270.395, 35.4826], "stabilizedTipPosition": [-48.6998, 307.251, 16.4559], "timeVisible": 1.6993, "tipPosition": [-46.9182, 301.616, 13.1642], "tipVelocity": [2.97326, 4.93206, -8.71063], "tool": false, "touchDistance": 0.300848, "touchZone": "hovering", "type": 3, "width": 15.5739}, {"bases": [[[0.676334, -0.555208, -0.484062], [0.713574, 0.330842, 0.61754], [-0.182715, -0.763078, 0.619942]], [[0.690494, -0.481158, -0.540097], [0.691421, 0.219693, 0.688238], [-0.212496, -0.848659, 0.48438]], [[0.690494, -0.481158, -0.540097], [0.708891, 0.30165, 0.637559], [-0.143847, -0.8231, 0.549376]], [[0.690494, -0.481158, -0.540097], [0.716881, 0.355667, 0.599652], [-0.0964327, -0.801241, 0.59052]]], "btipPosition": [-67.9402, 277.459, 12.5978], "carpPosition": [-47.224, 181.917, 80.4781], "dipPosition": [-66.4168, 264.801, 21.9267], "direction": [-0.143847, 0.8231, -0.549376], "extended": true, "handId": 186, "id": 1864, "length": 46.294, "mcpPosition": [-56.9517, 222.543, 47.4723], "pipPosition": [-63.8382, 250.046, 31.7748], "stabilizedTipPosition": [-67.5775, 277.437, 15.6796], "timeVisible": 1.6993, "tipPosition": [-66.376, 272.188, 11.7111], "tipVelocity": [1.81054, 6.31879, -3.4288], "tool": false, "touchDistance": 0.306369, "touchZone": "hovering", "type": 4, "width": 13.834}], "r": [[0.430652, -0.395717, 0.811139], [-0.180404, 0.842869, 0.506978], [-0.884304, -0.364664, 0.291595]], "s": 1.39674, "t": [-49.4192, -84.1148, -33.33], "timestamp": 630339952696}, {"currentFrameRate": 55.3285, "devices": [], "gestures": [], "hands": [{"armBasis": [[0.847762, -0.0487679, -0.528129], [0.377133, 0.755574, 0.53561], [0.37292, -0.653245, 0.658939]], "armWidth": 55.9977, "confidence": 1, "direction": [0.00777396, 0.888523, -0.458767], "elbow": [-129.907, -0.592336, 263.037], "grabAngle": 0.0101162, "grabStrength": 0, "id": 186, "palmNormal": [0.419762, -0.419302, -0.804976], "palmPosition": [-25.1674, 220.79, 64.9624], "palmVelocity": [3.80445, 21.2006, -7.28002], "palmWidth": 83.544, "pinchDistance": 58.5324, "pinchStrength": 0, "r": [[0.430194, -0.394921, 0.81177], [-0.180558, 0.843421, 0.506004], [-0.884495, -0.364251, 0.291529]], "s": 1.39674, "sphereCenter": [-83.0319, 338.534, 172.508], "sphereRadius": 168.331, "stabilizedPalmPosition": [-25.1991, 224.074, 65.7209], "t": [49.4848, -83.9106, -33.4311], "timeVisible": 1.71731, "type": "left", "wrist": [-37.4579, 161.35, 99.6829]}], "id": 61116, "interactionBox": {"center": [0, 200, 0], "size": [235.247, 235.247, 147.751]}, "pointables": [{"bases": [[[0.739146, 0.473442, 0.479079], [-0.539674, -0.00929604, 0.841823], [0.403008, -0.880776, 0.248633]], [[0.651222, 0.629101, 0.424431], [-0.541482, -0.00665757, 0.840686], [0.531702, -0.777295, 0.336312]], [[0.651222, 0.629101, 0.424431], [-0.694845, 0.269423, 0.666784], [0.305123, -0.729139, 0.612582]], [[0.651222, 0.629101, 0.424431], [-0.738877, 0.39803, 0.543721], [0.173119, -0.667686, 0.724034]]], "btipPosition": [31.9422, 247.755, 41.488], "carpPosition": [-5.67541, 175.023, 91.5752], "dipPosition": [28.2288, 233.434, 57.0184], "direction": [0.305123, 0.729139, -0.612582], "extended": true, "handId": 186, "id": 1860, "length": 47.7656, "mcpPosition": [-5.67541, 175.023, 91.5752], "pipPosition": [18.6939, 210.649, 76.1611], "stabilizedTipPosition": [30.8572, 247.03, 45.772], "timeVisible": 1.71731, "tipPosition": [32.6236, 242.132, 43.6858], "tipVelocity": [3.57734, 20.7412, -10.9761], "tool": false, "touchDistance": 0.315756, "touchZone": "hovering", "type": 0, "width": 17.446}, {"bases": [[[0.893411, -0.0344854, -0.447915], [0.391376, 0.549236, 0.738353], [0.220548, -0.834955, 0.50419]], [[0.913077, -0.131923, -0.385858], [0.405274, 0.398456, 0.822792], [0.0452028, -0.90765, 0.417286]], [[0.913077, -0.131923, -0.385858], [0.397721, 0.497041, 0.771212], [0.090047, -0.85764, 0.506305]], [[0.913077, -0.131923, -0.385858], [0.380111, 0.617989, 0.688189], [0.147669, -0.775039, 0.614417]]], "btipPosition": [1.12871, 313.176, 27.4078], "carpPosition": [-19.8562, 189.901, 98.7337], "dipPosition": [-1.18367, 301.04, 37.0291], "direction": [0.090047, 0.85764, -0.506305], "extended": true, "handId": 186, "id": 1861, "length": 53.8982, "mcpPosition": [-4.95835, 246.301, 64.6761], "pipPosition": [-3.17845, 282.041, 48.2451], "stabilizedTipPosition": [0.365552, 312.923, 30.9011], "timeVisible": 1.71731, "tipPosition": [2.92041, 309.335, 28.7418], "tipVelocity": [-0.316551, 14.5703, -26.9525], "tool": false, "touchDistance": 0.12615, "touchZone": "hovering", "type": 1, "width": 16.6644}, {"bases": [[[0.835096, -0.240097, -0.494943], [0.54153, 0.517034, 0.662888], [0.0967453, -0.821602, 0.561793]], [[0.838073, -0.269952, -0.474089], [0.543001, 0.328708, 0.772723], [-0.0527608, -0.905029, 0.422066]], [[0.838073, -0.269952, -0.474089], [0.545551, 0.410161, 0.73085], [-0.00284158, -0.871145, 0.491017]], [[0.838073, -0.269952, -0.474089], [0.543595, 0.486851, 0.683725], [0.0462378, -0.830724, 0.554761]]], "btipPosition": [-25.7517, 320.449, 17.6206], "carpPosition": [-30.3406, 190.825, 94.6056], "dipPosition": [-26.548, 306.141, 27.1753], "direction": [-0.00284158, 0.871145, -0.491017], "extended": true, "handId": 186, "id": 1862, "length": 61.4127, "mcpPosition": [-24.1432, 243.456, 58.6179], "pipPosition": [-26.474, 283.437, 39.9725], "stabilizedTipPosition": [-25.7647, 320.884, 21.3086], "timeVisible": 1.71731, "tipPosition": [-24.1251, 315.893, 18.2193], "tipVelocity": [-1.65307, 12.6968, -25.8635], "tool": false, "touchDistance": 0.29598, "touchZone": "hovering", "type": 2, "width": 16.3667}, {"bases": [[[0.797016, -0.396674, -0.455429], [0.602618, 0.472105, 0.643403], [-0.0402107, -0.787253, 0.615318]], [[0.798011, -0.351011, -0.489867], [0.592488, 0.308378, 0.744219], [-0.110165, -0.884135, 0.454059]], [[0.798011, -0.351011, -0.489867], [0.598961, 0.372254, 0.708994], [-0.0665098, -0.859196, 0.507305]], [[0.798011, -0.351011, -0.489867], [0.602391, 0.441134, 0.665226], [-0.0174046, -0.825949, 0.563476]]], "btipPosition": [-48.8994, 306.618, 12.6628], "carpPosition": [-40.0888, 189.176, 89.1749], "dipPosition": [-48.6014, 292.474, 22.3119], "direction": [-0.0665098, 0.859196, -0.507305], "extended": true, "handId": 186, "id": 1863, "length": 59.0499, "mcpPosition": [-42.4015, 234.454, 53.7856], "pipPosition": [-46.9127, 270.659, 35.192], "stabilizedTipPosition": [-48.7002, 307.238, 16.4509], "timeVisible": 1.71731, "tipPosition": [-46.9343, 301.77, 12.7056], "tipVelocity": [-0.811419, 11.2215, -21.5053], "tool": false, "touchDistance": 0.294391, "touchZone": "hovering", "type": 3, "width": 15.5739}, {"bases": [[[0.676406, -0.55764, -0.481158], [0.713312, 0.333241, 0.616552], [-0.183472, -0.760255, 0.623177]], [[0.690807, -0.482684, -0.538333], [0.69113, 0.22207, 0.687767], [-0.212427, -0.847172, 0.487005]], [[0.690807, -0.482684, -0.538333], [0.708557, 0.303657, 0.636977], [-0.14399, -0.821467, 0.551777]], [[0.690807, -0.482684, -0.538333], [0.71646, 0.356758, 0.599507], [-0.0973179, -0.799837, 0.592275]]], "btipPosition": [-67.8987, 277.649, 12.3227], "carpPosition": [-47.1278, 182.357, 80.5311], "dipPosition": [-66.3612, 265.014, 21.6794], "direction": [-0.14399, 0.821467, -0.551777], "extended": true, "handId": 186, "id": 1864, "length": 46.294, "mcpPosition": [-56.8959, 222.833, 47.3531], "pipPosition": [-63.7801, 250.288, 31.5706], "stabilizedTipPosition": [-67.5772, 277.407, 15.666], "timeVisible": 1.71731, "tipPosition": [-66.3739, 272.332, 11.3997], "tipVelocity": [2.48461, 10.8535, -14.9127], "tool": false, "touchDistance": 0.301891, "touchZone": "hovering", "type": 4, "width": 13.834}], "r": [[0.430194, -0.394921, 0.81177], [-0.180558, 0.843421, 0.506004], [-0.884495, -0.364251, 0.291529]], "s": 1.39674, "t": [-49.4848, -83.9106, -33.4311], "timestamp": 630339970712}, {"currentFrameRate": 55.319, "devices": [], "gestures": [], "hands": [{"armBasis": [[0.848106, -0.0479213, -0.527655], [0.375881, 0.756296, 0.535472], [0.373403, -0.652472, 0.659432]], "armWidth": 55.9977, "confidence": 1, "direction": [0.00671767, 0.888268, -0.459276], "elbow": [-129.883, 0.267088, 263.047], "grabAngle": 0.0103793, "grabStrength": 0, "id": 186, "palmNormal": [0.418032, -0.419723, -0.805656], "palmPosition": [-25.0832, 221.438, 64.7948], "palmVelocity": [4.64916, 35.7633, -9.2569], "palmWidth": 83.544, "pinchDistance": 58.5063, "pinchStrength": 0, "r": [[0.429468, -0.394198, 0.812505], [-0.18089, 0.84392, 0.505053], [-0.88478, -0.363878, 0.29113]], "s": 1.39656, "sphereCenter": [-82.7202, 338.996, 172.187], "sphereRadius": 168.003, "stabilizedPalmPosition": [-25.1972, 224.029, 65.7052], "t": [49.5598, -83.4847, -33.5655], "timeVisible": 1.73542, "type": "left", "wrist": [-37.3149, 162.018, 99.57]}], "id": 61117, "interactionBox": {"center": [0, 200, 0], "size": [235.247, 235.247, 147.751]}, "pointables": [{"bases": [[[0.738129, 0.473663, 0.480427], [-0.54151, -0.00879533, 0.840648], [0.402409, -0.880663, 0.250001]], [[0.651003, 0.628319, 0.425922], [-0.54274, -0.00699359, 0.839871], [0.530686, -0.777924, 0.336461]], [[0.651003, 0.628319, 0.425922], [-0.695546, 0.269055, 0.666202], [0.303991, -0.729948, 0.612181]], [[0.651003, 0.628319, 0.425922], [-0.739171, 0.397082, 0.544016], [0.172689, -0.668985, 0.722936]]], "btipPosition": [31.996, 248.501, 41.3324], "carpPosition": [-5.53035, 175.687, 91.3904], "dipPosition": [28.2919, 234.151, 56.8393], "direction": [0.303991, 0.729948, -0.612181], "extended": true, "handId": 186, "id": 1860, "length": 47.7656, "mcpPosition": [-5.53035, 175.687, 91.3904], "pipPosition": [18.7924, 211.341, 75.9695], "stabilizedTipPosition": [30.8632, 246.992, 45.7536], "timeVisible": 1.73542, "tipPosition": [32.6425, 242.799, 43.3978], "tipVelocity": [3.09277, 40.8208, -8.8901], "tool": false, "touchDistance": 0.313072, "touchZone": "hovering", "type": 0, "width": 17.446}, {"bases": [[[0.894384, -0.034789, -0.445946], [0.389799, 0.549622, 0.738899], [0.219396, -0.834689, 0.505134]], [[0.913917, -0.132258, -0.383749], [0.403534, 0.397996, 0.823868], [0.0437679, -0.907803, 0.417106]], [[0.913917, -0.132258, -0.383749], [0.396045, 0.497629, 0.771695], [0.088902, -0.857248, 0.507171]], [[0.913917, -0.132258, -0.383749], [0.378294, 0.620248, 0.687158], [0.147138, -0.773176, 0.616887]]], "btipPosition": [1.12046, 313.793, 27.1311], "carpPosition": [-19.6964, 190.567, 98.5716], "dipPosition": [-1.18361, 301.686, 36.7911], "direction": [0.088902, 0.857248, -0.507171], "extended": true, "handId": 186, "id": 1861, "length": 53.8982, "mcpPosition": [-4.87642, 246.95, 64.4502], "pipPosition": [-3.15302, 282.695, 48.0263], "stabilizedTipPosition": [0.367538, 312.906, 30.8874], "timeVisible": 1.73542, "tipPosition": [2.91823, 309.965, 28.4645], "tipVelocity": [-0.350276, 34.4341, -14.7876], "tool": false, "touchDistance": 0.121687, "touchZone": "hovering", "type": 1, "width": 16.6644}, {"bases": [[[0.836158, -0.240423, -0.492987], [0.540116, 0.517369, 0.66378], [0.0954683, -0.821295, 0.562459]], [[0.839061, -0.269928, -0.472351], [0.541352, 0.328098, 0.774138], [-0.0539844, -0.905257, 0.421421]], [[0.839061, -0.269928, -0.472351], [0.544024, 0.410147, 0.731996], [-0.00385301, -0.871159, 0.490986]], [[0.839061, -0.269928, -0.472351], [0.542129, 0.487509, 0.68442], [0.0455311, -0.830345, 0.555386]]], "btipPosition": [-25.7753, 321.097, 17.4567], "carpPosition": [-30.1898, 191.489, 94.4658], "dipPosition": [-26.5595, 306.796, 27.0222], "direction": [-0.00385301, 0.871159, -0.490986], "extended": true, "handId": 186, "id": 1862, "length": 61.4127, "mcpPosition": [-24.0743, 244.1, 58.4354], "pipPosition": [-26.4591, 284.091, 39.8185], "stabilizedTipPosition": [-25.7657, 320.868, 21.3], "timeVisible": 1.73542, "tipPosition": [-24.1565, 316.52, 18.0037], "tipVelocity": [-1.15121, 35.8713, -8.91408], "tool": false, "touchDistance": 0.293289, "touchZone": "hovering", "type": 2, "width": 16.3667}, {"bases": [[[0.797982, -0.396975, -0.45347], [0.601243, 0.472425, 0.644454], [-0.041602, -0.786908, 0.615666]], [[0.799052, -0.350654, -0.488424], [0.590879, 0.307641, 0.745801], [-0.111258, -0.884533, 0.453015]], [[0.799052, -0.350654, -0.488424], [0.597461, 0.371858, 0.710466], [-0.0675032, -0.859514, 0.506635]], [[0.799052, -0.350654, -0.488424], [0.600987, 0.441236, 0.666427], [-0.0181747, -0.826047, 0.563309]]], "btipPosition": [-48.9236, 307.284, 12.5877], "carpPosition": [-39.9498, 189.837, 89.0573], "dipPosition": [-48.6124, 293.139, 22.234], "direction": [-0.0675032, 0.859514, -0.506635], "extended": true, "handId": 186, "id": 1863, "length": 59.0499, "mcpPosition": [-42.3425, 235.095, 53.648], "pipPosition": [-46.8985, 271.316, 35.0971], "stabilizedTipPosition": [-48.7012, 307.218, 16.4406], "timeVisible": 1.73542, "tipPosition": [-46.9814, 302.398, 12.5554], "tipVelocity": [-1.16754, 36.7782, -4.17959], "tool": false, "touchDistance": 0.293129, "touchZone": "hovering", "type": 3, "width": 15.5739}, {"bases": [[[0.677419, -0.557948, -0.479372], [0.711986, 0.33354, 0.617922], [-0.184878, -0.759898, 0.623198]], [[0.692174, -0.481491, -0.537644], [0.689642, 0.221589, 0.689414], [-0.212811, -0.847977, 0.485434]], [[0.692174, -0.481491, -0.537644], [0.707069, 0.303003, 0.638938], [-0.144735, -0.822409, 0.550178]], [[0.692174, -0.481491, -0.537644], [0.714986, 0.355858, 0.601797], [-0.098435, -0.800957, 0.590575]]], "btipPosition": [-67.8964, 278.346, 12.3296], "carpPosition": [-47.0072, 183.012, 80.4327], "dipPosition": [-66.3413, 265.693, 21.6594], "direction": [-0.144735, 0.822408, -0.550178], "extended": true, "handId": 186, "id": 1864, "length": 46.294, "mcpPosition": [-56.8501, 223.469, 47.2536], "pipPosition": [-63.7468, 250.95, 31.5219], "stabilizedTipPosition": [-67.5766, 277.374, 15.6466], "timeVisible": 1.73542, "tipPosition": [-66.4197, 272.969, 11.3218], "tipVelocity": [0.3508, 38.2395, 0.0402273], "tool": false, "touchDistance": 0.301903, "touchZone": "hovering", "type": 4, "width": 13.834}], "r": [[0.429468, -0.394198, 0.812505], [-0.18089, 0.84392, 0.505053], [-0.88478, -0.363878, 0.29113]], "s": 1.39656, "t": [-49.5598, -83.4847, -33.5655], "timestamp": 630339988822}, {"currentFrameRate": 55.314, "devices": [], "gestures": [], "hands": [{"armBasis": [[0.848042, -0.0476909, -0.527778], [0.375756, 0.756394, 0.535421], [0.373674, -0.652375, 0.659374]], "armWidth": 55.9977, "confidence": 1, "direction": [0.00622927, 0.887583, -0.460605], "elbow": [-129.822, 1.53853, 262.979], "grabAngle": 0.0127611, "grabStrength": 0, "id": 186, "palmNormal": [0.417458, -0.420865, -0.805358], "palmPosition": [-24.9816, 222.643, 64.6577], "palmVelocity": [5.61054, 66.6013, -7.57309], "palmWidth": 83.544, "pinchDistance": 58.4784, "pinchStrength": 0, "r": [[0.428748, -0.393389, 0.813278], [-0.18121, 0.844474, 0.504011], [-0.885064, -0.363468, 0.29078]], "s": 1.39628, "sphereCenter": [-82.7984, 340.128, 171.565], "sphereRadius": 167.707, "stabilizedPalmPosition": [-25.1911, 223.99, 65.6758], "t": [49.648, -82.6692, -33.7012], "timeVisible": 1.75352, "type": "left", "wrist": [-37.1864, 163.266, 99.5172]}], "id": 61118, "interactionBox": {"center": [0, 200, 0], "size": [235.247, 235.247, 147.751]}, "pointables": [{"bases": [[[0.737819, 0.474274, 0.4803], [-0.542172, -0.00746485, 0.840234], [0.402086, -0.880346, 0.25163]], [[0.651299, 0.62807, 0.425839], [-0.543323, -0.00577583, 0.839504], [0.529727, -0.778136, 0.337483]], [[0.651299, 0.62807, 0.425839], [-0.695564, 0.269819, 0.665874], [0.303316, -0.729881, 0.612596]], [[0.651299, 0.62807, 0.425839], [-0.73883, 0.396907, 0.544605], [0.173031, -0.669323, 0.722542]]], "btipPosition": [32.0673, 249.764, 41.1968], "carpPosition": [-5.40136, 176.934, 91.3061], "dipPosition": [28.3558, 235.407, 56.6952], "direction": [0.303316, 0.729881, -0.612596], "extended": true, "handId": 186, "id": 1860, "length": 47.7656, "mcpPosition": [-5.40136, 176.934, 91.3061], "pipPosition": [18.8774, 212.598, 75.8384], "stabilizedTipPosition": [30.8747, 246.974, 45.7212], "timeVisible": 1.75352, "tipPosition": [32.713, 243.999, 43.1952], "tipVelocity": [3.84489, 69.6758, -7.60012], "tool": false, "touchDistance": 0.31078, "touchZone": "hovering", "type": 0, "width": 17.446}, {"bases": [[[0.894729, -0.0355811, -0.44519], [0.389296, 0.550668, 0.738385], [0.218879, -0.833966, 0.50655]], [[0.914364, -0.134168, -0.382018], [0.40271, 0.39921, 0.823685], [0.0419932, -0.90699, 0.419054]], [[0.914364, -0.134168, -0.382018], [0.395386, 0.499138, 0.771059], [0.0872282, -0.856073, 0.509441]], [[0.914364, -0.134168, -0.382018], [0.377178, 0.625321, 0.683162], [0.147226, -0.768747, 0.622376]]], "btipPosition": [1.11247, 314.873, 26.7272], "carpPosition": [-19.5639, 191.824, 98.4763], "dipPosition": [-1.19298, 302.835, 36.4732], "direction": [0.0872282, 0.856073, -0.509441], "extended": true, "handId": 186, "id": 1861, "length": 53.8982, "mcpPosition": [-4.77882, 248.158, 64.2592], "pipPosition": [-3.12531, 283.871, 47.7586], "stabilizedTipPosition": [0.370658, 312.894, 30.8595], "timeVisible": 1.75352, "tipPosition": [2.95776, 311.129, 28.1804], "tipVelocity": [-0.458905, 60.5715, -21.2267], "tool": false, "touchDistance": 0.115285, "touchZone": "hovering", "type": 1, "width": 16.6644}, {"bases": [[[0.836511, -0.241276, -0.49197], [0.539668, 0.518282, 0.663433], [0.0949083, -0.820469, 0.563758]], [[0.839451, -0.271485, -0.470762], [0.540597, 0.328761, 0.774385], [-0.0554651, -0.904551, 0.422743]], [[0.839451, -0.271485, -0.470762], [0.543408, 0.410779, 0.732098], [-0.00537402, -0.870377, 0.492356]], [[0.839451, -0.271485, -0.470762], [0.541549, 0.490009, 0.683093], [0.0452286, -0.828364, 0.558361]]], "btipPosition": [-25.7923, 322.207, 17.1397], "carpPosition": [-30.0607, 192.738, 94.3773], "dipPosition": [-26.5713, 307.94, 26.7565], "direction": [-0.00537402, 0.870377, -0.492356], "extended": true, "handId": 186, "id": 1862, "length": 61.4127, "mcpPosition": [-23.981, 245.296, 58.2638], "pipPosition": [-26.4312, 285.256, 39.5885], "stabilizedTipPosition": [-25.7679, 320.848, 21.2795], "timeVisible": 1.75352, "tipPosition": [-24.1147, 317.662, 17.7324], "tipVelocity": [-0.872277, 61.7822, -16.8646], "tool": false, "touchDistance": 0.288203, "touchZone": "hovering", "type": 2, "width": 16.3667}, {"bases": [[[0.798282, -0.397765, -0.452249], [0.600804, 0.4733, 0.644222], [-0.0421989, -0.785984, 0.616806]], [[0.799388, -0.352022, -0.486888], [0.59022, 0.308592, 0.74593], [-0.112334, -0.883658, 0.454455]], [[0.799388, -0.352022, -0.486888], [0.596848, 0.372299, 0.710751], [-0.0689319, -0.858763, 0.507715]], [[0.799388, -0.352022, -0.486888], [0.600531, 0.443224, 0.665519], [-0.0184766, -0.824399, 0.565708]]], "btipPosition": [-48.9183, 308.387, 12.3165], "carpPosition": [-39.8247, 191.076, 88.9791], "dipPosition": [-48.6019, 294.27, 22.0038], "direction": [-0.0689319, 0.858763, -0.507715], "extended": true, "handId": 186, "id": 1863, "length": 59.0499, "mcpPosition": [-42.2517, 236.281, 53.5042], "pipPosition": [-46.8517, 272.466, 34.8944], "stabilizedTipPosition": [-48.7029, 307.193, 16.4174], "timeVisible": 1.75352, "tipPosition": [-46.9391, 303.528, 12.3226], "tipVelocity": [0.359228, 61.3129, -14.4673], "tool": false, "touchDistance": 0.288766, "touchZone": "hovering", "type": 3, "width": 15.5739}, {"bases": [[[0.677715, -0.558759, -0.478007], [0.711548, 0.33436, 0.617983], [-0.185477, -0.758941, 0.624184]], [[0.692469, -0.482788, -0.536099], [0.689212, 0.223049, 0.689374], [-0.213245, -0.846856, 0.487198]], [[0.692469, -0.482788, -0.536099], [0.706613, 0.303953, 0.638992], [-0.145549, -0.821297, 0.551622]], [[0.692469, -0.482788, -0.536099], [0.714673, 0.357456, 0.601221], [-0.0986307, -0.799463, 0.592563]]], "btipPosition": [-67.8407, 279.441, 12.1001], "carpPosition": [-46.8879, 184.238, 80.3701], "dipPosition": [-66.2825, 266.811, 21.4613], "direction": [-0.145549, 0.821297, -0.551622], "extended": true, "handId": 186, "id": 1864, "length": 46.294, "mcpPosition": [-56.7627, 224.644, 47.1385], "pipPosition": [-63.6734, 252.088, 31.3497], "stabilizedTipPosition": [-67.5743, 277.354, 15.6128], "timeVisible": 1.75352, "tipPosition": [-66.371, 274.096, 11.1499], "tipVelocity": [3.11699, 60.7929, -12.2835], "tool": false, "touchDistance": 0.298198, "touchZone": "hovering", "type": 4, "width": 13.834}], "r": [[0.428748, -0.393389, 0.813278], [-0.18121, 0.844474, 0.504011], [-0.885064, -0.363468, 0.29078]], "s": 1.39628, "t": [-49.648, -82.6692, -33.7012], "timestamp": 630340006918}, {"currentFrameRate": 55.1968, "devices": [], "gestures": [], "hands": [{"armBasis": [[0.847652, -0.0494177, -0.528247], [0.37665, 0.757273, 0.533548], [0.37366, -0.651227, 0.660516]], "armWidth": 55.9977, "confidence": 1, "direction": [0.00439444, 0.887886, -0.460043], "elbow": [-129.618, 3.65903, 262.894], "grabAngle": 0.015981, "grabStrength": 0, "id": 186, "palmNormal": [0.41822, -0.419513, -0.805668], "palmPosition": [-24.8892, 224.508, 64.3061], "palmVelocity": [4.99081, 100.651, -18.9829], "palmWidth": 83.544, "pinchDistance": 58.4597, "pinchStrength": 0, "r": [[0.427996, -0.393017, 0.813853], [-0.181136, 0.844926, 0.503279], [-0.885443, -0.36282, 0.290435]], "s": 1.39592, "sphereCenter": [-82.81, 341.285, 170.507], "sphereRadius": 166.817, "stabilizedPalmPosition": [-25.1745, 224.019, 65.6003], "t": [49.7383, -81.3293, -33.9448], "timeVisible": 1.77204, "type": "left", "wrist": [-36.9862, 165.101, 99.1489]}], "id": 61119, "interactionBox": {"center": [0, 200, 0], "size": [235.247, 235.247, 147.751]}, "pointables": [{"bases": [[[0.738721, 0.472483, 0.480677], [-0.542274, -0.00690583, 0.840173], [0.400287, -0.881313, 0.251114]], [[0.652807, 0.62606, 0.426488], [-0.543689, -0.00481665, 0.839273], [0.527489, -0.77976, 0.337238]], [[0.652807, 0.62606, 0.426488], [-0.694818, 0.270569, 0.666349], [0.30178, -0.731329, 0.611627]], [[0.652807, 0.62606, 0.426488], [-0.737581, 0.396975, 0.546247], [0.172678, -0.671163, 0.720918]]], "btipPosition": [32.0964, 251.81, 40.8906], "carpPosition": [-5.21417, 178.821, 90.9235], "dipPosition": [28.3925, 237.413, 56.3541], "direction": [0.30178, 0.731329, -0.611627], "extended": true, "handId": 186, "id": 1860, "length": 47.7656, "mcpPosition": [-5.21417, 178.821, 90.9235], "pipPosition": [18.9621, 214.56, 75.467], "stabilizedTipPosition": [30.8982, 247.071, 45.6401], "timeVisible": 1.77204, "tipPosition": [32.7544, 246.003, 42.8571], "tipVelocity": [1.66319, 109.977, -16.9665], "tool": false, "touchDistance": 0.305783, "touchZone": "hovering", "type": 0, "width": 17.446}, {"bases": [[[0.894702, -0.0370999, -0.445119], [0.390327, 0.549415, 0.738775], [0.217147, -0.834725, 0.506044]], [[0.914269, -0.136803, -0.38131], [0.403225, 0.397946, 0.824044], [0.039009, -0.907152, 0.418992]], [[0.914269, -0.136803, -0.38131], [0.396119, 0.499071, 0.770726], [0.0848629, -0.855695, 0.510475]], [[0.914269, -0.136803, -0.38131], [0.37739, 0.629801, 0.678917], [0.147271, -0.764615, 0.627435]]], "btipPosition": [0.984285, 316.712, 26.29], "carpPosition": [-19.4059, 193.678, 98.1046], "dipPosition": [-1.32187, 304.738, 36.1152], "direction": [0.0848629, 0.855695, -0.510475], "extended": true, "handId": 186, "id": 1861, "length": 53.8982, "mcpPosition": [-4.73782, 250.063, 63.9217], "pipPosition": [-3.20181, 285.782, 47.4235], "stabilizedTipPosition": [0.373289, 312.928, 30.7865], "timeVisible": 1.77204, "tipPosition": [2.84383, 313.081, 27.8887], "tipVelocity": [-6.92952, 100.059, -22.6221], "tool": false, "touchDistance": 0.108302, "touchZone": "hovering", "type": 1, "width": 16.6644}, {"bases": [[[0.836076, -0.242648, -0.492036], [0.54064, 0.516774, 0.663817], [0.0931976, -0.821016, 0.563247]], [[0.838987, -0.273325, -0.470525], [0.541039, 0.326652, 0.774968], [-0.0581204, -0.904761, 0.421936]], [[0.838987, -0.273325, -0.470525], [0.544098, 0.409251, 0.732442], [-0.00763192, -0.870521, 0.492072]], [[0.838987, -0.273325, -0.470525], [0.54232, 0.490884, 0.681851], [0.0446063, -0.82724, 0.560075]]], "btipPosition": [-25.933, 324.071, 16.8158], "carpPosition": [-29.9049, 194.573, 94.0073], "dipPosition": [-26.7013, 309.823, 26.4621], "direction": [-0.00763192, 0.870521, -0.492072], "extended": true, "handId": 186, "id": 1862, "length": 61.4127, "mcpPosition": [-23.9348, 247.166, 57.9265], "pipPosition": [-26.5024, 287.135, 39.2868], "stabilizedTipPosition": [-25.7771, 320.846, 21.2192], "timeVisible": 1.77204, "tipPosition": [-24.2244, 319.561, 17.4459], "tipVelocity": [-7.46304, 100.874, -17.1179], "tool": false, "touchDistance": 0.282918, "touchZone": "hovering", "type": 2, "width": 16.3667}, {"bases": [[[0.797527, -0.399084, -0.452419], [0.601688, 0.471682, 0.644584], [-0.0438455, -0.786288, 0.616303]], [[0.798729, -0.35342, -0.486956], [0.590681, 0.306462, 0.746442], [-0.114574, -0.883841, 0.453539]], [[0.798729, -0.35342, -0.486956], [0.59746, 0.370049, 0.711411], [-0.0712288, -0.859161, 0.506723]], [[0.798729, -0.35342, -0.486956], [0.601384, 0.443097, 0.664832], [-0.0191961, -0.823869, 0.566455]]], "btipPosition": [-49.0168, 310.232, 12.0252], "carpPosition": [-39.6661, 192.895, 88.609], "dipPosition": [-48.688, 296.124, 21.7253], "direction": [-0.0712288, 0.859161, -0.506723], "extended": true, "handId": 186, "id": 1863, "length": 59.0499, "mcpPosition": [-42.1878, 238.117, 53.163], "pipPosition": [-46.8796, 274.311, 34.5907], "stabilizedTipPosition": [-48.71, 307.187, 16.3533], "timeVisible": 1.77204, "tipPosition": [-47.0174, 305.383, 12.0273], "tipVelocity": [-5.16481, 99.7277, -15.5673], "tool": false, "touchDistance": 0.28396, "touchZone": "hovering", "type": 3, "width": 15.5739}, {"bases": [[[0.67664, -0.559819, -0.478291], [0.712154, 0.332535, 0.618269], [-0.18707, -0.758962, 0.623684]], [[0.691541, -0.483922, -0.536275], [0.689467, 0.220796, 0.689844], [-0.215423, -0.846799, 0.486338]], [[0.691541, -0.483922, -0.536275], [0.707041, 0.3015, 0.63968], [-0.147868, -0.821533, 0.550652]], [[0.691541, -0.483922, -0.536275], [0.715405, 0.356232, 0.601078], [-0.0998362, -0.799324, 0.592549]]], "btipPosition": [-67.8852, 281.252, 11.7986], "carpPosition": [-46.7164, 186.048, 79.9965], "dipPosition": [-66.308, 268.625, 21.1596], "direction": [-0.147868, 0.821533, -0.550652], "extended": true, "handId": 186, "id": 1864, "length": 46.294, "mcpPosition": [-56.6761, 226.455, 46.7915], "pipPosition": [-63.6573, 253.898, 31.0306], "stabilizedTipPosition": [-67.5719, 277.399, 15.5372], "timeVisible": 1.77204, "tipPosition": [-66.3893, 275.914, 10.8398], "tipVelocity": [-2.16928, 97.8348, -16.2834], "tool": false, "touchDistance": 0.293172, "touchZone": "hovering", "type": 4, "width": 13.834}], "r": [[0.427996, -0.393017, 0.813853], [-0.181136, 0.844926, 0.503279], [-0.885443, -0.36282, 0.290435]], "s": 1.39592, "t": [-49.7383, -81.3293, -33.9448], "timestamp": 630340025440}, {"currentFrameRate": 55.3424, "devices": [], "gestures": [], "hands": [{"armBasis": [[0.848738, -0.0475444, -0.526672], [0.373901, 0.758247, 0.534097], [0.373954, -0.650231, 0.66133]], "armWidth": 55.9977, "confidence": 1, "direction": [-0.00585711, 0.894486, -0.447058], "elbow": [-129.175, 6.38763, 261.968], "grabAngle": 0.0186492, "grabStrength": 0, "id": 186, "palmNormal": [0.413867, -0.404811, -0.815379], "palmPosition": [-24.9777, 227.475, 63.8445], "palmVelocity": [-5.03916, 168.938, -26.2819], "palmWidth": 83.544, "pinchDistance": 58.1987, "pinchStrength": 0, "r": [[0.425396, -0.395691, 0.813921], [-0.180787, 0.844071, 0.504837], [-0.886766, -0.361902, 0.287529]], "s": 1.39469, "sphereCenter": [-84.7246, 344.549, 175.112], "sphereRadius": 170.917, "stabilizedPalmPosition": [-25.1506, 224.438, 65.3875], "t": [49.7393, -79.1755, -34.2975], "timeVisible": 1.78961, "type": "left", "wrist": [-36.4699, 167.583, 98.021]}], "id": 61120, "interactionBox": {"center": [0, 200, 0], "size": [235.247, 235.247, 147.751]}, "pointables": [{"bases": [[[0.737626, 0.460243, 0.494049], [-0.549818, -0.0153004, 0.835145], [0.391928, -0.887661, 0.241764]], [[0.654788, 0.612875, 0.442308], [-0.549773, -0.0153686, 0.835173], [0.518655, -0.79003, 0.326879]], [[0.654788, 0.612875, 0.442308], [-0.697374, 0.264267, 0.666208], [0.291415, -0.744679, 0.600442]], [[0.654788, 0.612875, 0.442308], [-0.739962, 0.400598, 0.54035], [0.153979, -0.681106, 0.715811]]], "btipPosition": [31.4306, 255.636, 40.5178], "carpPosition": [-4.75006, 181.546, 89.6169], "dipPosition": [28.1278, 241.026, 55.8718], "direction": [0.291415, 0.744679, -0.600442], "extended": true, "handId": 186, "id": 1860, "length": 47.7656, "mcpPosition": [-4.75006, 181.546, 89.6169], "pipPosition": [19.0213, 217.756, 74.6352], "stabilizedTipPosition": [30.8595, 247.959, 45.3689], "timeVisible": 1.78961, "tipPosition": [32.2911, 249.732, 42.2356], "tipVelocity": [-32.6495, 215.029, -22.6557], "tool": false, "touchDistance": 0.303126, "touchZone": "hovering", "type": 0, "width": 17.446}, {"bases": [[[0.898379, -0.036918, -0.4376