{"frames": 73, "data": [{"currentFrameRate": 53.4831, "devices": [], "gestures": [], "hands": [{"armBasis": [[0.787219, 0.0528085, -0.614408], [0.290333, 0.847258, 0.444816], [0.544052, -0.52855, 0.651646]], "armWidth": 55.9977, "confidence": 1, "direction": [-0.118048, 0.951175, -0.285184], "elbow": [-162.199, 217.941, 240.901], "grabAngle": 0.186319, "grabStrength": 0, "id": 182, "palmNormal": [0.294112, -0.240815, -0.924936], "palmPosition": [-20.6869, 412.809, 52.9967], "palmVelocity": [-12.3998, 16.2072, 4.76864], "palmWidth": 83.544, "pinchDistance": 74.8697, "pinchStrength": 0, "r": [[-0.334019, -0.0832998, 0.938878], [0.902539, -0.315459, 0.293102], [0.271762, 0.945276, 0.18055]], "s": 1.21399, "sphereCenter": [-10.9527, 483.843, 115.977], "sphereRadius": 99.1706, "stabilizedPalmPosition": [-20.6207, 411.609, 52.8888], "t": [2.2089, 255.844, -47.4309], "timeVisible": 9.25536, "type": "left", "wrist": [-27.3261, 348.971, 79.3543]}], "id": 59755, "interactionBox": {"center": [0, 200, 0], "size": [235.247, 235.247, 147.751]}, "pointables": [{"bases": [[[0.667751, 0.323309, 0.670507], [-0.677848, -0.108138, 0.727205], [0.307619, -0.940094, 0.146945]], [[0.468047, 0.699315, 0.54027], [-0.762092, 0.00990708, 0.647393], [0.447379, -0.714745, 0.537579]], [[0.468047, 0.699315, 0.54027], [-0.843693, 0.171737, 0.508615], [0.262897, -0.693877, 0.670388]], [[0.468047, 0.699315, 0.54027], [-0.874171, 0.276833, 0.398985], [0.129451, -0.659032, 0.740891]]], "btipPosition": [36.9712, 433.508, 5.86902], "carpPosition": [5.47461, 364.93, 67.3488], "dipPosition": [34.1945, 419.371, 21.761], "direction": [0.262897, 0.693877, -0.670388], "extended": false, "handId": 182, "id": 1820, "length": 47.7656, "mcpPosition": [5.47461, 364.93, 67.3488], "pipPosition": [25.9792, 397.688, 42.7101], "stabilizedTipPosition": [34.3739, 430.209, 9.77007], "timeVisible": 9.25536, "tipPosition": [34.0392, 431.198, 10.0226], "tipVelocity": [-5.39188, 19.2997, 8.23182], "tool": false, "touchDistance": 0.333461, "touchZone": "hovering", "type": 0, "width": 17.446}, {"bases": [[[0.954809, -0.0306183, -0.295639], [0.284498, 0.382054, 0.879258], [0.0860289, -0.923632, 0.3735]], [[0.958365, -0.0899723, -0.270999], [0.281798, 0.144769, 0.948489], [-0.0461056, -0.985366, 0.164095]], [[0.958365, -0.0899723, -0.270999], [0.28554, 0.296628, 0.911306], [-0.00160624, -0.950745, 0.309969]], [[0.958365, -0.0899723, -0.270999], [0.274524, 0.551441, 0.78775], [0.0785645, -0.829348, 0.553182]]], "btipPosition": [-2.79864, 512.407, 32.0714], "carpPosition": [-7.98905, 377.168, 79.2914], "dipPosition": [-4.02891, 499.42, 40.7338], "direction": [-0.00160624, 0.950745, -0.309969], "extended": true, "handId": 182, "id": 1821, "length": 53.8982, "mcpPosition": [-2.17788, 439.559, 54.0618], "pipPosition": [-3.99332, 478.359, 47.6004], "stabilizedTipPosition": [-1.22171, 507.679, 33.0743], "timeVisible": 9.25536, "tipPosition": [-2.44378, 508.915, 32.3582], "tipVelocity": [-61.8666, 26.2371, 28.9498], "tool": false, "touchDistance": 0.333746, "touchZone": "hovering", "type": 1, "width": 16.6644}, {"bases": [[[0.89507, -0.219802, -0.387991], [0.443644, 0.351007, 0.824606], [-0.0450626, -0.910209, 0.41169]], [[0.896203, -0.17265, -0.408672], [0.435954, 0.171945, 0.883391], [-0.0822481, -0.969859, 0.229365]], [[0.896203, -0.17265, -0.408672], [0.438412, 0.203593, 0.875411], [-0.0679366, -0.963713, 0.258152]], [[0.896203, -0.17265, -0.408672], [0.440916, 0.448644, 0.777375], [0.0491345, -0.876876, 0.478199]]], "btipPosition": [-26.5102, 519.294, 25.6882], "carpPosition": [-19.0658, 377.923, 77.1572], "dipPosition": [-27.3565, 504.191, 33.9243], "direction": [-0.0679366, 0.963713, -0.258152], "extended": true, "handId": 182, "id": 1822, "length": 61.4127, "mcpPosition": [-21.9525, 436.23, 50.7849], "pipPosition": [-25.5859, 479.075, 40.6524], "stabilizedTipPosition": [-28.9256, 513.131, 27.5071], "timeVisible": 9.25536, "tipPosition": [-29.1505, 515.042, 25.558], "tipVelocity": [9.39559, 3.67002, -31.168], "tool": false, "touchDistance": 0.33287, "touchZone": "hovering", "type": 2, "width": 16.3667}, {"bases": [[[0.842675, -0.377182, -0.38423], [0.504796, 0.305212, 0.807482], [-0.187296, -0.874402, 0.447594]], [[0.855575, -0.301257, -0.420993], [0.471521, 0.117828, 0.873948], [-0.213678, -0.946235, 0.24286]], [[0.855575, -0.301257, -0.420993], [0.498172, 0.257998, 0.827805], [-0.140767, -0.917977, 0.370815]], [[0.855575, -0.301257, -0.420993], [0.51649, 0.441678, 0.733593], [-0.035057, -0.845083, 0.533485]]], "btipPosition": [-53.2096, 503.248, 18.9356], "carpPosition": [-29.5131, 376.431, 73.1738], "dipPosition": [-52.6093, 488.777, 28.0711], "direction": [-0.140767, 0.917977, -0.370815], "extended": true, "handId": 182, "id": 1823, "length": 59.0499, "mcpPosition": [-40.2853, 426.722, 47.4309], "pipPosition": [-49.0353, 465.47, 37.4858], "stabilizedTipPosition": [-50.391, 499.074, 25.811], "timeVisible": 9.25536, "tipPosition": [-53.8898, 500.008, 21.4647], "tipVelocity": [-32.1043, 2.98878, -8.9673], "tool": false, "touchDistance": 0.333175, "touchZone": "hovering", "type": 3, "width": 15.5739}, {"bases": [[[0.720266, -0.52106, -0.457945], [0.611174, 0.164372, 0.77424], [-0.328152, -0.837543, 0.43685]], [[0.737987, -0.471906, -0.48237], [0.564229, 0.0394016, 0.824678], [-0.370164, -0.880768, 0.295341]], [[0.737987, -0.471906, -0.48237], [0.628112, 0.219062, 0.746651], [-0.24668, -0.854001, 0.458074]], [[0.737987, -0.471906, -0.48237], [0.667245, 0.403522, 0.626063], [-0.100796, -0.783885, 0.61267]]], "btipPosition": [-73.0711, 471.456, 13.9773], "carpPosition": [-37.5899, 370.629, 64.6967], "dipPosition": [-71.4788, 459.072, 23.6561], "direction": [-0.24668, 0.854001, -0.458074], "extended": true, "handId": 182, "id": 1824, "length": 46.294, "mcpPosition": [-55.0607, 415.22, 41.4388], "pipPosition": [-67.0568, 443.763, 31.8676], "stabilizedTipPosition": [-70.4329, 468.598, 19.734], "timeVisible": 9.25536, "tipPosition": [-73.1567, 469.01, 17.1745], "tipVelocity": [-32.0616, -2.4479, -1.30914], "tool": false, "touchDistance": 0.333295, "touchZone": "hovering", "type": 4, "width": 13.834}], "r": [[-0.334019, -0.0832998, 0.938878], [0.902539, -0.315459, 0.293102], [0.271762, 0.945276, 0.18055]], "s": 1.21399, "t": [-2.2089, 255.844, -47.4309], "timestamp": 630314247618}, {"currentFrameRate": 53.653, "devices": [], "gestures": [], "hands": [{"armBasis": [[0.789255, 0.0546263, -0.611631], [0.286918, 0.847818, 0.445962], [0.542914, -0.527466, 0.653471]], "armWidth": 55.9977, "confidence": 1, "direction": [-0.119144, 0.950411, -0.28727], "elbow": [-161.969, 218.315, 241.446], "grabAngle": 0.186981, "grabStrength": 0, "id": 182, "palmNormal": [0.287763, -0.243858, -0.926135], "palmPosition": [-20.8304, 412.844, 52.8903], "palmVelocity": [-7.95768, 1.93277, -5.90219], "palmWidth": 83.544, "pinchDistance": 74.9596, "pinchStrength": 0, "r": [[-0.332624, -0.0812439, 0.939554], [0.902976, -0.314812, 0.292452], [0.272023, 0.945671, 0.178075]], "s": 1.21521, "sphereCenter": [-11.1529, 484.035, 115.893], "sphereRadius": 99.2239, "stabilizedPalmPosition": [-20.6264, 411.643, 52.8888], "t": [2.07378, 256.054, -47.441], "timeVisible": 9.27339, "type": "left", "wrist": [-27.3781, 349.076, 79.4473]}], "id": 59756, "interactionBox": {"center": [0, 200, 0], "size": [235.247, 235.247, 147.751]}, "pointables": [{"bases": [[[0.663014, 0.325903, 0.673943], [-0.682571, -0.106522, 0.723014], [0.307422, -0.939383, 0.151826]], [[0.464912, 0.700033, 0.542043], [-0.764993, 0.00942075, 0.64397], [0.445694, -0.714049, 0.5399]], [[0.464912, 0.700033, 0.542043], [-0.846778, 0.172822, 0.50309], [0.258503, -0.692883, 0.673119]], [[0.464912, 0.700033, 0.542043], [-0.875906, 0.274459, 0.396812], [0.129013, -0.659262, 0.740763]]], "btipPosition": [36.6585, 433.506, 5.54443], "carpPosition": [5.3858, 364.986, 67.2132], "dipPosition": [33.8912, 419.365, 21.4337], "direction": [0.258503, 0.692883, -0.673119], "extended": false, "handId": 182, "id": 1820, "length": 47.7656, "mcpPosition": [5.3858, 364.986, 67.2132], "pipPosition": [25.8131, 397.712, 42.4681], "stabilizedTipPosition": [34.4019, 430.209, 9.76036], "timeVisible": 9.27339, "tipPosition": [33.6681, 431.042, 9.493], "tipVelocity": [-17.2232, -0.17609, -18.0351], "tool": false, "touchDistance": 0.333069, "touchZone": "hovering", "type": 0, "width": 17.446}, {"bases": [[[0.956776, -0.0306933, -0.289201], [0.278334, 0.38495, 0.879968], [0.0843191, -0.922427, 0.376854]], [[0.960278, -0.0925553, -0.263247], [0.274344, 0.140738, 0.951277], [-0.0509969, -0.985711, 0.160539]], [[0.960278, -0.0925553, -0.263247], [0.278901, 0.28813, 0.916076], [-0.00893841, -0.953108, 0.302498]], [[0.960278, -0.0925553, -0.263247], [0.269743, 0.549436, 0.790796], [0.0714452, -0.830393, 0.552578]]], "btipPosition": [-3.37964, 512.512, 32.0761], "carpPosition": [-7.98805, 377.272, 79.2078], "dipPosition": [-4.49842, 499.508, 40.7291], "direction": [-0.00893841, 0.953108, -0.302498], "extended": true, "handId": 182, "id": 1821, "length": 53.8982, "mcpPosition": [-2.29236, 439.581, 53.7516], "pipPosition": [-4.30041, 478.394, 47.4302], "stabilizedTipPosition": [-1.33328, 507.764, 33.1201], "timeVisible": 9.27339, "tipPosition": [-2.68594, 508.898, 31.9338], "tipVelocity": [-30.7965, 5.57939, 0.142644], "tool": false, "touchDistance": 0.333354, "touchZone": "hovering", "type": 1, "width": 16.6644}, {"bases": [[[0.89781, -0.220206, -0.381375], [0.437865, 0.353874, 0.826467], [-0.0470342, -0.909001, 0.414132]], [[0.89904, -0.171134, -0.403039], [0.429732, 0.168251, 0.887142], [-0.0840081, -0.970775, 0.224806]], [[0.89904, -0.171134, -0.403039], [0.432761, 0.207119, 0.877394], [-0.0666745, -0.963232, 0.260268]], [[0.89904, -0.171134, -0.403039], [0.435173, 0.451164, 0.779151], [0.048498, -0.875879, 0.480087]]], "btipPosition": [-26.7046, 519.334, 25.6331], "carpPosition": [-19.0781, 378.029, 77.1449], "dipPosition": [-27.5399, 504.248, 33.9017], "direction": [-0.0666745, 0.963232, -0.260268], "extended": true, "handId": 182, "id": 1822, "length": 61.4127, "mcpPosition": [-22.091, 436.259, 50.6161], "pipPosition": [-25.8022, 479.144, 40.685], "stabilizedTipPosition": [-28.8799, 513.193, 27.5077], "timeVisible": 9.27339, "tipPosition": [-29.3348, 515.02, 25.2515], "tipVelocity": [-10.6405, 2.4321, -2.63985], "tool": false, "touchDistance": 0.333271, "touchZone": "hovering", "type": 2, "width": 16.3667}, {"bases": [[[0.845523, -0.377619, -0.377486], [0.499168, 0.30808, 0.809888], [-0.189533, -0.873207, 0.448984]], [[0.858344, -0.303782, -0.413476], [0.464429, 0.117517, 0.877779], [-0.218063, -0.945466, 0.241955]], [[0.858344, -0.303782, -0.413476], [0.49243, 0.261461, 0.830151], [-0.144077, -0.916163, 0.374015]], [[0.858344, -0.303782, -0.413476], [0.511741, 0.448828, 0.732581], [-0.0369655, -0.840399, 0.540707]]], "btipPosition": [-53.6743, 503.125, 18.7494], "carpPosition": [-29.5529, 376.535, 73.2354], "dipPosition": [-53.0413, 488.734, 28.0086], "direction": [-0.144077, 0.916163, -0.374015], "extended": true, "handId": 182, "id": 1823, "length": 59.0499, "mcpPosition": [-40.4537, 426.757, 47.4126], "pipPosition": [-49.3833, 465.473, 37.5046], "stabilizedTipPosition": [-50.4366, 499.085, 25.7394], "timeVisible": 9.27339, "tipPosition": [-54.1611, 499.974, 21.3103], "tipVelocity": [-25.352, -5.79689, -8.74483], "tool": false, "touchDistance": 0.333194, "touchZone": "hovering", "type": 3, "width": 15.5739}, {"bases": [[[0.723726, -0.521823, -0.451577], [0.605882, 0.167232, 0.777779], [-0.330345, -0.836501, 0.437193]], [[0.740712, -0.475285, -0.474815], [0.555654, 0.0361575, 0.830627], [-0.377616, -0.879089, 0.290876]], [[0.740712, -0.475285, -0.474815], [0.622375, 0.219327, 0.751362], [-0.252971, -0.852056, 0.458264]], [[0.740712, -0.475285, -0.474815], [0.663671, 0.4079, 0.627023], [-0.104337, -0.779565, 0.61757]]], "btipPosition": [-73.6988, 471.328, 14.1559], "carpPosition": [-37.6906, 370.714, 64.8297], "dipPosition": [-72.0505, 459.012, 23.9121], "direction": [-0.252971, 0.852056, -0.458264], "extended": true, "handId": 182, "id": 1824, "length": 46.294, "mcpPosition": [-55.2782, 415.249, 41.5535], "pipPosition": [-67.5157, 443.738, 32.127], "stabilizedTipPosition": [-70.4893, 468.596, 19.6689], "timeVisible": 9.27339, "tipPosition": [-73.4864, 468.971, 17.2299], "tipVelocity": [-34.0938, -6.23606, 10.8913], "tool": false, "touchDistance": 0.333479, "touchZone": "hovering", "type": 4, "width": 13.834}], "r": [[-0.332624, -0.0812439, 0.939554], [0.902976, -0.314812, 0.292452], [0.272023, 0.945671, 0.178075]], "s": 1.21521, "t": [-2.07378, 256.054, -47.441], "timestamp": 630314265651}, {"currentFrameRate": 53.8186, "devices": [], "gestures": [], "hands": [{"armBasis": [[0.790964, 0.0554584, -0.609344], [0.284513, 0.848333, 0.446524], [0.54169, -0.526551, 0.655222]], "armWidth": 55.9977, "confidence": 1, "direction": [-0.120308, 0.950374, -0.286905], "elbow": [-161.699, 218.531, 241.885], "grabAngle": 0.190693, "grabStrength": 0, "id": 182, "palmNormal": [0.283279, -0.244123, -0.927446], "palmPosition": [-20.9553, 412.824, 52.8573], "palmVelocity": [-6.94177, -1.08601, -1.83609], "palmWidth": 83.544, "pinchDistance": 74.9496, "pinchStrength": 0, "r": [[-0.332402, -0.0795713, 0.939775], [0.903058, -0.314244, 0.292808], [0.272019, 0.946002, 0.176313]], "s": 1.21632, "sphereCenter": [-11.5851, 483.882, 115.746], "sphereRadius": 98.9845, "stabilizedPalmPosition": [-20.6352, 411.674, 52.888], "t": [1.94377, 256.148, -47.4626], "timeVisible": 9.29138, "type": "left", "wrist": [-27.4112, 349.066, 79.4523]}], "id": 59757, "interactionBox": {"center": [0, 200, 0], "size": [235.247, 235.247, 147.751]}, "pointables": [{"bases": [[[0.659714, 0.326196, 0.677033], [-0.685996, -0.106514, 0.719766], [0.306898, -0.939282, 0.1535]], [[0.463194, 0.698956, 0.544896], [-0.766837, 0.00784437, 0.641794], [0.444311, -0.715122, 0.539619]], [[0.463194, 0.698956, 0.544896], [-0.848986, 0.173516, 0.499113], [0.25431, -0.693796, 0.673776]], [[0.463194, 0.698956, 0.544896], [-0.87709, 0.27332, 0.394981], [0.127143, -0.660876, 0.739647]]], "btipPosition": [36.3568, 433.596, 5.41269], "carpPosition": [5.31861, 364.964, 67.0652], "dipPosition": [33.6296, 419.42, 21.278], "direction": [0.25431, 0.693796, -0.673776], "extended": false, "handId": 182, "id": 1820, "length": 47.7656, "mcpPosition": [5.31861, 364.964, 67.0652], "pipPosition": [25.6826, 397.739, 42.333], "stabilizedTipPosition": [34.4265, 430.212, 9.74741], "timeVisible": 9.29138, "tipPosition": [33.3729, 430.992, 9.19406], "tipVelocity": [-16.2543, 4.56841, -7.62753], "tool": false, "touchDistance": 0.333206, "touchZone": "hovering", "type": 0, "width": 17.446}, {"bases": [[[0.958154, -0.0305464, -0.284618], [0.27404, 0.385203, 0.881204], [0.0827181, -0.922326, 0.377455]], [[0.961571, -0.0937282, -0.258062], [0.269206, 0.137218, 0.953257], [-0.0539365, -0.986097, 0.157177]], [[0.961571, -0.0937282, -0.258062], [0.274189, 0.279264, 0.920235], [-0.0141847, -0.955629, 0.294231]], [[0.961571, -0.0937282, -0.258062], [0.265794, 0.553345, 0.789407], [0.0688075, -0.827662, 0.556993]]], "btipPosition": [-3.76807, 512.516, 32.195], "carpPosition": [-7.99506, 377.255, 79.1208], "dipPosition": [-4.84554, 499.556, 40.9171], "direction": [-0.0141847, 0.955629, -0.294231], "extended": true, "handId": 182, "id": 1821, "length": 53.8982, "mcpPosition": [-2.40752, 439.558, 53.6241], "pipPosition": [-4.53132, 478.386, 47.4351], "stabilizedTipPosition": [-1.46238, 507.849, 33.1721], "timeVisible": 9.29138, "tipPosition": [-2.91465, 508.885, 31.8454], "tipVelocity": [-21.0599, 0.814839, 7.49096], "tool": false, "touchDistance": 0.333435, "touchZone": "hovering", "type": 1, "width": 16.6644}, {"bases": [[[0.89967, -0.220092, -0.377031], [0.433832, 0.354151, 0.828473], [-0.0488148, -0.908921, 0.414102]], [[0.900994, -0.171142, -0.398649], [0.425001, 0.163728, 0.890263], [-0.0870911, -0.971547, 0.220253]], [[0.900994, -0.171142, -0.398649], [0.428467, 0.206959, 0.879536], [-0.0680213, -0.963264, 0.259798]], [[0.900994, -0.171142, -0.398649], [0.431385, 0.450899, 0.781407], [0.0460189, -0.876014, 0.480085]]], "btipPosition": [-27.0493, 519.351, 25.8144], "carpPosition": [-19.0947, 378.015, 77.1108], "dipPosition": [-27.8419, 504.264, 34.083], "direction": [-0.0680213, 0.963264, -0.259798], "extended": true, "handId": 182, "id": 1822, "length": 61.4127, "mcpPosition": [-22.2217, 436.239, 50.584], "pipPosition": [-26.0691, 479.159, 40.854], "stabilizedTipPosition": [-28.8408, 513.257, 27.5127], "timeVisible": 9.29138, "tipPosition": [-29.5326, 515.01, 25.2761], "tipVelocity": [-18.6084, 0.943435, 10.0763], "tool": false, "touchDistance": 0.333466, "touchZone": "hovering", "type": 2, "width": 16.3667}, {"bases": [[[0.8474, -0.377516, -0.373357], [0.495224, 0.308366, 0.812197], [-0.191486, -0.873151, 0.448264]], [[0.860103, -0.30572, -0.408361], [0.459118, 0.115021, 0.880898], [-0.222338, -0.945148, 0.239292]], [[0.860103, -0.30572, -0.408361], [0.488426, 0.262575, 0.832162], [-0.147183, -0.915199, 0.375163]], [[0.860103, -0.30572, -0.408361], [0.508697, 0.454258, 0.731353], [-0.0380882, -0.836771, 0.546227]]], "btipPosition": [-54.0953, 503.009, 18.7926], "carpPosition": [-29.5883, 376.522, 73.2518], "dipPosition": [-53.4431, 488.68, 28.1463], "direction": [-0.147183, 0.915199, -0.375163], "extended": true, "handId": 182, "id": 1823, "length": 59.0499, "mcpPosition": [-40.6015, 426.74, 47.4704], "pipPosition": [-49.7062, 465.444, 37.6715], "stabilizedTipPosition": [-50.5035, 499.097, 25.6479], "timeVisible": 9.29138, "tipPosition": [-54.4118, 499.952, 21.4122], "tipVelocity": [-23.1502, -5.65502, 3.60691], "tool": false, "touchDistance": 0.333376, "touchZone": "hovering", "type": 3, "width": 15.5739}, {"bases": [[[0.72599, -0.521763, -0.447998], [0.602121, 0.167534, 0.78063], [-0.332249, -0.836478, 0.435792]], [[0.742454, -0.477064, -0.470289], [0.548905, 0.0308045, 0.835317], [-0.384013, -0.878328, 0.284734]], [[0.742454, -0.477064, -0.470289], [0.618374, 0.218073, 0.755022], [-0.257637, -0.851384, 0.456913]], [[0.742454, -0.477064, -0.470289], [0.661533, 0.411544, 0.626901], [-0.105527, -0.776557, 0.621146]]], "btipPosition": [-74.1867, 471.229, 14.4539], "carpPosition": [-37.7674, 370.701, 64.8864], "dipPosition": [-72.5196, 458.961, 24.2667], "direction": [-0.257637, 0.851384, -0.456913], "extended": true, "handId": 182, "id": 1824, "length": 46.294, "mcpPosition": [-55.4564, 415.235, 41.6848], "pipPosition": [-67.9012, 443.699, 32.4573], "stabilizedTipPosition": [-70.5528, 468.592, 19.6122], "timeVisible": 9.29138, "tipPosition": [-73.7694, 468.947, 17.4254], "tipVelocity": [-26.8759, -4.87612, 17.2846], "tool": false, "touchDistance": 0.333573, "touchZone": "hovering", "type": 4, "width": 13.834}], "r": [[-0.332402, -0.0795713, 0.939775], [0.903058, -0.314244, 0.292808], [0.272019, 0.946002, 0.176313]], "s": 1.21632, "t": [-1.94377, 256.148, -47.4626], "timestamp": 630314283644}, {"currentFrameRate": 53.9359, "devices": [], "gestures": [], "hands": [{"armBasis": [[0.792609, 0.0573181, -0.60703], [0.282221, 0.848018, 0.448573], [0.540484, -0.526859, 0.65597]], "armWidth": 55.9977, "confidence": 1, "direction": [-0.119526, 0.950931, -0.285385], "elbow": [-161.501, 218.329, 242.103], "grabAngle": 0.195426, "grabStrength": 0, "id": 182, "palmNormal": [0.280752, -0.24334, -0.92842], "palmPosition": [-21.0269, 412.724, 52.9568], "palmVelocity": [-3.95239, -5.5201, 5.48924], "palmWidth": 83.544, "pinchDistance": 74.9105, "pinchStrength": 0, "r": [[-0.332638, -0.0785795, 0.939775], [0.903083, -0.313591, 0.29343], [0.271647, 0.946301, 0.175276]], "s": 1.21695, "sphereCenter": [-12.0635, 483.398, 115.415], "sphereRadius": 98.3919, "stabilizedPalmPosition": [-20.6434, 411.696, 52.8894], "t": [1.84295, 256.146, -47.4237], "timeVisible": 9.30951, "type": "left", "wrist": [-27.5124, 348.94, 79.4843]}], "id": 59758, "interactionBox": {"center": [0, 200, 0], "size": [235.247, 235.247, 147.751]}, "pointables": [{"bases": [[[0.657642, 0.326312, 0.67899], [-0.687503, -0.108499, 0.71803], [0.307972, -0.939015, 0.152987]], [[0.461827, 0.697729, 0.547623], [-0.767731, 0.0052587, 0.64075], [0.44419, -0.716343, 0.538097]], [[0.461827, 0.697729, 0.547623], [-0.850427, 0.172929, 0.49686], [0.251974, -0.695177, 0.67323]], [[0.461827, 0.697729, 0.547623], [-0.877887, 0.27144, 0.394506], [0.126611, -0.662944, 0.737885]]], "btipPosition": [36.1552, 433.581, 5.51321], "carpPosition": [5.20695, 364.805, 67.0411], "dipPosition": [33.4394, 419.361, 21.3407], "direction": [0.251974, 0.695176, -0.67323], "extended": false, "handId": 182, "id": 1820, "length": 47.7656, "mcpPosition": [5.20695, 364.805, 67.0411], "pipPosition": [25.5654, 397.637, 42.3787], "stabilizedTipPosition": [34.4479, 430.214, 9.7359], "timeVisible": 9.30951, "tipPosition": [33.2507, 430.86, 9.19074], "tipVelocity": [-10.9795, -1.39122, 5.06627], "tool": false, "touchDistance": 0.333396, "touchZone": "hovering", "type": 0, "width": 17.446}, {"bases": [[[0.958858, -0.0287171, -0.282429], [0.271406, 0.384467, 0.88234], [0.0832464, -0.922692, 0.376443]], [[0.962363, -0.0950268, -0.254614], [0.26585, 0.134705, 0.954557], [-0.0564108, -0.986319, 0.154898]], [[0.962363, -0.0950268, -0.254614], [0.271102, 0.270106, 0.923876], [-0.0190202, -0.95813, 0.285702]], [[0.962363, -0.0950268, -0.254614], [0.263309, 0.557966, 0.786983], [0.0672815, -0.824405, 0.561987]]], "btipPosition": [-4.02571, 512.4, 32.4867], "carpPosition": [-8.05994, 377.101, 79.1437], "dipPosition": [-5.07929, 499.491, 41.287], "direction": [-0.0190202, 0.95813, -0.285702], "extended": true, "handId": 182, "id": 1821, "length": 53.8982, "mcpPosition": [-2.43672, 439.428, 53.7153], "pipPosition": [-4.65794, 478.266, 47.6161], "stabilizedTipPosition": [-1.55687, 507.902, 33.2172], "timeVisible": 9.30951, "tipPosition": [-2.91687, 508.798, 32.0788], "tipVelocity": [-13.9114, -5.7619, 17.0883], "tool": false, "touchDistance": 0.33357, "touchZone": "hovering", "type": 1, "width": 16.6644}, {"bases": [[[0.900878, -0.218231, -0.375226], [0.431367, 0.353726, 0.82994], [-0.0483916, -0.909535, 0.412801]], [[0.902177, -0.168798, -0.396969], [0.422567, 0.160896, 0.891936], [-0.0866866, -0.97243, 0.216485]], [[0.902177, -0.168798, -0.396969], [0.426477, 0.210861, 0.879577], [-0.0647659, -0.962832, 0.262223]], [[0.902177, -0.168798, -0.396969], [0.42865, 0.453926, 0.78116], [0.048336, -0.874905, 0.481877]]], "btipPosition": [-26.9479, 519.265, 26.0198], "carpPosition": [-19.163, 377.88, 77.1605], "dipPosition": [-27.7804, 504.196, 34.3192], "direction": [-0.0647659, 0.962832, -0.262223], "extended": true, "handId": 182, "id": 1822, "length": 61.4127, "mcpPosition": [-22.2629, 436.144, 50.717], "pipPosition": [-26.0924, 479.102, 41.1534], "stabilizedTipPosition": [-28.8161, 513.294, 27.5187], "timeVisible": 9.30951, "tipPosition": [-29.5002, 514.964, 25.5414], "tipVelocity": [5.08723, -4.53515, 11.723], "tool": false, "touchDistance": 0.333499, "touchZone": "hovering", "type": 2, "width": 16.3667}, {"bases": [[[0.848839, -0.375738, -0.371878], [0.492865, 0.308056, 0.813748], [-0.191196, -0.874027, 0.446678]], [[0.861205, -0.306135, -0.405717], [0.456202, 0.113687, 0.882584], [-0.224065, -0.945175, 0.237567]], [[0.861205, -0.306135, -0.405717], [0.486235, 0.26382, 0.833051], [-0.14799, -0.914702, 0.376057]], [[0.861205, -0.306135, -0.405717], [0.506855, 0.458043, 0.73027], [-0.0377252, -0.834552, 0.549635]]], "btipPosition": [-54.2431, 502.896, 18.9455], "carpPosition": [-29.6679, 376.408, 73.324], "dipPosition": [-53.5971, 488.605, 28.3576], "direction": [-0.14799, 0.914702, -0.376057], "extended": true, "handId": 182, "id": 1823, "length": 59.0499, "mcpPosition": [-40.6644, 426.677, 47.6337], "pipPosition": [-49.8398, 465.382, 37.9054], "stabilizedTipPosition": [-50.5588, 499.105, 25.5781], "timeVisible": 9.30951, "tipPosition": [-54.4191, 499.939, 21.6951], "tipVelocity": [-8.23683, -5.73326, 9.17646], "tool": false, "touchDistance": 0.33346, "touchZone": "hovering", "type": 3, "width": 15.5739}, {"bases": [[[0.727823, -0.520072, -0.446989], [0.60005, 0.167428, 0.782245], [-0.331985, -0.837552, 0.433927]], [[0.743738, -0.476881, -0.468442], [0.545047, 0.0269038, 0.837974], [-0.387011, -0.878556, 0.279932]], [[0.743738, -0.476881, -0.468442], [0.616366, 0.217978, 0.756689], [-0.258741, -0.851511, 0.456051]], [[0.743738, -0.476881, -0.468442], [0.660235, 0.414378, 0.626403], [-0.104607, -0.775162, 0.623042]]], "btipPosition": [-74.3829, 471.184, 14.7779], "carpPosition": [-37.8752, 370.611, 64.97], "dipPosition": [-72.7303, 458.938, 24.6206], "direction": [-0.258741, 0.851511, -0.456051], "extended": true, "handId": 182, "id": 1824, "length": 46.294, "mcpPosition": [-55.5501, 415.202, 41.8676], "pipPosition": [-68.0921, 443.674, 32.7958], "stabilizedTipPosition": [-70.5941, 468.589, 19.5814], "timeVisible": 9.30951, "tipPosition": [-73.8393, 468.967, 17.7143], "tipVelocity": [-11.0094, -2.22363, 18.2554], "tool": false, "touchDistance": 0.333592, "touchZone": "hovering", "type": 4, "width": 13.834}], "r": [[-0.332638, -0.0785795, 0.939775], [0.903083, -0.313591, 0.29343], [0.271647, 0.946301, 0.175276]], "s": 1.21695, "t": [-1.84295, 256.146, -47.4237], "timestamp": 630314301769}, {"currentFrameRate": 54.0502, "devices": [], "gestures": [], "hands": [{"armBasis": [[0.792182, 0.054361, -0.607859], [0.284975, 0.847816, 0.44721], [0.539663, -0.527497, 0.656133]], "armWidth": 55.9977, "confidence": 1, "direction": [-0.120693, 0.950984, -0.284717], "elbow": [-161.208, 218.006, 242.077], "grabAngle": 0.197309, "grabStrength": 0, "id": 182, "palmNormal": [0.283779, -0.241791, -0.927904], "palmPosition": [-21.0117, 412.589, 52.9498], "palmVelocity": [0.84222, -7.44689, -0.385567], "palmWidth": 83.544, "pinchDistance": 75.0456, "pinchStrength": 0, "r": [[-0.332346, -0.0778464, 0.939939], [0.903136, -0.313498, 0.293368], [0.271831, 0.946393, 0.174496]], "s": 1.21738, "sphereCenter": [-12.8131, 482.982, 115.074], "sphereRadius": 97.9078, "stabilizedPalmPosition": [-20.6516, 411.716, 52.8908], "t": [1.80016, 256.077, -47.4077], "timeVisible": 9.32761, "type": "left", "wrist": [-27.4225, 348.775, 79.418]}], "id": 59759, "interactionBox": {"center": [0, 200, 0], "size": [235.247, 235.247, 147.751]}, "pointables": [{"bases": [[[0.660157, 0.324255, 0.677533], [-0.685763, -0.107848, 0.71979], [0.306466, -0.939802, 0.151166]], [[0.464872, 0.696047, 0.547186], [-0.765401, 0.00528882, 0.643532], [0.445035, -0.717977, 0.535213]], [[0.464872, 0.696047, 0.547186], [-0.848764, 0.174457, 0.499164], [0.251981, -0.696479, 0.67188]], [[0.464872, 0.696047, 0.547186], [-0.875923, 0.271482, 0.398818], [0.129044, -0.664692, 0.735888]]], "btipPosition": [36.321, 433.638, 5.74489], "carpPosition": [5.28168, 364.709, 67.0556], "dipPosition": [33.553, 419.38, 21.5296], "direction": [0.251981, 0.696479, -0.67188], "extended": false, "handId": 182, "id": 1820, "length": 47.7656, "mcpPosition": [5.28168, 364.709, 67.0556], "pipPosition": [25.6788, 397.616, 42.5253], "stabilizedTipPosition": [34.4636, 430.215, 9.73132], "timeVisible": 9.32761, "tipPosition": [33.3606, 430.88, 9.35113], "tipVelocity": [8.50082, 2.688, 12.2579], "tool": false, "touchDistance": 0.333503, "touchZone": "hovering", "type": 0, "width": 17.446}, {"bases": [[[0.958024, -0.0303795, -0.285075], [0.274596, 0.382985, 0.881998], [0.0823845, -0.923255, 0.37525]], [[0.961526, -0.101725, -0.255185], [0.267163, 0.129971, 0.954846], [-0.0639648, -0.986286, 0.152147]], [[0.961526, -0.101725, -0.255185], [0.273285, 0.259603, 0.92624], [-0.0279746, -0.960343, 0.277415]], [[0.961526, -0.101725, -0.255185], [0.267809, 0.554047, 0.788232], [0.061202, -0.826247, 0.559974]]], "btipPosition": [-4.65829, 512.379, 32.8818], "carpPosition": [-8.04329, 376.966, 79.1348], "dipPosition": [-5.61667, 499.441, 41.6506], "direction": [-0.0279746, 0.960343, -0.277415], "extended": true, "handId": 182, "id": 1821, "length": 53.8982, "mcpPosition": [-2.47829, 439.331, 53.787], "pipPosition": [-4.99696, 478.167, 47.796], "stabilizedTipPosition": [-1.66418, 507.951, 33.2715], "timeVisible": 9.32761, "tipPosition": [-3.10587, 508.746, 32.3157], "tipVelocity": [-33.7451, -1.53127, 21.4282], "tool": false, "touchDistance": 0.333635, "touchZone": "hovering", "type": 1, "width": 16.6644}, {"bases": [[[0.899403, -0.219677, -0.37791], [0.434351, 0.351972, 0.829129], [-0.0491266, -0.909867, 0.411982]], [[0.900744, -0.169723, -0.399818], [0.425368, 0.158451, 0.891042], [-0.0878785, -0.97267, 0.214919]], [[0.900744, -0.169723, -0.399818], [0.429677, 0.213501, 0.87738], [-0.0635498, -0.962087, 0.265236]], [[0.900744, -0.169723, -0.399818], [0.431429, 0.456183, 0.77831], [0.0502931, -0.873551, 0.484127]]], "btipPosition": [-26.9617, 519.098, 25.9858], "carpPosition": [-19.1425, 377.724, 77.1221], "dipPosition": [-27.8279, 504.052, 34.324], "direction": [-0.0635498, 0.962087, -0.265236], "extended": true, "handId": 182, "id": 1822, "length": 61.4127, "mcpPosition": [-22.2895, 436.009, 50.7311], "pipPosition": [-26.1716, 478.978, 41.2368], "stabilizedTipPosition": [-28.7834, 513.34, 27.5263], "timeVisible": 9.32761, "tipPosition": [-29.5938, 514.848, 25.642], "tipVelocity": [-1.19173, -8.93705, -1.38372], "tool": false, "touchDistance": 0.333321, "touchZone": "hovering", "type": 2, "width": 16.3667}, {"bases": [[[0.847051, -0.377081, -0.374585], [0.495712, 0.306194, 0.812721], [-0.191766, -0.874103, 0.446285]], [[0.859212, -0.309298, -0.40754], [0.458219, 0.110898, 0.881894], [-0.227573, -0.944477, 0.237011]], [[0.859212, -0.309298, -0.40754], [0.489114, 0.26293, 0.831646], [-0.150072, -0.913894, 0.377195]], [[0.859212, -0.309298, -0.40754], [0.510254, 0.459894, 0.726731], [-0.0373514, -0.832365, 0.552967]]], "btipPosition": [-54.4319, 502.64, 18.8363], "carpPosition": [-29.6338, 376.234, 73.2554], "dipPosition": [-53.7923, 488.387, 28.3055], "direction": [-0.150072, 0.913894, -0.377195], "extended": true, "handId": 182, "id": 1823, "length": 59.0499, "mcpPosition": [-40.663, 426.508, 47.5878], "pipPosition": [-49.9821, 465.184, 37.8822], "stabilizedTipPosition": [-50.6255, 499.11, 25.4964], "timeVisible": 9.32761, "tipPosition": [-54.4946, 499.764, 21.6809], "tipVelocity": [-10.5127, -13.6657, -5.30659], "tool": false, "touchDistance": 0.33326, "touchZone": "hovering", "type": 3, "width": 15.5739}, {"bases": [[[0.725536, -0.521088, -0.449516], [0.602522, 0.165381, 0.78078], [-0.332514, -0.837327, 0.433957]], [[0.74097, -0.479396, -0.470258], [0.544972, 0.0200912, 0.838213], [-0.392388, -0.877369, 0.276145]], [[0.74097, -0.479396, -0.470258], [0.618314, 0.213813, 0.756288], [-0.262015, -0.851154, 0.454846]], [[0.74097, -0.479396, -0.470258], [0.66332, 0.413269, 0.623872], [-0.104739, -0.774202, 0.624213]]], "btipPosition": [-74.5773, 470.93, 14.8052], "carpPosition": [-37.8065, 370.429, 64.873], "dipPosition": [-72.9227, 458.699, 24.6664], "direction": [-0.262015, 0.851154, -0.454846], "extended": true, "handId": 182, "id": 1824, "length": 46.294, "mcpPosition": [-55.5095, 415.008, 41.7691], "pipPosition": [-68.2258, 443.441, 32.82], "stabilizedTipPosition": [-70.6521, 468.582, 19.541], "timeVisible": 9.32761, "tipPosition": [-73.8482, 468.752, 17.6136], "tipVelocity": [-10.7169, -13.8265, 1.74357], "tool": false, "touchDistance": 0.333369, "touchZone": "hovering", "type": 4, "width": 13.834}], "r": [[-0.332346, -0.0778464, 0.939939], [0.903136, -0.313498, 0.293368], [0.271831, 0.946393, 0.174496]], "s": 1.21738, "t": [-1.80016, 256.077, -47.4077], "timestamp": 630314319866}, {"currentFrameRate": 54.1635, "devices": [], "gestures": [], "hands": [{"armBasis": [[0.792597, 0.0542377, -0.607329], [0.285928, 0.846673, 0.448765], [0.538549, -0.529342, 0.655563]], "armWidth": 55.9977, "confidence": 1, "direction": [-0.120765, 0.951454, -0.283111], "elbow": [-160.996, 217.498, 241.916], "grabAngle": 0.199954, "grabStrength": 0, "id": 182, "palmNormal": [0.284999, -0.23996, -0.928006], "palmPosition": [-21.0921, 412.59, 53.0469], "palmVelocity": [-4.45545, 0.0566158, 5.37694], "palmWidth": 83.544, "pinchDistance": 75.2894, "pinchStrength": 0, "r": [[-0.331893, -0.077577, 0.940122], [0.903221, -0.31361, 0.292987], [0.272103, 0.946378, 0.174154]], "s": 1.21773, "sphereCenter": [-13.1265, 482.571, 114.685], "sphereRadius": 97.2901, "stabilizedPalmPosition": [-20.658, 411.729, 52.893], "t": [1.73852, 256.043, -47.3512], "timeVisible": 9.34567, "type": "left", "wrist": [-27.4873, 348.725, 79.3986]}], "id": 59760, "interactionBox": {"center": [0, 200, 0], "size": [235.247, 235.247, 147.751]}, "pointables": [{"bases": [[[0.661112, 0.322721, 0.677335], [-0.684945, -0.108875, 0.720414], [0.306238, -0.940211, 0.149068]], [[0.465305, 0.695506, 0.547507], [-0.764541, 0.00408699, 0.644562], [0.446059, -0.718509, 0.533644]], [[0.465305, 0.695506, 0.547507], [-0.848253, 0.173643, 0.500316], [0.252901, -0.697223, 0.670761]], [[0.465305, 0.695506, 0.547507], [-0.875371, 0.26988, 0.401111], [0.131214, -0.66591, 0.734402]]], "btipPosition": [36.3667, 433.698, 5.92424], "carpPosition": [5.20509, 364.696, 67.0962], "dipPosition": [33.5521, 419.415, 21.677], "direction": [0.252901, 0.697223, -0.670761], "extended": false, "handId": 182, "id": 1820, "length": 47.7656, "mcpPosition": [5.20509, 364.696, 67.0962], "pipPosition": [25.6492, 397.627, 42.6378], "stabilizedTipPosition": [34.4721, 430.217, 9.73008], "timeVisible": 9.34567, "tipPosition": [33.339, 430.981, 9.54737], "tipVelocity": [1.93524, 3.00595, 9.52301], "tool": false, "touchDistance": 0.33347, "touchZone": "hovering", "type": 0, "width": 17.446}, {"bases": [[[0.957667, -0.03027, -0.286281], [0.275823, 0.381242, 0.88237], [0.0824331, -0.92398, 0.373452]], [[0.961205, -0.106798, -0.254322], [0.266641, 0.123679, 0.955827], [-0.0706262, -0.986559, 0.147358]], [[0.961205, -0.106798, -0.254322], [0.273604, 0.252099, 0.928217], [-0.0350175, -0.96179, 0.271539]], [[0.961205, -0.106798, -0.254322], [0.270222, 0.549651, 0.790483], [0.0553664, -0.828539, 0.557187]]], "btipPosition": [-5.26113, 512.465, 33.4128], "carpPosition": [-8.13972, 376.924, 79.1819], "dipPosition": [-6.12813, 499.491, 42.1379], "direction": [-0.0350175, 0.96179, -0.271539], "extended": true, "handId": 182, "id": 1821, "length": 53.8982, "mcpPosition": [-2.57144, 439.338, 53.9556], "pipPosition": [-5.3524, 478.185, 48.1532], "stabilizedTipPosition": [-1.76638, 507.992, 33.3293], "timeVisible": 9.34567, "tipPosition": [-3.28146, 508.816, 32.7084], "tipVelocity": [-32.2109, 4.31331, 28.8429], "tool": false, "touchDistance": 0.333738, "touchZone": "hovering", "type": 1, "width": 16.6644}, {"bases": [[[0.898853, -0.219371, -0.379395], [0.4355, 0.350257, 0.829253], [-0.049028, -0.910602, 0.410366]], [[0.900187, -0.1675, -0.402004], [0.426746, 0.155074, 0.890977], [-0.0868979, -0.973599, 0.211075]], [[0.900187, -0.1675, -0.402004], [0.431413, 0.216742, 0.875732], [-0.0595537, -0.961752, 0.267369]], [[0.900187, -0.1675, -0.402004], [0.431998, 0.460326, 0.77555], [0.0551489, -0.871805, 0.486739]]], "btipPosition": [-26.8186, 519.104, 26.1937], "carpPosition": [-19.2368, 377.681, 77.1573], "dipPosition": [-27.7685, 504.089, 34.5769], "direction": [-0.0595537, 0.961752, -0.267369], "extended": true, "handId": 182, "id": 1822, "length": 61.4127, "mcpPosition": [-22.3775, 436.013, 50.8698], "pipPosition": [-26.2163, 479.023, 41.5452], "stabilizedTipPosition": [-28.7626, 513.367, 27.5334], "timeVisible": 9.34567, "tipPosition": [-29.6459, 514.907, 25.9504], "tipVelocity": [6.85653, 0.756971, 12.0813], "tool": false, "touchDistance": 0.333496, "touchZone": "hovering", "type": 2, "width": 16.3667}, {"bases": [[[0.846436, -0.376758, -0.376297], [0.496821, 0.304483, 0.812686], [-0.19161, -0.874839, 0.444906]], [[0.858436, -0.309991, -0.408647], [0.458663, 0.107299, 0.882108], [-0.229599, -0.944665, 0.234291]], [[0.858436, -0.309991, -0.408647], [0.490259, 0.261693, 0.831362], [-0.150775, -0.914014, 0.376623]], [[0.858436, -0.309991, -0.408647], [0.511678, 0.462126, 0.724311], [-0.0356837, -0.83087, 0.555321]]], "btipPosition": [-54.5843, 502.628, 19.0211], "carpPosition": [-29.7229, 376.194, 73.2752], "dipPosition": [-53.9732, 488.4, 28.5305], "direction": [-0.150775, 0.914014, -0.376623], "extended": true, "handId": 182, "id": 1823, "length": 59.0499, "mcpPosition": [-40.7431, 426.51, 47.6869], "pipPosition": [-50.1451, 465.194, 38.0927], "stabilizedTipPosition": [-50.6729, 499.113, 25.4432], "timeVisible": 9.34567, "tipPosition": [-54.5746, 499.805, 21.8938], "tipVelocity": [-8.79691, -0.364996, 10.7408], "tool": false, "touchDistance": 0.333476, "touchZone": "hovering", "type": 3, "width": 15.5739}, {"bases": [[[0.724768, -0.520574, -0.451346], [0.603531, 0.163682, 0.780358], [-0.332357, -0.83798, 0.432815]], [[0.739806, -0.479984, -0.47149], [0.543505, 0.0132629, 0.839301], [-0.396597, -0.877177, 0.270686]], [[0.739806, -0.479984, -0.47149], [0.618811, 0.210312, 0.756863], [-0.264122, -0.851695, 0.45261]], [[0.739806, -0.479984, -0.47149], [0.664815, 0.413712, 0.621983], [-0.10348, -0.7736, 0.625167]]], "btipPosition": [-74.7997, 470.931, 15.0672], "carpPosition": [-37.8829, 370.401, 64.8723], "dipPosition": [-73.1649, 458.709, 24.9435], "direction": [-0.264122, 0.851695, -0.45261], "extended": true, "handId": 182, "id": 1824, "length": 46.294, "mcpPosition": [-55.5776, 415.015, 41.8292], "pipPosition": [-68.4303, 443.442, 33.057], "stabilizedTipPosition": [-70.6961, 468.576, 19.5153], "timeVisible": 9.34567, "tipPosition": [-73.9179, 468.785, 17.7448], "tipVelocity": [-12.5636, 0.156598, 14.7001], "tool": false, "touchDistance": 0.333534, "touchZone": "hovering", "type": 4, "width": 13.834}], "r": [[-0.331893, -0.077577, 0.940122], [0.903221, -0.31361, 0.292987], [0.272103, 0.946378, 0.174154]], "s": 1.21773, "t": [-1.73852, 256.043, -47.3512], "timestamp": 630314337929}, {"currentFrameRate": 54.2636, "devices": [], "gestures": [], "hands": [{"armBasis": [[0.792295, 0.051904, -0.607926], [0.287762, 0.84681, 0.447332], [0.538016, -0.529357, 0.655987]], "armWidth": 55.9977, "confidence": 1, "direction": [-0.12122, 0.950787, -0.285147], "elbow": [-160.929, 217.174, 241.919], "grabAngle": 0.200491, "grabStrength": 0, "id": 182, "palmNormal": [0.28701, -0.241423, -0.927006], "palmPosition": [-21.1883, 412.23, 52.8334], "palmVelocity": [-5.3199, -19.969, -11.8117], "palmWidth": 83.544, "pinchDistance": 75.6134, "pinchStrength": 0, "r": [[-0.33119, -0.076935, 0.940423], [0.903334, -0.313778, 0.292458], [0.272583, 0.946374, 0.173418]], "s": 1.21815, "sphereCenter": [-13.535, 482.076, 113.842], "sphereRadius": 96.7724, "stabilizedPalmPosition": [-20.6655, 411.736, 52.8922], "t": [1.65963, 255.846, -47.4296], "timeVisible": 9.36374, "type": "left", "wrist": [-27.5521, 348.404, 79.2962]}], "id": 59761, "interactionBox": {"center": [0, 200, 0], "size": [235.247, 235.247, 147.751]}, "pointables": [{"bases": [[[0.662732, 0.323315, 0.675466], [-0.68369, -0.106791, 0.721917], [0.30554, -0.940246, 0.150274]], [[0.466247, 0.697095, 0.544677], [-0.763163, 0.00553916, 0.646183], [0.447433, -0.716958, 0.534579]], [[0.466247, 0.697095, 0.544677], [-0.847159, 0.174472, 0.501878], [0.254826, -0.695427, 0.671897]], [[0.466247, 0.697095, 0.544677], [-0.874418, 0.269753, 0.403269], [0.134188, -0.664298, 0.735324]]], "btipPosition": [36.4806, 433.23, 5.75345], "carpPosition": [5.13213, 364.389, 67.0235], "dipPosition": [33.6023, 418.981, 21.526], "direction": [0.254826, 0.695427, -0.671897], "extended": false, "handId": 182, "id": 1820, "length": 47.7656, "mcpPosition": [5.13213, 364.389, 67.0235], "pipPosition": [25.6392, 397.249, 42.5223], "stabilizedTipPosition": [34.485, 430.214, 9.72673], "timeVisible": 9.36374, "tipPosition": [33.3317, 430.588, 9.40203], "tipVelocity": [5.49282, -25.4765, -9.1967], "tool": false, "touchDistance": 0.333202, "touchZone": "hovering", "type": 0, "width": 17.446}, {"bases": [[[0.95709, -0.0318152, -0.288038], [0.277894, 0.382627, 0.88