{"frames": 64, "data": [{"currentFrameRate": 55.2522, "devices": [], "gestures": [], "hands": [{"armBasis": [[0.736337, -0.00304131, -0.676609], [0.290383, 0.904635, 0.31195], [0.611135, -0.426175, 0.666999]], "armWidth": 55.9977, "confidence": 1, "direction": [0.295878, 0.849794, -0.436241], "elbow": [-62.5719, 99.0189, 262.877], "grabAngle": 0, "grabStrength": 0, "id": 190, "palmNormal": [0.540017, -0.525513, -0.657432], "palmPosition": [120.651, 258.22, 66.1635], "palmVelocity": [-6.70629, -6.42518, -5.31186], "palmWidth": 83.544, "pinchDistance": 50.4814, "pinchStrength": 0, "r": [[-0.23236, -0.477095, 0.847578], [0.0854171, 0.858053, 0.506408], [-0.968872, 0.190067, -0.158625]], "s": 0.826501, "sphereCenter": [53.8007, 360.748, 101.366], "sphereRadius": 127.368, "stabilizedPalmPosition": [121.668, 258.842, 67.8152], "t": [-8.96783, 60.9859, -78.9602], "timeVisible": 0.92194, "type": "left", "wrist": [88.9316, 204.67, 97.5249]}], "id": 63005, "interactionBox": {"center": [0, 200, 0], "size": [235.247, 235.247, 147.751]}, "pointables": [{"bases": [[[0.742333, 0.619334, 0.255671], [-0.277149, -0.0635844, 0.958721], [0.610025, -0.782549, 0.124447]], [[0.697267, 0.673198, 0.246216], [-0.224241, -0.121392, 0.966944], [0.680833, -0.72943, 0.0663156]], [[0.697267, 0.673198, 0.246216], [-0.514929, 0.23146, 0.825393], [0.498664, -0.702304, 0.508039]], [[0.697267, 0.673198, 0.246216], [-0.657848, 0.464552, 0.592813], [0.284701, -0.575322, 0.766779]]], "btipPosition": [176.268, 278.795, 61.671], "carpPosition": [123.374, 211.077, 97.0336], "dipPosition": [170.161, 266.455, 78.1183], "direction": [0.498664, 0.702304, -0.508039], "extended": true, "handId": 190, "id": 1900, "length": 47.7656, "mcpPosition": [123.374, 211.077, 97.0336], "pipPosition": [154.578, 244.508, 93.9942], "stabilizedTipPosition": [175.624, 276.18, 65.7655], "timeVisible": 0.92194, "tipPosition": [175.127, 273.947, 61.4], "tipVelocity": [-7.40322, -8.98982, -8.51847], "tool": false, "touchDistance": 0.333203, "touchZone": "hovering", "type": 0, "width": 17.446}, {"bases": [[[0.696809, -0.112513, -0.708377], [0.598137, 0.636201, 0.48732], [0.395841, -0.763275, 0.510609]], [[0.709485, -0.137625, -0.691152], [0.615461, 0.598736, 0.512564], [0.343276, -0.789034, 0.509497]], [[0.709485, -0.137625, -0.691152], [0.615461, 0.598736, 0.512564], [0.343276, -0.789034, 0.509497]], [[0.709485, -0.137625, -0.691152], [0.60933, 0.612519, 0.503525], [0.354046, -0.778383, 0.518432]]], "btipPosition": [157.719, 348.839, 15.6961], "carpPosition": [102.153, 231.117, 93.1207], "dipPosition": [151.621, 335.432, 24.6251], "direction": [0.343276, 0.789034, -0.509497], "extended": true, "handId": 190, "id": 1902, "length": 61.4127, "mcpPosition": [127.51, 280.012, 60.4117], "pipPosition": [142.675, 314.868, 37.9039], "stabilizedTipPosition": [157.992, 346.549, 20.1158], "timeVisible": 0.92194, "tipPosition": [158.515, 345.102, 19.2222], "tipVelocity": [-3.93386, -10.5214, -10.35], "tool": false, "touchDistance": 0.330372, "touchZone": "hovering", "type": 2, "width": 16.3667}, {"bases": [[[0.700379, -0.271246, -0.660223], [0.658706, 0.601881, 0.451493], [0.27491, -0.751109, 0.600217]], [[0.666365, -0.188034, -0.721527], [0.677176, 0.557632, 0.480082], [0.312075, -0.808511, 0.498919]], [[0.666365, -0.188034, -0.721527], [0.677176, 0.557632, 0.480082], [0.312075, -0.808511, 0.498919]], [[0.666365, -0.188034, -0.721527], [0.668898, 0.578308, 0.467049], [0.329444, -0.793853, 0.51114]]], "btipPosition": [136.291, 341.384, 8.81627], "carpPosition": [94.1352, 230.955, 85.1878], "dipPosition": [130.649, 327.79, 17.5692], "direction": [0.312075, 0.808511, -0.498919], "extended": true, "handId": 190, "id": 1903, "length": 59.0499, "mcpPosition": [109.946, 274.154, 50.667], "pipPosition": [122.726, 307.263, 30.2364], "stabilizedTipPosition": [138.004, 340.311, 15.6352], "timeVisible": 0.92194, "tipPosition": [134.576, 335.055, 7.03217], "tipVelocity": [-1.90835, -10.8502, -9.74817], "tool": false, "touchDistance": 0.319376, "touchZone": "hovering", "type": 3, "width": 15.5739}, {"bases": [[[0.60896, -0.45205, -0.65178], [0.781304, 0.483626, 0.39455], [0.136862, -0.749504, 0.647698]], [[0.565536, -0.281096, -0.775341], [0.794872, 0.436425, 0.421559], [0.21988, -0.854704, 0.470249]], [[0.565536, -0.281096, -0.775341], [0.792128, 0.44683, 0.415785], [0.22957, -0.849311, 0.475362]], [[0.565536, -0.281096, -0.775341], [0.784844, 0.47224, 0.40126], [0.253355, -0.835449, 0.487685]]], "btipPosition": [111.138, 321.101, 8.9607], "carpPosition": [88.6083, 225.075, 74.9095], "dipPosition": [107.136, 307.902, 16.6651], "direction": [0.22957, 0.849311, -0.475362], "extended": true, "handId": 190, "id": 1904, "length": 46.294, "mcpPosition": [95.8948, 264.979, 40.426], "pipPosition": [103.021, 292.678, 25.1864], "stabilizedTipPosition": [110.995, 318.352, 11.4408], "timeVisible": 0.92194, "tipPosition": [114.014, 312.576, 8.16618], "tipVelocity": [-2.61282, -9.32622, -8.03969], "tool": false, "touchDistance": 0.318095, "touchZone": "hovering", "type": 4, "width": 13.834}, {"bases": [[[0.727068, 0.102207, -0.678915], [0.47115, 0.644991, 0.601668], [0.499389, -0.757324, 0.420798]], [[0.817478, -0.0631107, -0.572491], [0.473528, 0.63948, 0.60567], [0.327872, -0.766213, 0.552646]], [[0.817478, -0.0631107, -0.572491], [0.469384, 0.649028, 0.5987], [0.333779, -0.758142, 0.56019]], [[0.817478, -0.0631107, -0.572491], [0.457211, 0.675591, 0.57839], [0.350268, -0.73457, 0.581136]]], "btipPosition": [170.273, 338.181, 28.3056], "carpPosition": [110.751, 228.556, 100.001], "dipPosition": [164.788, 326.678, 37.4058], "direction": [0.333779, 0.758142, -0.56019], "extended": true, "handId": 190, "id": 1901, "length": 53.8982, "mcpPosition": [144.484, 279.713, 71.5763], "pipPosition": [157.394, 309.883, 49.8154], "stabilizedTipPosition": [170.379, 335.831, 31.5411], "timeVisible": 0.92194, "tipPosition": [171.769, 334.009, 31.45], "tipVelocity": [-2.13855, -12.832, -11.8143], "tool": false, "touchDistance": 0.333158, "touchZone": "hovering", "type": 1, "width": 16.6644}], "r": [[-0.23236, -0.477095, 0.847578], [0.0854171, 0.858053, 0.506408], [-0.968872, 0.190067, -0.158625]], "s": 0.826501, "t": [8.96783, 60.9859, -78.9602], "timestamp": 630374931110}, {"currentFrameRate": 55.2599, "devices": [], "gestures": [], "hands": [{"armBasis": [[0.736598, -0.00331777, -0.676323], [0.290484, 0.904608, 0.311935], [0.610772, -0.426231, 0.667296]], "armWidth": 55.9977, "confidence": 1, "direction": [0.296081, 0.84976, -0.436169], "elbow": [-62.6338, 98.822, 262.85], "grabAngle": 0, "grabStrength": 0, "id": 190, "palmNormal": [0.540183, -0.525571, -0.657249], "palmPosition": [120.506, 258.034, 66.0668], "palmVelocity": [-7.99166, -10.2658, -5.35432], "palmWidth": 83.544, "pinchDistance": 50.1445, "pinchStrength": 0, "r": [[-0.232153, -0.476852, 0.847772], [0.0858904, 0.85813, 0.506198], [-0.96888, 0.190331, -0.158261]], "s": 0.826287, "sphereCenter": [55.01, 359.011, 99.7625], "sphereRadius": 125.082, "stabilizedPalmPosition": [121.648, 258.827, 67.7839], "t": [-9.10046, 60.8518, -79.0389], "timeVisible": 0.94001, "type": "left", "wrist": [88.7798, 204.487, 97.424]}], "id": 63006, "interactionBox": {"center": [0, 200, 0], "size": [235.247, 235.247, 147.751]}, "pointables": [{"bases": [[[0.742365, 0.619398, 0.255422], [-0.276843, -0.0635824, 0.958809], [0.610125, -0.782498, 0.124275]], [[0.697103, 0.67347, 0.245939], [-0.224118, -0.121149, 0.967003], [0.681042, -0.72922, 0.066483]], [[0.697103, 0.67347, 0.245939], [-0.51514, 0.231891, 0.825141], [0.498676, -0.701901, 0.508583]], [[0.697103, 0.67347, 0.245939], [-0.658254, 0.465227, 0.591832], [0.284164, -0.574459, 0.767625]]], "btipPosition": [176.108, 278.57, 61.5335], "carpPosition": [123.216, 210.892, 96.9389], "dipPosition": [170.013, 266.248, 77.9989], "direction": [0.498676, 0.701901, -0.508583], "extended": true, "handId": 190, "id": 1900, "length": 47.7656, "mcpPosition": [123.216, 210.892, 96.9389], "pipPosition": [154.43, 244.314, 93.8918], "stabilizedTipPosition": [175.542, 276.14, 65.7259], "timeVisible": 0.94001, "tipPosition": [174.984, 273.765, 61.3369], "tipVelocity": [-8.67303, -12.2538, -7.38238], "tool": false, "touchDistance": 0.333216, "touchZone": "hovering", "type": 0, "width": 17.446}, {"bases": [[[0.696595, -0.112476, -0.708594], [0.598241, 0.63626, 0.487116], [0.396061, -0.763232, 0.510503]], [[0.709376, -0.137785, -0.691232], [0.615231, 0.59957, 0.511866], [0.343914, -0.788372, 0.51009]], [[0.709376, -0.137785, -0.691232], [0.615231, 0.59957, 0.511866], [0.343914, -0.788372, 0.51009]], [[0.709376, -0.137785, -0.691232], [0.609265, 0.612953, 0.503075], [0.354376, -0.778012, 0.518762]]], "btipPosition": [157.629, 348.6, 15.5536], "carpPosition": [101.998, 230.934, 93.0187], "dipPosition": [151.525, 335.2, 24.4884], "direction": [0.343914, 0.788372, -0.51009], "extended": true, "handId": 190, "id": 1902, "length": 61.4127, "mcpPosition": [127.369, 279.825, 60.3166], "pipPosition": [142.562, 314.653, 37.7826], "stabilizedTipPosition": [157.971, 346.537, 20.0871], "timeVisible": 0.94001, "tipPosition": [158.381, 344.916, 19.1273], "tipVelocity": [-5.07463, -13.1453, -7.81137], "tool": false, "touchDistance": 0.32802, "touchZone": "hovering", "type": 2, "width": 16.3667}, {"bases": [[[0.700193, -0.271208, -0.660437], [0.658801, 0.601944, 0.451271], [0.275158, -0.751073, 0.600148]], [[0.666133, -0.187957, -0.721761], [0.677082, 0.558223, 0.479528], [0.312772, -0.808121, 0.499113]], [[0.666133, -0.187957, -0.721761], [0.677082, 0.558223, 0.479528], [0.312772, -0.808121, 0.499113]], [[0.666133, -0.187957, -0.721761], [0.668884, 0.578653, 0.466642], [0.329941, -0.79362, 0.511182]]], "btipPosition": [136.207, 341.169, 8.70215], "carpPosition": [93.9827, 230.772, 85.0834], "dipPosition": [130.557, 327.579, 17.4557], "direction": [0.312772, 0.808121, -0.499113], "extended": true, "handId": 190, "id": 1903, "length": 59.0499, "mcpPosition": [109.808, 273.969, 50.5664], "pipPosition": [122.616, 307.062, 30.1279], "stabilizedTipPosition": [138.004, 340.311, 15.6352], "timeVisible": 0.94001, "tipPosition": [134.457, 334.877, 6.95], "tipVelocity": [-4.72892, -11.8418, -6.30643], "tool": false, "touchDistance": 0.317477, "touchZone": "hovering", "type": 3, "width": 15.5739}, {"bases": [[[0.60879, -0.452019, -0.651961], [0.781391, 0.483697, 0.394292], [0.137124, -0.749477, 0.647673]], [[0.565234, -0.280819, -0.775662], [0.794849, 0.437002, 0.421004], [0.22074, -0.8545, 0.470217]], [[0.565234, -0.280819, -0.775662], [0.792178, 0.447094, 0.415405], [0.23014, -0.849263, 0.475171]], [[0.565234, -0.280819, -0.775662], [0.784974, 0.472183, 0.401072], [0.253626, -0.835574, 0.487329]]], "btipPosition": [111.045, 320.911, 8.86609], "carpPosition": [88.4586, 224.893, 74.8034], "dipPosition": [107.038, 307.711, 16.5648], "direction": [0.23014, 0.849263, -0.475171], "extended": true, "handId": 190, "id": 1904, "length": 46.294, "mcpPosition": [95.7591, 264.795, 40.3212], "pipPosition": [102.913, 292.487, 25.0828], "stabilizedTipPosition": [110.9, 318.3, 11.3531], "timeVisible": 0.94001, "tipPosition": [113.885, 312.4, 8.07093], "tipVelocity": [-5.22352, -10.5226, -5.30728], "tool": false, "touchDistance": 0.316497, "touchZone": "hovering", "type": 4, "width": 13.834}, {"bases": [[[0.726847, 0.102247, -0.679146], [0.47129, 0.645042, 0.601503], [0.49958, -0.757275, 0.420659]], [[0.81734, -0.063146, -0.572685], [0.473143, 0.640756, 0.604621], [0.328772, -0.765143, 0.553593]], [[0.81734, -0.063146, -0.572685], [0.468889, 0.650513, 0.597474], [0.334811, -0.756865, 0.561299]], [[0.81734, -0.063146, -0.572685], [0.456858, 0.676658, 0.577421], [0.35105, -0.733585, 0.581908]]], "btipPosition": [170.199, 337.908, 28.1419], "carpPosition": [110.593, 228.372, 99.9017], "dipPosition": [164.702, 326.42, 37.2541], "direction": [0.334811, 0.756865, -0.561299], "extended": true, "handId": 190, "id": 1901, "length": 53.8982, "mcpPosition": [144.339, 279.526, 71.4865], "pipPosition": [157.285, 309.654, 49.6884], "stabilizedTipPosition": [170.34, 335.815, 31.5061], "timeVisible": 0.94001, "tipPosition": [171.62, 333.83, 31.3583], "tipVelocity": [-4.24525, -14.9156, -8.90776], "tool": false, "touchDistance": 0.33319, "touchZone": "hovering", "type": 1, "width": 16.6644}], "r": [[-0.232153, -0.476852, 0.847772], [0.0858904, 0.85813, 0.506198], [-0.96888, 0.190331, -0.158261]], "s": 0.826287, "t": [9.10046, 60.8518, -79.0389], "timestamp": 630374949180}, {"currentFrameRate": 55.2671, "devices": [], "gestures": [], "hands": [{"armBasis": [[0.736745, -0.00353915, -0.676162], [0.290563, 0.904608, 0.311862], [0.610558, -0.42623, 0.667493]], "armWidth": 55.9977, "confidence": 1, "direction": [0.296062, 0.84941, -0.436864], "elbow": [-62.6686, 98.7068, 262.85], "grabAngle": 0, "grabStrength": 0, "id": 190, "palmNormal": [0.539862, -0.526114, -0.657079], "palmPosition": [120.414, 257.896, 65.9738], "palmVelocity": [-5.08827, -7.62828, -5.14494], "palmWidth": 83.544, "pinchDistance": 49.9986, "pinchStrength": 0, "r": [[-0.232034, -0.476547, 0.847976], [0.0862049, 0.858264, 0.505917], [-0.96888, 0.190489, -0.158065]], "s": 0.826103, "sphereCenter": [55.7101, 357.941, 98.6647], "sphereRadius": 123.695, "stabilizedPalmPosition": [121.628, 258.812, 67.7549], "t": [-9.21275, 60.7157, -79.1247], "timeVisible": 0.958079, "type": "left", "wrist": [88.6917, 204.371, 97.3752]}], "id": 63007, "interactionBox": {"center": [0, 200, 0], "size": [235.247, 235.247, 147.751]}, "pointables": [{"bases": [[[0.742173, 0.619695, 0.255259], [-0.277177, -0.0629626, 0.958754], [0.610207, -0.782313, 0.125036]], [[0.697033, 0.673611, 0.24575], [-0.22416, -0.120843, 0.967031], [0.6811, -0.72914, 0.0667644]], [[0.697033, 0.673611, 0.24575], [-0.515219, 0.232146, 0.82502], [0.498693, -0.701682, 0.50887]], [[0.697033, 0.673611, 0.24575], [-0.658296, 0.465311, 0.59172], [0.284239, -0.574225, 0.767772]]], "btipPosition": [176.025, 278.437, 61.4472], "carpPosition": [123.127, 210.775, 96.8776], "dipPosition": [169.928, 266.12, 77.9158], "direction": [0.498693, 0.701681, -0.50887], "extended": true, "handId": 190, "id": 1900, "length": 47.7656, "mcpPosition": [123.127, 210.775, 96.8776], "pipPosition": [154.344, 244.193, 93.8176], "stabilizedTipPosition": [175.468, 276.097, 65.6862], "timeVisible": 0.958079, "tipPosition": [174.892, 273.621, 61.2249], "tipVelocity": [-4.65236, -7.26343, -4.73515], "tool": false, "touchDistance": 0.333256, "touchZone": "hovering", "type": 0, "width": 17.446}, {"bases": [[[0.696867, -0.112855, -0.708265], [0.597963, 0.636694, 0.486889], [0.396001, -0.762814, 0.511174]], [[0.709798, -0.138459, -0.690664], [0.614728, 0.600506, 0.511374], [0.343943, -0.787542, 0.511352]], [[0.709798, -0.138459, -0.690664], [0.614728, 0.600506, 0.511374], [0.343943, -0.787542, 0.511352]], [[0.709798, -0.138459, -0.690664], [0.60886, 0.613657, 0.502707], [0.354226, -0.777338, 0.519874]]], "btipPosition": [157.538, 348.387, 15.3353], "carpPosition": [101.911, 230.818, 92.9512], "dipPosition": [151.437, 334.999, 24.2892], "direction": [0.343943, 0.787542, -0.511352], "extended": true, "handId": 190, "id": 1902, "length": 61.4127, "mcpPosition": [127.278, 279.682, 60.2061], "pipPosition": [142.473, 314.473, 37.6163], "stabilizedTipPosition": [157.953, 346.525, 20.0607], "timeVisible": 0.958079, "tipPosition": [158.278, 344.742, 18.9545], "tipVelocity": [-5.00573, -11.6337, -11.8385], "tool": false, "touchDistance": 0.324455, "touchZone": "hovering", "type": 2, "width": 16.3667}, {"bases": [[[0.700474, -0.271552, -0.659997], [0.658542, 0.602363, 0.45109], [0.275063, -0.750612, 0.600768]], [[0.666458, -0.188427, -0.721338], [0.676684, 0.559007, 0.479177], [0.312943, -0.807469, 0.50006]], [[0.666458, -0.188427, -0.721338], [0.676684, 0.559007, 0.479177], [0.312943, -0.807469, 0.50006]], [[0.666458, -0.188427, -0.721338], [0.668506, 0.579361, 0.466305], [0.33005, -0.792992, 0.512084]]], "btipPosition": [136.125, 340.969, 8.5237], "carpPosition": [93.8932, 230.652, 85.0188], "dipPosition": [130.473, 327.389, 17.2927], "direction": [0.312943, 0.807469, -0.50006], "extended": true, "handId": 190, "id": 1903, "length": 59.0499, "mcpPosition": [109.713, 273.822, 50.4663], "pipPosition": [122.528, 306.888, 29.989], "stabilizedTipPosition": [138.004, 340.311, 15.6352], "timeVisible": 0.958079, "tipPosition": [134.358, 334.703, 6.80714], "tipVelocity": [-4.54781, -10.9784, -9.67941], "tool": false, "touchDistance": 0.314562, "touchZone": "hovering", "type": 3, "width": 15.5739}, {"bases": [[[0.609098, -0.452372, -0.651429], [0.781171, 0.484097, 0.394237], [0.137012, -0.749006, 0.648242]], [[0.565509, -0.281112, -0.775355], [0.794539, 0.437782, 0.420779], [0.221151, -0.854004, 0.470924]], [[0.565509, -0.281112, -0.775355], [0.792055, 0.447161, 0.415567], [0.229888, -0.849131, 0.47553]], [[0.565509, -0.281112, -0.775355], [0.784967, 0.471889, 0.401432], [0.253034, -0.835642, 0.487521]]], "btipPosition": [110.944, 320.742, 8.74497], "carpPosition": [88.3644, 224.766, 74.7449], "dipPosition": [106.947, 307.541, 16.4467], "direction": [0.229888, 0.849131, -0.47553], "extended": true, "handId": 190, "id": 1904, "length": 46.294, "mcpPosition": [95.659, 264.643, 40.2325], "pipPosition": [102.826, 292.319, 24.9711], "stabilizedTipPosition": [110.812, 318.24, 11.2692], "timeVisible": 0.958079, "tipPosition": [113.778, 312.228, 7.94476], "tipVelocity": [-5.45144, -9.36924, -6.6648], "tool": false, "touchDistance": 0.31449, "touchZone": "hovering", "type": 4, "width": 13.834}, {"bases": [[[0.727074, 0.101894, -0.678956], [0.470969, 0.645535, 0.601225], [0.499551, -0.756903, 0.421363]], [[0.81764, -0.0636048, -0.572205], [0.47254, 0.641905, 0.603874], [0.328892, -0.764142, 0.554903]], [[0.81764, -0.0636048, -0.572205], [0.468281, 0.651658, 0.596703], [0.334929, -0.755841, 0.562607]], [[0.81764, -0.0636048, -0.572205], [0.456341, 0.677569, 0.576761], [0.351024, -0.732704, 0.583033]]], "btipPosition": [170.12, 337.694, 27.9273], "carpPosition": [110.509, 228.26, 99.8329], "dipPosition": [164.623, 326.22, 37.0571], "direction": [0.334929, 0.755841, -0.562607], "extended": true, "handId": 190, "id": 1901, "length": 53.8982, "mcpPosition": [144.253, 279.388, 71.3701], "pipPosition": [157.203, 309.477, 49.5204], "stabilizedTipPosition": [170.307, 335.799, 31.4732], "timeVisible": 0.958079, "tipPosition": [171.516, 333.666, 31.1896], "tipVelocity": [-4.40016, -11.6593, -11.6524], "tool": false, "touchDistance": 0.333151, "touchZone": "hovering", "type": 1, "width": 16.6644}], "r": [[-0.232034, -0.476547, 0.847976], [0.0862049, 0.858264, 0.505917], [-0.96888, 0.190489, -0.158065]], "s": 0.826103, "t": [9.21275, 60.7157, -79.1247], "timestamp": 630374967249}, {"currentFrameRate": 55.2599, "devices": [], "gestures": [], "hands": [{"armBasis": [[0.736546, -0.00519476, -0.676368], [0.291421, 0.904834, 0.3104], [0.610388, -0.425732, 0.667966]], "armWidth": 55.9977, "confidence": 1, "direction": [0.295987, 0.848716, -0.438261], "elbow": [-62.7451, 98.5616, 262.895], "grabAngle": 0, "grabStrength": 0, "id": 190, "palmNormal": [0.54048, -0.527116, -0.655767], "palmPosition": [120.288, 257.586, 65.8223], "palmVelocity": [-6.95124, -17.1198, -8.36197], "palmWidth": 83.544, "pinchDistance": 49.8185, "pinchStrength": 0, "r": [[-0.231872, -0.475969, 0.848345], [0.0865883, 0.858552, 0.505362], [-0.968885, 0.190636, -0.157861]], "s": 0.826151, "sphereCenter": [55.6956, 357.386, 97.9897], "sphereRadius": 123.311, "stabilizedPalmPosition": [121.607, 258.793, 67.7244], "t": [-9.33188, 60.4926, -79.2433], "timeVisible": 0.9762, "type": "left", "wrist": [88.5732, 204.103, 97.3033]}], "id": 63008, "interactionBox": {"center": [0, 200, 0], "size": [235.247, 235.247, 147.751]}, "pointables": [{"bases": [[[0.742581, 0.619867, 0.25365], [-0.276612, -0.0610666, 0.959039], [0.609967, -0.782327, 0.126116]], [[0.697429, 0.673815, 0.244062], [-0.22315, -0.119444, 0.967438], [0.681027, -0.729182, 0.0670581]], [[0.697429, 0.673815, 0.244062], [-0.514535, 0.233747, 0.824994], [0.498845, -0.700953, 0.509724]], [[0.697429, 0.673815, 0.244062], [-0.657859, 0.466852, 0.590991], [0.284278, -0.572733, 0.768871]]], "btipPosition": [175.901, 278.133, 61.3212], "carpPosition": [123.001, 210.523, 96.8153], "dipPosition": [169.803, 265.848, 77.8134], "direction": [0.498845, 0.700953, -0.509723], "extended": true, "handId": 190, "id": 1900, "length": 47.7656, "mcpPosition": [123.001, 210.523, 96.8153], "pipPosition": [154.215, 243.944, 93.7419], "stabilizedTipPosition": [175.39, 276.034, 65.6403], "timeVisible": 0.9762, "tipPosition": [174.762, 273.328, 61.0864], "tipVelocity": [-6.83441, -16.3926, -6.65213], "tool": false, "touchDistance": 0.333229, "touchZone": "hovering", "type": 0, "width": 17.446}, {"bases": [[[0.696385, -0.114455, -0.708482], [0.59852, 0.637356, 0.485336], [0.396006, -0.762022, 0.512349]], [[0.709526, -0.140459, -0.690539], [0.615292, 0.601153, 0.509933], [0.343495, -0.786693, 0.512957]], [[0.709526, -0.140459, -0.690539], [0.615292, 0.601153, 0.509933], [0.343495, -0.786693, 0.512957]], [[0.709526, -0.140459, -0.690539], [0.609493, 0.614155, 0.50133], [0.353681, -0.776585, 0.521368]]], "btipPosition": [157.365, 347.996, 15.009], "carpPosition": [101.78, 230.55, 92.8386], "dipPosition": [151.274, 334.621, 23.9886], "direction": [0.343495, 0.786693, -0.512957], "extended": true, "handId": 190, "id": 1902, "length": 61.4127, "mcpPosition": [127.147, 279.364, 60.0183], "pipPosition": [142.322, 314.118, 37.3576], "stabilizedTipPosition": [157.934, 346.509, 20.0314], "timeVisible": 0.9762, "tipPosition": [158.139, 344.361, 18.6597], "tipVelocity": [-9.38024, -21.4, -17.68], "tool": false, "touchDistance": 0.319115, "touchZone": "hovering", "type": 2, "width": 16.3667}, {"bases": [[[0.699957, -0.273064, -0.659921], [0.659063, 0.602933, 0.449563], [0.275129, -0.749605, 0.601994]], [[0.666098, -0.190397, -0.721153], [0.677304, 0.559327, 0.477925], [0.312365, -0.806785, 0.501523]], [[0.666098, -0.190397, -0.721153], [0.677304, 0.559327, 0.477925], [0.312365, -0.806785, 0.501523]], [[0.666098, -0.190397, -0.721153], [0.669164, 0.579609, 0.465051], [0.329443, -0.79234, 0.513483]]], "btipPosition": [135.954, 340.569, 8.21498], "carpPosition": [93.7665, 230.366, 84.9016], "dipPosition": [130.312, 327, 17.008], "direction": [0.312365, 0.806785, -0.501523], "extended": true, "handId": 190, "id": 1903, "length": 59.0499, "mcpPosition": [109.59, 273.479, 50.2786], "pipPosition": [122.382, 306.517, 29.7414], "stabilizedTipPosition": [138.004, 340.311, 15.6352], "timeVisible": 0.9762, "tipPosition": [134.238, 334.298, 6.53319], "tipVelocity": [-9.33831, -21.9313, -16.7325], "tool": false, "touchDistance": 0.309508, "touchZone": "hovering", "type": 3, "width": 15.5739}, {"bases": [[[0.608513, -0.453831, -0.65096], [0.781609, 0.484512, 0.392856], [0.137108, -0.747855, 0.64955]], [[0.565041, -0.28317, -0.774947], [0.795089, 0.437752, 0.41977], [0.220368, -0.85334, 0.472493]], [[0.565041, -0.28317, -0.774947], [0.792835, 0.446303, 0.415002], [0.228346, -0.848898, 0.476687]], [[0.565041, -0.28317, -0.774947], [0.785843, 0.470853, 0.400934], [0.251354, -0.835531, 0.488578]]], "btipPosition": [110.752, 320.346, 8.47742], "carpPosition": [88.2465, 224.459, 74.6353], "dipPosition": [106.781, 307.147, 16.1959], "direction": [0.228346, 0.848898, -0.476687], "extended": true, "handId": 190, "id": 1904, "length": 46.294, "mcpPosition": [95.5461, 264.275, 40.0532], "pipPosition": [102.688, 291.929, 24.741], "stabilizedTipPosition": [110.713, 318.146, 11.166], "timeVisible": 0.9762, "tipPosition": [113.647, 311.834, 7.70078], "tipVelocity": [-10.2808, -21.8105, -14.5526], "tool": false, "touchDistance": 0.310095, "touchZone": "hovering", "type": 4, "width": 13.834}, {"bases": [[[0.726697, 0.100335, -0.679591], [0.471601, 0.646461, 0.599734], [0.499504, -0.75632, 0.422463]], [[0.817309, -0.065109, -0.572509], [0.472992, 0.64325, 0.602086], [0.329065, -0.762883, 0.55653]], [[0.817309, -0.065109, -0.572509], [0.468654, 0.65316, 0.594765], [0.335216, -0.754416, 0.564347]], [[0.817309, -0.065109, -0.572509], [0.456852, 0.67871, 0.575012], [0.351129, -0.731515, 0.584461]]], "btipPosition": [169.996, 337.304, 27.6254], "carpPosition": [110.374, 228.008, 99.7303], "dipPosition": [164.498, 325.849, 36.7777], "direction": [0.335216, 0.754416, -0.564347], "extended": true, "handId": 190, "id": 1901, "length": 53.8982, "mcpPosition": [144.115, 279.097, 71.1933], "pipPosition": [157.072, 309.136, 49.2794], "stabilizedTipPosition": [170.273, 335.774, 31.4358], "timeVisible": 0.9762, "tipPosition": [171.373, 333.315, 30.9251], "tipVelocity": [-6.81798, -21.3035, -16.3729], "tool": false, "touchDistance": 0.333077, "touchZone": "hovering", "type": 1, "width": 16.6644}], "r": [[-0.231872, -0.475969, 0.848345], [0.0865883, 0.858552, 0.505362], [-0.968885, 0.190636, -0.157861]], "s": 0.826151, "t": [9.33188, 60.4926, -79.2433], "timestamp": 630374985370}, {"currentFrameRate": 55.2656, "devices": [], "gestures": [], "hands": [{"armBasis": [[0.736755, -0.00485863, -0.676142], [0.291018, 0.904894, 0.310604], [0.610328, -0.425609, 0.6681]], "armWidth": 55.9977, "confidence": 1, "direction": [0.29667, 0.84768, -0.439801], "elbow": [-62.8288, 98.4663, 262.912], "grabAngle": 0, "grabStrength": 0, "id": 190, "palmNormal": [0.539259, -0.528785, -0.655428], "palmPosition": [120.227, 257.386, 65.7116], "palmVelocity": [-3.40434, -11.0429, -6.12198], "palmWidth": 83.544, "pinchDistance": 49.7445, "pinchStrength": 0, "r": [[-0.231769, -0.475306, 0.848744], [0.086594, 0.858957, 0.504672], [-0.968909, 0.190463, -0.157921]], "s": 0.826388, "sphereCenter": [54.9848, 358.135, 98.5273], "sphereRadius": 124.532, "stabilizedPalmPosition": [121.587, 258.773, 67.6951], "t": [-9.42221, 60.2813, -79.358], "timeVisible": 0.994275, "type": "left", "wrist": [88.4745, 203.977, 97.2872]}], "id": 63009, "interactionBox": {"center": [0, 200, 0], "size": [235.247, 235.247, 147.751]}, "pointables": [{"bases": [[[0.741589, 0.621179, 0.253343], [-0.277357, -0.0599581, 0.958894], [0.610835, -0.781372, 0.127824]], [[0.69665, 0.674752, 0.243695], [-0.2233, -0.118868, 0.967475], [0.681774, -0.728409, 0.0678624]], [[0.69665, 0.674752, 0.243695], [-0.515133, 0.234062, 0.824532], [0.499315, -0.699946, 0.510647]], [[0.69665, 0.674752, 0.243695], [-0.658664, 0.466947, 0.590019], [0.284324, -0.57155, 0.769734]]], "btipPosition": [175.857, 277.885, 61.1954], "carpPosition": [122.908, 210.367, 96.7737], "dipPosition": [169.758, 265.625, 77.7061], "direction": [0.499315, 0.699946, -0.510647], "extended": true, "handId": 190, "id": 1900, "length": 47.7656, "mcpPosition": [122.908, 210.367, 96.7737], "pipPosition": [154.155, 243.752, 93.6634], "stabilizedTipPosition": [175.322, 275.962, 65.5927], "timeVisible": 0.994275, "tipPosition": [174.715, 273.062, 60.9237], "tipVelocity": [-2.43791, -13.4076, -6.72566], "tool": false, "touchDistance": 0.333227, "touchZone": "hovering", "type": 0, "width": 17.446}, {"bases": [[[0.697134, -0.114658, -0.707713], [0.597308, 0.638838, 0.48488], [0.396518, -0.760749, 0.513843]], [[0.710432, -0.140902, -0.689517], [0.614365, 0.602069, 0.509969], [0.343281, -0.785913, 0.514294]], [[0.710432, -0.140902, -0.689517], [0.614365, 0.602069, 0.509969], [0.343281, -0.785913, 0.514294]], [[0.710432, -0.140902, -0.689517], [0.608539, 0.615127, 0.501297], [0.353507, -0.775735, 0.52275]]], "btipPosition": [157.308, 347.71, 14.7417], "carpPosition": [101.707, 230.415, 92.7848], "dipPosition": [151.22, 334.349, 23.7451], "direction": [0.343281, 0.785913, -0.514294], "extended": true, "handId": 190, "id": 1902, "length": 61.4127, "mcpPosition": [127.108, 279.147, 59.8687], "pipPosition": [142.273, 313.866, 37.1489], "stabilizedTipPosition": [157.916, 346.493, 20.0035], "timeVisible": 0.994275, "tipPosition": [158.134, 344.045, 18.3776], "tipVelocity": [-3.13298, -15.6625, -14.4848], "tool": false, "touchDistance": 0.314751, "touchZone": "hovering", "type": 2, "width": 16.3667}, {"bases": [[[0.700862, -0.273189, -0.658908], [0.657924, 0.604438, 0.449211], [0.275549, -0.748347, 0.603365]], [[0.667034, -0.190837, -0.720171], [0.676524, 0.560032, 0.478205], [0.31206, -0.806192, 0.502666]], [[0.667034, -0.190837, -0.720171], [0.676524, 0.560032, 0.478205], [0.31206, -0.806192, 0.502666]], [[0.667034, -0.190837, -0.720171], [0.668358, 0.580379, 0.46525], [0.329185, -0.79167, 0.51468]]], "btipPosition": [135.874, 340.308, 7.99304], "carpPosition": [93.6874, 230.229, 84.8549], "dipPosition": [130.237, 326.751, 16.8065], "direction": [0.31206, 0.806192, -0.502666], "extended": true, "handId": 190, "id": 1903, "length": 59.0499, "mcpPosition": [109.535, 273.269, 50.153], "pipPosition": [122.314, 306.283, 29.5689], "stabilizedTipPosition": [138.004, 340.311, 15.6352], "timeVisible": 0.994275, "tipPosition": [134.224, 334.009, 6.31563], "tipVelocity": [-4.35036, -14.2759, -12.0178], "tool": false, "touchDistance": 0.305888, "touchZone": "hovering", "type": 3, "width": 15.5739}, {"bases": [[[0.609637, -0.454056, -0.649751], [0.780667, 0.486083, 0.392788], [0.137485, -0.746697, 0.650801]], [[0.566112, -0.283808, -0.773931], [0.794477, 0.438216, 0.420443], [0.219824, -0.852889, 0.473559]], [[0.566112, -0.283808, -0.773931], [0.792479, 0.445827, 0.416191], [0.226921, -0.848935, 0.4773]], [[0.566112, -0.283808, -0.773931], [0.785532, 0.470371, 0.402108], [0.249914, -0.835586, 0.489223]]], "btipPosition": [110.611, 320.126, 8.32208], "carpPosition": [88.1512, 224.313, 74.6023], "dipPosition": [106.663, 306.925, 16.0508], "direction": [0.226921, 0.848935, -0.4773], "extended": true, "handId": 190, "id": 1904, "length": 46.294, "mcpPosition": [95.4709, 264.067, 39.9536], "pipPosition": [102.595, 291.707, 24.6068], "stabilizedTipPosition": [110.617, 318.045, 11.0641], "timeVisible": 0.994275, "tipPosition": [113.573, 311.598, 7.53407], "tipVelocity": [-7.51878, -12.2285, -8.46439], "tool": false, "touchDistance": 0.307545, "touchZone": "hovering", "type": 4, "width": 13.834}, {"bases": [[[0.727153, 0.100213, -0.679121], [0.470279, 0.647959, 0.599155], [0.500086, -0.755054, 0.424037]], [[0.817879, -0.0649544, -0.571712], [0.471871, 0.644296, 0.601848], [0.329259, -0.762013, 0.557607]], [[0.817879, -0.0649544, -0.571712], [0.467543, 0.654164, 0.594536], [0.335376, -0.753558, 0.565397]], [[0.817879, -0.0649544, -0.571712], [0.455764, 0.679628, 0.574791], [0.351216, -0.730675, 0.585458]]], "btipPosition": [169.979, 337.016, 27.3805], "carpPosition": [110.304, 227.873, 99.673], "dipPosition": [164.479, 325.574, 36.5484], "direction": [0.335376, 0.753558, -0.565397], "extended": true, "handId": 190, "id": 1901, "length": 53.8982, "mcpPosition": [144.085, 278.876, 71.0296], "pipPosition": [157.05, 308.881, 49.0734], "stabilizedTipPosition": [170.244, 335.748, 31.399], "timeVisible": 0.994275, "tipPosition": [171.368, 333.003, 30.6523], "tipVelocity": [-0.988949, -15.7486, -13.3511], "tool": false, "touchDistance": 0.333119, "touchZone": "hovering", "type": 1, "width": 16.6644}], "r": [[-0.231769, -0.475306, 0.848744], [0.086594, 0.858957, 0.504672], [-0.968909, 0.190463, -0.157921]], "s": 0.826388, "t": [9.42221, 60.2813, -79.358], "timestamp": 630375003445}, {"currentFrameRate": 55.2667, "devices": [], "gestures": [], "hands": [{"armBasis": [[0.737507, -0.00327631, -0.675332], [0.289388, 0.905061, 0.31164], [0.610196, -0.42527, 0.668436]], "armWidth": 55.9977, "confidence": 1, "direction": [0.297539, 0.847676, -0.439223], "elbow": [-62.9315, 98.2452, 262.904], "grabAngle": 0, "grabStrength": 0, "id": 190, "palmNormal": [0.537952, -0.52893, -0.656385], "palmPosition": [120.141, 257.065, 65.6428], "palmVelocity": [-4.7491, -17.7762, -3.80636], "palmWidth": 83.544, "pinchDistance": 49.6099, "pinchStrength": 0, "r": [[-0.231688, -0.475008, 0.848933], [0.0862662, 0.859208, 0.504301], [-0.968958, 0.190075, -0.158091]], "s": 0.826753, "sphereCenter": [54.6206, 358.142, 98.7512], "sphereRadius": 124.992, "stabilizedPalmPosition": [121.564, 258.746, 67.6626], "t": [-9.51033, 60.0148, -79.4498], "timeVisible": 1.01236, "type": "left", "wrist": [88.339, 203.672, 97.1953]}], "id": 63010, "interactionBox": {"center": [0, 200, 0], "size": [235.247, 235.247, 147.751]}, "pointables": [{"bases": [[[0.740478, 0.622007, 0.254557], [-0.278058, -0.0612915, 0.958607], [0.611863, -0.780609, 0.127569]], [[0.696015, 0.67492, 0.245043], [-0.22312, -0.121082, 0.967242], [0.682481, -0.727889, 0.0663126]], [[0.696015, 0.67492, 0.245043], [-0.515316, 0.231877, 0.825035], [0.500013, -0.700511, 0.509187]], [[0.696015, 0.67492, 0.245043], [-0.65911, 0.465163, 0.590929], [0.284845, -0.572806, 0.768607]]], "btipPosition": [175.794, 277.55, 61.2195], "carpPosition": [122.779, 210.012, 96.657], "dipPosition": [169.684, 265.263, 77.706], "direction": [0.500013, 0.700511, -0.509187], "extended": true, "handId": 190, "id": 1900, "length": 47.7656, "mcpPosition": [122.779, 210.012, 96.657], "pipPosition": [154.059, 243.373, 93.6177], "stabilizedTipPosition": [175.249, 275.866, 65.5473], "timeVisible": 1.01236, "tipPosition": [174.646, 272.684, 60.8609], "tipVelocity": [-3.63498, -18.8496, 1.02637], "tool": false, "touchDistance": 0.333342, "touchZone": "hovering", "type": 0, "width": 17.446}, {"bases": [[[0.697882, -0.11296, -0.707249], [0.595981, 0.639233, 0.485991], [0.397199, -0.760672, 0.513431]], [[0.711498, -0.139803, -0.68864], [0.613189, 0.602139, 0.511301], [0.343176, -0.786056, 0.514146]], [[0.711498, -0.139803, -0.68864], [0.613189, 0.602139, 0.511301], [0.343176, -0.786056, 0.514146]], [[0.711498, -0.139803, -0.68864], [0.607364, 0.615201, 0.50263], [0.353383, -0.775876, 0.522625]]], "btipPosition": [157.239, 347.396, 14.7009], "carpPosition": [101.605, 230.094, 92.705], "dipPosition": [151.153, 334.033, 23.7021], "direction": [0.343176, 0.786056, -0.514146], "extended": true, "handId": 190, "id": 1902, "length": 61.4127, "mcpPosition": [127.049, 278.821, 59.8153], "pipPosition": [142.209, 313.547, 37.1021], "stabilizedTipPosition": [157.891, 346.467, 19.9648], "timeVisible": 1.01236, "tipPosition": [158.124, 343.717, 18.3536], "tipVelocity": [-3.76914, -17.3579, -2.2855], "tool": false, "touchDistance": 0.314062, "touchZone": "hovering", "type": 2, "width": 16.3667}, {"bases": [[[0.7018, -0.271532, -0.658595], [0.656677, 0.604955, 0.450339], [0.276138, -0.748532, 0.602866]], [[0.668125, -0.189661, -0.719471], [0.675538, 0.559921, 0.479726], [0.311861, -0.806547, 0.50222]], [[0.668125, -0.189661, -0.719471], [0.675538, 0.559921, 0.479726], [0.311861, -0.806547, 0.50222]], [[0.668125, -0.189661, -0.719471], [0.667295, 0.580478, 0.466651], [0.329131, -0.79188, 0.514391]]], "btipPosition": [135.784, 340.044, 7.98297], "carpPosition": [93.5778, 229.927, 84.7816], "dipPosition": [130.148, 326.484, 16.7915], "direction": [0.311861, 0.806547, -0.50222], "extended": true, "handId": 190, "id": 1903, "length": 59.0499, "mcpPosition": [109.46, 272.978, 50.1083], "pipPosition": [122.23, 306.006, 29.5426], "stabilizedTipPosition": [138.004, 340.311, 15.6352], "timeVisible": 1.01236, "tipPosition": [134.202, 333.742, 6.32871], "tipVelocity": [-4.94842, -14.6305, -0.619678], "tool": false, "touchDistance": 0.305701, "touchZone": "hovering", "type": 3, "width": 15.5739}, {"bases": [[[0.610829, -0.45254, -0.649688], [0.779637, 0.486833, 0.393902], [0.138033, -0.747128, 0.650189]], [[0.567355, -0.282842, -0.773375], [0.793677, 0.438173, 0.421998], [0.219513, -0.853232, 0.473084]], [[0.567355, -0.282842, -0.773375], [0.791916, 0.444908, 0.418243], [0.225784, -0.84974, 0.476407]], [[0.567355, -0.282842, -0.773375], [0.78506, 0.469278, 0.404301], [0.248575, -0.836528, 0.488295]]], "btipPosition": [110.462, 319.905, 8.32617], "carpPosition": [88.0246, 224.029, 74.5278], "dipPosition": [106.535, 306.69, 16.0402], "direction": [0.225784, 0.84974, -0.476407], "extended": true, "handId": 190, "id": 1904, "length": 46.294, "mcpPosition": [95.3735, 263.807, 39.9117], "pipPosition": [102.487, 291.458, 24.5803], "stabilizedTipPosition": [110.501, 317.916, 10.9583], "timeVisible": 1.01236, "tipPosition": [113.49, 311.381, 7.54097], "tipVelocity": [-7.96632, -12.3636, 0.0397589], "tool": false, "touchDistance": 0.307557, "touchZone": "hovering", "type": 4, "width": 13.834}, {"bases": [[[0.727565, 0.101927, -0.678424], [0.468846, 0.648058, 0.60017], [0.500832, -0.754739, 0.423717]], [[0.818598, -0.0635682, -0.570838], [0.470509, 0.644231, 0.602983], [0.329421, -0.762185, 0.557275]], [[0.818598, -0.0635682, -0.570838], [0.466174, 0.654115, 0.595664], [0.335529, -0.753719, 0.565091]], [[0.818598, -0.0635682, -0.570838], [0.454449, 0.67946, 0.576029], [0.351245, -0.730953, 0.585094]]], "btipPosition": [169.939, 336.669, 27.3384], "carpPosition": [110.204, 227.533, 99.5836], "dipPosition": [164.438, 325.223, 36.5005], "direction": [0.335529, 0.753719, -0.565091], "extended": true, "handId": 190, "id": 1901, "length": 53.8982, "mcpPosition": [144.034, 278.515, 70.9619], "pipPosition": [157.006, 308.526, 49.0187], "stabilizedTipPosition": [170.205, 335.706, 31.3507], "timeVisible": 1.01236, "tipPosition": [171.356, 332.645, 30.6117], "tipVelocity": [-2.22682, -19.2185, -2.40284], "tool": false, "touchDistance": 0.333286, "touchZone": "hovering", "type": 1, "width": 16.6644}], "r": [[-0.231688, -0.475008, 0.848933], [0.0862662, 0.859208, 0.504301], [-0.968958, 0.190075, -0.158091]], "s": 0.826753, "t": [9.51033, 60.0148, -79.4498], "timestamp": 630375021535}, {"currentFrameRate": 55.2604, "devices": [], "gestures": [], "hands": [{"armBasis": [[0.737389, -0.00329348, -0.675461], [0.289529, 0.905009, 0.311661], [0.610271, -0.425381, 0.668297]], "armWidth": 55.9977, "confidence": 1, "direction": [0.297824, 0.846601, -0.441098], "elbow": [-63.0263, 98.0452, 262.879], "grabAngle": 0, "grabStrength": 0, "id": 190, "palmNormal": [0.53697, -0.530605, -0.655836], "palmPosition": [120.08, 256.823, 65.5416], "palmVelocity": [-3.35151, -13.3715, -5.58188], "palmWidth": 83.544, "pinchDistance": 50.6898, "pinchStrength": 0, "r": [[-0.231696, -0.474481, 0.849226], [0.0857819, 0.859615, 0.50369], [-0.968999, 0.189551, -0.158467]], "s": 0.827189, "sphereCenter": [51.0245, 362.173, 102.333], "sphereRadius": 131.08, "stabilizedPalmPosition": [121.541, 258.716, 67.63], "t": [-9.58475, 59.7604, -79.5462], "timeVisible": 1.03048, "type": "left", "wrist": [88.263, 203.499, 97.2051]}], "id": 63011, "interactionBox": {"center": [0, 200, 0], "size": [235.247, 235.247, 147.751]}, "pointables": [{"bases": [[[0.73977, 0.623074, 0.254006], [-0.278838, -0.0596787, 0.958482], [0.612364, -0.779883, 0.129588]], [[0.695634, 0.675534, 0.244432], [-0.223231, -0.120143, 0.967333], [0.682833, -0.727475, 0.0672243]], [[0.695634, 0.675534, 0.244432], [-0.515612, 0.232564, 0.824657], [0.500237, -0.699692, 0.510092]], [[0.695634, 0.675534, 0.244432], [-0.659415, 0.465409, 0.590395], [0.285071, -0.571882, 0.769211]]], "btipPosition": [175.751, 277.301, 61.1229], "carpPosition": [122.708, 209.827, 96.6434], "dipPosition": [169.636, 265.034, 77.6224], "direction": [0.500237, 0.699692, -0.510092], "extended": true, "handId": 190, "id": 1900, "length": 47.7656, "mcpPosition": [122.708, 209.827, 96.6434], "pipPosition": [154.004, 243.169, 93.5624], "stabilizedTipPosition": [175.182, 275.764, 65.5012], "timeVisible": 1.03048, "tipPosition": [174.591, 272.403, 60.7103], "tipVelocity": [-2.42793, -13.5126, -5.16787], "tool": false, "touchDistance": 0.333256, "touchZone": "hovering", "type": 0, "width": 17.446}, {"bases": [[[0.698581, -0.113762, -0.70643], [0.59506, 0.640628, 0.485283], [0.397352, -0.759377, 0.515226]], [[0.712334, -0.140826, -0.687567], [0.612534, 0.602978, 0.511097], [0.342612, -0.78523, 0.515782]], [[0.712334, -0.140826, -0.687567], [0.612534, 0.602978, 0.511097], [0.342612, -0.78523, 0.515782]], [[0.712334, -0.140826, -0.687567], [0.60669, 0.616088, 0.502358], [0.352856, -0.774987, 0.524298]]], "btipPosition": 