{"frames": 69, "data": [{"currentFrameRate": 55.3246, "devices": [], "gestures": [], "hands": [{"armBasis": [[0.928638, -0.0794505, -0.36238], [0.31452, 0.68663, 0.655451], [0.196745, -0.722653, 0.662619]], "armWidth": 55.9977, "confidence": 1, "direction": [-0.21597, 0.924706, -0.313491], "elbow": [-186.684, 58.478, 218.828], "grabAngle": 0.190541, "grabStrength": 0, "id": 188, "palmNormal": [0.238724, -0.261316, -0.935267], "palmPosition": [-141.244, 301.437, 26.3492], "palmVelocity": [-2.33484, 3.79301, 2.27842], "palmWidth": 83.544, "pinchDistance": 64.6108, "pinchStrength": 0, "r": [[0.748069, 0.36589, 0.553639], [-0.379905, 0.920156, -0.0947926], [-0.544118, -0.139419, 0.827344]], "s": 1.37472, "sphereCenter": [-152.91, 349.85, 38.5023], "sphereRadius": 59.8191, "stabilizedPalmPosition": [-137.733, 306.942, 26.6978], "t": [36.5893, 122.275, -6.24913], "timeVisible": 4.41078, "type": "left", "wrist": [-137.91, 237.627, 54.5614]}], "id": 62290, "interactionBox": {"center": [0, 200, 0], "size": [235.247, 235.247, 147.751]}, "pointables": [{"bases": [[[0.636641, 0.302773, 0.709237], [-0.739477, -0.0212267, 0.672847], [0.218775, -0.952826, 0.21038]], [[0.520816, 0.615242, 0.5918], [-0.778717, 0.0583452, 0.624657], [0.349787, -0.786176, 0.509487]], [[0.520816, 0.615242, 0.5918], [-0.842927, 0.261, 0.470482], [0.135001, -0.743879, 0.654537]], [[0.520816, 0.615242, 0.5918], [-0.85318, 0.398597, 0.336458], [-0.0288868, -0.680145, 0.732508]]], "btipPosition": [-90.6511, 330.305, -19.0535], "carpPosition": [-110.282, 256.438, 40.4637], "dipPosition": [-90.0315, 315.716, -3.34129], "direction": [0.135001, 0.743879, -0.654537], "extended": true, "handId": 188, "id": 1880, "length": 47.7656, "mcpPosition": [-110.282, 256.438, 40.4637], "pipPosition": [-94.2501, 292.47, 17.1125], "stabilizedTipPosition": [-87.0159, 332.039, -14.9309], "timeVisible": 4.41078, "tipPosition": [-90.2002, 327.045, -15.1379], "tipVelocity": [-0.128347, 7.94031, 7.89964], "tool": false, "touchDistance": 0.274405, "touchZone": "hovering", "type": 0, "width": 17.446}, {"bases": [[[0.969588, -0.117638, -0.214616], [0.244085, 0.400543, 0.883169], [-0.0179308, -0.908695, 0.417076]], [[0.966331, -0.176908, -0.186835], [0.239012, 0.348304, 0.906398], [-0.0952735, -0.920537, 0.378861]], [[0.966331, -0.176908, -0.186835], [0.253593, 0.531992, 0.807883], [-0.0435262, -0.828063, 0.558943]], [[0.966331, -0.176908, -0.186835], [0.257293, 0.670077, 0.696273], [0.00201771, -0.720902, 0.693034]]], "btipPosition": [-129.596, 395.425, -13.3676], "carpPosition": [-123.701, 268.164, 52.9579], "dipPosition": [-129.628, 384.137, -2.51517], "direction": [-0.0435262, 0.828063, -0.558943], "extended": true, "handId": 188, "id": 1881, "length": 53.8982, "mcpPosition": [-124.912, 329.546, 24.7848], "pipPosition": [-128.663, 365.793, 9.86688], "stabilizedTipPosition": [-126.857, 399.024, -9.94471], "timeVisible": 4.41078, "tipPosition": [-129.911, 393.248, -10.1535], "tipVelocity": [10.665, 0.24243, 0.203941], "tool": false, "touchDistance": 0.333337, "touchZone": "hovering", "type": 1, "width": 16.6644}, {"bases": [[[0.902339, -0.305872, -0.303688], [0.404038, 0.354842, 0.843114], [-0.150124, -0.883476, 0.443771]], [[0.902559, -0.30457, -0.304341], [0.384388, 0.251506, 0.888252], [-0.193991, -0.918685, 0.344072]], [[0.902559, -0.30457, -0.304341], [0.406848, 0.371919, 0.834357], [-0.14093, -0.876877, 0.459593]], [[0.902559, -0.30457, -0.304341], [0.420401, 0.470697, 0.775698], [-0.093002, -0.828059, 0.552874]]], "btipPosition": [-158.397, 402.26, -13.4152], "carpPosition": [-134.936, 267.966, 51.7125], "dipPosition": [-156.795, 387.998, -3.89297], "direction": [-0.14093, 0.876877, -0.459593], "extended": true, "handId": 188, "id": 1882, "length": 61.4127, "mcpPosition": [-144.552, 324.561, 23.2851], "pipPosition": [-153.122, 365.145, 8.08516], "stabilizedTipPosition": [-154.549, 405.965, -9.96923], "timeVisible": 4.41078, "tipPosition": [-158.611, 399.003, -10.8227], "tipVelocity": [7.25854, 4.65365, 2.24571], "tool": false, "touchDistance": 0.333367, "touchZone": "hovering", "type": 2, "width": 16.3667}, {"bases": [[[0.837369, -0.458422, -0.297761], [0.462482, 0.303738, 0.832979], [-0.291415, -0.83522, 0.466353]], [[0.853841, -0.405705, -0.326129], [0.435198, 0.212647, 0.874862], [-0.285586, -0.888923, 0.358129]], [[0.853841, -0.405705, -0.326129], [0.466944, 0.320086, 0.824323], [-0.230043, -0.856124, 0.462744]], [[0.853841, -0.405705, -0.326129], [0.488523, 0.408233, 0.771162], [-0.179728, -0.817771, 0.546762]]], "btipPosition": [-182.884, 385.67, -13.9323], "carpPosition": [-145.511, 265.492, 48.6665], "dipPosition": [-179.807, 371.666, -4.56938], "direction": [-0.230043, 0.856124, -0.462744], "extended": true, "handId": 188, "id": 1883, "length": 59.0499, "mcpPosition": [-162.271, 313.529, 21.8447], "pipPosition": [-173.966, 349.93, 7.17941], "stabilizedTipPosition": [-178.273, 389.878, -10.0695], "timeVisible": 4.41078, "tipPosition": [-182.817, 382.565, -10.9934], "tipVelocity": [5.58353, 3.8047, -2.91196], "tool": false, "touchDistance": 0.333293, "touchZone": "hovering", "type": 3, "width": 15.5739}, {"bases": [[[0.71001, -0.595851, -0.375296], [0.559519, 0.153748, 0.814433], [-0.42758, -0.788241, 0.442552]], [[0.736982, -0.541877, -0.404015], [0.535871, 0.104121, 0.837855], [-0.411948, -0.833984, 0.367111]], [[0.736982, -0.541877, -0.404015], [0.58956, 0.223016, 0.776327], [-0.330571, -0.810329, 0.483828]], [[0.736982, -0.541877, -0.404015], [0.616448, 0.293703, 0.730569], [-0.277218, -0.78747, 0.550492]]], "btipPosition": [-200.159, 354.651, -11.6997], "carpPosition": [-153.739, 258.692, 41.1286], "dipPosition": [-195.78, 342.211, -3.00306], "direction": [-0.330571, 0.810329, -0.483828], "extended": true, "handId": 188, "id": 1884, "length": 46.294, "mcpPosition": [-176.504, 300.658, 17.5671], "pipPosition": [-189.854, 327.685, 5.67003], "stabilizedTipPosition": [-195.287, 359.501, -7.51723], "timeVisible": 4.41078, "tipPosition": [-199.896, 351.805, -8.85216], "tipVelocity": [4.29128, 3.59445, -6.12597], "tool": false, "touchDistance": 0.333245, "touchZone": "hovering", "type": 4, "width": 13.834}], "r": [[0.748069, 0.36589, 0.553639], [-0.379905, 0.920156, -0.0947926], [-0.544118, -0.139419, 0.827344]], "s": 1.37472, "t": [-36.5893, 122.275, -6.24913], "timestamp": 630361915889}, {"currentFrameRate": 55.336, "devices": [], "gestures": [], "hands": [{"armBasis": [[0.928782, -0.0795949, -0.361978], [0.314295, 0.686759, 0.655425], [0.196423, -0.722515, 0.662865]], "armWidth": 55.9977, "confidence": 1, "direction": [-0.214407, 0.925198, -0.31311], "elbow": [-186.798, 58.6842, 218.836], "grabAngle": 0.194347, "grabStrength": 0, "id": 188, "palmNormal": [0.239345, -0.261025, -0.93519], "palmPosition": [-141.343, 301.627, 26.3262], "palmVelocity": [-5.48317, 10.5139, -1.27342], "palmWidth": 83.544, "pinchDistance": 64.4791, "pinchStrength": 0, "r": [[0.748539, 0.365234, 0.553438], [-0.379834, 0.920306, -0.0936078], [-0.543521, -0.140146, 0.827613]], "s": 1.37434, "sphereCenter": [-152.807, 348.91, 36.2294], "sphereRadius": 58.5069, "stabilizedPalmPosition": [-137.761, 306.9, 26.6948], "t": [36.5076, 122.411, -6.24311], "timeVisible": 4.42881, "type": "left", "wrist": [-138.103, 237.799, 54.5085]}], "id": 62291, "interactionBox": {"center": [0, 200, 0], "size": [235.247, 235.247, 147.751]}, "pointables": [{"bases": [[[0.636971, 0.303163, 0.708774], [-0.738749, -0.022655, 0.6736], [0.220268, -0.952669, 0.209531]], [[0.52051, 0.615731, 0.591561], [-0.779081, 0.0589522, 0.624146], [0.349432, -0.785748, 0.510389]], [[0.52051, 0.615731, 0.591561], [-0.843033, 0.260632, 0.470497], [0.13552, -0.743604, 0.654743]], [[0.52051, 0.615731, 0.591561], [-0.853357, 0.398802, 0.335766], [-0.0291744, -0.679582, 0.733019]]], "btipPosition": [-90.831, 330.404, -19.1325], "carpPosition": [-110.456, 256.577, 40.4434], "dipPosition": [-90.2053, 315.827, -3.40933], "direction": [0.13552, 0.743604, -0.654743], "extended": true, "handId": 188, "id": 1880, "length": 47.7656, "mcpPosition": [-110.456, 256.577, 40.4434], "pipPosition": [-94.4402, 292.59, 17.0509], "stabilizedTipPosition": [-87.0346, 332.014, -14.9339], "timeVisible": 4.42881, "tipPosition": [-90.2281, 327.191, -15.0969], "tipVelocity": [-9.9011, 5.6284, -4.2411], "tool": false, "touchDistance": 0.273131, "touchZone": "hovering", "type": 0, "width": 17.446}, {"bases": [[[0.969521, -0.1162, -0.215699], [0.244465, 0.400294, 0.883177], [-0.0162823, -0.90899, 0.4165]], [[0.966524, -0.173764, -0.188779], [0.239872, 0.350823, 0.905198], [-0.0910629, -0.920179, 0.38076]], [[0.966524, -0.173764, -0.188779], [0.253693, 0.537235, 0.804375], [-0.0383529, -0.825339, 0.563333]], [[0.966524, -0.173764, -0.188779], [0.256466, 0.67586, 0.690969], [0.00752247, -0.716253, 0.6978]]], "btipPosition": [-129.289, 395.447, -13.6019], "carpPosition": [-123.872, 268.313, 52.9314], "dipPosition": [-129.407, 384.231, -2.67489], "direction": [-0.0383529, 0.825339, -0.563333], "extended": true, "handId": 188, "id": 1881, "length": 53.8982, "mcpPosition": [-124.972, 329.715, 24.7972], "pipPosition": [-128.557, 365.947, 9.80441], "stabilizedTipPosition": [-126.871, 398.989, -9.95129], "timeVisible": 4.42881, "tipPosition": [-129.836, 393.431, -10.1294], "tipVelocity": [15.9219, 2.12011, -12.045], "tool": false, "touchDistance": 0.333153, "touchZone": "hovering", "type": 1, "width": 16.6644}, {"bases": [[[0.902432, -0.304466, -0.304823], [0.404438, 0.354832, 0.842926], [-0.148481, -0.883965, 0.44335]], [[0.902806, -0.302218, -0.305949], [0.385428, 0.253065, 0.887357], [-0.19075, -0.919033, 0.344952]], [[0.902806, -0.302218, -0.305949], [0.407582, 0.374373, 0.8329], [-0.137178, -0.876646, 0.461165]], [[0.902806, -0.302218, -0.305949], [0.42072, 0.473328, 0.773922], [-0.0890786, -0.82742, 0.554473]]], "btipPosition": [-158.153, 402.455, -13.5339], "carpPosition": [-135.106, 268.131, 51.6742], "dipPosition": [-156.619, 388.204, -3.98413], "direction": [-0.137178, 0.876646, -0.461165], "extended": true, "handId": 188, "id": 1882, "length": 61.4127, "mcpPosition": [-144.617, 324.757, 23.2738], "pipPosition": [-153.044, 365.356, 8.03499], "stabilizedTipPosition": [-154.564, 405.933, -9.97578], "timeVisible": 4.42881, "tipPosition": [-158.53, 399.239, -10.8074], "tipVelocity": [12.6573, 10.9197, -6.23136], "tool": false, "touchDistance": 0.333241, "touchZone": "hovering", "type": 2, "width": 16.3667}, {"bases": [[[0.837672, -0.457107, -0.298929], [0.46294, 0.303813, 0.832697], [-0.289813, -0.835913, 0.466109]], [[0.854204, -0.403764, -0.327582], [0.436324, 0.214021, 0.873966], [-0.282767, -0.889477, 0.35899]], [[0.854204, -0.403764, -0.327582], [0.467918, 0.322283, 0.822913], [-0.226689, -0.856217, 0.464224]], [[0.854204, -0.403764, -0.327582], [0.489116, 0.410319, 0.769678], [-0.176356, -0.817688, 0.547983]]], "btipPosition": [-182.704, 385.914, -14.0629], "carpPosition": [-145.681, 265.673, 48.6156], "dipPosition": [-179.684, 371.912, -4.67908], "direction": [-0.226689, 0.856217, -0.464224], "extended": true, "handId": 188, "id": 1883, "length": 59.0499, "mcpPosition": [-162.349, 313.749, 21.8078], "pipPosition": [-173.929, 350.173, 7.10728], "stabilizedTipPosition": [-178.29, 389.845, -10.078], "timeVisible": 4.42881, "tipPosition": [-182.76, 382.833, -11.0163], "tipVelocity": [9.26369, 13.5647, -6.97653], "tool": false, "touchDistance": 0.333226, "touchZone": "hovering", "type": 3, "width": 15.5739}, {"bases": [[[0.710417, -0.594656, -0.376421], [0.560158, 0.153965, 0.813952], [-0.426065, -0.7891, 0.44248]], [[0.73757, -0.540003, -0.405446], [0.537137, 0.105294, 0.836898], [-0.409236, -0.835051, 0.367717]], [[0.73757, -0.540003, -0.405446], [0.590613, 0.224802, 0.77501], [-0.327363, -0.811086, 0.48474]], [[0.73757, -0.540003, -0.405446], [0.617212, 0.295541, 0.729181], [-0.273934, -0.788069, 0.551279]]], "btipPosition": [-200.052, 354.951, -11.8081], "carpPosition": [-153.911, 258.888, 41.0648], "dipPosition": [-195.725, 342.502, -3.09908], "direction": [-0.327363, 0.811086, -0.48474], "extended": true, "handId": 188, "id": 1884, "length": 46.294, "mcpPosition": [-176.594, 300.9, 17.5071], "pipPosition": [-189.857, 327.962, 5.59036], "stabilizedTipPosition": [-195.301, 359.472, -7.52608], "timeVisible": 4.42881, "tipPosition": [-199.885, 352.096, -8.90929], "tipVelocity": [5.24514, 16.5231, -5.85567], "tool": false, "touchDistance": 0.333241, "touchZone": "hovering", "type": 4, "width": 13.834}], "r": [[0.748539, 0.365234, 0.553438], [-0.379834, 0.920306, -0.0936078], [-0.543521, -0.140146, 0.827613]], "s": 1.37434, "t": [-36.5076, 122.411, -6.24311], "timestamp": 630361933921}, {"currentFrameRate": 55.3324, "devices": [], "gestures": [], "hands": [{"armBasis": [[0.928749, -0.0797433, -0.362031], [0.314274, 0.687327, 0.654839], [0.196615, -0.721958, 0.663415]], "armWidth": 55.9977, "confidence": 1, "direction": [-0.212909, 0.92492, -0.314949], "elbow": [-186.944, 58.83, 219.003], "grabAngle": 0.196725, "grabStrength": 0, "id": 188, "palmNormal": [0.240281, -0.262877, -0.934431], "palmPosition": [-141.345, 301.595, 26.2519], "palmVelocity": [-0.136431, -1.77671, -4.11138], "palmWidth": 83.544, "pinchDistance": 64.4503, "pinchStrength": 0, "r": [[0.748976, 0.365069, 0.552954], [-0.380017, 0.920306, -0.0928682], [-0.54279, -0.140576, 0.82802]], "s": 1.37406, "sphereCenter": [-152.654, 348.195, 34.6232], "sphereRadius": 57.7307, "stabilizedPalmPosition": [-137.777, 306.876, 26.6929], "t": [36.4654, 122.463, -6.27728], "timeVisible": 4.44689, "type": "left", "wrist": [-138.202, 237.807, 54.539]}], "id": 62292, "interactionBox": {"center": [0, 200, 0], "size": [235.247, 235.247, 147.751]}, "pointables": [{"bases": [[[0.637556, 0.305098, 0.707416], [-0.737827, -0.0223842, 0.674618], [0.22166, -0.952058, 0.210838]], [[0.52011, 0.618181, 0.589354], [-0.779017, 0.0604498, 0.624082], [0.35017, -0.783708, 0.513014]], [[0.52011, 0.618181, 0.589354], [-0.843126, 0.261353, 0.469929], [0.136472, -0.741314, 0.657137]], [[0.52011, 0.618181, 0.589354], [-0.853618, 0.399388, 0.334402], [-0.0286595, -0.677009, 0.735416]]], "btipPosition": [-90.8304, 330.139, -19.3366], "carpPosition": [-110.53, 256.533, 40.4858], "dipPosition": [-90.2157, 315.617, -3.56205], "direction": [0.136472, 0.741314, -0.657137], "extended": true, "handId": 188, "id": 1880, "length": 47.7656, "mcpPosition": [-110.53, 256.533, 40.4858], "pipPosition": [-94.4803, 292.452, 16.973], "stabilizedTipPosition": [-87.0519, 331.989, -14.9375], "timeVisible": 4.44689, "tipPosition": [-90.1525, 327.026, -15.1532], "tipVelocity": [-0.104599, -13.9284, -10.6342], "tool": false, "touchDistance": 0.269926, "touchZone": "hovering", "type": 0, "width": 17.446}, {"bases": [[[0.969369, -0.115431, -0.216792], [0.245169, 0.402064, 0.882177], [-0.0146664, -0.908306, 0.418049]], [[0.966581, -0.17169, -0.190376], [0.240908, 0.354406, 0.903526], [-0.0876557, -0.919195, 0.383924]], [[0.966581, -0.17169, -0.190376], [0.254053, 0.542103, 0.800988], [-0.034318, -0.822586, 0.567605]], [[0.966581, -0.17169, -0.190376], [0.256088, 0.680827, 0.686217], [0.0117967, -0.712038, 0.702042]]], "btipPosition": [-128.966, 395.227, -13.9874], "carpPosition": [-123.948, 268.305, 52.9362], "dipPosition": [-129.151, 384.077, -2.99389], "direction": [-0.034318, 0.822586, -0.567605], "extended": true, "handId": 188, "id": 1881, "length": 53.8982, "mcpPosition": [-124.939, 329.661, 24.6974], "pipPosition": [-128.391, 365.855, 9.58005], "stabilizedTipPosition": [-126.882, 398.958, -9.95878], "timeVisible": 4.44689, "tipPosition": [-129.672, 393.314, -10.3603], "tipVelocity": [17.0013, -11.3053, -20.4671], "tool": false, "touchDistance": 0.333016, "touchZone": "hovering", "type": 1, "width": 16.6644}, {"bases": [[[0.902382, -0.303925, -0.305511], [0.405141, 0.356722, 0.84179], [-0.146858, -0.883391, 0.445032]], [[0.902829, -0.301207, -0.306878], [0.386571, 0.256001, 0.886017], [-0.188313, -0.918552, 0.347563]], [[0.902829, -0.301207, -0.306878], [0.408441, 0.377572, 0.831032], [-0.134444, -0.875622, 0.463908]], [[0.902829, -0.301207, -0.306878], [0.421275, 0.47655, 0.77164], [-0.0861802, -0.825939, 0.557134]]], "btipPosition": [-157.896, 402.348, -13.8842], "carpPosition": [-135.181, 268.134, 51.6643], "dipPosition": [-156.412, 388.122, -4.28854], "direction": [-0.134444, 0.875622, -0.463908], "extended": true, "handId": 188, "id": 1882, "length": 61.4127, "mcpPosition": [-144.589, 324.723, 23.1562], "pipPosition": [-152.908, 365.301, 7.80207], "stabilizedTipPosition": [-154.575, 405.908, -9.98192], "timeVisible": 4.44689, "tipPosition": [-158.363, 399.164, -11.0733], "tipVelocity": [13.6027, -5.59049, -18.7837], "tool": false, "touchDistance": 0.333046, "touchZone": "hovering", "type": 2, "width": 16.3667}, {"bases": [[[0.837809, -0.456631, -0.299273], [0.463689, 0.305754, 0.831569], [-0.288216, -0.835466, 0.467898]], [[0.854307, -0.403071, -0.328166], [0.437469, 0.216659, 0.872743], [-0.280678, -0.889153, 0.361424]], [[0.854307, -0.403071, -0.328166], [0.468912, 0.325298, 0.821159], [-0.224234, -0.855403, 0.46691]], [[0.854307, -0.403071, -0.328166], [0.489929, 0.413622, 0.767389], [-0.173576, -0.816364, 0.550837]]], "btipPosition": [-182.491, 385.842, -14.4023], "carpPosition": [-145.755, 265.683, 48.5958], "dipPosition": [-179.519, 371.863, -4.9696], "direction": [-0.224234, 0.855403, -0.466909], "extended": true, "handId": 188, "id": 1883, "length": 59.0499, "mcpPosition": [-162.332, 313.734, 21.6852], "pipPosition": [-173.825, 350.145, 6.88495], "stabilizedTipPosition": [-178.301, 389.822, -10.0848], "timeVisible": 4.44689, "tipPosition": [-182.613, 382.786, -11.2877], "tipVelocity": [11.1848, -3.68486, -18.1445], "tool": false, "touchDistance": 0.333055, "touchZone": "hovering", "type": 3, "width": 15.5739}, {"bases": [[[0.710611, -0.594458, -0.376366], [0.561057, 0.155988, 0.812947], [-0.424554, -0.788852, 0.444372]], [[0.737536, -0.540101, -0.405378], [0.538403, 0.10794, 0.835746], [-0.40763, -0.83465, 0.370402]], [[0.737536, -0.540101, -0.405378], [0.59177, 0.227701, 0.773279], [-0.325344, -0.810212, 0.487553]], [[0.737536, -0.540101, -0.405378], [0.61822, 0.298451, 0.727139], [-0.271743, -0.786904, 0.55402]]], "btipPosition": [-199.921, 354.898, -12.1088], "carpPosition": [-153.983, 258.896, 41.0455], "dipPosition": [-195.628, 342.467, -3.35649], "direction": [-0.325344, 0.810212, -0.487553], "extended": true, "handId": 188, "id": 1884, "length": 46.294, "mcpPosition": [-176.586, 300.894, 17.3871], "pipPosition": [-189.796, 327.943, 5.38339], "stabilizedTipPosition": [-195.31, 359.455, -7.53201], "timeVisible": 4.44689, "tipPosition": [-199.778, 352.073, -9.15014], "tipVelocity": [6.81981, -2.69014, -16.0765], "tool": false, "touchDistance": 0.333086, "touchZone": "hovering", "type": 4, "width": 13.834}], "r": [[0.748976, 0.365069, 0.552954], [-0.380017, 0.920306, -0.0928682], [-0.54279, -0.140576, 0.82802]], "s": 1.37406, "t": [-36.4654, 122.463, -6.27728], "timestamp": 630361952006}, {"currentFrameRate": 55.3307, "devices": [], "gestures": [], "hands": [{"armBasis": [[0.929091, -0.0794039, -0.361228], [0.313414, 0.687598, 0.654966], [0.196373, -0.721737, 0.663727]], "armWidth": 55.9977, "confidence": 1, "direction": [-0.211039, 0.92392, -0.319116], "elbow": [-187.05, 58.9866, 219.229], "grabAngle": 0.194593, "grabStrength": 0, "id": 188, "palmNormal": [0.240699, -0.267296, -0.933068], "palmPosition": [-141.398, 301.6, 26.1575], "palmVelocity": [-2.8953, 0.268385, -5.22197], "palmWidth": 83.544, "pinchDistance": 64.3786, "pinchStrength": 0, "r": [[0.749305, 0.365668, 0.552114], [-0.380493, 0.920096, -0.0929955], [-0.542003, -0.140394, 0.828567]], "s": 1.37396, "sphereCenter": [-152.6, 348.917, 35.5962], "sphereRadius": 58.4201, "stabilizedPalmPosition": [-137.787, 306.862, 26.6914], "t": [36.4182, 122.492, -6.34157], "timeVisible": 4.46497, "type": "left", "wrist": [-138.368, 237.909, 54.6876]}], "id": 62293, "interactionBox": {"center": [0, 200, 0], "size": [235.247, 235.247, 147.751]}, "pointables": [{"bases": [[[0.637691, 0.309217, 0.705503], [-0.737162, -0.0207422, 0.675398], [0.223478, -0.950765, 0.214716]], [[0.519761, 0.6213, 0.586373], [-0.778953, 0.0627928, 0.623931], [0.350828, -0.781052, 0.516601]], [[0.519761, 0.6213, 0.586373], [-0.843282, 0.263184, 0.468625], [0.136833, -0.738051, 0.660725]], [[0.519761, 0.6213, 0.586373], [-0.853808, 0.401335, 0.331575], [-0.0293249, -0.67299, 0.73907]]], "btipPosition": [-90.9457, 329.843, -19.5638], "carpPosition": [-110.672, 256.547, 40.6135], "dipPosition": [-90.3166, 315.408, -3.71085], "direction": [0.136833, 0.738051, -0.660725], "extended": true, "handId": 188, "id": 1880, "length": 47.7656, "mcpPosition": [-110.672, 256.547, 40.6135], "pipPosition": [-94.5926, 292.344, 16.9363], "stabilizedTipPosition": [-87.0696, 331.963, -14.9422], "timeVisible": 4.46497, "tipPosition": [-90.13, 326.764, -15.3147], "tipVelocity": [-6.19397, -15.2667, -11.5679], "tool": false, "touchDistance": 0.26644, "touchZone": "hovering", "type": 0, "width": 17.446}, {"bases": [[[0.969363, -0.114711, -0.217201], [0.245301, 0.406265, 0.880213], [-0.0127294, -0.906526, 0.421958]], [[0.966726, -0.170491, -0.19072], [0.241213, 0.359231, 0.901537], [-0.085191, -0.917543, 0.388403]], [[0.966726, -0.170491, -0.19072], [0.253865, 0.547494, 0.797373], [-0.0315265, -0.819258, 0.572558]], [[0.966726, -0.170491, -0.19072], [0.255389, 0.686227, 0.681079], [0.0147598, -0.707125, 0.706935]]], "btipPosition": [-128.764, 394.982, -14.5496], "carpPosition": [-124.082, 268.396, 53.0007], "dipPosition": [-128.995, 383.909, -3.47949], "direction": [-0.0315265, 0.819258, -0.572558], "extended": true, "handId": 188, "id": 1881, "length": 53.8982, "mcpPosition": [-124.942, 329.631, 24.4979], "pipPosition": [-128.297, 365.76, 9.20417], "stabilizedTipPosition": [-126.888, 398.936, -9.96543], "timeVisible": 4.46497, "tipPosition": [-129.529, 393.136, -10.8451], "tipVelocity": [10.5949, -12.6119, -30.1232], "tool": false, "touchDistance": 0.332864, "touchZone": "hovering", "type": 1, "width": 16.6644}, {"bases": [[[0.902615, -0.303698, -0.305047], [0.405313, 0.361022, 0.839872], [-0.144939, -0.88172, 0.448957]], [[0.903041, -0.301082, -0.306377], [0.386796, 0.259733, 0.884832], [-0.18683, -0.917545, 0.351007]], [[0.903041, -0.301082, -0.306377], [0.408322, 0.3802, 0.829893], [-0.133381, -0.874527, 0.466274]], [[0.903041, -0.301082, -0.306377], [0.420995, 0.478667, 0.770481], [-0.0853252, -0.824759, 0.55901]]], "btipPosition": [-157.798, 402.251, -14.327], "carpPosition": [-135.314, 268.238, 51.7191], "dipPosition": [-156.328, 388.046, -4.69903], "direction": [-0.133381, 0.874527, -0.466274], "extended": true, "handId": 188, "id": 1882, "length": 61.4127, "mcpPosition": [-144.599, 324.72, 22.9595], "pipPosition": [-152.852, 365.254, 7.45323], "stabilizedTipPosition": [-154.581, 405.895, -9.98607], "timeVisible": 4.46497, "tipPosition": [-158.208, 399.036, -11.606], "tipVelocity": [5.22864, -5.0799, -24.0814], "tool": false, "touchDistance": 0.332956, "touchZone": "hovering", "type": 2, "width": 16.3667}, {"bases": [[[0.838308, -0.456486, -0.298094], [0.463938, 0.31011, 0.829815], [-0.286357, -0.833938, 0.471749]], [[0.854749, -0.402799, -0.327348], [0.437524, 0.219842, 0.871918], [-0.279243, -0.888494, 0.364144]], [[0.854749, -0.402799, -0.327348], [0.468435, 0.32702, 0.820748], [-0.223547, -0.854875, 0.468205]], [[0.854749, -0.402799, -0.327348], [0.489299, 0.414884, 0.76711], [-0.17318, -0.815858, 0.551711]]], "btipPosition": [-182.435, 385.814, -14.7276], "carpPosition": [-145.89, 265.792, 48.6512], "dipPosition": [-179.47, 371.843, -5.27999], "direction": [-0.223547, 0.854875, -0.468205], "extended": true, "handId": 188, "id": 1883, "length": 59.0499, "mcpPosition": [-162.359, 313.755, 21.5191], "pipPosition": [-173.794, 350.138, 6.60746], "stabilizedTipPosition": [-178.307, 389.811, -10.0887], "timeVisible": 4.46497, "tipPosition": [-182.483, 382.697, -11.7784], "tipVelocity": [2.98902, -1.45143, -17.8059], "tool": false, "touchDistance": 0.333051, "touchZone": "hovering", "type": 3, "width": 15.5739}, {"bases": [[[0.711274, -0.594859, -0.374475], [0.561544, 0.160432, 0.811745], [-0.422796, -0.787657, 0.448151]], [[0.738195, -0.540326, -0.403876], [0.538217, 0.110813, 0.83549], [-0.406682, -0.834127, 0.372614]], [[0.738195, -0.540326, -0.403876], [0.590651, 0.228481, 0.773905], [-0.325883, -0.809842, 0.487808]], [[0.738195, -0.540326, -0.403876], [0.616848, 0.298316, 0.728359], [-0.273068, -0.786801, 0.553514]]], "btipPosition": [-199.966, 354.9, -12.3014], "carpPosition": [-154.121, 258.986, 41.1225], "dipPosition": [-195.652, 342.47, -3.55702], "direction": [-0.325883, 0.809842, -0.487808], "extended": true, "handId": 188, "id": 1884, "length": 46.294, "mcpPosition": [-176.631, 300.921, 17.2629], "pipPosition": [-189.811, 327.953, 5.18742], "stabilizedTipPosition": [-195.314, 359.446, -7.53527], "timeVisible": 4.46497, "tipPosition": [-199.701, 352.025, -9.52623], "tipVelocity": [-2.22879, 0.106963, -10.7523], "tool": false, "touchDistance": 0.333159, "touchZone": "hovering", "type": 4, "width": 13.834}], "r": [[0.749305, 0.365668, 0.552114], [-0.380493, 0.920096, -0.0929955], [-0.542003, -0.140394, 0.828567]], "s": 1.37396, "t": [-36.4182, 122.492, -6.34157], "timestamp": 630361970085}, {"currentFrameRate": 55.3265, "devices": [], "gestures": [], "hands": [{"armBasis": [[0.929285, -0.0795384, -0.360697], [0.313155, 0.687495, 0.655198], [0.195864, -0.72182, 0.663787]], "armWidth": 55.9977, "confidence": 1, "direction": [-0.210289, 0.922964, -0.322358], "elbow": [-187.131, 59.1194, 219.422], "grabAngle": 0.191336, "grabStrength": 0, "id": 188, "palmNormal": [0.241103, -0.270586, -0.932015], "palmPosition": [-141.564, 301.675, 26.1474], "palmVelocity": [-9.16728, 4.17327, -0.558089], "palmWidth": 83.544, "pinchDistance": 64.4726, "pinchStrength": 0, "r": [[0.749589, 0.366609, 0.551102], [-0.380997, 0.919819, -0.0936714], [-0.541255, -0.139753, 0.829163]], "s": 1.37408, "sphereCenter": [-152.629, 350.059, 37.3436], "sphereRadius": 59.5209, "stabilizedPalmPosition": [-137.802, 306.842, 26.6893], "t": [36.3117, 122.544, -6.37876], "timeVisible": 4.48306, "type": "left", "wrist": [-138.576, 238.062, 54.8657]}], "id": 62294, "interactionBox": {"center": [0, 200, 0], "size": [235.247, 235.247, 147.751]}, "pointables": [{"bases": [[[0.637931, 0.311978, 0.704069], [-0.73674, -0.0189066, 0.675911], [0.224181, -0.949901, 0.217786]], [[0.519389, 0.624223, 0.583592], [-0.778674, 0.0644114, 0.624113], [0.351996, -0.778586, 0.519521]], [[0.519389, 0.624223, 0.583592], [-0.843354, 0.264313, 0.467859], [0.137798, -0.735176, 0.663723]], [[0.519389, 0.624223, 0.583592], [-0.854038, 0.402531, 0.329527], [-0.0292156, -0.669563, 0.742181]]], "btipPosition": [-91.0614, 329.673, -19.6976], "carpPosition": [-110.874, 256.653, 40.7739], "dipPosition": [-90.4347, 315.311, -3.77795], "direction": [0.137798, 0.735176, -0.663723], "extended": true, "handId": 188, "id": 1880, "length": 47.7656, "mcpPosition": [-110.874, 256.653, 40.7739], "pipPosition": [-94.7408, 292.337, 16.9629], "stabilizedTipPosition": [-87.0878, 331.937, -14.9474], "timeVisible": 4.48306, "tipPosition": [-90.2591, 326.667, -15.3817], "tipVelocity": [-6.42623, -8.48165, -6.54969], "tool": false, "touchDistance": 0.264465, "touchZone": "hovering", "type": 0, "width": 17.446}, {"bases": [[[0.969301, -0.114861, -0.217401], [0.245589, 0.409379, 0.878689], [-0.0119278, -0.905105, 0.42502]], [[0.966641, -0.171443, -0.190296], [0.241401, 0.361437, 0.900605], [-0.0856223, -0.916499, 0.390767]], [[0.966641, -0.171443, -0.190296], [0.254132, 0.549208, 0.796107], [-0.0319749, -0.81791, 0.574457]], [[0.966641, -0.171443, -0.190296], [0.255734, 0.68759, 0.679573], [0.0143377, -0.705568, 0.708497]]], "btipPosition": [-128.945, 394.946, -14.8038], "carpPosition": [-124.284, 268.552, 53.113], "dipPosition": [-129.17, 383.897, -3.70927], "direction": [-0.0319749, 0.81791, -0.574457], "extended": true, "handId": 188, "id": 1881, "length": 53.8982, "mcpPosition": [-125.09, 329.691, 24.4032], "pipPosition": [-128.462, 365.779, 9.01645], "stabilizedTipPosition": [-126.893, 398.921, -9.97098], "timeVisible": 4.48306, "tipPosition": [-129.613, 393.074, -11.1648], "tipVelocity": [-9.94763, -1.6529, -13.7439], "tool": false, "touchDistance": 0.333103, "touchZone": "hovering", "type": 1, "width": 16.6644}, {"bases": [[[0.902613, -0.304183, -0.304569], [0.405604, 0.364096, 0.838403], [-0.144136, -0.880288, 0.452016]], [[0.902992, -0.301848, -0.305766], [0.386879, 0.261659, 0.884228], [-0.186897, -0.916745, 0.353054]], [[0.902992, -0.301848, -0.305766], [0.408274, 0.381099, 0.829503], [-0.133857, -0.873871, 0.467366]], [[0.902992, -0.301848, -0.305766], [0.420927, 0.478764, 0.770458], [-0.0861718, -0.824423, 0.559376]]], "btipPosition": [-157.978, 402.259, -14.5422], "carpPosition": [-135.515, 268.396, 51.8251], "dipPosition": [-156.494, 388.06, -4.90794], "direction": [-0.133857, 0.873871, -0.467366], "extended": true, "handId": 188, "id": 1882, "length": 61.4127, "mcpPosition": [-144.749, 324.786, 22.8695], "pipPosition": [-153.005, 365.285, 7.27279], "stabilizedTipPosition": [-154.586, 405.883, -9.98995], "timeVisible": 4.48306, "tipPosition": [-158.285, 398.994, -11.9589], "tipVelocity": [-9.75926, 0.531271, -11.818], "tool": false, "touchDistance": 0.333136, "touchZone": "hovering", "type": 2, "width": 16.3667}, {"bases": [[[0.838403, -0.456985, -0.297061], [0.464254, 0.313186, 0.828482], [-0.285569, -0.832514, 0.474733]], [[0.854872, -0.403096, -0.326661], [0.43748, 0.221535, 0.871512], [-0.278936, -0.887939, 0.36573]], [[0.854872, -0.403096, -0.326661], [0.468082, 0.327598, 0.820718], [-0.223814, -0.854513, 0.468737]], [[0.854872, -0.403096, -0.326661], [0.488834, 0.414756, 0.767475], [-0.173881, -0.815777, 0.55161]]], "btipPosition": [-182.597, 385.853, -14.8681], "carpPosition": [-146.091, 265.946, 48.7591], "dipPosition": [-179.62, 371.884, -5.42222], "direction": [-0.223814, 0.854513, -0.468737], "extended": true, "handId": 188, "id": 1883, "length": 59.0499, "mcpPosition": [-162.515, 313.827, 21.4553], "pipPosition": [-173.937, 350.188, 6.47872], "stabilizedTipPosition": [-178.313, 389.798, -10.0932], "timeVisible": 4.48306, "tipPosition": [-182.568, 382.669, -12.0945], "tipVelocity": [-8.79702, 2.17767, -7.78954], "tool": false, "touchDistance": 0.333202, "touchZone": "hovering", "type": 3, "width": 15.5739}, {"bases": [[[0.711406, -0.595692, -0.372898], [0.561939, 0.163507, 0.810858], [-0.42205, -0.786395, 0.451062]], [[0.738546, -0.540646, -0.402806], [0.537815, 0.11214, 0.835571], [-0.406577, -0.833742, 0.373589]], [[0.738546, -0.540646, -0.402806], [0.589764, 0.228563, 0.774556], [-0.326694, -0.809605, 0.487658]], [[0.738546, -0.540646, -0.402806], [0.615778, 0.29764, 0.729539], [-0.274531, -0.786837, 0.552739]]], "btipPosition": [-200.161, 354.951, -12.3472], "carpPosition": [-154.322, 259.12, 41.2483], "dipPosition": [-195.824, 342.52, -3.61507], "direction": [-0.326694, 0.809605, -0.487658], "extended": true, "handId": 188, "id": 1884, "length": 46.294, "mcpPosition": [-176.792, 300.988, 17.2337], "pipPosition": [-189.968, 328.007, 5.12669], "stabilizedTipPosition": [-195.322, 359.43, -7.54115], "timeVisible": 4.48306, "tipPosition": [-199.806, 352.015, -9.74922], "tipVelocity": [-10.492, 2.78465, -2.68731], "tool": false, "touchDistance": 0.333284, "touchZone": "hovering", "type": 4, "width": 13.834}], "r": [[0.749589, 0.366609, 0.551102], [-0.380997, 0.919819, -0.0936714], [-0.541255, -0.139753, 0.829163]], "s": 1.37408, "t": [-36.3117, 122.544, -6.37876], "timestamp": 630361988174}, {"currentFrameRate": 55.3246, "devices": [], "gestures": [], "hands": [{"armBasis": [[0.928978, -0.0804726, -0.361281], [0.314205, 0.687373, 0.654823], [0.19564, -0.721832, 0.66384]], "armWidth": 55.9977, "confidence": 1, "direction": [-0.210505, 0.921797, -0.325543], "elbow": [-187.16, 59.1191, 219.582], "grabAngle": 0.186864, "grabStrength": 0, "id": 188, "palmNormal": [0.242409, -0.273385, -0.930859], "palmPosition": [-141.661, 301.599, 26.1136], "palmVelocity": [-5.37492, -4.21251, -1.86636], "palmWidth": 83.544, "pinchDistance": 64.6045, "pinchStrength": 0, "r": [[0.749997, 0.367611, 0.549878], [-0.381302, 0.919587, -0.0947036], [-0.540475, -0.138642, 0.829859]], "s": 1.37456, "sphereCenter": [-152.574, 351.543, 39.9693], "sphereRadius": 61.2524, "stabilizedPalmPosition": [-137.819, 306.818, 26.6867], "t": [36.2098, 122.531, -6.41423], "timeVisible": 4.50114, "type": "left", "wrist": [-138.66, 238.065, 55.0132]}], "id": 62295, "interactionBox": {"center": [0, 200, 0], "size": [235.247, 235.247, 147.751]}, "pointables": [{"bases": [[[0.638989, 0.313791, 0.702303], [-0.735933, -0.016273, 0.676858], [0.22382, -0.949353, 0.220531]], [[0.520147, 0.626375, 0.580604], [-0.777785, 0.0665527, 0.624997], [0.352841, -0.776676, 0.521802]], [[0.520147, 0.626375, 0.580604], [-0.842693, 0.265768, 0.468227], [0.13898, -0.732818, 0.66608]], [[0.520147, 0.626375, 0.580604], [-0.853651, 0.402733, 0.330281], [-0.0269492, -0.667428, 0.744186]]], "btipPosition": [-91.0224, 329.457, -19.7725], "carpPosition": [-110.959, 256.643, 40.9202], "dipPosition": [-90.4444, 315.141, -3.80986], "direction": [0.13898, 0.732818, -0.66608], "extended": true, "handId": 188, "id": 1880, "length": 47.7656, "mcpPosition": [-110.959, 256.643, 40.9202], "pipPosition": [-94.7874, 292.241, 17.0046], "stabilizedTipPosition": [-87.1091, 331.904, -14.9538], "timeVisible": 4.50114, "tipPosition": [-90.326, 326.49, -15.4369], "tipVelocity": [1.53505, -11.3751, -3.59669], "tool": false, "touchDistance": 0.263381, "touchZone": "hovering", "type": 0, "width": 17.446}, {"bases": [[[0.968961, -0.116192, -0.218207], [0.246922, 0.412005, 0.877087], [-0.0120079, -0.903743, 0.427907]], [[0.966259, -0.17315, -0.19069], [0.242487, 0.361864, 0.900142], [-0.0868554, -0.91601, 0.391641]], [[0.966259, -0.17315, -0.19069], [0.255363, 0.547224, 0.79708], [-0.0336639, -0.818881, 0.572976]], [[0.966259, -0.17315, -0.19069], [0.257277, 0.684293, 0.682313], [0.0123458, -0.708351, 0.705752]]], "btipPosition": [-129.176, 394.921, -14.8653], "carpPosition": [-124.393, 268.573, 53.2052], "dipPosition": [-129.369, 383.829, -3.81369], "direction": [-0.0336639, 0.818881, -0.572976], "extended": true, "handId": 188, "id": 1881, "length": 53.8982, "mcpPosition": [-125.204, 329.62, 24.3004], "pipPosition": [-128.624, 365.688, 8.87923], "stabilizedTipPosition": [-126.901, 398.898, -9.97924], "timeVisible": 4.50114, "tipPosition": [-129.715, 392.876, -11.4911], "tipVelocity": [-12.36, -1.94559, -3.94464], "tool": false, "touchDistance": 0.333262, "touchZone": "hovering", "type": 1, "width": 16.6644}, {"bases": [[[0.902044, -0.305745, -0.304692], [0.406858, 0.366489, 0.836751], [-0.144167, -0.878752, 0.454984]], [[0.902369, -0.303747, -0.305725], [0.387699, 0.262356, 0.883662], [-0.188201, -0.915919, 0.354505]], [[0.902369, -0.303747, -0.305725], [0.409102, 0.380655, 0.829299], [-0.135521, -0.873407, 0.467755]], [[0.902369, -0.303747, -0.305725], [0.421878, 0.477684, 0.770608], [-0.0880297, -0.824351, 0.559192]]], "btipPosition": [-158.219, 402.121, -14.7242], "carpPosition": [-135.622, 268.406, 51.9042], "dipPosition": [-156.703, 387.923, -5.09313], "direction": [-0.135521, 0.873407, -0.467755], "extended": true, "handId": 188, "id": 1882, "length": 61.4127, "mcpPosition": [-144.857, 324.698, 22.7585], "pipPosition": [-153.171, 365.16, 7.09773], "stabilizedTipPosition": [-154.593, 405.868, -9.99524], "timeVisible": 4.50114, "tipPosition": [-158.392, 398.786, -12.3246], "tipVelocity": [-12.9431, -7.65333, -10.1064], "tool": false, "touchDistance": 0.333171, "touchZone": "hovering", "type": 2, "width": 16.3667}, {"bases": [[[0.837742, -0.45848, -0.296621], [0.465462, 0.315509, 0.826921], [-0.285541, -0.830813, 0.47772]], [[0.854194, -0.404756, -0.326381], [0.438181, 0.222451, 0.870926], [-0.279909, -0.886954, 0.367373]], [[0.854194, -0.404756, -0.326381], [0.468598, 0.327257, 0.82056], [-0.225316, -0.853859, 0.469209]], [[0.854194, -0.404756, -0.326381], [0.489425, 0.413979, 0.767519], [-0.175543, -0.815349, 0.551716]]], "btipPosition": [-182.803, 385.684, -15.0469], "carpPosition": [-146.192, 265.939, 48.8332], "dipPosition": [-179.797, 371.722, -5.59915], "direction": [-0.225316, 0.853859, -0.469209], "extended": true, "handId": 188, "id": 1883, "length": 59.0499, "mcpPosition": [-162.614, 313.722, 21.3576], "pipPosition": [-174.076, 350.043, 6.31379], "stabilizedTipPosition": [-178.321, 389.783, -10.099], "timeVisible": 4.50114, "tipPosition": [-182.665, 382.444, -12.4406], "tipVelocity": [-11.0266, -9.26789, -9.86246], "tool": false, "touchDistance": 0.333178, "touchZone": "hovering", "type": 3, "width": 15.5739}, {"bases": [[[0.710562, -0.597343, -0.371864], [0.563028, 0.165709, 0.809654], [-0.42202, -0.784679, 0.454067]], [[0.737629, -0.542572, -0.401895], [0.538575, 0.113797, 0.834857], [-0.407235, -0.832266, 0.376156]], [[0.737629, -0.542572, -0.401895], [0.590245, 0.229097, 0.774032], [-0.327895, -0.808165, 0.489239]], [[0.737629, -0.542572, -0.401895], [0.61606, 0.29719, 0.729485], [-0.276359, -0.785681, 0.553473]]], "btipPosition": [-200.319, 354.731, -12.5444], "carpPosition": [-154.409, 259.084, 41.3342], "dipPosition": [-195.953, 342.319, -3.80071], "direction": [-0.327895, 0.808165, -0.489239], "extended": true, "handId": 188, "id": 1884, "length": 46.294, "mcpPosition": [-176.878, 300.86, 17.1596], "pipPosition": [-190.075, 327.832, 4.96938], "stabilizedTipPosition": [-195.331, 359.413, -7.54822], "timeVisible": 4.50114, "tipPosition": [-199.889, 351.787, -10.0164], "tipVelocity": [-8.35029, -11.9186, -10.7604], "tool": false, "touchDistance": 0.333169, "touchZone": "hovering", "type": 4, "width": 13.834}], "r": [[0.749997, 0.367611, 0.549878], [-0.381302, 0.919587, -0.0947036], [-0.540475, -0.138642, 0.829859]], "s": 1.37456, "t": [-36.2098, 122.531, -6.41423], "timestamp": 630362006256}, {"currentFrameRate": 55.3272, "devices": [], "gestures": [], "hands": [{"armBasis": [[0.927641, -0.083307, -0.364063], [0.3181, 0.687011, 0.653321], [0.195689, -0.721856, 0.663799]], "armWidth": 55.9977, "confidence": 1, "direction": [-0.213928, 0.922345, -0.321737], "elbow": [-186.997, 58.8595, 219.314], "grabAngle": 0.186263, "grabStrength": 0, "id": 188, "palmNormal": [0.244527, -0.268313, -0.93178], "palmPosition": [-141.691, 301.433, 26.088], "palmVelocity": [-1.65244, -9.16568, -1.41648], "palmWidth": 83.544, "pinchDistance": 64.647, "pinchStrength": 0, "r": [[0.750744, 0.367317, 0.549055], [-0.380814, 0.919796, -0.094641], [-0.539782, -0.138037, 0.830411]], "s": 1.37521, "sphereCenter": [-152.587, 351.622, 40.7273], "sphereRadius": 61.6269, "stabilizedPalmPosition": [-137.84, 306.789, 26.6835], "t": [36.144, 122.443, -6.44476], "timeVisible": 4.51921, "type": "left", "wrist": [-138.484, 237.811, 54.7549]}], "id": 62296, "interactionBox": {"center": [0, 200, 0], "size": [235.247, 235.247, 147.751]}, "pointables": [{"bases": [[[0.641023, 0.308096, 0.70297], [-0.735266, -0.0162266, 0.677585], [0.220168, -0.951217, 0.216131]], [[0.522932, 0.622421, 0.582353], [-0.776959, 0.0670994, 0.625965], [0.350538, -0.779801, 0.518684]], [[0.522932, 0.622421, 0.582353], [-0.841134, 0.266233, 0.470758], [0.137968, -0.736011, 0.662761]], [[0.522932, 0.622421, 0.582353], [-0.851953, 0.403144, 0.334141], [-0.026796, -0.67087, 0.741091]]], "btipPosition": [-91.0183, 329.67, -19.6484], "carpPosition": [-110.821, 256.539, 40.7314], "dipPosition": [-90.4435, 315.28, -3.75209], "direction": [0.137968, 0.736011, -0.662761], "extended": true, "handId": 188, "id": 1880, "length": 47.7656, "mcpPosition": [-110.821, 256.539, 40.7314], "pipPosition": [-94.7549, 292.28, 16.9587], "stabilizedTipPosition": [-87.1302, 331.873, -14.9596], "timeVisible": 4.51921, "tipPosition": [-90.4167, 326.714, -15.3015], "tipVelocity": [0.188484, 10.84, 