{"frames": 50, "data": [{"currentFrameRate": 55.3055, "devices": [], "gestures": [], "hands": [{"armBasis": [[0.923963, -0.0948851, -0.370526], [0.333179, 0.675427, 0.657868], [0.187841, -0.731297, 0.655683]], "armWidth": 55.2734, "confidence": 1, "direction": [-0.337084, 0.743064, -0.578127], "elbow": [-91.8394, 1.45859, 268.795], "grabAngle": 2.38323, "grabStrength": 0, "id": 116, "palmNormal": [0.261602, -0.515959, -0.81569], "palmPosition": [-58.4683, 220.495, 75.2321], "palmVelocity": [43.1436, 12.8075, -139.887], "palmWidth": 78.1236, "pinchDistance": 77.2554, "pinchStrength": 0, "r": [[0.980854, 0.0351889, 0.191539], [-0.0432599, 0.998336, 0.0381191], [-0.189879, -0.0456752, 0.980745]], "s": 0.849412, "sphereCenter": [-45.0921, 218.996, 32.2055], "sphereRadius": 44.5584, "stabilizedPalmPosition": [-58.0868, 212.6, 90.8088], "t": [-2.7489, 11.7929, -15.5835], "timeVisible": 1.22925, "type": "left", "wrist": [-48.2939, 170.988, 116.794]}], "id": 42818, "interactionBox": {"center": [0, 200, 0], "size": [235.247, 235.247, 147.751]}, "pointables": [{"bases": [[[0.663688, 0.434984, 0.608529], [-0.742415, 0.283752, 0.606881], [0.0913124, -0.85456, 0.511262]], [[0.5035, 0.8339, 0.226051], [-0.759184, 0.302108, 0.576515], [0.412464, -0.46189, 0.785195]], [[0.5035, 0.8339, 0.226051], [-0.799585, 0.35061, 0.487582], [0.327339, -0.426244, 0.843306]], [[0.5035, 0.8339, 0.226051], [-0.768747, 0.312971, 0.557743], [0.394355, -0.4546, 0.798638]]], "btipPosition": [11.1503, 230.217, 24.8461], "carpPosition": [-24.1762, 188.633, 99.5638], "dipPosition": [3.16185, 221.008, 41.0241], "direction": [0.327339, 0.426244, -0.843306], "extended": true, "handId": 116, "id": 1160, "length": 45.1091, "mcpPosition": [-24.1762, 188.633, 99.5638], "pipPosition": [-6.49836, 208.429, 65.9111], "stabilizedTipPosition": [4.41657, 228.639, 40.8924], "timeVisible": 1.22925, "tipPosition": [3.96804, 227.213, 26.2268], "tipVelocity": [46.2013, -13.0187, -138.755], "tool": false, "touchDistance": 0.149557, "touchZone": "hovering", "type": 0, "width": 17.6444}, {"bases": [[[0.948158, -0.295383, -0.117243], [0.285475, 0.629528, 0.722633], [-0.139645, -0.71864, 0.681216]], [[0.939607, -0.332376, -0.0816387], [0.282544, 0.618674, 0.733083], [-0.193151, -0.711877, 0.675222]], [[0.939607, -0.332376, -0.0816387], [0.33473, 0.842678, 0.421723], [-0.0713753, -0.42358, 0.903042]], [[0.939607, -0.332376, -0.0816387], [0.339057, 0.936491, 0.0895838], [0.0466784, -0.111854, 0.992628]]], "btipPosition": [-54.7341, 283.552, 6.09445], "carpPosition": [-37.9278, 201.17, 107.805], "dipPosition": [-55.4244, 281.898, 20.7738], "direction": [-0.0713753, 0.42358, -0.903042], "extended": true, "handId": 116, "id": 1161, "length": 50.9006, "mcpPosition": [-46.7487, 246.564, 64.7747], "pipPosition": [-53.9312, 273.036, 39.666], "stabilizedTipPosition": [-56.9264, 286.458, 29.2318], "timeVisible": 1.22925, "tipPosition": [-54.1787, 287.769, 13.2377], "tipVelocity": [56.5148, -19.5314, -168.462], "tool": false, "touchDistance": 0.108938, "touchZone": "hovering", "type": 1, "width": 16.8539}, {"bases": [[[0.857922, -0.49272, -0.145593], [0.438528, 0.554596, 0.707189], [-0.267701, -0.670559, 0.691872]], [[0.838127, -0.536405, -0.0990593], [0.502483, 0.829897, -0.242449], [0.21226, 0.153427, 0.965094]], [[0.838127, -0.536405, -0.0990593], [0.502483, 0.829897, -0.242449], [0.21226, 0.153427, 0.965094]], [[0.838127, -0.536405, -0.0990593], [-0.21186, -0.152767, -0.965286], [0.502651, 0.830019, -0.24168]]], "btipPosition": [-42.1123, 215.855, 5.75915], "carpPosition": [-48.3319, 199.365, 107.29], "dipPosition": [-50.2881, 229.355, 1.82814], "direction": [0.21226, -0.153427, -0.965094], "extended": true, "handId": 116, "id": 1162, "length": 57.9972, "mcpPosition": [-64.3679, 239.533, 65.8454], "pipPosition": [-55.5124, 233.132, 25.582], "stabilizedTipPosition": [-46.1846, 218.384, 16.027], "timeVisible": 1.22925, "tipPosition": [-43.8096, 219.757, 3.60715], "tipVelocity": [40.2321, 21.9182, -154.655], "tool": false, "touchDistance": 0.135635, "touchZone": "hovering", "type": 2, "width": 16.5528}, {"bases": [[[0.773661, -0.626424, -0.0950851], [0.489944, 0.496318, 0.716675], [-0.40175, -0.60105, 0.690895]], [[0.772479, -0.628184, -0.0930587], [0.586844, 0.762145, -0.273404], [0.242673, 0.156588, 0.957387]], [[0.772479, -0.628184, -0.0930587], [-0.149163, -0.0370465, -0.988118], [0.617273, 0.777182, -0.122319]], [[0.772479, -0.628184, -0.0930587], [-0.463585, -0.457679, -0.758695], [0.434009, 0.629217, -0.644765]]], "btipPosition": [-48.2674, 192.554, 44.999], "carpPosition": [-57.8643, 195.094, 105.821], "dipPosition": [-55.2862, 202.729, 34.572], "direction": [0.617273, -0.777182, 0.122319], "extended": false, "handId": 116, "id": 1163, "length": 55.7658, "mcpPosition": [-79.4714, 227.42, 68.6634], "pipPosition": [-70.0867, 221.364, 31.6391], "stabilizedTipPosition": [-52.2145, 194.797, 53.9997], "timeVisible": 1.22925, "tipPosition": [-52.5426, 198.359, 37.3263], "tipVelocity": [51.0631, 0.716051, -139.248], "tool": false, "touchDistance": 0.333333, "touchZone": "none", "type": 3, "width": 15.751}, {"bases": [[[0.630304, -0.765117, -0.131582], [0.566881, 0.33778, 0.751366], [-0.530437, -0.54818, 0.646634]], [[0.609236, -0.785821, -0.10638], [0.746404, 0.613565, -0.257719], [0.267792, 0.0776097, 0.960346]], [[0.609236, -0.785821, -0.10638], [-0.130478, 0.032985, -0.990902], [0.782181, 0.617574, -0.0824364]], [[0.609236, -0.785821, -0.10638], [-0.558457, -0.329931, -0.761098], [0.562989, 0.523097, -0.639854]]], "btipPosition": [-61.3077, 192.599, 50.8964], "carpPosition": [-64.7362, 185.942, 101.539], "dipPosition": [-69.7071, 200.403, 41.3503], "direction": [0.782181, -0.617574, 0.0824364], "extended": false, "handId": 116, "id": 1164, "length": 43.7194, "mcpPosition": [-91.1445, 213.233, 69.3461], "pipPosition": [-82.9487, 210.858, 39.9547], "stabilizedTipPosition": [-66.0781, 195.247, 52.4169], "timeVisible": 1.22925, "tipPosition": [-67.3217, 197.297, 43.5478], "tipVelocity": [50.8309, 2.26675, -136.305], "tool": false, "touchDistance": 0.333333, "touchZone": "none", "type": 4, "width": 13.9913}], "r": [[0.980854, 0.0351889, 0.191539], [-0.0432599, 0.998336, 0.0381191], [-0.189879, -0.0456752, 0.980745]], "s": 0.849412, "t": [2.7489, 11.7929, -15.5835], "timestamp": 629976348503}, {"currentFrameRate": 55.3066, "devices": [], "gestures": [], "hands": [{"armBasis": [[0.924122, -0.0898503, -0.371384], [0.329821, 0.678307, 0.656595], [0.192917, -0.729264, 0.656473]], "armWidth": 55.2734, "confidence": 1, "direction": [-0.335917, 0.745909, -0.575134], "elbow": [-92.2423, 2.38986, 265.999], "grabAngle": 2.37883, "grabStrength": 0, "id": 116, "palmNormal": [0.256952, -0.514883, -0.817845], "palmPosition": [-57.587, 221.084, 72.3853], "palmVelocity": [48.753, 32.5837, -157.484], "palmWidth": 78.1236, "pinchDistance": 77.2557, "pinchStrength": 0, "r": [[0.980969, 0.0363725, 0.190728], [-0.0439299, 0.998402, 0.0355453], [-0.18913, -0.0432474, 0.980999]], "s": 0.845362, "sphereCenter": [-45.8903, 218.502, 28.8696], "sphereRadius": 44.5318, "stabilizedPalmPosition": [-58.0867, 212.601, 90.8059], "t": [-1.9733, 12.1403, -18.0926], "timeVisible": 1.24733, "type": "left", "wrist": [-47.5201, 171.448, 113.815]}], "id": 42819, "interactionBox": {"center": [0, 200, 0], "size": [235.247, 235.247, 147.751]}, "pointables": [{"bases": [[[0.660011, 0.43606, 0.611749], [-0.745461, 0.279194, 0.60526], [0.0931325, -0.855513, 0.509337]], [[0.498768, 0.83603, 0.228658], [-0.762872, 0.298223, 0.573663], [0.411408, -0.460562, 0.786528]], [[0.498768, 0.83603, 0.228658], [-0.803475, 0.347047, 0.483722], [0.325051, -0.424986, 0.844825]], [[0.498768, 0.83603, 0.228658], [-0.828164, 0.381864, 0.410274], [0.255685, -0.393998, 0.882831]]], "btipPosition": [9.05803, 229.284, 20.0007], "carpPosition": [-23.3466, 189.021, 96.5259], "dipPosition": [3.87865, 221.302, 37.8842], "direction": [0.325051, 0.424986, -0.844825], "extended": true, "handId": 116, "id": 1160, "length": 45.1091, "mcpPosition": [-23.3466, 189.021, 96.5259], "pipPosition": [-5.71402, 208.761, 62.8161], "stabilizedTipPosition": [4.41789, 228.639, 40.886], "timeVisible": 1.24733, "tipPosition": [5.23922, 227.641, 23.3507], "tipVelocity": [-79.9994, -35.9937, -246.342], "tool": false, "touchDistance": 0.0753379, "touchZone": "hovering", "type": 0, "width": 17.6444}, {"bases": [[[0.949702, -0.291272, -0.115005], [0.280662, 0.628788, 0.725158], [-0.138905, -0.720962, 0.67891]], [[0.941394, -0.327619, -0.0802731], [0.277999, 0.618794, 0.734718], [-0.191035, -0.713975, 0.673607]], [[0.941394, -0.327619, -0.0802731], [0.329912, 0.844727, 0.42142], [-0.0702565, -0.423205, 0.903306]], [[0.941394, -0.327619, -0.0802731], [0.334, 0.938632, 0.086108], [0.0471362, -0.107873, 0.993047]]], "btipPosition": [-53.6723, 284.132, 3.32635], "carpPosition": [-37.0217, 201.592, 104.843], "dipPosition": [-54.3694, 282.537, 18.0119], "direction": [-0.0702565, 0.423205, -0.903306], "extended": true, "handId": 116, "id": 1161, "length": 50.9006, "mcpPosition": [-45.7958, 247.133, 61.9583], "pipPosition": [-52.8996, 273.683, 36.9096], "stabilizedTipPosition": [-56.925, 286.457, 29.2216], "timeVisible": 1.24733, "tipPosition": [-53.2313, 288.434, 10.4973], "tipVelocity": [58.6517, 32.844, -153.049], "tool": false, "touchDistance": 0.062827, "touchZone": "hovering", "type": 1, "width": 16.8539}, {"bases": [[[0.86035, -0.488895, -0.14415], [0.434062, 0.554511, 0.710005], [-0.267185, -0.673423, 0.689285]], [[0.841328, -0.531307, -0.0993978], [0.500623, 0.835274, -0.227363], [0.203824, 0.141526, 0.968724]], [[0.841328, -0.531307, -0.0993978], [0.500623, 0.835274, -0.227363], [0.203824, 0.141526, 0.968724]], [[0.841328, -0.531307, -0.0993978], [-0.202919, -0.140016, -0.969133], [0.50099, 0.835529, -0.225612]]], "btipPosition": [-41.7706, 217.192, 2.47813], "carpPosition": [-47.4345, 199.83, 104.356], "dipPosition": [-49.9194, 230.782, -1.19153], "direction": [0.203824, -0.141526, -0.968724], "extended": true, "handId": 116, "id": 1162, "length": 57.9972, "mcpPosition": [-63.4396, 240.17, 63.0666], "pipPosition": [-54.9361, 234.265, 22.6517], "stabilizedTipPosition": [-46.1836, 218.384, 16.0213], "timeVisible": 1.24733, "tipPosition": [-43.1818, 220.465, 0.758815], "tipVelocity": [19.245, 75.0847, -178.177], "tool": false, "touchDistance": 0.0819532, "touchZone": "hovering", "type": 2, "width": 16.5528}, {"bases": [[[0.776468, -0.623068, -0.0942553], [0.485683, 0.496415, 0.719503], [-0.401509, -0.604449, 0.688064]], [[0.775267, -0.624869, -0.0922016], [0.585498, 0.765705, -0.266248], [0.236969, 0.152429, 0.959485]], [[0.775267, -0.624869, -0.0922016], [-0.141798, -0.0299313, -0.989443], [0.615512, 0.780156, -0.11181]], [[0.775267, -0.624869, -0.0922016], [-0.456306, -0.453136, -0.765802], [0.436746, 0.635773, -0.636432]]], "btipPosition": [-47.5973, 193.228, 41.7688], "carpPosition": [-56.9886, 195.601, 102.907], "dipPosition": [-54.6603, 203.509, 31.4765], "direction": [0.615512, -0.780156, 0.11181], "extended": false, "handId": 116, "id": 1163, "length": 55.7658, "mcpPosition": [-78.5828, 228.11, 65.901], "pipPosition": [-69.4186, 222.215, 28.7956], "stabilizedTipPosition": [-52.2138, 194.797, 53.9964], "timeVisible": 1.24733, "tipPosition": [-51.8235, 198.963, 34.4913], "tipVelocity": [36.5096, 38.6197, -176.98], "tool": false, "touchDistance": 0.333333, "touchZone": "none", "type": 3, "width": 15.751}, {"bases": [[[0.633785, -0.762238, -0.131564], [0.563146, 0.338097, 0.754027], [-0.530267, -0.551981, 0.643532]], [[0.612203, -0.783581, -0.105876], [0.745916, 0.616751, -0.25145], [0.26233, 0.0749642, 0.962062]], [[0.612203, -0.783581, -0.105876], [-0.123216, 0.0377242, -0.991663], [0.781042, 0.620144, -0.0734545]], [[0.612203, -0.783581, -0.105876], [-0.551792, -0.327473, -0.766999], [0.566334, 0.52798, -0.632853]]], "btipPosition": [-60.6103, 193.299, 47.8252], "carpPosition": [-63.9107, 186.488, 98.6228], "dipPosition": [-69.0596, 201.176, 38.3835], "direction": [0.781042, -0.620144, 0.0734545], "extended": false, "handId": 116, "id": 1164, "length": 43.7194, "mcpPosition": [-90.3105, 213.969, 66.584], "pipPosition": [-82.2819, 211.675, 37.14], "stabilizedTipPosition": [-66.0774, 195.247, 52.4154], "timeVisible": 1.24733, "tipPosition": [-66.5921, 197.975, 40.7198], "tipVelocity": [37.9469, 39.653, -168.564], "tool": false, "touchDistance": 0.333333, "touchZone": "none", "type": 4, "width": 13.9913}], "r": [[0.980969, 0.0363725, 0.190728], [-0.0439299, 0.998402, 0.0355453], [-0.18913, -0.0432474, 0.980999]], "s": 0.845362, "t": [1.9733, 12.1403, -18.0926], "timestamp": 629976366580}, {"currentFrameRate": 55.3029, "devices": [], "gestures": [], "hands": [{"armBasis": [[0.921564, -0.0861682, -0.378542], [0.331869, 0.68081, 0.652963], [0.20145, -0.727374, 0.656007]], "armWidth": 55.2734, "confidence": 1, "direction": [-0.338775, 0.749293, -0.569027], "elbow": [-93.179, 3.15954, 262.282], "grabAngle": 2.36526, "grabStrength": 0, "id": 116, "palmNormal": [0.254999, -0.509033, -0.822108], "palmPosition": [-56.6364, 221.642, 69.085], "palmVelocity": [52.5344, 30.7927, -182.389], "palmWidth": 78.1236, "pinchDistance": 77.2268, "pinchStrength": 0, "r": [[0.980947, 0.036794, 0.190758], [-0.0442163, 0.998416, 0.034799], [-0.189175, -0.0425706, 0.98102]], "s": 0.842821, "sphereCenter": [-45.0986, 219.243, 25.3994], "sphereRadius": 44.6056, "stabilizedPalmPosition": [-58.0865, 212.603, 90.8024], "t": [-1.11019, 12.5926, -20.9973], "timeVisible": 1.26542, "type": "left", "wrist": [-46.4786, 171.78, 110.206]}], "id": 42820, "interactionBox": {"center": [0, 200, 0], "size": [235.247, 235.247, 147.751]}, "pointables": [{"bases": [[[0.658616, 0.431044, 0.616786], [-0.747036, 0.276144, 0.604716], [0.0903375, -0.859038, 0.503878]], [[0.498568, 0.834426, 0.234866], [-0.764828, 0.295911, 0.572255], [0.408005, -0.46494, 0.785724]], [[0.498568, 0.834426, 0.234866], [-0.80541, 0.345718, 0.481449], [0.320537, -0.429199, 0.84442]], [[0.498568, 0.834426, 0.234866], [-0.829674, 0.380841, 0.408169], [0.25114, -0.398362, 0.882177]]], "btipPosition": [9.75835, 230.127, 16.4338], "carpPosition": [-22.2751, 189.464, 92.8993], "dipPosition": [4.67103, 222.057, 34.304], "direction": [0.320537, 0.429199, -0.844419], "extended": true, "handId": 116, "id": 1160, "length": 45.1091, "mcpPosition": [-22.2751, 189.464, 92.8993], "pipPosition": [-4.78843, 209.391, 59.2239], "stabilizedTipPosition": [4.41916, 228.638, 40.8798], "timeVisible": 1.26542, "tipPosition": [6.05457, 228.608, 19.9015], "tipVelocity": [39.8725, 45.4679, -197.291], "tool": false, "touchDistance": 0.0158382, "touchZone": "hovering", "type": 0, "width": 17.6444}, {"bases": [[[0.949677, -0.29179, -0.113898], [0.279162, 0.623524, 0.730265], [-0.142065, -0.725311, 0.673603]], [[0.941676, -0.326598, -0.0811191], [0.276748, 0.614437, 0.738835], [-0.191459, -0.718193, 0.668986]], [[0.941676, -0.326598, -0.0811191], [0.329189, 0.843952, 0.423532], [-0.0698639, -0.425533, 0.902242]], [[0.941676, -0.326598, -0.0811191], [0.332841, 0.939465, 0.0813794], [0.0496302, -0.103633, 0.993377]]], "btipPosition": [-52.7612, 284.917, 0.352444], "carpPosition": [-35.9401, 201.96, 101.344], "dipPosition": [-53.4951, 283.385, 15.0429], "direction": [-0.0698639, 0.425533, -0.902242], "extended": true, "handId": 116, "id": 1161, "length": 50.9006, "mcpPosition": [-44.9139, 247.776, 58.7952], "pipPosition": [-52.0335, 274.482, 33.9183], "stabilizedTipPosition": [-56.9232, 286.456, 29.2101], "timeVisible": 1.26542, "tipPosition": [-52.5789, 289.306, 7.55227], "tipVelocity": [49.8864, 44.2071, -164.288], "tool": false, "touchDistance": 0.0132806, "touchZone": "hovering", "type": 1, "width": 16.8539}, {"bases": [[[0.860154, -0.489091, -0.144657], [0.43251, 0.549142, 0.715107], [-0.270315, -0.677668, 0.683883]], [[0.841277, -0.531089, -0.100989], [0.504881, 0.838634, -0.20442], [0.193258, 0.120987, 0.97366]], [[0.841277, -0.531089, -0.100989], [0.504881, 0.838634, -0.20442], [0.193258, 0.120987, 0.97366]], [[0.841277, -0.531089, -0.100989], [-0.173427, -0.0881981, -0.98089], [0.512032, 0.842713, -0.166304]]], "btipPosition": [-41.397, 219.048, -1.96701], "carpPosition": [-46.3521, 200.187, 100.88], "dipPosition": [-49.7253, 232.756, -4.672], "direction": [0.193258, -0.120987, -0.97366], "extended": true, "handId": 116, "id": 1162, "length": 57.9972, "mcpPosition": [-62.5447, 240.781, 59.9135], "pipPosition": [-54.482, 235.733, 19.2927], "stabilizedTipPosition": [-46.182, 218.387, 16.011], "timeVisible": 1.26542, "tipPosition": [-42.5294, 221.577, -2.59001], "tipVelocity": [18.3663, 104.103, -233.394], "tool": false, "touchDistance": 0.0115655, "touchZone": "hovering", "type": 2, "width": 16.5528}, {"bases": [[[0.775931, -0.62348, -0.0959347], [0.484022, 0.490913, 0.724381], [-0.404541, -0.608504, 0.682692]], [[0.775051, -0.624799, -0.0944528], [0.587831, 0.767743, -0.255002], [0.23184, 0.142117, 0.962316]], [[0.775051, -0.624799, -0.0944528], [-0.134603, -0.017198, -0.99075], [0.617396, 0.780596, -0.0974294]], [[0.775051, -0.624799, -0.0944528], [-0.450921, -0.442146, -0.775356], [0.44268, 0.643531, -0.624421]]], "btipPosition": [-46.7341, 194.062, 37.9349], "carpPosition": [-55.9052, 195.955, 99.4325], "dipPosition": [-53.8931, 204.469, 27.8368], "direction": [0.617396, -0.780596, 0.0974294], "extended": false, "handId": 116, "id": 1163, "length": 55.7658, "mcpPosition": [-77.6624, 228.682, 62.7157], "pipPosition": [-68.6966, 223.186, 25.5007], "stabilizedTipPosition": [-52.213, 194.797, 53.9925], "timeVisible": 1.26542, "tipPosition": [-50.9142, 199.717, 31.1161], "tipVelocity": [46.48, 47.722, -209.406], "tool": false, "touchDistance": 0.333333, "touchZone": "none", "type": 3, "width": 15.751}, {"bases": [[[0.633183, -0.762202, -0.134637], [0.56116, 0.332261, 0.758091], [-0.533084, -0.555563, 0.6381]], [[0.611783, -0.78341, -0.109502], [0.748057, 0.617985, -0.241879], [0.25716, 0.066064, 0.964108]], [[0.611783, -0.78341, -0.109502], [-0.116133, 0.0479764, -0.992074], [0.782454, 0.619651, -0.0616289]], [[0.611783, -0.78341, -0.109502], [-0.546768, -0.318765, -0.774231], [0.571635, 0.533534, -0.623358]]], "btipPosition": [-59.7239, 194.049, 44.1783], "carpPosition": [-62.8288, 186.861, 95.1098], "dipPosition": [-68.2523, 202.008, 34.8782], "direction": [0.782454, -0.619651, 0.0616289], "extended": false, "handId": 116, "id": 1164, "length": 43.7194, "mcpPosition": [-89.3689, 214.52, 63.3414], "pipPosition": [-81.4985, 212.499, 33.8349], "stabilizedTipPosition": [-66.0765, 195.247, 52.4133], "timeVisible": 1.26542, "tipPosition": [-65.669, 198.702, 37.3457], "tipVelocity": [47.98, 42.4739, -199.746], "tool": false, "touchDistance": 0.333333, "touchZone": "none", "type": 4, "width": 13.9913}], "r": [[0.980947, 0.036794, 0.190758], [-0.0442163, 0.998416, 0.034799], [-0.189175, -0.0425706, 0.98102]], "s": 0.842821, "t": [1.11019, 12.5926, -20.9973], "timestamp": 629976384675}, {"currentFrameRate": 55.1884, "devices": [], "gestures": [], "hands": [{"armBasis": [[0.912285, -0.0916711, -0.399165], [0.348597, 0.685396, 0.639307], [0.21498, -0.722378, 0.657232]], "armWidth": 55.2734, "confidence": 1, "direction": [-0.336131, 0.768333, -0.544684], "elbow": [-95.4941, 3.93624, 257.565], "grabAngle": 2.357, "grabStrength": 0.0355275, "id": 116, "palmNormal": [0.260905, -0.479736, -0.837724], "palmPosition": [-55.5222, 222.424, 65.4829], "palmVelocity": [60.1756, 42.2372, -194.539], "palmWidth": 78.1236, "pinchDistance": 77.085, "pinchStrength": 0, "r": [[0.981182, 0.0355831, 0.189776], [-0.0441737, 0.998173, 0.0412296], [-0.187962, -0.0488369, 0.980961]], "s": 0.841806, "sphereCenter": [-43.8596, 221.162, 21.558], "sphereRadius": 44.746, "stabilizedPalmPosition": [-58.0865, 212.603, 90.8024], "t": [-0.121536, 13.2097, -24.2508], "timeVisible": 1.28394, "type": "left", "wrist": [-45.6573, 171.398, 105.205]}], "id": 42821, "interactionBox": {"center": [0, 200, 0], "size": [235.247, 235.247, 147.751]}, "pointables": [{"bases": [[[0.663102, 0.408522, 0.627221], [-0.742803, 0.25568, 0.618767], [0.0924119, -0.876207, 0.472993]], [[0.501365, 0.824933, 0.260998], [-0.759754, 0.275397, 0.589008], [0.414014, -0.493602, 0.76482]], [[0.501365, 0.824933, 0.260998], [-0.801929, 0.329775, 0.498155], [0.324873, -0.459059, 0.826875]], [[0.501365, 0.824933, 0.260998], [-0.825892, 0.366346, 0.428595], [0.257947, -0.430438, 0.864978]]], "btipPosition": [11.286, 232.894, 13.6759], "carpPosition": [-21.2709, 189.472, 88.3793], "dipPosition": [6.06076, 224.175, 31.1976], "direction": [0.324873, 0.459059, -0.826875], "extended": true, "handId": 116, "id": 1160, "length": 45.1091, "mcpPosition": [-21.2709, 189.472, 88.3793], "pipPosition": [-3.52669, 210.627, 55.5998], "stabilizedTipPosition": [4.41916, 228.638, 40.8798], "timeVisible": 1.28394, "tipPosition": [7.4956, 231.17, 16.9825], "tipVelocity": [80.7892, 141.38, -153.276], "tool": false, "touchDistance": -0.0814627, "touchZone": "hovering", "type": 0, "width": 17.6444}, {"bases": [[[0.948546, -0.288676, -0.130104], [0.284633, 0.597338, 0.749781], [-0.138728, -0.748233, 0.648769]], [[0.941587, -0.32106, -0.101663], [0.282805, 0.589905, 0.756329], [-0.182855, -0.7409, 0.646244]], [[0.941587, -0.32106, -0.101663], [0.332855, 0.841319, 0.425899], [-0.0512082, -0.43486, 0.899041]], [[0.941587, -0.32106, -0.101663], [0.326295, 0.944444, 0.0394609], [0.0833457, -0.070328, 0.994036]]], "btipPosition": [-50.4073, 286.603, -1.35274], "carpPosition": [-35.0059, 201.651, 97.1676], "dipPosition": [-51.6399, 285.563, 13.3474], "direction": [-0.0512082, 0.43486, -0.899041], "extended": true, "handId": 116, "id": 1161, "length": 50.9006, "mcpPosition": [-43.7689, 248.914, 56.1871], "pipPosition": [-50.5685, 276.465, 32.1559], "stabilizedTipPosition": [-56.9232, 286.456, 29.2101], "timeVisible": 1.28394, "tipPosition": [-51.1181, 291.655, 5.97156], "tipVelocity": [120.932, 97.1334, -91.9712], "tool": false, "touchDistance": -0.0651017, "touchZone": "hovering", "type": 1, "width": 16.8539}, {"bases": [[[0.858568, -0.484685, -0.167157], [0.437783, 0.523362, 0.731053], [-0.266847, -0.700837, 0.661529]], [[0.839456, -0.529113, -0.123907], [0.511749, 0.846409, -0.147326], [0.182827, 0.0602644, 0.981296]], [[0.839456, -0.529113, -0.123907], [0.511749, 0.846409, -0.147326], [0.182827, 0.0602644, 0.981296]], [[0.839456, -0.529113, -0.123907], [-0.125298, 0.0334109, -0.991556], [0.528785, 0.847894, -0.0382497]]], "btipPosition": [-40.6689, 224.076, -7.52245], "carpPosition": [-45.4124, 199.883, 96.5747], "dipPosition": [-49.2697, 237.868, -8.14459], "direction": [0.182827, -0.0602644, -0.981296], "extended": true, "handId": 116, "id": 1162, "length": 57.9972, "mcpPosition": [-61.3972, 241.865, 56.9474], "pipPosition": [-53.7697, 239.351, 16.0081], "stabilizedTipPosition": [-46.182, 218.387, 16.011], "timeVisible": 1.28394, "tipPosition": [-41.2123, 225.233, -6.30008], "tipVelocity": [35.9384, 272.582, -274.162], "tool": false, "touchDistance": -0.123041, "touchZone": "hovering", "type": 2, "width": 16.5528}, {"bases": [[[0.77448, -0.620601, -0.122617], [0.489276, 0.464788, 0.737957], [-0.400986, -0.631527, 0.663614]], [[0.780646, -0.610666, -0.132962], [0.575144, 0.785203, -0.229489], [0.244543, 0.102677, 0.964187]], [[0.780646, -0.610666, -0.132962], [-0.143946, 0.0313431, -0.989089], [0.608171, 0.791267, -0.0634352]], [[0.780646, -0.610666, -0.132962], [-0.454361, -0.408464, -0.791652], [0.429125, 0.678412, -0.596329]]], "btipPosition": [-45.5373, 195.745, 33.106], "carpPosition": [-54.9504, 195.694, 94.9193], "dipPosition": [-52.4771, 206.716, 23.4623], "direction": [0.608171, -0.791267, 0.0634352], "extended": false, "handId": 116, "id": 1163, "length": 55.7658, "mcpPosition": [-76.5165, 229.659, 59.2285], "pipPosition": [-67.0594, 225.688, 21.9413], "stabilizedTipPosition": [-52.2109, 194.799, 53.9826], "timeVisible": 1.28394, "tipPosition": [-49.4706, 201.757, 26.9091], "tipVelocity": [67.3594, 97.8671, -255.152], "tool": false, "touchDistance": 0.333333, "touchZone": "none", "type": 3, "width": 15.751}, {"bases": [[[0.631305, -0.757731, -0.165222], [0.566418, 0.304972, 0.765613], [-0.52974, -0.57692, 0.621723]], [[0.61866, -0.771101, -0.150541], [0.738599, 0.636146, -0.223139], [0.267828, 0.0268578, 0.963092]], [[0.61866, -0.771101, -0.150541], [-0.125905, 0.0918285, -0.987783], [0.775505, 0.630056, -0.040275]], [[0.61866, -0.771101, -0.150541], [-0.55463, -0.292934, -0.77883], [0.556458, 0.565325, -0.608902]]], "btipPosition": [-58.5806, 195.549, 39.5751], "carpPosition": [-61.8344, 186.749, 90.2374], "dipPosition": [-66.8825, 203.983, 30.4908], "direction": [0.775505, -0.630056, 0.040275], "extended": false, "handId": 116, "id": 1164, "length": 43.7194, "mcpPosition": [-88.208, 215.471, 59.2844], "pipPosition": [-80.0111, 214.649, 29.809], "stabilizedTipPosition": [-66.0744, 195.248, 52.4078], "timeVisible": 1.28394, "tipPosition": [-64.276, 200.559, 32.9599], "tipVelocity": [64.5611, 86.9302, -245.923], "tool": false, "touchDistance": 0.333333, "touchZone": "none", "type": 4, "width": 13.9913}], "r": [[0.981182, 0.0355831, 0.189776], [-0.0441737, 0.998173, 0.0412296], [-0.187962, -0.0488369, 0.980961]], "s": 0.841806, "t": [0.121536, 13.2097, -24.2508], "timestamp": 629976403191}, {"currentFrameRate": 55.3114, "devices": [], "gestures": [], "hands": [{"armBasis": [[0.909698, -0.0771399, -0.408044], [0.343118, 0.693122, 0.633918], [0.233924, -0.716681, 0.656999]], "armWidth": 55.2734, "confidence": 1, "direction": [-0.335559, 0.776173, -0.533812], "elbow": [-98.7825, 5.6434, 252.391], "grabAngle": 2.3476, "grabStrength": 0.0632575, "id": 116, "palmNormal": [0.250225, -0.47287, -0.844856], "palmPosition": [-54.2257, 223.225, 60.886], "palmVelocity": [73.4419, 45.3819, -260.389], "palmWidth": 78.1236, "pinchDistance": 76.8685, "pinchStrength": 0, "r": [[0.980986, 0.0355729, 0.190788], [-0.0455827, 0.997791, 0.0483348], [-0.188648, -0.0561124, 0.98044]], "s": 0.842463, "sphereCenter": [-43.1554, 222.023, 16.6121], "sphereRadius": 44.9223, "stabilizedPalmPosition": [-58.0859, 212.604, 90.7982], "t": [1.02107, 13.9189, -28.1759], "timeVisible": 1.30159, "type": "left", "wrist": [-44.5541, 171.785, 100.085]}], "id": 42822, "interactionBox": {"center": [0, 200, 0], "size": [235.247, 235.247, 147.751]}, "pointables": [{"bases": [[[0.654735, 0.406576, 0.637196], [-0.749949, 0.244219, 0.614763], [0.0943326, -0.880371, 0.46481]], [[0.494219, 0.824587, 0.275325], [-0.766538, 0.263949, 0.585449], [0.410082, -0.500387, 0.762526]], [[0.494219, 0.824587, 0.275325], [-0.808705, 0.319878, 0.493634], [0.318974, -0.46662, 0.824937]], [[0.494219, 0.824587, 0.275325], [-0.83244, 0.357592, 0.423287], [0.250583, -0.438388, 0.863148]]], "btipPosition": [12.0609, 233.903, 8.63014], "carpPosition": [-20.0042, 189.806, 83.1409], "dipPosition": [6.98486, 225.023, 26.1148], "direction": [0.318974, 0.46662, -0.824937], "extended": true, "handId": 116, "id": 1160, "length": 45.1091, "mcpPosition": [-20.0042, 189.806, 83.1409], "pipPosition": [-2.42847, 211.252, 50.4598], "stabilizedTipPosition": [4.42346, 228.641, 40.8611], "timeVisible": 1.30159, "tipPosition": [8.45339, 232.036, 11.9315], "tipVelocity": [45.8388, 55.0587, -286.296], "tool": false, "touchDistance": -0.1657, "touchZone": "hovering", "type": 0, "width": 17.6444}, {"bases": [[[0.951626, -0.28083, -0.124665], [0.273907, 0.59153, 0.758332], [-0.13922, -0.755795, 0.639837]], [[0.945479, -0.310066, -0.0996399], [0.272083, 0.583855, 0.764908], [-0.178997, -0.750315, 0.636386]], [[0.945479, -0.310066, -0.0996399], [0.322314, 0.846951, 0.422833], [-0.046716, -0.431895, 0.900713]], [[0.945479, -0.310066, -0.0996399], [0.312635, 0.949811, 0.0109015], [0.0912588, -0.0414581, 0.994964]]], "btipPosition": [-48.6549, 287.278, -5.46399], "carpPosition": [-33.577, 201.987, 92.1743], "dipPosition": [-50.0045, 286.665, 9.24992], "direction": [-0.046716, 0.431895, -0.900713], "extended": true, "handId": 116, "id": 1161, "length": 50.9006, "mcpPosition": [-42.371, 249.728, 51.758], "pipPosition": [-49.0272, 277.63, 28.0934], "stabilizedTipPosition": [-56.8956, 286.458, 29.1016], "timeVisible": 1.30159, "tipPosition": [-49.8148, 292.713, 1.82484], "tipVelocity": [97.7382, 43.8258, -232.7], "tool": false, "touchDistance": -0.13357, "touchZone": "hovering", "type": 1, "width": 16.8539}, {"bases": [[[0.863337, -0.477058, -0.164513], [0.427724, 0.518799, 0.740202], [-0.26777, -0.70941, 0.651948]], [[0.844565, -0.521198, -0.122728], [0.511977, 0.853162, -0.0999687], [0.156811, 0.0215961, 0.987393]], [[0.844565, -0.521198, -0.122728], [0.511977, 0.853162, -0.0999687], [0.156811, 0.0215961, 0.987393]], [[0.844565, -0.521198, -0.122728], [-0.0728287, 0.11526, -0.990662], [0.530477, 0.845616, 0.0593868]]], "btipPosition": [-41.0103, 227.606, -13.8605], "carpPosition": [-44.0002, 200.297, 91.6552], "dipPosition": [-49.6387, 241.36, -12.8945], "direction": [0.156811, -0.0215961, -0.987393], "extended": true, "handId": 116, "id": 1162, "length": 57.9972, "mcpPosition": [-60.0403, 242.793, 52.6019], "pipPosition": [-53.4983, 241.892, 11.4082], "stabilizedTipPosition": [-46.1606, 218.469, 15.8125], "timeVisible": 1.30159, "tipPosition": [-40.9091, 227.309, -11.3992], "tipVelocity": [-19.6981, 199.451, -338.323], "tool": false, "touchDistance": -0.222587, "touchZone": "hovering", "type": 2, "width": 16.5528}, {"bases": [[[0.779806, -0.613997, -0.122109], [0.479559, 0.460511, 0.746962], [-0.4024, -0.641044, 0.653557]], [[0.792279, -0.593177, -0.142952], [0.560777, 0.800224, -0.212535], [0.240465, 0.0882228, 0.96664]], [[0.792279, -0.593177, -0.142952], [-0.140958, 0.0500124, -0.988752], [0.593654, 0.803517, -0.0439893]], [[0.792279, -0.593177, -0.142952], [-0.44561, -0.402467, -0.799658], [0.416805, 0.697253, -0.583191]]], "btipPosition": [-44.9492, 196.714, 27.9954], "carpPosition": [-53.5812, 196.191, 90.0415], "dipPosition": [-51.6897, 207.99, 18.5641], "direction": [0.593654, -0.803517, 0.0439893], "extended": false, "handId": 116, "id": 1163, "length": 55.7658, "mcpPosition": [-75.2233, 230.668, 54.8916], "pipPosition": [-65.924, 227.256, 17.5094], "stabilizedTipPosition": [-52.2092, 194.8, 53.9746], "timeVisible": 1.30159, "tipPosition": [-48.6202, 202.856, 22.113], "tipVelocity": [35.9106, 58.8619, -286.717], "tool": false, "touchDistance": 0.333333, "touchZone": "none", "type": 3, "width": 15.751}, {"bases": [[[0.637963, -0.751657, -0.167376], [0.557562, 0.30095, 0.773663], [-0.531157, -0.586891, 0.61109]], [[0.634099, -0.755888, -0.162946], [0.727098, 0.654576, -0.207026], [0.263149, 0.0127978, 0.96467]], [[0.634099, -0.755888, -0.162946], [-0.124045, 0.10856, -0.98632], [0.763237, 0.645638, -0.0249263]], [[0.634099, -0.755888, -0.162946], [-0.549095, -0.291799, -0.783166], [0.544438, 0.586077, -0.600083]]], "btipPosition": [-57.9147, 196.495, 34.7567], "carpPosition": [-60.5677, 187.342, 85.3293], "dipPosition": [-66.0373, 205.239, 25.8039], "direction": [0.763237, -0.645638, 0.0249263], "extended": false, "handId": 116, "id": 1164, "length": 43.7194, "mcpPosition": [-87.0119, 216.56, 54.9057], "pipPosition": [-78.9582, 216.169, 25.3819], "stabilizedTipPosition": [-66.0728, 195.248, 52.4026], "timeVisible": 1.30159, "tipPosition": [-63.3666, 201.712, 28.2799], "tipVelocity": [40.0547, 57.6111, -271.223], "tool": false, "touchDistance": 0.333333, "touchZone": "none", "type": 4, "width": 13.9913}], "r": [[0.980986, 0.0355729, 0.190788], [-0.0455827, 0.997791, 0.0483348], [-0.188648, -0.0561124, 0.98044]], "s": 0.842463, "t": [-1.02107, 13.9189, -28.1759], "timestamp": 629976420845}, {"currentFrameRate": 55.3364, "devices": [], "gestures": [], "hands": [{"armBasis": [[0.906088, -0.0644744, -0.418147], [0.339325, 0.701064, 0.62719], [0.25271, -0.710178, 0.657104]], "armWidth": 55.2734, "confidence": 1, "direction": [-0.334638, 0.77967, -0.529274], "elbow": [-101.985, 7.64705, 246.79], "grabAngle": 2.36658, "grabStrength": 0.0827049, "id": 116, "palmNormal": [0.242956, -0.471285, -0.847858], "palmPosition": [-52.8541, 223.875, 55.4414], "palmVelocity": [76.2609, 36.1279, -302.73], "palmWidth": 78.1236, "pinchDistance": 76.2902, "pinchStrength": 0, "r": [[0.980571, 0.0364303, 0.19275], [-0.0477928, 0.997362, 0.0546311], [-0.190251, -0.0627817, 0.979726]], "s": 0.842123, "sphereCenter": [-41.7217, 223.001, 11.3457], "sphereRadius": 44.7573, "stabilizedPalmPosition": [-58.0849, 212.606, 90.7916], "t": [2.27814, 14.5984, -32.8608], "timeVisible": 1.31958, "type": "left", "wrist": [-43.402, 172.281, 94.46]}], "id": 42823, "interactionBox": {"center": [0, 200, 0], "size": [235.247, 235.247, 147.751]}, "pointables": [{"bases": [[[0.648983, 0.407754, 0.642306], [-0.7547, 0.238317, 0.611255], [0.0961694, -0.881443, 0.462396]], [[0.490624, 0.82356, 0.28467], [-0.772542, 0.259994, 0.579294], [0.403071, -0.504136, 0.763794]], [[0.490624, 0.82356, 0.28467], [-0.81367, 0.316094, 0.487878], [0.311814, -0.470992, 0.82519]], [[0.490624, 0.82356, 0.28467], [-0.837094, 0.354735, 0.416458], [0.241996, -0.44262, 0.863438]]], "btipPosition": [12.7023, 234.679, 2.80881], "carpPosition": [-18.677, 190.207, 77.3873], "dipPosition": [7.80022, 225.713, 20.2994], "direction": [0.311814, 0.470992, -0.82519], "extended": true, "handId": 116, "id": 1160, "length": 45.1091, "mcpPosition": [-18.677, 190.207, 77.3873], "pipPosition": [-1.40182, 211.813, 44.6518], "stabilizedTipPosition": [4.42883, 228.644, 40.8355], "timeVisible": 1.31958, "tipPosition": [9.6564, 232.534, 6.18047], "tipVelocity": [37.8888, 42.0663, -323.602], "tool": false, "touchDistance": -0.2627, "touchZone": "hovering", "type": 0, "width": 17.6444}, {"bases": [[[0.95375, -0.275555, -0.120131], [0.266526, 0.590355, 0.761869], [-0.139016, -0.758651, 0.636493]], [[0.949073, -0.298532, -0.100691], [0.264808, 0.582717, 0.768321], [-0.170694, -0.755857, 0.632095]], [[0.949073, -0.298532, -0.100691], [0.312677, 0.853317, 0.417233], [-0.0386359, -0.427469, 0.903204]], [[0.949073, -0.298532, -0.100691], [0.298777, 0.954234, -0.0129847], [0.0999593, -0.0177609, 0.994833]]], "btipPosition": [-46.594, 287.661, -10.7785], "carpPosition": [-32.1354, 202.427, 86.5392], "dipPosition": [-48.0722, 287.398, 3.93351], "direction": [-0.0386359, 0.427469, -0.903204], "extended": true, "handId": 116, "id": 1161, "length": 50.9006, "mcpPosition": [-40.9165, 250.348, 46.3341], "pipPosition": [-47.2639, 278.455, 22.8291], "stabilizedTipPosition": [-56.8641, 286.462, 28.9862], "timeVisible": 1.31958, "tipPosition": [-48.3511, 293.238, -3.6125], "tipVelocity": [112.946, 25.7603, -295.519], "tool": false, "touchDistance": -0.222152, "touchZone": "hovering", "type": 1, "width": 16.8539}, {"bases": [[[0.866695, -0.472094, -0.161143], [0.420815, 0.518471, 0.744381], [-0.26787, -0.712962, 0.648021]], [[0.853904, -0.50338, -0.132121], [0.494914, 0.863951, -0.0929964], [0.160959, 0.0140216, 0.986862]], [[0.853904, -0.50338, -0.132121], [0.494914, 0.863951, -0.0929964], [0.160959, 0.0140216, 0.986862]], [[0.853904, -0.50338, -0.132121], [-0.0887323, 0.109332, -0.990037], [0.51281, 0.85712, 0.0486934]]], "btipPosition": [-39.5981, 228.628, -18.9968], "carpPosition": [-42.5699, 200.791, 86.0744], "dipPosition": [-47.9392, 242.57, -18.2048], "direction": [0.160959, -0.0140216, -0.986862], "extended": true, "handId": 116, "id": 1162, "length": 57.9972, "mcpPosition": [-58.616, 243.5, 47.2564], "pipPosition": [-51.9009, 242.915, 6.08484], "stabilizedTipPosition": [-46.1389, 218.532, 15.6506], "timeVisible": 1.31958, "tipPosition": [-39.9951, 228.284, -16.9819], "tipVelocity": [82.1919, 59.2354, -287.816], "tool": false, "touchDistance": -0.306307, "touchZone": "hovering", "type": 2, "width": 16.5528}, {"bases": [[[0.783624, -0.609599, -0.119678], [0.472908, 0.460425, 0.751244], [-0.402855, -0.645289, 0.649084]], [[0.803079, -0.576028, -0.1525], [0.543203, 0.812913, -0.210008], [0.244939, 0.0858145, 0.965733]], [[0.803079, -0.576028, -0.1525], [-0.14955, 0.0528948, -0.987338], [0.576801, 0.815717, -0.043666]], [[0.803079, -0.576028, -0.1525], [-0.446777, -0.412741, -0.793748], [0.394278, 0.705575, -0.58882]]], "btipPosition": [-44.1686, 197.157, 22.8149], "carpPosition": [-52.1809, 196.739, 84.502], "dipPosition": [-50.5449, 208.567, 13.2926], "direction": [0.576801, -0.815717, 0.043666], "extended": false, "handId": 116, "id": 1163, "length": 55.7658, "mcpPosition": [-73.8474, 231.444, 49.5927], "pipPosition": [-64.375, 228.126, 12.2456], "stabilizedTipPosition": [-52.2081, 194.801, 53.9687], "timeVisible": 1.31958, "tipPosition": [-47.5143, 203.488, 16.6963], "tipVelocity": [48.0584, 26.3471, -289.21], "tool": false, "touchDistance": 0.333333, "touchZone": "none", "type": 3, "width": 15.751}, {"bases": [[[0.642749, -0.747827, -0.16622], [0.551571, 0.301174, 0.777858], [-0.531642, -0.591649, 0.606059]], [[0.647686, -0.742269, -0.171873], [0.714333, 0.670055, -0.201879], [0.265013, 0.00798024, 0.964212]], [[0.647686, -0.742269, -0.171873], [-0.129132, 0.115375, -0.984893], [0.750885, 0.660095, -0.0211241]], [[0.647686, -0.742269, -0.171873], [-0.549316, -0.298609, -0.780439], [0.527973, 0.599891, -0.601145]]], "btipPosition": [-57.0083, 197.029, 29.4439], "carpPosition": [-59.2395, 187.942, 79.8006], "dipPosition": [-64.8852, 205.979, 20.4753], "direction": [0.750885, -0.660095, 0.0211241], "extended": false, "handId": 116, "id": 1164, "length": 43.7194, "mcpPosition": [-85.7077, 217.398, 49.6274], "pipPosition": [-77.597, 217.153, 20.1177], "stabilizedTipPosition": [-66.0715, 195.249, 52.3982], "timeVisible": 1.31958, "tipPosition": [-62.2258, 202.454, 22.9032], "tipVelocity": [53.5412, 32.3135, -295.604], "tool": false, "touchDistance": 0.333333, "touchZone": "none", "type": 4, "width": 13.9913}], "r": [[0.980571, 0.0364303, 0.19275], [-0.0477928, 0.997362, 0.0546311], [-0.190251, -0.0627817, 0.979726]], "s": 0.842123, "t": [-2.27814, 14.5984, -32.8608], "timestamp": 629976438830}, {"currentFrameRate": 55.3304, "devices": [], "gestures": [], "hands": [{"armBasis": [[0.908647, -0.0420808, -0.41544], [0.319852, 0.709721, 0.627687], [0.268433, -0.703225, 0.658345]], "armWidth": 55.2734, "confidence": 1, "direction": [-0.330311, 0.78518, -0.52382], "elbow": [-104.607, 10.4757, 241.119], "grabAngle": 2.38237, "grabStrength": 0.0953808, "id": 116, "palmNormal": [0.222263, -0.474658, -0.851645], "palmPosition": [-51.4683, 225.259, 49.6429], "palmVelocity": [76.5923, 76.5266, -320.464], "palmWidth": 78.1236, "pinchDistance": 75.4699, "pinchStrength": 0, "r": [[0.979506, 0.0402174, 0.197359], [-0.0529306, 0.99682, 0.0595686], [-0.194335, -0.0687941, 0.97852]], "s": 0.841403, "sphereCenter": [-40.4491, 224.59, 5.72815], "sphereRadius": 44.5443, "stabilizedPalmPosition": [-58.0835, 212.609, 90.7823], "t": [3.59961, 15.6305, -38.1025], "timeVisible": 1.33767, "type": "left", "wrist": [-42.3785, 173.498, 88.5005]}], "id": 42824, "interactionBox": {"center": [0, 200, 0], "size": [235.247, 235.247, 147.751]}, "pointables": [{"bases": [[[0.632383, 0.417715, 0.652385], [-0.767771, 0.225939, 0.599566], [0.103048, -0.880037, 0.463589]], [[0.476055, 0.827462, 0.29779], [-0.786988, 0.249736, 0.564165], [0.392456, -0.502931, 0.77009]], [[0.476055, 0.827462, 0.29779], [-0.826108, 0.304674, 0.474047], [0.301527, -0.471679, 0.828614]], [[0.476055, 0.827462, 0.29779], [-0.848742, 0.343652, 0.401922], [0.230239, -0.444084, 0.865898]]], "btipPosition": [12.8856, 235.51, -3.95117], "carpPosition": [-17.497, 191.04, 71.0481], "dipPosition": [8.22171, 226.514, 13.5892], "direction": [0.301527, 0.471679, -0.828614], "extended": true, "handId": 116, "id": 1160, "length": 45.1091, "mcpPosition": [-17.497, 191.04, 71.0481], "pipPosition": [-0.676733, 212.595, 38.0427], "stabilizedTipPosition": [4.43171, 228.645, 40.8196], "timeVisible": 1.33767, "tipPosition": [10.4648, 232.969, -0.548203], "tipVelocity": [13.1592, 45.5519, -372.969], "tool": false, "touchDistance": -0.365991, "touchZone": "hovering", "type": 0, "wi