{"frames": 57, "data": [{"currentFrameRate": 55.2653, "devices": [], "gestures": [], "hands": [{"armBasis": [[0.852137, 0.0176476, -0.52302], [0.379713, 0.666887, 0.641154], [0.360111, -0.74495, 0.561579]], "armWidth": 55.2734, "confidence": 1, "direction": [-0.116976, 0.865792, -0.48654], "elbow": [-131.941, -23.7808, 222.806], "grabAngle": 3.14159, "grabStrength": 1, "id": 119, "palmNormal": [0.361247, -0.419251, -0.832904], "palmPosition": [-44.1608, 204.71, 58.6638], "palmVelocity": [2.60094, -14.1993, -6.15824], "palmWidth": 78.1236, "pinchDistance": 13.9747, "pinchStrength": 1, "r": [[0.279885, 0.64458, 0.711465], [-0.111725, 0.757917, -0.642713], [-0.95351, 0.100397, 0.284145]], "s": 0.959338, "sphereCenter": [-38.5728, 197.935, 18.5526], "sphereRadius": 35.1974, "stabilizedPalmPosition": [-43.0094, 206.184, 58.9063], "t": [-2.65121, 16.9543, -11.0241], "timeVisible": 1.08459, "type": "left", "wrist": [-48.4596, 148.914, 92.62]}], "id": 44067, "interactionBox": {"center": [0, 200, 0], "size": [235.247, 235.247, 147.751]}, "pointables": [{"bases": [[[0.718194, 0.434002, 0.543911], [-0.628615, 0.0694692, 0.774608], [0.298396, -0.89823, 0.322712]], [[0.519961, 0.778214, 0.35217], [-0.716486, 0.172875, 0.675842], [0.465069, -0.603736, 0.647467]], [[0.519961, 0.778214, 0.35217], [-0.830504, 0.36416, 0.421487], [0.19976, -0.511635, 0.835659]], [[0.519961, 0.778214, 0.35217], [-0.850622, 0.509376, 0.130296], [-0.0779885, -0.367313, 0.926822]]], "btipPosition": [4.45309, 213.006, 11.5606], "carpPosition": [-19.7947, 164.591, 82.7464], "dipPosition": [6.03289, 205.565, 30.3351], "direction": [0.19976, 0.511635, -0.835659], "extended": false, "handId": 119, "id": 1190, "length": 45.1091, "mcpPosition": [-19.7947, 164.591, 82.7464], "pipPosition": [0.137699, 190.466, 54.9965], "stabilizedTipPosition": [5.24948, 212.16, 15.9865], "timeVisible": 1.08459, "tipPosition": [-3.69083, 212.353, 14.4514], "tipVelocity": [0.558057, -11.8588, -8.70339], "tool": false, "touchDistance": 0.329975, "touchZone": "hovering", "type": 0, "width": 17.6444}, {"bases": [[[0.931611, -0.123945, -0.341669], [0.351315, 0.548025, 0.759109], [0.0931559, -0.827228, 0.55409]], [[0.923166, -0.0676479, -0.378403], [0.103032, 0.991919, 0.0740341], [0.370337, -0.107334, 0.922676]], [[0.923166, -0.0676479, -0.378403], [-0.303905, 0.474349, -0.826217], [0.235387, 0.877734, 0.417344]], [[0.923166, -0.0676479, -0.378403], [-0.38402, -0.118407, -0.915701], [0.0171397, 0.990658, -0.135287]]], "btipPosition": [-8.50681, 200.923, 14.3923], "carpPosition": [-33.3404, 177.692, 90.4332], "dipPosition": [-8.76028, 215.574, 12.3916], "direction": [0.235387, -0.877734, -0.417344], "extended": false, "handId": 119, "id": 1191, "length": 50.9006, "mcpPosition": [-27.456, 229.945, 55.4333], "pipPosition": [-13.6847, 233.936, 21.1227], "stabilizedTipPosition": [-8.20509, 205.409, 14.2362], "timeVisible": 1.08459, "tipPosition": [-8.83455, 209.107, 10.6572], "tipVelocity": [1.5058, -9.61273, -11.3025], "tool": false, "touchDistance": 0.314623, "touchZone": "hovering", "type": 1, "width": 16.8539}, {"bases": [[[0.862, -0.326163, -0.388038], [0.505717, 0.500887, 0.702398], [-0.0347332, -0.801705, 0.59671]], [[0.862641, -0.284156, -0.418456], [0.156102, 0.936464, -0.314113], [0.481126, 0.205645, 0.85219]], [[0.862641, -0.284156, -0.418456], [-0.454469, -0.0722381, -0.887829], [0.222054, 0.956053, -0.191456]], [[0.862641, -0.284156, -0.418456], [-0.498766, -0.615506, -0.610234], [-0.0841599, 0.735125, -0.672688]]], "btipPosition": [-21.4616, 181.571, 32.0454], "carpPosition": [-43.5499, 177.615, 87.6892], "dipPosition": [-20.0927, 193.528, 21.1039], "direction": [0.222054, -0.956053, 0.191456], "extended": false, "handId": 119, "id": 1192, "length": 57.9972, "mcpPosition": [-45.6305, 225.639, 51.9447], "pipPosition": [-25.5581, 217.06, 16.3916], "stabilizedTipPosition": [-21.2608, 185.2, 30.0459], "timeVisible": 1.08459, "tipPosition": [-21.7918, 187.528, 27.6887], "tipVelocity": [1.36602, -10.9825, -12.3353], "tool": false, "touchDistance": 0.333333, "touchZone": "none", "type": 2, "width": 16.5528}, {"bases": [[[0.806901, -0.47741, -0.347836], [0.564646, 0.450492, 0.691543], [-0.173453, -0.754411, 0.63307]], [[0.812929, -0.448295, -0.371724], [0.286172, 0.863428, -0.415449], [0.507201, 0.231353, 0.830195]], [[0.812929, -0.448295, -0.371724], [-0.461165, -0.105754, -0.88099], [0.355632, 0.887608, -0.292708]], [[0.812929, -0.448295, -0.371724], [-0.582306, -0.634677, -0.50804], [-0.00817333, 0.629458, -0.776992]]], "btipPosition": [-34.3322, 175.309, 37.1692], "carpPosition": [-53.013, 175.144, 83.7389], "dipPosition": [-34.2, 185.488, 24.6038], "direction": [0.355632, -0.887608, 0.292708], "extended": false, "handId": 119, "id": 1193, "length": 55.7658, "mcpPosition": [-62.3417, 215.718, 49.6909], "pipPosition": [-42.7271, 206.771, 17.5854], "stabilizedTipPosition": [-34.4434, 178.59, 34.699], "timeVisible": 1.08459, "tipPosition": [-35.3874, 181.489, 31.2328], "tipVelocity": [1.70862, -11.8511, -11.3325], "tool": false, "touchDistance": 0.333333, "touchZone": "none", "type": 3, "width": 15.751}, {"bases": [[[0.676941, -0.629344, -0.381677], [0.665717, 0.302321, 0.682219], [-0.313962, -0.715911, 0.623619]], [[0.68632, -0.606918, -0.400768], [0.453401, 0.787892, -0.416718], [0.568675, 0.104293, 0.815924]], [[0.68632, -0.606918, -0.400768], [-0.499027, 0.00789794, -0.866551], [0.52909, 0.794725, -0.297448]], [[0.68632, -0.606918, -0.400768], [-0.721044, -0.49568, -0.484145], [0.0951834, 0.62125, -0.77781]]], "btipPosition": [-47.7483, 177.654, 37.3015], "carpPosition": [-59.8988, 167.927, 76.6804], "dipPosition": [-49.1683, 186.923, 25.6972], "direction": [0.52909, -0.794725, 0.297448], "extended": false, "handId": 119, "id": 1194, "length": 43.7194, "mcpPosition": [-75.5297, 203.569, 45.633], "pipPosition": [-58.1253, 200.377, 20.6616], "stabilizedTipPosition": [-48.176, 180.79, 35.0336], "timeVisible": 1.08459, "tipPosition": [-49.4172, 184.04, 31.3085], "tipVelocity": [1.98184, -11.6843, -9.61118], "tool": false, "touchDistance": 0.333333, "touchZone": "none", "type": 4, "width": 13.9913}], "r": [[0.279885, 0.64458, 0.711465], [-0.111725, 0.757917, -0.642713], [-0.95351, 0.100397, 0.284145]], "s": 0.959338, "t": [2.65121, 16.9543, -11.0241], "timestamp": 629999504731}, {"currentFrameRate": 55.239, "devices": [], "gestures": [], "hands": [{"armBasis": [[0.852368, 0.0178243, -0.522638], [0.378783, 0.66801, 0.640537], [0.360544, -0.743939, 0.562638]], "armWidth": 55.2734, "confidence": 1, "direction": [-0.11696, 0.865567, -0.486944], "elbow": [-132.002, -23.7441, 223.004], "grabAngle": 3.14159, "grabStrength": 1, "id": 119, "palmNormal": [0.360274, -0.419932, -0.832983], "palmPosition": [-44.1176, 204.487, 58.5762], "palmVelocity": [2.36978, -12.2605, -4.81464], "palmWidth": 78.1236, "pinchDistance": 13.9661, "pinchStrength": 1, "r": [[0.280147, 0.644245, 0.711664], [-0.111495, 0.75817, -0.642454], [-0.95346, 0.100635, 0.284229]], "s": 0.958958, "sphereCenter": [-38.5802, 197.673, 18.4489], "sphereRadius": 35.2021, "stabilizedPalmPosition": [-43.0216, 206.165, 58.9027], "t": [-2.61688, 16.7337, -11.1124], "timeVisible": 1.10278, "type": "left", "wrist": [-48.4207, 148.716, 92.573]}], "id": 44068, "interactionBox": {"center": [0, 200, 0], "size": [235.247, 235.247, 147.751]}, "pointables": [{"bases": [[[0.717474, 0.434701, 0.544303], [-0.629351, 0.0695943, 0.773999], [0.298577, -0.897882, 0.323511]], [[0.519268, 0.778657, 0.352212], [-0.717064, 0.17275, 0.675261], [0.464952, -0.6032, 0.64805]], [[0.519268, 0.778657, 0.352212], [-0.831084, 0.364057, 0.42043], [0.199146, -0.511034, 0.836173]], [[0.519268, 0.778657, 0.352212], [-0.850966, 0.509126, 0.129027], [-0.0788526, -0.36672, 0.926984]]], "btipPosition": [4.45616, 212.732, 11.4312], "carpPosition": [-19.751, 164.369, 82.6604], "dipPosition": [6.05347, 205.303, 30.209], "direction": [0.199146, 0.511034, -0.836173], "extended": false, "handId": 119, "id": 1190, "length": 45.1091, "mcpPosition": [-19.751, 164.369, 82.6604], "pipPosition": [0.176419, 190.222, 54.8856], "stabilizedTipPosition": [5.24293, 212.143, 15.9829], "timeVisible": 1.10278, "tipPosition": [-3.67939, 212.082, 14.3235], "tipVelocity": [0.389992, -14.9308, -7.06982], "tool": false, "touchDistance": 0.327831, "touchZone": "hovering", "type": 0, "width": 17.6444}, {"bases": [[[0.931985, -0.123655, -0.340755], [0.350341, 0.548657, 0.759102], [0.0930912, -0.826852, 0.554662]], [[0.923395, -0.0666002, -0.378028], [0.101187, 0.992233, 0.0723561], [0.370273, -0.105065, 0.922962]], [[0.923395, -0.0666002, -0.378028], [-0.304238, 0.473514, -0.826573], [0.234052, 0.878265, 0.416978]], [[0.923395, -0.0666002, -0.378028], [-0.383512, -0.118721, -0.915873], [0.0161175, 0.990692, -0.135168]]], "btipPosition": [-8.49875, 200.594, 14.27], "carpPosition": [-33.2828, 177.482, 90.3518], "dipPosition": [-8.7371, 215.244, 12.2711], "direction": [0.234052, -0.878265, -0.416978], "extended": false, "handId": 119, "id": 1191, "length": 50.9006, "mcpPosition": [-27.4026, 229.711, 55.3157], "pipPosition": [-13.6336, 233.618, 20.9945], "stabilizedTipPosition": [-8.21042, 205.387, 14.2297], "timeVisible": 1.10278, "tipPosition": [-8.83132, 208.817, 10.5486], "tipVelocity": [0.634224, -18.1177, -6.70065], "tool": false, "touchDistance": 0.312592, "touchZone": "hovering", "type": 1, "width": 16.8539}, {"bases": [[[0.862522, -0.325937, -0.387068], [0.504819, 0.501567, 0.702559], [-0.0348498, -0.801371, 0.597152]], [[0.863161, -0.283394, -0.4179], [0.15579, 0.936736, -0.313457], [0.480294, 0.205459, 0.852704]], [[0.863161, -0.283394, -0.4179], [-0.453616, -0.0717005, -0.888308], [0.221778, 0.956319, -0.190441]], [[0.863161, -0.283394, -0.4179], [-0.49793, -0.615059, -0.611366], [-0.083776, 0.735792, -0.672006]]], "btipPosition": [-21.4488, 181.335, 31.8893], "carpPosition": [-43.4949, 177.409, 87.617], "dipPosition": [-20.0861, 193.303, 20.9589], "direction": [0.221778, -0.956319, 0.190441], "extended": false, "handId": 119, "id": 1192, "length": 57.9972, "mcpPosition": [-45.5824, 225.413, 51.8461], "pipPosition": [-25.5447, 216.841, 16.2716], "stabilizedTipPosition": [-21.2576, 185.172, 30.0289], "timeVisible": 1.10278, "tipPosition": [-21.7831, 187.262, 27.5982], "tipVelocity": [0.624598, -12.8308, -8.44096], "tool": false, "touchDistance": 0.333333, "touchZone": "none", "type": 2, "width": 16.5528}, {"bases": [[[0.807466, -0.47719, -0.346826], [0.563784, 0.451197, 0.691787], [-0.173627, -0.754129, 0.633358]], [[0.813564, -0.447737, -0.371006], [0.286132, 0.863709, -0.414892], [0.506203, 0.231384, 0.830794]], [[0.813564, -0.447737, -0.371006], [-0.460128, -0.105606, -0.881549], [0.355521, 0.887907, -0.291934]], [[0.813564, -0.447737, -0.371006], [-0.581429, -0.634472, -0.509299], [-0.00736121, 0.630061, -0.776511]]], "btipPosition": [-34.3194, 175.072, 37.0419], "carpPosition": [-52.9628, 174.94, 83.6767], "dipPosition": [-34.2004, 185.261, 24.4843], "direction": [0.355521, -0.887907, 0.291934], "extended": false, "handId": 119, "id": 1193, "length": 55.7658, "mcpPosition": [-62.3009, 215.499, 49.6132], "pipPosition": [-42.7248, 206.551, 17.4845], "stabilizedTipPosition": [-34.4382, 178.549, 34.6801], "timeVisible": 1.10278, "tipPosition": [-35.378, 181.233, 31.1601], "tipVelocity": [0.533854, -12.8984, -6.89392], "tool": false, "touchDistance": 0.333333, "touchZone": "none", "type": 3, "width": 15.751}, {"bases": [[[0.677616, -0.629212, -0.380695], [0.664942, 0.303074, 0.682641], [-0.314147, -0.715708, 0.623757]], [[0.687209, -0.606272, -0.400223], [0.453361, 0.788386, -0.415826], [0.567634, 0.104314, 0.816646]], [[0.687209, -0.606272, -0.400223], [-0.497941, 0.00803839, -0.867174], [0.52896, 0.795217, -0.296364]], [[0.687209, -0.606272, -0.400223], [-0.720082, -0.495635, -0.485621], [0.0960544, 0.621917, -0.77717]]], "btipPosition": [-47.7386, 177.421, 37.1929], "carpPosition": [-59.8588, 167.722, 76.6287], "dipPosition": [-49.1716, 186.7, 25.5981], "direction": [0.52896, -0.795217, 0.296364], "extended": false, "handId": 119, "id": 1194, "length": 43.7194, "mcpPosition": [-75.4989, 203.355, 45.5744], "pipPosition": [-58.1264, 200.162, 20.5809], "stabilizedTipPosition": [-48.1725, 180.751, 35.0173], "timeVisible": 1.10278, "tipPosition": [-49.4063, 183.793, 31.246], "tipVelocity": [0.3688, -12.687, -5.84845], "tool": false, "touchDistance": 0.333333, "touchZone": "none", "type": 4, "width": 13.9913}], "r": [[0.280147, 0.644245, 0.711664], [-0.111495, 0.75817, -0.642454], [-0.95346, 0.100635, 0.284229]], "s": 0.958958, "t": [2.61688, 16.7337, -11.1124], "timestamp": 629999522925}, {"currentFrameRate": 55.28, "devices": [], "gestures": [], "hands": [{"armBasis": [[0.852518, 0.017552, -0.522403], [0.378235, 0.669093, 0.639729], [0.360765, -0.742972, 0.563775]], "armWidth": 55.2734, "confidence": 1, "direction": [-0.117184, 0.866352, -0.485492], "elbow": [-132.001, -23.7783, 223.133], "grabAngle": 3.14159, "grabStrength": 1, "id": 119, "palmNormal": [0.359627, -0.418663, -0.8339], "palmPosition": [-44.0766, 204.267, 58.5049], "palmVelocity": [2.28892, -12.2621, -3.97087], "palmWidth": 78.1236, "pinchDistance": 13.9681, "pinchStrength": 1, "r": [[0.280238, 0.64376, 0.712067], [-0.111241, 0.758572, -0.642024], [-0.953463, 0.100708, 0.284194]], "s": 0.958495, "sphereCenter": [-38.5833, 197.5, 18.3355], "sphereRadius": 35.2165, "stabilizedPalmPosition": [-43.0329, 206.145, 58.8984], "t": [-2.57917, 16.5134, -11.1921], "timeVisible": 1.12073, "type": "left", "wrist": [-48.3686, 148.458, 92.4379]}], "id": 44069, "interactionBox": {"center": [0, 200, 0], "size": [235.247, 235.247, 147.751]}, "pointables": [{"bases": [[[0.717029, 0.433938, 0.545497], [-0.629907, 0.0682841, 0.773663], [0.298473, -0.898352, 0.322302]], [[0.518808, 0.778283, 0.353715], [-0.717574, 0.171553, 0.675024], [0.464678, -0.604024, 0.647479]], [[0.518808, 0.778283, 0.353715], [-0.831423, 0.363072, 0.420612], [0.198931, -0.512304, 0.835447]], [[0.518808, 0.778283, 0.353715], [-0.85122, 0.508592, 0.129457], [-0.0791429, -0.368252, 0.926351]]], "btipPosition": [4.48477, 212.574, 11.338], "carpPosition": [-19.6984, 164.108, 82.5085], "dipPosition": [6.08796, 205.114, 30.103], "direction": [0.198931, 0.512304, -0.835447], "extended": false, "handId": 119, "id": 1190, "length": 45.1091, "mcpPosition": [-19.6984, 164.108, 82.5085], "pipPosition": [0.217249, 189.996, 54.7582], "stabilizedTipPosition": [5.23764, 212.125, 15.9784], "timeVisible": 1.12073, "tipPosition": [-3.65767, 211.925, 14.2375], "tipVelocity": [1.66949, -9.17926, -5.35776], "tool": false, "touchDistance": 0.326228, "touchZone": "hovering", "type": 0, "width": 17.6444}, {"bases": [[[0.932242, -0.122988, -0.340292], [0.349729, 0.547504, 0.760216], [0.0928134, -0.827716, 0.553419]], [[0.923467, -0.0647895, -0.378169], [0.0998443, 0.992261, 0.0738154], [0.37046, -0.105924, 0.922789]], [[0.923467, -0.0647895, -0.378169], [-0.304607, 0.475499, -0.825297], [0.23329, 0.877327, 0.419373]], [[0.923467, -0.0647895, -0.378169], [-0.383375, -0.116629, -0.916199], [0.0152548, 0.99106, -0.132541]]], "btipPosition": [-8.47825, 200.423, 14.1443], "carpPosition": [-33.223, 177.21, 90.2301], "dipPosition": [-8.70385, 215.079, 12.1843], "direction": [0.23329, -0.877327, -0.419372], "extended": false, "handId": 119, "id": 1191, "length": 50.9006, "mcpPosition": [-27.3603, 229.494, 55.2726], "pipPosition": [-13.5844, 233.433, 20.9578], "stabilizedTipPosition": [-8.21484, 205.365, 14.2223], "timeVisible": 1.12073, "tipPosition": [-8.82302, 208.659, 10.4655], "tipVelocity": [1.30543, -9.46463, -6.50464], "tool": false, "touchDistance": 0.310646, "touchZone": "hovering", "type": 1, "width": 16.8539}, {"bases": [[[0.86284, -0.325207, -0.386973], [0.504253, 0.500524, 0.703707], [-0.0351611, -0.802319, 0.595859]], [[0.863481, -0.281552, -0.418483], [0.155408, 0.937846, -0.310312], [0.479842, 0.202913, 0.853568]], [[0.863481, -0.281552, -0.418483], [-0.453078, -0.0684007, -0.888843], [0.221631, 0.957105, -0.186628]], [[0.863481, -0.281552, -0.418483], [-0.497427, -0.612658, -0.614179], [-0.0834637, 0.738497, -0.669071]]], "btipPosition": [-21.4269, 181.169, 31.6745], "carpPosition": [-43.437, 177.143, 87.5024], "dipPosition": [-20.0694, 193.181, 20.7919], "direction": [0.221631, -0.957105, 0.186628], "extended": false, "handId": 119, "id": 1192, "length": 57.9972, "mcpPosition": [-45.5432, 225.204, 51.809], "pipPosition": [-25.5244, 216.738, 16.1984], "stabilizedTipPosition": [-21.2551, 185.151, 30.0141], "timeVisible": 1.12073, "tipPosition": [-21.7625, 187.07, 27.4937], "tipVelocity": [1.1514, -8.70597, -11.354], "tool": false, "touchDistance": 0.333333, "touchZone": "none", "type": 2, "width": 16.5528}, {"bases": [[[0.807777, -0.47653, -0.34701], [0.563233, 0.450179, 0.692898], [-0.17397, -0.755154, 0.632042]], [[0.814046, -0.446176, -0.371827], [0.285999, 0.865141, -0.411989], [0.505503, 0.229036, 0.831871]], [[0.814046, -0.446176, -0.371827], [-0.459268, -0.102611, -0.882352], [0.355531, 0.889043, -0.288444]], [[0.814046, -0.446176, -0.371827], [-0.580764, -0.632441, -0.512573], [-0.00646098, 0.633202, -0.773959]]], "btipPosition": [-34.2954, 174.881, 36.8344], "carpPosition": [-52.9081, 174.681, 83.565], "dipPosition": [-34.191, 185.121, 24.318], "direction": [0.355531, -0.889043, 0.288444], "extended": false, "handId": 119, "id": 1193, "length": 55.7658, "mcpPosition": [-62.2646, 215.295, 49.5722], "pipPosition": [-42.7157, 206.438, 17.4019], "stabilizedTipPosition": [-34.4341, 178.517, 34.6625], "timeVisible": 1.12073, "tipPosition": [-35.3539, 181.036, 31.0609], "tipVelocity": [1.14922, -9.97222, -11.0353], "tool": false, "touchDistance": 0.333333, "touchZone": "none", "type": 3, "width": 15.751}, {"bases": [[[0.677972, -0.628517, -0.38121], [0.664418, 0.302085, 0.683589], [-0.314489, -0.716737, 0.622402]], [[0.687829, -0.604905, -0.401225], [0.453576, 0.789723, -0.413046], [0.56671, 0.102119, 0.817564]], [[0.687829, -0.604905, -0.401225], [-0.496667, 0.0108957, -0.867873], [0.529352, 0.796223, -0.292942]], [[0.687829, -0.604905, -0.401225], [-0.719291, -0.493734, -0.48872], [0.0975308, 0.624753, -0.774707]]], "btipPosition": [-47.7064, 177.234, 37.0192], "carpPosition": [-59.81, 167.476, 76.5104], "dipPosition": [-49.1615, 186.555, 25.4612], "direction": [0.529352, -0.796223, 0.292942], "extended": false, "handId": 119, "id": 1194, "length": 43.7194, "mcpPosition": [-75.4671, 203.159, 45.5235], "pipPosition": [-58.123, 200.034, 20.502], "stabilizedTipPosition": [-48.1694, 180.718, 35.0017], "timeVisible": 1.12073, "tipPosition": [-49.3822, 183.601, 31.1581], "tipVelocity": [1.50805, -9.89952, -9.20472], "tool": false, "touchDistance": 0.333333, "touchZone": "none", "type": 4, "width": 13.9913}], "r": [[0.280238, 0.64376, 0.712067], [-0.111241, 0.758572, -0.642024], [-0.953463, 0.100708, 0.284194]], "s": 0.958495, "t": [2.57917, 16.5134, -11.1921], "timestamp": 629999540873}, {"currentFrameRate": 55.2461, "devices": [], "gestures": [], "hands": [{"armBasis": [[0.853319, 0.0185548, -0.521059], [0.376349, 0.669724, 0.640181], [0.360844, -0.742378, 0.564505]], "armWidth": 55.2734, "confidence": 1, "direction": [-0.116877, 0.866074, -0.486061], "elbow": [-131.991, -23.7109, 223.32], "grabAngle": 3.14159, "grabStrength": 1, "id": 119, "palmNormal": [0.357741, -0.419848, -0.834116], "palmPosition": [-44.032, 204.165, 58.472], "palmVelocity": [2.44585, -5.60869, -1.80995], "palmWidth": 78.1236, "pinchDistance": 13.9828, "pinchStrength": 1, "r": [[0.279917, 0.643567, 0.712368], [-0.111022, 0.758753, -0.641848], [-0.953583, 0.100576, 0.283838]], "s": 0.957916, "sphereCenter": [-38.6276, 197.339, 18.2672], "sphereRadius": 35.233, "stabilizedPalmPosition": [-43.0435, 206.124, 58.8939], "t": [-2.53804, 16.3522, -11.2485], "timeVisible": 1.13895, "type": "left", "wrist": [-48.34, 148.388, 92.4558]}], "id": 44070, "interactionBox": {"center": [0, 200, 0], "size": [235.247, 235.247, 147.751]}, "pointables": [{"bases": [[[0.715592, 0.435323, 0.54628], [-0.63125, 0.0681636, 0.772579], [0.299085, -0.89769, 0.323575]], [[0.517198, 0.779301, 0.35383], [-0.718637, 0.170891, 0.67406], [0.464829, -0.602898, 0.64842]], [[0.517198, 0.779301, 0.35383], [-0.832565, 0.3623, 0.419017], [0.198348, -0.511301, 0.836199]], [[0.517198, 0.779301, 0.35383], [-0.852089, 0.507648, 0.127429], [-0.0803159, -0.3674, 0.926589]]], "btipPosition": [4.48298, 212.367, 11.2333], "carpPosition": [-19.6657, 163.996, 82.4711], "dipPosition": [6.10993, 204.925, 30.0031], "direction": [0.198348, 0.511301, -0.8362], "extended": false, "handId": 119, "id": 1190, "length": 45.1091, "mcpPosition": [-19.6657, 163.996, 82.4711], "pipPosition": [0.256434, 189.835, 54.6804], "stabilizedTipPosition": [5.23272, 212.106, 15.9729], "timeVisible": 1.13895, "tipPosition": [-3.66115, 211.731, 14.1346], "tipVelocity": [0.201764, -11.1513, -5.68797], "tool": false, "touchDistance": 0.324501, "touchZone": "hovering", "type": 0, "width": 17.6444}, {"bases": [[[0.932949, -0.122105, -0.338669], [0.3478, 0.548612, 0.760303], [0.0929606, -0.827113, 0.554295]], [[0.92405, -0.0633639, -0.376984], [0.0977992, 0.992533, 0.072896], [0.36955, -0.104228, 0.923347]], [[0.92405, -0.0633639, -0.376984], [-0.304296, 0.474975, -0.825714], [0.231378, 0.877715, 0.419619]], [[0.92405, -0.0633639, -0.376984], [-0.382015, -0.11689, -0.916734], [0.0140221, 0.991121, -0.132218]]], "btipPosition": [-8.49913, 200.224, 14.0314], "carpPosition": [-33.1611, 177.122, 90.2032], "dipPosition": [-8.70649, 214.881, 12.0761], "direction": [0.231378, -0.877715, -0.419619], "extended": false, "handId": 119, "id": 1191, "length": 50.9006, "mcpPosition": [-27.2891, 229.368, 55.1903], "pipPosition": [-13.5471, 233.244, 20.8548], "stabilizedTipPosition": [-8.21942, 205.34, 14.2134], "timeVisible": 1.13895, "tipPosition": [-8.85052, 208.461, 10.3774], "tipVelocity": [-0.915643, -10.8733, -6.13881], "tool": false, "touchDistance": 0.308782, "touchZone": "hovering", "type": 1, "width": 16.8539}, {"bases": [[[0.863878, -0.324453, -0.385285], [0.502475, 0.501778, 0.704086], [-0.0351147, -0.801841, 0.596505]], [[0.864502, -0.279862, -0.417508], [0.154538, 0.938409, -0.309041], [0.478283, 0.202645, 0.854506]], [[0.864502, -0.279862, -0.417508], [-0.451585, -0.0677426, -0.889653], [0.220697, 0.957647, -0.184945]], [[0.864502, -0.279862, -0.417508], [-0.495687, -0.612286, -0.615955], [-0.0832518, 0.739448, -0.668046]]], "btipPosition": [-21.4514, 181.045, 31.5284], "carpPosition": [-43.3796, 177.065, 87.4921], "dipPosition": [-20.0972, 193.073, 20.6624], "direction": [0.220697, -0.957647, 0.184945], "extended": false, "handId": 119, "id": 1192, "length": 57.9972, "mcpPosition": [-45.4831, 225.097, 51.76], "pipPosition": [-25.5293, 216.643, 16.1103], "stabilizedTipPosition": [-21.2536, 185.133, 30.0012], "timeVisible": 1.13895, "tipPosition": [-21.786, 186.892, 27.4498], "tipVelocity": [-1.38405, -6.60222, -7.81251], "tool": false, "touchDistance": 0.333333, "touchZone": "none", "type": 2, "width": 16.5528}, {"bases": [[[0.808942, -0.475811, -0.345279], [0.561536, 0.451499, 0.693416], [-0.174042, -0.75482, 0.632421]], [[0.815392, -0.444492, -0.370894], [0.285431, 0.866072, -0.410424], [0.503652, 0.228792, 0.83306]], [[0.815392, -0.444492, -0.370894], [-0.457413, -0.101976, -0.883388], [0.354837, 0.889959, -0.286467]], [[0.815392, -0.444492, -0.370894], [-0.578883, -0.632136, -0.515071], [-0.00551059, 0.634689, -0.772748]]], "btipPosition": [-34.3243, 174.758, 36.7083], "carpPosition": [-52.8602, 174.612, 83.5723], "dipPosition": [-34.2352, 185.022, 24.2115], "direction": [0.354837, -0.889959, 0.286467], "extended": false, "handId": 119, "id": 1193, "length": 55.7658, "mcpPosition": [-62.2206, 215.208, 49.5591], "pipPosition": [-42.7432, 206.361, 17.3428], "stabilizedTipPosition": [-34.4317, 178.491, 34.6468], "timeVisible": 1.13895, "tipPosition": [-35.3764, 180.874, 31.0524], "tipVelocity": [-1.77727, -6.47759, -6.67415], "tool": false, "touchDistance": 0.333333, "touchZone": "none", "type": 3, "width": 15.751}, {"bases": [[[0.679385, -0.627991, -0.379557], [0.662923, 0.303524, 0.684402], [-0.314594, -0.716589, 0.622519]], [[0.689602, -0.603482, -0.400323], [0.453401, 0.790825, -0.411125], [0.564692, 0.102006, 0.818974]], [[0.689602, -0.603482, -0.400323], [-0.494513, 0.011435, -0.869095], [0.529061, 0.797294, -0.290544]], [[0.689602, -0.603482, -0.400323], [-0.717385, -0.493666, -0.491582], [0.0990355, 0.626181, -0.773362]]], "btipPosition": [-47.7286, 177.124, 36.9345], "carpPosition": [-59.7827, 167.41, 76.5352], "dipPosition": [-49.2061, 186.466, 25.3965], "direction": [0.529061, -0.797294, 0.290544], "extended": false, "handId": 119, "id": 1194, "length": 43.7194, "mcpPosition": [-75.445, 203.086, 45.5426], "pipPosition": [-58.1626, 199.964, 20.4778], "stabilizedTipPosition": [-48.1674, 180.689, 34.9872], "timeVisible": 1.13895, "tipPosition": [-49.4014, 183.46, 31.1679], "tipVelocity": [-1.49863, -5.75661, -4.40026], "tool": false, "touchDistance": 0.333333, "touchZone": "none", "type": 4, "width": 13.9913}], "r": [[0.279917, 0.643567, 0.712368], [-0.111022, 0.758753, -0.641848], [-0.953583, 0.100576, 0.283838]], "s": 0.957916, "t": [2.53804, 16.3522, -11.2485], "timestamp": 629999559091}, {"currentFrameRate": 55.2889, "devices": [], "gestures": [], "hands": [{"armBasis": [[0.853394, 0.0187172, -0.52093], [0.375884, 0.670291, 0.63986], [0.361152, -0.741862, 0.564987]], "armWidth": 55.2734, "confidence": 1, "direction": [-0.116749, 0.865762, -0.486648], "elbow": [-132.044, -23.696, 223.414], "grabAngle": 3.14159, "grabStrength": 1, "id": 119, "palmNormal": [0.357294, -0.420579, -0.833939], "palmPosition": [-44.0036, 204.034, 58.4143], "palmVelocity": [1.58185, -7.26786, -3.21486], "palmWidth": 78.1236, "pinchDistance": 13.9881, "pinchStrength": 1, "r": [[0.279564, 0.643536, 0.712534], [-0.110853, 0.758796, -0.641825], [-0.953706, 0.100445, 0.28347]], "s": 0.957379, "sphereCenter": [-38.637, 197.162, 18.1829], "sphereRadius": 35.2506, "stabilizedPalmPosition": [-43.0528, 206.104, 58.8893], "t": [-2.50328, 16.2063, -11.3055], "timeVisible": 1.15689, "type": "left", "wrist": [-48.3214, 148.283, 92.4386]}], "id": 44071, "interactionBox": {"center": [0, 200, 0], "size": [235.247, 235.247, 147.751]}, "pointables": [{"bases": [[[0.715243, 0.43597, 0.546222], [-0.631552, 0.0685035, 0.772301], [0.299282, -0.89735, 0.324334]], [[0.516623, 0.779927, 0.35329], [-0.718917, 0.171025, 0.673728], [0.465037, -0.602049, 0.649058]], [[0.516623, 0.779927, 0.35329], [-0.832907, 0.362169, 0.418448], [0.198408, -0.510438, 0.836712]], [[0.516623, 0.779927, 0.35329], [-0.852424, 0.507285, 0.126627], [-0.0804588, -0.366572, 0.926904]]], "btipPosition": [4.51377, 212.167, 11.1471], "carpPosition": [-19.6427, 163.874, 82.4338], "dipPosition": [6.14362, 204.741, 29.9233], "direction": [0.198408, 0.510438, -0.836712], "extended": false, "handId": 119, "id": 1190, "length": 45.1091, "mcpPosition": [-19.6427, 163.874, 82.4338], "pipPosition": [0.288325, 189.678, 54.6158], "stabilizedTipPosition": [5.22842, 212.086, 15.9666], "timeVisible": 1.15689, "tipPosition": [-3.63225, 211.552, 14.0592], "tipVelocity": [1.75363, -10.9388, -4.72252], "tool": false, "touchDistance": 0.323089, "touchZone": "hovering", "type": 0, "width": 17.6444}, {"bases": [[[0.933114, -0.122025, -0.338244], [0.347333, 0.549286, 0.760029], [0.0930502, -0.826677, 0.554929]], [[0.924103, -0.0627668, -0.376953], [0.0970171, 0.992635, 0.0725538], [0.369622, -0.103618, 0.923387]], [[0.924103, -0.0627668, -0.376953], [-0.304562, 0.474827, -0.825701], [0.230814, 0.877838, 0.419673]], [[0.924103, -0.0627668, -0.376953], [-0.381907, -0.117032, -0.916761], [0.0134265, 0.991143, -0.132121]]], "btipPosition": [-8.48105, 200.06, 13.9453], "carpPosition": [-33.1308, 177.011, 90.1612], "dipPosition": [-8.6796, 214.717, 11.9915], "direction": [0.230814, -0.877838, -0.419673], "extended": false, "handId": 119, "id": 1191, "length": 50.9006, "mcpPosition": [-27.2531, 229.229, 55.1083], "pipPosition": [-13.5084, 233.082, 20.7713], "stabilizedTipPosition": [-8.22357, 205.314, 14.2037], "timeVisible": 1.15689, "tipPosition": [-8.83755, 208.277, 10.3084], "tipVelocity": [1.12078, -9.1495, -4.77891], "tool": false, "touchDistance": 0.307353, "touchZone": "hovering", "type": 1, "width": 16.8539}, {"bases": [[[0.864131, -0.32443, -0.384738], [0.502046, 0.502465, 0.703903], [-0.0350492, -0.80142, 0.597074]], [[0.864735, -0.278924, -0.417653], [0.153983, 0.938795, -0.308144], [0.478039, 0.202151, 0.854759]], [[0.864735, -0.278924, -0.417653], [-0.451408, -0.0671341, -0.889789], [0.220144, 0.957964, -0.183962]], [[0.864735, -0.278924, -0.417653], [-0.495241, -0.611801, -0.616795], [-0.0834821, 0.740203, -0.667181]]], "btipPosition": [-21.4456, 180.911, 31.4072], "carpPosition": [-43.3503, 176.956, 87.4539], "dipPosition": [-20.0877, 192.951, 20.5553], "direction": [0.220144, -0.957964, 0.183962], "extended": false, "handId": 119, "id": 1192, "length": 57.9972, "mcpPosition": [-45.4498, 224.963, 51.6877], "pipPosition": [-25.5061, 216.529, 16.0274], "stabilizedTipPosition": [-21.2522, 185.116, 29.9886], "timeVisible": 1.15689, "tipPosition": [-21.7717, 186.717, 27.404], "tipVelocity": [0.370148, -7.32481, -6.576], "tool": false, "touchDistance": 0.333333, "touchZone": "none", "type": 2, "width": 16.5528}, {"bases": [[[0.809233, -0.475778, -0.344642], [0.561128, 0.452199, 0.693291], [-0.174006, -0.754421, 0.632906]], [[0.815866, -0.443455, -0.371093], [0.284905, 0.866742, -0.409375], [0.503181, 0.228269, 0.833488]], [[0.815866, -0.443455, -0.371093], [-0.457008, -0.101323, -0.883673], [0.354268, 0.890551, -0.285328]], [[0.815866, -0.443455, -0.371093], [-0.578216, -0.631635, -0.516434], [-0.00538082, 0.635913, -0.771742]]], "btipPosition": [-34.325, 174.613, 36.5891], "carpPosition": [-52.8331, 174.503, 83.5392], "dipPosition": [-34.238, 184.897, 24.1086], "direction": [0.354268, -0.890551, 0.285328], "extended": false, "handId": 119, "id": 1193, "length": 55.7658, "mcpPosition": [-62.1915, 215.078, 49.5], "pipPosition": [-42.7324, 206.25, 17.2671], "stabilizedTipPosition": [-34.4296, 178.466, 34.6318], "timeVisible": 1.15689, "tipPosition": [-35.3607, 180.702, 31.0221], "tipVelocity": [-0.0648526, -7.78804, -6.43713], "tool": false, "touchDistance": 0.333333, "touchZone": "none", "type": 3, "width": 15.751}, {"bases": [[[0.679742, -0.628029, -0.378856], [0.66257, 0.304253, 0.68442], [-0.314567, -0.716247, 0.622926]], [[0.69041, -0.602383, -0.400584], [0.452963, 0.791723, -0.409877], [0.564055, 0.101533, 0.819471]], [[0.69041, -0.602383, -0.400584], [-0.493909, 0.0120847, -0.86943], [0.528571, 0.798115, -0.289179]], [[0.69041, -0.602383, -0.400584], [-0.716557, -0.493362, -0.493092], [0.0993975, 0.627477, -0.772264]]], "btipPosition": [-47.7276, 176.977, 36.8342], "carpPosition": [-59.7607, 167.298, 76.5099], "dipPosition": [-49.2106, 186.338, 25.3126], "direction": [0.528571, -0.798115, 0.289179], "extended": false, "handId": 119, "id": 1194, "length": 43.7194, "mcpPosition": [-75.4217, 202.957, 45.497], "pipPosition": [-58.1588, 199.849, 20.417], "stabilizedTipPosition": [-48.1656, 180.661, 34.9731], "timeVisible": 1.15689, "tipPosition": [-49.3849, 183.295, 31.1393], "tipVelocity": [-0.0163175, -7.97618, -5.37977], "tool": false, "touchDistance": 0.333333, "touchZone": "none", "type": 4, "width": 13.9913}], "r": [[0.279564, 0.643536, 0.712534], [-0.110853, 0.758796, -0.641825], [-0.953706, 0.100445, 0.28347]], "s": 0.957379, "t": [2.50328, 16.2063, -11.3055], "timestamp": 629999577030}, {"currentFrameRate": 55.2994, "devices": [], "gestures": [], "hands": [{"armBasis": [[0.853323, 0.0189776, -0.521037], [0.375633, 0.670665, 0.639616], [0.361579, -0.741518, 0.565165]], "armWidth": 55.2734, "confidence": 1, "direction": [-0.116712, 0.865536, -0.487059], "elbow": [-132.129, -23.7261, 223.419], "grabAngle": 3.14159, "grabStrength": 1, "id": 119, "palmNormal": [0.357042, -0.421059, -0.833805], "palmPosition": [-43.9836, 203.907, 58.3505], "palmVelocity": [1.1113, -7.03604, -3.53372], "palmWidth": 78.1236, "pinchDistance": 14.0087, "pinchStrength": 1, "r": [[0.279228, 0.643593, 0.712615], [-0.110715, 0.758763, -0.641889], [-0.953821, 0.100336, 0.283123]], "s": 0.957039, "sphereCenter": [-38.6413, 197.003, 18.0985], "sphereRadius": 35.2677, "stabilizedPalmPosition": [-43.0611, 206.084, 58.8845], "t": [-2.47588, 16.0699, -11.3659], "timeVisible": 1.17493, "type": "left", "wrist": [-48.3073, 148.173, 92.4018]}], "id": 44072, "interactionBox": {"center": [0, 200, 0], "size": [235.247, 235.247, 147.751]}, "pointables": [{"bases": [[[0.715051, 0.436364, 0.546158], [-0.631732, 0.068788, 0.772129], [0.29936, -0.897137, 0.324852]], [[0.516105, 0.780525, 0.352726], [-0.719187, 0.171238, 0.673386], [0.465194, -0.601214, 0.64972]], [[0.516105, 0.780525, 0.352726], [-0.83312, 0.361848, 0.418303], [0.198863, -0.509751, 0.837023]], [[0.516105, 0.780525, 0.352726], [-0.852786, 0.506696, 0.126552], [-0.0799481, -0.366113, 0.92713]]], "btipPosition": [4.56291, 211.983, 11.0561], "carpPosition": [-19.6241, 163.755, 82.3849], "dipPosition": [6.18241, 204.566, 29.8369], "direction": [0.198863, 0.509751, -0.837023], "extended": false, "handId": 119, "id": 1190, "length": 45.1091, "mcpPosition": [-19.6241, 163.755, 82.3849], "pipPosition": [0.313699, 189.523, 54.5386], "stabilizedTipPosition": [5.22493, 212.064, 15.9595], "timeVisible": 1.17493, "tipPosition": [-3.59505, 211.393, 13.987], "tipVelocity": [2.59104, -10.093, -4.98138], "tool": false, "touchDistance": 0.321591, "touchZone": "hovering", "type": 0, "width": 17.6444}, {"bases": [[[0.933208, -0.12204, -0.337978], [0.347076, 0.549726, 0.759828], [0.0930661, -0.826382, 0.555366]], [[0.924107, -0.0623396, -0.377014], [0.0966507, 0.992655, 0.0727663], [0.369709, -0.103683, 0.923345]], [[0.924107, -0.0623396, -0.377014], [-0.304655, 0.475374, -0.825351], [0.230675, 0.877572, 0.420305]], [[0.924107, -0.0623396, -0.377014], [-0.381908, -0.116765, -0.916795], [0.0131308, 0.991201, -0.131711]]], "btipPosition": [-8.46161, 199.936, 13.8475], "carpPosition": [-33.1083, 176.898, 90.1087], "dipPosition": [-8.65579, 214.594, 11.8997], "direction": [0.230675, -0.877572, -0.420305], "extended": false, "handId": 119, "id": 1191, "length": 50.9006, "mcpPosition": [-27.2296, 229.098, 55.0282], "pipPosition": [-13.4816, 232.953, 20.6927], "stabilizedTipPosition": [-8.22685, 205.291, 14.1944], "timeVisible": 1.17493, "tipPosition": [-8.82641, 208.106, 10.2436], "tipVelocity": [1.13303, -6.87882, -5.34457], "tool": false, "touchDistance": 0.305746, "touchZone": "hovering", "type": 1, "width": 16.8539}, {"bases": [[[0.864268, -0.32448, -0.384386], [0.501808, 0.502903, 0.703759], [-0.0350467, -0.801125, 0.597471]], [[0.864859, -0.278193, -0.417884], [0.153493, 0.939088, -0.307496], [0.477973, 0.201799, 0.85488]], [[0.864859, -0.278193, -0.417884], [-0.451407, -0.0667224, -0.88982], [0.21966, 0.958205, -0.183284]], [[0.864859, -0.278193, -0.417884], [-0.494974, -0.611462, -0.617345], [-0.083779, 0.740758, -0.666527]]], "btipPosition": [-21.4431, 180.781, 31.3008], "carpPosition": [-43.3283, 176.843, 87.4036], "dipPosition": [-20.0804, 192.829, 20.4595], "direction": [0.21966, -0.958205, 0.183284], "extended": false, "handId": 119, "id": 1192, "length": 57.9972, "mcpPosition": [-45.4277, 224.833, 51.6137], "pipPosition": [-25.4868, 216.414, 15.9484], "stabilizedTipPosition": [-21.2509, 185.099, 29.9756], "timeVisible": 1.17493, "tipPosition": [-21.7593, 186.561, 27.3489], "tipVelocity": [0.201826, -7.10956, -5.75714], "tool": false, "touchDistance": 0.333333, "touchZone": "none", "type": 2, "width": 16.5528}, {"bases": [[[0.809387, -0.475817, -0.344225], [0.560901, 0.452641, 0.693185], [-0.174019, -0.754131, 0.633248]], [[0.81617, -0.442675, -0.371355], [0.284432, 0.867234, -0.40866], [0.502956, 0.227911, 0.833722]], [[0.81617, -0.442675, -0.371355], [-0.456874, -0.100953, -0.883784], [0.35374, 0.890981, -0.284642]], [[0.81617, -0.442675, -0.371355], [-0.577786, -0.631316, -0.517304], [-0.00544535, 0.636772, -0.771033]]], "btipPosition": [-34.3275, 174.475, 36.4867], "carpPosition": [-52.8124, 174.391, 83.4923], "dipPosition": [-34.2394, 184.772, 24.0177], "direction": [0.35374, -0.890981, 0.284642], "extended": false, "handId": 119, "id": 1193, "length": 55.7658, "mcpPosition": [-62.1716, 214.95, 49.4346], "pipPosition": [-42.7212, 206.136, 17.1927], "stabilizedTipPosition": [-34.4278, 178.442, 34.6166], "timeVisible": 1.17493, "tipPosition": [-35.3471, 180.547, 30.9769], "tipVelocity": [-0.125634, -7.51404, -5.52533], "tool": false, "touchDistance": 0.333333, "touchZone": "none", "type": 3, "width": 15.751}, {"bases": [[[0.679928, -0.628107, -0.378391], [0.66237, 0.304708, 0.684412], [-0.314585, -0.715985, 0.623219]], [[0.690914, -0.601665, -0.400794], [0.452676, 0.792312, -0.409054], [0.563668, 0.101191, 0.81978]], [[0.690914, -0.601665, -0.400794], [-0.493561, 0.0125168, -0.869621], [0.528238, 0.79865, -0.288311]], [[0.690914, -0.601665, -0.400794], [-0.716038, -0.493122, -0.494085], [0.0996333, 0.628354, -0.77152]]], "btipPosition": [-47.7245, 176.837, 36.7426], "carpPosition": [-59.7428, 167.183, 76.4681], "dipPosition": [-49.211, 186.211, 25.2321], "direction": [0.528238, -0.79865, 0.288311], "extended": false, "handId": 119, "id": 1194, "length": 43.7194, "mcpPosition": [-75.4046, 202.829, 45.4406], "pipPosition": [-58.1535, 199.732, 20.3512], "stabilizedTipPosition": [-48.1641, 180.635, 34.959], "timeVisible": 1.17493, "tipPosition": [-49.3708, 183.144, 31.0951], "tipVelocity": [0.127222, -7.58748, -4.9346], "tool": false, "touchDistance": 0.333333, "touchZone": "none", "type": 4, "width": 13.9913}], "r": [[0.279228, 0.643593, 0.712615], [-0.110715, 0.758763, -0.641889], [-0.953821, 0.100336, 0.283123]], "s": 0.957039, "t": [2.47588, 16.0699, -11.3659], "timestamp": 629999595077}, {"currentFrameRate": 55.2913, "devices": [], "gestures": [], "hands": [{"armBasis": [[0.853318, 0.0193418, -0.521032], [0.375214, 0.671089, 0.639417], [0.362027, -0.741124, 0.565395]], "armWidth": 55.2734, "confidence": 1, "direction": [-0.115689, 0.864841, -0.488536], "elbow": [-132.242, -23.7047, 223.417], "grabAngle": 3.14159, "grabStrength": 1, "id": 119, "palmNormal": [0.356936, -0.422788, -0.832975], "palmPosition": [-43.9312, 203.784, 58.2142], "palmVelocity": [2.89047, -6.8234, -7.5269], "palmWidth": 78.1236, "pinchDistance": 14.0172, "pinchStrength": 1, "r": [[0.278887, 0.643928, 0.712445], [-0.1108, 0.758502, -0.642183], [-0.953911, 0.100157, 0.282883]], "s": 0.956553, "sphereCenter": [-38.5863, 196.8, 17.9607], "sphereRadius": 35.2716, "stabilizedPalmPosition": [-43.0667, 206.069, 58.8801], "t": [-2.43599, 15.9399, -11.4643], "timeVisible": 1.19305, "type": "left", "wrist": [-48.317, 148.103, 92.3468]}], "id": 44073, "interactionBox": {"center": [0, 200, 0], "size": [235.247, 235.247, 147.751]}, "pointables": [{"bases": [[[0.714825, 0.437966, 0.545171], [-0.631516, 0.0694514, 0.772246], [0.300355, -0.896305, 0.326228]], [[0.515266, 0.781833, 0.351053], [-0.719113, 0.171575, 0.673379], [0.466238, -0.599416, 0.650633]], [[0.515266, 0.781833, 0.351053], [-0.833398, 0.361566, 0.417993], [0.199871, -0.507944, 0.837881]], [[0.515266, 0.781833, 0.351053], [-0.853356, 0.505931, 0.125769], [-0.0792781, -0.364378, 0.927871]]], "btipPosition": [4.65531, 211.71, 10.9158], "carpPosition": [-19.6197, 163.648, 82.3241], "dipPosition": [6.26124, 204.328, 29.7116], "direction": [0.199871, 0.507944, -0.837881], "extended": false, "handId": 119, "id": 1190, "length": 45.1091, "mcpPosition": [-19.6197, 163.648, 82.3241], "pipPosition": [0.362767, 189.338, 54.4386], "stabilizedTipPosition": [5.2226, 212.04, 15.9512], "timeVisible": 1.19305, "tipPosition": [-3.50319, 211.154, 13.8558], "tipVelocity": [4.92847, -14.6238, -7.55453], "tool": false, "touchDistance": 0.31931, "touchZone": "hovering", "type": 0, "width