{"frames": 53, "data": [{"currentFrameRate": 55.3333, "devices": [], "gestures": [], "hands": [{"armBasis": [[0.934335, 0.00136845, -0.356393], [0.295458, 0.556242, 0.776723], [0.199304, -0.831019, 0.519313]], "armWidth": 55.2734, "confidence": 1, "direction": [-0.357927, 0.785494, -0.504864], "elbow": [-88.8516, -41.1827, 251.532], "grabAngle": 2.56283, "grabStrength": 0, "id": 116, "palmNormal": [0.244361, -0.443045, -0.862554], "palmPosition": [-53.9713, 204.681, 94.8643], "palmVelocity": [3.58237, 53.1975, -75.4103], "palmWidth": 78.1236, "pinchDistance": 79.2769, "pinchStrength": 0, "r": [[0.975828, 0.0132824, 0.218136], [-0.0288269, 0.997253, 0.0682337], [-0.216631, -0.0728725, 0.97353]], "s": 0.913475, "sphereCenter": [-30.4598, 213.891, 56.2224], "sphereRadius": 46.3051, "stabilizedPalmPosition": [-47.0388, 206.466, 58.7127], "t": [2.28998, -4.65771, 3.03936], "timeVisible": 8.35144, "type": "left", "wrist": [-42.6489, 151.465, 131.144]}], "id": 43210, "interactionBox": {"center": [0, 200, 0], "size": [235.247, 235.247, 147.751]}, "pointables": [{"bases": [[[0.65105, 0.37567, 0.659549], [-0.755691, 0.239337, 0.60963], [0.0711652, -0.895315, 0.439711]], [[0.526417, 0.775752, 0.347986], [-0.711085, 0.177332, 0.680376], [0.466094, -0.605609, 0.644976]], [[0.526417, 0.775752, 0.347986], [-0.655458, 0.109592, 0.747237], [0.541534, -0.621449, 0.566164]], [[0.526417, 0.775752, 0.347986], [-0.582557, 0.0309817, 0.812199], [0.619284, -0.630277, 0.468229]]], "btipPosition": [29.6979, 228.301, 61.7184], "carpPosition": [-18.8046, 171.238, 115.555], "dipPosition": [17.1531, 215.533, 71.2033], "direction": [0.541534, 0.621449, -0.566164], "extended": true, "handId": 116, "id": 1160, "length": 45.1091, "mcpPosition": [-18.8046, 171.238, 115.555], "pipPosition": [1.1717, 197.193, 87.9115], "stabilizedTipPosition": [21.7513, 220.576, 66.8941], "timeVisible": 8.35144, "tipPosition": [26.101, 225.721, 64.7907], "tipVelocity": [-77.8837, 76.3164, -114.105], "tool": false, "touchDistance": 0.0947739, "touchZone": "hovering", "type": 0, "width": 17.6444}, {"bases": [[[0.948511, -0.29408, -0.117661], [0.271553, 0.563771, 0.780013], [-0.163053, -0.771802, 0.614602]], [[0.93814, -0.335968, -0.0837752], [0.295164, 0.649462, 0.700769], [-0.181027, -0.682147, 0.708453]], [[0.93814, -0.335968, -0.0837752], [0.34028, 0.849806, 0.40254], [-0.0640478, -0.406146, 0.911561]], [[0.93814, -0.335968, -0.0837752], [0.346217, 0.913774, 0.212486], [0.00516297, -0.228346, 0.973566]]], "btipPosition": [-50.7309, 268.892, 26.5315], "carpPosition": [-32.4362, 182.9, 125.166], "dipPosition": [-50.8073, 265.515, 40.9289], "direction": [-0.0640479, 0.406146, -0.911561], "extended": true, "handId": 116, "id": 1161, "length": 50.9006, "mcpPosition": [-42.7357, 231.652, 86.3438], "pipPosition": [-49.4673, 257.018, 59.9993], "stabilizedTipPosition": [-59.1866, 266.255, 48.3043], "timeVisible": 8.35144, "tipPosition": [-51.3499, 266.732, 30.5905], "tipVelocity": [82.6621, 74.6207, -44.8418], "tool": false, "touchDistance": 0.0716021, "touchZone": "hovering", "type": 1, "width": 16.8539}, {"bases": [[[0.857477, -0.487421, -0.164782], [0.424355, 0.488856, 0.762196], [-0.290956, -0.723492, 0.626022]], [[0.873381, -0.443161, -0.202024], [0.390323, 0.884983, -0.253877], [0.291296, 0.142877, 0.945903]], [[0.873381, -0.443161, -0.202024], [-0.246189, -0.0438, -0.968232], [0.420234, 0.895371, -0.147355]], [[0.873381, -0.443161, -0.202024], [-0.4377, -0.53228, -0.724635], [0.213597, 0.721309, -0.658855]]], "btipPosition": [-34.2943, 184.647, 62.145], "carpPosition": [-42.8355, 181.039, 124.765], "dipPosition": [-37.7685, 196.379, 51.4285], "direction": [0.420234, -0.895371, 0.147355], "extended": false, "handId": 116, "id": 1162, "length": 57.9972, "mcpPosition": [-60.2645, 224.378, 87.2644], "pipPosition": [-48.1117, 218.417, 47.8016], "stabilizedTipPosition": [-27.9012, 185.886, 31.7323], "timeVisible": 8.35144, "tipPosition": [-35.0087, 186.865, 61.019], "tipVelocity": [1.94848, 63.0987, -54.3687], "tool": false, "touchDistance": 0.333333, "touchZone": "none", "type": 2, "width": 16.5528}, {"bases": [[[0.770869, -0.624032, -0.127847], [0.475042, 0.42947, 0.768043], [-0.424377, -0.652793, 0.627507]], [[0.794389, -0.584748, -0.164361], [0.53613, 0.802198, -0.262762], [0.2855, 0.120617, 0.950758]], [[0.794389, -0.584748, -0.164361], [-0.208171, -0.0078901, -0.978061], [0.570623, 0.811176, -0.127996]], [[0.794389, -0.584748, -0.164361], [-0.488653, -0.45451, -0.744741], [0.360782, 0.67193, -0.646797]]], "btipPosition": [-44.6353, 176.938, 66.1955], "carpPosition": [-52.3687, 176.81, 123.183], "dipPosition": [-50.4698, 187.805, 55.7356], "direction": [0.570623, -0.811176, 0.127996], "extended": false, "handId": 116, "id": 1163, "length": 55.7658, "mcpPosition": [-75.1927, 211.919, 89.4346], "pipPosition": [-64.1518, 207.254, 52.6666], "stabilizedTipPosition": [-40.262, 179.612, 38.1811], "timeVisible": 8.35144, "tipPosition": [-45.7766, 179.41, 65.2159], "tipVelocity": [-1.67554, 60.4125, -66.6793], "tool": false, "touchDistance": 0.333333, "touchZone": "none", "type": 3, "width": 15.751}, {"bases": [[[0.627412, -0.757717, -0.179494], [0.549786, 0.267811, 0.79121], [-0.551443, -0.595098, 0.58461]], [[0.633478, -0.751084, -0.185955], [0.713156, 0.659987, -0.236276], [0.300191, 0.0170612, 0.953727]], [[0.633478, -0.751084, -0.185955], [-0.176981, 0.0933068, -0.979781], [0.753249, 0.65358, -0.0738197]], [[0.633478, -0.751084, -0.185955], [-0.574535, -0.295611, -0.763232], [0.518281, 0.590328, -0.618787]]], "btipPosition": [-57.0593, 177.214, 70.5092], "carpPosition": [-59.2768, 167.98, 118.322], "dipPosition": [-64.7917, 186.021, 61.2773], "direction": [0.753249, -0.65358, 0.0738197], "extended": false, "handId": 116, "id": 1164, "length": 43.7194, "mcpPosition": [-86.7308, 197.608, 89.2165], "pipPosition": [-77.5435, 197.086, 60.0276], "stabilizedTipPosition": [-54.4291, 179.287, 45.3363], "timeVisible": 8.35144, "tipPosition": [-58.7503, 178.716, 70.3806], "tipVelocity": [1.08263, 64.9504, -86.0727], "tool": false, "touchDistance": 0.333333, "touchZone": "none", "type": 4, "width": 13.9913}], "r": [[0.975828, 0.0132824, 0.218136], [-0.0288269, 0.997253, 0.0682337], [-0.216631, -0.0728725, 0.97353]], "s": 0.913475, "t": [-2.28998, -4.65771, 3.03936], "timestamp": 629983470686}, {"currentFrameRate": 55.3406, "devices": [], "gestures": [], "hands": [{"armBasis": [[0.929974, -0.0112579, -0.367453], [0.308888, 0.565911, 0.764417], [0.19934, -0.824389, 0.52976]], "armWidth": 55.2734, "confidence": 1, "direction": [-0.353477, 0.798493, -0.487301], "elbow": [-89.1246, -39.1381, 251.067], "grabAngle": 2.58505, "grabStrength": 0, "id": 116, "palmNormal": [0.246661, -0.422934, -0.871943], "palmPosition": [-53.9693, 205.893, 92.9243], "palmVelocity": [0.109208, 67.19, -107.511], "palmWidth": 78.1236, "pinchDistance": 72.6368, "pinchStrength": 0, "r": [[0.976127, 0.0125493, 0.216836], [-0.0305047, 0.996355, 0.079659], [-0.215046, -0.0843719, 0.972953]], "s": 0.896531, "sphereCenter": [-38.2301, 209.866, 51.8569], "sphereRadius": 43.6338, "stabilizedPalmPosition": [-47.0421, 206.466, 58.7288], "t": [2.35501, -3.68068, 1.48829], "timeVisible": 8.36948, "type": "left", "wrist": [-42.9135, 151.973, 128.258]}], "id": 43211, "interactionBox": {"center": [0, 200, 0], "size": [235.247, 235.247, 147.751]}, "pointables": [{"bases": [[[0.652693, 0.361704, 0.665704], [-0.753835, 0.2223, 0.618317], [0.0756616, -0.905402, 0.417759]], [[0.529723, 0.762371, 0.371732], [-0.723692, 0.177688, 0.666856], [0.442339, -0.622268, 0.645847]], [[0.529723, 0.762371, 0.371732], [-0.769185, 0.247107, 0.589315], [0.357419, -0.598105, 0.717302]], [[0.529723, 0.762371, 0.371732], [-0.71995, 0.172454, 0.672258], [0.448403, -0.623739, 0.640222]]], "btipPosition": [19.6004, 228.811, 51.1313], "carpPosition": [-18.989, 171.855, 112.949], "dipPosition": [10.5172, 216.176, 64.1002], "direction": [0.357419, 0.598104, -0.717302], "extended": true, "handId": 116, "id": 1160, "length": 45.1091, "mcpPosition": [-18.989, 171.855, 112.949], "pipPosition": [-0.0307478, 198.525, 85.2688], "stabilizedTipPosition": [21.7513, 220.576, 66.8941], "timeVisible": 8.36948, "tipPosition": [21.8528, 226.646, 58.8524], "tipVelocity": [-515.45, 29.9448, -542.298], "tool": false, "touchDistance": -0.118322, "touchZone": "hovering", "type": 0, "width": 17.6444}, {"bases": [[[0.948877, -0.28826, -0.128605], [0.273148, 0.545692, 0.792218], [-0.158186, -0.786846, 0.596532]], [[0.94125, -0.32162, -0.102996], [0.300391, 0.657989, 0.690519], [-0.154315, -0.68089, 0.715944]], [[0.94125, -0.32162, -0.102996], [0.335921, 0.860315, 0.383425], [-0.0347081, -0.395497, 0.917811]], [[0.94125, -0.32162, -0.102996], [0.336412, 0.919671, 0.202566], [0.0295731, -0.225314, 0.973837]]], "btipPosition": [-48.6453, 269.953, 24.8755], "carpPosition": [-32.6261, 183.325, 122.782], "dipPosition": [-49.0826, 266.62, 39.2769], "direction": [-0.0347081, 0.395497, -0.917811], "extended": true, "handId": 116, "id": 1161, "length": 50.9006, "mcpPosition": [-42.6182, 233.027, 85.1011], "pipPosition": [-48.3565, 258.346, 58.4781], "stabilizedTipPosition": [-58.8966, 266.336, 47.7454], "timeVisible": 8.36948, "tipPosition": [-50.566, 269.421, 29.869], "tipVelocity": [110.977, 59.3422, -91.7205], "tool": false, "touchDistance": 0.0440172, "touchZone": "hovering", "type": 1, "width": 16.8539}, {"bases": [[[0.85822, -0.480691, -0.179986], [0.426096, 0.471695, 0.771976], [-0.286183, -0.739216, 0.609638]], [[0.873836, -0.435499, -0.216218], [0.380897, 0.889532, -0.252288], [0.302204, 0.138102, 0.943186]], [[0.873836, -0.435499, -0.216218], [-0.259653, -0.0419977, -0.964788], [0.411084, 0.899209, -0.149778]], [[0.873836, -0.435499, -0.216218], [-0.442958, -0.52967, -0.723352], [0.200495, 0.727867, -0.655753]]], "btipPosition": [-34.1852, 186.053, 60.7774], "carpPosition": [-43.0291, 181.505, 122.293], "dipPosition": [-37.4463, 197.892, 50.1114], "direction": [0.411084, -0.899209, 0.149778], "extended": false, "handId": 116, "id": 1162, "length": 57.9972, "mcpPosition": [-60.1722, 225.786, 85.7743], "pipPosition": [-47.5643, 220.025, 46.4249], "stabilizedTipPosition": [-27.9286, 185.897, 31.8357], "timeVisible": 8.36948, "tipPosition": [-34.9191, 188.834, 58.7105], "tipVelocity": [8.76175, 79.3139, -75.1434], "tool": false, "touchDistance": 0.333333, "touchZone": "none", "type": 2, "width": 16.5528}, {"bases": [[[0.772172, -0.618415, -0.14599], [0.476983, 0.412341, 0.776184], [-0.419806, -0.668983, 0.613372]], [[0.795956, -0.577187, -0.182507], [0.525664, 0.808534, -0.26448], [0.300218, 0.114577, 0.946964]], [[0.795956, -0.577187, -0.182507], [-0.226204, -0.00393801, -0.974072], [0.561503, 0.816602, -0.133696]], [[0.795956, -0.577187, -0.182507], [-0.498342, -0.453602, -0.738851], [0.343669, 0.679044, -0.648684]]], "btipPosition": [-44.515, 178.332, 64.6576], "carpPosition": [-52.5681, 177.345, 120.571], "dipPosition": [-50.0728, 189.314, 54.1672], "direction": [0.561503, -0.816602, 0.133696], "extended": false, "handId": 116, "id": 1163, "length": 55.7658, "mcpPosition": [-75.1463, 213.325, 87.5828], "pipPosition": [-63.5362, 208.894, 50.9615], "stabilizedTipPosition": [-40.2743, 179.614, 38.2346], "timeVisible": 8.36948, "tipPosition": [-45.7301, 181.285, 62.6785], "tipVelocity": [10.1905, 78.7312, -85.6132], "tool": false, "touchDistance": 0.333333, "touchZone": "none", "type": 3, "width": 15.751}, {"bases": [[[0.628898, -0.751259, -0.200245], [0.552302, 0.250402, 0.795149], [-0.547221, -0.610663, 0.572399]], [[0.641265, -0.737077, -0.213301], [0.697976, 0.675802, -0.2369], [0.318763, 0.00303662, 0.94783]], [[0.641265, -0.737077, -0.213301], [-0.197843, 0.109758, -0.974069], [0.741376, 0.666836, -0.0754417]], [[0.641265, -0.737077, -0.213301], [-0.584214, -0.288776, -0.758487], [0.497467, 0.611004, -0.615792]]], "btipPosition": [-56.9973, 178.561, 68.429], "carpPosition": [-59.4819, 168.656, 115.47], "dipPosition": [-64.4192, 187.677, 59.2419], "direction": [0.741376, -0.666836, 0.0754417], "extended": false, "handId": 116, "id": 1164, "length": 43.7194, "mcpPosition": [-86.7257, 199.059, 86.9731], "pipPosition": [-76.97, 198.966, 57.9647], "stabilizedTipPosition": [-54.4341, 179.289, 45.3607], "timeVisible": 8.36948, "tipPosition": [-58.7218, 180.545, 67.7389], "tipVelocity": [7.39369, 78.5766, -114.705], "tool": false, "touchDistance": 0.333333, "touchZone": "none", "type": 4, "width": 13.9913}], "r": [[0.976127, 0.0125493, 0.216836], [-0.0305047, 0.996355, 0.079659], [-0.215046, -0.0843719, 0.972953]], "s": 0.896531, "t": [-2.35501, -3.68068, 1.48829], "timestamp": 629983488731}, {"currentFrameRate": 55.3371, "devices": [], "gestures": [], "hands": [{"armBasis": [[0.924592, -0.0251161, -0.38013], [0.323526, 0.578622, 0.748684], [0.201148, -0.815209, 0.543115]], "armWidth": 55.2734, "confidence": 1, "direction": [-0.349867, 0.80976, -0.471044], "elbow": [-89.7769, -36.2433, 250.762], "grabAngle": 2.6115, "grabStrength": 0, "id": 116, "palmNormal": [0.25003, -0.403867, -0.879987], "palmPosition": [-53.9674, 207.257, 90.364], "palmVelocity": [0.10731, 75.3954, -141.587], "palmWidth": 78.1236, "pinchDistance": 68.9585, "pinchStrength": 0, "r": [[0.976563, 0.011355, 0.21493], [-0.0320945, 0.995125, 0.0932523], [-0.212823, -0.0979649, 0.972167]], "s": 0.87918, "sphereCenter": [-40.0453, 210.204, 48.9404], "sphereRadius": 42.8658, "stabilizedPalmPosition": [-47.0466, 206.466, 58.7497], "t": [2.3885, -2.51047, -0.567395], "timeVisible": 8.38756, "type": "left", "wrist": [-43.1467, 152.739, 124.857]}], "id": 43212, "interactionBox": {"center": [0, 200, 0], "size": [235.247, 235.247, 147.751]}, "pointables": [{"bases": [[[0.655195, 0.347958, 0.670556], [-0.751306, 0.207157, 0.626599], [0.0791198, -0.914336, 0.397151]], [[0.534212, 0.748385, 0.393112], [-0.738436, 0.186758, 0.647945], [0.411496, -0.636428, 0.652403]], [[0.534212, 0.748385, 0.393112], [-0.781881, 0.260642, 0.566328], [0.32137, -0.609906, 0.724387]], [[0.534212, 0.748385, 0.393112], [-0.742764, 0.193504, 0.640982], [0.403633, -0.63441, 0.659246]]], "btipPosition": [16.159, 230.846, 47.095], "carpPosition": [-19.1377, 172.719, 109.788], "dipPosition": [7.98268, 217.995, 60.4493], "direction": [0.32137, 0.609906, -0.724387], "extended": true, "handId": 116, "id": 1160, "length": 45.1091, "mcpPosition": [-19.1377, 172.719, 109.788], "pipPosition": [-1.50138, 199.996, 81.8269], "stabilizedTipPosition": [21.4609, 220.86, 66.244], "timeVisible": 8.38756, "tipPosition": [20.3093, 228.463, 55.5597], "tipVelocity": [-178.776, 109.833, -218.307], "tool": false, "touchDistance": -0.184116, "touchZone": "hovering", "type": 0, "width": 17.6444}, {"bases": [[[0.948744, -0.28365, -0.139385], [0.27594, 0.528415, 0.802891], [-0.154087, -0.8002, 0.579601]], [[0.944608, -0.303509, -0.124894], [0.306101, 0.67744, 0.668863], [-0.118397, -0.670043, 0.732819]], [[0.944608, -0.303509, -0.124894], [0.328196, 0.875565, 0.354505], [0.00175752, -0.375858, 0.926676]], [[0.944608, -0.303509, -0.124894], [0.32308, 0.926869, 0.191135], [0.0577492, -0.220899, 0.973585]]], "btipPosition": [-46.0466, 270.584, 22.1644], "carpPosition": [-32.8015, 183.992, 119.811], "dipPosition": [-46.9006, 267.317, 36.5621], "direction": [0.00175752, 0.375858, -0.926676], "extended": true, "handId": 116, "id": 1161, "length": 50.9006, "mcpPosition": [-42.5347, 234.537, 83.1993], "pipPosition": [-46.9374, 259.454, 55.9487], "stabilizedTipPosition": [-58.8966, 266.336, 47.7454], "timeVisible": 8.38756, "tipPosition": [-49.4117, 271.718, 28.1256], "tipVelocity": [138.41, 35.7298, -149.972], "tool": false, "touchDistance": -0.0511818, "touchZone": "hovering", "type": 1, "width": 16.8539}, {"bases": [[[0.858168, -0.47505, -0.194615], [0.428914, 0.455157, 0.780298], [-0.2821, -0.7531, 0.594357]], [[0.87354, -0.429036, -0.229905], [0.371014, 0.892623, -0.256072], [0.315082, 0.138391, 0.93892]], [[0.87354, -0.429036, -0.229905], [-0.274451, -0.0440507, -0.960592], [0.402001, 0.902212, -0.15623]], [[0.87354, -0.429036, -0.229905], [-0.449602, -0.530211, -0.718842], [0.186511, 0.731303, -0.656056]]], "btipPosition": [-34.0304, 187.44, 58.9746], "carpPosition": [-43.2051, 182.202, 119.233], "dipPosition": [-37.064, 199.335, 48.3037], "direction": [0.402001, -0.902212, 0.15623], "extended": false, "handId": 116, "id": 1162, "length": 57.9972, "mcpPosition": [-60.1036, 227.315, 83.6298], "pipPosition": [-46.9585, 221.541, 44.4584], "stabilizedTipPosition": [-27.9613, 185.917, 31.9547], "timeVisible": 8.38756, "tipPosition": [-34.7813, 190.87, 55.9191], "tipVelocity": [11.4529, 77.3892, -99.7589], "tool": false, "touchDistance": 0.333333, "touchZone": "none", "type": 2, "width": 16.5528}, {"bases": [[[0.77251, -0.613648, -0.163294], [0.479919, 0.395814, 0.782949], [-0.415821, -0.683203, 0.600272]], [[0.796054, -0.571576, -0.198995], [0.515442, 0.812591, -0.272059], [0.317204, 0.114003, 0.94148]], [[0.796054, -0.571576, -0.198995], [-0.246779, -0.00632085, -0.969051], [0.552629, 0.820525, -0.146085]], [[0.796054, -0.571576, -0.198995], [-0.511432, -0.459471, -0.726171], [0.323629, 0.679843, -0.658086]]], "btipPosition": [-44.3555, 179.766, 62.8271], "carpPosition": [-52.7429, 178.098, 117.375], "dipPosition": [-49.5892, 190.76, 52.1846], "direction": [0.552629, -0.820525, 0.146085], "extended": false, "handId": 116, "id": 1163, "length": 55.7658, "mcpPosition": [-75.1067, 214.843, 85.091], "pipPosition": [-62.8397, 210.434, 48.6819], "stabilizedTipPosition": [-40.2909, 179.623, 38.3044], "timeVisible": 8.38756, "tipPosition": [-45.622, 183.227, 59.6809], "tipVelocity": [12.945, 79.4113, -103.164], "tool": false, "touchDistance": 0.333333, "touchZone": "none", "type": 3, "width": 15.751}, {"bases": [[[0.629204, -0.745505, -0.219828], [0.555595, 0.233626, 0.797956], [-0.543522, -0.624212, 0.561198]], [[0.646606, -0.724737, -0.238025], [0.683741, 0.688987, -0.240408], [0.338229, -0.00729799, 0.941036]], [[0.646606, -0.724737, -0.238025], [-0.219462, 0.122101, -0.96795], [0.730573, 0.67812, -0.0801009]], [[0.646606, -0.724737, -0.238025], [-0.596562, -0.285963, -0.749893], [0.475409, 0.626882, -0.617256]]], "btipPosition": [-56.8948, 180.005, 65.875], "carpPosition": [-59.6472, 169.537, 112.05], "dipPosition": [-63.9875, 189.357, 56.666], "direction": [0.730573, -0.67812, 0.0801009], "extended": false, "handId": 116, "id": 1164, "length": 43.7194, "mcpPosition": [-86.7069, 200.614, 84.1103], "pipPosition": [-76.3554, 200.837, 55.3099], "stabilizedTipPosition": [-54.4403, 179.293, 45.3885], "timeVisible": 8.38756, "tipPosition": [-58.6386, 182.467, 64.5584], "tipVelocity": [9.85764, 82.8532, -141.52], "tool": false, "touchDistance": 0.333333, "touchZone": "none", "type": 4, "width": 13.9913}], "r": [[0.976563, 0.011355, 0.21493], [-0.0320945, 0.995125, 0.0932523], [-0.212823, -0.0979649, 0.972167]], "s": 0.87918, "t": [-2.3885, -2.51047, -0.567395], "timestamp": 629983506814}, {"currentFrameRate": 55.3355, "devices": [], "gestures": [], "hands": [{"armBasis": [[0.919741, -0.0411781, -0.390359], [0.335926, 0.597012, 0.728512], [0.203051, -0.801175, 0.562929]], "armWidth": 55.2734, "confidence": 1, "direction": [-0.349276, 0.820906, -0.451797], "elbow": [-90.2461, -32.6701, 251.106], "grabAngle": 2.65083, "grabStrength": 0, "id": 116, "palmNormal": [0.248547, -0.383726, -0.88937], "palmPosition": [-53.947, 208.141, 87.0129], "palmVelocity": [1.12544, 48.9314, -185.378], "palmWidth": 78.1236, "pinchDistance": 64.8371, "pinchStrength": 0, "r": [[0.976863, 0.0096841, 0.213649], [-0.0336248, 0.993505, 0.108709], [-0.211208, -0.113378, 0.970843]], "s": 0.860401, "sphereCenter": [-42.3941, 209.825, 45.0814], "sphereRadius": 42.1252, "stabilizedPalmPosition": [-47.0496, 206.467, 58.7619], "t": [2.41542, -1.48311, -3.27078], "timeVisible": 8.40564, "type": "left", "wrist": [-43.1747, 153.059, 120.608]}], "id": 43213, "interactionBox": {"center": [0, 200, 0], "size": [235.247, 235.247, 147.751]}, "pointables": [{"bases": [[[0.65401, 0.333215, 0.679146], [-0.752252, 0.191608, 0.6304], [0.0799292, -0.923176, 0.375975]], [[0.536431, 0.733651, 0.417129], [-0.756147, 0.198303, 0.623633], [0.374811, -0.649947, 0.661124]], [[0.536431, 0.733651, 0.417129], [-0.79634, 0.27637, 0.538017], [0.279435, -0.620786, 0.732489]], [[0.536431, 0.733651, 0.417129], [-0.769539, 0.222293, 0.598662], [0.346484, -0.642138, 0.683818]]], "btipPosition": [12.186, 232.302, 41.7907], "carpPosition": [-19.1433, 173.118, 105.595], "dipPosition": [5.16726, 219.294, 55.6428], "direction": [0.279435, 0.620786, -0.732489], "extended": true, "handId": 116, "id": 1160, "length": 45.1091, "mcpPosition": [-19.1433, 173.118, 105.595], "pipPosition": [-3.07925, 200.974, 77.2595], "stabilizedTipPosition": [20.9814, 221.232, 65.3075], "timeVisible": 8.40564, "tipPosition": [18.021, 229.875, 50.8223], "tipVelocity": [-205.056, 78.5133, -287.095], "tool": false, "touchDistance": -0.270613, "touchZone": "hovering", "type": 0, "width": 17.6444}, {"bases": [[[0.949273, -0.279093, -0.144871], [0.274371, 0.510059, 0.815206], [-0.153626, -0.813601, 0.56076]], [[0.948332, -0.283981, -0.141495], [0.306854, 0.707533, 0.636582], [-0.0806649, -0.64711, 0.758117]], [[0.948332, -0.283981, -0.141495], [0.314467, 0.900527, 0.300268], [0.0421496, -0.32925, 0.943302]], [[0.948332, -0.283981, -0.141495], [0.30563, 0.937376, 0.167085], [0.0851852, -0.201697, 0.975737]]], "btipPosition": [-43.3433, 269.5, 18.1136], "carpPosition": [-32.7812, 184.173, 115.89], "dipPosition": [-44.603, 266.517, 32.5431], "direction": [0.0421496, 0.32925, -0.943302], "extended": true, "handId": 116, "id": 1161, "length": 50.9006, "mcpPosition": [-42.4852, 235.565, 80.4689], "pipPosition": [-45.4848, 259.629, 52.2775], "stabilizedTipPosition": [-58.3633, 266.423, 46.8262], "timeVisible": 8.40564, "tipPosition": [-47.9162, 272.7, 25.0495], "tipVelocity": [144.384, -56.351, -223.682], "tool": false, "touchDistance": -0.118573, "touchZone": "hovering", "type": 1, "width": 16.8539}, {"bases": [[[0.859015, -0.469283, -0.204614], [0.427468, 0.437546, 0.791091], [-0.281718, -0.767025, 0.576462]], [[0.874362, -0.422445, -0.238813], [0.359921, 0.894627, -0.264764], [0.325496, 0.145546, 0.934274]], [[0.874362, -0.422445, -0.238813], [-0.28699, -0.0533125, -0.956449], [0.391315, 0.904819, -0.167852]], [[0.874362, -0.422445, -0.238813], [-0.453858, -0.537689, -0.710565], [0.171768, 0.729678, -0.661865]]], "btipPosition": [-34.0585, 188.147, 56.6706], "carpPosition": [-43.1878, 182.411, 115.283], "dipPosition": [-36.8524, 200.015, 45.9051], "direction": [0.391315, -0.904819, 0.167852], "extended": false, "handId": 116, "id": 1162, "length": 57.9972, "mcpPosition": [-60.0634, 228.358, 80.7514], "pipPosition": [-46.4838, 222.286, 41.7738], "stabilizedTipPosition": [-27.9801, 185.931, 32.0164], "timeVisible": 8.40564, "tipPosition": [-34.8073, 192.357, 52.3891], "tipVelocity": [1.49462, 38.7664, -128.659], "tool": false, "touchDistance": 0.333333, "touchZone": "none", "type": 2, "width": 16.5528}, {"bases": [[[0.77351, -0.608682, -0.176602], [0.47855, 0.378225, 0.792424], [-0.415539, -0.697461, 0.583846]], [[0.797035, -0.565764, -0.211294], [0.50343, 0.815669, -0.28503], [0.333606, 0.120807, 0.93494]], [[0.797035, -0.565764, -0.211294], [-0.267664, -0.0172971, -0.963357], [0.541378, 0.824385, -0.165221]], [[0.797035, -0.565764, -0.211294], [-0.524397, -0.474786, -0.706814], [0.299571, 0.674158, -0.675106]]], "btipPosition": [-44.355, 180.534, 60.6632], "carpPosition": [-52.7331, 178.364, 113.341], "dipPosition": [-49.1996, 191.437, 49.7454], "direction": [0.541378, -0.824385, 0.165221], "extended": false, "handId": 116, "id": 1163, "length": 55.7658, "mcpPosition": [-75.0817, 215.875, 81.9401], "pipPosition": [-62.1805, 211.203, 45.7839], "stabilizedTipPosition": [-40.3011, 179.63, 38.3432], "timeVisible": 8.40564, "tipPosition": [-45.6441, 184.613, 56.0467], "tipVelocity": [4.97585, 41.3555, -123.208], "tool": false, "touchDistance": 0.333333, "touchZone": "none", "type": 3, "width": 15.751}, {"bases": [[[0.630443, -0.739385, -0.236329], [0.554429, 0.215834, 0.803757], [-0.543278, -0.63775, 0.546007]], [[0.650176, -0.715201, -0.256435], [0.670713, 0.698842, -0.248523], [0.356952, -0.0104111, 0.934065]], [[0.650176, -0.715201, -0.256435], [-0.240394, 0.126529, -0.962393], [0.720751, 0.687371, -0.089664]], [[0.650176, -0.715201, -0.256435], [-0.609138, -0.288948, -0.738553], [0.454117, 0.636394, -0.623522]]], "btipPosition": [-56.8009, 180.876, 62.8765], "carpPosition": [-59.6546, 169.937, 107.827], "dipPosition": [-63.576, 190.37, 53.574], "direction": [0.720751, -0.687371, 0.089664], "extended": false, "handId": 116, "id": 1164, "length": 43.7194, "mcpPosition": [-86.7022, 201.688, 80.6431], "pipPosition": [-75.7776, 202.007, 52.0561], "stabilizedTipPosition": [-54.4441, 179.297, 45.4036], "timeVisible": 8.40564, "tipPosition": [-58.6569, 183.899, 60.6521], "tipVelocity": [9.23313, 49.9947, -167.062], "tool": false, "touchDistance": 0.333333, "touchZone": "none", "type": 4, "width": 13.9913}], "r": [[0.976863, 0.0096841, 0.213649], [-0.0336248, 0.993505, 0.108709], [-0.211208, -0.113378, 0.970843]], "s": 0.860401, "t": [-2.41542, -1.48311, -3.27078], "timestamp": 629983524891}, {"currentFrameRate": 55.3296, "devices": [], "gestures": [], "hands": [{"armBasis": [[0.903675, -0.0756992, -0.421475], [0.375074, 0.614829, 0.693761], [0.206618, -0.785019, 0.583998]], "armWidth": 55.2734, "confidence": 1, "direction": [-0.354287, 0.817929, -0.453291], "elbow": [-90.6195, -28.4297, 251.468], "grabAngle": 2.78199, "grabStrength": 0.222176, "id": 116, "palmNormal": [0.27587, -0.371743, -0.886399], "palmPosition": [-53.7063, 208.495, 82.3503], "palmVelocity": [13.303, 19.5675, -257.686], "palmWidth": 78.1236, "pinchDistance": 56.4046, "pinchStrength": 0, "r": [[0.978088, 0.00439133, 0.208143], [-0.0305752, 0.991967, 0.122748], [-0.205932, -0.126423, 0.970365]], "s": 0.825923, "sphereCenter": [-45.9018, 206.668, 39.7881], "sphereRadius": 40.9795, "stabilizedPalmPosition": [-47.051, 206.467, 58.767], "t": [2.54923, -0.792394, -6.95376], "timeVisible": 8.42373, "type": "left", "wrist": [-42.7212, 153.554, 116.085]}], "id": 43214, "interactionBox": {"center": [0, 200, 0], "size": [235.247, 235.247, 147.751]}, "pointables": [{"bases": [[[0.675429, 0.315413, 0.666566], [-0.733991, 0.200417, 0.648915], [0.0710854, -0.927549, 0.366878]], [[0.561452, 0.716664, 0.413721], [-0.755824, 0.240577, 0.608976], [0.336899, -0.654611, 0.676744]], [[0.561452, 0.716664, 0.413721], [-0.792376, 0.321466, 0.51846], [0.238564, -0.618913, 0.748355]], [[0.561452, 0.716664, 0.413721], [-0.806852, 0.363093, 0.465997], [0.183744, -0.595447, 0.782101]]], "btipPosition": [6.51993, 232.358, 34.519], "carpPosition": [-18.6817, 173.975, 101.451], "dipPosition": [2.79784, 220.296, 50.3619], "direction": [0.238564, 0.618913, -0.748355], "extended": true, "handId": 116, "id": 1160, "length": 45.1091, "mcpPosition": [-18.6817, 173.975, 101.451], "pipPosition": [-4.2425, 202.031, 72.4469], "stabilizedTipPosition": [20.2144, 221.651, 63.9483], "timeVisible": 8.42373, "tipPosition": [14.223, 231.085, 44.6398], "tipVelocity": [-271.24, 15.1209, -376.581], "tool": false, "touchDistance": -0.374093, "touchZone": "hovering", "type": 0, "width": 17.6444}, {"bases": [[[0.94032, -0.295524, -0.168713], [0.302373, 0.498176, 0.812645], [-0.156107, -0.81516, 0.557803]], [[0.941657, -0.288343, -0.173613], [0.335751, 0.76866, 0.544456], [-0.0235401, -0.570981, 0.820625]], [[0.941657, -0.288343, -0.173613], [0.301093, 0.952195, 0.0516563], [0.150419, -0.100916, 0.983458]], [[0.941657, -0.288343, -0.173613], [0.255524, 0.948181, -0.18884], [0.219067, 0.13346, 0.966539]]], "btipPosition": [-37.1052, 257.551, 10.8993], "carpPosition": [-32.7556, 184.69, 111.518], "dipPosition": [-40.3448, 259.524, 25.1928], "direction": [0.150419, 0.100916, -0.983458], "extended": true, "handId": 116, "id": 1161, "length": 50.9006, "mcpPosition": [-42.6163, 236.181, 76.2831], "pipPosition": [-43.4917, 257.413, 45.7674], "stabilizedTipPosition": [-52.3493, 263.955, 37.257], "timeVisible": 8.42373, "tipPosition": [-42.5148, 265.585, 17.507], "tipVelocity": [319.593, -597.375, -400.439], "tool": false, "touchDistance": -0.258978, "touchZone": "hovering", "type": 1, "width": 16.8539}, {"bases": [[[0.845167, -0.483506, -0.227849], [0.453491, 0.423025, 0.784472], [-0.282911, -0.766337, 0.576792]], [[0.86061, -0.436683, -0.262025], [0.355323, 0.883472, -0.305324], [0.364822, 0.169661, 0.915489]], [[0.86061, -0.436683, -0.262025], [-0.32632, -0.0778463, -0.942048], [0.390979, 0.896241, -0.209494]], [[0.86061, -0.436683, -0.262025], [-0.487099, -0.555697, -0.673747], [0.148607, 0.707466, -0.690947]]], "btipPosition": [-32.7972, 188, 54.3083], "carpPosition": [-43.1107, 182.74, 110.659], "dipPosition": [-35.2144, 199.508, 43.0698], "direction": [0.390979, -0.896241, 0.209494], "extended": false, "handId": 116, "id": 1162, "length": 57.9972, "mcpPosition": [-60.0578, 228.645, 76.1075], "pipPosition": [-44.8375, 221.567, 37.9136], "stabilizedTipPosition": [-27.9947, 185.944, 32.07], "timeVisible": 8.42373, "tipPosition": [-33.4727, 192.993, 48.5419], "tipVelocity": [74.4963, -12.6858, -136.568], "tool": false, "touchDistance": 0.333333, "touchZone": "none", "type": 2, "width": 16.5528}, {"bases": [[[0.757715, -0.621513, -0.19897], [0.503466, 0.362755, 0.784175], [-0.415198, -0.694356, 0.587776]], [[0.781249, -0.578758, -0.233857], [0.493645, 0.802128, -0.336013], [0.382054, 0.147068, 0.912363]], [[0.781249, -0.578758, -0.233857], [-0.319597, -0.0490532, -0.946283], [0.536198, 0.814022, -0.223292]], [[0.781249, -0.578758, -0.233857], [-0.567948, -0.503603, -0.651014], [0.259009, 0.641422, -0.722144]]], "btipPosition": [-43.0418, 180.297, 58.6046], "carpPosition": [-52.5316, 178.531, 108.467], "dipPosition": [-47.2304, 190.67, 46.9262], "direction": [0.536198, -0.814022, 0.223292], "extended": false, "handId": 116, "id": 1163, "length": 55.7658, "mcpPosition": [-74.8619, 215.876, 76.8554], "pipPosition": [-60.087, 210.188, 41.5722], "stabilizedTipPosition": [-40.3104, 179.637, 38.3874], "timeVisible": 8.42373, "tipPosition": [-44.2208, 184.959, 52.1053], "tipVelocity": [80.9165, -19.8401, -123.439], "tool": false, "touchDistance": 0.333333, "touchZone": "none", "type": 3, "width": 15.751}, {"bases": [[[0.610895, -0.749037, -0.256419], [0.576516, 0.198891, 0.792509], [-0.542619, -0.63197, 0.553334]], [[0.632163, -0.723092, -0.278402], [0.659395, 0.69074, -0.296778], [0.406901, 0.00403553, 0.913463]], [[0.632163, -0.723092, -0.278402], [-0.290266, 0.112136, -0.950353], [0.718412, 0.681589, -0.139001]], [[0.632163, -0.723092, -0.278402], [-0.651127, -0.300995, -0.696732], [0.420004, 0.621723, -0.661103]]], "btipPosition": [-55.2997, 180.548, 59.4426], "carpPosition": [-59.1663, 170.023, 102.731], "dipPosition": [-61.5658, 189.824, 49.5795], "direction": [0.718412, -0.681589, 0.139001], "extended": false, "handId": 116, "id": 1164, "length": 43.7194, "mcpPosition": [-86.1811, 201.486, 75.1829], "pipPosition": [-73.7279, 201.362, 47.2263], "stabilizedTipPosition": [-54.4466, 179.3, 45.4165], "timeVisible": 8.42373, "tipPosition": [-57.2959, 184.212, 55.852], "tipVelocity": [89.4379, -20.8951, -196.905], "tool": false, "touchDistance": 0.333333, "touchZone": "none", "type": 4, "width": 13.9913}], "r": [[0.978088, 0.00439133, 0.208143], [-0.0305752, 0.991967, 0.122748], [-0.205932, -0.126423, 0.970365]], "s": 0.825923, "t": [-2.54923, -0.792394, -6.95376], "timestamp": 629983542985}, {"currentFrameRate": 55.3139, "devices": [], "gestures": [], "hands": [{"armBasis": [[0.890829, -0.105659, -0.441882], [0.404083, 0.628876, 0.664254], [0.207704, -0.770293, 0.602916]], "armWidth": 55.2734, "confidence": 1, "direction": [-0.365263, 0.8265, -0.428345], "elbow": [-90.1845, -25.7983, 250.29], "grabAngle": 2.93256, "grabStrength": 0.40327, "id": 116, "palmNormal": [0.286039, -0.338232, -0.896538], "palmPosition": [-53.6426, 208.308, 78.0478], "palmVelocity": [3.51539, -10.3107, -237.276], "palmWidth": 78.1236, "pinchDistance": 43.924, "pinchStrength": 0.332409, "r": [[0.979241, -0.0042607, 0.202654], [-0.0247523, 0.989783, 0.140415], [-0.201182, -0.142516, 0.969131]], "s": 0.778383, "sphereCenter": [-47.9795, 206.215, 36.0199], "sphereRadius": 39.4717, "stabilizedPalmPosition": [-47.0517, 206.468, 58.7689], "t": [2.648, -0.540521, -10.9465], "timeVisible": 8.44187, "type": "left", "wrist": [-42.0343, 152.772, 110.521]}], "id": 43215, "interactionBox": {"center": [0, 200, 0], "size": [235.247, 235.247, 147.751]}, "pointables": [{"bases": [[[0.683587, 0.282723, 0.672886], [-0.727571, 0.190862, 0.658948], [0.0578713, -0.940021, 0.336172]], [[0.57392, 0.695558, 0.432222], [-0.765677, 0.268588, 0.584465], [0.29044, -0.666378, 0.68672]], [[0.57392, 0.695558, 0.432222], [-0.797984, 0.356455, 0.485964], [0.183948, -0.62381, 0.759621]], [[0.57392, 0.695558, 0.432222], [-0.808799, 0.39876, 0.432244], [0.128298, -0.597654, 0.791423]]], "btipPosition": [2.31807, 232.824, 28.3207], "carpPosition": [-18.1574, 173.747, 96.2021], "dipPosition": [-0.280841, 220.717, 44.3525], "direction": [0.183948, 0.62381, -0.759621], "extended": true, "handId": 116, "id": 1160, "length": 45.1091, "mcpPosition": [-18.1574, 173.747, 96.2021], "pipPosition": [-5.7094, 202.308, 66.7699], "stabilizedTipPosition": [19.3342, 222.05, 62.428], "timeVisible": 8.44187, "tipPosition": [10.7692, 232.347, 38.9138], "tipVelocity": [-217.478, 25.1343, -339.426], "tool": false, "touchDistance": -0.457339, "touchZone": "hovering", "type": 0, "width": 17.6444}, {"bases": [[[0.934622, -0.304837, -0.183185], [0.314224, 0.46656, 0.826792], [-0.166569, -0.830299, 0.531845]], [[0.940441, -0.272005, -0.203924], [0.337714, 0.816306, 0.468609], [0.0390005, -0.509567, 0.859547]], [[0.940441, -0.272005, -0.203924], [0.24713, 0.95891, -0.13935], [0.233449, 0.0806545, 0.969018]], [[0.940441, -0.272005, -0.203924], [0.109982, 0.811024, -0.574582], [0.321676, 0.517933, 0.792635]]], "btipPosition": [-31.8802, 245.952, 8.98449], "carpPosition": [-32.4499, 183.903, 106.537], "dipPosition": [-36.6373, 253.611, 20.7063], "direction": [0.233449, -0.0806545, -0.969018], "extended": false, "handId": 116, "id": 1161, "length": 50.9006, "mcpPosition": [-42.9715, 236.35, 72.9418], "pipPosition": [-41.5212, 255.299, 40.9787], "stabilizedTipPosition": [-43.2532, 256.33, 25.2493], "timeVisible": 8.44187, "tipPosition": [-37.8085, 257.266, 13.3443], "tipVelocity": [268.897, -567.529, -138.218], "tool": false, "touchDistance": -0.299008, "touchZone": "hovering", "type": 1, "width": 16.8539}, {"bases": [[[0.836171, -0.489251, -0.247893], [0.463976, 0.389965, 0.795395], [-0.292478, -0.780103, 0.553079]], [[0.852205, -0.441593, -0.280612], [0.356136, 0.882495, -0.307197], [0.383294, 0.161859, 0.909333]], [[0.852205, -0.441593, -0.280612], [-0.343213, -0.0670135, -0.936864], [0.394908, 0.894709, -0.20867]], [[0.852205, -0.441593, -0.280612], [-0.503927, -0.548502, -0.667235], [0.14073, 0.710029, -0.689967]]], "btipPosition": [-32.2884, 188.224, 50.8508], "carpPosition": [-42.768, 181.817, 105.56], "dipPosition": [-34.5774, 199.773, 39.6283], "direction": [0.394908, -0.894709, 0.20867], "extended": false, "handId": 116, "id": 1162, "length": 57.9972, "mcpPosition": [-60.2882, 228.547, 72.4294], "pipPosition": [-44.2973, 221.794, 34.4923], "stabilizedTipPosition": [-28.0014, 185.951, 32.0925], "timeVisible": 8.44187, "tipPosition": [-32.9829, 193.91, 44.2933], "tipVelocity": [29.6854, 12.8423, -190.473], "tool": false, "touchDistance": 0.333333, "touchZone": "none", "type": 2, "width": 16.5528}, {"bases": [[[0.746645, -0.626713, -0.223051], [0.512971, 0.328947, 0.792877], [-0.423535, -0.706417, 0.567093]], [[0.770698, -0.583226, -0.256655], [0.488638, 0.799467, -0.349407], [0.40897, 0.143876, 0.901134]], [[0.770698, -0.583226, -0.256655], [-0.348526, -0.0486433, -0.936036], [0.533436, 0.810852, -0.240759]], [[0.770698, -0.583226, -0.256655], [-0.593066, -0.509264, -0.623636], [0.233015, 0.632849, -0.738381]]], "btipPosition": [-42.5135, 180.285, 55.5488], "carpPosition": [-52.1093, 177.532, 103.184], "dipPosition": [-46.2818, 190.519, 43.6078], "direction": [0.533436, -0.810852, 0.240759], "extended": false, "handId": 116, "id": 1163, "length": 55.7658, "mcpPosition": [-74.888, 215.525, 72.6839], "pipPosition": [-59.0722, 209.961, 37.835], "stabilizedTipPosition": [-40.3145, 179.641, 38.4065], "timeVisible": 8.44187, "tipPosition": [-43.6024, 185.5, 47.8394], "tipVelocity": [34.4641, -2.43642, -171.855], "tool": false, "touchDistance": 0.333333, "touchZone": "none", "type": 3, "width": 15.751}, {"bases": [[[0.597517, -0.74994, -0.283837], [0.58341, 0.163755, 0.795498], [-0.550096, -0.640917, 0.535369]], [[0.622034, -0.719865, -0.308008], [0.650298, 0.694066, -0.308844], [0.436104, -0.00818558, 0.899859]], [[0.622034, -0.719865, -0.308008], [-0.319829, 0.125461, -0.939132], [0.714691, 0.682681, -0.152193]], [[0.622034, -0.719865, -0.308008], [-0.677, -0.296838, -0.673468], [0.393377, 0.627441, -0.671991]]], "btipPosition": [-54.6508, 180.351, 55.547], "carpPosition": [-58.5787, 169.11, 97.1389], "dipPosition": [-60.5197, 189.712, 45.5214], "direction": [0.714691, -0.682681, 0.152193], "extended": false, "handId": 116, "id": 1164, "length": 43.7194, "mcpPosition": [-85.9657, 201.019, 70.4851], "pipPosition": [-72.6187, 201.269, 42.9449], "stabilizedTipPosition": [-54.4476, 179.302, 45.4212], "timeVisible": 8.44187, "tipPosition": [-56.6503, 184.636, 50.9788], "tipVelocity": [40.8249, -9.77082, -216.896], "tool": false, "touchDistance": 0.333333, "touchZone": "none", "type": 4, "width": 13.9913}], "r": [[0.979241, -0.0042607, 0.202654], [-0.0247523, 0.989783, 0.140415], [-0.201182, -0.142516, 0.969131]], "s": 0.778383, "t": [-2.648, -0.540521, -10.9465], "timestamp": 629983561118}, {"currentFrameRate": 55.3418, "devices": [], "gestures": [], "hands": [{"armBasis": [[0.879241, -0.130806, -0.458067], [0.427239, 0.641858, 0.636777], [0.21072, -0.755585, 0.620233]], "armWidth": 55.2734, "confidence": 1, "direction": [-0.372969, 0.822641, -0.429133], "elbow": [-89.8903, -23.2081, 249.772], "grabAngle": 3.01729, "grabStrength": 0.472159, "id": 116, "palmNormal": [0.299695, -0.330904, -0.89481], "palmPosition": [-53.0567, 207.279, 73.3484], "palmVelocity": [32.5958, -57.2613, -261.471], "palmWidth": 78.1236, "pinchDistance": 33.9807, "pinchStrength": 0.614595, "r": [[0.980462, -0.0140789, 0.196202], [-0.0168755, 0.987738, 0.155208], [-0.195981, -0.155486, 0.968202]], "s": 0.728937, "sphereCenter": [-49.4681, 203.512, 31.534], "sphereRadius": 38.769, "stabilizedPalmPosition": [-47.0522, 206.468, 58.7701], "t": [2.99032, -0.929162, -15.2926], "timeVisible": 8.45984, "type": "left", "wrist": [-41.0411, 151.952, 105.989]}], "id": 43216, "interactionBox": {"center": [0, 200, 0], "size": [235.247, 235.247, 147.751]}, "pointables": [{"bases": [[[0.694182, 0.270447, 0.66706], [-0.718227, 0.19903, 0.666736], [0.0475519, -0.941937, 0.332405]], [[0.587938, 0.68606, 0.428544], [-0.76896, 0.309597, 0.559331], [0.251058, -0.658385, 0.709577]], [[0.587938, 0.68606, 0.428544], [-0.798005, 0.405249, 0.44605], [0.13235, -0.60423, 0.785741]], [[0.587938, 0.68606, 0.428544], [-0.806258, 0.454182, 0.379035], [0.0654042, -0.568366, 0.820172]]], "btipPosition": [-1.26395, 230.733, 21.5208], "carpPosition": [-17.2548, 173.171, 91.735], "dipPosition": [-2.58884, 219.22, 38.135], "direction": [0.13235, 0.60423, -0.785741], "extended": true, "handId": 116, "id": 1160, "length": 45.1091, "mcpPosition": [-17.2548, 173.171, 91.735], "pipPosition": [-6.49466, 201.388, 61.3232], "stabilizedTipPosition": [18.4727, 222.299, 60.8996], "timeVisible": 8.45984, "tipPosition": [7.90207, 231.229, 32.3565], "tipVelocity": [-182.997, -108.715, -370.888], "tool": false, "touchDistance": -0.539928, "touchZone": "hovering", "type": 0, "width": 17.6444}, {"bases":