{"frames": 64, "data": [{"currentFrameRate": 55.3389, "devices": [], "gestures": [], "hands": [{"armBasis": [[0.846269, -0.068627, -0.528318], [0.403359, 0.730371, 0.551234], [0.348039, -0.679594, 0.645772]], "armWidth": 55.2734, "confidence": 1, "direction": [-0.0836297, 0.8131, -0.576086], "elbow": [-129.013, -11.7405, 256.238], "grabAngle": 3.01242, "grabStrength": 1, "id": 120, "palmNormal": [0.396993, -0.503068, -0.767672], "palmPosition": [-42.2353, 197.771, 67.1763], "palmVelocity": [3.69451, 1.73882, 0.171217], "palmWidth": 78.1236, "pinchDistance": 8.67933, "pinchStrength": 1, "r": [[0.995946, 0.0740022, -0.051141], [-0.0807272, 0.484478, -0.87107], [-0.0396844, 0.871668, 0.488488]], "s": 0.342362, "sphereCenter": [-35.1212, 186.298, 27.2835], "sphereRadius": 34.9956, "stabilizedPalmPosition": [-38.5647, 194.28, 54.2514], "t": [-15.5618, 30.8701, 27.7328], "timeVisible": 1.64498, "type": "left", "wrist": [-48.3309, 145.803, 106.534]}], "id": 44342, "interactionBox": {"center": [0, 200, 0], "size": [235.247, 235.247, 147.751]}, "pointables": [{"bases": [[[0.739193, 0.490756, 0.461251], [-0.590682, 0.143381, 0.794064], [0.323557, -0.859419, 0.395867]], [[0.532428, 0.808704, 0.250034], [-0.704908, 0.260064, 0.659902], [0.468641, -0.527602, 0.708528]], [[0.532428, 0.808704, 0.250034], [-0.826867, 0.433678, 0.35807], [0.181138, -0.397392, 0.899594]], [[0.532428, 0.808704, 0.250034], [-0.83581, 0.549004, 0.00410727], [-0.133948, -0.211168, 0.968228]]], "btipPosition": [3.20432, 198.755, 19.8132], "carpPosition": [-19.5134, 160.137, 96.3415], "dipPosition": [5.91769, 194.477, 39.4265], "direction": [0.181138, 0.397392, -0.899594], "extended": false, "handId": 120, "id": 1200, "length": 45.1091, "mcpPosition": [-19.5134, 160.137, 96.3415], "pipPosition": [0.572057, 182.749, 65.9747], "stabilizedTipPosition": [4.4882, 197.882, 25.0184], "timeVisible": 1.64498, "tipPosition": [7.73807, 199.714, 26.5347], "tipVelocity": [4.67039, 1.47624, -1.22532], "tool": false, "touchDistance": 0.287856, "touchZone": "hovering", "type": 0, "width": 17.6444}, {"bases": [[[0.91507, -0.152223, -0.373464], [0.382066, 0.6237, 0.681927], [0.129125, -0.766698, 0.628888]], [[0.914695, -0.150022, -0.375268], [0.168439, 0.985573, 0.0165567], [0.36737, -0.0783542, 0.926769]], [[0.914695, -0.150022, -0.375268], [-0.272221, 0.457602, -0.846461], [0.298711, 0.87641, 0.377728]], [[0.914695, -0.150022, -0.375268], [-0.392012, -0.103549, -0.914114], [0.0982784, 0.983245, -0.153526]]], "btipPosition": [-3.75607, 192.492, 22.1735], "carpPosition": [-33.276, 174.025, 101.993], "dipPosition": [-5.20944, 207.033, 19.9031], "direction": [0.298711, -0.87641, -0.377728], "extended": false, "handId": 120, "id": 1201, "length": 50.9006, "mcpPosition": [-25.1196, 222.454, 62.2681], "pipPosition": [-11.4587, 225.368, 27.8053], "stabilizedTipPosition": [-3.18159, 196.271, 22.2962], "timeVisible": 1.64498, "tipPosition": [-3.32414, 203.174, 16.9962], "tipVelocity": [4.58747, 7.06013, -5.9865], "tool": false, "touchDistance": 0.324154, "touchZone": "hovering", "type": 1, "width": 16.8539}, {"bases": [[[0.845472, -0.358488, -0.395809], [0.534011, 0.572002, 0.622612], [0.00320462, -0.737767, 0.675048]], [[0.845243, -0.34382, -0.409087], [0.222901, 0.922596, -0.314851], [0.485675, 0.17494, 0.856456]], [[0.845243, -0.34382, -0.409087], [-0.422049, 0.0400551, -0.905688], [0.32778, 0.938181, -0.111253]], [[0.845243, -0.34382, -0.409087], [-0.532475, -0.477258, -0.699068], [0.0451138, 0.80871, -0.586474]]], "btipPosition": [-14.0837, 174.382, 34.875], "carpPosition": [-43.3393, 173.732, 98.7656], "dipPosition": [-14.8175, 187.536, 25.3358], "direction": [0.32778, -0.938181, 0.111253], "extended": false, "handId": 120, "id": 1202, "length": 57.9972, "mcpPosition": [-43.1473, 217.926, 58.3285], "pipPosition": [-22.8851, 210.628, 22.5975], "stabilizedTipPosition": [-13.5998, 177.585, 33.5406], "timeVisible": 1.64498, "tipPosition": [-14.131, 178.227, 31.3276], "tipVelocity": [2.17667, 3.0521, -3.93239], "tool": false, "touchDistance": 0.333333, "touchZone": "none", "type": 2, "width": 16.5528}, {"bases": [[[0.79405, -0.505242, -0.337957], [0.592881, 0.521118, 0.613944], [-0.134075, -0.687871, 0.713342]], [[0.794195, -0.504494, -0.338732], [0.337081, 0.829564, -0.445197], [0.505599, 0.239393, 0.828891]], [[0.794195, -0.504494, -0.338732], [-0.421094, -0.0550287, -0.905346], [0.438102, 0.86166, -0.256143]], [[0.794195, -0.504494, -0.338732], [-0.599235, -0.557699, -0.57436], [0.100851, 0.659134, -0.745233]]], "btipPosition": [-28.1468, 167.349, 42.39], "carpPosition": [-52.6241, 170.931, 94.6169], "dipPosition": [-29.7777, 178.008, 30.3382], "direction": [0.438102, -0.86166, 0.256143], "extended": false, "handId": 120, "id": 1203, "length": 55.7658, "mcpPosition": [-59.8349, 207.926, 56.2516], "pipPosition": [-40.2823, 198.669, 24.1965], "stabilizedTipPosition": [-27.9897, 170.28, 40.7882], "timeVisible": 1.64498, "tipPosition": [-29.1292, 170.963, 39.4147], "tipVelocity": [2.42486, 1.66477, -1.16847], "tool": false, "touchDistance": 0.333333, "touchZone": "none", "type": 3, "width": 15.751}, {"bases": [[[0.664246, -0.660572, -0.349889], [0.694978, 0.373358, 0.6145], [-0.275287, -0.651344, 0.707084]], [[0.669561, -0.647559, -0.363806], [0.474984, 0.749861, -0.460542], [0.571032, 0.135559, 0.809658]], [[0.669561, -0.647559, -0.363806], [-0.463942, 0.0178827, -0.885685], [0.580039, 0.761806, -0.288456]], [[0.669561, -0.647559, -0.363806], [-0.722846, -0.455446, -0.519675], [0.170826, 0.61093, -0.773035]]], "btipPosition": [-43.0951, 169.349, 44.4174], "carpPosition": [-59.2342, 163.081, 87.9834], "dipPosition": [-45.6437, 178.463, 32.8843], "direction": [0.580039, -0.761806, 0.288456], "extended": false, "handId": 120, "id": 1204, "length": 43.7194, "mcpPosition": [-72.9396, 195.509, 52.7806], "pipPosition": [-55.4632, 191.36, 28.001], "stabilizedTipPosition": [-42.8174, 172.438, 43.3711], "timeVisible": 1.64498, "tipPosition": [-44.4567, 173.349, 40.2739], "tipVelocity": [2.03337, 1.7003, -1.44841], "tool": false, "touchDistance": 0.333333, "touchZone": "none", "type": 4, "width": 13.9913}], "r": [[0.995946, 0.0740022, -0.051141], [-0.0807272, 0.484478, -0.87107], [-0.0396844, 0.871668, 0.488488]], "s": 0.342362, "t": [15.5618, 30.8701, 27.7328], "timestamp": 630004493910}, {"currentFrameRate": 55.3388, "devices": [], "gestures": [], "hands": [{"armBasis": [[0.84659, -0.0696955, -0.527662], [0.403281, 0.730983, 0.55048], [0.347346, -0.678827, 0.64695]], "armWidth": 55.2734, "confidence": 1, "direction": [-0.0834324, 0.813661, -0.575321], "elbow": [-128.752, -11.5868, 256.428], "grabAngle": 3.01264, "grabStrength": 1, "id": 120, "palmNormal": [0.397057, -0.502382, -0.768087], "palmPosition": [-42.1296, 197.771, 67.126], "palmVelocity": [5.84927, -0.0148196, -2.78714], "palmWidth": 78.1236, "pinchDistance": 8.69713, "pinchStrength": 1, "r": [[0.995954, 0.0734077, -0.0518429], [-0.0810708, 0.484954, -0.870774], [-0.03878, 0.871453, 0.488943]], "s": 0.34311, "sphereCenter": [-35.0217, 186.331, 27.2107], "sphereRadius": 35.0159, "stabilizedPalmPosition": [-38.5834, 194.298, 54.319], "t": [-15.486, 30.8777, 27.7016], "timeVisible": 1.66305, "type": "left", "wrist": [-48.2297, 145.779, 106.451]}], "id": 44343, "interactionBox": {"center": [0, 200, 0], "size": [235.247, 235.247, 147.751]}, "pointables": [{"bases": [[[0.739207, 0.490408, 0.461598], [-0.590568, 0.142546, 0.794298], [0.323731, -0.859756, 0.39499]], [[0.532085, 0.808799, 0.250461], [-0.704977, 0.259369, 0.660102], [0.468928, -0.5278, 0.708191]], [[0.532085, 0.808799, 0.250461], [-0.826929, 0.43287, 0.358904], [0.181864, -0.398081, 0.899142]], [[0.532085, 0.808799, 0.250461], [-0.836146, 0.548483, 0.00514366], [-0.133214, -0.212159, 0.968113]]], "btipPosition": [3.34906, 198.772, 19.7607], "carpPosition": [-19.4173, 160.106, 96.2589], "dipPosition": [6.04755, 194.475, 39.3716], "direction": [0.181864, 0.398081, -0.899142], "extended": false, "handId": 120, "id": 1200, "length": 45.1091, "mcpPosition": [-19.4173, 160.106, 96.2589], "pipPosition": [0.680503, 182.727, 65.9065], "stabilizedTipPosition": [4.47794, 197.88, 25.0036], "timeVisible": 1.66305, "tipPosition": [7.84111, 199.742, 26.489], "tipVelocity": [7.82026, 0.733969, -2.93734], "tool": false, "touchDistance": 0.286971, "touchZone": "hovering", "type": 0, "width": 17.6444}, {"bases": [[[0.915027, -0.15175, -0.373761], [0.3821, 0.623095, 0.68246], [0.129325, -0.767283, 0.628133]], [[0.914667, -0.149634, -0.375492], [0.168961, 0.985442, 0.0188768], [0.367201, -0.0807096, 0.926633]], [[0.914667, -0.149634, -0.375492], [-0.27158, 0.460541, -0.845072], [0.29938, 0.874935, 0.380604]], [[0.914667, -0.149634, -0.375492], [-0.391759, -0.099391, -0.914684], [0.0995469, 0.983733, -0.14953]]], "btipPosition": [-3.61997, 192.606, 22.0353], "carpPosition": [-33.1791, 173.99, 101.921], "dipPosition": [-5.0921, 207.154, 19.824], "direction": [0.29938, -0.874935, -0.380604], "extended": false, "handId": 120, "id": 1201, "length": 50.9006, "mcpPosition": [-25.01, 222.457, 62.2442], "pipPosition": [-11.3553, 225.458, 27.7865], "stabilizedTipPosition": [-3.19386, 196.266, 22.2841], "timeVisible": 1.66305, "tipPosition": [-3.21499, 203.163, 16.9912], "tipVelocity": [7.29271, 6.37137, -6.89287], "tool": false, "touchDistance": 0.322078, "touchZone": "hovering", "type": 1, "width": 16.8539}, {"bases": [[[0.845451, -0.358002, -0.396291], [0.534042, 0.571473, 0.623071], [0.00340882, -0.738412, 0.674341]], [[0.845185, -0.342136, -0.410616], [0.221833, 0.923519, -0.312894], [0.486264, 0.173365, 0.856442]], [[0.845185, -0.342136, -0.410616], [-0.422728, 0.0421952, -0.905274], [0.327053, 0.938703, -0.108968]], [[0.845185, -0.342136, -0.410616], [-0.532718, -0.477028, -0.699039], [0.0432913, 0.80956, -0.585439]]], "btipPosition": [-13.997, 174.43, 34.7712], "carpPosition": [-43.2418, 173.702, 98.692], "dipPosition": [-14.7011, 187.597, 25.2489], "direction": [0.327053, -0.938703, 0.108968], "extended": false, "handId": 120, "id": 1202, "length": 57.9972, "mcpPosition": [-43.0376, 217.934, 58.2973], "pipPosition": [-22.7509, 210.702, 22.5669], "stabilizedTipPosition": [-13.6038, 177.584, 33.5337], "timeVisible": 1.66305, "tipPosition": [-14.0222, 178.256, 31.267], "tipVelocity": [5.17643, 2.79612, -5.52519], "tool": false, "touchDistance": 0.333333, "touchZone": "none", "type": 2, "width": 16.5528}, {"bases": [[[0.794058, -0.504818, -0.338572], [0.592917, 0.520605, 0.614345], [-0.13387, -0.68857, 0.712706]], [[0.794257, -0.503788, -0.339637], [0.336328, 0.830096, -0.444775], [0.506003, 0.239036, 0.828747]], [[0.794257, -0.503788, -0.339637], [-0.421701, -0.0546623, -0.905086], [0.437406, 0.862096, -0.255864]], [[0.794257, -0.503788, -0.339637], [-0.599443, -0.558564, -0.573301], [0.0991135, 0.658941, -0.745636]]], "btipPosition": [-28.0671, 167.368, 42.3518], "carpPosition": [-52.5263, 170.906, 94.5391], "dipPosition": [-29.67, 178.024, 30.2935], "direction": [0.437406, -0.862096, 0.255864], "extended": false, "handId": 120, "id": 1203, "length": 55.7658, "mcpPosition": [-59.7261, 207.939, 56.2081], "pipPosition": [-40.1578, 198.695, 24.1586], "stabilizedTipPosition": [-27.9955, 170.274, 40.7725], "timeVisible": 1.66305, "tipPosition": [-29.0207, 170.984, 39.3415], "tipVelocity": [4.76507, 1.00401, -2.19487], "tool": false, "touchDistance": 0.333333, "touchZone": "none", "type": 3, "width": 15.751}, {"bases": [[[0.664271, -0.660153, -0.35063], [0.695032, 0.372857, 0.614742], [-0.275089, -0.652055, 0.706506]], [[0.669963, -0.646158, -0.365554], [0.47365, 0.751193, -0.459744], [0.571669, 0.134867, 0.809324]], [[0.669963, -0.646158, -0.365554], [-0.465016, 0.0185878, -0.885107], [0.578714, 0.762977, -0.288021]], [[0.669963, -0.646158, -0.365554], [-0.723042, -0.456218, -0.518725], [0.168406, 0.611837, -0.772849]]], "btipPosition": [-43.0263, 169.354, 44.3599], "carpPosition": [-59.1363, 163.063, 87.897], "dipPosition": [-45.5388, 178.482, 32.8296], "direction": [0.578714, -0.762977, 0.288021], "extended": false, "handId": 120, "id": 1204, "length": 43.7194, "mcpPosition": [-72.8318, 195.526, 52.723], "pipPosition": [-55.3359, 191.398, 27.9536], "stabilizedTipPosition": [-42.822, 172.433, 43.3613], "timeVisible": 1.66305, "tipPosition": [-44.3477, 173.37, 40.2037], "tipVelocity": [4.26395, 0.459065, -3.14813], "tool": false, "touchDistance": 0.333333, "touchZone": "none", "type": 4, "width": 13.9913}], "r": [[0.995954, 0.0734077, -0.0518429], [-0.0810708, 0.484954, -0.870774], [-0.03878, 0.871453, 0.488943]], "s": 0.34311, "t": [15.486, 30.8777, 27.7016], "timestamp": 630004511981}, {"currentFrameRate": 55.331, "devices": [], "gestures": [], "hands": [{"armBasis": [[0.846653, -0.0709277, -0.527398], [0.403599, 0.731518, 0.549535], [0.346824, -0.678123, 0.647968]], "armWidth": 55.2734, "confidence": 1, "direction": [-0.0828277, 0.813387, -0.575796], "elbow": [-128.52, -11.509, 256.592], "grabAngle": 3.01358, "grabStrength": 1, "id": 120, "palmNormal": [0.397606, -0.502831, -0.767509], "palmPosition": [-41.9895, 197.66, 67.0251], "palmVelocity": [7.73884, -6.11247, -5.57164], "palmWidth": 78.1236, "pinchDistance": 8.744, "pinchStrength": 1, "r": [[0.995948, 0.0729594, -0.0525755], [-0.0815041, 0.485245, -0.870571], [-0.0380043, 0.871329, 0.489226]], "s": 0.344069, "sphereCenter": [-34.8452, 186.204, 27.1262], "sphereRadius": 35.024, "stabilizedPalmPosition": [-38.6008, 194.315, 54.3839], "t": [-15.378, 30.8262, 27.6355], "timeVisible": 1.68115, "type": "left", "wrist": [-48.1191, 145.694, 106.379]}], "id": 44344, "interactionBox": {"center": [0, 200, 0], "size": [235.247, 235.247, 147.751]}, "pointables": [{"bases": [[[0.739506, 0.490758, 0.460745], [-0.589939, 0.142848, 0.794712], [0.324195, -0.859506, 0.395155]], [[0.531978, 0.80918, 0.249455], [-0.704347, 0.259351, 0.660782], [0.469995, -0.527224, 0.707912]], [[0.531978, 0.80918, 0.249455], [-0.826681, 0.432544, 0.359867], [0.183297, -0.397661, 0.899037]], [[0.531978, 0.80918, 0.249455], [-0.836417, 0.548062, 0.00591248], [-0.131932, -0.211794, 0.968368]]], "btipPosition": [3.57305, 198.628, 19.7072], "carpPosition": [-19.3073, 160.006, 96.1955], "dipPosition": [6.2456, 194.338, 39.3233], "direction": [0.183297, 0.397661, -0.899037], "extended": false, "handId": 120, "id": 1200, "length": 45.1091, "mcpPosition": [-19.3073, 160.006, 96.1955], "pipPosition": [0.836267, 182.603, 65.8551], "stabilizedTipPosition": [4.47218, 197.876, 24.988], "timeVisible": 1.68115, "tipPosition": [8.0036, 199.597, 26.4217], "tipVelocity": [12.0456, -7.87306, -2.88925], "tool": false, "touchDistance": 0.2861, "touchZone": "hovering", "type": 0, "width": 17.6444}, {"bases": [[[0.914745, -0.151789, -0.374436], [0.382559, 0.623499, 0.681834], [0.129966, -0.766948, 0.62841]], [[0.914459, -0.150118, -0.375805], [0.169312, 0.985391, 0.0183725], [0.367557, -0.0804293, 0.926517]], [[0.914459, -0.150118, -0.375805], [-0.271262, 0.461742, -0.844518], [0.300302, 0.874219, 0.381523]], [[0.914459, -0.150118, -0.375805], [-0.3919, -0.0969905, -0.914881], [0.10089, 0.983899, -0.147525]]], "btipPosition": [-3.41951, 192.492, 21.8916], "carpPosition": [-33.0714, 173.895, 101.84], "dipPosition": [-4.91152, 207.042, 19.71], "direction": [0.300302, -0.874219, -0.381523], "extended": false, "handId": 120, "id": 1201, "length": 50.9006, "mcpPosition": [-24.8619, 222.341, 62.1451], "pipPosition": [-11.194, 225.331, 27.6917], "stabilizedTipPosition": [-3.20196, 196.259, 22.2713], "timeVisible": 1.68115, "tipPosition": [-3.03655, 202.985, 16.9421], "tipVelocity": [10.8223, -6.25341, -7.56105], "tool": false, "touchDistance": 0.319798, "touchZone": "hovering", "type": 1, "width": 16.8539}, {"bases": [[[0.845184, -0.358063, -0.396806], [0.53446, 0.571871, 0.622346], [0.00408262, -0.738074, 0.674707]], [[0.844898, -0.342035, -0.41129], [0.221292, 0.923481, -0.313389], [0.487008, 0.173766, 0.855937]], [[0.844898, -0.342035, -0.41129], [-0.423515, 0.0419717, -0.904916], [0.326775, 0.938749, -0.109395]], [[0.844898, -0.342035, -0.41129], [-0.533282, -0.478323, -0.697722], [0.0419158, 0.808838, -0.586536]]], "btipPosition": [-13.8445, 174.308, 34.709], "carpPosition": [-43.1316, 173.607, 98.6023], "dipPosition": [-14.5263, 187.464, 25.1688], "direction": [0.326775, -0.938749, 0.109395], "extended": false, "handId": 120, "id": 1202, "length": 57.9972, "mcpPosition": [-42.887, 217.819, 58.1856], "pipPosition": [-22.5692, 210.57, 22.4762], "stabilizedTipPosition": [-13.6072, 177.582, 33.525], "timeVisible": 1.68115, "tipPosition": [-13.856, 178.122, 31.2], "tipVelocity": [8.70782, -6.83808, -3.66679], "tool": false, "touchDistance": 0.333333, "touchZone": "none", "type": 2, "width": 16.5528}, {"bases": [[[0.793861, -0.504859, -0.338971], [0.593337, 0.521008, 0.613597], [-0.133173, -0.688235, 0.71316]], [[0.793918, -0.504566, -0.339275], [0.336051, 0.829154, -0.446736], [0.506719, 0.240658, 0.82784]], [[0.793918, -0.504566, -0.339275], [-0.422599, -0.0567249, -0.90454], [0.437155, 0.861508, -0.258264]], [[0.793918, -0.504566, -0.339275], [-0.600161, -0.560858, -0.570302], [0.0974704, 0.656393, -0.748096]]], "btipPosition": [-27.9214, 167.247, 42.3638], "carpPosition": [-52.4131, 170.811, 94.4432], "dipPosition": [-29.4977, 177.862, 30.2657], "direction": [0.437155, -0.861508, 0.258264], "extended": false, "handId": 120, "id": 1203, "length": 55.7658, "mcpPosition": [-59.5754, 207.826, 56.0877], "pipPosition": [-39.9795, 198.519, 24.0733], "stabilizedTipPosition": [-27.9995, 170.266, 40.7557], "timeVisible": 1.68115, "tipPosition": [-28.8591, 170.851, 39.2665], "tipVelocity": [8.39034, -7.18998, 0.159094], "tool": false, "touchDistance": 0.333333, "touchZone": "none", "type": 3, "width": 15.751}, {"bases": [[[0.66409, -0.660221, -0.350846], [0.695476, 0.373277, 0.613984], [-0.274403, -0.651746, 0.707058]], [[0.669767, -0.646233, -0.36578], [0.472566, 0.7509, -0.461336], [0.572794, 0.136132, 0.808316]], [[0.669767, -0.646233, -0.36578], [-0.466631, 0.0169008, -0.884291], [0.57764, 0.762953, -0.290233]], [[0.669767, -0.646233, -0.36578], [-0.723854, -0.458284, -0.515762], [0.165671, 0.610212, -0.774722]]], "btipPosition": [-42.8993, 169.227, 44.3312], "carpPosition": [-59.0189, 162.965, 87.7996], "dipPosition": [-45.371, 178.331, 32.7729], "direction": [0.57764, -0.762953, 0.290233], "extended": false, "handId": 120, "id": 1204, "length": 43.7194, "mcpPosition": [-72.6803, 195.413, 52.5981], "pipPosition": [-55.1499, 191.247, 27.8596], "stabilizedTipPosition": [-42.8267, 172.424, 43.349], "timeVisible": 1.68115, "tipPosition": [-44.1867, 173.239, 40.1193], "tipVelocity": [7.53546, -7.32149, -1.93929], "tool": false, "touchDistance": 0.333333, "touchZone": "none", "type": 4, "width": 13.9913}], "r": [[0.995948, 0.0729594, -0.0525755], [-0.0815041, 0.485245, -0.870571], [-0.0380043, 0.871329, 0.489226]], "s": 0.344069, "t": [15.378, 30.8262, 27.6355], "timestamp": 630004530081}, {"currentFrameRate": 55.3368, "devices": [], "gestures": [], "hands": [{"armBasis": [[0.847134, -0.0713346, -0.526569], [0.402911, 0.732306, 0.54899], [0.346448, -0.677229, 0.649103]], "armWidth": 55.2734, "confidence": 1, "direction": [-0.082373, 0.814784, -0.573883], "elbow": [-128.305, -11.4741, 256.6], "grabAngle": 3.01401, "grabStrength": 1, "id": 120, "palmNormal": [0.397173, -0.501296, -0.768736], "palmPosition": [-41.8397, 197.556, 66.8647], "palmVelocity": [8.29841, -5.79533, -8.8892], "palmWidth": 78.1236, "pinchDistance": 8.83216, "pinchStrength": 1, "r": [[0.995935, 0.0727558, -0.0531005], [-0.0818902, 0.485874, -0.870184], [-0.0375107, 0.870995, 0.489857]], "s": 0.345247, "sphereCenter": [-34.7082, 186.188, 26.929], "sphereRadius": 35.0464, "stabilizedPalmPosition": [-38.6147, 194.329, 54.4374], "t": [-15.2491, 30.7481, 27.5223], "timeVisible": 1.6992, "type": "left", "wrist": [-47.9911, 145.522, 106.124]}], "id": 44345, "interactionBox": {"center": [0, 200, 0], "size": [235.247, 235.247, 147.751]}, "pointables": [{"bases": [[[0.739123, 0.490164, 0.461992], [-0.590139, 0.140605, 0.794963], [0.324704, -0.860215, 0.393189]], [[0.531136, 0.809204, 0.251164], [-0.704293, 0.25686, 0.661811], [0.471027, -0.528405, 0.706344]], [[0.531136, 0.809204, 0.251164], [-0.826942, 0.430512, 0.3617], [0.18456, -0.39981, 0.897825]], [[0.531136, 0.809204, 0.251164], [-0.837106, 0.546984, 0.00794289], [-0.130955, -0.21447, 0.967912]]], "btipPosition": [3.80343, 198.609, 19.5678], "carpPosition": [-19.1782, 159.819, 95.9439], "dipPosition": [6.45618, 194.265, 39.1747], "direction": [0.18456, 0.39981, -0.897825], "extended": false, "handId": 120, "id": 1200, "length": 45.1091, "mcpPosition": [-19.1782, 159.819, 95.9439], "pipPosition": [1.00956, 182.466, 65.6707], "stabilizedTipPosition": [4.47121, 197.871, 24.9729], "timeVisible": 1.6992, "tipPosition": [8.12795, 199.544, 26.2467], "tipVelocity": [12.5105, -1.75856, -7.84078], "tool": false, "touchDistance": 0.283741, "touchZone": "hovering", "type": 0, "width": 17.6444}, {"bases": [[[0.914894, -0.150315, -0.374665], [0.382059, 0.622154, 0.683342], [0.130383, -0.768329, 0.626634]], [[0.914655, -0.148917, -0.375805], [0.169151, 0.985361, 0.021228], [0.367142, -0.0829841, 0.926456]], [[0.914655, -0.148917, -0.375805], [-0.270589, 0.465113, -0.842883], [0.300311, 0.872636, 0.385122]], [[0.914655, -0.148917, -0.375805], [-0.391304, -0.0929171, -0.915559], [0.101424, 0.984475, -0.143259]]], "btipPosition": [-3.26154, 192.507, 21.6504], "carpPosition": [-32.9325, 173.703, 101.622], "dipPosition": [-4.76143, 207.066, 19.5318], "direction": [0.300311, -0.872636, -0.385122], "extended": false, "handId": 120, "id": 1201, "length": 50.9006, "mcpPosition": [-24.6967, 222.236, 62.04], "pipPosition": [-11.0441, 225.322, 27.5888], "stabilizedTipPosition": [-3.20562, 196.256, 22.2613], "timeVisible": 1.6992, "tipPosition": [-2.8934, 202.939, 16.8095], "tipVelocity": [8.6509, 0.946933, -12.5593], "tool": false, "touchDistance": 0.316019, "touchZone": "hovering", "type": 1, "width": 16.8539}, {"bases": [[[0.845471, -0.356582, -0.397527], [0.534002, 0.570765, 0.623754], [0.00447467, -0.739646, 0.672981]], [[0.845161, -0.339988, -0.412446], [0.220463, 0.924667, -0.310462], [0.486929, 0.171462, 0.856447]], [[0.845161, -0.339988, -0.412446], [-0.423456, 0.0449811, -0.904799], [0.326173, 0.939354, -0.105953]], [[0.845161, -0.339988, -0.412446], [-0.532935, -0.476764, -0.699054], [0.0410303, 0.81062, -0.584133]]], "btipPosition": [-13.7153, 174.277, 34.4507], "carpPosition": [-42.9933, 173.429, 98.3857], "dipPosition": [-14.3826, 187.462, 24.9496], "direction": [0.326173, -0.939354, 0.105953], "extended": false, "handId": 120, "id": 1202, "length": 57.9972, "mcpPosition": [-42.7252, 217.736, 58.0724], "pipPosition": [-22.4107, 210.583, 22.3418], "stabilizedTipPosition": [-13.6086, 177.581, 33.5185], "timeVisible": 1.6992, "tipPosition": [-13.7242, 178.08, 30.9937], "tipVelocity": [7.34355, -1.35514, -13.8092], "tool": false, "touchDistance": 0.333333, "touchZone": "none", "type": 2, "width": 16.5528}, {"bases": [[[0.794237, -0.503546, -0.340042], [0.592913, 0.519961, 0.614894], [-0.132819, -0.689987, 0.711532]], [[0.794267, -0.503392, -0.340201], [0.33534, 0.830142, -0.445435], [0.506643, 0.239711, 0.828161]], [[0.794267, -0.503392, -0.340201], [-0.422848, -0.0559236, -0.904473], [0.436279, 0.862247, -0.257277]], [[0.794267, -0.503392, -0.340201], [-0.599918, -0.56121, -0.570212], [0.0961158, 0.656993, -0.747745]]], "btipPosition": [-27.8122, 167.189, 42.1878], "carpPosition": [-52.2771, 170.649, 94.2213], "dipPosition": [-29.3666, 177.813, 30.0954], "direction": [0.436279, -0.862247, 0.257277], "extended": false, "handId": 120, "id": 1203, "length": 55.7658, "mcpPosition": [-59.4205, 207.758, 55.9534], "pipPosition": [-39.8274, 198.488, 23.9266], "stabilizedTipPosition": [-28.0011, 170.26, 40.7436], "timeVisible": 1.6992, "tipPosition": [-28.7285, 170.799, 39.043], "tipVelocity": [6.32656, -3.1111, -9.68015], "tool": false, "touchDistance": 0.333333, "touchZone": "none", "type": 3, "width": 15.751}, {"bases": [[[0.664569, -0.658965, -0.352297], [0.695149, 0.372296, 0.61495], [-0.274071, -0.653576, 0.705495]], [[0.67051, -0.64424, -0.367927], [0.471034, 0.752819, -0.459772], [0.573186, 0.134976, 0.808232]], [[0.67051, -0.64424, -0.367927], [-0.467665, 0.0179617, -0.883723], [0.575939, 0.764612, -0.289245]], [[0.67051, -0.64424, -0.367927], [-0.723763, -0.459028, -0.515228], [0.163042, 0.611758, -0.77406]]], "btipPosition": [-42.8089, 169.16, 44.1457], "carpPosition": [-58.889, 162.823, 87.5603], "dipPosition": [-45.2414, 178.287, 32.5973], "direction": [0.575939, -0.764612, 0.289245], "extended": false, "handId": 120, "id": 1204, "length": 43.7194, "mcpPosition": [-72.5339, 195.362, 52.4366], "pipPosition": [-54.9915, 191.231, 27.7006], "stabilizedTipPosition": [-42.8292, 172.419, 43.3405], "timeVisible": 1.6992, "tipPosition": [-44.0542, 173.192, 39.9076], "tipVelocity": [5.50543, -3.3942, -10.1519], "tool": false, "touchDistance": 0.333333, "touchZone": "none", "type": 4, "width": 13.9913}], "r": [[0.995935, 0.0727558, -0.0531005], [-0.0818902, 0.485874, -0.870184], [-0.0375107, 0.870995, 0.489857]], "s": 0.345247, "t": [15.2491, 30.7481, 27.5223], "timestamp": 630004548132}, {"currentFrameRate": 52.9712, "devices": [], "gestures": [], "hands": [], "id": 44346, "interactionBox": {"center": [0, 200, 0], "size": [235.247, 235.247, 147.751]}, "pointables": [], "r": [[-0.244051, 0.679723, -0.691676], [-0.00243811, -0.71367, -0.700478], [-0.969759, -0.169266, 0.175829]], "s": -0.0717324, "t": [-905.089, -457.704, 1000.07], "timestamp": 630004575351}, {"currentFrameRate": 50.9445, "devices": [], "gestures": [], "hands": [], "id": 44347, "interactionBox": {"center": [0, 200, 0], "size": [235.247, 235.247, 147.751]}, "pointables": [], "r": [[-0.244051, 0.679723, -0.691676], [-0.00243811, -0.71367, -0.700478], [-0.969759, -0.169266, 0.175829]], "s": -0.0717324, "t": [-905.089, -457.704, 1000.07], "timestamp": 630004602413}, {"currentFrameRate": 51.3245, "devices": [], "gestures": [], "hands": [], "id": 44348, "interactionBox": {"center": [0, 200, 0], "size": [235.247, 235.247, 147.751]}, "pointables": [], "r": [[-0.244051, 0.679723, -0.691676], [-0.00243811, -0.71367, -0.700478], [-0.969759, -0.169266, 0.175829]], "s": -0.0717324, "t": [-905.089, -457.704, 1000.07], "timestamp": 630004620482}, {"currentFrameRate": 51.6271, "devices": [], "gestures": [], "hands": [{"armBasis": [[0.799551, -0.29572, -0.52275], [0.383139, 0.921417, 0.0647665], [0.462519, -0.25207, 0.850022]], "armWidth": 54.7097, "confidence": 0, "direction": [-0.0968693, 0.773249, -0.62666], "elbow": [-155.323, 90.256, 308.013], "grabAngle": 2.98651, "grabStrength": 1, "id": 121, "palmNormal": [0.445915, -0.529178, -0.721894], "palmPosition": [-41.4191, 195.231, 66.2215], "palmVelocity": [-1.19209e-07, 1.19209e-07, 1.19209e-07], "palmWidth": 78.1236, "pinchDistance": 12.8176, "pinchStrength": 1, "r": [[1, 1.38778e-17, -1.38778e-18], [-1.38778e-17, 1, 3.85186e-35], [1.38778e-18, -1.92593e-35, 1]], "s": 1, "sphereCenter": [-31.5547, 182.068, 26.5317], "sphereRadius": 35.9428, "stabilizedPalmPosition": [-41.4191, 195.231, 66.2215], "t": [0, 0, 0], "timeVisible": 0, "type": "left", "wrist": [-48.1019, 148.691, 110.96]}], "id": 44349, "interactionBox": {"center": [0, 200, 0], "size": [235.247, 235.247, 147.751]}, "pointables": [{"bases": [[[0.775801, 0.483613, 0.405279], [-0.554506, 0.216052, 0.803645], [0.301092, -0.848198, 0.43578]], [[0.617337, 0.754388, 0.223146], [-0.631534, 0.306084, 0.712374], [0.469106, -0.580699, 0.665379]], [[0.617337, 0.754388, 0.223146], [-0.758674, 0.495858, 0.422539], [0.20811, -0.430143, 0.878446]], [[0.617337, 0.754388, 0.223146], [-0.784241, 0.612537, 0.0988146], [-0.0621404, -0.236002, 0.969764]]], "btipPosition": [6.74296, 202.651, 24.6446], "carpPosition": [-18.2061, 160.429, 98.3646], "dipPosition": [7.99162, 197.909, 44.1312], "direction": [0.20811, 0.430144, -0.878446], "extended": false, "handId": 121, "id": 1210, "length": 44.7469, "mcpPosition": [-18.2061, 160.429, 98.3646], "pipPosition": [1.89935, 185.317, 69.8471], "stabilizedTipPosition": [7.03015, 201.561, 29.1265], "timeVisible": 0, "tipPosition": [7.03015, 201.561, 29.1265], "tipVelocity": [-1.19209e-07, 1.19209e-07, 1.19209e-07], "tool": false, "touchDistance": 1, "touchZone": "none", "type": 0, "width": 17.3866}, {"bases": [[[0.893451, -0.214576, -0.394592], [0.432984, 0.645101, 0.629579], [0.119459, -0.73335, 0.669274]], [[0.887578, -0.18327, -0.422632], [0.226051, 0.972676, 0.0529446], [0.40138, -0.142529, 0.904754]], [[0.887578, -0.18327, -0.422632], [-0.307506, 0.447394, -0.839808], [0.342995, 0.875357, 0.340741]], [[0.887578, -0.18327, -0.422632], [-0.44873, -0.136549, -0.883174], [0.104149, 0.973533, -0.203436]]], "btipPosition": [-1.74661, 193.131, 22.9574], "carpPosition": [-32.7441, 173.998, 102.694], "dipPosition": [-3.27444, 207.412, 19.973], "direction": [0.342995, -0.875357, -0.340741], "extended": false, "handId": 121, "id": 1211, "length": 50.4919, "mcpPosition": [-25.1983, 220.321, 60.4182], "pipPosition": [-10.3925, 225.578, 27.0443], "stabilizedTipPosition": [-2.09801, 196.416, 22.271], "timeVisible": 0, "tipPosition": [-2.09801, 196.416, 22.271], "tipVelocity": [-1.19209e-07, 1.19209e-07, 1.19209e-07], "tool": false, "touchDistance": 1, "touchZone": "none", "type": 1, "width": 16.6076}, {"bases": [[[0.814384, -0.418491, -0.40205], [0.580317, 0.58328, 0.568346], [-0.00333955, -0.696168, 0.717871]], [[0.814084, -0.396321, -0.424497], [0.286443, 0.909869, -0.300147], [0.505191, 0.122751, 0.854233]], [[0.814084, -0.396321, -0.424497], [-0.451279, 0.028369, -0.891932], [0.365534, 0.917674, -0.155756]], [[0.814084, -0.396321, -0.424497], [-0.577649, -0.477191, -0.662276], [0.0599077, 0.784359, -0.617408]]], "btipPosition": [-12.0623, 174.629, 34.559], "carpPosition": [-42.6606, 173.067, 99.1488], "dipPosition": [-13.0289, 187.284, 24.5973], "direction": [0.365534, -0.917674, 0.155756], "extended": false, "handId": 121, "id": 1212, "length": 57.5314, "mcpPosition": [-42.8606, 214.769, 56.1466], "pipPosition": [-21.9535, 209.689, 20.7944], "stabilizedTipPosition": [-12.2846, 177.539, 32.2678], "timeVisible": 0, "tipPosition": [-12.2846, 177.539, 32.2678], "tipVelocity": [-1.19209e-07, 1.19209e-07, 1.19209e-07], "tool": false, "touchDistance": 0.333333, "touchZone": "none", "type": 2, "width": 16.3109}, {"bases": [[[0.758936, -0.559148, -0.33372], [0.636616, 0.5294, 0.560763], [-0.136878, -0.638035, 0.757744]], [[0.765779, -0.519882, -0.378557], [0.339062, 0.826563, -0.449255], [0.546461, 0.215676, 0.809237]], [[0.765779, -0.519882, -0.378557], [-0.470804, -0.052203, -0.880692], [0.438094, 0.852641, -0.284739]], [[0.765779, -0.519882, -0.378557], [-0.637764, -0.538207, -0.550991], [0.0827083, 0.663367, -0.743709]]], "btipPosition": [-26.3111, 164.736, 41.7686], "carpPosition": [-51.6595, 169.616, 94.8625], "dipPosition": [-27.6379, 175.377, 29.838], "direction": [0.438094, -0.852641, 0.284739], "extended": false, "handId": 121, "id": 1213, "length": 55.318, "mcpPosition": [-59.0211, 203.931, 54.1092], "pipPosition": [-38.0579, 195.657, 23.0655], "stabilizedTipPosition": [-26.6163, 167.183, 39.0246], "timeVisible": 0, "tipPosition": [-26.6163, 167.183, 39.0246], "tipVelocity": [-1.19209e-07, 1.19209e-07, 1.19209e-07], "tool": false, "touchDistance": 0.333333, "touchZone": "none", "type": 3, "width": 15.5209}, {"bases": [[[0.622304, -0.70897, -0.331813], [0.732298, 0.377525, 0.566758], [-0.276547, -0.595681, 0.754112]], [[0.65366, -0.623073, -0.429545], [0.458686, 0.777636, -0.429988], [0.601943, 0.0840396, 0.794104]], [[0.65366, -0.623073, -0.429545], [-0.513076, 0.0523738, -0.856744], [0.556311, 0.780408, -0.285449]], [[0.65366, -0.623073, -0.429545], [-0.745832, -0.434142, -0.505228], [0.12831, 0.650616, -0.748489]]], "btipPosition": [-41.9348, 165.473, 42.7118], "carpPosition": [-57.6823, 161.102, 88.4936], "dipPosition": [-43.8337, 175.102, 31.6346], "direction": [0.556311, -0.780408, 0.285449], "extended": false, "handId": 121, "id": 1214, "length": 43.3683, "mcpPosition": [-71.4504, 190.759, 50.9495], "pipPosition": [-53.1759, 188.207, 26.8411], "stabilizedTipPosition": [-42.3715, 167.688, 40.1641], "timeVisible": 0, "tipPosition": [-42.3715, 167.688, 40.1641], "tipVelocity": [-1.19209e-07, 1.19209e-07, 1.19209e-07], "tool": false, "touchDistance": 0.333333, "touchZone": "none", "type": 4, "width": 13.7868}], "r": [[1, 1.38778e-17, -1.38778e-18], [-1.38778e-17, 1, 3.85186e-35], [1.38778e-18, -1.92593e-35, 1]], "s": 1, "t": [0, 0, 0], "timestamp": 630004638732}, {"currentFrameRate": 51.9871, "devices": [], "gestures": [], "hands": [{"armBasis": [[0.838845, -0.223494, -0.496375], [0.327341, 0.935654, 0.131907], [0.434955, -0.273134, 0.858028]], "armWidth": 55.2734, "confidence": 0.0940818, "direction": [-0.0878074, 0.827881, -0.553988], "elbow": [-148.853, 83.2897, 305.981], "grabAngle": 3.04028, "grabStrength": 1, "id": 121, "palmNormal": [0.3853, -0.484623, -0.785292], "palmPosition": [-41.1213, 196.238, 65.9255], "palmVelocity": [16.6271, 56.2208, -16.521], "palmWidth": 78.1236, "pinchDistance": 9.66541, "pinchStrength": 1, "r": [[0.999908, 0.00900468, 0.0101112], [-0.00917346, 0.999817, 0.0167721], [-0.00995833, -0.0168633, 0.999808]], "s": 0.98644, "sphereCenter": [-34.8016, 185.593, 25.1766], "sphereRadius": 35.3611, "stabilizedPalmPosition": [-41.4169, 195.238, 66.2193], "t": [0.148912, 0.503513, -0.147962], "timeVisible": 0.017912, "type": "left", "wrist": [-48.0213, 146.608, 107.072]}], "id": 44350, "interactionBox": {"center": [0, 200, 0], "size": [235.247, 235.247, 147.751]}, "pointables": [{"bases": [[[0.731401, 0.481367, 0.483051], [-0.601244, 0.120916, 0.789864], [0.321806, -0.868139, 0.377857]], [[0.531174, 0.798948, 0.282022], [-0.706967, 0.234491, 0.667241], [0.466959, -0.553802, 0.689385]], [[0.531174, 0.798948, 0.282022], [-0.827574, 0.417903, 0.374805], [0.181591, -0.432481, 0.883168]], [[0.531174, 0.798948, 0.282022], [-0.837192, 0.546099, 0.0297491], [-0.130244, -0.251909, 0.958946]]], "btipPosition": [4.55801, 199.391, 18.7911], "carpPosition": [-18.1761, 157.789, 93.8262], "dipPosition": [7.19636, 194.288, 38.2164], "direction": [0.181591, 0.432481, -0.883168], "extended": false, "handId": 121, "id": 1210, "length": 45.1091, "mcpPosition": [-18.1761, 157.789, 93.8262], "pipPosition": [1.83736, 181.525, 64.2798], "stabilizedTipPosition": [6.96429, 201.443, 28.9193], "timeVisible": 0.017912, "tipPosition": [5.5948, 201.816, 25.8444], "tipVelocity": [-104.138, -186.661, -327.579], "tool": false, "touchDistance": 1, "touchZone": "none", "type": 0, "width": 17.6444}, {"bases": [[[0.920307, -0.139394, -0.36552], [0.370998, 0.60736, 0.702477], [0.124081, -0.782101, 0.610673]], [[0.916266, -0.116366, -0.383296], [0.14686, 0.987833, 0.0511679], [0.372678, -0.103174, 0.922207]], [[0.916266, -0.116366, -0.383296], [-0.296925, 0.444974, -0.844887], [0.268873, 0.887951, 0.373162]], [[0.916266, -0.116366, -0.383296], [-0.397234, -0.140705, -0.906867], [0.0515966, 0.983189, -0.175148]]], "btipPosition": [-3.72836, 191.699, 21.9222], "carpPosition": [-31.8126, 171.576, 100.006], "dipPosition": [-4.49139, 206.239, 19.3321], "direction": [0.268873, -0.887951, -0.373162], "extended": false, "handId": 121, "id": 1211, "length": 50.9006, "mcpPosition": [-23.9748, 220.979, 61.432], "pipPosition": [-10.1164, 224.815, 27.1389], "stabilizedTipPosition": [-2.13896, 196.385, 22.2496], "timeVisible": 0.017912, "tipPosition": [-3.88356, 198.366, 20.5473], "tipVelocity": [-100.818, -76.6307, -52.7289], "tool": false, "touchDistance": 1, "touchZone": "none", "type": 1, "width": 16.8539}, {"bases": [[[0.851788, -0.345261, -0.394019], [0.52388, 0.557732, 0.643805], [-0.00252375, -0.754804, 0.655945]], [[0.850742, -0.30509, -0.427969], [0.206045, 0.942694, -0.262438], [0.483511, 0.135087, 0.864852]], [[0.850742, -0.30509, -0.427969], [-0.432162, 0.0573606, -0.89997], [0.299121, 0.950594, -0.0830494]], [[0.850742, -0.30509, -0.427969], [-0.52557, -0.488249, -0.696699], [0.00360088, 0.817639, -0.57572]]], "btipPosition": [-14.4754, 174.284, 32.9355], "carpPosition": [-41.917, 171.401, 96.9012], "dipPosition": [-14.534, 187.583, 23.5712], "direction": [0.299121, -0.950594, 0.0830494], "extended": false, "handId": 121, "id": 1212, "length": 57.9972, "mcpPosition": [-42.0682, 216.616, 57.6084], "pipPosition": [-21.8963, 210.98, 21.5271], "stabilizedTipPosition": [-12.3261, 177.536, 32.2398], "timeVisible": 0.017912, "tipPosition": [-14.5001, 179.696, 29.4813], "tipVelocity": [-123.063, -10.9746, -82.9674], "tool": false, "touchDistance": 0.333333, "touchZone": "none", "type": 2, "width": 16.5528}, {"bases": [[[0.800201, -0.493629, -0.340601], [0.58305, 0.507294, 0.634591], [-0.140468, -0.706388, 0.693747]], [[0.80619, -0.457935, -0.374638], [0.316136, 0.86864, -0.381474], [0.500116, 0.189104, 0.845059]], [[0.80619, -0.457935, -0.374638], [-0.433412, -0.026055, -0.900819], [0.402755, 0.888604, -0.21948]], [[0.80619, -0.457935, -0.374638], [-0.588358, -0.553724, -0.589258], [0.0623957, 0.695475, -0.715836]]], "btipPosition": [-28.8123, 166.865, 39.6483], "carpPosition": [-51.2643, 168.74, 92.8011], "dipPosition": [-29.8213, 178.112, 28.0719], "direction": [0.402755, -0.888604, 0.21948], "extended": false, "handId": 121, "id": 1213, "length": 55.7658, "mcpPosition": [-58.8189, 206.731, 55.4897], "pipPosition": [-39.4783, 199.418, 22.8094], "stabilizedTipPosition": [-26.7149, 167.275, 38.9418], "timeVisible": 0.017912, "tipPosition": [-29.0001, 169.952, 35.8639], "tipVelocity": [-135.557, 126.643, -113.822], "tool": false, "touchDistance": 0.333333, "touchZone": "none", "type": 3, "width": 15.751}, {"bases": [[[0.671155, -0.649057, -0.358158], [0.685697, 0.359927, 0.632671], [-0.281729, -0.670208, 0.686623]], [[0.690309, -0.597226, -0.408404], [0.461638, 0.798213, -0.386971], [0.557102, 0.0785945, 0.826716]], [[0.690309, -0.597226, -0.408404], [-0.472008, 0.0560696, -0.879809], [0.548344, 0.800111, -0.24319]], [[0.690309, -0.597226, -0.408404], [-0.710228, -0.451675, -0.539968], [0.138017, 0.662805, -0.735963]]], "btipPosition": [-43.6219, 168.614, 41.6652], "carpPosition": [-57.988, 161.086, 86.054], "dipPosition": [-45.681, 178.502, 30.6852], "direction": [0.548344, -0.800111, 0.24319], "extended": false, "handId": 121, "id": 1214, "length": 43.7194, "mcpPosition": [-72.0141, 194.453, 51.8699], "pipPosition": [-54.964, 192.047, 26.5682], "stabilizedTipPosition": [-42.4698, 167.87, 40.1057], "timeVisible": 0.017912, "tipPosition": [-44.5864, 171.089, 37.8663], "tipVelocity": [-96.2476, 178.669, -57.1846], "tool": false, "touchDistance": 0.333333, "touchZone": "none", "type": 4, "width": 13.9913}], "r": [[0.999908, 0.00900468, 0.0101112], [-0.00917346, 0.999817, 0.0167721], [-0.00995833, -0.0168633, 0.999808]], "s": 0.98644, "t": [-0.148912, 0.503513, -0.147962], "timestamp": 630004656644}, {"currentFrameRate": 52.2633, "devices": [], "gestures": [], "hands": [{"armBasis": [[0.84993, -0.210808, -0.482886], [0.32578, 0.930549, 0.167169], [0.414108, -0.299397, 0.859579]], "armWidth": 55.2734, "confidence": 0.18759, "direction": [-0.0828944, 0.828268, -0.554167], "elbow": [-143.888, 76.8973, 305.541], "grabAngle": 3.04781, "grabStrength": 1, "id": 121, "palmNormal": [0.377001, -0.488691, -0.786799], "palmPosition": [-40.9553, 196.063, 65.1784], "palmVelocity": [9.15975, -9.68159, -41.2226], "palmWidth": 78.1236, "pinchDistance": 9.63707, "pinchStrength": 1, "r": [[0.999653, 0.0179098, 0.0192905], [-0.018483, 0.99938, 0.0299546], [-0.0187421, -0.0303007, 0.999365]], "s": 0.976343, "sphereCenter": [-34.8368, 185.485, 24.8768], "sphereRadius": 35.0699, "stabilizedPalmPosition": [-41.415, 195.242, 66.215], "t": [0.306374, 0.667535, -0.595502], "timeVisible": 0.036036, "type": "left", "wrist": [-47.889, 146.304, 106.273]}], "id": 44351, "interactionBox": {"center": [0, 200, 0], "s