{"frames": 52, "data": [{"currentFrameRate": 55.3293, "devices": [], "gestures": [], "hands": [{"armBasis": [[0.931976, 0.0205605, -0.361938], [0.325249, 0.393516, 0.859859], [0.160107, -0.919088, 0.36006]], "armWidth": 55.2734, "confidence": 1, "direction": [-0.381321, 0.794214, -0.473095], "elbow": [-92.4634, -69.8335, 257.936], "grabAngle": 1.9563, "grabStrength": 0.443987, "id": 116, "palmNormal": [0.314038, -0.37004, -0.874328], "palmPosition": [-68.3105, 198.402, 141.941], "palmVelocity": [-8.79966, 125.231, -151.578], "palmWidth": 78.1236, "pinchDistance": 78.5052, "pinchStrength": 0, "r": [[0.988522, -0.0554726, 0.140526], [0.0323542, 0.986301, 0.161748], [-0.147574, -0.155345, 0.976775]], "s": 0.807133, "sphereCenter": [-50.1902, 206.935, 97.1992], "sphereRadius": 48.1652, "stabilizedPalmPosition": [-70.2037, 192.947, 135.23], "t": [-11.6956, -12.264, 51.4601], "timeVisible": 5.58567, "type": "left", "wrist": [-55.3472, 143.23, 174.467]}], "id": 43057, "interactionBox": {"center": [0, 200, 0], "size": [235.247, 235.247, 147.751]}, "pointables": [{"bases": [[[0.705164, 0.292008, 0.646123], [-0.708116, 0.24342, 0.662811], [0.0362668, -0.924921, 0.378426]], [[0.567293, 0.755039, 0.328778], [-0.681544, 0.206355, 0.70208], [0.462252, -0.622361, 0.631656]], [[0.567293, 0.755039, 0.328778], [-0.723213, 0.265819, 0.637419], [0.393881, -0.59938, 0.696851]], [[0.567293, 0.755039, 0.328778], [-0.693876, 0.223223, 0.684622], [0.443525, -0.616513, 0.650536]]], "btipPosition": [8.24807, 222.68, 101.529], "carpPosition": [-32.172, 165.829, 162.344], "dipPosition": [-0.736376, 210.192, 114.707], "direction": [0.393881, 0.59938, -0.696851], "extended": true, "handId": 116, "id": 1160, "length": 45.1091, "mcpPosition": [-32.172, 165.829, 162.344], "pipPosition": [-12.3603, 192.503, 135.272], "stabilizedTipPosition": [7.46894, 210.696, 115.637], "timeVisible": 5.58567, "tipPosition": [5.80422, 222.447, 107.417], "tipVelocity": [-22.1785, 96.3971, -211.507], "tool": false, "touchDistance": 0.575996, "touchZone": "hovering", "type": 0, "width": 17.6444}, {"bases": [[[0.921149, -0.341777, -0.186206], [0.344671, 0.494092, 0.79817], [-0.180794, -0.799413, 0.572933]], [[0.925205, -0.322586, -0.199837], [0.345733, 0.499521, 0.794322], [-0.156415, -0.804, 0.573688]], [[0.925205, -0.322586, -0.199837], [0.368454, 0.889648, 0.269755], [0.0907652, -0.323209, 0.941965]], [[0.925205, -0.322586, -0.199837], [0.303426, 0.945153, -0.12091], [0.22788, 0.0512309, 0.97234]]], "btipPosition": [-58.9362, 262.399, 80.3168], "carpPosition": [-46.9685, 176.001, 171.926], "dipPosition": [-62.3061, 263.156, 94.6961], "direction": [0.0907652, 0.323209, -0.941965], "extended": true, "handId": 116, "id": 1161, "length": 50.9006, "mcpPosition": [-58.3886, 226.497, 135.736], "pipPosition": [-64.205, 256.395, 114.403], "stabilizedTipPosition": [-63.4582, 254.071, 85.5115], "timeVisible": 5.58567, "tipPosition": [-62.3865, 264.165, 84.0563], "tipVelocity": [-18.3316, 96.6907, -167.309], "tool": false, "touchDistance": 0.227067, "touchZone": "hovering", "type": 1, "width": 16.8539}, {"bases": [[[0.815909, -0.525828, -0.24041], [0.491387, 0.411526, 0.767584], [-0.304682, -0.744413, 0.594153]], [[0.819737, -0.51627, -0.247985], [0.559371, 0.628659, 0.540271], [-0.123027, -0.581596, 0.804121]], [[0.819737, -0.51627, -0.247985], [0.438147, 0.844122, -0.309007], [0.368861, 0.144651, 0.91816]], [[0.819737, -0.51627, -0.247985], [0.182539, 0.645902, -0.741276], [0.542873, 0.562385, 0.623709]]], "btipPosition": [-62.6725, 229.702, 68.9728], "carpPosition": [-57.1974, 173.553, 170.855], "dipPosition": [-71.5025, 238.849, 79.1177], "direction": [0.368861, -0.144651, -0.91816], "extended": false, "handId": 116, "id": 1162, "length": 57.9972, "mcpPosition": [-75.4486, 218.145, 135.264], "pipPosition": [-80.5813, 242.409, 101.716], "stabilizedTipPosition": [-60.7029, 221.386, 88.693], "timeVisible": 5.58567, "tipPosition": [-65.1237, 230.161, 73.8376], "tipVelocity": [-22.6311, 80.4161, -151.234], "tool": false, "touchDistance": 0.0237313, "touchZone": "hovering", "type": 2, "width": 16.5528}, {"bases": [[[0.7228, -0.65916, -0.207531], [0.538461, 0.348967, 0.766995], [-0.433151, -0.666131, 0.607165]], [[0.730803, -0.646541, -0.21889], [0.681925, 0.705677, 0.192351], [0.0301027, -0.289838, 0.956602]], [[0.730803, -0.646541, -0.21889], [0.226355, 0.532076, -0.815879], [0.643965, 0.5467, 0.53519]], [[0.730803, -0.646541, -0.21889], [-0.140511, 0.171317, -0.975145], [0.66797, 0.743395, 0.0343529]]], "btipPosition": [-62.2447, 190.781, 85.47], "carpPosition": [-66.3558, 168.876, 168.507], "dipPosition": [-73.047, 202.803, 86.0255], "direction": [0.643965, -0.5467, -0.53519], "extended": false, "handId": 116, "id": 1163, "length": 55.7658, "mcpPosition": [-89.6517, 204.702, 135.852], "pipPosition": [-88.4876, 215.911, 98.858], "stabilizedTipPosition": [-64.0925, 179.986, 98.0805], "timeVisible": 5.58567, "tipPosition": [-64.9716, 192.922, 87.3886], "tipVelocity": [-32.1365, 106.784, -140.145], "tool": false, "touchDistance": 0.259963, "touchZone": "hovering", "type": 3, "width": 15.751}, {"bases": [[[0.568838, -0.780365, -0.259721], [0.603931, 0.181964, 0.775988], [-0.558293, -0.598264, 0.574794]], [[0.533281, -0.815815, -0.223735], [0.845544, 0.505977, 0.17042], [-0.0258263, -0.28006, 0.959635]], [[0.533281, -0.815815, -0.223735], [0.337356, 0.447637, -0.828138], [0.775759, 0.366152, 0.513936]], [[0.533281, -0.815815, -0.223735], [-0.148943, 0.169799, -0.974158], [0.832723, 0.552824, -0.0309597]]], "btipPosition": [-75.475, 183.899, 96.5163], "carpPosition": [-72.446, 159.989, 162.741], "dipPosition": [-87.8986, 192.146, 96.0544], "direction": [0.775759, -0.366152, -0.513936], "extended": false, "handId": 116, "id": 1164, "length": 43.7194, "mcpPosition": [-100.241, 189.774, 134.124], "pipPosition": [-101.031, 198.345, 104.755], "stabilizedTipPosition": [-75.974, 172.263, 108.757], "timeVisible": 5.58567, "tipPosition": [-74.8686, 181.212, 103.845], "tipVelocity": [-33.2416, 123.836, -144.971], "tool": false, "touchDistance": 0.440167, "touchZone": "hovering", "type": 4, "width": 13.9913}], "r": [[0.988522, -0.0554726, 0.140526], [0.0323542, 0.986301, 0.161748], [-0.147574, -0.155345, 0.976775]], "s": 0.807133, "t": [11.6956, -12.264, 51.4601], "timestamp": 629980704921}, {"currentFrameRate": 55.3265, "devices": [], "gestures": [], "hands": [{"armBasis": [[0.93406, 0.0180361, -0.356659], [0.320192, 0.399966, 0.858781], [0.158141, -0.916352, 0.367818]], "armWidth": 55.2734, "confidence": 1, "direction": [-0.38413, 0.793081, -0.472722], "elbow": [-91.9859, -66.7483, 256.62], "grabAngle": 1.96913, "grabStrength": 0.446115, "id": 116, "palmNormal": [0.30722, -0.373033, -0.875478], "palmPosition": [-68.4824, 200.746, 138.719], "palmVelocity": [-9.50601, 129.633, -178.22], "palmWidth": 78.1236, "pinchDistance": 78.5752, "pinchStrength": 0, "r": [[0.987711, -0.0559715, 0.145927], [0.0319216, 0.986239, 0.162218], [-0.152998, -0.155566, 0.975905]], "s": 0.802775, "sphereCenter": [-50.5835, 209.093, 93.9026], "sphereRadius": 48.023, "stabilizedPalmPosition": [-70.1793, 193.058, 135.279], "t": [-11.8944, -10.0572, 48.5958], "timeVisible": 5.60375, "type": "left", "wrist": [-55.3256, 145.681, 171.353]}], "id": 43058, "interactionBox": {"center": [0, 200, 0], "size": [235.247, 235.247, 147.751]}, "pointables": [{"bases": [[[0.700096, 0.294641, 0.650424], [-0.713226, 0.244845, 0.65678], [0.0342613, -0.923709, 0.381561]], [[0.562526, 0.758962, 0.327934], [-0.688395, 0.210278, 0.694187], [0.457904, -0.616246, 0.640753]], [[0.562526, 0.758962, 0.327934], [-0.727787, 0.266359, 0.631965], [0.392289, -0.594162, 0.702197]], [[0.562526, 0.758962, 0.327934], [-0.698144, 0.223565, 0.680157], [0.442899, -0.611551, 0.655626]]], "btipPosition": [7.95224, 224.539, 97.4878], "carpPosition": [-32.2218, 168.205, 158.954], "dipPosition": [-1.01953, 212.151, 110.769], "direction": [0.392289, 0.594162, -0.702197], "extended": true, "handId": 116, "id": 1160, "length": 45.1091, "mcpPosition": [-32.2218, 168.205, 158.954], "pipPosition": [-12.5965, 194.617, 131.492], "stabilizedTipPosition": [7.46587, 210.717, 115.608], "timeVisible": 5.60375, "tipPosition": [5.40656, 224.549, 103.499], "tipVelocity": [-16.1977, 104.076, -222.148], "tool": false, "touchDistance": 0.50904, "touchZone": "hovering", "type": 0, "width": 17.6444}, {"bases": [[[0.922802, -0.341532, -0.178304], [0.338309, 0.496875, 0.799163], [-0.184345, -0.797791, 0.574061]], [[0.927129, -0.321449, -0.192622], [0.340236, 0.506597, 0.792211], [-0.157074, -0.800019, 0.579049]], [[0.927129, -0.321449, -0.192622], [0.364429, 0.893151, 0.263575], [0.0873145, -0.314565, 0.945212]], [[0.927129, -0.321449, -0.192622], [0.299239, 0.944462, -0.135824], [0.225584, 0.0682864, 0.971827]]], "btipPosition": [-59.2607, 264.134, 76.6733], "carpPosition": [-46.938, 178.419, 168.613], "dipPosition": [-62.5967, 265.143, 91.0451], "direction": [0.0873145, 0.314565, -0.945212], "extended": true, "handId": 116, "id": 1161, "length": 50.9006, "mcpPosition": [-58.5824, 228.813, 132.352], "pipPosition": [-64.4233, 258.563, 110.819], "stabilizedTipPosition": [-63.4491, 254.098, 85.4969], "timeVisible": 5.60375, "tipPosition": [-62.8441, 266.265, 80.5685], "tipVelocity": [-17.511, 99.1431, -201.569], "tool": false, "touchDistance": 0.166314, "touchZone": "hovering", "type": 1, "width": 16.8539}, {"bases": [[[0.818127, -0.525844, -0.232715], [0.48532, 0.414346, 0.769923], [-0.308435, -0.742836, 0.59419]], [[0.821604, -0.517307, -0.239501], [0.556578, 0.637119, 0.533198], [-0.123236, -0.571378, 0.811381]], [[0.821604, -0.517307, -0.239501], [0.434789, 0.840374, -0.323619], [0.36868, 0.161754, 0.915374]], [[0.821604, -0.517307, -0.239501], [0.176814, 0.630667, -0.755643], [0.541944, 0.578492, 0.609625]]], "btipPosition": [-62.9049, 230.922, 65.7364], "carpPosition": [-57.1767, 175.977, 167.626], "dipPosition": [-71.7198, 240.331, 75.6522], "direction": [0.36868, -0.161754, -0.915374], "extended": false, "handId": 116, "id": 1162, "length": 57.9972, "mcpPosition": [-75.6527, 220.475, 132.033], "pipPosition": [-80.7941, 244.313, 98.1823], "stabilizedTipPosition": [-60.7029, 221.386, 88.693], "timeVisible": 5.60375, "tipPosition": [-65.7227, 232.339, 70.3449], "tipVelocity": [-12.658, 70.8265, -181.881], "tool": false, "touchDistance": -0.0330498, "touchZone": "hovering", "type": 2, "width": 16.5528}, {"bases": [[[0.724892, -0.659156, -0.200112], [0.532452, 0.351827, 0.769879], [-0.437065, -0.664629, 0.606005]], [[0.733021, -0.64648, -0.211527], [0.679563, 0.709535, 0.186424], [0.0295661, -0.280398, 0.959428]], [[0.733021, -0.64648, -0.211527], [0.223753, 0.522839, -0.822541], [0.642351, 0.555611, 0.527903]], [[0.733021, -0.64648, -0.211527], [-0.141799, 0.158909, -0.977057], [0.665261, 0.746198, 0.0248135]]], "btipPosition": [-62.559, 192.501, 82.6057], "carpPosition": [-66.3563, 171.301, 165.36], "dipPosition": [-73.3175, 204.568, 83.0069], "direction": [0.642351, -0.555611, -0.527903], "extended": false, "handId": 116, "id": 1163, "length": 55.7658, "mcpPosition": [-89.8628, 207.047, 132.768], "pipPosition": [-88.7194, 217.89, 95.6647], "stabilizedTipPosition": [-64.1033, 180.16, 97.9048], "timeVisible": 5.60375, "tipPosition": [-65.5323, 195.102, 84.1012], "tipVelocity": [-16.8224, 95.7068, -160.353], "tool": false, "touchDistance": 0.211633, "touchZone": "hovering", "type": 3, "width": 15.751}, {"bases": [[[0.571427, -0.78066, -0.253065], [0.597998, 0.184911, 0.779876], [-0.562023, -0.596974, 0.572496]], [[0.53517, -0.816457, -0.216776], [0.844278, 0.508438, 0.169365], [-0.0280617, -0.273658, 0.961418]], [[0.53517, -0.816457, -0.216776], [0.339732, 0.442972, -0.829674], [0.773418, 0.37037, 0.514441]], [[0.53517, -0.816457, -0.216776], [-0.143506, 0.165017, -0.975795], [0.832466, 0.553324, -0.0288541]]], "btipPosition": [-75.8234, 185.972, 93.4628], "carpPosition": [-72.4968, 162.401, 159.668], "dipPosition": [-88.2432, 194.228, 93.0323], "direction": [0.773418, -0.37037, -0.514441], "extended": false, "handId": 116, "id": 1164, "length": 43.7194, "mcpPosition": [-100.478, 192.122, 131.166], "pipPosition": [-101.336, 200.498, 101.741], "stabilizedTipPosition": [-76.0203, 172.53, 108.494], "timeVisible": 5.60375, "tipPosition": [-75.3883, 183.511, 100.614], "tipVelocity": [-19.2166, 114.767, -168.451], "tool": false, "touchDistance": 0.389396, "touchZone": "hovering", "type": 4, "width": 13.9913}], "r": [[0.987711, -0.0559715, 0.145927], [0.0319216, 0.986239, 0.162218], [-0.152998, -0.155566, 0.975905]], "s": 0.802775, "t": [11.8944, -10.0572, 48.5958], "timestamp": 629980723005}, {"currentFrameRate": 55.3245, "devices": [], "gestures": [], "hands": [{"armBasis": [[0.93617, 0.0170845, -0.351132], [0.313538, 0.41116, 0.855945], [0.158995, -0.911403, 0.379559]], "armWidth": 55.2734, "confidence": 1, "direction": [-0.386581, 0.795394, -0.466801], "elbow": [-92.1003, -63.2634, 255.597], "grabAngle": 1.98289, "grabStrength": 0.441062, "id": 116, "palmNormal": [0.295067, -0.372878, -0.879715], "palmPosition": [-68.5522, 203.138, 135.113], "palmVelocity": [-3.86125, 132.296, -199.385], "palmWidth": 78.1236, "pinchDistance": 78.5943, "pinchStrength": 0, "r": [[0.986719, -0.0556136, 0.152618], [0.0303749, 0.986163, 0.162973], [-0.15957, -0.156172, 0.974755]], "s": 0.799088, "sphereCenter": [-51.0493, 211.346, 90.1042], "sphereRadius": 47.9035, "stabilizedPalmPosition": [-70.1558, 193.203, 135.277], "t": [-12.0286, -7.75777, 45.361], "timeVisible": 5.62184, "type": "left", "wrist": [-55.2421, 148.019, 167.607]}], "id": 43059, "interactionBox": {"center": [0, 200, 0], "size": [235.247, 235.247, 147.751]}, "pointables": [{"bases": [[[0.690957, 0.296446, 0.659317], [-0.722123, 0.240888, 0.648468], [0.0334144, -0.924171, 0.380514]], [[0.55453, 0.761994, 0.334456], [-0.69861, 0.207903, 0.684632], [0.452151, -0.613303, 0.647625]], [[0.55453, 0.761994, 0.334456], [-0.734987, 0.26, 0.626254], [0.390243, -0.593098, 0.704234]], [[0.55453, 0.761994, 0.334456], [-0.704846, 0.216433, 0.675536], [0.442367, -0.610345, 0.657107]]], "btipPosition": [7.67375, 226.57, 93.0064], "carpPosition": [-32.1826, 170.417, 154.857], "dipPosition": [-1.28724, 214.206, 106.317], "direction": [0.390243, 0.593098, -0.704234], "extended": true, "handId": 116, "id": 1160, "length": 45.1091, "mcpPosition": [-32.1826, 170.417, 154.857], "pipPosition": [-12.8038, 196.703, 127.1], "stabilizedTipPosition": [7.46222, 210.743, 115.569], "timeVisible": 5.62184, "tipPosition": [5.00996, 226.655, 98.9968], "tipVelocity": [-15.2642, 112.606, -247.453], "tool": false, "touchDistance": 0.434466, "touchZone": "hovering", "type": 0, "width": 17.6444}, {"bases": [[[0.926283, -0.337488, -0.167638], [0.326571, 0.496967, 0.803974], [-0.188021, -0.799453, 0.570546]], [[0.930528, -0.318206, -0.181281], [0.329656, 0.512191, 0.793087], [-0.159515, -0.79775, 0.581507]], [[0.930528, -0.318206, -0.181281], [0.35787, 0.895198, 0.265613], [0.0777627, -0.312035, 0.946883]], [[0.930528, -0.318206, -0.181281], [0.295621, 0.944835, -0.141048], [0.216163, 0.0776586, 0.973264]]], "btipPosition": [-59.7235, 266.22, 72.8445], "carpPosition": [-46.7388, 180.676, 164.71], "dipPosition": [-62.9202, 267.368, 87.2375], "direction": [0.0777626, 0.312035, -0.946883], "extended": true, "handId": 116, "id": 1161, "length": 50.9006, "mcpPosition": [-58.6154, 231.175, 128.671], "pipPosition": [-64.5471, 260.84, 107.047], "stabilizedTipPosition": [-63.4396, 254.138, 85.4674], "timeVisible": 5.62184, "tipPosition": [-63.2735, 268.667, 76.9783], "tipVelocity": [-23.8275, 117.122, -211.477], "tool": false, "touchDistance": 0.102582, "touchZone": "hovering", "type": 1, "width": 16.8539}, {"bases": [[[0.823029, -0.522137, -0.223599], [0.474261, 0.415084, 0.77639], [-0.312569, -0.745036, 0.589255]], [[0.826422, -0.513897, -0.230077], [0.549681, 0.64785, 0.527391], [-0.121969, -0.562317, 0.817878]], [[0.826422, -0.513897, -0.230077], [0.429159, 0.839432, -0.333433], [0.364484, 0.176817, 0.914268]], [[0.826422, -0.513897, -0.230077], [0.171341, 0.61878, -0.766651], [0.536347, 0.594156, 0.599425]]], "btipPosition": [-63.1158, 232.35, 62.1712], "carpPosition": [-56.9986, 178.277, 163.843], "dipPosition": [-71.8397, 242.015, 71.9211], "direction": [0.364484, -0.176817, -0.914268], "extended": false, "handId": 116, "id": 1162, "length": 57.9972, "mcpPosition": [-75.7223, 222.907, 128.546], "pipPosition": [-80.8108, 246.367, 94.424], "stabilizedTipPosition": [-60.7065, 221.396, 88.673], "timeVisible": 5.62184, "tipPosition": [-66.3909, 234.81, 66.5876], "tipVelocity": [-10.5093, 82.2321, -199.277], "tool": false, "touchDistance": -0.0931053, "touchZone": "hovering", "type": 2, "width": 16.5528}, {"bases": [[[0.729952, -0.655879, -0.192336], [0.521646, 0.352757, 0.776819], [-0.441652, -0.667372, 0.599632]], [[0.737821, -0.643701, -0.20315], [0.674467, 0.71498, 0.184112], [0.0267351, -0.272859, 0.961682]], [[0.737821, -0.643701, -0.20315], [0.221427, 0.515123, -0.828021], [0.637645, 0.565948, 0.522601]], [[0.737821, -0.643701, -0.20315], [-0.141944, 0.146272, -0.979008], [0.659904, 0.751168, 0.0165532]]], "btipPosition": [-62.9823, 194.37, 79.4432], "carpPosition": [-66.224, 173.643, 161.682], "dipPosition": [-73.6542, 206.518, 79.7109], "direction": [0.637645, -0.565948, -0.522601], "extended": false, "handId": 116, "id": 1163, "length": 55.7658, "mcpPosition": [-89.9771, 209.535, 129.432], "pipPosition": [-88.9432, 220.088, 92.2415], "stabilizedTipPosition": [-64.1171, 180.337, 97.7136], "timeVisible": 5.62184, "tipPosition": [-66.2421, 197.548, 80.4053], "tipVelocity": [-22.3101, 104.378, -176.593], "tool": false, "touchDistance": 0.158413, "touchZone": "hovering", "type": 3, "width": 15.751}, {"bases": [[[0.577637, -0.777921, -0.247333], [0.587747, 0.186094, 0.787351], [-0.56647, -0.600173, 0.564716]], [[0.540501, -0.814461, -0.210976], [0.840716, 0.513163, 0.172801], [-0.0324747, -0.27077, 0.962096]], [[0.540501, -0.814461, -0.210976], [0.343, 0.442288, -0.828693], [0.768251, 0.375545, 0.518417]], [[0.540501, -0.814461, -0.210976], [-0.135158, 0.163449, -0.97725], [0.830416, 0.55672, -0.0217362]]], "btipPosition": [-76.2705, 188.28, 90.0381], "carpPosition": [-72.4693, 164.777, 156.05], "dipPosition": [-88.6597, 196.586, 89.7138], "direction": [0.768251, -0.375545, -0.518417], "extended": false, "handId": 116, "id": 1164, "length": 43.7194, "mcpPosition": [-100.672, 194.657, 127.935], "pipPosition": [-101.665, 202.944, 98.4901], "stabilizedTipPosition": [-76.0737, 172.834, 108.175], "timeVisible": 5.62184, "tipPosition": [-76.0538, 186.079, 96.9229], "tipVelocity": [-24.3358, 128.28, -188.046], "tool": false, "touchDistance": 0.332725, "touchZone": "hovering", "type": 4, "width": 13.9913}], "r": [[0.986719, -0.0556136, 0.152618], [0.0303749, 0.986163, 0.162973], [-0.15957, -0.156172, 0.974755]], "s": 0.799088, "t": [12.0286, -7.75777, 45.361], "timestamp": 629980741087}, {"currentFrameRate": 55.3241, "devices": [], "gestures": [], "hands": [{"armBasis": [[0.938199, 0.0173437, -0.345661], [0.305846, 0.425908, 0.851505], [0.161988, -0.9046, 0.394282]], "armWidth": 55.2734, "confidence": 1, "direction": [-0.388676, 0.799891, -0.45728], "elbow": [-92.6882, -59.2503, 254.761], "grabAngle": 2.00111, "grabStrength": 0.435755, "id": 116, "palmNormal": [0.279258, -0.370686, -0.88578], "palmPosition": [-68.5653, 205.73, 131.16], "palmVelocity": [-0.72177, 143.332, -218.709], "palmWidth": 78.1236, "pinchDistance": 78.6198, "pinchStrength": 0, "r": [[0.985473, -0.0542461, 0.160933], [0.0274047, 0.98599, 0.164538], [-0.167604, -0.157737, 0.973154]], "s": 0.795956, "sphereCenter": [-51.5617, 214.03, 86.0346], "sphereRadius": 47.7503, "stabilizedPalmPosition": [-70.1321, 193.39, 135.216], "t": [-12.1023, -5.31252, 41.7668], "timeVisible": 5.63991, "type": "left", "wrist": [-55.1361, 150.455, 163.358]}], "id": 43060, "interactionBox": {"center": [0, 200, 0], "size": [235.247, 235.247, 147.751]}, "pointables": [{"bases": [[[0.678938, 0.297713, 0.671126], [-0.733436, 0.233454, 0.638413], [0.033387, -0.925671, 0.376854]], [[0.54397, 0.764776, 0.345274], [-0.711056, 0.20165, 0.6736], [0.445529, -0.611927, 0.65349]], [[0.54397, 0.764776, 0.345274], [-0.744311, 0.249792, 0.619358], [0.387424, -0.593903, 0.705111]], [[0.54397, 0.764776, 0.345274], [-0.713345, 0.204804, 0.67022], [0.441855, -0.610879, 0.656956]]], "btipPosition": [7.37493, 228.822, 88.0738], "carpPosition": [-32.104, 172.694, 150.198], "dipPosition": [-1.57569, 216.448, 101.382], "direction": [0.387424, 0.593903, -0.705111], "extended": true, "handId": 116, "id": 1160, "length": 45.1091, "mcpPosition": [-32.104, 172.694, 150.198], "pipPosition": [-13.0091, 198.921, 122.19], "stabilizedTipPosition": [7.45777, 210.774, 115.518], "timeVisible": 5.63991, "tipPosition": [4.59287, 228.913, 93.9871], "tipVelocity": [-16.3984, 124.461, -272.907], "tool": false, "touchDistance": 0.352244, "touchZone": "hovering", "type": 0, "width": 17.6444}, {"bases": [[[0.93083, -0.330977, -0.154952], [0.311138, 0.495312, 0.811085], [-0.191701, -0.803194, 0.564031]], [[0.935049, -0.312147, -0.16807], [0.315141, 0.514697, 0.797354], [-0.162387, -0.798531, 0.579637]], [[0.935049, -0.312147, -0.16807], [0.348426, 0.896656, 0.273143], [0.0654401, -0.313961, 0.947178]], [[0.935049, -0.312147, -0.16807], [0.290744, 0.946463, -0.140271], [0.202857, 0.0822949, 0.975744]]], "btipPosition": [-60.2221, 268.778, 68.8915], "carpPosition": [-46.4435, 182.998, 160.319], "dipPosition": [-63.222, 269.995, 83.3212], "direction": [0.0654401, 0.313962, -0.947178], "extended": true, "handId": 116, "id": 1161, "length": 50.9006, "mcpPosition": [-58.5526, 233.733, 124.691], "pipPosition": [-64.5911, 263.427, 103.137], "stabilizedTipPosition": [-63.4279, 254.207, 85.4059], "timeVisible": 5.63991, "tipPosition": [-63.7105, 271.442, 73.2241], "tipVelocity": [-25.0766, 142.421, -218.212], "tool": false, "touchDistance": 0.0368387, "touchZone": "hovering", "type": 1, "width": 16.8539}, {"bases": [[[0.829601, -0.516005, -0.213309], [0.459742, 0.414472, 0.785398], [-0.316859, -0.749635, 0.581075]], [[0.832518, -0.508997, -0.218715], [0.539853, 0.656718, 0.526574], [-0.124391, -0.556457, 0.821513]], [[0.832518, -0.508997, -0.218715], [0.422296, 0.838588, -0.344146], [0.358581, 0.194146, 0.913087]], [[0.832518, -0.508997, -0.218715], [0.163087, 0.602469, -0.781302], [0.52945, 0.614779, 0.584577]]], "btipPosition": [-63.4629, 234.009, 58.5353], "carpPosition": [-56.7302, 180.667, 159.599], "dipPosition": [-72.0746, 244.008, 68.0436], "direction": [0.358581, -0.194146, -0.913087], "extended": false, "handId": 116, "id": 1162, "length": 57.9972, "mcpPosition": [-75.7108, 225.572, 124.791], "pipPosition": [-80.9004, 248.787, 90.5174], "stabilizedTipPosition": [-60.7189, 221.435, 88.6003], "timeVisible": 5.63991, "tipPosition": [-67.1053, 237.586, 62.5861], "tipVelocity": [-17.7726, 96.0054, -204.209], "tool": false, "touchDistance": -0.15463, "touchZone": "hovering", "type": 2, "width": 16.5528}, {"bases": [[[0.736897, -0.650462, -0.18407], [0.507503, 0.352438, 0.786275], [-0.446568, -0.672819, 0.589822]], [[0.744273, -0.639102, -0.193923], [0.667547, 0.720963, 0.185994], [0.0209426, -0.267883, 0.963224]], [[0.744273, -0.639102, -0.193923], [0.220094, 0.508843, -0.832249], [0.630568, 0.576739, 0.51938]], [[0.744273, -0.639102, -0.193923], [-0.141947, 0.132355, -0.980986], [0.652617, 0.757648, 0.00778985]]], "btipPosition": [-63.5507, 196.563, 76.006], "carpPosition": [-66.0164, 176.099, 157.557], "dipPosition": [-74.1047, 208.816, 76.132], "direction": [0.630568, -0.576739, -0.51938], "extended": false, "handId": 116, "id": 1163, "length": 55.7658, "mcpPosition": [-90.034, 212.285, 125.835], "pipPosition": [-89.2241, 222.645, 88.5853], "stabilizedTipPosition": [-64.1374, 180.544, 97.478], "timeVisible": 5.63991, "tipPosition": [-67.0604, 200.317, 76.3776], "tipVelocity": [-29.9414, 122.672, -191.948], "tool": false, "touchDistance": 0.100583, "touchZone": "hovering", "type": 3, "width": 15.751}, {"bases": [[[0.586207, -0.773194, -0.241936], [0.574479, 0.186141, 0.797073], [-0.571257, -0.606237, 0.553301]], [[0.548124, -0.810701, -0.205728], [0.835522, 0.519475, 0.179023], [-0.0382633, -0.270017, 0.962095]], [[0.548124, -0.810701, -0.205728], [0.345159, 0.443296, -0.827257], [0.761857, 0.38243, 0.522802]], [[0.548124, -0.810701, -0.205728], [-0.128574, 0.161375, -0.978482], [0.826456, 0.56278, -0.015781]]], "btipPosition": [-76.7864, 190.873, 86.3759], "carpPosition": [-72.4024, 167.298, 151.983], "dipPosition": [-89.1165, 199.269, 86.1405], "direction": [0.761857, -0.38243, -0.522802], "extended": false, "handId": 116, "id": 1164, "length": 43.7194, "mcpPosition": [-100.843, 197.48, 124.436], "pipPosition": [-102.014, 205.744, 94.991], "stabilizedTipPosition": [-76.1405, 173.209, 107.764], "timeVisible": 5.63991, "tipPosition": [-76.8354, 188.999, 92.827], "tipVelocity": [-27.7866, 144.587, -201.458], "tool": false, "touchDistance": 0.27203, "touchZone": "hovering", "type": 4, "width": 13.9913}], "r": [[0.985473, -0.0542461, 0.160933], [0.0274047, 0.98599, 0.164538], [-0.167604, -0.157737, 0.973154]], "s": 0.795956, "t": [12.1023, -5.31252, 41.7668], "timestamp": 629980759164}, {"currentFrameRate": 55.3273, "devices": [], "gestures": [], "hands": [{"armBasis": [[0.938767, 0.0149215, -0.344229], [0.302222, 0.444117, 0.843459], [0.165464, -0.895845, 0.412412]], "armWidth": 55.2734, "confidence": 1, "direction": [-0.398812, 0.799944, -0.448373], "elbow": [-92.7334, -54.7948, 254.272], "grabAngle": 2.02564, "grabStrength": 0.421576, "id": 116, "palmNormal": [0.264556, -0.367788, -0.891483], "palmPosition": [-68.3968, 208.122, 126.664], "palmVelocity": [9.3288, 132.478, -248.872], "palmWidth": 78.1236, "pinchDistance": 78.3005, "pinchStrength": 0, "r": [[0.983798, -0.0537732, 0.171026], [0.0249615, 0.985751, 0.166349], [-0.177534, -0.159385, 0.971122]], "s": 0.793555, "sphereCenter": [-51.8143, 216.784, 81.5481], "sphereRadius": 47.5404, "stabilizedPalmPosition": [-70.1099, 193.578, 135.106], "t": [-12.0549, -2.89343, 37.722], "timeVisible": 5.65798, "type": "left", "wrist": [-54.3755, 152.881, 158.666]}], "id": 43061, "interactionBox": {"center": [0, 200, 0], "size": [235.247, 235.247, 147.751]}, "pointables": [{"bases": [[[0.667769, 0.294256, 0.683738], [-0.743973, 0.233886, 0.625941], [0.0242699, -0.926666, 0.3751]], [[0.540916, 0.760777, 0.358647], [-0.721982, 0.201253, 0.661997], [0.431454, -0.617021, 0.658128]], [[0.540916, 0.760777, 0.358647], [-0.753337, 0.24861, 0.608832], [0.374023, -0.599509, 0.707599]], [[0.540916, 0.760777, 0.358647], [-0.721419, 0.200448, 0.662854], [0.432394, -0.617283, 0.657265]]], "btipPosition": [6.77112, 231.781, 82.5718], "carpPosition": [-31.5174, 175.14, 144.975], "dipPosition": [-1.98785, 219.277, 95.886], "direction": [0.374023, 0.599509, -0.707599], "extended": true, "handId": 116, "id": 1160, "length": 45.1091, "mcpPosition": [-31.5174, 175.14, 144.975], "pipPosition": [-13.0258, 201.585, 116.768], "stabilizedTipPosition": [7.44999, 210.827, 115.432], "timeVisible": 5.65798, "tipPosition": [4.0481, 231.533, 88.2042], "tipVelocity": [-30.9876, 162.16, -304.519], "tool": false, "touchDistance": 0.260568, "touchZone": "hovering", "type": 0, "width": 17.6444}, {"bases": [[[0.932539, -0.333111, -0.139313], [0.29808, 0.492507, 0.81767], [-0.203762, -0.804036, 0.558576]], [[0.937109, -0.31395, -0.152519], [0.303851, 0.518753, 0.799105], [-0.171759, -0.795192, 0.581523]], [[0.937109, -0.31395, -0.152519], [0.345697, 0.895147, 0.281436], [0.0481703, -0.316462, 0.947381]], [[0.937109, -0.31395, -0.152519], [0.295001, 0.945962, -0.134651], [0.186551, 0.0811895, 0.979085]]], "btipPosition": [-61.1947, 271.158, 64.1657], "carpPosition": [-45.7033, 185.38, 155.372], "dipPosition": [-63.9535, 272.359, 78.6448], "direction": [0.0481703, 0.316462, -0.947381], "extended": true, "handId": 116, "id": 1161, "length": 50.9006, "mcpPosition": [-58.5742, 236.168, 120.089], "pipPosition": [-64.9613, 265.738, 98.4646], "stabilizedTipPosition": [-63.4279, 254.207, 85.4059], "timeVisible": 5.65798, "tipPosition": [-64.677, 273.933, 68.7856], "tipVelocity": [-50.7748, 131.547, -261], "tool": false, "touchDistance": -0.0417354, "touchZone": "hovering", "type": 1, "width": 16.8539}, {"bases": [[[0.831866, -0.517723, -0.199904], [0.4469, 0.411329, 0.794411], [-0.329059, -0.750181, 0.573541]], [[0.8383, -0.502569, -0.21137], [0.530544, 0.662639, 0.528614], [-0.125603, -0.555278, 0.822125]], [[0.8383, -0.502569, -0.21137], [0.414224, 0.839167, -0.352444], [0.354502, 0.2079, 0.91165]], [[0.8383, -0.502569, -0.21137], [0.151879, 0.587601, -0.794769], [0.523628, 0.634152, 0.568916]]], "btipPosition": [-63.7041, 235.695, 54.4805], "carpPosition": [-55.9949, 183.023, 154.828], "dipPosition": [-72.2211, 246.01, 63.7341], "direction": [0.354502, -0.2079, -0.91165], "extended": false, "handId": 116, "id": 1162, "length": 57.9972, "mcpPosition": [-75.7063, 227.961, 120.471], "pipPosition": [-80.9465, 251.127, 86.1726], "stabilizedTipPosition": [-60.7301, 221.473, 88.5277], "timeVisible": 5.65798, "tipPosition": [-68.0255, 239.981, 58.0299], "tipVelocity": [-12.146, 97.3601, -227.722], "tool": false, "touchDistance": -0.223186, "touchZone": "hovering", "type": 2, "width": 16.5528}, {"bases": [[[0.738303, -0.652, -0.172637], [0.494473, 0.349165, 0.795977], [-0.458699, -0.673037, 0.580186]], [[0.748199, -0.637062, -0.185338], [0.663232, 0.725698, 0.182991], [0.0179223, -0.259836, 0.965486]], [[0.748199, -0.637062, -0.185338], [0.211378, 0.49367, -0.84357], [0.628902, 0.591982, 0.504024]], [[0.748199, -0.637062, -0.185338], [-0.153704, 0.105313, -0.982489], [0.645425, 0.763584, -0.0191238]]], "btipPosition": [-63.7632, 198.138, 72.6225], "carpPosition": [-65.3035, 178.435, 152.94], "dipPosition": [-74.201, 210.487, 72.3133], "direction": [0.628902, -0.591982, -0.504024], "extended": false, "handId": 116, "id": 1163, "length": 55.7658, "mcpPosition": [-89.9734, 214.633, 121.736], "pipPosition": [-89.2804, 224.681, 84.3984], "stabilizedTipPosition": [-64.1535, 180.707, 97.2792], "timeVisible": 5.65798, "tipPosition": [-67.6854, 202.669, 71.9176], "tipVelocity": [-10.2865, 88.4282, -192.856], "tool": false, "touchDistance": 0.0425234, "touchZone": "hovering", "type": 3, "width": 15.751}, {"bases": [[[0.588334, -0.774185, -0.233456], [0.560806, 0.182662, 0.807546], [-0.582546, -0.60603, 0.541634]], [[0.553313, -0.808251, -0.201431], [0.83189, 0.523866, 0.183092], [-0.0424621, -0.268876, 0.962238]], [[0.553313, -0.808251, -0.201431], [0.343359, 0.441632, -0.828894], [0.758913, 0.389475, 0.521881]], [[0.553313, -0.808251, -0.201431], [-0.129152, 0.155652, -0.979333], [0.8229, 0.567893, -0.018263]]], "btipPosition": [-76.9409, 192.965, 82.4793], "carpPosition": [-71.7636, 169.63, 147.457], "dipPosition": [-89.218, 201.437, 82.2068], "direction": [0.758913, -0.389475, -0.521881], "extended": false, "handId": 116, "id": 1164, "length": 43.7194, "mcpPosition": [-100.766, 199.802, 120.491], "pipPosition": [-102.066, 208.031, 91.0417], "stabilizedTipPosition": [-76.1954, 173.538, 107.38], "timeVisible": 5.65798, "tipPosition": [-77.4108, 191.621, 88.167], "tipVelocity": [-7.88178, 116.772, -216.198], "tool": false, "touchDistance": 0.206943, "touchZone": "hovering", "type": 4, "width": 13.9913}], "r": [[0.983798, -0.0537732, 0.171026], [0.0249615, 0.985751, 0.166349], [-0.177534, -0.159385, 0.971122]], "s": 0.793555, "t": [12.0549, -2.89343, 37.722], "timestamp": 629980777227}, {"currentFrameRate": 55.3292, "devices": [], "gestures": [], "hands": [{"armBasis": [[0.935455, 0.00758249, -0.353365], [0.309074, 0.467441, 0.828234], [0.171457, -0.883992, 0.434926]], "armWidth": 55.2734, "confidence": 1, "direction": [-0.3935, 0.818622, -0.418349], "elbow": [-94.2061, -50.5493, 252.995], "grabAngle": 2.06758, "grabStrength": 0.418903, "id": 116, "palmNormal": [0.250118, -0.342564, -0.905589], "palmPosition": [-68.1331, 210.548, 121.619], "palmVelocity": [14.5951, 134.253, -279.231], "palmWidth": 78.1236, "pinchDistance": 77.7795, "pinchStrength": 0, "r": [[0.98211, -0.0520638, 0.180966], [0.0201207, 0.984531, 0.174053], [-0.187229, -0.167298, 0.967965]], "s": 0.791234, "sphereCenter": [-52.0134, 220.07, 76.647], "sphereRadius": 47.1632, "stabilizedPalmPosition": [-70.089, 193.757, 134.964], "t": [-11.8993, -0.471109, 33.1772], "timeVisible": 5.67604, "type": "left", "wrist": [-54.4587, 154.378, 152.17]}], "id": 43062, "interactionBox": {"center": [0, 200, 0], "size": [235.247, 235.247, 147.751]}, "pointables": [{"bases": [[[0.656476, 0.280639, 0.700201], [-0.753671, 0.204719, 0.624556], [0.0319303, -0.937727, 0.345902]], [[0.526852, 0.756299, 0.387866], [-0.736182, 0.177966, 0.652965], [0.42481, -0.629556, 0.650535]], [[0.526852, 0.756299, 0.387866], [-0.76299, 0.219746, 0.607913], [0.374532, -0.616218, 0.692821]], [[0.526852, 0.756299, 0.387866], [-0.728646, 0.166938, 0.664234], [0.437609, -0.632569, 0.639026]]], "btipPosition": [6.64694, 234.53, 77.1889], "carpPosition": [-31.4775, 176.549, 138.461], "dipPosition": [-2.21767, 221.716, 90.1336], "direction": [0.374532, 0.616218, -0.692821], "extended": true, "handId": 116, "id": 1160, "length": 45.1091, "mcpPosition": [-31.4775, 176.549, 138.461], "pipPosition": [-13.2706, 203.531, 110.58], "stabilizedTipPosition": [7.44097, 210.892, 115.32], "timeVisible": 5.67604, "tipPosition": [4.18931, 234.205, 83.0284], "tipVelocity": [-8.21854, 148.207, -302.648], "tool": false, "touchDistance": 0.169436, "touchZone": "hovering", "type": 0, "width": 17.6444}, {"bases": [[[0.938157, -0.316993, -0.139201], [0.28286, 0.469967, 0.836135], [-0.199629, -0.8238, 0.530567]], [[0.942148, -0.299597, -0.15033], [0.292042, 0.51354, 0.806838], [-0.164526, -0.804063, 0.571326]], [[0.942148, -0.299597, -0.15033], [0.331997, 0.895871, 0.295286], [0.046209, -0.328112, 0.943508]], [[0.942148, -0.299597, -0.15033], [0.283789, 0.951608, -0.117926], [0.178385, 0.0684421, 0.981578]]], "btipPosition": [-60.5411, 274.417, 60.3223], "carpPosition": [-45.4179, 186.628, 149.336], "dipPosition": [-63.1791, 275.429, 74.8383], "direction": [0.046209, 0.328112, -0.943508], "extended": true, "handId": 116, "id": 1161, "length": 50.9006, "mcpPosition": [-58.0278, 238.665, 115.822], "pipPosition": [-64.1459, 268.565, 94.577], "stabilizedTipPosition": [-63.4062, 254.401, 85.1988], "timeVisible": 5.67604, "tipPosition": [-63.9707, 277.839, 65.641], "tipVelocity": [37.7142, 177.974, -212.258], "tool": false, "touchDistance": -0.10565, "touchZone": "hovering", "type": 1, "width": 16.8539}, {"bases": [[[0.840502, -0.50082, -0.206727], [0.432943, 0.391409, 0.812009], [-0.325755, -0.771997, 0.545806]], [[0.848264, -0.481669, -0.220097], [0.516793, 0.662157, 0.542654], [-0.115641, -0.574058, 0.810607]], [[0.848264, -0.481669, -0.220097], [0.3963, 0.853049, -0.339489], [0.351275, 0.200752, 0.914497]], [[0.848264, -0.481669, -0.220097], [0.13155, 0.594239, -0.793457], [0.512974, 0.644108, 0.567435]]], "btipPosition": [-63.0924, 239.193, 50.5828], "carpPosition": [-55.7439, 184.417, 148.834], "dipPosition": [-71.4361, 249.67, 59.8124], "direction": [0.351275, -0.200752, -0.914497], "extended": false, "handId": 116, "id": 1162, "length": 57.9972, "mcpPosition": [-75.2575, 230.661, 116.139], "pipPosition": [-80.082, 254.611, 82.3209], "stabilizedTipPosition": [-60.7581, 221.605, 88.2931], "timeVisible": 5.67604, "tipPosition": [-67.851, 244.316, 53.9163], "tipVelocity": [36.0647, 195.683, -216.042], "tool": false, "touchDistance": -0.287749, "touchZone": "hovering", "type": 2, "width": 16.5528}, {"bases": [[[0.748359, -0.637038, -0.184775], [0.481282, 0.329818, 0.81215], [-0.456428, -0.696708, 0.553417]], [[0.755829, -0.62539, -0.193932], [0.654187, 0.733755, 0.183417], [0.0275913, -0.2655, 0.963716]], [[0.755829, -0.62539, -0.193932], [0.180265, 0.48349, -0.856588], [0.629465, 0.612475, 0.478172]], [[0.755829, -0.62539, -0.193932], [-0.188122, 0.0762822, -0.979179], [0.627162, 0.776575, -0.0599932]]], "btipPosition": [-63.3756, 200.5, 69.3794], "carpPosition": [-65.1301, 180.006, 146.908], "dipPosition": [-73.518, 213.059, 68.4092], "direction": [0.629465, -0.612475, -0.478172], "extended": false, "handId": 116, "id": 1163, "length": 55.7658, "mcpPosition": [-89.6779, 217.477, 117.144], "pipPosition": [-88.6109, 227.745, 79.8745], "stabilizedTipPosition": [-64.1535, 180.707, 97.2792], "timeVisible": 5.67604, "tipPosition": [-67.7159, 206.287, 67.1043], "tipVelocity": [25.214, 133.404, -187.918], "tool": false, "touchDistance": -0.0140617, "touchZone": "hovering", "type": 3, "width": 15.751}, {"bases": [[[0.600625, -0.759073, -0.251114], [0.549592, 0.163864, 0.819205], [-0.580688, -0.630045, 0.515601]], [[0.568492, -0.791891, -0.222993], [0.822093, 0.536502, 0.1906], [-0.0312984, -0.291676, 0.956005]], [[0.568492, -0.791891, -0.222993], [0.315149, 0.459998, -0.83011], [0.759933, 0.401635, 0.511069]], [[0.568492, -0.791891, -0.222993], [-0.157041, 0.161614, -0.974279], [0.807561, 0.588889, -0.0324827]]], "btipPosition": [-76.7156, 196.169, 78.1274], "carpPosition": [-71.7608, 171.46, 141.223], "dipPosition": [-88.7638, 204.955, 77.6427], "direction": [0.759933, -0.401635, -0.511069], "extended": false, "handId": 116, "id": 1164, "length": 43.7194, "mcpPosition": [-100.671, 202.828, 115.553], "pipPosition": [-101.629, 211.754, 86.2947], "stabilizedTipPosition": [-76.2579, 174.006, 106.822], "timeVisible": 5.67604, "tipPosition": [-77.917, 195.619, 82.3357], "tipVelocity": [15.3844, 181.341, -243.577], "tool": false, "touchDistance": 0.133598, "touchZone": "hovering", "type": 4, "width": 13.9913}], "r": [[0.98211, -0.0520638, 0.180966], [0.0201207, 0.984531, 0.174053], [-0.187229, -0.167298, 0.967965]], "s": 0.791234, "t": [11.8993, -0.471109, 33.1772], "timestamp": 629980795294}, {"currentFrameRate": 55.3154, "devices": [], "gestures": [], "hands": [{"armBasis": [[0.936284, 0.0093804, -0.35112], [0.301794, 0.489952, 0.817843], [0.179703, -0.871699, 0.455903]], "armWidth": 55.2734, "confidence": 1, "direction": [-0.390416, 0.828348, -0.401764], "elbow": [-96.1334, -45.4594, 251.306], "grabAngle": 2.11666, "grabStrength": 0.420929, "id": 116, "palmNormal": [0.230046, -0.334777, -0.913785], "palmPosition": [-67.928, 213.18, 115.69], "palmVelocity": [11.3132, 145.19, -327.102], "palmWidth": 78.1236, "pinchDistance": 76.9156, "pinchStrength": 0, "r": [[0.980139, -0.0487698, 0.192224], [0.013118, 0.983111, 0.182541], [-0.19788, -0.176394, 0.964224]], "s": 0.787314, "sphereCenter": [-52.6377, 222.47, 70.5516], "sphereRadius": 46.6471, "stabilizedPalmPosition": [-70.0702, 193.926, 134.797], "t": [-11.719, 2.05591, 27.9403], "timeVisible": 5.69417, "type": "left", "wrist": [-54.4744, 156.619, 145.618]}], "id": 43063, "interactionBox": {"center": [0, 200, 0], "size": [235.247, 235.247, 147.751]}, "pointables": [{"bases": [[[0.640653, 0.280322, 0.714831], [-0.766906, 0.18794, 0.613623], [0.0376667, -0.941328, 0.335385]], [[0.511205, 0.756945, 0.407068], [-0.753228, 0.166485, 0.636341], [0.413904, -0.631916, 0.65526]], [[0.511205, 0.756945, 0.407068], [-0.77648, 0.203721, 0.596302], [0.368439, -0.620913, 0.691896]], [[0.511205, 0.756945, 0.407068], [-0.741264, 0.148609, 0.654556], [0.434969, -0.636357, 0.637065]]], "btipPosition": [6.00931, 236.83, 70.08], "carpPosition": [-31.4145, 178.532, 131.488], "dipPosition": [-2.80181, 223.94, 82.985], "direction": [0.368439, 0.620913, -0.691896], "extended": true, "handId": 116, "id": 1160, "length": 45.1091, "mcpPosition": [-31.4145, 178.532, 131.488], "pipPosition": [-13.6749, 205.616, 103.404], "stabilizedTipPosition": [7.43257, 210.948, 115.218], "timeVisible": 5.69417, "tipPosition": [4.00365, 236.336, 76.0389], "tipVelocity": [-34.4987, 125.929, -392.695], "tool": false, "touchDistance": 0.0508028, "touchZone": "hovering", "type": 0, "width": 17.6444}, {"bases": [[[0.94433, -0.303723, -0.126463], [0.2