{"frames": 31, "data": [{"currentFrameRate": 55.2446, "devices": [], "gestures": [], "hands": [{"armBasis": [[0.811918, 0.513106, -0.27841], [-0.0928147, 0.584311, 0.806205], [0.576346, -0.628732, 0.522036]], "armWidth": 67.758, "confidence": 1, "direction": [0.219903, 0.224513, -0.949335], "elbow": [-187.078, 12.5522, 281.078], "grabAngle": 2.92528, "grabStrength": 0.0993649, "id": 82, "palmNormal": [-0.288519, -0.914651, -0.283143], "palmPosition": [-3.67882, 198.642, 70.7308], "palmVelocity": [-53.6114, 828.417, -125.672], "palmWidth": 91.4365, "pinchDistance": 48.3786, "pinchStrength": 0.616932, "r": [[0.824085, -0.463668, 0.325418], [0.474638, 0.251622, -0.843448], [0.309197, 0.849528, 0.427433]], "s": 1.65056, "sphereCenter": [-16.3528, 165.025, 44.9291], "sphereRadius": 40.1362, "stabilizedPalmPosition": [-3.6632, 198.4, 70.7677], "t": [-1.40567, -23.4143, 0.267422], "timeVisible": 10.7918, "type": "left", "wrist": [-30.7007, 183.143, 139.437]}], "id": 29800, "interactionBox": {"center": [0, 200, 0], "size": [235.247, 235.247, 147.751]}, "pointables": [{"bases": [[[0.881728, 0.369089, -0.293818], [-0.340695, 0.928991, 0.144581], [0.326317, -0.0273788, 0.944864]], [[0.927432, 0.357312, -0.110446], [-0.37377, 0.875372, -0.306626], [-0.01288, 0.325656, 0.945401]], [[0.927432, 0.357312, -0.110446], [-0.34211, 0.691221, -0.636532], [-0.151098, 0.628125, 0.763301]], [[0.927432, 0.357312, -0.110446], [-0.301777, 0.540536, -0.785335], [-0.22091, 0.761675, 0.609139]]], "btipPosition": [18.2075, 157.052, -16.1961], "carpPosition": [1.79226, 195.786, 120.779], "dipPosition": [21.854, 169.625, -6.141], "direction": [-0.151098, -0.628125, -0.763301], "extended": true, "handId": 82, "id": 821, "length": 56.8162, "mcpPosition": [25.9171, 197.81, 50.9249], "pipPosition": [25.3825, 184.293, 11.6836], "stabilizedTipPosition": [19.0224, 159.712, -13.8424], "timeVisible": 10.7918, "tipPosition": [17.4333, 168.44, -17.7617], "tipVelocity": [102.262, 985.085, -173.184], "tool": false, "touchDistance": 0.323457, "touchZone": "hovering", "type": 1, "width": 21.0651}, {"bases": [[[0.074016, 0.997171, 0.0131343], [-0.79318, 0.0508813, 0.606858], [0.604472, -0.055335, 0.794702]], [[-0.0370543, 0.990625, -0.131489], [-0.992348, -0.0209681, 0.121677], [0.11778, 0.134991, 0.983822]], [[-0.0370543, 0.990625, -0.131489], [-0.964043, -0.0700847, -0.256339], [-0.263151, 0.117262, 0.957602]], [[-0.0370543, 0.990625, -0.131489], [-0.764349, -0.112856, -0.634849], [-0.643737, 0.0769795, 0.761365]]], "btipPosition": [-16.0047, 160.3, 28.4183], "carpPosition": [1.31125, 172.675, 126.529], "dipPosition": [-1.4491, 162.041, 45.6336], "direction": [-0.263151, -0.117262, -0.957602], "extended": false, "handId": 82, "id": 820, "length": 50.3516, "mcpPosition": [1.31125, 172.675, 126.529], "pipPosition": [7.21937, 165.904, 77.178], "stabilizedTipPosition": [-12.7118, 160.15, 32.5283], "timeVisible": 10.7918, "tipPosition": [-11.504, 160.074, 32.3052], "tipVelocity": [91.3013, 889.125, -241.932], "tool": false, "touchDistance": 0.304826, "touchZone": "hovering", "type": 0, "width": 22.053}, {"bases": [[[0.962782, 0.198183, -0.183776], [-0.179476, 0.977189, 0.113535], [0.202084, -0.0763264, 0.976389]], [[0.972878, 0.193425, -0.126866], [-0.181299, 0.296985, -0.937513], [-0.143661, 0.935087, 0.323998]], [[0.972878, 0.193425, -0.126866], [0.119614, -0.890092, -0.439805], [-0.197991, 0.412701, -0.889088]], [[0.972878, 0.193425, -0.126866], [0.215875, -0.956228, 0.197551], [-0.083101, -0.219581, -0.972049]]], "btipPosition": [-7.69475, 156.364, 75.4023], "carpPosition": [-8.22465, 201.91, 116.871], "dipPosition": [-6.186, 152.377, 57.7541], "direction": [-0.197991, -0.412701, 0.889088], "extended": false, "handId": 82, "id": 822, "length": 64.7375, "mcpPosition": [5.94355, 207.261, 48.4157], "pipPosition": [-0.746489, 163.715, 33.3277], "stabilizedTipPosition": [-7.35249, 155.344, 71.3535], "timeVisible": 10.7918, "tipPosition": [-7.2495, 150.525, 63.0669], "tipVelocity": [42.3963, 906.346, -91.2105], "tool": false, "touchDistance": 0.333333, "touchZone": "none", "type": 2, "width": 20.6887}, {"bases": [[[0.992799, 0.110558, -0.0461213], [-0.103698, 0.98592, 0.131183], [0.0599752, -0.125455, 0.990285]], [[0.987416, 0.117882, -0.10542], [-0.132896, 0.25719, -0.957179], [-0.0857212, 0.959144, 0.26962]], [[0.987416, 0.117882, -0.10542], [0.0780824, -0.943096, -0.323224], [-0.137523, 0.310925, -0.940432]], [[0.987416, 0.117882, -0.10542], [0.146739, -0.93151, 0.332801], [-0.0589684, -0.344082, -0.937086]]], "btipPosition": [-24.3934, 169.675, 82.0218], "carpPosition": [-19.7232, 205.291, 113.911], "dipPosition": [-23.3289, 163.464, 65.1061], "direction": [-0.137523, -0.310925, 0.940432], "extended": false, "handId": 82, "id": 823, "length": 62.2468, "mcpPosition": [-15.948, 213.188, 51.575], "pipPosition": [-19.6483, 171.785, 39.9364], "stabilizedTipPosition": [-24.1507, 168.077, 78.1664], "timeVisible": 10.7918, "tipPosition": [-23.6446, 167.591, 76.7944], "tipVelocity": [10.2178, 769.684, -159.929], "tool": false, "touchDistance": 0.333333, "touchZone": "none", "type": 3, "width": 19.6866}, {"bases": [[[0.996463, -0.0691375, 0.0477664], [0.0576898, 0.976131, 0.209383], [-0.0611024, -0.205886, 0.976666]], [[0.995852, -0.0414857, -0.0809762], [-0.0596565, 0.374261, -0.925402], [0.0686973, 0.926395, 0.370234]], [[0.995852, -0.0414857, -0.0809762], [-0.0711175, -0.910038, -0.408378], [-0.0567496, 0.412443, -0.909214]], [[0.995852, -0.0414857, -0.0809762], [-0.0230658, -0.976037, 0.216378], [-0.0880124, -0.213613, -0.972946]]], "btipPosition": [-37.2873, 178.021, 76.2133], "carpPosition": [-33.5357, 201.908, 112.388], "dipPosition": [-35.8217, 174.464, 60.0107], "direction": [-0.0567496, -0.412443, 0.909214], "extended": false, "handId": 82, "id": 824, "length": 48.8004, "mcpPosition": [-37.0961, 213.905, 55.4776], "pipPosition": [-34.7493, 182.258, 42.8297], "stabilizedTipPosition": [-36.9491, 177.066, 72.5132], "timeVisible": 10.7918, "tipPosition": [-36.2292, 177.198, 71.7484], "tipVelocity": [-6.2645, 758.967, -146.735], "tool": false, "touchDistance": 0.333333, "touchZone": "none", "type": 4, "width": 17.4872}], "r": [[0.824085, -0.463668, 0.325418], [0.474638, 0.251622, -0.843448], [0.309197, 0.849528, 0.427433]], "s": 1.65056, "t": [1.40567, -23.4143, 0.267422], "timestamp": 629725470708}, {"currentFrameRate": 55.2492, "devices": [], "gestures": [], "hands": [{"armBasis": [[0.81727, 0.510312, -0.267678], [-0.105722, 0.58941, 0.800886], [0.566473, -0.626241, 0.535659]], "armWidth": 67.758, "confidence": 1, "direction": [0.203089, 0.280991, -0.937976], "elbow": [-184.728, 23.6026, 283.186], "grabAngle": 2.94439, "grabStrength": 0.0941309, "id": 82, "palmNormal": [-0.266793, -0.905815, -0.329122], "palmPosition": [-5.13072, 212.802, 69.4662], "palmVelocity": [-80.2866, 783.007, -69.9292], "palmWidth": 91.4365, "pinchDistance": 47.9081, "pinchStrength": 0.575211, "r": [[0.819125, -0.480963, 0.312584], [0.478644, 0.272785, -0.834559], [0.316124, 0.833224, 0.453655]], "s": 1.65894, "sphereCenter": [-16.8577, 180.364, 42.0523], "sphereRadius": 40.3532, "stabilizedPalmPosition": [-5.11501, 212.648, 69.4801], "t": [-2.46997, -9.97133, -1.43769], "timeVisible": 10.8099, "type": "left", "wrist": [-31.0298, 193.517, 137.849]}], "id": 29801, "interactionBox": {"center": [0, 200, 0], "size": [235.247, 235.247, 147.751]}, "pointables": [{"bases": [[[0.894639, 0.359764, -0.264935], [-0.317005, 0.928986, 0.191031], [0.314847, -0.0869184, 0.945154]], [[0.933638, 0.341094, -0.109426], [-0.358077, 0.897194, -0.258504], [0.0100023, 0.280532, 0.959793]], [[0.933638, 0.341094, -0.109426], [-0.334296, 0.719887, -0.608284], [-0.128708, 0.604498, 0.786141]], [[0.933638, 0.341094, -0.109426], [-0.299509, 0.575742, -0.760799], [-0.196503, 0.743085, 0.639696]]], "btipPosition": [18.419, 175.824, -19.3991], "carpPosition": [0.97623, 207.424, 119.233], "dipPosition": [21.6626, 188.09, -8.83961], "direction": [-0.128708, -0.604498, -0.786141], "extended": true, "handId": 82, "id": 821, "length": 56.8162, "mcpPosition": [24.253, 213.85, 49.357], "pipPosition": [24.6682, 202.206, 9.51831], "stabilizedTipPosition": [19.1635, 178.444, -16.9372], "timeVisible": 10.8099, "tipPosition": [16.1434, 187.019, -20.34], "tipVelocity": [6.57011, 1034.1, -170.703], "tool": false, "touchDistance": 0.328423, "touchZone": "hovering", "type": 1, "width": 21.0651}, {"bases": [[[0.100848, 0.99261, 0.0674874], [-0.798262, 0.0402426, 0.600965], [0.593808, -0.114478, 0.796421]], [[-0.0120232, 0.996502, -0.0826996], [-0.99225, -0.00166039, 0.12425], [0.123678, 0.0835525, 0.988799]], [[-0.0120232, 0.996502, -0.0826996], [-0.967709, -0.0324214, -0.249977], [-0.251784, 0.0770236, 0.964714]], [[-0.0120232, 0.996502, -0.0826996], [-0.77764, -0.0613104, -0.625713], [-0.628594, 0.0567874, 0.775657]]], "btipPosition": [-15.1173, 176.022, 24.8174], "carpPosition": [1.18588, 184.034, 123.735], "dipPosition": [-0.904111, 177.306, 42.3559], "direction": [-0.251784, -0.0770236, -0.964714], "extended": false, "handId": 82, "id": 820, "length": 50.3516, "mcpPosition": [1.18588, 184.034, 123.735], "pipPosition": [7.38991, 179.843, 74.1346], "stabilizedTipPosition": [-11.873, 175.855, 28.9563], "timeVisible": 10.8099, "tipPosition": [-12.2861, 176.163, 29.0727], "tipVelocity": [44.7153, 863.538, -195.009], "tool": false, "touchDistance": 0.310851, "touchZone": "hovering", "type": 0, "width": 22.053}, {"bases": [[[0.969796, 0.181037, -0.163463], [-0.154202, 0.974301, 0.164195], [0.188988, -0.134029, 0.97279]], [[0.977693, 0.174452, -0.116972], [-0.168348, 0.317844, -0.933078], [-0.125598, 0.931956, 0.340123]], [[0.977693, 0.174452, -0.116972], [0.10427, -0.886565, -0.450699], [-0.182329, 0.428449, -0.884979]], [[0.977693, 0.174452, -0.116972], [0.194248, -0.962846, 0.187602], [-0.0798988, -0.206139, -0.975255]]], "btipPosition": [-8.30476, 171.437, 73.7355], "carpPosition": [-9.24604, 213.469, 115.757], "dipPosition": [-6.85414, 167.695, 56.0291], "direction": [-0.182329, -0.428449, 0.884979], "extended": false, "handId": 82, "id": 822, "length": 64.7375, "mcpPosition": [4.00398, 222.865, 47.5546], "pipPosition": [-1.84492, 179.466, 31.7156], "stabilizedTipPosition": [-7.96824, 170.506, 69.6709], "timeVisible": 10.8099, "tipPosition": [-7.54576, 165.796, 60.6083], "tipVelocity": [-34.4713, 836.64, -92.9071], "tool": false, "touchDistance": 0.333333, "touchZone": "none", "type": 2, "width": 20.6887}, {"bases": [[[0.995884, 0.0853751, -0.0304373], [-0.0784176, 0.979976, 0.183023], [0.0454534, -0.179883, 0.982637]], [[0.991366, 0.096008, -0.0893053], [-0.114156, 0.296882, -0.948066], [-0.0645087, 0.950076, 0.305279]], [[0.991366, 0.096008, -0.0893053], [0.0560285, -0.925946, -0.373476], [-0.118549, 0.365248, -0.923331]], [[0.991366, 0.096008, -0.0893053], [0.118311, -0.948585, 0.293581], [-0.0565276, -0.301612, -0.951754]]], "btipPosition": [-24.9811, 182.665, 79.9557], "carpPosition": [-20.8644, 216.685, 113.096], "dipPosition": [-23.9607, 177.221, 62.7753], "direction": [-0.118549, -0.365248, 0.923331], "extended": false, "handId": 82, "id": 823, "length": 62.2468, "mcpPosition": [-18.0033, 228.008, 51.2412], "pipPosition": [-20.7879, 186.996, 38.0633], "stabilizedTipPosition": [-24.7406, 181.281, 76.0256], "timeVisible": 10.8099, "tipPosition": [-24.2007, 180.949, 74.1198], "tipVelocity": [-33.0619, 728.083, -117.614], "tool": false, "touchDistance": 0.333333, "touchZone": "none", "type": 3, "width": 19.6866}, {"bases": [[[0.993627, -0.0991201, 0.0536773], [0.0817592, 0.961557, 0.262151], [-0.0775983, -0.256092, 0.963533]], [[0.995303, -0.0650938, -0.0716525], [-0.0386904, 0.410999, -0.910814], [0.0887375, 0.909309, 0.40655]], [[0.995303, -0.0650938, -0.0716525], [-0.0906976, -0.885784, -0.455148], [-0.0338413, 0.459509, -0.887528]], [[0.995303, -0.0650938, -0.0716525], [-0.0512709, -0.982294, 0.180191], [-0.0821132, -0.175671, -0.981018]]], "btipPosition": [-38.0935, 191.108, 74.6021], "carpPosition": [-34.5964, 213.007, 111.527], "dipPosition": [-36.7261, 188.183, 58.265], "direction": [-0.0338413, -0.459509, 0.887528], "extended": false, "handId": 82, "id": 824, "length": 48.8004, "mcpPosition": [-39.118, 227.929, 55.3824], "pipPosition": [-36.0866, 196.866, 41.4939], "stabilizedTipPosition": [-37.7729, 190.336, 70.8569], "timeVisible": 10.8099, "tipPosition": [-37.0958, 190.442, 69.6812], "tipVelocity": [-45.829, 731.713, -90.8044], "tool": false, "touchDistance": 0.333333, "touchZone": "none", "type": 4, "width": 17.4872}], "r": [[0.819125, -0.480963, 0.312584], [0.478644, 0.272785, -0.834559], [0.316124, 0.833224, 0.453655]], "s": 1.65894, "t": [2.46997, -9.97133, -1.43769], "timestamp": 629725488792}, {"currentFrameRate": 55.2566, "devices": [], "gestures": [], "hands": [{"armBasis": [[0.823241, 0.506918, -0.255555], [-0.123403, 0.599197, 0.791034], [0.554117, -0.619675, 0.555839]], "armWidth": 67.758, "confidence": 1, "direction": [0.20196, 0.337336, -0.919465], "elbow": [-182.303, 36.2924, 287.658], "grabAngle": 2.96453, "grabStrength": 0.083162, "id": 82, "palmNormal": [-0.259207, -0.886924, -0.382332], "palmPosition": [-6.31437, 227.316, 69.2638], "palmVelocity": [-65.496, 803.132, -11.2005], "palmWidth": 91.4365, "pinchDistance": 47.1336, "pinchStrength": 0.524499, "r": [[0.814363, -0.499274, 0.295869], [0.482223, 0.298464, -0.823639], [0.322915, 0.813416, 0.483819]], "s": 1.67053, "sphereCenter": [-17.6528, 196.608, 39.9704], "sphereRadius": 40.6756, "stabilizedPalmPosition": [-6.30635, 227.218, 69.2652], "t": [-3.59394, 4.00727, -2.39145], "timeVisible": 10.8279, "type": "left", "wrist": [-31.9569, 204.426, 136.845]}], "id": 29802, "interactionBox": {"center": [0, 200, 0], "size": [235.247, 235.247, 147.751]}, "pointables": [{"bases": [[[0.897153, 0.367708, -0.244762], [-0.309397, 0.918582, 0.245928], [0.315263, -0.144907, 0.937876]], [[0.93173, 0.344546, -0.114747], [-0.361295, 0.911383, -0.197097], [0.0366693, 0.225098, 0.973646]], [[0.93173, 0.344546, -0.114747], [-0.346593, 0.749368, -0.564199], [-0.108405, 0.565452, 0.817626]], [[0.93173, 0.344546, -0.114747], [-0.314461, 0.60743, -0.729481], [-0.181639, 0.715763, 0.674307]]], "btipPosition": [19.0762, 195.415, -21.3381], "carpPosition": [-0.223723, 219.065, 118.637], "dipPosition": [22.0745, 207.23, -10.2072], "direction": [-0.108405, -0.565452, -0.817626], "extended": true, "handId": 82, "id": 821, "length": 56.8162, "mcpPosition": [23.0839, 229.778, 49.2997], "pipPosition": [24.6059, 220.434, 8.88592], "stabilizedTipPosition": [19.7613, 197.988, -18.7645], "timeVisible": 10.8279, "tipPosition": [15.6804, 206.223, -21.5874], "tipVelocity": [33.2427, 1078.33, -100.021], "tool": false, "touchDistance": 0.332429, "touchZone": "hovering", "type": 1, "width": 21.0651}, {"bases": [[[0.108801, 0.986089, 0.125658], [-0.797207, 0.0110431, 0.603605], [0.593821, -0.165848, 0.787319]], [[-0.00728781, 0.999584, -0.0279129], [-0.990265, -0.00333402, 0.139155], [0.139004, 0.0286553, 0.989877]], [[-0.00728781, 0.999584, -0.0279129], [-0.975506, -0.0132437, -0.219574], [-0.219852, 0.025629, 0.975197]], [[-0.00728781, 0.999584, -0.0279129], [-0.806165, -0.0223885, -0.591267], [-0.591646, 0.0181934, 0.805993]]], "btipPosition": [-13.4809, 192.759, 21.7517], "carpPosition": [0.166222, 195.452, 121.755], "dipPosition": [-0.103131, 193.171, 39.9761], "direction": [-0.219852, -0.025629, -0.975197], "extended": false, "handId": 82, "id": 820, "length": 50.3516, "mcpPosition": [0.166222, 195.452, 121.755], "pipPosition": [7.13903, 194.015, 72.1001], "stabilizedTipPosition": [-10.4367, 192.475, 26.0104], "timeVisible": 10.8279, "tipPosition": [-12.7431, 193.035, 26.6533], "tipVelocity": [79.918, 915.057, -160.909], "tool": false, "touchDistance": 0.319451, "touchZone": "hovering", "type": 0, "width": 22.053}, {"bases": [[[0.971009, 0.18273, -0.154115], [-0.146271, 0.964119, 0.221539], [0.189067, -0.192574, 0.962896]], [[0.977352, 0.175464, -0.118305], [-0.172846, 0.339328, -0.924652], [-0.122099, 0.924159, 0.361971]], [[0.977352, 0.175464, -0.118305], [0.10112, -0.87831, -0.467276], [-0.185899, 0.44473, -0.87616]], [[0.977352, 0.175464, -0.118305], [0.19406, -0.966089, 0.170332], [-0.0844065, -0.189433, -0.978259]]], "btipPosition": [-9.55961, 186.909, 72.9737], "carpPosition": [-10.4895, 225.223, 115.507], "dipPosition": [-8.02715, 183.469, 55.2127], "direction": [-0.185899, -0.44473, 0.87616], "extended": false, "handId": 82, "id": 822, "length": 64.7375, "mcpPosition": [2.76606, 238.724, 47.9979], "pipPosition": [-2.91986, 195.688, 31.1415], "stabilizedTipPosition": [-9.20341, 186.071, 68.891], "timeVisible": 10.8279, "tipPosition": [-8.45878, 181.581, 59.123], "tipVelocity": [-68.3947, 859.948, -42.8504], "tool": false, "touchDistance": 0.333333, "touchZone": "none", "type": 2, "width": 20.6887}, {"bases": [[[0.996493, 0.0791968, -0.0269966], [-0.0704219, 0.96808, 0.240544], [0.0451852, -0.2378, 0.970263]], [[0.991991, 0.0933137, -0.0851289], [-0.111941, 0.337272, -0.934728], [-0.0585113, 0.936771, 0.345017]], [[0.991991, 0.0933137, -0.0851289], [0.0487653, -0.904644, -0.423369], [-0.116517, 0.415827, -0.901949]], [[0.991991, 0.0933137, -0.0851289], [0.111822, -0.962201, 0.248326], [-0.0587388, -0.255857, -0.964929]]], "btipPosition": [-25.9902, 196.52, 78.6095], "carpPosition": [-22.1299, 228.499, 113.02], "dipPosition": [-24.9299, 191.901, 61.1912], "direction": [-0.116517, -0.415827, 0.901949], "extended": false, "handId": 82, "id": 823, "length": 62.2468, "mcpPosition": [-19.2856, 243.467, 51.9447], "pipPosition": [-21.8114, 203.03, 37.0515], "stabilizedTipPosition": [-25.7393, 195.359, 74.6132], "timeVisible": 10.8279, "tipPosition": [-25.1638, 195.112, 72.1186], "tipVelocity": [-55.3263, 777.133, -77.5225], "tool": false, "touchDistance": 0.333333, "touchZone": "none", "type": 3, "width": 19.6866}, {"bases": [[[0.992871, -0.109909, 0.0461109], [0.089697, 0.943775, 0.318186], [-0.0784899, -0.311782, 0.946906]], [[0.994765, -0.0691908, -0.0751979], [-0.0361522, 0.449999, -0.892297], [0.0955777, 0.890344, 0.445142]], [[0.994765, -0.0691908, -0.0751979], [-0.0976273, -0.860864, -0.499382], [-0.0301825, 0.504109, -0.863113]], [[0.994765, -0.0691908, -0.0751979], [-0.0581876, -0.988473, 0.139768], [-0.0840017, -0.13466, -0.987325]]], "btipPosition": [-39.1081, 205.28, 73.5843], "carpPosition": [-35.8304, 224.812, 111.215], "dipPosition": [-37.7092, 203.038, 57.1422], "direction": [-0.0301825, -0.504109, 0.863113], "extended": false, "handId": 82, "id": 824, "length": 48.8004, "mcpPosition": [-40.404, 242.98, 56.0393], "pipPosition": [-37.1389, 212.564, 40.8324], "stabilizedTipPosition": [-38.7813, 204.693, 69.8078], "timeVisible": 10.8279, "tipPosition": [-38.1254, 204.733, 68.1689], "tipVelocity": [-55.7418, 792.902, -57.6554], "tool": false, "touchDistance": 0.333333, "touchZone": "none", "type": 4, "width": 17.4872}], "r": [[0.814363, -0.499274, 0.295869], [0.482223, 0.298464, -0.823639], [0.322915, 0.813416, 0.483819]], "s": 1.67053, "t": [3.59394, 4.00727, -2.39145], "timestamp": 629725506864}, {"currentFrameRate": 55.2691, "devices": [], "gestures": [], "hands": [{"armBasis": [[0.830527, 0.50654, -0.231608], [-0.136805, 0.588611, 0.796757], [0.539916, -0.630043, 0.558155]], "armWidth": 67.758, "confidence": 1, "direction": [0.203893, 0.393998, -0.89621], "elbow": [-179.374, 45.5657, 287.807], "grabAngle": 2.98533, "grabStrength": 0.0656781, "id": 82, "palmNormal": [-0.257528, -0.861615, -0.437378], "palmPosition": [-7.32561, 243.23, 70.0289], "palmVelocity": [-56.0246, 881.656, 42.389], "palmWidth": 91.4365, "pinchDistance": 46.31, "pinchStrength": 0.468026, "r": [[0.810502, -0.517027, 0.275263], [0.484936, 0.328735, -0.810414], [0.328517, 0.790327, 0.517165]], "s": 1.68501, "sphereCenter": [-18.1302, 214.557, 38.9034], "sphereRadius": 40.968, "stabilizedPalmPosition": [-7.32121, 243.161, 70.0256], "t": [-4.66155, 18.9535, -2.48577], "timeVisible": 10.846, "type": "left", "wrist": [-32.8811, 216.512, 136.366]}], "id": 29803, "interactionBox": {"center": [0, 200, 0], "size": [235.247, 235.247, 147.751]}, "pointables": [{"bases": [[[0.896872, 0.381588, -0.223633], [-0.30802, 0.901729, 0.30333], [0.317404, -0.203165, 0.926271]], [[0.92785, 0.355195, -0.113716], [-0.368214, 0.920895, -0.127948], [0.0592736, 0.160588, 0.98524]], [[0.92785, 0.355195, -0.113716], [-0.361381, 0.780883, -0.509535], [-0.0921855, 0.513866, 0.852903]], [[0.92785, 0.355195, -0.113716], [-0.330108, 0.640256, -0.693614], [-0.173561, 0.681108, 0.711314]]], "btipPosition": [19.5613, 217.04, -22.2247], "carpPosition": [-1.3472, 231.929, 118.809], "dipPosition": [22.4263, 228.283, -10.483], "direction": [-0.0921855, -0.513866, -0.852903], "extended": true, "handId": 82, "id": 821, "length": 56.8162, "mcpPosition": [22.1187, 246.949, 50.3289], "pipPosition": [24.579, 240.283, 9.43396], "stabilizedTipPosition": [20.2181, 219.525, -19.5206], "timeVisible": 10.846, "tipPosition": [15.3161, 227.208, -21.7201], "tipVelocity": [25.1779, 1190.79, -41.3361], "tool": false, "touchDistance": 0.333333, "touchZone": "hovering", "type": 1, "width": 21.0651}, {"bases": [[[0.109944, 0.976291, 0.18646], [-0.795737, -0.0259534, 0.605086], [0.595579, -0.214899, 0.774018]], [[-0.00893092, 0.999476, 0.0311247], [-0.988193, -0.0135826, 0.152611], [0.152954, -0.0293942, 0.987796]], [[-0.00893092, 0.999476, 0.0311247], [-0.982616, -0.00299977, -0.185624], [-0.185433, -0.0322414, 0.982128]], [[-0.00893092, 0.999476, 0.0311247], [-0.835943, 0.00961843, -0.548733], [-0.548744, -0.0309191, 0.835418]]], "btipPosition": [-11.7882, 211.404, 19.6605], "carpPosition": [-0.944678, 208.168, 120.453], "dipPosition": [0.619509, 210.705, 38.5503], "direction": [-0.185433, 0.0322414, -0.982128], "extended": false, "handId": 82, "id": 820, "length": 50.3516, "mcpPosition": [-0.944678, 208.168, 120.453], "pipPosition": [6.72787, 209.643, 70.9026], "stabilizedTipPosition": [-8.95754, 210.955, 24.036], "timeVisible": 10.846, "tipPosition": [-12.9443, 211.6, 25.1586], "tipVelocity": [81.417, 1018.81, -107.377], "tool": false, "touchDistance": 0.329472, "touchZone": "hovering", "type": 0, "width": 22.053}, {"bases": [[[0.970789, 0.19128, -0.144847], [-0.144915, 0.94858, 0.281418], [0.191228, -0.252207, 0.94859]], [[0.978249, 0.180023, -0.103059], [-0.163914, 0.366367, -0.915919], [-0.127129, 0.912889, 0.387906]], [[0.978249, 0.180023, -0.103059], [0.108845, -0.868408, -0.483757], [-0.176585, 0.462017, -0.869113]], [[0.978249, 0.180023, -0.103059], [0.194544, -0.968627, 0.154641], [-0.0719872, -0.171327, -0.982581]]], "btipPosition": [-10.2821, 203.85, 73.1888], "carpPosition": [-11.6106, 238.262, 116.042], "dipPosition": [-8.97512, 200.74, 55.3494], "direction": [-0.176585, -0.462017, 0.869113], "extended": false, "handId": 82, "id": 822, "length": 64.7375, "mcpPosition": [1.79643, 255.945, 49.5359], "pipPosition": [-4.12373, 213.433, 31.4718], "stabilizedTipPosition": [-9.98004, 203.103, 69.0854], "timeVisible": 10.846, "tipPosition": [-9.48361, 198.872, 58.6702], "tipVelocity": [-42.9002, 942.783, 10.9183], "tool": false, "touchDistance": 0.333333, "touchZone": "none", "type": 2, "width": 20.6887}, {"bases": [[[0.996492, 0.080025, -0.0244745], [-0.0690165, 0.951299, 0.300446], [0.0473258, -0.297703, 0.953485]], [[0.991861, 0.0977325, -0.0816052], [-0.112984, 0.380122, -0.91801], [-0.0586995, 0.919759, 0.38807]], [[0.991861, 0.0977325, -0.0816052], [0.0482081, -0.881484, -0.469747], [-0.117843, 0.46199, -0.879021]], [[0.991861, 0.0977325, -0.0816052], [0.112315, -0.973493, 0.19924], [-0.0599699, -0.206784, -0.976547]]], "btipPosition": [-27.0391, 212.083, 78.1181], "carpPosition": [-23.2478, 241.678, 113.735], "dipPosition": [-25.9566, 208.35, 60.4901], "direction": [-0.117843, -0.46199, 0.879021], "extended": false, "handId": 82, "id": 823, "length": 62.2468, "mcpPosition": [-20.2688, 260.418, 53.7157], "pipPosition": [-22.8026, 220.715, 36.964], "stabilizedTipPosition": [-26.7855, 211.155, 74.0661], "timeVisible": 10.846, "tipPosition": [-26.185, 210.913, 70.9847], "tipVelocity": [-57.8308, 873.531, -29.8954], "tool": false, "touchDistance": 0.333333, "touchZone": "none", "type": 3, "width": 19.6866}, {"bases": [[[0.992886, -0.113258, 0.0367418], [0.0912687, 0.922101, 0.376032], [-0.0764683, -0.370003, 0.925878]], [[0.994596, -0.0656442, -0.0804318], [-0.0376607, 0.493833, -0.868741], [0.0967477, 0.867076, 0.488692]], [[0.994596, -0.0656442, -0.0804318], [-0.0988434, -0.835706, -0.540209], [-0.0317558, 0.54524, -0.837678]], [[0.994596, -0.0656442, -0.0804318], [-0.0578413, -0.993721, 0.0957746], [-0.0862138, -0.0906048, -0.992148]]], "btipPosition": [-40.1272, 221.246, 73.377], "carpPosition": [-36.9407, 238.102, 111.671], "dipPosition": [-38.6915, 219.738, 56.8546], "direction": [-0.0317558, -0.54524, 0.837678], "extended": false, "handId": 82, "id": 824, "length": 48.8004, "mcpPosition": [-41.3965, 259.662, 57.72], "pipPosition": [-38.0914, 230.041, 41.0254], "stabilizedTipPosition": [-39.7939, 220.849, 69.5776], "timeVisible": 10.846, "tipPosition": [-39.1388, 220.742, 67.5287], "tipVelocity": [-55.9921, 893.894, -12.5081], "tool": false, "touchDistance": 0.333333, "touchZone": "none", "type": 4, "width": 17.4872}], "r": [[0.810502, -0.517027, 0.275263], [0.484936, 0.328735, -0.810414], [0.328517, 0.790327, 0.517165]], "s": 1.68501, "t": [4.66155, 18.9535, -2.48577], "timestamp": 629725524914}, {"currentFrameRate": 55.2517, "devices": [], "gestures": [], "hands": [{"armBasis": [[0.838112, 0.507456, -0.200141], [-0.146927, 0.563336, 0.813059], [0.525338, -0.652028, 0.546698]], "armWidth": 67.758, "confidence": 1, "direction": [0.203528, 0.448175, -0.870469], "elbow": [-176.083, 51.9673, 284.223], "grabAngle": 2.99568, "grabStrength": 0.0417643, "id": 82, "palmNormal": [-0.258006, -0.833101, -0.489261], "palmPosition": [-8.21707, 259.431, 71.0585], "palmVelocity": [-49.0917, 892.197, 56.6992], "palmWidth": 91.4365, "pinchDistance": 45.5781, "pinchStrength": 0.420414, "r": [[0.807318, -0.533673, 0.251855], [0.487366, 0.362332, -0.794475], [0.332735, 0.764139, 0.552611]], "s": 1.70175, "sphereCenter": [-18.6586, 232.873, 38.2257], "sphereRadius": 41.3476, "stabilizedPalmPosition": [-8.21458, 259.386, 71.0556], "t": [-5.64108, 34.5273, -2.01813], "timeVisible": 10.8641, "type": "left", "wrist": [-33.5459, 228.879, 135.89]}], "id": 29804, "interactionBox": {"center": [0, 200, 0], "size": [235.247, 235.247, 147.751]}, "pointables": [{"bases": [[[0.896882, 0.394812, -0.199315], [-0.308438, 0.881348, 0.357899], [0.316969, -0.259516, 0.91224]], [[0.924319, 0.366569, -0.106119], [-0.373661, 0.925842, -0.0565131], [0.0775335, 0.0918887, 0.992746]], [[0.924319, 0.366569, -0.106119], [-0.374362, 0.817003, -0.438587], [-0.0740727, 0.445122, 0.892401]], [[0.924319, 0.366569, -0.106119], [-0.346454, 0.689454, -0.6361], [-0.16001, 0.624725, 0.764275]]], "btipPosition": [20.065, 239.823, -23.0542], "carpPosition": [-2.2159, 245.158, 119.05], "dipPosition": [22.7063, 250.135, -10.4383], "direction": [-0.0740727, -0.445122, -0.892401], "extended": true, "handId": 82, "id": 821, "length": 56.8162, "mcpPosition": [21.2178, 264.344, 51.6076], "pipPosition": [24.436, 260.53, 10.401], "stabilizedTipPosition": [20.6712, 242.131, -20.1508], "timeVisible": 10.8641, "tipPosition": [15.0165, 248.359, -21.3736], "tipVelocity": [24.9046, 1242.85, -34.6076], "tool": false, "touchDistance": 0.333333, "touchZone": "hovering", "type": 1, "width": 21.0651}, {"bases": [[[0.109567, 0.963044, 0.246051], [-0.796052, -0.0632181, 0.601918], [0.595228, -0.26182, 0.759706]], [[-0.0114024, 0.99592, 0.0895192], [-0.986453, -0.0258551, 0.161995], [0.163648, -0.0864593, 0.982723]], [[-0.0114024, 0.99592, 0.0895192], [-0.987869, 0.00264576, -0.155264], [-0.154867, -0.0902037, 0.983809]], [[-0.0114024, 0.99592, 0.0895192], [-0.860067, 0.0358974, -0.508917], [-0.510054, -0.0827954, 0.856148]]], "btipPosition": [-10.2446, 230.522, 18.1716], "carpPosition": [-1.81927, 221.341, 119.234], "dipPosition": [1.28825, 228.65, 37.53], "direction": [-0.154867, 0.0902037, -0.983809], "extended": false, "handId": 82, "id": 820, "length": 50.3516, "mcpPosition": [-1.81927, 221.341, 119.234], "pipPosition": [6.38974, 225.678, 69.9377], "stabilizedTipPosition": [-7.60551, 229.903, 22.6379], "timeVisible": 10.8641, "tipPosition": [-12.9956, 230.542, 24.0976], "tipVelocity": [73.9224, 1037.95, -76.0598], "tool": false, "touchDistance": 0.331661, "touchZone": "hovering", "type": 0, "width": 22.053}, {"bases": [[[0.970812, 0.200048, -0.132309], [-0.145335, 0.929496, 0.338991], [0.190795, -0.309867, 0.93144]], [[0.978642, 0.185403, -0.0887953], [-0.157411, 0.398048, -0.903758], [-0.132215, 0.898434, 0.418732]], [[0.978642, 0.185403, -0.0887953], [0.116621, -0.856436, -0.502909], [-0.169288, 0.481813, -0.859766]], [[0.978642, 0.185403, -0.0887953], [0.196189, -0.971354, 0.134092], [-0.0613906, -0.148649, -0.986983]]], "btipPosition": [-11.0249, 221, 73.4195], "carpPosition": [-12.479, 251.652, 116.683], "dipPosition": [-9.91028, 218.301, 55.5002], "direction": [-0.169288, -0.481813, 0.859766], "extended": false, "handId": 82, "id": 822, "length": 64.7375, "mcpPosition": [0.89768, 273.377, 51.379], "pipPosition": [-5.25934, 231.538, 31.8794], "stabilizedTipPosition": [-10.7676, 220.36, 69.2978], "timeVisible": 10.8641, "tipPosition": [-10.4365, 216.37, 58.4035], "tipVelocity": [-43.3404, 949.635, 11.692], "tool": false, "touchDistance": 0.333333, "touchZone": "none", "type": 2, "width": 20.6887}, {"bases": [[[0.996482, 0.081626, -0.0189732], [-0.0694471, 0.931062, 0.358191], [0.0469029, -0.355614, 0.933455]], [[0.991877, 0.102803, -0.0749128], [-0.111904, 0.425204, -0.898153], [-0.0604797, 0.89924, 0.433254]], [[0.991877, 0.102803, -0.0749128], [0.0500837, -0.856981, -0.512909], [-0.116927, 0.50499, -0.855168]], [[0.991877, 0.102803, -0.0749128], [0.112876, -0.982863, 0.145739], [-0.0586466, -0.153011, -0.986483]]], "btipPosition": [-27.9628, 228.02, 77.8303], "carpPosition": [-24.1164, 255.206, 114.596], "dipPosition": [-26.9042, 225.258, 60.0229], "direction": [-0.116927, -0.50499, 0.855168], "extended": false, "handId": 82, "id": 823, "length": 62.2468, "mcpPosition": [-21.164, 277.591, 55.8374], "pipPosition": [-23.7747, 238.774, 37.1352], "stabilizedTipPosition": [-27.7169, 227.342, 73.7355], "timeVisible": 10.8641, "tipPosition": [-27.1105, 227.132, 70.1883], "tipVelocity": [-51.1696, 889.934, -18.1221], "tool": false, "touchDistance": 0.333333, "touchZone": "none", "type": 3, "width": 19.6866}, {"bases": [[[0.992898, -0.115049, 0.0302707], [0.0908062, 0.897323, 0.431932], [-0.0768559, -0.426115, 0.901398]], [[0.994719, -0.0608928, -0.0826198], [-0.0371001, 0.537224, -0.842623], [0.095695, 0.841238, 0.532128]], [[0.994719, -0.0608928, -0.0826198], [-0.0976004, -0.810239, -0.577916], [-0.0317508, 0.582928, -0.811903]], [[0.994719, -0.0608928, -0.0826198], [-0.0568222, -0.997093, 0.0507584], [-0.0854704, -0.0457957, -0.995288]]], "btipPosition": [-41.0441, 237.605, 73.5377], "carpPosition": [-37.8115, 251.766, 112.324], "dipPosition": [-39.6207, 236.842, 56.963], "direction": [-0.0317508, -0.582928, 0.811903], "extended": false, "handId": 82, "id": 824, "length": 48.8004, "mcpPosition": [-42.2899, 276.596, 59.7994], "pipPosition": [-39.0207, 247.857, 41.6209], "stabilizedTipPosition": [-40.715, 237.399, 69.7252], "timeVisible": 10.8641, "tipPosition": [-40.0615, 237.157, 67.2884], "tipVelocity": [-50.6449, 910.287, 8.18634], "tool": false, "touchDistance": 0.333333, "touchZone": "none", "type": 4, "width": 17.4872}], "r": [[0.807318, -0.533673, 0.251855], [0.487366, 0.362332, -0.794475], [0.332735, 0.764139, 0.552611]], "s": 1.70175, "t": [5.64108, 34.5273, -2.01813], "timestamp": 629725543073}, {"currentFrameRate": 55.2282, "devices": [], "gestures": [{"direction": [0.0275143, 0.995105, -0.094913], "duration": 0, "handIds": [82], "id": 9, "pointableIds": [821], "position": [21.3713, 266.065, -19.809], "speed": 267.655, "startPosition": [17.2215, 115.979, -5.49392], "state": "start", "type": "swipe"}], "hands": [{"armBasis": [[0.840298, 0.514368, -0.171243], [-0.162528, 0.540367, 0.825584], [0.517188, -0.665905, 0.537668]], "armWidth": 67.758, "confidence": 1, "direction": [0.2073, 0.499546, -0.841118], "elbow": [-174.599, 61.1131, 281.968], "grabAngle": 2.99388, "grabStrength": 0.00268298, "id": 82, "palmNormal": [-0.264576, -0.799125, -0.539813], "palmPosition": [-8.87381, 275.871, 72.9707], "palmVelocity": [-36.1084, 903.862, 105.138], "palmWidth": 91.4365, "pinchDistance": 45.3169, "pinchStrength": 0.389446, "r": [[0.805572, -0.547748, 0.22589], [0.488874, 0.399083, -0.775716], [0.334748, 0.735327, 0.589269]], "s": 1.7197, "sphereCenter": [-18.8543, 251.61, 38.5002], "sphereRadius": 41.7035, "stabilizedPalmPosition": [-8.87231, 275.833, 72.9664], "t": [-6.45922, 50.534, -0.828186], "timeVisible": 10.8823, "type": "left", "wrist": [-34.2728, 241.79, 136.086]}], "id": 29805, "interactionBox": {"center": [0, 200, 0], "size": [235.247, 235.247, 147.751]}, "pointables": [{"bases": [[[0.893644, 0.41357, -0.174241], [-0.315421, 0.855005, 0.411674], [0.319233, -0.312931, 0.894519]], [[0.919254, 0.382982, -0.0910898], [-0.382399, 0.923673, 0.0244628], [0.093506, 0.0123451, 0.995542]], [[0.919254, 0.382982, -0.0910898], [-0.38964, 0.852155, -0.349304], [-0.0561544, 0.356591, 0.932571]], [[0.919254, 0.382982, -0.0910898], [-0.367245, 0.750948, -0.548825], [-0.141786, 0.537962, 0.83096]]], "btipPosition": [20.833, 264.022, -22.9639], "carpPosition": [-2.99748, 258.607, 119.985], "dipPosition": [23.1735, 272.902, -9.24717], "direction": [-0.0561544, -0.356591, -0.932571], "extended": true, "handId": 82, "id": 821, "length": 56.8162, "mcpPosition": [20.6036, 281.742, 53.8528], "pipPosition": [24.4848, 281.229, 12.5302], "stabilizedTipPosition": [21.3701, 266.024, -19.8096], "timeVisible": 10.8823, "tipPosition": [15.3558, 269.709, -19.9509], "tipVelocity": [38.425, 1312.38, 18.887], "tool": false, "touchDistance": 0.338486, "touchZone": "hovering", "type": 1, "width": 21.0651}, {"bases": [[[0.101891, 0.946816, 0.305217], [-0.795392, -0.106733, 0.596624], [0.59747, -0.303558, 0.742214]], [[-0.0209363, 0.988623, 0.148948], [-0.984653, -0.046208, 0.168295], [0.173263, -0.143139, 0.974418]], [[-0.0209363, 0.988623, 0.148948], [-0.992116, -0.00213156, -0.125305], [-0.123562, -0.150398, 0.980874]], [[-0.0209363, 0.988623, 0.148948], [-0.883998, 0.0512877, -0.46467], [-0.467023, -0.141399, 0.872867]]], "btipPosition": [-8.73075, 250.154, 17.7673], "carpPosition": [-2.79192, 234.822, 118.694], "dipPosition": [1.82915, 246.957, 37.5038], "direction": [-0.123562, 0.150398, -0.980874], "extended": false, "handId": 82, "id": 820, "length": 50.3516, "mcpPosition": [-2.79192, 234.822, 118.694], "pipPosition": [5.8994, 242.002, 69.8148], "stabilizedTipPosition": [-6.30986, 249.3, 22.3087], "timeVisible": 10.8823, "tipPosition": [-12.8632, 249.907, 24.0453], "tipVelocity": [70.9314, 1062.62, -17.4449], "tool": false, "touchDistance": 0.333089, "touchZone": "hovering", "type": 0, "width": 22.053}, {"bases": [[[0.969148, 0.215632, -0.119396], [-0.152714, 0.905537, 0.395829], [0.193471, -0.365384, 0.910529]], [[0.978607, 0.194436, -0.0672576], [-0.148896, 0.443715, -0.883712], [-0.141982, 0.874821, 0.463174]], [[0.978607, 0.194436, -0.0672576], [0.129806, -0.837129, -0.531381], [-0.159623, 0.511283, -0.844459]], [[0.978607, 0.194436, -0.0672576], [0.200647, -0.974232, 0.103016], [-0.0454945, -0.114307, -0.992403]]], "btipPosition": [-11.4666, 238.224, 73.8383], "carpPosition": [-13.2077, 265.317, 118.027], "dipPosition": [-10.6406, 236.148, 55.8205], "direction": [-0.159623, -0.511283, 0.844459], "extended": false, "handId": 82, "id": 822, "length": 64.7375, "mcpPosition": [0.356665, 290.934, 54.1895], "pipPosition": [-6.2552, 250.195, 32.6203], "stabilizedTipPosition": [-11.2763, 237.734, 69.6939], "timeVisible": 10.8823, "tipPosition": [-11.4235, 234.009, 58.6091], "tipVelocity": [-27.9356, 954.865, 21.7812], "tool": false, "touchDistance": 0.333333, "touchZone": "none", "type": 2, "width": 20.6887}, {"bases": [[[0.995792, 0.0906314, -0.0136005], [-0.0768368, 0.90652, 0.415111], [0.0499512, -0.41232, 0.909669]], [[0.991004, 0.115193, -0.0681234], [-0.115362, 0.477273, -0.87115], [-0.0678366, 0.871172, 0.486269]], [[0.991004, 0.115193, -0.0681234], [0.0582467, -0.829548, -0.55539], [-0.120488, 0.546426, -0.828795]], [[0.991004, 0.115193, -0.0681234], [0.120869, -0.988929, 0.0860787], [-0.0574536, -0.0935383, -0.993957]]], "btipPosition": [-28.8616, 244.499, 78.0399], "carpPosition": [-24.8158, 269.086, 116.168], "dipPosition": [-27.8245, 242.811, 60.0977], "direction": [-0.120488, -0.546426, 0.828795], "extended": false, "handId": 82, "id": 823, "length": 62.2468, "mcpPosition": [-21.6715, 295.041, 58.9065], "pipPosition": [-24.5998, 257.435, 37.9159], "stabilizedTipPosition": [-28.6216, 244.084, 73.9129], "timeVisible": 10.8823, "tipPosition": [-28.0388, 243.846, 70.1936], "tipVelocity": [-49.6891, 919.615, 9.8222], "tool": false, "touchDistance": 0.333333, "touchZone": "none", "type": 3, "width": 19.6866}, {"bases": [[[0.993796, -0.108737, 0.023375], [0.0836975, 0.869568, 0.486668], [-0.0732449, -0.481692, 0.873274]], [[0.995168, -0.0477779, -0.085781], [-0.0415392, 0.586742, -0.808708], [0.0889697, 0.808363, 0.581922]], [[0.995168, -0.0477779, -0.085781], [-0.0905684, -0.784111, -0.613977], [-0.0379272, 0.618779, -0.784649]], [[0.995168, -0.0477779, -0.085781], [-0.0476431, -0.998858, 0.0036198], [-0.0858559, 0.000484564, -0.996307]]], "btipPosition": [-41.9125, 254.656, 74.3445], "carpPosition": [-38.5375, 265.904, 113.691], "dipPosition": [-40.4828, 254.664, 57.7529], "direction": [-0.0379272, -0.618779, 0.784649], "extended": false, "handId": 82, "id": 824, "length": 48.8004, "mcpPosition": [-42.8054, 293.972, 62.8053], "pipPosition": [-39.7661, 266.356, 42.9257], "stabilizedTipPosition": [-41.5827, 254.637, 70.5275], "timeVisible": 10.8823, "tipPosition": [-40.9161, 254.145, 67.9207], "tipVelocity": [-47.6686, 947.231, 44.147], "tool": false, "touchDistance": 0.333333, "touchZone": "none", "type": 4, "width": 17.4872}], "r": [[0.805572, -0.547748, 0.22589], [0.488874, 0.399083, -0.775716], [0.334748, 0.735327, 0.589269]], "s": 1.7197, "t": [6.45922, 50.534, -0.828186], "timestamp": 629725561261}, {"currentFrameRate": 50.6989, "devices": [], "gestures": [{"direction": [0.00795573, 0.997332, -0.0725624], "duration": 36042, "handIds": [82], "id": 9, "pointableIds": [821], "position": [18.8597, 302.653, -20.2143], "speed": 303.913, "startPosition": [17.2215, 115.979, -5.49392], "state": "update", "type": "swipe"}], "hands": [{"armBasis": [[0.81165, 0.580845, -0.0619992], [-0.266631, 0.462818, 0.845404], [0.519743, -0.669641, 0.530518]], "armWidth": 67.758, "confidence": 1, "direction": [0.214956, 0.510208, -0.832755], "elbow": [-175.634, 90.6281, 284.338], "grabAngle": 2.89983, "grabStrength": 0.0352858, "id": 82, "palmNormal": [-0.389201, -0.7373, -0.552188], "palmPosition": [-9.58736, 306.566, 77.3027], "palmVelocity": [-19.7978, 851.66, 120.192], "palmWidth": 91.4365, "pinchDistance": 41.5512, "pinchStrength": 0.373857, "r": [[0.814315, -0.540849, 0.210648], [0.489625, 0.445195, -0.749712], [0.311702, 0.713641, 0.627343]], "s": 1.74176, "sphereCenter": [-28.6446, 286.068, 41.632], "sphereRadius": 43.681, "stabilizedPalmPosition": [-9.58735, 306.566, 77.3027], "t": [-7.22506, 73.8851, 1.93276], "timeVisible": 10.9184, "type": "left", "wrist": [-34.615, 272.318, 140.396]}], "id": 29806, "interactionBox": {"center": [0, 200, 0], "size": [235.247, 235.247, 147.751]}, "pointables": [{"bases": [[[0.846914, 0.522184, -0.100304], [-0.438638, 0.792724, 0.423303], [0.300556, -0.314503, 0.900419]], [[0.864216, 0.501263, -0.043195], [-0.501053, 0.865262, 0.0163367], [0.045564, 0.00752456, 0.998933]], [[0.864216, 0.501263, -0.043195], [-0.500247, 0.846944, -0.1