{"frames": 46, "data": [{"currentFrameRate": 55.1451, "devices": [], "gestures": [], "hands": [{"armBasis": [[0.815012, 0.262847, -0.516397], [0.134766, 0.780771, 0.610111], [0.563554, -0.566841, 0.600915]], "armWidth": 68.5066, "confidence": 1, "direction": [0.0253313, 0.481647, -0.875999], "elbow": [-193.404, 149.182, 205.513], "grabAngle": 2.80666, "grabStrength": 0, "id": 22, "palmNormal": [0.132412, -0.870176, -0.474616], "palmPosition": [-23.3594, 339.075, -24.5017], "palmVelocity": [7.45988, -143.215, -22.3704], "palmWidth": 91.9162, "pinchDistance": 51.9969, "pinchStrength": 0.462082, "r": [[0.184407, -0.791561, 0.582602], [0.636184, -0.355704, -0.684649], [0.749176, 0.496896, 0.437984]], "s": 1.2045, "sphereCenter": [-28.4975, 308.752, -60.0277], "sphereRadius": 46.5404, "stabilizedPalmPosition": [-22.8656, 346.196, -23.1643], "t": [204.49, 192.195, -51.3392], "timeVisible": 16.1967, "type": "left", "wrist": [-39.6957, 303.786, 41.6146]}], "id": 12530, "interactionBox": {"center": [0, 200, 0], "size": [235.247, 235.247, 147.751]}, "pointables": [{"bases": [[[0.972551, -0.0216252, -0.231682], [0.102564, 0.933572, 0.343401], [0.208866, -0.357738, 0.910164]], [[0.993996, -0.0829646, -0.07133], [0.0897973, 0.991065, 0.0986253], [0.0625102, -0.104438, 0.992565]], [[0.993996, -0.0829646, -0.07133], [0.0783364, 0.994779, -0.0654046], [0.0763839, 0.0594242, 0.995306]], [[0.993996, -0.0829646, -0.07133], [0.0726018, 0.987868, -0.13728], [0.081854, 0.131277, 0.987961]]], "btipPosition": [7.84943, 356.558, -125.137], "carpPosition": [-13.4714, 329.181, 24.2223], "dipPosition": [6.48206, 358.751, -108.633], "direction": [0.0763839, -0.0594242, -0.995306], "extended": true, "handId": 22, "id": 221, "length": 57.4972, "mcpPosition": [2.05122, 355.768, -43.4197], "pipPosition": [4.67697, 360.155, -85.1125], "stabilizedTipPosition": [7.59136, 362.98, -120.551], "timeVisible": 16.1967, "tipPosition": [7.88932, 359.359, -121.052], "tipVelocity": [-10.2234, -183.562, -34.8043], "tool": false, "touchDistance": 0.323382, "touchZone": "hovering", "type": 1, "width": 21.3473}, {"bases": [[[0.512214, 0.830456, 0.219041], [-0.728344, 0.28486, 0.623193], [0.455139, -0.478745, 0.750768]], [[0.393841, 0.918284, 0.0405484], [-0.87781, 0.362664, 0.31293], [0.272653, -0.158838, 0.94891]], [[0.393841, 0.918284, 0.0405484], [-0.91771, 0.395321, -0.0390958], [-0.0519307, -0.0218142, 0.998412]], [[0.393841, 0.918284, 0.0405484], [-0.851564, 0.381121, -0.359979], [-0.346016, 0.107245, 0.932079]]], "btipPosition": [1.0433, 313.917, -77.4447], "carpPosition": [-3.05667, 307.634, 25.0157], "dipPosition": [8.96089, 316.371, -56.1167], "direction": [-0.0519307, 0.0218142, -0.998412], "extended": false, "handId": 22, "id": 220, "length": 50.9551, "mcpPosition": [-3.05667, 307.634, 25.0157], "pipPosition": [10.692, 315.644, -22.8337], "stabilizedTipPosition": [3.36514, 320.713, -71.6294], "timeVisible": 16.1967, "tipPosition": [3.54053, 315.361, -72.0835], "tipVelocity": [-18.2943, -174.339, -28.6456], "tool": false, "touchDistance": 0.230542, "touchZone": "hovering", "type": 0, "width": 22.3485}, {"bases": [[[0.959998, -0.22859, -0.16171], [0.270069, 0.908395, 0.319188], [0.0739333, -0.350093, 0.933793]], [[0.962704, -0.249172, -0.105425], [0.0278314, 0.478795, -0.877485], [0.269122, 0.841825, 0.467873]], [[0.962704, -0.249172, -0.105425], [-0.264737, -0.787154, -0.557049], [0.0558151, 0.564183, -0.823761]], [[0.962704, -0.249172, -0.105425], [-0.239109, -0.965889, 0.0994225], [-0.126602, -0.0705064, -0.989445]]], "btipPosition": [-8.37138, 301.345, -25.3585], "carpPosition": [-25.4905, 330.734, 21.4204], "dipPosition": [-6.04528, 300.049, -43.5379], "direction": [0.0558151, -0.564183, 0.823761], "extended": false, "handId": 22, "id": 222, "length": 65.5134, "mcpPosition": [-20.2798, 355.407, -44.3916], "pipPosition": [-7.5971, 315.735, -66.4408], "stabilizedTipPosition": [-7.68733, 307.657, -28.3764], "timeVisible": 16.1967, "tipPosition": [-7.81535, 299.306, -31.3509], "tipVelocity": [-8.86224, -153.376, -22.9663], "tool": false, "touchDistance": 0.333333, "touchZone": "none", "type": 2, "width": 20.9659}, {"bases": [[[0.937306, -0.345442, -0.0461307], [0.340186, 0.878119, 0.336424], [-0.0757065, -0.331025, 0.94058]], [[0.936952, -0.346942, -0.041856], [0.12234, 0.437846, -0.890687], [0.327344, 0.829411, 0.452685]], [[0.936952, -0.346942, -0.041856], [-0.311443, -0.774688, -0.550329], [0.158507, 0.528667, -0.833898]], [[0.936952, -0.346942, -0.041856], [-0.340929, -0.933804, 0.10852], [-0.0767357, -0.0874085, -0.993213]]], "btipPosition": [-25.1296, 301.019, -19.6233], "carpPosition": [-37.5301, 329.027, 18.9398], "dipPosition": [-23.7278, 299.423, -37.767], "direction": [0.158507, -0.528667, 0.833898], "extended": false, "handId": 22, "id": 223, "length": 62.9929, "mcpPosition": [-42.3206, 349.973, -40.5778], "pipPosition": [-28.0209, 313.741, -60.353], "stabilizedTipPosition": [-25.1397, 307.365, -22.6313], "timeVisible": 16.1967, "tipPosition": [-25.3475, 299.339, -24.6534], "tipVelocity": [0.331245, -141.247, -15.8538], "tool": false, "touchDistance": 0.333333, "touchZone": "none", "type": 3, "width": 19.9504}, {"bases": [[[0.853064, -0.521743, 0.00809273], [0.473796, 0.780982, 0.406921], [-0.218628, -0.343295, 0.913428]], [[0.83781, -0.54209, 0.0649052], [0.320771, 0.392552, -0.861979], [0.441792, 0.742995, 0.502771]], [[0.83781, -0.54209, 0.0649052], [-0.385391, -0.671417, -0.632987], [0.386715, 0.505309, -0.771436]], [[0.83781, -0.54209, 0.0649052], [-0.543905, -0.839044, 0.0131228], [0.0473446, -0.0462967, -0.997805]]], "btipPosition": [-37.8251, 305.61, -22.9216], "carpPosition": [-48.4852, 320.07, 16.3964], "dipPosition": [-38.623, 304.83, -39.7373], "direction": [0.386715, -0.505309, 0.771436], "extended": false, "handId": 22, "id": 224, "length": 49.3853, "mcpPosition": [-61.2914, 340.179, -37.108], "pipPosition": [-46.0181, 314.493, -54.4895], "stabilizedTipPosition": [-39.129, 311.707, -25.57], "timeVisible": 16.1967, "tipPosition": [-39.9779, 303.788, -27.3563], "tipVelocity": [18.1736, -124.355, -14.8311], "tool": false, "touchDistance": 0.333333, "touchZone": "none", "type": 4, "width": 17.7215}], "r": [[0.184407, -0.791561, 0.582602], [0.636184, -0.355704, -0.684649], [0.749176, 0.496896, 0.437984]], "s": 1.2045, "t": [-204.49, 192.195, -51.3392], "timestamp": 629397378250}, {"currentFrameRate": 55.1606, "devices": [], "gestures": [], "hands": [{"armBasis": [[0.814441, 0.267107, -0.515111], [0.124357, 0.786767, 0.604593], [0.566764, -0.556463, 0.607559]], "armWidth": 68.5066, "confidence": 1, "direction": [0.0218663, 0.472393, -0.881117], "elbow": [-193.937, 149.346, 207.264], "grabAngle": 2.80737, "grabStrength": 0, "id": 22, "palmNormal": [0.122429, -0.875959, -0.46659], "palmPosition": [-23.236, 335.616, -25.0244], "palmVelocity": [6.82539, -191.415, -28.9211], "palmWidth": 91.9162, "pinchDistance": 52.0695, "pinchStrength": 0.45541, "r": [[0.184669, -0.789764, 0.584953], [0.638276, -0.356211, -0.682435], [0.747329, 0.499386, 0.438307]], "s": 1.20308, "sphereCenter": [-28.6133, 305.104, -60.1803], "sphereRadius": 46.4926, "stabilizedPalmPosition": [-22.9579, 343.56, -23.6277], "t": [204.581, 189.433, -51.7612], "timeVisible": 16.2148, "type": "left", "wrist": [-39.3531, 301.12, 41.5533]}], "id": 12531, "interactionBox": {"center": [0, 200, 0], "size": [235.247, 235.247, 147.751]}, "pointables": [{"bases": [[[0.974479, -0.0169692, -0.223837], [0.0931635, 0.937781, 0.334496], [0.204234, -0.346813, 0.915429]], [[0.995097, -0.0764995, -0.0626823], [0.0817855, 0.992878, 0.0866254], [0.0556091, -0.0913272, 0.994267]], [[0.995097, -0.0764995, -0.0626823], [0.0721574, 0.995015, -0.0688322], [0.0676355, 0.0639718, 0.995657]], [[0.995097, -0.0764995, -0.0626823], [0.0671954, 0.988003, -0.139047], [0.0725673, 0.134153, 0.9883]]], "btipPosition": [7.28984, 352.011, -126.115], "carpPosition": [-13.0349, 326.153, 23.7207], "dipPosition": [6.07761, 354.252, -109.606], "direction": [0.0676355, -0.0639718, -0.995657], "extended": true, "handId": 22, "id": 221, "length": 57.4972, "mcpPosition": [2.1434, 351.928, -44.3125], "pipPosition": [4.47926, 355.764, -86.0768], "stabilizedTipPosition": [7.34951, 358.623, -121.288], "timeVisible": 16.2148, "tipPosition": [7.39043, 354.654, -122.024], "tipVelocity": [-28.9849, -250.922, -54.0516], "tool": false, "touchDistance": 0.310949, "touchZone": "hovering", "type": 1, "width": 21.3473}, {"bases": [[[0.50451, 0.836358, 0.214417], [-0.73526, 0.285988, 0.614494], [0.452617, -0.467671, 0.759225]], [[0.386003, 0.921914, 0.0328008], [-0.881578, 0.358175, 0.30746], [0.271703, -0.147597, 0.950996]], [[0.386003, 0.921914, 0.0328008], [-0.92089, 0.387185, -0.0452641], [-0.0544296, -0.0127339, 0.998436]], [[0.386003, 0.921914, 0.0328008], [-0.85325, 0.370317, -0.367192], [-0.350666, 0.11375, 0.929567]]], "btipPosition": [1.09353, 309.805, -77.8528], "carpPosition": [-2.76885, 304.54, 24.6561], "dipPosition": [9.11752, 312.407, -56.5823], "direction": [-0.0544296, 0.0127339, -0.998436], "extended": false, "handId": 22, "id": 220, "length": 50.9551, "mcpPosition": [-2.76885, 304.54, 24.6561], "pipPosition": [10.932, 311.983, -23.2986], "stabilizedTipPosition": [3.2103, 316.967, -72.1132], "timeVisible": 16.2148, "tipPosition": [3.11116, 311.191, -72.5798], "tipVelocity": [4.13275, -225.615, -23.3114], "tool": false, "touchDistance": 0.237185, "touchZone": "hovering", "type": 0, "width": 22.3485}, {"bases": [[[0.962856, -0.223287, -0.151823], [0.261031, 0.91357, 0.311855], [0.0690675, -0.339902, 0.937921]], [[0.965265, -0.243267, -0.0953081], [0.03034, 0.466685, -0.883903], [0.259504, 0.850309, 0.457856]], [[0.965265, -0.243267, -0.0953081], [-0.254888, -0.796654, -0.548064], [0.0573984, 0.55332, -0.830989]], [[0.965265, -0.243267, -0.0953081], [-0.232503, -0.966195, 0.111397], [-0.119185, -0.085368, -0.989195]]], "btipPosition": [-8.56116, 297.832, -25.4046], "carpPosition": [-25.0644, 327.763, 20.9969], "dipPosition": [-6.37133, 296.263, -43.5793], "direction": [0.0573984, -0.55332, 0.830989], "extended": false, "handId": 22, "id": 222, "length": 65.5134, "mcpPosition": [-20.1966, 351.719, -45.106], "pipPosition": [-7.96717, 311.647, -66.6832], "stabilizedTipPosition": [-7.79416, 304.717, -28.7251], "timeVisible": 16.2148, "tipPosition": [-8.03204, 295.692, -31.5544], "tipVelocity": [-12.2336, -197.847, -2.4883], "tool": false, "touchDistance": 0.333333, "touchZone": "none", "type": 2, "width": 20.9659}, {"bases": [[[0.94009, -0.339102, -0.0352193], [0.331224, 0.883981, 0.329951], [-0.0807539, -0.321849, 0.943341]], [[0.939176, -0.342513, -0.0251622], [0.130744, 0.424327, -0.89602], [0.317576, 0.838231, 0.4433]], [[0.939176, -0.342513, -0.0251622], [-0.300654, -0.78456, -0.542285], [0.165999, 0.516866, -0.839818]], [[0.939176, -0.342513, -0.0251622], [-0.337351, -0.933785, 0.11933], [-0.0643681, -0.103583, -0.992536]]], "btipPosition": [-25.0518, 297.76, -19.5515], "carpPosition": [-37.1351, 326.118, 18.6284], "dipPosition": [-23.876, 295.868, -37.6829], "direction": [0.165999, -0.516866, 0.839818], "extended": false, "handId": 22, "id": 223, "length": 62.9929, "mcpPosition": [-42.245, 346.484, -41.064], "pipPosition": [-28.372, 309.867, -60.4291], "stabilizedTipPosition": [-25.0488, 304.817, -22.9081], "timeVisible": 16.2148, "tipPosition": [-25.4964, 295.921, -24.7299], "tipVelocity": [1.42818, -184.082, 4.12978], "tool": false, "touchDistance": 0.333333, "touchZone": "none", "type": 3, "width": 19.9504}, {"bases": [[[0.856688, -0.51544, 0.0201688], [0.464966, 0.788547, 0.402493], [-0.223365, -0.335434, 0.915201]], [[0.83342, -0.543238, 0.101509], [0.345721, 0.369201, -0.862652], [0.431148, 0.754045, 0.495508]], [[0.83342, -0.543238, 0.101509], [-0.369993, -0.684921, -0.627685], [0.410508, 0.485568, -0.771821]], [[0.83342, -0.543238, 0.101509], [-0.547638, -0.836483, 0.0197353], [0.0741892, -0.0720378, -0.994639]]], "btipPosition": [-37.2517, 302.724, -22.9531], "carpPosition": [-48.1738, 317.216, 16.2636], "dipPosition": [-38.502, 301.51, -39.7155], "direction": [0.410508, -0.485568, 0.771821], "extended": false, "handId": 22, "id": 224, "length": 49.3853, "mcpPosition": [-61.2575, 336.864, -37.3447], "pipPosition": [-46.3521, 310.796, -54.475], "stabilizedTipPosition": [-38.7725, 309.63, -25.8477], "timeVisible": 16.2148, "tipPosition": [-40.009, 300.515, -27.3566], "tipVelocity": [25.9658, -165.181, -1.06639], "tool": false, "touchDistance": 0.333333, "touchZone": "none", "type": 4, "width": 17.7215}], "r": [[0.184669, -0.789764, 0.584953], [0.638276, -0.356211, -0.682435], [0.747329, 0.499386, 0.438307]], "s": 1.20308, "t": [-204.581, 189.433, -51.7612], "timestamp": 629397396325}, {"currentFrameRate": 55.1619, "devices": [], "gestures": [], "hands": [{"armBasis": [[0.813343, 0.271281, -0.514665], [0.113812, 0.793347, 0.598037], [0.570544, -0.544984, 0.614387]], "armWidth": 68.5066, "confidence": 1, "direction": [0.0247239, 0.457897, -0.888662], "elbow": [-194.704, 150.243, 209.11], "grabAngle": 2.80759, "grabStrength": 0, "id": 22, "palmNormal": [0.111223, -0.884675, -0.452748], "palmPosition": [-22.7773, 332.181, -25.5934], "palmVelocity": [25.3068, -189.509, -31.395], "palmWidth": 91.9162, "pinchDistance": 51.5722, "pinchStrength": 0.446231, "r": [[0.186338, -0.78601, 0.589463], [0.641117, -0.35735, -0.679169], [0.744478, 0.50447, 0.437336]], "s": 1.20287, "sphereCenter": [-28.5714, 301.17, -60.2758], "sphereRadius": 46.5875, "stabilizedPalmPosition": [-22.899, 339.847, -24.2691], "t": [204.855, 186.335, -52.2568], "timeVisible": 16.2329, "type": "left", "wrist": [-39.089, 298.886, 41.5371]}], "id": 12532, "interactionBox": {"center": [0, 200, 0], "size": [235.247, 235.247, 147.751]}, "pointables": [{"bases": [[[0.975233, -0.00951988, -0.220976], [0.0816324, 0.94403, 0.319599], [0.205565, -0.329722, 0.921426]], [[0.995992, -0.0655083, -0.0608994], [0.0696245, 0.995245, 0.0681226], [0.0561472, -0.0720897, 0.995817]], [[0.995992, -0.0655083, -0.0608994], [0.0605428, 0.994948, -0.0800872], [0.0658381, 0.0760792, 0.994926]], [[0.995992, -0.0655083, -0.0608994], [0.0558552, 0.987326, -0.148553], [0.069859, 0.144556, 0.987027]]], "btipPosition": [7.81167, 346.708, -127.038], "carpPosition": [-12.547, 323.388, 23.2708], "dipPosition": [6.64468, 349.123, -110.549], "direction": [0.0658381, -0.0760792, -0.994926], "extended": true, "handId": 22, "id": 221, "length": 57.4972, "mcpPosition": [2.73033, 347.892, -45.2082], "pipPosition": [5.0888, 350.92, -87.0376], "stabilizedTipPosition": [7.4612, 352.075, -122.416], "timeVisible": 16.2329, "tipPosition": [7.78674, 349.286, -122.97], "tipVelocity": [29.366, -290.407, -51.1534], "tool": false, "touchDistance": 0.302586, "touchZone": "hovering", "type": 1, "width": 21.3473}, {"bases": [[[0.494433, 0.845359, 0.202248], [-0.740164, 0.287475, 0.607878], [0.455734, -0.450252, 0.767841]], [[0.375307, 0.926712, 0.0187242], [-0.884829, 0.352182, 0.305033], [0.276083, -0.131048, 0.952158]], [[0.375307, 0.926712, 0.0187242], [-0.925534, 0.375773, -0.0467113], [-0.050324, 0.000201205, 0.998733]], [[0.375307, 0.926712, 0.0187242], [-0.859432, 0.355483, -0.367436], [-0.347164, 0.121809, 0.92986]]], "btipPosition": [1.77735, 305.492, -78.0571], "carpPosition": [-2.5229, 301.678, 24.527], "dipPosition": [9.72119, 308.28, -56.7799], "direction": [-0.050324, -0.000201205, -0.998733], "extended": false, "handId": 22, "id": 220, "length": 50.9551, "mcpPosition": [-2.5229, 301.678, 24.527], "pipPosition": [11.3988, 308.286, -23.4862], "stabilizedTipPosition": [3.40007, 311.75, -72.6188], "timeVisible": 16.2329, "tipPosition": [3.17801, 306.674, -72.8333], "tipVelocity": [36.7128, -235.598, -11.1859], "tool": false, "touchDistance": 0.247559, "touchZone": "hovering", "type": 0, "width": 22.3485}, {"bases": [[[0.965738, -0.214773, -0.14568], [0.249825, 0.921362, 0.297791], [0.0702669, -0.323983, 0.94345]], [[0.968214, -0.233814, -0.0888452], [0.0265741, 0.449352, -0.89296], [0.248709, 0.862215, 0.441282]], [[0.968214, -0.233814, -0.0888452], [-0.244493, -0.809745, -0.53342], [0.0527789, 0.538186, -0.841172]], [[0.968214, -0.233814, -0.0888452], [-0.221574, -0.966567, 0.12905], [-0.116049, -0.105262, -0.98765]]], "btipPosition": [-8.55682, 294.262, -25.2023], "carpPosition": [-24.5651, 325.09, 20.553], "dipPosition": [-6.42463, 292.328, -43.3487], "direction": [0.0527789, -0.538186, 0.841172], "extended": false, "handId": 22, "id": 222, "length": 65.5134, "mcpPosition": [-19.6128, 347.924, -45.9396], "pipPosition": [-7.89203, 307.291, -66.7356], "stabilizedTipPosition": [-7.89682, 300.607, -28.9706], "timeVisible": 16.2329, "tipPosition": [-8.04371, 292.012, -31.4908], "tipVelocity": [-0.491988, -201.597, 11.5189], "tool": false, "touchDistance": 0.333333, "touchZone": "none", "type": 2, "width": 20.9659}, {"bases": [[[0.943953, -0.32895, -0.0272876], [0.320297, 0.892865, 0.316546], [-0.0797634, -0.307544, 0.948185]], [[0.943121, -0.331965, -0.0179395], [0.126538, 0.40835, -0.904013], [0.307426, 0.850323, 0.427129]], [[0.943121, -0.331965, -0.0179395], [-0.290662, -0.797181, -0.529167], [0.161364, 0.504283, -0.848328]], [[0.943121, -0.331965, -0.0179395], [-0.326646, -0.935345, 0.135766], [-0.0618493, -0.122184, -0.990578]]], "btipPosition": [-25.0371, 294.433, -19.3423], "carpPosition": [-36.6602, 323.545, 18.2429], "dipPosition": [-23.9073, 292.201, -37.4379], "direction": [0.161364, -0.504283, 0.848328], "extended": false, "handId": 22, "id": 223, "length": 62.9929, "mcpPosition": [-41.7074, 343.005, -41.7559], "pipPosition": [-28.2778, 305.86, -60.4147], "stabilizedTipPosition": [-24.9585, 301.193, -23.1063], "timeVisible": 16.2329, "tipPosition": [-25.477, 292.54, -24.6411], "tipVelocity": [0.228094, -187.866, 11.9961], "tool": false, "touchDistance": 0.333333, "touchZone": "none", "type": 3, "width": 19.9504}, {"bases": [[[0.862392, -0.505309, 0.030713], [0.454903, 0.80013, 0.390966], [-0.222133, -0.323194, 0.919893]], [[0.834946, -0.535892, 0.125238], [0.354128, 0.348981, -0.867644], [0.421258, 0.768786, 0.481154]], [[0.834946, -0.535892, 0.125238], [-0.357411, -0.701069, -0.617057], [0.418476, 0.470448, -0.776889]], [[0.834946, -0.535892, 0.125238], [-0.543357, -0.83885, 0.0330632], [0.0873374, -0.0956548, -0.991576]]], "btipPosition": [-36.7789, 299.7, -22.8993], "carpPosition": [-47.8052, 314.731, 16.0508], "dipPosition": [-38.2508, 298.088, -39.61], "direction": [0.418476, -0.470448, 0.776889], "extended": false, "handId": 22, "id": 224, "length": 49.3853, "mcpPosition": [-60.8168, 333.662, -37.8323], "pipPosition": [-46.2533, 307.084, -54.4665], "stabilizedTipPosition": [-38.2868, 306.607, -26.1104], "timeVisible": 16.2329, "tipPosition": [-39.8796, 297.293, -27.3015], "tipVelocity": [23.275, -171.929, 3.62688], "tool": false, "touchDistance": 0.333333, "touchZone": "none", "type": 4, "width": 17.7215}], "r": [[0.186338, -0.78601, 0.589463], [0.641117, -0.35735, -0.679169], [0.744478, 0.50447, 0.437336]], "s": 1.20287, "t": [-204.855, 186.335, -52.2568], "timestamp": 629397414449}, {"currentFrameRate": 55.1763, "devices": [], "gestures": [], "hands": [{"armBasis": [[0.809687, 0.267481, -0.52236], [0.11085, 0.804362, 0.583707], [0.576297, -0.530523, 0.621632]], "armWidth": 68.5066, "confidence": 1, "direction": [0.0255517, 0.451717, -0.891795], "elbow": [-195.947, 150.485, 210.749], "grabAngle": 2.80951, "grabStrength": 0, "id": 22, "palmNormal": [0.108155, -0.888099, -0.446746], "palmPosition": [-22.3401, 327.873, -26.208], "palmVelocity": [24.1923, -238.368, -34.0064], "palmWidth": 91.9162, "pinchDistance": 50.5255, "pinchStrength": 0.438326, "r": [[0.188065, -0.782053, 0.594158], [0.643702, -0.358767, -0.675969], [0.741809, 0.509587, 0.435937]], "s": 1.20288, "sphereCenter": [-28.0535, 296.651, -60.6582], "sphereRadius": 46.5524, "stabilizedPalmPosition": [-22.6515, 334.545, -25.1276], "t": [205.211, 182.632, -52.8118], "timeVisible": 16.251, "type": "left", "wrist": [-38.7631, 295.184, 41.2002]}], "id": 12533, "interactionBox": {"center": [0, 200, 0], "size": [235.247, 235.247, 147.751]}, "pointables": [{"bases": [[[0.975407, -0.00798532, -0.220266], [0.0784692, 0.946448, 0.313174], [0.20597, -0.322757, 0.923799]], [[0.996126, -0.0619305, -0.062429], [0.0652777, 0.996454, 0.0530815], [0.0589202, -0.0569511, 0.996637]], [[0.996126, -0.0619305, -0.062429], [0.0561741, 0.994348, -0.0900869], [0.0676553, 0.086231, 0.993975]], [[0.996126, -0.0619305, -0.062429], [0.0516576, 0.98664, -0.154507], [0.0711636, 0.150684, 0.986017]]], "btipPosition": [8.46577, 341.207, -127.771], "carpPosition": [-12.1041, 319.383, 22.7086], "dipPosition": [7.27699, 343.724, -111.3], "direction": [0.0676553, -0.086231, -0.993975], "extended": true, "handId": 22, "id": 221, "length": 57.4972, "mcpPosition": [3.20322, 343.37, -45.9467], "pipPosition": [5.67817, 345.762, -87.8106], "stabilizedTipPosition": [7.98241, 344.74, -123.533], "timeVisible": 16.251, "tipPosition": [8.21075, 344.14, -123.728], "tipVelocity": [35.9131, -303.057, -40.8083], "tool": false, "touchDistance": 0.299006, "touchZone": "hovering", "type": 1, "width": 21.3473}, {"bases": [[[0.491655, 0.848266, 0.196773], [-0.741469, 0.289318, 0.605408], [0.456617, -0.443553, 0.771208]], [[0.371249, 0.928469, 0.0109781], [-0.885419, 0.350425, 0.305344], [0.279656, -0.123079, 0.952179]], [[0.371249, 0.928469, 0.0109781], [-0.927429, 0.371358, -0.0443649], [-0.0452682, 0.00628901, 0.998955]], [[0.371249, 0.928469, 0.0109781], [-0.86302, 0.349393, -0.364858], [-0.342594, 0.125979, 0.930999]]], "btipPosition": [2.60644, 300.765, -78.5116], "carpPosition": [-2.14704, 297.651, 24.107], "dipPosition": [10.4457, 303.647, -57.2084], "direction": [-0.0452682, -0.00628901, -0.998955], "extended": false, "handId": 22, "id": 220, "length": 50.9551, "mcpPosition": [-2.14704, 297.651, 24.107], "pipPosition": [11.9548, 303.857, -23.9073], "stabilizedTipPosition": [4.00775, 305.536, -73.2166], "timeVisible": 16.251, "tipPosition": [3.53192, 301.945, -73.2991], "tipVelocity": [44.5417, -260.35, -24.817], "tool": false, "touchDistance": 0.25528, "touchZone": "hovering", "type": 0, "width": 22.3485}, {"bases": [[[0.966502, -0.212746, -0.143572], [0.246747, 0.924157, 0.291633], [0.0706394, -0.31729, 0.945694]], [[0.968999, -0.231389, -0.0866061], [0.0247372, 0.439641, -0.897833], [0.245824, 0.867857, 0.431735]], [[0.968999, -0.231389, -0.0866061], [-0.241756, -0.815723, -0.525499], [0.0509482, 0.530146, -0.846375]], [[0.968999, -0.231389, -0.0866061], [-0.218394, -0.966102, 0.137662], [-0.115524, -0.11448, -0.986686]]], "btipPosition": [-8.2614, 289.931, -25.3496], "carpPosition": [-24.1187, 321.104, 19.987], "dipPosition": [-6.13885, 287.828, -43.4783], "direction": [0.0509482, -0.530146, 0.846375], "extended": false, "handId": 22, "id": 222, "length": 65.5134, "mcpPosition": [-19.1402, 343.466, -46.6637], "pipPosition": [-7.55535, 302.567, -67.0098], "stabilizedTipPosition": [-7.83563, 295.082, -29.2422], "timeVisible": 16.251, "tipPosition": [-7.73644, 287.645, -31.806], "tipVelocity": [16.2223, -241.779, -7.92356], "tool": false, "touchDistance": 0.333333, "touchZone": "none", "type": 2, "width": 20.9659}, {"bases": [[[0.944994, -0.326177, -0.0244138], [0.317294, 0.89601, 0.310628], [-0.0794446, -0.301288, 0.950218]], [[0.944138, -0.329219, -0.014763], [0.124809, 0.398669, -0.908563], [0.305002, 0.855966, 0.417488]], [[0.944138, -0.329219, -0.014763], [-0.288149, -0.80296, -0.521752], [0.159917, 0.49686, -0.852969]], [[0.944138, -0.329219, -0.014763], [-0.323749, -0.934954, 0.145076], [-0.0615646, -0.132192, -0.98931]]], "btipPosition": [-24.7168, 290.211, -19.4946], "carpPosition": [-36.2201, 319.58, 17.6956], "dipPosition": [-23.5922, 287.796, -37.5671], "direction": [0.159917, -0.49686, 0.852969], "extended": false, "handId": 22, "id": 223, "length": 62.9929, "mcpPosition": [-41.2472, 338.645, -42.432], "pipPosition": [-27.9235, 301.253, -60.6695], "stabilizedTipPosition": [-24.7326, 295.983, -23.3524], "timeVisible": 16.251, "tipPosition": [-25.1532, 288.267, -24.9643], "tipVelocity": [17.6549, -235.963, -8.13294], "tool": false, "touchDistance": 0.333333, "touchZone": "none", "type": 3, "width": 19.9504}, {"bases": [[[0.863944, -0.502388, 0.0347408], [0.452139, 0.804208, 0.38577], [-0.221745, -0.317576, 0.92194]], [[0.830154, -0.5376, 0.14775], [0.368597, 0.330381, -0.868898], [0.418306, 0.77578, 0.472425]], [[0.830154, -0.5376, 0.14775], [-0.351048, -0.709892, -0.610588], [0.433139, 0.455015, -0.778044]], [[0.830154, -0.5376, 0.14775], [-0.548168, -0.835397, 0.0402989], [0.101765, -0.114446, -0.988203]]], "btipPosition": [-35.9236, 295.796, -23.2318], "carpPosition": [-47.3941, 310.787, 15.5712], "dipPosition": [-37.6386, 293.868, -39.8857], "direction": [0.433139, -0.455015, 0.778044], "extended": false, "handId": 22, "id": 224, "length": 49.3853, "mcpPosition": [-60.383, 329.389, -38.4319], "pipPosition": [-45.9216, 302.569, -54.7643], "stabilizedTipPosition": [-37.4905, 302.055, -26.4953], "timeVisible": 16.251, "tipPosition": [-39.4362, 293.111, -27.6441], "tipVelocity": [44.2269, -219.987, -17.6753], "tool": false, "touchDistance": 0.333333, "touchZone": "none", "type": 4, "width": 17.7215}], "r": [[0.188065, -0.782053, 0.594158], [0.643702, -0.358767, -0.675969], [0.741809, 0.509587, 0.435937]], "s": 1.20288, "t": [-205.211, 182.632, -52.8118], "timestamp": 629397432523}, {"currentFrameRate": 46.4657, "devices": [], "gestures": [], "hands": [{"armBasis": [[0.800564, 0.234164, -0.551602], [0.12667, 0.833565, 0.537703], [0.585707, -0.500337, 0.63766]], "armWidth": 68.5066, "confidence": 1, "direction": [0.0237688, 0.426362, -0.90424], "elbow": [-197.513, 146.79, 213.99], "grabAngle": 2.8257, "grabStrength": 0, "id": 22, "palmNormal": [0.12461, -0.898706, -0.420476], "palmPosition": [-21.2825, 314.028, -28.2308], "palmVelocity": [19.5066, -255.362, -37.3101], "palmWidth": 91.9162, "pinchDistance": 49.4557, "pinchStrength": 0.421068, "r": [[0.187628, -0.776014, 0.602161], [0.643896, -0.365778, -0.672015], [0.741751, 0.513818, 0.431042]], "s": 1.20056, "sphereCenter": [-23.8634, 282.497, -61.3732], "sphereRadius": 45.4357, "stabilizedPalmPosition": [-21.3119, 314.468, -28.1643], "t": [205.918, 173.859, -54.1007], "timeVisible": 16.3052, "type": "left", "wrist": [-37.7626, 283.256, 40.0697]}], "id": 12534, "interactionBox": {"center": [0, 200, 0], "size": [235.247, 235.247, 147.751]}, "pointables": [{"bases": [[[0.973849, -0.0296387, -0.225256], [0.0950502, 0.953669, 0.285448], [0.20636, -0.299394, 0.931546]], [[0.994326, -0.0771976, -0.0731829], [0.0759142, 0.99691, -0.0201643], [0.0745134, 0.0144943, 0.997115]], [[0.994326, -0.0771976, -0.0731829], [0.0664573, 0.988021, -0.139276], [0.083058, 0.133622, 0.987546]], [[0.994326, -0.0771976, -0.0731829], [0.0589493, 0.972575, -0.224994], [0.0885449, 0.219403, 0.971608]]], "btipPosition": [10.704, 321.923, -129.719], "carpPosition": [-11.2042, 307.104, 20.9644], "dipPosition": [9.22491, 325.588, -113.488], "direction": [0.083058, -0.133622, -0.987546], "extended": true, "handId": 22, "id": 221, "length": 57.4972, "mcpPosition": [4.13215, 329.354, -48.2667], "pipPosition": [7.2621, 328.746, -90.1506], "stabilizedTipPosition": [10.3638, 322.766, -125.986], "timeVisible": 16.3052, "tipPosition": [9.72265, 327.06, -126.005], "tipVelocity": [40.0541, -350.834, -36.9413], "tool": false, "touchDistance": 0.282634, "touchZone": "hovering", "type": 1, "width": 21.3473}, {"bases": [[[0.505963, 0.845704, 0.169664], [-0.733289, 0.318159, 0.600885], [0.454191, -0.428438, 0.781122]], [[0.369066, 0.928488, -0.0412305], [-0.883234, 0.364195, 0.295397], [0.289289, -0.072605, 0.954484]], [[0.369066, 0.928488, -0.0412305], [-0.92904, 0.367318, -0.0442967], [-0.0259843, 0.0546532, 0.998167]], [[0.369066, 0.928488, -0.0412305], [-0.87284, 0.331024, -0.358572], [-0.319282, 0.168324, 0.932591]]], "btipPosition": [5.4974, 283.568, -79.7048], "carpPosition": [-0.91814, 285.58, 23.0402], "dipPosition": [12.8032, 287.419, -58.3652], "direction": [-0.0259843, -0.0546532, -0.998167], "extended": false, "handId": 22, "id": 220, "length": 50.9551, "mcpPosition": [-0.91814, 285.58, 23.0402], "pipPosition": [13.6695, 289.241, -25.0904], "stabilizedTipPosition": [7.17633, 284.463, -74.796], "timeVisible": 16.3052, "tipPosition": [5.5499, 286.772, -74.4728], "tipVelocity": [51.0618, -313.094, -21.855], "tool": false, "touchDistance": 0.256704, "touchZone": "hovering", "type": 0, "width": 22.3485}, {"bases": [[[0.962207, -0.231956, -0.142669], [0.26283, 0.928124, 0.263639], [0.0712624, -0.291173, 0.954012]], [[0.964749, -0.248998, -0.0852063], [0.021568, 0.397482, -0.917356], [0.262288, 0.883181, 0.388841]], [[0.964749, -0.248998, -0.0852063], [-0.257704, -0.828149, -0.497754], [0.0533763, 0.502165, -0.863123]], [[0.964749, -0.248998, -0.0852063], [-0.232324, -0.957889, 0.168745], [-0.123635, -0.143001, -0.98197]]], "btipPosition": [-6.6323, 276.123, -25.3933], "carpPosition": [-23.2279, 308.557, 18.1292], "dipPosition": [-4.36072, 273.496, -43.4353], "direction": [0.0533763, -0.502165, 0.863123], "extended": false, "handId": 22, "id": 222, "length": 65.5134, "mcpPosition": [-18.2054, 329.079, -49.1078], "pipPosition": [-5.84473, 287.457, -67.4325], "stabilizedTipPosition": [-6.13023, 275.75, -29.5394], "timeVisible": 16.3052, "tipPosition": [-6.02606, 273.981, -32.4251], "tipVelocity": [30.6817, -256.912, -0.437763], "tool": false, "touchDistance": 0.333333, "touchZone": "none", "type": 2, "width": 20.9659}, {"bases": [[[0.939637, -0.341577, -0.0201892], [0.333041, 0.899425, 0.28305], [-0.0785248, -0.272688, 0.958893]], [[0.933237, -0.357314, 0.0373462], [0.16574, 0.335975, -0.927173], [0.318745, 0.871463, 0.372766]], [[0.933237, -0.357314, 0.0373462], [-0.294114, -0.819566, -0.49174], [0.206313, 0.447926, -0.869941]], [[0.933237, -0.357314, 0.0373462], [-0.357738, -0.914686, 0.188077], [-0.0330427, -0.188881, -0.981444]]], "btipPosition": [-21.3508, 277.283, -19.653], "carpPosition": [-35.2904, 306.778, 15.8165], "dipPosition": [-20.7472, 273.832, -37.5817], "direction": [0.206313, -0.447926, 0.869941], "extended": false, "handId": 22, "id": 223, "length": 62.9929, "mcpPosition": [-40.2592, 324.033, -44.8599], "pipPosition": [-26.3351, 285.964, -61.1439], "stabilizedTipPosition": [-21.2809, 276.871, -23.7683], "timeVisible": 16.3052, "tipPosition": [-23.2174, 274.677, -25.6196], "tipVelocity": [59.8769, -242.853, -2.31194], "tool": false, "touchDistance": 0.333333, "touchZone": "none", "type": 3, "width": 19.9504}, {"bases": [[[0.856202, -0.514727, 0.0444392], [0.46688, 0.8077, 0.360061], [-0.221226, -0.287537, 0.93187]], [[0.794386, -0.561959, 0.230548], [0.425093, 0.243224, -0.871859], [0.433874, 0.790597, 0.432099]], [[0.794386, -0.561959, 0.230548], [-0.347637, -0.731871, -0.5861], [0.498096, 0.385442, -0.776746]], [[0.794386, -0.561959, 0.230548], [-0.588769, -0.8057, 0.0647999], [0.149338, -0.187216, -0.970901]]], "btipPosition": [-32.2302, 283.047, -24.4223], "carpPosition": [-46.3133, 297.752, 13.8845], "dipPosition": [-34.747, 279.892, -40.7847], "direction": [0.498096, -0.385442, 0.776746], "extended": false, "handId": 22, "id": 224, "length": 49.3853, "mcpPosition": [-59.2717, 314.595, -40.7001], "pipPosition": [-44.2721, 287.263, -55.6384], "stabilizedTipPosition": [-32.9372, 282.862, -28.1394], "timeVisible": 16.3052, "tipPosition": [-37.1504, 279.426, -28.684], "tipVelocity": [64.7246, -240.366, -20.7228], "tool": false, "touchDistance": 0.333333, "touchZone": "none", "type": 4, "width": 17.7215}], "r": [[0.187628, -0.776014, 0.602161], [0.643896, -0.365778, -0.672015], [0.741751, 0.513818, 0.431042]], "s": 1.20056, "t": [-205.918, 173.859, -54.1007], "timestamp": 629397486737}, {"currentFrameRate": 47.2262, "devices": [], "gestures": [], "hands": [{"armBasis": [[0.796702, 0.230758, -0.558585], [0.121506, 0.844212, 0.522056], [0.592033, -0.483794, 0.644547]], "armWidth": 68.5066, "confidence": 1, "direction": [0.0307065, 0.402392, -0.914953], "elbow": [-198.929, 143.845, 215.809], "grabAngle": 2.84359, "grabStrength": 0, "id": 22, "palmNormal": [0.118349, -0.910408, -0.396421], "palmPosition": [-20.463, 304.701, -28.97], "palmVelocity": [45.2819, -515.403, -40.8467], "palmWidth": 91.9162, "pinchDistance": 47.2071, "pinchStrength": 0.414513, "r": [[0.189058, -0.767618, 0.612389], [0.644177, -0.373741, -0.667348], [0.741143, 0.520654, 0.423823]], "s": 1.19781, "sphereCenter": [-23.2049, 272.143, -61.1142], "sphereRadius": 45.2627, "stabilizedPalmPosition": [-20.4831, 304.931, -28.951], "t": [206.681, 164.808, -55.1148], "timeVisible": 16.3233, "type": "left", "wrist": [-37.4535, 275.799, 40.0098]}], "id": 12535, "interactionBox": {"center": [0, 200, 0], "size": [235.247, 235.247, 147.751]}, "pointables": [{"bases": [[[0.973252, -0.0271847, -0.228128], [0.08783, 0.961573, 0.26012], [0.21229, -0.273199, 0.938241]], [[0.994472, -0.0695553, -0.0786634], [0.0635075, 0.995012, -0.0769339], [0.0836221, 0.0715129, 0.993928]], [[0.994472, -0.0695553, -0.0786634], [0.0524448, 0.978027, -0.201773], [0.0909693, 0.196532, 0.976268]], [[0.994472, -0.0695553, -0.0786634], [0.0433767, 0.954362, -0.295487], [0.095626, 0.290441, 0.952103]]], "btipPosition": [12.4149, 306.78, -130.027], "carpPosition": [-10.622, 298.977, 20.4271], "dipPosition": [10.8174, 311.632, -114.123], "direction": [0.0909693, -0.196532, -0.976268], "extended": true, "handId": 22, "id": 221, "length": 57.4972, "mcpPosition": [5.15511, 319.281, -49.3014], "pipPosition": [8.66767, 316.277, -91.0515], "stabilizedTipPosition": [12.0445, 307.923, -126.369], "timeVisible": 16.3233, "tipPosition": [11.174, 313.774, -126.841], "tipVelocity": [93.0275, -821.599, -21.1906], "tool": false, "touchDistance": 0.317723, "touchZone": "hovering", "type": 1, "width": 21.3473}, {"bases": [[[0.499241, 0.854139, 0.14562], [-0.733844, 0.327458, 0.595184], [0.460685, -0.404003, 0.790285]], [[0.354208, 0.932067, -0.0760764], [-0.887765, 0.360711, 0.285938], [0.293955, -0.0337436, 0.955223]], [[0.354208, 0.932067, -0.0760764], [-0.934882, 0.35092, -0.0533881], [-0.0230646, 0.0900329, 0.995672]], [[0.354208, 0.932067, -0.0760764], [-0.878402, 0.303694, -0.369025], [-0.320852, 0.197537, 0.926301]]], "btipPosition": [6.18234, 271.608, -79.4524], "carpPosition": [-0.52989, 277.428, 23.1027], "dipPosition": [13.5241, 276.128, -58.2567], "direction": [-0.0230646, -0.0900329, -0.995672], "extended": false, "handId": 22, "id": 220, "length": 50.9551, "mcpPosition": [-0.52989, 277.428, 23.1027], "pipPosition": [14.293, 279.129, -25.0651], "stabilizedTipPosition": [7.87059, 272.653, -74.5775], "timeVisible": 16.3233, "tipPosition": [6.4018, 275.798, -74.3955], "tipVelocity": [38.3028, -652.357, 12.1177], "tool": false, "touchDistance": 0.300741, "touchZone": "hovering", "type": 0, "width": 22.3485}, {"bases": [[[0.963656, -0.227369, -0.14025], [0.255745, 0.936903, 0.238343], [0.0772086, -0.265549, 0.961001]], [[0.966552, -0.242883, -0.082372], [0.0122044, 0.364368, -0.931175], [0.25618, 0.899024, 0.355145]], [[0.966552, -0.242883, -0.082372], [-0.25259, -0.84583, -0.469861], [0.0444485, 0.474951, -0.878889]], [[0.966552, -0.242883, -0.082372], [-0.222717, -0.954141, 0.200028], [-0.127178, -0.174992, -0.976321]]], "btipPosition": [-6.20886, 266.816, -24.5834], "carpPosition": [-22.6224, 300.458, 17.5091], "dipPosition": [-3.87219, 263.601, -42.5217], "direction": [0.0444485, -0.474951, 0.878889], "extended": false, "handId": 22, "id": 222, "length": 65.5134, "mcpPosition": [-17.1808, 319.174, -50.2205], "pipPosition": [-5.10798, 276.806, -66.9572], "stabilizedTipPosition": [-5.67538, 266.16, -28.7164], "timeVisible": 16.3233, "tipPosition": [-5.54272, 264.484, -31.9485], "tipVelocity": [24.2243, -521.724, 46.0674], "tool": false, "touchDistance": 0.333333, "touchZone": "none", "type": 2, "width": 20.9659}, {"bases": [[[0.942475, -0.333945, -0.0148676], [0.326271, 0.909322, 0.258227], [-0.0727142, -0.248224, 0.96597]], [[0.936419, -0.348228, 0.0430826], [0.1557, 0.302346, -0.940396], [0.314447, 0.887313, 0.337342]], [[0.936419, -0.348228, 0.0430826], [-0.290553, -0.838383, -0.461186], [0.196718, 0.419346, -0.886257]], [[0.936419, -0.348228, 0.0430826], [-0.348743, -0.910125, 0.223719], [-0.0386949, -0.22452, -0.973701]]], "btipPosition": [-20.9351, 268.412, -18.872], "carpPosition": [-34.6914, 298.723, 15.1974], "dipPosition": [-20.2282, 264.311, -36.6592], "direction": [0.196718, -0.419346, 0.886257], "extended": false, "handId": 22, "id": 223, "length": 62.9929, "mcpPosition": [-39.2926, 314.43, -45.9268], "pipPosition": [-25.5563, 275.668, -60.6633], "stabilizedTipPosition": [-20.7861, 267.719, -22.9845], "timeVisible": 16.3233, "tipPosition": [-22.6703, 265.528, -25.2484], "tipVelocity": [24.2837, -498.424, 44.9556], "tool": false, "touchDistance": 0.333333, "touchZone": "none", "type": 3, "width": 19.9504}, {"bases": [[[0.860773, -0.506055, 0.054572], [0.461174, 0.820785, 0.337091], [-0.215378, -0.264992, 0.939889]], [[0.800747, -0.548646, 0.240399], [0.41437, 0.217552, -0.883724], [0.432552, 0.807254, 0.401546]], [[0.800747, -0.548646, 0.240399], [-0.347223, -0.752173, -0.560064], [0.488098, 0.364997, -0.792803]], [[0.800747, -0.548646, 0.240399], [-0.582078, -0.807434, 0.0961002], [0.141381, -0.216883, -0.965905]]], "btipPosition": [-31.7303, 274.034, -24.0381], "carpPosition": [-45.7849, 289.744, 13.4593], "dipPosition": [-34.113, 270.379, -40.3163], "direction": [0.488098, -0.364997, 0.792803], "extended": false, "handId": 22, "id": 224, "length": 49.3853, "mcpPosition": [-58.4008, 305.266, -41.595], "pipPosition": [-43.4468, 277.358, -55.477], "stabilizedTipPosition": [-32.2991, 273.499, -27.7934], "timeVisible": 16.3233, "tipPosition": [-36.5221, 270.307, -28.5622], "tipVelocity": [29.3286, -504.405, 22.2998], "tool": false, "touchDistance": 0.333333, "touchZone": "none", "type": 4, "width": 17.7215}], "r": [[0.189058, -0.767618, 0.612389], [0.644177, -0.373741, -0.667348], [0.741143, 0.520654, 0.423823]], "s": 1.19781, "t": [-206.681, 164.808, -55.1148], "timestamp": 629397504835}, {"currentFrameRate": 47.9407, "devices": [], "gestures": [], "hands": [{"armBasis": [[0.7906, 0.220247, -0.571352], [0.121495, 0.858101, 0.498901], [0.600159, -0.463847, 0.651655]], "armWidth": 68.5066, "confidence": 1, "direction": [0.0240564, 0.37453, -0.926903], "elbow": [-200.184, 140.058, 218.24], "grabAngle": 2.85841, "grabStrength": 0, "id": 22, "palmNormal": [0.119274, -0.921624, -0.369302], "palmPosition": [-19.8214, 293.426, -29.3498], "palmVelocity": [35.6272, -626.007, -21.0876], "palmWidth": 91.9162, "pinchDistance": 46.0217, "pinchStrength": 0.412868, "r": [[0.188959, -0.757149, 0.625316], [0.644931, -0.384514, -0.660464], [0.740512, 0.528087, 0.415651]], "s": 1.19435, "sphereCenter": [-22.5065, 259.692, -60.3755], "sphereRadius": 45.126, "stabilizedPalmPosition": [-19.8231, 293.456, -29.3488], "t": [207.384, 154.645, -55.8117], "timeVisible": 16.3413, "type": "left", "wrist": [-36.4914, 266.572, 40.5024]}], "id": 12536, "interactionBox": {"center": [0, 200, 0], "size": [235.247, 235.247, 147.751]}, "pointables": [{"bases": [[[0.97444, -0.0373436, -0.221523], [0.089715, 0.968729, 0.231335], [0.205956, -0.245296, 0.947318]], [[0.99429, -0.0736408, -0.0772243], [0.0635494, 0.990012, -0.125851], [0.0857207, 0.120225, 0.989039]], [[0.99429, -0.0736408, -0.0772243], [0.0505508, 0.962402, -0.266884], [0.0939744, 0.261456, 0.96063]], [[0.99429, -0.0736408, -0.0772243], [0.0402261, 0.928977, -0.367944], [0.0988354, 0.362737, 0.926636]]], "btipPosition": [13.1012, 290.179, -129.989], "carpPosition": [-9.67769, 289.237, 20.1401], "dipPosition": [11.4502, 296.238, -114.509], "direction": [0.0939744, -0.261456, -0.96063], "extended": true, "handId": 22, "id": 221, "length": 57.4972, "mcpPosition": [5.62866, 307.467, -50.2632], "pipPosition": [9.22937, 302.417, -91.8079], "stabilizedTipPosition": [12.7207, 291.591, -126.428]