{"frames": 57, "data": [{"currentFrameRate": 55.3288, "devices": [], "gestures": [], "hands": [{"armBasis": [[0.343668, 0.775136, 0.530148], [-0.770872, -0.0895588, 0.630662], [0.536328, -0.625415, 0.566752]], "armWidth": 67.758, "confidence": 1, "direction": [0.401021, -0.0811556, -0.912467], "elbow": [-177.825, 37.2681, 302.849], "grabAngle": 2.73246, "grabStrength": 0, "id": 82, "palmNormal": [-0.905676, 0.114491, -0.408219], "palmPosition": [-4.43538, 201.91, 80.4903], "palmVelocity": [-3.66846, -8.18143, -1.15372], "palmWidth": 91.4365, "pinchDistance": 44.4595, "pinchStrength": 0.209507, "r": [[0.717022, -0.629875, 0.298557], [0.691042, 0.698452, -0.18608], [-0.0913204, 0.339739, 0.936076]], "s": 1.43762, "sphereCenter": [-35.6526, 212.643, 46.5406], "sphereRadius": 46.9356, "stabilizedPalmPosition": [-3.1288, 207.244, 78.6108], "t": [-2.76601, -7.27301, 7.9072], "timeVisible": 3.41645, "type": "left", "wrist": [-32.3059, 206.959, 149.075]}], "id": 29424, "interactionBox": {"center": [0, 200, 0], "size": [235.247, 235.247, 147.751]}, "pointables": [{"bases": [[[-0.943683, 0.280175, 0.175969], [-0.137788, -0.816359, 0.560867], [0.300795, 0.505034, 0.808989]], [[-0.986481, 0.16383, -0.0038888], [-0.159292, -0.953043, 0.257556], [0.0384894, 0.254694, 0.966255]], [[-0.986481, 0.16383, -0.0038888], [-0.161516, -0.967982, 0.192157], [0.0277169, 0.190188, 0.981356]], [[-0.986481, 0.16383, -0.0038888], [-0.150822, -0.898362, 0.412551], [0.0640949, 0.40756, 0.910926]]], "btipPosition": [-32.0682, 158.302, 29.67], "carpPosition": [-36.3612, 186.558, 131.064], "dipPosition": [-33.5175, 167.517, 50.267], "direction": [0.0277169, -0.190188, -0.981356], "extended": true, "handId": 82, "id": 820, "length": 50.3516, "mcpPosition": [-36.3612, 186.558, 131.064], "pipPosition": [-34.4305, 173.782, 82.5939], "stabilizedTipPosition": [-33.1835, 167.667, 32.2804], "timeVisible": 3.41645, "tipPosition": [-32.8112, 164.179, 33.9765], "tipVelocity": [-9.29704, -16.8999, 5.81387], "tool": false, "touchDistance": 0.337623, "touchZone": "hovering", "type": 0, "width": 22.053}, {"bases": [[[-0.202977, 0.962422, -0.180401], [-0.950872, -0.149752, 0.270955], [0.233758, 0.226536, 0.945536]], [[-0.176528, 0.981266, -0.0771683], [-0.984, -0.177853, -0.0105857], [-0.024112, 0.0740649, 0.996962]], [[-0.176528, 0.981266, -0.0771683], [-0.984, -0.177853, -0.0105857], [-0.024112, 0.0740649, 0.996962]], [[-0.176528, 0.981266, -0.0771683], [-0.976078, -0.184625, -0.114828], [-0.126924, 0.0550518, 0.990384]]], "btipPosition": [0.484883, 169, -21.8652], "carpPosition": [-13.138, 191.46, 129.05], "dipPosition": [2.58003, 169.909, -5.51693], "direction": [-0.024112, -0.0740649, -0.996962], "extended": true, "handId": 82, "id": 821, "length": 56.8162, "mcpPosition": [4.14392, 174.712, 59.1456], "pipPosition": [3.14309, 171.638, 17.7641], "stabilizedTipPosition": [4.15727, 176.998, -19.4858], "timeVisible": 3.41645, "tipPosition": [3.29345, 171.56, -18.1222], "tipVelocity": [-15.2341, -21.4002, 1.20075], "tool": false, "touchDistance": 0.335657, "touchZone": "hovering", "type": 1, "width": 21.0651}, {"bases": [[[-0.00443507, 0.995512, -0.0945271], [-0.966136, 0.0201224, 0.257249], [0.257997, 0.0924669, 0.961711]], [[-0.0198976, 0.988176, -0.152025], [-0.487678, -0.142332, -0.861343], [-0.872797, 0.0570007, 0.484744]], [[-0.0198976, 0.988176, -0.152025], [0.845302, -0.0645739, -0.530372], [-0.533918, -0.13906, -0.834022]], [[-0.0198976, 0.988176, -0.152025], [0.990033, 0.0406783, 0.134833], [0.139423, -0.147827, -0.979137]]], "btipPosition": [-43.5821, 200.218, 77.4361], "carpPosition": [-8.88841, 202.851, 126.745], "dipPosition": [-46.1134, 197.534, 59.6592], "direction": [-0.533918, 0.13906, 0.834022], "extended": false, "handId": 82, "id": 822, "length": 64.7375, "mcpPosition": [9.19983, 196.368, 59.3194], "pipPosition": [-31.4448, 193.713, 36.7457], "stabilizedTipPosition": [-42.9139, 205.462, 72.0257], "timeVisible": 3.41645, "tipPosition": [-44.3084, 199.165, 70.0622], "tipVelocity": [-7.60646, -3.7872, -2.96206], "tool": false, "touchDistance": 0.333333, "touchZone": "none", "type": 2, "width": 20.6887}, {"bases": [[[0.106424, 0.993901, 0.0289051], [-0.955267, 0.0941333, 0.280364], [0.275933, -0.0574495, 0.959458]], [[0.0896862, 0.995557, -0.0286799], [-0.512117, 0.0213989, -0.858649], [-0.85422, 0.0916964, 0.511761]], [[0.0896862, 0.995557, -0.0286799], [0.853198, -0.0916536, -0.513471], [-0.513818, 0.0215816, -0.857628]], [[0.0896862, 0.995557, -0.0286799], [0.989504, -0.0857909, 0.116285], [0.113308, -0.038808, -0.992802]]], "btipPosition": [-38.9581, 214.803, 83.4124], "carpPosition": [-7.7471, 215.022, 125.024], "dipPosition": [-41.0035, 214.103, 65.491], "direction": [-0.513818, -0.0215816, 0.857628], "extended": false, "handId": 82, "id": 823, "length": 62.2468, "mcpPosition": [9.62218, 218.639, 64.6285], "pipPosition": [-27.2517, 214.68, 42.5375], "stabilizedTipPosition": [-38.4932, 219.932, 78.8242], "timeVisible": 3.41645, "tipPosition": [-42.0383, 214.253, 73.9564], "tipVelocity": [-3.10465, -3.73407, -3.27933], "tool": false, "touchDistance": 0.333333, "touchZone": "none", "type": 3, "width": 19.6866}, {"bases": [[[0.29401, 0.951264, 0.0930334], [-0.898929, 0.242127, 0.365104], [0.324784, -0.190975, 0.926307]], [[0.241568, 0.969197, -0.0479764], [-0.640403, 0.122082, -0.758274], [-0.72906, 0.213899, 0.650168]], [[0.241568, 0.969197, -0.0479764], [0.72855, -0.213802, -0.650772], [-0.640983, 0.122253, -0.757756]], [[0.241568, 0.969197, -0.0479764], [0.967814, -0.24423, -0.0607302], [-0.0705768, -0.0317617, -0.997001]]], "btipPosition": [-33.1178, 229.936, 78.5091], "carpPosition": [-13.8491, 227.897, 123.774], "dipPosition": [-31.9425, 229.408, 61.9059], "direction": [-0.640983, -0.122253, 0.757756], "extended": false, "handId": 82, "id": 824, "length": 48.8004, "mcpPosition": [5.07596, 239.025, 69.7979], "pipPosition": [-19.8301, 231.718, 47.5869], "stabilizedTipPosition": [-30.7722, 235.029, 75.0661], "timeVisible": 3.41645, "tipPosition": [-34.0967, 229.434, 71.5339], "tipVelocity": [2.38198, -4.06342, -2.42515], "tool": false, "touchDistance": 0.333333, "touchZone": "none", "type": 4, "width": 17.4872}], "r": [[0.717022, -0.629875, 0.298557], [0.691042, 0.698452, -0.18608], [-0.0913204, 0.339739, 0.936076]], "s": 1.43762, "t": [2.76601, -7.27301, 7.9072], "timestamp": 629718095392}, {"currentFrameRate": 55.3176, "devices": [], "gestures": [], "hands": [{"armBasis": [[0.336606, 0.774864, 0.535054], [-0.773369, -0.0966778, 0.626541], [0.537212, -0.624692, 0.566713]], "armWidth": 67.758, "confidence": 1, "direction": [0.401738, -0.0843198, -0.911864], "elbow": [-178.098, 37.5294, 302.836], "grabAngle": 2.73187, "grabStrength": 0, "id": 82, "palmNormal": [-0.904088, 0.121916, -0.409586], "palmPosition": [-4.4611, 201.801, 80.5115], "palmVelocity": [-1.41986, -5.99929, 1.1709], "palmWidth": 91.4365, "pinchDistance": 44.7386, "pinchStrength": 0.207904, "r": [[0.719052, -0.627537, 0.2986], [0.688819, 0.700537, -0.186483], [-0.0921557, 0.339772, 0.935982]], "s": 1.43793, "sphereCenter": [-35.5328, 212.485, 46.5219], "sphereRadius": 46.8681, "stabilizedPalmPosition": [-3.14022, 207.198, 78.627], "t": [-2.81533, -7.40111, 7.90485], "timeVisible": 3.43457, "type": "left", "wrist": [-32.3394, 207.024, 149.072]}], "id": 29425, "interactionBox": {"center": [0, 200, 0], "size": [235.247, 235.247, 147.751]}, "pointables": [{"bases": [[[-0.945665, 0.272453, 0.177443], [-0.130272, -0.817518, 0.560975], [0.297902, 0.507379, 0.808592]], [[-0.987782, 0.155825, -0.00230128], [-0.151104, -0.954033, 0.258822], [0.0381354, 0.256007, 0.965922]], [[-0.987782, 0.155825, -0.00230128], [-0.153291, -0.968845, 0.194527], [0.0280825, 0.192503, 0.980895]], [[-0.987782, 0.155825, -0.00230128], [-0.142495, -0.897108, 0.4182], [0.0631016, 0.413419, 0.908352]]], "btipPosition": [-32.3234, 158.173, 29.7306], "carpPosition": [-36.5882, 186.704, 131.034], "dipPosition": [-33.7502, 167.521, 50.2695], "direction": [0.0280825, -0.192503, -0.980895], "extended": true, "handId": 82, "id": 820, "length": 50.3516, "mcpPosition": [-36.5882, 186.704, 131.034], "pipPosition": [-34.6752, 173.862, 82.5812], "stabilizedTipPosition": [-33.1761, 167.566, 32.3103], "timeVisible": 3.43457, "tipPosition": [-33.0659, 164.245, 33.9577], "tipVelocity": [-13.7984, -5.3944, 2.61016], "tool": false, "touchDistance": 0.337904, "touchZone": "hovering", "type": 0, "width": 22.053}, {"bases": [[[-0.211091, 0.960755, -0.179971], [-0.949205, -0.157529, 0.272387], [0.233347, 0.228328, 0.945207]], [[-0.185002, 0.979626, -0.0781435], [-0.982467, -0.186233, -0.00869574], [-0.0230715, 0.0751647, 0.996904]], [[-0.185002, 0.979626, -0.0781435], [-0.982467, -0.186233, -0.00869574], [-0.0230715, 0.0751647, 0.996904]], [[-0.185002, 0.979626, -0.0781435], [-0.97455, -0.193123, -0.113825], [-0.126597, 0.0550969, 0.990423]]], "btipPosition": [0.342617, 168.753, -21.8312], "carpPosition": [-13.3227, 191.418, 129.056], "dipPosition": [2.43237, 169.662, -5.48225], "direction": [-0.0230715, -0.0751647, -0.996904], "extended": true, "handId": 82, "id": 821, "length": 56.8162, "mcpPosition": [3.92877, 174.537, 59.1765], "pipPosition": [2.97113, 171.417, 17.7974], "stabilizedTipPosition": [4.09964, 176.859, -19.4613], "timeVisible": 3.43457, "tipPosition": [3.15392, 171.383, -18.0927], "tipVelocity": [-7.92153, -13.6473, 1.88668], "tool": false, "touchDistance": 0.335937, "touchZone": "hovering", "type": 1, "width": 21.0651}, {"bases": [[[-0.0126947, 0.995454, -0.0943963], [-0.965874, 0.0122167, 0.258725], [0.258702, 0.0944593, 0.961328]], [[-0.0281847, 0.987998, -0.151871], [-0.489084, -0.146134, -0.859908], [-0.871781, 0.0500417, 0.487333]], [[-0.0281847, 0.987998, -0.151871], [0.843871, -0.0579208, -0.533411], [-0.535805, -0.143194, -0.832111]], [[-0.0281847, 0.987998, -0.151871], [0.990458, 0.0481067, 0.129146], [0.134902, -0.146782, -0.979927]]], "btipPosition": [-43.7078, 200.419, 77.3187], "carpPosition": [-8.97691, 202.773, 126.76], "dipPosition": [-46.157, 197.754, 59.5274], "direction": [-0.535805, 0.143194, 0.832111], "extended": false, "handId": 82, "id": 822, "length": 64.7375, "mcpPosition": [9.16078, 196.151, 59.3607], "pipPosition": [-31.4366, 193.82, 36.6665], "stabilizedTipPosition": [-42.9233, 205.423, 72.034], "timeVisible": 3.43457, "tipPosition": [-44.3387, 199.386, 70.0457], "tipVelocity": [-5.89602, 11.3573, -6.66172], "tool": false, "touchDistance": 0.333333, "touchZone": "none", "type": 2, "width": 20.6887}, {"bases": [[[0.0983618, 0.994732, 0.0288665], [-0.955573, 0.0863111, 0.281833], [0.277857, -0.0553057, 0.959029]], [[0.0815234, 0.996258, -0.0286927], [-0.514517, 0.0174119, -0.857304], [-0.853596, 0.0846532, 0.514011]], [[0.0815234, 0.996258, -0.0286927], [0.852352, -0.0846109, -0.516079], [-0.516576, 0.0176163, -0.85606]], [[0.0815234, 0.996258, -0.0286927], [0.990495, -0.0777845, 0.113446], [0.11079, -0.0376685, -0.99313]]], "btipPosition": [-38.9161, 214.971, 83.324], "carpPosition": [-7.73379, 214.935, 125.042], "dipPosition": [-40.916, 214.291, 65.3967], "direction": [-0.516576, -0.0176163, 0.85606], "extended": false, "handId": 82, "id": 823, "length": 62.2468, "mcpPosition": [9.75656, 218.417, 64.6733], "pipPosition": [-27.0904, 214.762, 42.4851], "stabilizedTipPosition": [-38.4965, 219.913, 78.8256], "timeVisible": 3.43457, "tipPosition": [-41.9409, 214.453, 73.9449], "tipVelocity": [2.8987, 9.50862, -4.95433], "tool": false, "touchDistance": 0.333333, "touchZone": "none", "type": 3, "width": 19.6866}, {"bases": [[[0.286387, 0.953619, 0.0927032], [-0.900315, 0.23475, 0.366505], [0.327744, -0.188424, 0.925786]], [[0.23357, 0.971141, -0.048265], [-0.642811, 0.116978, -0.75704], [-0.729547, 0.207847, 0.651583]], [[0.23357, 0.971141, -0.048265], [0.729035, -0.207754, -0.652186], [-0.643392, 0.117144, -0.756521]], [[0.23357, 0.971141, -0.048265], [0.969875, -0.236223, -0.0595146], [-0.0691984, -0.0329102, -0.99706]]], "btipPosition": [-32.8641, 230.073, 78.4787], "carpPosition": [-13.7288, 227.859, 123.784], "dipPosition": [-31.7118, 229.525, 61.8746], "direction": [-0.643392, -0.117144, 0.756521], "extended": false, "handId": 82, "id": 824, "length": 48.8004, "mcpPosition": [5.3688, 238.839, 69.8382], "pipPosition": [-19.5539, 231.738, 47.5789], "stabilizedTipPosition": [-30.7871, 234.987, 75.0628], "timeVisible": 3.43457, "tipPosition": [-33.88, 229.568, 71.5216], "tipVelocity": [13.7096, 7.27353, -1.68701], "tool": false, "touchDistance": 0.333333, "touchZone": "none", "type": 4, "width": 17.4872}], "r": [[0.719052, -0.627537, 0.2986], [0.688819, 0.700537, -0.186483], [-0.0921557, 0.339772, 0.935982]], "s": 1.43793, "t": [2.81533, -7.40111, 7.90485], "timestamp": 629718113508}, {"currentFrameRate": 55.3153, "devices": [], "gestures": [], "hands": [{"armBasis": [[0.334754, 0.77495, 0.536089], [-0.773891, -0.0984862, 0.625614], [0.537617, -0.624302, 0.566759]], "armWidth": 67.758, "confidence": 1, "direction": [0.400932, -0.0850018, -0.912156], "elbow": [-178.185, 37.5623, 302.859], "grabAngle": 2.73034, "grabStrength": 0, "id": 82, "palmNormal": [-0.904109, 0.123906, -0.408942], "palmPosition": [-4.50075, 201.69, 80.5029], "palmVelocity": [-2.19236, -6.12409, -0.471485], "palmWidth": 91.4365, "pinchDistance": 45.1506, "pinchStrength": 0.207609, "r": [[0.720894, -0.625368, 0.298709], [0.686764, 0.702498, -0.186684], [-0.0930964, 0.339723, 0.935907]], "s": 1.43834, "sphereCenter": [-35.545, 212.217, 46.5376], "sphereRadius": 46.821, "stabilizedPalmPosition": [-3.15206, 207.15, 78.6434], "t": [-2.85981, -7.52053, 7.89942], "timeVisible": 3.45266, "type": "left", "wrist": [-32.3161, 206.951, 149.084]}], "id": 29426, "interactionBox": {"center": [0, 200, 0], "size": [235.247, 235.247, 147.751]}, "pointables": [{"bases": [[[-0.946362, 0.270417, 0.176843], [-0.128926, -0.817896, 0.560735], [0.296271, 0.507859, 0.80889]], [[-0.988105, 0.153751, -0.00292467], [-0.149253, -0.954269, 0.259027], [0.0370348, 0.256382, 0.965866]], [[-0.988105, 0.153751, -0.00292467], [-0.151334, -0.968838, 0.196088], [0.0273152, 0.194198, 0.980582]], [[-0.988105, 0.153751, -0.00292467], [-0.14077, -0.896696, 0.419666], [0.0619017, 0.415086, 0.907674]]], "btipPosition": [-32.4678, 158.009, 29.7699], "carpPosition": [-36.625, 186.652, 131.045], "dipPosition": [-33.8675, 167.395, 50.2934], "direction": [0.0273152, -0.194198, -0.980582], "extended": true, "handId": 82, "id": 820, "length": 50.3516, "mcpPosition": [-36.625, 186.652, 131.045], "pipPosition": [-34.7673, 173.792, 82.5948], "stabilizedTipPosition": [-33.1709, 167.464, 32.3401], "timeVisible": 3.45266, "tipPosition": [-33.2137, 164.172, 33.9662], "tipVelocity": [-7.64146, -8.60802, 1.9747], "tool": false, "touchDistance": 0.337982, "touchZone": "hovering", "type": 0, "width": 22.053}, {"bases": [[[-0.213002, 0.960339, -0.17994], [-0.949056, -0.15959, 0.271705], [0.232213, 0.228647, 0.945409]], [[-0.187221, 0.979149, -0.0788399], [-0.98207, -0.188372, -0.00735953], [-0.0220573, 0.0760484, 0.99686]], [[-0.187221, 0.979149, -0.0788399], [-0.98207, -0.188372, -0.00735953], [-0.0220573, 0.0760484, 0.99686]], [[-0.187221, 0.979149, -0.0788399], [-0.97437, -0.195296, -0.111637], [-0.124706, 0.0559184, 0.990617]]], "btipPosition": [0.32753, 168.557, -21.8509], "carpPosition": [-13.3509, 191.317, 129.052], "dipPosition": [2.38607, 169.48, -5.49868], "direction": [-0.0220573, -0.0760484, -0.99686], "extended": true, "handId": 82, "id": 821, "length": 56.8162, "mcpPosition": [3.81669, 174.413, 59.1572], "pipPosition": [2.90115, 171.256, 17.7799], "stabilizedTipPosition": [4.04406, 176.723, -19.4382], "timeVisible": 3.45266, "tipPosition": [2.95638, 171.245, -18.1117], "tipVelocity": [-1.23113, -10.6314, -1.04493], "tool": false, "touchDistance": 0.335393, "touchZone": "hovering", "type": 1, "width": 21.0651}, {"bases": [[[-0.0147381, 0.995442, -0.0942223], [-0.966075, 0.0101233, 0.258063], [0.257841, 0.0948292, 0.961523]], [[-0.0301728, 0.987964, -0.15171], [-0.489478, -0.146939, -0.859547], [-0.871494, 0.0483235, 0.48802]], [[-0.0301728, 0.987964, -0.15171], [0.843104, -0.0563722, -0.534788], [-0.536904, -0.144043, -0.831256]], [[-0.0301728, 0.987964, -0.15171], [0.990872, 0.0495151, 0.125383], [0.131386, -0.146542, -0.98044]]], "btipPosition": [-43.8546, 200.382, 77.2536], "carpPosition": [-8.98271, 202.663, 126.754], "dipPosition": [-46.24, 197.722, 59.453], "direction": [-0.536904, 0.144043, 0.831256], "extended": false, "handId": 82, "id": 822, "length": 64.7375, "mcpPosition": [9.09459, 196.015, 59.3418], "pipPosition": [-31.4894, 193.765, 36.6155], "stabilizedTipPosition": [-42.9334, 205.385, 72.0417], "timeVisible": 3.45266, "tipPosition": [-44.3906, 199.365, 70.0888], "tipVelocity": [-7.30582, -1.97477, -3.71725], "tool": false, "touchDistance": 0.333333, "touchZone": "none", "type": 2, "width": 20.6887}, {"bases": [[[0.096235, 0.994933, 0.0291166], [-0.955948, 0.0842351, 0.281192], [0.277314, -0.0548944, 0.95921]], [[0.0794329, 0.996434, -0.0284538], [-0.51492, 0.0165735, -0.857078], [-0.85355, 0.0827317, 0.5144]], [[0.0794329, 0.996434, -0.0284538], [0.852205, -0.0826882, -0.516633], [-0.517143, 0.0167892, -0.855734]], [[0.0794329, 0.996434, -0.0284538], [0.990732, -0.0757591, 0.112739], [0.110182, -0.0371453, -0.993217]]], "btipPosition": [-38.9556, 214.929, 83.2848], "carpPosition": [-7.71501, 214.823, 125.038], "dipPosition": [-40.9446, 214.258, 65.3559], "direction": [-0.517143, -0.0167892, 0.855734], "extended": false, "handId": 82, "id": 823, "length": 62.2468, "mcpPosition": [9.74118, 218.279, 64.658], "pipPosition": [-27.1037, 214.707, 42.4531], "stabilizedTipPosition": [-38.4997, 219.894, 78.8268], "timeVisible": 3.45266, "tipPosition": [-41.9476, 214.425, 73.986], "tipVelocity": [-2.04746, -2.22095, -2.1876], "tool": false, "touchDistance": 0.333333, "touchZone": "none", "type": 3, "width": 19.6866}, {"bases": [[[0.284303, 0.954206, 0.0930751], [-0.901061, 0.232775, 0.365929], [0.327506, -0.187901, 0.925977]], [[0.231519, 0.971646, -0.0479939], [-0.642996, 0.115815, -0.757062], [-0.730038, 0.206134, 0.651578]], [[0.231519, 0.971646, -0.0479939], [0.729526, -0.206042, -0.65218], [-0.643577, 0.115979, -0.756543]], [[0.231519, 0.971646, -0.0479939], [0.970601, -0.234045, -0.0561844], [-0.0658241, -0.0335752, -0.997266]]], "btipPosition": [-32.7968, 230.035, 78.4743], "carpPosition": [-13.6835, 227.76, 123.786], "dipPosition": [-31.7006, 229.475, 61.8667], "direction": [-0.643577, -0.115979, 0.756543], "extended": false, "handId": 82, "id": 824, "length": 48.8004, "mcpPosition": [5.40023, 238.709, 69.8298], "pipPosition": [-19.5392, 231.667, 47.5706], "stabilizedTipPosition": [-30.8025, 234.943, 75.0593], "timeVisible": 3.45266, "tipPosition": [-33.863, 229.522, 71.5477], "tipVelocity": [3.01004, -2.24671, -0.290472], "tool": false, "touchDistance": 0.333333, "touchZone": "none", "type": 4, "width": 17.4872}], "r": [[0.720894, -0.625368, 0.298709], [0.686764, 0.702498, -0.186684], [-0.0930964, 0.339723, 0.935907]], "s": 1.43834, "t": [2.85981, -7.52053, 7.89942], "timestamp": 629718131594}, {"currentFrameRate": 55.3135, "devices": [], "gestures": [], "hands": [{"armBasis": [[0.333931, 0.774762, 0.536875], [-0.774352, -0.0992854, 0.624917], [0.537466, -0.624409, 0.566784]], "armWidth": 67.758, "confidence": 1, "direction": [0.399991, -0.085492, -0.912523], "elbow": [-178.11, 37.4436, 302.875], "grabAngle": 2.72961, "grabStrength": 0, "id": 82, "palmNormal": [-0.904354, 0.124862, -0.408108], "palmPosition": [-4.53806, 201.576, 80.4891], "palmVelocity": [-2.06301, -6.30915, -0.766333], "palmWidth": 91.4365, "pinchDistance": 45.706, "pinchStrength": 0.206332, "r": [[0.722442, -0.623468, 0.298938], [0.684998, 0.704209, -0.186727], [-0.0940966, 0.339672, 0.935825]], "s": 1.43899, "sphereCenter": [-35.5498, 211.839, 46.5586], "sphereRadius": 46.7636, "stabilizedPalmPosition": [-3.16422, 207.101, 78.6596], "t": [-2.90071, -7.6373, 7.88977], "timeVisible": 3.47074, "type": "left", "wrist": [-32.2825, 206.861, 149.093]}], "id": 29427, "interactionBox": {"center": [0, 200, 0], "size": [235.247, 235.247, 147.751]}, "pointables": [{"bases": [[[-0.946819, 0.269401, 0.175946], [-0.12856, -0.818002, 0.560665], [0.294968, 0.508229, 0.809134]], [[-0.988263, 0.152715, -0.00379849], [-0.148445, -0.954161, 0.259887], [0.0360644, 0.257401, 0.965632]], [[-0.988263, 0.152715, -0.00379849], [-0.150436, -0.968587, 0.198013], [0.0265605, 0.19626, 0.980192]], [[-0.988263, 0.152715, -0.00379849], [-0.140012, -0.895549, 0.42236], [0.0610992, 0.417934, 0.90642]]], "btipPosition": [-32.5661, 157.749, 29.8397], "carpPosition": [-36.6316, 186.576, 131.062], "dipPosition": [-33.9476, 167.199, 50.3349], "direction": [0.0265605, -0.19626, -0.980192], "extended": true, "handId": 82, "id": 820, "length": 50.3516, "mcpPosition": [-36.6316, 186.576, 131.062], "pipPosition": [-34.8225, 173.664, 82.6235], "stabilizedTipPosition": [-33.167, 167.362, 32.3703], "timeVisible": 3.47074, "tipPosition": [-33.3299, 164.04, 33.9877], "tipVelocity": [-5.20336, -13.5366, 3.50227], "tool": false, "touchDistance": 0.338468, "touchZone": "hovering", "type": 0, "width": 22.053}, {"bases": [[[-0.213876, 0.960097, -0.180197], [-0.949135, -0.160603, 0.270833], [0.231085, 0.228956, 0.94561]], [[-0.188472, 0.978809, -0.0800693], [-0.981861, -0.189517, -0.00559844], [-0.0206543, 0.0775618, 0.996774]], [[-0.188472, 0.978809, -0.0800693], [-0.981861, -0.189517, -0.00559844], [-0.0206543, 0.0775618, 0.996774]], [[-0.188472, 0.978809, -0.0800693], [-0.974537, -0.196486, -0.108028], [-0.121471, 0.0576703, 0.990918]]], "btipPosition": [0.385168, 168.306, -21.8701], "carpPosition": [-13.3543, 191.215, 129.047], "dipPosition": [2.3903, 169.258, -5.51297], "direction": [-0.0206543, -0.0775618, -0.996774], "extended": true, "handId": 82, "id": 821, "length": 56.8162, "mcpPosition": [3.72993, 174.288, 59.1373], "pipPosition": [2.87262, 171.069, 17.7636], "stabilizedTipPosition": [3.99057, 176.586, -19.4159], "timeVisible": 3.47074, "tipPosition": [2.76336, 171.075, -18.1302], "tipVelocity": [2.50793, -13.5377, -1.002], "tool": false, "touchDistance": 0.334916, "touchZone": "hovering", "type": 1, "width": 21.0651}, {"bases": [[[-0.0157305, 0.99542, -0.0942973], [-0.966325, 0.00909078, 0.257164], [0.256843, 0.0951672, 0.961756]], [[-0.0311035, 0.987922, -0.151798], [-0.489245, -0.147482, -0.859586], [-0.871592, 0.0475304, 0.487923]], [[-0.0311035, 0.987922, -0.151798], [0.842533, -0.0557936, -0.535747], [-0.537746, -0.144559, -0.830622]], [[-0.0311035, 0.987922, -0.151798], [0.99105, 0.0502072, 0.123688], [0.129815, -0.146593, -0.980642]]], "btipPosition": [-43.974, 200.304, 77.2182], "carpPosition": [-8.97595, 202.557, 126.745], "dipPosition": [-46.3308, 197.643, 59.414], "direction": [-0.537746, 0.144559, 0.830622], "extended": false, "handId": 82, "id": 822, "length": 64.7375, "mcpPosition": [9.03143, 195.885, 59.3156], "pipPosition": [-31.5571, 193.671, 36.5939], "stabilizedTipPosition": [-42.9451, 205.343, 72.0497], "timeVisible": 3.47074, "tipPosition": [-44.4406, 199.296, 70.1301], "tipVelocity": [-6.23782, -4.32995, -2.00209], "tool": false, "touchDistance": 0.333333, "touchZone": "none", "type": 2, "width": 20.6887}, {"bases": [[[0.0951284, 0.995038, 0.0291448], [-0.956299, 0.0832149, 0.280297], [0.276481, -0.0545354, 0.959471]], [[0.0783783, 0.996518, -0.0284414], [-0.514406, 0.0159884, -0.857398], [-0.853957, 0.0818317, 0.513868]], [[0.0783783, 0.996518, -0.0284414], [0.852368, -0.0817821, -0.516508], [-0.517035, 0.0162404, -0.85581]], [[0.0783783, 0.996518, -0.0284414], [0.990788, -0.0747038, 0.112953], [0.110435, -0.0370324, -0.993193]]], "btipPosition": [-38.9998, 214.85, 83.2813], "carpPosition": [-7.69665, 214.715, 125.026], "dipPosition": [-40.9933, 214.181, 65.3528], "direction": [-0.517035, -0.0162404, 0.85581], "extended": false, "handId": 82, "id": 823, "length": 62.2468, "mcpPosition": [9.70712, 218.148, 64.6299], "pipPosition": [-27.1554, 214.616, 42.4479], "stabilizedTipPosition": [-38.5042, 219.87, 78.8283], "timeVisible": 3.47074, "tipPosition": [-41.9721, 214.351, 74.0165], "tipVelocity": [-2.49958, -4.3439, -0.190999], "tool": false, "touchDistance": 0.333333, "touchZone": "none", "type": 3, "width": 19.6866}, {"bases": [[[0.283181, 0.954519, 0.0932806], [-0.901653, 0.231819, 0.365077], [0.326849, -0.187489, 0.926292]], [[0.230523, 0.971892, -0.0478036], [-0.64218, 0.115042, -0.757872], [-0.73107, 0.205405, 0.65065]], [[0.230523, 0.971892, -0.0478036], [0.730559, -0.205314, -0.651253], [-0.642762, 0.115205, -0.757354]], [[0.230523, 0.971892, -0.0478036], [0.971214, -0.232836, -0.0503023], [-0.0600188, -0.0348317, -0.997589]]], "btipPosition": [-32.7271, 229.969, 78.5013], "carpPosition": [-13.6522, 227.658, 123.779], "dipPosition": [-31.7276, 229.389, 61.8883], "direction": [-0.642762, -0.115205, 0.757354], "extended": false, "handId": 82, "id": 824, "length": 48.8004, "mcpPosition": [5.39315, 238.583, 69.8044], "pipPosition": [-19.5816, 231.566, 47.577], "stabilizedTipPosition": [-30.8173, 234.898, 75.056], "timeVisible": 3.47074, "tipPosition": [-33.8726, 229.441, 71.5725], "tipVelocity": [2.62575, -3.86395, 1.42798], "tool": false, "touchDistance": 0.333333, "touchZone": "none", "type": 4, "width": 17.4872}], "r": [[0.722442, -0.623468, 0.298938], [0.684998, 0.704209, -0.186727], [-0.0940966, 0.339672, 0.935825]], "s": 1.43899, "t": [2.90071, -7.6373, 7.88977], "timestamp": 629718149679}, {"currentFrameRate": 55.1951, "devices": [], "gestures": [], "hands": [{"armBasis": [[0.335127, 0.77465, 0.536291], [-0.774339, -0.097811, 0.625166], [0.53674, -0.624781, 0.567062]], "armWidth": 67.758, "confidence": 1, "direction": [0.400617, -0.0858021, -0.912219], "elbow": [-177.954, 37.2535, 302.906], "grabAngle": 2.72963, "grabStrength": 0, "id": 82, "palmNormal": [-0.904276, 0.123378, -0.408733], "palmPosition": [-4.53626, 201.463, 80.4635], "palmVelocity": [0.0973325, -6.08638, -1.37968], "palmWidth": 91.4365, "pinchDistance": 45.6909, "pinchStrength": 0.206239, "r": [[0.723557, -0.622073, 0.299149], [0.683736, 0.705371, -0.186964], [-0.0947061, 0.339818, 0.935711]], "s": 1.43952, "sphereCenter": [-35.5379, 211.527, 46.5097], "sphereRadius": 46.7369, "stabilizedPalmPosition": [-3.17631, 207.051, 78.6755], "t": [-2.92026, -7.75206, 7.87216], "timeVisible": 3.48927, "type": "left", "wrist": [-32.3234, 206.772, 149.048]}], "id": 29428, "interactionBox": {"center": [0, 200, 0], "size": [235.247, 235.247, 147.751]}, "pointables": [{"bases": [[[-0.946383, 0.270733, 0.176246], [-0.129257, -0.817345, 0.561462], [0.29606, 0.508578, 0.808516]], [[-0.988073, 0.153952, -0.00335347], [-0.149477, -0.953661, 0.261129], [0.0370033, 0.258515, 0.965298]], [[-0.988073, 0.153952, -0.00335347], [-0.151496, -0.96794, 0.200353], [0.0275988, 0.198471, 0.979718]], [[-0.988073, 0.153952, -0.00335347], [-0.140958, -0.89548, 0.422192], [0.0619945, 0.417629, 0.9065]]], "btipPosition": [-32.4729, 157.52, 29.8397], "carpPosition": [-36.64, 186.468, 131.031], "dipPosition": [-33.8746, 166.963, 50.3367], "direction": [0.0275988, -0.198471, -0.979718], "extended": true, "handId": 82, "id": 820, "length": 50.3516, "mcpPosition": [-36.64, 186.468, 131.031], "pipPosition": [-34.7838, 173.501, 82.6096], "stabilizedTipPosition": [-33.1617, 167.252, 32.4014], "timeVisible": 3.48927, "tipPosition": [-33.2536, 163.838, 33.9807], "tipVelocity": [4.7797, -12.4848, 0.0209662], "tool": false, "touchDistance": 0.33796, "touchZone": "hovering", "type": 0, "width": 22.053}, {"bases": [[[-0.212786, 0.960202, -0.180925], [-0.949179, -0.159184, 0.271514], [0.231908, 0.229505, 0.945276]], [[-0.187567, 0.978837, -0.0818362], [-0.982046, -0.188581, -0.00477443], [-0.0201061, 0.0794714, 0.996634]], [[-0.187567, 0.978837, -0.0818362], [-0.982046, -0.188581, -0.00477443], [-0.0201061, 0.0794714, 0.996634]], [[-0.187567, 0.978837, -0.0818362], [-0.974911, -0.195685, -0.106095], [-0.119864, 0.0598831, 0.990983]]], "btipPosition": [0.495102, 168.024, -21.8588], "carpPosition": [-13.3673, 191.134, 129.025], "dipPosition": [2.47371, 169.012, -5.50064], "direction": [-0.0201061, -0.0794714, -0.996634], "extended": true, "handId": 82, "id": 821, "length": 56.8162, "mcpPosition": [3.77778, 174.167, 59.1407], "pipPosition": [2.94323, 170.868, 17.7727], "stabilizedTipPosition": [3.93818, 176.442, -19.3932], "timeVisible": 3.48927, "tipPosition": [2.84902, 170.87, -18.1244], "tipVelocity": [5.60438, -14.7528, 0.621721], "tool": false, "touchDistance": 0.33493, "touchZone": "hovering", "type": 1, "width": 21.0651}, {"bases": [[[-0.0145477, 0.995355, -0.0951696], [-0.966166, 0.010519, 0.257705], [0.257509, 0.0956987, 0.961525]], [[-0.0299628, 0.987825, -0.152655], [-0.490579, -0.147597, -0.858806], [-0.870881, 0.0491573, 0.489029]], [[-0.0299628, 0.987825, -0.152655], [0.841516, -0.0574867, -0.537165], [-0.539401, -0.144557, -0.829548]], [[-0.0299628, 0.987825, -0.152655], [0.991493, 0.0487259, 0.120695], [0.126664, -0.14774, -0.980882]]], "btipPosition": [-44.0226, 200.135, 77.1288], "carpPosition": [-9.0017, 202.48, 126.716], "dipPosition": [-46.3223, 197.452, 59.3202], "direction": [-0.539401, 0.144557, 0.829548], "extended": false, "handId": 82, "id": 822, "length": 64.7375, "mcpPosition": [9.05235, 195.77, 59.3028], "pipPosition": [-31.5031, 193.481, 36.5296], "stabilizedTipPosition": [-42.9568, 205.3, 72.0569], "timeVisible": 3.48927, "tipPosition": [-44.4305, 199.126, 70.0961], "tipVelocity": [-1.91737, -9.41309, -4.88178], "tool": false, "touchDistance": 0.333333, "touchZone": "none", "type": 2, "width": 20.6887}, {"bases": [[[0.0963809, 0.994945, 0.0282098], [-0.956036, 0.0846511, 0.280767], [0.27696, -0.0540301, 0.959361]], [[0.0795998, 0.996394, -0.0293681], [-0.515286, 0.0159093, -0.856871], [-0.853314, 0.0833397, 0.514694]], [[0.0795998, 0.996394, -0.0293681], [0.851929, -0.0832967, -0.516991], [-0.517573, 0.0161328, -0.855487]], [[0.0795998, 0.996394, -0.0293681], [0.990833, -0.0758608, 0.111782], [0.109151, -0.0379967, -0.993299]]], "btipPosition": [-39.0193, 214.696, 83.2067], "carpPosition": [-7.73653, 214.638, 124.987], "dipPosition": [-40.9897, 214.01, 65.2764], "direction": [-0.517573, -0.0161328, 0.855487], "extended": false, "handId": 82, "id": 823, "length": 62.2468, "mcpPosition": [9.69736, 218.039, 64.5978], "pipPosition": [-27.1374, 214.442, 42.3801], "stabilizedTipPosition": [-38.509, 219.844, 78.8296], "timeVisible": 3.48927, "tipPosition": [-41.9795, 214.187, 73.9644], "tipVelocity": [-0.768074, -8.52373, -4.04554], "tool": false, "touchDistance": 0.333333, "touchZone": "none", "type": 3, "width": 19.6866}, {"bases": [[[0.284419, 0.954249, 0.0922746], [-0.901157, 0.233263, 0.365384], [0.327143, -0.187076, 0.926272]], [[0.231706, 0.971562, -0.0487867], [-0.642411, 0.115162, -0.757658], [-0.730493, 0.206895, 0.650826]], [[0.231706, 0.971562, -0.0487867], [0.729981, -0.206803, -0.651429], [-0.642993, 0.115327, -0.757139]], [[0.231706, 0.971562, -0.0487867], [0.971149, -0.233933, -0.0463127], [-0.0564085, -0.0366482, -0.997735]]], "btipPosition": [-32.6897, 229.837, 78.441], "carpPosition": [-13.7075, 227.573, 123.725], "dipPosition": [-31.7503, 229.226, 61.8256], "direction": [-0.642993, -0.115327, 0.757139], "extended": false, "handId": 82, "id": 824, "length": 48.8004, "mcpPosition": [5.35506, 238.474, 69.7517], "pipPosition": [-19.6, 231.406, 47.5183], "stabilizedTipPosition": [-30.8314, 234.854, 75.0522], "timeVisible": 3.48927, "tipPosition": [-33.8951, 229.286, 71.5171], "tipVelocity": [1.27216, -7.54592, -3.28632], "tool": false, "touchDistance": 0.333333, "touchZone": "none", "type": 4, "width": 17.4872}], "r": [[0.723557, -0.622073, 0.299149], [0.683736, 0.705371, -0.186964], [-0.0947061, 0.339818, 0.935711]], "s": 1.43952, "t": [2.92026, -7.75206, 7.87216], "timestamp": 629718168206}, {"currentFrameRate": 55.3345, "devices": [], "gestures": [], "hands": [{"armBasis": [[0.33741, 0.774499, 0.535076], [-0.774232, -0.0950037, 0.625731], [0.535462, -0.625401, 0.567587]], "armWidth": 67.758, "confidence": 1, "direction": [0.401352, -0.0865435, -0.911826], "elbow": [-177.673, 37.0835, 303.053], "grabAngle": 2.73054, "grabStrength": 0, "id": 82, "palmNormal": [-0.9043, 0.120659, -0.409491], "palmPosition": [-4.5506, 201.407, 80.4961], "palmVelocity": [-0.815201, -3.22387, 1.85058], "palmWidth": 91.4365, "pinchDistance": 45.3295, "pinchStrength": 0.206723, "r": [[0.72421, -0.621167, 0.299453], [0.683014, 0.705932, -0.187487], [-0.0949329, 0.34031, 0.935509]], "s": 1.43977, "sphereCenter": [-35.5861, 211.279, 46.5093], "sphereRadius": 46.7187, "stabilizedPalmPosition": [-3.18628, 207.01, 78.6887], "t": [-2.9372, -7.8378, 7.87964], "timeVisible": 3.50686, "type": "left", "wrist": [-32.3889, 206.77, 149.053]}], "id": 29429, "interactionBox": {"center": [0, 200, 0], "size": [235.247, 235.247, 147.751]}, "pointables": [{"bases": [[[-0.945679, 0.273128, 0.176328], [-0.130718, -0.816058, 0.562994], [0.297663, 0.509363, 0.807432]], [[-0.987734, 0.156119, -0.00304125], [-0.151419, -0.952877, 0.262866], [0.0381404, 0.260102, 0.964828]], [[-0.987734, 0.156119, -0.00304125], [-0.153463, -0.966966, 0.203532], [0.0288344, 0.201502, 0.979064]], [[-0.987734, 0.156119, -0.00304125], [-0.142811, -0.895319, 0.42191], [0.0631452, 0.417169, 0.906633]]], "btipPosition": [-32.3607, 157.313, 29.9219], "carpPosition": [-36.6516, 186.431, 131.071], "dipPosition": [-33.7885, 166.746, 50.4219], "direction": [0.0288344, -0.201502, -0.979064], "extended": true, "handId": 82, "id": 820, "length": 50.3516, "mcpPosition": [-36.6516, 186.431, 131.071], "pipPosition": [-34.7384, 173.384, 82.6733], "stabilizedTipPosition": [-33.1556, 167.153, 32.4301], "timeVisible": 3.50686, "tipPosition": [-33.1568, 163.632, 34.0637], "tipVelocity": [6.03482, -11.8688, 4.7125], "tool": false, "touchDistance": 0.338741, "touchZone": "hovering", "type": 0, "width": 22.053}, {"bases": [[[-0.210782, 0.960345, -0.182508], [-0.949364, -0.15661, 0.272363], [0.23298, 0.230676, 0.944727]], [[-0.185743, 0.978956, -0.0845295], [-0.982368, -0.186872, -0.00558375], [-0.0212625, 0.082002, 0.996405]], [[-0.185743, 0.978956, -0.0845295], [-0.982368, -0.186872, -0.00558375], [-0.0212625, 0.082002, 0.996405]], [[-0.185743, 0.978956, -0.0845295], [-0.974924, -0.194339, -0.108418], [-0.122564, 0.0622719, 0.990505]]], "btipPosition": [0.434033, 167.744, -21.7499], "carpPosition": [-13.3881, 191.145, 129.071], "dipPosition": [2.45721, 168.772, -5.39961], "direction": [-0.0212625, -0.082002, -0.996405], "extended": true, "handId": 82, "id": 821, "length": 56.8162, "mcpPosition": [3.83628, 174.091, 59.2268], "pipPosition": [2.95373, 170.687, 17.8684], "stabilizedTipPosition": [3.89214, 176.314, -19.3719], "timeVisible": 3.50686, "tipPosition": [2.93711, 170.623, -18.0323], "tipVelocity": [-2.88903, -15.3918, 6.08832], "tool": false, "touchDistance": 0.336377, "touchZone": "hovering", "type": 1, "width": 21.0651}, {"bases": [[[-0.0124149, 0.995213, -0.0969336], [-0.965986, 0.0131045, 0.258262], [0.258296, 0.0968428, 0.961199]], [[-0.027881, 0.987615, -0.154397], [-0.492291, -0.147993, -0.857757], [-0.869984, 0.0520929, 0.49032]], [[-0.027881, 0.987615, -0.154397], [0.84073, -0.0603848, -0.538077], [-0.540737, -0.144808, -0.828634]], [[-0.027881, 0.987615, -0.154397], [0.991943, 0.0464303, 0.117871], [0.12358, -0.149866, -0.980953]]], "btipPosition": [-44.0627, 199.979, 77.0956], "carpPosition": [-9.04604, 202.495, 126.744], "dipPosition": [-46.3064, 197.258, 59.2858], "direction": [-0.540737, 0.144808, 0.828634], "extended": false, "handId": 82, "id": 822, "length": 64.7375, "mcpPosition": [9.06321, 195.706, 59.3537], "pipPosition": [-31.4504, 193.28, 36.5203], "stabilizedTipPosition": [-42.9691, 205.255, 72.064], "timeVisible": 3.50686, "tipPosition": [-44.4338, 198.964, 70.1188], "tipVelocity": [-1.54581, -9.3532, -1.90005], "tool": false, "touchDistance": 0.333333, "touchZone": "none", "type": 2, "width": 20.6887}, {"bases": [[[0.0985866, 0.994779, 0.0263801], [-0.955678, 0.0872549, 0.281186], [0.277416, -0.0529321, 0.959291]], [[0.0817742, 0.996163, -0.0311903], [-0.516279, 0.0155704, -0.856279], [-0.852508, 0.0861244, 0.515571]], [[0.0817742, 0.996163, -0.0311903], [0.851776, -0.0861023, -0.516783], [-0.517486, 0.0156924, -0.855548]], [[0.0817742, 0.996163, -0.0311903], [0.990758, -0.0778526, 0.111079], [0.108224, -0.0399854, -0.993322]]], "btipPosition": [-39.0403, 214.569, 83.1825], "carpPosition": [-7.80658, 214.653, 124.994], "dipPosition": [-40.9939, 213.848, 65.2517], "direction": [-0.517485, -0.0156924, 0.855548], "extended": false, "handId": 82, "id": 823, "length": 62.2468, "mcpPosition": [9.65604, 217.985, 64.6093], "pipPosition": [-27.1439, 214.268, 42.3538], "stabilizedTipPosition": [-38.5145, 219.813, 78.8309], "timeVisible": 3.50686, "tipPosition": [-42.013, 214.037, 73.9616], "tipVelocity": [-0.970024, -7.64406, -1.38436], "tool": false, "touchDistance": 0.333333, "touchZone": "none", "type": 3, "width": 19.6866}, {"bases": [[[0.286573, 0.953783, 0.0904051], [-0.900422, 0.235896, 0.365505], [0.327287, -0.186147, 0.926409]], [[0.2338, 0.970963, -0.0506898], [-0.642845, 0.115258, -0.757275], [-0.729444, 0.209637, 0.651126]], [[0.2338, 0.970963, -0.0506898], [0.728931, -0.209545, -0.651729], [-0.643426, 0.115425, -0.756757]], [[0.2338, 0.970963, -0.0506898], [0.970761, -0.236034, -0.0437239], [-0.0544188, -0.038985, -0.997757]]], "btipPosition": [-32.7182, 229.726, 78.3965], "carpPosition": [-13.8052, 227.573, 123.706], "dipPosition": [-31.812, 229.077, 61.7807], "direction": [-0.643426, -0.115425, 0.756757], "extended": false, "handId": 82, "id": 824, "length": 48.8004, "mcpPosition": [5.2657, 238.419, 69.7243], "pipPosition": [-19.6535, 231.258, 47.4806], "stabilizedTipPosition": [-30.8448, 234.812, 75.0484], "timeVisible": 3.50686, "tipPosition": [-33.9614, 229.149, 71.4907], "tipVelocity": [-2.05661, -6.80509, -2.53754], "tool": false, "touchDistance": 0.333333, "touchZone": "none", "type": 4, "width": 17.4872}], "r": [[0.72421, -0.621167, 0.299453], [0.683014, 0.705932, -0.187487], [-0.0949329, 0.34031, 0.935509]], "s": 1.43977, "t": [2.9372, -7.8378, 7.87964], "timestamp": 629718185796}, {"currentFrameRate": 55.3358, "devices": [], "gestures": [], "hands": [{"armBasis": [[0.334073, 0.774265, 0.537503], [-0.776165, -0.0975565, 0.622937], [0.534755, -0.625297, 0.568366]], "armWidth": 67.758, "confidence": 1, "direction": [0.402359, -0.0879502, -0.911248], "elbow": [-177.523, 37.1313, 303.265], "grabAngle": 2.73048, "grabStrength": 0, "id": 82, "palmNormal": [-0.903395, 0.123066, -0.41077], "palmPosition": [-4.55078, 201.346, 80.5191], "palmVelocity": [-0.00975479, -3.33483, 1.27575], "palmWidth": 91.4365, "pinchDistance": 45.2088, "pinchStrength": 0.206561, "r": [[0.725161, -0.620017, 0.299534], [0.681988, 0.706751, -0.188136], [-0.0950488, 0.340708, 0.935352]], "s": 1.4399, "sphereCenter": [-35.5364, 211.196, 46.4872], "sphereRadius": 46.6972, "stabilizedPalmPosition": [-3.19596, 206.97, 78.7016], "t": [-2.94576, -7.91079, 7.8949], "timeVisible": 3.52492, "type": "left", "wrist": [-32.4304, 206.79, 149.053]}], "id": 29430, "interactionBox": {"center": [0, 200, 0], "size": [235.247, 235.247, 147.751]}, "pointables": [{"bases": [[[-0.946198, 0.270531, 0.177543], [-0.127657, -0.816247, 0.563423], [0.297342, 0.510445, 0.806866]], [[-0.988169, 0.153361, -0.0017144], [-0.148381, -0.953132, 0.263669], [0.0388026, 0.260804, 0.964612]], [[-0.988169, 0.153361, -0.0017144], [-0.150429, -0.966973, 0.205755], [0.029897, 0.203578, 0.978602]], [[-0.988169, 0.153361, -0.0017144], [-0.139688, -0.895335, 0.422921], [0.0633247, 0.418156, 0.906165]]], "btipPosition": [-32.3999, 157.233, 29.942], "carpPosition": [-36.763, 186.476, 131.055], "dipPosition": [-33.8317, 166.688, 50.4314], "direction": [0.029897, -0.203578, -0.978602], "extended": true, "handId": 82, "id": 820, "length": 50.3516, "mcpPosition": [-36.763, 186.476, 131.055]