{"frames": 42, "data": [{"currentFrameRate": 44.3809, "devices": [], "gestures": [], "hands": [{"armBasis": [[0.85533, 0.128903, -0.501791], [0.129508, 0.884606, 0.447995], [0.501635, -0.44817, 0.739936]], "armWidth": 55.3678, "confidence": 1, "direction": [0.209865, 0.17528, -0.961891], "elbow": [-141.308, -3.35723, 285.09], "grabAngle": 0.749283, "grabStrength": 0, "id": 90, "palmNormal": [0.0691612, -0.983996, -0.164219], "palmPosition": [3.52702, 115.597, 44.6079], "palmVelocity": [-6.87825, 45.2746, 0.323196], "palmWidth": 81.1408, "pinchDistance": 46.5829, "pinchStrength": 0, "r": [[0.805365, 0.441059, -0.396048], [-0.563132, 0.777913, -0.278807], [0.185121, 0.447569, 0.874879]], "s": 1.16267, "sphereCenter": [22.2553, 18.9449, 16.9147], "sphereRadius": 104.626, "stabilizedPalmPosition": [4.45107, 113.308, 44.8806], "t": [117.489, -35.049, -5.62303], "timeVisible": 6.65226, "type": "left", "wrist": [-20.516, 104.561, 106.916]}], "id": 32037, "interactionBox": {"center": [0, 200, 0], "size": [235.247, 235.247, 147.751]}, "pointables": [{"bases": [[[0.413359, 0.901414, -0.12879], [-0.672068, 0.397454, 0.624784], [0.614377, -0.171704, 0.770103]], [[0.447585, 0.890207, -0.0848436], [-0.597945, 0.368481, 0.711817], [0.664928, -0.267867, 0.697222]], [[0.447585, 0.890207, -0.0848436], [-0.844147, 0.451916, 0.288423], [0.295099, -0.0574735, 0.953737]], [[0.447585, 0.890207, -0.0848436], [-0.881329, 0.455198, 0.126702], [0.151412, 0.018065, 0.988306]]], "btipPosition": [52.3046, 114.739, 19.4952], "carpPosition": [11.3452, 101.531, 96.9907], "dipPosition": [49.3464, 115.092, 38.8045], "direction": [0.295099, 0.0574735, -0.953737], "extended": true, "handId": 90, "id": 900, "length": 43.5078, "mcpPosition": [11.3452, 101.531, 96.9907], "pipPosition": [40.9468, 113.456, 65.9514], "stabilizedTipPosition": [51.6543, 114.855, 23.944], "timeVisible": 6.65226, "tipPosition": [54.3414, 116.605, 25.5257], "tipVelocity": [-21.028, -24.9837, -4.83518], "tool": false, "touchDistance": -0.332041, "touchZone": "touching", "type": 0, "width": 17.392}, {"bases": [[[0.926199, -0.00217667, -0.377029], [0.0134155, 0.99954, 0.0271857], [0.376796, -0.0302374, 0.925803]], [[0.968094, -0.00618005, -0.25051], [-0.00839867, 0.998334, -0.0570854], [0.250445, 0.057368, 0.96643]], [[0.968094, -0.00618005, -0.25051], [-0.0584424, 0.966559, -0.249695], [0.243676, 0.256369, 0.935359]], [[0.968094, -0.00618005, -0.25051], [-0.10329, 0.900978, -0.42139], [0.228308, 0.43382, 0.871594]]], "btipPosition": [47.0049, 108.698, -37.6091], "carpPosition": [5.12905, 120.133, 89.0966], "dipPosition": [43.7485, 114.886, -25.1772], "direction": [0.243676, -0.256369, -0.935359], "extended": true, "handId": 90, "id": 901, "length": 49.0937, "mcpPosition": [29.8492, 122.117, 28.3583], "pipPosition": [38.8316, 120.059, -6.30352], "stabilizedTipPosition": [46.2341, 109.783, -34.9563], "timeVisible": 6.65226, "tipPosition": [42.9113, 106.927, -34.4864], "tipVelocity": [-13.0507, 54.0975, 10.4941], "tool": false, "touchDistance": 0.354953, "touchZone": "hovering", "type": 1, "width": 16.6128}, {"bases": [[[0.952642, -0.176607, -0.247556], [0.178077, 0.983876, -0.0166277], [0.246501, -0.0282438, 0.968731]], [[0.970723, -0.178414, -0.160828], [0.163412, 0.981248, -0.102222], [0.17605, 0.072948, 0.981675]], [[0.970723, -0.178414, -0.160828], [0.101158, 0.910929, -0.399969], [0.217863, 0.37199, 0.902308]], [[0.970723, -0.178414, -0.160828], [0.047349, 0.798544, -0.600072], [0.23549, 0.574888, 0.783612]]], "btipPosition": [26.5307, 102.615, -48.9295], "carpPosition": [-4.75588, 121.643, 84.5558], "dipPosition": [22.8364, 111.634, -36.6362], "direction": [0.217863, -0.37199, -0.902308], "extended": true, "handId": 90, "id": 902, "length": 55.9384, "mcpPosition": [10.5804, 123.4, 24.2852], "pipPosition": [17.6645, 120.464, -15.2161], "stabilizedTipPosition": [25.6587, 104.547, -46.2296], "timeVisible": 6.65226, "tipPosition": [23.8953, 103.239, -45.8989], "tipVelocity": [-13.789, 48.5053, 13.3288], "tool": false, "touchDistance": 0.355811, "touchZone": "hovering", "type": 2, "width": 16.316}, {"bases": [[[0.96238, -0.252501, -0.100339], [0.253451, 0.967342, -0.00338244], [0.0979159, -0.0221757, 0.994948]], [[0.964261, -0.252919, -0.0789489], [0.23974, 0.959728, -0.14645], [0.11281, 0.122289, 0.986063]], [[0.964261, -0.252919, -0.0789489], [0.178436, 0.840158, -0.512147], [0.195861, 0.479756, 0.855262]], [[0.964261, -0.252919, -0.0789489], [0.118653, 0.678627, -0.724836], [0.236902, 0.689563, 0.684383]]], "btipPosition": [2.79627, 95.3546, -41.6757], "carpPosition": [-15.1057, 120.528, 81.1351], "dipPosition": [-0.898875, 106.11, -31.0008], "direction": [0.195861, -0.479756, -0.855262], "extended": true, "handId": 90, "id": 903, "length": 53.7862, "mcpPosition": [-9.63614, 121.766, 25.5577], "pipPosition": [-5.4284, 117.205, -11.2218], "stabilizedTipPosition": [1.93678, 97.6361, -39.2237], "timeVisible": 6.65226, "tipPosition": [1.06437, 98.7267, -39.3487], "tipVelocity": [-12.108, 68.9182, 1.6085], "tool": false, "touchDistance": 0.346505, "touchZone": "hovering", "type": 3, "width": 15.5257}, {"bases": [[[0.912049, -0.40971, 0.0174375], [0.407699, 0.910508, 0.0689671], [-0.0441335, -0.0557921, 0.997467]], [[0.911755, -0.410051, 0.0236802], [0.409729, 0.903982, -0.122221], [0.0287104, 0.121138, 0.99222]], [[0.911755, -0.410051, 0.0236802], [0.336646, 0.713021, -0.615037], [0.235312, 0.568735, 0.788143]], [[0.911755, -0.410051, 0.0236802], [0.239022, 0.482817, -0.84247], [0.334022, 0.773787, 0.538222]]], "btipPosition": [-18.2055, 92.1515, -21.7496], "carpPosition": [-25.4196, 113.263, 79.7307], "dipPosition": [-23.012, 103.286, -14.0048], "direction": [0.235312, -0.568735, -0.788143], "extended": true, "handId": 90, "id": 904, "length": 42.1674, "mcpPosition": [-27.7016, 116.148, 28.153], "pipPosition": [-26.8542, 112.572, -1.13591], "stabilizedTipPosition": [-19.3761, 94.4162, -19.9213], "timeVisible": 6.65226, "tipPosition": [-20.0699, 97.0086, -21.3433], "tipVelocity": [-11.3047, 79.3662, -9.29756], "tool": false, "touchDistance": 0.343098, "touchZone": "hovering", "type": 4, "width": 13.7911}], "r": [[0.805365, 0.441059, -0.396048], [-0.563132, 0.777913, -0.278807], [0.185121, 0.447569, 0.874879]], "s": 1.16267, "t": [-117.489, -35.049, -5.62303], "timestamp": 629766622320}, {"currentFrameRate": 41.6002, "devices": [], "gestures": [], "hands": [{"armBasis": [[0.852152, 0.125472, -0.50803], [0.140104, 0.880682, 0.452515], [0.504191, -0.456788, 0.732896]], "armWidth": 55.3424, "confidence": 1, "direction": [0.228777, 0.159647, -0.960299], "elbow": [-143.556, -2.39888, 284.829], "grabAngle": 0.764591, "grabStrength": 0, "id": 90, "palmNormal": [0.0693084, -0.986629, -0.147513], "palmPosition": [2.98213, 117.798, 46.3993], "palmVelocity": [-15.0352, 60.723, 49.432], "palmWidth": 81.1207, "pinchDistance": 48.8845, "pinchStrength": 0, "r": [[0.803439, 0.441138, -0.399853], [-0.564765, 0.777278, -0.277271], [0.188483, 0.448594, 0.873635]], "s": 1.15423, "sphereCenter": [16.2142, 21.2856, 20.0762], "sphereRadius": 102.773, "stabilizedPalmPosition": [4.25039, 113.921, 45.0881], "t": [117.163, -33.6812, -4.69865], "timeVisible": 6.6885, "type": "left", "wrist": [-22.1599, 107.584, 108.367]}], "id": 32038, "interactionBox": {"center": [0, 200, 0], "size": [235.247, 235.247, 147.751]}, "pointables": [{"bases": [[[0.408081, 0.900417, -0.150727], [-0.661183, 0.405334, 0.631302], [0.62953, -0.157964, 0.760749]], [[0.421657, 0.896774, -0.134168], [-0.605048, 0.388469, 0.694988], [0.675368, -0.211869, 0.706392]], [[0.421657, 0.896774, -0.134168], [-0.855783, 0.442485, 0.268033], [0.299733, 0.00180088, 0.954021]], [[0.421657, 0.896774, -0.134168], [-0.895477, 0.435094, 0.0938826], [0.142567, 0.0805585, 0.986501]]], "btipPosition": [51.1174, 112.341, 21.3204], "carpPosition": [9.75245, 104.532, 99.1303], "dipPosition": [48.3358, 113.912, 40.568], "direction": [0.299733, -0.00180088, -0.954021], "extended": true, "handId": 90, "id": 900, "length": 43.4481, "mcpPosition": [9.75245, 104.532, 99.1303], "pipPosition": [39.816, 113.964, 67.6858], "stabilizedTipPosition": [50.5412, 112.818, 25.65], "timeVisible": 6.6885, "tipPosition": [53.3046, 117.057, 27.6961], "tipVelocity": [-31.6388, -58.4488, 49.972], "tool": false, "touchDistance": -0.300005, "touchZone": "touching", "type": 0, "width": 17.3811}, {"bases": [[[0.918812, -0.00553848, -0.394657], [0.010902, 0.999876, 0.0113493], [0.394545, -0.0147304, 0.918758]], [[0.965461, -0.00757062, -0.260437], [-0.0116067, 0.997336, -0.0720185], [0.260288, 0.0725539, 0.962801]], [[0.965461, -0.00757062, -0.260437], [-0.0649688, 0.961008, -0.26878], [0.252317, 0.276417, 0.927324]], [[0.965461, -0.00757062, -0.260437], [-0.111545, 0.89133, -0.439418], [0.235462, 0.453292, 0.8597]]], "btipPosition": [47.3885, 109.365, -34.8557], "carpPosition": [3.74957, 123.024, 90.8212], "dipPosition": [44.0346, 115.821, -22.6102], "direction": [0.252317, -0.276417, -0.927324], "extended": true, "handId": 90, "id": 901, "length": 49.0264, "mcpPosition": [29.6278, 123.99, 30.5599], "pipPosition": [38.9504, 121.391, -3.9244], "stabilizedTipPosition": [46.3369, 110.07, -34.1732], "timeVisible": 6.6885, "tipPosition": [43.9554, 107.904, -31.7899], "tipVelocity": [9.96597, 20.0955, 74.7913], "tool": false, "touchDistance": 0.393449, "touchZone": "hovering", "type": 1, "width": 16.6024}, {"bases": [[[0.948258, -0.177851, -0.263015], [0.174741, 0.983979, -0.0353672], [0.265091, -0.0124222, 0.964143]], [[0.970058, -0.1782, -0.165022], [0.157426, 0.978738, -0.131488], [0.184945, 0.101572, 0.977486]], [[0.970058, -0.1782, -0.165022], [0.0890866, 0.893169, -0.440809], [0.225945, 0.412909, 0.882301]], [[0.970058, -0.1782, -0.165022], [0.0323435, 0.768189, -0.639405], [0.24071, 0.614923, 0.750952]]], "btipPosition": [27.0056, 101.758, -45.8613], "carpPosition": [-6.04247, 124.489, 86.0689], "dipPosition": [23.2345, 111.392, -34.0966], "direction": [0.225945, -0.412909, -0.882301], "extended": true, "handId": 90, "id": 902, "length": 55.8616, "mcpPosition": [10.4463, 125.262, 26.0986], "pipPosition": [17.8781, 121.18, -13.1801], "stabilizedTipPosition": [25.8148, 104.36, -45.2285], "timeVisible": 6.6885, "tipPosition": [25.157, 103.971, -43.4607], "tipVelocity": [12.6147, -19.7449, 81.3062], "tool": false, "touchDistance": 0.397763, "touchZone": "hovering", "type": 2, "width": 16.3058}, {"bases": [[[0.961044, -0.251407, -0.114847], [0.250404, 0.967861, -0.0233152], [0.117017, -0.00635121, 0.99311]], [[0.964242, -0.251483, -0.0836244], [0.233668, 0.955611, -0.179461], [0.125044, 0.153504, 0.980204]], [[0.964242, -0.251483, -0.0836244], [0.165585, 0.818047, -0.550799], [0.206925, 0.517257, 0.830438]], [[0.964242, -0.251483, -0.0836244], [0.107096, 0.658375, -0.745032], [0.242419, 0.709436, 0.661766]]], "btipPosition": [3.41866, 94.99, -38.9893], "carpPosition": [-16.3288, 123.349, 82.469], "dipPosition": [-0.357345, 106.04, -28.6813], "direction": [0.206925, -0.517257, -0.830438], "extended": true, "handId": 90, "id": 903, "length": 53.7124, "mcpPosition": [-9.79384, 123.704, 27.0081], "pipPosition": [-5.13617, 117.986, -9.50282], "stabilizedTipPosition": [2.1908, 97.5928, -38.1448], "timeVisible": 6.6885, "tipPosition": [2.11734, 99.4433, -37.2559], "tipVelocity": [16.6606, -8.18854, 71.7974], "tool": false, "touchDistance": 0.384218, "touchZone": "hovering", "type": 3, "width": 15.516}, {"bases": [[[0.913454, -0.406892, 0.00630837], [0.406181, 0.912586, 0.0469369], [-0.0248552, -0.0403124, 0.998878]], [[0.912952, -0.407475, 0.0219848], [0.405448, 0.899679, -0.161836], [0.0461647, 0.156662, 0.986573]], [[0.912952, -0.407475, 0.0219848], [0.322367, 0.687139, -0.651091], [0.250196, 0.601502, 0.758681]], [[0.912952, -0.407475, 0.0219848], [0.224815, 0.457276, -0.86044], [0.340554, 0.790483, 0.509078]]], "btipPosition": [-17.5868, 92.3918, -19.4253], "carpPosition": [-26.6361, 116.093, 80.9809], "dipPosition": [-22.4805, 103.751, -12.11], "direction": [0.250196, -0.601502, -0.758681], "extended": true, "handId": 90, "id": 904, "length": 42.1095, "mcpPosition": [-27.921, 118.177, 29.3431], "pipPosition": [-26.5601, 113.559, 0.260864], "stabilizedTipPosition": [-19.137, 94.6281, -19.1366], "timeVisible": 6.6885, "tipPosition": [-19.3554, 98.0182, -19.5583], "tipVelocity": [16.5187, 8.05488, 61.4079], "tool": false, "touchDistance": 0.375504, "touchZone": "hovering", "type": 4, "width": 13.7825}], "r": [[0.803439, 0.441138, -0.399853], [-0.564765, 0.777278, -0.277271], [0.188483, 0.448594, 0.873635]], "s": 1.15423, "t": [-117.163, -33.6812, -4.69865], "timestamp": 629766658561}, {"currentFrameRate": 42.7762, "devices": [], "gestures": [], "hands": [{"armBasis": [[0.849724, 0.120923, -0.513174], [0.145359, 0.881887, 0.448494], [0.506794, -0.45569, 0.731783]], "armWidth": 55.3235, "confidence": 1, "direction": [0.237926, 0.161783, -0.957715], "elbow": [-144.955, -1.22409, 284.205], "grabAngle": 0.761614, "grabStrength": 0, "id": 90, "palmNormal": [0.0727406, -0.986229, -0.148529], "palmPosition": [2.72085, 118.798, 46.3387], "palmVelocity": [-14.4146, 55.2084, -3.34549], "palmWidth": 81.0554, "pinchDistance": 48.7445, "pinchStrength": 0.00116624, "r": [[0.801266, 0.441017, -0.404323], [-0.566301, 0.777092, -0.274649], [0.193071, 0.449036, 0.872405]], "s": 1.14567, "sphereCenter": [13.6371, 21.5631, 19.6876], "sphereRadius": 103.065, "stabilizedPalmPosition": [4.12029, 114.336, 45.1945], "t": [116.869, -32.4969, -4.26678], "timeVisible": 6.70663, "type": "left", "wrist": [-22.9623, 108.467, 108.055]}], "id": 32039, "interactionBox": {"center": [0, 200, 0], "size": [235.247, 235.247, 147.751]}, "pointables": [{"bases": [[[0.408378, 0.899867, -0.153191], [-0.654103, 0.405542, 0.638502], [0.636692, -0.160548, 0.75422]], [[0.411787, 0.898993, -0.149143], [-0.607335, 0.392758, 0.690569], [0.679393, -0.193787, 0.707723]], [[0.411787, 0.898993, -0.149143], [-0.860216, 0.437488, 0.261979], [0.300766, 0.0204158, 0.95348]], [[0.411787, 0.898993, -0.149143], [-0.90194, 0.425443, 0.0741762], [0.130136, 0.103973, 0.98603]]], "btipPosition": [50.3042, 111.476, 21.3218], "carpPosition": [8.99525, 105.458, 99.0979], "dipPosition": [47.7684, 113.502, 40.535], "direction": [0.300766, -0.0204158, -0.95348], "extended": false, "handId": 90, "id": 900, "length": 43.3912, "mcpPosition": [8.99525, 105.458, 99.0979], "pipPosition": [39.2305, 114.082, 67.6019], "stabilizedTipPosition": [49.8854, 112.118, 25.7226], "timeVisible": 6.70663, "tipPosition": [52.7922, 117.416, 27.8357], "tipVelocity": [-41.7444, -41.9244, -0.358094], "tool": false, "touchDistance": -0.298435, "touchZone": "touching", "type": 0, "width": 17.3744}, {"bases": [[[0.914857, -0.00667466, -0.403722], [0.0130193, 0.999831, 0.0129724], [0.403567, -0.0171241, 0.91479]], [[0.96583, -0.00921597, -0.259011], [-0.00913646, 0.997536, -0.0695628], [0.259014, 0.0695523, 0.963366]], [[0.96583, -0.00921597, -0.259011], [-0.0619804, 0.962157, -0.265355], [0.251655, 0.272341, 0.928709]], [[0.96583, -0.00921597, -0.259011], [-0.106669, 0.896667, -0.429663], [0.236206, 0.44261, 0.865045]]], "btipPosition": [47.1917, 110.805, -34.6762], "carpPosition": [3.05388, 123.948, 90.7304], "dipPosition": [43.8316, 117.101, -22.3708], "direction": [0.251655, -0.272341, -0.928709], "extended": true, "handId": 90, "id": 901, "length": 48.9622, "mcpPosition": [29.5025, 125.07, 30.7778], "pipPosition": [38.7673, 122.582, -3.68155], "stabilizedTipPosition": [46.3529, 110.496, -33.7185], "timeVisible": 6.70663, "tipPosition": [44.5786, 109.277, -31.478], "tipVelocity": [-10.9389, 77.4285, 10.662], "tool": false, "touchDistance": 0.390336, "touchZone": "hovering", "type": 1, "width": 16.596}, {"bases": [[[0.945256, -0.179275, -0.272675], [0.176356, 0.98369, -0.0353875], [0.274572, -0.0146378, 0.961455]], [[0.969625, -0.1798, -0.165831], [0.157921, 0.977913, -0.136919], [0.186786, 0.106572, 0.976603]], [[0.969625, -0.1798, -0.165831], [0.0885119, 0.889951, -0.447385], [0.228021, 0.419117, 0.878833]], [[0.969625, -0.1798, -0.165831], [0.030419, 0.761351, -0.647625], [0.242699, 0.622909, 0.743694]]], "btipPosition": [27.0599, 102.365, -45.504], "carpPosition": [-6.69652, 125.401, 85.8856], "dipPosition": [23.2627, 112.111, -33.8682], "direction": [0.228021, -0.419117, -0.878833], "extended": true, "handId": 90, "id": 902, "length": 55.7884, "mcpPosition": [10.3683, 126.311, 26.1307], "pipPosition": [17.8641, 122.034, -13.0612], "stabilizedTipPosition": [25.8899, 104.41, -44.7439], "timeVisible": 6.70663, "tipPosition": [25.83, 105.143, -43.295], "tipVelocity": [2.66877, 34.9369, 18.0787], "tool": false, "touchDistance": 0.396235, "touchZone": "hovering", "type": 2, "width": 16.2995}, {"bases": [[[0.959356, -0.253117, -0.124768], [0.252103, 0.9674, -0.0241113], [0.126804, -0.00832312, 0.991893]], [[0.963469, -0.25325, -0.0871313], [0.234328, 0.954658, -0.183624], [0.129683, 0.156499, 0.979127]], [[0.963469, -0.25325, -0.0871313], [0.165002, 0.817553, -0.551708], [0.210955, 0.517177, 0.829473]], [[0.963469, -0.25325, -0.0871313], [0.105895, 0.659051, -0.744606], [0.245996, 0.708178, 0.661793]]], "btipPosition": [3.64463, 95.9454, -39.0117], "carpPosition": [-16.9475, 124.247, 82.1856], "dipPosition": [-0.182078, 106.962, -28.7169], "direction": [0.210955, -0.517177, -0.829473], "extended": true, "handId": 90, "id": 903, "length": 53.6421, "mcpPosition": [-9.87174, 124.712, 26.8373], "pipPosition": [-5.04758, 118.89, -9.58573], "stabilizedTipPosition": [2.37263, 97.8738, -37.6691], "timeVisible": 6.70663, "tipPosition": [2.72019, 100.529, -37.3324], "tipVelocity": [11.8229, 52.2757, -1.40638], "tool": false, "touchDistance": 0.378747, "touchZone": "hovering", "type": 3, "width": 15.51}, {"bases": [[[0.912654, -0.408718, -0.00341854], [0.408455, 0.911693, 0.0445029], [-0.0150725, -0.0420121, 0.999003]], [[0.912207, -0.409439, 0.0154504], [0.406066, 0.898373, -0.167442], [0.0546771, 0.159016, 0.985761]], [[0.912207, -0.409439, 0.0154504], [0.321392, 0.691636, -0.646797], [0.254138, 0.594979, 0.762505]], [[0.912207, -0.409439, 0.0154504], [0.223952, 0.466665, -0.85561], [0.34311, 0.783954, 0.51739]]], "btipPosition": [-17.3333, 93.5252, -19.8792], "carpPosition": [-27.2269, 116.976, 80.5858], "dipPosition": [-22.2573, 104.776, -12.4541], "direction": [0.254138, -0.594979, -0.762505], "extended": true, "handId": 90, "id": 904, "length": 42.0544, "mcpPosition": [-28.0054, 119.146, 28.9831], "pipPosition": [-26.3958, 114.465, -0.0372017], "stabilizedTipPosition": [-18.9674, 95.0032, -18.8927], "timeVisible": 6.70663, "tipPosition": [-18.9183, 99.0485, -19.8468], "tipVelocity": [13.5996, 61.1527, -23.6463], "tool": false, "touchDistance": 0.364857, "touchZone": "hovering", "type": 4, "width": 13.7772}], "r": [[0.801266, 0.441017, -0.404323], [-0.566301, 0.777092, -0.274649], [0.193071, 0.449036, 0.872405]], "s": 1.14567, "t": [-116.869, -32.4969, -4.26678], "timestamp": 629766676687}, {"currentFrameRate": 43.8687, "devices": [], "gestures": [], "hands": [{"armBasis": [[0.84784, 0.130329, -0.513987], [0.14224, 0.877898, 0.457234], [0.510819, -0.460771, 0.725779]], "armWidth": 55.3204, "confidence": 1, "direction": [0.243073, 0.151687, -0.958074], "elbow": [-146.499, 0.461633, 282.538], "grabAngle": 0.768658, "grabStrength": 0, "id": 90, "palmNormal": [0.063494, -0.988067, -0.140327], "palmPosition": [2.33501, 121.024, 46.3752], "palmVelocity": [-21.3911, 123.42, 2.02528], "palmWidth": 81.0265, "pinchDistance": 48.5521, "pinchStrength": 0.00967325, "r": [[0.798324, 0.441849, -0.409204], [-0.569268, 0.775375, -0.273364], [0.196501, 0.451179, 0.870531]], "s": 1.13731, "sphereCenter": [9.93225, 24.4129, 20.2871], "sphereRadius": 101.818, "stabilizedPalmPosition": [3.90596, 115.139, 45.3363], "t": [116.529, -30.7917, -4.03258], "timeVisible": 6.72466, "type": "left", "wrist": [-23.6371, 111.286, 107.974]}], "id": 32040, "interactionBox": {"center": [0, 200, 0], "size": [235.247, 235.247, 147.751]}, "pointables": [{"bases": [[[0.398851, 0.9026, -0.16196], [-0.655724, 0.404185, 0.637699], [0.641049, -0.148146, 0.753066]], [[0.392683, 0.90398, -0.169176], [-0.618222, 0.395654, 0.679161], [0.680883, -0.162106, 0.714227]], [[0.392683, 0.90398, -0.169176], [-0.871654, 0.424492, 0.245003], [0.293292, 0.051255, 0.954648]], [[0.392683, 0.90398, -0.169176], [-0.91441, 0.403426, 0.0331942], [0.098257, 0.141662, 0.985027]]], "btipPosition": [48.7848, 111.056, 21.2066], "carpPosition": [8.27604, 108.059, 99.2206], "dipPosition": [46.8718, 113.814, 40.3839], "direction": [0.293292, -0.051255, -0.954648], "extended": false, "handId": 90, "id": 900, "length": 43.3542, "mcpPosition": [8.27604, 108.059, 99.2206], "pipPosition": [38.5531, 115.267, 67.4608], "stabilizedTipPosition": [48.621, 111.767, 25.6362], "timeVisible": 6.72466, "tipPosition": [51.9317, 118.062, 27.7593], "tipVelocity": [-76.2968, -13.9898, -6.84642], "tool": false, "touchDistance": -0.298777, "touchZone": "touching", "type": 0, "width": 17.3794}, {"bases": [[[0.913374, -0.000874408, -0.40712], [0.00313802, 0.999983, 0.00489239], [0.407109, -0.00574613, 0.913362]], [[0.966265, -0.00177217, -0.257545], [-0.0183712, 0.996955, -0.0757856], [0.256895, 0.0779604, 0.96329]], [[0.966265, -0.00177217, -0.257545], [-0.0704015, 0.960075, -0.27074], [0.247742, 0.279738, 0.927561]], [[0.966265, -0.00177217, -0.257545], [-0.113887, 0.89396, -0.433434], [0.231003, 0.448143, 0.8636]]], "btipPosition": [46.6592, 112.12, -34.4732], "carpPosition": [2.54228, 126.524, 90.7163], "dipPosition": [43.376, 118.489, -22.1988], "direction": [0.247742, -0.279738, -0.927561], "extended": true, "handId": 90, "id": 901, "length": 48.9204, "mcpPosition": [29.2135, 126.9, 30.8786], "pipPosition": [38.3947, 124.114, -3.54864], "stabilizedTipPosition": [46.2472, 111.224, -33.2313], "timeVisible": 6.72466, "tipPosition": [44.4238, 110.542, -31.2148], "tipVelocity": [-28.5394, 73.811, 10.8564], "tool": false, "touchDistance": 0.387573, "touchZone": "hovering", "type": 1, "width": 16.6008}, {"bases": [[[0.945971, -0.172103, -0.274807], [0.166447, 0.98507, -0.043955], [0.278269, -0.00416063, 0.960494]], [[0.971806, -0.171429, -0.161879], [0.147696, 0.977776, -0.148796], [0.183789, 0.120692, 0.975528]], [[0.971806, -0.171429, -0.161879], [0.0791963, 0.884006, -0.460719], [0.222082, 0.434909, 0.872659]], [[0.971806, -0.171429, -0.161879], [0.0206142, 0.74571, -0.665951], [0.234878, 0.643839, 0.72822]]], "btipPosition": [26.4198, 103.1, -44.9895], "carpPosition": [-7.16311, 128.033, 85.8268], "dipPosition": [22.7481, 113.165, -33.6056], "direction": [0.222082, -0.434909, -0.872659], "extended": true, "handId": 90, "id": 902, "length": 55.7409, "mcpPosition": [10.1253, 128.292, 26.153], "pipPosition": [17.4946, 123.453, -12.9624], "stabilizedTipPosition": [25.8194, 104.635, -44.2126], "timeVisible": 6.72466, "tipPosition": [25.6371, 106.375, -43.0284], "tipVelocity": [-33.8898, 44.7819, 25.3104], "tool": false, "touchDistance": 0.396793, "touchZone": "hovering", "type": 2, "width": 16.3042}, {"bases": [[[0.961353, -0.244605, -0.126367], [0.242393, 0.969622, -0.0328356], [0.13056, 0.000936214, 0.99144]], [[0.966116, -0.244333, -0.0831887], [0.22434, 0.954293, -0.197474], [0.127636, 0.17212, 0.976772]], [[0.966116, -0.244333, -0.0831887], [0.155958, 0.809424, -0.566136], [0.205661, 0.533979, 0.820103]], [[0.966116, -0.244333, -0.0831887], [0.0972744, 0.643214, -0.759482], [0.239075, 0.725656, 0.645187]]], "btipPosition": [3.08343, 96.9187, -38.4361], "carpPosition": [-17.3985, 126.952, 82.0985], "dipPosition": [-0.632443, 108.197, -28.4082], "direction": [0.205661, -0.533979, -0.820103], "extended": true, "handId": 90, "id": 903, "length": 53.5963, "mcpPosition": [-10.1157, 126.9, 26.7952], "pipPosition": [-5.37181, 120.503, -9.50925], "stabilizedTipPosition": [2.32447, 98.4226, -37.1537], "timeVisible": 6.72466, "tipPosition": [2.45338, 101.972, -37.1025], "tipVelocity": [-29.7002, 57.3053, 28.5095], "tool": false, "touchDistance": 0.381919, "touchZone": "hovering", "type": 3, "width": 15.5145}, {"bases": [[[0.916649, -0.399677, -0.00359494], [0.399543, 0.916022, 0.0356308], [-0.0109478, -0.0340973, 0.999359]], [[0.916126, -0.400377, 0.0202614], [0.396901, 0.898741, -0.18637], [0.0564087, 0.178781, 0.982271]], [[0.916126, -0.400377, 0.0202614], [0.312831, 0.682373, -0.660684], [0.250697, 0.611608, 0.750391]], [[0.916126, -0.400377, 0.0202614], [0.219093, 0.457713, -0.861683], [0.335724, 0.79385, 0.507042]]], "btipPosition": [-17.7449, 94.943, -19.4573], "carpPosition": [-27.7317, 119.775, 80.5178], "dipPosition": [-22.5588, 106.326, -12.1869], "direction": [0.250697, -0.611608, -0.750391], "extended": true, "handId": 90, "id": 904, "length": 42.0185, "mcpPosition": [-28.297, 121.536, 28.9151], "pipPosition": [-26.6378, 116.277, 0.0222645], "stabilizedTipPosition": [-18.932, 95.7898, -18.5521], "timeVisible": 6.72466, "tipPosition": [-19.2396, 100.84, -19.6642], "tipVelocity": [-21.416, 80.2953, 21.4165], "tool": false, "touchDistance": 0.367499, "touchZone": "hovering", "type": 4, "width": 13.7811}], "r": [[0.798324, 0.441849, -0.409204], [-0.569268, 0.775375, -0.273364], [0.196501, 0.451179, 0.870531]], "s": 1.13731, "t": [-116.529, -30.7917, -4.03258], "timestamp": 629766694724}, {"currentFrameRate": 41.2034, "devices": [], "gestures": [], "hands": [{"armBasis": [[0.848885, 0.139763, -0.509765], [0.145308, 0.865548, 0.479283], [0.508212, -0.48093, 0.714442]], "armWidth": 55.2938, "confidence": 1, "direction": [0.236696, 0.183649, -0.954069], "elbow": [-146.81, 1.42018, 278.909], "grabAngle": 0.810692, "grabStrength": 0, "id": 90, "palmNormal": [0.0705792, -0.982629, -0.171636], "palmPosition": [0.981995, 128.859, 45.7546], "palmVelocity": [-37.4974, 217.127, -17.1997], "palmWidth": 80.9647, "pinchDistance": 48.0544, "pinchStrength": 0.0327657, "r": [[0.797101, 0.443781, -0.409499], [-0.570084, 0.776636, -0.26803], [0.199085, 0.447096, 0.87205]], "s": 1.12828, "sphereCenter": [4.94829, 37.4739, 16.2273], "sphereRadius": 97.2092, "stabilizedPalmPosition": [2.32074, 122.577, 45.5631], "t": [115.683, -26.0218, -4.22579], "timeVisible": 6.76075, "type": "left", "wrist": [-24.6183, 117.052, 107.132]}], "id": 32041, "interactionBox": {"center": [0, 200, 0], "size": [235.247, 235.247, 147.751]}, "pointables": [{"bases": [[[0.406871, 0.903977, -0.131461], [-0.655921, 0.389271, 0.646711], [0.635786, -0.1769, 0.75132]], [[0.385748, 0.909304, -0.156091], [-0.634323, 0.384246, 0.670812], [0.66995, -0.159752, 0.725015]], [[0.385748, 0.909304, -0.156091], [-0.880454, 0.413371, 0.232217], [0.275679, 0.0478539, 0.960058]], [[0.385748, 0.909304, -0.156091], [-0.92141, 0.388301, -0.0150419], [0.0469327, 0.149626, 0.987628]]], "btipPosition": [45.8178, 117.128, 19.4491], "carpPosition": [7.30814, 114.295, 98.1165], "dipPosition": [44.9044, 120.039, 38.6692], "direction": [0.275679, -0.0478539, -0.960058], "extended": false, "handId": 90, "id": 900, "length": 43.3365, "mcpPosition": [7.30814, 114.295, 98.1165], "pipPosition": [37.0884, 121.396, 65.8885], "stabilizedTipPosition": [45.6203, 117.772, 23.8772], "timeVisible": 6.76075, "tipPosition": [49.6023, 125.217, 26.2627], "tipVelocity": [-75.8561, 169.26, -48.4338], "tool": false, "touchDistance": -0.323447, "touchZone": "touching", "type": 0, "width": 17.37}, {"bases": [[[0.915519, 0.00450239, -0.40225], [0.0110503, 0.999279, 0.0363353], [0.402123, -0.0377107, 0.914809]], [[0.967772, -0.00154514, -0.251825], [-0.0116447, 0.998637, -0.0508786], [0.25156, 0.0521713, 0.966435]], [[0.967772, -0.00154514, -0.251825], [-0.0678008, 0.961458, -0.26646], [0.242531, 0.274947, 0.930367]], [[0.967772, -0.00154514, -0.251825], [-0.113503, 0.889976, -0.441656], [0.2248, 0.456005, 0.861118]]], "btipPosition": [44.7747, 121.565, -35.1407], "carpPosition": [1.39505, 132.965, 90.2047], "dipPosition": [41.5809, 128.044, -22.9066], "direction": [0.242531, -0.274947, -0.930367], "extended": true, "handId": 90, "id": 901, "length": 48.9004, "mcpPosition": [27.7195, 135.433, 30.318], "pipPosition": [36.7064, 133.57, -4.20758], "stabilizedTipPosition": [44.621, 119.942, -32.5649], "timeVisible": 6.76075, "tipPosition": [42.8361, 121.307, -32.3405], "tipVelocity": [-51.657, 262.463, -18.7546], "tool": false, "touchDistance": 0.371998, "touchZone": "hovering", "type": 1, "width": 16.5919}, {"bases": [[[0.946042, -0.171053, -0.275219], [0.174496, 0.984583, -0.0121173], [0.273049, -0.0365612, 0.961305]], [[0.972604, -0.174267, -0.15386], [0.156142, 0.980046, -0.123004], [0.172225, 0.09561, 0.980407]], [[0.972604, -0.174267, -0.15386], [0.0866744, 0.885967, -0.455576], [0.215707, 0.429759, 0.8768]], [[0.972604, -0.174267, -0.15386], [0.025746, 0.738528, -0.673731], [0.231039, 0.651312, 0.722782]]], "btipPosition": [24.2162, 112.646, -45.5838], "carpPosition": [-8.34856, 134.548, 85.4169], "dipPosition": [20.606, 122.824, -34.2895], "direction": [0.215707, -0.429759, -0.8768], "extended": true, "handId": 90, "id": 902, "length": 55.7181, "mcpPosition": [8.60255, 136.818, 25.7381], "pipPosition": [15.5054, 132.986, -13.5568], "stabilizedTipPosition": [24.0401, 112.204, -43.3158], "timeVisible": 6.76075, "tipPosition": [23.8692, 117.01, -44.0747], "tipVelocity": [-60.6782, 265.286, -17.0413], "tool": false, "touchDistance": 0.381223, "touchZone": "hovering", "type": 2, "width": 16.2954}, {"bases": [[[0.960048, -0.248301, -0.129053], [0.250256, 0.968179, -0.00109899], [0.12522, -0.0312413, 0.991637]], [[0.965419, -0.249628, -0.0751823], [0.233823, 0.956627, -0.173756], [0.115296, 0.150168, 0.981915]], [[0.965419, -0.249628, -0.0751823], [0.165625, 0.809979, -0.562585], [0.201333, 0.530678, 0.823314]], [[0.965419, -0.249628, -0.0751823], [0.105251, 0.637034, -0.763617], [0.238514, 0.729297, 0.641278]]], "btipPosition": [1.01108, 106.109, -38.969], "carpPosition": [-18.5954, 133.502, 81.7122], "dipPosition": [-2.69456, 117.44, -29.0059], "direction": [0.201333, -0.530678, -0.823314], "extended": true, "handId": 90, "id": 903, "length": 53.5745, "mcpPosition": [-11.6158, 135.243, 26.44], "pipPosition": [-7.3323, 129.664, -10.0407], "stabilizedTipPosition": [0.545218, 106.878, -36.7625], "timeVisible": 6.76075, "tipPosition": [0.741904, 112.09, -38.1308], "tipVelocity": [-57.3676, 255.027, -15.1811], "tool": false, "touchDistance": 0.368844, "touchZone": "hovering", "type": 3, "width": 15.5061}, {"bases": [[[0.913453, -0.406783, -0.0114473], [0.406605, 0.911184, 0.0664551], [-0.0166022, -0.0653581, 0.997724]], [[0.912144, -0.40899, 0.0268237], [0.407181, 0.896738, -0.173389], [0.0468605, 0.169078, 0.984488]], [[0.912144, -0.40899, 0.0268237], [0.320076, 0.669908, -0.669907], [0.256016, 0.619637, 0.74196]], [[0.912144, -0.40899, 0.0268237], [0.222884, 0.440032, -0.869882], [0.34397, 0.799437, 0.49253]]], "btipPosition": [-19.264, 103.162, -19.5899], "carpPosition": [-28.8792, 126.297, 79.9618], "dipPosition": [-24.1942, 114.621, -12.5305], "direction": [0.256016, -0.619637, -0.74196], "extended": true, "handId": 90, "id": 904, "length": 42.0014, "mcpPosition": [-29.7358, 129.67, 28.4829], "pipPosition": [-28.358, 124.698, -0.463373], "stabilizedTipPosition": [-20.0628, 103.509, -18.1002], "timeVisible": 6.76075, "tipPosition": [-20.7442, 110.054, -20.4647], "tipVelocity": [-42.8421, 228.27, -5.01896], "tool": false, "touchDistance": 0.361366, "touchZone": "hovering", "type": 4, "width": 13.7737}], "r": [[0.797101, 0.443781, -0.409499], [-0.570084, 0.776636, -0.26803], [0.199085, 0.447096, 0.87205]], "s": 1.12828, "t": [-115.683, -26.0218, -4.22579], "timestamp": 629766730807}, {"currentFrameRate": 42.4214, "devices": [], "gestures": [], "hands": [{"armBasis": [[0.850795, 0.167948, -0.497937], [0.128488, 0.852308, 0.507012], [0.509547, -0.495343, 0.70356]], "armWidth": 55.2434, "confidence": 1, "direction": [0.235021, 0.179935, -0.95519], "elbow": [-147.505, 2.84943, 275.898], "grabAngle": 0.841701, "grabStrength": 0, "id": 90, "palmNormal": [0.0467709, -0.983671, -0.173792], "palmPosition": [0.3511, 133.439, 45.4886], "palmVelocity": [-34.8792, 253.173, -14.7053], "palmWidth": 80.855, "pinchDistance": 47.8166, "pinchStrength": 0.0471543, "r": [[0.794557, 0.449151, -0.408585], [-0.573991, 0.775073, -0.264189], [0.198023, 0.444438, 0.873649]], "s": 1.11814, "sphereCenter": [-1.4695, 44.7821, 15.5214], "sphereRadius": 94.3486, "stabilizedPalmPosition": [1.4303, 127.487, 45.5294], "t": [114.944, -21.3472, -4.45539], "timeVisible": 6.77883, "type": "left", "wrist": [-25.0851, 121.856, 106.866]}], "id": 32042, "interactionBox": {"center": [0, 200, 0], "size": [235.247, 235.247, 147.751]}, "pointables": [{"bases": [[[0.386646, 0.913392, -0.127358], [-0.668709, 0.372772, 0.643327], [0.635085, -0.163574, 0.754924]], [[0.350776, 0.921067, -0.169091], [-0.663387, 0.37185, 0.649342], [0.660964, -0.115601, 0.74146]], [[0.350776, 0.921067, -0.169091], [-0.899918, 0.381496, 0.211207], [0.259043, 0.0780815, 0.962704]], [[0.350776, 0.921067, -0.169091], [-0.936412, 0.3468, -0.0534957], [0.00936755, 0.177104, 0.984148]]], "btipPosition": [43.538, 118.12, 18.3775], "carpPosition": [6.65507, 118.644, 97.7449], "dipPosition": [43.3558, 121.566, 37.5245], "direction": [0.259043, -0.0780815, -0.962704], "extended": false, "handId": 90, "id": 900, "length": 43.3242, "mcpPosition": [6.65507, 118.644, 97.7449], "pipPosition": [36.0135, 123.779, 64.811], "stabilizedTipPosition": [43.6693, 118.82, 22.8707], "timeVisible": 6.77883, "tipPosition": [47.9107, 127.139, 25.2239], "tipVelocity": [-116.74, 61.6528, -60.1737], "tool": false, "touchDistance": -0.335762, "touchZone": "touching", "type": 0, "width": 17.353}, {"bases": [[[0.917621, 0.0264353, -0.396576], [-0.0122956, 0.999196, 0.0381549], [0.397265, -0.0301356, 0.917209]], [[0.969665, 0.0212309, -0.243512], [-0.0357548, 0.997825, -0.0553792], [0.241807, 0.062406, 0.968316]], [[0.969665, 0.0212309, -0.243512], [-0.0919689, 0.954705, -0.282983], [0.226475, 0.296794, 0.927697]], [[0.969665, 0.0212309, -0.243512], [-0.135648, 0.875484, -0.463819], [0.203344, 0.482781, 0.851806]]], "btipPosition": [43.1926, 124.368, -35.4109], "carpPosition": [1.14669, 137.447, 89.873], "dipPosition": [40.3044, 131.225, -23.3125], "direction": [0.226475, -0.296794, -0.927697], "extended": true, "handId": 90, "id": 901, "length": 48.8866, "mcpPosition": [27.1179, 139.417, 29.9105], "pipPosition": [35.7539, 137.189, -4.67247], "stabilizedTipPosition": [43.4849, 123.201, -32.5993], "timeVisible": 6.77883, "tipPosition": [41.5965, 125.119, -32.8624], "tipVelocity": [-83.5831, 159.785, -16.665], "tool": false, "touchDistance": 0.36361, "touchZone": "hovering", "type": 1, "width": 16.5756}, {"bases": [[[0.951418, -0.148608, -0.269666], [0.151741, 0.988376, -0.00931232], [0.267916, -0.0320595, 0.962909]], [[0.977788, -0.15148, -0.144859], [0.133171, 0.982699, -0.12872], [0.161851, 0.10657, 0.981044]], [[0.977788, -0.15148, -0.144859], [0.065549, 0.877472, -0.475128], [0.199082, 0.455079, 0.867911]], [[0.977788, -0.15148, -0.144859], [0.00786963, 0.717181, -0.696843], [0.209448, 0.680224, 0.702443]]], "btipPosition": [22.4882, 115.597, -45.3447], "carpPosition": [-8.58502, 139.263, 85.152], "dipPosition": [19.2162, 126.223, -34.3713], "direction": [0.199082, -0.455079, -0.867911], "extended": true, "handId": 90, "id": 902, "length": 55.7023, "mcpPosition": [8.02489, 141.251, 25.4547], "pipPosition": [14.5101, 136.981, -13.8546], "stabilizedTipPosition": [22.7609, 115.444, -43.041], "timeVisible": 6.77883, "tipPosition": [22.3507, 120.969, -44.3619], "tipVelocity": [-91.2337, 168.826, 9.13879], "tool": false, "touchDistance": 0.378914, "touchZone": "hovering", "type": 2, "width": 16.2794}, {"bases": [[[0.96631, -0.225788, -0.123553], [0.227791, 0.973708, 0.00214523], [0.11982, -0.0302171, 0.992336]], [[0.971601, -0.227152, -0.0662762], [0.212369, 0.960632, -0.179126], [0.104356, 0.159964, 0.981591]], [[0.971601, -0.227152, -0.0662762], [0.148267, 0.802719, -0.577633], [0.184412, 0.551402, 0.813602]], [[0.971601, -0.227152, -0.0662762], [0.089881, 0.613387, -0.784652], [0.218888, 0.756412, 0.616384]]], "btipPosition": [-0.681892, 109.755, -38.49], "carpPosition": [-18.8739, 138.461, 81.5143], "dipPosition": [-4.08166, 121.504, -28.9164], "direction": [0.184412, -0.551402, -0.813602], "extended": true, "handId": 90, "id": 903, "length": 53.5593, "mcpPosition": [-12.2044, 140.143, 26.2781], "pipPosition": [-8.32841, 134.202, -10.1802], "stabilizedTipPosition": [-0.774279, 110.543, -36.4509], "timeVisible": 6.77883, "tipPosition": [-0.843433, 116.502, -38.2589], "tipVelocity": [-89.7072, 206.915, 21.5283], "tool": false, "touchDistance": 0.371134, "touchZone": "hovering", "type": 3, "width": 15.4909}, {"bases": [[[0.922673, -0.385528, -0.00651473], [0.384999, 0.920215, 0.0705643], [-0.0212096, -0.0676159, 0.997486]], [[0.920872, -0.388108, 0.0369599], [0.38814, 0.903764, -0.180438], [0.0366264, 0.180506, 0.982892]], [[0.920872, -0.388108, 0.0369599], [0.307316, 0.664285, -0.681383], [0.239898, 0.638825, 0.730994]], [[0.920872, -0.388108, 0.0369599], [0.213383, 0.422407, -0.880931], [0.326285, 0.819112, 0.471799]]], "btipPosition": [-20.7692, 107.561, -19.1153], "carpPosition": [-29.3288, 131.507, 79.8185], "dipPosition": [-25.4445, 119.298, -12.3549], "direction": [0.239898, -0.638825, -0.730994], "extended": true, "handId": 90, "id": 904, "length": 41.9895, "mcpPosition": [-30.4216, 134.991, 28.4216], "pipPosition": [-29.3451, 129.685, -0.46958], "stabilizedTipPosition": [-21.1817, 107.749, -17.7612], "timeVisible": 6.77883, "tipPosition": [-22.1885, 114.967, -20.4441], "tipVelocity": [-79.972, 246.732, 22.4343], "tool": false, "touchDistance": 0.36465, "touchZone": "hovering", "type": 4, "width": 13.7602}], "r": [[0.794557, 0.449151, -0.408585], [-0.573991, 0.775073, -0.264189], [0.198023, 0.444438, 0.873649]], "s": 1.11814, "t": [-114.944, -21.3472, -4.45539], "timestamp": 629766748895}, {"currentFrameRate": 43.5387, "devices": [], "gestures": [], "hands": [{"armBasis": [[0.852253, 0.17753, -0.492085], [0.12871, 0.840581, 0.526173], [0.507049, -0.511769, 0.693538]], "armWidth": 55.1633, "confidence": 1, "direction": [0.226681, 0.202817, -0.952618], "elbow": [-147.05, 4.49746, 272.219], "grabAngle": 0.877513, "grabStrength": 0, "id": 90, "palmNormal": [0.0505051, -0.97921, -0.196461], "palmPosition": [-0.472313, 140.356, 44.6317], "palmVelocity": [-45.5806, 382.918, -47.4366], "palmWidth": 80.7605, "pinchDistance": 47.8213, "pinchStrength": 0.0578435, "r": [[0.793605, 0.454437, -0.404571], [-0.575887, 0.775597, -0.258464], [0.196328, 0.438105, 0.877222]], "s": 1.10834, "sphereCenter": [-5.97451, 56.4674, 12.2623], "sphereRadius": 90.5583, "stabilizedPalmPosition": [0.0995089, 136.488, 44.9015], "t": [114.163, -15.5512, -4.99866], "timeVisible": 6.7969, "type": "left", "wrist": [-25.396, 127.284, 105.822]}], "id": 32043, "interactionBox": {"center": [0, 200, 0], "size": [235.247, 235.247, 147.751]}, "pointables": [{"bases": [[[0.392336, 0.913968, -0.103608], [-0.671738, 0.361643, 0.646516], [0.628364, -0.184054, 0.755833]], [[0.339793, 0.925933, -0.164893], [-0.686355, 0.363999, 0.629621], [0.643007, -0.100766, 0.759202]], [[0.339793, 0.925933, -0.164893], [-0.909981, 0.367975, 0.191125], [0.237646, 0.0851064, 0.967616]], [[0.339793, 0.925933, -0.164893], [-0.93979, 0.327467, -0.0977722], [-0.0365335, 0.188187, 0.981453]]], "btipPosition": [40.8542, 122.827, 16.194], "carpPosition": [6.30345, 124.435, 96.4183], "dipPosition": [41.5654, 126.491, 35.2999], "direction": [0.237646, -0.0851064, -0.967616], "extended": false, "handId": 90, "id": 900, "length": 43.3501, "mcpPosition": [6.30345, 124.435, 96.4183], "pipPosition": [34.8256, 128.905, 62.742], "stabilizedTipPosition": [41.2524, 123.241, 20.7903], "timeVisible": 6.7969, "tipPosition": [45.8272, 132.655, 23.2415], "tipVelocity": [-137.19, 263.358, -121.395], "tool": false, "touchDistance": -0.363414, "touchZone": "touching", "type": 0, "width": 17.3271},