{"frames": 49, "data": [{"currentFrameRate": 55.3154, "devices": [], "gestures": [], "hands": [{"armBasis": [[0.56103, 0.658902, -0.501092], [-0.0393481, 0.625876, 0.778929], [0.826859, -0.417286, 0.377062]], "armWidth": 68.4237, "confidence": 1, "direction": [0.566206, 0.435762, -0.699658], "elbow": [-141.986, 101.663, 279.754], "grabAngle": 2.98637, "grabStrength": 0.0266261, "id": 74, "palmNormal": [-0.186814, -0.758897, -0.623839], "palmPosition": [138.706, 243.429, 124.832], "palmVelocity": [-27.7873, 6.93386, -12.0296], "palmWidth": 93.0355, "pinchDistance": 51.0543, "pinchStrength": 0.379179, "r": [[-0.431008, 0.346478, -0.833178], [-0.596876, -0.801952, -0.0247245], [-0.676735, 0.486648, 0.552452]], "s": 1.0567, "sphereCenter": [143.102, 216.778, 90.3451], "sphereRadius": 41.8856, "stabilizedPalmPosition": [140.303, 243.146, 125.924], "t": [284.928, 58.9605, 11.5787], "timeVisible": 5.35073, "type": "left", "wrist": [86.2855, 216.863, 175.658]}], "id": 27316, "interactionBox": {"center": [0, 200, 0], "size": [235.247, 235.247, 147.751]}, "pointables": [{"bases": [[[0.69635, 0.550224, -0.460815], [-0.287542, 0.802171, 0.523298], [0.657584, -0.231895, 0.716804]], [[0.761219, 0.522996, -0.383433], [-0.497899, 0.850177, 0.171161], [0.415502, 0.0606196, 0.90757]], [[0.761219, 0.522996, -0.383433], [-0.623156, 0.753582, -0.209262], [0.179505, 0.398233, 0.899549]], [[0.761219, 0.522996, -0.383433], [-0.648144, 0.633016, -0.423321], [0.0213237, 0.57076, 0.82084]]], "btipPosition": [196.749, 221.825, 42.309], "carpPosition": [124.678, 226.413, 171.16], "dipPosition": [196.384, 231.599, 56.3658], "direction": [0.179505, -0.398233, -0.899549], "extended": true, "handId": 74, "id": 741, "length": 58.9429, "mcpPosition": [174.144, 243.857, 117.239], "pipPosition": [192.036, 241.246, 78.1583], "stabilizedTipPosition": [199.026, 223.746, 47.0522], "timeVisible": 5.35073, "tipPosition": [196.884, 224.343, 45.4147], "tipVelocity": [-44.801, -9.14715, -18.363], "tool": false, "touchDistance": 0.333053, "touchZone": "hovering", "type": 1, "width": 21.2066}, {"bases": [[[0.0454732, 0.958541, 0.281304], [-0.508676, -0.220136, 0.83234], [0.859756, -0.180942, 0.477576]], [[-0.098346, 0.975288, 0.19784], [-0.889841, -0.175191, 0.421297], [0.445546, -0.134613, 0.885081]], [[-0.098346, 0.975288, 0.19784], [-0.983481, -0.125611, 0.130333], [0.151963, -0.181754, 0.971531]], [[-0.098346, 0.975288, 0.19784], [-0.969155, -0.0487206, -0.241589], [-0.22598, -0.215496, 0.949997]]], "btipPosition": [144.001, 220.619, 68.5547], "carpPosition": [121.368, 202.482, 169.215], "dipPosition": [149.302, 215.564, 90.8393], "direction": [0.151963, 0.181754, -0.971531], "extended": false, "handId": 74, "id": 740, "length": 52.2364, "mcpPosition": [121.368, 202.482, 169.215], "pipPosition": [144.109, 209.352, 124.04], "stabilizedTipPosition": [146.975, 218.582, 74.5779], "timeVisible": 5.35073, "tipPosition": [146.677, 217.464, 74.052], "tipVelocity": [-36.1459, -3.08276, -10.1893], "tool": false, "touchDistance": 0.173172, "touchZone": "hovering", "type": 0, "width": 22.2012}, {"bases": [[[0.817537, 0.368968, -0.442148], [-0.151169, 0.878359, 0.453468], [0.55568, -0.303888, 0.773868]], [[0.849387, 0.350082, -0.394948], [-0.516874, 0.40051, -0.756593], [-0.106689, 0.846779, 0.521136]], [[0.849387, 0.350082, -0.394948], [0.0823099, -0.827046, -0.556076], [-0.521312, 0.439815, -0.731297]], [[0.849387, 0.350082, -0.394948], [0.366858, -0.929617, -0.0350358], [-0.379416, -0.115131, -0.918035]]], "btipPosition": [129.383, 205.204, 123.653], "carpPosition": [116.902, 234.802, 165.9], "dipPosition": [136.529, 203.035, 106.361], "direction": [-0.521312, -0.439815, 0.731297], "extended": false, "handId": 74, "id": 742, "length": 67.1607, "mcpPosition": [156.542, 256.48, 110.695], "pipPosition": [151.387, 215.571, 85.518], "stabilizedTipPosition": [132.839, 204.274, 120.714], "timeVisible": 5.35073, "tipPosition": [130.426, 204.45, 118.06], "tipVelocity": [-24.2963, 4.93543, -6.63163], "tool": false, "touchDistance": 0.82793, "touchZone": "none", "type": 2, "width": 20.8277}, {"bases": [[[0.899454, 0.252956, -0.356366], [-0.0745826, 0.89234, 0.445158], [0.430605, -0.373821, 0.821485]], [[0.872014, 0.274916, -0.404984], [-0.487829, 0.420205, -0.765148], [-0.0401756, 0.864783, 0.500537]], [[0.872014, 0.274916, -0.404984], [0.00701032, -0.834305, -0.551259], [-0.48943, 0.477867, -0.729453]], [[0.872014, 0.274916, -0.404984], [0.286144, -0.957586, -0.0339149], [-0.397131, -0.0863093, -0.913695]]], "btipPosition": [112.042, 214.041, 122.476], "carpPosition": [107.288, 240.477, 160.141], "dipPosition": [119.479, 212.424, 105.365], "direction": [-0.48943, -0.477867, 0.729453], "extended": false, "handId": 74, "id": 743, "length": 64.5768, "mcpPosition": [134.867, 264.42, 107.527], "pipPosition": [133.068, 225.693, 85.1115], "stabilizedTipPosition": [115.712, 213.018, 119.224], "timeVisible": 5.35073, "tipPosition": [115.431, 213.212, 118.846], "tipVelocity": [-26.5971, 4.64821, -0.0364524], "tool": false, "touchDistance": 0.809011, "touchZone": "none", "type": 3, "width": 19.8189}, {"bases": [[[0.943122, 0.057049, -0.327514], [0.104561, 0.884266, 0.455127], [0.315574, -0.463486, 0.828006]], [[0.898562, 0.112124, -0.424281], [-0.417744, 0.514738, -0.748689], [0.134448, 0.849984, 0.509363]], [[0.898562, 0.112124, -0.424281], [-0.161946, -0.813851, -0.55805], [-0.407872, 0.570153, -0.713138]], [[0.898562, 0.112124, -0.424281], [0.109473, -0.993515, -0.0307059], [-0.424973, -0.0188564, -0.90501]]], "btipPosition": [102.888, 226.019, 115.288], "carpPosition": [94.751, 239.515, 152.816], "dipPosition": [110.23, 225.694, 99.6523], "direction": [-0.407872, -0.570153, 0.713138], "extended": false, "handId": 74, "id": 744, "length": 50.627, "mcpPosition": [113.461, 266.995, 103.724], "pipPosition": [118.226, 236.871, 85.672], "stabilizedTipPosition": [106.197, 225.241, 111.931], "timeVisible": 5.35073, "tipPosition": [105.486, 225.433, 109.999], "tipVelocity": [-29.7781, 4.03683, 0.749968], "tool": false, "touchDistance": 0.694858, "touchZone": "none", "type": 4, "width": 17.6047}], "r": [[-0.431008, 0.346478, -0.833178], [-0.596876, -0.801952, -0.0247245], [-0.676735, 0.486648, 0.552452]], "s": 1.0567, "t": [-284.928, 58.9605, 11.5787], "timestamp": 629677983214}, {"currentFrameRate": 55.3276, "devices": [], "gestures": [], "hands": [{"armBasis": [[0.562713, 0.651402, -0.508949], [-0.0326108, 0.632689, 0.773719], [0.826009, -0.418785, 0.377265]], "armWidth": 68.4237, "confidence": 1, "direction": [0.565244, 0.439323, -0.698208], "elbow": [-142.044, 100.959, 279.544], "grabAngle": 2.98645, "grabStrength": 0.0255266, "id": 74, "palmNormal": [-0.175738, -0.762832, -0.622256], "palmPosition": [138.411, 243.448, 124.713], "palmVelocity": [-16.3567, 1.04919, -6.5618], "palmWidth": 93.0355, "pinchDistance": 51.172, "pinchStrength": 0.37981, "r": [[-0.429578, 0.347441, -0.833515], [-0.597639, -0.801343, -0.026019], [-0.676972, 0.486964, 0.551884]], "s": 1.05687, "sphereCenter": [143.394, 216.694, 90.3983], "sphereRadius": 41.9023, "stabilizedPalmPosition": [140.2, 243.162, 125.858], "t": [284.612, 59.0372, 11.4542], "timeVisible": 5.36876, "type": "left", "wrist": [85.9924, 216.573, 175.393]}], "id": 27317, "interactionBox": {"center": [0, 200, 0], "size": [235.247, 235.247, 147.751]}, "pointables": [{"bases": [[[0.69964, 0.541457, -0.466186], [-0.276527, 0.80682, 0.522086], [0.658815, -0.236359, 0.714211]], [[0.763725, 0.514257, -0.390209], [-0.488374, 0.855574, 0.171707], [0.422154, 0.0594314, 0.904574]], [[0.763725, 0.514257, -0.390209], [-0.617013, 0.759229, -0.207042], [0.189785, 0.398887, 0.897146]], [[0.763725, 0.514257, -0.390209], [-0.644753, 0.637525, -0.421729], [0.0318907, 0.573674, 0.818463]]], "btipPosition": [197.203, 222.172, 42.5979], "carpPosition": [124.322, 226.439, 171.026], "dipPosition": [196.657, 231.996, 56.6141], "direction": [0.189785, -0.398887, -0.897146], "extended": true, "handId": 74, "id": 741, "length": 58.9429, "mcpPosition": [173.881, 244.219, 117.301], "pipPosition": [192.059, 241.659, 78.3484], "stabilizedTipPosition": [198.798, 223.827, 46.9078], "timeVisible": 5.36876, "tipPosition": [197.189, 224.705, 45.659], "tipVelocity": [22.8513, 19.8913, 15.5068], "tool": false, "touchDistance": 0.33353, "touchZone": "hovering", "type": 1, "width": 21.2066}, {"bases": [[[0.0568446, 0.958933, 0.277879], [-0.506652, -0.21212, 0.835649], [0.860275, -0.18829, 0.473787]], [[-0.0878297, 0.976917, 0.194728], [-0.889493, -0.164915, 0.426152], [0.448428, -0.135781, 0.883445]], [[-0.0878297, 0.976917, 0.194728], [-0.984076, -0.115418, 0.135179], [0.154533, -0.179755, 0.971498]], [[-0.0878297, 0.976917, 0.194728], [-0.970472, -0.0398296, -0.237901], [-0.224654, -0.209873, 0.951569]]], "btipPosition": [144.17, 220.465, 68.5311], "carpPosition": [121.271, 202.469, 169.143], "dipPosition": [149.44, 215.542, 90.8526], "direction": [0.154533, 0.179755, -0.971498], "extended": false, "handId": 74, "id": 740, "length": 52.2364, "mcpPosition": [121.271, 202.469, 169.143], "pipPosition": [144.159, 209.399, 124.053], "stabilizedTipPosition": [146.789, 218.67, 74.4713], "timeVisible": 5.36876, "tipPosition": [146.904, 217.41, 74.0598], "tipVelocity": [8.96427, -6.85349, -0.837318], "tool": false, "touchDistance": 0.17292, "touchZone": "hovering", "type": 0, "width": 22.2012}, {"bases": [[[0.819037, 0.359016, -0.447534], [-0.139732, 0.88136, 0.451309], [0.556465, -0.307104, 0.772032]], [[0.850931, 0.339954, -0.400434], [-0.516592, 0.403547, -0.75517], [-0.0951293, 0.849459, 0.519008]], [[0.850931, 0.339954, -0.400434], [0.0706146, -0.829443, -0.55411], [-0.52051, 0.443233, -0.729804]], [[0.850931, 0.339954, -0.400434], [0.356642, -0.933596, -0.0347187], [-0.385647, -0.113268, -0.915667]]], "btipPosition": [129.488, 205.099, 123.598], "carpPosition": [116.487, 234.729, 165.698], "dipPosition": [136.752, 202.965, 106.351], "direction": [-0.52051, -0.443233, 0.729804], "extended": false, "handId": 74, "id": 742, "length": 67.1607, "mcpPosition": [156.183, 256.637, 110.624], "pipPosition": [151.587, 215.598, 85.5503], "stabilizedTipPosition": [132.726, 204.297, 120.641], "timeVisible": 5.36876, "tipPosition": [130.572, 204.363, 118.032], "tipVelocity": [7.32974, -5.37501, -2.47622], "tool": false, "touchDistance": 0.827185, "touchZone": "none", "type": 2, "width": 20.8277}, {"bases": [[[0.900186, 0.242441, -0.361785], [-0.0630483, 0.894518, 0.442563], [0.430918, -0.375579, 0.820518]], [[0.872726, 0.264526, -0.410335], [-0.487369, 0.422738, -0.764045], [-0.028645, 0.866786, 0.497856]], [[0.872726, 0.264526, -0.410335], [-0.00419305, -0.836397, -0.548107], [-0.488192, 0.480068, -0.728837]], [[0.872726, 0.264526, -0.410335], [0.276041, -0.960608, -0.0321617], [-0.402679, -0.0852011, -0.911367]]], "btipPosition": [112.065, 213.79, 122.328], "carpPosition": [106.844, 240.286, 159.872], "dipPosition": [119.606, 212.195, 105.261], "direction": [-0.488192, -0.480068, 0.728837], "extended": false, "handId": 74, "id": 743, "length": 64.5768, "mcpPosition": [134.444, 264.341, 107.319], "pipPosition": [133.161, 225.524, 85.0242], "stabilizedTipPosition": [115.539, 213.054, 119.15], "timeVisible": 5.36876, "tipPosition": [115.48, 212.972, 118.709], "tipVelocity": [2.62793, -13.6222, -7.65325], "tool": false, "touchDistance": 0.806711, "touchZone": "none", "type": 3, "width": 19.8189}, {"bases": [[[0.94197, 0.0461867, -0.332505], [0.116051, 0.884618, 0.451645], [0.315, -0.464023, 0.827924]], [[0.897487, 0.101404, -0.429226], [-0.416225, 0.516592, -0.748257], [0.145859, 0.850206, 0.505842]], [[0.897487, 0.101404, -0.429226], [-0.17275, -0.814625, -0.553664], [-0.405802, 0.571055, -0.713597]], [[0.897487, 0.101404, -0.429226], [0.099497, -0.994673, -0.0269471], [-0.429672, -0.0185221, -0.902795]]], "btipPosition": [102.823, 225.674, 115.058], "carpPosition": [94.356, 239.17, 152.486], "dipPosition": [110.246, 225.354, 99.4611], "direction": [-0.405802, -0.571055, 0.713597], "extended": false, "handId": 74, "id": 744, "length": 50.627, "mcpPosition": [113.032, 266.681, 103.399], "pipPosition": [118.201, 236.549, 85.4718], "stabilizedTipPosition": [106.074, 225.268, 111.897], "timeVisible": 5.36876, "tipPosition": [105.453, 225.061, 109.775], "tipVelocity": [-2.58517, -19.0497, -12.2357], "tool": false, "touchDistance": 0.691181, "touchZone": "none", "type": 4, "width": 17.6047}], "r": [[-0.429578, 0.347441, -0.833515], [-0.597639, -0.801343, -0.026019], [-0.676972, 0.486964, 0.551884]], "s": 1.05687, "t": [-284.612, 59.0372, 11.4542], "timestamp": 629678001246}, {"currentFrameRate": 55.3332, "devices": [], "gestures": [], "hands": [{"armBasis": [[0.564715, 0.648131, -0.510904], [-0.0301235, 0.634838, 0.772058], [0.824736, -0.420602, 0.378027]], "armWidth": 68.4237, "confidence": 1, "direction": [0.565954, 0.445363, -0.693793], "elbow": [-142.188, 100.374, 279.296], "grabAngle": 2.98861, "grabStrength": 0.0313587, "id": 74, "palmNormal": [-0.168363, -0.761366, -0.62608], "palmPosition": [137.981, 243.814, 124.544], "palmVelocity": [-23.81, 20.253, -9.36061], "palmWidth": 93.0355, "pinchDistance": 51.1033, "pinchStrength": 0.378706, "r": [[-0.428815, 0.349367, -0.833103], [-0.599202, -0.800139, -0.0271214], [-0.676073, 0.487567, 0.552453]], "s": 1.05668, "sphereCenter": [143.321, 217.203, 90.1907], "sphereRadius": 41.8689, "stabilizedPalmPosition": [140.078, 243.198, 125.786], "t": [284.24, 59.2584, 11.3075], "timeVisible": 5.38682, "type": "left", "wrist": [85.4972, 216.489, 174.934]}], "id": 27318, "interactionBox": {"center": [0, 200, 0], "size": [235.247, 235.247, 147.751]}, "pointables": [{"bases": [[[0.700581, 0.53923, -0.467352], [-0.269363, 0.806335, 0.526562], [0.66078, -0.243011, 0.710152]], [[0.763379, 0.512109, -0.393696], [-0.484847, 0.856988, 0.174626], [0.426821, 0.0575762, 0.902502]], [[0.763379, 0.512109, -0.393696], [-0.616183, 0.760204, -0.20593], [0.193831, 0.399792, 0.895877]], [[0.763379, 0.512109, -0.393696], [-0.64507, 0.63619, -0.423257], [0.0337116, 0.577067, 0.816001]]], "btipPosition": [197.133, 222.773, 42.7619], "carpPosition": [123.774, 226.539, 170.722], "dipPosition": [196.555, 232.655, 56.7359], "direction": [0.193831, -0.399792, -0.895877], "extended": true, "handId": 74, "id": 741, "length": 58.9429, "mcpPosition": [173.48, 244.82, 117.302], "pipPosition": [191.86, 242.34, 78.4395], "stabilizedTipPosition": [198.586, 223.97, 46.798], "timeVisible": 5.38682, "tipPosition": [197.232, 225.707, 45.7036], "tipVelocity": [-4.29275, 34.0208, 8.54635], "tool": false, "touchDistance": 0.333458, "touchZone": "hovering", "type": 1, "width": 21.2066}, {"bases": [[[0.0637356, 0.957477, 0.281382], [-0.503942, -0.212488, 0.837193], [0.861383, -0.195159, 0.46897]], [[-0.0832299, 0.976703, 0.197797], [-0.88809, -0.162739, 0.429897], [0.452071, -0.139881, 0.880945]], [[-0.0832299, 0.976703, 0.197797], [-0.983839, -0.112112, 0.139615], [0.158538, -0.18298, 0.970249]], [[-0.0832299, 0.976703, 0.197797], [-0.971454, -0.0352739, -0.234593], [-0.222151, -0.211676, 0.951758]]], "btipPosition": [144.152, 220.918, 68.2847], "carpPosition": [120.871, 202.559, 168.731], "dipPosition": [149.363, 215.952, 90.6105], "direction": [0.158538, 0.18298, -0.970249], "extended": false, "handId": 74, "id": 740, "length": 52.2364, "mcpPosition": [120.871, 202.559, 168.731], "pipPosition": [143.945, 209.699, 123.768], "stabilizedTipPosition": [146.648, 218.778, 74.3683], "timeVisible": 5.38682, "tipPosition": [146.847, 218.046, 73.8248], "tipVelocity": [-1.75487, 24.538, -13.5942], "tool": false, "touchDistance": 0.16883, "touchZone": "hovering", "type": 0, "width": 22.2012}, {"bases": [[[0.819, 0.356027, -0.449983], [-0.132471, 0.880359, 0.455433], [0.558293, -0.31339, 0.768177]], [[0.851003, 0.336594, -0.40311], [-0.517637, 0.408165, -0.751966], [-0.0885713, 0.84859, 0.521584]], [[0.851003, 0.336594, -0.40311], [0.0634025, -0.827831, -0.557383], [-0.521319, 0.448777, -0.725828]], [[0.851003, 0.336594, -0.40311], [0.351095, -0.935488, -0.0399297], [-0.390545, -0.10755, -0.91428]]], "btipPosition": [129.248, 205.399, 123.301], "carpPosition": [115.915, 234.805, 165.391], "dipPosition": [136.605, 203.374, 106.081], "direction": [-0.521319, -0.448777, 0.725828], "extended": false, "handId": 74, "id": 742, "length": 67.1607, "mcpPosition": [155.742, 257.161, 110.592], "pipPosition": [151.463, 216.165, 85.3931], "stabilizedTipPosition": [132.63, 204.331, 120.571], "timeVisible": 5.38682, "tipPosition": [130.404, 204.712, 117.681], "tipVelocity": [-12.0845, 18.0233, -16.099], "tool": false, "touchDistance": 0.822342, "touchZone": "none", "type": 2, "width": 20.8277}, {"bases": [[[0.899871, 0.238643, -0.365078], [-0.0557544, 0.893107, 0.446376], [0.432579, -0.381326, 0.816986]], [[0.872312, 0.26108, -0.413411], [-0.488487, 0.428588, -0.760061], [-0.0212534, 0.864957, 0.501396]], [[0.872312, 0.26108, -0.413411], [-0.0121214, -0.833703, -0.552081], [-0.488799, 0.486598, -0.724084]], [[0.872312, 0.26108, -0.413411], [0.2701, -0.962095, -0.0376659], [-0.407575, -0.078806, -0.909765]]], "btipPosition": [111.818, 213.982, 121.903], "carpPosition": [106.269, 240.329, 159.541], "dipPosition": [119.451, 212.506, 104.865], "direction": [-0.488799, -0.486598, 0.724084], "extended": false, "handId": 74, "id": 743, "length": 64.5768, "mcpPosition": [133.974, 264.752, 107.214], "pipPosition": [133.023, 226.017, 84.7606], "stabilizedTipPosition": [115.428, 213.088, 119.084], "timeVisible": 5.38682, "tipPosition": [115.253, 213.23, 118.311], "tipVelocity": [-12.521, 12.1587, -23.1936], "tool": false, "touchDistance": 0.799733, "touchZone": "none", "type": 3, "width": 19.8189}, {"bases": [[[0.940648, 0.0420353, -0.33677], [0.123325, 0.882131, 0.454572], [0.316183, -0.469125, 0.824591]], [[0.896033, 0.097893, -0.433061], [-0.416724, 0.521964, -0.744241], [0.153187, 0.847331, 0.508491]], [[0.896033, 0.097893, -0.433061], [-0.180529, -0.810788, -0.556805], [-0.405628, 0.577095, -0.70882]], [[0.896033, 0.097893, -0.433061], [0.0932206, -0.995129, -0.032068], [-0.434091, -0.0116362, -0.900794]]], "btipPosition": [102.545, 225.841, 114.639], "carpPosition": [93.8216, 239.17, 152.091], "dipPosition": [110.045, 225.64, 99.0765], "direction": [-0.405628, -0.577095, 0.708821], "extended": false, "handId": 74, "id": 744, "length": 50.627, "mcpPosition": [112.568, 266.983, 103.202], "pipPosition": [117.997, 236.953, 85.1809], "stabilizedTipPosition": [105.989, 225.293, 111.858], "timeVisible": 5.38682, "tipPosition": [105.2, 225.296, 109.382], "tipVelocity": [-14.395, 10.7509, -22.7782], "tool": false, "touchDistance": 0.684328, "touchZone": "none", "type": 4, "width": 17.6047}], "r": [[-0.428815, 0.349367, -0.833103], [-0.599202, -0.800139, -0.0271214], [-0.676073, 0.487567, 0.552453]], "s": 1.05668, "t": [-284.24, 59.2584, 11.3075], "timestamp": 629678019299}, {"currentFrameRate": 55.3397, "devices": [], "gestures": [], "hands": [{"armBasis": [[0.56734, 0.64036, -0.51775], [-0.0224956, 0.640548, 0.767588], [0.823176, -0.423836, 0.377814]], "armWidth": 68.4237, "confidence": 1, "direction": [0.560859, 0.442383, -0.699811], "elbow": [-142.203, 99.6896, 279.442], "grabAngle": 2.98672, "grabStrength": 0.0251131, "id": 74, "palmNormal": [-0.162564, -0.769973, -0.617021], "palmPosition": [137.253, 243.918, 124.414], "palmVelocity": [-40.3475, 5.77171, -7.23419], "palmWidth": 93.0355, "pinchDistance": 51.3701, "pinchStrength": 0.380494, "r": [[-0.427302, 0.349755, -0.833718], [-0.601863, -0.798164, -0.0263692], [-0.674666, 0.490516, 0.551561]], "s": 1.05683, "sphereCenter": [143.315, 216.82, 90.5827], "sphereRadius": 41.9305, "stabilizedPalmPosition": [139.913, 243.24, 125.705], "t": [283.689, 59.4211, 11.1688], "timeVisible": 5.40486, "type": "left", "wrist": [85.0516, 216.698, 175.139]}], "id": 27319, "interactionBox": {"center": [0, 200, 0], "size": [235.247, 235.247, 147.751]}, "pointables": [{"bases": [[[0.706101, 0.527575, -0.472321], [-0.263001, 0.814693, 0.516823], [0.657459, -0.240708, 0.714008]], [[0.767149, 0.501438, -0.400053], [-0.476602, 0.86297, 0.167729], [0.42934, 0.0619928, 0.901013]], [[0.767149, 0.501438, -0.400053], [-0.609148, 0.764932, -0.209326], [0.20105, 0.404275, 0.892267]], [[0.767149, 0.501438, -0.400053], [-0.639993, 0.640578, -0.424344], [0.0434832, 0.581567, 0.812336]]], "btipPosition": [196.833, 222.733, 42.7746], "carpPosition": [123.274, 227.049, 170.811], "dipPosition": [196.089, 232.693, 56.6858], "direction": [0.20105, -0.404275, -0.892267], "extended": true, "handId": 74, "id": 741, "length": 58.9429, "mcpPosition": [172.73, 245.156, 117.101], "pipPosition": [191.218, 242.487, 78.3019], "stabilizedTipPosition": [198.357, 224.095, 46.7001], "timeVisible": 5.40486, "tipPosition": [196.541, 225.423, 45.694], "tipVelocity": [-18.7221, -1.1901, -0.0957773], "tool": false, "touchDistance": 0.333338, "touchZone": "hovering", "type": 1, "width": 21.2066}, {"bases": [[[0.0718207, 0.96004, 0.270489], [-0.507145, -0.198369, 0.838722], [0.858863, -0.197415, 0.472632]], [[-0.0762161, 0.979662, 0.185618], [-0.889731, -0.150851, 0.430839], [0.450077, -0.132313, 0.883133]], [[-0.0762161, 0.979662, 0.185618], [-0.98497, -0.102912, 0.138719], [0.155, -0.172255, 0.972781]], [[-0.0762161, 0.979662, 0.185618], [-0.970692, -0.030348, -0.238402], [-0.22792, -0.198348, 0.953263]]], "btipPosition": [143.504, 220.316, 68.4198], "carpPosition": [120.582, 203.023, 169.1], "dipPosition": [148.851, 215.663, 90.7809], "direction": [0.155, 0.172255, -0.972781], "extended": false, "handId": 74, "id": 740, "length": 52.2364, "mcpPosition": [120.582, 203.023, 169.1], "pipPosition": [143.554, 209.776, 124.025], "stabilizedTipPosition": [146.458, 218.824, 74.2883], "timeVisible": 5.40486, "tipPosition": [146.255, 217.662, 73.9749], "tipVelocity": [-34.1588, -29.355, 7.93324], "tool": false, "touchDistance": 0.171216, "touchZone": "hovering", "type": 0, "width": 22.2012}, {"bases": [[[0.822854, 0.343536, -0.452652], [-0.125342, 0.886675, 0.445081], [0.554257, -0.309501, 0.772664]], [[0.854609, 0.324359, -0.405505], [-0.512821, 0.40448, -0.757239], [-0.0815985, 0.855094, 0.512011]], [[0.854609, 0.324359, -0.405505], [0.055847, -0.833794, -0.549244], [-0.51626, 0.446743, -0.730682]], [[0.854609, 0.324359, -0.405505], [0.342347, -0.939105, -0.0296792], [-0.390439, -0.113459, -0.913611]]], "btipPosition": [128.861, 205.355, 123.577], "carpPosition": [115.333, 235.183, 165.398], "dipPosition": [136.215, 203.218, 106.369], "direction": [-0.51626, -0.446743, 0.730682], "extended": false, "handId": 74, "id": 742, "length": 67.1607, "mcpPosition": [154.872, 257.262, 110.279], "pipPosition": [150.93, 215.951, 85.5428], "stabilizedTipPosition": [132.537, 204.355, 120.529], "timeVisible": 5.40486, "tipPosition": [130.016, 204.675, 118.02], "tipVelocity": [-21.4687, -3.88065, 15.4246], "tool": false, "touchDistance": 0.826981, "touchZone": "none", "type": 2, "width": 20.8277}, {"bases": [[[0.902541, 0.226421, -0.36627], [-0.0485002, 0.898635, 0.436008], [0.427864, -0.375751, 0.822036]], [[0.880781, 0.244337, -0.405617], [-0.473285, 0.427009, -0.770496], [-0.0150591, 0.87061, 0.491743]], [[0.880781, 0.244337, -0.405617], [-0.0175297, -0.839178, -0.543574], [-0.4732, 0.485879, -0.734849]], [[0.880781, 0.244337, -0.405617], [0.257396, -0.966032, -0.0229986], [-0.397458, -0.0841473, -0.913754]]], "btipPosition": [111.776, 213.716, 122.346], "carpPosition": [105.628, 240.553, 159.501], "dipPosition": [119.219, 212.14, 105.234], "direction": [-0.4732, -0.485879, 0.734849], "extended": false, "handId": 74, "id": 743, "length": 64.5768, "mcpPosition": [133.032, 264.619, 106.852], "pipPosition": [132.358, 225.631, 84.8301], "stabilizedTipPosition": [115.357, 213.097, 119.06], "timeVisible": 5.40486, "tipPosition": [114.752, 213.072, 118.565], "tipVelocity": [-4.75371, -16.0085, 23.6006], "tool": false, "touchDistance": 0.806832, "touchZone": "none", "type": 3, "width": 19.8189}, {"bases": [[[0.941519, 0.0297965, -0.335639], [0.130461, 0.886161, 0.444632], [0.310679, -0.462418, 0.830451]], [[0.897556, 0.0849393, -0.43264], [-0.410872, 0.517069, -0.750882], [0.159925, 0.851719, 0.498998]], [[0.897556, 0.0849393, -0.43264], [-0.187235, -0.81496, -0.548437], [-0.399168, 0.573259, -0.715569]], [[0.897556, 0.0849393, -0.43264], [0.0845926, -0.996213, -0.0200882], [-0.432708, -0.0185679, -0.901343]]], "btipPosition": [101.967, 225.511, 114.765], "carpPosition": [93.1804, 239.198, 152.087], "dipPosition": [109.443, 225.19, 99.1933], "direction": [-0.399168, -0.573259, 0.715569], "extended": false, "handId": 74, "id": 744, "length": 50.627, "mcpPosition": [111.6, 266.614, 102.85], "pipPosition": [117.268, 236.429, 85.1654], "stabilizedTipPosition": [105.868, 225.3, 111.822], "timeVisible": 5.40486, "tipPosition": [104.613, 224.936, 109.521], "tipVelocity": [-32.3418, -19.8076, 6.87871], "tool": false, "touchDistance": 0.686397, "touchZone": "none", "type": 4, "width": 17.6047}], "r": [[-0.427302, 0.349755, -0.833718], [-0.601863, -0.798164, -0.0263692], [-0.674666, 0.490516, 0.551561]], "s": 1.05683, "t": [-283.689, 59.4211, 11.1688], "timestamp": 629678037347}, {"currentFrameRate": 55.3273, "devices": [], "gestures": [], "hands": [{"armBasis": [[0.568996, 0.644079, -0.511279], [-0.0243863, 0.634678, 0.772391], [0.821979, -0.427019, 0.376836]], "armWidth": 68.4237, "confidence": 1, "direction": [0.556639, 0.443107, -0.702716], "elbow": [-142.917, 98.4297, 278.921], "grabAngle": 2.98512, "grabStrength": 0.0188146, "id": 74, "palmNormal": [-0.16765, -0.768558, -0.617424], "palmPosition": [135.914, 243.619, 123.922], "palmVelocity": [-73.8861, -16.4852, -27.1341], "palmWidth": 93.0355, "pinchDistance": 51.7087, "pinchStrength": 0.384685, "r": [[-0.425042, 0.350287, -0.834649], [-0.603763, -0.79671, -0.0268997], [-0.674395, 0.492497, 0.550126]], "s": 1.05725, "sphereCenter": [142.414, 216.409, 90.2802], "sphereRadius": 42.0143, "stabilizedPalmPosition": [139.643, 243.266, 125.585], "t": [282.745, 59.3531, 10.8537], "timeVisible": 5.42298, "type": "left", "wrist": [84.0069, 216.317, 174.888]}], "id": 27320, "interactionBox": {"center": [0, 200, 0], "size": [235.247, 235.247, 147.751]}, "pointables": [{"bases": [[[0.708651, 0.52934, -0.466491], [-0.267461, 0.813358, 0.516637], [0.6529, -0.241347, 0.717964]], [[0.768427, 0.50354, -0.394928], [-0.476738, 0.862129, 0.171623], [0.426898, 0.056397, 0.90254]], [[0.768427, 0.50354, -0.394928], [-0.607651, 0.767686, -0.203516], [0.200702, 0.396365, 0.895887]], [[0.768427, 0.50354, -0.394928], [-0.638387, 0.646114, -0.418328], [0.0445236, 0.573571, 0.817945]]], "btipPosition": [195.35, 222.977, 41.7961], "carpPosition": [122.229, 226.675, 170.38], "dipPosition": [194.588, 232.799, 55.8034], "direction": [0.200702, -0.396365, -0.895887], "extended": true, "handId": 74, "id": 741, "length": 58.9429, "mcpPosition": [171.343, 244.83, 116.372], "pipPosition": [189.726, 242.402, 77.5072], "stabilizedTipPosition": [198.006, 224.221, 46.5145], "timeVisible": 5.42298, "tipPosition": [194.667, 225.211, 44.7762], "tipVelocity": [-82.094, 11.706, -52.7915], "tool": false, "touchDistance": 0.332537, "touchZone": "hovering", "type": 1, "width": 21.2066}, {"bases": [[[0.0688464, 0.959587, 0.272862], [-0.51257, -0.200626, 0.834878], [0.855881, -0.197339, 0.478043]], [[-0.0794898, 0.979232, 0.186512], [-0.892226, -0.153331, 0.424761], [0.444538, -0.132647, 0.885884]], [[-0.0794898, 0.979232, 0.186512], [-0.985748, -0.105046, 0.1314], [0.148263, -0.173409, 0.973626]], [[-0.0794898, 0.979232, 0.186512], [-0.968408, -0.0314946, -0.247373], [-0.236361, -0.200284, 0.9508]]], "btipPosition": [141.709, 220.05, 67.8477], "carpPosition": [119.497, 202.656, 168.639], "dipPosition": [147.253, 215.352, 90.1511], "direction": [0.148263, 0.173409, -0.973626], "extended": false, "handId": 74, "id": 740, "length": 52.2364, "mcpPosition": [119.497, 202.656, 168.639], "pipPosition": [142.186, 209.426, 123.424], "stabilizedTipPosition": [146.062, 218.841, 74.1386], "timeVisible": 5.42298, "tipPosition": [144.536, 217.461, 73.3698], "tipVelocity": [-96.597, -15.231, -32.3092], "tool": false, "touchDistance": 0.161461, "touchZone": "hovering", "type": 0, "width": 22.2012}, {"bases": [[[0.825488, 0.345401, -0.446395], [-0.129405, 0.885643, 0.445971], [0.549386, -0.310377, 0.775784]], [[0.856945, 0.326168, -0.399073], [-0.508409, 0.407785, -0.75844], [-0.0846428, 0.852834, 0.515276]], [[0.856945, 0.326168, -0.399073], [0.0591798, -0.831434, -0.552463], [-0.511998, 0.449814, -0.731796]], [[0.856945, 0.326168, -0.399073], [0.343061, -0.938813, -0.0306347], [-0.384647, -0.110654, -0.916407]]], "btipPosition": [127.526, 205.032, 122.919], "carpPosition": [114.262, 234.829, 165.036], "dipPosition": [134.771, 202.948, 105.659], "direction": [-0.511998, -0.449814, 0.731796], "extended": false, "handId": 74, "id": 742, "length": 67.1607, "mcpPosition": [153.453, 256.97, 109.695], "pipPosition": [149.364, 215.769, 84.8009], "stabilizedTipPosition": [132.362, 204.365, 120.446], "timeVisible": 5.42298, "tipPosition": [128.594, 204.399, 117.515], "tipVelocity": [-75.086, -17.1363, -36.9578], "tool": false, "touchDistance": 0.815822, "touchZone": "none", "type": 2, "width": 20.8277}, {"bases": [[[0.904727, 0.228208, -0.359707], [-0.0525181, 0.897712, 0.437441], [0.422741, -0.376874, 0.82417]], [[0.890703, 0.240179, -0.385956], [-0.454126, 0.431937, -0.779231], [-0.0204458, 0.869336, 0.493799]], [[0.890703, 0.240179, -0.385956], [-0.010262, -0.838189, -0.545283], [-0.45447, 0.489646, -0.744113]], [[0.890703, 0.240179, -0.385956], [0.252894, -0.96732, -0.0183342], [-0.377747, -0.0812757, -0.922335]]], "btipPosition": [110.991, 213.356, 122.25], "carpPosition": [104.524, 240.222, 159.216], "dipPosition": [118.065, 211.834, 104.977], "direction": [-0.45447, -0.489646, 0.744113], "extended": false, "handId": 74, "id": 743, "length": 64.5768, "mcpPosition": [131.6, 264.36, 106.43], "pipPosition": [130.684, 225.429, 84.3162], "stabilizedTipPosition": [115.229, 213.093, 119.023], "timeVisible": 5.42298, "tipPosition": [113.309, 212.819, 118.17], "tipVelocity": [-47.9978, -19.202, -7.33553], "tool": false, "touchDistance": 0.804617, "touchZone": "none", "type": 3, "width": 19.8189}, {"bases": [[[0.943732, 0.0315694, -0.329201], [0.126395, 0.885432, 0.447252], [0.305605, -0.463695, 0.83162]], [[0.900361, 0.0868524, -0.426389], [-0.406399, 0.518071, -0.752624], [0.155532, 0.850917, 0.501747]], [[0.900361, 0.0868524, -0.426389], [-0.181559, -0.81553, -0.549497], [-0.395458, 0.57216, -0.718502]], [[0.900361, 0.0868524, -0.426389], [0.0874458, -0.996002, -0.0182286], [-0.426268, -0.0208736, -0.904356]]], "btipPosition": [100.539, 225.375, 114.505], "carpPosition": [92.0244, 238.896, 151.883], "dipPosition": [107.903, 225.015, 98.8807], "direction": [-0.395458, -0.57216, 0.718502], "extended": false, "handId": 74, "id": 744, "length": 50.627, "mcpPosition": [110.143, 266.388, 102.578], "pipPosition": [115.655, 236.231, 84.7953], "stabilizedTipPosition": [105.623, 225.3, 111.761], "timeVisible": 5.42298, "tipPosition": [103.146, 224.709, 109.224], "tipVelocity": [-80.2617, -8.01381, -15.0447], "tool": false, "touchDistance": 0.681854, "touchZone": "none", "type": 4, "width": 17.6047}], "r": [[-0.425042, 0.350287, -0.834649], [-0.603763, -0.79671, -0.0268997], [-0.674395, 0.492497, 0.550126]], "s": 1.05725, "t": [-282.745, 59.3531, 10.8537], "timestamp": 629678055464}, {"currentFrameRate": 55.3287, "devices": [], "gestures": [], "hands": [{"armBasis": [[0.572481, 0.644517, -0.506817], [-0.023506, 0.630779, 0.775607], [0.819581, -0.432107, 0.376259]], "armWidth": 68.4237, "confidence": 1, "direction": [0.554648, 0.446298, -0.70227], "elbow": [-143.488, 96.7855, 278.239], "grabAngle": 2.98355, "grabStrength": 0.0133827, "id": 74, "palmNormal": [-0.167568, -0.766787, -0.619644], "palmPosition": [134.532, 243.658, 123.403], "palmVelocity": [-76.4845, 2.13205, -28.7523], "palmWidth": 93.0355, "pinchDistance": 51.8993, "pinchStrength": 0.385362, "r": [[-0.422815, 0.351391, -0.835315], [-0.605522, -0.795333, -0.0280728], [-0.674219, 0.493932, 0.549054]], "s": 1.05786, "sphereCenter": [141.615, 216.392, 89.9095], "sphereRadius": 42.0916, "stabilizedPalmPosition": [139.262, 243.295, 125.422], "t": [281.581, 59.3383, 10.4364], "timeVisible": 5.44105, "type": "left", "wrist": [82.7737, 216.077, 174.365]}], "id": 27321, "interactionBox": {"center": [0, 200, 0], "size": [235.247, 235.247, 147.751]}, "pointables": [{"bases": [[[0.710341, 0.529747, -0.463448], [-0.267123, 0.812077, 0.518822], [0.6512, -0.244743, 0.718359]], [[0.768051, 0.504575, -0.394336], [-0.475745, 0.861778, 0.176082], [0.428677, 0.0523632, 0.901939]], [[0.768051, 0.504575, -0.394336], [-0.606788, 0.770252, -0.196264], [0.204708, 0.390019, 0.897764]], [[0.768051, 0.504575, -0.394336], [-0.638514, 0.650468, -0.411329], [0.0489566, 0.567711, 0.821771]]], "btipPosition": [194.202, 223.524, 41.1307], "carpPosition": [120.959, 226.539, 169.829], "dipPosition": [193.364, 233.246, 55.2035], "direction": [0.204708, -0.390019, -0.897764], "extended": true, "handId": 74, "id": 741, "length": 58.9429, "mcpPosition": [169.945, 244.95, 115.791], "pipPosition": [188.404, 242.695, 76.9528], "stabilizedTipPosition": [197.583, 224.384, 46.2874], "timeVisible": 5.44105, "tipPosition": [193.188, 225.607, 44.0958], "tipVelocity": [-64.5147, 29.0139, -35.992], "tool": false, "touchDistance": 0.332752, "touchZone": "hovering", "type": 1, "width": 21.2066}, {"bases": [[[0.0698617, 0.958574, 0.276145], [-0.514417, -0.202558, 0.833274], [0.85469, -0.200268, 0.478955]], [[-0.079482, 0.978782, 0.188861], [-0.89325, -0.154031, 0.42235], [0.442479, -0.135131, 0.886539]], [[-0.079482, 0.978782, 0.188861], [-0.9859, -0.105174, 0.130152], [0.147254, -0.175854, 0.973341]], [[-0.079482, 0.978782, 0.188861], [-0.968036, -0.0305752, -0.248939], [-0.237883, -0.202611, 0.949927]]], "btipPosition": [140.298, 220.181, 67.2198], "carpPosition": [118.262, 202.521, 168.015], "dipPosition": [145.878, 215.428, 89.5027], "direction": [0.147254, 0.175854, -0.973341], "extended": false, "handId": 74, "id": 740, "length": 52.2364, "mcpPosition": [118.262, 202.521, 168.015], "pipPosition": [140.846, 209.419, 122.766], "stabilizedTipPosition": [145.556, 218.869, 73.9361], "timeVisible": 5.44105, "tipPosition": [143.092, 217.689, 72.7459], "tipVelocity": [-77.6058, 6.53076, -35.0096], "tool": false, "touchDistance": 0.150918, "touchZone": "hovering", "type": 0, "width": 22.2012}, {"bases": [[[0.82685, 0.345558, -0.443745], [-0.128824, 0.884376, 0.448647], [0.547471, -0.313799, 0.775762]], [[0.85819, 0.326119, -0.396429], [-0.506401, 0.411375, -0.757845], [-0.0840669, 0.851127, 0.518185]], [[0.85819, 0.326119, -0.396429], [0.0579539, -0.828881, -0.556414], [-0.51005, 0.454535, -0.730238]], [[0.85819, 0.326119, -0.396429], [0.341458, -0.939299, -0.033517], [-0.383296, -0.1066, -0.917453]]], "btipPosition": [126.206, 205.017, 122.246], "carpPosition": [112.969, 234.698, 164.527], "dipPosition": [133.425, 203.009, 104.966], "direction": [-0.51005, -0.454535, 0.730238], "extended": false, "handId": 74, "id": 742, "length": 67.1607, "mcpPosition": [152.024, 257.083, 109.187], "pipPosition": [147.963, 215.964, 84.1529], "stabilizedTipPosition": [132.108, 204.376, 120.323], "timeVisible": 5.44105, "tipPosition": [127.265, 204.448, 116.886], "tipVelocity": [-73.4011, 0.120023, -37.4857], "tool": false, "touchDistance": 0.804533, "touchZone": "none", "type": 2, "width": 20.8277}, {"bases": [[[0.905745, 0.227955, -0.357299], [-0.0519021, 0.89635, 0.440298], [0.420633, -0.380253, 0.823696]], [[0.89597, 0.236523, -0.375892], [-0.443638, 0.43745, -0.782191], [-0.0205719, 0.86758, 0.496872]], [[0.89597, 0.236523, -0.375892], [-0.0100271, -0.835396, -0.549557], [-0.444002, 0.496155, -0.746118]], [[0.89597, 0.236523, -0.375892], [0.247658, -0.968657, -0.0191956], [-0.368651, -0.0758941, -0.926464]]], "btipPosition": [-110, 213.242, 121.802], "carpPosition": [103.212, 240.095, 158.743], "dipPosition": [116.903, 211.821, 104.452], "direction": [-0.444002, -0.496155, 0.746118], "extended": false, "handId": 74, "id": 743, "length": 64.5768, "mcpPosition": [130.153, 264.449, 105.987], "pipPosition": [129.231, 225.597, 83.7354], "stabilizedTipPosition": [115.045, 213.084, 118.962], "timeVisible": 5.44105, "tipPosition": [111.957, 212.843, 117.595], "tipVelocity": [-57.0414, -5.01499, -25.7698], "tool": false, "touchDistance": 0.796856, "touchZone": "none", "type": 3, "width": 19.8189}, {"bases": [[[0.944383, 0.0311555, -0.327369], [0.126973, 0.883755, 0.450395], [0.303346, -0.466912, 0.830647]], [[0.901277, 0.0868265, -0.424453], [-0.404199, 0.521187, -0.751656], [0.155956, 0.849014, 0.50483]], [[0.901277, 0.0868265, -0.424453], [-0.182181, -0.812929, -0.553134], [-0.393077, 0.575854, -0.716856]], [[0.901277, 0.0868265, -0.424453], [0.0858684, -0.996076, -0.0214266], [-0.424648, -0.0171358, -0.905196]]], "btipPosition": [99.1712, 225.373, 113.98], "carpPosition": [90.7013, 238.773, 151.428], "dipPosition": [106.508, 225.077, 98.3419], "direction": [-0.393077, -0.575854, 0.716856], "extended": false, "handId": 74, "id": 744, "length": 50.627, "mcpPosition": [108.686, 266.456, 102.18], "pipPosition": [114.213, 236.366, 84.2888], "stabilizedTipPosition": [105.268, 225.3, 111.659], "timeVisible": 5.44105, "tipPosition": [101.766, 224.745, 108.704], "tipVelocity": [-76.0312, 0.719872, -29.2], "tool": false, "touchDistance": 0.67306, "touchZone": "none", "type": 4, "width": 17.6047}], "r": [[-0.422815, 0.351391, -0.835315], [-0.605522, -0.795333, -0.0280728], [-0.674219, 0.493932, 0.549054]], "s": 1.05786, "t": [-281.581, 59.3383, 10.4364], "timestamp": 629678073533}, {"currentFrameRate": 55.3212, "devices": [], "gestures": [], "hands": [{"armBasis": [[0.576656, 0.643723, -0.503079], [-0.0239158, 0.62881, 0.777191], [0.816637, -0.43614, 0.378002]], "armWidth": 68.4237, "confidence": 1, "direction": [0.55497, 0.454089, -0.697002], "elbow": [-144.213, 95.6952, 277.922], "grabAngle": 2.98586, "grabStrength": 0.019348, "id": 74, "palmNormal": [-0.163615, -0.761924, -0.626659], "palmPosition": [132.992, 244.255, 122.899], "palmVelocity": [-85.0785, 32.9707, -27.8308], "palmWidth": 93.0355, "pinchDistance": 52.0558, "pinchStrength": 0.387942, "r": [[-0.421224, 0.353979, -0.835027], [-0.607436, -0.793799, -0.0300847], [-0.673492, 0.494553, 0.549387]], "s": 1.05755, "sphereCenter": [140.982, 217.075, 89.542], "sphereRadius": 42.0959, "stabilizedPalmPosition": [138.701, 243.381, 125.197], "t": [280.23, 59.6294, 9.9758], "timeVisible": 5.45915, "type": "left", "wrist": [81.2358, 216.1, 173.567]}], "id": 27322, "interactionBox": {"center": [0, 200, 0], "size": [235.247, 235.247, 147.751]}, "pointables": [{"bases": [[[0.710862, 0.531504, -0.460629], [-0.263276, 0.808395, 0.526482], [0.652197, -0.252983, 0.714589]], [[0.766482, 0.506677, -0.394694], [-0.475168, 0.860808, 0.182278], [0.432112, 0.0478332, 0.90055]], [[0.766482, 0.506677, -0.394694], [-0.608362, 0.769775, -0.193242], [0.205914, 0.388234, 0.898262]], [[0.766482, 0.506677, -0.394694], [-0.640518, 0.648328, -0.411592], [0.047347, 0.568287, 0.821467]]], "btipPosition": [192.826, 224.526, 40.7798], "carpPosition": [119.359, 226.693, 169.142], "dipPosition": [192.015, 234.258, 54.8474], "direction": [0.205914, -0.388234, -0.898262], "extended": true, "handId": 74, "id": 741, "length": 58.9429, "mcpPosition": [168.419, 245.723, 115.388], "pipPosition": [187.027, 243.664, 76.6087], "stabilizedTipPosition": [196.972, 224.678, 46.0066], "timeVisible": 5.45915, "tipPosition": [191.924, 227.064, 43.5996], "tipVelocity": [-75.6683, 55.4806, -19.4523], "tool": false, "touchDistance": 0.333011, "touchZone": "hovering", "type": 1, "width": 21.2066}, {"bases": [[[0.073569, 0.955927, 0.284238], [-0.512993, -0.20814, 0.832776], [0.855234, -0.207079, 0.475071]], [[-0.0791448, 0.977494, 0.195556], [-0.893381