{"frames": 46, "data": [{"currentFrameRate": 55.3143, "devices": [], "gestures": [], "hands": [{"armBasis": [[0.709821, -0.408867, -0.573569], [0.698227, 0.515836, 0.496379], [0.0929141, -0.752822, 0.651633]], "armWidth": 69.943, "confidence": 1, "direction": [-0.280698, 0.324603, -0.90324], "elbow": [-151.749, -0.52432, 316.734], "grabAngle": 2.93223, "grabStrength": 0.47384, "id": 42, "palmNormal": [0.724681, -0.54537, -0.4212], "palmPosition": [-135.577, 242.802, 66.1992], "palmVelocity": [250.82, -20.4061, -56.3488], "palmWidth": 93.5895, "pinchDistance": 38.766, "pinchStrength": 0.562063, "r": [[-0.515035, -0.836093, -0.18891], [0.378695, -0.419659, 0.82491], [-0.768979, 0.353318, 0.532764]], "s": 0.95685, "sphereCenter": [-120.884, 205.991, 32.9522], "sphereRadius": 47.7452, "stabilizedPalmPosition": [-142.081, 243.094, 67.7348], "t": [-12.4971, 35.8828, 40.8079], "timeVisible": 9.03839, "type": "left", "wrist": [-125.946, 208.545, 135.767]}], "id": 20190, "interactionBox": {"center": [0, 200, 0], "size": [235.247, 235.247, 147.751]}, "pointables": [{"bases": [[[0.667518, -0.707318, -0.232639], [0.742036, 0.606052, 0.286502], [-0.0616565, -0.363871, 0.929406]], [[0.61239, -0.786694, 0.0780504], [0.747351, 0.543902, -0.381623], [0.257769, 0.292033, 0.921017]], [[0.61239, -0.786694, 0.0780504], [0.747351, 0.543902, -0.381623], [0.257769, 0.292033, 0.921017]], [[0.61239, -0.786694, 0.0780504], [0.489214, 0.299555, -0.819107], [0.621006, 0.539796, 0.568306]]], "btipPosition": [-101.058, 244.231, -23.5366], "carpPosition": [-123.534, 244.726, 116.353], "dipPosition": [-111.374, 253.199, -14.0956], "direction": [0.257769, -0.292033, -0.921017], "extended": true, "handId": 42, "id": 421, "length": 57.1794, "mcpPosition": [-128.2, 272.261, 46.0231], "pipPosition": [-117.432, 260.062, 7.54946], "stabilizedTipPosition": [-104.194, 246.252, -21.2696], "timeVisible": 9.03839, "tipPosition": [-103.872, 246.511, -21.3246], "tipVelocity": [282.925, 30.0359, -41.9849], "tool": false, "touchDistance": 0.280159, "touchZone": "hovering", "type": 1, "width": 21.8186}, {"bases": [[[0.956185, 0.240166, 0.167425], [-0.291934, 0.739153, 0.606982], [0.0220236, -0.629264, 0.776879]], [[0.929187, 0.369597, -0.00317522], [-0.34685, 0.874903, 0.337993], [0.127699, -0.312957, 0.941143]], [[0.929187, 0.369597, -0.00317522], [-0.369597, 0.929192, 0.000650115], [0.00319067, 0.000569471, 0.999995]], [[0.929187, 0.369597, -0.00317522], [-0.339223, 0.849351, -0.40439], [-0.146764, 0.376831, 0.914581]]], "btipPosition": [-97.3266, 244.07, 16.2189], "carpPosition": [-100.649, 236.596, 118.504], "dipPosition": [-93.9868, 252.645, 37.0308], "direction": [0.00319067, -0.000569471, -0.999995], "extended": false, "handId": 42, "id": 420, "length": 50.6735, "mcpPosition": [-100.649, 236.596, 118.504], "pipPosition": [-94.0926, 252.664, 70.1823], "stabilizedTipPosition": [-100.871, 247.255, 21.3866], "timeVisible": 9.03839, "tipPosition": [-95.7344, 248.13, 21.6099], "tipVelocity": [238.538, -73.477, -28.3904], "tool": false, "touchDistance": 0.169916, "touchZone": "hovering", "type": 0, "width": 22.8419}, {"bases": [[[0.516706, -0.842859, -0.150344], [0.842672, 0.469611, 0.263382], [-0.151391, -0.262782, 0.952904]], [[0.506698, -0.8571, -0.0929333], [0.336601, 0.295919, -0.893942], [0.793698, 0.421677, 0.438442]], [[0.506698, -0.8571, -0.0929333], [-0.763366, -0.395944, -0.510392], [0.400661, 0.329557, -0.854905]], [[0.506698, -0.8571, -0.0929333], [-0.853794, -0.513827, 0.0837757], [-0.119556, 0.0368968, -0.992142]]], "btipPosition": [-98.007, 226.455, 66.2123], "carpPosition": [-133.234, 237.146, 113.376], "dipPosition": [-95.8225, 227.129, 48.0842], "direction": [0.400661, -0.329557, 0.854905], "extended": false, "handId": 42, "id": 422, "length": 65.1514, "mcpPosition": [-144.098, 256.003, 44.9948], "pipPosition": [-106.9, 236.241, 24.4468], "stabilizedTipPosition": [-103.126, 226.431, 61.4185], "timeVisible": 9.03839, "tipPosition": [-96.1413, 225.45, 56.7189], "tipVelocity": [245.549, 3.48786, -9.62318], "tool": false, "touchDistance": 0.333333, "touchZone": "none", "type": 2, "width": 21.4287}, {"bases": [[[0.423791, -0.90533, -0.0279016], [0.872179, 0.399576, 0.28221], [-0.244344, -0.143933, 0.958947]], [[0.437681, -0.89507, -0.0853537], [0.317358, 0.242606, -0.916748], [0.841261, 0.374155, 0.390242]], [[0.437681, -0.89507, -0.0853537], [-0.794874, -0.340814, -0.502017], [0.42025, 0.287568, -0.860636]], [[0.437681, -0.89507, -0.0853537], [-0.892541, -0.443983, 0.0790563], [-0.108657, 0.0415802, -0.993209]]], "btipPosition": [-110.49, 211.723, 73.4128], "carpPosition": [-140.639, 227.204, 110.926], "dipPosition": [-108.516, 212.478, 55.3694], "direction": [0.42025, -0.287568, 0.860636], "extended": false, "handId": 42, "id": 423, "length": 62.6448, "mcpPosition": [-156.382, 236.478, 49.1412], "pipPosition": [-119.835, 220.224, 32.1881], "stabilizedTipPosition": [-114.709, 212.068, 69.6626], "timeVisible": 9.03839, "tipPosition": [-108.521, 211.818, 67.3842], "tipVelocity": [255.4, -7.35677, -43.2653], "tool": false, "touchDistance": 0.333333, "touchZone": "none", "type": 3, "width": 20.3908}, {"bases": [[[0.242689, -0.969397, 0.0370305], [0.90244, 0.239603, 0.358039], [-0.355955, -0.0534744, 0.932972]], [[0.285516, -0.954982, -0.0805625], [0.429442, 0.202635, -0.880068], [0.856773, 0.216677, 0.467964]], [[0.285516, -0.954982, -0.0805625], [-0.741795, -0.166986, -0.649504], [0.606811, 0.245205, -0.756079]], [[0.285516, -0.954982, -0.0805625], [-0.958287, -0.283347, -0.0374217], [0.0129099, 0.0878865, -0.996047]]], "btipPosition": [-122.102, 202.389, 68.1961], "carpPosition": [-142.085, 212.785, 108.857], "dipPosition": [-122.318, 203.861, 51.5028], "direction": [0.606811, -0.245205, 0.756079], "extended": false, "handId": 42, "id": 424, "length": 49.1123, "mcpPosition": [-163.314, 215.974, 53.2129], "pipPosition": [-133.858, 208.525, 37.1242], "stabilizedTipPosition": [-126.485, 203.084, 64.8479], "timeVisible": 9.03839, "tipPosition": [-121.123, 203.252, 62.1594], "tipVelocity": [268.651, -13.4535, -59.8618], "tool": false, "touchDistance": 0.333333, "touchZone": "none", "type": 4, "width": 18.1127}], "r": [[-0.515035, -0.836093, -0.18891], [0.378695, -0.419659, 0.82491], [-0.768979, 0.353318, 0.532764]], "s": 0.95685, "t": [12.4971, 35.8828, 40.8079], "timestamp": 629541341271}, {"currentFrameRate": 55.3139, "devices": [], "gestures": [], "hands": [{"armBasis": [[0.685941, -0.422711, -0.592283], [0.720652, 0.507315, 0.472539], [0.100727, -0.750964, 0.652616]], "armWidth": 69.943, "confidence": 1, "direction": [-0.277527, 0.324085, -0.904405], "elbow": [-149.018, -0.5239, 316.012], "grabAngle": 2.93849, "grabStrength": 0.449735, "id": 42, "palmNormal": [0.73959, -0.528766, -0.41643], "palmPosition": [-130.432, 242.399, 65.2137], "palmVelocity": [284.551, -22.2724, -54.5055], "palmWidth": 93.5895, "pinchDistance": 39.7944, "pinchStrength": 0.544268, "r": [[-0.525193, -0.830678, -0.184788], [0.381671, -0.424012, 0.821305], [-0.760592, 0.360815, 0.539733]], "s": 0.953684, "sphereCenter": [-114.623, 206.545, 32.1189], "sphereRadius": 47.3645, "stabilizedPalmPosition": [-134.96, 242.669, 66.1936], "t": [-7.92207, 35.46, 39.8676], "timeVisible": 9.05647, "type": "left", "wrist": [-121.045, 208.029, 134.772]}], "id": 20191, "interactionBox": {"center": [0, 200, 0], "size": [235.247, 235.247, 147.751]}, "pointables": [{"bases": [[[0.651069, -0.718908, -0.243475], [0.756719, 0.589847, 0.281882], [-0.0590347, -0.367767, 0.928042]], [[0.596962, -0.799224, 0.0698416], [0.758656, 0.534054, -0.373131], [0.260916, 0.275731, 0.925146]], [[0.596962, -0.799224, 0.0698416], [0.758656, 0.534054, -0.373131], [0.260916, 0.275731, 0.925146]], [[0.596962, -0.799224, 0.0698416], [0.495013, 0.298428, -0.816029], [0.631347, 0.521711, 0.573776]]], "btipPosition": [-95.9029, 245.443, -24.6451], "carpPosition": [-118.955, 244.279, 115.501], "dipPosition": [-106.391, 254.11, -15.1132], "direction": [0.260916, -0.275731, -0.925146], "extended": true, "handId": 42, "id": 421, "length": 57.1794, "mcpPosition": [-123.422, 272.108, 45.275], "pipPosition": [-112.523, 260.59, 6.62889], "stabilizedTipPosition": [-98.7941, 247.34, -22.3564], "timeVisible": 9.05647, "tipPosition": [-97.9199, 247.229, -21.983], "tipVelocity": [282.913, 63.2218, -60.154], "tool": false, "touchDistance": 0.275122, "touchZone": "hovering", "type": 1, "width": 21.8186}, {"bases": [[[0.962404, 0.220518, 0.158587], [-0.271035, 0.74132, 0.61399], [0.0178317, -0.633889, 0.773218]], [[0.935786, 0.352353, -0.0123388], [-0.32791, 0.882659, 0.336732], [0.12954, -0.311063, 0.94152]], [[0.935786, 0.352353, -0.0123388], [-0.3525, 0.935723, -0.0128765], [0.00700869, 0.016399, 0.999841]], [[0.935786, 0.352353, -0.0123388], [-0.321748, 0.839147, -0.438531], [-0.144164, 0.414341, 0.898631]]], "btipPosition": [-92.3364, 242.584, 15.9147], "carpPosition": [-95.9392, 236.585, 117.851], "dipPosition": [-89.0558, 252.013, 36.3636], "direction": [0.00700868, -0.016399, -0.999841], "extended": false, "handId": 42, "id": 420, "length": 50.6735, "mcpPosition": [-95.9392, 236.585, 117.851], "pipPosition": [-89.2882, 252.556, 69.51], "stabilizedTipPosition": [-94.3089, 245.487, 20.8436], "timeVisible": 9.05647, "tipPosition": [-90.3986, 248.272, 21.0223], "tipVelocity": [275.254, -71.351, -21.4456], "tool": false, "touchDistance": 0.194633, "touchZone": "hovering", "type": 0, "width": 22.8419}, {"bases": [[[0.498502, -0.851935, -0.160317], [0.854416, 0.451598, 0.256968], [-0.146522, -0.265077, 0.95303]], [[0.488819, -0.866297, -0.102881], [0.322001, 0.28877, -0.901625], [0.810784, 0.407604, 0.420105]], [[0.488819, -0.866297, -0.102881], [-0.782723, -0.383443, -0.490221], [0.385228, 0.320157, -0.865505]], [[0.488819, -0.866297, -0.102881], [-0.860324, -0.498239, 0.107704], [-0.144563, 0.0358633, -0.988845]]], "btipPosition": [-92.9795, 226.94, 66.3013], "carpPosition": [-128.473, 236.527, 112.382], "dipPosition": [-90.3381, 227.595, 48.2333], "direction": [0.385228, -0.320157, 0.865505], "extended": false, "handId": 42, "id": 422, "length": 65.1514, "mcpPosition": [-138.988, 255.55, 43.9915], "pipPosition": [-100.989, 236.447, 24.3029], "stabilizedTipPosition": [-96.1283, 226.86, 61.8917], "timeVisible": 9.05647, "tipPosition": [-90.6664, 225.94, 56.3925], "tipVelocity": [283.879, 26.5663, 5.68504], "tool": false, "touchDistance": 0.333333, "touchZone": "none", "type": 2, "width": 21.4287}, {"bases": [[[0.405669, -0.913261, -0.0372356], [0.882742, 0.380896, 0.275107], [-0.237062, -0.144472, 0.960692]], [[0.419155, -0.902955, -0.0947755], [0.3074, 0.239364, -0.920983], [0.854292, 0.3569, 0.377899]], [[0.419155, -0.902955, -0.0947755], [-0.808867, -0.323976, -0.490687], [0.412364, 0.282335, -0.866166]], [[0.419155, -0.902955, -0.0947755], [-0.89859, -0.427506, 0.0988703], [-0.129793, 0.0437223, -0.990577]]], "btipPosition": [-105.068, 211.862, 72.8119], "carpPosition": [-135.656, 226.457, 109.8], "dipPosition": [-102.71, 212.656, 54.8163], "direction": [0.412364, -0.282335, 0.866166], "extended": false, "handId": 42, "id": 423, "length": 62.6448, "mcpPosition": [-150.93, 235.765, 47.903], "pipPosition": [-113.817, 220.261, 31.4861], "stabilizedTipPosition": [-107.483, 212.051, 68.9603], "timeVisible": 9.05647, "tipPosition": [-102.83, 211.945, 66.5694], "tipVelocity": [304.77, 8.18748, -32.6261], "tool": false, "touchDistance": 0.333333, "touchZone": "none", "type": 3, "width": 20.3908}, {"bases": [[[0.224037, -0.974141, 0.0292639], [0.910657, 0.219944, 0.349754], [-0.347146, -0.0517084, 0.936385]], [[0.265728, -0.960007, -0.0881735], [0.420187, 0.197651, -0.88565], [0.867659, 0.198292, 0.455904]], [[0.265728, -0.960007, -0.0881735], [-0.753321, -0.1497, -0.640388], [0.601578, 0.236592, -0.762974]], [[0.265728, -0.960007, -0.0881735], [-0.964048, -0.264714, -0.0232083], [-0.00106068, 0.0911706, -0.995835]]], "btipPosition": [-116.249, 202.263, 67.3166], "carpPosition": [-136.797, 212.024, 107.639], "dipPosition": [-116.231, 203.791, 50.6268], "direction": [0.601578, -0.236592, 0.762974], "extended": false, "handId": 42, "id": 424, "length": 49.1123, "mcpPosition": [-157.502, 215.108, 51.7912], "pipPosition": [-127.671, 208.29, 36.1171], "stabilizedTipPosition": [-118.836, 202.733, 63.8246], "timeVisible": 9.05647, "tipPosition": [-115.178, 203.155, 61.1437], "tipVelocity": [326.724, -6.24228, -48.6022], "tool": false, "touchDistance": 0.333333, "touchZone": "none", "type": 4, "width": 18.1127}], "r": [[-0.525193, -0.830678, -0.184788], [0.381671, -0.424012, 0.821305], [-0.760592, 0.360815, 0.539733]], "s": 0.953684, "t": [7.92207, 35.46, 39.8676], "timestamp": 629541359351}, {"currentFrameRate": 55.2852, "devices": [], "gestures": [], "hands": [{"armBasis": [[0.611429, -0.468391, -0.637781], [0.783841, 0.46891, 0.407083], [0.108388, -0.748822, 0.653849]], "armWidth": 69.943, "confidence": 1, "direction": [-0.269169, 0.297748, -0.915912], "elbow": [-145.291, -0.0464218, 315.942], "grabAngle": 2.9274, "grabStrength": 0.337087, "id": 42, "palmNormal": [0.790026, -0.475652, -0.3868], "palmPosition": [-124.198, 241.105, 64.1899], "palmVelocity": [342.778, -71.1402, -56.2932], "palmWidth": 93.5895, "pinchDistance": 39.2611, "pinchStrength": 0.52016, "r": [[-0.546491, -0.818659, -0.176481], [0.383274, -0.431858, 0.816456], [-0.744613, 0.378545, 0.549777]], "s": 0.95545, "sphereCenter": [-105.217, 205.726, 31.8201], "sphereRadius": 47.9596, "stabilizedPalmPosition": [-126.539, 241.445, 64.6257], "t": [-2.51751, 34.6016, 38.8855], "timeVisible": 9.07466, "type": "left", "wrist": [-115.191, 207.911, 134.359]}], "id": 20192, "interactionBox": {"center": [0, 200, 0], "size": [235.247, 235.247, 147.751]}, "pointables": [{"bases": [[[0.588199, -0.765966, -0.259459], [0.806928, 0.534546, 0.251253], [-0.0537583, -0.357151, 0.932498]], [[0.536205, -0.841351, 0.0679097], [0.805276, 0.485777, -0.339928], [0.25301, 0.236957, 0.937996]], [[0.536205, -0.841351, 0.0679097], [0.805276, 0.485777, -0.339928], [0.25301, 0.236957, 0.937996]], [[0.536205, -0.841351, 0.0679097], [0.553785, 0.289933, -0.780552], [0.637029, 0.456143, 0.621391]]], "btipPosition": [-91.5933, 248.088, -27.2934], "carpPosition": [-114.623, 244.107, 114.82], "dipPosition": [-102.176, 255.666, -16.9704], "direction": [0.25301, -0.236957, -0.937996], "extended": true, "handId": 42, "id": 421, "length": 57.1794, "mcpPosition": [-118.691, 271.133, 44.2565], "pipPosition": [-108.122, 261.235, 5.07363], "stabilizedTipPosition": [-94.5098, 249.579, -24.6597], "timeVisible": 9.07466, "tipPosition": [-90.5294, 248.376, -22.75], "tipVelocity": [235.77, 131.646, -135.61], "tool": false, "touchDistance": 0.247277, "touchZone": "hovering", "type": 1, "width": 21.8186}, {"bases": [[[0.980794, 0.150469, 0.124105], [-0.195037, 0.762653, 0.616702], [-0.00185429, -0.629063, 0.777352]], [[0.95626, 0.287626, -0.0532713], [-0.255526, 0.910006, 0.326489], [0.142384, -0.298596, 0.943699]], [[0.95626, 0.287626, -0.0532713], [-0.289611, 0.956535, -0.0341602], [0.0411305, 0.048094, 0.997996]], [[0.95626, 0.287626, -0.0532713], [-0.278057, 0.837236, -0.470872], [-0.0908342, 0.465088, 0.880592]]], "btipPosition": [-84.595, 241.283, 16.434], "carpPosition": [-91.202, 238.13, 118.011], "dipPosition": [-82.528, 251.867, 36.4724], "direction": [0.0411305, -0.048094, -0.997996], "extended": false, "handId": 42, "id": 420, "length": 50.6735, "mcpPosition": [-91.202, 238.13, 118.011], "pipPosition": [-83.8915, 253.461, 69.5576], "stabilizedTipPosition": [-85.0328, 243.876, 21.025], "timeVisible": 9.07466, "tipPosition": [-83.3308, 248.819, 21.2921], "tipVelocity": [410.308, -56.9211, 23.3631], "tool": false, "touchDistance": 0.242988, "touchZone": "hovering", "type": 0, "width": 22.8419}, {"bases": [[[0.42929, -0.887005, -0.170095], [0.893377, 0.389384, 0.224183], [-0.132619, -0.248198, 0.959588]], [[0.420566, -0.900292, -0.112248], [0.30157, 0.255407, -0.918598], [0.855675, 0.35248, 0.378917]], [[0.420566, -0.900292, -0.112248], [-0.829657, -0.33157, -0.449145], [0.367143, 0.282022, -0.88638]], [[0.420566, -0.900292, -0.112248], [-0.886039, -0.434176, 0.162564], [-0.19509, 0.0310873, -0.980292]]], "btipPosition": [-86.2662, 228.589, 67.244], "carpPosition": [-123.438, 235.663, 111.444], "dipPosition": [-82.7016, 229.157, 49.3323], "direction": [0.367143, -0.282022, 0.88638], "extended": false, "handId": 42, "id": 422, "length": 65.1514, "mcpPosition": [-132.955, 253.474, 42.583], "pipPosition": [-92.8528, 236.954, 24.8247], "stabilizedTipPosition": [-87.0362, 228.442, 62.9408], "timeVisible": 9.07466, "tipPosition": [-83.17, 227.602, 57.1464], "tipVelocity": [380.802, 89.5624, 53.8102], "tool": false, "touchDistance": 0.333333, "touchZone": "none", "type": 2, "width": 21.4287}, {"bases": [[[0.336519, -0.940674, -0.0434423], [0.917082, 0.316906, 0.241933], [-0.213813, -0.121255, 0.96932]], [[0.348735, -0.93171, -0.101488], [0.288973, 0.209904, -0.934042], [0.89156, 0.296406, 0.34244]], [[0.348735, -0.93171, -0.101488], [-0.848253, -0.267724, -0.456937], [0.398562, 0.245438, -0.883691]], [[0.348735, -0.93171, -0.101488], [-0.920913, -0.360764, 0.14754], [-0.174078, 0.0420097, -0.983835]]], "btipPosition": [-97.2464, 212.641, 73.0492], "carpPosition": [-129.775, 225.079, 108.703], "dipPosition": [-94.084, 213.404, 55.1762], "direction": [0.398562, -0.245438, 0.883691], "extended": false, "handId": 42, "id": 423, "length": 62.6448, "mcpPosition": [-143.551, 232.892, 46.2504], "pipPosition": [-104.819, 220.015, 31.3739], "stabilizedTipPosition": [-97.2565, 212.765, 68.9399], "timeVisible": 9.07466, "tipPosition": [-94.552, 212.76, 66.7723], "tipVelocity": [440.241, 42.4617, 14.6011], "tool": false, "touchDistance": 0.333333, "touchZone": "none", "type": 3, "width": 20.3908}, {"bases": [[[0.153326, -0.98773, 0.0296647], [0.935742, 0.154773, 0.316911], [-0.317614, -0.0208321, 0.947991]], [[0.19163, -0.977474, -0.0884446], [0.396753, 0.159574, -0.903949], [0.8977, 0.138133, 0.418395]], [[0.19163, -0.977474, -0.0884446], [-0.787474, -0.0993413, -0.608289], [0.585801, 0.186214, -0.788772]], [[0.19163, -0.977474, -0.0884446], [-0.980723, -0.194214, 0.0215267], [-0.038219, 0.0826145, -0.995848]]], "btipPosition": [-107.367, 202.157, 67.3893], "carpPosition": [-129.787, 210.589, 106.623], "dipPosition": [-106.726, 203.541, 50.6993], "direction": [0.585801, -0.186214, 0.788772], "extended": false, "handId": 42, "id": 424, "length": 49.1123, "mcpPosition": [-148.73, 211.831, 50.0835], "pipPosition": [-117.867, 207.082, 35.6989], "stabilizedTipPosition": [-107.515, 202.482, 63.5576], "timeVisible": 9.07466, "tipPosition": [-106.019, 203.047, 61.0143], "tipVelocity": [496.252, -7.66729, 3.99602], "tool": false, "touchDistance": 0.333333, "touchZone": "none", "type": 4, "width": 18.1127}], "r": [[-0.546491, -0.818659, -0.176481], [0.383274, -0.431858, 0.816456], [-0.744613, 0.378545, 0.549777]], "s": 0.95545, "t": [2.51751, 34.6016, 38.8855], "timestamp": 629541377538}, {"currentFrameRate": 55.0763, "devices": [], "gestures": [], "hands": [{"armBasis": [[0.522491, -0.5157, -0.679011], [0.844113, 0.425225, 0.326583], [0.120314, -0.743799, 0.657486]], "armWidth": 69.943, "confidence": 1, "direction": [-0.251465, 0.276357, -0.927573], "elbow": [-141.994, 0.223443, 316.254], "grabAngle": 2.89302, "grabStrength": 0.153821, "id": 42, "palmNormal": [0.837664, -0.417955, -0.351614], "palmPosition": [-116.567, 239.059, 62.9325], "palmVelocity": [404.194, -108.359, -66.5989], "palmWidth": 93.5895, "pinchDistance": 39.5671, "pinchStrength": 0.52546, "r": [[-0.576244, -0.800584, -0.164344], [0.384775, -0.443162, 0.809664], [-0.721035, 0.403328, 0.563414]], "s": 0.965241, "sphereCenter": [-94.8157, 203.297, 31.0245], "sphereRadius": 49.6416, "stabilizedPalmPosition": [-117.096, 239.186, 63.0222], "t": [4.00037, 33.1495, 37.7658], "timeVisible": 9.09354, "type": "left", "wrist": [-108.582, 206.787, 133.661]}], "id": 20193, "interactionBox": {"center": [0, 200, 0], "size": [235.247, 235.247, 147.751]}, "pointables": [{"bases": [[[0.520194, -0.806726, -0.280341], [0.853093, 0.475299, 0.215229], [-0.0403853, -0.351117, 0.93546]], [[0.472719, -0.878683, 0.0667372], [0.856168, 0.440037, -0.270821], [0.208598, 0.18516, 0.960314]], [[0.472719, -0.878683, 0.0667372], [0.856168, 0.440037, -0.270821], [0.208598, 0.18516, 0.960314]], [[0.472719, -0.878683, 0.0667372], [0.666791, 0.307153, -0.679004], [0.576131, 0.365478, 0.731095]]], "btipPosition": [-89.222, 251.222, -31.7137], "carpPosition": [-109.353, 242.81, 113.903], "dipPosition": [-98.793, 257.294, -19.5683], "direction": [0.208598, -0.18516, -0.960314], "extended": true, "handId": 42, "id": 421, "length": 57.1794, "mcpPosition": [-112.409, 269.38, 43.1154], "pipPosition": [-103.695, 261.645, 3.00024], "stabilizedTipPosition": [-92.1923, 251.861, -27.8588], "timeVisible": 9.09354, "tipPosition": [-84.7217, 250.293, -25.2206], "tipVelocity": [137.919, 147.651, -211.926], "tool": false, "touchDistance": 0.180591, "touchZone": "hovering", "type": 1, "width": 21.8186}, {"bases": [[[0.993403, 0.079517, 0.0826333], [-0.113732, 0.775542, 0.620966], [-0.0147082, -0.626268, 0.779469]], [[0.969612, 0.222911, -0.100812], [-0.180725, 0.930372, 0.318978], [0.164896, -0.291066, 0.942385]], [[0.969612, 0.222911, -0.100812], [-0.22845, 0.972417, -0.0470725], [0.0875385, 0.0686726, 0.993791]], [[0.969612, 0.222911, -0.100812], [-0.243579, 0.84115, -0.482841], [-0.0228322, 0.492724, 0.869886]]], "btipPosition": [-74.8673, 239.998, 16.9627], "carpPosition": [-85.7162, 238.542, 118.089], "dipPosition": [-74.3477, 251.21, 36.7575], "direction": [0.0875385, -0.0686726, -0.993791], "extended": false, "handId": 42, "id": 420, "length": 50.6735, "mcpPosition": [-85.7162, 238.542, 118.089], "pipPosition": [-77.2498, 253.486, 69.7033], "stabilizedTipPosition": [-74.7519, 242.577, 21.5153], "timeVisible": 9.09354, "tipPosition": [-74.6237, 248.812, 21.7094], "tipVelocity": [496.387, -60.4343, 25.0357], "tool": false, "touchDistance": 0.283805, "touchZone": "hovering", "type": 0, "width": 22.8419}, {"bases": [[[0.35685, -0.915874, -0.183935], [0.927663, 0.324246, 0.185221], [-0.109999, -0.236726, 0.965329]], [[0.349612, -0.928421, -0.125719], [0.272948, 0.229299, -0.934303], [0.896254, 0.292329, 0.333576]], [[0.349612, -0.928421, -0.125719], [-0.873409, -0.27442, -0.402306], [0.33901, 0.250455, -0.906832]], [[0.349612, -0.928421, -0.125719], [-0.901882, -0.369844, 0.223213], [-0.253732, 0.0353458, -0.966628]]], "btipPosition": [-78.5414, 229.465, 68.0292], "carpPosition": [-117.389, 233.748, 110.201], "dipPosition": [-73.9053, 230.111, 50.3672], "direction": [0.33901, -0.250455, 0.906832], "extended": false, "handId": 42, "id": 422, "length": 65.1514, "mcpPosition": [-125.282, 250.736, 40.9275], "pipPosition": [-83.2786, 237.035, 25.2941], "stabilizedTipPosition": [-77.6792, 229.588, 63.945], "timeVisible": 9.09354, "tipPosition": [-74.5427, 228.585, 57.9196], "tipVelocity": [422.207, 47.3535, 44.6331], "tool": false, "touchDistance": 0.333333, "touchZone": "none", "type": 2, "width": 21.4287}, {"bases": [[[0.26582, -0.962547, -0.0533101], [0.946808, 0.25027, 0.202285], [-0.181367, -0.104246, 0.977875]], [[0.276217, -0.954564, -0.111851], [0.263166, 0.187051, -0.946444], [0.924363, 0.231989, 0.302876]], [[0.276217, -0.954564, -0.111851], [-0.885722, -0.207647, -0.415186], [0.373096, 0.213751, -0.902834]], [[0.276217, -0.954564, -0.111851], [-0.934148, -0.294014, 0.202295], [-0.22599, 0.0486084, -0.972916]]], "btipPosition": [-88.4124, 212.73, 73.0757], "carpPosition": [-122.828, 222.732, 107.245], "dipPosition": [-84.3069, 213.613, 55.401], "direction": [0.373096, -0.213751, 0.902834], "extended": false, "handId": 42, "id": 423, "length": 62.6448, "mcpPosition": [-134.513, 229.448, 44.2408], "pipPosition": [-94.3563, 219.37, 31.0831], "stabilizedTipPosition": [-87.4732, 212.933, 69.0105], "timeVisible": 9.09354, "tipPosition": [-85.1437, 212.93, 66.9135], "tipVelocity": [479.391, 6.14816, 3.81611], "tool": false, "touchDistance": 0.333333, "touchZone": "none", "type": 3, "width": 20.3908}, {"bases": [[[0.0829239, -0.996175, 0.027541], [0.956859, 0.0873127, 0.277123], [-0.278468, 0.00337271, 0.96044]], [[0.116692, -0.98896, -0.0913275], [0.363039, 0.128067, -0.922931], [0.924438, 0.0745432, 0.373976]], [[0.116692, -0.98896, -0.0913275], [-0.823813, -0.0450229, -0.565071], [0.554721, 0.141176, -0.819972]], [[0.116692, -0.98896, -0.0913275], [-0.989547, -0.123619, 0.0742649], [-0.0847349, 0.0817067, -0.993048]]], "btipPosition": [-97.406, 201.457, 67.3259], "carpPosition": [-121.709, 208.276, 105.229], "dipPosition": [-95.9859, 202.827, 50.6828], "direction": [0.554721, -0.141176, 0.819972], "extended": false, "handId": 42, "id": 424, "length": 49.1123, "mcpPosition": [-138.318, 208.074, 47.9465], "pipPosition": [-106.535, 205.512, 35.0891], "stabilizedTipPosition": [-97.0977, 201.774, 63.4981], "timeVisible": 9.09354, "tipPosition": [-95.6189, 202.39, 60.7543], "tipVelocity": [537.078, -37.2154, -2.78728], "tool": false, "touchDistance": 0.333333, "touchZone": "none", "type": 4, "width": 18.1127}], "r": [[-0.576244, -0.800584, -0.164344], [0.384775, -0.443162, 0.809664], [-0.721035, 0.403328, 0.563414]], "s": 0.965241, "t": [-4.00037, 33.1495, 37.7658], "timestamp": 629541396418}, {"currentFrameRate": 55.3438, "devices": [], "gestures": [], "hands": [{"armBasis": [[0.43902, -0.552763, -0.708318], [0.887996, 0.387007, 0.24837], [0.136834, -0.738023, 0.660756]], "armWidth": 69.943, "confidence": 1, "direction": [-0.228615, 0.246753, -0.941726], "elbow": [-139.257, 1.15973, 316.539], "grabAngle": 2.85975, "grabStrength": 0, "id": 42, "palmNormal": [0.875054, -0.371842, -0.309861], "palmPosition": [-107.804, 236.807, 61.4754], "palmVelocity": [511.188, -131.404, -84.995], "palmWidth": 93.5895, "pinchDistance": 50.1239, "pinchStrength": 0.514827, "r": [[-0.610081, -0.778642, -0.146689], [0.386796, -0.454251, 0.802524], [-0.691512, 0.432866, 0.578306]], "s": 0.983844, "sphereCenter": [-82.9815, 201.683, 30.379], "sphereRadius": 51.2301, "stabilizedPalmPosition": [-107.892, 236.829, 61.4901], "t": [11.641, 31.2972, 36.4774], "timeVisible": 9.11068, "type": "left", "wrist": [-101.256, 206.119, 133.038]}], "id": 20194, "interactionBox": {"center": [0, 200, 0], "size": [235.247, 235.247, 147.751]}, "pointables": [{"bases": [[[0.458961, -0.840765, -0.287173], [0.888178, 0.426101, 0.17198], [-0.0222302, -0.333993, 0.942313]], [[0.429603, -0.902834, 0.0182246], [0.885245, 0.417077, -0.205885], [0.178279, 0.104582, 0.978406]], [[0.429603, -0.902834, 0.0182246], [0.885245, 0.417077, -0.205885], [0.178279, 0.104582, 0.978406]], [[0.429603, -0.902834, 0.0182246], [0.742504, 0.341682, -0.576143], [0.513935, 0.261045, 0.817146]]], "btipPosition": [-84.4658, 255.86, -36.1216], "carpPosition": [-102.958, 241.749, 112.624], "dipPosition": [-93.0036, 260.196, -22.5467], "direction": [0.178279, -0.104582, -0.978406], "extended": true, "handId": 42, "id": 421, "length": 57.1794, "mcpPosition": [-104.641, 267.023, 41.318], "pipPosition": [-97.1934, 262.654, 0.447071], "stabilizedTipPosition": [-87.7812, 255.685, -31.7936], "timeVisible": 9.11068, "tipPosition": [-78.7687, 252.146, -28.7038], "tipVelocity": [291.305, 247.243, -237.946], "tool": false, "touchDistance": 0.156519, "touchZone": "hovering", "type": 1, "width": 21.8186}, {"bases": [[[0.998958, 0.0206298, 0.0407069], [-0.0412351, 0.790204, 0.611455], [-0.0195526, -0.612497, 0.790231]], [[0.974746, 0.166243, -0.149107], [-0.11348, 0.943801, 0.310424], [0.192333, -0.285664, 0.938831]], [[0.974746, 0.166243, -0.149107], [-0.176677, 0.982462, -0.0596059], [0.136583, 0.0844445, 0.987023]], [[0.974746, 0.166243, -0.149107], [-0.217975, 0.853431, -0.473438], [0.0485468, 0.493983, 0.868115]]], "btipPosition": [-63.7962, 239.605, 17.1641], "carpPosition": [-79.304, 238.979, 117.843], "dipPosition": [-64.9009, 250.846, 36.9186], "direction": [0.136583, -0.0844445, -0.987023], "extended": false, "handId": 42, "id": 420, "length": 50.6735, "mcpPosition": [-79.304, 238.979, 117.843], "pipPosition": [-69.4289, 253.646, 69.64], "stabilizedTipPosition": [-64.0561, 242.191, 21.7075], "timeVisible": 9.11068, "tipPosition": [-64.808, 248.24, 21.8266], "tipVelocity": [624.016, -22.4983, 11.2062], "tool": false, "touchDistance": 0.311297, "touchZone": "hovering", "type": 0, "width": 22.8419}, {"bases": [[[0.293555, -0.938398, -0.182305], [0.952281, 0.270389, 0.141601], [-0.0835844, -0.215174, 0.972992]], [[0.288015, -0.949612, -0.123633], [0.239052, 0.196312, -0.950955], [0.927309, 0.244335, 0.283547]], [[0.288015, -0.949612, -0.123633], [-0.906744, -0.228907, -0.354142], [0.307997, 0.214101, -0.926984]], [[0.288015, -0.949612, -0.123633], [-0.905837, -0.31204, 0.286513], [-0.310654, 0.0294713, -0.950066]]], "btipPosition": [-69.9765, 229.696, 68.6343], "carpPosition": [-110.277, 232.164, 108.756], "dipPosition": [-64.3003, 230.234, 51.2749], "direction": [0.307997, -0.214101, 0.926984], "extended": false, "handId": 42, "id": 422, "length": 65.1514, "mcpPosition": [-116.275, 247.605, 38.9333], "pipPosition": [-72.8162, 236.154, 25.6446], "stabilizedTipPosition": [-68.7094, 229.818, 64.6387], "timeVisible": 9.11068, "tipPosition": [-65.1822, 228.85, 58.5799], "tipVelocity": [513.568, 12.0299, 39.3555], "tool": false, "touchDistance": 0.333333, "touchZone": "none", "type": 2, "width": 21.4287}, {"bases": [[[0.205428, -0.977529, -0.0472868], [0.967671, 0.195657, 0.159159], [-0.14633, -0.0784537, 0.98612]], [[0.21257, -0.972306, -0.0971335], [0.236552, 0.147654, -0.960334], [0.948081, 0.181161, 0.261387]], [[0.21257, -0.972306, -0.0971335], [-0.913834, -0.162613, -0.372107], [0.346007, 0.167863, -0.923093]], [[0.21257, -0.972306, -0.0971335], [-0.937573, -0.230954, 0.260032], [-0.275264, 0.0357946, -0.960702]]], "btipPosition": [-78.8427, 212.809, 73.2], "carpPosition": [-114.921, 220.796, 105.774], "dipPosition": [-73.842, 213.459, 55.7472], "direction": [0.346007, -0.167863, 0.923093], "extended": false, "handId": 42, "id": 423, "length": 62.6448, "mcpPosition": [-124.349, 225.851, 42.2389], "pipPosition": [-83.1617, 217.981, 30.8836], "stabilizedTipPosition": [-77.6992, 212.959, 69.1857], "timeVisible": 9.11068, "tipPosition": [-75.1448, 212.692, 67.2452], "tipVelocity": [570.239, 1.51854, 10.2271], "tool": false, "touchDistance": 0.333333, "touchZone": "none", "type": 3, "width": 20.3908}, {"bases": [[[0.0243808, -0.99884, 0.0415204], [0.971087, 0.0335284, 0.236358], [-0.237476, 0.0345573, 0.970778]], [[0.0534081, -0.995505, -0.0782125], [0.327044, 0.0914426, -0.940574], [0.943499, 0.0246553, 0.330458]], [[0.0534081, -0.995505, -0.0782125], [-0.853448, -0.00484187, -0.521156], [0.518434, 0.0945843, -0.84987]], [[0.0534081, -0.995505, -0.0782125], [-0.990009, -0.0630234, 0.12614], [-0.130502, 0.0706942, -0.988924]]], "btipPosition": [-86.912, 200.513, 67.534], "carpPosition": [-112.858, 206.405, 104.058], "dipPosition": [-84.7248, 201.698, 50.96], "direction": [0.518435, -0.0945843, 0.84987], "extended": false, "handId": 42, "id": 424, "length": 49.1123, "mcpPosition": [-127.022, 204.344, 46.159], "pipPosition": [-94.5841, 203.497, 34.7978], "stabilizedTipPosition": [-86.4309, 200.788, 63.7215], "timeVisible": 9.11068, "tipPosition": [-84.6708, 201.426, 60.8577], "tipVelocity": [622.435, -57.5615, 13.069], "tool": false, "touchDistance": 0.333333, "touchZone": "none", "type": 4, "width": 18.1127}], "r": [[-0.610081, -0.778642, -0.146689], [0.386796, -0.454251, 0.802524], [-0.691512, 0.432866, 0.578306]], "s": 0.983844, "t": [-11.641, 31.2972, 36.4774], "timestamp": 629541413561}, {"currentFrameRate": 55.357, "devices": [], "gestures": [], "hands": [{"armBasis": [[0.345283, -0.594184, -0.726447], [0.925779, 0.342652, 0.15976], [0.153992, -0.727692, 0.668394]], "armWidth": 69.943, "confidence": 1, "direction": [-0.198764, 0.256956, -0.945763], "elbow": [-136.13, 2.02152, 316.47], "grabAngle": 2.79705, "grabStrength": 0, "id": 42, "palmNormal": [0.908406, -0.313875, -0.27619], "palmPosition": [-98.0097, 235.722, 59.4697], "palmVelocity": [543.541, -60.2023, -111.311], "palmWidth": 93.5895, "pinchDistance": 54.6327, "pinchStrength": 0.493619, "r": [[-0.646098, -0.752157, -0.129681], [0.39004, -0.471415, 0.790972], [-0.656069, 0.460464, 0.597952]], "s": 1.00881, "sphereCenter": [-70.1074, 206.226, 28.5231], "sphereRadius": 50.9407, "stabilizedPalmPosition": [-98.0871, 235.731, 59.4855], "t": [20.3583, 29.8286, 34.8304], "timeVisible": 9.1287, "type": "left", "wrist": [-93.3642, 204.111, 130.848]}], "id": 20195, "interactionBox": {"center": [0, 200, 0], "size": [235.247, 235.247, 147.751]}, "pointables": [{"bases": [[[0.395971, -0.857914, -0.327401], [0.918261, 0.370743, 0.139091], [0.00205373, -0.355715, 0.934592]], [[0.380155, -0.923694, -0.0476527], [0.915388, 0.383115, -0.123643], [0.132465, 0.0033829, 0.991182]], [[0.380155, -0.923694, -0.0476527], [0.915388, 0.383115, -0.123643], [0.132465, 0.0033829, 0.991182]], [[0.380155, -0.923694, -0.0476527], [0.842382, 0.367045, -0.394552], [0.381936, 0.109849, 0.917637]]], "btipPosition": [-80.676, 264.519, -39.7761], "carpPosition": [-95.8229, 239.647, 110.889], "dipPosition": [-87.021, 266.343, -24.5318], "direction": [0.132465, -0.0033829, -0.991182], "extended": true, "handId": 42, "id": 421, "length": 57.1794, "mcpPosition": [-95.6675, 266.564, 40.1668], "pipPosition": [-90.134, 266.423, -1.23779], "stabilizedTipPosition": [-83.0729, 263.402, -35.5266], "timeVisible": 9.1287, "tipPosition": [-73.1683, 259.454, -32.2094], "tipVelocity": [238.314, 448.484, -181.506], "tool": false, "touchDistance": 0.1886, "touchZone": "hovering", "type": 1, "width": 21.8186}, {"bases": [[[0.999298, -0.0369261, -0.00634076], [0.0326627, 0.775697, 0.63026], [-0.0183545, -0.630025, 0.776358]], [[0.971705, 0.122946, -0.201675], [-0.0461128, 0.936163, 0.34853], [0.231651, -0.329369, 0.915344]], [[0.971705, 0.122946, -0.201675], [-0.124534, 0.992203, 0.00484456], [0.200698, 0.0204079, 0.979441]], [[0.971705, 0.122946, -0.201675], [-0.19757, 0.891006, -0.408747], [0.12944, 0.437026, 0.890086]]], "btipPosition": [-50.8214, 244.378, 17.4404], "carpPosition": [-72.3141, 238.089, 117.162], "dipPosition": [-53.7668, 254.323, 37.6949], "direction": [0.200698, -0.0204079, -0.979441], "extended": false, "handId": 42, "id": 420, "length": 50.6735, "mcpPosition": [-72.3141, 238.089, 117.162], "pipPosition": [-60.4203, 255, 70.1649], "stabilizedTipPosition": [-51.5018, 246.665, 22.0988], "timeVisible": 9.1287, "tipPosition": [-53.5982, 249.985, 22.1629], "tipVelocity": [696.568, 248.343, 21.7156], "tool": false, "touchDistance": 0.327735, "touchZone": "hovering", "type": 0, "width": 22.8419}, {"bases": [[[0.230226, -0.948633, -0.217006], [0.971807, 0.212466, 0.102222], [-0.0508652, -0.234422, 0.970803]], [[0.226761, -0.960983, -0.158403], [0.202098, 0.205527, -0.957557], [0.952752, 0.185124, 0.240819]], [[0.226761, -0.960983, -0.158403], [-0.931622, -0.166592, -0.322999], [0.284008, 0.220815, -0.933049]], [[0.226761, -0.960983, -0.158403], [-0.914389, -0.266062, 0.30513], [-0.33537, 0.0756497, -0.939044]]], "btipPosition": [-59.6643, 230.422, 68.4678], "carpPosition": [-102.391, 229.763, 106.464], "dipPosition": [-53.5365, 231.804, 51.3098], "direction": [0.284008, -0.220815, 0.933049], "extended": false, "handId": 42, "id": 422, "length": 65.1514, "mcpPosition": [-106.041, 246.585, 36.798], "pipPosition": [-61.389, 237.909, 25.5118], "stabilizedTipPosition": [-58.2758, 230.738, 64.5217], "timeVisible": 9.1287, "tipPosition": [-55.0264, 230.279, 58.6333], "tipVelocity": [578.064, 51.0623, -6.66832], "tool": false, "touchDistance": 0.333333, "touchZone": "none", "type": 2, "width": 21.4287}, {"bases": [[[0.146313, -0.98609, -0.0788637], [0.983656, 0.136566, 0.117352], [-0.10495, -0.0947448, 0.989954]], [[0.139756, -0.989997, -0.0193602], [0.216401, 0.0496167, -0.975043], [0.96625, 0.132079, 0.22117]], [[0.139756, -0.989997, -0.0193602], [-0.93364, -0.125237, -0.335607], [0.329825, 0.0649786, -0.941803]], [[0.139756, -0.989997, -0.0193602], [-0.940536, -0.138837, 0.310026], [-0.309613, -0.0251191, -0.950531]]], "btipPosition": [-67.7545, 217.302, 72.2559], "carpPosition": [-106.228, 218.229, 103.011], "dipPosition": [-62.1298, 216.846, 54.9879], "direction": [0.329825, -0.0649786, 0.941803], "extended": false, "handId": 42, "id": 423, "length": 62.6448, "mcpPosition": [-112.99, 224.334, 39.2286], "pipPosition": [-71.0137, 218.596, 29.6204], "stabilizedTipPosition": [-66.4652, 217.195, 68.2846], "timeVisible": 9.1287, "tipPosition": [-64.7689, 214.168, 66.6745], "tipVelocity": [623.326, 235.207, -50.0328], "tool": false, "touchDistance": 0.333333, "touchZone": "none", "type": 3, "width": 20.3908}, {"bases": [[[-0.0313705, -0.999347, 0.0179441], [0.981276, -0.0273799, 0.190653], [-0.190038, 0.023589, 0.981493]], [[-0.00780155, -0.994682, -0.102693], [0.286102, 0.0961831, -0.95336], [0.958167, -0.0368184, 0.28383]], [[-0.00780155, -0.994682, -0.102693], [-0.877484, 0.0560585, -0.476318], [0.479542, 0.0863957, -0.873255]], [[-0.00780155, -0.994682, -0.102693], [-0.985014, -0.0100506, 0.17218], [-0.172297, 0.102498, -0.979698]]], "btipPosition": [-75.4224, 200.524, 65.803], "carpPosition": [-103.262, 204.026, 101.073], "dipPosition": [-72.5348, 202.242, 49.3836], "direction": [0.479542, -0.0863957, 0.873255], "extended": false, "handId": 42, "id": 424, "length": 49.1123, "mcpPosition": [-114.596, 202.619, 42.5348], "pipPosition": [-81.6544, 203.885, 32.7767], "stabilizedTipPosition": [-74.7776, 200.919, 62.0293], "timeVisible": 9.1287, "tipPosition": [-72.8859, 201.726, 59.1822], "tipVelocity": [646.579, 7.3925, -94.0939], "tool": false, "touchDistance": 0.333333, "touchZone": "none", "type": 4, "width": 18.1127}], "r": [[-0.646098, -0.752157, -0.129681], [0.39004, -0.471415, 0.790972], [-0.656069, 0.460464, 0.597952]], "s": 1.00881, "t": [-20.3583, 29.8286, 34.8304], "timestamp": 629541431580}, {"currentFrameRate": 55.3418, "devices": [], "gestures": [], "hands": [{"armBasis": [[0.270243, -0.622675, -0.734333], [0.946703, 0.310708, 0.084934], [0.175277, -0.718148, 0.673455]], "armWidth": 69.943, "confidence": 1, "direction": [-0.164181, 0.244956, -0.955532], "elbow": [-133.193, 3.64573, 316.338], "grabAngle": 2.76552, "grabStrength": 0, "id": 42, "palmNormal": [0.932619, -0.277021, -0.23126], "palmPosition": [-86.8415, 234.051, 57.5204], "palmVelocity": [616.276, -92.1797, -107.568], "palmWidth": 93.5895, "pinchDistance": 56.9522, "pinchStrength": 0.473078, "r": [[-0.680801, -0.724422, -0.108274], [0.395249, -0.487786, 0.778359], [-0.616675, 0.487112, 0.618412]], "s": 1.0345, "sphereCenter": [-56.5996, 207.6, 27.8148], "sphereRadius": 50.896, "stabilizedPalmPosition": [-86.9196, 234.063, 57.534], "t": [30.301, 28.2591, 33.0322], "timeVisible": 9.14682, "type": "left", "wrist": [-84.5163, 203.085, 129.31]}], "id": 20196, "interactionBox": {"center": [0, 200, 0], "size": [235.247, 235.247, 147.751]}, "pointables": [{"bases": [[[0.344355, -0.874797, -0.340807], [0.938306, 0.332918, 0.0935266], [0.0316441, -0.351988, 0.935469]], [[0.341089, -0.935533, -0.09185], [0.929175, 0.350344, -0.117868], [0.142448, -0.0451413, 0.988772]], [[0.341089, -0.935533, -0.09185], [0.929175, 0.350344, -0.117868], [0.142448, -0.0451413, 0.988772]], [[0.341089, -0.935533, -0.09185], [0.884259, 0.352472, -0.306349], [0.318974, 0.0232731, 0.947478]]], "btipPosition": [-70.2633, 267.452, -42.1076], "carpPosition": [-87.255, 238.256, 108.962], "dipPosition": [-75.5622, 267.838, -26.3676], "direction": [0.142448, 0.0451413, -0.988772], "extended": true, "handId": 42, "id": 421, "length": 57.1794, "mcpPosition": [-84.8604, 264.892, 38.1738], "pipPosition": [-78.91, 266.777, -3.13018], "stabilizedTipPosition": [-72.8764, 267.043, -38.1312], "timeVisible": 9.14682, "tipPosition": [-62.3736, 261.068, -34.5951], "tipVelocity": [587.866, 143.598, -122.364], "to