{"frames": 40, "data": [{"currentFrameRate": 55.1979, "devices": [], "gestures": [], "hands": [{"armBasis": [[0.396008, -0.711182, -0.58086], [0.918212, 0.301151, 0.257284], [-0.00804891, -0.635239, 0.772274]], "armWidth": 68.3654, "confidence": 1, "direction": [-0.21836, 0.180327, -0.959063], "elbow": [-133.296, 47.3032, 298.989], "grabAngle": 0.42985, "grabStrength": 0, "id": 47, "palmNormal": [0.916483, -0.299709, -0.265018], "palmPosition": [-143.527, 248.315, 12.0846], "palmVelocity": [412.207, 10.3357, -99.0098], "palmWidth": 93.2028, "pinchDistance": 61.5131, "pinchStrength": 0, "r": [[-0.250076, 0.672055, -0.696996], [-0.493657, -0.707775, -0.505328], [-0.832925, 0.217707, 0.508763]], "s": 0.925068, "sphereCenter": [6.98635, 180.481, -43.4055], "sphereRadius": 175.997, "stabilizedPalmPosition": [-144.558, 248.293, 12.3101], "t": [-17.9679, -47.4261, -11.0942], "timeVisible": 4.4469, "type": "left", "wrist": [-135.522, 222.989, 85.4039]}], "id": 21520, "interactionBox": {"center": [0, 200, 0], "size": [235.247, 235.247, 147.751]}, "pointables": [{"bases": [[[0.997231, -0.0737241, 0.00972683], [0.0548551, 0.817617, 0.573144], [-0.0502074, -0.571023, 0.819397]], [[0.996635, -0.00981935, -0.0813793], [0.0570412, 0.796065, 0.602517], [0.0588669, -0.605131, 0.793946]], [[0.996635, -0.00981935, -0.0813793], [0.0376634, 0.936649, 0.348238], [0.0728044, -0.350131, 0.933867]], [[0.996635, -0.00981935, -0.0813793], [0.0311247, 0.963777, 0.264886], [0.0758305, -0.266528, 0.96084]]], "btipPosition": [-110.115, 305.075, -26.6412], "carpPosition": [-117.428, 255.761, 68.8716], "dipPosition": [-111.909, 298.77, -3.9102], "direction": [0.0728044, 0.350131, -0.933867], "extended": true, "handId": 47, "id": 470, "length": 52.6816, "mcpPosition": [-117.428, 255.761, 68.8716], "pipPosition": [-114.418, 286.703, 28.2759], "stabilizedTipPosition": [-110.555, 303.616, -21.4127], "timeVisible": 4.4469, "tipPosition": [-112.481, 298.621, -23.149], "tipVelocity": [441.905, 142.969, -5.08702], "tool": false, "touchDistance": -0.279438, "touchZone": "touching", "type": 0, "width": 22.1582}, {"bases": [[[0.367133, -0.893257, -0.259433], [0.929925, 0.346096, 0.124324], [-0.0212643, -0.286897, 0.957725]], [[0.355478, -0.932572, -0.0628054], [0.932044, 0.348625, 0.098765], [-0.0702099, -0.0936461, 0.993127]], [[0.355478, -0.932572, -0.0628054], [0.931919, 0.35879, -0.052882], [0.0718502, -0.0397311, 0.996624]], [[0.355478, -0.932572, -0.0628054], [0.920182, 0.360962, -0.151565], [0.164016, -0.00391427, 0.98645]]], "btipPosition": [-141.01, 282.726, -93.8468], "carpPosition": [-140.947, 256.001, 62.8429], "dipPosition": [-143.843, 282.659, -76.8099], "direction": [0.0718502, 0.0397311, -0.996624], "extended": true, "handId": 47, "id": 471, "length": 59.4453, "mcpPosition": [-142.549, 277.621, -9.33009], "pipPosition": [-145.599, 281.688, -52.4599], "stabilizedTipPosition": [-141.752, 282.693, -89.9164], "timeVisible": 4.4469, "tipPosition": [-143.007, 282.521, -89.6832], "tipVelocity": [485.929, 104.29, -63.1126], "tool": false, "touchDistance": 0.308985, "touchZone": "hovering", "type": 1, "width": 21.1655}, {"bases": [[[0.19694, -0.96963, -0.145023], [0.977913, 0.183715, 0.0996703], [-0.0700004, -0.161449, 0.984395]], [[0.183538, -0.982951, 0.011024], [0.978582, 0.183763, 0.0927779], [-0.0932219, -0.00624041, 0.995626]], [[0.183538, -0.982951, 0.011024], [0.98038, 0.182215, -0.0751881], [0.0718975, 0.0246076, 0.997108]], [[0.183538, -0.982951, 0.011024], [0.954117, 0.175433, -0.24266], [0.236589, 0.0550554, 0.970049]]], "btipPosition": [-150.146, 255.721, -106.703], "carpPosition": [-147.162, 245.632, 59.2448], "dipPosition": [-154.64, 256.767, -88.2764], "direction": [0.0718975, -0.0246076, -0.997108], "extended": true, "handId": 47, "id": 472, "length": 67.7331, "mcpPosition": [-152.165, 257.17, -11.1047], "pipPosition": [-156.707, 257.474, -59.6147], "stabilizedTipPosition": [-151.269, 255.942, -102.446], "timeVisible": 4.4469, "tipPosition": [-150.523, 256.521, -102.086], "tipVelocity": [456.819, 108.263, -95.9404], "tool": false, "touchDistance": 0.303331, "touchZone": "hovering", "type": 2, "width": 20.7874}, {"bases": [[[0.110209, -0.993892, -0.005679], [0.986755, 0.10873, 0.120384], [-0.119031, -0.0188712, 0.992711]], [[0.101947, -0.992908, 0.0611547], [0.994412, 0.10341, 0.021244], [-0.0274174, 0.0586472, 0.997902]], [[0.101947, -0.992908, 0.0611547], [0.97753, 0.0885867, -0.19128], [0.184506, 0.0792809, 0.979629]], [[0.101947, -0.992908, 0.0611547], [0.933538, 0.0742508, -0.350704], [0.343676, 0.0928434, 0.934488]]], "btipPosition": [-147.807, 228.384, -97.1528], "carpPosition": [-150.589, 233.796, 56.6935], "dipPosition": [-154.298, 230.138, -79.5035], "direction": [0.184506, -0.0792809, -0.979629], "extended": true, "handId": 47, "id": 473, "length": 65.1272, "mcpPosition": [-158.226, 235.007, -7.00216], "pipPosition": [-159.465, 232.358, -52.0715], "stabilizedTipPosition": [-149.378, 228.776, -93.0752], "timeVisible": 4.4469, "tipPosition": [-151.161, 231.332, -93.1958], "tipVelocity": [484.608, 73.7889, -114.647], "tool": false, "touchDistance": 0.301919, "touchZone": "hovering", "type": 3, "width": 19.7805}, {"bases": [[[-0.0688739, -0.993608, 0.0894424], [0.977466, -0.0492776, 0.205263], [-0.199543, 0.101564, 0.974611]], [[-0.0698289, -0.99311, 0.0941096], [0.995762, -0.0750527, -0.0531584], [0.0598553, 0.0899988, 0.994142]], [[-0.0698289, -0.99311, 0.0941096], [0.936676, -0.097728, -0.336284], [0.343164, 0.0646679, 0.937047]], [[-0.0698289, -0.99311, 0.0941096], [0.912437, -0.101718, -0.396375], [0.403216, 0.0581907, 0.913253]]], "btipPosition": [-143.032, 208.124, -72.1115], "carpPosition": [-147.13, 219.665, 55.7477], "dipPosition": [-150.058, 209.138, -56.1992], "direction": [0.343164, -0.0646679, -0.937047], "extended": true, "handId": 47, "id": 474, "length": 51.0585, "mcpPosition": [-158.982, 213.633, -2.13966], "pipPosition": [-156.842, 210.416, -37.6729], "stabilizedTipPosition": [-144.831, 208.338, -68.4096], "timeVisible": 4.4469, "tipPosition": [-147.879, 210.495, -68.7472], "tipVelocity": [522.742, 55.8764, -121.459], "tool": false, "touchDistance": 0.304309, "touchZone": "hovering", "type": 4, "width": 17.5706}], "r": [[-0.250076, 0.672055, -0.696996], [-0.493657, -0.707775, -0.505328], [-0.832925, 0.217707, 0.508763]], "s": 0.925068, "t": [17.9679, -47.4261, -11.0942], "timestamp": 629567679103}, {"currentFrameRate": 55.2387, "devices": [], "gestures": [], "hands": [{"armBasis": [[0.378018, -0.708295, -0.596172], [0.925793, 0.291258, 0.240988], [0.00294945, -0.64303, 0.765836]], "armWidth": 68.3654, "confidence": 1, "direction": [-0.220687, 0.208581, -0.952781], "elbow": [-128.06, 43.7472, 294.699], "grabAngle": 0.437796, "grabStrength": 0, "id": 47, "palmNormal": [0.918547, -0.284042, -0.274939], "palmPosition": [-135.321, 248.936, 10.2847], "palmVelocity": [456.813, 34.5609, -100.205], "palmWidth": 93.2028, "pinchDistance": 61.6535, "pinchStrength": 0, "r": [[-0.2486, 0.679078, -0.690689], [-0.499656, -0.700784, -0.509162], [-0.829784, 0.21853, 0.51352]], "s": 0.932293, "sphereCenter": [20.8975, 185.28, -46.4992], "sphereRadius": 179.475, "stabilizedPalmPosition": [-135.447, 248.927, 10.3122], "t": [-10.6203, -47.1074, -12.6834], "timeVisible": 4.46486, "type": "left", "wrist": [-127.244, 221.588, 82.8945]}], "id": 21521, "interactionBox": {"center": [0, 200, 0], "size": [235.247, 235.247, 147.751]}, "pointables": [{"bases": [[[0.996613, -0.0818275, 0.0081228], [0.060707, 0.798792, 0.598537], [-0.0554652, -0.596017, 0.801054]], [[0.996435, -0.0133016, -0.083312], [0.0630991, 0.772995, 0.631266], [0.0560029, -0.634272, 0.771079]], [[0.996435, -0.0133016, -0.083312], [0.0442866, 0.922969, 0.382318], [0.0718089, -0.384645, 0.920267]], [[0.996435, -0.0133016, -0.083312], [0.0381278, 0.951896, 0.30404], [0.0752602, -0.306132, 0.949009]]], "btipPosition": [-102.108, 307.734, -26.3363], "carpPosition": [-109.227, 254.803, 67.2586], "dipPosition": [-103.889, 300.491, -3.88522], "direction": [0.0718089, 0.384645, -0.920267], "extended": true, "handId": 47, "id": 470, "length": 52.6816, "mcpPosition": [-109.227, 254.803, 67.2586], "pipPosition": [-106.364, 287.235, 27.8321], "stabilizedTipPosition": [-102.536, 306.062, -21.1731], "timeVisible": 4.46486, "tipPosition": [-104.608, 300.805, -23.2797], "tipVelocity": [445.916, 136.001, 13.3883], "tool": false, "touchDistance": -0.278322, "touchZone": "touching", "type": 0, "width": 22.1582}, {"bases": [[[0.360375, -0.887543, -0.287051], [0.932488, 0.33471, 0.135779], [-0.0244305, -0.316602, 0.948244]], [[0.347957, -0.933273, -0.089037], [0.936143, 0.34075, 0.0867495], [-0.0506216, -0.113536, 0.992243]], [[0.347957, -0.933273, -0.089037], [0.933507, 0.353673, -0.0590013], [0.0865543, -0.0625867, 0.994279]], [[0.347957, -0.933273, -0.089037], [0.919351, 0.358276, -0.16258], [0.183632, -0.0252853, 0.98267]]], "btipPosition": [-131.507, 285.802, -94.5571], "carpPosition": [-132.753, 255.047, 61.2572], "dipPosition": [-134.678, 285.366, -77.5855], "direction": [0.0865543, 0.0625867, -0.994279], "extended": true, "handId": 47, "id": 471, "length": 59.4453, "mcpPosition": [-134.594, 278.906, -10.2013], "pipPosition": [-136.793, 283.836, -53.2927], "stabilizedTipPosition": [-132.298, 285.682, -90.6488], "timeVisible": 4.46486, "tipPosition": [-134.847, 286.251, -90.3928], "tipVelocity": [524.772, 166.511, -40.378], "tool": false, "touchDistance": 0.31326, "touchZone": "hovering", "type": 1, "width": 21.1655}, {"bases": [[[0.189479, -0.966125, -0.175213], [0.979226, 0.17281, 0.10608], [-0.0722081, -0.191673, 0.978799]], [[0.175518, -0.984335, -0.0166794], [0.981575, 0.173676, 0.0796643], [-0.0755196, -0.0303546, 0.996682]], [[0.175518, -0.984335, -0.0166794], [0.98109, 0.176293, -0.0798979], [0.0815868, -0.00234043, 0.996663]], [[0.175518, -0.984335, -0.0166794], [0.955844, 0.174445, -0.236497], [0.235701, 0.0255666, 0.971489]]], "btipPosition": [-140.908, 259.506, -108.274], "carpPosition": [-138.89, 244.748, 57.3402], "dipPosition": [-145.385, 259.992, -89.8197], "direction": [0.0815868, 0.00234043, -0.996664], "extended": true, "handId": 47, "id": 472, "length": 67.7331, "mcpPosition": [-144.051, 258.446, -12.6094], "pipPosition": [-147.73, 259.924, -61.1708], "stabilizedTipPosition": [-142.019, 259.586, -104.016], "timeVisible": 4.46486, "tipPosition": [-142.447, 260.576, -103.605], "tipVelocity": [514.529, 203.544, -87.0959], "tool": false, "touchDistance": 0.302291, "touchZone": "hovering", "type": 2, "width": 20.7874}, {"bases": [[[0.102426, -0.994061, -0.03676], [0.98746, 0.0971446, 0.124439], [-0.120129, -0.0490449, 0.991546]], [[0.0938315, -0.995066, 0.0322281], [0.995504, 0.0941945, 0.00993334], [-0.01292, 0.0311512, 0.999431]], [[0.0938315, -0.995066, 0.0322281], [0.977813, 0.0860183, -0.191005], [0.18729, 0.0494353, 0.98106]], [[0.0938315, -0.995066, 0.0322281], [0.935166, 0.0769852, -0.345743], [0.341556, 0.0625802, 0.937776]]], "btipPosition": [-138.823, 232.144, -99.5214], "carpPosition": [-142.227, 232.97, 54.4215], "dipPosition": [-145.274, 233.326, -81.8099], "direction": [0.18729, -0.0494353, -0.98106], "extended": true, "handId": 47, "id": 473, "length": 65.1272, "mcpPosition": [-149.935, 236.117, -9.19944], "pipPosition": [-150.518, 234.71, -54.3379], "stabilizedTipPosition": [-140.406, 232.376, -95.4218], "timeVisible": 4.46486, "tipPosition": [-142.793, 235.063, -95.4698], "tipVelocity": [500.699, 201.995, -131.067], "tool": false, "touchDistance": 0.292621, "touchZone": "hovering", "type": 3, "width": 19.7805}, {"bases": [[[-0.07674, -0.995351, 0.0581955], [0.976852, -0.063368, 0.204315], [-0.199677, 0.0725276, 0.977174]], [[-0.0781559, -0.994811, 0.0651326], [0.994197, -0.0826182, -0.0688914], [0.0739151, 0.0593704, 0.995496]], [[-0.0781559, -0.994811, 0.0651326], [0.933154, -0.0959931, -0.346424], [0.350879, 0.0337036, 0.935814]], [[-0.0781559, -0.994811, 0.0651326], [0.907739, -0.0980229, -0.407923], [0.412191, 0.0272418, 0.91069]]], "btipPosition": [-133.757, 211.333, -74.9601], "carpPosition": [-138.658, 218.904, 53.0307], "dipPosition": [-140.939, 211.808, -59.0925], "direction": [0.350879, -0.0337036, -0.935814], "extended": true, "handId": 47, "id": 474, "length": 51.0585, "mcpPosition": [-150.518, 214.596, -5.00894], "pipPosition": [-147.876, 212.474, -40.5906], "stabilizedTipPosition": [-135.625, 211.371, -71.2439], "timeVisible": 4.46486, "tipPosition": [-139.244, 213.521, -71.6702], "tipVelocity": [514.376, 171.779, -159.166], "tool": false, "touchDistance": 0.288742, "touchZone": "hovering", "type": 4, "width": 17.5706}], "r": [[-0.2486, 0.679078, -0.690689], [-0.499656, -0.700784, -0.509162], [-0.829784, 0.21853, 0.51352]], "s": 0.932293, "t": [10.6203, -47.1074, -12.6834], "timestamp": 629567697065}, {"currentFrameRate": 55.1786, "devices": [], "gestures": [], "hands": [{"armBasis": [[0.358556, -0.706065, -0.610663], [0.933328, 0.283981, 0.219665], [0.0183186, -0.648712, 0.760814]], "armWidth": 68.3654, "confidence": 1, "direction": [-0.212986, 0.237949, -0.947638], "elbow": [-123.457, 40.429, 290.956], "grabAngle": 0.430476, "grabStrength": 0, "id": 47, "palmNormal": [0.922497, -0.270592, -0.27528], "palmPosition": [-125.802, 249.229, 8.63067], "palmVelocity": [519.304, 15.9769, -90.2315], "palmWidth": 93.2028, "pinchDistance": 61.2838, "pinchStrength": 0, "r": [[-0.247945, 0.689282, -0.680744], [-0.506075, -0.691343, -0.515688], [-0.826082, 0.216645, 0.520244]], "s": 0.934325, "sphereCenter": [41.6416, 186.773, -48.4443], "sphereRadius": 188.757, "stabilizedPalmPosition": [-125.903, 249.226, 8.64823], "t": [-2.18678, -46.8017, -14.305], "timeVisible": 4.48319, "type": "left", "wrist": [-118.39, 219.841, 80.5402]}], "id": 21522, "interactionBox": {"center": [0, 200, 0], "size": [235.247, 235.247, 147.751]}, "pointables": [{"bases": [[[0.996209, -0.0869096, -0.00383517], [0.070349, 0.77888, 0.623215], [-0.0511762, -0.621122, 0.782041]], [[0.995409, -0.0141661, -0.0946581], [0.0730687, 0.751261, 0.655949], [0.0618207, -0.659854, 0.748847]], [[0.995409, -0.0141661, -0.0946581], [0.0510351, 0.91522, 0.39971], [0.0809707, -0.402705, 0.911741]], [[0.995409, -0.0141661, -0.0946581], [0.0430029, 0.949738, 0.310079], [0.0855078, -0.312726, 0.945987]]], "btipPosition": [-92.2896, 308.41, -26.0877], "carpPosition": [-100.264, 253.393, 66.0051], "dipPosition": [-94.3125, 301.012, -3.70811], "direction": [0.0809707, 0.402705, -0.911741], "extended": true, "handId": 47, "id": 470, "length": 52.6816, "mcpPosition": [-100.264, 253.393, 66.0051], "pipPosition": [-97.1032, 287.133, 27.7154], "stabilizedTipPosition": [-92.767, 306.708, -20.9407], "timeVisible": 4.48319, "tipPosition": [-94.9226, 302.543, -22.8537], "tipVelocity": [532.599, 34.9461, 12.6654], "tool": false, "touchDistance": -0.278303, "touchZone": "touching", "type": 0, "width": 22.1582}, {"bases": [[[0.353116, -0.879629, -0.318688], [0.935419, 0.325628, 0.137689], [-0.0173415, -0.346727, 0.937806]], [[0.341963, -0.932201, -0.118586], [0.939492, 0.336413, 0.0646587], [-0.0203811, -0.133522, 0.990836]], [[0.341963, -0.932201, -0.118586], [0.933436, 0.351525, -0.0716038], [0.108435, -0.0862066, 0.990359]], [[0.341963, -0.932201, -0.118586], [0.916867, 0.358639, -0.175307], [0.205951, -0.0487793, 0.977346]]], "btipPosition": [-119.721, 288.591, -94.9843], "carpPosition": [-123.735, 253.714, 59.7945], "dipPosition": [-123.277, 287.748, -78.1047], "direction": [0.108435, 0.0862066, -0.990359], "extended": true, "handId": 47, "id": 471, "length": 59.4453, "mcpPosition": [-125.042, 279.843, -10.8774], "pipPosition": [-125.927, 285.642, -53.9077], "stabilizedTipPosition": [-120.582, 288.387, -91.1003], "timeVisible": 4.48319, "tipPosition": [-124.181, 289.617, -90.8231], "tipVelocity": [638.12, 147.023, -24.4612], "tool": false, "touchDistance": 0.321058, "touchZone": "hovering", "type": 1, "width": 21.1655}, {"bases": [[[0.182852, -0.960923, -0.207829], [0.981043, 0.164537, 0.102385], [-0.0641882, -0.22261, 0.972792]], [[0.170306, -0.984103, -0.0503604], [0.98427, 0.167453, 0.0563121], [-0.0469839, -0.0591585, 0.997142]], [[0.170306, -0.984103, -0.0503604], [0.98072, 0.174247, -0.0884602], [0.0958292, -0.0343241, 0.994806]], [[0.170306, -0.984103, -0.0503604], [0.95781, 0.17733, -0.226172], [0.231507, -0.00971729, 0.972785]]], "btipPosition": [-129.506, 263.479, -109.686], "carpPosition": [-129.782, 243.516, 55.4925], "dipPosition": [-133.904, 263.294, -91.2072], "direction": [0.0958292, 0.0343242, -0.994806], "extended": true, "handId": 47, "id": 472, "length": 67.7331, "mcpPosition": [-134.369, 259.425, -14.0279], "pipPosition": [-136.659, 262.307, -62.6118], "stabilizedTipPosition": [-130.585, 263.414, -105.428], "timeVisible": 4.48319, "tipPosition": [-131.856, 264.42, -104.922], "tipVelocity": [622.972, 208.3, -76.7271], "tool": false, "touchDistance": 0.308945, "touchZone": "hovering", "type": 2, "width": 20.7874}, {"bases": [[[0.0969344, -0.992859, -0.0695319], [0.989054, 0.0882828, 0.118233], [-0.11125, -0.0802316, 0.990548]], [[0.0896283, -0.995957, -0.00610171], [0.995947, 0.0896699, -0.00692154], [0.00744069, -0.00545661, 0.999957]], [[0.0896283, -0.995957, -0.00610171], [0.977763, 0.0891539, -0.189821], [0.189598, 0.0110473, 0.9818]], [[0.0896283, -0.995957, -0.00610171], [0.939545, 0.0865814, -0.331298], [0.330487, 0.0239609, 0.943506]]], "btipPosition": [-128.282, 236.455, -101.865], "carpPosition": [-133.031, 231.822, 52.1669], "dipPosition": [-134.524, 236.907, -84.045], "direction": [0.189598, -0.0110473, -0.9818], "extended": true, "handId": 47, "id": 473, "length": 65.1272, "mcpPosition": [-140.169, 236.97, -11.39], "pipPosition": [-139.833, 237.217, -56.5522], "stabilizedTipPosition": [-129.821, 236.518, -97.7434], "timeVisible": 4.48319, "tipPosition": [-132.147, 238.649, -97.5853], "tipVelocity": [577.661, 226.015, -126.473], "tool": false, "touchDistance": 0.294234, "touchZone": "hovering", "type": 3, "width": 19.7805}, {"bases": [[[-0.0813548, -0.996319, 0.0270074], [0.97835, -0.0746552, 0.193024], [-0.190297, 0.0421261, 0.980822]], [[-0.0813394, -0.996323, 0.0269277], [0.992983, -0.0833344, -0.0839042], [0.0858397, 0.0199141, 0.99611]], [[-0.0813394, -0.996323, 0.0269277], [0.935222, -0.0856363, -0.343549], [0.344592, -0.00276064, 0.938749]], [[-0.0813394, -0.996323, 0.0269277], [0.907668, -0.0852084, -0.410947], [0.411731, -0.00898475, 0.911261]]], "btipPosition": [-123.624, 214.823, -77.9376], "carpPosition": [-129.376, 217.826, 50.3599], "dipPosition": [-130.798, 214.666, -62.06], "direction": [0.344592, 0.00276064, -0.938749], "extended": true, "handId": 47, "id": 474, "length": 51.0585, "mcpPosition": [-140.679, 215.323, -7.89645], "pipPosition": [-137.611, 214.612, -43.5001], "stabilizedTipPosition": [-125.511, 214.709, -74.2162], "timeVisible": 4.48319, "tipPosition": [-128.66, 216.382, -74.4436], "tipVelocity": [552.863, 182.449, -162.301], "tool": false, "touchDistance": 0.282394, "touchZone": "hovering", "type": 4, "width": 17.5706}], "r": [[-0.247945, 0.689282, -0.680744], [-0.506075, -0.691343, -0.515688], [-0.826082, 0.216645, 0.520244]], "s": 0.934325, "t": [2.18678, -46.8017, -14.305], "timestamp": 629567715396}, {"currentFrameRate": 55.2419, "devices": [], "gestures": [], "hands": [{"armBasis": [[0.3201, -0.711668, -0.625351], [0.946641, 0.266402, 0.181386], [0.0375079, -0.650045, 0.75897]], "armWidth": 68.3654, "confidence": 1, "direction": [-0.193748, 0.248185, -0.94914], "elbow": [-119.147, 38.6195, 288.983], "grabAngle": 0.41641, "grabStrength": 0, "id": 47, "palmNormal": [0.934452, -0.247944, -0.255583], "palmPosition": [-114.808, 248.607, 7.36347], "palmVelocity": [614.755, -34.7952, -70.8605], "palmWidth": 93.2028, "pinchDistance": 60.617, "pinchStrength": 0, "r": [[-0.247981, 0.700352, -0.669338], [-0.516569, -0.680092, -0.520222], [-0.81955, 0.216754, 0.53043]], "s": 0.932578, "sphereCenter": [67.1125, 186.858, -46.2114], "sphereRadius": 200.268, "stabilizedPalmPosition": [-114.903, 248.612, 7.37442], "t": [7.52679, -46.9599, -15.7494], "timeVisible": 4.50107, "type": "left", "wrist": [-108.774, 218.4, 79.0776]}], "id": 21523, "interactionBox": {"center": [0, 200, 0], "size": [235.247, 235.247, 147.751]}, "pointables": [{"bases": [[[0.993828, -0.106626, -0.0305998], [0.101842, 0.767671, 0.6327], [-0.0439714, -0.631911, 0.773792]], [[0.991643, -0.0277063, -0.126003], [0.104627, 0.744134, 0.659787], [0.0754828, -0.667456, 0.740814]], [[0.991643, -0.0277063, -0.126003], [0.0749834, 0.918543, 0.388144], [0.104985, -0.394349, 0.912944]], [[0.991643, -0.0277063, -0.126003], [0.0621593, 0.958438, 0.278446], [0.113051, -0.283951, 0.952151]]], "btipPosition": [-80.6658, 306.834, -26.4417], "carpPosition": [-90.8182, 252.397, 65.4277], "dipPosition": [-83.3403, 300.116, -3.91624], "direction": [0.104985, 0.394349, -0.912944], "extended": true, "handId": 47, "id": 470, "length": 52.6816, "mcpPosition": [-90.8182, 252.397, 65.4277], "pipPosition": [-86.9587, 286.525, 27.5487], "stabilizedTipPosition": [-81.2915, 305.29, -21.2605], "timeVisible": 4.50107, "tipPosition": [-83.8365, 303.306, -22.3577], "tipVelocity": [641.613, -79.4015, -17.917], "tool": false, "touchDistance": -0.283613, "touchZone": "touching", "type": 0, "width": 22.1582}, {"bases": [[[0.327055, -0.88148, -0.34063], [0.945005, 0.304818, 0.118538], [-0.000658503, -0.360665, 0.932695]], [[0.319861, -0.936981, -0.140555], [0.947195, 0.319773, 0.0238253], [0.0226218, -0.140753, 0.989786]], [[0.319861, -0.936981, -0.140555], [0.936062, 0.335461, -0.106086], [0.146551, -0.0976351, 0.984373]], [[0.319861, -0.936981, -0.140555], [0.915458, 0.343868, -0.209024], [0.244184, -0.0618134, 0.967757]]], "btipPosition": [-105.395, 289.092, -95.4119], "carpPosition": [-114.126, 252.347, 58.6244], "dipPosition": [-109.613, 288.024, -78.6978], "direction": [0.146551, 0.0976351, -0.984373], "extended": true, "handId": 47, "id": 471, "length": 59.4453, "mcpPosition": [-114.176, 279.526, -11.6624], "pipPosition": [-113.193, 285.639, -54.6471], "stabilizedTipPosition": [-106.403, 288.845, -91.5664], "timeVisible": 4.50107, "tipPosition": [-111.001, 290.378, -91.4216], "tipVelocity": [792.552, 25.1209, -26.0378], "tool": false, "touchDistance": 0.327173, "touchZone": "hovering", "type": 1, "width": 21.1655}, {"bases": [[[0.158034, -0.961065, -0.226671], [0.986449, 0.143413, 0.0796921], [-0.0440817, -0.236194, 0.970706]], [[0.149246, -0.986117, -0.0727957], [0.988782, 0.148386, 0.0171012], [-0.0060619, -0.0745314, 0.9972]], [[0.149246, -0.986117, -0.0727957], [0.980961, 0.156912, -0.11443], [0.124264, -0.0543316, 0.990761]], [[0.149246, -0.986117, -0.0727957], [0.958106, 0.162421, -0.235907], [0.244455, -0.034538, 0.969045]]], "btipPosition": [-115.085, 264.826, -110.827], "carpPosition": [-119.855, 242.097, 54.0182], "dipPosition": [-119.729, 264.17, -92.4189], "direction": [0.124264, 0.0543316, -0.990761], "extended": true, "handId": 47, "id": 472, "length": 67.7331, "mcpPosition": [-123.005, 258.977, -15.353], "pipPosition": [-123.301, 262.608, -63.9397], "stabilizedTipPosition": [-116.219, 264.67, -106.588], "timeVisible": 4.50107, "tipPosition": [-118.188, 265.377, -106.096], "tipVelocity": [803.263, 69.2925, -64.6965], "tool": false, "touchDistance": 0.320391, "touchZone": "hovering", "type": 2, "width": 20.7874}, {"bases": [[[0.0750096, -0.993406, -0.0867115], [0.993311, 0.0667803, 0.0941972], [-0.0877854, -0.0931972, 0.99177]], [[0.0697517, -0.997154, -0.0286094], [0.996714, 0.0708474, -0.0392623], [0.0411775, -0.0257768, 0.998819]], [[0.0697517, -0.997154, -0.0286094], [0.976246, 0.0741304, -0.203591], [0.205132, -0.013729, 0.978638]], [[0.0697517, -0.997154, -0.0286094], [0.940717, 0.0752929, -0.330729], [0.331942, -0.00384448, 0.943292]]], "btipPosition": [-114.54, 237.995, -103.528], "carpPosition": [-122.781, 230.394, 50.4376], "dipPosition": [-120.809, 237.922, -85.7128], "direction": [0.205132, 0.013729, -0.978638], "extended": true, "handId": 47, "id": 473, "length": 65.1272, "mcpPosition": [-128.413, 236.374, -13.1977], "pipPosition": [-126.554, 237.538, -58.3085], "stabilizedTipPosition": [-116.094, 237.966, -99.4172], "timeVisible": 4.50107, "tipPosition": [-118.171, 239.478, -99.1361], "tipVelocity": [768.069, 79.3611, -93.0877], "tool": false, "touchDistance": 0.311043, "touchZone": "hovering", "type": 3, "width": 19.7805}, {"bases": [[[-0.100817, -0.994802, 0.0142937], [0.981202, -0.0970414, 0.166812], [-0.164558, 0.0308424, 0.985885]], [[-0.100744, -0.994816, 0.0138581], [0.989372, -0.101641, -0.103979], [0.104849, 0.00323556, 0.994483]], [[-0.100744, -0.994816, 0.0138581], [0.937852, -0.0996061, -0.332434], [0.332091, -0.0204938, 0.943025]], [[-0.100744, -0.994816, 0.0138581], [0.909933, -0.0977627, -0.403069], [0.402334, -0.0279967, 0.915065]]], "btipPosition": [-111.249, 215.447, -80.1737], "carpPosition": [-118.799, 216.502, 48.5171], "dipPosition": [-118.26, 214.959, -64.2299], "direction": [0.332091, 0.0204938, -0.943025], "extended": true, "handId": 47, "id": 474, "length": 51.0585, "mcpPosition": [-128.573, 214.67, -10.0399], "pipPosition": [-124.825, 214.554, -45.5854], "stabilizedTipPosition": [-113.116, 215.322, -76.4606], "timeVisible": 4.50107, "tipPosition": [-114.715, 216.838, -76.2595], "tipVelocity": [694.085, 30.6537, -124.191], "tool": false, "touchDistance": 0.296706, "touchZone": "hovering", "type": 4, "width": 17.5706}], "r": [[-0.247981, 0.700352, -0.669338], [-0.516569, -0.680092, -0.520222], [-0.81955, 0.216754, 0.53043]], "s": 0.932578, "t": [-7.52679, -46.9599, -15.7494], "timestamp": 629567733279}, {"currentFrameRate": 55.257, "devices": [], "gestures": [], "hands": [{"armBasis": [[0.296826, -0.718284, -0.629256], [0.952969, 0.265031, 0.146996], [0.0611876, -0.643294, 0.763171]], "armWidth": 68.3654, "confidence": 1, "direction": [-0.159946, 0.228324, -0.960357], "elbow": [-115.84, 40.173, 289.885], "grabAngle": 0.401781, "grabStrength": 0, "id": 47, "palmNormal": [0.943924, -0.249288, -0.216477], "palmPosition": [-102.462, 246.933, 6.39212], "palmVelocity": [684.177, -92.7546, -53.8294], "palmWidth": 93.2028, "pinchDistance": 60.5381, "pinchStrength": 0, "r": [[-0.252155, 0.706647, -0.661111], [-0.529218, -0.672669, -0.51715], [-0.810151, 0.21947, 0.543588]], "s": 0.930746, "sphereCenter": [93.0034, 182.114, -38.9637], "sphereRadius": 211.524, "stabilizedPalmPosition": [-102.531, 246.942, 6.39753], "t": [18.5566, -47.8759, -16.9573], "timeVisible": 4.51912, "type": "left", "wrist": [-98.9174, 218.086, 78.8174]}], "id": 21524, "interactionBox": {"center": [0, 200, 0], "size": [235.247, 235.247, 147.751]}, "pointables": [{"bases": [[[0.991707, -0.111185, -0.0644544], [0.127265, 0.779793, 0.612966], [-0.0178913, -0.616085, 0.787476]], [[0.985568, -0.0298713, -0.166624], [0.131362, 0.755788, 0.641505], [0.106769, -0.654135, 0.748804]], [[0.985568, -0.0298713, -0.166624], [0.0878538, 0.931628, 0.352633], [0.144698, -0.362182, 0.920808]], [[0.985568, -0.0298713, -0.166624], [0.0687555, 0.970098, 0.232771], [0.154688, -0.240868, 0.958152]]], "btipPosition": [-66.5042, 303.61, -27.4913], "carpPosition": [-80.61, 251.982, 65.1996], "dipPosition": [-70.1637, 297.912, -4.82388], "direction": [0.144698, 0.362182, -0.920807], "extended": true, "handId": 47, "id": 470, "length": 52.6816, "mcpPosition": [-80.61, 251.982, 65.1996], "pipPosition": [-75.1508, 285.429, 26.9121], "stabilizedTipPosition": [-67.355, 302.302, -22.2771], "timeVisible": 4.51912, "tipPosition": [-70.3725, 301.232, -23.2114], "tipVelocity": [772.24, -165.635, -56.3567], "tool": false, "touchDistance": -0.298839, "touchZone": "touching", "type": 0, "width": 22.1582}, {"bases": [[[0.311587, -0.889432, -0.334401], [0.949677, 0.303359, 0.0780194], [0.0320505, -0.341883, 0.939196]], [[0.311387, -0.941319, -0.13022], [0.947465, 0.318081, -0.0336911], [0.0731346, -0.112888, 0.990913]], [[0.311387, -0.941319, -0.13022], [0.932109, 0.329222, -0.150948], [0.184962, -0.0743762, 0.979927]], [[0.311387, -0.941319, -0.13022], [0.907375, 0.335234, -0.253551], [0.282327, -0.0392061, 0.958517]]], "btipPosition": [-88.6686, 284.864, -96.7487], "carpPosition": [-103.655, 251.703, 57.5581], "dipPosition": [-93.5446, 284.186, -80.1943], "direction": [0.184962, 0.0743762, -0.979927], "extended": true, "handId": 47, "id": 471, "length": 59.4453, "mcpPosition": [-101.24, 277.467, -13.2186], "pipPosition": [-98.0637, 282.369, -56.2522], "stabilizedTipPosition": [-89.8205, 284.715, -92.9387], "timeVisible": 4.51912, "tipPosition": [-94.8867, 286.611, -93.0088], "tipVelocity": [918.555, -229.333, -76.1201], "tool": false, "touchDistance": 0.328792, "touchZone": "hovering", "type": 1, "width": 21.1655}, {"bases": [[[0.14656, -0.96604, -0.212805], [0.989156, 0.141043, 0.0409627], [-0.00955695, -0.216501, 0.976236]], [[0.143308, -0.987922, -0.058932], [0.988783, 0.145456, -0.0339293], [0.0420915, -0.0534086, 0.997685]], [[0.143308, -0.987922, -0.058932], [0.976792, 0.150769, -0.15214], [0.159188, -0.0357615, 0.9866]], [[0.143308, -0.987922, -0.058932], [0.951357, 0.153924, -0.266883], [0.272731, -0.017819, 0.961925]]], "btipPosition": [-98.055, 260.781, -112.054], "carpPosition": [-109.179, 241.341, 52.9551], "dipPosition": [-103.236, 260.443, -93.7813], "direction": [0.159188, 0.0357615, -0.9866], "extended": true, "handId": 47, "id": 472, "length": 67.7331, "mcpPosition": [-109.862, 256.813, -16.8113], "pipPosition": [-107.812, 259.415, -65.4216], "stabilizedTipPosition": [-99.2969, 260.715, -107.847], "timeVisible": 4.51912, "tipPosition": [-101.694, 261.389, -107.443], "tipVelocity": [936.91, -220.101, -69.7272], "tool": false, "touchDistance": 0.328582, "touchZone": "hovering", "type": 2, "width": 20.7874}, {"bases": [[[0.0685693, -0.995236, -0.0693032], [0.99629, 0.0646899, 0.0567535], [-0.0519999, -0.0729377, 0.99598]], [[0.0655298, -0.997765, -0.0130624], [0.994551, 0.0663712, -0.0803987], [0.081086, -0.00772274, 0.996677]], [[0.0655298, -0.997765, -0.0130624], [0.97194, 0.0667865, -0.225549], [0.225918, 0.00208431, 0.974144]], [[0.0655298, -0.997765, -0.0130624], [0.936642, 0.0660191, -0.344012], [0.344105, 0.0103082, 0.938875]]], "btipPosition": [-98.784, 234.331, -104.422], "carpPosition": [-111.935, 229.556, 49.5077], "dipPosition": [-105.283, 234.526, -86.6902], "direction": [0.225918, -0.00208431, -0.974144], "extended": true, "handId": 47, "id": 473, "length": 65.1272, "mcpPosition": [-115.271, 234.236, -14.3977], "pipPosition": [-111.609, 234.584, -59.4118], "stabilizedTipPosition": [-100.358, 234.394, -100.339], "timeVisible": 4.51912, "tipPosition": [-101.857, 235.605, -99.9693], "tipVelocity": [870.229, -199.606, -50.6041], "tool": false, "touchDistance": 0.325509, "touchZone": "hovering", "type": 3, "width": 19.7805}, {"bases": [[[-0.103475, -0.993905, 0.0380181], [0.986293, -0.0975929, 0.133051], [-0.12853, 0.0512645, 0.99038]], [[-0.103959, -0.993705, 0.0417571], [0.986347, -0.108399, -0.12397], [0.127716, 0.0282992, 0.991407]], [[-0.103959, -0.993705, 0.0417571], [0.938747, -0.111906, -0.325931], [0.328552, 0.00531586, 0.944471]], [[-0.103959, -0.993705, 0.0417571], [0.907791, -0.111957, -0.404205], [0.406335, -0.00411415, 0.913715]]], "btipPosition": [-97.3343, 211.554, -80.8392], "carpPosition": [-107.841, 215.644, 48.0137], "dipPosition": [-104.414, 211.483, -64.9189], "direction": [0.328552, -0.00531586, -0.944471], "extended": true, "handId": 47, "id": 474, "length": 51.0585, "mcpPosition": [-115.475, 212.599, -10.8103], "pipPosition": [-110.91, 211.588, -46.2458], "stabilizedTipPosition": [-99.1379, 211.585, -77.1687], "timeVisible": 4.51912, "tipPosition": [-99.1993, 213.286, -76.5848], "tipVelocity": [770.249, -210.428, -37.1797], "tool": false, "touchDistance": 0.318876, "touchZone": "hovering", "type": 4, "width": 17.5706}], "r": [[-0.252155, 0.706647, -0.661111], [-0.529218, -0.672669, -0.51715], [-0.810151, 0.21947, 0.543588]], "s": 0.930746, "t": [-18.5566, -47.8759, -16.9573], "timestamp": 629567751324}, {"currentFrameRate": 55.2547, "devices": [], "gestures": [], "hands": [{"armBasis": [[0.285176, -0.724764, -0.62721], [0.953852, 0.278792, 0.111539], [0.0940216, -0.630074, 0.770822]], "armWidth": 68.3654, "confidence": 1, "direction": [-0.13654, 0.244419, -0.960008], "elbow": [-112.893, 41.1579, 290.727], "grabAngle": 0.366039, "grabStrength": 0, "id": 47, "palmNormal": [0.945334, -0.257551, -0.200026], "palmPosition": [-88.4322, 245.069, 5.34351], "palmVelocity": [774.884, -102.923, -57.9149], "palmWidth": 93.2028, "pinchDistance": 60.5746, "pinchStrength": 0, "r": [[-0.259865, 0.713018, -0.651211], [-0.539849, -0.66642, -0.514244], [-0.800645, 0.217922, 0.558101]], "s": 0.92823, "sphereCenter": [-132, 173.907, -37.3089], "sphereRadius": 236.32, "stabilizedPalmPosition": [-88.4839, 245.076, 5.34737], "t": [31.0865, -49.2657, -18.0855], "timeVisible": 4.53722, "type": "left", "wrist": [-86.8902, 215.415, 77.5434]}], "id": 21525, "interactionBox": {"center": [0, 200, 0], "size": [235.247, 235.247, 147.751]}, "pointables": [{"bases": [[[0.991343, -0.0981225, -0.0872464], [0.131147, 0.772146, 0.621764], [0.00635789, -0.627824, 0.77833]], [[0.982553, -0.0178129, -0.185126], [0.137288, 0.740965, 0.65736], [0.125462, -0.671307, 0.730483]], [[0.982553, -0.0178129, -0.185126], [0.0845447, 0.929387, 0.359294], [0.165654, -0.368677, 0.914678]], [[0.982553, -0.0178129, -0.185126], [0.0609368, 0.97129, 0.229963], [0.175715, -0.237232, 0.955429]]], "btipPosition": [-51.5096, 301.627, -26.8057], "carpPosition": [-67.7909, 248.983, 64.6728], "dipPosition": [-55.6665, 296.014, -4.2027], "direction": [0.165654, 0.368677, -0.914678], "extended": true, "handId": 47, "id": 470, "length": 52.6816, "mcpPosition": [-67.7909, 248.983, 64.6728], "pipPosition": [-61.3758, 283.308, 27.322], "stabilizedTipPosition": [-52.472, 300.337, -21.6073], "timeVisible": 4.53722, "tipPosition": [-54.9962, 299.431, -22.7169], "tipVelocity": [821.838, -108.469, 37.0468], "tool": false, "touchDistance": -0.287227, "touchZone": "touching", "type": 0, "width": 22.1582}, {"bases": [[[0.314863, -0.880531, -0.354298], [0.947466, 0.313728, 0.0623058], [0.0562911, -0.355303, 0.933055]], [[0.319658, -0.935578, -0.150043], [0.942407, 0.330366, -0.0522184], [0.0984235, -0.124709, 0.9873]], [[0.319658, -0.935578, -0.150043], [0.927947, 0.341131, -0.150146], [0.191658, -0.0912364, 0.977212]], [[0.319658, -0.935578, -0.150043], [0.903222, 0.348723, -0.250163], [0.28637, -0.0555555, 0.956507]]], "btipPosition": [-72.5231, 284.477, -97.0477], "carpPosition": [-90.6681, 249.097, 56.5383], "dipPosition": [-77.469, 283.517, -80.528], "direction": [0.191658, 0.0912364, -0.977212], "extended": true, "handId": 47, "id": 471, "length": 59.4453, "mcpPosition": [-86.426, 275.872, -13.7755], "pipPosition": [-82.1517, 281.288, -56.6523], "stabilizedTipPosition": [-73.6786, 284.257, -93.2478], "timeVisible": 4.53722, "tipPosition": [-78.099, 286.055, -93.2652], "tipVelocity": [890.832, -24.9414, -16.9541], "tool": false, "touchDistance": 0.331315, "touchZone": "hovering", "type": 1, "width": 21.1655}, {"bases": [[[0.153409, -0.960933, -0.230377], [0.988064, 0.15247, 0.0219804], [0.0140041, -0.231, 0.972853]], [[0.1538, -0.984458, -0.0847771], [0.985767, 0.158765, -0.0552832], [0.0678837, -0.075068, 0.994865]], [[0.1538, -0.984458, -0.0847771], [0.97442, 0.16534, -0.152212], [0.163863, -0.0591984, 0.984705]], [[0.1538, -0.984458, -0.0847771], [0.951293, 0.170725, -0.256701], [0.267185, -0.0411673, 0.962766]]], "btipPosition": [-82.1208, 261.522, -112.928], "carpPosition": [-96.2147, 238.872, 51.6634], "dipPosition": [-87.1962, 260.74, -94.6394], "direction": [0.163863, 0.0591984, -0.984705], "extended": true, "handId": 47, "id": 472, "length": 67.7331, "mcpPosition": [-95.2139, 255.38, -17.8613], "pipPosition": [-91.9064, 259.038, -66.3342], "stabilizedTipPosition": [-83.3189, 261.341, -108.72], "timeVisible": 4.53722, "tipPosition": [-84.9229, 261.206, -108.255], "tipVelocity": [881.386, 35.2457, -48.072], "tool": false, "touchDistance": 0.329112, "touchZone": "hovering", "type": 2, "width": 20.7874}, {"bases": [[[0.0788737, -0.993194, -0.0857002], [0.996442, 0.0759851, 0.036466], [-0.0297059, -0.0882714, 0.995653]], [[0.0775915, -0.995975, -0.0448681], [0.992353, 0.0814859, -0.0927109], [0.0959939, -0.0373315, 0.994682]], [[0.0775915, -0.995975, -0.0448681], [0.97285, 0.0854788, -0.215072], [0.218041, -0.0269623, 0.975567]], [[0.0775915, -0.995975, -0.0448681], [0.943451, 0.0878995, -0.319647], [0.322304, -0.017529, 0.946474]]], "btipPosition": [-84.4128, 235.61, -106.021], "carpPosition": [-99.0352, 227.174, 47.9813], "dipPosition": [-90.5001, 235.279, -88.1453], "direction": [0.218041, 0.0269623, -0.975567], "extended": true, "handId": 47, "id": 473, "length": 65.1272, "mcpPosition": [-100.941, 232.838, -15.9032], "pipPosition": [-96.6058, 234.524, -60.8271], "stabilizedTipPosition": [-85.8668, 235.529, -101.904], "timeVisible": 4.53722, "tipPosition": [-85.6935, 235.338, -101.244], "tipVelocity": [798.952, 63.9307, -86.4738], "tool": false, "touchDistance": 0.32305, "touchZone": "hovering", "type": 3, "width": 19.7805}, {"bases": [[[-0.0908271, -0.995546, 0.0252726], [0.990014, -0.087517, 0.110512], [-0.107808, 0.0350577, 0.993553]], [[-0.0893217, -0.995937, 0.0114774], [0.988766, -0.0900534, -0.119299], [0.119848, 0.000692417, 0.992792]], [[-0.0893217, -0.995937, 0.0114774], [0.950038, -0.0886542, -0.29928], [0.299082, -0.0158283, 0.954096]], [[-0.0893217, -0.995937, 0.0114774], [0.920933, -0.0869729, -0.379893], [0.379347, -0.0233628, 0.924959]]], "btipPosition": [-84.6722, 211.85, -83.1112], "carpPosition": [-95.0753, 213.237, 46.3659], "dipPosition": [-91.2818, 211.443, -66.9949], "direction": [0.299082, 0.0158283, -0.954096], "extended": true, "handId": 47, "id": 474, "length": 51.0585, "mcpPosition": [-101.479, 211.155, -12.6465], "pipPosition": [-97.1949, 211.13, -48.1316], "stabilizedTipPosition": [-86.3273, 211.755, -79.3811], "timeVisible": 4.53722, "tipPosition": [-84.187, 212.472, -78.2686], "tipVelocity": [705.306, 12.0706, -122.992], "tool": false, "touchDistance": 0.312426, "touchZone": "hovering", "type": 4, "width": 17.5706}], "r": [[-0.259865, 0.713018, -0.651211], [-0.539849, -0.66642, -0.514244], [-0.800645, 0.217922, 0.558101]], "s": 0.92823, "t": [-31.0865, -49.2657, -18.0855], "timestamp": 629567769430}, {"currentFrameRate": 55.2653, "devices": [], "gestures": [], "hands": [{"armBasis": [[0.250738, -0.735941, -0.628905], [0.960195, 0.27169, 0.0648906], [0.123111, -0.620142, 0.77477]], "armWidth": 68.3654, "confidence": 1, "direction": [-0.103115, 0.238024, -0.96577], "elbow": [-109.472, 43.8105, 291.277], "grabAngle": 0.333113, "grabStrength": 0, "id": 47, "palmNormal": [0.954662, -0.24892, -0.163278], "palmPosition": [-74.4942, 244.499, 4.58988], "palmVelocity": [771.846, -31.5765, -41.7336], "palmWidth": 93.2028, "pinchDistance": 61.0919, "pinchStrength": 0, "r": [[-0.269243, 0.717915, -0.641955], [-0.55343, -0.660856, -0.506937], [-0.788178, 0.218788, 0.575246]], "s": 0.927492, "sphereCenter": [173.681, 170.34, -29.6586], "sphereRadius": 262.292, "stabilizedPalmPosition": [-74.5283, 244.501, 4.59173], "t": [44.3204, -50.2457, -19.0265], "timeVisible": 4.55528, "type": "left", "wrist": [-75.4235, 215.321, 77.0017]}], "id": 21526, "interactionBox": {"center": [0, 200, 0], "size": [235.247, 235.247, 147.751]}, "pointables": [{"bases": [[[0.986371, -0.108692, -0.123522], [0.161946, 0.773985, 0.612144], [0.0290693, -0.623806, 0.781039]], [[0.974737, -0.0287687, -0.221497], [0.17112, 0.733524, 0.65777], [0.14355, -0.679055, 0.719915]], [[0.974737, -0.0287687, -0.221497], [0.107756, 0.929203, 0.353513], [0.195646, -0.368449, 0.908828]], [[0.974737, -0.0287687, -0.221497], [0.0769414, 0.974223, 0.212059], [0.209687, -0.223744, 0.951825]]], "btipPosition": [-37.0745, 301.644, -26.0278], "carpPosition": [-56.1181, 248.931, 64.6233], "dipPosition": [-42.0352