{"frames": 45, "data": [{"currentFrameRate": 53.6732, "devices": [], "gestures": [], "hands": [{"armBasis": [[0.380971, 0.862964, -0.331896], [-0.113774, 0.399994, 0.909429], [0.91756, -0.308705, 0.250569]], "armWidth": 68.4237, "confidence": 1, "direction": [0.640853, 0.394025, -0.658827], "elbow": [-133.841, 148.144, 267.598], "grabAngle": 3.03107, "grabStrength": 0.108232, "id": 74, "palmNormal": [-0.376533, -0.586554, -0.717061], "palmPosition": [176.179, 255.033, 150.281], "palmVelocity": [-123.508, 53.4369, -70.2862], "palmWidth": 93.0355, "pinchDistance": 48.0189, "pinchStrength": 0.354615, "r": [[-0.466656, 0.271748, -0.841656], [-0.286361, -0.94679, -0.14692], [-0.836797, 0.172456, 0.519643]], "s": 1.06881, "sphereCenter": [172.466, 234.612, 112.079], "sphereRadius": 41.2971, "stabilizedPalmPosition": [185.37, 254.005, 155.804], "t": [323.849, 70.1201, 37.8948], "timeVisible": 11.0991, "type": "left", "wrist": [119.47, 233.368, 198.423]}], "id": 27619, "interactionBox": {"center": [0, 200, 0], "size": [235.247, 235.247, 147.751]}, "pointables": [{"bases": [[[0.55188, 0.763713, -0.33492], [-0.482744, 0.620061, 0.618452], [0.67999, -0.179631, 0.710877]], [[0.611088, 0.744349, -0.269289], [-0.712294, 0.665482, 0.223094], [0.345267, 0.0554831, 0.936863]], [[0.611088, 0.744349, -0.269289], [-0.79149, 0.569964, -0.220647], [-0.0107537, 0.347975, 0.937442]], [[0.611088, 0.744349, -0.269289], [-0.767994, 0.475131, -0.42946], [-0.19172, 0.46925, 0.862002]]], "btipPosition": [221.842, 229.432, 63.0322], "carpPosition": [159.367, 234.775, 194.322], "dipPosition": [225.125, 237.468, 77.7939], "direction": [-0.0107537, -0.347975, -0.937442], "extended": true, "handId": 74, "id": 741, "length": 58.9429, "mcpPosition": [210.518, 248.287, 140.847], "pipPosition": [225.386, 245.898, 100.504], "stabilizedTipPosition": [227.641, 231.402, 69.0041], "timeVisible": 11.0991, "tipPosition": [218.439, 230.078, 66.339], "tipVelocity": [-83.6969, 14.5125, -27.9667], "tool": false, "touchDistance": 0.332892, "touchZone": "hovering", "type": 1, "width": 21.2066}, {"bases": [[[-0.192638, 0.886253, 0.421243], [-0.456678, -0.460932, 0.760912], [0.868525, -0.0457915, 0.493525]], [[-0.360817, 0.87777, 0.315167], [-0.818693, -0.459964, 0.343767], [0.446714, -0.133988, 0.884587]], [[-0.360817, 0.87777, 0.315167], [-0.910151, -0.405161, 0.0864287], [0.203558, -0.255665, 0.945092]], [[-0.360817, 0.87777, 0.315167], [-0.924965, -0.293543, -0.241396], [-0.119375, -0.378619, 0.917822]]], "btipPosition": [177.301, 237.359, 90.0935], "carpPosition": [150.344, 212.901, 189.07], "dipPosition": [180.101, 228.477, 111.623], "direction": [0.203558, 0.255665, -0.945092], "extended": false, "handId": 74, "id": 740, "length": 52.2364, "mcpPosition": [150.344, 212.901, 189.07], "pipPosition": [173.144, 219.74, 143.921], "stabilizedTipPosition": [185.103, 235.985, 98.0931], "timeVisible": 11.0991, "tipPosition": [178.362, 232.745, 94.7341], "tipVelocity": [-127.12, 5.24895, -51.9834], "tool": false, "touchDistance": 0.337538, "touchZone": "hovering", "type": 0, "width": 22.2012}, {"bases": [[[0.712831, 0.615453, -0.336289], [-0.367446, 0.736155, 0.568383], [0.597374, -0.281593, 0.750899]], [[0.747369, 0.59746, -0.290657], [-0.579572, 0.372347, -0.724882], [-0.324862, 0.710211, 0.624552]], [[0.747369, 0.59746, -0.290657], [0.302115, -0.695219, -0.652225], [-0.591748, 0.399641, -0.700087]], [[0.747369, 0.59746, -0.290657], [0.590873, -0.797723, -0.120441], [-0.303822, -0.0817279, -0.949217]]], "btipPosition": [158.075, 221.399, 144.892], "carpPosition": [153.743, 245.474, 190.799], "dipPosition": [163.797, 219.86, 127.013], "direction": [-0.591748, -0.399641, 0.700087], "extended": false, "handId": 74, "id": 742, "length": 67.1607, "mcpPosition": [196.358, 265.562, 137.232], "pipPosition": [180.663, 231.25, 107.059], "stabilizedTipPosition": [166.098, 221.46, 144.046], "timeVisible": 11.0991, "tipPosition": [159.314, 221.728, 139.277], "tipVelocity": [-66.1781, 5.55013, -37.2859], "tool": false, "touchDistance": 0.37565, "touchZone": "none", "type": 2, "width": 20.8277}, {"bases": [[[0.818628, 0.510048, -0.264007], [-0.296349, 0.768893, 0.566552], [0.491962, -0.385557, 0.780589]], [[0.787655, 0.53225, -0.310339], [-0.559774, 0.407781, -0.721365], [-0.257396, 0.741906, 0.61913]], [[0.787655, 0.53225, -0.310339], [0.223485, -0.716212, -0.661131], [-0.574156, 0.451387, -0.683078]], [[0.787655, 0.53225, -0.310339], [0.518765, -0.844665, -0.132001], [-0.33239, -0.057022, -0.941417]]], "btipPosition": [143.488, 234.085, 145.363], "carpPosition": [145.673, 254.081, 186.489], "dipPosition": [149.713, 233.017, 127.733], "direction": [-0.574156, -0.451387, 0.683078], "extended": false, "handId": 74, "id": 743, "length": 64.5768, "mcpPosition": [177.182, 278.775, 136.493], "pipPosition": [165.655, 245.55, 108.767], "stabilizedTipPosition": [151.216, 234.764, 144.079], "timeVisible": 11.0991, "tipPosition": [146.645, 233.117, 140.148], "tipVelocity": [-89.8295, -19.1912, -53.3037], "tool": false, "touchDistance": 1, "touchZone": "none", "type": 3, "width": 19.8189}, {"bases": [[[0.907702, 0.327895, -0.261845], [-0.120779, 0.80176, 0.585315], [0.401858, -0.499666, 0.767362]], [[0.853067, 0.385353, -0.351824], [-0.514903, 0.51239, -0.687264], [-0.0845678, 0.767437, 0.635522]], [[0.853067, 0.385353, -0.351824], [0.0569744, -0.739005, -0.671286], [-0.518682, 0.552607, -0.652376]], [[0.853067, 0.385353, -0.351824], [0.36119, -0.922691, -0.134845], [-0.376588, -0.0120434, -0.926303]]], "btipPosition": [137.288, 249.054, 140.593], "carpPosition": [133.133, 257.253, 179.82], "dipPosition": [143.794, 248.846, 124.59], "direction": [-0.518682, -0.552607, 0.652376], "extended": false, "handId": 74, "id": 744, "length": 50.627, "mcpPosition": [156.959, 286.878, 134.324], "pipPosition": [153.962, 259.68, 111.801], "stabilizedTipPosition": [145.58, 250.377, 140.106], "timeVisible": 11.0991, "tipPosition": [139.942, 247.878, 133.852], "tipVelocity": [-114.508, -36.7337, -74.5838], "tool": false, "touchDistance": 1, "touchZone": "none", "type": 4, "width": 17.6047}], "r": [[-0.466656, 0.271748, -0.841656], [-0.286361, -0.94679, -0.14692], [-0.836797, 0.172456, 0.519643]], "s": 1.06881, "t": [-323.849, 70.1201, 37.8948], "timestamp": 629683731549}, {"currentFrameRate": 53.8057, "devices": [], "gestures": [], "hands": [{"armBasis": [[0.384193, 0.863372, -0.327085], [-0.120234, 0.398045, 0.909453], [0.915391, -0.310078, 0.256732]], "armWidth": 68.4237, "confidence": 1, "direction": [0.630354, 0.400723, -0.664887], "elbow": [-136.094, 148.315, 268.403], "grabAngle": 3.0317, "grabStrength": 0.118606, "id": 74, "palmNormal": [-0.379951, -0.587627, -0.714375], "palmPosition": [172.664, 256.082, 148.842], "palmVelocity": [-194.077, 57.9475, -79.4443], "palmWidth": 93.0355, "pinchDistance": 48.9836, "pinchStrength": 0.3652, "r": [[-0.460948, 0.27081, -0.845097], [-0.294584, -0.944995, -0.142146], [-0.837107, 0.18343, 0.515369]], "s": 1.06645, "sphereCenter": [169.212, 235.354, 110.852], "sphereRadius": 41.221, "stabilizedPalmPosition": [183.308, 254.342, 154.674], "t": [321.199, 70.9341, 36.6763], "timeVisible": 11.1172, "type": "left", "wrist": [116.618, 233.918, 197.527]}], "id": 27620, "interactionBox": {"center": [0, 200, 0], "size": [235.247, 235.247, 147.751]}, "pointables": [{"bases": [[[0.561524, 0.760237, -0.326697], [-0.484788, 0.622217, 0.614676], [0.670575, -0.186777, 0.717944]], [[0.618308, 0.740871, -0.262309], [-0.7108, 0.669541, 0.215588], [0.335349, 0.0531493, 0.940593]], [[0.618308, 0.740871, -0.262309], [-0.785575, 0.572463, -0.23486], [-0.0238389, 0.351279, 0.935967]], [[0.618308, 0.740871, -0.262309], [-0.757852, 0.473603, -0.448733], [-0.208223, 0.476246, 0.854303]]], "btipPosition": [217.244, 230.675, 61.1992], "carpPosition": [156.503, 235.58, 193.013], "dipPosition": [220.809, 238.831, 75.8291], "direction": [-0.0238389, -0.351279, -0.935967], "extended": true, "handId": 74, "id": 741, "length": 58.9429, "mcpPosition": [206.946, 249.63, 139.007], "pipPosition": [221.387, 247.341, 98.5039], "stabilizedTipPosition": [224.726, 231.752, 67.6527], "timeVisible": 11.1172, "tipPosition": [214.293, 231.702, 64.3729], "tipVelocity": [-250.265, 70.1625, -102.861], "tool": false, "touchDistance": 0.331977, "touchZone": "hovering", "type": 1, "width": 21.2066}, {"bases": [[[-0.190429, 0.886642, 0.421429], [-0.468738, -0.45931, 0.754533], [0.862567, -0.0538548, 0.503069]], [[-0.359567, 0.879426, 0.311963], [-0.828392, -0.454731, 0.327087], [0.429508, -0.140818, 0.892016]], [[-0.359567, 0.879426, 0.311963], [-0.915952, -0.396478, 0.0619516], [0.178168, -0.263467, 0.948072]], [[-0.359567, 0.879426, 0.311963], [-0.920448, -0.279366, -0.273369], [-0.153256, -0.38544, 0.909917]]], "btipPosition": [172.009, 238.883, 88.5323], "carpPosition": [147.593, 213.65, 187.804], "dipPosition": [175.604, 229.841, 109.877], "direction": [0.178168, 0.263467, -0.948072], "extended": false, "handId": 74, "id": 740, "length": 52.2364, "mcpPosition": [147.593, 213.65, 187.804], "pipPosition": [169.515, 220.838, 142.276], "stabilizedTipPosition": [180.959, 236.262, 96.522], "timeVisible": 11.1172, "tipPosition": [174.284, 234.165, 93.2314], "tipVelocity": [-282.032, 82.1125, -88.5397], "tool": false, "touchDistance": 0.336201, "touchZone": "hovering", "type": 0, "width": 22.2012}, {"bases": [[[0.721321, 0.610727, -0.326665], [-0.368036, 0.737535, 0.566208], [0.586725, -0.288193, 0.756769]], [[0.755205, 0.592346, -0.280698], [-0.569998, 0.381991, -0.727451], [-0.323679, 0.709372, 0.626117]], [[0.755205, 0.592346, -0.280698], [0.301123, -0.693879, -0.654108], [-0.582229, 0.409461, -0.70239]], [[0.755205, 0.592346, -0.280698], [0.584533, -0.802366, -0.120542], [-0.296625, -0.0730431, -0.952197]]], "btipPosition": [154.793, 222.237, 143.302], "carpPosition": [150.757, 246.244, 189.582], "dipPosition": [160.38, 220.861, 125.367], "direction": [-0.582229, -0.409461, 0.70239], "extended": false, "handId": 74, "id": 742, "length": 67.1607, "mcpPosition": [192.612, 266.802, 135.597], "pipPosition": [176.975, 232.532, 105.348], "stabilizedTipPosition": [164.641, 221.527, 143.338], "timeVisible": 11.1172, "tipPosition": [155.938, 222.662, 137.96], "tipVelocity": [-182.87, 48.3303, -88.4501], "tool": false, "touchDistance": 1, "touchZone": "none", "type": 2, "width": 20.8277}, {"bases": [[[0.825478, 0.504312, -0.253487], [-0.29667, 0.769721, 0.565258], [0.48018, -0.391406, 0.785002]], [[0.795199, 0.526875, -0.300103], [-0.548476, 0.414006, -0.72648], [-0.25852, 0.742295, 0.618195]], [[0.795199, 0.526875, -0.300103], [0.22419, -0.71534, -0.661837], [-0.56338, 0.459012, -0.686958]], [[0.795199, 0.526875, -0.300103], [0.512709, -0.848494, -0.131102], [-0.32371, -0.0496128, -0.944855]]], "btipPosition": [140.045, 234.81, 144.191], "carpPosition": [142.572, 254.798, 185.385], "dipPosition": [146.107, 233.881, 126.497], "direction": [-0.56338, -0.459012, 0.686958], "extended": false, "handId": 74, "id": 743, "length": 64.5768, "mcpPosition": [173.327, 279.867, 135.107], "pipPosition": [161.75, 246.625, 107.423], "stabilizedTipPosition": [149.436, 234.733, 143.358], "timeVisible": 11.1172, "tipPosition": [143.179, 233.967, 138.988], "tipVelocity": [-192.157, 41.7547, -65.5193], "tool": false, "touchDistance": 1, "touchZone": "none", "type": 3, "width": 19.8189}, {"bases": [[[0.913101, 0.321462, -0.250817], [-0.12107, 0.801166, 0.586068], [0.389345, -0.504772, 0.770465]], [[0.859925, 0.379578, -0.341247], [-0.503176, 0.518173, -0.6916], [-0.0856915, 0.766432, 0.636584]], [[0.859925, 0.379578, -0.341247], [0.0567766, -0.735545, -0.675092], [-0.507253, 0.561154, -0.654065]], [[0.859925, 0.379578, -0.341247], [0.353808, -0.925156, -0.137498], [-0.367898, -0.00249798, -0.929863]]], "btipPosition": [133.682, 249.697, 139.511], "carpPosition": [129.935, 257.89, 178.865], "dipPosition": [140.038, 249.654, 123.447], "direction": [-0.507253, -0.561154, 0.654065], "extended": false, "handId": 74, "id": 744, "length": 50.627, "mcpPosition": [153.019, 287.818, 133.185], "pipPosition": [149.982, 260.655, 110.625], "stabilizedTipPosition": [143.447, 250.236, 139.23], "timeVisible": 11.1172, "tipPosition": [136.292, 248.696, 132.825], "tipVelocity": [-200.974, 37.5744, -60.4827], "tool": false, "touchDistance": 1, "touchZone": "none", "type": 4, "width": 17.6047}], "r": [[-0.460948, 0.27081, -0.845097], [-0.294584, -0.944995, -0.142146], [-0.837107, 0.18343, 0.515369]], "s": 1.06645, "t": [-321.199, 70.9341, 36.6763], "timestamp": 629683749664}, {"currentFrameRate": 53.9362, "devices": [], "gestures": [], "hands": [{"armBasis": [[0.38254, 0.871971, -0.305498], [-0.130234, 0.378235, 0.916503], [0.914714, -0.310812, 0.25825]], "armWidth": 68.4237, "confidence": 1, "direction": [0.616418, 0.402167, -0.676972], "elbow": [-139.165, 149.141, 268.569], "grabAngle": 3.03174, "grabStrength": 0.143174, "id": 74, "palmNormal": [-0.40085, -0.579727, -0.709391], "palmPosition": [168.423, 257.224, 147.592], "palmVelocity": [-234.605, 63.1562, -69.1249], "palmWidth": 93.0355, "pinchDistance": 49.6774, "pinchStrength": 0.388208, "r": [[-0.452546, 0.270743, -0.849648], [-0.299344, -0.943632, -0.141252], [-0.839998, 0.190414, 0.508082]], "s": 1.06221, "sphereCenter": [163.774, 236.869, 109.489], "sphereRadius": 41.1011, "stabilizedPalmPosition": [179.372, 255.104, 152.801], "t": [317.754, 71.912, 35.4423], "timeVisible": 11.1353, "type": "left", "wrist": [113.36, 234.947, 197.273]}], "id": 27621, "interactionBox": {"center": [0, 200, 0], "size": [235.247, 235.247, 147.751]}, "pointables": [{"bases": [[[0.564633, 0.76611, -0.307026], [-0.503438, 0.614474, 0.607431], [0.654018, -0.188408, 0.732641]], [[0.61875, 0.747084, -0.242927], [-0.721435, 0.662764, 0.200687], [0.310934, 0.0510809, 0.949058]], [[0.61875, 0.747084, -0.242927], [-0.78314, 0.562196, -0.265759], [-0.0619721, 0.354685, 0.93293]], [[0.61875, 0.747084, -0.242927], [-0.747094, 0.46398, -0.475996], [-0.242896, 0.476012, 0.84523]]], "btipPosition": [210.143, 231.701, 58.9306], "carpPosition": [153.217, 236.472, 191.986], "dipPosition": [214.303, 239.853, 73.4051], "direction": [-0.0619721, -0.354685, -0.93293], "extended": true, "handId": 74, "id": 741, "length": 58.9429, "mcpPosition": [202.415, 250.645, 136.874], "pipPosition": [215.804, 248.445, 96.0063], "stabilizedTipPosition": [217.295, 232.746, 64.7117], "timeVisible": 11.1353, "tipPosition": [207.988, 233.276, 61.9619], "tipVelocity": [-385.204, 56.6778, -127.467], "tool": false, "touchDistance": 0.331878, "touchZone": "hovering", "type": 1, "width": 21.2066}, {"bases": [[[-0.206089, 0.882156, 0.423471], [-0.484151, -0.468003, 0.739304], [0.850368, -0.0526617, 0.523547]], [[-0.374366, 0.874488, 0.308416], [-0.832504, -0.463453, 0.30356], [0.408396, -0.143115, 0.901516]], [[-0.374366, 0.874488, 0.308416], [-0.916132, -0.400228, 0.0227816], [0.143359, -0.274022, 0.950979]], [[-0.374366, 0.874488, 0.308416], [-0.904454, -0.271015, -0.329415], [-0.204484, -0.40227, 0.892393]]], "btipPosition": [164.995, 240.743, 87.382], "carpPosition": [144.048, 214.638, 186.827], "dipPosition": [169.792, 231.307, 108.315], "direction": [0.143359, 0.274022, -0.950979], "extended": false, "handId": 74, "id": 740, "length": 52.2364, "mcpPosition": [144.048, 214.638, 186.827], "pipPosition": [164.893, 221.942, 140.814], "stabilizedTipPosition": [172.243, 237.617, 93.985], "timeVisible": 11.1353, "tipPosition": [168.389, 235.924, 91.8187], "tipVelocity": [-372.673, 97.8669, -68.8582], "tool": false, "touchDistance": 0.335164, "touchZone": "hovering", "type": 0, "width": 22.2012}, {"bases": [[[0.725298, 0.617559, -0.304244], [-0.386251, 0.730862, 0.562718], [0.569872, -0.290623, 0.768625]], [[0.758164, 0.599021, -0.257607], [-0.558508, 0.392666, -0.730672], [-0.336534, 0.697845, 0.632264]], [[0.758164, 0.599021, -0.257607], [0.315268, -0.682567, -0.659324], [-0.570783, 0.418661, -0.70635]], [[0.758164, 0.599021, -0.257607], [0.589429, -0.798538, -0.122111], [-0.278855, -0.0592607, -0.958503]]], "btipPosition": [150.329, 223.399, 141.587], "carpPosition": [147.455, 247.197, 188.778], "dipPosition": [155.581, 222.282, 123.534], "direction": [-0.570783, -0.418661, 0.70635], "extended": false, "handId": 74, "id": 742, "length": 67.1607, "mcpPosition": [188.108, 267.929, 133.947], "pipPosition": [171.85, 234.215, 103.401], "stabilizedTipPosition": [161.27, 221.942, 141.819], "timeVisible": 11.1353, "tipPosition": [151.245, 223.954, 136.889], "tipVelocity": [-251.211, 67.5472, -96.3794], "tool": false, "touchDistance": 1, "touchZone": "none", "type": 2, "width": 20.8277}, {"bases": [[[0.828293, 0.511196, -0.229367], [-0.315081, 0.763479, 0.563758], [0.463308, -0.394688, 0.793453]], [[0.799021, 0.533943, -0.276533], [-0.533147, 0.416421, -0.736443], [-0.278065, 0.735866, 0.617399]], [[0.799021, 0.533943, -0.276533], [0.241964, -0.706519, -0.665044], [-0.550471, 0.464474, -0.693719]], [[0.799021, 0.533943, -0.276533], [0.520618, -0.844418, -0.126155], [-0.300869, -0.0431675, -0.952688]]], "btipPosition": [135.526, 236.07, 143.483], "carpPosition": [139.223, 255.833, 184.848], "dipPosition": [141.16, 235.261, 125.642], "direction": [-0.550471, -0.464474, 0.693719], "extended": false, "handId": 74, "id": 743, "length": 64.5768, "mcpPosition": [168.897, 281.112, 134.029], "pipPosition": [156.445, 248.158, 106.38], "stabilizedTipPosition": [145.368, 235.104, 142.075], "timeVisible": 11.1353, "tipPosition": [138.554, 235.368, 138.301], "tipVelocity": [-255.41, 71.2334, -41.0322], "tool": false, "touchDistance": 1, "touchZone": "none", "type": 3, "width": 19.8189}, {"bases": [[[0.916947, 0.328856, -0.225967], [-0.140238, 0.795805, 0.58909], [0.373552, -0.508476, 0.77583]], [[0.865635, 0.387362, -0.317218], [-0.489351, 0.520578, -0.699667], [-0.105888, 0.760887, 0.640187]], [[0.865635, 0.387362, -0.317218], [0.0741485, -0.725776, -0.683923], [-0.495155, 0.568506, -0.65698]], [[0.865635, 0.387362, -0.317218], [0.361373, -0.921907, -0.139635], [-0.346535, 0.00623867, -0.938016]]], "btipPosition": [129.151, 250.979, 139.061], "carpPosition": [126.45, 259.051, 178.663], "dipPosition": [135.138, 251.086, 122.856], "direction": [-0.495155, -0.568506, 0.65698], "extended": false, "handId": 74, "id": 744, "length": 50.627, "mcpPosition": [148.597, 289.198, 132.665], "pipPosition": [144.845, 262.231, 109.976], "stabilizedTipPosition": [138.974, 250.501, 137.881], "timeVisible": 11.1353, "tipPosition": [131.613, 250.19, 132.447], "tipVelocity": [-255.325, 72.812, -26.6927], "tool": false, "touchDistance": 1, "touchZone": "none", "type": 4, "width": 17.6047}], "r": [[-0.452546, 0.270743, -0.849648], [-0.299344, -0.943632, -0.141252], [-0.839998, 0.190414, 0.508082]], "s": 1.06221, "t": [-317.754, 71.912, 35.4423], "timestamp": 629683767742}, {"currentFrameRate": 54.0619, "devices": [], "gestures": [], "hands": [{"armBasis": [[0.393051, 0.862795, -0.317956], [-0.127544, 0.393599, 0.910391], [0.910628, -0.317277, 0.264749]], "armWidth": 68.4237, "confidence": 1, "direction": [0.591389, 0.413577, -0.692252], "elbow": [-142.911, 148.442, 268.945], "grabAngle": 3.03544, "grabStrength": 0.164453, "id": 74, "palmNormal": [-0.39064, -0.604074, -0.694619], "palmPosition": [162.144, 259.275, 145.112], "palmVelocity": [-347.794, 113.586, -137.374], "palmWidth": 93.0355, "pinchDistance": 50.6256, "pinchStrength": 0.403218, "r": [[-0.441219, 0.271311, -0.855404], [-0.309402, -0.940749, -0.13879], [-0.842375, 0.203427, 0.49902]], "s": 1.05716, "sphereCenter": [158.286, 237.794, 107.618], "sphereRadius": 41.0149, "stabilizedPalmPosition": [171.334, 257.05, 149.214], "t": [312.892, 73.4263, 33.5853], "timeVisible": 11.1533, "type": "left", "wrist": [108.486, 236.032, 195.856]}], "id": 27622, "interactionBox": {"center": [0, 200, 0], "size": [235.247, 235.247, 147.751]}, "pointables": [{"bases": [[[0.59614, 0.740981, -0.309136], [-0.49037, 0.640903, 0.590576], [0.635732, -0.200475, 0.745423]], [[0.645328, 0.722462, -0.248196], [-0.70238, 0.688909, 0.179073], [0.300358, 0.0587674, 0.952015]], [[0.645328, 0.722462, -0.248196], [-0.760492, 0.576907, -0.298045], [-0.0721403, 0.381088, 0.92172]], [[0.645328, 0.722462, -0.248196], [-0.718222, 0.463146, -0.519281], [-0.260209, 0.513366, 0.817769]]], "btipPosition": [202.913, 233.189, 56.63], "carpPosition": [148.361, 238.663, 190.032], "dipPosition": [207.369, 241.98, 70.6343], "direction": [-0.0721403, -0.381088, -0.92172], "extended": true, "handId": 74, "id": 741, "length": 58.9429, "mcpPosition": [196.183, 253.743, 133.959], "pipPosition": [209.117, 251.212, 92.9639], "stabilizedTipPosition": [207.408, 234.571, 61.1137], "timeVisible": 11.1533, "tipPosition": [201.386, 235.451, 59.261], "tipVelocity": [-396.728, 90.5715, -133.424], "tool": false, "touchDistance": 0.331845, "touchZone": "hovering", "type": 1, "width": 21.2066}, {"bases": [[[-0.180927, 0.89512, 0.407462], [-0.511643, -0.439489, 0.738289], [0.839933, -0.0748988, 0.537497]], [[-0.350575, 0.891279, 0.287608], [-0.85458, -0.430071, 0.291088], [0.383132, -0.143736, 0.912442]], [[-0.350575, 0.891279, 0.287608], [-0.930738, -0.365683, -0.00127905], [0.104033, -0.268136, 0.957747]], [[-0.350575, 0.891279, 0.287608], [-0.902022, -0.238739, -0.359668], [-0.251901, -0.385519, 0.887649]]], "btipPosition": [157.099, 241.986, 85.2094], "carpPosition": [139.898, 216.443, 185.332], "dipPosition": [163.008, 232.942, 106.031], "direction": [0.104033, 0.268136, -0.957747], "extended": false, "handId": 74, "id": 740, "length": 52.2364, "mcpPosition": [139.898, 216.443, 185.332], "pipPosition": [159.453, 223.779, 138.762], "stabilizedTipPosition": [161.212, 239.448, 90.795], "timeVisible": 11.1533, "tipPosition": [161.755, 237.364, 89.6838], "tipVelocity": [-423.197, 73.8471, -121.761], "tool": false, "touchDistance": 0.333308, "touchZone": "hovering", "type": 0, "width": 22.2012}, {"bases": [[[0.751351, 0.586895, -0.301703], [-0.36845, 0.752391, 0.546033], [0.547463, -0.2991, 0.781552]], [[0.782827, 0.567904, -0.254295], [-0.535777, 0.407368, -0.739591], [-0.316425, 0.715218, 0.623169]], [[0.782827, 0.567904, -0.254295], [0.296376, -0.699649, -0.650118], [-0.547122, 0.433563, -0.716017]], [[0.782827, 0.567904, -0.254295], [0.559739, -0.821218, -0.110873], [-0.271797, -0.0555445, -0.96075]]], "btipPosition": [145.227, 224.6, 139.406], "carpPosition": [142.173, 249.128, 186.761], "dipPosition": [150.346, 223.554, 121.31], "direction": [-0.547122, -0.433563, 0.716017], "extended": false, "handId": 74, "id": 742, "length": 67.1607, "mcpPosition": [181.227, 270.464, 131.008], "pipPosition": [165.94, 235.911, 100.902], "stabilizedTipPosition": [155.62, 222.861, 139.32], "timeVisible": 11.1533, "tipPosition": [146.015, 225.233, 135.162], "tipVelocity": [-284.326, 67.4474, -121.393], "tool": false, "touchDistance": 1, "touchZone": "none", "type": 2, "width": 20.8277}, {"bases": [[[0.849349, 0.478084, -0.223701], [-0.296188, 0.782482, 0.547718], [0.436897, -0.398946, 0.806202]], [[0.821622, 0.501146, -0.271642], [-0.506773, 0.423986, -0.750611], [-0.260994, 0.75438, 0.602323]], [[0.821622, 0.501146, -0.271642], [0.226066, -0.723926, -0.651786], [-0.523289, 0.474113, -0.708086]], [[0.821622, 0.501146, -0.271642], [0.491274, -0.864226, -0.108458], [-0.289113, -0.0443392, -0.956268]]], "btipPosition": [129.93, 236.842, 141.796], "carpPosition": [133.58, 257.407, 182.837], "dipPosition": [135.345, 236.012, 123.888], "direction": [-0.523289, -0.474113, 0.708086], "extended": false, "handId": 74, "id": 743, "length": 64.5768, "mcpPosition": [161.562, 282.959, 131.201], "pipPosition": [149.874, 249.176, 104.228], "stabilizedTipPosition": [138.451, 235.858, 139.932], "timeVisible": 11.1533, "tipPosition": [132.927, 236.241, 136.61], "tipVelocity": [-312.761, 42.5085, -94.2933], "tool": false, "touchDistance": 1, "touchZone": "none", "type": 3, "width": 19.8189}, {"bases": [[[0.931392, 0.292792, -0.216292], [-0.120707, 0.808975, 0.575317], [0.343423, -0.509737, 0.788815]], [[0.883582, 0.351709, -0.309167], [-0.459857, 0.527066, -0.714656], [-0.0883993, 0.77363, 0.627441]], [[0.883582, 0.351709, -0.309167], [0.0581761, -0.737554, -0.672778], [-0.464649, 0.576468, -0.67215]], [[0.883582, 0.351709, -0.309167], [0.328927, -0.93607, -0.12482], [-0.333302, 0.00859505, -0.942781]]], "btipPosition": [122.969, 251.433, 137.267], "carpPosition": [120.608, 260.079, 176.807], "dipPosition": [128.727, 251.581, 120.979], "direction": [-0.464649, -0.576468, 0.67215], "extended": false, "handId": 74, "id": 744, "length": 50.627, "mcpPosition": [140.969, 290.3, 130.039], "pipPosition": [137.836, 262.882, 107.802], "stabilizedTipPosition": [131.007, 251.025, 135.515], "timeVisible": 11.1533, "tipPosition": [125.378, 250.721, 130.662], "tipVelocity": [-345.348, 25.6768, -100.464], "tool": false, "touchDistance": 1, "touchZone": "none", "type": 4, "width": 17.6047}], "r": [[-0.441219, 0.271311, -0.855404], [-0.309402, -0.940749, -0.13879], [-0.842375, 0.203427, 0.49902]], "s": 1.05716, "t": [-312.892, 73.4263, 33.5853], "timestamp": 629683785795}, {"currentFrameRate": 54.1635, "devices": [], "gestures": [], "hands": [{"armBasis": [[0.398428, 0.864668, -0.305948], [-0.139402, 0.38678, 0.911575], [0.906544, -0.320547, 0.27464]], "armWidth": 68.4237, "confidence": 1, "direction": [0.578994, 0.428392, -0.693719], "elbow": [-148.623, 148.177, 269.504], "grabAngle": 3.0347, "grabStrength": 0.17585, "id": 74, "palmNormal": [-0.393357, -0.598504, -0.697899], "palmPosition": [154.488, 260.997, 142.575], "palmVelocity": [-422.898, 95.118, -140.107], "palmWidth": 93.0355, "pinchDistance": 51.4966, "pinchStrength": 0.422908, "r": [[-0.429497, 0.274749, -0.860259], [-0.318872, -0.937374, -0.140177], [-0.844898, 0.214107, 0.49021]], "s": 1.05151, "sphereCenter": [150.774, 239.704, 104.904], "sphereRadius": 40.9847, "stabilizedPalmPosition": [159.47, 259.829, 144.538], "t": [306.632, 75.0444, 31.3885], "timeVisible": 11.1714, "type": "left", "wrist": [101.646, 236.671, 193.684]}], "id": 27623, "interactionBox": {"center": [0, 200, 0], "size": [235.247, 235.247, 147.751]}, "pointables": [{"bases": [[[0.606816, 0.739276, -0.291969], [-0.491462, 0.637667, 0.593166], [0.624692, -0.216451, 0.750272]], [[0.652271, 0.720813, -0.234459], [-0.698159, 0.691771, 0.184464], [0.295156, 0.0433694, 0.954464]], [[0.652271, 0.720813, -0.234459], [-0.753769, 0.584248, -0.30081], [-0.0798454, 0.372938, 0.924415]], [[0.652271, 0.720813, -0.234459], [-0.706829, 0.46671, -0.531577], [-0.273744, 0.512455, 0.813913]]], "btipPosition": [194.527, 236.262, 53.5064], "carpPosition": [141.448, 239.658, 187.378], "dipPosition": [199.215, 245.038, 67.4446], "direction": [-0.0798454, -0.372938, -0.924415], "extended": true, "handId": 74, "id": 741, "length": 58.9429, "mcpPosition": [188.439, 255.94, 130.94], "pipPosition": [201.149, 254.073, 89.8395], "stabilizedTipPosition": [196.727, 237.928, 57.1307], "timeVisible": 11.1714, "tipPosition": [192.961, 238.686, 55.9621], "tipVelocity": [-460.281, 169.567, -173.378], "tool": false, "touchDistance": 0.331609, "touchZone": "hovering", "type": 1, "width": 21.2066}, {"bases": [[[-0.17743, 0.891318, 0.417218], [-0.524712, -0.444339, 0.726113], [0.832584, -0.0900851, 0.546525]], [[-0.347331, 0.890485, 0.293933], [-0.862321, -0.426461, 0.273008], [0.368461, -0.15864, 0.916007]], [[-0.347331, 0.890485, 0.293933], [-0.934492, -0.354759, -0.0294998], [0.0780062, -0.284924, 0.955371]], [[-0.347331, 0.890485, 0.293933], [-0.893025, -0.21846, -0.393423], [-0.286125, -0.399138, 0.871104]]], "btipPosition": [147.898, 244.619, 82.6475], "carpPosition": [133.138, 217.423, 182.483], "dipPosition": [154.61, 235.257, 103.081], "direction": [0.0780061, 0.284924, -0.955371], "extended": false, "handId": 74, "id": 740, "length": 52.2364, "mcpPosition": [133.138, 217.423, 182.483], "pipPosition": [151.944, 225.52, 135.73], "stabilizedTipPosition": [150.252, 242.258, 87.5845], "timeVisible": 11.1714, "tipPosition": [153.394, 239.972, 86.8944], "tipVelocity": [-498.047, 141.423, -146.445], "tool": false, "touchDistance": 0.306655, "touchZone": "hovering", "type": 0, "width": 22.2012}, {"bases": [[[0.760466, 0.583625, -0.284733], [-0.367963, 0.748564, 0.551594], [0.535065, -0.314697, 0.78401]], [[0.791183, 0.563704, -0.237209], [-0.526703, 0.430914, -0.732732], [-0.310828, 0.704664, 0.637837]], [[0.791183, 0.563704, -0.237209], [0.292748, -0.689612, -0.66237], [-0.536963, 0.454613, -0.710632]], [[0.791183, 0.563704, -0.237209], [0.551048, -0.825311, -0.123316], [-0.265285, -0.0331484, -0.9636]]], "btipPosition": [137.974, 226.179, 135.983], "carpPosition": [135.122, 250.106, 184.322], "dipPosition": [142.97, 225.555, 117.833], "direction": [-0.536963, -0.454613, 0.710632], "extended": false, "handId": 74, "id": 742, "length": 67.1607, "mcpPosition": [173.291, 272.555, 128.394], "pipPosition": [158.275, 238.512, 97.579], "stabilizedTipPosition": [145.859, 224.739, 134.876], "timeVisible": 11.1714, "tipPosition": [138.583, 226.9, 132.341], "tipVelocity": [-402.184, 92.5769, -189.729], "tool": false, "touchDistance": 1, "touchZone": "none", "type": 2, "width": 20.8277}, {"bases": [[[0.856477, 0.472852, -0.207022], [-0.295446, 0.777935, 0.554553], [0.423271, -0.413798, 0.805986]], [[0.829555, 0.496814, -0.25498], [-0.496281, 0.446562, -0.744505], [-0.256016, 0.74415, 0.617007]], [[0.829555, 0.496814, -0.25498], [0.222058, -0.71243, -0.665683], [-0.512376, 0.4956, -0.701322]], [[0.829555, 0.496814, -0.25498], [0.482275, -0.867571, -0.121374], [-0.281513, -0.0222843, -0.959299]]], "btipPosition": [122.55, 238.189, 138.798], "carpPosition": [126.404, 258.354, 180.613], "dipPosition": [127.822, 237.771, 120.833], "direction": [-0.512376, -0.4956, 0.701322], "extended": false, "handId": 74, "id": 743, "length": 64.5768, "mcpPosition": [153.513, 284.857, 128.991], "pipPosition": [142.048, 251.532, 101.36], "stabilizedTipPosition": [128.08, 237.436, 136.214], "timeVisible": 11.1714, "tipPosition": [125.329, 237.81, 134.138], "tipVelocity": [-409.475, 79.6333, -166.335], "tool": false, "touchDistance": 1, "touchZone": "none", "type": 3, "width": 19.8189}, {"bases": [[[0.936674, 0.2867, -0.20111], [-0.120073, 0.802376, 0.584616], [0.328975, -0.523447, 0.785989]], [[0.890384, 0.34749, -0.294051], [-0.446767, 0.543252, -0.710828], [-0.0872621, 0.764283, 0.63895]], [[0.890384, 0.34749, -0.294051], [0.0582759, -0.727667, -0.68345], [-0.451464, 0.591398, -0.668154]], [[0.890384, 0.34749, -0.294051], [0.321634, -0.937362, -0.133807], [-0.322129, 0.0245624, -0.946377]]], "btipPosition": [115.331, 252.911, 134.98], "carpPosition": [113.335, 260.981, 174.776], "dipPosition": [120.896, 253.335, 118.629], "direction": [-0.451464, -0.591398, 0.668154], "extended": false, "handId": 74, "id": 744, "length": 50.627, "mcpPosition": [132.839, 292.015, 128.176], "pipPosition": [129.747, 264.929, 105.531], "stabilizedTipPosition": [119.793, 252.57, 132.169], "timeVisible": 11.1714, "tipPosition": [117.622, 252.29, 128.479], "tipVelocity": [-424.332, 85.1419, -127.117], "tool": false, "touchDistance": 1, "touchZone": "none", "type": 4, "width": 17.6047}], "r": [[-0.429497, 0.274749, -0.860259], [-0.318872, -0.937374, -0.140177], [-0.844898, 0.214107, 0.49021]], "s": 1.05151, "t": [-306.632, 75.0444, 31.3885], "timestamp": 629683803899}, {"currentFrameRate": 54.2707, "devices": [], "gestures": [], "hands": [{"armBasis": [[0.411311, 0.856257, -0.312487], [-0.142291, 0.398943, 0.905868], [0.90032, -0.328129, 0.285928]], "armWidth": 68.4237, "confidence": 1, "direction": [0.559189, 0.446904, -0.698273], "elbow": [-154.816, 146.137, 269.645], "grabAngle": 3.04554, "grabStrength": 0.222462, "id": 74, "palmNormal": [-0.379454, -0.610894, -0.694854], "palmPosition": [145.438, 262.506, 139.125], "palmVelocity": [-501.369, 83.6395, -191.192], "palmWidth": 93.0355, "pinchDistance": 52.2197, "pinchStrength": 0.441966, "r": [[-0.416849, 0.280141, -0.86473], [-0.332216, -0.932463, -0.141937], [-0.846091, 0.228111, 0.481764]], "s": 1.04348, "sphereCenter": [142.686, 240.779, 101.671], "sphereRadius": 40.8064, "stabilizedPalmPosition": [147.209, 262.169, 139.808], "t": [298.978, 76.6082, 28.5647], "timeVisible": 11.1895, "type": "left", "wrist": [93.7355, 236.724, 190.709]}], "id": 27624, "interactionBox": {"center": [0, 200, 0], "size": [235.247, 235.247, 147.751]}, "pointables": [{"bases": [[[0.632751, 0.719276, -0.286825], [-0.475387, 0.653212, 0.58934], [0.611255, -0.236552, 0.755255]], [[0.671748, 0.702078, -0.236306], [-0.680355, 0.710911, 0.178106], [0.293037, 0.0411296, 0.955216]], [[0.671748, 0.702078, -0.236306], [-0.734834, 0.59121, -0.332399], [-0.0936632, 0.396934, 0.913055]], [[0.671748, 0.702078, -0.236306], [-0.675378, 0.449392, -0.584732], [-0.304333, 0.552389, 0.776046]]], "btipPosition": [184.578, 237.704, 50.6703], "carpPosition": [133.459, 240.756, 184.026], "dipPosition": [189.79, 247.163, 63.96], "direction": [-0.0936632, -0.396934, -0.913055], "extended": true, "handId": 74, "id": 741, "length": 58.9429, "mcpPosition": [179.44, 258.551, 127.213], "pipPosition": [192.059, 256.78, 86.0798], "stabilizedTipPosition": [186.685, 239.718, 54.0093], "timeVisible": 11.1895, "tipPosition": [184.102, 241.29, 52.3539], "tipVelocity": [-544.542, 88.5805, -165.396], "tool": false, "touchDistance": 0.331857, "touchZone": "hovering", "type": 1, "width": 21.2066}, {"bases": [[[-0.151901, 0.89658, 0.416018], [-0.544682, -0.427157, 0.721705], [0.824771, -0.11697, 0.553237]], [[-0.32446, 0.900883, 0.288332], [-0.877853, -0.400313, 0.262914], [0.352278, -0.167808, 0.920728]], [[-0.32446, 0.900883, 0.288332], [-0.944725, -0.323822, -0.0513273], [0.0471285, -0.289048, 0.956154]], [[-0.32446, 0.900883, 0.288332], [-0.887491, -0.184481, -0.422287], [-0.32724, -0.392908, 0.859382]]], "btipPosition": [137.748, 245.923, 79.3634], "carpPosition": [125.833, 218.264, 179.192], "dipPosition": [145.424, 236.707, 99.5224], "direction": [0.0471285, 0.289048, -0.956154], "extended": false, "handId": 74, "id": 740, "length": 52.2364, "mcpPosition": [125.833, 218.264, 179.192], "pipPosition": [143.814, 226.829, 132.198], "stabilizedTipPosition": [140.237, 243.699, 84.2413], "timeVisible": 11.1895, "tipPosition": [144.242, 241.612, 83.4844], "tipVelocity": [-550.076, 74.1065, -185.456], "tool": false, "touchDistance": 0.285762, "touchZone": "hovering", "type": 0, "width": 22.2012}, {"bases": [[[0.781225, 0.558738, -0.278388], [-0.348034, 0.760058, 0.548803], [0.518227, -0.33185, 0.788236]], [[0.810894, 0.537833, -0.230621], [-0.50973, 0.455584, -0.729807], [-0.287447, 0.709351, 0.64358]], [[0.810894, 0.537833, -0.230621], [0.27107, -0.694484, -0.666493], [-0.518625, 0.477941, -0.708943]], [[0.810894, 0.537833, -0.230621], [0.523094, -0.842855, -0.12636], [-0.262341, -0.018172, -0.964804]]], "btipPosition": [130.133, 227.117, 132.08], "carpPosition": [126.774, 250.994, 181.024], "dipPosition": [135.074, 226.775, 113.908], "direction": [-0.518625, -0.477941, 0.708943], "extended": false, "handId": 74, "id": 742, "length": 67.1607, "mcpPosition": [163.743, 274.667, 124.794], "pipPosition": [149.856, 240.397, 93.7019], "stabilizedTipPosition": [134.866, 226.472, 129.62], "timeVisible": 11.1895, "tipPosition": [130.589, 227.88, 128.968], "tipVelocity": [-435.127, 55.5886, -216.511], "tool": false, "touchDistance": 0.965014, "touchZone": "none", "type": 2, "width": 20.8277}, {"bases": [[[0.87297, 0.444916, -0.199932], [-0.274632, 0.787069, 0.552358], [0.403113, -0.427285, 0.809276]], [[0.847227, 0.469737, -0.248099], [-0.477462, 0.468589, -0.743273], [-0.232886, 0.748179, 0.621283]], [[0.847227, 0.469737, -0.248099], [0.200309, -0.715034, -0.669778], [-0.492019, 0.517757, -0.699889]], [[0.847227, 0.469737, -0.248099], [0.453237, -0.882773, -0.123648], [-0.277097, -0.00768958, -0.960811]]], "btipPosition": [114.303, 238.586, 135.159], "carpPosition": [117.764, 258.956, 177.388], "dipPosition": [119.492, 238.442, 117.166], "direction": [-0.492019, -0.517757, 0.699889], "extended": false, "handId": 74, "id": 743, "length": 64.5768, "mcpPosition": [143.583, 286.323, 125.556], "pipPosition": [133.154, 252.818, 97.7331], "stabilizedTipPosition": [117.171, 238.404, 131.712], "timeVisible": 11.1895, "tipPosition": [116.934, 238.393, 130.921], "tipVelocity": [-457.96, 25.4762, -201.959], "tool": false, "touchDistance": 1, "touchZone": "none", "type": 3, "width": 19.8189}, {"bases": [[[0.947056, 0.256269, -0.193422], [-0.0988102, 0.805826, 0.583851], [0.305487, -0.533827, 0.788484]], [[0.903174, 0.318931, -0.287334], [-0.424361, 0.562338, -0.709714], [-0.0647708, 0.762928, 0.643231]], [[0.903174, 0.318931, -0.287334], [0.0371639, -0.724925, -0.687825], [-0.427664, 0.610547, -0.666585]], [[0.903174, 0.318931, -0.287334], [0.290876, -0.946936, -0.13676], [-0.315703, 0.0399393, -0.948017]]], "btipPosition": [106.549, 253.112, 131.56], "carpPosition": [104.57, 261.159, 171.658], "dipPosition": [112.003, 253.802, 115.181], "direction": [-0.427664, -0.610547, 0.666585], "extended": false, "handId": 74, "id": 744, "length": 50.627, "mcpPosition": [122.682, 292.809, 124.91], "pipPosition": [120.387, 265.771, 102.114], "stabilizedTipPosition": [108.739, 253.216, 128.134], "timeVisible": 11.1895, "tipPosition": [108.742, 252.625, 125.372], "tipVelocity": [-487.996, 14.5053, -189.845], "tool": false, "touchDistance": 0.963208, "touchZone": "none", "type": 4, "width": 17.6047}], "r": [[-0.416849, 0.280141, -0.86473], [-0.332216, -0.932463, -0.141937], [-0.846091, 0.228111, 0.481764]], "s": 1.04348, "t": [-298.978, 76.6082, 28.5647], "timestamp": 629683821948}, {"currentFrameRate": 54.3711, "devices": [], "gestures": [], "hands": [{"armBasis": [[0.436779, 0.832581, -0.340635], [-0.137237, 0.435905, 0.889468], [0.889039, -0.341753, 0.304655]], "armWidth": 68.4237, "confidence": 1, "direction": [0.526687, 0.464034, -0.712231], "elbow": [159, 143.023, 271.686], "grabAngle": 3.04974, "grabStrength": 0.231887, "id": 74, "palmNormal": [-0.349589, -0.645488, -0.679068], "palmPosition": [136.294, 264.68, 134.945], "palmVelocity": [-506.912, 120.486, -231.675], "palmWidth": 93.0355, "pinchDistance": 53.2003, "pinchStrength": 0.447085, "r": [[-0.401762, 0.285519, -0.870096], [-0.353207, -0.924946, -0.140427], [-0.844886, 0.250906, 0.472455]], "s": 1.03716, "sphereCenter": [136.215, 241.267, 98.4316], "sphereRadius": 40.9504, "stabilizedPalmPosition": [137.727, 264.35, 135.584], "t": [290.579, 78.4769, 25.0632], "timeVisible": 11.2075, "type": "left", "wrist": [86.4364, 237.371, 187.58]}], "id": 27625, "interactionBox": {"center": [0, 200, 0], "size": [235.247, 235.247, 147.751]}, "pointables": [{"bases": [[[0.675415, 0.675945, -0.29481], [-0.44204, 0.691095, 0.571829], [0.590267, -0.255904, 0.765571]], [[0.7058, 0.661405, -0.25375], [-0.643245, 0.748415, 0.161591], [0.296787, 0.0491726, 0.953677]], [[0.7058, 0.661405, -0.25375], [-0.704371, 0.617011, -0.35094], [-0.0755469, 0.426428, 0.901361]], [[0.7058, 0.661405, -0.25375], [-0.647618, 0.457242, -0.609525], [-0.287118, 0.594536, 0.751059]]], "btipPosition": [176.398, 239.809, 47.0234], "carpPosition": [125.963, 243.188, 180.377], "dipPosition": [181.315, 249.99, 59.8852], "direction": [-0.0755469, -0.426428, -0.901361], "extended": true, "handId": 74, "id": 741, "length": 58.9429, "mcpPosition": [170.365, 262.438, 122.788], "pipPosition": [183.145, 260.321, 81.7217], "stabilizedTipPosition": [178.395, 241.92, 50.3625], "timeVisible": 11.2075, "tipPosition": [175.482, 243.881, 48.325], "tipVelocity": [-457.202, 125.896, -207.623], "tool": false, "touchDistance": 0.331181, "touchZone": "hovering", "type": 1, "width": 21.2066}, {"bases": [[[-0.10366, 0.912002, 0.396871], [-0.574386, -0.380649, 0.724698], [0.811995, -0.152835, 0.563299]], [[-0.279901, 0.923272, 0.263105], [-0.90305, -0.346219, 0.254233], [0.325818, -0.166437, 0.930667]], [[-0.279901, 0.923272, 0.263105], [-0.959937, -0.272954, -0.0633827], [0.013296, -0.270305, 0.962683