{"frames": 43, "data": [{"currentFrameRate": 55.3248, "devices": [], "gestures": [], "hands": [{"armBasis": [[0.435298, 0.804902, -0.403297], [-0.333756, 0.560322, 0.758054], [0.836136, -0.195377, 0.512548]], "armWidth": 68.8427, "confidence": 1, "direction": [0.654137, 0.320276, -0.685221], "elbow": [-178.095, 179.26, 241.096], "grabAngle": 0.927994, "grabStrength": 0, "id": 61, "palmNormal": [-0.416428, -0.60377, -0.679743], "palmPosition": [108.154, 248.179, 47.7131], "palmVelocity": [-364.398, 31.3095, -137.228], "palmWidth": 92.9048, "pinchDistance": 20.6581, "pinchStrength": 1, "r": [[0.93832, -0.11455, 0.326243], [0.0809571, 0.990085, 0.114793], [-0.336158, -0.0813013, 0.93829]], "s": 1.26982, "sphereCenter": [121.273, 204.092, 3.09929], "sphereRadius": 68.0592, "stabilizedPalmPosition": [110.92, 247.957, 48.8499], "t": [-81.8274, 17.5222, -50.788], "timeVisible": 3.68756, "type": "left", "wrist": [52.4124, 233.122, 99.7958]}], "id": 24849, "interactionBox": {"center": [0, 200, 0], "size": [235.247, 235.247, 147.751]}, "pointables": [{"bases": [[[0.681523, 0.634501, -0.364603], [-0.413933, 0.745109, 0.522946], [0.603479, -0.205478, 0.770449]], [[0.611122, 0.65323, -0.447013], [-0.561494, 0.755813, 0.336854], [0.557901, 0.0451361, 0.828679]], [[0.611122, 0.65323, -0.447013], [-0.72853, 0.684995, 0.00500662], [0.309472, 0.322603, 0.894514]], [[0.611122, 0.65323, -0.447013], [-0.789911, 0.53947, -0.291568], [0.0506893, 0.531284, 0.845676]]], "btipPosition": [165.485, 235.397, -47.6258], "carpPosition": [85.7158, 242.172, 88.8301], "dipPosition": [164.529, 245.418, -31.675], "direction": [0.309472, -0.322603, -0.894514], "extended": true, "handId": 61, "id": 612, "length": 67.2543, "mcpPosition": [128.705, 256.809, 33.9462], "pipPosition": [155.696, 254.626, -6.14419], "stabilizedTipPosition": [172.348, 234.775, -39.0367], "timeVisible": 3.68756, "tipPosition": [154.875, 229.774, -42.3208], "tipVelocity": [-368.474, 135.872, -209.375], "tool": false, "touchDistance": 0.330813, "touchZone": "hovering", "type": 2, "width": 21.0194}, {"bases": [[[0.792153, 0.539361, -0.285629], [-0.344735, 0.781607, 0.519854], [0.503638, -0.313338, 0.805089]], [[0.701893, 0.582358, -0.41013], [-0.35489, 0.78516, 0.50752], [0.617576, -0.210673, 0.757771]], [[0.701893, 0.582358, -0.41013], [-0.451081, 0.809039, 0.376805], [0.551246, -0.0794746, 0.830549]], [[0.701893, 0.582358, -0.41013], [-0.507814, 0.812892, 0.285186], [0.499472, 0.00809954, 0.866292]]], "btipPosition": [162.696, 282.495, -40.6983], "carpPosition": [78.095, 250.949, 84.1145], "dipPosition": [153.329, 282.647, -24.4527], "direction": [0.551246, 0.0794746, -0.830549], "extended": true, "handId": 61, "id": 613, "length": 64.6668, "mcpPosition": [110.307, 270.989, 32.6225], "pipPosition": [138.002, 280.437, -1.35969], "stabilizedTipPosition": [162.15, 282.147, -36.3464], "timeVisible": 3.68756, "tipPosition": [153.123, 271.331, -39.9852], "tipVelocity": [-428.551, 93.1736, -160.308], "tool": false, "touchDistance": 0.298755, "touchZone": "hovering", "type": 3, "width": 20.0013}, {"bases": [[[0.891118, 0.362862, -0.272471], [-0.171471, 0.825208, 0.538172], [0.420127, -0.432853, 0.797578]], [[0.842235, 0.406186, -0.354476], [-0.200499, 0.846358, 0.493435], [0.50044, -0.344516, 0.794272]], [[0.842235, 0.406186, -0.354476], [-0.30393, 0.900817, 0.310088], [0.445272, -0.153431, 0.882152]], [[0.842235, 0.406186, -0.354476], [-0.381563, 0.913631, 0.140314], [0.380854, 0.0170779, 0.924478]]], "btipPosition": [123.658, 295.004, -31.3314], "carpPosition": [65.693, 254.434, 77.3899], "dipPosition": [117.069, 295.3, -15.3374], "direction": [0.445272, 0.153431, -0.882152], "extended": true, "handId": 61, "id": 614, "length": 50.6976, "mcpPosition": [90.5668, 280.061, 30.169], "pipPosition": [108.327, 292.288, 1.98026], "stabilizedTipPosition": [123.084, 294.694, -27.4067], "timeVisible": 3.68756, "tipPosition": [116.95, 283.183, -29.0321], "tipVelocity": [-404.899, 149.581, -103.501], "tool": false, "touchDistance": 0.224669, "touchZone": "hovering", "type": 4, "width": 17.7668}, {"bases": [[[-0.246025, 0.89627, 0.369014], [-0.43911, -0.442469, 0.781923], [0.864092, 0.0303354, 0.50242]], [[-0.551171, 0.819968, 0.154474], [-0.714815, -0.559518, 0.419499], [0.430407, 0.120796, 0.894516]], [[-0.551171, 0.819968, 0.154474], [-0.75588, -0.569078, 0.323723], [0.35335, 0.0616633, 0.933457]], [[-0.551171, 0.819968, 0.154474], [-0.826071, -0.562322, 0.0374165], [0.117544, -0.106983, 0.987288]]], "btipPosition": [117.302, 204.086, -11.7593], "carpPosition": [80.5116, 209.839, 88.9685], "dipPosition": [114.541, 201.573, 11.4323], "direction": [0.35335, -0.0616633, -0.933457], "extended": false, "handId": 61, "id": 610, "length": 52.3092, "mcpPosition": [80.5116, 209.839, 88.9685], "pipPosition": [102.449, 203.683, 43.3768], "stabilizedTipPosition": [120.002, 203.337, -4.93626], "timeVisible": 3.68756, "tipPosition": [114.022, 203.943, -6.89265], "tipVelocity": [-403.856, 21.5951, -159.424], "tool": false, "touchDistance": 0.131581, "touchZone": "hovering", "type": 0, "width": 22.4056}, {"bases": [[[0.512626, 0.773402, -0.372913], [-0.523204, 0.625744, 0.578534], [0.680787, -0.101462, 0.72542]], [[0.4673, 0.77836, -0.419268], [-0.835888, 0.543439, 0.0772328], [0.287962, 0.314371, 0.904571]], [[0.4673, 0.77836, -0.419268], [-0.75528, 0.104963, -0.646943], [-0.459547, 0.618981, 0.636929]], [[0.4673, 0.77836, -0.419268], [-0.426851, -0.216665, -0.877983], [-0.774228, 0.589246, 0.230997]]], "btipPosition": [129.903, 200.349, -20.0125], "carpPosition": [90.7725, 231.404, 92.8989], "dipPosition": [143.181, 210.454, -16.0512], "direction": [-0.459547, -0.618981, -0.636929], "extended": false, "handId": 61, "id": 611, "length": 59.0251, "mcpPosition": [141.912, 239.026, 38.4069], "pipPosition": [154.329, 225.47, -0.5994], "stabilizedTipPosition": [138.088, 202.046, -16.0322], "timeVisible": 3.68756, "tipPosition": [130.795, 203.032, -16.3534], "tipVelocity": [-421.085, 54.4814, -238.861], "tool": false, "touchDistance": 0.17668, "touchZone": "hovering", "type": 1, "width": 21.4018}], "r": [[0.93832, -0.11455, 0.326243], [0.0809571, 0.990085, 0.114793], [-0.336158, -0.0813013, 0.93829]], "s": 1.26982, "t": [81.8274, 17.5222, -50.788], "timestamp": 629631399435}, {"currentFrameRate": 55.3264, "devices": [], "gestures": [], "hands": [{"armBasis": [[0.44052, 0.806475, -0.394385], [-0.327425, 0.553379, 0.765875], [0.835903, -0.208252, 0.507835]], "armWidth": 68.8427, "confidence": 1, "direction": [0.639362, 0.324572, -0.697043], "elbow": [-184.038, 176.246, 238.14], "grabAngle": 0.910424, "grabStrength": 0, "id": 61, "palmNormal": [-0.424544, -0.606811, -0.671969], "palmPosition": [101.224, 249.17, 45.2552], "palmVelocity": [-383.515, 54.8621, -136.03], "palmWidth": 92.9048, "pinchDistance": 20.7758, "pinchStrength": 1, "r": [[0.932701, -0.115288, 0.341728], [0.0780094, 0.98959, 0.12094], [-0.352114, -0.0861426, 0.931985]], "s": 1.28407, "sphereCenter": [113.936, 205.122, 0.426184], "sphereRadius": 68.1639, "stabilizedPalmPosition": [103.449, 248.892, 46.0798], "t": [-88.2801, 18.2326, -53.2477], "timeVisible": 3.70563, "type": "left", "wrist": [46.4053, 233.657, 98.1395]}], "id": 24850, "interactionBox": {"center": [0, 200, 0], "size": [235.247, 235.247, 147.751]}, "pointables": [{"bases": [[[0.692382, 0.629697, -0.352261], [-0.41823, 0.748085, 0.515221], [0.587955, -0.209404, 0.781319]], [[0.620708, 0.649492, -0.439183], [-0.563103, 0.759064, 0.326706], [0.545561, 0.044516, 0.836888]], [[0.620708, 0.649492, -0.439183], [-0.72221, 0.69167, 0.00216796], [0.305178, 0.315837, 0.898395]], [[0.620708, 0.649492, -0.439183], [-0.780723, 0.563494, -0.270084], [0.0720594, 0.510524, 0.856839]]], "btipPosition": [157.925, 237.141, -51.1746], "carpPosition": [79.5785, 243.021, 86.774], "dipPosition": [156.566, 246.77, -35.0134], "direction": [0.305178, -0.315837, -0.898395], "extended": true, "handId": 61, "id": 612, "length": 67.2543, "mcpPosition": [121.462, 257.938, 31.1158], "pipPosition": [147.856, 255.784, -9.37172], "stabilizedTipPosition": [163.169, 237.628, -44.282], "timeVisible": 3.70563, "tipPosition": [147.089, 231.552, -45.719], "tipVelocity": [-423.503, 91.4882, -193.726], "tool": false, "touchDistance": 0.289973, "touchZone": "hovering", "type": 2, "width": 21.0194}, {"bases": [[[0.800903, 0.533821, -0.271275], [-0.348737, 0.784106, 0.513381], [0.486762, -0.316565, 0.814156]], [[0.713139, 0.577431, -0.397499], [-0.359666, 0.788087, 0.499558], [0.601725, -0.213287, 0.769699]], [[0.713139, 0.577431, -0.397499], [-0.451286, 0.812057, 0.370006], [0.536445, -0.08448, 0.839696]], [[0.713139, 0.577431, -0.397499], [-0.511725, 0.816345, 0.267803], [0.479134, 0.01243, 0.877654]]], "btipPosition": [153.831, 283.671, -44.1988], "carpPosition": [71.8132, 251.744, 82.1962], "dipPosition": [144.845, 283.905, -27.74], "direction": [0.536445, 0.08448, -0.839696], "extended": true, "handId": 61, "id": 613, "length": 64.6668, "mcpPosition": [102.946, 271.991, 30.1243], "pipPosition": [129.93, 281.556, -4.39273], "stabilizedTipPosition": [153.328, 283.487, -39.8008], "timeVisible": 3.70563, "tipPosition": [144.507, 272.72, -43.2204], "tipVelocity": [-485.762, 66.1443, -191.014], "tool": false, "touchDistance": 0.273605, "touchZone": "hovering", "type": 3, "width": 20.0013}, {"bases": [[[0.898395, 0.35665, -0.256293], [-0.175539, 0.82652, 0.534837], [0.402581, -0.435506, 0.805148]], [[0.85192, 0.399796, -0.338223], [-0.202277, 0.846968, 0.491659], [0.483028, -0.350439, 0.802419]], [[0.85192, 0.399796, -0.338223], [-0.29845, 0.901385, 0.313741], [0.430302, -0.166339, 0.887227]], [[0.85192, 0.399796, -0.338223], [-0.369788, 0.916593, 0.15203], [0.370794, -0.00444686, 0.928704]]], "btipPosition": [115.107, 296.705, -33.9338], "carpPosition": [59.2674, 255.141, 75.6976], "dipPosition": [108.692, 296.628, -17.8667], "direction": [0.430302, 0.166339, -0.887227], "extended": true, "handId": 61, "id": 614, "length": 50.6976, "mcpPosition": [83.1024, 280.926, 28.0284], "pipPosition": [100.245, 293.363, -0.449431], "stabilizedTipPosition": [114.508, 296.503, -29.9758], "timeVisible": 3.70563, "tipPosition": [108.579, 284.676, -31.5905], "tipVelocity": [-470.989, 89.3805, -143.098], "tool": false, "touchDistance": 0.235835, "touchZone": "hovering", "type": 4, "width": 17.7668}, {"bases": [[[-0.246517, 0.898045, 0.364341], [-0.456275, -0.439219, 0.773886], [0.85501, 0.0245364, 0.518031]], [[-0.5504, 0.822668, 0.142394], [-0.724862, -0.555487, 0.407443], [0.414288, 0.12104, 0.902061]], [[-0.5504, 0.822668, 0.142394], [-0.762878, -0.564849, 0.314584], [0.339229, 0.0645175, 0.938489]], [[-0.5504, 0.822668, 0.142394], [-0.82771, -0.560001, 0.0359815], [0.109342, -0.0980571, 0.989156]]], "btipPosition": [109.893, 204.58, -14.3164], "carpPosition": [74.6002, 210.653, 87.012], "dipPosition": [107.325, 202.276, 8.91903], "direction": [0.339229, -0.0645175, -0.938489], "extended": false, "handId": 61, "id": 610, "length": 52.3092, "mcpPosition": [74.6002, 210.653, 87.012], "pipPosition": [95.7157, 204.484, 41.0357], "stabilizedTipPosition": [111.528, 203.902, -8.1328], "timeVisible": 3.70563, "tipPosition": [106.508, 204.928, -9.42439], "tipVelocity": [-407.572, 30.0105, -140.96], "tool": false, "touchDistance": 0.158386, "touchZone": "hovering", "type": 0, "width": 22.4056}, {"bases": [[[0.524624, 0.769753, -0.36366], [-0.529311, 0.62949, 0.568834], [0.666782, -0.105935, 0.737685]], [[0.474344, 0.775447, -0.416749], [-0.836768, 0.544233, 0.060248], [0.273527, 0.320144, 0.907023]], [[0.474344, 0.775447, -0.416749], [-0.749287, 0.107118, -0.653525], [-0.462133, 0.62226, 0.631844]], [[0.474344, 0.775447, -0.416749], [-0.430335, -0.208736, -0.878204], [-0.767991, 0.595912, 0.234689]]], "btipPosition": [122.283, 201.127, -23.1264], "carpPosition": [84.7823, 232.289, 90.7519], "dipPosition": [135.453, 211.346, -19.1018], "direction": [-0.462133, -0.62226, -0.631844], "extended": false, "handId": 61, "id": 611, "length": 59.0251, "mcpPosition": [134.87, 240.247, 35.3387], "pipPosition": [146.664, 226.442, -3.77338], "stabilizedTipPosition": [129.357, 203.024, -20.2478], "timeVisible": 3.70563, "tipPosition": [123.074, 204.142, -19.2912], "tipVelocity": [-423.1, 44.5224, -171.529], "tool": false, "touchDistance": 0.185293, "touchZone": "hovering", "type": 1, "width": 21.4018}], "r": [[0.932701, -0.115288, 0.341728], [0.0780094, 0.98959, 0.12094], [-0.352114, -0.0861426, 0.931985]], "s": 1.28407, "t": [88.2801, 18.2326, -53.2477], "timestamp": 629631417504}, {"currentFrameRate": 55.3194, "devices": [], "gestures": [], "hands": [{"armBasis": [[0.444133, 0.811553, -0.379641], [-0.329436, 0.541961, 0.773143], [0.833197, -0.218311, 0.508058]], "armWidth": 68.8427, "confidence": 1, "direction": [0.628224, 0.325728, -0.706566], "elbow": [-189.83, 174.879, 236.598], "grabAngle": 0.903678, "grabStrength": 0, "id": 61, "palmNormal": [-0.437538, -0.603028, -0.667022], "palmPosition": [93.8888, 250.765, 42.9224], "palmVelocity": [-405.256, 88.122, -128.875], "palmWidth": 92.9048, "pinchDistance": 20.0107, "pinchStrength": 1, "r": [[0.926861, -0.11574, 0.357118], [0.0746338, 0.989109, 0.12686], [-0.367911, -0.090929, 0.925405]], "s": 1.29268, "sphereCenter": [103.06, 206.592, -3.49736], "sphereRadius": 68.1795, "stabilizedPalmPosition": [95.6494, 250.42, 43.5039], "t": [-95.1742, 19.3854, -55.6439], "timeVisible": 3.72373, "type": "left", "wrist": [39.8674, 235.063, 96.5352]}], "id": 24851, "interactionBox": {"center": [0, 200, 0], "size": [235.247, 235.247, 147.751]}, "pointables": [{"bases": [[[0.696639, 0.63287, -0.337891], [-0.42892, 0.744944, 0.510965], [0.575084, -0.21103, 0.790408]], [[0.625426, 0.653035, -0.427069], [-0.583004, 0.754863, 0.300481], [0.518603, 0.061054, 0.852833]], [[0.625426, 0.653035, -0.427069], [-0.735538, 0.676096, -0.0433429], [0.260435, 0.341233, 0.90318]], [[0.625426, 0.653035, -0.427069], [-0.778094, 0.562932, -0.278705], [0.0584064, 0.506609, 0.860195]]], "btipPosition": [147.53, 237.289, -54.7873], "carpPosition": [72.9386, 244.505, 84.7801], "dipPosition": [146.428, 246.845, -38.5627], "direction": [0.260435, -0.341233, -0.90318], "extended": true, "handId": 61, "id": 612, "length": 67.2543, "mcpPosition": [113.905, 259.538, 28.4745], "pipPosition": [138.995, 256.584, -12.7845], "stabilizedTipPosition": [152.126, 238.92, -48.9886], "timeVisible": 3.72373, "tipPosition": [139.35, 234.197, -49.1758], "tipVelocity": [-571.038, 7.28599, -198.777], "tool": false, "touchDistance": 0.274991, "touchZone": "hovering", "type": 2, "width": 21.0194}, {"bases": [[[0.804013, 0.536947, -0.255444], [-0.359501, 0.78115, 0.510455], [0.473627, -0.31858, 0.821087]], [[0.719065, 0.580544, -0.381987], [-0.384821, 0.790332, 0.476747], [0.578669, -0.195816, 0.791706]], [[0.719065, 0.580544, -0.381987], [-0.466162, 0.8106, 0.35443], [0.5154, -0.0767905, 0.853502]], [[0.719065, 0.580544, -0.381987], [-0.516284, 0.814205, 0.265558], [0.465184, 0.00625967, 0.885192]]], "btipPosition": [144.416, 284.441, -47.9803], "carpPosition": [65.1191, 253.266, 80.3702], "dipPosition": [135.692, 284.558, -31.3802], "direction": [0.5154, 0.0767905, -0.853502], "extended": true, "handId": 61, "id": 613, "length": 64.6668, "mcpPosition": [95.4114, 273.642, 27.8549], "pipPosition": [121.362, 282.423, -7.64905], "stabilizedTipPosition": [143.95, 284.33, -43.547], "timeVisible": 3.72373, "tipPosition": [136.311, 275.437, -46.0059], "tipVelocity": [-516.804, 41.04, -207.118], "tool": false, "touchDistance": 0.256983, "touchZone": "hovering", "type": 3, "width": 20.0013}, {"bases": [[[0.9017, 0.359967, -0.239502], [-0.186805, 0.82392, 0.535032], [0.389924, -0.437698, 0.810172]], [[0.858017, 0.402075, -0.319598], [-0.222238, 0.851606, 0.474739], [0.463052, -0.336307, 0.820049]], [[0.858017, 0.402075, -0.319598], [-0.309232, 0.901221, 0.303606], [0.410101, -0.161669, 0.897597]], [[0.858017, 0.402075, -0.319598], [-0.370205, 0.915447, 0.157813], [0.356028, -0.0170891, 0.934319]]], "btipPosition": [106.203, 298.041, -36.7551], "carpPosition": [52.4732, 256.722, 74.1001], "dipPosition": [100.043, 297.745, -20.5909], "direction": [0.410101, 0.161669, -0.897597], "extended": true, "handId": 61, "id": 614, "length": 50.6976, "mcpPosition": [75.5589, 282.636, 26.1335], "pipPosition": [91.9926, 294.571, -2.97], "stabilizedTipPosition": [105.584, 297.852, -32.7861], "timeVisible": 3.72373, "tipPosition": [100.272, 287.153, -33.8516], "tipVelocity": [-488.688, 71.0021, -154.629], "tool": false, "touchDistance": 0.242374, "touchZone": "hovering", "type": 4, "width": 17.7668}, {"bases": [[[-0.255052, 0.895946, 0.363634], [-0.468261, -0.443479, 0.764237], [0.845979, 0.0246441, 0.532647]], [[-0.556822, 0.819674, 0.134474], [-0.728741, -0.559764, 0.394462], [0.398604, 0.121648, 0.90902]], [[-0.556822, 0.819674, 0.134474], [-0.763451, -0.568818, 0.305922], [0.327248, 0.0676796, 0.942512]], [[-0.556822, 0.819674, 0.134474], [-0.823251, -0.566128, 0.0419108], [0.110483, -0.0873693, 0.99003]]], "btipPosition": [101.991, 205.686, -16.8665], "carpPosition": [67.8802, 212.15, 84.9748], "dipPosition": [99.3953, 203.633, 6.38949], "direction": [0.327248, -0.0676796, -0.942512], "extended": false, "handId": 61, "id": 610, "length": 52.3092, "mcpPosition": [67.8802, 212.15, 84.9748], "pipPosition": [88.1963, 205.949, 38.6439], "stabilizedTipPosition": [103.111, 204.991, -10.944], "timeVisible": 3.72373, "tipPosition": [98.2881, 206.652, -11.9891], "tipVelocity": [-436.928, 64.2914, -140.62], "tool": false, "touchDistance": 0.185228, "touchZone": "hovering", "type": 0, "width": 22.4056}, {"bases": [[[0.528734, 0.772541, -0.351598], [-0.540589, 0.625852, 0.562203], [0.654373, -0.107186, 0.748536]], [[0.473739, 0.778701, -0.411335], [-0.845211, 0.533219, 0.0360025], [0.247367, 0.330609, 0.910773]], [[0.473739, 0.778701, -0.411335], [-0.737549, 0.0955819, -0.668495], [-0.481242, 0.620072, 0.619611]], [[0.473739, 0.778701, -0.411335], [-0.427016, -0.205383, -0.880611], [-0.770213, 0.592826, 0.23522]]], "btipPosition": [113.12, 202.331, -25.9415], "carpPosition": [78.1813, 233.744, 88.626], "dipPosition": [126.328, 212.497, -21.9078], "direction": [-0.481242, -0.620072, -0.619611], "extended": false, "handId": 61, "id": 611, "length": 59.0251, "mcpPosition": [127.336, 241.796, 32.3976], "pipPosition": [138.003, 227.54, -6.87612], "stabilizedTipPosition": [119.447, 204.259, -23.8261], "timeVisible": 3.72373, "tipPosition": [114.602, 205.873, -22.3159], "tipVelocity": [-505.727, 65.8275, -155.405], "tool": false, "touchDistance": 0.213599, "touchZone": "hovering", "type": 1, "width": 21.4018}], "r": [[0.926861, -0.11574, 0.357118], [0.0746338, 0.989109, 0.12686], [-0.367911, -0.090929, 0.925405]], "s": 1.29268, "t": [95.1742, 19.3854, -55.6439], "timestamp": 629631435605}, {"currentFrameRate": 55.2879, "devices": [], "gestures": [], "hands": [{"armBasis": [[0.433795, 0.835867, -0.336375], [-0.350087, 0.500361, 0.791882], [0.830218, -0.225754, 0.50968]], "armWidth": 68.8427, "confidence": 1, "direction": [0.608647, 0.312891, -0.729142], "elbow": [-196.418, 173.388, 236.339], "grabAngle": 0.880432, "grabStrength": 0, "id": 61, "palmNormal": [-0.487167, -0.577978, -0.654683], "palmPosition": [84.8211, 250.48, 40.4475], "palmVelocity": [-498.339, -15.7081, -136.017], "palmWidth": 92.9048, "pinchDistance": 20.2452, "pinchStrength": 1, "r": [[0.919574, -0.110516, 0.377055], [0.0636617, 0.988856, 0.134577], [-0.387726, -0.0997497, 0.916362]], "s": 1.30145, "sphereCenter": [87.8641, 208.343, -8.0872], "sphereRadius": 67.7533, "stabilizedPalmPosition": [86.3672, 250.471, 40.8839], "t": [-103.155, 19.8188, -58.0796], "timeVisible": 3.74192, "type": "left", "wrist": [32.4581, 235.624, 95.8293]}], "id": 24852, "interactionBox": {"center": [0, 200, 0], "size": [235.247, 235.247, 147.751]}, "pointables": [{"bases": [[[0.687268, 0.661711, -0.299668], [-0.476974, 0.722229, 0.50088], [0.547867, -0.201305, 0.811984]], [[0.619453, 0.68052, -0.39137], [-0.620628, 0.729813, 0.286693], [0.480727, 0.0653023, 0.874435]], [[0.619453, 0.68052, -0.39137], [-0.75122, 0.658594, -0.0438418], [0.227919, 0.321163, 0.919189]], [[0.619453, 0.68052, -0.39137], [-0.783967, 0.562239, -0.263218], [0.0409178, 0.469872, 0.881786]]], "btipPosition": [135.036, 237.546, -59.9184], "carpPosition": [65.4741, 244.394, 83.0952], "dipPosition": [134.264, 246.408, -43.2866], "direction": [0.227919, -0.321162, -0.919189], "extended": true, "handId": 61, "id": 612, "length": 67.2543, "mcpPosition": [104.502, 258.734, 25.2525], "pipPosition": [127.759, 255.575, -17.0515], "stabilizedTipPosition": [139.356, 239.411, -54.2427], "timeVisible": 3.74192, "tipPosition": [126.539, 234.143, -53.9545], "tipVelocity": [-682.445, 5.3307, -276.847], "tool": false, "touchDistance": 0.265569, "touchZone": "hovering", "type": 2, "width": 21.0194}, {"bases": [[[0.794388, 0.568535, -0.213812], [-0.408945, 0.760875, 0.503819], [0.449123, -0.31279, 0.83693]], [[0.715278, 0.610106, -0.340807], [-0.436411, 0.770853, 0.464038], [0.545824, -0.183184, 0.817631]], [[0.715278, 0.610106, -0.340807], [-0.512336, 0.789468, 0.338012], [0.475279, -0.0671649, 0.877268]], [[0.715278, 0.610106, -0.340807], [-0.560101, 0.792129, 0.242527], [0.41793, 0.017412, 0.908313]]], "btipPosition": [132.048, 283.247, -52.4857], "carpPosition": [57.793, 253.486, 79.135], "dipPosition": [124.21, 283.574, -35.452], "direction": [0.475279, 0.0671649, -0.877268], "extended": true, "handId": 61, "id": 613, "length": 64.6668, "mcpPosition": [86.5181, 273.491, 25.6065], "pipPosition": [110.995, 281.706, -11.06], "stabilizedTipPosition": [131.964, 283.449, -47.9383], "timeVisible": 3.74192, "tipPosition": [124.507, 275.21, -49.8724], "tipVelocity": [-668.511, -62.9542, -242.12], "tool": false, "touchDistance": 0.262383, "touchZone": "hovering", "type": 3, "width": 20.0013}, {"bases": [[[0.897607, 0.394925, -0.195796], [-0.239114, 0.809397, 0.536378], [0.370306, -0.434639, 0.820952]], [[0.857563, 0.435129, -0.274315], [-0.273054, 0.837044, 0.47413], [0.435922, -0.331694, 0.836631]], [[0.857563, 0.435129, -0.274315], [-0.347038, 0.883067, 0.315845], [0.379672, -0.175659, 0.908291]], [[0.857563, 0.435129, -0.274315], [-0.399374, 0.899335, 0.178037], [0.32417, -0.0431238, 0.945015]]], "btipPosition": [95.479, 299.172, -39.0154], "carpPosition": [45.0223, 257.473, 73.4616], "dipPosition": [89.8707, 298.426, -22.6661], "direction": [0.379672, 0.175659, -0.908291], "extended": true, "handId": 61, "id": 614, "length": 50.6976, "mcpPosition": [66.9464, 283.206, 24.8568], "pipPosition": [82.4173, 294.977, -4.83526], "stabilizedTipPosition": [94.8885, 298.93, -35.1035], "timeVisible": 3.74192, "tipPosition": [89.4347, 288.176, -36.0469], "tipVelocity": [-582.384, 56.4812, -121.878], "tool": false, "touchDistance": 0.265827, "touchZone": "hovering", "type": 4, "width": 17.7668}, {"bases": [[[-0.302492, 0.881295, 0.363068], [-0.484354, -0.470192, 0.737781], [0.820914, 0.0473191, 0.569088]], [[-0.595543, 0.794955, 0.115654], [-0.7187, -0.591575, 0.36539], [0.358886, 0.134485, 0.923642]], [[-0.595543, 0.794955, 0.115654], [-0.748749, -0.601461, 0.278603], [0.291038, 0.079324, 0.953417]], [[-0.595543, 0.794955, 0.115654], [-0.799216, -0.600865, 0.0146421], [0.0811323, -0.0837126, 0.993182]]], "btipPosition": [89.4251, 204.636, -19.917], "carpPosition": [59.2678, 212.238, 83.1169], "dipPosition": [87.5193, 202.669, 3.41302], "direction": [0.291038, -0.0793239, -0.953417], "extended": false, "handId": 61, "id": 610, "length": 52.3092, "mcpPosition": [59.2678, 212.238, 83.1169], "pipPosition": [77.5595, 205.384, 36.0406], "stabilizedTipPosition": [90.7917, 204.287, -14.0902], "timeVisible": 3.74192, "tipPosition": [85.6015, 206.742, -15.082], "tipVelocity": [-681.844, -56.6102, -166.711], "tool": false, "touchDistance": 0.24663, "touchZone": "hovering", "type": 0, "width": 22.4056}, {"bases": [[[0.515189, 0.79552, -0.318948], [-0.586381, 0.598567, 0.54578], [0.625091, -0.0941543, 0.774852]], [[0.454859, 0.800828, -0.389587], [-0.868924, 0.494937, 0.00288046], [0.195128, 0.337211, 0.920985]], [[0.454859, 0.800828, -0.389587], [-0.723136, 0.0767999, -0.686422], [-0.519786, 0.59395, 0.614041]], [[0.454859, 0.800828, -0.389587], [-0.408796, -0.200895, -0.89024], [-0.791195, 0.564195, 0.235996]]], "btipPosition": [99.6781, 201.85, -30.2834], "carpPosition": [70.4864, 233.403, 86.5795], "dipPosition": [113.246, 211.525, -26.2364], "direction": [-0.519786, -0.59395, -0.614041], "extended": false, "handId": 61, "id": 611, "length": 59.0251, "mcpPosition": [117.442, 240.475, 28.3743], "pipPosition": [125.856, 225.934, -11.3399], "stabilizedTipPosition": [106.133, 204.112, -28.2458], "timeVisible": 3.74192, "tipPosition": [101.165, 205.7, -26.3116], "tipVelocity": [-734.188, -32.6133, -238.452], "tool": false, "touchDistance": 0.255583, "touchZone": "hovering", "type": 1, "width": 21.4018}], "r": [[0.919574, -0.110516, 0.377055], [0.0636617, 0.988856, 0.134577], [-0.387726, -0.0997497, 0.916362]], "s": 1.30145, "t": [103.155, 19.8188, -58.0796], "timestamp": 629631453801}, {"currentFrameRate": 55.3194, "devices": [], "gestures": [], "hands": [{"armBasis": [[0.432921, 0.851982, -0.294458], [-0.368447, 0.465367, 0.804786], [0.822695, -0.239917, 0.515377]], "armWidth": 68.8427, "confidence": 1, "direction": [0.576146, 0.309336, -0.756549], "elbow": [-201.384, 171.223, 237.196], "grabAngle": 0.88626, "grabStrength": 0, "id": 61, "palmNormal": [-0.531227, -0.561734, -0.634234], "palmPosition": [75.3455, 252.122, 37.5968], "palmVelocity": [-527.356, 91.423, -158.653], "palmWidth": 92.9048, "pinchDistance": 20.1953, "pinchStrength": 1, "r": [[0.909681, -0.103851, 0.402115], [0.0495808, 0.988463, 0.143118], [-0.412338, -0.110254, 0.904335]], "s": 1.3086, "sphereCenter": [72.0404, 211.816, -12.6359], "sphereRadius": 67.5876, "stabilizedPalmPosition": [76.6742, 251.923, 37.9931], "t": [-111.883, 20.8569, -60.7227], "timeVisible": 3.75989, "type": "left", "wrist": [25.4177, 237.364, 95.1158]}], "id": 24853, "interactionBox": {"center": [0, 200, 0], "size": [235.247, 235.247, 147.751]}, "pointables": [{"bases": [[[0.689004, 0.677573, -0.257233], [-0.515886, 0.707797, 0.482582], [0.509053, -0.199798, 0.837225]], [[0.620083, 0.697211, -0.359714], [-0.649584, 0.713378, 0.262929], [0.439929, 0.0706266, 0.895251]], [[0.620083, 0.697211, -0.359714], [-0.763201, 0.642278, -0.0707364], [0.181718, 0.318396, 0.930378]], [[0.620083, 0.697211, -0.359714], [-0.784534, 0.552041, -0.282412], [0.00167634, 0.457326, 0.889297]]], "btipPosition": [120.873, 239.042, -65.1533], "carpPosition": [58.1088, 245.939, 81.1265], "dipPosition": [120.842, 247.668, -48.3798], "direction": [0.181718, -0.318396, -0.930378], "extended": true, "handId": 61, "id": 612, "length": 67.2543, "mcpPosition": [94.3718, 260.172, 21.4858], "pipPosition": [115.655, 256.755, -21.8253], "stabilizedTipPosition": [125.01, 240.664, -59.7146], "timeVisible": 3.75989, "tipPosition": [112.304, 236.294, -59.1141], "tipVelocity": [-778.749, 80.2293, -289.528], "tool": false, "touchDistance": 0.275773, "touchZone": "hovering", "type": 2, "width": 21.0194}, {"bases": [[[0.793322, 0.585488, -0.166867], [-0.448851, 0.747668, 0.489414], [0.411307, -0.313364, 0.855938]], [[0.71723, 0.628108, -0.301762], [-0.479726, 0.759155, 0.43994], [0.505414, -0.170775, 0.845809]], [[0.71723, 0.628108, -0.301762], [-0.558267, 0.777098, 0.290614], [0.417036, -0.0399735, 0.908011]], [[0.71723, 0.628108, -0.301762], [-0.607037, 0.775826, 0.172048], [0.34218, 0.0597828, 0.937731]]], "btipPosition": [117.393, 282.906, -57.8485], "carpPosition": [50.4093, 255.215, 77.658], "dipPosition": [110.976, 284.027, -40.2631], "direction": [0.417036, 0.0399735, -0.908011], "extended": true, "handId": 61, "id": 613, "length": 64.6668, "mcpPosition": [76.7157, 275.257, 22.9138], "pipPosition": [99.381, 282.915, -15.0164], "stabilizedTipPosition": [117.82, 283.197, -53.1083], "timeVisible": 3.75989, "tipPosition": [111.446, 277.858, -54.3312], "tipVelocity": [-797.402, -8.8431, -291.404], "tool": false, "touchDistance": 0.27674, "touchZone": "hovering", "type": 3, "width": 20.0013}, {"bases": [[[0.898779, 0.413646, -0.145236], [-0.281883, 0.798989, 0.531187], [0.335765, -0.43648, 0.834714]], [[0.861526, 0.45445, -0.226381], [-0.313933, 0.827248, 0.465947], [0.399023, -0.330357, 0.855362]], [[0.861526, 0.45445, -0.226381], [-0.381128, 0.873461, 0.302997], [0.335432, -0.17476, 0.925713]], [[0.861526, 0.45445, -0.226381], [-0.427981, 0.889918, 0.157727], [0.27314, -0.0389988, 0.961184]]], "btipPosition": [82.7927, 301.171, -41.8862], "carpPosition": [37.4419, 259.499, 72.692], "dipPosition": [78.0672, 300.496, -25.2572], "direction": [0.335432, 0.17476, -0.925713], "extended": true, "handId": 61, "id": 614, "length": 50.6976, "mcpPosition": [57.321, 285.341, 23.2724], "pipPosition": [71.4823, 297.066, -7.08442], "stabilizedTipPosition": [82.3732, 300.91, -37.9118], "timeVisible": 3.75989, "tipPosition": [76.818, 290.728, -38.651], "tipVelocity": [-694.747, 112.17, -156.197], "tool": false, "touchDistance": 0.286043, "touchZone": "hovering", "type": 4, "width": 17.7668}, {"bases": [[[-0.337611, 0.871555, 0.355542], [-0.512637, -0.487035, 0.707107], [0.789444, 0.0564632, 0.61122]], [[-0.624798, 0.776484, 0.0818548], [-0.71336, -0.610315, 0.344432], [0.317403, 0.156808, 0.935236]], [[-0.624798, 0.776484, 0.0818548], [-0.732757, -0.619335, 0.281943], [0.269619, 0.116178, 0.955933]], [[-0.624798, 0.776484, 0.0818548], [-0.776114, -0.629089, 0.0435284], [0.0852931, -0.0363321, 0.995693]]], "btipPosition": [78.7053, 202.792, -22.6154], "carpPosition": [51.2975, 213.906, 81.1545], "dipPosition": [76.7017, 201.938, 0.773651], "direction": [0.269619, -0.116178, -0.955933], "extended": false, "handId": 61, "id": 610, "length": 52.3092, "mcpPosition": [51.2975, 213.906, 81.1545], "pipPosition": [67.4749, 205.914, 33.4873], "stabilizedTipPosition": [79.5291, 202.769, -16.9138], "timeVisible": 3.75989, "tipPosition": [73.8492, 207.417, -18.0579], "tipVelocity": [-597.86, -88.3782, -149.421], "tool": false, "touchDistance": 0.265715, "touchZone": "hovering", "type": 0, "width": 22.4056}, {"bases": [[[0.515616, 0.808356, -0.284077], [-0.625074, 0.581643, 0.520552], [0.586023, -0.0908357, 0.805187]], [[0.445506, 0.813442, -0.373948], [-0.882453, 0.469432, -0.0301713], [0.151, 0.343433, 0.926959]], [[0.445506, 0.813442, -0.373948], [-0.703703, 0.0599475, -0.70796], [-0.553467, 0.578549, 0.599129]], [[0.445506, 0.813442, -0.373948], [-0.386622, -0.20193, -0.89986], [-0.807495, 0.545469, 0.224533]]], "btipPosition": [86.3402, 203.444, -34.6017], "carpPosition": [63.0827, 234.82, 84.2391], "dipPosition": [100.188, 212.799, -30.7512], "direction": [-0.553467, -0.578549, -0.599129], "extended": false, "handId": 61, "id": 611, "length": 59.0251, "mcpPosition": [107.103, 241.643, 23.7553], "pipPosition": [113.615, 226.834, -16.2164], "stabilizedTipPosition": [92.3367, 205.345, -32.79], "timeVisible": 3.75989, "tipPosition": [87.4955, 207.639, -30.5518], "tipVelocity": [-738.736, 84.6178, -242.846], "tool": false, "touchDistance": 0.273564, "touchZone": "hovering", "type": 1, "width": 21.4018}], "r": [[0.909681, -0.103851, 0.402115], [0.0495808, 0.988463, 0.143118], [-0.412338, -0.110254, 0.904335]], "s": 1.3086, "t": [111.883, 20.8569, -60.7227], "timestamp": 629631471769}, {"currentFrameRate": 55.1799, "devices": [], "gestures": [], "hands": [{"armBasis": [[0.449803, 0.848033, -0.280208], [-0.374792, 0.464002, 0.802641], [0.810684, -0.256011, 0.526545]], "armWidth": 68.8427, "confidence": 1, "direction": [0.540805, 0.330515, -0.773492], "elbow": [-205.7, 167.04, 237.903], "grabAngle": 0.883726, "grabStrength": 0, "id": 61, "palmNormal": [-0.537164, -0.571933, -0.619958], "palmPosition": [65.4475, 254.058, 33.7951], "palmVelocity": [-532.012, 104.042, -204.336], "palmWidth": 92.9048, "pinchDistance": 20.0202, "pinchStrength": 1, "r": [[0.897716, -0.104393, 0.428027], [0.0425994, 0.987537, 0.151509], [-0.438509, -0.117779, 0.890976]], "s": 1.31829, "sphereCenter": [58.7714, 216.254, -17.5555], "sphereRadius": 67.1605, "stabilizedPalmPosition": [66.6332, 253.833, 34.2385], "t": [-121.197, 22.3438, -63.9451], "timeVisible": 3.7785, "type": "left", "wrist": [17.791, 237.617, 92.744]}], "id": 24854, "interactionBox": {"center": [0, 200, 0], "size": [235.247, 235.247, 147.751]}, "pointables": [{"bases": [[[0.715971, 0.659852, -0.227992], [-0.512544, 0.718556, 0.470081], [0.474009, -0.219709, 0.852669]], [[0.646224, 0.68329, -0.339866], [-0.640233, 0.727781, 0.245837], [0.415326, 0.0587278, 0.907775]], [[0.646224, 0.68329, -0.339866], [-0.745218, 0.660977, -0.0880911], [0.164452, 0.310201, 0.936339]], [[0.646224, 0.68329, -0.339866], [-0.763144, 0.577184, -0.290637], [-0.00242418, 0.447183, 0.894439]]], "btipPosition": [108.415, 242.617, -70.4101], "carpPosition": [49.9075, 247.095, 77.8429], "dipPosition": [108.461, 251.052, -53.5396], "direction": [0.164452, -0.310201, -0.936339], "extended": true, "handId": 61, "id": 612, "length": 67.2543, "mcpPosition": [83.6741, 262.747, 17.102], "pipPosition": [103.767, 259.905, -26.815], "stabilizedTipPosition": [111.549, 243.824, -65.2464], "timeVisible": 3.7785, "tipPosition": [99.8804, 240.156, -64.3617], "tipVelocity": [-668.658, 189.812, -281.35], "tool": false, "touchDistance": 0.266086, "touchZone": "hovering", "type": 2, "width": 21.0194}, {"bases": [[[0.814509, 0.56427, -0.134813], [-0.444709, 0.756494, 0.479532], [0.372571, -0.33063, 0.867107]], [[0.742715, 0.610697, -0.274633], [-0.475256, 0.769692, 0.426271], [0.471705, -0.186077, 0.861899]], [[0.742715, 0.610697, -0.274633], [-0.550365, 0.790364, 0.269116], [0.381409, -0.0487283, 0.923121]], [[0.742715, 0.610697, -0.274633], [-0.597289, 0.789615, 0.140549], [0.302688, 0.0596473, 0.951221]]], "btipPosition": [103.103, 285.904, -62.9007], "carpPosition": [41.8389, 256.176, 74.715], "dipPosition": [97.4263, 287.022, -45.0623], "direction": [0.381409, 0.0487283, -0.923121], "extended": true, "handId": 61, "id": 613, "length": 64.6668, "mcpPosition": [65.6679, 277.323, 19.2564], "pipPosition": [86.8215, 285.667, -19.3954], "stabilizedTipPosition": [103.383, 285.868, -58.2346], "timeVisible": 3.7785, "tipPosition": [97.8068, 281.644, -59.102], "tipVelocity": [-758.955, 161.114, -268.42], "tool": false, "touchDistance": 0.281312, "touchZone": "hovering", "type": 3, "width": 20.0013}, {"bases": [[[0.914363, 0.389408, -0.110916], [-0.277935, 0.802847, 0.527436], [0.294436, -0.451441, 0.842323]], [[0.881902, 0.430917, -0.191205], [-0.305058, 0.830847, 0.465439], [0.359427, -0.352143, 0.86418]], [[0.881902, 0.430917, -0.191205], [-0.362866, 0.879393, 0.308215], [0.300959, -0.202434, 0.931903]], [[0.881902, 0.430917, -0.191205], [-0.403727, 0.899758, 0.165649], [0.243419, -0.0688916, 0.967471]]], "btipPosition": [68.9015, 304.523, -45.3394], "carpPosition": [28.5937, 260.132, 70.2326], "dipPosition": [64.6902, 303.331, -28.6016], "direction": [0.300959, 0.202434, -0.931903], "extended": true, "handId": 61, "id": 614, "length": 50.6976, "mcpPosition": [46.0259, 286.859, 20.3625], "pipPosition": [58.782, 299.357, -10.3073], "stabilizedTipPosition": [68.4846, 304.121, -41.353], "timeVisible": 3.7785, "tipPosition": [63.4052, 293.676, -42.124], "tipVelocity": [-740.283, 173.767, -184.259], "tool": false, "touchDistance": 0.295504, "touchZone": "hovering", "type": 4, "width": 17.7668}, {"bases": [[[-0.325514, 0.878153, 0.350553], [-0.550106, -0.477426, 0.685163], [0.769041, 0.030189, 0.638486]], [[-0.615077, 0.786597, 0.0542707], [-0.730795, -0.594576, 0.335288], [0.296004, 0.166567, 0.940551]], [[-0.615077, 0.786597, 0.0542707], [-0.742603, -0.601058, 0.295415], [0.264992, 0.141401, 0.953826]], [[-0.615077, 0.786597, 0.0542707], [-0.78454, -0.617423, 0.0573199], [0.0785957, -0.00732137, 0.99688]]], "btipPosition": [69.9907, 201.729, -26.1434], "carpPosition": [43.9892, 214.886, 77.8532], "dipPosition": [68.1444, 201.557, -2.72649], "direction": [0.264992, -0.141401, -0.953826], "extended": false, "handId": 61, "id": 610, "length": 52.3092, "mcpPosition": [43.9892, 214.886, 77.8532], "pipPosition": [59.0759, 206.396, 29.9151], "stabilizedTipPosition": [70.5282, 201.794, -20.3863], "timeVisible": 3.7785, "tipPosition": [64.6007, 208.007, -21.8344], "tipVelocity": [-466.456, -48.6972, -189.282], "tool": false, "touchDistance": 0.24859, "touchZone": "hovering", "type": 0, "width": 22.4056}, {"bases": [[[0.547299, 0.795604, -0.259764], [-0.626427, 0.595238, 0.50327], [0.555025, -0.112716, 0.824162]], [[0.470248, 0.803509, -0.365021], [-0.873881, 0.481719, -0.0654069], [0.123282, 0.349742, 0.928699]], [[0.470248, 0.803509, -0.365021], [-0.678518, 0.0646852, -0.73173], [-0.56434, 0.591767, 0.575614]], [[0.470248, 0.803509, -0.365021], [-0.366444, -0.198495, -0.909021], [-0.802861, 0.561224, 0.201099]]], "btipPosition": [74.8411, 205.503, -38.6743], "carpPosition": [55.2917, 236.098, 80.6946], "dipPosition": [88.6093, 215.127, -35.2257], "direction": [-0.56434, -0.591767, -0.575614], "extended": false, "handId": 61, "id": 611, "length": 59.0251, "mcpPosition": [96.9839, 244.565, 18.7854], "pipPosition": [102.3, 229.484, -21.2614], "stabilizedTipPosition": [79.981, 207.39, -37.18], "timeVisible": 3.7785, "tipPosition": [76.5463, 210.242, -35.2488], "tipVelocity": [-619.044, 113.996, -223.867], "tool": false, "touchDistance": 0.267228, "touchZone": "hovering", "type": 1, "width": 21.4018}], "r": [[0.897716, -0.104393, 0.428027], [0.0425994, 0.987537, 0.151509], [-0.438509, -0.117779, 0.890976]], "s": 1.31829, "t": [121.197, 22.3438, -63.9451], "timestamp": 629631490374}, {"currentFrameRate": 55.3343, "devices": [], "gestures": [], "hands": [{"armBasis": [[0.457141, 0.854971, -0.245044], [-0.395517, 0.442199, 0.805001], [0.79661, -0.27108, 0.540303]], "armWidth": 68.8427, "confidence": 1, "direction": [0.504035, 0.346042, -0.79133], "elbow": [-210.73, 162.965, 239.98], "grabAngle": 0.831206, "grabStrength": 0, "id": 61, "palmNormal": [-0.562248, -0.564032, -0.604769], "palmPosition": [53.9214, 255.393, 30.452], "palmVelocity": [-657.207, 76.1101, -190.62], "palmWidth": 92.9048, "pinchDistance": 20.8192, "pinchStrength": 1, "r": [[0.883434, -0.107306, 0.456103], [0.0362726, 0.986164, 0.161756], [-0.46715, -0.126356, 0.875103]], "s": 1.33664, "sphereCenter": [43.7353, 222.111, -21.8405], "sphereRadius": 66.6245, "stabilizedPalmPosition": [55.2078, 255.235, 30.8352], "t": [-131.616, 23.7547, -67.2278], "timeVisible": 3.79603, "type": "left", "wrist": [8.88068, 237.696, 91.0281]}], "id": 24855, "interactionBox": {"center": [0, 200, 0], "size": [235.247, 235.247, 147.751]}, "pointables": [{"bases": [[[0.728191, 0.66013, -0.184298], [-0.530301, 0.713029, 0.458661], [0.434186, -0.23626, 0.869289]], [[0.660521, 0.686628, -0.303733], [-0.639178, 0.726489, 0.25232], [0.393908, 0.0274768, 0.918739]], [[0.660521, 0.686628, -0.303733], [-0.732836, 0.677582, -0.061917], [0.16329, 0.263484, 0.950743]], [[0.660521, 0.686628, -0.303733], [-0.750489, 0.615579, -0.240475], [0.0218548, 0.386787, 0.92191]]], "btipPosition": [95.4709, 248.303, -75.8665], "carpPosition": [40.4116, 247.618, 75.0301], "dipPosition": [95.0587, 255.598, -58.4779], "direction": [0.16329, -0.263484, -0.950743], "extended": true, "handId": 61, "id": 612, "length": 67.2543, "mcpPosition": [71.3414, 264.448, 13.1053], "pipPosition": [90.3982, 263.119, -31.3421], "stabilizedTipPosition": [98.3418, 248.852, -70.653], "timeVisible": 3.79603, "tipPosition": [86.317, 244.688, -69.893], "tipVelocity": [-744.061, 309.252, -304.324], "tool": false, "touchDistance": 0.278052, "touchZone": "hovering", "type": 2, "width": 21.0194}, {"bases": [[[0.822039, 0.562525, -0.0884146], [-0.462809, 0.750475, 0.471799], [0.331752, -0.346918, 0.877262]], [[0.757267, 0.611388, -0.229677], [-0.484159, 0.761542, 0.430865], [0.438335, -0.215079, 0.872699]], [[0.757267, 0.611388, -0.22