{"frames": 38, "data": [{"currentFrameRate": 55.2643, "devices": [], "gestures": [], "hands": [{"armBasis": [[-0.704415, -0.708459, -0.04342], [0.484623, -0.435358, -0.758686], [0.518595, -0.555472, 0.650008]], "armWidth": 67.758, "confidence": 1, "direction": [0.127354, -0.0177781, -0.991698], "elbow": [-163.986, -41.4184, 301.068], "grabAngle": 2.79188, "grabStrength": 0, "id": 82, "palmNormal": [0.801409, 0.590949, 0.0923235], "palmPosition": [-9.76257, 123.402, 51.2845], "palmVelocity": [-17.6685, 57.9241, -47.4916], "palmWidth": 91.4365, "pinchDistance": 53.989, "pinchStrength": 0.483408, "r": [[0.512716, -0.181717, 0.839107], [-0.303886, 0.875666, 0.375316], [-0.802979, -0.447424, 0.393747]], "s": 1.59109, "sphereCenter": [38.0471, 133.386, 39.9672], "sphereRadius": 50.6105, "stabilizedPalmPosition": [-6.9132, 126.242, 52.4142], "t": [-7.91254, -86.4771, -20.7083], "timeVisible": 6.38104, "type": "left", "wrist": [-23.2781, 109.295, 124.705]}], "id": 29577, "interactionBox": {"center": [0, 200, 0], "size": [235.247, 235.247, 147.751]}, "pointables": [{"bases": [[[-0.597488, -0.798049, -0.0782712], [0.788474, -0.566923, -0.238552], [0.146002, -0.204247, 0.96797]], [[-0.55409, -0.823073, 0.124639], [0.736707, -0.554547, -0.386963], [0.387617, -0.12259, 0.913633]], [[-0.55409, -0.823073, 0.124639], [0.678463, -0.533257, -0.505296], [0.48236, -0.195417, 0.853897]], [[-0.55409, -0.823073, 0.124639], [0.635783, -0.515063, -0.574883], [0.537367, -0.239294, 0.808687]]], "btipPosition": [13.2183, 155.565, -47.2951], "carpPosition": [-33.7992, 126.863, 95.4795], "dipPosition": [4.34792, 151.615, -33.946], "direction": [0.48236, 0.195417, -0.853897], "extended": true, "handId": 82, "id": 821, "length": 56.8162, "mcpPosition": [-23.0052, 141.963, 23.9169], "pipPosition": [-6.91614, 147.052, -14.0059], "stabilizedTipPosition": [13.2005, 156.138, -41.8676], "timeVisible": 6.38104, "tipPosition": [12.5852, 155.581, -42.5644], "tipVelocity": [-46.4217, 41.9837, -54.3367], "tool": false, "touchDistance": -0.323604, "touchZone": "touching", "type": 1, "width": 21.0651}, {"bases": [[[0.456789, -0.856568, -0.240072], [0.878426, 0.391735, 0.273701], [-0.140399, -0.335909, 0.931372]], [[0.476321, -0.763942, -0.435329], [0.852263, 0.522901, 0.0148975], [0.216253, -0.378111, 0.900148]], [[0.476321, -0.763942, -0.435329], [0.750946, 0.610989, -0.250543], [0.457382, -0.20757, 0.864706]], [[0.476321, -0.763942, -0.435329], [0.528953, 0.644454, -0.552166], [0.702372, 0.0327394, 0.711057]]], "btipPosition": [17.6378, 170.267, 17.516], "carpPosition": [-24.1581, 145.203, 107.232], "dipPosition": [1.75637, 171.007, 33.5938], "direction": [0.457382, 0.20757, -0.864706], "extended": false, "handId": 82, "id": 820, "length": 50.3516, "mcpPosition": [-24.1581, 145.203, 107.232], "pipPosition": [-13.3103, 164.17, 62.0781], "stabilizedTipPosition": [16.1196, 172.653, 24.6021], "timeVisible": 6.38104, "tipPosition": [16.1496, 172.326, 24.6702], "tipVelocity": [-55.2926, 53.4194, -65.0109], "tool": false, "touchDistance": -0.22919, "touchZone": "touching", "type": 0, "width": 22.053}, {"bases": [[[-0.697872, -0.709888, 0.0950466], [0.679125, -0.698027, -0.227041], [0.227519, -0.0938969, 0.969236]], [[-0.682973, -0.714241, 0.152995], [-0.101536, -0.11459, -0.98821], [0.723352, -0.690455, 0.00574076]], [[-0.682973, -0.714241, 0.152995], [-0.727852, 0.683083, -0.0602466], [-0.0614775, -0.152504, -0.986389]], [[-0.682973, -0.714241, 0.152995], [-0.520027, 0.622535, 0.584826], [-0.512952, 0.319859, -0.7966]]], "btipPosition": [10.8867, 153.365, 66.8819], "carpPosition": [-27.748, 116.246, 93.5403], "dipPosition": [20.1997, 159.172, 52.4191], "direction": [-0.0614775, 0.152504, 0.986389], "extended": false, "handId": 82, "id": 822, "length": 64.7375, "mcpPosition": [-11.7966, 122.829, 25.5868], "pipPosition": [21.8887, 154.982, 25.3195], "stabilizedTipPosition": [15.6229, 156.323, 65.9276], "timeVisible": 6.38104, "tipPosition": [16.6225, 156.953, 60.021], "tipVelocity": [-44.0259, 49.1334, -47.0763], "tool": false, "touchDistance": 0.333333, "touchZone": "none", "type": 2, "width": 20.6887}, {"bases": [[[-0.70598, -0.661315, 0.253485], [0.634436, -0.749599, -0.188657], [0.314774, 0.0276317, 0.948764]], [[-0.685835, -0.658468, 0.30992], [-0.23335, -0.204401, -0.950667], [0.689332, -0.72432, -0.0134678]], [[-0.685835, -0.658468, 0.30992], [-0.701599, 0.711381, -0.0411699], [-0.193362, -0.245676, -0.949871]], [[-0.685835, -0.658468, 0.30992], [-0.391991, 0.693042, 0.605009], [-0.613167, 0.29345, -0.733426]]], "btipPosition": [13.7251, 137.776, 73.2242], "carpPosition": [-19.6017, 106.971, 93.7035], "dipPosition": [24.7935, 143.073, 59.9849], "direction": [-0.193362, 0.245676, 0.949871], "extended": false, "handId": 82, "id": 823, "length": 62.2468, "mcpPosition": [0.212511, 105.231, 33.9812], "pipPosition": [29.9687, 136.498, 34.5626], "stabilizedTipPosition": [18.1329, 139.99, 72.7535], "timeVisible": 6.38104, "tipPosition": [21.2744, 142.291, 67.3232], "tipVelocity": [-15.1204, 69.529, -57.3882], "tool": false, "touchDistance": 0.333333, "touchZone": "none", "type": 3, "width": 19.6866}, {"bases": [[[-0.759861, -0.520665, 0.389254], [0.542207, -0.837927, -0.0623671], [0.358639, 0.163666, 0.919017]], [[-0.799481, -0.537318, 0.268551], [-0.180781, -0.21112, -0.960597], [0.572843, -0.816528, 0.0716496]], [[-0.799481, -0.537318, 0.268551], [-0.590747, 0.784308, -0.189416], [-0.10885, -0.310081, -0.944458]], [[-0.799481, -0.537318, 0.268551], [-0.363417, 0.788624, 0.495983], [-0.478287, 0.298933, -0.825761]]], "btipPosition": [23.5424, 121.058, 73.3972], "carpPosition": [-6.90289, 101.82, 97.7972], "dipPosition": [31.5074, 126.036, 59.6457], "direction": [-0.10885, 0.310081, 0.944458], "extended": false, "handId": 82, "id": 824, "length": 48.8004, "mcpPosition": [13.9949, 92.2829, 44.2464], "pipPosition": [33.5643, 120.177, 41.7987], "stabilizedTipPosition": [27.1118, 123.069, 72.3576], "timeVisible": 6.38104, "tipPosition": [24.6444, 127.089, 67.189], "tipVelocity": [-9.49176, 72.8602, -59.1302], "tool": false, "touchDistance": 0.333333, "touchZone": "none", "type": 4, "width": 17.4872}], "r": [[0.512716, -0.181717, 0.839107], [-0.303886, 0.875666, 0.375316], [-0.802979, -0.447424, 0.393747]], "s": 1.59109, "t": [7.91254, -86.4771, -20.7083], "timestamp": 629721059976}, {"currentFrameRate": 55.2592, "devices": [], "gestures": [], "hands": [{"armBasis": [[-0.704164, -0.707685, -0.0577524], [0.492561, -0.428284, -0.757599], [0.511407, -0.561921, 0.65016]], "armWidth": 67.758, "confidence": 1, "direction": [0.124975, -0.00650383, -0.992139], "elbow": [-162.022, -41.3194, 299.735], "grabAngle": 2.78385, "grabStrength": 0, "id": 82, "palmNormal": [0.803194, 0.587714, 0.0973216], "palmPosition": [-9.9778, 126.068, 50.0091], "palmVelocity": [-11.882, 147.164, -70.4134], "palmWidth": 91.4365, "pinchDistance": 54.1588, "pinchStrength": 0.491872, "r": [[0.510779, -0.181436, 0.840349], [-0.305515, 0.875366, 0.374693], [-0.803596, -0.448124, 0.391687]], "s": 1.59125, "sphereCenter": [38.271, 135.567, 38.6771], "sphereRadius": 50.9684, "stabilizedPalmPosition": [-7.03872, 126.234, 52.3157], "t": [-8.14694, -84.8699, -21.6541], "timeVisible": 6.39915, "type": "left", "wrist": [-23.2643, 111.144, 123.33]}], "id": 29578, "interactionBox": {"center": [0, 200, 0], "size": [235.247, 235.247, 147.751]}, "pointables": [{"bases": [[[-0.595176, -0.798649, -0.0890257], [0.790539, -0.562012, -0.243289], [0.144269, -0.215178, 0.96586]], [[-0.55026, -0.826232, 0.120642], [0.742615, -0.550304, -0.381692], [0.381756, -0.12044, 0.916382]], [[-0.55026, -0.826232, 0.120642], [0.688714, -0.53079, -0.493898], [0.47211, -0.188684, 0.86111]], [[-0.55026, -0.826232, 0.120642], [0.644603, -0.512174, -0.567595], [0.530755, -0.234559, 0.814421]]], "btipPosition": [12.3964, 158.26, -48.6971], "carpPosition": [-33.9012, 129.075, 94.2986], "dipPosition": [3.6352, 154.388, -35.2534], "direction": [0.47211, 0.188684, -0.86111], "extended": true, "handId": 82, "id": 821, "length": 56.8162, "mcpPosition": [-23.2353, 144.983, 22.892], "pipPosition": [-7.38948, 149.982, -15.1448], "stabilizedTipPosition": [12.5821, 156.408, -42.6874], "timeVisible": 6.39915, "tipPosition": [12.0969, 159.142, -43.6658], "tipVelocity": [-43.9855, 149.771, -76.1978], "tool": false, "touchDistance": -0.340281, "touchZone": "touching", "type": 1, "width": 21.0651}, {"bases": [[[0.459631, -0.852493, -0.248988], [0.876734, 0.390817, 0.280357], [-0.141694, -0.347157, 0.927041]], [[0.479214, -0.759635, -0.43967], [0.853022, 0.521038, 0.0295244], [0.206657, -0.389197, 0.897674]], [[0.479214, -0.759635, -0.43967], [0.750019, 0.614605, -0.244402], [0.455879, -0.21264, 0.864268]], [[0.479214, -0.759635, -0.43967], [0.524562, 0.649505, -0.550435], [0.703697, 0.0331418, 0.709727]]], "btipPosition": [17.1113, 173.028, 16.6945], "carpPosition": [-24.1836, 147.25, 106.242], "dipPosition": [1.19995, 173.778, 32.7422], "direction": [0.455879, 0.21264, -0.864268], "extended": false, "handId": 82, "id": 820, "length": 50.3516, "mcpPosition": [-24.1836, 147.25, 106.242], "pipPosition": [-13.8172, 166.773, 61.2121], "stabilizedTipPosition": [15.7601, 172.727, 24.0339], "timeVisible": 6.39915, "tipPosition": [15.9319, 175.176, 23.8107], "tipVelocity": [-29.4443, 152.549, -45.7328], "tool": false, "touchDistance": -0.244952, "touchZone": "touching", "type": 0, "width": 22.053}, {"bases": [[[-0.696201, -0.712788, 0.085072], [0.681512, -0.69353, -0.233573], [0.225488, -0.104636, 0.96861]], [[-0.681427, -0.71778, 0.143001], [-0.0940575, -0.107881, -0.989704], [0.725817, -0.687862, 0.00600078]], [[-0.681427, -0.71778, 0.143001], [-0.72989, 0.680891, -0.0603951], [-0.0540176, -0.14553, -0.987878]], [[-0.681427, -0.71778, 0.143001], [-0.524067, 0.614921, 0.589259], [-0.510893, 0.326595, -0.795188]]], "btipPosition": [10.9667, 155.902, 65.6096], "carpPosition": [-27.8828, 118.465, 92.221], "dipPosition": [20.2423, 161.831, 51.1724], "direction": [-0.0540176, 0.14553, 0.987878], "extended": false, "handId": 82, "id": 822, "length": 64.7375, "mcpPosition": [-12.0737, 125.801, 24.3113], "pipPosition": [21.7263, 157.833, 24.0319], "stabilizedTipPosition": [15.46, 156.384, 65.6927], "timeVisible": 6.39915, "tipPosition": [16.4355, 159.393, 59.1512], "tipVelocity": [3.93942, 141.623, -69.9137], "tool": false, "touchDistance": 0.333333, "touchZone": "none", "type": 2, "width": 20.6887}, {"bases": [[[-0.704811, -0.666094, 0.244048], [0.636871, -0.745666, -0.195902], [0.312467, 0.017353, 0.94977]], [[-0.684806, -0.663855, 0.300561], [-0.225808, -0.198837, -0.953664], [0.692857, -0.720944, -0.0137388]], [[-0.684806, -0.663855, 0.300561], [-0.704754, 0.708241, -0.0414236], [-0.18537, -0.240189, -0.952863]], [[-0.684806, -0.663855, 0.300561], [-0.399242, 0.686823, 0.607355], [-0.609628, 0.295924, -0.735379]]], "btipPosition": [13.8507, 140.282, 71.8407], "carpPosition": [-19.7608, 109.167, 92.2562], "dipPosition": [24.8553, 145.624, 58.5661], "direction": [-0.18537, 0.240189, 0.952863], "extended": false, "handId": 82, "id": 823, "length": 62.2468, "mcpPosition": [-0.0918376, 108.075, 32.4707], "pipPosition": [29.8165, 139.195, 33.0637], "stabilizedTipPosition": [18.0763, 140.039, 72.6252], "timeVisible": 6.39915, "tipPosition": [21.0332, 144.611, 66.2556], "tipVelocity": [6.12347, 138.915, -76.8275], "tool": false, "touchDistance": 0.333333, "touchZone": "none", "type": 3, "width": 19.6866}, {"bases": [[[-0.759386, -0.527186, 0.381325], [0.544581, -0.835708, -0.0708743], [0.35604, 0.153841, 0.92172]], [[-0.798957, -0.542622, 0.259285], [-0.171832, -0.207195, -0.963091], [0.576317, -0.814022, 0.0722997]], [[-0.798957, -0.542622, 0.259285], [-0.592788, 0.783229, -0.187494], [-0.101341, -0.303501, -0.947427]], [[-0.798957, -0.542622, 0.259285], [-0.371582, 0.784416, 0.496607], [-0.472857, 0.300422, -0.828343]]], "btipPosition": [23.5786, 123.511, 71.7784], "carpPosition": [-7.06623, 103.935, 96.2591], "dipPosition": [31.4532, 128.514, 57.9839], "direction": [-0.101341, 0.303501, 0.947426], "extended": false, "handId": 82, "id": 824, "length": 48.8004, "mcpPosition": [13.6801, 94.9707, 42.5508], "pipPosition": [33.3682, 122.779, 40.0809], "stabilizedTipPosition": [27.0521, 123.124, 72.2275], "timeVisible": 6.39915, "tipPosition": [24.4962, 129.372, 65.9335], "tipVelocity": [0.852104, 135.737, -89.9107], "tool": false, "touchDistance": 0.333333, "touchZone": "none", "type": 4, "width": 17.4872}], "r": [[0.510779, -0.181436, 0.840349], [-0.305515, 0.875366, 0.374693], [-0.803596, -0.448124, 0.391687]], "s": 1.59125, "t": [8.14694, -84.8699, -21.6541], "timestamp": 629721078090}, {"currentFrameRate": 55.2602, "devices": [], "gestures": [], "hands": [{"armBasis": [[-0.689415, -0.717144, -0.102038], [0.5231, -0.395453, -0.754972], [0.501072, -0.573865, 0.64777]], "armWidth": 67.758, "confidence": 1, "direction": [0.109485, 0.000607989, -0.993988], "elbow": [-159.11, -41.2266, 297.754], "grabAngle": 2.7746, "grabStrength": 0, "id": 82, "palmNormal": [0.830727, 0.549053, 0.0918384], "palmPosition": [-10.6008, 130.06, 48.67], "palmVelocity": [-34.4346, 220.691, -74.0075], "palmWidth": 91.4365, "pinchDistance": 54.5317, "pinchStrength": 0.506008, "r": [[0.508234, -0.178623, 0.842492], [-0.315989, 0.871351, 0.375363], [-0.801155, -0.456991, 0.386407]], "s": 1.59106, "sphereCenter": [37.9198, 137.386, 36.5307], "sphereRadius": 51.1145, "stabilizedPalmPosition": [-7.45534, 126.682, 51.8893], "t": [-8.57566, -82.0698, -22.7965], "timeVisible": 6.41724, "type": "left", "wrist": [-23.1567, 114.477, 121.998]}], "id": 29579, "interactionBox": {"center": [0, 200, 0], "size": [235.247, 235.247, 147.751]}, "pointables": [{"bases": [[[-0.556442, -0.82382, -0.10813], [0.819119, -0.522073, -0.237662], [0.139339, -0.220817, 0.965311]], [[-0.512888, -0.852115, 0.104138], [0.777592, -0.512543, -0.364212], [0.363726, -0.105824, 0.925475]], [[-0.512888, -0.852115, 0.104138], [0.728132, -0.496069, -0.473011], [0.45472, -0.166776, 0.87488]], [[-0.512888, -0.852115, 0.104138], [0.684379, -0.479098, -0.549627], [0.518238, -0.210628, 0.828894]]], "btipPosition": [10.8855, 161.675, -50.5289], "carpPosition": [-33.6865, 133.586, 93.3641], "dipPosition": [2.33092, 158.198, -36.8464], "direction": [0.45472, 0.166776, -0.87488], "extended": true, "handId": 82, "id": 821, "length": 56.8162, "mcpPosition": [-23.3851, 149.911, 21.9981], "pipPosition": [-8.28767, 154.304, -16.4162], "stabilizedTipPosition": [11.007, 158.328, -44.7054], "timeVisible": 6.41724, "tipPosition": [11.3459, 163.113, -45.1172], "tipVelocity": [-80.8809, 193.776, -98.2089], "tool": false, "touchDistance": -0.361239, "touchZone": "touching", "type": 1, "width": 21.0651}, {"bases": [[[0.502028, -0.827288, -0.252116], [0.853504, 0.426855, 0.298875], [-0.139638, -0.365225, 0.920387]], [[0.520164, -0.732038, -0.439943], [0.830111, 0.554484, 0.0588501], [0.200861, -0.395814, 0.896095]], [[0.520164, -0.732038, -0.439943], [0.725275, 0.650627, -0.225078], [0.451004, -0.202003, 0.869362]], [[0.520164, -0.732038, -0.439943], [0.498882, 0.678529, -0.53918], [0.693215, 0.0609824, 0.718147]]], "btipPosition": [17.6423, 176.272, 15.5476], "carpPosition": [-22.9643, 151.142, 105.374], "dipPosition": [1.96794, 177.651, 31.7857], "direction": [0.451004, 0.202003, -0.869362], "extended": false, "handId": 82, "id": 820, "length": 50.3516, "mcpPosition": [-22.9643, 151.142, 105.374], "pipPosition": [-12.8886, 170.997, 60.4235], "stabilizedTipPosition": [15.2326, 173.91, 22.5791], "timeVisible": 6.41724, "tipPosition": [17.0364, 178.212, 22.5588], "tipVelocity": [32.3598, 187.307, -60.9658], "tool": false, "touchDistance": -0.264937, "touchZone": "touching", "type": 0, "width": 22.053}, {"bases": [[[-0.663934, -0.744927, 0.0653912], [0.716114, -0.658555, -0.231271], [0.215344, -0.106721, 0.970689]], [[-0.649826, -0.749986, 0.12348], [-0.0646532, -0.107327, -0.992119], [0.757328, -0.652688, 0.0212548]], [[-0.649826, -0.749986, 0.12348], [-0.759744, 0.645761, -0.0760399], [-0.0227097, -0.143226, -0.989429]], [[-0.649826, -0.749986, 0.12348], [-0.56078, 0.582728, 0.588179], [-0.513081, 0.312969, -0.799249]]], "btipPosition": [12.232, 158.869, 63.7114], "carpPosition": [-28.194, 122.74, 91.0625], "dipPosition": [21.5473, 164.551, 49.2005], "direction": [-0.0227097, 0.143226, 0.989429], "extended": false, "handId": 82, "id": 822, "length": 64.7375, "mcpPosition": [-13.0962, 130.222, 23.0072], "pipPosition": [22.1712, 160.616, 22.0174], "stabilizedTipPosition": [15.3497, 156.769, 65.1518], "timeVisible": 6.41724, "tipPosition": [17.3151, 161.94, 57.9153], "tipVelocity": [70.4404, 160.862, -105.851], "tool": false, "touchDistance": 0.333333, "touchZone": "none", "type": 2, "width": 20.6887}, {"bases": [[[-0.677089, -0.700734, 0.22477], [0.673349, -0.71316, -0.194947], [0.296903, 0.0193526, 0.954712]], [[-0.658068, -0.698313, 0.281614], [-0.194617, -0.203555, -0.959526], [0.727373, -0.68624, -0.00195104]], [[-0.658068, -0.698313, 0.281614], [-0.737706, 0.672844, -0.0554119], [-0.150788, -0.244213, -0.957926]], [[-0.658068, -0.698313, 0.281614], [-0.444382, 0.66212, 0.603425], [-0.607842, 0.27195, -0.746037]]], "btipPosition": [14.5714, 143.112, 69.9489], "carpPosition": [-20.5081, 113.081, 90.8563], "dipPosition": [25.5437, 148.021, 56.4819], "direction": [-0.150788, 0.244213, 0.957926], "extended": false, "handId": 82, "id": 823, "length": 62.2468, "mcpPosition": [-1.81889, 111.862, 30.7598], "pipPosition": [29.5794, 141.485, 30.844], "stabilizedTipPosition": [18.0243, 140.262, 72.3196], "timeVisible": 6.41724, "tipPosition": [21.3128, 146.855, 64.7317], "tipVelocity": [39.4224, 150.922, -107.007], "tool": false, "touchDistance": 0.333333, "touchZone": "none", "type": 3, "width": 19.6866}, {"bases": [[[-0.740062, -0.566253, 0.362857], [0.583407, -0.808938, -0.0724958], [0.33458, 0.158042, 0.92902]], [[-0.777437, -0.582049, 0.238348], [-0.1373, -0.212762, -0.967409], [0.613791, -0.784825, 0.0854934]], [[-0.777437, -0.582049, 0.238348], [-0.625619, 0.75464, -0.197787], [-0.0647452, -0.302882, -0.950826]], [[-0.777437, -0.582049, 0.238348], [-0.420918, 0.763063, 0.490472], [-0.467353, 0.280986, -0.838229]]], "btipPosition": [23.4498, 125.868, 69.4669], "carpPosition": [-8.00804, 107.222, 94.5948], "dipPosition": [31.2327, 130.548, 55.5077], "direction": [-0.0647452, 0.302882, 0.950826], "extended": false, "handId": 82, "id": 824, "length": 48.8004, "mcpPosition": [11.4879, 98.013, 40.461], "pipPosition": [32.4561, 124.824, 37.5404], "stabilizedTipPosition": [26.9802, 123.276, 71.9905], "timeVisible": 6.41724, "tipPosition": [24.2619, 131.415, 64.1656], "tipVelocity": [-8.28786, 126.153, -129.853], "tool": false, "touchDistance": 0.333333, "touchZone": "none", "type": 4, "width": 17.4872}], "r": [[0.508234, -0.178623, 0.842492], [-0.315989, 0.871351, 0.375363], [-0.801155, -0.456991, 0.386407]], "s": 1.59106, "t": [8.57566, -82.0698, -22.7965], "timestamp": 629721096183}, {"currentFrameRate": 55.2711, "devices": [], "gestures": [], "hands": [{"armBasis": [[-0.676701, -0.721118, -0.148543], [0.551935, -0.363328, -0.750574], [0.487282, -0.5899, 0.643874]], "armWidth": 67.758, "confidence": 1, "direction": [0.0944064, -0.00899735, -0.995493], "elbow": [-155.705, -39.4749, 296.073], "grabAngle": 2.76463, "grabStrength": 0, "id": 82, "palmNormal": [0.863236, 0.498838, 0.0773555], "palmPosition": [-11.537, 135.771, 47.8658], "palmVelocity": [-51.8496, 316.285, -44.5417], "palmWidth": 91.4365, "pinchDistance": 54.8936, "pinchStrength": 0.518694, "r": [[0.505722, -0.169721, 0.845837], [-0.335785, 0.864414, 0.374214], [-0.794665, -0.473268, 0.380164]], "s": 1.59033, "sphereCenter": [36.8545, 140.635, 34.741], "sphereRadius": 50.9557, "stabilizedPalmPosition": [-8.64948, 129.341, 50.7122], "t": [-9.25809, -77.8144, -23.7698], "timeVisible": 6.4353, "type": "left", "wrist": [-23.4935, 120.58, 121.374]}], "id": 29580, "interactionBox": {"center": [0, 200, 0], "size": [235.247, 235.247, 147.751]}, "pointables": [{"bases": [[[-0.504705, -0.855856, -0.113064], [0.852231, -0.473049, -0.223442], [0.137749, -0.209128, 0.968138]], [[-0.464047, -0.880736, 0.0946803], [0.816454, -0.466724, -0.339957], [0.343602, -0.080454, 0.935663]], [[-0.464047, -0.880736, 0.0946803], [0.768285, -0.453376, -0.451872], [0.440906, -0.136949, 0.887044]], [[-0.464047, -0.880736, 0.0946803], [0.724794, -0.438969, -0.531018], [0.509249, -0.177794, 0.842054]]], "btipPosition": [9.44947, 165.738, -52.1442], "carpPosition": [-33.6987, 140.805, 92.882], "dipPosition": [1.04327, 162.803, -38.2444], "direction": [0.440906, 0.136949, -0.887044], "extended": true, "handId": 82, "id": 821, "length": 56.8162, "mcpPosition": [-23.5148, 156.266, 21.307], "pipPosition": [-9.25275, 159.605, -17.5302], "stabilizedTipPosition": [8.60159, 162.969, -47.6282], "timeVisible": 6.4353, "tipPosition": [10.7347, 167.046, -46.5145], "tipVelocity": [-77.6468, 231.944, -86.6956], "tool": false, "touchDistance": -0.376928, "touchZone": "touching", "type": 1, "width": 21.0651}, {"bases": [[[0.554134, -0.796667, -0.241366], [0.821987, 0.477898, 0.30976], [-0.131427, -0.370048, 0.919669]], [[0.569383, -0.700919, -0.429552], [0.796564, 0.599562, 0.0775361], [0.203196, -0.386313, 0.899708]], [[0.569383, -0.700919, -0.429552], [0.690922, 0.691159, -0.211957], [0.445453, -0.176102, 0.877815]], [[0.569383, -0.700919, -0.429552], [0.46622, 0.705689, -0.533518], [0.677083, 0.103511, 0.72859]]], "btipPosition": [18.4051, 180.566, 14.1398], "carpPosition": [-21.7711, 157.728, 104.662], "dipPosition": [3.09548, 182.907, 30.614], "direction": [0.445453, 0.176102, -0.877815], "extended": false, "handId": 82, "id": 820, "length": 50.3516, "mcpPosition": [-21.7711, 157.728, 104.662], "pipPosition": [-11.5782, 177.106, 59.5302], "stabilizedTipPosition": [15.0235, 178.223, 19.7914], "timeVisible": 6.4353, "tipPosition": [18.3668, 182.065, 21.0175], "tipVelocity": [46.8946, 250.085, -74.9671], "tool": false, "touchDistance": -0.28708, "touchZone": "touching", "type": 0, "width": 22.053}, {"bases": [[[-0.619294, -0.782974, 0.0585338], [0.757453, -0.615408, -0.21803], [0.206734, -0.0906881, 0.974185]], [[-0.605946, -0.786974, 0.116194], [-0.0315781, -0.122153, -0.992009], [0.794878, -0.604773, 0.0491671]], [[-0.605946, -0.786974, 0.116194], [-0.795399, 0.596976, -0.104692], [0.0130248, -0.155859, -0.987693]], [[-0.605946, -0.786974, 0.116194], [-0.60347, 0.549909, 0.577429], [-0.518318, 0.279771, -0.80813]]], "btipPosition": [13.5606, 163.367, 61.7601], "carpPosition": [-28.8972, 129.643, 90.5427], "dipPosition": [22.971, 168.447, 47.088], "direction": [0.0130248, 0.155859, 0.987693], "extended": false, "handId": 82, "id": 822, "length": 64.7375, "mcpPosition": [-14.403, 136.001, 22.2422], "pipPosition": [22.6132, 164.165, 19.9526], "stabilizedTipPosition": [15.4223, 158.272, 63.8428], "timeVisible": 6.4353, "tipPosition": [18.2287, 165.886, 56.663], "tipVelocity": [74.7967, 241.45, -110.124], "tool": false, "touchDistance": 0.333333, "touchZone": "none", "type": 2, "width": 20.6887}, {"bases": [[[-0.637448, -0.739151, 0.217524], [0.717476, -0.672353, -0.182125], [0.28087, 0.0399729, 0.958913]], [[-0.619459, -0.735424, 0.274632], [-0.156316, -0.227279, -0.961202], [0.769309, -0.638354, 0.0258315]], [[-0.619459, -0.735424, 0.274632], [-0.777641, 0.622738, -0.0864409], [-0.107453, -0.267112, -0.957656]], [[-0.619459, -0.735424, 0.274632], [-0.501931, 0.640028, 0.581746], [-0.603603, 0.222521, -0.765603]]], "btipPosition": [15.3127, 147.714, 68.2361], "carpPosition": [-21.8041, 119.543, 90.2614], "dipPosition": [26.2085, 151.731, 54.4159], "direction": [-0.107453, 0.267112, 0.957656], "extended": false, "handId": 82, "id": 823, "length": 62.2468, "mcpPosition": [-4.1241, 117.026, 29.9003], "pipPosition": [29.0844, 144.582, 28.7852], "stabilizedTipPosition": [17.9987, 141.307, 71.4134], "timeVisible": 6.4353, "tipPosition": [21.355, 150.573, 63.4773], "tipVelocity": [40.0863, 243.526, -99.3636], "tool": false, "touchDistance": 0.333333, "touchZone": "none", "type": 3, "width": 19.6866}, {"bases": [[[-0.710382, -0.608236, 0.354127], [0.631572, -0.772942, -0.0606369], [0.310602, 0.180582, 0.933229]], [[-0.745416, -0.626865, 0.226705], [-0.0942374, -0.237577, -0.966787], [0.659905, -0.742022, 0.11802]], [[-0.745416, -0.626865, 0.226705], [-0.666354, 0.709964, -0.227869], [-0.018109, -0.320922, -0.946932]], [[-0.745416, -0.626865, 0.226705], [-0.48096, 0.741248, 0.468219], [-0.461555, 0.239982, -0.854035]]], "btipPosition": [22.9933, 129.855, 67.5432], "carpPosition": [-9.62048, 112.961, 93.8379], "dipPosition": [30.6796, 133.852, 53.3208], "direction": [-0.018109, 0.320922, 0.946932], "extended": false, "handId": 82, "id": 824, "length": 48.8004, "mcpPosition": [8.47819, 102.439, 39.4589], "pipPosition": [31.0218, 127.787, 35.4271], "stabilizedTipPosition": [26.7907, 123.916, 71.3313], "timeVisible": 6.4353, "tipPosition": [23.6354, 134.866, 62.9139], "tipVelocity": [-26.515, 212.128, -109.9], "tool": false, "touchDistance": 0.333333, "touchZone": "none", "type": 4, "width": 17.4872}], "r": [[0.505722, -0.169721, 0.845837], [-0.335785, 0.864414, 0.374214], [-0.794665, -0.473268, 0.380164]], "s": 1.59033, "t": [9.25809, -77.8144, -23.7698], "timestamp": 629721114238}, {"currentFrameRate": 55.2475, "devices": [], "gestures": [], "hands": [{"armBasis": [[-0.686428, -0.709175, -0.160895], [0.555195, -0.368185, -0.745787], [0.469655, -0.601257, 0.646463]], "armWidth": 67.758, "confidence": 1, "direction": [0.11889, 0.01541, -0.992788], "elbow": [-152.138, -35.0331, 293.868], "grabAngle": 2.7406, "grabStrength": 0, "id": 82, "palmNormal": [0.853656, 0.509061, 0.11013], "palmPosition": [-11.5218, 144.986, 45.4503], "palmVelocity": [0.836699, 506.812, -132.855], "palmWidth": 91.4365, "pinchDistance": 55.4962, "pinchStrength": 0.549482, "r": [[0.507364, -0.167856, 0.845225], [-0.347211, 0.857882, 0.37879], [-0.788686, -0.485656, 0.376977]], "s": 1.58874, "sphereCenter": [36.3691, 151.599, 33.265], "sphereRadius": 50.4938, "stabilizedPalmPosition": [-10.5514, 139.7, 47.228], "t": [-9.59169, -71.0793, -25.4642], "timeVisible": 6.45348, "type": "left", "wrist": [-24.709, 128.103, 118.466]}], "id": 29581, "interactionBox": {"center": [0, 200, 0], "size": [235.247, 235.247, 147.751]}, "pointables": [{"bases": [[[-0.519849, -0.845788, -0.119996], [0.839456, -0.479741, -0.255271], [0.158338, -0.233434, 0.959394]], [[-0.476251, -0.8757, 0.0795901], [0.807874, -0.471501, -0.353591], [0.347166, -0.104099, 0.932008]], [[-0.476251, -0.8757, 0.0795901], [0.762419, -0.45634, -0.458772], [0.438067, -0.15781, 0.884982]], [[-0.476251, -0.8757, 0.0795901], [0.720228, -0.440414, -0.53601], [0.504437, -0.197953, 0.840451]]], "btipPosition": [9.82121, 177.193, -54.1481], "carpPosition": [-34.8514, 148.661, 90.0054], "dipPosition": [1.49445, 173.925, -40.2747], "direction": [0.438067, 0.15781, -0.884982], "extended": true, "handId": 82, "id": 821, "length": 56.8162, "mcpPosition": [-23.1453, 165.919, 19.0768], "pipPosition": [-8.73527, 170.24, -19.6087], "stabilizedTipPosition": [8.03246, 173.993, -50.3522], "timeVisible": 6.45348, "tipPosition": [12.0843, 178.5, -47.9733], "tipVelocity": [21.4506, 625.803, -110.549], "tool": false, "touchDistance": -0.397719, "touchZone": "touching", "type": 1, "width": 21.0651}, {"bases": [[[0.536284, -0.798611, -0.273168], [0.836265, 0.458927, 0.300077], [-0.114281, -0.389367, 0.913965]], [[0.548321, -0.69787, -0.460783], [0.807644, 0.58484, 0.0753191], [0.216922, -0.413448, 0.884311]], [[0.548321, -0.69787, -0.460783], [0.693309, 0.687459, -0.216155], [0.467617, -0.200943, 0.860788]], [[0.548321, -0.69787, -0.460783], [0.45691, 0.711493, -0.533865], [0.700412, 0.0821931, 0.70899]]], "btipPosition": [18.6563, 190.974, 13.7152], "carpPosition": [-23.4659, 165.474, 102.461], "dipPosition": [2.81924, 192.832, 29.7463], "direction": [0.467617, 0.200943, -0.860788], "extended": false, "handId": 82, "id": 820, "length": 50.3516, "mcpPosition": [-23.4659, 165.474, 102.461], "pipPosition": [-12.5846, 186.213, 58.1016], "stabilizedTipPosition": [15.016, 188.457, 17.9362], "timeVisible": 6.45348, "tipPosition": [18.3045, 192.296, 20.3777], "tipVelocity": [7.14629, 566.305, -28.9567], "tool": false, "touchDistance": -0.294602, "touchZone": "touching", "type": 0, "width": 22.053}, {"bases": [[[-0.629117, -0.77529, 0.0560123], [0.742756, -0.620833, -0.250758], [0.229184, -0.116152, 0.966428]], [[-0.615284, -0.780581, 0.110086], [-0.0354977, -0.112072, -0.993066], [0.787506, -0.614925, 0.0412474]], [[-0.615284, -0.780581, 0.110086], [-0.788258, 0.607673, -0.0968671], [0.00871632, -0.146377, -0.98919]], [[-0.615284, -0.780581, 0.110086], [-0.594, 0.550892, 0.586244], [-0.518256, 0.295315, -0.80262]]], "btipPosition": [13.7408, 173.065, 59.6031], "carpPosition": [-29.8304, 137.626, 87.5319], "dipPosition": [23.1501, 178.427, 45.031], "direction": [0.00871632, 0.146377, 0.98919], "extended": false, "handId": 82, "id": 822, "length": 64.7375, "mcpPosition": [-13.7622, 145.77, 19.7753], "pipPosition": [22.9106, 174.406, 17.8545], "stabilizedTipPosition": [15.7164, 168.04, 59.2162], "timeVisible": 6.45348, "tipPosition": [17.427, 175.218, 55.7199], "tipVelocity": [9.89729, 536.961, -117.368], "tool": false, "touchDistance": 0.333333, "touchZone": "none", "type": 2, "width": 20.6887}, {"bases": [[[-0.642723, -0.734911, 0.216362], [0.702838, -0.678024, -0.21518], [0.304837, 0.0137667, 0.952305]], [[-0.623288, -0.732763, 0.273077], [-0.1681, -0.215493, -0.961928], [0.763711, -0.645462, 0.0111367]], [[-0.623288, -0.732763, 0.273077], [-0.773244, 0.629604, -0.0754465], [-0.116646, -0.25818, -0.959029]], [[-0.623288, -0.732763, 0.273077], [-0.492074, 0.638919, 0.591308], [-0.607763, 0.234181, -0.758804]]], "btipPosition": [15.4778, 157.314, 66.1354], "carpPosition": [-22.5849, 127.636, 87.1964], "dipPosition": [26.4488, 161.542, 52.438], "direction": [-0.116646, 0.25818, 0.959029], "extended": false, "handId": 82, "id": 823, "length": 62.2468, "mcpPosition": [-3.39622, 126.769, 27.2513], "pipPosition": [29.5707, 154.632, 26.7706], "stabilizedTipPosition": [17.9999, 149.446, 67.3733], "timeVisible": 6.45348, "tipPosition": [20.5627, 159.772, 62.2622], "tipVelocity": [10.0311, 530.666, -113.982], "tool": false, "touchDistance": 0.333333, "touchZone": "none", "type": 3, "width": 19.6866}, {"bases": [[[-0.710357, -0.606179, 0.357687], [0.618467, -0.780178, -0.0939229], [0.335993, 0.154499, 0.929106]], [[-0.749471, -0.621564, 0.227927], [-0.103184, -0.230404, -0.967609], [0.653947, -0.748713, 0.108546]], [[-0.749471, -0.621564, 0.227927], [-0.661375, 0.718348, -0.215778], [-0.0296113, -0.312464, -0.949468]], [[-0.749471, -0.621564, 0.227927], [-0.46994, 0.74198, 0.478145], [-0.466315, 0.251244, -0.84819]]], "btipPosition": [23.1961, 139.441, 65.143], "carpPosition": [-10.3971, 121.146, 90.9233], "dipPosition": [30.9617, 143.625, 51.018], "direction": [-0.0296113, 0.312464, 0.949468], "extended": false, "handId": 82, "id": 824, "length": 48.8004, "mcpPosition": [9.18117, 112.143, 36.7845], "pipPosition": [31.5212, 137.721, 33.0764], "stabilizedTipPosition": [26.0526, 130.644, 67.4802], "timeVisible": 6.45348, "tipPosition": [23.3849, 143.996, 61.3763], "tipVelocity": [12.1571, 529.599, -130.775], "tool": false, "touchDistance": 0.333333, "touchZone": "none", "type": 4, "width": 17.4872}], "r": [[0.507364, -0.167856, 0.845225], [-0.347211, 0.857882, 0.37879], [-0.788686, -0.485656, 0.376977]], "s": 1.58874, "t": [9.59169, -71.0793, -25.4642], "timestamp": 629721132420}, {"currentFrameRate": 55.1199, "devices": [], "gestures": [], "hands": [{"armBasis": [[-0.696912, -0.694629, -0.178339], [0.560914, -0.373005, -0.739083], [0.446867, -0.615109, 0.649578]], "armWidth": 67.758, "confidence": 1, "direction": [0.124962, 0.0581869, -0.990454], "elbow": [-145.461, -30.3976, 289.035], "grabAngle": 2.72192, "grabStrength": 0, "id": 82, "palmNormal": [0.83433, 0.534063, 0.13664], "palmPosition": [-11.2616, 156.279, 40.3847], "palmVelocity": [13.9984, 607.68, -272.579], "palmWidth": 91.4365, "pinchDistance": 56.456, "pinchStrength": 0.55159, "r": [[0.508865, -0.176434, 0.842572], [-0.349658, 0.852033, 0.389589], [-0.786636, -0.49286, 0.371878]], "s": 1.58844, "sphereCenter": [37.0297, 164.609, 28.7001], "sphereRadius": 51.0706, "stabilizedPalmPosition": [-11.1512, 153.702, 41.4483], "t": [-9.62842, -62.0652, -28.8443], "timeVisible": 6.47206, "type": "left", "wrist": [-24.215, 136.497, 112.788]}], "id": 29582, "interactionBox": {"center": [0, 200, 0], "size": [235.247, 235.247, 147.751]}, "pointables": [{"bases": [[[-0.550274, -0.821697, -0.148367], [0.820198, -0.498638, -0.28042], [0.156439, -0.275998, 0.948342]], [[-0.505105, -0.861351, 0.0542602], [0.790709, -0.487045, -0.3709], [0.345902, -0.144439, 0.927086]], [[-0.505105, -0.861351, 0.0542602], [0.746774, -0.467703, -0.472846], [0.432663, -0.198316, 0.879473]], [[-0.505105, -0.861351, 0.0542602], [0.707478, -0.449241, -0.545579], [0.494311, -0.237187, 0.836301]]], "btipPosition": [9.17963, 192.343, -58.0771], "carpPosition": [-35.0067, 157.397, 84.8578], "dipPosition": [1.02001, 188.428, -44.2723], "direction": [0.432663, 0.198316, -0.879473], "extended": true, "handId": 82, "id": 821, "length": 56.8162, "mcpPosition": [-23.4411, 177.801, 14.7463], "pipPosition": [-9.08353, 183.797, -23.7349], "stabilizedTipPosition": [7.40067, 189.105, -54.2924], "timeVisible": 6.47206, "tipPosition": [11.5297, 194.061, -51.6652], "tipVelocity": [-32.4549, 807.202, -212.267], "tool": false, "touchDistance": -0.445452, "touchZone": "touching", "type": 1, "width": 21.0651}, {"bases": [[[0.50581, -0.805724, -0.308164], [0.853998, 0.417247, 0.310792], [-0.121832, -0.420373, 0.899135]], [[0.520226, -0.693093, -0.498986], [0.831672, 0.543953, 0.111521], [0.19413, -0.473009, 0.859404]], [[0.520226, -0.693093, -0.498986], [0.719005, 0.670739, -0.182047], [0.460865, -0.264068, 0.847273]], [[0.520226, -0.693093, -0.498986], [0.487982, 0.720737, -0.492353], [0.700884, 0.0126387, 0.713163]]], "btipPosition": [16.4592, 206.241, 10.9001], "carpPosition": [-24.3081, 174.101, 98.0455], "dipPosition": [0.611371, 206.527, 27.0255], "direction": [0.460865, 0.264068, -0.847273], "extended": false, "handId": 82, "id": 820, "length": 50.3516, "mcpPosition": [-24.3081, 174.101, 98.0455], "pipPosition": [-14.57, 197.828, 54.9356], "stabilizedTipPosition": [13.1513, 203.574, 15.1184], "timeVisible": 6.47206, "tipPosition": [16.5422, 205.637, 17.0733], "tipVelocity": [-118.363, 802.068, -150.312], "tool": false, "touchDistance": -0.335377, "touchZone": "touching", "type": 0, "width": 22.053}, {"bases": [[[-0.655787, -0.754305, 0.031115], [0.718596, -0.636315, -0.280577], [0.23144, -0.16164, 0.959327]], [[-0.640729, -0.76264, 0.0885841], [-0.0363551, -0.0851124, -0.995708], [0.766906, -0.641199, 0.026808]], [[-0.640729, -0.76264, 0.0885841], [-0.767767, 0.636352, -0.0747626], [0.000646255, -0.115915, -0.993259]], [[-0.640729, -0.76264, 0.0885841], [-0.578259, 0.555254, 0.597754], [-0.505058, 0.331773, -0.79677]]], "btipPosition": [13.2064, 185.002, 55.2477], "carpPosition": [-29.5815, 146.649, 82.0006], "dipPosition": [22.3761, 191.026, 40.7817], "direction": [0.000646255, 0.115915, 0.993259], "extended": false, "handId": 82, "id": 822, "length": 64.7375, "mcpPosition": [-13.3552, 157.982, 14.7418], "pipPosition": [22.3583, 187.841, 13.4934], "stabilizedTipPosition": [15.383, 183.296, 53.15], "timeVisible": 6.47206, "tipPosition": [16.4712, 187.054, 52.0432], "tipVelocity": [-31.7202, 650.511, -233.054], "tool": false, "touchDistance": 0.333333, "touchZone": "none", "type": 2, "width": 20.6887}, {"bases": [[[-0.666873, -0.719741, 0.193011], [0.676918, -0.693409, -0.246913], [0.311549, -0.0340071, 0.949621]], [[-0.646991, -0.720485, 0.249607], [-0.170029, -0.182788, -0.968338], [0.743298, -0.668947, -0.00424122]], [[-0.646991, -0.720485, 0.249607], [-0.752951, 0.655328, -0.0600887], [-0.120281, -0.226818, -0.966481]], [[-0.646991, -0.720485, 0.249607], [-0.476515, 0.637609, 0.6053], [-0.595261, 0.272683, -0.755849]]], "btipPosition": [15.7478, 169.105, 61.256], "carpPosition": [-21.9846, 136.94, 81.3381], "dipPosition": [26.493, 174.028, 47.6119], "direction": [-0.120281, 0.226818, 0.966481], "extended": false, "handId": 82, "id": 823, "length": 62.2468, "mcpPosition": [-2.37348, 139.081, 21.5619], "pipPosition": [29.7122, 167.957, 21.745], "stabilizedTipPosition": [18.1595, 164.578, 60.637], "timeVisible": 6.47206, "tipPosition": [20.0597, 171.449, 58.0206], "tipVelocity": [11.7338, 643.069, -261.903], "tool": false, "touchDistance": 0.333333, "touchZone": "none", "type": 3, "width": 19.6866}, {"bases": [[[-0.728951, -0.594308, 0.339748], [0.589802, -0.797176, -0.129013], [0.347513, 0.10634, 0.931626]], [[-0.769912, -0.603295, 0.208015], [-0.106701, -0.199677, -0.974035], [0.629166, -0.772117, 0.0893618]], [[-0.769912, -0.603295, 0.208015], [-0.636995, 0.746142, -0.193674], [-0.0383663, -0.281617, -0.95876]], [[-0.769912, -0.603295, 0.208015], [-0.451061, 0.745056, 0.491361], [-0.451419, 0.284477, -0.845751]]], "btipPosition": [23.9004, 151.507, 59.7734], "carpPosition": [-9.60006, 130.742, 84.9101], "dipPosition": [31.4179, 156.245, 45.689], "direction": [-0.0383663, 0.281617, 0.95876], "extended": false, "handId": 82, "id": 824, "length": 48.8004, "mcpPosition": [10.6494, 124.546, 30.6245], "pipPosition": [32.1429, 150.923, 27.5718], "stabilizedTipPosition": [25.7686, 145.378, 60.1333], "timeVisible": 6.47206, "tipPosition": [23.6299, 155.77, 56.5429], "tipVelocity": [34.8299, 656.105, -288.435], "tool": false, "touchDistance": 0.333333, "touchZone": "none", "type": 4, "width": 17.4872}], "r": [[0.508865, -0.176434, 0.842572], [-0.349658, 0.852033, 0.389589], [-0.786636, -0.49286, 0.371878]], "s": 1.58844, "t": [9.62842, -62.0652, -28.8443], "timestamp": 629721151004}, {"currentFrameRate": 55.3111, "devices": [], "gestures": [], "hands": [{"armBasis": [[-0.650191, -0.711288, -0.267059], [0.63393, -0.314133, -0.70672], [0.41879, -0.6288, 0.655153]], "armWidth": 67.758, "confidence": 1, "direction": [0.0817325, 0.150991, -0.98515], "elbow": [-135.127, -27.874, 284.304], "grabAngle": 2.73808, "grabStrength": 0, "id": 82, "palmNormal": [0.851004, 0.50392, 0.147838], "palmPosition": [-11.5761, 168.615, 35.4969], "palmVelocity": [-18.0577, 708.247, -280.615], "palmWidth": 91.4365, "pinchDistance": 57.3542, "pinchStrength": 0.504437, "r": [[0.502981, -0.197558, 0.841416], [-0.358316, 0.83826, 0.411011], [-0.786523, -0.508224, 0.350841]], "s": 1.59156, "sphereCenter": [37.4944, 176.295, 22.4514], "sphereRadius": 52.1698, "stabilizedPalmPosition": [-11.5073, 166.198, 36.4617], "t": [-9.80405, -51.3901, -32.9782], "timeVisible": 6.48948, "type": "left", "wrist": [-21.4988, 142.735, 106.545]}], "id": 29583, "interactionBox": {"center": [0, 200, 0], "size": [235.247, 235.247, 147.751]}, "pointables": [{"bases": [[[0.536465, -0.763475, -0.359597], [0.829973, 0.400151, 0.388619], [-0.152808, -0.506936, 0.848331]], [[0.557228, -0.626424, -0.545059], [0.81896, 0.522997, 0.236176], [0.137118, -0.577985, 0.804445]], [[0.557228, -0.626424, -0.545059], [0.720938, 0.690673, -0.0567403], [0.412001, -0.361336, 0.836476]], [[0.557228, -0.626424, -0.545059], [0.489951, 0.778008, -0.393257], [0.670406, -0.0479184, 0.740446]]], "btipPosition": [13.9701, 223.012, 10.4892], "carpPosition": [-21.6385, 181.033, 95.1389], "dipPosition": [-1.18852, 221.929, 27.2315], "direction": [0.412001, 0.361336, -0.836476], "extended": false, "handId": 82, "id": 820, "length": 50.3516, "mcpPosition": [-21.6385, 181.033, 95.1389], "pipPosition": [-14.7603, 210.026, 54.7859], "stabilizedTipPosition": [10.7962, 220.515, 14.4311], "timeVisible": 6.48948, "tipPosition": [15.2014, 220.077, 15.477], "tipVelocity": [-133.801, 944.786, -15.4491], "tool": false, "touchDistance": -0.334209, "touchZone": "touching", "type": 0, "width": 22.053}, {"b