{"frames": 37, "data": [{"currentFrameRate": 53.2946, "devices": [], "gestures": [], "hands": [{"armBasis": [[-0.946227, -0.315068, -0.0733936], [0.305568, -0.795973, -0.522546], [0.106218, -0.516874, 0.849446]], "armWidth": 55.4852, "confidence": 1, "direction": [-0.0583033, -0.220284, -0.973692], "elbow": [-32.0075, -15.4416, 299.774], "grabAngle": 0.755946, "grabStrength": 0, "id": 86, "palmNormal": [0.371573, 0.900484, -0.225971], "palmPosition": [-13.5911, 107.624, 28.0344], "palmVelocity": [-19.0158, 69.2726, -5.73186], "palmWidth": 81.2159, "pinchDistance": 52.1752, "pinchStrength": 0.00654052, "r": [[0.99207, -0.0894467, -0.0883023], [0.0172963, 0.793009, -0.608964], [0.124494, 0.602607, 0.788267]], "s": 0.693536, "sphereCenter": [42.373, 176.635, -0.0372561], "sphereRadius": 90.9581, "stabilizedPalmPosition": [-12.981, 107.268, 29.3336], "t": [-29.1703, -57.881, 13.5347], "timeVisible": 10.9003, "type": "left", "wrist": [-6.40929, 109.123, 95.06]}], "id": 30936, "interactionBox": {"center": [0, 200, 0], "size": [235.247, 235.247, 147.751]}, "pointables": [{"bases": [[[-0.0291281, -0.999289, 0.0239262], [0.889118, -0.0149643, 0.457434], [-0.456751, 0.0345974, 0.888922]], [[0.11975, -0.957041, -0.264068], [0.958995, 0.0426838, 0.280192], [-0.256884, -0.286793, 0.922909]], [[0.11975, -0.957041, -0.264068], [0.983803, 0.150126, -0.0979512], [0.133387, -0.248061, 0.959517]], [[0.11975, -0.957041, -0.264068], [0.906457, 0.21389, -0.364124], [0.404963, -0.195762, 0.893131]]], "btipPosition": [-24.825, 155.37, -12.237], "carpPosition": [-25.7266, 131.113, 76.0856], "dipPosition": [-33.1685, 151.337, 6.16431], "direction": [0.133387, 0.248061, -0.959517], "extended": false, "handId": 86, "id": 860, "length": 45.8802, "mcpPosition": [-25.7266, 131.113, 76.0856], "pipPosition": [-37.1722, 143.891, 34.965], "stabilizedTipPosition": [-24.0871, 154.246, -6.72658], "timeVisible": 10.9003, "tipPosition": [-28.2694, 153.837, -7.31265], "tipVelocity": [-59.6654, 47.7247, -18.0629], "tool": false, "touchDistance": 0.333333, "touchZone": "hovering", "type": 0, "width": 17.4391}, {"bases": [[[-0.903628, -0.406635, -0.134551], [0.399066, -0.913395, 0.0803525], [-0.155572, 0.0189141, 0.987643]], [[-0.915405, -0.401912, -0.0223655], [0.39844, -0.896794, -0.192372], [0.0572592, -0.185009, 0.981067]], [[-0.915405, -0.401912, -0.0223655], [0.375739, -0.833219, -0.405667], [0.144407, -0.379754, 0.913747]], [[-0.915405, -0.401912, -0.0223655], [0.349934, -0.767099, -0.537686], [0.198945, -0.500027, 0.842849]]], "btipPosition": [-28.0834, 131.95, -63.1402], "carpPosition": [-26.0982, 110.594, 70.941], "dipPosition": [-31.0758, 124.429, -50.4628], "direction": [0.144407, 0.379754, -0.913747], "extended": true, "handId": 86, "id": 861, "length": 51.7707, "mcpPosition": [-36.3141, 109.352, 6.08562], "pipPosition": [-34.1485, 116.349, -31.0199], "stabilizedTipPosition": [-28.055, 131.665, -58.7071], "timeVisible": 10.9003, "tipPosition": [-31.1618, 125.481, -60.8019], "tipVelocity": [-53.5418, -4.66715, -21.7637], "tool": false, "touchDistance": 0.299677, "touchZone": "hovering", "type": 1, "width": 16.6578}, {"bases": [[[-0.971041, -0.238632, -0.0115932], [0.237039, -0.968355, 0.0781123], [-0.0298664, 0.0731022, 0.996877]], [[-0.971344, -0.23479, 0.0369457], [0.223317, -0.95477, -0.196323], [0.0813695, -0.182447, 0.979843]], [[-0.971344, -0.23479, 0.0369457], [0.196942, -0.882097, -0.427924], [0.133062, -0.408385, 0.903059]], [[-0.971344, -0.23479, 0.0369457], [0.184642, -0.8433, -0.504729], [0.149662, -0.483444, 0.862487]]], "btipPosition": [-9.56193, 126.185, -71.4511], "carpPosition": [-16.9617, 104.775, 69.0809], "dipPosition": [-12.0378, 118.187, -57.1826], "direction": [0.133062, 0.408385, -0.903059], "extended": true, "handId": 86, "id": 862, "length": 58.9886, "mcpPosition": [-18.8216, 100.222, 7.00181], "pipPosition": [-15.3689, 107.964, -34.5757], "stabilizedTipPosition": [-9.08633, 125.902, -66.2536], "timeVisible": 10.9003, "tipPosition": [-10.9954, 123.926, -67.5638], "tipVelocity": [-32.2807, 17.6674, -19.6854], "tool": false, "touchDistance": 0.234626, "touchZone": "hovering", "type": 2, "width": 16.3602}, {"bases": [[[-0.97994, -0.151591, 0.129377], [0.165984, -0.980106, 0.108823], [0.110306, 0.128114, 0.985606]], [[-0.978169, -0.149646, 0.14419], [0.129771, -0.981808, -0.138611], [0.162309, -0.116873, 0.979794]], [[-0.978169, -0.149646, 0.14419], [0.0671384, -0.884219, -0.462221], [0.196665, -0.44245, 0.874963]], [[-0.978169, -0.149646, 0.14419], [0.0453871, -0.830949, -0.554494], [0.202792, -0.535845, 0.819601]]], "btipPosition": [14.1047, 118.377, -60.1768], "carpPosition": [-6.57847, 101.339, 68.2872], "dipPosition": [10.7692, 109.563, -46.6957], "direction": [0.196665, 0.44245, -0.874963], "extended": true, "handId": 86, "id": 863, "length": 56.7191, "mcpPosition": [-0.411114, 94.1761, 13.1807], "pipPosition": [5.97304, 98.7731, -25.3578], "stabilizedTipPosition": [14.0656, 115.112, -56.1496], "timeVisible": 10.9003, "tipPosition": [10.4389, 110.966, -58.0726], "tipVelocity": [-29.622, 53.498, -12.7393], "tool": false, "touchDistance": 0.312356, "touchZone": "hovering", "type": 3, "width": 15.5677}, {"bases": [[[-0.974451, 0.0282954, 0.222809], [0.0206357, -0.976557, 0.214267], [0.223649, 0.21339, 0.951024]], [[-0.974377, 0.0283663, 0.223125], [-0.0869921, -0.962342, -0.257546], [0.207417, -0.270357, 0.940152]], [[-0.974377, 0.0283663, 0.223125], [-0.164552, -0.766194, -0.621184], [0.153337, -0.641983, 0.751229]], [[-0.974377, 0.0283663, 0.223125], [-0.185647, -0.661489, -0.726614], [0.126984, -0.749418, 0.649806]]], "btipPosition": [28.4493, 123.626, -32.1579], "carpPosition": [5.85039, 103.829, 69.1242], "dipPosition": [26.5224, 112.255, -22.2976], "direction": [0.153337, 0.641983, -0.751229], "extended": true, "handId": 86, "id": 864, "length": 44.4667, "mcpPosition": [17.4257, 92.7849, 19.9026], "pipPosition": [23.8822, 101.201, -9.3626], "stabilizedTipPosition": [28.974, 119.67, -28.6564], "timeVisible": 10.9003, "tipPosition": [27.2255, 116.81, -30.9933], "tipVelocity": [-30.9628, 99.8132, -1.74817], "tool": false, "touchDistance": 0.288823, "touchZone": "hovering", "type": 4, "width": 13.8285}], "r": [[0.99207, -0.0894467, -0.0883023], [0.0172963, 0.793009, -0.608964], [0.124494, 0.602607, 0.788267]], "s": 0.693536, "t": [29.1703, -57.881, 13.5347], "timestamp": 629747415832}, {"currentFrameRate": 53.4721, "devices": [], "gestures": [], "hands": [{"armBasis": [[-0.948863, -0.307499, -0.0714406], [0.297799, -0.79677, -0.525808], [0.104764, -0.520194, 0.847598]], "armWidth": 55.4852, "confidence": 1, "direction": [-0.0572221, -0.224962, -0.972686], "elbow": [-31.9321, -14.0112, 299.45], "grabAngle": 0.748303, "grabStrength": 0, "id": 86, "palmNormal": [0.3642, 0.902438, -0.23014], "palmPosition": [-13.8659, 109.576, 28.1802], "palmVelocity": [-15.2116, 108.047, 8.07016], "palmWidth": 81.2159, "pinchDistance": 53.0793, "pinchStrength": 0, "r": [[0.991466, -0.0966015, -0.0875373], [0.0230655, 0.790883, -0.611532], [0.128307, 0.604294, 0.786362]], "s": 0.696577, "sphereCenter": [42.0386, 178.57, -0.469624], "sphereRadius": 91.195, "stabilizedPalmPosition": [-13.0541, 107.459, 29.2383], "t": [-29.4175, -56.5362, 13.5032], "timeVisible": 10.9183, "type": "left", "wrist": [-6.68437, 111.354, 95.1813]}], "id": 30937, "interactionBox": {"center": [0, 200, 0], "size": [235.247, 235.247, 147.751]}, "pointables": [{"bases": [[[-0.0371372, -0.998911, 0.0282304], [0.888649, -0.0200901, 0.458148], [-0.457082, 0.0421013, 0.888427]], [[0.11242, -0.959012, -0.26011], [0.95742, 0.0344913, 0.286632], [-0.265912, -0.281258, 0.922055]], [[0.11242, -0.959012, -0.26011], [0.985555, 0.140984, -0.0938393], [0.126664, -0.245803, 0.961008]], [[0.11242, -0.959012, -0.26011], [0.911082, 0.203963, -0.35823], [0.3966, -0.196709, 0.896668]]], "btipPosition": [-26.03, 157.138, -12.264], "carpPosition": [-26.1553, 133.175, 76.1382], "dipPosition": [-34.2012, 153.085, 6.2102], "direction": [0.126664, 0.245803, -0.961008], "extended": false, "handId": 86, "id": 860, "length": 45.8802, "mcpPosition": [-26.1553, 133.175, 76.1382], "pipPosition": [-38.0031, 145.707, 35.0556], "stabilizedTipPosition": [-24.7582, 154.59, -6.95277], "timeVisible": 10.9183, "tipPosition": [-28.9049, 155.539, -7.3771], "tipVelocity": [-64.5018, 97.5803, -0.566506], "tool": false, "touchDistance": 0.333333, "touchZone": "hovering", "type": 0, "width": 17.4391}, {"bases": [[[-0.906757, -0.399976, -0.133454], [0.39169, -0.9162, 0.0845994], [-0.156109, 0.0244384, 0.987438]], [[-0.918753, -0.39443, -0.0178465], [0.391536, -0.904321, -0.170008], [0.0509174, -0.163183, 0.985281]], [[-0.918753, -0.39443, -0.0178465], [0.370516, -0.84567, -0.384135], [0.136422, -0.359537, 0.923105]], [[-0.918753, -0.39443, -0.0178465], [0.346092, -0.782758, -0.517214], [0.190035, -0.481368, 0.85567]]], "btipPosition": [-28.9305, 132.089, -63.5363], "carpPosition": [-26.3663, 112.632, 71.0827], "dipPosition": [-31.7888, 124.849, -50.666], "direction": [0.136422, 0.359537, -0.923105], "extended": true, "handId": 86, "id": 861, "length": 51.7707, "mcpPosition": [-36.6174, 111.027, 6.24088], "pipPosition": [-34.6916, 117.199, -31.024], "stabilizedTipPosition": [-28.1785, 131.565, -58.8577], "timeVisible": 10.9183, "tipPosition": [-31.4693, 127.201, -60.7076], "tipVelocity": [-45.1801, 11.2586, -19.4676], "tool": false, "touchDistance": 0.293815, "touchZone": "hovering", "type": 1, "width": 16.6578}, {"bases": [[[-0.97291, -0.230908, -0.0112746], [0.229231, -0.969871, 0.0824779], [-0.0299797, 0.0776591, 0.996529]], [[-0.97311, -0.226377, 0.0425564], [0.214775, -0.958489, -0.187537], [0.0832439, -0.173354, 0.981335]], [[-0.97311, -0.226377, 0.0425564], [0.189023, -0.890384, -0.414109], [0.131636, -0.394929, 0.909232]], [[-0.97311, -0.226377, 0.0425564], [0.179408, -0.860757, -0.476351], [0.144466, -0.455907, 0.878225]]], "btipPosition": [-9.83425, 126.826, -71.7474], "carpPosition": [-17.1849, 106.878, 69.2411], "dipPosition": [-12.2242, 119.284, -57.2186], "direction": [0.131636, 0.394929, -0.909232], "extended": true, "handId": 86, "id": 862, "length": 58.9886, "mcpPosition": [-19.0518, 102.042, 7.1837], "pipPosition": [-15.5195, 109.398, -34.4571], "stabilizedTipPosition": [-9.20405, 125.829, -66.4489], "timeVisible": 10.9183, "tipPosition": [-11.4056, 125.461, -67.5421], "tipVelocity": [-13.9783, 41.288, -13.086], "tool": false, "touchDistance": 0.230685, "touchZone": "hovering", "type": 2, "width": 16.3602}, {"bases": [[[-0.981211, -0.143188, 0.129311], [0.158062, -0.98092, 0.113187], [0.110636, 0.131499, 0.985123]], [[-0.979153, -0.140895, 0.146312], [0.122261, -0.984027, -0.129397], [0.162206, -0.108811, 0.980739]], [[-0.979153, -0.140895, 0.146312], [0.0591372, -0.88685, -0.458257], [0.194323, -0.440052, 0.876694]], [[-0.979153, -0.140895, 0.146312], [0.0375151, -0.833363, -0.551451], [0.199628, -0.534466, 0.821276]]], "btipPosition": [13.8134, 119.972, -60.0893], "carpPosition": [-6.77503, 103.522, 68.4547], "dipPosition": [10.5299, 111.181, -46.5807], "direction": [0.194323, 0.440052, -0.876694], "extended": true, "handId": 86, "id": 863, "length": 56.7191, "mcpPosition": [-0.589212, 96.1697, 13.3752], "pipPosition": [5.79089, 100.45, -25.2005], "stabilizedTipPosition": [13.9391, 115.469, -56.2541], "timeVisible": 10.9183, "tipPosition": [10.1222, 112.817, -57.9431], "tipVelocity": [-15.4621, 88.5908, 5.19466], "tool": false, "touchDistance": 0.31392, "touchZone": "hovering", "type": 3, "width": 15.5677}, {"bases": [[[-0.97435, 0.0370515, 0.221968], [0.0126734, -0.975753, 0.218507], [0.224682, 0.215715, 0.950255]], [[-0.973543, 0.03782, 0.225352], [-0.0963689, -0.962168, -0.254846], [0.207188, -0.26982, 0.940356]], [[-0.973543, 0.03782, 0.225352], [-0.17445, -0.759982, -0.626095], [0.147585, -0.648843, 0.746473]], [[-0.973543, 0.03782, 0.225352], [-0.195151, -0.650648, -0.733875], [0.11887, -0.758437, 0.640815]]], "btipPosition": [28.0572, 126.03, -31.7586], "carpPosition": [5.6341, 106.115, 69.2718], "dipPosition": [26.2534, 114.521, -22.0347], "direction": [0.147585, 0.648843, -0.746473], "extended": true, "handId": 86, "id": 864, "length": 44.4667, "mcpPosition": [17.2628, 94.9503, 20.0899], "pipPosition": [23.7122, 103.349, -9.18167], "stabilizedTipPosition": [28.764, 120.256, -28.7929], "timeVisible": 10.9183, "tipPosition": [26.8588, 118.969, -30.8746], "tipVelocity": [-20.1356, 131.302, 20.3621], "tool": false, "touchDistance": 0.296154, "touchZone": "hovering", "type": 4, "width": 13.8285}], "r": [[0.991466, -0.0966015, -0.0875373], [0.0230655, 0.790883, -0.611532], [0.128307, 0.604294, 0.786362]], "s": 0.696577, "t": [29.4175, -56.5362, 13.5032], "timestamp": 629747433899}, {"currentFrameRate": 53.6195, "devices": [], "gestures": [], "hands": [{"armBasis": [[-0.947309, -0.311567, -0.0743731], [0.302588, -0.794232, -0.526912], [0.105099, -0.521653, 0.84666]], "armWidth": 55.4852, "confidence": 1, "direction": [-0.0593218, -0.228472, -0.971741], "elbow": [-32.1648, -11.4169, 298.563], "grabAngle": 0.749212, "grabStrength": 0, "id": 86, "palmNormal": [0.37052, 0.898876, -0.233959], "palmPosition": [-14.0945, 112.366, 27.5399], "palmVelocity": [-12.6148, 153.904, -35.3269], "palmWidth": 81.2159, "pinchDistance": 54.012, "pinchStrength": 0, "r": [[0.991101, -0.100974, -0.0867336], [0.0266012, 0.78869, -0.614215], [0.130426, 0.606442, 0.784358]], "s": 0.700701, "sphereCenter": [41.7779, 179.578, -1.58252], "sphereRadius": 90.0913, "stabilizedPalmPosition": [-13.1871, 108.086, 29.0212], "t": [-29.6554, -54.4691, 13.1673], "timeVisible": 10.9365, "type": "left", "wrist": [-6.83624, 114.3, 94.5206]}], "id": 30938, "interactionBox": {"center": [0, 200, 0], "size": [235.247, 235.247, 147.751]}, "pointables": [{"bases": [[[-0.0300146, -0.999029, 0.0322486], [0.888537, -0.0118897, 0.458651], [-0.457823, 0.0424203, 0.888031]], [[0.118997, -0.959484, -0.255404], [0.955814, 0.0410571, 0.29109], [-0.26881, -0.278757, 0.921974]], [[0.118997, -0.959484, -0.255404], [0.984621, 0.147172, -0.0941344], [0.127909, -0.240274, 0.962241]], [[0.118997, -0.959484, -0.255404], [0.910256, 0.208164, -0.357912], [0.396577, -0.189892, 0.898147]]], "btipPosition": [-26.1576, 159.79, -13.058], "carpPosition": [-26.1906, 136.246, 75.408], "dipPosition": [-34.3283, 155.878, 5.44665], "direction": [0.127909, 0.240274, -0.962241], "extended": false, "handId": 86, "id": 860, "length": 45.8802, "mcpPosition": [-26.1906, 136.246, 75.408], "pipPosition": [-38.1676, 148.666, 34.3291], "stabilizedTipPosition": [-25.4576, 155.507, -7.34725], "timeVisible": 10.9365, "tipPosition": [-28.8113, 158.3, -8.20458], "tipVelocity": [-7.03469, 148.118, -43.4212], "tool": false, "touchDistance": 0.320765, "touchZone": "hovering", "type": 0, "width": 17.4391}, {"bases": [[[-0.903809, -0.406981, -0.132271], [0.398182, -0.913028, 0.0884884], [-0.156781, 0.0273084, 0.987256]], [[-0.915975, -0.400945, -0.015242], [0.398736, -0.905383, -0.145912], [0.0447029, -0.13973, 0.98918]], [[-0.915975, -0.400945, -0.015242], [0.379195, -0.85262, -0.359515], [0.13115, -0.335087, 0.933015]], [[-0.915975, -0.400945, -0.015242], [0.355284, -0.792839, -0.495157], [0.186446, -0.458966, 0.86867]]], "btipPosition": [-29.5605, 133.208, -64.7253], "carpPosition": [-26.551, 115.683, 70.4357], "dipPosition": [-32.3649, 126.305, -51.6594], "direction": [0.13115, 0.335087, -0.933015], "extended": true, "handId": 86, "id": 861, "length": 51.7707, "mcpPosition": [-36.8463, 113.89, 5.6058], "pipPosition": [-35.1555, 119.175, -31.8066], "stabilizedTipPosition": [-28.3246, 131.569, -59.064], "timeVisible": 10.9365, "tipPosition": [-31.4862, 129.929, -61.4387], "tipVelocity": [-34.0757, 66.0248, -63.1161], "tool": false, "touchDistance": 0.274749, "touchZone": "hovering", "type": 1, "width": 16.6578}, {"bases": [[[-0.97123, -0.237898, -0.0108076], [0.236112, -0.967868, 0.0865059], [-0.0310399, 0.0814654, 0.996193]], [[-0.971287, -0.232392, 0.0509521], [0.220148, -0.959112, -0.177872], [0.0902047, -0.161547, 0.982734]], [[-0.971287, -0.232392, 0.0509521], [0.192424, -0.893298, -0.406191], [0.139911, -0.384723, 0.912367]], [[-0.971287, -0.232392, 0.0509521], [0.183328, -0.867578, -0.462275], [0.151634, -0.439661, 0.885271]]], "btipPosition": [-9.50616, 128.543, -72.609], "carpPosition": [-17.4119, 109.857, 68.613], "dipPosition": [-12.0147, 121.27, -57.9636], "direction": [0.139911, 0.384723, -0.912367], "extended": true, "handId": 86, "id": 862, "length": 58.9886, "mcpPosition": [-19.3448, 104.784, 6.57651], "pipPosition": [-15.5172, 111.639, -35.1237], "stabilizedTipPosition": [-9.29668, 125.938, -66.743], "timeVisible": 10.9365, "tipPosition": [-11.4962, 127.798, -68.2959], "tipVelocity": [16.5968, 98.1306, -46.0566], "tool": false, "touchDistance": 0.216772, "touchZone": "hovering", "type": 2, "width": 16.3602}, {"bases": [[[-0.980229, -0.149673, 0.129418], [0.165008, -0.979301, 0.117225], [0.109194, 0.136262, 0.984637]], [[-0.977319, -0.146352, 0.153065], [0.126691, -0.983229, -0.131189], [0.169698, -0.108822, 0.979469]], [[-0.977319, -0.146352, 0.153065], [0.0598778, -0.884253, -0.463153], [0.203132, -0.443483, 0.872961]], [[-0.977319, -0.146352, 0.153065], [0.0369933, -0.829648, -0.55706], [0.208517, -0.538762, 0.816245]]], "btipPosition": [14.1369, 122.762, -60.4579], "carpPosition": [-7.02664, 106.424, 67.8351], "dipPosition": [10.7071, 113.901, -47.032], "direction": [0.203132, 0.443483, -0.872961], "extended": true, "handId": 86, "id": 863, "length": 56.7191, "mcpPosition": [-0.921489, 98.805, 12.7828], "pipPosition": [5.7533, 103.085, -25.7429], "stabilizedTipPosition": [13.8353, 116.392, -56.4501], "timeVisible": 10.9365, "tipPosition": [10.0467, 115.37, -58.5452], "tipVelocity": [15.9904, 153.038, -21.3875], "tool": false, "touchDistance": 0.308815, "touchZone": "hovering", "type": 3, "width": 15.5677}, {"bases": [[[-0.974702, 0.0309839, 0.221349], [0.0195327, -0.974747, 0.222454], [0.222652, 0.22115, 0.949483]], [[-0.972332, 0.0332837, 0.231218], [-0.0957381, -0.959631, -0.264465], [0.213082, -0.279284, 0.936267]], [[-0.972332, 0.0332837, 0.231218], [-0.177508, -0.748711, -0.638689], [0.151858, -0.662061, 0.733904]], [[-0.972332, 0.0332837, 0.231218], [-0.199141, -0.635528, -0.745953], [0.122118, -0.77136, 0.624573]]], "btipPosition": [28.0254, 129.283, -31.7645], "carpPosition": [5.4011, 108.931, 68.6358], "dipPosition": [26.1724, 117.578, -22.2871], "direction": [0.151858, 0.662061, -0.733904], "extended": true, "handId": 86, "id": 864, "length": 44.4667, "mcpPosition": [16.9248, 97.4852, 19.4939], "pipPosition": [23.5576, 106.179, -9.65043], "stabilizedTipPosition": [28.5, 121.692, -28.9724], "timeVisible": 10.9365, "tipPosition": [26.7342, 121.619, -31.4273], "tipVelocity": [-2.37555, 176.997, -3.45247], "tool": false, "touchDistance": 0.298053, "touchZone": "hovering", "type": 4, "width": 13.8285}], "r": [[0.991101, -0.100974, -0.0867336], [0.0266012, 0.78869, -0.614215], [0.130426, 0.606442, 0.784358]], "s": 0.700701, "t": [29.6554, -54.4691, 13.1673], "timestamp": 629747452024}, {"currentFrameRate": 53.7473, "devices": [], "gestures": [], "hands": [{"armBasis": [[-0.948056, -0.309282, -0.0743994], [0.30078, -0.79543, -0.52614], [0.103546, -0.521188, 0.847137]], "armWidth": 55.4852, "confidence": 1, "direction": [-0.0552672, -0.216192, -0.974785], "elbow": [-32.2975, -7.96063, 298.352], "grabAngle": 0.750187, "grabStrength": 0, "id": 86, "palmNormal": [0.36763, 0.903288, -0.221178], "palmPosition": [-14.4021, 116.41, 27.1481], "palmVelocity": [-16.9438, 222.825, -21.5867], "palmWidth": 81.2159, "pinchDistance": 50.5882, "pinchStrength": 0, "r": [[0.990656, -0.105041, -0.0869873], [0.029659, 0.788478, -0.614347], [0.133119, 0.606027, 0.784226]], "s": 0.706444, "sphereCenter": [40.7766, 183.35, -1.33806], "sphereRadius": 89.4834, "stabilizedPalmPosition": [-13.464, 109.983, 28.5943], "t": [-29.9281, -51.4132, 12.8034], "timeVisible": 10.9546, "type": "left", "wrist": [-7.34323, 117.644, 94.1947]}], "id": 30939, "interactionBox": {"center": [0, 200, 0], "size": [235.247, 235.247, 147.751]}, "pointables": [{"bases": [[[-0.0339544, -0.999233, 0.0195088], [0.889954, -0.021347, 0.455551], [-0.454785, 0.0328299, 0.889996]], [[0.113437, -0.957147, -0.26646], [0.955465, 0.0315553, 0.293412], [-0.27243, -0.287877, 0.918101]], [[0.113437, -0.957147, -0.26646], [0.984711, 0.143994, -0.0980282], [0.132196, -0.251266, 0.958848]], [[0.113437, -0.957147, -0.26646], [0.907707, 0.208888, -0.363915], [0.40398, -0.200586, 0.892505]]], "btipPosition": [-26.5958, 164.125, -12.7962], "carpPosition": [-26.7488, 139.624, 75.2792], "dipPosition": [-34.9191, 159.992, 5.59225], "direction": [0.132196, 0.251266, -0.958848], "extended": false, "handId": 86, "id": 860, "length": 45.8802, "mcpPosition": [-26.7488, 139.624, 75.2792], "pipPosition": [-38.8871, 152.45, 34.3728], "stabilizedTipPosition": [-26.4799, 158.075, -7.75568], "timeVisible": 10.9546, "tipPosition": [-29.1803, 162.747, -8.05825], "tipVelocity": [-26.0769, 236.029, 12.9531], "tool": false, "touchDistance": 0.325869, "touchZone": "hovering", "type": 0, "width": 17.4391}, {"bases": [[[-0.90587, -0.401622, -0.134532], [0.394766, -0.915679, 0.0754476], [-0.153489, 0.0152372, 0.988033]], [[-0.917632, -0.397047, -0.0174576], [0.395762, -0.908877, -0.131591], [0.0363808, -0.127661, 0.99115]], [[-0.917632, -0.397047, -0.0174576], [0.378888, -0.860715, -0.340019], [0.119978, -0.318627, 0.940256]], [[-0.917632, -0.397047, -0.0174576], [0.356756, -0.803565, -0.476454], [0.175146, -0.443437, 0.879026]]], "btipPosition": [-30.5258, 136.403, -65.5544], "carpPosition": [-27.0099, 119.126, 70.042], "dipPosition": [-33.1602, 129.734, -52.3328], "direction": [0.119978, 0.318627, -0.940256], "extended": true, "handId": 86, "id": 861, "length": 51.7707, "mcpPosition": [-37.089, 118.125, 5.16106], "pipPosition": [-35.7131, 122.954, -32.3258], "stabilizedTipPosition": [-28.6842, 131.992, -59.506], "timeVisible": 10.9546, "tipPosition": [-31.5208, 135.024, -61.7642], "tipVelocity": [-51.0244, 178.985, -43.7053], "tool": false, "touchDistance": 0.267337, "touchZone": "hovering", "type": 1, "width": 16.6578}, {"bases": [[[-0.972215, -0.233846, -0.0106855], [0.232469, -0.969838, 0.073291], [-0.027502, 0.0687705, 0.997253]], [[-0.971831, -0.22862, 0.0572532], [0.215804, -0.960858, -0.173723], [0.0947288, -0.156474, 0.983129]], [[-0.971831, -0.22862, 0.0572532], [0.186456, -0.894405, -0.406539], [0.14415, -0.384411, 0.911838]], [[-0.971831, -0.22862, 0.0572532], [0.173399, -0.858121, -0.483282], [0.159618, -0.45974, 0.873591]]], "btipPosition": [-9.28525, 132.946, -72.9239], "carpPosition": [-17.8415, 113.36, 68.1745], "dipPosition": [-11.9259, 125.34, -58.4717], "direction": [0.14415, 0.384411, -0.911838], "extended": true, "handId": 86, "id": 862, "length": 58.9886, "mcpPosition": [-19.5541, 109.078, 6.07194], "pipPosition": [-15.5345, 115.717, -35.645], "stabilizedTipPosition": [-9.41865, 127.015, -67.3278], "timeVisible": 10.9546, "tipPosition": [-11.4498, 132.962, -68.5456], "tipVelocity": [10.4968, 238.359, -19.7953], "tool": false, "touchDistance": 0.227667, "touchZone": "hovering", "type": 2, "width": 16.3602}, {"bases": [[[-0.980405, -0.147397, 0.130691], [0.16142, -0.981381, 0.104093], [0.112914, 0.123149, 0.985943]], [[-0.976816, -0.143852, 0.158549], [0.121334, -0.982171, -0.143591], [0.176378, -0.121024, 0.976854]], [[-0.976816, -0.143852, 0.158549], [0.0523996, -0.878728, -0.474439], [0.20757, -0.455131, 0.865893]], [[-0.976816, -0.143852, 0.158549], [0.0288179, -0.822213, -0.56845], [0.212133, -0.550701, 0.807296]]], "btipPosition": [14.362, 128.011, -60.5571], "carpPosition": [-7.43998, 109.979, 67.3865], "dipPosition": [10.8728, 118.953, -47.2784], "direction": [0.20757, 0.455131, -0.865893], "extended": true, "handId": 86, "id": 863, "length": 56.7191, "mcpPosition": [-1.1268, 103.093, 12.2612], "pipPosition": [5.81072, 107.854, -26.1617], "stabilizedTipPosition": [13.7412, 119.645, -56.8093], "timeVisible": 10.9546, "tipPosition": [10.0712, 120.718, -58.7871], "tipVelocity": [11.6495, 286.681, -7.33154], "tool": false, "touchDistance": 0.311592, "touchZone": "hovering", "type": 3, "width": 15.5677}, {"bases": [[[-0.973851, 0.0320393, 0.224917], [0.016303, -0.977598, 0.209847], [0.226602, 0.208027, 0.951513]], [[-0.970546, 0.0349805, 0.238362], [-0.102613, -0.955191, -0.277635], [0.21797, -0.293916, 0.930646]], [[-0.970546, 0.0349805, 0.238362], [-0.187702, -0.730026, -0.657137], [0.151024, -0.682523, 0.71509]], [[-0.970546, 0.0349805, 0.238362], [-0.210503, -0.604328, -0.768425], [0.117169, -0.795968, 0.593891]]], "btipPosition": [27.8663, 134.738, -31.2809], "carpPosition": [4.97487, 112.526, 68.26], "dipPosition": [26.0884, 122.66, -22.269], "direction": [0.151024, 0.682523, -0.71509], "extended": true, "handId": 86, "id": 864, "length": 44.4667, "mcpPosition": [16.703, 101.759, 19.0131], "pipPosition": [23.488, 110.908, -9.95627], "stabilizedTipPosition": [28.0736, 125.891, -29.0688], "timeVisible": 10.9546, "tipPosition": [26.6134, 126.799, -31.4679], "tipVelocity": [-7.8153, 295.792, 20.7482], "tool": false, "touchDistance": 0.30999, "touchZone": "hovering", "type": 4, "width": 13.8285}], "r": [[0.990656, -0.105041, -0.0869873], [0.029659, 0.788478, -0.614347], [0.133119, 0.606027, 0.784226]], "s": 0.706444, "t": [29.9281, -51.4132, 12.8034], "timestamp": 629747470175}, {"currentFrameRate": 53.9122, "devices": [], "gestures": [], "hands": [{"armBasis": [[-0.946409, -0.313521, -0.0775527], [0.305453, -0.790883, -0.530286], [0.10492, -0.525556, 0.844264]], "armWidth": 55.4852, "confidence": 1, "direction": [-0.0549197, -0.215603, -0.974935], "elbow": [-32.9951, -4.1204, 296.631], "grabAngle": 0.748992, "grabStrength": 0, "id": 86, "palmNormal": [0.375782, 0.900158, -0.220235], "palmPosition": [-14.6797, 121.428, 26.1119], "palmVelocity": [-15.4533, 279.323, -57.6819], "palmWidth": 81.2159, "pinchDistance": 48.1866, "pinchStrength": 0, "r": [[0.990432, -0.106608, -0.0876357], [0.0304908, 0.788369, -0.614446], [0.134594, 0.605895, 0.784076]], "s": 0.713811, "sphereCenter": [40.4185, 186.731, -2.75853], "sphereRadius": 88.6367, "stabilizedPalmPosition": [-13.9128, 114.209, 27.6778], "t": [-30.2033, -47.3764, 12.1034], "timeVisible": 10.9726, "type": "left", "wrist": [-7.7096, 122.537, 93.1662]}], "id": 30940, "interactionBox": {"center": [0, 200, 0], "size": [235.247, 235.247, 147.751]}, "pointables": [{"bases": [[[-0.0254234, -0.999488, 0.0194514], [0.89112, -0.0138401, 0.453557], [-0.453055, 0.0288645, 0.891015]], [[0.120322, -0.956548, -0.26559], [0.953432, 0.0368131, 0.299354], [-0.276569, -0.289241, 0.916433]], [[0.120322, -0.956548, -0.26559], [0.98321, 0.151795, -0.101276], [0.13719, -0.248945, 0.958752]], [[0.120322, -0.956548, -0.26559], [0.902836, 0.216685, -0.371396], [0.412808, -0.195097, 0.889678]]], "btipPosition": [-26.6362, 169.119, -13.7216], "carpPosition": [-26.9365, 144.74, 74.2184], "dipPosition": [-35.1413, 165.1, 4.6086], "direction": [0.137191, 0.248945, -0.958752], "extended": false, "handId": 86, "id": 860, "length": 45.8802, "mcpPosition": [-26.9365, 144.74, 74.2184], "pipPosition": [-39.2592, 157.627, 33.3863], "stabilizedTipPosition": [-27.4855, 162.892, -8.5887], "timeVisible": 10.9726, "tipPosition": [-28.9765, 167.899, -9.12955], "tipVelocity": [-4.57344, 279.464, -52.2602], "tool": false, "touchDistance": 0.314257, "touchZone": "hovering", "type": 0, "width": 17.4391}, {"bases": [[[-0.902726, -0.409286, -0.132559], [0.402696, -0.912302, 0.0744423], [-0.151402, 0.0138201, 0.988376]], [[-0.914258, -0.404833, -0.0156016], [0.404196, -0.908848, -0.10306], [0.0275427, -0.10053, 0.994553]], [[-0.914258, -0.404833, -0.0156016], [0.38947, -0.867654, -0.309013], [0.111562, -0.288594, 0.95093]], [[-0.914258, -0.404833, -0.0156016], [0.368129, -0.814057, -0.449213], [0.169155, -0.41644, 0.893289]]], "btipPosition": [-31.3422, 139.545, -67.2113], "carpPosition": [-27.3599, 124.246, 68.9779], "dipPosition": [-33.8865, 133.281, -53.7752], "direction": [0.111562, 0.288594, -0.95093], "extended": true, "handId": 86, "id": 861, "length": 51.7707, "mcpPosition": [-37.302, 123.338, 4.0744], "pipPosition": [-36.2603, 127.141, -33.5412], "stabilizedTipPosition": [-29.2322, 133.025, -60.2857], "timeVisible": 10.9726, "tipPosition": [-31.5044, 139.923, -63.0043], "tipVelocity": [-44.2936, 180.083, -89.4921], "tool": false, "touchDistance": 0.246336, "touchZone": "hovering", "type": 1, "width": 16.6578}, {"bases": [[[-0.970215, -0.242093, -0.00854205], [0.24086, -0.967838, 0.0726415], [-0.0258533, 0.0684204, 0.997322]], [[-0.969474, -0.236376, 0.0651688], [0.224381, -0.962431, -0.152908], [0.0988643, -0.133618, 0.986089]], [[-0.969474, -0.236376, 0.0651688], [0.193099, -0.899825, -0.391187], [0.151108, -0.366662, 0.918001]], [[-0.969474, -0.236376, 0.0651688], [0.175787, -0.855334, -0.487343], [0.170937, -0.46101, 0.870776]]], "btipPosition": [-9.04085, 136.617, -74.2058], "carpPosition": [-18.2366, 118.403, 67.1301], "dipPosition": [-11.8687, 128.99, -59.8003], "direction": [0.151108, 0.366662, -0.918001], "extended": true, "handId": 86, "id": 862, "length": 58.9886, "mcpPosition": [-19.8466, 114.142, 5.02329], "pipPosition": [-15.6515, 119.812, -36.8193], "stabilizedTipPosition": [-9.49095, 129.096, -68.2733], "timeVisible": 10.9726, "tipPosition": [-11.2307, 137.703, -69.6843], "tipVelocity": [11.2077, 204.084, -71.9597], "tool": false, "touchDistance": 0.217738, "touchZone": "hovering", "type": 2, "width": 16.3602}, {"bases": [[[-0.978823, -0.155733, 0.132864], [0.169981, -0.979986, 0.103601], [0.11407, 0.123991, 0.985705]], [[-0.974671, -0.151685, 0.164343], [0.128747, -0.98142, -0.142264], [0.182869, -0.117501, 0.97609]], [[-0.974671, -0.151685, 0.164343], [0.0567482, -0.87853, -0.474305], [0.216325, -0.452965, 0.864885]], [[-0.974671, -0.151685, 0.164343], [0.0314291, -0.820448, -0.570857], [0.221425, -0.551232, 0.804434]]], "btipPosition": [14.6258, 132.736, -61.4636], "carpPosition": [-7.86252, 114.933, 66.3649], "dipPosition": [10.9837, 123.669, -48.2321], "direction": [0.216325, 0.452965, -0.864885], "extended": true, "handId": 86, "id": 863, "length": 56.7191, "mcpPosition": [-1.4847, 108.001, 11.2529], "pipPosition": [5.70814, 112.622, -27.1399], "stabilizedTipPosition": [13.7627, 124.681, -57.5466], "timeVisible": 10.9726, "tipPosition": [10.0841, 125.623, -59.7454], "tipVelocity": [12.7264, 262.888, -51.0673], "tool": false, "touchDistance": 0.30216, "touchZone": "hovering", "type": 3, "width": 15.5677}, {"bases": [[[-0.973582, 0.0237417, 0.227099], [0.0250742, -0.977449, 0.20968], [0.226955, 0.209835, 0.951031]], [[-0.969901, 0.0270314, 0.241994], [-0.0964567, -0.955172, -0.279899], [0.22358, -0.294816, 0.929029]], [[-0.969901, 0.0270314, 0.241994], [-0.186235, -0.722602, -0.665705], [0.15687, -0.690736, 0.705886]], [[-0.969901, 0.0270314, 0.241994], [-0.210835, -0.590426, -0.779067], [0.12182, -0.806639, 0.578354]]], "btipPosition": [27.8272, 139.825, -31.8048], "carpPosition": [4.57153, 117.374, 67.2665], "dipPosition": [25.9786, 127.584, -23.0287], "direction": [0.15687, 0.690736, -0.705886], "extended": true, "handId": 86, "id": 864, "length": 44.4667, "mcpPosition": [16.3179, 106.514, 18.0445], "pipPosition": [23.2776, 115.691, -10.8745], "stabilizedTipPosition": [27.7084, 131.937, -29.459], "timeVisible": 10.9726, "tipPosition": [26.5826, 131.664, -32.3211], "tipVelocity": [-3.08348, 281.071, -32.1875], "tool": false, "touchDistance": 0.306265, "touchZone": "hovering", "type": 4, "width": 13.8285}], "r": [[0.990432, -0.106608, -0.0876357], [0.0304908, 0.788369, -0.614446], [0.134594, 0.605895, 0.784076]], "s": 0.713811, "t": [30.2033, -47.3764, 12.1034], "timestamp": 629747488139}, {"currentFrameRate": 54.0268, "devices": [], "gestures": [{"center": [-9.20623, 133.133, -69.1568], "duration": 0, "handIds": [86], "id": 33, "normal": [-0.931428, 0.125091, 0.341751], "pointableIds": [862], "progress": 0.751544, "radius": 7.48215, "state": "start", "type": "circle"}], "hands": [{"armBasis": [[-0.944588, -0.318661, -0.0787989], [0.309961, -0.786828, -0.53369], [0.108065, -0.528542, 0.842001]], "armWidth": 55.4852, "confidence": 1, "direction": [-0.0502361, -0.196537, -0.979209], "elbow": [-34.2592, 0.481801, 294.53], "grabAngle": 0.741114, "grabStrength": 0, "id": 86, "palmNormal": [0.381567, 0.902295, -0.200675], "palmPosition": [-14.8438, 127.932, 24.4793], "palmVelocity": [-9.06583, 359.242, -90.1792], "palmWidth": 81.2159, "pinchDistance": 51.7465, "pinchStrength": 0, "r": [[0.990256, -0.106512, -0.0897147], [0.0296424, 0.790674, -0.61152], [0.136069, 0.602902, 0.786126]], "s": 0.724009, "sphereCenter": [39.8161, 191.11, -3.61488], "sphereRadius": 87.0113, "stabilizedPalmPosition": [-14.4513, 122.146, 25.8277], "t": [-30.423, -42.1062, 10.9371], "timeVisible": 10.9907, "type": "left", "wrist": [-8.21589, 127.859, 91.6101]}], "id": 30941, "interactionBox": {"center": [0, 200, 0], "size": [235.247, 235.247, 147.751]}, "pointables": [{"bases": [[[-0.0203157, -0.999794, 0.000350685], [0.893842, -0.0180056, 0.448021], [-0.447923, 0.00941531, 0.894023]], [[0.123646, -0.950553, -0.284886], [0.952998, 0.033724, 0.301095], [-0.276599, -0.308724, 0.910045]], [[0.123646, -0.950553, -0.284886], [0.981207, 0.159971, -0.107899], [0.148137, -0.266191, 0.952469]], [[0.123646, -0.950553, -0.284886], [0.893861, 0.231368, -0.384033], [0.430957, -0.207164, 0.87827]]], "btipPosition": [-26.2665, 176.39, -14.278], "carpPosition": [-27.268, 150.377, 72.9537], "dipPosition": [-35.1456, 172.122, 3.81711], "direction": [0.148137, 0.266191, -0.952469], "extended": false, "handId": 86, "id": 860, "length": 45.8802, "mcpPosition": [-27.268, 150.377, 72.9537], "pipPosition": [-39.592, 164.132, 32.4062], "stabilizedTipPosition": [-28.0916, 172.108, -9.71339], "timeVisible": 10.9907, "tipPosition": [-28.6948, 175.148, -9.94558], "tipVelocity": [15.6688, 398.479, -33.7231], "tool": false, "touchDistance": 0.31278, "touchZone": "hovering", "type": 0, "width": 17.4391}, {"bases": [[[-0.901437, -0.411267, -0.135168], [0.40768, -0.911496, 0.0545219], [-0.145628, -0.0059572, 0.989322]], [[-0.912306, -0.409116, -0.0179484], [0.40894, -0.907848, -0.0926258], [0.0216003, -0.0918429, 0.995539]], [[-0.912306, -0.409116, -0.0179484], [0.395621, -0.869199, -0.29661], [0.105747, -0.277699, 0.95483]], [[-0.912306, -0.409116, -0.0179484], [0.37472, -0.816319, -0.439554], [0.165177, -0.407733, 0.898037]]], "btipPosition": [-31.7742, 145.896, -69.1259], "carpPosition": [-27.7628, 129.99, 67.3172], "dipPosition": [-34.2587, 139.764, -55.6183], "direction": [0.105747, 0.277699, -0.95483], "extended": true, "handId": 86, "id": 861, "length": 51.7707, "mcpPosition": [-37.3257, 130.381, 2.3516], "pipPosition": [-36.5088, 133.855, -35.3013], "stabilizedTipPosition": [-30.3402, 137.103, -62.3261], "timeVisible": 10.9907, "tipPosition": [-31.2189, 147.733, -64.5775], "tipVelocity": [-23.1045, 352.483, -104.843], "tool": false, "touchDistance": 0.242855, "touchZone": "hovering", "type": 1, "width": 16.6578}, {"bases": [[[-0.969028, -0.246837, -0.00756497], [0.246116, -0.967812, 0.0525924], [-0.0203032, 0.0491016, 0.998587]], [[-0.967567, -0.242142, 0.0719805], [0.231096, -0.963531, -0.134917], [0.102025, -0.113907, 0.988239]], [[-0.967567, -0.242142, 0.0719805], [0.199525, -0.907299, -0.370132], [0.154933, -0.343765, 0.926186]], [[-0.967567, -0.242142, 0.0719805], [0.178192, -0.85619, -0.48496], [0.179058, -0.456405, 0.871569]]], "btipPosition": [-8.75245, 142.068, -76.3137], "carpPosition": [-18.6581, 124.136, 65.4103], "dipPosition": [-11.7147, 134.518, -61.895], "direction": [0.154933, 0.343765, -0.926186], "extended": true, "handId": 86, "id": 862, "length": 58.9886, "mcpPosition": [-19.9224, 121.079, 3.22465], "pipPosition": [-15.5932, 125.912, -38.7091], "stabilizedTipPosition": [-9.46824, 133.559, -70.1495], "timeVisible": 10.9907, "tipPosition": [-10.5218, 145.048, -71.3138], "tipVelocity": [14.2232, 302.074, -116.266], "tool": false, "touchDistance": 0.209652, "touchZone": "hovering", "type": 2, "width": 16.3602}, {"bases": [[[-0.977231, -0.163256, 0.135525], [0.175482, -0.980916, 0.0837235], [0.11927, 0.105599, 0.98723]], [[-0.972339, -0.159374, 0.170753], [0.13336, -0.978978, -0.154327], [0.191759, -0.127287, 0.973153]], [[-0.972339, -0.159374, 0.170753], [0.057083, -0.871021, -0.487918], [0.226491, -0.464675, 0.856025]], [[-0.972339, -0.159374, 0.170753], [0.0293442, -0.808606, -0.587619], [0.231723, -0.566354, 0.790916]]], "btipPosition": [15.249, 140.379, -62.7212], "carpPosition": [-8.29706, 120.629, 64.6387], "dipPosition": [11.4375, 131.064, -49.7119], "direction": [0.226491, 0.464675, -0.856025], "extended": true, "handId": 86, "id": 863, "length": 56.7191, "mcpPosition": [-1.62851, 114.725, 9.44146], "pipPosition": [5.91402, 119.732, -28.8359], "stabilizedTipPosition": [14.2067, 134.555, -59.1362], "timeVisible": 10.9907, "tipPosition": [10.5613, 133.783, -61.0951], "tipVelocity": [32.2706, 419.057, -72.2853], "tool": false, "touchDistance": 0.296988, "touchZone": "hovering", "type": 3, "width": 15.5677}, {"bases": [[[-0.97233, 0.0143986, 0.233166], [0.031194, -0.981158, 0.190672], [0.231518, 0.192669, 0.953561]], [[-0.967887, 0.0179557, 0.250743], [-0.0959442, -0.948327, -0.302442], [0.232356, -0.316787, 0.919596]], [[-0.967887, 0.0179557, 0.250743], [-0.191563, -0.698568, -0.689424], [0.162782, -0.715318, 0.679575]], [[-0.967887, 0.0179557, 0.250743], [-0.217523, -0.559802, -0.799566], [0.12601, -0.828432, 0.545731]]], "btipPosition": [28.0738, 147.766, -32.3012], "carpPosition": [4.14348, 122.989, 65.6594], "dipPosition": [26.1617, 135.195, -24.0201], "direction": [0.162782, 0.715318, -0.679575], "extended": true, "handId": 86, "id": 864, "length": 44.4667, "mcpPosition": [16.1261, 113.017, 16.3064], "pipPosition": [23.3589, 122.878, -12.3189], "stabilizedTipPosition": [27.6476, 142.521, -30.226], "timeVisible": 10.9907, "tipPosition": [26.8499, 139.334, -33.3675], "tipVelocity": [12.8174, 434.448, -33.704], "tool": false, "touchDistance": 0.308508, "touchZone": "hovering", "type": 4, "width": 13.8285}], "r": [[0.990256, -0.106512, -0.0897147], [0.0296424, 0.790674, -0.61152], [0.136069, 0.602902, 0.786126]], "s": 0.724009, "t": [30.423, -42.1062, 10.9371], "timestamp": 629747506243}, {"currentFrameRate": 54.1481, "devices": [], "gestures": [{"center": [-9.20623, 133.133, -69.1568], "duration": 0, "handIds": [86], "id": 33, "normal": [-0.931428, 0.125091, 0.341751], "pointableIds": [862], "progress": 0.751544, "radius": 7.48215, "state": "start", "type": "circle"}], "hands": [{"armBasis": [[-0.939278, -0.332942, -0.083106], [0.323421, -0.777955, -0.538687], [0.114699, -0.532855, 0.838397]], "armWidth": 55.4852, "confidence": 1, "direction": [-0.0532426, -0.169928, -0.984017], "elbow": [-35.7982, 5.50378, 292.072], "grabAngle": 0.728187, "grabStrength": 0, "id": 86, "palmNormal": [0.39151, 0.902968, -0.177115], "palmPosition": [-14.8257, 135.66, 22.8853], "palmVelocity": [1.00558, 428.423, -88.358], "palmWidth": 81.2159, "pinchDistance": 55.7346, "pinchStrength": 0, "r": [[0.990367, -0.103731, -0.0917182], [0.0273259, 0.795791, -0.604955], [0.135741, 0.596621, 0.79096]], "s": 0.737139, "sphereCenter": [39.9795, 195.975, -4.6053], "sphereRadius": 85.4064, "stabilizedPalmPosition": [-14.7526, 133.023, 23.4595], "t": [-30.5237, -35.6067, 9.55693], "timeVisible": 11.0087, "type": "left", "wrist": [-8.15604, 133.92, 90.0209]}], "id": 30942, "interactionBox": {"center": [0, 200, 0], "size": [235.247, 235.247, 147.751]}, "pointables": [{"bases": [[[-0.00908909, -0.999616, -0.0261723], [0.89362, -0.0198651, 0.448385], [-0.448733, -0.0193126, 0.893457]], [[0.134534, -0.941228, -0.309823], [0.949096, 0.0325289, 0.313304], [-0.284812, -0.336202, 0.897692]], [[0.134534, -0.941228, -0.309823], [0.980111, 0.172429, -0.0982386], [0.145887, -0.290445, 0.945705]]