{"frames": 50, "data": [{"currentFrameRate": 55.1421, "devices": [], "gestures": [], "hands": [{"armBasis": [[0.911991, 0.0175564, -0.409835], [0.149016, 0.916652, 0.370868], [0.382187, -0.3993, 0.833362]], "armWidth": 57.5192, "confidence": 1, "direction": [0.113799, 0.493782, -0.862108], "elbow": [-133.387, 236.407, 238.929], "grabAngle": 0.489032, "grabStrength": 0, "id": 35, "palmNormal": [0.163311, -0.865238, -0.474017], "palmPosition": [-22.7766, 363.413, -22.6917], "palmVelocity": [7.37016, -72.2329, 3.66811], "palmWidth": 81.8753, "pinchDistance": 50.1186, "pinchStrength": 0, "r": [[0.663799, 0.215521, 0.716185], [0.574847, 0.465567, -0.672903], [-0.478457, 0.858369, 0.185151]], "s": 0.938951, "sphereCenter": [-13.2673, 241.624, -95.626], "sphereRadius": 142.766, "stabilizedPalmPosition": [-22.4778, 365.132, -23.5273], "t": [23.5222, 25.7548, -34.2797], "timeVisible": 10.2495, "type": "left", "wrist": [-40.5331, 333.418, 36.4608]}], "id": 16934, "interactionBox": {"center": [0, 200, 0], "size": [235.247, 235.247, 147.751]}, "pointables": [{"bases": [[[0.518209, 0.835297, 0.183678], [-0.671243, 0.264137, 0.692579], [0.529993, -0.482193, 0.697565]], [[0.46492, 0.877742, 0.115843], [-0.694223, 0.280216, 0.662974], [0.549459, -0.38865, 0.739626]], [[0.46492, 0.877742, 0.115843], [-0.852605, 0.408617, 0.325725], [0.238567, -0.250204, 0.938341]], [[0.46492, 0.877742, 0.115843], [-0.883238, 0.450785, 0.129163], [0.0611517, -0.162367, 0.984834]]], "btipPosition": [23.5057, 362.402, -57.4505], "carpPosition": [-9.28724, 334.486, 22.4553], "dipPosition": [22.2919, 359.179, -37.9018], "direction": [0.238567, 0.250204, -0.938341], "extended": false, "handId": 35, "id": 350, "length": 44.2025, "mcpPosition": [-9.28724, 334.486, 22.4553], "pipPosition": [15.3929, 351.943, -10.7666], "stabilizedTipPosition": [23.2793, 363.246, -54.0585], "timeVisible": 10.2495, "tipPosition": [24.297, 362.616, -52.1321], "tipVelocity": [9.77995, -90.5393, 7.9192], "tool": false, "touchDistance": 0.344601, "touchZone": "hovering", "type": 0, "width": 18.3048}, {"bases": [[[0.94697, -0.00270933, -0.32131], [0.120455, 0.930036, 0.347164], [0.29789, -0.367457, 0.881043]], [[0.983385, -0.0639444, -0.169899], [0.107706, 0.958899, 0.262512], [0.14613, -0.276449, 0.949854]], [[0.983385, -0.0639444, -0.169899], [0.0811798, 0.992016, 0.0965111], [0.162371, -0.1087, 0.980724]], [[0.983385, -0.0639444, -0.169899], [0.0581433, 0.99755, -0.038908], [0.171971, 0.028383, 0.984693]]], "btipPosition": [12.6886, 390.05, -106.116], "carpPosition": [-18.1771, 353.834, 21.1948], "dipPosition": [10.1966, 390.461, -91.8465], "direction": [0.162371, 0.1087, -0.980724], "extended": true, "handId": 35, "id": 351, "length": 49.8776, "mcpPosition": [1.54318, 378.16, -37.1302], "pipPosition": [6.86795, 388.233, -71.7416], "stabilizedTipPosition": [13.0681, 390.823, -104.023], "timeVisible": 10.2495, "tipPosition": [13.1234, 388.406, -102.449], "tipVelocity": [12.4088, -121.704, -12.8917], "tool": false, "touchDistance": 0.333151, "touchZone": "hovering", "type": 1, "width": 17.4848}, {"bases": [[[0.944007, -0.210838, -0.253768], [0.285328, 0.907896, 0.307103], [0.165646, -0.362315, 0.917218]], [[0.955492, -0.244387, -0.165258], [0.277084, 0.935721, 0.218292], [0.101288, -0.254366, 0.961789]], [[0.955492, -0.244387, -0.165258], [0.254663, 0.966036, 0.0438248], [0.148935, -0.0839593, 0.985276]], [[0.955492, -0.244387, -0.165258], [0.233667, 0.968873, -0.0817648], [0.180096, 0.0395103, 0.982855]]], "btipPosition": [-7.58076, 389.963, -118.592], "carpPosition": [-28.5831, 355.424, 17.7378], "dipPosition": [-10.4512, 390.593, -102.927], "direction": [0.148935, 0.0839593, -0.985276], "extended": true, "handId": 35, "id": 352, "length": 56.8316, "mcpPosition": [-18.184, 378.169, -39.8444], "pipPosition": [-14.0433, 388.568, -79.1635], "stabilizedTipPosition": [-7.6507, 391.435, -116.01], "timeVisible": 10.2495, "tipPosition": [-7.74212, 389.556, -114.735], "tipVelocity": [3.67065, -135.758, -18.2802], "tool": false, "touchDistance": 0.333075, "touchZone": "hovering", "type": 2, "width": 17.1724}, {"bases": [[[0.933881, -0.329695, -0.138449], [0.357179, 0.8785, 0.317271], [0.0170255, -0.345744, 0.938174]], [[0.933334, -0.322526, -0.157682], [0.345057, 0.927157, 0.145997], [0.0991083, -0.190674, 0.976638]], [[0.933334, -0.322526, -0.157682], [0.309376, 0.945398, -0.102516], [0.182137, 0.0468983, 0.982154]], [[0.933334, -0.322526, -0.157682], [0.293525, 0.938444, -0.182113], [0.206712, 0.123688, 0.970552]]], "btipPosition": [-26.8058, 377.759, -113.828], "carpPosition": [-39.0763, 354.107, 14.518], "dipPosition": [-30.0816, 379.719, -98.4483], "direction": [0.182137, -0.0468983, -0.982154], "extended": true, "handId": 35, "id": 353, "length": 54.6451, "mcpPosition": [-38.1166, 373.595, -38.3624], "pipPosition": [-34.3609, 380.821, -75.3721], "stabilizedTipPosition": [-26.9147, 379.354, -111.155], "timeVisible": 10.2495, "tipPosition": [-27.2275, 378.151, -109.985], "tipVelocity": [4.39613, -147.472, -12.5014], "tool": false, "touchDistance": 0.333162, "touchZone": "hovering", "type": 3, "width": 16.3406}, {"bases": [[[0.857635, -0.508086, -0.0794418], [0.498175, 0.782506, 0.373505], [-0.127609, -0.359907, 0.92422]], [[0.867003, -0.455141, -0.20286], [0.47525, 0.877661, 0.0620328], [0.149809, -0.150192, 0.977241]], [[0.867003, -0.455141, -0.20286], [0.405034, 0.880822, -0.245153], [0.290263, 0.130383, 0.948023]], [[0.867003, -0.455141, -0.20286], [0.405034, 0.880822, -0.245153], [0.290263, 0.130383, 0.948023]]], "btipPosition": [-41.8036, 365.534, -95.8866], "carpPosition": [-48.6967, 346.32, 11.2296], "dipPosition": [-46.0471, 367.44, -82.0271], "direction": [0.290263, -0.130383, -0.948023], "extended": true, "handId": 35, "id": 354, "length": 42.8407, "mcpPosition": [-55.3549, 365.099, -36.9931], "pipPosition": [-50.8622, 369.603, -66.3005], "stabilizedTipPosition": [-42.3255, 366.694, -92.7112], "timeVisible": 10.2495, "tipPosition": [-42.294, 364.774, -91.9788], "tipVelocity": [16.0936, -136.142, -7.86013], "tool": false, "touchDistance": 0.333225, "touchZone": "hovering", "type": 4, "width": 14.515}], "r": [[0.663799, 0.215521, 0.716185], [0.574847, 0.465567, -0.672903], [-0.478457, 0.858369, 0.185151]], "s": 0.938951, "t": [-23.5222, 25.7548, -34.2797], "timestamp": 629480793324}, {"currentFrameRate": 55.1653, "devices": [], "gestures": [], "hands": [{"armBasis": [[0.910318, 0.00905637, -0.41381], [0.155336, 0.91921, 0.361833], [0.383655, -0.393663, 0.835367]], "armWidth": 57.5192, "confidence": 1, "direction": [0.114104, 0.492084, -0.863038], "elbow": [-133.69, 236.751, 239.29], "grabAngle": 0.486847, "grabStrength": 0, "id": 35, "palmNormal": [0.170575, -0.865515, -0.470944], "palmPosition": [-22.6705, 362.279, -22.8577], "palmVelocity": [5.88101, -62.8502, -9.19758], "palmWidth": 81.8753, "pinchDistance": 50.0871, "pinchStrength": 0, "r": [[0.665175, 0.215331, 0.714964], [0.574864, 0.463385, -0.674393], [-0.476522, 0.859597, 0.184446]], "s": 0.938635, "sphereCenter": [-12.1479, 239.158, -95.805], "sphereRadius": 143.974, "stabilizedPalmPosition": [-22.5005, 364.796, -23.4483], "t": [23.6113, 24.719, -34.2905], "timeVisible": 10.2676, "type": "left", "wrist": [-40.4795, 332.393, 36.335]}], "id": 16935, "interactionBox": {"center": [0, 200, 0], "size": [235.247, 235.247, 147.751]}, "pointables": [{"bases": [[[0.524134, 0.832547, 0.179302], [-0.66685, 0.270257, 0.694458], [0.529712, -0.483557, 0.696834]], [[0.470228, 0.875562, 0.110798], [-0.690627, 0.286897, 0.66387], [0.549472, -0.388691, 0.739594]], [[0.470228, 0.875562, 0.110798], [-0.849486, 0.414994, 0.325812], [0.239288, -0.247328, 0.93892]], [[0.470228, 0.875562, 0.110798], [-0.880403, 0.456634, 0.127967], [0.0614486, -0.157721, 0.98557]]], "btipPosition": [23.6419, 361.305, -57.5129], "carpPosition": [-9.17845, 333.563, 22.4228], "dipPosition": [22.4221, 358.174, -37.9496], "direction": [0.239288, 0.247328, -0.93892], "extended": false, "handId": 35, "id": 350, "length": 44.2025, "mcpPosition": [-9.17845, 333.563, 22.4228], "pipPosition": [15.5023, 351.022, -10.7977], "stabilizedTipPosition": [23.2898, 362.906, -53.9251], "timeVisible": 10.2676, "tipPosition": [24.5078, 361.68, -52.1226], "tipVelocity": [7.46905, -59.6192, -3.27311], "tool": false, "touchDistance": 0.342589, "touchZone": "hovering", "type": 0, "width": 18.3048}, {"bases": [[[0.945663, -0.0095275, -0.325008], [0.127626, 0.930227, 0.344078], [0.299053, -0.366861, 0.880897]], [[0.982406, -0.0708742, -0.172784], [0.114653, 0.9592, 0.258437], [0.147418, -0.2737, 0.950451]], [[0.982406, -0.0708742, -0.172784], [0.0874958, 0.99204, 0.0905546], [0.164991, -0.104079, 0.980788]], [[0.982406, -0.0708742, -0.172784], [0.0642057, 0.996971, -0.0438899], [0.175371, 0.032024, 0.983981]]], "btipPosition": [12.9087, 388.78, -106.241], "carpPosition": [-18.184, 352.851, 21.0732], "dipPosition": [10.3674, 389.244, -91.9816], "direction": [0.164991, 0.104079, -0.980788], "extended": true, "handId": 35, "id": 351, "length": 49.8776, "mcpPosition": [1.61336, 377.137, -37.2422], "pipPosition": [6.98507, 387.11, -71.8753], "stabilizedTipPosition": [13.021, 390.7, -103.955], "timeVisible": 10.2676, "tipPosition": [13.3772, 387.288, -102.547], "tipVelocity": [11.5679, -69.7155, -7.04116], "tool": false, "touchDistance": 0.333218, "touchZone": "hovering", "type": 1, "width": 17.4848}, {"bases": [[[0.941666, -0.217445, -0.256871], [0.292199, 0.906944, 0.303434], [0.166987, -0.360791, 0.917576]], [[0.953325, -0.250975, -0.167879], [0.283913, 0.934334, 0.215436], [0.102786, -0.253043, 0.961979]], [[0.953325, -0.250975, -0.167879], [0.261176, 0.964405, 0.0413643], [0.151522, -0.0832794, 0.984939]], [[0.953325, -0.250975, -0.167879], [0.23987, 0.967183, -0.0837763], [0.183395, 0.0395969, 0.982241]]], "btipPosition": [-7.32319, 388.738, -118.771], "carpPosition": [-28.586, 354.366, 17.571], "dipPosition": [-10.2462, 389.369, -103.116], "direction": [0.151522, 0.0832794, -0.984939], "extended": true, "handId": 35, "id": 352, "length": 56.8316, "mcpPosition": [-18.1027, 377.016, -40.0337], "pipPosition": [-13.9007, 387.361, -79.3605], "stabilizedTipPosition": [-7.68504, 391.181, -115.926], "timeVisible": 10.2676, "tipPosition": [-7.44103, 388.263, -114.916], "tipVelocity": [13.6022, -67.8855, -10.0474], "tool": false, "touchDistance": 0.333169, "touchZone": "hovering", "type": 2, "width": 17.1724}, {"bases": [[[0.931252, -0.335915, -0.141181], [0.363904, 0.877128, 0.313402], [0.0185569, -0.343233, 0.939067]], [[0.930695, -0.328986, -0.159925], [0.351814, 0.924762, 0.145056], [0.100172, -0.191267, 0.976413]], [[0.930695, -0.328986, -0.159925], [0.315751, 0.943251, -0.102851], [0.184686, 0.0452265, 0.981756]], [[0.930695, -0.328986, -0.159925], [0.297854, 0.935357, -0.190763], [0.212345, 0.129907, 0.968521]]], "btipPosition": [-26.5117, 376.448, -114.033], "carpPosition": [-39.058, 352.975, 14.3138], "dipPosition": [-29.8767, 378.507, -98.6849], "direction": [0.184686, -0.0452265, -0.981756], "extended": true, "handId": 35, "id": 353, "length": 54.6451, "mcpPosition": [-38.012, 372.321, -38.6169], "pipPosition": [-34.216, 379.569, -75.6181], "stabilizedTipPosition": [-26.9549, 379.091, -111.085], "timeVisible": 10.2676, "tipPosition": [-26.8739, 376.748, -110.212], "tipVelocity": [15.1576, -71.3797, -11.738], "tool": false, "touchDistance": 0.333148, "touchZone": "hovering", "type": 3, "width": 16.3406}, {"bases": [[[0.854126, -0.513661, -0.0813743], [0.504518, 0.78041, 0.369353], [-0.126217, -0.356529, 0.925719]], [[0.863354, -0.46046, -0.206387], [0.480213, 0.875375, 0.0558108], [0.154968, -0.147294, 0.976877]], [[0.863354, -0.46046, -0.206387], [0.412844, 0.879755, -0.235778], [0.290137, 0.118354, 0.949638]], [[0.863354, -0.46046, -0.206387], [0.412844, 0.879755, -0.235778], [0.290137, 0.118354, 0.949638]]], "btipPosition": [-41.5001, 364.445, -96.2243], "carpPosition": [-48.6166, 345.118, 11.0097], "dipPosition": [-45.7417, 366.175, -82.3411], "direction": [0.290137, -0.118354, -0.949638], "extended": true, "handId": 35, "id": 354, "length": 42.8407, "mcpPosition": [-55.2022, 363.721, -37.2913], "pipPosition": [-50.5547, 368.138, -66.5878], "stabilizedTipPosition": [-42.3578, 366.295, -92.7801], "timeVisible": 10.2676, "tipPosition": [-41.9356, 363.359, -92.2422], "tipVelocity": [16.8438, -62.6052, -18.4094], "tool": false, "touchDistance": 0.333051, "touchZone": "hovering", "type": 4, "width": 14.515}], "r": [[0.665175, 0.215331, 0.714964], [0.574864, 0.463385, -0.674393], [-0.476522, 0.859597, 0.184446]], "s": 0.938635, "t": [-23.6113, 24.719, -34.2905], "timestamp": 629480811371}, {"currentFrameRate": 55.1873, "devices": [], "gestures": [], "hands": [{"armBasis": [[0.908698, 0.00219717, -0.417449], [0.160681, 0.921102, 0.354617], [0.385292, -0.389315, 0.83665]], "armWidth": 57.5192, "confidence": 1, "direction": [0.115634, 0.485778, -0.866399], "elbow": [-134.082, 237.104, 239.617], "grabAngle": 0.484359, "grabStrength": 0, "id": 35, "palmNormal": [0.176053, -0.868464, -0.463439], "palmPosition": [-22.5462, 361.19, -22.9994], "palmVelocity": [6.89084, -60.32, -7.85507], "palmWidth": 81.8753, "pinchDistance": 50.0643, "pinchStrength": 0, "r": [[0.667036, 0.215746, 0.713103], [0.574699, 0.460105, -0.676775], [-0.474113, 0.861253, 0.182918]], "s": 0.938033, "sphereCenter": [-11.255, 236.485, -95.3264], "sphereRadius": 145.089, "stabilizedPalmPosition": [-22.5063, 364.345, -23.3921], "t": [23.718, 23.6569, -34.3668], "timeVisible": 10.2856, "type": "left", "wrist": [-40.4739, 331.689, 36.3503]}], "id": 16936, "interactionBox": {"center": [0, 200, 0], "size": [235.247, 235.247, 147.751]}, "pointables": [{"bases": [[[0.528272, 0.831754, 0.170625], [-0.662877, 0.278436, 0.69503], [0.530586, -0.480269, 0.698441]], [[0.473785, 0.874781, 0.101421], [-0.687319, 0.295316, 0.663612], [0.550564, -0.384118, 0.74117]], [[0.473785, 0.874781, 0.101421], [-0.847333, 0.421457, 0.323111], [0.239907, -0.239023, 0.940911]], [[0.473785, 0.874781, 0.101421], [-0.878585, 0.461669, 0.12227], [0.0601362, -0.147037, 0.987301]]], "btipPosition": [23.7384, 359.97, -57.5388], "carpPosition": [-9.12283, 332.886, 22.5596], "dipPosition": [22.5447, 357.051, -37.9411], "direction": [0.239907, 0.239023, -0.940911], "extended": false, "handId": 35, "id": 350, "length": 44.2025, "mcpPosition": [-9.12283, 332.886, 22.5596], "pipPosition": [15.607, 350.139, -10.7317], "stabilizedTipPosition": [23.3139, 362.406, -53.8011], "timeVisible": 10.2856, "tipPosition": [24.7347, 360.538, -52.0806], "tipVelocity": [5.67996, -71.2677, -0.996962], "tool": false, "touchDistance": 0.341393, "touchZone": "hovering", "type": 0, "width": 18.3048}, {"bases": [[[0.944272, -0.0159752, -0.328777], [0.132848, 0.932357, 0.336245], [0.301166, -0.361185, 0.882522]], [[0.981558, -0.0767109, -0.175097], [0.119683, 0.960828, 0.249971], [0.149063, -0.266318, 0.952289]], [[0.981558, -0.0767109, -0.175097], [0.0918456, 0.992552, 0.0800251], [0.167655, -0.0946312, 0.981293]], [[0.981558, -0.0767109, -0.175097], [0.0684658, 0.996263, -0.0526624], [0.178483, 0.039703, 0.983142]]], "btipPosition": [13.1906, 387.104, -106.465], "carpPosition": [-18.2016, 352.125, 21.022], "dipPosition": [10.6041, 387.68, -92.2176], "direction": [0.167655, 0.0946312, -0.981293], "extended": true, "handId": 35, "id": 351, "length": 49.8776, "mcpPosition": [1.73556, 376.036, -37.4009], "pipPosition": [7.16721, 385.74, -72.101], "stabilizedTipPosition": [12.9855, 390.411, -103.891], "timeVisible": 10.2856, "tipPosition": [13.7179, 385.735, -102.738], "tipVelocity": [15.0441, -91.4296, -12.565], "tool": false, "touchDistance": 0.333139, "touchZone": "hovering", "type": 1, "width": 17.4848}, {"bases": [[[0.939704, -0.223334, -0.258995], [0.297155, 0.908078, 0.295115], [0.169278, -0.354282, 0.91969]], [[0.95158, -0.256166, -0.169927], [0.28882, 0.934319, 0.208881], [0.105257, -0.247846, 0.963065]], [[0.95158, -0.256166, -0.169927], [0.265723, 0.963387, 0.0357171], [0.154556, -0.0791411, 0.984809]], [[0.95158, -0.256166, -0.169927], [0.244398, 0.965741, -0.0872535], [0.186457, 0.0414989, 0.981586]]], "btipPosition": [-6.96569, 387.191, -119.04], "carpPosition": [-28.5953, 353.57, 17.4656], "dipPosition": [-9.93752, 387.852, -103.395], "direction": [0.154556, 0.0791411, -0.984809], "extended": true, "handId": 35, "id": 352, "length": 56.8316, "mcpPosition": [-17.9682, 375.811, -40.2717], "pipPosition": [-13.6652, 385.943, -79.643], "stabilizedTipPosition": [-7.6809, 390.737, -115.87], "timeVisible": 10.2856, "tipPosition": [-7.05366, 386.528, -115.2], "tipVelocity": [19.1906, -85.361, -15.0331], "tool": false, "touchDistance": 0.333099, "touchZone": "hovering", "type": 2, "width": 17.1724}, {"bases": [[[0.92928, -0.340851, -0.142337], [0.368778, 0.878045, 0.305024], [0.0210105, -0.335944, 0.941648]], [[0.928641, -0.333785, -0.161903], [0.356366, 0.923908, 0.139274], [0.103096, -0.187032, 0.976929]], [[0.928641, -0.333785, -0.161903], [0.31957, 0.941405, -0.107851], [0.188415, 0.0484154, 0.980895]], [[0.928641, -0.333785, -0.161903], [0.299813, 0.932286, -0.202375], [0.21849, 0.139393, 0.965832]]], "btipPosition": [-26.0677, 374.787, -114.272], "carpPosition": [-39.0481, 352.11, 14.1768], "dipPosition": [-29.5301, 376.996, -98.9667], "direction": [0.188415, -0.0484154, -0.980895], "extended": true, "handId": 35, "id": 353, "length": 54.6451, "mcpPosition": [-37.8638, 371.046, -38.8994], "pipPosition": [-33.957, 378.133, -75.9201], "stabilizedTipPosition": [-26.9433, 378.61, -111.042], "timeVisible": 10.2856, "tipPosition": [-26.4544, 374.961, -110.484], "tipVelocity": [23.3684, -90.1493, -13.7985], "tool": false, "touchDistance": 0.333117, "touchZone": "hovering", "type": 3, "width": 16.3406}, {"bases": [[[0.851673, -0.517803, -0.080824], [0.509224, 0.781189, 0.361158], [-0.12387, -0.348746, 0.928995]], [[0.860614, -0.46509, -0.20745], [0.484043, 0.873648, 0.049406], [0.15826, -0.142934, 0.976997]], [[0.860614, -0.46509, -0.20745], [0.417359, 0.87756, -0.236007], [0.291814, 0.11653, 0.94935]], [[0.860614, -0.46509, -0.20745], [0.417359, 0.87756, -0.236007], [0.291814, 0.11653, 0.94935]]], "btipPosition": [-41.1707, 363.035, -96.504], "carpPosition": [-48.5607, 344.189, 10.8955], "dipPosition": [-45.4368, 364.739, -82.6251], "direction": [0.291814, -0.11653, -0.94935], "extended": true, "handId": 35, "id": 354, "length": 42.8407, "mcpPosition": [-55.0239, 362.385, -37.5764], "pipPosition": [-50.2777, 366.672, -66.8765], "stabilizedTipPosition": [-42.3129, 365.67, -92.896], "timeVisible": 10.2856, "tipPosition": [-41.543, 361.685, -92.4858], "tipVelocity": [17.9423, -78.4592, -15.5573], "tool": false, "touchDistance": 0.333085, "touchZone": "hovering", "type": 4, "width": 14.515}], "r": [[0.667036, 0.215746, 0.713103], [0.574699, 0.460105, -0.676775], [-0.474113, 0.861253, 0.182918]], "s": 0.938033, "t": [-23.718, 23.6569, -34.3668], "timestamp": 629480829415}, {"currentFrameRate": 55.1891, "devices": [], "gestures": [], "hands": [{"armBasis": [[0.907292, -0.00523487, -0.420469], [0.166236, 0.922934, 0.347215], [0.386247, -0.384922, 0.838241]], "armWidth": 57.5192, "confidence": 1, "direction": [0.115089, 0.492739, -0.862533], "elbow": [-134.266, 236.446, 239.613], "grabAngle": 0.479176, "grabStrength": 0, "id": 35, "palmNormal": [0.183615, -0.863892, -0.469016], "palmPosition": [-22.4984, 359.887, -23.1809], "palmVelocity": [2.63737, -71.9567, -10.019], "palmWidth": 81.8753, "pinchDistance": 50.1124, "pinchStrength": 0, "r": [[0.669293, 0.214126, 0.711475], [0.574746, 0.457643, -0.678403], [-0.470865, 0.862968, 0.183229]], "s": 0.937575, "sphereCenter": [-9.8949, 234.038, -96.9487], "sphereRadius": 146.913, "stabilizedPalmPosition": [-22.5052, 363.746, -23.3637], "t": [23.7952, 22.4741, -34.4957], "timeVisible": 10.3037, "type": "left", "wrist": [-40.4257, 329.964, 35.9593]}], "id": 16937, "interactionBox": {"center": [0, 200, 0], "size": [235.247, 235.247, 147.751]}, "pointables": [{"bases": [[[0.534608, 0.826829, 0.174778], [-0.65864, 0.278063, 0.699196], [0.529516, -0.488911, 0.693237]], [[0.479397, 0.871284, 0.10509], [-0.684087, 0.29599, 0.666645], [0.549731, -0.391478, 0.73793]], [[0.479397, 0.871284, 0.10509], [-0.844085, 0.424996, 0.326954], [0.240207, -0.245445, 0.939179]], [[0.479397, 0.871284, 0.10509], [-0.875518, 0.466579, 0.125584], [0.0603862, -0.152212, 0.986501]]], "btipPosition": [23.8097, 359.055, -57.6669], "carpPosition": [-9.02775, 331.352, 22.2201], "dipPosition": [22.611, 356.034, -38.085], "direction": [0.240207, 0.245445, -0.939179], "extended": false, "handId": 35, "id": 350, "length": 44.2025, "mcpPosition": [-9.02775, 331.352, 22.2201], "pipPosition": [15.6647, 348.936, -10.9257], "stabilizedTipPosition": [23.3448, 361.838, -53.7115], "timeVisible": 10.3037, "tipPosition": [24.8622, 359.751, -52.1232], "tipVelocity": [3.87347, -51.8128, -7.27157], "tool": false, "touchDistance": 0.338612, "touchZone": "hovering", "type": 0, "width": 18.3048}, {"bases": [[[0.943055, -0.0201815, -0.332024], [0.140439, 0.92899, 0.342425], [0.301536, -0.369554, 0.878923]], [[0.980393, -0.0821977, -0.179089], [0.127406, 0.957739, 0.257882], [0.150323, -0.275643, 0.949434]], [[0.980393, -0.0821977, -0.179089], [0.0993901, 0.99104, 0.0892303], [0.170149, -0.10528, 0.979778]], [[0.980393, -0.0821977, -0.179089], [0.0758195, 0.996229, -0.0421849], [0.181881, 0.0277794, 0.982928]]], "btipPosition": [13.3278, 386.803, -106.321], "carpPosition": [-18.2352, 350.538, 20.7892], "dipPosition": [10.6921, 387.205, -92.0771], "direction": [0.170149, 0.10528, -0.979778], "extended": true, "handId": 35, "id": 351, "length": 49.8776, "mcpPosition": [1.72646, 375.003, -37.3955], "pipPosition": [7.20402, 385.047, -71.9915], "stabilizedTipPosition": [12.9643, 390.129, -103.823], "timeVisible": 10.3037, "tipPosition": [13.844, 385.267, -102.626], "tipVelocity": [6.9493, -18.8628, 7.88919], "tool": false, "touchDistance": 0.333432, "touchZone": "hovering", "type": 1, "width": 17.4848}, {"bases": [[[0.937272, -0.227997, -0.263703], [0.304438, 0.903865, 0.300576], [0.169822, -0.362002, 0.916578]], [[0.94915, -0.261291, -0.175614], [0.296005, 0.930638, 0.215163], [0.107213, -0.256204, 0.960658]], [[0.94915, -0.261291, -0.175614], [0.272604, 0.961152, 0.0432837], [0.157482, -0.0889558, 0.983507]], [[0.94915, -0.261291, -0.175614], [0.251169, 0.964796, -0.0779884], [0.18981, 0.029914, 0.981365]]], "btipPosition": [-6.75926, 386.805, -118.968], "carpPosition": [-28.627, 351.936, 17.2086], "dipPosition": [-9.78453, 387.282, -103.327], "direction": [0.157482, 0.0889558, -0.983507], "extended": true, "handId": 35, "id": 352, "length": 56.8316, "mcpPosition": [-17.9657, 374.662, -40.3334], "pipPosition": [-13.5827, 385.136, -79.6063], "stabilizedTipPosition": [-7.65505, 390.299, -115.813], "timeVisible": 10.3037, "tipPosition": [-6.8849, 385.996, -115.148], "tipVelocity": [10.7184, -23.6542, 3.90773], "tool": false, "touchDistance": 0.333376, "touchZone": "hovering", "type": 2, "width": 17.1724}, {"bases": [[[0.926412, -0.346267, -0.14785], [0.375882, 0.873265, 0.310033], [0.0217583, -0.342792, 0.939159]], [[0.925716, -0.338695, -0.168334], [0.363224, 0.920191, 0.146005], [0.105448, -0.196302, 0.974857]], [[0.925716, -0.338695, -0.168334], [0.325876, 0.940156, -0.0995539], [0.191979, 0.0373027, 0.98069]], [[0.925716, -0.338695, -0.168334], [0.304901, 0.93163, -0.197741], [0.223799, 0.131727, 0.965692]]], "btipPosition": [-25.779, 374.224, -114.348], "carpPosition": [-39.0585, 350.427, 13.8747], "dipPosition": [-29.3255, 376.311, -99.0452], "direction": [0.191979, -0.0373027, -0.98069], "extended": true, "handId": 35, "id": 353, "length": 54.6451, "mcpPosition": [-37.8321, 369.749, -39.0612], "pipPosition": [-33.8361, 377.188, -76.0035], "stabilizedTipPosition": [-26.899, 378.114, -111.015], "timeVisible": 10.3037, "tipPosition": [-26.2186, 374.258, -110.58], "tipVelocity": [14.8718, -32.6152, -4.24115], "tool": false, "touchDistance": 0.333258, "touchZone": "hovering", "type": 3, "width": 16.3406}, {"bases": [[[0.847777, -0.523111, -0.0873394], [0.515833, 0.775039, 0.365009], [-0.123249, -0.354499, 0.926898]], [[0.856669, -0.469567, -0.213598], [0.490931, 0.869267, 0.0579859], [0.158445, -0.154537, 0.975199]], [[0.856669, -0.469567, -0.213598], [0.427075, 0.877814, -0.216906], [0.289351, 0.0945944, 0.952537]], [[0.856669, -0.469567, -0.213598], [0.427075, 0.877814, -0.216906], [0.289351, 0.0945944, 0.952537]]], "btipPosition": [-41.1538, 362.643, -96.8302], "carpPosition": [-48.505, 342.464, 10.5054], "dipPosition": [-45.3839, 364.026, -82.9047], "direction": [0.289351, -0.0945944, -0.952537], "extended": true, "handId": 35, "id": 354, "length": 42.8407, "mcpPosition": [-54.9357, 360.96, -37.8571], "pipPosition": [-50.1839, 365.595, -67.1032], "stabilizedTipPosition": [-42.281, 365.205, -93.0215], "timeVisible": 10.3037, "tipPosition": [-41.3001, 360.822, -92.7562], "tipVelocity": [1.39042, -25.7287, -17.4167], "tool": false, "touchDistance": 0.333058, "touchZone": "hovering", "type": 4, "width": 14.515}], "r": [[0.669293, 0.214126, 0.711475], [0.574746, 0.457643, -0.678403], [-0.470865, 0.862968, 0.183229]], "s": 0.937575, "t": [-23.7952, 22.4741, -34.4957], "timestamp": 629480847528}, {"currentFrameRate": 55.2114, "devices": [], "gestures": [], "hands": [{"armBasis": [[0.91123, 0.0172047, -0.411539], [0.142319, 0.924442, 0.353769], [0.38653, -0.380935, 0.83993]], "armWidth": 57.5192, "confidence": 1, "direction": [0.120954, 0.502262, -0.856214], "elbow": [-134.526, 234.233, 239.967], "grabAngle": 0.476525, "grabStrength": 0, "id": 35, "palmNormal": [0.161447, -0.861016, -0.482272], "palmPosition": [-22.4089, 357.065, -22.9673], "palmVelocity": [4.95953, -156.461, 11.8389], "palmWidth": 81.8753, "pinchDistance": 49.8589, "pinchStrength": 0.00149547, "r": [[0.66925, 0.213809, 0.71161], [0.573586, 0.46014, -0.677695], [-0.472338, 0.861717, 0.185311]], "s": 0.937455, "sphereCenter": [-12.05, 230.045, -98.7746], "sphereRadius": 148.673, "stabilizedPalmPosition": [-22.4868, 362.469, -23.2879], "t": [23.8785, 20.4719, -34.4534], "timeVisible": 10.3217, "type": "left", "wrist": [-40.6173, 326.782, 35.9033]}], "id": 16938, "interactionBox": {"center": [0, 200, 0], "size": [235.247, 235.247, 147.751]}, "pointables": [{"bases": [[[0.514925, 0.835972, 0.189745], [-0.668843, 0.253347, 0.698902], [0.536191, -0.486792, 0.689589]], [[0.458477, 0.88063, 0.119536], [-0.695351, 0.271705, 0.66533], [0.553431, -0.388158, 0.736917]], [[0.458477, 0.88063, 0.119536], [-0.855202, 0.400599, 0.328861], [0.241719, -0.253003, 0.936783]], [[0.458477, 0.88063, 0.119536], [-0.88656, 0.443872, 0.130341], [0.0617235, -0.165735, 0.984237]]], "btipPosition": [23.7635, 355.635, -57.7851], "carpPosition": [-9.3104, 327.594, 21.9422], "dipPosition": [22.5383, 352.346, -38.2482], "direction": [0.241719, 0.253003, -0.936783], "extended": false, "handId": 35, "id": 350, "length": 44.2025, "mcpPosition": [-9.3104, 327.594, 21.9422], "pipPosition": [15.5482, 345.029, -11.1581], "stabilizedTipPosition": [23.3763, 360.235, -53.6148], "timeVisible": 10.3217, "tipPosition": [24.7546, 356.275, -52.2126], "tipVelocity": [-2.89892, -193.027, -7.12736], "tool": false, "touchDistance": 0.336156, "touchZone": "hovering", "type": 0, "width": 18.3048}, {"bases": [[[0.945228, 0.00556442, -0.326362], [0.117579, 0.926928, 0.356342], [0.304497, -0.375198, 0.875505]], [[0.982535, -0.0564706, -0.177304], [0.102697, 0.959147, 0.263611], [0.155175, -0.277215, 0.948194]], [[0.982535, -0.0564706, -0.177304], [0.0743778, 0.992596, 0.0960286], [0.170569, -0.107539, 0.97946]], [[0.982535, -0.0564706, -0.177304], [0.0522088, 0.998226, -0.0286144], [0.178606, 0.0188578, 0.98374]]], "btipPosition": [13.8023, 383.87, -106.005], "carpPosition": [-18.0946, 347, 20.8391], "dipPosition": [11.2141, 384.144, -91.7492], "direction": [0.170569, 0.107539, -0.97946], "extended": true, "handId": 35, "id": 351, "length": 49.8776, "mcpPosition": [2.0631, 371.838, -37.1192], "pipPosition": [7.71744, 381.939, -71.6701], "stabilizedTipPosition": [12.9982, 389.264, -103.67], "timeVisible": 10.3217, "tipPosition": [13.9898, 382.798, -102.29], "tipVelocity": [26.9181, -164.224, 17.6827], "tool": false, "touchDistance": 0.333577, "touchZone": "hovering", "type": 1, "width": 17.4848}, {"bases": [[[0.94369, -0.203278, -0.261011], [0.282345, 0.906062, 0.315171], [0.172425, -0.371119, 0.912436]], [[0.95575, -0.237391, -0.173747], [0.272894, 0.93602, 0.222252], [0.10987, -0.259832, 0.959383]], [[0.95575, -0.237391, -0.173747], [0.249033, 0.967291, 0.0482726], [0.156604, -0.0894052, 0.983606]], [[0.95575, -0.237391, -0.173747], [0.226991, 0.970788, -0.0777555], [0.18713, 0.0348759, 0.981716]]], "btipPosition": [-6.39769, 384.201, -118.529], "carpPosition": [-28.4736, 348.68, 17.3438], "dipPosition": [-9.38025, 384.757, -102.882], "direction": [0.156604, 0.0894052, -0.983607], "extended": true, "handId": 35, "id": 352, "length": 56.8316, "mcpPosition": [-17.6489, 371.978, -39.9383], "pipPosition": [-13.1573, 382.6, -79.159], "stabilizedTipPosition": [-7.5629, 389.337, -115.671], "timeVisible": 10.3217, "tipPosition": [-6.7782, 384.134, -114.668], "tipVelocity": [20.5926, -143.382, 24.4308], "tool": false, "touchDistance": 0.333666, "touchZone": "hovering", "type": 2, "width": 17.1724}, {"bases": [[[0.934791, -0.323396, -0.146905], [0.354398, 0.876931, 0.324644], [0.0238374, -0.355537, 0.934358]], [[0.934095, -0.315948, -0.166264], [0.341258, 0.926984, 0.155705], [0.104929, -0.202182, 0.97371]], [[0.934095, -0.315948, -0.166264], [0.305161, 0.948269, -0.0875409], [0.185321, 0.0310343, 0.982188]], [[0.934095, -0.315948, -0.166264], [0.286994, 0.94149, -0.176721], [0.212371, 0.117358, 0.970116]]], "btipPosition": [-25.9164, 372.564, -113.96], "carpPosition": [-38.9559, 347.451, 14.0543], "dipPosition": [-29.2818, 374.424, -98.5867], "direction": [0.185321, -0.0310343, -0.982188], "extended": true, "handId": 35, "id": 353, "length": 54.6451, "mcpPosition": [-37.6123, 367.491, -38.611], "pipPosition": [-33.636, 375.153, -75.5098], "stabilizedTipPosition": [-26.8696, 377.392, -110.932], "timeVisible": 10.3217, "tipPosition": [-26.3318, 372.76, -110.135], "tipVelocity": [-5.30934, -94.9412, 22.4311], "tool": false, "touchDistance": 0.333633, "touchZone": "hovering", "type": 3, "width": 16.3406}, {"bases": [[[0.859774, -0.502791, -0.0893838], [0.496182, 0.781077, 0.379107], [-0.120796, -0.370297, 0.921026]], [[0.868197, -0.449445, -0.210318], [0.472533, 0.878208, 0.0739125], [0.151483, -0.163553, 0.974835]], [[0.868197, -0.449445, -0.210318], [0.416769, 0.890496, -0.18254], [0.269329, 0.070827, 0.96044]], [[0.868197, -0.449445, -0.210318], [0.416769, 0.890496, -0.18254], [0.269329, 0.070827, 0.96044]]], "btipPosition": [-41.9525, 361.764, -96.6324], "carpPosition": [-48.598, 339.749, 10.6325], "dipPosition": [-45.89, 362.8, -82.5913], "direction": [0.269329, -0.070827, -0.96044], "extended": true, "handId": 35, "id": 354, "length": 42.8407, "mcpPosition": [-54.9008, 359.07, -37.4235], "pipPosition": [-50.3578, 363.975, -66.6588], "stabilizedTipPosition": [-42.3819, 364.645, -93.0882], "timeVisible": 10.3217, "tipPosition": [-41.6519, 359.519, -92.446], "tipVelocity": [-40.5565, -53.1373, 12.4418], "tool": false, "touchDistance": 0.336451, "touchZone": "hovering", "type": 4, "width": 14.515}], "r": [[0.66925, 0.213809, 0.71161], [0.573586, 0.46014, -0.677695], [-0.472338, 0.861717, 0.185311]], "s": 0.937455, "t": [-23.8785, 20.4719, -34.4534], "timestamp": 629480865563}, {"currentFrameRate": 55.2054, "devices": [], "gestures": [], "hands": [{"armBasis": [[0.910825, 0.0146454, -0.412534], [0.145301, 0.924038, 0.353611], [0.386376, -0.382019, 0.839509]], "armWidth": 57.5192, "confidence": 1, "direction": [0.118592, 0.500491, -0.857581], "elbow": [-134.58, 231.314, 240.215], "grabAngle": 0.474058, "grabStrength": 0, "id": 35, "palmNormal": [0.163799, -0.861704, -0.480246], "palmPosition": [-22.6308, 354.34, -22.6939], "palmVelocity": [-12.2327, -150.277, 15.0773], "palmWidth": 81.8753, "pinchDistance": 49.6832, "pinchStrength": 0.00605076, "r": [[0.669229, 0.213483, 0.711729], [0.573072, 0.461426, -0.677255], [-0.472993, 0.86111, 0.186459]], "s": 0.938066, "sphereCenter": [-11.4242, 226.526, -98.0907], "sphereRadius": 149.129, "stabilizedPalmPosition": [-22.5215, 360.508, -23.1447], "t": [23.8093, 18.1081, -34.2955], "timeVisible": 10.3399, "type": "left", "wrist": [-40.7084, 324.127, 36.253]}], "id": 16939, "interactionBox": {"center": [0, 200, 0], "size": [235.247, 235.247, 147.751]}, "pointables": [{"bases": [[[0.517449, 0.834786, 0.188093], [-0.668631, 0.257257, 0.697676], [0.534022, -0.486776, 0.691281]], [[0.460636, 0.879839, 0.117033], [-0.695783, 0.276075, 0.663075], [0.55109, -0.386866, 0.739347]], [[0.460636, 0.879839, 0.117033], [-0.85394, 0.403343, 0.328787], [0.242075, -0.25139, 0.937125]], [[0.460636, 0.879839, 0.117033], [-0.885124, 0.445526, 0.134398], [0.0661073, -0.165497, 0.983992]]], "btipPosition": [23.6677, 352.956, -57.5633], "carpPosition": [-9.39839, 325.025, 22.2781], "dipPosition": [22.3554, 349.671, -38.0313], "direction": [0.242075, 0.25139, -0.937125], "extended": false, "handId": 35, "id": 350, "length": 44.2025, "mcpPosition": [-9.39839, 325.025, 22.2781], "pipPosition": [15.3551, 342.401, -10.9314], "stabilizedTipPosition": [23.3734, 358.024, -53.4651], "timeVisible": 10.3399, "tipPosition": [24.4998, 353.615, -51.9878], "tipVelocity": [-6.38754, -147.675, 12.1655], "tool": false, "touchDistance": 0.339183, "touchZone": "hovering", "type": 0, "width": 18.3048}, {"bases": [[[0.945525, 0.00170098, -0.325546], [0.120253, 0.92744, 0.354112], [0.302527, -0.373969, 0.876712]], [[0.98188, -0.0584873, -0.180255], [0.104017, 0.961424, 0.254644], [0.158408, -0.268779, 0.950087]], [[0.98188, -0.0584873, -0.180255], [0.0759697, 0.992888, 0.0916575], [0.173612, -0.103691, 0.97934]], [[0.98188, -0.0584873, -0.180255], [0.0534167, 0.998031, -0.0328613], [0.181822, 0.0226372, 0.983071]]], "btipPosition": [13.7473, 380.747, -105.847], "carpPosition": [-18.246, 344.399, 21.134], "dipPosition": [11.1125, 381.075, -91.6008], "direction": [0.173612, 0.103691, -0.97934], "extended": true, "handId": 35, "id": 351, "length": 49.8776, "mcpPosition": [1.78126, 369.156, -36.9044], "pipPosition": [7.55342, 378.949, -71.5242], "stabilizedTipPosition": [13.0277, 387.521, -103.443], "timeVisible": 10.3399, "tipPosition": [13.6026, 380.013, -102.126], "tipVelocity": [-3.62477, -171.533, 8.59211], "tool": false, "touchDistance": 0.333461, "touchZone": "hovering", "type": 1, "width": 17.4848}, {"bases": [[[0.943257, -0.20697, -0.259671], [0.284987, 0.90594, 0.313138], [0.170436, -0.369373, 0.913518]], [[0.955042, -0.24052, -0.173334], [0.274939, 0.937277, 0.214292], [0.11092, -0.252314, 0.961267]], [[0.955042, -0.24052, -0.173334], [0.251365, 0.966925, 0.0432632], [0.157195, -0.0848881, 0.983912]], [[0.955042, -0.24052, -0.173334], [0.229192, 0.96984, -0.082951], [0.188057, 0.039495, 0.981364]]], "btipPosition": [-6.61038, 380.958, -118.376], "carpPosition": [-28.6334, 346.036, 17.6435], "dipPosition": [-9.60772, 381.587, -102.735], "direction": [0.157195, 0.0848881, -0.983912], "extended": true, "handId": 35, "id": 352, "length": 56.8316, "mcpPosition": [-17.9335, 369.225, -39.7065], "pipPosition": [-13.399, 379.54, -79.0042], "stabilizedTipPosition": [-7.50047, 387.383, -115.459], "timeVisible": 10.3399, "tipPosition": [-7.17014, 381.225, -114.483], "tipVelocity": [-11.9153, -177.878, 8.36577], "tool": false, "touchDistance": 0.333462, "touchZone": "hovering", "type": 2, "width": 17.1724}, {"bases": [[[0.933872, -0.326771, -0.145271], [0.356938, 0.876601, 0.322747], [0.0218804, -0.353257, 0.93527]], [[0.933282, -0.319949, -0.16315], [0.343897, 0.927087, 0.149143], [0.103536, -0.195299, 0.975263]], [[0.933282, -0.319949, -0.16315], [0.309013, 0.946866, -0.0891928], [0.183018, 0.0328266, 0.982561]], [[0.933282, -0.319949, -0.16315], [0.292364, 0.940663, -0.172268], [0.208586, 0.113076, 0.971445]]], "btipPosition": [-26.3522, 369.515, -113.788], "carpPosition": [-39.1145, 344.766, 14.3663], "dipPosition": [-29.6576, 371.307, -98.3937], "direction": [0.183018, -0.0328266, -0.982561], "extended": true, "handId": 35, "id": 353, "length": 54.6451, "mcpPosition": [-37.8812, 364.678, -38.3504], "pipPosition": [-33.9577, 372.079, -75.308], "stabilizedTipPosition": [-26.921, 375.812, -110.787], "timeVisible": 10.3399, "tipPosition": [-26.684, 369.804, -109.9], "tipVelocity": [-23.2705, -168.976, 9.74649], "tool": false, "touchDistance": 0.333479, "touchZone": "hovering", "type": 3, "width": 16.3406}, {"bases": [[[0.858228, -0.505779, -0.0873644], [0.498365, 0.780429, 0.377576], [-0.122788, -0.367585, 0.921848]], [[0.866886, -0.454541, -0.204698], [0.475196, 0.877567, 0.0637537], [0.150657, -0.152539, 0.976747]], [[0.866886, -0.454541, -0.204698], [0.423928, 0.888226, -0.177029], [0.262285, 0.0666872, 0.962683]], [[0.866886, -0.454541, -0.204698], [0.423928, 0.888226, -0.177029], [0.262285, 0.0666872, 0.962683]]], "btipPosition": [-42.4378, 358.697, -96.4628], "carpPosition": [-48.7348, 337.024, 10.9724], "dipPosition": [-46.2723, 359.672, -82.389], "direction": [0.262285, -0.0666872, -0.962683], "extended": true, "handId": 35, "id": 354, "length": 42.8407, "mcpPosition": [-55.1415, 356.204, -37.1266], "pipPosition": [-50.6233, 360.778, -66.4192], "stabilizedTipPosition": [-42.6093, 363.257, -93.1216], "timeVisible": 10.3399, "tipPosition": [-41.9622, 356.591, -92.1772], "tipVelocity": [-25.4543, -169.908, 9.76738], "tool": false, "touchDistance": 0.338797, "touchZone": "hovering", "type": 4, "width": 14.515}], "r": [[0.669229, 0.213483, 0.711729], [0.573072, 0.461426, -0.677255], [-0.472993, 0.86111, 0.186459]], "s": 0.938066, "t": [-23.8093, 18.1081, -34.2955], "timestamp": 629480883698}, {"currentFrameRate": 55.22, "devices": [], "gestures": [], "hands": [{"armBasis": [[0.909447, 0.00562286, -0.415782], [0.155953, 0.922308, 0.353591], [0.385467, -0.386414, 0.837914]], "armWidth": 57.5192, "confidence": 1, "direction": [0.117738, 0.499963, -0.858006], "elbow": [-134.614, 227.766, 239.863], "grabAngle": 0.4831, "grabStrength": 0, "id": 35, "palmNormal": [0.174061, -0.86103, -0.47784], "palmPosition": [-22.917, 351.938, -22.6266], "palmVelocity": [-15.8503, -132.973, 3.73023], "palmWidth": 81.8753, "pinchDistance": 49.3312, "pinchStrength": 0.0152027, "r": [[0.67025, 0.212235, 0.711141], [0.572922, 0.461114, -0.677595], [-0.471726, 0.861586, 0.187468]], "s": 0.938199, "sphereCenter": [-10.3062, 225.768, -96.6903], "sphereRadius": 147.018, "stabilizedPalmPosition": [-22.6298, 358.162, -23.0028], "t": [23.6315, 15.7256, -34.1829], "timeVisible": 10.3579, "type": "left", "wrist": [-40.9636, 321.646, 36.2889]}], "id": 16940, "interactionBox": {"center": [0, 200, 0], "size": [235.247, 235.247, 147.751]}, "pointables": [{"bases": [[[0.526123, 0.83023, 0.184156], [-0.663032, 0.264861, 0.700169], [0.532526, -0.490476, 0.689818]], [[0.467994, 0.876664, 0.111545], [-0.692004, 0.285026, 0.663243], [0.549648, -0.387584, 0.740045]], [[0.467994, 0.876664, 0.111545], [-0.84944, 0.411417, 0.330436], [0.24379, -0.249393, 0.937214]], [[0.467994, 0.876664, 0.111545], [-0.880904, 0.452676, 0.138176], [0.0706398, -0.162926, 0.984106]]], "btipPosition": [23.5288, 350.689, -57.4167], "carpPosition": [-9.61205, 322.834, 22.4609], "dipPosition": [22.1266, 347.455, -37.8824], "direction": [0.24379, 0.249393, -0.937214], "extended": false, "handId": 35, "id": 350, "length": 44.2025, "mcpPosition": [-9.61205, 322.834, 22.4609], "pipPosition": [15.0766, 340.243, -10.7798], "stabilizedTipPosition": [23.3236, 355.617, -53.3038], "timeVisible": 10.3579, "tipPosition": [24.3298, 351.574, -51.7285], "tipVelocity": [-8.83727, -124.877, 8.15094], "tool": false, "touchDistance": 0.340806, "touchZone": "hovering", "type": 0, "width": 18.3048}, {"bases": [[[0.944023, 