{"frames": 88, "data": [{"currentFrameRate": 80.0471, "devices": [], "gestures": [], "hands": [{"armBasis": [[-0.871436, -0.477369, 0.112772], [0.395161, -0.819443, -0.415163], [0.290597, -0.317225, 0.90273]], "armWidth": 55.4852, "confidence": 1, "direction": [-0.158226, -0.0844872, -0.983782], "elbow": [-86.6991, 15.8823, 336.596], "grabAngle": 0.629424, "grabStrength": 0, "id": 86, "palmNormal": [0.368002, 0.919504, -0.138154], "palmPosition": [-27.7684, 96.7727, 52.7803], "palmVelocity": [-37.8798, 225.673, -112.152], "palmWidth": 81.2159, "pinchDistance": 51.2942, "pinchStrength": 0, "r": [[0.995336, -0.08799, 0.0395382], [0.0960255, 0.864669, -0.493079], [0.00919861, 0.494576, 0.869085]], "s": 0.683393, "sphereCenter": [22.4409, 210.525, 31.4683], "sphereRadius": 125.423, "stabilizedPalmPosition": [-26.6474, 88.0176, 44.8207], "t": [-43.2535, -70.0472, 38.8466], "timeVisible": 13.305, "type": "left", "wrist": [-16.6663, 92.3325, 119.041]}], "id": 31060, "interactionBox": {"center": [0, 200, 0], "size": [235.247, 235.247, 147.751]}, "pointables": [{"bases": [[[-0.00867651, -0.993393, -0.114432], [0.840229, -0.0692881, 0.537786], [-0.542162, -0.0914832, 0.835279]], [[0.0757186, -0.967091, -0.242901], [0.818645, -0.0787852, 0.56887], [-0.569286, -0.241924, 0.785739]], [[0.0757186, -0.967091, -0.242901], [0.995602, 0.0598467, 0.0720801], [-0.0551712, -0.247291, 0.967369]], [[0.0757186, -0.967091, -0.242901], [0.94241, 0.148995, -0.299439], [0.325776, -0.20624, 0.922678]]], "btipPosition": [-54.92, 136.029, 21.4809], "carpPosition": [-34.6111, 113.578, 104.536], "dipPosition": [-61.632, 131.779, 40.491], "direction": [-0.0551712, 0.247291, -0.967369], "extended": false, "handId": 86, "id": 860, "length": 45.8802, "mcpPosition": [-34.6111, 113.578, 104.536], "pipPosition": [-59.976, 124.357, 69.5273], "stabilizedTipPosition": [-54.2824, 124.641, 29.5747], "timeVisible": 13.305, "tipPosition": [-55.171, 135.886, 26.5693], "tipVelocity": [-54.7335, 201.83, -162.849], "tool": false, "touchDistance": 0.244215, "touchZone": "hovering", "type": 0, "width": 17.4391}, {"bases": [[[-0.959594, -0.243644, -0.140771], [0.250146, -0.967736, -0.0302254], [-0.128865, -0.0642173, 0.989581]], [[-0.968065, -0.24945, -0.0250012], [0.247373, -0.934263, -0.256824], [0.040707, -0.254807, 0.966135]], [[-0.968065, -0.24945, -0.0250012], [0.232839, -0.857648, -0.458504], [0.0929316, -0.449683, 0.88834]], [[-0.968065, -0.24945, -0.0250012], [0.210062, -0.752671, -0.623988], [0.136836, -0.609313, 0.781034]]], "btipPosition": [-28.8798, 124.515, -44.5859], "carpPosition": [-27.1724, 88.3664, 93.1941], "dipPosition": [-31.1435, 114.435, -31.6649], "direction": [0.0929316, 0.449683, -0.88834], "extended": true, "handId": 86, "id": 862, "length": 58.9886, "mcpPosition": [-35.1973, 92.3654, 31.5694], "pipPosition": [-33.4699, 103.178, -9.42644], "stabilizedTipPosition": [-26.8189, 117.045, -38.7757], "timeVisible": 13.305, "tipPosition": [-30.8969, 116.573, -43.5747], "tipVelocity": [-73.0762, 194.831, -98.7598], "tool": false, "touchDistance": 0.295933, "touchZone": "hovering", "type": 2, "width": 16.3602}, {"bases": [[[-0.984207, -0.176789, 0.00907049], [0.176712, -0.984225, -0.00864454], [0.0104557, -0.00690514, 0.999921]], [[-0.984076, -0.176502, -0.0209918], [0.176766, -0.959419, -0.219703], [0.018638, -0.219915, 0.975341]], [[-0.984076, -0.176502, -0.0209918], [0.166149, -0.871479, -0.46143], [0.0631492, -0.45757, 0.886928]], [[-0.984076, -0.176502, -0.0209918], [0.154586, -0.791576, -0.591195], [0.0877302, -0.585026, 0.806256]]], "btipPosition": [-12.6963, 114.795, -38.2524], "carpPosition": [-16.9971, 84.9771, 90.9091], "dipPosition": [-14.1394, 105.172, -24.9908], "direction": [0.0631492, 0.45757, -0.886928], "extended": true, "handId": 86, "id": 863, "length": 56.7191, "mcpPosition": [-16.4125, 85.3632, 35.0023], "pipPosition": [-15.6794, 94.0132, -3.36111], "stabilizedTipPosition": [-10.3294, 107.003, -32.7108], "timeVisible": 13.305, "tipPosition": [-14.6212, 108.284, -36.4318], "tipVelocity": [-82.6482, 171.758, -114.776], "tool": false, "touchDistance": 0.299227, "touchZone": "hovering", "type": 3, "width": 15.5677}, {"bases": [[[-0.87669, -0.392629, -0.277952], [0.409889, -0.912125, -0.00438795], [-0.251804, -0.117777, 0.960585]], [[-0.910747, -0.408996, -0.0571097], [0.410259, -0.880288, -0.238287], [0.0471854, -0.240449, 0.969514]], [[-0.910747, -0.408996, -0.0571097], [0.393307, -0.816903, -0.421876], [0.125893, -0.406685, 0.904853]], [[-0.910747, -0.408996, -0.0571097], [0.37004, -0.74685, -0.552526], [0.183328, -0.524344, 0.831537]]], "btipPosition": [-45.2632, 127.328, -34.7802], "carpPosition": [-35.9489, 93.9592, 96.7279], "dipPosition": [-48.0207, 119.441, -22.2729], "direction": [0.125893, 0.406685, -0.904853], "extended": true, "handId": 86, "id": 861, "length": 51.7707, "mcpPosition": [-52.4841, 101.693, 33.6493], "pipPosition": [-50.6995, 110.787, -3.01925], "stabilizedTipPosition": [-42.9185, 119.669, -29.2151], "timeVisible": 13.305, "tipPosition": [-47.3856, 117.81, -33.8992], "tipVelocity": [-77.5653, 194.236, -104.546], "tool": false, "touchDistance": 0.29352, "touchZone": "hovering", "type": 1, "width": 16.6578}, {"bases": [[[-0.99196, -0.0113311, 0.126042], [0.021706, -0.996458, 0.0812464], [0.124675, 0.0833291, 0.988692]], [[-0.999097, -0.0245882, -0.0346437], [0.0304872, -0.982896, -0.181622], [-0.0295854, -0.182514, 0.982758]], [[-0.999097, -0.0245882, -0.0346437], [0.0371777, -0.900657, -0.432938], [-0.020557, -0.433835, 0.900758]], [[-0.999097, -0.0245882, -0.0346437], [0.0396565, -0.832253, -0.552975], [-0.0152357, -0.55385, 0.832477]]], "btipPosition": [0.453946, 104.459, -19.0762], "carpPosition": [-4.49272, 87.2159, 90.8284], "dipPosition": [0.685137, 96.0544, -6.44395], "direction": [-0.020557, 0.433835, -0.900758], "extended": true, "handId": 86, "id": 864, "length": 44.4667, "mcpPosition": [1.96004, 82.9031, 39.6571], "pipPosition": [1.0391, 88.5844, 9.06567], "stabilizedTipPosition": [1.97474, 95.9593, -14.6547], "timeVisible": 13.305, "tipPosition": [-0.235587, 99.4515, -16.5187], "tipVelocity": [-54.8201, 266.802, -88.3046], "tool": false, "touchDistance": 0.305197, "touchZone": "hovering", "type": 4, "width": 13.8285}], "r": [[0.995336, -0.08799, 0.0395382], [0.0960255, 0.864669, -0.493079], [0.00919861, 0.494576, 0.869085]], "s": 0.683393, "t": [43.2535, -70.0472, 38.8466], "timestamp": 629749820603}, {"currentFrameRate": 81.6189, "devices": [], "gestures": [], "hands": [{"armBasis": [[-0.870495, -0.47824, 0.116298], [0.397377, -0.822341, -0.407243], [0.290397, -0.308289, 0.905885]], "armWidth": 55.4852, "confidence": 1, "direction": [-0.170892, -0.0866029, -0.981476], "elbow": [-86.1642, 20.7021, 336.068], "grabAngle": 0.640069, "grabStrength": 0, "id": 86, "palmNormal": [0.362405, 0.920775, -0.144348], "palmPosition": [-28.0429, 99.2076, 51.6359], "palmVelocity": [-32.3523, 287.059, -134.929], "palmWidth": 81.2159, "pinchDistance": 50.9489, "pinchStrength": 0, "r": [[0.995067, -0.0881515, 0.045506], [0.0990758, 0.859723, -0.501058], [0.00504651, 0.503095, 0.864216]], "s": 0.681, "sphereCenter": [21.0323, 210.769, 29.5841], "sphereRadius": 122.981, "stabilizedPalmPosition": [-26.8261, 89.4503, 45.6933], "t": [-43.5476, -67.8036, 37.8869], "timeVisible": 13.3135, "type": "left", "wrist": [-16.1795, 94.9987, 117.752]}], "id": 31061, "interactionBox": {"center": [0, 200, 0], "size": [235.247, 235.247, 147.751]}, "pointables": [{"bases": [[[-0.0111934, -0.993521, -0.113099], [0.832748, -0.0718744, 0.548968], [-0.55354, -0.0880377, 0.828156]], [[0.0750007, -0.967753, -0.240476], [0.813044, -0.0802781, 0.576642], [-0.577352, -0.238766, 0.780805]], [[0.0750007, -0.967753, -0.240476], [0.994236, 0.0540434, 0.0925985], [-0.0766164, -0.246034, 0.966228]], [[0.0750007, -0.967753, -0.240476], [0.950838, 0.142068, -0.275178], [0.300468, -0.208015, 0.930832]]], "btipPosition": [-56.1012, 138.372, 20.4843], "carpPosition": [-34.2679, 116.063, 103.454], "dipPosition": [-62.2918, 134.086, 39.6623], "direction": [-0.0766164, 0.246034, -0.966228], "extended": false, "handId": 86, "id": 860, "length": 45.8802, "mcpPosition": [-34.2679, 116.063, 103.454], "pipPosition": [-59.9921, 126.701, 68.6644], "stabilizedTipPosition": [-54.5891, 125.846, 29.1321], "timeVisible": 13.3135, "tipPosition": [-55.981, 138.154, 25.7162], "tipVelocity": [-125.125, 275.228, -112.945], "tool": false, "touchDistance": 0.24721, "touchZone": "hovering", "type": 0, "width": 17.4391}, {"bases": [[[-0.958628, -0.239977, -0.153115], [0.246593, -0.968783, -0.0255082], [-0.142214, -0.0622101, 0.987879]], [[-0.968684, -0.245609, -0.0364386], [0.246482, -0.933478, -0.26051], [0.0299689, -0.261333, 0.964783]], [[-0.968684, -0.245609, -0.0364386], [0.234205, -0.855079, -0.462588], [0.0824577, -0.456635, 0.885824]], [[-0.968684, -0.245609, -0.0364386], [0.213639, -0.749662, -0.626391], [0.126531, -0.61456, 0.778657]]], "btipPosition": [-30.3048, 127.426, -45.464], "carpPosition": [-26.8777, 90.8644, 92.0503], "dipPosition": [-32.398, 117.259, -32.5824], "direction": [0.0824577, 0.456635, -0.885824], "extended": true, "handId": 86, "id": 862, "length": 58.9886, "mcpPosition": [-35.7339, 94.7384, 30.5316], "pipPosition": [-34.4622, 105.828, -10.4069], "stabilizedTipPosition": [-27.3767, 118.176, -39.2994], "timeVisible": 13.3135, "tipPosition": [-32.4494, 119.128, -44.6], "tipVelocity": [-163.375, 340.817, -104.597], "tool": false, "touchDistance": 0.294881, "touchZone": "hovering", "type": 2, "width": 16.3602}, {"bases": [[[-0.98495, -0.172798, -0.00371037], [0.172815, -0.984942, -0.00487803], [-0.00281159, -0.00544582, 0.999981]], [[-0.984463, -0.17257, -0.0324315], [0.175432, -0.958788, -0.223492], [0.00747298, -0.225709, 0.974166]], [[-0.984463, -0.17257, -0.0324315], [0.167796, -0.870158, -0.463324], [0.0517351, -0.461567, 0.885596]], [[-0.984463, -0.17257, -0.0324315], [0.158156, -0.79122, -0.590726], [0.0762811, -0.586678, 0.80622]]], "btipPosition": [-14.0667, 117.601, -39.4498], "carpPosition": [-16.7198, 87.5129, 89.6357], "dipPosition": [-15.3214, 107.952, -26.1889], "direction": [0.0517351, 0.461567, -0.885596], "extended": true, "handId": 86, "id": 863, "length": 56.7191, "mcpPosition": [-16.877, 87.8173, 33.7255], "pipPosition": [-16.5831, 96.6952, -4.59168], "stabilizedTipPosition": [-10.8417, 108.069, -33.1802], "timeVisible": 13.3135, "tipPosition": [-16.068, 110.79, -37.7155], "tipVelocity": [-156.458, 330.155, -141.196], "tool": false, "touchDistance": 0.292078, "touchZone": "hovering", "type": 3, "width": 15.5677}, {"bases": [[[-0.87452, -0.389501, -0.288971], [0.406205, -0.913779, 0.00236226], [-0.264976, -0.115316, 0.957335]], [[-0.911448, -0.405351, -0.0703803], [0.409955, -0.880421, -0.238318], [0.0346382, -0.246067, 0.968634]], [[-0.911448, -0.405351, -0.0703803], [0.395053, -0.814532, -0.424818], [0.114873, -0.415003, 0.902539]], [[-0.911448, -0.405351, -0.0703803], [0.373303, -0.742912, -0.555632], [0.17294, -0.532703, 0.828444]]], "btipPosition": [-46.6738, 130.149, -35.4737], "carpPosition": [-35.6293, 96.427, 95.6919], "dipPosition": [-49.275, 122.137, -23.0129], "direction": [0.114873, 0.415003, -0.902539], "extended": true, "handId": 86, "id": 861, "length": 51.7707, "mcpPosition": [-53.0294, 103.999, 32.8268], "pipPosition": [-51.7193, 113.306, -3.80847], "stabilizedTipPosition": [-43.4788, 120.78, -29.6517], "timeVisible": 13.3135, "tipPosition": [-48.827, 120.363, -34.7196], "tipVelocity": [-162.066, 329.228, -83.0189], "tool": false, "touchDistance": 0.295055, "touchZone": "hovering", "type": 1, "width": 16.6578}, {"bases": [[[-0.99358, -0.00713425, 0.112909], [0.0165831, -0.996414, 0.0829696], [0.111912, 0.0843093, 0.990135]], [[-0.998979, -0.019998, -0.0404982], [0.0276713, -0.979644, -0.198826], [-0.0356976, -0.199744, 0.979198]], [[-0.998979, -0.019998, -0.0404982], [0.0362442, -0.889969, -0.454579], [-0.0269514, -0.455582, 0.889785]], [[-0.998979, -0.019998, -0.0404982], [0.0394825, -0.8221, -0.567972], [-0.0219352, -0.568991, 0.822051]]], "btipPosition": [-0.342779, 108.135, -20.1352], "carpPosition": [-4.22684, 89.802, 89.3861], "dipPosition": [-0.00992781, 99.5006, -7.66118], "direction": [-0.0269514, 0.455582, -0.889785], "extended": true, "handId": 86, "id": 864, "length": 44.4667, "mcpPosition": [1.56534, 85.4385, 38.1402], "pipPosition": [0.454133, 91.6561, 7.65952], "stabilizedTipPosition": [1.36509, 98.7313, -15.3651], "timeVisible": 13.3135, "tipPosition": [-1.34615, 102.237, -17.9642], "tipVelocity": [-91.1747, 427.146, -129.145], "tool": false, "touchDistance": 0.301658, "touchZone": "hovering", "type": 4, "width": 13.8285}], "r": [[0.995067, -0.0881515, 0.045506], [0.0990758, 0.859723, -0.501058], [0.00504651, 0.503095, 0.864216]], "s": 0.681, "t": [43.5476, -67.8036, 37.8869], "timestamp": 629749829085}, {"currentFrameRate": 82.9026, "devices": [], "gestures": [], "hands": [{"armBasis": [[-0.87422, -0.4699, 0.122205], [0.388684, -0.82815, -0.403847], [0.290972, -0.305552, 0.906628]], "armWidth": 55.4852, "confidence": 1, "direction": [-0.167843, -0.0848685, -0.982154], "elbow": [-86.5755, 24.4393, 335.143], "grabAngle": 0.644886, "grabStrength": 0, "id": 86, "palmNormal": [0.35359, 0.924813, -0.14034], "palmPosition": [-28.1942, 102.308, 50.5107], "palmVelocity": [-16.7467, 343.121, -124.539], "palmWidth": 81.2159, "pinchDistance": 50.6581, "pinchStrength": 0, "r": [[0.994676, -0.0902347, 0.0497705], [0.103003, 0.85586, -0.506848], [0.00313868, 0.509276, 0.860598]], "s": 0.678875, "sphereCenter": [20.0272, 212.944, 29.0092], "sphereRadius": 121.585, "stabilizedPalmPosition": [-27.0832, 91.8664, 46.5986], "t": [-43.7703, -65.1318, 36.8445], "timeVisible": 13.3226, "type": "left", "wrist": [-16.4523, 98.0764, 116.648]}], "id": 31062, "interactionBox": {"center": [0, 200, 0], "size": [235.247, 235.247, 147.751]}, "pointables": [{"bases": [[[-0.0212813, -0.992961, -0.116513], [0.833214, -0.0820222, 0.546834], [-0.552542, -0.0854425, 0.829094]], [[0.0652724, -0.967433, -0.244566], [0.817247, -0.0888051, 0.569404], [-0.572579, -0.237037, 0.784835]], [[0.0652724, -0.967433, -0.244566], [0.994617, 0.0433093, 0.094135], [-0.0804774, -0.249394, 0.965052]], [[0.0652724, -0.967433, -0.244566], [0.954507, 0.131994, -0.267384], [0.290957, -0.215987, 0.932037]]], "btipPosition": [-56.6335, 141.417, 19.2338], "carpPosition": [-34.701, 118.92, 102.372], "dipPosition": [-62.6281, 136.967, 38.4367], "direction": [-0.0804774, 0.249394, -0.965052], "extended": false, "handId": 86, "id": 860, "length": 45.8802, "mcpPosition": [-34.701, 118.92, 102.372], "pipPosition": [-60.2125, 129.481, 67.4035], "stabilizedTipPosition": [-55.0731, 127.903, 28.357], "timeVisible": 13.3226, "tipPosition": [-56.4809, 141.056, 24.6487], "tipVelocity": [-53.9254, 332.849, -137.772], "tool": false, "touchDistance": 0.248667, "touchZone": "hovering", "type": 0, "width": 17.4391}, {"bases": [[[-0.961295, -0.229946, -0.151781], [0.236932, -0.971081, -0.0294194], [-0.140626, -0.0642424, 0.987976]], [[-0.971143, -0.235879, -0.0352487], [0.236555, -0.933822, -0.268362], [0.0303849, -0.268956, 0.962673]], [[-0.971143, -0.235879, -0.0352487], [0.224391, -0.85359, -0.47014], [0.0808084, -0.464483, 0.881888]], [[-0.971143, -0.235879, -0.0352487], [0.204743, -0.748741, -0.63045], [0.122318, -0.619474, 0.775429]]], "btipPosition": [-30.4578, 131.125, -46.3804], "carpPosition": [-27.0363, 93.8356, 90.8985], "dipPosition": [-32.4814, 120.877, -33.5522], "direction": [0.0808084, 0.464483, -0.881888], "extended": true, "handId": 86, "id": 862, "length": 58.9886, "mcpPosition": [-35.7936, 97.8362, 29.3737], "pipPosition": [-34.5043, 109.249, -11.4752], "stabilizedTipPosition": [-28.1905, 120.607, -40.2473], "timeVisible": 13.3226, "tipPosition": [-32.5504, 122.644, -45.6203], "tipVelocity": [-15.1674, 407.337, -102.785], "tool": false, "touchDistance": 0.295283, "touchZone": "hovering", "type": 2, "width": 16.3602}, {"bases": [[[-0.986619, -0.163031, -0.00208487], [0.163043, -0.986581, -0.00867872], [-0.000641995, -0.00890251, 0.99996]], [[-0.986169, -0.162696, -0.0316394], [0.165585, -0.958725, -0.231147], [0.00727323, -0.233189, 0.972404]], [[-0.986169, -0.162696, -0.0316394], [0.158532, -0.870215, -0.466469], [0.0483597, -0.465033, 0.883972]], [[-0.986169, -0.162696, -0.0316394], [0.149905, -0.794089, -0.589026], [0.0707079, -0.585622, 0.807494]]], "btipPosition": [-14.2479, 121.236, -40.5012], "carpPosition": [-16.8404, 90.5932, 88.4952], "dipPosition": [-15.4109, 111.604, -27.2193], "direction": [0.0483597, 0.465033, -0.883972], "extended": true, "handId": 86, "id": 863, "length": 56.7191, "mcpPosition": [-16.8763, 91.091, 32.5862], "pipPosition": [-16.5902, 100.263, -5.66167], "stabilizedTipPosition": [-11.6201, 110.39, -34.0842], "timeVisible": 13.3226, "tipPosition": [-16.1244, 114.353, -38.7634], "tipVelocity": [-17.714, 402.764, -115.831], "tool": false, "touchDistance": 0.291433, "touchZone": "hovering", "type": 3, "width": 15.5677}, {"bases": [[[-0.993348, 0.00230252, 0.115126], [0.00690111, -0.996812, 0.0794811], [0.114943, 0.079747, 0.990166]], [[-0.999503, -0.0093218, -0.0301255], [0.0159687, -0.973387, -0.22861], [-0.0271927, -0.228978, 0.973052]], [[-0.999503, -0.0093218, -0.0301255], [0.0223933, -0.882428, -0.469914], [-0.0222031, -0.470355, 0.882198]], [[-0.999503, -0.0093218, -0.0301255], [0.0252265, -0.809593, -0.58645], [-0.0189226, -0.586918, 0.809425]]], "btipPosition": [0.0629414, 113.012, -20.7276], "carpPosition": [-4.37018, 93.0067, 88.2817], "dipPosition": [0.350078, 104.106, -8.44516], "direction": [-0.0222031, 0.470355, -0.882198], "extended": true, "handId": 86, "id": 864, "length": 44.4667, "mcpPosition": [1.57884, 88.8793, 37.0342], "pipPosition": [0.732382, 96.0069, 6.74491], "stabilizedTipPosition": [0.789708, 104.425, -16.5463], "timeVisible": 13.3226, "tipPosition": [-1.25071, 106.264, -18.9265], "tipVelocity": [43.7417, 532.885, -70.4431], "tool": false, "touchDistance": 0.309233, "touchZone": "hovering", "type": 4, "width": 13.8285}, {"bases": [[[-0.878974, -0.37982, -0.288343], [0.397142, -0.917755, -0.00171902], [-0.263975, -0.116024, 0.957526]], [[-0.915493, -0.39603, -0.0709364], [0.400829, -0.882547, -0.24586], [0.0347633, -0.253516, 0.966706]], [[-0.915493, -0.39603, -0.0709364], [0.385868, -0.814349, -0.433522], [0.113921, -0.424259, 0.898347]], [[-0.915493, -0.39603, -0.0709364], [0.364456, -0.741629, -0.563168], [0.170423, -0.54143, 0.823292]]], "btipPosition": [-46.8829, 133.677, -36.3989], "carpPosition": [-35.8506, 99.2986, 94.5396], "dipPosition": [-49.4462, 125.533, -24.0157], "direction": [0.113921, 0.424259, -0.898347], "extended": true, "handId": 86, "id": 861, "length": 51.7707, "mcpPosition": [-53.1851, 106.918, 31.6619], "pipPosition": [-51.8703, 116.506, -4.90045], "stabilizedTipPosition": [-44.3055, 123.062, -30.4588], "timeVisible": 13.3226, "tipPosition": [-48.9624, 123.732, -35.7697], "tipVelocity": [-22.172, 387.153, -104.383], "tool": false, "touchDistance": 0.294103, "touchZone": "hovering", "type": 1, "width": 16.6578}], "r": [[0.994676, -0.0902347, 0.0497705], [0.103003, 0.85586, -0.506848], [0.00313868, 0.509276, 0.860598]], "s": 0.678875, "t": [43.7703, -65.1318, 36.8445], "timestamp": 629749838120}, {"currentFrameRate": 84.1248, "devices": [], "gestures": [], "hands": [{"armBasis": [[-0.879737, -0.457554, 0.129257], [0.375265, -0.835129, -0.402164], [0.291958, -0.305292, 0.906398]], "armWidth": 55.4852, "confidence": 1, "direction": [-0.163694, -0.0838918, -0.982938], "elbow": [-87.2366, 27.7589, 334.116], "grabAngle": 0.641519, "grabStrength": 0, "id": 86, "palmNormal": [0.34004, 0.930518, -0.136047], "palmPosition": [-28.4581, 105.542, 49.512], "palmVelocity": [-29.1747, 357.553, -110.39], "palmWidth": 81.2159, "pinchDistance": 50.2384, "pinchStrength": 0, "r": [[0.994099, -0.0949019, 0.0525417], [0.108413, 0.85277, -0.510911], [0.00368046, 0.513593, 0.858026]], "s": 0.676525, "sphereCenter": [18.8156, 216.188, 28.5851], "sphereRadius": 121.018, "stabilizedPalmPosition": [-27.425, 95.2668, 47.3229], "t": [-44.0136, -62.1785, 35.824], "timeVisible": 13.3316, "type": "left", "wrist": [-16.8756, 101.333, 115.677]}], "id": 31063, "interactionBox": {"center": [0, 200, 0], "size": [235.247, 235.247, 147.751]}, "pointables": [{"bases": [[[-0.0365586, -0.992109, -0.119933], [0.83347, -0.0964848, 0.544076], [-0.551354, -0.0800702, 0.83042]], [[0.0499324, -0.967458, -0.248057], [0.82304, -0.10084, 0.558961], [-0.565785, -0.232071, 0.791221]], [[0.0499324, -0.967458, -0.248057], [0.995456, 0.0280467, 0.0909932], [-0.0810749, -0.251474, 0.964462]], [[0.0499324, -0.967458, -0.248057], [0.957835, 0.116749, -0.262531], [0.282948, -0.224489, 0.932494]]], "btipPosition": [-57.1775, 144.384, 17.9974], "carpPosition": [-35.3648, 121.87, 101.412], "dipPosition": [-63.0071, 139.758, 37.2097], "direction": [-0.0810749, 0.251474, -0.964462], "extended": false, "handId": 86, "id": 860, "length": 45.8802, "mcpPosition": [-35.3648, 121.87, 101.412], "pipPosition": [-60.5736, 132.21, 66.1588], "stabilizedTipPosition": [-55.6993, 130.705, 27.2773], "timeVisible": 13.3316, "tipPosition": [-57.2807, 143.937, 23.6709], "tipVelocity": [-55.9341, 323.502, -136.424], "tool": false, "touchDistance": 0.248998, "touchZone": "hovering", "type": 0, "width": 17.4391}, {"bases": [[[-0.965083, -0.214924, -0.149743], [0.222206, -0.974423, -0.033528], [-0.138707, -0.0656312, 0.988156]], [[-0.974708, -0.221168, -0.0320618], [0.221372, -0.935866, -0.274134], [0.0306242, -0.274298, 0.961157]], [[-0.974708, -0.221168, -0.0320618], [0.209656, -0.855277, -0.473862], [0.0773815, -0.468599, 0.880015]], [[-0.974708, -0.221168, -0.0320618], [0.192074, -0.755723, -0.626091], [0.114242, -0.616414, 0.779091]]], "btipPosition": [-30.8014, 134.6, -47.3664], "carpPosition": [-27.2902, 96.9453, 89.8731], "dipPosition": [-32.6914, 124.402, -34.4776], "direction": [0.0773815, 0.468599, -0.880015], "extended": true, "handId": 86, "id": 862, "length": 58.9886, "mcpPosition": [-35.928, 101.032, 28.3371], "pipPosition": [-34.6285, 112.672, -12.4475], "stabilizedTipPosition": [-29.1146, 124.141, -41.5078], "timeVisible": 13.3316, "tipPosition": [-32.8296, 126.195, -46.5448], "tipVelocity": [-34.5853, 385.423, -107.448], "tool": false, "touchDistance": 0.293825, "touchZone": "hovering", "type": 2, "width": 16.3602}, {"bases": [[[-0.988962, -0.148168, 0.000260929], [0.148153, -0.988884, -0.0126235], [0.00212842, -0.0124455, 0.99992]], [[-0.98859, -0.147733, -0.0294071], [0.15048, -0.959844, -0.23676], [0.00675115, -0.238484, 0.971123]], [[-0.98859, -0.147733, -0.0294071], [0.144318, -0.873, -0.46588], [0.0431537, -0.464808, 0.884359]], [[-0.98859, -0.147733, -0.0294071], [0.137194, -0.802469, -0.580708], [0.0621918, -0.578117, 0.81358]]], "btipPosition": [-14.5799, 124.786, -41.5648], "carpPosition": [-17.0398, 93.8651, 87.4886], "dipPosition": [-15.6028, 115.277, -28.1827], "direction": [0.0431537, 0.464808, -0.884359], "extended": true, "handId": 86, "id": 863, "length": 56.7191, "mcpPosition": [-16.9208, 94.561, 31.5818], "pipPosition": [-16.6552, 103.941, -6.61568], "stabilizedTipPosition": [-12.5423, 113.914, -35.3549], "timeVisible": 13.3316, "tipPosition": [-16.2894, 118.152, -39.6654], "tipVelocity": [-33.1362, 395.462, -115.015], "tool": false, "touchDistance": 0.290667, "touchZone": "hovering", "type": 3, "width": 15.5677}, {"bases": [[[-0.992862, 0.0168301, 0.118071], [-0.00786829, -0.99708, 0.0759614], [0.119005, 0.0744902, 0.990095]], [[-0.999761, 0.00629286, -0.0209571], [-0.000800467, -0.967631, -0.252368], [-0.0218668, -0.25229, 0.967404]], [[-0.999761, 0.00629286, -0.0209571], [0.00450448, -0.878053, -0.478543], [-0.0214128, -0.478522, 0.877814]], [[-0.999761, 0.00629286, -0.0209571], [0.00739663, -0.804185, -0.594333], [-0.0205934, -0.594345, 0.803946]]], "btipPosition": [0.190743, 117.723, -21.3508], "carpPosition": [-4.60667, 96.4666, 87.3204], "dipPosition": [0.503233, 108.704, -9.15151], "direction": [-0.0214128, 0.478522, -0.877814], "extended": true, "handId": 86, "id": 864, "length": 44.4667, "mcpPosition": [1.5526, 92.6113, 36.0766], "pipPosition": [0.871929, 100.465, 5.96307], "stabilizedTipPosition": [0.457875, 111.491, -17.8046], "timeVisible": 13.3316, "tipPosition": [-1.28479, 110.455, -19.7596], "tipVelocity": [14.7709, 517.859, -71.0002], "tool": false, "touchDistance": 0.312908, "touchZone": "hovering", "type": 4, "width": 13.8285}, {"bases": [[[-0.885423, -0.365533, -0.287073], [0.383281, -0.923612, -0.00611464], [-0.262909, -0.115444, 0.957889]], [[-0.921689, -0.382037, -0.0673585], [0.38609, -0.886496, -0.255066], [0.0377317, -0.261098, 0.964575]], [[-0.921689, -0.382037, -0.0673585], [0.370618, -0.815891, -0.443806], [0.114593, -0.434015, 0.893588]], [[-0.921689, -0.382037, -0.0673585], [0.349683, -0.743017, -0.570655], [0.167963, -0.549521, 0.818423]]], "btipPosition": [-47.0689, 137.219, -37.2], "carpPosition": [-36.1963, 102.262, 93.5072], "dipPosition": [-49.5953, 128.953, -24.89], "direction": [0.114593, 0.434015, -0.893588], "extended": true, "handId": 86, "id": 861, "length": 51.7707, "mcpPosition": [-53.4607, 109.843, 30.6057], "pipPosition": [-52.0336, 119.718, -5.87606], "stabilizedTipPosition": [-45.2508, 126.526, -31.5639], "timeVisible": 13.3316, "tipPosition": [-49.2514, 127.184, -36.6894], "tipVelocity": [-19.6257, 388.36, -90.4114], "tool": false, "touchDistance": 0.295177, "touchZone": "hovering", "type": 1, "width": 16.6578}], "r": [[0.994099, -0.0949019, 0.0525417], [0.108413, 0.85277, -0.510911], [0.00368046, 0.513593, 0.858026]], "s": 0.676525, "t": [44.0136, -62.1785, 35.824], "timestamp": 629749847167}, {"currentFrameRate": 85.3102, "devices": [], "gestures": [], "hands": [{"armBasis": [[-0.879644, -0.457917, 0.128601], [0.37642, -0.835508, -0.400293], [0.290748, -0.303707, 0.907319]], "armWidth": 55.4852, "confidence": 1, "direction": [-0.170188, -0.07418, -0.982616], "elbow": [-86.8155, 31.4269, 332.877], "grabAngle": 0.632367, "grabStrength": 0, "id": 86, "palmNormal": [0.337055, 0.932635, -0.128784], "palmPosition": [-28.7311, 109.362, 48.1674], "palmVelocity": [-30.3141, 424.192, -149.311], "palmWidth": 81.2159, "pinchDistance": 49.9053, "pinchStrength": 0, "r": [[0.993496, -0.0991829, 0.0559289], [0.11382, 0.851265, -0.512244], [0.00319549, 0.515278, 0.857017]], "s": 0.674669, "sphereCenter": [18.6053, 219.976, 28.1351], "sphereRadius": 120.772, "stabilizedPalmPosition": [-27.857, 99.9285, 47.6022], "t": [-44.2717, -58.7919, 34.6414], "timeVisible": 13.3406, "type": "left", "wrist": [-16.746, 104.619, 114.216]}], "id": 31064, "interactionBox": {"center": [0, 200, 0], "size": [235.247, 235.247, 147.751]}, "pointables": [{"bases": [[[-0.0379302, -0.990741, -0.130361], [0.829537, -0.103955, 0.548691], [-0.557163, -0.0873271, 0.825799]], [[0.049119, -0.965132, -0.257114], [0.822676, -0.106883, 0.558373], [-0.566385, -0.238948, 0.788741]], [[0.049119, -0.965132, -0.257114], [0.994591, 0.0236765, 0.101132], [-0.0915177, -0.260691, 0.961075]], [[0.049119, -0.965132, -0.257114], [0.962159, 0.114803, -0.247126], [0.268026, -0.235246, 0.934249]]], "btipPosition": [-57.7811, 148.459, 17.0394], "carpPosition": [-35.3207, 125.141, 100.278], "dipPosition": [-63.3033, 143.613, 36.2879], "direction": [-0.0915177, 0.260691, -0.961075], "extended": false, "handId": 86, "id": 860, "length": 45.8802, "mcpPosition": [-35.3207, 125.141, 100.278], "pipPosition": [-60.5563, 135.788, 65.1353], "stabilizedTipPosition": [-56.5997, 135.175, 25.7164], "timeVisible": 13.3406, "tipPosition": [-57.8295, 147.947, 22.899], "tipVelocity": [-59.1759, 446.942, -105.458], "tool": false, "touchDistance": 0.267059, "touchZone": "hovering", "type": 0, "width": 17.4391}, {"bases": [[[-0.964514, -0.211181, -0.158478], [0.22028, -0.974531, -0.042027], [-0.145566, -0.0754451, 0.986468]], [[-0.974979, -0.218653, -0.0400724], [0.220908, -0.93292, -0.284358], [0.0247914, -0.286096, 0.95788]], [[-0.974979, -0.218653, -0.0400724], [0.210959, -0.853274, -0.476886], [0.0700799, -0.473408, 0.878051]], [[-0.974979, -0.218653, -0.0400724], [0.19596, -0.760286, -0.619326], [0.104951, -0.611683, 0.78411]]], "btipPosition": [-31.7922, 139.163, -48.5999], "carpPosition": [-27.2699, 100.354, 88.4293], "dipPosition": [-33.5285, 129.044, -35.6281], "direction": [0.0700799, 0.473408, -0.878051], "extended": true, "handId": 86, "id": 862, "length": 58.9886, "mcpPosition": [-36.3348, 105.053, 26.9984], "pipPosition": [-35.2828, 117.192, -13.6471], "stabilizedTipPosition": [-30.464, 129.708, -43.3096], "timeVisible": 13.3406, "tipPosition": [-33.7738, 131.087, -47.606], "tipVelocity": [-106.1, 508.713, -134.856], "tool": false, "touchDistance": 0.297595, "touchZone": "hovering", "type": 2, "width": 16.3602}, {"bases": [[[-0.989265, -0.145913, -0.00796165], [0.146054, -0.989037, -0.0217743], [-0.00469722, -0.0227034, 0.999731]], [[-0.988692, -0.145176, -0.0375898], [0.149963, -0.956532, -0.250114], [0.00035453, -0.252922, 0.967487]], [[-0.988692, -0.145176, -0.0375898], [0.145787, -0.871728, -0.467801], [0.0351452, -0.467991, 0.883034]], [[-0.988692, -0.145176, -0.0375898], [0.140353, -0.807504, -0.57292], [0.0528201, -0.571717, 0.818749]]], "btipPosition": [-15.5519, 129.357, -43.0086], "carpPosition": [-17.0291, 97.3222, 85.9439], "dipPosition": [-16.4207, 119.953, -29.5415], "direction": [0.0351452, 0.467991, -0.883034], "extended": true, "handId": 86, "id": 863, "length": 56.7191, "mcpPosition": [-17.2917, 98.5915, 30.0477], "pipPosition": [-17.2778, 108.54, -8.00678], "stabilizedTipPosition": [-13.8905, 119.492, -37.2689], "timeVisible": 13.3406, "tipPosition": [-17.1748, 122.979, -40.9402], "tipVelocity": [-104.004, 510.276, -158.162], "tool": false, "touchDistance": 0.293237, "touchZone": "hovering", "type": 3, "width": 15.5677}, {"bases": [[[-0.993603, 0.0178771, 0.111508], [-0.0105833, -0.997786, 0.0656625], [0.112435, 0.0640623, 0.991592]], [[-0.999711, 0.00914171, -0.022217], [-0.00256725, -0.960128, -0.279548], [-0.0238867, -0.27941, 0.959875]], [[-0.999711, 0.00914171, -0.022217], [0.00313601, -0.867203, -0.497945], [-0.0238187, -0.497871, 0.866924]], [[-0.999711, 0.00914171, -0.022217], [0.00608932, -0.798153, -0.602424], [-0.0232397, -0.602386, 0.797867]]], "btipPosition": [-0.290283, 123.049, -22.5163], "carpPosition": [-4.60319, 99.9535, 85.7182], "dipPosition": [0.0623633, 113.908, -10.4093], "direction": [-0.0238187, 0.497871, -0.866924], "extended": true, "handId": 86, "id": 864, "length": 44.4667, "mcpPosition": [1.21603, 96.6379, 34.3969], "pipPosition": [0.472484, 105.335, 4.51778], "stabilizedTipPosition": [-0.0577463, 118.8, -19.2942], "timeVisible": 13.3406, "tipPosition": [-1.94688, 115.348, -21.156], "tipVelocity": [-52.392, 588.328, -131.787], "tool": false, "touchDistance": 0.312257, "touchZone": "hovering", "type": 4, "width": 13.8285}, {"bases": [[[-0.884255, -0.360555, -0.296805], [0.381276, -0.92437, -0.0130025], [-0.269669, -0.124662, 0.95485]], [[-0.92216, -0.379297, -0.0758609], [0.385257, -0.883076, -0.267867], [0.0346102, -0.276242, 0.960465]], [[-0.92216, -0.379297, -0.0758609], [0.370541, -0.809943, -0.454634], [0.110998, -0.447355, 0.887442]], [[-0.92216, -0.379297, -0.0758609], [0.351198, -0.738808, -0.575172], [0.162114, -0.557043, 0.814507]]], "btipPosition": [-47.7618, 142.145, -37.9845], "carpPosition": [-36.1627, 105.613, 92.1781], "dipPosition": [-50.2002, 133.766, -25.7333], "direction": [0.110998, 0.447355, -0.887442], "extended": true, "handId": 86, "id": 861, "length": 51.7707, "mcpPosition": [-53.871, 113.8, 29.4761], "pipPosition": [-52.562, 124.248, -6.85015], "stabilizedTipPosition": [-46.5969, 132.526, -33.1427], "timeVisible": 13.3406, "tipPosition": [-50.1134, 132.041, -37.6042], "tipVelocity": [-74.6972, 544.179, -88.6149], "tool": false, "touchDistance": 0.304625, "touchZone": "hovering", "type": 1, "width": 16.6578}], "r": [[0.993496, -0.0991829, 0.0559289], [0.11382, 0.851265, -0.512244], [0.00319549, 0.515278, 0.857017]], "s": 0.674669, "t": [44.2717, -58.7919, 34.6414], "timestamp": 629749856172}, {"currentFrameRate": 86.4062, "devices": [], "gestures": [], "hands": [{"armBasis": [[-0.888732, -0.439689, 0.129724], [0.359726, -0.844294, -0.397196], [0.284168, -0.306336, 0.908519]], "armWidth": 55.4852, "confidence": 1, "direction": [-0.163277, -0.0646748, -0.984458], "elbow": [-85.4134, 34.0496, 332.295], "grabAngle": 0.61402, "grabStrength": 0, "id": 86, "palmNormal": [0.321225, 0.939991, -0.11503], "palmPosition": [-28.689, 113.099, 47.2679], "palmVelocity": [4.62956, 410.884, -98.9096], "palmWidth": 81.2159, "pinchDistance": 49.877, "pinchStrength": 0, "r": [[0.992692, -0.106241, 0.0572236], [0.12054, 0.850917, -0.511283], [0.00562661, 0.514445, 0.857505]], "s": 0.672893, "sphereCenter": [17.5599, 225.327, 28.9893], "sphereRadius": 121.502, "stabilizedPalmPosition": [-28.2061, 105.454, 47.462], "t": [-44.3798, -55.2303, 33.6004], "timeVisible": 13.3497, "type": "left", "wrist": [-16.9298, 107.876, 113.345]}], "id": 31065, "interactionBox": {"center": [0, 200, 0], "size": [235.247, 235.247, 147.751]}, "pointables": [{"bases": [[[-0.0561913, -0.988182, -0.142613], [0.830664, -0.125519, 0.542441], [-0.553931, -0.0879831, 0.8279]], [[0.0293612, -0.963026, -0.267802], [0.827044, -0.12706, 0.547589], [-0.561369, -0.237562, 0.792735]], [[0.0293612, -0.963026, -0.267802], [0.99539, 0.00369806, 0.095834], [-0.0913003, -0.269382, 0.958696]], [[0.0293612, -0.963026, -0.267802], [0.964483, 0.0976556, -0.245429], [0.262507, -0.251085, 0.93169]]], "btipPosition": [-58.1961, 151.939, 16.2412], "carpPosition": [-35.852, 128.096, 99.5336], "dipPosition": [-63.6045, 146.766, 35.4369], "direction": [-0.0913003, 0.269382, -0.958696], "extended": false, "handId": 86, "id": 860, "length": 45.8802, "mcpPosition": [-35.852, 128.096, 99.5336], "pipPosition": [-60.8641, 138.681, 64.2129], "stabilizedTipPosition": [-57.5633, 140.459, 23.9997], "timeVisible": 13.3497, "tipPosition": [-58.341, 151.47, 22.2883], "tipVelocity": [-42.7564, 374.421, -89.1136], "tool": false, "touchDistance": 0.274788, "touchZone": "hovering", "type": 0, "width": 17.4391}, {"bases": [[[-0.968982, -0.192123, -0.155443], [0.202762, -0.977648, -0.0556046], [-0.141286, -0.0853977, 0.986279]], [[-0.97899, -0.201134, -0.0335114], [0.201904, -0.933221, -0.29721], [0.0285054, -0.297732, 0.954224]], [[-0.97899, -0.201134, -0.0335114], [0.192228, -0.85555, -0.48071], [0.0680163, -0.477052, 0.876239]], [[-0.97899, -0.201134, -0.0335114], [0.179737, -0.773602, -0.607647], [0.0962939, -0.600903, 0.7935]]], "btipPosition": [-31.5899, 143.442, -49.5513], "carpPosition": [-27.2968, 103.607, 87.421], "dipPosition": [-33.1829, 133.501, -36.4241], "direction": [0.0680164, 0.477052, -0.876239], "extended": true, "handId": 86, "id": 862, "length": 58.9886, "mcpPosition": [-36.0952, 108.925, 26.0019], "pipPosition": [-34.8856, 121.559, -14.4885], "stabilizedTipPosition": [-31.301, 136.129, -45.117], "timeVisible": 13.3497, "tipPosition": [-33.5044, 136.166, -48.1796], "tipVelocity": [25.873, 475.068, -100.688], "tool": false, "touchDistance": 0.300949, "touchZone": "hovering", "type": 2, "width": 16.3602}, {"bases": [[[-0.991721, -0.128347, -0.00397264], [0.128407, -0.9911, -0.0350995], [0.000567615, -0.035319, 0.999376]], [[-0.99132, -0.127267, -0.0329763], [0.131445, -0.954494, -0.267701], [0.00259397, -0.269712, 0.962938]], [[-0.99132, -0.127267, -0.0329763], [0.12769, -0.87232, -0.471967], [0.0313002, -0.472081, 0.880999]], [[-0.99132, -0.127267, -0.0329763], [0.123656, -0.8174, -0.562643], [0.0446513, -0.561837, 0.826042]]], "btipPosition": [-15.3585, 134.125, -43.8661], "carpPosition": [-16.9901, 100.788, 84.9579], "dipPosition": [-16.093, 124.884, -30.2791], "direction": [0.0313002, 0.472081, -0.880999], "extended": true, "handId": 86, "id": 863, "length": 56.7191, "mcpPosition": [-16.9583, 102.762, 29.0816], "pipPosition": [-16.8563, 113.371, -8.79396], "stabilizedTipPosition": [-14.8278, 126.654, -39.257], "timeVisible": 13.3497, "tipPosition": [-16.8387, 128.142, -41.5712], "tipVelocity": [24.6575, 528.475, -91.2603], "tool": false, "touchDistance": 0.302115, "touchZone": "hovering", "type": 3, "width": 15.5677}, {"bases": [[[-0.992483, 0.0339628, 0.117575], [-0.0278629, -0.998198, 0.0531413], [0.119168, 0.0494658, 0.991641]], [[-0.999554, 0.0272514, -0.0121976], [-0.0222072, -0.951659, -0.306354], [-0.0199565, -0.305946, 0.95184]], [[-0.999554, 0.0272514, -0.0121976], [-0.0170189, -0.855715, -0.517167], [-0.0245312, -0.516729, 0.855798]], [[-0.999554, 0.0272514, -0.0121976], [-0.0140367, -0.789494, -0.613597], [-0.0263513, -0.613152, 0.789525]]], "btipPosition": [0.112675, 128.805, -22.8302], "carpPosition": [-4.6116, 103.64, 84.8386], "dipPosition": [0.512537, 119.501, -10.8497], "direction": [-0.0245312, 0.516729, -0.855798], "extended": true, "handId": 86, "id": 864, "length": 44.4667, "mcpPosition": [1.55613, 101.08, 33.5148], "pipPosition": [0.934925, 110.604, 3.88577], "stabilizedTipPosition": [0.152032, 125.088, -19.9182], "timeVisible": 13.3497, "tipPosition": [-1.54208, 120.71, -21.739], "tipVelocity": [45.5045, 628.848, -37.714], "tool": false, "touchDistance": 0.320724, "touchZone": "hovering", "type": 4, "width": 13.8285}, {"bases": [[[-0.892164, -0.341118, -0.296112], [0.364782, -0.930704, -0.026899], [-0.266417, -0.132015, 0.954774]], [[-0.929574, -0.362385, -0.0675963], [0.3662, -0.886731, -0.282144], [0.0423048, -0.287027, 0.956988]], [[-0.929574, -0.362385, -0.0675963], [0.351265, -0.815128, -0.460629], [0.111825, -0.451933, 0.885015]], [[-0.929574, -0.362385, -0.0675963], [0.334019, -0.750421, -0.57035], [0.155961, -0.552761, 0.818616]]], "btipPosition": [-47.4719, 146.116, -38.853], "carpPosition": [-36.3024, 108.661, 91.1833], "dipPosition": [-49.8177, 137.802, -26.54], "direction": [0.111825, 0.451933, -0.885015], "extended": true, "handId": 86, "id": 861, "length": 51.7707, "mcpPosition": [-53.7972, 117.33, 28.4863], "pipPosition": [-52.1972, 128.186, -7.70849], "stabilizedTipPosition": [-47.3642, 138.86, -34.704], "timeVisible": 13.3497, "tipPosition": [-49.9051, 136.789, -38.2443], "tipVelocity": [34.2215, 438.292, -93.9383], "tool": false, "touchDistance": 0.304537, "touchZone": "hovering", "type": 1, "width": 16.6578}], "r": [[0.992692, -0.106241, 0.0572236], [0.12054, 0.850917, -0.511283], [0.00562661, 0.514445, 0.857505]], "s": 0.672893, "t": [44.3798, -55.2303, 33.6004], "timestamp": 629749865266}, {"currentFrameRate": 87.5252, "devices": [], "gestures": [], "hands": [{"armBasis": [[-0.893548, -0.431994, 0.122282], [0.355984, -0.84767, -0.393358], [0.273583, -0.307954, 0.911217]], "armWidth": 55.4852, "confidence": 1, "direction": [-0.162706, -0.0584527, -0.984942], "elbow": [-82.9424, 37.4373, 331.9], "grabAngle": 0.5915, "grabStrength": 0, "id": 86, "palmNormal": [0.317004, 0.942222, -0.108284], "palmPosition": [-28.8712, 117.224, 46.2424], "palmVelocity": [-20.4204, 462.228, -114.901], "palmWidth": 81.2159, "pinchDistance": 49.8911, "pinchStrength": 0, "r": [[0.991914, -0.112861, 0.0580407], [0.126654, 0.851211, -0.509312], [0.0080767, 0.512545, 0.858623]], "s": 0.671425, "sphereCenter": [17.8474, 231.173, 28.8565], "sphereRadius": 123.116, "stabilizedPalmPosition": [-28.5522, 111.58, 46.8273], "t": [-44.5249, -51.3869, 32.5671], "timeVisible": 13.3586, "type": "left", "wrist": [-17.0098, 111.653, 112.299]}], "id": 31066, "interactionBox": {"center": [0, 200, 0], "size": [235.247, 235.247, 147.751]}, "pointables": [{"bases": [[[-0.0606993, -0.986885, -0.149575], [0.83024, -0.133103, 0.541281], [-0.554091, -0.0913277, 0.827431]], [[0.0231776, -0.961988, -0.272107], [0.829529, -0.133407, 0.542296], [-0.557983, -0.238289, 0.794905]], [[0.0231776, -0.961988, -0.272107], [0.995394, -0.00311948, 0.0958144], [-0.0930211, -0.273074, 0.957485]], [[0.0231776, -0.961988, -0.272107], [0.966597, 0.0910559, -0.23958], [0.25525, -0.25