{"frames": 43, "data": [{"currentFrameRate": 55.3089, "devices": [], "gestures": [], "hands": [{"armBasis": [[0.214229, 0.967175, 0.13667], [-0.504413, -0.010279, 0.863401], [0.836465, -0.253904, 0.485653]], "armWidth": 68.4237, "confidence": 1, "direction": [0.434232, 0.310123, -0.845734], "elbow": [-146.506, 178.471, 256.156], "grabAngle": 2.84007, "grabStrength": 0, "id": 74, "palmNormal": [-0.848635, -0.174023, -0.499534], "palmPosition": [121.578, 264.107, 56.4415], "palmVelocity": [-502.744, 105.26, -26.9028], "palmWidth": 93.0355, "pinchDistance": 55.9435, "pinchStrength": 0.438302, "r": [[-0.197596, 0.297096, -0.934179], [0.204341, -0.919551, -0.335665], [-0.958749, -0.257218, 0.120991]], "s": 1.14228, "sphereCenter": [95.4983, 261.469, 20.9314], "sphereRadius": 44.6371, "stabilizedPalmPosition": [121.621, 264.098, 56.4439], "t": [275.345, 78.0988, -56.4926], "timeVisible": 8.89371, "type": "left", "wrist": [84.4169, 248.566, 122.082]}], "id": 27506, "interactionBox": {"center": [0, 200, 0], "size": [235.247, 235.247, 147.751]}, "pointables": [{"bases": [[[0.224897, 0.973435, 0.0429515], [-0.91027, 0.19417, 0.365659], [0.347606, -0.121333, 0.929757]], [[0.251867, 0.96068, 0.116864], [-0.954632, 0.226808, 0.192967], [0.158874, -0.160164, 0.974221]], [[0.251867, 0.96068, 0.116864], [-0.967578, 0.25233, 0.0110629], [-0.0188604, -0.115861, 0.993086]], [[0.251867, 0.96068, 0.116864], [-0.956877, 0.265273, -0.118396], [-0.144741, -0.0820045, 0.986066]]], "btipPosition": [146.191, 259.602, -51.7738], "carpPosition": [116.138, 239.367, 101.062], "dipPosition": [148.67, 258.198, -34.8875], "direction": [-0.0188604, 0.115861, -0.993086], "extended": true, "handId": 74, "id": 741, "length": 58.9429, "mcpPosition": [142.286, 248.494, 31.1223], "pipPosition": [149.127, 255.391, -10.8289], "stabilizedTipPosition": [146.803, 259.273, -47.8866], "timeVisible": 8.89371, "tipPosition": [146.026, 259.311, -47.315], "tipVelocity": [-594.649, 90.8011, -48.573], "tool": false, "touchDistance": 0.322987, "touchZone": "hovering", "type": 1, "width": 21.2066}, {"bases": [[[-0.722213, 0.59226, 0.357263], [-0.45318, -0.795392, 0.402467], [0.522529, 0.128763, 0.842843]], [[-0.824249, 0.54583, 0.15061], [-0.554573, -0.831891, -0.020154], [0.114291, -0.100136, 0.988388]], [[-0.824249, 0.54583, 0.15061], [-0.566152, -0.790095, -0.234995], [-0.00927075, -0.278962, 0.960257]], [[-0.824249, 0.54583, 0.15061], [-0.543539, -0.688178, -0.4806], [-0.158679, -0.477996, 0.86391]]], "btipPosition": [98.7056, 250.644, -4.74744], "carpPosition": [96.9112, 224.787, 98.7808], "dipPosition": [102.428, 239.431, 15.5177], "direction": [-0.00927075, 0.278962, -0.960257], "extended": false, "handId": 74, "id": 740, "length": 52.2364, "mcpPosition": [96.9112, 224.787, 98.7808], "pipPosition": [102.745, 229.898, 48.3337], "stabilizedTipPosition": [99.5859, 248.061, -0.0862549], "timeVisible": 8.89371, "tipPosition": [96.7704, 253.222, 1.74006], "tipVelocity": [-539.66, 89.961, -3.98155], "tool": false, "touchDistance": 0.285317, "touchZone": "hovering", "type": 0, "width": 22.2012}, {"bases": [[[0.421654, 0.900633, 0.105201], [-0.851291, 0.353234, 0.38798], [0.312267, -0.25315, 0.915644]], [[0.402171, 0.914193, 0.0501057], [-0.509245, 0.268835, -0.817556], [-0.760874, 0.303281, 0.573666]], [[0.402171, 0.914193, 0.0501057], [0.750073, -0.2976, -0.590614], [-0.525023, 0.27511, -0.805397]], [[0.402171, 0.914193, 0.0501057], [0.912061, -0.404814, 0.0653512], [0.0800271, 0.0194171, -0.996604]]], "btipPosition": [87.1907, 247.102, 50.3666], "carpPosition": [115.13, 251.902, 101.673], "dipPosition": [85.6834, 247.467, 31.5953], "direction": [-0.525023, -0.27511, 0.805397], "extended": false, "handId": 74, "id": 742, "length": 67.1607, "mcpPosition": [137.406, 269.96, 36.3545], "pipPosition": [100.648, 255.309, 8.63993], "stabilizedTipPosition": [86.8503, 247.185, 46.049], "timeVisible": 8.89371, "tipPosition": [88.0213, 246.107, 45.8645], "tipVelocity": [-498.05, 92.8191, 14.0155], "tool": false, "touchDistance": 0.333333, "touchZone": "none", "type": 2, "width": 20.8277}, {"bases": [[[0.525977, 0.824356, 0.20925], [-0.808602, 0.408428, 0.423496], [0.263648, -0.391949, 0.8814]], [[0.509221, 0.846375, 0.156021], [-0.443731, 0.413529, -0.795045], [-0.737426, 0.335623, 0.58614]], [[0.509221, 0.846375, 0.156021], [0.737072, -0.335293, -0.586773], [-0.444318, 0.413796, -0.794578]], [[0.509221, 0.846375, 0.156021], [0.853338, -0.520096, 0.0362655], [0.11184, 0.114671, -0.987088]]], "btipPosition": [84.5255, 260.134, 60.4238], "carpPosition": [110.905, 263.697, 102.577], "dipPosition": [82.431, 262.281, 41.9386], "direction": [-0.444318, -0.413796, 0.794578], "extended": false, "handId": 74, "id": 743, "length": 64.5768, "mcpPosition": [127.792, 288.8, 46.1253], "pipPosition": [94.7679, 273.77, 19.8765], "stabilizedTipPosition": [84.0583, 260.625, 56.1721], "timeVisible": 8.89371, "tipPosition": [84.2777, 259.416, 57.9988], "tipVelocity": [-501.679, 90.9333, 3.09418], "tool": false, "touchDistance": 0.333333, "touchZone": "none", "type": 3, "width": 19.8189}, {"bases": [[[0.679282, 0.69456, 0.236986], [-0.690459, 0.49543, 0.527081], [0.248679, -0.521666, 0.816102]], [[0.639722, 0.758338, 0.125215], [-0.464182, 0.511032, -0.723451], [-0.61261, 0.404685, 0.678925]], [[0.639722, 0.758338, 0.125215], [0.610908, -0.402814, -0.681566], [-0.466419, 0.512508, -0.720964]], [[0.639722, 0.758338, 0.125215], [0.767996, -0.637163, -0.0648442], [0.0306087, 0.137647, -0.990008]]], "btipPosition": [84.1284, 277.143, 61.8528], "carpPosition": [99.7106, 272.982, 103.063], "dipPosition": [83.5996, 279.521, 44.749], "direction": [-0.466419, -0.512508, 0.720964], "extended": false, "handId": 74, "id": 744, "length": 50.627, "mcpPosition": [114.454, 303.91, 54.6768], "pipPosition": [92.7432, 289.568, 30.6153], "stabilizedTipPosition": [84.019, 277.688, 57.9189], "timeVisible": 8.89371, "tipPosition": [84.9296, 276.433, 58.6207], "tipVelocity": [-507.62, 89.9385, 1.01139], "tool": false, "touchDistance": 0.333333, "touchZone": "none", "type": 4, "width": 17.6047}], "r": [[-0.197596, 0.297096, -0.934179], [0.204341, -0.919551, -0.335665], [-0.958749, -0.257218, 0.120991]], "s": 1.14228, "t": [-275.345, 78.0988, -56.4926], "timestamp": 629681526193}, {"currentFrameRate": 55.2952, "devices": [], "gestures": [], "hands": [{"armBasis": [[0.237128, 0.962904, 0.128788], [-0.514579, 0.0120512, 0.857358], [0.824001, -0.269575, 0.498348]], "armWidth": 68.4237, "confidence": 1, "direction": [0.416193, 0.33231, -0.846377], "elbow": [-152.264, 174.52, 258.231], "grabAngle": 2.84548, "grabStrength": 0, "id": 74, "palmNormal": [-0.84231, -0.209701, -0.496527], "palmPosition": [111.369, 266.099, 54.8038], "palmVelocity": [-563.022, 109.859, -90.325], "palmWidth": 93.0355, "pinchDistance": 55.4003, "pinchStrength": 0.430911, "r": [[-0.188834, 0.302321, -0.934314], [0.197521, -0.920294, -0.337706], [-0.961939, -0.248317, 0.114068]], "s": 1.14358, "sphereCenter": [84.514, 263.261, 19.5364], "sphereRadius": 44.7698, "stabilizedPalmPosition": [111.411, 266.091, 54.8105], "t": [266.3, 79.9319, -57.5363], "timeVisible": 8.91184, "type": "left", "wrist": [75.2177, 248.942, 120.652]}], "id": 27507, "interactionBox": {"center": [0, 200, 0], "size": [235.247, 235.247, 147.751]}, "pointables": [{"bases": [[[0.267745, 0.962304, 0.0477891], [-0.902383, 0.233073, 0.362466], [0.337664, -0.140173, 0.930771]], [[0.29318, 0.948498, 0.119988], [-0.946579, 0.270349, 0.175785], [0.134293, -0.165115, 0.977089]], [[0.29318, 0.948498, 0.119988], [-0.955309, 0.2956, -0.00248711], [-0.0378274, -0.113896, 0.992772]], [[0.29318, 0.948498, 0.119988], [-0.942419, 0.307836, -0.130707], [-0.160912, -0.0747583, 0.984133]]], "btipPosition": [134.747, 262.667, -53.6459], "carpPosition": [107.236, 240.973, 99.3489], "dipPosition": [137.502, 261.387, -36.7926], "direction": [-0.0378274, 0.113896, -0.992772], "extended": true, "handId": 74, "id": 741, "length": 58.9429, "mcpPosition": [132.636, 251.518, 29.333], "pipPosition": [138.419, 258.628, -12.7417], "stabilizedTipPosition": [135.422, 262.361, -49.7628], "timeVisible": 8.91184, "tipPosition": [135.528, 262.76, -49.1198], "tipVelocity": [-627.678, 170.622, -103.666], "tool": false, "touchDistance": 0.314252, "touchZone": "hovering", "type": 1, "width": 21.2066}, {"bases": [[[-0.696782, 0.622436, 0.356466], [-0.489899, -0.775966, 0.397336], [0.523922, 0.102224, 0.84561]], [[-0.799882, 0.581342, 0.149095], [-0.590265, -0.806955, -0.0202914], [0.108516, -0.104236, 0.988615]], [[-0.799882, 0.581342, 0.149095], [-0.599608, -0.763479, -0.239936], [-0.0256541, -0.281319, 0.959271]], [[-0.799882, 0.581342, 0.149095], [-0.570738, -0.660002, -0.488523], [-0.185596, -0.475855, 0.859718]]], "btipPosition": [88.9744, 251.658, -6.31424], "carpPosition": [88.6661, 225.562, 97.0935], "dipPosition": [93.3281, 240.496, 13.8526], "direction": [-0.0256541, 0.281319, -0.959271], "extended": false, "handId": 74, "id": 740, "length": 52.2364, "mcpPosition": [88.6661, 225.562, 97.0935], "pipPosition": [94.2048, 230.882, 46.6348], "stabilizedTipPosition": [90.001, 249.088, -1.67169], "timeVisible": 8.91184, "tipPosition": [86.877, 254.239, 0.136382], "tipVelocity": [-528.674, 56.5792, -87.6583], "tool": false, "touchDistance": 0.290449, "touchZone": "hovering", "type": 0, "width": 22.2012}, {"bases": [[[0.460788, 0.880591, 0.110604], [-0.836494, 0.389272, 0.385674], [0.296567, -0.270233, 0.915982]], [[0.442176, 0.895211, 0.0554787], [-0.488981, 0.292454, -0.821808], [-0.751917, 0.336255, 0.567057]], [[0.442176, 0.895211, 0.0554787], [0.742492, -0.330639, -0.582566], [-0.503176, 0.298789, -0.810888]], [[0.442176, 0.895211, 0.0554787], [0.892333, -0.445321, 0.073699], [0.090682, 0.0169176, -0.995736]]], "btipPosition": [77.8713, 247.646, 49.143], "carpPosition": [105.675, 253.449, 100.014], "dipPosition": [76.1633, 247.965, 30.388], "direction": [-0.503176, -0.298789, 0.810888], "extended": false, "handId": 74, "id": 742, "length": 67.1607, "mcpPosition": [126.831, 272.726, 34.6715], "pipPosition": [90.5048, 256.481, 7.27618], "stabilizedTipPosition": [77.486, 247.719, 44.8303], "timeVisible": 8.91184, "tipPosition": [78.5727, 246.689, 44.3135], "tipVelocity": [-516.518, 29.4482, -67.2758], "tool": false, "touchDistance": 0.333333, "touchZone": "none", "type": 2, "width": 20.8277}, {"bases": [[[0.561147, 0.799359, 0.214802], [-0.791555, 0.442379, 0.421594], [0.241981, -0.406603, 0.880976]], [[0.545627, 0.822302, 0.161588], [-0.41775, 0.434041, -0.798182], [-0.726482, 0.368006, 0.580341]], [[0.545627, 0.822302, 0.161588], [0.726149, -0.36766, -0.580976], [-0.418328, 0.434333, -0.797719]], [[0.545627, 0.822302, 0.161588], [0.828785, -0.558042, 0.0412904], [0.124126, 0.111393, -0.985994]]], "btipPosition": [74.6082, 260.457, 59.1836], "carpPosition": [100.934, 265.041, 100.984], "dipPosition": [72.2836, 262.543, 40.7188], "direction": [-0.418328, -0.434333, 0.797719], "extended": false, "handId": 74, "id": 743, "length": 64.5768, "mcpPosition": [116.433, 291.083, 44.5586], "pipPosition": [83.8989, 274.603, 18.5695], "stabilizedTipPosition": [74.088, 260.936, 54.9385], "timeVisible": 8.91184, "tipPosition": [74.3176, 259.768, 56.4779], "tipVelocity": [-549.869, 17.0635, -68.1393], "tool": false, "touchDistance": 0.333333, "touchZone": "none", "type": 3, "width": 19.8189}, {"bases": [[[0.708404, 0.662771, 0.242689], [-0.670131, 0.523651, 0.526036], [0.221557, -0.53528, 0.8151]], [[0.67248, 0.728305, 0.131688], [-0.433122, 0.531541, -0.727921], [-0.600146, 0.432476, 0.672896]], [[0.67248, 0.728305, 0.131688], [0.596427, -0.427922, -0.679086], [-0.43823, 0.535214, -0.72215]], [[0.67248, 0.728305, 0.131688], [0.738816, -0.671125, -0.0611685], [0.0438296, 0.138428, -0.989402]]], "btipPosition": [73.3724, 277.342, 60.6304], "carpPosition": [89.3399, 273.817, 101.554], "dipPosition": [72.6152, 279.733, 43.537], "direction": [-0.43823, -0.535214, 0.72215], "extended": false, "handId": 74, "id": 744, "length": 50.627, "mcpPosition": [102.476, 305.553, 53.2279], "pipPosition": [81.2062, 290.225, 29.3801], "stabilizedTipPosition": [73.2108, 277.892, 56.7003], "timeVisible": 8.91184, "tipPosition": [74.2042, 276.791, 57.1837], "tipVelocity": [-596.102, 11.1303, -67.288], "tool": false, "touchDistance": 0.333333, "touchZone": "none", "type": 4, "width": 17.6047}], "r": [[-0.188834, 0.302321, -0.934314], [0.197521, -0.920294, -0.337706], [-0.961939, -0.248317, 0.114068]], "s": 1.14358, "t": [-266.3, 79.9319, -57.5363], "timestamp": 629681544325}, {"currentFrameRate": 55.2904, "devices": [], "gestures": [], "hands": [{"armBasis": [[0.25219, 0.955906, 0.150482], [-0.526995, 0.00524642, 0.849852], [0.811589, -0.293627, 0.505081]], "armWidth": 68.4237, "confidence": 1, "direction": [0.394624, 0.328154, -0.858246], "elbow": [-158.687, 169.795, 258.772], "grabAngle": 2.85164, "grabStrength": 0, "id": 74, "palmNormal": [-0.856884, -0.205754, -0.472668], "palmPosition": [99.806, 268.02, 52.6477], "palmVelocity": [-638.742, 106.086, -119.098], "palmWidth": 93.0355, "pinchDistance": 54.7322, "pinchStrength": 0.41426, "r": [[-0.176997, 0.305792, -0.935502], [0.19501, -0.920768, -0.337872], [-0.964699, -0.242234, 0.103341]], "s": 1.14576, "sphereCenter": [70.9698, 266.575, 18.3312], "sphereRadius": 45.1255, "stabilizedPalmPosition": [99.8584, 268.011, 52.6575], "t": [255.996, 81.8087, -59.1361], "timeVisible": 8.92994, "type": "left", "wrist": [65.3679, 250.857, 119.334]}], "id": 27508, "interactionBox": {"center": [0, 200, 0], "size": [235.247, 235.247, 147.751]}, "pointables": [{"bases": [[[0.260729, 0.963953, 0.0530536], [-0.913373, 0.228503, 0.336953], [0.312684, -0.136311, 0.940026]], [[0.28322, 0.951175, 0.122686], [-0.954278, 0.266742, 0.134918], [0.0956048, -0.155288, 0.983232]], [[0.28322, 0.951175, 0.122686], [-0.956689, 0.289181, -0.0334846], [-0.0673283, -0.107889, 0.99188]], [[0.28322, 0.951175, 0.122686], [-0.940675, 0.300435, -0.157703], [-0.186862, -0.0707434, 0.979836]]], "btipPosition": [119.563, 263.774, -56.5158], "carpPosition": [96.7562, 243.008, 97.3445], "dipPosition": [122.763, 262.563, -39.7362], "direction": [-0.0673283, 0.107889, -0.99188], "extended": true, "handId": 74, "id": 741, "length": 58.9429, "mcpPosition": [120.277, 253.262, 26.6324], "pipPosition": [124.394, 259.949, -15.7068], "stabilizedTipPosition": [120.364, 263.491, -52.6442], "timeVisible": 8.92994, "tipPosition": [121.033, 264.289, -51.9317], "tipVelocity": [-833.089, 62.0313, -159.47], "tool": false, "touchDistance": 0.314521, "touchZone": "hovering", "type": 1, "width": 21.2066}, {"bases": [[[-0.70995, 0.619053, 0.335773], [-0.496149, -0.778025, 0.385373], [0.499806, 0.107002, 0.859502]], [[-0.807507, 0.576584, 0.124433], [-0.583112, -0.81212, -0.0209878], [0.0889534, -0.0895063, 0.992006]], [[-0.807507, 0.576584, 0.124433], [-0.588095, -0.770676, -0.245364], [-0.0455753, -0.271311, 0.961412]], [[-0.807507, 0.576584, 0.124433], [-0.554138, -0.66924, -0.495025], [-0.202148, -0.468689, 0.859923]]], "btipPosition": [76.2831, 252.536, -8.02356], "carpPosition": [78.0423, 227.701, 95.6352], "dipPosition": [81.025, 241.542, 12.1481], "direction": [-0.0455753, 0.271311, -0.961412], "extended": false, "handId": 74, "id": 740, "length": 52.2364, "mcpPosition": [78.0423, 227.701, 95.6352], "pipPosition": [82.5825, 232.27, 45.0035], "stabilizedTipPosition": [77.4045, 250.005, -3.37991], "timeVisible": 8.92994, "tipPosition": [74.0207, 255.727, -1.4552], "tipVelocity": [-696.129, 50.6296, -94.3608], "tool": false, "touchDistance": 0.304189, "touchZone": "hovering", "type": 0, "width": 22.2012}, {"bases": [[[0.452438, 0.883502, 0.121342], [-0.849057, 0.385133, 0.361627], [0.272766, -0.26664, 0.924393]], [[0.435268, 0.897901, 0.0656933], [-0.462097, 0.285438, -0.839638], [-0.772663, 0.335111, 0.53916]], [[0.435268, 0.897901, 0.0656933], [0.764169, -0.329887, -0.554275], [-0.476012, 0.291459, -0.829737]], [[0.435268, 0.897901, 0.0656933], [0.891385, -0.440053, 0.10857], [0.126393, 0.0113011, -0.991916]]], "btipPosition": [66.2301, 249.805, 48.3671], "carpPosition": [95.287, 255.494, 98.0255], "dipPosition": [63.8495, 250.018, 29.6841], "direction": [-0.476012, -0.291459, 0.829737], "extended": false, "handId": 74, "id": 742, "length": 67.1607, "mcpPosition": [114.745, 274.515, 32.0826], "pipPosition": [77.4167, 258.325, 6.03507], "stabilizedTipPosition": [65.6895, 249.853, 44.0705], "timeVisible": 8.92994, "tipPosition": [66.5935, 248.812, 43.1352], "tipVelocity": [-651.601, 117.919, -41.9409], "tool": false, "touchDistance": 0.333333, "touchZone": "none", "type": 2, "width": 20.8277}, {"bases": [[[0.550356, 0.80307, 0.228443], [-0.805435, 0.438575, 0.398656], [0.219959, -0.403399, 0.888193]], [[0.536176, 0.825815, 0.174772], [-0.392691, 0.427312, -0.81437], [-0.747201, 0.368015, 0.553404]], [[0.536176, 0.825815, 0.174772], [0.746888, -0.367674, -0.554052], [-0.393285, 0.427605, -0.813929]], [[0.536176, 0.825815, 0.174772], [0.829086, -0.554109, 0.0746955], [0.158527, 0.104851, -0.981772]]], "btipPosition": [63.3175, 262.636, 58.4148], "carpPosition": [90.6421, 267.116, 99.0997], "dipPosition": [60.3487, 264.599, 40.0291], "direction": [-0.393285, -0.427605, 0.813929], "extended": false, "handId": 74, "id": 743, "length": 64.5768, "mcpPosition": [104.73, 292.953, 42.2126], "pipPosition": [71.2686, 276.472, 17.4297], "stabilizedTipPosition": [62.6464, 263.085, 54.1869], "timeVisible": 8.92994, "tipPosition": [62.7748, 261.94, 55.3262], "tipVelocity": [-631.876, 118.785, -41.462], "tool": false, "touchDistance": 0.333333, "touchZone": "none", "type": 3, "width": 19.8189}, {"bases": [[[0.69758, 0.667405, 0.260675], [-0.687411, 0.520769, 0.506227], [0.202107, -0.532325, 0.82206]], [[0.664658, 0.732043, 0.149476], [-0.409828, 0.524489, -0.746292], [-0.624716, 0.43477, 0.648618]], [[0.664658, 0.732043, 0.149476], [0.618515, -0.426875, -0.65971], [-0.419128, 0.530935, -0.736505]], [[0.664658, 0.732043, 0.149476], [0.743373, -0.668015, -0.0339444], [0.0750036, 0.133678, -0.988183]]], "btipPosition": [62.0409, 279.395, 59.7549], "carpPosition": [79.1193, 275.961, 99.9706], "dipPosition": [60.7451, 281.705, 42.6826], "direction": [-0.419128, -0.530935, 0.736505], "extended": false, "handId": 74, "id": 744, "length": 50.627, "mcpPosition": [91.1019, 307.521, 51.2317], "pipPosition": [68.9616, 292.113, 28.2442], "stabilizedTipPosition": [61.7529, 279.924, 55.829], "timeVisible": 8.92994, "tipPosition": [62.7641, 278.953, 56.0239], "tipVelocity": [-632.789, 112.385, -48.0935], "tool": false, "touchDistance": 0.333333, "touchZone": "none", "type": 4, "width": 17.6047}], "r": [[-0.176997, 0.305792, -0.935502], [0.19501, -0.920768, -0.337872], [-0.964699, -0.242234, 0.103341]], "s": 1.14576, "t": [-255.996, 81.8087, -59.1361], "timestamp": 629681562428}, {"currentFrameRate": 55.309, "devices": [], "gestures": [], "hands": [{"armBasis": [[0.279959, 0.944939, 0.169453], [-0.539209, 0.0087369, 0.842127], [0.794277, -0.327131, 0.511965]], "armWidth": 68.4237, "confidence": 1, "direction": [0.361173, 0.340871, -0.867964], "elbow": [-164.605, 161.262, 259.391], "grabAngle": 2.85624, "grabStrength": 0, "id": 74, "palmNormal": [-0.865017, -0.225173, -0.448377], "palmPosition": [86.7989, 269.97, 50.6088], "palmVelocity": [-721.973, 108.277, -113.174], "palmWidth": 93.0355, "pinchDistance": 53.913, "pinchStrength": 0.39786, "r": [[-0.160511, 0.310091, -0.937059], [0.190422, -0.921805, -0.337661], [-0.968491, -0.232635, 0.0889114]], "s": 1.14858, "sphereCenter": [55.9262, 269.344, 17.3703], "sphereRadius": 45.6041, "stabilizedPalmPosition": [86.8549, 269.962, 50.6176], "t": [244.34, 83.7224, -60.9555], "timeVisible": 8.94796, "type": "left", "wrist": [54.6708, 251.573, 118.053]}], "id": 27509, "interactionBox": {"center": [0, 200, 0], "size": [235.247, 235.247, 147.751]}, "pointables": [{"bases": [[[0.282695, 0.957021, 0.0647687], [-0.916937, 0.249796, 0.311172], [0.281619, -0.147356, 0.948144]], [[0.302414, 0.943781, 0.133503], [-0.951701, 0.291179, 0.0973676], [0.0530205, -0.1565, 0.986254]], [[0.302414, 0.943781, 0.133503], [-0.948227, 0.312134, -0.0586403], [-0.0970143, -0.108857, 0.989312]], [[0.302414, 0.943781, 0.133503], [-0.929825, 0.32291, -0.176507], [-0.209693, -0.0707562, 0.975204]]], "btipPosition": [103.2, 266.404, -59.192], "carpPosition": [85.6733, 244.732, 95.2676], "dipPosition": [106.791, 265.193, -42.4917], "direction": [-0.0970143, 0.108857, -0.989312], "extended": true, "handId": 74, "id": 741, "length": 58.9429, "mcpPosition": [106.858, 255.816, 23.9449], "pipPosition": [109.141, 262.555, -18.5245], "stabilizedTipPosition": [104.095, 266.114, -55.3394], "timeVisible": 8.94796, "tipPosition": [105.02, 267.115, -54.5785], "tipVelocity": [-903.288, 145.98, -149.556], "tool": false, "touchDistance": 0.320762, "touchZone": "hovering", "type": 1, "width": 21.2066}, {"bases": [[[-0.704024, 0.635202, 0.317598], [-0.526189, -0.766901, 0.367406], [0.476944, 0.091546, 0.874153]], [[-0.79523, 0.596818, 0.106854], [-0.602259, -0.797888, -0.0256486], [0.06995, -0.0847503, 0.993944]], [[-0.79523, 0.596818, 0.106854], [-0.601856, -0.755718, -0.258186], [-0.0733384, -0.269628, 0.960168]], [[-0.79523, 0.596818, 0.106854], [-0.559465, -0.65438, -0.508711], [-0.233685, -0.464323, 0.854281]]], "btipPosition": [62.8819, 253.405, -9.54418], "carpPosition": [67.2996, 228.973, 94.0387], "dipPosition": [68.3636, 242.513, 10.4951], "direction": [-0.0733384, 0.269628, -0.960168], "extended": false, "handId": 74, "id": 740, "length": 52.2364, "mcpPosition": [67.2996, 228.973, 94.0387], "pipPosition": [70.8698, 233.299, 43.308], "stabilizedTipPosition": [64.1709, 250.898, -4.93183], "timeVisible": 8.94796, "tipPosition": [60.0822, 256.762, -2.9343], "tipVelocity": [-734.406, 49.5489, -86.0932], "tool": false, "touchDistance": 0.313041, "touchZone": "hovering", "type": 0, "width": 22.2012}, {"bases": [[[0.47029, 0.871613, 0.138268], [-0.849538, 0.404699, 0.338383], [0.238982, -0.276602, 0.930795]], [[0.455113, 0.886631, 0.0822053], [-0.424402, 0.297151, -0.855327], [-0.782787, 0.354382, 0.511525]], [[0.455113, 0.886631, 0.0822053], [0.775621, -0.349392, -0.525677], [-0.43736, 0.303003, -0.846703]], [[0.455113, 0.886631, 0.0822053], [0.875193, -0.462421, 0.142144], [0.164043, 0.00725394, -0.986427]]], "btipPosition": [53.7728, 251.013, 47.6449], "carpPosition": [83.918, 257.175, 96.0448], "dipPosition": [50.683, 251.15, 29.0653], "direction": [-0.43736, -0.303003, 0.846703], "extended": false, "handId": 74, "id": 742, "length": 67.1607, "mcpPosition": [100.966, 276.906, 29.6452], "pipPosition": [63.1486, 259.786, 4.9327], "stabilizedTipPosition": [53.0676, 251.044, 43.3719], "timeVisible": 8.94796, "tipPosition": [53.783, 250.013, 42.0267], "tipVelocity": [-700.511, 66.0516, -38.7673], "tool": false, "touchDistance": 0.333333, "touchZone": "none", "type": 2, "width": 20.8277}, {"bases": [[[0.563027, 0.788404, 0.247831], [-0.805716, 0.456914, 0.376896], [0.183909, -0.411884, 0.892485]], [[0.550985, 0.811684, 0.193868], [-0.353184, 0.437289, -0.827066], [-0.756093, 0.387231, 0.527614]], [[0.550985, 0.811684, 0.193868], [0.755811, -0.386882, -0.528272], [-0.353786, 0.437598, -0.826646]], [[0.550985, 0.811684, 0.193868], [0.810892, -0.575625, 0.10541], [0.197154, 0.0991263, -0.975348]]], "btipPosition": [50.8104, 263.707, 57.7317], "carpPosition": [79.0221, 268.674, 97.3038], "dipPosition": [47.1183, 265.563, 39.4664], "direction": [-0.353786, -0.437598, 0.826646], "extended": false, "handId": 74, "id": 743, "length": 64.5768, "mcpPosition": [90.8012, 295.054, 40.1418], "pipPosition": [56.9415, 277.713, 16.5139], "stabilizedTipPosition": [49.9703, 264.133, 53.5312], "timeVisible": 8.94796, "tipPosition": [50.0212, 262.995, 54.3205], "tipVelocity": [-703.454, 58.086, -36.3774], "tool": false, "touchDistance": 0.333333, "touchZone": "none", "type": 3, "width": 19.8189}, {"bases": [[[0.705864, 0.649028, 0.283757], [-0.688902, 0.535782, 0.488213], [0.164833, -0.540093, 0.825306]], [[0.678089, 0.714362, 0.172866], [-0.368256, 0.533766, -0.761237], [-0.636068, 0.452528, 0.625009]], [[0.678089, 0.714362, 0.172866], [0.628085, -0.441063, -0.641072], [-0.381713, 0.543278, -0.747759]], [[0.678089, 0.714362, 0.172866], [0.726253, -0.687377, -0.0082652], [0.11292, 0.131149, -0.984911]]], "btipPosition": [49.0135, 280.296, 59.1407], "carpPosition": [67.3156, 277.228, 98.548], "dipPosition": [47.0626, 282.562, 42.1249], "direction": [-0.381713, -0.543278, 0.747759], "extended": false, "handId": 74, "id": 744, "length": 50.627, "mcpPosition": [77.0883, 309.25, 49.6166], "pipPosition": [54.5457, 293.212, 27.4659], "stabilizedTipPosition": [48.5728, 280.816, 55.2274], "timeVisible": 8.94796, "tipPosition": [49.5933, 279.99, 55.1121], "tipVelocity": [-731.465, 49.4396, -33.3703], "tool": false, "touchDistance": 0.333333, "touchZone": "none", "type": 4, "width": 17.6047}], "r": [[-0.160511, 0.310091, -0.937059], [0.190422, -0.921805, -0.337661], [-0.968491, -0.232635, 0.0889114]], "s": 1.14858, "t": [-244.34, 83.7224, -60.9555], "timestamp": 629681580444}, {"currentFrameRate": 55.3125, "devices": [], "gestures": [], "hands": [{"armBasis": [[0.318799, 0.928962, 0.188143], [-0.554776, 0.02194, 0.831711], [0.768499, -0.369525, 0.52236]], "armWidth": 68.4237, "confidence": 1, "direction": [0.316439, 0.362031, -0.876813], "elbow": [-168.784, 151.005, 260.425], "grabAngle": 2.85888, "grabStrength": 0, "id": 74, "palmNormal": [-0.868168, -0.261977, -0.421488], "palmPosition": [72.5001, 273.313, 48.0093], "palmVelocity": [-791.43, 184.997, -143.881], "palmWidth": 93.0355, "pinchDistance": 53.3101, "pinchStrength": 0.376802, "r": [[-0.138246, 0.31601, -0.93863], [0.180512, -0.923816, -0.337609], [-0.973809, -0.216107, 0.0706707]], "s": 1.15285, "sphereCenter": [39.3283, 273.341, 16.1136], "sphereRadius": 46.3809, "stabilizedPalmPosition": [72.5635, 273.298, 48.0208], "t": [231.363, 86.3504, -63.1649], "timeVisible": 8.96603, "type": "left", "wrist": [43.3756, 253.019, 116.218]}], "id": 27510, "interactionBox": {"center": [0, 200, 0], "size": [235.247, 235.247, 147.751]}, "pointables": [{"bases": [[[0.323738, 0.942682, 0.0809003], [-0.914359, 0.289738, 0.282841], [0.243189, -0.165538, 0.955749]], [[0.341301, 0.927356, 0.153376], [-0.939858, 0.334353, 0.0698274], [0.0134731, -0.167984, 0.985698]], [[0.341301, 0.927356, 0.153376], [-0.932076, 0.354986, -0.0722426], [-0.121441, -0.118302, 0.985524]], [[0.341301, 0.927356, 0.153376], [-0.9128, 0.365937, -0.181345], [-0.224298, -0.0781087, 0.971385]]], "btipPosition": [86.0901, 271.683, -62.3534], "carpPosition": [73.9995, 247.793, 92.4971], "dipPosition": [89.9312, 270.345, -45.7185], "direction": [-0.121441, 0.118302, -0.985524], "extended": true, "handId": 74, "id": 741, "length": 58.9429, "mcpPosition": [92.293, 260.245, 20.6023], "pipPosition": [92.8732, 267.479, -21.8432], "stabilizedTipPosition": [87.049, 271.352, -58.5133], "timeVisible": 8.96603, "tipPosition": [87.3351, 271.872, -57.7749], "tipVelocity": [-943.816, 290.552, -175.817], "tool": false, "touchDistance": 0.324931, "touchZone": "hovering", "type": 1, "width": 21.2066}, {"bases": [[[-0.684426, 0.664946, 0.299012], [-0.572432, -0.744094, 0.344452], [0.451534, 0.0645878, 0.889913]], [[-0.768448, 0.633381, 0.0911901], [-0.637848, -0.769588, -0.0297244], [0.051352, -0.0810071, 0.99539]], [[-0.768448, 0.633381, 0.0911901], [-0.631038, -0.726409, -0.272252], [-0.106198, -0.266756, 0.957895]], [[-0.768448, 0.633381, 0.0911901], [-0.577951, -0.625784, -0.523801], [-0.2747, -0.455217, 0.846946]]], "btipPosition": [48.8808, 255.146, -11.6517], "carpPosition": [56.3328, 231.217, 91.7552], "dipPosition": [55.3246, 244.468, 8.21554], "direction": [-0.106198, 0.266756, -0.957895], "extended": false, "handId": 74, "id": 740, "length": 52.2364, "mcpPosition": [56.3328, 231.217, 91.7552], "pipPosition": [58.9538, 235.352, 40.9508], "stabilizedTipPosition": [50.394, 252.686, -7.07736], "timeVisible": 8.96603, "tipPosition": [45.2519, 258.529, -4.97002], "tipVelocity": [-762.708, 99.0808, -118.84], "tool": false, "touchDistance": 0.314261, "touchZone": "hovering", "type": 0, "width": 22.2012}, {"bases": [[[0.504718, 0.848352, 0.159871], [-0.840903, 0.441234, 0.31336], [0.195299, -0.292595, 0.93608]], [[0.492099, 0.86437, 0.103452], [-0.375257, 0.317851, -0.87072], [-0.785507, 0.389659, 0.480775]], [[0.492099, 0.86437, 0.103452], [0.780676, -0.385589, -0.491799], [-0.385206, 0.322776, -0.864541]], [[0.492099, 0.86437, 0.103452], [0.844645, -0.502847, 0.183629], [0.210744, -0.00298327, -0.977537]]], "btipPosition": [40.6788, 253.042, 46.471], "carpPosition": [71.7054, 260.138, 93.4213], "dipPosition": [36.7094, 252.986, 28.0588], "direction": [-0.385206, -0.322776, 0.864541], "extended": false, "handId": 74, "id": 742, "length": 67.1607, "mcpPosition": [85.6374, 281.011, 26.6447], "pipPosition": [47.6885, 262.186, 3.41774], "stabilizedTipPosition": [39.7709, 253.028, 42.2366], "timeVisible": 8.96603, "tipPosition": [40.1477, 251.958, 40.4396], "tipVelocity": [-735.946, 109.854, -62.8477], "tool": false, "touchDistance": 0.333333, "touchZone": "none", "type": 2, "width": 20.8277}, {"bases": [[[0.589902, 0.760355, 0.2718], [-0.79604, 0.491165, 0.353662], [0.13541, -0.42499, 0.895013]], [[0.580721, 0.784471, 0.217642], [-0.300578, 0.455057, -0.838198], [-0.756582, 0.42134, 0.500056]], [[0.580721, 0.784471, 0.217642], [0.756116, -0.420636, -0.501352], [-0.301748, 0.455708, -0.837424]], [[0.580721, 0.784471, 0.217642], [0.777576, -0.613657, 0.137114], [0.24112, 0.0896087, -0.96635]]], "btipPosition": [37.263, 265.414, 56.5538], "carpPosition": [66.3346, 271.394, 94.9229], "dipPosition": [32.7475, 267.092, 38.4569], "direction": [-0.301748, -0.455708, 0.837424], "extended": false, "handId": 74, "id": 743, "length": 64.5768, "mcpPosition": [75.0074, 298.613, 37.5989], "pipPosition": [41.1258, 279.745, 15.2052], "stabilizedTipPosition": [36.2323, 265.799, 52.3922], "timeVisible": 8.96603, "tipPosition": [36.2212, 264.664, 52.8599], "tipVelocity": [-760.327, 92.2041, -63.0544], "tool": false, "touchDistance": 0.333333, "touchZone": "none", "type": 3, "width": 19.8189}, {"bases": [[[0.724975, 0.61438, 0.311365], [-0.679487, 0.56396, 0.469305], [0.112735, -0.551803, 0.82632]], [[0.704131, 0.680984, 0.201148], [-0.310932, 0.550377, -0.774859], [-0.638374, 0.483059, 0.599277]], [[0.704131, 0.680984, 0.201148], [0.629245, -0.467162, -0.621136], [-0.329015, 0.563933, -0.757449]], [[0.704131, 0.680984, 0.201148], [0.692425, -0.721266, 0.0179617], [0.157313, 0.126633, -0.979396]]], "btipPosition": [34.6251, 281.748, 58.1501], "carpPosition": [54.2977, 279.396, 96.6109], "dipPosition": [31.9073, 283.936, 41.2296], "direction": [-0.329015, -0.563933, 0.757449], "extended": false, "handId": 74, "id": 744, "length": 50.627, "mcpPosition": [60.9816, 312.111, 47.6194], "pipPosition": [38.3572, 294.991, 26.3807], "stabilizedTipPosition": [34.0065, 282.251, 54.2588], "timeVisible": 8.96603, "tipPosition": [35.0228, 281.606, 53.8084], "tipVelocity": [-806.154, 79.4031, -53.614], "tool": false, "touchDistance": 0.333333, "touchZone": "none", "type": 4, "width": 17.6047}], "r": [[-0.138246, 0.31601, -0.93863], [0.180512, -0.923816, -0.337609], [-0.973809, -0.216107, 0.0706707]], "s": 1.15285, "t": [-231.363, 86.3504, -63.1649], "timestamp": 629681598511}, {"currentFrameRate": 55.2745, "devices": [], "gestures": [], "hands": [{"armBasis": [[0.372495, 0.907982, 0.191874], [-0.565421, 0.0580975, 0.822754], [0.735899, -0.414961, 0.535033]], "armWidth": 68.4237, "confidence": 1, "direction": [0.270971, 0.342825, -0.89947], "elbow": [-171.697, 142.699, 263.73], "grabAngle": 2.85511, "grabStrength": 0, "id": 74, "palmNormal": [-0.872853, -0.306452, -0.379755], "palmPosition": [57.3774, 276.676, 46.4047], "palmVelocity": [-829.869, 184.584, -88.0527], "palmWidth": 93.0355, "pinchDistance": 53.2517, "pinchStrength": 0.365006, "r": [[-0.111113, 0.315033, -0.942554], [0.168413, -0.928741, -0.330269], [-0.979434, -0.195435, 0.0501396]], "s": 1.15827, "sphereCenter": [22.2865, 275.954, 15.9777], "sphereRadius": 47.077, "stabilizedPalmPosition": [57.4252, 276.666, 46.4098], "t": [217.313, 89.3463, -65.0719], "timeVisible": 8.98425, "type": "left", "wrist": [31.4622, 257.257, 116.023]}], "id": 27511, "interactionBox": {"center": [0, 200, 0], "size": [235.247, 235.247, 147.751]}, "pointables": [{"bases": [[[0.354576, 0.932962, 0.0621043], [-0.91293, 0.331078, 0.238635], [0.202076, -0.141311, 0.969121]], [[0.370171, 0.917956, 0.142583], [-0.928715, 0.36924, 0.0339232], [-0.0215071, -0.144976, 0.989201]], [[0.370171, 0.917956, 0.142583], [-0.919308, 0.384055, -0.0858801], [-0.133594, -0.0992869, 0.98605]], [[0.370171, 0.917956, 0.142583], [-0.900619, 0.392249, -0.187151], [-0.227724, -0.0591348, 0.971928]]], "btipPosition": [68.5586, 273.046, -64.413], "carpPosition": [61.42, 252.755, 91.6164], "dipPosition": [72.4584, 272.033, -47.7688], "direction": [-0.133594, 0.0992869, -0.98605], "extended": true, "handId": 74, "id": 741, "length": 58.9429, "mcpPosition": [76.6209, 263.385, 18.7156], "pipPosition": [75.6948, 269.628, -23.8807], "stabilizedTipPosition": [69.5138, 272.808, -60.578], "timeVisible": 8.98425, "tipPosition": [68.5154, 272.229, -59.8521], "tipVelocity": [-961.312, 78.9101, -112.903], "tool": false, "touchDistance": 0.327267, "touchZone": "hovering", "type": 1, "width": 21.2066}, {"bases": [[[-0.670273, 0.698328, 0.251144], [-0.611214, -0.711406, 0.346869], [0.420894, 0.0789942, 0.903664]], [[-0.746603, 0.663703, 0.045629], [-0.664739, -0.74699, -0.0113327], [0.0265628, -0.0387924, 0.998894]], [[-0.746603, 0.663703, 0.045629], [-0.649776, -0.712783, -0.264068], [-0.142739, -0.226803, 0.963424]], [[-0.746603, 0.663703, 0.045629], [-0.585553, -0.623039, -0.518604], [-0.31577, -0.413909, 0.853796]]], "btipPosition": [33.4218, 254.994, -11.8533], "carpPosition": [44.3512, 235.554, 92.0822], "dipPosition": [40.829, 245.285, 8.17467], "direction": [-0.142739, 0.226803, -0.963424], "extended": false, "handId": 74, "id": 740, "length": 52.2364, "mcpPosition": [44.3512, 235.554, 92.0822], "pipPosition": [45.707, 237.534, 41.0988], "stabilizedTipPosition": [35.1455, 252.761, -7.24661], "timeVisible": 8.98425, "tipPosition": [29.2904, 258.631, -5.18332], "tipVelocity": [-836.162, 3.90616, -9.03328], "tool": false, "touchDistance": 0.327576, "touchZone": "hovering", "type": 0, "width": 22.2012}, {"bases": [[[0.52902, 0.835091, 0.150868], [-0.835184, 0.480857, 0.266918], [0.150355, -0.267207, 0.951837]], [[0.519052, 0.849611, 0.0935202], [-0.329255, 0.299713, -0.895412], [-0.788782, 0.433973, 0.435305]], [[0.519052, 0.849611, 0.0935202], [0.785748, -0.431224, -0.443448], [-0.336431, 0.303656, -0.891408]], [[0.519052, 0.849611, 0.0935202], [0.815943, -0.525106, 0.24187], [0.254603, -0.0492359, -0.965791]]], "btipPosition": [26.5399, 255.405, 46.8883], "carpPosition": [58.7146, 265.036, 92.2215], "dipPosition": [21.7444, 254.477, 28.6974], "direction": [-0.336431, -0.303656, 0.891408], "extended": false, "handId": 74, "id": 742, "length": 67.1607, "mcpPosition": [69.4404, 284.098, 24.3208], "pipPosition": [31.3333, 263.132, 3.29061], "stabilizedTipPosition": [25.4402, 255.191, 42.7043], "timeVisible": 8.98425, "tipPosition": [25.5647, 253.98, 40.7987], "tipVelocity": [-786.307, 118.651, 25.6965], "tool": false, "touchDistance": 0.333333, "touchZone": "none", "type": 2, "width": 20.8277}, {"bases": [[[0.606824, 0.748026, 0.26874], [-0.790035, 0.530528, 0.307221], [0.0872351, -0.398743, 0.912904]], [[0.600501, 0.770591, 0.213515], [-0.250516, 0.434878, -0.864941], [-0.759368, 0.465909, 0.45419]], [[0.600501, 0.770591, 0.213515], [0.758551, -0.464495, -0.456995], [-0.252979, 0.436388, -0.863462]], [[0.600501, 0.770591, 0.213515], [0.747211, -0.635848, 0.193321], [0.284735, 0.0434513, -0.957621]]], "btipPosition": [22.886, 267.885, 56.653], "carpPosition": [52.9971, 276.141, 93.5546], "dipPosition": [17.5538, 268.699, 38.7196], "direction": [-0.252979, -0.436388, 0.863462], "extended": false, "handId": 74, "id": 743, "length": 64.5768, "mcpPosition": [58.5843, 301.68, 35.0847], "pipPosition": [24.5779, 280.816, 14.7449], "stabilizedTipPosition": [21.6644, 268.072, 52.5283], "timeVisible": 8.98425, "tipPosition": [21.637, 266.944, 52.8921], "tipVelocity": [-799.256, 124.725, 7.50968], "tool": false, "touchDistance": 0.333333, "touchZone": "none", "type": 3, "width": 19.8189}, {"bases": [[[0.734981, 0.598838, 0.318112], [-0.675202, 0.603089, 0.424718], [0.0624875, -0.52695, 0.847596]], [[0.720699, 0.662038, 0.205666], [-0.258236, 0.531695, -0.806607], [-0.643356, 0.528211, 0.554154]], [[0.720699, 0.662038, 0.205666], [0.635773, -0.512918, -0.576809], [-0.27638, 0.546463, -0.790565]], [[0.720699, 0.662038, 0.205666], [0.662822, -0.744972, 0.0753871], [0.203125, 0.0819885, -0.975714]]], "btipPosition": [19.7422, 284.162, 57.8935], "carpPosition": [40.7471, 283.769, 95.4309], "dipPosition": [16.2329, 285.579, 41.0365], "direction": [-0.27638, -0.546463, 0.790565], "extended": false, "handId": 74, "id": 744, "length": 50.627, "mcpPosition": [44.4519, 315.012, 45.178], "pipPosition": [21.651, 296.291, 25.5384], "stabilizedTipPosition": [18.9389, 284.487, 54.0164], "timeVisible": 8.98425, "tipPosition": [19.8451, 283.853, 53.3446], "tipVelocity": [-826.7, 122.725, -13.2818], "tool": false, "touchDistance": 0.333333, "touchZone": "none", "type": 4, "width": 17.6047}], "r": [[-0.111113, 0.315033, -0.942554], [0.168413, -0.928741, -0.330269], [-0.979434, -0.195435, 0.0501396]], "s": 1.15827, "t": [-217.313, 89.3463, -65.0719], "timestamp": 629681616734}, {"currentFrameRate": 55.3198, "devices": [], "gestures": [], "hands": [{"armBasis": [[0.415118, 0.888702, 0.194642], [-0.581356, 0.0945584, 0.808136], [0.699787, -0.448628, 0.555906]], "armWidth": 68.4237, "confidence": 1, "direction": [0.238637, 0.362562, -0.900889], "elbow": [-175.472, 135.165, 268.684], "grabAngle": 2.85251, "grabStrength": 0, "id": 74, "palmNormal": [-0.858111, -0.355587, -0.370411], "palmPosition": [41.4793, 280.115, 45.2587], "palmVelocity": [-887.172, 191.9, -63.952], "palmWidth": 93.0355, "pinchDistance": 53.2182, "pinchStrength": 0.367415, "r": [[-0.0832384, 0.315885, -0.945139], [0.148383, -0.933929, -0.325207], [-0.985421, -0.167312, 0.0308667]], "s": 1.16241, "sphereCenter": [6.29008, 277.334, 15.2441], "sphereRadius": 47.0263, "stabilizedPalmPosition": [41.5174, 280.107, 45.2614], "t": [202.339, 92.5637, -66.5984], "timeVisible": 9.00217, "type": "left", "wrist": [17.718, 259.018, 115.216]}], "id": 27512, "interactionBox": {"center": [0, 200, 0], "size": [235.247, 235.247, 147.751]}, "pointables": [{"bases": [[[0.40812, 0.910101, 0.0717894], [-0.894837, 0.383216, 0.228936], [0.180844, -0.157673, 0.970791]], [[0.421686, 0.893931, 0.151883], [-0.905675, 0.423363, 0.0227375], [-0.0439759, -0.147145, 0.988137]], [[0.421686, 0.893931, 0.151883], [-0.894908, 0.437276, -0.089044], [-0.146014, -0.098373, 0.984379]], [[0.421686, 0.893931, 0.151883], [-0.877292, 0.444569, -0.180877], [-0.229214, -0.0569727, 0.971707]]], "btipPosition": [51.7568, 277.812, -65.7835], "carpPosition": [47.5093, 256.256, 90.2813], "dipPosition": [55.6821, 276.836, -49.1431], "direction": [-0.146014, 0.098373, -0.984379], "extended": true, "handId": 74, "id": 741, "length": 58.9429, "mcpPosition": [61.1131, 268.117, 17.255], "pipPosition": [59.2194, 274.453, -25.2955], "stabilizedTipPosition": [52.7028, 277.575, -61.9527], "timeVisible": 9.00217, "tipPosition": [51.5082, 276.862, -61.1695], "tipVelocity": [-937.274, 266.427, -76.5288], "tool": false, "touchDistance": 0.329614, "touchZone": "hovering", "type": 1, "width": 21.2066}, {"bases": [[[-0.631137, 0.735442, 0.24656], [-0.65652, -0.675766, 0.335143], [0.413095, 0.0496495, 0.909333]], [[-0.70654, 0.706512, 0.0405194], [-0.707562, -0.706286, -0.0227172], [0.0125683, -0.0447206, 0.99892]], [[-0.70654, 0.70