{"frames": 34, "data": [{"currentFrameRate": 54.8692, "devices": [], "gestures": [], "hands": [{"armBasis": [[0.890756, 0.226075, -0.394263], [0.175178, 0.62968, 0.756846], [0.419363, -0.743232, 0.521288]], "armWidth": 54.5772, "confidence": 1, "direction": [0.120265, 0.169533, -0.978159], "elbow": [-137.01, -83.5761, 232.115], "grabAngle": 0.641489, "grabStrength": 0, "id": 90, "palmNormal": [0.127587, -0.979779, -0.154127], "palmPosition": [-23.7047, 99.8579, 54.0311], "palmVelocity": [-107.983, 129.754, -51.1157], "palmWidth": 76.8658, "pinchDistance": 46.5774, "pinchStrength": 0.00225174, "r": [[0.851177, 0.356728, -0.385023], [-0.491597, 0.798864, -0.346626], [0.18393, 0.484316, 0.855341]], "s": 1.12973, "sphereCenter": [-12.6215, -25.4002, 28.7125], "sphereRadius": 128.995, "stabilizedPalmPosition": [-20.5382, 98.4131, 54.7716], "t": [91.8316, -51.974, 4.58141], "timeVisible": 9.25543, "type": "left", "wrist": [-41.3579, 85.9464, 113.215]}], "id": 32164, "interactionBox": {"center": [0, 200, 0], "size": [235.247, 235.247, 147.751]}, "pointables": [{"bases": [[[0.486813, 0.866662, -0.109135], [-0.688333, 0.457528, 0.562908], [0.537783, -0.19891, 0.819283]], [[0.448232, 0.878397, -0.165851], [-0.692897, 0.458624, 0.556379], [0.564785, -0.134469, 0.814208]], [[0.448232, 0.878397, -0.165851], [-0.857044, 0.475019, 0.199581], [0.254094, 0.0526833, 0.965744]], [[0.448232, 0.878397, -0.165851], [-0.881185, 0.465378, 0.0832791], [0.150336, 0.108817, 0.982628]]], "btipPosition": [22.1613, 90.3168, 23.7039], "carpPosition": [-11.4701, 88.1455, 103.097], "dipPosition": [19.3265, 92.3687, 42.2327], "direction": [0.254094, -0.0526833, -0.965744], "extended": false, "handId": 90, "id": 900, "length": 41.9904, "mcpPosition": [-11.4701, 88.1455, 103.097], "pipPosition": [12.3463, 93.8159, 68.7627], "stabilizedTipPosition": [23.164, 90.4217, 29.0044], "timeVisible": 9.25543, "tipPosition": [25.9925, 95.9922, 30.785], "tipVelocity": [-157.263, 56.5883, -97.723], "tool": false, "touchDistance": -0.401663, "touchZone": "touching", "type": 0, "width": 17.4489}, {"bases": [[[0.95034, -0.0762902, -0.301718], [0.0840672, 0.996377, 0.0128549], [0.299645, -0.0375811, 0.95331]], [[0.984339, -0.0810316, -0.15656], [0.0667708, 0.993302, -0.094301], [0.163153, 0.0823705, 0.983156]], [[0.984339, -0.0810316, -0.15656], [0.0351296, 0.960448, -0.276234], [0.172751, 0.266408, 0.948253]], [[0.984339, -0.0810316, -0.15656], [0.00771853, 0.907055, -0.420941], [0.176118, 0.41314, 0.893475]]], "btipPosition": [10.8606, 93.7471, -28.1951], "carpPosition": [-19.1983, 105.138, 95.8507], "dipPosition": [8.43619, 99.4344, -15.8956], "direction": [0.172751, -0.266408, -0.948253], "extended": true, "handId": 90, "id": 901, "length": 47.3815, "mcpPosition": [-0.575535, 107.474, 36.6029], "pipPosition": [5.07199, 104.622, 2.57089], "stabilizedTipPosition": [10.6002, 94.8195, -25.2679], "timeVisible": 9.25543, "tipPosition": [10.335, 98.6765, -25.8311], "tipVelocity": [-133.205, 121.951, -41.9295], "tool": false, "touchDistance": -0.32513, "touchZone": "touching", "type": 1, "width": 16.6672}, {"bases": [[[0.953736, -0.249399, -0.16789], [0.250081, 0.968068, -0.0174127], [0.166871, -0.025379, 0.985652]], [[0.964313, -0.250646, -0.0853044], [0.235742, 0.959488, -0.154298], [0.120523, 0.128681, 0.984335]], [[0.964313, -0.250646, -0.0853044], [0.197974, 0.896535, -0.396272], [0.175802, 0.365242, 0.914162]], [[0.964313, -0.250646, -0.0853044], [0.15635, 0.799098, -0.580515], [0.21367, 0.546461, 0.809769]]], "btipPosition": [-7.1705, 85.661, -37.2345], "carpPosition": [-28.9491, 105.805, 92.2901], "dipPosition": [-10.4056, 93.9348, -24.974], "direction": [0.175802, -0.365242, -0.914162], "extended": true, "handId": 90, "id": 902, "length": 53.9874, "mcpPosition": [-19.114, 107.3, 34.1977], "pipPosition": [-14.4335, 102.303, -4.02929], "stabilizedTipPosition": [-7.24909, 87.249, -34.3379], "timeVisible": 9.25543, "tipPosition": [-9.21979, 94.0234, -35.9119], "tipVelocity": [-116.8, 67.7413, -5.55819], "tool": false, "touchDistance": -0.291145, "touchZone": "touching", "type": 2, "width": 16.3694}, {"bases": [[[0.946314, -0.322678, -0.0192195], [0.322775, 0.946474, 0.00206617], [0.0175241, -0.00815882, 0.999813]], [[0.946476, -0.322772, -0.00141189], [0.317883, 0.932879, -0.169374], [0.0559865, 0.15986, 0.985551]], [[0.946476, -0.322772, -0.00141189], [0.291394, 0.856328, -0.426371], [0.13883, 0.403138, 0.904547]], [[0.946476, -0.322772, -0.00141189], [0.239695, 0.705782, -0.666647], [0.216172, 0.630627, 0.745372]]], "btipPosition": [-29.5775, 80.1687, -29.935], "carpPosition": [-38.8731, 103.983, 89.8599], "dipPosition": [-32.8317, 89.662, -18.7143], "direction": [0.13883, -0.403138, -0.904547], "extended": true, "handId": 90, "id": 903, "length": 51.9103, "mcpPosition": [-37.9458, 104.415, 36.9533], "pipPosition": [-35.9303, 98.6599, 1.47484], "stabilizedTipPosition": [-28.7405, 81.7052, -27.4048], "timeVisible": 9.25543, "tipPosition": [-32.4672, 88.9331, -29.1921], "tipVelocity": [-105.412, 74.3998, 9.06233], "tool": false, "touchDistance": -0.257681, "touchZone": "touching", "type": 3, "width": 15.5765}, {"bases": [[[0.875554, -0.473373, 0.0965517], [0.466303, 0.880299, 0.0873747], [-0.126355, -0.0314789, 0.991485]], [[0.865691, -0.474417, 0.159713], [0.488285, 0.870574, -0.0606603], [-0.110263, 0.130498, 0.985298]], [[0.865691, -0.474417, 0.159713], [0.498325, 0.7865, -0.364815], [0.0474607, 0.395406, 0.917279]], [[0.865691, -0.474417, 0.159713], [0.460245, 0.628863, -0.626663], [0.196862, 0.616003, 0.762749]]], "btipPosition": [-54.0374, 79.433, -12.2655], "carpPosition": [-48.1886, 96.3947, 89.4198], "dipPosition": [-56.7714, 87.9879, -1.67266], "direction": [0.0474607, -0.395406, -0.917279], "extended": true, "handId": 90, "id": 904, "length": 40.6967, "mcpPosition": [-54.378, 97.9367, 40.8526], "pipPosition": [-57.5193, 94.2189, 12.7824], "stabilizedTipPosition": [-54.1532, 80.9977, -9.78189], "timeVisible": 9.25543, "tipPosition": [-55.6812, 86.3275, -10.7519], "tipVelocity": [-109.1, 104.789, -15.7933], "tool": false, "touchDistance": -0.249491, "touchZone": "touching", "type": 4, "width": 13.8362}], "r": [[0.851177, 0.356728, -0.385023], [-0.491597, 0.798864, -0.346626], [0.18393, 0.484316, 0.855341]], "s": 1.12973, "t": [-91.8316, -51.974, 4.58141], "timestamp": 629769225493}, {"currentFrameRate": 54.9343, "devices": [], "gestures": [], "hands": [{"armBasis": [[0.895834, 0.215634, -0.388566], [0.181448, 0.620686, 0.762775], [0.405657, -0.753824, 0.516906]], "armWidth": 54.5772, "confidence": 1, "direction": [0.109463, 0.199656, -0.973733], "elbow": [-135.573, -84.0498, 229.556], "grabAngle": 0.703636, "grabStrength": 0, "id": 90, "palmNormal": [0.144951, -0.972354, -0.183078], "palmPosition": [-26.0918, 103.668, 52.6816], "palmVelocity": [-132.789, 211.961, -75.0697], "palmWidth": 78.1419, "pinchDistance": 45.6724, "pinchStrength": 0.0655359, "r": [[0.854539, 0.362038, -0.372412], [-0.48811, 0.804848, -0.337592], [0.177514, 0.470263, 0.864489]], "s": 1.11713, "sphereCenter": [-18.4037, -10.2811, 24.4843], "sphereRadius": 117.858, "stabilizedPalmPosition": [-25.1643, 102.791, 53.0307], "t": [89.7971, -49.2084, 3.54471], "timeVisible": 9.27341, "type": "left", "wrist": [-43.0468, 87.8888, 111.656]}], "id": 32165, "interactionBox": {"center": [0, 200, 0], "size": [235.247, 235.247, 147.751]}, "pointables": [{"bases": [[[0.503992, 0.859927, -0.0807324], [-0.683862, 0.454395, 0.570839], [0.527564, -0.232489, 0.817083]], [[0.450649, 0.87837, -0.159318], [-0.707123, 0.460167, 0.536865], [0.544878, -0.12928, 0.828489]], [[0.450649, 0.87837, -0.159318], [-0.858865, 0.475277, 0.190952], [0.243447, 0.05078, 0.968584]], [[0.450649, 0.87837, -0.159318], [-0.887902, 0.459512, 0.0219011], [0.0924457, 0.131589, 0.986984]]], "btipPosition": [18.1495, 92.3726, 21.1467], "carpPosition": [-13.2584, 90.7972, 101.302], "dipPosition": [16.4063, 94.8539, 39.7577], "direction": [0.243447, -0.05078, -0.968584], "extended": false, "handId": 90, "id": 900, "length": 41.9904, "mcpPosition": [-13.2584, 90.7972, 101.302], "pipPosition": [9.71857, 96.2488, 66.3657], "stabilizedTipPosition": [19.2249, 92.2558, 26.4024], "timeVisible": 9.27341, "tipPosition": [22.3343, 99.7166, 28.2637], "tipVelocity": [-209.198, 119.851, -141.197], "tool": false, "touchDistance": -0.427904, "touchZone": "touching", "type": 0, "width": 17.4489}, {"bases": [[[0.951026, -0.0858619, -0.296947], [0.102848, 0.993809, 0.0420309], [0.2915, -0.0705129, 0.953968]], [[0.982713, -0.094979, -0.158914], [0.0818132, 0.992804, -0.0874472], [0.166076, 0.0729342, 0.983412]], [[0.982713, -0.094979, -0.158914], [0.0474611, 0.958933, -0.279634], [0.178947, 0.267258, 0.946864]], [[0.982713, -0.094979, -0.158914], [0.0156322, 0.897877, -0.439969], [0.184473, 0.42988, 0.88384]]], "btipPosition": [8.52635, 98.5737, -29.3339], "carpPosition": [-21.664, 107.766, 95.5862], "dipPosition": [5.9869, 104.491, -17.167], "direction": [0.178947, -0.267258, -0.946864], "extended": true, "handId": 90, "id": 901, "length": 47.3815, "mcpPosition": [-3.2467, 112.221, 35.3132], "pipPosition": [2.50204, 109.696, 1.2724], "stabilizedTipPosition": [8.0645, 99.6996, -26.4772], "timeVisible": 9.27341, "tipPosition": [7.41787, 104.756, -27.3167], "tipVelocity": [-131.319, 271.435, -65.045], "tool": false, "touchDistance": -0.338491, "touchZone": "touching", "type": 1, "width": 16.6672}, {"bases": [[[0.950104, -0.262753, -0.168118], [0.268525, 0.963196, 0.0121573], [0.158736, -0.0566944, 0.985692]], [[0.960048, -0.266572, -0.085128], [0.252302, 0.95615, -0.148731], [0.121043, 0.121311, 0.985207]], [[0.960048, -0.266572, -0.085128], [0.20931, 0.88597, -0.413818], [0.185734, 0.379467, 0.906371]], [[0.960048, -0.266572, -0.085128], [0.159017, 0.770013, -0.617895], [0.230263, 0.579672, 0.781639]]], "btipPosition": [-9.35411, 89.5786, -37.8243], "carpPosition": [-31.3075, 108.364, 92.0965], "dipPosition": [-12.8405, 98.3553, -25.9897], "direction": [0.185734, -0.379467, -0.906371], "extended": true, "handId": 90, "id": 902, "length": 53.9874, "mcpPosition": [-21.7966, 111.761, 33.0373], "pipPosition": [-17.0959, 107.049, -5.22352], "stabilizedTipPosition": [-10.0935, 91.5038, -35.0859], "timeVisible": 9.27341, "tipPosition": [-11.8534, 99.1615, -37.0933], "tipVelocity": [-124.681, 224.356, -38.2585], "tool": false, "touchDistance": -0.300681, "touchZone": "touching", "type": 2, "width": 16.3694}, {"bases": [[[0.940144, -0.340089, -0.0216674], [0.340642, 0.939664, 0.0315306], [0.00963684, -0.0370241, 0.999268]], [[0.940098, -0.340892, 0.00275606], [0.336799, 0.9275, -0.162205], [0.0527383, 0.153417, 0.986753]], [[0.940098, -0.340892, 0.00275606], [0.30655, 0.841797, -0.444303], [0.149139, 0.418533, 0.895873]], [[0.940098, -0.340892, 0.00275606], [0.247353, 0.676532, -0.693628], [0.234588, 0.652761, 0.720328]]], "btipPosition": [-31.7897, 83.7458, -30.5167], "carpPosition": [-41.0668, 106.445, 89.5998], "dipPosition": [-35.3211, 93.5723, -19.673], "direction": [0.149139, -0.418533, -0.895873], "extended": true, "handId": 90, "id": 903, "length": 51.9103, "mcpPosition": [-40.5484, 108.437, 35.8442], "pipPosition": [-38.6499, 102.914, 0.322501], "stabilizedTipPosition": [-32.2627, 85.6281, -27.9684], "timeVisible": 9.27341, "tipPosition": [-34.8737, 93.5745, -30.3335], "tipVelocity": [-126.603, 203.245, -37.1819], "tool": false, "touchDistance": -0.270803, "touchZone": "touching", "type": 3, "width": 15.5765}, {"bases": [[[0.865646, -0.492642, 0.0892227], [0.482226, 0.868341, 0.115935], [-0.13459, -0.0573331, 0.989241]], [[0.851927, -0.495665, 0.168927], [0.510814, 0.857615, -0.059708], [-0.115279, 0.137157, 0.983818]], [[0.851927, -0.495665, 0.168927], [0.520216, 0.764139, -0.381401], [0.059963, 0.412804, 0.908844]], [[0.851927, -0.495665, 0.168927], [0.475897, 0.598231, -0.644702], [0.218499, 0.629631, 0.745535]]], "btipPosition": [-56.129, 82.3792, -13.0299], "carpPosition": [-50.1219, 98.681, 88.9359], "dipPosition": [-59.1634, 91.1234, -2.67607], "direction": [0.059963, -0.412804, -0.908844], "extended": true, "handId": 90, "id": 904, "length": 40.6967, "mcpPosition": [-56.8242, 101.536, 39.6741], "pipPosition": [-60.1084, 97.6286, 11.6461], "stabilizedTipPosition": [-56.7043, 84.2348, -10.6088], "timeVisible": 9.27341, "tipPosition": [-58.1079, 90.446, -12.0196], "tipVelocity": [-120.19, 166.309, -45.5771], "tool": false, "touchDistance": -0.265167, "touchZone": "touching", "type": 4, "width": 13.8362}], "r": [[0.854539, 0.362038, -0.372412], [-0.48811, 0.804848, -0.337592], [0.177514, 0.470263, 0.864489]], "s": 1.11713, "t": [-89.7971, -49.2084, 3.54471], "timestamp": 629769243470}, {"currentFrameRate": 54.9499, "devices": [], "gestures": [], "hands": [{"armBasis": [[0.904445, 0.204688, -0.374274], [0.181176, 0.609991, 0.771418], [0.386204, -0.765515, 0.514619]], "armWidth": 55.4224, "confidence": 1, "direction": [0.0803256, 0.253311, -0.964044], "elbow": [-133.874, -87.5595, 229.946], "grabAngle": 0.792243, "grabStrength": 0, "id": 90, "palmNormal": [0.166436, -0.957, -0.237592], "palmPosition": [-28.882, 109.253, 51.0241], "palmVelocity": [-153.779, 307.809, -91.355], "palmWidth": 78.9353, "pinchDistance": 45.5076, "pinchStrength": 0.10149, "r": [[0.860836, 0.365184, -0.354404], [-0.479368, 0.815654, -0.323905], [0.170786, 0.448719, 0.877202]], "s": 1.10493, "sphereCenter": [-26.4546, 10.4883, 18.1274], "sphereRadius": 103.499, "stabilizedPalmPosition": [-28.682, 108.906, 51.132], "t": [87.3847, -45.0331, 2.19758], "timeVisible": 9.29155, "type": "left", "wrist": [-44.3228, 89.9443, 110.618]}], "id": 32166, "interactionBox": {"center": [0, 200, 0], "size": [235.247, 235.247, 147.751]}, "pointables": [{"bases": [[[0.528657, 0.84851, -0.0235056], [-0.685151, 0.442897, 0.578283], [0.501089, -0.289608, 0.815498]], [[0.455099, 0.880163, -0.134899], [-0.738218, 0.457658, 0.495564], [0.497915, -0.125946, 0.858032]], [[0.455099, 0.880163, -0.134899], [-0.865245, 0.472901, 0.166478], [0.210322, 0.040957, 0.976774]], [[0.455099, 0.880163, -0.134899], [-0.889688, 0.455694, -0.0282519], [0.0366065, 0.132876, 0.990456]]], "btipPosition": [13.6097, 95.6915, 16.4786], "carpPosition": [-14.2896, 93.9714, 99.3775], "dipPosition": [12.9102, 98.2305, 35.404], "direction": [0.210322, -0.040957, -0.976774], "extended": false, "handId": 90, "id": 900, "length": 42.55, "mcpPosition": [-14.2896, 93.9714, 99.3775], "pipPosition": [7.05551, 99.3706, 62.5945], "stabilizedTipPosition": [15.4249, 94.9003, 22.7373], "timeVisible": 9.29155, "tipPosition": [17.4985, 104.751, 24.0979], "tipVelocity": [-236.978, 183.653, -253.295], "tool": false, "touchDistance": -0.482384, "touchZone": "touching", "type": 0, "width": 17.7107}, {"bases": [[[0.955337, -0.0968287, -0.279207], [0.128371, 0.986976, 0.0969515], [0.266183, -0.128463, 0.955324]], [[0.98343, -0.114068, -0.140906], [0.106058, 0.992354, -0.0631282], [0.147029, 0.0471379, 0.988008]], [[0.98343, -0.114068, -0.140906], [0.071308, 0.957979, -0.277834], [0.166677, 0.263182, 0.950239]], [[0.98343, -0.114068, -0.140906], [0.0396261, 0.893698, -0.446915], [0.176906, 0.433926, 0.88341]]], "btipPosition": [4.57837, 106.607, -32.4054], "carpPosition": [-23.3243, 111.308, 94.2965], "dipPosition": [2.11064, 112.66, -20.0824], "direction": [0.166677, -0.263182, -0.950239], "extended": true, "handId": 90, "id": 901, "length": 48.0129, "mcpPosition": [-6.33575, 119.507, 33.325], "pipPosition": [-1.17851, 117.853, -1.33064], "stabilizedTipPosition": [4.20507, 107.601, -29.4229], "timeVisible": 9.29155, "tipPosition": [2.85103, 114.259, -29.5544], "tipVelocity": [-216.682, 444.453, -167.306], "tool": false, "touchDistance": -0.378509, "touchZone": "touching", "type": 1, "width": 16.9173}, {"bases": [[[0.94654, -0.280121, -0.159981], [0.293846, 0.953337, 0.0693029], [0.133103, -0.112608, 0.984684]], [[0.954924, -0.289593, -0.0652382], [0.27949, 0.951151, -0.131136], [0.100027, 0.106992, 0.989216]], [[0.954924, -0.289593, -0.0652382], [0.235738, 0.873358, -0.426232], [0.18041, 0.39164, 0.902258]], [[0.954924, -0.289593, -0.0652382], [0.17974, 0.738963, -0.649328], [0.23625, 0.608333, 0.757705]]], "btipPosition": [-13.4755, 95.9959, -40.0785], "carpPosition": [-33.2811, 111.817, 91.0204], "dipPosition": [-17.1002, 105.329, -28.4533], "direction": [0.18041, -0.39164, -0.902258], "extended": true, "handId": 90, "id": 902, "length": 54.7069, "mcpPosition": [-25.2251, 118.632, 31.4225], "pipPosition": [-21.2887, 114.422, -7.5059], "stabilizedTipPosition": [-14.2082, 97.9836, -37.3492], "timeVisible": 9.29155, "tipPosition": [-16.174, 107.202, -38.7678], "tipVelocity": [-228.904, 360.748, -126.892], "tool": false, "touchDistance": -0.333481, "touchZone": "touching", "type": 2, "width": 16.615}, {"bases": [[[0.930948, -0.364704, -0.0180994], [0.364815, 0.926812, 0.0890501], [-0.0157022, -0.0895039, 0.995863]], [[0.929579, -0.367986, 0.0216723], [0.366651, 0.916932, -0.157488], [0.0380815, 0.154344, 0.987283]], [[0.929579, -0.367986, 0.0216723], [0.335819, 0.821144, -0.461463], [0.152016, 0.436244, 0.886895]], [[0.929579, -0.367986, 0.0216723], [0.272061, 0.645214, -0.71392], [0.248729, 0.669541, 0.699892]]], "btipPosition": [-35.4941, 88.8655, -32.2206], "carpPosition": [-43.2624, 109.712, 88.6455], "dipPosition": [-39.2883, 99.0789, -21.5442], "direction": [0.152016, -0.436244, -0.886895], "extended": true, "handId": 90, "id": 903, "length": 52.6021, "mcpPosition": [-44.1156, 114.576, 34.5292], "pipPosition": [-42.7265, 108.946, -1.48523], "stabilizedTipPosition": [-36.2694, 91.082, -29.7224], "timeVisible": 9.29155, "tipPosition": [-38.6706, 100.344, -31.5978], "tipVelocity": [-207.5, 287.074, -96.0307], "tool": false, "touchDistance": -0.298192, "touchZone": "touching", "type": 3, "width": 15.8102}, {"bases": [[[0.849713, -0.520701, 0.0828194], [0.50234, 0.847232, 0.172781], [-0.160134, -0.105211, 0.981472]], [[0.827218, -0.529062, 0.18922], [0.54853, 0.833369, -0.0679073], [-0.121763, 0.159967, 0.979584]], [[0.827218, -0.529062, 0.18922], [0.556071, 0.722541, -0.410755], [0.0805958, 0.445003, 0.891895]], [[0.827218, -0.529062, 0.18922], [0.499559, 0.538355, -0.678686], [0.2572, 0.655948, 0.709634]]], "btipPosition": [-58.9767, 85.9504, -14.0844], "carpPosition": [-52.3128, 101.613, 87.7949], "dipPosition": [-62.5962, 95.1814, -4.09787], "direction": [0.0805958, -0.445003, -0.891895], "extended": true, "handId": 90, "id": 904, "length": 41.2391, "mcpPosition": [-60.3681, 106.906, 38.4238], "pipPosition": [-63.8832, 102.288, 10.1445], "stabilizedTipPosition": [-59.7648, 88.0187, -11.7707], "timeVisible": 9.29155, "tipPosition": [-61.5418, 95.9942, -13.1105], "tipVelocity": [-164.368, 202.998, -62.7761], "tool": false, "touchDistance": -0.284069, "touchZone": "touching", "type": 4, "width": 14.0439}], "r": [[0.860836, 0.365184, -0.354404], [-0.479368, 0.815654, -0.323905], [0.170786, 0.448719, 0.877202]], "s": 1.10493, "t": [-87.3847, -45.0331, 2.19758], "timestamp": 629769261614}, {"currentFrameRate": 54.9994, "devices": [], "gestures": [], "hands": [{"armBasis": [[0.916765, 0.210882, -0.33922], [0.158241, 0.588026, 0.793212], [0.366745, -0.780867, 0.505712]], "armWidth": 55.9063, "confidence": 1, "direction": [0.0703302, 0.281097, -0.957099], "elbow": [-133.212, -87.7373, 227.799], "grabAngle": 0.904838, "grabStrength": 0, "id": 90, "palmNormal": [0.1453, -0.952128, -0.26896], "palmPosition": [-32.5403, 116.259, 49.4763], "palmVelocity": [-203.125, 389.017, -85.9373], "palmWidth": 79.5771, "pinchDistance": 44.5082, "pinchStrength": 0.157787, "r": [[0.865472, 0.372523, -0.33494], [-0.474427, 0.824197, -0.309222], [0.160864, 0.426528, 0.890054]], "s": 1.09007, "sphereCenter": [-38.082, 31.2881, 15.2528], "sphereRadius": 90.3698, "stabilizedPalmPosition": [-32.3771, 115.948, 49.5463], "t": [84.3494, -39.4424, 0.750155], "timeVisible": 9.30956, "type": "left", "wrist": [-47.3095, 95.1647, 109.347]}], "id": 32167, "interactionBox": {"center": [0, 200, 0], "size": [235.247, 235.247, 147.751]}, "pointables": [{"bases": [[[0.513356, 0.858112, 0.0104231], [-0.701811, 0.412799, 0.580567], [0.493889, -0.305353, 0.814146]], [[0.423124, 0.897205, -0.126449], [-0.781981, 0.432096, 0.44922], [0.45768, -0.0911945, 0.884428]], [[0.423124, 0.897205, -0.126449], [-0.88513, 0.43913, 0.153978], [0.193678, 0.0467722, 0.97995]], [[0.423124, 0.897205, -0.126449], [-0.905788, 0.422344, -0.0342511], [0.0226749, 0.129029, 0.991382]]], "btipPosition": [8.34482, 99.2327, 12.7023], "carpPosition": [-17.3462, 99.0812, 97.595], "dipPosition": [7.90807, 101.718, 31.7974], "direction": [0.193678, -0.0467722, -0.97995], "extended": false, "handId": 90, "id": 900, "length": 42.8918, "mcpPosition": [-17.3462, 99.0812, 97.595], "pipPosition": [2.47334, 103.03, 59.2955], "stabilizedTipPosition": [10.6949, 98.1307, 19.02], "timeVisible": 9.30956, "tipPosition": [12.2344, 109.167, 20.7043], "tipVelocity": [-288.976, 195.935, -207.514], "tool": false, "touchDistance": -0.518539, "touchZone": "touching", "type": 0, "width": 17.8545}, {"bases": [[[0.961066, -0.0712479, -0.266975], [0.108828, 0.985693, 0.128709], [0.253985, -0.152752, 0.95507]], [[0.987106, -0.0918673, -0.131082], [0.0829228, 0.993941, -0.0721465], [0.136916, 0.0603466, 0.988743]], [[0.987106, -0.0918673, -0.131082], [0.0450675, 0.945286, -0.323114], [0.153594, 0.31304, 0.937238]], [[0.987106, -0.0918673, -0.131082], [0.0165299, 0.873035, -0.487378], [0.159213, 0.478927, 0.863296]]], "btipPosition": [0.282147, 111.655, -34.1798], "carpPosition": [-26.1949, 116.921, 93.0141], "dipPosition": [-1.95663, 118.389, -22.0406], "direction": [0.153594, -0.31304, -0.937238], "extended": true, "handId": 90, "id": 901, "length": 48.3986, "mcpPosition": [-9.85304, 126.75, 31.5632], "pipPosition": [-5.01196, 124.616, -3.3968], "stabilizedTipPosition": [-0.0362145, 112.955, -31.3007], "timeVisible": 9.30956, "tipPosition": [-1.58857, 121.08, -31.3993], "tipVelocity": [-235.623, 288.98, -100.868], "tool": false, "touchDistance": -0.396241, "touchZone": "touching", "type": 1, "width": 17.0546}, {"bases": [[[0.953816, -0.258216, -0.153491], [0.27529, 0.955864, 0.102658], [0.120209, -0.140171, 0.982803]], [[0.961165, -0.271502, -0.0494907], [0.262986, 0.955447, -0.13401], [0.0836696, 0.11579, 0.989743]], [[0.961165, -0.271502, -0.0494907], [0.21625, 0.85236, -0.47615], [0.171459, 0.446956, 0.87797]], [[0.961165, -0.271502, -0.0494907], [0.153133, 0.673876, -0.722801], [0.229592, 0.687152, 0.689281]]], "btipPosition": [-18.0914, 100.585, -40.5544], "carpPosition": [-36.3088, 117.713, 89.883], "dipPosition": [-21.6423, 111.212, -29.8941], "direction": [0.171459, -0.446956, -0.87797], "extended": true, "handId": 90, "id": 902, "length": 55.1463, "mcpPosition": [-28.9741, 126.265, 29.9153], "pipPosition": [-25.655, 121.672, -9.34677], "stabilizedTipPosition": [-18.8288, 102.944, -38.0898], "timeVisible": 9.30956, "tipPosition": [-20.6402, 113.227, -39.9069], "tipVelocity": [-255.353, 271.306, -38.7445], "tool": false, "touchDistance": -0.338933, "touchZone": "touching", "type": 2, "width": 16.7499}, {"bases": [[[0.937625, -0.347346, -0.0144894], [0.346424, 0.930018, 0.122706], [-0.0291462, -0.120072, 0.992337]], [[0.934613, -0.353411, 0.03998], [0.354943, 0.919642, -0.168152], [0.0226596, 0.171348, 0.98495]], [[0.934613, -0.353411, 0.03998], [0.321221, 0.790492, -0.521478], [0.152692, 0.500223, 0.852327]], [[0.934613, -0.353411, 0.03998], [0.250573, 0.574505, -0.779203], [0.25241, 0.738271, 0.625495]]], "btipPosition": [-39.8827, 93.3568, -32.0407], "carpPosition": [-46.4817, 115.836, 87.5907], "dipPosition": [-43.764, 104.709, -22.4225], "direction": [0.152692, -0.500223, -0.852327], "extended": true, "handId": 90, "id": 903, "length": 53.0247, "mcpPosition": [-48.0784, 122.414, 33.2274], "pipPosition": [-47.2452, 116.114, -2.99047], "stabilizedTipPosition": [-40.7061, 95.8928, -29.8269], "timeVisible": 9.30956, "tipPosition": [-42.9269, 106.184, -32.2844], "tipVelocity": [-244.785, 263.926, -3.5227], "tool": false, "touchDistance": -0.297658, "touchZone": "touching", "type": 3, "width": 15.9386}, {"bases": [[[0.857735, -0.507768, 0.0803861], [0.484097, 0.850385, 0.206144], [-0.173033, -0.137903, 0.975214]], [[0.825764, -0.521914, 0.213821], [0.548638, 0.831211, -0.0899117], [-0.130804, 0.191556, 0.972726]], [[0.825764, -0.521914, 0.213821], [0.555831, 0.688683, -0.465583], [0.0957389, 0.50331, 0.858786]], [[0.825764, -0.521914, 0.213821], [0.49313, 0.484088, -0.722829], [0.273746, 0.702328, 0.657114]]], "btipPosition": [-62.9553, 91.2044, -14.2694], "carpPosition": [-55.7984, 107.85, 86.6383], "dipPosition": [-66.8386, 101.167, -4.94765], "direction": [0.0957389, -0.50331, -0.858786], "extended": true, "handId": 90, "id": 904, "length": 41.5704, "mcpPosition": [-64.5732, 114.844, 37.1831], "pipPosition": [-68.3797, 109.269, 8.87614], "stabilizedTipPosition": [-63.8098, 93.444, -12.122], "timeVisible": 9.30956, "tipPosition": [-65.7989, 102.689, -13.944], "tipVelocity": [-224.28, 301.074, -18.7604], "tool": false, "touchDistance": -0.289063, "touchZone": "touching", "type": 4, "width": 14.1579}], "r": [[0.865472, 0.372523, -0.33494], [-0.474427, 0.824197, -0.309222], [0.160864, 0.426528, 0.890054]], "s": 1.09007, "t": [-84.3494, -39.4424, 0.750155], "timestamp": 629769279624}, {"currentFrameRate": 55.0244, "devices": [], "gestures": [], "hands": [{"armBasis": [[0.927553, 0.213875, -0.306435], [0.137964, 0.566099, 0.81271], [0.347291, -0.796109, 0.49558]], "armWidth": 56.2339, "confidence": 1, "direction": [0.0535293, 0.294933, -0.954017], "elbow": [-132.319, -85.6914, 225.549], "grabAngle": 0.987359, "grabStrength": 0, "id": 90, "palmNormal": [0.133263, -0.948951, -0.28589], "palmPosition": [-36.6075, 124.479, 48.2532], "palmVelocity": [-224.87, 454.426, -67.6273], "palmWidth": 79.9498, "pinchDistance": 43.6324, "pinchStrength": 0.207943, "r": [[0.869751, 0.380169, -0.314649], [-0.470557, 0.831001, -0.29667], [0.148689, 0.40609, 0.901656]], "s": 1.07362, "sphereCenter": [-47.1917, 47.4072, 13.9057], "sphereRadius": 83.1264, "stabilizedPalmPosition": [-36.4835, 124.229, 48.2911], "t": [80.7982, -32.5374, -0.585147], "timeVisible": 9.32765, "type": "left", "wrist": [-50.3116, 102.297, 108.526]}], "id": 32168, "interactionBox": {"center": [0, 200, 0], "size": [235.247, 235.247, 147.751]}, "pointables": [{"bases": [[[0.506975, 0.861318, 0.0332916], [-0.715964, 0.399284, 0.572685], [0.479971, -0.314173, 0.819099]], [[0.406525, 0.905326, -0.122973], [-0.817364, 0.420518, 0.393804], [0.408233, -0.0595771, 0.910931]], [[0.406525, 0.905326, -0.122973], [-0.89854, 0.420538, 0.125595], [0.165419, 0.059439, 0.984431]], [[0.406525, 0.905326, -0.122973], [-0.913604, 0.404005, -0.0459176], [0.00811143, 0.131016, 0.991347]]], "btipPosition": [2.1839, 104.717, 9.43016], "carpPosition": [-20.4641, 106.332, 96.189], "dipPosition": [2.02675, 107.255, 28.6361], "direction": [0.165419, -0.059439, -0.984431], "extended": false, "handId": 90, "id": 900, "length": 43.142, "mcpPosition": [-20.4641, 106.332, 96.189], "pipPosition": [-2.6421, 108.933, 56.421], "stabilizedTipPosition": [4.60221, 103.242, 15.3329], "timeVisible": 9.32765, "tipPosition": [6.51976, 115.199, 17.619], "tipVelocity": [-337.071, 303.896, -179.501], "tool": false, "touchDistance": -0.543718, "touchZone": "touching", "type": 0, "width": 17.9416}, {"bases": [[[0.966597, -0.0607245, -0.249003], [0.0993126, 0.984367, 0.145461], [0.236277, -0.165331, 0.957517]], [[0.990079, -0.0831519, -0.113263], [0.0742603, 0.993977, -0.0805875], [0.119282, 0.071377, 0.990291]], [[0.990079, -0.0831519, -0.113263], [0.035772, 0.928699, -0.369105], [0.135879, 0.361391, 0.92246]], [[0.990079, -0.0831519, -0.113263], [0.00894519, 0.841758, -0.539781], [0.140224, 0.533413, 0.834151]]], "btipPosition": [-5.07605, 117.855, -35.5676], "carpPosition": [-29.2939, 124.481, 91.8029], "dipPosition": [-7.05931, 125.399, -23.7698], "direction": [0.135879, -0.361391, -0.92246], "extended": true, "handId": 90, "id": 901, "length": 48.6809, "mcpPosition": [-14.0202, 135.169, 29.9061], "pipPosition": [-9.77802, 132.63, -5.31297], "stabilizedTipPosition": [-5.3512, 119.372, -32.803], "timeVisible": 9.32765, "tipPosition": [-6.93391, 128.514, -33.0894], "tipVelocity": [-292.997, 353.114, -81.0732], "tool": false, "touchDistance": -0.406945, "touchZone": "touching", "type": 1, "width": 17.1378}, {"bases": [[[0.958444, -0.249418, -0.138474], [0.266461, 0.956061, 0.122256], [0.101897, -0.154074, 0.982791]], [[0.963829, -0.265053, -0.0279428], [0.259093, 0.956381, -0.134931], [0.0624879, 0.122811, 0.990461]], [[0.963829, -0.265053, -0.0279428], [0.213011, 0.829085, -0.516957], [0.160188, 0.492306, 0.855555]], [[0.963829, -0.265053, -0.0279428], [0.146749, 0.615288, -0.774523], [0.222482, 0.742407, 0.631928]]], "btipPosition": [-23.6035, 106.798, -40.8715], "carpPosition": [-39.5751, 125.391, 88.8658], "dipPosition": [-27.0645, 118.347, -31.0412], "direction": [0.160188, -0.492306, -0.855555], "extended": true, "handId": 90, "id": 902, "length": 55.468, "mcpPosition": [-33.3285, 134.836, 28.6181], "pipPosition": [-30.8353, 129.936, -10.9017], "stabilizedTipPosition": [-24.3399, 109.385, -38.6049], "timeVisible": 9.32765, "tipPosition": [-26.0984, 120.252, -40.8692], "tipVelocity": [-303.612, 355.254, -28.0864], "tool": false, "touchDistance": -0.340993, "touchZone": "touching", "type": 2, "width": 16.8316}, {"bases": [[[0.94016, -0.34073, -0.00115838], [0.337369, 0.930399, 0.143318], [-0.0477549, -0.135132, 0.989676]], [[0.934965, -0.348899, 0.0641024], [0.354738, 0.919314, -0.170358], [0.000507426, 0.182018, 0.983295]], [[0.934965, -0.348899, 0.0641024], [0.322486, 0.760682, -0.563352], [0.147791, 0.547387, 0.823727]], [[0.934965, -0.348899, 0.0641024], [0.250682, 0.521977, -0.81529], [0.250994, 0.778338, 0.575493]]], "btipPosition": [-45.2561, 99.7116, -31.8802], "carpPosition": [-49.9176, 123.597, 86.7496], "dipPosition": [-49.1381, 111.75, -22.9793], "direction": [0.147791, -0.547387, -0.823727], "extended": true, "handId": 90, "id": 903, "length": 53.334, "mcpPosition": [-52.546, 131.034, 32.2782], "pipPosition": [-52.5272, 124.302, -4.08979], "stabilizedTipPosition": [-46.0978, 102.418, -29.8329], "timeVisible": 9.32765, "tipPosition": [-48.1989, 113.245, -32.7598], "tipVelocity": [-297.095, 360.066, -0.249077], "tool": false, "touchDistance": -0.296293, "touchZone": "touching", "type": 3, "width": 16.0163}, {"bases": [[[0.859561, -0.503094, 0.0897295], [0.473938, 0.850458, 0.228261], [-0.191148, -0.153678, 0.969456]], [[0.818261, -0.521123, 0.242651], [0.555007, 0.826128, -0.0973695], [-0.149719, 0.214347, 0.965215]], [[0.818261, -0.521123, 0.242651], [0.565094, 0.651778, -0.505821], [0.10544, 0.551015, 0.827807]], [[0.818261, -0.521123, 0.242651], [0.499626, 0.435965, -0.748538], [0.284292, 0.733734, 0.617099]]], "btipPosition": [-67.7658, 97.7913, -13.981], "carpPosition": [-59.4082, 115.626, 85.8726], "dipPosition": [-71.8223, 108.261, -5.17581], "direction": [0.10544, -0.551015, -0.827807], "extended": true, "handId": 90, "id": 904, "length": 41.8128, "mcpPosition": [-69.1471, 123.456, 36.4793], "pipPosition": [-73.5294, 117.182, 8.22705], "stabilizedTipPosition": [-68.6705, 100.16, -11.9568], "timeVisible": 9.32765, "tipPosition": [-70.7756, 110.074, -14.2303], "tipVelocity": [-268.166, 370.621, 9.3774], "tool": false, "touchDistance": -0.285946, "touchZone": "touching", "type": 4, "width": 14.227}], "r": [[0.869751, 0.380169, -0.314649], [-0.470557, 0.831001, -0.29667], [0.148689, 0.40609, 0.901656]], "s": 1.07362, "t": [-80.7982, -32.5374, -0.585147], "timestamp": 629769297711}, {"currentFrameRate": 55.0522, "devices": [], "gestures": [], "hands": [{"armBasis": [[0.938566, 0.212324, -0.272051], [0.113575, 0.554366, 0.824487], [0.325874, -0.804734, 0.496195]], "armWidth": 56.3643, "confidence": 1, "direction": [0.0419805, 0.316404, -0.947695], "elbow": [-131.016, -80.7119, 224.914], "grabAngle": 1.0603, "grabStrength": 0, "id": 90, "palmNormal": [0.111053, -0.944132, -0.310295], "palmPosition": [-40.8981, 133.661, 46.8578], "palmVelocity": [-237.471, 508.19, -77.2275], "palmWidth": 80.267, "pinchDistance": 42.4012, "pinchStrength": 0.268183, "r": [[0.872662, 0.390438, -0.293291], [-0.46953, 0.835903, -0.284268], [0.134173, 0.385779, 0.912783]], "s": 1.05559, "sphereCenter": [-55.2415, 62.8856, 11.8443], "sphereRadius": 77.9846, "stabilizedPalmPosition": [-40.8047, 133.461, 46.8881], "t": [76.8772, -24.4939, -1.95047], "timeVisible": 9.34572, "type": "left", "wrist": [-53.7061, 110.203, 107.197]}], "id": 32169, "interactionBox": {"center": [0, 200, 0], "size": [235.247, 235.247, 147.751]}, "pointables": [{"bases": [[[0.490688, 0.869089, 0.0625217], [-0.733054, 0.372964, 0.568797], [0.471017, -0.324933, 0.820098]], [[0.384516, 0.917041, -0.105753], [-0.849259, 0.396323, 0.348838], [0.361811, -0.0443223, 0.931197]], [[0.384516, 0.917041, -0.105753], [-0.912679, 0.394845, 0.105425], [0.138435, 0.0559807, 0.988788]], [[0.384516, 0.917041, -0.105753], [-0.923054, 0.380606, -0.0557693], [-0.0108925, 0.11906, 0.992827]]], "btipPosition": [-4.58604, 112.059, 6.15415], "carpPosition": [-24.1625, 114.013, 94.2789], "dipPosition": [-4.37439, 114.373, 25.4455], "direction": [0.138435, -0.0559807, -0.988788], "extended": false, "handId": 90, "id": 900, "length": 43.2693, "mcpPosition": [-24.1625, 114.013, 94.2789], "pipPosition": [-8.29316, 115.957, 53.4358], "stabilizedTipPosition": [-2.4123, 110.417, 11.6937], "timeVisible": 9.34572, "tipPosition": [0.588961, 122.563, 14.5347], "tipVelocity": [-369.997, 403.496, -180.228], "tool": false, "touchDistance": -0.566525, "touchZone": "touching", "type": 0, "width": 17.9648}, {"bases": [[[0.971783, -0.0377837, -0.232831], [0.0789544, 0.982252, 0.170138], [0.22227, -0.183721, 0.957519]], [[0.99298, -0.0624136, -0.100473], [0.0548063, 0.995541, -0.0767737], [0.104817, 0.0707282, 0.991973]], [[0.99298, -0.0624136, -0.100473], [0.0159573, 0.91237, -0.409056], [0.117199, 0.404581, 0.906961]], [[0.99298, -0.0624136, -0.100473], [-0.00922807, 0.805978, -0.591874], [0.11792, 0.588646, 0.799744]]], "btipPosition": [-10.5808, 125.44, -36.655], "carpPosition": [-32.7694, 132.508, 90.4154], "dipPosition": [-12.2536, 133.79, -25.3104], "direction": [0.117199, -0.404581, -0.906961], "extended": true, "handId": 90, "id": 901, "length": 48.8246, "mcpPosition": [-18.3442, 144.432, 28.2728], "pipPosition": [-14.6054, 141.909, -7.11015], "stabilizedTipPosition": [-10.8355, 127.175, -34.017], "timeVisible": 9.34572, "tipPosition": [-12.3214, 137.105, -34.7484], "tipVelocity": [-300.717, 430.056, -65.9524], "tool": false, "touchDistance": -0.412459, "touchZone": "touching", "type": 1, "width": 17.16}, {"bases": [[[0.965084, -0.22915, -0.126896], [0.24697, 0.957451, 0.149307], [0.0872831, -0.175433, 0.980614]], [[0.968773, -0.247459, -0.0155934], [0.243799, 0.96213, -0.121934], [0.0451766, 0.114325, 0.992416]], [[0.968773, -0.247459, -0.0155934], [0.199438, 0.815057, -0.543973], [0.14732, 0.523876, 0.838958]], [[0.968773, -0.247459, -0.0155934], [0.133787, 0.574637, -0.807399], [0.208758, 0.7801, 0.5898]]], "btipPosition": [-29.2226, 115.356, -41.4014], "carpPosition": [-43.1375, 133.673, 87.6752], "dipPosition": [-32.4796, 127.527, -32.1993], "direction": [0.14732, -0.523876, -0.838958], "extended": true, "handId": 90, "id": 902, "length": 55.6317, "mcpPosition": [-37.7656, 144.47, 27.3224], "pipPosition": [-35.9577, 139.895, -12.3922], "stabilizedTipPosition": [-29.932, 118.093, -39.2801], "timeVisible": 9.34572, "tipPosition": [-31.717, 129.279, -42.006], "tipVelocity": [-308.399, 481.543, -37.3259], "tool": false, "touchDistance": -0.345343, "touchZone": "touching", "type": 2, "width": 16.8534}, {"bases": [[[0.946028, -0.32399, 0.00790058], [0.317946, 0.932553, 0.171043], [-0.0627839, -0.1593, 0.985232]], [[0.939016, -0.334656, 0.0790901], [0.343199, 0.92646, -0.154551], [-0.0215524, 0.172269, 0.984814]], [[0.939016, -0.334656, 0.0790901], [0.315665, 0.747645, -0.58428], [0.136401, 0.573614, 0.807689]], [[0.939016, -0.334656, 0.0790901], [0.246888, 0.496003, -0.832483], [0.239366, 0.801241, 0.548377]]], "btipPosition": [-51.02, 108.893, -32.3565], "carpPosition": [-53.6015, 132.103, 85.7001], "dipPosition": [-54.7332, 121.323, -23.8499], "direction": [0.136401, -0.573614, -0.807689], "extended": true, "handId": 90, "id": 903, "length": 53.4914, "mcpPosition": [-57.0708, 140.906, 31.2581], "pipPosition": [-57.8703, 134.515, -5.27354], "stabilizedTipPosition": [-51.839, 111.695, -30.3966], "timeVisible": 9.34572, "tipPosition": [-53.8162, 122.821, -33.6625], "tipVelocity": [-316.865, 513.16, -31.3814], "tool": false, "touchDistance": -0.303502, "touchZone": "touching", "type": 3, "width": 16.0371}, {"bases": [[[0.866777, -0.48985, 0.0935067], [0.454413, 0.853046, 0.256556], [-0.20544, -0.179886, 0.961996]], [[0.817143, -0.51385, 0.261218], [0.549861, 0.83085, -0.0856855], [-0.173003, 0.213651, 0.961469]], [[0.817143, -0.51385, 0.261218], [0.566262, 0.630809, -0.530498], [0.107818, 0.58141, 0.806435]], [[0.817143, -0.51385, 0.261218], [0.500534, 0.407746, -0.763681], [0.285907, 0.754785, 0.590387]]], "btipPosition": [-73.0436, 106.974, -14.1687], "carpPosition": [-63.2985, 124.288, 84.8089], "dipPosition": [-77.1351, 117.776, -5.71985], "direction": [0.107818, -0.58141, -0.806435], "extended": true, "handId": 90, "id": 904, "length": 41.9363, "mcpPosition": [-73.8071, 133.489, 35.6012], "pipPosition": [-78.8859, 127.217, 7.37551], "stabilizedTipPosition": [-73.9653, 109.425, -12.2245], "timeVisible": 9.34572, "tipPosition": [-76.0907, 119.739, -14.8996], "tipVelocity": [-292.554, 512.475, -14.9269], "tool": false, "touchDistance": -0.28973, "touchZone": "touching", "type": 4, "width": 14.2454}], "r": [[0.872662, 0.390438, -0.293291], [-0.46953, 0.835903, -0.284268], [0.134173, 0.385779, 0.912783]], "s": 1.05559, "t": [-76.8772, -24.4939, -1.95047], "timestamp": 629769315779}, {"currentFrameRate": 55.0721, "devices": [], "gestures": [], "hands": [{"armBasis": [[0.948065, 0.20608, -0.24229], [0.0907652, 0.554782, 0.82703], [0.304853, -0.80607, 0.507264]], "armWidth": 56.4622, "confidence": 1, "direction": [0.0339262, 0.34454, -0.938158], "elbow": [-129.637, -73.0504, 226.609], "grabAngle": 1.13527, "grabStrength": 0.00720329, "id": 90, "palmNormal": [0.0875445, -0.936115, -0.340624], "palmPosition": [-44.9452, 143.932, 45.5527], "palmVelocity": [-223.735, 567.845, -72.1491], "palmWidth": 80.5583, "pinchDistance": 40.5361, "pinchStrength": 0.346279, "r": [[0.874017, 0.403418, -0.270831], [-0.471305, 0.839433, -0.270599], [0.118179, 0.364152, 0.923811]], "s": 1.03511, "sphereCenter": [-61.4247, 79.074, 9.67698], "sphereRadius": 73.3255, "stabilizedPalmPosition": [-44.8838, 143.777, 45.5725], "t": [72.8932, -15.3363, -3.28568], "timeVisible": 9.36381, "type": "left", "wrist": [-57.0265, 118.94, 105.788]}], "id": 32170, "interactionBox": {"center": [0, 200, 0], "size": [235.247, 235.247, 147.751]}, "pointables": [{"bases": [[[0.472302, 0.876119, 0.0966808], [-0.748848, 0.34098, 0.568296], [0.464928, -0.340806, 0.817125]], [[0.363242, 0.928391, -0.0783913], [-0.875253, 0.368867, 0.312842], [0.319355, -0.0450252, 0.946565]], [[0.363242, 0.928391, -0.0783913], [-0.924235, 0.369682, 0.0955233], [0.117663, 0.0377539, 0.992336]], [[0.363242, 0.928391, -0.0783913], [-0.931289, 0.359314, -0.0599482], [-0.0274882, 0.0947807, 0.995119]]], "btipPosition": [-10.9572, 121.497, 3.09184], "carpPosition": [-27.8207, 122.429, 92.2687], "dipPosition": [-10.4223, 123.341, 22.4556], "direction": [0.117663, -0.0377539, -0.992336], "extended": false, "handId": 90, "id": 900, "length": 43.3318, "mcpPosition": [-27.8207, 122.429, 92.2687], "pipPosition": [-13.7579, 124.411, 50.5869], "stabilizedTipPosition": [-9.32082, 119.854, 8.29091], "timeVisible": 9.36381, "tipPosition": [-4.96365, 131.724, 11.7035], "tipVelocity": [-348.104, 515.779, -168.37], "tool"