{"frames": 55, "data": [{"currentFrameRate": 55.3205, "devices": [], "gestures": [], "hands": [{"armBasis": [[0.914134, -0.00992231, -0.40529], [0.170898, 0.915968, 0.363037], [0.367631, -0.401128, 0.839013]], "armWidth": 55.3046, "confidence": 1, "direction": [0.0925046, 0.466317, -0.879768], "elbow": [-129.754, 224.205, 228.41], "grabAngle": 0.550099, "grabStrength": 0, "id": 35, "palmNormal": [0.180166, -0.876811, -0.445806], "palmPosition": [-26.9553, 346.719, -28.2933], "palmVelocity": [2.36008, 15.9269, 7.89143], "palmWidth": 79.5922, "pinchDistance": 47.2688, "pinchStrength": 0.0379998, "r": [[0.668924, 0.231349, 0.706412], [0.582998, 0.426279, -0.691665], [-0.461144, 0.874508, 0.150272]], "s": 0.917226, "sphereCenter": [-11.7248, 233.154, -91.0803], "sphereRadius": 130.89, "stabilizedPalmPosition": [-25.9794, 344.385, -28.8443], "t": [19.4417, 7.86519, -39.8667], "timeVisible": 7.32104, "type": "left", "wrist": [-42.9274, 318.943, 30.2526]}], "id": 16781, "interactionBox": {"center": [0, 200, 0], "size": [235.247, 235.247, 147.751]}, "pointables": [{"bases": [[[0.537153, 0.82805, 0.160624], [-0.671442, 0.304509, 0.675603], [0.510521, -0.470752, 0.719556]], [[0.488689, 0.867295, 0.0947703], [-0.689884, 0.317643, 0.65051], [0.534081, -0.383278, 0.753562]], [[0.488689, 0.867295, 0.0947703], [-0.837077, 0.435477, 0.331153], [0.245937, -0.241161, 0.938806]], [[0.488689, 0.867295, 0.0947703], [-0.8664, 0.469647, 0.169654], [0.102632, -0.165017, 0.980936]]], "btipPosition": [19.3531, 346.975, -60.9634], "carpPosition": [-12.69, 320.468, 16.3863], "dipPosition": [17.4109, 343.853, -42.4001], "direction": [0.245937, 0.241161, -0.938806], "extended": false, "handId": 35, "id": 350, "length": 42.1409, "mcpPosition": [-12.69, 320.468, 16.3863], "pipPosition": [10.6305, 337.204, -16.5178], "stabilizedTipPosition": [19.7199, 344.427, -57.0435], "timeVisible": 7.32104, "tipPosition": [18.5215, 346.478, -56.5246], "tipVelocity": [3.3879, 19.7874, 6.04765], "tool": false, "touchDistance": -0.254077, "touchZone": "touching", "type": 0, "width": 17.5151}, {"bases": [[[0.949843, -0.0373047, -0.310494], [0.140255, 0.938223, 0.316334], [0.279512, -0.344016, 0.896396]], [[0.979359, -0.0844927, -0.183624], [0.119735, 0.974408, 0.190244], [0.162851, -0.208303, 0.964411]], [[0.979359, -0.0844927, -0.183624], [0.0900571, 0.99569, 0.0221629], [0.18096, -0.0382421, 0.982747]], [[0.979359, -0.0844927, -0.183624], [0.0655923, 0.992127, -0.106681], [0.191192, 0.0924344, 0.977191]]], "btipPosition": [8.00852, 367.848, -109.285], "carpPosition": [-21.8145, 339.003, 14.6117], "dipPosition": [5.36714, 369.125, -95.7845], "direction": [0.18096, 0.0382421, -0.982747], "extended": true, "handId": 35, "id": 351, "length": 47.5513, "mcpPosition": [-3.82683, 361.141, -43.0749], "pipPosition": [1.83045, 368.378, -76.5777], "stabilizedTipPosition": [8.9027, 364.426, -106.699], "timeVisible": 7.32104, "tipPosition": [6.73701, 367.718, -106.337], "tipVelocity": [2.12658, 14.4605, 8.75866], "tool": false, "touchDistance": 0.34124, "touchZone": "hovering", "type": 1, "width": 16.7305}, {"bases": [[[0.940953, -0.242833, -0.23588], [0.30492, 0.910628, 0.27889], [0.147075, -0.334347, 0.930903]], [[0.950183, -0.271012, -0.153962], [0.293509, 0.94422, 0.149336], [0.104902, -0.187085, 0.976726]], [[0.950183, -0.271012, -0.153962], [0.267119, 0.962573, -0.0458399], [0.160623, 0.00243015, 0.987013]], [[0.950183, -0.271012, -0.153962], [0.239109, 0.95065, -0.197713], [0.199947, 0.15105, 0.968094]]], "btipPosition": [-12.2041, 365.525, -120.972], "carpPosition": [-31.9999, 340.179, 11.3125], "dipPosition": [-15.2423, 367.82, -106.261], "direction": [0.160623, -0.00243015, -0.987013], "extended": true, "handId": 35, "id": 352, "length": 54.1809, "mcpPosition": [-23.0241, 360.584, -45.4991], "pipPosition": [-18.9356, 367.876, -83.5666], "stabilizedTipPosition": [-11.001, 362.709, -118.114], "timeVisible": 7.32104, "tipPosition": [-13.1959, 367.847, -117.54], "tipVelocity": [2.54597, 17.5294, 9.21801], "tool": false, "touchDistance": 0.341374, "touchZone": "hovering", "type": 2, "width": 16.4315}, {"bases": [[[0.926659, -0.35734, -0.116667], [0.375901, 0.87983, 0.290858], [-0.00128777, -0.313382, 0.949626]], [[0.926577, -0.352667, -0.130698], [0.365664, 0.926025, 0.0936329], [0.0880086, -0.13455, 0.986991]], [[0.926577, -0.352667, -0.130698], [0.328966, 0.92838, -0.172893], [0.182311, 0.117203, 0.976231]], [[0.926577, -0.352667, -0.130698], [0.300436, 0.903082, -0.306889], [0.226261, 0.24509, 0.942729]]], "btipPosition": [-31.5856, 354.244, -115.459], "carpPosition": [-42.1966, 338.54, 8.34176], "dipPosition": [-35.0039, 357.947, -101.216], "direction": [0.182311, -0.117203, -0.976231], "extended": true, "handId": 35, "id": 353, "length": 52.0964, "mcpPosition": [-42.2671, 355.711, -43.6915], "pipPosition": [-39.0876, 360.572, -79.3491], "stabilizedTipPosition": [-30.7863, 352.728, -112.834], "timeVisible": 7.32104, "tipPosition": [-32.6885, 357.883, -112.282], "tipVelocity": [2.7035, 14.2949, 9.11599], "tool": false, "touchDistance": 0.317324, "touchZone": "hovering", "type": 3, "width": 15.6356}, {"bases": [[[0.845349, -0.531637, -0.0524181], [0.513854, 0.782373, 0.351918], [-0.146082, -0.324429, 0.934562]], [[0.856378, -0.492057, -0.156515], [0.502046, 0.864333, 0.0296407], [0.120696, -0.103961, 0.987231]], [[0.856378, -0.492057, -0.156515], [0.449537, 0.859619, -0.24284], [0.254034, 0.137604, 0.957357]], [[0.856378, -0.492057, -0.156515], [0.435943, 0.851447, -0.291532], [0.276715, 0.18143, 0.943669]]], "btipPosition": [-47.4719, 345.357, -98.4108], "carpPosition": [-51.3875, 330.634, 5.51101], "dipPosition": [-51.3287, 347.886, -85.2584], "direction": [0.254034, -0.137604, -0.957357], "extended": true, "handId": 35, "id": 354, "length": 40.8426, "mcpPosition": [-58.7971, 347.09, -41.8916], "pipPosition": [-55.3462, 350.062, -70.1177], "stabilizedTipPosition": [-48.3637, 346.214, -95.9768], "timeVisible": 7.32104, "tipPosition": [-49.37, 348.355, -95.5421], "tipVelocity": [12.2859, 0.478959, 11.0117], "tool": false, "touchDistance": -0.231758, "touchZone": "touching", "type": 4, "width": 13.8888}], "r": [[0.668924, 0.231349, 0.706412], [0.582998, 0.426279, -0.691665], [-0.461144, 0.874508, 0.150272]], "s": 0.917226, "t": [-19.4417, 7.86519, -39.8667], "timestamp": 629477864858}, {"currentFrameRate": 55.3246, "devices": [], "gestures": [], "hands": [{"armBasis": [[0.913623, -0.0100448, -0.406438], [0.172293, 0.915055, 0.364679], [0.36825, -0.403205, 0.837746]], "armWidth": 55.3046, "confidence": 1, "direction": [0.092087, 0.464503, -0.880771], "elbow": [-129.828, 224.015, 228.412], "grabAngle": 0.55507, "grabStrength": 0, "id": 35, "palmNormal": [0.181097, -0.87759, -0.443891], "palmPosition": [-26.8981, 346.942, -28.0308], "palmVelocity": [3.16825, 12.3722, 14.5345], "palmWidth": 79.5922, "pinchDistance": 47.1833, "pinchStrength": 0.0407309, "r": [[0.669207, 0.230628, 0.70638], [0.583506, 0.425494, -0.691719], [-0.460091, 0.87508, 0.15017]], "s": 0.916559, "sphereCenter": [-12.0212, 234.613, -90.1098], "sphereRadius": 129.393, "stabilizedPalmPosition": [-25.9983, 344.437, -28.8275], "t": [19.4572, 8.10587, -39.6706], "timeVisible": 7.3391, "type": "left", "wrist": [-42.8551, 319.244, 30.5545]}], "id": 16782, "interactionBox": {"center": [0, 200, 0], "size": [235.247, 235.247, 147.751]}, "pointables": [{"bases": [[[0.538014, 0.827844, 0.158792], [-0.671082, 0.306663, 0.674986], [0.510088, -0.469715, 0.72054]], [[0.489053, 0.867372, 0.0921561], [-0.690177, 0.320196, 0.648945], [0.533369, -0.380973, 0.755233]], [[0.489053, 0.867372, 0.0921561], [-0.836656, 0.436593, 0.330747], [0.246646, -0.238856, 0.939209]], [[0.489053, 0.867372, 0.0921561], [-0.865837, 0.469947, 0.171685], [0.105606, -0.163755, 0.980832]]], "btipPosition": [19.4789, 347.122, -60.7252], "carpPosition": [-12.6089, 320.803, 16.7066], "dipPosition": [17.4804, 344.023, -42.1639], "direction": [0.246646, 0.238856, -0.939209], "extended": false, "handId": 35, "id": 350, "length": 42.1409, "mcpPosition": [-12.6089, 320.803, 16.7066], "pipPosition": [10.6805, 337.438, -16.2705], "stabilizedTipPosition": [19.6952, 344.497, -57.0228], "timeVisible": 7.3391, "tipPosition": [18.5833, 346.685, -56.2595], "tipVelocity": [6.24858, 8.44166, 13.1614], "tool": false, "touchDistance": -0.250115, "touchZone": "touching", "type": 0, "width": 17.5151}, {"bases": [[[0.949783, -0.0389533, -0.310476], [0.14124, 0.938762, 0.314289], [0.279221, -0.342358, 0.897121]], [[0.979081, -0.0854895, -0.184642], [0.120053, 0.975379, 0.184992], [0.164281, -0.203289, 0.965238]], [[0.979081, -0.0854895, -0.184642], [0.0899831, 0.995813, 0.0160806], [0.182494, -0.0323589, 0.982674]], [[0.979081, -0.0854895, -0.184642], [0.0653338, 0.991488, -0.112622], [0.192698, 0.0982022, 0.976332]]], "btipPosition": [8.15243, 367.694, -109.067], "carpPosition": [-21.7524, 339.324, 14.8912], "dipPosition": [5.49025, 369.051, -95.579], "direction": [0.182494, 0.0323589, -0.982674], "extended": true, "handId": 35, "id": 351, "length": 47.5513, "mcpPosition": [-3.7834, 361.357, -42.8421], "pipPosition": [1.92357, 368.419, -76.3736], "stabilizedTipPosition": [8.8856, 364.471, -106.69], "timeVisible": 7.3391, "tipPosition": [6.79041, 367.81, -106.115], "tipVelocity": [7.70309, -7.49692, 11.8847], "tool": false, "touchDistance": 0.343669, "touchZone": "hovering", "type": 1, "width": 16.7305}, {"bases": [[[0.940687, -0.24431, -0.235417], [0.305875, 0.910917, 0.276895], [0.146797, -0.332479, 0.931616]], [[0.949884, -0.272274, -0.153584], [0.294204, 0.944708, 0.144812], [0.105663, -0.18274, 0.977467]], [[0.949884, -0.272274, -0.153584], [0.267669, 0.962197, -0.0503075], [0.161475, 0.00667664, 0.986854]], [[0.949884, -0.272274, -0.153584], [0.239598, 0.949682, -0.201735], [0.200783, 0.154827, 0.967324]]], "btipPosition": [-12.098, 365.39, -120.752], "carpPosition": [-31.9387, 340.484, 11.5888], "dipPosition": [-15.1489, 367.743, -106.054], "direction": [0.161475, -0.00667664, -0.986854], "extended": true, "handId": 35, "id": 352, "length": 54.1809, "mcpPosition": [-22.9799, 360.774, -45.2664], "pipPosition": [-18.8618, 367.897, -83.3627], "stabilizedTipPosition": [-11.0207, 362.744, -118.106], "timeVisible": 7.3391, "tipPosition": [-13.15, 367.869, -117.323], "tipVelocity": [5.7149, -6.70251, 11.9898], "tool": false, "touchDistance": 0.343818, "touchZone": "hovering", "type": 2, "width": 16.4315}, {"bases": [[[0.926283, -0.358544, -0.115955], [0.376824, 0.880072, 0.288924], [-0.00154347, -0.31132, 0.950304]], [[0.926211, -0.354058, -0.129524], [0.366453, 0.926203, 0.0886555], [0.0885761, -0.129578, 0.987605]], [[0.926211, -0.354058, -0.129524], [0.329435, 0.927133, -0.178597], [0.18332, 0.122749, 0.97536]], [[0.926211, -0.354058, -0.129524], [0.300695, 0.901004, -0.312688], [0.227411, 0.250668, 0.940984]]], "btipPosition": [-31.4761, 354.03, -115.193], "carpPosition": [-42.1335, 338.827, 8.62089], "dipPosition": [-34.9117, 357.817, -100.977], "direction": [0.18332, -0.122749, -0.97536], "extended": true, "handId": 35, "id": 353, "length": 52.0964, "mcpPosition": [-42.2181, 355.885, -43.4495], "pipPosition": [-39.018, 360.567, -79.1293], "stabilizedTipPosition": [-30.8033, 352.753, -112.823], "timeVisible": 7.3391, "tipPosition": [-32.6311, 357.872, -112.042], "tipVelocity": [5.84367, -10.7642, 14.3751], "tool": false, "touchDistance": 0.321651, "touchZone": "hovering", "type": 3, "width": 15.6356}, {"bases": [[[0.844799, -0.532617, -0.0513222], [0.514681, 0.782606, 0.350186], [-0.14635, -0.322252, 0.935273]], [[0.855843, -0.493411, -0.155174], [0.502207, 0.864492, 0.0210146], [0.123778, -0.0959147, 0.987664]], [[0.855843, -0.493411, -0.155174], [0.447832, 0.856982, -0.255006], [0.258804, 0.148753, 0.954407]], [[0.855843, -0.493411, -0.155174], [0.434234, 0.848406, -0.302736], [0.281024, 0.191712, 0.940357]]], "btipPosition": [-47.1905, 344.969, -98.0708], "carpPosition": [-51.3161, 330.906, 5.80667], "dipPosition": [-51.1073, 347.641, -84.9645], "direction": [0.258804, -0.148753, -0.954407], "extended": true, "handId": 35, "id": 354, "length": 40.8426, "mcpPosition": [-58.7393, 347.251, -41.632], "pipPosition": [-55.2003, 349.993, -69.8705], "stabilizedTipPosition": [-48.3516, 346.186, -95.936], "timeVisible": 7.3391, "tipPosition": [-49.273, 348.324, -95.2776], "tipVelocity": [14.8165, -19.6809, 18.2385], "tool": false, "touchDistance": -0.226268, "touchZone": "touching", "type": 4, "width": 13.8888}], "r": [[0.669207, 0.230628, 0.70638], [0.583506, 0.425494, -0.691719], [-0.460091, 0.87508, 0.15017]], "s": 0.916559, "t": [-19.4572, 8.10587, -39.6706], "timestamp": 629477882919}, {"currentFrameRate": 55.299, "devices": [], "gestures": [], "hands": [{"armBasis": [[0.913254, -0.00994921, -0.407269], [0.173018, 0.914537, 0.365632], [0.368825, -0.40438, 0.836926]], "armWidth": 55.3046, "confidence": 1, "direction": [0.0905656, 0.465222, -0.880549], "elbow": [-129.769, 223.777, 228.365], "grabAngle": 0.559862, "grabStrength": 0, "id": 35, "palmNormal": [0.181675, -0.877064, -0.444695], "palmPosition": [-26.7816, 347.043, -27.8756], "palmVelocity": [6.40824, 5.57814, 8.5429], "palmWidth": 79.5922, "pinchDistance": 47.0386, "pinchStrength": 0.044796, "r": [[0.669334, 0.229792, 0.706532], [0.584165, 0.42482, -0.691577], [-0.459068, 0.875628, 0.15011]], "s": 0.915542, "sphereCenter": [-12.0498, 235.654, -89.6764], "sphereRadius": 128.376, "stabilizedPalmPosition": [-26.0106, 344.478, -28.8127], "t": [19.5232, 8.27689, -39.4949], "timeVisible": 7.35728, "type": "left", "wrist": [-42.6608, 319.283, 30.7013]}], "id": 16783, "interactionBox": {"center": [0, 200, 0], "size": [235.247, 235.247, 147.751]}, "pointables": [{"bases": [[[0.538842, 0.827082, 0.15995], [-0.671445, 0.307009, 0.674468], [0.508734, -0.470829, 0.72077]], [[0.4899, 0.866787, 0.0931544], [-0.690622, 0.320667, 0.648239], [0.532014, -0.381907, 0.755717]], [[0.4899, 0.866787, 0.0931544], [-0.836498, 0.437293, 0.33022], [0.245495, -0.239699, 0.939296]], [[0.4899, 0.866787, 0.0931544], [-0.865397, 0.470624, 0.17205], [0.10529, -0.164903, 0.980674]]], "btipPosition": [19.5788, 347.296, -60.6241], "carpPosition": [-12.4121, 320.891, 16.8282], "dipPosition": [17.5863, 344.175, -42.0659], "direction": [0.245495, 0.239699, -0.939296], "extended": false, "handId": 35, "id": 350, "length": 42.1409, "mcpPosition": [-12.4121, 320.891, 16.8282], "pipPosition": [10.8181, 337.567, -16.17], "stabilizedTipPosition": [19.6759, 344.567, -57.0003], "timeVisible": 7.35728, "tipPosition": [18.6698, 346.861, -56.1542], "tipVelocity": [5.57311, 9.27724, 5.52389], "tool": false, "touchDistance": -0.248442, "touchZone": "touching", "type": 0, "width": 17.5151}, {"bases": [[[0.950072, -0.0398891, -0.30947], [0.142033, 0.938373, 0.315092], [0.277829, -0.343315, 0.897188]], [[0.979231, -0.0866712, -0.183291], [0.120059, 0.976362, 0.179728], [0.163381, -0.198001, 0.96649]], [[0.979231, -0.0866712, -0.183291], [0.0897478, 0.995928, 0.00854098], [0.181805, -0.0248136, 0.983022]], [[0.979231, -0.0866712, -0.183291], [0.0654237, 0.990742, -0.118958], [0.191905, 0.104496, 0.975835]]], "btipPosition": [8.17957, 367.416, -108.971], "carpPosition": [-21.58, 339.402, 15.0355], "dipPosition": [5.52836, 368.859, -95.4892], "direction": [0.181805, 0.0248136, -0.983022], "extended": true, "handId": 35, "id": 351, "length": 47.5513, "mcpPosition": [-3.70056, 361.496, -42.702], "pipPosition": [1.97517, 368.374, -76.277], "stabilizedTipPosition": [8.8682, 364.514, -106.679], "timeVisible": 7.35728, "tipPosition": [6.81957, 367.999, -105.979], "tipVelocity": [1.63255, -14.2284, 5.23354], "tool": false, "touchDistance": 0.344062, "touchZone": "hovering", "type": 1, "width": 16.7305}, {"bases": [[[0.940646, -0.245287, -0.234562], [0.306675, 0.910355, 0.277857], [0.14538, -0.333299, 0.931545]], [[0.949706, -0.273248, -0.15295], [0.294854, 0.944791, 0.142938], [0.105448, -0.180847, 0.977842]], [[0.949706, -0.273248, -0.15295], [0.26822, 0.961898, -0.053003], [0.161605, 0.009313, 0.986812]], [[0.949706, -0.273248, -0.15295], [0.240061, 0.948933, -0.204688], [0.20107, 0.157676, 0.966804]]], "btipPosition": [-12.0181, 365.331, -120.598], "carpPosition": [-31.7713, 340.552, 11.745], "dipPosition": [-15.0734, 367.727, -105.907], "direction": [0.161605, -0.009313, -0.986812], "extended": true, "handId": 35, "id": 352, "length": 54.1809, "mcpPosition": [-22.899, 360.892, -45.1058], "pipPosition": [-18.7892, 367.941, -83.2167], "stabilizedTipPosition": [-11.0322, 362.765, -118.1], "timeVisible": 7.35728, "tipPosition": [-13.1492, 368.013, -117.169], "tipVelocity": [4.34115, -2.73655, 8.41945], "tool": false, "touchDistance": 0.345065, "touchZone": "hovering", "type": 2, "width": 16.4315}, {"bases": [[[0.925975, -0.359585, -0.115195], [0.377574, 0.879415, 0.289943], [-0.00295506, -0.311974, 0.950086]], [[0.92592, -0.355016, -0.128981], [0.367258, 0.925972, 0.0877374], [0.088285, -0.128607, 0.987758]], [[0.92592, -0.355016, -0.128981], [0.330216, 0.926602, -0.179907], [0.183384, 0.123988, 0.975191]], [[0.92592, -0.355016, -0.128981], [0.300948, 0.899738, -0.316072], [0.22826, 0.25384, 0.939927]]], "btipPosition": [-31.3834, 354.013, -115.001], "carpPosition": [-41.9673, 338.885, 8.78706], "dipPosition": [-34.8319, 357.848, -100.801], "direction": [0.183384, -0.123988, -0.975191], "extended": true, "handId": 35, "id": 353, "length": 52.0964, "mcpPosition": [-42.1292, 355.979, -43.2714], "pipPosition": [-38.9397, 360.625, -78.9567], "stabilizedTipPosition": [-30.8122, 352.767, -112.816], "timeVisible": 7.35728, "tipPosition": [-32.6142, 357.988, -111.871], "tipVelocity": [4.93434, -0.345532, 10.3818], "tool": false, "touchDistance": 0.324795, "touchZone": "hovering", "type": 3, "width": 15.6356}, {"bases": [[[0.844209, -0.533604, -0.0507711], [0.515246, 0.781741, 0.351287], [-0.147759, -0.322719, 0.93489]], [[0.855437, -0.494169, -0.154997], [0.502575, 0.864346, 0.0179882], [0.125082, -0.0932855, 0.987751]], [[0.855437, -0.494169, -0.154997], [0.447557, 0.855955, -0.258908], [0.260615, 0.152109, 0.953385]], [[0.855437, -0.494169, -0.154997], [0.434426, 0.847595, -0.304726], [0.281961, 0.193339, 0.939744]]], "btipPosition": [-47.0102, 344.89, -97.8585], "carpPosition": [-51.1434, 330.954, 5.97737], "dipPosition": [-50.9401, 347.585, -84.7607], "direction": [0.260615, -0.152109, -0.953385], "extended": true, "handId": 35, "id": 354, "length": 40.8426, "mcpPosition": [-58.638, 347.323, -41.4419], "pipPosition": [-55.0617, 349.99, -69.6828], "stabilizedTipPosition": [-48.3379, 346.165, -95.9017], "timeVisible": 7.35728, "tipPosition": [-49.2107, 348.399, -95.0931], "tipVelocity": [9.75602, -4.0456, 11.5764], "tool": false, "touchDistance": -0.222762, "touchZone": "touching", "type": 4, "width": 13.8888}], "r": [[0.669334, 0.229792, 0.706532], [0.584165, 0.42482, -0.691577], [-0.459068, 0.875628, 0.15011]], "s": 0.915542, "t": [-19.5232, 8.27689, -39.4949], "timestamp": 629477901091}, {"currentFrameRate": 55.3115, "devices": [], "gestures": [], "hands": [{"armBasis": [[0.913153, -0.00961627, -0.407504], [0.173237, 0.914097, 0.366628], [0.368972, -0.405382, 0.836376]], "armWidth": 55.3046, "confidence": 1, "direction": [0.0892307, 0.468026, -0.879198], "elbow": [-129.585, 223.363, 228.31], "grabAngle": 0.563358, "grabStrength": 0, "id": 35, "palmNormal": [0.182009, -0.875518, -0.447595], "palmPosition": [-26.6352, 347.044, -27.7361], "palmVelocity": [8.12183, 0.060846, 7.7299], "palmWidth": 79.5922, "pinchDistance": 46.7947, "pinchStrength": 0.0510976, "r": [[0.66933, 0.228563, 0.706934], [0.584913, 0.424601, -0.691079], [-0.458121, 0.876055, 0.150509]], "s": 0.914097, "sphereCenter": [-11.807, 236.242, -89.5845], "sphereRadius": 127.832, "stabilizedPalmPosition": [-26.0183, 344.51, -28.7994], "t": [19.6294, 8.36295, -39.3374], "timeVisible": 7.37531, "type": "left", "wrist": [-42.4422, 319.105, 30.7761]}], "id": 16784, "interactionBox": {"center": [0, 200, 0], "size": [235.247, 235.247, 147.751]}, "pointables": [{"bases": [[[0.539426, 0.826093, 0.163066], [-0.671865, 0.305532, 0.67472], [0.507559, -0.47352, 0.719835]], [[0.490597, 0.866043, 0.0963536], [-0.690993, 0.319281, 0.648528], [0.530889, -0.384746, 0.755068]], [[0.490597, 0.866043, 0.0963536], [-0.83641, 0.437004, 0.330827], [0.244403, -0.242894, 0.93876]], [[0.490597, 0.866043, 0.0963536], [-0.865011, 0.47067, 0.173859], [0.105218, -0.168642, 0.980045]]], "btipPosition": [19.7147, 347.455, -60.5257], "carpPosition": [-12.1956, 320.767, 16.8715], "dipPosition": [17.7236, 344.263, -41.9794], "direction": [0.244403, 0.242894, -0.93876], "extended": false, "handId": 35, "id": 350, "length": 42.1409, "mcpPosition": [-12.1956, 320.767, 16.8715], "pipPosition": [10.9855, 337.567, -16.0983], "stabilizedTipPosition": [19.6625, 344.635, -56.9767], "timeVisible": 7.37531, "tipPosition": [18.7878, 346.991, -56.0625], "tipVelocity": [7.55613, 7.90151, 5.30417], "tool": false, "touchDistance": -0.246848, "touchZone": "touching", "type": 0, "width": 17.5151}, {"bases": [[[0.950356, -0.0397959, -0.308609], [0.142558, 0.937264, 0.318141], [0.276587, -0.346342, 0.896408]], [[0.979342, -0.0869968, -0.18254], [0.119071, 0.977724, 0.172853], [0.163436, -0.191018, 0.967885]], [[0.979342, -0.0869968, -0.18254], [0.0883057, 0.996093, -0.000960983], [0.181911, -0.0151782, 0.983198]], [[0.979342, -0.0869968, -0.18254], [0.0648055, 0.990138, -0.124203], [0.191546, 0.109808, 0.975322]]], "btipPosition": [8.29659, 366.979, -108.855], "carpPosition": [-21.3821, 339.275, 15.1457], "dipPosition": [5.65033, 368.496, -95.3807], "direction": [0.181911, 0.0151782, -0.983198], "extended": true, "handId": 35, "id": 351, "length": 47.5513, "mcpPosition": [-3.58257, 361.564, -42.5417], "pipPosition": [2.09506, 368.2, -76.1651], "stabilizedTipPosition": [8.85074, 364.556, -106.665], "timeVisible": 7.37531, "tipPosition": [6.903, 368.229, -105.807], "tipVelocity": [6.55103, -23.2604, 6.31539], "tool": false, "touchDistance": 0.344698, "touchZone": "hovering", "type": 1, "width": 16.7305}, {"bases": [[[0.940666, -0.245416, -0.234347], [0.307212, 0.909211, 0.28099], [0.144111, -0.336312, 0.930659]], [[0.949558, -0.273346, -0.153694], [0.294929, 0.944988, 0.141472], [0.106568, -0.179665, 0.977938]], [[0.949558, -0.273346, -0.153694], [0.26789, 0.961846, -0.0555598], [0.163017, 0.011584, 0.986555]], [[0.949558, -0.273346, -0.153694], [0.239518, 0.948532, -0.207167], [0.202412, 0.159905, 0.966157]]], "btipPosition": [-11.8055, 365.256, -120.407], "carpPosition": [-31.5779, 340.426, 11.8693], "dipPosition": [-14.8812, 367.686, -105.726], "direction": [0.163017, -0.011584, -0.986555], "extended": true, "handId": 35, "id": 352, "length": 54.1809, "mcpPosition": [-22.7829, 360.95, -44.9275], "pipPosition": [-18.6295, 367.953, -83.0421], "stabilizedTipPosition": [-11.041, 362.783, -118.094], "timeVisible": 7.37531, "tipPosition": [-13.0987, 368.239, -116.979], "tipVelocity": [11.5273, -3.68685, 10.4266], "tool": false, "touchDistance": 0.346712, "touchZone": "hovering", "type": 2, "width": 16.4315}, {"bases": [[[0.925767, -0.360069, -0.115349], [0.378071, 0.87817, 0.293053], [-0.00422299, -0.314909, 0.949112]], [[0.925723, -0.355195, -0.129899], [0.367689, 0.92566, 0.0892117], [0.0885543, -0.130348, 0.987506]], [[0.925723, -0.355195, -0.129899], [0.330692, 0.926855, -0.177718], [0.183522, 0.121562, 0.97547]], [[0.925723, -0.355195, -0.129899], [0.300872, 0.899749, -0.316113], [0.229158, 0.25355, 0.939787]]], "btipPosition": [-31.2346, 354.169, -114.813], "carpPosition": [-41.7754, 338.759, 8.91674], "dipPosition": [-34.6967, 358, -100.615], "direction": [0.183522, -0.121562, -0.97547], "extended": true, "handId": 35, "id": 353, "length": 52.0964, "mcpPosition": [-42.0068, 356.014, -43.0884], "pipPosition": [-38.8075, 360.723, -78.7646], "stabilizedTipPosition": [-30.8192, 352.78, -112.809], "timeVisible": 7.37531, "tipPosition": [-32.5598, 358.214, -111.69], "tipVelocity": [8.07765, 8.61115, 10.3961], "tool": false, "touchDistance": 0.32792, "touchZone": "hovering", "type": 3, "width": 15.6356}, {"bases": [[[0.843777, -0.534213, -0.0515494], [0.515591, 0.780181, 0.354238], [-0.14902, -0.325476, 0.933734]], [[0.855189, -0.494174, -0.156343], [0.502885, 0.864136, 0.019372], [0.125529, -0.0951893, 0.987513]], [[0.855189, -0.494174, -0.156343], [0.448092, 0.856494, -0.256186], [0.260507, 0.149032, 0.9539]], [[0.855189, -0.494174, -0.156343], [0.436208, 0.849115, -0.297871], [0.279953, 0.186538, 0.941717]]], "btipPosition": [-46.895, 345.102, -97.714], "carpPosition": [-50.9472, 330.828, 6.092], "dipPosition": [-50.7968, 347.702, -84.5888], "direction": [0.260507, -0.149032, -0.9539], "extended": true, "handId": 35, "id": 354, "length": 40.8426, "mcpPosition": [-58.5058, 347.337, -41.2686], "pipPosition": [-54.9168, 350.059, -69.5027], "stabilizedTipPosition": [-48.3223, 346.152, -95.8673], "timeVisible": 7.37531, "tipPosition": [-49.1312, 348.579, -94.9252], "tipVelocity": [6.749, 10.5444, 8.36029], "tool": false, "touchDistance": -0.220249, "touchZone": "touching", "type": 4, "width": 13.8888}], "r": [[0.66933, 0.228563, 0.706934], [0.584913, 0.424601, -0.691079], [-0.458121, 0.876055, 0.150509]], "s": 0.914097, "t": [-19.6294, 8.36295, -39.3374], "timestamp": 629477919127}, {"currentFrameRate": 55.3095, "devices": [], "gestures": [], "hands": [{"armBasis": [[0.913362, -0.00817255, -0.407067], [0.172377, 0.913533, 0.368433], [0.368858, -0.406682, 0.835795]], "armWidth": 55.3046, "confidence": 1, "direction": [0.0877484, 0.470504, -0.878024], "elbow": [-129.307, 222.723, 228.285], "grabAngle": 0.570535, "grabStrength": 0, "id": 35, "palmNormal": [0.181135, -0.874266, -0.450388], "palmPosition": [-26.4696, 346.867, -27.5732], "palmVelocity": [9.15257, -9.83297, 9.01006], "palmWidth": 79.5922, "pinchDistance": 46.6254, "pinchStrength": 0.0564427, "r": [[0.669074, 0.227194, 0.707618], [0.585743, 0.424829, -0.690236], [-0.457434, 0.876301, 0.151165]], "s": 0.912487, "sphereCenter": [-11.8585, 237.19, -89.3656], "sphereRadius": 126.763, "stabilizedPalmPosition": [-26.0238, 344.539, -28.7842], "t": [19.7653, 8.31706, -39.1771], "timeVisible": 7.3934, "type": "left", "wrist": [-42.1905, 318.773, 30.8883]}], "id": 16785, "interactionBox": {"center": [0, 200, 0], "size": [235.247, 235.247, 147.751]}, "pointables": [{"bases": [[[0.539052, 0.825683, 0.166344], [-0.673073, 0.303552, 0.67441], [0.506355, -0.475504, 0.719375]], [[0.490486, 0.865709, 0.0998579], [-0.691969, 0.317248, 0.648485], [0.529719, -0.387171, 0.75465]], [[0.490486, 0.865709, 0.0998579], [-0.836973, 0.436066, 0.330638], [0.242692, -0.245752, 0.93846]], [[0.490486, 0.865709, 0.0998579], [-0.865245, 0.470136, 0.174137], [0.103805, -0.171813, 0.979645]]], "btipPosition": [19.8302, 347.394, -60.4285], "carpPosition": [-11.9551, 320.462, 16.9347], "dipPosition": [17.8658, 344.143, -41.8897], "direction": [0.242692, 0.245752, -0.93846], "extended": false, "handId": 35, "id": 350, "length": 42.1409, "mcpPosition": [-11.9551, 320.462, 16.9347], "pipPosition": [11.1749, 337.367, -16.0168], "stabilizedTipPosition": [19.6547, 344.69, -56.9545], "timeVisible": 7.3934, "tipPosition": [18.9049, 346.888, -55.979], "tipVelocity": [6.7229, -4.12486, 5.28104], "tool": false, "touchDistance": -0.245256, "touchZone": "touching", "type": 0, "width": 17.5151}, {"bases": [[[0.950897, -0.0388249, -0.307063], [0.141902, 0.936374, 0.321041], [0.275062, -0.34885, 0.895904]], [[0.979656, -0.0863512, -0.181156], [0.117688, 0.978378, 0.170075], [0.162553, -0.187935, 0.968637]], [[0.979656, -0.0863512, -0.181156], [0.0863476, 0.996234, -0.00792101], [0.181158, -0.00788253, 0.983422]], [[0.979656, -0.0863512, -0.181156], [0.0624742, 0.989063, -0.133606], [0.190712, 0.11957, 0.974337]]], "btipPosition": [8.38092, 366.456, -108.708], "carpPosition": [-21.1426, 338.976, 15.2773], "dipPosition": [5.74618, 368.108, -95.2473], "direction": [0.181158, 0.00788253, -0.983422], "extended": true, "handId": 35, "id": 351, "length": 47.5513, "mcpPosition": [-3.44131, 361.426, -42.3777], "pipPosition": [2.20563, 367.954, -76.0273], "stabilizedTipPosition": [8.833, 364.594, -106.648], "timeVisible": 7.3934, "tipPosition": [6.96382, 368.219, -105.641], "tipVelocity": [4.80892, -27.1963, 7.95748], "tool": false, "touchDistance": 0.34572, "touchZone": "hovering", "type": 1, "width": 16.7305}, {"bases": [[[0.941099, -0.244655, -0.233401], [0.306624, 0.908444, 0.284098], [0.142525, -0.338931, 0.929953]], [[0.949792, -0.272496, -0.153757], [0.294191, 0.945086, 0.142355], [0.106523, -0.180441, 0.977801]], [[0.949792, -0.272496, -0.153757], [0.266984, 0.962082, -0.0558324], [0.163141, 0.0119785, 0.98653]], [[0.949792, -0.272496, -0.153757], [0.238482, 0.948608, -0.208013], [0.202538, 0.160901, 0.965966]]], "btipPosition": [-11.6655, 365.133, -120.203], "carpPosition": [-31.344, 340.136, 12.0219], "dipPosition": [-14.743, 367.578, -105.525], "direction": [0.163141, -0.0119785, -0.98653], "extended": true, "handId": 35, "id": 352, "length": 54.1809, "mcpPosition": [-22.6459, 360.821, -44.7318], "pipPosition": [-18.4942, 367.853, -82.841], "stabilizedTipPosition": [-11.0472, 362.797, -118.088], "timeVisible": 7.3934, "tipPosition": [-13.0756, 368.272, -116.78], "tipVelocity": [7.71768, -6.64032, 11.2736], "tool": false, "touchDistance": 0.348433, "touchZone": "hovering", "type": 2, "width": 16.4315}, {"bases": [[[0.926005, -0.359646, -0.114754], [0.377465, 0.877375, 0.296197], [-0.00584342, -0.317595, 0.948208]], [[0.925979, -0.35447, -0.130055], [0.367139, 0.925711, 0.0909331], [0.0881605, -0.13195, 0.987328]], [[0.925979, -0.35447, -0.130055], [0.330183, 0.927277, -0.176457], [0.183146, 0.120454, 0.975678]], [[0.925979, -0.35447, -0.130055], [0.300123, 0.899995, -0.316125], [0.229106, 0.253693, 0.939761]]], "btipPosition": [-31.1183, 354.117, -114.595], "carpPosition": [-41.5468, 338.479, 9.08244], "dipPosition": [-34.5796, 357.95, -100.398], "direction": [0.183146, -0.120454, -0.975678], "extended": true, "handId": 35, "id": 353, "length": 52.0964, "mcpPosition": [-41.867, 355.881, -42.8731], "pipPosition": [-38.682, 360.648, -78.5429], "stabilizedTipPosition": [-30.8231, 352.788, -112.804], "timeVisible": 7.3934, "tipPosition": [-32.5332, 358.242, -111.483], "tipVelocity": [6.44225, -2.86292, 12.0138], "tool": false, "touchDistance": 0.331542, "touchZone": "hovering", "type": 3, "width": 15.6356}, {"bases": [[[0.843923, -0.533978, -0.0515905], [0.514889, 0.779228, 0.357343], [-0.150613, -0.328133, 0.932547]], [[0.855561, -0.493308, -0.157045], [0.501927, 0.864719, 0.0181891], [0.126827, -0.0943872, 0.987424]], [[0.855561, -0.493308, -0.157045], [0.447537, 0.857244, -0.254643], [0.260243, 0.147578, 0.954198]], [[0.855561, -0.493308, -0.157045], [0.433771, 0.848662, -0.30268], [0.282593, 0.190839, 0.940065]]], "btipPosition": [-46.6832, 344.906, -97.4737], "carpPosition": [-50.7244, 330.557, 6.25125], "dipPosition": [-50.6218, 347.566, -84.3715], "direction": [0.260244, -0.147578, -0.954198], "extended": true, "handId": 35, "id": 354, "length": 40.8426, "mcpPosition": [-58.3637, 347.201, -41.0491], "pipPosition": [-54.7376, 349.9, -69.2808], "stabilizedTipPosition": [-48.3047, 346.136, -95.8335], "timeVisible": 7.3934, "tipPosition": [-49.0577, 348.542, -94.714], "tipVelocity": [11.2414, -10.0841, 12.9918], "tool": false, "touchDistance": -0.216332, "touchZone": "touching", "type": 4, "width": 13.8888}], "r": [[0.669074, 0.227194, 0.707618], [0.585743, 0.424829, -0.690236], [-0.457434, 0.876301, 0.151165]], "s": 0.912487, "t": [-19.7653, 8.31706, -39.1771], "timestamp": 629477937214}, {"currentFrameRate": 55.2474, "devices": [], "gestures": [], "hands": [{"armBasis": [[0.91396, -0.00362256, -0.405787], [0.169086, 0.912421, 0.37269], [0.368899, -0.409237, 0.834529]], "armWidth": 55.3046, "confidence": 1, "direction": [0.0874556, 0.470933, -0.877823], "elbow": [-129.023, 221.775, 228.041], "grabAngle": 0.579108, "grabStrength": 0, "id": 35, "palmNormal": [0.177445, -0.874471, -0.451457], "palmPosition": [-26.2012, 346.549, -27.5115], "palmVelocity": [14.6578, -17.3458, 3.36868], "palmWidth": 79.5922, "pinchDistance": 46.5027, "pinchStrength": 0.0607713, "r": [[0.668436, 0.226409, 0.708472], [0.586417, 0.425492, -0.689255], [-0.457502, 0.876183, 0.151644]], "s": 0.910929, "sphereCenter": [-12.1707, 238.085, -88.9679], "sphereRadius": 125.455, "stabilizedPalmPosition": [-26.027, 344.575, -28.7613], "t": [19.9675, 8.13527, -39.0661], "timeVisible": 7.41171, "type": "left", "wrist": [-41.8966, 318.428, 30.9433]}], "id": 16786, "interactionBox": {"center": [0, 200, 0], "size": [235.247, 235.247, 147.751]}, "pointables": [{"bases": [[[0.536091, 0.827253, 0.168103], [-0.675403, 0.300871, 0.673282], [0.506397, -0.474477, 0.720023]], [[0.487589, 0.867138, 0.101625], [-0.694218, 0.314481, 0.647428], [0.52945, -0.386229, 0.755321]], [[0.487589, 0.867138, 0.101625], [-0.839218, 0.433397, 0.328452], [0.240769, -0.245436, 0.939038]], [[0.487589, 0.867138, 0.101625], [-0.867269, 0.467657, 0.170708], [0.100502, -0.171372, 0.980067]]], "btipPosition": [19.978, 346.936, -60.4708], "carpPosition": [-11.6801, 320.062, 16.9456], "dipPosition": [18.0761, 343.693, -41.924], "direction": [0.240769, 0.245436, -0.939038], "extended": false, "handId": 35, "id": 350, "length": 42.1409, "mcpPosition": [-11.6801, 320.062, 16.9456], "pipPosition": [11.4382, 336.927, -16.0353], "stabilizedTipPosition": [19.6506, 344.744, -56.9278], "timeVisible": 7.41171, "tipPosition": [19.1167, 346.448, -56.0103], "tipVelocity": [8.85494, -24.8869, -2.21111], "tool": false, "touchDistance": -0.245931, "touchZone": "touching", "type": 0, "width": 17.5151}, {"bases": [[[0.951638, -0.0355612, -0.305158], [0.138278, 0.93656, 0.32208], [0.274345, -0.3487, 0.896183]], [[0.980156, -0.0827731, -0.180117], [0.113659, 0.979118, 0.168554], [0.162404, -0.185681, 0.969096]], [[0.980156, -0.0827731, -0.180117], [0.0818137, 0.996566, -0.0127617], [0.180555, -0.00222761, 0.983562]], [[0.980156, -0.0827731, -0.180117], [0.0571999, 0.988096, -0.142812], [0.189794, 0.129675, 0.973223]]], "btipPosition": [8.63566, 365.749, -108.685], "carpPosition": [-20.8121, 338.607, 15.3217], "dipPosition": [6.0136, 367.541, -95.2395], "direction": [0.180555, 0.00222761, -0.983562], "extended": true, "handId": 35, "id": 351, "length": 47.5513, "mcpPosition": [-3.15692, 361.047, -42.3512], "pipPosition": [2.48484, 367.497, -76.0167], "stabilizedTipPosition": [8.81608, 364.627, -106.626], "timeVisible": 7.41171, "tipPosition": [7.15998, 367.823, -105.629], "tipVelocity": [14.0681, -36.8614, 1.07472], "tool": false, "touchDistance": 0.344777, "touchZone": "hovering", "type": 1, "width": 16.7305}, {"bases": [[[0.942343, -0.241481, -0.231681], [0.303162, 0.909181, 0.28545], [0.141709, -0.339229, 0.929969]], [[0.950909, -0.269084, -0.15286], [0.29055, 0.946324, 0.141607], [0.106551, -0.179069, 0.97805]], [[0.950909, -0.269084, -0.15286], [0.263115, 0.962995, -0.0584056], [0.16292, 0.0153186, 0.98652]], [[0.950909, -0.269084, -0.15286], [0.234517, 0.948847, -0.211403], [0.201926, 0.165177, 0.965372]]], "btipPosition": [-11.4009, 364.622, -120.138], "carpPosition": [-31.0164, 339.802, 12.088], "dipPosition": [-14.4692, 367.131, -105.469], "direction": [0.16292, -0.0153186, -0.98652], "extended": true, "handId": 35, "id": 352, "length": 54.1809, "mcpPosition": [-22.3681, 360.505, -44.6666], "pipPosition": [-18.2153, 367.484, -82.7856], "stabilizedTipPosition": [-11.0553, 362.815, -118.078], "timeVisible": 7.41171, "tipPosition": [-12.9079, 367.94, -116.729], "tipVelocity": [14.5609, -27.1002, 3.41808], "tool": false, "touchDistance": 0.347862, "touchZone": "hovering", "type": 2, "width": 16.4315}, {"bases": [[[0.927373, -0.356615, -0.113158], [0.374077, 0.878328, 0.297668], [-0.00676344, -0.318379, 0.947939]], [[0.927357, -0.351267, -0.128919], [0.363671, 0.927204, 0.0896445], [0.0880454, -0.130017, 0.987595]], [[0.927357, -0.351267, -0.128919], [0.326368, 0.927856, -0.180462], [0.183009, 0.125277, 0.975097]], [[0.927357, -0.351267, -0.128919], [0.296389, 0.899892, -0.319918], [0.22839, 0.258467, 0.938633]]], "btipPosition": [-30.8703, 353.61, -114.475], "carpPosition": [-41.2303, 338.179, 9.16801], "dipPosition": [-34.3207, 357.515, -100.294], "direction": [0.183009, -0.125277, -0.975097], "extended": true, "handId": 35, "id": 353, "length": 52.0964, "mcpPosition": [-41.6009, 355.624, -42.7728], "pipPosition": [-38.4201, 360.321, -78.4523], "stabilizedTipPosition": [-30.8282, 352.798, -112.794], "timeVisible": 7.41171, "tipPosition": [-32.3853, 357.945, -111.396], "tipVelocity": [13.6777, -26.7539, 6.37823], "tool": false, "touchDistance": 0.333473, "touchZone": "hovering", "type": 3, "width": 15.6356}, {"bases": [[[0.845716, -0.531258, -0.0503007], [0.511686, 0.780567, 0.359015], [-0.151466, -0.329363, 0.931975]], [[0.857426, -0.490558, -0.15548], [0.498724, 0.866613, 0.0160456], [0.126869, -0.0912992, 0.987709]], [[0.857426, -0.490558, -0.15548], [0.445452, 0.858795, -0.253068], [0.25767, 0.147729, 0.954873]], [[0.857426, -0.490558, -0.15548], [0.428015, 0.847557, -0.313767], [0.285699, 0.202485, 0.936684]]], "btipPosition": [-46.437, 344.447, -97.3185], "carpPosition": [-50.4388, 330.289, 6.34916], "dipPosition": [-50.419, 347.269, -84.2634], "direction": [0.25767, -0.147729, -0.954873], "extended": true, "handId": 35, "id": 354, "length": 40.8426, "mcpPosition": [-58.1214, 346.995, -40.9222], "pipPosition": [-54.4941, 349.606, -69.162], "stabilizedTipPosition": [-48.2751, 346.104, -95.7864], "timeVisible": 7.41171, "tipPosition": [-48.8943, 348.297, -94.6001], "tipVelocity": [12.8954, -23.0034, 7.8834], "tool": false, "touchDistance": -0.213926, "touchZone": "touching", "type": 4, "width": 13.8888}], "r": [[0.668436, 0.226409, 0.708472], [0.586417, 0.425492, -0.689255], [-0.457502, 0.876183, 0.151644]], "s": 0.910929, "t": [-19.9675, 8.13527, -39.0661], "timestamp": 629477955529}, {"currentFrameRate": 55.2993, "devices": [], "gestures": [], "hands": [{"armBasis": [[0.91419, -0.00136275, -0.405284], [0.167889, 0.911432, 0.375639], [0.368877, -0.411448, 0.833451]], "armWidth": 55.3046, "confidence": 1, "direction": [0.0885556, 0.471211, -0.877564], "elbow": [-128.817, 220.673, 227.676], "grabAngle": 0.583865, "grabStrength": 0, "id": 35, "palmNormal": [0.176049, -0.874559, -0.451833], "palmPosition": [-25.9436, 345.992, -27.5947], "palmVelocity": [14.3848, -31.0976, -4.64635], "palmWidth": 79.5922, "pinchDistance": 46.2429, "pinchStrength": 0.0680145, "r": [[0.66789, 0.225944, 0.709135], [0.586764, 0.426295, -0.688463], [-0.457855, 0.875912, 0.152142]], "s": 0.908991, "sphereCenter": [-11.7383, 238.138, -88.7115], "sphereRadius": 124.731, "stabilizedPalmPosition": [-26.0247, 344.614, -28.729], "t": [20.1973, 7.76599, -39.0522], "timeVisible": 7.42962, "type": "left", "wrist": [-41.6966, 317.848, 30.8324]}], "id": 16787, "interactionBox": {"center": [0, 200, 0], "size": [235.247, 235.247, 147.751]}, "pointables": [{"bases": [[[0.53469, 0.828111, 0.168344], [-0.67572, 0.299353, 0.67364], [0.507454, -0.473942, 0.719632]], [[0.486705, 0.867508, 0.102704], [-0.693812, 0.312438, 0.648851], [0.530795, -0.387056, 0.753953]], [[0.486705, 0.867508, 0.102704], [-0.840019, 0.4325, 0.327584], [0.239762, -0.245709, 0.939224]], [[0.486705, 0.867508, 0.102704], [-0.868323, 0.467565, 0.165525], [0.095574, -0.169742, 0.980843]]], "btipPosition": [20.1129, 346.345, -60.5226], "carpPosition": [-11.4829, 319.458, 16.8538], "dipPosition": [18.3042, 343.133, -41.9612], "direction": [0.239762, 0.245709, -0.939224], "extended": false, "handId": 35, "id": 350, "length": 42.1409, "mcpPosition": [-11.4829, 319.458, 16.8538], "pipPosition": [11.6941, 336.359, -16.0673], "stabilizedTipPosition": [19.6528, 344.783, -56.8968], "timeVisible": 7.42962, "tipPosition": [19.3854, 345.824, -56.0808], "tipVelocity": [8.73118, -32.6328, -2.70666], "tool": false, "touchDistance": -0.246739, "touchZon