{"frames": 49, "data": [{"currentFrameRate": 55.3246, "devices": [], "gestures": [], "hands": [{"armBasis": [[0.457243, -0.677034, -0.576674], [0.88625, 0.292862, 0.358876], [-0.0740859, -0.675172, 0.733931]], "armWidth": 69.943, "confidence": 1, "direction": [-0.359742, 0.224829, -0.905559], "elbow": [-88.194, 26.4531, 301.285], "grabAngle": 2.75895, "grabStrength": 0, "id": 42, "palmNormal": [0.866325, -0.279942, -0.413659], "palmPosition": [-127.204, 242.934, 27.0927], "palmVelocity": [24.2584, 6.36372, 1.56649], "palmWidth": 93.5895, "pinchDistance": 56.5659, "pinchStrength": 0.585112, "r": [[0.999215, 0.0159777, 0.0362477], [-0.0150576, 0.999561, -0.0255155], [-0.0366395, 0.0249497, 0.999017]], "s": 0.912627, "sphereCenter": [-100.183, 231.725, -5.27344], "sphereRadius": 43.4741, "stabilizedPalmPosition": [-130.035, 235.091, 25.4072], "t": [-0.45676, 35.3891, 0.757481], "timeVisible": 3.05499, "type": "left", "wrist": [-108.769, 213.957, 97.4623]}], "id": 19862, "interactionBox": {"center": [0, 200, 0], "size": [235.247, 235.247, 147.751]}, "pointables": [{"bases": [[[0.401989, -0.88232, -0.244778], [0.900716, 0.332969, 0.279001], [-0.164664, -0.332631, 0.92857]], [[0.367669, -0.926389, -0.0813846], [0.929548, 0.363501, 0.061713], [-0.0275868, -0.0983408, 0.99477]], [[0.367669, -0.926389, -0.0813846], [0.918426, 0.375455, -0.124605], [0.145989, -0.0289323, 0.988863]], [[0.367669, -0.926389, -0.0813846], [0.911519, 0.376337, -0.165842], [0.184262, -0.0132088, 0.982788]]], "btipPosition": [-124.117, 278.378, -73.9736], "carpPosition": [-116.996, 248.2, 77.4133], "dipPosition": [-127.178, 278.159, -57.6469], "direction": [0.145989, 0.0289323, -0.988863], "extended": true, "handId": 42, "id": 421, "length": 57.1794, "mcpPosition": [-129.456, 273.371, 7.14711], "pipPosition": [-130.609, 277.479, -34.4074], "stabilizedTipPosition": [-128.818, 272.348, -71.9636], "timeVisible": 3.05499, "tipPosition": [-126.484, 278.865, -70.5145], "tipVelocity": [25.4815, 1.74647, 1.25049], "tool": false, "touchDistance": 0.334448, "touchZone": "hovering", "type": 1, "width": 21.8186}, {"bases": [[[0.984495, -0.0813053, 0.155431], [-0.0318287, 0.78858, 0.614107], [-0.1725, -0.609533, 0.773766]], [[0.997953, 0.0591701, -0.0242577], [-0.053396, 0.979727, 0.193089], [0.0351911, -0.191399, 0.980881]], [[0.997953, 0.0591701, -0.0242577], [-0.0621576, 0.986662, -0.150446], [0.0150323, 0.151646, 0.988321]], [[0.997953, 0.0591701, -0.0242577], [-0.0634632, 0.869653, -0.489568], [-0.007872, 0.490105, 0.871628]]], "btipPosition": [-90.6126, 241.485, -23.1201], "carpPosition": [-92.7386, 247.838, 79.8409], "dipPosition": [-90.4334, 252.638, -3.28562], "direction": [0.0150323, -0.151646, -0.988321], "extended": false, "handId": 42, "id": 420, "length": 50.6735, "mcpPosition": [-92.7386, 247.838, 79.8409], "pipPosition": [-90.9318, 257.665, 29.4788], "stabilizedTipPosition": [-92.8421, 238.442, -20.1732], "timeVisible": 3.05499, "tipPosition": [-90.0439, 246.34, -18.7513], "tipVelocity": [35.0156, 11.9294, 9.16592], "tool": false, "touchDistance": 0.333346, "touchZone": "hovering", "type": 0, "width": 22.8419}, {"bases": [[[0.216567, -0.962896, -0.161027], [0.951877, 0.171625, 0.25392], [-0.216863, -0.208268, 0.953727]], [[0.203173, -0.973652, -0.103548], [0.409101, 0.180493, -0.89446], [0.889582, 0.139369, 0.434993]], [[0.203173, -0.973652, -0.103548], [-0.853756, -0.124384, -0.505598], [0.479397, 0.191129, -0.856533]], [[0.203173, -0.973652, -0.103548], [-0.967408, -0.215937, 0.132263], [-0.151137, 0.0733007, -0.985791]]], "btipPosition": [-87.0871, 239.721, 27.1399], "carpPosition": [-123.709, 237.93, 74.2724], "dipPosition": [-84.3256, 241.06, 9.12782], "direction": [0.479397, -0.191129, 0.856533], "extended": false, "handId": 42, "id": 422, "length": 65.1514, "mcpPosition": [-139.272, 252.876, 5.83182], "pipPosition": [-97.5805, 246.344, -14.5546], "stabilizedTipPosition": [-89.1612, 230.388, 20.2369], "timeVisible": 3.05499, "tipPosition": [-85.2446, 240.032, 20.5939], "tipVelocity": [25.5258, 18.9516, 11.5532], "tool": false, "touchDistance": 0.333333, "touchZone": "none", "type": 2, "width": 21.4287}, {"bases": [[[0.109917, -0.993229, -0.0376033], [0.957519, 0.0956654, 0.27204], [-0.266601, -0.0659076, 0.961551]], [[0.114176, -0.992045, -0.053012], [0.40508, 0.0952122, -0.90931], [0.907124, 0.0823473, 0.412729]], [[0.114176, -0.992045, -0.053012], [-0.849602, -0.0698463, -0.522779], [0.514918, 0.104728, -0.850818]], [[0.114176, -0.992045, -0.053012], [-0.981156, -0.120974, 0.150657], [-0.155871, 0.0348117, -0.987164]]], "btipPosition": [-94.2284, 223.373, 32.6461], "carpPosition": [-127.497, 226.158, 71.678], "dipPosition": [-91.3967, 224.006, 14.7125], "direction": [0.514918, -0.104728, 0.850818], "extended": false, "handId": 42, "id": 423, "length": 62.6448, "mcpPosition": [-144.674, 230.404, 9.72571], "pipPosition": [-105.266, 226.827, -8.20432], "stabilizedTipPosition": [-96.2195, 214.378, 26.2119], "timeVisible": 3.05499, "tipPosition": [-92.7276, 223.108, 27.3668], "tipVelocity": [28.0984, 14.3417, 10.7099], "tool": false, "touchDistance": 0.333333, "touchZone": "none", "type": 3, "width": 20.3908}, {"bases": [[[-0.0814092, -0.996244, 0.0295099], [0.935618, -0.0661838, 0.346755], [-0.343499, 0.0558391, 0.937491]], [[-0.0372739, -0.995298, -0.089396], [0.468021, 0.0616532, -0.881564], [0.882931, -0.0746986, 0.463523]], [[-0.0372739, -0.995298, -0.089396], [-0.767028, 0.0858358, -0.635846], [0.640529, 0.0448689, -0.766622]], [[-0.0372739, -0.995298, -0.089396], [-0.999149, 0.0387002, -0.0142749], [0.0176674, 0.0887879, -0.995894]]], "btipPosition": [-101.861, 208.953, 28.9473], "carpPosition": [-124.207, 212.056, 69.5271], "dipPosition": [-102.157, 210.441, 12.2565], "direction": [0.640529, -0.0448689, 0.766622], "extended": false, "handId": 42, "id": 424, "length": 49.1123, "mcpPosition": [-144.693, 208.726, 13.6135], "pipPosition": [-114.338, 211.294, -2.32254], "stabilizedTipPosition": [-104.592, 201.036, 23.3151], "timeVisible": 3.05499, "tipPosition": [-101.933, 209.27, 23.28], "tipVelocity": [33.5053, 14.1051, 8.87698], "tool": false, "touchDistance": 0.333333, "touchZone": "none", "type": 4, "width": 18.1127}], "r": [[0.999215, 0.0159777, 0.0362477], [-0.0150576, 0.999561, -0.0255155], [-0.0366395, 0.0249497, 0.999017]], "s": 0.912627, "t": [0.45676, 35.3891, 0.757481], "timestamp": 629535357865}, {"currentFrameRate": 55.3202, "devices": [], "gestures": [], "hands": [{"armBasis": [[0.448085, -0.679041, -0.581484], [0.890964, 0.285715, 0.352917], [-0.0735058, -0.676218, 0.733026]], "armWidth": 69.943, "confidence": 1, "direction": [-0.357275, 0.220326, -0.90764], "elbow": [-87.9692, 26.3998, 301.176], "grabAngle": 2.76035, "grabStrength": 0, "id": 42, "palmNormal": [0.870807, -0.272794, -0.408997], "palmPosition": [-126.698, 242.944, 27.1162], "palmVelocity": [27.9551, 0.599723, 1.29782], "palmWidth": 93.5895, "pinchDistance": 56.5954, "pinchStrength": 0.584618, "r": [[0.999286, 0.0148926, 0.0347252], [-0.0139941, 0.999565, -0.0259738], [-0.0350969, 0.0254693, 0.999059]], "s": 0.912558, "sphereCenter": [-99.4341, 231.996, -5.0849], "sphereRadius": 43.4553, "stabilizedPalmPosition": [-129.993, 235.191, 25.4289], "t": [-0.0346604, 35.4858, 0.793616], "timeVisible": 3.07308, "type": "left", "wrist": [-108.383, 214.195, 97.6045]}], "id": 19863, "interactionBox": {"center": [0, 200, 0], "size": [235.247, 235.247, 147.751]}, "pointables": [{"bases": [[[0.392904, -0.886216, -0.245454], [0.905008, 0.32532, 0.274094], [-0.163056, -0.32983, 0.929852]], [[0.358844, -0.929859, -0.0811936], [0.93308, 0.355094, 0.0571798], [-0.0243377, -0.0962788, 0.995057]], [[0.358844, -0.929859, -0.0811936], [0.921339, 0.366803, -0.128804], [0.149552, -0.0285861, 0.988341]], [[0.358844, -0.929859, -0.0811936], [0.913978, 0.367698, -0.171585], [0.189405, -0.0126368, 0.981818]]], "btipPosition": [-123.479, 278.236, -73.989], "carpPosition": [-116.785, 248.373, 77.4784], "dipPosition": [-126.626, 278.026, -57.6785], "direction": [0.149552, 0.0285861, -0.988341], "extended": true, "handId": 42, "id": 421, "length": 57.1794, "mcpPosition": [-129.124, 273.332, 7.11524], "pipPosition": [-130.14, 277.354, -34.4512], "stabilizedTipPosition": [-128.741, 272.446, -71.9347], "timeVisible": 3.07308, "tipPosition": [-125.812, 278.74, -70.5376], "tipVelocity": [34.1565, -7.76018, -1.0579], "tool": false, "touchDistance": 0.334049, "touchZone": "hovering", "type": 1, "width": 21.8186}, {"bases": [[[0.984484, -0.0898596, 0.150722], [-0.021783, 0.789704, 0.613101], [-0.174119, -0.606871, 0.775494]], [[0.998318, 0.0501343, -0.029106], [-0.0436824, 0.980646, 0.190855], [0.0381111, -0.189262, 0.981187]], [[0.998318, 0.0501343, -0.029106], [-0.0539921, 0.986908, -0.151975], [0.0211058, 0.153291, 0.987956]], [[0.998318, 0.0501343, -0.029106], [-0.0579674, 0.868676, -0.491977], [0.000618822, 0.492837, 0.870122]]], "btipPosition": [-89.867, 241.652, -22.9048], "carpPosition": [-92.5376, 248.231, 80.0255], "dipPosition": [-89.8811, 252.867, -3.10465], "direction": [0.0211058, -0.153291, -0.987956], "extended": false, "handId": 42, "id": 420, "length": 50.6735, "mcpPosition": [-92.5376, 248.231, 80.0255], "pipPosition": [-90.5808, 257.949, 29.6477], "stabilizedTipPosition": [-92.8048, 238.515, -20.1503], "timeVisible": 3.07308, "tipPosition": [-89.3484, 246.602, -18.5489], "tipVelocity": [38.7509, 9.99154, 11.4615], "tool": false, "touchDistance": 0.336455, "touchZone": "hovering", "type": 0, "width": 22.8419}, {"bases": [[[0.207185, -0.965017, -0.160676], [0.954604, 0.163491, 0.249], [-0.21402, -0.204972, 0.955082]], [[0.193979, -0.975571, -0.103117], [0.405661, 0.175474, -0.897022], [0.893203, 0.132173, 0.429789]], [[0.193979, -0.975571, -0.103117], [-0.857535, -0.117574, -0.500809], [0.476451, 0.185573, -0.859394]], [[0.193979, -0.975571, -0.103117], [-0.96847, -0.20719, 0.138341], [-0.156326, 0.0730302, -0.985002]]], "btipPosition": [-86.5714, 240.089, 27.3986], "carpPosition": [-123.391, 238.04, 74.3197], "dipPosition": [-83.7151, 241.423, 9.40086], "direction": [0.476451, -0.185573, 0.859394], "extended": false, "handId": 42, "id": 422, "length": 65.1514, "mcpPosition": [-138.749, 252.749, 5.78187], "pipPosition": [-96.8885, 246.554, -14.3606], "stabilizedTipPosition": [-89.131, 230.481, 20.2651], "timeVisible": 3.07308, "tipPosition": [-84.6862, 240.408, 20.8333], "tipVelocity": [29.7096, 20.302, 14.4776], "tool": false, "touchDistance": 0.333333, "touchZone": "none", "type": 2, "width": 21.4287}, {"bases": [[[0.100877, -0.994222, -0.0366873], [0.959659, 0.08751, 0.267203], [-0.262449, -0.0621619, 0.962942]], [[0.104855, -0.993163, -0.0513202], [0.400894, 0.0894382, -0.911748], [0.910104, 0.075027, 0.407531]], [[0.104855, -0.993163, -0.0513202], [-0.853248, -0.0633342, -0.517646], [0.510856, 0.0980664, -0.854054]], [[0.104855, -0.993163, -0.0513202], [-0.981179, -0.111728, 0.157495], [-0.162152, 0.0338403, -0.986185]]], "btipPosition": [-93.6188, 223.719, 32.8977], "carpPosition": [-127.061, 226.23, 71.724], "dipPosition": [-90.673, 224.334, 14.9819], "direction": [0.510856, -0.0980664, 0.854054], "extended": false, "handId": 42, "id": 423, "length": 62.6448, "mcpPosition": [-143.97, 230.235, 9.68212], "pipPosition": [-104.433, 226.976, -8.0221], "stabilizedTipPosition": [-96.1947, 214.45, 26.2314], "timeVisible": 3.07308, "tipPosition": [-92.0519, 223.43, 27.593], "tipVelocity": [35.1464, 18.9006, 14.1332], "tool": false, "touchDistance": 0.333333, "touchZone": "none", "type": 3, "width": 20.3908}, {"bases": [[[-0.0901361, -0.995435, 0.0313673], [0.936684, -0.0740311, 0.342261], [-0.338376, 0.0602313, 0.939081]], [[-0.0465941, -0.995055, -0.0877143], [0.463892, 0.0562121, -0.884107], [0.884666, -0.0818841, 0.458979]], [[-0.0465941, -0.995055, -0.0877143], [-0.770087, 0.0917101, -0.631312], [0.636235, 0.0381323, -0.770553]], [[-0.0465941, -0.995055, -0.0877143], [-0.998846, 0.0474315, -0.00748615], [0.0116096, 0.0872643, -0.996118]]], "btipPosition": [-101.107, 209.191, 29.17], "carpPosition": [-123.634, 212.156, 69.61], "dipPosition": [-101.301, 210.653, 12.4755], "direction": [0.636235, -0.0381323, 0.770553], "extended": false, "handId": 42, "id": 424, "length": 49.1123, "mcpPosition": [-143.816, 208.563, 13.6015], "pipPosition": [-113.401, 211.378, -2.17832], "stabilizedTipPosition": [-104.553, 201.134, 23.3383], "timeVisible": 3.07308, "tipPosition": [-101.11, 209.502, 23.4822], "tipVelocity": [42.9739, 12.8212, 12.2628], "tool": false, "touchDistance": 0.333333, "touchZone": "none", "type": 4, "width": 18.1127}], "r": [[0.999286, 0.0148926, 0.0347252], [-0.0139941, 0.999565, -0.0259738], [-0.0350969, 0.0254693, 0.999059]], "s": 0.912558, "t": [0.0346604, 35.4858, 0.793616], "timestamp": 629535375957}, {"currentFrameRate": 55.3182, "devices": [], "gestures": [], "hands": [{"armBasis": [[0.449285, -0.677888, -0.581903], [0.890386, 0.286408, 0.353812], [-0.0731837, -0.677081, 0.732261]], "armWidth": 69.943, "confidence": 1, "direction": [-0.356803, 0.222836, -0.907213], "elbow": [-87.6927, 26.2402, 300.955], "grabAngle": 2.76139, "grabStrength": 0, "id": 42, "palmNormal": [0.870384, -0.273421, -0.409478], "palmPosition": [-126.285, 243.192, 27.1631], "palmVelocity": [22.8365, 13.6884, 2.59608], "palmWidth": 93.5895, "pinchDistance": 56.6314, "pinchStrength": 0.583619, "r": [[0.999336, 0.0143501, 0.0334933], [-0.0134847, 0.999573, -0.0259226], [-0.0338509, 0.0254537, 0.999103]], "s": 0.9127, "sphereCenter": [-99.0794, 232.058, -5.07455], "sphereRadius": 43.4988, "stabilizedPalmPosition": [-129.938, 235.308, 25.4544], "t": [0.382877, 35.6579, 0.835157], "timeVisible": 3.09116, "type": "left", "wrist": [-108.017, 214.275, 97.5966]}], "id": 19864, "interactionBox": {"center": [0, 200, 0], "size": [235.247, 235.247, 147.751]}, "pointables": [{"bases": [[[0.394389, -0.885028, -0.24735], [0.904481, 0.326288, 0.274683], [-0.162394, -0.332055, 0.929176]], [[0.360431, -0.929066, -0.0832215], [0.932466, 0.356534, 0.0582243], [-0.0244229, -0.0985871, 0.994829]], [[0.360431, -0.929066, -0.0832215], [0.920629, 0.368672, -0.128541], [0.150104, -0.0302861, 0.988206]], [[0.360431, -0.929066, -0.0832215], [0.913182, 0.369644, -0.171647], [0.190234, -0.0141295, 0.981637]]], "btipPosition": [-122.989, 278.69, -73.8629], "carpPosition": [-116.368, 248.499, 77.5377], "dipPosition": [-126.149, 278.456, -57.5554], "direction": [0.150104, 0.0302861, -0.988206], "extended": true, "handId": 42, "id": 421, "length": 57.1794, "mcpPosition": [-128.657, 273.626, 7.22566], "pipPosition": [-129.677, 277.744, -34.3313], "stabilizedTipPosition": [-128.64, 272.57, -71.8983], "timeVisible": 3.09116, "tipPosition": [-125.327, 279.19, -70.4152], "tipVelocity": [26.9261, 24.8255, 6.9352], "tool": false, "touchDistance": 0.335859, "touchZone": "hovering", "type": 1, "width": 21.8186}, {"bases": [[[0.984652, -0.0884965, 0.150432], [-0.0230641, 0.78838, 0.614756], [-0.173001, -0.60879, 0.774238]], [[0.99821, 0.0521055, -0.0293712], [-0.0454998, 0.980223, 0.192593], [0.0388255, -0.190912, 0.980839]], [[0.99821, 0.0521055, -0.0293712], [-0.0559376, 0.987114, -0.149921], [0.021181, 0.151296, 0.988262]], [[0.99821, 0.0521055, -0.0293712], [-0.0598134, 0.868912, -0.49134], [-8.05249e-05, 0.492217, 0.870473]]], "btipPosition": [-89.4275, 241.895, -22.8437], "carpPosition": [-92.1213, 248.31, 80.0869], "dipPosition": [-89.4256, 253.096, -3.03552], "direction": [0.021181, -0.151296, -0.988262], "extended": false, "handId": 42, "id": 420, "length": 50.6735, "mcpPosition": [-92.1213, 248.31, 80.0869], "pipPosition": [-90.1278, 258.112, 29.727], "stabilizedTipPosition": [-92.7542, 238.604, -20.1224], "timeVisible": 3.09116, "tipPosition": [-88.926, 246.874, -18.4897], "tipVelocity": [24.51, 13.2787, 3.48259], "tool": false, "touchDistance": 0.337087, "touchZone": "hovering", "type": 0, "width": 22.8419}, {"bases": [[[0.208813, -0.964323, -0.16272], [0.954351, 0.164597, 0.249244], [-0.213569, -0.207337, 0.954673]], [[0.195631, -0.975021, -0.105181], [0.404367, 0.177911, -0.897126], [0.893429, 0.132974, 0.429071]], [[0.195631, -0.975021, -0.105181], [-0.858117, -0.118276, -0.499647], [0.474725, 0.188004, -0.85982]], [[0.195631, -0.975021, -0.105181], [-0.967906, -0.209223, 0.139228], [-0.157757, 0.0745676, -0.984659]]], "btipPosition": [-86.2027, 240.269, 27.5041], "carpPosition": [-122.991, 238.183, 74.3566], "dipPosition": [-83.3202, 241.631, 9.51263], "direction": [0.474725, -0.188004, 0.85982], "extended": false, "handId": 42, "id": 422, "length": 65.1514, "mcpPosition": [-138.317, 253.061, 5.84817], "pipPosition": [-96.4459, 246.829, -14.2606], "stabilizedTipPosition": [-89.0921, 230.591, 20.2986], "timeVisible": 3.09116, "tipPosition": [-84.2829, 240.597, 20.8908], "tipVelocity": [20.7236, 10.3054, 5.91387], "tool": false, "touchDistance": 0.333333, "touchZone": "none", "type": 2, "width": 21.4287}, {"bases": [[[0.102568, -0.99397, -0.038781], [0.959536, 0.0885861, 0.267287], [-0.26224, -0.0646268, 0.962836]], [[0.108583, -0.992217, -0.0609554], [0.399251, 0.0996828, -0.911407], [0.910389, 0.0746267, 0.406967]], [[0.108583, -0.992217, -0.0609554], [-0.854172, -0.0617573, -0.51631], [0.508527, 0.108129, -0.85423]], [[0.108583, -0.992217, -0.0609554], [-0.980409, -0.117024, 0.15844], [-0.16434, 0.0425574, -0.985485]]], "btipPosition": [-93.3157, 223.621, 32.9328], "carpPosition": [-126.681, 226.385, 71.7358], "dipPosition": [-90.3302, 224.394, 15.0297], "direction": [0.508527, -0.108129, 0.85423], "extended": false, "handId": 42, "id": 423, "length": 62.6448, "mcpPosition": [-143.577, 230.549, 9.7007], "pipPosition": [-104.027, 227.307, -7.97903], "stabilizedTipPosition": [-96.1619, 214.536, 26.2551], "timeVisible": 3.09116, "tipPosition": [-91.6886, 223.62, 27.6233], "tipVelocity": [17.2658, -3.42913, 2.10157], "tool": false, "touchDistance": 0.333333, "touchZone": "none", "type": 3, "width": 20.3908}, {"bases": [[[-0.0884355, -0.995651, 0.0292906], [0.936845, -0.0731509, 0.342009], [-0.338379, 0.0576865, 0.93924]], [[-0.0448867, -0.994943, -0.0898489], [0.464134, 0.0588733, -0.883806], [0.884627, -0.0813731, 0.459145]], [[-0.0448867, -0.994943, -0.0898489], [-0.771092, 0.0916881, -0.630088], [0.63514, 0.0409992, -0.771308]], [[-0.0448867, -0.994943, -0.0898489], [-0.998937, 0.045645, -0.00640206], [0.0104708, 0.0894661, -0.995935]]], "btipPosition": [-100.792, 209.387, 29.1488], "carpPosition": [-123.278, 212.309, 69.5926], "dipPosition": [-100.968, 210.886, 12.4574], "direction": [0.63514, -0.0409992, 0.771308], "extended": false, "handId": 42, "id": 424, "length": 49.1123, "mcpPosition": [-143.46, 208.868, 13.5747], "pipPosition": [-113.046, 211.666, -2.21083], "stabilizedTipPosition": [-104.504, 201.248, 23.3644], "timeVisible": 3.09116, "tipPosition": [-100.754, 209.714, 23.4663], "tipVelocity": [17.6389, 11.3175, -1.13362], "tool": false, "touchDistance": 0.333333, "touchZone": "none", "type": 4, "width": 18.1127}], "r": [[0.999336, 0.0143501, 0.0334933], [-0.0134847, 0.999573, -0.0259226], [-0.0338509, 0.0254537, 0.999103]], "s": 0.9127, "t": [-0.382877, 35.6579, 0.835157], "timestamp": 629535394041}, {"currentFrameRate": 55.3207, "devices": [], "gestures": [], "hands": [{"armBasis": [[0.446188, -0.678481, -0.583592], [0.891997, 0.284318, 0.351434], [-0.0725155, -0.677367, 0.732062]], "armWidth": 69.943, "confidence": 1, "direction": [-0.356037, 0.221784, -0.907772], "elbow": [-87.3905, 26.332, 300.927], "grabAngle": 2.7625, "grabStrength": 0, "id": 42, "palmNormal": [0.871714, -0.271167, -0.408145], "palmPosition": [-125.754, 243.315, 27.16], "palmVelocity": [29.407, 6.82164, -0.173637], "palmWidth": 93.5895, "pinchDistance": 56.5372, "pinchStrength": 0.580828, "r": [[0.999391, 0.0133884, 0.032209], [-0.0125562, 0.999586, -0.0259027], [-0.0325425, 0.0254825, 0.999145]], "s": 0.913057, "sphereCenter": [-98.5059, 231.985, -5.06199], "sphereRadius": 43.5612, "stabilizedPalmPosition": [-129.866, 235.446, 25.4838], "t": [0.857309, 35.8056, 0.854359], "timeVisible": 3.10923, "type": "left", "wrist": [-107.529, 214.446, 97.6234]}], "id": 19865, "interactionBox": {"center": [0, 200, 0], "size": [235.247, 235.247, 147.751]}, "pointables": [{"bases": [[[0.391677, -0.886098, -0.247829], [0.905749, 0.323928, 0.273293], [-0.161885, -0.331514, 0.929458]], [[0.357674, -0.930159, -0.0829085], [0.933571, 0.353998, 0.0559512], [-0.0226941, -0.0974132, 0.994985]], [[0.357674, -0.930159, -0.0829085], [0.92162, 0.365916, -0.129315], [0.150621, -0.0301575, 0.988131]], [[0.357674, -0.930159, -0.0829085], [0.913949, 0.3669, -0.173442], [0.191747, -0.0137386, 0.981348]]], "btipPosition": [-122.399, 278.746, -73.8733], "carpPosition": [-115.926, 248.654, 77.5486], "dipPosition": [-125.584, 278.518, -57.5706], "direction": [0.150621, 0.0301575, -0.988131], "extended": true, "handId": 42, "id": 421, "length": 57.1794, "mcpPosition": [-128.176, 273.74, 7.21525], "pipPosition": [-129.124, 277.809, -34.3482], "stabilizedTipPosition": [-128.516, 272.708, -71.8582], "timeVisible": 3.10923, "tipPosition": [-124.739, 279.302, -70.4201], "tipVelocity": [32.3414, 3.17898, -0.636198], "tool": false, "touchDistance": 0.335434, "touchZone": "hovering", "type": 1, "width": 21.8186}, {"bases": [[[0.984637, -0.091082, 0.148973], [-0.0200619, 0.788511, 0.614693], [-0.173455, -0.608238, 0.774571]], [[0.998311, 0.0493301, -0.0306972], [-0.0424808, 0.980163, 0.193587], [0.0396379, -0.191956, 0.980603]], [[0.998311, 0.0493301, -0.0306972], [-0.0533402, 0.987606, -0.147614], [0.0230349, 0.149002, 0.988569]], [[0.998311, 0.0493301, -0.0306972], [-0.0580446, 0.870145, -0.489365], [0.00257055, 0.490321, 0.871538]]], "btipPosition": [-88.8253, 242.288, -22.8189], "carpPosition": [-91.6826, 248.529, 80.134], "dipPosition": [-88.8838, 253.445, -2.98642], "direction": [0.0230349, -0.149002, -0.988568], "extended": false, "handId": 42, "id": 420, "length": 50.6735, "mcpPosition": [-91.6826, 248.529, 80.134], "pipPosition": [-89.6474, 258.385, 29.7863], "stabilizedTipPosition": [-92.6792, 238.724, -20.0867], "timeVisible": 3.10923, "tipPosition": [-88.342, 247.065, -18.4355], "tipVelocity": [32.5589, 21.1835, 1.68392], "tool": false, "touchDistance": 0.337168, "touchZone": "hovering", "type": 0, "width": 22.8419}, {"bases": [[[0.20602, -0.964891, -0.162912], [0.955154, 0.162102, 0.247799], [-0.212691, -0.206657, 0.955016]], [[0.192895, -0.975547, -0.105352], [0.402089, 0.176528, -0.898422], [0.895051, 0.13094, 0.426308]], [[0.192895, -0.975547, -0.105352], [-0.859837, -0.116328, -0.497139], [0.472727, 0.186482, -0.861251]], [[0.192895, -0.975547, -0.105352], [-0.968016, -0.206754, 0.142117], [-0.160424, 0.074569, -0.984227]]], "btipPosition": [-85.6936, 240.495, 27.6429], "carpPosition": [-122.517, 238.32, 74.3589], "dipPosition": [-82.7624, 241.858, 9.65939], "direction": [0.472727, -0.186482, 0.861251], "extended": false, "handId": 42, "id": 422, "length": 65.1514, "mcpPosition": [-137.78, 253.15, 5.82589], "pipPosition": [-95.8329, 247.014, -14.1535], "stabilizedTipPosition": [-89.0382, 230.726, 20.3411], "timeVisible": 3.10923, "tipPosition": [-83.7429, 240.831, 20.9653], "tipVelocity": [28.7969, 12.5221, 7.78662], "tool": false, "touchDistance": 0.333333, "touchZone": "none", "type": 2, "width": 21.4287}, {"bases": [[[0.0998812, -0.994242, -0.0388114], [0.960165, 0.0860803, 0.265844], [-0.260973, -0.0638182, 0.963234]], [[0.106144, -0.992415, -0.062023], [0.396862, 0.0994734, -0.912472], [0.91172, 0.0722389, 0.40441]], [[0.106144, -0.992415, -0.062023], [-0.855811, -0.0594185, -0.513865], [0.506282, 0.107624, -0.855626]], [[0.106144, -0.992415, -0.062023], [-0.98016, -0.114926, 0.161486], [-0.167389, 0.0436517, -0.984924]]], "btipPosition": [-92.7828, 223.794, 33.0439], "carpPosition": [-126.172, 226.512, 71.7341], "dipPosition": [-89.7419, 224.587, 15.151], "direction": [0.506282, -0.107624, 0.855626], "extended": false, "handId": 42, "id": 423, "length": 62.6448, "mcpPosition": [-142.986, 230.624, 9.67334], "pipPosition": [-103.379, 227.486, -7.89531], "stabilizedTipPosition": [-96.1134, 214.648, 26.2869], "timeVisible": 3.10923, "tipPosition": [-91.1116, 223.836, 27.6809], "tipVelocity": [30.1961, 9.82481, 6.28035], "tool": false, "touchDistance": 0.333333, "touchZone": "none", "type": 3, "width": 20.3908}, {"bases": [[[-0.0910241, -0.99541, 0.0295453], [0.937158, -0.0755872, 0.34062], [-0.336823, 0.0586932, 0.939737]], [[-0.0476738, -0.994836, -0.0895985], [0.462487, 0.0575215, -0.884758], [0.885343, -0.083618, 0.457357]], [[-0.0476738, -0.994836, -0.0895985], [-0.772286, 0.0935996, -0.628342], [0.633483, 0.0392403, -0.772761]], [[-0.0476738, -0.994836, -0.0895985], [-0.998829, 0.0482162, -0.00389776], [0.00819774, 0.0893078, -0.99597]]], "btipPosition": [-100.195, 209.577, 29.214], "carpPosition": [-122.729, 212.445, 69.5977], "dipPosition": [-100.332, 211.073, 12.5219], "direction": [0.633483, -0.0392403, 0.772761], "extended": false, "handId": 42, "id": 424, "length": 49.1123, "mcpPosition": [-142.818, 208.945, 13.5502], "pipPosition": [-112.379, 211.82, -2.1739], "stabilizedTipPosition": [-104.432, 201.393, 23.398], "timeVisible": 3.10923, "tipPosition": [-100.129, 209.904, 23.5092], "tipVelocity": [33.5525, 10.4608, 3.59855], "tool": false, "touchDistance": 0.333333, "touchZone": "none", "type": 4, "width": 18.1127}], "r": [[0.999391, 0.0133884, 0.032209], [-0.0125562, 0.999586, -0.0259027], [-0.0325425, 0.0254825, 0.999145]], "s": 0.913057, "t": [-0.857309, 35.8056, 0.854359], "timestamp": 629535412109}, {"currentFrameRate": 55.3149, "devices": [], "gestures": [], "hands": [{"armBasis": [[0.441678, -0.679763, -0.585527], [0.894334, 0.281705, 0.347576], [-0.0713228, -0.677174, 0.732358]], "armWidth": 69.943, "confidence": 1, "direction": [-0.354606, 0.219966, -0.908774], "elbow": [-87.0915, 26.4708, 301.043], "grabAngle": 2.76335, "grabStrength": 0, "id": 42, "palmNormal": [0.873659, -0.268333, -0.405853], "palmPosition": [-125.034, 243.3, 27.1307], "palmVelocity": [39.7739, -0.810354, -1.61442], "palmWidth": 93.5895, "pinchDistance": 56.4706, "pinchStrength": 0.577891, "r": [[0.999458, 0.0119161, 0.0306935], [-0.0111192, 0.9996, -0.0260061], [-0.0309911, 0.0256507, 0.99919]], "s": 0.913566, "sphereCenter": [-97.6909, 231.892, -5.03638], "sphereRadius": 43.6076, "stabilizedPalmPosition": [-129.761, 235.617, 25.5195], "t": [1.45444, 35.8721, 0.849351], "timeVisible": 3.12733, "type": "left", "wrist": [-106.899, 214.531, 97.6569]}], "id": 19866, "interactionBox": {"center": [0, 200, 0], "size": [235.247, 235.247, 147.751]}, "pointables": [{"bases": [[[0.387938, -0.887629, -0.24823], [0.907552, 0.32089, 0.270885], [-0.160791, -0.330368, 0.930055]], [[0.354055, -0.931564, -0.0826689], [0.934994, 0.350621, 0.0533907], [-0.0207514, -0.0961982, 0.995146]], [[0.354055, -0.931564, -0.0826689], [0.922626, 0.362379, -0.13207], [0.152989, -0.0295123, 0.987787]], [[0.354055, -0.931564, -0.0826689], [0.914923, 0.363332, -0.175801], [0.193806, -0.0133925, 0.980949]]], "btipPosition": [-121.567, 278.639, -73.9193], "carpPosition": [-115.348, 248.705, 77.5398], "dipPosition": [-124.787, 278.417, -57.6232], "direction": [0.152989, 0.0295123, -0.987787], "extended": true, "handId": 42, "id": 421, "length": 57.1794, "mcpPosition": [-127.515, 273.704, 7.16125], "pipPosition": [-128.382, 277.723, -34.409], "stabilizedTipPosition": [-128.34, 272.874, -71.8105], "timeVisible": 3.12733, "tipPosition": [-123.904, 279.229, -70.4681], "tipVelocity": [45.531, -5.85836, -2.62482], "tool": false, "touchDistance": 0.334511, "touchZone": "hovering", "type": 1, "width": 21.8186}, {"bases": [[[0.984669, -0.0944722, 0.146633], [-0.0157769, 0.788955, 0.614249], [-0.173716, -0.607145, 0.775369]], [[0.998393, 0.0458737, -0.0332777], [-0.0385555, 0.980159, 0.194425], [0.0415365, -0.192829, 0.980353]], [[0.998393, 0.0458737, -0.0332777], [-0.0502331, 0.988174, -0.144878], [0.0262381, 0.146317, 0.98889]], [[0.998393, 0.0458737, -0.0332777], [-0.0562761, 0.871843, -0.486541], [0.0066935, 0.487632, 0.873024]]], "btipPosition": [-87.9558, 242.621, -22.8002], "carpPosition": [-91.1106, 248.668, 80.1843], "dipPosition": [-88.1081, 253.718, -2.93394], "direction": [0.0262381, -0.146317, -0.98889], "extended": false, "handId": 42, "id": 420, "length": 50.6735, "mcpPosition": [-91.1106, 248.668, 80.1843], "pipPosition": [-88.9779, 258.568, 29.8494], "stabilizedTipPosition": [-92.5576, 238.891, -20.0386], "timeVisible": 3.12733, "tipPosition": [-87.5319, 247.124, -18.3736], "tipVelocity": [46.8529, 17.644, 1.46162], "tool": false, "touchDistance": 0.337182, "touchZone": "hovering", "type": 0, "width": 22.8419}, {"bases": [[[0.20221, -0.965714, -0.162812], [0.956322, 0.158875, 0.245373], [-0.211093, -0.205317, 0.955659]], [[0.189188, -0.976288, -0.105214], [0.399105, 0.174351, -0.900176], [0.897175, 0.128311, 0.422627]], [[0.189188, -0.976288, -0.105214], [-0.861693, -0.113686, -0.49453], [0.470843, 0.184221, -0.862769]], [[0.189188, -0.976288, -0.105214], [-0.968149, -0.203352, 0.146066], [-0.163998, 0.0742286, -0.983664]]], "btipPosition": [-84.9743, 240.617, 27.7826], "carpPosition": [-121.895, 238.346, 74.3406], "dipPosition": [-81.9778, 241.973, 9.80932], "direction": [0.470843, -0.184221, 0.862769], "extended": false, "handId": 42, "id": 422, "length": 65.1514, "mcpPosition": [-137.043, 253.08, 5.76134], "pipPosition": [-94.9962, 247.066, -14.0455], "stabilizedTipPosition": [-88.955, 230.904, 20.399], "timeVisible": 3.12733, "tipPosition": [-83.0056, 240.96, 21.0522], "tipVelocity": [40.5733, 6.63786, 7.84672], "tool": false, "touchDistance": 0.333333, "touchZone": "none", "type": 2, "width": 21.4287}, {"bases": [[[0.0962711, -0.994613, -0.0384351], [0.961108, 0.0828474, 0.263453], [-0.258849, -0.0623032, 0.963906]], [[0.101822, -0.993041, -0.0591796], [0.394137, 0.0948906, -0.91414], [0.913394, 0.0697546, 0.401056]], [[0.101822, -0.993041, -0.0591796], [-0.857479, -0.0574514, -0.511301], [0.504343, 0.102807, -0.857362]], [[0.101822, -0.993041, -0.0591796], [-0.980068, -0.110337, 0.165206], [-0.170586, 0.0411785, -0.984482]]], "btipPosition": [-92.013, 223.99, 33.1651], "carpPosition": [-125.501, 226.524, 71.7142], "dipPosition": [-88.914, 224.738, 15.2803], "direction": [0.504343, -0.102807, 0.857361], "extended": false, "handId": 42, "id": 423, "length": 62.6448, "mcpPosition": [-142.179, 230.538, 9.61014], "pipPosition": [-102.499, 227.507, -7.81279], "stabilizedTipPosition": [-96.0319, 214.809, 26.3338], "timeVisible": 3.12733, "tipPosition": [-90.3309, 223.946, 27.7567], "tipVelocity": [43.277, 10.2769, 6.80096], "tool": false, "touchDistance": 0.333333, "touchZone": "none", "type": 3, "width": 20.3908}, {"bases": [[[-0.0944701, -0.995064, 0.0303867], [0.937712, -0.0786918, 0.338385], [-0.334323, 0.0604612, 0.940517]], [[-0.0514376, -0.994722, -0.088783], [0.459899, 0.0553195, -0.886246], [0.88648, -0.0864176, 0.454626]], [[-0.0514376, -0.994722, -0.088783], [-0.773457, 0.095918, -0.626549], [0.631758, 0.0364416, -0.774308]], [[-0.0514376, -0.994722, -0.088783], [-0.998662, 0.0517025, -0.000685095], [0.00527178, 0.088629, -0.996051]]], "btipPosition": [-99.3628, 209.654, 29.2894], "carpPosition": [-122.003, 212.468, 69.595], "dipPosition": [-99.4511, 211.14, 12.596], "direction": [0.631758, -0.0364416, 0.774308], "extended": false, "handId": 42, "id": 424, "length": 49.1123, "mcpPosition": [-141.943, 208.862, 13.5009], "pipPosition": [-111.465, 211.833, -2.12931], "stabilizedTipPosition": [-104.318, 201.587, 23.4443], "timeVisible": 3.12733, "tipPosition": [-99.2828, 209.978, 23.5658], "tipVelocity": [46.5888, 4.14883, 4.14727], "tool": false, "touchDistance": 0.333333, "touchZone": "none", "type": 4, "width": 18.1127}], "r": [[0.999458, 0.0119161, 0.0306935], [-0.0111192, 0.9996, -0.0260061], [-0.0309911, 0.0256507, 0.99919]], "s": 0.913566, "t": [-1.45444, 35.8721, 0.849351], "timestamp": 629535430207}, {"currentFrameRate": 55.2968, "devices": [], "gestures": [], "hands": [{"armBasis": [[0.436193, -0.681363, -0.587775], [0.897185, 0.279036, 0.342342], [-0.0692485, -0.67667, 0.733023]], "armWidth": 69.943, "confidence": 1, "direction": [-0.351595, 0.215862, -0.910925], "elbow": [-86.8017, 26.7436, 301.254], "grabAngle": 2.76303, "grabStrength": 0, "id": 42, "palmNormal": [0.876529, -0.2658, -0.401306], "palmPosition": [-123.966, 243.181, 27.0076], "palmVelocity": [58.8624, -6.57515, -6.7869], "palmWidth": 93.5895, "pinchDistance": 56.4137, "pinchStrength": 0.575635, "r": [[0.999541, 0.0099109, 0.0286119], [-0.00914844, 0.999603, -0.0266572], [-0.0288648, 0.0263832, 0.999235]], "s": 0.91416, "sphereCenter": [-96.4508, 231.756, -5.01432], "sphereRadius": 43.6275, "stabilizedPalmPosition": [-129.577, 235.858, 25.5669], "t": [2.28709, 35.8457, 0.785266], "timeVisible": 3.14548, "type": "left", "wrist": [-106.033, 214.664, 97.6841]}], "id": 19867, "interactionBox": {"center": [0, 200, 0], "size": [235.247, 235.247, 147.751]}, "pointables": [{"bases": [[[0.383117, -0.889968, -0.247342], [0.910059, 0.317827, 0.266042], [-0.158158, -0.327021, 0.931689]], [[0.349617, -0.933396, -0.0808693], [0.936743, 0.346712, 0.0480003], [-0.0167649, -0.0925355, 0.995568]], [[0.349617, -0.933396, -0.0808693], [0.923961, 0.357797, -0.135194], [0.155124, -0.0274539, 0.987513]], [[0.349617, -0.933396, -0.0808693], [0.916186, 0.358661, -0.178786], [0.195883, -0.0115845, 0.980559]]], "btipPosition": [-120.289, 278.22, -74.1452], "carpPosition": [-114.521, 248.771, 77.4422], "dipPosition": [-123.543, 278.028, -57.8556], "direction": [0.155124, 0.0274539, -0.987513], "extended": true, "handId": 42, "id": 421, "length": 57.1794, "mcpPosition": [-126.489, 273.517, 6.94003], "pipPosition": [-127.189, 277.383, -34.6478], "stabilizedTipPosition": [-128.023, 273.105, -71.7491], "timeVisible": 3.14548, "tipPosition": [-122.557, 278.831, -70.6871], "tipVelocity": [69.9711, -22.6979, -12.5338], "tool": false, "touchDistance": 0.33072, "touchZone": "hovering", "type": 1, "width": 21.8186}, {"bases": [[[0.984888, -0.0982123, 0.142656], [-0.00979526, 0.79077, 0.612035], [-0.172918, -0.604183, 0.777858]], [[0.998412, 0.0416946, -0.037892], [-0.0336595, 0.98076, 0.192293], [0.0451805, -0.190712, 0.980606]], [[0.998412, 0.0416946, -0.037892], [-0.0467598, 0.988403, -0.144474], [0.0314287, 0.146016, 0.988783]], [[0.998412, 0.0416946, -0.037892], [-0.0548747, 0.872059, -0.486314], [0.0127674, 0.487621, 0.872962]]], "btipPosition": [-86.6429, 242.699, -22.8012], "carpPosition": [-90.2951, 248.844, 80.1913], "dipPosition": [-86.9335, 253.795, -2.93641], "direction": [0.0314287, -0.146016, -0.988783], "extended": false, "handId": 42, "id": 420, "length": 50.6735, "mcpPosition": [-90.2951, 248.844, 80.1913], "pipPosition": [-87.9754, 258.636, 29.8434], "stabilizedTipPosition": [-92.3254, 239.144, -19.9669], "timeVisible": 3.14548, "tipPosition": [-86.2887, 247.013, -18.3441], "tipVelocity": [70.5939, 4.26459, -0.0765441], "tool": false, "touchDistance": 0.336776, "touchZone": "hovering", "type": 0, "width": 22.8419}, {"bases": [[[0.197433, -0.967022, -0.160899], [0.958035, 0.155534, 0.240787], [-0.207821, -0.201686, 0.957149]], [[0.184616, -0.977376, -0.103215], [0.394929, 0.169943, -0.902857], [0.899971, 0.125919, 0.417369]], [[0.184616, -0.977376, -0.103215], [-0.864205, -0.111425, -0.490646], [0.468045, 0.17978, -0.865224]], [[0.184616, -0.977376, -0.103215], [-0.968355, -0.19884, 0.150835], [-0.167945, 0.072102, -0.983156]]], "btipPosition": [-83.8731, 240.659, 27.8848], "carpPosition": [-121.01, 238.375, 74.2446], "dipPosition": [-80.8045, 241.976, 9.9208], "direction": [0.468045, -0.17978, 0.865224], "extended": false, "handId": 42, "id": 422, "length": 65.1514, "mcpPosition": [-135.924, 252.849, 5.55848], "pipPosition": [-93.7455, 246.947, -14.0019], "stabilizedTipPosition": [-88.7952, 231.182, 20.4916], "timeVisible": 3.14548, "tipPosition": [-81.9064, 241.001, 21.1263], "tipVelocity": [61.5962, 1.84243, 5.74887], "tool": false, "touchDistance": 0.333333, "touchZone": "none", "type": 2, "width": 21.4287}, {"bases": [[[0.091912, -0.995117, -0.0359833], [0.962579, 0.079539, 0.259065], [-0.254938, -0.0584479, 0.965189]], [[0.0964009, -0.993929, -0.0530266], [0.390022, 0.0867351, -0.916711], [0.915745, 0.0676902, 0.396016]], [[0.0964009, -0.993929, -0.0530266], [-0.859967, -0.0563471, -0.507229], [0.501162, 0.0944985, -0.860179]], [[0.0964009, -0.993929, -0.0530266], [-0.979787, -0.104141, 0.170795], [-0.175281, 0.03549, -0.983879]]], "btipPosition": [-90.8838, 224.165, 33.2889], "carpPosition": [-124.555, 226.53, 71.6368], "dipPosition": [-87.6995, 224.81, 15.415], "direction": [0.501162, -0.0944985, 0.860179], "extended": false, "handId": 42, "id": 423, "length": 62.6448, "mcpPosition": [-140.981, 230.296, 9.45005], "pipPosition": [-101.198, 227.355, -7.75392], "stabilizedTipPosition": [-95.8703, 215.07, 26.4119], "timeVisible": 3.14548, "tipPosition": [-89.193, 223.978, 27.8507], "tipVelocity": [63.3071, 8.33509, 6.96017], "tool": false, "touchDistance": 0.333333, "touchZone": "none", "type": 3, "width": 20.3908}, {"bases": [[[-0.0985299, -0.994565, 0.0336616], [0.938827, -0.0816846, 0.334562], [-0.329994, 0.0645668, 0.941772]], [[-0.0560305, -0.994749, -0.0856426], [0.45589, 0.0508238, -0.888584], [0.888271, -0.0888313, 0.450648]], [[-0.0560305, -0.994749, -0.0856426], [-0.775428, 0.0973897, -0.62388], [0.628945, 0.0314534, -0.776813]], [[-0.0560305, -0.994749, -0.0856426], [-0.998428, 0.0559556, 0.00327613], [0.00153326, 0.0856915, -0.996321]]], "btipPosition": [-98.1448, 209.652, 29.3816], "carpPosition": [-120.989, 212.483, 69.5732], "dipPosition": [-98.1705, 211.088, 12.6837], "direction": [0.628945, -0.0314534, 0.776813], "extended": false, "handId": 42, "id": 424, "length": 49.1123, "mcpPosition": [-140.67, 208.632, 13.4042], "pipPosition": [-110.131, 211.686, -2.0892], "stabilizedTipPosition": [-104.101, 201.882, 23.5182], "timeVisible": 3.14548, "tipPosition": [-98.0594, 209.958, 23.6522], "tipVelocity": [67.9106, -0.750045, 5.0276], "tool": false, "touchDistance": 0.333333, "touchZone": "none", "type": 4, "width": 18.1127}], "r": [[0.999541, 0.0099109, 0.0286119], [-0.00914844, 0.999603, -0.0266572], [-0.0288648, 0.0263832, 0.999235]], "s": 0.91416, "t": [-2.28709, 35.8457, 0.785266], "timestamp": 629535448354}, {"currentFrameRate": 55.3384, "devices": [], "gestures": [], "hands": [{"armBasis": [[0.421922, -0.685751, -0.593066], [0.904206, 0.270451, 0.330558], [-0.0662857, -0.675724, 0.734169]], "armWidth": 69.943, "confidence": 1, "direction": [-0.350463, 0.214108, -0.911775], "elbow": [-86.2393, 26.8643, 301.453], "grabAngle": 2.76409, "grabStrength": 0, "id": 42, "palmNormal": [0.880857, -0.255424, -0.398559], "palmPosition": [-122.534, 242.984, 26.8515], "palmVelocity": [79.8327, -10.9766, -8.70815], "palmWidth": 93.5895, "pinchDistance": 56.1546, "pinchStrength": 0.572074, "r": [[0.999638, 0.00613603, 0.0261922], [-0.00543554, 0.999628, -0.0267321], [-0.0263465, 0.02658, 0.999299]], "s": 0.914706, "sphereCenter": [-94.7678, 231.706, -5.11049], "sphereRadius": 43.6747, "stabilizedPalmPosition": [-129.224, 236.214, 25.6312], "t": [3.419, 35.7341, 0.675168], "timeVisible": 3.1634, "type": "left", "wrist": [-104.648, 214.522, 97.5644]}], "id": 19868, "interactionBox": {"center": [0, 200, 0], "size": [235.247, 235.247, 147.751]}, "pointables": [{"bases": [[[0.372549, -0.89349, -0.250764], [0.914436, 0.30739, 0.263284], [-0.158159, -0.327394, 0.931557]], [[0.338924, -0.937145, -0.0830076], [0.940737, 0.336445, 0.0426451], [-0.0120371, -0.0925417, 0.995636]], [[0.338924, -0.937145, -0.0830076], [0.927337, 0.347646, -0.138521], [0.158672, -0.030028, 0.986875]], [[0.338924, -0.937145, -0.0830076], [0.919753, 0.348608, -0.180352], [0.197953, -0.0152208, 0.980093]]], "btipPosition": [-118.795, 278.161, -74.2237], "carpPosition": [-113.341, 248.562, 77.3338], "dipPosition": [-122.083, 277.908, -57.9418], "direction": [0.158672, 0.030028, -0.986