{"frames": 59, "data": [{"currentFrameRate": 55.308, "devices": [], "gestures": [], "hands": [{"armBasis": [[0.893073, 0.217929, -0.393608], [0.0628944, 0.805793, 0.588848], [0.445494, -0.55064, 0.705925]], "armWidth": 51.6853, "confidence": 1, "direction": [-0.049682, 0.594176, -0.802799], "elbow": [-104.172, 69.7999, 256.883], "grabAngle": 2.79289, "grabStrength": 0, "id": 93, "palmNormal": [0.0624409, -0.800371, -0.596244], "palmPosition": [5.50901, 230.824, 42.9121], "palmVelocity": [-1.04299, -78.9076, -577.976], "palmWidth": 76.835, "pinchDistance": 34.9453, "pinchStrength": 0.411644, "r": [[0.829997, 0.458666, -0.317381], [-0.52057, 0.841328, -0.145513], [0.20028, 0.285994, 0.937067]], "s": 1.4511, "sphereCenter": [-3.80954, 207.105, 9.21478], "sphereRadius": 41.1749, "stabilizedPalmPosition": [2.52421, 247.901, 93.027], "t": [169.751, 111.996, -28.649], "timeVisible": 11.1534, "type": "left", "wrist": [-2.60105, 195.344, 95.9344]}], "id": 33458, "interactionBox": {"center": [0, 200, 0], "size": [235.247, 235.247, 147.751]}, "pointables": [{"bases": [[[0.991002, 0.0211454, -0.132166], [0.0441881, 0.880392, 0.472184], [0.126343, -0.473775, 0.871536]], [[0.999017, -0.0373176, -0.0239114], [0.041, 0.983031, 0.178799], [0.0168333, -0.179604, 0.983595]], [[0.999017, -0.0373176, -0.0239114], [0.038716, 0.997389, 0.0609685], [0.0215737, -0.0618344, 0.997853]], [[0.999017, -0.0373176, -0.0239114], [0.0356286, 0.99708, -0.0675442], [0.0263622, 0.0666259, 0.99743]]], "btipPosition": [26.8327, 253.243, -42.535], "carpPosition": [17.5709, 217.081, 81.1385], "dipPosition": [26.4573, 254.192, -28.3305], "direction": [0.0215738, 0.0618344, -0.997853], "extended": true, "handId": 93, "id": 931, "length": 49.0168, "mcpPosition": [25.4199, 246.514, 26.9947], "pipPosition": [26.0227, 252.946, -8.22747], "stabilizedTipPosition": [31.6524, 257.485, 15.8917], "timeVisible": 11.1534, "tipPosition": [26.0697, 251.01, -39.3359], "tipVelocity": [-19.6654, 10.725, -573.753], "tool": false, "touchDistance": -0.666469, "touchZone": "hovering", "type": 1, "width": 15.4068}, {"bases": [[[0.466658, 0.799726, 0.377716], [-0.793692, 0.190234, 0.577809], [0.390235, -0.56943, 0.72351]], [[0.375007, 0.9009, 0.218513], [-0.893106, 0.287931, 0.345626], [0.248458, -0.324767, 0.912576]], [[0.375007, 0.9009, 0.218513], [-0.9215, 0.387958, -0.0180432], [-0.101029, -0.194593, 0.975667]], [[0.375007, 0.9009, 0.218513], [-0.819655, 0.432344, -0.375824], [-0.433053, -0.0381684, 0.90056]]], "btipPosition": [24.994, 219.004, -5.23243], "carpPosition": [25.8397, 199.04, 78.5295], "dipPosition": [33.4416, 218.26, 12.3349], "direction": [-0.101029, 0.194593, -0.975667], "extended": false, "handId": 93, "id": 930, "length": 43.4396, "mcpPosition": [25.8397, 199.04, 78.5295], "pipPosition": [36.3128, 212.73, 40.0625], "stabilizedTipPosition": [25.4781, 225.991, 42.6804], "timeVisible": 11.1534, "tipPosition": [24.5037, 217.475, -0.926393], "tipVelocity": [24.3259, -49.5725, -595.466], "tool": false, "touchDistance": -0.679202, "touchZone": "hovering", "type": 0, "width": 16.1294}, {"bases": [[[0.97681, -0.193455, -0.0917498], [0.213856, 0.860677, 0.462062], [-0.0104213, -0.470968, 0.882089]], [[0.974427, -0.221348, -0.0386911], [0.105569, 0.602963, -0.790753], [0.198361, 0.766447, 0.610911]], [[0.974427, -0.221348, -0.0386911], [-0.183573, -0.684873, -0.705159], [0.129587, 0.694229, -0.707993]], [[0.974427, -0.221348, -0.0386911], [-0.22398, -0.970595, -0.0882001], [-0.0180304, 0.0946106, -0.995351]]], "btipPosition": [17.5212, 197.818, 35.8843], "carpPosition": [7.37687, 218.8, 80.0243], "dipPosition": [17.8037, 199.299, 20.2937], "direction": [0.129587, -0.694229, 0.707993], "extended": false, "handId": 93, "id": 932, "length": 55.8507, "mcpPosition": [6.76291, 246.547, 28.0566], "pipPosition": [14.7322, 215.754, 3.51285], "stabilizedTipPosition": [14.8811, 213.172, 80.2622], "timeVisible": 11.1534, "tipPosition": [17.1076, 198.344, 32.9296], "tipVelocity": [-6.27551, -76.7996, -589.081], "tool": false, "touchDistance": 0.333333, "touchZone": "none", "type": 2, "width": 15.1315}, {"bases": [[[0.94571, -0.324981, 0.00448756], [0.282657, 0.829204, 0.482209], [-0.16043, -0.454762, 0.876044]], [[0.947605, -0.319383, -0.00624895], [0.187688, 0.572484, -0.798145], [0.258491, 0.755153, 0.602433]], [[0.947605, -0.319383, -0.00624895], [-0.230443, -0.669912, -0.705772], [0.221225, 0.670233, -0.708411]], [[0.947605, -0.319383, -0.00624895], [-0.318671, -0.943772, -0.087996], [0.0222068, 0.0853768, -0.996101]]], "btipPosition": [3.71783, 196.91, 41.9134], "carpPosition": [-2.87657, 217.783, 78.8174], "dipPosition": [3.372, 198.24, 26.4007], "direction": [0.221225, -0.670233, 0.708411], "extended": false, "handId": 93, "id": 933, "length": 53.7019, "mcpPosition": [-11.3626, 241.838, 32.4788], "pipPosition": [-1.73608, 213.716, 10.0436], "stabilizedTipPosition": [1.92996, 211.555, 91.0175], "timeVisible": 11.1534, "tipPosition": [3.90411, 197.759, 39.2622], "tipVelocity": [-29.4944, -97.465, -595.758], "tool": false, "touchDistance": 0.333333, "touchZone": "none", "type": 3, "width": 14.3986}, {"bases": [[[0.860996, -0.507941, 0.0261129], [0.411017, 0.725107, 0.552527], [-0.299586, -0.46499, 0.833086]], [[0.884879, -0.463071, -0.0505393], [0.271604, 0.601041, -0.751653], [0.378445, 0.651395, 0.65762]], [[0.884879, -0.463071, -0.0505393], [-0.321201, -0.527979, -0.786173], [0.33737, 0.711901, -0.615937]], [[0.884879, -0.463071, -0.0505393], [-0.462999, -0.862402, -0.204683], [0.0511977, 0.20452, -0.977523]]], "btipPosition": [-9.66718, 199.784, 40.579], "carpPosition": [-12.3872, 210.758, 76.6669], "dipPosition": [-10.4027, 202.722, 26.5349], "direction": [0.33737, -0.711901, 0.615937], "extended": false, "handId": 93, "id": 934, "length": 42.1013, "mcpPosition": [-27.0563, 233.526, 35.8751], "pipPosition": [-15.9027, 214.328, 16.4936], "stabilizedTipPosition": [-12.9889, 215.036, 84.8413], "timeVisible": 11.1534, "tipPosition": [-10.3638, 200.765, 37.684], "tipVelocity": [-0.830215, -87.888, -594.203], "tool": false, "touchDistance": 0.333333, "touchZone": "none", "type": 4, "width": 12.7899}], "r": [[0.829997, 0.458666, -0.317381], [-0.52057, 0.841328, -0.145513], [0.20028, 0.285994, 0.937067]], "s": 1.4511, "t": [-169.751, 111.996, -28.649], "timestamp": 629794044790}, {"currentFrameRate": 55.3116, "devices": [], "gestures": [], "hands": [{"armBasis": [[0.899601, 0.212181, -0.381703], [0.0472386, 0.82163, 0.56806], [0.43415, -0.529059, 0.729116]], "armWidth": 51.6853, "confidence": 1, "direction": [-0.0572258, 0.601155, -0.797081], "elbow": [-101.063, 73.2727, 251.362], "grabAngle": 2.78247, "grabStrength": 0, "id": 93, "palmNormal": [0.0447729, -0.796041, -0.603585], "palmPosition": [5.44691, 229.504, 32.08], "palmVelocity": [-3.43695, -73.062, -599.552], "palmWidth": 76.835, "pinchDistance": 35.1706, "pinchStrength": 0.398236, "r": [[0.832556, 0.460109, -0.308463], [-0.519686, 0.841548, -0.147389], [0.191771, 0.283013, 0.939749]], "s": 1.45685, "sphereCenter": [-5.31149, 206.072, -1.80856], "sphereRadius": 41.6667, "stabilizedPalmPosition": [2.52429, 247.9, 93.0253], "t": [169.711, 110.614, -38.9271], "timeVisible": 11.1714, "type": "left", "wrist": [-2.07768, 193.896, 85.1259]}], "id": 33459, "interactionBox": {"center": [0, 200, 0], "size": [235.247, 235.247, 147.751]}, "pointables": [{"bases": [[[0.992806, 0.0317038, -0.115457], [0.0278051, 0.876892, 0.479882], [0.116458, -0.47964, 0.869703]], [[0.999607, -0.026165, -0.0101072], [0.0276708, 0.978871, 0.2026], [0.00459264, -0.2028, 0.979209]], [[0.999607, -0.026165, -0.0101072], [0.0269915, 0.995314, 0.0928525], [0.00763038, -0.0930887, 0.995629]], [[0.999607, -0.026165, -0.0101072], [0.0257804, 0.999002, -0.0364752], [0.0110515, 0.0362003, 0.999283]]], "btipPosition": [25.7178, 253.754, -53.3953], "carpPosition": [18.0074, 215.335, 69.9889], "dipPosition": [25.5605, 254.27, -39.1644], "direction": [0.00763038, 0.0930887, -0.995629], "extended": true, "handId": 93, "id": 931, "length": 49.0168, "mcpPosition": [25.2423, 245.132, 15.959], "pipPosition": [25.4067, 252.395, -19.1062], "stabilizedTipPosition": [31.6523, 257.485, 15.8903], "timeVisible": 11.1714, "tipPosition": [24.9031, 250.46, -50.3181], "tipVelocity": [-58.9324, 22.8077, -600.775], "tool": false, "touchDistance": -0.790969, "touchZone": "hovering", "type": 1, "width": 15.4068}, {"bases": [[[0.452546, 0.801045, 0.391826], [-0.804977, 0.17791, 0.566004], [0.383685, -0.571554, 0.725336]], [[0.362856, 0.902397, 0.23241], [-0.900752, 0.275775, 0.33555], [0.238706, -0.3311, 0.912903]], [[0.362856, 0.902397, 0.23241], [-0.925931, 0.377213, -0.019004], [-0.104817, -0.2083, 0.972432]], [[0.362856, 0.902397, 0.23241], [-0.829607, 0.426418, -0.360443], [-0.424367, -0.06202, 0.903364]]], "btipPosition": [24.8613, 218.324, -16.6403], "carpPosition": [26.0564, 197.237, 67.0982], "dipPosition": [33.1395, 217.114, 0.981795], "direction": [-0.104817, 0.2083, -0.972432], "extended": false, "handId": 93, "id": 930, "length": 43.4396, "mcpPosition": [26.0564, 197.237, 67.0982], "pipPosition": [36.1183, 211.194, 28.6174], "stabilizedTipPosition": [25.4782, 225.991, 42.6795], "timeVisible": 11.1714, "tipPosition": [23.7523, 216.424, -12.1965], "tipVelocity": [-9.49835, -43.6104, -630.723], "tool": false, "touchDistance": -0.810544, "touchZone": "hovering", "type": 0, "width": 16.1294}, {"bases": [[[0.980028, -0.183345, -0.0770011], [0.197801, 0.858885, 0.472432], [-0.020483, -0.478227, 0.877997]], [[0.977036, -0.211692, -0.0242143], [0.112787, 0.610249, -0.78414], [0.180773, 0.763402, 0.620112]], [[0.977036, -0.211692, -0.0242143], [-0.165122, -0.680434, -0.713964], [0.134664, 0.701567, -0.699764]], [[0.977036, -0.211692, -0.0242143], [-0.213058, -0.971955, -0.0995514], [-0.002461, 0.102424, -0.994738]]], "btipPosition": [17.0226, 196.432, 24.5853], "carpPosition": [7.81343, 217.16, 69.0585], "dipPosition": [17.0611, 198.036, 9.00435], "direction": [0.134664, -0.701567, 0.699764], "extended": false, "handId": 93, "id": 932, "length": 55.8507, "mcpPosition": [6.60668, 245.335, 17.3319], "pipPosition": [13.8693, 214.664, -7.5815], "stabilizedTipPosition": [14.8812, 213.172, 80.2602], "timeVisible": 11.1714, "tipPosition": [16.563, 196.997, 21.6455], "tipVelocity": [-30.7044, -75.1586, -625.272], "tool": false, "touchDistance": 0.333333, "touchZone": "none", "type": 2, "width": 15.1315}, {"bases": [[[0.948614, -0.315943, 0.0176494], [0.26656, 0.827908, 0.493471], [-0.170521, -0.463409, 0.869583]], [[0.954625, -0.297335, -0.0168165], [0.169947, 0.590263, -0.789119], [0.244559, 0.750454, 0.614011]], [[0.954625, -0.297335, -0.0168165], [-0.217857, -0.65872, -0.720157], [0.203051, 0.691143, -0.693607]], [[0.954625, -0.297335, -0.0168165], [-0.297362, -0.948571, -0.10858], [0.0163329, 0.108654, -0.993945]]], "btipPosition": [2.56265, 195.166, 30.6458], "carpPosition": [-2.468, 216.252, 68.0146], "dipPosition": [2.30829, 196.858, 15.1667], "direction": [0.203051, -0.691143, 0.693607], "extended": false, "handId": 93, "id": 933, "length": 53.7019, "mcpPosition": [-11.4878, 240.764, 22.0177], "pipPosition": [-2.38014, 212.816, -0.848615], "stabilizedTipPosition": [1.93, 211.554, 91.0133], "timeVisible": 11.1714, "tipPosition": [3.41177, 196.439, 28.136], "tipVelocity": [-62.7743, -91.9505, -623.228], "tool": false, "touchDistance": 0.333333, "touchZone": "none", "type": 3, "width": 14.3986}, {"bases": [[[0.865332, -0.499876, 0.0363956], [0.39474, 0.724474, 0.565083], [-0.308839, -0.474617, 0.824231]], [[0.891842, -0.449993, -0.0460772], [0.272173, 0.615183, -0.739914], [0.361302, 0.647345, 0.671122]], [[0.891842, -0.449993, -0.0460772], [-0.301997, -0.516481, -0.801278], [0.336772, 0.728529, -0.596516]], [[0.891842, -0.449993, -0.0460772], [-0.447797, -0.863871, -0.230662], [0.0639915, 0.226347, -0.971942]]], "btipPosition": [-10.145, 198.367, 29.5178], "carpPosition": [-12.0808, 209.335, 65.9668], "dipPosition": [-11.0643, 201.619, 15.5538], "direction": [0.336772, -0.728529, 0.596516], "extended": false, "handId": 93, "id": 934, "length": 42.1013, "mcpPosition": [-27.203, 232.575, 25.6086], "pipPosition": [-16.5545, 213.496, 5.8291], "stabilizedTipPosition": [-12.9888, 215.035, 84.8385], "timeVisible": 11.1714, "tipPosition": [-10.7919, 199.631, 26.8648], "tipVelocity": [-28.7852, -74.4126, -611.215], "tool": false, "touchDistance": 0.333333, "touchZone": "none", "type": 4, "width": 12.7899}], "r": [[0.832556, 0.460109, -0.308463], [-0.519686, 0.841548, -0.147389], [0.191771, 0.283013, 0.939749]], "s": 1.45685, "t": [-169.711, 110.614, -38.9271], "timestamp": 629794062857}, {"currentFrameRate": 55.3265, "devices": [], "gestures": [], "hands": [{"armBasis": [[0.905619, 0.185953, -0.38115], [0.0534312, 0.841553, 0.537525], [0.420713, -0.507158, 0.752191]], "armWidth": 51.6853, "confidence": 1, "direction": [-0.068929, 0.598628, -0.798056], "elbow": [-97.4022, 76.5521, 245.687], "grabAngle": 2.77162, "grabStrength": 0, "id": 93, "palmNormal": [0.0481699, -0.797029, -0.602017], "palmPosition": [5.27934, 227.502, 20.833], "palmVelocity": [-9.29781, -111.065, -624.036], "palmWidth": 76.835, "pinchDistance": 35.148, "pinchStrength": 0.386996, "r": [[0.83589, 0.459462, -0.300303], [-0.517095, 0.842675, -0.15004], [0.18412, 0.280702, 0.941969]], "s": 1.4625, "sphereCenter": [-6.15275, 203.753, -13.0619], "sphereRadius": 42.0801, "stabilizedPalmPosition": [2.52436, 247.9, 93.0234], "t": [169.608, 108.922, -49.6896], "timeVisible": 11.1894, "type": "left", "wrist": [-1.48091, 192.183, 74.1902]}], "id": 33460, "interactionBox": {"center": [0, 200, 0], "size": [235.247, 235.247, 147.751]}, "pointables": [{"bases": [[[0.993885, 0.0217068, -0.108263], [0.0328984, 0.877742, 0.478003], [0.105403, -0.478642, 0.87166]], [[0.999369, -0.0352935, -0.00397275], [0.035334, 0.976676, 0.21179], [-0.00359473, -0.211797, 0.977307]], [[0.999369, -0.0352935, -0.00397275], [0.0355155, 0.993868, 0.104716], [0.00025259, -0.104791, 0.994494]], [[0.999369, -0.0352935, -0.00397275], [0.0351933, 0.999117, -0.0229665], [0.00477981, 0.0228122, 0.999728]]], "btipPosition": [24.7469, 252.655, -64.7389], "carpPosition": [18.2543, 213.549, 58.6823], "dipPosition": [24.6788, 252.98, -50.5017], "direction": [0.00025259, 0.104791, -0.994494], "extended": true, "handId": 93, "id": 931, "length": 49.0168, "mcpPosition": [24.8024, 243.284, 4.53073], "pipPosition": [24.6737, 250.869, -30.4663], "stabilizedTipPosition": [31.6522, 257.485, 15.8891], "timeVisible": 11.1894, "tipPosition": [23.9721, 248.685, -61.7384], "tipVelocity": [-52.7352, -63.4335, -629.316], "tool": false, "touchDistance": -0.910338, "touchZone": "hovering", "type": 1, "width": 15.4068}, {"bases": [[[0.457507, 0.797529, 0.393237], [-0.807302, 0.187153, 0.559676], [0.372762, -0.573517, 0.72947]], [[0.36989, 0.899442, 0.232776], [-0.900649, 0.285634, 0.327482], [0.228062, -0.330782, 0.915735]], [[0.36989, 0.899442, 0.232776], [-0.922992, 0.384372, -0.0185362], [-0.106145, -0.207994, 0.972354]], [[0.36989, 0.899442, 0.232776], [-0.834708, 0.43174, -0.341852], [-0.407976, -0.0678522, 0.910468]]], "btipPosition": [25.0973, 216.702, -28.2188], "carpPosition": [26.459, 195.524, 55.7754], "dipPosition": [33.0557, 215.378, -10.4581], "direction": [-0.106145, 0.207994, -0.972354], "extended": false, "handId": 93, "id": 930, "length": 43.4396, "mcpPosition": [26.459, 195.524, 55.7754], "pipPosition": [36.0723, 209.467, 17.1753], "stabilizedTipPosition": [25.4782, 225.991, 42.6786], "timeVisible": 11.1894, "tipPosition": [23.5315, 214.571, -23.5691], "tipVelocity": [9.01259, -91.4283, -640.66], "tool": false, "touchDistance": -0.931023, "touchZone": "hovering", "type": 0, "width": 16.1294}, {"bases": [[[0.97872, -0.193113, -0.0693943], [0.202759, 0.858054, 0.47184], [-0.0315742, -0.475869, 0.878949]], [[0.97577, -0.217502, -0.023775], [0.117043, 0.610695, -0.783168], [0.18486, 0.761409, 0.621356]], [[0.97577, -0.217502, -0.023775], [-0.1685, -0.677692, -0.71578], [0.139571, 0.702443, -0.697921]], [[0.97577, -0.217502, -0.023775], [-0.218797, -0.970219, -0.103936], [-0.000460792, 0.106619, -0.9943]]], "btipPosition": [16.904, 194.398, 13.1924], "carpPosition": [8.03643, 215.272, 57.8222], "dipPosition": [16.9112, 196.068, -2.38171], "direction": [0.139571, -0.702443, 0.697921], "extended": false, "handId": 93, "id": 932, "length": 55.8507, "mcpPosition": [6.17625, 243.308, 6.03946], "pipPosition": [13.6031, 212.717, -18.9239], "stabilizedTipPosition": [14.8812, 213.171, 80.258], "timeVisible": 11.1894, "tipPosition": [16.6418, 195.076, 10.3806], "tipVelocity": [-6.97943, -111.986, -632.045], "tool": false, "touchDistance": 0.333333, "touchZone": "none", "type": 2, "width": 15.1315}, {"bases": [[[0.945317, -0.325167, 0.0253362], [0.271056, 0.826457, 0.493455], [-0.181394, -0.459604, 0.869403]], [[0.954493, -0.297022, -0.0268423], [0.163139, 0.595354, -0.786727], [0.249656, 0.746547, 0.616717]], [[0.954493, -0.297022, -0.0268423], [-0.22275, -0.65017, -0.726403], [0.198306, 0.699326, -0.686745]], [[0.954493, -0.297022, -0.0268423], [-0.298067, -0.947091, -0.119059], [0.00994094, 0.121642, -0.992524]]], "btipPosition": [2.19326, 192.727, 19.2151], "carpPosition": [-2.24294, 214.261, 56.8557], "dipPosition": [2.03845, 194.622, 3.75816], "direction": [0.198306, -0.699326, 0.686745], "extended": false, "handId": 93, "id": 933, "length": 53.7019, "mcpPosition": [-11.8378, 238.571, 10.8684], "pipPosition": [-2.54041, 210.769, -12.0987], "stabilizedTipPosition": [1.93001, 211.552, 91.0085], "timeVisible": 11.1894, "tipPosition": [3.48144, 194.356, 16.9263], "tipVelocity": [-19.2249, -132.698, -633.947], "tool": false, "touchDistance": 0.333333, "touchZone": "none", "type": 3, "width": 14.3986}, {"bases": [[[0.860101, -0.50823, 0.0439062], [0.39769, 0.721947, 0.566246], [-0.319481, -0.469568, 0.823066]], [[0.886499, -0.46146, -0.0342644], [0.289398, 0.610686, -0.737097], [0.361065, 0.64352, 0.674918]], [[0.886499, -0.46146, -0.0342644], [-0.296832, -0.510304, -0.807143], [0.354979, 0.725703, -0.589361]], [[0.886499, -0.46146, -0.0342644], [-0.455211, -0.856403, -0.243632], [0.0830822, 0.231577, -0.969262]]], "btipPosition": [-9.82328, 196.114, 18.2356], "carpPosition": [-11.8021, 207.245, 54.8946], "dipPosition": [-11.0169, 199.441, 4.31015], "direction": [0.354979, -0.725703, 0.589361], "extended": false, "handId": 93, "id": 934, "length": 42.1013, "mcpPosition": [-27.4454, 230.238, 14.5935], "pipPosition": [-16.804, 211.271, -5.2979], "stabilizedTipPosition": [-12.9886, 215.035, 84.8354], "timeVisible": 11.1894, "tipPosition": [-10.6923, 197.448, 15.7929], "tipVelocity": [14.3485, -124.071, -625.495], "tool": false, "touchDistance": 0.333333, "touchZone": "none", "type": 4, "width": 12.7899}], "r": [[0.83589, 0.459462, -0.300303], [-0.517095, 0.842675, -0.15004], [0.18412, 0.280702, 0.941969]], "s": 1.4625, "t": [-169.608, 108.922, -49.6896], "timestamp": 629794080880}, {"currentFrameRate": 55.3351, "devices": [], "gestures": [], "hands": [{"armBasis": [[0.912276, 0.17765, -0.369042], [0.0404001, 0.857612, 0.512708], [0.407578, -0.482641, 0.775202]], "armWidth": 51.6853, "confidence": 1, "direction": [-0.0764892, 0.591503, -0.802667], "elbow": [-93.9786, 80.7233, 239.976], "grabAngle": 2.76077, "grabStrength": 0, "id": 93, "palmNormal": [0.0330017, -0.803082, -0.594954], "palmPosition": [5.11226, 225.383, 9.3354], "palmVelocity": [-9.26035, -117.466, -637.269], "palmWidth": 76.835, "pinchDistance": 35.251, "pinchStrength": 0.3785, "r": [[0.838689, 0.459642, -0.292114], [-0.515827, 0.842494, -0.155326], [0.17471, 0.28095, 0.943686]], "s": 1.46657, "sphereCenter": [-7.43428, 201.285, -24.2648], "sphereRadius": 42.3069, "stabilizedPalmPosition": [2.52443, 247.899, 93.0214], "t": [169.472, 107.016, -60.8197], "timeVisible": 11.2075, "type": "left", "wrist": [-1.05203, 190.764, 63.2324]}], "id": 33461, "interactionBox": {"center": [0, 200, 0], "size": [235.247, 235.247, 147.751]}, "pointables": [{"bases": [[[0.99522, 0.0283396, -0.0934577], [0.0190019, 0.882488, 0.46995], [0.0957935, -0.46948, 0.877732]], [[0.999591, -0.0268064, 0.00992057], [0.0241271, 0.977403, 0.210005], [-0.0153259, -0.20968, 0.97765]], [[0.999591, -0.0268064, 0.00992057], [0.0256701, 0.994565, 0.100906], [-0.0125716, -0.10061, 0.994847]], [[0.999591, -0.0268064, 0.00992057], [0.0270312, 0.999364, -0.0232669], [-0.00929056, 0.0235255, 0.99968]]], "btipPosition": [23.5704, 250.058, -76.6995], "carpPosition": [18.5537, 211.692, 47.1175], "dipPosition": [23.7027, 250.393, -62.463], "direction": [-0.0125716, 0.10061, -0.994847], "extended": true, "handId": 93, "id": 931, "length": 49.0168, "mcpPosition": [24.5048, 240.858, -7.4112], "pipPosition": [23.956, 248.366, -42.4205], "stabilizedTipPosition": [31.652, 257.484, 15.8867], "timeVisible": 11.2075, "tipPosition": [22.7382, 245.772, -73.7005], "tipVelocity": [-62.6516, -143.801, -662.941], "tool": false, "touchDistance": -1, "touchZone": "hovering", "type": 1, "width": 15.4068}, {"bases": [[[0.445442, 0.804748, 0.39238], [-0.817089, 0.18625, 0.545598], [0.365988, -0.563641, 0.740514]], [[0.359235, 0.904674, 0.229164], [-0.90829, 0.282515, 0.308536], [0.214382, -0.318984, 0.923195]], [[0.359235, 0.904674, 0.229164], [-0.925965, 0.376135, -0.0333413], [-0.11636, -0.200221, 0.972817]], [[0.359235, 0.904674, 0.229164], [-0.8417, 0.42014, -0.339151], [-0.403102, -0.0710526, 0.912393]]], "btipPosition": [24.4431, 214.099, -40.0981], "carpPosition": [26.5767, 193.577, 44.2613], "dipPosition": [32.3065, 212.713, -22.2999], "direction": [-0.11636, 0.200221, -0.972817], "extended": false, "handId": 93, "id": 930, "length": 43.4396, "mcpPosition": [26.5767, 193.577, 44.2613], "pipPosition": [35.6133, 207.023, 5.3467], "stabilizedTipPosition": [25.4782, 225.99, 42.6768], "timeVisible": 11.2075, "tipPosition": [22.6676, 211.928, -35.2269], "tipVelocity": [-37.4717, -145.061, -657.945], "tool": false, "touchDistance": -1, "touchZone": "hovering", "type": 0, "width": 16.1294}, {"bases": [[[0.981093, -0.18621, -0.0527502], [0.189081, 0.864053, 0.466541], [-0.0412956, -0.467694, 0.882925]], [[0.979731, -0.198006, -0.0303515], [0.0996916, 0.613369, -0.78348], [0.17375, 0.764573, 0.620676]], [[0.979731, -0.198006, -0.0303515], [-0.159785, -0.681079, -0.714563], [0.120816, 0.704929, -0.698913]], [[0.979731, -0.198006, -0.0303515], [-0.200143, -0.973914, -0.106932], [-0.00838669, 0.110839, -0.993803]]], "btipPosition": [15.6171, 191.877, 1.57408], "carpPosition": [8.33727, 213.485, 46.3951], "dipPosition": [15.7485, 193.614, -13.9922], "direction": [0.120816, -0.704929, 0.698913], "extended": false, "handId": 93, "id": 932, "length": 55.8507, "mcpPosition": [5.90436, 241.039, -5.62188], "pipPosition": [12.8849, 210.322, -30.5579], "stabilizedTipPosition": [14.8813, 213.17, 80.2546], "timeVisible": 11.2075, "tipPosition": [16.049, 192.748, -1.02318], "tipVelocity": [-69.7454, -138.867, -643.858], "tool": false, "touchDistance": 0.333333, "touchZone": "none", "type": 2, "width": 15.1315}, {"bases": [[[0.947259, -0.317608, 0.0427358], [0.257279, 0.833192, 0.489488], [-0.191072, -0.452676, 0.870962]], [[0.957011, -0.289892, -0.00956754], [0.171953, 0.593609, -0.786168], [0.233584, 0.750727, 0.617938]], [[0.957011, -0.289892, -0.00956754], [-0.204922, -0.652421, -0.729626], [0.205271, 0.700221, -0.68378]], [[0.957011, -0.289892, -0.00956754], [-0.288735, -0.949015, -0.126505], [0.0275932, 0.123829, -0.99192]]], "btipPosition": [1.79852, 190.434, 7.74715], "carpPosition": [-1.96294, 212.544, 45.5937], "dipPosition": [1.3688, 192.362, -7.70035], "direction": [0.205271, -0.700221, 0.68378], "extended": false, "handId": 93, "id": 933, "length": 53.7019, "mcpPosition": [-12.0698, 236.488, -0.476156], "pipPosition": [-3.37089, 208.53, -23.4888], "stabilizedTipPosition": [1.93, 211.551, 91.0034], "timeVisible": 11.2075, "tipPosition": [2.97216, 192.183, 5.73716], "tipVelocity": [-25.3835, -126.688, -635.503], "tool": false, "touchDistance": 0.333333, "touchZone": "none", "type": 3, "width": 14.3986}, {"bases": [[[0.863159, -0.501138, 0.061784], [0.383582, 0.730361, 0.565187], [-0.328362, -0.464147, 0.822646]], [[0.88911, -0.457532, -0.0121779], [0.302679, 0.607729, -0.734201], [0.343321, 0.649099, 0.678823]], [[0.88911, -0.457532, -0.0121779], [-0.276455, -0.515642, -0.810979], [0.364769, 0.724416, -0.584949]], [[0.88911, -0.457532, -0.0121779], [-0.44518, -0.858315, -0.255167], [0.106295, 0.232293, -0.96682]]], "btipPosition": [-10.0894, 194.033, 6.98432], "carpPosition": [-11.6036, 205.584, 43.8448], "dipPosition": [-11.6166, 197.371, -6.90606], "direction": [0.364769, -0.724416, 0.584949], "extended": false, "handId": 93, "id": 934, "length": 42.1013, "mcpPosition": [-27.6817, 228.311, 3.5643], "pipPosition": [-17.5632, 209.18, -16.4422], "stabilizedTipPosition": [-12.9885, 215.034, 84.8321], "timeVisible": 11.2075, "tipPosition": [-11.1464, 195.394, 4.80619], "tipVelocity": [-19.0025, -115.173, -623.17], "tool": false, "touchDistance": 0.333333, "touchZone": "none", "type": 4, "width": 12.7899}], "r": [[0.838689, 0.459642, -0.292114], [-0.515827, 0.842494, -0.155326], [0.17471, 0.28095, 0.943686]], "s": 1.46657, "t": [-169.472, 107.016, -60.8197], "timestamp": 629794098922}, {"currentFrameRate": 55.1716, "devices": [], "gestures": [], "hands": [{"armBasis": [[0.917892, 0.157826, -0.364095], [0.040636, 0.875303, 0.481865], [0.394744, -0.457096, 0.79702]], "armWidth": 51.6853, "confidence": 1, "direction": [-0.0883631, 0.585712, -0.805688], "elbow": [-90.6098, 84.8682, 233.651], "grabAngle": 2.75663, "grabStrength": 0, "id": 93, "palmNormal": [0.0295659, -0.806953, -0.589875], "palmPosition": [4.76387, 223.16, -2.40072], "palmVelocity": [-18.6395, -118.936, -627.902], "palmWidth": 76.835, "pinchDistance": 35.2347, "pinchStrength": 0.373484, "r": [[0.841929, 0.458678, -0.284202], [-0.513674, 0.842576, -0.161878], [0.165212, 0.282278, 0.945]], "s": 1.46869, "sphereCenter": [-8.57486, 198.576, -35.757], "sphereRadius": 42.5126, "stabilizedPalmPosition": [2.52448, 247.898, 93.019], "t": [169.231, 104.952, -72.2528], "timeVisible": 11.2262, "type": "left", "wrist": [-0.609376, 189.085, 51.9334]}], "id": 33462, "interactionBox": {"center": [0, 200, 0], "size": [235.247, 235.247, 147.751]}, "pointables": [{"bases": [[[0.996351, 0.0234763, -0.0820552], [0.0173622, 0.885568, 0.464185], [0.0835628, -0.463916, 0.881929]], [[0.99929, -0.0308942, 0.0215625], [0.0258506, 0.978608, 0.204105], [-0.0274069, -0.203403, 0.978711]], [[0.99929, -0.0308942, 0.0215625], [0.0289002, 0.995759, 0.0873482], [-0.0241696, -0.086663, 0.995944]], [[0.99929, -0.0308942, 0.0215625], [0.0316393, 0.998882, -0.0351134], [-0.0204536, 0.0357707, 0.999151]]], "btipPosition": [22.1339, 247.123, -88.8167], "carpPosition": [18.7022, 209.782, 35.3137], "dipPosition": [22.4251, 247.633, -74.5877], "direction": [-0.0241696, 0.086663, -0.995944], "extended": true, "handId": 93, "id": 931, "length": 49.0168, "mcpPosition": [23.8935, 238.603, -19.4758], "pipPosition": [22.9121, 245.887, -54.5231], "stabilizedTipPosition": [31.6515, 257.484, 15.8817], "timeVisible": 11.2262, "tipPosition": [21.3469, 243.112, -85.7688], "tipVelocity": [-74.9013, -154.877, -648.382], "tool": false, "touchDistance": -1, "touchZone": "hovering", "type": 1, "width": 15.4068}, {"bases": [[[0.444334, 0.805493, 0.392109], [-0.822555, 0.193417, 0.534783], [0.354923, -0.560153, 0.748504]], [[0.360226, 0.904876, 0.226797], [-0.911144, 0.289124, 0.293638], [0.200133, -0.312421, 0.928623]], [[0.360226, 0.904876, 0.226797], [-0.923884, 0.379709, -0.0475428], [-0.129137, -0.192408, 0.972781]], [[0.360226, 0.904876, 0.226797], [-0.841839, 0.420071, -0.338892], [-0.401926, -0.0688491, 0.91308]]], "btipPosition": [23.6955, 211.664, -52.1141], "carpPosition": [26.7698, 191.683, 32.4864], "dipPosition": [31.5359, 210.32, -34.3025], "direction": [-0.129137, 0.192408, -0.972781], "extended": false, "handId": 93, "id": 930, "length": 43.4396, "mcpPosition": [26.7698, 191.683, 32.4864], "pipPosition": [35.2058, 204.852, -6.65699], "stabilizedTipPosition": [25.4782, 225.99, 42.6742], "timeVisible": 11.2262, "tipPosition": [21.8913, 209.495, -47.0812], "tipVelocity": [-40.2827, -129.775, -642.716], "tool": false, "touchDistance": -1, "touchZone": "hovering", "type": 0, "width": 16.1294}, {"bases": [[[0.980824, -0.19073, -0.0400707], [0.187388, 0.866388, 0.46288], [-0.0535684, -0.461512, 0.885515]], [[0.98063, -0.192348, -0.0369644], [0.0911163, 0.615043, -0.783211], [0.173384, 0.764673, 0.620656]], [[0.98063, -0.192348, -0.0369644], [-0.160894, -0.683433, -0.712062], [0.111701, 0.704217, -0.701143]], [[0.98063, -0.192348, -0.0369644], [-0.195296, -0.974605, -0.109561], [-0.0149518, 0.114658, -0.993292]]], "btipPosition": [14.6936, 189.509, -10.2297], "carpPosition": [8.47043, 211.528, 34.6983], "dipPosition": [14.9278, 191.305, -25.788], "direction": [0.111701, -0.704217, 0.701143], "extended": false, "handId": 93, "id": 932, "length": 55.8507, "mcpPosition": [5.31449, 238.717, -17.4713], "pipPosition": [12.2803, 207.996, -42.4065], "stabilizedTipPosition": [14.8812, 213.169, 80.2503], "timeVisible": 11.2262, "tipPosition": [15.6832, 190.48, -12.7098], "tipVelocity": [-48.1424, -125.988, -631.424], "tool": false, "touchDistance": 0.333333, "touchZone": "none", "type": 2, "width": 15.1315}, {"bases": [[[0.945315, -0.321332, 0.0558978], [0.255181, 0.835394, 0.486826], [-0.20313, -0.44594, 0.871708]], [[0.955795, -0.294014, 0.00352606], [0.18489, 0.591637, -0.784718], [0.228632, 0.750681, 0.619843]], [[0.955795, -0.294014, 0.00352606], [-0.198328, -0.653495, -0.730487], [0.217077, 0.697496, -0.682918]], [[0.955795, -0.294014, 0.00352606], [-0.291038, -0.947693, -0.13105], [0.0418722, 0.124231, -0.991369]]], "btipPosition": [1.60004, 188.129, -3.96229], "carpPosition": [-1.83422, 210.537, 34.0231], "dipPosition": [0.947951, 190.064, -19.4012], "direction": [0.217077, -0.697496, 0.682918], "extended": false, "handId": 93, "id": 933, "length": 53.7019, "mcpPosition": [-12.5788, 234.125, -12.0862], "pipPosition": [-4.06436, 206.169, -35.1697], "stabilizedTipPosition": [1.92998, 211.55, 90.9983], "timeVisible": 11.2262, "tipPosition": [2.70514, 189.906, -5.77868], "tipVelocity": [-13.3553, -123.222, -626.369], "tool": false, "touchDistance": 0.333333, "touchZone": "none", "type": 3, "width": 14.3986}, {"bases": [[[0.860207, -0.50437, 0.0752015], [0.38015, 0.732543, 0.564682], [-0.339897, -0.457155, 0.821875]], [[0.885408, -0.464763, 0.00685509], [0.321872, 0.602417, -0.730405], [0.335336, 0.648913, 0.68298]], [[0.885408, -0.464763, 0.00685509], [-0.266385, -0.519458, -0.811913], [0.380909, 0.717049, -0.583738]], [[0.885408, -0.464763, 0.00685509], [-0.446954, -0.855345, -0.261949], [0.127608, 0.228868, -0.965057]]], "btipPosition": [-10.181, 191.806, -4.55684], "carpPosition": [-11.4643, 203.525, 32.4335], "dipPosition": [-12.0144, 195.095, -18.4219], "direction": [0.380909, -0.717049, 0.583738], "extended": false, "handId": 93, "id": 934, "length": 42.1013, "mcpPosition": [-28.1072, 225.909, -7.80928], "pipPosition": [-18.2241, 206.784, -27.9383], "stabilizedTipPosition": [-12.9884, 215.033, 84.8287], "timeVisible": 11.2262, "tipPosition": [-11.4036, 193.064, -6.55714], "tipVelocity": [-8.66805, -119.745, -617.159], "tool": false, "touchDistance": 0.333333, "touchZone": "none", "type": 4, "width": 12.7899}], "r": [[0.841929, 0.458678, -0.284202], [-0.513674, 0.842576, -0.161878], [0.165212, 0.282278, 0.945]], "s": 1.46869, "t": [-169.231, 104.952, -72.2528], "timestamp": 629794117613}, {"currentFrameRate": 55.338, "devices": [], "gestures": [], "hands": [{"armBasis": [[0.923251, 0.13755, -0.358731], [0.0424274, 0.891501, 0.451027], [0.381848, -0.431631, 0.817243]], "armWidth": 51.6853, "confidence": 1, "direction": [-0.0983173, 0.576267, -0.811326], "elbow": [-87.5271, 88.9652, 226.872], "grabAngle": 2.75887, "grabStrength": 0, "id": 93, "palmNormal": [0.0278078, -0.813367, -0.581087], "palmPosition": [4.22566, 220.694, -14.3266], "palmVelocity": [-30.7635, -140.931, -681.671], "palmWidth": 76.835, "pinchDistance": 35.3062, "pinchStrength": 0.373665, "r": [[0.845378, 0.456539, -0.277324], [-0.510842, 0.842714, -0.16992], [0.15613, 0.285315, 0.945631]], "s": 1.46877, "sphereCenter": [-9.73218, 195.492, -47.2867], "sphereRadius": 42.613, "stabilizedPalmPosition": [2.52453, 247.898, 93.0161], "t": [168.84, 102.687, -83.9323], "timeVisible": 11.2437, "type": "left", "wrist": [-0.466892, 187.376, 40.5433]}], "id": 33463, "interactionBox": {"center": [0, 200, 0], "size": [235.247, 235.247, 147.751]}, "pointables": [{"bases": [[[0.997152, 0.0181957, -0.0731877], [0.0171012, 0.890623, 0.454421], [0.0734511, -0.454379, 0.887775]], [[0.998905, -0.0350091, 0.0310229], [0.0284407, 0.981099, 0.191404], [-0.0371374, -0.190312, 0.981021]], [[0.998905, -0.0350091, 0.0310229], [0.0330455, 0.997548, 0.061695], [-0.0331067, -0.0606023, 0.997613]], [[0.998905, -0.0350091, 0.0310229], [0.0368409, 0.997483, -0.0605882], [-0.0288236, 0.0616648, 0.997681]]], "btipPosition": [20.7223, 243.187, -101.183], "carpPosition": [18.5666, 207.801, 23.4055], "dipPosition": [21.1328, 244.065, -86.9754], "direction": [-0.0331067, 0.0606023, -0.997613], "extended": true, "handId": 93, "id": 931, "length": 49.0168, "mcpPosition": [23.1297, 236.029, -31.7471], "pipPosition": [21.7998, 242.844, -66.8772], "stabilizedTipPosition": [31.6503, 257.482, 15.8687], "timeVisible": 11.2437, "tipPosition": [19.9889, 239.909, -98.0553], "tipVelocity": [-79.1137, -220.167, -707.148], "tool": false, "touchDistance": -1, "touchZone": "hovering", "type": 1, "width": 15.4068}, {"bases": [[[0.444348, 0.807878, 0.387154], [-0.826516, 0.202988, 0.525041], [0.345581, -0.55329, 0.757921]], [[0.361794, 0.906117, 0.219218], [-0.913438, 0.29754, 0.277672], [0.186377, -0.300702, 0.93533]], [[0.361794, 0.906117, 0.219218], [-0.920913, 0.383944, -0.0671354], [-0.145, -0.177591, 0.973364]], [[0.361794, 0.906117, 0.219218], [-0.838085, 0.419117, -0.349219], [-0.408311, -0.0573774, 0.911038]]], "btipPosition": [22.4595, 208.548, -64.1535], "carpPosition": [26.6891, 189.707, 20.7064], "dipPosition": [30.4245, 207.429, -46.3818], "direction": [-0.145, 0.177591, -0.973364], "extended": false, "handId": 93, "id": 930, "length": 43.4396, "mcpPosition": [26.6891, 189.707, 20.7064], "pipPosition": [34.5453, 202.382, -18.7197], "stabilizedTipPosition": [25.4781, 225.989, 42.6691], "timeVisible": 11.2437, "tipPosition": [21.0843, 206.645, -59.0318], "tipVelocity": [-69.0076, -175.135, -688.685], "tool": false, "touchDistance": -1, "touchZone": "hovering", "type": 0, "width": 16.1294}, {"bases": [[[0.980284, -0.195458, -0.0289613], [0.187044, 0.870685, 0.454887], [-0.0636949, -0.451335, 0.890078]], [[0.981277, -0.187257, -0.0450658], [0.0806815, 0.612109, -0.786647], [0.17489, 0.768282, 0.615756]], [[0.981277, -0.187257, -0.0450658], [-0.164288, -0.691654, -0.703296], [0.100527, 0.697531, -0.709468]], [[0.981277, -0.187257, -0.0450658], [-0.191024, -0.976118, -0.103462], [-0.0246155, 0.110133, -0.993612]]], "btipPosition": [13.5928, 186.96, -21.9333], "carpPosition": [8.32191, 209.494, 22.8643], "dipPosition": [13.9784, 188.685, -37.4966], "direction": [0.100527, -0.697531, 0.709468], "extended": false, "handId": 93, "id": 932, "length": 55.8507, "mcpPosition": [4.56936, 236.084, -29.5741], "pipPosition": [11.5957, 205.218, -54.3125], "stabilizedTipPosition": [14.8812, 213.168, 80.2449], "timeVisible": 11.2437, "tipPosition": [15.1405, 187.927, -24.4127], "tipVelocity": [-60.9312, -146.61, -669.035], "tool": false, "touchDistance": 0.333333, "touchZone": "none", "type": 2, "width": 15.1315}, {"bases": [[[0.943319, -0.324821, 0.0681284], [0.254477, 0.839664, 0.479797], [-0.213053, -0.435264, 0.874731]], [[0.954397, -0.298136, 0.0155535], [0.195662, 0.585307, -0.78685], [0.225485, 0.75401, 0.616949]], [[0.954397, -0.298136, 0.0155535], [-0.194806, -0.661401, -0.724293], [0.226225, 0.688233, -0.689317]], [[0.954397, -0.298136, 0.0155535], [-0.29396, -0.947566, -0.125326], [0.0521023, 0.115039, -0.991994]]], "btipPosition": [1.17878, 185.712, -15.5853], "carpPosition": [-1.98392, 208.451, 22.2946], "dipPosition": [0.367372, 187.503, -31.034], "direction": [0.226225, -0.688233, 0.689317], "extended": false, "handId": 93, "id": 933, "length": 53.7019, "mcpPosition": [-13.2534, 231.475, -23.9745], "pipPosition": [-4.85615, 203.395, -46.9503], "stabilizedTipPosition": [1.92993, 211.549, 90.9929], "timeVisible": 11.2437, "tipPosition": [2.27272, 187.383, -17.3322], "tipVelocity": [-26.1735, -140.07, -664.493], "tool": false, "touchDistance": 0.333333, "touchZone": "none", "type": 3, "width": 14.3986}, {"bases": [[[0.857219, -0.507257, 0.0886919], [0.37827, 0.737146, 0.559935], [-0.34941, -0.446438, 0.823776]], [[0.882078, -0.470516, 0.023529], [0.336558, 0.594425, -0.730334], [0.329647, 0.65213, 0.682685]], [[0.882078, -0.470516, 0.023529], [-0.261252, -0.53011, -0.806678], [0.392028, 0.705406, -0.590522]], [[0.882078, -0.470516, 0.023529], [-0.449459, -0.855465, -0.257227], [0.141157, 0.216319, -0.966065]]], "btipPosition": [-10.5708, 189.412, -16.0781], "carpPosition": [-11.5966, 201.379, 20.8716], "dipPosition": [-12.5988, 192.519, -29.9576], "direction": [0.392028, -0.705406, 0.590522], "extended": false, "handId": 93, "id": 934, "length": 42.1013, "mcpPosition": [-28.7053, 223.239, -19.4643], "pipPosition": [-18.9898, 204.019, -39.5846], "stabilizedTipPosition": [-12.9884, 215.032, 84.8248], "timeVisible": 11.2437, "tipPosition": [-11.8348, 190.479, -18.0137], "tipVelocity": [-24.8392, -139.26, -658.737], "tool": false, "touchDistance": 0.333333, "touchZone": "none", "type": 4, "width": 12.7899}], "r": [[0.845378, 0.456539, -0.277324], [-0.510842, 0.842714, -0.16992], [0.15613, 0.285315, 0.945631]], "s": 1.46877, "t": [-168.84, 102.687, -83.9323], "timestamp": 629794135108}, {"currentFrameRate": 55.3314, "devices": [], "gestures": [], "hands": [{"armBasis": [[0.927674, 0.101889, -0.359221], [0.0614925, 0.907225, 0.416126], [0.368293, -0.408119, 0.835344]], "armWidth": 51.6853, "confidence": 1, "direction": [-0.11296, 0.561854, -0.819488], "elbow": [-84.4812, 92.7647, 220.067], "grabAngle": 2.76651, "grabStrength": 0, "id": 93, "palmNormal": [0.0423073, -0.821299, -0.568928], "palmPosition": [3.28852, 218.218, -25.8752], "palmVelocity": [-51.7875, -136.834, -638.19], "palmWidth": 76.835, "pinchDistance": 35.596, "pinchStrength": 0.385102, "r": [[0.850147, 0.450551, -0.272495], [-0.50493, 0.844342, -0.179254], [0.149316, 0.289983, 0.945312]], "s": 1.46613, "sphereCenter": [-10.2799, 192.185, -58.3297], "sphereRadius": 42.4133, "stabilizedPalmPosition": [2.52455, 247.897, 93.012], "t": [168.177, 100.317, -95.5464], "timeVisible": 11.2618, "type": "left", "wrist": [-0.511542, 185.814, 29.6107]}], "id": 33464, "interactionBox": {"center": [0, 200, 0], "size": [235.247, 235.247, 147.751]}, "pointables": [{"bases": [[[0.997572, -0.00319551, -0.0695697], [0.0336331, 0.896839, 0.441077], [0.0609833, -0.442346, 0.894769]], [[0.997867, -0.0548377, 0.0354114], [0.0478882, 0.983621, 0.173769], [-0.0443605, -0.171703, 0.98415]], [[0.997867, -0.0548377, 0.0354114], [0.053947, 0.998215, 0.0256356], [-0.0367539, -0.0236706, 0.999044]], [[0.997867, -0.0548377, 0.0354114], [0.0581517, 0.993229, -0.100571], [-0.0296565, 0.102415, 0.9943]]], "btipPosition": [19.0619, 238.837, -113.126], "carpPosition": [18.0247, 206.189, 11.9899], "dipPosition": [19.4842, 240.295, -98.9664], "direction": [-0.0367539, 0.0236706, -0.999044], "extended": true, "handId": 93, "id": 931, "length": 49.0168, "mcpPosition": [21.8132, 233.67, -43.5973], "pipPosition": [20.2247, 239.818, -78.8394], "stabilizedTipPosition": [31.6467, 257.477, 15.833], "timeVisible": 11.2618, "tipPosition": [18.3979, 236.624, -109.94], "tipVelocity": [-91.6071, -233.002, -660.584], "tool": false, "touchDistance": -1, "touchZone": "hovering", "type": 1,