{"frames": 52, "data": [{"currentFrameRate": 55.3313, "devices": [], "gestures": [], "hands": [{"armBasis": [[0.903224, 0.222687, -0.366875], [0.0989274, 0.723796, 0.682885], [0.417612, -0.653092, 0.63172]], "armWidth": 51.6853, "confidence": 1, "direction": [-0.0433298, 0.585747, -0.809335], "elbow": [-112.661, 73.0478, 304.295], "grabAngle": 2.82316, "grabStrength": 0, "id": 93, "palmNormal": [0.105136, -0.802924, -0.586736], "palmPosition": [-9.11916, 258.109, 107.821], "palmVelocity": [5.09456, -2.42295, 3.67507], "palmWidth": 76.835, "pinchDistance": 36.0996, "pinchStrength": 0.43448, "r": [[0.842659, 0.430955, -0.322806], [-0.492301, 0.859463, -0.137707], [0.218094, 0.274958, 0.936394]], "s": 1.44404, "sphereCenter": [-16.2376, 233.667, 74.4787], "sphereRadius": 40.5198, "stabilizedPalmPosition": [-3.93577, 263.032, 108.005], "t": [155.034, 137.894, 26.5016], "timeVisible": 2.53071, "type": "left", "wrist": [-17.4467, 221.951, 160.265]}], "id": 32983, "interactionBox": {"center": [0, 200, 0], "size": [235.247, 235.247, 147.751]}, "pointables": [{"bases": [[[0.986684, -0.0105967, -0.162301], [0.0855643, 0.88245, 0.462559], [0.138321, -0.470287, 0.871606]], [[0.995788, -0.0603889, -0.0689937], [0.0682505, 0.990672, 0.117944], [0.0612276, -0.122156, 0.990621]], [[0.995788, -0.0603889, -0.0689937], [0.0586698, 0.997921, -0.0266801], [0.0704614, 0.0225198, 0.99726]], [[0.995788, -0.0603889, -0.0689937], [0.0515927, 0.991085, -0.122839], [0.0757967, 0.118762, 0.990025]]], "btipPosition": [15.4697, 276.506, 22.7073], "carpPosition": [2.18507, 245.06, 146.519], "dipPosition": [14.3903, 278.197, 36.8063], "direction": [0.0704614, -0.0225198, -0.99726], "extended": true, "handId": 93, "id": 931, "length": 49.0168, "mcpPosition": [10.7782, 274.276, 92.3712], "pipPosition": [12.9708, 278.651, 56.8975], "stabilizedTipPosition": [16.7342, 278.366, 24.0419], "timeVisible": 2.53071, "tipPosition": [16.1179, 273.473, 26.3296], "tipVelocity": [7.06697, -2.13052, 4.6579], "tool": false, "touchDistance": 0.316659, "touchZone": "hovering", "type": 1, "width": 15.4068}, {"bases": [[[0.502279, 0.787985, 0.356084], [-0.769465, 0.219423, 0.599814], [0.394511, -0.575268, 0.716539]], [[0.40759, 0.891738, 0.196658], [-0.876847, 0.322063, 0.356952], [0.254972, -0.317929, 0.913187]], [[0.40759, 0.891738, 0.196658], [-0.905694, 0.422262, -0.0376043], [-0.116574, -0.162785, 0.979751]], [[0.40759, 0.891738, 0.196658], [-0.758059, 0.450492, -0.471597], [-0.509133, 0.0431398, 0.859606]]], "btipPosition": [8.58192, 244.448, 61.2222], "carpPosition": [11.079, 227.262, 144.327], "dipPosition": [18.5137, 245.29, 77.9907], "direction": [-0.116574, 0.162785, -0.979751], "extended": false, "handId": 93, "id": 930, "length": 43.4396, "mcpPosition": [11.079, 227.262, 144.327], "pipPosition": [21.8266, 240.664, 105.834], "stabilizedTipPosition": [13.1442, 247.878, 62.7808], "timeVisible": 2.53071, "tipPosition": [12.4655, 244.922, 64.7346], "tipVelocity": [4.99465, -4.58864, 3.48227], "tool": false, "touchDistance": 0.330825, "touchZone": "hovering", "type": 0, "width": 16.1294}, {"bases": [[[0.96716, -0.224317, -0.119513], [0.254159, 0.857415, 0.447485], [0.00209397, -0.463165, 0.88627]], [[0.967117, -0.229787, -0.109006], [0.048872, 0.588517, -0.807006], [0.249592, 0.775142, 0.580395]], [[0.967117, -0.229787, -0.109006], [-0.242327, -0.702416, -0.669246], [0.0772164, 0.673654, -0.735002]], [[0.967117, -0.229787, -0.109006], [-0.237314, -0.969463, -0.0618344], [-0.0914688, 0.0856699, -0.992116]]], "btipPosition": [2.53029, 225.29, 102.511], "carpPosition": [-8.01805, 246.453, 145.081], "dipPosition": [3.963, 226.632, 86.9706], "direction": [0.0772164, -0.673654, 0.735002], "extended": false, "handId": 93, "id": 932, "length": 55.8507, "mcpPosition": [-7.89469, 273.74, 92.8673], "pipPosition": [2.13281, 242.599, 69.5496], "stabilizedTipPosition": [7.43772, 229.17, 91.5723], "timeVisible": 2.53071, "tipPosition": [3.67046, 225.165, 95.87], "tipVelocity": [6.29019, -1.6781, 5.36333], "tool": false, "touchDistance": 0.482272, "touchZone": "none", "type": 2, "width": 15.1315}, {"bases": [[[0.934997, -0.354023, -0.0211794], [0.322546, 0.823996, 0.465827], [-0.147462, -0.442378, 0.884622]], [[0.938326, -0.343091, -0.0428224], [0.162788, 0.54765, -0.820719], [0.305033, 0.763131, 0.569725]], [[0.938326, -0.343091, -0.0428224], [-0.282824, -0.690392, -0.665861], [0.198886, 0.636905, -0.744846]], [[0.938326, -0.343091, -0.0428224], [-0.344951, -0.937372, -0.0483959], [-0.0235363, 0.0601827, -0.99791]]], "btipPosition": [-10.4084, 224.447, 108.304], "carpPosition": [-18.1939, 245.111, 143.574], "dipPosition": [-10.0419, 225.384, 92.7628], "direction": [0.198886, -0.636905, 0.744846], "extended": false, "handId": 93, "id": 933, "length": 53.7019, "mcpPosition": [-25.9939, 268.51, 96.7815], "pipPosition": [-14.6342, 240.091, 75.5644], "stabilizedTipPosition": [-5.3597, 228.412, 99.9776], "timeVisible": 2.53071, "tipPosition": [-9.34231, 224.591, 103.05], "tipVelocity": [3.56126, -1.51835, 4.90954], "tool": false, "touchDistance": 0.578821, "touchZone": "none", "type": 3, "width": 14.3986}, {"bases": [[[0.845413, -0.534093, 0.00467343], [0.449742, 0.71656, 0.533174], [-0.288113, -0.44865, 0.845993]], [[0.87456, -0.474491, -0.100016], [0.227164, 0.583108, -0.779988], [0.428417, 0.659427, 0.61775]], [[0.87456, -0.474491, -0.100016], [-0.384629, -0.553169, -0.738962], [0.295305, 0.684736, -0.666282]], [[0.87456, -0.474491, -0.100016], [-0.484572, -0.862929, -0.143331], [-0.0182974, 0.173816, -0.984608]]], "btipPosition": [-24.3441, 226.65, 106.578], "carpPosition": [-27.4145, 237.777, 141.201], "dipPosition": [-24.0812, 229.147, 92.4325], "direction": [0.295305, -0.684736, 0.666282], "extended": false, "handId": 93, "id": 934, "length": 42.1013, "mcpPosition": [-41.5219, 259.745, 99.777], "pipPosition": [-28.8954, 240.31, 81.5705], "stabilizedTipPosition": [-19.5949, 232.182, 99.5878], "timeVisible": 2.53071, "tipPosition": [-23.6859, 227.82, 99.9342], "tipVelocity": [3.2664, -0.945395, 4.20128], "tool": false, "touchDistance": 0.555415, "touchZone": "none", "type": 4, "width": 12.7899}], "r": [[0.842659, 0.430955, -0.322806], [-0.492301, 0.859463, -0.137707], [0.218094, 0.274958, 0.936394]], "s": 1.44404, "t": [-155.034, 137.894, 26.5016], "timestamp": 629785422145}, {"currentFrameRate": 55.3278, "devices": [], "gestures": [], "hands": [{"armBasis": [[0.902862, 0.222055, -0.368147], [0.0999462, 0.724429, 0.682066], [0.418152, -0.652606, 0.631865]], "armWidth": 51.6853, "confidence": 1, "direction": [-0.0424594, 0.583842, -0.810757], "elbow": [-112.75, 73.2534, 304.445], "grabAngle": 2.82335, "grabStrength": 0, "id": 93, "palmNormal": [0.10613, -0.804261, -0.584722], "palmPosition": [-9.02896, 258.093, 107.872], "palmVelocity": [4.98716, -0.91895, 2.80749], "palmWidth": 76.835, "pinchDistance": 36.1164, "pinchStrength": 0.434827, "r": [[0.842521, 0.430501, -0.32377], [-0.492353, 0.859279, -0.138668], [0.218512, 0.27624, 0.935919]], "s": 1.44429, "sphereCenter": [-16.0954, 233.589, 74.5914], "sphereRadius": 40.5092, "stabilizedPalmPosition": [-3.96153, 263.007, 108.005], "t": [155.115, 137.857, 26.5442], "timeVisible": 2.5488, "type": "left", "wrist": [-17.4128, 222.046, 160.382]}], "id": 32984, "interactionBox": {"center": [0, 200, 0], "size": [235.247, 235.247, 147.751]}, "pointables": [{"bases": [[[0.986471, -0.0112708, -0.163548], [0.0864219, 0.883503, 0.460385], [0.139306, -0.468291, 0.872524]], [[0.995728, -0.061525, -0.068845], [0.0692366, 0.990845, 0.115899], [0.061084, -0.120171, 0.990872]], [[0.995728, -0.061525, -0.068845], [0.0596791, 0.997809, -0.0285572], [0.0704511, 0.0243266, 0.997219]], [[0.995728, -0.061525, -0.068845], [0.0526029, 0.990806, -0.124645], [0.0758808, 0.120491, 0.98981]]], "btipPosition": [15.5709, 276.327, 22.7409], "carpPosition": [2.22922, 245.137, 146.615], "dipPosition": [14.4903, 278.043, 36.8369], "direction": [0.0704511, -0.0243266, -0.997219], "extended": true, "handId": 93, "id": 931, "length": 49.0168, "mcpPosition": [10.8835, 274.23, 92.4099], "pipPosition": [13.0709, 278.533, 56.9271], "stabilizedTipPosition": [16.718, 278.348, 24.0642], "timeVisible": 2.5488, "tipPosition": [16.3025, 273.295, 26.3749], "tipVelocity": [5.57846, -9.58004, 1.81848], "tool": false, "touchDistance": 0.317207, "touchZone": "hovering", "type": 1, "width": 15.4068}, {"bases": [[[0.502971, 0.788665, 0.353594], [-0.768626, 0.221054, 0.600291], [0.395265, -0.57371, 0.717372]], [[0.408077, 0.892097, 0.194001], [-0.876383, 0.323249, 0.35702], [0.255785, -0.315711, 0.913729]], [[0.408077, 0.892097, 0.194001], [-0.905615, 0.422432, -0.0375749], [-0.115473, -0.160357, 0.980281]], [[0.408077, 0.892097, 0.194001], [-0.758724, 0.449581, -0.471398], [-0.507752, 0.0451734, 0.860318]]], "btipPosition": [8.7267, 244.321, 61.3191], "carpPosition": [11.1313, 227.337, 144.476], "dipPosition": [18.6315, 245.202, 78.1015], "direction": [-0.115473, 0.160357, -0.980281], "extended": false, "handId": 93, "id": 930, "length": 43.4396, "mcpPosition": [11.1313, 227.337, 144.476], "pipPosition": [21.9131, 240.645, 105.96], "stabilizedTipPosition": [13.1272, 247.851, 62.7999], "timeVisible": 2.5488, "tipPosition": [12.6134, 244.811, 64.8446], "tipVelocity": [7.6625, -6.53781, 5.53664], "tool": false, "touchDistance": 0.332494, "touchZone": "hovering", "type": 0, "width": 16.1294}, {"bases": [[[0.966939, -0.224884, -0.120235], [0.25499, 0.858382, 0.445152], [0.00309978, -0.461093, 0.887346]], [[0.966877, -0.231767, -0.106928], [0.0509905, 0.585869, -0.8088], [0.250099, 0.776557, 0.578281]], [[0.966877, -0.231767, -0.106928], [-0.242643, -0.704603, -0.666827], [0.0792065, 0.670685, -0.737501]], [[0.966877, -0.231767, -0.106928], [-0.238852, -0.969269, -0.0588828], [-0.0899951, 0.0824725, -0.992522]]], "btipPosition": [2.72577, 225.302, 102.677], "carpPosition": [-7.97246, 246.524, 145.161], "dipPosition": [4.13539, 226.594, 87.1307], "direction": [0.0792065, -0.670685, 0.737501], "extended": false, "handId": 93, "id": 932, "length": 55.8507, "mcpPosition": [-7.78983, 273.689, 92.8832], "pipPosition": [2.25804, 242.491, 69.6504], "stabilizedTipPosition": [7.42339, 229.159, 91.5969], "timeVisible": 2.5488, "tipPosition": [3.78146, 225.127, 96.0325], "tipVelocity": [10.5145, 0.0462166, 9.1194], "tool": false, "touchDistance": 0.485021, "touchZone": "none", "type": 2, "width": 15.1315}, {"bases": [[[0.934864, -0.354351, -0.0215571], [0.32339, 0.824986, 0.463484], [-0.146452, -0.440266, 0.885843]], [[0.937955, -0.344238, -0.0417149], [0.163421, 0.544936, -0.822398], [0.305833, 0.764555, 0.567381]], [[0.937955, -0.344238, -0.0417149], [-0.283708, -0.692671, -0.663112], [0.199374, 0.633804, -0.747357]], [[0.937955, -0.344238, -0.0417149], [-0.345958, -0.93716, -0.0452201], [-0.023527, 0.056846, -0.998106]]], "btipPosition": [-10.2659, 224.47, 108.457], "carpPosition": [-18.1459, 245.175, 143.643], "dipPosition": [-9.89948, 225.355, 92.9129], "direction": [0.199374, -0.633804, 0.747357], "extended": false, "handId": 93, "id": 933, "length": 53.7019, "mcpPosition": [-25.8925, 268.463, 96.7863], "pipPosition": [-14.503, 239.99, 75.6565], "stabilizedTipPosition": [-5.36977, 228.405, 99.9878], "timeVisible": 2.5488, "tipPosition": [-9.23967, 224.564, 103.185], "tipVelocity": [7.88042, 0.61181, 8.42568], "tool": false, "touchDistance": 0.581361, "touchZone": "none", "type": 3, "width": 14.3986}, {"bases": [[[0.84526, -0.534334, 0.00483178], [0.450641, 0.717669, 0.530918], [-0.287155, -0.446586, 0.847409]], [[0.874285, -0.474998, -0.100011], [0.226256, 0.581053, -0.781783], [0.429458, 0.660873, 0.615478]], [[0.874285, -0.474998, -0.100011], [-0.386076, -0.555564, -0.736406], [0.294229, 0.68244, -0.669107]], [[0.874285, -0.474998, -0.100011], [-0.485008, -0.863225, -0.140031], [-0.0198173, 0.170934, -0.985083]]], "btipPosition": [-24.2527, 226.641, 106.704], "carpPosition": [-27.3613, 237.833, 141.275], "dipPosition": [-23.968, 229.097, 92.5508], "direction": [0.294229, -0.68244, 0.669107], "extended": false, "handId": 93, "id": 934, "length": 42.1013, "mcpPosition": [-41.4217, 259.7, 99.7822], "pipPosition": [-28.7646, 240.222, 81.6427], "stabilizedTipPosition": [-19.6033, 232.173, 99.5949], "timeVisible": 2.5488, "tipPosition": [-23.5776, 227.78, 100.043], "tipVelocity": [5.33148, -1.01952, 6.82929], "tool": false, "touchDistance": 0.557473, "touchZone": "none", "type": 4, "width": 12.7899}], "r": [[0.842521, 0.430501, -0.32377], [-0.492353, 0.859279, -0.138668], [0.218512, 0.27624, 0.935919]], "s": 1.44429, "t": [-155.115, 137.857, 26.5442], "timestamp": 629785440231}, {"currentFrameRate": 55.3268, "devices": [], "gestures": [], "hands": [{"armBasis": [[0.902265, 0.221346, -0.370033], [0.101055, 0.725727, 0.680521], [0.419174, -0.651404, 0.632429]], "armWidth": 51.6853, "confidence": 1, "direction": [-0.0418792, 0.582903, -0.811462], "elbow": [-112.927, 73.4879, 304.665], "grabAngle": 2.82359, "grabStrength": 0, "id": 93, "palmNormal": [0.107128, -0.804872, -0.583699], "palmPosition": [-8.92769, 257.992, 107.928], "palmVelocity": [5.60158, -5.58885, 3.09318], "palmWidth": 76.835, "pinchDistance": 36.1031, "pinchStrength": 0.434885, "r": [[0.842382, 0.429985, -0.324816], [-0.492342, 0.859146, -0.139527], [0.21907, 0.277456, 0.935429]], "s": 1.44451, "sphereCenter": [-15.9402, 233.466, 74.6834], "sphereRadius": 40.4951, "stabilizedPalmPosition": [-3.98788, 262.981, 108.004], "t": [155.206, 137.788, 26.5935], "timeVisible": 2.56688, "type": "left", "wrist": [-17.3564, 222.006, 160.473]}], "id": 32985, "interactionBox": {"center": [0, 200, 0], "size": [235.247, 235.247, 147.751]}, "pointables": [{"bases": [[[0.986292, -0.0119235, -0.164576], [0.0873257, 0.883982, 0.459293], [0.140006, -0.467369, 0.872906]], [[0.995673, -0.0627415, -0.068552], [0.0703607, 0.990863, 0.115067], [0.0607061, -0.119392, 0.99099]], [[0.995673, -0.0627415, -0.068552], [0.0608321, 0.997709, -0.0295967], [0.0702519, 0.0252985, 0.997208]], [[0.995673, -0.0627415, -0.068552], [0.0537804, 0.99063, -0.12554], [0.0757862, 0.12131, 0.989717]]], "btipPosition": [15.6619, 276.159, 22.7969], "carpPosition": [2.29569, 245.085, 146.698], "dipPosition": [14.5827, 277.886, 36.8915], "direction": [0.0702519, -0.0252985, -0.997208], "extended": true, "handId": 93, "id": 931, "length": 49.0168, "mcpPosition": [10.9935, 274.12, 92.4686], "pipPosition": [13.1674, 278.396, 56.9816], "stabilizedTipPosition": [16.7033, 278.327, 24.0865], "timeVisible": 2.56688, "tipPosition": [16.4763, 273.134, 26.438], "tipVelocity": [5.05411, -9.15768, 3.0811], "tool": false, "touchDistance": 0.318135, "touchZone": "hovering", "type": 1, "width": 15.4068}, {"bases": [[[0.503717, 0.788826, 0.352169], [-0.767887, 0.222098, 0.600851], [0.395751, -0.573085, 0.717604]], [[0.408632, 0.892179, 0.192448], [-0.876076, 0.324286, 0.356833], [0.255951, -0.314412, 0.91413]], [[0.408632, 0.892179, 0.192448], [-0.905537, 0.422675, -0.0367392], [-0.114121, -0.159256, 0.980619]], [[0.408632, 0.892179, 0.192448], [-0.759819, 0.449357, -0.469844], [-0.505663, 0.0457681, 0.861516]]], "btipPosition": [8.88998, 244.173, 61.3812], "carpPosition": [11.2084, 227.287, 144.588], "dipPosition": [18.754, 245.066, 78.187], "direction": [-0.114121, 0.159256, -0.980619], "extended": false, "handId": 93, "id": 930, "length": 43.4396, "mcpPosition": [11.2084, 227.287, 144.588], "pipPosition": [21.9972, 240.54, 106.055], "stabilizedTipPosition": [13.111, 247.822, 62.82], "timeVisible": 2.56688, "tipPosition": [12.7637, 244.671, 64.9389], "tipVelocity": [8.51331, -8.02096, 3.73209], "tool": false, "touchDistance": 0.33359, "touchZone": "hovering", "type": 0, "width": 16.1294}, {"bases": [[[0.966705, -0.225479, -0.121001], [0.255866, 0.858765, 0.44391], [0.00381889, -0.46009, 0.887864]], [[0.966611, -0.233924, -0.104608], [0.053755, 0.584251, -0.809791], [0.250547, 0.777129, 0.577318]], [[0.966611, -0.233924, -0.104608], [-0.242844, -0.705935, -0.665344], [0.0817939, 0.668532, -0.739172]], [[0.966611, -0.233924, -0.104608], [-0.240697, -0.968898, -0.0574648], [-0.0879118, 0.0807248, -0.992852]]], "btipPosition": [2.94745, 225.24, 102.8], "carpPosition": [-7.9051, 246.466, 145.231], "dipPosition": [4.32445, 226.505, 87.2486], "direction": [0.0817939, -0.668532, 0.739172], "extended": false, "handId": 93, "id": 932, "length": 55.8507, "mcpPosition": [-7.68011, 273.572, 92.9228], "pipPosition": [2.38576, 242.35, 69.7287], "stabilizedTipPosition": [7.40811, 229.145, 91.6249], "timeVisible": 2.56688, "tipPosition": [3.90664, 225.022, 96.1591], "tipVelocity": [11.8475, -3.77749, 6.74091], "tool": false, "touchDistance": 0.487052, "touchZone": "none", "type": 2, "width": 15.1315}, {"bases": [[[0.934673, -0.354818, -0.0221426], [0.32427, 0.825356, 0.462208], [-0.145724, -0.439193, 0.886495]], [[0.937464, -0.345742, -0.0403085], [0.164855, 0.542993, -0.823396], [0.30657, 0.765259, 0.566033]], [[0.937464, -0.345742, -0.0403085], [-0.284438, -0.694148, -0.661251], [0.200642, 0.631364, -0.749081]], [[0.937464, -0.345742, -0.0403085], [-0.34734, -0.936733, -0.0434308], [-0.0227424, 0.0547156, -0.998243]]], "btipPosition": [-10.0888, 224.412, 108.575], "carpPosition": [-18.0763, 245.11, 143.704], "dipPosition": [-9.73466, 225.264, 93.0293], "direction": [0.200642, -0.631364, 0.749081], "extended": false, "handId": 93, "id": 933, "length": 53.7019, "mcpPosition": [-25.7844, 268.341, 96.8127], "pipPosition": [-14.3675, 239.842, 75.733], "stabilizedTipPosition": [-5.38097, 228.396, 99.9999], "timeVisible": 2.56688, "tipPosition": [-9.12182, 224.458, 103.287], "tipVelocity": [9.63717, -3.64565, 6.5287], "tool": false, "touchDistance": 0.583328, "touchZone": "none", "type": 3, "width": 14.3986}, {"bases": [[[0.845012, -0.534728, 0.00454468], [0.451541, 0.718056, 0.529629], [-0.286471, -0.445491, 0.848217]], [[0.873944, -0.475555, -0.100348], [0.22555, 0.57972, -0.782976], [0.430522, 0.661644, 0.613904]], [[0.873944, -0.475555, -0.100348], [-0.387534, -0.557221, -0.734386], [0.293325, 0.6807, -0.671273]], [[0.873944, -0.475555, -0.100348], [-0.485563, -0.863318, -0.13752], [-0.0212336, 0.16891, -0.985403]]], "btipPosition": [-24.1474, 226.55, 106.81], "carpPosition": [-27.2857, 237.761, 141.335], "dipPosition": [-23.8423, 228.977, 92.6524], "direction": [0.293325, -0.6807, 0.671273], "extended": false, "handId": 93, "id": 934, "length": 42.1013, "mcpPosition": [-41.3127, 259.574, 99.8021], "pipPosition": [-28.6242, 240.074, 81.7089], "stabilizedTipPosition": [-19.6123, 232.162, 99.6029], "timeVisible": 2.56688, "tipPosition": [-23.4552, 227.662, 100.126], "tipVelocity": [6.08595, -5.39396, 5.81525], "tool": false, "touchDistance": 0.559226, "touchZone": "none", "type": 4, "width": 12.7899}], "r": [[0.842382, 0.429985, -0.324816], [-0.492342, 0.859146, -0.139527], [0.21907, 0.277456, 0.935429]], "s": 1.44451, "t": [-155.206, 137.788, 26.5935], "timestamp": 629785458309}, {"currentFrameRate": 55.3338, "devices": [], "gestures": [], "hands": [{"armBasis": [[0.901849, 0.218924, -0.37248], [0.103481, 0.727576, 0.678178], [0.419477, -0.650159, 0.633508]], "armWidth": 51.6853, "confidence": 1, "direction": [-0.0415213, 0.582036, -0.812102], "elbow": [-112.935, 73.6585, 304.989], "grabAngle": 2.82299, "grabStrength": 0, "id": 93, "palmNormal": [0.109418, -0.805266, -0.582731], "palmPosition": [-8.8376, 257.828, 107.974], "palmVelocity": [4.99206, -9.07138, 2.57013], "palmWidth": 76.835, "pinchDistance": 36.2146, "pinchStrength": 0.436414, "r": [[0.842307, 0.429226, -0.326012], [-0.492094, 0.859175, -0.140223], [0.219913, 0.278539, 0.934909]], "s": 1.44462, "sphereCenter": [-15.655, 233.315, 74.7709], "sphereRadius": 40.4328, "stabilizedPalmPosition": [-4.01656, 262.95, 108.004], "t": [155.297, 137.672, 26.6413], "timeVisible": 2.58492, "type": "left", "wrist": [-17.2956, 221.893, 160.551]}], "id": 32986, "interactionBox": {"center": [0, 200, 0], "size": [235.247, 235.247, 147.751]}, "pointables": [{"bases": [[[0.986001, -0.0137243, -0.166174], [0.0895437, 0.884286, 0.45828], [0.140655, -0.466744, 0.873136]], [[0.995495, -0.0650645, -0.0689638], [0.0727373, 0.990662, 0.115318], [0.0608168, -0.119814, 0.990932]], [[0.995495, -0.0650645, -0.0689638], [0.0631713, 0.997573, -0.0292885], [0.0707021, 0.0248001, 0.997189]], [[0.995495, -0.0650645, -0.0689638], [0.0560637, 0.99054, -0.125251], [0.0764608, 0.12082, 0.989725]]], "btipPosition": [15.7731, 276.045, 22.8623], "carpPosition": [2.34384, 244.978, 146.775], "dipPosition": [14.6842, 277.766, 36.9571], "direction": [0.0707021, -0.0248001, -0.997189], "extended": true, "handId": 93, "id": 931, "length": 49.0168, "mcpPosition": [11.082, 273.975, 92.5317], "pipPosition": [13.2598, 278.265, 57.0467], "stabilizedTipPosition": [16.6908, 278.307, 24.1078], "timeVisible": 2.58492, "tipPosition": [16.665, 272.961, 26.5078], "tipVelocity": [6.03644, -6.38736, 3.62499], "tool": false, "touchDistance": 0.319226, "touchZone": "hovering", "type": 1, "width": 15.4068}, {"bases": [[[0.505601, 0.788333, 0.35057], [-0.766535, 0.223963, 0.601885], [0.39597, -0.573038, 0.71752]], [[0.410257, 0.891822, 0.190636], [-0.875492, 0.326617, 0.356138], [0.255347, -0.313008, 0.914781]], [[0.410257, 0.891822, 0.190636], [-0.904886, 0.424081, -0.0365582], [-0.113448, -0.157505, 0.98098]], [[0.410257, 0.891822, 0.190636], [-0.760856, 0.44996, -0.467582], [-0.502779, 0.0467825, 0.863148]]], "btipPosition": [9.02105, 243.951, 61.4211], "carpPosition": [11.2895, 227.193, 144.697], "dipPosition": [18.8288, 244.863, 78.2587], "direction": [-0.113448, 0.157505, -0.98098], "extended": false, "handId": 93, "id": 930, "length": 43.4396, "mcpPosition": [11.2895, 227.193, 144.697], "pipPosition": [22.0529, 240.387, 106.137], "stabilizedTipPosition": [13.0946, 247.79, 62.8422], "timeVisible": 2.58492, "tipPosition": [12.936, 244.499, 65.0355], "tipVelocity": [6.54525, -12.0987, 2.61694], "tool": false, "touchDistance": 0.334272, "touchZone": "hovering", "type": 0, "width": 16.1294}, {"bases": [[[0.96613, -0.227204, -0.122356], [0.258016, 0.858773, 0.442647], [0.00450539, -0.459224, 0.888309]], [[0.965987, -0.237481, -0.102333], [0.0575153, 0.583135, -0.810337], [0.252114, 0.776889, 0.576959]], [[0.965987, -0.237481, -0.102333], [-0.244048, -0.706391, -0.664419], [0.0854998, 0.666794, -0.740321]], [[0.965987, -0.237481, -0.102333], [-0.244002, -0.968121, -0.0566027], [-0.0856291, 0.079647, -0.993138]]], "btipPosition": [3.22274, 225.131, 102.879], "carpPosition": [-7.85681, 246.34, 145.29], "dipPosition": [4.56398, 226.379, 87.3233], "direction": [0.0854998, -0.666794, 0.740321], "extended": false, "handId": 93, "id": 932, "length": 55.8507, "mcpPosition": [-7.59138, 273.395, 92.9559], "pipPosition": [2.53745, 242.183, 69.7762], "stabilizedTipPosition": [7.38966, 229.127, 91.6614], "timeVisible": 2.58492, "tipPosition": [4.06648, 224.873, 96.2826], "tipVelocity": [14.7973, -6.2371, 4.33467], "tool": false, "touchDistance": 0.488356, "touchZone": "none", "type": 2, "width": 15.1315}, {"bases": [[[0.934045, -0.356393, -0.0233188], [0.326395, 0.825269, 0.460865], [-0.145005, -0.43808, 0.887164]], [[0.936388, -0.34885, -0.0384856], [0.16775, 0.541181, -0.824004], [0.308282, 0.765132, 0.565275]], [[0.936388, -0.34885, -0.0384856], [-0.285965, -0.694789, -0.659918], [0.203473, 0.628945, -0.750351]], [[0.936388, -0.34885, -0.0384856], [-0.350324, -0.935669, -0.0423784], [-0.0212261, 0.0531651, -0.99836]]], "btipPosition": [-9.84499, 224.294, 108.643], "carpPosition": [-18.0232, 244.966, 143.748], "dipPosition": [-9.51443, 225.122, 93.0956], "direction": [0.203473, -0.628945, 0.750351], "extended": false, "handId": 93, "id": 933, "length": 53.7019, "mcpPosition": [-25.6933, 268.138, 96.8214], "pipPosition": [-14.2126, 239.644, 75.77], "stabilizedTipPosition": [-5.3962, 228.382, 100.017], "timeVisible": 2.58492, "tipPosition": [-8.97373, 224.291, 103.378], "tipVelocity": [13.21, -6.84142, 3.75108], "tool": false, "touchDistance": 0.584456, "touchZone": "none", "type": 3, "width": 14.3986}, {"bases": [[[0.844129, -0.536127, 0.00369179], [0.453598, 0.717824, 0.528184], [-0.285824, -0.444181, 0.849122]], [[0.872991, -0.477096, -0.10132], [0.22528, 0.578678, -0.783824], [0.432591, 0.661446, 0.612662]], [[0.872991, -0.477096, -0.10132], [-0.389825, -0.557671, -0.73283], [0.293127, 0.679251, -0.672826]], [[0.872991, -0.477096, -0.10132], [-0.487209, -0.86268, -0.135689], [-0.0226704, 0.16782, -0.985557]]], "btipPosition": [-24.0094, 226.37, 106.866], "carpPosition": [-27.2166, 237.599, 141.371], "dipPosition": [-23.6837, 228.781, 92.7063], "direction": [0.293127, -0.679251, 0.672826], "extended": false, "handId": 93, "id": 934, "length": 42.1013, "mcpPosition": [-41.2118, 259.349, 99.7941], "pipPosition": [-28.4624, 239.854, 81.7376], "stabilizedTipPosition": [-19.6253, 232.147, 99.6149], "timeVisible": 2.58492, "tipPosition": [-23.3024, 227.466, 100.181], "tipVelocity": [7.90721, -10.1948, 3.08228], "tool": false, "touchDistance": 0.560153, "touchZone": "none", "type": 4, "width": 12.7899}], "r": [[0.842307, 0.429226, -0.326012], [-0.492094, 0.859175, -0.140223], [0.219913, 0.278539, 0.934909]], "s": 1.44462, "t": [-155.297, 137.672, 26.6413], "timestamp": 629785476357}, {"currentFrameRate": 55.3111, "devices": [], "gestures": [], "hands": [{"armBasis": [[0.901909, 0.220107, -0.371635], [0.101534, 0.728262, 0.677735], [0.419822, -0.648989, 0.634478]], "armWidth": 51.6853, "confidence": 1, "direction": [-0.0403716, 0.581564, -0.812498], "elbow": [-112.993, 73.8295, 305.226], "grabAngle": 2.82246, "grabStrength": 0, "id": 93, "palmNormal": [0.107316, -0.805934, -0.582198], "palmPosition": [-8.75693, 257.676, 107.961], "palmVelocity": [4.44233, -8.35753, -0.744764], "palmWidth": 76.835, "pinchDistance": 36.2993, "pinchStrength": 0.437491, "r": [[0.842061, 0.428975, -0.326977], [-0.492299, 0.858942, -0.14093], [0.220399, 0.279642, 0.934465]], "s": 1.44466, "sphereCenter": [-15.5465, 233.207, 74.8006], "sphereRadius": 40.3752, "stabilizedPalmPosition": [-4.04827, 262.915, 108.004], "t": [155.382, 137.538, 26.6584], "timeVisible": 2.60308, "type": "left", "wrist": [-17.275, 221.797, 160.567]}], "id": 32987, "interactionBox": {"center": [0, 200, 0], "size": [235.247, 235.247, 147.751]}, "pointables": [{"bases": [[[0.986081, -0.0114813, -0.16587], [0.0872902, 0.884819, 0.457685], [0.14151, -0.465793, 0.873505]], [[0.995688, -0.06302, -0.0680655], [0.0706269, 0.990753, 0.115846], [0.0601355, -0.120154, 0.990932]], [[0.995688, -0.06302, -0.0680655], [0.0611717, 0.997709, -0.0289079], [0.0697313, 0.0246196, 0.997262]], [[0.995688, -0.06302, -0.0680655], [0.054189, 0.990727, -0.12459], [0.0752861, 0.120365, 0.989871]]], "btipPosition": [15.827, 275.857, 22.828], "carpPosition": [2.40535, 244.827, 146.767], "dipPosition": [14.7549, 277.571, 36.9248], "direction": [0.0697313, -0.0246196, -0.997262], "extended": true, "handId": 93, "id": 931, "length": 49.0168, "mcpPosition": [11.1966, 273.764, 92.5009], "pipPosition": [13.3501, 278.067, 57.0159], "stabilizedTipPosition": [16.6786, 278.285, 24.1293], "timeVisible": 2.60308, "tipPosition": [16.7504, 272.712, 26.4737], "tipVelocity": [3.18232, -10.4375, -1.86527], "tool": false, "touchDistance": 0.318661, "touchZone": "hovering", "type": 1, "width": 15.4068}, {"bases": [[[0.503608, 0.789786, 0.350167], [-0.767249, 0.22255, 0.601499], [0.397126, -0.571585, 0.71804]], [[0.407891, 0.893073, 0.189859], [-0.876943, 0.32532, 0.353748], [0.254158, -0.310786, 0.915869]], [[0.407891, 0.893073, 0.189859], [-0.90588, 0.421824, -0.0380269], [-0.114048, -0.156478, 0.981075]], [[0.407891, 0.893073, 0.189859], [-0.763404, 0.447657, -0.465637], [-0.50084, 0.0449902, 0.86437]]], "btipPosition": [9.01002, 243.689, 61.3507], "carpPosition": [11.3078, 227.019, 144.699], "dipPosition": [18.78, 244.566, 78.2121], "direction": [-0.114048, 0.156478, -0.981075], "extended": false, "handId": 93, "id": 930, "length": 43.4396, "mcpPosition": [11.3078, 227.019, 144.699], "pipPosition": [22.0211, 240.119, 106.093], "stabilizedTipPosition": [13.077, 247.752, 62.8651], "timeVisible": 2.60308, "tipPosition": [12.9619, 244.263, 65.026], "tipVelocity": [-1.08653, -14.8702, -3.57635], "tool": false, "touchDistance": 0.33319, "touchZone": "hovering", "type": 0, "width": 16.1294}, {"bases": [[[0.966708, -0.224977, -0.121909], [0.255828, 0.859699, 0.44212], [0.00533823, -0.458589, 0.888633]], [[0.966531, -0.236555, -0.0992938], [0.0594009, 0.582867, -0.810394], [0.249578, 0.777372, 0.577411]], [[0.966531, -0.236555, -0.0992938], [-0.241416, -0.707672, -0.664018], [0.0868091, 0.665765, -0.741095]], [[0.966531, -0.236555, -0.0992938], [-0.242833, -0.968414, -0.0566309], [-0.0827612, 0.0788474, -0.993445]]], "btipPosition": [3.3102, 224.984, 102.859], "carpPosition": [-7.79246, 246.213, 145.284], "dipPosition": [4.60652, 226.219, 87.2987], "direction": [0.0868091, -0.665765, 0.741095], "extended": false, "handId": 93, "id": 932, "length": 55.8507, "mcpPosition": [-7.47797, 273.23, 92.9311], "pipPosition": [2.54896, 241.999, 69.7332], "stabilizedTipPosition": [7.36775, 229.105, 91.7056], "timeVisible": 2.60308, "tipPosition": [4.06205, 224.685, 96.3061], "tipVelocity": [4.24774, -8.29894, -1.15213], "tool": false, "touchDistance": 0.488008, "touchZone": "none", "type": 2, "width": 15.1315}, {"bases": [[[0.934902, -0.354173, -0.0227905], [0.324281, 0.826371, 0.460383], [-0.144222, -0.437804, 0.887428]], [[0.936898, -0.347779, -0.0356727], [0.169306, 0.540625, -0.824051], [0.305873, 0.766012, 0.565391]], [[0.936898, -0.347779, -0.0356727], [-0.283592, -0.696356, -0.65929], [0.204447, 0.627804, -0.751042]], [[0.936898, -0.347779, -0.0356727], [-0.349101, -0.936139, -0.0421091], [-0.0187499, 0.0519053, -0.998476]]], "btipPosition": [-9.77159, 224.188, 108.641], "carpPosition": [-17.9626, 244.861, 143.746], "dipPosition": [-9.47959, 224.996, 93.0914], "direction": [0.204447, -0.627804, 0.751042], "extended": false, "handId": 93, "id": 933, "length": 53.7019, "mcpPosition": [-25.5913, 268.019, 96.8056], "pipPosition": [-14.2002, 239.492, 75.7499], "stabilizedTipPosition": [-5.41584, 228.364, 100.04], "timeVisible": 2.60308, "tipPosition": [-8.97845, 224.138, 103.396], "tipVelocity": [3.5542, -6.09069, -0.151233], "tool": false, "touchDistance": 0.58441, "touchZone": "none", "type": 3, "width": 14.3986}, {"bases": [[[0.845408, -0.534103, 0.0043196], [0.45172, 0.719277, 0.527815], [-0.285015, -0.444268, 0.849348]], [[0.874171, -0.475046, -0.100775], [0.224291, 0.579021, -0.783855], [0.430719, 0.66262, 0.612712]], [[0.874171, -0.475046, -0.100775], [-0.388502, -0.559619, -0.732047], [0.29136, 0.679086, -0.673759]], [[0.874171, -0.475046, -0.100775], [-0.485074, -0.864003, -0.134914], [-0.0229798, 0.166822, -0.985719]]], "btipPosition": [-24.0159, 226.272, 106.877], "carpPosition": [-27.1743, 237.515, 141.377], "dipPosition": [-23.6857, 228.669, 92.7151], "direction": [0.29136, -0.679086, 0.673759], "extended": false, "handId": 93, "id": 934, "length": 42.1013, "mcpPosition": [-41.1299, 259.268, 99.7892], "pipPosition": [-28.4356, 239.74, 81.7311], "stabilizedTipPosition": [-19.6425, 232.125, 99.6309], "timeVisible": 2.60308, "tipPosition": [-23.2976, 227.342, 100.198], "tipVelocity": [-0.301034, -5.55653, 0.582764], "tool": false, "touchDistance": 0.560329, "touchZone": "none", "type": 4, "width": 12.7899}], "r": [[0.842061, 0.428975, -0.326977], [-0.492299, 0.858942, -0.14093], [0.220399, 0.279642, 0.934465]], "s": 1.44466, "t": [-155.382, 137.538, 26.6584], "timestamp": 629785494515}, {"currentFrameRate": 55.3242, "devices": [], "gestures": [], "hands": [{"armBasis": [[0.901924, 0.219935, -0.371701], [0.101394, 0.72875, 0.677232], [0.419824, -0.6485, 0.634977]], "armWidth": 51.6853, "confidence": 1, "direction": [-0.0401779, 0.579605, -0.813906], "elbow": [-112.969, 73.9308, 305.404], "grabAngle": 2.82147, "grabStrength": 0, "id": 93, "palmNormal": [0.107244, -0.807357, -0.580235], "palmPosition": [-8.72112, 257.548, 107.948], "palmVelocity": [1.98623, -7.09937, -0.715039], "palmWidth": 76.835, "pinchDistance": 36.4528, "pinchStrength": 0.439325, "r": [[0.84184, 0.428644, -0.327976], [-0.492496, 0.858669, -0.141899], [0.220799, 0.280983, 0.933968]], "s": 1.44463, "sphereCenter": [-15.4279, 233.047, 74.8628], "sphereRadius": 40.3271, "stabilizedPalmPosition": [-4.08179, 262.876, 108.003], "t": [155.443, 137.407, 26.6606], "timeVisible": 2.62111, "type": "left", "wrist": [-17.2499, 221.787, 160.631]}], "id": 32988, "interactionBox": {"center": [0, 200, 0], "size": [235.247, 235.247, 147.751]}, "pointables": [{"bases": [[[0.986064, -0.0117123, -0.165956], [0.0871901, 0.885938, 0.455535], [0.141691, -0.463656, 0.874612]], [[0.99571, -0.0632787, -0.0675141], [0.0707826, 0.99081, 0.115261], [0.0596001, -0.119546, 0.991038]], [[0.99571, -0.0632787, -0.0675141], [0.0614066, 0.997678, -0.0294548], [0.0692212, 0.0251827, 0.997283]], [[0.99571, -0.0632787, -0.0675141], [0.054458, 0.990621, -0.125319], [0.0748109, 0.121105, 0.989817]]], "btipPosition": [15.8312, 275.644, 22.7751], "carpPosition": [2.43448, 244.791, 146.786], "dipPosition": [14.7658, 277.369, 36.8711], "direction": [0.0692212, -0.0251827, -0.997283], "extended": true, "handId": 93, "id": 931, "length": 49.0168, "mcpPosition": [11.237, 273.595, 92.4514], "pipPosition": [13.3712, 277.876, 56.9627], "stabilizedTipPosition": [16.6667, 278.26, 24.15], "timeVisible": 2.62111, "tipPosition": [16.788, 272.414, 26.4242], "tipVelocity": [0.316241, -11.6525, -2.94337], "tool": false, "touchDistance": 0.317777, "touchZone": "hovering", "type": 1, "width": 15.4068}, {"bases": [[[0.503512, 0.790717, 0.348199], [-0.767218, 0.223872, 0.601048], [0.397307, -0.569779, 0.719374]], [[0.407624, 0.893705, 0.187441], [-0.877403, 0.326455, 0.351556], [0.252996, -0.307764, 0.91721]], [[0.407624, 0.893705, 0.187441], [-0.90587, 0.421631, -0.0403299], [-0.115074, -0.153358, 0.981448]], [[0.407624, 0.893705, 0.187441], [-0.764411, 0.446249, -0.465336], [-0.499519, 0.0464, 0.86506]]], "btipPosition": [8.98392, 243.402, 61.3336], "carpPosition": [11.3341, 226.976, 144.763], "dipPosition": [18.7281, 244.308, 78.2084], "direction": [-0.115074, 0.153358, -0.981448], "extended": false, "handId": 93, "id": 930, "length": 43.4396, "mcpPosition": [11.3341, 226.976, 144.763], "pipPosition": [21.9984, 239.949, 106.1], "stabilizedTipPosition": [13.0576, 247.709, 62.8896], "timeVisible": 2.62111, "tipPosition": [12.9895, 244.025, 65.0492], "tipVelocity": [-1.77646, -15.5177, -0.77998], "tool": false, "touchDistance": 0.332956, "touchZone": "hovering", "type": 0, "width": 16.1294}, {"bases": [[[0.966732, -0.225104, -0.121476], [0.25573, 0.860809, 0.440011], [0.00551945, -0.456438, 0.889738]], [[0.966518, -0.237575, -0.0969555], [0.0615398, 0.58144, -0.811259], [0.249108, 0.77813, 0.576592]], [[0.966518, -0.237575, -0.0969555], [-0.240784, -0.709123, -0.662698], [0.0886869, 0.663855, -0.742584]], [[0.966518, -0.237575, -0.0969555], [-0.243567, -0.968303, -0.0553625], [-0.0807295, 0.077124, -0.993748]]], "btipPosition": [3.40791, 224.861, 102.882], "carpPosition": [-7.76292, 246.175, 145.299], "dipPosition": [4.6724, 226.069, 87.3166], "direction": [0.0886869, -0.663855, 0.742584], "extended": false, "handId": 93, "id": 932, "length": 55.8507, "mcpPosition": [-7.43774, 273.065, 92.8808], "pipPosition": [2.57034, 241.804, 69.7158], "stabilizedTipPosition": [7.34359, 229.079, 91.7556], "timeVisible": 2.62111, "tipPosition": [4.09147, 224.53, 96.3896], "tipVelocity": [5.01307, -7.15357, 1.19394], "tool": false, "touchDistance": 0.488366, "touchZone": "none", "type": 2, "width": 15.1315}, {"bases": [[[0.934961, -0.354066, -0.0220419], [0.324191, 0.827538, 0.458347], [-0.144044, -0.435682, 0.8885]], [[0.936757, -0.348362, -0.0336105], [0.170815, 0.538911, -0.824862], [0.305464, 0.766954, 0.564334]], [[0.936757, -0.348362, -0.0336105], [-0.283185, -0.698039, -0.657684], [0.205651, 0.625608, -0.752544]], [[0.936757, -0.348362, -0.0336105], [-0.349551, -0.936038, -0.0405765], [-0.0173253, 0.0497589, -0.998611]]], "btipPosition": [-9.69797, 224.085, 108.677], "carpPosition": [-17.9331, 244.822, 143.763], "dipPosition": [-9.42816, 224.86, 93.1257], "direction": [0.205651, -0.625608, 0.752544], "extended": false, "handId": 93, "id": 933, "length": 53.7019, "mcpPosition": [-25.5524, 267.867, 96.7658], "pipPosition": [-14.1766, 239.305, 75.7495], "stabilizedTipPosition": [-5.43773, 228.342, 100.067], "timeVisible": 2.62111, "tipPosition": [-8.95042, 224, 103.47], "tipVelocity": [3.80005, -6.14186, 1.98877], "tool": false, "touchDistance": 0.585008, "touchZone": "none", "type": 3, "width": 14.3986}, {"bases": [[[0.845501, -0.533945, 0.00551333], [0.451657, 0.720629, 0.526023], [-0.28484, -0.442263, 0.850453]], [[0.874258, -0.47509, -0.0998072], [0.224358, 0.57773, -0.784788], [0.430507, 0.663715, 0.611675]], [[0.874258, -0.47509, -0.0998072], [-0.388542, -0.561512, -0.730575], [0.291046, 0.67749, -0.675499]], [[0.874258, -0.47509, -0.0998072], [-0.484913, -0.864384, -0.133041], [-0.023065, 0.16471, -0.986072]]], "btipPosition": [-23.9914, 226.154, 106.921], "carpPosition": [-27.1458, 237.471, 141.411], "dipPosition": [-23.6601, 228.52, 92.7535], "direction": [0.291046, -0.67749, 0.675499], "extended": false, "handId": 93, "id": 934, "length": 42.1013, "mcpPosition": [-41.0929, 259.126, 99.7687], "pipPosition": [-28.4048, 239.565, 81.7412], "stabilizedTipPosition": [-19.6619, 232.101, 99.6492], "timeVisible": 2.62111, "tipPosition": [-23.267, 227.198, 100.262], "tipVelocity": [1.37079, -6.93714, 2.35029], "tool": false, "touchDistance": 0.561035, "touchZone": "none", "type": 4, "width": 12.7899}], "r": [[0.84184, 0.428644, -0.327976], [-0.492496, 0.858669, -0.141899], [0.220799, 0.280983, 0.933968]], "s": 1.44463, "t": [-155.443, 137.407, 26.6606], "timestamp": 629785512545}, {"currentFrameRate": 55.3322, "devices": [], "gestures": [], "hands": [{"armBasis": [[0.90195, 0.220114, -0.371533], [0.10073, 0.729378, 0.676654], [0.419929, -0.647732, 0.635691]], "armWidth": 51.6853, "confidence": 1, "direction": [-0.0390862, 0.57994, -0.813721], "elbow": [-113.021, 74.0248, 305.534], "grabAngle": 2.82053, "grabStrength": 0, "id": 93, "palmNormal": [0.10638, -0.8073, -0.580474], "palmPosition": [-8.69179, 257.468, 107.924], "palmVelocity": [1.62545, -4.45784, -1.33923], "palmWidth": 76.835, "pinchDistance": 36.6851, "pinchStrength": 0.440286, "r": [[0.841524, 0.428628, -0.32881], [-0.492896, 0.858327, -0.142576], [0.221114, 0.28205, 0.933572]], "s": 1.44476, "sphereCenter": [-15.3741, 233.039, 74.8398], "sphereRadius": 40.3052, "stabilizedPalmPosition": [-4.11502, 262.837, 108.003], "t": [155.488, 137.301, 26.6496], "timeVisible": 2.63916, "type": "left", "wrist": [-17.2787, 221.706, 160.599]}], "id": 32989, "interactionBox": {"center": [0, 200, 0], "size": [235.247, 235.247, 147.751]}, "pointables": [{"bases": [[[0.986015, -0.0103282, -0.166337], [0.0861728, 0.885897, 0.455808], [0.14265, -0.463768, 0.874397]], [[0.995792, -0.0622734, -0.0672266], [0.0699422, 0.990487, 0.118509], [0.0592071, -0.122712, 0.990675]], [[0.995792, -0.0622734, -0.0672266], [0.060684, 0.997833, -0.0254338], [0.0686648, 0.0212472, 0.997414]], [[0.995792, -0.0622734, -0.0672266], [0.053789, 0.991148, -0.121373], [0.0741899, 0.117247, 0.990328]]], "btipPosition": [15.8539, 275.79, 22.7673], "carpPosition": [2.43175, 244.682, 146.762], "dipPosition": [14.7974, 277.46, 36.8706], "direction": [0.0686648, -0.0212472, -0.997414], "extended": true, "handId": 93, "id": 931, "length": 49.0168, "mcpPosition": [11.2938, 273.494, 92.4405], "pipPosition": [13.414, 277.888, 56.9648], "stabilizedTipPosition": [16.6549, 278.237, 24.1708], "timeVisible": 2.63916, "tipPosition": [16.8498, 272.385, 26.4089], "tipVelocity": [1.37144, 7.37237, -0.341824], "tool": false, "touchDistance": 0.317674, "touchZone": "hovering", "type": 1, "width": 15.4068}, {"bases": [[[0.502581, 0.791273, 0.34828], [-0.767288, 0.2226