{"frames": 66, "data": [{"currentFrameRate": 55.3251, "devices": [], "gestures": [], "hands": [{"armBasis": [[0.56934, 0.578492, -0.584123], [0.682397, 0.0636896, 0.728202], [0.458461, -0.813198, -0.3585]], "armWidth": 55.2759, "confidence": 1, "direction": [0.431771, 0.500721, -0.750235], "elbow": [-248.042, -42.3419, 67.9393], "grabAngle": 3.14159, "grabStrength": 1, "id": 100, "palmNormal": [0.566713, -0.797685, -0.206239], "palmPosition": [-103.61, 185.651, 115.607], "palmVelocity": [20.2878, 301.209, -200.247], "palmWidth": 78.8548, "pinchDistance": 25.3706, "pinchStrength": 0.139236, "r": [[0.694642, 0.0793433, -0.714966], [-0.0620839, 0.996803, 0.0503009], [0.716671, 0.00944671, 0.697347]], "s": 1.41982, "sphereCenter": [-72.5014, 173.369, 106.385], "sphereRadius": 34.3201, "stabilizedPalmPosition": [-102.451, 173.315, 123.937], "t": [41.8555, 59.4354, 41.2331], "timeVisible": 7.95377, "type": "left", "wrist": [-140.767, 147.939, 151.825]}], "id": 36884, "interactionBox": {"center": [0, 200, 0], "size": [235.247, 235.247, 147.751]}, "pointables": [{"bases": [[[0.705001, 0.675924, -0.214708], [-0.142792, 0.431829, 0.890581], [0.694682, -0.597202, 0.400957]], [[0.45462, 0.82788, -0.328535], [-0.112972, 0.419474, 0.90071], [0.883492, -0.372366, 0.284229]], [[0.45462, 0.82788, -0.328535], [-0.211339, 0.458587, 0.863153], [0.865249, -0.322974, 0.383446]], [[0.45462, 0.82788, -0.328535], [-0.155255, 0.436866, 0.886027], [0.87705, -0.351799, 0.32714]]], "btipPosition": [-29.7149, 194.326, 133.753], "carpPosition": [-109.213, 162.338, 163.154], "dipPosition": [-46.6511, 187.532, 140.071], "direction": [0.865249, 0.322974, -0.383446], "extended": true, "handId": 100, "id": 1000, "length": 43.0013, "mcpPosition": [-109.213, 162.338, 163.154], "pipPosition": [-70.9925, 178.446, 150.858], "stabilizedTipPosition": [-33.129, 181.168, 141.785], "timeVisible": 7.95377, "tipPosition": [-34.3135, 186.495, 129.483], "tipVelocity": [36.6058, 245.102, -173.123], "tool": false, "touchDistance": 1, "touchZone": "none", "type": 0, "width": 17.574}, {"bases": [[[0.619262, -0.247276, -0.745231], [0.479826, 0.870454, 0.109893], [0.621515, -0.425634, 0.657689]], [[0.721566, -0.32026, -0.613821], [-0.457953, 0.444149, -0.770072], [0.519251, 0.836759, 0.173819]], [[0.721566, -0.32026, -0.613821], [-0.581606, -0.761365, -0.286456], [-0.375602, 0.563699, -0.73564]], [[0.721566, -0.32026, -0.613821], [-0.199022, -0.945109, 0.259151], [-0.663124, -0.0648305, -0.745697]]], "btipPosition": [-78.5226, 165.297, 132.389], "carpPosition": [-119.717, 178.149, 155.3], "dipPosition": [-69.1743, 164.383, 121.877], "direction": [-0.375602, -0.563699, 0.73564], "extended": false, "handId": 100, "id": 1001, "length": 48.5221, "mcpPosition": [-80.0902, 205.286, 113.368], "pipPosition": [-61.6836, 175.625, 107.206], "stabilizedTipPosition": [-73.5133, 153.098, 137.503], "timeVisible": 7.95377, "tipPosition": [-75.5825, 164.611, 128.08], "tipVelocity": [2.42573, 260.553, -183.652], "tool": false, "touchDistance": 0.999524, "touchZone": "none", "type": 1, "width": 16.7867}, {"bases": [[[0.606605, -0.447251, -0.657265], [0.591141, 0.806562, -0.00326645], [0.531585, -0.386554, 0.753653]], [[0.637389, -0.469626, -0.61089], [-0.451201, 0.415194, -0.789957], [0.624622, 0.779144, 0.052745]], [[0.637389, -0.469626, -0.61089], [-0.673012, -0.725364, -0.144577], [-0.37522, 0.503288, -0.778403]], [[0.637389, -0.469626, -0.61089], [-0.23334, -0.87322, 0.427832], [-0.734362, -0.130151, -0.666163]]], "btipPosition": [-89.8519, 159.635, 128.187], "carpPosition": [-126.644, 177.04, 147.26], "dipPosition": [-78.4654, 157.617, 117.858], "direction": [-0.37522, -0.503288, 0.778403], "extended": false, "handId": 100, "id": 1002, "length": 55.2871, "mcpPosition": [-94.503, 200.412, 101.692], "pipPosition": [-69.6616, 169.425, 99.594], "stabilizedTipPosition": [-84.9674, 150.808, 129.718], "timeVisible": 7.95377, "tipPosition": [-87.334, 158.114, 124.383], "tipVelocity": [-42.37, 293.438, -152.264], "tool": false, "touchDistance": 0.930183, "touchZone": "none", "type": 2, "width": 16.4868}, {"bases": [[[0.63192, -0.558782, -0.537066], [0.649614, 0.759813, -0.0261902], [0.422704, -0.332335, 0.843134]], [[0.65613, -0.577705, -0.485542], [-0.337137, 0.35123, -0.873485], [0.675153, 0.736814, 0.0356871]], [[0.65613, -0.577705, -0.485542], [-0.71008, -0.690457, -0.138041], [-0.255498, 0.435347, -0.863246]], [[0.65613, -0.577705, -0.485542], [-0.352516, -0.803521, 0.479673], [-0.667252, -0.143567, -0.730865]]], "btipPosition": [-101.444, 156.347, 123.671], "carpPosition": [-133.154, 173.206, 139.758], "dipPosition": [-91.1576, 154.133, 112.404], "direction": [-0.255498, -0.435347, 0.863246], "extended": false, "handId": 100, "id": 1003, "length": 53.16, "mcpPosition": [-110.207, 191.247, 93.988], "pipPosition": [-85.3177, 164.084, 92.6724], "stabilizedTipPosition": [-97.1216, 149.078, 123.727], "timeVisible": 7.95377, "tipPosition": [-99.4165, 154.417, 119.775], "tipVelocity": [-56.8314, 314.159, -143.321], "tool": false, "touchDistance": 0.851321, "touchZone": "none", "type": 3, "width": 15.6882}, {"bases": [[[0.560517, -0.711301, -0.424113], [0.774768, 0.631286, -0.0348122], [0.292499, -0.309076, 0.90494]], [[0.607454, -0.758527, -0.235875], [-0.120067, 0.205852, -0.971189], [0.785228, 0.618274, 0.0339721]], [[0.607454, -0.758527, -0.235875], [-0.794178, -0.573666, -0.20047], [0.0167486, 0.309103, -0.950881]], [[0.607454, -0.758527, -0.235875], [-0.614802, -0.636973, 0.465064], [-0.50301, -0.137489, -0.853275]]], "btipPosition": [-106.862, 158.023, 114.489], "carpPosition": [-137.586, 163.562, 133.474], "dipPosition": [-99.7077, 156.067, 102.353], "direction": [0.0167486, -0.309103, 0.950881], "extended": false, "handId": 100, "id": 1004, "length": 41.6764, "mcpPosition": [-122.887, 179.094, 87.9991], "pipPosition": [-99.978, 161.056, 87.0079], "stabilizedTipPosition": [-104.427, 154.181, 113.006], "timeVisible": 7.95377, "tipPosition": [-105.855, 154.969, 110.047], "tipVelocity": [-57.3641, 305.434, -144.752], "tool": false, "touchDistance": 0.694958, "touchZone": "none", "type": 4, "width": 13.9355}], "r": [[0.694642, 0.0793433, -0.714966], [-0.0620839, 0.996803, 0.0503009], [0.716671, 0.00944671, 0.697347]], "s": 1.41982, "t": [-41.8555, 59.4354, 41.2331], "timestamp": 629863477406}, {"currentFrameRate": 55.3277, "devices": [], "gestures": [], "hands": [{"armBasis": [[0.573791, 0.55995, -0.597679], [0.673964, 0.0918075, 0.733038], [0.465336, -0.823424, -0.324708]], "armWidth": 55.2759, "confidence": 1, "direction": [0.446562, 0.467666, -0.762805], "elbow": [-250.412, -35.8515, 72.912], "grabAngle": 3.14159, "grabStrength": 1, "id": 100, "palmNormal": [0.536184, -0.822372, -0.190292], "palmPosition": [-103.483, 192.504, 111.563], "palmVelocity": [7.0151, 379.343, -223.873], "palmWidth": 78.8548, "pinchDistance": 26.4814, "pinchStrength": 0.144436, "r": [[0.69211, 0.0816367, -0.717161], [-0.08863, 0.995676, 0.0278069], [0.71633, 0.0443165, 0.696353]], "s": 1.42279, "sphereCenter": [-72.5174, 179.103, 102.752], "sphereRadius": 34.484, "stabilizedPalmPosition": [-102.865, 181.024, 118.966], "t": [42.031, 65.0698, 37.6942], "timeVisible": 7.97183, "type": "left", "wrist": [-141.527, 156.822, 148.89]}], "id": 36885, "interactionBox": {"center": [0, 200, 0], "size": [235.247, 235.247, 147.751]}, "pointables": [{"bases": [[[0.680677, 0.696421, -0.227325], [-0.16241, 0.446037, 0.880156], [0.714355, -0.562182, 0.416713]], [[0.429044, 0.835184, -0.344078], [-0.123684, 0.43165, 0.893521], [0.894776, -0.340803, 0.288496]], [[0.429044, 0.835184, -0.344078], [-0.217692, 0.465296, 0.857969], [0.876659, -0.293203, 0.381445]], [[0.429044, 0.835184, -0.344078], [-0.163305, 0.446361, 0.879826], [0.888399, -0.321294, 0.327898]]], "btipPosition": [-29.2035, 199.674, 130.097], "carpPosition": [-109.729, 170.478, 159.64], "dipPosition": [-46.3588, 193.47, 136.429], "direction": [0.876659, 0.293203, -0.381445], "extended": true, "handId": 100, "id": 1000, "length": 43.0013, "mcpPosition": [-109.729, 170.478, 159.64], "pipPosition": [-71.0212, 185.221, 147.16], "stabilizedTipPosition": [-33.1348, 186.055, 138.857], "timeVisible": 7.97183, "tipPosition": [-34.0728, 191.611, 125.62], "tipVelocity": [25.5212, 303.558, -202.222], "tool": false, "touchDistance": 1, "touchZone": "none", "type": 0, "width": 17.574}, {"bases": [[[0.631155, -0.240904, -0.737298], [0.447108, 0.889733, 0.0920308], [0.633828, -0.387738, 0.66927]], [[0.73861, -0.309204, -0.599039], [-0.449121, 0.436982, -0.779318], [0.502738, 0.844653, 0.18389]], [[0.73861, -0.309204, -0.599039], [-0.563741, -0.770573, -0.297344], [-0.369663, 0.557325, -0.743464]], [[0.73861, -0.309204, -0.599039], [-0.185206, -0.947487, 0.260704], [-0.648192, -0.081613, -0.75709]]], "btipPosition": [-77.9582, 171.301, 127.781], "carpPosition": [-119.681, 186.485, 151.471], "dipPosition": [-68.8204, 170.15, 117.108], "direction": [-0.369663, -0.557325, 0.743464], "extended": false, "handId": 100, "id": 1001, "length": 48.5221, "mcpPosition": [-79.2694, 211.207, 108.8], "pipPosition": [-61.4482, 181.265, 102.282], "stabilizedTipPosition": [-74.2785, 158.955, 133.527], "timeVisible": 7.97183, "tipPosition": [-76.1611, 170.759, 124.49], "tipVelocity": [28.558, 329.36, -257.116], "tool": false, "touchDistance": 0.922111, "touchZone": "none", "type": 1, "width": 16.7867}, {"bases": [[[0.625454, -0.439199, -0.644912], [0.561183, 0.827468, -0.0192718], [0.542108, -0.34986, 0.764013]], [[0.656835, -0.459387, -0.597939], [-0.46267, 0.380618, -0.800666], [0.595402, 0.802554, 0.0374589]], [[0.656835, -0.459387, -0.597939], [-0.643451, -0.754904, -0.126849], [-0.393113, 0.468063, -0.791441]], [[0.656835, -0.459387, -0.597939], [-0.195001, -0.869499, 0.453814], [-0.728383, -0.181482, -0.660699]]], "btipPosition": [-90.7401, 166.521, 124.612], "carpPosition": [-126.68, 185.453, 143.482], "dipPosition": [-79.4463, 163.707, 114.367], "direction": [-0.393113, -0.468063, 0.791441], "extended": false, "handId": 100, "id": 1002, "length": 55.2871, "mcpPosition": [-93.902, 206.606, 97.2876], "pipPosition": [-70.2227, 174.689, 95.7978], "stabilizedTipPosition": [-86.6964, 159.012, 125.654], "timeVisible": 7.97183, "tipPosition": [-88.1889, 164.609, 120.917], "tipVelocity": [-50.3478, 371.027, -196.819], "tool": false, "touchDistance": 0.870924, "touchZone": "none", "type": 2, "width": 16.4868}, {"bases": [[[0.654317, -0.547016, -0.522152], [0.62143, 0.7824, -0.0409338], [0.430923, -0.297697, 0.851869]], [[0.678979, -0.563883, -0.470131], [-0.345975, 0.319043, -0.882334], [0.647525, 0.76174, 0.021534]], [[0.678979, -0.563883, -0.470131], [-0.681063, -0.722886, -0.116572], [-0.274118, 0.399339, -0.874864]], [[0.678979, -0.563883, -0.470131], [-0.31554, -0.802345, 0.506633], [-0.662889, -0.195648, -0.722703]]], "btipPosition": [-102.579, 163.662, 120.191], "carpPosition": [-133.358, 181.694, 136.092], "dipPosition": [-92.3597, 160.646, 109.05], "direction": [-0.274118, -0.399339, 0.874864], "extended": false, "handId": 100, "id": 1003, "length": 53.16, "mcpPosition": [-109.965, 197.855, 89.8471], "pipPosition": [-86.0942, 169.773, 89.0533], "stabilizedTipPosition": [-99.1832, 158.295, 119.68], "timeVisible": 7.97183, "tipPosition": [-100.415, 161.278, 116.445], "tipVelocity": [-63.6716, 394.714, -191.003], "tool": false, "touchDistance": 0.793813, "touchZone": "none", "type": 3, "width": 15.6882}, {"bases": [[[0.588061, -0.6995, -0.406059], [0.751248, 0.658399, -0.0462266], [0.299684, -0.277867, 0.912677]], [[0.635877, -0.74076, -0.216644], [-0.123297, 0.179598, -0.975983], [0.761878, 0.647316, 0.0228689]], [[0.635877, -0.74076, -0.216644], [-0.771791, -0.610269, -0.178636], [0.000115443, 0.280794, -0.959768]], [[0.635877, -0.74076, -0.216644], [-0.585103, -0.645737, 0.490589], [-0.503304, -0.185195, -0.844031]]], "btipPosition": [-108.036, 165.262, 111.003], "carpPosition": [-138.168, 172.082, 130.041], "dipPosition": [-100.878, 162.629, 98.9988], "direction": [0.000115443, -0.280794, 0.959768], "extended": false, "handId": 100, "id": 1004, "length": 41.6764, "mcpPosition": [-123.108, 186.045, 84.1773], "pipPosition": [-100.88, 167.16, 83.5101], "stabilizedTipPosition": [-105.93, 162.202, 109.358], "timeVisible": 7.97183, "tipPosition": [-106.865, 161.873, 106.736], "tipVelocity": [-64.9765, 392.129, -191.29], "tool": false, "touchDistance": 0.637363, "touchZone": "none", "type": 4, "width": 13.9355}], "r": [[0.69211, 0.0816367, -0.717161], [-0.08863, 0.995676, 0.0278069], [0.71633, 0.0443165, 0.696353]], "s": 1.42279, "t": [-42.031, 65.0698, 37.6942], "timestamp": 629863495471}, {"currentFrameRate": 55.3256, "devices": [], "gestures": [], "hands": [{"armBasis": [[0.568469, 0.533902, -0.625933], [0.669795, 0.141443, 0.728951], [0.477722, -0.833632, -0.277199]], "armWidth": 55.2759, "confidence": 1, "direction": [0.451949, 0.444149, -0.773611], "elbow": [-253.481, -28.8875, 80.5502], "grabAngle": 3.14159, "grabStrength": 1, "id": 100, "palmNormal": [0.515249, -0.837913, -0.180054], "palmPosition": [-103.301, 200.359, 106.938], "palmVelocity": [10.0309, 434.431, -255.796], "palmWidth": 78.8548, "pinchDistance": 28.1991, "pinchStrength": 0.131783, "r": [[0.690645, 0.0842594, -0.718268], [-0.114565, 0.993395, 0.00637533], [0.714061, 0.0778852, 0.695737]], "s": 1.43661, "sphereCenter": [-72.9619, 185.769, 98.0258], "sphereRadius": 34.9977, "stabilizedPalmPosition": [-103.11, 191.851, 112.231], "t": [42.2095, 71.8147, 33.612], "timeVisible": 7.98992, "type": "left", "wrist": [-141.698, 166.174, 145.412]}], "id": 36886, "interactionBox": {"center": [0, 200, 0], "size": [235.247, 235.247, 147.751]}, "pointables": [{"bases": [[[0.665685, 0.708469, -0.234384], [-0.179236, 0.456693, 0.871382], [0.724388, -0.538055, 0.430997]], [[0.412555, 0.838975, -0.35485], [-0.134849, 0.441502, 0.887069], [0.900896, -0.318114, 0.295279]], [[0.412555, 0.838975, -0.35485], [-0.227396, 0.472064, 0.851731], [0.882094, -0.270695, 0.385532]], [[0.412555, 0.838975, -0.35485], [-0.180468, 0.457101, 0.870913], [0.892877, -0.295261, 0.339988]]], "btipPosition": [-28.6885, 206.372, 125.236], "carpPosition": [-109.718, 179.293, 155.421], "dipPosition": [-45.9302, 200.67, 131.801], "direction": [0.882094, 0.270695, -0.385532], "extended": true, "handId": 100, "id": 1000, "length": 43.0013, "mcpPosition": [-109.718, 179.293, 155.421], "pipPosition": [-70.7455, 193.055, 142.647], "stabilizedTipPosition": [-32.9389, 193.801, 133.921], "timeVisible": 7.98992, "tipPosition": [-33.794, 198.283, 120.735], "tipVelocity": [27.3825, 376.809, -265.871], "tool": false, "touchDistance": 0.945762, "touchZone": "none", "type": 0, "width": 17.574}, {"bases": [[[0.607313, -0.692045, -0.390185], [0.735824, 0.675159, -0.0521933], [0.299557, -0.25541, 0.919256]], [[0.567085, -0.656493, -0.497425], [-0.317128, 0.383336, -0.867458], [0.760161, 0.64967, 0.00919123]], [[0.567085, -0.656493, -0.497425], [-0.799251, -0.584529, -0.139728], [-0.199029, 0.476806, -0.85618]], [[0.567085, -0.656493, -0.497425], [-0.473395, -0.753988, 0.455411], [-0.674027, -0.0227779, -0.738356]]], "btipPosition": [-113.891, 167.587, 103.849], "carpPosition": [-138.324, 181.077, 125.994], "dipPosition": [-104.305, 167.263, 93.3482], "direction": [-0.199029, -0.476806, 0.85618], "extended": false, "handId": 100, "id": 1004, "length": 41.6764, "mcpPosition": [-123.271, 193.912, 79.7993], "pipPosition": [-101.093, 174.958, 79.5312], "stabilizedTipPosition": [-109.809, 165.78, 104.018], "timeVisible": 7.98992, "tipPosition": [-108.947, 168.95, 102.219], "tipVelocity": [-292.9, 157.924, -376.5], "tool": false, "touchDistance": 0.523899, "touchZone": "none", "type": 4, "width": 13.9355}, {"bases": [[[0.641969, -0.23815, -0.728808], [0.425321, 0.901494, 0.0800654], [0.637948, -0.361377, 0.680021]], [[0.7328, -0.291109, -0.615028], [-0.462422, 0.450013, -0.763973], [0.49917, 0.844242, 0.195154]], [[0.7328, -0.291109, -0.615028], [-0.562588, -0.767632, -0.306977], [-0.382752, 0.570961, -0.726295]], [[0.7328, -0.291109, -0.615028], [-0.174203, -0.954002, 0.243993], [-0.657767, -0.0716585, -0.749805]]], "btipPosition": [-77.8855, 178.131, 121.832], "carpPosition": [-119.348, 195.393, 147.051], "dipPosition": [-68.6127, 177.12, 111.261], "direction": [-0.382752, -0.570961, 0.726295], "extended": false, "handId": 100, "id": 1001, "length": 48.5221, "mcpPosition": [-78.6742, 218.434, 103.695], "pipPosition": [-60.9795, 188.507, 96.7768], "stabilizedTipPosition": [-74.8797, 166.68, 127.767], "timeVisible": 7.98992, "tipPosition": [-76.3425, 178.162, 119.979], "tipVelocity": [5.73933, 379.494, -327.74], "tool": false, "touchDistance": 0.823341, "touchZone": "none", "type": 1, "width": 16.7867}, {"bases": [[[0.64028, -0.434954, -0.633133], [0.541634, 0.840101, -0.0293905], [0.544679, -0.324108, 0.773485]], [[0.671789, -0.453606, -0.585612], [-0.465726, 0.356124, -0.810108], [0.576021, 0.816956, 0.0279844]], [[0.671789, -0.453606, -0.585612], [-0.622207, -0.774534, -0.113826], [-0.401944, 0.440839, -0.80256]], [[0.671789, -0.453606, -0.585612], [-0.171267, -0.864268, 0.472979], [-0.720672, -0.217446, -0.658293]]], "btipPosition": [-91.1905, 174.528, 120.286], "carpPosition": [-126.427, 194.394, 139.129], "dipPosition": [-80.0163, 171.157, 110.079], "direction": [-0.401944, -0.440839, 0.80256], "extended": false, "handId": 100, "id": 1002, "length": 55.2871, "mcpPosition": [-93.4939, 213.99, 92.3615], "pipPosition": [-70.5855, 181.5, 91.2485], "stabilizedTipPosition": [-88.0543, 169.416, 120.208], "timeVisible": 7.98992, "tipPosition": [-88.6029, 172.292, 116.675], "tipVelocity": [-26.4305, 435.759, -238.753], "tool": false, "touchDistance": 0.798972, "touchZone": "none", "type": 2, "width": 16.4868}, {"bases": [[[0.67079, -0.539993, -0.508378], [0.603082, 0.796118, -0.0498779], [0.431663, -0.273136, 0.859688]], [[0.695467, -0.555399, -0.455913], [-0.347024, 0.295978, -0.889928], [0.629205, 0.777129, 0.0131059]], [[0.695467, -0.555399, -0.455913], [-0.660546, -0.743909, -0.101383], [-0.28285, 0.37166, -0.884231]], [[0.695467, -0.555399, -0.455913], [-0.292415, -0.798325, 0.526469], [-0.656368, -0.232827, -0.717616]]], "btipPosition": [-103.201, 171.944, 115.97], "carpPosition": [-133.246, 190.672, 131.848], "dipPosition": [-93.0818, 168.355, 104.907], "direction": [-0.28285, -0.37166, 0.884231], "extended": false, "handId": 100, "id": 1003, "length": 53.16, "mcpPosition": [-109.813, 205.499, 85.1794], "pipPosition": [-86.6168, 176.85, 84.6963], "stabilizedTipPosition": [-100.559, 168.734, 114.589], "timeVisible": 7.98992, "tipPosition": [-100.935, 169.196, 112.347], "tipVelocity": [-35.6573, 450.776, -232.456], "tool": false, "touchDistance": 0.723759, "touchZone": "none", "type": 3, "width": 15.6882}], "r": [[0.690645, 0.0842594, -0.718268], [-0.114565, 0.993395, 0.00637533], [0.714061, 0.0778852, 0.695737]], "s": 1.43661, "t": [-42.2095, 71.8147, 33.612], "timestamp": 629863513553}, {"currentFrameRate": 55.3161, "devices": [], "gestures": [], "hands": [{"armBasis": [[0.541345, 0.490302, -0.683044], [0.673013, 0.234261, 0.701552], [0.503983, -0.839479, -0.203164]], "armWidth": 55.2759, "confidence": 1, "direction": [0.459099, 0.437421, -0.773234], "elbow": [-259.129, -20.4467, 93.4643], "grabAngle": 3.14159, "grabStrength": 1, "id": 100, "palmNormal": [0.49677, -0.847988, -0.184758], "palmPosition": [-102.374, 209.334, 101.848], "palmVelocity": [51.2189, 495.519, -281.048], "palmWidth": 78.8548, "pinchDistance": 30.2071, "pinchStrength": 0.105545, "r": [[0.689428, 0.0898047, -0.718766], [-0.139459, 0.990177, -0.0100514], [0.710802, 0.107168, 0.69518]], "s": 1.4527, "sphereCenter": [-73.9127, 192.828, 91.1403], "sphereRadius": 35.0302, "stabilizedPalmPosition": [-102.619, 203.513, 105.304], "t": [42.7625, 79.6743, 29.0259], "timeVisible": 8.00803, "type": "left", "wrist": [-141.202, 175.983, 141.003]}], "id": 36887, "interactionBox": {"center": [0, 200, 0], "size": [235.247, 235.247, 147.751]}, "pointables": [{"bases": [[[0.651109, 0.723382, -0.229728], [-0.191406, 0.449395, 0.872587], [0.734452, -0.524178, 0.431065]], [[0.393517, 0.849579, -0.351225], [-0.14728, 0.435377, 0.888119], [0.907443, -0.297762, 0.296454]], [[0.393517, 0.849579, -0.351225], [-0.237408, 0.463005, 0.853969], [0.888134, -0.252668, 0.383898]], [[0.393517, 0.849579, -0.351225], [-0.194192, 0.450248, 0.871531], [0.898573, -0.274757, 0.342162]]], "btipPosition": [-27.5067, 213.516, 120.037], "carpPosition": [-109.1, 188.221, 150.269], "dipPosition": [-44.8584, 208.211, 126.644], "direction": [0.888134, 0.252668, -0.383898], "extended": true, "handId": 100, "id": 1000, "length": 43.0013, "mcpPosition": [-109.1, 188.221, 150.269], "pipPosition": [-69.8437, 201.102, 137.444], "stabilizedTipPosition": [-32.1961, 203.332, 127.549], "timeVisible": 8.00803, "tipPosition": [-32.8688, 205.812, 115.514], "tipVelocity": [63.8555, 399.514, -286.527], "tool": false, "touchDistance": 0.859274, "touchZone": "none", "type": 0, "width": 17.574}, {"bases": [[[0.648971, -0.221604, -0.727824], [0.405794, 0.910027, 0.0847492], [0.643559, -0.350347, 0.680507]], [[0.700338, -0.250026, -0.668591], [-0.50612, 0.486564, -0.712108], [0.503358, 0.837104, 0.214216]], [[0.700338, -0.250026, -0.668591], [-0.573178, -0.755222, -0.317972], [-0.425433, 0.60591, -0.67222]], [[0.700338, -0.250026, -0.668591], [-0.152116, -0.96741, 0.202433], [-0.697415, -0.0400684, -0.715546]]], "btipPosition": [-77.8495, 185.7, 114.501], "carpPosition": [-118.408, 204.555, 141.989], "dipPosition": [-68.0178, 185.135, 104.414], "direction": [-0.425433, -0.60591, 0.67222], "extended": false, "handId": 100, "id": 1001, "length": 48.5221, "mcpPosition": [-77.3766, 226.892, 98.6014], "pipPosition": [-59.5334, 197.219, 91.0078], "stabilizedTipPosition": [-75.2144, 175.604, 120.403], "timeVisible": 8.00803, "tipPosition": [-75.8229, 186.398, 114.404], "tipVelocity": [9.08524, 423.586, -398.616], "tool": false, "touchDistance": 0.703019, "touchZone": "none", "type": 1, "width": 16.7867}, {"bases": [[[0.651201, -0.418769, -0.632906], [0.523699, 0.851548, -0.0245984], [0.549251, -0.315434, 0.773838]], [[0.635203, -0.409563, -0.654809], [-0.529209, 0.386714, -0.755242], [0.562543, 0.826263, 0.0288976]], [[0.635203, -0.409563, -0.654809], [-0.613696, -0.782401, -0.105953], [-0.468929, 0.469155, -0.748331]], [[0.635203, -0.409563, -0.654809], [-0.118263, -0.889399, 0.44157], [-0.763237, -0.203047, -0.613385]]], "btipPosition": [-92.784, 182.089, 113.214], "carpPosition": [-125.529, 203.737, 134.083], "dipPosition": [-80.9498, 178.941, 103.704], "direction": [-0.468929, -0.469155, 0.748331], "extended": false, "handId": 100, "id": 1002, "length": 55.2871, "mcpPosition": [-92.3198, 222.809, 87.2948], "pipPosition": [-69.9474, 189.949, 86.1455], "stabilizedTipPosition": [-89.468, 177.829, 113.744], "timeVisible": 8.00803, "tipPosition": [-88.5329, 180.992, 111.371], "tipVelocity": [-79.6044, 420.321, -381.62], "tool": false, "touchDistance": 0.68378, "touchZone": "none", "type": 2, "width": 16.4868}, {"bases": [[[0.683586, -0.523617, -0.508464], [0.586128, 0.808964, -0.0450731], [0.43493, -0.267214, 0.859903]], [[0.656276, -0.506652, -0.559112], [-0.432486, 0.354608, -0.82898], [0.61827, 0.785848, 0.0136008]], [[0.656276, -0.506652, -0.559112], [-0.656372, -0.748822, -0.0918766], [-0.372126, 0.427282, -0.823986]], [[0.656276, -0.506652, -0.559112], [-0.227157, -0.839308, 0.493925], [-0.719515, -0.197145, -0.665907]]], "btipPosition": [-105.641, 178.998, 108.726], "carpPosition": [-132.446, 200.189, 126.809], "dipPosition": [-94.549, 175.958, 98.4607], "direction": [-0.372126, -0.427282, 0.823986], "extended": false, "handId": 100, "id": 1003, "length": 53.16, "mcpPosition": [-108.836, 214.695, 80.1283], "pipPosition": [-86.0433, 185.725, 79.6269], "stabilizedTipPosition": [-102.423, 175.778, 108.532], "timeVisible": 8.00803, "tipPosition": [-101.145, 178.145, 106.977], "tipVelocity": [-122.398, 396.428, -389.829], "tool": false, "touchDistance": 0.606089, "touchZone": "none", "type": 3, "width": 15.6882}, {"bases": [[[0.623025, -0.677443, -0.391038], [0.721422, 0.690867, -0.0474604], [0.302307, -0.252535, 0.91915]], [[0.582355, -0.64234, -0.49826], [-0.322747, 0.379856, -0.866916], [0.746122, 0.665665, 0.0138977]], [[0.582355, -0.64234, -0.49826], [-0.785905, -0.601583, -0.143007], [-0.207885, 0.474866, -0.855153]], [[0.582355, -0.64234, -0.49826], [-0.454258, -0.765421, 0.455829], [-0.674176, -0.0391155, -0.737535]]], "btipPosition": [-113.728, 176.89, 98.6278], "carpPosition": [-137.745, 190.727, 120.932], "dipPosition": [-104.14, 176.334, 88.1385], "direction": [-0.207885, -0.474866, 0.855153], "extended": false, "handId": 100, "id": 1004, "length": 41.6764, "mcpPosition": [-122.553, 203.418, 74.7436], "pipPosition": [-100.785, 183.997, 74.3381], "stabilizedTipPosition": [-111.047, 173.712, 98.3824], "timeVisible": 8.00803, "tipPosition": [-108.718, 178.062, 97.0208], "tipVelocity": [9.02169, 510.722, -288.147], "tool": false, "touchDistance": 0.436921, "touchZone": "none", "type": 4, "width": 13.9355}], "r": [[0.689428, 0.0898047, -0.718766], [-0.139459, 0.990177, -0.0100514], [0.710802, 0.107168, 0.69518]], "s": 1.4527, "t": [-42.7625, 79.6743, 29.0259], "timestamp": 629863531664}, {"currentFrameRate": 55.3152, "devices": [], "gestures": [], "hands": [{"armBasis": [[0.543298, 0.454134, -0.706109], [0.657838, 0.292276, 0.694135], [0.521609, -0.841628, -0.139953]], "armWidth": 55.2759, "confidence": 1, "direction": [0.449763, 0.471659, -0.758453], "elbow": [-261.149, -12.3137, 102.587], "grabAngle": 3.14159, "grabStrength": 1, "id": 100, "palmNormal": [0.480068, -0.843755, -0.240026], "palmPosition": [-100.866, 219.3, 96.3161], "palmVelocity": [83.3742, 551.196, -305.933], "palmWidth": 78.8548, "pinchDistance": 30.6769, "pinchStrength": 0.099251, "r": [[0.690925, 0.103844, -0.715429], [-0.16201, 0.9867, -0.0132423], [0.704539, 0.125056, 0.69856]], "s": 1.46134, "sphereCenter": [-73.7641, 202.39, 83.2834], "sphereRadius": 34.7797, "stabilizedPalmPosition": [-101.428, 214.245, 99.1943], "t": [43.7928, 88.5872, 23.9671], "timeVisible": 8.02611, "type": "left", "wrist": [-139.097, 184.619, 135.335]}], "id": 36888, "interactionBox": {"center": [0, 200, 0], "size": [235.247, 235.247, 147.751]}, "pointables": [{"bases": [[[0.644691, 0.743638, -0.177133], [-0.215918, 0.399418, 0.89098], [0.733316, -0.53616, 0.418066]], [[0.382163, 0.874277, -0.299318], [-0.192394, 0.392082, 0.899587], [0.903845, -0.286202, 0.318045]], [[0.382163, 0.874277, -0.299318], [-0.268429, 0.414963, 0.86934], [0.884249, -0.251884, 0.393265]], [[0.382163, 0.874277, -0.299318], [-0.223496, 0.401733, 0.888065], [0.896661, -0.27249, 0.348925]]], "btipPosition": [-25.6289, 220.456, 112.119], "carpPosition": [-106.92, 195.726, 143.679], "dipPosition": [-42.9437, 215.194, 118.856], "direction": [0.884249, 0.251884, -0.393265], "extended": true, "handId": 100, "id": 1000, "length": 43.0013, "mcpPosition": [-106.92, 195.726, 143.679], "pipPosition": [-67.8197, 208.108, 129.92], "stabilizedTipPosition": [-30.883, 211.416, 120.497], "timeVisible": 8.02611, "tipPosition": [-31.0251, 214.526, 108.762], "tipVelocity": [104.322, 384.35, -436.266], "tool": false, "touchDistance": 0.727805, "touchZone": "hovering", "type": 0, "width": 17.574}, {"bases": [[[0.666951, -0.173325, -0.724662], [0.390227, 0.909773, 0.14155], [0.634744, -0.377189, 0.67441]], [[0.682408, -0.182578, -0.707802], [-0.534351, 0.536132, -0.653476], [0.498786, 0.824153, 0.2683]], [[0.682408, -0.182578, -0.707802], [-0.578411, -0.726934, -0.370145], [-0.446945, 0.661991, -0.601671]], [[0.682408, -0.182578, -0.707802], [-0.137569, -0.983079, 0.120953], [-0.717909, 0.0148322, -0.695979]]], "btipPosition": [-77.0318, 194.03, 105.778], "carpPosition": [-116.149, 212.608, 136.477], "dipPosition": [-66.9112, 194.24, 95.9669], "direction": [-0.446945, -0.661991, 0.601671], "extended": false, "handId": 100, "id": 1001, "length": 48.5221, "mcpPosition": [-75.6789, 236.656, 93.4786], "pipPosition": [-57.9978, 207.442, 83.9678], "stabilizedTipPosition": [-74.9747, 184.282, 112.474], "timeVisible": 8.02611, "tipPosition": [-74.4398, 195.241, 106.747], "tipVelocity": [48.8994, 470.589, -478.922], "tool": false, "touchDistance": 0.558696, "touchZone": "none", "type": 1, "width": 16.7867}, {"bases": [[[0.670213, -0.375228, -0.640326], [0.511206, 0.858871, 0.0317714], [0.538036, -0.348632, 0.767446]], [[0.636744, -0.353648, -0.685193], [-0.539649, 0.430331, -0.723598], [0.550759, 0.830511, 0.0831651]], [[0.636744, -0.353648, -0.685193], [-0.604327, -0.780789, -0.158609], [-0.4789, 0.515074, -0.710882]], [[0.636744, -0.353648, -0.685193], [-0.102629, -0.919584, 0.379252], [-0.764215, -0.171166, -0.621835]]], "btipPosition": [-92.0915, 190.931, 105.304], "carpPosition": [-123.441, 212.313, 128.692], "dipPosition": [-80.2421, 188.277, 95.6619], "direction": [-0.4789, -0.515074, 0.710882], "extended": false, "handId": 100, "id": 1002, "length": 55.2871, "mcpPosition": [-90.9095, 233.392, 82.29], "pipPosition": [-69.0057, 200.363, 78.9825], "stabilizedTipPosition": [-89.4041, 185.66, 107.063], "timeVisible": 8.02611, "tipPosition": [-87.3894, 190.3, 103.968], "tipVelocity": [38.4937, 495.319, -439.178], "tool": false, "touchDistance": 0.551433, "touchZone": "none", "type": 2, "width": 16.4868}, {"bases": [[[0.701628, -0.486113, -0.520972], [0.574674, 0.818316, 0.0103901], [0.421269, -0.306679, 0.85351]], [[0.675105, -0.466849, -0.571215], [-0.420774, 0.392322, -0.817944], [0.605956, 0.79255, 0.0684206]], [[0.675105, -0.466849, -0.571215], [-0.643396, -0.751429, -0.146277], [-0.360938, 0.466269, -0.807661]], [[0.675105, -0.466849, -0.571215], [-0.223194, -0.867262, 0.445018], [-0.703149, -0.172942, -0.68969]]], "btipPosition": [-104.44, 188.695, 101.625], "carpPosition": [-130.558, 209.255, 121.387], "dipPosition": [-93.6, 186.029, 90.9923], "direction": [-0.360938, -0.466269, 0.807661], "extended": false, "handId": 100, "id": 1003, "length": 53.16, "mcpPosition": [-107.689, 225.904, 75.054], "pipPosition": [-85.3501, 196.686, 72.5316], "stabilizedTipPosition": [-102.095, 184.262, 102.083], "timeVisible": 8.02611, "tipPosition": [-100.006, 187.868, 99.7535], "tipVelocity": [63.228, 541.07, -397.438], "tool": false, "touchDistance": 0.486321, "touchZone": "none", "type": 3, "width": 15.6882}, {"bases": [[[0.641008, -0.646823, -0.413193], [0.711752, 0.702415, 0.00459804], [0.287259, -0.297039, 0.910632]], [[0.602009, -0.606613, -0.519236], [-0.310676, 0.421089, -0.852153], [0.735571, 0.674318, 0.0650399]], [[0.602009, -0.606613, -0.519236], [-0.773812, -0.603626, -0.191965], [-0.196976, 0.517355, -0.832793]], [[0.602009, -0.606613, -0.519236], [-0.448562, -0.79489, 0.408585], [-0.660588, -0.0130627, -0.750635]]], "btipPosition": [-112.795, 187.286, 91.5871], "carpPosition": [-136.117, 200.196, 115.13], "dipPosition": [-103.4, 187.1, 80.9115], "direction": [-0.196976, -0.517355, 0.832793], "extended": false, "handId": 100, "id": 1004, "length": 41.6764, "mcpPosition": [-121.681, 215.123, 69.3694], "pipPosition": [-100.221, 195.449, 67.4719], "stabilizedTipPosition": [-110.761, 183.076, 91.9808], "timeVisible": 8.02611, "tipPosition": [-107.787, 188.419, 89.9675], "tipVelocity": [49.1604, 579.692, -391.771], "tool": false, "touchDistance": 0.333333, "touchZone": "none", "type": 4, "width": 13.9355}], "r": [[0.690925, 0.103844, -0.715429], [-0.16201, 0.9867, -0.0132423], [0.704539, 0.125056, 0.69856]], "s": 1.46134, "t": [-43.7928, 88.5872, 23.9671], "timestamp": 629863549745}, {"currentFrameRate": 55.3148, "devices": [], "gestures": [], "hands": [{"armBasis": [[0.564758, 0.420891, -0.709858], [0.628329, 0.338356, 0.700513], [0.535024, -0.841645, -0.0733692]], "armWidth": 55.2759, "confidence": 1, "direction": [0.445105, 0.492954, -0.747581], "elbow": [-261.742, -2.47919, 112.119], "grabAngle": 3.14159, "grabStrength": 1, "id": 100, "palmNormal": [0.447329, -0.845614, -0.291261], "palmPosition": [-98.6596, 229.688, 90.0948], "palmVelocity": [122.053, 574.536, -344.096], "palmWidth": 78.8548, "pinchDistance": 30.8394, "pinchStrength": 0, "r": [[0.69477, 0.125928, -0.708122], [-0.185883, 0.982542, -0.00764889], [0.694797, 0.136942, 0.706049]], "s": 1.47558, "sphereCenter": [-68.5507, 214.939, 79.3921], "sphereRadius": 35.853, "stabilizedPalmPosition": [-99.5432, 224.758, 92.9995], "t": [45.4112, 98.2375, 18.327], "timeVisible": 8.04419, "type": "left", "wrist": [-136.551, 194.458, 129.287]}], "id": 36889, "interactionBox": {"center": [0, 200, 0], "size": [235.247, 235.247, 147.751]}, "pointables": [{"bases": [[[0.625406, 0.770132, -0.125557], [-0.250553, 0.350588, 0.902392], [0.738979, -0.532903, 0.412219]], [[0.349952, 0.901892, -0.253228], [-0.239856, 0.347578, 0.906454], [0.90554, -0.256477, 0.337959]], [[0.349952, 0.901892, -0.253228], [-0.150951, 0.321081, 0.934944], [0.924526, -0.28896, 0.248505]], [[0.349952, 0.901892, -0.253228], [-0.096604, 0.303625, 0.947881], [0.931773, -0.30725, 0.193381]]], "btipPosition": [-21.081, 229.271, 111.12], "carpPosition": [-104.257, 204.114, 136.465], "dipPosition": [-39.0739, 223.338, 114.854], "direction": [0.924526, 0.28896, -0.248505], "extended": true, "handId": 100, "id": 1000, "length": 43.0013, "mcpPosition": [-104.257, 204.114, 136.465], "pipPosition": [-65.0829, 215.209, 121.845], "stabilizedTipPosition": [-27.2111, 222.108, 114.974], "timeVisible": 8.04419, "tipPosition": [-27.5487, 224.128, 104.29], "tipVelocity": [242.917, 479.061, -93.4448], "tool": false, "touchDistance": 0.699647, "touchZone": "hovering", "type": 0, "width": 17.574}, {"bases": [[[0.689997, -0.119098, -0.713947], [0.357969, 0.913446, 0.193583], [0.629096, -0.389142, 0.672909]], [[0.679781, -0.112819, -0.724686], [-0.562997, 0.552985, -0.6142], [0.470034, 0.825518, 0.312392]], [[0.679781, -0.112819, -0.724686], [-0.556117, -0.723486, -0.409026], [-0.478154, 0.681058, -0.554553]], [[0.679781, -0.112819, -0.724686], [-0.105543, -0.992861, 0.0555657], [-0.725781, 0.0387129, -0.686835]]], "btipPosition": [-76.1273, 203.003, 97.0613], "carpPosition": [-113.132, 221.583, 130.296], "dipPosition": [-65.8957, 203.549, 87.3788], "direction": [-0.478154, -0.681058, 0.554553], "extended": false, "handId": 100, "id": 1001, "length": 48.5221, "mcpPosition": [-73.0218, 246.394, 87.3931], "pipPosition": [-56.3599, 217.131, 76.3193], "stabilizedTipPosition": [-74.4599, 192.363, 104.911], "timeVisible": 8.04419, "tipPosition": [-72.804, 204.311, 98.4759], "tipVelocity": [51.4398, 500.543, -480.497], "tool": false, "touchDistance": 0.413906, "touchZone": "none", "type": 1, "width": 16.7867}, {"bases": [[[0.697444, -0.324542, -0.638941], [0.483193, 0.871395, 0.0848213], [0.529242, -0.36789, 0.764565]], [[0.664453, -0.301897, -0.683637], [-0.534503, 0.44736, -0.71706], [0.52231, 0.841859, 0.135885]], [[0.664453, -0.301897, -0.683637], [-0.574975, -0.79087, -0.209588], [-0.477394, 0.532336, -0.69908]], [[0.664453, -0.301897, -0.683637], [-0.0850202, -0.939371, 0.332196], [-0.742478, -0.162606, -0.649835]]], "btipPosition": [-90.5637, 200.666, 97.5478], "carpPosition": [-120.622, 221.872, 122.702], "dipPosition": [-79.0513, 198.145, 87.4719], "direction": [-0.477394, -0.532336, 0.69908], "extended": false, "handId": 100, "id": 1002, "length": 55.2871, "mcpPosition": [-88.6227, 244.116, 76.4736], "pipPosition": [-67.8503, 210.635, 71.0695], "stabilizedTipPosition": [-88.532, 194.114, 100.129], "timeVisible": 8.04419, "tipPosition": [-85.9093, 199.97, 96.0429], "tipVelocity": [80.2162, 540.119, -434.494], "tool": false, "touchDistance": 0.420506, "touchZone": "none", "type": 2, "width": 16.4868}, {"bases": [[[0.729301, -0.439902, -0.524028], [0.548412, 0.83381, 0.0632846], [0.409101, -0.333537, 0.849346]], [[0.703458, -0.41911, -0.574016], [-0.412171, 0.417396, -0.809874], [0.579018, 0.806304, 0.120876]], [[0.703458, -0.41911, -0.574016], [-0.614799, -0.764049, -0.195578], [-0.356607, 0.490485, -0.795145]], [[0.703458, -0.41911, -0.574016], [-0.207775, -0.893619, 0.397837], [-0.679689, -0.160595, -0.715704]]], "btipPosition": [-103.087, 199.022, 94.0995], "carpPosition": [-128.012, 219.375, 115.455], "dipPosition": [-92.609, 196.546, 83.0661], "direction": [-0.356607, -0.490485, 0.795145], "extended": false, "handId": 100, "id": 1003, "length": 53.16, "mcpPosition": [-105.804, 237.482, 69.3476], "pipPosition": [-84.458, 207.757, 64.8915], "stabilizedTipPosition": [-101.17, 193.518, 95.2207], "timeVisible": 8.04419, "tipPosition": [-98.7014, 198.119, 92.0554], "tipVelocity": [70.2171, 573.611, -421.317], "tool": false, "touchDistance": 0.359364, "touchZone": "none", "type": 3, "width": 15.6882}, {"bases": [[[0.671043, -0.607231, -0.425408], [0.689143, 0.722474, 0.0557961], [0.273465, -0.330609, 0.90328]], [[0.63348, -0.563286, -0.530483], [-0.302201, 0.451026, -0.839792], [0.712304, 0.692304, 0.11549]], [[0.63348, -0.563286, -0.530483], [-0.748174, -0.62076, -0.234292], [-0.197329, 0.545313, -0.814675]], [[0.63348, -0.563286, -0.530483], [-0.429668, -0.826257, 0.364259], [-0.643497, -0.00281958, -0.765443]]], "btipPosition": [-111.819, 198.445, 84.2094], "carpPosition": [-134.006, 210.79, 108.937], "dipPosition": [-102.667, 198.405, 73.3232], "direction": [-0.197329, -0.545313, 0.814675], "extended": false, "handId": 100, "id": 1004, "length": 41.6764, "mcpPosition": [-120.264, 227.403, 63.5454], "pipPosition": [-99.4825, 207.206, 60.176], "stabilizedTipPosition": [-110.058, 193.386, 85.0839], "timeVisible": 8.04419, "tipPosition": [-106.731, 199.349, 82.5075], "tipVelocity": [50.8839, 619.071, -410.735], "tool": false, "touchDistance": 0.333333, "touchZone": "none", "type": 4, "width": 13.9355}], "r": [[0.69477, 0.125928, -0.708122], [-0.185883, 0.982542, -0.00764889], [0.694797, 0.136942, 0.706049]], "s": 1.47558, "t": [-45.4112, 98.2375, 18.327], "timestamp": 629863567825}, {"currentFrameRate": 55.1293, "devices": [], "gestures": [], "hands": [{"armBasis": [[0.590314, 0.394887, -0.703984], [0.587861, 0.38733, 0.710207], [0.553126, -0.83309, -0.00349222]], "armWidth": 55.2759, "confidence": 1, "direction": [0.444144, 0.503607, -0.741024], "elbow": [-263.092, 9.54312, 121.743], "grabAngle": 3.14159, "grabStrength": 1, "id": 100, "palmNormal": [0.40311, -0.850958, -0.336709], "palmPosition": [-95.848, 239.567, 82.8883], "palmVelocity": [149.706, 526.054, -383.712], "palmWidth": 78.8548, "pinchDistance": 30.8978, "pinchStrength": 0, "r": [[0.700229, 0.154834, -0.696926], [-0.212995, 0.977048, 0.00306381], [0.681405, 0.146296, 0.717137]], "s": 1.4839, "sphereCenter": [-66.4976, 224.172, 70.9696], "sphereRadius": 35.9073, "stabilizedPalmPosition": [-97.0858, 234.607, 86.2753], "t": [47.6263, 108.003, 11.9038], "timeVisible": 8.06297, "type": "left", "wrist": [-133.665, 204.478, 122.561]}], "id": 36890, "interactionBox": {"center": [0, 200, 0], "size": [235.247, 235.247, 147.751]}, "pointables": [{"bases": [[[0.595864, 0.799365, -0.0772116], [-0.290345, 0.304069, 0.907327], [0.748763, -0.518225, 0.413276]], [[0.304195, 0.928317, -0.213761], [-0.288629, 0.303664, 0.90801], [0.907832, -0.214514, 0.360312]], [[0.304195, 0.928317, -0.213761], [-0.183151, 0.277202, 0.943194], [0.934837, -0.247764, 0.254346]], [[0.304195, 0.928317, -0.213761], [-0.122755, 0.260724, 0.957577], [0.944667, -0.26505, 0.193267]]], "btipPosition": [-17.3899, 233.795, 101.914], "carpPosition": [-101.204, 212.427, 128.389], "dipPosition": [-35.6318, 228.677, 105.646], "direction": [0.934837, 0.247764, -0.254346], "extended": true, "handId": 100, "id": 1000, "length": 43.0013, "mcpPosition": [-101.204, 212.427, 128.389], "pipPosition": [-61.9309, 221.707, 112.802], "stabilizedTipPosition": [-24.4779, 227.214, 109.046], "timeVisible": 8.06297, "tipPosition": [-24.3949, 230.733, 95.4311], "tipVelocity": [193.485, 250.867, -490.188], "tool": false, "touchDistance": 0.54621, "touchZone": "hovering", "type": 0, "width": 17.574}, {"bases": [[[0.714217,