{"frames": 59, "data": [{"currentFrameRate": 55.3411, "devices": [], "gestures": [], "hands": [{"armBasis": [[0.92821, 0.0445345, -0.369383], [0.285412, 0.551664, 0.783713], [0.238678, -0.832876, 0.499349]], "armWidth": 55.2759, "confidence": 1, "direction": [0.381743, 0.677257, -0.628964], "elbow": [-174.907, 2.9545, 249.167], "grabAngle": 3.14159, "grabStrength": 1, "id": 100, "palmNormal": [0.203651, -0.725408, -0.657503], "palmPosition": [-88.6237, 240.25, 92.5264], "palmVelocity": [84.8404, 346.904, -288.353], "palmWidth": 78.8548, "pinchDistance": 30.5618, "pinchStrength": 0.05187, "r": [[0.770145, 0.455369, -0.446671], [-0.384954, 0.890163, 0.243764], [0.508612, -0.0157859, 0.860851]], "s": 1.46918, "sphereCenter": [-68.3056, 226.78, 67.7703], "sphereRadius": 35.4182, "stabilizedPalmPosition": [-89.4039, 236.761, 95.3085], "t": [55.7553, 112.363, 19.854], "timeVisible": 10.5568, "type": "left", "wrist": [-119.059, 197.84, 132.324]}], "id": 37026, "interactionBox": {"center": [0, 200, 0], "size": [235.247, 235.247, 147.751]}, "pointables": [{"bases": [[[0.470443, 0.830437, 0.298425], [-0.485509, -0.0388125, 0.87337], [0.736861, -0.555759, 0.384925]], [[0.113042, 0.98784, 0.10674], [-0.453743, -0.0442481, 0.890033], [0.883934, -0.149044, 0.443224]], [[0.113042, 0.98784, 0.10674], [-0.537249, -0.0295997, 0.842904], [0.835814, -0.15263, 0.52737]], [[0.113042, 0.98784, 0.10674], [-0.559137, -0.0255583, 0.828682], [0.821333, -0.153358, 0.549448]]], "btipPosition": [-12.5463, 213.952, 83.022], "carpPosition": [-90.159, 200.249, 127.642], "dipPosition": [-28.4065, 210.991, 93.632], "direction": [0.835814, 0.15263, -0.52737], "extended": true, "handId": 100, "id": 1000, "length": 43.0013, "mcpPosition": [-90.159, 200.249, 127.642], "pipPosition": [-51.9199, 206.697, 108.468], "stabilizedTipPosition": [-16.7432, 188.936, 115.034], "timeVisible": 10.5568, "tipPosition": [-16.5983, 215.797, 85.7979], "tipVelocity": [67.8094, 253.623, -394.151], "tool": false, "touchDistance": 0.257705, "touchZone": "hovering", "type": 0, "width": 17.574}, {"bases": [[[0.82466, 0.234876, -0.514558], [0.123119, 0.813359, 0.568585], [0.552067, -0.532241, 0.641827]], [[0.820758, 0.238612, -0.519057], [-0.536736, 0.633229, -0.557616], [0.195628, 0.736265, 0.647799]], [[0.820758, 0.238612, -0.519057], [-0.250588, -0.666141, -0.702468], [-0.513383, 0.706626, -0.486947]], [[0.820758, 0.238612, -0.519057], [0.138479, -0.964595, -0.224456], [-0.554238, 0.112345, -0.824742]]], "btipPosition": [-72.2899, 211.84, 87.5047], "carpPosition": [-96.3715, 219.681, 130.052], "dipPosition": [-64.4766, 213.424, 75.878], "direction": [-0.513383, -0.706626, 0.486947], "extended": false, "handId": 100, "id": 1001, "length": 48.5221, "mcpPosition": [-61.1729, 253.616, 89.1302], "pipPosition": [-54.2382, 227.516, 66.1668], "stabilizedTipPosition": [-70.631, 204.651, 91.1403], "timeVisible": 10.5568, "tipPosition": [-67.9632, 210.628, 83.8686], "tipVelocity": [23.6905, 364.422, -344.326], "tool": false, "touchDistance": 0.333333, "touchZone": "none", "type": 1, "width": 16.7867}, {"bases": [[[0.858511, 0.0186862, -0.512454], [0.272856, 0.829476, 0.48736], [0.434175, -0.55823, 0.707016]], [[0.830932, 0.0521263, -0.553927], [-0.45997, 0.624488, -0.631222], [0.313018, 0.779293, 0.542884]], [[0.830932, 0.0521263, -0.553927], [-0.354508, -0.717726, -0.599328], [-0.428809, 0.694372, -0.577902]], [[0.830932, 0.0521263, -0.553927], [0.0165647, -0.997478, -0.0690175], [-0.556128, 0.0481732, -0.829699]]], "btipPosition": [-84.9603, 209.353, 87.216], "carpPosition": [-104.977, 223.632, 125.131], "dipPosition": [-76.3373, 210.1, 74.3512], "direction": [-0.428809, -0.694372, 0.577902], "extended": false, "handId": 100, "id": 1002, "length": 55.2871, "mcpPosition": [-78.725, 257.385, 82.3826], "pipPosition": [-66.2762, 226.392, 60.792], "stabilizedTipPosition": [-83.5286, 203.792, 89.0602], "timeVisible": 10.5568, "tipPosition": [-81.0838, 208.956, 83.0512], "tipVelocity": [55.8394, 360.027, -335.644], "tool": false, "touchDistance": 0.333333, "touchZone": "none", "type": 2, "width": 16.4868}, {"bases": [[[0.890018, -0.126249, -0.438097], [0.347197, 0.810473, 0.471792], [0.295503, -0.572009, 0.765169]], [[0.870697, -0.0917214, -0.483191], [-0.322908, 0.634432, -0.702301], [0.370968, 0.767518, 0.52278]], [[0.870697, -0.0917214, -0.483191], [-0.39589, -0.71364, -0.577918], [-0.291817, 0.694482, -0.657676]], [[0.870697, -0.0917214, -0.483191], [-0.101231, -0.994842, 0.0064304], [-0.481289, 0.0433148, -0.875491]]], "btipPosition": [-98.3485, 211.09, 87.2984], "carpPosition": [-113.976, 224.874, 119.579], "dipPosition": [-90.9289, 211.758, 73.8017], "direction": [-0.291817, -0.694482, 0.657676], "extended": false, "handId": 100, "id": 1003, "length": 53.16, "mcpPosition": [-97.9346, 255.926, 78.0416], "pipPosition": [-84.2588, 227.632, 58.7692], "stabilizedTipPosition": [-96.9651, 207.219, 87.1665], "timeVisible": 10.5568, "tipPosition": [-94.9917, 210.392, 82.8097], "tipVelocity": [36.8846, 377.168, -287.417], "tool": false, "touchDistance": 0.333333, "touchZone": "none", "type": 3, "width": 15.6882}, {"bases": [[[0.848554, -0.32377, -0.418484], [0.506134, 0.727229, 0.463643], [0.15422, -0.605235, 0.780965]], [[0.82399, -0.248988, -0.508965], [-0.218252, 0.689482, -0.690638], [0.522883, 0.680161, 0.513784]], [[0.82399, -0.248988, -0.508965], [-0.540873, -0.613276, -0.575629], [-0.168811, 0.749598, -0.640004]], [[0.82399, -0.248988, -0.508965], [-0.299016, -0.95409, -0.0173467], [-0.48128, 0.166482, -0.860612]]], "btipPosition": [-109.28, 216.174, 80.657], "carpPosition": [-122.716, 220.068, 112.323], "dipPosition": [-102.435, 218.542, 68.4173], "direction": [-0.168811, -0.749598, 0.640004], "extended": false, "handId": 100, "id": 1004, "length": 41.6764, "mcpPosition": [-114.966, 250.482, 73.0785], "pipPosition": [-99.711, 230.639, 58.0889], "stabilizedTipPosition": [-107.895, 213.901, 79.7536], "timeVisible": 10.5568, "tipPosition": [-105.119, 215.76, 76.9737], "tipVelocity": [28.4386, 391.17, -267.372], "tool": false, "touchDistance": 0.333333, "touchZone": "none", "type": 4, "width": 13.9355}], "r": [[0.770145, 0.455369, -0.446671], [-0.384954, 0.890163, 0.243764], [0.508612, -0.0157859, 0.860851]], "s": 1.46918, "t": [-55.7553, 112.363, 19.854], "timestamp": 629866080421}, {"currentFrameRate": 55.3151, "devices": [], "gestures": [], "hands": [{"armBasis": [[0.933981, 0.0886279, -0.346157], [0.239609, 0.563324, 0.79073], [0.265079, -0.821469, 0.504897]], "armWidth": 55.2759, "confidence": 1, "direction": [0.382432, 0.675529, -0.630402], "elbow": [-179.253, 13.0811, 245.414], "grabAngle": 3.14159, "grabStrength": 1, "id": 100, "palmNormal": [0.163084, -0.720903, -0.673574], "palmPosition": [-86.6123, 247.29, 87.1039], "palmVelocity": [110.712, 387.482, -298.46], "palmWidth": 78.8548, "pinchDistance": 31.5568, "pinchStrength": 0.0338668, "r": [[0.771464, 0.473308, -0.425231], [-0.405684, 0.880752, 0.244329], [0.490166, -0.0159812, 0.871483]], "s": 1.46848, "sphereCenter": [-66.9751, 233.672, 61.748], "sphereRadius": 35.5847, "stabilizedPalmPosition": [-87.6899, 243.226, 90.2709], "t": [57.4162, 118.927, 14.7751], "timeVisible": 10.575, "type": "left", "wrist": [-117.227, 205.297, 127.272]}], "id": 37027, "interactionBox": {"center": [0, 200, 0], "size": [235.247, 235.247, 147.751]}, "pointables": [{"bases": [[[0.437213, 0.838899, 0.32418], [-0.509759, -0.0658089, 0.857797], [0.740939, -0.540294, 0.398864]], [[0.0770462, 0.989572, 0.121704], [-0.465216, -0.0722833, 0.882241], [0.881838, -0.124592, 0.454795]], [[0.0770462, 0.989572, 0.121704], [-0.558805, -0.0582336, 0.827252], [0.825712, -0.131746, 0.548491]], [[0.0770462, 0.989572, 0.121704], [-0.584582, -0.0540474, 0.809532], [0.807668, -0.133518, 0.574322]]], "btipPosition": [-11.2923, 218.498, 75.4814], "carpPosition": [-88.2662, 206.823, 121.677], "dipPosition": [-26.8886, 215.919, 86.5717], "direction": [0.825712, 0.131746, -0.548491], "extended": true, "handId": 100, "id": 1000, "length": 43.0013, "mcpPosition": [-88.2662, 206.823, 121.677], "pipPosition": [-50.1178, 212.213, 102.002], "stabilizedTipPosition": [-16.5918, 191.289, 112.028], "timeVisible": 10.575, "tipPosition": [-15.5199, 220.747, 77.8819], "tipVelocity": [72.3636, 255.05, -408.97], "tool": false, "touchDistance": 0.133869, "touchZone": "hovering", "type": 0, "width": 17.574}, {"bases": [[[0.832355, 0.266013, -0.486233], [0.0827033, 0.807858, 0.583546], [0.548038, -0.52593, 0.650425]], [[0.818966, 0.278556, -0.501699], [-0.551171, 0.62516, -0.552618], [0.159708, 0.729097, 0.665516]], [[0.818966, 0.278556, -0.501699], [-0.204963, -0.674616, -0.709142], [-0.53599, 0.683593, -0.495394]], [[0.818966, 0.278556, -0.501699], [0.188965, -0.956428, -0.222569], [-0.541837, 0.0874727, -0.835919]]], "btipPosition": [-71.5651, 219.207, 81.1505], "carpPosition": [-93.8403, 226.386, 124.548], "dipPosition": [-63.9266, 220.44, 69.3662], "direction": [-0.53599, -0.683593, 0.495394], "extended": false, "handId": 100, "id": 1001, "length": 48.5221, "mcpPosition": [-58.8987, 259.918, 83.078], "pipPosition": [-53.2373, 234.073, 59.4866], "stabilizedTipPosition": [-70.2606, 211.332, 85.422], "timeVisible": 10.575, "tipPosition": [-67.2026, 217.326, 77.4559], "tipVelocity": [37.6836, 401.015, -351.744], "tool": false, "touchDistance": 0.333333, "touchZone": "none", "type": 1, "width": 16.7867}, {"bases": [[[0.872368, 0.050868, -0.486196], [0.234244, 0.829458, 0.50708], [0.429073, -0.556249, 0.711677]], [[0.845069, 0.0841314, -0.527996], [-0.455191, 0.631242, -0.627961], [0.280462, 0.771009, 0.571739]], [[0.845069, 0.0841314, -0.527996], [-0.314267, -0.720771, -0.61784], [-0.432544, 0.688049, -0.582661]], [[0.845069, 0.0841314, -0.527996], [0.045839, -0.995307, -0.0852267], [-0.532688, 0.0478197, -0.84496]]], "btipPosition": [-83.7802, 216.738, 80.9475], "carpPosition": [-102.469, 230.654, 119.944], "dipPosition": [-75.5207, 217.48, 67.8461], "direction": [-0.432544, -0.688049, 0.582661], "extended": false, "handId": 100, "id": 1002, "length": 55.2871, "mcpPosition": [-76.526, 264.287, 76.9134], "pipPosition": [-65.372, 233.623, 54.1752], "stabilizedTipPosition": [-82.704, 210.355, 83.4934], "timeVisible": 10.575, "tipPosition": [-80.3183, 215.973, 76.9953], "tipVelocity": [60.351, 406.434, -348.025], "tool": false, "touchDistance": 0.333333, "touchZone": "none", "type": 2, "width": 16.4868}, {"bases": [[[0.905844, -0.0942167, -0.413001], [0.309531, 0.812818, 0.493476], [0.2892, -0.574848, 0.765449]], [[0.886873, -0.059577, -0.458157], [-0.320244, 0.635509, -0.702547], [0.333018, 0.769792, 0.544536]], [[0.886873, -0.059577, -0.458157], [-0.353029, -0.727087, -0.588825], [-0.29804, 0.683955, -0.665866]], [[0.886873, -0.059577, -0.458157], [-0.0662803, -0.9978, 0.00144877], [-0.457235, 0.0290819, -0.88887]]], "btipPosition": [-97.4739, 218.982, 81.9776], "carpPosition": [-111.589, 232.236, 114.682], "dipPosition": [-90.4251, 219.43, 68.2746], "direction": [-0.29804, -0.683955, 0.665866], "extended": false, "handId": 100, "id": 1003, "length": 53.16, "mcpPosition": [-95.8896, 263.442, 73.1293], "pipPosition": [-83.6128, 235.063, 53.0549], "stabilizedTipPosition": [-96.2859, 214.464, 82.0742], "timeVisible": 10.575, "tipPosition": [-94.1821, 217.819, 77.2129], "tipVelocity": [43.4465, 431.598, -295.481], "tool": false, "touchDistance": 0.333333, "touchZone": "none", "type": 3, "width": 15.6882}, {"bases": [[[0.869549, -0.293113, -0.397454], [0.470981, 0.734267, 0.488906], [0.148533, -0.61232, 0.776532]], [[0.845427, -0.21748, -0.487807], [-0.216494, 0.695398, -0.685239], [0.488246, 0.684927, 0.540825]], [[0.845427, -0.21748, -0.487807], [-0.502706, -0.632504, -0.589258], [-0.180389, 0.743398, -0.644065]], [[0.845427, -0.21748, -0.487807], [-0.26286, -0.964495, -0.0255658], [-0.464928, 0.149839, -0.872577]]], "btipPosition": [-108.489, 224.45, 75.6267], "carpPosition": [-120.674, 227.791, 107.624], "dipPosition": [-101.877, 226.581, 63.2168], "direction": [-0.180389, -0.743398, 0.644065], "extended": false, "handId": 100, "id": 1004, "length": 41.6764, "mcpPosition": [-113.21, 258.561, 68.6014], "pipPosition": [-98.966, 238.578, 52.8229], "stabilizedTipPosition": [-107.252, 221.564, 74.9073], "timeVisible": 10.575, "tipPosition": [-104.342, 223.559, 71.7366], "tipVelocity": [40.5836, 452.539, -279.031], "tool": false, "touchDistance": 0.333333, "touchZone": "none", "type": 4, "width": 13.9355}], "r": [[0.771464, 0.473308, -0.425231], [-0.405684, 0.880752, 0.244329], [0.490166, -0.0159812, 0.871483]], "s": 1.46848, "t": [-57.4162, 118.927, 14.7751], "timestamp": 629866098589}, {"currentFrameRate": 55.3379, "devices": [], "gestures": [], "hands": [{"armBasis": [[0.935113, 0.130208, -0.329559], [0.200585, 0.572179, 0.795221], [0.292111, -0.809727, 0.508934]], "armWidth": 55.2759, "confidence": 1, "direction": [0.383173, 0.672299, -0.633398], "elbow": [-183.434, 23.2788, 240.789], "grabAngle": 3.14159, "grabStrength": 1, "id": 100, "palmNormal": [0.128011, -0.717769, -0.684412], "palmPosition": [-84.2748, 254.271, 81.1351], "palmVelocity": [129.918, 388.006, -331.75], "palmWidth": 78.8548, "pinchDistance": 32.3118, "pinchStrength": 0.0236658, "r": [[0.771584, 0.492148, -0.403049], [-0.427721, 0.870368, 0.243958], [0.470864, -0.0158418, 0.882064]], "s": 1.46816, "sphereCenter": [-65.1478, 240.417, 55.2885], "sphereRadius": 35.6937, "stabilizedPalmPosition": [-85.7458, 249.513, 85.0704], "t": [59.4154, 125.699, 9.25116], "timeVisible": 10.5929, "type": "left", "wrist": [-115.083, 212.747, 121.703]}], "id": 37028, "interactionBox": {"center": [0, 200, 0], "size": [235.247, 235.247, 147.751]}, "pointables": [{"bases": [[[0.407825, 0.846081, 0.343258], [-0.529408, -0.0871797, 0.843876], [0.743912, -0.525877, 0.412368]], [[0.0452571, 0.990387, 0.130708], [-0.47199, -0.0941178, 0.876566], [0.880441, -0.101364, 0.463194]], [[0.0452571, 0.990387, 0.130708], [-0.576659, -0.0809411, 0.812965], [0.81573, -0.112166, 0.567453]], [[0.0452571, 0.990387, 0.130708], [-0.606825, -0.0766806, 0.791128], [0.793546, -0.115121, 0.597522]]], "btipPosition": [-9.70691, 223.269, 67.8076], "carpPosition": [-86.0669, 213.505, 115.347], "dipPosition": [-25.0305, 221.046, 79.3459], "direction": [0.81573, 0.112166, -0.567453], "extended": true, "handId": 100, "id": 1000, "length": 43.0013, "mcpPosition": [-86.0669, 213.505, 115.347], "pipPosition": [-47.9789, 217.89, 95.3097], "stabilizedTipPosition": [-16.3254, 193.784, 108.733], "timeVisible": 10.5929, "tipPosition": [-14.0793, 225.915, 69.8816], "tipVelocity": [91.6006, 269.712, -420.785], "tool": false, "touchDistance": 0.00768974, "touchZone": "hovering", "type": 0, "width": 17.574}, {"bases": [[[0.837441, 0.291475, -0.462314], [0.0477779, 0.803629, 0.593209], [0.544435, -0.518866, 0.659066]], [[0.82123, 0.306463, -0.481313], [-0.55593, 0.619765, -0.553925], [0.128543, 0.722476, 0.679341]], [[0.82123, 0.306463, -0.481313], [-0.162664, -0.682781, -0.712285], [-0.54692, 0.663242, -0.51087]], [[0.82123, 0.306463, -0.481313], [0.228935, -0.949621, -0.21403], [-0.522657, 0.0655784, -0.850017]]], "btipPosition": [-70.0835, 226.489, 74.6168], "carpPosition": [-91.0768, 233.169, 118.548], "dipPosition": [-62.7154, 227.413, 62.6338], "direction": [-0.54692, -0.663242, 0.51087], "extended": false, "handId": 100, "id": 1001, "length": 48.5221, "mcpPosition": [-56.3648, 266.251, 76.527], "pipPosition": [-51.8082, 240.64, 52.4455], "stabilizedTipPosition": [-69.4693, 217.829, 79.689], "timeVisible": 10.5929, "tipPosition": [-65.9588, 224.036, 70.7496], "tipVelocity": [78.8899, 400.79, -365.684], "tool": false, "touchDistance": 0.333333, "touchZone": "none", "type": 1, "width": 16.7867}, {"bases": [[[0.8828, 0.077396, -0.46333], [0.200611, 0.829751, 0.520835], [0.424759, -0.552742, 0.716977]], [[0.855741, 0.110401, -0.505489], [-0.451164, 0.637494, -0.624542], [0.253296, 0.762505, 0.595338]], [[0.855741, 0.110401, -0.505489], [-0.27859, -0.724944, -0.629956], [-0.435999, 0.679903, -0.589607]], [[0.855741, 0.110401, -0.505489], [0.0718912, -0.992864, -0.0951422], [-0.512386, 0.0450769, -0.857571]]], "btipPosition": [-82.1282, 224.14, 74.3093], "carpPosition": [-99.7096, 237.696, 114.206], "dipPosition": [-74.1835, 224.839, 61.0124], "direction": [-0.435999, -0.679903, 0.589607], "extended": false, "handId": 100, "id": 1002, "length": 55.2871, "mcpPosition": [-74.0273, 271.117, 70.8553], "pipPosition": [-63.9537, 240.792, 47.1785], "stabilizedTipPosition": [-81.5891, 216.825, 77.8136], "timeVisible": 10.5929, "tipPosition": [-79.0688, 222.965, 70.5939], "tipVelocity": [87.7958, 410.862, -371.45], "tool": false, "touchDistance": 0.333333, "touchZone": "none", "type": 2, "width": 16.4868}, {"bases": [[[0.918033, -0.0675599, -0.390707], [0.276608, 0.815117, 0.508991], [0.284084, -0.575344, 0.766992]], [[0.899346, -0.0329385, -0.435995], [-0.313661, 0.646111, -0.695814], [0.304621, 0.762532, 0.570746]], [[0.899346, -0.0329385, -0.435995], [-0.318937, -0.731524, -0.602621], [-0.299092, 0.68102, -0.668398]], [[0.899346, -0.0329385, -0.435995], [-0.0418765, -0.999063, -0.0109035], [-0.435228, 0.028064, -0.899883]]], "btipPosition": [-95.8111, 226.68, 75.6668], "carpPosition": [-108.917, 239.557, 109.194], "dipPosition": [-89.1015, 227.113, 61.794], "direction": [-0.299092, -0.68102, 0.668398], "extended": false, "handId": 100, "id": 1003, "length": 53.16, "mcpPosition": [-93.4951, 270.79, 67.5571], "pipPosition": [-82.2652, 242.679, 46.5165], "stabilizedTipPosition": [-95.1415, 221.448, 76.6311], "timeVisible": 10.5929, "tipPosition": [-92.8759, 225.158, 71.2033], "tipVelocity": [88.0822, 427.669, -352.925], "tool": false, "touchDistance": 0.333333, "touchZone": "none", "type": 3, "width": 15.6882}, {"bases": [[[0.886334, -0.267442, -0.378003], [0.440033, 0.740632, 0.507775], [0.144161, -0.616392, 0.774131]], [[0.862005, -0.189935, -0.46997], [-0.209218, 0.711177, -0.671159], [0.461708, 0.676869, 0.573301]], [[0.862005, -0.189935, -0.46997], [-0.471882, -0.639298, -0.607145], [-0.185133, 0.745133, -0.640705]], [[0.862005, -0.189935, -0.46997], [-0.237553, -0.970398, -0.0435341], [-0.447789, 0.149169, -0.881608]]], "btipPosition": [-106.927, 232.491, 69.5766], "carpPosition": [-118.285, 235.41, 102.326], "dipPosition": [-100.558, 234.612, 57.0383], "direction": [-0.185133, -0.745133, 0.640705], "extended": false, "handId": 100, "id": 1004, "length": 41.6764, "mcpPosition": [-111.041, 266.385, 63.4246], "pipPosition": [-97.5708, 246.637, 46.6986], "stabilizedTipPosition": [-106.09, 228.977, 69.573], "timeVisible": 10.5929, "tipPosition": [-103.067, 231.214, 66.0224], "tipVelocity": [83.7215, 446.782, -337.903], "tool": false, "touchDistance": 0.333333, "touchZone": "none", "type": 4, "width": 13.9355}], "r": [[0.771584, 0.492148, -0.403049], [-0.427721, 0.870368, 0.243958], [0.470864, -0.0158418, 0.882064]], "s": 1.46816, "t": [-59.4154, 125.699, 9.25116], "timestamp": 629866116581}, {"currentFrameRate": 55.2015, "devices": [], "gestures": [], "hands": [{"armBasis": [[0.934258, 0.166419, -0.315385], [0.165963, 0.579885, 0.797615], [0.315625, -0.79752, 0.514143]], "armWidth": 55.2759, "confidence": 1, "direction": [0.385558, 0.661902, -0.642831], "elbow": [-186.389, 33.564, 236.086], "grabAngle": 3.14159, "grabStrength": 1, "id": 100, "palmNormal": [0.0933444, -0.721104, -0.68651], "palmPosition": [-81.4832, 260.828, 74.4893], "palmVelocity": [150.189, 352.766, -357.553], "palmWidth": 78.8548, "pinchDistance": 32.9733, "pinchStrength": 0.0201971, "r": [[0.770235, 0.510976, -0.38163], [-0.450776, 0.859488, 0.241003], [0.451153, -0.0135995, 0.892343]], "s": 1.46797, "sphereCenter": [-62.9187, 246.409, 48.26], "sphereRadius": 35.7629, "stabilizedPalmPosition": [-83.53, 255.395, 79.5699], "t": [61.8108, 132.364, 3.16629], "timeVisible": 10.6115, "type": "left", "wrist": [-112.536, 220.176, 115.781]}], "id": 37029, "interactionBox": {"center": [0, 200, 0], "size": [235.247, 235.247, 147.751]}, "pointables": [{"bases": [[[0.377636, 0.856498, 0.351857], [-0.546546, -0.100558, 0.83137], [0.747448, -0.506261, 0.430141]], [[0.012752, 0.99165, 0.128328], [-0.478565, -0.106633, 0.871553], [0.87796, -0.0725274, 0.473209]], [[0.012752, 0.99165, 0.128328], [-0.592462, -0.0958916, 0.799871], [0.805498, -0.0862295, 0.586292]], [[0.012752, 0.99165, 0.128328], [-0.627234, -0.0920158, 0.773376], [0.778726, -0.0903539, 0.620823]]], "btipPosition": [-7.8524, 227.443, 59.821], "carpPosition": [-83.531, 220.135, 108.774], "dipPosition": [-22.8899, 225.698, 71.8093], "direction": [0.805498, 0.0862295, -0.586292], "extended": true, "handId": 100, "id": 1000, "length": 43.0013, "mcpPosition": [-83.531, 220.135, 108.774], "pipPosition": [-45.5504, 223.273, 88.3031], "stabilizedTipPosition": [-16.3254, 193.784, 108.733], "timeVisible": 10.6115, "tipPosition": [-12.2867, 230.51, 61.6663], "tipVelocity": [103.316, 230.51, -424.117], "tool": false, "touchDistance": -0.123695, "touchZone": "hovering", "type": 0, "width": 17.574}, {"bases": [[[0.840182, 0.312914, -0.44292], [0.0130668, 0.80482, 0.593374], [0.542146, -0.50433, 0.672107]], [[0.822986, 0.328385, -0.463527], [-0.559133, 0.612378, -0.558895], [0.100321, 0.719136, 0.68759]], [[0.822986, 0.328385, -0.463527], [-0.123885, -0.692585, -0.710618], [-0.554388, 0.642253, -0.529306]], [[0.822986, 0.328385, -0.463527], [0.263226, -0.943542, -0.201097], [-0.503394, 0.043488, -0.862962]]], "btipPosition": [-67.984, 233.165, 67.5666], "carpPosition": [-87.9536, 239.923, 112.071], "dipPosition": [-60.8875, 233.778, 55.4011], "direction": [-0.554388, -0.642253, 0.529306], "extended": false, "handId": 100, "id": 1001, "length": 48.5221, "mcpPosition": [-53.3876, 272.078, 69.219], "pipPosition": [-49.8314, 246.586, 44.8451], "stabilizedTipPosition": [-68.2587, 223.839, 73.8952], "timeVisible": 10.6115, "tipPosition": [-64.2743, 230.228, 63.7432], "tipVelocity": [109.592, 355.322, -381.567], "tool": false, "touchDistance": 0.333333, "touchZone": "none", "type": 1, "width": 16.7867}, {"bases": [[[0.891083, 0.100082, -0.442667], [0.166821, 0.834868, 0.524563], [0.422068, -0.541276, 0.727241]], [[0.864171, 0.132359, -0.485479], [-0.44891, 0.638686, -0.624948], [0.227351, 0.757998, 0.611351]], [[0.864171, 0.132359, -0.485479], [-0.24463, -0.732597, -0.635183], [-0.439732, 0.66767, -0.60071]], [[0.864171, 0.132359, -0.485479], [0.0972013, -0.990524, -0.0970301], [-0.493721, 0.0366615, -0.868847]]], "btipPosition": [-79.9766, 231.019, 67.209], "carpPosition": [-96.5653, 244.671, 107.928], "dipPosition": [-72.3214, 231.587, 53.7373], "direction": [-0.439732, -0.66767, 0.60071], "extended": false, "handId": 100, "id": 1002, "length": 55.2871, "mcpPosition": [-71.0458, 277.398, 63.9564], "pipPosition": [-62.004, 247.253, 39.6429], "stabilizedTipPosition": [-80.1547, 222.917, 71.9865], "timeVisible": 10.6115, "tipPosition": [-77.375, 229.468, 63.8707], "tipVelocity": [112.174, 368.452, -384.167], "tool": false, "touchDistance": 0.333333, "touchZone": "none", "type": 2, "width": 16.4868}, {"bases": [[[0.928354, -0.0438846, -0.369098], [0.243428, 0.822205, 0.514512], [0.280895, -0.567498, 0.77398]], [[0.90984, -0.00977621, -0.414845], [-0.308177, 0.653557, -0.691296], [0.277883, 0.756814, 0.591619]], [[0.90984, -0.00977621, -0.414845], [-0.286719, -0.737507, -0.611454], [-0.299973, 0.675269, -0.673816]], [[0.90984, -0.00977621, -0.414845], [-0.0194328, -0.999629, -0.0190629], [-0.414505, 0.0254058, -0.909692]]], "btipPosition": [-93.5896, 233.849, 68.7293], "carpPosition": [-105.836, 246.768, 103.13], "dipPosition": [-87.1995, 234.24, 54.7053], "direction": [-0.299973, -0.675269, 0.673816], "extended": false, "handId": 100, "id": 1003, "length": 53.16, "mcpPosition": [-90.5872, 277.575, 61.1141], "pipPosition": [-80.343, 249.675, 39.304], "stabilizedTipPosition": [-93.576, 227.919, 70.866], "timeVisible": 10.6115, "tipPosition": [-91.1148, 232.037, 64.823], "tipVelocity": [115.566, 385.164, -375.115], "tool": false, "touchDistance": 0.333333, "touchZone": "none", "type": 3, "width": 15.6882}, {"bases": [[[0.901556, -0.244516, -0.356942], [0.408711, 0.751981, 0.517184], [0.141954, -0.612157, 0.77789]], [[0.876689, -0.165948, -0.451528], [-0.204314, 0.721306, -0.661796], [0.435513, 0.672443, 0.598455]], [[0.876689, -0.165948, -0.451528], [-0.441801, -0.649124, -0.619233], [-0.190337, 0.74236, -0.642396]], [[0.876689, -0.165948, -0.451528], [-0.213196, -0.975435, -0.0554452], [-0.431235, 0.144872, -0.890533]]], "btipPosition": [-104.832, 239.966, 62.9691], "carpPosition": [-115.467, 242.863, 96.4871], "dipPosition": [-98.6988, 242.026, 50.3038], "direction": [-0.190337, -0.74236, 0.642396], "extended": false, "handId": 100, "id": 1004, "length": 41.6764, "mcpPosition": [-108.333, 273.625, 57.3967], "pipPosition": [-95.6271, 254.006, 39.9368], "stabilizedTipPosition": [-104.49, 235.848, 63.8681], "timeVisible": 10.6115, "tipPosition": [-101.304, 238.349, 59.8509], "tipVelocity": [109.805, 401.408, -357.065], "tool": false, "touchDistance": 0.333333, "touchZone": "none", "type": 4, "width": 13.9355}], "r": [[0.770235, 0.510976, -0.38163], [-0.450776, 0.859488, 0.241003], [0.451153, -0.0135995, 0.892343]], "s": 1.46797, "t": [-61.8108, 132.364, 3.16629], "timestamp": 629866135168}, {"currentFrameRate": 55.3446, "devices": [], "gestures": [], "hands": [{"armBasis": [[0.930381, 0.192504, -0.311984], [0.144003, 0.590714, 0.793927], [0.337127, -0.783581, 0.521868]], "armWidth": 55.2759, "confidence": 1, "direction": [0.389344, 0.636369, -0.665918], "elbow": [-188.715, 44.9502, 231.653], "grabAngle": 3.14159, "grabStrength": 1, "id": 100, "palmNormal": [0.0641039, -0.739933, -0.669619], "palmPosition": [-78.4613, 267.237, 66.8621], "palmVelocity": [171.957, 364.677, -434.005], "palmWidth": 78.8548, "pinchDistance": 33.3259, "pinchStrength": 0.032006, "r": [[0.767384, 0.527637, -0.364309], [-0.473805, 0.849451, 0.232253], [0.432008, -0.0056163, 0.901852]], "s": 1.46715, "sphereCenter": [-60.7358, 251.668, 40.5114], "sphereRadius": 35.6974, "stabilizedPalmPosition": [-83.53, 255.395, 79.5699], "t": [64.5194, 138.9, -3.68974], "timeVisible": 10.6291, "type": "left", "wrist": [-109.83, 228.301, 109.541]}], "id": 37030, "interactionBox": {"center": [0, 200, 0], "size": [235.247, 235.247, 147.751]}, "pointables": [{"bases": [[[0.351109, 0.873724, 0.336642], [-0.558877, -0.0929082, 0.824029], [0.751251, -0.477466, 0.455684]], [[-0.0164862, 0.994752, 0.100976], [-0.486191, -0.0962216, 0.868539], [0.873697, -0.0347746, 0.485226]], [[-0.0164862, 0.994752, 0.100976], [-0.610993, -0.0899631, 0.786507], [0.791464, -0.0487289, 0.60927]], [[-0.0164862, 0.994752, 0.100976], [-0.651538, -0.0872924, 0.753577], [0.758437, -0.0533658, 0.649558]]], "btipPosition": [-6.13756, 231.373, 51.5186], "carpPosition": [-80.8452, 227.467, 102.193], "dipPosition": [-20.7832, 230.342, 64.0618], "direction": [0.791464, 0.0487289, -0.60927], "extended": true, "handId": 100, "id": 1000, "length": 43.0013, "mcpPosition": [-80.8452, 227.467, 102.193], "pipPosition": [-43.0489, 228.972, 81.2019], "stabilizedTipPosition": [-15.9403, 195.893, 105.665], "timeVisible": 10.6291, "tipPosition": [-10.2132, 234.857, 53.632], "tipVelocity": [102.706, 232.965, -465.165], "tool": false, "touchDistance": -0.259941, "touchZone": "hovering", "type": 0, "width": 17.574}, {"bases": [[[0.840443, 0.321776, -0.436022], [-0.0164265, 0.819375, 0.573022], [0.54165, -0.47443, 0.693924]], [[0.824691, 0.335145, -0.45559], [-0.560004, 0.596734, -0.574721], [0.0792512, 0.729099, 0.679804]], [[0.824691, 0.335145, -0.45559], [-0.0923348, -0.714935, -0.693068], [-0.557996, 0.613633, -0.558655]], [[0.824691, 0.335145, -0.45559], [0.288998, -0.942128, -0.169924], [-0.486174, 0.00847038, -0.873821]]], "btipPosition": [-65.3816, 239.477, 60.1847], "carpPosition": [-84.7435, 247.431, 105.066], "dipPosition": [-58.5279, 239.597, 47.8662], "direction": [-0.557996, -0.613633, 0.558655], "extended": false, "handId": 100, "id": 1001, "length": 48.5221, "mcpPosition": [-50.2091, 277.68, 60.8228], "pipPosition": [-47.3998, 251.834, 36.7249], "stabilizedTipPosition": [-66.7966, 228.982, 68.4636], "timeVisible": 10.6291, "tipPosition": [-62.2284, 236.106, 56.6217], "tipVelocity": [144.905, 352.744, -422.046], "tool": false, "touchDistance": 0.333333, "touchZone": "none", "type": 1, "width": 16.7867}, {"bases": [[[0.896299, 0.110291, -0.429516], [0.137793, 0.851365, 0.506154], [0.421499, -0.512849, 0.74788]], [[0.869411, 0.140845, -0.473589], [-0.448567, 0.626865, -0.637047], [0.207152, 0.766292, 0.608182]], [[0.869411, 0.140845, -0.473589], [-0.216606, -0.752842, -0.621539], [-0.444078, 0.642955, -0.624021]], [[0.869411, 0.140845, -0.473589], [0.119003, -0.989984, -0.0759563], [-0.479544, 0.00967892, -0.877464]]], "btipPosition": [-77.4459, 237.576, 59.7942], "carpPosition": [-93.3147, 252.279, 100.954], "dipPosition": [-70.0105, 237.726, 46.1889], "direction": [-0.444078, -0.642955, 0.624021], "extended": false, "handId": 100, "id": 1002, "length": 55.2871, "mcpPosition": [-67.8296, 283.287, 55.735], "pipPosition": [-59.5911, 252.812, 31.5475], "stabilizedTipPosition": [-78.5636, 228.207, 66.4699], "timeVisible": 10.6291, "tipPosition": [-75.3005, 235.63, 56.9542], "tipVelocity": [141.126, 367.645, -423.668], "tool": false, "touchDistance": 0.333333, "touchZone": "none", "type": 2, "width": 16.4868}, {"bases": [[[0.935602, -0.0308766, -0.351704], [0.214843, 0.840286, 0.497756], [0.280163, -0.541263, 0.792807]], [[0.917119, 0.00163527, -0.398611], [-0.305456, 0.645365, -0.700143], [0.256105, 0.763873, 0.592376]], [[0.917119, 0.00163527, -0.398611], [-0.259861, -0.755836, -0.600986], [-0.302267, 0.654759, -0.692766]], [[0.917119, 0.00163527, -0.398611], [0.000116338, -0.999993, -0.00383472], [-0.398614, 0.00347052, -0.917112]]], "btipPosition": [-91.0221, 240.679, 61.3636], "carpPosition": [-102.618, 254.476, 96.2669], "dipPosition": [-84.877, 240.733, 47.2253], "direction": [-0.302267, -0.654759, 0.692766], "extended": false, "handId": 100, "id": 1003, "length": 53.16, "mcpPosition": [-87.4094, 283.859, 53.2288], "pipPosition": [-77.9681, 255.699, 31.3907], "stabilizedTipPosition": [-91.8403, 233.507, 65.2859], "timeVisible": 10.6291, "tipPosition": [-88.9684, 238.561, 58.0946], "tipVelocity": [142.89, 384.271, -420.621], "tool": false, "touchDistance": 0.333333, "touchZone": "none", "type": 3, "width": 15.6882}, {"bases": [[[0.913294, -0.231727, -0.334958], [0.38165, 0.774112, 0.505068], [0.142257, -0.589112, 0.79543]], [[0.887603, -0.154488, -0.433929], [-0.20235, 0.715517, -0.668647], [0.413781, 0.681299, 0.603835]], [[0.887603, -0.154488, -0.433929], [-0.416806, -0.670354, -0.61392], [-0.196043, 0.725782, -0.6594]], [[0.887603, -0.154488, -0.433929], [-0.192173, -0.980371, -0.0440591], [-0.418605, 0.122496, -0.899869]]], "btipPosition": [-102.352, 246.911, 55.7434], "carpPosition": [-112.455, 250.638, 89.8926], "dipPosition": [-96.3985, 248.653, 42.9454], "direction": [-0.196043, -0.725782, 0.6594], "extended": false, "handId": 100, "id": 1004, "length": 41.6764, "mcpPosition": [-105.307, 280.242, 49.9208], "pipPosition": [-93.2348, 260.366, 32.304], "stabilizedTipPosition": [-102.718, 241.639, 58.2766], "timeVisible": 10.6291, "tipPosition": [-99.1395, 244.978, 53.1279], "tipVelocity": [138.759, 391.016, -412.895], "tool": false, "touchDistance": 0.333333, "touchZone": "none", "type": 4, "width": 13.9355}], "r": [[0.767384, 0.527637, -0.364309], [-0.473805, 0.849451, 0.232253], [0.432008, -0.0056163, 0.901852]], "s": 1.46715, "t": [-64.5194, 138.9, -3.68974], "timestamp": 629866152742}, {"currentFrameRate": 55.3368, "devices": [], "gestures": [], "hands": [{"armBasis": [[0.924777, 0.224146, -0.307484], [0.116785, 0.601888, 0.789995], [0.362145, -0.766479, 0.530435]], "armWidth": 55.2759, "confidence": 1, "direction": [0.397368, 0.611975, -0.683803], "elbow": [-191.577, 56.2967, 226.304], "grabAngle": 3.14159, "grabStrength": 1, "id": 100, "palmNormal": [0.0307949, -0.753633, -0.656574], "palmPosition": [-74.9159, 272.86, 58.3968], "palmVelocity": [195.897, 310.684, -467.745], "palmWidth": 78.8548, "pinchDistance": 33.4231, "pinchStrength": 0.0497713, "r": [[0.762457, 0.54419, -0.350025], [-0.497708, 0.838938, 0.220159], [0.413457, 0.00634785, 0.910501]], "s": 1.46534, "sphereCenter": [-58.3912, 256.219, 31.7852], "sphereRadius": 35.5612, "stabilizedPalmPosition": [-80.4616, 261.616, 72.0279], "t": [67.6464, 144.98, -11.3504], "timeVisible": 10.6472, "type": "left", "wrist": [-106.838, 235.645, 102.187]}], "id": 37031, "interactionBox": {"center": [0, 200, 0], "size": [235.247, 235.247, 147.751]}, "pointables": [{"bases": [[[0.31906, 0.889998, 0.325737], [-0.56926, -0.0948219, 0.816671], [0.757722, -0.445996, 0.476387]], [[-0.0526782, 0.995492, 0.0788651], [-0.497585, -0.0946389, 0.862237], [0.865814, 0.00617895, 0.500328]], [[-0.0526782, 0.995492, 0.0788651], [-0.630906, -0.0943941, 0.770096], [0.774069, -0.00918923, 0.633035]], [[-0.0526782, 0.995492, 0.0788651], [-0.674526, -0.0937065, 0.73228], [0.736369, -0.0146215, 0.676422]]], "btipPosition": [-4.46618, 234.106, 41.9847], "carpPosition": [-77.9173, 233.832, 94.4996], "dipPosition": [-18.6857, 233.823, 55.0467], "direction": [0.774069, 0.00918923, -0.633035], "extended": true, "handId": 100, "id": 1000, "length": 43.0013, "mcpPosition": [-77.9173, 233.832, 94.4996], "pipPosition": [-40.4621, 233.565, 72.8554], "stabilizedTipPosition": [-15.6359, 197.309, 103.413], "timeVisible": 10.6472, "tipPosition": [-7.89198, 237.967, 44.7116], "tipVelocity": [97.767, 160.501, -520.198], "tool": false, "touchDistance": -0.403499, "touchZone": "hovering", "type": 0, "width": 17.574}, {"bases": [[[0.837404, 0.339191, -0.428608], [-0.0504977, 0.828813, 0.557243], [0.544247, -0.444993, 0.711179]], [[0.823617, 0.350147, -0.446153], [-0.564606, 0.580578, -0.586642], [0.0536154, 0.735069, 0.675869]], [[0.823617, 0.350147, -0.446153], [-0.0590136, -0.729482, -0.681449], [-0.564068, 0.587582, -0.580151]], [[0.823617, 0.350147, -0.446153], [0.317862, -0.936486, -0.14818], [-0.469701, -0.0197714, -0.882604]]], "btipPosition": [-62.435, 244.83, 51.7703], "carpPosition": [-81.1647, 253.954, 97.0596], "dipPosition": [-55.8134, 244.551, 39.328], "direction": [-0.564068, -0.587582, 0.580151], "extended": false, "handId": 100, "id": 1001, "length": 48.5221, "mcpPosition": [-46.4648, 282.326, 51.7164], "pipPosition": [-44.5642, 256.269, 27.758], "stabilizedTipPosition": [-65.2231, 233.203, 63.2348], "timeVisible": 10.6472, "tipPosition": [-59.8346, 241.188, 48.4993], "tipVelocity": [159.867, 290.691, -466.51], "tool": false, "touchDistance": 0.333333, "touchZone": "none", "type": 1, "width": 16.7867}, {"bases": [[[0.899491, 0.129656, -0.417259], [0.103763, 0.864254, 0.492238], [0.424439, -0.48606, 0.763935]], [[0.872422, 0.158569, -0.462316], [-0.453548, 0.615159, -0.644882], [0.18214, 0.772292, 0.608597]], [[0.872422, 0.158569, -0.462316], [-0.185523, -0.767675, -0.613397], [-0.452175, 0.620911, -0.640318]], [[0.872422, 0.158569, -0.462316], [0.146061, -0.987268, -0.0629942], [-0.466419, -0.012569, -0.884475]]], "btipPosition": [-74.5869, 243.286, 51.3379], "carpPosition": [-89.6523, 258.985, 92.9941], "dipPosition": [-67.355, 243.091, 37.6239], "direction": [-0.452175, -0.620911, 0.640318], "extended": false, "handId": 100, "id": 1002, "length": 55.2871, "mcpPosition": [-63.9894, 288.373, 46.8041], "pipPosition": [-56.7456, 257.659, 22.6001], "stabilizedTipPosition": [-76.893, 232.66, 61.0534], "timeVisible": 10.6472, "tipPosition": [-72.874, 241.093, 48.9969], "tipVelocity": [155.388, 311.108, -468.634], "tool": false, "touchDistance": 0.333333, "touchZone": "none", "type": 2, "width": 16.4868}, {"bases": [[[0.941748, -0.00880705, -0.336203], [0.18124, 0.855374, 0.48527], [0.283306, -0.517936, 0.807143]], [[0.923066, 0.0222663, -0.383998], [-0.308864, 0.637901, -0.705468], [0.229244, 0.769796, 0.595702]], [[0.923066, 0.0222663, -0.383998], [-0.22949, -0.769288, -0.596263], [-0.308681, 0.638514, -0.704994]], [[0.923066, 0.0222663, -0.383998], [0.0254762, -0.99967, 0.00327405], [-0.383798, -0.012805, -0.923328]]], "btipPosition": [-88.1027, 246.719, 52.9856], "carpPosition": [-98.961, 261.378, 88.4144], "dipPosition": [-82.186, 246.522, 38.7514], "direction": [-0.308681, -0.638514, 0.704994], "extended": false, "handId": 100, "id": 1003, "length": 53.16, "mcpPosition": [-83.5816, 289.495, 44.598], "pipPosition": [-75.1304, 261.116, 22.6374], "stabilizedTipPosition": [-89.9922, 238.28, 59.6405], "timeVisible": 10.6472, "tipPosition": [-86.4385, 244.463, 50.308], "tipVelocity": [158.41, 330.533, -464.146], "tool": false, "touchDistance": 0.333333, "touchZone": "none", "type": 3, "width": 15.6882}, {"bases": [[[0.92523, -0.209904, -0.316054], [0.349823, 0.79445, 0.496461], [0.14688, -0.569903, 0.808478]], [[0.898233, -0.133923, -0.418618], [-0.207421, 0.710549, -0.672381], [0.387496, 0.690786, 0.610461]], [[0.898233, -0.133923, -0.418618], [-0.38812, -0.688639, -0.612486], [-0.206251, 0.712629, -0.670537]], [[0.898233, -0.133923, -0.418618], [-0.164991, -0.985534, -0.0387342], [-0.407375, 0.10386, -0.907336]]], "btipPosition": [-99.4487, 253.234, 47.5574], "carpPosition": [-109.013, 257.726, 82.2697], "dipPosition": [-93.655, 254.711, 34.6532], "direction": [-0.206251, -0.712629, 0.670537], "extended": false, "handId": 100, "id": 1004, "length": 41.6764, "mcpPosition": [-101.632, 286.365, 41.6422], "pipPosition": [-90.3265, 266.211, 23.8321], "stabilizedTipPosition": [-100.771, 246.69, 52.4845], "timeVisible": 10.6472, "tipPosition": [-96.5348, 251.083, 45.3826], "tipVelocity": [158.39, 345.999, -453.664], "tool": false, "touchDistance": 0.333333, "touchZone": "none", "type": 4, "width": 13.9355}], "r": [[0.762457, 0.54419, -0.350025], [-0.497708, 0.838938, 0.220159], [0.413457, 0.00634785, 0.910501]], "s": 1.46534, "t": [-67.6464, 144.98, -11.3504], "timestamp": 629866170840}, {"currentFrameRate": 55.3387, "devices": [], "gestures": [], "hands": [{"armBasis": [[0.916988, 0.254773, -0.306959], [0.0927478, 0.612235, 0.785217], [0.387983, -0.748505, 0.537782]], "armWidth": 55.2759, "confidence": 1, "direction": [0.406293, 0.583077, -0.703525], "elbow": [-194.207, 67.3039, 220.091], "grabAngle": 3.14159, "grabStrength": 1, "id": 100, "palmNormal": [-0.00202414, -0.769361, -0.638811], "palmPosition": [-70.8939, 277.679, 49.2977], "palmVelocity": [222.653, 266.813, -503.717], "palmWidth": 78.8548, "pinchDistance": 33.3383, "pinchStrength": 0.0732722, "r": [[0.755531, 0.560451, -0.339216], [-0.522189, 0.827884, 0.204762], [0.395591, 0.0224316, 0.918153]], "s": 1.46211, "sphereCenter": [-55.8698, 259.877, 22.4896], "sphereRadius": 35.3666, "stabilizedPalmPosition": [-77.8095, 266.069, 65.7274], "t": [71.2209, 150.43, -19.7303], "timeVisible": 10.6653, "type": "left", "wrist": [-103.422, 242.447, 94.2549]}], "id": 37032, "interactionBox": {"center": [0, 200, 0], "size": [235.247, 235.247, 147.751]}, "pointables": [{"bases": [[[0.286595, 0.906928, 0.30878], [-0.577717, -0.0935107, 0.810863], [0.764269, -0.410777, 0.497147]], [[-0.0878442, 0.994769, 0.0521328], [-0.510163, -0.0898777, 0.855369], [0.85558, 0.0485429, 0.51539]], [[-0.0878442, 0.994769, 0.0521328], [-0.652403, -0.0970022, 0.751639], [0.752764, 0.0320155, 0.657511]], [[-0.0878442, 0.994769, 0.0521328], [-0.700396, -0.0988941, 0.70687], [0.708328, 0.0255809, 0.705419]]], "btipPosition": [-2.71774, 236.125, 31.9416], "carpPosition": [-74.5853, 239.619, 86.3567], "dipPosition": [-16.3958, 236.619, 45.5635], "direction": [0.752764, -0.0320155, -0.657511], "extended": true, "handId": 100, "id": 1000, "length": 43.0013, "mcpPosition": [-74.5853, 239.619, 86.3567], "pipPosition": [-37.5728, 237.519, 64.0608], "stabilizedTipPosition": [-15.4219, 198.161, 101.916], "timeVisible": 10.6653, "tipPosition": [-5.23534, 240.1, 35.5023], "tipVelocity": [103.686, 121.649, -548.843], "tool": false, "touchDistance": -0.540197, "to