{"frames": 65, "data": [{"currentFrameRate": 55.319, "devices": [], "gestures": [], "hands": [{"armBasis": [[0.493476, -0.282218, -0.8227], [0.811348, 0.490162, 0.318522], [0.313364, -0.824678, 0.47086]], "armWidth": 55.2759, "confidence": 1, "direction": [0.32546, 0.72528, -0.606668], "elbow": [-197.927, -46.3835, 274.196], "grabAngle": 3.14159, "grabStrength": 1, "id": 100, "palmNormal": [0.782282, -0.566936, -0.258108], "palmPosition": [-96.9337, 195.542, 129.508], "palmVelocity": [-0.137027, 63.8734, -59.086], "palmWidth": 78.8548, "pinchDistance": 20.0806, "pinchStrength": 0.368995, "r": [[0.616428, 0.0310605, -0.786799], [0.135592, 0.980108, 0.144923], [0.775649, -0.196018, 0.599954]], "s": 1.37201, "sphereCenter": [-69.4757, 185.595, 110.777], "sphereRadius": 33.8657, "stabilizedPalmPosition": [-94.766, 190.223, 139.719], "t": [48.7961, 72.7616, 53.1491], "timeVisible": 5.24231, "type": "left", "wrist": [-124.603, 146.583, 164.02]}], "id": 36734, "interactionBox": {"center": [0, 200, 0], "size": [235.247, 235.247, 147.751]}, "pointables": [{"bases": [[[0.849916, 0.491439, -0.190079], [0.0494029, 0.284828, 0.957305], [0.524597, -0.823019, 0.217801]], [[0.637211, 0.72908, -0.249808], [-0.0163649, 0.336863, 0.941411], [0.770516, -0.59579, 0.226584]], [[0.637211, 0.72908, -0.249808], [-0.205925, 0.473419, 0.856429], [0.742669, -0.494284, 0.451803]], [[0.637211, 0.72908, -0.249808], [-0.331695, 0.552021, 0.765017], [0.695658, -0.404617, 0.593586]]], "btipPosition": [-31.464, 210.827, 137.883], "carpPosition": [-99.123, 163.335, 171.858], "dipPosition": [-44.8974, 203.014, 149.346], "direction": [0.742669, 0.494284, -0.451803], "extended": true, "handId": 100, "id": 1000, "length": 43.0013, "mcpPosition": [-99.123, 163.335, 171.858], "pipPosition": [-65.7904, 189.109, 162.056], "stabilizedTipPosition": [-36.1815, 207.175, 147.405], "timeVisible": 5.24231, "tipPosition": [-36.206, 203.688, 132.175], "tipVelocity": [-1.35841, 84.2378, -9.43216], "tool": false, "touchDistance": 1, "touchZone": "none", "type": 0, "width": 17.574}, {"bases": [[[0.468956, -0.26326, -0.843074], [0.712804, 0.676452, 0.185263], [0.521527, -0.687827, 0.50488]], [[0.554748, -0.382149, -0.739065], [-0.377647, 0.675856, -0.63293], [0.741375, 0.630223, 0.230613]], [[0.554748, -0.382149, -0.739065], [-0.788137, -0.526026, -0.31959], [-0.266636, 0.759776, -0.592997]], [[0.554748, -0.382149, -0.739065], [-0.4583, -0.881724, 0.11191], [-0.694418, 0.276631, -0.664274]]], "btipPosition": [-68.6487, 179.399, 146.176], "carpPosition": [-113.074, 176.937, 165.35], "dipPosition": [-58.8593, 183.299, 136.812], "direction": [-0.266636, -0.759776, 0.592997], "extended": false, "handId": 100, "id": 1001, "length": 48.5221, "mcpPosition": [-79.8222, 220.792, 133.16], "pipPosition": [-53.5418, 198.451, 124.986], "stabilizedTipPosition": [-62.76, 174.497, 147.606], "timeVisible": 5.24231, "tipPosition": [-63.543, 179.553, 137.078], "tipVelocity": [-10.3386, 73.968, -31.7289], "tool": false, "touchDistance": 1, "touchZone": "none", "type": 1, "width": 16.7867}, {"bases": [[[0.406672, -0.465204, -0.786259], [0.793102, 0.606941, 0.0511041], [0.453439, -0.644366, 0.61578]], [[0.37875, -0.425728, -0.821769], [-0.419712, 0.712355, -0.562488], [0.824858, 0.557949, 0.0911212]], [[0.37875, -0.425728, -0.821769], [-0.868175, -0.471071, -0.156094], [-0.320658, 0.77256, -0.548024]], [[0.37875, -0.425728, -0.821769], [-0.423699, -0.869168, 0.255002], [-0.822817, 0.251601, -0.509578]]], "btipPosition": [-78.8698, 170.251, 136.37], "carpPosition": [-118.809, 175.508, 156.466], "dipPosition": [-66.1118, 174.152, 128.469], "direction": [-0.320658, -0.77256, 0.548024], "extended": false, "handId": 100, "id": 1002, "length": 55.2871, "mcpPosition": [-91.393, 214.468, 119.234], "pipPosition": [-58.5883, 192.278, 115.61], "stabilizedTipPosition": [-71.3965, 169.842, 148.328], "timeVisible": 5.24231, "tipPosition": [-75.8088, 172.481, 135.003], "tipVelocity": [-7.32264, 67.6747, -29.4952], "tool": false, "touchDistance": 1, "touchZone": "none", "type": 2, "width": 16.4868}, {"bases": [[[0.408014, -0.599378, -0.688673], [0.834181, 0.551303, 0.0144025], [0.371035, -0.580354, 0.724929]], [[0.385031, -0.563499, -0.730903], [-0.334837, 0.652707, -0.679601], [0.86002, 0.506401, 0.0626325]], [[0.385031, -0.563499, -0.730903], [-0.898548, -0.409624, -0.15754], [-0.210622, 0.71741, -0.664049]], [[0.385031, -0.563499, -0.730903], [-0.51852, -0.78723, 0.333775], [-0.763471, 0.250474, -0.595294]]], "btipPosition": [-88.1515, 164.088, 130.431], "carpPosition": [-123.414, 171.511, 147.738], "dipPosition": [-76.3817, 167.949, 121.254], "direction": [-0.210622, -0.71741, 0.66405], "extended": false, "handId": 100, "id": 1003, "length": 53.16, "mcpPosition": [-103.272, 203.016, 108.385], "pipPosition": [-71.5675, 184.347, 106.076], "stabilizedTipPosition": [-79.051, 161.307, 139.538], "timeVisible": 5.24231, "tipPosition": [-86.3174, 166.713, 128.45], "tipVelocity": [-5.70525, 63.5514, -29.0885], "tool": false, "touchDistance": 0.97201, "touchZone": "none", "type": 3, "width": 15.6882}, {"bases": [[[0.304738, -0.745316, -0.592991], [0.916968, 0.397913, -0.0288977], [0.257497, -0.534947, 0.80469]], [[0.271267, -0.674953, -0.686187], [-0.21483, 0.652476, -0.726721], [0.938223, 0.344549, 0.0319952]], [[0.271267, -0.674953, -0.686187], [-0.962204, -0.207979, -0.17581], [-0.0240491, 0.707943, -0.70586]], [[0.271267, -0.674953, -0.686187], [-0.701397, -0.626835, 0.339292], [-0.659133, 0.389251, -0.64345]]], "btipPosition": [-93.9271, 162.215, 118.725], "carpPosition": [-124.477, 162.345, 139.553], "dipPosition": [-84.5529, 167.751, 109.574], "direction": [-0.0240491, -0.707943, 0.70586], "extended": false, "handId": 100, "id": 1004, "length": 41.6764, "mcpPosition": [-111.537, 189.228, 99.1159], "pipPosition": [-84.1648, 179.175, 98.1824], "stabilizedTipPosition": [-84.5385, 157.897, 125.501], "timeVisible": 5.24231, "tipPosition": [-91.9484, 164.383, 116.873], "tipVelocity": [-5.25406, 53.6188, -28.0354], "tool": false, "touchDistance": 0.777, "touchZone": "none", "type": 4, "width": 13.9355}], "r": [[0.616428, 0.0310605, -0.786799], [0.135592, 0.980108, 0.144923], [0.775649, -0.196018, 0.599954]], "s": 1.37201, "t": [-48.7961, 72.7616, 53.1491], "timestamp": 629860765951}, {"currentFrameRate": 55.3084, "devices": [], "gestures": [], "hands": [{"armBasis": [[0.499776, -0.281606, -0.819098], [0.805271, 0.499355, 0.319661], [0.319002, -0.819355, 0.476335]], "armWidth": 55.2759, "confidence": 1, "direction": [0.324589, 0.72715, -0.604893], "elbow": [-199.168, -44.1266, 274.374], "grabAngle": 3.14159, "grabStrength": 1, "id": 100, "palmNormal": [0.778803, -0.56838, -0.265347], "palmPosition": [-96.8303, 196.559, 128.423], "palmVelocity": [5.70507, 56.1768, -59.8979], "palmWidth": 78.8548, "pinchDistance": 20.2738, "pinchStrength": 0.362813, "r": [[0.619695, 0.0330948, -0.784144], [0.131176, 0.980689, 0.145056], [0.773803, -0.192752, 0.603387]], "s": 1.37883, "sphereCenter": [-69.3522, 186.765, 109.712], "sphereRadius": 33.8619, "stabilizedPalmPosition": [-94.7753, 190.251, 139.668], "t": [48.8276, 73.7606, 52.0822], "timeVisible": 5.26043, "type": "left", "wrist": [-124.525, 147.595, 162.916]}], "id": 36735, "interactionBox": {"center": [0, 200, 0], "size": [235.247, 235.247, 147.751]}, "pointables": [{"bases": [[[0.849234, 0.495357, -0.182819], [0.042989, 0.280224, 0.958972], [0.526263, -0.822251, 0.216681]], [[0.636479, 0.732185, -0.242486], [-0.0193544, 0.329451, 0.943974], [0.771051, -0.596126, 0.22386]], [[0.636479, 0.732185, -0.242486], [-0.207032, 0.465033, 0.860745], [0.742989, -0.497644, 0.447569]], [[0.636479, 0.732185, -0.242486], [-0.328525, 0.541799, 0.773644], [0.69783, -0.412746, 0.585384]]], "btipPosition": [-31.1611, 211.908, 137.045], "carpPosition": [-98.8942, 164.15, 170.624], "dipPosition": [-44.6364, 203.938, 148.349], "direction": [0.742989, 0.497644, -0.447569], "extended": true, "handId": 100, "id": 1000, "length": 43.0013, "mcpPosition": [-98.8942, 164.15, 170.624], "pipPosition": [-65.5384, 189.938, 160.94], "stabilizedTipPosition": [-36.1428, 207.234, 147.249], "timeVisible": 5.26043, "tipPosition": [-35.9919, 204.692, 131.123], "tipVelocity": [16.1866, 57.6735, -48.2943], "tool": false, "touchDistance": 1, "touchZone": "none", "type": 0, "width": 17.574}, {"bases": [[[0.474637, -0.257409, -0.841701], [0.709352, 0.678015, 0.192655], [0.521094, -0.688503, 0.504405]], [[0.56026, -0.376513, -0.737798], [-0.376452, 0.677675, -0.631696], [0.73783, 0.63166, 0.237935]], [[0.56026, -0.376513, -0.737798], [-0.784463, -0.527165, -0.326673], [-0.265945, 0.761797, -0.59071]], [[0.56026, -0.376513, -0.737798], [-0.455031, -0.884182, 0.10568], [-0.692138, 0.276513, -0.666697]]], "btipPosition": [-68.5157, 180.249, 144.848], "carpPosition": [-112.833, 177.833, 164.263], "dipPosition": [-58.7584, 184.147, 135.45], "direction": [-0.265945, -0.761797, 0.59071], "extended": false, "handId": 100, "id": 1001, "length": 48.5221, "mcpPosition": [-79.6094, 221.731, 132.104], "pipPosition": [-53.4546, 199.34, 123.669], "stabilizedTipPosition": [-62.7989, 174.571, 147.551], "timeVisible": 5.26043, "tipPosition": [-63.4563, 180.417, 135.73], "tipVelocity": [6.93589, 46.8694, -73.7274], "tool": false, "touchDistance": 1, "touchZone": "none", "type": 1, "width": 16.7867}, {"bases": [[[0.412747, -0.45985, -0.786243], [0.790651, 0.609455, 0.0586092], [0.452228, -0.645835, 0.615132]], [[0.384887, -0.420296, -0.821714], [-0.419043, 0.713674, -0.561313], [0.822353, 0.560375, 0.0985618]], [[0.384887, -0.420296, -0.821714], [-0.866033, -0.4723, -0.164071], [-0.319137, 0.77478, -0.545772]], [[0.384887, -0.420296, -0.821714], [-0.423125, -0.871581, 0.247612], [-0.82026, 0.252385, -0.513298]]], "btipPosition": [-78.782, 171.139, 135.056], "carpPosition": [-118.624, 176.468, 155.405], "dipPosition": [-66.0637, 175.052, 127.098], "direction": [-0.319137, -0.77478, 0.545772], "extended": false, "handId": 100, "id": 1002, "length": 55.2871, "mcpPosition": [-91.2809, 215.517, 118.212], "pipPosition": [-58.5758, 193.231, 114.292], "stabilizedTipPosition": [-71.4098, 169.849, 148.283], "timeVisible": 5.26043, "tipPosition": [-75.7566, 173.394, 133.682], "tipVelocity": [4.3431, 49.1929, -73.2258], "tool": false, "touchDistance": 1, "touchZone": "none", "type": 2, "width": 16.4868}, {"bases": [[[0.414012, -0.594504, -0.689318], [0.832133, 0.554145, 0.0218651], [0.368983, -0.582656, 0.724129]], [[0.391142, -0.558496, -0.731499], [-0.333297, 0.654909, -0.678238], [0.857858, 0.509094, 0.0700172]], [[0.391142, -0.558496, -0.731499], [-0.896468, -0.411028, -0.165535], [-0.208216, 0.720513, -0.661444]], [[0.391142, -0.558496, -0.731499], [-0.519124, -0.790197, 0.325729], [-0.759947, 0.252332, -0.599007]]], "btipPosition": [-88.1113, 165.034, 129.145], "carpPosition": [-123.292, 172.531, 146.683], "dipPosition": [-76.3958, 168.924, 119.911], "direction": [-0.208216, -0.720513, 0.661444], "extended": false, "handId": 100, "id": 1003, "length": 53.16, "mcpPosition": [-103.262, 204.161, 107.373], "pipPosition": [-71.6366, 185.393, 104.792], "stabilizedTipPosition": [-79.0786, 161.327, 139.484], "timeVisible": 5.26043, "tipPosition": [-86.3191, 167.693, 127.161], "tipVelocity": [1.53053, 52.5963, -71.7159], "tool": false, "touchDistance": 0.950355, "touchZone": "none", "type": 3, "width": 15.6882}, {"bases": [[[0.310714, -0.741278, -0.594948], [0.915705, 0.401264, -0.0217264], [0.254837, -0.538046, 0.80347]], [[0.277471, -0.67046, -0.688109], [-0.21171, 0.655956, -0.7245], [0.937117, 0.346707, 0.0400658]], [[0.277471, -0.67046, -0.688109], [-0.960518, -0.208783, -0.183888], [-0.0203761, 0.711965, -0.70192]], [[0.277471, -0.67046, -0.688109], [-0.702684, -0.630058, 0.33055], [-0.655169, 0.391805, -0.645943]]], "btipPosition": [-93.934, 163.271, 117.428], "carpPosition": [-124.434, 163.41, 138.459], "dipPosition": [-84.6161, 168.843, 108.242], "direction": [-0.0203761, -0.711964, 0.70192], "extended": false, "handId": 100, "id": 1004, "length": 41.6764, "mcpPosition": [-111.628, 190.448, 98.083], "pipPosition": [-84.2873, 180.333, 96.9141], "stabilizedTipPosition": [-84.5906, 157.945, 125.428], "timeVisible": 5.26043, "tipPosition": [-92.0255, 165.442, 115.604], "tipVelocity": [-1.09479, 58.7711, -72.0132], "tool": false, "touchDistance": 0.755256, "touchZone": "none", "type": 4, "width": 13.9355}], "r": [[0.619695, 0.0330948, -0.784144], [0.131176, 0.980689, 0.145056], [0.773803, -0.192752, 0.603387]], "s": 1.37883, "t": [-48.8276, 73.7606, 52.0822], "timestamp": 629860784068}, {"currentFrameRate": 55.3313, "devices": [], "gestures": [], "hands": [{"armBasis": [[0.501833, -0.282732, -0.817451], [0.801437, 0.507483, 0.316479], [0.325364, -0.813955, 0.481264]], "armWidth": 55.2759, "confidence": 1, "direction": [0.322402, 0.728784, -0.604095], "elbow": [-200.517, -41.9093, 274.256], "grabAngle": 3.14159, "grabStrength": 1, "id": 100, "palmNormal": [0.778212, -0.567389, -0.269176], "palmPosition": [-96.7433, 197.542, 127.134], "palmVelocity": [4.83234, 54.6185, -71.624], "palmWidth": 78.8548, "pinchDistance": 20.5215, "pinchStrength": 0.357001, "r": [[0.622783, 0.0350686, -0.781608], [0.127633, 0.981059, 0.145715], [0.771914, -0.190508, 0.606511]], "s": 1.38436, "sphereCenter": [-69.1321, 187.965, 108.555], "sphereRadius": 33.8633, "stabilizedPalmPosition": [-94.7842, 190.284, 139.612], "t": [48.8868, 74.7515, 50.9044], "timeVisible": 5.27843, "type": "left", "wrist": [-124.385, 148.548, 161.645]}], "id": 36736, "interactionBox": {"center": [0, 200, 0], "size": [235.247, 235.247, 147.751]}, "pointables": [{"bases": [[[0.850006, 0.495447, -0.178949], [0.040123, 0.277828, 0.959793], [0.525243, -0.823009, 0.216277]], [[0.637283, 0.732717, -0.238738], [-0.0180558, 0.323908, 0.945916], [0.770418, -0.598506, 0.219651]], [[0.637283, 0.732717, -0.238738], [-0.204501, 0.459484, 0.864323], [0.743001, -0.501996, 0.442663]], [[0.637283, 0.732717, -0.238738], [-0.322221, 0.534771, 0.781149], [0.700032, -0.420886, 0.576897]]], "btipPosition": [-30.9139, 213.168, 136.166], "carpPosition": [-98.6625, 165.027, 169.261], "dipPosition": [-44.4317, 205.041, 147.306], "direction": [0.743001, 0.501996, -0.442663], "extended": true, "handId": 100, "id": 1000, "length": 43.0013, "mcpPosition": [-98.6625, 165.027, 169.261], "pipPosition": [-65.334, 190.919, 159.759], "stabilizedTipPosition": [-36.0944, 207.327, 147.054], "timeVisible": 5.27843, "tipPosition": [-35.8276, 205.911, 130.015], "tipVelocity": [13.1968, 68.0137, -50.9499], "tool": false, "touchDistance": 1, "touchZone": "none", "type": 0, "width": 17.574}, {"bases": [[[0.477145, -0.255525, -0.840856], [0.709033, 0.677233, 0.19654], [0.519235, -0.689973, 0.504314]], [[0.562395, -0.374922, -0.736984], [-0.374202, 0.679399, -0.631182], [0.73735, 0.630754, 0.241794]], [[0.562395, -0.374922, -0.736984], [-0.784205, -0.524445, -0.331631], [-0.262172, 0.764455, -0.588961]], [[0.562395, -0.374922, -0.736984], [-0.455481, -0.884347, 0.10231], [-0.690108, 0.278144, -0.668122]]], "btipPosition": [-68.341, 181.186, 143.417], "carpPosition": [-112.627, 178.721, 162.978], "dipPosition": [-58.6123, 185.107, 133.998], "direction": [-0.262172, -0.764455, 0.588961], "extended": false, "handId": 100, "id": 1001, "length": 48.5221, "mcpPosition": [-79.5216, 222.712, 130.824], "pipPosition": [-53.3838, 200.353, 122.252], "stabilizedTipPosition": [-62.8279, 174.637, 147.496], "timeVisible": 5.27843, "tipPosition": [-63.3471, 181.398, 134.315], "tipVelocity": [9.34089, 52.3696, -79.8132], "tool": false, "touchDistance": 1, "touchZone": "none", "type": 1, "width": 16.7867}, {"bases": [[[0.414998, -0.458076, -0.786093], [0.79072, 0.608971, 0.0625783], [0.450043, -0.64755, 0.614932]], [[0.387265, -0.418422, -0.821553], [-0.416997, 0.715241, -0.560842], [0.822277, 0.559779, 0.102507]], [[0.387265, -0.418422, -0.821553], [-0.866876, -0.468666, -0.169936], [-0.313929, 0.777995, -0.544218]], [[0.387265, -0.418422, -0.821553], [-0.426989, -0.871158, 0.242411], [-0.817133, 0.256917, -0.516031]]], "btipPosition": [-78.5671, 172.027, 133.646], "carpPosition": [-118.445, 177.375, 154.134], "dipPosition": [-65.8973, 176.011, 125.645], "direction": [-0.313929, -0.777995, 0.544218], "extended": false, "handId": 100, "id": 1002, "length": 55.2871, "mcpPosition": [-91.2337, 216.528, 116.953], "pipPosition": [-58.5316, 194.265, 112.876], "stabilizedTipPosition": [-71.4217, 169.857, 148.237], "timeVisible": 5.27843, "tipPosition": [-75.6438, 174.362, 132.267], "tipVelocity": [11.3229, 50.2722, -78.9], "tool": false, "touchDistance": 1, "touchZone": "none", "type": 2, "width": 16.4868}, {"bases": [[[0.415906, -0.59297, -0.689499], [0.832292, 0.553735, 0.0258264], [0.366485, -0.584606, 0.723826]], [[0.393182, -0.556848, -0.731662], [-0.330912, 0.65673, -0.677645], [0.857849, 0.508554, 0.0739464]], [[0.393182, -0.556848, -0.731662], [-0.896788, -0.407874, -0.171496], [-0.202928, 0.723574, -0.659743]], [[0.393182, -0.556848, -0.731662], [-0.523199, -0.789858, 0.319982], [-0.756089, 0.256994, -0.6019]]], "btipPosition": [-87.913, 165.945, 127.756], "carpPosition": [-123.138, 173.457, 145.417], "dipPosition": [-76.257, 169.906, 118.477], "direction": [-0.202928, -0.723574, 0.659743], "extended": false, "handId": 100, "id": 1003, "length": 53.16, "mcpPosition": [-103.243, 205.193, 106.124], "pipPosition": [-71.6186, 186.445, 103.398], "stabilizedTipPosition": [-79.103, 161.349, 139.429], "timeVisible": 5.27843, "tipPosition": [-86.2168, 168.67, 125.767], "tipVelocity": [10.261, 51.5067, -77.7584], "tool": false, "touchDistance": 0.927036, "touchZone": "none", "type": 3, "width": 15.6882}, {"bases": [[[0.312253, -0.739934, -0.595815], [0.915936, 0.400927, -0.017884], [0.252111, -0.540144, 0.802922]], [[0.279263, -0.668726, -0.689071], [-0.207438, 0.65866, -0.723282], [0.93754, 0.344925, 0.0452203]], [[0.279263, -0.668726, -0.689071], [-0.960118, -0.204662, -0.190492], [-0.0136402, 0.714786, -0.69921]], [[0.279263, -0.668726, -0.689071], [-0.706712, -0.628963, 0.323981], [-0.650054, 0.396499, -0.648242]]], "btipPosition": [-93.745, 164.262, 116.009], "carpPosition": [-124.301, 164.357, 137.174], "dipPosition": [-84.4999, 169.901, 106.79], "direction": [-0.0136402, -0.714786, 0.69921], "extended": false, "handId": 100, "id": 1004, "length": 41.6764, "mcpPosition": [-111.632, 191.5, 96.8253], "pipPosition": [-84.2798, 181.437, 95.506], "stabilizedTipPosition": [-84.636, 157.994, 125.353], "timeVisible": 5.27843, "tipPosition": [-91.9627, 166.452, 114.221], "tipVelocity": [9.57296, 55.9499, -79.2845], "tool": false, "touchDistance": 0.731479, "touchZone": "none", "type": 4, "width": 13.9355}], "r": [[0.622783, 0.0350686, -0.781608], [0.127633, 0.981059, 0.145715], [0.771914, -0.190508, 0.606511]], "s": 1.38436, "t": [-48.8868, 74.7515, 50.9044], "timestamp": 629860802062}, {"currentFrameRate": 55.2248, "devices": [], "gestures": [], "hands": [{"armBasis": [[0.502251, -0.284154, -0.816701], [0.799222, 0.51312, 0.312973], [0.330133, -0.809916, 0.484817]], "armWidth": 55.2759, "confidence": 1, "direction": [0.319966, 0.729865, -0.604085], "elbow": [-201.402, -39.9488, 273.837], "grabAngle": 3.14159, "grabStrength": 1, "id": 100, "palmNormal": [0.778661, -0.565812, -0.27119], "palmPosition": [-96.5988, 198.585, 125.841], "palmVelocity": [7.82551, 56.4605, -69.9927], "palmWidth": 78.8548, "pinchDistance": 20.7399, "pinchStrength": 0.352188, "r": [[0.625559, 0.0365749, -0.779319], [0.125076, 0.981279, 0.146452], [0.770086, -0.189089, 0.609273]], "s": 1.38884, "sphereCenter": [-68.8513, 189.197, 107.395], "sphereRadius": 33.8668, "stabilizedPalmPosition": [-94.7932, 190.325, 139.543], "t": [48.9887, 75.7685, 49.6688], "timeVisible": 5.2969, "type": "left", "wrist": [-124.154, 149.564, 160.394]}], "id": 36737, "interactionBox": {"center": [0, 200, 0], "size": [235.247, 235.247, 147.751]}, "pointables": [{"bases": [[[0.851206, 0.494136, -0.176857], [0.0387276, 0.276922, 0.960112], [0.523401, -0.824102, 0.216581]], [[0.638993, 0.731838, -0.236857], [-0.0159882, 0.320491, 0.947117], [0.769046, -0.601414, 0.216492]], [[0.638993, 0.731838, -0.236857], [-0.201236, 0.456244, 0.866802], [0.742423, -0.506216, 0.438809]], [[0.638993, 0.731838, -0.236857], [-0.315742, 0.530331, 0.786801], [0.701423, -0.427975, 0.56995]]], "btipPosition": [-30.6798, 214.553, 135.227], "carpPosition": [-98.3796, 166.03, 167.943], "dipPosition": [-44.2245, 206.289, 146.233], "direction": [0.742423, 0.506216, -0.438809], "extended": true, "handId": 100, "id": 1000, "length": 43.0013, "mcpPosition": [-98.3796, 166.03, 167.943], "pipPosition": [-65.1105, 192.048, 158.578], "stabilizedTipPosition": [-36.0315, 207.472, 146.8], "timeVisible": 5.2969, "tipPosition": [-35.6316, 207.235, 128.902], "tipVelocity": [12.3355, 73.2404, -52.4802], "tool": false, "touchDistance": 1, "touchZone": "none", "type": 0, "width": 17.574}, {"bases": [[[0.478345, -0.255614, -0.840147], [0.709813, 0.675838, 0.198515], [0.51706, -0.691306, 0.504722]], [[0.563186, -0.375249, -0.736213], [-0.371798, 0.680592, -0.631316], [0.737962, 0.629271, 0.243783]], [[0.563186, -0.375249, -0.736213], [-0.785191, -0.520632, -0.335286], [-0.25748, 0.766897, -0.587855]], [[0.563186, -0.375249, -0.736213], [-0.457884, -0.883372, 0.0999855], [-0.687869, 0.280789, -0.669323]]], "btipPosition": [-68.0858, 182.222, 142.036], "carpPosition": [-112.38, 179.705, 161.699], "dipPosition": [-58.3887, 186.181, 132.601], "direction": [-0.25748, -0.766897, 0.587855], "extended": false, "handId": 100, "id": 1001, "length": 48.5221, "mcpPosition": [-79.4133, 223.781, 129.519], "pipPosition": [-53.2538, 201.475, 120.877], "stabilizedTipPosition": [-62.8531, 174.708, 147.432], "timeVisible": 5.2969, "tipPosition": [-63.1725, 182.495, 132.972], "tipVelocity": [13.419, 56.5467, -74.9258], "tool": false, "touchDistance": 1, "touchZone": "none", "type": 1, "width": 16.7867}, {"bases": [[[0.415743, -0.458106, -0.785683], [0.791644, 0.607552, 0.0646533], [0.447725, -0.64886, 0.615242]], [[0.388147, -0.418373, -0.821161], [-0.414668, 0.716448, -0.561029], [0.823038, 0.558271, 0.104601]], [[0.388147, -0.418373, -0.821161], [-0.868553, -0.463991, -0.174149], [-0.308152, 0.780817, -0.543476]], [[0.388147, -0.418373, -0.821161], [-0.431983, -0.869666, 0.238896], [-0.814084, 0.262001, -0.518289]]], "btipPosition": [-78.2621, 173.004, 132.293], "carpPosition": [-118.213, 178.357, 152.865], "dipPosition": [-65.6395, 177.066, 124.257], "direction": [-0.308152, -0.780817, 0.543476], "extended": false, "handId": 100, "id": 1002, "length": 55.2871, "mcpPosition": [-91.1417, 217.589, 115.666], "pipPosition": [-58.4093, 195.386, 111.506], "stabilizedTipPosition": [-71.4344, 169.87, 148.18], "timeVisible": 5.2969, "tipPosition": [-75.4486, 175.424, 130.908], "tipVelocity": [15.9233, 53.8289, -73.6637], "tool": false, "touchDistance": 1, "touchZone": "none", "type": 2, "width": 16.4868}, {"bases": [[[0.416229, -0.593086, -0.689204], [0.833193, 0.552276, 0.0279342], [0.364064, -0.585867, 0.724028]], [[0.39365, -0.556887, -0.73138], [-0.328457, 0.657889, -0.677715], [0.858578, 0.507009, 0.0760644]], [[0.39365, -0.556887, -0.73138], [-0.897777, -0.403902, -0.17567], [-0.197577, 0.725768, -0.658956]], [[0.39365, -0.556887, -0.73138], [-0.5278, -0.788329, 0.316172], [-0.75264, 0.261561, -0.60425]]], "btipPosition": [-87.6202, 166.931, 126.423], "carpPosition": [-122.916, 174.439, 144.154], "dipPosition": [-76.0174, 170.963, 117.107], "direction": [-0.197577, -0.725768, 0.658956], "extended": false, "handId": 100, "id": 1003, "length": 53.16, "mcpPosition": [-103.153, 206.243, 104.85], "pipPosition": [-71.5014, 187.552, 102.046], "stabilizedTipPosition": [-79.1282, 161.377, 139.364], "timeVisible": 5.2969, "tipPosition": [-86.0177, 169.72, 124.427], "tipVelocity": [15.1833, 54.2764, -72.63], "tool": false, "touchDistance": 0.90467, "touchZone": "none", "type": 3, "width": 15.6882}, {"bases": [[[0.312141, -0.739952, -0.595852], [0.916658, 0.399362, -0.0157466], [0.249612, -0.541277, 0.80294]], [[0.279389, -0.66846, -0.689278], [-0.203137, 0.660465, -0.722856], [0.938444, 0.341976, 0.0487373]], [[0.279389, -0.66846, -0.689278], [-0.960152, -0.199799, -0.195419], [-0.00708734, 0.716409, -0.697645]], [[0.279389, -0.66846, -0.689278], [-0.711035, -0.626462, 0.319334], [-0.645268, 0.400883, -0.650325]]], "btipPosition": [-93.449, 165.304, 114.642], "carpPosition": [-124.08, 165.344, 135.905], "dipPosition": [-84.2719, 171.005, 105.393], "direction": [-0.00708734, -0.716409, 0.697645], "extended": false, "handId": 100, "id": 1004, "length": 41.6764, "mcpPosition": [-111.537, 192.544, 95.5559], "pipPosition": [-84.1575, 182.567, 94.134], "stabilizedTipPosition": [-84.6802, 158.051, 125.269], "timeVisible": 5.2969, "tipPosition": [-91.7863, 167.508, 112.888], "tipVelocity": [15.1765, 57.1413, -74.389], "tool": false, "touchDistance": 0.708572, "touchZone": "none", "type": 4, "width": 13.9355}], "r": [[0.625559, 0.0365749, -0.779319], [0.125076, 0.981279, 0.146452], [0.770086, -0.189089, 0.609273]], "s": 1.38884, "t": [-48.9887, 75.7685, 49.6688], "timestamp": 629860820538}, {"currentFrameRate": 55.3468, "devices": [], "gestures": [], "hands": [{"armBasis": [[0.496413, -0.290679, -0.817973], [0.800434, 0.517957, 0.301706], [0.335975, -0.804504, 0.48979]], "armWidth": 55.2759, "confidence": 1, "direction": [0.329078, 0.71857, -0.61267], "elbow": [-202.912, -37.3204, 273.986], "grabAngle": 3.14159, "grabStrength": 1, "id": 100, "palmNormal": [0.777656, -0.574277, -0.255846], "palmPosition": [-96.2039, 199.29, 124.342], "palmVelocity": [22.3744, 39.9625, -84.9489], "palmWidth": 78.8548, "pinchDistance": 21.0305, "pinchStrength": 0.346869, "r": [[0.626436, 0.0360506, -0.778639], [0.12219, 0.982038, 0.143773], [0.769836, -0.185206, 0.610779]], "s": 1.39269, "sphereCenter": [-68.205, 189.603, 106.483], "sphereRadius": 33.8726, "stabilizedPalmPosition": [-94.7983, 190.358, 139.488], "t": [49.2371, 76.6296, 48.3016], "timeVisible": 5.31455, "type": "left", "wrist": [-124.297, 150.926, 159.38]}], "id": 36738, "interactionBox": {"center": [0, 200, 0], "size": [235.247, 235.247, 147.751]}, "pointables": [{"bases": [[[0.846901, 0.496023, -0.191622], [0.0450899, 0.292075, 0.955332], [0.529835, -0.817712, 0.224993]], [[0.634191, 0.730516, -0.253275], [-0.00573223, 0.33201, 0.943258], [0.773155, -0.596754, 0.214745]], [[0.634191, 0.730516, -0.253275], [-0.191781, 0.465967, 0.863768], [0.749014, -0.49922, 0.435611]], [[0.634191, 0.730516, -0.253275], [-0.30504, 0.537406, 0.786223], [0.71046, -0.421356, 0.563654]]], "btipPosition": [-30.2796, 215.403, 134.5], "carpPosition": [-98.5171, 167.407, 166.929], "dipPosition": [-43.9988, 207.266, 145.384], "direction": [0.749014, 0.49922, -0.435611], "extended": true, "handId": 100, "id": 1000, "length": 43.0013, "mcpPosition": [-98.5171, 167.407, 166.929], "pipPosition": [-65.0703, 193.222, 157.639], "stabilizedTipPosition": [-35.9649, 207.628, 146.549], "timeVisible": 5.31455, "tipPosition": [-35.152, 207.861, 128.109], "tipVelocity": [20.4056, 49.836, -42.7843], "tool": false, "touchDistance": 1, "touchZone": "none", "type": 0, "width": 17.574}, {"bases": [[[0.472828, -0.266036, -0.840035], [0.707588, 0.682773, 0.182046], [0.525122, -0.680475, 0.511077]], [[0.559201, -0.383563, -0.734965], [-0.380853, 0.668593, -0.638698], [0.736373, 0.637074, 0.227796]], [[0.559201, -0.383563, -0.734965], [-0.786077, -0.526981, -0.323069], [-0.263396, 0.7584, -0.596198]], [[0.559201, -0.383563, -0.734965], [-0.45464, -0.883218, 0.115018], [-0.693251, 0.269827, -0.668279]]], "btipPosition": [-67.8296, 182.934, 141.007], "carpPosition": [-112.388, 181.06, 160.356], "dipPosition": [-58.0566, 186.737, 131.586], "direction": [-0.263396, -0.7584, 0.596198], "extended": false, "handId": 100, "id": 1001, "length": 48.5221, "mcpPosition": [-78.9069, 224.445, 127.771], "pipPosition": [-52.8037, 201.862, 119.696], "stabilizedTipPosition": [-62.8712, 174.768, 147.375], "timeVisible": 5.31455, "tipPosition": [-62.9502, 183.134, 132.055], "tipVelocity": [15.5077, 38.2957, -58.1526], "tool": false, "touchDistance": 1, "touchZone": "none", "type": 1, "width": 16.7867}, {"bases": [[[0.411826, -0.467996, -0.781907], [0.788695, 0.612861, 0.0485838], [0.456464, -0.636695, 0.621499]], [[0.383713, -0.428976, -0.817768], [-0.423344, 0.705302, -0.568621], [0.820697, 0.564384, 0.0890295]], [[0.383713, -0.428976, -0.817768], [-0.867886, -0.470073, -0.160644], [-0.315498, 0.77137, -0.552675]], [[0.383713, -0.428976, -0.817768], [-0.425521, -0.868072, 0.255701], [-0.819571, 0.249861, -0.515629]]], "btipPosition": [-78.0263, 173.684, 131.34], "carpPosition": [-118.155, 179.606, 151.496], "dipPosition": [-65.3186, 177.558, 123.345], "direction": [-0.315498, -0.77137, 0.552675], "extended": false, "handId": 100, "id": 1002, "length": 55.2871, "mcpPosition": [-90.5554, 218.103, 113.918], "pipPosition": [-57.9161, 195.657, 110.378], "stabilizedTipPosition": [-71.4453, 169.884, 148.124], "timeVisible": 5.31455, "tipPosition": [-75.2276, 176.09, 129.944], "tipVelocity": [14.472, 36.1053, -53.4999], "tool": false, "touchDistance": 0.991684, "touchZone": "none", "type": 2, "width": 16.4868}, {"bases": [[[0.413875, -0.60145, -0.683349], [0.830252, 0.55725, 0.0123832], [0.373349, -0.572477, 0.729987]], [[0.390742, -0.56604, -0.725892], [-0.337769, 0.645409, -0.685098], [0.85629, 0.512881, 0.0609979]], [[0.390742, -0.56604, -0.725892], [-0.897139, -0.410711, -0.162657], [-0.206062, 0.714783, -0.668299]], [[0.390742, -0.56604, -0.725892], [-0.521332, -0.786003, 0.332284], [-0.758639, 0.248593, -0.602219]]], "btipPosition": [-87.379, 167.579, 125.491], "carpPosition": [-122.809, 175.579, 142.808], "dipPosition": [-75.6836, 171.411, 116.207], "direction": [-0.206062, -0.714783, 0.668299], "extended": false, "handId": 100, "id": 1003, "length": 53.16, "mcpPosition": [-102.541, 206.656, 103.18], "pipPosition": [-70.9737, 187.749, 100.932], "stabilizedTipPosition": [-79.1487, 161.403, 139.305], "timeVisible": 5.31455, "tipPosition": [-85.7727, 170.344, 123.465], "tipVelocity": [14.8766, 34.0898, -52.4037], "tool": false, "touchDistance": 0.889259, "touchZone": "none", "type": 3, "width": 15.6882}, {"bases": [[[0.311395, -0.747416, -0.586858], [0.914219, 0.404138, -0.0296096], [0.259302, -0.527296, 0.809148]], [[0.277434, -0.677504, -0.681189], [-0.211999, 0.648374, -0.731209], [0.937063, 0.347274, 0.0362511]], [[0.277434, -0.677504, -0.681189], [-0.960627, -0.206715, -0.185646], [-0.0150361, 0.705873, -0.708178]], [[0.277434, -0.677504, -0.681189], [-0.705735, -0.624808, 0.333997], [-0.651897, 0.388077, -0.651481]]], "btipPosition": [-93.1002, 165.818, 113.667], "carpPosition": [-123.955, 166.362, 134.692], "dipPosition": [-83.8289, 171.337, 104.402], "direction": [-0.0150361, -0.705873, 0.708178], "extended": false, "handId": 100, "id": 1004, "length": 41.6764, "mcpPosition": [-110.925, 192.86, 94.0308], "pipPosition": [-83.5863, 182.728, 92.9732], "stabilizedTipPosition": [-84.7104, 158.095, 125.203], "timeVisible": 5.31455, "tipPosition": [-91.4591, 167.985, 111.913], "tipVelocity": [20.9917, 26.749, -55.4306], "tool": false, "touchDistance": 0.69227, "touchZone": "none", "type": 4, "width": 13.9355}], "r": [[0.626436, 0.0360506, -0.778639], [0.12219, 0.982038, 0.143773], [0.769836, -0.185206, 0.610779]], "s": 1.39269, "t": [-49.2371, 76.6296, 48.3016], "timestamp": 629860838184}, {"currentFrameRate": 55.3452, "devices": [], "gestures": [], "hands": [{"armBasis": [[0.48788, -0.300991, -0.819376], [0.801972, 0.525217, 0.284584], [0.344693, -0.79596, 0.497629]], "armWidth": 55.2759, "confidence": 1, "direction": [0.337392, 0.708147, -0.620237], "elbow": [-204.914, -34.1202, 274.773], "grabAngle": 3.14159, "grabStrength": 1, "id": 100, "palmNormal": [0.778818, -0.58008, -0.238643], "palmPosition": [-95.6583, 199.872, 122.856], "palmVelocity": [30.1897, 32.1909, -82.1994], "palmWidth": 78.8548, "pinchDistance": 21.3075, "pinchStrength": 0.340852, "r": [[0.625477, 0.033516, -0.779523], [0.119698, 0.983129, 0.138314], [0.771007, -0.179819, 0.610912]], "s": 1.39618, "sphereCenter": [-67.3445, 190.006, 105.672], "sphereRadius": 33.8776, "stabilizedPalmPosition": [-94.8008, 190.385, 139.44], "t": [49.6341, 77.3511, 46.8751], "timeVisible": 5.33262, "type": "left", "wrist": [-124.259, 152.127, 158.332]}], "id": 36739, "interactionBox": {"center": [0, 200, 0], "size": [235.247, 235.247, 147.751]}, "pointables": [{"bases": [[[0.84354, 0.495042, -0.208263], [0.0544098, 0.307013, 0.950149], [0.534304, -0.81282, 0.232042]], [[0.631796, 0.726273, -0.270853], [0.00807073, 0.343245, 0.939211], [0.775093, -0.595576, 0.210999]], [[0.631796, 0.726273, -0.270853], [-0.178429, 0.47631, 0.860983], [0.754319, -0.495637, 0.430519]], [[0.631796, 0.726273, -0.270853], [-0.290009, 0.545529, 0.786316], [0.718838, -0.418242, 0.555288]]], "btipPosition": [-29.8712, 216.445, 133.944], "carpPosition": [-98.5036, 168.661, 165.906], "dipPosition": [-43.7522, 208.369, 144.667], "direction": [0.754319, 0.495638, -0.430519], "extended": true, "handId": 100, "id": 1000, "length": 43.0013, "mcpPosition": [-98.5036, 168.661, 165.906], "pipPosition": [-64.973, 194.425, 156.779], "stabilizedTipPosition": [-35.8741, 207.845, 146.231], "timeVisible": 5.33262, "tipPosition": [-34.564, 208.605, 127.513], "tipVelocity": [20.533, 58.4234, -32.7973], "tool": false, "touchDistance": 1, "touchZone": "none", "type": 0, "width": 17.574}, {"bases": [[[0.464626, -0.277921, -0.840763], [0.707693, 0.687243, 0.163914], [0.532254, -0.67116, 0.515994]], [[0.552409, -0.393589, -0.734801], [-0.389309, 0.657645, -0.644936], [0.737078, 0.642332, 0.210061]], [[0.552409, -0.393589, -0.734801], [-0.788423, -0.532881, -0.307288], [-0.270617, 0.749083, -0.604683]], [[0.552409, -0.393589, -0.734801], [-0.450839, -0.882523, 0.133783], [-0.701134, 0.257374, -0.664958]]], "btipPosition": [-67.486, 183.698, 140.064], "carpPosition": [-112.268, 182.244, 158.976], "dipPosition": [-57.6018, 187.327, 130.69], "direction": [-0.270617, -0.749083, 0.604683], "extended": false, "handId": 100, "id": 1001, "length": 48.5221, "mcpPosition": [-78.3331, 225.035, 126.077], "pipPosition": [-52.2049, 202.266, 118.631], "stabilizedTipPosition": [-62.8871, 174.834, 147.311], "timeVisible": 5.33262, "tipPosition": [-62.534, 183.758, 131.181], "tipVelocity": [20.4286, 40.0861, -51.5616], "tool": false, "touchDistance": 1, "touchZone": "none", "type": 1, "width": 16.7867}, {"bases": [[[0.404766, -0.479101, -0.778862], [0.787569, 0.615462, 0.030702], [0.46465, -0.625835, 0.626443]], [[0.376176, -0.440712, -0.815025], [-0.431153, 0.695336, -0.574991], [0.820122, 0.567698, 0.0715545]], [[0.376176, -0.440712, -0.815025], [-0.868549, -0.474058, -0.144541], [-0.322668, 0.762262, -0.561109]], [[0.376176, -0.440712, -0.815025], [-0.41987, -0.865217, 0.274061], [-0.825955, 0.239109, -0.510515]]], "btipPosition": [-77.6122, 174.336, 130.437], "carpPosition": [-117.945, 180.666, 150.079], "dipPosition": [-64.8055, 178.044, 122.522], "direction": [-0.322668, -0.762262, 0.561109], "extended": false, "handId": 100, "id": 1002, "length": 55.2871, "mcpPosition": [-89.8512, 218.506, 112.202], "pipPosition": [-57.2348, 195.929, 109.356], "stabilizedTipPosition": [-71.4561, 169.902, 148.059], "timeVisible": 5.33262, "tipPosition": [-74.8025, 176.709, 129.039], "tipVelocity": [24.1708, 33.9635, -48.9314], "tool": false, "touchDistance": 0.976944, "touchZone": "none", "type": 2, "width": 16.4868}, {"bases": [[[0.408202, -0.611, -0.67827], [0.828885, 0.559395, -0.0050686], [0.382518, -0.560139, 0.734795]], [[0.38453, -0.576312, -0.721111], [-0.346656, 0.633847, -0.691424], [0.85555, 0.515851, 0.0439509]], [[0.38453, -0.576312, -0.721111], [-0.8978, -0.415164, -0.14695], [-0.21469, 0.70392, -0.677056]], [[0.38453, -0.576312, -0.721111], [-0.515616, -0.782047, 0.350062], [-0.765687, 0.237207, -0.597876]]], "btipPosition": [-86.9236, 168.16, 124.589], "carpPosition": [-122.518, 176.516, 141.406], "dipPosition": [-75.1197, 171.817, 115.372], "direction": [-0.21469, -0.70392, 0.677056], "extended": false, "handId": 100, "id": 1003, "length": 53.16, "mcpPosition": [-101.752, 206.923, 101.517], "pipPosition": [-70.2125, 187.906, 99.8966], "stabilizedTipPosition": [-79.1682, 161.433, 139.24], "timeVisible": 5.33262, "tipPosition": [-85.2933, 170.889, 122.539], "tipVelocity": [26.5761, 29.9347, -49.0432], "tool": false, "touchDistance": 0.874485, "touchZone": "none", "type": 3, "width": 15.6882}, {"bases": [[[0.307126, -0.755696, -0.578443], [0.912802, 0.405853, -0.0455652], [0.269197, -0.51401, 0.814449]], [[0.272011, -0.687384, -0.673434], [-0.221898, 0.636157, -0.738962], [0.936361, 0.35044, 0.0205123]], [[0.272011, -0.687384, -0.673434], [-0.962, -0.211545, -0.17264], [-0.0237922, 0.694804, -0.718806]], [[0.272011, -0.687384, -0.673434], [-0.700309, -0.621371, 0.351376], [-0.659983, 0.376034, -0.650401]]], "btipPosition": [-92.5274, 166.222, 112.746], "carpPosition": [-123.603, 167.177, 133.422], "dipPosition": [-83.141, 171.57, 103.496], "direction": [-0.0237922, -0.694804, 0.718806], "extended": false, "handId": 100, "id": 1004, "length": 41.6764, "mcpPosition": [-110.075, 193.007, 92.4945], "pipPosition": [-82.757, 182.783, 91.896], "stabilizedTipPosition": [-84.7363, 158.137, 125.136], "timeVisible": 5.33262, "tipPosition": [-90.8635, 168.365, 110.966], "tipVelocity": [33.1603, 20.1953, -50.7642], "tool": false, "touchDistance": 0.676978, "touchZone": "none", "type": 4, "width": 13.9355}], "r": [[0.625477, 0.033516, -0.779523], [0.119698, 0.983129, 0.138314], [0.771007, -0.179819, 0.610912]], "s": 1.39618, "t": [-49.6341, 77.3511, 46.8751], "timestamp": 629860856258}, {"currentFrameRate": 55.3289, "devices": [], "gestures": [], "hands": [{"armBasis": [[0.50162, -0.298732, -0.811872], [0.789486, 0.541767, 0.288443], [0.353678, -0.785651, 0.507606]], "armWidth": 55.2759, "confidence": 1, "direction": [0.338673, 0.707354, -0.620444], "elbow": [-206.863, -30.2876, 275.755], "grabAngle": 3.14159, "grabStrength": 1, "id": 100, "palmNormal": [0.769644, -0.587587, -0.249779], "palmPosition": [-95.3033, 201.053, 121.337], "palmVelocity": [19.5791, 65.1415, -83.8023], "palmWidth": 78.8548, "pinchDistance": 21.5829, "pinchStrength": 0.333485, "r": [[0.626315, 0.0336335, -0.778844], [0.115206, 0.984106, 0.135141], [0.77101, -0.174368, 0.612486]], "s": 1.3996, "sphereCenter": [-67.1293, 191.13, 104.041], "sphereRadius": 33.8834, "stabilizedPalmPosition": [-94.8027, 190.424, 139.374], "t": [50.0101, 78.3023, 45.4022], "timeVisible": 5.35075, "type": "left", "wrist": [-124.105, 153.547, 156.98]}], "id": 36740, "interactionBox": {"center": [0, 200, 0], "size": [235.247, 235.247, 147.751]}, "pointables": [{"bases": [[[0.840101, 0.505468, -0.196806], [0.0407754, 0.302948, 0.952135], [0.540896, -0.807914, 0.233896]], [[0.629591, 0.732159, -0.259919], [-0.00126911, 0.335516, 0.942034], [0.776926, -0.592766, 0.212167]], [[0.629591, 0.732159, -0.259919], [-0.186393, 0.467119, 0.864325], [0.754236, -0.495724, 0.430563]], [[0.629591, 0.732159, -0.259919], [-0.294435, 0.534443, 0.792262], [0.718974, -0.422272, 0.552054]]], "btipPosition": [-29.3263, 217.408, 132.314], "carpPosition": [-98.0383, 169.665, 164.266], "dipPosition": [-43.21, 209.254, 142.975], "direction": [0.754236, 0.495724, -0.430563], "extended": true, "handId": 100, "id": 1000, "length": 43.0013, "mcpPosition": [-98.0383, 169.665, 164.266], "pipPosition": [-64.4284, 195.308, 155.087], "stabilizedTipPosition": [-35.798, 208.02, 145.971], "timeVisible": 5.35075, "tipPosition": [-33.9961, 209.379, 125.815], "tipVelocity": [30.0216, 52.1377, -90.7012], "tool": false, "touchDistance": 1, "touchZone": "none", "type": 0, "width": 17.574}, {"bases": [[[0.476699, -0.268583, -0.837031], [0.698123, 0.694312, 0.174801], [0.534212, -0.667678, 0.518482]], [[0.564637, -0.383778, -0.730684], [-0.389752, 0.656395, -0.645941]