{"frames": 54, "data": [{"currentFrameRate": 55.3278, "devices": [], "gestures": [], "hands": [{"armBasis": [[0.877102, 0.234721, -0.419044], [0.182506, 0.644145, 0.742811], [0.444278, -0.727999, 0.522143]], "armWidth": 55.2759, "confidence": 1, "direction": [0.452733, 0.660532, -0.598941], "elbow": [-202.249, 70.7902, 226.555], "grabAngle": 3.14159, "grabStrength": 1, "id": 100, "palmNormal": [0.13702, -0.715285, -0.685268], "palmPosition": [-62.365, 280.875, 66.0145], "palmVelocity": [233.825, 402.608, -456.033], "palmWidth": 78.8548, "pinchDistance": 33.7554, "pinchStrength": 0, "r": [[0.740123, 0.452645, -0.497323], [-0.366298, 0.891566, 0.266339], [0.563953, -0.0149551, 0.825671]], "s": 1.47367, "sphereCenter": [-42.6922, 266.259, 40.7597], "sphereRadius": 35.4188, "stabilizedPalmPosition": [-65.1031, 275.666, 71.3446], "t": [79.4519, 151.165, -3.86851], "timeVisible": 13.7383, "type": "left", "wrist": [-98.2921, 241.135, 104.379]}], "id": 37202, "interactionBox": {"center": [0, 200, 0], "size": [235.247, 235.247, 147.751]}, "pointables": [{"bases": [[[0.388746, 0.860479, 0.329321], [-0.471105, -0.121532, 0.873665], [0.791793, -0.494778, 0.358131]], [[-0.0130514, 0.991315, 0.13086], [-0.441624, -0.12313, 0.888711], [0.897105, -0.0461919, 0.439395]], [[-0.0130514, 0.991315, 0.13086], [-0.532956, -0.117629, 0.837927], [0.846042, -0.0588065, 0.529863]], [[-0.0130514, 0.991315, 0.13086], [-0.484426, -0.120756, 0.866458], [0.874735, -0.0520835, 0.481795]]], "btipPosition": [11.3233, 244.516, 56.253], "carpPosition": [-68.1782, 239.857, 99.4712], "dipPosition": [-5.56816, 243.51, 65.5567], "direction": [0.846042, 0.0588065, -0.529863], "extended": true, "handId": 100, "id": 1000, "length": 43.0013, "mcpPosition": [-68.1782, 239.857, 99.4712], "pipPosition": [-29.3693, 241.856, 80.4629], "stabilizedTipPosition": [-4.88267, 225.387, 117.905], "timeVisible": 13.7383, "tipPosition": [8.91534, 249.641, 63.1909], "tipVelocity": [141.085, 119.87, -572.807], "tool": false, "touchDistance": -0.193452, "touchZone": "hovering", "type": 0, "width": 17.574}, {"bases": [[[0.792533, 0.335842, -0.509021], [0.0473552, 0.798281, 0.600421], [0.607988, -0.499958, 0.61676]], [[0.706605, 0.398091, -0.585007], [-0.689596, 0.572757, -0.443178], [0.158642, 0.71657, 0.679235]], [[0.706605, 0.398091, -0.585007], [-0.214775, -0.667078, -0.713358], [-0.674227, 0.629707, -0.38586]], [[0.706605, 0.398091, -0.585007], [0.255842, -0.914538, -0.313314], [-0.659738, 0.0717199, -0.748065]]], "btipPosition": [-50.8192, 252.604, 57.4732], "carpPosition": [-72.46, 259.699, 102.633], "dipPosition": [-41.5186, 253.615, 46.9274], "direction": [-0.674227, -0.629707, 0.38586], "extended": false, "handId": 100, "id": 1001, "length": 48.5221, "mcpPosition": [-33.6961, 291.575, 63.31], "pipPosition": [-28.0725, 266.174, 39.2322], "stabilizedTipPosition": [-51.9002, 240.541, 67.9861], "timeVisible": 13.7383, "tipPosition": [-45.8562, 249.786, 55.1957], "tipVelocity": [128.459, 392.114, -469.337], "tool": false, "touchDistance": 0.333333, "touchZone": "none", "type": 1, "width": 16.7867}, {"bases": [[[0.847625, 0.124167, -0.515863], [0.193997, 0.832396, 0.519116], [0.49386, -0.540092, 0.681472]], [[0.816486, 0.156329, -0.555799], [-0.512931, 0.638326, -0.57397], [0.265053, 0.753725, 0.60137]], [[0.816486, 0.156329, -0.555799], [-0.296395, -0.712629, -0.635854], [-0.495481, 0.683902, -0.535516]], [[0.816486, 0.156329, -0.555799], [0.091064, -0.985465, -0.143406], [-0.570139, 0.0664755, -0.818854]]], "btipPosition": [-60.6498, 250.28, 57.9715], "carpPosition": [-80.5857, 264.677, 97.8307], "dipPosition": [-51.8096, 251.31, 45.2749], "direction": [-0.495481, -0.683902, 0.535516], "extended": false, "handId": 100, "id": 1002, "length": 55.2871, "mcpPosition": [-50.7254, 297.332, 56.6268], "pipPosition": [-40.1842, 267.357, 32.7102], "stabilizedTipPosition": [-61.4393, 240.552, 65.5183], "timeVisible": 13.7383, "tipPosition": [-57.8702, 249.745, 55.5118], "tipVelocity": [138.356, 420.83, -485.573], "tool": false, "touchDistance": 0.333333, "touchZone": "none", "type": 2, "width": 16.4868}, {"bases": [[[0.894009, -0.0197708, -0.447612], [0.269705, 0.821499, 0.502393], [0.35778, -0.569867, 0.73976]], [[0.870947, 0.0144363, -0.491166], [-0.381459, 0.64995, -0.657309], [0.309744, 0.75984, 0.571578]], [[0.870947, 0.0144363, -0.491166], [-0.332081, -0.719459, -0.61], [-0.36218, 0.694384, -0.621817]], [[0.870947, 0.0144363, -0.491166], [-0.0119348, -0.998652, -0.0505153], [-0.491233, 0.0498581, -0.8696]]], "btipPosition": [-74.3761, 253.31, 58.6749], "carpPosition": [-89.366, 267.026, 92.286], "dipPosition": [-66.8032, 254.078, 45.269], "direction": [-0.36218, -0.694385, 0.621817], "extended": false, "handId": 100, "id": 1003, "length": 53.16, "mcpPosition": [-69.9436, 297.961, 52.1275], "pipPosition": [-58.5249, 269.95, 31.0562], "stabilizedTipPosition": [-74.4218, 246.35, 61.9847], "timeVisible": 13.7383, "tipPosition": [-71.6002, 251.941, 55.6535], "tipVelocity": [144.078, 463.624, -464.176], "tool": false, "touchDistance": 0.333333, "touchZone": "none", "type": 3, "width": 15.6882}, {"bases": [[[0.872475, -0.221056, -0.4358], [0.436015, 0.754828, 0.490026], [0.220631, -0.617551, 0.754952]], [[0.83833, -0.14267, -0.526163], [-0.278279, 0.717948, -0.638052], [0.468789, 0.681319, 0.562176]], [[0.83833, -0.14267, -0.526163], [-0.487081, -0.629508, -0.605369], [-0.244856, 0.763783, -0.597228]], [[0.83833, -0.14267, -0.526163], [-0.214693, -0.973555, -0.0780879], [-0.501108, 0.178427, -0.846791]]], "btipPosition": [-84.7844, 259.695, 52.1365], "carpPosition": [-98.4701, 263.403, 84.7944], "dipPosition": [-77.6576, 262.233, 40.0933], "direction": [-0.244856, -0.763783, 0.597228], "extended": false, "handId": 100, "id": 1004, "length": 41.6764, "mcpPosition": [-87.383, 294.436, 46.8567], "pipPosition": [-73.7061, 274.559, 30.4553], "stabilizedTipPosition": [-84.3431, 255.136, 53.5157], "timeVisible": 13.7383, "tipPosition": [-80.7638, 258.226, 49.066], "tipVelocity": [138.394, 498.485, -439.877], "tool": false, "touchDistance": 0.333333, "touchZone": "none", "type": 4, "width": 13.9355}], "r": [[0.740123, 0.452645, -0.497323], [-0.366298, 0.891566, 0.266339], [0.563953, -0.0149551, 0.825671]], "s": 1.47367, "t": [-79.4519, 151.165, -3.86851], "timestamp": 629869261962}, {"currentFrameRate": 55.3186, "devices": [], "gestures": [], "hands": [{"armBasis": [[0.87394, 0.279731, -0.397465], [0.128837, 0.655189, 0.744398], [0.468646, -0.701767, 0.536557]], "armWidth": 55.2759, "confidence": 1, "direction": [0.456768, 0.645221, -0.612416], "elbow": [-204.212, 84.6212, 222.565], "grabAngle": 3.14159, "grabStrength": 1, "id": 100, "palmNormal": [0.0871892, -0.717584, -0.690993], "palmPosition": [-58.3308, 287.226, 57.5399], "palmVelocity": [222.776, 350.721, -467.978], "palmWidth": 78.8548, "pinchDistance": 34.0111, "pinchStrength": 0, "r": [[0.73715, 0.488901, -0.46646], [-0.409222, 0.872316, 0.267586], [0.537724, -0.0063649, 0.843097]], "s": 1.46781, "sphereCenter": [-39.5089, 271.849, 31.7329], "sphereRadius": 35.5072, "stabilizedPalmPosition": [-65.1031, 275.666, 71.3446], "t": [83.4052, 158.296, -11.8682], "timeVisible": 13.7564, "type": "left", "wrist": [-94.5529, 248.828, 97.0161]}], "id": 37203, "interactionBox": {"center": [0, 200, 0], "size": [235.247, 235.247, 147.751]}, "pointables": [{"bases": [[[0.345097, 0.87325, 0.344009], [-0.495234, -0.141932, 0.857087], [0.797278, -0.466144, 0.383482]], [[-0.0633529, 0.989838, 0.12731], [-0.45732, -0.142178, 0.877863], [0.887043, -0.00260614, 0.46168]], [[-0.0633529, 0.989838, 0.12731], [-0.553513, -0.140998, 0.820818], [0.830427, -0.0184664, 0.556821]], [[-0.0633529, 0.989838, 0.12731], [-0.508294, -0.141784, 0.849432], [0.85885, -0.0108968, 0.512111]]], "btipPosition": [13.7724, 247.184, 45.5603], "carpPosition": [-64.5477, 246.341, 91.0863], "dipPosition": [-2.8123, 246.974, 55.4493], "direction": [0.830427, 0.0184664, -0.556821], "extended": true, "handId": 100, "id": 1000, "length": 43.0013, "mcpPosition": [-64.5477, 246.341, 91.0863], "pipPosition": [-26.1741, 246.454, 71.114], "stabilizedTipPosition": [-4.56722, 225.85, 116.415], "timeVisible": 13.7564, "tipPosition": [11.4924, 252.963, 51.97], "tipVelocity": [139.139, 157.443, -583.03], "tool": false, "touchDistance": -0.360812, "touchZone": "hovering", "type": 0, "width": 17.574}, {"bases": [[[0.796042, 0.366839, -0.4814], [-0.00262068, 0.797467, 0.603356], [0.605235, -0.479036, 0.635779]], [[0.719151, 0.420747, -0.552986], [-0.684993, 0.562878, -0.462551], [0.116646, 0.711435, 0.693003]], [[0.719151, 0.420747, -0.552986], [-0.156398, -0.677396, -0.718801], [-0.677024, 0.603412, -0.421346]], [[0.719151, 0.420747, -0.552986], [0.303453, -0.906101, -0.294783], [-0.62509, 0.0441888, -0.779301]]], "btipPosition": [-47.5681, 258.984, 48.7196], "carpPosition": [-67.9774, 266.317, 94.4322], "dipPosition": [-38.756, 259.607, 37.7335], "direction": [-0.677024, -0.603413, 0.421346], "extended": false, "handId": 100, "id": 1001, "length": 48.5221, "mcpPosition": [-29.389, 296.86, 53.8964], "pipPosition": [-25.2541, 271.64, 29.3306], "stabilizedTipPosition": [-50.1104, 245.772, 61.852], "timeVisible": 13.7564, "tipPosition": [-43.4608, 255.735, 46.1108], "tipVelocity": [173.327, 347.352, -488.976], "tool": false, "touchDistance": 0.333333, "touchZone": "none", "type": 1, "width": 16.7867}, {"bases": [[[0.859198, 0.157387, -0.486835], [0.145286, 0.837294, 0.527096], [0.490582, -0.52361, 0.696536]], [[0.828235, 0.188501, -0.527726], [-0.511586, 0.638686, -0.574769], [0.228706, 0.746021, 0.625417]], [[0.828235, 0.188501, -0.527726], [-0.248445, -0.720597, -0.647314], [-0.502297, 0.667239, -0.549991]], [[0.828235, 0.188501, -0.527726], [0.129797, -0.980647, -0.146574], [-0.545142, 0.0529004, -0.836673]]], "btipPosition": [-57.5479, 257.125, 48.8055], "carpPosition": [-76.0678, 271.611, 89.916], "dipPosition": [-49.0953, 257.945, 35.8327], "direction": [-0.502297, -0.667239, 0.549991], "extended": false, "handId": 100, "id": 1002, "length": 55.2871, "mcpPosition": [-46.4057, 303.27, 47.8012], "pipPosition": [-37.31, 273.601, 22.9283], "stabilizedTipPosition": [-59.5371, 246.016, 59.0978], "timeVisible": 13.7564, "tipPosition": [-55.3702, 256.063, 46.7678], "tipVelocity": [166.366, 375.344, -509.665], "tool": false, "touchDistance": 0.333333, "touchZone": "none", "type": 2, "width": 16.4868}, {"bases": [[[0.908613, 0.0150483, -0.417368], [0.221865, 0.829281, 0.512902], [0.353833, -0.558629, 0.750157]], [[0.885761, 0.0485188, -0.461599], [-0.376055, 0.657941, -0.652454], [0.272048, 0.751505, 0.601024]], [[0.885761, 0.0485188, -0.461599], [-0.285169, -0.727782, -0.623708], [-0.366205, 0.68409, -0.630805]], [[0.885761, 0.0485188, -0.461599], [0.0244261, -0.998016, -0.0580306], [-0.463499, 0.0401261, -0.885189]]], "btipPosition": [-71.2135, 260.67, 49.8591], "carpPosition": [-84.9351, 274.304, 84.6743], "dipPosition": [-64.0681, 261.289, 36.2129], "direction": [-0.366205, -0.68409, 0.630805], "extended": false, "handId": 100, "id": 1003, "length": 53.16, "mcpPosition": [-65.7269, 304.63, 43.9514], "pipPosition": [-55.6978, 276.925, 21.7946], "stabilizedTipPosition": [-72.3078, 252.652, 55.3337], "timeVisible": 13.7564, "tipPosition": [-69.0175, 258.82, 47.3905], "tipVelocity": [169.212, 404.568, -489.873], "tool": false, "touchDistance": 0.333333, "touchZone": "none", "type": 3, "width": 15.6882}, {"bases": [[[0.894226, -0.186938, -0.406711], [0.39087, 0.768893, 0.505988], [0.218129, -0.611439, 0.760633]], [[0.859006, -0.107242, -0.500608], [-0.273308, 0.73077, -0.625523], [0.432911, 0.674148, 0.598425]], [[0.859006, -0.107242, -0.500608], [-0.443841, -0.643358, -0.623776], [-0.255175, 0.758017, -0.600246]], [[0.859006, -0.107242, -0.500608], [-0.175348, -0.980303, -0.09088], [-0.481001, 0.165847, -0.860891]]], "btipPosition": [-81.7812, 267.514, 43.7334], "carpPosition": [-94.4139, 271.048, 77.4851], "dipPosition": [-74.9404, 269.873, 31.4898], "direction": [-0.255175, -0.758017, 0.600246], "extended": false, "handId": 100, "id": 1004, "length": 41.6764, "mcpPosition": [-83.4525, 301.774, 39.262], "pipPosition": [-70.8224, 282.106, 21.803], "stabilizedTipPosition": [-82.1387, 262.024, 46.7997], "timeVisible": 13.7564, "tipPosition": [-78.2379, 265.49, 41.1569], "tipVelocity": [162.209, 429.512, -466.572], "tool": false, "touchDistance": 0.333333, "touchZone": "none", "type": 4, "width": 13.9355}], "r": [[0.73715, 0.488901, -0.46646], [-0.409222, 0.872316, 0.267586], [0.537724, -0.0063649, 0.843097]], "s": 1.46781, "t": [-83.4052, 158.296, -11.8682], "timestamp": 629869280071}, {"currentFrameRate": 55.3049, "devices": [], "gestures": [], "hands": [{"armBasis": [[0.867039, 0.307751, -0.391832], [0.0943297, 0.670816, 0.7356], [0.489229, -0.674756, 0.552594]], "armWidth": 55.2759, "confidence": 1, "direction": [0.470533, 0.600881, -0.646174], "elbow": [-205.061, 98.3608, 218.664], "grabAngle": 3.14159, "grabStrength": 1, "id": 100, "palmNormal": [0.0397223, -0.745988, -0.664773], "palmPosition": [-53.5945, 291.639, 47.8693], "palmVelocity": [261.252, 243.419, -533.434], "palmWidth": 78.8548, "pinchDistance": 33.757, "pinchStrength": 0.0267349, "r": [[0.730544, 0.520473, -0.442055], [-0.451657, 0.853813, 0.258861], [0.512162, 0.0105482, 0.858824]], "s": 1.46199, "sphereCenter": [-36.8489, 274.528, 21.6602], "sphereRadius": 35.3137, "stabilizedPalmPosition": [-61.0972, 281.226, 63.1733], "t": [87.75, 164.067, -20.7034], "timeVisible": 13.7746, "type": "left", "wrist": [-90.5859, 256.247, 89.3618]}], "id": 37204, "interactionBox": {"center": [0, 200, 0], "size": [235.247, 235.247, 147.751]}, "pointables": [{"bases": [[[0.298421, 0.900024, 0.317651], [-0.50802, -0.131967, 0.851176], [0.807998, -0.415382, 0.417848]], [[-0.116516, 0.989639, 0.0838919], [-0.467062, -0.129142, 0.874743], [0.876514, 0.062739, 0.47727]], [[-0.116516, 0.989639, 0.0838919], [-0.573243, -0.135988, 0.808022], [0.811059, 0.0460573, 0.583148]], [[-0.116516, 0.989639, 0.0838919], [-0.616408, -0.138286, 0.775189], [0.778759, 0.0386105, 0.626134]]], "btipPosition": [14.9411, 247.595, 33.9345], "carpPosition": [-60.8321, 252.351, 83.0774], "dipPosition": [-0.0969675, 248.341, 46.0253], "direction": [0.811059, -0.0460573, -0.583148], "extended": true, "handId": 100, "id": 1000, "length": 43.0013, "mcpPosition": [-60.8321, 252.351, 83.0774], "pipPosition": [-22.9139, 249.636, 62.4306], "stabilizedTipPosition": [-4.39845, 226.08, 115.577], "timeVisible": 13.7746, "tipPosition": [14.1498, 253.348, 41.4873], "tipVelocity": [84.0894, 34.8089, -613.351], "tool": false, "touchDistance": -0.519855, "touchZone": "hovering", "type": 0, "width": 17.574}, {"bases": [[[0.789971, 0.383943, -0.478052], [-0.0514802, 0.818453, 0.572263], [0.610979, -0.427461, 0.66632]], [[0.729177, 0.422346, -0.538446], [-0.680302, 0.532578, -0.503538], [0.0740972, 0.733474, 0.675667]], [[0.729177, 0.422346, -0.538446], [-0.0982435, -0.71407, -0.693146], [-0.677236, 0.558325, -0.479191]], [[0.729177, 0.422346, -0.538446], [0.348734, -0.90633, -0.238643], [-0.5888, -0.0137614, -0.808162]]], "btipPosition": [-43.5285, 262.884, 40.245], "carpPosition": [-63.3031, 272.571, 85.7298], "dipPosition": [-35.2279, 262.69, 28.8521], "direction": [-0.677236, -0.558325, 0.479191], "extended": false, "handId": 100, "id": 1001, "length": 48.5221, "mcpPosition": [-24.3484, 299.825, 43.2468], "pipPosition": [-21.7218, 273.824, 19.2956], "stabilizedTipPosition": [-48.285, 249.441, 56.6438], "timeVisible": 13.7746, "tipPosition": [-40.451, 259.299, 37.3529], "tipVelocity": [216.335, 204.76, -472.621], "tool": false, "touchDistance": 0.333333, "touchZone": "none", "type": 1, "width": 16.7867}, {"bases": [[[0.862377, 0.177472, -0.47414], [0.0962413, 0.861997, 0.497694], [0.497034, -0.474832, 0.726287]], [[0.831021, 0.205625, -0.516838], [-0.522222, 0.60837, -0.597637], [0.19154, 0.766553, 0.612951]], [[0.831021, 0.205625, -0.516838], [-0.200249, -0.756269, -0.622862], [-0.518945, 0.621108, -0.5873]], [[0.831021, 0.205625, -0.516838], [0.175823, -0.978628, -0.106645], [-0.527721, -0.00224736, -0.849415]]], "btipPosition": [-53.943, 261.735, 39.8469], "carpPosition": [-71.2544, 278.05, 81.1874], "dipPosition": [-45.7605, 261.7, 26.6765], "direction": [-0.518945, -0.621108, 0.5873], "extended": false, "handId": 100, "id": 1002, "length": 55.2871, "mcpPosition": [-41.2022, 306.759, 37.2739], "pipPosition": [-33.5846, 276.273, 12.8967], "stabilizedTipPosition": [-57.7038, 249.869, 53.6343], "timeVisible": 13.7746, "tipPosition": [-52.2442, 260.081, 38.1648], "tipVelocity": [195.422, 243.451, -496.668], "tool": false, "touchDistance": 0.333333, "touchZone": "none", "type": 2, "width": 16.4868}, {"bases": [[[0.916395, 0.0401728, -0.398253], [0.173404, 0.856898, 0.485445], [0.360764, -0.513919, 0.778291]], [[0.893113, 0.0709171, -0.444206], [-0.384312, 0.633499, -0.671553], [0.23378, 0.770487, 0.593041]], [[0.893113, 0.0709171, -0.444206], [-0.238551, -0.762532, -0.601363], [-0.381369, 0.643051, -0.664111]], [[0.893113, 0.0709171, -0.444206], [0.0681009, -0.997429, -0.0223162], [-0.444647, -0.01032, -0.895647]]], "btipPosition": [-67.4814, 265.895, 40.9105], "carpPosition": [-80.1125, 280.94, 76.0362], "dipPosition": [-60.6267, 265.736, 27.103], "direction": [-0.381369, -0.643051, 0.664111], "extended": false, "handId": 100, "id": 1003, "length": 53.16, "mcpPosition": [-60.5281, 308.838, 33.786], "pipPosition": [-51.9098, 280.434, 11.9235], "stabilizedTipPosition": [-70.1649, 257.072, 49.4438], "timeVisible": 13.7746, "tipPosition": [-65.757, 263.512, 38.9731], "tipVelocity": [202.176, 278.335, -495.653], "tool": false, "touchDistance": 0.333333, "touchZone": "none", "type": 3, "width": 15.6882}, {"bases": [[[0.910658, -0.161718, -0.380196], [0.345013, 0.803922, 0.484433], [0.227307, -0.572325, 0.787893]], [[0.873092, -0.0854503, -0.480009], [-0.28347, 0.712049, -0.642364], [0.39668, 0.696911, 0.597461]], [[0.873092, -0.0854503, -0.480009], [-0.401443, -0.684703, -0.608298], [-0.276684, 0.723796, -0.632112]], [[0.873092, -0.0854503, -0.480009], [-0.129234, -0.989866, -0.0588506], [-0.470116, 0.113415, -0.875287]]], "btipPosition": [-78.0428, 272.981, 34.805], "carpPosition": [-89.8873, 277.847, 69.1795], "dipPosition": [-71.3568, 274.594, 22.3566], "direction": [-0.276684, -0.723796, 0.632112], "extended": false, "handId": 100, "id": 1004, "length": 41.6764, "mcpPosition": [-78.4648, 306.607, 29.5865], "pipPosition": [-66.8917, 286.275, 12.1556], "stabilizedTipPosition": [-79.8266, 266.673, 40.702], "timeVisible": 13.7746, "tipPosition": [-74.8872, 270.368, 32.7167], "tipVelocity": [204.246, 292.082, -495.09], "tool": false, "touchDistance": 0.333333, "touchZone": "none", "type": 4, "width": 13.9355}], "r": [[0.730544, 0.520473, -0.442055], [-0.451657, 0.853813, 0.258861], [0.512162, 0.0105482, 0.858824]], "s": 1.46199, "t": [-87.75, 164.067, -20.7034], "timestamp": 629869298200}, {"currentFrameRate": 55.3008, "devices": [], "gestures": [], "hands": [{"armBasis": [[0.860496, 0.343956, -0.375821], [0.0495316, 0.67771, 0.733659], [0.507044, -0.649926, 0.56613]], "armWidth": 55.2759, "confidence": 1, "direction": [0.483309, 0.556757, -0.675599], "elbow": [-205.231, 111.018, 213.945], "grabAngle": 3.14159, "grabStrength": 1, "id": 100, "palmNormal": [-0.0194304, -0.764704, -0.644089], "palmPosition": [-48.9667, 295.468, 38.1653], "palmVelocity": [255.721, 211.564, -536.224], "palmWidth": 78.8548, "pinchDistance": 33.5728, "pinchStrength": 0.0503099, "r": [[0.720347, 0.550815, -0.421549], [-0.495216, 0.833959, 0.243461], [0.485657, 0.0333811, 0.873512]], "s": 1.45769, "sphereCenter": [-34.1451, 276.721, 11.7467], "sphereRadius": 35.2053, "stabilizedPalmPosition": [-57.9659, 284.902, 56.7179], "t": [92.2363, 168.868, -29.973], "timeVisible": 13.7927, "type": "left", "wrist": [-86.5878, 263.094, 81.4764]}], "id": 37205, "interactionBox": {"center": [0, 200, 0], "size": [235.247, 235.247, 147.751]}, "pointables": [{"bases": [[[0.240504, 0.92316, 0.299891], [-0.524454, -0.136388, 0.840444], [0.816765, -0.359409, 0.451353]], [[-0.17582, 0.98316, 0.0498331], [-0.483392, -0.130323, 0.865649], [0.857566, 0.12811, 0.498165]], [[-0.17582, 0.98316, 0.0498331], [-0.598213, -0.146908, 0.787756], [0.781811, 0.108693, 0.613968]], [[-0.17582, 0.98316, 0.0498331], [-0.644327, -0.153203, 0.749247], [0.744265, 0.0996241, 0.660413]]], "btipPosition": [16.1791, 247.071, 23.0863], "carpPosition": [-57.2855, 257.595, 74.6622], "dipPosition": [1.80712, 248.995, 35.8391], "direction": [0.781811, -0.108693, -0.613968], "extended": true, "handId": 100, "id": 1000, "length": 43.0013, "mcpPosition": [-57.2855, 257.595, 74.6622], "pipPosition": [-20.187, 252.053, 53.1115], "stabilizedTipPosition": [-4.30932, 226.191, 115.115], "timeVisible": 13.7927, "tipPosition": [16.2507, 253.116, 30.8], "tipVelocity": [76.8744, -13.9733, -591.029], "tool": false, "touchDistance": -0.656641, "touchZone": "hovering", "type": 0, "width": 17.574}, {"bases": [[[0.781661, 0.413296, -0.467111], [-0.111691, 0.829581, 0.547102], [0.613622, -0.375476, 0.694612]], [[0.732631, 0.440705, -0.518682], [-0.680251, 0.499418, -0.536508], [0.0225971, 0.745896, 0.665679]], [[0.732631, 0.440705, -0.518682], [-0.0330058, -0.738165, -0.673812], [-0.679825, 0.510775, -0.526257]], [[0.732631, 0.440705, -0.518682], [0.401766, -0.895154, -0.193091], [-0.549396, -0.0669241, -0.832878]]], "btipPosition": [-39.9705, 266.24, 31.1563], "carpPosition": [-58.5919, 277.984, 76.8039], "dipPosition": [-32.2255, 265.296, 19.4149], "direction": [-0.679825, -0.510775, 0.526257], "extended": false, "handId": 100, "id": 1001, "length": 48.5221, "mcpPosition": [-19.4688, 301.923, 32.517], "pipPosition": [-18.6678, 275.483, 8.91979], "stabilizedTipPosition": [-46.7531, 251.957, 52.3665], "timeVisible": 13.7927, "tipPosition": [-37.8968, 262.362, 28.231], "tipVelocity": [189.543, 175.919, -506.651], "tool": false, "touchDistance": 0.333333, "touchZone": "none", "type": 1, "width": 16.7867}, {"bases": [[[0.864888, 0.211249, -0.45535], [0.0355649, 0.879065, 0.475373], [0.500704, -0.427338, 0.75278]], [[0.833307, 0.236493, -0.49967], [-0.534112, 0.577525, -0.617405], [0.14256, 0.781368, 0.60757]], [[0.833307, 0.236493, -0.49967], [-0.142985, -0.780908, -0.608061], [-0.533999, 0.578147, -0.616921]], [[0.833307, 0.236493, -0.49967], [0.228508, -0.970396, -0.0782013], [-0.503372, -0.049013, -0.862679]]], "btipPosition": [-50.7556, 265.72, 30.4977], "carpPosition": [-66.3653, 283.762, 72.3254], "dipPosition": [-42.9507, 264.96, 17.1216], "direction": [-0.533999, -0.578147, 0.616921], "extended": false, "handId": 100, "id": 1002, "length": 55.2871, "mcpPosition": [-36.0912, 309.6, 26.81], "pipPosition": [-30.4215, 278.525, 2.64682], "stabilizedTipPosition": [-56.1888, 252.585, 49.0921], "timeVisible": 13.7927, "tipPosition": [-49.56, 263.722, 29.2422], "tipVelocity": [171.329, 210.99, -519.232], "tool": false, "touchDistance": 0.333333, "touchZone": "none", "type": 2, "width": 16.4868}, {"bases": [[[0.923985, 0.0791869, -0.37414], [0.11321, 0.877841, 0.46538], [0.365288, -0.47236, 0.802147]], [[0.900418, 0.107369, -0.421567], [-0.39448, 0.610046, -0.687189], [0.183393, 0.785058, 0.591652]], [[0.900418, 0.107369, -0.421567], [-0.183707, -0.784571, -0.592199], [-0.394333, 0.610671, -0.686718]], [[0.900418, 0.107369, -0.421567], [0.116425, -0.99319, -0.00428466], [-0.419156, -0.0452231, -0.906787]]], "btipPosition": [-64.0843, 270.43, 31.6559], "carpPosition": [-75.2, 286.99, 67.337], "dipPosition": [-57.6225, 269.733, 17.6767], "direction": [-0.394333, -0.610671, 0.686718], "extended": false, "handId": 100, "id": 1003, "length": 53.16, "mcpPosition": [-55.3701, 312.632, 23.7918], "pipPosition": [-48.6093, 283.691, 1.98041], "stabilizedTipPosition": [-68.3166, 260.295, 44.3135], "timeVisible": 13.7927, "tipPosition": [-62.8566, 267.933, 30.3127], "tipVelocity": [182.722, 243.762, -513.571], "tool": false, "touchDistance": 0.333333, "touchZone": "none", "type": 3, "width": 15.6882}, {"bases": [[[0.928561, -0.122157, -0.350503], [0.287369, 0.834267, 0.470549], [0.234932, -0.537658, 0.809772]], [[0.888881, -0.0492778, -0.455481], [-0.297247, 0.694499, -0.655221], [0.348619, 0.717804, 0.602679]], [[0.888881, -0.0492778, -0.455481], [-0.348856, -0.717251, -0.603201], [-0.296969, 0.695071, -0.654741]], [[0.888881, -0.0492778, -0.455481], [-0.0764011, -0.996221, -0.0413185], [-0.451723, 0.0715265, -0.889286]]], "btipPosition": [-74.5598, 278.091, 25.7779], "carpPosition": [-85.3196, 284.249, 60.8398], "dipPosition": [-68.1354, 279.108, 13.1304], "direction": [-0.296969, -0.695071, 0.654741], "extended": false, "handId": 100, "id": 1004, "length": 41.6764, "mcpPosition": [-73.5138, 311.267, 20.1473], "pipPosition": [-63.3429, 290.325, 2.56421], "stabilizedTipPosition": [-77.7335, 270.289, 35.1677], "timeVisible": 13.7927, "tipPosition": [-71.8478, 275.121, 24.1553], "tipVelocity": [189.139, 274.798, -501.348], "tool": false, "touchDistance": 0.333333, "touchZone": "none", "type": 4, "width": 13.9355}], "r": [[0.720347, 0.550815, -0.421549], [-0.495216, 0.833959, 0.243461], [0.485657, 0.0333811, 0.873512]], "s": 1.45769, "t": [-92.2363, 168.868, -29.973], "timestamp": 629869316297}, {"currentFrameRate": 55.3307, "devices": [], "gestures": [], "hands": [{"armBasis": [[0.852268, 0.373708, -0.366035], [0.0137399, 0.683501, 0.72982], [0.522925, -0.627032, 0.577391]], "armWidth": 55.2759, "confidence": 1, "direction": [0.49326, 0.519174, -0.697963], "elbow": [-204.984, 121.802, 208.513], "grabAngle": 3.14159, "grabStrength": 1, "id": 100, "palmNormal": [-0.0667012, -0.77743, -0.625423], "palmPosition": [-44.5179, 298.326, 28.7309], "palmVelocity": [247.571, 159.08, -525.005], "palmWidth": 78.8548, "pinchDistance": 33.3808, "pinchStrength": 0.0779928, "r": [[0.707409, 0.579157, -0.405154], [-0.537228, 0.813077, 0.224258], [0.459301, 0.059018, 0.886318]], "s": 1.45329, "sphereCenter": [-31.6092, 278.303, 2.06073], "sphereRadius": 35.0371, "stabilizedPalmPosition": [-55.4522, 287.411, 51.4866], "t": [96.7039, 172.697, -39.3249], "timeVisible": 13.8106, "type": "left", "wrist": [-82.6249, 268.521, 73.4086]}], "id": 37206, "interactionBox": {"center": [0, 200, 0], "size": [235.247, 235.247, 147.751]}, "pointables": [{"bases": [[[0.193097, 0.939534, 0.282825], [-0.535342, -0.140681, 0.832837], [0.822267, -0.312227, 0.475807]], [[-0.222657, 0.974659, 0.0215147], [-0.497924, -0.132666, 0.857013], [0.83815, 0.180107, 0.514846]], [[-0.222657, 0.974659, 0.0215147], [-0.618727, -0.158331, 0.769486], [0.753393, 0.15802, 0.638302]], [[-0.222657, 0.974659, 0.0215147], [-0.669482, -0.168908, 0.72337], [0.708673, 0.14666, 0.690125]]], "btipPosition": [17.3974, 246.629, 12.7102], "carpPosition": [-53.7405, 261.698, 66.266], "dipPosition": [3.71265, 249.461, 26.0368], "direction": [0.753393, -0.15802, -0.638302], "extended": true, "handId": 100, "id": 1000, "length": 43.0013, "mcpPosition": [-53.7405, 261.698, 66.266], "pipPosition": [-17.482, 253.907, 43.9937], "stabilizedTipPosition": [-4.26131, 226.245, 114.858], "timeVisible": 13.8106, "tipPosition": [18.3301, 252.601, 20.7487], "tipVelocity": [76.5901, -12.9864, -570.07], "tool": false, "touchDistance": -0.772973, "touchZone": "hovering", "type": 0, "width": 17.574}, {"bases": [[[0.772189, 0.437181, -0.461083], [-0.159697, 0.835907, 0.525126], [0.614997, -0.331862, 0.715294]], [[0.730907, 0.457679, -0.506266], [-0.682313, 0.473768, -0.55677], [-0.0149693, 0.752379, 0.658561]], [[0.730907, 0.457679, -0.506266], [0.0144259, -0.752001, -0.659004], [-0.682325, 0.474367, -0.556245]], [[0.730907, 0.457679, -0.506266], [0.441864, -0.882689, -0.160048], [-0.520126, -0.106721, -0.847396]]], "btipPosition": [-36.3582, 268.701, 22.0422], "carpPosition": [-54.0983, 282.168, 67.9533], "dipPosition": [-29.0258, 267.196, 10.0962], "direction": [-0.682325, -0.474367, 0.556245], "extended": false, "handId": 100, "id": 1001, "length": 48.5221, "mcpPosition": [-14.8875, 303.327, 22.3478], "pipPosition": [-15.4182, 276.656, -0.997054], "stabilizedTipPosition": [-45.4866, 253.676, 48.8996], "timeVisible": 13.8106, "tipPosition": [-35.1148, 264.7, 19.357], "tipVelocity": [195.741, 129.765, -509.805], "tool": false, "touchDistance": 0.333333, "touchZone": "none", "type": 1, "width": 16.7867}, {"bases": [[[0.864012, 0.239376, -0.442925], [-0.0133094, 0.890294, 0.455191], [0.503295, -0.387395, 0.772411]], [[0.832278, 0.262175, -0.488445], [-0.544484, 0.552168, -0.631386], [0.10417, 0.791438, 0.602307]], [[0.832278, 0.262175, -0.488445], [-0.104604, -0.790998, -0.60281], [-0.5444, 0.552798, -0.630906]], [[0.832278, 0.262175, -0.488445], [0.264875, -0.962085, -0.065073], [-0.486986, -0.0752181, -0.870165]]], "btipPosition": [-47.4506, 268.329, 21.1343], "carpPosition": [-61.7002, 288.186, 63.4955], "dipPosition": [-39.8998, 267.163, 7.64214], "direction": [-0.5444, -0.552798, 0.630906], "extended": false, "handId": 100, "id": 1002, "length": 55.2871, "mcpPosition": [-31.2694, 311.609, 16.7931], "pipPosition": [-27.1266, 280.133, -7.16074], "stabilizedTipPosition": [-54.9753, 254.378, 45.4939], "timeVisible": 13.8106, "tipPosition": [-46.6535, 266.524, 20.4461], "tipVelocity": [180.666, 139.986, -522.54], "tool": false, "touchDistance": 0.333333, "touchZone": "none", "type": 2, "width": 16.4868}, {"bases": [[[0.927187, 0.111958, -0.357476], [0.0645051, 0.892319, 0.446773], [0.369003, -0.437302, 0.820125]], [[0.903392, 0.137979, -0.406011], [-0.404036, 0.591082, -0.698124], [0.143659, 0.794723, 0.589727]], [[0.903392, 0.137979, -0.406011], [-0.143981, -0.794252, -0.590283], [-0.403922, 0.591714, -0.697654]], [[0.903392, 0.137979, -0.406011], [0.151824, -0.988406, 0.0019136], [-0.401039, -0.0633709, -0.913866]]], "btipPosition": [-60.573, 273.586, 22.3821], "carpPosition": [-70.4857, 291.692, 58.609], "dipPosition": [-54.3905, 272.609, 8.29376], "direction": [-0.403922, -0.591714, 0.697654], "extended": false, "handId": 100, "id": 1003, "length": 53.16, "mcpPosition": [-50.4541, 315.431, 14.0879], "pipPosition": [-45.1581, 286.134, -7.65248], "stabilizedTipPosition": [-66.7723, 262.497, 40.0724], "timeVisible": 13.8106, "tipPosition": [-59.7413, 271.379, 21.6665], "tipVelocity": [191.825, 172.014, -517.468], "tool": false, "touchDistance": 0.333333, "touchZone": "none", "type": 3, "width": 15.6882}, {"bases": [[[0.940175, -0.0883932, -0.329026], [0.240277, 0.856706, 0.456423], [0.241534, -0.508175, 0.826692]], [[0.898639, -0.0185283, -0.438297], [-0.309956, 0.680213, -0.664257], [0.310443, 0.73278, 0.605524]], [[0.898639, -0.0185283, -0.438297], [-0.31069, -0.732238, -0.606052], [-0.309708, 0.680797, -0.663774]], [[0.898639, -0.0185283, -0.438297], [-0.0391011, -0.998514, -0.0379582], [-0.436942, 0.0512486, -0.898028]]], "btipPosition": [-70.8678, 281.702, 16.6553], "carpPosition": [-80.8501, 289.26, 52.3803], "dipPosition": [-64.6535, 282.431, 3.88346], "direction": [-0.309708, -0.680797, 0.663774], "extended": false, "handId": 100, "id": 1004, "length": 41.6764, "mcpPosition": [-68.7126, 314.797, 10.8376], "pipPosition": [-59.6555, 293.418, -6.82851], "stabilizedTipPosition": [-75.9026, 272.845, 30.4333], "timeVisible": 13.8106, "tipPosition": [-68.6016, 278.846, 15.578], "tipVelocity": [202.766, 197.274, -509.249], "tool": false, "touchDistance": 0.333333, "touchZone": "none", "type": 4, "width": 13.9355}], "r": [[0.707409, 0.579157, -0.405154], [-0.537228, 0.813077, 0.224258], [0.459301, 0.059018, 0.886318]], "s": 1.45329, "t": [-96.7039, 172.697, -39.3249], "timestamp": 629869334267}, {"currentFrameRate": 55.3315, "devices": [], "gestures": [], "hands": [{"armBasis": [[0.844235, 0.39761, -0.359406], [-0.0140396, 0.686744, 0.726764], [0.535789, -0.608514, 0.585355]], "armWidth": 55.2759, "confidence": 1, "direction": [0.493507, 0.48746, -0.720301], "elbow": [-204.075, 130.831, 202.023], "grabAngle": 3.14159, "grabStrength": 1, "id": 100, "palmNormal": [-0.105517, -0.788504, -0.605911], "palmPosition": [-40.626, 300.903, 19.0358], "palmVelocity": [215.377, 142.591, -536.53], "palmWidth": 78.8548, "pinchDistance": 33.108, "pinchStrength": 0.111023, "r": [[0.693819, 0.604128, -0.391976], [-0.575746, 0.792284, 0.201996], [0.432588, 0.0855298, 0.897526]], "s": 1.4477, "sphereCenter": [-29.5206, 279.91, -7.82412], "sphereRadius": 34.8395, "stabilizedPalmPosition": [-53.5138, 289.175, 47.2439], "t": [100.884, 175.9, -48.8485], "timeVisible": 13.8287, "type": "left", "wrist": [-78.7052, 273.218, 65.0558]}], "id": 37207, "interactionBox": {"center": [0, 200, 0], "size": [235.247, 235.247, 147.751]}, "pointables": [{"bases": [[[0.15672, 0.951288, 0.265501], [-0.549383, -0.139427, 0.823856], [0.820742, -0.274976, 0.50077]], [[-0.253936, 0.967205, -0.00564877], [-0.516712, -0.130719, 0.846121], [0.817634, 0.217779, 0.532961]], [[-0.253936, 0.967205, -0.00564877], [-0.642144, -0.164219, 0.748788], [0.723303, 0.193771, 0.662786]], [[-0.253936, 0.967205, -0.00564877], [-0.699414, -0.179588, 0.691787], [0.668085, 0.17962, 0.72208]]], "btipPosition": [18.4687, 247.088, 1.94498], "carpPosition": [-50.1514, 265.429, 57.5902], "dipPosition": [5.56777, 250.557, 15.8886], "direction": [0.723303, -0.193771, -0.662786], "extended": true, "handId": 100, "id": 1000, "length": 43.0013, "mcpPosition": [-50.1514, 265.429, 57.5902], "pipPosition": [-14.7804, 256.008, 34.5343], "stabilizedTipPosition": [-4.23514, 226.274, 114.713], "timeVisible": 13.8287, "tipPosition": [20.2016, 252.665, 10.3424], "tipVelocity": [69.2647, 33.508, -587.898], "tool": false, "touchDistance": -0.883358, "touchZone": "hovering", "type": 0, "width": 17.574}, {"bases": [[[0.768201, 0.451547, -0.453842], [-0.19802, 0.841723, 0.502285], [0.608815, -0.295986, 0.736028]], [[0.735818, 0.466195, -0.491156], [-0.675602, 0.455902, -0.57941], [-0.0461988, 0.758166, 0.650423]], [[0.735818, 0.466195, -0.491156], [0.0456608, -0.757802, -0.650884], [-0.675638, 0.456506, -0.578891]], [[0.735818, 0.466195, -0.491156], [0.463427, -0.87552, -0.136748], [-0.493768, -0.126993, -0.860271]]], "btipPosition": [-33.0773, 270.614, 12.5063], "carpPosition": [-49.8212, 285.932, 58.8177], "dipPosition": [-26.1165, 268.824, 0.378726], "direction": [-0.675638, -0.456506, 0.578891], "extended": false, "handId": 100, "id": 1001, "length": 48.5221, "mcpPosition": [-11.0045, 304.804, 11.8903], "pipPosition": [-12.6422, 277.928, -11.1661], "stabilizedTipPosition": [-44.5129, 254.825, 46.1765], "timeVisible": 13.8287, "tipPosition": [-32.4674, 266.932, 10.2059], "tipVelocity": [176.837, 102.267, -530.031], "tool": false, "touchDistance": 0.333333, "touchZone": "none", "type": 1, "width": 16.7867}, {"bases": [[[0.865818, 0.257253, -0.429163], [-0.0518814, 0.899242, 0.434364], [0.497663, -0.353814, 0.791926]], [[0.834418, 0.278006, -0.475878], [-0.54637, 0.530537, -0.648083], [0.0722995, 0.800777, 0.594583]], [[0.834418, 0.278006, -0.475878], [-0.0727345, -0.800354, -0.595099], [-0.546312, 0.531174, -0.647609]], [[0.834418, 0.278006, -0.475878], [0.291304, -0.955456, -0.0473942], [-0.467856, -0.0990784, -0.878234]]], "btipPosition": [-44.4343, 270.711, 11.6751], "carpPosition": [-57.3276, 292.092, 54.3921], "dipPosition": [-37.18, 269.175, -1.94216], "direction": [-0.546312, -0.531174, 0.647609], "extended": false, "handId": 100, "id": 1002, "length": 55.2871, "mcpPosition": [-27.2373, 313.485, 6.50975], "pipPosition": [-24.362, 281.638, -17.1369], "stabilizedTipPosition": [-54.0358, 255.607, 42.6506], "timeVisible": 13.8287, "tipPosition": [-43.912, 269.062, 11.4143], "tipVelocity": [163.15, 127.095, -525.067], "tool": false, "touchDistance": 0.333333, "touchZone": "none", "type": 2, "width": 16.4868}, {"bases": [[[0.931047, 0.133857, -0.339462], [0.0260008, 0.903587, 0.427616], [0.363972, -0.406957, 0.837801]], [[0.907546, 0.158019, -0.389089], [-0.405174, 0.5731, -0.712314], [0.110428, 0.804106, 0.58414]], [[0.907546, 0.158019, -0.389089], [-0.11075, -0.803649, -0.584707], [-0.405086, 0.57374, -0.711848]], [[0.907546, 0.158019, -0.389089], [0.177578, -0.983999, 0.0145733], [-0.38056, -0.0823197, -0.921085]]], "btipPosition": [-57.4024, 276.374, 13.0764], "carpPosition": [-66.1061, 295.771, 49.6212], "dipPosition": [-51.5356, 275.105, -1.12317], "direction": [-0.405086, -0.57374, 0.711848], "extended": false, "handId": 100, "id": 1003, "length": 53.16, "mcpPosition": [-46.3476, 317.863, 4.14056], "pipPosition": [-42.2766, 288.219, -17.3938], "stabilizedTipPosition": [-65.5462, 264.051, 36.611], "timeVisible": 13.8287, "tipPosition": [-56.8228, 274.378, 12.8063], "tipVelocity": [171.443, 150.593, -516.394], "tool": false, "touchDistance": 0.333333, "touchZone": "none", "type": 3, "width": 15.6882}, {"bases": [[[0.949735, -0.0652946, -0.306171], [0.202549, 0.873879, 0.441938], [0.2387, -0.481739, 0.843179]], [[0.91585, -0.00927522, -0.401412], [-0.293794, 0.665958, -0.6857], [0.273684, 0.745931, 0.607193]], [[0.91585, -0.00927522, -0.401412], [-0.273918, -0.745401, -0.607739], [-0.293576, 0.666552, -0.685216]], [[0.91585, -0.00927522, -0.401412], [-0.0210332, -0.999469, -0.0248944], [-0.400968, 0.0312426, -0.915559]]], "btipPosition": [-67.1417, 284.782, 7.67221], "carpPosition": [-76.6812, 293.537, 43.6791], "dipPosition": [-61.4391, 285.226, -5.34896], "direction": [-0.293576, -0.666552, 0.685216], "extended": false, "handId": 100, "id": 1004, "length": 41.6764, "mcpPosition": [-64.6861, 317.745, 1.30783], "pipPosition": [-56.7014, 295.983, -16.407], "stabilizedTipPosition": [-74.3133, 274.745, 26.3692], "timeVisible": 13.8287, "tipPosition": [-65.6171, 282.043, 6.77495], "tipVelocity": [199.688, 166.782, -500.301], "tool": false, "touchDistance": 0.333333, "touchZone": "none", "type": 4, "width": 13.9355}], "r": [[0.693819, 0.604128, -0.391976], [-0.575746, 0.792284, 0.201996], [0.432588, 0.0855298, 0.897526]], "s": 1.4477, "t": [-100.884, 175.9, -48.8485], "timestamp": 629869352337}, {"currentFrameRate": 55.319, "devices": [], "gestures": [], "hands": [{"armBasis": [[0.835171, 0.428272, -0.345068], [-0.0491263, 0.68299, 0.728774], [0.547791, -0.591699, 0.591453]], "armWidth": 55.2759, "confidence": 1, "direction": [0.494242, 0.45691, -0.739566], "elbow": [-202.802, 138.571, 194.767], "grabAngle": 3.14159, "grabStrength": 1, "id": 100, "palmNormal": [-0.152437, -0.792004, -0.591179], "palmPosition": [-36.605, 302.633, 9.15015], "palmVelocity": [221.912, 95.5052, -545.567], "palmWidth": 78.8548, "pinchDistance": 32.8739, "pinchStrength": 0.136035, "r": [[0.678845, 0.628146, -0.380266], [-0.612625, 0.770002, 0.178288], [0.404797, 0.111931, 0.90753]], "s": 1.44215, "sphereCenter": [-27.4024, 280.906, -17.8612], "sphereRadius": 34.7128, "stabilizedPalmPosition": [-51.9861, 290.391, 43.8022], "t": [104.984, 178.367, -58.5531], "timeVisible": 13.8468, "type": "left", "wrist": [-74.6236, 277.023, 56.3732]}], "id": 37208, "interactionBox": {"center": [0, 200, 0], "size": [235.247, 235.247, 147.751]}, "pointables": [{"bases": [[[0.111607, 0.960488, 0.254965], [-0.564073, -0.150001, 0.811986], [0.818147, -0.234442, 0.525045]], [[-0.290205, 0.956641, -0.0248777], [-0.533185, -0.140049, 0.834326], [0.794666, 0.25539, 0.55071]], [[-0.290205, 0.956641, -0.0248777], [-0.661264, -0.181673, 0.727822], [0.691745, 0.227669, 0.685315]], [[-0.290205, 0.956641, -0.0248777], [-0.7267, -0.203387, 0.656156], [0.622646, 0.208499, 0.754215]]], "btipPosition": [19.2958, 246.64, -9.20931], "carpPosition": [-46.5655, 268.119, 48.4581], "dipPosition": [7.27226, 250.666, 5.35483], "direction": [0.691745, -0.227669, -0.685315], "extended": true, "handId": 100, "id": 1000, "length": 43.0013, "mcpPosition": [-46.5655, 268.119, 48.4581], "pipPosition": [-12.1881, 257.071, 24.6343], "stabilizedTipPosition": [-4.22166, 226.288, 114.635], "timeVisible": 13.8468, "tipPosition": [21.7194, 251.636, -0.602695], "tipVelocity": [56.7802, -17.6618, -607.703], "tool": false, "touchDistance": -0.98853, "touchZone": "hovering", "type": 0, "width":