{"frames": 52, "data": [{"currentFrameRate": 55.3375, "devices": [], "gestures": [], "hands": [{"armBasis": [[0.338696, -0.151993, -0.928538], [0.589783, 0.803217, 0.0836514], [0.733104, -0.575969, 0.361689]], "armWidth": 55.2759, "confidence": 1, "direction": [0.706024, 0.347676, -0.61697], "elbow": [-247.328, 30.093, 229.898], "grabAngle": 3.14159, "grabStrength": 1, "id": 103, "palmNormal": [0.464876, -0.884746, 0.0334036], "palmPosition": [-23.8053, 188.648, 112.415], "palmVelocity": [-34.8775, 336.716, -270.338], "palmWidth": 78.8548, "pinchDistance": 26.7865, "pinchStrength": 0.555979, "r": [[0.764004, -0.101913, 0.637111], [-0.233825, 0.876589, 0.420617], [-0.601351, -0.470325, 0.645888]], "s": 0.557969, "sphereCenter": [0.525779, 165.577, 105.412], "sphereRadius": 33.0282, "stabilizedPalmPosition": [-23.6928, 187.548, 113.23], "t": [-2.15153, 44.922, -32.6194], "timeVisible": 5.71216, "type": "left", "wrist": [-75.7885, 164.864, 145.267]}], "id": 38408, "interactionBox": {"center": [0, 200, 0], "size": [235.247, 235.247, 147.751]}, "pointables": [{"bases": [[[0.493009, 0.73428, -0.466664], [0.0534755, 0.509792, 0.858634], [0.868379, -0.44827, 0.212066]], [[0.183853, 0.840138, -0.51026], [-0.0239617, 0.522786, 0.852127], [0.982662, -0.144439, 0.116247]], [[0.183853, 0.840138, -0.51026], [-0.235646, 0.541643, 0.806904], [0.95429, -0.0281106, 0.297558]], [[0.183853, 0.840138, -0.51026], [-0.440078, 0.53453, 0.721532], [0.878936, 0.0918988, 0.468001]]], "btipPosition": [39.6699, 177.261, 135.1], "carpPosition": [-46.6591, 171.996, 157.537], "dipPosition": [22.6973, 179.036, 144.137], "direction": [0.95429, 0.0281106, -0.297558], "extended": true, "handId": 103, "id": 1030, "length": 43.0013, "mcpPosition": [-46.6591, 171.996, 157.537], "pipPosition": [-4.14905, 178.245, 152.508], "stabilizedTipPosition": [35.7726, 177, 137.47], "timeVisible": 5.71216, "tipPosition": [35.765, 182.992, 139.18], "tipVelocity": [-6.15728, 570.976, -261.609], "tool": false, "touchDistance": 1, "touchZone": "none", "type": 0, "width": 17.574}, {"bases": [[[0.408121, -0.247616, -0.878706], [0.343181, 0.93353, -0.103673], [0.845969, -0.259244, 0.46597]], [[0.541067, -0.286705, -0.790599], [-0.622204, 0.495988, -0.605688], [0.565781, 0.819632, 0.0899736]], [[0.541067, -0.286705, -0.790599], [-0.701518, -0.672341, -0.236283], [-0.463809, 0.682465, -0.56491]], [[0.541067, -0.286705, -0.790599], [-0.27192, -0.949238, 0.158139], [-0.795805, 0.129416, -0.591562]]], "btipPosition": [1.80084, 160.083, 132.46], "carpPosition": [-51.7237, 188.043, 145.753], "dipPosition": [13.0196, 161.907, 124.121], "direction": [-0.463809, -0.682465, 0.56491], "extended": false, "handId": 103, "id": 1031, "length": 48.5221, "mcpPosition": [2.21334, 204.572, 116.044], "pipPosition": [22.2693, 175.518, 112.855], "stabilizedTipPosition": [4.37908, 160.143, 130.62], "timeVisible": 5.71216, "tipPosition": [6.5103, 159.955, 130.071], "tipVelocity": [0.926134, 533.252, -121.58], "tool": false, "touchDistance": 1, "touchZone": "none", "type": 1, "width": 16.7867}, {"bases": [[[0.454138, -0.435856, -0.777038], [0.425728, 0.87231, -0.24048], [0.782633, -0.221595, 0.581706]], [[0.500251, -0.44836, -0.740758], [-0.71625, 0.266449, -0.644974], [0.486555, 0.853216, -0.187846]], [[0.500251, -0.44836, -0.740758], [-0.528438, -0.835792, 0.149015], [-0.685932, 0.3169, -0.655036]], [[0.500251, -0.44836, -0.740758], [0.0496187, -0.839247, 0.541481], [-0.864458, -0.307632, -0.397587]]], "btipPosition": [-18.9332, 163.739, 129.919], "carpPosition": [-56.1064, 186.939, 136.087], "dipPosition": [-5.52952, 158.969, 123.755], "direction": [-0.685932, -0.3169, 0.655036], "extended": false, "handId": 103, "id": 1032, "length": 55.2871, "mcpPosition": [-8.78595, 200.337, 100.915], "pipPosition": [10.5644, 166.405, 108.386], "stabilizedTipPosition": [-15.9031, 162.153, 128.677], "timeVisible": 5.71216, "tipPosition": [-15.8269, 162.914, 127.502], "tipVelocity": [46.2163, 440.295, -165.482], "tool": false, "touchDistance": 0.975024, "touchZone": "none", "type": 2, "width": 16.4868}, {"bases": [[[0.530965, -0.528225, -0.662611], [0.481818, 0.831432, -0.276716], [0.697085, -0.172332, 0.69597]], [[0.57181, -0.537608, -0.619686], [-0.628246, 0.198809, -0.752185], [0.52758, 0.819422, -0.22407]], [[0.57181, -0.537608, -0.619686], [-0.563628, -0.806306, 0.179428], [-0.596119, 0.246673, -0.764065]], [[0.57181, -0.537608, -0.619686], [-0.00665088, -0.758372, 0.651788], [-0.820359, -0.368577, -0.43722]]], "btipPosition": [-29.6746, 162.35, 121.937], "carpPosition": [-60.6934, 183.16, 127.253], "dipPosition": [-17.0278, 156.668, 115.196], "direction": [-0.596119, -0.246673, 0.764065], "extended": false, "handId": 103, "id": 1033, "length": 53.16, "mcpPosition": [-22.8516, 192.515, 89.4719], "pipPosition": [-3.40232, 162.307, 97.7323], "stabilizedTipPosition": [-26.9376, 160.418, 120.706], "timeVisible": 5.71216, "tipPosition": [-26.8497, 161.049, 119.181], "tipVelocity": [93.8876, 332.945, -181.822], "tool": false, "touchDistance": 0.839774, "touchZone": "none", "type": 3, "width": 15.6882}, {"bases": [[[0.521119, -0.674688, -0.522716], [0.618217, 0.720639, -0.313826], [0.588424, -0.159612, 0.792642]], [[0.502152, -0.669273, -0.547647], [-0.559445, 0.231499, -0.795883], [0.659443, 0.706032, -0.258174]], [[0.502152, -0.669273, -0.547647], [-0.714881, -0.677608, 0.172604], [-0.486609, 0.304829, -0.818713]], [[0.502152, -0.669273, -0.547647], [-0.188985, -0.702901, 0.685723], [-0.843877, -0.24084, -0.479445]]], "btipPosition": [-35.6618, 159.455, 108.354], "carpPosition": [-64.6158, 173.527, 120.623], "dipPosition": [-23.6601, 156.03, 101.536], "direction": [-0.486609, -0.304829, 0.818713], "extended": false, "handId": 103, "id": 1034, "length": 41.6764, "mcpPosition": [-35.0464, 181.548, 80.7911], "pipPosition": [-15.8072, 160.949, 88.3233], "stabilizedTipPosition": [-33.3032, 157.651, 107.414], "timeVisible": 5.71216, "tipPosition": [-32.4144, 159.345, 106.046], "tipVelocity": [106.853, 250.529, -183.487], "tool": false, "touchDistance": 0.613102, "touchZone": "none", "type": 4, "width": 13.9355}], "r": [[0.764004, -0.101913, 0.637111], [-0.233825, 0.876589, 0.420617], [-0.601351, -0.470325, 0.645888]], "s": 0.557969, "t": [2.15153, 44.922, -32.6194], "timestamp": 629892382056}, {"currentFrameRate": 55.3219, "devices": [], "gestures": [], "hands": [{"armBasis": [[0.292429, -0.200623, -0.935006], [0.639335, 0.768125, 0.0351401], [0.711151, -0.608058, 0.352887]], "armWidth": 55.2759, "confidence": 1, "direction": [0.671885, 0.389814, -0.629774], "elbow": [-241.2, 25.6572, 223.521], "grabAngle": 3.14159, "grabStrength": 1, "id": 103, "palmNormal": [0.543366, -0.837242, 0.0614689], "palmPosition": [-24.8417, 195.069, 107.477], "palmVelocity": [-57.1667, 354.123, -272.382], "palmWidth": 78.8548, "pinchDistance": 25.6243, "pinchStrength": 0.555376, "r": [[0.761447, -0.125505, 0.635961], [-0.17924, 0.902063, 0.392626], [-0.622953, -0.412954, 0.664378]], "s": 0.540878, "sphereCenter": [1.12908, 173.912, 100.822], "sphereRadius": 32.9656, "stabilizedPalmPosition": [-24.5799, 193.355, 108.788], "t": [-2.96095, 51.5052, -36.8499], "timeVisible": 5.73029, "type": "left", "wrist": [-74.7971, 167.937, 140.949]}], "id": 38409, "interactionBox": {"center": [0, 200, 0], "size": [235.247, 235.247, 147.751]}, "pointables": [{"bases": [[[0.557426, 0.670599, -0.489462], [0.100152, 0.530933, 0.841475], [0.824163, -0.518081, 0.228795]], [[0.239749, 0.80793, -0.538302], [0.0173324, 0.550823, 0.834442], [0.97068, -0.209387, 0.118056]], [[0.239749, 0.80793, -0.538302], [-0.212763, 0.58472, 0.782837], [0.947234, -0.0731535, 0.312084]], [[0.239749, 0.80793, -0.538302], [-0.437443, 0.584898, 0.683036], [0.866697, 0.0717192, 0.493652]]], "btipPosition": [39.26, 187.641, 129.758], "carpPosition": [-46.1159, 177.909, 153.177], "dipPosition": [22.5238, 189.026, 139.29], "direction": [0.947234, 0.0731535, -0.312084], "extended": true, "handId": 103, "id": 1030, "length": 43.0013, "mcpPosition": [-46.1159, 177.909, 153.177], "pipPosition": [-4.1241, 186.968, 148.07], "stabilizedTipPosition": [35.4418, 187.017, 132.425], "timeVisible": 5.73029, "tipPosition": [35.0419, 194.605, 133.935], "tipVelocity": [-19.6097, 567.568, -288.352], "tool": false, "touchDistance": 1, "touchZone": "none", "type": 0, "width": 17.574}, {"bases": [[[0.383356, -0.312603, -0.86909], [0.426566, 0.894535, -0.133597], [0.819194, -0.319509, 0.476272]], [[0.497555, -0.355437, -0.791267], [-0.607414, 0.508455, -0.610345], [0.619263, 0.784307, 0.0370869]], [[0.497555, -0.355437, -0.791267], [-0.735703, -0.656173, -0.167863], [-0.459543, 0.665659, -0.587979]], [[0.497555, -0.355437, -0.791267], [-0.296695, -0.92691, 0.229804], [-0.815114, 0.120425, -0.566646]]], "btipPosition": [0.915327, 170.627, 128.917], "carpPosition": [-52.6109, 193.031, 140.883], "dipPosition": [12.4063, 172.325, 120.928], "direction": [-0.459543, -0.665659, 0.587979], "extended": false, "handId": 103, "id": 1031, "length": 48.5221, "mcpPosition": [-0.380908, 213.402, 110.517], "pipPosition": [21.5709, 185.6, 109.202], "stabilizedTipPosition": [3.58933, 170.606, 127.213], "timeVisible": 5.73029, "tipPosition": [7.31307, 170.018, 126.154], "tipVelocity": [-45.3892, 579.996, -191.002], "tool": false, "touchDistance": 0.951321, "touchZone": "none", "type": 1, "width": 16.7867}, {"bases": [[[0.412134, -0.500782, -0.761159], [0.503118, 0.821576, -0.268115], [0.759617, -0.272453, 0.590551]], [[0.456942, -0.516218, -0.724378], [-0.693999, 0.302494, -0.653347], [0.556389, 0.801259, -0.220033]], [[0.456942, -0.516218, -0.724378], [-0.598469, -0.780898, 0.178978], [-0.658057, 0.351735, -0.665766]], [[0.456942, -0.516218, -0.724378], [-0.0156288, -0.818902, 0.573721], [-0.889359, -0.250836, -0.382259]]], "btipPosition": [-18.0419, 171.458, 125.86], "carpPosition": [-56.8688, 191.214, 131.268], "dipPosition": [-4.25216, 167.569, 119.933], "direction": [-0.658057, -0.351735, 0.665766], "extended": false, "handId": 103, "id": 1032, "length": 55.2871, "mcpPosition": [-10.9399, 207.688, 95.5617], "pipPosition": [11.1878, 175.821, 104.312], "stabilizedTipPosition": [-14.9545, 169.878, 124.838], "timeVisible": 5.73029, "tipPosition": [-14.5733, 170.677, 123.41], "tipVelocity": [54.0572, 436.91, -220.868], "tool": false, "touchDistance": 0.908285, "touchZone": "none", "type": 2, "width": 16.4868}, {"bases": [[[0.480318, -0.595917, -0.643566], [0.555236, 0.774594, -0.302849], [0.678976, -0.211867, 0.702926]], [[0.520168, -0.607549, -0.600258], [-0.60805, 0.230105, -0.75982], [0.59975, 0.760221, -0.249727]], [[0.520168, -0.607549, -0.600258], [-0.638698, -0.743315, 0.198864], [-0.567001, 0.279941, -0.774689]], [[0.520168, -0.607549, -0.600258], [-0.0778945, -0.733645, 0.675054], [-0.850504, -0.304385, -0.428943]]], "btipPosition": [-28.1904, 168.513, 117.942], "carpPosition": [-61.0876, 186.743, 122.575], "dipPosition": [-15.0789, 163.821, 111.33], "direction": [-0.567001, -0.279941, 0.774689], "extended": false, "handId": 103, "id": 1033, "length": 53.16, "mcpPosition": [-24.2289, 198.245, 84.4164], "pipPosition": [-2.11898, 170.219, 93.6226], "stabilizedTipPosition": [-25.4105, 166.496, 116.994], "timeVisible": 5.73029, "tipPosition": [-25.3661, 167.544, 115.173], "tipVelocity": [87.7578, 352.467, -218.702], "tool": false, "touchDistance": 0.77369, "touchZone": "none", "type": 3, "width": 15.6882}, {"bases": [[[0.457286, -0.736172, -0.49894], [0.680974, 0.650696, -0.335961], [0.571983, -0.186134, 0.798868]], [[0.42738, -0.725668, -0.539214], [-0.545001, 0.269076, -0.794086], [0.721332, 0.633249, -0.280492]], [[0.42738, -0.725668, -0.539214], [-0.780436, -0.597199, 0.185132], [-0.456362, 0.3417, -0.821568]], [[0.42738, -0.725668, -0.539214], [-0.255971, -0.669149, 0.697652], [-0.867078, -0.160139, -0.471731]]], "btipPosition": [-34.0221, 164.222, 104.282], "carpPosition": [-64.1137, 176.58, 116.276], "dipPosition": [-21.6905, 161.945, 97.5728], "direction": [-0.456362, -0.3417, 0.821568], "extended": false, "handId": 103, "id": 1034, "length": 41.6764, "mcpPosition": [-35.3705, 185.934, 76.131], "pipPosition": [-14.3257, 167.459, 84.3143], "stabilizedTipPosition": [-31.6586, 162.348, 103.782], "timeVisible": 5.73029, "tipPosition": [-30.7621, 164.868, 102.12], "tipVelocity": [94.6259, 277.488, -223.243], "tool": false, "touchDistance": 0.545645, "touchZone": "none", "type": 4, "width": 13.9355}], "r": [[0.761447, -0.125505, 0.635961], [-0.17924, 0.902063, 0.392626], [-0.622953, -0.412954, 0.664378]], "s": 0.540878, "t": [2.96095, 51.5052, -36.8499], "timestamp": 629892400186}, {"currentFrameRate": 55.3216, "devices": [], "gestures": [], "hands": [{"armBasis": [[0.213938, -0.287068, -0.933714], [0.695463, 0.715986, -0.0607795], [0.685974, -0.636361, 0.352822]], "armWidth": 55.2759, "confidence": 1, "direction": [0.647339, 0.432317, -0.627738], "elbow": [-234.73, 20.5708, 217.609], "grabAngle": 3.14159, "grabStrength": 1, "id": 103, "palmNormal": [0.632434, -0.764332, 0.125794], "palmPosition": [-26.0773, 200.158, 101.903], "palmVelocity": [-68.3539, 281.55, -308.304], "palmWidth": 78.8548, "pinchDistance": 24.504, "pinchStrength": 0.545101, "r": [[0.75946, -0.155055, 0.631806], [-0.110717, 0.926207, 0.360392], [-0.641064, -0.343655, 0.68625]], "s": 0.524184, "sphereCenter": [1.80076, 181.04, 96.3216], "sphereRadius": 33.1139, "stabilizedPalmPosition": [-25.547, 197.749, 104.341], "t": [-3.98348, 57.3416, -41.7518], "timeVisible": 5.74837, "type": "left", "wrist": [-74.2183, 169.473, 135.051]}], "id": 38410, "interactionBox": {"center": [0, 200, 0], "size": [235.247, 235.247, 147.751]}, "pointables": [{"bases": [[[0.610536, 0.575477, -0.544125], [0.193094, 0.558143, 0.806964], [0.768089, -0.597748, 0.229645]], [[0.290946, 0.752882, -0.590355], [0.0997423, 0.589818, 0.801353], [0.951526, -0.292034, 0.0965111]], [[0.290946, 0.752882, -0.590355], [-0.14182, 0.64417, 0.751619], [0.94617, -0.134957, 0.294193]], [[0.290946, 0.752882, -0.590355], [-0.38195, 0.657147, 0.649825], [0.877191, 0.0364221, 0.478758]]], "btipPosition": [37.6803, 198.738, 126.056], "carpPosition": [-47.0397, 183.012, 147.752], "dipPosition": [20.7414, 199.442, 135.301], "direction": [0.94617, 0.134957, -0.294193], "extended": true, "handId": 103, "id": 1030, "length": 43.0013, "mcpPosition": [-47.0397, 183.012, 147.752], "pipPosition": [-5.87653, 195.645, 143.577], "stabilizedTipPosition": [33.9196, 197.93, 128.529], "timeVisible": 5.74837, "tipPosition": [32.5877, 206.651, 130.005], "tipVelocity": [-89.9674, 605.249, -208.431], "tool": false, "touchDistance": 0.969707, "touchZone": "none", "type": 0, "width": 17.574}, {"bases": [[[0.350364, -0.808817, -0.472292], [0.736957, 0.549273, -0.393946], [0.578047, -0.210034, 0.788509]], [[0.278645, -0.777857, -0.56329], [-0.56216, 0.343438, -0.752347], [0.778674, 0.526297, -0.341583]], [[0.278645, -0.777857, -0.56329], [-0.845743, -0.476648, 0.239843], [-0.455055, 0.409567, -0.790683]], [[0.278645, -0.777857, -0.56329], [-0.301771, -0.627727, 0.717561], [-0.911752, -0.0299606, -0.409648]]], "btipPosition": [-31.8463, 166.733, 99.3314], "carpPosition": [-63.3012, 177.716, 110.404], "dipPosition": [-18.8792, 166.306, 93.5054], "direction": [-0.455055, -0.409567, 0.790683], "extended": false, "handId": 103, "id": 1034, "length": 41.6764, "mcpPosition": [-34.2533, 188.271, 70.7797], "pipPosition": [-11.5356, 172.916, 80.7453], "stabilizedTipPosition": [-29.9836, 164.917, 100.312], "timeVisible": 5.74837, "tipPosition": [-28.3563, 168.981, 98.0311], "tipVelocity": [128.451, 162.423, -262.615], "tool": false, "touchDistance": 0.466524, "touchZone": "none", "type": 4, "width": 13.9355}, {"bases": [[[0.310688, -0.399055, -0.862686], [0.520178, 0.831011, -0.197066], [0.795542, -0.387525, 0.465765]], [[0.400621, -0.441201, -0.803023], [-0.602657, 0.533273, -0.593653], [0.690151, 0.721777, -0.0522523]], [[0.400621, -0.441201, -0.803023], [-0.787907, -0.613229, -0.0561562], [-0.46766, 0.655204, -0.593297]], [[0.400621, -0.441201, -0.803023], [-0.339914, -0.885453, 0.31691], [-0.850859, 0.145998, -0.504701]]], "btipPosition": [-0.86194, 180.626, 125.533], "carpPosition": [-54.7272, 196.629, 134.43], "dipPosition": [11.1329, 182.684, 118.418], "direction": [-0.46766, -0.655204, 0.593297], "extended": false, "handId": 103, "id": 1031, "length": 48.5221, "mcpPosition": [-4.00519, 221.336, 104.734], "pipPosition": [20.4595, 195.751, 106.586], "stabilizedTipPosition": [1.96428, 180.681, 124.029], "timeVisible": 5.74837, "tipPosition": [7.14902, 180.143, 123.119], "tipVelocity": [-91.9049, 557.687, -176.043], "tool": false, "touchDistance": 0.898282, "touchZone": "none", "type": 1, "width": 16.7867}, {"bases": [[[0.322052, -0.583523, -0.745509], [0.582555, 0.742873, -0.329803], [0.746266, -0.328086, 0.579178]], [[0.352017, -0.596334, -0.721435], [-0.689564, 0.355966, -0.630706], [0.632918, 0.719495, -0.285905]], [[0.352017, -0.596334, -0.721435], [-0.67458, -0.695963, 0.246125], [-0.648865, 0.400025, -0.647266]], [[0.352017, -0.596334, -0.721435], [-0.0727823, -0.785875, 0.614087], [-0.933159, -0.163661, -0.320044]]], "btipPosition": [-17.7685, 178.214, 121.296], "carpPosition": [-58.3681, 193.84, 124.795], "dipPosition": [-3.29956, 175.677, 116.333], "direction": [-0.648865, -0.400025, 0.647266], "extended": false, "handId": 103, "id": 1032, "length": 55.2871, "mcpPosition": [-13.2466, 213.677, 89.776], "pipPosition": [11.9247, 185.063, 101.146], "stabilizedTipPosition": [-14.5061, 176.643, 120.751], "timeVisible": 5.74837, "tipPosition": [-13.7591, 177.956, 119.523], "tipVelocity": [23.7688, 390.96, -240.243], "tool": false, "touchDistance": 0.835904, "touchZone": "none", "type": 2, "width": 16.4868}, {"bases": [[[0.383523, -0.679773, -0.625155], [0.627568, 0.688447, -0.363592], [0.677546, -0.252881, 0.690639]], [[0.423461, -0.693714, -0.582616], [-0.607301, 0.259833, -0.750782], [0.67221, 0.67175, -0.311264]], [[0.423461, -0.693714, -0.582616], [-0.71413, -0.651333, 0.256485], [-0.557404, 0.307453, -0.771216]], [[0.423461, -0.693714, -0.582616], [-0.134438, -0.684126, 0.716867], [-0.895883, -0.225239, -0.382962]]], "btipPosition": [-26.6934, 173.879, 113.742], "carpPosition": [-61.704, 188.471, 116.228], "dipPosition": [-12.8823, 170.407, 107.838], "direction": [-0.557404, -0.307453, 0.771216], "extended": false, "handId": 103, "id": 1033, "length": 53.16, "mcpPosition": [-24.9229, 202.199, 78.7357], "pipPosition": [-0.141768, 177.434, 90.2105], "stabilizedTipPosition": [-23.8782, 171.824, 113.264], "timeVisible": 5.74837, "tipPosition": [-23.7607, 173.188, 111.103], "tipVelocity": [91.7132, 312.38, -223.341], "tool": false, "touchDistance": 0.706401, "touchZone": "none", "type": 3, "width": 15.6882}], "r": [[0.75946, -0.155055, 0.631806], [-0.110717, 0.926207, 0.360392], [-0.641064, -0.343655, 0.68625]], "s": 0.524184, "t": [3.98348, 57.3416, -41.7518], "timestamp": 629892418263}, {"currentFrameRate": 55.3166, "devices": [], "gestures": [], "hands": [{"armBasis": [[0.146915, -0.349334, -0.925409], [0.735788, 0.663864, -0.133792], [0.661084, -0.661249, 0.354567]], "armWidth": 55.2759, "confidence": 1, "direction": [0.624647, 0.470934, -0.622926], "elbow": [-227.83, 15.7485, 210.925], "grabAngle": 3.14159, "grabStrength": 1, "id": 103, "palmNormal": [0.697456, -0.695238, 0.17378], "palmPosition": [-26.7765, 204.243, 95.2206], "palmVelocity": [-38.6361, 225.721, -369.313], "palmWidth": 78.8548, "pinchDistance": 23.2538, "pinchStrength": 0.536588, "r": [[0.7569, -0.188732, 0.625685], [-0.0348473, 0.944376, 0.327017], [-0.652601, -0.269322, 0.708222]], "s": 0.508064, "sphereCenter": [2.36854, 186.475, 89.8531], "sphereRadius": 33.3316, "stabilizedPalmPosition": [-26.1254, 200.804, 100.051], "t": [-4.84431, 62.302, -47.5442], "timeVisible": 5.76647, "type": "left", "wrist": [-73.1425, 170.474, 127.96]}], "id": 38411, "interactionBox": {"center": [0, 200, 0], "size": [235.247, 235.247, 147.751]}, "pointables": [{"bases": [[[0.643274, 0.495227, -0.583909], [0.273011, 0.564146, 0.779233], [0.715307, -0.660674, 0.227698]], [[0.331274, 0.705332, -0.626709], [0.166756, 0.609991, 0.774663], [0.928682, -0.361133, 0.0844561]], [[0.331274, 0.705332, -0.626709], [-0.0815361, 0.683129, 0.725732], [0.940005, -0.189317, 0.283813]], [[0.331274, 0.705332, -0.626709], [-0.332866, 0.708872, 0.621853], [0.882869, 0.00260628, 0.469612]]], "btipPosition": [36.0809, 207.63, 120.295], "carpPosition": [-47.587, 186.731, 141.001], "dipPosition": [19.0325, 207.68, 129.363], "direction": [0.940005, 0.189317, -0.283813], "extended": false, "handId": 103, "id": 1030, "length": 43.0013, "mcpPosition": [-47.587, 186.731, 141.001], "pipPosition": [-7.41204, 202.354, 137.347], "stabilizedTipPosition": [32.3971, 206.332, 123.209], "timeVisible": 5.76647, "tipPosition": [30.2893, 216.007, 124.54], "tipVelocity": [-89.7776, 483.058, -320.641], "tool": false, "touchDistance": 0.873007, "touchZone": "none", "type": 0, "width": 17.574}, {"bases": [[[0.241377, -0.456235, -0.856497], [0.589646, 0.769938, -0.243954], [0.770749, -0.446145, 0.454863]], [[0.317147, -0.498512, -0.806786], [-0.594442, 0.558359, -0.578684], [0.738956, 0.663115, -0.119254]], [[0.317147, -0.498512, -0.806786], [-0.818705, -0.573299, 0.0324079], [-0.478685, 0.650242, -0.589954]], [[0.317147, -0.498512, -0.806786], [-0.373959, -0.84751, 0.376672], [-0.871535, 0.182244, -0.455208]]], "btipPosition": [-2.56502, 188.486, 120.357], "carpPosition": [-56.0682, 199.084, 126.948], "dipPosition": [9.7213, 191.055, 113.94], "direction": [-0.478685, -0.650242, 0.589954], "extended": false, "handId": 103, "id": 1031, "length": 48.5221, "mcpPosition": [-6.92702, 227.529, 97.9473], "pipPosition": [19.2677, 204.023, 102.175], "stabilizedTipPosition": [0.406145, 188.361, 119.32], "timeVisible": 5.76647, "tipPosition": [6.62716, 188.344, 118.269], "tipVelocity": [-90.4142, 440.893, -277.179], "tool": false, "touchDistance": 0.81469, "touchZone": "none", "type": 1, "width": 16.7867}, {"bases": [[[0.239209, -0.636842, -0.732947], [0.638744, 0.67174, -0.375197], [0.731291, -0.378415, 0.567465]], [[0.242279, -0.638427, -0.730556], [-0.683267, 0.422311, -0.595651], [0.688801, 0.643478, -0.333899]], [[0.242279, -0.638427, -0.730556], [-0.72694, -0.618138, 0.299106], [-0.642541, 0.458603, -0.61386]], [[0.242279, -0.638427, -0.730556], [-0.113898, -0.766499, 0.632065], [-0.963498, -0.069927, -0.258423]]], "btipPosition": [-17.498, 183.245, 114.693], "carpPosition": [-59.0927, 195.632, 117.315], "dipPosition": [-2.55869, 182.16, 110.686], "direction": [-0.642541, -0.458603, 0.61386], "extended": false, "handId": 103, "id": 1032, "length": 55.2871, "mcpPosition": [-14.8766, 218.512, 83.0041], "pipPosition": [12.5172, 192.92, 96.2833], "stabilizedTipPosition": [-14.1879, 181.193, 115.751], "timeVisible": 5.76647, "tipPosition": [-13.0943, 183.875, 114.011], "tipVelocity": [20.9261, 296.46, -352.733], "tool": false, "touchDistance": 0.729525, "touchZone": "none", "type": 2, "width": 16.4868}, {"bases": [[[0.29538, -0.734402, -0.611067], [0.677188, 0.612118, -0.408323], [0.673919, -0.293197, 0.678136]], [[0.313148, -0.741919, -0.59287], [-0.616279, 0.316233, -0.721247], [0.722592, 0.59123, -0.358201]], [[0.313148, -0.741919, -0.59287], [-0.765634, -0.566579, 0.304619], [-0.561911, 0.35853, -0.745461]], [[0.313148, -0.741919, -0.59287], [-0.16424, -0.657168, 0.735633], [-0.935395, -0.132989, -0.327643]]], "btipPosition": [-25.6465, 177.654, 107.335], "carpPosition": [-61.6054, 189.678, 108.853], "dipPosition": [-11.2263, 175.604, 102.284], "direction": [-0.561911, -0.35853, 0.745461], "extended": false, "handId": 103, "id": 1033, "length": 53.16, "mcpPosition": [-25.0212, 205.594, 72.0403], "pipPosition": [1.61727, 183.798, 85.2454], "stabilizedTipPosition": [-22.9184, 175.146, 108.869], "timeVisible": 5.76647, "tipPosition": [-22.234, 177.901, 105.528], "tipVelocity": [65.5987, 226.668, -343.21], "tool": false, "touchDistance": 0.602894, "touchZone": "none", "type": 3, "width": 15.6882}, {"bases": [[[0.255415, -0.854378, -0.452551], [0.771748, 0.462116, -0.436869], [0.582382, -0.237672, 0.777395]], [[0.18386, -0.819781, -0.54236], [-0.552654, 0.370084, -0.746734], [0.812877, 0.437032, -0.385011]], [[0.18386, -0.819781, -0.54236], [-0.883086, -0.380082, 0.275131], [-0.431689, 0.428364, -0.793819]], [[0.18386, -0.819781, -0.54236], [-0.341958, -0.570646, 0.746611], [-0.921553, 0.0481922, -0.38525]]], "btipPosition": [-29.0632, 170.222, 93.8437], "carpPosition": [-61.9715, 178.627, 103.387], "dipPosition": [-15.9568, 170.907, 88.3647], "direction": [-0.431689, -0.428364, 0.793819], "extended": false, "handId": 103, "id": 1034, "length": 41.6764, "mcpPosition": [-32.7058, 190.571, 64.3214], "pipPosition": [-8.99018, 177.82, 75.554], "stabilizedTipPosition": [-28.0344, 167.623, 96.4835], "timeVisible": 5.76647, "tipPosition": [-25.9499, 172.838, 92.4442], "tipVelocity": [155.575, 206.974, -298.861], "tool": false, "touchDistance": 0.376392, "touchZone": "none", "type": 4, "width": 13.9355}], "r": [[0.7569, -0.188732, 0.625685], [-0.0348473, 0.944376, 0.327017], [-0.652601, -0.269322, 0.708222]], "s": 0.508064, "t": [4.84431, 62.302, -47.5442], "timestamp": 629892436358}, {"currentFrameRate": 55.307, "devices": [], "gestures": [], "hands": [{"armBasis": [[0.0575245, -0.426107, -0.902842], [0.770145, 0.594392, -0.231461], [0.635269, -0.682005, 0.362356]], "armWidth": 55.2759, "confidence": 1, "direction": [0.584199, 0.52109, -0.622235], "elbow": [-219.575, 11.8213, 205.398], "grabAngle": 3.14159, "grabStrength": 1, "id": 103, "palmNormal": [0.772392, -0.592397, 0.229075], "palmPosition": [-27.4972, 209.029, 87.9657], "palmVelocity": [-39.7872, 264.259, -400.515], "palmWidth": 78.8548, "pinchDistance": 22.5288, "pinchStrength": 0.523749, "r": [[0.751759, -0.229457, 0.618229], [0.0528458, 0.955457, 0.29036], [-0.657317, -0.18561, 0.7304]], "s": 0.496402, "sphereCenter": [3.4723, 192.513, 82.0951], "sphereRadius": 34.2065, "stabilizedPalmPosition": [-26.6105, 203.712, 95.7769], "t": [-5.63507, 67.1756, -54.0678], "timeVisible": 5.78458, "type": "left", "wrist": [-70.9281, 171.404, 120.61]}], "id": 38412, "interactionBox": {"center": [0, 200, 0], "size": [235.247, 235.247, 147.751]}, "pointables": [{"bases": [[[0.677146, 0.384291, -0.627529], [0.372829, 0.556059, 0.74283], [0.634406, -0.736966, 0.233259]], [[0.383224, 0.636811, -0.669037], [0.257159, 0.622136, 0.73947], [0.887135, -0.455432, 0.0746561]], [[0.383224, 0.636811, -0.669037], [0.0192961, 0.718659, 0.695095], [0.923454, -0.279287, 0.26312]], [[0.383224, 0.636811, -0.669037], [-0.242395, 0.768287, 0.592436], [0.891282, -0.0648645, 0.448786]]], "btipPosition": [33.8472, 219.704, 114.468], "carpPosition": [-47.7202, 190.892, 133.766], "dipPosition": [16.6362, 218.451, 123.134], "direction": [0.923454, 0.279287, -0.26312], "extended": false, "handId": 103, "id": 1030, "length": 43.0013, "mcpPosition": [-47.7202, 190.892, 133.766], "pipPosition": [-9.34264, 210.594, 130.536], "stabilizedTipPosition": [30.2595, 217.482, 117.459], "timeVisible": 5.78458, "tipPosition": [26.7927, 228.142, 118.403], "tipVelocity": [-125.38, 650.035, -326.792], "tool": false, "touchDistance": 0.774349, "touchZone": "hovering", "type": 0, "width": 17.574}, {"bases": [[[0.147615, -0.51822, -0.842412], [0.672209, 0.677348, -0.298889], [0.725496, -0.522156, 0.448339]], [[0.184902, -0.544506, -0.818122], [-0.560227, 0.625567, -0.542965], [0.807439, 0.55873, -0.189379]], [[0.184902, -0.544506, -0.818122], [-0.875327, -0.469709, 0.114787], [-0.446782, 0.6949, -0.563471]], [[0.184902, -0.544506, -0.818122], [-0.43074, -0.793157, 0.43054], [-0.883331, 0.272791, -0.381197]]], "btipPosition": [-3.61795, 197.25, 113.621], "carpPosition": [-57.1335, 201.468, 118.881], "dipPosition": [8.83467, 201.095, 108.247], "direction": [-0.446782, -0.6949, 0.563471], "extended": false, "handId": 103, "id": 1031, "length": 48.5221, "mcpPosition": [-10.8775, 234.76, 90.2964], "pipPosition": [17.7448, 214.954, 97.0095], "stabilizedTipPosition": [-0.578795, 196.659, 113.431], "timeVisible": 5.78458, "tipPosition": [6.08072, 198.472, 112.803], "tipVelocity": [-56.0166, 500.021, -358.654], "tool": false, "touchDistance": 0.706412, "touchZone": "none", "type": 1, "width": 16.7867}, {"bases": [[[0.127503, -0.691829, -0.710715], [0.703253, 0.568357, -0.42709], [0.699413, -0.445357, 0.558997]], [[0.09242, -0.668728, -0.737741], [-0.653395, 0.51835, -0.551714], [0.751354, 0.533026, -0.389038]], [[0.09242, -0.668728, -0.737741], [-0.781008, -0.508272, 0.362885], [-0.617644, 0.542644, -0.569256]], [[0.09242, -0.668728, -0.737741], [-0.170963, -0.740566, 0.649872], [-0.980933, 0.0660652, -0.182771]]], "btipPosition": [-16.8442, 189.237, 107.183], "carpPosition": [-59.313, 197.264, 109.319], "dipPosition": [-1.63457, 190.261, 104.349], "direction": [-0.617644, -0.542644, 0.569256], "extended": false, "handId": 103, "id": 1032, "length": 55.2871, "mcpPosition": [-17.0243, 224.191, 75.5202], "pipPosition": [12.8572, 202.993, 90.9923], "stabilizedTipPosition": [-13.6894, 186.096, 110.292], "timeVisible": 5.78458, "tipPosition": [-12.2303, 191.177, 107.96], "tipVelocity": [39.5252, 357.567, -399.731], "tool": false, "touchDistance": 0.608846, "touchZone": "none", "type": 2, "width": 16.4868}, {"bases": [[[0.175658, -0.79069, -0.586476], [0.732502, 0.50299, -0.458739], [0.657712, -0.349014, 0.667536]], [[0.135903, -0.768338, -0.625449], [-0.613575, 0.430388, -0.662036], [0.777853, 0.473733, -0.412942]], [[0.135903, -0.768338, -0.625449], [-0.819031, -0.442331, 0.36542], [-0.557422, 0.4626, -0.689407]], [[0.135903, -0.768338, -0.625449], [-0.198193, -0.639629, 0.742694], [-0.970696, 0.0230255, -0.239207]]], "btipPosition": [-24.0406, 181.248, 99.4895], "carpPosition": [-60.7153, 190.694, 101.059], "dipPosition": [-9.07619, 181.603, 95.8018], "direction": [-0.557422, -0.4626, 0.689407], "extended": false, "handId": 103, "id": 1033, "length": 53.16, "mcpPosition": [-25.0109, 209.641, 64.8209], "pipPosition": [3.66477, 192.177, 80.0441], "stabilizedTipPosition": [-21.8856, 177.899, 104.315], "timeVisible": 5.78458, "tipPosition": [-20.1496, 183.54, 99.4704], "tipVelocity": [95.565, 228.966, -415.83], "tool": false, "touchDistance": 0.477355, "touchZone": "none", "type": 3, "width": 15.6882}, {"bases": [[[0.127139, -0.897937, -0.421362], [0.806117, 0.341062, -0.483583], [0.577937, -0.278184, 0.767204]], [[0.0570385, -0.858177, -0.510175], [-0.530503, 0.406843, -0.74367], [0.845762, 0.313067, -0.43206]], [[0.0570385, -0.858177, -0.510175], [-0.915184, -0.249157, 0.316794], [-0.39898, 0.448835, -0.799602]], [[0.0570385, -0.858177, -0.510175], [-0.380701, -0.491092, 0.783515], [-0.922938, 0.149533, -0.35472]]], "btipPosition": [-25.311, 174.948, 88.0955], "carpPosition": [-59.4635, 179.473, 96.0948], "dipPosition": [-12.1849, 177.075, 83.0507], "direction": [-0.39898, -0.448835, 0.799602], "extended": false, "handId": 103, "id": 1034, "length": 41.6764, "mcpPosition": [-30.4212, 193.452, 57.5414], "pipPosition": [-5.74614, 184.318, 70.1467], "stabilizedTipPosition": [-25.2445, 171.42, 91.8446], "timeVisible": 5.78458, "tipPosition": [-22.5922, 177.886, 86.6625], "tipVelocity": [207.394, 279.221, -311.822], "tool": false, "touchDistance": 0.333333, "touchZone": "none", "type": 4, "width": 13.9355}], "r": [[0.751759, -0.229457, 0.618229], [0.0528458, 0.955457, 0.29036], [-0.657317, -0.18561, 0.7304]], "s": 0.496402, "t": [5.63507, 67.1756, -54.0678], "timestamp": 629892454472}, {"currentFrameRate": 55.2843, "devices": [], "gestures": [], "hands": [{"armBasis": [[-0.0139053, -0.490447, -0.87136], [0.788424, 0.53059, -0.311226], [0.614975, -0.691329, 0.379302]], "armWidth": 55.2759, "confidence": 1, "direction": [0.543044, 0.603769, -0.583581], "elbow": [-213.19, 9.19509, 200.374], "grabAngle": 3.14159, "grabStrength": 1, "id": 103, "palmNormal": [0.830785, -0.487343, 0.268873], "palmPosition": [-29.0481, 213.763, 81.3044], "palmVelocity": [-85.3701, 260.552, -366.67], "palmWidth": 78.8548, "pinchDistance": 20.8848, "pinchStrength": 0.590894, "r": [[0.744494, -0.283237, 0.60457], [0.151501, 0.953598, 0.260189], [-0.650212, -0.102116, 0.752859]], "s": 0.48638, "sphereCenter": [4.04187, 201.299, 76.8206], "sphereRadius": 33.9995, "stabilizedPalmPosition": [-27.3104, 206.598, 91.6212], "t": [-6.80592, 71.9791, -60.6602], "timeVisible": 5.80275, "type": "left", "wrist": [-69.2915, 170.959, 111.621]}], "id": 38413, "interactionBox": {"center": [0, 200, 0], "size": [235.247, 235.247, 147.751]}, "pointables": [{"bases": [[[0.68623, 0.29986, -0.662701], [0.485231, 0.490013, 0.724181], [0.541885, -0.818518, 0.190761]], [[0.417926, 0.597516, -0.684333], [0.35093, 0.588625, 0.728264], [0.837965, -0.544514, 0.0363152]], [[0.417926, 0.597516, -0.684333], [0.135268, 0.703948, 0.697252], [0.898354, -0.383968, 0.213373]], [[0.417926, 0.597516, -0.684333], [-0.145662, 0.787599, 0.598725], [0.896728, -0.150542, 0.416193]]], "btipPosition": [29.6424, 229.663, 110.114], "carpPosition": [-49.197, 192.398, 125.724], "dipPosition": [12.3263, 226.756, 118.151], "direction": [0.898354, 0.383968, -0.213373], "extended": false, "handId": 103, "id": 1030, "length": 43.0013, "mcpPosition": [-49.197, 192.398, 125.724], "pipPosition": [-12.9465, 215.954, 124.153], "stabilizedTipPosition": [26.3239, 227.332, 112.756], "timeVisible": 5.80275, "tipPosition": [21.2309, 237.815, 114.487], "tipVelocity": [-232.786, 527.245, -247.62], "tool": false, "touchDistance": 0.699374, "touchZone": "hovering", "type": 0, "width": 17.574}, {"bases": [[[0.0291557, -0.52051, -0.853358], [0.739141, 0.585956, -0.332154], [0.672919, -0.621068, 0.401815]], [[0.0353159, -0.526175, -0.849643], [-0.459858, 0.746265, -0.481268], [0.88729, 0.407712, -0.215611]], [[0.0353159, -0.526175, -0.849643], [-0.942631, -0.299941, 0.14657], [-0.331964, 0.795723, -0.506582]], [[0.0353159, -0.526175, -0.849643], [-0.49864, -0.746063, 0.441303], [-0.86609, 0.408081, -0.28872]]], "btipPosition": [-3.56572, 205.369, 106.598], "carpPosition": [-59.0925, 201.846, 110.401], "dipPosition": [8.64384, 211.122, 102.528], "direction": [-0.331964, -0.795723, 0.506581], "extended": false, "handId": 103, "id": 1031, "length": 48.5221, "mcpPosition": [-16.1887, 241.444, 84.7819], "pipPosition": [15.2642, 226.991, 92.4249], "stabilizedTipPosition": [-0.716911, 204.413, 107.427], "timeVisible": 5.80275, "tipPosition": [3.50285, 207.31, 107.639], "tipVelocity": [-0.201922, 471.085, -370.067], "tool": false, "touchDistance": 0.594362, "touchZone": "none", "type": 1, "width": 16.7867}, {"bases": [[[-0.00663418, -0.691847, -0.722014], [0.748024, 0.475744, -0.46274], [0.663639, -0.543153, 0.514362]], [[-0.00636349, -0.692068, -0.721804], [-0.609066, 0.575164, -0.5461], [0.793094, 0.436151, -0.425175]], [[-0.00636349, -0.692068, -0.721804], [-0.813651, -0.416032, 0.406066], [-0.581319, 0.589881, -0.560455]], [[-0.00636349, -0.692068, -0.721804], [-0.224764, -0.702359, 0.675406], [-0.974392, 0.166534, -0.151083]]], "btipPosition": [-17.2277, 196.606, 101.999], "carpPosition": [-60.1472, 197.533, 100.697], "dipPosition": [-2.11941, 199.188, 99.6565], "direction": [-0.581319, -0.589881, 0.560455], "extended": false, "handId": 103, "id": 1032, "length": 55.2871, "mcpPosition": [-20.0215, 230.374, 69.5973], "pipPosition": [11.52, 213.028, 86.5066], "stabilizedTipPosition": [-13.7271, 192.696, 105.042], "timeVisible": 5.80275, "tipPosition": [-12.7763, 197.75, 101.96], "tipVelocity": [-22.3896, 425.345, -279.107], "tool": false, "touchDistance": 0.524338, "touchZone": "none", "type": 2, "width": 16.4868}, {"bases": [[[0.0347278, -0.798117, -0.6015], [0.766412, 0.407542, -0.496509], [0.641409, -0.443755, 0.62584]], [[-0.00379614, -0.770072, -0.637946], [-0.586515, 0.518413, -0.622293], [0.80993, 0.371802, -0.453626]], [[-0.00379614, -0.770072, -0.637946], [-0.845384, -0.338289, 0.413384], [-0.534145, 0.540879, -0.649722]], [[-0.00379614, -0.770072, -0.637946], [-0.233889, -0.619572, 0.749284], [-0.972256, 0.152053, -0.17776]]], "btipPosition": [-22.7085, 186.637, 92.661], "carpPosition": [-60.1887, 190.961, 92.3211], "dipPosition": [-7.72004, 188.981, 89.9206], "direction": [-0.534145, -0.540879, 0.649722], "extended": false, "handId": 103, "id": 1033, "length": 53.16, "mcpPosition": [-25.3693, 215.05, 58.3469], "pipPosition": [4.48889, 201.344, 75.0699], "stabilizedTipPosition": [-20.8747, 181.473, 99.583], "timeVisible": 5.80275, "tipPosition": [-19.0091, 189.281, 93.0097], "tipVelocity": [73.6297, 321.807, -363.881], "tool": false, "touchDistance": 0.367178, "touchZone": "none", "type": 3, "width": 15.6882}, {"bases": [[[-0.0183836, -0.900406, -0.434662], [0.81612, 0.237628, -0.526765], [0.57759, -0.36442, 0.730471]], [[-0.0873959, -0.850305, -0.518982], [-0.512075, 0.485222, -0.708759], [0.854483, 0.203815, -0.477826]], [[-0.0873959, -0.850305, -0.518982], [-0.919765, -0.131222, 0.369882], [-0.382614, 0.509668, -0.770613]], [[-0.0873959, -0.850305, -0.518982], [-0.396509, -0.448236, 0.801165], [-0.913861, 0.2758, -0.29798]]], "btipPosition": [-22.3828, 180.302, 81.2617], "carpPosition": [-57.1655, 180.083, 87.3545], "dipPosition": [-9.38573, 184.224, 77.0238], "direction": [-0.382614, -0.509668, 0.770613], "extended": false, "handId": 103, "id": 1034, "length": 41.6764, "mcpPosition": [-28.1406, 198.396, 50.6471], "pipPosition": [-3.21112, 192.45, 64.5876], "stabilizedTipPosition": [-22.7399, 175.608, 86.8972], "timeVisible": 5.80275, "tipPosition": [-19.9406, 183.565, 80.0562], "tipVelocity": [159.549, 317.426, -365.952], "tool": false, "touchDistance": 0.333333, "touchZone": "none", "type": 4, "width": 13.9355}], "r": [[0.744494, -0.283237, 0.60457], [0.151501, 0.953598, 0.260189], [-0.650212, -0.102116, 0.752859]], "s": 0.48638, "t": [6.80592, 71.9791, -60.6602], "timestamp": 629892472639}, {"currentFrameRate": 55.3441, "devices": [], "gestures": [], "hands": [{"armBasis": [[-0.0841061, -0.558315, -0.825354], [0.796721, 0.459787, -0.392214], [0.598466, -0.690565, 0.406151]], "armWidth": 55.2759, "confidence": 1, "direction": [0.483308, 0.677738, -0.554152], "elbow": [-206.462, 9.13702, 197.151], "grabAngle": 3.14159, "grabStrength": 1, "id": 103, "palmNormal": [0.875379, -0.366071, 0.315758], "palmPosition": [-30.4348, 218.145, 73.4244], "palmVelocity": [-77.6359, 245.36, -441.159], "palmWidth": 78.8548, "pinchDistance": 18.1582, "pinchStrength": 0.707487, "r": [[0.731586, -0.346937, 0.586871], [0.258751, 0.937721, 0.231791], [-0.630738, -0.0177212, 0.775793]], "s": 0.482066, "sphereCenter": [4.22665, 210.442, 70.8216], "sphereRadius": 33.6077, "stabilizedPalmPosition": [-27.962, 209.007, 87.8261], "t": [-8.0847, 76.5722, -67.8964], "timeVisible": 5.82061, "type": "left", "wrist": [-66.4264, 170.723, 102.115]}], "id": 38414, "interactionBox": {"center": [0, 200, 0], "size": [235.247, 235.247, 147.751]}, "pointables": [{"bases": [[[0.68417, 0.203063, -0.700483], [0.589067, 0.412433, 0.694909], [0.430013, -0.888068, 0.162557]], [[0.458785, 0.53722, -0.707751], [0.439788, 0.554826, 0.706226], [0.772077, -0.635266, 0.0182828]], [[0.458785, 0.53722, -0.707751], [0.247448, 0.687768, 0.682455], [0.853397, -0.488232, 0.182603]], [[0.458785, 0.53722, -0.707751], [-0.0403992, 0.808314, 0.587365], [0.887628, -0.240881, 0.392545]]], "btipPosition": [24.7768, 239.773, 103.207], "carpPosition": [-49.7717, 193.905, 116.715], "dipPosition": [7.63645, 235.122, 110.787], "direction": [0.853397, 0.488232, -0.182603], "extended": false, "handId": 103, "id": 1030, "length": 43.0013, "mcpPosition": [-49.7717, 193.905, 116.715], "pipPosition": [-16.3716, 221.387, 115.924], "stabilizedTipPosition": [21.905, 236.486, 106.472], "timeVisible": 5.82061, "tipPosition": [15.2407, 247.072, 108.501], "tipVelocity": [-270.132, 543.573, -392.582], "tool": false, "touchDistance": 0.582502, "touchZone": "hovering", "type": 0, "width": 17.574}, {"bases": [[[-0.0921323, -0.514855, -0.852312], 