{"frames": 238, "data": [{"currentFrameRate": 112.974, "devices": [], "gestures": [], "hands": [{"armBasis": [[-0.222367, -0.799599, -0.557848], [0.838585, 0.135, -0.527778], [0.49732, -0.585164, 0.640513]], "armWidth": 66.7811, "confidence": 1, "direction": [0.594126, 0.473461, -0.650268], "elbow": [-189.458, -11.5645, 273.177], "grabAngle": 3.14159, "grabStrength": 1, "id": 38, "palmNormal": [0.78773, -0.178881, 0.589476], "palmPosition": [-12.3573, 185.654, 61.2237], "palmVelocity": [7.76941, -2.96073, 5.3393], "palmWidth": 89.3549, "pinchDistance": 27.9364, "pinchStrength": 0.689756, "r": [[0.848859, -0.0168211, -0.528352], [0.290849, 0.849468, 0.440239], [0.441413, -0.527372, 0.725971]], "s": 1.06584, "sphereCenter": [23.8231, 187.713, 71.8494], "sphereRadius": 37.1727, "stabilizedPalmPosition": [-7.14649, 190.191, 61.7422], "t": [23.9736, 73.9251, 117.485], "timeVisible": 7.92593, "type": "left", "wrist": [-57.5946, 143.591, 103.347]}], "id": 36010, "interactionBox": {"center": [0, 200, 0], "size": [235.247, 235.247, 147.751]}, "pointables": [{"bases": [[[0.523135, -0.0946674, -0.846976], [0.715149, 0.589325, 0.375842], [0.463564, -0.80233, 0.375998]], [[0.280988, 0.249953, -0.92659], [0.683569, 0.625562, 0.376041], [0.673632, -0.739051, 0.00491491]], [[0.280988, 0.249953, -0.92659], [0.398373, 0.848002, 0.34956], [0.873124, -0.46735, 0.138704]], [[0.280988, 0.249953, -0.92659], [0.112568, 0.95024, 0.290469], [0.953087, -0.185922, 0.238869]]], "btipPosition": [36.6287, 230.352, 101.761], "carpPosition": [-44.1858, 175.506, 111.473], "dipPosition": [16.1575, 226.359, 106.891], "direction": [0.873124, 0.46735, -0.138704], "extended": false, "handId": 38, "id": 380, "length": 47.8303, "mcpPosition": [-44.1858, 175.506, 111.473], "pipPosition": [-11.164, 211.735, 111.232], "stabilizedTipPosition": [33.9113, 232.412, 104.029], "timeVisible": 7.92593, "tipPosition": [32.6933, 227.436, 100.455], "tipVelocity": [5.77631, -2.67091, 7.26593], "tool": false, "touchDistance": 0.549015, "touchZone": "hovering", "type": 0, "width": 21.8097}, {"bases": [[[-0.260217, -0.77072, -0.581616], [0.696188, 0.26762, -0.66611], [0.669036, -0.578247, 0.466927]], [[-0.108603, -0.877965, -0.466243], [-0.482767, 0.456577, -0.747311], [0.868988, 0.143926, -0.473439]], [[-0.108603, -0.877965, -0.466243], [-0.95076, -0.0452173, 0.306611], [-0.290276, 0.476584, -0.829824]], [[-0.108603, -0.877965, -0.466243], [-0.562895, -0.332269, 0.7568], [-0.819362, 0.344637, -0.458117]]], "btipPosition": [11.5333, 197.211, 100.049], "carpPosition": [-51.7794, 177.085, 89.5247], "dipPosition": [24.3813, 202.615, 92.8653], "direction": [-0.290276, -0.476584, 0.829824], "extended": false, "handId": 38, "id": 381, "length": 53.9712, "mcpPosition": [-3.44311, 218.862, 55.7904], "pipPosition": [30.8204, 213.187, 74.4577], "stabilizedTipPosition": [20.8961, 204.021, 102.145], "timeVisible": 7.92593, "tipPosition": [16.99, 198.622, 98.7827], "tipVelocity": [0.231671, -2.58614, 6.10459], "tool": false, "touchDistance": 0.473277, "touchZone": "none", "type": 1, "width": 20.8326}, {"bases": [[[-0.282281, -0.876012, -0.39105], [0.656692, 0.120707, -0.744437], [0.699338, -0.466939, 0.541197]], [[-0.239837, -0.902435, -0.357894], [-0.638749, 0.424306, -0.641845], [0.73108, 0.0746663, -0.678194]], [[-0.239837, -0.902435, -0.357894], [-0.740841, -0.0681159, 0.668218], [-0.627402, 0.425406, -0.652224]], [[-0.239837, -0.902435, -0.357894], [-0.164009, -0.325691, 0.931143], [-0.956859, 0.282021, -0.0698945]]], "btipPosition": [-2.06477, 181.371, 92.332], "carpPosition": [-49.4434, 168.648, 81.1838], "dipPosition": [14.4377, 186.235, 91.1266], "direction": [-0.627402, -0.425406, 0.652224], "extended": false, "handId": 38, "id": 382, "length": 61.4959, "mcpPosition": [-1.5288, 200.64, 44.1041], "pipPosition": [30.8116, 197.337, 74.105], "stabilizedTipPosition": [6.17889, 186.895, 93.7073], "timeVisible": 7.92593, "tipPosition": [2.4602, 182.603, 92.127], "tipVelocity": [6.42907, -2.3979, 7.29547], "tool": false, "touchDistance": 0.367579, "touchZone": "none", "type": 2, "width": 20.4604}, {"bases": [[[-0.224986, -0.941768, -0.249908], [0.656805, 0.042865, -0.752841], [0.719714, -0.333519, 0.608914]], [[-0.181424, -0.960073, -0.212945], [-0.683616, 0.278787, -0.674497], [0.706933, 0.0232026, -0.7069]], [[-0.181424, -0.960073, -0.212945], [-0.722078, -0.0169479, 0.691604], [-0.667599, 0.279237, -0.690172]], [[-0.181424, -0.960073, -0.212945], [-0.0892491, -0.19957, 0.975811], [-0.979347, 0.196041, -0.0494787]]], "btipPosition": [-6.57736, 167.718, 85.3198], "carpPosition": [-46.0718, 158.614, 75.3949], "dipPosition": [10.2159, 171.08, 84.4714], "direction": [-0.667599, -0.279237, 0.690172], "extended": false, "handId": 38, "id": 383, "length": 59.1299, "mcpPosition": [-1.79905, 179.13, 37.938], "pipPosition": [27.1888, 178.179, 66.9246], "stabilizedTipPosition": [1.93301, 171.764, 83.844], "timeVisible": 7.92593, "tipPosition": [0.0181716, 167.975, 85.3359], "tipVelocity": [6.26279, -2.63844, 7.55102], "tool": false, "touchDistance": 0.333333, "touchZone": "none", "type": 3, "width": 19.4693}, {"bases": [[[-0.245585, -0.96809, -0.0499033], [0.674803, -0.133771, -0.725773], [0.695938, -0.211914, 0.686122]], [[-0.327131, -0.935759, -0.131682], [-0.612143, 0.316002, -0.724862], [0.719908, -0.156517, -0.676192]], [[-0.327131, -0.935759, -0.131682], [-0.76398, 0.179879, 0.61966], [-0.556166, 0.303312, -0.773745]], [[-0.327131, -0.935759, -0.131682], [-0.186968, -0.0725014, 0.979687], [-0.926298, 0.345106, -0.15124]]], "btipPosition": [-1.40119, 152.391, 74.7776], "carpPosition": [-39.7553, 146.148, 75.6229], "dipPosition": [13.2522, 157.85, 72.3851], "direction": [-0.556166, -0.303312, 0.773745], "extended": false, "handId": 38, "id": 384, "length": 46.3568, "mcpPosition": [-0.126422, 158.215, 36.5529], "pipPosition": [23.2355, 163.295, 58.4962], "stabilizedTipPosition": [6.33914, 158.968, 75.8444], "timeVisible": 7.92593, "tipPosition": [1.7175, 156.418, 74.6684], "tipVelocity": [6.95325, -2.75531, 8.22498], "tool": false, "touchDistance": 0.333333, "touchZone": "none", "type": 4, "width": 17.2942}], "r": [[0.848859, -0.0168211, -0.528352], [0.290849, 0.849468, 0.440239], [0.441413, -0.527372, 0.725971]], "s": 1.06584, "t": [-23.9736, 73.9251, 117.485], "timestamp": 554662140447}, {"currentFrameRate": 113.046, "devices": [], "gestures": [], "hands": [{"armBasis": [[-0.222777, -0.799486, -0.557847], [0.838489, 0.134765, -0.527992], [0.4973, -0.585372, 0.640337]], "armWidth": 66.7811, "confidence": 1, "direction": [0.595033, 0.471976, -0.650519], "elbow": [-189.434, -11.6002, 273.152], "grabAngle": 3.14159, "grabStrength": 1, "id": 38, "palmNormal": [0.78716, -0.178874, 0.59024], "palmPosition": [-12.2789, 185.588, 61.223], "palmVelocity": [8.98457, -7.55103, -0.0784715], "palmWidth": 89.3549, "pinchDistance": 27.9367, "pinchStrength": 0.688838, "r": [[0.848772, -0.0165803, -0.528498], [0.290672, 0.849565, 0.440169], [0.441695, -0.527224, 0.725907]], "s": 1.06561, "sphereCenter": [23.8973, 187.619, 71.8684], "sphereRadius": 37.1712, "stabilizedPalmPosition": [-7.15966, 190.18, 61.7408], "t": [24.0441, 73.8799, 117.5], "timeVisible": 7.93465, "type": "left", "wrist": [-57.5763, 143.61, 103.367]}], "id": 36011, "interactionBox": {"center": [0, 200, 0], "size": [235.247, 235.247, 147.751]}, "pointables": [{"bases": [[[0.522671, -0.0952917, -0.847192], [0.714801, 0.590557, 0.374568], [0.464622, -0.80135, 0.376782]], [[0.280171, 0.248919, -0.927116], [0.683026, 0.626937, 0.374733], [0.674522, -0.738233, 0.00563102]], [[0.280171, 0.248919, -0.927116], [0.397875, 0.848821, 0.348135], [0.873613, -0.466413, 0.138776]], [[0.280171, 0.248919, -0.927116], [0.11224, 0.950677, 0.289164], [0.953366, -0.185075, 0.238413]]], "btipPosition": [36.7286, 230.299, 101.725], "carpPosition": [-44.1508, 175.541, 111.465], "dipPosition": [16.2514, 226.324, 106.846], "direction": [0.873613, 0.466413, -0.138776], "extended": false, "handId": 38, "id": 380, "length": 47.8303, "mcpPosition": [-44.1508, 175.541, 111.465], "pipPosition": [-11.0854, 211.729, 111.189], "stabilizedTipPosition": [33.9045, 232.401, 104.025], "timeVisible": 7.93465, "tipPosition": [32.7874, 227.379, 100.428], "tipVelocity": [11.2986, -5.58817, -4.33546], "tool": false, "touchDistance": 0.548385, "touchZone": "hovering", "type": 0, "width": 21.8097}, {"bases": [[[-0.259822, -0.771773, -0.580395], [0.695477, 0.267416, -0.666933], [0.669928, -0.576936, 0.46727]], [[-0.108097, -0.878667, -0.465036], [-0.484208, 0.455076, -0.747294], [0.86825, 0.144394, -0.47465]], [[-0.108097, -0.878667, -0.465036], [-0.950039, -0.0464771, 0.308652], [-0.292816, 0.475167, -0.829744]], [[-0.108097, -0.878667, -0.465036], [-0.560717, -0.332384, 0.758364], [-0.820921, 0.342731, -0.456754]]], "btipPosition": [11.5389, 197.172, 100.034], "carpPosition": [-51.7283, 177.098, 89.5096], "dipPosition": [24.4113, 202.546, 92.8714], "direction": [-0.292816, -0.475167, 0.829744], "extended": false, "handId": 38, "id": 381, "length": 53.9712, "mcpPosition": [-3.32763, 218.78, 55.7504], "pipPosition": [30.9068, 213.086, 74.4655], "stabilizedTipPosition": [20.8766, 204.004, 102.134], "timeVisible": 7.93465, "tipPosition": [17.047, 198.577, 98.7823], "tipVelocity": [1.28378, -5.30734, -1.19362], "tool": false, "touchDistance": 0.473104, "touchZone": "none", "type": 1, "width": 20.8326}, {"bases": [[[-0.281653, -0.876828, -0.389672], [0.656078, 0.120357, -0.745034], [0.700166, -0.465497, 0.541369]], [[-0.239162, -0.903163, -0.356508], [-0.639524, 0.422795, -0.64207], [0.730624, 0.074437, -0.678711]], [[-0.239162, -0.903163, -0.356508], [-0.740546, -0.0678088, 0.668576], [-0.628007, 0.423908, -0.652617]], [[-0.239162, -0.903163, -0.356508], [-0.163501, -0.324461, 0.931661], [-0.957115, 0.281107, -0.0700693]]], "btipPosition": [-2.0004, 181.336, 92.3542], "carpPosition": [-49.3954, 168.647, 81.1817], "dipPosition": [14.5065, 186.184, 91.1458], "direction": [-0.628007, -0.423908, 0.652617], "extended": false, "handId": 38, "id": 382, "length": 61.4959, "mcpPosition": [-1.42402, 200.54, 44.0902], "pipPosition": [30.8962, 197.247, 74.1139], "stabilizedTipPosition": [6.16746, 186.884, 93.703], "timeVisible": 7.93465, "tipPosition": [2.51442, 182.564, 92.1402], "tipVelocity": [7.49858, -4.44038, 2.46974], "tool": false, "touchDistance": 0.367938, "touchZone": "none", "type": 2, "width": 20.4604}, {"bases": [[[-0.224199, -0.942334, -0.248478], [0.656264, 0.0425035, -0.753333], [0.720453, -0.331964, 0.608891]], [[-0.180595, -0.960544, -0.211519], [-0.684343, 0.277178, -0.674424], [0.706442, 0.0229542, -0.707398]], [[-0.180595, -0.960544, -0.211519], [-0.721884, -0.0166192, 0.691814], [-0.668033, 0.27763, -0.6904]], [[-0.180595, -0.960544, -0.211519], [-0.0888037, -0.198253, 0.97612], [-0.97954, 0.195066, -0.0494965]]], "btipPosition": [-6.5247, 167.678, 85.3615], "carpPosition": [-46.0301, 158.602, 75.4087], "dipPosition": [10.2719, 171.022, 84.5128], "direction": [-0.668033, -0.27763, 0.6904], "extended": false, "handId": 38, "id": 383, "length": 59.1299, "mcpPosition": [-1.71194, 179.022, 37.9532], "pipPosition": [27.2559, 178.081, 66.9602], "stabilizedTipPosition": [1.92359, 171.757, 83.8468], "timeVisible": 7.93465, "tipPosition": [0.0600108, 167.93, 85.3672], "tipVelocity": [6.12512, -5.07802, 4.77529], "tool": false, "touchDistance": 0.333333, "touchZone": "none", "type": 3, "width": 19.4693}, {"bases": [[[-0.244639, -0.968404, -0.0484243], [0.674459, -0.134078, -0.726036], [0.696604, -0.210277, 0.685949]], [[-0.326272, -0.936267, -0.130193], [-0.61294, 0.314397, -0.724886], [0.719619, -0.15671, -0.676454]], [[-0.326272, -0.936267, -0.130193], [-0.764016, 0.180094, 0.619553], [-0.55662, 0.301612, -0.774083]], [[-0.326272, -0.936267, -0.130193], [-0.186724, -0.0711804, 0.97983], [-0.92665, 0.344001, -0.151599]]], "btipPosition": [-1.35738, 152.333, 74.8426], "carpPosition": [-39.7264, 146.13, 75.6578], "dipPosition": [13.3015, 157.775, 72.4445], "direction": [-0.55662, -0.301612, 0.774083], "extended": false, "handId": 38, "id": 384, "length": 46.3568, "mcpPosition": [-0.059522, 158.104, 36.5976], "pipPosition": [23.293, 163.189, 58.5494], "stabilizedTipPosition": [6.33285, 158.96, 75.8421], "timeVisible": 7.93465, "tipPosition": [1.75767, 156.354, 74.7163], "tipVelocity": [5.17127, -7.05034, 7.30439], "tool": false, "touchDistance": 0.333333, "touchZone": "none", "type": 4, "width": 17.2942}], "r": [[0.848772, -0.0165803, -0.528498], [0.290672, 0.849565, 0.440169], [0.441695, -0.527224, 0.725907]], "s": 1.06561, "t": [-24.0441, 73.8799, 117.5], "timestamp": 554662149168}, {"currentFrameRate": 113.105, "devices": [], "gestures": [], "hands": [{"armBasis": [[-0.223018, -0.79947, -0.557773], [0.838387, 0.134631, -0.528187], [0.497364, -0.585425, 0.64024]], "armWidth": 66.7811, "confidence": 1, "direction": [0.595748, 0.470576, -0.650878], "elbow": [-189.434, -11.5893, 273.153], "grabAngle": 3.14159, "grabStrength": 1, "id": 38, "palmNormal": [0.786743, -0.178842, 0.590805], "palmPosition": [-12.2121, 185.531, 61.2215], "palmVelocity": [7.64609, -6.5243, -0.164317], "palmWidth": 89.3549, "pinchDistance": 27.9251, "pinchStrength": 0.688008, "r": [[0.848661, -0.0163666, -0.528683], [0.29041, 0.849811, 0.439868], [0.442081, -0.526834, 0.725955]], "s": 1.06529, "sphereCenter": [23.9636, 187.53, 71.8759], "sphereRadius": 37.1682, "stabilizedPalmPosition": [-7.17379, 190.167, 61.7394], "t": [24.1127, 73.8288, 117.507], "timeVisible": 7.94339, "type": "left", "wrist": [-57.5591, 143.635, 103.395]}], "id": 36012, "interactionBox": {"center": [0, 200, 0], "size": [235.247, 235.247, 147.751]}, "pointables": [{"bases": [[[0.522401, -0.0959033, -0.847289], [0.714408, 0.591709, 0.373498], [0.465529, -0.800426, 0.377624]], [[0.279607, 0.247905, -0.927558], [0.682339, 0.628346, 0.373623], [0.67545, -0.737376, 0.00653478]], [[0.279607, 0.247905, -0.927558], [0.397233, 0.849656, 0.346828], [0.874086, -0.465432, 0.139094]], [[0.279607, 0.247905, -0.927558], [0.111664, 0.951138, 0.287868], [0.953599, -0.184064, 0.238263]]], "btipPosition": [36.8302, 230.243, 101.672], "carpPosition": [-44.1146, 175.579, 111.463], "dipPosition": [16.3479, 226.289, 106.79], "direction": [0.874086, 0.465432, -0.139094], "extended": false, "handId": 38, "id": 380, "length": 47.8303, "mcpPosition": [-44.1146, 175.579, 111.463], "pipPosition": [-11.0036, 211.725, 111.142], "stabilizedTipPosition": [33.8981, 232.39, 104.021], "timeVisible": 7.94339, "tipPosition": [32.8757, 227.333, 100.395], "tipVelocity": [11.4859, -5.89407, -6.14774], "tool": false, "touchDistance": 0.547489, "touchZone": "hovering", "type": 0, "width": 21.8097}, {"bases": [[[-0.259347, -0.772768, -0.579283], [0.694945, 0.267199, -0.667575], [0.670664, -0.575704, 0.467734]], [[-0.107561, -0.879322, -0.463922], [-0.48553, 0.453659, -0.747298], [0.867578, 0.144868, -0.475733]], [[-0.107561, -0.879322, -0.463922], [-0.949336, -0.0477519, 0.310615], [-0.295283, 0.473828, -0.829635]], [[-0.107561, -0.879322, -0.463922], [-0.558601, -0.332559, 0.759848], [-0.822432, 0.340878, -0.45542]]], "btipPosition": [11.5341, 197.139, 100.012], "carpPosition": [-51.6813, 177.114, 89.5024], "dipPosition": [24.4302, 202.485, 92.871], "direction": [-0.295283, -0.473828, 0.829635], "extended": false, "handId": 38, "id": 381, "length": 53.9712, "mcpPosition": [-3.22752, 218.707, 55.7097], "pipPosition": [30.9804, 212.995, 74.4675], "stabilizedTipPosition": [20.8569, 203.986, 102.122], "timeVisible": 7.94339, "tipPosition": [17.0991, 198.54, 98.7747], "tipVelocity": [0.0711236, -4.47544, -1.88869], "tool": false, "touchDistance": 0.472829, "touchZone": "none", "type": 1, "width": 20.8326}, {"bases": [[[-0.281, -0.877595, -0.388415], [0.655651, 0.120002, -0.745468], [0.700829, -0.464141, 0.541675]], [[-0.238469, -0.903848, -0.355235], [-0.64006, 0.421378, -0.642467], [0.73038, 0.074163, -0.679003]], [[-0.238469, -0.903848, -0.355235], [-0.740507, -0.0674257, 0.668658], [-0.628317, 0.422508, -0.653226]], [[-0.238469, -0.903848, -0.355235], [-0.163402, -0.32323, 0.932106], [-0.957305, 0.280325, -0.0706106]]], "btipPosition": [-1.9345, 181.308, 92.3762], "carpPosition": [-49.3528, 168.65, 81.1865], "dipPosition": [14.5757, 186.143, 91.1584], "direction": [-0.628317, -0.422508, 0.653226], "extended": false, "handId": 38, "id": 382, "length": 61.4959, "mcpPosition": [-1.336, 200.45, 44.074], "pipPosition": [30.9734, 197.17, 74.1106], "stabilizedTipPosition": [6.15555, 186.871, 93.6986], "timeVisible": 7.94339, "tipPosition": [2.56442, 182.533, 92.1488], "tipVelocity": [7.62683, -3.47249, 2.26491], "tool": false, "touchDistance": 0.368268, "touchZone": "none", "type": 2, "width": 20.4604}, {"bases": [[[-0.223425, -0.942864, -0.24716], [0.655906, 0.0421382, -0.753666], [0.721019, -0.330502, 0.609015]], [[-0.179788, -0.960986, -0.210196], [-0.684886, 0.275665, -0.674492], [0.706121, 0.0226952, -0.707727]], [[-0.179788, -0.960986, -0.210196], [-0.721915, -0.0162546, 0.69179], [-0.668218, 0.276119, -0.690828]], [[-0.179788, -0.960986, -0.210196], [-0.0887079, -0.196969, 0.976388], [-0.979698, 0.194189, -0.0498344]]], "btipPosition": [-6.47471, 167.645, 85.4033], "carpPosition": [-45.9945, 158.594, 75.428], "dipPosition": [10.3246, 170.974, 84.5487], "direction": [-0.668217, -0.276119, 0.690828], "extended": false, "handId": 38, "id": 383, "length": 59.1299, "mcpPosition": [-1.64141, 178.925, 37.9648], "pipPosition": [27.3132, 177.994, 66.9852], "stabilizedTipPosition": [1.91443, 171.75, 83.8495], "timeVisible": 7.94339, "tipPosition": [0.0967942, 167.893, 85.3937], "tipVelocity": [5.7915, -4.17009, 4.62245], "tool": false, "touchDistance": 0.333333, "touchZone": "none", "type": 3, "width": 19.4693}, {"bases": [[[-0.243756, -0.968694, -0.0470645], [0.674277, -0.13439, -0.726148], [0.69709, -0.208737, 0.685926]], [[-0.325453, -0.936739, -0.12884], [-0.613539, 0.312885, -0.725033], [0.719479, -0.156916, -0.676556]], [[-0.325453, -0.936739, -0.12884], [-0.764243, 0.180358, 0.619196], [-0.556788, 0.299984, -0.774594]], [[-0.325453, -0.936739, -0.12884], [-0.186824, -0.0698684, 0.979906], [-0.926918, 0.342984, -0.152266]]], "btipPosition": [-1.3176, 152.285, 74.9051], "carpPosition": [-39.7025, 146.117, 75.6959], "dipPosition": [13.3456, 157.711, 72.4963], "direction": [-0.556788, -0.299984, 0.774594], "extended": false, "handId": 38, "id": 384, "length": 46.3568, "mcpPosition": [-0.00794595, 158.003, 36.6371], "pipPosition": [23.3401, 163.095, 58.5921], "stabilizedTipPosition": [6.32695, 158.953, 75.8401], "timeVisible": 7.94339, "tipPosition": [1.79179, 156.298, 74.7583], "tipVelocity": [4.66308, -5.9525, 6.86713], "tool": false, "touchDistance": 0.333333, "touchZone": "none", "type": 4, "width": 17.2942}], "r": [[0.848661, -0.0163666, -0.528683], [0.29041, 0.849811, 0.439868], [0.442081, -0.526834, 0.725955]], "s": 1.06529, "t": [-24.1127, 73.8288, 117.507], "timestamp": 554662157907}, {"currentFrameRate": 113.222, "devices": [], "gestures": [], "hands": [{"armBasis": [[-0.223809, -0.799481, -0.55744], [0.838112, 0.134061, -0.528768], [0.497471, -0.58554, 0.640051]], "armWidth": 66.7811, "confidence": 1, "direction": [0.596506, 0.468583, -0.651622], "elbow": [-189.446, -11.5438, 273.153], "grabAngle": 3.14159, "grabStrength": 1, "id": 38, "palmNormal": [0.786273, -0.1782, 0.591624], "palmPosition": [-12.1437, 185.494, 61.2127], "palmVelocity": [7.91793, -4.28616, -1.02809], "palmWidth": 89.3549, "pinchDistance": 27.8749, "pinchStrength": 0.687768, "r": [[0.848519, -0.016285, -0.528914], [0.290096, 0.850256, 0.439213], [0.44256, -0.526117, 0.726183]], "s": 1.06487, "sphereCenter": [24.0343, 187.447, 71.8682], "sphereRadius": 37.1615, "stabilizedPalmPosition": [-7.18843, 190.153, 61.7378], "t": [24.1812, 73.7848, 117.506], "timeVisible": 7.95202, "type": "left", "wrist": [-57.5429, 143.711, 103.444]}], "id": 36013, "interactionBox": {"center": [0, 200, 0], "size": [235.247, 235.247, 147.751]}, "pointables": [{"bases": [[[0.522038, -0.0973556, -0.847348], [0.714085, 0.593178, 0.371783], [0.466433, -0.799163, 0.379182]], [[0.279, 0.245935, -0.928264], [0.681368, 0.630462, 0.371828], [0.676681, -0.73623, 0.00832687]], [[0.279, 0.245935, -0.928264], [0.396288, 0.851013, 0.344577], [0.874708, -0.463997, 0.139972]], [[0.279, 0.245935, -0.928264], [0.110585, 0.95199, 0.285459], [0.953902, -0.182295, 0.238409]]], "btipPosition": [36.9495, 230.208, 101.55], "carpPosition": [-44.0816, 175.683, 111.459], "dipPosition": [16.4607, 226.293, 106.671], "direction": [0.874708, 0.463997, -0.139972], "extended": false, "handId": 38, "id": 380, "length": 47.8303, "mcpPosition": [-44.0816, 175.683, 111.459], "pipPosition": [-10.9103, 211.774, 111.051], "stabilizedTipPosition": [33.8929, 232.38, 104.017], "timeVisible": 7.95202, "tipPosition": [32.9569, 227.353, 100.326], "tipVelocity": [13.6551, -3.00827, -14.0475], "tool": false, "touchDistance": 0.545469, "touchZone": "hovering", "type": 0, "width": 21.8097}, {"bases": [[[-0.258973, -0.7743, -0.577401], [0.694357, 0.266302, -0.668544], [0.671417, -0.574057, 0.468676]], [[-0.107121, -0.880412, -0.461953], [-0.486908, 0.45155, -0.747679], [0.86686, 0.144837, -0.47705]], [[-0.107121, -0.880412, -0.461953], [-0.948619, -0.0486333, 0.31266], [-0.297736, 0.471709, -0.829966]], [[-0.107121, -0.880412, -0.461953], [-0.556458, -0.331951, 0.761684], [-0.823941, 0.338649, -0.454353]]], "btipPosition": [11.5281, 197.165, 99.9758], "carpPosition": [-51.6353, 177.176, 89.4915], "dipPosition": [24.4479, 202.475, 92.8513], "direction": [-0.297736, -0.471709, 0.829966], "extended": false, "handId": 38, "id": 381, "length": 53.9712, "mcpPosition": [-3.12709, 218.65, 55.6308], "pipPosition": [31.0525, 212.939, 74.4405], "stabilizedTipPosition": [20.8418, 203.973, 102.113], "timeVisible": 7.95202, "tipPosition": [17.1481, 198.562, 98.7502], "tipVelocity": [-0.0584905, 2.0529, -3.77191], "tool": false, "touchDistance": 0.472286, "touchZone": "none", "type": 1, "width": 20.8326}, {"bases": [[[-0.280432, -0.878716, -0.386285], [0.655151, 0.118896, -0.746084], [0.701524, -0.462301, 0.542349]], [[-0.237862, -0.904856, -0.353069], [-0.640616, 0.41938, -0.64322], [0.730091, 0.073184, -0.67942]], [[-0.237862, -0.904856, -0.353069], [-0.740446, -0.0663317, 0.668834], [-0.628618, 0.420518, -0.654219]], [[-0.237862, -0.904856, -0.353069], [-0.163338, -0.321061, 0.932867], [-0.957467, 0.279563, -0.0714297]]], "btipPosition": [-1.86743, 181.331, 92.398], "carpPosition": [-49.3099, 168.691, 81.1959], "dipPosition": [14.6456, 186.153, 91.1661], "direction": [-0.628618, -0.420518, 0.65422], "extended": false, "handId": 38, "id": 382, "length": 61.4959, "mcpPosition": [-1.24549, 200.365, 44.0373], "pipPosition": [31.0511, 197.128, 74.0924], "stabilizedTipPosition": [6.14343, 186.859, 93.6941], "timeVisible": 7.95202, "tipPosition": [2.61274, 182.553, 92.1544], "tipVelocity": [7.84607, 2.32731, 2.14788], "tool": false, "touchDistance": 0.368577, "touchZone": "none", "type": 2, "width": 20.4604}, {"bases": [[[-0.222726, -0.943616, -0.244914], [0.65547, 0.041014, -0.754107], [0.721632, -0.328493, 0.609377]], [[-0.179053, -0.961615, -0.207933], [-0.685485, 0.27354, -0.674749], [0.705727, 0.0217189, -0.708151]], [[-0.179053, -0.961615, -0.207933], [-0.721854, -0.0151975, 0.691879], [-0.668481, 0.27398, -0.691425]], [[-0.179053, -0.961615, -0.207933], [-0.0885979, -0.194729, 0.976847], [-0.979842, 0.19333, -0.0503302]]], "btipPosition": [-6.42526, 167.655, 85.456], "carpPosition": [-45.9573, 158.619, 75.4619], "dipPosition": [10.3765, 170.97, 84.593], "direction": [-0.668481, -0.27398, 0.691425], "extended": false, "handId": 38, "id": 383, "length": 59.1299, "mcpPosition": [-1.56661, 178.826, 37.9765], "pipPosition": [27.3719, 177.936, 67.0143], "stabilizedTipPosition": [1.90642, 171.744, 83.852], "timeVisible": 7.95202, "tipPosition": [0.133468, 167.9, 85.4309], "tipVelocity": [5.79624, 0.815064, 5.88593], "tool": false, "touchDistance": 0.333333, "touchZone": "none", "type": 3, "width": 19.4693}, {"bases": [[[-0.242928, -0.969012, -0.0447498], [0.674011, -0.135436, -0.7262], [0.697636, -0.206576, 0.686025]], [[-0.324697, -0.937313, -0.126554], [-0.614197, 0.310709, -0.725411], [0.719259, -0.15781, -0.676582]], [[-0.324697, -0.937313, -0.126554], [-0.764363, 0.181237, 0.618791], [-0.557065, 0.297652, -0.775295]], [[-0.324697, -0.937313, -0.126554], [-0.186912, -0.0675752, 0.98005], [-0.927166, 0.341873, -0.153254]]], "btipPosition": [-1.27653, 152.27, 74.9939], "carpPosition": [-39.6765, 146.137, 75.7613], "dipPosition": [13.3905, 157.678, 72.5695], "direction": [-0.557065, -0.297652, 0.775295], "extended": false, "handId": 38, "id": 384, "length": 46.3568, "mcpPosition": [0.0491483, 157.9, 36.6968], "pipPosition": [23.39, 163.021, 58.6527], "stabilizedTipPosition": [6.32232, 158.947, 75.8385], "timeVisible": 7.95202, "tipPosition": [1.82754, 156.276, 74.8223], "tipVelocity": [4.86363, -2.16902, 9.87295], "tool": false, "touchDistance": 0.333333, "touchZone": "none", "type": 4, "width": 17.2942}], "r": [[0.848519, -0.016285, -0.528914], [0.290096, 0.850256, 0.439213], [0.44256, -0.526117, 0.726183]], "s": 1.06487, "t": [-24.1812, 73.7848, 117.506], "timestamp": 554662166537}, {"currentFrameRate": 113.302, "devices": [], "gestures": [], "hands": [{"armBasis": [[-0.223919, -0.799517, -0.557345], [0.837938, 0.134109, -0.529031], [0.497714, -0.585481, 0.639916]], "armWidth": 66.7811, "confidence": 1, "direction": [0.59711, 0.466991, -0.652211], "elbow": [-189.487, -11.4945, 273.171], "grabAngle": 3.14159, "grabStrength": 1, "id": 38, "palmNormal": [0.785984, -0.178154, 0.592022], "palmPosition": [-12.0727, 185.433, 61.222], "palmVelocity": [8.17175, -7.02613, 1.07037], "palmWidth": 89.3549, "pinchDistance": 27.8327, "pinchStrength": 0.687423, "r": [[0.848391, -0.0161976, -0.529122], [0.289681, 0.850803, 0.438427], [0.443078, -0.525235, 0.726506]], "s": 1.06437, "sphereCenter": [24.1101, 187.333, 71.8701], "sphereRadius": 37.1555, "stabilizedPalmPosition": [-7.20387, 190.138, 61.7362], "t": [24.251, 73.7322, 117.51], "timeVisible": 7.96071, "type": "left", "wrist": [-57.5186, 143.745, 103.499]}], "id": 36014, "interactionBox": {"center": [0, 200, 0], "size": [235.247, 235.247, 147.751]}, "pointables": [{"bases": [[[0.521996, -0.0980579, -0.847293], [0.713522, 0.594479, 0.370784], [0.467339, -0.79811, 0.380282]], [[0.278664, 0.244761, -0.928676], [0.680256, 0.632285, 0.370766], [0.677937, -0.735056, 0.00969522]], [[0.278664, 0.244761, -0.928676], [0.395113, 0.852136, 0.343148], [0.875347, -0.462555, 0.140751]], [[0.278664, 0.244761, -0.928676], [0.109195, 0.952634, 0.283841], [0.954161, -0.180503, 0.238738]]], "btipPosition": [37.0888, 230.114, 101.47], "carpPosition": [-44.0294, 175.73, 111.478], "dipPosition": [16.5944, 226.237, 106.598], "direction": [0.875347, 0.462555, -0.140751], "extended": false, "handId": 38, "id": 380, "length": 47.8303, "mcpPosition": [-44.0294, 175.73, 111.478], "pipPosition": [-10.7966, 211.763, 111.002], "stabilizedTipPosition": [33.8879, 232.37, 104.012], "timeVisible": 7.96071, "tipPosition": [33.0627, 227.31, 100.29], "tipVelocity": [15.8792, -9.82952, -9.05069], "tool": false, "touchDistance": 0.544158, "touchZone": "hovering", "type": 0, "width": 21.8097}, {"bases": [[[-0.258256, -0.775425, -0.576211], [0.693962, 0.266045, -0.669056], [0.672101, -0.572656, 0.469408]], [[-0.106369, -0.881152, -0.460713], [-0.488157, 0.449937, -0.747837], [0.86625, 0.145353, -0.478]], [[-0.106369, -0.881152, -0.460713], [-0.948011, -0.0498938, 0.314303], [-0.299935, 0.470193, -0.830035]], [[-0.106369, -0.881152, -0.460713], [-0.554482, -0.332045, 0.763083], [-0.82537, 0.336625, -0.453264]]], "btipPosition": [11.5398, 197.131, 99.9596], "carpPosition": [-51.5779, 177.198, 89.5063], "dipPosition": [24.482, 202.41, 92.8522], "direction": [-0.299935, -0.470193, 0.830035], "extended": false, "handId": 38, "id": 381, "length": 53.9712, "mcpPosition": [-3.02021, 218.571, 55.5927], "pipPosition": [31.1353, 212.84, 74.4398], "stabilizedTipPosition": [20.8255, 203.958, 102.104], "timeVisible": 7.96071, "tipPosition": [17.2153, 198.524, 98.7435], "tipVelocity": [1.93275, -4.73423, -1.41718], "tool": false, "touchDistance": 0.472081, "touchZone": "none", "type": 1, "width": 20.8326}, {"bases": [[[-0.279572, -0.879581, -0.384938], [0.654898, 0.118483, -0.746371], [0.702103, -0.46076, 0.542911]], [[-0.236968, -0.905627, -0.35169], [-0.641022, 0.417768, -0.643864], [0.730025, 0.0728658, -0.679525]], [[-0.236968, -0.905627, -0.35169], [-0.740635, -0.0658747, 0.668671], [-0.628734, 0.418928, -0.655129]], [[-0.236968, -0.905627, -0.35169], [-0.163551, -0.319647, 0.933315], [-0.957652, 0.278685, -0.07237]]], "btipPosition": [-1.78695, 181.304, 92.4318], "carpPosition": [-49.2599, 168.698, 81.2236], "dipPosition": [14.7292, 186.111, 91.1836], "direction": [-0.628734, -0.418928, 0.655129], "extended": false, "handId": 38, "id": 382, "length": 61.4959, "mcpPosition": [-1.1559, 200.267, 44.0265], "pipPosition": [31.1378, 197.044, 74.0862], "stabilizedTipPosition": [6.1311, 186.845, 93.6894], "timeVisible": 7.96071, "tipPosition": [2.67434, 182.522, 92.1705], "tipVelocity": [9.34619, -3.53275, 3.46068], "tool": false, "touchDistance": 0.369078, "touchZone": "none", "type": 2, "width": 20.4604}, {"bases": [[[-0.221773, -0.944211, -0.243481], [0.655298, 0.0405898, -0.754279], [0.722081, -0.326831, 0.609738]], [[-0.178075, -0.96211, -0.206481], [-0.685887, 0.27182, -0.675035], [0.705583, 0.0214156, -0.708303]], [[-0.178075, -0.96211, -0.206481], [-0.72201, -0.0148171, 0.691724], [-0.668574, 0.27226, -0.692014]], [[-0.178075, -0.96211, -0.206481], [-0.0887742, -0.193271, 0.977121], [-0.980004, 0.192331, -0.0509938]]], "btipPosition": [-6.36836, 167.622, 85.5096], "carpPosition": [-45.917, 158.615, 75.5051], "dipPosition": [10.4362, 170.92, 84.6352], "direction": [-0.668574, -0.27226, 0.692014], "extended": false, "handId": 38, "id": 383, "length": 59.1299, "mcpPosition": [-1.49868, 178.72, 37.9975], "pipPosition": [27.4339, 177.842, 67.0416], "stabilizedTipPosition": [1.8987, 171.739, 83.8546], "timeVisible": 7.96071, "tipPosition": [0.178725, 167.863, 85.4681], "tipVelocity": [6.62197, -4.27772, 5.8699], "tool": false, "touchDistance": 0.333333, "touchZone": "none", "type": 3, "width": 19.4693}, {"bases": [[[-0.241915, -0.969332, -0.0432761], [0.674029, -0.135799, -0.726115], [0.69797, -0.204827, 0.68621]], [[-0.32373, -0.937841, -0.125113], [-0.614648, 0.308989, -0.725764], [0.71931, -0.158052, -0.676471]], [[-0.32373, -0.937841, -0.125113], [-0.764732, 0.181497, 0.618259], [-0.557121, 0.295827, -0.775953]], [[-0.32373, -0.937841, -0.125113], [-0.187288, -0.0660981, 0.980079], [-0.927428, 0.340713, -0.154248]]], "btipPosition": [-1.23393, 152.219, 75.07], "carpPosition": [-39.6494, 146.127, 75.824], "dipPosition": [13.4373, 157.609, 72.6299], "direction": [-0.557121, -0.295827, 0.775953], "extended": false, "handId": 38, "id": 384, "length": 46.3568, "mcpPosition": [0.0952432, 157.79, 36.749], "pipPosition": [23.4378, 162.919, 58.7014], "stabilizedTipPosition": [6.31799, 158.941, 75.8372], "timeVisible": 7.96071, "tipPosition": [1.86573, 156.218, 74.8768], "tipVelocity": [5.01155, -6.36774, 8.34837], "tool": false, "touchDistance": 0.333333, "touchZone": "none", "type": 4, "width": 17.2942}], "r": [[0.848391, -0.0161976, -0.529122], [0.289681, 0.850803, 0.438427], [0.443078, -0.525235, 0.726506]], "s": 1.06437, "t": [-24.251, 73.7322, 117.51], "timestamp": 554662175226}, {"currentFrameRate": 113.395, "devices": [], "gestures": [], "hands": [{"armBasis": [[-0.223332, -0.799352, -0.557817], [0.838043, 0.134797, -0.52869], [0.497801, -0.585548, 0.639787]], "armWidth": 66.7811, "confidence": 1, "direction": [0.597595, 0.466129, -0.652383], "elbow": [-189.495, -11.4621, 273.175], "grabAngle": 3.14159, "grabStrength": 1, "id": 38, "palmNormal": [0.785837, -0.178956, 0.591976], "palmPosition": [-12.0185, 185.428, 61.2488], "palmVelocity": [6.26225, -0.527416, 3.09602], "palmWidth": 89.3549, "pinchDistance": 27.7692, "pinchStrength": 0.687585, "r": [[0.848304, -0.0159496, -0.52927], [0.289136, 0.851329, 0.437766], [0.443601, -0.524389, 0.726797]], "s": 1.06381, "sphereCenter": [24.1759, 187.242, 71.8769], "sphereRadius": 37.1479, "stabilizedPalmPosition": [-7.21868, 190.123, 61.7347], "t": [24.313, 73.7037, 117.526], "timeVisible": 7.96937, "type": "left", "wrist": [-57.5042, 143.795, 103.537]}], "id": 36015, "interactionBox": {"center": [0, 200, 0], "size": [235.247, 235.247, 147.751]}, "pointables": [{"bases": [[[0.522206, -0.0976288, -0.847213], [0.712772, 0.595414, 0.370726], [0.468249, -0.797465, 0.380516]], [[0.278599, 0.244732, -0.928703], [0.678756, 0.633947, 0.370676], [0.679465, -0.733633, 0.0105036]], [[0.278599, 0.244732, -0.928703], [0.393538, 0.85299, 0.342837], [0.876077, -0.460993, 0.141331]], [[0.278599, 0.244732, -0.928703], [0.107312, 0.953, 0.283327], [0.954393, -0.178596, 0.239242]]], "btipPosition": [37.2397, 229.999, 101.434], "carpPosition": [-43.9812, 175.775, 111.51], "dipPosition": [16.7404, 226.163, 106.573], "direction": [0.876077, 0.460993, -0.141331], "extended": false, "handId": 38, "id": 380, "length": 47.8303, "mcpPosition": [-43.9812, 175.775, 111.51], "pipPosition": [-10.6735, 211.738, 110.995], "stabilizedTipPosition": [33.8829, 232.358, 104.007], "timeVisible": 7.96937, "tipPosition": [33.1676, 227.271, 100.315], "tipVelocity": [17.3024, -12.1456, -3.87901], "tool": false, "touchDistance": 0.543599, "touchZone": "hovering", "type": 0, "width": 21.8097}, {"bases": [[[-0.257267, -0.775864, -0.576063], [0.693718, 0.26672, -0.669041], [0.672732, -0.571747, 0.469613]], [[-0.105343, -0.881343, -0.460584], [-0.489107, 0.449187, -0.747666], [0.865839, 0.146514, -0.47839]], [[-0.105343, -0.881343, -0.460584], [-0.947605, -0.0514944, 0.315268], [-0.301577, 0.469663, -0.82974]], [[-0.105343, -0.881343, -0.460584], [-0.55299, -0.333028, 0.763737], [-0.826502, 0.335153, -0.452291]]], "btipPosition": [11.5625, 197.104, 99.9714], "carpPosition": [-51.5304, 177.247, 89.5393], "dipPosition": [24.5225, 202.359, 92.8792], "direction": [-0.301577, -0.469663, 0.82974], "extended": false, "handId": 38, "id": 381, "length": 53.9712, "mcpPosition": [-2.9271, 218.554, 55.6109], "pipPosition": [31.2122, 212.777, 74.4734], "stabilizedTipPosition": [20.8086, 203.943, 102.093], "timeVisible": 7.96937, "tipPosition": [17.2806, 198.493, 98.7627], "tipVelocity": [3.09905, -3.80253, 1.7696], "tool": false, "touchDistance": 0.472336, "touchZone": "none", "type": 1, "width": 20.8326}, {"bases": [[[-0.278481, -0.880001, -0.384768], [0.654838, 0.119094, -0.746327], [0.702592, -0.459798, 0.543094]], [[-0.235849, -0.905989, -0.351509], [-0.641308, 0.416871, -0.64416], [0.730136, 0.073501, -0.679337]], [[-0.235849, -0.905989, -0.351509], [-0.741056, -0.0663217, 0.66816], [-0.628658, 0.418073, -0.655747]], [[-0.235849, -0.905989, -0.351509], [-0.164116, -0.319385, 0.933306], [-0.957831, 0.277808, -0.0733607]]], "btipPosition": [-1.71317, 181.292, 92.4789], "carpPosition": [-49.2235, 168.743, 81.2584], "dipPosition": [14.8061, 186.083, 91.2137], "direction": [-0.628658, -0.418073, 0.655747], "extended": false, "handId": 38, "id": 382, "length": 61.4959, "mcpPosition": [-1.0859, 200.246, 44.0487], "pipPosition": [31.2127, 196.994, 74.1001], "stabilizedTipPosition": [6.11939, 186.833, 93.6851], "timeVisible": 7.96937, "tipPosition": [2.72734, 182.506, 92.1964], "tipVelocity": [8.60543, -1.80952, 4.99131], "tool": false, "touchDistance": 0.369798, "touchZone": "none", "type": 2, "width": 20.4604}, {"bases": [[[-0.22062, -0.94453, -0.24329], [0.655332, 0.0411991, -0.754216], [0.722403, -0.325831, 0.609892]], [[-0.176905, -0.962368, -0.20628], [-0.686137, 0.270848, -0.675172], [0.705635, 0.0220954, -0.708231]], [[-0.176905, -0.962368, -0.20628], [-0.722434, -0.0153715, 0.691269], [-0.668426, 0.271313, -0.692529]], [[-0.176905, -0.962368, -0.20628], [-0.0893305, -0.193021, 0.97712], [-0.980166, 0.191284, -0.0518225]]], "btipPosition": [-6.3216, 167.613, 85.5611], "carpPosition": [-45.8932, 158.654, 75.5417], "dipPosition": [10.4857, 170.893, 84.6725], "direction": [-0.668426, -0.271313, 0.692529], "extended": false, "handId": 38, "id": 383, "length": 59.1299, "mcpPosition": [-1.45504, 178.697, 38.0247], "pipPosition": [27.4797, 177.791, 67.0658], "stabilizedTipPosition": [1.89179, 171.733, 83.857], "timeVisible": 7.96937, "tipPosition": [0.210807, 167.85, 85.4973], "tipVelocity": [5.47502, -1.43786, 5.56939], "tool": false, "touchDistance": 0.333333, "touchZone": "none", "type": 3, "width": 19.4693}, {"bases": [[[-0.240754, -0.96963, -0.0430812], [0.674271, -0.135161, -0.72601], [0.698138, -0.203838, 0.686334]], [[-0.322598, -0.938255, -0.124934], [-0.614936, 0.30809, -0.725902], [0.719572, -0.157348, -0.676356]], [[-0.322598, -0.938255, -0.124934], [-0.765365, 0.18091, 0.617648], [-0.556909, 0.294872, -0.776468]], [[-0.322598, -0.938255, -0.124934], [-0.188044, -0.0658314, 0.979952], [-0.927669, 0.339624, -0.155196]]], "btipPosition": [-1.20689, 152.206, 75.1223], "carpPosition": [-39.6404, 146.158, 75.8628], "dipPosition": [13.4681, 157.579, 72.6672], "direction": [-0.556909, -0.294872, 0.776468], "extended": false, "handId": 38, "id": 384, "length": 46.3568, "mcpPosition": [0.113782, 157.766, 36.7808], "pipPosition": [23.4648, 162.872, 58.7294], "stabilizedTipPosition": [6.31435, 158.936, 75.836], "timeVisible": 7.96937, "tipPosition": [1.88696, 156.196, 74.9083], "tipVelocity": [3.22541, -1.97042, 5.64195], "tool": false, "touchDistance": 0.333333, "touchZone": "none", "type": 4, "width": 17.2942}], "r": [[0.848304, -0.0159496, -0.52927], [0.289136, 0.851329, 0.437766], [0.443601, -0.524389, 0.726797]], "s": 1.06381, "t": [-24.313, 73.7037, 117.526], "timestamp": 554662183883}, {"currentFrameRate": 113.493, "devices": [], "gestures": [], "hands": [{"armBasis": [[-0.223436, -0.799187, -0.558011], [0.838019, 0.134866, -0.528711], [0.497796, -0.585757, 0.6396]], "armWidth": 66.7811, "confidence": 1, "direction": [0.598151, 0.465105, -0.652605], "elbow": [-189.484, -11.4686, 273.158], "grabAngle": 3.14159, "grabStrength": 1, "id": 38, "palmNormal": [0.785536, -0.179136, 0.592321], "palmPosition": [-11.9699, 185.418, 61.2643], "palmVelocity": [5.63103, -1.2188, 1.79934], "palmWidth": 89.3549, "pinchDistance": 27.7169, "pinchStrength": 0.687387, "r": [[0.848209, -0.0156947, -0.529429], [0.288579, 0.851868, 0.437085], [0.444143, -0.523522, 0.727091]], "s": 1.0632, "sphereCenter": [24.2277, 187.174, 71.8876], "sphereRadius": 37.1407, "stabilizedPalmPosition": [-7.2335, 190.109, 61.7332], "t": [24.3683, 73.6841, 117.541], "timeVisible": 7.97801, "type": "left", "wrist": [-57.4947, 143.844, 103.569]}], "id": 36016, "interactionBox": {"center": [0, 200, 0], "size": [235.247, 235.247, 147.751]}, "pointables": [{"bases": [[[0.522071, -0.0978734, -0.847268], [0.712369, 0.596307, 0.370065], [0.469012, -0.796768, 0.381037]], [[0.278258, 0.244099, -0.928972], [0.677757, 0.635423, 0.369976], [0.680601, -0.732566, 0.0113715]], [[0.278258, 0.244099, -0.928972], [0.392441, 0.853865, 0.341913], [0.876677, -0.459706, 0.1418]], [[0.278258, 0.244099, -0.928972], [0.105839, 0.953487, 0.282243], [0.954657, -0.176858, 0.23948]]], "btipPosition": [37.3476, 229.926, 101.387], "carpPosition": [-43.9534, 175.832, 111.525], "dipPosition": [16.8426, 226.127, 106.531], "direction": [0.876677, 0.459706, -0.1418], "extended": false, "handId": 38, "id": 380, "length": 47.8303, "mcpPosition": [-43.9534, 175.832, 111.525], "pipPosition": [-10.59, 211.742, 110.968], "stabilizedTipPosition": [33.8782, 232.345, 104.002], "timeVisible": 7.97801, "tipPosition": [33.2384, 227.262, 100.319], "tipVelocity": [12.3374, -7.49233, -5.32809], "tool": false, "touchDistance": 0.542831, "touchZone": "hovering", "type": 0, "width": 21.8097}, {"bases": [[[-0.256766, -0.776542, -0.575373], [0.69