{"frames": 58, "data": [{"currentFrameRate": 55.3029, "devices": [], "gestures": [], "hands": [{"armBasis": [[0.48318, 0.104676, -0.869241], [0.334928, 0.89521, 0.293978], [0.808926, -0.433177, 0.397488]], "armWidth": 55.2759, "confidence": 1, "direction": [0.722368, 0.380828, -0.577195], "elbow": [-271.324, 44.4575, 255.81], "grabAngle": 3.14159, "grabStrength": 1, "id": 103, "palmNormal": [0.284567, -0.924449, -0.253804], "palmPosition": [-28.6002, 167.711, 130.796], "palmVelocity": [-38.9146, 236.893, -62.1061], "palmWidth": 78.8548, "pinchDistance": 28.1905, "pinchStrength": 0.334955, "r": [[0.758018, -0.275101, 0.591378], [-0.226175, 0.739568, 0.633943], [-0.611763, -0.614296, 0.498385]], "s": 0.546831, "sphereCenter": [-6.78264, 144.607, 118.998], "sphereRadius": 33.8103, "stabilizedPalmPosition": [-26.7499, 156.376, 133.681], "t": [-6.82262, 26.9408, -16.9164], "timeVisible": 2.96461, "type": "left", "wrist": [-82.0435, 145.817, 162.801]}], "id": 38263, "interactionBox": {"center": [0, 200, 0], "size": [235.247, 235.247, 147.751]}, "pointables": [{"bases": [[[0.367175, 0.908845, -0.197946], [-0.0980393, 0.24944, 0.963415], [0.924971, -0.334335, 0.180691]], [[0.0748095, 0.967187, -0.242803], [-0.0833856, 0.2487, 0.964984], [0.993705, -0.0519437, 0.0992546]], [[0.0748095, 0.967187, -0.242803], [-0.297539, 0.254044, 0.920289], [0.951774, 0.00339723, 0.306781]], [[0.0748095, 0.967187, -0.242803], [-0.415619, 0.251571, 0.874056], [0.906457, 0.035526, 0.420801]]], "btipPosition": [35.725, 144.688, 151.092], "carpPosition": [-51.5424, 143.223, 172.142], "dipPosition": [18.221, 145.374, 159.218], "direction": [0.951774, -0.00339723, -0.306781], "extended": true, "handId": 103, "id": 1030, "length": 43.0013, "mcpPosition": [-51.5424, 143.223, 172.142], "pipPosition": [-8.55459, 145.47, 167.848], "stabilizedTipPosition": [32.0792, 135.481, 153.3], "timeVisible": 2.96461, "tipPosition": [30.753, 144.609, 152.229], "tipVelocity": [-24.3095, 326.793, 51.7088], "tool": false, "touchDistance": 1, "touchZone": "none", "type": 0, "width": 17.574}, {"bases": [[[0.500009, 0.08276, -0.862057], [0.160086, 0.969436, 0.185922], [0.851095, -0.230966, 0.471478]], [[0.660275, 0.0348455, -0.750215], [-0.690155, 0.422097, -0.58781], [0.296181, 0.905881, 0.302749]], [[0.660275, 0.0348455, -0.750215], [-0.428986, -0.802427, -0.414827], [-0.616448, 0.595732, -0.514874]], [[0.660275, 0.0348455, -0.750215], [0.0429972, -0.999039, -0.00856027], [-0.749792, -0.0266051, -0.661138]]], "btipPosition": [-12.1719, 133.661, 144.461], "carpPosition": [-54.071, 162.553, 165.665], "dipPosition": [-1.60182, 133.286, 135.141], "direction": [-0.616448, -0.595732, 0.514874], "extended": false, "handId": 103, "id": 1031, "length": 48.5221, "mcpPosition": [0.19289, 177.279, 135.605], "pipPosition": [10.692, 145.167, 124.873], "stabilizedTipPosition": [-8.55934, 123.65, 143.995], "timeVisible": 2.96461, "tipPosition": [-10.3693, 136.197, 141.845], "tipVelocity": [-19.6635, 264.773, 46.0603], "tool": false, "touchDistance": 1, "touchZone": "none", "type": 1, "width": 16.7867}, {"bases": [[[0.575732, -0.115691, -0.809412], [0.260961, 0.964165, 0.0478101], [0.774875, -0.23875, 0.585292]], [[0.621161, -0.129799, -0.772859], [-0.718647, 0.299006, -0.627807], [0.312579, 0.945382, 0.092451]], [[0.621161, -0.129799, -0.772859], [-0.360249, -0.923108, -0.134506], [-0.695974, 0.361972, -0.620159]], [[0.621161, -0.129799, -0.772859], [0.190116, -0.931771, 0.309288], [-0.760273, -0.339051, -0.554103]]], "btipPosition": [-27.986, 138.577, 140.676], "carpPosition": [-59.1509, 164.975, 156.599], "dipPosition": [-16.1978, 133.32, 132.084], "direction": [-0.695974, -0.361972, 0.620159], "extended": false, "handId": 103, "id": 1032, "length": 55.2871, "mcpPosition": [-12.2995, 179.41, 121.21], "pipPosition": [0.131785, 141.812, 117.533], "stabilizedTipPosition": [-24.0443, 126.429, 141.301], "timeVisible": 2.96461, "tipPosition": [-23.6916, 139.105, 134.5], "tipVelocity": [-44.8575, 268.049, 53.9024], "tool": false, "touchDistance": 1, "touchZone": "none", "type": 2, "width": 16.4868}, {"bases": [[[0.662165, -0.221916, -0.715745], [0.325996, 0.945333, 0.00849258], [0.674733, -0.238953, 0.69831]], [[0.677139, -0.227222, -0.699895], [-0.634991, 0.300197, -0.711806], [0.371844, 0.926419, 0.0589915]], [[0.677139, -0.227222, -0.699895], [-0.405051, -0.909164, -0.0967202], [-0.614342, 0.348986, -0.707667]], [[0.677139, -0.227222, -0.699895], [0.128606, -0.89995, 0.416594], [-0.72453, -0.372103, -0.580169]]], "btipPosition": [-39.7781, 141.25, 132.681], "carpPosition": [-64.9032, 164.671, 147.645], "dipPosition": [-28.6086, 135.514, 123.737], "direction": [-0.614342, -0.348986, 0.707667], "extended": false, "handId": 103, "id": 1033, "length": 53.16, "mcpPosition": [-28.2747, 177.643, 109.736], "pipPosition": [-14.5666, 143.49, 107.562], "stabilizedTipPosition": [-35.3467, 129.274, 133.885], "timeVisible": 2.96461, "tipPosition": [-33.905, 140.386, 126.489], "tipVelocity": [-60.2632, 235.869, 31.2807], "tool": false, "touchDistance": 1, "touchZone": "none", "type": 3, "width": 15.6882}, {"bases": [[[0.67278, -0.401206, -0.621611], [0.48334, 0.874459, -0.0412748], [0.560133, -0.27268, 0.782238]], [[0.600887, -0.365678, -0.710784], [-0.60086, 0.379807, -0.703359], [0.527163, 0.849721, 0.0085001]], [[0.600887, -0.365678, -0.710784], [-0.581088, -0.810442, -0.0742953], [-0.548882, 0.457671, -0.699475]], [[0.600887, -0.365678, -0.710784], [-0.0359138, -0.900674, 0.433009], [-0.798527, -0.234663, -0.554336]]], "btipPosition": [-47.7021, 142.971, 118.793], "carpPosition": [-71.0152, 158.108, 139.177], "dipPosition": [-36.3454, 139.634, 110.909], "direction": [-0.548882, -0.457671, 0.699475], "extended": false, "handId": 103, "id": 1034, "length": 41.6764, "mcpPosition": [-42.8675, 171.81, 99.8686], "pipPosition": [-27.4875, 147.02, 99.6206], "stabilizedTipPosition": [-43.9069, 131.53, 119.826], "timeVisible": 2.96461, "tipPosition": [-41.0047, 144.109, 112.878], "tipVelocity": [-48.6909, 184.668, 37.8856], "tool": false, "touchDistance": 0.782987, "touchZone": "none", "type": 4, "width": 13.9355}], "r": [[0.758018, -0.275101, 0.591378], [-0.226175, 0.739568, 0.633943], [-0.611763, -0.614296, 0.498385]], "s": 0.546831, "t": [6.82262, 26.9408, -16.9164], "timestamp": 629889634498}, {"currentFrameRate": 55.2995, "devices": [], "gestures": [], "hands": [{"armBasis": [[0.480637, 0.105035, -0.870607], [0.348322, 0.888254, 0.299462], [0.804774, -0.447184, 0.390341]], "armWidth": 55.2759, "confidence": 1, "direction": [0.724994, 0.367506, -0.582514], "elbow": [-270.953, 46.7174, 253.024], "grabAngle": 3.14159, "grabStrength": 1, "id": 103, "palmNormal": [0.276838, -0.929911, -0.242127], "palmPosition": [-29.1046, 172.65, 129.484], "palmVelocity": [-27.8778, 272.925, -72.4859], "palmWidth": 78.8548, "pinchDistance": 28.5495, "pinchStrength": 0.344037, "r": [[0.75693, -0.271478, 0.594438], [-0.224265, 0.746475, 0.626482], [-0.613809, -0.607515, 0.504146]], "s": 0.550477, "sphereCenter": [-7.50687, 149.196, 117.914], "sphereRadius": 33.7574, "stabilizedPalmPosition": [-27.7454, 163.256, 131.907], "t": [-7.42795, 31.3053, -17.9948], "timeVisible": 2.9827, "type": "left", "wrist": [-82.6434, 151.354, 161.688]}], "id": 38264, "interactionBox": {"center": [0, 200, 0], "size": [235.247, 235.247, 147.751]}, "pointables": [{"bases": [[[0.359921, 0.909196, -0.209331], [-0.100814, 0.260954, 0.960073], [0.92752, -0.324447, 0.185583]], [[0.0728189, 0.964336, -0.254466], [-0.0912722, 0.260516, 0.961146], [0.99316, -0.0467639, 0.106988]], [[0.0728189, 0.964336, -0.254466], [-0.296076, 0.264543, 0.917799], [0.952385, 0.00850811, 0.30478]], [[0.0728189, 0.964336, -0.254466], [-0.412035, 0.26144, 0.872855], [0.908254, 0.0412884, 0.416378]]], "btipPosition": [35.0824, 149.867, 149.913], "carpPosition": [-52.2133, 148.881, 171.156], "dipPosition": [17.5438, 150.664, 157.954], "direction": [0.952385, -0.00850811, -0.30478], "extended": true, "handId": 103, "id": 1030, "length": 43.0013, "mcpPosition": [-52.2133, 148.881, 171.156], "pipPosition": [-9.24901, 150.904, 166.528], "stabilizedTipPosition": [31.505, 143.598, 152.444], "timeVisible": 2.9827, "tipPosition": [30.1063, 149.364, 151.19], "tipVelocity": [-35.9502, 287.615, -66.2197], "tool": false, "touchDistance": 1, "touchZone": "none", "type": 0, "width": 17.574}, {"bases": [[[0.499989, 0.0757806, -0.86271], [0.152048, 0.97301, 0.17359], [0.85258, -0.217966, 0.474972]], [[0.662948, 0.0298632, -0.748069], [-0.685651, 0.425463, -0.590647], [0.300638, 0.904483, 0.302536]], [[0.662948, 0.0298632, -0.748069], [-0.434072, -0.798782, -0.416568], [-0.609984, 0.600879, -0.516588]], [[0.662948, 0.0298632, -0.748069], [0.0387366, -0.999234, -0.00556096], [-0.747662, -0.0252911, -0.663597]]], "btipPosition": [-12.2788, 138.354, 143.084], "carpPosition": [-54.5895, 168.146, 164.434], "dipPosition": [-1.73877, 137.998, 133.729], "direction": [-0.609984, -0.600879, 0.516588], "extended": false, "handId": 103, "id": 1031, "length": 48.5221, "mcpPosition": [-0.230934, 182.044, 134.151], "pipPosition": [10.4262, 149.981, 123.426], "stabilizedTipPosition": [-9.10413, 129.8, 142.707], "timeVisible": 2.9827, "tipPosition": [-11.0526, 140.975, 140.925], "tipVelocity": [-6.29083, 259.584, -76.5729], "tool": false, "touchDistance": 1, "touchZone": "none", "type": 1, "width": 16.7867}, {"bases": [[[0.577283, -0.121356, -0.807475], [0.253069, 0.966792, 0.0356251], [0.776338, -0.224913, 0.588824]], [[0.622797, -0.134625, -0.770714], [-0.720568, 0.285075, -0.632071], [0.304804, 0.949004, 0.0805377]], [[0.622797, -0.134625, -0.770714], [-0.350844, -0.928543, -0.121315], [-0.699309, 0.345955, -0.625526]], [[0.622797, -0.134625, -0.770714], [0.199374, -0.925255, 0.322729], [-0.756554, -0.354655, -0.549405]]], "btipPosition": [-28.7331, 143.732, 139.731], "carpPosition": [-59.6566, 170.493, 155.341], "dipPosition": [-17.0025, 138.233, 131.212], "direction": [-0.699309, -0.345955, 0.625526], "extended": false, "handId": 103, "id": 1032, "length": 55.2871, "mcpPosition": [-12.7168, 184.092, 119.738], "pipPosition": [-0.594662, 146.35, 116.535], "stabilizedTipPosition": [-24.7889, 132.428, 139.981], "timeVisible": 2.9827, "tipPosition": [-24.4352, 144.045, 133.575], "tipVelocity": [-42.0171, 281.83, -51.2912], "tool": false, "touchDistance": 1, "touchZone": "none", "type": 2, "width": 16.4868}, {"bases": [[[0.664505, -0.225665, -0.712397], [0.318286, 0.947989, -0.00340417], [0.676112, -0.224484, 0.701769]], [[0.68529, -0.232564, -0.690139], [-0.63088, 0.283842, -0.722097], [0.363824, 0.930241, 0.0477947]], [[0.68529, -0.232564, -0.690139], [-0.39578, -0.914417, -0.0848582], [-0.611339, 0.331295, -0.718685]], [[0.68529, -0.232564, -0.690139], [0.134354, -0.891003, 0.433662], [-0.71577, -0.389907, -0.57935]]], "btipPosition": [-40.3101, 146.453, 131.895], "carpPosition": [-65.418, 170.122, 146.395], "dipPosition": [-29.2757, 140.442, 122.964], "direction": [-0.611339, -0.331295, 0.718685], "extended": false, "handId": 103, "id": 1033, "length": 53.16, "mcpPosition": [-28.7148, 182.308, 108.299], "pipPosition": [-15.3023, 148.015, 106.537], "stabilizedTipPosition": [-36.2116, 134.907, 132.443], "timeVisible": 2.9827, "tipPosition": [-34.6907, 145.312, 125.608], "tipVelocity": [-31.117, 284.046, -43.2452], "tool": false, "touchDistance": 0.997351, "touchZone": "none", "type": 3, "width": 15.6882}, {"bases": [[[0.676505, -0.403642, -0.615966], [0.47624, 0.877767, -0.0521533], [0.561726, -0.258066, 0.786045]], [[0.604395, -0.369846, -0.705635], [-0.603384, 0.365859, -0.708572], [0.520225, 0.854027, -0.002036]], [[0.604395, -0.369846, -0.705635], [-0.575707, -0.814993, -0.0659442], [-0.550698, 0.446095, -0.7055]], [[0.604395, -0.369846, -0.705635], [-0.0298336, -0.8956, 0.443859], [-0.796126, -0.247214, -0.55233]]], "btipPosition": [-48.3943, 147.869, 117.817], "carpPosition": [-71.5898, 163.5, 138.017], "dipPosition": [-37.0718, 144.353, 109.961], "direction": [-0.550698, -0.446095, 0.7055], "extended": false, "handId": 103, "id": 1034, "length": 41.6764, "mcpPosition": [-43.3621, 176.469, 98.5165], "pipPosition": [-28.1846, 151.552, 98.5759], "stabilizedTipPosition": [-44.5046, 136.459, 118.615], "timeVisible": 2.9827, "tipPosition": [-41.7276, 148.916, 111.892], "tipVelocity": [-38.6903, 268.406, -53.5718], "tool": false, "touchDistance": 0.766831, "touchZone": "none", "type": 4, "width": 13.9355}], "r": [[0.75693, -0.271478, 0.594438], [-0.224265, 0.746475, 0.626482], [-0.613809, -0.607515, 0.504146]], "s": 0.550477, "t": [7.42795, 31.3053, -17.9948], "timestamp": 629889652593}, {"currentFrameRate": 55.316, "devices": [], "gestures": [], "hands": [{"armBasis": [[0.474949, 0.100014, -0.874311], [0.370469, 0.878468, 0.301738], [0.798233, -0.467216, 0.380176]], "armWidth": 55.2759, "confidence": 1, "direction": [0.728796, 0.363415, -0.580333], "elbow": [-269.841, 47.7725, 249.067], "grabAngle": 3.14159, "grabStrength": 1, "id": 103, "palmNormal": [0.28098, -0.931614, -0.230532], "palmPosition": [-29.3857, 178.412, 128.195], "palmVelocity": [-15.6005, 319.758, -71.5249], "palmWidth": 78.8548, "pinchDistance": 28.8652, "pinchStrength": 0.366654, "r": [[0.756897, -0.267729, 0.596179], [-0.221354, 0.753296, 0.619313], [-0.614906, -0.600722, 0.510904]], "s": 0.554611, "sphereCenter": [-8.08658, 154.729, 116.429], "sphereRadius": 33.7128, "stabilizedPalmPosition": [-28.6951, 172.031, 129.758], "t": [-7.87119, 36.3687, -19.1784], "timeVisible": 3.00072, "type": "left", "wrist": [-83.0619, 157.097, 160.11]}], "id": 38265, "interactionBox": {"center": [0, 200, 0], "size": [235.247, 235.247, 147.751]}, "pointables": [{"bases": [[[0.360371, 0.906167, -0.221347], [-0.0924525, 0.27082, 0.95818], [0.928216, -0.324836, 0.181373]], [[0.078203, 0.961304, -0.264157], [-0.0938001, 0.270888, 0.95803], [0.992515, -0.0501428, 0.111355]], [[0.078203, 0.961304, -0.264157], [-0.288471, 0.275453, 0.917012], [0.95429, 0.00448852, 0.298849]], [[0.078203, 0.961304, -0.264157], [-0.413958, 0.272358, 0.868597], [0.906931, 0.041423, 0.419238]]], "btipPosition": [34.5225, 156.249, 148.597], "carpPosition": [-52.7734, 155.006, 169.917], "dipPosition": [17.0094, 157.049, 156.693], "direction": [0.95429, -0.00448852, -0.298849], "extended": true, "handId": 103, "id": 1030, "length": 43.0013, "mcpPosition": [-52.7734, 155.006, 169.917], "pipPosition": [-9.83701, 157.175, 165.1], "stabilizedTipPosition": [30.7818, 152.784, 151.023], "timeVisible": 3.00072, "tipPosition": [29.7426, 155.537, 150.602], "tipVelocity": [-30.7462, 354.17, -72.3487], "tool": false, "touchDistance": 1, "touchZone": "none", "type": 0, "width": 17.574}, {"bases": [[[0.493195, 0.065897, -0.86742], [0.155744, 0.974328, 0.162571], [0.855864, -0.215274, 0.47027]], [[0.660065, 0.0197895, -0.750948], [-0.679355, 0.442372, -0.585478], [0.320612, 0.896613, 0.305438]], [[0.660065, 0.0197895, -0.750948], [-0.455685, -0.784182, -0.421201], [-0.597215, 0.620216, -0.508593]], [[0.660065, 0.0197895, -0.750948], [0.0210009, -0.999748, -0.00788685], [-0.750915, -0.0105647, -0.660314]]], "btipPosition": [-11.704, 143.919, 141.623], "carpPosition": [-55.1409, 174.197, 162.982], "dipPosition": [-1.11806, 143.77, 132.315], "direction": [-0.597215, -0.620216, 0.508593], "extended": false, "handId": 103, "id": 1031, "length": 48.5221, "mcpPosition": [-0.572935, 187.923, 132.999], "pipPosition": [10.7922, 156.139, 122.172], "stabilizedTipPosition": [-9.19691, 137.717, 140.894], "timeVisible": 3.00072, "tipPosition": [-11.202, 146.682, 140.054], "tipVelocity": [32.4845, 311.458, -80.4414], "tool": false, "touchDistance": 1, "touchZone": "none", "type": 1, "width": 16.7867}, {"bases": [[[0.570465, -0.130864, -0.810829], [0.255634, 0.966479, 0.0238682], [0.780526, -0.220892, 0.584796]], [[0.616242, -0.143874, -0.774303], [-0.724965, 0.28048, -0.629092], [0.307687, 0.949016, 0.0685401]], [[0.616242, -0.143874, -0.774303], [-0.35341, -0.929141, -0.108623], [-0.703809, 0.340584, -0.623422]], [[0.616242, -0.143874, -0.774303], [0.201043, -0.92186, 0.331295], [-0.761464, -0.359826, -0.539164]]], "btipPosition": [-29.0303, 149.642, 138.728], "carpPosition": [-60.14, 176.44, 153.826], "dipPosition": [-17.2236, 144.063, 130.368], "direction": [-0.703809, -0.340584, 0.623422], "extended": false, "handId": 103, "id": 1032, "length": 55.2871, "mcpPosition": [-12.947, 189.796, 118.467], "pipPosition": [-0.710199, 152.054, 115.741], "stabilizedTipPosition": [-25.6138, 141.04, 138.264], "timeVisible": 3.00072, "tipPosition": [-24.6859, 149.858, 132.621], "tipVelocity": [-15.5226, 326.914, -53.599], "tool": false, "touchDistance": 1, "touchZone": "none", "type": 2, "width": 16.4868}, {"bases": [[[0.658204, -0.234426, -0.715411], [0.32049, 0.947125, -0.015493], [0.681216, -0.219084, 0.698532]], [[0.668085, -0.237602, -0.705129], [-0.647174, 0.282093, -0.70823], [0.367189, 0.929499, 0.034692]], [[0.668085, -0.237602, -0.705129], [-0.399615, -0.913956, -0.0706528], [-0.62767, 0.328983, -0.70555]], [[0.668085, -0.237602, -0.705129], [0.144333, -0.888267, 0.436063], [-0.729952, -0.3931, -0.559144]]], "btipPosition": [-40.9112, 152.133, 130.385], "carpPosition": [-65.8283, 175.965, 144.838], "dipPosition": [-29.6581, 146.073, 121.766], "direction": [-0.62767, -0.328983, 0.70555], "extended": false, "handId": 103, "id": 1033, "length": 53.16, "mcpPosition": [-28.8479, 187.858, 106.918], "pipPosition": [-15.3115, 153.592, 105.639], "stabilizedTipPosition": [-37.2812, 142.927, 130.396], "timeVisible": 3.00072, "tipPosition": [-34.9863, 151.014, 124.673], "tipVelocity": [-30.5628, 314.539, -79.8069], "tool": false, "touchDistance": 0.973381, "touchZone": "none", "type": 3, "width": 15.6882}, {"bases": [[[0.67056, -0.411456, -0.617295], [0.477879, 0.876032, -0.0648019], [0.567433, -0.251539, 0.784059]], [[0.597809, -0.378385, -0.706717], [-0.608211, 0.360205, -0.707341], [0.52221, 0.852688, -0.0148037]], [[0.597809, -0.378385, -0.706717], [-0.578621, -0.813825, -0.0537217], [-0.554817, 0.441037, -0.705454]], [[0.597809, -0.378385, -0.706717], [-0.0280353, -0.89092, 0.453294], [-0.801148, -0.251171, -0.543208]]], "btipPosition": [-48.5143, 153.463, 116.619], "carpPosition": [-71.9166, 169.245, 136.477], "dipPosition": [-37.1203, 149.891, 108.894], "direction": [-0.554817, -0.441037, 0.705454], "extended": false, "handId": 103, "id": 1034, "length": 41.6764, "mcpPosition": [-43.4021, 181.885, 97.0771], "pipPosition": [-28.1667, 157.008, 97.509], "stabilizedTipPosition": [-45.163, 144.129, 116.827], "timeVisible": 3.00072, "tipPosition": [-41.8133, 154.47, 110.745], "tipVelocity": [-5.74437, 309.669, -64.787], "tool": false, "touchDistance": 0.747372, "touchZone": "none", "type": 4, "width": 13.9355}], "r": [[0.756897, -0.267729, 0.596179], [-0.221354, 0.753296, 0.619313], [-0.614906, -0.600722, 0.510904]], "s": 0.554611, "t": [7.87119, 36.3687, -19.1784], "timestamp": 629889670614}, {"currentFrameRate": 55.3141, "devices": [], "gestures": [], "hands": [{"armBasis": [[0.451719, 0.0445352, -0.891048], [0.423661, 0.86825, 0.258172], [0.78515, -0.494124, 0.373337]], "armWidth": 55.2759, "confidence": 1, "direction": [0.72564, 0.339458, -0.59851], "elbow": [-266.931, 48.2808, 246.281], "grabAngle": 3.14159, "grabStrength": 1, "id": 103, "palmNormal": [0.306645, -0.93822, -0.160353], "palmPosition": [-29.7568, 184.598, 126.313], "palmVelocity": [-20.5178, 342.018, -104.069], "palmWidth": 78.8548, "pinchDistance": 29.2158, "pinchStrength": 0.416525, "r": [[0.756639, -0.259966, 0.59993], [-0.21399, 0.768563, 0.602926], [-0.617824, -0.584576, 0.525894]], "s": 0.560599, "sphereCenter": [-9.06709, 160.074, 114.69], "sphereRadius": 33.8326, "stabilizedPalmPosition": [-29.455, 181.025, 127.292], "t": [-8.27833, 41.9931, -20.7113], "timeVisible": 3.01881, "type": "left", "wrist": [-83.2132, 163.901, 158.923]}], "id": 38266, "interactionBox": {"center": [0, 200, 0], "size": [235.247, 235.247, 147.751]}, "pointables": [{"bases": [[[0.380539, 0.878379, -0.289208], [-0.0753988, 0.341165, 0.936974], [0.921686, -0.334749, 0.196055]], [[0.0960958, 0.937762, -0.333719], [-0.0925009, 0.342233, 0.935051], [0.991065, -0.0589852, 0.119631]], [[0.0960958, 0.937762, -0.333719], [-0.289084, 0.347113, 0.892156], [0.952468, 0.0107405, 0.304448]], [[0.0960958, 0.937762, -0.333719], [-0.442267, 0.340584, 0.8297], [0.89172, 0.0678623, 0.44747]]], "btipPosition": [33.8918, 164.591, 147.022], "carpPosition": [-52.9964, 163.652, 169.403], "dipPosition": [16.6724, 165.901, 155.663], "direction": [0.952468, -0.0107405, -0.304448], "extended": true, "handId": 103, "id": 1030, "length": 43.0013, "mcpPosition": [-52.9964, 163.652, 169.403], "pipPosition": [-10.1228, 166.204, 164.228], "stabilizedTipPosition": [30.0042, 163.854, 149.182], "timeVisible": 3.01881, "tipPosition": [29.7114, 164.915, 150.619], "tipVelocity": [-31.1391, 467.755, -80.1408], "tool": false, "touchDistance": 1, "touchZone": "none", "type": 0, "width": 17.574}, {"bases": [[[0.485386, -0.0092221, -0.874251], [0.181797, 0.979153, 0.0906052], [0.85519, -0.202915, 0.476944]], [[0.65604, -0.052134, -0.752923], [-0.660961, 0.441901, -0.606509], [0.364338, 0.895547, 0.255447]], [[0.65604, -0.052134, -0.752923], [-0.500196, -0.777084, -0.382026], [-0.565168, 0.627234, -0.535876]], [[0.65604, -0.052134, -0.752923], [-0.0335456, -0.99864, 0.0399188], [-0.75398, -0.000931093, -0.656896]]], "btipPosition": [-10.2291, 150.925, 141.567], "carpPosition": [-55.7689, 182.229, 161.084], "dipPosition": [0.400061, 150.912, 132.307], "direction": [-0.565168, -0.627234, 0.535876], "extended": false, "handId": 103, "id": 1031, "length": 48.5221, "mcpPosition": [-1.24394, 195.166, 130.675], "pipPosition": [11.6712, 163.421, 121.62], "stabilizedTipPosition": [-8.09999, 147.971, 139.763], "timeVisible": 3.01881, "tipPosition": [-10.6243, 153.968, 140.481], "tipVelocity": [82.1038, 389.093, -2.48703], "tool": false, "touchDistance": 1, "touchZone": "none", "type": 1, "width": 16.7867}, {"bases": [[[0.558311, -0.203338, -0.804327], [0.279971, 0.958805, -0.0480525], [0.780964, -0.19836, 0.59224]], [[0.604136, -0.214866, -0.767367], [-0.724407, 0.253168, -0.641203], [0.332046, 0.943259, -0.00270244]], [[0.604136, -0.214866, -0.767367], [-0.374674, -0.926474, -0.0355584], [-0.703305, 0.308995, -0.640222]], [[0.604136, -0.214866, -0.767367], [0.185613, -0.898534, 0.397724], [-0.774963, -0.382712, -0.502955]]], "btipPosition": [-28.817, 156.844, 138.864], "carpPosition": [-60.7244, 183.68, 151.745], "dipPosition": [-16.8009, 150.91, 131.065], "direction": [-0.703305, -0.308995, 0.640222], "extended": false, "handId": 103, "id": 1032, "length": 55.2871, "mcpPosition": [-13.5049, 195.673, 115.937], "pipPosition": [-0.299364, 158.16, 116.044], "stabilizedTipPosition": [-25.9446, 151.908, 137.366], "timeVisible": 3.01881, "tipPosition": [-24.4087, 156.554, 132.868], "tipVelocity": [14.4582, 393.716, 14.6414], "tool": false, "touchDistance": 1, "touchZone": "none", "type": 2, "width": 16.4868}, {"bases": [[[0.644447, -0.302008, -0.702481], [0.343897, 0.935015, -0.0864915], [0.682952, -0.185842, 0.706427]], [[0.602334, -0.290321, -0.743577], [-0.694236, 0.269248, -0.66749], [0.393993, 0.91827, -0.0393738]], [[0.602334, -0.290321, -0.743577], [-0.426408, -0.904498, 0.007739], [-0.674811, 0.312406, -0.668605]], [[0.602334, -0.290321, -0.743577], [0.158332, -0.869556, 0.467764], [-0.782384, -0.399482, -0.477797]]], "btipPosition": [-42.1889, 157.669, 128.516], "carpPosition": [-66.3026, 182.415, 142.765], "dipPosition": [-30.1275, 151.51, 121.15], "direction": [-0.674811, -0.312406, 0.668605], "extended": false, "handId": 103, "id": 1033, "length": 53.16, "mcpPosition": [-29.228, 192.503, 104.416], "pipPosition": [-14.7034, 158.651, 105.868], "stabilizedTipPosition": [-38.6258, 151.325, 128.144], "timeVisible": 3.01881, "tipPosition": [-35.264, 156.799, 125], "tipVelocity": [-60.3712, 304.872, -87.4224], "tool": false, "touchDistance": 0.94703, "touchZone": "none", "type": 3, "width": 15.6882}, {"bases": [[[0.65342, -0.4718, -0.591986], [0.498923, 0.856543, -0.131947], [0.569314, -0.209139, 0.795074]], [[0.580567, -0.44337, -0.682909], [-0.606538, 0.324043, -0.726022], [0.543188, 0.835715, -0.0807924]], [[0.580567, -0.44337, -0.682909], [-0.59707, -0.802082, 0.0131501], [-0.553579, 0.40011, -0.730385]], [[0.580567, -0.44337, -0.682909], [-0.0421797, -0.853987, 0.518582], [-0.813119, -0.272266, -0.514498]]], "btipPosition": [-48.1726, 158.5, 116.364], "carpPosition": [-72.1312, 174.957, 134.857], "dipPosition": [-36.6083, 154.628, 109.047], "direction": [-0.553579, -0.40011, 0.730385], "extended": false, "handId": 103, "id": 1034, "length": 41.6764, "mcpPosition": [-43.5221, 185.467, 94.9027], "pipPosition": [-27.6747, 161.085, 97.2598], "stabilizedTipPosition": [-45.3722, 152.19, 115.544], "timeVisible": 3.01881, "tipPosition": [-41.4224, 159.143, 110.551], "tipVelocity": [21.0602, 274.736, -8.91746], "tool": false, "touchDistance": 0.744684, "touchZone": "none", "type": 4, "width": 13.9355}], "r": [[0.756639, -0.259966, 0.59993], [-0.21399, 0.768563, 0.602926], [-0.617824, -0.584576, 0.525894]], "s": 0.560599, "t": [8.27833, 41.9931, -20.7113], "timestamp": 629889688699}, {"currentFrameRate": 55.3246, "devices": [], "gestures": [], "hands": [{"armBasis": [[0.430709, -0.0183739, -0.902304], [0.488687, 0.845283, 0.216059], [0.758732, -0.534003, 0.37305]], "armWidth": 55.2759, "confidence": 1, "direction": [0.710119, 0.367985, -0.600265], "elbow": [-260.95, 44.1774, 244.03], "grabAngle": 3.14159, "grabStrength": 1, "id": 103, "palmNormal": [0.376242, -0.918944, -0.118249], "palmPosition": [-30.9511, 192.376, 124.227], "palmVelocity": [-66.205, 431.222, -115.603], "palmWidth": 78.8548, "pinchDistance": 29.1408, "pinchStrength": 0.432562, "r": [[0.754668, -0.259893, 0.602439], [-0.19481, 0.788035, 0.583995], [-0.626519, -0.558084, 0.544074]], "s": 0.563082, "sphereCenter": [-8.66191, 168.825, 113.464], "sphereRadius": 33.815, "stabilizedPalmPosition": [-30.7833, 191.104, 124.571], "t": [-9.07904, 48.6947, -22.5204], "timeVisible": 3.03684, "type": "left", "wrist": [-83.4136, 169.129, 156.74]}], "id": 38267, "interactionBox": {"center": [0, 200, 0], "size": [235.247, 235.247, 147.751]}, "pointables": [{"bases": [[[0.43743, 0.836645, -0.329667], [-0.033557, 0.381533, 0.923746], [0.898626, -0.393012, 0.194969]], [[0.146851, 0.916117, -0.373047], [-0.0578036, 0.38444, 0.921339], [0.987468, -0.113736, 0.10941]], [[0.146851, 0.916117, -0.373047], [-0.258173, 0.399562, 0.8796], [0.954872, -0.0328596, 0.295193]], [[0.146851, 0.916117, -0.373047], [-0.424275, 0.399019, 0.812881], [0.893547, 0.0389021, 0.447282]]], "btipPosition": [33.4308, 176.565, 146.077], "carpPosition": [-53.4046, 171.472, 167.752], "dipPosition": [16.1761, 177.316, 154.714], "direction": [0.954872, 0.0328596, -0.295193], "extended": true, "handId": 103, "id": 1030, "length": 43.0013, "mcpPosition": [-53.4046, 171.472, 167.752], "pipPosition": [-10.6866, 176.392, 163.019], "stabilizedTipPosition": [29.4932, 176.002, 148.128], "timeVisible": 3.03684, "tipPosition": [29.3376, 177.909, 150.031], "tipVelocity": [-26.0035, 656.651, -52.424], "tool": false, "touchDistance": 1, "touchZone": "none", "type": 0, "width": 17.574}, {"bases": [[[0.467445, -0.0780751, -0.880568], [0.253413, 0.966123, 0.0488624], [0.846922, -0.245988, 0.471395]], [[0.626351, -0.125379, -0.769393], [-0.646267, 0.468401, -0.602445], [0.435918, 0.874575, 0.212355]], [[0.626351, -0.125379, -0.769393], [-0.571075, -0.745622, -0.343398], [-0.530621, 0.654468, -0.538621]], [[0.626351, -0.125379, -0.769393], [-0.100551, -0.99173, 0.0797534], [-0.773029, 0.0274095, -0.633778]]], "btipPosition": [-9.3843, 160.707, 140.754], "carpPosition": [-57.3548, 189.464, 158.66], "dipPosition": [1.51336, 161.094, 131.819], "direction": [-0.530621, -0.654468, 0.538621], "extended": false, "handId": 103, "id": 1031, "length": 48.5221, "mcpPosition": [-3.35701, 205.148, 128.605], "pipPosition": [12.0955, 174.146, 121.078], "stabilizedTipPosition": [-6.94268, 160.116, 138.756], "timeVisible": 3.03684, "tipPosition": [-9.85777, 163.719, 139.866], "tipVelocity": [50.2535, 547.387, -40.9315], "tool": false, "touchDistance": 1, "touchZone": "none", "type": 1, "width": 16.7867}, {"bases": [[[0.527474, -0.27414, -0.804126], [0.347325, 0.93338, -0.090374], [0.77533, -0.231623, 0.587549]], [[0.573017, -0.287536, -0.767447], [-0.715877, 0.280254, -0.639513], [0.398963, 0.91585, -0.0452499]], [[0.573017, -0.287536, -0.767447], [-0.437158, -0.899323, 0.0105396], [-0.693213, 0.329456, -0.641026]], [[0.573017, -0.287536, -0.767447], [0.132868, -0.89145, 0.433202], [-0.808701, -0.350201, -0.472611]]], "btipPosition": [-28.289, 165.472, 137.839], "carpPosition": [-62.2308, 190.191, 149.196], "dipPosition": [-15.7499, 160.042, 130.511], "direction": [-0.693213, -0.329456, 0.641026], "extended": false, "handId": 103, "id": 1032, "length": 55.2871, "mcpPosition": [-15.3519, 204.196, 113.671], "pipPosition": [0.514937, 167.772, 115.471], "stabilizedTipPosition": [-25.4434, 163.346, 136.24], "timeVisible": 3.03684, "tipPosition": [-23.7405, 165.057, 132.026], "tipVelocity": [35.938, 484.745, -50.8088], "tool": false, "touchDistance": 1, "touchZone": "none", "type": 2, "width": 16.4868}, {"bases": [[[0.608127, -0.374814, -0.699783], [0.408662, 0.903549, -0.128818], [0.680571, -0.207636, 0.702645]], [[0.566223, -0.361689, -0.740657], [-0.685111, 0.293077, -0.666879], [0.458272, 0.885035, -0.0818502]], [[0.566223, -0.361689, -0.740657], [-0.489503, -0.870516, 0.0508846], [-0.663158, 0.333742, -0.669954]], [[0.566223, -0.361689, -0.740657], [0.106929, -0.858754, 0.501106], [-0.817287, -0.362935, -0.447572]]], "btipPosition": [-41.4564, 164.791, 127.276], "carpPosition": [-67.5388, 188.18, 140.189], "dipPosition": [-28.857, 159.196, 120.376], "direction": [-0.663158, -0.333742, 0.669954], "extended": false, "handId": 103, "id": 1033, "length": 53.16, "mcpPosition": [-30.5935, 199.451, 102.045], "pipPosition": [-13.6992, 166.824, 105.063], "stabilizedTipPosition": [-38.5707, 161.293, 126.134], "timeVisible": 3.03684, "tipPosition": [-34.4362, 164.218, 123.942], "tipVelocity": [47.4659, 402.007, -62.8181], "tool": false, "touchDistance": 0.928144, "touchZone": "none", "type": 3, "width": 15.6882}, {"bases": [[[0.606871, -0.540432, -0.582787], [0.556783, 0.812335, -0.173505], [0.567186, -0.219191, 0.793886]], [[0.534607, -0.510306, -0.673634], [-0.59478, 0.339066, -0.728884], [0.60036, 0.79033, -0.122252]], [[0.534607, -0.510306, -0.673634], [-0.652978, -0.755445, 0.0540673], [-0.536484, 0.410963, -0.737085]], [[0.534607, -0.510306, -0.673634], [-0.0927711, -0.827725, 0.553412], [-0.839993, -0.233364, -0.489849]]], "btipPosition": [-47.2571, 164.664, 115.028], "carpPosition": [-72.6705, 180.02, 132.494], "dipPosition": [-35.3107, 161.345, 108.061], "direction": [-0.536484, -0.410963, 0.737085], "extended": false, "handId": 103, "id": 1034, "length": 41.6764, "mcpPosition": [-44.1684, 191.035, 92.5994], "pipPosition": [-26.6529, 167.977, 96.1661], "stabilizedTipPosition": [-44.723, 161.002, 113.95], "timeVisible": 3.03684, "tipPosition": [-40.4694, 165.553, 109.314], "tipVelocity": [55.6198, 348.729, -69.6037], "tool": false, "touchDistance": 0.723758, "touchZone": "none", "type": 4, "width": 13.9355}], "r": [[0.754668, -0.259893, 0.602439], [-0.19481, 0.788035, 0.583995], [-0.626519, -0.558084, 0.544074]], "s": 0.563082, "t": [9.07904, 48.6947, -22.5204], "timestamp": 629889706738}, {"currentFrameRate": 55.299, "devices": [], "gestures": [], "hands": [{"armBasis": [[0.404463, -0.0694217, -0.911916], [0.552483, 0.813155, 0.18314], [0.728815, -0.577892, 0.367245]], "armWidth": 55.2759, "confidence": 1, "direction": [0.682084, 0.42969, -0.591715], "elbow": [-254.147, 38.5107, 240.186], "grabAngle": 3.14159, "grabStrength": 1, "id": 103, "palmNormal": [0.464155, -0.879657, -0.103745], "palmPosition": [-32.8896, 201.414, 122.396], "palmVelocity": [-106.676, 497.321, -100.805], "palmWidth": 78.8548, "pinchDistance": 28.536, "pinchStrength": 0.424269, "r": [[0.750009, -0.273087, 0.60242], [-0.161982, 0.807218, 0.567592], [-0.641287, -0.52328, 0.561186]], "s": 0.562458, "sphereCenter": [-8.91337, 179.438, 110.977], "sphereRadius": 34.0759, "stabilizedPalmPosition": [-32.7838, 200.896, 122.505], "t": [-10.4487, 56.5642, -24.3409], "timeVisible": 3.05502, "type": "left", "wrist": [-83.6108, 173.732, 154.254]}], "id": 38268, "interactionBox": {"center": [0, 200, 0], "size": [235.247, 235.247, 147.751]}, "pointables": [{"bases": [[[0.509445, 0.788593, -0.344364], [0.0189928, 0.389787, 0.920709], [0.860294, -0.475591, 0.183597]], [[0.209486, 0.898884, -0.384869], [-0.0091362, 0.395384, 0.91847], [0.977769, -0.188891, 0.0910399]], [[0.209486, 0.898884, -0.384869], [-0.207142, 0.425465, 0.880949], [0.955619, -0.104824, 0.275325]], [[0.209486, 0.898884, -0.384869], [-0.38172, 0.437549, 0.81415], [0.900225, -0.0236411, 0.434782]]], "btipPosition": [32.5678, 190.358, 145.649], "carpPosition": [-53.9981, 178.781, 165.729], "dipPosition": [15.1841, 189.902, 154.045], "direction": [0.955619, 0.104824, -0.275325], "extended": true, "handId": 103, "id": 1030, "length": 43.0013, "mcpPosition": [-53.9981, 178.781, 165.729], "pipPosition": [-11.6996, 186.953, 161.79], "stabilizedTipPosition": [28.6025, 189.744, 147.6], "timeVisible": 3.05502, "tipPosition": [28.0984, 192.698, 149.153], "tipVelocity": [-49.1253, 743.742, -26.6209], "tool": false, "touchDistance": 1, "touchZone": "none", "type": 0, "width": 17.574}, {"bases": [[[0.44254, -0.128844, -0.887445], [0.345201, 0.937839, 0.0359794], [0.827644, -0.322269, 0.459508]], [[0.572585, -0.180073, -0.799825], [-0.633564, 0.521982, -0.571079], [0.520331, 0.833732, 0.184791]], [[0.572585, -0.180073, -0.799825], [-0.639992, -0.707912, -0.298782], [-0.512404, 0.68296, -0.520585]], [[0.572585, -0.180073, -0.799825], [-0.158811, -0.981464, 0.107276], [-0.804317, 0.0655964, -0.590568]]], "btipPosition": [-9.83204, 172.695, 139.272], "carpPosition": [-59.488, 196.247, 156.412], "dipPosition": [1.5067, 173.619, 130.946], "direction": [-0.512404, -0.68296, 0.520585], "extended": false, "handId": 103, "id": 1031, "length": 48.5221, "mcpPosition": [-6.71927, 216.794, 127.115], "pipPosition": [11.7256, 187.24, 120.564], "stabilizedTipPosition": [-7.21425, 172.459, 137.406], "timeVisible": 3.05502, "tipPosition": [-9.26821, 174.86, 138.542], "tipVelocity": [-19.0563, 666.479, -73.873], "tool": false, "touchDistance": 1, "touchZone": "none", "type": 1, "width": 16.7867}, {"bases": [[[0.484913, -0.329178, -0.810248], [0.433135, 0.895252, -0.104492], [0.759772, -0.300277, 0.576697]], [[0.456733, -0.317948, -0.830845], [-0.744453, 0.374689, -0.552628], [0.487015, 0.870929, -0.0655648]], [[0.456733, -0.317948, -0.830845], [-0.526548, -0.8494, 0.0355943], [-0.717037, 0.421223, -0.555364]], [[0.456733, -0.317948, -0.830845], [0.0836115, -0.914473, 0.395914], [-0.885666, -0.250295, -0.391086]]], "btipPosition": [-29.4957, 173.951, 133.695], "carpPosition": [-64.2463, 196.435, 146.862], "dipPosition": [-15.7632, 170.071, 127.631], "direction": [-0.717037, -0.421223, 0.555364], "extended": false, "handId": 103, "id": 1032, "length": 55.2871, "mcpPosition": [-18.3081, 214.591, 111.993], "pipPosition": [1.0606, 179.954, 114.601], "stabilizedTipPosition": [-26.2635, 172.258, 132.625], "timeVisible": 3.05502, "tipPosition": [-23.7666, 174.643, 130.852], "tipVelocity": [-51.2981, 486.221, -212.047], "tool": false, "touchDistance": 1, "touchZone": "none", "type": 2, "width": 16.4868}, {"bases": [[[0.557394, -0.436323, -0.706353], [0.490672, 0.859417, -0.143676], [0.669741, -0.266503, 0.693125]], [[0.51623, -0.419557, -0.746644], [-0.665492, 0.352248, -0.658059], [0.539097, 0.836596, -0.0973711]], [[0.51623, -0.419557, -0.746644], [-0.571957, -0.817777, 0.0640772], [-0.637473, 0.39397, -0.66213]], [[0.51623, -0.419557, -0.746644], [0.0255801, -0.863848, 0.503103], [-0.856068, -0.278816, -0.435212]]], "btipPosition": [-40.7181, 172.779, 125.593], "carpPosition": [-69.1814, 193.86, 137.787], "dipPosition": [-27.5208, 168.481, 118.884], "direction": [-0.637473, -0.39397, 0.66213], "extended": false, "handId": 103, "id": 1033, "length": 53.16, "mcpPosition": [-32.824, 208.327, 100.16], "pipPosition": [-12.9501, 177.486, 103.749], "stabilizedTipPosition": [-37.7407, 171.105, 124.186], "timeVisible": 3.05502, "tipPosition": [-33.7172, 173.035, 122.327], "tipVelocity": [48.1977, 455.982, -90.1892], "tool": false, "touchDistance": 0.900828, "touchZone": "none", "type": 3, "width": 15.6882}, {"bases": [[[0.542376, -0.600198, -0.587869], [0.628623, 0.754147, -0.189987], [0.55737, -0.266504, 0.78633]], [[0.471752, -0.563978, -0.677775], [-0.572275, 0.388942, -0.72196], [0.670785, 0.728459, -0.139266]], [[0.471752, -0.563978, -0.677775], [-0.724215, -0.686311, 0.067006], [-0.502955, 0.459244, -0.73221]], [[0.471752, -0.563978, -0.677775], [-0.173258, -0.812992, 0.5559], [-0.864542, -0.144817, -0.481244]]], "btipPosition": [-46.2108, 171.979, 113.29], "carpPosition": [-73.3775, 185.191, 130.081], "dipPosition": [-33.9152, 169.919, 106.446], "direction": [-0.502955, -0.459244, 0.73221], "extended": false, "handId": 103, "id": 1034, "length": 41.6764, "mcpPosition": [-45.3686, 198.583, 90.5665], "pipPosition": [-25.7986, 177.33, 94.6296], "stabilizedTipPosition": [-43.5043, 170.553, 111.918], "timeVisible": 3.05502, "tipPosition": [-39.6051, 173.661, 107.632], "tipVelocity": [61.9977, 418.472, -94.0678], "tool": false, "touchDistance": 0.695268, "touchZone": "none", "type": 4, "width": 13.9355}], "r": [[0.750009, -0.273087, 0.60242], [-0.161982, 0.807218, 0.567592], [-0.641287, -0.52328, 0.561186]], "s": 0.562458, "t": [10.4487, 56.5642, -24.3409], "timestamp": 629889724910}, {"currentFrameRate": 55.3361, "devices": [], "gestures": [], "hands": [{"armBasis": [[0.376261, -0.120895, -0.918592], [0.60746, 0.780807, 0.146058], [0.699586, -0.612964, 0.367226]], "armWidth": 55.2759, "confidence": 1, "direction": [0.666662, 0.473833, -0.575364], "elbow": [-246.945, 33.6744, 235.107], "grabAngle": 3.14159, "grabStrength": 1, "id": 103, "palmNormal": [0.531885, -0.843205, -0.0781251], "palmPosition": [-33.7181, 208.051, 118.446], "palmVelocity": [-46.1763, 369.923, -220.116], "palmWidth": 78.8548, "pinchDistance": 27.5152, "pinchStrength": 0.409807, "r": [[0.745383, -0.293373, 0.598612], [-0.119452, 0.824648, 0.55289], [-0.655847, -0.48362, 0.579634]], "s": 0.55661, "sphereCenter": [-8.25071, 187.447, 107.277], "sphereRadius": 34.1246, "stabilizedPalmPosition": [-33.6303, 207.378, 118.828], "t": [-11.5477, 63.8177, -27.2259], "timeVisible": 3.07296, "type": "left", "wrist": [-83.2482, 177.102, 149.18]}], "id": 38269, "interactionBox": {"center": [0, 200, 0], "size": [235.247, 235.247, 147.751]}, "pointables": [{"bases": [[[0.555764, 0.744459, -0.37001], [0.0778036, 0.396546, 0.914712], [0.827691, -0.537152, 0.162464]], [[0.248431, 0.88084, -0.402993], [0.0380096, 0.40685, 0.912704], [0.967904, -0.242061, 0.0675937]], [[0.248431, 0.88084, -0.402993], [-0.159946, 0.447627, 0.879799], [0.955353, -0.154112, 0.252091]], [[0.248431, 0.88084, -0.402993], [-0.337624, 0.468687, 0.816298], [0.907905, -0.0667333, 0.413829]]], "btipPosition": [31.8243, 200.429, 143.369], "carpPosition": [-54.4556, 184.333, 161.376], "dipPosition": [14.2924, 199.14, 151.36], "direction": [0.955353, 0.154112, -0.252091], "extended": true, "handId": 103, "id": 1030, "length": 43.0013, "mcpPosition": [-54.4556, 184.333, 161.376], "pipPosition": [-12.5839, 194.804, 158.452], "stabilizedTipPosition": [27.8185, 199.792, 145.285], "timeVisible": 3.07296, "tipPosition": [26.9581, 203.786, 146.995], "tipVelocity": [-43.3359, 550.582, -132.284], "tool": false, "touchDistance": 1, "touchZone": "none", "type": 0, "width": 17.574}, {"bases": [[[0.402821, -0.170782, -0.899204], [0.415506, 0.909492, 0.0134006], [0.81553, -0.379023, 0.437